seed,t,src,dst,dist_m,rssi_level,rssi_slope,rssi_n,beacon_ratio,retry_rate,tx_attempts,trials_probe,fails_probe,trials_cbr,fails_cbr,trials_future,fails_future,pdr_future
4,4.0000,0,1,649.4693,-86.5664,-0.5940,25,0.6250,0.4000,5,8,6,0,0,8,6,0.2500
4,4.0000,0,2,538.0852,-85.3416,0.5726,29,0.7250,0.7143,7,6,3,0,0,6,3,0.5000
4,4.0000,0,3,394.6553,-84.8440,-0.1338,34,0.8500,0.6667,6,4,0,0,0,4,0,1.0000
4,4.0000,0,6,1025.6147,-89.2511,0.4494,4,0.1000,1.0000,8,8,8,0,0,8,8,0.0000
4,4.0000,0,9,432.7341,-84.3770,-0.2498,36,0.9000,0.2000,5,5,2,0,0,5,2,0.6000
4,4.0000,0,13,848.7984,-88.1048,-0.5023,8,0.2000,0.7143,7,7,5,0,0,7,5,0.2857
4,4.0000,0,17,378.7384,-84.4589,0.2693,38,0.9500,0.0000,4,4,0,0,0,4,0,1.0000
4,4.0000,0,18,439.9031,-84.7671,0.0549,34,0.8500,0.6667,6,7,4,0,0,7,4,0.4286
4,4.0000,0,21,755.1343,-88.7106,-0.0134,12,0.3000,0.4000,5,7,5,0,0,7,5,0.2857
4,4.0000,1,0,649.4693,-86.6522,0.4851,23,0.5750,0.2000,5,7,5,0,0,7,5,0.2857
4,4.0000,1,2,563.7004,-86.9884,0.3217,25,0.6250,0.3333,6,6,3,0,0,6,3,0.5000
4,4.0000,1,3,374.7318,-82.6054,0.1616,36,0.9000,0.2000,5,4,0,0,0,4,0,1.0000
4,4.0000,1,6,394.5695,-84.7601,0.3595,31,0.7750,0.4000,5,5,1,0,0,5,1,0.8000
4,4.0000,1,9,629.9386,-87.2509,-0.0801,23,0.5750,0.4000,5,8,8,0,0,8,8,0.0000
4,4.0000,1,12,774.4626,-88.7124,-0.5018,10,0.2500,0.8571,7,8,8,0,0,8,8,0.0000
4,4.0000,1,13,566.0997,-86.9410,0.4607,23,0.5750,0.8889,9,5,2,0,0,5,2,0.6000
4,4.0000,1,17,641.4302,-87.3354,-0.3935,26,0.6500,0.7143,7,6,4,29,23,35,27,0.2286
4,4.0000,1,18,525.0200,-85.7408,0.2236,27,0.6750,0.3333,6,4,0,0,0,4,0,1.0000
4,4.0000,1,19,475.7838,-84.8421,-0.8922,34,0.8500,0.0000,4,4,0,0,0,4,0,1.0000
4,4.0000,1,21,458.9944,-83.1229,-1.0091,37,0.9250,0.0000,4,6,3,0,0,6,3,0.5000
4,4.0000,1,22,587.4994,-87.4096,0.5566,19,0.4750,0.7143,7,6,3,0,0,6,3,0.5000
4,4.0000,2,0,538.0852,-85.8635,-0.1863,31,0.7750,0.4000,5,6,4,0,0,6,4,0.3333
4,4.0000,2,1,563.7004,-87.2967,0.3626,31,0.7750,0.5000,6,6,3,0,0,6,3,0.5000
4,4.0000,2,3,451.6175,-85.9366,0.3949,32,0.8000,0.4286,7,6,2,0,0,6,2,0.6667
4,4.0000,2,6,862.4647,-88.6486,0.3097,14,0.3500,1.0000,6,9,8,0,0,9,8,0.1111
4,4.0000,2,9,790.4423,-87.7788,-0.6805,13,0.3250,1.0000,8,8,7,0,0,8,7,0.1250
4,4.0000,2,10,921.6442,-88.5241,0.2315,9,0.2250,0.8750,8,8,8,0,0,8,8,0.0000
4,4.0000,2,12,567.2712,-86.1176,0.3060,28,0.7000,0.4000,5,8,7,0,0,8,7,0.1250
4,4.0000,2,13,401.2312,-84.2398,-0.1477,36,0.9000,0.0000,4,5,1,0,0,5,1,0.8000
4,4.0000,2,17,810.7892,-88.2801,0.1529,15,0.3750,1.0000,8,8,6,0,0,8,6,0.2500
4,4.0000,2,18,456.6213,-85.2637,0.0111,35,0.8750,0.4000,5,5,2,0,0,5,2,0.6000
4,4.0000,2,19,1011.2343,-89.4995,-0.0488,5,0.1250,,0,6,6,0,0,6,6,0.0000
4,4.0000,2,21,935.9543,-89.0980,-0.1031,9,0.2250,1.0000,6,8,8,0,0,8,8,0.0000
4,4.0000,2,22,585.6134,-87.5669,-0.0611,26,0.6500,0.7143,7,6,2,0,0,6,2,0.6667
4,4.0000,3,0,394.6553,-84.7953,-0.1557,33,0.8250,0.2000,5,5,2,0,0,5,2,0.6000
4,4.0000,3,1,374.7318,-81.9371,0.2034,35,0.8750,0.0000,4,6,3,0,0,6,3,0.5000
4,4.0000,3,2,451.6175,-85.3110,-0.1960,35,0.8750,0.4000,5,5,2,0,0,5,2,0.6000
4,4.0000,3,6,765.5637,-87.6300,-0.3569,14,0.3500,0.8750,8,7,6,0,0,7,6,0.1429
4,4.0000,3,9,610.6976,-87.2540,-0.1001,28,0.7000,0.7143,7,9,6,0,0,9,6,0.3333
4,4.0000,3,10,1071.4793,-89.1832,-0.2848,6,0.1500,1.0000,8,4,4,0,0,4,4,0.0000
4,4.0000,3,12,864.8863,-88.5738,-0.4861,15,0.3750,1.0000,8,8,8,0,0,8,8,0.0000
4,4.0000,3,13,565.4314,-85.8457,0.5440,30,0.7500,0.5000,6,6,3,5,3,11,6,0.4545
4,4.0000,3,17,438.8260,-85.7938,0.3739,34,0.8500,0.4000,5,4,0,0,0,4,0,1.0000
4,4.0000,3,18,171.9822,-76.2635,0.0129,38,0.9500,0.0000,3,4,0,0,0,4,0,1.0000
4,4.0000,3,19,790.8415,-87.8382,0.0655,20,0.5000,0.4000,5,8,7,0,0,8,7,0.1250
4,4.0000,3,21,648.8240,-86.9527,-0.1424,30,0.7500,0.4000,5,7,6,0,0,7,6,0.1429
4,4.0000,3,22,675.1207,-87.9025,0.5268,16,0.4000,0.8750,8,6,3,0,0,6,3,0.5000
4,4.0000,4,5,1004.5035,-88.9101,1.5216,5,0.1250,1.0000,8,7,6,0,0,7,6,0.1429
4,4.0000,4,8,387.1476,-82.7079,-0.8356,38,0.9500,0.0000,4,4,0,0,0,4,0,1.0000
4,4.0000,4,11,805.2240,-87.8976,0.5712,16,0.4000,0.8571,7,8,7,0,0,8,7,0.1250
4,4.0000,4,14,681.0218,-86.5824,0.1936,25,0.6250,0.6250,8,7,5,0,0,7,5,0.2857
4,4.0000,4,16,454.4141,-84.9324,-0.0441,32,0.8000,0.2000,5,6,4,0,0,6,4,0.3333
4,4.0000,4,23,626.1339,-85.8976,-0.4543,29,0.7250,0.7143,7,6,4,0,0,6,4,0.3333
4,4.0000,4,24,875.4633,-88.6124,0.1028,13,0.3250,1.0000,8,7,6,0,0,7,6,0.1429
4,4.0000,4,25,749.1832,-87.4346,0.2532,13,0.3250,0.8000,5,8,5,0,0,8,5,0.3750
4,4.0000,5,4,1004.5035,-89.0219,-0.2925,6,0.1500,1.0000,8,6,6,0,0,6,6,0.0000
4,4.0000,5,7,472.4594,-85.4258,-0.5370,37,0.9250,0.6667,6,7,3,0,0,7,3,0.5714
4,4.0000,5,8,636.6894,-87.2450,0.1832,26,0.6500,0.8571,7,7,6,0,0,7,6,0.1429
4,4.0000,5,10,674.0457,-87.0173,0.0013,17,0.4250,1.0000,6,6,4,0,0,6,4,0.3333
4,4.0000,5,11,573.3994,-87.0803,0.0420,24,0.6000,0.3333,6,7,3,0,0,7,3,0.5714
4,4.0000,5,14,354.6305,-84.5334,0.6259,34,0.8500,0.3333,6,5,1,0,0,5,1,0.8000
4,4.0000,5,15,545.0182,-87.0192,0.0178,25,0.6250,0.5714,7,7,3,0,0,7,3,0.5714
4,4.0000,5,16,810.2130,-88.5254,-0.0119,9,0.2250,1.0000,8,7,4,0,0,7,4,0.4286
4,4.0000,5,20,370.3552,-84.0825,1.1945,34,0.8500,0.6667,6,5,1,0,0,5,1,0.8000
4,4.0000,5,22,904.6185,-88.2727,0.5437,9,0.2250,1.0000,8,6,6,0,0,6,6,0.0000
4,4.0000,5,23,464.1372,-85.9393,0.3244,32,0.8000,0.5000,6,5,2,0,0,5,2,0.6000
4,4.0000,5,24,311.2566,-81.2983,0.5744,37,0.9250,0.0000,4,5,1,0,0,5,1,0.8000
4,4.0000,5,25,298.9673,-80.1313,0.0785,36,0.9000,0.2000,5,4,0,20,7,24,7,0.7083
4,4.0000,6,1,394.5695,-84.9837,0.2079,37,0.9250,0.4000,5,6,3,33,21,39,24,0.3846
4,4.0000,6,2,862.4647,-88.7097,0.4828,8,0.2000,1.0000,6,8,8,0,0,8,8,0.0000
4,4.0000,6,3,765.5637,-87.6013,-0.2122,18,0.4500,0.6667,6,7,6,0,0,7,6,0.1429
4,4.0000,6,5,1122.2486,-89.2146,-0.0718,3,0.0750,1.0000,8,2,2,0,0,2,2,0.0000
4,4.0000,6,7,862.1290,-87.5034,0.4179,7,0.1750,1.0000,8,6,5,0,0,6,5,0.1667
4,4.0000,6,9,900.6630,-88.6292,0.2236,7,0.1750,1.0000,6,8,8,0,0,8,8,0.0000
4,4.0000,6,10,1011.9358,-88.8231,-0.6264,3,0.0750,1.0000,8,8,8,0,0,8,8,0.0000
4,4.0000,6,12,836.2801,-88.2867,0.6266,7,0.1750,0.8750,8,8,8,0,0,8,8,0.0000
4,4.0000,6,13,756.5775,-88.6344,-0.0260,11,0.2750,1.0000,8,8,7,0,0,8,7,0.1250
4,4.0000,6,17,991.1210,-89.0105,-0.0427,6,0.1500,1.0000,4,6,6,0,0,6,6,0.0000
4,4.0000,6,18,903.9702,-88.6988,0.0750,14,0.3500,1.0000,8,8,8,0,0,8,8,0.0000
4,4.0000,6,19,286.4504,-80.3902,-0.0000,39,0.9750,0.0000,4,4,0,0,0,4,0,1.0000
4,4.0000,6,21,581.2186,-86.6596,-0.5277,33,0.8250,0.5714,7,8,7,0,0,8,7,0.1250
4,4.0000,6,22,679.9962,-87.0679,0.1489,18,0.4500,0.5000,6,7,5,0,0,7,5,0.2857
4,4.0000,7,5,472.4594,-84.9632,0.1341,31,0.7750,0.5000,4,7,5,0,0,7,5,0.2857
4,4.0000,7,6,862.1290,-88.4803,-0.0493,11,0.2750,1.0000,6,8,8,0,0,8,8,0.0000
4,4.0000,7,10,931.2803,-88.8894,0.0640,3,0.0750,1.0000,6,8,8,0,0,8,8,0.0000
4,4.0000,7,12,950.1252,-88.9151,0.1282,4,0.1000,1.0000,8,8,8,0,0,8,8,0.0000
4,4.0000,7,14,680.8208,-88.2214,0.4147,11,0.2750,1.0000,8,6,4,0,0,6,4,0.3333
4,4.0000,7,19,994.5470,-88.1759,-0.5492,3,0.0750,1.0000,8,8,8,0,0,8,8,0.0000
4,4.0000,7,20,727.6223,-87.8568,-0.5607,10,0.2500,1.0000,8,7,6,0,0,7,6,0.1429
4,4.0000,7,22,958.7307,-88.6929,-0.1794,4,0.1000,1.0000,8,8,8,0,0,8,8,0.0000
4,4.0000,7,23,740.3781,-88.0283,0.4006,16,0.4000,1.0000,8,7,6,0,0,7,6,0.1429
4,4.0000,7,24,769.0119,-88.1268,0.2932,15,0.3750,0.8750,8,8,8,0,0,8,8,0.0000
4,4.0000,7,25,529.5998,-85.7067,0.4274,24,0.6000,0.5000,6,7,5,0,0,7,5,0.2857
4,4.0000,8,4,387.1476,-82.5939,-0.2352,38,0.9500,0.0000,4,6,2,0,0,6,2,0.6667
4,4.0000,8,5,636.6894,-87.3305,-0.2323,26,0.6500,0.8750,8,5,1,0,0,5,1,0.8000
4,4.0000,8,7,938.1335,-89.4240,-0.6034,4,0.1000,1.0000,4,6,6,0,0,6,6,0.0000
4,4.0000,8,11,544.9604,-85.7387,0.6538,27,0.6750,0.2000,5,8,6,0,0,8,6,0.2500
4,4.0000,8,14,303.3722,-79.8232,-0.2872,37,0.9250,0.0000,4,4,0,0,0,4,0,1.0000
4,4.0000,8,15,830.8082,-88.7153,0.0316,10,0.2500,1.0000,8,8,8,0,0,8,8,0.0000
4,4.0000,8,16,302.7908,-82.7764,0.6542,39,0.9750,0.0000,4,4,0,0,0,4,0,1.0000
4,4.0000,8,20,863.6879,-88.6934,0.6318,8,0.2000,0.8750,8,6,4,0,0,6,4,0.3333
4,4.0000,8,23,268.1414,-78.3688,-0.6374,37,0.9250,0.0000,4,4,0,0,0,4,0,1.0000
4,4.0000,8,24,495.4305,-85.2411,0.2506,27,0.6750,0.6250,8,4,0,0,0,4,0,1.0000
4,4.0000,8,25,411.4109,-84.6507,0.3367,33,0.8250,0.0000,4,5,1,0,0,5,1,0.8000
4,4.0000,9,0,432.7341,-84.8837,0.2659,36,0.9000,0.2000,5,4,0,0,0,4,0,1.0000
4,4.0000,9,1,629.9386,-86.1334,-0.6298,27,0.6750,0.5000,6,6,4,0,0,6,4,0.3333
4,4.0000,9,2,790.4423,-88.1700,0.3353,15,0.3750,0.8000,5,8,7,0,0,8,7,0.1250
4,4.0000,9,3,610.6976,-87.3825,0.4636,29,0.7250,0.6667,6,7,4,0,0,7,4,0.4286
4,4.0000,9,6,900.6630,-88.7910,0.0789,8,0.2000,1.0000,6,8,7,0,0,8,7,0.1250
4,4.0000,9,17,430.7946,-84.1131,-0.2214,36,0.9000,0.0000,4,3,0,0,0,3,0,1.0000
4,4.0000,9,18,746.8067,-87.7745,0.0143,17,0.4250,0.7143,7,8,7,0,0,8,7,0.1250
4,4.0000,9,19,976.8656,-89.1518,0.1025,4,0.1000,1.0000,6,6,6,0,0,6,6,0.0000
4,4.0000,9,21,481.2819,-85.9488,0.0984,32,0.8000,0.4000,5,4,0,0,0,4,0,1.0000
4,4.0000,10,1,999.3511,-89.2705,-1.0940,4,0.1000,0.8000,5,7,6,0,0,7,6,0.1429
4,4.0000,10,2,921.6442,-88.6770,0.0552,10,0.2500,0.8000,5,8,8,0,0,8,8,0.0000
4,4.0000,10,3,1071.4793,-88.9387,0.1118,4,0.1000,1.0000,8,4,4,0,0,4,4,0.0000
4,4.0000,10,5,674.0457,-87.6533,-0.0753,19,0.4750,0.8571,7,7,5,0,0,7,5,0.2857
4,4.0000,10,6,1011.9358,-88.5998,0.1345,7,0.1750,0.8750,8,4,4,0,0,4,4,0.0000
4,4.0000,10,7,931.2803,-88.7748,0.2334,8,0.2000,1.0000,4,8,8,0,0,8,8,0.0000
4,4.0000,10,11,952.4951,-89.0891,0.2250,4,0.1000,1.0000,4,8,8,0,0,8,8,0.0000
4,4.0000,10,12,480.7982,-84.6030,-0.3360,31,0.7750,0.0000,4,5,2,6,6,11,8,0.2727
4,4.0000,10,13,540.3345,-85.6032,-0.2335,33,0.8250,0.5000,6,6,3,37,35,43,38,0.1163
4,4.0000,10,14,954.2859,-89.4693,0.0415,7,0.1750,0.6667,3,6,6,0,0,6,6,0.0000
4,4.0000,10,15,501.8269,-86.5219,0.4916,27,0.6750,0.5714,7,5,1,0,0,5,1,0.8000
4,4.0000,10,18,1044.9646,-89.5419,0.5530,5,0.1250,1.0000,8,2,2,0,0,2,2,0.0000
4,4.0000,10,19,1091.7563,-89.4595,0.0671,3,0.0750,1.0000,6,6,6,0,0,6,6,0.0000
4,4.0000,10,20,509.1691,-85.1686,-0.4486,34,0.8500,0.2000,5,4,0,0,0,4,0,1.0000
4,4.0000,10,22,417.0775,-82.8185,-1.5612,35,0.8750,0.5000,6,4,0,30,29,34,29,0.1471
4,4.0000,10,24,723.1503,-87.9450,-0.1292,19,0.4750,0.6667,6,7,5,0,0,7,5,0.2857
4,4.0000,10,25,963.4390,-89.1073,0.0687,3,0.0750,1.0000,8,8,8,0,0,8,8,0.0000
4,4.0000,11,4,805.2240,-88.1972,-0.1620,16,0.4000,0.8750,8,8,7,0,0,8,7,0.1250
4,4.0000,11,5,573.3994,-86.9262,0.2223,24,0.6000,0.2000,5,5,1,0,0,5,1,0.8000
4,4.0000,11,7,990.8064,-88.9358,-0.4829,3,0.0750,1.0000,2,8,8,0,0,8,8,0.0000
4,4.0000,11,8,544.9604,-86.3471,0.1599,30,0.7500,0.0000,4,7,5,0,0,7,5,0.2857
4,4.0000,11,10,952.4951,-89.3164,0.9990,3,0.0750,1.0000,8,8,8,0,0,8,8,0.0000
4,4.0000,11,14,532.2652,-86.7361,0.3967,31,0.7750,0.3333,6,6,4,0,0,6,4,0.3333
4,4.0000,11,15,572.0892,-86.0602,-0.5733,25,0.6250,0.4000,5,6,4,0,0,6,4,0.3333
4,4.0000,11,16,527.8546,-86.2054,0.1497,35,0.8750,0.4286,7,7,4,0,0,7,4,0.4286
4,4.0000,11,20,519.9102,-86.3909,0.8901,21,0.5250,0.5000,6,6,2,0,0,6,2,0.6667
4,4.0000,11,23,626.6411,-86.5217,0.0589,26,0.6500,0.7500,8,5,1,0,0,5,1,0.8000
4,4.0000,11,24,427.8967,-85.2548,0.4726,31,0.7750,0.0000,3,4,0,0,0,4,0,1.0000
4,4.0000,11,25,590.3205,-86.1809,-0.0947,27,0.6750,0.6667,6,4,0,0,0,4,0,1.0000
4,4.0000,12,0,1086.1648,-88.8867,-0.6103,4,0.1000,1.0000,4,4,4,0,0,4,4,0.0000
4,4.0000,12,1,774.4626,-88.7107,-0.2490,14,0.3500,1.0000,8,6,3,0,0,6,3,0.5000
4,4.0000,12,2,567.2712,-86.4499,0.1979,32,0.8000,0.4000,5,7,4,0,0,7,4,0.4286
4,4.0000,12,3,864.8863,-88.9483,-0.0605,11,0.2750,1.0000,6,8,8,0,0,8,8,0.0000
4,4.0000,12,5,889.6169,-88.2023,-0.1372,8,0.2000,1.0000,4,8,8,0,0,8,8,0.0000
4,4.0000,12,6,836.2801,-88.3136,0.3011,14,0.3500,0.8333,6,8,8,0,0,8,8,0.0000
4,4.0000,12,7,950.1252,-88.7765,-0.0732,14,0.3500,1.0000,6,6,6,0,0,6,6,0.0000
4,4.0000,12,10,480.7982,-84.1153,-0.4319,38,0.9500,0.5000,6,6,3,0,0,6,3,0.5000
4,4.0000,12,13,345.2795,-82.3022,-0.5165,39,0.9750,0.0000,4,5,1,0,0,5,1,0.8000
4,4.0000,12,15,923.5007,-88.9427,0.1468,7,0.1750,1.0000,4,8,8,0,0,8,8,0.0000
4,4.0000,12,18,873.8499,-88.7273,0.4803,11,0.2750,1.0000,8,7,6,0,0,7,6,0.1429
4,4.0000,12,19,1019.5836,-88.7541,1.2606,5,0.1250,,0,4,3,0,0,4,3,0.2500
4,4.0000,12,20,692.6472,-86.5250,-0.3985,23,0.5750,0.8750,8,8,7,0,0,8,7,0.1250
4,4.0000,12,22,361.3551,-83.5199,-0.2189,35,0.8750,0.5714,7,4,0,0,0,4,0,1.0000
4,4.0000,13,0,848.7984,-88.6612,-0.5745,11,0.2750,1.0000,6,8,8,0,0,8,8,0.0000
4,4.0000,13,1,566.0997,-86.9830,0.3557,24,0.6000,0.6000,5,6,2,0,0,6,2,0.6667
4,4.0000,13,2,401.2312,-84.6620,0.4962,37,0.9250,0.2000,5,6,2,0,0,6,2,0.6667
4,4.0000,13,3,565.4314,-86.2037,0.7578,25,0.6250,0.4000,5,4,2,18,14,22,16,0.2727
4,4.0000,13,6,756.5775,-88.4159,0.2112,14,0.3500,1.0000,6,8,8,0,0,8,8,0.0000
4,4.0000,13,10,540.3345,-85.0809,-0.5828,34,0.8500,0.0000,4,7,5,0,0,7,5,0.2857
4,4.0000,13,12,345.2795,-82.7155,0.6173,34,0.8500,0.4000,5,4,0,0,0,4,0,1.0000
4,4.0000,13,15,1041.7798,-89.7448,0.2245,3,0.0750,1.0000,6,6,6,0,0,6,6,0.0000
4,4.0000,13,17,1002.1709,-88.9996,0.4213,5,0.1250,1.0000,4,6,6,0,0,6,6,0.0000
4,4.0000,13,18,552.4993,-85.9763,-0.0702,34,0.8500,0.6667,6,6,3,0,0,6,3,0.5000
4,4.0000,13,19,867.7632,-88.4555,0.2855,10,0.2500,1.0000,6,7,6,0,0,7,6,0.1429
4,4.0000,13,20,936.6682,-88.7828,-0.5467,5,0.1250,1.0000,8,4,4,0,0,4,4,0.0000
4,4.0000,13,22,201.6183,-78.6996,0.9671,37,0.9250,0.0000,4,4,0,0,0,4,0,1.0000
4,4.0000,14,4,681.0218,-86.8115,-0.0167,25,0.6250,0.5714,7,8,7,0,0,8,7,0.1250
4,4.0000,14,5,354.6305,-84.0003,0.3102,34,0.8500,0.0000,4,4,0,0,0,4,0,1.0000
4,4.0000,14,7,680.8208,-87.5149,0.1344,16,0.4000,0.8000,5,8,7,0,0,8,7,0.1250
4,4.0000,14,8,303.3722,-81.0088,-0.4027,37,0.9250,0.0000,4,4,0,0,0,4,0,1.0000
4,4.0000,14,10,954.2859,-88.3165,-0.6672,3,0.0750,1.0000,6,8,7,0,0,8,7,0.1250
4,4.0000,14,11,532.2652,-87.1800,0.4685,30,0.7500,0.7143,7,7,6,0,0,7,6,0.1429
4,4.0000,14,15,651.4591,-87.1929,0.3875,24,0.6000,0.4000,5,8,6,0,0,8,6,0.2500
4,4.0000,14,16,518.9639,-86.4984,0.3635,26,0.6500,0.5000,6,7,4,0,0,7,4,0.4286
4,4.0000,14,20,646.2953,-87.4964,-0.0961,20,0.5000,0.8333,6,5,2,0,0,5,2,0.6000
4,4.0000,14,23,124.8748,-71.0494,0.0847,39,0.9750,0.0000,4,6,2,0,0,6,2,0.6667
4,4.0000,14,24,286.7759,-82.4311,0.8907,37,0.9250,0.2000,5,4,0,0,0,4,0,1.0000
4,4.0000,14,25,176.4366,-77.1110,1.0632,38,0.9500,0.0000,4,4,0,8,0,12,0,1.0000
4,4.0000,15,5,545.0182,-87.1177,-0.0398,26,0.6667,0.5000,4,6,3,0,0,6,3,0.5000
4,4.0000,15,8,830.8082,-88.3511,0.2186,13,0.3333,1.0000,8,8,6,0,0,8,6,0.2500
4,4.0000,15,10,501.8269,-86.1649,0.0205,23,0.5897,0.7143,7,5,2,0,0,5,2,0.6000
4,4.0000,15,11,572.0892,-86.3082,-0.2882,32,0.8205,0.4000,5,5,1,0,0,5,1,0.8000
4,4.0000,15,12,923.5007,-88.6105,-0.9933,4,0.1026,1.0000,6,8,8,0,0,8,8,0.0000
4,4.0000,15,14,651.4591,-87.4078,0.6135,17,0.4359,0.6667,6,7,5,0,0,7,5,0.2857
4,4.0000,15,16,802.3098,-87.9649,0.4149,17,0.4359,0.6667,6,6,4,0,0,6,4,0.3333
4,4.0000,15,20,442.7611,-84.7324,0.3324,32,0.8205,0.6667,6,5,1,0,0,5,1,0.8000
4,4.0000,15,22,902.0414,-87.8623,-1.0733,3,0.0769,1.0000,8,8,8,0,0,8,8,0.0000
4,4.0000,15,23,736.4475,-87.5341,-0.0693,18,0.4615,0.8571,7,6,5,0,0,6,5,0.1667
4,4.0000,15,24,365.6150,-82.4203,0.0091,36,0.9231,0.0000,4,4,0,0,0,4,0,1.0000
4,4.0000,15,25,739.3535,-87.6838,0.2348,14,0.3590,0.8571,7,7,4,0,0,7,4,0.4286
4,4.0000,16,4,454.4141,-84.7324,-0.3697,36,0.9231,0.5000,6,4,0,0,0,4,0,1.0000
4,4.0000,16,5,810.2130,-88.6669,0.4444,13,0.3333,1.0000,8,5,3,0,0,5,3,0.4000
4,4.0000,16,8,302.7908,-83.6617,0.6644,36,0.9231,0.2000,5,4,0,0,0,4,0,1.0000
4,4.0000,16,11,527.8546,-85.8668,0.0688,33,0.8462,0.5714,7,4,0,0,0,4,0,1.0000
4,4.0000,16,14,518.9639,-86.7449,0.2156,31,0.7949,0.6667,6,5,2,0,0,5,2,0.6000
4,4.0000,16,15,802.3098,-88.2695,0.1046,14,0.3590,0.5000,6,8,8,0,0,8,8,0.0000
4,4.0000,16,20,944.1323,-88.4590,-0.2398,5,0.1282,1.0000,6,8,8,0,0,8,8,0.0000
4,4.0000,16,23,501.3302,-85.3780,0.3621,33,0.8462,0.4000,5,3,0,0,0,3,0,1.0000
4,4.0000,16,24,567.1090,-87.1537,0.2761,26,0.6667,0.5000,4,4,0,0,0,4,0,1.0000
4,4.0000,16,25,664.6857,-88.2047,-0.1007,20,0.5128,1.0000,8,6,4,0,0,6,4,0.3333
4,4.0000,17,0,378.7384,-83.4901,0.2132,36,0.9000,0.0000,4,4,0,0,0,4,0,1.0000
4,4.0000,17,1,641.4302,-87.1271,0.1938,23,0.5750,0.5000,6,5,2,0,0,5,2,0.6000
4,4.0000,17,2,810.7892,-88.5742,0.3499,14,0.3500,1.0000,8,7,6,0,0,7,6,0.1429
4,4.0000,17,3,438.8260,-85.8996,0.8404,31,0.7750,0.5000,6,7,4,0,0,7,4,0.4286
4,4.0000,17,9,430.7946,-84.0551,-0.0409,35,0.8750,0.0000,4,5,2,0,0,5,2,0.6000
4,4.0000,17,18,521.9975,-85.8403,0.8160,31,0.7750,0.7143,7,4,0,0,0,4,0,1.0000
4,4.0000,17,19,966.0834,-88.6306,-0.0612,4,0.1000,1.0000,4,8,8,0,0,8,8,0.0000
4,4.0000,17,21,573.6525,-86.9414,0.0689,26,0.6500,0.8000,5,5,1,0,0,5,1,0.8000
4,4.0000,17,22,1101.6664,-89.2975,-0.3437,4,0.1000,1.0000,6,6,6,0,0,6,6,0.0000
4,4.0000,18,0,439.9031,-84.4308,0.2782,36,0.9000,0.4000,5,5,2,0,0,5,2,0.6000
4,4.0000,18,1,525.0200,-85.8252,0.4857,31,0.7750,0.3333,6,5,1,0,0,5,1,0.8000
4,4.0000,18,2,456.6213,-84.7771,0.8416,36,0.9000,0.5000,6,5,1,0,0,5,1,0.8000
4,4.0000,18,3,171.9822,-76.6780,0.4162,38,0.9500,0.0000,4,4,0,0,0,4,0,1.0000
4,4.0000,18,6,903.9702,-89.0123,-0.1121,12,0.3000,1.0000,8,4,4,0,0,4,4,0.0000
4,4.0000,18,9,746.8067,-87.9835,-0.0100,20,0.5000,0.7143,7,7,6,0,0,7,6,0.1429
4,4.0000,18,10,1044.9646,-88.7467,-0.0613,6,0.1500,1.0000,8,6,6,0,0,6,6,0.0000
4,4.0000,18,12,873.8499,-88.3078,-0.1868,11,0.2750,1.0000,8,7,6,0,0,7,6,0.1429
4,4.0000,18,13,552.4993,-86.0462,-0.5530,30,0.7500,0.0000,4,8,7,0,0,8,7,0.1250
4,4.0000,18,17,521.9975,-85.8850,-0.1385,33,0.8250,0.4000,5,5,2,0,0,5,2,0.6000
4,4.0000,18,19,919.7082,-88.7967,-0.4040,11,0.2750,0.8750,8,8,8,0,0,8,8,0.0000
4,4.0000,18,21,815.4476,-87.8335,-0.1708,13,0.3250,0.8750,8,8,8,0,0,8,8,0.0000
4,4.0000,18,22,682.7976,-87.6030,0.0851,23,0.5750,0.5000,6,6,4,0,0,6,4,0.3333
4,4.0000,19,1,475.7838,-85.6592,-0.4232,33,0.8250,0.0000,4,6,3,0,0,6,3,0.5000
4,4.0000,19,3,790.8415,-87.9101,0.1164,19,0.4750,0.6667,6,8,8,0,0,8,8,0.0000
4,4.0000,19,6,286.4504,-79.9328,-0.3668,39,0.9750,0.0000,4,5,1,0,0,5,1,0.8000
4,4.0000,19,7,994.5470,-88.7136,-0.1228,6,0.1500,0.8333,6,6,6,0,0,6,6,0.0000
4,4.0000,19,9,976.8656,-88.8321,-0.5616,3,0.0750,1.0000,6,8,8,0,0,8,8,0.0000
4,4.0000,19,10,1091.7563,-89.0929,-0.7311,5,0.1250,1.0000,6,4,4,0,0,4,4,0.0000
4,4.0000,19,13,867.7632,-88.6914,0.0902,6,0.1500,1.0000,8,8,8,0,0,8,8,0.0000
4,4.0000,19,17,966.0834,-88.7551,-1.0653,5,0.1250,1.0000,8,8,8,0,0,8,8,0.0000
4,4.0000,19,18,919.7082,-88.2004,-0.5332,11,0.2750,1.0000,8,6,6,0,0,6,6,0.0000
4,4.0000,19,21,564.4766,-86.3266,0.0955,31,0.7750,0.0000,3,6,2,0,0,6,2,0.6667
4,4.0000,19,22,772.4828,-87.7523,0.1093,17,0.4250,0.7500,8,8,6,0,0,8,6,0.2500
4,4.0000,20,5,370.3552,-84.5049,0.0230,34,0.8293,0.6667,6,5,1,22,8,27,9,0.6667
4,4.0000,20,7,727.6223,-87.4583,0.1883,14,0.3415,0.8750,8,6,3,0,0,6,3,0.5000
4,4.0000,20,8,863.6879,-88.3237,0.5864,9,0.2195,1.0000,6,8,8,0,0,8,8,0.0000
4,4.0000,20,10,509.1691,-85.4991,0.0593,27,0.6585,0.4000,5,6,2,0,0,6,2,0.6667
4,4.0000,20,11,519.9102,-86.0718,0.1656,27,0.6585,0.6667,6,7,3,0,0,7,3,0.5714
4,4.0000,20,12,692.6472,-87.2604,-0.2879,23,0.5610,0.5000,6,8,8,0,0,8,8,0.0000
4,4.0000,20,13,936.6682,-88.3843,-0.3331,8,0.1951,1.0000,6,8,8,0,0,8,8,0.0000
4,4.0000,20,14,646.2953,-87.9257,-0.0663,12,0.2927,0.8750,8,8,7,37,33,45,40,0.1111
4,4.0000,20,15,442.7611,-84.9906,0.3646,30,0.7317,0.0000,4,4,0,0,0,4,0,1.0000
4,4.0000,20,16,944.1323,-88.8483,0.4311,4,0.0976,1.0000,6,6,6,0,0,6,6,0.0000
4,4.0000,20,22,813.9285,-87.8156,-0.0025,23,0.5610,1.0000,6,8,7,0,0,8,7,0.1250
4,4.0000,20,23,768.2097,-88.6127,0.0252,11,0.2683,0.6667,6,6,3,0,0,6,3,0.5000
4,4.0000,20,24,457.2411,-84.5959,0.1898,30,0.7317,0.0000,4,6,2,4,2,10,4,0.6000
4,4.0000,20,25,625.9544,-86.9841,-0.2444,21,0.5122,0.8750,8,6,2,0,0,6,2,0.6667
4,4.0000,21,0,755.1343,-88.3235,-0.2211,17,0.4250,0.8333,6,8,8,0,0,8,8,0.0000
4,4.0000,21,1,458.9944,-83.0385,-0.8477,36,0.9000,0.5000,6,6,4,0,0,6,4,0.3333
4,4.0000,21,2,935.9543,-88.8530,-0.0550,7,0.1750,1.0000,6,8,8,0,0,8,8,0.0000
4,4.0000,21,3,648.8240,-86.6674,0.0531,32,0.8000,0.5000,4,8,5,72,72,80,77,0.0375
4,4.0000,21,6,581.2186,-86.7482,0.1629,31,0.7750,0.8571,7,6,4,0,0,6,4,0.3333
4,4.0000,21,9,481.2819,-86.0226,0.3973,32,0.8000,0.0000,4,4,0,0,0,4,0,1.0000
4,4.0000,21,13,1022.6535,-88.5781,0.2711,4,0.1000,,0,6,6,0,0,6,6,0.0000
4,4.0000,21,17,573.6525,-87.1510,0.3685,27,0.6750,0.6667,6,4,0,0,0,4,0,1.0000
4,4.0000,21,18,815.4476,-88.1350,0.1014,18,0.4500,0.8571,7,7,6,0,0,7,6,0.1429
4,4.0000,21,19,564.4766,-86.1768,-0.3104,28,0.7000,0.4000,5,7,5,0,0,7,5,0.2857
4,4.0000,21,22,1039.5081,-89.1459,-0.5217,3,0.0750,1.0000,6,8,8,0,0,8,8,0.0000
4,4.0000,22,0,1000.6824,-88.7820,0.2283,7,0.1750,1.0000,4,6,6,0,0,6,6,0.0000
4,4.0000,22,1,587.4994,-87.2976,0.1955,18,0.4500,0.3333,6,6,2,0,0,6,2,0.6667
4,4.0000,22,2,585.6134,-87.0052,-0.1805,20,0.5000,0.2000,5,7,4,0,0,7,4,0.4286
4,4.0000,22,3,675.1207,-87.8016,-0.4597,25,0.6250,0.7143,7,8,6,4,4,12,10,0.1667
4,4.0000,22,5,904.6185,-87.9601,0.0961,13,0.3250,0.8571,7,8,8,0,0,8,8,0.0000
4,4.0000,22,6,679.9962,-87.5985,0.3352,22,0.5500,0.7500,8,8,7,0,0,8,7,0.1250
4,4.0000,22,7,958.7307,-88.8928,0.0006,4,0.1000,1.0000,6,8,8,0,0,8,8,0.0000
4,4.0000,22,10,417.0775,-82.8553,-1.7648,36,0.9000,0.0000,4,5,2,0,0,5,2,0.6000
4,4.0000,22,12,361.3551,-82.5354,0.5544,39,0.9750,0.4000,5,4,0,0,0,4,0,1.0000
4,4.0000,22,13,201.6183,-79.5870,0.8994,39,0.9750,0.0000,4,5,1,0,0,5,1,0.8000
4,4.0000,22,15,902.0414,-88.7102,0.3453,8,0.2000,1.0000,4,8,8,0,0,8,8,0.0000
4,4.0000,22,17,1101.6664,-88.7263,0.3686,4,0.1000,1.0000,6,8,8,0,0,8,8,0.0000
4,4.0000,22,18,682.7976,-87.3388,0.0553,18,0.4500,0.5714,7,7,6,0,0,7,6,0.1429
4,4.0000,22,19,772.4828,-88.2198,0.3989,17,0.4250,0.7500,8,7,6,0,0,7,6,0.1429
4,4.0000,22,20,813.9285,-87.7120,0.1923,15,0.3750,1.0000,8,9,7,0,0,9,7,0.2222
4,4.0000,22,21,1039.5081,-89.5221,-0.0445,3,0.0750,1.0000,4,8,8,0,0,8,8,0.0000
4,4.0000,22,24,1049.6088,-89.3934,-0.1739,4,0.1000,1.0000,6,6,6,0,0,6,6,0.0000
4,4.0000,23,4,626.1339,-86.4583,-0.1010,26,0.6500,0.5714,7,6,3,0,0,6,3,0.5000
4,4.0000,23,5,464.1372,-85.1347,-0.2690,34,0.8500,0.5000,6,7,4,0,0,7,4,0.4286
4,4.0000,23,7,740.3781,-88.1768,0.5757,14,0.3500,0.7500,8,8,7,0,0,8,7,0.1250
4,4.0000,23,8,268.1414,-78.6252,-0.6967,38,0.9500,0.0000,4,4,0,0,0,4,0,1.0000
4,4.0000,23,11,626.6411,-86.2046,-0.4473,33,0.8250,0.7143,7,10,7,0,0,10,7,0.3000
4,4.0000,23,14,124.8748,-71.6239,-0.1278,38,0.9500,0.0000,4,5,1,0,0,5,1,0.8000
4,4.0000,23,15,736.4475,-87.5092,0.3565,21,0.5250,1.0000,8,8,8,0,0,8,8,0.0000
4,4.0000,23,16,501.3302,-85.7274,0.0205,36,0.9000,0.2000,5,5,1,0,0,5,1,0.8000
4,4.0000,23,20,768.2097,-89.0111,0.1814,11,0.2750,1.0000,8,7,6,0,0,7,6,0.1429
4,4.0000,23,24,380.7708,-83.0079,-0.3540,36,0.9000,0.4000,5,4,0,0,0,4,0,1.0000
4,4.0000,23,25,250.3954,-80.8176,1.3306,37,0.9250,0.0000,4,4,0,0,0,4,0,1.0000
4,4.0000,24,4,875.4633,-88.7479,-0.8728,8,0.2000,0.8750,8,8,8,0,0,8,8,0.0000
4,4.0000,24,5,311.2566,-81.2228,0.5153,37,0.9250,0.2000,5,4,0,0,0,4,0,1.0000
4,4.0000,24,7,769.0119,-88.2828,0.2095,18,0.4500,1.0000,6,8,8,0,0,8,8,0.0000
4,4.0000,24,8,495.4305,-85.6631,0.0487,32,0.8000,0.2000,5,5,1,0,0,5,1,0.8000
4,4.0000,24,10,723.1503,-88.0980,0.1838,21,0.5250,0.8571,7,7,5,0,0,7,5,0.2857
4,4.0000,24,11,427.8967,-84.5775,0.4237,37,0.9250,0.2000,5,5,2,0,0,5,2,0.6000
4,4.0000,24,14,286.7759,-82.1727,0.5980,37,0.9250,0.0000,5,5,1,0,0,5,1,0.8000
4,4.0000,24,15,365.6150,-81.8168,-0.1793,39,0.9750,0.0000,4,5,1,0,0,5,1,0.8000
4,4.0000,24,16,567.1090,-86.7439,-0.0708,23,0.5750,0.5000,4,5,1,0,0,5,1,0.8000
4,4.0000,24,20,457.2411,-84.5131,0.1745,34,0.8500,0.4000,5,4,0,0,0,4,0,1.0000
4,4.0000,24,23,380.7708,-83.5890,0.2075,38,0.9500,0.0000,4,4,0,0,0,4,0,1.0000
4,4.0000,24,25,390.5050,-82.8986,-0.1198,39,0.9750,0.0000,4,5,2,2,0,7,2,0.7143
4,4.0000,25,4,749.1832,-87.6027,-0.2288,23,0.5750,0.7143,7,8,5,0,0,8,5,0.3750
4,4.0000,25,5,298.9673,-80.3172,-0.2922,37,0.9250,0.0000,4,4,0,0,0,4,0,1.0000
4,4.0000,25,7,529.5998,-85.8020,0.1598,32,0.8000,0.5714,7,6,3,0,0,6,3,0.5000
4,4.0000,25,8,411.4109,-83.8577,-0.1038,34,0.8500,0.0000,4,5,1,0,0,5,1,0.8000
4,4.0000,25,10,963.4390,-88.8658,0.2268,9,0.2250,1.0000,4,8,8,0,0,8,8,0.0000
4,4.0000,25,11,590.3205,-86.8718,-0.0774,29,0.7250,0.6667,6,7,6,0,0,7,6,0.1429
4,4.0000,25,14,176.4366,-77.3664,0.6808,37,0.9250,0.2000,5,4,0,0,0,4,0,1.0000
4,4.0000,25,15,739.3535,-87.3201,0.0301,14,0.3500,0.5000,6,8,7,0,0,8,7,0.1250
4,4.0000,25,16,664.6857,-87.2486,0.4240,19,0.4750,0.5000,6,8,7,0,0,8,7,0.1250
4,4.0000,25,20,625.9544,-87.3605,0.9660,18,0.4500,0.7500,8,4,0,0,0,4,0,1.0000
4,4.0000,25,23,250.3954,-81.3901,1.0781,38,0.9500,0.2000,5,4,0,0,0,4,0,1.0000
4,4.0000,25,24,390.5050,-84.5867,-0.2969,34,0.8500,0.2000,5,5,2,0,0,5,2,0.6000
4,8.0000,0,1,687.0326,-87.3314,0.1653,14,0.3500,0.7500,8,8,8,0,0,8,8,0.0000
4,8.0000,0,2,601.9078,-86.4740,0.4334,25,0.6250,0.5000,6,8,6,0,0,8,6,0.2500
4,8.0000,0,3,338.7476,-83.5992,0.4392,34,0.8500,0.0000,4,5,2,0,0,5,2,0.6000
4,8.0000,0,9,430.9066,-84.2394,-0.2690,35,0.8750,0.4000,5,4,0,0,0,4,0,1.0000
4,8.0000,0,13,847.4652,-87.8192,-0.1836,9,0.2250,0.7143,7,8,8,0,0,8,8,0.0000
4,8.0000,0,17,355.2534,-82.8243,0.7417,34,0.8500,0.0000,4,3,0,0,0,3,0,1.0000
4,8.0000,0,18,449.7497,-84.2233,0.1503,34,0.8500,0.5714,7,6,4,0,0,6,4,0.3333
4,8.0000,0,21,707.7135,-88.0701,0.4996,17,0.4250,0.7143,7,7,5,0,0,7,5,0.2857
4,8.0000,0,22,973.7798,-89.0184,0.7706,6,0.1500,1.0000,8,8,8,0,0,8,8,0.0000
4,8.0000,1,0,687.0326,-86.7616,0.1765,24,0.6000,0.7143,7,6,4,0,0,6,4,0.3333
4,8.0000,1,2,449.9071,-86.0742,0.6700,29,0.7250,0.5000,6,5,1,0,0,5,1,0.8000
4,8.0000,1,3,482.6284,-83.8508,-0.4452,38,0.9500,0.0000,4,5,2,0,0,5,2,0.6000
4,8.0000,1,6,348.1284,-82.8854,0.1700,35,0.8750,0.2000,5,6,4,0,0,6,4,0.3333
4,8.0000,1,9,755.0789,-87.1510,-0.6116,23,0.5750,1.0000,8,7,6,0,0,7,6,0.1429
4,8.0000,1,10,996.9705,-88.6791,-0.1342,6,0.1500,1.0000,4,8,8,0,0,8,8,0.0000
4,8.0000,1,12,651.5535,-87.4644,0.7332,17,0.4250,1.0000,8,5,1,0,0,5,1,0.8000
4,8.0000,1,13,379.9442,-85.3060,0.7456,35,0.8750,0.4000,5,3,0,0,0,3,0,1.0000
4,8.0000,1,17,636.9194,-86.6460,0.3273,27,0.6750,0.7714,35,6,4,59,52,65,56,0.1385
4,8.0000,1,18,597.3701,-86.3329,0.3866,24,0.6000,0.0000,4,6,4,0,0,6,4,0.3333
4,8.0000,1,19,541.9811,-85.6638,-0.0334,33,0.8250,0.0000,4,5,2,0,0,5,2,0.6000
4,8.0000,1,21,632.3317,-86.2438,-0.5059,31,0.7750,0.5000,6,7,5,0,0,7,5,0.2857
4,8.0000,1,22,435.3371,-85.9192,0.7874,29,0.7250,0.5000,6,5,2,0,0,5,2,0.6000
4,8.0000,2,0,601.9078,-86.7280,-0.2143,29,0.7250,0.6667,6,6,3,0,0,6,3,0.5000
4,8.0000,2,1,449.9071,-85.0625,0.3519,30,0.7500,0.5000,6,4,0,0,0,4,0,1.0000
4,8.0000,2,3,480.0207,-84.9049,-0.1663,34,0.8500,0.3333,6,7,6,0,0,7,6,0.1429
4,8.0000,2,6,739.2379,-88.3669,0.3253,15,0.3750,0.8889,9,8,6,0,0,8,6,0.2500
4,8.0000,2,9,841.6367,-88.7573,0.2211,9,0.2250,0.8750,8,7,5,0,0,7,5,0.2857
4,8.0000,2,10,965.2080,-88.5352,-0.1622,8,0.2000,1.0000,8,7,6,0,0,7,6,0.1429
4,8.0000,2,12,490.9855,-85.7972,-0.4702,30,0.7500,0.8750,8,4,0,0,0,4,0,1.0000
4,8.0000,2,13,342.9297,-82.8300,0.3112,36,0.9000,0.2000,5,5,1,0,0,5,1,0.8000
4,8.0000,2,17,771.5559,-88.3602,0.0768,20,0.5000,0.7500,8,8,8,0,0,8,8,0.0000
4,8.0000,2,18,503.0802,-84.8141,0.1626,33,0.8250,0.4000,5,5,1,0,0,5,1,0.8000
4,8.0000,2,19,988.4455,-89.2332,-0.1011,7,0.1750,1.0000,6,8,8,0,0,8,8,0.0000
4,8.0000,2,21,940.1513,-88.4483,0.6068,8,0.2000,1.0000,8,8,8,0,0,8,8,0.0000
4,8.0000,2,22,486.7428,-86.2247,0.5006,28,0.7000,0.3333,6,5,2,0,0,5,2,0.6000
4,8.0000,3,0,338.7476,-82.9896,0.1335,37,0.9250,0.4000,5,5,2,0,0,5,2,0.6000
4,8.0000,3,1,482.6284,-84.3040,-0.5843,32,0.8000,0.5000,6,5,1,0,0,5,1,0.8000
4,8.0000,3,2,480.0207,-84.7385,-0.1716,34,0.8500,0.4000,5,6,3,0,0,6,3,0.5000
4,8.0000,3,6,797.9882,-88.1544,0.1689,17,0.4250,0.8571,7,7,6,0,0,7,6,0.1429
4,8.0000,3,9,644.3281,-86.4567,-0.2983,28,0.7000,0.6667,9,6,4,0,0,6,4,0.3333
4,8.0000,3,12,906.9094,-88.8940,-0.1947,9,0.2250,1.0000,8,8,8,0,0,8,8,0.0000
4,8.0000,3,13,603.2053,-87.2164,-0.5544,25,0.6250,0.5455,11,5,2,6,5,11,7,0.3636
4,8.0000,3,17,351.4751,-83.7262,1.1588,35,0.8750,0.0000,4,4,0,0,0,4,0,1.0000
4,8.0000,3,18,186.4791,-76.1139,-0.1775,39,0.9750,0.0000,4,5,0,0,0,5,0,1.0000
4,8.0000,3,19,911.5781,-88.6540,-0.2932,9,0.2250,0.8750,8,8,8,0,0,8,8,0.0000
4,8.0000,3,21,719.6718,-87.7289,-0.5407,19,0.4750,0.8571,7,8,8,0,0,8,8,0.0000
4,8.0000,3,22,709.2062,-87.9592,-0.2789,23,0.5750,0.5000,6,8,5,0,0,8,5,0.3750
4,8.0000,4,8,369.2515,-83.7162,0.2264,36,0.8780,0.0000,4,4,0,0,0,4,0,1.0000
4,8.0000,4,11,868.4398,-88.7283,0.1538,10,0.2439,0.8750,8,8,7,0,0,8,7,0.1250
4,8.0000,4,14,738.7509,-87.7723,0.2795,13,0.3171,0.7143,7,8,8,0,0,8,8,0.0000
4,8.0000,4,16,480.6420,-84.5646,-0.2462,28,0.6829,0.6667,6,5,1,0,0,5,1,0.8000
4,8.0000,4,23,677.9811,-86.9389,-0.3324,16,0.3902,0.6667,6,8,8,0,0,8,8,0.0000
4,8.0000,4,24,827.3201,-87.6074,0.5085,5,0.1220,0.8571,7,8,8,0,0,8,8,0.0000
4,8.0000,4,25,663.2596,-87.8061,-0.0578,16,0.3902,0.6250,8,7,4,0,0,7,4,0.4286
4,8.0000,5,4,968.9540,-88.0840,2.8070,3,0.0732,1.0000,6,7,6,0,0,7,6,0.1429
4,8.0000,5,7,522.1488,-85.4120,-0.5169,27,0.6585,0.4286,7,6,4,0,0,6,4,0.3333
4,8.0000,5,8,640.3585,-87.1023,-0.2572,20,0.4878,0.8571,7,7,5,2,2,9,7,0.2222
4,8.0000,5,10,642.7907,-86.9320,0.5704,18,0.4390,0.6667,6,7,4,0,0,7,4,0.4286
4,8.0000,5,11,450.0979,-85.2702,0.1902,32,0.7805,0.4286,7,5,2,0,0,5,2,0.6000
4,8.0000,5,12,936.7765,-88.8624,0.3137,5,0.1220,1.0000,8,8,8,0,0,8,8,0.0000
4,8.0000,5,14,270.3340,-81.0376,0.9744,35,0.8537,0.2000,5,4,0,0,0,4,0,1.0000
4,8.0000,5,15,499.8388,-85.8330,-0.0444,31,0.7561,0.4286,7,4,0,0,0,4,0,1.0000
4,8.0000,5,16,671.4984,-87.9219,-0.1850,18,0.4390,0.5714,7,6,3,0,0,6,3,0.5000
4,8.0000,5,20,244.2467,-80.9559,0.4396,35,0.8537,0.2000,5,4,0,0,0,4,0,1.0000
4,8.0000,5,22,996.2206,-88.3609,-0.2379,7,0.1707,1.0000,6,4,4,0,0,4,4,0.0000
4,8.0000,5,23,446.6778,-85.1392,0.1435,34,0.8293,0.4000,5,4,0,0,0,4,0,1.0000
4,8.0000,5,24,308.4604,-81.7029,0.1489,36,0.8780,0.2000,5,4,0,0,0,4,0,1.0000
4,8.0000,5,25,359.2283,-81.6789,-0.8211,36,0.8780,0.2917,24,4,0,0,0,4,0,1.0000
4,8.0000,6,0,938.6681,-88.6613,0.0159,6,0.1500,1.0000,4,8,8,0,0,8,8,0.0000
4,8.0000,6,1,348.1284,-82.9614,-0.3738,33,0.8250,0.6154,39,5,1,69,45,74,46,0.3784
4,8.0000,6,2,739.2379,-88.2784,0.1658,11,0.2750,1.0000,8,5,2,0,0,5,2,0.6000
4,8.0000,6,3,797.9882,-87.6641,-0.1964,16,0.4000,0.8571,7,6,4,0,0,6,4,0.3333
4,8.0000,6,7,930.0836,-88.8457,0.4048,6,0.1500,0.8333,6,10,10,0,0,10,10,0.0000
4,8.0000,6,9,846.4784,-87.7125,0.1360,8,0.2000,1.0000,8,7,6,0,0,7,6,0.1429
4,8.0000,6,12,811.9058,-88.5896,0.2389,7,0.1750,1.0000,8,8,7,0,0,8,7,0.1250
4,8.0000,6,13,644.7660,-86.9981,0.4376,18,0.4500,0.8750,8,5,2,0,0,5,2,0.6000
4,8.0000,6,17,842.7583,-88.6328,0.3135,6,0.1500,1.0000,6,6,3,0,0,6,3,0.5000
4,8.0000,6,18,935.0754,-88.7724,0.1069,3,0.0750,1.0000,8,8,8,0,0,8,8,0.0000
4,8.0000,6,19,325.6784,-81.3760,-0.1760,38,0.9500,0.0000,4,4,0,0,0,4,0,1.0000
4,8.0000,6,21,597.4402,-87.0457,-0.0635,24,0.6000,0.8750,8,6,3,0,0,6,3,0.5000
4,8.0000,6,22,649.2263,-87.4405,-0.4597,20,0.5000,0.7143,7,8,7,0,0,8,7,0.1250
4,8.0000,7,5,522.1488,-85.5175,-0.7177,24,0.6000,0.7143,7,7,4,0,0,7,4,0.4286
4,8.0000,7,6,930.0836,-88.0203,-0.5025,8,0.2000,1.0000,8,8,8,0,0,8,8,0.0000
4,8.0000,7,8,1002.6221,-89.1439,0.2028,5,0.1250,1.0000,8,8,7,0,0,8,7,0.1250
4,8.0000,7,10,905.4761,-88.2546,0.6493,8,0.2000,1.0000,8,7,6,0,0,7,6,0.1429
4,8.0000,7,11,929.8733,-88.8580,-1.0253,6,0.1500,1.0000,8,8,8,0,0,8,8,0.0000
4,8.0000,7,12,905.5749,-88.8136,-0.4895,3,0.0750,1.0000,8,8,8,0,0,8,8,0.0000
4,8.0000,7,14,660.0714,-87.5017,0.0534,16,0.4000,0.6667,6,7,5,0,0,7,5,0.2857
4,8.0000,7,15,934.4881,-88.5890,0.2192,4,0.1000,1.0000,8,8,8,0,0,8,8,0.0000
4,8.0000,7,19,1058.4695,-88.5910,-0.8903,3,0.0750,1.0000,8,8,8,0,0,8,8,0.0000
4,8.0000,7,20,643.6283,-86.9620,0.3352,14,0.3500,0.8571,7,7,6,0,0,7,6,0.1429
4,8.0000,7,22,946.9749,-88.5346,1.9080,3,0.0750,1.0000,8,8,8,0,0,8,8,0.0000
4,8.0000,7,23,674.6681,-87.8934,0.1691,11,0.2750,0.8571,7,7,5,0,0,7,5,0.2857
4,8.0000,7,24,803.1546,-87.9383,-0.2271,9,0.2250,1.0000,8,8,7,0,0,8,7,0.1250
4,8.0000,7,25,596.3392,-86.2011,-0.0579,24,0.6000,0.7143,7,7,4,0,0,7,4,0.4286
4,8.0000,8,4,369.2515,-83.8002,0.2160,39,0.9750,0.3333,6,4,0,0,0,4,0,1.0000
4,8.0000,8,5,640.3585,-87.2090,0.2011,24,0.6000,0.2000,5,6,3,0,0,6,3,0.5000
4,8.0000,8,7,1002.6221,-88.4004,0.2211,11,0.2750,1.0000,6,6,6,0,0,6,6,0.0000
4,8.0000,8,11,559.1102,-86.8262,0.1018,27,0.6750,0.7500,8,6,4,0,0,6,4,0.3333
4,8.0000,8,14,404.7938,-82.4164,-0.5852,34,0.8500,0.0000,4,4,0,0,0,4,0,1.0000
4,8.0000,8,15,892.8604,-88.6625,-0.1565,11,0.2750,1.0000,8,8,8,0,0,8,8,0.0000
4,8.0000,8,16,171.7858,-78.0525,1.5914,39,0.9750,0.0000,4,4,0,0,0,4,0,1.0000
4,8.0000,8,20,790.5640,-88.5804,0.4506,9,0.2250,0.6667,6,8,8,0,0,8,8,0.0000
4,8.0000,8,23,415.5664,-81.3949,-0.5457,36,0.9000,0.0000,4,5,1,0,0,5,1,0.8000
4,8.0000,8,24,459.7283,-84.8929,-0.0286,31,0.7750,0.0000,4,6,2,0,0,6,2,0.6667
4,8.0000,8,25,408.0462,-83.0203,0.0259,36,0.9000,0.2000,5,5,1,0,0,5,1,0.8000
4,8.0000,9,0,430.9066,-84.3842,0.0895,35,0.8750,0.0000,4,5,2,0,0,5,2,0.6000
4,8.0000,9,1,755.0789,-87.6103,-0.4883,17,0.4250,0.6667,6,8,8,0,0,8,8,0.0000
4,8.0000,9,2,841.6367,-87.9624,-0.2621,9,0.2250,0.8750,8,7,6,0,0,7,6,0.1429
4,8.0000,9,3,644.3281,-87.0676,0.1646,21,0.5250,0.5714,7,7,5,0,0,7,5,0.2857
4,8.0000,9,6,846.4784,-88.0233,0.0260,8,0.2000,0.8750,8,8,8,0,0,8,8,0.0000
4,8.0000,9,17,447.0438,-83.9962,0.3473,36,0.9000,0.0000,3,5,2,0,0,5,2,0.6000
4,8.0000,9,18,814.3614,-88.1567,-0.0808,10,0.2500,0.8750,8,7,6,0,0,7,6,0.1429
4,8.0000,9,19,964.8970,-89.0940,-0.0906,6,0.1500,1.0000,6,8,8,0,0,8,8,0.0000
4,8.0000,9,21,434.3263,-84.4655,0.6084,31,0.7750,0.0000,4,5,1,0,0,5,1,0.8000
4,8.0000,10,2,965.2080,-89.0713,0.3424,6,0.1500,1.0000,8,8,8,0,0,8,8,0.0000
4,8.0000,10,5,642.7907,-87.0261,-0.2214,18,0.4500,0.7143,7,6,3,2,2,8,5,0.3750
4,8.0000,10,6,1129.0583,-88.9734,-0.4396,4,0.1000,1.0000,4,6,6,0,0,6,6,0.0000
4,8.0000,10,7,905.4761,-88.9767,-0.1076,8,0.2000,1.0000,8,8,8,0,0,8,8,0.0000
4,8.0000,10,11,832.8314,-88.3135,-0.0234,5,0.1250,1.0000,8,8,8,0,0,8,8,0.0000
4,8.0000,10,12,571.4659,-85.0278,-0.4942,30,0.7500,0.7273,11,7,6,0,0,7,6,0.1429
4,8.0000,10,13,675.9818,-86.4486,-0.1739,27,0.6750,0.8837,43,7,6,0,0,7,6,0.1429
4,8.0000,10,14,840.9799,-88.9048,-0.3689,5,0.1250,1.0000,6,8,7,0,0,8,7,0.1250
4,8.0000,10,15,355.4831,-84.3538,1.1124,31,0.7750,0.2000,5,5,1,0,0,5,1,0.8000
4,8.0000,10,18,1192.2230,-88.8634,2.0424,3,0.0750,1.0000,2,6,6,0,0,6,6,0.0000
4,8.0000,10,20,542.7572,-86.0173,-0.2230,24,0.6000,0.0000,4,5,2,0,0,5,2,0.6000
4,8.0000,10,22,569.4541,-85.2779,0.5638,25,0.6250,0.8529,34,7,6,80,79,87,85,0.0230
4,8.0000,10,23,1004.7950,-88.9806,0.3469,4,0.1000,1.0000,6,7,6,0,0,7,6,0.1429
4,8.0000,10,24,731.3334,-87.4201,0.1739,16,0.4000,0.7143,7,7,5,28,25,35,30,0.1429
4,8.0000,10,25,990.8654,-88.8739,0.3132,9,0.2250,1.0000,8,6,6,0,0,6,6,0.0000
4,8.0000,11,4,868.4398,-88.4574,-0.6611,14,0.3500,0.8750,8,8,8,0,0,8,8,0.0000
4,8.0000,11,5,450.0979,-85.4754,0.1946,31,0.7750,0.2000,5,5,1,0,0,5,1,0.8000
4,8.0000,11,7,929.8733,-88.4814,0.5221,7,0.1750,1.0000,8,6,6,0,0,6,6,0.0000
4,8.0000,11,8,559.1102,-86.9232,-0.1109,29,0.7250,0.7143,7,6,3,0,0,6,3,0.5000
4,8.0000,11,10,832.8314,-88.3203,0.5545,7,0.1750,1.0000,8,8,7,0,0,8,7,0.1250
4,8.0000,11,14,478.9115,-85.8618,0.1268,33,0.8250,0.6667,6,5,1,0,0,5,1,0.8000
4,8.0000,11,15,583.8071,-86.8509,-0.0634,25,0.6250,0.6667,6,7,4,0,0,7,4,0.4286
4,8.0000,11,16,544.0206,-86.3329,0.3884,34,0.8500,0.5714,7,6,3,0,0,6,3,0.5000
4,8.0000,11,20,395.3538,-84.3315,0.6625,36,0.9000,0.3333,6,4,0,0,0,4,0,1.0000
4,8.0000,11,23,680.5402,-87.3958,0.6330,23,0.5750,0.2000,5,7,5,0,0,7,5,0.2857
4,8.0000,11,24,370.3641,-83.9210,0.8028,34,0.8500,0.0000,4,4,0,0,0,4,0,1.0000
4,8.0000,11,25,562.2430,-86.1822,-0.1471,30,0.7500,0.0000,4,8,4,0,0,8,4,0.5000
4,8.0000,12,1,651.5535,-87.2480,-0.0415,17,0.4250,0.5000,6,6,3,0,0,6,3,0.5000
4,8.0000,12,2,490.9855,-86.1044,0.6708,25,0.6250,0.5714,7,5,1,0,0,5,1,0.8000
4,8.0000,12,3,906.9094,-88.4718,0.3390,8,0.2000,1.0000,8,8,8,0,0,8,8,0.0000
4,8.0000,12,5,936.7765,-88.5461,-0.6732,4,0.1000,1.0000,8,8,7,0,0,8,7,0.1250
4,8.0000,12,6,811.9058,-88.0538,-0.0203,8,0.2000,1.0000,8,8,7,0,0,8,7,0.1250
4,8.0000,12,7,905.5749,-88.3409,0.3943,9,0.2250,1.0000,6,8,8,0,0,8,8,0.0000
4,8.0000,12,10,571.4659,-85.8404,0.3890,27,0.6750,0.5000,6,7,5,0,0,7,5,0.2857
4,8.0000,12,13,349.4751,-81.3384,0.2977,33,0.8250,0.2000,5,5,1,0,0,5,1,0.8000
4,8.0000,12,15,896.3527,-88.3034,0.0872,7,0.1750,1.0000,8,8,8,0,0,8,8,0.0000
4,8.0000,12,18,904.0671,-89.2652,-0.0744,8,0.2000,0.8571,7,7,6,0,0,7,6,0.1429
4,8.0000,12,20,814.0105,-88.1351,0.0575,18,0.4500,0.8750,8,8,8,0,0,8,8,0.0000
4,8.0000,12,22,364.7052,-83.2884,-0.6406,34,0.8500,0.0000,4,6,3,0,0,6,3,0.5000
4,8.0000,13,0,847.4652,-88.7070,-0.7601,7,0.1750,1.0000,8,8,8,0,0,8,8,0.0000
4,8.0000,13,1,379.9442,-85.1266,1.2072,26,0.6500,0.3333,6,5,1,0,0,5,1,0.8000
4,8.0000,13,2,342.9297,-83.2039,0.2610,31,0.7750,0.3333,6,4,0,0,0,4,0,1.0000
4,8.0000,13,3,603.2053,-86.5532,0.1122,24,0.6000,0.7273,22,8,6,0,0,8,6,0.2500
4,8.0000,13,6,644.7660,-87.2502,0.2767,17,0.4250,1.0000,8,7,5,0,0,7,5,0.2857
4,8.0000,13,9,1047.5842,-89.1694,-0.1565,5,0.1250,1.0000,6,6,6,0,0,6,6,0.0000
4,8.0000,13,10,675.9818,-87.1475,-0.5749,24,0.6000,0.7143,7,6,4,0,0,6,4,0.3333
4,8.0000,13,12,349.4751,-83.2286,-0.5667,33,0.8250,0.0000,4,4,0,0,0,4,0,1.0000
4,8.0000,13,15,1016.7381,-89.0759,-0.0023,6,0.1500,1.0000,6,8,8,0,0,8,8,0.0000
4,8.0000,13,17,893.8134,-89.0224,-1.0111,3,0.0750,1.0000,6,8,8,0,0,8,8,0.0000
4,8.0000,13,18,607.3457,-86.4954,-0.0392,25,0.6250,0.5000,6,7,5,0,0,7,5,0.2857
4,8.0000,13,19,849.2117,-88.4003,0.5697,10,0.2500,0.8571,7,8,6,0,0,8,6,0.2500
4,8.0000,13,20,1045.1390,-89.5912,-0.0983,3,0.0750,1.0000,4,8,8,0,0,8,8,0.0000
4,8.0000,13,22,144.5879,-74.9872,1.2185,36,0.9000,0.0000,4,4,0,0,0,4,0,1.0000
4,8.0000,14,4,738.7509,-88.2722,-0.0119,20,0.5000,0.8750,8,6,3,0,0,6,3,0.5000
4,8.0000,14,5,270.3340,-81.6406,0.9100,35,0.8750,0.0000,4,4,0,0,0,4,0,1.0000
4,8.0000,14,7,660.0714,-87.0253,0.4895,19,0.4750,0.8750,8,8,6,0,0,8,6,0.2500
4,8.0000,14,8,404.7938,-82.4255,-0.9885,38,0.9500,0.0000,4,4,0,0,0,4,0,1.0000
4,8.0000,14,10,840.9799,-89.4895,0.2522,3,0.0750,0.8750,8,8,8,0,0,8,8,0.0000
4,8.0000,14,11,478.9115,-85.9124,0.1164,30,0.7500,0.8571,7,4,0,0,0,4,0,1.0000
4,8.0000,14,15,608.9197,-86.7830,-0.0874,21,0.5250,0.7500,8,6,4,0,0,6,4,0.3333
4,8.0000,14,16,444.1607,-84.7053,0.4119,36,0.9000,0.5714,7,6,2,0,0,6,2,0.6667
4,8.0000,14,20,482.8568,-86.5690,0.5926,27,0.6750,0.4000,5,5,1,0,0,5,1,0.8000
4,8.0000,14,23,217.6474,-75.1885,-1.7409,38,0.9500,0.3333,6,4,0,0,0,4,0,1.0000
4,8.0000,14,24,216.7748,-79.6703,0.6251,38,0.9500,0.0000,4,5,1,0,0,5,1,0.8000
4,8.0000,14,25,205.7334,-76.0414,-0.1292,38,0.9500,0.0000,12,5,1,21,0,26,1,0.9615
4,8.0000,15,5,499.8388,-86.1566,-0.3808,31,0.7750,0.5000,6,5,2,0,0,5,2,0.6000
4,8.0000,15,7,934.4881,-88.6576,-0.0680,8,0.2000,0.8571,7,8,8,0,0,8,8,0.0000
4,8.0000,15,8,892.8604,-88.4256,-0.1835,15,0.3750,0.7500,8,8,8,0,0,8,8,0.0000
4,8.0000,15,10,355.4831,-83.9518,1.0378,38,0.9500,0.4000,5,4,0,0,0,4,0,1.0000
4,8.0000,15,11,583.8071,-86.7277,-0.1453,29,0.7250,0.2000,5,6,3,0,0,6,3,0.5000
4,8.0000,15,12,896.3527,-88.5795,0.7738,6,0.1500,1.0000,8,8,8,0,0,8,8,0.0000
4,8.0000,15,13,1016.7381,-89.3812,0.3982,5,0.1250,1.0000,8,2,2,0,0,2,2,0.0000
4,8.0000,15,14,608.9197,-86.5776,0.2858,29,0.7250,0.7143,7,5,2,0,0,5,2,0.6000
4,8.0000,15,16,820.0677,-88.1158,-0.5471,16,0.4000,0.6667,6,8,8,0,0,8,8,0.0000
4,8.0000,15,20,451.8890,-83.7169,0.2105,37,0.9250,0.2000,5,7,3,0,0,7,3,0.5714
4,8.0000,15,22,896.8438,-88.7241,0.5488,6,0.1500,1.0000,8,8,8,0,0,8,8,0.0000
4,8.0000,15,23,788.7267,-88.0099,0.0218,22,0.5500,0.8333,6,7,6,0,0,7,6,0.1429
4,8.0000,15,24,440.4354,-83.9834,-0.3713,35,0.8750,0.0000,4,5,2,0,0,5,2,0.6000
4,8.0000,15,25,794.4172,-87.9087,-0.1438,16,0.4000,0.5714,7,8,7,0,0,8,7,0.1250
4,8.0000,16,4,480.6420,-84.9356,-0.1154,33,0.8250,0.0000,4,6,3,0,0,6,3,0.5000
4,8.0000,16,5,671.4984,-87.8677,-0.0372,11,0.2750,0.6000,5,9,6,0,0,9,6,0.3333
4,8.0000,16,8,171.7858,-78.5066,0.8324,39,0.9750,0.0000,4,4,0,0,0,4,0,1.0000
4,8.0000,16,11,544.0206,-86.4445,0.4190,27,0.6750,0.0000,4,6,4,0,0,6,4,0.3333
4,8.0000,16,14,444.1607,-85.2423,0.3964,27,0.6750,0.4000,5,5,2,0,0,5,2,0.6000
4,8.0000,16,15,820.0677,-88.2595,0.5481,11,0.2750,1.0000,8,8,8,0,0,8,8,0.0000
4,8.0000,16,20,801.3183,-89.2707,-1.0634,4,0.1000,1.0000,8,5,1,0,0,5,1,0.8000
4,8.0000,16,23,489.6603,-85.4521,-0.0815,29,0.7250,0.0000,3,7,3,0,0,7,3,0.5714
4,8.0000,16,24,421.4268,-85.5267,0.4281,24,0.6000,0.0000,4,5,1,0,0,5,1,0.8000
4,8.0000,16,25,517.7463,-87.5961,0.0399,18,0.4500,0.6667,6,4,0,0,0,4,0,1.0000
4,8.0000,17,0,355.2534,-82.7984,-0.3111,36,0.9000,0.0000,4,4,0,0,0,4,0,1.0000
4,8.0000,17,1,636.9194,-87.1614,-0.2334,26,0.6500,0.4000,5,7,5,0,0,7,5,0.2857
4,8.0000,17,2,771.5559,-88.6397,0.4624,13,0.3250,0.8571,7,8,8,0,0,8,8,0.0000
4,8.0000,17,3,351.4751,-83.1793,0.5349,36,0.9000,0.5714,7,4,0,0,0,4,0,1.0000
4,8.0000,17,6,842.7583,-88.8868,0.0231,6,0.1500,0.8750,8,8,7,0,0,8,7,0.1250
4,8.0000,17,9,447.0438,-84.1519,-0.4761,37,0.9250,0.4000,5,5,1,0,0,5,1,0.8000
4,8.0000,17,13,893.8134,-89.2715,-0.1440,6,0.1500,1.0000,8,8,8,0,0,8,8,0.0000
4,8.0000,17,18,503.4021,-85.9508,0.6305,33,0.8250,0.0000,4,5,1,0,0,5,1,0.8000
4,8.0000,17,19,880.8409,-88.6640,0.1482,7,0.1750,1.0000,8,8,8,0,0,8,8,0.0000
4,8.0000,17,21,501.2324,-86.0673,-0.0160,29,0.7250,0.2000,5,6,3,0,0,6,3,0.5000
4,8.0000,17,22,984.3686,-88.7345,0.4393,4,0.1000,1.0000,6,8,7,0,0,8,7,0.1250
4,8.0000,18,0,449.7497,-84.1987,-0.0960,35,0.8537,0.4000,5,6,4,0,0,6,4,0.3333
4,8.0000,18,1,597.3701,-86.6088,-0.0697,24,0.5854,0.2000,5,8,8,0,0,8,8,0.0000
4,8.0000,18,2,503.0802,-85.4378,-0.2058,32,0.7805,0.2000,5,7,6,0,0,7,6,0.1429
4,8.0000,18,3,186.4791,-75.8592,-0.5195,40,0.9756,0.0000,4,4,0,0,0,4,0,1.0000
4,8.0000,18,6,935.0754,-89.5117,-0.0073,3,0.0732,1.0000,4,10,10,0,0,10,10,0.0000
4,8.0000,18,9,814.3614,-87.9075,-0.1958,17,0.4146,0.8571,7,8,8,0,0,8,8,0.0000
4,8.0000,18,12,904.0671,-88.2668,1.2013,9,0.2195,0.8571,7,8,8,0,0,8,8,0.0000
4,8.0000,18,13,607.3457,-86.8188,0.2101,24,0.5854,0.8750,8,7,6,0,0,7,6,0.1429
4,8.0000,18,17,503.4021,-85.4460,0.3453,32,0.7805,0.4000,5,5,2,0,0,5,2,0.6000
4,8.0000,18,21,903.0558,-88.4379,-0.1838,8,0.1951,1.0000,8,6,6,0,0,6,6,0.0000
4,8.0000,18,22,710.2548,-87.4134,1.0554,13,0.3171,0.6667,6,6,3,0,0,6,3,0.5000
4,8.0000,19,1,541.9811,-86.0600,-0.2846,27,0.6585,0.5000,6,7,5,0,0,7,5,0.2857
4,8.0000,19,2,988.4455,-88.9025,0.4174,5,0.1220,1.0000,8,6,6,0,0,6,6,0.0000
4,8.0000,19,3,911.5781,-88.7482,-0.8949,7,0.1707,1.0000,8,8,8,0,0,8,8,0.0000
4,8.0000,19,6,325.6784,-80.8906,-0.2243,37,0.9024,0.2000,5,4,0,0,0,4,0,1.0000
4,8.0000,19,7,1058.4695,-88.8295,0.7749,3,0.0732,1.0000,6,4,4,0,0,4,4,0.0000
4,8.0000,19,13,849.2117,-88.5460,0.6989,9,0.2195,1.0000,8,8,8,0,0,8,8,0.0000
4,8.0000,19,17,880.8409,-88.2830,-0.3882,6,0.1463,1.0000,8,8,8,0,0,8,8,0.0000
4,8.0000,19,18,1047.4594,-88.5801,0.2510,5,0.1220,1.0000,6,8,8,0,0,8,8,0.0000
4,8.0000,19,21,593.1218,-86.9227,-0.2027,25,0.6098,0.3333,6,5,2,0,0,5,2,0.6000
4,8.0000,19,22,824.3886,-87.3634,-0.0211,9,0.2195,0.7500,8,8,8,0,0,8,8,0.0000
4,8.0000,20,5,244.2467,-81.2611,0.4838,39,0.9750,0.3333,27,4,0,0,0,4,0,1.0000
4,8.0000,20,7,643.6283,-87.2059,0.4935,23,0.5750,0.5000,6,6,3,0,0,6,3,0.5000
4,8.0000,20,8,790.5640,-88.4648,0.4482,15,0.3750,1.0000,8,7,6,0,0,7,6,0.1429
4,8.0000,20,10,542.7572,-86.5221,-0.4963,33,0.8250,0.3333,6,4,0,0,0,4,0,1.0000
4,8.0000,20,11,395.3538,-85.5875,-0.4603,36,0.9000,0.4286,7,4,0,0,0,4,0,1.0000
4,8.0000,20,12,814.0105,-88.1001,-0.3830,20,0.5000,1.0000,8,7,5,0,0,7,5,0.2857
4,8.0000,20,14,482.8568,-85.6653,0.8568,34,0.8500,0.8889,45,4,0,38,19,42,19,0.5476
4,8.0000,20,15,451.8890,-84.3607,-0.1366,36,0.9000,0.0000,4,5,2,0,0,5,2,0.6000
4,8.0000,20,16,801.3183,-88.5987,0.4014,8,0.2000,1.0000,6,8,8,0,0,8,8,0.0000
4,8.0000,20,22,945.2588,-87.6925,0.0266,7,0.1750,0.8750,8,8,8,0,0,8,8,0.0000
4,8.0000,20,23,681.2623,-87.9359,0.2087,13,0.3250,0.5000,6,6,3,0,0,6,3,0.5000
4,8.0000,20,24,430.7654,-84.9307,0.8000,36,0.9000,0.4000,10,6,3,0,0,6,3,0.5000
4,8.0000,20,25,568.0308,-86.5340,0.0625,31,0.7750,0.3333,6,5,1,33,24,38,25,0.3421
4,8.0000,21,0,707.7135,-88.2830,-0.8666,12,0.3000,1.0000,8,8,6,0,0,8,6,0.2500
4,8.0000,21,1,632.3317,-86.1317,-0.1234,29,0.7250,0.6667,6,8,7,34,34,42,41,0.0238
4,8.0000,21,2,940.1513,-89.0093,0.1974,8,0.2000,1.0000,8,8,8,0,0,8,8,0.0000
4,8.0000,21,3,719.6718,-87.4323,0.4761,22,0.5500,0.9625,80,8,7,46,46,54,53,0.0185
4,8.0000,21,6,597.4402,-87.0908,0.2055,25,0.6250,0.6667,6,6,3,0,0,6,3,0.5000
4,8.0000,21,9,434.3263,-84.5407,0.1661,29,0.7250,0.0000,4,5,1,0,0,5,1,0.8000
4,8.0000,21,13,1005.1684,-89.1811,0.6462,4,0.1000,1.0000,6,6,6,0,0,6,6,0.0000
4,8.0000,21,17,501.2324,-86.0579,0.5406,32,0.8000,0.0000,4,5,2,0,0,5,2,0.6000
4,8.0000,21,18,903.0558,-88.9750,-0.6733,4,0.1000,0.8571,7,8,8,0,0,8,8,0.0000
4,8.0000,21,19,593.1218,-87.0161,0.2607,26,0.6500,0.7143,7,8,8,0,0,8,8,0.0000
4,8.0000,21,22,1065.1195,-88.6768,0.6023,4,0.1000,1.0000,8,4,4,0,0,4,4,0.0000
4,8.0000,22,0,973.7798,-89.3856,0.0170,7,0.1750,1.0000,6,8,8,0,0,8,8,0.0000
4,8.0000,22,1,435.3371,-84.8030,0.2784,27,0.6750,0.3333,6,6,2,0,0,6,2,0.6667
4,8.0000,22,2,486.7428,-86.2536,0.4745,27,0.6750,0.5714,7,6,4,0,0,6,4,0.3333
4,8.0000,22,3,709.2062,-87.6769,-0.0224,19,0.4750,0.8333,12,6,4,2,2,8,6,0.2500
4,8.0000,22,5,996.2206,-89.8279,0.0475,3,0.0750,1.0000,8,8,8,0,0,8,8,0.0000
4,8.0000,22,6,649.2263,-87.5282,0.3117,21,0.5250,0.8750,8,8,7,0,0,8,7,0.1250
4,8.0000,22,7,946.9749,-88.7770,0.0327,6,0.1500,1.0000,8,6,6,0,0,6,6,0.0000
4,8.0000,22,10,569.4541,-85.2750,-0.5697,24,0.6000,0.4000,5,8,5,0,0,8,5,0.3750
4,8.0000,22,12,364.7052,-83.1480,0.1594,32,0.8000,0.0000,4,5,1,0,0,5,1,0.8000
4,8.0000,22,13,144.5879,-75.5283,1.1395,38,0.9500,0.2000,5,5,1,0,0,5,1,0.8000
4,8.0000,22,15,896.8438,-88.8080,0.2505,8,0.2000,1.0000,8,8,8,0,0,8,8,0.0000
4,8.0000,22,18,710.2548,-87.2341,-0.1308,14,0.3500,0.8571,7,7,5,0,0,7,5,0.2857
4,8.0000,22,19,824.3886,-88.6264,-0.2759,13,0.3250,0.8571,7,8,8,0,0,8,8,0.0000
4,8.0000,22,20,945.2588,-88.9727,0.1910,6,0.1500,0.7778,9,5,4,0,0,5,4,0.2000
4,8.0000,23,4,677.9811,-87.0596,-0.2319,25,0.6250,0.5000,6,8,7,0,0,8,7,0.1250
4,8.0000,23,5,446.6778,-84.5001,0.1360,30,0.7500,0.5714,7,6,3,0,0,6,3,0.5000
4,8.0000,23,7,674.6681,-87.5140,0.2355,24,0.6000,0.8750,8,8,5,0,0,8,5,0.3750
4,8.0000,23,8,415.5664,-81.7248,-1.3638,37,0.9250,0.0000,4,5,2,0,0,5,2,0.6000
4,8.0000,23,10,1004.7950,-88.9158,1.1054,3,0.0750,1.0000,8,8,8,0,0,8,8,0.0000
4,8.0000,23,11,680.5402,-87.2639,-0.2928,25,0.6250,0.7000,10,6,6,0,0,6,6,0.0000
4,8.0000,23,14,217.6474,-74.6970,-1.5032,38,0.9500,0.2000,5,4,0,0,0,4,0,1.0000
4,8.0000,23,15,788.7267,-88.2687,0.1507,10,0.2500,1.0000,8,8,8,0,0,8,8,0.0000
4,8.0000,23,16,489.6603,-85.4420,0.3354,30,0.7500,0.2000,5,4,0,0,0,4,0,1.0000
4,8.0000,23,20,681.2623,-87.7348,0.4621,16,0.4000,0.8571,7,8,4,0,0,8,4,0.5000
4,8.0000,23,24,410.3145,-83.5433,-0.2796,34,0.8500,0.0000,4,5,1,0,0,5,1,0.8000
4,8.0000,23,25,215.8237,-78.1325,1.1729,38,0.9500,0.0000,4,4,0,0,0,4,0,1.0000
4,8.0000,24,4,827.3201,-88.6794,-0.2228,17,0.4250,1.0000,8,7,6,0,0,7,6,0.1429
4,8.0000,24,5,308.4604,-80.9742,0.0283,37,0.9250,0.0000,4,4,0,0,0,4,0,1.0000
4,8.0000,24,7,803.1546,-88.2035,0.4359,16,0.4000,1.0000,8,8,8,0,0,8,8,0.0000
4,8.0000,24,8,459.7283,-85.4323,-0.2257,36,0.9000,0.2000,5,4,2,16,7,20,9,0.5500
4,8.0000,24,10,731.3334,-87.6836,0.1893,19,0.4750,0.7143,7,6,4,0,0,6,4,0.3333
4,8.0000,24,11,370.3641,-83.2314,0.8092,34,0.8500,0.4000,5,4,0,0,0,4,0,1.0000
4,8.0000,24,14,216.7748,-79.1591,0.8759,37,0.9250,0.2000,5,4,1,0,0,4,1,0.7500
4,8.0000,24,15,440.4354,-83.5939,-0.4480,35,0.8750,0.2000,5,5,2,0,0,5,2,0.6000
4,8.0000,24,16,421.4268,-84.5156,0.4237,30,0.7500,0.2000,5,4,0,0,0,4,0,1.0000
4,8.0000,24,20,430.7654,-84.7617,-0.0531,36,0.9000,0.0000,4,5,2,0,0,5,2,0.6000
4,8.0000,24,23,410.3145,-83.4570,0.0714,33,0.8250,0.0000,4,7,3,0,0,7,3,0.5714
4,8.0000,24,25,408.5568,-84.1238,0.0070,35,0.8750,0.2857,7,6,3,0,0,6,3,0.5000
4,8.0000,25,4,663.2596,-88.0441,0.2395,25,0.6250,0.6250,8,4,0,0,0,4,0,1.0000
4,8.0000,25,5,359.2283,-81.8779,-0.3018,33,0.8250,0.0000,4,4,0,0,0,4,0,1.0000
4,8.0000,25,7,596.3392,-86.2173,-0.1380,28,0.7000,0.5000,6,6,3,0,0,6,3,0.5000
4,8.0000,25,8,408.0462,-83.4981,-0.1404,37,0.9250,0.2000,5,4,0,0,0,4,0,1.0000
4,8.0000,25,10,990.8654,-89.0523,-0.2710,5,0.1250,1.0000,8,6,6,0,0,6,6,0.0000
4,8.0000,25,11,562.2430,-85.4905,0.3188,27,0.6750,0.8571,7,6,3,0,0,6,3,0.5000
4,8.0000,25,14,205.7334,-76.4160,-0.7627,35,0.8750,0.0000,4,5,1,0,0,5,1,0.8000
4,8.0000,25,15,794.4172,-87.5475,-0.1763,13,0.3250,0.8750,8,8,8,0,0,8,8,0.0000
4,8.0000,25,16,517.7463,-86.6593,0.3705,35,0.8750,0.8750,8,4,0,0,0,4,0,1.0000
4,8.0000,25,20,568.0308,-87.0098,-0.1739,23,0.5750,0.0000,4,6,4,0,0,6,4,0.3333
4,8.0000,25,23,215.8237,-78.0888,0.2656,38,0.9500,0.0000,4,4,0,0,0,4,0,1.0000
4,8.0000,25,24,408.5568,-83.3197,-0.2533,34,0.8500,0.4000,5,4,0,0,0,4,0,1.0000
4,12.0000,0,1,775.9646,-87.9124,0.7723,12,0.3077,1.0000,8,7,5,0,0,7,5,0.2857
4,12.0000,0,2,664.0086,-87.8523,0.1249,17,0.4359,0.7500,8,7,3,0,0,7,3,0.5714
4,12.0000,0,3,337.6039,-83.0449,-0.0034,29,0.7436,0.4000,5,4,0,0,0,4,0,1.0000
4,12.0000,0,6,856.9562,-88.1291,-0.2111,10,0.2564,1.0000,8,8,8,0,0,8,8,0.0000
4,12.0000,0,9,422.7431,-83.8734,0.1115,34,0.8718,0.0000,4,5,2,0,0,5,2,0.6000
4,12.0000,0,17,365.9215,-83.0430,-0.5113,34,0.8718,0.0000,3,6,1,0,0,6,1,0.8333
4,12.0000,0,18,506.1095,-85.3791,-0.0634,27,0.6923,0.6667,6,6,3,0,0,6,3,0.5000
4,12.0000,0,21,658.5955,-87.3597,0.0065,26,0.6667,0.7143,7,6,3,0,0,6,3,0.5000
4,12.0000,0,22,945.3336,-87.9926,0.5806,4,0.1026,1.0000,8,6,6,0,0,6,6,0.0000
4,12.0000,1,0,775.9646,-87.4173,-0.3373,17,0.4250,0.6667,6,6,4,0,0,6,4,0.3333
4,12.0000,1,2,366.1881,-83.4947,0.0298,37,0.9250,0.2000,5,5,2,0,0,5,2,0.6000
4,12.0000,1,3,650.6559,-86.3254,-0.6191,26,0.6500,0.4000,5,7,6,0,0,7,6,0.1429
4,12.0000,1,6,341.9513,-82.1107,0.4088,39,0.9750,0.6667,6,5,2,0,0,5,2,0.6000
4,12.0000,1,9,861.8546,-88.5101,-0.6263,13,0.3250,0.8571,7,8,8,0,0,8,8,0.0000
4,12.0000,1,12,549.3644,-86.8377,0.0268,27,0.6750,0.2000,5,5,1,0,0,5,1,0.8000
4,12.0000,1,13,225.0974,-81.4396,1.3035,38,0.9500,0.0000,3,6,1,0,0,6,1,0.8333
4,12.0000,1,17,675.8368,-87.3664,-0.2216,25,0.6250,0.8615,65,8,8,4,4,12,12,0.0000
4,12.0000,1,18,725.1937,-87.5389,-0.0284,24,0.6000,0.6667,6,7,5,0,0,7,5,0.2857
4,12.0000,1,19,623.0187,-86.3944,-0.2082,32,0.8000,0.4000,5,6,3,0,0,6,3,0.5000
4,12.0000,1,21,809.3017,-88.5846,-0.0172,17,0.4250,0.7143,7,5,4,0,0,5,4,0.2000
4,12.0000,1,22,291.9129,-81.6590,0.9018,39,0.9750,0.4000,5,4,0,0,0,4,0,1.0000
4,12.0000,2,0,664.0086,-87.3793,0.0244,24,0.6000,0.5000,6,6,2,0,0,6,2,0.6667
4,12.0000,2,1,366.1881,-84.0224,0.8890,34,0.8500,0.0000,4,5,1,0,0,5,1,0.8000
4,12.0000,2,3,564.2826,-85.8047,-0.1238,32,0.8000,0.8571,7,7,5,2,1,9,6,0.3333
4,12.0000,2,6,616.6344,-87.5251,-0.1029,21,0.5250,0.7500,8,4,0,0,0,4,0,1.0000
4,12.0000,2,9,857.3386,-88.6361,-0.1561,12,0.3000,0.7143,7,8,8,0,0,8,8,0.0000
4,12.0000,2,12,426.8407,-85.2109,-0.3390,30,0.7500,0.0000,4,4,0,0,0,4,0,1.0000
4,12.0000,2,13,271.3934,-81.8289,1.1563,38,0.9500,0.2000,5,5,1,0,0,5,1,0.8000
4,12.0000,2,17,746.5990,-88.2644,0.3491,12,0.3000,1.0000,8,7,5,0,0,7,5,0.2857
4,12.0000,2,18,605.1848,-85.6075,0.0494,30,0.7500,0.2000,5,6,4,0,0,6,4,0.3333
4,12.0000,2,21,955.9095,-89.0391,-0.3271,8,0.2000,1.0000,8,8,8,0,0,8,8,0.0000
4,12.0000,2,22,395.4676,-83.9935,0.3360,35,0.8750,0.4000,5,5,1,0,0,5,1,0.8000
4,12.0000,3,0,337.6039,-82.6284,0.2617,39,0.9750,0.4000,5,6,2,0,0,6,2,0.6667
4,12.0000,3,1,650.6559,-86.4907,-0.1487,31,0.7750,0.2000,5,7,5,0,0,7,5,0.2857
4,12.0000,3,2,564.2826,-86.3623,-0.3233,36,0.9000,0.5000,6,6,2,0,0,6,2,0.6667
4,12.0000,3,6,846.3051,-88.7277,-0.2767,14,0.3500,0.8571,7,7,6,0,0,7,6,0.1429
4,12.0000,3,9,701.5084,-87.6857,0.1647,29,0.7250,0.6667,6,8,8,0,0,8,8,0.0000
4,12.0000,3,12,950.3892,-88.4531,0.6089,5,0.1250,1.0000,8,8,8,0,0,8,8,0.0000
4,12.0000,3,13,650.7832,-86.6678,-0.0887,31,0.7750,0.6364,11,6,3,0,0,6,3,0.5000
4,12.0000,3,17,389.9949,-83.0815,-0.5151,39,0.9750,0.0000,4,6,2,0,0,6,2,0.6667
4,12.0000,3,18,193.2436,-76.5347,-0.4304,39,0.9750,0.0000,5,4,0,0,0,4,0,1.0000
4,12.0000,3,19,1047.7985,-89.3129,-0.2140,6,0.1500,1.0000,8,4,4,0,0,4,4,0.0000
4,12.0000,3,21,811.3821,-88.1723,-0.3410,19,0.4750,1.0000,8,8,8,0,0,8,8,0.0000
4,12.0000,3,22,742.9234,-87.6843,0.2284,24,0.6000,0.6250,8,8,8,0,0,8,8,0.0000
4,12.0000,4,5,872.7221,-88.4967,0.3265,11,0.2750,1.0000,6,8,8,0,0,8,8,0.0000
4,12.0000,4,8,314.2652,-81.6000,0.4955,36,0.9000,0.0000,4,4,0,0,0,4,0,1.0000
4,12.0000,4,11,885.9562,-88.4740,-0.1035,11,0.2750,0.8750,8,7,6,0,0,7,6,0.1429
4,12.0000,4,14,741.7283,-88.4528,-0.0670,14,0.3500,1.0000,8,8,8,0,0,8,8,0.0000
4,12.0000,4,16,486.8420,-84.9895,0.1593,32,0.8000,0.2000,5,6,3,0,0,6,3,0.5000
4,12.0000,4,23,666.8148,-87.9038,0.2224,21,0.5250,1.0000,8,5,1,0,0,5,1,0.8000
4,12.0000,4,24,710.1400,-88.2331,0.2573,16,0.4000,1.0000,8,5,2,0,0,5,2,0.6000
4,12.0000,4,25,523.5447,-86.0728,0.6652,26,0.6500,0.5714,7,6,2,0,0,6,2,0.6667
4,12.0000,5,4,872.7221,-88.2325,-0.1277,9,0.2250,0.8571,7,7,6,0,0,7,6,0.1429
4,12.0000,5,7,563.2514,-85.7892,-0.0081,31,0.7750,0.6667,6,4,0,0,0,4,0,1.0000
4,12.0000,5,8,658.4992,-87.0966,0.0862,29,0.7250,0.7778,9,4,0,0,0,4,0,1.0000
4,12.0000,5,10,616.3584,-86.8296,0.0720,22,0.5500,0.5714,7,6,3,0,0,6,3,0.5000
4,12.0000,5,11,337.6295,-84.1116,0.2610,34,0.8500,0.4000,5,5,1,0,0,5,1,0.8000
4,12.0000,5,14,192.7414,-78.7798,0.7784,38,0.9500,0.0000,4,4,0,0,0,4,0,1.0000
4,12.0000,5,15,522.6346,-85.5641,-0.1797,34,0.8500,0.0000,4,5,2,0,0,5,2,0.6000
4,12.0000,5,16,544.4859,-86.9637,-0.0698,26,0.6500,0.5000,6,6,3,0,0,6,3,0.5000
4,12.0000,5,20,152.4973,-76.4916,1.0454,37,0.9250,0.0000,4,4,0,0,0,4,0,1.0000
4,12.0000,5,23,472.1689,-85.1915,0.2340,33,0.8250,0.0000,4,5,2,0,0,5,2,0.6000
4,12.0000,5,24,310.9315,-81.8032,0.5611,37,0.9250,0.0000,4,5,2,0,0,5,2,0.6000
4,12.0000,5,25,397.3632,-82.7439,-0.0387,34,0.8500,0.0000,4,5,1,0,0,5,1,0.8000
4,12.0000,6,0,856.9562,-88.8738,-0.0418,8,0.2000,1.0000,8,8,8,0,0,8,8,0.0000
4,12.0000,6,1,341.9513,-81.8902,0.3761,39,0.9750,0.6216,74,5,1,6,6,11,7,0.3636
4,12.0000,6,2,616.6344,-87.1385,0.5544,26,0.6500,0.4000,5,6,3,0,0,6,3,0.5000
4,12.0000,6,3,846.3051,-88.5139,0.1518,11,0.2750,0.6667,6,7,6,4,4,11,10,0.0909
4,12.0000,6,7,1010.0431,-89.3107,0.0327,5,0.1250,1.0000,10,4,4,0,0,4,4,0.0000
4,12.0000,6,9,765.7725,-87.8871,0.3477,14,0.3500,0.8571,7,6,4,0,0,6,4,0.3333
4,12.0000,6,12,796.6218,-88.0753,-0.0634,15,0.3750,0.8750,8,8,8,0,0,8,8,0.0000
4,12.0000,6,13,555.8382,-86.0895,-0.3974,25,0.6250,0.4000,5,6,3,0,0,6,3,0.5000
4,12.0000,6,17,710.2271,-88.1226,0.0552,17,0.4250,0.5000,6,6,4,32,31,38,35,0.0789
4,12.0000,6,18,974.1654,-88.0884,-0.4937,4,0.1000,1.0000,8,7,6,0,0,7,6,0.1429
4,12.0000,6,19,379.0690,-82.3598,-0.5986,38,0.9500,0.0000,4,5,1,0,0,5,1,0.8000
4,12.0000,6,21,630.1240,-86.9684,-0.4378,32,0.8000,0.5000,6,6,3,37,35,43,38,0.1163
4,12.0000,6,22,612.6124,-86.8963,-0.2842,24,0.6000,0.8750,8,7,4,0,0,7,4,0.4286
4,12.0000,7,5,563.2514,-85.7691,0.3017,22,0.5500,0.5714,7,6,4,0,0,6,4,0.3333
4,12.0000,7,6,1010.0431,-88.2802,-0.2911,5,0.1250,1.0000,8,8,8,0,0,8,8,0.0000
4,12.0000,7,10,881.8136,-88.4975,-0.1001,9,0.2250,0.8571,7,7,6,0,0,7,6,0.1429
4,12.0000,7,11,863.0583,-89.5678,0.2177,5,0.1250,1.0000,8,6,4,0,0,6,4,0.3333
4,12.0000,7,12,887.9844,-88.7671,-2.5674,3,0.0750,1.0000,8,8,8,0,0,8,8,0.0000
4,12.0000,7,14,637.0903,-87.4552,-0.5468,18,0.4500,0.7143,7,6,4,0,0,6,4,0.3333
4,12.0000,7,15,896.6541,-88.8252,0.4189,7,0.1750,1.0000,8,8,8,0,0,8,8,0.0000
4,12.0000,7,16,993.8188,-89.4121,-0.6467,3,0.0750,1.0000,10,5,4,0,0,5,4,0.2000
4,12.0000,7,20,573.4244,-86.6901,0.7180,18,0.4500,0.8571,7,6,2,0,0,6,2,0.6667
4,12.0000,7,23,609.1089,-86.9884,-0.1540,22,0.5500,0.7143,7,4,0,0,0,4,0,1.0000
4,12.0000,7,24,824.3170,-88.1734,-0.3676,7,0.1750,0.8750,8,8,8,0,0,8,8,0.0000
4,12.0000,7,25,649.5231,-86.9841,-0.3150,24,0.6000,0.5714,7,7,6,0,0,7,6,0.1429
4,12.0000,8,4,314.2652,-82.6436,0.8085,37,0.9250,0.0000,4,4,0,0,0,4,0,1.0000
4,12.0000,8,5,658.4992,-87.2504,-0.1693,19,0.4750,0.5000,6,7,5,0,0,7,5,0.2857
4,12.0000,8,7,1066.4215,-88.9918,-0.1385,5,0.1250,1.0000,6,4,4,0,0,4,4,0.0000
4,12.0000,8,11,628.3604,-86.6665,0.6184,29,0.7250,0.6667,6,8,4,0,0,8,4,0.5000
4,12.0000,8,14,525.1329,-84.7556,-0.0415,32,0.8000,0.0000,4,5,2,0,0,5,2,0.6000
4,12.0000,8,15,1013.5305,-89.1037,0.0852,6,0.1500,1.0000,8,4,4,0,0,4,4,0.0000
4,12.0000,8,16,197.6514,-76.2110,-0.1400,37,0.9250,0.0000,4,4,0,0,0,4,0,1.0000
4,12.0000,8,20,764.5284,-87.5668,0.0726,11,0.2750,1.0000,8,6,4,0,0,6,4,0.3333
4,12.0000,8,23,577.1680,-85.2473,-0.9172,26,0.6500,0.2000,5,5,2,0,0,5,2,0.6000
4,12.0000,8,24,435.0925,-84.8394,-0.0710,33,0.8250,0.3333,6,5,2,0,0,5,2,0.6000
4,12.0000,8,25,425.1481,-83.7697,0.3600,31,0.7750,0.2000,5,4,0,0,0,4,0,1.0000
4,12.0000,9,0,422.7431,-84.9120,-0.2376,34,0.8500,0.4000,5,4,0,0,0,4,0,1.0000
4,12.0000,9,1,861.8546,-88.5985,0.1624,15,0.3750,1.0000,8,6,5,0,0,6,5,0.1667
4,12.0000,9,2,857.3386,-87.9617,0.1400,8,0.2000,0.8571,7,8,8,0,0,8,8,0.0000
4,12.0000,9,3,701.5084,-87.8055,-0.2188,22,0.5500,0.7143,7,7,5,0,0,7,5,0.2857
4,12.0000,9,6,765.7725,-88.6378,-0.1082,9,0.2250,1.0000,8,6,4,0,0,6,4,0.3333
4,12.0000,9,13,998.2630,-89.1061,-0.5940,3,0.0750,1.0000,8,8,8,0,0,8,8,0.0000
4,12.0000,9,17,464.9947,-84.4440,-0.1235,31,0.7750,0.4000,5,6,3,0,0,6,3,0.5000
4,12.0000,9,18,891.4628,-88.2599,-0.2544,9,0.2250,0.8571,7,8,8,0,0,8,8,0.0000
4,12.0000,9,19,927.7404,-88.1938,0.2029,3,0.0750,1.0000,8,8,8,0,0,8,8,0.0000
4,12.0000,9,21,367.5994,-84.0644,0.2934,33,0.8250,0.2000,5,6,1,0,0,6,1,0.8333
4,12.0000,10,1,999.4463,-89.2484,-0.4290,6,0.1500,1.0000,6,10,10,0,0,10,10,0.0000
4,12.0000,10,2,1033.8436,-89.5658,0.4965,4,0.1000,1.0000,8,6,6,0,0,6,6,0.0000
4,12.0000,10,5,616.3584,-86.7459,-0.0149,25,0.6250,0.6250,8,6,4,0,0,6,4,0.3333
4,12.0000,10,7,881.8136,-88.7815,-0.2104,4,0.1000,1.0000,8,8,8,0,0,8,8,0.0000
4,12.0000,10,11,710.4146,-88.0886,0.2528,11,0.2750,1.0000,8,7,4,0,0,7,4,0.4286
4,12.0000,10,12,678.8962,-86.4571,-0.2488,26,0.6500,0.8571,7,8,8,72,72,80,80,0.0000
4,12.0000,10,13,842.4729,-87.9905,-0.1839,19,0.4750,0.8571,7,8,8,0,0,8,8,0.0000
4,12.0000,10,14,720.5469,-88.8799,0.0119,16,0.4000,0.8750,8,7,5,0,0,7,5,0.2857
4,12.0000,10,15,206.0240,-80.6186,1.4207,38,0.9500,0.2000,5,4,0,39,0,43,0,1.0000
4,12.0000,10,20,578.5100,-86.3143,0.0061,32,0.8000,0.4000,5,6,3,0,0,6,3,0.5000
4,12.0000,10,22,730.5571,-87.2762,-0.2860,28,0.7000,0.9770,87,6,6,8,8,14,14,0.0000
4,12.0000,10,23,969.6471,-88.4923,0.1395,5,0.1250,0.8571,7,8,8,0,0,8,8,0.0000
4,12.0000,10,24,750.8351,-87.5401,-0.3745,18,0.4500,0.8571,35,8,6,2,2,10,8,0.2000
4,12.0000,11,4,885.9562,-87.1656,-0.4880,6,0.1500,1.0000,8,8,8,0,0,8,8,0.0000
4,12.0000,11,5,337.6295,-83.6931,0.3421,39,0.9750,0.2000,5,5,1,0,0,5,1,0.8000
4,12.0000,11,7,863.0583,-88.0262,0.2052,7,0.1750,1.0000,6,8,8,0,0,8,8,0.0000
4,12.0000,11,8,628.3604,-87.1700,-0.1545,31,0.7750,0.5000,6,6,4,0,0,6,4,0.3333
4,12.0000,11,10,710.4146,-88.2960,0.2148,18,0.4500,0.8750,8,5,2,0,0,5,2,0.6000
4,12.0000,11,14,424.1016,-84.4960,0.4867,35,0.8750,0.2000,5,4,0,0,0,4,0,1.0000
4,12.0000,11,15,598.6406,-86.5110,-0.1018,34,0.8500,0.5714,7,8,8,0,0,8,8,0.0000
4,12.0000,11,16,549.3846,-86.1919,0.4509,31,0.7750,0.5000,6,4,0,0,0,4,0,1.0000
4,12.0000,11,20,308.4704,-82.9406,0.6681,38,0.9500,0.0000,4,4,0,0,0,4,0,1.0000
4,12.0000,11,23,731.9092,-87.8639,0.4394,23,0.5750,0.7143,7,8,7,0,0,8,7,0.1250
4,12.0000,11,24,370.5502,-83.0563,-0.2112,37,0.9250,0.0000,4,5,1,0,0,5,1,0.8000
4,12.0000,11,25,564.9098,-86.6232,-0.4517,32,0.8000,0.5000,8,3,0,0,0,3,0,1.0000
4,12.0000,12,1,549.3644,-86.1114,-0.5140,21,0.5385,0.5000,6,4,0,0,0,4,0,1.0000
4,12.0000,12,2,426.8407,-84.7032,0.2438,29,0.7436,0.2000,5,4,0,2,2,6,2,0.6667
4,12.0000,12,3,950.3892,-88.9880,-0.2224,6,0.1538,1.0000,8,8,8,0,0,8,8,0.0000
4,12.0000,12,5,1015.6751,-88.8337,-0.0118,4,0.1026,0.8750,8,8,8,0,0,8,8,0.0000
4,12.0000,12,6,796.6218,-87.5101,-0.3812,10,0.2564,0.8750,8,8,6,0,0,8,6,0.2500
4,12.0000,12,7,887.9844,-88.6937,-0.7749,8,0.2051,1.0000,8,8,8,0,0,8,8,0.0000
4,12.0000,12,10,678.8962,-87.2272,-0.1196,18,0.4615,0.7143,7,8,8,0,0,8,8,0.0000
4,12.0000,12,13,377.5467,-82.6684,-0.2496,33,0.8462,0.2000,5,5,1,0,0,5,1,0.8000
4,12.0000,12,15,870.4219,-88.4716,0.7896,7,0.1795,1.0000,8,8,8,0,0,8,8,0.0000
4,12.0000,12,18,939.5881,-89.3983,-0.1465,3,0.0769,0.8571,7,8,8,0,0,8,8,0.0000
4,12.0000,12,20,930.3359,-88.4727,-0.0491,8,0.2051,1.0000,8,8,8,0,0,8,8,0.0000
4,12.0000,12,22,377.3013,-83.8024,-0.1217,35,0.8974,0.5000,6,4,0,4,3,8,3,0.6250
4,12.0000,13,0,828.0146,-88.5778,-0.2186,14,0.3500,1.0000,8,8,8,0,0,8,8,0.0000
4,12.0000,13,1,225.0974,-80.9853,0.3202,30,0.7500,0.2000,5,3,0,0,0,3,0,1.0000
4,12.0000,13,2,271.3934,-81.4779,0.0487,32,0.8000,0.0000,4,4,0,0,0,4,0,1.0000
4,12.0000,13,3,650.7832,-87.1234,0.6248,16,0.4000,0.7500,8,7,6,0,0,7,6,0.1429
4,12.0000,13,6,555.8382,-86.5138,-0.1031,25,0.6250,0.7143,7,5,2,0,0,5,2,0.6000
4,12.0000,13,7,1021.7526,-88.0868,-0.3949,4,0.1000,1.0000,4,8,8,0,0,8,8,0.0000
4,12.0000,13,10,842.4729,-88.8312,-0.1521,6,0.1500,0.6667,6,8,8,0,0,8,8,0.0000
4,12.0000,13,12,377.5467,-82.3221,-0.6160,31,0.7750,0.0000,4,4,0,0,0,4,0,1.0000
4,12.0000,13,17,795.0024,-87.9970,0.5175,7,0.1750,1.0000,8,8,7,0,0,8,7,0.1250
4,12.0000,13,18,669.0347,-87.6697,-0.2060,14,0.3500,0.7143,7,8,8,0,0,8,8,0.0000
4,12.0000,13,19,840.3634,-87.8061,-0.4802,10,0.2500,0.7500,8,8,6,0,0,8,6,0.2500
4,12.0000,13,22,131.1395,-73.9278,0.0260,33,0.8250,0.0000,4,4,0,0,0,4,0,1.0000
4,12.0000,14,4,741.7283,-88.0933,0.1228,21,0.5250,0.5000,6,8,8,0,0,8,8,0.0000
4,12.0000,14,5,192.7414,-78.0690,0.5296,36,0.9000,0.0000,4,4,0,0,0,4,0,1.0000
4,12.0000,14,7,637.0903,-87.6907,-0.3560,18,0.4500,0.7500,8,4,1,0,0,4,1,0.7500
4,12.0000,14,8,525.1329,-85.1205,-0.6494,35,0.8750,0.0000,4,6,3,0,0,6,3,0.5000
4,12.0000,14,10,720.5469,-88.0050,0.3972,9,0.2250,1.0000,8,4,0,0,0,4,0,1.0000
4,12.0000,14,11,424.1016,-84.2561,0.1752,34,0.8500,0.0000,4,4,0,0,0,4,0,1.0000
4,12.0000,14,15,586.9014,-87.0142,0.4584,26,0.6500,0.6667,6,6,2,0,0,6,2,0.6667
4,12.0000,14,16,391.2715,-84.1724,0.1266,37,0.9250,0.3333,6,4,0,0,0,4,0,1.0000
4,12.0000,14,20,343.5006,-83.9895,0.4622,31,0.7750,0.2000,5,4,0,0,0,4,0,1.0000
4,12.0000,14,23,327.7132,-79.7311,-1.0454,38,0.9500,0.0000,4,4,0,0,0,4,0,1.0000
4,12.0000,14,24,190.6960,-76.6776,0.1868,37,0.9250,0.2000,5,4,0,0,0,4,0,1.0000
4,12.0000,14,25,297.1267,-78.9752,-0.9694,38,0.9500,0.0385,26,4,0,0,0,4,0,1.0000
4,12.0000,15,5,522.6346,-85.6323,-0.1360,32,0.8000,0.4000,5,5,1,0,0,5,1,0.8000
4,12.0000,15,7,896.6541,-88.3139,0.2931,6,0.1500,1.0000,8,8,8,0,0,8,8,0.0000
4,12.0000,15,8,1013.5305,-88.5549,0.0290,10,0.2500,1.0000,8,6,6,78,78,84,84,0.0000
4,12.0000,15,10,206.0240,-80.0911,1.2864,37,0.9250,0.0000,4,4,0,0,0,4,0,1.0000
4,12.0000,15,11,598.6406,-86.7048,0.1469,29,0.7250,0.5000,6,7,6,0,0,7,6,0.1429
4,12.0000,15,12,870.4219,-88.9872,0.1115,9,0.2250,1.0000,8,6,6,0,0,6,6,0.0000
4,12.0000,15,13,1019.3895,-89.0804,0.1839,4,0.1000,1.0000,2,4,4,0,0,4,4,0.0000
4,12.0000,15,14,586.9014,-86.4425,-0.2246,27,0.6750,0.4000,5,8,8,0,0,8,8,0.0000
4,12.0000,15,16,838.4868,-88.3468,0.0098,13,0.3250,1.0000,8,7,6,0,0,7,6,0.1429
4,12.0000,15,20,523.6306,-85.2323,0.1210,29,0.7250,0.4286,7,8,7,0,0,8,7,0.1250
4,12.0000,15,22,900.6510,-88.7668,0.4360,5,0.1250,1.0000,8,8,8,0,0,8,8,0.0000
4,12.0000,15,23,851.7760,-88.6322,0.0803,11,0.2750,0.8571,7,7,6,0,0,7,6,0.1429
4,12.0000,15,24,582.1891,-86.0577,-0.7184,31,0.7750,0.4000,5,7,5,0,0,7,5,0.2857
4,12.0000,15,25,879.5601,-88.3105,-0.3100,20,0.5000,0.8750,8,8,8,0,0,8,8,0.0000
4,12.0000,16,4,486.8420,-85.2046,-0.3584,37,0.9250,0.5000,6,5,2,0,0,5,2,0.6000
4,12.0000,16,5,544.4859,-85.9079,0.3195,23,0.5750,0.6667,9,4,0,0,0,4,0,1.0000
4,12.0000,16,7,993.8188,-89.1859,-0.5679,4,0.1000,1.0000,6,6,6,0,0,6,6,0.0000
4,12.0000,16,8,197.6514,-75.4969,-0.4460,39,0.9750,0.0000,4,4,0,0,0,4,0,1.0000
4,12.0000,16,11,549.3846,-86.3098,-0.1870,29,0.7250,0.6667,6,6,2,0,0,6,2,0.6667
4,12.0000,16,14,391.2715,-83.5847,-0.0581,35,0.8750,0.4000,5,5,1,0,0,5,1,0.8000
4,12.0000,16,15,838.4868,-88.1387,-0.0188,15,0.3750,1.0000,8,8,8,0,0,8,8,0.0000
4,12.0000,16,20,665.3150,-87.8501,0.0396,15,0.3750,0.2000,5,5,2,0,0,5,2,0.6000
4,12.0000,16,23,495.5024,-85.6065,-0.2494,29,0.7250,0.4286,7,3,0,0,0,3,0,1.0000
4,12.0000,16,24,270.3542,-82.1259,1.1150,36,0.9000,0.2000,5,4,0,0,0,4,0,1.0000
4,12.0000,16,25,406.0219,-84.4134,0.6696,35,0.8750,0.0000,4,5,1,0,0,5,1,0.8000
4,12.0000,17,0,365.9215,-82.9369,-0.2713,34,0.8718,0.0000,4,6,2,0,0,6,2,0.6667
4,12.0000,17,1,675.8368,-86.6169,-0.4499,13,0.3333,0.7143,7,8,8,0,0,8,8,0.0000
4,12.0000,17,2,746.5990,-88.3455,0.7148,11,0.2821,1.0000,8,7,5,0,0,7,5,0.2857
4,12.0000,17,3,389.9949,-82.5619,-0.3408,29,0.7436,0.0000,4,7,4,0,0,7,4,0.4286
4,12.0000,17,6,710.2271,-87.8882,0.3807,12,0.3077,0.8750,8,6,4,0,0,6,4,0.3333
4,12.0000,17,9,464.9947,-84.9903,0.4010,32,0.8205,0.2000,5,5,1,0,0,5,1,0.8000
4,12.0000,17,13,795.0024,-88.7897,-0.0988,6,0.1538,1.0000,8,5,2,0,0,5,2,0.6000
4,12.0000,17,18,568.9473,-86.1980,-0.5956,25,0.6410,0.2000,5,5,2,0,0,5,2,0.6000
4,12.0000,17,19,811.9257,-88.6928,0.7411,7,0.1795,1.0000,8,6,3,0,0,6,3,0.5000
4,12.0000,17,21,453.8232,-85.6006,-0.0796,27,0.6923,0.5000,6,5,2,0,0,5,2,0.6000
4,12.0000,17,22,885.2862,-87.6965,2.0671,5,0.1282,0.8750,8,8,6,0,0,8,6,0.2500
4,12.0000,18,0,506.1095,-84.9290,0.5175,33,0.8250,0.6667,6,5,2,0,0,5,2,0.6000
4,12.0000,18,1,725.1937,-86.5214,-0.3590,18,0.4500,1.0000,8,7,5,0,0,7,5,0.2857
4,12.0000,18,2,605.1848,-85.8350,-0.3181,29,0.7250,0.8571,7,7,5,0,0,7,5,0.2857
4,12.0000,18,3,193.2436,-76.6279,-0.2444,39,0.9750,0.0000,4,5,1,0,0,5,1,0.8000
4,12.0000,18,6,974.1654,-89.0990,-0.0162,8,0.2000,1.0000,10,6,6,0,0,6,6,0.0000
4,12.0000,18,9,891.4628,-88.1826,-0.0950,10,0.2500,1.0000,8,8,8,0,0,8,8,0.0000
4,12.0000,18,12,939.5881,-88.6218,0.1573,12,0.3000,1.0000,8,4,4,0,0,4,4,0.0000
4,12.0000,18,13,669.0347,-86.9613,-0.1882,23,0.5750,0.8571,7,6,4,0,0,6,4,0.3333
4,12.0000,18,17,568.9473,-86.1082,-0.6365,28,0.7000,0.4000,5,5,2,0,0,5,2,0.6000
4,12.0000,18,21,999.0875,-88.9049,0.0495,9,0.2250,1.0000,6,7,6,0,0,7,6,0.1429
4,12.0000,18,22,741.7715,-87.6543,-0.1600,13,0.3250,0.5000,6,8,8,0,0,8,8,0.0000
4,12.0000,19,1,623.0187,-86.2848,-0.3144,21,0.5385,0.7143,7,6,3,0,0,6,3,0.5000
4,12.0000,19,2,957.2545,-88.8768,0.3312,4,0.1026,1.0000,6,6,6,0,0,6,6,0.0000
4,12.0000,19,3,1047.7985,-87.9634,-1.8413,4,0.1026,1.0000,8,8,8,0,0,8,8,0.0000
4,12.0000,19,6,379.0690,-82.8480,-0.0911,38,0.9744,0.0000,4,4,0,0,0,4,0,1.0000
4,12.0000,19,9,927.7404,-88.8708,-0.1679,4,0.1026,0.8750,8,8,7,0,0,8,7,0.1250
4,12.0000,19,13,840.3634,-88.2941,-0.2745,8,0.2051,1.0000,8,6,4,0,0,6,4,0.3333
4,12.0000,19,17,811.9257,-88.4161,-0.0835,7,0.1795,1.0000,8,8,8,0,0,8,8,0.0000
4,12.0000,19,21,642.9664,-86.8727,0.0770,24,0.6154,0.4000,5,5,2,0,0,5,2,0.6000
4,12.0000,19,22,859.8642,-87.7389,0.2574,7,0.1795,1.0000,8,8,8,0,0,8,8,0.0000
4,12.0000,20,4,977.1569,-89.4469,-0.1507,3,0.0750,1.0000,4,6,6,0,0,6,6,0.0000
4,12.0000,20,5,152.4973,-77.5149,1.6710,39,0.9750,0.0000,4,5,1,0,0,5,1,0.8000
4,12.0000,20,7,573.4244,-87.2919,0.2035,26,0.6500,0.5000,6,6,3,0,0,6,3,0.5000
4,12.0000,20,8,764.5284,-88.0969,0.4319,16,0.4000,0.8571,7,8,7,0,0,8,7,0.1250
4,12.0000,20,10,578.5100,-86.3936,-0.6164,32,0.8000,0.0000,4,6,4,0,0,6,4,0.3333
4,12.0000,20,11,308.4704,-82.7103,0.5380,39,0.9750,0.0000,4,4,0,0,0,4,0,1.0000
4,12.0000,20,12,930.3359,-89.1892,0.0183,9,0.2250,0.7143,7,8,8,0,0,8,8,0.0000
4,12.0000,20,14,343.5006,-83.4808,1.2540,39,0.9750,0.4524,42,4,0,0,0,4,0,1.0000
4,12.0000,20,15,523.6306,-85.7409,-0.0376,36,0.9000,0.4000,5,6,4,0,0,6,4,0.3333
4,12.0000,20,16,665.3150,-88.1969,0.3492,19,0.4750,1.0000,8,6,4,0,0,6,4,0.3333
4,12.0000,20,22,1078.3058,-89.3545,0.5650,3,0.0750,1.0000,8,4,4,0,0,4,4,0.0000
4,12.0000,20,23,612.9677,-87.1121,-0.0831,27,0.6750,0.5000,6,7,5,0,0,7,5,0.2857
4,12.0000,20,24,431.3332,-84.3563,0.2206,37,0.9250,0.5000,6,4,0,0,0,4,0,1.0000
4,12.0000,20,25,511.1770,-86.7406,0.0692,29,0.7250,0.6579,38,6,2,63,40,69,42,0.3913
4,12.0000,21,0,658.5955,-87.2668,0.7940,19,0.4750,0.7500,8,9,7,4,3,13,10,0.2308
4,12.0000,21,1,809.3017,-86.9471,-0.2433,18,0.4500,0.9762,42,7,6,2,2,9,8,0.1111
4,12.0000,21,2,955.9095,-88.4498,-0.7278,7,0.1750,1.0000,8,8,8,0,0,8,8,0.0000
4,12.0000,21,3,811.3821,-88.3490,-0.3950,21,0.5250,0.9815,54,6,4,0,0,6,4,0.3333
4,12.0000,21,6,630.1240,-86.6352,0.1012,29,0.7250,0.5000,6,7,5,0,0,7,5,0.2857
4,12.0000,21,9,367.5994,-83.8906,0.3106,35,0.8750,0.2000,5,5,1,0,0,5,1,0.8000
4,12.0000,21,13,1000.9937,-88.7644,0.6052,6,0.1500,1.0000,6,8,8,0,0,8,8,0.0000
4,12.0000,21,17,453.8232,-85.1296,0.5189,32,0.8000,0.4000,5,5,2,12,8,17,10,0.4118
4,12.0000,21,18,999.0875,-88.3703,-0.7439,5,0.1250,1.0000,8,6,6,74,74,80,80,0.0000
4,12.0000,21,19,642.9664,-87.1106,-0.0624,25,0.6250,1.0000,8,7,4,0,0,7,4,0.4286
4,12.0000,21,22,1090.3847,-89.1646,-0.2603,3,0.0750,1.0000,4,8,8,0,0,8,8,0.0000
4,12.0000,22,0,945.3336,-88.4397,0.1373,8,0.2000,1.0000,8,8,8,0,0,8,8,0.0000
4,12.0000,22,1,291.9129,-81.9928,0.8540,31,0.7750,0.3333,6,4,0,0,0,4,0,1.0000
4,12.0000,22,2,395.4676,-84.8891,0.4162,29,0.7250,0.6667,6,4,0,0,0,4,0,1.0000
4,12.0000,22,3,742.9234,-88.2654,0.5915,15,0.3750,0.7500,8,8,8,4,4,12,12,0.0000
4,12.0000,22,6,612.6124,-87.2498,0.0182,21,0.5250,0.8750,8,7,4,0,0,7,4,0.4286
4,12.0000,22,7,959.9997,-89.0609,-0.4386,5,0.1250,1.0000,6,8,7,0,0,8,7,0.1250
4,12.0000,22,10,730.5571,-87.7157,-0.0779,15,0.3750,0.6250,8,8,7,0,0,8,7,0.1250
4,12.0000,22,12,377.3013,-83.3560,-0.0374,33,0.8250,0.2000,5,4,0,0,0,4,0,1.0000
4,12.0000,22,13,131.1395,-73.4884,0.6487,35,0.8750,0.2000,5,5,1,0,0,5,1,0.8000
4,12.0000,22,15,900.6510,-88.9217,-0.2377,4,0.1000,1.0000,8,8,8,0,0,8,8,0.0000
4,12.0000,22,17,885.2862,-88.5992,0.2854,11,0.2750,0.8750,8,8,8,0,0,8,8,0.0000
4,12.0000,22,18,741.7715,-88.0168,0.0525,16,0.4000,0.7143,7,8,7,0,0,8,7,0.1250
4,12.0000,22,19,859.8642,-88.5311,0.0815,10,0.2500,1.0000,8,7,6,0,0,7,6,0.1429
4,12.0000,22,20,1078.3058,-89.2117,0.1460,6,0.1500,0.8000,5,6,6,0,0,6,6,0.0000
4,12.0000,23,4,666.8148,-87.5276,0.3817,20,0.5000,0.8750,8,5,1,0,0,5,1,0.8000
4,12.0000,23,5,472.1689,-84.1223,0.0438,37,0.9250,0.5000,6,6,3,0,0,6,3,0.5000
4,12.0000,23,7,609.1089,-87.5898,0.2507,26,0.6500,0.6250,8,5,2,0,0,5,2,0.6000
4,12.0000,23,8,577.1680,-85.5065,-0.4341,33,0.8250,0.4000,5,6,3,0,0,6,3,0.5000
4,12.0000,23,10,969.6471,-88.9841,-0.0466,8,0.2000,1.0000,8,8,8,0,0,8,8,0.0000
4,12.0000,23,11,731.9092,-87.6449,-0.1644,26,0.6500,1.0000,6,10,10,0,0,10,10,0.0000
4,12.0000,23,14,327.7132,-79.6296,-1.0286,38,0.9500,0.0000,4,4,0,0,0,4,0,1.0000
4,12.0000,23,15,851.7760,-88.5211,-0.5480,9,0.2250,1.0000,8,8,8,0,0,8,8,0.0000
4,12.0000,23,16,495.5024,-85.1677,0.2094,39,0.9750,0.0000,4,4,0,0,0,4,0,1.0000
4,12.0000,23,20,612.9677,-87.2033,0.1384,24,0.6000,0.5000,8,7,4,0,0,7,4,0.4286
4,12.0000,23,24,458.1900,-84.2090,-0.1141,36,0.9000,0.2000,5,7,5,0,0,7,5,0.2857
4,12.0000,23,25,273.8539,-78.8951,-0.7310,39,0.9750,0.0000,4,4,0,0,0,4,0,1.0000
4,12.0000,24,4,710.1400,-87.8410,0.6740,14,0.3590,0.8571,7,7,6,0,0,7,6,0.1429
4,12.0000,24,5,310.9315,-81.3687,-0.9166,36,0.9231,0.0000,4,4,0,0,0,4,0,1.0000
4,12.0000,24,7,824.3170,-88.1757,-0.7513,12,0.3077,1.0000,8,8,8,0,0,8,8,0.0000
4,12.0000,24,8,435.0925,-85.0335,-0.4252,35,0.8974,0.4500,20,4,0,0,0,4,0,1.0000
4,12.0000,24,10,750.8351,-87.7554,-0.1567,19,0.4872,0.6667,6,8,7,0,0,8,7,0.1250
4,12.0000,24,11,370.5502,-82.7565,0.3610,36,0.9231,0.0000,4,6,4,0,0,6,4,0.3333
4,12.0000,24,14,190.6960,-77.4034,0.8172,38,0.9744,0.2500,4,4,0,0,0,4,0,1.0000
4,12.0000,24,15,582.1891,-85.5282,-0.7210,33,0.8462,0.4000,5,7,3,0,0,7,3,0.5714
4,12.0000,24,16,270.3542,-81.9311,1.0791,36,0.9231,0.0000,4,4,0,0,0,4,0,1.0000
4,12.0000,24,20,431.3332,-84.1419,0.0403,35,0.8974,0.4000,5,5,2,0,0,5,2,0.6000
4,12.0000,24,23,458.1900,-84.0737,0.3172,38,0.9744,0.4286,7,6,3,0,0,6,3,0.5000
4,12.0000,24,25,393.7818,-83.9191,0.5779,36,0.9231,0.5000,6,4,0,0,0,4,0,1.0000
4,12.0000,25,4,523.5447,-86.2629,0.1017,30,0.7500,0.0000,4,4,0,0,0,4,0,1.0000
4,12.0000,25,5,397.3632,-82.9832,0.1730,35,0.8750,0.0000,4,4,0,0,0,4,0,1.0000
4,12.0000,25,7,649.5231,-86.7851,-0.1820,25,0.6250,0.5000,6,7,6,0,0,7,6,0.1429
4,12.0000,25,8,425.1481,-84.6912,-0.5840,36,0.9000,0.0000,4,6,2,0,0,6,2,0.6667
4,12.0000,25,11,564.9098,-85.9748,-0.0356,29,0.7250,0.5000,6,5,1,0,0,5,1,0.8000
4,12.0000,25,14,297.1267,-78.9593,-0.3028,37,0.9250,0.2000,5,5,2,0,0,5,2,0.6000
4,12.0000,25,15,879.5601,-88.4254,-0.1994,10,0.2500,1.0000,8,8,8,0,0,8,8,0.0000
4,12.0000,25,16,406.0219,-84.7762,0.3690,36,0.9000,0.0000,4,5,1,0,0,5,1,0.8000
4,12.0000,25,20,511.1770,-86.1241,0.1059,33,0.8250,0.6667,6,6,3,0,0,6,3,0.5000
4,12.0000,25,23,273.8539,-79.3188,-0.8492,38,0.9500,0.0000,4,5,1,0,0,5,1,0.8000
4,12.0000,25,24,393.7818,-83.7865,0.1870,37,0.9250,0.0000,4,5,1,0,0,5,1,0.8000
4,16.0000,0,1,902.2367,-88.3871,-0.4140,15,0.3750,0.7143,7,8,7,0,0,8,7,0.1250
4,16.0000,0,2,720.3894,-87.6563,0.0073,16,0.4000,0.4286,7,6,4,0,0,6,4,0.3333
4,16.0000,0,3,395.9580,-83.1031,0.1202,36,0.9000,0.0000,4,4,0,0,0,4,0,1.0000
4,16.0000,0,6,802.2808,-88.4096,-0.3153,10,0.2500,1.0000,8,8,8,0,0,8,8,0.0000
4,16.0000,0,9,419.2504,-84.7231,0.5580,37,0.9250,0.4000,5,5,1,0,0,5,1,0.8000
4,16.0000,0,12,1115.6083,-89.1445,-0.4482,3,0.0750,1.0000,8,2,2,0,0,2,2,0.0000
4,16.0000,0,13,837.2176,-88.1571,-0.0195,14,0.3500,1.0000,10,8,8,0,0,8,8,0.0000
4,16.0000,0,17,419.3272,-84.2303,-0.4222,38,0.9500,0.1667,6,4,2,0,0,4,2,0.5000
4,16.0000,0,18,568.1983,-86.0301,0.0665,28,0.7000,0.5000,6,7,6,0,0,7,6,0.1429
4,16.0000,0,21,631.9018,-87.4079,-0.0912,25,0.6250,0.5000,6,5,1,0,0,5,1,0.8000
4,16.0000,0,22,944.0324,-88.9708,-0.2920,5,0.1250,1.0000,6,8,8,0,0,8,8,0.0000
4,16.0000,1,0,902.2367,-88.6424,-0.4922,9,0.2250,0.6667,6,8,7,0,0,8,7,0.1250
4,16.0000,1,2,332.3860,-82.5395,0.2982,39,0.9750,0.4000,5,4,0,0,0,4,0,1.0000
4,16.0000,1,3,824.3238,-87.9716,0.1322,22,0.5500,0.8571,7,8,8,0,0,8,8,0.0000
4,16.0000,1,6,398.7385,-82.5995,-0.7027,38,0.9500,0.4000,5,4,0,0,0,4,0,1.0000
4,16.0000,1,7,964.4665,-88.9957,-0.0545,9,0.2250,0.8571,7,8,8,0,0,8,8,0.0000
4,16.0000,1,9,904.8093,-88.5233,-0.2497,4,0.1000,1.0000,8,8,8,0,0,8,8,0.0000
4,16.0000,1,10,1015.0334,-88.7606,0.3811,6,0.1500,1.0000,8,8,8,0,0,8,8,0.0000
4,16.0000,1,12,477.5065,-85.7344,0.2977,35,0.8750,0.2000,5,4,0,0,0,4,0,1.0000
4,16.0000,1,13,137.6447,-75.4881,1.4968,38,0.9500,0.1667,6,3,0,0,0,3,0,1.0000
4,16.0000,1,15,1027.8226,-88.9929,-0.7110,3,0.0750,1.0000,4,6,6,0,0,6,6,0.0000
4,16.0000,1,17,692.5688,-87.5215,-0.1880,21,0.5250,1.0000,12,7,6,0,0,7,6,0.1429
4,16.0000,1,18,858.0982,-88.1595,0.0552,12,0.3000,0.7143,7,6,6,0,0,6,6,0.0000
4,16.0000,1,19,586.5643,-86.0640,0.3201,30,0.7500,0.5000,6,6,4,0,0,6,4,0.3333
4,16.0000,1,21,974.7142,-88.3129,-0.6072,8,0.2000,0.8000,5,6,6,0,0,6,6,0.0000
4,16.0000,1,22,210.5074,-79.4813,0.3036,38,0.9500,0.0000,4,4,0,0,0,4,0,1.0000
4,16.0000,2,0,720.3894,-88.3712,-0.0254,22,0.5500,0.3333,6,8,6,0,0,8,6,0.2500
4,16.0000,2,1,332.3860,-82.3847,-0.2027,38,0.9500,0.2000,5,4,0,0,0,4,0,1.0000
4,16.0000,2,3,671.7455,-86.5222,-0.5036,33,0.8250,0.6667,9,6,4,0,0,6,4,0.3333
4,16.0000,2,6,514.9519,-86.4436,0.2278,29,0.7250,0.0000,4,4,0,0,0,4,0,1.0000
4,16.0000,2,9,794.6206,-88.5209,0.4897,14,0.3500,1.0000,8,8,8,0,0,8,8,0.0000
4,16.0000,2,12,407.7289,-83.7468,-0.3158,35,0.8750,0.0000,4,4,0,0,0,4,0,1.0000
4,16.0000,2,13,230.2319,-79.3358,0.6368,39,0.9750,0.2000,5,4,0,0,0,4,0,1.0000
4,16.0000,2,17,680.6332,-87.5993,0.1537,23,0.5750,0.7143,7,8,6,0,0,8,6,0.2500
4,16.0000,2,18,712.4553,-87.7296,-0.3017,29,0.7250,0.6667,6,8,7,0,0,8,7,0.1250
4,16.0000,2,19,796.1724,-88.8602,-0.0926,5,0.1250,1.0000,8,8,8,0,0,8,8,0.0000
4,16.0000,2,21,971.2674,-87.7178,0.7088,5,0.1250,1.0000,8,8,8,0,0,8,8,0.0000
4,16.0000,2,22,342.4891,-82.6787,0.4824,37,0.9250,0.2000,5,5,1,0,0,5,1,0.8000
4,16.0000,3,0,395.9580,-82.7251,-0.4722,35,0.8750,0.3333,6,7,5,0,0,7,5,0.2857
4,16.0000,3,1,824.3238,-87.3598,-0.1418,14,0.3500,0.7143,7,8,8,0,0,8,8,0.0000
4,16.0000,3,2,671.7455,-86.6639,-0.0078,26,0.6500,0.3333,6,8,7,0,0,8,7,0.1250
4,16.0000,3,6,894.9245,-88.2700,0.2591,9,0.2250,0.8571,7,8,8,0,0,8,8,0.0000
4,16.0000,3,9,764.2660,-88.8814,-0.0866,15,0.3750,1.0000,8,8,8,0,0,8,8,0.0000
4,16.0000,3,12,997.9390,-88.5925,-0.0408,5,0.1250,1.0000,8,8,8,0,0,8,8,0.0000
4,16.0000,3,13,730.3538,-87.5940,0.0415,18,0.4500,0.5000,6,7,6,0,0,7,6,0.1429
4,16.0000,3,17,491.4507,-84.5379,-1.2227,33,0.8250,0.3333,6,7,6,0,0,7,6,0.1429
4,16.0000,3,18,177.6902,-76.0828,-0.1252,37,0.9250,0.0000,4,4,0,0,0,4,0,1.0000
4,16.0000,3,19,1030.6202,-87.9944,0.1482,3,0.0750,1.0000,4,8,8,0,0,8,8,0.0000
4,16.0000,3,21,904.7842,-88.3214,0.2324,13,0.3250,1.0000,8,8,8,0,0,8,8,0.0000
4,16.0000,3,22,782.8456,-88.2825,0.3784,9,0.2250,1.0000,8,8,8,0,0,8,8,0.0000
4,16.0000,4,5,783.1172,-88.6019,0.6334,12,0.3000,1.0000,8,7,6,0,0,7,6,0.1429
4,16.0000,4,7,1038.7442,-89.0265,0.1066,3,0.0750,1.0000,6,6,6,0,0,6,6,0.0000
4,16.0000,4,8,345.7965,-81.9359,-0.7246,39,0.9750,0.0000,4,5,1,0,0,5,1,0.8000
4,16.0000,4,11,906.9979,-88.1422,0.2912,7,0.1750,0.8571,7,8,8,0,0,8,8,0.0000
4,16.0000,4,14,734.2859,-88.1687,-0.1487,15,0.3750,1.0000,8,8,7,0,0,8,7,0.1250
4,16.0000,4,16,491.3966,-85.6173,-0.1932,33,0.8250,0.5000,6,6,3,0,0,6,3,0.5000
4,16.0000,4,20,834.5036,-88.6497,-0.4338,9,0.2250,0.8750,8,7,5,0,0,7,5,0.2857
4,16.0000,4,23,648.6564,-87.3554,-0.3118,21,0.5250,0.2000,5,5,1,0,0,5,1,0.8000
4,16.0000,4,24,608.2855,-87.8828,-0.1910,27,0.6750,0.4000,5,6,4,0,0,6,4,0.3333
4,16.0000,4,25,382.6536,-84.2968,0.5313,33,0.8250,0.3333,6,4,0,0,0,4,0,1.0000
4,16.0000,5,4,783.1172,-88.7727,-0.0224,16,0.4000,0.8571,7,7,5,0,0,7,5,0.2857
4,16.0000,5,7,596.2971,-86.5153,0.0661,30,0.7500,0.0000,4,7,5,0,0,7,5,0.2857
4,16.0000,5,8,667.7985,-87.4566,0.0216,28,0.7000,0.0000,4,8,8,0,0,8,8,0.0000
4,16.0000,5,10,593.3008,-86.7087,0.3720,18,0.4500,0.5000,6,6,2,0,0,6,2,0.6667
4,16.0000,5,11,255.0433,-81.1102,0.7988,40,1.0000,0.2000,5,4,0,0,0,4,0,1.0000
4,16.0000,5,12,1109.6161,-89.6660,-0.0637,3,0.0750,1.0000,8,6,6,0,0,6,6,0.0000
4,16.0000,5,14,146.8952,-75.9615,0.7410,39,0.9750,0.0000,4,5,1,0,0,5,1,0.8000
4,16.0000,5,15,585.7139,-86.9024,-0.2843,31,0.7750,0.4000,5,7,6,0,0,7,6,0.1429
4,16.0000,5,16,436.4061,-85.4442,0.4361,32,0.8000,0.5000,6,4,0,0,0,4,0,1.0000
4,16.0000,5,20,143.1658,-73.9182,0.2918,39,0.9750,0.0000,4,5,1,0,0,5,1,0.8000
4,16.0000,5,23,542.5796,-85.2109,0.1845,34,0.8500,0.4000,5,7,6,0,0,7,6,0.1429
4,16.0000,5,24,323.0243,-81.8920,-1.0746,38,0.9500,0.4000,5,4,0,0,0,4,0,1.0000
4,16.0000,5,25,431.7918,-83.7231,0.4332,39,0.9750,0.2000,5,6,2,0,0,6,2,0.6667
4,16.0000,6,0,802.2808,-88.8417,0.0099,11,0.2750,1.0000,8,8,5,0,0,8,5,0.3750
4,16.0000,6,1,398.7385,-84.0790,-0.6557,34,0.8500,0.6364,11,5,1,0,0,5,1,0.8000
4,16.0000,6,2,514.9519,-86.3803,-0.1359,28,0.7000,0.5000,6,5,2,0,0,5,2,0.6000
4,16.0000,6,3,894.9245,-88.7387,-0.4815,7,0.1750,0.9091,11,8,8,0,0,8,8,0.0000
4,16.0000,6,7,1123.4239,-89.7074,0.2865,4,0.1000,1.0000,4,2,2,0,0,2,2,0.0000
4,16.0000,6,9,629.2084,-87.3130,0.8067,22,0.5500,0.6667,6,7,6,0,0,7,6,0.1429
4,16.0000,6,12,794.5603,-88.0477,-0.0677,16,0.4000,1.0000,8,7,6,0,0,7,6,0.1429
4,16.0000,6,13,476.7329,-86.0066,0.2016,30,0.7500,0.5000,6,5,2,10,5,15,7,0.5333
4,16.0000,6,17,566.0798,-86.7213,0.5386,19,0.4750,0.9211,38,4,0,76,63,80,63,0.2125
4,16.0000,6,18,998.7099,-88.3839,0.3270,4,0.1000,0.8571,7,8,8,0,0,8,8,0.0000
4,16.0000,6,19,330.9127,-83.0239,0.7050,37,0.9250,0.2000,5,4,0,0,0,4,0,1.0000
4,16.0000,6,21,652.9152,-87.2604,0.1406,26,0.6500,0.8837,43,4,0,0,0,4,0,1.0000
4,16.0000,6,22,598.8697,-86.5981,-0.7849,26,0.6500,0.5714,7,5,1,0,0,5,1,0.8000
4,16.0000,7,1,964.4665,-88.4221,0.3680,7,0.1750,1.0000,8,8,8,0,0,8,8,0.0000
4,16.0000,7,4,1038.7442,-89.1141,0.8960,4,0.1000,1.0000,8,6,6,0,0,6,6,0.0000
4,16.0000,7,5,596.2971,-87.4539,-0.1603,27,0.6750,0.6667,6,5,2,0,0,5,2,0.6000
4,16.0000,7,10,871.6522,-88.6993,-0.0940,11,0.2750,0.8571,7,7,6,0,0,7,6,0.1429
4,16.0000,7,11,796.0805,-89.0212,-0.0264,8,0.2000,0.6667,6,7,6,0,0,7,6,0.1429
4,16.0000,7,12,906.3048,-89.0034,0.5569,5,0.1250,1.0000,8,8,8,0,0,8,8,0.0000
4,16.0000,7,13,1043.3736,-88.9862,-0.0238,4,0.1000,1.0000,10,4,4,0,0,4,4,0.0000
4,16.0000,7,14,631.4317,-87.4075,0.3134,27,0.6750,0.6667,6,7,6,0,0,7,6,0.1429
4,16.0000,7,15,874.5267,-88.3144,0.4060,11,0.2750,1.0000,8,8,8,0,0,8,8,0.0000
4,16.0000,7,16,887.1761,-89.2548,0.2635,10,0.2500,0.8000,5,8,7,0,0,8,7,0.1250
4,16.0000,7,20,487.0828,-85.4252,0.1419,31,0.7750,0.3333,6,6,3,0,0,6,3,0.5000
4,16.0000,7,22,1014.6365,-89.2172,-0.3120,6,0.1500,0.8750,8,6,6,0,0,6,6,0.0000
4,16.0000,7,23,540.8159,-86.6580,-0.3498,30,0.7500,0.0000,4,6,2,0,0,6,2,0.6667
4,16.0000,7,24,841.5445,-88.4278,0.0063,9,0.2250,1.0000,8,8,8,0,0,8,8,0.0000
4,16.0000,7,25,684.5437,-87.1751,-0.2749,24,0.6000,0.8571,7,8,6,0,0,8,6,0.2500
4,16.0000,8,4,345.7965,-81.8713,0.3152,39,0.9750,0.0000,4,4,0,0,0,4,0,1.0000
4,16.0000,8,5,667.7985,-87.7759,0.0309,25,0.6250,0.7143,7,7,5,0,0,7,5,0.2857
4,16.0000,8,11,719.0217,-87.8878,0.2154,22,0.5500,0.5000,8,7,6,0,0,7,6,0.1429
4,16.0000,8,14,617.4591,-86.1736,-0.3119,27,0.6750,0.4000,5,7,5,0,0,7,5,0.2857
4,16.0000,8,16,319.7970,-78.7827,-1.9822,39,0.9750,0.0000,4,6,3,0,0,6,3,0.5000
4,16.0000,8,20,764.2485,-87.7067,0.0111,13,0.3250,0.6667,6,7,6,0,0,7,6,0.1429
4,16.0000,8,23,742.3652,-87.4654,-0.2480,21,0.5250,0.4000,5,8,7,0,0,8,7,0.1250
4,16.0000,8,24,411.8468,-84.2572,0.5273,31,0.7750,0.4000,5,4,0,0,0,4,0,1.0000
4,16.0000,8,25,444.2359,-84.2792,0.2071,35,0.8750,0.0000,4,9,6,0,0,9,6,0.3333
4,16.0000,9,0,419.2504,-84.7760,0.1192,36,0.9000,0.0000,4,4,0,0,0,4,0,1.0000
4,16.0000,9,1,904.8093,-88.1522,-0.1996,8,0.2000,0.8333,6,8,8,0,0,8,8,0.0000
4,16.0000,9,2,794.6206,-87.7648,0.2608,11,0.2750,1.0000,8,8,8,0,0,8,8,0.0000
4,16.0000,9,3,764.2660,-87.6189,-0.2518,18,0.4500,0.7143,7,8,8,0,0,8,8,0.0000
4,16.0000,9,6,629.2084,-87.8726,-0.0730,17,0.4250,0.6667,6,6,2,0,0,6,2,0.6667
4,16.0000,9,13,895.1981,-89.2843,0.1815,5,0.1250,1.0000,8,8,8,4,4,12,12,0.0000
4,16.0000,9,17,472.4009,-85.1979,-0.4483,32,0.8000,0.5000,6,5,2,0,0,5,2,0.6000
4,16.0000,9,18,935.4802,-88.5915,0.0447,10,0.2500,1.0000,8,8,8,0,0,8,8,0.0000
4,16.0000,9,19,768.2760,-88.4492,0.1351,14,0.3500,1.0000,8,7,6,0,0,7,6,0.1429
4,16.0000,9,21,326.9691,-82.1375,0.0956,38,0.9500,0.1667,6,3,0,0,0,3,0,1.0000
4,16.0000,10,1,1015.0334,-89.0047,0.3175,4,0.1026,1.0000,10,4,4,0,0,4,4,0.0000
4,16.0000,10,2,1140.5158,-89.4930,-0.0182,3,0.0769,1.0000,6,4,4,0,0,4,4,0.0000
4,16.0000,10,5,593.3008,-87.1946,0.3158,28,0.7179,0.6667,6,7,4,0,0,7,4,0.4286
4,16.0000,10,7,871.6522,-88.3719,0.3650,10,0.2564,1.0000,8,7,6,0,0,7,6,0.1429
4,16.0000,10,11,585.8848,-87.1344,-0.1948,24,0.6154,0.5714,7,5,2,4,3,9,5,0.4444
4,16.0000,10,12,793.0971,-87.3006,0.2377,20,0.5128,1.0000,80,8,8,46,46,54,54,0.0000
4,16.0000,10,13,1008.7040,-88.6554,-0.5798,7,0.1795,1.0000,8,6,6,0,0,6,6,0.0000
4,16.0000,10,14,612.1319,-87.7166,0.0112,27,0.6923,0.7143,7,5,2,64,48,69,50,0.2754
4,16.0000,10,15,98.7919,-73.7785,1.3765,39,1.0000,0.0000,43,5,1,19,1,24,2,0.9167
4,16.0000,10,16,896.7734,-88.7485,0.6729,7,0.1795,1.0000,8,7,6,0,0,7,6,0.1429
4,16.0000,10,20,625.0347,-86.9123,0.0221,28,0.7179,0.5000,6,7,4,0,0,7,4,0.4286
4,16.0000,10,22,884.1205,-87.7999,0.0142,12,0.3077,1.0000,14,8,8,2,2,10,10,0.0000
4,16.0000,10,23,958.1939,-88.9322,0.6361,5,0.1282,1.0000,8,8,8,0,0,8,8,0.0000
4,16.0000,10,24,765.6828,-88.1212,-0.3773,17,0.4359,0.8000,10,7,6,0,0,7,6,0.1429
4,16.0000,10,25,1005.5686,-89.3025,-0.9379,4,0.1026,1.0000,6,8,8,0,0,8,8,0.0000
4,16.0000,11,4,906.9979,-88.6914,-0.2028,14,0.3500,1.0000,8,8,8,0,0,8,8,0.0000
4,16.0000,11,5,255.0433,-80.9208,0.9731,38,0.9500,0.2000,5,4,0,0,0,4,0,1.0000
4,16.0000,11,7,796.0805,-88.7132,0.0897,13,0.3250,1.0000,8,8,8,0,0,8,8,0.0000
4,16.0000,11,8,719.0217,-87.1906,-0.1171,29,0.7250,0.6667,6,6,3,6,6,12,9,0.2500
4,16.0000,11,10,585.8848,-86.6915,0.4680,22,0.5500,0.4000,5,7,3,0,0,7,3,0.5714
4,16.0000,11,12,1156.0812,-89.4931,-0.0355,3,0.0750,,0,2,2,0,0,2,2,0.0000
4,16.0000,11,14,362.5802,-83.2656,-0.5031,37,0.9250,0.0000,4,4,0,0,0,4,0,1.0000
4,16.0000,11,15,604.6836,-86.8369,0.1245,18,0.4500,1.0000,8,5,2,0,0,5,2,0.6000
4,16.0000,11,16,560.1730,-85.7638,0.7952,32,0.8000,0.0000,4,5,1,0,0,5,1,0.8000
4,16.0000,11,20,314.1615,-81.3975,-0.4336,36,0.9000,0.0000,4,4,2,0,0,4,2,0.5000
4,16.0000,11,23,792.3273,-88.0258,0.2843,12,0.3000,0.8750,8,8,8,0,0,8,8,0.0000
4,16.0000,11,24,426.4855,-84.1238,-1.2214,34,0.8500,0.2000,5,4,0,0,0,4,0,1.0000
4,16.0000,11,25,607.9118,-85.9496,-0.1913,28,0.7000,0.0000,3,7,4,0,0,7,4,0.4286
4,16.0000,12,0,1115.6083,-88.5684,-0.6750,3,0.0750,1.0000,8,6,6,0,0,6,6,0.0000
4,16.0000,12,1,477.5065,-85.3329,0.1534,27,0.6750,0.0000,4,5,1,0,0,5,1,0.8000
4,16.0000,12,2,407.7289,-83.5774,0.2807,32,0.8000,0.3333,6,5,0,0,0,5,0,1.0000
4,16.0000,12,3,997.9390,-88.7414,0.8947,5,0.1250,1.0000,8,8,8,0,0,8,8,0.0000
4,16.0000,12,5,1109.6161,-89.1550,0.3028,4,0.1000,1.0000,8,4,4,0,0,4,4,0.0000
4,16.0000,12,6,794.5603,-88.4069,-0.4017,12,0.3000,0.7500,8,8,8,0,0,8,8,0.0000
4,16.0000,12,7,906.3048,-89.0999,0.3726,7,0.1750,1.0000,8,8,8,0,0,8,8,0.0000
4,16.0000,12,10,793.0971,-87.4340,-0.0938,16,0.4000,1.0000,8,7,5,0,0,7,5,0.2857
4,16.0000,12,13,410.5157,-83.5018,-0.2526,31,0.7750,0.2000,5,5,2,0,0,5,2,0.6000
4,16.0000,12,15,849.4916,-88.5989,0.6395,4,0.1000,1.0000,8,8,7,0,0,8,7,0.1250
4,16.0000,12,17,1061.3062,-89.8300,0.0477,3,0.0750,1.0000,4,6,6,0,0,6,6,0.0000
4,16.0000,12,20,1031.4693,-89.3390,-0.2826,3,0.0750,1.0000,8,8,8,0,0,8,8,0.0000
4,16.0000,12,22,385.3180,-82.8832,-0.3273,31,0.7750,0.3750,8,5,1,1,0,6,1,0.8333
4,16.0000,13,0,837.2176,-88.4837,-0.2748,9,0.2250,1.0000,8,8,7,0,0,8,7,0.1250
4,16.0000,13,1,137.6447,-75.5204,1.0655,40,1.0000,0.0000,3,5,0,0,0,5,0,1.0000
4,16.0000,13,2,230.2319,-79.6247,0.6579,38,0.9500,0.0000,4,4,0,0,0,4,0,1.0000
4,16.0000,13,3,730.3538,-87.7270,-0.5657,23,0.5750,0.8571,7,7,5,0,0,7,5,0.2857
4,16.0000,13,6,476.7329,-85.6239,-0.3152,34,0.8500,0.4000,5,5,1,0,0,5,1,0.8000
4,16.0000,13,7,1043.3736,-89.6625,0.0567,4,0.1000,1.0000,8,6,6,0,0,6,6,0.0000
4,16.0000,13,9,895.1981,-88.0591,0.5391,5,0.1250,1.0000,8,8,8,0,0,8,8,0.0000
4,16.0000,13,10,1008.7040,-89.4293,-0.0379,5,0.1250,1.0000,8,4,4,0,0,4,4,0.0000
4,16.0000,13,12,410.5157,-83.0898,-0.6405,37,0.9250,0.0000,4,5,2,0,0,5,2,0.6000
4,16.0000,13,15,1030.7462,-89.3735,-0.0161,3,0.0750,1.0000,6,8,7,0,0,8,7,0.1250
4,16.0000,13,17,679.3147,-86.9579,0.3886,16,0.4000,0.8750,8,8,7,0,0,8,7,0.1250
4,16.0000,13,18,751.8841,-88.0100,-0.4197,19,0.4750,1.0000,8,8,8,0,0,8,8,0.0000
4,16.0000,13,19,689.9464,-87.8414,0.1018,16,0.4000,0.7500,8,4,0,0,0,4,0,1.0000
4,16.0000,13,21,1000.7970,-89.1298,0.2019,6,0.1500,1.0000,6,4,4,0,0,4,4,0.0000
4,16.0000,13,22,144.9172,-72.6669,-0.1976,39,0.9750,0.0000,4,4,0,0,0,4,0,1.0000
4,16.0000,14,4,734.2859,-87.8242,-0.1267,22,0.5500,1.0000,8,7,6,0,0,7,6,0.1429
4,16.0000,14,5,146.8952,-74.9054,0.8176,39,0.9750,0.0000,4,4,0,0,0,4,0,1.0000
4,16.0000,14,7,631.4317,-86.9165,-0.1873,26,0.6500,0.2500,4,5,1,0,0,5,1,0.8000
4,16.0000,14,8,617.4591,-86.4292,-0.3871,33,0.8250,0.5000,6,6,3,40,31,46,34,0.2609
4,16.0000,14,10,612.1319,-86.8628,0.1427,19,0.4750,0.0000,4,7,4,0,0,7,4,0.4286
4,16.0000,14,11,362.5802,-83.7275,1.0665,39,0.9750,0.0000,4,5,2,0,0,5,2,0.6000
4,16.0000,14,15,580.5859,-86.6562,0.2570,27,0.6750,0.3333,6,7,5,0,0,7,5,0.2857
4,16.0000,14,16,338.1472,-82.7429,0.5666,38,0.9500,0.0000,4,4,0,0,0,4,0,1.0000
4,16.0000,14,20,265.4647,-80.6288,0.6835,39,0.9750,0.0000,4,4,0,0,0,4,0,1.0000
4,16.0000,14,23,456.8411,-83.1287,-1.2947,38,0.9500,0.0000,4,4,0,0,0,4,0,1.0000
4,16.0000,14,24,236.1281,-77.4343,-0.6811,40,1.0000,0.0000,4,5,1,0,0,5,1,0.8000
4,16.0000,14,25,401.0120,-82.3364,-0.5838,39,0.9750,0.0000,4,4,0,0,0,4,0,1.0000
4,16.0000,15,5,585.7139,-86.6976,-0.3427,25,0.6250,0.2000,5,5,1,0,0,5,1,0.8000
4,16.0000,15,7,874.5267,-88.4555,0.1743,6,0.1500,1.0000,8,8,8,0,0,8,8,0.0000
4,16.0000,15,10,98.7919,-73.9923,1.9948,40,1.0000,0.0000,4,4,0,0,0,4,0,1.0000
4,16.0000,15,11,604.6836,-86.9087,-0.2084,25,0.6250,0.8571,7,5,2,3,2,8,4,0.5000
4,16.0000,15,12,849.4916,-88.8870,0.4211,3,0.0750,1.0000,6,8,8,0,0,8,8,0.0000
4,16.0000,15,13,1030.7462,-87.9835,-2.4475,3,0.0750,1.0000,4,6,6,0,0,6,6,0.0000
4,16.0000,15,14,580.5859,-86.6288,-0.1040,27,0.6750,1.0000,8,6,3,0,0,6,3,0.5000
4,16.0000,15,16,850.5452,-88.3510,0.4547,14,0.3500,0.8571,7,7,6,0,0,7,6,0.1429
4,16.0000,15,20,632.6821,-86.2748,-0.3418,27,0.6750,0.8750,8,8,8,0,0,8,8,0.0000
4,16.0000,15,22,903.0257,-88.2826,-0.4420,9,0.2250,1.0000,8,8,7,0,0,8,7,0.1250
4,16.0000,15,23,911.9184,-88.9877,0.6943,5,0.1250,0.8571,7,8,8,0,0,8,8,0.0000
4,16.0000,15,24,726.0246,-87.4873,-0.0409,22,0.5500,0.7143,7,8,7,0,0,8,7,0.1250
4,16.0000,15,25,979.2376,-88.9298,-0.5269,5,0.1250,1.0000,8,6,6,0,0,6,6,0.0000
4,16.0000,16,4,491.3966,-85.4639,0.3723,37,0.9024,0.4000,5,5,2,0,0,5,2,0.6000
4,16.0000,16,5,436.4061,-84.6128,0.9166,30,0.7317,0.0000,4,4,0,0,0,4,0,1.0000
4,16.0000,16,7,887.1761,-89.2239,-0.2363,3,0.0732,1.0000,6,8,8,0,0,8,8,0.0000
4,16.0000,16,8,319.7970,-79.5573,-1.7699,39,0.9512,0.0000,4,5,1,0,0,5,1,0.8000
4,16.0000,16,11,560.1730,-85.7444,-0.3256,24,0.5854,0.3333,6,7,6,0,0,7,6,0.1429
4,16.0000,16,14,338.1472,-82.9081,0.2378,32,0.7805,0.2000,5,4,0,0,0,4,0,1.0000
4,16.0000,16,15,850.5452,-88.2559,0.2156,8,0.1951,1.0000,8,7,6,0,0,7,6,0.1429
4,16.0000,16,20,552.9168,-86.3584,0.1797,21,0.5122,0.4000,5,4,0,0,0,4,0,1.0000
4,16.0000,16,23,511.7031,-85.5560,-0.1530,28,0.6829,0.0000,3,6,3,0,0,6,3,0.5000
4,16.0000,16,24,145.1618,-76.8303,1.1226,37,0.9024,0.0000,4,4,0,0,0,4,0,1.0000
4,16.0000,16,25,339.3658,-83.3955,0.6862,35,0.8537,0.2000,5,4,0,0,0,4,0,1.0000
4,16.0000,17,0,419.3272,-82.6422,-0.8622,36,0.9000,0.3333,6,5,2,0,0,5,2,0.6000
4,16.0000,17,1,692.5688,-87.5282,0.0207,21,0.5250,1.0000,8,7,6,0,0,7,6,0.1429
4,16.0000,17,2,680.6332,-87.1694,-0.0747,19,0.4750,0.7143,7,6,4,0,0,6,4,0.3333
4,16.0000,17,3,491.4507,-84.5248,-1.0905,33,0.8250,0.5714,7,6,3,0,0,6,3,0.5000
4,16.0000,17,6,566.0798,-86.6133,0.4870,17,0.4250,0.6667,6,6,3,0,0,6,3,0.5000
4,16.0000,17,9,472.4009,-85.5527,-0.9506,30,0.7500,0.2000,5,4,0,0,0,4,0,1.0000
4,16.0000,17,13,679.3147,-87.9346,0.8067,19,0.4750,0.4000,5,6,4,0,0,6,4,0.3333
4,16.0000,17,18,636.6025,-87.2034,-0.1363,25,0.6250,0.4000,5,5,2,0,0,5,2,0.6000
4,16.0000,17,19,607.3336,-87.5688,-0.3164,19,0.4750,0.5000,6,6,2,0,0,6,2,0.6667
4,16.0000,17,21,468.1595,-85.6656,-0.8250,30,0.7500,0.4000,5,6,2,0,0,6,2,0.6667
4,16.0000,17,22,774.9652,-87.9776,0.2867,12,0.3000,0.7500,8,8,7,0,0,8,7,0.1250
4,16.0000,18,0,568.1983,-85.9947,-0.0235,28,0.7000,0.4000,5,6,3,0,0,6,3,0.5000
4,16.0000,18,1,858.0982,-87.9169,-0.6037,13,0.3250,0.7143,7,7,6,0,0,7,6,0.1429
4,16.0000,18,2,712.4553,-86.3614,-0.1196,21,0.5250,0.7143,7,8,8,0,0,8,8,0.0000
4,16.0000,18,3,177.6902,-76.8014,0.3009,37,0.9250,0.2000,5,4,0,0,0,4,0,1.0000
4,16.0000,18,6,998.7099,-88.8817,-0.1550,5,0.1250,1.0000,6,6,6,0,0,6,6,0.0000
4,16.0000,18,9,935.4802,-87.8283,0.1440,9,0.2250,1.0000,8,8,8,0,0,8,8,0.0000
4,16.0000,18,12,979.0081,-89.0222,0.0619,5,0.1250,1.0000,4,6,6,0,0,6,6,0.0000
4,16.0000,18,13,751.8841,-87.4165,-0.4159,23,0.5750,0.6667,6,8,8,0,0,8,8,0.0000
4,16.0000,18,17,636.6025,-87.1520,-0.0358,28,0.7000,0.4000,5,7,5,0,0,7,5,0.2857
4,16.0000,18,21,1071.6884,-89.3123,1.1385,4,0.1000,0.8571,7,6,6,0,0,6,6,0.0000
4,16.0000,18,22,773.2162,-88.1801,0.2042,20,0.5000,1.0000,8,7,4,0,0,7,4,0.4286
4,16.0000,19,1,586.5643,-87.0268,0.1657,15,0.3659,0.5000,6,6,2,0,0,6,2,0.6667
4,16.0000,19,2,796.1724,-88.1724,-0.1733,6,0.1463,1.0000,6,8,6,0,0,8,6,0.2500
4,16.0000,19,6,330.9127,-82.9554,-0.2773,32,0.7805,0.0000,4,4,0,0,0,4,0,1.0000
4,16.0000,19,9,768.2760,-87.6359,1.5090,8,0.1951,0.8750,8,6,4,0,0,6,4,0.3333
4,16.0000,19,13,689.9464,-87.9803,-0.2343,11,0.2683,0.6667,6,6,3,0,0,6,3,0.5000
4,16.0000,19,17,607.3336,-87.3516,0.2900,17,0.4146,1.0000,8,5,2,0,0,5,2,0.6000
4,16.0000,19,21,637.1514,-87.2461,-0.1814,20,0.4878,0.4000,5,6,3,0,0,6,3,0.5000
4,16.0000,19,22,772.9763,-87.9865,-0.1386,10,0.2439,1.0000,8,8,8,0,0,8,8,0.0000
4,16.0000,20,4,834.5036,-88.6316,0.2527,7,0.1750,1.0000,6,6,4,0,0,6,4,0.3333
4,16.0000,20,5,143.1658,-73.7715,0.2158,40,1.0000,0.2000,5,4,0,0,0,4,0,1.0000
4,16.0000,20,7,487.0828,-85.8193,0.3129,33,0.8250,0.5000,6,6,2,0,0,6,2,0.6667
4,16.0000,20,8,764.2485,-88.2216,-0.2083,21,0.5250,0.8750,8,8,7,0,0,8,7,0.1250
4,16.0000,20,10,625.0347,-86.9097,0.2897,20,0.5000,0.6667,6,5,2,0,0,5,2,0.6000
4,16.0000,20,11,314.1615,-81.6445,-0.1925,40,1.0000,0.0000,4,5,2,0,0,5,2,0.6000
4,16.0000,20,12,1031.4693,-88.7181,-0.4702,4,0.1000,1.0000,8,8,8,0,0,8,8,0.0000
4,16.0000,20,14,265.4647,-80.3190,0.6172,38,0.9500,0.0000,4,5,2,0,0,5,2,0.6000
4,16.0000,20,15,632.6821,-86.0133,-0.0846,26,0.6500,0.6667,6,5,4,0,0,5,4,0.2000
4,16.0000,20,16,552.9168,-86.9283,0.1277,30,0.7500,0.6667,6,6,4,0,0,6,4,0.3333
4,16.0000,20,23,555.9555,-86.7756,0.1101,34,0.8500,0.7143,7,6,3,0,0,6,3,0.5000
4,16.0000,20,24,454.9682,-85.3505,0.3741,34,0.8500,0.0000,4,5,1,0,0,5,1,0.8000
4,16.0000,20,25,463.0718,-84.6964,0.3120,32,0.8000,0.6087,69,5,1,64,41,69,42,0.3913
4,16.0000,21,0,631.9018,-86.6189,-0.3387,21,0.5250,0.7692,13,4,0,0,0,4,0,1.0000
4,16.0000,21,1,974.7142,-88.6660,-0.3811,7,0.1750,0.8889,9,8,8,0,0,8,8,0.0000
4,16.0000,21,2,971.2674,-88.6029,0.3112,3,0.0750,1.0000,8,7,6,0,0,7,6,0.1429
4,16.0000,21,3,904.7842,-89.0610,0.0062,8,0.2000,0.6667,6,6,5,30,30,36,35,0.0278
4,16.0000,21,6,652.9152,-86.4888,-0.4716,21,0.5250,0.7143,7,8,8,38,35,46,43,0.0652
4,16.0000,21,9,326.9691,-82.0137,0.6049,38,0.9500,0.2000,5,5,1,2,0,7,1,0.8571
4,16.0000,21,17,468.1595,-84.9664,0.0489,35,0.8750,0.5882,17,7,3,2,2,9,5,0.4444
4,16.0000,21,18,1071.6884,-88.4510,-0.5054,6,0.1500,1.0000,80,6,6,6,6,12,12,0.0000
4,16.0000,21,19,637.1514,-87.0131,0.4464,24,0.6000,0.5714,7,5,2,0,0,5,2,0.6000
4,16.0000,21,22,1123.4625,-89.1598,0.4121,3,0.0750,1.0000,8,4,4,0,0,4,4,0.0000
4,16.0000,22,0,944.0324,-88.6424,1.9229,3,0.0750,1.0000,8,10,10,0,0,10,10,0.0000
4,16.0000,22,1,210.5074,-79.3980,0.7159,39,0.9750,0.0000,4,4,0,0,0,4,0,1.0000
4,16.0000,22,2,342.4891,-82.9933,0.5012,36,0.9000,0.0000,4,4,0,0,0,4,0,1.0000
4,16.0000,22,3,782.8456,-87.7598,-0.3053,20,0.5000,1.0000,12,7,6,2,2,9,8,0.1111
4,16.0000,22,6,598.8697,-87.2885,0.0426,28,0.7000,0.5714,7,4,0,0,0,4,0,1.0000
4,16.0000,22,7,1014.6365,-89.0053,-0.3264,8,0.2000,0.8750,8,8,8,0,0,8,8,0.0000
4,16.0000,22,10,884.1205,-88.0449,-0.1423,15,0.3750,0.8750,8,8,7,0,0,8,7,0.1250
4,16.0000,22,12,385.3180,-83.5238,0.0528,35,0.8750,0.0000,4,4,0,0,0,4,0,1.0000
4,16.0000,22,13,144.9172,-72.8159,-0.2060,40,1.0000,0.2000,5,4,0,0,0,4,0,1.0000
4,16.0000,22,15,903.0257,-88.4948,0.2441,7,0.1750,1.0000,8,7,6,0,0,7,6,0.1429
4,16.0000,22,17,774.9652,-88.8238,-0.2371,7,0.1750,1.0000,8,7,5,0,0,7,5,0.2857
4,16.0000,22,18,773.2162,-87.9345,-0.1290,19,0.4750,0.8750,8,7,5,0,0,7,5,0.2857
4,16.0000,22,19,772.9763,-87.8135,0.6479,15,0.3750,0.8571,7,7,6,0,0,7,6,0.1429
4,16.0000,22,21,1123.4625,-88.9533,0.1273,3,0.0750,1.0000,8,6,6,0,0,6,6,0.0000
4,16.0000,23,4,648.6564,-87.1390,0.5690,21,0.5250,0.2000,5,7,6,0,0,7,6,0.1429
4,16.0000,23,5,542.5796,-85.5568,-1.0518,31,0.7750,0.5000,6,7,5,0,0,7,5,0.2857
4,16.0000,23,7,540.8159,-86.9193,0.0317,26,0.6500,0.4000,5,5,1,0,0,5,1,0.8000
4,16.0000,23,8,742.3652,-87.3095,-0.5093,27,0.6750,0.5000,6,8,8,0,0,8,8,0.0000
4,16.0000,23,10,958.1939,-88.9446,-0.1652,4,0.1000,1.0000,8,8,8,0,0,8,8,0.0000
4,16.0000,23,11,792.3273,-87.8081,-0.4156,16,0.4000,1.0000,10,7,6,0,0,7,6,0.1429
4,16.0000,23,14,456.8411,-83.9064,-0.5562,35,0.8750,0.0000,4,6,4,0,0,6,4,0.3333
4,16.0000,23,15,911.9184,-88.7837,0.4833,6,0.1500,1.0000,8,8,8,0,0,8,8,0.0000
4,16.0000,23,16,511.7031,-85.9465,0.0183,30,0.7500,0.0000,4,7,5,0,0,7,5,0.2857
4,16.0000,23,20,555.9555,-87.4502,0.7186,24,0.6000,0.5714,7,5,1,0,0,5,1,0.8000
4,16.0000,23,24,548.1572,-84.8385,-0.5165,33,0.8250,0.7143,7,6,3,0,0,6,3,0.5000
4,16.0000,23,25,385.6823,-81.9195,-0.9986,37,0.9250,0.0000,4,6,4,0,0,6,4,0.3333
4,16.0000,24,4,608.2855,-87.1279,-0.0132,29,0.7073,0.8571,7,6,4,0,0,6,4,0.3333
4,16.0000,24,5,323.0243,-82.0489,0.3159,37,0.9024,0.0000,4,4,0,0,0,4,0,1.0000
4,16.0000,24,7,841.5445,-88.2552,0.2572,10,0.2439,1.0000,8,8,8,0,0,8,8,0.0000
4,16.0000,24,8,411.8468,-84.2830,-0.3296,38,0.9268,0.0000,4,4,0,0,0,4,0,1.0000
4,16.0000,24,10,765.6828,-87.9224,-0.5746,12,0.2927,0.8750,8,7,5,0,0,7,5,0.2857
4,16.0000,24,11,426.4855,-83.6680,-0.0518,35,0.8537,0.6667,6,7,4,0,0,7,4,0.4286
4,16.0000,24,14,236.1281,-77.9651,-0.5802,39,0.9512,0.0000,4,4,0,0,0,4,0,1.0000
4,16.0000,24,15,726.0246,-86.6368,-0.0844,20,0.4878,0.4286,7,7,6,0,0,7,6,0.1429
4,16.0000,24,16,145.1618,-77.0187,1.6540,41,1.0000,0.0000,4,5,0,0,0,5,0,1.0000
4,16.0000,24,20,454.9682,-84.3690,0.1072,39,0.9512,0.4000,5,6,2,0,0,6,2,0.6667
4,16.0000,24,23,548.1572,-85.7961,-0.1291,35,0.8537,0.5000,6,6,4,0,0,6,4,0.3333
4,16.0000,24,25,384.6638,-83.0268,0.1775,40,0.9756,0.0000,4,4,0,0,0,4,0,1.0000
4,16.0000,25,4,382.6536,-84.3900,0.6685,36,0.9000,0.0000,4,4,0,0,0,4,0,1.0000
4,16.0000,25,5,431.7918,-83.6195,-0.1521,35,0.8750,0.0000,4,5,1,0,0,5,1,0.8000
4,16.0000,25,7,684.5437,-87.6268,-0.6931,24,0.6000,0.8571,7,6,6,0,0,6,6,0.0000
4,16.0000,25,8,444.2359,-84.4795,-0.4576,38,0.9500,0.3333,6,4,0,0,0,4,0,1.0000
4,16.0000,25,10,1005.5686,-88.7557,-0.2298,8,0.2000,1.0000,8,8,8,0,0,8,8,0.0000
4,16.0000,25,11,607.9118,-86.4315,0.1100,24,0.6000,0.2000,5,8,7,0,0,8,7,0.1250
4,16.0000,25,14,401.0120,-82.6112,-0.5519,37,0.9250,0.4000,5,5,1,0,0,5,1,0.8000
4,16.0000,25,15,979.2376,-88.9828,0.0677,8,0.2000,1.0000,8,4,4,0,0,4,4,0.0000
4,16.0000,25,16,339.3658,-82.9296,0.2639,38,0.9500,0.2000,5,5,1,0,0,5,1,0.8000
4,16.0000,25,20,463.0718,-84.6666,-0.2642,34,0.8500,0.5000,6,4,0,0,0,4,0,1.0000
4,16.0000,25,23,385.6823,-81.6760,-0.7809,39,0.9750,0.2000,5,6,3,0,0,6,3,0.5000
4,16.0000,25,24,384.6638,-83.9360,0.1435,37,0.9250,0.2000,5,4,0,0,0,4,0,1.0000
4,20.0000,0,2,718.8784,-88.4353,0.3522,10,0.2500,0.6667,6,8,7,0,0,8,7,0.1250
4,20.0000,0,3,487.6164,-83.9653,-0.5861,35,0.8750,0.0000,4,7,5,0,0,7,5,0.2857
4,20.0000,0,6,681.2343,-88.0011,0.2902,18,0.4500,1.0000,8,6,3,0,0,6,3,0.5000
4,20.0000,0,9,419.4006,-84.3414,-0.4336,34,0.8500,0.2000,5,5,1,0,0,5,1,0.8000
4,20.0000,0,13,766.6313,-87.9294,0.2432,13,0.3250,1.0000,8,7,5,0,0,7,5,0.2857
4,20.0000,0,17,440.6172,-84.8386,-0.2535,37,0.9250,0.5000,4,5,0,0,0,5,0,1.0000
4,20.0000,0,18,650.6678,-87.3461,-0.6209,24,0.6000,0.8571,7,7,4,0,0,7,4,0.4286
4,20.0000,0,19,800.2897,-88.6438,0.2124,9,0.2250,1.0000,8,7,6,0,0,7,6,0.1429
4,20.0000,0,21,576.2720,-87.1216,0.0407,28,0.7000,0.2000,5,4,0,0,0,4,0,1.0000
4,20.0000,0,22,878.2877,-88.3679,0.2403,4,0.1000,1.0000,8,8,6,0,0,8,6,0.2500
4,20.0000,1,0,963.5346,-88.8420,0.3503,5,0.1250,0.8750,8,6,6,0,0,6,6,0.0000
4,20.0000,1,2,337.8019,-82.0985,0.0131,35,0.8750,0.0000,4,5,2,0,0,5,2,0.6000
4,20.0000,1,3,1004.0078,-87.5167,-0.0600,5,0.1250,1.0000,8,6,6,0,0,6,6,0.0000
4,20.0000,1,6,492.8072,-84.2341,-0.0208,31,0.7750,0.0000,4,7,4,0,0,7,4,0.4286
4,20.0000,1,7,888.7049,-89.1379,-0.1980,7,0.1750,1.0000,8,8,7,0,0,8,7,0.1250
4,20.0000,1,9,954.6422,-89.2575,-0.5221,3,0.0750,1.0000,8,8,8,0,0,8,8,0.0000
4,20.0000,1,12,415.5652,-85.1791,0.8764,31,0.7750,0.0000,4,5,1,0,0,5,1,0.8000
4,20.0000,1,13,199.3844,-74.8129,-1.5896,39,0.9750,0.0000,3,4,0,0,0,4,0,1.0000
4,20.0000,1,15,890.9929,-88.7833,0.3627,5,0.1250,1.0000,6,8,8,0,0,8,8,0.0000
4,20.0000,1,17,741.6717,-87.7714,-0.0187,16,0.4000,0.8571,7,6,4,0,0,6,4,0.3333
4,20.0000,1,18,999.7461,-88.7535,-0.1401,7,0.1750,1.0000,6,8,8,0,0,8,8,0.0000
4,20.0000,1,19,591.1348,-86.9148,0.3117,23,0.5750,0.6667,6,8,7,0,0,8,7,0.1250
4,20.0000,1,21,1127.6055,-89.2199,0.0996,5,0.1250,1.0000,6,4,4,0,0,4,4,0.0000
4,20.0000,1,22,221.7375,-78.2518,-0.1599,39,0.9750,0.0000,4,4,0,0,0,4,0,1.0000
4,20.0000,2,0,718.8784,-87.6698,-0.3642,14,0.3500,0.7500,8,6,4,0,0,6,4,0.3333
4,20.0000,2,1,337.8019,-81.7239,-0.1929,36,0.9000,0.0000,4,4,0,0,0,4,0,1.0000
4,20.0000,2,3,821.9573,-87.9789,-0.2940,19,0.4750,0.6667,6,8,7,0,0,8,7,0.1250
4,20.0000,2,6,421.5060,-85.4070,0.1884,35,0.8750,0.0000,4,4,0,0,0,4,0,1.0000
4,20.0000,2,9,743.4963,-88.0596,0.2801,17,0.4250,1.0000,8,8,7,0,0,8,7,0.1250
4,20.0000,2,12,393.4001,-83.8120,0.2302,36,0.9000,0.0000,4,4,0,0,0,4,0,1.0000
4,20.0000,2,13,192.2231,-77.4438,0.5374,39,0.9750,0.0000,4,4,0,0,0,4,0,1.0000
4,20.0000,2,17,648.7588,-87.5888,0.4791,23,0.5750,0.7500,8,7,5,0,0,7,5,0.2857
4,20.0000,2,18,848.3851,-88.1520,-0.6305,13,0.3250,0.8750,8,8,8,0,0,8,8,0.0000
4,20.0000,2,19,647.9399,-87.9052,0.3119,19,0.4750,1.0000,8,7,3,0,0,7,3,0.5714
4,20.0000,2,21,987.7666,-88.9514,-0.5641,3,0.0750,1.0000,8,6,6,0,0,6,6,0.0000
4,20.0000,2,22,318.1928,-81.5408,0.4924,38,0.9500,0.2000,5,4,0,0,0,4,0,1.0000
4,20.0000,3,0,487.6164,-84.6016,-0.8971,32,0.8000,0.7143,7,6,4,0,0,6,4,0.3333
4,20.0000,3,2,821.9573,-87.6605,-0.2803,14,0.3500,0.8750,8,8,8,0,0,8,8,0.0000
4,20.0000,3,6,949.6997,-88.8655,0.0710,10,0.2500,1.0000,8,8,8,0,0,8,8,0.0000
4,20.0000,3,9,884.8970,-88.0198,-0.0124,15,0.3750,1.0000,8,8,8,0,0,8,8,0.0000
4,20.0000,3,13,829.9614,-87.2798,-0.0645,14,0.3500,0.8571,7,8,8,2,2,10,10,0.0000
4,20.0000,3,17,667.4574,-86.7530,-0.6658,30,0.7500,0.8571,7,6,4,0,0,6,4,0.3333
4,20.0000,3,18,177.8023,-75.5855,-0.2619,38,0.9500,0.0000,4,4,0,0,0,4,0,1.0000
4,20.0000,3,21,992.6553,-88.3398,0.8182,8,0.2000,1.0000,8,6,6,0,0,6,6,0.0000
4,20.0000,3,22,828.6772,-88.8080,-0.0640,13,0.3250,1.0000,8,7,5,0,0,7,5,0.2857
4,20.0000,4,5,731.1246,-88.7161,0.1635,15,0.3750,0.8571,7,7,6,0,0,7,6,0.1429
4,20.0000,4,7,959.2737,-89.2478,0.3181,4,0.1000,1.0000,6,8,8,0,0,8,8,0.0000
4,20.0000,4,8,439.5366,-83.3592,-0.7927,38,0.9500,0.2000,5,7,4,0,0,7,4,0.4286
4,20.0000,4,11,916.9663,-88.7455,-0.1516,13,0.3250,1.0000,8,7,6,0,0,7,6,0.1429
4,20.0000,4,14,740.5033,-87.3119,-0.4362,21,0.5250,0.8750,8,7,6,0,0,7,6,0.1429
4,20.0000,4,16,477.0981,-84.9984,-0.1020,35,0.8750,0.5000,6,6,2,0,0,6,2,0.6667
4,20.0000,4,20,687.2770,-87.5834,-0.1104,19,0.4750,0.7143,7,7,4,0,0,7,4,0.4286
4,20.0000,4,23,631.5725,-86.9020,0.1386,31,0.7750,0.2000,5,6,3,0,0,6,3,0.5000
4,20.0000,4,24,560.1227,-86.7468,0.6806,34,0.8500,0.6667,6,5,1,0,0,5,1,0.8000
4,20.0000,4,25,255.4627,-81.2005,1.0612,40,1.0000,0.0000,4,4,0,0,0,4,0,1.0000
4,20.0000,5,4,731.1246,-88.2054,0.2490,22,0.5500,0.7143,7,7,6,0,0,7,6,0.1429
4,20.0000,5,7,641.2260,-86.8683,-0.1558,29,0.7250,0.7143,7,8,7,0,0,8,7,0.1250
4,20.0000,5,8,669.3233,-87.4735,0.3199,28,0.7000,1.0000,8,6,3,0,0,6,3,0.5000
4,20.0000,5,10,543.0208,-86.3023,0.7479,32,0.8000,0.3333,6,6,2,0,0,6,2,0.6667
4,20.0000,5,11,217.6224,-78.6597,0.6521,38,0.9500,0.0000,4,4,0,0,0,4,0,1.0000
4,20.0000,5,14,150.7199,-74.2186,-0.2797,39,0.9750,0.2000,5,5,1,0,0,5,1,0.8000
4,20.0000,5,15,661.0805,-86.7426,-0.6708,27,0.6750,0.8571,7,7,6,0,0,7,6,0.1429
4,20.0000,5,16,385.7495,-84.3890,0.1127,37,0.9250,0.0000,4,5,2,0,0,5,2,0.6000
4,20.0000,5,20,218.9806,-75.9549,-1.2673,39,0.9750,0.2000,5,4,0,0,0,4,0,1.0000
4,20.0000,5,23,643.9970,-86.5923,-0.0534,29,0.7250,0.8571,7,8,8,0,0,8,8,0.0000
4,20.0000,5,24,344.3199,-81.8215,-0.5399,38,0.9500,0.0000,4,4,0,0,0,4,0,1.0000
4,20.0000,5,25,487.0144,-85.3506,-0.4762,37,0.9250,0.3333,6,5,1,0,0,5,1,0.8000
4,20.0000,6,0,681.2343,-88.2776,0.2355,19,0.4872,0.6250,8,6,4,0,0,6,4,0.3333
4,20.0000,6,1,492.8072,-84.8488,-0.2769,33,0.8462,0.2000,5,8,7,0,0,8,7,0.1250
4,20.0000,6,2,421.5060,-84.8002,0.0743,33,0.8462,0.4000,5,5,2,0,0,5,2,0.6000
4,20.0000,6,3,949.6997,-89.5262,0.2261,5,0.1282,1.0000,8,6,6,0,0,6,6,0.0000
4,20.0000,6,9,506.4104,-86.6374,0.4567,26,0.6667,0.8571,7,4,0,0,0,4,0,1.0000
4,20.0000,6,12,771.1196,-88.1949,0.0859,14,0.3590,0.8571,7,7,6,0,0,7,6,0.1429
4,20.0000,6,13,387.7998,-84.5665,0.0258,31,0.7949,0.4667,15,6,3,0,0,6,3,0.5000
4,20.0000,6,17,439.7859,-85.5361,0.5268,36,0.9231,0.7875,80,4,0,72,49,76,49,0.3553
4,20.0000,6,18,1031.0202,-88.8273,-1.5901,4,0.1026,1.0000,8,4,4,0,0,4,4,0.0000
4,20.0000,6,19,293.9908,-81.5435,0.2742,38,0.9744,0.0000,4,4,0,0,0,4,0,1.0000
4,20.0000,6,21,671.9563,-87.6532,0.2043,20,0.5128,0.0000,4,6,3,0,0,6,3,0.5000
4,20.0000,6,22,583.4828,-86.4602,-0.4477,27,0.6923,0.2000,5,6,4,0,0,6,4,0.3333
4,20.0000,7,1,888.7049,-88.2896,-0.6826,8,0.2051,1.0000,8,8,8,0,0,8,8,0.0000
4,20.0000,7,2,1099.5765,-89.2922,-0.1668,3,0.0769,1.0000,4,8,8,0,0,8,8,0.0000
4,20.0000,7,5,641.2260,-87.3918,0.3795,23,0.5897,0.4000,5,9,6,0,0,9,6,0.3333
4,20.0000,7,10,847.6310,-88.8023,-0.1911,8,0.2051,0.8571,7,8,8,0,0,8,8,0.0000
4,20.0000,7,11,753.0759,-87.9016,-0.2967,15,0.3846,0.8571,7,7,6,0,0,7,6,0.1429
4,20.0000,7,12,891.8939,-88.8546,0.3885,10,0.2564,1.0000,8,8,7,0,0,8,7,0.1250
4,20.0000,7,13,1064.5715,-88.4796,1.9253,3,0.0769,1.0000,4,6,6,0,0,6,6,0.0000
4,20.0000,7,14,629.3169,-87.3389,0.3331,25,0.6410,0.8571,7,8,6,0,0,8,6,0.2500
4,20.0000,7,15,844.8711,-88.3841,-0.6090,8,0.2051,1.0000,8,6,3,0,0,6,3,0.5000
4,20.0000,7,16,805.2642,-87.6913,-0.3538,11,0.2821,0.8750,8,5,2,0,0,5,2,0.6000
4,20.0000,7,20,455.2499,-84.8764,0.6113,27,0.6923,0.5000,6,5,2,0,0,5,2,0.6000
4,20.0000,7,22,1055.8276,-89.3574,0.2334,4,0.1026,1.0000,6,6,6,0,0,6,6,0.0000
4,20.0000,7,23,511.8078,-86.7474,0.6743,27,0.6923,0.3333,6,5,1,0,0,5,1,0.8000
4,20.0000,7,24,886.6017,-88.2618,0.3492,8,0.2051,1.0000,8,8,8,0,0,8,8,0.0000
4,20.0000,7,25,751.9584,-88.1003,-0.6290,16,0.4103,0.7500,8,7,6,0,0,7,6,0.1429
4,20.0000,8,4,439.5366,-83.7338,-0.4870,37,0.9250,0.0000,4,4,0,0,0,4,0,1.0000
4,20.0000,8,5,669.3233,-87.2184,-0.0269,18,0.4500,0.7143,7,8,7,0,0,8,7,0.1250
4,20.0000,8,11,790.5626,-87.8405,-0.4332,16,0.4000,0.8571,7,8,8,0,0,8,8,0.0000
4,20.0000,8,14,696.3010,-86.9229,-0.5532,21,0.5250,0.7143,7,7,5,0,0,7,5,0.2857
4,20.0000,8,16,441.9853,-83.5228,-0.7564,32,0.8000,0.5000,6,6,3,0,0,6,3,0.5000
4,20.0000,8,20,754.7185,-87.8731,-0.3095,10,0.2500,0.8571,7,6,3,0,0,6,3,0.5000
4,20.0000,8,23,889.5225,-88.2799,-0.1941,13,0.3250,0.8750,8,8,8,0,0,8,8,0.0000
4,20.0000,8,24,387.6015,-83.7164,-0.6974,34,0.8500,0.0000,4,4,0,0,0,4,0,1.0000
4,20.0000,8,25,452.6672,-84.8937,0.1621,30,0.7500,0.6667,9,5,1,0,0,5,1,0.8000
4,20.0000,9,0,419.4006,-84.4059,-0.4465,34,0.8500,0.0000,4,6,3,0,0,6,3,0.5000
4,20.0000,9,1,954.6422,-88.9219,-0.1074,8,0.2000,1.0000,8,8,8,0,0,8,8,0.0000
4,20.0000,9,2,743.4963,-87.5590,0.5144,9,0.2250,1.0000,8,7,6,0,0,7,6,0.1429
4,20.0000,9,3,884.8970,-88.0617,0.0105,12,0.3000,1.0000,8,8,8,0,0,8,8,0.0000
4,20.0000,9,6,506.4104,-86.6085,0.2071,29,0.7250,0.3333,6,6,3,0,0,6,3,0.5000
4,20.0000,9,13,789.2147,-88.7438,0.3173,8,0.2000,1.0000,12,6,4,0,0,6,4,0.3333
4,20.0000,9,17,462.9178,-85.1896,-0.4235,31,0.7750,0.4000,5,5,2,0,0,5,2,0.6000
4,20.0000,9,18,1033.2775,-88.6913,-0.5725,4,0.1000,1.0000,8,8,8,0,0,8,8,0.0000
4,20.0000,9,19,638.4006,-87.2851,0.3602,16,0.4000,0.8571,7,6,3,0,0,6,3,0.5000
4,20.0000,9,21,331.6627,-81.3049,0.2106,37,0.9250,0.0000,3,4,0,0,0,4,0,1.0000
4,20.0000,9,22,966.2818,-88.7052,-0.2348,3,0.0750,1.0000,4,8,8,0,0,8,8,0.0000
4,20.0000,10,1,1028.9020,-88.7300,-0.7051,3,0.0750,1.0000,4,8,8,0,0,8,8,0.0000
4,20.0000,10,5,543.0208,-85.5459,0.7248,25,0.6250,0.5714,7,5,2,0,0,5,2,0.6000
4,20.0000,10,7,847.6310,-88.4394,-0.4344,10,0.2500,0.8571,7,8,8,0,0,8,8,0.0000
4,20.0000,10,11,475.9401,-86.1666,0.2425,26,0.6500,0.5556,9,6,2,0,0,6,2,0.6667
4,20.0000,10,12,917.0616,-88.4724,-0.2984,6,0.1500,1.0000,54,8,8,0,0,8,8,0.0000
4,20.0000,10,14,495.1503,-85.6833,0.6009,25,0.6250,0.7246,69,7,4,5,3,12,7,0.4167
4,20.0000,10,15,176.0896,-71.6603,-1.4757,40,1.0000,0.0833,24,4,0,14,1,18,1,0.9444
4,20.0000,10,16,791.8709,-88.9983,0.1311,5,0.1250,0.8571,7,7,6,0,0,7,6,0.1429
4,20.0000,10,20,669.6288,-86.9461,0.1189,23,0.5750,0.5714,7,6,4,0,0,6,4,0.3333
4,20.0000,10,22,1037.4580,-89.3007,0.3663,3,0.0750,1.0000,10,6,6,0,0,6,6,0.0000
4,20.0000,10,23,952.3467,-89.0385,0.4340,4,0.1000,1.0000,8,8,8,0,0,8,8,0.0000
4,20.0000,10,24,745.9152,-87.8127,0.3255,15,0.3750,0.8571,7,6,3,0,0,6,3,0.5000
4,20.0000,10,25,1003.8795,-88.9561,-0.3535,4,0.1000,1.0000,8,8,8,74,74,82,82,0.0000
4,20.0000,11,4,916.9663,-88.9360,-0.2430,6,0.1500,1.0000,8,8,8,0,0,8,8,0.0000
4,20.0000,11,5,217.6224,-78.4445,0.7673,39,0.9750,0.0000,4,4,0,0,0,4,0,1.0000
4,20.0000,11,7,753.0759,-88.2393,-0.4384,11,0.2750,1.0000,8,6,4,0,0,6,4,0.3333
4,20.0000,11,8,790.5626,-88.1627,-0.0294,18,0.4500,0.7500,12,7,6,0,0,7,6,0.1429
4,20.0000,11,10,475.9401,-85.2832,0.3941,34,0.8500,0.4286,7,5,2,0,0,5,2,0.6000
4,20.0000,11,14,325.4291,-82.1424,0.5901,35,0.8750,0.0000,4,6,3,0,0,6,3,0.5000
4,20.0000,11,15,628.2508,-87.2015,-0.1652,22,0.5500,0.4000,5,6,4,0,0,6,4,0.3333
4,20.0000,11,16,579.7215,-86.2021,0.0784,34,0.8500,0.2000,5,5,1,0,0,5,1,0.8000
4,20.0000,11,20,374.0619,-82.6326,-0.4877,35,0.8750,0.5000,4,5,1,0,0,5,1,0.8000
4,20.0000,11,23,849.9340,-88.3147,-0.0014,9,0.2250,1.0000,8,8,8,0,0,8,8,0.0000
4,20.0000,11,24,494.3138,-84.7437,-0.4502,33,0.8250,0.0000,4,5,2,0,0,5,2,0.6000
4,20.0000,11,25,676.2737,-87.2578,0.1669,22,0.5500,0.5714,7,8,7,0,0,8,7,0.1250
4,20.0000,12,1,415.5652,-84.5096,0.3398,34,0.8500,0.2000,5,5,1,0,0,5,1,0.8000
4,20.0000,12,2,393.4001,-83.5244,0.2436,34,0.8500,0.0000,5,3,0,0,0,3,0,1.0000
4,20.0000,12,3,1061.4251,-88.5041,-0.9820,3,0.0750,1.0000,8,4,4,0,0,4,4,0.0000
4,20.0000,12,6,771.1196,-87.9172,-0.3486,9,0.2250,1.0000,8,7,6,0,0,7,6,0.1429
4,20.0000,12,7,891.8939,-88.5699,0.1479,6,0.1500,1.0000,8,8,8,0,0,8,8,0.0000
4,20.0000,12,10,917.0616,-87.8181,-0.0164,10,0.2500,0.7143,7,8,8,0,0,8,8,0.0000
4,20.0000,12,13,448.7799,-84.2287,-0.3682,35,0.8750,0.4000,5,5,2,0,0,5,2,0.6000
4,20.0000,12,15,823.7309,-88.6944,0.0171,13,0.3250,0.8750,8,8,8,0,0,8,8,0.0000
4,20.0000,12,18,1026.9466,-89.3694,-0.0289,5,0.1250,1.0000,4,6,6,0,0,6,6,0.0000
4,20.0000,12,19,961.6258,-88.5015,-1.0863,3,0.0750,0.7143,7,8,8,0,0,8,8,0.0000
4,20.0000,12,20,1135.7414,-89.3178,-0.5751,3,0.0750,1.0000,8,4,4,0,0,4,4,0.0000
4,20.0000,12,22,388.6766,-83.0965,0.2342,35,0.8750,0.1667,6,6,4,0,0,6,4,0.3333
4,20.0000,13,0,766.6313,-88.5345,-0.1176,13,0.3250,0.8750,8,5,2,0,0,5,2,0.6000
4,20.0000,13,1,199.3844,-74.8446,-1.0746,38,0.9500,0.0000,5,4,0,0,0,4,0,1.0000
4,20.0000,13,2,192.2231,-77.9099,0.2268,39,0.9750,0.0000,4,4,0,0,0,4,0,1.0000
4,20.0000,13,3,829.9614,-88.4154,-0.4386,14,0.3500,0.7143,7,8,8,0,0,8,8,0.0000
4,20.0000,13,6,387.7998,-84.6009,0.6702,32,0.8000,0.2000,5,5,1,0,0,5,1,0.8000
4,20.0000,13,9,789.2147,-88.0938,0.3741,15,0.3750,1.0000,8,7,5,0,0,7,5,0.2857
4,20.0000,13,12,448.7799,-83.7297,-0.4382,31,0.7750,0.4000,5,5,1,0,0,5,1,0.8000
4,20.0000,13,15,1048.1784,-88.9495,0.4456,3,0.0750,0.8750,8,8,8,0,0,8,8,0.0000
4,20.0000,13,17,586.9088,-87.4298,0.1876,28,0.7000,0.8750,8,5,2,0,0,5,2,0.6000
4,20.0000,13,18,845.6897,-88.4415,-0.1634,13,0.3250,1.0000,8,8,8,0,0,8,8,0.0000
4,20.0000,13,19,534.3083,-86.1467,0.7132,26,0.6500,0.0000,4,6,2,0,0,6,2,0.6667
4,20.0000,13,21,978.7211,-88.8078,0.1262,4,0.1000,1.0000,4,8,8,0,0,8,8,0.0000
4,20.0000,13,22,200.3435,-75.4522,-1.2043,39,0.9750,0.0000,4,4,0,0,0,4,0,1.0000
4,20.0000,14,4,740.5033,-87.6689,0.1335,24,0.5854,0.8571,7,7,5,0,0,7,5,0.2857
4,20.0000,14,5,150.7199,-74.4597,-0.3882,40,0.9756,0.0000,4,4,0,0,0,4,0,1.0000
4,20.0000,14,7,629.3169,-87.2969,0.3908,21,0.5122,0.2000,5,7,6,0,0,7,6,0.1429
4,20.0000,14,8,696.3010,-87.6127,0.0113,22,0.5366,0.7391,46,7,5,3,1,10,6,0.4000
4,20.0000,14,10,495.1503,-86.8330,0.0514,26,0.6341,0.5714,7,5,1,0,0,5,1,0.8000
4,20.0000,14,11,325.4291,-82.8613,-0.1147,38,0.9268,0.4000,5,5,1,0,0,5,1,0.8000
4,20.0000,14,15,586.9505,-86.5809,-0.3931,26,0.6341,0.7143,7,8,6,0,0,8,6,0.2500
4,20.0000,14,16,330.3645,-81.8225,-0.0174,35,0.8537,0.0000,4,4,0,0,0,4,0,1.0000
4,20.0000,14,20,279.4750,-80.1708,-0.2594,39,0.9512,0.0000,4,4,0,0,0,4,0,1.0000
4,20.0000,14,23,565.4895,-85.8767,-0.2861,29,0.7073,0.0000,4,6,2,0,0,6,2,0.6667
4,20.0000,14,24,326.4819,-80.7879,-0.9342,37,0.9024,0.2000,5,4,0,0,0,4,0,1.0000
4,20.0000,14,25,510.7011,-83.7552,-0.6704,31,0.7561,0.0000,4,6,4,0,0,6,4,0.3333
4,20.0000,15,1,890.9929,-88.8390,-0.4077,7,0.1750,1.0000,8,8,8,0,0,8,8,0.0000
4,20.0000,15,2,1127.4932,-88.6350,-0.5031,3,0.0750,1.0000,2,8,8,0,0,8,8,0.0000
4,20.0000,15,5,661.0805,-86.5105,-0.2188,27,0.6750,0.2000,5,8,7,0,0,8,7,0.1250
4,20.0000,15,7,844.8711,-88.4108,-0.4663,7,0.1750,1.0000,8,10,10,0,0,10,10,0.0000
4,20.0000,15,10,176.0896,-71.6808,-1.4823,39,0.9750,0.0000,4,4,0,0,0,4,0,1.0000
4,20.0000,15,11,628.2508,-86.6839,-0.0938,25,0.6250,0.5000,8,6,4,0,0,6,4,0.3333
4,20.0000,15,12,823.7309,-88.4481,0.3198,10,0.2500,1.0000,8,8,8,0,0,8,8,0.0000
4,20.0000,15,13,1048.1784,-89.5616,0.0816,3,0.0750,1.0000,6,6,6,0,0,6,6,0.0000
4,20.0000,15,14,586.9505,-86.3776,-0.0835,28,0.7000,0.5000,6,6,3,0,0,6,3,0.5000
4,20.0000,15,16,873.9364,-87.9891,-0.4547,11,0.2750,0.8571,7,8,8,0,0,8,8,0.0000
4,20.0000,15,20,754.4829,-87.3394,-0.1013,17,0.4250,1.0000,8,8,8,0,0,8,8,0.0000
4,20.0000,15,22,891.8512,-87.4939,1.1033,4,0.1000,0.8750,8,8,8,0,0,8,8,0.0000
4,20.0000,15,23,954.7716,-89.0385,-0.1635,4,0.1000,1.0000,8,8,8,0,0,8,8,0.0000
4,20.0000,15,24,855.2510,-88.5397,-0.4923,15,0.3750,0.8750,8,8,8,0,0,8,8,0.0000
4,20.0000,16,4,477.0981,-85.6342,0.2488,33,0.8250,0.4000,5,5,1,0,0,5,1,0.8000
4,20.0000,16,5,385.7495,-84.7891,0.5830,36,0.9000,0.0000,4,5,1,0,0,5,1,0.8000
4,20.0000,16,7,805.2642,-88.6329,0.3605,11,0.2750,1.0000,8,8,8,0,0,8,8,0.0000
4,20.0000,16,8,441.9853,-83.4600,-0.5696,38,0.9500,0.2000,5,6,2,0,0,6,2,0.6667
4,20.0000,16,10,791.8709,-88.7858,0.2293,19,0.4750,0.7500,8,8,7,0,0,8,7,0.1250
4,20.0000,16,11,579.7215,-86.0837,-0.0160,31,0.7750,0.8571,7,6,3,0,0,6,3,0.5000
4,20.0000,16,14,330.3645,-82.1704,0.3447,36,0.9000,0.0000,4,4,0,0,0,4,0,1.0000
4,20.0000,16,20,456.6624,-85.1660,0.2673,36,0.9000,0.0000,4,4,0,0,0,4,0,1.0000
4,20.0000,16,23,518.0856,-85.5358,-0.0592,31,0.7750,0.5000,6,5,2,0,0,5,2,0.6000
4,20.0000,16,24,164.6920,-74.3200,-0.2519,40,1.0000,0.0000,4,4,0,0,0,4,0,1.0000
4,20.0000,16,25,327.1843,-81.8994,-0.1511,39,0.9750,0.0000,4,4,0,0,0,4,0,1.0000
4,20.0000,17,0,440.6172,-84.4743,-0.2781,36,0.8780,0.4000,5,4,0,0,0,4,0,1.0000
4,20.0000,17,1,741.6717,-88.0092,-0.1617,15,0.3659,0.8571,7,7,6,0,0,7,6,0.1429
4,20.0000,17,2,648.7588,-86.8125,-0.0674,21,0.5122,0.6667,6,6,4,0,0,6,4,0.3333
4,20.0000,17,3,667.4574,-85.9861,-0.0188,27,0.6585,0.5000,6,8,8,0,0,8,8,0.0000
4,20.0000,17,6,439.7859,-85.1609,0.0007,30,0.7317,0.5000,6,5,2,0,0,5,2,0.6000
4,20.0000,17,9,462.9178,-85.2473,0.5107,30,0.7317,0.0000,4,4,0,0,0,4,0,1.0000
4,20.0000,17,12,1015.8590,-89.4449,0.0855,3,0.0732,1.0000,8,6,6,0,0,6,6,0.0000
4,20.0000,17,13,586.9088,-86.7652,-0.0870,26,0.6341,0.6667,6,4,0,0,0,4,0,1.0000
4,20.0000,17,18,781.1321,-87.5230,-0.8941,16,0.3902,0.4000,5,7,6,0,0,7,6,0.1429
4,20.0000,17,19,408.2106,-84.6594,0.6663,33,0.8049,0.3333,6,4,0,0,0,4,0,1.0000
4,20.0000,17,21,479.5106,-84.6134,-0.0295,33,0.8049,0.3333,6,4,0,0,0,4,0,1.0000
4,20.0000,17,22,713.5587,-87.8750,0.0735,15,0.3659,0.8750,8,7,5,0,0,7,5,0.2857
4,20.0000,18,0,650.6678,-87.0880,-0.0183,27,0.6750,0.5000,6,5,2,0,0,5,2,0.6000
4,20.0000,18,1,999.7461,-88.1535,0.0055,9,0.2250,0.8571,7,6,6,0,0,6,6,0.0000
4,20.0000,18,2,848.3851,-88.2061,-0.6426,14,0.3500,1.0000,8,8,8,0,0,8,8,0.0000
4,20.0000,18,3,177.8023,-75.8904,-0.1298,38,0.9500,0.0000,4,4,0,0,0,4,0,1.0000
4,20.0000,18,6,1031.0202,-89.4639,-0.0189,3,0.0750,1.0000,6,8,8,0,0,8,8,0.0000
4,20.0000,18,9,1033.2775,-89.2061,-0.2631,8,0.2000,1.0000,8,6,6,0,0,6,6,0.0000
4,20.0000,18,13,845.6897,-88.6277,-0.3740,15,0.3750,1.0000,8,8,8,0,0,8,8,0.0000
4,20.0000,18,17,781.1321,-87.8750,-0.2959,22,0.5500,0.7143,7,7,6,0,0,7,6,0.1429
4,20.0000,18,21,1148.8516,-89.0073,-0.0227,3,0.0750,1.0000,6,4,4,0,0,4,4,0.0000
4,20.0000,18,22,801.7583,-88.3257,-0.3912,13,0.3250,0.5714,7,7,6,0,0,7,6,0.1429
4,20.0000,19,0,800.2897,-89.0508,0.0016,4,0.1000,1.0000,8,8,8,0,0,8,8,0.0000
4,20.0000,19,1,591.1348,-86.8655,0.4143,24,0.6000,0.3333,6,7,5,0,0,7,5,0.2857
4,20.0000,19,2,647.9399,-87.7480,-0.0030,18,0.4500,0.7500,8,6,2,0,0,6,2,0.6667
4,20.0000,19,3,1022.6131,-88.4158,0.2031,5,0.1250,1.0000,4,8,8,0,0,8,8,0.0000
4,20.0000,19,6,293.9908,-81.6146,0.0484,36,0.9000,0.0000,4,4,0,0,0,4,0,1.0000
4,20.0000,19,9,638.4006,-87.9062,0.1894,18,0.4500,0.6667,6,5,1,0,0,5,1,0.8000
4,20.0000,19,12,961.6258,-88.6577,0.1940,5,0.1250,1.0000,2,8,8,0,0,8,8,0.0000
4,20.0000,19,13,534.3083,-86.4049,0.1757,25,0.6250,0.5000,6,6,3,12,2,18,5,0.7222
4,20.0000,19,17,408.2106,-85.8219,1.5087,32,0.8000,0.4000,5,5,1,0,0,5,1,0.8000
4,20.0000,19,21,655.8995,-86.7936,0.0959,22,0.5500,0.5000,6,5,1,0,0,5,1,0.8000
4,20.0000,19,22,685.4187,-86.6877,-0.2160,13,0.3250,1.0000,8,7,6,0,0,7,6,0.1429
4,20.0000,20,4,687.2770,-87.4302,-0.1349,20,0.5000,0.6667,6,6,4,0,0,6,4,0.3333
4,20.0000,20,5,218.9806,-76.0527,-0.7138,40,1.0000,0.0000,4,5,1,0,0,5,1,0.8000
4,20.0000,20,7,455.2499,-84.7304,0.1483,34,0.8500,0.3333,6,4,0,0,0,4,0,1.0000
4,20.0000,20,8,754.7185,-88.2591,0.1095,15,0.3750,0.8750,8,5,2,0,0,5,2,0.6000
4,20.0000,20,10,669.6288,-87.3985,-0.2816,25,0.6250,0.4000,5,7,3,0,0,7,3,0.5714
4,20.0000,20,11,374.0619,-81.8734,0.0033,39,0.9750,0.4000,5,5,1,0,0,5,1,0.8000
4,20.0000,20,12,1135.7414,-88.8144,0.3239,4,0.1000,1.0000,8,2,2,0,0,2,2,0.0000
4,20.0000,20,14,279.4750,-79.5747,-0.3807,40,1.0000,0.4000,5,5,1,0,0,5,1,0.8000
4,20.0000,20,15,754.4829,-87.8610,-0.1360,19,0.4750,0.8000,5,8,8,0,0,8,8,0.0000
4,20.0000,20,16,456.6624,-85.9757,0.5956,35,0.8750,0.6667,6,6,3,0,0,6,3,0.5000
4,20.0000,20,23,527.9325,-86.0573,-0.0409,30,0.7500,0.5000,6,7,3,0,0,7,3,0.5714
4,20.0000,20,24,481.3217,-84.5874,0.0156,36,0.9000,0.2000,5,6,3,0,0,6,3,0.5000
4,20.0000,20,25,433.4271,-85.4226,0.7086,39,0.9750,0.6087,69,5,2,60,25,65,27,0.5846
4,20.0000,21,0,576.2720,-87.0051,0.4435,23,0.5750,0.0000,4,5,2,0,0,5,2,0.6000
4,20.0000,21,2,987.7666,-88.8586,0.9437,4,0.1000,0.8571,7,8,8,0,0,8,8,0.0000
4,20.0000,21,3,992.6553,-88.5359,0.0750,7,0.1750,0.9722,36,8,8,46,46,54,54,0.0000
4,20.0000,21,6,671.9563,-87.1407,-0.1403,19,0.4750,0.9348,46,7,6,0,0,7,6,0.1429
4,20.0000,21,9,331.6627,-82.1415,-0.2479,34,0.8500,0.1429,7,4,0,0,0,4,0,1.0000
4,20.0000,21,17,479.5106,-85.1827,-0.6720,31,0.7750,0.5556,9,5,1,0,0,5,1,0.8000
4,20.0000,21,19,655.8995,-87.2382,-0.1207,25,0.6250,0.4000,5,5,2,34,28,39,30,0.2308
4,20.0000,22,0,878.2877,-88.7843,0.0622,14,0.3500,1.0000,10,7,6,0,0,7,6,0.1429
4,20.0000,22,1,221.7375,-77.7870,-0.4066,40,1.0000,0.0000,4,4,0,0,0,4,0,1.0000
4,20.0000,22,2,318.1928,-82.0445,0.7195,37,0.9250,0.0000,4,4,0,0,0,4,0,1.0000
4,20.0000,22,3,828.6772,-88.6153,-0.0139,12,0.3000,0.8889,9,7,6,0,0,7,6,0.1429
4,20.0000,22,6,583.4828,-86.5136,-0.2855,30,0.7500,0.0000,4,8,6,0,0,8,6,0.2500
4,20.0000,22,9,966.2818,-89.8338,0.0737,3,0.0750,1.0000,4,10,10,0,0,10,10,0.0000
4,20.0000,22,10,1037.4580,-89.0211,-0.3072,6,0.1500,0.8750,8,6,6,0,0,6,6,0.0000
4,20.0000,22,12,388.6766,-83.5827,-0.1057,38,0.9500,0.0000,4,7,4,0,0,7,4,0.4286
4,20.0000,22,13,200.3435,-75.2365,-1.0398,39,0.9750,0.0000,4,4,0,0,0,4,0,1.0000
4,20.0000,22,15,891.8512,-88.7037,-0.0753,8,0.2000,0.8571,7,8,8,0,0,8,8,0.0000
4,20.0000,22,17,713.5587,-87.9293,0.0367,22,0.5500,0.7143,7,8,7,0,0,8,7,0.1250
4,20.0000,22,18,801.7583,-88.0052,-0.1757,15,0.3750,0.7143,7,7,6,0,0,7,6,0.1429
4,20.0000,22,19,685.4187,-87.9563,0.0369,19,0.4750,0.8571,7,7,5,0,0,7,5,0.2857
4,20.0000,23,4,631.5725,-87.2491,0.1514,25,0.6250,0.8571,7,5,2,0,0,5,2,0.6000
4,20.0000,23,5,643.9970,-86.2809,-0.2707,27,0.6750,0.7143,7,8,8,0,0,8,8,0.0000
4,20.0000,23,7,511.8078,-85.5561,-0.1780,33,0.8250,0.2000,5,7,5,0,0,7,5,0.2857
4,20.0000,23,8,889.5225,-87.9378,-0.7663,14,0.3500,1.0000,8,8,8,0,0,8,8,0.0000
4,20.0000,23,10,952.3467,-88.9472,-0.1999,3,0.0750,1.0000,8,8,8,0,0,8,8,0.0000
4,20.0000,23,11,849.9340,-87.9438,-0.7297,14,0.3500,0.8571,7,8,8,0,0,8,8,0.0000
4,20.0000,23,14,565.4895,-84.9893,-0.9265,31,0.7750,0.6667,6,5,2,0,0,5,2,0.6000
4,20.0000,23,15,954.7716,-88.2587,0.0193,5,0.1250,1.0000,8,4,4,0,0,4,4,0.0000
4,20.0000,23,16,518.0856,-86.0955,0.1218,32,0.8000,0.7143,7,5,2,0,0,5,2,0.6000
4,20.0000,23,20,527.9325,-86.3673,-0.1785,30,0.7500,0.2000,5,7,4,0,0,7,4,0.4286
4,20.0000,23,24,668.8172,-86.8956,-0.0537,22,0.5500,0.5000,6,7,4,0,0,7,4,0.4286
4,20.0000,23,25,513.5435,-85.1518,-0.8816,37,0.9250,0.6667,6,8,6,0,0,8,6,0.2500
4,20.0000,24,4,560.1227,-86.3424,0.3286,29,0.7250,0.6667,6,4,0,0,0,4,0,1.0000
4,20.0000,24,5,344.3199,-82.2977,-0.6416,38,0.9500,0.0000,4,5,1,0,0,5,1,0.8000
4,20.0000,24,7,886.6017,-88.5342,-0.5411,6,0.1500,1.0000,8,8,8,0,0,8,8,0.0000
4,20.0000,24,8,387.6015,-84.0474,0.1237,39,0.9750,0.0000,4,5,1,0,0,5,1,0.8000
4,20.0000,24,10,745.9152,-87.7590,-0.0457,15,0.3750,0.7143,7,6,3,0,0,6,3,0.5000
4,20.0000,24,11,494.3138,-84.9550,-0.8169,36,0.9000,0.5714,7,7,4,0,0,7,4,0.4286
4,20.0000,24,14,326.4819,-80.0913,-0.7731,39,0.9750,0.0000,4,5,2,0,0,5,2,0.6000
4,20.0000,24,15,855.2510,-88.5413,-0.4639,15,0.3750,0.8571,7,8,8,0,0,8,8,0.0000
4,20.0000,24,16,164.6920,-73.7523,-0.0938,39,0.9750,0.0000,5,4,0,0,0,4,0,1.0000
4,20.0000,24,20,481.3217,-85.8174,-0.2500,35,0.8750,0.3333,6,7,5,0,0,7,5,0.2857
4,20.0000,24,23,668.8172,-86.9408,-0.1156,26,0.6500,0.6667,6,7,4,0,0,7,4,0.4286
4,20.0000,24,25,403.2963,-82.7379,-0.8732,38,0.9500,0.0000,4,4,2,0,0,4,2,0.5000
4,20.0000,25,4,255.4627,-81.7368,0.8729,40,1.0000,0.0000,4,4,0,0,0,4,0,1.0000
4,20.0000,25,5,487.0144,-84.6646,-0.4459,33,0.8250,0.2000,5,6,2,0,0,6,2,0.6667
4,20.0000,25,7,751.9584,-88.3191,0.0723,24,0.6000,1.0000,6,8,8,0,0,8,8,0.0000
4,20.0000,25,8,452.6672,-85.0335,0.0642,35,0.8750,0.0000,4,4,0,4,2,8,2,0.7500
4,20.0000,25,10,1003.8795,-89.0787,-0.7868,4,0.1000,1.0000,8,8,8,0,0,8,8,0.0000
4,20.0000,25,11,676.2737,-87.0101,0.1790,27,0.6750,0.8750,8,8,7,0,0,8,7,0.1250
4,20.0000,25,14,510.7011,-85.2975,-0.2294,32,0.8000,0.2000,5,5,2,0,0,5,2,0.6000
4,20.0000,25,15,1091.8050,-88.8524,0.9767,4,0.1000,1.0000,4,8,8,0,0,8,8,0.0000
4,20.0000,25,16,327.1843,-82.7271,-0.0002,39,0.9750,0.2000,5,4,0,0,0,4,0,1.0000
4,20.0000,25,20,433.4271,-84.1784,0.3576,34,0.8500,0.0000,4,4,0,0,0,4,0,1.0000
4,20.0000,25,23,513.5435,-84.8903,-0.6609,32,0.8000,0.5000,6,5,2,0,0,5,2,0.6000
4,20.0000,25,24,403.2963,-83.7088,0.4188,37,0.9250,0.0000,4,4,0,0,0,4,0,1.0000
4,24.0000,0,1,975.3097,-89.0322,0.4759,4,0.0976,1.0000,8,4,4,0,0,4,4,0.0000
4,24.0000,0,2,658.9925,-87.6738,0.1407,20,0.4878,0.8750,8,8,5,0,0,8,5,0.3750
4,24.0000,0,3,607.4127,-85.7994,-1.0555,30,0.7317,0.7143,7,7,4,0,0,7,4,0.4286
4,24.0000,0,6,502.8102,-86.2237,0.2778,27,0.6585,0.5000,6,5,2,0,0,5,2,0.6000
4,24.0000,0,9,422.7456,-83.9755,-0.6898,36,0.8780,0.2000,5,5,1,0,0,5,1,0.8000
4,24.0000,0,12,978.4896,-89.5715,-0.0957,3,0.0732,1.0000,6,8,8,0,0,8,8,0.0000
4,24.0000,0,13,632.9657,-87.2950,-0.0999,19,0.4634,0.7143,7,6,3,21,13,27,16,0.4074
4,24.0000,0,17,427.7145,-83.9426,0.5177,33,0.8049,0.0000,5,6,2,0,0,6,2,0.6667
4,24.0000,0,18,753.0293,-87.4341,-0.4651,22,0.5366,0.5714,7,7,6,0,0,7,6,0.1429
4,24.0000,0,19,619.2301,-87.3548,0.3338,16,0.3902,0.8571,7,5,1,0,0,5,1,0.8000
4,24.0000,0,21,456.9293,-86.0990,0.7985,34,0.8293,0.0000,4,4,0,0,0,4,0,1.0000
4,24.0000,0,22,756.8123,-88.5462,-0.0799,11,0.2683,0.7500,8,5,2,0,0,5,2,0.6000
4,24.0000,1,0,975.3097,-88.9873,0.1448,7,0.1750,1.0000,6,8,8,0,0,8,8,0.0000
4,24.0000,1,2,387.5413,-83.4297,-0.1849,30,0.7500,0.4000,5,5,2,0,0,5,2,0.6000
4,24.0000,1,6,608.5224,-86.0860,-0.9123,27,0.6750,0.5714,7,8,8,0,0,8,8,0.0000
4,24.0000,1,7,808.5351,-88.3372,0.4315,10,0.2500,0.8750,8,8,8,0,0,8,8,0.0000
4,24.0000,1,9,1026.7162,-88.8977,-0.0213,7,0.1750,1.0000,8,2,2,0,0,2,2,0.0000
4,24.0000,1,10,1006.4958,-88.8420,-0.6298,4,0.1000,0.6667,3,8,7,0,0,8,7,0.1250
4,24.0000,1,12,408.1224,-84.3862,-0.0545,33,0.8250,0.2000,5,6,2,0,0,6,2,0.6667
4,24.0000,1,13,348.1460,-80.0436,-1.9630,34,0.8500,0.0000,4,4,0,0,0,4,0,1.0000
4,24.0000,1,15,800.8785,-88.6174,-0.1687,6,0.1500,1.0000,8,7,6,0,0,7,6,0.1429
4,24.0000,1,17,801.7630,-87.4075,0.1895,10,0.2500,0.6667,6,7,6,0,0,7,6,0.1429
4,24.0000,1,18,1154.7138,-88.4095,0.1613,3,0.0750,1.0000,8,4,4,0,0,4,4,0.0000
4,24.0000,1,19,637.2109,-86.8062,0.2551,22,0.5500,0.8750,8,7,5,0,0,7,5,0.2857
4,24.0000,1,22,312.1525,-79.4883,-0.8622,36,0.9000,0.0000,4,4,0,0,0,4,0,1.0000
4,24.0000,2,0,658.9925,-87.7196,0.1516,22,0.5500,0.6667,6,6,3,0,0,6,3,0.5000
4,24.0000,2,1,387.5413,-82.9475,-0.5186,35,0.8750,0.0000,4,4,0,0,0,4,0,1.0000
4,24.0000,2,3,922.3723,-88.3163,-0.4733,12,0.3000,0.8750,8,8,8,0,0,8,8,0.0000
4,24.0000,2,6,361.0554,-84.1978,0.0116,33,0.8250,0.0000,4,6,3,0,0,6,3,0.5000
4,24.0000,2,7,1064.7275,-89.2692,-0.4662,3,0.0750,1.0000,8,4,4,0,0,4,4,0.0000
4,24.0000,2,9,716.3468,-87.7067,0.0114,24,0.6000,0.8750,8,7,6,0,0,7,6,0.1429
4,24.0000,2,12,398.2855,-84.0631,-0.0939,37,0.9250,0.0000,4,4,0,0,0,4,0,1.0000
4,24.0000,2,13,172.5866,-76.2888,0.0747,36,0.9000,0.0000,4,4,0,0,0,4,0,1.0000
4,24.0000,2,17,621.8501,-87.1117,0.3929,21,0.5250,0.7143,7,6,4,0,0,6,4,0.3333
4,24.0000,2,18,996.2015,-88.3497,0.5450,6,0.1500,1.0000,8,8,8,0,0,8,8,0.0000
4,24.0000,2,19,542.9459,-86.7907,0.3756,30,0.7500,0.4286,7,6,3,0,0,6,3,0.5000
4,24.0000,2,21,860.7336,-89.2963,0.0474,10,0.2500,1.0000,6,8,7,0,0,8,7,0.1250
4,24.0000,2,22,325.9581,-82.1176,-0.0783,35,0.8750,0.0000,4,6,2,0,0,6,2,0.6667
4,24.0000,3,0,607.4127,-86.5013,-0.5667,25,0.6250,0.6667,6,7,6,0,0,7,6,0.1429
4,24.0000,3,2,922.3723,-88.7694,-0.1021,11,0.2750,1.0000,8,6,4,0,0,6,4,0.3333
4,24.0000,3,9,1025.6625,-88.8485,-0.3524,5,0.1250,1.0000,8,6,6,0,0,6,6,0.0000
4,24.0000,3,12,1045.3826,-88.6078,-1.3626,3,0.0750,1.0000,6,8,8,0,0,8,8,0.0000
4,24.0000,3,13,884.9670,-88.6120,-0.3358,5,0.1250,1.0000,10,8,8,0,0,8,8,0.0000
4,24.0000,3,17,821.2360,-87.6840,0.1331,15,0.3750,0.6667,6,8,8,0,0,8,8,0.0000
4,24.0000,3,18,152.9197,-75.5166,0.0643,39,0.9750,0.0000,4,4,0,0,0,4,0,1.0000
4,24.0000,3,21,997.7808,-88.4040,0.1779,4,0.1000,1.0000,6,8,8,0,0,8,8,0.0000
4,24.0000,4,5,693.0013,-88.3433,-0.2846,19,0.4750,0.8571,7,5,2,0,0,5,2,0.6000
4,24.0000,4,7,883.2888,-88.7560,0.6147,9,0.2250,1.0000,8,7,6,0,0,7,6,0.1429
4,24.0000,4,8,559.3776,-84.9235,-1.2276,31,0.7750,0.5714,7,6,3,0,0,6,3,0.5000
4,24.0000,4,11,913.8671,-88.8612,0.2821,7,0.1750,0.8571,7,8,8,0,0,8,8,0.0000
4,24.0000,4,14,741.3837,-88.1037,-0.0642,16,0.4000,0.8571,7,7,6,0,0,7,6,0.1429
4,24.0000,4,16,453.4940,-85.0159,-0.0769,34,0.8500,0.3333,6,4,0,0,0,4,0,1.0000
4,24.0000,4,20,543.4148,-86.6666,0.1894,27,0.6750,0.5714,7,4,0,0,0,4,0,1.0000
4,24.0000,4,23,618.1735,-86.3687,-0.4892,22,0.5500,0.5000,6,7,5,0,0,7,5,0.2857
4,24.0000,4,24,519.4788,-85.9753,-0.0345,31,0.7750,0.2000,5,5,2,0,0,5,2,0.6000
4,24.0000,4,25,190.4530,-78.6383,0.9404,38,0.9500,0.0000,4,4,0,0,0,4,0,1.0000
4,24.0000,5,4,693.0013,-87.5847,-0.4376,16,0.4000,0.8571,7,6,3,0,0,6,3,0.5000
4,24.0000,5,7,697.6648,-87.5512,0.1538,16,0.4000,0.8750,8,7,6,0,0,7,6,0.1429
4,24.0000,5,8,646.7211,-87.1076,-0.2635,25,0.6250,0.5000,6,7,5,0,0,7,5,0.2857
4,24.0000,5,10,499.5053,-85.4966,-0.2120,29,0.7250,0.3333,6,6,2,0,0,6,2,0.6667
4,24.0000,5,11,240.8104,-78.1152,0.0100,36,0.9000,0.0000,4,4,0,0,0,4,0,1.0000
4,24.0000,5,14,188.0759,-75.4429,-0.4284,36,0.9000,0.2000,5,5,1,0,0,5,1,0.8000
4,24.0000,5,15,770.7302,-87.2143,-0.3663,16,0.4000,0.8571,7,8,8,0,0,8,8,0.0000
4,24.0000,5,16,392.5330,-82.8694,-0.2107,33,0.8250,0.4000,5,4,0,0,0,4,0,1.0000
4,24.0000,5,20,337.7456,-80.7264,-1.5960,35,0.8750,0.0000,4,4,0,0,0,4,0,1.0000
4,24.0000,5,23,765.4575,-87.6479,-0.1680,18,0.4500,1.0000,8,8,7,0,0,8,7,0.1250
4,24.0000,5,24,367.7478,-82.6628,-0.3157,37,0.9250,0.0000,4,4,0,0,0,4,0,1.0000
4,24.0000,5,25,521.5725,-85.2205,-0.1294,30,0.7500,0.2000,5,6,3,0,0,6,3,0.5000
4,24.0000,6,0,502.8102,-86.4954,0.3853,29,0.7250,0.6667,6,5,1,0,0,5,1,0.8000
4,24.0000,6,1,608.5224,-85.6850,-0.0857,27,0.6750,0.8750,8,6,4,0,0,6,4,0.3333
4,24.0000,6,2,361.0554,-83.5518,0.2147,38,0.9500,0.4000,5,4,0,0,0,4,0,1.0000
4,24.0000,6,3,947.2666,-88.9012,0.4156,8,0.2000,1.0000,6,10,9,0,0,10,9,0.1000
4,24.0000,6,9,422.8806,-85.3824,0.0036,39,0.9750,0.0000,4,4,0,0,0,4,0,1.0000
4,24.0000,6,12,756.7363,-88.0503,-0.0798,18,0.4500,0.8571,7,8,7,0,0,8,7,0.1250
4,24.0000,6,13,295.8635,-82.0459,0.9256,38,0.9500,0.5000,6,4,0,1,0,5,0,1.0000
4,24.0000,6,17,335.0932,-83.5719,0.7827,38,0.9500,0.6447,76,4,0,68,32,72,32,0.5556
4,24.0000,6,18,1058.8201,-89.1891,0.0234,7,0.1750,1.0000,4,8,8,0,0,8,8,0.0000
4,24.0000,6,19,274.8192,-80.1909,0.8757,40,1.0000,0.0000,4,4,0,0,0,4,0,1.0000
4,24.0000,6,21,527.8934,-86.6227,0.3465,29,0.7250,0.5000,6,4,0,0,0,4,0,1.0000
4,24.0000,6,22,548.9128,-86.5679,-0.1326,22,0.5500,0.6667,6,5,1,0,0,5,1,0.8000
4,24.0000,7,1,808.5351,-88.5542,0.1628,11,0.2750,1.0000,8,6,4,0,0,6,4,0.3333
4,24.0000,7,4,883.2888,-89.1379,0.2532,6,0.1500,1.0000,8,7,6,0,0,7,6,0.1429
4,24.0000,7,5,697.6648,-86.7399,-0.2814,22,0.5500,0.6667,9,8,8,0,0,8,8,0.0000
4,24.0000,7,10,791.4076,-88.4546,0.0845,10,0.2500,1.0000,8,8,7,0,0,8,7,0.1250
4,24.0000,7,11,680.1572,-88.3757,0.2357,19,0.4750,0.8571,7,7,5,0,0,7,5,0.2857
4,24.0000,7,12,905.9669,-89.1528,0.1528,9,0.2250,0.8750,8,8,8,0,0,8,8,0.0000
4,24.0000,7,14,638.3607,-87.3404,-0.0891,24,0.6000,0.7500,8,7,6,0,0,7,6,0.1429
4,24.0000,7,15,849.5078,-88.7138,-0.4080,8,0.2000,0.5000,6,8,8,0,0,8,8,0.0000
4,24.0000,7,16,717.4358,-88.4620,-0.0783,17,0.4250,0.4000,5,6,4,0,0,6,4,0.3333
4,24.0000,7,20,445.2153,-84.7899,0.3178,36,0.9000,0.4000,5,4,0,0,0,4,0,1.0000
4,24.0000,7,23,501.8097,-85.5406,-0.4958,33,0.8250,0.2000,5,7,3,0,0,7,3,0.5714
4,24.0000,7,24,928.5269,-88.5243,-0.6795,8,0.2000,1.0000,8,8,8,0,0,8,8,0.0000
4,24.0000,7,25,813.6823,-87.8964,-0.3078,15,0.3750,0.8571,7,7,6,0,0,7,6,0.1429
4,24.0000,8,4,559.3776,-85.5777,-0.9468,34,0.8500,0.0000,4,7,4,0,0,7,4,0.4286
4,24.0000,8,5,646.7211,-87.0128,0.0018,21,0.5250,0.8750,8,5,2,0,0,5,2,0.6000
4,24.0000,8,10,1061.8565,-89.1712,-0.3070,4,0.1000,1.0000,8,8,8,0,0,8,8,0.0000
4,24.0000,8,11,870.3149,-87.9860,0.2800,8,0.2000,1.0000,8,8,8,0,0,8,8,0.0000
4,24.0000,8,14,748.6283,-88.0366,-0.0784,21,0.5250,0.7143,7,8,6,0,0,8,6,0.2500
4,24.0000,8,16,583.6346,-85.6866,-0.5411,30,0.7500,0.5000,6,6,3,0,0,6,3,0.5000
4,24.0000,8,20,772.4198,-88.2171,-0.2428,19,0.4750,0.5000,6,8,8,0,0,8,8,0.0000
4,24.0000,8,23,1038.2523,-88.9009,0.3976,5,0.1250,1.0000,8,4,4,0,0,4,4,0.0000
4,24.0000,8,24,349.7278,-83.4559,0.9303,38,0.9500,0.0000,4,4,0,0,0,4,0,1.0000
4,24.0000,8,25,472.8232,-85.2639,-0.1229,35,0.8750,0.2000,5,5,1,0,0,5,1,0.8000
4,24.0000,9,0,422.7456,-84.4283,-0.3185,34,0.8500,0.5000,6,5,1,0,0,5,1,0.8000
4,24.0000,9,1,1026.7162,-88.5338,0.3485,9,0.2250,1.0000,8,8,8,0,0,8,8,0.0000
4,24.0000,9,2,716.3468,-88.7480,-0.1283,14,0.3500,0.8571,7,7,6,0,0,7,6,0.1429
4,24.0000,9,3,1025.6625,-88.5708,0.0475,5,0.1250,1.0000,8,8,8,0,0,8,8,0.0000
4,24.0000,9,6,422.8806,-84.8013,0.5419,30,0.7500,0.5000,6,6,3,0,0,6,3,0.5000
4,24.0000,9,13,698.1648,-88.3121,0.1615,12,0.3000,0.6667,6,7,4,0,0,7,4,0.4286
4,24.0000,9,17,462.6590,-84.9176,-0.0207,33,0.8250,0.4000,5,4,0,0,0,4,0,1.0000
4,24.0000,9,19,569.4801,-86.4854,0.5232,29,0.7250,0.5000,6,4,0,0,0,4,0,1.0000
4,24.0000,9,21,276.8483,-80.7170,0.7061,39,0.9750,0.0000,4,4,0,0,0,4,0,1.0000
4,24.0000,9,22,926.5512,-88.6605,0.4568,5,0.1250,1.0000,8,7,6,0,0,7,6,0.1429
4,24.0000,10,5,499.5053,-85.5347,0.2537,33,0.8250,0.4000,5,4,0,0,0,4,0,1.0000
4,24.0000,10,7,791.4076,-88.3230,0.6880,12,0.3000,1.0000,8,7,6,0,0,7,6,0.1429
4,24.0000,10,8,1061.8565,-89.0319,0.4000,5,0.1250,1.0000,6,8,7,0,0,8,7,0.1250
4,24.0000,10,11,378.1133,-83.7505,0.2352,33,0.8250,0.3333,6,4,0,30,16,34,16,0.5294
4,24.0000,10,12,1021.4571,-88.9919,0.1976,7,0.1750,1.0000,8,4,4,0,0,4,4,0.0000
4,24.0000,10,14,375.5330,-85.1493,1.0632,33,0.8250,0.5833,12,4,0,0,0,4,0,1.0000
4,24.0000,10,15,294.1461,-78.2322,-0.9965,39,0.9750,0.0556,18,4,0,0,0,4,0,1.0000
4,24.0000,10,16,691.2035,-87.8540,0.1190,17,0.4250,0.8571,7,6,4,0,0,6,4,0.3333
4,24.0000,10,20,696.2403,-87.8337,0.1959,21,0.5250,0.6667,6,8,5,36,34,44,39,0.1136
4,24.0000,10,23,930.1227,-87.3868,-0.2055,5,0.1250,1.0000,8,8,8,0,0,8,8,0.0000
4,24.0000,10,24,739.3308,-87.6144,0.1083,20,0.5000,0.5000,6,8,6,6,6,14,12,0.1429
4,24.0000,11,4,913.8671,-88.5266,-0.1150,10,0.2500,1.0000,8,8,8,0,0,8,8,0.0000
4,24.0000,11,5,240.8104,-77.7535,-0.3218,38,0.9500,0.0000,4,4,0,0,0,4,0,1.0000
4,24.0000,11,7,680.1572,-87.3511,0.0883,15,0.3750,0.6667,6,5,1,0,0,5,1,0.8000
4,24.0000,11,8,870.3149,-87.9637,0.4571,12,0.3000,0.8571,7,8,7,30,30,38,37,0.0263
4,24.0000,11,10,378.1133,-83.9046,0.5375,37,0.9250,0.4000,5,4,0,0,0,4,0,1.0000
4,24.0000,11,14,279.5334,-81.7222,0.6467,39,0.9750,0.5000,6,4,0,0,0,4,0,1.0000
4,24.0000,11,15,632.0436,-86.9410,-0.1605,25,0.6250,0.6667,6,7,5,0,0,7,5,0.2857
4,24.0000,11,16,598.1279,-87.0876,0.5753,30,0.7500,0.2000,5,6,3,0,0,6,3,0.5000
4,24.0000,11,20,455.8413,-84.3370,-0.4341,37,0.9250,0.2000,5,5,1,0,0,5,1,0.8000
4,24.0000,11,23,881.5790,-88.5473,-0.6948,8,0.2000,1.0000,8,8,8,0,0,8,8,0.0000
4,24.0000,11,24,598.5116,-85.9352,-0.2123,32,0.8000,0.4000,5,7,6,0,0,7,6,0.1429
4,24.0000,11,25,743.2587,-87.5943,-0.1413,25,0.6250,0.8750,8,8,8,0,0,8,8,0.0000
4,24.0000,12,0,978.4896,-89.4119,0.0677,4,0.1000,1.0000,2,10,10,0,0,10,10,0.0000
4,24.0000,12,1,408.1224,-84.1282,-0.3295,36,0.9000,0.2000,5,5,1,0,0,5,1,0.8000
4,24.0000,12,2,398.2855,-83.5589,-0.0515,36,0.9000,0.0000,3,6,2,0,0,6,2,0.6667
4,24.0000,12,3,1045.3826,-89.4477,-0.0728,3,0.0750,1.0000,4,8,8,0,0,8,8,0.0000
4,24.0000,12,6,756.7363,-88.0907,-0.2711,16,0.4000,0.8571,7,8,8,0,0,8,8,0.0000
4,24.0000,12,7,905.9669,-87.9766,-0.1215,8,0.2000,1.0000,8,8,8,0,0,8,8,0.0000
4,24.0000,12,13,499.4430,-85.0353,-0.3903,33,0.8250,0.4000,5,6,4,0,0,6,4,0.3333
4,24.0000,12,15,826.7074,-88.4700,0.0986,13,0.3250,1.0000,8,8,7,0,0,8,7,0.1250
4,24.0000,12,17,983.2694,-88.9658,0.2833,7,0.1750,1.0000,8,8,8,0,0,8,8,0.0000
4,24.0000,12,19,895.3384,-88.9000,0.1471,4,0.1000,1.0000,8,8,8,0,0,8,8,0.0000
4,24.0000,12,22,398.9610,-84.0017,-0.6848,38,0.9500,0.6667,6,6,2,0,0,6,2,0.6667
4,24.0000,13,0,632.9657,-87.6846,-0.2475,14,0.3500,0.4000,5,7,5,0,0,7,5,0.2857
4,24.0000,13,1,348.1460,-80.0756,-0.4070,39,0.9750,0.0000,4,4,0,0,0,4,0,1.0000
4,24.0000,13,2,172.5866,-76.2986,-0.3214,38,0.9500,0.0000,4,4,0,0,0,4,0,1.0000
4,24.0000,13,3,884.9670,-88.3642,0.2169,9,0.2250,1.0000,8,8,8,0,0,8,8,0.0000
4,24.0000,13,6,295.8635,-82.5332,0.5182,38,0.9500,0.2000,5,4,0,0,0,4,0,1.0000
4,24.0000,13,9,698.1648,-87.9216,0.2462,23,0.5750,0.7143,7,7,6,0,0,7,6,0.1429
4,24.0000,13,12,499.4430,-85.0577,-0.4914,37,0.9250,0.2000,5,4,0,0,0,4,0,1.0000
4,24.0000,13,17,500.0700,-86.1300,0.1107,30,0.7500,0.4000,5,5,1,0,0,5,1,0.8000
4,24.0000,13,18,961.1928,-89.3000,0.2568,9,0.2250,1.0000,8,8,8,0,0,8,8,0.0000
4,24.0000,13,19,398.5990,-84.5510,0.3972,34,0.8500,0.3333,6,4,0,0,0,4,0,1.0000
4,24.0000,13,21,790.0104,-88.7708,0.2374,8,0.2000,1.0000,8,7,4,0,0,7,4,0.4286
4,24.0000,13,22,265.3738,-78.1947,-0.6860,38,0.9500,0.0000,4,4,0,0,0,4,0,1.0000
4,24.0000,14,4,741.3837,-88.0031,0.1593,19,0.4872,0.7143,7,7,6,0,0,7,6,0.1429
4,24.0000,14,5,188.0759,-75.0369,-1.0173,37,0.9487,0.0000,4,4,0,0,0,4,0,1.0000
4,24.0000,14,7,638.3607,-86.9446,-0.0912,21,0.5385,0.8571,7,7,4,0,0,7,4,0.4286
4,24.0000,14,8,748.6283,-87.8881,0.1351,17,0.4359,0.6000,10,8,7,0,0,8,7,0.1250
4,24.0000,14,10,375.5330,-85.0192,0.6685,25,0.6410,0.2000,5,4,0,0,0,4,0,1.0000
4,24.0000,14,11,279.5334,-81.2320,0.4866,36,0.9231,0.2000,5,4,0,0,0,4,0,1.0000
4,24.0000,14,15,624.9044,-86.5216,-0.3483,22,0.5641,0.7500,8,5,1,0,0,5,1,0.8000
4,24.0000,14,16,347.0553,-82.9899,0.0656,32,0.8205,0.0000,4,5,1,0,0,5,1,0.8000
4,24.0000,14,20,369.8983,-82.0789,-1.0157,35,0.8974,0.0000,4,7,3,0,0,7,3,0.5714
4,24.0000,14,23,676.8553,-86.7288,-0.3662,22,0.5641,0.3333,6,7,6,0,0,7,6,0.1429
4,24.0000,14,24,416.2210,-82.9814,-0.5955,31,0.7949,0.0000,4,7,3,0,0,7,3,0.5714
4,24.0000,14,25,599.6055,-86.6624,0.2399,26,0.6667,0.6667,6,7,5,0,0,7,5,0.2857
4,24.0000,15,1,800.8785,-88.0190,-0.1141,14,0.3500,1.0000,8,7,5,0,0,7,5,0.2857
4,24.0000,15,2,1118.6345,-89.4912,0.1074,3,0.0750,1.0000,8,4,4,0,0,4,4,0.0000
4,24.0000,15,5,770.7302,-88.0368,-0.0091,18,0.4500,0.8750,8,8,8,0,0,8,8,0.0000
4,24.0000,15,7,849.5078,-87.5508,0.5085,12,0.3000,1.0000,10,8,8,0,0,8,8,0.0000
4,24.0000,15,10,294.1461,-78.7235,-1.5035,37,0.9250,0.0000,4,5,1,0,0,5,1,0.8000
4,24.0000,15,11,632.0436,-87.1128,-0.1926,28,0.7000,0.6667,6,6,4,0,0,6,4,0.3333
4,24.0000,15,12,826.7074,-88.0678,-0.3238,13,0.3250,1.0000,8,7,6,0,0,7,6,0.1429
4,24.0000,15,14,624.9044,-86.7404,-0.0817,25,0.6250,0.5000,6,6,4,0,0,6,4,0.3333
4,24.0000,15,16,904.4906,-88.3024,0.4399,8,0.2000,1.0000,8,8,8,0,0,8,8,0.0000
4,24.0000,15,20,896.1968,-88.1620,0.4348,10,0.2500,1.0000,8,8,8,0,0,8,8,0.0000
4,24.0000,15,22,915.8157,-88.8187,-0.8881,8,0.2000,1.0000,8,8,8,0,0,8,8,0.0000
4,24.0000,15,24,1002.7024,-88.4790,0.1138,7,0.1750,1.0000,8,2,2,0,0,2,2,0.0000
4,24.0000,16,4,453.4940,-84.9634,-0.3794,33,0.8250,0.2000,5,5,2,0,0,5,2,0.6000
4,24.0000,16,5,392.5330,-83.9464,-0.3362,33,0.8250,0.2000,5,7,3,0,0,7,3,0.5714
4,24.0000,16,7,717.4358,-88.5423,0.1208,13,0.3250,1.0000,8,8,6,0,0,8,6,0.2500
4,24.0000,16,8,583.6346,-85.1572,-0.3173,30,0.7500,0.3333,6,7,6,0,0,7,6,0.1429
4,24.0000,16,10,691.2035,-87.0534,-0.6322,12,0.3000,0.8750,8,6,4,0,0,6,4,0.3333
4,24.0000,16,11,598.1279,-86.2888,0.0720,23,0.5750,0.5000,6,8,5,0,0,8,5,0.3750
4,24.0000,16,14,347.0553,-82.0041,0.6000,32,0.8000,0.0000,4,4,0,0,0,4,0,1.0000
4,24.0000,16,15,904.4906,-88.9292,0.4261,9,0.2250,1.0000,8,8,8,0,0,8,8,0.0000
4,24.0000,16,20,387.5047,-83.5802,0.3909,28,0.7000,0.0000,4,6,3,0,0,6,3,0.5000
4,24.0000,16,23,509.5017,-86.3233,0.4818,26,0.6500,0.4000,5,4,0,0,0,4,0,1.0000
4,24.0000,16,24,277.4230,-78.4986,-1.5455,36,0.9000,0.0000,4,6,2,0,0,6,2,0.6667
4,24.0000,16,25,373.5400,-82.8885,0.5799,33,0.8250,0.0000,4,4,0,0,0,4,0,1.0000
4,24.0000,17,0,427.7145,-84.1125,0.1681,34,0.8500,0.0000,4,5,1,0,0,5,1,0.8000
4,24.0000,17,1,801.7630,-88.1033,-0.3266,12,0.3000,0.8571,7,8,8,0,0,8,8,0.0000
4,24.0000,17,2,621.8501,-86.9798,0.1790,23,0.5750,0.6667,6,6,4,0,0,6,4,0.3333
4,24.0000,17,3,821.2360,-87.9588,-0.2849,17,0.4250,1.0000,8,8,7,0,0,8,7,0.1250
4,24.0000,17,6,335.0932,-82.9831,0.7525,35,0.8750,0.4000,5,5,1,0,0,5,1,0.8000
4,24.0000,17,9,462.6590,-85.1111,-0.3347,30,0.7500,0.0000,4,6,2,0,0,6,2,0.6667
4,24.0000,17,12,983.2694,-89.2011,0.0615,5,0.1250,1.0000,6,8,8,0,0,8,8,0.0000
4,24.0000,17,13,500.0700,-86.4461,1.2027,31,0.7750,0.0000,4,5,2,0,0,5,2,0.6000
4,24.0000,17,18,943.1523,-87.4499,-0.1230,7,0.1750,0.8571,7,8,8,0,0,8,8,0.0000
4,24.0000,17,19,240.3579,-80.9572,1.5119,38,0.9500,0.0000,4,5,1,0,0,5,1,0.8000
4,24.0000,17,21,371.0191,-85.0178,1.0023,35,0.8750,0.0000,4,4,0,0,0,4,0,1.0000
4,24.0000,17,22,665.3247,-88.3406,-0.2347,21,0.5250,0.7143,7,4,2,0,0,4,2,0.5000
4,24.0000,18,0,753.0293,-88.0221,0.1566,23,0.5750,0.4000,5,8,7,0,0,8,7,0.1250
4,24.0000,18,2,996.2015,-88.9922,0.1228,6,0.1500,1.0000,8,6,6,0,0,6,6,0.0000
4,24.0000,18,3,152.9197,-75.8000,0.1255,39,0.9750,0.0000,4,4,0,0,0,4,0,1.0000
4,24.0000,18,6,1058.8201,-88.7720,-0.8853,3,0.0750,1.0000,8,8,8,0,0,8,8,0.0000
4,24.0000,18,9,1168.3762,-89.5118,0.9550,3,0.0750,1.0000,6,6,6,0,0,6,6,0.0000
4,24.0000,18,13,961.1928,-89.1355,0.0927,6,0.1500,1.0000,8,8,8,0,0,8,8,0.0000
4,24.0000,18,17,943.1523,-88.0778,-0.2894,8,0.2000,0.8571,7,4,4,0,0,4,4,0.0000
4,24.0000,18,22,842.9951,-88.3610,0.4247,5,0.1250,0.8571,7,8,8,0,0,8,8,0.0000
4,24.0000,19,0,619.2301,-87.7403,0.5239,26,0.6500,1.0000,8,6,4,0,0,6,4,0.3333
4,24.0000,19,1,637.2109,-86.9942,-0.6724,30,0.7500,0.7143,7,7,4,0,0,7,4,0.4286
4,24.0000,19,2,542.9459,-86.8024,-0.2196,28,0.7000,0.3333,6,5,2,0,0,5,2,0.6000
4,24.0000,19,3,980.5321,-89.1251,0.9599,4,0.1000,1.0000,8,7,6,0,0,7,6,0.1429
4,24.0000,19,6,274.8192,-80.6147,0.3367,39,0.9750,0.0000,4,5,0,0,0,5,0,1.0000
4,24.0000,19,9,569.4801,-87.3375,0.3136,31,0.7750,0.2000,5,6,3,0,0,6,3,0.5000
4,24.0000,19,12,895.3384,-89.1878,-0.0653,7,0.1750,1.0000,8,8,8,0,0,8,8,0.0000
4,24.0000,19,13,398.5990,-84.9214,1.1220,32,0.8000,0.2778,18,6,2,17,1,23,3,0.8696
4,24.0000,19,17,240.3579,-81.6207,1.9658,39,0.9750,0.2000,5,4,0,0,0,4,0,1.0000
4,24.0000,19,21,538.0218,-86.6065,0.1169,29,0.7250,0.2000,5,4,0,0,0,4,0,1.0000
4,24.0000,19,22,590.6463,-87.0114,-0.1104,23,0.5750,0.8571,7,5,1,0,0,5,1,0.8000
4,24.0000,20,4,543.4148,-86.8992,0.6279,29,0.7250,0.6667,6,4,0,0,0,4,0,1.0000
4,24.0000,20,5,337.7456,-79.6825,-0.6845,39,0.9750,0.2000,5,5,1,0,0,5,1,0.8000
4,24.0000,20,7,445.2153,-85.0695,0.8474,33,0.8250,0.0000,4,6,3,0,0,6,3,0.5000
4,24.0000,20,8,772.4198,-87.7802,-0.5402,14,0.3500,0.4000,5,8,6,10,10,18,16,0.1111
4,24.0000,20,10,696.2403,-87.7901,-0.0930,21,0.5250,0.4286,7,7,5,0,0,7,5,0.2857
4,24.0000,20,11,455.8413,-83.8676,-0.3123,36,0.9000,0.2000,5,7,6,0,0,7,6,0.1429
4,24.0000,20,14,369.8983,-81.2016,-0.9817,38,0.9500,0.2000,5,5,1,0,0,5,1,0.8000
4,24.0000,20,15,896.1968,-88.2636,-0.3901,18,0.4500,1.0000,8,8,7,0,0,8,7,0.1250
4,24.0000,20,16,387.5047,-83.5382,0.3871,35,0.8750,0.5000,6,4,0,0,0,4,0,1.0000
4,24.0000,20,23,522.7222,-85.7545,0.3260,31,0.7750,0.4286,7,6,2,0,0,6,2,0.6667
4,24.0000,20,24,523.6957,-85.5481,0.4688,35,0.8750,0.5000,6,7,3,0,0,7,3,0.5714
4,24.0000,20,25,412.8185,-84.1403,0.6417,36,0.9000,0.4154,65,4,0,61,29,65,29,0.5538
4,24.0000,21,0,456.9293,-85.7425,0.2185,28,0.7179,0.4000,5,4,0,31,19,35,19,0.4571
4,24.0000,21,2,860.7336,-88.1308,0.0134,6,0.1538,1.0000,8,8,8,0,0,8,8,0.0000
4,24.0000,21,6,527.8934,-86.4063,0.1456,19,0.4872,0.8571,7,4,0,4,3,8,3,0.6250
4,24.0000,21,9,276.8483,-81.5803,0.8914,37,0.9487,0.0000,4,4,0,0,0,4,0,1.0000
4,24.0000,21,13,790.0104,-88.5995,-0.3233,6,0.1538,0.9000,10,7,4,0,0,7,4,0.4286
4,24.0000,21,17,371.0191,-85.1683,0.8132,34,0.8718,0.2000,5,6,3,0,0,6,3,0.5000
4,24.0000,21,19,538.0218,-86.3806,0.4356,26,0.6667,0.7692,39,5,2,44,31,49,33,0.3265
4,24.0000,21,22,992.3936,-89.2416,-0.3604,3,0.0769,1.0000,2,8,8,0,0,8,8,0.0000
4,24.0000,22,0,756.8123,-87.8974,-0.1779,10,0.2500,0.8571,7,6,6,0,0,6,6,0.0000
4,24.0000,22,1,312.1525,-79.5595,-0.8154,36,0.9000,0.0000,4,4,0,0,0,4,0,1.0000
4,24.0000,22,2,325.9581,-81.5474,-0.1312,38,0.9500,0.0000,4,4,0,0,0,4,0,1.0000
4,24.0000,22,3,806.8328,-88.0103,0.2437,16,0.4000,0.8571,7,7,6,0,0,7,6,0.1429
4,24.0000,22,6,548.9128,-86.3704,-0.4427,27,0.6750,0.7500,8,5,2,0,0,5,2,0.6000
4,24.0000,22,9,926.5512,-89.3261,0.0628,8,0.2000,1.0000,10,6,6,0,0,6,6,0.0000
4,24.0000,22,10,1168.0892,-89.3363,-1.2299,3,0.0750,1.0000,6,6,6,0,0,6,6,0.0000
4,24.0000,22,12,398.9610,-83.5775,0.1379,37,0.9250,0.5714,7,4,0,0,0,4,0,1.0000
4,24.0000,22,13,265.3738,-78.7667,-1.0109,39,0.9750,0.0000,4,5,1,0,0,5,1,0.8000
4,24.0000,22,15,915.8157,-88.3208,0.2427,6,0.1500,1.0000,8,8,8,0,0,8,8,0.0000
4,24.0000,22,17,665.3247,-87.8376,0.1618,24,0.6000,0.8750,8,7,5,0,0,7,5,0.2857
4,24.0000,22,18,842.9951,-88.1650,0.7349,14,0.3500,0.8571,7,8,8,0,0,8,8,0.0000
4,24.0000,22,19,590.6463,-87.1872,0.1627,28,0.7000,0.7143,7,5,1,0,0,5,1,0.8000
4,24.0000,23,4,618.1735,-86.9768,0.0501,31,0.7750,0.4000,5,6,4,0,0,6,4,0.3333
4,24.0000,23,5,765.4575,-87.6900,0.1666,18,0.4500,1.0000,8,8,8,0,0,8,8,0.0000
4,24.0000,23,7,501.8097,-85.5151,0.6308,30,0.7500,0.7143,7,5,1,0,0,5,1,0.8000
4,24.0000,23,8,1038.2523,-88.4566,-1.2123,4,0.1000,1.0000,8,6,6,0,0,6,6,0.0000
4,24.0000,23,10,930.1227,-88.8830,-0.0982,7,0.1750,1.0000,8,8,8,0,0,8,8,0.0000
4,24.0000,23,11,881.5790,-88.1966,-0.2803,11,0.2750,1.0000,8,8,8,0,0,8,8,0.0000
4,24.0000,23,14,676.8553,-86.9969,-0.3009,28,0.7000,0.4000,5,7,6,0,0,7,6,0.1429
4,24.0000,23,15,1019.7597,-89.2831,-0.0290,7,0.1750,1.0000,4,8,8,0,0,8,8,0.0000
4,24.0000,23,16,509.5017,-86.1601,-0.0081,33,0.8250,0.4000,5,6,4,0,0,6,4,0.3333
4,24.0000,23,20,522.7222,-84.6353,0.2806,22,0.5500,0.5714,7,6,3,0,0,6,3,0.5000
4,24.0000,23,24,781.2805,-87.8077,-0.3595,24,0.6000,0.5714,7,8,8,0,0,8,8,0.0000
4,24.0000,23,25,646.6039,-86.4249,-0.0700,31,0.7750,0.7500,8,8,5,0,0,8,5,0.3750
4,24.0000,24,4,519.4788,-85.8461,0.8129,30,0.7500,0.0000,4,6,4,0,0,6,4,0.3333
4,24.0000,24,5,367.7478,-82.6915,-0.2063,34,0.8500,0.2000,5,5,1,0,0,5,1,0.8000
4,24.0000,24,7,928.5269,-88.7311,-0.2984,6,0.1500,1.0000,8,8,8,0,0,8,8,0.0000
4,24.0000,24,8,349.7278,-83.2947,0.2506,38,0.9500,0.2000,5,5,1,0,0,5,1,0.8000
4,24.0000,24,10,739.3308,-87.9185,0.2489,14,0.3500,0.5000,6,8,8,0,0,8,8,0.0000
4,24.0000,24,11,598.5116,-86.0567,-0.4350,25,0.6250,0.5714,7,7,6,0,0,7,6,0.1429
4,24.0000,24,14,416.2210,-82.9248,-0.4672,34,0.8500,0.4000,5,6,1,0,0,6,1,0.8333
4,24.0000,24,15,1002.7024,-88.4491,0.2152,6,0.1500,1.0000,8,8,8,0,0,8,8,0.0000
4,24.0000,24,16,277.4230,-78.1090,-1.2402,35,0.8750,0.0000,4,5,2,0,0,5,2,0.6000
4,24.0000,24,20,523.6957,-85.4782,-0.3979,31,0.7750,0.7143,7,6,3,0,0,6,3,0.5000
4,24.0000,24,23,781.2805,-87.6471,0.0016,21,0.5250,0.5714,7,7,6,0,0,7,6,0.1429
4,24.0000,24,25,393.8844,-83.7587,-0.6162,35,0.8750,0.5000,4,5,1,0,0,5,1,0.8000
4,24.0000,25,4,190.4530,-78.4144,0.7999,40,1.0000,0.0000,4,4,0,0,0,4,0,1.0000
4,24.0000,25,5,521.5725,-85.2058,0.7905,33,0.8250,0.3333,6,6,3,0,0,6,3,0.5000
4,24.0000,25,7,813.6823,-87.9643,0.2940,18,0.4500,1.0000,8,7,6,0,0,7,6,0.1429
4,24.0000,25,8,472.8232,-85.0243,-0.3819,37,0.9250,0.2500,8,6,1,0,0,6,1,0.8333
4,24.0000,25,10,974.9892,-88.3028,-0.3491,5,0.1250,1.0000,8,8,8,0,0,8,8,0.0000
4,24.0000,25,11,743.2587,-87.5220,-0.0688,29,0.7250,0.8750,8,7,5,0,0,7,5,0.2857
4,24.0000,25,14,599.6055,-85.7651,-0.1227,34,0.8500,0.4000,5,7,4,0,0,7,4,0.4286
4,24.0000,25,16,373.5400,-82.7700,-0.4085,39,0.9750,0.0000,4,6,4,0,0,6,4,0.3333
4,24.0000,25,20,412.8185,-83.9933,-0.2196,35,0.8750,0.0000,4,6,2,0,0,6,2,0.6667
4,24.0000,25,23,646.6039,-86.6514,-0.5822,32,0.8000,0.4000,5,7,6,0,0,7,6,0.1429
4,24.0000,25,24,393.8844,-83.4986,-0.2637,39,0.9750,0.0000,4,5,1,0,0,5,1,0.8000
4,28.0000,0,1,1045.2783,-89.1894,-0.4426,6,0.1500,1.0000,4,6,6,0,0,6,6,0.0000
4,28.0000,0,2,632.0493,-87.4838,0.2312,20,0.5000,0.6250,8,7,6,0,0,7,6,0.1429
4,28.0000,0,3,736.2317,-87.4894,-0.4417,28,0.7000,0.5714,7,7,5,0,0,7,5,0.2857
4,28.0000,0,6,373.5599,-84.5226,0.0367,38,0.9500,0.4000,5,4,0,0,0,4,0,1.0000
4,28.0000,0,9,412.7190,-83.9830,0.3649,36,0.9000,0.2000,5,4,0,0,0,4,0,1.0000
4,28.0000,0,12,937.8256,-89.2707,0.5391,5,0.1250,1.0000,8,8,8,0,0,8,8,0.0000
4,28.0000,0,13,541.0919,-86.1926,0.7203,28,0.7000,0.5926,27,4,0,0,0,4,0,1.0000
4,28.0000,0,17,433.5341,-84.2601,-0.6560,38,0.9500,0.3333,6,5,1,0,0,5,1,0.8000
4,28.0000,0,18,878.4646,-88.0951,0.2405,11,0.2750,0.8571,7,8,8,0,0,8,8,0.0000
4,28.0000,0,19,495.8868,-86.2600,-0.0604,32,0.8000,0.2000,5,5,1,0,0,5,1,0.8000
4,28.0000,0,21,324.9282,-83.3571,0.5131,35,0.8750,0.0000,4,4,0,0,0,4,0,1.0000
4,28.0000,0,22,701.4867,-87.5831,0.0766,19,0.4750,0.4000,5,6,3,0,0,6,3,0.5000
4,28.0000,1,2,478.4135,-83.8138,-1.0326,34,0.8500,0.4000,5,5,1,0,0,5,1,0.8000
4,28.0000,1,6,743.7674,-87.5729,-0.2937,19,0.4750,1.0000,8,8,8,0,0,8,8,0.0000
4,28.0000,1,7,717.5436,-88.1200,1.1751,14,0.3500,1.0000,8,8,5,0,0,8,5,0.3750
4,28.0000,1,9,1080.9785,-88.7576,-0.7237,4,0.1000,1.0000,2,2,2,0,0,2,2,0.0000
4,28.0000,1,10,952.8194,-88.8612,0.0011,6,0.1500,0.8750,8,8,8,0,0,8,8,0.0000
4,28.0000,1,12,426.7540,-84.5371,0.0303,31,0.7750,0.3333,6,4,0,0,0,4,0,1.0000
4,28.0000,1,13,518.5283,-84.5916,-0.0759,32,0.8000,0.0000,4,6,4,0,0,6,4,0.3333
4,28.0000,1,15,716.2918,-88.0203,-0.0949,15,0.3750,0.8571,7,7,5,0,0,7,5,0.2857
4,28.0000,1,17,861.5435,-88.4734,0.4148,10,0.2500,0.8571,7,8,8,0,0,8,8,0.0000
4,28.0000,1,19,710.1482,-87.3366,-0.4086,25,0.6250,0.7143,7,8,8,0,0,8,8,0.0000
4,28.0000,1,22,443.4904,-83.2966,-0.6780,34,0.8500,0.0000,4,4,0,0,0,4,0,1.0000
4,28.0000,1,23,924.0928,-88.4714,0.5627,9,0.2250,,0,5,4,0,0,5,4,0.2000
4,28.0000,2,0,632.0493,-87.8062,-0.0811,27,0.6750,0.5000,6,5,2,0,0,5,2,0.6000
4,28.0000,2,1,478.4135,-85.5589,-0.4761,34,0.8500,0.0000,4,8,8,0,0,8,8,0.0000
4,28.0000,2,3,930.0432,-88.9834,-0.0056,8,0.2000,1.0000,8,8,8,0,0,8,8,0.0000
4,28.0000,2,6,343.3523,-82.1955,0.4077,39,0.9750,0.5000,6,4,0,0,0,4,0,1.0000
4,28.0000,2,7,1052.7998,-89.5245,-0.1287,4,0.1000,1.0000,4,6,6,0,0,6,6,0.0000
4,28.0000,2,9,650.1795,-87.4836,0.5211,30,0.7500,0.8571,7,6,4,0,0,6,4,0.3333
4,28.0000,2,12,423.3583,-84.1172,-0.3928,37,0.9250,0.0000,4,8,5,0,0,8,5,0.3750
4,28.0000,2,13,185.1376,-76.0808,0.0396,39,0.9750,0.0000,4,4,0,0,0,4,0,1.0000
4,28.0000,2,17,577.0170,-86.6471,-0.2624,28,0.7000,0.6667,6,5,1,0,0,5,1,0.8000
4,28.0000,2,19,476.9835,-85.6802,0.4791,32,0.8000,0.5000,6,4,0,0,0,4,0,1.0000
4,28.0000,2,21,716.8640,-87.9437,0.1937,18,0.4500,0.8750,8,7,6,0,0,7,6,0.1429
4,28.0000,2,22,377.8422,-82.9118,-0.4268,35,0.8750,0.3333,6,4,0,0,0,4,0,1.0000
4,28.0000,3,0,736.2317,-87.2618,0.1640,22,0.5500,0.8571,7,8,8,0,0,8,8,0.0000
4,28.0000,3,2,930.0432,-88.2764,0.7699,4,0.1000,0.6667,6,8,8,0,0,8,8,0.0000
4,28.0000,3,6,897.1250,-88.5987,-0.1558,6,0.1500,1.0000,8,8,8,0,0,8,8,0.0000
4,28.0000,3,9,1129.2952,-89.3446,-0.1046,5,0.1250,1.0000,6,6,6,0,0,6,6,0.0000
4,28.0000,3,12,927.9133,-87.8637,0.7305,4,0.1000,1.0000,8,8,8,0,0,8,8,0.0000
4,28.0000,3,13,859.6735,-88.6482,0.1116,10,0.2500,1.0000,8,8,8,0,0,8,8,0.0000
4,28.0000,3,17,913.8344,-88.1685,-0.1126,14,0.3500,1.0000,8,8,8,0,0,8,8,0.0000
4,28.0000,3,18,205.6481,-75.1228,-0.6500,39,0.9750,0.0000,4,4,0,0,0,4,0,1.0000
4,28.0000,3,19,857.1051,-88.6333,-0.2297,12,0.3000,1.0000,8,8,8,0,0,8,8,0.0000
4,28.0000,3,21,988.9544,-88.8922,0.4147,4,0.1000,1.0000,8,8,8,0,0,8,8,0.0000
4,28.0000,3,22,668.7909,-87.6476,0.0984,15,0.3750,0.8750,8,6,2,0,0,6,2,0.6667
4,28.0000,4,5,668.0574,-87.5907,0.2896,20,0.5000,0.4000,5,7,6,0,0,7,6,0.1429
4,28.0000,4,7,824.5170,-87.9735,0.3199,9,0.2250,0.8571,7,8,8,0,0,8,8,0.0000
4,28.0000,4,8,683.8412,-86.7122,-1.3681,20,0.5000,0.5000,6,7,6,0,0,7,6,0.1429
4,28.0000,4,10,955.7109,-88.9698,-1.1205,3,0.0750,1.0000,6,8,8,0,0,8,8,0.0000
4,28.0000,4,11,904.4390,-87.9754,-0.1255,8,0.2000,1.0000,8,7,6,0,0,7,6,0.1429
4,28.0000,4,14,762.4424,-87.2687,-0.0625,17,0.4250,0.8571,7,6,4,0,0,6,4,0.3333
4,28.0000,4,16,434.7414,-84.0745,-0.2977,28,0.7000,0.0000,4,4,0,0,0,4,0,1.0000
4,28.0000,4,20,403.7465,-85.5539,0.5758,28,0.7000,0.0000,4,4,0,0,0,4,0,1.0000
4,28.0000,4,23,616.2448,-87.3467,-0.1803,25,0.6250,0.7143,7,6,3,0,0,6,3,0.5000
4,28.0000,4,24,519.5470,-85.8379,0.4999,28,0.7000,0.4000,5,4,0,0,0,4,0,1.0000
4,28.0000,4,25,219.9653,-76.5833,-0.8285,37,0.9250,0.0000,4,4,0,0,0,4,0,1.0000
4,28.0000,5,4,668.0574,-87.5325,-0.5322,26,0.6500,0.5000,6,6,3,0,0,6,3,0.5000
4,28.0000,5,7,758.4234,-87.6710,-0.3260,16,0.4000,0.8571,7,7,6,0,0,7,6,0.1429
4,28.0000,5,8,634.1684,-88.0949,-0.0008,30,0.7500,0.7143,7,7,4,0,0,7,4,0.4286
4,28.0000,5,10,462.9938,-85.6277,0.6142,34,0.8500,0.3333,6,4,0,0,0,4,0,1.0000
4,28.0000,5,11,348.8960,-80.6611,-0.8590,36,0.9000,0.0000,4,5,1,0,0,5,1,0.8000
4,28.0000,5,14,257.1958,-77.2826,-0.5719,39,0.9750,0.2000,5,5,2,0,0,5,2,0.6000
4,28.0000,5,15,887.9035,-88.3166,0.0699,13,0.3250,1.0000,8,8,8,0,0,8,8,0.0000
4,28.0000,5,16,450.2221,-84.1162,-0.6062,39,0.9750,0.0000,4,5,1,0,0,5,1,0.8000
4,28.0000,5,20,462.1603,-83.7454,-0.5771,38,0.9500,0.0000,4,5,2,0,0,5,2,0.6000
4,28.0000,5,23,878.1840,-88.1562,-0.0264,17,0.4250,0.8750,8,8,8,0,0,8,8,0.0000
4,28.0000,5,24,389.6666,-83.2809,-0.2770,39,0.9750,0.0000,4,5,1,0,0,5,1,0.8000
4,28.0000,5,25,550.1793,-86.1986,0.0603,29,0.7250,0.5000,6,5,1,0,0,5,1,0.8000
4,28.0000,6,0,373.5599,-84.4636,0.1627,35,0.8537,0.2000,5,4,0,0,0,4,0,1.0000
4,28.0000,6,1,743.7674,-87.4112,-0.6000,19,0.4634,0.6667,6,8,8,0,0,8,8,0.0000
4,28.0000,6,2,343.3523,-81.9960,0.4556,36,0.8780,0.0000,4,4,0,0,0,4,0,1.0000
4,28.0000,6,3,897.1250,-88.7276,0.4909,12,0.2927,0.9000,10,5,4,0,0,5,4,0.2000
4,28.0000,6,9,364.4353,-83.6267,1.0050,38,0.9268,0.0000,4,4,0,0,0,4,0,1.0000
4,28.0000,6,12,741.4808,-87.4661,-0.0690,20,0.4878,0.8750,8,7,5,0,0,7,5,0.2857
4,28.0000,6,13,231.0214,-79.5772,0.9052,39,0.9512,0.0000,5,4,0,0,0,4,0,1.0000
4,28.0000,6,17,280.6734,-81.0338,0.7819,40,0.9756,0.4444,72,4,0,74,40,78,40,0.4872
4,28.0000,6,19,270.8411,-79.6823,-0.2056,38,0.9268,0.0000,4,4,0,0,0,4,0,1.0000
4,28.0000,6,21,374.2908,-85.2741,0.7155,35,0.8537,0.0000,4,4,0,0,0,4,0,1.0000
4,28.0000,6,22,530.2254,-85.4933,0.0151,28,0.6829,0.2000,5,6,3,0,0,6,3,0.5000
4,28.0000,7,1,717.5436,-87.6384,1.1055,11,0.2750,0.6667,6,7,4,0,0,7,4,0.4286
4,28.0000,7,4,824.5170,-87.7899,0.3146,11,0.2750,0.8571,7,8,8,0,0,8,8,0.0000
4,28.0000,7,5,758.4234,-87.5735,0.1543,16,0.4000,1.0000,8,8,6,0,0,8,6,0.2500
4,28.0000,7,10,700.2581,-88.4211,0.2795,14,0.3500,0.8750,8,5,2,0,0,5,2,0.6000
4,28.0000,7,11,610.2550,-86.7374,0.8202,20,0.5000,0.7143,7,6,4,0,0,6,4,0.3333
4,28.0000,7,12,903.6110,-89.1197,0.5820,4,0.1000,1.0000,8,8,8,0,0,8,8,0.0000
4,28.0000,7,14,656.6934,-87.5170,-0.2559,22,0.5500,0.8571,7,6,4,0,0,6,4,0.3333
4,28.0000,7,15,837.5943,-89.0201,1.4425,3,0.0750,1.0000,8,7,5,0,0,7,5,0.2857
4,28.0000,7,16,645.7831,-87.4160,-0.2935,16,0.4000,0.6667,6,5,2,0,0,5,2,0.6000
4,28.0000,7,20,471.5488,-84.4010,-0.3112,31,0.7750,0.0000,4,5,1,0,0,5,1,0.8000
4,28.0000,7,23,503.6604,-85.6916,-0.4533,29,0.7250,0.4286,7,6,3,0,0,6,3,0.5000
4,28.0000,7,24,989.7897,-89.2003,-0.7704,6,0.1500,1.0000,8,8,8,0,0,8,8,0.0000
4,28.0000,7,25,895.2580,-88.2436,0.3982,10,0.2500,0.8571,7,8,8,0,0,8,8,0.0000
4,28.0000,8,4,683.8412,-86.9156,-0.2671,30,0.7500,0.5714,7,7,6,0,0,7,6,0.1429
4,28.0000,8,5,634.1684,-87.3617,-0.2483,24,0.6000,0.4000,5,7,4,0,0,7,4,0.4286
4,28.0000,8,10,1017.8806,-88.9245,0.5241,3,0.0750,1.0000,8,8,8,0,0,8,8,0.0000
4,28.0000,8,11,981.7642,-88.7512,-0.5807,5,0.1250,1.0000,8,8,8,0,0,8,8,0.0000
4,28.0000,8,14,826.9690,-88.5168,-0.2955,16,0.4000,0.7500,8,7,6,0,0,7,6,0.1429
4,28.0000,8,16,743.8074,-87.0301,-0.3610,20,0.5000,0.5000,6,8,8,0,0,8,8,0.0000
4,28.0000,8,20,838.3631,-88.1684,-0.2498,15,0.3750,1.0000,8,7,6,0,0,7,6,0.1429
4,28.0000,8,24,335.7819,-82.0262,-0.1803,37,0.9250,0.0000,4,6,3,0,0,6,3,0.5000
4,28.0000,8,25,504.5237,-85.4710,-0.1714,32,0.8000,0.2000,5,7,5,0,0,7,5,0.2857
4,28.0000,9,0,412.7190,-84.9041,-0.0348,36,0.9000,0.2000,5,4,0,0,0,4,0,1.0000
4,28.0000,9,2,650.1795,-87.3099,0.6950,19,0.4750,0.8571,7,7,5,0,0,7,5,0.2857
4,28.0000,9,6,364.4353,-84.0546,0.1490,33,0.8250,0.5000,6,5,2,0,0,5,2,0.6000
4,28.0000,9,13,588.1121,-87.3375,0.2087,22,0.5500,0.5714,7,6,2,4,3,10,5,0.5000
4,28.0000,9,17,455.1072,-84.6462,0.0586,32,0.8000,0.0000,4,5,1,0,0,5,1,0.8000
4,28.0000,9,19,558.4717,-85.8580,0.8000,29,0.7250,0.0000,4,7,5,0,0,7,5,0.2857
4,28.0000,9,21,281.0479,-80.7250,-0.1813,39,0.9750,0.0000,4,4,0,0,0,4,0,1.0000
4,28.0000,9,22,887.7374,-88.5902,0.2467,9,0.2250,0.8571,7,7,6,0,0,7,6,0.1429
4,28.0000,10,1,952.8194,-88.7773,-0.9573,4,0.1000,1.0000,8,8,8,0,0,8,8,0.0000
4,28.0000,10,4,955.7109,-89.5469,-0.2624,5,0.1250,1.0000,8,8,8,0,0,8,8,0.0000
4,28.0000,10,5,462.9938,-85.3403,-0.5294,32,0.8000,0.0000,4,4,0,0,0,4,0,1.0000
4,28.0000,10,7,700.2581,-87.9713,0.2019,17,0.4250,0.8571,7,7,6,0,0,7,6,0.1429
4,28.0000,10,8,1017.8806,-88.6378,-0.9843,6,0.1500,0.8750,8,4,4,0,0,4,4,0.0000
4,28.0000,10,11,307.8560,-81.6280,-0.0259,38,0.9500,0.4706,34,4,0,29,13,33,13,0.6061
4,28.0000,10,12,1112.9699,-89.6070,0.0492,3,0.0750,1.0000,4,2,2,0,0,2,2,0.0000
4,28.0000,10,14,219.1914,-80.3392,1.2112,36,0.9000,0.0000,4,4,0,0,0,4,0,1.0000
4,28.0000,10,15,433.8773,-83.0069,-0.2474,36,0.9000,0.0000,4,7,4,0,0,7,4,0.4286
4,28.0000,10,16,556.7053,-87.1623,0.3428,28,0.7000,0.6667,6,6,3,0,0,6,3,0.5000
4,28.0000,10,20,686.6094,-87.6580,0.3769,16,0.4000,0.8864,44,8,8,38,33,46,41,0.1087
4,28.0000,10,23,857.9904,-88.3741,0.0460,11,0.2750,1.0000,8,7,6,0,0,7,6,0.1429
4,28.0000,10,24,716.1489,-87.8509,-0.3372,22,0.5500,0.8571,14,7,6,0,0,7,6,0.1429
4,28.0000,10,25,923.4301,-88.1327,-0.4467,7,0.1750,1.0000,12,7,6,0,0,7,6,0.1429
4,28.0000,11,4,904.4390,-89.1716,0.2527,8,0.2000,1.0000,8,8,7,0,0,8,7,0.1250
4,28.0000,11,5,348.8960,-80.2288,-0.8391,35,0.8750,0.0000,4,6,3,0,0,6,3,0.5000
4,28.0000,11,7,610.2550,-87.1557,-0.2491,24,0.6000,0.2000,5,5,2,0,0,5,2,0.6000
4,28.0000,11,8,981.7642,-89.0191,0.1461,9,0.2250,0.9737,38,8,8,37,36,45,44,0.0222
4,28.0000,11,10,307.8560,-82.7987,0.5180,34,0.8500,0.0000,4,6,3,0,0,6,3,0.5000
4,28.0000,11,14,258.3635,-80.0089,-0.1178,35,0.8750,0.0000,4,5,1,0,0,5,1,0.8000
4,28.0000,11,15,628.9704,-86.8321,-0.7371,22,0.5500,0.7143,7,6,4,0,0,6,4,0.3333
4,28.0000,11,16,609.1859,-86.8368,-0.0842,22,0.5500,0.5000,6,7,6,0,0,7,6,0.1429
4,28.0000,11,20,566.7343,-85.4276,-0.9923,31,0.7750,0.2000,5,9,8,0,0,9,8,0.1111
4,28.0000,11,23,895.8852,-88.9871,0.3441,9,0.2250,1.0000,8,8,8,0,0,8,8,0.0000
4,28.0000,11,24,719.7314,-87.3669,-0.1118,23,0.5750,0.8571,7,7,6,0,0,7,6,0.1429
4,28.0000,11,25,837.8221,-87.5706,0.0876,14,0.3500,1.0000,8,8,8,0,0,8,8,0.0000
4,28.0000,12,0,937.8256,-88.3973,1.3737,5,0.1220,1.0000,10,8,7,0,0,8,7,0.1250
4,28.0000,12,1,426.7540,-83.7894,0.4330,38,0.9268,0.2000,5,6,4,0,0,6,4,0.3333
4,28.0000,12,2,423.3583,-83.6212,0.1226,33,0.8049,0.3333,6,4,0,0,0,4,0,1.0000
4,28.0000,12,3,927.9133,-88.8261,0.3422,9,0.2195,1.0000,8,7,5,0,0,7,5,0.2857
4,28.0000,12,6,741.4808,-87.9925,0.4135,14,0.3415,1.0000,8,7,6,0,0,7,6,0.1429
4,28.0000,12,7,903.6110,-88.3813,-0.1054,11,0.2683,1.0000,8,8,8,0,0,8,8,0.0000
4,28.0000,12,9,1051.9026,-89.6037,-0.0021,3,0.0732,1.0000,2,8,8,0,0,8,8,0.0000
4,28.0000,12,11,1115.1428,-89.4514,0.0071,3,0.0732,1.0000,4,8,8,0,0,8,8,0.0000
4,28.0000,12,13,547.9208,-85.3650,0.0986,30,0.7317,0.6667,6,5,1,0,0,5,1,0.8000
4,28.0000,12,15,831.5495,-88.4938,0.0479,11,0.2683,0.8750,8,8,8,0,0,8,8,0.0000
4,28.0000,12,17,945.1683,-88.4944,0.0507,6,0.1463,1.0000,8,8,8,0,0,8,8,0.0000
4,28.0000,12,19,815.2870,-88.4864,0.2606,16,0.3902,1.0000,8,8,8,0,0,8,8,0.0000
4,28.0000,12,22,408.3021,-84.2544,0.0392,36,0.8780,0.3333,6,5,1,0,0,5,1,0.8000
4,28.0000,13,0,541.0919,-86.9305,0.1540,29,0.7250,0.7143,7,4,0,0,0,4,0,1.0000
4,28.0000,13,1,518.5283,-84.5733,-1.0562,39,0.9750,0.0000,4,6,3,0,0,6,3,0.5000
4,28.0000,13,2,185.1376,-76.1630,-0.2899,40,1.0000,0.0000,4,4,0,0,0,4,0,1.0000
4,28.0000,13,3,859.6735,-87.9056,0.2458,14,0.3500,1.0000,8,8,8,0,0,8,8,0.0000
4,28.0000,13,6,231.0214,-79.9322,0.2987,39,0.9750,0.0000,4,4,0,0,0,4,0,1.0000
4,28.0000,13,9,588.1121,-87.4175,0.7580,23,0.5750,0.8571,7,5,1,0,0,5,1,0.8000
4,28.0000,13,12,547.9208,-85.6536,-0.7159,31,0.7750,0.0000,4,7,5,0,0,7,5,0.2857
4,28.0000,13,17,407.3216,-84.6399,0.2364,36,0.9000,0.2000,5,4,0,0,0,4,0,1.0000
4,28.0000,13,18,1060.9919,-89.3452,0.2998,10,0.2500,1.0000,8,2,2,0,0,2,2,0.0000
4,28.0000,13,19,293.5649,-81.9903,0.9172,38,0.9500,0.0000,4,4,0,0,0,4,0,1.0000
4,28.0000,13,21,589.1318,-87.9556,0.4945,22,0.5500,0.5714,7,7,3,0,0,7,3,0.5714
4,28.0000,13,22,336.6738,-81.4546,-1.0800,40,1.0000,0.0000,4,5,1,0,0,5,1,0.8000
4,28.0000,14,4,762.4424,-87.6338,0.2928,18,0.4500,0.8571,7,7,4,0,0,7,4,0.4286
4,28.0000,14,5,257.1958,-77.9391,-0.6809,39,0.9750,0.0000,4,5,1,0,0,5,1,0.8000
4,28.0000,14,7,656.6934,-87.6664,0.3540,25,0.6250,0.5714,7,7,6,0,0,7,6,0.1429
4,28.0000,14,8,826.9690,-87.6004,-0.7959,13,0.3250,0.8750,8,8,8,0,0,8,8,0.0000
4,28.0000,14,10,219.1914,-80.9943,1.6110,38,0.9500,0.0000,4,4,0,0,0,4,0,1.0000
4,28.0000,14,11,258.3635,-79.8500,0.1950,40,1.0000,0.0000,4,4,0,0,0,4,0,1.0000
4,28.0000,14,15,645.6642,-87.2029,0.0172,23,0.5750,0.2000,5,6,2,0,0,6,2,0.6667
4,28.0000,14,16,403.5484,-83.6487,-0.3394,39,0.9750,0.2000,5,5,1,0,0,5,1,0.8000
4,28.0000,14,20,509.8452,-84.7565,-0.3754,36,0.9000,0.4286,7,7,5,0,0,7,5,0.2857
4,28.0000,14,23,782.1066,-87.7268,-0.1235,20,0.5000,0.8571,7,8,8,0,0,8,8,0.0000
4,28.0000,14,24,524.9445,-85.3146,-0.0231,38,0.9500,0.4286,7,6,3,0,0,6,3,0.5000
4,28.0000,14,25,710.4894,-87.6276,0.2035,24,0.6000,0.7143,7,7,5,0,0,7,5,0.2857
4,28.0000,15,1,716.2918,-88.1367,-0.2249,16,0.4000,0.7143,7,5,4,0,0,5,4,0.2000
4,28.0000,15,5,887.9035,-88.4231,-0.3557,11,0.2750,1.0000,8,8,8,0,0,8,8,0.0000
4,28.0000,15,7,837.5943,-89.0918,-0.2775,9,0.2250,1.0000,8,8,8,0,0,8,8,0.0000
4,28.0000,15,10,433.8773,-82.4852,-1.3422,36,0.9000,0.2000,5,5,1,0,0,5,1,0.8000
4,28.0000,15,11,628.9704,-86.7671,0.2501,27,0.6750,0.6667,6,5,1,0,0,5,1,0.8000
4,28.0000,15,12,831.5495,-88.5430,0.8838,8,0.2000,0.8571,7,8,8,0,0,8,8,0.0000
4,28.0000,15,14,645.6642,-87.3821,-0.4150,19,0.4750,0.6667,6,7,6,0,0,7,6,0.1429
4,28.0000,15,16,914.1435,-88.5201,0.1416,10,0.2500,1.0000,8,8,7,0,0,8,7,0.1250
4,28.0000,15,20,1027.2124,-88.6519,0.6257,3,0.0750,1.0000,8,8,8,0,0,8,8,0.0000
4,28.0000,15,22,934.3337,-88.6374,-0.1722,6,0.1500,1.0000,8,6,5,0,0,6,5,0.1667
4,28.0000,15,23,1046.3133,-89.0248,-0.1132,6,0.1500,1.0000,8,6,6,0,0,6,6,0.0000
4,28.0000,16,4,434.7414,-84.1030,-0.0860,35,0.8750,0.4000,5,6,4,0,0,6,4,0.3333
4,28.0000,16,5,450.2221,-83.8798,-0.6051,35,0.8750,0.4286,7,5,2,0,0,5,2,0.6000
4,28.0000,16,7,645.7831,-87.8414,0.5577,18,0.4500,0.7500,8,5,1,0,0,5,1,0.8000
4,28.0000,16,8,743.8074,-87.6269,-0.1486,28,0.7000,0.8571,7,7,6,0,0,7,6,0.1429
4,28.0000,16,10,556.7053,-87.1915,-0.0622,24,0.6000,0.6667,6,5,1,0,0,5,1,0.8000
4,28.0000,16,11,609.1859,-86.4738,-0.3576,26,0.6500,0.6250,8,7,4,0,0,7,4,0.4286
4,28.0000,16,14,403.5484,-83.3655,-0.3024,36,0.9000,0.0000,4,4,0,0,0,4,0,1.0000
4,28.0000,16,15,914.1435,-88.6977,0.2131,10,0.2500,1.0000,8,8,8,0,0,8,8,0.0000
4,28.0000,16,20,363.1163,-82.9044,0.5019,37,0.9250,0.5000,6,6,2,0,0,6,2,0.6667
4,28.0000,16,23,500.1594,-85.7372,-0.0650,30,0.7500,0.0000,4,8,5,0,0,8,5,0.3750
4,28.0000,16,24,422.0262,-82.2054,-0.8137,38,0.9500,0.3333,6,5,1,0,0,5,1,0.8000
4,28.0000,16,25,479.8424,-84.3971,-1.0277,39,0.9750,0.0000,4,6,4,0,0,6,4,0.3333
4,28.0000,17,0,433.5341,-83.9946,-0.2545,35,0.8974,0.2000,5,4,0,0,0,4,0,1.0000
4,28.0000,17,1,861.5435,-88.4826,-0.5240,9,0.2308,1.0000,8,8,8,0,0,8,8,0.0000
4,28.0000,17,2,577.0170,-86.5190,-0.5572,28,0.7179,0.6667,6,7,4,0,0,7,4,0.4286
4,28.0000,17,3,913.8344,-88.8105,0.2233,13,0.3333,0.8750,8,6,6,0,0,6,6,0.0000
4,28.0000,17,6,280.6734,-81.7541,0.8667,38,0.9744,0.2000,5,4,0,0,0,4,0,1.0000
4,28.0000,17,9,455.1072,-85.1801,0.1044,34,0.8718,0.3333,6,5,1,0,0,5,1,0.8000
4,28.0000,17,12,945.1683,-88.6623,0.4922,8,0.2051,1.0000,8,8,8,0,0,8,8,0.0000
4,28.0000,17,13,407.3216,-85.0709,0.2560,36,0.9231,0.4000,5,4,0,0,0,4,0,1.0000
4,28.0000,17,19,161.8262,-76.6145,1.3399,39,1.0000,0.2000,5,4,0,0,0,4,0,1.0000
4,28.0000,17,21,285.1174,-81.8678,0.4750,37,0.9487,0.0000,4,4,0,0,0,4,0,1.0000
4,28.0000,17,22,635.0256,-87.7751,-0.0796,22,0.5641,0.5000,4,8,5,0,0,8,5,0.3750
4,28.0000,18,0,878.4646,-87.8738,-0.3979,11,0.2750,0.8750,8,8,8,0,0,8,8,0.0000
4,28.0000,18,3,205.6481,-75.6054,-1.2924,38,0.9500,0.0000,4,4,0,0,0,4,0,1.0000
4,28.0000,18,22,872.8760,-88.5105,-0.1491,10,0.2500,1.0000,8,8,7,0,0,8,7,0.1250
4,28.0000,19,0,495.8868,-85.5003,0.3797,28,0.7000,0.6667,6,5,1,0,0,5,1,0.8000
4,28.0000,19,1,710.1482,-87.6275,0.3756,21,0.5250,0.5714,7,8,6,0,0,8,6,0.2500
4,28.0000,19,2,476.9835,-85.5899,0.1581,33,0.8250,0.4000,5,4,0,0,0,4,0,1.0000
4,28.0000,19,3,857.1051,-88.8624,-0.0810,12,0.3000,0.8571,7,7,5,0,0,7,5,0.2857
4,28.0000,19,6,270.8411,-80.3023,0.0658,36,0.9000,0.0000,5,4,1,0,0,4,1,0.7500
4,28.0000,19,9,558.4717,-85.8851,0.1312,32,0.8000,0.5000,6,4,0,0,0,4,0,1.0000
4,28.0000,19,12,815.2870,-88.2885,-0.4581,8,0.2000,1.0000,8,8,8,0,0,8,8,0.0000
4,28.0000,19,13,293.5649,-81.9032,0.8752,35,0.8750,0.1304,23,4,0,0,0,4,0,1.0000
4,28.0000,19,17,161.8262,-76.3415,1.4098,37,0.9250,0.0000,4,4,0,0,0,4,0,1.0000
4,28.0000,19,21,432.0877,-85.4098,0.5417,33,0.8250,0.0000,4,5,1,0,0,5,1,0.8000
4,28.0000,19,22,490.8164,-85.9440,0.0453,32,0.8000,0.2000,5,5,2,0,0,5,2,0.6000
4,28.0000,20,4,403.7465,-85.2735,0.5825,36,0.9000,0.0000,4,4,0,0,0,4,0,1.0000
4,28.0000,20,5,462.1603,-82.7268,-0.9749,37,0.9250,0.2000,5,7,4,0,0,7,4,0.4286
4,28.0000,20,7,471.5488,-84.4379,-0.9224,32,0.8000,0.5000,6,5,1,0,0,5,1,0.8000
4,28.0000,20,8,838.3631,-87.8490,-0.5721,15,0.3750,0.8889,18,8,7,15,14,23,21,0.0870
4,28.0000,20,10,686.6094,-87.0241,-0.2107,22,0.5500,0.7143,7,6,3,0,0,6,3,0.5000
4,28.0000,20,11,566.7343,-85.4535,0.1138,31,0.7750,0.8571,7,8,6,0,0,8,6,0.2500
4,28.0000,20,14,509.8452,-85.0620,-0.6666,37,0.9250,0.2000,5,8,6,0,0,8,6,0.2500
4,28.0000,20,16,363.1163,-82.7280,0.0229,39,0.9750,0.0000,4,5,1,0,0,5,1,0.8000
4,28.0000,20,23,527.7016,-85.6002,0.1529,28,0.7000,0.3333,6,7,5,0,0,7,5,0.2857
4,28.0000,20,24,587.1145,-86.2839,-0.8376,30,0.7500,0.4286,7,5,2,0,0,5,2,0.6000
4,28.0000,20,25,426.5449,-84.4948,0.2896,35,0.8750,0.4462,65,4,0,64,39,68,39,0.4265
4,28.0000,21,0,324.9282,-83.8545,0.6771,36,0.9000,0.5429,35,4,0,2,2,6,2,0.6667
4,28.0000,21,2,716.8640,-88.0478,0.7239,12,0.3000,1.0000,8,6,3,0,0,6,3,0.5000
4,28.0000,21,3,988.9544,-89.8138,0.0031,4,0.1000,1.0000,6,8,8,0,0,8,8,0.0000
4,28.0000,21,6,374.2908,-84.6529,0.3184,33,0.8250,0.3750,8,5,2,0,0,5,2,0.6000
4,28.0000,21,9,281.0479,-80.3026,-0.1022,37,0.9250,0.0000,4,4,0,7,6,11,6,0.4545
4,28.0000,21,13,589.1318,-87.0186,0.5752,22,0.5500,0.5714,7,7,4,68,51,75,55,0.2667
4,28.0000,21,17,285.1174,-81.8820,0.5808,37,0.9250,0.5000,6,4,0,0,0,4,0,1.0000
4,28.0000,21,19,432.0877,-85.4898,-0.0249,30,0.7500,0.6735,49,4,0,0,0,4,0,1.0000
4,28.0000,21,22,837.0508,-88.8514,-0.2894,8,0.2000,1.0000,8,8,7,0,0,8,7,0.1250
4,28.0000,22,0,701.4867,-87.5480,-0.1677,18,0.4500,1.0000,6,7,4,0,0,7,4,0.4286
4,28.0000,22,1,443.4904,-82.7314,-0.2551,32,0.8000,0.0000,4,6,3,0,0,6,3,0.5000
4,28.0000,22,2,377.8422,-82.9416,-0.1301,37,0.9250,0.0000,4,4,0,0,0,4,0,1.0000
4,28.0000,22,3,668.7909,-88.0311,0.1271,21,0.5250,0.8571,7,7,4,0,0,7,4,0.4286
4,28.0000,22,6,530.2254,-85.9164,0.3332,31,0.7750,0.4000,5,6,3,0,0,6,3,0.5000
4,28.0000,22,7,1139.3582,-89.3652,0.9719,4,0.1000,1.0000,2,4,4,0,0,4,4,0.0000
4,28.0000,22,9,887.7374,-88.7526,0.1056,11,0.2750,1.0000,6,10,10,0,0,10,10,0.0000
4,28.0000,22,12,408.3021,-83.7245,-0.1768,38,0.9500,0.0000,4,5,1,0,0,5,1,0.8000
4,28.0000,22,13,336.6738,-80.8050,-0.3640,37,0.9250,0.2000,5,4,0,0,0,4,0,1.0000
4,28.0000,22,15,934.3337,-89.3699,-0.0829,6,0.1500,1.0000,8,5,4,0,0,5,4,0.2000
4,28.0000,22,17,635.0256,-87.3548,0.3326,28,0.7000,0.7143,7,4,0,0,0,4,0,1.0000
4,28.0000,22,18,872.8760,-88.8175,0.1183,12,0.3000,1.0000,8,8,8,0,0,8,8,0.0000
4,28.0000,22,19,490.8164,-86.1385,-0.0651,32,0.8000,0.2000,5,5,1,0,0,5,1,0.8000
4,28.0000,22,21,837.0508,-88.5226,0.1057,3,0.0750,1.0000,8,8,8,0,0,8,8,0.0000
4,28.0000,23,4,616.2448,-86.9256,0.4765,28,0.7000,0.6667,6,5,2,0,0,5,2,0.6000
4,28.0000,23,5,878.1840,-88.4105,-0.4487,13,0.3250,1.0000,8,8,8,0,0,8,8,0.0000
4,28.0000,23,7,503.6604,-85.8600,-0.0431,31,0.7750,0.2000,5,6,2,0,0,6,2,0.6667
4,28.0000,23,10,857.9904,-87.9099,-1.2423,5,0.1250,1.0000,8,7,6,0,0,7,6,0.1429
4,28.0000,23,11,895.8852,-88.9198,-0.1599,8,0.2000,1.0000,8,6,5,0,0,6,5,0.1667
4,28.0000,23,14,782.1066,-87.2566,-0.8843,17,0.4250,0.8571,7,8,8,0,0,8,8,0.0000
4,28.0000,23,15,1046.3133,-89.2853,-0.1771,5,0.1250,1.0000,8,8,8,0,0,8,8,0.0000
4,28.0000,23,16,500.1594,-85.4418,0.0846,32,0.8000,0.6667,6,5,1,0,0,5,1,0.8000
4,28.0000,23,20,527.7016,-85.5253,0.0924,29,0.7250,0.5000,6,6,3,0,0,6,3,0.5000
4,28.0000,23,24,903.2660,-88.7348,-0.3903,11,0.2750,1.0000,8,8,8,0,0,8,8,0.0000
4,28.0000,23,25,786.9254,-87.7938,0.1294,23,0.5750,0.6250,8,8,8,0,0,8,8,0.0000
4,28.0000,24,4,519.5470,-85.5750,0.2419,33,0.8250,0.6667,6,5,2,0,0,5,2,0.6000
4,28.0000,24,5,389.6666,-83.4842,-0.0930,35,0.8750,0.2000,5,6,2,0,0,6,2,0.6667
4,28.0000,24,7,989.7897,-88.4511,-0.0636,5,0.1250,1.0000,8,8,8,0,0,8,8,0.0000
4,28.0000,24,8,335.7819,-81.4879,-0.2539,40,1.0000,0.2000,5,4,0,0,0,4,0,1.0000
4,28.0000,24,10,716.1489,-87.7889,-0.0544,17,0.4250,1.0000,8,7,4,0,0,7,4,0.4286
4,28.0000,24,11,719.7314,-87.8623,-0.2006,22,0.5500,0.8571,7,8,8,0,0,8,8,0.0000
4,28.0000,24,14,524.9445,-85.4905,-1.3540,29,0.7250,0.1667,6,6,4,0,0,6,4,0.3333
4,28.0000,24,16,422.0262,-82.3253,-0.8282,37,0.9250,0.4000,5,7,6,0,0,7,6,0.1429
4,28.0000,24,20,587.1145,-85.9184,-0.3039,27,0.6750,0.5000,6,6,4,0,0,6,4,0.3333
4,28.0000,24,23,903.2660,-88.5259,-0.4085,9,0.2250,0.8571,7,8,8,0,0,8,8,0.0000
4,28.0000,24,25,393.1244,-83.8288,0.5312,38,0.9500,0.2000,5,4,0,0,0,4,0,1.0000
4,28.0000,25,4,219.9653,-76.8340,-0.3401,38,0.9500,0.0000,4,5,2,0,0,5,2,0.6000
4,28.0000,25,5,550.1793,-87.0971,-0.0409,32,0.8000,0.5000,6,7,4,0,0,7,4,0.4286
4,28.0000,25,7,895.2580,-88.4504,0.0120,9,0.2250,0.8571,7,8,8,0,0,8,8,0.0000
4,28.0000,25,8,504.5237,-85.8565,0.1579,35,0.8750,0.1667,6,5,1,0,0,5,1,0.8000
4,28.0000,25,10,923.4301,-88.3101,-1.3681,4,0.1000,1.0000,8,8,8,0,0,8,8,0.0000
4,28.0000,25,11,837.8221,-88.1779,0.2447,16,0.4000,0.7143,7,6,6,0,0,6,6,0.0000
4,28.0000,25,14,710.4894,-86.8931,-0.6048,20,0.5000,0.5714,7,8,8,0,0,8,8,0.0000
4,28.0000,25,16,479.8424,-84.2072,-1.1141,34,0.8500,0.6667,6,6,3,0,0,6,3,0.5000
4,28.0000,25,20,426.5449,-84.2564,0.0848,33,0.8250,0.3333,6,7,3,0,0,7,3,0.5714
4,28.0000,25,23,786.9254,-87.6446,-0.6750,14,0.3500,0.8571,7,7,6,0,0,7,6,0.1429
4,28.0000,25,24,393.1244,-84.0584,0.1392,38,0.9500,0.2000,5,4,0,0,0,4,0,1.0000
4,32.0000,0,1,1097.2540,-89.1854,-0.1170,3,0.0750,1.0000,6,6,6,0,0,6,6,0.0000
4,32.0000,0,2,549.0216,-87.1607,0.9766,26,0.6500,0.8571,7,6,2,0,0,6,2,0.6667
4,32.0000,0,3,863.9769,-88.5194,-0.0961,14,0.3500,0.7143,7,8,8,0,0,8,8,0.0000
4,32.0000,0,6,227.5703,-80.8609,1.1249,38,0.9500,0.0000,4,4,0,0,0,4,0,1.0000
4,32.0000,0,9,264.8380,-82.6899,1.3174,38,0.9500,0.0000,4,4,0,0,0,4,0,1.0000
4,32.0000,0,12,888.5142,-88.6364,-0.2891,11,0.2750,1.0000,8,8,7,0,0,8,7,0.1250
4,32.0000,0,13,431.8674,-84.5917,0.8304,34,0.8500,0.0000,4,4,0,0,0,4,0,1.0000
4,32.0000,0,17,431.5678,-84.3058,0.2997,35,0.8750,0.2000,5,4,0,0,0,4,0,1.0000
4,32.0000,0,18,948.7946,-88.6960,-0.3891,14,0.3500,1.0000,8,8,8,0,0,8,8,0.0000
4,32.0000,0,19,426.5171,-84.7836,0.2605,38,0.9500,0.2000,5,4,0,0,0,4,0,1.0000
4,32.0000,0,21,224.7196,-80.2337,0.8080,38,0.9500,0.0000,4,4,0,0,0,4,0,1.0000
4,32.0000,0,22,640.8842,-87.8116,-0.0940,20,0.5000,0.5000,6,5,2,0,0,5,2,0.6000
4,32.0000,1,2,607.7666,-86.3959,-0.6961,26,0.6500,0.2000,5,8,7,0,0,8,7,0.1250
4,32.0000,1,3,1091.8944,-89.7784,-0.1570,3,0.0750,,0,4,4,0,0,4,4,0.0000
4,32.0000,1,6,888.1962,-87.7864,-0.2639,19,0.4750,1.0000,8,7,6,0,0,7,6,0.1429
4,32.0000,1,7,652.5373,-87.5840,-0.3394,23,0.5750,0.6250,8,8,7,0,0,8,7,0.1250
4,32.0000,1,9,1060.4507,-89.4217,0.8182,3,0.0750,1.0000,2,8,8,0,0,8,8,0.0000
4,32.0000,1,10,903.0829,-89.3717,0.0119,8,0.2000,1.0000,8,8,8,0,0,8,8,0.0000
4,32.0000,1,12,485.6759,-84.6837,-0.3917,33,0.8250,0.0000,4,5,2,0,0,5,2,0.6000
4,32.0000,1,13,681.7040,-86.8962,-0.6241,26,0.6500,0.6667,6,7,6,0,0,7,6,0.1429
4,32.0000,1,15,596.0047,-87.5856,0.4231,25,0.6250,0.7143,7,7,4,0,0,7,4,0.4286
4,32.0000,1,16,978.6888,-88.8262,2.4990,3,0.0750,1.0000,8,8,8,0,0,8,8,0.0000
4,32.0000,1,17,929.4895,-88.0503,0.0455,10,0.2500,1.0000,8,8,7,0,0,8,7,0.1250
4,32.0000,1,19,799.9024,-87.7480,0.1704,16,0.4000,1.0000,8,8,8,0,0,8,8,0.0000
4,32.0000,1,21,1067.8896,-88.8601,-0.0484,3,0.0750,1.0000,2,6,6,0,0,6,6,0.0000
4,32.0000,1,22,588.9960,-86.0222,-0.6354,31,0.7750,0.0000,4,6,4,0,0,6,4,0.3333
4,32.0000,1,23,791.6335,-88.7119,0.7570,7,0.1750,0.8000,5,7,5,0,0,7,5,0.2857
4,32.0000,2,0,549.0216,-87.3523,0.3357,27,0.6750,0.4000,5,4,0,0,0,4,0,1.0000
4,32.0000,2,1,607.7666,-85.9364,-0.6371,27,0.6750,1.0000,8,7,5,0,0,7,5,0.2857
4,32.0000,2,3,948.4479,-88.9415,0.6002,5,0.1250,1.0000,8,8,8,0,0,8,8,0.0000
4,32.0000,2,6,344.3461,-82.3090,-0.2317,33,0.8250,0.0000,4,4,0,0,0,4,0,1.0000
4,32.0000,2,9,470.6978,-87.1062,0.3570,28,0.7000,0.6667,6,4,0,0,0,4,0,1.0000
4,32.0000,2,12,473.2179,-84.9282,0.2734,33,0.8250,0.6250,8,4,0,0,0,4,0,1.0000
4,32.0000,2,13,191.1282,-76.2986,-0.5075,35,0.8750,0.0000,4,4,0,0,0,4,0,1.0000
4,32.0000,2,17,524.7376,-86.3461,0.4082,32,0.8000,0.2000,5,6,3,0,0,6,3,0.5000
4,32.0000,2,18,1114.8872,-89.4645,-0.2364,3,0.0750,1.0000,4,4,4,0,0,4,4,0.0000
4,32.0000,2,19,462.7271,-84.4375,0.0993,33,0.8250,0.0000,4,4,0,0,0,4,0,1.0000
4,32.0000,2,21,557.5356,-87.4757,0.2853,25,0.6250,0.8571,7,4,0,0,0,4,0,1.0000
4,32.0000,2,22,436.0800,-83.6091,-0.8775,33,0.8250,0.0000,4,5,1,0,0,5,1,0.8000
4,32.0000,3,0,863.9769,-88.8114,-0.4551,15,0.3750,1.0000,8,8,8,0,0,8,8,0.0000
4,32.0000,3,2,948.4479,-88.8948,0.1461,4,0.1000,1.0000,8,8,7,0,0,8,7,0.1250
4,32.0000,3,6,879.4992,-88.7610,-0.0585,12,0.3000,1.0000,8,8,8,0,0,8,8,0.0000
4,32.0000,3,12,833.6979,-88.7383,0.0115,13,0.3250,1.0000,8,8,8,0,0,8,8,0.0000
4,32.0000,3,13,882.3544,-88.7941,0.0260,11,0.2750,1.0000,8,8,8,0,0,8,8,0.0000
4,32.0000,3,17,1015.9608,-88.5779,0.7591,5,0.1250,1.0000,8,4,4,0,0,4,4,0.0000
4,32.0000,3,18,200.5119,-77.8877,-0.0176,40,1.0000,0.0000,4,4,0,0,0,4,0,1.0000
4,32.0000,3,19,754.5907,-88.2881,-0.1133,16,0.4000,1.0000,8,8,7,0,0,8,7,0.1250
4,32.0000,3,21,978.4646,-88.8750,-0.7075,5,0.1250,1.0000,8,7,6,0,0,7,6,0.1429
4,32.0000,3,22,564.7222,-87.0359,0.5865,23,0.5750,0.3333,6,5,2,0,0,5,2,0.6000
4,32.0000,4,5,678.0427,-87.2964,-0.0254,23,0.5750,0.8571,7,6,3,0,0,6,3,0.5000
4,32.0000,4,7,749.4673,-88.0558,0.1296,17,0.4250,1.0000,8,8,6,0,0,8,6,0.2500
4,32.0000,4,8,797.7308,-88.1786,-0.3272,22,0.5500,0.8571,7,8,8,0,0,8,8,0.0000
4,32.0000,4,10,799.6601,-89.3493,-0.0514,4,0.1000,1.0000,8,7,4,0,0,7,4,0.4286
4,32.0000,4,11,909.1385,-88.6574,0.0806,8,0.2000,0.8571,7,8,8,0,0,8,8,0.0000
4,32.0000,4,14,793.8947,-88.5301,0.1896,12,0.3000,0.6667,6,7,6,0,0,7,6,0.1429
4,32.0000,4,16,419.8714,-84.5647,0.4413,36,0.9000,0.0000,4,4,0,0,0,4,0,1.0000
4,32.0000,4,20,278.0126,-82.4009,0.6950,38,0.9500,0.0000,4,4,0,0,0,4,0,1.0000
4,32.0000,4,23,612.7196,-86.8282,0.2773,29,0.7250,0.5000,6,6,4,0,0,6,4,0.3333
4,32.0000,4,24,553.3712,-86.4298,-0.0223,34,0.8500,0.0000,4,7,4,0,0,7,4,0.4286
4,32.0000,4,25,310.9621,-79.6726,-1.0096,40,1.0000,0.0000,4,4,0,0,0,4,0,1.0000
4,32.0000,5,4,678.0427,-87.5048,-0.1385,20,0.5000,0.5000,6,6,3,0,0,6,3,0.5000
4,32.0000,5,7,809.2094,-87.8902,0.3854,17,0.4250,0.8571,7,8,7,0,0,8,7,0.1250
4,32.0000,5,8,607.7768,-86.1512,0.4508,32,0.8000,0.5714,7,4,0,0,0,4,0,1.0000
4,32.0000,5,10,468.2691,-85.4135,0.6228,35,0.8750,0.0000,4,5,2,0,0,5,2,0.6000
4,32.0000,5,11,476.0051,-84.1991,-0.8512,35,0.8750,0.2000,5,5,1,0,0,5,1,0.8000
4,32.0000,5,14,362.8942,-81.8405,-1.2420,39,0.9750,0.4000,5,7,5,0,0,7,5,0.2857
4,32.0000,5,15,1014.1419,-88.6334,-0.0909,6,0.1500,1.0000,8,8,8,0,0,8,8,0.0000
4,32.0000,5,16,563.3586,-85.6324,-0.5563,35,0.8750,0.2000,5,5,1,0,0,5,1,0.8000
4,32.0000,5,20,581.0314,-85.8147,-0.8168,27,0.6750,0.4000,5,6,2,0,0,6,2,0.6667
4,32.0000,5,24,421.3930,-84.0774,0.1719,37,0.9250,0.2000,5,7,4,0,0,7,4,0.4286
4,32.0000,5,25,606.6824,-86.2348,-0.0249,33,0.8250,0.2000,5,8,7,0,0,8,7,0.1250
4,32.0000,6,0,227.5703,-80.6512,1.0399,39,0.9750,0.0000,4,4,0,0,0,4,0,1.0000
4,32.0000,6,1,888.1962,-88.0950,0.0826,15,0.3750,1.0000,8,8,8,0,0,8,8,0.0000
4,32.0000,6,2,344.3461,-82.5977,-0.3307,39,0.9750,0.0000,4,4,0,0,0,4,0,1.0000
4,32.0000,6,3,879.4992,-88.8267,0.4801,9,0.2250,0.8000,5,8,7,0,0,8,7,0.1250
4,32.0000,6,9,238.2071,-80.7200,1.4602,39,0.9750,0.0000,4,4,0,0,0,4,0,1.0000
4,32.0000,6,12,738.0336,-87.9890,0.0526,20,0.5000,0.7143,7,7,5,0,0,7,5,0.2857
4,32.0000,6,13,209.4997,-77.7544,0.0425,39,0.9750,0.0000,4,4,0,0,0,4,0,1.0000
4,32.0000,6,17,308.2421,-80.4090,-0.1536,39,0.9750,0.5128,78,4,0,73,35,77,35,0.5455
4,32.0000,6,19,299.0817,-80.3891,-0.6492,40,1.0000,0.0000,4,4,0,0,0,4,0,1.0000
4,32.0000,6,21,228.9892,-80.6243,1.2570,39,0.9750,0.0000,4,4,0,0,0,4,0,1.0000
4,32.0000,6,22,508.9139,-85.7767,0.1329,31,0.7750,0.5000,6,6,4,0,0,6,4,0.3333
4,32.0000,7,1,652.5373,-87.3919,-0.1925,16,0.4000,0.5714,7,5,2,0,0,5,2,0.6000
4,32.0000,7,4,749.4673,-88.1825,0.1739,14,0.3500,1.0000,8,6,3,0,0,6,3,0.5000
4,32.0000,7,5,809.2094,-88.5210,-0.3112,11,0.2750,0.7500,8,8,8,0,0,8,8,0.0000
4,32.0000,7,10,613.2932,-87.6266,0.6795,15,0.3750,0.4000,5,7,4,0,0,7,4,0.4286
4,32.0000,7,11,566.5717,-87.1581,0.1502,23,0.5750,0.6667,6,6,4,0,0,6,4,0.3333
4,32.0000,7,12,928.0527,-88.3241,-1.8344,4,0.1000,1.0000,8,4,4,2,2,6,6,0.0000
4,32.0000,7,14,643.4451,-87.6678,0.2697,20,0.5000,0.6667,6,6,3,0,0,6,3,0.5000
4,32.0000,7,15,784.1775,-88.3147,0.8621,8,0.2000,0.7143,7,8,7,0,0,8,7,0.1250
4,32.0000,7,16,563.9658,-86.8342,0.5747,20,0.5000,0.4000,5,6,3,0,0,6,3,0.5000
4,32.0000,7,20,512.3769,-85.0466,-0.3934,27,0.6750,0.2000,5,6,3,0,0,6,3,0.5000
4,32.0000,7,23,510.6365,-84.9791,-0.0072,27,0.6750,0.5000,6,5,2,0,0,5,2,0.6000
4,32.0000,7,24,1037.4462,-88.1530,-0.8931,3,0.0750,1.0000,8,2,2,0,0,2,2,0.0000
4,32.0000,7,25,960.1873,-88.7843,0.1650,7,0.1750,1.0000,8,6,6,0,0,6,6,0.0000
4,32.0000,8,4,797.7308,-87.8324,-0.4665,12,0.3000,0.8571,7,8,8,0,0,8,8,0.0000
4,32.0000,8,5,607.7768,-86.5278,0.1182,28,0.7000,0.5714,7,6,3,0,0,6,3,0.5000
4,32.0000,8,10,988.4781,-89.2026,0.1496,3,0.0750,1.0000,8,8,7,0,0,8,7,0.1250
4,32.0000,8,11,1081.4898,-88.9472,-0.0774,3,0.0750,1.0000,8,8,8,0,0,8,8,0.0000
4,32.0000,8,14,917.0351,-88.7006,0.5459,8,0.2000,0.8571,7,7,6,0,0,7,6,0.1429
4,32.0000,8,16,897.1199,-88.0986,-1.0860,10,0.2500,1.0000,8,6,4,0,0,6,4,0.3333
4,32.0000,8,20,899.0927,-88.7180,-0.0582,13,0.3250,0.8571,7,8,8,0,0,8,8,0.0000
4,32.0000,8,24,318.4245,-81.7584,1.0306,36,0.9000,0.5000,6,5,2,0,0,5,2,0.6000
4,32.0000,8,25,547.4063,-86.1423,-0.0810,32,0.8000,0.7143,7,6,3,0,0,6,3,0.5000
4,32.0000,9,0,264.8380,-82.2846,1.5036,36,0.9000,0.0000,4,4,0,0,0,4,0,1.0000
4,32.0000,9,2,470.6978,-86.0929,0.9042,27,0.6750,0.7143,7,5,2,0,0,5,2,0.6000
4,32.0000,9,6,238.2071,-81.5205,1.3737,37,0.9250,0.4000,5,5,1,0,0,5,1,0.8000
4,32.0000,9,12,897.7229,-89.3172,-0.1130,7,0.1750,1.0000,6,8,7,0,0,8,7,0.1250
4,32.0000,9,13,398.9878,-86.3965,0.5701,30,0.7500,0.5000,10,4,0,0,0,4,0,1.0000
4,32.0000,9,17,415.9298,-84.5730,0.2471,33,0.8250,0.2000,5,4,0,0,0,4,0,1.0000
4,32.0000,9,19,520.2186,-86.4054,0.2792,31,0.7750,0.7143,7,4,0,0,0,4,0,1.0000
4,32.0000,9,21,265.0711,-79.9086,0.3522,37,0.9250,0.0000,4,4,0,0,0,4,0,1.0000
4,32.0000,9,22,736.3494,-88.2819,0.3772,6,0.1500,0.8571,7,7,6,0,0,7,6,0.1429
4,32.0000,10,1,903.0829,-88.8257,0.5314,7,0.1707,1.0000,8,8,8,0,0,8,8,0.0000
4,32.0000,10,4,799.6601,-88.7510,0.1883,10,0.2439,1.0000,8,7,6,0,0,7,6,0.1429
4,32.0000,10,5,468.2691,-84.7883,-0.1585,34,0.8293,0.0000,4,4,0,0,0,4,0,1.0000
4,32.0000,10,7,613.2932,-87.2054,0.4722,24,0.5854,0.8571,7,6,3,6,5,12,8,0.3333
4,32.0000,10,8,988.4781,-89.6815,-0.0507,4,0.0976,1.0000,4,8,7,0,0,8,7,0.1250
4,32.0000,10,11,320.2096,-81.5644,-0.2797,40,0.9756,0.3939,33,4,0,0,0,4,0,1.0000
4,32.0000,10,14,125.5686,-74.6433,1.6683,41,1.0000,0.0000,4,4,0,0,0,4,0,1.0000
4,32.0000,10,15,569.9587,-85.2948,0.0210,33,0.8049,0.5714,7,5,2,0,0,5,2,0.6000
4,32.0000,10,16,435.9222,-85.4243,-0.3178,34,0.8293,0.5000,6,6,2,0,0,6,2,0.6667
4,32.0000,10,20,669.2149,-87.6613,0.4533,24,0.5854,0.8913,46,7,4,43,38,50,42,0.1600
4,32.0000,10,23,791.4118,-88.3262,-0.0342,13,0.3171,0.8571,7,7,6,0,0,7,6,0.1429
4,32.0000,10,24,715.7815,-87.6118,0.1098,19,0.4634,0.8571,7,7,5,36,32,43,37,0.1395
4,32.0000,10,25,898.9937,-88.4016,-0.2069,10,0.2439,0.8571,7,8,8,0,0,8,8,0.0000
4,32.0000,11,4,909.1385,-88.1926,0.0096,10,0.2500,0.8750,8,8,8,0,0,8,8,0.0000
4,32.0000,11,5,476.0051,-83.5037,-0.4387,37,0.9250,0.5000,6,4,0,0,0,4,0,1.0000
4,32.0000,11,7,566.5717,-86.7445,0.0499,30,0.7500,0.4000,5,6,4,0,0,6,4,0.3333
4,32.0000,11,8,1081.4898,-89.1754,-0.0420,5,0.1250,0.9778,45,6,6,0,0,6,6,0.0000
4,32.0000,11,10,320.2096,-81.7232,-0.1153,37,0.9250,0.5000,6,5,1,0,0,5,1,0.8000
4,32.0000,11,14,256.1735,-79.3609,-0.0979,38,0.9500,0.2000,5,4,0,0,0,4,0,1.0000
4,32.0000,11,15,631.7153,-86.7735,0.2876,26,0.6500,0.6667,6,7,6,6,6,13,12,0.0769
4,32.0000,11,16,640.9310,-86.9621,-0.4065,23,0.5750,0.8571,7,6,4,0,0,6,4,0.3333
4,32.0000,11,20,699.8154,-87.1821,0.3327,23,0.5750,0.8889,9,5,3,0,0,5,3,0.4000
4,32.0000,11,23,930.7104,-88.5758,-0.0956,8,0.2000,1.0000,8,8,8,0,0,8,8,0.0000
4,32.0000,11,24,855.4745,-88.5648,0.2728,18,0.4500,0.8571,7,8,8,0,0,8,8,0.0000
4,32.0000,11,25,972.1633,-88.4494,-0.9870,5,0.1250,1.0000,8,6,6,0,0,6,6,0.0000
4,32.0000,12,0,888.5142,-88.7380,0.0191,8,0.2000,0.8750,8,6,6,0,0,6,6,0.0000
4,32.0000,12,1,485.6759,-84.2693,0.2613,30,0.7500,0.6667,6,7,4,0,0,7,4,0.4286
4,32.0000,12,2,473.2179,-84.6716,-0.8795,31,0.7750,0.0000,4,7,5,0,0,7,5,0.2857
4,32.0000,12,3,833.6979,-88.7946,0.1273,11,0.2750,0.7143,7,7,5,0,0,7,5,0.2857
4,32.0000,12,6,738.0336,-87.5453,0.0506,19,0.4750,0.8571,7,8,5,0,0,8,5,0.3750
4,32.0000,12,7,928.0527,-87.9377,-0.3751,6,0.1500,1.0000,8,8,8,0,0,8,8,0.0000
4,32.0000,12,9,897.7229,-89.1282,0.0181,5,0.1250,1.0000,8,8,8,0,0,8,8,0.0000
4,32.0000,12,13,594.7871,-86.2730,-0.6617,24,0.6000,0.2000,5,6,3,0,0,6,3,0.5000
4,32.0000,12,15,795.8136,-88.8230,-0.3933,11,0.2750,1.0000,8,8,7,0,0,8,7,0.1250
4,32.0000,12,17,931.5020,-88.9934,0.5572,8,0.2000,1.0000,8,6,6,0,0,6,6,0.0000
4,32.0000,12,18,1019.1451,-88.9463,1.9209,3,0.0750,1.0000,6,6,6,0,0,6,6,0.0000
4,32.0000,12,19,751.6010,-87.9322,0.0646,16,0.4000,1.0000,8,7,6,0,0,7,6,0.1429
4,32.0000,12,21,961.1875,-88.4765,-0.2344,3,0.0750,,0,7,6,0,0,7,6,0.1429
4,32.0000,12,22,426.3446,-84.6041,-0.4565,27,0.6750,0.2000,5,5,1,0,0,5,1,0.8000
4,32.0000,13,0,431.8674,-85.2167,0.5521,35,0.8750,0.0000,4,6,2,0,0,6,2,0.6667
4,32.0000,13,1,681.7040,-87.1564,-0.0420,25,0.6250,0.5000,6,7,6,0,0,7,6,0.1429
4,32.0000,13,2,191.1282,-76.7445,-0.6219,39,0.9750,0.0000,4,4,0,0,0,4,0,1.0000
4,32.0000,13,3,882.3544,-87.6267,0.6167,8,0.2000,1.0000,8,8,8,0,0,8,8,0.0000
4,32.0000,13,6,209.4997,-78.5246,0.2330,39,0.9750,0.0000,4,4,0,0,0,4,0,1.0000
4,32.0000,13,9,398.9878,-85.4463,0.6990,33,0.8250,0.2000,5,4,0,0,0,4,0,1.0000
4,32.0000,13,12,594.7871,-86.3844,0.1178,30,0.7500,0.7143,7,7,5,0,0,7,5,0.2857
4,32.0000,13,17,347.5395,-82.9586,0.6004,37,0.9250,0.0000,4,5,1,0,0,5,1,0.8000
4,32.0000,13,19,281.3970,-80.2857,-0.0599,38,0.9500,0.0000,4,5,1,0,0,5,1,0.8000
4,32.0000,13,21,399.9538,-85.0177,1.1993,36,0.9000,0.4286,7,4,0,0,0,4,0,1.0000
4,32.0000,13,22,396.3505,-83.3269,-0.0925,36,0.9000,0.2000,5,5,1,0,0,5,1,0.8000
4,32.0000,14,1,993.6813,-88.7434,0.1843,3,0.0732,1.0000,6,8,8,0,0,8,8,0.0000
4,32.0000,14,4,793.8947,-87.9376,-0.0054,13,0.3171,0.5714,7,8,8,0,0,8,8,0.0000
4,32.0000,14,5,362.8942,-81.5403,-0.6434,36,0.8780,0.2000,5,5,2,0,0,5,2,0.6000
4,32.0000,14,7,643.4451,-87.1444,0.0217,23,0.5610,0.8571,7,7,6,0,0,7,6,0.1429
4,32.0000,14,8,917.0351,-88.6700,-0.1705,11,0.2683,1.0000,8,8,8,0,0,8,8,0.0000
4,32.0000,14,10,125.5686,-74.9128,1.0718,39,0.9512,0.0000,4,4,0,0,0,4,0,1.0000
4,32.0000,14,11,256.1735,-79.2895,0.0377,39,0.9512,0.0000,4,4,0,0,0,4,0,1.0000
4,32.0000,14,15,653.0953,-87.1926,-0.1576,33,0.8049,0.3333,6,7,6,0,0,7,6,0.1429
4,32.0000,14,16,480.3042,-84.7650,-0.0090,35,0.8537,0.2000,5,4,0,0,0,4,0,1.0000
4,32.0000,14,20,652.4332,-86.2188,-0.2200,32,0.7805,0.7143,7,8,6,0,0,8,6,0.2500
4,32.0000,14,23,863.1412,-88.5589,0.0135,13,0.3171,1.0000,8,8,8,0,0,8,8,0.0000
4,32.0000,14,24,665.5927,-86.6149,-0.8605,31,0.7561,0.5000,6,7,6,0,0,7,6,0.1429
4,32.0000,14,25,854.0647,-88.0980,-0.1323,17,0.4146,0.7143,7,7,6,0,0,7,6,0.1429
4,32.0000,15,1,596.0047,-87.1364,0.5672,22,0.5500,0.8000,5,6,1,0,0,6,1,0.8333
4,32.0000,15,2,1130.3362,-89.2808,-0.2513,3,0.0750,,0,2,2,0,0,2,2,0.0000
4,32.0000,15,5,1014.1419,-89.1226,-0.3430,6,0.1500,1.0000,8,6,6,0,0,6,6,0.0000
4,32.0000,15,7,784.1775,-88.0330,0.3167,9,0.2250,1.0000,8,8,8,4,4,12,12,0.0000
4,32.0000,15,10,569.9587,-85.5187,-0.5584,26,0.6500,0.2000,5,7,6,0,0,7,6,0.1429
4,32.0000,15,11,631.7153,-86.8861,-0.6303,23,0.5750,0.2000,5,8,7,0,0,8,7,0.1250
4,32.0000,15,12,795.8136,-88.3499,0.5818,9,0.2250,1.0000,8,7,5,0,0,7,5,0.2857
4,32.0000,15,14,653.0953,-87.6959,0.0222,15,0.3750,0.8571,7,8,7,0,0,8,7,0.1250
4,32.0000,15,16,885.8436,-88.2727,0.5488,5,0.1250,0.8750,8,8,8,0,0,8,8,0.0000
4,32.0000,15,22,914.7155,-88.2271,0.5892,6,0.1500,0.8333,6,8,8,0,0,8,8,0.0000
4,32.0000,15,23,1002.5163,-89.0570,-0.4944,5,0.1250,1.0000,6,4,4,0,0,4,4,0.0000
4,32.0000,16,1,978.6888,-89.6190,-0.3473,6,0.1500,1.0000,2,8,7,0,0,8,7,0.1250
4,32.0000,16,4,419.8714,-84.1577,-0.1697,33,0.8250,0.6667,6,5,2,0,0,5,2,0.6000
4,32.0000,16,5,563.3586,-85.4059,-0.4392,34,0.8500,0.4000,5,8,8,0,0,8,8,0.0000
4,32.0000,16,7,563.9658,-86.7203,-0.0689,33,0.8250,0.2000,5,6,4,0,0,6,4,0.3333
4,32.0000,16,8,897.1199,-88.5632,0.1341,15,0.3750,0.8571,7,8,8,0,0,8,8,0.0000
4,32.0000,16,10,435.9222,-85.4011,0.2951,34,0.8500,0.2000,5,6,3,0,0,6,3,0.5000
4,32.0000,16,11,640.9310,-86.6815,-0.2637,26,0.6500,0.5714,7,6,4,0,0,6,4,0.3333
4,32.0000,16,14,480.3042,-84.5830,-1.0749,37,0.9250,0.0000,4,7,4,0,0,7,4,0.4286
4,32.0000,16,15,885.8436,-88.6818,0.4303,10,0.2500,1.0000,8,8,8,0,0,8,8,0.0000
4,32.0000,16,20,390.5583,-83.5902,-0.0746,34,0.8500,0.3333,6,4,0,0,0,4,0,1.0000
4,32.0000,16,23,476.8592,-85.1432,0.3888,34,0.8500,0.6250,8,5,2,0,0,5,2,0.6000
4,32.0000,16,24,581.1488,-85.7684,-0.5904,32,0.8000,0.2000,5,7,6,0,0,7,6,0.1429
4,32.0000,16,25,620.6609,-85.8527,-0.3999,31,0.7750,0.6667,6,8,8,0,0,8,8,0.0000
4,32.0000,17,0,431.5678,-84.1639,0.1577,37,0.9250,0.0000,4,5,2,0,0,5,2,0.6000
4,32.0000,17,1,929.4895,-88.2318,0.4236,9,0.2250,1.0000,8,8,8,0,0,8,8,0.0000
4,32.0000,17,2,524.7376,-85.4291,-0.0513,26,0.6500,0.5714,7,5,1,0,0,5,1,0.8000
4,32.0000,17,3,1015.9608,-88.9640,0.0996,5,0.1250,1.0000,6,8,8,0,0,8,8,0.0000
4,32.0000,17,6,308.2421,-80.8978,-0.6834,38,0.9500,0.0000,4,4,0,0,0,4,0,1.0000
4,32.0000,17,9,415.9298,-84.1830,0.2880,38,0.9500,0.2000,5,5,2,0,0,5,2,0.6000
4,32.0000,17,12,931.5020,-89.0312,-0.2408,6,0.1500,1.0000,8,7,6,0,0,7,6,0.1429
4,32.0000,17,13,347.5395,-83.4402,0.0695,38,0.9500,0.0000,4,5,2,0,0,5,2,0.6000
4,32.0000,17,18,1139.7589,-89.2623,-0.2661,4,0.1000,1.0000,6,8,8,0,0,8,8,0.0000
4,32.0000,17,19,274.9699,-77.6298,-1.9642,39,0.9750,0.0000,4,5,0,0,0,5,0,1.0000
4,32.0000,17,21,236.6676,-80.0132,0.8707,39,0.9750,0.0000,4,4,0,0,0,4,0,1.0000
4,32.0000,17,22,636.9138,-86.8910,0.1751,27,0.6750,0.6250,8,7,5,0,0,7,5,0.2857
4,32.0000,18,0,948.7946,-88.1447,-0.4496,10,0.2500,1.0000,8,8,8,0,0,8,8,0.0000
4,32.0000,18,3,200.5119,-77.2192,-0.3124,37,0.9250,0.0000,4,4,0,0,0,4,0,1.0000
4,32.0000,18,6,1005.3410,-88.5056,-0.2340,5,0.1250,1.0000,6,8,8,0,0,8,8,0.0000
4,32.0000,18,19,894.2309,-87.9959,-0.0172,7,0.1750,1.0000,8,8,8,0,0,8,8,0.0000
4,32.0000,18,22,753.2338,-88.7307,0.1850,10,0.2500,0.8750,8,7,5,0,0,7,5,0.2857
4,32.0000,19,0,426.5171,-84.3852,-0.2354,35,0.8750,0.2000,5,4,0,0,0,4,0,1.0000
4,32.0000,19,1,799.9024,-88.1769,-0.1388,15,0.3750,0.7500,8,8,8,0,0,8,8,0.0000
4,32.0000,19,2,462.7271,-84.9217,0.1404,34,0.8500,0.0000,4,4,0,0,0,4,0,1.0000
4,32.0000,19,3,754.5907,-88.8816,0.1514,14,0.3500,0.7143,7,7,6,0,0,7,6,0.1429
4,32.0000,19,6,299.0817,-80.4143,0.0927,39,0.9750,0.2500,4,5,0,0,0,5,0,1.0000
4,32.0000,19,9,520.2186,-85.7356,0.2173,34,0.8500,0.0000,4,4,0,0,0,4,0,1.0000
4,32.0000,19,12,751.6010,-88.0108,0.2251,15,0.3750,1.0000,8,7,5,0,0,7,5,0.2857
4,32.0000,19,13,281.3970,-80.6349,0.0208,40,1.0000,0.0000,4,4,0,0,0,4,0,1.0000
4,32.0000,19,17,274.9699,-76.9467,-1.1763,40,1.0000,0.0000,4,4,0,0,0,4,0,1.0000
4,32.0000,19,18,894.2309,-89.7959,-0.1962,4,0.1000,1.0000,8,8,6,0,0,8,6,0.2500
4,32.0000,19,21,357.9443,-83.9823,0.2259,39,0.9750,0.2000,5,4,0,0,0,4,0,1.0000
4,32.0000,19,22,388.5213,-84.3926,-0.0705,33,0.8250,0.4000,5,4,0,0,0,4,0,1.0000
4,32.0000,20,4,278.0126,-82.2720,0.9088,41,1.0000,0.0000,4,4,0,0,0,4,0,1.0000
4,32.0000,20,5,581.0314,-85.5284,-0.2801,34,0.8293,0.5714,7,7,4,0,0,7,4,0.4286
4,32.0000,20,7,512.3769,-85.0416,0.0562,38,0.9268,0.2000,5,7,6,0,0,7,6,0.1429
4,32.0000,20,8,899.0927,-88.5011,0.2455,11,0.2683,0.9130,23,8,7,21,18,29,25,0.1379
4,32.0000,20,10,669.2149,-87.1000,-0.1982,26,0.6341,0.5000,6,7,5,0,0,7,5,0.2857
4,32.0000,20,11,699.8154,-86.7067,-0.3180,33,0.8049,0.7500,8,7,5,0,0,7,5,0.2857
4,32.0000,20,14,652.4332,-86.2012,-0.2444,32,0.7805,0.7500,8,8,7,0,0,8,7,0.1250
4,32.0000,20,15,1119.3009,-89.5430,-0.1155,5,0.1220,,0,6,6,0,0,6,6,0.0000
4,32.0000,20,16,390.5583,-82.8844,0.1190,40,0.9756,0.2000,5,6,2,0,0,6,2,0.6667
4,32.0000,20,23,566.5621,-86.3963,-0.1097,30,0.7317,0.7143,7,6,4,0,0,6,4,0.3333
4,32.0000,20,24,646.3062,-87.4462,-0.0860,30,0.7317,0.4000,5,6,2,0,0,6,2,0.6667
4,32.0000,20,25,456.0050,-84.7324,-0.5550,39,0.9512,0.5735,68,5,2,59,29,64,31,0.5156
4,32.0000,21,0,224.7196,-80.1283,0.7432,36,0.9000,0.3333,6,4,0,0,0,4,0,1.0000
4,32.0000,21,2,557.5356,-86.8900,-0.1880,17,0.4250,0.5000,6,5,2,0,0,5,2,0.6000
4,32.0000,21,3,978.4646,-89.2473,-0.3552,8,0.2000,1.0000,8,8,8,0,0,8,8,0.0000
4,32.0000,21,6,228.9892,-80.5265,1.3309,36,0.9000,0.4000,5,4,0,0,0,4,0,1.0000
4,32.0000,21,9,265.0711,-80.3269,0.2756,38,0.9500,0.5455,11,4,0,0,0,4,0,1.0000
4,32.0000,21,13,399.9538,-85.4824,0.0010,27,0.6750,0.7333,75,4,0,71,33,75,33,0.5600
4,32.0000,21,17,236.6676,-79.2244,0.5064,37,0.9250,0.0000,4,4,0,0,0,4,0,1.0000
4,32.0000,21,19,357.9443,-83.8070,1.0269,35,0.8750,0.0000,4,4,0,0,0,4,0,1.0000
4,32.0000,21,22,682.5657,-87.6869,0.5608,15,0.3750,0.8750,8,6,4,0,0,6,4,0.3333
4,32.0000,22,0,640.8842,-87.6982,0.3062,25,0.6250,0.5714,7,8,8,0,0,8,8,0.0000
4,32.0000,22,1,588.9960,-85.2560,-0.6609,31,0.7750,0.5000,6,6,4,0,0,6,4,0.3333
4,32.0000,22,2,436.0800,-84.1224,-0.3187,35,0.8750,0.0000,4,5,2,0,0,5,2,0.6000
4,32.0000,22,3,564.7222,-87.4485,0.1285,29,0.7250,0.5714,7,5,2,0,0,5,2,0.6000
4,32.0000,22,6,508.9139,-86.1245,-0.0042,33,0.8250,0.5000,6,6,3,0,0,6,3,0.5000
4,32.0000,22,9,736.3494,-88.3451,0.2176,10,0.2500,1.0000,10,4,1,0,0,4,1,0.7500
4,32.0000,22,12,426.3446,-84.3152,-0.1570,33,0.8250,0.2000,5,5,1,0,0,5,1,0.8000
4,32.0000,22,13,396.3505,-82.5892,-0.2793,37,0.9250,0.0000,4,5,2,0,0,5,2,0.6000
4,32.0000,22,15,914.7155,-88.4045,-0.0628,6,0.1500,0.8000,5,8,8,0,0,8,8,0.0000
4,32.0000,22,17,636.9138,-87.8158,-0.3390,26,0.6500,0.0000,4,7,5,0,0,7,5,0.2857
4,32.0000,22,18,753.2338,-87.9099,0.0413,11,0.2750,1.0000,8,6,2,0,0,6,2,0.6667
4,32.0000,22,19,388.5213,-84.4819,0.2378,35,0.8750,0.2000,5,5,2,0,0,5,2,0.6000
4,32.0000,22,21,682.5657,-87.7849,0.0180,17,0.4250,1.0000,8,6,4,0,0,6,4,0.3333
4,32.0000,23,1,791.6335,-88.6855,-0.1660,7,0.1750,0.8571,7,7,5,0,0,7,5,0.2857
4,32.0000,23,4,612.7196,-86.5620,-0.4997,26,0.6500,0.4000,5,5,1,0,0,5,1,0.8000
4,32.0000,23,5,997.8599,-88.3530,0.1417,8,0.2000,1.0000,8,4,3,0,0,4,3,0.2500
4,32.0000,23,7,510.6365,-85.7586,-0.5435,31,0.7750,0.3333,6,5,1,0,0,5,1,0.8000
4,32.0000,23,10,791.4118,-88.5585,0.2424,10,0.2500,0.8571,7,8,8,0,0,8,8,0.0000
4,32.0000,23,11,930.7104,-88.6531,-0.1009,6,0.1500,0.8333,6,8,8,0,0,8,8,0.0000
4,32.0000,23,14,863.1412,-88.3184,-0.2062,14,0.3500,1.0000,8,8,7,0,0,8,7,0.1250
4,32.0000,23,16,476.8592,-84.7172,-0.1902,28,0.7000,0.2000,5,6,2,0,0,6,2,0.6667
4,32.0000,23,20,566.5621,-85.8947,-0.1795,29,0.7250,0.5000,6,5,2,0,0,5,2,0.6000
4,32.0000,23,24,1022.0693,-88.4402,-0.6909,4,0.1000,1.0000,8,4,4,0,0,4,4,0.0000
4,32.0000,23,25,916.2128,-88.2328,-0.4816,13,0.3250,1.0000,8,8,8,0,0,8,8,0.0000
4,32.0000,24,4,553.3712,-85.6326,0.1119,31,0.7949,0.4000,5,7,5,0,0,7,5,0.2857
4,32.0000,24,5,421.3930,-83.7788,-0.3243,36,0.9231,0.3333,6,4,0,0,0,4,0,1.0000
4,32.0000,24,8,318.4245,-81.9620,0.2651,37,0.9487,0.0000,4,4,0,10,0,14,0,1.0000
4,32.0000,24,10,715.7815,-87.6569,-0.0539,23,0.5897,0.5714,7,8,8,0,0,8,8,0.0000
4,32.0000,24,11,855.4745,-87.5438,-0.8686,13,0.3333,1.0000,8,8,7,0,0,8,7,0.1250
4,32.0000,24,14,665.5927,-87.0632,-0.2990,27,0.6923,0.6667,6,8,7,0,0,8,7,0.1250
4,32.0000,24,16,581.1488,-85.7700,-0.5861,29,0.7436,0.8571,7,7,5,0,0,7,5,0.2857
4,32.0000,24,20,646.3062,-86.7147,-0.1327,29,0.7436,0.6667,6,6,3,0,0,6,3,0.5000
4,32.0000,24,23,1022.0693,-89.0930,0.0289,4,0.1026,1.0000,8,6,6,0,0,6,6,0.0000
4,32.0000,24,25,406.3309,-83.2159,0.3394,36,0.9231,0.0000,4,5,0,0,0,5,0,1.0000
4,32.0000,25,4,310.9621,-80.1627,-0.9707,38,0.9500,0.4000,5,7,4,0,0,7,4,0.4286
4,32.0000,25,5,606.6824,-86.5072,-0.0345,26,0.6500,0.5714,7,7,4,0,0,7,4,0.4286
4,32.0000,25,8,547.4063,-85.4552,0.1328,26,0.6500,0.2000,5,6,3,0,0,6,3,0.5000
4,32.0000,25,10,898.9937,-89.1431,-0.0401,9,0.2250,1.0000,8,8,8,0,0,8,8,0.0000
4,32.0000,25,11,972.1633,-88.2406,0.2202,5,0.1250,1.0000,6,4,4,0,0,4,4,0.0000
4,32.0000,25,14,854.0647,-88.3953,-0.1564,18,0.4500,1.0000,8,8,8,0,0,8,8,0.0000
4,32.0000,25,16,620.6609,-85.9720,0.1635,25,0.6250,0.5000,6,7,5,0,0,7,5,0.2857
4,32.0000,25,20,456.0050,-84.1274,1.3528,33,0.8250,0.4286,7,6,2,0,0,6,2,0.6667
4,32.0000,25,23,916.2128,-88.3049,-0.0735,12,0.3000,0.8571,7,7,6,0,0,7,6,0.1429
4,32.0000,25,24,406.3309,-83.0749,-0.2529,36,0.9000,0.0000,4,6,3,0,0,6,3,0.5000
4,36.0000,0,2,506.4256,-85.6374,0.5021,36,0.9000,0.3333,6,5,1,0,0,5,1,0.8000
4,36.0000,0,3,1004.8736,-87.8956,-0.1984,8,0.2000,1.0000,8,8,8,0,0,8,8,0.0000
4,36.0000,0,6,151.9836,-75.6347,0.5574,39,0.9750,0.0000,4,4,0,0,0,4,0,1.0000
4,36.0000,0,9,177.1757,-76.9730,0.8803,39,0.9750,0.0000,4,4,0,0,0,4,0,1.0000
4,36.0000,0,12,862.7064,-89.3795,0.0264,11,0.2750,0.8750,8,7,6,0,0,7,6,0.1429
4,36.0000,0,13,335.3960,-82.8059,0.6625,35,0.8750,0.0000,4,6,3,0,0,6,3,0.5000
4,36.0000,0,17,435.6408,-84.5052,-0.2808,37,0.9250,0.0000,4,4,0,0,0,4,0,1.0000
4,36.0000,0,18,1027.3645,-89.0757,0.1893,9,0.2250,1.0000,8,6,6,0,0,6,6,0.0000
4,36.0000,0,19,446.0534,-84.6000,-0.1170,37,0.9250,0.0000,4,4,0,0,0,4,0,1.0000
4,36.0000,0,21,206.2664,-77.1526,0.2626,40,1.0000,0.0000,4,5,1,0,0,5,1,0.8000
4,36.0000,0,22,642.7656,-87.2688,-0.2431,25,0.6250,0.4000,5,7,6,0,0,7,6,0.1429
4,36.0000,1,0,1186.1835,-89.7850,-0.0199,3,0.0750,1.0000,8,2,2,0,0,2,2,0.0000
4,36.0000,1,2,741.6625,-87.3205,-0.5384,21,0.5250,0.8750,8,8,8,7,6,15,14,0.0667
4,36.0000,1,6,1040.8545,-89.0784,-0.3170,9,0.2250,0.8571,7,8,8,0,0,8,8,0.0000
4,36.0000,1,7,594.8245,-86.4900,-0.2150,26,0.6500,0.8750,8,8,6,0,0,8,6,0.2500
4,36.0000,1,9,1069.5521,-89.7190,0.1607,3,0.0750,1.0000,8,4,4,0,0,4,4,0.0000
4,36.0000,1,10,839.5458,-88.2971,-0.5585,11,0.2750,1.0000,8,8,8,0,0,8,8,0.0000
4,36.0000,1,11,828.0613,-87.8634,0.3097,9,0.2250,1.0000,8,8,8,0,0,8,8,0.0000
4,36.0000,1,12,562.9604,-86.0217,-0.2786,33,0.8250,0.4000,5,7,5,13,12,20,17,0.1500
4,36.0000,1,13,862.2870,-88.2294,-0.1214,12,0.3000,0.8571,7,8,8,0,0,8,8,0.0000
4,36.0000,1,14,908.0525,-88.9427,0.0931,3,0.0750,1.0000,8,8,8,0,0,8,8,0.0000
4,36.0000,1,15,502.1623,-86.0098,0.3540,26,0.6500,0.5714,7,6,3,0,0,6,3,0.5000
4,36.0000,1,16,818.8729,-88.2956,-0.2209,8,0.2000,1.0000,8,6,3,0,0,6,3,0.5000
4,36.0000,1,17,1029.8182,-88.9886,0.2705,9,0.2250,0.8750,8,8,8,0,0,8,8,0.0000
4,36.0000,1,19,938.1240,-88.3223,-0.0129,14,0.3500,1.0000,8,8,8,3,2,11,10,0.0909
4,36.0000,1,22,738.2466,-87.2024,0.0465,22,0.5500,0.6667,6,8,8,0,0,8,8,0.0000
4,36.0000,1,23,679.3314,-87.8178,-0.2997,15,0.3750,0.7143,7,7,5,0,0,7,5,0.2857
4,36.0000,2,0,506.4256,-85.9415,0.2596,32,0.8000,0.0000,4,6,2,0,0,6,2,0.6667
4,36.0000,2,1,741.6625,-86.6540,-0.0239,23,0.5750,0.7143,7,8,8,0,0,8,8,0.0000
4,36.0000,2,3,1010.5368,-89.2493,-0.1236,6,0.1500,1.0000,8,6,6,0,0,6,6,0.0000
4,36.0000,2,6,395.4001,-83.4441,-0.1404,37,0.9250,0.0000,4,6,2,0,0,6,2,0.6667
4,36.0000,2,7,1190.3203,-89.8149,0.0169,3,0.0750,1.0000,6,6,6,0,0,6,6,0.0000
4,36.0000,2,9,357.8164,-84.6186,1.2159,33,0.8250,0.0000,4,5,2,0,0,5,2,0.6000
4,36.0000,2,12,516.8128,-86.3069,-0.1292,28,0.7000,0.0000,4,5,2,0,0,5,2,0.6000
4,36.0000,2,13,224.8718,-77.7965,-0.7598,38,0.9500,0.0000,4,5,1,0,0,5,1,0.8000
4,36.0000,2,17,494.6947,-86.2174,0.2603,35,0.8750,0.5000,6,6,2,0,0,6,2,0.6667
4,36.0000,2,19,539.2233,-85.2818,-0.2733,30,0.7500,0.0000,4,7,6,4,3,11,9,0.1818
4,36.0000,2,21,434.8854,-85.1485,0.2368,34,0.8500,0.0000,4,4,0,0,0,4,0,1.0000
4,36.0000,2,22,526.9982,-85.5118,0.0115,34,0.8500,0.2000,5,7,6,0,0,7,6,0.1429
4,36.0000,3,0,1004.8736,-88.5144,0.0255,7,0.1750,1.0000,8,6,6,0,0,6,6,0.0000
4,36.0000,3,2,1010.5368,-89.0353,-0.2425,4,0.1000,0.8750,8,8,8,0,0,8,8,0.0000
4,36.0000,3,6,896.8840,-89.1717,-0.2288,8,0.2000,1.0000,8,8,8,0,0,8,8,0.0000
4,36.0000,3,9,1005.5176,-89.8030,-0.1509,4,0.1000,1.0000,8,8,8,0,0,8,8,0.0000
4,36.0000,3,12,757.4302,-87.9588,0.1381,13,0.3250,1.0000,8,8,7,0,0,8,7,0.1250
4,36.0000,3,13,935.3450,-88.8835,0.6688,7,0.1750,1.0000,8,8,8,0,0,8,8,0.0000
4,36.0000,3,18,210.3494,-77.5204,-0.3783,40,1.0000,0.0000,4,5,2,0,0,5,2,0.6000
4,36.0000,3,19,684.7828,-87.7015,0.0572,28,0.7000,0.8750,8,7,6,0,0,7,6,0.1429
4,36.0000,3,21,965.5647,-89.0744,-0.1029,3,0.0750,0.8571,7,8,8,0,0,8,8,0.0000
4,36.0000,3,22,494.0728,-85.6651,0.6610,29,0.7250,0.4000,5,5,2,0,0,5,2,0.6000
4,36.0000,4,5,695.9612,-87.7318,-0.2531,22,0.5500,0.5000,6,8,8,0,0,8,8,0.0000
4,36.0000,4,7,678.8362,-87.5336,0.3536,22,0.5500,0.7500,8,6,2,0,0,6,2,0.6667
4,36.0000,4,8,881.0248,-88.0831,-0.0951,17,0.4250,1.0000,8,8,7,12,12,20,19,0.0500
4,36.0000,4,10,644.4138,-87.5113,0.3534,18,0.4500,0.5714,7,6,3,0,0,6,3,0.5000
4,36.0000,4,11,912.2191,-88.2953,0.4411,5,0.1250,1.0000,8,7,6,0,0,7,6,0.1429
4,36.0000,4,14,786.3797,-88.4957,0.1062,14,0.3500,0.8571,7,8,8,0,0,8,8,0.0000
4,36.0000,4,16,410.9094,-83.5743,-0.3861,37,0.9250,0.0000,4,6,3,0,0,6,3,0.5000
4,36.0000,4,20,187.6061,-78.6750,0.8433,39,0.9750,0.0000,4,4,0,0,0,4,0,1.0000
4,36.0000,4,23,610.9536,-86.9345,-0.0392,27,0.6750,0.6667,6,7,3,0,0,7,3,0.5714
4,36.0000,4,24,629.8621,-86.4238,-0.3040,33,0.8250,0.5714,7,8,8,0,0,8,8,0.0000
4,36.0000,4,25,439.3651,-82.8352,-0.9497,40,1.0000,0.0000,4,7,6,0,0,7,6,0.1429
4,36.0000,5,4,695.9612,-87.4107,-0.0865,26,0.6500,0.5000,6,7,5,0,0,7,5,0.2857
4,36.0000,5,7,850.0743,-88.4890,-0.1448,11,0.2750,0.8750,8,7,5,0,0,7,5,0.2857
4,36.0000,5,8,519.6245,-86.4312,0.2691,32,0.8000,0.0000,4,6,2,0,0,6,2,0.6667
4,36.0000,5,10,511.5103,-84.5221,0.0589,31,0.7750,0.4000,5,7,4,0,0,7,4,0.4286
4,36.0000,5,11,617.1872,-86.5054,-0.5527,26,0.6500,0.2000,5,8,7,0,0,8,7,0.1250
4,36.0000,5,14,464.5471,-83.8024,-0.0234,35,0.8750,0.7143,7,6,3,0,0,6,3,0.5000
4,36.0000,5,16,677.6405,-86.7102,-0.3555,27,0.6750,0.2000,5,8,8,0,0,8,8,0.0000
4,36.0000,5,20,678.3648,-86.6900,0.2210,22,0.5500,0.3333,6,6,4,0,0,6,4,0.3333
4,36.0000,5,24,428.3715,-84.0964,-0.1461,39,0.9750,0.5714,7,4,0,0,0,4,0,1.0000
4,36.0000,5,25,673.4420,-87.3357,-0.0988,25,0.6250,0.8750,8,8,7,0,0,8,7,0.1250
4,36.0000,6,0,151.9836,-75.8500,1.3373,40,1.0000,0.0000,4,4,0,0,0,4,0,1.0000
4,36.0000,6,1,1040.8545,-88.3578,-0.1826,10,0.2500,1.0000,8,2,2,0,0,2,2,0.0000
4,36.0000,6,2,395.4001,-82.9849,-0.5176,38,0.9500,0.0000,4,4,0,0,0,4,0,1.0000
4,36.0000,6,3,896.8840,-88.8433,0.0878,13,0.3250,0.8750,8,6,4,0,0,6,4,0.3333
4,36.0000,6,9,156.2112,-76.6454,1.3053,40,1.0000,0.0000,4,4,0,0,0,4,0,1.0000
4,36.0000,6,12,726.5109,-88.0773,0.2433,21,0.5250,0.7143,7,8,6,0,0,8,6,0.2500
4,36.0000,6,13,211.7415,-77.8082,0.4248,40,1.0000,0.0000,4,4,0,0,0,4,0,1.0000
4,36.0000,6,17,399.1767,-82.9166,-0.3185,40,1.0000,0.4545,77,4,0,76,47,80,47,0.4125
4,36.0000,6,18,944.5340,-88.4017,0.1277,8,0.2000,1.0000,8,8,8,0,0,8,8,0.0000
4,36.0000,6,19,332.4447,-81.9943,0.1122,40,1.0000,0.0000,4,4,0,0,0,4,0,1.0000
4,36.0000,6,21,154.5454,-76.0047,1.2428,40,1.0000,0.0000,4,4,0,0,0,4,0,1.0000
4,36.0000,6,22,499.8509,-85.5390,-0.1968,36,0.9000,0.6667,6,4,0,0,0,4,0,1.0000
4,36.0000,7,1,594.8245,-86.8969,0.8065,24,0.6000,0.4000,5,6,4,26,21,32,25,0.2188
4,36.0000,7,4,678.8362,-87.5295,0.3966,16,0.4000,0.5000,6,7,6,0,0,7,6,0.1429
4,36.0000,7,5,850.0743,-87.8547,-0.2359,8,0.2000,1.0000,8,7,6,0,0,7,6,0.1429
4,36.0000,7,10,541.2870,-86.5011,-0.0576,28,0.7000,0.5714,7,4,0,0,0,4,0,1.0000
4,36.0000,7,11,526.0137,-86.2773,0.0018,31,0.7750,0.6667,6,5,1,0,0,5,1,0.8000
4,36.0000,7,12,974.6522,-88.3823,-0.0693,5,0.1250,1.0000,6,6,6,24,24,30,30,0.0000
4,36.0000,7,14,610.5342,-87.1775,0.0133,26,0.6500,0.5000,6,6,3,0,0,6,3,0.5000
4,36.0000,7,15,779.6619,-87.5023,-0.1984,21,0.5250,0.8750,8,8,7,0,0,8,7,0.1250
4,36.0000,7,16,497.7843,-86.1148,0.1687,31,0.7750,0.5000,6,4,1,0,0,4,1,0.7500
4,36.0000,7,20,574.1811,-86.6683,-0.2771,29,0.7250,0.5000,6,6,3,0,0,6,3,0.5000
4,36.0000,7,23,532.6267,-85.8189,-0.1927,31,0.7750,0.4000,5,5,2,0,0,5,2,0.6000
4,36.0000,8,4,881.0248,-88.5165,-0.2839,9,0.2250,1.0000,8,8,8,0,0,8,8,0.0000
4,36.0000,8,5,519.6245,-85.7501,0.3062,24,0.6000,0.5000,6,4,0,0,0,4,0,1.0000
4,36.0000,8,10,928.0026,-89.2995,0.2141,6,0.1500,0.8750,8,8,8,0,0,8,8,0.0000
4,36.0000,8,14,930.1080,-88.6412,0.3138,5,0.1250,0.8571,7,8,8,0,0,8,8,0.0000
4,36.0000,8,16,996.0482,-89.0923,-0.2289,4,0.1000,0.6667,6,6,6,0,0,6,6,0.0000
4,36.0000,8,20,938.1709,-88.2472,0.1970,10,0.2500,1.0000,8,8,7,0,0,8,7,0.1250
4,36.0000,8,24,276.5945,-81.7568,0.2562,36,0.9000,0.4000,5,4,0,0,0,4,0,1.0000
4,36.0000,8,25,614.6003,-86.4281,-0.3016,26,0.6500,0.5000,6,7,4,0,0,7,4,0.4286
4,36.0000,9,0,177.1757,-76.4173,0.7622,40,1.0000,0.0000,4,4,0,0,0,4,0,1.0000
4,36.0000,9,1,1069.5521,-88.7862,-0.5597,3,0.0750,1.0000,6,8,8,0,0,8,8,0.0000
4,36.0000,9,2,357.8164,-83.4488,0.4159,36,0.9000,0.4000,5,4,0,0,0,4,0,1.0000
4,36.0000,9,3,1005.5176,-88.5369,0.9651,5,0.1250,1.0000,6,8,8,0,0,8,8,0.0000
4,36.0000,9,6,156.2112,-77.1962,1.4120,39,0.9750,0.2000,5,4,0,0,0,4,0,1.0000
4,36.0000,9,12,732.7829,-88.1846,0.1406,15,0.3750,0.8750,8,6,2,0,0,6,2,0.6667
4,36.0000,9,13,251.6996,-81.1545,1.7129,37,0.9250,0.0000,4,5,1,0,0,5,1,0.8000
4,36.0000,9,17,460.7533,-84.8741,-0.3766,36,0.9000,0.0000,4,5,1,0,0,5,1,0.8000
4,36.0000,9,19,481.7655,-85.1871,-0.3839,31,0.7750,0.0000,4,3,0,0,0,3,0,1.0000
4,36.0000,9,21,260.4285,-79.1013,-0.1732,38,0.9500,0.0000,4,4,0,0,0,4,0,1.0000
4,36.0000,9,22,597.8834,-87.1568,-0.0789,27,0.6750,0.8571,7,4,0,0,0,4,0,1.0000
4,36.0000,10,1,839.5458,-87.6156,5.2064,4,0.1026,1.0000,8,7,6,36,36,43,42,0.0233
4,36.0000,10,4,644.4138,-87.4275,0.5393,16,0.4103,0.8571,7,6,2,27,22,33,24,0.2727
4,36.0000,10,5,511.5103,-85.3867,-0.0910,31,0.7949,0.0000,4,6,4,0,0,6,4,0.3333
4,36.0000,10,7,541.2870,-86.0943,0.2998,19,0.4872,0.6667,12,6,3,44,39,50,42,0.1600
4,36.0000,10,8,928.0026,-88.6685,0.4590,4,0.1026,0.8750,8,8,8,0,0,8,8,0.0000
4,36.0000,10,11,403.6990,-82.4632,-0.2110,36,0.9231,0.0000,4,7,4,0,0,7,4,0.4286
4,36.0000,10,14,192.4131,-75.1389,-1.4596,38,0.9744,0.0000,4,4,0,24,2,28,2,0.9286
4,36.0000,10,15,719.1002,-86.8484,-0.4558,22,0.5641,0.4000,5,8,8,0,0,8,8,0.0000
4,36.0000,10,16,328.2880,-83.7091,1.1924,34,0.8718,0.3333,6,4,0,0,0,4,0,1.0000
4,36.0000,10,20,649.8254,-87.2430,0.2025,25,0.6410,0.8400,50,6,3,0,0,6,3,0.5000
4,36.0000,10,23,738.2915,-87.7125,0.5707,7,0.1795,0.8571,7,6,4,0,0,6,4,0.3333
4,36.0000,10,24,718.8926,-88.0772,-0.0530,21,0.5385,0.8605,43,7,6,6,4,13,10,0.2308
4,36.0000,10,25,904.4010,-88.2118,0.3963,6,0.1538,1.0000,8,8,8,0,0,8,8,0.0000
4,36.0000,11,1,828.0613,-88.4773,0.6185,4,0.1000,1.0000,8,8,8,0,0,8,8,0.0000
4,36.0000,11,4,912.2191,-89.0620,-0.0518,5,0.1250,1.0000,8,8,8,0,0,8,8,0.0000
4,36.0000,11,5,617.1872,-86.1936,-0.0428,27,0.6750,0.0000,4,7,4,0,0,7,4,0.4286
4,36.0000,11,7,526.0137,-86.5395,-0.2100,26,0.6500,0.6667,6,5,1,68,58,73,59,0.1918
4,36.0000,11,8,1128.7027,-89.4427,-0.0370,5,0.1250,1.0000,6,6,6,0,0,6,6,0.0000
4,36.0000,11,10,403.6990,-82.6602,-0.6463,35,0.8750,0.2000,5,5,2,0,0,5,2,0.6000
4,36.0000,11,14,274.7980,-80.5618,0.0236,36,0.9000,0.0000,4,4,0,0,0,4,0,1.0000
4,36.0000,11,15,648.5449,-86.7512,0.0201,24,0.6000,0.9231,13,5,2,10,9,15,11,0.2667
4,36.0000,11,16,663.9688,-86.7890,-0.1779,21,0.5250,0.6667,6,7,5,0,0,7,5,0.2857
4,36.0000,11,20,836.5365,-88.0009,0.1942,12,0.3000,0.6000,5,8,8,0,0,8,8,0.0000
4,36.0000,11,23,957.8479,-89.1056,0.3173,5,0.1250,1.0000,8,6,4,0,0,6,4,0.3333
4,36.0000,11,24,984.0849,-88.4174,-0.2220,11,0.2750,1.0000,8,6,6,0,0,6,6,0.0000
4,36.0000,12,0,862.7064,-89.0066,-0.3491,10,0.2500,1.0000,6,10,10,0,0,10,10,0.0000
4,36.0000,12,1,562.9604,-85.4285,-0.3282,25,0.6250,0.5714,7,7,6,0,0,7,6,0.1429
4,36.0000,12,2,516.8128,-85.4051,-0.0261,32,0.8000,0.7143,7,5,3,0,0,5,3,0.4000
4,36.0000,12,3,757.4302,-88.7293,-0.1888,15,0.3750,0.7143,7,8,7,4,4,12,11,0.0833
4,36.0000,12,6,726.5109,-88.2917,0.0281,16,0.4000,0.6250,8,7,6,0,0,7,6,0.1429
4,36.0000,12,9,732.7829,-87.2892,0.0987,13,0.3250,1.0000,8,6,2,0,0,6,2,0.6667
4,36.0000,12,13,633.6981,-87.0618,0.5397,30,0.7500,0.5000,6,5,1,0,0,5,1,0.8000
4,36.0000,12,15,774.9493,-88.0657,0.6322,10,0.2500,0.8750,8,8,8,0,0,8,8,0.0000
4,36.0000,12,17,932.3953,-89.1261,-0.0946,8,0.2000,1.0000,6,8,8,0,0,8,8,0.0000
4,36.0000,12,18,924.0849,-89.1655,0.3808,3,0.0750,1.0000,6,6,6,0,0,6,6,0.0000
4,36.0000,12,19,716.7351,-87.6640,0.0545,19,0.4750,0.8571,7,7,6,8,7,15,13,0.1333
4,36.0000,12,21,817.1902,-88.8824,0.0301,7,0.1750,0.8571,7,7,6,0,0,7,6,0.1429
4,36.0000,12,22,438.4814,-84.5201,-0.4131,33,0.8250,0.2000,5,4,0,0,0,4,0,1.0000
4,36.0000,13,0,335.3960,-83.6573,0.3819,39,0.9750,0.3333,6,4,0,0,0,4,0,1.0000
4,36.0000,13,1,862.2870,-88.1023,0.0927,10,0.2500,0.8571,7,8,8,0,0,8,8,0.0000
4,36.0000,13,2,224.8718,-77.1554,-0.4370,40,1.0000,0.0000,4,4,0,0,0,4,0,1.0000
4,36.0000,13,3,935.3450,-88.0366,0.1696,11,0.2750,1.0000,8,8,8,0,0,8,8,0.0000
4,36.0000,13,6,211.7415,-76.9383,-0.0486,40,1.0000,0.0000,4,5,1,0,0,5,1,0.8000
4,36.0000,13,9,251.6996,-81.9378,1.0047,39,0.9750,0.0000,4,4,0,0,0,4,0,1.0000
4,36.0000,13,12,633.6981,-86.8148,-0.5992,21,0.5250,0.7143,7,7,5,0,0,7,5,0.2857
4,36.0000,13,17,325.0210,-81.5153,-0.3386,40,1.0000,0.2000,5,5,1,0,0,5,1,0.8000
4,36.0000,13,18,1024.4629,-88.6438,-0.2502,4,0.1000,1.0000,2,8,8,0,0,8,8,0.0000
4,36.0000,13,19,353.7037,-81.8927,-0.2534,39,0.9750,0.2000,5,4,0,0,0,4,0,1.0000
4,36.0000,13,21,216.5662,-81.2896,1.6909,40,1.0000,0.0000,4,4,0,0,0,4,0,1.0000
4,36.0000,13,22,466.5301,-84.4744,0.1323,35,0.8750,0.2000,5,6,2,0,0,6,2,0.6667
4,36.0000,14,1,908.0525,-89.0880,-0.0747,3,0.0750,1.0000,8,8,8,0,0,8,8,0.0000
4,36.0000,14,4,786.3797,-87.8177,0.5396,13,0.3250,1.0000,8,7,5,0,0,7,5,0.2857
4,36.0000,14,5,464.5471,-83.8348,-0.6076,33,0.8250,0.4000,5,4,0,0,0,4,0,1.0000
4,36.0000,14,7,610.5342,-87.5184,0.3713,19,0.4750,0.8571,7,6,3,0,0,6,3,0.5000
4,36.0000,14,8,930.1080,-88.9447,0.3478,11,0.2750,1.0000,8,8,8,44,44,52,52,0.0000
4,36.0000,14,10,192.4131,-75.0785,-1.1222,36,0.9000,0.0000,4,5,1,0,0,5,1,0.8000
4,36.0000,14,11,274.7980,-80.0965,-0.0207,39,0.9750,0.0000,4,4,0,0,0,4,0,1.0000
4,36.0000,14,15,706.4593,-87.5818,-0.0919,17,0.4250,0.8571,7,6,5,0,0,6,5,0.1667
4,36.0000,14,16,514.2832,-85.7653,-0.3377,32,0.8000,0.0000,4,5,1,0,0,5,1,0.8000
4,36.0000,14,20,764.4262,-87.7082,-0.5581,15,0.3750,0.7500,8,8,8,0,0,8,8,0.0000
4,36.0000,14,23,906.2070,-88.0306,0.2947,8,0.2000,1.0000,8,8,8,0,0,8,8,0.0000
4,36.0000,14,24,767.5297,-87.7896,-0.1112,14,0.3500,0.8571,7,8,7,0,0,8,7,0.1250
4,36.0000,14,25,990.3549,-88.9667,-0.3949,11,0.2750,0.8571,7,8,8,0,0,8,8,0.0000
4,36.0000,15,1,502.1623,-86.3511,0.2996,29,0.7250,0.1667,6,6,4,0,0,6,4,0.3333
4,36.0000,15,7,779.6619,-88.4038,-0.3623,14,0.3500,1.0000,12,8,8,4,3,12,11,0.0833
4,36.0000,15,10,719.1002,-87.5060,-0.1891,20,0.5000,0.8571,7,8,8,0,0,8,8,0.0000
4,36.0000,15,11,648.5449,-87.6231,0.1351,19,0.4750,0.8750,8,7,6,0,0,7,6,0.1429
4,36.0000,15,12,774.9493,-88.2766,0.7033,15,0.3750,0.7143,7,8,8,0,0,8,8,0.0000
4,36.0000,15,14,706.4593,-87.7836,0.0507,18,0.4500,0.8750,8,7,6,0,0,7,6,0.1429
4,36.0000,15,16,878.2283,-88.4470,-1.0134,3,0.0750,1.0000,8,8,8,0,0,8,8,0.0000
4,36.0000,15,22,893.7258,-88.7122,-0.1646,7,0.1750,1.0000,8,8,8,0,0,8,8,0.0000
4,36.0000,15,23,987.8650,-89.1633,0.1583,3,0.0750,1.0000,4,6,6,0,0,6,6,0.0000
4,36.0000,16,1,818.8729,-88.5309,0.3156,5,0.1282,0.8750,8,5,2,0,0,5,2,0.6000
4,36.0000,16,4,410.9094,-83.8145,-0.2589,36,0.9231,0.4000,5,5,1,0,0,5,1,0.8000
4,36.0000,16,5,677.6405,-86.6442,-0.8599,23,0.5897,1.0000,8,8,7,0,0,8,7,0.1250
4,36.0000,16,7,497.7843,-86.4420,0.1255,25,0.6410,0.6667,6,5,1,0,0,5,1,0.8000
4,36.0000,16,8,996.0482,-89.2680,-0.3832,5,0.1282,1.0000,8,4,4,0,0,4,4,0.0000
4,36.0000,16,10,328.2880,-83.8622,-0.4985,32,0.8205,0.5000,6,4,0,0,0,4,0,1.0000
4,36.0000,16,11,663.9688,-87.4804,-0.5842,20,0.5128,0.6667,6,6,3,0,0,6,3,0.5000
4,36.0000,16,14,514.2832,-86.1471,-0.4673,26,0.6667,0.5714,7,6,3,0,0,6,3,0.5000
4,36.0000,16,15,878.2283,-88.8598,0.8637,5,0.1282,1.0000,8,8,8,0,0,8,8,0.0000
4,36.0000,16,20,463.6439,-83.9711,-0.1252,36,0.9231,0.0000,4,4,0,0,0,4,0,1.0000
4,36.0000,16,23,461.9920,-84.7889,0.4239,31,0.7949,0.4000,5,7,5,0,0,7,5,0.2857
4,36.0000,16,24,735.1326,-86.6253,-0.3262,23,0.5897,0.8571,7,7,5,0,0,7,5,0.2857
4,36.0000,16,25,782.4792,-87.3506,-0.5870,16,0.4103,1.0000,8,8,7,0,0,8,7,0.1250
4,36.0000,17,0,435.6408,-84.4751,0.2181,35,0.8750,0.4000,5,5,2,0,0,5,2,0.6000
4,36.0000,17,1,1029.8182,-88.9642,-0.1307,6,0.1500,1.0000,8,4,4,0,0,4,4,0.0000
4,36.0000,17,2,494.6947,-85.8025,-0.0329,32,0.8000,0.2000,5,7,3,0,0,7,3,0.5714
4,36.0000,17,6,399.1767,-82.0264,-0.6352,35,0.8750,0.0000,4,5,1,0,0,5,1,0.8000
4,36.0000,17,9,460.7533,-83.9544,-0.5703,35,0.8750,0.4000,5,6,2,0,0,6,2,0.6667
4,36.0000,17,12,932.3953,-88.5521,3.1218,3,0.0750,0.8571,7,8,8,0,0,8,8,0.0000
4,36.0000,17,13,325.0210,-82.3475,-0.5891,36,0.9000,0.4000,5,4,0,0,0,4,0,1.0000
4,36.0000,17,19,450.3139,-82.8378,-0.8897,36,0.9000,0.0000,5,5,1,0,0,5,1,0.8000
4,36.0000,17,21,255.9061,-79.0016,-0.1458,38,0.9500,0.0000,4,5,1,0,0,5,1,0.8000
4,36.0000,17,22,696.6523,-87.9076,-0.2617,21,0.5250,0.7143,7,6,4,0,0,6,4,0.3333
4,36.0000,18,0,1027.3645,-88.3833,0.3006,5,0.1250,1.0000,8,8,8,0,0,8,8,0.0000
4,36.0000,18,3,210.3494,-77.1442,-0.2872,39,0.9750,0.0000,4,4,0,0,0,4,0,1.0000
4,36.0000,18,6,944.5340,-88.8185,0.2064,7,0.1750,1.0000,8,8,8,0,0,8,8,0.0000
4,36.0000,18,12,924.0849,-88.0188,1.1636,4,0.1000,0.8571,7,8,7,0,0,8,7,0.1250
4,36.0000,18,17,1198.6933,-89.1733,0.2792,3,0.0750,1.0000,4,6,6,0,0,6,6,0.0000
4,36.0000,18,19,750.0122,-88.0284,0.4820,16,0.4000,1.0000,8,6,4,0,0,6,4,0.3333
4,36.0000,18,21,1014.9891,-88.8234,-0.0095,5,0.1250,1.0000,6,8,8,0,0,8,8,0.0000
4,36.0000,18,22,631.6156,-87.3140,-0.1477,21,0.5250,0.7143,7,8,8,0,0,8,8,0.0000
4,36.0000,19,0,446.0534,-83.4523,-0.3517,35,0.8750,0.0000,4,6,2,0,0,6,2,0.6667
4,36.0000,19,1,938.1240,-88.3562,-0.2267,7,0.1750,1.0000,8,8,8,0,0,8,8,0.0000
4,36.0000,19,2,539.2233,-85.5654,-0.1018,31,0.7750,0.0000,4,7,5,0,0,7,5,0.2857
4,36.0000,19,3,684.7828,-87.7236,-0.4127,20,0.5000,0.8571,7,6,3,0,0,6,3,0.5000
4,36.0000,19,6,332.4447,-81.9948,-0.2455,37,0.9250,0.0000,5,4,0,0,0,4,0,1.0000
4,36.0000,19,9,481.7655,-86.1080,-0.3519,31,0.7750,0.0000,4,5,1,0,0,5,1,0.8000
4,36.0000,19,12,716.7351,-87.7872,-0.4805,9,0.2250,0.7143,7,7,6,0,0,7,6,0.1429
4,36.0000,19,13,353.7037,-81.6324,-0.1100,37,0.9250,0.0000,4,5,1,0,0,5,1,0.8000
4,36.0000,19,17,450.3139,-83.4611,-1.2222,37,0.9250,0.0000,4,5,1,0,0,5,1,0.8000
4,36.0000,19,18,750.0122,-87.4049,0.2701,10,0.2500,0.7500,8,8,8,0,0,8,8,0.0000
4,36.0000,19,21,316.5185,-82.0639,0.1841,38,0.9500,0.0000,4,4,0,0,0,4,0,1.0000
4,36.0000,19,22,328.0967,-82.5639,0.2209,32,0.8000,0.0000,4,5,2,0,0,5,2,0.6000
4,36.0000,20,4,187.6061,-77.8388,0.9887,40,1.0000,0.0000,4,4,0,0,0,4,0,1.0000
4,36.0000,20,5,678.3648,-86.8774,-0.0721,23,0.5750,0.5714,7,5,1,0,0,5,1,0.8000
4,36.0000,20,7,574.1811,-87.0004,-0.4211,29,0.7250,0.8571,7,6,3,0,0,6,3,0.5000
4,36.0000,20,8,938.1709,-88.7321,-0.1325,11,0.2750,0.8621,29,7,6,0,0,7,6,0.1429
4,36.0000,20,10,649.8254,-87.5958,0.1992,26,0.6500,0.7143,7,8,7,0,0,8,7,0.1250
4,36.0000,20,11,836.5365,-87.9476,-0.4403,13,0.3250,0.7143,7,7,6,0,0,7,6,0.1429
4,36.0000,20,14,764.4262,-88.1009,-0.3106,22,0.5500,0.8750,8,8,8,0,0,8,8,0.0000
4,36.0000,20,16,463.6439,-84.4864,-0.2364,34,0.8500,0.3333,6,4,0,0,0,4,0,1.0000
4,36.0000,20,23,629.1086,-86.8697,-0.3272,30,0.7500,0.6667,6,7,6,0,0,7,6,0.1429
4,36.0000,20,24,712.1705,-87.8404,-0.2060,20,0.5000,0.3333,6,6,4,0,0,6,4,0.3333
4,36.0000,20,25,494.6278,-85.6675,-0.4019,34,0.8500,0.4844,64,6,3,73,60,79,63,0.2025
4,36.0000,21,0,206.2664,-76.7605,0.5576,37,0.9250,0.0000,4,5,1,0,0,5,1,0.8000
4,36.0000,21,2,434.8854,-85.8316,0.3553,30,0.7500,0.4000,5,5,1,0,0,5,1,0.8000
4,36.0000,21,3,965.5647,-88.5734,-0.3491,3,0.0750,1.0000,8,6,6,0,0,6,6,0.0000
4,36.0000,21,6,154.5454,-76.4227,0.8426,36,0.9000,0.0000,4,4,0,0,0,4,0,1.0000
4,36.0000,21,9,260.4285,-80.3388,-0.0060,38,0.9500,0.0000,4,4,0,0,0,4,0,1.0000
4,36.0000,21,12,817.1902,-89.1548,-0.0251,9,0.2250,1.0000,8,5,2,0,0,5,2,0.6000
4,36.0000,21,13,216.5662,-82.2316,2.2633,34,0.8500,0.4400,75,4,0,60,20,64,20,0.6875
4,36.0000,21,17,255.9061,-79.0551,0.0844,38,0.9500,0.0000,4,4,0,0,0,4,0,1.0000
4,36.0000,21,18,1014.9891,-89.0952,-0.4034,4,0.1000,1.0000,6,4,4,0,0,4,4,0.0000
4,36.0000,21,19,316.5185,-81.7868,-0.0264,36,0.9000,0.0000,4,4,0,0,0,4,0,1.0000
4,36.0000,21,22,558.7101,-87.1864,0.3908,24,0.6000,0.6667,6,4,0,0,0,4,0,1.0000
4,36.0000,22,0,642.7656,-86.9025,-0.7179,25,0.6250,1.0000,8,6,3,0,0,6,3,0.5000
4,36.0000,22,1,738.2466,-87.3850,-0.2531,20,0.5000,0.6667,6,8,8,0,0,8,8,0.0000
4,36.0000,22,2,526.9982,-85.6082,-0.4893,36,0.9000,0.4000,5,6,4,0,0,6,4,0.3333
4,36.0000,22,3,494.0728,-86.2897,0.0282,31,0.7750,0.4000,5,6,4,0,0,6,4,0.3333
4,36.0000,22,6,499.8509,-85.9494,-0.2848,33,0.8250,0.5000,6,5,2,0,0,5,2,0.6000
4,36.0000,22,9,597.8834,-87.0225,0.2488,24,0.6000,0.2500,4,5,0,0,0,5,0,1.0000
4,36.0000,22,12,438.4814,-83.9484,-0.5693,33,0.8250,0.2000,5,5,2,0,0,5,2,0.6000
4,36.0000,22,13,466.5301,-84.4038,0.0490,33,0.8250,0.4000,5,6,2,0,0,6,2,0.6667
4,36.0000,22,15,893.7258,-88.7689,-0.1278,8,0.2000,1.0000,8,8,8,0,0,8,8,0.0000
4,36.0000,22,17,696.6523,-87.2217,-0.1325,19,0.4750,0.7143,7,7,6,0,0,7,6,0.1429
4,36.0000,22,18,631.6156,-87.3049,0.1262,26,0.6500,0.3333,6,8,7,0,0,8,7,0.1250
4,36.0000,22,19,328.0967,-83.3477,0.2209,37,0.9250,0.4000,5,4,0,0,0,4,0,1.0000
4,36.0000,22,21,558.7101,-87.5888,0.4185,29,0.7250,0.6667,6,6,3,0,0,6,3,0.5000
4,36.0000,23,1,679.3314,-87.6763,0.1443,18,0.4500,0.7143,7,8,8,0,0,8,8,0.0000
4,36.0000,23,4,610.9536,-87.4798,0.0834,27,0.6750,0.2000,5,7,5,0,0,7,5,0.2857
4,36.0000,23,7,532.6267,-85.7728,-0.4560,31,0.7750,0.2000,5,7,6,0,0,7,6,0.1429
4,36.0000,23,10,738.2915,-88.3385,-0.1680,6,0.1500,1.0000,8,6,4,0,0,6,4,0.3333
4,36.0000,23,11,957.8479,-88.8818,-0.1693,4,0.1000,1.0000,8,8,8,0,0,8,8,0.0000
4,36.0000,23,14,906.2070,-89.1490,-0.2130,9,0.2250,0.8750,8,7,6,0,0,7,6,0.1429
4,36.0000,23,16,461.9920,-83.8671,-0.2024,32,0.8000,0.3333,6,5,2,0,0,5,2,0.6000
4,36.0000,23,20,629.1086,-86.5883,-0.6594,23,0.5750,0.4000,5,5,2,0,0,5,2,0.6000
4,36.0000,23,25,1049.5929,-88.6648,-0.2729,4,0.1000,1.0000,8,6,6,0,0,6,6,0.0000
4,36.0000,24,4,629.8621,-86.1743,-0.1991,23,0.5610,0.7143,7,7,5,0,0,7,5,0.2857
4,36.0000,24,5,428.3715,-84.6840,-0.2724,34,0.8293,0.0000,4,4,0,0,0,4,0,1.0000
4,36.0000,24,8,276.5945,-80.2737,0.3300,39,0.9512,0.0000,14,5,1,2,0,7,1,0.8571
4,36.0000,24,10,718.8926,-87.9488,-0.0706,18,0.4390,1.0000,8,7,6,0,0,7,6,0.1429
4,36.0000,24,11,984.0849,-88.6312,0.9756,7,0.1707,0.8750,8,6,6,0,0,6,6,0.0000
4,36.0000,24,14,767.5297,-87.9089,0.5140,20,0.4878,0.8750,8,10,10,0,0,10,10,0.0000
4,36.0000,24,16,735.1326,-87.2447,-0.2705,20,0.4878,0.7143,7,8,7,0,0,8,7,0.1250
4,36.0000,24,20,712.1705,-87.6427,-0.3914,23,0.5610,0.5000,6,4,0,0,0,4,0,1.0000
4,36.0000,24,25,461.1410,-84.3429,-0.4046,34,0.8293,0.0000,5,7,5,0,0,7,5,0.2857
4,36.0000,25,4,439.3651,-82.4122,-1.1907,33,0.8250,0.5714,7,5,1,0,0,5,1,0.8000
4,36.0000,25,5,673.4420,-87.4769,-0.4016,20,0.5000,0.5714,7,8,8,0,0,8,8,0.0000
4,36.0000,25,8,614.6003,-86.7787,-0.4201,30,0.7500,0.5000,6,7,5,0,0,7,5,0.2857
4,36.0000,25,10,904.4010,-88.7644,0.1860,8,0.2000,1.0000,8,8,8,0,0,8,8,0.0000
4,36.0000,25,14,990.3549,-88.2980,-0.3877,8,0.2000,1.0000,8,8,8,0,0,8,8,0.0000
4,36.0000,25,16,782.4792,-86.8881,-0.3635,18,0.4500,0.7143,7,8,7,0,0,8,7,0.1250
4,36.0000,25,20,494.6278,-84.8063,-0.7771,34,0.8500,0.3333,6,6,4,0,0,6,4,0.3333
4,36.0000,25,23,1049.5929,-88.7595,-0.0362,6,0.1500,0.8571,7,6,6,0,0,6,6,0.0000
4,36.0000,25,24,461.1410,-84.3027,-0.3873,37,0.9250,0.5000,6,5,2,0,0,5,2,0.6000
4,40.0000,0,2,470.8984,-85.3060,-0.2184,34,0.8500,0.2000,5,4,0,0,0,4,0,1.0000
4,40.0000,0,6,208.0883,-75.4914,-1.0041,38,0.9500,0.0000,4,4,0,0,0,4,0,1.0000
4,40.0000,0,9,286.8887,-77.2394,-0.9948,39,0.9750,0.0000,4,5,1,0,0,5,1,0.8000
4,40.0000,0,12,845.3465,-89.0470,0.3750,8,0.2000,0.8571,7,7,6,0,0,7,6,0.1429
4,40.0000,0,13,251.6043,-80.8744,0.4617,38,0.9500,0.5000,6,4,0,0,0,4,0,1.0000
4,40.0000,0,17,419.2329,-84.4289,0.2638,38,0.9500,0.0000,4,6,2,0,0,6,2,0.6667
4,40.0000,0,19,561.1200,-86.3418,-0.1282,28,0.7000,0.0000,4,7,6,0,0,7,6,0.1429
4,40.0000,0,21,288.2497,-79.1359,-1.1579,40,1.0000,0.2000,5,4,0,0,0,4,0,1.0000
4,40.0000,0,22,665.3003,-86.9680,-0.3987,21,0.5250,0.8571,7,7,5,0,0,7,5,0.2857
4,40.0000,1,2,865.3636,-88.0248,-0.3348,18,0.4500,0.9333,15,8,7,0,0,8,7,0.1250
4,40.0000,1,3,1062.9872,-88.7346,-0.1856,6,0.1500,1.0000,2,4,4,0,0,4,4,0.0000
4,40.0000,1,4,993.1212,-89.2381,-4.3857,3,0.0750,1.0000,4,6,6,0,0,6,6,0.0000
4,40.0000,1,7,553.5638,-86.2128,0.0098,25,0.6250,0.7500,8,7,4,0,0,7,4,0.4286
4,40.0000,1,9,1073.9784,-89.0757,-0.0411,4,0.1000,1.0000,4,8,8,0,0,8,8,0.0000
4,40.0000,1,10,804.9122,-88.5276,-0.1684,14,0.3500,1.0000,8,7,6,0,0,7,6,0.1429
4,40.0000,1,11,720.1060,-87.5791,0.0605,14,0.3500,1.0000,8,7,6,0,0,7,6,0.1429
4,40.0000,1,12,664.5294,-86.7829,-0.9446,27,0.6750,0.8500,20,8,7,14,13,22,20,0.0909
4,40.0000,1,13,1029.1726,-88.5324,-0.5668,9,0.2250,1.0000,8,8,8,0,0,8,8,0.0000
4,40.0000,1,14,744.9454,-88.5438,0.0004,12,0.3000,1.0000,8,7,4,0,0,7,4,0.4286
4,40.0000,1,15,458.8188,-84.9930,0.0596,34,0.8500,0.5000,6,4,0,0,0,4,0,1.0000
4,40.0000,1,16,664.6028,-87.7257,0.4203,16,0.4000,0.5000,6,7,6,0,0,7,6,0.1429
4,40.0000,1,22,895.1125,-87.9219,-0.3720,14,0.3500,1.0000,8,8,8,4,4,12,12,0.0000
4,40.0000,1,23,571.5295,-87.1596,0.2693,30,0.7500,0.7143,7,6,3,0,0,6,3,0.5000
4,40.0000,2,0,470.8984,-85.5229,0.6207,35,0.8750,0.3333,6,6,3,0,0,6,3,0.5000
4,40.0000,2,1,865.3636,-88.3779,-0.1565,14,0.3500,1.0000,8,8,8,0,0,8,8,0.0000
4,40.0000,2,6,485.5986,-84.6938,-0.7955,34,0.8500,0.3333,6,8,7,0,0,8,7,0.1250
4,40.0000,2,9,354.8007,-82.1736,-0.4246,35,0.8750,0.4000,5,5,2,0,0,5,2,0.6000
4,40.0000,2,12,564.9516,-86.1227,0.0248,29,0.7250,0.4000,5,6,4,0,0,6,4,0.3333
4,40.0000,2,13,262.4947,-79.1827,-0.5742,39,0.9750,0.2000,5,4,0,0,0,4,0,1.0000
4,40.0000,2,17,414.4587,-85.3227,-0.2188,35,0.8750,0.3333,6,4,0,0,0,4,0,1.0000
4,40.0000,2,19,665.0853,-86.9273,-0.1263,28,0.7000,0.8182,11,6,4,0,0,6,4,0.3333
4,40.0000,2,21,371.2087,-83.5634,0.3841,35,0.8750,0.0000,4,5,1,0,0,5,1,0.8000
4,40.0000,2,22,626.5331,-86.6754,-0.0466,27,0.6750,0.8571,7,7,5,0,0,7,5,0.2857
4,40.0000,3,6,947.6113,-88.7461,-0.0582,11,0.2750,1.0000,8,8,8,0,0,8,8,0.0000
4,40.0000,3,12,729.8251,-87.6632,0.2722,13,0.3250,0.8750,8,8,8,0,0,8,8,0.0000
4,40.0000,3,13,1060.3247,-89.3395,0.0352,5,0.1250,1.0000,8,4,4,0,0,4,4,0.0000
4,40.0000,3,15,801.6299,-89.1348,0.0170,10,0.2500,0.8571,7,8,6,0,0,8,6,0.2500
4,40.0000,3,18,223.2372,-78.3165,-0.2152,40,1.0000,0.4000,5,4,0,0,0,4,0,1.0000
4,40.0000,3,19,653.4313,-87.4992,0.2714,21,0.5250,0.8571,7,8,7,0,0,8,7,0.1250
4,40.0000,3,21,959.9810,-89.1214,0.3403,3,0.0750,1.0000,8,8,8,0,0,8,8,0.0000
4,40.0000,3,22,509.6362,-85.1151,-0.4185,33,0.8250,0.4000,5,8,7,0,0,8,7,0.1250
4,40.0000,4,1,993.1212,-88.3700,-0.2934,4,0.1000,1.0000,6,8,8,0,0,8,8,0.0000
4,40.0000,4,5,601.6236,-87.2074,0.5994,32,0.8000,1.0000,8,7,4,0,0,7,4,0.4286
4,40.0000,4,7,605.8667,-87.2144,0.1201,25,0.6250,0.3333,6,6,2,0,0,6,2,0.6667
4,40.0000,4,8,804.8641,-88.5075,0.4765,20,0.5000,0.9500,20,8,7,35,31,43,38,0.1163
4,40.0000,4,10,516.9919,-86.1937,0.5198,33,0.8250,0.5000,6,6,4,0,0,6,4,0.3333
4,40.0000,4,11,883.0408,-88.3179,0.0292,10,0.2500,0.8571,7,10,9,0,0,10,9,0.1000
4,40.0000,4,14,667.1520,-87.6517,0.2533,20,0.5000,1.0000,8,6,4,0,0,6,4,0.3333
4,40.0000,4,16,415.1798,-84.4886,0.0640,39,0.9750,0.5000,6,4,0,0,0,4,0,1.0000
4,40.0000,4,20,186.4357,-75.9320,0.2752,40,1.0000,0.0000,4,4,0,0,0,4,0,1.0000
4,40.0000,4,23,616.4776,-87.1678,-0.3161,34,0.8500,0.4286,7,6,3,0,0,6,3,0.5000
4,40.0000,4,24,733.6150,-87.6858,-0.0587,26,0.6500,1.0000,8,8,8,0,0,8,8,0.0000
4,40.0000,4,25,586.9026,-86.1055,-0.3286,31,0.7750,0.8571,7,6,2,0,0,6,2,0.6667
4,40.0000,5,4,601.6236,-87.4078,0.0279,30,0.7500,0.7143,7,6,2,0,0,6,2,0.6667
4,40.0000,5,7,793.5493,-88.0997,0.2057,15,0.3750,0.7143,7,8,6,0,0,8,6,0.2500
4,40.0000,5,8,442.0259,-85.5242,0.3034,35,0.8750,0.3333,6,4,0,0,0,4,0,1.0000
4,40.0000,5,10,487.8268,-85.4155,-0.1400,37,0.9250,0.5714,7,6,2,0,0,6,2,0.6667
4,40.0000,5,11,744.8716,-87.7166,0.1069,25,0.6250,0.8750,8,7,5,0,0,7,5,0.2857
4,40.0000,5,14,559.6161,-85.8743,-0.3356,35,0.8750,0.5000,6,6,4,0,0,6,4,0.3333
4,40.0000,5,16,684.8579,-87.4981,-0.3106,25,0.6250,1.0000,8,6,4,0,0,6,4,0.3333
4,40.0000,5,20,609.9246,-87.4505,-0.2927,26,0.6500,0.6667,6,5,2,0,0,5,2,0.6000
4,40.0000,5,24,412.6082,-84.1464,-0.0652,40,1.0000,0.0000,4,6,2,0,0,6,2,0.6667
4,40.0000,5,25,604.1468,-87.2107,0.0102,24,0.6000,0.8750,8,6,3,0,0,6,3,0.5000
4,40.0000,6,0,208.0883,-75.3410,-0.6952,40,1.0000,0.0000,4,4,0,0,0,4,0,1.0000
4,40.0000,6,2,485.5986,-84.7449,-0.3871,37,0.9250,0.0000,4,6,3,0,0,6,3,0.5000
4,40.0000,6,3,947.6113,-89.2154,-0.1562,5,0.1250,0.6667,6,4,4,0,0,4,4,0.0000
4,40.0000,6,9,194.7908,-75.5174,-0.6093,40,1.0000,0.0000,4,4,0,0,0,4,0,1.0000
4,40.0000,6,12,712.8735,-88.0101,0.1853,17,0.4250,0.7500,8,7,6,0,0,7,6,0.1429
4,40.0000,6,13,272.7552,-78.4828,-0.4597,39,0.9750,0.0000,4,4,0,0,0,4,0,1.0000
4,40.0000,6,17,442.8481,-84.1299,0.1107,36,0.9000,0.5875,80,4,0,78,53,82,53,0.3537
4,40.0000,6,18,917.2200,-88.3479,0.5366,5,0.1250,1.0000,8,8,8,0,0,8,8,0.0000
4,40.0000,6,19,382.5396,-82.8947,-0.3371,38,0.9500,0.0000,4,5,2,0,0,5,2,0.6000
4,40.0000,6,21,228.9956,-75.8281,-0.9454,39,0.9750,0.0000,4,4,0,0,0,4,0,1.0000
4,40.0000,6,22,474.0050,-84.9433,-0.3333,34,0.8500,0.0000,4,5,1,0,0,5,1,0.8000
4,40.0000,7,1,553.5638,-86.7776,-0.0384,26,0.6500,0.7812,32,7,4,2,0,9,4,0.5556
4,40.0000,7,4,605.8667,-87.3639,0.4973,24,0.6000,0.8571,7,7,5,0,0,7,5,0.2857
4,40.0000,7,5,793.5493,-88.0819,0.5045,14,0.3500,0.8571,7,8,8,0,0,8,8,0.0000
4,40.0000,7,10,507.0050,-86.1695,0.5772,33,0.8250,0.0000,4,5,1,0,0,5,1,0.8000
4,40.0000,7,11,452.9889,-85.4786,-0.3579,31,0.7750,0.2000,5,5,2,0,0,5,2,0.6000
4,40.0000,7,14,459.1011,-86.2750,0.5537,30,0.7500,0.5000,6,5,2,0,0,5,2,0.6000
4,40.0000,7,15,792.4606,-87.9551,0.2947,12,0.3000,0.8750,8,7,6,0,0,7,6,0.1429
4,40.0000,7,16,444.9255,-85.2052,0.5712,33,0.8250,0.2500,4,4,0,0,0,4,0,1.0000
4,40.0000,7,20,639.3229,-86.5700,-0.3537,33,0.8250,0.5000,6,7,4,0,0,7,4,0.4286
4,40.0000,7,23,579.3278,-86.5854,-0.0871,31,0.7750,0.4000,5,6,3,0,0,6,3,0.5000
4,40.0000,7,24,1129.1862,-88.6940,-0.3569,4,0.1000,1.0000,8,2,2,0,0,2,2,0.0000
4,40.0000,8,4,804.8641,-88.0738,-0.2269,12,0.3000,1.0000,8,7,5,0,0,7,5,0.2857
4,40.0000,8,5,442.0259,-84.8981,-0.1695,33,0.8250,0.0000,4,4,0,0,0,4,0,1.0000
4,40.0000,8,10,818.9747,-88.6038,-0.0799,12,0.3000,1.0000,8,5,2,0,0,5,2,0.6000
4,40.0000,8,11,1168.6120,-89.2895,-0.5614,3,0.0750,1.0000,4,2,2,0,0,2,2,0.0000
4,40.0000,8,14,941.3107,-88.9023,0.1015,7,0.1750,1.0000,8,8,8,0,0,8,8,0.0000
4,40.0000,8,20,818.6464,-87.8374,0.9339,8,0.2000,0.8750,8,8,6,0,0,8,6,0.2500
4,40.0000,8,24,105.9816,-75.4589,1.5611,40,1.0000,0.0000,4,4,0,0,0,4,0,1.0000
4,40.0000,8,25,488.2381,-86.1522,-0.0591,31,0.7750,0.5714,7,4,0,0,0,4,0,1.0000
4,40.0000,9,0,286.8887,-78.0757,-1.1318,40,1.0000,0.0000,4,5,1,0,0,5,1,0.8000
4,40.0000,9,2,354.8007,-81.7101,0.4165,40,1.0000,0.0000,4,5,1,0,0,5,1,0.8000
4,40.0000,9,3,951.1919,-88.8414,0.0865,6,0.1500,1.0000,8,6,6,0,0,6,6,0.0000
4,40.0000,9,6,194.7908,-75.2795,-0.0509,40,1.0000,0.0000,4,4,0,0,0,4,0,1.0000
4,40.0000,9,12,569.8608,-86.4832,0.3681,23,0.5750,0.3333,6,5,1,0,0,5,1,0.8000
4,40.0000,9,13,252.0947,-79.0286,0.3536,40,1.0000,0.2000,5,5,0,0,0,5,0,1.0000
4,40.0000,9,17,486.7191,-84.6973,0.5906,39,0.9750,0.2000,5,6,2,0,0,6,2,0.6667
4,40.0000,9,18,955.0876,-88.0498,-0.8992,3,0.0750,1.0000,2,7,6,0,0,7,6,0.1429
4,40.0000,9,19,476.9321,-86.1591,-0.3334,34,0.8500,0.0000,3,7,4,0,0,7,4,0.4286
4,40.0000,9,21,281.8091,-79.8547,-0.6884,40,1.0000,0.0000,4,4,0,0,0,4,0,1.0000
4,40.0000,9,22,468.6052,-85.6818,0.7582,30,0.7500,0.0000,4,7,5,0,0,7,5,0.2857
4,40.0000,10,1,804.9122,-88.3173,-0.1828,13,0.3250,0.9767,43,8,8,79,76,87,84,0.0345
4,40.0000,10,4,516.9919,-87.1694,0.4034,25,0.6250,0.7273,33,7,4,32,15,39,19,0.5128
4,40.0000,10,5,487.8268,-85.8104,-0.3235,27,0.6750,0.6667,6,4,0,0,0,4,0,1.0000
4,40.0000,10,7,507.0050,-85.3051,0.1166,27,0.6750,0.8400,50,5,2,0,0,5,2,0.6000
4,40.0000,10,8,818.9747,-89.2329,0.0336,3,0.0750,1.0000,8,7,6,28,25,35,31,0.1143
4,40.0000,10,11,494.5566,-84.5472,-0.4959,32,0.8000,0.5714,7,5,1,0,0,5,1,0.8000
4,40.0000,10,14,195.3709,-76.0127,0.4464,38,0.9500,0.0714,28,5,1,0,0,5,1,0.8000
4,40.0000,10,15,861.2325,-88.2224,0.8471,13,0.3250,1.0000,8,8,8,0,0,8,8,0.0000
4,40.0000,10,16,271.0777,-80.5866,0.6396,37,0.9250,0.0000,4,5,1,0,0,5,1,0.8000
4,40.0000,10,20,635.3510,-87.6235,-0.2495,24,0.6000,0.5000,6,7,4,0,0,7,4,0.4286
4,40.0000,10,23,745.3743,-87.3484,-0.2642,13,0.3250,0.6667,6,7,4,0,0,7,4,0.4286
4,40.0000,10,24,737.8028,-86.9866,-0.4535,19,0.4750,0.7692,13,7,6,7,6,14,12,0.1429
4,40.0000,10,25,900.4873,-87.7667,-0.2785,9,0.2250,1.0000,8,8,8,0,0,8,8,0.0000
4,40.0000,11,1,720.1060,-88.5017,-0.0165,17,0.4250,1.0000,8,7,3,0,0,7,3,0.5714
4,40.0000,11,4,883.0408,-88.3776,0.9612,6,0.1500,1.0000,8,8,8,0,0,8,8,0.0000
4,40.0000,11,5,744.8716,-88.2241,-0.0854,25,0.6250,0.5714,7,8,7,0,0,8,7,0.1250
4,40.0000,11,7,452.9889,-85.1119,0.5475,35,0.8750,0.8082,73,5,1,6,4,11,5,0.5455
4,40.0000,11,10,494.5566,-84.9792,-0.1951,36,0.9000,0.4000,5,5,2,0,0,5,2,0.6000
4,40.0000,11,14,306.3208,-80.7633,-0.7935,38,0.9500,0.0000,4,4,0,0,0,4,0,1.0000
4,40.0000,11,15,660.9908,-87.4892,-0.0569,28,0.7000,0.7333,15,8,7,72,66,80,73,0.0875
4,40.0000,11,16,633.4045,-87.6461,0.2214,22,0.5500,0.7143,7,8,8,0,0,8,8,0.0000
4,40.0000,11,20,931.6323,-88.2840,-0.4816,11,0.2750,1.0000,8,10,10,0,0,10,10,0.0000
4,40.0000,11,23,951.8884,-88.9783,0.0703,6,0.1500,0.6667,6,6,6,0,0,6,6,0.0000
4,40.0000,12,0,845.3465,-88.9625,-0.0227,14,0.3500,1.0000,10,6,6,0,0,6,6,0.0000
4,40.0000,12,1,664.5294,-86.5274,-0.4391,28,0.7000,0.8571,7,7,4,0,0,7,4,0.4286
4,40.0000,12,2,564.9516,-86.7885,-0.5644,33,0.8250,0.6000,5,6,2,0,0,6,2,0.6667
4,40.0000,12,3,729.8251,-87.6939,0.4763,19,0.4750,0.9167,12,7,5,4,4,11,9,0.1818
4,40.0000,12,6,712.8735,-87.5140,0.0419,19,0.4750,0.8571,7,7,5,0,0,7,5,0.2857
4,40.0000,12,9,569.8608,-86.9205,0.4823,20,0.5000,0.3333,6,5,1,0,0,5,1,0.8000
4,40.0000,12,13,680.8540,-87.4600,0.0413,20,0.5000,0.2000,5,7,6,0,0,7,6,0.1429
4,40.0000,12,15,747.7989,-87.3118,-0.5403,19,0.4750,1.0000,8,8,8,0,0,8,8,0.0000
4,40.0000,12,17,818.2243,-88.5599,0.2055,10,0.2500,1.0000,8,8,6,0,0,8,6,0.2500
4,40.0000,12,18,855.4580,-88.6894,0.0510,9,0.2250,1.0000,6,8,7,0,0,8,7,0.1250
4,40.0000,12,19,684.2082,-87.9252,0.1020,22,0.5500,0.8667,15,6,4,12,11,18,15,0.1667
4,40.0000,12,21,682.0885,-87.8271,0.7104,16,0.4000,0.8571,7,7,5,0,0,7,5,0.2857
4,40.0000,12,22,459.0551,-84.8062,0.2352,35,0.8750,0.0000,4,4,0,0,0,4,0,1.0000
4,40.0000,13,0,251.6043,-80.6365,0.1608,40,1.0000,0.0000,4,4,0,0,0,4,0,1.0000
4,40.0000,13,1,1029.1726,-87.8858,-1.1531,5,0.1250,1.0000,8,4,4,0,0,4,4,0.0000
4,40.0000,13,2,262.4947,-79.0219,-0.9575,40,1.0000,0.0000,4,5,2,0,0,5,2,0.6000
4,40.0000,13,3,1060.3247,-89.0943,0.2315,3,0.0750,1.0000,8,6,6,0,0,6,6,0.0000
4,40.0000,13,6,272.7552,-78.4511,-0.4336,39,0.9750,0.2000,5,4,0,0,0,4,0,1.0000
4,40.0000,13,9,252.0947,-78.6554,0.2449,40,1.0000,0.0000,4,4,0,0,0,4,0,1.0000
4,40.0000,13,12,680.8540,-87.4216,-0.0793,17,0.4250,0.7143,7,7,6,0,0,7,6,0.1429
4,40.0000,13,17,251.3445,-80.6191,0.9908,40,1.0000,0.2000,5,4,0,0,0,4,0,1.0000
4,40.0000,13,18,1079.8638,-88.8819,-0.0979,4,0.1000,1.0000,8,4,4,0,0,4,4,0.0000
4,40.0000,13,19,494.6784,-83.9187,-0.4525,33,0.8250,0.0000,4,7,5,0,0,7,5,0.2857
4,40.0000,13,21,142.2467,-74.6004,0.7839,39,0.9750,0.0000,4,5,2,0,0,5,2,0.6000
4,40.0000,13,22,550.8445,-85.6264,-0.8910,30,0.7500,0.3333,6,4,0,0,0,4,0,1.0000
4,40.0000,14,1,744.9454,-88.3577,0.3716,8,0.2051,1.0000,8,6,4,0,0,6,4,0.3333
4,40.0000,14,4,667.1520,-88.1603,0.1645,20,0.5128,0.7143,7,8,5,0,0,8,5,0.3750
4,40.0000,14,5,559.6161,-85.4751,0.3227,32,0.8205,0.0000,4,5,2,0,0,5,2,0.6000
4,40.0000,14,7,459.1011,-85.5337,1.0261,27,0.6923,0.5000,6,5,1,0,0,5,1,0.8000
4,40.0000,14,8,941.3107,-88.1729,-1.4821,7,0.1795,1.0000,52,8,8,0,0,8,8,0.0000
4,40.0000,14,10,195.3709,-76.2519,-0.0303,38,0.9744,0.2000,5,4,0,0,0,4,0,1.0000
4,40.0000,14,11,306.3208,-81.0761,-0.4879,38,0.9744,0.0000,4,6,2,0,0,6,2,0.6667
4,40.0000,14,15,739.5533,-88.1837,-0.2166,23,0.5897,0.8333,6,9,8,0,0,9,8,0.1111
4,40.0000,14,16,394.3098,-84.9000,0.3681,32,0.8205,0.2000,5,5,1,0,0,5,1,0.8000
4,40.0000,14,20,758.0747,-87.8629,0.1512,21,0.5385,1.0000,8,8,7,0,0,8,7,0.1250
4,40.0000,14,23,819.3105,-88.4206,0.8790,8,0.2051,1.0000,8,6,4,0,0,6,4,0.3333
4,40.0000,14,24,871.8403,-88.4144,0.0590,12,0.3077,0.8750,8,8,8,0,0,8,8,0.0000
4,40.0000,14,25,1045.9125,-88.8583,-0.1290,7,0.1795,1.0000,8,6,6,0,0,6,6,0.0000
4,40.0000,15,1,458.8188,-84.3752,0.0168,29,0.7250,0.6667,6,4,0,0,0,4,0,1.0000
4,40.0000,15,3,801.6299,-89.0954,-0.1509,8,0.2000,0.8571,7,6,4,0,0,6,4,0.3333
4,40.0000,15,7,792.4606,-88.8095,-0.0150,8,0.2000,0.9167,12,8,7,0,0,8,7,0.1250
4,40.0000,15,10,861.2325,-88.3414,-0.4751,10,0.2500,1.0000,8,8,7,0,0,8,7,0.1250
4,40.0000,15,11,660.9908,-87.0986,-0.1319,26,0.6500,0.8571,7,8,8,0,0,8,8,0.0000
4,40.0000,15,12,747.7989,-87.4475,0.3073,13,0.3250,1.0000,8,7,5,22,20,29,25,0.1379
4,40.0000,15,14,739.5533,-87.3697,-0.0656,13,0.3250,0.8571,7,8,8,0,0,8,8,0.0000
4,40.0000,15,16,848.4218,-88.2194,-0.0551,8,0.2000,1.0000,8,7,6,0,0,7,6,0.1429
4,40.0000,15,22,875.5741,-87.8022,-0.0070,7,0.1750,1.0000,8,6,4,0,0,6,4,0.3333
4,40.0000,15,23,962.8225,-89.0900,1.2206,3,0.0750,1.0000,6,8,8,0,0,8,8,0.0000
4,40.0000,16,1,664.6028,-87.3791,0.5349,16,0.4000,0.4000,5,8,7,0,0,8,7,0.1250
4,40.0000,16,4,415.1798,-84.0908,0.0438,37,0.9250,0.2000,5,4,0,0,0,4,0,1.0000
4,40.0000,16,5,684.8579,-87.3745,-0.0459,26,0.6500,0.8750,8,5,2,0,0,5,2,0.6000
4,40.0000,16,7,444.9255,-85.8967,0.3940,34,0.8500,0.2000,5,5,1,0,0,5,1,0.8000
4,40.0000,16,8,973.7176,-88.8293,0.5552,8,0.2000,1.0000,4,8,8,0,0,8,8,0.0000
4,40.0000,16,10,271.0777,-80.0508,-0.0686,38,0.9500,0.0000,4,4,0,0,0,4,0,1.0000
4,40.0000,16,11,633.4045,-86.8188,0.4602,27,0.6750,0.5000,6,6,3,0,0,6,3,0.5000
4,40.0000,16,14,394.3098,-84.5584,0.7200,35,0.8750,0.5000,6,4,0,0,0,4,0,1.0000
4,40.0000,16,15,848.4218,-88.8274,0.2859,16,0.4000,1.0000,8,8,7,0,0,8,7,0.1250
4,40.0000,16,20,567.7730,-85.4205,-0.5334,35,0.8750,0.0000,4,7,4,0,0,7,4,0.4286
4,40.0000,16,23,481.2339,-84.8842,-0.5465,32,0.8000,0.7143,7,5,1,0,0,5,1,0.8000
4,40.0000,16,24,884.4542,-88.2536,-0.5290,16,0.4000,0.7143,7,6,6,0,0,6,6,0.0000
4,40.0000,16,25,937.7752,-88.2961,-0.0178,11,0.2750,0.8750,8,6,6,0,0,6,6,0.0000
4,40.0000,17,0,419.2329,-84.5371,-0.0662,37,0.9250,0.4000,5,5,1,0,0,5,1,0.8000
4,40.0000,17,1,1017.8513,-89.0711,0.1491,6,0.1500,1.0000,4,4,4,0,0,4,4,0.0000
4,40.0000,17,2,414.4587,-84.4022,0.8824,33,0.8250,0.4286,7,4,0,0,0,4,0,1.0000
4,40.0000,17,6,442.8481,-84.2055,-0.9107,40,1.0000,0.2000,5,6,3,0,0,6,3,0.5000
4,40.0000,17,9,486.7191,-86.6319,0.3575,36,0.9000,0.3333,6,5,1,0,0,5,1,0.8000
4,40.0000,17,12,818.2243,-88.6268,0.4968,10,0.2500,1.0000,8,8,7,0,0,8,7,0.1250
4,40.0000,17,13,251.3445,-81.2814,1.0775,39,0.9750,0.0000,4,4,0,0,0,4,0,1.0000
4,40.0000,17,19,511.5468,-85.5161,-0.2663,34,0.8500,0.2000,5,5,2,0,0,5,2,0.6000
4,40.0000,17,21,228.9438,-78.9657,0.0112,40,1.0000,0.2000,5,5,1,0,0,5,1,0.8000
4,40.0000,17,22,623.8551,-87.2779,0.6365,23,0.5750,0.6667,6,6,4,0,0,6,4,0.3333
4,40.0000,18,3,223.2372,-78.2470,0.2156,40,1.0000,0.0000,4,4,0,0,0,4,0,1.0000
4,40.0000,18,6,917.2200,-87.9478,-0.6032,9,0.2250,1.0000,8,8,8,0,0,8,8,0.0000
4,40.0000,18,12,855.4580,-88.4041,-0.6203,5,0.1250,0.8750,8,7,6,0,0,7,6,0.1429
4,40.0000,18,19,635.8509,-87.1412,-0.2767,24,0.6000,0.6667,6,5,2,0,0,5,2,0.6000
4,40.0000,18,22,556.1724,-86.8438,0.1834,28,0.7000,1.0000,8,6,3,0,0,6,3,0.5000
4,40.0000,19,0,561.1200,-85.6534,-0.3372,30,0.7500,0.3333,6,6,3,0,0,6,3,0.5000
4,40.0000,19,2,665.0853,-86.8809,-0.0226,31,0.7750,0.7143,7,6,5,0,0,6,5,0.1667
4,40.0000,19,3,653.4313,-87.0536,0.0813,24,0.6000,0.5000,6,7,4,0,0,7,4,0.4286
4,40.0000,19,6,382.5396,-83.0953,-0.7472,37,0.9250,0.0000,4,4,0,0,0,4,0,1.0000
4,40.0000,19,9,476.9321,-85.6930,0.0164,34,0.8500,0.2000,5,5,1,0,0,5,1,0.8000
4,40.0000,19,12,684.2082,-87.8725,0.2313,26,0.6500,0.8571,7,7,5,0,0,7,5,0.2857
4,40.0000,19,13,494.6784,-83.9984,-0.3169,33,0.8250,0.2000,5,5,2,0,0,5,2,0.6000
4,40.0000,19,17,511.5468,-85.5590,-0.5692,34,0.8500,0.2000,5,5,1,0,0,5,1,0.8000
4,40.0000,19,18,635.8509,-86.9066,-0.4620,26,0.6500,1.0000,8,7,5,0,0,7,5,0.2857
4,40.0000,19,21,361.4444,-82.4164,0.0005,40,1.0000,0.0000,4,4,0,0,0,4,0,1.0000
4,40.0000,19,22,250.1278,-80.7636,0.7611,40,1.0000,0.4000,5,4,0,0,0,4,0,1.0000
4,40.0000,20,1,1090.3981,-88.5644,-0.2378,3,0.0750,1.0000,8,6,6,0,0,6,6,0.0000
4,40.0000,20,4,186.4357,-75.9278,0.2262,37,0.9250,0.0000,4,6,2,0,0,6,2,0.6667
4,40.0000,20,5,609.9246,-87.8200,0.5184,31,0.7750,0.2000,5,7,6,0,0,7,6,0.1429
4,40.0000,20,7,639.3229,-87.1188,-0.4713,26,0.6500,0.5000,6,8,8,0,0,8,8,0.0000
4,40.0000,20,8,818.6464,-88.7156,0.2675,15,0.3750,0.8571,7,6,4,0,0,6,4,0.3333
4,40.0000,20,10,635.3510,-86.8677,-0.3560,24,0.6000,0.8750,8,8,8,0,0,8,8,0.0000
4,40.0000,20,11,931.6323,-88.5262,-0.7480,8,0.2000,0.8571,7,8,7,0,0,8,7,0.1250
4,40.0000,20,14,758.0747,-88.5202,-0.0213,17,0.4250,1.0000,8,8,7,0,0,8,7,0.1250
4,40.0000,20,16,567.7730,-85.3898,-0.4780,28,0.7000,0.0000,4,8,6,0,0,8,6,0.2500
4,40.0000,20,23,725.1973,-88.0716,0.0460,23,0.5750,0.8571,7,8,8,0,0,8,8,0.0000
4,40.0000,20,24,767.8369,-88.2694,-0.3254,14,0.3500,0.6667,6,8,8,0,0,8,8,0.0000
4,40.0000,20,25,525.1800,-86.0602,-0.0193,33,0.8250,0.7975,79,6,3,75,62,81,65,0.1975
4,40.0000,21,0,288.2497,-77.9547,-0.4232,40,1.0000,0.2000,5,4,0,0,0,4,0,1.0000
4,40.0000,21,2,371.2087,-83.8526,0.0706,38,0.9500,0.2000,5,4,0,0,0,4,0,1.0000
4,40.0000,21,3,959.9810,-88.9536,-0.0291,8,0.2000,1.0000,6,8,8,0,0,8,8,0.0000
4,40.0000,21,6,228.9956,-75.8545,-1.2949,40,1.0000,0.0000,4,4,0,0,0,4,0,1.0000
4,40.0000,21,9,281.8091,-79.6428,-0.7515,40,1.0000,0.0000,4,4,0,0,0,4,0,1.0000
4,40.0000,21,12,682.0885,-87.9250,0.2720,14,0.3500,0.4000,5,4,0,0,0,4,0,1.0000
4,40.0000,21,13,142.2467,-74.8758,1.3255,39,0.9750,0.3125,64,3,0,52,12,55,12,0.7818
4,40.0000,21,17,228.9438,-79.4238,0.3833,40,1.0000,0.0000,4,5,1,0,0,5,1,0.8000
4,40.0000,21,19,361.4444,-81.7568,0.0978,39,0.9750,0.0000,4,4,0,0,0,4,0,1.0000
4,40.0000,21,22,457.5560,-85.5071,0.1434,32,0.8000,0.0000,4,4,0,0,0,4,0,1.0000
4,40.0000,22,0,665.3003,-87.1342,-0.3642,30,0.7500,0.5000,6,7,5,0,0,7,5,0.2857
4,40.0000,22,1,895.1125,-88.7765,-0.0601,16,0.4000,1.0000,8,8,8,0,0,8,8,0.0000
4,40.0000,22,2,626.5331,-86.6431,0.0095,28,0.7000,0.6667,6,6,3,0,0,6,3,0.5000
4,40.0000,22,3,509.6362,-85.6390,-0.2968,37,0.9250,0.6667,6,5,2,0,0,5,2,0.6000
4,40.0000,22,6,474.0050,-85.8752,-0.3984,36,0.9000,0.4000,5,5,1,0,0,5,1,0.8000
4,40.0000,22,9,468.6052,-85.7109,0.1097,34,0.8500,0.0000,5,4,0,0,0,4,0,1.0000
4,40.0000,22,12,459.0551,-84.7764,-0.3669,36,0.9000,0.4000,5,6,4,0,0,6,4,0.3333
4,40.0000,22,13,550.8445,-85.7736,-0.1131,32,0.8000,0.3333,6,5,2,0,0,5,2,0.6000
4,40.0000,22,15,875.5741,-88.5121,0.5376,7,0.1750,1.0000,8,8,8,0,0,8,8,0.0000
4,40.0000,22,17,623.8551,-87.3008,0.3889,24,0.6000,0.8571,7,7,5,0,0,7,5,0.2857
4,40.0000,22,18,556.1724,-86.8117,0.2228,30,0.7500,0.8750,8,5,1,0,0,5,1,0.8000
4,40.0000,22,19,250.1278,-80.8397,0.3938,40,1.0000,0.0000,4,4,0,0,0,4,0,1.0000
4,40.0000,22,21,457.5560,-85.8793,0.4793,36,0.9000,0.5000,6,4,0,0,0,4,0,1.0000
4,40.0000,23,1,571.5295,-87.4102,0.2195,21,0.5250,1.0000,8,5,1,0,0,5,1,0.8000
4,40.0000,23,4,616.4776,-87.1354,-0.4671,21,0.5250,0.7143,7,5,1,0,0,5,1,0.8000
4,40.0000,23,7,579.3278,-85.9340,-0.1204,23,0.5750,0.8571,7,6,3,0,0,6,3,0.5000
4,40.0000,23,10,745.3743,-87.7929,0.0193,16,0.4000,0.6667,6,7,5,0,0,7,5,0.2857
4,40.0000,23,11,951.8884,-89.3391,0.7132,4,0.1000,1.0000,8,8,8,0,0,8,8,0.0000
4,40.0000,23,14,819.3105,-88.2392,0.5305,7,0.1750,0.8571,7,8,7,0,0,8,7,0.1250
4,40.0000,23,15,962.8225,-88.8272,-0.4453,4,0.1000,1.0000,8,8,8,0,0,8,8,0.0000
4,40.0000,23,16,481.2339,-85.6620,-0.2496,26,0.6500,0.4000,5,6,3,0,0,6,3,0.5000
4,40.0000,23,20,725.1973,-86.1086,-1.0096,17,0.4250,0.4000,5,8,8,0,0,8,8,0.0000
4,40.0000,24,4,733.6150,-87.3982,-0.1399,16,0.4000,0.7143,7,7,6,0,0,7,6,0.1429
4,40.0000,24,5,412.6082,-83.8380,-0.1243,27,0.6750,0.0000,4,5,2,0,0,5,2,0.6000
4,40.0000,24,8,105.9816,-75.8381,2.4379,40,1.0000,0.1429,7,4,0,1,0,5,0,1.0000
4,40.0000,24,10,737.8028,-88.0355,0.5340,13,0.3250,0.8571,7,6,4,0,0,6,4,0.3333
4,40.0000,24,11,1115.7021,-88.8126,1.2500,3,0.0750,1.0000,6,4,4,0,0,4,4,0.0000
4,40.0000,24,14,871.8403,-87.9629,0.6950,6,0.1500,1.0000,10,8,8,0,0,8,8,0.0000
4,40.0000,24,16,884.4542,-88.0651,-2.1054,7,0.1750,0.8750,8,7,6,0,0,7,6,0.1429
4,40.0000,24,20,767.8369,-88.2032,-0.5419,13,0.3250,0.0000,4,8,7,0,0,8,7,0.1250
4,40.0000,24,25,486.2018,-85.3604,-0.5153,30,0.7500,0.7143,7,6,4,0,0,6,4,0.3333
4,40.0000,25,4,586.9026,-86.3163,-0.8936,30,0.7500,0.2000,5,7,6,0,0,7,6,0.1429
4,40.0000,25,5,604.1468,-87.0727,0.6139,21,0.5250,1.0000,8,6,3,0,0,6,3,0.5000
4,40.0000,25,8,488.2381,-85.8812,0.2662,34,0.8500,0.7143,7,4,0,0,0,4,0,1.0000
4,40.0000,25,10,900.4873,-88.7087,0.0318,7,0.1750,1.0000,8,8,8,0,0,8,8,0.0000
4,40.0000,25,14,1045.9125,-88.9809,-0.2160,3,0.0750,1.0000,8,8,8,0,0,8,8,0.0000
4,40.0000,25,16,937.7752,-88.1340,0.2199,12,0.3000,0.8750,8,8,8,0,0,8,8,0.0000
4,40.0000,25,20,525.1800,-85.7533,-0.2424,32,0.8000,0.6667,6,6,3,0,0,6,3,0.5000
4,40.0000,25,24,486.2018,-84.8580,0.4180,36,0.9000,0.4000,5,8,5,0,0,8,5,0.3750
4,44.0000,0,2,425.4222,-84.4816,-0.0293,38,0.9500,0.0000,4,6,4,0,0,6,4,0.3333
4,44.0000,0,6,301.4773,-79.7464,-1.3596,40,1.0000,0.0000,4,4,0,0,0,4,0,1.0000
4,44.0000,0,9,427.9157,-82.7466,-0.4347,40,1.0000,0.2000,5,6,2,0,0,6,2,0.6667
4,44.0000,0,12,809.0510,-88.3810,0.0147,16,0.4000,0.8571,7,8,7,0,0,8,7,0.1250
4,44.0000,0,13,165.0078,-77.1664,1.4931,40,1.0000,0.0000,4,4,0,0,0,4,0,1.0000
4,44.0000,0,17,448.8878,-84.1275,-0.4712,37,0.9250,0.3333,6,7,4,0,0,7,4,0.4286
4,44.0000,0,19,687.4870,-87.1409,-0.2498,26,0.6500,0.8571,7,6,4,0,0,6,4,0.3333
4,44.0000,0,21,381.6705,-82.0522,-0.3498,39,0.9750,0.0000,4,4,0,0,0,4,0,1.0000
4,44.0000,0,22,665.2886,-87.2235,0.1996,27,0.6750,0.7143,7,6,3,0,0,6,3,0.5000
4,44.0000,1,2,971.3221,-88.6473,0.1197,5,0.1250,0.8750,8,2,2,0,0,2,2,0.0000
4,44.0000,1,4,840.6968,-89.1708,0.0258,8,0.2000,1.0000,6,8,7,0,0,8,7,0.1250
4,44.0000,1,7,529.5230,-86.5157,-0.4661,28,0.7000,0.5714,7,5,1,0,0,5,1,0.8000
4,44.0000,1,9,1065.6906,-89.0299,-0.4670,4,0.1000,1.0000,8,6,6,0,0,6,6,0.0000
4,44.0000,1,10,790.7125,-88.0788,-0.1614,13,0.3250,0.8571,7,8,5,0,0,8,5,0.3750
4,44.0000,1,11,615.8991,-87.2081,0.0255,24,0.6000,0.8571,7,5,1,0,0,5,1,0.8000
4,44.0000,1,12,780.8313,-87.7226,-0.5280,19,0.4750,0.9091,22,8,7,0,0,8,7,0.1250
4,44.0000,1,14,614.6876,-87.4366,-0.1991,19,0.4750,0.5714,7,5,2,0,0,5,2,0.6000
4,44.0000,1,15,484.2885,-84.6330,0.3935,27,0.6750,0.0000,4,4,0,0,0,4,0,1.0000
4,44.0000,1,16,513.4587,-86.2217,-0.2137,25,0.6250,0.8571,7,5,2,0,0,5,2,0.6000
4,44.0000,1,21,1002.2544,-89.6308,-0.2594,4,0.1000,1.0000,8,6,6,0,0,6,6,0.0000
4,44.0000,1,22,1042.4405,-88.4993,0.1272,3,0.0750,1.0000,12,4,4,20,20,24,24,0.0000
4,44.0000,1,23,458.1298,-85.0425,0.2499,25,0.6250,0.5000,6,5,1,0,0,5,1,0.8000
4,44.0000,2,0,425.4222,-84.7446,0.1780,36,0.9000,0.5000,6,4,0,0,0,4,0,1.0000
4,44.0000,2,1,971.3221,-88.0199,-1.1678,3,0.0750,1.0000,8,6,6,0,0,6,6,0.0000
4,44.0000,2,6,598.5254,-85.9993,0.0585,26,0.6500,0.8750,8,6,4,0,0,6,4,0.3333
4,44.0000,2,9,438.2550,-83.3420,-0.6716,36,0.9000,0.4000,5,5,2,0,0,5,2,0.6000
4,44.0000,2,12,618.4822,-85.6336,-0.1979,22,0.5500,0.6667,6,7,6,0,0,7,6,0.1429
4,44.0000,2,13,293.6266,-80.6620,-0.6101,38,0.9500,0.0000,4,4,0,0,0,4,0,1.0000
4,44.0000,2,17,405.0945,-84.3270,0.1891,37,0.9250,0.0000,4,6,3,0,0,6,3,0.5000
4,44.0000,2,19,818.8021,-87.5941,-0.1765,20,0.5000,0.6667,6,8,8,0,0,8,8,0.0000
4,44.0000,2,21,379.6075,-82.6874,0.3132,37,0.9250,0.2000,5,4,0,0,0,4,0,1.0000
4,44.0000,2,22,707.8239,-87.8345,0.1118,18,0.4500,0.7143,7,5,2,0,0,5,2,0.6000
4,44.0000,3,9,894.7953,-89.1554,0.2244,3,0.0750,1.0000,8,8,7,0,0,8,7,0.1250
4,44.0000,3,12,721.5586,-87.5578,-0.1171,20,0.5000,1.0000,8,6,4,0,0,6,4,0.3333
4,44.0000,3,15,637.6759,-87.6085,0.2647,18,0.4500,0.7500,8,7,4,0,0,7,4,0.4286
4,44.0000,3,18,250.7232,-78.8812,-0.3936,38,0.9500,0.0000,4,5,0,0,0,5,0,1.0000
4,44.0000,3,19,652.7227,-87.6437,0.2473,26,0.6500,0.8750,8,7,6,2,2,9,8,0.1111
4,44.0000,3,21,940.8041,-88.9059,-0.1735,5,0.1250,1.0000,8,8,8,0,0,8,8,0.0000
4,44.0000,3,22,589.9782,-86.2657,-0.3667,30,0.7500,0.8750,8,6,3,0,0,6,3,0.5000
4,44.0000,4,1,840.6968,-86.7518,0.5618,3,0.0750,1.0000,8,6,3,0,0,6,3,0.5000
4,44.0000,4,5,556.0592,-86.7446,0.2676,32,0.8000,0.5714,7,4,0,0,0,4,0,1.0000
4,44.0000,4,7,530.7912,-85.9856,0.4671,28,0.7000,0.3333,6,5,2,0,0,5,2,0.6000
4,44.0000,4,8,728.9150,-87.9396,0.2364,13,0.3250,0.8837,43,9,6,0,0,9,6,0.3333
4,44.0000,4,10,411.0582,-84.7967,0.5492,34,0.8500,0.6667,6,5,2,0,0,5,2,0.6000
4,44.0000,4,11,830.0102,-88.5308,0.4935,9,0.2250,0.9000,10,4,2,0,0,4,2,0.5000
4,44.0000,4,14,533.4422,-85.1258,0.8675,27,0.6750,0.6667,6,4,0,0,0,4,0,1.0000
4,44.0000,4,16,417.5061,-84.5766,-0.6299,34,0.8500,0.0000,4,4,0,0,0,4,0,1.0000
4,44.0000,4,20,274.9069,-77.9414,-1.0695,38,0.9500,0.0000,4,4,0,0,0,4,0,1.0000
4,44.0000,4,23,620.0744,-86.4674,-0.1982,25,0.6250,0.5000,6,6,3,0,0,6,3,0.5000
4,44.0000,4,24,849.8146,-87.9401,-0.4557,14,0.3500,1.0000,8,8,7,0,0,8,7,0.1250
4,44.0000,4,25,674.9226,-87.7342,0.1593,23,0.5750,0.3333,6,7,5,0,0,7,5,0.2857
4,44.0000,5,4,556.0592,-86.1001,-0.1223,27,0.6750,0.3333,6,4,0,0,0,4,0,1.0000
4,44.0000,5,7,771.6456,-87.7471,0.2587,10,0.2500,0.7500,8,7,6,0,0,7,6,0.1429
4,44.0000,5,8,337.5664,-83.4871,0.6800,35,0.8750,0.0000,4,4,0,0,0,4,0,1.0000
4,44.0000,5,10,471.2894,-85.4577,0.3600,33,0.8250,0.3333,6,5,2,0,0,5,2,0.6000
4,44.0000,5,11,886.3093,-88.7696,-0.0523,8,0.2000,0.7143,7,8,8,0,0,8,8,0.0000
4,44.0000,5,14,642.4614,-85.9449,0.4764,23,0.5750,0.6667,6,8,8,0,0,8,8,0.0000
4,44.0000,5,16,751.1504,-87.0930,0.0875,20,0.5000,0.6667,6,8,7,0,0,8,7,0.1250
4,44.0000,5,20,570.5904,-87.1150,-0.0887,27,0.6750,0.4000,5,6,3,0,0,6,3,0.5000
4,44.0000,5,24,425.2580,-84.1877,-0.3347,36,0.9000,0.3333,6,4,0,0,0,4,0,1.0000
4,44.0000,5,25,478.0637,-86.9545,0.7699,29,0.7250,0.5000,6,5,2,0,0,5,2,0.6000
4,44.0000,6,0,301.4773,-79.1902,-0.9734,39,0.9750,0.0000,4,4,0,0,0,4,0,1.0000
4,44.0000,6,2,598.5254,-86.4589,-0.5778,32,0.8000,0.5000,6,5,2,0,0,5,2,0.6000
4,44.0000,6,3,1028.8813,-88.4519,0.1704,5,0.1250,1.0000,4,6,6,0,0,6,6,0.0000
4,44.0000,6,9,327.3994,-79.0716,-1.0880,39,0.9750,0.0000,4,5,1,0,0,5,1,0.8000
4,44.0000,6,12,717.2061,-87.6304,-0.4168,24,0.6000,0.8571,7,7,6,0,0,7,6,0.1429
4,44.0000,6,13,375.1779,-82.2555,-0.8885,40,1.0000,0.0000,4,4,0,0,0,4,0,1.0000
4,44.0000,6,17,514.6466,-85.2722,-0.2498,36,0.9000,0.6463,82,5,2,79,64,84,66,0.2143
4,44.0000,6,18,908.3795,-88.3345,-0.2712,7,0.1750,1.0000,8,8,8,0,0,8,8,0.0000
4,44.0000,6,19,448.0940,-83.8670,-0.4084,40,1.0000,0.4000,5,5,1,0,0,5,1,0.8000
4,44.0000,6,21,372.0661,-81.2414,-0.6859,39,0.9750,0.0000,4,4,0,0,0,4,0,1.0000
4,44.0000,6,22,451.5770,-85.5758,-0.2461,35,0.8750,0.2000,5,4,0,0,0,4,0,1.0000
4,44.0000,7,1,529.5230,-86.5578,0.0231,29,0.7250,0.4444,9,5,2,0,0,5,2,0.6000
4,44.0000,7,4,530.7912,-86.7798,0.5623,30,0.7500,0.7143,7,6,3,0,0,6,3,0.5000
4,44.0000,7,5,771.6456,-88.3064,-0.2061,11,0.2750,1.0000,8,8,7,0,0,8,7,0.1250
4,44.0000,7,10,499.0778,-85.9202,0.5609,35,0.8750,0.2000,5,4,0,0,0,4,0,1.0000
4,44.0000,7,11,378.8406,-83.7237,0.1336,37,0.9250,0.4000,5,4,0,0,0,4,0,1.0000
4,44.0000,7,14,337.3181,-83.9099,0.5059,39,0.9750,0.4000,5,5,2,0,0,5,2,0.6000
4,44.0000,7,15,837.5593,-88.8410,-0.0051,18,0.4500,0.8571,7,7,6,0,0,7,6,0.1429
4,44.0000,7,16,409.7969,-84.5125,-0.1779,38,0.9500,0.0000,4,5,0,0,0,5,0,1.0000
4,44.0000,7,20,702.0093,-87.2528,-0.2445,29,0.7250,0.5714,7,7,6,0,0,7,6,0.1429
4,44.0000,7,23,627.6687,-86.9191,-0.1241,28,0.7000,0.5000,6,8,7,0,0,8,7,0.1250
4,44.0000,7,24,1162.8185,-89.2182,-0.5375,3,0.0750,1.0000,2,6,6,0,0,6,6,0.0000
4,44.0000,8,4,728.9150,-88.4357,-0.0964,19,0.4750,0.7143,7,7,4,0,0,7,4,0.4286
4,44.0000,8,5,337.5664,-83.9429,0.3629,35,0.8750,0.0000,4,5,2,0,0,5,2,0.6000
4,44.0000,8,10,676.9692,-88.1765,0.4221,16,0.4000,0.4000,5,6,3,0,0,6,3,0.5000
4,44.0000,8,14,898.8252,-88.8655,-0.6035,6,0.1500,1.0000,8,8,8,0,0,8,8,0.0000
4,44.0000,8,16,949.7229,-88.8588,0.0300,7,0.1750,1.0000,8,6,6,0,0,6,6,0.0000
4,44.0000,8,20,713.3523,-87.9872,-0.0474,18,0.4500,0.7500,8,8,7,0,0,8,7,0.1250
4,44.0000,8,24,137.5648,-69.5401,-0.8506,39,0.9750,0.0000,4,4,0,0,0,4,0,1.0000
4,44.0000,8,25,376.7454,-85.0367,0.6666,36,0.9000,0.0000,4,5,1,0,0,5,1,0.8000
4,44.0000,9,0,427.9157,-82.9322,-1.1001,39,0.9750,0.2000,5,4,0,0,0,4,0,1.0000
4,44.0000,9,1,1065.6906,-87.9154,-0.4383,3,0.0750,1.0000,8,8,8,0,0,8,8,0.0000
4,44.0000,9,2,438.2550,-83.5762,-0.3694,38,0.9500,0.2000,5,5,1,0,0,5,1,0.8000
4,44.0000,9,3,894.7953,-88.7597,-0.2686,14,0.3500,1.0000,6,8,8,0,0,8,8,0.0000
4,44.0000,9,6,327.3994,-80.0657,-1.4416,40,1.0000,0.0000,4,4,0,0,0,4,0,1.0000
4,44.0000,9,12,404.1985,-85.6079,0.7653,34,0.8500,0.2000,5,5,1,0,0,5,1,0.8000
4,44.0000,9,13,398.3409,-81.4851,-1.6092,40,1.0000,0.0000,5,5,1,0,0,5,1,0.8000
4,44.0000,9,17,489.7165,-85.7963,-0.1243,35,0.8750,0.3333,6,6,2,0,0,6,2,0.6667
4,44.0000,9,18,846.5548,-88.4688,0.2611,8,0.2000,0.8571,7,7,6,0,0,7,6,0.1429
4,44.0000,9,19,500.0779,-84.9317,-0.3187,37,0.9250,0.5714,7,4,0,0,0,4,0,1.0000
4,44.0000,9,21,307.1247,-81.0727,-0.7924,40,1.0000,0.0000,4,4,0,0,0,4,0,1.0000
4,44.0000,9,22,363.1142,-84.2170,0.8303,38,0.9500,0.7143,7,4,0,0,0,4,0,1.0000
4,44.0000,10,1,790.7125,-87.8657,0.3762,11,0.2750,0.9655,87,8,7,76,75,84,82,0.0238
4,44.0000,10,4,411.0582,-84.9865,-0.0913,35,0.8750,0.4872,39,4,0,0,0,4,0,1.0000
4,44.0000,10,5,471.2894,-85.2105,0.1879,34,0.8500,0.0000,4,4,0,0,0,4,0,1.0000
4,44.0000,10,7,499.0778,-85.5200,-0.0176,33,0.8250,0.4000,5,4,0,0,0,4,0,1.0000
4,44.0000,10,8,676.9692,-88.0446,-0.1394,17,0.4250,0.8857,35,6,3,68,47,74,50,0.3243
4,44.0000,10,11,594.8691,-85.9807,-0.2423,34,0.8500,0.2000,5,6,4,0,0,6,4,0.3333
4,44.0000,10,14,245.3926,-78.3703,-0.6501,38,0.9500,0.2000,5,4,0,4,4,8,4,0.5000
4,44.0000,10,15,1009.7296,-89.1564,0.1585,7,0.1750,1.0000,8,8,8,0,0,8,8,0.0000
4,44.0000,10,16,314.2352,-80.3886,-0.2187,39,0.9750,0.2000,5,4,0,0,0,4,0,1.0000
4,44.0000,10,20,634.5612,-87.1954,-0.0326,24,0.6000,0.5714,7,7,4,0,0,7,4,0.4286
4,44.0000,10,23,778.9562,-87.8199,0.5195,20,0.5000,0.5714,7,7,6,0,0,7,6,0.1429
4,44.0000,10,24,748.0288,-88.1842,0.2591,25,0.6250,0.8571,14,7,5,0,0,7,5,0.2857
4,44.0000,10,25,826.5376,-88.6647,0.2107,10,0.2500,1.0000,8,8,5,0,0,8,5,0.3750
4,44.0000,11,1,615.8991,-87.0210,-0.0757,25,0.6250,0.4286,7,5,2,30,24,35,26,0.2571
4,44.0000,11,4,830.0102,-88.9149,-0.0955,13,0.3250,1.0000,8,8,8,0,0,8,8,0.0000
4,44.0000,11,5,886.3093,-88.1335,-0.0621,14,0.3500,0.8750,8,6,6,0,0,6,6,0.0000
4,44.0000,11,7,378.8406,-84.0370,0.4302,35,0.8750,0.4545,11,6,2,0,0,6,2,0.6667
4,44.0000,11,10,594.8691,-86.4243,0.0724,31,0.7750,0.4000,5,8,7,0,0,8,7,0.1250
4,44.0000,11,14,360.5442,-81.8154,-0.6557,38,0.9500,0.0000,4,4,0,0,0,4,0,1.0000
4,44.0000,11,15,667.7868,-87.7365,-0.1022,23,0.5750,0.9125,80,7,5,46,44,53,49,0.0755
4,44.0000,11,16,582.9372,-85.9199,0.4645,24,0.6000,1.0000,8,7,4,4,4,11,8,0.2727
4,44.0000,11,20,1020.4971,-89.0038,0.9333,6,0.1500,1.0000,10,4,4,0,0,4,4,0.0000
4,44.0000,11,23,901.7426,-89.5171,-0.1087,6,0.1500,1.0000,6,8,8,0,0,8,8,0.0000
4,44.0000,12,0,809.0510,-88.3754,-0.0250,16,0.4000,1.0000,6,8,6,0,0,8,6,0.2500
4,44.0000,12,1,780.8313,-87.8721,0.0399,12,0.3000,0.5714,7,7,6,0,0,7,6,0.1429
4,44.0000,12,2,618.4822,-86.4551,0.4541,30,0.7500,0.3333,6,7,4,0,0,7,4,0.4286
4,44.0000,12,3,721.5586,-87.6788,0.1702,20,0.5000,0.8182,11,8,7,0,0,8,7,0.1250
4,44.0000,12,6,717.2061,-88.2156,-0.1639,17,0.4250,0.7143,7,6,3,0,0,6,3,0.5000
4,44.0000,12,9,404.1985,-85.2565,0.7735,30,0.7500,0.2000,5,4,0,0,0,4,0,1.0000
4,44.0000,12,13,731.2989,-87.3236,-0.1358,20,0.5000,0.8571,7,6,4,0,0,6,4,0.3333
4,44.0000,12,15,720.8618,-87.6456,0.2345,17,0.4250,1.0000,8,7,6,0,0,7,6,0.1429
4,44.0000,12,17,704.5702,-88.4304,0.2143,18,0.4500,0.7500,8,5,2,0,0,5,2,0.6000
4,44.0000,12,18,783.6770,-88.6052,0.2495,11,0.2750,0.8750,8,6,3,0,0,6,3,0.5000
4,44.0000,12,19,676.6538,-88.1319,0.0124,19,0.4750,0.8333,18,5,1,2,2,7,3,0.5714
4,44.0000,12,21,565.4501,-86.1178,0.6296,21,0.5250,0.7143,7,5,1,0,0,5,1,0.8000
4,44.0000,12,22,473.7398,-84.9656,-0.1304,28,0.7000,0.0000,4,7,5,0,0,7,5,0.2857
4,44.0000,13,0,165.0078,-77.5893,0.4487,41,1.0000,0.0000,4,4,0,0,0,4,0,1.0000
4,44.0000,13,1,1175.1890,-89.2150,-0.4314,3,0.0732,1.0000,4,4,4,0,0,4,4,0.0000
4,44.0000,13,2,293.6266,-80.4154,-0.3766,40,0.9756,0.4000,5,5,1,0,0,5,1,0.8000
4,44.0000,13,6,375.1779,-81.5002,-0.7916,41,1.0000,0.0000,4,5,1,0,0,5,1,0.8000
4,44.0000,13,9,398.3409,-81.5369,-1.6138,39,0.9512,0.0000,4,5,2,0,0,5,2,0.6000
4,44.0000,13,12,731.2989,-87.3580,-0.2182,27,0.6585,0.8571,7,7,5,0,0,7,5,0.2857
4,44.0000,13,17,311.2196,-79.7709,-0.3290,41,1.0000,0.0000,4,5,1,0,0,5,1,0.8000
4,44.0000,13,19,668.9072,-86.2968,0.0947,29,0.7073,0.7143,7,7,4,0,0,7,4,0.4286
4,44.0000,13,21,272.8143,-76.9618,-0.9633,41,1.0000,0.4000,5,4,0,0,0,4,0,1.0000
4,44.0000,13,22,624.4277,-86.9273,-0.5274,29,0.7073,0.0000,4,6,4,0,0,6,4,0.3333
4,44.0000,14,1,614.6876,-87.7935,-0.0770,24,0.6000,0.6667,6,5,2,0,0,5,2,0.6000
4,44.0000,14,4,533.4422,-86.8933,0.0004,27,0.6750,0.6250,8,4,0,0,0,4,0,1.0000
4,44.0000,14,5,642.4614,-86.8274,-0.1584,32,0.8000,0.4000,5,6,4,0,0,6,4,0.3333
4,44.0000,14,7,337.3181,-83.5146,0.2877,37,0.9250,0.2000,5,5,2,0,0,5,2,0.6000
4,44.0000,14,8,898.8252,-88.3728,-0.7781,6,0.1500,1.0000,8,7,6,0,0,7,6,0.1429
4,44.0000,14,10,245.3926,-78.1763,-0.5699,39,0.9750,0.0000,4,4,0,0,0,4,0,1.0000
4,44.0000,14,11,360.5442,-81.2468,-0.2546,40,1.0000,0.3333,6,5,1,0,0,5,1,0.8000
4,44.0000,14,15,800.4141,-88.1060,-0.0786,14,0.3500,0.8889,9,7,6,0,0,7,6,0.1429
4,44.0000,14,16,284.8567,-81.7515,0.7033,37,0.9250,0.2000,5,4,0,0,0,4,0,1.0000
4,44.0000,14,20,762.9618,-88.8341,0.0145,18,0.4500,0.8750,8,8,7,0,0,8,7,0.1250
4,44.0000,14,23,730.1017,-88.4030,-0.0505,19,0.4750,0.6667,6,7,4,0,0,7,4,0.4286
4,44.0000,14,24,965.8711,-89.1969,0.3514,8,0.2000,1.0000,8,4,4,0,0,4,4,0.0000
4,44.0000,14,25,1029.6688,-88.3060,-3.1158,4,0.1000,1.0000,6,8,8,0,0,8,8,0.0000
4,44.0000,15,1,484.2885,-84.7623,-0.2172,33,0.8250,0.0000,4,5,3,0,0,5,3,0.4000
4,44.0000,15,3,637.6759,-87.6236,-0.4183,20,0.5000,0.6667,6,7,5,4,4,11,9,0.1818
4,44.0000,15,7,837.5593,-88.0400,-0.3453,15,0.3750,0.8750,8,8,8,0,0,8,8,0.0000
4,44.0000,15,10,1009.7296,-88.4347,0.2438,7,0.1750,0.8750,8,6,6,0,0,6,6,0.0000
4,44.0000,15,11,667.7868,-87.3481,0.2080,24,0.6000,1.0000,8,7,5,0,0,7,5,0.2857
4,44.0000,15,12,720.8618,-88.0833,-0.2404,15,0.3750,0.8621,29,7,6,10,10,17,16,0.0588
4,44.0000,15,14,800.4141,-87.7016,0.0438,14,0.3500,1.0000,8,8,8,0,0,8,8,0.0000
4,44.0000,15,16,820.0819,-87.7557,0.6776,14,0.3500,0.8571,7,8,8,0,0,8,8,0.0000
4,44.0000,15,17,1029.8656,-88.4907,-0.2426,4,0.1000,1.0000,6,6,6,0,0,6,6,0.0000
4,44.0000,15,18,861.6486,-88.9458,0.0537,4,0.1000,1.0000,8,8,8,0,0,8,8,0.0000
4,44.0000,15,19,982.9084,-89.2977,-0.0459,7,0.1750,1.0000,4,8,8,0,0,8,8,0.0000
4,44.0000,15,21,996.1567,-89.0111,3.9236,3,0.0750,0.6667,3,8,7,0,0,8,7,0.1250
4,44.0000,15,22,856.7558,-88.7428,0.4504,10,0.2500,0.6667,6,7,5,0,0,7,5,0.2857
4,44.0000,15,23,921.8897,-88.6581,-0.6715,8,0.2000,1.0000,8,7,6,0,0,7,6,0.1429
4,44.0000,16,1,513.4587,-85.9863,0.3609,27,0.6750,0.8750,8,5,1,0,0,5,1,0.8000
4,44.0000,16,4,417.5061,-84.7759,0.2718,36,0.9000,0.0000,4,4,0,0,0,4,0,1.0000
4,44.0000,16,5,751.1504,-87.6354,-0.3985,23,0.5750,0.4000,5,7,6,0,0,7,6,0.1429
4,44.0000,16,7,409.7969,-84.5116,-0.1278,35,0.8750,0.2000,5,5,1,0,0,5,1,0.8000
4,44.0000,16,8,949.7229,-88.8972,0.7187,12,0.3000,1.0000,8,6,6,0,0,6,6,0.0000
4,44.0000,16,10,314.2352,-81.2358,-0.2903,38,0.9500,0.0000,4,5,1,0,0,5,1,0.8000
4,44.0000,16,11,582.9372,-86.7248,0.0051,22,0.5500,0.5000,6,4,0,0,0,4,0,1.0000
4,44.0000,16,14,284.8567,-82.7664,0.5690,39,0.9750,0.0000,4,4,0,0,0,4,0,1.0000
4,44.0000,16,15,820.0819,-88.6665,0.0254,17,0.4250,0.8750,8,7,6,0,0,7,6,0.1429
4,44.0000,16,20,688.2262,-86.6438,-0.0042,29,0.7250,0.5714,7,7,5,0,0,7,5,0.2857
4,44.0000,16,23,485.8524,-85.5384,0.1884,34,0.8500,0.2000,5,5,2,0,0,5,2,0.6000
4,44.0000,16,24,1033.8746,-88.5226,-0.1294,11,0.2750,1.0000,6,8,8,0,0,8,8,0.0000
4,44.0000,16,25,1029.1614,-88.2999,0.1627,8,0.2000,1.0000,6,4,4,0,0,4,4,0.0000
4,44.0000,17,0,448.8878,-83.4546,0.3335,39,0.9750,0.2000,5,5,1,0,0,5,1,0.8000
4,44.0000,17,1,990.2806,-89.0693,0.4127,5,0.1250,1.0000,4,6,6,0,0,6,6,0.0000
4,44.0000,17,2,405.0945,-83.8069,-0.1382,34,0.8500,0.0000,4,6,4,0,0,6,4,0.3333
4,44.0000,17,6,514.6466,-84.9988,0.4144,34,0.8500,0.5000,6,5,2,0,0,5,2,0.6000
4,44.0000,17,9,489.7165,-85.2265,0.2118,35,0.8750,0.2000,5,5,1,0,0,5,1,0.8000
4,44.0000,17,12,704.5702,-87.7462,0.7800,16,0.4000,0.8750,8,7,6,0,0,7,6,0.1429
4,44.0000,17,13,311.2196,-80.3249,-0.7031,40,1.0000,0.0000,4,6,3,0,0,6,3,0.5000
4,44.0000,17,15,1029.8656,-89.1524,0.1787,3,0.0750,1.0000,6,8,8,0,0,8,8,0.0000
4,44.0000,17,19,568.3311,-85.9466,-0.7556,34,0.8500,0.4000,5,5,1,0,0,5,1,0.8000
4,44.0000,17,21,188.1281,-77.6928,0.3748,40,1.0000,0.2000,5,4,0,0,0,4,0,1.0000
4,44.0000,17,22,539.3299,-87.0672,0.0293,28,0.7000,0.6667,6,5,1,0,0,5,1,0.8000
4,44.0000,18,0,1168.7987,-89.6626,-0.0380,3,0.0769,,0,4,4,0,0,4,4,0.0000
4,44.0000,18,3,250.7232,-79.2276,-0.3548,37,0.9487,0.0000,4,4,0,0,0,4,0,1.0000
4,44.0000,18,6,908.3795,-88.7163,-0.3010,6,0.1538,1.0000,8,8,8,0,0,8,8,0.0000
4,44.0000,18,9,846.5548,-88.3750,-0.3934,8,0.2051,1.0000,4,7,5,0,0,7,5,0.2857
4,44.0000,18,12,783.6770,-87.8324,0.3191,10,0.2564,0.8571,7,7,6,0,0,7,6,0.1429
4,44.0000,18,17,1024.7567,-89.1212,-0.5927,3,0.0769,,0,8,8,0,0,8,8,0.0000
4,44.0000,18,19,525.3945,-85.9951,1.0210,26,0.6667,0.4000,5,7,4,0,0,7,4,0.4286
4,44.0000,18,21,903.9875,-88.7545,0.8039,6,0.1538,1.0000,8,8,8,0,0,8,8,0.0000
4,44.0000,18,22,520.3404,-86.3495,0.9337,27,0.6923,0.5000,6,8,7,0,0,8,7,0.1250
4,44.0000,19,0,687.4870,-87.4453,-0.5876,20,0.5000,0.5000,6,5,4,0,0,5,4,0.2000
4,44.0000,19,2,818.8021,-88.4847,0.3406,16,0.4000,0.8333,6,8,7,0,0,8,7,0.1250
4,44.0000,19,3,652.7227,-87.2195,0.0665,19,0.4750,0.5714,7,8,6,0,0,8,6,0.2500
4,44.0000,19,6,448.0940,-83.8167,0.2571,36,0.9000,0.0000,4,5,2,0,0,5,2,0.6000
4,44.0000,19,9,500.0779,-84.7595,-0.5626,33,0.8250,0.2000,5,6,2,0,0,6,2,0.6667
4,44.0000,19,12,676.6538,-87.5918,0.0270,22,0.5500,0.7143,7,6,3,0,0,6,3,0.5000
4,44.0000,19,13,668.9072,-86.1625,-0.9124,31,0.7750,0.4000,5,5,1,0,0,5,1,0.8000
4,44.0000,19,17,568.3311,-86.4078,-0.2821,27,0.6750,0.2000,5,6,2,0,0,6,2,0.6667
4,44.0000,19,18,525.3945,-86.2407,-0.0366,25,0.6250,0.7143,7,4,0,0,0,4,0,1.0000
4,44.0000,19,21,454.9387,-83.4334,-0.8127,35,0.8750,0.0000,4,5,1,0,0,5,1,0.8000
4,44.0000,19,22,203.3602,-77.9260,0.0805,39,0.9750,0.0000,4,4,0,0,0,4,0,1.0000
4,44.0000,20,4,274.9069,-78.8392,-0.7608,40,1.0000,0.3333,6,6,3,0,0,6,3,0.5000
4,44.0000,20,5,570.5904,-87.1169,0.3594,32,0.8000,0.8571,7,6,3,0,0,6,3,0.5000
4,44.0000,20,7,702.0093,-87.2370,0.2092,21,0.5250,1.0000,8,7,5,0,0,7,5,0.2857
4,44.0000,20,8,713.3523,-88.1357,0.3827,17,0.4250,0.6667,6,8,7,0,0,8,7,0.1250
4,44.0000,20,10,634.5612,-87.2244,0.5942,28,0.7000,1.0000,8,6,4,0,0,6,4,0.3333
4,44.0000,20,11,1020.4971,-88.7644,0.1084,7,0.1750,0.8750,8,8,8,0,0,8,8,0.0000
4,44.0000,20,14,762.9618,-87.5591,0.3421,20,0.5000,0.8750,8,7,6,0,0,7,6,0.1429
4,44.0000,20,16,688.2262,-86.5151,-0.0455,29,0.7250,0.7500,8,5,2,0,0,5,2,0.6000
4,44.0000,20,23,815.2001,-88.1542,-0.1107,16,0.4000,1.0000,8,8,8,0,0,8,8,0.0000
4,44.0000,20,24,849.3115,-88.0620,-0.5121,14,0.3500,1.0000,8,8,8,0,0,8,8,0.0000
4,44.0000,20,25,521.4973,-86.2416,-0.4513,33,0.8250,0.8025,81,6,3,75,60,81,63,0.2222
4,44.0000,21,0,381.6705,-82.6647,-0.0579,39,0.9750,0.0000,4,3,0,0,0,3,0,1.0000
4,44.0000,21,1,1002.2544,-89.6801,-0.1789,6,0.1500,1.0000,4,8,7,0,0,8,7,0.1250
4,44.0000,21,2,379.6075,-83.4564,-0.0294,38,0.9500,0.0000,4,5,1,0,0,5,1,0.8000
4,44.0000,21,3,940.8041,-88.7660,-0.3931,5,0.1250,1.0000,8,7,5,0,0,7,5,0.2857
4,44.0000,21,6,372.0661,-81.1415,-1.3313,40,1.0000,0.0000,4,6,2,0,0,6,2,0.6667
4,44.0000,21,9,307.1247,-80.4465,-0.5611,40,1.0000,0.0000,4,4,0,0,0,4,0,1.0000
4,44.0000,21,12,565.4501,-86.2661,0.4029,27,0.6750,0.0000,4,5,1,0,0,5,1,0.8000
4,44.0000,21,13,272.8143,-76.9561,-1.7232,40,1.0000,0.2182,55,5,0,67,32,72,32,0.5556
4,44.0000,21,17,188.1281,-78.0715,0.1333,39,0.9750,0.2000,5,4,0,0,0,4,0,1.0000
4,44.0000,21,18,903.9875,-88.3631,1.0040,8,0.2000,1.0000,8,8,8,0,0,8,8,0.0000
4,44.0000,21,19,454.9387,-82.9384,-0.4608,37,0.9250,0.0000,4,6,4,0,0,6,4,0.3333
4,44.0000,21,22,391.3214,-84.4110,-0.2246,38,0.9500,0.0000,4,4,0,0,0,4,0,1.0000
4,44.0000,22,0,665.2886,-87.0058,-0.0645,16,0.4000,0.7143,7,5,2,0,0,5,2,0.6000
4,44.0000,22,2,707.8239,-87.4801,-0.4226,23,0.5750,0.5000,6,8,8,0,0,8,8,0.0000
4,44.0000,22,3,589.9782,-85.8904,-0.3757,30,0.7500,0.4000,5,6,2,0,0,6,2,0.6667
4,44.0000,22,6,451.5770,-84.9121,-0.2388,36,0.9000,0.2000,5,5,2,0,0,5,2,0.6000
4,44.0000,22,9,363.1142,-84.2082,0.0297,36,0.9000,0.0000,4,5,1,0,0,5,1,0.8000
4,44.0000,22,12,473.7398,-85.5866,-0.0540,31,0.7750,0.6667,6,4,0,0,0,4,0,1.0000
4,44.0000,22,13,624.4277,-86.9940,-0.5545,31,0.7750,0.4000,5,7,6,0,0,7,6,0.1429
4,44.0000,22,15,856.7558,-88.5443,0.2651,8,0.2000,1.0000,8,8,8,0,0,8,8,0.0000
4,44.0000,22,17,539.3299,-86.4526,0.4076,23,0.5750,0.7143,7,5,1,0,0,5,1,0.8000
4,44.0000,22,18,520.3404,-85.8364,-0.2599,32,0.8000,0.2000,5,4,0,0,0,4,0,1.0000
4,44.0000,22,19,203.3602,-78.1605,0.5026,36,0.9000,0.0000,4,5,1,0,0,5,1,0.8000
4,44.0000,22,21,391.3214,-84.3369,0.7957,35,0.8750,0.0000,4,4,0,0,0,4,0,1.0000
4,44.0000,23,1,458.1298,-85.3711,0.2843,29,0.7073,0.2000,5,6,3,0,0,6,3,0.5000
4,44.0000,23,4,620.0744,-86.8696,-0.1857,23,0.5610,0.2000,5,5,1,0,0,5,1,0.8000
4,44.0000,23,7,627.6687,-86.5812,-0.5332,25,0.6098,0.5000,6,6,4,0,0,6,4,0.3333
4,44.0000,23,10,778.9562,-87.9529,-0.2890,14,0.3415,0.7143,7,8,8,0,0,8,8,0.0000
4,44.0000,23,11,901.7426,-88.9446,-0.8413,3,0.0732,1.0000,8,8,8,0,0,8,8,0.0000
4,44.0000,23,14,730.1017,-88.5545,0.2494,18,0.4390,0.8750,8,6,3,0,0,6,3,0.5000
4,44.0000,23,15,921.8897,-88.0410,-0.2892,4,0.0976,1.0000,8,8,8,0,0,8,8,0.0000
4,44.0000,23,16,485.8524,-85.3944,0.1112,32,0.7805,0.5000,6,5,2,0,0,5,2,0.6000
4,44.0000,23,20,815.2001,-87.4045,-0.4449,13,0.3171,1.0000,8,8,8,0,0,8,8,0.0000
4,44.0000,24,4,849.8146,-88.1925,0.7229,14,0.3500,0.8571,7,8,8,0,0,8,8,0.0000
4,44.0000,24,5,425.2580,-83.6750,-0.2002,36,0.9000,0.4000,5,6,3,0,0,6,3,0.5000
4,44.0000,24,8,137.5648,-69.8277,-0.9869,37,0.9250,0.0000,5,4,0,0,0,4,0,1.0000
4,44.0000,24,10,748.0288,-87.8476,-0.0322,16,0.4000,0.6667,6,7,5,0,0,7,5,0.2857
4,44.0000,24,14,965.8711,-88.2009,-1.2124,6,0.1500,1.0000,8,8,8,0,0,8,8,0.0000
4,44.0000,24,16,1033.8746,-88.8074,-0.9852,3,0.0750,0.8571,7,6,6,0,0,6,6,0.0000
4,44.0000,24,20,849.3115,-88.5232,0.2086,10,0.2500,0.8750,8,7,6,0,0,7,6,0.1429
4,44.0000,24,25,494.9531,-85.9357,0.5396,34,0.8500,0.6667,6,6,3,0,0,6,3,0.5000
4,44.0000,25,4,674.9226,-87.0172,-0.4149,23,0.5750,0.8571,7,7,6,0,0,7,6,0.1429
4,44.0000,25,5,478.0637,-85.7448,1.1614,27,0.6750,0.5000,6,4,0,0,0,4,0,1.0000
4,44.0000,25,8,376.7454,-84.0549,0.5547,37,0.9250,0.0000,4,4,0,0,0,4,0,1.0000
4,44.0000,25,10,826.5376,-89.1084,0.1155,7,0.1750,1.0000,8,8,5,0,0,8,5,0.3750
4,44.0000,25,14,1029.6688,-89.7374,-0.0813,3,0.0750,1.0000,8,7,6,0,0,7,6,0.1429
4,44.0000,25,20,521.4973,-85.7001,-0.3713,28,0.7000,0.5000,6,4,0,0,0,4,0,1.0000
4,44.0000,25,24,494.9531,-85.7336,0.0160,33,0.8250,0.6250,8,4,0,0,0,4,0,1.0000
4,48.0000,0,2,366.4592,-82.8544,0.5496,37,0.9250,0.6667,6,4,0,0,0,4,0,1.0000
4,48.0000,0,6,307.1690,-81.8630,-0.5907,38,0.9500,0.0000,4,6,2,0,0,6,2,0.6667
4,48.0000,0,9,421.5574,-83.6032,-0.3993,36,0.9000,0.3333,6,4,0,0,0,4,0,1.0000
4,48.0000,0,12,649.9411,-87.6446,-0.2706,21,0.5250,0.8750,8,5,2,0,0,5,2,0.6000
4,48.0000,0,13,98.5042,-72.9137,1.5032,40,1.0000,0.0000,4,4,0,0,0,4,0,1.0000
4,48.0000,0,17,463.0456,-84.1896,-0.2678,34,0.8500,0.5714,7,6,3,0,0,6,3,0.5000
4,48.0000,0,19,681.5282,-87.3003,-0.2533,19,0.4750,0.6667,6,6,3,0,0,6,3,0.5000
4,48.0000,0,21,374.0930,-84.0590,0.2333,37,0.9250,0.0000,4,4,0,0,0,4,0,1.0000
4,48.0000,0,22,538.6723,-86.8895,-0.0224,28,0.7000,0.5000,6,5,2,0,0,5,2,0.6000
4,48.0000,1,4,687.1497,-87.7506,0.4694,14,0.3500,0.8750,8,7,5,0,0,7,5,0.2857
4,48.0000,1,7,489.7651,-85.3467,-0.5464,24,0.6000,0.2000,5,6,3,0,0,6,3,0.5000
4,48.0000,1,10,767.4557,-88.0741,0.8000,10,0.2500,0.6250,8,8,7,0,0,8,7,0.1250
4,48.0000,1,11,530.6236,-85.9814,0.5121,22,0.5500,0.2000,5,5,1,0,0,5,1,0.8000
4,48.0000,1,12,906.7573,-88.4121,-0.0473,6,0.1500,0.8750,8,8,7,12,12,20,19,0.0500
4,48.0000,1,14,465.2983,-85.9493,0.1085,23,0.5750,0.4000,5,5,1,0,0,5,1,0.8000
4,48.0000,1,15,559.5415,-86.0023,-0.3910,25,0.6250,0.0000,4,5,2,0,0,5,2,0.6000
4,48.0000,1,16,360.7717,-83.3094,1.0239,24,0.6000,0.4000,5,6,3,0,0,6,3,0.5000
4,48.0000,1,21,976.7642,-88.9937,0.2983,4,0.1000,1.0000,6,4,4,0,0,4,4,0.0000
4,48.0000,1,23,384.6315,-84.0855,-0.0833,33,0.8250,0.2000,5,4,0,0,0,4,0,1.0000
4,48.0000,2,0,366.4592,-83.0194,0.4317,36,0.9000,0.0000,4,5,0,0,0,5,0,1.0000
4,48.0000,2,6,655.9939,-87.0182,-0.6429,27,0.6750,0.6667,6,7,5,0,0,7,5,0.2857
4,48.0000,2,9,493.0420,-84.8446,-0.3182,32,0.8000,0.4000,5,5,1,0,0,5,1,0.8000
4,48.0000,2,12,589.2732,-87.5891,-0.0131,24,0.6000,0.8571,7,6,3,0,0,6,3,0.5000
4,48.0000,2,13,304.0798,-81.1631,-0.4356,39,0.9750,0.0000,4,4,0,0,0,4,0,1.0000
4,48.0000,2,17,400.3683,-83.1329,0.2328,35,0.8750,0.5000,6,4,0,0,0,4,0,1.0000
4,48.0000,2,19,899.0883,-88.5329,-0.0969,8,0.2000,1.0000,8,8,8,0,0,8,8,0.0000
4,48.0000,2,21,357.3105,-83.6230,0.0532,33,0.8250,0.0000,4,4,0,0,0,4,0,1.0000
4,48.0000,2,22,713.8487,-87.0859,-0.0953,19,0.4750,0.4000,5,7,5,0,0,7,5,0.2857
4,48.0000,2,23,1055.0783,-89.6676,0.0886,3,0.0750,,0,5,4,0,0,5,4,0.2000
4,48.0000,3,9,822.6126,-88.8432,0.2768,6,0.1538,0.8750,8,8,8,0,0,8,8,0.0000
4,48.0000,3,12,722.6196,-88.0094,-0.1581,17,0.4359,0.6667,6,8,8,0,0,8,8,0.0000
4,48.0000,3,15,482.8515,-85.5927,0.7568,31,0.7949,0.5714,7,4,1,0,0,4,1,0.7500
4,48.0000,3,17,995.8685,-88.7589,-0.5993,7,0.1795,,0,8,8,0,0,8,8,0.0000
4,48.0000,3,18,266.8026,-78.9052,0.0535,37,0.9487,0.0000,5,4,0,0,0,4,0,1.0000
4,48.0000,3,19,694.1494,-87.6562,0.1874,20,0.5128,0.8889,9,7,6,0,0,7,6,0.1429
4,48.0000,3,21,909.7786,-88.8428,0.3975,9,0.2308,1.0000,8,7,6,0,0,7,6,0.1429
4,48.0000,3,22,681.9393,-87.0274,-0.2503,21,0.5385,0.5000,6,5,2,0,0,5,2,0.6000
4,48.0000,4,1,687.1497,-88.4902,-0.3214,15,0.3750,0.5000,6,6,4,0,0,6,4,0.3333
4,48.0000,4,5,581.0218,-86.4941,0.1675,29,0.7250,0.0000,4,7,4,0,0,7,4,0.4286
4,48.0000,4,7,492.6322,-85.3294,0.3778,36,0.9000,0.4000,5,5,2,0,0,5,2,0.6000
4,48.0000,4,8,685.1752,-87.5092,-0.4224,23,0.5750,0.6667,9,7,5,0,0,7,5,0.2857
4,48.0000,4,10,329.6025,-82.7686,0.5370,38,0.9500,0.4000,5,5,2,0,0,5,2,0.6000
4,48.0000,4,11,780.9363,-88.9386,-0.0453,18,0.4500,0.5000,4,6,4,0,0,6,4,0.3333
4,48.0000,4,14,392.2431,-84.1052,0.6975,33,0.8250,0.0000,4,4,0,0,0,4,0,1.0000
4,48.0000,4,16,409.8733,-83.7309,-0.2717,38,0.9500,0.0000,4,4,0,0,0,4,0,1.0000
4,48.0000,4,20,406.3203,-82.5850,-1.4633,40,1.0000,0.0000,4,6,2,0,0,6,2,0.6667
4,48.0000,4,23,618.7432,-87.3900,0.6164,24,0.6000,0.5000,6,7,6,0,0,7,6,0.1429
4,48.0000,4,24,959.8077,-88.1406,-0.4730,11,0.2750,0.8750,8,8,8,0,0,8,8,0.0000
4,48.0000,4,25,692.2450,-87.5581,0.3514,27,0.6750,0.7143,7,8,6,0,0,8,6,0.2500
4,48.0000,5,4,581.0218,-86.3282,0.4976,30,0.7500,0.0000,4,5,1,0,0,5,1,0.8000
4,48.0000,5,7,828.7841,-88.3137,0.0774,14,0.3500,0.8571,7,8,6,0,0,8,6,0.2500
4,48.0000,5,8,267.4456,-81.3945,0.9348,39,0.9750,0.0000,4,4,0,0,0,4,0,1.0000
4,48.0000,5,10,476.2103,-85.3197,0.3872,30,0.7500,0.4000,5,5,1,0,0,5,1,0.8000
4,48.0000,5,11,1046.3528,-88.9479,-1.7805,4,0.1000,1.0000,8,6,6,0,0,6,6,0.0000
4,48.0000,5,14,750.3941,-87.4004,-0.0969,15,0.3750,1.0000,8,8,8,0,0,8,8,0.0000
4,48.0000,5,16,871.0902,-88.4151,-0.1542,11,0.2750,0.8750,8,7,6,0,0,7,6,0.1429
4,48.0000,5,20,545.0286,-86.8500,0.1700,32,0.8000,0.5000,6,4,0,0,0,4,0,1.0000
4,48.0000,5,24,459.5982,-84.6708,-0.4960,37,0.9250,0.0000,4,5,1,0,0,5,1,0.8000
4,48.0000,5,25,278.9837,-82.2751,1.4391,33,0.8250,0.4000,5,4,0,0,0,4,0,1.0000
4,48.0000,6,0,307.1690,-80.6484,-0.3760,39,0.9750,0.0000,4,5,1,0,0,5,1,0.8000
4,48.0000,6,2,655.9939,-86.9167,-0.1474,29,0.7250,0.4000,5,6,2,0,0,6,2,0.6667
4,48.0000,6,3,1111.5812,-89.0240,0.1910,5,0.1250,1.0000,6,8,8,0,0,8,8,0.0000
4,48.0000,6,9,460.5584,-83.3182,-1.6120,38,0.9500,0.2000,5,5,1,0,0,5,1,0.8000
4,48.0000,6,12,717.9910,-87.9055,-0.1554,17,0.4250,0.8571,7,8,7,0,0,8,7,0.1250
4,48.0000,6,13,385.7313,-84.1023,0.3230,38,0.9500,0.0000,4,5,2,0,0,5,2,0.6000
4,48.0000,6,17,648.1112,-86.0902,0.0762,29,0.7250,0.7857,84,7,6,80,77,87,83,0.0460
4,48.0000,6,18,938.1189,-88.4049,-0.2099,4,0.1000,1.0000,8,8,8,0,0,8,8,0.0000
4,48.0000,6,19,507.1736,-85.6760,-0.5396,39,0.9750,0.2000,5,5,2,0,0,5,2,0.6000
4,48.0000,6,21,536.6135,-84.9587,-0.8242,38,0.9500,0.0000,4,6,3,0,0,6,3,0.5000
4,48.0000,6,22,433.0746,-83.7486,0.0463,38,0.9500,0.0000,4,5,2,0,0,5,2,0.6000
4,48.0000,7,1,489.7651,-85.5747,0.4074,33,0.8250,0.4000,5,6,2,0,0,6,2,0.6667
4,48.0000,7,4,492.6322,-85.7780,0.0994,33,0.8250,0.5000,6,6,4,0,0,6,4,0.3333
4,48.0000,7,5,828.7841,-87.7301,0.7010,13,0.3250,0.8750,8,7,5,0,0,7,5,0.2857
4,48.0000,7,8,1024.6696,-89.2628,-0.3697,4,0.1000,1.0000,6,6,6,0,0,6,6,0.0000
4,48.0000,7,10,533.6228,-85.4541,-0.5016,37,0.9250,0.0000,4,6,2,0,0,6,2,0.6667
4,48.0000,7,11,328.3248,-82.7770,0.3765,39,0.9750,0.0000,4,6,2,0,0,6,2,0.6667
4,48.0000,7,14,266.9470,-81.0321,0.5929,39,0.9750,0.4000,5,4,0,0,0,4,0,1.0000
4,48.0000,7,15,878.3225,-88.5417,-0.5552,10,0.2500,0.8571,7,8,8,0,0,8,8,0.0000
4,48.0000,7,16,411.3514,-83.9300,-0.1135,35,0.8750,0.0000,5,3,0,0,0,3,0,1.0000
4,48.0000,7,20,812.3736,-88.1190,-0.2273,20,0.5000,0.8571,7,8,8,0,0,8,8,0.0000
4,48.0000,7,23,683.8525,-86.9243,-0.8215,19,0.4750,0.8750,8,8,8,0,0,8,8,0.0000
4,48.0000,8,4,685.1752,-87.4496,-0.0038,18,0.4615,0.5714,7,8,6,0,0,8,6,0.2500
4,48.0000,8,5,267.4456,-81.3198,0.6247,36,0.9231,0.4000,5,5,0,0,0,5,0,1.0000
4,48.0000,8,7,1024.6696,-88.9862,-0.0629,3,0.0769,1.0000,2,8,8,0,0,8,8,0.0000
4,48.0000,8,10,568.4463,-86.9447,-0.1057,23,0.5897,0.5000,6,5,1,0,0,5,1,0.8000
4,48.0000,8,14,891.9979,-88.2472,0.2308,6,0.1538,1.0000,8,8,8,0,0,8,8,0.0000
4,48.0000,8,16,968.2326,-89.2638,0.2908,4,0.1026,1.0000,6,6,6,0,0,6,6,0.0000
4,48.0000,8,20,616.5089,-86.9686,0.5008,15,0.3846,0.8750,8,5,1,0,0,5,1,0.8000
4,48.0000,8,24,313.6159,-78.3688,-2.0545,38,0.9744,0.0000,4,4,0,0,0,4,0,1.0000
4,48.0000,8,25,255.3086,-80.7237,0.5798,39,1.0000,0.2000,5,5,1,0,0,5,1,0.8000
4,48.0000,9,0,421.5574,-84.6219,0.1467,38,0.9500,0.0000,4,5,1,0,0,5,1,0.8000
4,48.0000,9,2,493.0420,-85.3978,-0.8547,33,0.8250,0.2000,5,5,1,0,0,5,1,0.8000
4,48.0000,9,3,822.6126,-88.6320,0.3763,11,0.2750,1.0000,8,8,8,0,0,8,8,0.0000
4,48.0000,9,6,460.5584,-83.2738,-0.8905,39,0.9750,0.0000,4,4,0,0,0,4,0,1.0000
4,48.0000,9,12,258.1611,-82.5663,1.1002,40,1.0000,0.2000,5,5,1,0,0,5,1,0.8000
4,48.0000,9,13,444.1490,-84.0947,-0.5459,38,0.9500,0.2000,5,4,0,0,0,4,0,1.0000
4,48.0000,9,15,860.4183,-89.1410,-0.0951,5,0.1250,1.0000,8,7,6,0,0,7,6,0.1429
4,48.0000,9,17,530.4324,-85.5561,-0.0189,34,0.8500,0.3333,6,5,1,0,0,5,1,0.8000
4,48.0000,9,18,742.1195,-88.1413,1.1897,16,0.4000,0.8571,7,6,3,0,0,6,3,0.5000
4,48.0000,9,19,536.7600,-86.0686,-0.3025,37,0.9250,0.0000,4,6,3,0,0,6,3,0.5000
4,48.0000,9,21,359.4296,-82.4078,-0.9160,38,0.9500,0.0000,4,5,1,0,0,5,1,0.8000
4,48.0000,9,22,325.4672,-82.8582,0.4637,40,1.0000,0.0000,4,5,2,0,0,5,2,0.6000
4,48.0000,10,1,767.4557,-88.0483,0.1357,12,0.3000,0.9762,84,7,6,42,41,49,47,0.0408
4,48.0000,10,4,329.6025,-83.1518,0.9636,38,0.9500,0.0000,4,5,1,0,0,5,1,0.8000
4,48.0000,10,5,476.2103,-84.7895,0.4234,34,0.8500,0.0000,4,3,0,0,0,3,0,1.0000
4,48.0000,10,7,533.6228,-85.4623,0.1117,30,0.7500,0.0000,4,7,4,0,0,7,4,0.4286
4,48.0000,10,8,568.4463,-87.3543,0.2057,25,0.6250,0.6757,74,5,1,72,52,77,53,0.3117
4,48.0000,10,11,716.2838,-87.4195,-0.0732,24,0.6000,0.6667,6,8,8,0,0,8,8,0.0000
4,48.0000,10,14,335.3242,-80.6138,-0.6815,39,0.9750,0.5000,8,6,3,0,0,6,3,0.5000
4,48.0000,10,15,1163.3265,-88.8650,-0.5999,4,0.1000,1.0000,8,4,4,0,0,4,4,0.0000
4,48.0000,10,16,420.7166,-83.7105,-0.1893,35,0.8750,0.0000,4,7,4,0,0,7,4,0.4286
4,48.0000,10,20,630.2810,-87.1617,0.3252,24,0.6000,0.5714,7,6,3,0,0,6,3,0.5000
4,48.0000,10,23,823.3557,-88.4855,-0.1201,10,0.2500,0.8571,7,8,8,0,0,8,8,0.0000
4,48.0000,10,24,765.5383,-87.9687,0.1433,14,0.3500,0.7143,7,7,5,0,0,7,5,0.2857
4,48.0000,10,25,679.3719,-87.8218,0.1560,23,0.5750,0.6250,8,7,6,0,0,7,6,0.1429
4,48.0000,11,1,530.6236,-86.1707,0.3927,27,0.6750,0.7429,35,7,6,80,79,87,85,0.0230
4,48.0000,11,4,780.9363,-87.8098,0.0443,15,0.3750,1.0000,8,7,5,0,0,7,5,0.2857
4,48.0000,11,5,1046.3528,-88.7105,0.0881,9,0.2250,1.0000,6,4,4,0,0,4,4,0.0000
4,48.0000,11,7,328.3248,-82.6865,0.5555,36,0.9000,0.3333,6,5,1,0,0,5,1,0.8000
4,48.0000,11,10,716.2838,-87.0815,-0.4229,29,0.7250,0.8750,8,8,8,0,0,8,8,0.0000
4,48.0000,11,14,426.2903,-83.8872,0.4042,35,0.8750,0.0000,4,4,0,0,0,4,0,1.0000
4,48.0000,11,15,673.5487,-87.9988,0.2849,24,0.6000,0.9245,53,8,7,0,0,8,7,0.1250
4,48.0000,11,16,550.9803,-86.5377,0.0990,29,0.7250,0.7273,11,8,6,0,0,8,6,0.2500
4,48.0000,11,23,859.9953,-88.2659,0.6051,8,0.2000,1.0000,8,8,8,0,0,8,8,0.0000
4,48.0000,12,0,649.9411,-87.8307,0.4990,15,0.3750,0.7500,8,5,3,0,0,5,3,0.4000
4,48.0000,12,1,906.7573,-88.5215,-0.1893,10,0.2500,0.8571,7,8,8,0,0,8,8,0.0000
4,48.0000,12,2,589.2732,-87.4173,0.2181,24,0.6000,0.5714,7,4,0,0,0,4,0,1.0000
4,48.0000,12,3,722.6196,-87.9336,-0.1977,17,0.4250,0.8750,8,8,7,2,2,10,9,0.1000
4,48.0000,12,6,717.9910,-87.9269,-0.1242,22,0.5500,0.5000,6,8,7,0,0,8,7,0.1250
4,48.0000,12,9,258.1611,-82.3064,1.2327,36,0.9000,0.0000,4,4,0,0,0,4,0,1.0000
4,48.0000,12,11,1061.6476,-88.6646,-0.2114,3,0.0750,1.0000,2,2,2,0,0,2,2,0.0000
4,48.0000,12,13,652.0782,-87.3807,0.2386,17,0.4250,0.6667,6,6,3,0,0,6,3,0.5000
4,48.0000,12,15,694.8825,-88.3091,0.0934,19,0.4750,0.8571,7,6,3,0,0,6,3,0.5000
4,48.0000,12,17,635.7391,-87.1674,0.2265,22,0.5500,0.4000,5,7,6,0,0,7,6,0.1429
4,48.0000,12,18,722.3090,-87.5198,-0.1513,14,0.3500,0.5000,6,6,4,0,0,6,4,0.3333
4,48.0000,12,19,688.4064,-87.7580,0.1791,21,0.5250,0.4286,7,5,2,0,0,5,2,0.6000
4,48.0000,12,21,485.5651,-85.8116,0.0177,32,0.8000,0.2000,5,6,3,0,0,6,3,0.5000
4,48.0000,12,22,485.5001,-85.1844,-0.1069,34,0.8500,0.7143,7,7,4,0,0,7,4,0.4286
4,48.0000,13,0,98.5042,-73.3658,1.2291,39,0.9750,0.0000,4,4,0,0,0,4,0,1.0000
4,48.0000,13,2,304.0798,-80.5552,0.2065,38,0.9500,0.2000,5,4,0,0,0,4,0,1.0000
4,48.0000,13,6,385.7313,-83.6025,0.0016,39,0.9750,0.2000,5,5,1,0,0,5,1,0.8000
4,48.0000,13,9,444.1490,-84.1796,-0.2981,34,0.8500,0.4000,5,6,2,0,0,6,2,0.6667
4,48.0000,13,12,652.0782,-87.4023,-0.1736,21,0.5250,0.7143,7,5,2,0,0,5,2,0.6000
4,48.0000,13,17,380.3196,-83.4476,-0.1583,38,0.9500,0.2000,5,5,1,0,0,5,1,0.8000
4,48.0000,13,19,704.0640,-87.7962,-0.3058,24,0.6000,0.5714,7,8,8,0,0,8,8,0.0000
4,48.0000,13,21,315.2652,-81.6611,-0.4823,38,0.9500,0.0000,4,5,2,0,0,5,2,0.6000
4,48.0000,13,22,558.4879,-87.0534,-0.1045,25,0.6250,0.6667,6,4,0,0,0,4,0,1.0000
4,48.0000,14,1,465.2983,-85.8742,0.6135,33,0.8250,0.4000,5,5,1,0,0,5,1,0.8000
4,48.0000,14,4,392.2431,-85.2023,0.4857,32,0.8000,0.0000,4,4,0,0,0,4,0,1.0000
4,48.0000,14,5,750.3941,-87.7459,-0.1366,20,0.5000,0.6667,6,8,8,0,0,8,8,0.0000
4,48.0000,14,7,266.9470,-81.0119,0.3359,40,1.0000,0.4000,5,4,0,0,0,4,0,1.0000
4,48.0000,14,8,891.9979,-89.4820,-0.0962,5,0.1250,0.8571,7,8,8,0,0,8,8,0.0000
4,48.0000,14,10,335.3242,-80.4463,-0.5962,39,0.9750,0.0000,4,4,0,0,0,4,0,1.0000
4,48.0000,14,11,426.2903,-83.3505,-0.8968,38,0.9500,0.2000,5,5,1,0,0,5,1,0.8000
4,48.0000,14,15,861.7378,-87.9784,0.2260,11,0.2750,0.8571,7,8,8,0,0,8,8,0.0000
4,48.0000,14,16,205.6055,-79.2067,1.2155,39,0.9750,0.0000,4,4,0,0,0,4,0,1.0000
4,48.0000,14,20,780.7019,-88.5620,0.1602,14,0.3500,0.8750,8,8,7,0,0,8,7,0.1250
4,48.0000,14,23,633.0229,-87.5394,0.2732,18,0.4500,0.5714,7,5,1,0,0,5,1,0.8000
4,48.0000,14,25,960.4227,-88.7670,0.2245,7,0.1750,1.0000,8,8,8,0,0,8,8,0.0000
4,48.0000,15,1,559.5415,-85.8271,-0.3563,28,0.7000,0.6000,5,7,3,0,0,7,3,0.5714
4,48.0000,15,3,482.8515,-86.5748,0.4896,31,0.7750,0.8182,11,4,0,0,0,4,0,1.0000
4,48.0000,15,7,878.3225,-88.6395,-0.2270,8,0.2000,1.0000,8,8,8,0,0,8,8,0.0000
4,48.0000,15,9,860.4183,-89.0813,-0.2793,4,0.1000,0.8571,7,9,6,0,0,9,6,0.3333
4,48.0000,15,11,673.5487,-87.5935,0.4254,20,0.5000,0.7143,7,7,5,0,0,7,5,0.2857
4,48.0000,15,12,694.8825,-87.2842,0.5325,18,0.4500,0.9412,17,8,5,0,0,8,5,0.3750
4,48.0000,15,14,861.7378,-88.7471,0.2263,7,0.1750,1.0000,8,8,8,0,0,8,8,0.0000
4,48.0000,15,16,807.8027,-88.4062,0.3151,19,0.4750,1.0000,8,7,6,0,0,7,6,0.1429
4,48.0000,15,17,859.9313,-88.6201,-0.1869,7,0.1750,1.0000,6,7,5,0,0,7,5,0.2857
4,48.0000,15,18,696.8647,-87.9097,0.2097,21,0.5250,1.0000,8,7,4,0,0,7,4,0.4286
4,48.0000,15,19,931.4523,-88.1918,-1.0767,8,0.2000,1.0000,8,8,8,0,0,8,8,0.0000
4,48.0000,15,21,825.1756,-88.3860,0.3893,6,0.1500,0.8750,8,8,6,0,0,8,6,0.2500
4,48.0000,15,22,840.0079,-88.7627,0.0476,12,0.3000,0.7143,7,8,8,0,0,8,8,0.0000
4,48.0000,15,23,900.2505,-88.6284,-0.0805,10,0.2500,0.8571,7,8,8,0,0,8,8,0.0000
4,48.0000,16,1,360.7717,-85.0922,0.9658,34,0.8500,0.2000,5,4,0,0,0,4,0,1.0000
4,48.0000,16,4,409.8733,-84.3101,-0.2738,34,0.8500,0.0000,4,5,2,0,0,5,2,0.6000
4,48.0000,16,5,871.0902,-88.4550,-0.5680,16,0.4000,0.8571,7,8,8,0,0,8,8,0.0000
4,48.0000,16,7,411.3514,-84.1164,0.0825,35,0.8750,0.2000,5,5,1,0,0,5,1,0.8000
4,48.0000,16,8,968.2326,-89.2481,0.2998,3,0.0750,1.0000,6,8,8,0,0,8,8,0.0000
4,48.0000,16,10,420.7166,-82.8510,-0.2248,35,0.8750,0.2000,5,5,2,0,0,5,2,0.6000
4,48.0000,16,11,550.9803,-86.1480,0.4085,34,0.8500,0.0000,4,6,3,0,0,6,3,0.5000
4,48.0000,16,14,205.6055,-78.4951,0.9279,37,0.9250,0.0000,4,4,0,0,0,4,0,1.0000
4,48.0000,16,15,807.8027,-88.1320,0.3693,16,0.4000,0.8571,7,7,6,0,0,7,6,0.1429
4,48.0000,16,20,814.9064,-87.8946,-0.3728,19,0.4750,0.7143,7,8,7,0,0,8,7,0.1250
4,48.0000,16,23,474.2313,-85.2720,-0.0414,31,0.7750,0.4000,5,4,2,0,0,4,2,0.5000
4,48.0000,16,24,1182.6128,-89.2596,0.8410,3,0.0750,1.0000,8,4,4,0,0,4,4,0.0000
4,48.0000,16,25,1046.7646,-88.8314,-0.0243,4,0.1000,1.0000,4,8,8,0,0,8,8,0.0000
4,48.0000,17,0,463.0456,-84.7193,-0.2287,32,0.8000,0.2000,5,4,0,0,0,4,0,1.0000
4,48.0000,17,1,960.9641,-88.6154,-0.1206,7,0.1750,1.0000,6,6,6,0,0,6,6,0.0000
4,48.0000,17,2,400.3683,-84.4855,0.2657,36,0.9000,0.6667,6,4,0,0,0,4,0,1.0000
4,48.0000,17,6,648.1112,-86.2498,-0.3536,27,0.6750,0.4000,5,5,2,0,0,5,2,0.6000
4,48.0000,17,9,530.4324,-85.5974,-0.1907,31,0.7750,0.2000,5,6,3,0,0,6,3,0.5000
4,48.0000,17,12,635.7391,-87.1665,-0.4035,17,0.4250,0.8571,7,6,4,0,0,6,4,0.3333
4,48.0000,17,13,380.3196,-82.2505,-0.5538,38,0.9500,0.5000,6,4,0,0,0,4,0,1.0000
4,48.0000,17,15,859.9313,-87.9467,0.8404,3,0.0750,1.0000,8,8,7,0,0,8,7,0.1250
4,48.0000,17,18,962.1895,-88.6861,0.1647,7,0.1750,1.0000,8,8,8,0,0,8,8,0.0000
4,48.0000,17,19,686.7298,-87.3446,-0.5395,24,0.6000,0.2000,5,8,8,0,0,8,8,0.0000
4,48.0000,17,21,171.1024,-76.2603,0.1281,38,0.9500,0.0000,4,4,0,0,0,4,0,1.0000
4,48.0000,17,22,557.2463,-86.1321,-0.2742,30,0.7500,0.2000,5,6,4,0,0,6,4,0.3333
4,48.0000,18,3,266.8026,-79.7166,0.1626,39,0.9512,0.0000,4,4,0,0,0,4,0,1.0000
4,48.0000,18,6,938.1189,-89.2262,0.1258,5,0.1220,1.0000,8,8,8,0,0,8,8,0.0000
4,48.0000,18,9,742.1195,-88.1525,-0.0270,19,0.4634,0.7143,7,7,6,0,0,7,6,0.1429
4,48.0000,18,12,722.3090,-87.1057,0.0044,17,0.4146,0.8571,7,8,6,0,0,8,6,0.2500
4,48.0000,18,15,696.8647,-88.5452,0.2481,15,0.3659,1.0000,8,7,3,0,0,7,3,0.5714
4,48.0000,18,17,962.1895,-89.2523,0.8041,7,0.1707,1.0000,8,8,8,0,0,8,8,0.0000
4,48.0000,18,19,487.3046,-84.8802,-0.2107,33,0.8049,0.5714,7,4,0,0,0,4,0,1.0000
4,48.0000,18,21,860.4414,-88.3328,0.1321,9,0.2195,1.0000,8,8,8,0,0,8,8,0.0000
4,48.0000,18,22,529.2785,-86.2436,-0.2948,34,0.8293,0.8750,8,4,0,0,0,4,0,1.0000
4,48.0000,19,0,681.5282,-87.6909,0.4128,24,0.6000,0.8000,5,5,2,0,0,5,2,0.6000
4,48.0000,19,2,899.0883,-87.5742,0.3081,8,0.2000,0.8750,8,8,8,0,0,8,8,0.0000
4,48.0000,19,3,694.1494,-87.8562,0.0238,24,0.6000,0.7500,8,6,4,0,0,6,4,0.3333
4,48.0000,19,6,507.1736,-85.4719,-1.3655,36,0.9000,0.4000,5,6,4,0,0,6,4,0.3333
4,48.0000,19,9,536.7600,-85.8833,0.1878,32,0.8000,0.3333,6,6,2,0,0,6,2,0.6667
4,48.0000,19,12,688.4064,-87.7406,0.0992,24,0.6000,0.5000,6,7,4,0,0,7,4,0.4286
4,48.0000,19,13,704.0640,-87.5783,-0.0671,19,0.4750,0.2000,5,8,7,0,0,8,7,0.1250
4,48.0000,19,15,931.4523,-89.2107,0.3285,8,0.2000,1.0000,8,8,8,0,0,8,8,0.0000
4,48.0000,19,17,686.7298,-87.3649,-0.7062,28,0.7000,0.3333,6,8,8,0,0,8,8,0.0000
4,48.0000,19,18,487.3046,-84.8646,0.1515,34,0.8500,0.0000,4,6,4,0,0,6,4,0.3333
4,48.0000,19,21,588.6007,-86.2022,-0.3446,36,0.9000,0.2000,5,7,5,0,0,7,5,0.2857
4,48.0000,19,22,214.2284,-77.4013,-0.4124,39,0.9750,0.0000,4,4,0,0,0,4,0,1.0000
4,48.0000,20,4,406.3203,-81.8745,-0.8828,38,0.9500,0.5000,6,6,2,0,0,6,2,0.6667
4,48.0000,20,5,545.0286,-86.5381,0.8039,31,0.7750,0.5000,6,5,2,0,0,5,2,0.6000
4,48.0000,20,7,812.3736,-87.3257,-0.0422,23,0.5750,0.7143,7,8,8,0,0,8,8,0.0000
4,48.0000,20,8,616.5089,-88.0284,0.4599,19,0.4750,0.8750,8,6,4,0,0,6,4,0.3333
4,48.0000,20,10,630.2810,-86.5298,0.0288,24,0.6000,0.6667,6,5,1,0,0,5,1,0.8000
4,48.0000,20,14,780.7019,-87.3699,0.0707,18,0.4500,0.8571,7,8,8,0,0,8,8,0.0000
4,48.0000,20,16,814.9064,-88.1855,-0.2393,15,0.3750,0.4000,5,7,6,0,0,7,6,0.1429
4,48.0000,20,23,909.2431,-87.8691,-0.8151,11,0.2750,1.0000,8,8,8,0,0,8,8,0.0000
4,48.0000,20,24,921.6002,-89.0113,-0.4344,9,0.2250,1.0000,8,8,8,0,0,8,8,0.0000
4,48.0000,20,25,486.2768,-85.6383,0.3178,36,0.9000,0.7778,81,4,0,77,67,81,67,0.1728
4,48.0000,21,0,374.0930,-83.0012,0.1372,40,0.9756,0.0000,3,4,0,0,0,4,0,1.0000
4,48.0000,21,2,357.3105,-83.0203,-0.2531,38,0.9268,0.2000,5,4,0,0,0,4,0,1.0000
4,48.0000,21,3,909.7786,-88.8488,-0.1869,6,0.1463,0.7143,7,8,8,0,0,8,8,0.0000
4,48.0000,21,6,536.6135,-85.1859,-0.2775,37,0.9024,0.3333,6,6,3,0,0,6,3,0.5000
4,48.0000,21,9,359.4296,-82.4819,-0.8387,40,0.9756,0.0000,4,4,0,0,0,4,0,1.0000
4,48.0000,21,12,485.5651,-85.6638,-0.1393,33,0.8049,0.2000,5,6,3,0,0,6,3,0.5000
4,48.0000,21,13,315.2652,-81.2500,-0.3496,40,0.9756,0.4444,72,4,0,69,44,73,44,0.3973
4,48.0000,21,15,825.1756,-88.7476,0.2322,7,0.1707,0.8571,7,8,8,0,0,8,8,0.0000
4,48.0000,21,17,171.1024,-75.6069,0.4122,41,1.0000,0.0000,4,4,0,0,0,4,0,1.0000
4,48.0000,21,18,860.4414,-88.7330,0.1985,9,0.2195,1.0000,8,8,8,0,0,8,8,0.0000
4,48.0000,21,19,588.6007,-85.7298,-0.3780,36,0.8780,0.6667,6,7,5,0,0,7,5,0.2857
4,48.0000,21,22,424.8350,-83.6837,0.3012,37,0.9024,0.0000,4,5,1,0,0,5,1,0.8000
4,48.0000,22,0,538.6723,-86.7001,0.3588,30,0.7692,0.4000,5,7,5,0,0,7,5,0.2857
4,48.0000,22,2,713.8487,-87.3539,-0.0625,22,0.5641,1.0000,8,8,8,0,0,8,8,0.0000
4,48.0000,22,3,681.9393,-87.3425,-0.4568,22,0.5641,0.3333,6,7,5,0,0,7,5,0.2857
4,48.0000,22,6,433.0746,-84.4137,0.1583,38,0.9744,0.4000,5,6,2,0,0,6,2,0.6667
4,48.0000,22,9,325.4672,-82.8747,0.5919,37,0.9487,0.2000,5,5,1,0,0,5,1,0.8000
4,48.0000,22,12,485.5001,-85.4893,0.5158,35,0.8974,0.0000,4,7,4,0,0,7,4,0.4286
4,48.0000,22,13,558.4879,-86.6356,0.4899,24,0.6154,0.8571,7,5,1,0,0,5,1,0.8000
4,48.0000,22,15,840.0079,-88.5095,-0.4706,6,0.1538,1.0000,8,8,6,0,0,8,6,0.2500
4,48.0000,22,17,557.2463,-85.7519,0.3218,32,0.8205,0.2000,5,5,2,0,0,5,2,0.6000
4,48.0000,22,18,529.2785,-86.2163,-0.3145,28,0.7179,0.0000,4,5,2,0,0,5,2,0.6000
4,48.0000,22,19,214.2284,-76.8073,-0.2644,38,0.9744,0.2000,5,4,0,0,0,4,0,1.0000
4,48.0000,22,21,424.8350,-83.4774,-0.5925,36,0.9231,0.0000,4,7,2,0,0,7,2,0.7143
4,48.0000,23,1,384.6315,-83.8610,0.9076,39,0.9750,0.5000,6,5,1,0,0,5,1,0.8000
4,48.0000,23,4,618.7432,-87.5421,0.2897,30,0.7500,0.2000,5,7,5,0,0,7,5,0.2857
4,48.0000,23,7,683.8525,-86.7025,-0.1405,21,0.5250,0.6667,6,8,8,0,0,8,8,0.0000
4,48.0000,23,10,823.3557,-88.4512,-0.2796,15,0.3750,1.0000,8,8,8,0,0,8,8,0.0000
4,48.0000,23,11,859.9953,-88.8603,0.0633,7,0.1750,1.0000,8,7,6,0,0,7,6,0.1429
4,48.0000,23,12,1127.0203,-89.2943,-0.1006,4,0.1000,1.0000,4,4,4,0,0,4,4,0.0000
4,48.0000,23,14,633.0229,-86.9915,-0.0392,27,0.6750,0.5000,6,6,3,0,0,6,3,0.5000
4,48.0000,23,15,900.2505,-88.8891,-0.4455,10,0.2500,1.0000,8,8,8,0,0,8,8,0.0000
4,48.0000,23,16,474.2313,-85.2748,0.1165,33,0.8250,0.4000,5,5,1,0,0,5,1,0.8000
4,48.0000,23,17,1012.4258,-89.3918,0.2803,3,0.0750,1.0000,4,8,8,0,0,8,8,0.0000
4,48.0000,23,20,909.2431,-88.6328,-0.3603,12,0.3000,1.0000,8,8,8,0,0,8,8,0.0000
4,48.0000,24,4,959.8077,-88.8806,-0.3881,3,0.0750,1.0000,8,8,8,0,0,8,8,0.0000
4,48.0000,24,5,459.5982,-84.2926,0.1900,36,0.9000,0.5000,6,4,2,0,0,4,2,0.5000
4,48.0000,24,8,313.6159,-77.6871,-2.0401,38,0.9500,0.0000,4,4,0,0,0,4,0,1.0000
4,48.0000,24,10,765.5383,-88.1317,0.1399,12,0.3000,0.7143,7,6,4,0,0,6,4,0.3333
4,48.0000,24,16,1182.6128,-88.1671,-0.6353,3,0.0750,1.0000,6,4,4,0,0,4,4,0.0000
4,48.0000,24,20,921.6002,-88.4778,0.2377,9,0.2250,0.8571,7,8,8,0,0,8,8,0.0000
4,48.0000,24,25,490.9112,-85.4178,0.4464,33,0.8250,0.5000,6,5,1,0,0,5,1,0.8000
4,48.0000,25,4,692.2450,-87.6137,0.2081,21,0.5250,0.8571,7,8,6,0,0,8,6,0.2500
4,48.0000,25,5,278.9837,-82.9015,1.2550,37,0.9250,0.0000,4,4,0,0,0,4,0,1.0000
4,48.0000,25,7,1035.9273,-89.6411,0.0362,3,0.0750,1.0000,6,6,6,0,0,6,6,0.0000
4,48.0000,25,8,255.3086,-80.9466,1.2987,40,1.0000,0.0000,4,4,0,0,0,4,0,1.0000
4,48.0000,25,10,679.3719,-88.3703,-0.0312,22,0.5500,0.6250,8,5,1,0,0,5,1,0.8000
4,48.0000,25,14,960.4227,-89.1895,0.2338,8,0.2000,0.8571,7,8,8,0,0,8,8,0.0000
4,48.0000,25,20,486.2768,-85.2594,0.1079,38,0.9500,0.0000,4,5,1,0,0,5,1,0.8000
4,48.0000,25,24,490.9112,-85.8440,-0.1100,37,0.9250,0.0000,4,4,0,0,0,4,0,1.0000
4,52.0000,0,2,327.8769,-82.3757,-0.0840,37,0.9250,0.0000,4,4,0,0,0,4,0,1.0000
4,52.0000,0,6,390.1745,-82.2666,-0.1659,37,0.9250,0.3333,6,5,1,0,0,5,1,0.8000
4,52.0000,0,9,416.1032,-84.5477,0.4509,35,0.8750,0.0000,4,5,2,0,0,5,2,0.6000
4,52.0000,0,12,484.1745,-86.8915,0.2430,24,0.6000,0.4000,5,5,2,0,0,5,2,0.6000
4,52.0000,0,13,58.1360,-67.8477,1.4954,39,0.9750,0.0000,4,4,0,0,0,4,0,1.0000
4,52.0000,0,17,483.5693,-85.1059,-0.4977,36,0.9000,0.5000,6,5,1,0,0,5,1,0.8000
4,52.0000,0,18,935.5105,-89.4285,0.1576,5,0.1250,1.0000,4,8,7,0,0,8,7,0.1250
4,52.0000,0,19,705.3490,-87.9494,0.2617,13,0.3250,0.5000,6,7,6,0,0,7,6,0.1429
4,52.0000,0,21,382.2203,-83.4609,-0.1314,36,0.9000,0.0000,4,4,0,0,0,4,0,1.0000
4,52.0000,0,22,439.4818,-85.2430,0.5842,31,0.7750,0.4000,5,5,1,0,0,5,1,0.8000
4,52.0000,1,2,1043.0158,-88.4727,0.1103,5,0.1282,1.0000,8,6,6,0,0,6,6,0.0000
4,52.0000,1,3,982.4524,-88.7173,-0.0192,6,0.1538,1.0000,6,6,6,0,0,6,6,0.0000
4,52.0000,1,4,524.7637,-86.1404,0.0741,22,0.5641,0.7143,7,5,1,0,0,5,1,0.8000
4,52.0000,1,7,474.8423,-85.3385,-0.0531,29,0.7436,0.5000,6,4,0,0,0,4,0,1.0000
4,52.0000,1,10,749.7398,-87.6461,-0.0491,13,0.3333,0.8750,8,8,8,0,0,8,8,0.0000
4,52.0000,1,11,489.9079,-85.9574,0.7893,24,0.6154,0.2000,5,7,3,0,0,7,3,0.5714
4,52.0000,1,12,1033.3450,-88.9264,0.0778,5,0.1282,0.9500,20,4,4,2,2,6,6,0.0000
4,52.0000,1,14,306.4554,-84.0126,1.5614,30,0.7692,0.2000,5,4,0,0,0,4,0,1.0000
4,52.0000,1,15,682.6184,-87.0993,0.1619,17,0.4359,0.4000,5,7,5,0,0,7,5,0.2857
4,52.0000,1,16,218.1340,-79.2759,0.9208,32,0.8205,0.5000,6,4,0,0,0,4,0,1.0000
4,52.0000,1,17,930.8420,-88.9835,-0.5070,5,0.1282,1.0000,8,8,8,0,0,8,8,0.0000
4,52.0000,1,18,1207.6740,-89.3894,0.0568,3,0.0769,,0,4,4,0,0,4,4,0.0000
4,52.0000,1,21,951.4627,-89.0792,-0.0127,6,0.1538,1.0000,4,8,8,0,0,8,8,0.0000
4,52.0000,1,23,351.9351,-83.0972,0.4132,32,0.8205,0.0000,4,4,0,0,0,4,0,1.0000
4,52.0000,2,0,327.8769,-81.9870,0.1941,34,0.8718,0.0000,5,3,0,0,0,3,0,1.0000
4,52.0000,2,1,1043.0158,-88.9901,0.3863,4,0.1026,1.0000,8,4,4,0,0,4,4,0.0000
4,52.0000,2,6,716.8903,-86.9845,-0.5425,14,0.3590,0.7143,7,7,5,0,0,7,5,0.2857
4,52.0000,2,9,464.1034,-84.8070,0.2978,35,0.8974,0.2000,5,5,2,0,0,5,2,0.6000
4,52.0000,2,12,455.7067,-85.9489,0.6205,33,0.8462,0.5000,6,4,0,0,0,4,0,1.0000
4,52.0000,2,13,329.6207,-82.3709,-0.8739,35,0.8974,0.0000,4,4,0,0,0,4,0,1.0000
4,52.0000,2,15,889.4401,-88.3829,0.0112,5,0.1282,1.0000,6,8,8,0,0,8,8,0.0000
4,52.0000,2,17,385.8068,-83.6448,0.1380,33,0.8462,0.0000,4,4,0,0,0,4,0,1.0000
4,52.0000,2,19,933.9364,-88.7265,-0.2036,7,0.1795,1.0000,8,8,8,0,0,8,8,0.0000
4,52.0000,2,21,302.0138,-81.9628,0.8333,36,0.9231,0.0000,4,5,1,0,0,5,1,0.8000
4,52.0000,2,22,667.7747,-87.4340,-0.1181,15,0.3846,0.7143,7,8,8,0,0,8,8,0.0000
4,52.0000,3,2,1062.0977,-88.8946,0.2194,4,0.1000,1.0000,2,2,2,0,0,2,2,0.0000
4,52.0000,3,6,1184.4930,-88.8422,-0.6274,3,0.0750,1.0000,2,2,2,0,0,2,2,0.0000
4,52.0000,3,9,727.1549,-88.5937,-0.0080,17,0.4250,1.0000,8,8,6,0,0,8,6,0.2500
4,52.0000,3,12,738.5223,-87.8156,0.1659,20,0.5000,1.0000,8,8,8,0,0,8,8,0.0000
4,52.0000,3,13,1061.3634,-89.1345,-0.5851,4,0.1000,1.0000,2,6,6,0,0,6,6,0.0000
4,52.0000,3,15,319.7085,-83.0739,1.4154,36,0.9000,0.2500,4,6,1,0,0,6,1,0.8333
4,52.0000,3,17,896.7379,-88.2017,-0.4587,9,0.2250,1.0000,8,8,8,0,0,8,8,0.0000
4,52.0000,3,18,294.5251,-80.3508,-0.6418,39,0.9750,0.0000,4,4,0,0,0,4,0,1.0000
4,52.0000,3,19,759.2802,-87.5818,-0.1721,22,0.5500,0.8571,7,8,8,0,0,8,8,0.0000
4,52.0000,3,21,833.7156,-88.6049,0.1193,12,0.3000,0.8571,7,6,4,0,0,6,4,0.3333
4,52.0000,3,22,781.3373,-88.3242,-0.0105,16,0.4000,0.4000,5,8,8,0,0,8,8,0.0000
4,52.0000,4,1,524.7637,-86.3928,0.1568,29,0.7436,0.6667,6,5,2,0,0,5,2,0.6000
4,52.0000,4,5,651.5708,-87.3104,0.1310,26,0.6667,0.5714,7,6,4,0,0,6,4,0.3333
4,52.0000,4,7,462.8175,-84.9631,0.7452,35,0.8974,0.4000,5,6,3,0,0,6,3,0.5000
4,52.0000,4,8,666.7077,-87.7931,0.2135,22,0.5641,0.7143,7,5,3,0,0,5,3,0.4000
4,52.0000,4,10,347.1579,-81.7107,-0.6378,37,0.9487,0.4000,5,5,2,0,0,5,2,0.6000
4,52.0000,4,11,737.7530,-88.2241,-0.1609,13,0.3333,0.6667,6,7,6,0,0,7,6,0.1429
4,52.0000,4,14,286.9533,-82.0108,0.5666,36,0.9231,0.0000,4,4,0,0,0,4,0,1.0000
4,52.0000,4,16,404.1061,-84.2045,0.3350,31,0.7949,0.0000,4,5,1,0,0,5,1,0.8000
4,52.0000,4,20,552.2488,-85.5685,-0.6618,36,0.9231,0.3333,6,6,2,0,0,6,2,0.6667
4,52.0000,4,23,610.3775,-86.9860,0.2356,26,0.6667,0.8571,7,6,4,0,0,6,4,0.3333
4,52.0000,4,24,989.7415,-88.9916,-0.1592,4,0.1026,1.0000,8,8,8,0,0,8,8,0.0000
4,52.0000,4,25,696.2052,-87.4761,-0.3102,19,0.4872,0.7500,8,7,5,0,0,7,5,0.2857
4,52.0000,5,4,651.5708,-86.8476,0.0184,27,0.6750,0.2000,5,7,4,0,0,7,4,0.4286
4,52.0000,5,7,883.7330,-88.3890,-0.0059,8,0.2000,0.7500,8,8,8,0,0,8,8,0.0000
4,52.0000,5,8,235.3819,-79.7264,0.2228,40,1.0000,0.0000,4,4,0,0,0,4,0,1.0000
4,52.0000,5,10,463.5158,-85.3286,0.2421,39,0.9750,0.2000,5,3,0,0,0,3,0,1.0000
4,52.0000,5,14,854.5856,-88.4320,-0.4706,15,0.3750,1.0000,8,8,7,0,0,8,7,0.1250
4,52.0000,5,16,986.4142,-88.5798,0.6710,6,0.1500,0.8571,7,8,8,0,0,8,8,0.0000
4,52.0000,5,20,499.0719,-86.3361,0.3665,31,0.7750,0.0000,4,4,0,0,0,4,0,1.0000
4,52.0000,5,24,482.2242,-84.9365,-0.0340,37,0.9250,0.2000,5,6,3,0,0,6,3,0.5000
4,52.0000,5,25,92.4000,-75.7260,2.6148,40,1.0000,0.0000,4,4,0,0,0,4,0,1.0000
4,52.0000,6,0,390.1745,-82.6930,-0.2669,35,0.8750,0.2000,5,4,0,0,0,4,0,1.0000
4,52.0000,6,2,716.8903,-87.3078,-0.4279,21,0.5250,0.3333,6,8,8,0,0,8,8,0.0000
4,52.0000,6,9,614.8430,-86.1571,-0.7340,30,0.7500,0.2000,5,6,2,0,0,6,2,0.6667
4,52.0000,6,12,718.0950,-88.2710,0.1994,15,0.3750,0.8750,8,8,6,0,0,8,6,0.2500
4,52.0000,6,13,403.8547,-83.8890,-0.1091,35,0.8750,0.4000,5,5,2,0,0,5,2,0.6000
4,52.0000,6,17,797.4573,-87.9977,-0.4243,19,0.4750,0.9540,87,8,8,80,80,88,88,0.0000
4,52.0000,6,18,966.7528,-88.9413,-1.2586,3,0.0750,1.0000,8,8,8,0,0,8,8,0.0000
4,52.0000,6,19,571.9179,-86.3682,-0.5133,31,0.7750,0.4000,5,5,1,0,0,5,1,0.8000
4,52.0000,6,21,706.7723,-86.6254,-1.0089,25,0.6250,0.5000,6,7,5,0,0,7,5,0.2857
4,52.0000,6,22,407.5550,-84.0899,0.0473,32,0.8000,0.4000,5,4,0,0,0,4,0,1.0000
4,52.0000,7,1,474.8423,-85.7055,-0.1174,32,0.8000,0.3333,6,6,2,0,0,6,2,0.6667
4,52.0000,7,4,462.8175,-85.2824,0.5848,33,0.8250,0.6667,6,4,0,0,0,4,0,1.0000
4,52.0000,7,5,883.7330,-88.8762,-0.0100,13,0.3250,0.7143,7,8,8,0,0,8,8,0.0000
4,52.0000,7,8,979.7958,-88.8216,0.1977,5,0.1250,1.0000,6,6,6,0,0,6,6,0.0000
4,52.0000,7,10,587.7711,-86.5306,-0.0155,32,0.8000,0.3333,6,8,5,0,0,8,5,0.3750
4,52.0000,7,11,325.3822,-81.8578,0.2127,37,0.9250,0.3333,6,4,0,0,0,4,0,1.0000
4,52.0000,7,14,293.6535,-79.8895,-0.2807,36,0.9000,0.0000,4,7,5,0,0,7,5,0.2857
4,52.0000,7,15,948.8458,-89.2932,0.0355,9,0.2250,1.0000,8,8,8,0,0,8,8,0.0000
4,52.0000,7,16,434.9961,-84.7925,0.1913,35,0.8750,0.0000,3,4,0,0,0,4,0,1.0000
4,52.0000,7,23,752.2625,-87.2270,-0.4649,19,0.4750,1.0000,8,7,5,0,0,7,5,0.2857
4,52.0000,7,25,956.7375,-89.4668,0.7799,3,0.0750,1.0000,8,7,6,0,0,7,6,0.1429
4,52.0000,8,4,666.7077,-86.9729,0.3955,11,0.2750,0.7500,8,5,1,0,0,5,1,0.8000
4,52.0000,8,5,235.3819,-79.3632,-0.1108,38,0.9500,0.0000,5,4,0,0,0,4,0,1.0000
4,52.0000,8,7,979.7958,-89.1968,-0.9241,3,0.0750,1.0000,8,10,10,0,0,10,10,0.0000
4,52.0000,8,10,446.6265,-85.0175,0.4094,26,0.6500,0.2000,5,5,2,0,0,5,2,0.6000
4,52.0000,8,14,880.2072,-87.1049,0.3099,7,0.1750,1.0000,8,8,8,0,0,8,8,0.0000
4,52.0000,8,16,978.8393,-89.2674,0.0385,4,0.1000,1.0000,6,6,6,0,0,6,6,0.0000
4,52.0000,8,20,522.6578,-86.5460,-0.7012,25,0.6250,0.2000,5,6,2,0,0,6,2,0.6667
4,52.0000,8,24,450.1855,-83.0821,-1.1508,38,0.9500,0.0000,4,5,1,0,0,5,1,0.8000
4,52.0000,8,25,226.1934,-78.3394,0.7086,38,0.9500,0.2000,5,5,1,0,0,5,1,0.8000
4,52.0000,9,0,416.1032,-84.1013,0.4092,38,0.9500,0.2000,5,4,0,0,0,4,0,1.0000
4,52.0000,9,1,1103.0988,-89.1033,-0.6596,3,0.0750,,0,6,6,0,0,6,6,0.0000
4,52.0000,9,2,464.1034,-84.9844,0.1132,40,1.0000,0.2000,5,4,0,0,0,4,0,1.0000
4,52.0000,9,3,727.1549,-88.0219,0.5605,15,0.3750,1.0000,8,7,4,0,0,7,4,0.4286
4,52.0000,9,6,614.8430,-85.9414,-0.0414,36,0.9000,0.0000,4,6,5,0,0,6,5,0.1667
4,52.0000,9,12,121.1475,-76.4649,1.6562,40,1.0000,0.2000,5,4,0,0,0,4,0,1.0000
4,52.0000,9,13,440.4649,-83.8719,0.3662,36,0.9000,0.0000,4,4,0,0,0,4,0,1.0000
4,52.0000,9,15,685.2139,-88.2548,0.4254,19,0.4750,0.8571,7,5,2,0,0,5,2,0.6000
4,52.0000,9,17,560.7849,-85.8134,0.0774,33,0.8250,0.2000,5,7,5,0,0,7,5,0.2857
4,52.0000,9,18,630.1253,-87.7256,-0.1107,21,0.5250,0.5000,6,7,5,0,0,7,5,0.2857
4,52.0000,9,19,610.4190,-86.2939,0.1810,31,0.7750,0.5000,6,7,6,0,0,7,6,0.1429
4,52.0000,9,21,407.7698,-83.9859,-1.0213,39,0.9750,0.2000,5,5,1,0,0,5,1,0.8000
4,52.0000,9,22,380.8248,-82.8032,-0.0363,40,1.0000,0.4000,5,5,1,0,0,5,1,0.8000
4,52.0000,9,23,1167.9844,-89.3668,-0.9468,3,0.0750,1.0000,2,2,2,0,0,2,2,0.0000
4,52.0000,10,1,749.7398,-88.5769,0.0702,15,0.3750,0.9592,49,7,6,0,0,7,6,0.1429
4,52.0000,10,4,347.1579,-82.5878,-0.7438,38,0.9500,0.2000,5,4,0,0,0,4,0,1.0000
4,52.0000,10,5,463.5158,-85.5486,-0.3271,34,0.8500,0.0000,3,6,2,0,0,6,2,0.6667
4,52.0000,10,7,587.7711,-86.4249,0.2903,30,0.7500,0.5714,7,6,4,0,0,6,4,0.3333
4,52.0000,10,8,446.6265,-85.8395,0.2095,30,0.7500,0.6883,77,5,1,74,59,79,60,0.2405
4,52.0000,10,11,840.1025,-87.7991,-0.3128,17,0.4250,1.0000,8,8,7,0,0,8,7,0.1250
4,52.0000,10,14,460.4238,-83.4992,-0.7801,35,0.8750,0.5000,6,7,6,0,0,7,6,0.1429
4,52.0000,10,16,556.0235,-85.1388,-0.4982,32,0.8000,0.5714,7,6,3,0,0,6,3,0.5000
4,52.0000,10,20,637.0787,-86.6104,-0.0305,28,0.7000,0.5000,6,5,1,0,0,5,1,0.8000
4,52.0000,10,23,902.7502,-88.5224,-0.2722,13,0.3250,1.0000,8,6,3,0,0,6,3,0.5000
4,52.0000,10,24,669.7982,-88.0020,0.5443,16,0.4000,0.7143,7,5,1,0,0,5,1,0.8000
4,52.0000,10,25,530.1347,-86.9878,0.6116,25,0.6250,0.8571,7,5,2,0,0,5,2,0.6000
4,52.0000,11,1,489.9079,-86.0296,0.3977,31,0.7750,0.9770,87,6,2,10,9,16,11,0.3125
4,52.0000,11,3,867.1752,-88.7849,0.2643,8,0.2000,1.0000,4,6,4,0,0,6,4,0.3333
4,52.0000,11,4,737.7530,-88.0879,0.3101,16,0.4000,0.7143,7,6,3,0,0,6,3,0.5000
4,52.0000,11,7,325.3822,-82.0808,0.0575,36,0.9000,0.2000,5,5,1,0,0,5,1,0.8000
4,52.0000,11,10,840.1025,-88.2257,0.1093,11,0.2750,1.0000,8,8,8,0,0,8,8,0.0000
4,52.0000,11,14,480.3637,-85.0140,-0.5038,31,0.7750,0.0000,4,5,2,0,0,5,2,0.6000
4,52.0000,11,15,686.2023,-87.4401,-0.2001,17,0.4250,0.8750,8,6,4,70,70,76,74,0.0263
4,52.0000,11,16,519.1371,-85.8194,0.1642,31,0.7750,0.7500,8,5,2,0,0,5,2,0.6000
4,52.0000,11,23,825.8639,-88.3004,0.4290,11,0.2750,1.0000,8,8,8,0,0,8,8,0.0000
4,52.0000,12,0,484.1745,-86.1698,0.7685,24,0.6000,0.6000,5,7,4,0,0,7,4,0.4286
4,52.0000,12,1,1033.3450,-89.0287,-1.1504,3,0.0750,1.0000,8,4,4,0,0,4,4,0.0000
4,52.0000,12,2,455.7067,-85.0026,0.5238,35,0.8750,0.0000,4,4,0,0,0,4,0,1.0000
4,52.0000,12,3,738.5223,-87.6995,-0.1718,13,0.3250,0.9000,10,8,8,0,0,8,8,0.0000
4,52.0000,12,6,718.0950,-87.8055,-0.0791,21,0.5250,0.8750,8,8,7,0,0,8,7,0.1250
4,52.0000,12,9,121.1475,-76.5354,1.6032,39,0.9750,0.0000,4,4,0,0,0,4,0,1.0000
4,52.0000,12,13,511.3257,-86.5737,1.0533,30,0.7500,0.5000,6,5,2,0,0,5,2,0.6000
4,52.0000,12,15,670.1841,-86.6601,0.0843,20,0.5000,0.5000,6,6,3,0,0,6,3,0.5000
4,52.0000,12,17,591.7864,-86.9236,0.2346,26,0.6500,0.8571,7,4,2,0,0,4,2,0.5000
4,52.0000,12,18,684.2017,-87.5383,-0.0933,23,0.5750,0.6667,6,7,6,0,0,7,6,0.1429
4,52.0000,12,19,723.7685,-87.8170,-0.5703,17,0.4250,0.4000,5,8,8,0,0,8,8,0.0000
4,52.0000,12,21,440.3604,-84.8162,0.6459,36,0.9000,0.5000,6,4,0,0,0,4,0,1.0000
4,52.0000,12,22,501.4669,-85.4118,-0.0526,36,0.9000,0.5714,7,5,2,0,0,5,2,0.6000
4,52.0000,13,0,58.1360,-67.6334,0.9213,39,0.9750,0.0000,4,4,0,0,0,4,0,1.0000
4,52.0000,13,2,329.6207,-82.4880,-0.4734,37,0.9250,0.0000,4,4,0,0,0,4,0,1.0000
4,52.0000,13,6,403.8547,-83.1061,-0.3362,35,0.8750,0.2000,5,7,3,0,0,7,3,0.5714
4,52.0000,13,9,440.4649,-84.8784,0.0502,33,0.8250,0.3333,6,5,1,0,0,5,1,0.8000
4,52.0000,13,12,511.3257,-86.1415,0.6374,27,0.6750,0.4000,5,6,3,0,0,6,3,0.5000
4,52.0000,13,15,968.2801,-88.9634,-2.9224,4,0.1000,1.0000,6,8,7,0,0,8,7,0.1250
4,52.0000,13,17,442.9927,-83.9244,-0.4196,33,0.8250,0.2000,5,6,4,0,0,6,4,0.3333
4,52.0000,13,18,933.2204,-88.9577,0.3749,4,0.1000,1.0000,4,8,7,0,0,8,7,0.1250
4,52.0000,13,19,699.3326,-87.6882,0.3011,17,0.4250,1.0000,8,7,6,0,0,7,6,0.1429
4,52.0000,13,21,354.3800,-82.4095,-0.2007,35,0.8750,0.4000,5,5,1,0,0,5,1,0.8000
4,52.0000,13,22,438.6659,-85.2932,0.3747,31,0.7750,0.0000,4,5,2,0,0,5,2,0.6000
4,52.0000,14,1,306.4554,-83.3356,0.9721,37,0.9250,0.2000,5,5,1,0,0,5,1,0.8000
4,52.0000,14,4,286.9533,-83.0678,0.8779,39,0.9750,0.0000,4,4,0,0,0,4,0,1.0000
4,52.0000,14,5,854.5856,-87.8418,-0.4216,13,0.3250,1.0000,8,8,8,0,0,8,8,0.0000
4,52.0000,14,7,293.6535,-79.7957,-0.6718,40,1.0000,0.0000,4,4,0,0,0,4,0,1.0000
4,52.0000,14,8,880.2072,-89.0106,0.1750,10,0.2500,1.0000,8,8,7,0,0,8,7,0.1250
4,52.0000,14,10,460.4238,-83.9836,-1.2272,38,0.9500,0.0000,4,4,0,0,0,4,0,1.0000
4,52.0000,14,11,480.3637,-84.2821,-0.5797,35,0.8750,0.2000,5,6,3,0,0,6,3,0.5000
4,52.0000,14,15,914.6660,-88.4855,-0.0554,9,0.2250,1.0000,8,8,8,0,0,8,8,0.0000
4,52.0000,14,16,176.0308,-76.3440,0.4659,40,1.0000,0.0000,4,4,0,0,0,4,0,1.0000
4,52.0000,14,20,835.2699,-88.7835,0.0572,11,0.2750,0.8750,8,8,7,0,0,8,7,0.1250
4,52.0000,14,23,548.1203,-86.4717,-0.0139,30,0.7500,0.2000,5,7,4,0,0,7,4,0.4286
4,52.0000,14,25,917.8081,-88.7514,0.4599,10,0.2500,1.0000,8,8,8,0,0,8,8,0.0000
4,52.0000,15,0,979.8642,-88.7943,-0.0436,3,0.0750,1.0000,2,8,8,0,0,8,8,0.0000
4,52.0000,15,1,682.6184,-86.5621,-0.3073,22,0.5500,0.4286,7,8,8,0,0,8,8,0.0000
4,52.0000,15,2,889.4401,-88.8791,-0.2003,4,0.1000,1.0000,6,8,8,0,0,8,8,0.0000
4,52.0000,15,3,319.7085,-83.4547,1.0515,35,0.8750,0.0000,4,4,0,0,0,4,0,1.0000
4,52.0000,15,7,948.8458,-88.5585,0.1084,6,0.1500,1.0000,8,4,4,0,0,4,4,0.0000
4,52.0000,15,9,685.2139,-89.0040,0.3728,14,0.3500,0.6667,9,6,3,0,0,6,3,0.5000
4,52.0000,15,11,686.2023,-87.8628,0.4166,25,0.6250,0.7143,7,7,6,0,0,7,6,0.1429
4,52.0000,15,12,670.1841,-87.3624,0.0768,16,0.4000,0.6250,8,6,4,0,0,6,4,0.3333
4,52.0000,15,14,914.6660,-88.7173,-0.4892,7,0.1750,1.0000,8,8,8,0,0,8,8,0.0000
4,52.0000,15,16,805.5978,-88.2003,0.0032,15,0.3750,0.8571,7,8,8,0,0,8,8,0.0000
4,52.0000,15,17,700.5973,-88.0352,0.0245,21,0.5250,0.7143,7,6,2,2,2,8,4,0.5000
4,52.0000,15,18,532.1272,-87.3525,0.2078,28,0.7000,0.5714,7,5,2,0,0,5,2,0.6000
4,52.0000,15,19,884.8254,-88.5181,0.2969,8,0.2000,1.0000,8,8,8,0,0,8,8,0.0000
4,52.0000,15,21,665.5342,-86.9596,-0.0099,16,0.4000,0.7500,8,6,4,0,0,6,4,0.3333
4,52.0000,15,22,819.7564,-88.1785,0.5375,16,0.4000,1.0000,8,8,8,0,0,8,8,0.0000
4,52.0000,15,23,891.7934,-88.4528,-0.0823,8,0.2000,1.0000,8,8,8,0,0,8,8,0.0000
4,52.0000,16,1,218.1340,-80.7428,1.0836,38,0.9500,0.0000,4,4,0,0,0,4,0,1.0000
4,52.0000,16,4,404.1061,-83.8346,-0.2260,34,0.8500,0.4000,5,4,0,0,0,4,0,1.0000
4,52.0000,16,7,434.9961,-84.8089,-0.2558,37,0.9250,0.2000,5,4,0,0,0,4,0,1.0000
4,52.0000,16,10,556.0235,-85.3373,-1.0285,32,0.8000,0.4000,5,7,6,0,0,7,6,0.1429
4,52.0000,16,11,519.1371,-85.7083,-0.2643,27,0.6750,0.5000,6,4,0,0,0,4,0,1.0000
4,52.0000,16,14,176.0308,-75.7310,0.4394,38,0.9500,0.0000,4,4,0,0,0,4,0,1.0000
4,52.0000,16,15,805.5978,-88.1760,0.1839,13,0.3250,0.8571,7,8,7,0,0,8,7,0.1250
4,52.0000,16,20,952.3222,-88.8848,-0.0547,7,0.1750,0.8750,8,6,6,0,0,6,6,0.0000
4,52.0000,16,23,472.1727,-85.1594,0.2327,34,0.8500,0.5000,4,6,3,0,0,6,3,0.5000
4,52.0000,16,25,1046.9381,-87.9285,0.5198,4,0.1000,1.0000,8,8,8,0,0,8,8,0.0000
4,52.0000,17,0,483.5693,-85.2767,-0.1184,36,0.9000,0.0000,4,5,1,0,0,5,1,0.8000
4,52.0000,17,1,930.8420,-88.2298,0.1487,8,0.2000,1.0000,6,10,10,0,0,10,10,0.0000
4,52.0000,17,2,385.8068,-83.4989,0.7776,39,0.9750,0.0000,4,4,0,0,0,4,0,1.0000
4,52.0000,17,3,896.7379,-88.1483,-0.1767,4,0.1000,1.0000,8,7,6,0,0,7,6,0.1429
4,52.0000,17,6,797.4573,-87.8665,-0.3801,25,0.6250,0.4000,5,8,8,0,0,8,8,0.0000
4,52.0000,17,9,560.7849,-86.5228,-0.2466,33,0.8250,0.5000,6,5,2,0,0,5,2,0.6000
4,52.0000,17,12,591.7864,-86.9156,0.0265,31,0.7750,0.6667,6,7,4,0,0,7,4,0.4286
4,52.0000,17,13,442.9927,-84.6923,-0.0716,39,0.9750,0.0000,4,4,0,0,0,4,0,1.0000
4,52.0000,17,15,700.5973,-88.9079,0.1635,14,0.3500,0.8750,8,6,4,0,0,6,4,0.3333
4,52.0000,17,18,876.0322,-88.6110,0.5082,5,0.1250,1.0000,8,8,8,0,0,8,8,0.0000
4,52.0000,17,19,822.2855,-87.9673,-0.4779,24,0.6000,1.0000,8,8,8,0,0,8,8,0.0000
4,52.0000,17,21,155.1410,-75.4238,0.4905,39,0.9750,0.0000,4,3,0,0,0,3,0,1.0000
4,52.0000,17,22,619.6300,-86.5667,-0.3662,26,0.6500,0.6667,6,7,5,0,0,7,5,0.2857
4,52.0000,17,23,860.9730,-88.9303,0.0880,7,0.1750,1.0000,6,7,6,0,0,7,6,0.1429
4,52.0000,18,0,935.5105,-88.9725,0.9039,3,0.0750,1.0000,8,8,8,0,0,8,8,0.0000
4,52.0000,18,3,294.5251,-79.9582,-0.2588,38,0.9500,0.0000,4,4,0,0,0,4,0,1.0000
4,52.0000,18,6,966.7528,-88.5492,-0.0986,6,0.1500,1.0000,8,8,8,0,0,8,8,0.0000
4,52.0000,18,9,630.1253,-87.5749,0.2498,14,0.3500,0.8571,7,7,5,0,0,7,5,0.2857
4,52.0000,18,12,684.2017,-87.3168,0.3926,15,0.3750,0.7500,8,7,5,0,0,7,5,0.2857
4,52.0000,18,15,532.1272,-86.8123,0.0011,21,0.5250,0.4286,7,5,2,0,0,5,2,0.6000
4,52.0000,18,17,876.0322,-89.4613,0.0671,7,0.1750,1.0000,8,7,6,0,0,7,6,0.1429
4,52.0000,18,19,487.5995,-85.0216,0.2106,31,0.7750,0.0000,4,7,6,0,0,7,6,0.1429
4,52.0000,18,21,794.5277,-87.6777,0.3357,9,0.2250,1.0000,8,7,6,0,0,7,6,0.1429
4,52.0000,18,22,567.6841,-86.5068,0.1629,23,0.5750,0.0000,4,6,4,0,0,6,4,0.3333
4,52.0000,19,0,705.3490,-86.9210,-0.1893,21,0.5250,0.4000,5,6,4,0,0,6,4,0.3333
4,52.0000,19,2,933.9364,-88.0758,-0.2827,8,0.2000,1.0000,8,10,9,0,0,10,9,0.1000
4,52.0000,19,3,759.2802,-87.8004,-0.3056,22,0.5500,0.6667,6,6,4,0,0,6,4,0.3333
4,52.0000,19,6,571.9179,-85.7902,-0.0525,31,0.7750,0.6667,6,7,3,0,0,7,3,0.5714
4,52.0000,19,9,610.4190,-85.6350,-0.3893,30,0.7500,0.3333,6,7,5,0,0,7,5,0.2857
4,52.0000,19,12,723.7685,-88.4946,0.2717,17,0.4250,0.5714,7,6,3,0,0,6,3,0.5000
4,52.0000,19,13,699.3326,-87.7382,-0.4220,20,0.5000,0.8750,8,7,5,0,0,7,5,0.2857
4,52.0000,19,15,884.8254,-88.7555,-0.3664,9,0.2250,1.0000,8,8,8,0,0,8,8,0.0000
4,52.0000,19,17,822.2855,-88.2271,-0.2538,20,0.5000,1.0000,8,8,8,0,0,8,8,0.0000
4,52.0000,19,18,487.5995,-85.4373,0.0616,31,0.7750,0.6667,6,7,4,0,0,7,4,0.4286
4,52.0000,19,21,742.0415,-87.5467,-0.3209,25,0.6250,0.7143,7,8,8,0,0,8,8,0.0000
4,52.0000,19,22,273.7561,-78.4972,-0.9276,37,0.9250,0.0000,4,4,0,0,0,4,0,1.0000
4,52.0000,20,1,1052.4396,-89.0681,-0.1355,3,0.0750,1.0000,8,6,6,0,0,6,6,0.0000
4,52.0000,20,4,552.2488,-84.6465,-0.8039,29,0.7250,0.3333,6,8,6,0,0,8,6,0.2500
4,52.0000,20,5,499.0719,-85.7210,0.1448,30,0.7500,0.4000,5,4,0,0,0,4,0,1.0000
4,52.0000,20,7,923.1615,-87.9912,0.6731,7,0.1750,1.0000,8,8,8,0,0,8,8,0.0000
4,52.0000,20,8,522.6578,-86.3004,0.6093,27,0.6750,0.6667,6,5,2,0,0,5,2,0.6000
4,52.0000,20,10,637.0787,-87.0276,0.1188,24,0.6000,0.2000,5,7,4,0,0,7,4,0.4286
4,52.0000,20,14,835.2699,-88.4278,-0.4798,11,0.2750,1.0000,8,8,8,0,0,8,8,0.0000
4,52.0000,20,16,952.3222,-88.3175,-0.7359,8,0.2000,0.8571,7,8,8,0,0,8,8,0.0000
4,52.0000,20,23,1020.3803,-88.9673,0.1285,8,0.2000,1.0000,8,8,8,0,0,8,8,0.0000
4,52.0000,20,24,948.1328,-88.7181,0.8578,3,0.0750,1.0000,8,7,6,0,0,7,6,0.1429
4,52.0000,20,25,463.2948,-84.4941,0.7620,36,0.9000,0.8272,81,5,1,78,63,83,64,0.2289
4,52.0000,21,0,382.2203,-83.6441,-0.0710,34,0.8500,0.0000,4,4,0,0,0,4,0,1.0000
4,52.0000,21,2,302.0138,-82.1106,0.5501,36,0.9000,0.0000,4,4,0,0,0,4,0,1.0000
4,52.0000,21,3,833.7156,-88.1389,0.2132,6,0.1500,1.0000,8,8,6,0,0,8,6,0.2500
4,52.0000,21,6,706.7723,-86.8894,-0.9340,25,0.6250,0.5000,6,7,6,0,0,7,6,0.1429
4,52.0000,21,9,407.7698,-83.8398,-0.3234,33,0.8250,0.0000,4,6,3,0,0,6,3,0.5000
4,52.0000,21,12,440.3604,-84.5699,0.7878,30,0.7500,0.5000,6,4,0,0,0,4,0,1.0000
4,52.0000,21,13,354.3800,-81.7677,-0.4403,36,0.9000,0.6027,73,6,3,75,61,81,64,0.2099
4,52.0000,21,15,665.5342,-88.2668,0.0885,10,0.2500,1.0000,8,8,6,0,0,8,6,0.2500
4,52.0000,21,17,155.1410,-75.3096,0.6180,37,0.9250,0.0000,4,4,0,0,0,4,0,1.0000
4,52.0000,21,18,794.5277,-88.6059,0.5095,9,0.2250,1.0000,8,7,5,0,0,7,5,0.2857
4,52.0000,21,19,742.0415,-87.2956,0.1669,21,0.5250,0.7143,7,8,8,0,0,8,8,0.0000
4,52.0000,21,22,514.9683,-84.7570,-0.8922,30,0.7500,0.2000,5,6,3,0,0,6,3,0.5000
4,52.0000,22,0,439.4818,-85.2203,0.3039,39,0.9750,0.7143,7,4,0,0,0,4,0,1.0000
4,52.0000,22,2,667.7747,-87.7252,-0.0574,20,0.5000,1.0000,8,7,5,0,0,7,5,0.2857
4,52.0000,22,3,781.3373,-87.9208,0.0737,18,0.4500,0.7143,7,8,7,0,0,8,7,0.1250
4,52.0000,22,6,407.5550,-83.6565,0.2853,37,0.9250,0.3333,6,5,1,0,0,5,1,0.8000
4,52.0000,22,9,380.8248,-82.4591,-0.0528,38,0.9500,0.2000,5,4,1,0,0,4,1,0.7500
4,52.0000,22,12,501.4669,-85.4051,0.1210,33,0.8250,0.5714,7,5,1,0,0,5,1,0.8000
4,52.0000,22,13,438.6659,-85.5419,0.2440,36,0.9000,0.2000,5,5,2,0,0,5,2,0.6000
4,52.0000,22,15,819.7564,-88.2930,0.2502,14,0.3500,0.7500,8,8,8,0,0,8,8,0.0000
4,52.0000,22,17,619.6300,-86.6323,-0.1574,27,0.6750,0.4000,5,7,5,0,0,7,5,0.2857
4,52.0000,22,18,567.6841,-86.7579,-0.8344,33,0.8250,0.4000,5,4,0,0,0,4,0,1.0000
4,52.0000,22,19,273.7561,-78.6704,-0.2839,38,0.9500,0.0000,4,5,1,0,0,5,1,0.8000
4,52.0000,22,21,514.9683,-84.5806,-0.3497,37,0.9250,0.2857,7,4,2,0,0,4,2,0.5000
4,52.0000,23,1,351.9351,-83.6317,0.9121,36,0.9000,0.2000,5,5,1,0,0,5,1,0.8000
4,52.0000,23,2,963.5019,-88.9319,-0.0509,5,0.1250,1.0000,2,6,6,0,0,6,6,0.0000
4,52.0000,23,4,610.3775,-87.1821,-0.4564,22,0.5500,0.7143,7,6,4,0,0,6,4,0.3333
4,52.0000,23,7,752.2625,-87.1424,-0.5302,20,0.5000,1.0000,8,7,5,0,0,7,5,0.2857
4,52.0000,23,10,902.7502,-88.1575,0.0310,12,0.3000,1.0000,8,8,8,0,0,8,8,0.0000
4,52.0000,23,11,825.8639,-88.1123,0.3098,15,0.3750,0.8571,7,6,4,0,0,6,4,0.3333
4,52.0000,23,14,548.1203,-86.4674,0.8070,25,0.6250,0.5000,6,6,2,0,0,6,2,0.6667
4,52.0000,23,15,891.7934,-89.0816,0.0565,8,0.2000,1.0000,8,7,5,0,0,7,5,0.2857
4,52.0000,23,16,472.1727,-85.5317,0.0261,29,0.7250,0.2000,5,5,2,0,0,5,2,0.6000
4,52.0000,23,20,1020.3803,-88.7888,-0.1442,5,0.1250,1.0000,8,8,8,0,0,8,8,0.0000
4,52.0000,23,21,919.1541,-89.0734,-1.2493,3,0.0750,1.0000,2,8,8,0,0,8,8,0.0000
4,52.0000,24,4,989.7415,-89.0095,-0.0742,5,0.1220,1.0000,8,7,6,0,0,7,6,0.1429
4,52.0000,24,5,482.2242,-84.6453,0.2674,31,0.7561,0.5000,4,5,2,0,0,5,2,0.6000
4,52.0000,24,8,450.1855,-82.4205,-1.4526,37,0.9024,0.0000,4,4,0,0,0,4,0,1.0000
4,52.0000,24,10,669.7982,-88.0516,0.3192,18,0.4390,0.6667,6,8,7,0,0,8,7,0.1250
4,52.0000,24,20,948.1328,-88.8191,-0.1594,15,0.3659,1.0000,8,5,4,0,0,5,4,0.2000
4,52.0000,24,25,512.7295,-85.2934,0.0457,34,0.8293,0.2000,5,5,1,0,0,5,1,0.8000
4,52.0000,25,4,696.2052,-87.7860,0.0428,22,0.5500,0.7500,8,8,8,0,0,8,8,0.0000
4,52.0000,25,5,92.4000,-75.8726,2.4801,40,1.0000,0.0000,4,4,0,0,0,4,0,1.0000
4,52.0000,25,7,956.7375,-89.4424,0.0438,6,0.1500,1.0000,6,8,7,0,0,8,7,0.1250
4,52.0000,25,8,226.1934,-79.0678,0.0948,39,0.9750,0.0000,4,4,0,0,0,4,0,1.0000
4,52.0000,25,10,530.1347,-86.7403,1.0710,27,0.6750,0.2000,5,5,1,0,0,5,1,0.8000
4,52.0000,25,14,917.8081,-88.9829,-0.0711,7,0.1750,1.0000,8,8,7,0,0,8,7,0.1250
4,52.0000,25,16,1046.9381,-89.2164,0.4450,6,0.1500,1.0000,8,6,6,0,0,6,6,0.0000
4,52.0000,25,20,463.2948,-85.0237,-0.6292,36,0.9000,0.2000,5,6,3,0,0,6,3,0.5000
4,52.0000,25,24,512.7295,-85.8320,-0.2368,37,0.9250,0.0000,4,5,1,0,0,5,1,0.8000
4,56.0000,0,2,271.1398,-81.1564,0.5057,39,0.9750,0.0000,4,4,0,0,0,4,0,1.0000
4,56.0000,0,3,959.7534,-88.7076,-0.1928,5,0.1250,1.0000,8,10,9,0,0,10,9,0.1000
4,56.0000,0,6,454.2697,-84.8039,0.0353,37,0.9250,0.2000,5,4,0,0,0,4,0,1.0000
4,56.0000,0,9,424.6852,-84.2741,-0.0095,33,0.8250,0.4000,5,4,0,0,0,4,0,1.0000
4,56.0000,0,12,342.5200,-83.2709,0.8450,35,0.8750,0.4000,5,4,0,0,0,4,0,1.0000
4,56.0000,0,13,103.3373,-66.5119,-1.9757,39,0.9750,0.0000,4,4,0,0,0,4,0,1.0000
4,56.0000,0,15,798.2896,-88.5644,0.7316,12,0.3000,0.8750,8,7,6,0,0,7,6,0.1429
4,56.0000,0,17,462.8879,-84.7632,0.3331,35,0.8750,0.2000,5,6,2,10,3,16,5,0.6875
4,56.0000,0,18,835.6738,-88.6633,-0.0058,7,0.1750,0.8750,8,8,7,0,0,8,7,0.1250
4,56.0000,0,19,761.4477,-87.6333,-0.1642,23,0.5750,0.8571,7,7,5,0,0,7,5,0.2857
4,56.0000,0,21,384.9616,-83.4866,0.1155,38,0.9500,0.0000,4,5,1,0,0,5,1,0.8000
4,56.0000,0,22,433.5181,-84.5856,-0.7356,35,0.8750,0.2000,5,5,2,0,0,5,2,0.6000
4,56.0000,1,3,924.8322,-89.1558,-0.4341,5,0.1220,1.0000,6,8,8,0,0,8,8,0.0000
4,56.0000,1,4,377.9394,-84.3997,0.7880,34,0.8293,0.2000,5,5,1,0,0,5,1,0.8000
4,56.0000,1,7,476.8424,-84.7337,-0.4965,32,0.7805,0.0000,4,7,3,0,0,7,3,0.5714
4,56.0000,1,10,723.1830,-87.7831,0.1171,19,0.4634,1.0000,8,6,3,0,0,6,3,0.5000
4,56.0000,1,11,483.6801,-86.0510,0.1072,33,0.8049,0.4286,7,6,3,0,0,6,3,0.5000
4,56.0000,1,14,186.1167,-79.2044,1.0087,38,0.9268,0.0000,4,4,0,0,0,4,0,1.0000
4,56.0000,1,15,810.3731,-87.5257,-0.4964,17,0.4146,0.7143,7,7,6,0,0,7,6,0.1429
4,56.0000,1,16,122.9622,-75.5675,1.4220,41,1.0000,0.0000,4,5,1,0,0,5,1,0.8000
4,56.0000,1,17,932.7282,-88.7095,-1.6391,4,0.0976,1.0000,8,8,8,0,0,8,8,0.0000
4,56.0000,1,23,379.2499,-82.9429,-0.6573,40,0.9756,0.0000,4,5,2,0,0,5,2,0.6000
4,56.0000,2,0,271.1398,-81.2792,0.1322,39,0.9750,0.0000,3,6,3,0,0,6,3,0.5000
4,56.0000,2,6,722.9450,-87.5839,0.4633,12,0.3000,0.7143,7,7,5,0,0,7,5,0.2857
4,56.0000,2,9,454.5984,-85.5052,0.1111,35,0.8750,0.4000,5,5,1,0,0,5,1,0.8000
4,56.0000,2,11,1079.6938,-89.3277,1.2818,4,0.1000,,0,6,6,0,0,6,6,0.0000
4,56.0000,2,12,351.8936,-83.2476,0.8775,37,0.9250,0.0000,4,4,0,0,0,4,0,1.0000
4,56.0000,2,13,370.6845,-82.5158,-0.3587,37,0.9250,0.0000,4,5,1,0,0,5,1,0.8000
4,56.0000,2,15,739.8268,-88.2359,0.5900,8,0.2000,1.0000,8,7,5,0,0,7,5,0.2857
4,56.0000,2,17,380.7189,-83.7983,0.0094,39,0.9750,0.0000,4,4,0,0,0,4,0,1.0000
4,56.0000,2,18,890.7812,-89.2530,0.4067,6,0.1500,1.0000,8,7,5,0,0,7,5,0.2857
4,56.0000,2,19,971.3098,-88.5953,0.2810,5,0.1250,1.0000,8,8,8,0,0,8,8,0.0000
4,56.0000,2,21,273.8452,-80.5325,0.4819,39,0.9750,0.2000,5,6,3,0,0,6,3,0.5000
4,56.0000,2,22,669.4653,-87.6589,-0.3198,25,0.6250,1.0000,8,7,5,0,0,7,5,0.2857
4,56.0000,2,23,875.5089,-88.6547,-0.7865,8,0.2000,0.8750,8,8,7,0,0,8,7,0.1250
4,56.0000,3,0,959.7534,-88.9995,0.0629,5,0.1250,0.8750,8,8,8,0,0,8,8,0.0000
4,56.0000,3,1,924.8322,-89.2575,-0.4178,5,0.1250,1.0000,8,8,8,0,0,8,8,0.0000
4,56.0000,3,2,928.4974,-88.2347,0.2713,6,0.1500,1.0000,2,6,6,0,0,6,6,0.0000
4,56.0000,3,7,1064.0592,-89.0716,-0.1522,3,0.0750,,0,4,4,0,0,4,4,0.0000
4,56.0000,3,9,638.2917,-86.9543,-0.3145,23,0.5750,0.7500,8,7,5,8,8,15,13,0.1333
4,56.0000,3,11,721.2257,-88.0579,0.3776,17,0.4250,0.8750,8,7,5,0,0,7,5,0.2857
4,56.0000,3,12,768.1576,-87.9342,0.0067,15,0.3750,1.0000,8,8,8,0,0,8,8,0.0000
4,56.0000,3,13,971.4147,-88.7943,-0.2631,4,0.1000,1.0000,6,6,6,0,0,6,6,0.0000
4,56.0000,3,15,220.2468,-79.5864,0.7670,38,0.9500,0.1667,6,4,1,0,0,4,1,0.7500
4,56.0000,3,17,764.4561,-88.2593,0.0514,15,0.3750,1.0000,8,6,3,0,0,6,3,0.5000
4,56.0000,3,18,302.4091,-81.0935,-0.2899,38,0.9500,0.0000,4,3,0,0,0,3,0,1.0000
4,56.0000,3,19,869.8987,-88.4095,-0.8876,11,0.2750,1.0000,8,8,8,2,2,10,10,0.0000
4,56.0000,3,21,745.5104,-88.1057,0.5340,14,0.3500,0.6667,6,8,7,0,0,8,7,0.1250
4,56.0000,3,22,888.0027,-88.3461,0.1606,16,0.4000,1.0000,8,6,6,0,0,6,6,0.0000
4,56.0000,4,1,377.9394,-83.7919,0.1089,35,0.8750,0.4000,5,7,5,0,0,7,5,0.2857
4,56.0000,4,5,738.0626,-86.8449,0.3143,24,0.6000,0.6667,6,8,7,0,0,8,7,0.1250
4,56.0000,4,7,450.3966,-85.1701,0.3729,36,0.9000,0.5000,6,6,2,0,0,6,2,0.6667
4,56.0000,4,8,674.5872,-87.2855,0.1439,31,0.7750,0.6000,5,10,9,0,0,10,9,0.1000
4,56.0000,4,10,403.0359,-83.5805,-0.1617,38,0.9500,0.4000,5,6,4,0,0,6,4,0.3333
4,56.0000,4,11,695.2726,-88.3669,0.6605,17,0.4250,0.8571,7,7,5,0,0,7,5,0.2857
4,56.0000,4,14,193.4390,-78.1994,0.7143,37,0.9250,0.0000,4,4,0,0,0,4,0,1.0000
4,56.0000,4,16,405.1144,-83.4736,0.2966,34,0.8500,0.2000,5,4,0,0,0,4,0,1.0000
4,56.0000,4,20,700.5039,-87.0632,-0.8796,25,0.6250,0.3333,6,8,8,0,0,8,8,0.0000
4,56.0000,4,23,609.6553,-86.4444,0.1343,30,0.7500,0.6667,6,8,7,0,0,8,7,0.1250
4,56.0000,4,24,955.0554,-88.8786,-0.5505,4,0.1000,1.0000,8,2,2,0,0,2,2,0.0000
4,56.0000,4,25,699.4601,-86.9722,0.0257,22,0.5500,0.7143,7,8,7,0,0,8,7,0.1250
4,56.0000,5,4,738.0626,-87.2400,0.1770,23,0.5750,0.5714,7,6,3,0,0,6,3,0.5000
4,56.0000,5,7,954.5635,-88.2473,-0.8197,7,0.1750,1.0000,8,8,8,0,0,8,8,0.0000
4,56.0000,5,8,254.6086,-78.9273,-0.1005,40,1.0000,0.0000,4,4,0,0,0,4,0,1.0000
4,56.0000,5,10,456.5449,-84.9751,-0.9279,37,0.9250,0.0000,3,4,0,0,0,4,0,1.0000
4,56.0000,5,14,926.6880,-88.8597,-0.5087,7,0.1750,0.8750,8,8,8,0,0,8,8,0.0000
4,56.0000,5,20,430.6192,-84.7471,-0.0573,36,0.9000,0.0000,4,4,0,0,0,4,0,1.0000
4,56.0000,5,24,484.2113,-85.7800,-0.1438,38,0.9500,0.5000,6,5,1,0,0,5,1,0.8000
4,56.0000,5,25,103.3631,-61.4219,-0.2976,40,1.0000,0.0000,4,4,0,0,0,4,0,1.0000
4,56.0000,6,0,454.2697,-84.6789,0.0992,33,0.8049,0.0000,4,5,2,0,0,5,2,0.6000
4,56.0000,6,2,722.9450,-88.1363,1.0433,13,0.3171,1.0000,8,7,6,0,0,7,6,0.1429
4,56.0000,6,9,704.5255,-88.0065,0.0639,16,0.3902,0.3333,6,7,6,0,0,7,6,0.1429
4,56.0000,6,12,667.3149,-87.6468,-0.3773,20,0.4878,0.7500,8,7,5,0,0,7,5,0.2857
4,56.0000,6,13,365.6521,-84.4308,-0.2138,36,0.8780,0.4000,5,5,1,0,0,5,1,0.8000
4,56.0000,6,17,842.3085,-88.3706,0.1546,8,0.1951,1.0000,88,6,4,42,42,48,46,0.0417
4,56.0000,6,18,989.6894,-88.9689,0.0237,7,0.1707,1.0000,8,8,8,0,0,8,8,0.0000
4,56.0000,6,19,617.3504,-87.0570,-0.6184,27,0.6585,0.2000,5,6,4,0,0,6,4,0.3333
4,56.0000,6,21,798.6604,-88.0571,-0.4029,17,0.4146,0.7143,7,8,7,0,0,8,7,0.1250
4,56.0000,6,22,348.6388,-83.5020,0.7139,38,0.9268,0.0000,4,5,2,24,5,29,7,0.7586
4,56.0000,7,1,476.8424,-85.5089,0.0845,32,0.8000,0.3333,6,4,0,0,0,4,0,1.0000
4,56.0000,7,4,450.3966,-84.3227,-0.2870,34,0.8500,0.0000,4,6,3,0,0,6,3,0.5000
4,56.0000,7,5,954.5635,-88.8481,-0.1113,9,0.2250,1.0000,8,8,8,0,0,8,8,0.0000
4,56.0000,7,8,976.1558,-88.5683,-0.0256,7,0.1750,1.0000,6,8,8,0,0,8,8,0.0000
4,56.0000,7,10,658.3090,-86.9481,-0.2621,25,0.6250,0.6250,8,8,8,0,0,8,8,0.0000
4,56.0000,7,11,365.2826,-83.5059,-0.5590,37,0.9250,0.0000,4,5,2,0,0,5,2,0.6000
4,56.0000,7,14,407.2214,-82.5891,-0.6523,36,0.9000,0.7143,7,6,4,0,0,6,4,0.3333
4,56.0000,7,16,479.9868,-84.6120,0.1160,35,0.8750,0.0000,4,6,3,0,0,6,3,0.5000
4,56.0000,7,23,821.1896,-87.8624,0.1965,12,0.3000,0.7143,7,8,8,0,0,8,8,0.0000
4,56.0000,7,24,1082.9377,-88.6647,1.0504,4,0.1000,,0,6,6,0,0,6,6,0.0000
4,56.0000,7,25,879.8112,-88.9566,-0.0455,5,0.1250,0.8571,7,8,8,0,0,8,8,0.0000
4,56.0000,8,4,674.5872,-87.4944,-0.2544,20,0.5000,0.2000,5,6,3,0,0,6,3,0.5000
4,56.0000,8,5,254.6086,-78.6084,-0.1244,37,0.9250,0.0000,4,3,0,0,0,3,0,1.0000
4,56.0000,8,7,976.1558,-89.4408,-0.1305,4,0.1000,1.0000,10,8,8,0,0,8,8,0.0000
4,56.0000,8,10,355.4229,-84.4632,-0.2140,33,0.8250,0.4000,5,5,1,0,0,5,1,0.8000
4,56.0000,8,14,856.8929,-88.1253,-0.0962,9,0.2250,1.0000,8,7,6,0,0,7,6,0.1429
4,56.0000,8,20,445.2356,-85.3756,0.6060,32,0.8000,0.3333,6,4,0,0,0,4,0,1.0000
4,56.0000,8,24,482.7154,-84.3167,0.0462,34,0.8500,0.2000,5,6,4,0,0,6,4,0.3333
4,56.0000,8,25,286.3630,-78.5584,-0.7276,36,0.9000,0.2000,5,4,0,0,0,4,0,1.0000
4,56.0000,9,0,424.6852,-84.1304,-0.5596,36,0.9000,0.0000,4,4,0,0,0,4,0,1.0000
4,56.0000,9,1,1128.3973,-89.2902,-0.1174,3,0.0750,1.0000,6,4,4,0,0,4,4,0.0000
4,56.0000,9,2,454.5984,-84.5796,0.4661,39,0.9750,0.0000,4,5,1,0,0,5,1,0.8000
4,56.0000,9,3,638.2917,-87.7060,0.5397,25,0.6250,0.5714,7,7,5,0,0,7,5,0.2857
4,56.0000,9,6,704.5255,-87.5031,0.3386,23,0.5750,0.8333,6,6,4,0,0,6,4,0.3333
4,56.0000,9,11,967.8717,-88.9732,-1.6013,3,0.0750,,0,6,5,0,0,6,5,0.1667
4,56.0000,9,12,147.8014,-71.9713,-0.5220,39,0.9750,0.0000,4,4,0,0,0,4,0,1.0000
4,56.0000,9,13,453.8726,-83.9066,-0.2300,37,0.9250,0.0000,4,5,2,0,0,5,2,0.6000
4,56.0000,9,15,537.2949,-86.7527,0.5988,28,0.7000,0.4000,5,5,1,0,0,5,1,0.8000
4,56.0000,9,17,570.0819,-86.6812,-0.1722,29,0.7250,0.7143,7,6,4,0,0,6,4,0.3333
4,56.0000,9,18,530.9927,-86.6143,0.4224,34,0.8500,0.7143,7,7,4,0,0,7,4,0.4286
4,56.0000,9,19,688.8282,-86.7385,0.3734,26,0.6500,0.8571,7,7,6,0,0,7,6,0.1429
4,56.0000,9,21,466.8026,-84.4127,0.0363,31,0.7750,0.2000,5,6,3,0,0,6,3,0.5000
4,56.0000,9,22,491.5946,-84.2841,-0.2985,36,0.9000,0.2000,5,8,8,0,0,8,8,0.0000
4,56.0000,10,1,723.1830,-88.1317,-0.1812,21,0.5250,0.8571,7,7,5,0,0,7,5,0.2857
4,56.0000,10,4,403.0359,-82.9241,-0.6101,38,0.9500,0.0000,4,5,2,0,0,5,2,0.6000
4,56.0000,10,5,456.5449,-85.1366,-0.5054,35,0.8750,0.3333,6,4,0,0,0,4,0,1.0000
4,56.0000,10,7,658.3090,-86.9520,-0.2120,22,0.5500,0.6667,6,8,7,0,0,8,7,0.1250
4,56.0000,10,8,355.4229,-84.0219,0.0652,38,0.9500,0.7595,79,4,0,75,56,79,56,0.2911
4,56.0000,10,11,965.7824,-88.2177,0.5126,8,0.2000,0.8750,8,8,8,0,0,8,8,0.0000
4,56.0000,10,14,559.2955,-85.0926,-0.6499,31,0.7750,0.8571,7,8,5,0,0,8,5,0.3750
4,56.0000,10,16,692.7572,-86.5416,0.1047,24,0.6000,0.5000,6,8,7,0,0,8,7,0.1250
4,56.0000,10,20,624.8335,-86.8001,-0.1593,31,0.7750,0.2000,5,5,1,0,0,5,1,0.8000
4,56.0000,10,23,972.7756,-88.5982,0.1883,4,0.1000,0.5000,6,8,8,0,0,8,8,0.0000
4,56.0000,10,24,559.9906,-86.1935,0.1495,35,0.8750,0.2000,5,5,1,0,0,5,1,0.8000
4,56.0000,10,25,403.3030,-84.5806,0.8285,35,0.8750,0.4000,5,4,0,0,0,4,0,1.0000
4,56.0000,11,1,483.6801,-85.1849,-0.6266,33,0.8250,0.6875,16,7,5,0,0,7,5,0.2857
4,56.0000,11,3,721.2257,-88.8491,0.0869,12,0.3000,0.6667,6,6,3,34,34,40,37,0.0750
4,56.0000,11,4,695.2726,-87.7964,0.0595,22,0.5500,0.5000,6,8,8,0,0,8,8,0.0000
4,56.0000,11,7,365.2826,-81.8747,-0.5161,36,0.9000,0.2000,5,5,2,0,0,5,2,0.6000
4,56.0000,11,10,965.7824,-88.4494,-0.3014,8,0.2000,1.0000,8,6,6,0,0,6,6,0.0000
4,56.0000,11,12,1016.8930,-89.0901,-1.8465,3,0.0750,1.0000,4,6,5,0,0,6,5,0.1667
4,56.0000,11,14,552.4208,-85.7755,-0.4258,33,0.8250,0.4000,5,5,2,0,0,5,2,0.6000
4,56.0000,11,15,699.9346,-87.4852,0.0200,23,0.5750,0.9737,76,7,5,14,13,21,18,0.1429
4,56.0000,11,16,484.5535,-85.6765,-0.0068,29,0.7250,0.4000,5,5,2,0,0,5,2,0.6000
4,56.0000,11,17,1035.0098,-89.6868,0.1366,4,0.1000,,0,7,6,0,0,7,6,0.1429
4,56.0000,11,21,988.0856,-89.3023,0.2384,5,0.1250,1.0000,2,8,8,0,0,8,8,0.0000
4,56.0000,11,23,783.9215,-88.8412,-0.0791,7,0.1750,1.0000,8,7,5,0,0,7,5,0.2857
4,56.0000,12,0,342.5200,-84.0119,0.6385,34,0.8500,0.5714,7,4,0,0,0,4,0,1.0000
4,56.0000,12,2,351.8936,-84.2125,0.8569,35,0.8750,0.0000,4,4,0,0,0,4,0,1.0000
4,56.0000,12,3,768.1576,-87.6788,0.1558,17,0.4250,1.0000,8,7,5,0,0,7,5,0.2857
4,56.0000,12,6,667.3149,-87.5088,0.0984,17,0.4250,0.8750,8,6,4,0,0,6,4,0.3333
4,56.0000,12,9,147.8014,-71.6407,-0.4943,37,0.9250,0.0000,4,4,0,0,0,4,0,1.0000
4,56.0000,12,13,395.7666,-84.7620,0.3304,34,0.8500,0.4000,5,4,0,0,0,4,0,1.0000
4,56.0000,12,15,644.4919,-87.5023,-0.2376,27,0.6750,0.5000,6,7,5,0,0,7,5,0.2857
4,56.0000,12,17,564.6754,-86.4174,-0.2881,29,0.7250,0.5000,4,8,5,0,0,8,5,0.3750
4,56.0000,12,18,676.0006,-87.5196,0.2987,25,0.6250,0.8571,7,7,5,0,0,7,5,0.2857
4,56.0000,12,19,777.4772,-88.1916,0.2018,17,0.4250,1.0000,8,8,8,0,0,8,8,0.0000
4,56.0000,12,21,447.5354,-85.2971,-0.0475,34,0.8500,0.0000,4,6,4,0,0,6,4,0.3333
4,56.0000,12,22,527.6292,-86.3023,0.0260,33,0.8250,0.4000,5,6,4,0,0,6,4,0.3333
4,56.0000,12,23,1075.9058,-88.6054,-0.3956,5,0.1250,1.0000,6,4,4,0,0,4,4,0.0000
4,56.0000,13,0,103.3373,-66.2018,-1.6502,39,0.9750,0.0000,4,4,0,0,0,4,0,1.0000
4,56.0000,13,2,370.6845,-82.5524,-0.6397,34,0.8500,0.0000,4,4,0,0,0,4,0,1.0000
4,56.0000,13,3,971.4147,-88.9774,-0.0003,4,0.1000,1.0000,8,8,8,0,0,8,8,0.0000
4,56.0000,13,6,365.6521,-83.8865,0.3460,37,0.9250,0.4286,7,5,1,0,0,5,1,0.8000
4,56.0000,13,9,453.8726,-84.6906,-0.4592,35,0.8750,0.2000,5,6,2,0,0,6,2,0.6667
4,56.0000,13,12,395.7666,-83.8773,1.0697,31,0.7750,0.5000,6,4,0,0,0,4,0,1.0000
4,56.0000,13,15,820.9786,-88.8603,-0.2196,4,0.1000,0.8750,8,6,5,0,0,6,5,0.1667
4,56.0000,13,17,501.9649,-84.6752,-0.5299,28,0.7000,0.6667,6,6,3,0,0,6,3,0.5000
4,56.0000,13,18,819.0873,-88.6364,0.7635,7,0.1750,0.8750,8,7,5,0,0,7,5,0.2857
4,56.0000,13,19,681.3390,-87.4501,-0.0134,19,0.4750,0.8571,7,7,6,0,0,7,6,0.1429
4,56.0000,13,21,441.1279,-84.0580,-1.3649,31,0.7750,0.2000,5,5,2,0,0,5,2,0.6000
4,56.0000,13,22,347.8366,-83.1777,1.0960,36,0.9000,0.4000,5,4,0,0,0,4,0,1.0000
4,56.0000,14,1,186.1167,-79.0411,1.6313,39,0.9750,0.2000,5,4,0,0,0,4,0,1.0000
4,56.0000,14,4,193.4390,-78.4582,0.9596,39,0.9750,0.0000,4,5,1,0,0,5,1,0.8000
4,56.0000,14,5,926.6880,-88.3257,-0.1481,13,0.3250,1.0000,8,8,8,0,0,8,8,0.0000
4,56.0000,14,7,407.2214,-81.8839,-1.0429,36,0.9000,0.0000,4,4,0,0,0,4,0,1.0000
4,56.0000,14,8,856.8929,-88.6539,-0.0886,9,0.2250,0.8750,8,8,8,0,0,8,8,0.0000
4,56.0000,14,10,559.2955,-85.0650,-0.0414,33,0.8250,0.0000,4,7,4,0,0,7,4,0.4286
4,56.0000,14,11,552.4208,-86.1033,-0.2033,29,0.7250,0.5000,6,4,0,0,0,4,0,1.0000
4,56.0000,14,16,231.0606,-77.0212,-0.4633,39,0.9750,0.0000,4,4,0,0,0,4,0,1.0000
4,56.0000,14,20,884.3373,-88.5730,-0.3838,11,0.2750,0.8750,8,4,3,0,0,4,3,0.2500
4,56.0000,14,23,477.6240,-85.5892,0.7780,31,0.7750,0.5714,7,5,2,0,0,5,2,0.6000
4,56.0000,14,25,881.8446,-88.5183,0.0768,7,0.1750,1.0000,8,8,8,0,0,8,8,0.0000
4,56.0000,15,0,798.2896,-88.2080,-0.9261,5,0.1250,1.0000,8,6,5,0,0,6,5,0.1667
4,56.0000,15,1,810.3731,-88.3556,-0.6759,18,0.4500,1.0000,8,8,7,0,0,8,7,0.1250
4,56.0000,15,2,739.8268,-88.2690,0.1302,13,0.3250,1.0000,8,7,4,0,0,7,4,0.4286
4,56.0000,15,3,220.2468,-78.8314,0.8033,38,0.9500,0.0000,4,4,0,0,0,4,0,1.0000
4,56.0000,15,7,1031.4484,-88.5919,-0.1632,5,0.1250,1.0000,4,8,8,0,0,8,8,0.0000
4,56.0000,15,9,537.2949,-86.8759,0.1395,22,0.5500,0.5000,6,4,0,0,0,4,0,1.0000
4,56.0000,15,11,699.9346,-87.5772,-0.3354,19,0.4750,0.8571,7,6,2,0,0,6,2,0.6667
4,56.0000,15,12,644.4919,-87.6302,0.1254,17,0.4250,0.6667,6,6,4,0,0,6,4,0.3333
4,56.0000,15,13,820.9786,-88.7133,-0.0819,12,0.3000,0.8750,8,8,7,0,0,8,7,0.1250
4,56.0000,15,16,797.2140,-88.0076,0.5251,12,0.3000,1.0000,8,8,8,0,0,8,8,0.0000
4,56.0000,15,17,552.8002,-88.1571,0.4213,25,0.6250,0.5000,8,5,1,1,0,6,1,0.8333
4,56.0000,15,18,378.0808,-84.8226,0.2028,31,0.7750,0.4000,5,4,0,0,0,4,0,1.0000
4,56.0000,15,19,862.2911,-88.4866,0.2513,4,0.1000,1.0000,8,8,8,0,0,8,8,0.0000
4,56.0000,15,21,537.8050,-87.7805,-0.3724,20,0.5000,0.6667,6,4,0,0,0,4,0,1.0000
4,56.0000,15,22,804.2537,-87.3434,-0.1297,6,0.1500,1.0000,8,7,6,0,0,7,6,0.1429
4,56.0000,15,23,877.5052,-88.9759,0.3930,6,0.1500,1.0000,8,8,8,0,0,8,8,0.0000
4,56.0000,16,1,122.9622,-75.0890,1.7137,40,1.0000,0.0000,4,4,0,0,0,4,0,1.0000
4,56.0000,16,3,892.3388,-89.1295,0.7655,6,0.1500,1.0000,6,8,7,0,0,8,7,0.1250
4,56.0000,16,4,405.1144,-83.4295,-0.1582,39,0.9750,0.0000,4,5,1,0,0,5,1,0.8000
4,56.0000,16,7,479.9868,-84.4213,0.3289,35,0.8750,0.0000,4,6,2,0,0,6,2,0.6667
4,56.0000,16,8,1015.6619,-88.0786,-0.8200,3,0.0750,1.0000,6,6,6,0,0,6,6,0.0000
4,56.0000,16,10,692.7572,-86.9201,-0.2040,25,0.6250,0.8571,7,8,8,0,0,8,8,0.0000
4,56.0000,16,11,484.5535,-85.3339,-0.1061,35,0.8750,0.0000,4,6,2,0,0,6,2,0.6667
4,56.0000,16,14,231.0606,-76.2135,-0.6081,40,1.0000,0.0000,4,4,0,0,0,4,0,1.0000
4,56.0000,16,15,797.2140,-87.7335,-0.1577,10,0.2500,0.8750,8,8,8,0,0,8,8,0.0000
4,56.0000,16,17,971.2898,-89.2253,-0.1691,4,0.1000,1.0000,2,8,8,0,0,8,8,0.0000
4,56.0000,16,21,976.7491,-88.6629,-0.3998,5,0.1250,1.0000,2,8,8,0,0,8,8,0.0000
4,56.0000,16,23,466.3947,-84.7296,0.0402,33,0.8250,0.5000,6,5,1,0,0,5,1,0.8000
4,56.0000,17,0,462.8879,-85.0899,-0.0269,34,0.8500,0.2000,5,6,4,0,0,6,4,0.3333
4,56.0000,17,1,932.7282,-88.9459,0.0169,12,0.3000,1.0000,10,6,6,0,0,6,6,0.0000
4,56.0000,17,2,380.7189,-83.7425,-0.1584,39,0.9750,0.0000,4,5,1,0,0,5,1,0.8000
4,56.0000,17,3,764.4561,-88.4313,0.4235,11,0.2750,0.8571,7,7,6,2,2,9,8,0.1111
4,56.0000,17,6,842.3085,-88.3658,-0.0667,13,0.3250,1.0000,8,8,8,0,0,8,8,0.0000
4,56.0000,17,9,570.0819,-86.6330,-0.0152,31,0.7750,0.4000,5,7,3,0,0,7,3,0.5714
4,56.0000,17,12,564.6754,-86.4835,0.5800,35,0.8750,0.5714,7,6,4,0,0,6,4,0.3333
4,56.0000,17,13,501.9649,-85.4477,-0.2827,33,0.8250,0.0000,4,5,2,0,0,5,2,0.6000
4,56.0000,17,14,1108.8921,-89.8326,-0.0413,3,0.0750,1.0000,2,6,6,0,0,6,6,0.0000
4,56.0000,17,15,552.8002,-87.0234,-0.1648,27,0.6750,0.6667,6,7,5,0,0,7,5,0.2857
4,56.0000,17,18,761.3462,-88.0617,0.1405,16,0.4000,1.0000,8,5,3,0,0,5,3,0.4000
4,56.0000,17,19,909.5916,-88.8407,0.0037,17,0.4250,1.0000,8,8,8,0,0,8,8,0.0000
4,56.0000,17,21,126.2375,-74.8091,0.5719,39,0.9750,0.0000,3,4,0,0,0,4,0,1.0000
4,56.0000,17,22,682.7583,-87.3013,0.1070,22,0.5500,0.7143,7,6,3,0,0,6,3,0.5000
4,56.0000,17,23,754.7177,-88.1754,0.2086,17,0.4250,0.8571,7,7,4,0,0,7,4,0.4286
4,56.0000,18,0,835.6738,-88.6734,0.7647,9,0.2250,1.0000,8,7,6,0,0,7,6,0.1429
4,56.0000,18,2,890.7812,-88.1314,-0.0938,10,0.2500,1.0000,8,8,7,0,0,8,7,0.1250
4,56.0000,18,3,302.4091,-81.3919,-0.6569,38,0.9500,0.0000,4,4,0,0,0,4,0,1.0000
4,56.0000,18,6,989.6894,-88.9482,-0.4244,6,0.1500,1.0000,8,7,6,0,0,7,6,0.1429
4,56.0000,18,9,530.9927,-86.1543,0.6427,26,0.6500,0.7143,7,5,2,0,0,5,2,0.6000
4,56.0000,18,12,676.0006,-87.0668,-0.5292,18,0.4500,0.7143,7,7,5,0,0,7,5,0.2857
4,56.0000,18,13,819.0873,-88.3465,-0.2235,10,0.2500,1.0000,8,8,8,0,0,8,8,0.0000
4,56.0000,18,15,378.0808,-83.8906,0.9275,31,0.7750,0.4000,5,4,0,0,0,4,0,1.0000
4,56.0000,18,17,761.3462,-88.3343,0.0716,11,0.2750,0.8571,7,8,7,0,0,8,7,0.1250
4,56.0000,18,19,576.5061,-85.5556,-0.7559,30,0.7500,0.8571,7,6,4,0,0,6,4,0.3333
4,56.0000,18,21,735.2920,-88.3664,0.2956,13,0.3250,0.8571,7,6,3,0,0,6,3,0.5000
4,56.0000,18,22,647.6135,-86.5917,-0.9957,23,0.5750,0.6667,6,7,6,0,0,7,6,0.1429
4,56.0000,19,0,761.4477,-87.6828,0.1373,18,0.4500,0.6667,6,8,7,0,0,8,7,0.1250
4,56.0000,19,2,971.3098,-88.6233,-1.8802,5,0.1250,0.9000,10,8,8,0,0,8,8,0.0000
4,56.0000,19,3,869.8987,-87.3699,0.5898,14,0.3500,0.6667,6,8,8,0,0,8,8,0.0000
4,56.0000,19,6,617.3504,-86.3373,0.5155,23,0.5750,0.4286,7,6,3,0,0,6,3,0.5000
4,56.0000,19,9,688.8282,-86.6665,0.2591,19,0.4750,0.7143,7,7,6,0,0,7,6,0.1429
4,56.0000,19,12,777.4772,-87.8453,-0.4781,11,0.2750,0.5000,6,7,6,0,0,7,6,0.1429
4,56.0000,19,13,681.3390,-87.9813,-0.1905,17,0.4250,0.7143,7,7,5,0,0,7,5,0.2857
4,56.0000,19,15,862.2911,-88.3152,0.2417,9,0.2250,1.0000,8,8,8,0,0,8,8,0.0000
4,56.0000,19,17,909.5916,-87.9403,0.0524,12,0.3000,1.0000,8,8,8,0,0,8,8,0.0000
4,56.0000,19,18,576.5061,-86.1488,-0.4419,32,0.8000,0.5714,7,7,6,0,0,7,6,0.1429
4,56.0000,19,21,890.9003,-87.7519,0.2006,13,0.3250,1.0000,8,8,8,0,0,8,8,0.0000
4,56.0000,19,22,337.5610,-81.1486,-0.9247,36,0.9000,0.0000,4,6,4,0,0,6,4,0.3333
4,56.0000,20,4,700.5039,-86.8194,-0.6560,19,0.4750,0.7500,8,8,8,0,0,8,8,0.0000
4,56.0000,20,5,430.6192,-84.8686,0.0753,35,0.8750,0.0000,4,4,0,0,0,4,0,1.0000
4,56.0000,20,8,445.2356,-84.6976,0.3565,32,0.8000,0.4000,5,5,1,0,0,5,1,0.8000
4,56.0000,20,10,624.8335,-86.6274,0.2263,22,0.5500,0.5714,7,7,4,0,0,7,4,0.4286
4,56.0000,20,14,884.3373,-87.6023,1.2781,7,0.1750,1.0000,8,8,8,0,0,8,8,0.0000
4,56.0000,20,24,885.0987,-87.7557,0.1766,5,0.1250,0.8571,7,8,7,0,0,8,7,0.1250
4,56.0000,20,25,503.0045,-85.1781,-0.3515,34,0.8500,0.7711,83,6,4,80,69,86,73,0.1512
4,56.0000,21,0,384.9616,-82.8662,-0.1430,37,0.9250,0.0000,4,6,1,0,0,6,1,0.8333
4,56.0000,21,1,929.6691,-89.3457,0.1637,10,0.2500,1.0000,4,8,8,0,0,8,8,0.0000
4,56.0000,21,2,273.8452,-80.5909,0.2041,40,1.0000,0.0000,4,4,0,0,0,4,0,1.0000
4,56.0000,21,3,745.5104,-88.1236,-0.0703,14,0.3500,0.7500,8,7,5,0,0,7,5,0.2857
4,56.0000,21,6,798.6604,-88.0422,0.2097,19,0.4750,0.8571,7,7,6,0,0,7,6,0.1429
4,56.0000,21,9,466.8026,-84.0282,0.0586,38,0.9500,0.5000,6,4,0,0,0,4,0,1.0000
4,56.0000,21,12,447.5354,-84.1367,0.7245,33,0.8250,0.0000,4,7,4,0,0,7,4,0.4286
4,56.0000,21,13,441.1279,-82.6886,0.1952,38,0.9500,0.7901,81,5,1,78,72,83,73,0.1205
4,56.0000,21,15,537.8050,-87.0746,0.7248,27,0.6750,0.7500,8,5,2,0,0,5,2,0.6000
4,56.0000,21,16,976.7491,-89.2905,-0.0206,3,0.0750,1.0000,6,8,8,0,0,8,8,0.0000
4,56.0000,21,17,126.2375,-73.2047,1.1427,39,0.9750,0.0000,4,4,0,0,0,4,0,1.0000
4,56.0000,21,18,735.2920,-88.2936,0.1805,14,0.3500,0.7143,7,8,7,0,0,8,7,0.1250
4,56.0000,21,19,890.9003,-87.2807,-1.0860,10,0.2500,1.0000,8,8,8,0,0,8,8,0.0000
4,56.0000,21,22,644.7359,-85.5833,-1.0760,23,0.5750,0.5000,6,8,6,0,0,8,6,0.2500
4,56.0000,21,23,768.6268,-88.1507,-0.1493,6,0.1500,0.8571,7,7,4,0,0,7,4,0.4286
4,56.0000,22,0,433.5181,-84.3533,-0.0042,35,0.8537,0.0000,4,7,5,29,23,36,28,0.2222
4,56.0000,22,2,669.4653,-87.6358,0.0192,20,0.4878,0.7143,7,7,5,0,0,7,5,0.2857
4,56.0000,22,3,888.0027,-88.1961,0.0653,16,0.3902,0.8750,8,8,8,0,0,8,8,0.0000
4,56.0000,22,6,348.6388,-83.2685,0.5371,35,0.8537,0.2000,5,4,0,0,0,4,0,1.0000
4,56.0000,22,9,491.5946,-83.7466,-0.5062,31,0.7561,0.2500,4,5,2,0,0,5,2,0.6000
4,56.0000,22,12,527.6292,-85.3046,-0.9037,26,0.6341,0.2000,5,5,2,0,0,5,2,0.6000
4,56.0000,22,13,347.8366,-83.2768,0.7553,35,0.8537,0.4000,5,4,0,0,0,4,0,1.0000
4,56.0000,22,15,804.2537,-88.3200,-0.2783,11,0.2683,1.0000,8,8,7,0,0,8,7,0.1250
4,56.0000,22,17,682.7583,-87.4389,-0.2124,21,0.5122,0.7143,7,7,5,8,8,15,13,0.1333
4,56.0000,22,18,647.6135,-87.1204,-0.0645,26,0.6341,0.0000,4,7,5,0,0,7,5,0.2857
4,56.0000,22,19,337.5610,-81.4595,-0.8581,37,0.9024,0.2000,5,6,2,0,0,6,2,0.6667
4,56.0000,22,21,644.7359,-86.7777,-0.9959,24,0.5854,0.5000,4,10,10,0,0,10,10,0.0000
4,56.0000,23,1,379.2499,-83.1617,-0.4560,32,0.8000,0.2000,5,6,3,0,0,6,3,0.5000
4,56.0000,23,2,875.5089,-88.6065,0.3084,8,0.2000,1.0000,6,8,8,0,0,8,8,0.0000
4,56.0000,23,4,609.6553,-87.0555,0.1962,29,0.7250,0.6667,6,5,1,0,0,5,1,0.8000
4,56.0000,23,7,821.1896,-88.4149,0.1416,12,0.3000,0.7143,7,8,8,0,0,8,8,0.0000
4,56.0000,23,10,972.7756,-88.2497,0.2522,9,0.2250,1.0000,8,6,6,0,0,6,6,0.0000
4,56.0000,23,11,783.9215,-87.5836,-0.2583,12,0.3000,0.6667,6,7,5,0,0,7,5,0.2857
4,56.0000,23,12,1075.9058,-89.6023,-0.5491,3,0.0750,1.0000,8,6,6,0,0,6,6,0.0000
4,56.0000,23,14,477.6240,-85.8739,0.0881,33,0.8250,0.3333,6,8,7,0,0,8,7,0.1250
4,56.0000,23,15,877.5052,-88.2923,0.2061,7,0.1750,0.7143,7,4,4,0,0,4,4,0.0000
4,56.0000,23,16,466.3947,-84.9238,-0.0853,35,0.8750,0.4000,5,4,0,0,0,4,0,1.0000
4,56.0000,23,17,754.7177,-88.5748,-0.2850,12,0.3000,1.0000,10,7,6,0,0,7,6,0.1429
4,56.0000,23,21,768.6268,-88.1593,0.1405,11,0.2750,1.0000,8,7,5,0,0,7,5,0.2857
4,56.0000,24,4,955.0554,-88.3039,0.2131,5,0.1250,0.8571,7,8,8,0,0,8,8,0.0000
4,56.0000,24,5,484.2113,-85.7992,0.4709,32,0.8000,0.4000,5,4,0,0,0,4,0,1.0000
4,56.0000,24,8,482.7154,-85.1778,0.1571,29,0.7250,0.0000,4,6,2,0,0,6,2,0.6667
4,56.0000,24,10,559.9906,-86.6785,0.2971,22,0.5500,0.8750,8,4,0,0,0,4,0,1.0000
4,56.0000,24,20,885.0987,-88.1226,-1.1107,5,0.1250,0.8000,5,7,6,0,0,7,6,0.1429
4,56.0000,24,25,435.5519,-84.8414,0.6038,34,0.8500,0.2000,5,7,3,0,0,7,3,0.5714
4,56.0000,25,4,699.4601,-87.1110,-0.2238,20,0.5000,1.0000,8,7,6,0,0,7,6,0.1429
4,56.0000,25,5,103.3631,-61.7532,-0.5911,40,1.0000,0.0000,4,4,0,0,0,4,0,1.0000
4,56.0000,25,7,879.8112,-88.5005,-0.1893,11,0.2750,0.8750,8,8,8,0,0,8,8,0.0000
4,56.0000,25,8,286.3630,-79.0899,-0.6079,39,0.9750,0.0000,4,4,0,0,0,4,0,1.0000
4,56.0000,25,10,403.3030,-84.5360,0.5006,36,0.9000,0.2000,5,5,2,0,0,5,2,0.6000
4,56.0000,25,14,881.8446,-88.8615,-0.1658,8,0.2000,0.8750,8,8,8,0,0,8,8,0.0000
4,56.0000,25,16,1055.1167,-88.8925,0.1828,6,0.1500,1.0000,6,8,8,0,0,8,8,0.0000
4,56.0000,25,20,503.0045,-84.9832,-0.3293,37,0.9250,0.5000,6,4,0,0,0,4,0,1.0000
4,56.0000,25,24,435.5519,-84.9070,0.2221,35,0.8750,0.2000,5,4,0,0,0,4,0,1.0000
4,60.0000,0,2,219.3671,-78.4364,0.4205,39,0.9750,0.0000,4,4,0,0,0,4,0,1.0000
4,60.0000,0,3,864.1772,-89.0394,0.7484,4,0.1000,0.9000,10,5,4,0,0,5,4,0.2000
4,60.0000,0,6,433.0441,-84.4499,0.0096,35,0.8750,0.0000,4,4,0,0,0,4,0,1.0000
4,60.0000,0,9,420.5869,-84.6975,0.1674,34,0.8500,0.0000,4,6,2,0,0,6,2,0.6667
4,60.0000,0,12,209.3093,-79.9699,0.9723,36,0.9000,0.0000,4,4,0,0,0,4,0,1.0000
4,60.0000,0,13,201.2520,-74.4652,-1.6861,39,0.9750,0.0000,4,4,0,0,0,4,0,1.0000
4,60.0000,0,15,620.2057,-87.7740,0.3277,12,0.3000,0.8571,7,5,1,0,0,5,1,0.8000
4,60.0000,0,17,473.7963,-84.6408,-0.4064,36,0.9000,0.3125,16,5,2,19,9,24,11,0.5417
4,60.0000,0,18,701.6112,-88.2555,0.0839,16,0.4000,0.8750,8,6,4,0,0,6,4,0.3333
4,60.0000,0,19,802.6515,-88.4584,0.0833,19,0.4750,0.7143,7,7,6,0,0,7,6,0.1429
4,60.0000,0,21,420.9624,-83.9865,0.0128,31,0.7750,0.2000,5,5,1,0,0,5,1,0.8000
4,60.0000,0,22,466.5670,-84.7011,-0.7284,35,0.8750,0.4000,5,5,2,0,0,5,2,0.6000
4,60.0000,1,3,876.6446,-89.3015,0.1769,3,0.0769,1.0000,8,8,8,4,4,12,12,0.0000
4,60.0000,1,4,240.1332,-81.0773,0.8200,37,0.9487,0.2000,5,4,0,0,0,4,0,1.0000
4,60.0000,1,7,498.6014,-85.4757,0.0820,33,0.8462,0.4286,7,6,3,0,0,6,3,0.5000
4,60.0000,1,8,911.3693,-89.1407,-0.3686,5,0.1282,1.0000,6,6,6,0,0,6,6,0.0000
4,60.0000,1,10,705.3387,-87.3723,0.0914,23,0.5897,0.5000,6,5,1,0,0,5,1,0.8000
4,60.0000,1,11,531.4729,-85.5716,0.2778,30,0.7692,0.5000,6,7,5,0,0,7,5,0.2857
4,60.0000,1,14,138.9333,-74.2740,1.0248,37,0.9487,0.0000,4,4,0,0,0,4,0,1.0000
4,60.0000,1,15,958.1453,-88.7237,-0.3601,13,0.3333,0.8571,7,4,4,0,0,4,4,0.0000
4,60.0000,1,16,189.0369,-73.9174,-1.1318,35,0.8974,0.2000,5,4,0,0,0,4,0,1.0000
4,60.0000,1,17,937.2431,-88.9420,0.0252,7,0.1795,1.0000,8,8,8,0,0,8,8,0.0000
4,60.0000,1,21,915.7924,-88.7427,0.0856,4,0.1026,1.0000,8,7,6,0,0,7,6,0.1429
4,60.0000,1,23,466.6550,-83.8860,0.2218,30,0.7692,0.4000,5,6,4,0,0,6,4,0.3333
4,60.0000,1,25,913.3433,-89.3135,1.1950,3,0.0769,1.0000,8,7,6,0,0,7,6,0.1429
4,60.0000,2,0,219.3671,-78.1747,0.3609,39,0.9750,0.5000,6,4,0,0,0,4,0,1.0000
4,60.0000,2,3,822.6387,-88.7441,0.5335,8,0.2000,0.8333,6,8,7,0,0,8,7,0.1250
4,60.0000,2,6,639.0273,-87.4923,0.6220,21,0.5250,0.7143,7,6,4,0,0,6,4,0.3333
4,60.0000,2,9,430.2286,-84.4705,-0.0295,33,0.8250,0.2000,5,6,3,0,0,6,3,0.5000
4,60.0000,2,11,949.2237,-89.2174,0.4444,6,0.1500,1.0000,6,8,7,0,0,8,7,0.1250
4,60.0000,2,12,257.9408,-81.1630,0.8370,39,0.9750,0.0000,4,4,0,0,0,4,0,1.0000
4,60.0000,2,13,419.5880,-83.2971,0.2813,37,0.9250,0.2000,5,5,1,0,0,5,1,0.8000
4,60.0000,2,15,602.6282,-87.4401,0.8942,21,0.5250,0.7143,7,4,0,0,0,4,0,1.0000
4,60.0000,2,16,1028.2134,-89.0037,-0.1819,3,0.0750,1.0000,4,6,6,0,0,6,6,0.0000
4,60.0000,2,17,398.6102,-83.9400,0.4577,34,0.8500,0.0000,4,6,3,0,0,6,3,0.5000
4,60.0000,2,18,744.7164,-87.4804,0.5641,10,0.2500,0.7143,7,7,5,0,0,7,5,0.2857
4,60.0000,2,19,989.2314,-88.6847,0.6110,7,0.1750,1.0000,8,8,8,0,0,8,8,0.0000
4,60.0000,2,21,299.8368,-80.8064,-0.5532,37,0.9250,0.5000,6,5,1,0,0,5,1,0.8000
4,60.0000,2,22,681.7921,-87.1178,0.1856,26,0.6500,0.7143,7,5,2,0,0,5,2,0.6000
4,60.0000,2,23,823.0218,-89.1530,0.0464,13,0.3250,0.8750,8,8,7,0,0,8,7,0.1250
4,60.0000,3,0,864.1772,-88.3243,-0.6650,6,0.1500,1.0000,8,8,8,0,0,8,8,0.0000
4,60.0000,3,1,876.6446,-88.4362,0.2650,7,0.1750,1.0000,8,8,8,0,0,8,8,0.0000
4,60.0000,3,2,822.6387,-87.5319,-0.8441,3,0.0750,1.0000,6,8,8,0,0,8,8,0.0000
4,60.0000,3,9,576.0254,-86.5899,0.9557,21,0.5250,0.8667,15,7,5,2,2,9,7,0.2222
4,60.0000,3,11,587.2772,-86.4350,0.3126,18,0.4500,0.7143,7,5,2,0,0,5,2,0.6000
4,60.0000,3,12,826.1820,-88.6989,-0.6444,7,0.1750,1.0000,8,8,8,0,0,8,8,0.0000
4,60.0000,3,13,966.9002,-88.9837,1.1257,4,0.1000,1.0000,6,8,8,0,0,8,8,0.0000
4,60.0000,3,15,260.2126,-79.4742,0.0401,35,0.8750,0.2500,4,4,0,0,0,4,0,1.0000
4,60.0000,3,16,698.9558,-87.9168,0.2292,13,0.3250,1.0000,8,8,8,0,0,8,8,0.0000
4,60.0000,3,17,631.0720,-87.2463,0.4454,15,0.3750,0.5000,6,4,0,0,0,4,0,1.0000
4,60.0000,3,18,328.6389,-82.3070,-0.1965,33,0.8250,0.0000,3,5,2,0,0,5,2,0.6000
4,60.0000,3,21,653.9209,-87.6439,-0.1427,11,0.2750,0.8750,8,5,2,0,0,5,2,0.6000
4,60.0000,3,22,1015.5438,-89.3959,0.0839,3,0.0750,1.0000,6,4,4,0,0,4,4,0.0000
4,60.0000,3,23,919.1256,-88.8721,-0.1336,4,0.1000,1.0000,4,3,2,0,0,3,2,0.3333
4,60.0000,4,1,240.1332,-81.4755,0.9404,39,0.9750,0.7143,7,5,1,0,0,5,1,0.8000
4,60.0000,4,5,826.9069,-88.4466,-0.4553,16,0.4000,0.8750,8,8,8,0,0,8,8,0.0000
4,60.0000,4,7,449.6784,-84.4944,0.4542,35,0.8750,0.3333,6,4,0,0,0,4,0,1.0000
4,60.0000,4,8,703.7736,-87.6359,0.2717,29,0.7250,0.9000,10,7,6,0,0,7,6,0.1429
4,60.0000,4,10,506.1925,-85.1346,-0.2876,36,0.9000,0.6667,6,8,5,0,0,8,5,0.3750
4,60.0000,4,11,666.4422,-87.8143,-0.1488,19,0.4750,0.7143,7,6,4,0,0,6,4,0.3333
4,60.0000,4,14,206.9405,-77.1830,-0.5068,40,1.0000,0.0000,4,5,1,0,0,5,1,0.8000
4,60.0000,4,16,418.5411,-84.2888,0.1491,32,0.8000,0.0000,4,5,1,0,0,5,1,0.8000
4,60.0000,4,20,841.5389,-88.1105,-0.0840,22,0.5500,1.0000,8,8,8,0,0,8,8,0.0000
4,60.0000,4,21,1134.8934,-89.0843,0.0559,3,0.0750,1.0000,4,4,4,0,0,4,4,0.0000
4,60.0000,4,23,632.6737,-87.4030,-0.0897,22,0.5500,0.8750,8,7,5,0,0,7,5,0.2857
4,60.0000,4,24,916.8214,-88.5985,0.1192,9,0.2250,1.0000,2,8,8,0,0,8,8,0.0000
4,60.0000,4,25,688.0682,-87.3905,0.2870,24,0.6000,0.8750,8,7,5,0,0,7,5,0.2857
4,60.0000,5,4,826.9069,-88.0982,0.3003,14,0.3500,0.5000,6,8,8,0,0,8,8,0.0000
4,60.0000,5,7,1015.5468,-89.2008,-0.2241,5,0.1250,1.0000,8,2,2,0,0,2,2,0.0000
4,60.0000,5,8,291.4543,-79.2544,-0.4988,39,0.9750,0.0000,4,5,1,0,0,5,1,0.8000
4,60.0000,5,10,443.6718,-84.9213,0.3059,36,0.9000,0.0000,4,4,0,0,0,4,0,1.0000
4,60.0000,5,14,1005.8692,-88.0638,-0.8281,4,0.1000,1.0000,8,6,6,0,0,6,6,0.0000
4,60.0000,5,20,347.3079,-83.7109,0.3976,39,0.9750,0.0000,4,4,0,0,0,4,0,1.0000
4,60.0000,5,24,520.0175,-85.3328,0.1923,35,0.8750,0.2000,5,7,4,0,0,7,4,0.4286
4,60.0000,5,25,294.3714,-76.7337,-2.7393,40,1.0000,0.0000,4,6,3,0,0,6,3,0.5000
4,60.0000,6,0,433.0441,-84.6537,-0.0397,34,0.8718,0.4000,5,7,4,0,0,7,4,0.4286
4,60.0000,6,2,639.0273,-86.7885,0.1090,13,0.3333,0.8571,7,7,4,0,0,7,4,0.4286
4,60.0000,6,9,753.4685,-87.9945,0.3685,18,0.4615,0.8571,7,7,6,0,0,7,6,0.1429
4,60.0000,6,12,551.9996,-86.9675,0.2463,19,0.4872,0.7143,7,5,2,2,2,7,4,0.4286
4,60.0000,6,13,248.2416,-81.4903,0.8179,38,0.9744,0.2000,5,5,1,18,1,23,2,0.9130
4,60.0000,6,15,951.6130,-88.5249,0.3727,3,0.0769,1.0000,4,8,8,0,0,8,8,0.0000
4,60.0000,6,17,832.6579,-88.4151,0.4732,9,0.2308,0.9583,48,8,8,0,0,8,8,0.0000
4,60.0000,6,18,951.9166,-87.7870,-0.3237,3,0.0769,1.0000,8,8,8,0,0,8,8,0.0000
4,60.0000,6,19,697.7015,-85.9402,-0.4923,23,0.5897,0.6667,6,7,6,0,0,7,6,0.1429
4,60.0000,6,21,817.2101,-88.4863,0.1000,13,0.3333,0.8750,8,7,4,0,0,7,4,0.4286
4,60.0000,6,22,292.9357,-80.9418,0.8163,37,0.9487,0.2414,29,5,1,23,1,28,2,0.9286
4,60.0000,7,1,498.6014,-84.9911,0.2263,36,0.9000,0.0000,4,7,5,0,0,7,5,0.2857
4,60.0000,7,3,988.8277,-87.7043,-0.1360,3,0.0750,1.0000,8,6,6,0,0,6,6,0.0000
4,60.0000,7,4,449.6784,-84.6670,0.3110,30,0.7500,0.5000,6,5,2,0,0,5,2,0.6000
4,60.0000,7,5,1015.5468,-88.3687,0.6282,4,0.1000,1.0000,8,8,8,0,0,8,8,0.0000
4,60.0000,7,8,989.3314,-88.7048,0.0174,10,0.2500,1.0000,8,4,4,0,0,4,4,0.0000
4,60.0000,7,10,726.8320,-87.7925,-0.6825,20,0.5000,1.0000,8,8,8,0,0,8,8,0.0000
4,60.0000,7,11,460.0632,-84.0444,-0.4595,38,0.9500,0.4000,5,8,5,0,0,8,5,0.3750
4,60.0000,7,14,552.3553,-85.3098,-0.0730,33,0.8250,0.6667,6,6,4,0,0,6,4,0.3333
4,60.0000,7,16,552.2064,-85.8390,-0.5795,35,0.8750,0.5000,6,8,6,0,0,8,6,0.2500
4,60.0000,7,23,916.6570,-89.0741,-0.1081,7,0.1750,1.0000,8,8,7,0,0,8,7,0.1250
4,60.0000,7,24,992.5536,-88.9442,0.9223,3,0.0750,1.0000,6,8,8,0,0,8,8,0.0000
4,60.0000,7,25,776.7853,-88.4776,-0.5762,7,0.1750,1.0000,8,8,8,0,0,8,8,0.0000
4,60.0000,8,1,911.3693,-89.2366,-0.2416,4,0.1000,1.0000,8,8,8,0,0,8,8,0.0000
4,60.0000,8,4,703.7736,-87.6475,0.1078,22,0.5500,0.5000,6,7,5,0,0,7,5,0.2857
4,60.0000,8,5,291.4543,-80.6243,-0.4021,39,0.9750,0.0000,3,4,0,0,0,4,0,1.0000
4,60.0000,8,7,989.3314,-88.8184,0.0695,4,0.1000,1.0000,8,8,8,0,0,8,8,0.0000
4,60.0000,8,10,301.3243,-82.4796,0.1250,36,0.9000,0.2000,5,4,0,0,0,4,0,1.0000
4,60.0000,8,14,862.1292,-88.1815,0.3282,8,0.2000,0.8571,7,8,8,0,0,8,8,0.0000
4,60.0000,8,20,396.0654,-84.1298,0.6684,36,0.9000,0.0000,4,5,1,0,0,5,1,0.8000
4,60.0000,8,24,522.3694,-85.6152,-0.5254,36,0.9000,0.6667,6,4,0,0,0,4,0,1.0000
4,60.0000,8,25,401.4586,-82.5100,-0.4141,39,0.9750,0.0000,4,5,1,0,0,5,1,0.8000
4,60.0000,9,0,420.5869,-83.6996,0.5118,34,0.8500,0.0000,4,5,2,0,0,5,2,0.6000
4,60.0000,9,2,430.2286,-83.3123,0.3272,33,0.8250,0.2000,5,5,1,0,0,5,1,0.8000
4,60.0000,9,3,576.0254,-87.0060,0.5314,19,0.4750,0.7143,7,7,3,0,0,7,3,0.5714
4,60.0000,9,6,753.4685,-87.8978,0.1898,17,0.4250,0.6667,6,7,6,0,0,7,6,0.1429
4,60.0000,9,11,804.4981,-88.2425,0.1523,7,0.1750,0.8333,6,8,6,0,0,8,6,0.2500
4,60.0000,9,12,289.6973,-77.3098,-1.8102,37,0.9250,0.0000,4,5,2,0,0,5,2,0.6000
4,60.0000,9,13,525.9133,-84.7265,-0.6369,33,0.8250,0.4000,5,5,1,0,0,5,1,0.8000
4,60.0000,9,15,414.7433,-85.0523,0.6135,31,0.7750,0.2000,5,4,0,0,0,4,0,1.0000
4,60.0000,9,16,1024.7521,-89.4518,-0.2664,3,0.0750,1.0000,4,6,6,0,0,6,6,0.0000
4,60.0000,9,17,569.1944,-85.7594,-0.3053,25,0.6250,0.6667,6,5,1,0,0,5,1,0.8000
4,60.0000,9,18,436.3245,-84.6410,0.7922,33,0.8250,0.5714,7,6,3,0,0,6,3,0.5000
4,60.0000,9,19,779.3566,-87.7540,0.0857,20,0.5000,0.8571,7,8,8,0,0,8,8,0.0000
4,60.0000,9,21,514.1217,-84.7467,0.4199,28,0.7000,0.5000,6,8,6,0,0,8,6,0.2500
4,60.0000,9,22,642.1488,-86.0352,-0.8681,30,0.7500,1.0000,8,7,6,0,0,7,6,0.1429
4,60.0000,10,1,705.3387,-87.2490,0.1267,16,0.4000,0.7143,7,7,5,35,34,42,39,0.0714
4,60.0000,10,4,506.1925,-84.7660,-0.4494,36,0.9000,0.4000,5,6,4,0,0,6,4,0.3333
4,60.0000,10,5,443.6718,-84.8938,0.0908,35,0.8750,0.0000,4,6,3,0,0,6,3,0.5000
4,60.0000,10,7,726.8320,-86.9985,-0.0697,16,0.4000,0.8750,8,8,8,0,0,8,8,0.0000
4,60.0000,10,8,301.3243,-82.3766,0.0273,38,0.9500,0.7089,79,4,0,61,30,65,30,0.5385
4,60.0000,10,14,692.7184,-87.1359,-0.1093,26,0.6500,0.6250,8,7,6,0,0,7,6,0.1429
4,60.0000,10,16,845.5168,-88.1591,-0.2845,20,0.5000,0.8750,8,8,8,0,0,8,8,0.0000
4,60.0000,10,20,619.0517,-86.5772,0.2529,30,0.7500,0.2000,5,5,1,0,0,5,1,0.8000
4,60.0000,10,23,1082.8620,-88.7634,0.0196,4,0.1000,1.0000,8,2,2,0,0,2,2,0.0000
4,60.0000,10,24,439.3996,-85.0792,-0.0953,31,0.7750,0.2000,5,4,0,0,0,4,0,1.0000
4,60.0000,10,25,311.7058,-82.3158,0.9782,38,0.9500,0.0000,4,5,1,0,0,5,1,0.8000
4,60.0000,11,1,531.4729,-85.8315,0.2526,29,0.7250,0.7143,7,6,4,0,0,6,4,0.3333
4,60.0000,11,2,949.2237,-88.9785,0.0694,6,0.1500,1.0000,8,8,8,0,0,8,8,0.0000
4,60.0000,11,3,587.2772,-87.7192,0.0987,15,0.3750,0.9250,40,6,3,6,6,12,9,0.2500
4,60.0000,11,4,666.4422,-87.1397,0.0709,23,0.5750,1.0000,8,7,4,0,0,7,4,0.4286
4,60.0000,11,7,460.0632,-84.2315,-0.1213,37,0.9250,0.4000,5,7,3,0,0,7,3,0.5714
4,60.0000,11,9,804.4981,-88.3505,0.3735,8,0.2000,1.0000,8,8,7,0,0,8,7,0.1250
4,60.0000,11,12,997.7481,-89.1959,-1.2463,4,0.1000,0.8333,6,8,8,0,0,8,8,0.0000
4,60.0000,11,14,611.3408,-86.4613,-0.0585,23,0.5750,0.4000,5,5,2,0,0,5,2,0.6000
4,60.0000,11,15,716.8190,-87.8742,0.2694,17,0.4250,0.8571,21,8,8,14,14,22,22,0.0000
4,60.0000,11,16,455.5157,-85.3765,-0.4328,30,0.7500,0.4000,5,4,0,0,0,4,0,1.0000
4,60.0000,11,17,880.3987,-89.0717,0.3135,5,0.1250,0.8571,7,8,7,0,0,8,7,0.1250
4,60.0000,11,18,851.1182,-88.9780,0.4136,5,0.1250,1.0000,6,8,8,0,0,8,8,0.0000
4,60.0000,11,21,834.0409,-88.2742,0.2179,7,0.1750,1.0000,8,8,7,0,0,8,7,0.1250
4,60.0000,11,23,759.1080,-88.1047,-0.1087,11,0.2750,0.7143,7,7,6,0,0,7,6,0.1429
4,60.0000,12,0,209.3093,-80.6041,1.2956,37,0.9250,0.0000,4,3,0,0,0,3,0,1.0000
4,60.0000,12,2,257.9408,-80.9009,0.3532,37,0.9250,0.0000,4,4,0,0,0,4,0,1.0000
4,60.0000,12,3,826.1820,-88.0952,0.4586,16,0.4000,0.7143,7,8,8,0,0,8,8,0.0000
4,60.0000,12,6,551.9996,-87.1581,0.6602,25,0.6250,0.6667,6,6,2,0,0,6,2,0.6667
4,60.0000,12,9,289.6973,-77.6741,-1.0065,37,0.9250,0.0000,4,4,0,0,0,4,0,1.0000
4,60.0000,12,11,997.7481,-89.3832,-0.8947,4,0.1000,1.0000,6,6,6,0,0,6,6,0.0000
4,60.0000,12,13,339.2406,-82.1339,0.3341,36,0.9000,0.0000,4,6,4,0,0,6,4,0.3333
4,60.0000,12,15,617.2368,-87.0655,-0.1812,22,0.5500,0.7143,7,6,3,0,0,6,3,0.5000
4,60.0000,12,17,573.9561,-87.0931,-0.0716,27,0.6750,0.6250,8,6,4,2,2,8,6,0.2500
4,60.0000,12,18,675.6225,-87.6496,0.2743,23,0.5750,0.7143,7,6,4,0,0,6,4,0.3333
4,60.0000,12,19,836.5877,-88.4717,-0.1602,10,0.2500,1.0000,8,6,5,0,0,6,5,0.1667
4,60.0000,12,21,496.1814,-84.9532,0.0712,31,0.7750,0.6667,6,6,2,0,0,6,2,0.6667
4,60.0000,12,22,556.1406,-85.2564,0.1150,30,0.7500,0.6667,6,7,4,0,0,7,4,0.4286
4,60.0000,13,0,201.2520,-74.7759,-2.1596,39,0.9750,0.0000,4,5,2,0,0,5,2,0.6000
4,60.0000,13,2,419.5880,-83.1369,-0.3037,34,0.8500,0.0000,4,5,1,0,0,5,1,0.8000
4,60.0000,13,3,966.9002,-89.2720,0.2354,4,0.1000,1.0000,8,6,6,0,0,6,6,0.0000
4,60.0000,13,6,248.2416,-81.5519,0.9613,40,1.0000,0.2000,5,4,0,0,0,4,0,1.0000
4,60.0000,13,9,525.9133,-84.8939,-0.3027,24,0.6000,0.3333,6,6,4,0,0,6,4,0.3333
4,60.0000,13,12,339.2406,-82.5270,0.4079,36,0.9000,0.0000,4,4,0,0,0,4,0,1.0000
4,60.0000,13,15,718.1218,-87.9998,0.0044,14,0.3500,0.8333,6,8,8,0,0,8,8,0.0000
4,60.0000,13,17,610.7634,-85.7846,0.0646,24,0.6000,0.5000,6,8,6,27,19,35,25,0.2857
4,60.0000,13,18,745.2294,-87.8645,-0.6075,13,0.3250,0.7143,7,8,6,0,0,8,6,0.2500
4,60.0000,13,19,670.0393,-87.6146,-0.3642,18,0.4500,0.8571,7,6,4,0,0,6,4,0.3333
4,60.0000,13,21,587.3274,-86.2199,0.1701,30,0.7500,0.4000,5,7,5,0,0,7,5,0.2857
4,60.0000,13,22,286.8751,-81.2380,0.2071,38,0.9500,0.0000,4,4,0,0,0,4,0,1.0000
4,60.0000,14,1,138.9333,-73.8564,1.3345,40,0.9756,0.0000,4,4,0,0,0,4,0,1.0000
4,60.0000,14,4,206.9405,-76.7377,-0.3040,37,0.9024,0.2000,5,4,0,0,0,4,0,1.0000
4,60.0000,14,5,1005.8692,-89.2899,0.0824,5,0.1220,1.0000,8,4,4,0,0,4,4,0.0000
4,60.0000,14,7,552.3553,-85.0262,-0.4121,30,0.7317,0.0000,4,6,3,0,0,6,3,0.5000
4,60.0000,14,8,862.1292,-88.5474,-0.1050,6,0.1463,1.0000,8,8,8,0,0,8,8,0.0000
4,60.0000,14,10,692.7184,-87.1847,0.0431,25,0.6098,0.5714,7,5,2,0,0,5,2,0.6000
4,60.0000,14,11,611.3408,-86.2963,-0.1274,23,0.5610,0.0000,4,7,4,0,0,7,4,0.4286
4,60.0000,14,16,314.1823,-80.4549,-0.8845,37,0.9024,0.0000,4,6,3,0,0,6,3,0.5000
4,60.0000,14,20,969.6633,-88.2553,-0.1383,14,0.3415,0.7500,4,6,6,0,0,6,6,0.0000
4,60.0000,14,21,942.7284,-88.8368,0.4923,3,0.0732,1.0000,6,4,4,0,0,4,4,0.0000
4,60.0000,14,23,427.4542,-85.3078,-0.4106,28,0.6829,0.4000,5,5,2,0,0,5,2,0.6000
4,60.0000,14,25,890.4316,-88.9573,-0.3017,8,0.1951,1.0000,8,7,6,0,0,7,6,0.1429
4,60.0000,15,0,620.2057,-87.8523,-0.0101,13,0.3171,0.8333,6,6,4,0,0,6,4,0.3333
4,60.0000,15,1,958.1453,-88.6275,-0.1487,6,0.1463,0.8750,8,6,6,0,0,6,6,0.0000
4,60.0000,15,2,602.6282,-87.2409,0.0066,15,0.3659,0.5714,7,5,1,0,0,5,1,0.8000
4,60.0000,15,3,260.2126,-77.9718,-0.4469,39,0.9512,0.0000,4,4,0,0,0,4,0,1.0000
4,60.0000,15,9,414.7433,-85.3242,0.5244,23,0.5610,0.0000,4,4,0,0,0,4,0,1.0000
4,60.0000,15,11,716.8190,-86.5238,-0.1239,14,0.3415,0.3333,6,7,6,0,0,7,6,0.1429
4,60.0000,15,12,617.2368,-86.2951,-0.5606,17,0.4146,0.6667,6,4,0,0,0,4,0,1.0000
4,60.0000,15,13,718.1218,-88.0330,0.1318,6,0.1463,0.8750,8,6,4,0,0,6,4,0.3333
4,60.0000,15,14,1040.6705,-89.2083,-0.6136,3,0.0732,1.0000,6,6,6,0,0,6,6,0.0000
4,60.0000,15,16,792.0795,-88.0188,-0.2564,7,0.1707,1.0000,8,8,7,0,0,8,7,0.1250
4,60.0000,15,17,414.9287,-84.5151,0.1347,23,0.5610,0.1667,6,7,4,0,0,7,4,0.4286
4,60.0000,15,18,245.4091,-81.2243,0.7157,36,0.8780,0.0000,4,4,0,0,0,4,0,1.0000
4,60.0000,15,19,830.2006,-88.2642,-0.1931,7,0.1707,1.0000,8,7,6,0,0,7,6,0.1429
4,60.0000,15,21,443.5006,-85.3125,0.2021,20,0.4878,0.0000,4,6,3,0,0,6,3,0.5000
4,60.0000,15,22,784.6063,-87.3116,0.1882,10,0.2439,0.8571,7,8,7,0,0,8,7,0.1250
4,60.0000,16,1,189.0369,-73.9506,-0.8483,39,0.9750,0.0000,4,4,0,0,0,4,0,1.0000
4,60.0000,16,3,698.9558,-88.5699,0.3524,8,0.2000,0.8750,8,7,5,0,0,7,5,0.2857
4,60.0000,16,4,418.5411,-84.2857,-0.0938,37,0.9250,0.2000,5,5,2,0,0,5,2,0.6000
4,60.0000,16,7,552.2064,-86.0369,-0.2192,35,0.8750,0.3333,6,6,3,0,0,6,3,0.5000
4,60.0000,16,10,845.5168,-88.1545,-0.0720,17,0.4250,1.0000,8,8,8,0,0,8,8,0.0000
4,60.0000,16,11,455.5157,-84.2017,0.4521,32,0.8000,0.3333,6,4,0,0,0,4,0,1.0000
4,60.0000,16,14,314.1823,-79.8592,-0.5775,40,1.0000,0.0000,4,4,0,0,0,4,0,1.0000
4,60.0000,16,15,792.0795,-88.8078,0.3090,8,0.2000,1.0000,8,7,5,0,0,7,5,0.2857
4,60.0000,16,17,814.2265,-88.7012,-0.2718,8,0.2000,1.0000,8,7,6,0,0,7,6,0.1429
4,60.0000,16,21,806.6558,-88.5705,0.2545,6,0.1500,1.0000,8,8,7,0,0,8,7,0.1250
4,60.0000,16,23,478.0743,-84.4085,0.3630,33,0.8250,0.2000,5,7,2,0,0,7,2,0.7143
4,60.0000,16,25,1060.5703,-89.1543,-1.7918,3,0.0750,1.0000,6,8,8,0,0,8,8,0.0000
4,60.0000,17,0,473.7963,-85.3998,-0.0462,33,0.8250,0.6667,6,5,2,0,0,5,2,0.6000
4,60.0000,17,1,937.2431,-89.2982,0.2151,4,0.1000,1.0000,6,8,8,0,0,8,8,0.0000
4,60.0000,17,2,398.6102,-83.5870,-0.5953,34,0.8500,0.2000,5,5,2,0,0,5,2,0.6000
4,60.0000,17,3,631.0720,-86.9126,-0.3034,13,0.3250,0.8889,9,6,4,0,0,6,4,0.3333
4,60.0000,17,6,832.6579,-88.5026,0.1922,10,0.2500,1.0000,8,8,7,0,0,8,7,0.1250
4,60.0000,17,9,569.1944,-85.5639,-0.0083,25,0.6250,0.4286,7,8,7,0,0,8,7,0.1250
4,60.0000,17,11,880.3987,-88.7825,0.0965,6,0.1500,1.0000,8,8,7,0,0,8,7,0.1250
4,60.0000,17,12,573.9561,-86.4947,-0.3798,23,0.5750,0.6667,6,8,6,0,0,8,6,0.2500
4,60.0000,17,13,610.7634,-85.8213,-0.8659,25,0.6250,0.4000,5,6,4,0,0,6,4,0.3333
4,60.0000,17,14,974.3388,-89.6130,-0.0596,3,0.0750,1.0000,6,4,4,0,0,4,4,0.0000
4,60.0000,17,15,414.9287,-85.3024,0.7941,31,0.7750,0.7143,7,4,0,0,0,4,0,1.0000
4,60.0000,17,16,814.2265,-88.8293,0.0714,6,0.1500,0.7143,7,7,5,0,0,7,5,0.2857
4,60.0000,17,18,625.7120,-87.5866,0.1871,21,0.5250,0.6000,5,5,2,0,0,5,2,0.6000
4,60.0000,17,19,996.0791,-88.4681,-0.1427,6,0.1500,1.0000,8,6,6,0,0,6,6,0.0000
4,60.0000,17,21,122.1701,-72.6985,-0.4627,38,0.9500,0.0000,4,4,0,0,0,4,0,1.0000
4,60.0000,17,22,782.3679,-87.2110,-0.1019,20,0.5000,0.5000,6,7,6,0,0,7,6,0.1429
4,60.0000,17,23,648.9866,-88.1001,0.0986,17,0.4250,0.5714,7,5,1,0,0,5,1,0.8000
4,60.0000,18,0,701.6112,-88.3600,-0.1076,13,0.3250,0.8571,7,7,6,0,0,7,6,0.1429
4,60.0000,18,2,744.7164,-88.9999,0.0496,11,0.2750,0.8750,8,4,2,0,0,4,2,0.5000
4,60.0000,18,3,328.6389,-81.8543,-0.9045,35,0.8750,0.0000,4,4,0,0,0,4,0,1.0000
4,60.0000,18,6,951.9166,-88.7577,0.2750,9,0.2250,0.8571,7,8,8,0,0,8,8,0.0000
4,60.0000,18,9,436.3245,-85.1430,0.2736,31,0.7750,0.4000,5,6,3,0,0,6,3,0.5000
4,60.0000,18,11,851.1182,-88.4327,-0.0797,11,0.2750,0.7143,7,7,6,0,0,7,6,0.1429
4,60.0000,18,12,675.6225,-86.8453,-0.0489,21,0.5250,0.7143,7,7,5,0,0,7,5,0.2857
4,60.0000,18,13,745.2294,-88.4700,-0.3057,19,0.4750,1.0000,8,7,5,0,0,7,5,0.2857
4,60.0000,18,15,245.4091,-81.2817,0.6892,35,0.8750,0.0000,4,3,0,0,0,3,0,1.0000
4,60.0000,18,16,994.0179,-88.9168,-1.8754,3,0.0750,1.0000,6,6,4,0,0,6,4,0.3333
4,60.0000,18,17,625.7120,-86.8896,0.4594,20,0.5000,0.8750,8,4,0,0,0,4,0,1.0000
4,60.0000,18,19,662.8567,-86.6713,-0.7017,25,0.6250,0.6667,6,7,5,0,0,7,5,0.2857
4,60.0000,18,21,653.4418,-87.0709,0.5720,16,0.4000,0.5000,6,7,5,0,0,7,5,0.2857
4,60.0000,18,22,728.3860,-86.8063,-0.2871,26,0.6500,0.8571,7,8,7,0,0,8,7,0.1250
4,60.0000,19,0,802.6515,-88.0874,-0.1286,18,0.4500,0.8750,8,6,4,0,0,6,4,0.3333
4,60.0000,19,2,989.2314,-89.0103,-0.4136,6,0.1500,1.0000,8,6,6,0,0,6,6,0.0000
4,60.0000,19,3,989.5657,-88.9044,0.3138,6,0.1500,1.0000,8,8,7,0,0,8,7,0.1250
4,60.0000,19,6,697.7015,-87.6562,-0.3219,18,0.4500,0.5000,6,7,6,0,0,7,6,0.1429
4,60.0000,19,9,779.3566,-87.7717,0.0880,15,0.3750,0.8571,7,8,8,0,0,8,8,0.0000
4,60.0000,19,12,836.5877,-88.4510,-0.2473,14,0.3500,0.8571,7,8,8,0,0,8,8,0.0000
4,60.0000,19,13,670.0393,-87.7575,0.7759,24,0.6000,0.7143,7,6,4,0,0,6,4,0.3333
4,60.0000,19,15,830.2006,-88.0208,-0.0937,13,0.3250,1.0000,8,6,5,0,0,6,5,0.1667
4,60.0000,19,17,996.0791,-88.1542,-0.7041,3,0.0750,1.0000,8,4,4,0,0,4,4,0.0000
4,60.0000,19,18,662.8567,-87.3636,-0.3565,26,0.6500,0.8571,7,7,6,0,0,7,6,0.1429
4,60.0000,19,21,1028.7895,-88.7225,-0.3391,10,0.2500,1.0000,8,8,8,0,0,8,8,0.0000
4,60.0000,19,22,413.4759,-83.2043,0.1709,38,0.9500,0.6667,6,6,2,0,0,6,2,0.6667
4,60.0000,20,1,1062.4696,-89.7143,-0.0123,3,0.0750,1.0000,6,4,4,0,0,4,4,0.0000
4,60.0000,20,4,841.5389,-87.8059,-0.4021,15,0.3750,1.0000,8,8,8,0,0,8,8,0.0000
4,60.0000,20,5,347.3079,-83.8435,0.7152,34,0.8500,0.0000,4,4,0,0,0,4,0,1.0000
4,60.0000,20,8,396.0654,-84.2020,-0.3662,36,0.9000,0.2000,5,7,4,0,0,7,4,0.4286
4,60.0000,20,10,619.0517,-87.9435,-0.2517,21,0.5250,0.5714,7,7,5,0,0,7,5,0.2857
4,60.0000,20,14,969.6633,-88.7880,-1.0592,4,0.1000,1.0000,8,8,8,0,0,8,8,0.0000
4,60.0000,20,24,839.4915,-88.1064,-0.0695,9,0.2250,0.8750,8,7,6,0,0,7,6,0.1429
4,60.0000,20,25,583.2947,-86.0315,-0.4636,29,0.7250,0.8488,86,6,4,78,70,84,74,0.1190
4,60.0000,21,0,420.9624,-84.1596,-0.1551,37,0.9250,0.1667,6,4,1,0,0,4,1,0.7500
4,60.0000,21,1,915.7924,-88.9044,0.4229,6,0.1500,1.0000,8,8,8,0,0,8,8,0.0000
4,60.0000,21,2,299.8368,-80.2503,-0.0468,37,0.9250,0.0000,4,4,0,0,0,4,0,1.0000
4,60.0000,21,3,653.9209,-87.4923,0.3359,19,0.4750,0.7143,7,6,2,0,0,6,2,0.6667
4,60.0000,21,6,817.2101,-88.2542,0.0716,14,0.3500,0.8571,7,8,7,0,0,8,7,0.1250
4,60.0000,21,9,514.1217,-85.9082,-0.2510,35,0.8750,0.0000,4,6,3,0,0,6,3,0.5000
4,60.0000,21,11,834.0409,-89.1673,0.6286,6,0.1500,1.0000,8,6,4,0,0,6,4,0.3333
4,60.0000,21,12,496.1814,-84.5042,-0.1798,34,0.8500,0.5714,7,5,1,0,0,5,1,0.8000
4,60.0000,21,13,587.3274,-86.4292,-0.4827,31,0.7750,0.8795,83,7,5,80,79,87,84,0.0345
4,60.0000,21,15,443.5006,-85.1640,0.2174,34,0.8500,0.4000,5,5,1,0,0,5,1,0.8000
4,60.0000,21,16,806.6558,-88.9671,0.3325,11,0.2750,1.0000,8,8,7,0,0,8,7,0.1250
4,60.0000,21,17,122.1701,-72.4215,0.3260,40,1.0000,0.0000,4,4,0,0,0,4,0,1.0000
4,60.0000,21,18,653.4418,-87.2508,0.1507,21,0.5250,0.8750,8,6,4,0,0,6,4,0.3333
4,60.0000,21,19,1028.7895,-88.4503,0.2201,8,0.2000,1.0000,8,8,8,0,0,8,8,0.0000
4,60.0000,21,22,791.1251,-87.2600,-0.7708,19,0.4750,0.7500,8,8,6,0,0,8,6,0.2500
4,60.0000,21,23,621.6346,-87.1973,0.5531,24,0.6000,0.5714,7,5,1,0,0,5,1,0.8000
4,60.0000,22,0,466.5670,-84.4325,-0.1697,36,0.9000,0.7778,36,6,3,41,32,47,35,0.2553
4,60.0000,22,2,681.7921,-86.6639,-0.1641,18,0.4500,0.7143,7,8,6,0,0,8,6,0.2500
4,60.0000,22,3,1015.5438,-88.5395,-0.3513,8,0.2000,1.0000,8,6,6,0,0,6,6,0.0000
4,60.0000,22,6,292.9357,-81.8997,0.9082,39,0.9750,0.0000,4,4,0,0,0,4,0,1.0000
4,60.0000,22,9,642.1488,-85.5842,-0.5901,28,0.7000,0.4000,5,7,6,0,0,7,6,0.1429
4,60.0000,22,12,556.1406,-85.1639,-0.1642,32,0.8000,0.4000,5,5,1,0,0,5,1,0.8000
4,60.0000,22,13,286.8751,-81.3072,-0.1769,39,0.9750,0.0000,4,4,0,0,0,4,0,1.0000
4,60.0000,22,15,784.6063,-88.6862,-0.2282,14,0.3500,0.8750,8,6,6,0,0,6,6,0.0000
4,60.0000,22,17,782.3679,-88.1878,0.1864,20,0.5000,0.8667,15,8,8,0,0,8,8,0.0000
4,60.0000,22,18,728.3860,-87.5089,0.1165,18,0.4500,0.7143,7,8,6,0,0,8,6,0.2500
4,60.0000,22,19,413.4759,-83.7619,-0.0324,36,0.9000,0.3333,6,5,1,0,0,5,1,0.8000
4,60.0000,22,21,791.1251,-88.2010,0.2774,18,0.4500,1.0000,10,6,6,0,0,6,6,0.0000
4,60.0000,23,1,466.6550,-83.8659,-0.6180,36,0.9000,0.5000,6,6,4,0,0,6,4,0.3333
4,60.0000,23,2,823.0218,-88.4643,0.0932,9,0.2250,1.0000,8,7,6,0,0,7,6,0.1429
4,60.0000,23,3,919.1256,-88.2902,1.9438,3,0.0750,1.0000,6,8,8,0,0,8,8,0.0000
4,60.0000,23,4,632.6737,-87.3421,0.2673,25,0.6250,0.2000,5,7,4,0,0,7,4,0.4286
4,60.0000,23,7,916.6570,-88.2711,0.6307,12,0.3000,1.0000,8,8,8,0,0,8,8,0.0000
4,60.0000,23,11,759.1080,-88.0055,-0.2386,13,0.3250,0.7143,7,7,5,0,0,7,5,0.2857
4,60.0000,23,14,427.4542,-84.9296,0.2330,36,0.9000,0.8750,8,4,0,0,0,4,0,1.0000
4,60.0000,23,15,868.0461,-88.8293,-0.0381,11,0.2750,1.0000,4,5,4,0,0,5,4,0.2000
4,60.0000,23,16,478.0743,-85.1160,-0.0306,31,0.7750,0.0000,4,5,2,0,0,5,2,0.6000
4,60.0000,23,17,648.9866,-87.5802,0.3866,20,0.5000,0.8571,7,7,6,0,0,7,6,0.1429
4,60.0000,23,21,621.6346,-87.5720,0.5147,17,0.4250,0.7143,7,6,3,0,0,6,3,0.5000
4,60.0000,24,5,520.0175,-85.2353,-0.3087,28,0.7000,0.0000,4,7,5,0,0,7,5,0.2857
4,60.0000,24,7,992.5536,-88.5256,-0.9174,4,0.1000,1.0000,4,6,6,0,0,6,6,0.0000
4,60.0000,24,8,522.3694,-86.0242,-0.1672,30,0.7500,0.3333,6,7,4,0,0,7,4,0.4286
4,60.0000,24,10,439.3996,-84.9811,0.9890,31,0.7750,0.0000,4,4,0,0,0,4,0,1.0000
4,60.0000,24,20,839.4915,-88.3272,-0.4856,11,0.2750,0.8571,7,8,8,0,0,8,8,0.0000
4,60.0000,24,25,384.6104,-84.3147,0.2055,33,0.8250,0.4286,7,4,0,0,0,4,0,1.0000
4,60.0000,25,1,913.3433,-89.3757,-0.0331,7,0.1750,1.0000,2,8,8,0,0,8,8,0.0000
4,60.0000,25,4,688.0682,-87.6692,-0.2196,20,0.5000,0.8571,7,8,6,0,0,8,6,0.2500
4,60.0000,25,5,294.3714,-77.0891,-1.6462,37,0.9250,0.0000,4,4,0,0,0,4,0,1.0000
4,60.0000,25,7,776.7853,-88.8558,0.7459,8,0.2000,1.0000,8,8,8,0,0,8,8,0.0000
4,60.0000,25,8,401.4586,-82.6910,-1.2564,35,0.8750,0.0000,4,4,0,0,0,4,0,1.0000
4,60.0000,25,10,311.7058,-82.4850,0.6330,34,0.8500,0.4000,5,4,0,0,0,4,0,1.0000
4,60.0000,25,14,890.4316,-88.9374,-0.1834,8,0.2000,1.0000,8,8,8,0,0,8,8,0.0000
4,60.0000,25,16,1060.5703,-89.4687,-0.5303,3,0.0750,1.0000,8,2,2,0,0,2,2,0.0000
4,60.0000,25,20,583.2947,-86.1096,-0.2479,32,0.8000,0.0000,4,7,5,0,0,7,5,0.2857
4,60.0000,25,24,384.6104,-84.0569,0.2475,38,0.9500,0.0000,4,5,1,0,0,5,1,0.8000
4,64.0000,0,2,191.1300,-77.7048,0.4031,38,0.9500,0.0000,4,4,0,0,0,4,0,1.0000
4,64.0000,0,3,788.7225,-88.6950,0.1583,13,0.3250,0.8000,5,8,6,0,0,8,6,0.2500
4,64.0000,0,6,435.9543,-84.6018,0.7501,37,0.9250,0.0000,4,5,2,0,0,5,2,0.6000
4,64.0000,0,9,410.3713,-84.2798,-0.4352,35,0.8750,0.3333,6,4,0,0,0,4,0,1.0000
4,64.0000,0,12,165.7221,-75.5995,0.3926,40,1.0000,0.0000,4,4,0,0,0,4,0,1.0000
4,64.0000,0,13,256.3819,-78.3927,-0.8130,40,1.0000,0.0000,4,4,0,0,0,4,0,1.0000
4,64.0000,0,15,459.7139,-85.7027,0.2601,28,0.7000,0.2000,5,6,2,0,0,6,2,0.6667
4,64.0000,0,17,502.1306,-85.7743,-0.1203,33,0.8250,0.4583,24,6,3,0,0,6,3,0.5000
4,64.0000,0,18,594.7788,-87.1253,-0.2192,25,0.6250,0.6667,6,5,2,0,0,5,2,0.6000
4,64.0000,0,19,801.3052,-88.5653,0.0081,13,0.3250,0.8571,7,7,4,0,0,7,4,0.4286
4,64.0000,0,21,483.1301,-84.2010,-0.2678,34,0.8500,0.2000,5,5,1,0,0,5,1,0.8000
4,64.0000,0,22,537.8882,-85.3958,-0.3914,33,0.8250,0.4000,5,7,5,0,0,7,5,0.2857
4,64.0000,0,23,936.9866,-89.1771,0.1011,5,0.1250,1.0000,2,6,6,0,0,6,6,0.0000
4,64.0000,1,3,838.0779,-88.4343,-0.7918,8,0.1951,1.0000,12,7,6,4,4,11,10,0.0909
4,64.0000,1,4,119.8217,-76.0927,1.3215,37,0.9024,0.0000,4,5,1,0,0,5,1,0.8000
4,64.0000,1,7,544.0213,-85.3724,-0.2227,24,0.5854,0.5000,6,6,3,0,0,6,3,0.5000
4,64.0000,1,8,821.6237,-88.3197,-0.0255,7,0.1707,1.0000,6,7,5,0,0,7,5,0.2857
4,64.0000,1,10,703.2745,-87.5564,-0.0413,19,0.4634,0.2000,5,7,6,0,0,7,6,0.1429
4,64.0000,1,11,613.3880,-86.5963,-0.0481,21,0.5122,0.7143,7,7,6,0,0,7,6,0.1429
4,64.0000,1,14,229.4399,-75.4593,-1.0890,38,0.9268,0.0000,4,5,1,0,0,5,1,0.8000
4,64.0000,1,16,329.8559,-79.2466,-1.4265,35,0.8537,0.0000,4,5,2,0,0,5,2,0.6000
4,64.0000,1,17,932.0852,-88.9187,-0.1278,6,0.1463,1.0000,8,8,8,0,0,8,8,0.0000
4,64.0000,1,21,890.9403,-88.5392,-0.4842,7,0.1707,0.8571,7,8,8,0,0,8,8,0.0000
4,64.0000,1,23,551.9615,-85.3571,-0.3718,28,0.6829,0.6667,6,6,4,0,0,6,4,0.3333
4,64.0000,1,25,777.9977,-88.8306,-0.0205,6,0.1463,0.8571,7,7,5,0,0,7,5,0.2857
4,64.0000,2,0,191.1300,-77.1886,0.6753,38,0.9500,0.0000,4,4,0,0,0,4,0,1.0000
4,64.0000,2,3,735.1486,-87.8411,0.3884,16,0.4000,0.8750,8,8,5,0,0,8,5,0.3750
4,64.0000,2,6,588.7306,-87.1701,-0.1548,29,0.7250,0.6667,6,5,1,0,0,5,1,0.8000
4,64.0000,2,9,410.6113,-83.9800,0.5952,30,0.7500,0.5000,6,5,2,0,0,5,2,0.6000
4,64.0000,2,11,798.4195,-88.1134,-0.2713,10,0.2500,0.8750,8,8,7,0,0,8,7,0.1250
4,64.0000,2,12,242.0298,-78.9744,0.2008,37,0.9250,0.0000,4,4,0,0,0,4,0,1.0000
4,64.0000,2,13,444.4246,-83.8408,-0.0364,35,0.8750,0.2000,5,4,0,0,0,4,0,1.0000
4,64.0000,2,15,482.9426,-86.2393,0.0802,32,0.8000,0.0000,4,5,2,0,0,5,2,0.6000
4,64.0000,2,16,920.3667,-89.1938,0.0131,4,0.1000,1.0000,6,7,6,0,0,7,6,0.1429
4,64.0000,2,17,426.5625,-84.3165,-0.0268,32,0.8000,0.5000,6,6,2,0,0,6,2,0.6667
4,64.0000,2,18,624.7165,-86.8584,0.5303,22,0.5500,0.7143,7,7,5,0,0,7,5,0.2857
4,64.0000,2,19,973.7078,-89.4557,0.0144,5,0.1250,1.0000,8,8,8,0,0,8,8,0.0000
4,64.0000,2,21,358.0792,-81.4612,0.0357,35,0.8750,0.2000,5,5,2,0,0,5,2,0.6000
4,64.0000,2,22,726.9229,-87.1409,-0.0216,22,0.5500,0.4000,5,7,6,0,0,7,6,0.1429
4,64.0000,2,23,775.2978,-88.5483,-0.0984,12,0.3000,0.8750,8,8,7,0,0,8,7,0.1250
4,64.0000,3,0,788.7225,-88.3846,0.0983,11,0.2750,1.0000,8,7,5,0,0,7,5,0.2857
4,64.0000,3,1,838.0779,-88.3585,-0.6091,14,0.3500,1.0000,8,7,6,0,0,7,6,0.1429
4,64.0000,3,2,735.1486,-88.5237,0.2428,17,0.4250,1.0000,8,7,6,0,0,7,6,0.1429
4,64.0000,3,4,914.8126,-88.6186,0.0520,7,0.1750,1.0000,8,8,8,0,0,8,8,0.0000
4,64.0000,3,7,918.6439,-89.0453,0.0916,8,0.2000,0.7500,8,8,8,0,0,8,8,0.0000
4,64.0000,3,9,548.9072,-85.0859,0.2641,23,0.5750,0.7778,9,6,2,0,0,6,2,0.6667
4,64.0000,3,11,481.8912,-85.5452,0.3681,30,0.7500,0.4000,5,7,5,0,0,7,5,0.2857
4,64.0000,3,12,899.5169,-88.7362,0.3115,6,0.1500,1.0000,8,6,6,0,0,6,6,0.0000
4,64.0000,3,13,963.2319,-88.7097,-0.5572,8,0.2000,1.0000,8,4,4,0,0,4,4,0.0000
4,64.0000,3,14,887.4372,-88.3825,0.7982,5,0.1250,1.0000,6,7,5,0,0,7,5,0.2857
4,64.0000,3,15,388.6722,-81.2665,-1.1245,36,0.9000,0.0000,4,6,4,0,0,6,4,0.3333
4,64.0000,3,16,515.1079,-86.3850,0.7817,25,0.6250,1.0000,8,7,4,0,0,7,4,0.4286
4,64.0000,3,17,500.8459,-86.0425,0.8033,25,0.6250,0.0000,4,4,0,0,0,4,0,1.0000
4,64.0000,3,18,339.7445,-82.3617,-0.4327,36,0.9000,0.4000,5,6,1,0,0,6,1,0.8333
4,64.0000,3,19,1076.5014,-89.4714,0.0279,4,0.1000,,0,4,4,0,0,4,4,0.0000
4,64.0000,3,21,564.2841,-87.3096,0.5019,21,0.5250,0.4000,5,5,1,0,0,5,1,0.8000
4,64.0000,3,23,779.3550,-88.6825,0.0204,15,0.3750,0.6667,3,7,6,0,0,7,6,0.1429
4,64.0000,4,1,119.8217,-75.8362,1.7224,38,0.9500,0.2000,5,4,0,0,0,4,0,1.0000
4,64.0000,4,3,914.8126,-89.6049,0.0506,3,0.0750,1.0000,6,8,8,0,0,8,8,0.0000
4,64.0000,4,5,978.0029,-88.8239,-0.0241,9,0.2250,1.0000,8,4,4,0,0,4,4,0.0000
4,64.0000,4,7,482.3095,-85.2006,-0.0171,36,0.9000,0.0000,4,6,2,0,0,6,2,0.6667
4,64.0000,4,8,770.4727,-87.2520,-0.6743,17,0.4250,0.8571,7,7,6,0,0,7,6,0.1429
4,64.0000,4,10,645.1442,-86.0550,-0.1443,30,0.7500,0.6250,8,8,8,0,0,8,8,0.0000
4,64.0000,4,11,631.7814,-87.1314,0.2537,22,0.5500,0.6667,6,7,5,0,0,7,5,0.2857
4,64.0000,4,14,265.0114,-78.8417,-0.4370,40,1.0000,0.2000,5,5,2,0,0,5,2,0.6000
4,64.0000,4,16,422.6941,-83.8821,-0.0417,36,0.9000,0.2000,5,5,2,0,0,5,2,0.6000
4,64.0000,4,17,1020.6220,-89.3707,0.2016,4,0.1000,1.0000,4,8,8,0,0,8,8,0.0000
4,64.0000,4,20,985.5423,-88.6440,-0.0241,11,0.2750,1.0000,8,6,6,0,0,6,6,0.0000
4,64.0000,4,23,628.3532,-85.9887,0.1261,26,0.6500,0.7143,7,7,6,0,0,7,6,0.1429
4,64.0000,4,24,895.9013,-88.2698,0.2537,8,0.2000,1.0000,8,7,5,0,0,7,5,0.2857
4,64.0000,4,25,688.8386,-87.4332,-0.0064,22,0.5500,0.7143,7,6,4,0,0,6,4,0.3333
4,64.0000,5,4,978.0029,-88.3141,0.1549,7,0.1750,1.0000,8,8,8,0,0,8,8,0.0000
4,64.0000,5,7,1130.2561,-89.0838,-0.3260,4,0.1000,1.0000,2,2,2,0,0,2,2,0.0000
4,64.0000,5,8,373.9108,-82.3468,-0.8362,37,0.9250,0.2000,5,4,0,0,0,4,0,1.0000
4,64.0000,5,10,455.2071,-84.7644,-0.6843,33,0.8250,0.0000,4,5,1,0,0,5,1,0.8000
4,64.0000,5,20,316.3547,-81.5394,0.4056,40,1.0000,0.0000,4,4,0,0,0,4,0,1.0000
4,64.0000,5,24,571.1777,-86.0306,0.3158,30,0.7500,0.5714,7,6,4,0,0,6,4,0.3333
4,64.0000,5,25,480.0999,-83.6529,-1.4750,35,0.8750,0.5000,6,5,2,0,0,5,2,0.6000
4,64.0000,6,0,435.9543,-84.1837,-0.0242,35,0.8750,0.5714,7,7,6,0,0,7,6,0.1429
4,64.0000,6,2,588.7306,-87.1170,-0.8684,26,0.6500,0.5714,7,6,2,0,0,6,2,0.6667
4,64.0000,6,9,805.8394,-88.1933,0.1283,13,0.3250,0.8571,7,8,7,0,0,8,7,0.1250
4,64.0000,6,12,439.6394,-85.7272,0.5731,32,0.8000,0.5714,7,5,2,0,0,5,2,0.6000
4,64.0000,6,13,252.8307,-79.1707,-0.4489,38,0.9500,0.0870,23,5,2,1,0,6,2,0.6667
4,64.0000,6,15,810.9868,-88.6667,-0.1542,9,0.2250,1.0000,8,8,8,0,0,8,8,0.0000
4,64.0000,6,17,845.8485,-88.3508,0.2463,10,0.2500,1.0000,8,8,8,0,0,8,8,0.0000
4,64.0000,6,18,938.3544,-88.7120,-0.0170,4,0.1000,1.0000,8,8,8,78,78,86,86,0.0000
4,64.0000,6,19,783.2734,-87.4653,0.0029,23,0.5750,0.8571,7,6,6,0,0,6,6,0.0000
4,64.0000,6,21,845.0277,-88.7405,-0.3184,9,0.2250,0.5714,7,8,7,0,0,8,7,0.1250
4,64.0000,6,22,311.2917,-80.9631,-0.5298,38,0.9500,0.0714,28,4,0,0,0,4,0,1.0000
4,64.0000,7,1,544.0213,-85.8930,-0.2564,27,0.6750,0.7143,7,7,4,0,0,7,4,0.4286
4,64.0000,7,3,918.6439,-88.8687,0.4107,3,0.0750,1.0000,6,7,6,0,0,7,6,0.1429
4,64.0000,7,4,482.3095,-84.6179,0.1814,30,0.7500,0.4000,5,5,1,0,0,5,1,0.8000
4,64.0000,7,8,1057.1148,-88.8632,-0.5191,3,0.0750,1.0000,4,8,8,0,0,8,8,0.0000
4,64.0000,7,10,817.3007,-88.1506,-0.7081,16,0.4000,1.0000,8,8,8,0,0,8,8,0.0000
4,64.0000,7,11,562.5565,-85.8169,-0.6301,28,0.7000,0.6250,8,7,5,0,0,7,5,0.2857
4,64.0000,7,14,704.1706,-86.3153,-0.6021,20,0.5000,0.6667,6,7,5,0,0,7,5,0.2857
4,64.0000,7,16,633.2794,-86.2422,-0.2791,20,0.5000,0.7500,8,7,4,0,0,7,4,0.4286
4,64.0000,7,23,993.7645,-88.7190,-0.1408,7,0.1750,0.8750,8,8,8,0,0,8,8,0.0000
4,64.0000,7,24,922.3141,-88.3435,1.2565,3,0.0750,1.0000,8,8,8,0,0,8,8,0.0000
4,64.0000,7,25,692.4367,-88.2348,0.2410,17,0.4250,1.0000,8,7,6,0,0,7,6,0.1429
4,64.0000,8,1,821.6237,-87.7460,0.3333,6,0.1500,1.0000,8,8,8,0,0,8,8,0.0000
4,64.0000,8,4,770.4727,-88.0674,-0.1830,15,0.3750,0.7143,7,8,7,0,0,8,7,0.1250
4,64.0000,8,5,373.9108,-81.7843,-0.5251,38,0.9500,0.0000,4,6,2,0,0,6,2,0.6667
4,64.0000,8,10,318.3343,-81.9610,0.1363,36,0.9000,0.0000,4,4,0,0,0,4,0,1.0000
4,64.0000,8,14,878.7978,-88.6482,0.6414,9,0.2250,1.0000,8,8,8,0,0,8,8,0.0000
4,64.0000,8,20,385.8644,-83.0013,-0.0996,37,0.9250,0.2000,5,4,0,0,0,4,0,1.0000
4,64.0000,8,24,585.1340,-86.4972,-0.4162,30,0.7500,0.0000,4,6,4,0,0,6,4,0.3333
4,64.0000,8,25,541.8368,-85.1115,-0.3007,35,0.8750,0.2000,5,7,6,0,0,7,6,0.1429
4,64.0000,9,0,410.3713,-83.4758,-0.1967,35,0.8750,0.4000,5,5,2,0,0,5,2,0.6000
4,64.0000,9,2,410.6113,-84.0182,-0.1611,35,0.8750,0.2000,5,4,0,0,0,4,0,1.0000
4,64.0000,9,3,548.9072,-86.2718,0.4791,21,0.5250,0.4286,7,4,0,0,0,4,0,1.0000
4,64.0000,9,6,805.8394,-88.0465,0.2470,16,0.4000,0.8571,7,7,6,0,0,7,6,0.1429
4,64.0000,9,11,655.6144,-87.7836,0.8173,17,0.4250,0.7500,8,6,3,0,0,6,3,0.5000
4,64.0000,9,12,446.3041,-83.6684,-0.3366,38,0.9500,0.4000,5,6,3,0,0,6,3,0.5000
4,64.0000,9,13,568.1925,-86.1693,0.4874,30,0.7500,0.2000,5,7,5,0,0,7,5,0.2857
4,64.0000,9,15,369.3943,-84.0233,-0.0432,34,0.8500,0.0000,4,4,0,0,0,4,0,1.0000
4,64.0000,9,16,900.9831,-88.6060,0.1243,9,0.2250,1.0000,6,8,8,0,0,8,8,0.0000
4,64.0000,9,17,576.3800,-86.6172,0.1387,27,0.6750,0.2000,5,7,5,0,0,7,5,0.2857
4,64.0000,9,18,380.7855,-83.6555,0.1596,32,0.8000,0.5000,6,5,1,0,0,5,1,0.8000
4,64.0000,9,19,825.7253,-87.9967,-0.1311,10,0.2500,1.0000,8,8,8,24,23,32,31,0.0312
4,64.0000,9,21,571.0903,-86.4611,0.2075,29,0.7250,0.7500,8,7,5,0,0,7,5,0.2857
4,64.0000,9,22,794.3429,-87.5811,-0.1740,16,0.4000,0.8571,7,8,8,0,0,8,8,0.0000
4,64.0000,9,23,964.0066,-89.0561,0.3067,8,0.2000,1.0000,4,8,8,0,0,8,8,0.0000
4,64.0000,10,1,703.2745,-87.9312,-0.3314,21,0.5250,0.9286,42,7,6,80,80,87,86,0.0115
4,64.0000,10,4,645.1442,-85.7483,-0.3947,30,0.7500,0.6667,6,7,5,0,0,7,5,0.2857
4,64.0000,10,5,455.2071,-84.3738,0.1217,35,0.8750,0.5000,6,6,2,0,0,6,2,0.6667
4,64.0000,10,7,817.3007,-88.6158,-0.0200,14,0.3500,1.0000,8,8,8,0,0,8,8,0.0000
4,64.0000,10,8,318.3343,-81.0585,-0.0060,39,0.9750,0.4615,65,4,0,55,18,59,18,0.6949
4,64.0000,10,14,836.1057,-88.5577,-0.0731,13,0.3250,0.8571,7,8,8,0,0,8,8,0.0000
4,64.0000,10,16,1005.5065,-88.7913,0.0996,7,0.1750,1.0000,8,8,8,0,0,8,8,0.0000
4,64.0000,10,20,618.8999,-87.4056,-0.3896,28,0.7000,0.2000,5,6,4,0,0,6,4,0.3333
4,64.0000,10,24,330.6810,-84.0046,0.8752,38,0.9500,0.0000,4,4,0,0,0,4,0,1.0000
4,64.0000,10,25,294.7658,-80.2666,0.1306,39,0.9750,0.2000,5,4,0,0,0,4,0,1.0000
4,64.0000,11,0,929.9953,-88.7349,-0.4040,6,0.1500,1.0000,4,8,7,0,0,8,7,0.1250
4,64.0000,11,1,613.3880,-86.3865,-0.1031,30,0.7500,0.6667,6,8,6,0,0,8,6,0.2500
4,64.0000,11,2,798.4195,-88.0008,0.5988,13,0.3250,1.0000,8,8,7,0,0,8,7,0.1250
4,64.0000,11,3,481.8912,-85.7051,0.3540,30,0.7500,0.7500,12,5,2,0,0,5,2,0.6000
4,64.0000,11,4,631.7814,-87.1375,0.0512,18,0.4500,0.5714,7,7,5,0,0,7,5,0.2857
4,64.0000,11,7,562.5565,-85.3531,-0.3960,36,0.9000,0.4286,7,7,5,0,0,7,5,0.2857
4,64.0000,11,9,655.6144,-87.3651,-0.0684,17,0.4250,0.8750,8,5,1,78,76,83,77,0.0723
4,64.0000,11,12,972.7708,-89.2475,0.0599,4,0.1000,1.0000,8,7,6,0,0,7,6,0.1429
4,64.0000,11,14,649.9596,-87.3974,0.2288,24,0.6000,0.4000,5,7,6,0,0,7,6,0.1429
4,64.0000,11,15,732.5770,-88.2714,-0.1688,18,0.4500,1.0000,22,7,6,0,0,7,6,0.1429
4,64.0000,11,16,425.9741,-84.5160,0.2914,36,0.9000,0.0000,4,4,0,0,0,4,0,1.0000
4,64.0000,11,17,718.8620,-88.4824,-0.0763,12,0.3000,0.8750,8,7,5,0,0,7,5,0.2857
4,64.0000,11,18,719.9355,-88.1683,0.4532,9,0.2250,1.0000,8,7,6,0,0,7,6,0.1429
4,64.0000,11,21,676.2634,-87.9797,-0.0213,15,0.3750,0.8750,8,4,2,0,0,4,2,0.5000
4,64.0000,11,23,701.0914,-87.3438,0.0497,21,0.5250,0.8571,7,7,4,0,0,7,4,0.4286
4,64.0000,12,0,165.7221,-75.7475,1.0167,40,1.0000,0.0000,3,6,2,0,0,6,2,0.6667
4,64.0000,12,2,242.0298,-78.8909,-0.0843,38,0.9500,0.0000,4,3,0,0,0,3,0,1.0000
4,64.0000,12,3,899.5169,-88.7857,-0.3170,9,0.2250,1.0000,8,8,8,0,0,8,8,0.0000
4,64.0000,12,6,439.6394,-85.2676,0.3461,34,0.8500,0.3333,6,6,4,0,0,6,4,0.3333
4,64.0000,12,9,446.3041,-83.2219,-1.4700,38,0.9500,0.0000,4,6,2,0,0,6,2,0.6667
4,64.0000,12,11,972.7708,-88.2953,-0.2823,10,0.2500,1.0000,6,8,8,0,0,8,8,0.0000
4,64.0000,12,13,298.7446,-82.1165,0.5563,40,1.0000,0.6667,6,6,2,0,0,6,2,0.6667
4,64.0000,12,15,598.0178,-86.5131,-0.2181,26,0.6500,0.5000,6,7,6,0,0,7,6,0.1429
4,64.0000,12,17,639.7416,-86.9529,-0.3910,27,0.6750,0.7500,8,6,4,0,0,6,4,0.3333
4,64.0000,12,18,712.4355,-87.3843,0.2393,23,0.5750,0.6667,6,7,6,0,0,7,6,0.1429
4,64.0000,12,19,870.5215,-88.4003,-0.1983,12,0.3000,0.8333,6,10,10,0,0,10,10,0.0000
4,64.0000,12,21,593.8317,-85.6268,-0.0018,31,0.7750,0.3333,6,5,2,0,0,5,2,0.6000
4,64.0000,12,22,579.5491,-87.2627,-0.4825,29,0.7250,0.5714,7,7,4,0,0,7,4,0.4286
4,64.0000,12,23,1015.0099,-89.1486,0.1205,3,0.0750,1.0000,8,8,8,0,0,8,8,0.0000
4,64.0000,13,0,256.3819,-78.6736,-0.7919,39,0.9750,0.4000,5,4,0,0,0,4,0,1.0000
4,64.0000,13,2,444.4246,-84.0910,-0.1055,35,0.8750,0.2000,5,5,2,0,0,5,2,0.6000
4,64.0000,13,3,963.2319,-89.0834,-0.0908,9,0.2250,1.0000,6,8,8,0,0,8,8,0.0000
4,64.0000,13,6,252.8307,-78.3313,-0.0792,40,1.0000,0.0000,4,4,0,0,0,4,0,1.0000
4,64.0000,13,9,568.1925,-85.7014,-0.1601,33,0.8250,0.6667,6,6,4,0,0,6,4,0.3333
4,64.0000,13,12,298.7446,-81.2613,0.2376,39,0.9750,0.0000,4,5,1,0,0,5,1,0.8000
4,64.0000,13,15,590.3044,-87.3795,0.2430,24,0.6000,1.0000,8,7,3,0,0,7,3,0.5714
4,64.0000,13,17,698.0659,-87.4526,-0.4114,26,0.6500,0.7143,35,7,6,2,2,9,8,0.1111
4,64.0000,13,18,700.6053,-87.7997,0.3064,18,0.4500,0.7500,8,8,8,0,0,8,8,0.0000
4,64.0000,13,19,634.3985,-86.8042,0.5333,27,0.6750,0.6667,6,5,1,0,0,5,1,0.8000
4,64.0000,13,21,709.7837,-87.1841,-0.2384,25,0.6250,0.7143,7,7,5,0,0,7,5,0.2857
4,64.0000,13,22,287.3856,-80.5688,0.3512,39,0.9750,0.0000,4,4,0,0,0,4,0,1.0000
4,64.0000,14,1,229.4399,-75.4861,-1.2330,39,1.0000,0.0000,4,4,0,0,0,4,0,1.0000
4,64.0000,14,3,887.4372,-88.5531,-0.0152,8,0.2051,1.0000,6,8,8,0,0,8,8,0.0000
4,64.0000,14,4,265.0114,-79.0185,-0.2302,38,0.9744,0.0000,4,5,1,0,0,5,1,0.8000
4,64.0000,14,7,704.1706,-86.8498,-0.2477,22,0.5641,0.5000,6,8,8,0,0,8,8,0.0000
4,64.0000,14,8,878.7978,-88.6522,0.9129,4,0.1026,1.0000,8,8,8,0,0,8,8,0.0000
4,64.0000,14,10,836.1057,-87.7673,-0.5319,15,0.3846,0.4000,5,8,8,0,0,8,8,0.0000
4,64.0000,14,11,649.9596,-87.0671,-0.1821,25,0.6410,0.5714,7,6,4,0,0,6,4,0.3333
4,64.0000,14,16,399.6278,-82.6404,-0.5935,39,1.0000,0.5000,6,5,1,0,0,5,1,0.8000
4,64.0000,14,17,859.4800,-88.4740,0.3162,5,0.1282,1.0000,6,8,7,0,0,8,7,0.1250
4,64.0000,14,20,1066.3144,-89.2924,-0.0921,4,0.1026,1.0000,6,4,4,0,0,4,4,0.0000
4,64.0000,14,21,791.3723,-88.7501,-0.0560,9,0.2308,1.0000,4,8,8,0,0,8,8,0.0000
4,64.0000,14,23,387.3124,-84.1291,0.6225,34,0.8718,0.4000,5,6,2,0,0,6,2,0.6667
4,64.0000,14,25,919.7201,-88.2752,-0.1812,10,0.2564,0.8571,7,8,8,0,0,8,8,0.0000
4,64.0000,15,0,459.7139,-85.8271,0.2367,30,0.7500,0.6667,6,4,0,0,0,4,0,1.0000
4,64.0000,15,2,482.9426,-86.3068,0.3251,29,0.7250,0.2000,5,5,1,0,0,5,1,0.8000
4,64.0000,15,3,388.6722,-81.5048,-0.9521,35,0.8750,0.0000,4,7,3,0,0,7,3,0.5714
4,64.0000,15,6,810.9868,-88.7260,0.5058,11,0.2750,0.8571,7,8,7,0,0,8,7,0.1250
4,64.0000,15,9,369.3943,-83.5900,0.1013,35,0.8750,0.0000,4,6,3,0,0,6,3,0.5000
4,64.0000,15,11,732.5770,-87.9143,0.2378,25,0.6250,0.8571,7,7,5,0,0,7,5,0.2857
4,64.0000,15,12,598.0178,-87.0125,0.3821,26,0.6500,0.0000,4,7,5,0,0,7,5,0.2857
4,64.0000,15,13,590.3044,-87.0962,0.2927,28,0.7000,0.6667,6,6,2,0,0,6,2,0.6667
4,64.0000,15,14,1097.6335,-89.2791,0.0570,4,0.1000,1.0000,6,8,8,0,0,8,8,0.0000
4,64.0000,15,16,797.4470,-88.1500,0.2060,15,0.3750,0.8750,8,8,8,0,0,8,8,0.0000
4,64.0000,15,17,354.2198,-83.7915,0.3558,36,0.9000,0.5714,7,4,0,0,0,4,0,1.0000
4,64.0000,15,18,181.2272,-76.5856,0.7218,39,0.9750,0.0000,4,5,2,0,0,5,2,0.6000
4,64.0000,15,19,760.6149,-88.0525,0.1816,16,0.4000,0.8571,7,8,8,0,0,8,8,0.0000
4,64.0000,15,21,442.4186,-84.5175,-0.3133,34,0.8500,0.5000,6,4,0,0,0,4,0,1.0000
4,64.0000,15,22,763.7950,-87.9690,-0.2092,16,0.4000,0.8750,8,8,7,0,0,8,7,0.1250
4,64.0000,15,23,859.9464,-88.9948,0.7779,9,0.2250,0.6667,6,8,8,0,0,8,8,0.0000
4,64.0000,16,1,329.8559,-79.8357,-1.7673,38,0.9500,0.0000,4,7,4,0,0,7,4,0.4286
4,64.0000,16,2,920.3667,-88.5337,0.4105,5,0.1250,1.0000,8,8,7,0,0,8,7,0.1250
4,64.0000,16,3,515.1079,-86.3842,-0.1525,22,0.5500,0.7143,7,5,2,0,0,5,2,0.6000
4,64.0000,16,4,422.6941,-85.0933,0.4786,36,0.9000,0.4000,5,5,2,0,0,5,2,0.6000
4,64.0000,16,7,633.2794,-86.2057,-0.1484,26,0.6500,0.5000,6,6,2,0,0,6,2,0.6667
4,64.0000,16,9,900.9831,-88.8519,0.2190,6,0.1500,0.8750,8,7,5,0,0,7,5,0.2857
4,64.0000,16,10,1005.5065,-88.3947,-0.4296,10,0.2500,1.0000,8,8,8,0,0,8,8,0.0000
4,64.0000,16,11,425.9741,-84.3273,-0.6464,33,0.8250,0.0000,4,4,0,0,0,4,0,1.0000
4,64.0000,16,14,399.6278,-82.9156,-0.8786,37,0.9250,0.0000,4,6,2,0,0,6,2,0.6667
4,64.0000,16,15,797.4470,-87.8776,0.3881,9,0.2250,0.7143,7,8,8,0,0,8,8,0.0000
4,64.0000,16,17,648.4416,-87.5441,0.7667,18,0.4500,0.8571,7,8,6,0,0,8,6,0.2500
4,64.0000,16,18,827.3938,-89.0265,-0.3018,5,0.1250,0.7500,8,7,5,0,0,7,5,0.2857
4,64.0000,16,21,635.4034,-87.2433,0.3118,19,0.4750,0.8750,8,6,4,0,0,6,4,0.3333
4,64.0000,16,23,464.2092,-84.8352,-0.1200,32,0.8000,0.2857,7,4,1,0,0,4,1,0.7500
4,64.0000,16,24,1211.2505,-89.3797,1.2644,3,0.0750,1.0000,2,4,4,0,0,4,4,0.0000
4,64.0000,17,0,502.1306,-85.5540,0.2464,31,0.7750,0.4000,5,4,0,0,0,4,0,1.0000
4,64.0000,17,1,932.0852,-89.0640,0.1216,6,0.1500,1.0000,8,8,8,0,0,8,8,0.0000
4,64.0000,17,2,426.5625,-83.9228,0.0591,35,0.8750,0.4000,5,6,2,0,0,6,2,0.6667
4,64.0000,17,3,500.8459,-86.1298,0.4593,29,0.7250,0.6667,6,6,2,0,0,6,2,0.6667
4,64.0000,17,4,1020.6220,-89.2044,0.4798,4,0.1000,1.0000,6,8,8,0,0,8,8,0.0000
4,64.0000,17,6,845.8485,-88.4475,-0.3858,13,0.3250,0.8750,8,7,6,0,0,7,6,0.1429
4,64.0000,17,9,576.3800,-86.3986,0.4835,30,0.7500,0.8750,8,5,2,0,0,5,2,0.6000
4,64.0000,17,11,718.8620,-88.8533,0.1755,15,0.3750,0.8750,8,5,2,0,0,5,2,0.6000
4,64.0000,17,12,639.7416,-86.6565,-0.6569,18,0.4500,0.7500,8,6,4,0,0,6,4,0.3333
4,64.0000,17,13,698.0659,-87.1182,0.0804,23,0.5750,0.6667,6,8,8,0,0,8,8,0.0000
4,64.0000,17,14,859.4800,-88.5442,-1.8900,3,0.0750,1.0000,4,8,7,0,0,8,7,0.1250
4,64.0000,17,15,354.2198,-82.9767,0.7166,34,0.8500,0.0000,4,5,2,0,0,5,2,0.6000
4,64.0000,17,16,648.4416,-88.0081,0.5599,11,0.2750,0.7143,7,5,2,0,0,5,2,0.6000
4,64.0000,17,18,513.9482,-86.4549,0.2263,34,0.8500,0.4000,5,4,0,0,0,4,0,1.0000
4,64.0000,17,21,144.5837,-73.1678,0.2484,38,0.9500,0.0000,4,4,0,0,0,4,0,1.0000
4,64.0000,17,22,911.9445,-88.1961,-0.6463,12,0.3000,0.8571,7,8,8,0,0,8,8,0.0000
4,64.0000,17,23,549.7556,-86.6382,0.6191,19,0.4750,0.2000,5,6,3,0,0,6,3,0.5000
4,64.0000,18,0,594.7788,-87.5976,-0.1102,22,0.5641,0.8571,7,4,0,0,0,4,0,1.0000
4,64.0000,18,2,624.7165,-87.0722,0.3958,22,0.5641,0.5000,4,6,4,0,0,6,4,0.3333
4,64.0000,18,3,339.7445,-81.7095,-0.1105,36,0.9231,0.0000,4,5,2,0,0,5,2,0.6000
4,64.0000,18,6,938.3544,-89.4313,0.3308,5,0.1282,1.0000,8,8,8,0,0,8,8,0.0000
4,64.0000,18,9,380.7855,-83.7066,0.3292,30,0.7692,0.5000,6,4,0,0,0,4,0,1.0000
4,64.0000,18,11,719.9355,-88.5460,0.0369,10,0.2564,0.8571,7,5,2,0,0,5,2,0.6000
4,64.0000,18,12,712.4355,-87.9597,0.0596,18,0.4615,0.7143,7,7,6,0,0,7,6,0.1429
4,64.0000,18,13,700.6053,-87.3884,0.4236,18,0.4615,0.7143,7,7,6,0,0,7,6,0.1429
4,64.0000,18,15,181.2272,-76.6926,0.3121,35,0.8974,0.0000,3,4,0,0,0,4,0,1.0000
4,64.0000,18,17,513.9482,-86.2724,-0.2350,23,0.5897,0.0000,4,4,0,0,0,4,0,1.0000
4,64.0000,18,19,739.1561,-87.9883,0.0512,16,0.4103,0.7143,7,7,6,0,0,7,6,0.1429
4,64.0000,18,21,597.6017,-86.6348,0.0961,17,0.4359,0.7143,7,6,4,0,0,6,4,0.3333
4,64.0000,18,22,846.7767,-88.0820,-0.4821,13,0.3333,0.8750,8,8,8,0,0,8,8,0.0000
4,64.0000,18,23,975.4436,-89.4422,0.1018,5,0.1282,1.0000,4,8,8,0,0,8,8,0.0000
4,64.0000,19,0,801.3052,-87.9212,-0.4681,10,0.2500,0.6667,6,6,3,0,0,6,3,0.5000
4,64.0000,19,2,973.7078,-88.9903,-0.0299,8,0.2000,1.0000,6,10,10,0,0,10,10,0.0000
4,64.0000,19,6,783.2734,-87.5633,0.0660,19,0.4750,0.8571,7,8,7,0,0,8,7,0.1250
4,64.0000,19,9,825.7253,-87.3912,0.0613,12,0.3000,1.0000,8,8,7,0,0,8,7,0.1250
4,64.0000,19,12,870.5215,-88.5741,0.4795,13,0.3250,1.0000,8,7,6,0,0,7,6,0.1429
4,64.0000,19,13,634.3985,-86.8616,0.3183,20,0.5000,0.6667,6,5,2,0,0,5,2,0.6000
4,64.0000,19,15,760.6149,-88.0871,0.4079,7,0.1750,0.8333,6,7,3,0,0,7,3,0.5714
4,64.0000,19,18,739.1561,-87.9584,-0.0665,12,0.3000,0.8571,7,7,6,0,0,7,6,0.1429
4,64.0000,19,21,1129.1946,-89.5075,0.0894,3,0.0750,1.0000,8,2,2,0,0,2,2,0.0000
4,64.0000,19,22,487.5409,-84.4558,-0.6311,35,0.8750,0.3333,6,6,2,0,0,6,2,0.6667
4,64.0000,20,1,1062.3756,-89.2018,0.2159,3,0.0750,1.0000,4,8,8,0,0,8,8,0.0000
4,64.0000,20,4,985.5423,-88.9346,0.1253,7,0.1750,1.0000,8,4,4,0,0,4,4,0.0000
4,64.0000,20,5,316.3547,-81.7055,0.4038,40,1.0000,0.0000,4,4,0,0,0,4,0,1.0000
4,64.0000,20,8,385.8644,-83.1410,0.6069,36,0.9000,0.5714,7,5,1,0,0,5,1,0.8000
4,64.0000,20,10,618.8999,-87.1798,-0.2892,25,0.6250,0.7143,7,7,5,0,0,7,5,0.2857
4,64.0000,20,14,1066.3144,-88.8223,-0.7125,3,0.0750,1.0000,8,4,4,0,0,4,4,0.0000
4,64.0000,20,24,837.7746,-88.7737,0.2741,10,0.2500,0.8571,7,8,7,0,0,8,7,0.1250
4,64.0000,20,25,697.4475,-87.5335,0.1606,26,0.6500,0.8810,84,8,8,80,80,88,88,0.0000
4,64.0000,21,0,483.1301,-84.0858,-0.2087,33,0.8250,0.2500,4,5,1,0,0,5,1,0.8000
4,64.0000,21,1,890.9403,-88.9733,-0.3101,7,0.1750,1.0000,8,8,8,0,0,8,8,0.0000
4,64.0000,21,2,358.0792,-82.0731,-0.5064,36,0.9000,0.0000,4,4,0,0,0,4,0,1.0000
4,64.0000,21,3,564.2841,-86.0889,0.4190,20,0.5000,0.3333,6,5,1,0,0,5,1,0.8000
4,64.0000,21,6,845.0277,-87.4994,0.4921,9,0.2250,0.8750,8,8,8,0,0,8,8,0.0000
4,64.0000,21,9,571.0903,-86.4676,-0.1636,30,0.7500,0.5000,6,4,0,0,0,4,0,1.0000
4,64.0000,21,11,676.2634,-87.5378,0.3880,12,0.3000,0.6667,6,7,5,0,0,7,5,0.2857
4,64.0000,21,12,593.8317,-86.2676,-0.0343,30,0.7500,0.2000,5,6,4,0,0,6,4,0.3333
4,64.0000,21,13,709.7837,-86.8135,-0.9725,22,0.5500,0.9655,87,7,6,80,80,87,86,0.0115
4,64.0000,21,14,791.3723,-88.1423,0.2097,7,0.1750,0.7500,8,8,7,0,0,8,7,0.1250
4,64.0000,21,15,442.4186,-84.6406,-0.0476,32,0.8000,0.2000,5,7,6,0,0,7,6,0.1429
4,64.0000,21,16,635.4034,-87.3925,0.6593,22,0.5500,0.8750,8,7,4,0,0,7,4,0.4286
4,64.0000,21,17,144.5837,-73.7976,-0.3885,37,0.9250,0.0000,4,4,0,0,0,4,0,1.0000
4,64.0000,21,18,597.6017,-86.7291,-0.4239,19,0.4750,0.6667,6,6,2,0,0,6,2,0.6667
4,64.0000,21,22,952.1738,-88.5127,-0.0818,7,0.1750,0.7500,8,4,4,0,0,4,4,0.0000
4,64.0000,21,23,474.0153,-86.0751,0.9157,30,0.7500,0.2000,5,4,0,0,0,4,0,1.0000
4,64.0000,22,0,537.8882,-84.3554,0.4740,28,0.7000,0.7447,47,5,1,0,0,5,1,0.8000
4,64.0000,22,2,726.9229,-87.7413,-0.0936,18,0.4500,0.7500,8,7,6,0,0,7,6,0.1429
4,64.0000,22,6,311.2917,-80.6119,-0.2556,39,0.9750,0.0000,4,4,0,0,0,4,0,1.0000
4,64.0000,22,9,794.3429,-87.1132,-0.2984,17,0.4250,0.8571,7,8,7,0,0,8,7,0.1250
4,64.0000,22,12,579.5491,-86.6353,-0.2358,28,0.7000,0.2000,5,8,7,0,0,8,7,0.1250
4,64.0000,22,13,287.3856,-80.1079,-0.6151,36,0.9000,0.0000,4,5,2,0,0,5,2,0.6000
4,64.0000,22,15,763.7950,-88.0291,-0.3545,11,0.2750,1.0000,6,9,7,0,0,9,7,0.2222
4,64.0000,22,17,911.9445,-88.8875,-0.2451,9,0.2250,1.0000,8,6,6,0,0,6,6,0.0000
4,64.0000,22,18,846.7767,-88.0967,-0.0904,17,0.4250,0.7500,8,8,8,0,0,8,8,0.0000
4,64.0000,22,19,487.5409,-84.7977,-0.8599,36,0.9000,0.2000,5,5,2,0,0,5,2,0.6000
4,64.0000,22,21,952.1738,-88.8237,-0.0858,7,0.1750,1.0000,6,6,6,0,0,6,6,0.0000
4,64.0000,23,1,551.9615,-85.4945,-0.3184,31,0.7949,0.6667,6,7,5,0,0,7,5,0.2857
4,64.0000,23,2,775.2978,-88.4823,0.6487,7,0.1795,0.8571,7,8,8,0,0,8,8,0.0000
4,64.0000,23,3,779.3550,-88.8581,1.5939,4,0.1026,1.0000,8,9,7,0,0,9,7,0.2222
4,64.0000,23,4,628.3532,-86.9679,-0.7483,25,0.6410,0.5714,7,8,8,0,0,8,8,0.0000
4,64.0000,23,7,993.7645,-87.9489,-0.4457,4,0.1026,1.0000,8,8,8,0,0,8,8,0.0000
4,64.0000,23,11,701.0914,-88.4168,-0.2101,15,0.3846,0.7143,7,8,7,0,0,8,7,0.1250
4,64.0000,23,12,1015.0099,-88.9559,0.4721,5,0.1282,1.0000,4,8,8,0,0,8,8,0.0000
4,64.0000,23,14,387.3124,-83.3714,-0.8536,35,0.8974,0.0000,4,5,2,0,0,5,2,0.6000
4,64.0000,23,15,859.9464,-89.0596,0.3696,6,0.1538,0.8000,5,8,8,0,0,8,8,0.0000
4,64.0000,23,16,464.2092,-85.2423,-0.2754,28,0.7179,0.4000,5,6,3,0,0,6,3,0.5000
4,64.0000,23,17,549.7556,-86.8120,0.2631,24,0.6154,0.8571,7,5,1,0,0,5,1,0.8000
4,64.0000,23,18,975.4436,-89.6974,0.0714,3,0.0769,1.0000,8,8,8,0,0,8,8,0.0000
4,64.0000,23,21,474.0153,-85.7686,0.9580,22,0.5641,0.5000,6,6,3,0,0,6,3,0.5000
4,64.0000,24,1,949.2782,-89.3669,-0.2373,3,0.0750,1.0000,4,8,8,0,0,8,8,0.0000
4,64.0000,24,4,895.9013,-88.8702,0.2807,10,0.2500,0.7143,7,8,8,0,0,8,8,0.0000
4,64.0000,24,5,571.1777,-86.2287,-0.5838,31,0.7750,0.7143,7,6,3,0,0,6,3,0.5000
4,64.0000,24,7,922.3141,-89.3064,-0.2731,4,0.1000,1.0000,6,7,6,0,0,7,6,0.1429
4,64.0000,24,8,585.1340,-86.3209,-0.2095,29,0.7250,0.5714,7,7,4,0,0,7,4,0.4286
4,64.0000,24,10,330.6810,-83.2255,0.9861,35,0.8750,0.0000,4,5,1,0,0,5,1,0.8000
4,64.0000,24,20,837.7746,-88.4471,-0.4096,8,0.2000,1.0000,8,8,8,0,0,8,8,0.0000
4,64.0000,24,25,361.9994,-83.1006,0.2663,35,0.8750,0.0000,4,4,0,0,0,4,0,1.0000
4,64.0000,25,1,777.9977,-88.7707,0.5804,8,0.2000,1.0000,8,7,4,0,0,7,4,0.4286
4,64.0000,25,4,688.8386,-86.9074,-0.1052,19,0.4750,0.7500,8,10,9,0,0,10,9,0.1000
4,64.0000,25,5,480.0999,-83.1819,-1.0222,40,1.0000,0.0000,4,5,1,0,0,5,1,0.8000
4,64.0000,25,7,692.4367,-88.0859,0.0677,20,0.5000,1.0000,8,7,6,0,0,7,6,0.1429
4,64.0000,25,8,541.8368,-85.4902,0.3044,35,0.8750,0.0000,4,6,3,0,0,6,3,0.5000
4,64.0000,25,10,294.7658,-80.7624,0.3133,40,1.0000,0.0000,4,4,0,0,0,4,0,1.0000
4,64.0000,25,14,919.7201,-88.8807,0.1166,8,0.2000,1.0000,8,8,8,0,0,8,8,0.0000
4,64.0000,25,16,1065.0233,-89.3720,0.0815,3,0.0750,1.0000,2,4,4,0,0,4,4,0.0000
4,64.0000,25,20,697.4475,-87.2145,-0.2760,29,0.7250,0.7143,7,7,5,0,0,7,5,0.2857
4,64.0000,25,24,361.9994,-83.0081,-0.3325,38,0.9500,0.2000,5,4,0,0,0,4,0,1.0000
4,68.0000,0,2,117.3999,-74.5267,0.9080,37,0.9250,0.0000,4,4,0,0,0,4,0,1.0000
4,68.0000,0,3,740.5114,-88.2578,0.2957,12,0.3000,0.7500,8,8,8,0,0,8,8,0.0000
4,68.0000,0,6,505.7247,-83.9559,-0.0059,32,0.8000,0.4000,5,6,2,0,0,6,2,0.6667
4,68.0000,0,9,405.2939,-84.1945,-0.1569,30,0.7500,0.0000,4,4,0,0,0,4,0,1.0000
4,68.0000,0,11,752.7563,-89.1940,-0.2461,5,0.1250,0.8750,8,7,5,0,0,7,5,0.2857
4,68.0000,0,12,270.5568,-77.1076,-1.3031,39,0.9750,0.0000,4,6,3,0,0,6,3,0.5000
4,68.0000,0,13,368.9330,-81.6710,-1.2644,38,0.9500,0.0000,4,4,0,0,0,4,0,1.0000
4,68.0000,0,15,323.3686,-83.8761,1.4160,31,0.7750,0.3333,6,6,3,0,0,6,3,0.5000
4,68.0000,0,16,898.3937,-88.4431,0.7715,3,0.0750,1.0000,2,8,7,0,0,8,7,0.1250
4,68.0000,0,17,502.4364,-84.8208,-0.2299,25,0.6250,0.5000,6,6,4,0,0,6,4,0.3333
4,68.0000,0,18,508.9193,-85.9584,0.8261,26,0.6500,0.4000,5,5,2,0,0,5,2,0.6000
4,68.0000,0,19,790.4069,-88.0249,-0.1646,11,0.2750,0.5714,7,6,6,0,0,6,6,0.0000
4,68.0000,0,21,506.2186,-85.2357,-0.4378,23,0.5750,0.2000,5,4,0,0,0,4,0,1.0000
4,68.0000,0,22,640.3906,-87.2163,-0.4364,23,0.5750,0.7143,7,7,4,0,0,7,4,0.4286
4,68.0000,0,23,844.1524,-88.1419,-1.2810,4,0.1000,1.0000,6,7,6,0,0,7,6,0.1429
4,68.0000,1,3,802.9279,-88.1673,-0.0776,17,0.4250,0.9091,11,8,8,0,0,8,8,0.0000
4,68.0000,1,4,139.0703,-72.0339,-0.5900,38,0.9500,0.2000,5,4,0,0,0,4,0,1.0000
4,68.0000,1,5,1052.9819,-89.1287,1.0256,5,0.1250,1.0000,8,8,8,0,0,8,8,0.0000
4,68.0000,1,7,593.7686,-86.2645,-0.0881,26,0.6500,0.5000,6,4,0,0,0,4,0,1.0000
4,68.0000,1,8,736.6468,-87.3607,0.8029,15,0.3750,0.7143,7,8,8,0,0,8,8,0.0000
4,68.0000,1,10,677.2544,-87.6964,-0.3115,21,0.5250,0.8571,7,7,4,0,0,7,4,0.4286
4,68.0000,1,11,723.4060,-87.4487,-0.1642,22,0.5500,0.8571,7,6,4,0,0,6,4,0.3333
4,68.0000,1,14,367.3277,-81.1595,-0.8458,35,0.8750,0.2000,5,5,1,0,0,5,1,0.8000
4,68.0000,1,16,487.8794,-83.5505,-0.6914,34,0.8500,0.4000,5,7,6,0,0,7,6,0.1429
4,68.0000,1,17,945.8626,-88.4547,-0.1996,6,0.1500,1.0000,8,6,6,0,0,6,6,0.0000
4,68.0000,1,20,1062.4192,-89.1032,-0.4515,3,0.0750,1.0000,6,6,6,0,0,6,6,0.0000
4,68.0000,1,21,885.2463,-89.1006,-0.5495,9,0.2250,1.0000,8,8,8,0,0,8,8,0.0000
4,68.0000,1,23,675.8338,-86.6840,-0.3486,23,0.5750,0.6667,6,8,8,0,0,8,8,0.0000
4,68.0000,1,24,784.1695,-87.8580,0.5400,11,0.2750,0.8571,7,8,6,0,0,8,6,0.2500
4,68.0000,1,25,637.0073,-88.3553,0.2594,20,0.5000,0.7143,7,8,4,0,0,8,4,0.5000
4,68.0000,2,0,117.3999,-74.5982,1.0369,38,0.9500,0.0000,4,4,0,0,0,4,0,1.0000
4,68.0000,2,3,710.6918,-87.9605,0.1503,18,0.4500,0.6250,8,7,5,0,0,7,5,0.2857
4,68.0000,2,6,565.9705,-85.9437,0.6416,30,0.7500,0.2000,5,5,2,0,0,5,2,0.6000
4,68.0000,2,9,410.4635,-84.7618,0.3441,37,0.9250,0.4000,5,6,3,0,0,6,3,0.5000
4,68.0000,2,11,677.7021,-88.2488,0.5095,14,0.3500,0.8750,8,5,1,0,0,5,1,0.8000
4,68.0000,2,12,299.5863,-79.7876,-0.1485,38,0.9500,0.0000,4,4,0,0,0,4,0,1.0000
4,68.0000,2,13,477.4686,-84.4445,-0.2632,33,0.8250,0.0000,4,6,4,0,0,6,4,0.3333
4,68.0000,2,15,378.6349,-84.1106,0.8012,34,0.8500,0.4000,5,4,0,0,0,4,0,1.0000
4,68.0000,2,16,830.0726,-88.3747,-0.2529,13,0.3250,0.8571,7,8,8,0,0,8,8,0.0000
4,68.0000,2,17,466.0750,-84.9225,-0.4354,31,0.7750,0.3333,6,6,3,2,2,8,5,0.3750
4,68.0000,2,18,534.1770,-86.3486,0.7526,32,0.8000,0.7143,7,6,2,0,0,6,2,0.6667
4,68.0000,2,19,903.4504,-89.1980,0.1418,3,0.0750,1.0000,8,6,6,0,0,6,6,0.0000
4,68.0000,2,21,435.8152,-83.7809,-0.6497,35,0.8750,0.4000,5,4,0,0,0,4,0,1.0000
4,68.0000,2,22,744.3202,-87.3292,-0.0565,21,0.5250,0.8571,7,7,4,0,0,7,4,0.4286
4,68.0000,2,23,755.0975,-87.7549,-0.0970,14,0.3500,0.8750,8,7,5,0,0,7,5,0.2857
4,68.0000,3,0,740.5114,-87.8129,-0.2450,12,0.3000,0.7143,7,8,7,0,0,8,7,0.1250
4,68.0000,3,1,802.9279,-87.9606,0.1900,9,0.2250,0.8571,7,8,7,0,0,8,7,0.1250
4,68.0000,3,2,710.6918,-87.8319,-0.0494,17,0.4250,0.8571,7,8,8,0,0,8,8,0.0000
4,68.0000,3,4,730.2660,-88.5703,0.1875,14,0.3500,1.0000,8,8,8,0,0,8,8,0.0000
4,68.0000,3,7,864.9158,-88.4316,0.1032,8,0.2000,1.0000,8,8,8,0,0,8,8,0.0000
4,68.0000,3,9,569.2532,-86.3317,0.0952,26,0.6500,0.3333,6,8,8,0,0,8,8,0.0000
4,68.0000,3,11,415.8168,-84.1949,0.6935,35,0.8750,0.7143,7,6,2,0,0,6,2,0.6667
4,68.0000,3,12,1002.6541,-89.2269,0.2058,7,0.1750,1.0000,6,6,6,0,0,6,6,0.0000
4,68.0000,3,14,836.0954,-88.3636,0.3919,12,0.3000,0.7143,7,8,8,0,0,8,8,0.0000
4,68.0000,3,15,549.2924,-84.5005,-0.5717,34,0.8500,0.6667,6,9,7,0,0,9,7,0.2222
4,68.0000,3,16,338.1048,-84.3288,0.8636,34,0.8500,0.5714,7,4,0,0,0,4,0,1.0000
4,68.0000,3,17,397.2844,-83.8902,0.5563,31,0.7750,0.0000,4,5,1,0,0,5,1,0.8000
4,68.0000,3,18,358.9134,-82.5846,-0.5804,36,0.9000,0.1667,6,4,0,0,0,4,0,1.0000
4,68.0000,3,21,467.5657,-85.0735,0.1927,32,0.8000,0.2000,5,6,3,0,0,6,3,0.5000
4,68.0000,3,23,672.4346,-87.0775,0.8495,17,0.4250,0.8571,7,7,3,0,0,7,3,0.5714
4,68.0000,4,1,139.0703,-71.2857,-0.6281,37,0.9250,0.0000,4,4,0,0,0,4,0,1.0000
4,68.0000,4,3,730.2660,-88.1318,0.5168,12,0.3000,1.0000,8,7,4,0,0,7,4,0.4286
4,68.0000,4,5,1133.8503,-89.6083,-0.0891,4,0.1000,1.0000,4,6,6,0,0,6,6,0.0000
4,68.0000,4,7,524.2104,-84.8372,0.2531,35,0.8750,0.3333,6,5,1,0,0,5,1,0.8000
4,68.0000,4,8,845.0627,-88.1645,0.1662,15,0.3750,0.8571,7,8,8,0,0,8,8,0.0000
4,68.0000,4,10,779.4375,-87.9440,0.3542,27,0.6750,1.0000,8,8,8,0,0,8,8,0.0000
4,68.0000,4,11,598.0245,-86.3975,-0.1512,25,0.6250,0.7143,7,9,7,0,0,9,7,0.2222
4,68.0000,4,14,352.7051,-82.0562,-0.3890,35,0.8750,0.4000,5,5,2,0,0,5,2,0.6000
4,68.0000,4,16,422.8349,-83.5779,-0.6173,35,0.8750,0.4000,5,6,4,0,0,6,4,0.3333
4,68.0000,4,17,878.7898,-89.0164,-0.2794,6,0.1500,1.0000,8,7,6,0,0,7,6,0.1429
4,68.0000,4,21,809.6145,-88.6641,-0.3531,6,0.1500,1.0000,8,8,7,0,0,8,7,0.1250
4,68.0000,4,23,632.8912,-87.1961,-0.2702,25,0.6250,0.8571,7,7,5,0,0,7,5,0.2857
4,68.0000,4,24,873.8975,-89.2722,-0.1333,8,0.2000,0.7143,7,6,6,0,0,6,6,0.0000
4,68.0000,4,25,682.4059,-87.0139,-0.0298,20,0.5000,0.6667,6,8,7,0,0,8,7,0.1250
4,68.0000,5,1,1052.9819,-89.2511,0.3650,6,0.1500,1.0000,6,6,6,0,0,6,6,0.0000
4,68.0000,5,8,471.6392,-84.1981,-0.5022,36,0.9000,0.0000,4,7,4,0,0,7,4,0.4286
4,68.0000,5,10,472.9451,-85.3297,-0.6616,36,0.9000,0.2000,5,4,0,0,0,4,0,1.0000
4,68.0000,5,20,278.4378,-81.4694,0.1097,40,1.0000,0.0000,4,5,2,0,0,5,2,0.6000
4,68.0000,5,24,679.3625,-87.4589,-0.1889,26,0.6500,0.6667,6,8,7,0,0,8,7,0.1250
4,68.0000,5,25,663.3920,-86.5076,-0.8620,30,0.7500,0.4000,5,8,8,0,0,8,8,0.0000
4,68.0000,6,0,505.7247,-84.8742,0.1762,33,0.8049,0.8571,7,5,2,0,0,5,2,0.6000
4,68.0000,6,2,565.9705,-86.3175,0.5196,23,0.5610,0.3333,6,6,4,38,37,44,41,0.0682
4,68.0000,6,9,890.3387,-88.7862,-0.1712,7,0.1707,0.8750,8,8,8,0,0,8,8,0.0000
4,68.0000,6,12,348.5574,-83.7146,0.6340,34,0.8293,0.4000,5,5,1,22,5,27,6,0.7778
4,68.0000,6,13,349.8995,-80.1766,-0.6513,38,0.9268,0.3333,6,6,3,0,0,6,3,0.5000
4,68.0000,6,15,694.6534,-87.7218,-0.3127,14,0.3415,1.0000,8,8,7,0,0,8,7,0.1250
4,68.0000,6,17,877.8234,-89.1294,0.0117,10,0.2439,1.0000,8,8,7,0,0,8,7,0.1250
4,68.0000,6,18,949.0449,-87.9390,0.1325,6,0.1463,1.0000,86,4,4,6,6,10,10,0.0000
4,68.0000,6,19,872.4725,-87.7671,0.4510,16,0.3902,1.0000,6,8,8,0,0,8,8,0.0000
4,68.0000,6,21,880.7955,-87.7456,-1.4904,5,0.1220,0.8750,8,8,8,0,0,8,8,0.0000
4,68.0000,6,22,364.9361,-82.2334,-0.5089,38,0.9268,0.0000,4,4,0,0,0,4,0,1.0000
4,68.0000,7,1,593.7686,-86.4849,0.0272,22,0.5500,0.5714,7,7,6,0,0,7,6,0.1429
4,68.0000,7,3,864.9158,-88.5353,0.0602,6,0.1500,0.8571,7,8,8,0,0,8,8,0.0000
4,68.0000,7,4,524.2104,-85.4820,-0.3884,27,0.6750,0.2000,5,6,4,0,0,6,4,0.3333
4,68.0000,7,10,911.1451,-88.8311,-2.3267,3,0.0750,1.0000,8,8,8,0,0,8,8,0.0000
4,68.0000,7,11,676.6816,-86.3599,0.1604,19,0.4750,0.7143,7,7,5,0,0,7,5,0.2857
4,68.0000,7,14,863.1300,-88.2307,-0.3225,12,0.3000,0.7143,7,7,6,0,0,7,6,0.1429
4,68.0000,7,16,728.6244,-87.3699,0.0290,14,0.3500,0.5714,7,8,7,0,0,8,7,0.1250
4,68.0000,7,23,1082.0420,-89.2354,0.0432,4,0.1000,1.0000,8,4,4,0,0,4,4,0.0000
4,68.0000,7,24,853.1260,-88.0364,-0.4532,7,0.1750,1.0000,8,8,7,0,0,8,7,0.1250
4,68.0000,7,25,615.3226,-86.9052,0.1819,22,0.5500,0.8571,7,6,4,0,0,6,4,0.3333
4,68.0000,8,1,736.6468,-87.7670,0.1085,21,0.5250,1.0000,8,8,8,0,0,8,8,0.0000
4,68.0000,8,4,845.0627,-88.5971,-0.1281,12,0.3000,0.8750,8,8,8,0,0,8,8,0.0000
4,68.0000,8,5,471.6392,-84.7442,-0.2165,38,0.9500,0.3333,6,6,2,0,0,6,2,0.6667
4,68.0000,8,10,372.1095,-82.8958,-0.4978,40,1.0000,0.0000,4,5,1,0,0,5,1,0.8000
4,68.0000,8,14,847.9456,-88.5947,0.3264,9,0.2250,1.0000,8,8,7,0,0,8,7,0.1250
4,68.0000,8,20,427.5964,-83.8822,-0.5916,40,1.0000,0.0000,4,4,0,0,0,4,0,1.0000
4,68.0000,8,24,671.3304,-87.0211,-0.7639,23,0.5750,0.6667,6,7,5,0,0,7,5,0.2857
4,68.0000,8,25,673.6612,-86.4048,0.4739,29,0.7250,0.8571,7,6,4,0,0,6,4,0.3333
4,68.0000,9,0,405.2939,-83.9442,-0.4751,31,0.7750,0.4000,5,5,1,0,0,5,1,0.8000
4,68.0000,9,2,410.4635,-83.9262,-0.2587,35,0.8750,0.0000,4,6,3,0,0,6,3,0.5000
4,68.0000,9,3,569.2532,-86.0691,0.4467,29,0.7250,0.0000,4,5,2,0,0,5,2,0.6000
4,68.0000,9,6,890.3387,-87.8188,-0.1696,11,0.2750,0.8571,7,8,8,0,0,8,8,0.0000
4,68.0000,9,11,532.5516,-86.6941,0.7716,25,0.6250,0.5000,6,6,3,0,0,6,3,0.5000
4,68.0000,9,12,613.7117,-85.3450,-0.4718,26,0.6500,0.5000,6,7,5,0,0,7,5,0.2857
4,68.0000,9,13,645.3268,-86.4313,-0.1870,19,0.4750,0.7143,7,8,6,0,0,8,6,0.2500
4,68.0000,9,15,432.9397,-83.6918,-0.8666,35,0.8750,0.0000,4,4,0,0,0,4,0,1.0000
4,68.0000,9,16,793.4885,-88.1067,0.2361,9,0.2250,1.0000,8,8,8,0,0,8,8,0.0000
4,68.0000,9,17,586.4687,-86.8011,0.2958,26,0.6500,0.7143,7,8,6,0,0,8,6,0.2500
4,68.0000,9,18,362.5988,-82.9223,0.0727,35,0.8750,0.2000,5,6,2,28,18,34,20,0.4118
4,68.0000,9,19,822.8153,-88.8889,0.1477,12,0.3000,0.9688,32,7,6,2,2,9,8,0.1111
4,68.0000,9,21,608.5911,-86.0088,0.1527,29,0.7250,0.7143,7,6,2,0,0,6,2,0.6667
4,68.0000,9,22,929.9122,-89.0499,-0.1828,11,0.2750,1.0000,8,8,8,0,0,8,8,0.0000
4,68.0000,9,23,935.8310,-87.9643,-0.5809,5,0.1250,1.0000,8,8,8,0,0,8,8,0.0000
4,68.0000,10,1,677.2544,-87.3957,-0.4173,12,0.3000,0.9885,87,6,4,12,12,18,16,0.1111
4,68.0000,10,4,779.4375,-87.1187,-0.3994,18,0.4500,0.7143,7,8,8,0,0,8,8,0.0000
4,68.0000,10,5,472.9451,-84.5035,-0.0170,34,0.8500,0.3333,6,4,0,0,0,4,0,1.0000
4,68.0000,10,7,911.1451,-88.5232,0.2719,10,0.2500,1.0000,8,8,8,0,0,8,8,0.0000
4,68.0000,10,8,372.1095,-81.8387,0.4149,38,0.9500,0.3051,59,4,0,74,56,78,56,0.2821
4,68.0000,10,14,932.4098,-88.4135,-0.0004,5,0.1250,1.0000,8,7,6,0,0,7,6,0.1429
4,68.0000,10,16,1152.8439,-89.2920,0.3011,3,0.0750,1.0000,8,2,2,0,0,2,2,0.0000
4,68.0000,10,20,616.5642,-86.6087,-0.2137,26,0.6500,0.6667,6,6,3,0,0,6,3,0.5000
4,68.0000,10,24,305.4014,-81.6017,-0.2918,39,0.9750,0.0000,4,4,0,0,0,4,0,1.0000
4,68.0000,10,25,368.3679,-82.0849,-0.3690,36,0.9000,0.0000,4,5,2,0,0,5,2,0.6000
4,68.0000,11,0,752.7563,-88.9727,0.4570,11,0.2750,0.8750,8,8,8,0,0,8,8,0.0000
4,68.0000,11,1,723.4060,-86.0710,-0.3197,25,0.6250,0.7500,8,7,6,0,0,7,6,0.1429
4,68.0000,11,2,677.7021,-87.2441,0.3229,17,0.4250,0.8750,8,6,4,0,0,6,4,0.3333
4,68.0000,11,3,415.8168,-84.8596,-0.0343,38,0.9500,0.4000,5,7,5,0,0,7,5,0.2857
4,68.0000,11,4,598.0245,-86.4060,0.1699,25,0.6250,0.7143,7,6,2,0,0,6,2,0.6667
4,68.0000,11,7,676.6816,-86.6609,-0.4571,29,0.7250,0.7143,7,8,7,0,0,8,7,0.1250
4,68.0000,11,9,532.5516,-86.3526,0.3631,25,0.6250,0.9277,83,5,2,76,66,81,68,0.1605
4,68.0000,11,12,956.9614,-89.1808,0.1944,4,0.1000,0.8571,7,8,8,0,0,8,8,0.0000
4,68.0000,11,14,717.9247,-87.4863,-0.2255,24,0.6000,0.8571,7,8,7,0,0,8,7,0.1250
4,68.0000,11,15,737.8822,-87.7020,-0.2970,19,0.4750,0.8571,7,7,6,0,0,7,6,0.1429
4,68.0000,11,16,404.6330,-83.9186,0.7783,36,0.9000,0.0000,4,6,2,0,0,6,2,0.6667
4,68.0000,11,17,580.0262,-86.8471,0.5288,24,0.6000,0.7143,7,6,4,0,0,6,4,0.3333
4,68.0000,11,18,599.4256,-87.3036,0.0463,25,0.6250,0.8571,7,7,6,0,0,7,6,0.1429
4,68.0000,11,21,528.8692,-86.7617,0.7559,28,0.7000,0.5000,4,6,2,0,0,6,2,0.6667
4,68.0000,11,23,658.2203,-87.7463,-0.3022,24,0.6000,0.5714,7,8,6,0,0,8,6,0.2500
4,68.0000,12,0,270.5568,-77.7583,-1.4034,38,0.9500,0.3333,6,5,0,0,0,5,0,1.0000
4,68.0000,12,2,299.5863,-79.3267,-0.6536,38,0.9500,0.0000,3,4,0,0,0,4,0,1.0000
4,68.0000,12,3,1002.6541,-87.6468,0.7375,3,0.0750,1.0000,8,8,8,0,0,8,8,0.0000
4,68.0000,12,6,348.5574,-83.7137,-0.1859,36,0.9000,0.6667,6,4,0,0,0,4,0,1.0000
4,68.0000,12,9,613.7117,-85.5938,-0.7442,32,0.8000,0.3333,6,8,8,0,0,8,8,0.0000
4,68.0000,12,11,956.9614,-88.2820,0.3509,7,0.1750,1.0000,8,8,8,0,0,8,8,0.0000
4,68.0000,12,13,339.6312,-81.9153,-1.7753,37,0.9250,0.3333,6,5,1,0,0,5,1,0.8000
4,68.0000,12,15,576.4783,-86.7612,-0.0692,28,0.7000,0.8571,7,7,4,0,0,7,4,0.4286
4,68.0000,12,17,736.9724,-87.2900,-0.0271,24,0.6000,0.6667,6,8,7,4,4,12,11,0.0833
4,68.0000,12,18,776.1429,-88.3567,-0.8844,15,0.3750,0.8571,7,8,7,29,28,37,35,0.0541
4,68.0000,12,19,886.1637,-88.6923,-0.0549,10,0.2500,1.0000,10,8,8,0,0,8,8,0.0000
4,68.0000,12,21,709.1612,-86.0384,-0.6253,18,0.4500,0.4000,5,7,6,0,0,7,6,0.1429
4,68.0000,12,22,568.4959,-86.3526,0.3489,26,0.6500,0.5714,7,5,1,0,0,5,1,0.8000
4,68.0000,12,23,997.1842,-89.1695,-1.3953,3,0.0750,1.0000,8,8,8,0,0,8,8,0.0000
4,68.0000,13,0,368.9330,-81.5411,-1.2015,35,0.8750,0.0000,4,4,0,0,0,4,0,1.0000
4,68.0000,13,2,477.4686,-84.3043,-0.2005,32,0.8000,0.4000,5,7,4,0,0,7,4,0.4286
4,68.0000,13,6,349.8995,-80.6851,-1.0916,40,1.0000,0.0000,4,6,3,0,0,6,3,0.5000
4,68.0000,13,9,645.3268,-87.1174,-0.3804,27,0.6750,0.6667,6,7,6,0,0,7,6,0.1429
4,68.0000,13,12,339.6312,-81.4462,-0.2546,36,0.9000,0.2000,5,5,1,0,0,5,1,0.8000
4,68.0000,13,15,510.0358,-86.1451,0.6049,27,0.6750,0.4286,7,4,0,0,0,4,0,1.0000
4,68.0000,13,17,804.3721,-87.7890,0.0854,12,0.3000,0.8889,9,8,8,0,0,8,8,0.0000
4,68.0000,13,18,721.8285,-87.5112,0.3583,23,0.5750,1.0000,8,8,7,0,0,8,7,0.1250
4,68.0000,13,19,567.7776,-87.2158,-0.0082,26,0.6500,0.2000,5,6,4,7,4,13,8,0.3846
4,68.0000,13,21,843.5512,-87.7115,-0.9158,11,0.2750,0.7143,7,8,8,0,0,8,8,0.0000
4,68.0000,13,22,294.6872,-81.6118,-1.1811,40,1.0000,0.0000,4,4,0,0,0,4,0,1.0000
4,68.0000,14,1,367.3277,-80.6748,-0.7826,38,0.9500,0.0000,4,6,3,0,0,6,3,0.5000
4,68.0000,14,2,1075.9228,-88.4621,-1.0282,3,0.0750,1.0000,6,8,8,0,0,8,8,0.0000
4,68.0000,14,3,836.0954,-87.8937,0.3590,10,0.2500,1.0000,8,8,7,0,0,8,7,0.1250
4,68.0000,14,4,352.7051,-81.2806,-0.6345,36,0.9000,0.2000,5,5,2,0,0,5,2,0.6000
4,68.0000,14,7,863.1300,-88.0416,0.3570,16,0.4000,1.0000,8,8,8,0,0,8,8,0.0000
4,68.0000,14,8,847.9456,-87.6031,0.1177,9,0.2250,1.0000,8,8,8,0,0,8,8,0.0000
4,68.0000,14,10,932.4098,-88.5797,0.2076,9,0.2250,1.0000,8,8,8,0,0,8,8,0.0000
4,68.0000,14,11,717.9247,-87.1608,0.1975,26,0.6500,0.6667,6,8,7,0,0,8,7,0.1250
4,68.0000,14,16,507.5384,-84.6168,-0.5670,27,0.6750,0.2000,5,7,5,0,0,7,5,0.2857
4,68.0000,14,17,816.0855,-88.9780,0.1023,9,0.2250,0.8750,8,8,8,0,0,8,8,0.0000
4,68.0000,14,21,710.4751,-87.8910,-0.0198,16,0.4000,1.0000,8,6,4,0,0,6,4,0.3333
4,68.0000,14,23,404.8916,-83.4226,-0.3286,37,0.9250,0.3333,6,6,3,0,0,6,3,0.5000
4,68.0000,14,25,935.5938,-89.5846,-0.3569,6,0.1500,1.0000,8,8,8,0,0,8,8,0.0000
4,68.0000,15,0,323.3686,-83.1094,1.4955,35,0.8750,0.0000,4,5,2,0,0,5,2,0.6000
4,68.0000,15,2,378.6349,-84.0452,0.1754,37,0.9250,0.2000,5,4,0,0,0,4,0,1.0000
4,68.0000,15,3,549.2924,-84.5666,-0.9779,32,0.8000,0.4286,7,6,4,0,0,6,4,0.3333
4,68.0000,15,6,694.6534,-88.2852,-0.1293,15,0.3750,0.8750,8,7,5,0,0,7,5,0.2857
4,68.0000,15,9,432.9397,-83.4593,0.1219,35,0.8750,0.5000,6,5,3,0,0,5,3,0.4000
4,68.0000,15,11,737.8822,-87.7500,0.1530,15,0.3750,0.7143,7,7,6,0,0,7,6,0.1429
4,68.0000,15,12,576.4783,-86.6403,-0.0175,30,0.7500,0.7143,7,7,6,0,0,7,6,0.1429
4,68.0000,15,13,510.0358,-86.7227,0.6169,35,0.8750,0.3333,6,6,4,0,0,6,4,0.3333
4,68.0000,15,16,780.9091,-88.2538,0.4900,10,0.2500,1.0000,8,7,6,0,0,7,6,0.1429
4,68.0000,15,17,359.5495,-82.1865,0.1120,37,0.9250,0.0000,4,4,0,0,0,4,0,1.0000
4,68.0000,15,18,268.7240,-77.5219,-1.3297,37,0.9250,0.4000,5,4,0,0,0,4,0,1.0000
4,68.0000,15,19,690.8663,-87.7237,0.0868,21,0.5250,1.0000,8,7,6,0,0,7,6,0.1429
4,68.0000,15,21,464.0838,-85.1575,-0.0344,30,0.7500,0.0000,4,7,4,0,0,7,4,0.4286
4,68.0000,15,22,722.9922,-88.0691,-0.3848,19,0.4750,0.8750,8,7,5,0,0,7,5,0.2857
4,68.0000,15,23,825.0423,-88.4084,-0.0229,10,0.2500,1.0000,8,7,6,0,0,7,6,0.1429
4,68.0000,16,0,898.3937,-89.2013,-2.0250,3,0.0732,1.0000,6,8,8,0,0,8,8,0.0000
4,68.0000,16,1,487.8794,-84.0661,-1.2615,33,0.8049,0.5714,7,5,2,0,0,5,2,0.6000
4,68.0000,16,2,830.0726,-88.5234,-0.1068,9,0.2195,0.8750,8,7,6,0,0,7,6,0.1429
4,68.0000,16,3,338.1048,-83.5332,0.8922,35,0.8537,0.4000,5,4,0,0,0,4,0,1.0000
4,68.0000,16,4,422.8349,-84.5947,0.1461,37,0.9024,0.4000,5,5,2,0,0,5,2,0.6000
4,68.0000,16,7,728.6244,-87.0230,-0.0901,24,0.5854,0.3333,6,7,5,0,0,7,5,0.2857
4,68.0000,16,9,793.4885,-88.2889,0.1206,12,0.2927,0.7143,7,7,6,0,0,7,6,0.1429
4,68.0000,16,11,404.6330,-84.3941,0.1046,36,0.8780,0.0000,4,6,4,0,0,6,4,0.3333
4,68.0000,16,14,507.5384,-84.8595,-0.0607,34,0.8293,0.3333,6,5,2,0,0,5,2,0.6000
4,68.0000,16,15,780.9091,-87.6955,-0.0791,17,0.4146,1.0000,8,7,5,0,0,7,5,0.2857
4,68.0000,16,17,484.2854,-86.1847,0.5347,26,0.6341,0.7500,8,8,6,0,0,8,6,0.2500
4,68.0000,16,18,663.7067,-87.5567,-0.2670,15,0.3659,0.7143,7,6,4,0,0,6,4,0.3333
4,68.0000,16,21,462.7629,-86.1794,0.6486,30,0.7317,0.6667,6,4,0,0,0,4,0,1.0000
4,68.0000,16,23,452.6130,-84.5632,0.3297,35,0.8537,0.2500,4,5,1,0,0,5,1,0.8000
4,68.0000,17,0,502.4364,-84.9411,-0.1242,32,0.7805,0.0000,4,5,2,0,0,5,2,0.6000
4,68.0000,17,1,945.8626,-88.5888,0.2942,5,0.1220,1.0000,8,8,8,0,0,8,8,0.0000
4,68.0000,17,2,466.0750,-84.5232,-0.2678,37,0.9024,0.3333,6,6,3,0,0,6,3,0.5000
4,68.0000,17,3,397.2844,-84.4922,0.2385,34,0.8293,0.3333,6,5,1,0,0,5,1,0.8000
4,68.0000,17,4,878.7898,-88.4561,0.4568,4,0.0976,1.0000,8,8,8,0,0,8,8,0.0000
4,68.0000,17,6,877.8234,-88.1597,0.8868,6,0.1463,0.8571,7,8,8,0,0,8,8,0.0000
4,68.0000,17,9,586.4687,-86.2662,0.0716,29,0.7073,0.4000,5,6,4,0,0,6,4,0.3333
4,68.0000,17,11,580.0262,-87.2974,0.0821,15,0.3659,0.4000,5,5,1,0,0,5,1,0.8000
4,68.0000,17,12,736.9724,-87.9623,-0.3796,17,0.4146,0.6667,6,8,8,0,0,8,8,0.0000
4,68.0000,17,13,804.3721,-87.7519,-0.5796,16,0.3902,1.0000,8,6,4,0,0,6,4,0.3333
4,68.0000,17,14,816.0855,-88.6993,-0.2934,13,0.3171,0.8750,8,7,6,0,0,7,6,0.1429
4,68.0000,17,15,359.5495,-83.0139,-0.2493,38,0.9268,0.4000,5,4,0,0,0,4,0,1.0000
4,68.0000,17,16,484.2854,-85.7796,-0.3261,24,0.5854,0.4000,5,5,1,0,0,5,1,0.8000
4,68.0000,17,18,410.2493,-84.8384,0.1328,38,0.9268,0.0000,4,5,2,0,0,5,2,0.6000
4,68.0000,17,19,1046.6333,-89.5534,0.1300,5,0.1220,1.0000,6,8,8,0,0,8,8,0.0000
4,68.0000,17,21,159.6298,-74.6112,-0.6625,39,0.9512,0.0000,4,5,0,0,0,5,0,1.0000
4,68.0000,17,22,1014.1311,-87.7676,0.2264,6,0.1463,1.0000,8,6,6,0,0,6,6,0.0000
4,68.0000,17,23,480.3575,-85.5165,0.0484,34,0.8293,0.5000,6,4,0,0,0,4,0,1.0000
4,68.0000,18,0,508.9193,-85.9405,0.4696,25,0.6098,0.0000,4,6,3,0,0,6,3,0.5000
4,68.0000,18,2,534.1770,-86.0932,0.1808,22,0.5366,0.6667,6,5,2,0,0,5,2,0.6000
4,68.0000,18,3,358.9134,-82.3293,-0.5396,33,0.8049,0.4000,5,4,0,0,0,4,0,1.0000
4,68.0000,18,6,949.0449,-88.4667,-0.2941,7,0.1707,1.0000,8,8,8,0,0,8,8,0.0000
4,68.0000,18,9,362.5988,-83.3131,0.0925,30,0.7317,0.0000,4,6,3,0,0,6,3,0.5000
4,68.0000,18,11,599.4256,-87.5409,0.2934,19,0.4634,0.4000,5,8,7,0,0,8,7,0.1250
4,68.0000,18,12,776.1429,-87.6921,-0.7413,14,0.3415,0.8571,7,7,5,0,0,7,5,0.2857
4,68.0000,18,13,721.8285,-87.7627,0.2100,19,0.4634,0.8571,7,7,6,15,14,22,20,0.0909
4,68.0000,18,15,268.7240,-77.9550,-0.5862,37,0.9024,0.0000,4,4,0,0,0,4,0,1.0000
4,68.0000,18,16,663.7067,-88.0340,-0.0519,12,0.2927,0.7500,8,7,5,0,0,7,5,0.2857
4,68.0000,18,17,410.2493,-84.5416,0.4917,29,0.7073,0.0000,4,5,2,2,0,7,2,0.7143
4,68.0000,18,19,769.6306,-88.1543,-0.1723,15,0.3659,0.8571,7,8,8,14,12,22,20,0.0909
4,68.0000,18,21,521.1880,-86.1845,0.3934,20,0.4878,0.6667,6,6,3,0,0,6,3,0.5000
4,68.0000,18,22,951.0248,-88.7862,-1.1518,4,0.0976,1.0000,8,8,8,0,0,8,8,0.0000
4,68.0000,18,23,855.6479,-88.9575,0.0584,5,0.1220,1.0000,8,7,6,0,0,7,6,0.1429
4,68.0000,19,0,790.4069,-87.8757,-0.0548,15,0.3750,0.5000,6,8,8,0,0,8,8,0.0000
4,68.0000,19,2,903.4504,-88.7057,3.1714,4,0.1000,1.0000,10,8,8,0,0,8,8,0.0000
4,68.0000,19,6,872.4725,-88.3845,-0.4985,12,0.3000,0.8750,8,8,8,0,0,8,8,0.0000
4,68.0000,19,9,822.8153,-88.5616,0.1805,8,0.2000,0.8750,8,8,6,0,0,8,6,0.2500
4,68.0000,19,12,886.1637,-88.6411,0.4691,6,0.1500,0.8571,7,8,8,0,0,8,8,0.0000
4,68.0000,19,13,567.7776,-87.2684,0.1304,27,0.6750,0.4000,5,7,4,0,0,7,4,0.4286
4,68.0000,19,15,690.8663,-87.6345,0.4914,15,0.3750,0.4286,7,6,3,0,0,6,3,0.5000
4,68.0000,19,17,1046.6333,-89.1103,0.1796,3,0.0750,1.0000,8,6,6,0,0,6,6,0.0000
4,68.0000,19,18,769.6306,-88.2026,0.0156,15,0.3750,0.8571,7,7,5,0,0,7,5,0.2857
4,68.0000,19,22,585.0615,-85.8283,-0.7219,33,0.8250,0.3333,6,7,6,0,0,7,6,0.1429
4,68.0000,20,5,278.4378,-81.2662,-0.2773,38,0.9500,0.0000,4,4,0,0,0,4,0,1.0000
4,68.0000,20,8,427.5964,-84.5474,-0.2618,37,0.9250,0.2000,5,4,0,0,0,4,0,1.0000
4,68.0000,20,10,616.5642,-86.8187,-0.0062,18,0.4500,0.7143,7,6,3,0,0,6,3,0.5000
4,68.0000,20,24,885.2952,-87.9015,-0.2903,11,0.2750,0.8750,8,8,8,0,0,8,8,0.0000
4,68.0000,20,25,822.1186,-87.8596,-0.6077,12,0.3000,1.0000,88,8,8,80,79,88,87,0.0114
4,68.0000,21,0,506.2186,-85.6093,-0.5932,30,0.7500,0.2000,5,5,1,0,0,5,1,0.8000
4,68.0000,21,1,885.2463,-88.7599,0.4538,7,0.1750,1.0000,8,8,8,0,0,8,8,0.0000
4,68.0000,21,2,435.8152,-83.3654,-0.6206,34,0.8500,0.0000,4,5,1,0,0,5,1,0.8000
4,68.0000,21,3,467.5657,-86.3293,0.0060,34,0.8500,0.2000,5,5,2,0,0,5,2,0.6000
4,68.0000,21,4,809.6145,-87.7246,0.4057,6,0.1500,0.8571,7,8,7,0,0,8,7,0.1250
4,68.0000,21,6,880.7955,-88.0979,-0.4706,10,0.2500,1.0000,8,8,7,0,0,8,7,0.1250
4,68.0000,21,9,608.5911,-86.6211,0.4422,25,0.6250,0.0000,4,8,6,0,0,8,6,0.2500
4,68.0000,21,11,528.8692,-86.4759,0.6467,25,0.6250,0.7143,7,5,2,0,0,5,2,0.6000
4,68.0000,21,12,709.1612,-87.9110,-0.6123,23,0.5750,0.6667,6,8,8,0,0,8,8,0.0000
4,68.0000,21,13,843.5512,-88.3471,0.0673,16,0.4000,0.9885,87,8,8,48,48,56,56,0.0000
4,68.0000,21,14,710.4751,-87.7281,0.1976,18,0.4500,0.8750,8,6,4,0,0,6,4,0.3333
4,68.0000,21,15,464.0838,-84.5307,-0.0003,34,0.8500,0.8571,7,5,1,0,0,5,1,0.8000
4,68.0000,21,16,462.7629,-86.0557,0.9820,29,0.7250,0.5714,7,5,1,0,0,5,1,0.8000
4,68.0000,21,17,159.6298,-74.3493,-0.6507,38,0.9500,0.0000,4,4,0,0,0,4,0,1.0000
4,68.0000,21,18,521.1880,-86.2794,0.4354,28,0.7000,0.3333,6,5,1,31,29,36,30,0.1667
4,68.0000,21,23,366.1947,-83.5833,0.4509,34,0.8500,0.0000,4,5,1,0,0,5,1,0.8000
4,68.0000,22,0,640.3906,-86.7380,-0.1961,12,0.3000,0.2000,5,6,4,0,0,6,4,0.3333
4,68.0000,22,2,744.3202,-87.5049,0.6211,8,0.2000,0.8571,7,6,3,0,0,6,3,0.5000
4,68.0000,22,6,364.9361,-82.6976,-0.6054,30,0.7500,0.0000,4,4,0,0,0,4,0,1.0000
4,68.0000,22,9,929.9122,-88.5109,-0.0740,9,0.2250,0.8750,8,8,8,0,0,8,8,0.0000
4,68.0000,22,12,568.4959,-86.6723,-0.0311,19,0.4750,0.8750,8,6,4,0,0,6,4,0.3333
4,68.0000,22,13,294.6872,-81.4508,0.1003,32,0.8000,0.4000,5,4,0,0,0,4,0,1.0000
4,68.0000,22,15,722.9922,-88.1201,0.1742,8,0.2000,0.7778,9,7,6,0,0,7,6,0.1429
4,68.0000,22,18,951.0248,-89.0564,-0.3090,4,0.1000,1.0000,8,6,6,0,0,6,6,0.0000
4,68.0000,22,19,585.0615,-85.6458,-0.9675,25,0.6250,0.4000,5,6,3,0,0,6,3,0.5000
4,68.0000,23,0,844.1524,-88.6575,0.1278,7,0.1707,1.0000,8,8,7,0,0,8,7,0.1250
4,68.0000,23,1,675.8338,-87.2622,-0.0840,26,0.6341,0.7143,7,5,4,0,0,5,4,0.2000
4,68.0000,23,2,755.0975,-88.2726,-0.0613,19,0.4634,1.0000,8,8,7,0,0,8,7,0.1250
4,68.0000,23,3,672.4346,-87.9084,0.3617,24,0.5854,0.7778,9,4,2,0,0,4,2,0.5000
4,68.0000,23,4,632.8912,-87.3046,0.1814,25,0.6098,1.0000,8,7,5,0,0,7,5,0.2857
4,68.0000,23,7,1082.0420,-89.0925,-0.0563,4,0.0976,1.0000,8,4,4,0,0,4,4,0.0000
4,68.0000,23,9,935.8310,-88.7256,-0.4807,8,0.1951,1.0000,8,10,10,0,0,10,10,0.0000
4,68.0000,23,11,658.2203,-87.6191,0.0099,23,0.5610,0.8750,8,5,1,0,0,5,1,0.8000
4,68.0000,23,12,997.1842,-89.2842,-0.6299,4,0.0976,1.0000,8,4,4,0,0,4,4,0.0000
4,68.0000,23,14,404.8916,-83.6201,-0.5518,36,0.8780,0.4000,5,7,4,0,0,7,4,0.4286
4,68.0000,23,15,825.0423,-88.2165,-0.0806,12,0.2927,1.0000,8,7,6,0,0,7,6,0.1429
4,68.0000,23,16,452.6130,-84.9726,-0.1916,34,0.8293,0.5000,6,7,4,0,0,7,4,0.4286
4,68.0000,23,17,480.3575,-85.7548,0.3799,29,0.7073,0.2000,5,3,0,0,0,3,0,1.0000
4,68.0000,23,18,855.6479,-88.1043,-0.1993,9,0.2195,1.0000,8,7,6,0,0,7,6,0.1429
4,68.0000,23,21,366.1947,-84.7917,0.8950,34,0.8293,0.5000,6,4,0,0,0,4,0,1.0000
4,68.0000,24,1,784.1695,-88.2248,0.4847,12,0.3000,1.0000,8,7,6,0,0,7,6,0.1429
4,68.0000,24,4,873.8975,-88.5187,0.0819,9,0.2250,1.0000,8,8,8,0,0,8,8,0.0000
4,68.0000,24,5,679.3625,-86.8005,-0.0316,24,0.6000,0.5000,6,7,5,0,0,7,5,0.2857
4,68.0000,24,7,853.1260,-88.7109,0.0886,7,0.1750,0.8571,7,8,8,0,0,8,8,0.0000
4,68.0000,24,8,671.3304,-87.0947,-0.8049,21,0.5250,0.5714,7,8,7,0,0,8,7,0.1250
4,68.0000,24,10,305.4014,-81.7671,0.4993,39,0.9750,0.2000,5,4,0,0,0,4,0,1.0000
4,68.0000,24,14,1108.6646,-89.7522,-0.0963,3,0.0750,1.0000,8,6,6,0,0,6,6,0.0000
4,68.0000,24,20,885.2952,-88.4744,0.1474,10,0.2500,1.0000,8,8,8,0,0,8,8,0.0000
4,68.0000,24,25,357.4915,-83.0633,-0.4656,36,0.9000,0.0000,4,5,1,0,0,5,1,0.8000
4,68.0000,25,1,637.0073,-88.1838,0.0665,13,0.3250,0.5714,7,8,6,0,0,8,6,0.2500
4,68.0000,25,4,682.4059,-87.8445,-0.1261,17,0.4250,0.9000,10,7,5,0,0,7,5,0.2857
4,68.0000,25,5,663.3920,-85.6735,-0.8237,27,0.6750,0.2000,5,6,4,0,0,6,4,0.3333
4,68.0000,25,7,615.3226,-86.9871,0.2248,19,0.4750,0.8571,7,7,6,0,0,7,6,0.1429
4,68.0000,25,8,673.6612,-86.5623,-0.1581,27,0.6750,0.5000,6,7,5,0,0,7,5,0.2857
4,68.0000,25,10,368.3679,-81.6227,-0.5838,37,0.9250,0.0000,4,4,0,0,0,4,0,1.0000
4,68.0000,25,14,935.5938,-88.7584,-0.1150,6,0.1500,1.0000,8,2,2,0,0,2,2,0.0000
4,68.0000,25,20,822.1186,-87.8857,-0.1852,12,0.3000,0.7143,7,8,7,0,0,8,7,0.1250
4,68.0000,25,24,357.4915,-83.2203,0.5897,36,0.9000,0.0000,4,5,1,0,0,5,1,0.8000
4,72.0000,0,2,65.1457,-68.5138,1.1604,39,0.9750,0.0000,4,4,0,0,0,4,0,1.0000
4,72.0000,0,3,738.7793,-87.8421,0.1877,17,0.4250,1.0000,8,8,8,0,0,8,8,0.0000
4,72.0000,0,6,564.3743,-86.1465,-0.0859,32,0.8000,0.3333,6,5,2,0,0,5,2,0.6000
4,72.0000,0,9,406.2935,-84.0646,-0.0830,37,0.9250,0.0000,4,7,4,0,0,7,4,0.4286
4,72.0000,0,11,581.9194,-86.9487,0.4525,21,0.5250,0.7143,7,5,1,0,0,5,1,0.8000
4,72.0000,0,12,406.9775,-82.1913,-1.0377,35,0.8750,0.5000,6,5,1,0,0,5,1,0.8000
4,72.0000,0,13,453.7585,-83.8823,-0.1463,36,0.9000,0.0000,4,6,3,0,0,6,3,0.5000
4,72.0000,0,15,292.5818,-80.7175,0.3004,37,0.9250,0.5000,6,4,0,0,0,4,0,1.0000
4,72.0000,0,16,751.6320,-88.3117,0.0407,15,0.3750,0.8750,8,6,4,0,0,6,4,0.3333
4,72.0000,0,17,503.9573,-84.7768,-0.2296,28,0.7000,0.6667,6,6,4,0,0,6,4,0.3333
4,72.0000,0,18,445.0163,-85.3217,0.6970,33,0.8250,0.4000,5,6,4,0,0,6,4,0.3333
4,72.0000,0,19,787.7298,-88.1535,0.0430,14,0.3500,1.0000,6,8,8,11,10,19,18,0.0526
4,72.0000,0,21,546.2653,-86.0897,0.0320,27,0.6750,0.0000,4,5,2,0,0,5,2,0.6000
4,72.0000,0,22,666.8134,-87.3105,0.0657,25,0.6250,0.5714,7,7,5,0,0,7,5,0.2857
4,72.0000,0,23,772.6442,-88.5104,0.3221,13,0.3250,0.8571,7,7,6,0,0,7,6,0.1429
4,72.0000,1,3,762.4373,-88.0445,-0.9142,12,0.3000,1.0000,8,8,8,0,0,8,8,0.0000
4,72.0000,1,4,275.5194,-77.0477,-1.8117,35,0.8750,0.0000,4,5,1,1,0,6,1,0.8333
4,72.0000,1,7,576.5881,-86.4317,-0.2264,24,0.6000,0.0000,4,5,2,0,0,5,2,0.6000
4,72.0000,1,8,701.0540,-87.6484,0.2901,17,0.4250,1.0000,8,6,4,0,0,6,4,0.3333
4,72.0000,1,10,654.1788,-87.3447,-0.1684,22,0.5500,0.5714,7,7,5,0,0,7,5,0.2857
4,72.0000,1,11,850.7594,-88.4066,-0.2899,13,0.3250,0.6667,6,8,7,0,0,8,7,0.1250
4,72.0000,1,14,521.2478,-84.1937,-0.4346,30,0.7500,0.2000,5,7,6,0,0,7,6,0.1429
4,72.0000,1,16,649.9409,-86.8770,-0.5319,25,0.6250,0.8571,7,8,6,0,0,8,6,0.2500
4,72.0000,1,17,962.8898,-89.1336,0.2259,5,0.1250,1.0000,6,6,6,0,0,6,6,0.0000
4,72.0000,1,18,1133.5513,-88.7239,-1.2820,3,0.0750,,0,10,10,0,0,10,10,0.0000
4,72.0000,1,21,866.3551,-88.2350,-1.1550,4,0.1000,1.0000,8,8,8,0,0,8,8,0.0000
4,72.0000,1,23,805.3139,-87.8352,-0.8499,13,0.3250,1.0000,8,8,8,0,0,8,8,0.0000
4,72.0000,1,24,621.2011,-87.8072,-0.0191,19,0.4750,0.7500,8,8,5,0,0,8,5,0.3750
4,72.0000,1,25,539.1466,-86.6552,0.2647,26,0.6500,0.5000,8,5,2,0,0,5,2,0.6000
4,72.0000,2,0,65.1457,-68.9282,1.2850,38,0.9500,0.0000,4,4,0,0,0,4,0,1.0000
4,72.0000,2,3,732.4793,-87.7112,-0.4359,22,0.5500,0.7143,7,8,8,0,0,8,8,0.0000
4,72.0000,2,6,574.3953,-86.1024,0.0684,31,0.7750,0.4000,5,8,6,0,0,8,6,0.2500
4,72.0000,2,9,416.6086,-84.3493,-0.1781,38,0.9500,0.5000,6,5,2,0,0,5,2,0.6000
4,72.0000,2,11,547.6504,-87.3006,0.6903,28,0.7000,0.2000,5,4,0,0,0,4,0,1.0000
4,72.0000,2,12,404.3736,-81.5904,-0.4892,37,0.9250,0.0000,4,5,1,0,0,5,1,0.8000
4,72.0000,2,13,503.4394,-86.1643,-0.0460,36,0.9000,0.6667,6,6,3,3,1,9,4,0.5556
4,72.0000,2,14,1097.8474,-88.4814,-0.1685,3,0.0750,1.0000,8,6,6,0,0,6,6,0.0000
4,72.0000,2,15,343.4517,-82.9333,0.7774,37,0.9250,0.0000,4,4,0,0,0,4,0,1.0000
4,72.0000,2,16,731.4433,-88.2106,0.1400,18,0.4500,1.0000,8,7,4,0,0,7,4,0.4286
4,72.0000,2,17,498.8066,-85.2977,-0.2732,30,0.7500,0.6250,8,5,2,0,0,5,2,0.6000
4,72.0000,2,18,468.4699,-85.8999,0.0820,35,0.8750,0.3333,6,5,1,0,0,5,1,0.8000
4,72.0000,2,19,851.9443,-87.9414,-0.0925,17,0.4250,1.0000,6,8,7,0,0,8,7,0.1250
4,72.0000,2,21,518.2620,-85.5346,-0.4307,37,0.9250,0.0000,4,4,0,0,0,4,0,1.0000
4,72.0000,2,22,706.5577,-88.2973,0.3596,19,0.4750,0.5714,7,8,7,0,0,8,7,0.1250
4,72.0000,2,23,734.6552,-87.9622,-0.1527,20,0.5000,0.7143,7,8,7,0,0,8,7,0.1250
4,72.0000,3,0,738.7793,-87.5250,0.5047,17,0.4250,0.8750,8,8,5,0,0,8,5,0.3750
4,72.0000,3,1,762.4373,-88.3380,0.5301,17,0.4250,0.8750,8,8,7,0,0,8,7,0.1250
4,72.0000,3,2,732.4793,-87.2933,-0.1711,16,0.4000,1.0000,8,8,8,0,0,8,8,0.0000
4,72.0000,3,4,549.5401,-87.1573,0.0951,25,0.6250,1.0000,8,4,0,0,0,4,0,1.0000
4,72.0000,3,7,792.1595,-88.7467,0.3194,9,0.2250,1.0000,8,6,4,0,0,6,4,0.3333
4,72.0000,3,9,622.7156,-87.1512,0.2849,21,0.5250,1.0000,8,7,6,0,0,7,6,0.1429
4,72.0000,3,11,416.9166,-83.9052,0.0115,31,0.7750,0.3333,6,5,1,0,0,5,1,0.8000
4,72.0000,3,13,1127.5518,-89.1450,0.5829,3,0.0750,,0,6,6,0,0,6,6,0.0000
4,72.0000,3,14,809.9598,-87.9507,0.1381,15,0.3750,1.0000,8,5,4,0,0,5,4,0.2000
4,72.0000,3,15,733.5809,-87.4650,-0.4902,17,0.4250,0.7778,9,6,6,0,0,6,6,0.0000
4,72.0000,3,16,179.6836,-78.9760,1.6017,35,0.8750,0.0000,4,5,1,0,0,5,1,0.8000
4,72.0000,3,17,339.6706,-82.3267,-0.2673,33,0.8250,0.2000,5,4,0,0,0,4,0,1.0000
4,72.0000,3,18,388.0805,-83.3383,-0.3636,33,0.8250,0.0000,4,5,1,0,0,5,1,0.8000
4,72.0000,3,21,403.3290,-83.8035,-0.1283,33,0.8250,0.5000,6,5,1,0,0,5,1,0.8000
4,72.0000,3,23,617.1211,-87.4925,0.0048,28,0.7000,0.4286,7,8,7,0,0,8,7,0.1250
4,72.0000,4,1,275.5194,-77.2287,-1.5146,39,0.9750,0.0000,4,6,3,0,0,6,3,0.5000
4,72.0000,4,3,549.5401,-86.7874,-0.1480,22,0.5500,0.5714,7,6,3,2,2,8,5,0.3750
4,72.0000,4,7,504.1896,-86.4814,-0.0090,33,0.8250,0.2000,5,5,1,0,0,5,1,0.8000
4,72.0000,4,8,942.7501,-88.1263,-0.4789,7,0.1750,1.0000,8,2,2,0,0,2,2,0.0000
4,72.0000,4,9,995.5584,-89.1833,-0.0381,4,0.1000,1.0000,8,4,4,0,0,4,4,0.0000
4,72.0000,4,10,917.4621,-88.6078,0.1813,11,0.2750,1.0000,8,8,8,0,0,8,8,0.0000
4,72.0000,4,11,575.7911,-86.2753,-0.1172,27,0.6750,0.7778,9,6,3,0,0,6,3,0.5000
4,72.0000,4,14,471.4426,-84.1147,-0.9134,38,0.9500,0.4000,5,6,2,0,0,6,2,0.6667
4,72.0000,4,16,426.4594,-85.2568,-0.6162,33,0.8250,0.6667,6,6,2,0,0,6,2,0.6667
4,72.0000,4,17,741.5640,-88.3164,0.0217,12,0.3000,0.8571,7,7,6,0,0,7,6,0.1429
4,72.0000,4,18,895.3737,-88.4752,0.1942,6,0.1500,1.0000,8,6,4,0,0,6,4,0.3333
4,72.0000,4,21,640.1667,-87.9206,0.6329,18,0.4500,0.8750,8,7,3,0,0,7,3,0.5714
4,72.0000,4,23,637.3811,-87.3615,-0.4324,24,0.6000,0.7143,7,8,8,0,0,8,8,0.0000
4,72.0000,4,24,857.0868,-88.8098,0.4194,11,0.2750,1.0000,6,8,8,0,0,8,8,0.0000
4,72.0000,4,25,696.8985,-87.7203,-0.0187,23,0.5750,0.8750,8,8,8,0,0,8,8,0.0000
4,72.0000,5,1,985.8784,-89.3967,-0.2909,3,0.0750,1.0000,6,8,8,0,0,8,8,0.0000
4,72.0000,5,8,501.2904,-85.2512,-0.3003,30,0.7500,0.5714,7,4,0,0,0,4,0,1.0000
4,72.0000,5,10,444.3955,-84.8396,0.6056,34,0.8500,0.0000,4,5,2,0,0,5,2,0.6000
4,72.0000,5,20,212.8243,-79.3055,0.7394,40,1.0000,0.4000,5,4,0,0,0,4,0,1.0000
4,72.0000,5,24,738.6525,-87.5179,-0.3648,20,0.5000,0.8750,8,8,7,0,0,8,7,0.1250
4,72.0000,5,25,807.4462,-87.2426,-0.9316,15,0.3750,1.0000,8,8,8,0,0,8,8,0.0000
4,72.0000,6,0,564.3743,-84.8805,-0.5996,19,0.4872,0.4000,5,6,4,0,0,6,4,0.3333
4,72.0000,6,2,574.3953,-86.3346,0.3031,21,0.5385,0.9318,44,8,4,0,0,8,4,0.5000
4,72.0000,6,9,959.7550,-88.6038,-0.4457,8,0.2051,1.0000,8,8,8,0,0,8,8,0.0000
4,72.0000,6,12,273.7914,-80.9694,0.7118,36,0.9231,0.2222,27,4,0,4,0,8,0,1.0000
4,72.0000,6,13,462.9433,-83.7677,-0.4798,31,0.7949,0.5000,6,6,4,34,29,40,33,0.1750
4,72.0000,6,15,573.2272,-86.9803,1.1485,15,0.3846,0.8750,8,6,2,35,32,41,34,0.1707
4,72.0000,6,17,901.7941,-88.0316,-0.1665,8,0.2051,0.8750,8,4,4,0,0,4,4,0.0000
4,72.0000,6,18,935.9904,-88.6940,-0.0751,4,0.1026,1.0000,10,8,8,0,0,8,8,0.0000
4,72.0000,6,19,944.3439,-89.3556,0.4675,8,0.2051,1.0000,8,6,6,0,0,6,6,0.0000
4,72.0000,6,21,917.6113,-89.5651,-0.1082,3,0.0769,1.0000,8,10,10,0,0,10,10,0.0000
4,72.0000,6,22,340.2525,-83.1400,0.2675,35,0.8974,0.0000,4,4,0,0,0,4,0,1.0000
4,72.0000,7,1,576.5881,-86.7777,-0.3925,23,0.5750,0.8571,7,5,2,0,0,5,2,0.6000
4,72.0000,7,3,792.1595,-87.9408,0.6100,8,0.2000,1.0000,8,7,5,0,0,7,5,0.2857
4,72.0000,7,4,504.1896,-85.7645,0.6377,31,0.7750,0.6667,6,8,7,0,0,8,7,0.1250
4,72.0000,7,10,963.5191,-88.8776,0.0080,6,0.1500,1.0000,8,8,8,0,0,8,8,0.0000
4,72.0000,7,11,764.9098,-87.0603,0.0095,11,0.2750,0.7143,7,8,8,0,0,8,8,0.0000
4,72.0000,7,14,951.4534,-88.5863,0.6423,6,0.1500,0.8571,7,8,8,0,0,8,8,0.0000
4,72.0000,7,16,771.0607,-88.0429,-0.1614,14,0.3500,0.8750,8,8,7,0,0,8,7,0.1250
4,72.0000,7,18,1100.4449,-88.4400,1.0097,3,0.0750,1.0000,2,4,4,0,0,4,4,0.0000
4,72.0000,7,24,791.4878,-88.2514,0.4304,9,0.2250,0.8750,8,8,5,0,0,8,5,0.3750
4,72.0000,7,25,510.2179,-86.7296,0.5890,26,0.6500,0.6667,6,5,1,0,0,5,1,0.8000
4,72.0000,8,1,701.0540,-88.2419,0.1208,15,0.3750,1.0000,8,7,5,0,0,7,5,0.2857
4,72.0000,8,4,942.7501,-88.4264,0.4321,8,0.2000,1.0000,8,8,8,0,0,8,8,0.0000
4,72.0000,8,5,501.2904,-85.4129,-0.3181,37,0.9250,0.3333,6,6,2,0,0,6,2,0.6667
4,72.0000,8,10,444.0330,-84.3073,-0.1347,38,0.9500,0.2000,5,5,1,0,0,5,1,0.8000
4,72.0000,8,14,838.4094,-88.2471,-0.0601,13,0.3250,0.8750,8,7,5,0,0,7,5,0.2857
4,72.0000,8,20,489.7499,-84.7436,-0.6759,34,0.8500,0.0000,4,7,6,0,0,7,6,0.1429
4,72.0000,8,24,725.7372,-87.8118,-0.0991,18,0.4500,0.7143,7,8,6,0,0,8,6,0.2500
4,72.0000,8,25,829.7189,-87.4878,-0.4583,18,0.4500,0.6667,6,8,8,0,0,8,8,0.0000
4,72.0000,9,0,406.2935,-84.4468,-0.5320,30,0.7500,0.2000,5,6,3,0,0,6,3,0.5000
4,72.0000,9,2,416.6086,-84.4855,0.1194,31,0.7750,0.5000,6,4,0,0,0,4,0,1.0000
4,72.0000,9,3,622.7156,-86.2984,-0.0980,23,0.5750,0.4000,5,6,4,0,0,6,4,0.3333
4,72.0000,9,4,995.5584,-89.2404,-0.2436,5,0.1250,1.0000,4,8,8,0,0,8,8,0.0000
4,72.0000,9,6,959.7550,-88.4883,0.5362,8,0.2000,1.0000,8,8,8,0,0,8,8,0.0000
4,72.0000,9,7,1087.5013,-88.6460,0.5401,3,0.0750,1.0000,2,6,6,0,0,6,6,0.0000
4,72.0000,9,11,444.2953,-85.4937,0.4000,26,0.6500,0.5000,6,6,3,0,0,6,3,0.5000
4,72.0000,9,12,768.8253,-87.9848,-0.4625,24,0.6000,0.7143,7,8,8,0,0,8,8,0.0000
4,72.0000,9,13,709.1355,-86.9580,-1.0409,22,0.5500,0.7500,8,8,8,2,2,10,10,0.0000
4,72.0000,9,15,557.5989,-84.8774,0.0516,30,0.7500,0.0000,4,7,6,0,0,7,6,0.1429
4,72.0000,9,16,695.7756,-88.4970,0.3924,19,0.4750,1.0000,8,6,4,0,0,6,4,0.3333
4,72.0000,9,17,592.3807,-86.6293,0.1506,22,0.5500,0.7500,8,5,2,0,0,5,2,0.6000
4,72.0000,9,18,381.3107,-83.3822,0.2662,33,0.8250,0.5882,34,5,1,1,0,6,1,0.8333
4,72.0000,9,19,825.7905,-89.0891,0.0459,7,0.1750,0.8889,9,8,8,0,0,8,8,0.0000
4,72.0000,9,21,657.1042,-87.4961,-0.3032,22,0.5500,0.3333,6,6,4,0,0,6,4,0.3333
4,72.0000,9,22,996.3917,-89.0033,-0.3403,8,0.2000,1.0000,8,8,8,0,0,8,8,0.0000
4,72.0000,9,23,929.5164,-89.0105,0.0726,7,0.1750,1.0000,8,8,8,0,0,8,8,0.0000
4,72.0000,10,1,654.1788,-87.6225,-0.0121,16,0.4000,0.8889,18,8,6,8,8,16,14,0.1250
4,72.0000,10,4,917.4621,-88.2219,-0.2903,8,0.2000,1.0000,8,6,6,72,72,78,78,0.0000
4,72.0000,10,5,444.3955,-84.5695,0.2698,32,0.8000,0.0000,4,5,2,0,0,5,2,0.6000
4,72.0000,10,7,963.5191,-88.7475,-0.1562,5,0.1250,1.0000,8,8,8,0,0,8,8,0.0000
4,72.0000,10,8,444.0330,-83.6222,-0.3264,35,0.8750,0.7179,78,4,0,60,30,64,30,0.5312
4,72.0000,10,14,1033.1916,-89.2349,0.2615,6,0.1500,0.8571,7,4,4,0,0,4,4,0.0000
4,72.0000,10,20,603.6411,-86.9890,-0.0770,29,0.7250,0.5000,6,6,3,0,0,6,3,0.5000
4,72.0000,10,24,323.0412,-81.2680,-0.0996,38,0.9500,0.0000,4,4,0,0,0,4,0,1.0000
4,72.0000,10,25,502.2294,-83.9646,-1.0050,30,0.7500,0.4000,5,7,5,0,0,7,5,0.2857
4,72.0000,11,0,581.9194,-87.3725,0.8646,24,0.6000,1.0000,8,5,2,37,32,42,34,0.1905
4,72.0000,11,1,850.7594,-88.3500,-0.4363,14,0.3500,0.8571,7,8,7,0,0,8,7,0.1250
4,72.0000,11,2,547.6504,-87.0569,0.3465,21,0.5250,0.6667,6,4,0,32,31,36,31,0.1389
4,72.0000,11,3,416.9166,-83.5135,0.1355,38,0.9500,0.7143,7,5,2,0,0,5,2,0.6000
4,72.0000,11,4,575.7911,-86.3854,0.3698,27,0.6750,0.3333,6,6,4,0,0,6,4,0.3333
4,72.0000,11,7,764.9098,-88.3282,-0.3470,17,0.4250,0.8750,8,8,8,0,0,8,8,0.0000
4,72.0000,11,9,444.2953,-85.4786,-0.1052,33,0.8250,0.8395,81,7,4,9,8,16,12,0.2500
4,72.0000,11,12,926.0905,-88.3237,0.0089,6,0.1500,1.0000,8,8,8,0,0,8,8,0.0000
4,72.0000,11,13,1021.0770,-88.7163,-0.4611,4,0.1000,1.0000,8,8,8,0,0,8,8,0.0000
4,72.0000,11,14,789.2373,-87.6862,-0.2047,16,0.4000,0.8750,8,8,8,0,0,8,8,0.0000
4,72.0000,11,15,742.0714,-87.6770,-0.2814,14,0.3500,0.8571,7,8,6,0,0,8,6,0.2500
4,72.0000,11,16,382.3456,-83.6422,0.1912,38,0.9500,0.3333,6,6,4,0,0,6,4,0.3333
4,72.0000,11,17,468.8317,-85.5117,0.4763,29,0.7250,0.6667,6,5,1,0,0,5,1,0.8000
4,72.0000,11,18,490.8511,-86.1258,0.3878,29,0.7250,0.8571,7,5,1,0,0,5,1,0.8000
4,72.0000,11,21,413.7310,-84.4519,1.5673,32,0.8000,0.3333,6,4,0,0,0,4,0,1.0000
4,72.0000,11,23,619.7319,-87.1716,0.0230,22,0.5500,0.7500,8,5,2,0,0,5,2,0.6000
4,72.0000,12,0,406.9775,-82.8313,-0.8449,31,0.7750,0.0000,5,4,2,0,0,4,2,0.5000
4,72.0000,12,2,404.3736,-82.8643,-0.4673,32,0.8000,0.0000,4,5,1,0,0,5,1,0.8000
4,72.0000,12,6,273.7914,-81.2006,0.3559,39,0.9750,0.0000,4,4,0,0,0,4,0,1.0000
4,72.0000,12,9,768.8253,-86.6595,-0.2346,13,0.3250,1.0000,8,8,8,0,0,8,8,0.0000
4,72.0000,12,11,926.0905,-88.8047,0.1765,5,0.1250,1.0000,8,8,8,0,0,8,8,0.0000
4,72.0000,12,13,402.1509,-83.2270,-0.5363,38,0.9500,0.2000,5,5,2,0,0,5,2,0.6000
4,72.0000,12,15,549.0831,-85.8820,-0.0486,26,0.6500,0.5714,7,5,1,0,0,5,1,0.8000
4,72.0000,12,17,845.4499,-88.5895,0.1165,12,0.3000,0.9167,12,8,8,0,0,8,8,0.0000
4,72.0000,12,18,842.1434,-87.7383,0.0840,9,0.2250,0.9459,37,7,5,8,8,15,13,0.1333
4,72.0000,12,19,918.0509,-88.4059,0.2423,9,0.2250,1.0000,8,8,8,0,0,8,8,0.0000
4,72.0000,12,21,845.2885,-87.6174,-0.5441,11,0.2750,0.8571,7,6,6,0,0,6,6,0.0000
4,72.0000,12,22,475.7101,-86.1194,0.4305,30,0.7500,0.2000,5,5,1,0,0,5,1,0.8000
4,72.0000,12,23,981.4129,-88.8717,1.2899,3,0.0750,1.0000,8,6,6,0,0,6,6,0.0000
4,72.0000,13,0,453.7585,-83.4467,-0.6808,34,0.8500,0.0000,4,5,2,0,0,5,2,0.6000
4,72.0000,13,2,503.4394,-84.8062,-0.1802,22,0.5500,0.5714,7,7,4,0,0,7,4,0.4286
4,72.0000,13,6,462.9433,-83.4442,-0.5711,35,0.8750,0.5000,6,5,2,0,0,5,2,0.6000
4,72.0000,13,9,709.1355,-87.5014,0.2886,17,0.4250,0.8571,7,7,6,0,0,7,6,0.1429
4,72.0000,13,11,1021.0770,-89.6937,0.0214,3,0.0750,1.0000,8,8,8,0,0,8,8,0.0000
4,72.0000,13,12,402.1509,-83.0414,-0.8455,34,0.8500,0.2000,5,5,1,0,0,5,1,0.8000
4,72.0000,13,15,445.6984,-85.0517,0.6295,30,0.7500,0.0000,4,6,3,0,0,6,3,0.5000
4,72.0000,13,17,883.8669,-87.9494,-0.6535,8,0.2000,1.0000,8,8,8,20,20,28,28,0.0000
4,72.0000,13,18,760.8013,-88.3560,-0.7359,9,0.2250,0.8750,8,8,8,0,0,8,8,0.0000
4,72.0000,13,19,525.8049,-86.0119,0.2075,31,0.7750,0.6154,13,4,0,4,1,8,1,0.8750
4,72.0000,13,21,965.8962,-88.7523,-0.2528,8,0.2000,1.0000,8,8,8,0,0,8,8,0.0000
4,72.0000,13,22,321.6142,-81.4132,-1.0347,38,0.9500,0.0000,4,5,1,0,0,5,1,0.8000
4,72.0000,14,1,521.2478,-84.5670,-0.0624,32,0.8000,0.5000,6,6,3,0,0,6,3,0.5000
4,72.0000,14,2,1097.8474,-89.1575,1.0719,3,0.0750,1.0000,8,8,8,0,0,8,8,0.0000
4,72.0000,14,3,809.9598,-88.5493,-0.3621,8,0.2000,0.8750,8,8,7,0,0,8,7,0.1250
4,72.0000,14,4,471.4426,-83.7799,-1.1185,35,0.8750,0.4000,5,7,4,0,0,7,4,0.4286
4,72.0000,14,7,951.4534,-88.5280,0.5452,8,0.2000,1.0000,8,8,8,0,0,8,8,0.0000
4,72.0000,14,8,838.4094,-88.6669,-0.1228,7,0.1750,1.0000,8,8,8,0,0,8,8,0.0000
4,72.0000,14,10,1033.1916,-88.8902,1.4146,4,0.1000,1.0000,8,2,2,0,0,2,2,0.0000
4,72.0000,14,11,789.2373,-87.8287,0.0217,15,0.3750,0.8750,8,8,8,0,0,8,8,0.0000
4,72.0000,14,16,632.5164,-86.4486,0.6748,25,0.6250,0.7143,7,7,5,0,0,7,5,0.2857
4,72.0000,14,17,811.5941,-88.4350,0.7800,9,0.2250,1.0000,8,7,6,0,0,7,6,0.1429
4,72.0000,14,21,646.4222,-87.2527,0.2045,15,0.3750,0.6667,6,6,4,0,0,6,4,0.3333
4,72.0000,14,23,438.0529,-84.5670,0.0486,32,0.8000,0.5000,6,6,3,0,0,6,3,0.5000
4,72.0000,15,0,292.5818,-80.9206,0.2266,36,0.9000,0.4000,5,4,0,0,0,4,0,1.0000
4,72.0000,15,2,343.4517,-82.6060,0.3777,36,0.9000,0.0000,4,4,0,0,0,4,0,1.0000
4,72.0000,15,3,733.5809,-86.9432,-0.2551,25,0.6250,0.6667,6,7,6,0,0,7,6,0.1429
4,72.0000,15,6,573.2272,-86.5381,0.0869,26,0.6500,0.7143,7,6,3,0,0,6,3,0.5000
4,72.0000,15,9,557.5989,-85.7420,-0.0587,29,0.7250,0.6000,5,7,6,0,0,7,6,0.1429
4,72.0000,15,11,742.0714,-88.1935,-0.0755,17,0.4250,0.8571,7,8,8,0,0,8,8,0.0000
4,72.0000,15,12,549.0831,-86.3573,-0.1486,25,0.6250,0.8571,7,7,5,0,0,7,5,0.2857
4,72.0000,15,13,445.6984,-84.9887,-0.0681,33,0.8250,0.6667,6,6,3,0,0,6,3,0.5000
4,72.0000,15,16,777.5124,-88.2621,0.2189,13,0.3250,0.8571,7,8,7,0,0,8,7,0.1250
4,72.0000,15,17,464.2060,-83.1828,-0.7638,34,0.8500,0.0000,4,5,1,12,12,17,13,0.2353
4,72.0000,15,18,394.8536,-81.5401,-1.2173,35,0.8750,0.0000,4,6,3,0,0,6,3,0.5000
4,72.0000,15,19,652.6968,-87.6116,0.1714,21,0.5250,0.8571,7,7,5,0,0,7,5,0.2857
4,72.0000,15,21,584.1435,-85.6464,-0.2836,26,0.6500,0.5714,7,7,4,0,0,7,4,0.4286
4,72.0000,15,22,584.9941,-87.3572,0.4167,22,0.5500,0.7143,7,5,2,0,0,5,2,0.6000
4,72.0000,15,23,811.3183,-88.3579,0.0511,9,0.2250,0.8571,7,8,8,0,0,8,8,0.0000
4,72.0000,16,0,751.6320,-87.7468,0.3256,5,0.1250,1.0000,8,8,6,0,0,8,6,0.2500
4,72.0000,16,1,649.9409,-86.1032,-0.9297,18,0.4500,0.4000,5,8,6,0,0,8,6,0.2500
4,72.0000,16,2,731.4433,-87.0733,0.2823,8,0.2000,0.8571,7,8,6,0,0,8,6,0.2500
4,72.0000,16,3,179.6836,-79.6100,1.6952,29,0.7250,0.0000,4,5,1,0,0,5,1,0.8000
4,72.0000,16,4,426.4594,-84.6271,0.3337,26,0.6500,0.4000,5,6,2,0,0,6,2,0.6667
4,72.0000,16,7,771.0607,-87.4432,-0.2969,16,0.4000,0.7143,7,8,7,0,0,8,7,0.1250
4,72.0000,16,9,695.7756,-87.0389,0.2824,7,0.1750,0.8571,7,6,4,0,0,6,4,0.3333
4,72.0000,16,11,382.3456,-83.5630,-0.6689,24,0.6000,0.6667,6,5,2,0,0,5,2,0.6000
4,72.0000,16,12,1106.1215,-88.5750,-0.3198,3,0.0750,1.0000,4,4,4,0,0,4,4,0.0000
4,72.0000,16,14,632.5164,-86.1244,-0.8782,23,0.5750,0.4000,5,7,5,0,0,7,5,0.2857
4,72.0000,16,15,777.5124,-88.4254,0.1830,13,0.3250,0.7143,7,7,6,0,0,7,6,0.1429
4,72.0000,16,17,330.7074,-83.5660,0.6950,26,0.6500,0.7500,8,4,0,0,0,4,0,1.0000
4,72.0000,16,18,492.3961,-85.8962,0.1481,24,0.6000,0.6667,6,4,0,0,0,4,0,1.0000
4,72.0000,16,21,303.7107,-82.5793,1.2516,28,0.7000,0.0000,4,7,2,0,0,7,2,0.7143
4,72.0000,16,23,463.2565,-84.7910,0.2272,28,0.7000,0.2000,5,7,5,0,0,7,5,0.2857
4,72.0000,17,0,503.9573,-85.2502,-0.0015,18,0.4615,0.4000,5,7,6,0,0,7,6,0.1429
4,72.0000,17,2,498.8066,-85.3472,0.1808,22,0.5641,0.5000,6,5,2,0,0,5,2,0.6000
4,72.0000,17,3,339.6706,-82.8136,0.6478,28,0.7179,0.2000,5,5,2,0,0,5,2,0.6000
4,72.0000,17,4,741.5640,-88.2691,0.4291,9,0.2308,1.0000,8,7,5,0,0,7,5,0.2857
4,72.0000,17,6,901.7941,-88.6216,-1.4005,3,0.0769,1.0000,8,7,5,0,0,7,5,0.2857
4,72.0000,17,9,592.3807,-86.3850,-0.1142,17,0.4359,0.6667,6,6,3,0,0,6,3,0.5000
4,72.0000,17,11,468.8317,-86.0929,-0.0423,16,0.4103,0.2000,5,6,3,0,0,6,3,0.5000
4,72.0000,17,12,845.4499,-87.9013,0.4390,3,0.0769,1.0000,8,8,8,0,0,8,8,0.0000
4,72.0000,17,13,883.8669,-88.4619,0.9356,5,0.1282,0.6667,6,8,8,0,0,8,8,0.0000
4,72.0000,17,14,811.5941,-88.4729,-0.6248,8,0.2051,0.8571,7,8,8,0,0,8,8,0.0000
4,72.0000,17,15,464.2060,-84.3168,-1.1003,26,0.6667,0.0000,4,7,5,0,0,7,5,0.2857
4,72.0000,17,16,330.7074,-83.5072,0.6495,25,0.6410,0.2000,5,4,0,0,0,4,0,1.0000
4,72.0000,17,18,305.5419,-82.3861,1.4230,28,0.7179,0.4000,5,7,3,0,0,7,3,0.5714
4,72.0000,17,21,192.0467,-75.2650,-0.3670,36,0.9231,0.0000,5,4,0,0,0,4,0,1.0000
4,72.0000,17,23,452.3921,-85.3561,-0.1259,22,0.5641,0.0000,4,6,4,0,0,6,4,0.3333
4,72.0000,18,0,445.0163,-85.1825,0.1448,23,0.5897,0.5000,6,5,1,0,0,5,1,0.8000
4,72.0000,18,2,468.4699,-85.5052,0.3105,22,0.5641,0.4000,5,5,1,0,0,5,1,0.8000
4,72.0000,18,3,388.0805,-82.5947,-0.1203,31,0.7949,0.0000,4,4,0,0,0,4,0,1.0000
4,72.0000,18,4,895.3737,-88.9979,-0.1378,6,0.1538,1.0000,6,8,6,0,0,8,6,0.2500
4,72.0000,18,6,935.9904,-89.2529,0.3820,3,0.0769,1.0000,8,8,7,0,0,8,7,0.1250
4,72.0000,18,9,381.3107,-82.2403,-0.3214,30,0.7692,0.5000,6,6,4,0,0,6,4,0.3333
4,72.0000,18,11,490.8511,-85.5631,0.4324,19,0.4872,0.8750,8,5,1,0,0,5,1,0.8000
4,72.0000,18,12,842.1434,-88.4944,-0.1329,12,0.3077,0.7143,7,8,8,0,0,8,8,0.0000
4,72.0000,18,13,760.8013,-87.3620,-0.4575,14,0.3590,0.9091,22,8,8,43,40,51,48,0.0588
4,72.0000,18,15,394.8536,-81.6152,-1.5666,31,0.7949,0.0000,4,5,1,0,0,5,1,0.8000
4,72.0000,18,16,492.3961,-85.6426,0.5410,20,0.5128,0.7143,7,5,1,0,0,5,1,0.8000
4,72.0000,18,17,305.5419,-82.3861,0.3361,30,0.7692,0.2857,7,5,1,0,0,5,1,0.8000
4,72.0000,18,19,813.7235,-87.8115,-0.2920,14,0.3590,0.9091,22,8,8,0,0,8,8,0.0000
4,72.0000,18,21,461.4838,-85.2607,-0.0259,24,0.6154,0.5000,6,4,2,0,0,4,2,0.5000
4,72.0000,18,22,968.6622,-89.1626,-0.0740,4,0.1026,1.0000,8,8,8,0,0,8,8,0.0000
4,72.0000,18,23,745.7571,-88.3066,0.1115,12,0.3077,0.8571,7,6,4,0,0,6,4,0.3333
4,72.0000,19,0,787.7298,-87.8690,0.3181,17,0.4250,1.0000,8,9,7,0,0,9,7,0.2222
4,72.0000,19,2,851.9443,-88.7409,-0.5588,8,0.2000,1.0000,8,8,8,0,0,8,8,0.0000
4,72.0000,19,6,944.3439,-89.3440,-0.0850,7,0.1750,1.0000,8,4,4,0,0,4,4,0.0000
4,72.0000,19,9,825.7905,-87.4595,0.2161,14,0.3500,0.7500,8,8,8,0,0,8,8,0.0000
4,72.0000,19,12,918.0509,-88.6073,0.1708,6,0.1500,1.0000,8,8,8,0,0,8,8,0.0000
4,72.0000,19,13,525.8049,-86.0859,0.0631,31,0.7750,0.5714,7,5,1,0,0,5,1,0.8000
4,72.0000,19,15,652.6968,-87.4570,-0.0672,17,0.4250,0.5000,6,7,6,0,0,7,6,0.1429
4,72.0000,19,17,1045.8703,-88.5316,1.4953,3,0.0750,1.0000,6,8,8,0,0,8,8,0.0000
4,72.0000,19,18,813.7235,-88.0719,-0.0481,10,0.2500,0.7143,7,8,7,0,0,8,7,0.1250
4,72.0000,19,22,694.7263,-86.6678,-0.1200,24,0.6000,0.8571,7,7,5,0,0,7,5,0.2857
4,72.0000,20,5,212.8243,-78.9401,1.0268,39,0.9750,0.0000,4,4,0,0,0,4,0,1.0000
4,72.0000,20,8,489.7499,-85.2299,0.4310,27,0.6750,0.0000,4,4,0,0,0,4,0,1.0000
4,72.0000,20,10,603.6411,-86.5603,-0.0438,20,0.5000,0.5000,6,6,3,0,0,6,3,0.5000
4,72.0000,20,24,916.3690,-89.1996,0.0857,5,0.1250,1.0000,8,8,7,2,2,10,9,0.1000
4,72.0000,20,25,965.8681,-88.4015,0.1798,8,0.2000,0.9886,88,6,6,78,78,84,84,0.0000
4,72.0000,21,0,546.2653,-85.7797,-0.2051,30,0.7500,0.2000,5,7,5,0,0,7,5,0.2857
4,72.0000,21,1,866.3551,-89.0520,0.5177,9,0.2250,1.0000,8,2,2,0,0,2,2,0.0000
4,72.0000,21,2,518.2620,-85.4212,-0.6980,31,0.7750,0.2000,5,5,2,0,0,5,2,0.6000
4,72.0000,21,3,403.3290,-84.0621,0.1785,33,0.8250,0.4000,5,5,1,0,0,5,1,0.8000
4,72.0000,21,4,640.1667,-88.1792,0.4242,21,0.5250,0.8750,8,6,3,0,0,6,3,0.5000
4,72.0000,21,6,917.6113,-88.0653,-0.5910,8,0.2000,0.8750,8,6,6,0,0,6,6,0.0000
4,72.0000,21,9,657.1042,-86.7136,-0.2829,27,0.6750,0.7500,8,6,3,0,0,6,3,0.5000
4,72.0000,21,11,413.7310,-85.8353,0.0953,36,0.9000,0.4000,5,6,3,0,0,6,3,0.5000
4,72.0000,21,12,845.2885,-88.5121,-0.0848,14,0.3500,1.0000,8,8,8,0,0,8,8,0.0000
4,72.0000,21,13,965.8962,-88.3656,0.2846,7,0.1750,1.0000,56,8,8,0,0,8,8,0.0000
4,72.0000,21,14,646.4222,-88.4704,0.2835,20,0.5000,0.6667,6,6,4,0,0,6,4,0.3333
4,72.0000,21,15,584.1435,-86.1586,-0.0853,31,0.7750,0.2000,5,6,4,0,0,6,4,0.3333
4,72.0000,21,16,303.7107,-82.4439,1.2177,36,0.9000,0.2000,5,4,0,0,0,4,0,1.0000
4,72.0000,21,17,192.0467,-76.3970,-0.2561,39,0.9750,0.0000,4,4,0,0,0,4,0,1.0000
4,72.0000,21,18,461.4838,-86.0054,0.4158,29,0.7250,0.8333,36,5,1,76,64,81,65,0.1975
4,72.0000,21,22,1095.0377,-89.4953,-0.0315,5,0.1250,1.0000,8,6,6,0,0,6,6,0.0000
4,72.0000,21,23,288.2005,-81.9936,0.2224,38,0.9500,0.2000,5,5,1,0,0,5,1,0.8000
4,72.0000,22,0,666.8134,-86.7960,0.0878,16,0.4000,0.6667,6,8,6,0,0,8,6,0.2500
4,72.0000,22,2,706.5577,-87.5331,0.4393,15,0.3750,0.5000,6,7,6,0,0,7,6,0.1429
4,72.0000,22,6,340.2525,-82.4780,-0.4324,34,0.8500,0.0000,4,4,0,0,0,4,0,1.0000
4,72.0000,22,9,996.3917,-89.1892,-0.0745,5,0.1250,1.0000,8,6,6,0,0,6,6,0.0000
4,72.0000,22,12,475.7101,-85.5900,-0.0092,25,0.6250,0.6667,6,5,1,0,0,5,1,0.8000
4,72.0000,22,13,321.6142,-81.0708,0.1373,34,0.8500,0.0000,4,5,1,0,0,5,1,0.8000
4,72.0000,22,15,584.9941,-87.6710,0.4325,19,0.4750,0.8571,7,7,4,0,0,7,4,0.4286
4,72.0000,22,17,1022.0050,-89.0554,0.4305,5,0.1250,1.0000,8,8,8,0,0,8,8,0.0000
4,72.0000,22,18,968.6622,-89.3440,0.6125,4,0.1000,1.0000,6,8,8,0,0,8,8,0.0000
4,72.0000,22,19,694.7263,-86.4677,-0.5685,23,0.5750,0.5000,6,6,4,0,0,6,4,0.3333
4,72.0000,22,21,1095.0377,-89.4979,-0.1544,4,0.1000,1.0000,8,8,8,0,0,8,8,0.0000
4,72.0000,23,0,772.6442,-88.0108,0.6719,11,0.2750,0.8750,8,7,6,0,0,7,6,0.1429
4,72.0000,23,1,805.3139,-87.6229,-0.4530,16,0.4000,0.8000,5,9,8,0,0,9,8,0.1111
4,72.0000,23,2,734.6552,-87.6324,-0.3610,17,0.4250,0.8750,8,8,6,0,0,8,6,0.2500
4,72.0000,23,3,617.1211,-86.8860,-0.6577,21,0.5250,0.5000,4,6,4,0,0,6,4,0.3333
4,72.0000,23,4,637.3811,-86.8788,-0.4607,20,0.5000,0.7143,7,6,2,0,0,6,2,0.6667
4,72.0000,23,9,929.5164,-89.0652,0.3100,5,0.1250,1.0000,10,6,6,0,0,6,6,0.0000
4,72.0000,23,11,619.7319,-86.9764,-0.4807,24,0.6000,0.2000,5,8,7,0,0,8,7,0.1250
4,72.0000,23,12,981.4129,-88.2442,0.7513,6,0.1500,1.0000,4,10,9,0,0,10,9,0.1000
4,72.0000,23,14,438.0529,-84.4193,0.1572,33,0.8250,0.5714,7,6,3,0,0,6,3,0.5000
4,72.0000,23,15,811.3183,-88.0459,0.2202,9,0.2250,0.8571,7,6,4,0,0,6,4,0.3333
4,72.0000,23,16,463.2565,-84.7625,-0.0377,30,0.7500,0.5714,7,5,1,0,0,5,1,0.8000
4,72.0000,23,17,452.3921,-83.9121,0.3082,27,0.6750,0.0000,3,6,2,0,0,6,2,0.6667
4,72.0000,23,18,745.7571,-87.7860,-0.2116,15,0.3750,0.8571,7,5,2,0,0,5,2,0.6000
4,72.0000,23,21,288.2005,-82.4233,0.5956,33,0.8250,0.0000,4,5,2,0,0,5,2,0.6000
4,72.0000,24,1,621.2011,-87.5147,0.2877,17,0.4250,0.8571,7,7,4,0,0,7,4,0.4286
4,72.0000,24,4,857.0868,-88.3106,-0.8490,4,0.1000,1.0000,8,8,8,0,0,8,8,0.0000
4,72.0000,24,5,738.6525,-87.5213,-0.2552,16,0.4000,0.7143,7,8,5,0,0,8,5,0.3750
4,72.0000,24,7,791.4878,-88.4171,0.5300,7,0.1750,1.0000,8,8,8,0,0,8,8,0.0000
4,72.0000,24,8,725.7372,-87.0772,-0.2458,17,0.4250,0.8750,8,7,5,0,0,7,5,0.2857
4,72.0000,24,10,323.0412,-81.8979,0.0912,39,0.9750,0.0000,4,5,1,0,0,5,1,0.8000
4,72.0000,24,20,916.3690,-88.7454,0.5721,6,0.1500,1.0000,8,8,8,0,0,8,8,0.0000
4,72.0000,24,25,362.3216,-82.9997,-0.3560,40,1.0000,0.2000,5,5,2,0,0,5,2,0.6000
4,72.0000,25,1,539.1466,-86.3561,0.2996,26,0.6500,0.7500,8,5,2,0,0,5,2,0.6000
4,72.0000,25,4,696.8985,-87.9240,0.7346,17,0.4250,0.7143,7,6,6,0,0,6,6,0.0000
4,72.0000,25,5,807.4462,-87.5996,-0.5855,19,0.4750,0.6667,6,7,6,0,0,7,6,0.1429
4,72.0000,25,7,510.2179,-86.5354,0.1995,28,0.7000,0.8571,7,4,0,0,0,4,0,1.0000
4,72.0000,25,8,829.7189,-87.8792,0.5588,17,0.4250,0.7143,7,8,8,0,0,8,8,0.0000
4,72.0000,25,10,502.2294,-84.2334,-0.6929,37,0.9250,0.0000,4,6,4,0,0,6,4,0.3333
4,72.0000,25,16,1084.1931,-88.6830,0.7852,3,0.0750,1.0000,2,2,2,0,0,2,2,0.0000
4,72.0000,25,20,965.8681,-88.8301,-0.1854,11,0.2750,0.8750,8,6,6,0,0,6,6,0.0000
4,72.0000,25,24,362.3216,-83.3345,0.4877,39,0.9750,0.2000,5,4,0,0,0,4,0,1.0000
4,76.0000,0,2,50.6292,-64.6182,0.5398,40,1.0000,0.0000,4,5,1,0,0,5,1,0.8000
4,76.0000,0,3,771.6129,-87.9328,-0.2152,16,0.4000,1.0000,8,8,7,0,0,8,7,0.1250
4,76.0000,0,6,626.1861,-86.6654,0.1024,27,0.6750,0.4000,5,7,6,0,0,7,6,0.1429
4,76.0000,0,9,408.1571,-85.1658,0.3512,33,0.8250,0.5714,7,4,0,0,0,4,0,1.0000
4,76.0000,0,11,448.7420,-85.3457,0.6798,30,0.7500,0.2000,5,4,0,0,0,4,0,1.0000
4,76.0000,0,12,559.5771,-85.3203,-0.8469,30,0.7500,0.2000,5,6,3,0,0,6,3,0.5000
4,76.0000,0,13,552.4571,-85.4685,-0.6474,29,0.7250,0.5000,6,5,1,0,0,5,1,0.8000
4,76.0000,0,15,370.5585,-81.0572,-0.8810,36,0.9000,0.0000,4,4,0,0,0,4,0,1.0000
4,76.0000,0,16,637.9954,-87.6032,-0.0151,23,0.5750,0.6667,6,8,6,0,0,8,6,0.2500
4,76.0000,0,17,524.8467,-85.9374,0.1468,23,0.5750,0.6667,6,5,1,0,0,5,1,0.8000
4,76.0000,0,18,408.9334,-84.4581,0.1042,30,0.7500,0.6667,6,5,2,0,0,5,2,0.6000
4,76.0000,0,19,740.3475,-88.1533,0.2501,14,0.3500,0.9474,19,6,3,0,0,6,3,0.5000
4,76.0000,0,21,610.2922,-86.4428,-0.2735,27,0.6750,0.4000,5,8,7,0,0,8,7,0.1250
4,76.0000,0,22,697.4325,-87.9256,-0.3620,14,0.3500,0.7143,7,8,8,0,0,8,8,0.0000
4,76.0000,0,23,757.6988,-87.6100,-0.0545,19,0.4750,0.8571,7,8,8,0,0,8,8,0.0000
4,76.0000,1,3,721.4147,-85.9847,0.2683,11,0.2750,1.0000,8,8,8,2,2,10,10,0.0000
4,76.0000,1,4,418.4102,-82.6832,-0.9654,36,0.9000,0.1667,6,6,3,0,0,6,3,0.5000
4,76.0000,1,5,889.7244,-88.2999,0.0005,12,0.3000,0.7500,4,8,8,0,0,8,8,0.0000
4,76.0000,1,7,529.3573,-85.4449,0.2167,31,0.7750,0.4000,5,7,5,0,0,7,5,0.2857
4,76.0000,1,8,705.7821,-87.7859,-0.0362,22,0.5500,0.6667,6,6,4,0,0,6,4,0.3333
4,76.0000,1,10,642.9611,-87.3988,0.1099,24,0.6000,0.7143,7,7,5,0,0,7,5,0.2857
4,76.0000,1,11,987.9516,-88.6257,-0.5705,5,0.1250,0.8750,8,8,8,0,0,8,8,0.0000
4,76.0000,1,14,685.6367,-86.7313,-0.7263,24,0.6000,0.8571,7,8,8,0,0,8,8,0.0000
4,76.0000,1,16,805.3214,-88.1266,0.2707,17,0.4250,0.7500,8,8,7,0,0,8,7,0.1250
4,76.0000,1,17,975.6760,-89.1377,0.0524,6,0.1500,1.0000,6,8,8,0,0,8,8,0.0000
4,76.0000,1,20,1037.9363,-88.9948,1.4890,3,0.0750,1.0000,4,8,8,0,0,8,8,0.0000
4,76.0000,1,21,851.8435,-89.3839,0.0525,3,0.0750,1.0000,8,7,6,0,0,7,6,0.1429
4,76.0000,1,23,941.6802,-88.4221,0.1968,6,0.1500,1.0000,8,8,8,0,0,8,8,0.0000
4,76.0000,1,24,458.2681,-85.8881,0.3821,31,0.7750,0.6250,8,5,1,0,0,5,1,0.8000
4,76.0000,1,25,484.0867,-85.5359,0.0595,33,0.8250,0.4000,5,5,4,0,0,5,4,0.2000
4,76.0000,2,0,50.6292,-64.8277,0.1642,40,1.0000,0.0000,4,4,0,0,0,4,0,1.0000
4,76.0000,2,3,791.5447,-88.0526,-0.0670,14,0.3500,1.0000,8,8,8,0,0,8,8,0.0000
4,76.0000,2,4,989.3437,-89.4549,-1.0383,3,0.0750,1.0000,4,8,8,0,0,8,8,0.0000
4,76.0000,2,6,599.1955,-86.8593,-0.5405,29,0.7250,0.7500,8,5,2,0,0,5,2,0.6000
4,76.0000,2,9,436.6762,-84.3375,-0.1513,38,0.9500,0.4000,5,4,0,0,0,4,0,1.0000
4,76.0000,2,11,445.2580,-85.8054,0.4403,32,0.8000,0.0000,4,5,2,0,0,5,2,0.6000
4,76.0000,2,12,525.3628,-85.0655,-0.4467,36,0.9000,0.2000,5,8,8,0,0,8,8,0.0000
4,76.0000,2,13,559.3309,-85.6357,0.0997,36,0.9000,0.4444,9,7,4,0,0,7,4,0.4286
4,76.0000,2,15,388.1011,-82.7542,-0.3047,38,0.9500,0.0000,4,4,0,0,0,4,0,1.0000
4,76.0000,2,16,652.2402,-87.6678,0.4028,17,0.4250,0.5714,7,4,0,0,0,4,0,1.0000
4,76.0000,2,17,544.0637,-85.8065,-0.1864,29,0.7250,0.4000,5,6,3,0,0,6,3,0.5000
4,76.0000,2,18,443.5841,-83.9397,0.2027,34,0.8500,0.2000,5,7,4,0,0,7,4,0.4286
4,76.0000,2,19,776.8242,-88.2375,0.3147,16,0.4000,0.8750,8,7,5,0,0,7,5,0.2857
4,76.0000,2,21,611.7946,-86.2837,-0.5751,25,0.6250,0.0000,4,6,3,0,0,6,3,0.5000
4,76.0000,2,22,690.0256,-87.7243,0.3539,24,0.6000,0.8750,8,7,4,0,0,7,4,0.4286
4,76.0000,2,23,744.6590,-88.6752,0.0525,11,0.2750,0.8750,8,9,8,0,0,9,8,0.1111
4,76.0000,3,0,771.6129,-88.1268,0.2729,10,0.2500,0.6250,8,7,5,0,0,7,5,0.2857
4,76.0000,3,1,721.4147,-87.7211,-0.2785,11,0.2750,0.8750,8,8,7,0,0,8,7,0.1250
4,76.0000,3,2,791.5447,-87.5984,-0.5793,19,0.4750,1.0000,8,8,7,0,0,8,7,0.1250
4,76.0000,3,4,388.3817,-84.9597,0.2592,31,0.7750,0.0000,4,5,1,0,0,5,1,0.8000
4,76.0000,3,7,710.2186,-87.5547,0.5545,18,0.4500,0.6667,6,7,5,0,0,7,5,0.2857
4,76.0000,3,9,697.1040,-86.7351,1.4997,15,0.3750,0.8571,7,7,6,0,0,7,6,0.1429
4,76.0000,3,11,491.1806,-84.9180,-0.4723,31,0.7750,0.2000,5,6,2,0,0,6,2,0.6667
4,76.0000,3,14,802.0775,-88.1653,-0.5844,10,0.2500,0.8000,5,7,6,0,0,7,6,0.1429
4,76.0000,3,15,924.6757,-88.6806,-0.2192,11,0.2750,1.0000,6,8,8,0,0,8,8,0.0000
4,76.0000,3,16,171.4883,-74.5691,0.1585,35,0.8750,0.2000,5,5,1,0,0,5,1,0.8000
4,76.0000,3,17,310.9121,-81.9424,0.5528,32,0.8000,0.0000,4,4,0,0,0,4,0,1.0000
4,76.0000,3,18,419.0234,-83.9598,-1.0058,29,0.7250,0.2000,5,6,2,0,0,6,2,0.6667
4,76.0000,3,21,346.6001,-82.8003,0.5987,34,0.8500,0.2000,5,4,0,0,0,4,0,1.0000
4,76.0000,3,23,612.4317,-87.3373,0.2981,21,0.5250,0.8750,8,7,5,0,0,7,5,0.2857
4,76.0000,3,25,992.8849,-88.9243,-0.3267,6,0.1500,,0,7,6,0,0,7,6,0.1429
4,76.0000,4,0,986.1023,-89.0869,0.0302,4,0.1000,1.0000,8,8,8,0,0,8,8,0.0000
4,76.0000,4,1,418.4102,-81.8154,-0.4975,35,0.8750,0.5000,6,6,3,0,0,6,3,0.5000
4,76.0000,4,2,989.3437,-88.9952,0.6605,5,0.1250,1.0000,8,8,7,0,0,8,7,0.1250
4,76.0000,4,3,388.3817,-84.5315,0.8836,31,0.7750,0.6250,8,4,0,2,2,6,2,0.6667
4,76.0000,4,7,457.0150,-85.3051,0.0209,37,0.9250,0.2000,5,5,1,0,0,5,1,0.8000
4,76.0000,4,9,896.4002,-88.2420,0.3066,5,0.1250,1.0000,4,7,6,0,0,7,6,0.1429
4,76.0000,4,10,1056.3580,-87.7325,-0.5140,5,0.1250,1.0000,8,4,4,0,0,4,4,0.0000
4,76.0000,4,11,570.7929,-86.3456,-0.4610,31,0.7750,0.5000,6,4,0,0,0,4,0,1.0000
4,76.0000,4,14,601.5614,-85.9018,-0.5212,33,0.8250,0.3333,6,6,4,0,0,6,4,0.3333
4,76.0000,4,16,434.1121,-84.0729,0.0063,36,0.9000,0.3333,6,5,1,0,0,5,1,0.8000
4,76.0000,4,17,610.6532,-87.5224,0.4952,24,0.6000,0.8571,7,7,5,0,0,7,5,0.2857
4,76.0000,4,18,740.9073,-87.8560,0.1370,16,0.4000,0.6667,6,6,4,0,0,6,4,0.3333
4,76.0000,4,21,489.7301,-86.2688,0.6648,30,0.7500,0.4286,7,5,2,0,0,5,2,0.6000
4,76.0000,4,23,658.1404,-86.6943,-0.2399,24,0.6000,1.0000,8,7,6,0,0,7,6,0.1429
4,76.0000,4,24,838.2622,-88.5942,0.3017,9,0.2250,1.0000,8,8,8,0,0,8,8,0.0000
4,76.0000,4,25,707.0276,-88.5040,0.0348,18,0.4500,1.0000,8,7,5,0,0,7,5,0.2857
4,76.0000,5,1,889.7244,-89.0027,-0.4345,7,0.1750,1.0000,8,6,6,0,0,6,6,0.0000
4,76.0000,5,8,488.9130,-85.1837,0.1595,31,0.7750,0.0000,4,6,2,0,0,6,2,0.6667
4,76.0000,5,10,410.0218,-83.4504,0.3112,35,0.8750,0.4000,5,6,2,0,0,6,2,0.6667
4,76.0000,5,20,180.1216,-77.1620,0.6825,40,1.0000,0.0000,4,4,0,0,0,4,0,1.0000
4,76.0000,5,24,760.3420,-87.9466,-0.3727,16,0.4000,0.8750,8,8,7,0,0,8,7,0.1250
4,76.0000,5,25,926.5857,-87.9125,-0.3346,7,0.1750,1.0000,8,8,8,0,0,8,8,0.0000
4,76.0000,6,0,626.1861,-86.9098,-0.6777,24,0.5854,0.6667,6,8,8,0,0,8,8,0.0000
4,76.0000,6,2,599.1955,-86.0480,-0.3655,25,0.6098,0.5000,8,6,6,0,0,6,6,0.0000
4,76.0000,6,9,1032.6049,-88.8458,-1.7150,3,0.0732,1.0000,8,8,8,0,0,8,8,0.0000
4,76.0000,6,11,949.3678,-88.1139,0.5364,5,0.1220,0.8571,7,8,7,0,0,8,7,0.1250
4,76.0000,6,12,237.6859,-79.8336,0.4592,37,0.9024,0.0000,8,4,0,0,0,4,0,1.0000
4,76.0000,6,13,592.5119,-85.4965,-0.6829,30,0.7317,0.8250,40,7,5,0,0,7,5,0.2857
4,76.0000,6,15,487.3704,-86.0757,0.4682,28,0.6829,0.8293,41,5,1,75,63,80,64,0.2000
4,76.0000,6,17,926.2688,-88.7096,-0.1399,11,0.2683,1.0000,4,8,8,0,0,8,8,0.0000
4,76.0000,6,18,908.0890,-89.0396,0.0861,6,0.1463,1.0000,8,8,8,0,0,8,8,0.0000
4,76.0000,6,21,943.3630,-89.2169,0.3413,5,0.1220,1.0000,10,8,8,0,0,8,8,0.0000
4,76.0000,6,22,331.0584,-82.0017,0.1129,39,0.9512,0.0000,4,4,0,0,0,4,0,1.0000
4,76.0000,6,23,881.4330,-88.8284,-0.1513,11,0.2683,1.0000,8,8,8,0,0,8,8,0.0000
4,76.0000,7,1,529.3573,-86.1933,-0.0698,24,0.6000,0.4000,5,8,5,0,0,8,5,0.3750
4,76.0000,7,3,710.2186,-87.7938,0.3221,20,0.5000,0.7143,7,7,6,0,0,7,6,0.1429
4,76.0000,7,4,457.0150,-85.5667,0.2820,35,0.8750,0.8750,8,5,1,0,0,5,1,0.8000
4,76.0000,7,10,996.4867,-88.3956,-1.1746,6,0.1500,1.0000,8,8,8,0,0,8,8,0.0000
4,76.0000,7,11,831.8982,-88.5053,0.1962,8,0.2000,1.0000,8,8,8,0,0,8,8,0.0000
4,76.0000,7,14,995.0622,-89.2636,-0.0230,10,0.2500,1.0000,8,4,4,0,0,4,4,0.0000
4,76.0000,7,16,803.4453,-88.0549,0.8177,8,0.2000,0.8750,8,8,7,0,0,8,7,0.1250
4,76.0000,7,18,1032.3047,-89.1868,0.5147,3,0.0750,1.0000,4,6,6,0,0,6,6,0.0000
4,76.0000,7,21,903.6134,-89.0065,0.5709,9,0.2250,1.0000,8,8,8,0,0,8,8,0.0000
4,76.0000,7,24,729.3679,-88.5323,0.0382,13,0.3250,0.6250,8,8,7,0,0,8,7,0.1250
4,76.0000,7,25,403.9001,-84.3767,0.3467,34,0.8500,0.2000,5,6,3,0,0,6,3,0.5000
4,76.0000,8,1,705.7821,-87.3854,-0.1937,15,0.3750,0.7143,7,8,6,0,0,8,6,0.2500
4,76.0000,8,5,488.9130,-85.9448,0.3038,33,0.8250,0.3333,6,5,2,0,0,5,2,0.6000
4,76.0000,8,10,532.6113,-84.7993,-0.1192,32,0.8000,0.2000,5,6,3,0,0,6,3,0.5000
4,76.0000,8,14,843.4375,-88.7922,-0.2365,6,0.1500,0.7143,7,7,6,0,0,7,6,0.1429
4,76.0000,8,20,536.2663,-85.0205,0.1610,33,0.8250,0.8571,7,6,2,0,0,6,2,0.6667
4,76.0000,8,24,767.0788,-88.0473,-0.4412,20,0.5000,0.7500,8,8,8,0,0,8,8,0.0000
4,76.0000,8,25,992.9767,-89.3524,-0.7157,3,0.0750,1.0000,8,6,6,0,0,6,6,0.0000
4,76.0000,9,0,408.1571,-83.9715,-0.1410,31,0.7750,0.5000,6,4,0,0,0,4,0,1.0000
4,76.0000,9,2,436.6762,-84.5170,-0.1070,27,0.6750,0.0000,4,4,0,0,0,4,0,1.0000
4,76.0000,9,3,697.1040,-86.4890,-0.1171,18,0.4500,0.6667,6,6,4,0,0,6,4,0.3333
4,76.0000,9,4,896.4002,-89.1669,0.2068,3,0.0750,1.0000,8,7,6,0,0,7,6,0.1429
4,76.0000,9,6,1032.6049,-88.8502,0.1216,7,0.1750,1.0000,8,8,8,0,0,8,8,0.0000
4,76.0000,9,11,431.6372,-84.1355,0.8146,32,0.8000,0.5000,6,5,2,0,0,5,2,0.6000
4,76.0000,9,12,937.9066,-88.6029,0.1261,10,0.2500,1.0000,8,6,6,0,0,6,6,0.0000
4,76.0000,9,13,817.6061,-87.8040,0.0391,12,0.3000,1.0000,10,8,8,0,0,8,8,0.0000
4,76.0000,9,15,711.2488,-86.8521,-0.5513,19,0.4750,0.8571,7,6,4,0,0,6,4,0.3333
4,76.0000,9,16,640.4441,-87.5673,0.2593,17,0.4250,0.6667,6,6,3,0,0,6,3,0.5000
4,76.0000,9,17,605.5524,-86.8460,0.2583,23,0.5750,0.4000,5,6,4,0,0,6,4,0.3333
4,76.0000,9,18,442.2151,-84.2918,-0.0810,28,0.7000,0.1667,6,7,5,0,0,7,5,0.2857
4,76.0000,9,19,828.2695,-89.0215,-0.0078,7,0.1750,1.0000,8,7,5,0,0,7,5,0.2857
4,76.0000,9,21,713.0737,-87.9633,0.2013,12,0.3000,0.6667,6,8,8,0,0,8,8,0.0000
4,76.0000,9,23,960.2408,-88.7461,0.9146,3,0.0750,1.0000,8,8,8,0,0,8,8,0.0000
4,76.0000,10,1,642.9611,-86.6159,0.1715,22,0.5500,0.8750,16,7,5,38,38,45,43,0.0444
4,76.0000,10,5,410.0218,-84.7809,0.3083,38,0.9500,0.4000,5,4,0,0,0,4,0,1.0000
4,76.0000,10,7,996.4867,-89.3733,1.4053,3,0.0750,1.0000,8,8,8,0,0,8,8,0.0000
4,76.0000,10,8,532.6113,-84.8331,-0.7023,31,0.7750,0.4688,64,7,4,72,54,79,58,0.2658
4,76.0000,10,20,579.3552,-86.8561,0.2807,29,0.7250,0.5000,6,4,0,0,0,4,0,1.0000
4,76.0000,10,24,375.4372,-83.3459,0.0636,36,0.9000,0.0000,4,4,0,0,0,4,0,1.0000
4,76.0000,10,25,659.8666,-86.6068,-0.1048,25,0.6250,0.7143,7,8,7,11,10,19,17,0.1053
4,76.0000,11,0,448.7420,-86.0777,0.1734,29,0.7250,0.8095,42,6,3,2,2,8,5,0.3750
4,76.0000,11,1,987.9516,-88.8341,0.1057,8,0.2000,0.8750,8,8,7,0,0,8,7,0.1250
4,76.0000,11,2,445.2580,-86.2033,0.2425,35,0.8750,0.8611,36,5,2,0,0,5,2,0.6000
4,76.0000,11,3,491.1806,-84.2539,0.0918,35,0.8750,0.4000,5,8,5,0,0,8,5,0.3750
4,76.0000,11,4,570.7929,-86.1997,0.1456,34,0.8500,0.6667,6,7,5,0,0,7,5,0.2857
4,76.0000,11,6,949.3678,-88.3749,0.3595,8,0.2000,1.0000,4,8,8,0,0,8,8,0.0000
4,76.0000,11,7,831.8982,-88.7309,0.1049,13,0.3250,1.0000,8,8,8,0,0,8,8,0.0000
4,76.0000,11,9,431.6372,-84.1012,0.6416,35,0.8750,0.7500,16,5,1,0,0,5,1,0.8000
4,76.0000,11,12,901.8442,-89.1684,-0.0323,8,0.2000,1.0000,8,8,8,0,0,8,8,0.0000
4,76.0000,11,13,999.3173,-88.5698,0.3433,4,0.1000,1.0000,8,8,8,8,8,16,16,0.0000
4,76.0000,11,14,850.7347,-88.2757,0.0588,16,0.4000,1.0000,8,8,8,0,0,8,8,0.0000
4,76.0000,11,15,755.8136,-87.7059,-0.0483,18,0.4500,0.7500,8,8,8,36,34,44,42,0.0455
4,76.0000,11,16,376.4738,-83.2422,-0.4966,37,0.9250,0.6667,6,4,0,0,0,4,0,1.0000
4,76.0000,11,17,409.1333,-84.1625,0.3946,38,0.9500,0.2000,5,5,1,0,0,5,1,0.8000
4,76.0000,11,18,414.4517,-84.1179,0.2192,33,0.8250,0.2000,5,6,2,40,34,46,36,0.2174
4,76.0000,11,21,372.4830,-83.7347,0.6328,37,0.9250,0.0000,4,4,0,0,0,4,0,1.0000
4,76.0000,11,23,590.9601,-87.0995,0.3366,32,0.8000,0.4000,5,5,2,0,0,5,2,0.6000
4,76.0000,12,0,559.5771,-85.7355,0.2533,32,0.8000,0.5000,4,7,5,0,0,7,5,0.2857
4,76.0000,12,2,525.3628,-84.6575,-0.3536,35,0.8750,0.2000,5,5,2,0,0,5,2,0.6000
4,76.0000,12,6,237.6859,-78.9545,0.5373,38,0.9500,0.0000,4,4,0,0,0,4,0,1.0000
4,76.0000,12,9,937.9066,-88.6626,-0.1841,10,0.2500,1.0000,8,8,7,0,0,8,7,0.1250
4,76.0000,12,11,901.8442,-88.5591,0.3249,10,0.2500,1.0000,8,8,8,0,0,8,8,0.0000
4,76.0000,12,13,501.0004,-85.0928,-0.8601,32,0.8000,0.4000,5,6,4,0,0,6,4,0.3333
4,76.0000,12,15,537.2626,-85.6147,0.0118,28,0.7000,0.2000,5,7,3,0,0,7,3,0.5714
4,76.0000,12,17,970.9679,-88.7955,-0.0883,6,0.1500,1.0000,8,8,8,0,0,8,8,0.0000
4,76.0000,12,18,920.5507,-88.0824,-0.3865,6,0.1500,0.8667,15,8,8,0,0,8,8,0.0000
4,76.0000,12,19,943.2058,-88.9269,-0.0812,9,0.2250,1.0000,8,6,5,0,0,6,5,0.1667
4,76.0000,12,21,988.5760,-88.8904,-0.0588,8,0.2000,1.0000,6,6,6,0,0,6,6,0.0000
4,76.0000,12,22,398.3598,-84.5322,0.5761,37,0.9250,0.2000,5,4,0,0,0,4,0,1.0000
4,76.0000,12,23,970.5818,-89.5289,-0.4283,3,0.0750,1.0000,6,4,4,0,0,4,4,0.0000
4,76.0000,13,0,552.4571,-85.5988,-0.5443,31,0.7750,0.4000,5,6,3,0,0,6,3,0.5000
4,76.0000,13,2,559.3309,-85.7624,-0.5341,31,0.7750,0.5714,7,7,5,0,0,7,5,0.2857
4,76.0000,13,6,592.5119,-85.6670,-0.1891,34,0.8500,0.4000,5,6,3,0,0,6,3,0.5000
4,76.0000,13,9,817.6061,-88.2072,-0.1602,17,0.4250,0.8571,7,8,8,0,0,8,8,0.0000
4,76.0000,13,12,501.0004,-85.3313,-0.2154,37,0.9250,0.2000,5,7,5,0,0,7,5,0.2857
4,76.0000,13,15,440.8720,-84.9902,0.0824,39,0.9750,0.5000,6,5,2,0,0,5,2,0.6000
4,76.0000,13,17,1004.8742,-88.6022,-0.0494,9,0.2250,1.0000,28,6,6,0,0,6,6,0.0000
4,76.0000,13,18,864.3213,-88.1880,-0.2739,18,0.4500,1.0000,8,8,8,0,0,8,8,0.0000
4,76.0000,13,19,472.4645,-85.8553,0.0254,34,0.8500,0.1250,8,5,1,0,0,5,1,0.8000
4,76.0000,13,21,1122.1391,-89.2398,-0.3321,7,0.1750,1.0000,8,2,2,0,0,2,2,0.0000
4,76.0000,13,22,397.3486,-82.5639,-0.5107,39,0.9750,0.2000,5,5,1,0,0,5,1,0.8000
4,76.0000,13,23,1211.7886,-89.1298,-0.0058,3,0.0750,1.0000,2,2,2,0,0,2,2,0.0000
4,76.0000,14,1,685.6367,-86.8777,-0.4847,25,0.6250,0.5000,6,7,6,0,0,7,6,0.1429
4,76.0000,14,3,802.0775,-87.8865,0.6232,7,0.1750,0.8750,8,6,6,0,0,6,6,0.0000
4,76.0000,14,4,601.5614,-85.2580,-0.4440,27,0.6750,0.5714,7,7,5,0,0,7,5,0.2857
4,76.0000,14,7,995.0622,-88.8439,-0.0896,5,0.1250,1.0000,8,8,8,0,0,8,8,0.0000
4,76.0000,14,8,843.4375,-88.6879,0.1610,10,0.2500,1.0000,8,6,6,0,0,6,6,0.0000
4,76.0000,14,11,850.7347,-88.0024,0.1331,10,0.2500,1.0000,8,8,8,0,0,8,8,0.0000
4,76.0000,14,16,738.6496,-87.5005,-0.0878,19,0.4750,0.7143,7,7,6,0,0,7,6,0.1429
4,76.0000,14,17,835.1843,-88.3042,0.0982,17,0.4250,0.8571,7,8,7,0,0,8,7,0.1250
4,76.0000,14,18,1028.1327,-88.3606,0.4917,3,0.0750,1.0000,6,6,6,0,0,6,6,0.0000
4,76.0000,14,21,622.6336,-87.2561,-0.4521,19,0.4750,0.6667,6,7,6,0,0,7,6,0.1429
4,76.0000,14,23,476.3401,-85.2335,-0.3999,36,0.9000,0.5000,6,6,3,0,0,6,3,0.5000
4,76.0000,15,0,370.5585,-82.7325,-0.1632,36,0.9000,0.0000,4,5,1,0,0,5,1,0.8000
4,76.0000,15,2,388.1011,-82.1726,-0.5747,37,0.9250,0.0000,4,4,0,0,0,4,0,1.0000
4,76.0000,15,3,924.6757,-87.9887,-0.1098,13,0.3250,0.8571,7,8,8,14,14,22,22,0.0000
4,76.0000,15,6,487.3704,-86.0362,0.1312,30,0.7500,0.5000,6,6,3,0,0,6,3,0.5000
4,76.0000,15,9,711.2488,-87.0578,-0.1954,27,0.6750,0.8571,7,9,7,0,0,9,7,0.2222
4,76.0000,15,11,755.8136,-87.8192,0.0827,19,0.4750,1.0000,8,8,7,0,0,8,7,0.1250
4,76.0000,15,12,537.2626,-86.5110,-0.4740,31,0.7750,0.7143,7,6,2,0,0,6,2,0.6667
4,76.0000,15,13,440.8720,-84.7892,0.4336,36,0.9000,0.5000,6,4,0,1,0,5,0,1.0000
4,76.0000,15,16,794.2035,-88.4035,-0.1691,17,0.4250,0.8750,8,7,6,0,0,7,6,0.1429
4,76.0000,15,17,626.0883,-85.8508,-0.3711,27,0.6750,0.7647,17,7,3,2,2,9,5,0.4444
4,76.0000,15,18,532.9518,-85.8701,-0.4295,33,0.8250,0.5000,6,7,5,0,0,7,5,0.2857
4,76.0000,15,19,602.4682,-87.0533,-0.1699,33,0.8250,0.7143,7,7,6,4,4,11,10,0.0909
4,76.0000,15,21,752.6648,-86.9920,-0.5347,22,0.5500,0.5714,7,8,7,0,0,8,7,0.1250
4,76.0000,15,22,444.4659,-85.5964,0.8928,32,0.8000,0.4000,5,5,1,0,0,5,1,0.8000
4,76.0000,15,23,832.2198,-88.7390,0.6491,9,0.2250,1.0000,8,8,7,22,22,30,29,0.0333
4,76.0000,16,0,637.9954,-88.0896,0.4135,21,0.5250,0.7500,8,6,3,0,0,6,3,0.5000
4,76.0000,16,1,805.3214,-87.8325,-0.1557,22,0.5500,0.7500,8,8,8,0,0,8,8,0.0000
4,76.0000,16,2,652.2402,-87.6173,0.5455,23,0.5750,0.7500,8,7,5,0,0,7,5,0.2857
4,76.0000,16,3,171.4883,-74.2019,0.5372,39,0.9750,0.2000,5,4,0,0,0,4,0,1.0000
4,76.0000,16,4,434.1121,-84.3483,0.3941,33,0.8250,0.3333,6,5,2,0,0,5,2,0.6000
4,76.0000,16,7,803.4453,-87.5136,-0.2278,13,0.3250,0.8750,8,7,6,0,0,7,6,0.1429
4,76.0000,16,9,640.4441,-87.3854,0.0809,20,0.5000,0.6667,6,8,5,0,0,8,5,0.3750
4,76.0000,16,11,376.4738,-83.5644,-0.0818,37,0.9250,0.4000,5,4,0,0,0,4,0,1.0000
4,76.0000,16,12,1094.7140,-89.3222,0.0145,3,0.0750,1.0000,4,4,4,0,0,4,4,0.0000
4,76.0000,16,14,738.6496,-87.1004,-0.1389,19,0.4750,0.7143,7,8,6,0,0,8,6,0.2500
4,76.0000,16,15,794.2035,-88.6708,-0.0644,17,0.4250,0.8571,7,8,7,0,0,8,7,0.1250
4,76.0000,16,17,178.1659,-78.9866,1.3305,37,0.9250,0.0000,4,5,1,0,0,5,1,0.8000
4,76.0000,16,18,331.0588,-84.4164,1.0923,37,0.9250,0.0000,4,3,0,0,0,3,0,1.0000
4,76.0000,16,21,187.0956,-78.7925,1.4332,39,0.9750,0.2857,7,4,0,0,0,4,0,1.0000
4,76.0000,16,23,473.0984,-84.4747,0.2507,32,0.8000,0.7143,7,5,2,0,0,5,2,0.6000
4,76.0000,17,0,524.8467,-85.6195,0.1425,27,0.6750,0.8571,7,6,3,0,0,6,3,0.5000
4,76.0000,17,2,544.0637,-86.4649,0.0260,27,0.6750,0.4000,5,6,3,0,0,6,3,0.5000
4,76.0000,17,3,310.9121,-82.0432,0.1439,36,0.9000,0.4000,5,4,0,0,0,4,0,1.0000
4,76.0000,17,4,610.6532,-87.4750,0.0962,19,0.4750,0.7143,7,5,2,0,0,5,2,0.6000
4,76.0000,17,9,605.5524,-86.7857,-0.1747,26,0.6500,0.5000,6,7,6,0,0,7,6,0.1429
4,76.0000,17,11,409.1333,-84.3265,-0.1556,31,0.7750,0.5000,6,4,0,0,0,4,0,1.0000
4,76.0000,17,12,970.9679,-88.4743,-0.0244,9,0.2250,1.0000,8,7,6,0,0,7,6,0.1429
4,76.0000,17,13,1004.8742,-88.5089,-0.1368,3,0.0750,1.0000,8,8,8,0,0,8,8,0.0000
4,76.0000,17,14,835.1843,-88.0983,0.5789,8,0.2000,1.0000,8,8,8,0,0,8,8,0.0000
4,76.0000,17,15,626.0883,-86.9335,0.1524,23,0.5750,0.7143,7,6,4,0,0,6,4,0.3333
4,76.0000,17,16,178.1659,-79.4077,2.4990,39,0.9750,0.0000,4,5,1,0,0,5,1,0.8000
4,76.0000,17,18,209.0380,-79.9055,1.0991,37,0.9250,0.4286,7,4,0,0,0,4,0,1.0000
4,76.0000,17,19,1039.1652,-89.3569,0.2289,3,0.0750,1.0000,2,4,4,0,0,4,4,0.0000
4,76.0000,17,21,222.6388,-77.6947,-0.7587,38,0.9500,0.0000,4,5,2,0,0,5,2,0.6000
4,76.0000,17,22,1041.7612,-88.9467,0.3518,4,0.1000,1.0000,4,6,6,0,0,6,6,0.0000
4,76.0000,17,23,470.7995,-84.7449,0.2271,31,0.7750,0.6667,6,5,1,0,0,5,1,0.8000
4,76.0000,18,0,408.9334,-84.1090,0.4511,29,0.7250,0.2000,5,7,5,0,0,7,5,0.2857
4,76.0000,18,2,443.5841,-84.6843,0.4481,25,0.6250,0.2000,5,7,4,0,0,7,4,0.4286
4,76.0000,18,3,419.0234,-83.5648,-0.1622,32,0.8000,0.0000,4,4,0,0,0,4,0,1.0000
4,76.0000,18,4,740.9073,-88.9616,0.1017,6,0.1500,0.7500,8,8,6,0,0,8,6,0.2500
4,76.0000,18,6,908.0890,-88.4855,0.0977,5,0.1250,0.8750,8,8,8,0,0,8,8,0.0000
4,76.0000,18,9,442.2151,-83.3319,-0.0685,29,0.7250,0.6667,6,5,1,0,0,5,1,0.8000
4,76.0000,18,11,414.4517,-84.4604,0.0454,27,0.6750,0.2000,5,5,1,0,0,5,1,0.8000
4,76.0000,18,12,920.5507,-88.0570,-0.5226,8,0.2000,1.0000,8,8,8,0,0,8,8,0.0000
4,76.0000,18,13,864.3213,-88.5027,0.0933,15,0.3750,0.9412,51,8,8,2,1,10,9,0.1000
4,76.0000,18,15,532.9518,-84.7723,-0.4619,29,0.7250,0.2000,5,6,3,0,0,6,3,0.5000
4,76.0000,18,16,331.0588,-83.7918,0.7193,31,0.7750,0.2000,5,4,0,0,0,4,0,1.0000
4,76.0000,18,17,209.0380,-79.7878,1.4786,34,0.8500,0.2000,5,4,0,0,0,4,0,1.0000
4,76.0000,18,19,856.1049,-87.7983,0.6551,16,0.4000,1.0000,8,8,8,18,18,26,26,0.0000
4,76.0000,18,21,406.3459,-84.8789,0.3654,27,0.6750,0.5000,4,6,1,0,0,6,1,0.8333
4,76.0000,18,23,653.2805,-87.9590,0.0040,18,0.4500,0.6667,6,7,4,0,0,7,4,0.4286
4,76.0000,19,0,740.3475,-87.9139,-0.1128,13,0.3250,0.7778,9,7,6,0,0,7,6,0.1429
4,76.0000,19,2,776.8242,-87.6073,0.4647,12,0.3000,1.0000,8,5,4,0,0,5,4,0.2000
4,76.0000,19,6,981.4279,-88.9487,0.7278,3,0.0750,1.0000,4,6,6,0,0,6,6,0.0000
4,76.0000,19,9,828.2695,-88.6267,0.3756,14,0.3500,1.0000,8,8,8,0,0,8,8,0.0000
4,76.0000,19,12,943.2058,-88.6822,-0.0358,7,0.1750,1.0000,8,8,8,0,0,8,8,0.0000
4,76.0000,19,13,472.4645,-85.5957,0.1914,20,0.5000,0.2000,5,6,2,0,0,6,2,0.6667
4,76.0000,19,15,602.4682,-86.9190,0.2522,24,0.6000,0.8571,7,7,4,0,0,7,4,0.4286
4,76.0000,19,18,856.1049,-88.5847,0.1107,8,0.2000,0.8750,8,8,8,0,0,8,8,0.0000
4,76.0000,19,22,753.8867,-87.5816,-0.1140,19,0.4750,0.7143,7,8,7,0,0,8,7,0.1250
4,76.0000,20,5,180.1216,-77.1732,0.6458,39,0.9750,0.0000,4,4,0,0,0,4,0,1.0000
4,76.0000,20,8,536.2663,-85.6544,-0.2021,27,0.6750,0.0000,4,6,3,0,0,6,3,0.5000
4,76.0000,20,10,579.3552,-86.6493,0.0882,30,0.7500,0.5000,6,6,3,34,31,40,34,0.1500
4,76.0000,20,24,936.1326,-87.7787,-0.1483,6,0.1500,0.9000,10,8,7,0,0,8,7,0.1250
4,76.0000,21,0,610.2922,-86.7212,-0.2249,23,0.5750,0.7143,7,7,5,0,0,7,5,0.2857
4,76.0000,21,1,851.8435,-87.5846,-0.3144,8,0.2000,1.0000,2,8,8,0,0,8,8,0.0000
4,76.0000,21,2,611.7946,-86.2647,-0.8370,25,0.6250,0.4000,5,6,4,0,0,6,4,0.3333
4,76.0000,21,3,346.6001,-82.9371,0.9505,34,0.8500,0.2000,5,4,0,0,0,4,0,1.0000
4,76.0000,21,4,489.7301,-85.9443,0.2478,27,0.6750,0.5000,6,4,0,0,0,4,0,1.0000
4,76.0000,21,6,943.3630,-88.8534,-0.4393,6,0.1500,1.0000,6,8,8,0,0,8,8,0.0000
4,76.0000,21,7,903.6134,-89.1847,0.2603,6,0.1500,1.0000,8,7,5,0,0,7,5,0.2857
4,76.0000,21,9,713.0737,-87.8316,-0.4277,21,0.5250,0.5000,6,8,7,0,0,8,7,0.1250
4,76.0000,21,11,372.4830,-83.0010,-0.0775,34,0.8500,0.5000,6,5,2,8,5,13,7,0.4615
4,76.0000,21,12,988.5760,-87.1491,0.6770,3,0.0750,1.0000,8,8,8,0,0,8,8,0.0000
4,76.0000,21,14,622.6336,-86.4496,0.1160,28,0.7000,0.6667,6,7,4,0,0,7,4,0.4286
4,76.0000,21,15,752.6648,-87.1444,-0.3976,18,0.4500,0.6667,6,7,6,70,70,77,76,0.0130
4,76.0000,21,16,187.0956,-78.4777,0.9776,36,0.9000,0.0000,4,4,0,0,0,4,0,1.0000
4,76.0000,21,17,222.6388,-77.4382,-0.3364,36,0.9000,0.0000,4,4,0,0,0,4,0,1.0000
4,76.0000,21,18,406.3459,-84.0369,0.5469,35,0.8750,0.8025,81,4,0,2,1,6,1,0.8333
4,76.0000,21,23,294.3251,-80.2675,-0.0464,37,0.9250,0.2000,5,4,0,0,0,4,0,1.0000
4,76.0000,22,0,697.4325,-87.4284,0.0693,19,0.4750,0.7500,8,6,3,0,0,6,3,0.5000
4,76.0000,22,2,690.0256,-87.0015,-0.6073,15,0.3750,0.8571,7,8,5,0,0,8,5,0.3750
4,76.0000,22,6,331.0584,-82.3668,0.2674,38,0.9500,0.0000,4,4,0,0,0,4,0,1.0000
4,76.0000,22,12,398.3598,-83.8621,0.7205,34,0.8500,0.2000,5,4,0,0,0,4,0,1.0000
4,76.0000,22,13,397.3486,-82.8337,-0.3397,38,0.9500,0.2000,5,5,1,0,0,5,1,0.8000
4,76.0000,22,15,444.4659,-86.0660,0.9722,26,0.6500,0.5714,7,5,1,0,0,5,1,0.8000
4,76.0000,22,19,753.8867,-88.4664,-0.4548,17,0.4250,0.6667,6,6,4,0,0,6,4,0.3333
4,76.0000,23,0,757.6988,-88.0023,0.6737,13,0.3250,0.8571,7,8,7,0,0,8,7,0.1250
4,76.0000,23,1,941.6802,-89.0205,-0.1570,8,0.2000,0.8889,9,6,6,0,0,6,6,0.0000
4,76.0000,23,2,744.6590,-87.9825,0.4189,19,0.4750,0.7500,8,8,7,0,0,8,7,0.1250
4,76.0000,23,3,612.4317,-86.8028,-0.1036,24,0.6000,0.6667,6,7,4,0,0,7,4,0.4286
4,76.0000,23,4,658.1404,-87.0725,0.6131,25,0.6250,0.3333,6,6,4,0,0,6,4,0.3333
4,76.0000,23,6,881.4330,-88.6210,0.6962,3,0.0750,1.0000,6,9,8,0,0,9,8,0.1111
4,76.0000,23,9,960.2408,-88.9195,-0.1797,4,0.1000,1.0000,6,8,8,0,0,8,8,0.0000
4,76.0000,23,11,590.9601,-86.5827,0.4034,23,0.5750,0.8750,8,7,6,0,0,7,6,0.1429
4,76.0000,23,14,476.3401,-83.9315,0.2752,32,0.8000,0.5000,6,4,0,0,0,4,0,1.0000
4,76.0000,23,15,832.2198,-88.6077,-0.5609,7,0.1750,0.6667,6,8,8,0,0,8,8,0.0000
4,76.0000,23,16,473.0984,-85.0352,-0.4841,28,0.7000,0.2000,5,4,0,0,0,4,0,1.0000
4,76.0000,23,17,470.7995,-84.5643,-0.5769,28,0.7000,0.3333,6,5,1,0,0,5,1,0.8000
4,76.0000,23,18,653.2805,-87.5509,0.0907,15,0.3750,0.4000,5,6,4,0,0,6,4,0.3333
4,76.0000,23,21,294.3251,-80.3665,-0.6495,34,0.8500,0.4000,5,4,0,0,0,4,0,1.0000
4,76.0000,24,1,458.2681,-86.6950,0.5678,27,0.6750,0.5714,7,4,0,0,0,4,0,1.0000
4,76.0000,24,4,838.2622,-88.6704,0.4482,6,0.1500,1.0000,8,8,7,0,0,8,7,0.1250
4,76.0000,24,5,760.3420,-88.1441,-0.1424,21,0.5250,0.6250,8,7,5,0,0,7,5,0.2857
4,76.0000,24,7,729.3679,-88.0124,0.2452,12,0.3000,1.0000,8,8,7,0,0,8,7,0.1250
4,76.0000,24,8,767.0788,-88.0444,-0.0848,14,0.3500,0.7143,7,8,8,0,0,8,8,0.0000
4,76.0000,24,10,375.4372,-83.1792,0.3803,37,0.9250,0.2000,5,5,1,0,0,5,1,0.8000
4,76.0000,24,20,936.1326,-87.7127,-0.4719,4,0.1000,1.0000,8,8,8,0,0,8,8,0.0000
4,76.0000,24,25,407.0394,-83.3196,-0.3343,36,0.9000,0.4000,5,6,2,0,0,6,2,0.6667
4,76.0000,25,1,484.0867,-85.8765,0.3434,23,0.5750,0.4000,5,6,4,0,0,6,4,0.3333
4,76.0000,25,4,707.0276,-87.2446,0.4913,19,0.4750,1.0000,6,7,5,0,0,7,5,0.2857
4,76.0000,25,5,926.5857,-88.5552,0.2056,7,0.1750,0.8571,7,8,8,0,0,8,8,0.0000
4,76.0000,25,7,403.9001,-84.7073,0.3423,31,0.7750,0.0000,4,5,1,0,0,5,1,0.8000
4,76.0000,25,8,992.9767,-88.3640,0.2200,7,0.1750,1.0000,8,4,4,0,0,4,4,0.0000
4,76.0000,25,10,659.8666,-86.5062,-0.5263,27,0.6750,0.6667,6,6,4,0,0,6,4,0.3333
4,76.0000,25,16,1104.8247,-89.5122,0.1795,4,0.1000,1.0000,2,6,6,0,0,6,6,0.0000
4,76.0000,25,24,407.0394,-83.3626,-0.9562,34,0.8500,0.0000,4,5,1,0,0,5,1,0.8000
4,80.0000,0,2,67.5944,-65.1841,-0.7867,37,0.9250,0.2000,5,4,0,0,0,4,0,1.0000
4,80.0000,0,3,829.6372,-88.0159,-0.3617,15,0.3750,0.8750,8,6,6,0,0,6,6,0.0000
4,80.0000,0,4,877.4156,-89.0509,0.3019,10,0.2500,1.0000,8,8,8,0,0,8,8,0.0000
4,80.0000,0,6,700.8512,-86.9983,-0.1301,27,0.6750,0.8571,7,7,5,0,0,7,5,0.2857
4,80.0000,0,9,320.5111,-83.9783,0.5367,34,0.8500,0.0000,4,5,1,0,0,5,1,0.8000
4,80.0000,0,11,352.6268,-83.2964,0.5237,35,0.8750,0.0000,4,4,0,0,0,4,0,1.0000
4,80.0000,0,12,713.2185,-87.4737,-0.6674,24,0.6000,0.5000,6,8,7,0,0,8,7,0.1250
4,80.0000,0,13,633.7676,-86.8605,-0.1219,31,0.7750,0.2000,5,7,4,0,0,7,4,0.4286
4,80.0000,0,15,515.7585,-84.1209,-1.0993,33,0.8250,0.0000,4,6,3,0,0,6,3,0.5000
4,80.0000,0,16,540.8316,-86.3813,0.5259,30,0.7500,0.7500,8,6,4,0,0,6,4,0.3333
4,80.0000,0,17,526.6388,-85.5304,-0.2579,27,0.6750,0.2000,5,6,4,0,0,6,4,0.3333
4,80.0000,0,18,425.5053,-84.2019,-0.0069,34,0.8500,0.4000,5,5,1,0,0,5,1,0.8000
4,80.0000,0,19,647.7556,-88.0564,-0.1285,13,0.3250,0.5000,6,9,5,0,0,9,5,0.4444
4,80.0000,0,21,670.6811,-86.6088,-0.2290,23,0.5750,0.8750,8,8,7,0,0,8,7,0.1250
4,80.0000,0,22,743.7830,-88.0426,-0.2593,16,0.4000,1.0000,8,7,6,0,0,7,6,0.1429
4,80.0000,0,23,774.2190,-88.4423,-0.1033,15,0.3750,1.0000,8,7,5,0,0,7,5,0.2857
4,80.0000,1,3,676.0135,-87.2694,0.6808,18,0.4500,1.0000,10,5,2,7,6,12,8,0.3333
4,80.0000,1,4,560.3845,-85.9906,-1.3727,27,0.6750,0.5000,6,7,5,0,0,7,5,0.2857
4,80.0000,1,5,836.9344,-88.6626,0.1546,17,0.4250,1.0000,8,8,8,0,0,8,8,0.0000
4,80.0000,1,7,504.1372,-85.3616,0.4322,36,0.9000,0.7143,7,4,0,3,1,7,1,0.8571
4,80.0000,1,8,767.6450,-87.5695,-0.2538,21,0.5250,0.6667,6,4,0,0,0,4,0,1.0000
4,80.0000,1,10,646.0986,-86.5704,-0.0844,24,0.6000,0.7143,7,5,2,0,0,5,2,0.6000
4,80.0000,1,11,1134.5958,-88.7963,-0.4940,3,0.0750,1.0000,8,4,4,0,0,4,4,0.0000
4,80.0000,1,14,851.6309,-88.4024,0.0720,17,0.4250,1.0000,8,6,6,0,0,6,6,0.0000
4,80.0000,1,16,951.7482,-88.5227,-0.0023,7,0.1750,0.8750,8,6,6,0,0,6,6,0.0000
4,80.0000,1,17,1007.0910,-89.3248,-0.0949,9,0.2250,1.0000,8,8,8,0,0,8,8,0.0000
4,80.0000,1,18,1106.1509,-88.9952,-0.1260,5,0.1250,1.0000,6,6,6,0,0,6,6,0.0000
4,80.0000,1,20,964.3184,-88.4992,0.1245,7,0.1750,1.0000,8,8,8,0,0,8,8,0.0000
4,80.0000,1,21,832.5476,-88.7463,-0.4436,10,0.2500,0.8571,7,8,8,0,0,8,8,0.0000
4,80.0000,1,24,307.2642,-83.3782,0.7901,40,1.0000,0.2000,5,4,0,0,0,4,0,1.0000
4,80.0000,1,25,460.9246,-84.7881,-0.2104,37,0.9250,0.8000,5,6,1,0,0,6,1,0.8333
4,80.0000,2,0,67.5944,-65.5488,-0.5536,40,1.0000,0.0000,4,4,0,0,0,4,0,1.0000
4,80.0000,2,3,884.8302,-88.4295,-0.1982,11,0.2750,1.0000,8,8,8,0,0,8,8,0.0000
4,80.0000,2,4,925.9376,-88.4409,-0.3358,5,0.1250,1.0000,8,8,8,0,0,8,8,0.0000
4,80.0000,2,6,649.8681,-86.8996,0.0051,32,0.8000,0.4000,5,6,6,0,0,6,6,0.0000
4,80.0000,2,9,373.9243,-84.7231,0.5158,34,0.8500,0.0000,4,4,0,0,0,4,0,1.0000
4,80.0000,2,11,381.2887,-84.3846,0.6491,38,0.9500,0.4000,5,4,0,0,0,4,0,1.0000
4,80.0000,2,12,648.8953,-86.5504,-0.7064,34,0.8500,1.0000,8,6,4,0,0,6,4,0.3333
4,80.0000,2,13,590.1076,-86.7727,0.1176,30,0.7500,0.5714,7,7,6,4,4,11,10,0.0909
4,80.0000,2,15,482.8821,-83.7770,-0.3127,39,0.9750,0.0000,4,4,0,0,0,4,0,1.0000
4,80.0000,2,16,591.9951,-86.8995,0.3692,29,0.7250,0.0000,4,5,2,0,0,5,2,0.6000
4,80.0000,2,17,579.5764,-86.1569,0.1650,27,0.6750,0.5000,6,6,4,0,0,6,4,0.3333
4,80.0000,2,18,480.9481,-85.4263,0.6725,37,0.9250,0.5714,7,6,3,0,0,6,3,0.5000
4,80.0000,2,19,639.1681,-88.1435,0.0822,24,0.6000,0.7143,7,6,2,25,22,31,24,0.2258
4,80.0000,2,21,710.5164,-87.9349,-0.1534,26,0.6500,0.5000,6,8,8,0,0,8,8,0.0000
4,80.0000,2,22,692.5989,-87.1375,-0.0249,29,0.7250,0.5714,7,7,5,0,0,7,5,0.2857
4,80.0000,2,23,783.1797,-88.7028,-0.3576,17,0.4250,0.8889,9,7,5,0,0,7,5,0.2857
4,80.0000,3,0,829.6372,-87.9330,-0.2819,14,0.3500,0.7143,7,8,7,0,0,8,7,0.1250
4,80.0000,3,1,676.0135,-88.0051,0.5480,19,0.4750,0.8750,8,6,4,0,0,6,4,0.3333
4,80.0000,3,2,884.8302,-89.0897,0.1939,10,0.2500,0.8750,8,8,8,0,0,8,8,0.0000
4,80.0000,3,4,268.3281,-81.1599,0.9953,35,0.8750,0.2000,5,5,2,0,0,5,2,0.6000
4,80.0000,3,7,627.3287,-87.9215,0.2076,22,0.5500,0.7143,7,8,6,0,0,8,6,0.2500
4,80.0000,3,9,768.4415,-88.1795,-0.1032,17,0.4250,0.8571,7,7,5,0,0,7,5,0.2857
4,80.0000,3,11,616.3285,-85.9032,-0.1473,26,0.6500,0.3333,6,5,1,0,0,5,1,0.8000
4,80.0000,3,14,841.5411,-88.7534,-0.9311,7,0.1750,0.8571,7,8,8,0,0,8,8,0.0000
4,80.0000,3,15,1127.5447,-89.1212,-0.1578,4,0.1000,1.0000,8,6,6,0,0,6,6,0.0000
4,80.0000,3,16,307.5051,-79.2072,-0.5108,37,0.9250,0.2000,5,5,1,0,0,5,1,0.8000
4,80.0000,3,17,344.2398,-82.4735,-0.6701,37,0.9250,0.0000,4,5,1,0,0,5,1,0.8000
4,80.0000,3,18,444.6509,-85.0679,-0.1051,34,0.8500,0.3333,6,6,3,0,0,6,3,0.5000
4,80.0000,3,21,299.6448,-80.9700,0.7972,38,0.9500,0.0000,4,5,0,0,0,5,0,1.0000
4,80.0000,3,23,663.8745,-87.7451,0.0589,23,0.5750,0.7143,7,6,4,0,0,6,4,0.3333
4,80.0000,3,24,895.8111,-89.3719,0.3296,6,0.1500,1.0000,2,6,6,0,0,6,6,0.0000
4,80.0000,3,25,843.6231,-88.2367,-0.3144,4,0.1000,0.8571,7,8,8,0,0,8,8,0.0000
4,80.0000,4,0,877.4156,-88.9511,0.5128,6,0.1500,1.0000,8,10,10,0,0,10,10,0.0000
4,80.0000,4,1,560.3845,-85.6406,-0.6149,33,0.8250,0.5000,6,7,5,0,0,7,5,0.2857
4,80.0000,4,3,268.3281,-81.2228,0.7841,39,0.9750,0.3333,6,5,1,0,0,5,1,0.8000
4,80.0000,4,7,441.3597,-85.0631,-0.0704,37,0.9250,0.2000,5,6,4,0,0,6,4,0.3333
4,80.0000,4,9,793.7597,-88.3658,0.4292,13,0.3250,0.8571,7,6,4,0,0,6,4,0.3333
4,80.0000,4,11,580.3738,-86.7101,0.1855,23,0.5750,0.0000,4,7,5,0,0,7,5,0.2857
4,80.0000,4,14,739.7503,-86.9745,-0.4444,17,0.4250,0.6667,6,8,7,0,0,8,7,0.1250
4,80.0000,4,16,436.6000,-84.2725,0.3354,37,0.9250,0.2000,5,5,1,0,0,5,1,0.8000
4,80.0000,4,17,504.8275,-85.8835,0.3933,25,0.6250,0.7143,7,6,3,0,0,6,3,0.5000
4,80.0000,4,18,586.1609,-87.6059,0.1476,24,0.6000,0.6667,6,5,2,0,0,5,2,0.6000
4,80.0000,4,21,344.4973,-83.8126,1.2817,35,0.8750,0.4000,5,5,1,0,0,5,1,0.8000
4,80.0000,4,23,680.2879,-87.3497,-0.2878,23,0.5750,0.8571,7,5,2,0,0,5,2,0.6000
4,80.0000,4,24,824.7694,-88.5525,0.1854,17,0.4250,1.0000,8,8,6,0,0,8,6,0.2500
4,80.0000,4,25,704.5953,-87.5042,0.0840,23,0.5750,0.7143,7,5,3,0,0,5,3,0.4000
4,80.0000,5,1,836.9344,-88.6536,-0.4245,8,0.2000,1.0000,6,10,10,0,0,10,10,0.0000
4,80.0000,5,8,483.6100,-85.2731,0.3884,33,0.8250,0.3333,6,5,1,0,0,5,1,0.8000
4,80.0000,5,10,414.3316,-83.9835,0.2729,37,0.9250,0.3333,6,5,1,0,0,5,1,0.8000
4,80.0000,5,20,135.7199,-74.7999,0.4856,39,0.9750,0.0000,4,4,0,0,0,4,0,1.0000
4,80.0000,5,24,814.0992,-88.4752,0.1845,13,0.3250,0.8750,8,8,8,0,0,8,8,0.0000
4,80.0000,6,0,700.8512,-87.7143,-0.2714,20,0.5000,1.0000,8,5,2,0,0,5,2,0.6000
4,80.0000,6,2,649.8681,-86.8845,-0.4057,24,0.6000,1.0000,6,6,3,76,76,82,79,0.0366
4,80.0000,6,9,1016.1571,-88.8439,0.3002,6,0.1500,1.0000,8,8,8,0,0,8,8,0.0000
4,80.0000,6,11,805.4661,-88.4701,0.5738,8,0.2000,0.8750,8,8,6,0,0,8,6,0.2500
4,80.0000,6,12,272.3873,-79.3242,-0.4185,40,1.0000,0.0000,4,4,0,0,0,4,0,1.0000
4,80.0000,6,13,738.5536,-87.3963,0.0526,21,0.5250,0.7143,7,6,4,2,2,8,6,0.2500
4,80.0000,6,15,440.8933,-85.1900,0.1962,29,0.7250,0.8000,80,4,0,3,2,7,2,0.7143
4,80.0000,6,16,958.6215,-89.2600,0.1540,7,0.1750,1.0000,6,7,6,0,0,7,6,0.1429
4,80.0000,6,17,952.6332,-89.1073,0.2564,7,0.1750,1.0000,8,8,8,0,0,8,8,0.0000
4,80.0000,6,18,900.9016,-88.6996,0.2767,9,0.2250,1.0000,8,8,8,0,0,8,8,0.0000
4,80.0000,6,19,910.6676,-89.0310,-0.7358,6,0.1500,1.0000,2,8,8,0,0,8,8,0.0000
4,80.0000,6,21,974.2824,-88.7018,-1.0900,4,0.1000,1.0000,8,6,6,0,0,6,6,0.0000
4,80.0000,6,22,324.2297,-82.4335,-0.1551,39,0.9750,0.0000,4,5,1,0,0,5,1,0.8000
4,80.0000,6,23,748.8720,-88.3731,0.5946,14,0.3500,1.0000,8,6,3,0,0,6,3,0.5000
4,80.0000,7,1,504.1372,-84.9254,0.3419,21,0.5250,0.6250,8,4,0,0,0,4,0,1.0000
4,80.0000,7,3,627.3287,-87.3336,0.5035,16,0.4000,0.8571,7,5,2,4,4,9,6,0.3333
4,80.0000,7,4,441.3597,-83.8477,0.5404,29,0.7250,0.2000,5,7,5,0,0,7,5,0.2857
4,80.0000,7,10,1042.6955,-88.6817,-0.5948,8,0.2000,1.0000,8,8,8,0,0,8,8,0.0000
4,80.0000,7,11,903.3203,-88.4460,-0.5669,6,0.1500,1.0000,8,6,4,0,0,6,4,0.3333
4,80.0000,7,16,831.8014,-89.2034,0.0468,7,0.1750,0.8750,8,8,8,0,0,8,8,0.0000
4,80.0000,7,17,889.4526,-88.2541,-0.5676,8,0.2000,0.8750,8,8,7,0,0,8,7,0.1250
4,80.0000,7,18,950.7795,-88.3915,0.7100,5,0.1250,1.0000,6,8,8,0,0,8,8,0.0000
4,80.0000,7,21,781.8609,-88.5053,-0.3035,12,0.3000,1.0000,8,8,7,0,0,8,7,0.1250
4,80.0000,7,24,664.5029,-87.9236,0.1839,14,0.3500,0.8750,8,7,4,0,0,7,4,0.4286
4,80.0000,7,25,327.7140,-82.2957,0.7336,35,0.8750,0.5000,6,5,1,0,0,5,1,0.8000
4,80.0000,8,1,767.6450,-88.1145,-0.4789,19,0.4750,0.7500,8,8,8,0,0,8,8,0.0000
4,80.0000,8,5,483.6100,-85.8062,0.1203,33,0.8250,0.4000,5,6,2,0,0,6,2,0.6667
4,80.0000,8,10,626.1079,-85.1890,-0.3288,29,0.7250,0.5000,6,5,2,0,0,5,2,0.6000
4,80.0000,8,14,856.5125,-88.5343,-0.1558,4,0.1000,0.8571,7,8,8,0,0,8,8,0.0000
4,80.0000,8,20,518.0864,-86.4463,-0.4300,32,0.8000,0.3333,6,4,0,0,0,4,0,1.0000
4,80.0000,8,24,845.1876,-87.8822,-0.0074,13,0.3250,1.0000,8,8,6,0,0,8,6,0.2500
4,80.0000,9,0,320.5111,-83.3467,1.0307,30,0.7500,0.0000,4,4,0,0,0,4,0,1.0000
4,80.0000,9,2,373.9243,-84.8235,0.3908,29,0.7250,0.0000,4,4,0,0,0,4,0,1.0000
4,80.0000,9,3,768.4415,-88.0054,-0.2551,14,0.3500,0.6667,6,8,8,0,0,8,8,0.0000
4,80.0000,9,4,793.7597,-88.7452,-0.0138,10,0.2500,0.8571,7,5,2,0,0,5,2,0.6000
4,80.0000,9,6,1016.1571,-88.5307,-1.0107,3,0.0750,1.0000,8,8,8,0,0,8,8,0.0000
4,80.0000,9,7,1000.8322,-89.1682,-0.1687,3,0.0750,1.0000,8,8,8,0,0,8,8,0.0000
4,80.0000,9,11,412.5208,-84.2244,0.5611,30,0.7500,0.4000,5,4,0,0,0,4,0,1.0000
4,80.0000,9,12,1012.2495,-88.4800,0.2171,4,0.1000,1.0000,6,4,4,0,0,4,4,0.0000
4,80.0000,9,13,847.9191,-88.6462,0.3129,4,0.1000,1.0000,8,7,6,0,0,7,6,0.1429
4,80.0000,9,15,815.1784,-87.6359,-0.5429,15,0.3750,0.6667,6,8,8,0,0,8,8,0.0000
4,80.0000,9,16,561.6594,-86.6328,0.2328,21,0.5250,0.5000,6,6,4,0,0,6,4,0.3333
4,80.0000,9,17,556.4504,-86.7507,0.4195,22,0.5500,0.6667,6,6,4,0,0,6,4,0.3333
4,80.0000,9,18,469.4790,-85.0071,-0.4144,30,0.7500,0.7143,7,4,0,0,0,4,0,1.0000
4,80.0000,9,19,803.6710,-88.2418,-0.4796,9,0.2250,0.7143,7,7,6,0,0,7,6,0.1429
4,80.0000,9,21,711.8622,-88.5517,0.3612,10,0.2500,1.0000,8,8,7,0,0,8,7,0.1250
4,80.0000,9,23,944.9093,-89.2247,0.0626,3,0.0750,1.0000,8,8,8,0,0,8,8,0.0000
4,80.0000,10,1,646.0986,-87.0153,0.3161,20,0.5000,0.9556,45,7,5,80,79,87,84,0.0345
4,80.0000,10,4,1201.7494,-89.1220,-0.5324,3,0.0750,1.0000,46,6,6,0,0,6,6,0.0000
4,80.0000,10,5,414.3316,-84.1588,-0.1208,40,1.0000,0.0000,4,4,0,0,0,4,0,1.0000
4,80.0000,10,7,1042.6955,-88.9969,0.1250,5,0.1250,1.0000,8,6,6,0,0,6,6,0.0000
4,80.0000,10,8,626.1079,-85.9068,-0.4936,32,0.8000,0.7342,79,7,5,73,57,80,62,0.2250
4,80.0000,10,20,533.6496,-87.2411,0.3330,34,0.8500,0.0000,4,7,5,0,0,7,5,0.2857
4,80.0000,10,24,488.9747,-84.2180,-0.6510,38,0.9500,0.0000,4,6,3,0,0,6,3,0.5000
4,80.0000,10,25,821.5612,-88.1662,-0.4554,18,0.4500,0.8947,19,8,8,38,37,46,45,0.0217
4,80.0000,11,0,352.6268,-83.9437,1.0506,32,0.8000,0.6250,8,4,0,0,0,4,0,1.0000
4,80.0000,11,1,1134.5958,-89.1801,0.0862,4,0.1000,0.8750,8,8,8,0,0,8,8,0.0000
4,80.0000,11,2,381.2887,-83.9828,0.6693,32,0.8000,0.4000,5,4,0,27,17,31,17,0.4516
4,80.0000,11,3,616.3285,-85.5459,0.0556,24,0.6000,0.6250,8,7,4,0,0,7,4,0.4286
4,80.0000,11,4,580.3738,-86.7880,-0.2252,36,0.9000,0.7143,7,6,4,0,0,6,4,0.3333
4,80.0000,11,6,805.4661,-88.7293,0.0979,12,0.3000,1.0000,8,7,6,0,0,7,6,0.1429
4,80.0000,11,7,903.3203,-88.5417,0.2808,11,0.2750,1.0000,8,6,6,0,0,6,6,0.0000
4,80.0000,11,9,412.5208,-84.3662,-0.6870,34,0.8500,0.2000,5,6,2,0,0,6,2,0.6667
4,80.0000,11,12,871.5359,-88.6189,-0.2743,14,0.3500,1.0000,8,8,7,0,0,8,7,0.1250
4,80.0000,11,13,968.9188,-89.4424,-0.1609,4,0.1000,1.0000,16,8,8,0,0,8,8,0.0000
4,80.0000,11,14,934.8278,-88.9647,0.2726,11,0.2750,1.0000,8,8,8,0,0,8,8,0.0000
4,80.0000,11,15,768.2713,-88.7483,-0.2828,18,0.4500,0.9545,44,8,7,8,8,16,15,0.0625
4,80.0000,11,16,380.7788,-84.3495,-0.2575,36,0.9000,0.0000,4,4,0,0,0,4,0,1.0000
4,80.0000,11,17,421.6826,-83.9734,-0.4672,36,0.9000,0.2000,5,6,3,0,0,6,3,0.5000
4,80.0000,11,18,385.7820,-84.2068,-0.2050,33,0.8250,0.7826,46,4,0,0,0,4,0,1.0000
4,80.0000,11,21,420.5381,-83.3395,-0.7956,38,0.9500,0.0000,4,5,2,0,0,5,2,0.6000
4,80.0000,11,22,965.5002,-88.8601,0.6351,3,0.0750,1.0000,2,8,8,37,36,45,44,0.0222
4,80.0000,11,23,575.6536,-87.3144,-0.1353,28,0.7000,0.4000,5,6,3,0,0,6,3,0.5000
4,80.0000,12,0,713.2185,-86.4797,-0.5345,21,0.5250,0.7143,7,8,8,0,0,8,8,0.0000
4,80.0000,12,2,648.8953,-86.7088,0.3978,21,0.5250,0.4000,5,5,2,0,0,5,2,0.6000
4,80.0000,12,6,272.3873,-78.8091,-0.1270,36,0.9000,0.0000,4,5,1,0,0,5,1,0.8000
4,80.0000,12,11,871.5359,-89.0017,0.6143,5,0.1250,1.0000,8,8,8,0,0,8,8,0.0000
4,80.0000,12,13,609.0327,-86.2828,-0.2855,27,0.6750,0.6667,6,6,3,0,0,6,3,0.5000
4,80.0000,12,15,516.2097,-85.6716,-0.5196,26,0.6500,0.4286,7,5,2,0,0,5,2,0.6000
4,80.0000,12,19,881.4177,-88.0261,-0.5789,9,0.2250,0.8333,6,7,5,0,0,7,5,0.2857
4,80.0000,12,21,1134.8222,-88.7205,-0.0259,3,0.0750,1.0000,6,2,2,0,0,2,2,0.0000
4,80.0000,12,22,346.5681,-83.4069,0.6613,34,0.8500,0.0000,4,5,1,0,0,5,1,0.8000
4,80.0000,12,23,962.1456,-88.0594,-0.8675,5,0.1250,1.0000,4,8,8,0,0,8,8,0.0000
4,80.0000,13,0,633.7676,-86.8801,-0.2289,20,0.5000,0.5000,6,7,5,2,2,9,7,0.2222
4,80.0000,13,2,590.1076,-86.4580,0.0978,26,0.6500,0.7143,7,6,3,0,0,6,3,0.5000
4,80.0000,13,6,738.5536,-87.4292,-0.3636,21,0.5250,0.5000,6,8,8,0,0,8,8,0.0000
4,80.0000,13,9,847.9191,-88.0293,0.2713,7,0.1750,1.0000,8,6,6,0,0,6,6,0.0000
4,80.0000,13,11,968.9188,-89.2650,0.1471,6,0.1500,1.0000,8,8,7,0,0,8,7,0.1250
4,80.0000,13,12,609.0327,-86.3981,-1.1204,32,0.8000,0.7143,7,7,5,0,0,7,5,0.2857
4,80.0000,13,15,473.8587,-84.0168,-0.4204,37,0.9250,0.4000,5,5,3,0,0,5,3,0.4000
4,80.0000,13,17,1088.9015,-89.6085,-0.1944,4,0.1000,1.0000,6,8,8,0,0,8,8,0.0000
4,80.0000,13,18,982.6624,-89.0242,-0.0491,5,0.1250,1.0000,8,8,8,0,0,8,8,0.0000
4,80.0000,13,19,375.4737,-84.0883,0.6830,34,0.8500,0.2000,5,4,0,0,0,4,0,1.0000
4,80.0000,13,22,526.4715,-84.8421,-0.7655,36,0.9000,0.2000,5,5,2,0,0,5,2,0.6000
4,80.0000,14,1,851.6309,-88.0597,-0.3339,12,0.3000,0.8571,7,8,8,0,0,8,8,0.0000
4,80.0000,14,3,841.5411,-89.1188,-0.1133,12,0.3000,1.0000,6,8,8,0,0,8,8,0.0000
4,80.0000,14,4,739.7503,-86.7861,-0.2377,20,0.5000,0.7143,7,9,8,0,0,9,8,0.1111
4,80.0000,14,8,856.5125,-89.0271,-0.0934,5,0.1250,1.0000,6,8,8,0,0,8,8,0.0000
4,80.0000,14,11,934.8278,-89.0667,-0.1905,9,0.2250,1.0000,8,8,8,0,0,8,8,0.0000
4,80.0000,14,16,877.7332,-87.7065,0.1916,7,0.1750,0.8571,7,8,8,0,0,8,8,0.0000
4,80.0000,14,17,938.8833,-88.1557,0.0774,11,0.2750,0.8750,8,8,8,0,0,8,8,0.0000
4,80.0000,14,21,673.9281,-86.8830,0.0899,22,0.5500,0.8571,7,6,3,0,0,6,3,0.5000
4,80.0000,14,23,534.2930,-85.3176,-0.5073,27,0.6750,0.5000,6,7,5,0,0,7,5,0.2857
4,80.0000,15,0,515.7585,-84.5034,-0.9440,32,0.8000,0.2000,5,7,5,0,0,7,5,0.2857
4,80.0000,15,2,482.8821,-84.8263,-0.8106,33,0.8250,0.0000,4,7,5,0,0,7,5,0.2857
4,80.0000,15,3,1127.5447,-88.7613,0.0605,5,0.1250,1.0000,22,2,2,0,0,2,2,0.0000
4,80.0000,15,6,440.8933,-84.7883,-0.3102,29,0.7250,0.5000,6,6,2,0,0,6,2,0.6667
4,80.0000,15,9,815.1784,-87.3041,-0.0828,6,0.1500,0.7778,9,8,8,0,0,8,8,0.0000
4,80.0000,15,11,768.2713,-87.8476,-0.0049,19,0.4750,0.8750,8,8,8,0,0,8,8,0.0000
4,80.0000,15,12,516.2097,-85.8710,0.3973,28,0.7000,0.3333,6,7,6,0,0,7,6,0.1429
4,80.0000,15,13,473.8587,-84.5671,-0.2454,34,0.8500,0.0000,5,5,2,0,0,5,2,0.6000
4,80.0000,15,16,827.3676,-88.4744,-0.2472,13,0.3250,0.8571,7,5,1,0,0,5,1,0.8000
4,80.0000,15,17,787.7477,-88.1944,-0.3141,16,0.4000,0.5556,9,6,6,0,0,6,6,0.0000
4,80.0000,15,18,706.3302,-86.4926,-0.8458,25,0.6250,0.7143,7,6,3,0,0,6,3,0.5000
4,80.0000,15,19,495.6216,-85.7201,0.7544,34,0.8500,0.9091,11,6,3,0,0,6,3,0.5000
4,80.0000,15,21,931.5919,-88.1728,-0.5778,8,0.2000,0.8750,8,4,4,0,0,4,4,0.0000
4,80.0000,15,22,306.2719,-83.0342,0.6922,36,0.9000,0.2000,5,4,0,0,0,4,0,1.0000
4,80.0000,15,23,852.7910,-88.7638,-0.0138,11,0.2750,0.9667,30,8,8,4,4,12,12,0.0000
4,80.0000,16,0,540.8316,-86.8592,0.2075,27,0.6750,0.5000,6,6,4,0,0,6,4,0.3333
4,80.0000,16,1,951.7482,-88.6862,0.2961,8,0.2000,1.0000,8,6,6,0,0,6,6,0.0000
4,80.0000,16,2,591.9951,-87.1971,-0.3964,20,0.5000,0.7143,7,6,3,0,0,6,3,0.5000
4,80.0000,16,3,307.5051,-78.6929,-1.1572,37,0.9250,0.0000,4,5,2,0,0,5,2,0.6000
4,80.0000,16,4,436.6000,-84.5083,-0.2664,33,0.8250,0.4000,5,4,0,0,0,4,0,1.0000
4,80.0000,16,6,958.6215,-89.5179,-0.8064,4,0.1000,1.0000,8,7,6,0,0,7,6,0.1429
4,80.0000,16,7,831.8014,-88.5956,-0.1254,13,0.3250,0.8571,7,8,8,0,0,8,8,0.0000
4,80.0000,16,9,561.6594,-87.3876,0.3531,26,0.6500,0.6250,8,5,2,0,0,5,2,0.6000
4,80.0000,16,11,380.7788,-82.8937,-0.6391,36,0.9000,0.0000,4,4,0,0,0,4,0,1.0000
4,80.0000,16,14,877.7332,-87.9162,0.0123,16,0.4000,0.7500,8,8,8,0,0,8,8,0.0000
4,80.0000,16,15,827.3676,-88.8970,-0.4466,10,0.2500,0.8750,8,7,6,0,0,7,6,0.1429
4,80.0000,16,17,79.3492,-71.7436,1.6693,38,0.9500,0.2000,5,4,0,0,0,4,0,1.0000
4,80.0000,16,18,165.2348,-78.3701,2.4190,38,0.9500,0.0000,3,5,1,0,0,5,1,0.8000
4,80.0000,16,19,1021.4256,-88.3598,-0.2115,3,0.0750,1.0000,4,6,6,0,0,6,6,0.0000
4,80.0000,16,21,205.7210,-76.6918,0.0357,37,0.9250,0.0000,4,4,0,0,0,4,0,1.0000
4,80.0000,16,23,517.1264,-86.2708,0.4124,30,0.7500,0.4000,5,4,0,0,0,4,0,1.0000
4,80.0000,16,25,1100.4534,-88.9962,-0.1551,4,0.1000,1.0000,6,2,2,0,0,2,2,0.0000
4,80.0000,17,0,526.6388,-86.2780,-0.7951,27,0.6585,0.5000,6,6,2,0,0,6,2,0.6667
4,80.0000,17,1,1007.0910,-89.4252,0.1368,3,0.0732,1.0000,8,6,6,0,0,6,6,0.0000
4,80.0000,17,2,579.5764,-86.6379,0.2738,30,0.7317,0.5000,6,7,6,0,0,7,6,0.1429
4,80.0000,17,3,344.2398,-81.9123,-0.4286,37,0.9024,0.0000,4,5,2,0,0,5,2,0.6000
4,80.0000,17,4,504.8275,-86.7479,0.5260,27,0.6585,0.4000,5,4,0,0,0,4,0,1.0000
4,80.0000,17,6,952.6332,-88.9697,0.1415,5,0.1220,1.0000,8,8,8,0,0,8,8,0.0000
4,80.0000,17,7,889.4526,-88.9251,-0.2664,10,0.2439,1.0000,10,6,6,0,0,6,6,0.0000
4,80.0000,17,9,556.4504,-86.6981,-0.0298,27,0.6585,0.8571,7,7,5,0,0,7,5,0.2857
4,80.0000,17,11,421.6826,-83.8014,-0.0277,35,0.8537,0.0000,4,8,7,0,0,8,7,0.1250
4,80.0000,17,12,1092.5297,-88.8368,0.3135,4,0.0976,0.8571,7,5,5,0,0,5,5,0.0000
4,80.0000,17,14,938.8833,-88.4919,-0.3784,11,0.2683,1.0000,8,8,8,0,0,8,8,0.0000
4,80.0000,17,15,787.7477,-87.6156,-0.3249,17,0.4146,0.6667,6,8,7,0,0,8,7,0.1250
4,80.0000,17,16,79.3492,-72.0220,2.0836,39,0.9512,0.2000,5,4,0,0,0,4,0,1.0000
4,80.0000,17,18,112.8951,-74.7419,1.1368,38,0.9268,0.0000,4,4,0,12,0,16,0,1.0000
4,80.0000,17,19,963.6620,-88.9206,0.1363,4,0.0976,1.0000,4,6,6,0,0,6,6,0.0000
4,80.0000,17,21,274.0907,-79.3232,-0.1851,36,0.8780,0.4000,5,5,1,0,0,5,1,0.8000
4,80.0000,17,23,553.6546,-85.5194,-0.2274,33,0.8049,0.2000,5,8,7,0,0,8,7,0.1250
4,80.0000,18,0,425.5053,-84.6414,-0.5117,26,0.6341,0.7143,7,6,4,0,0,6,4,0.3333
4,80.0000,18,2,480.9481,-84.5764,0.2087,27,0.6585,0.5714,7,5,2,0,0,5,2,0.6000
4,80.0000,18,3,444.6509,-84.2041,0.0914,25,0.6098,0.0000,4,5,1,0,0,5,1,0.8000
4,80.0000,18,4,586.1609,-87.3942,0.2291,14,0.3415,0.7500,8,6,4,0,0,6,4,0.3333
4,80.0000,18,6,900.9016,-88.5043,0.4739,4,0.0976,1.0000,8,8,8,24,24,32,32,0.0000
4,80.0000,18,7,950.7795,-88.8920,-0.2066,4,0.0976,0.8333,6,8,8,0,0,8,8,0.0000
4,80.0000,18,9,469.4790,-85.2921,0.2130,29,0.7073,0.2000,5,5,1,0,0,5,1,0.8000
4,80.0000,18,11,385.7820,-83.5877,0.3517,30,0.7317,0.2000,5,4,0,0,0,4,0,1.0000
4,80.0000,18,12,1021.7130,-88.9027,-0.6607,4,0.0976,1.0000,8,4,4,0,0,4,4,0.0000
4,80.0000,18,13,982.6624,-89.1607,0.4116,6,0.1463,0.9000,10,8,8,0,0,8,8,0.0000
4,80.0000,18,14,1020.6365,-89.2297,0.3609,3,0.0732,1.0000,2,8,8,0,0,8,8,0.0000
4,80.0000,18,15,706.3302,-87.0880,-0.7636,18,0.4390,0.5000,6,8,8,0,0,8,8,0.0000
4,80.0000,18,16,165.2348,-79.1054,1.6792,35,0.8537,0.0000,4,4,0,0,0,4,0,1.0000
4,80.0000,18,17,112.8951,-74.5510,1.4136,37,0.9024,0.0000,4,4,0,0,0,4,0,1.0000
4,80.0000,18,19,859.3159,-88.3773,0.7925,5,0.1220,1.0000,26,8,7,0,0,8,7,0.1250
4,80.0000,18,21,360.8957,-83.2590,0.9452,32,0.7805,0.1667,6,3,0,0,0,3,0,1.0000
4,80.0000,18,22,979.9355,-88.4708,0.6856,3,0.0732,1.0000,4,8,8,0,0,8,8,0.0000
4,80.0000,18,23,602.4567,-86.9498,0.0841,18,0.4390,0.5714,7,6,4,0,0,6,4,0.3333
4,80.0000,19,0,647.7556,-87.3098,0.1527,21,0.5250,0.8571,7,7,6,0,0,7,6,0.1429
4,80.0000,19,2,639.1681,-87.3996,0.2235,17,0.4250,0.8000,5,8,5,0,0,8,5,0.3750
4,80.0000,19,9,803.6710,-88.3297,0.0619,14,0.3500,1.0000,8,8,8,0,0,8,8,0.0000
4,80.0000,19,13,375.4737,-84.4560,0.0934,35,0.8750,0.3333,6,6,3,0,0,6,3,0.5000
4,80.0000,19,15,495.6216,-86.1176,0.5219,27,0.6750,0.5714,7,5,1,0,0,5,1,0.8000
4,80.0000,19,17,963.6620,-88.5489,1.3343,4,0.1000,0.8000,5,8,8,0,0,8,8,0.0000
4,80.0000,19,18,859.3159,-88.5849,0.0903,6,0.1500,1.0000,8,6,6,0,0,6,6,0.0000
4,80.0000,19,22,693.7168,-87.2730,0.7590,17,0.4250,0.8750,8,9,7,0,0,9,7,0.2222
4,80.0000,20,1,964.3184,-88.7538,-0.7695,4,0.1000,1.0000,8,8,8,0,0,8,8,0.0000
4,80.0000,20,5,135.7199,-74.7840,0.7550,40,1.0000,0.0000,4,4,0,0,0,4,0,1.0000
4,80.0000,20,8,518.0864,-86.3724,-0.2550,25,0.6250,0.5000,6,5,2,0,0,5,2,0.6000
4,80.0000,20,10,533.6496,-86.4145,-0.0331,29,0.7250,0.8500,40,6,3,80,72,86,75,0.1279
4,80.0000,20,24,948.3930,-88.7429,0.6361,3,0.0750,0.8750,8,8,8,0,0,8,8,0.0000
4,80.0000,21,0,670.6811,-87.0375,-0.0379,23,0.5750,0.7143,7,7,6,0,0,7,6,0.1429
4,80.0000,21,1,832.5476,-88.4647,-0.0202,18,0.4500,1.0000,8,8,8,0,0,8,8,0.0000
4,80.0000,21,2,710.5164,-87.7987,0.1157,21,0.5250,0.6667,6,8,8,0,0,8,8,0.0000
4,80.0000,21,3,299.6448,-81.7108,0.3733,36,0.9000,0.0000,4,4,0,0,0,4,0,1.0000
4,80.0000,21,4,344.4973,-83.1155,0.4914,32,0.8000,0.0000,4,5,1,0,0,5,1,0.8000
4,80.0000,21,6,974.2824,-88.8730,0.4249,8,0.2000,1.0000,8,8,8,0,0,8,8,0.0000
4,80.0000,21,7,781.8609,-88.6179,-0.6839,8,0.2000,0.7143,7,7,6,0,0,7,6,0.1429
4,80.0000,21,9,711.8622,-87.4906,-0.3276,15,0.3750,0.8750,8,7,6,0,0,7,6,0.1429
4,80.0000,21,11,420.5381,-83.6778,-0.0317,34,0.8500,0.5385,13,4,0,0,0,4,0,1.0000
4,80.0000,21,12,1134.8222,-87.9356,-2.0275,3,0.0750,1.0000,8,4,4,0,0,4,4,0.0000
4,80.0000,21,14,673.9281,-86.8461,0.2939,22,0.5500,0.5714,7,7,5,0,0,7,5,0.2857
4,80.0000,21,15,931.5919,-88.3312,-0.2950,17,0.4250,0.9870,77,8,8,50,50,58,58,0.0000
4,80.0000,21,16,205.7210,-76.1961,-0.2076,35,0.8750,0.0000,4,5,2,0,0,5,2,0.6000
4,80.0000,21,17,274.0907,-79.4053,-0.5102,35,0.8750,0.0000,4,4,0,26,16,30,16,0.4667
4,80.0000,21,18,360.8957,-83.5092,0.7749,33,0.8250,0.1667,6,5,2,0,0,5,2,0.6000
4,80.0000,21,23,384.8769,-82.4624,-0.7452,35,0.8750,0.0000,4,4,0,0,0,4,0,1.0000
4,80.0000,22,0,743.7830,-88.2586,0.0076,10,0.2564,0.5000,6,6,3,0,0,6,3,0.5000
4,80.0000,22,2,692.5989,-87.0271,0.1262,13,0.3333,0.6250,8,8,6,0,0,8,6,0.2500
4,80.0000,22,6,324.2297,-81.9423,0.2647,31,0.7949,0.0000,4,6,2,0,0,6,2,0.6667
4,80.0000,22,12,346.5681,-83.2788,0.0644,29,0.7436,0.0000,4,4,0,0,0,4,0,1.0000
4,80.0000,22,13,526.4715,-84.2341,-0.8476,28,0.7179,0.2000,5,7,4,0,0,7,4,0.4286
4,80.0000,22,15,306.2719,-82.9599,1.2982,22,0.5641,0.2000,5,4,0,0,0,4,0,1.0000
4,80.0000,22,17,1053.2394,-88.4174,0.9304,3,0.0769,1.0000,4,2,2,0,0,2,2,0.0000
4,80.0000,22,18,979.9355,-89.1735,-0.0214,4,0.1026,1.0000,8,6,5,0,0,6,5,0.1667
4,80.0000,22,19,693.7168,-87.4549,0.9493,10,0.2564,0.6667,6,6,4,4,2,10,6,0.4000
4,80.0000,22,23,986.3650,-88.5502,-0.1534,5,0.1282,1.0000,8,8,8,0,0,8,8,0.0000
4,80.0000,23,0,774.2190,-87.9688,-0.1369,17,0.4250,0.8750,8,6,4,0,0,6,4,0.3333
4,80.0000,23,2,783.1797,-88.0083,-0.3777,20,0.5000,0.8750,8,7,6,0,0,7,6,0.1429
4,80.0000,23,3,663.8745,-86.9960,-0.3466,21,0.5250,0.5714,7,6,4,0,0,6,4,0.3333
4,80.0000,23,4,680.2879,-87.3340,0.1085,22,0.5500,0.6667,6,8,7,0,0,8,7,0.1250
4,80.0000,23,6,748.8720,-88.3742,0.0805,16,0.4000,0.8889,9,6,4,0,0,6,4,0.3333
4,80.0000,23,9,944.9093,-88.7327,0.1138,9,0.2250,1.0000,8,5,4,0,0,5,4,0.2000
4,80.0000,23,11,575.6536,-86.6929,-0.2638,27,0.6750,0.8571,7,6,4,0,0,6,4,0.3333
4,80.0000,23,14,534.2930,-85.4119,0.0288,29,0.7250,0.0000,4,6,3,0,0,6,3,0.5000
4,80.0000,23,15,852.7910,-88.7361,-0.0039,11,0.2750,1.0000,8,8,8,0,0,8,8,0.0000
4,80.0000,23,16,517.1264,-85.4872,-0.8867,26,0.6500,0.0000,4,5,1,0,0,5,1,0.8000
4,80.0000,23,17,553.6546,-85.6739,0.1409,29,0.7250,0.2000,5,7,6,0,0,7,6,0.1429
4,80.0000,23,18,602.4567,-87.2577,-0.1123,22,0.5500,0.6667,6,6,4,0,0,6,4,0.3333
4,80.0000,23,21,384.8769,-82.4400,-0.3090,35,0.8750,0.0000,4,5,2,0,0,5,2,0.6000
4,80.0000,23,22,986.3650,-88.9081,-0.2824,6,0.1500,1.0000,8,6,6,0,0,6,6,0.0000
4,80.0000,24,1,307.2642,-83.4118,0.9411,36,0.9000,0.0000,4,6,2,0,0,6,2,0.6667
4,80.0000,24,4,824.7694,-87.5738,0.0180,8,0.2000,0.8750,8,8,8,0,0,8,8,0.0000
4,80.0000,24,5,814.0992,-87.8265,-0.1928,18,0.4500,0.7143,7,7,6,0,0,7,6,0.1429
4,80.0000,24,7,664.5029,-87.7623,-0.0157,19,0.4750,0.8750,8,8,7,0,0,8,7,0.1250
4,80.0000,24,8,845.1876,-88.4061,-0.4731,10,0.2500,1.0000,8,8,7,0,0,8,7,0.1250
4,80.0000,24,10,488.9747,-84.3664,-0.1660,35,0.8750,0.2000,5,5,1,0,0,5,1,0.8000
4,80.0000,24,20,948.3930,-88.2668,0.1314,8,0.2000,1.0000,8,8,8,0,0,8,8,0.0000
4,80.0000,24,25,456.0940,-84.4597,-0.0284,32,0.8000,0.3333,6,4,0,0,0,4,0,1.0000
4,80.0000,25,1,460.9246,-85.1383,-0.6081,32,0.8000,0.6667,6,5,1,0,0,5,1,0.8000
4,80.0000,25,3,843.6231,-88.5362,0.2242,9,0.2250,1.0000,8,7,6,0,0,7,6,0.1429
4,80.0000,25,4,704.5953,-87.3080,0.3654,11,0.2750,0.7143,7,7,6,0,0,7,6,0.1429
4,80.0000,25,5,1049.3062,-89.1619,0.0996,8,0.2000,1.0000,8,4,4,0,0,4,4,0.0000
4,80.0000,25,7,327.7140,-83.5871,-0.3210,36,0.9000,0.2000,5,5,3,0,0,5,3,0.4000
4,80.0000,25,10,821.5612,-87.6609,-0.4523,16,0.4000,0.6667,6,8,8,0,0,8,8,0.0000
4,80.0000,25,16,1100.4534,-89.1330,0.0781,3,0.0750,1.0000,6,6,6,0,0,6,6,0.0000
4,80.0000,25,21,1044.0288,-89.6819,-0.1467,4,0.1000,1.0000,2,8,8,0,0,8,8,0.0000
4,80.0000,25,24,456.0940,-84.3890,-0.1588,36,0.9000,0.2000,5,6,2,0,0,6,2,0.6667
4,84.0000,0,2,83.5650,-67.6591,-0.5135,40,1.0000,0.0000,4,4,0,0,0,4,0,1.0000
4,84.0000,0,3,928.4901,-88.5444,0.0930,10,0.2500,1.0000,6,8,8,0,0,8,8,0.0000
4,84.0000,0,4,798.4072,-88.7842,-0.1929,10,0.2500,1.0000,8,7,6,0,0,7,6,0.1429
4,84.0000,0,6,777.5070,-87.9904,0.1758,21,0.5250,0.7143,7,7,6,0,0,7,6,0.1429
4,84.0000,0,9,220.0536,-79.6802,1.1148,38,0.9500,0.2000,5,5,1,0,0,5,1,0.8000
4,84.0000,0,11,372.1175,-83.0916,-0.0526,35,0.8750,0.0000,4,6,2,0,0,6,2,0.6667
4,84.0000,0,12,862.4514,-88.0395,-0.2911,18,0.4500,0.8750,8,8,8,0,0,8,8,0.0000
4,84.0000,0,13,711.4247,-87.4400,0.4786,29,0.7250,0.5714,7,7,5,0,0,7,5,0.2857
4,84.0000,0,15,676.9682,-86.8197,-0.2824,29,0.7250,0.5000,6,7,5,0,0,7,5,0.2857
4,84.0000,0,16,479.4725,-85.6310,0.7762,34,0.8500,0.6667,6,6,3,0,0,6,3,0.5000
4,84.0000,0,17,569.5467,-86.3694,-0.1573,27,0.6750,0.6667,6,7,6,0,0,7,6,0.1429
4,84.0000,0,18,493.6990,-85.3629,-0.2729,34,0.8500,0.2000,5,6,4,0,0,6,4,0.3333
4,84.0000,0,19,574.4433,-87.4834,0.1207,25,0.6250,0.5556,9,6,4,21,15,27,19,0.2963
4,84.0000,0,21,770.8628,-87.5889,-0.2297,17,0.4250,0.8750,8,8,8,0,0,8,8,0.0000
4,84.0000,0,22,791.9130,-88.0005,-0.1662,19,0.4750,0.8571,7,5,2,0,0,5,2,0.6000
4,84.0000,0,23,827.3945,-88.2627,-0.0307,19,0.4750,0.7143,7,8,8,0,0,8,8,0.0000
4,84.0000,1,3,629.7783,-87.1512,0.0337,16,0.4000,0.6667,12,7,5,9,7,16,12,0.2500
4,84.0000,1,4,697.0156,-86.7988,-0.4113,21,0.5250,0.7143,7,8,8,0,0,8,8,0.0000
4,84.0000,1,5,823.5470,-87.8223,1.1797,7,0.1750,1.0000,8,8,7,0,0,8,7,0.1250
4,84.0000,1,7,487.6525,-85.2131,0.0300,26,0.6500,0.1429,7,6,2,2,1,8,3,0.6250
4,84.0000,1,8,685.3959,-87.7893,0.0141,21,0.5250,0.0000,4,7,6,0,0,7,6,0.1429
4,84.0000,1,10,668.7846,-87.6760,0.3146,25,0.6250,0.4000,5,6,4,0,0,6,4,0.3333
4,84.0000,1,14,952.1162,-88.9359,-0.1585,6,0.1500,1.0000,6,8,8,0,0,8,8,0.0000
4,84.0000,1,20,913.8754,-87.9080,0.3350,5,0.1250,1.0000,8,8,8,0,0,8,8,0.0000
4,84.0000,1,21,806.7283,-88.5178,-0.2319,8,0.2000,1.0000,8,7,6,0,0,7,6,0.1429
4,84.0000,1,24,166.9306,-78.2931,1.9546,38,0.9500,0.0000,4,4,0,0,0,4,0,1.0000
4,84.0000,1,25,478.8829,-84.4967,0.0534,34,0.8500,0.1667,6,6,4,0,0,6,4,0.3333
4,84.0000,2,0,83.5650,-67.2592,-0.4458,37,0.9250,0.0000,4,4,0,0,0,4,0,1.0000
4,84.0000,2,3,991.6274,-88.8546,-0.0865,11,0.2750,1.0000,8,8,8,0,0,8,8,0.0000
4,84.0000,2,4,859.3874,-88.8304,0.1065,10,0.2500,1.0000,8,8,8,0,0,8,8,0.0000
4,84.0000,2,6,719.3336,-87.6349,-0.3803,26,0.6500,1.0000,6,7,5,0,0,7,5,0.2857
4,84.0000,2,9,290.2303,-82.5670,0.7138,35,0.8750,0.0000,4,5,1,0,0,5,1,0.8000
4,84.0000,2,11,383.5355,-82.8880,0.3945,36,0.9000,0.0000,4,6,4,0,0,6,4,0.3333
4,84.0000,2,12,784.4269,-88.3145,-0.4315,22,0.5500,0.6667,6,8,8,0,0,8,8,0.0000
4,84.0000,2,13,647.1307,-87.1190,-0.0525,27,0.6750,0.9091,11,7,6,0,0,7,6,0.1429
4,84.0000,2,15,617.3367,-86.0576,-0.1264,28,0.7000,0.0000,4,4,0,0,0,4,0,1.0000
4,84.0000,2,16,532.7471,-86.1028,0.3976,27,0.6750,0.4000,5,7,5,0,0,7,5,0.2857
4,84.0000,2,17,633.5416,-86.9321,-0.3276,23,0.5750,0.6667,6,8,7,4,4,12,11,0.0833
4,84.0000,2,18,550.7444,-85.7337,0.3129,30,0.7500,0.5000,6,6,3,0,0,6,3,0.5000
4,84.0000,2,19,541.8803,-86.4150,0.1354,29,0.7250,0.7742,31,6,3,2,1,8,4,0.5000
4,84.0000,2,21,820.1540,-87.8172,0.3935,14,0.3500,1.0000,8,8,7,0,0,8,7,0.1250
4,84.0000,2,22,725.3499,-87.7844,-0.2771,22,0.5500,0.7143,7,8,8,0,0,8,8,0.0000
4,84.0000,2,23,829.3815,-87.6816,-0.5913,12,0.3000,0.7143,7,8,8,0,0,8,8,0.0000
4,84.0000,3,0,928.4901,-88.7212,-0.4387,12,0.3000,0.8750,8,8,8,0,0,8,8,0.0000
4,84.0000,3,1,629.7783,-87.2873,-0.1244,19,0.4750,0.6667,6,5,2,0,0,5,2,0.6000
4,84.0000,3,2,991.6274,-89.4348,0.0759,6,0.1500,1.0000,8,6,6,0,0,6,6,0.0000
4,84.0000,3,4,256.3755,-79.3355,0.3200,37,0.9250,0.4000,5,5,1,0,0,5,1,0.8000
4,84.0000,3,7,561.6672,-86.5839,0.2171,24,0.6000,0.7500,8,4,0,0,0,4,0,1.0000
4,84.0000,3,9,799.6687,-88.4228,0.0212,10,0.2500,0.7143,7,7,6,0,0,7,6,0.1429
4,84.0000,3,11,759.7354,-86.9857,-0.0587,19,0.4750,0.2000,5,7,6,0,0,7,6,0.1429
4,84.0000,3,14,782.7589,-88.7243,0.4804,9,0.2250,1.0000,8,8,8,0,0,8,8,0.0000
4,84.0000,3,16,487.1960,-83.1474,-1.5710,32,0.8000,0.2000,5,8,7,0,0,8,7,0.1250
4,84.0000,3,17,393.0271,-83.1157,-0.7471,35,0.8750,0.2000,5,4,0,0,0,4,0,1.0000
4,84.0000,3,18,467.9484,-84.9666,-0.3117,31,0.7750,0.5000,6,4,0,0,0,4,0,1.0000
4,84.0000,3,21,261.4377,-80.3086,0.3977,39,0.9750,0.0000,5,5,1,0,0,5,1,0.8000
4,84.0000,3,23,733.7670,-87.4974,0.0546,23,0.5750,0.6667,6,7,6,0,0,7,6,0.1429
4,84.0000,3,24,716.6997,-88.2658,0.8640,11,0.2750,1.0000,6,6,4,0,0,6,4,0.3333
4,84.0000,3,25,743.8252,-87.9626,0.3219,18,0.4500,1.0000,8,7,5,0,0,7,5,0.2857
4,84.0000,4,0,798.4072,-88.1232,0.1370,12,0.3000,1.0000,10,8,6,0,0,8,6,0.2500
4,84.0000,4,1,697.0156,-86.9407,-0.5274,23,0.5750,0.7143,7,7,5,0,0,7,5,0.2857
4,84.0000,4,2,859.3874,-88.9975,-0.0288,5,0.1250,1.0000,8,9,7,0,0,9,7,0.2222
4,84.0000,4,3,256.3755,-80.0041,0.0182,38,0.9500,0.2000,5,4,0,0,0,4,0,1.0000
4,84.0000,4,7,453.3176,-83.8184,-0.5711,36,0.9000,0.6667,6,6,4,0,0,6,4,0.3333
4,84.0000,4,9,638.5132,-88.3633,0.3332,15,0.3750,0.6667,6,5,2,0,0,5,2,0.6000
4,84.0000,4,11,589.5289,-86.8429,0.1131,24,0.6000,0.7143,7,5,1,0,0,5,1,0.8000
4,84.0000,4,14,760.5474,-87.4215,0.6084,14,0.3500,0.8750,8,5,1,0,0,5,1,0.8000
4,84.0000,4,16,444.2841,-84.5979,-0.1145,31,0.7750,0.2000,5,5,2,0,0,5,2,0.6000
4,84.0000,4,17,392.5828,-84.0356,1.3135,30,0.7500,0.5000,6,4,0,0,0,4,0,1.0000
4,84.0000,4,18,434.2236,-85.6802,0.4586,25,0.6250,0.4000,5,4,0,0,0,4,0,1.0000
4,84.0000,4,21,231.9208,-80.2577,0.9023,35,0.8750,0.2000,5,4,0,0,0,4,0,1.0000
4,84.0000,4,23,698.4895,-88.2720,-0.1618,17,0.4250,0.4000,5,7,5,0,0,7,5,0.2857
4,84.0000,4,24,820.7410,-87.9196,0.6079,12,0.3000,0.7500,8,8,8,0,0,8,8,0.0000
4,84.0000,4,25,713.2896,-87.5956,-0.3641,17,0.4250,0.6000,5,7,5,0,0,7,5,0.2857
4,84.0000,5,1,823.5470,-88.1920,0.0871,13,0.3250,1.0000,10,6,5,0,0,6,5,0.1667
4,84.0000,5,7,1168.7968,-89.1279,0.3062,3,0.0750,,0,4,4,0,0,4,4,0.0000
4,84.0000,5,8,432.2992,-84.3890,-0.0328,35,0.8750,0.2000,5,6,3,0,0,6,3,0.5000
4,84.0000,5,10,469.7664,-84.4672,-0.6707,38,0.9500,0.2000,5,7,3,0,0,7,3,0.5714
4,84.0000,5,20,92.5983,-71.4653,1.3130,40,1.0000,0.0000,4,5,1,0,0,5,1,0.8000
4,84.0000,5,24,851.6208,-88.3098,-0.4473,10,0.2500,1.0000,8,7,6,0,0,7,6,0.1429
4,84.0000,6,0,777.5070,-88.2087,-0.4138,11,0.2750,0.4000,5,8,8,0,0,8,8,0.0000
4,84.0000,6,2,719.3336,-87.4376,-0.2780,24,0.6000,0.9634,82,7,5,38,38,45,43,0.0444
4,84.0000,6,9,918.5585,-87.9055,0.4462,6,0.1500,1.0000,8,7,6,0,0,7,6,0.1429
4,84.0000,6,11,667.1432,-87.7331,0.0691,14,0.3500,0.7500,8,6,3,2,1,8,4,0.5000
4,84.0000,6,12,348.5072,-81.1988,-0.2776,38,0.9500,0.0000,4,4,0,0,0,4,0,1.0000
4,84.0000,6,13,873.0528,-88.5667,-0.1423,14,0.3500,0.7500,8,8,7,0,0,8,7,0.1250
4,84.0000,6,15,451.6612,-84.1578,0.3779,37,0.9250,0.2857,7,7,5,0,0,7,5,0.2857
4,84.0000,6,16,857.4289,-88.2852,0.4590,7,0.1750,0.8571,7,7,6,0,0,7,6,0.1429
4,84.0000,6,17,995.2705,-88.7090,0.2683,5,0.1250,1.0000,8,6,6,0,0,6,6,0.0000
4,84.0000,6,18,892.8280,-88.8940,-0.0422,7,0.1750,1.0000,8,8,8,0,0,8,8,0.0000
4,84.0000,6,19,843.2531,-88.9730,0.2130,8,0.2000,1.0000,8,8,7,0,0,8,7,0.1250
4,84.0000,6,21,1007.6833,-89.3291,-0.2791,3,0.0750,1.0000,6,6,6,0,0,6,6,0.0000
4,84.0000,6,22,307.0242,-81.4027,0.4536,40,1.0000,0.2000,5,5,1,0,0,5,1,0.8000
4,84.0000,6,23,621.0605,-87.4067,0.3181,19,0.4750,0.5000,6,6,4,33,32,39,36,0.0769
4,84.0000,7,1,487.6525,-85.2477,-0.6543,31,0.7750,0.0000,4,5,1,0,0,5,1,0.8000
4,84.0000,7,3,561.6672,-86.7724,-0.3556,22,0.5500,0.6667,9,7,3,2,2,9,5,0.4444
4,84.0000,7,4,453.3176,-84.8956,0.0793,31,0.7750,0.7143,7,5,1,0,0,5,1,0.8000
4,84.0000,7,9,949.0015,-88.4280,0.0558,7,0.1750,1.0000,8,4,4,0,0,4,4,0.0000
4,84.0000,7,11,966.8197,-88.7542,-0.1294,3,0.0750,0.6667,6,8,8,0,0,8,8,0.0000
4,84.0000,7,16,879.0464,-87.9701,-0.1237,11,0.2750,1.0000,8,8,8,0,0,8,8,0.0000
4,84.0000,7,17,804.8109,-88.3645,0.0090,8,0.2000,0.8750,8,8,7,0,0,8,7,0.1250
4,84.0000,7,18,863.6619,-88.6179,0.1937,9,0.2250,1.0000,8,7,6,0,0,7,6,0.1429
4,84.0000,7,21,668.3244,-87.5468,0.5259,17,0.4250,0.8750,8,5,2,0,0,5,2,0.6000
4,84.0000,7,24,610.9030,-87.3619,-0.1722,27,0.6750,0.5714,7,6,4,0,0,6,4,0.3333
4,84.0000,7,25,308.6715,-81.8736,-0.4897,38,0.9500,0.2000,5,4,0,0,0,4,0,1.0000
4,84.0000,8,1,685.3959,-87.3381,-0.0720,20,0.5000,1.0000,8,8,6,0,0,8,6,0.2500
4,84.0000,8,5,432.2992,-84.9831,0.1680,36,0.9000,0.3333,6,4,0,0,0,4,0,1.0000
4,84.0000,8,10,613.2439,-86.9011,-0.1430,23,0.5750,0.4000,5,8,6,0,0,8,6,0.2500
4,84.0000,8,14,846.8343,-88.7405,0.1524,12,0.3000,1.0000,8,8,8,0,0,8,8,0.0000
4,84.0000,8,20,503.4704,-86.0991,0.0626,32,0.8000,0.0000,4,5,2,0,0,5,2,0.6000
4,84.0000,8,24,723.9350,-88.5160,0.0286,10,0.2500,0.7500,8,8,8,0,0,8,8,0.0000
4,84.0000,9,0,220.0536,-80.1815,1.2473,37,0.9250,0.0000,4,4,0,0,0,4,0,1.0000
4,84.0000,9,2,290.2303,-83.2622,0.2683,35,0.8750,0.0000,4,4,0,0,0,4,0,1.0000
4,84.0000,9,3,799.6687,-88.4768,-0.1565,13,0.3250,1.0000,8,7,6,0,0,7,6,0.1429
4,84.0000,9,4,638.5132,-87.9530,0.4724,22,0.5500,0.4000,5,5,2,0,0,5,2,0.6000
4,84.0000,9,6,918.5585,-88.5469,0.5249,3,0.0750,1.0000,8,7,6,0,0,7,6,0.1429
4,84.0000,9,7,949.0015,-88.9674,0.0270,7,0.1750,1.0000,8,8,7,0,0,8,7,0.1250
4,84.0000,9,11,342.6046,-82.3544,1.0398,32,0.8000,0.0000,4,5,1,0,0,5,1,0.8000
4,84.0000,9,12,1030.6783,-88.9231,0.2762,3,0.0750,1.0000,4,8,8,0,0,8,8,0.0000
4,84.0000,9,13,918.6954,-87.9821,-0.0398,11,0.2750,0.8571,7,8,8,0,0,8,8,0.0000
4,84.0000,9,15,881.7542,-88.4456,0.9073,10,0.2500,1.0000,8,8,8,0,0,8,8,0.0000
4,84.0000,9,16,433.7760,-85.1936,0.7747,29,0.7250,0.6667,6,4,0,0,0,4,0,1.0000
4,84.0000,9,17,490.8398,-85.5802,0.4380,25,0.6250,0.6667,6,6,4,0,0,6,4,0.3333
4,84.0000,9,18,439.7131,-84.0830,0.0347,32,0.8000,0.0000,4,6,4,0,0,6,4,0.3333
4,84.0000,9,19,779.2422,-87.9616,-0.7798,10,0.2500,0.8571,7,8,5,35,32,43,37,0.1395
4,84.0000,9,21,667.5672,-86.9306,0.4639,20,0.5000,0.8750,8,7,3,0,0,7,3,0.5714
4,84.0000,9,22,982.3095,-88.1397,1.0011,3,0.0750,1.0000,8,6,6,0,0,6,6,0.0000
4,84.0000,9,23,838.8380,-88.3202,-0.8524,6,0.1500,1.0000,8,6,2,0,0,6,2,0.6667
4,84.0000,10,1,668.7846,-87.0349,0.0062,22,0.5500,0.9655,87,7,5,32,31,39,36,0.0769
4,84.0000,10,5,469.7664,-84.2411,0.0459,37,0.9250,0.0000,4,5,2,0,0,5,2,0.6000
4,84.0000,10,7,1092.6418,-89.0194,-1.5472,3,0.0750,1.0000,6,8,8,0,0,8,8,0.0000
4,84.0000,10,8,613.2439,-87.2002,0.2400,22,0.5500,0.7750,80,7,5,77,63,84,68,0.1905
4,84.0000,10,20,518.2180,-85.8468,0.0327,31,0.7750,0.7143,7,5,2,0,0,5,2,0.6000
4,84.0000,10,24,604.4442,-86.0521,-0.1289,23,0.5750,0.5000,6,8,7,0,0,8,7,0.1250
4,84.0000,10,25,987.0651,-88.4535,-0.5054,13,0.3250,0.9783,46,6,6,2,2,8,8,0.0000
4,84.0000,11,0,372.1175,-83.0118,-0.5563,38,0.9500,0.0000,4,4,0,29,18,33,18,0.4545
4,84.0000,11,2,383.5355,-83.3996,-0.2274,38,0.9500,0.5484,31,4,0,3,2,7,2,0.7143
4,84.0000,11,3,759.7354,-87.1213,-0.5230,16,0.4000,0.5714,7,8,7,0,0,8,7,0.1250
4,84.0000,11,4,589.5289,-86.3394,-0.0219,30,0.7500,0.6667,6,8,8,0,0,8,8,0.0000
4,84.0000,11,6,667.1432,-88.7436,-0.0670,15,0.3750,0.8571,7,7,4,0,0,7,4,0.4286
4,84.0000,11,9,342.6046,-83.7020,-0.1552,40,1.0000,0.3333,6,4,0,26,10,30,10,0.6667
4,84.0000,11,12,846.2020,-88.3290,-0.0772,14,0.3500,0.8750,8,8,8,0,0,8,8,0.0000
4,84.0000,11,13,984.9589,-89.3137,-0.3548,4,0.1000,1.0000,8,8,8,0,0,8,8,0.0000
4,84.0000,11,14,911.8982,-89.1976,-0.2305,7,0.1750,1.0000,8,8,8,0,0,8,8,0.0000
4,84.0000,11,15,787.4769,-87.8865,0.0782,14,0.3500,0.9375,16,8,7,0,0,8,7,0.1250
4,84.0000,11,16,394.4644,-83.4233,0.0662,36,0.9000,0.0000,4,4,0,0,0,4,0,1.0000
4,84.0000,11,17,510.3268,-85.0125,-0.3611,36,0.9000,0.5000,6,6,3,2,2,8,5,0.3750
4,84.0000,11,18,423.3879,-82.9399,-0.3448,37,0.9250,0.0000,4,4,0,0,0,4,0,1.0000
4,84.0000,11,21,537.4156,-84.8702,-0.0097,33,0.8250,0.4000,5,6,3,0,0,6,3,0.5000
4,84.0000,11,22,822.7029,-88.9295,-0.2003,12,0.3000,0.9778,45,8,8,0,0,8,8,0.0000
4,84.0000,11,23,544.8920,-86.3532,0.4717,31,0.7750,0.5000,6,5,2,0,0,5,2,0.6000
4,84.0000,12,0,862.4514,-88.5306,0.1290,11,0.2750,1.0000,8,8,7,0,0,8,7,0.1250
4,84.0000,12,2,784.4269,-87.5035,-0.4431,18,0.4500,0.4000,5,10,10,0,0,10,10,0.0000
4,84.0000,12,6,348.5072,-81.0866,-0.5445,37,0.9250,0.2000,5,5,2,0,0,5,2,0.6000
4,84.0000,12,11,846.2020,-88.6310,0.0572,12,0.3000,1.0000,8,8,8,0,0,8,8,0.0000
4,84.0000,12,13,714.8324,-87.6493,-0.1275,24,0.6000,0.5000,6,7,4,0,0,7,4,0.4286
4,84.0000,12,15,496.6784,-85.7946,0.0120,28,0.7000,0.4000,5,4,0,0,0,4,0,1.0000
4,84.0000,12,19,848.3688,-88.2026,0.0697,10,0.2500,0.7143,7,7,6,0,0,7,6,0.1429
4,84.0000,12,22,337.2621,-82.0863,-0.0327,38,0.9500,0.2000,5,6,2,0,0,6,2,0.6667
4,84.0000,13,0,711.4247,-86.9632,0.3231,15,0.3750,0.7778,9,8,8,0,0,8,8,0.0000
4,84.0000,13,2,647.1307,-85.7925,0.3359,22,0.5500,0.5000,6,6,3,0,0,6,3,0.5000
4,84.0000,13,6,873.0528,-88.2379,-0.5939,13,0.3250,1.0000,8,8,8,0,0,8,8,0.0000
4,84.0000,13,9,918.6954,-88.4060,0.1956,6,0.1500,1.0000,6,8,8,0,0,8,8,0.0000
4,84.0000,13,11,984.9589,-88.5273,-0.3712,6,0.1500,0.8750,8,8,8,0,0,8,8,0.0000
4,84.0000,13,12,714.8324,-87.1657,0.7788,21,0.5250,0.7143,7,8,8,0,0,8,8,0.0000
4,84.0000,13,15,543.3270,-85.1761,0.0941,33,0.8250,0.6000,5,8,4,0,0,8,4,0.5000
4,84.0000,13,16,1112.3432,-89.1961,1.0640,3,0.0750,1.0000,2,6,6,0,0,6,6,0.0000
4,84.0000,13,18,1130.0352,-88.8132,-1.1147,3,0.0750,1.0000,8,8,8,0,0,8,8,0.0000
4,84.0000,13,19,403.4317,-83.2909,-0.7888,34,0.8500,0.0000,4,4,0,0,0,4,0,1.0000
4,84.0000,13,22,660.7582,-86.5177,-0.3158,25,0.6250,0.4000,5,7,6,0,0,7,6,0.1429
4,84.0000,14,1,952.1162,-89.1354,-0.3355,7,0.1750,1.0000,8,8,8,0,0,8,8,0.0000
4,84.0000,14,3,782.7589,-87.9918,-0.1239,8,0.2000,1.0000,8,8,8,0,0,8,8,0.0000
4,84.0000,14,4,760.5474,-88.3008,0.7363,13,0.3250,0.8889,9,5,4,0,0,5,4,0.2000
4,84.0000,14,8,846.8343,-88.3076,0.6494,10,0.2500,1.0000,8,8,8,0,0,8,8,0.0000
4,84.0000,14,11,911.8982,-88.7180,0.0179,4,0.1000,1.0000,8,8,8,0,0,8,8,0.0000
4,84.0000,14,16,911.3658,-88.7530,0.2657,5,0.1250,1.0000,8,7,6,0,0,7,6,0.1429
4,84.0000,14,18,927.7468,-88.3818,0.5004,7,0.1750,1.0000,8,8,8,0,0,8,8,0.0000
4,84.0000,14,21,638.3596,-87.0355,0.2785,17,0.4250,0.5000,6,7,6,0,0,7,6,0.1429
4,84.0000,14,23,543.2639,-86.2143,-0.3880,28,0.7000,0.7143,7,4,0,0,0,4,0,1.0000
4,84.0000,15,0,676.9682,-86.3254,-0.5598,22,0.5500,0.7143,7,8,7,0,0,8,7,0.1250
4,84.0000,15,2,617.3367,-85.9053,-1.3960,23,0.5750,0.7143,7,8,8,0,0,8,8,0.0000
4,84.0000,15,6,451.6612,-85.1674,-0.1469,33,0.8250,0.3333,6,6,3,0,0,6,3,0.5000
4,84.0000,15,9,881.7542,-88.6484,-0.3309,7,0.1750,1.0000,8,6,6,0,0,6,6,0.0000
4,84.0000,15,11,787.4769,-88.8908,-0.1272,14,0.3500,1.0000,8,8,7,0,0,8,7,0.1250
4,84.0000,15,12,496.6784,-86.2017,0.5261,28,0.7000,0.8571,7,5,1,0,0,5,1,0.8000
4,84.0000,15,13,543.3270,-86.4680,-0.1305,31,0.7750,0.4000,5,6,3,0,0,6,3,0.5000
4,84.0000,15,16,858.0029,-88.5968,-0.5403,6,0.1500,0.2000,5,8,8,0,0,8,8,0.0000
4,84.0000,15,17,978.2630,-89.1308,-0.2143,4,0.1000,1.0000,6,4,4,0,0,4,4,0.0000
4,84.0000,15,18,883.9459,-88.1137,-0.8358,7,0.1750,0.5000,6,8,8,0,0,8,8,0.0000
4,84.0000,15,19,440.6602,-84.7145,0.8463,32,0.8000,0.5000,6,5,2,0,0,5,2,0.6000
4,84.0000,15,21,1125.5543,-88.6984,0.0497,3,0.0750,1.0000,4,4,4,0,0,4,4,0.0000
4,84.0000,15,22,210.6746,-78.8701,1.2882,39,0.9750,0.0000,4,5,2,0,0,5,2,0.6000
4,84.0000,15,23,871.3872,-88.4205,-0.4512,7,0.1750,1.0000,12,8,8,0,0,8,8,0.0000
4,84.0000,16,0,479.4725,-85.3929,0.1916,34,0.8500,0.6667,6,4,0,0,0,4,0,1.0000
4,84.0000,16,2,532.7471,-86.1895,0.1663,26,0.6500,0.5000,6,5,1,0,0,5,1,0.8000
4,84.0000,16,3,487.1960,-83.0163,-0.9882,32,0.8000,0.4000,5,5,2,0,0,5,2,0.6000
4,84.0000,16,4,444.2841,-84.1571,-0.0695,32,0.8000,0.0000,4,5,1,0,0,5,1,0.8000
4,84.0000,16,6,857.4289,-88.5984,0.4199,5,0.1250,0.8571,7,8,8,0,0,8,8,0.0000
4,84.0000,16,7,879.0464,-88.4829,0.1794,10,0.2500,1.0000,8,8,8,0,0,8,8,0.0000
4,84.0000,16,9,433.7760,-85.0088,0.8732,34,0.8500,0.4000,5,4,0,0,0,4,0,1.0000
4,84.0000,16,11,394.4644,-83.5722,0.3620,37,0.9250,0.0000,4,5,2,0,0,5,2,0.6000
4,84.0000,16,14,911.3658,-89.0577,-0.3474,7,0.1750,1.0000,8,8,7,0,0,8,7,0.1250
4,84.0000,16,15,858.0029,-88.5356,-0.2593,6,0.1500,0.8571,7,8,8,0,0,8,8,0.0000
4,84.0000,16,17,139.7573,-69.5555,-1.7240,40,1.0000,0.0000,4,4,0,0,0,4,0,1.0000
4,84.0000,16,18,36.7324,-67.2833,4.4169,39,0.9750,0.2000,5,4,0,0,0,4,0,1.0000
4,84.0000,16,19,849.0415,-87.6954,-0.7193,5,0.1250,1.0000,6,8,6,0,0,8,6,0.2500
4,84.0000,16,21,340.1043,-80.1590,-1.2624,38,0.9500,0.0000,4,5,2,0,0,5,2,0.6000
4,84.0000,16,22,952.3944,-89.3466,0.1334,5,0.1250,1.0000,4,6,6,0,0,6,6,0.0000
4,84.0000,16,23,548.3400,-86.3941,-0.1193,28,0.7000,0.0000,4,4,0,0,0,4,0,1.0000
4,84.0000,17,0,569.5467,-85.9031,0.0580,31,0.7750,0.3333,6,5,1,0,0,5,1,0.8000
4,84.0000,17,1,1010.2266,-89.1711,0.3143,4,0.1000,1.0000,6,4,4,0,0,4,4,0.0000
4,84.0000,17,2,633.5416,-87.0408,0.5637,27,0.6750,0.8571,7,7,4,0,0,7,4,0.4286
4,84.0000,17,3,393.0271,-82.9979,-0.0612,35,0.8750,0.4000,5,5,2,0,0,5,2,0.6000
4,84.0000,17,4,392.5828,-84.7206,0.4680,35,0.8750,0.0000,4,5,1,0,0,5,1,0.8000
4,84.0000,17,6,995.2705,-88.8348,0.5759,6,0.1500,1.0000,8,8,8,0,0,8,8,0.0000
4,84.0000,17,7,804.8109,-88.9495,0.0197,7,0.1750,1.0000,6,7,6,0,0,7,6,0.1429
4,84.0000,17,9,490.8398,-86.4071,0.3514,29,0.7250,0.7143,7,6,3,0,0,6,3,0.5000
4,84.0000,17,11,510.3268,-84.6064,-0.4332,36,0.9000,0.8750,8,5,2,0,0,5,2,0.6000
4,84.0000,17,14,945.8770,-88.1057,0.1833,6,0.1500,1.0000,8,8,8,0,0,8,8,0.0000
4,84.0000,17,15,978.2630,-88.8650,-0.6874,5,0.1250,0.8750,8,4,4,0,0,4,4,0.0000
4,84.0000,17,16,139.7573,-69.7091,-1.9067,40,1.0000,0.0000,4,4,0,0,0,4,0,1.0000
4,84.0000,17,18,104.7947,-70.6266,0.0017,40,1.0000,0.0000,16,3,0,0,0,3,0,1.0000
4,84.0000,17,19,929.7811,-88.8836,0.1072,7,0.1750,1.0000,6,8,8,0,0,8,8,0.0000
4,84.0000,17,21,325.1746,-81.5396,-0.1746,38,0.9500,0.2000,5,4,0,1,0,5,0,1.0000
4,84.0000,17,23,643.9912,-87.1217,-0.0360,23,0.5750,0.8750,8,7,4,0,0,7,4,0.4286
4,84.0000,18,0,493.6990,-84.9521,-0.0560,31,0.7750,0.6667,6,6,2,0,0,6,2,0.6667
4,84.0000,18,2,550.7444,-86.0668,-0.2665,31,0.7750,0.4000,5,7,3,0,0,7,3,0.5714
4,84.0000,18,3,467.9484,-84.6866,0.1950,34,0.8500,0.2000,5,5,1,0,0,5,1,0.8000
4,84.0000,18,4,434.2236,-85.5123,0.4095,28,0.7000,0.6667,6,4,0,0,0,4,0,1.0000
4,84.0000,18,6,892.8280,-88.0207,-0.1829,10,0.2500,1.0000,32,7,6,0,0,7,6,0.1429
4,84.0000,18,7,863.6619,-88.8486,0.6724,6,0.1500,1.0000,8,7,6,0,0,7,6,0.1429
4,84.0000,18,9,439.7131,-84.3454,0.3396,32,0.8000,0.2000,5,4,0,0,0,4,0,1.0000
4,84.0000,18,11,423.3879,-83.6535,0.4421,30,0.7500,0.0000,4,5,1,0,0,5,1,0.8000
4,84.0000,18,12,1130.8608,-88.9561,0.5374,3,0.0750,1.0000,4,4,4,0,0,4,4,0.0000
4,84.0000,18,13,1130.0352,-88.7204,0.0181,6,0.1500,1.0000,8,6,6,0,0,6,6,0.0000
4,84.0000,18,14,927.7468,-88.9544,0.1340,3,0.0750,1.0000,8,7,5,0,0,7,5,0.2857
4,84.0000,18,15,883.9459,-88.4697,-0.2556,14,0.3500,1.0000,8,8,8,0,0,8,8,0.0000
4,84.0000,18,16,36.7324,-67.3746,4.4914,37,0.9250,0.0000,4,4,0,0,0,4,0,1.0000
4,84.0000,18,17,104.7947,-70.4512,0.3468,37,0.9250,0.0000,4,4,0,0,0,4,0,1.0000
4,84.0000,18,19,860.2716,-88.9132,0.0501,8,0.2000,0.8750,8,10,10,0,0,10,10,0.0000
4,84.0000,18,21,340.2681,-82.8909,-0.0827,33,0.8250,0.0000,3,6,3,0,0,6,3,0.5000
4,84.0000,18,22,983.0118,-88.8140,0.2036,3,0.0750,1.0000,8,6,6,0,0,6,6,0.0000
4,84.0000,18,23,577.7934,-86.4751,0.4940,30,0.7500,0.6667,6,6,3,0,0,6,3,0.5000
4,84.0000,19,0,574.4433,-87.4302,0.3797,22,0.5500,0.8571,7,4,0,0,0,4,0,1.0000
4,84.0000,19,2,541.8803,-86.4642,0.0754,17,0.4250,0.6250,8,5,1,0,0,5,1,0.8000
4,84.0000,19,6,843.2531,-88.0341,0.3025,9,0.2250,1.0000,8,7,6,0,0,7,6,0.1429
4,84.0000,19,9,779.2422,-88.4719,0.0115,16,0.4000,1.0000,8,8,7,0,0,8,7,0.1250
4,84.0000,19,11,865.9079,-88.6603,0.0797,5,0.1250,1.0000,8,6,4,0,0,6,4,0.3333
4,84.0000,19,12,848.3688,-88.4101,-0.1791,10,0.2500,1.0000,8,7,5,0,0,7,5,0.2857
4,84.0000,19,13,403.4317,-84.0201,0.3230,31,0.7750,0.5000,6,6,2,2,1,8,3,0.6250
4,84.0000,19,15,440.6602,-84.6177,0.2505,29,0.7250,0.2000,5,3,0,0,0,3,0,1.0000
4,84.0000,19,16,849.0415,-89.0855,-0.0393,8,0.2000,1.0000,8,8,7,0,0,8,7,0.1250
4,84.0000,19,17,929.7811,-88.7105,0.9439,4,0.1000,1.0000,8,4,4,0,0,4,4,0.0000
4,84.0000,19,18,860.2716,-88.0674,0.4538,8,0.2000,1.0000,6,8,8,0,0,8,8,0.0000
4,84.0000,19,22,643.7160,-87.1507,-0.1786,18,0.4500,0.7778,9,6,3,0,0,6,3,0.5000
4,84.0000,20,1,913.8754,-88.8206,-0.1620,6,0.1500,1.0000,8,8,8,0,0,8,8,0.0000
4,84.0000,20,5,92.5983,-70.9424,0.5810,40,1.0000,0.0000,4,4,0,39,1,43,1,0.9767
4,84.0000,20,8,503.4704,-85.6237,-0.4243,29,0.7250,0.4000,5,6,2,0,0,6,2,0.6667
4,84.0000,20,10,518.2180,-85.6996,-0.1165,35,0.8750,0.8721,86,6,3,4,3,10,6,0.4000
4,84.0000,20,24,938.8908,-89.1271,0.2547,7,0.1750,1.0000,8,7,6,0,0,7,6,0.1429
4,84.0000,21,0,770.8628,-87.3509,-0.1010,21,0.5250,0.8571,7,7,6,0,0,7,6,0.1429
4,84.0000,21,1,806.7283,-88.5031,0.3575,16,0.4000,1.0000,8,7,6,0,0,7,6,0.1429
4,84.0000,21,2,820.1540,-88.2912,-0.0573,19,0.4750,1.0000,8,8,7,0,0,8,7,0.1250
4,84.0000,21,3,261.4377,-80.0126,0.3451,39,0.9750,0.0000,4,4,0,0,0,4,0,1.0000
4,84.0000,21,4,231.9208,-80.2262,0.6602,35,0.8750,0.2000,5,5,1,0,0,5,1,0.8000
4,84.0000,21,6,1007.6833,-88.4058,-1.4375,3,0.0750,1.0000,8,8,8,0,0,8,8,0.0000
4,84.0000,21,7,668.3244,-87.7295,0.5174,22,0.5500,0.8571,7,5,2,0,0,5,2,0.6000
4,84.0000,21,9,667.5672,-87.4714,-0.1010,19,0.4750,0.8571,7,9,7,24,24,33,31,0.0606
4,84.0000,21,11,537.4156,-85.1196,-0.2684,36,0.9000,0.0000,4,7,6,0,0,7,6,0.1429
4,84.0000,21,14,638.3596,-87.5679,0.3798,21,0.5250,0.7143,7,5,2,0,0,5,2,0.6000
4,84.0000,21,15,1125.5543,-89.5671,-0.1233,3,0.0750,1.0000,58,8,8,0,0,8,8,0.0000
4,84.0000,21,16,340.1043,-79.8175,-1.2541,40,1.0000,0.4000,5,4,0,0,0,4,0,1.0000
4,84.0000,21,17,325.1746,-81.4775,-0.8891,38,0.9500,0.5333,30,4,0,8,7,12,7,0.4167
4,84.0000,21,18,340.2681,-82.6766,0.1486,39,0.9750,0.4000,5,4,0,0,0,4,0,1.0000
4,84.0000,21,23,494.4194,-83.8595,-0.7119,35,0.8750,0.0000,4,6,4,0,0,6,4,0.3333
4,84.0000,21,24,922.1718,-88.5836,0.5446,4,0.1000,1.0000,4,8,7,0,0,8,7,0.1250
4,84.0000,21,25,917.6630,-87.9871,1.5609,3,0.0750,0.8750,8,8,8,0,0,8,8,0.0000
4,84.0000,22,0,791.9130,-88.3201,-0.1403,14,0.3500,0.5000,6,8,7,0,0,8,7,0.1250
4,84.0000,22,2,725.3499,-87.9295,-0.0039,17,0.4250,0.7500,8,8,8,0,0,8,8,0.0000
4,84.0000,22,6,307.0242,-81.6937,0.0797,36,0.9000,0.3333,6,4,0,0,0,4,0,1.0000
4,84.0000,22,9,982.3095,-88.8855,-0.5842,3,0.0750,1.0000,6,8,8,0,0,8,8,0.0000
4,84.0000,22,11,822.7029,-89.1843,0.2103,7,0.1750,1.0000,8,7,6,0,0,7,6,0.1429
4,84.0000,22,12,337.2621,-82.4541,0.6793,37,0.9250,0.0000,4,4,0,0,0,4,0,1.0000
4,84.0000,22,13,660.7582,-86.3270,-0.3521,26,0.6500,0.5714,7,8,8,0,0,8,8,0.0000
4,84.0000,22,15,210.6746,-79.7216,0.9960,39,0.9750,0.0000,4,4,0,0,0,4,0,1.0000
4,84.0000,22,16,952.3944,-88.9840,0.6211,3,0.0750,1.0000,8,8,8,0,0,8,8,0.0000
4,84.0000,22,17,1083.0654,-88.6804,-0.6308,5,0.1250,1.0000,2,8,8,0,0,8,8,0.0000
4,84.0000,22,18,983.0118,-89.0159,0.0674,3,0.0750,0.8333,6,6,6,0,0,6,6,0.0000
4,84.0000,22,19,643.7160,-87.7429,0.2766,28,0.7000,0.6000,10,6,4,0,0,6,4,0.3333
4,84.0000,23,0,827.3945,-88.7780,0.1200,13,0.3250,0.6667,6,8,8,0,0,8,8,0.0000
4,84.0000,23,2,829.3815,-88.1127,-0.3605,15,0.3750,0.8571,7,6,4,0,0,6,4,0.3333
4,84.0000,23,3,733.7670,-87.4130,0.2475,16,0.4000,0.6667,6,8,7,0,0,8,7,0.1250
4,84.0000,23,4,698.4895,-88.0856,-0.3399,20,0.5000,0.8750,8,7,4,0,0,7,4,0.4286
4,84.0000,23,6,621.0605,-87.4721,0.4279,24,0.6000,0.6667,6,6,3,0,0,6,3,0.5000
4,84.0000,23,9,838.8380,-88.6329,0.5026,5,0.1250,0.8000,5,7,5,0,0,7,5,0.2857
4,84.0000,23,11,544.8920,-86.4147,0.0105,23,0.5750,0.6667,6,6,3,0,0,6,3,0.5000
4,84.0000,23,12,951.8369,-88.5661,-0.2060,6,0.1500,0.8750,8,7,6,0,0,7,6,0.1429
4,84.0000,23,14,543.2639,-85.9090,0.1576,26,0.6500,0.5000,6,4,0,0,0,4,0,1.0000
4,84.0000,23,15,871.3872,-88.4550,0.1400,8,0.2000,1.0000,8,4,4,0,0,4,4,0.0000
4,84.0000,23,16,548.3400,-86.2093,-0.0472,26,0.6500,0.2000,5,6,3,0,0,6,3,0.5000
4,84.0000,23,17,643.9912,-86.6066,-0.3618,26,0.6500,0.8571,7,8,7,7,6,15,13,0.1333
4,84.0000,23,18,577.7934,-86.4163,-0.1405,22,0.5500,0.6667,6,5,2,0,0,5,2,0.6000
4,84.0000,23,21,494.4194,-84.8102,-0.1746,35,0.8750,0.4000,5,6,4,0,0,6,4,0.3333
4,84.0000,23,22,846.1272,-89.3354,-0.1819,9,0.2250,1.0000,6,6,6,0,0,6,6,0.0000
4,84.0000,24,1,166.9306,-77.8067,1.5196,39,0.9512,0.3333,6,4,0,0,0,4,0,1.0000
4,84.0000,24,3,716.6997,-88.3150,0.2247,10,0.2439,1.0000,6,7,5,0,0,7,5,0.2857
4,84.0000,24,4,820.7410,-88.3791,-0.3382,6,0.1463,1.0000,8,7,6,0,0,7,6,0.1429
4,84.0000,24,5,851.6208,-88.7014,-0.0041,15,0.3659,0.8571,7,6,6,0,0,6,6,0.0000
4,84.0000,24,7,610.9030,-86.8950,0.2874,16,0.3902,0.8750,8,7,4,0,0,7,4,0.4286
4,84.0000,24,8,723.9350,-87.8174,0.3483,10,0.2439,0.8750,8,6,3,0,0,6,3,0.5000
4,84.0000,24,10,604.4442,-86.1466,-0.1048,24,0.5854,0.2000,5,6,4,0,0,6,4,0.3333
4,84.0000,24,20,938.8908,-89.2317,0.0209,5,0.1220,1.0000,8,8,7,0,0,8,7,0.1250
4,84.0000,24,25,526.0135,-85.5763,-0.4737,30,0.7317,0.0000,4,5,2,0,0,5,2,0.6000
4,84.0000,25,1,478.8829,-84.7015,0.2832,23,0.5750,0.2000,5,6,3,0,0,6,3,0.5000
4,84.0000,25,3,743.8252,-88.3230,0.6040,5,0.1250,0.8571,7,7,5,0,0,7,5,0.2857
4,84.0000,25,4,713.2896,-87.6274,-0.1499,11,0.2750,0.8571,7,10,10,0,0,10,10,0.0000
4,84.0000,25,5,1174.7330,-89.2493,0.1354,5,0.1250,1.0000,4,4,4,0,0,4,4,0.0000
4,84.0000,25,7,308.6715,-81.0627,0.5901,34,0.8500,0.6000,5,6,1,0,0,6,1,0.8333
4,84.0000,25,10,987.0651,-88.5139,-0.5128,8,0.2000,1.0000,8,6,6,0,0,6,6,0.0000
4,84.0000,25,21,917.6630,-88.9240,0.7793,3,0.0750,1.0000,8,7,5,0,0,7,5,0.2857
4,84.0000,25,24,526.0135,-84.3770,0.1098,21,0.5250,0.3333,6,5,1,0,0,5,1,0.8000
4,88.0000,0,2,119.2732,-70.0842,-0.9296,38,0.9500,0.0000,4,4,0,0,0,4,0,1.0000
4,88.0000,0,3,1032.5695,-89.0576,-0.1877,8,0.2000,1.0000,8,8,8,0,0,8,8,0.0000
4,88.0000,0,4,723.5501,-88.2078,0.1364,17,0.4250,0.8571,7,7,5,0,0,7,5,0.2857
4,88.0000,0,6,860.5842,-88.4936,-0.0180,9,0.2250,0.8571,7,8,7,0,0,8,7,0.1250
4,88.0000,0,9,254.0779,-78.8446,-1.3094,39,0.9750,0.2000,5,5,1,0,0,5,1,0.8000
4,88.0000,0,11,438.7977,-84.2441,-0.6628,34,0.8500,0.3333,6,6,3,0,0,6,3,0.5000
4,88.0000,0,12,1014.3237,-88.4221,-0.1359,6,0.1500,1.0000,8,8,8,0,0,8,8,0.0000
4,88.0000,0,13,798.6682,-87.8958,0.1823,14,0.3500,0.7143,7,7,6,0,0,7,6,0.1429
4,88.0000,0,15,850.3547,-87.8393,-0.3826,19,0.4750,0.7143,7,7,5,0,0,7,5,0.2857
4,88.0000,0,16,447.3619,-85.1227,0.0803,32,0.8000,0.5000,6,6,3,0,0,6,3,0.5000
4,88.0000,0,17,601.3479,-86.5131,0.0494,29,0.7250,0.8571,7,7,4,0,0,7,4,0.4286
4,88.0000,0,18,582.0665,-85.7338,0.1041,30,0.7500,0.6667,6,7,5,0,0,7,5,0.2857
4,88.0000,0,19,566.3957,-86.3925,-0.1680,31,0.7750,0.7037,27,5,4,8,7,13,11,0.1538
4,88.0000,0,21,833.2475,-88.4375,0.2388,12,0.3000,1.0000,8,7,6,0,0,7,6,0.1429
4,88.0000,0,22,869.4896,-88.6983,-0.4318,11,0.2750,0.4000,5,8,8,0,0,8,8,0.0000
4,88.0000,0,23,907.5556,-88.4938,-0.0042,9,0.2250,1.0000,8,8,8,0,0,8,8,0.0000
4,88.0000,1,3,600.9490,-87.1338,0.5510,23,0.5750,0.7500,16,8,7,19,17,27,24,0.1111
4,88.0000,1,4,850.9178,-88.0248,0.2733,10,0.2500,1.0000,8,8,8,0,0,8,8,0.0000
4,88.0000,1,5,820.3167,-87.8877,-0.1435,15,0.3750,0.8750,8,8,8,0,0,8,8,0.0000
4,88.0000,1,7,504.3392,-85.3344,0.4149,32,0.8000,0.3750,8,4,0,0,0,4,0,1.0000
4,88.0000,1,8,574.4279,-87.4874,0.1854,24,0.6000,0.8571,7,5,1,0,0,5,1,0.8000
4,88.0000,1,10,679.1816,-87.6812,-0.1208,22,0.5500,0.6667,6,7,6,0,0,7,6,0.1429
4,88.0000,1,14,988.5192,-89.3361,0.2594,6,0.1500,1.0000,8,8,8,0,0,8,8,0.0000
4,88.0000,1,20,866.4435,-88.6017,-0.3169,8,0.2000,1.0000,8,6,6,0,0,6,6,0.0000
4,88.0000,1,21,802.5122,-88.2645,-0.4547,11,0.2750,0.8571,7,8,6,0,0,8,6,0.2500
4,88.0000,1,24,128.7146,-72.7408,0.9893,40,1.0000,0.0000,4,4,0,0,0,4,0,1.0000
4,88.0000,1,25,545.3827,-85.5121,-0.1684,31,0.7750,0.6667,6,7,4,12,7,19,11,0.4211
4,88.0000,2,0,119.2732,-70.3741,-1.4062,35,0.8750,0.0000,4,4,0,0,0,4,0,1.0000
4,88.0000,2,4,813.5806,-88.3290,-0.0070,8,0.2000,1.0000,8,8,8,0,0,8,8,0.0000
4,88.0000,2,6,798.9077,-88.2816,-0.1167,14,0.3500,0.7143,7,8,7,0,0,8,7,0.1250
4,88.0000,2,9,317.7593,-80.9665,-0.6450,37,0.9250,0.2000,5,6,2,0,0,6,2,0.6667
4,88.0000,2,11,436.5364,-83.3758,-0.0060,34,0.8500,0.6667,6,7,4,0,0,7,4,0.4286
4,88.0000,2,12,912.8857,-88.1709,0.0627,10,0.2500,1.0000,8,8,8,0,0,8,8,0.0000
4,88.0000,2,13,692.7881,-87.1516,-0.1832,18,0.4500,0.8571,7,7,6,0,0,7,6,0.1429
4,88.0000,2,15,757.7421,-87.4710,-0.2263,22,0.5500,0.0000,4,8,8,0,0,8,8,0.0000
4,88.0000,2,16,504.3466,-85.6773,0.1671,26,0.6500,0.7143,7,6,4,0,0,6,4,0.3333
4,88.0000,2,17,698.4329,-87.5050,-0.3016,20,0.5000,0.9167,12,7,5,4,2,11,7,0.3636
4,88.0000,2,18,661.2073,-86.7855,-0.0500,22,0.5500,0.5000,6,7,6,0,0,7,6,0.1429
4,88.0000,2,19,494.6047,-85.4670,0.1961,28,0.7000,0.5000,8,7,6,0,0,7,6,0.1429
4,88.0000,2,21,915.5354,-88.3750,0.1796,9,0.2250,0.8750,8,8,8,6,6,14,14,0.0000
4,88.0000,2,22,786.0280,-87.6027,0.6586,12,0.3000,1.0000,8,8,8,0,0,8,8,0.0000
4,88.0000,2,23,910.1443,-87.6174,-0.7102,5,0.1250,1.0000,8,8,8,0,0,8,8,0.0000
4,88.0000,3,1,600.9490,-87.0921,0.0268,31,0.7750,0.4000,5,8,6,0,0,8,6,0.2500
4,88.0000,3,2,1125.1712,-89.0310,0.1799,4,0.1000,1.0000,6,6,6,0,0,6,6,0.0000
4,88.0000,3,4,360.5348,-80.5694,-1.3435,36,0.9000,0.2000,5,7,5,0,0,7,5,0.2857
4,88.0000,3,7,508.2770,-86.1125,0.5453,29,0.7250,0.0000,4,6,2,0,0,6,2,0.6667
4,88.0000,3,8,861.0106,-88.0520,0.3362,5,0.1250,1.0000,6,5,4,0,0,5,4,0.2000
4,88.0000,3,9,858.6319,-88.3058,-0.3928,12,0.3000,0.8571,7,8,7,0,0,8,7,0.1250
4,88.0000,3,11,919.3113,-87.9206,-0.9619,15,0.3750,0.8571,7,6,6,0,0,6,6,0.0000
4,88.0000,3,14,681.5806,-87.9213,0.0168,14,0.3500,1.0000,8,7,6,0,0,7,6,0.1429
4,88.0000,3,16,683.5319,-86.7243,-0.8680,26,0.6500,0.8750,8,7,5,0,0,7,5,0.2857
4,88.0000,3,17,471.6177,-84.5692,0.5957,34,0.8500,0.0000,4,5,1,0,0,5,1,0.8000
4,88.0000,3,18,486.9866,-85.2029,-0.2874,30,0.7500,0.0000,4,6,3,0,0,6,3,0.5000
4,88.0000,3,21,247.6400,-80.2053,0.5246,39,0.9750,0.2000,5,5,2,0,0,5,2,0.6000
4,88.0000,3,23,850.0815,-87.8061,0.2383,11,0.2750,0.8571,7,8,8,0,0,8,8,0.0000
4,88.0000,3,24,535.7341,-87.2580,0.9283,24,0.6000,0.6667,6,6,2,0,0,6,2,0.6667
4,88.0000,3,25,674.9768,-87.1234,-0.3266,24,0.6000,0.7143,7,8,6,0,0,8,6,0.2500
4,88.0000,4,0,723.5501,-88.1123,-0.1725,15,0.3750,0.7500,8,7,6,0,0,7,6,0.1429
4,88.0000,4,1,850.9178,-88.7553,-0.0896,16,0.4000,0.7143,7,8,7,0,0,8,7,0.1250
4,88.0000,4,2,813.5806,-89.0196,0.0127,11,0.2750,0.7778,9,4,2,0,0,4,2,0.5000
4,88.0000,4,3,360.5348,-80.5495,-0.7948,40,1.0000,0.0000,4,4,0,0,0,4,0,1.0000
4,88.0000,4,7,512.0862,-84.8312,-0.0601,36,0.9000,0.6667,6,5,2,0,0,5,2,0.6000
4,88.0000,4,9,519.6217,-86.4295,0.4865,25,0.6250,0.4000,5,4,0,0,0,4,0,1.0000
4,88.0000,4,11,598.3810,-86.5383,0.3610,27,0.6750,0.2000,5,8,6,0,0,8,6,0.2500
4,88.0000,4,14,673.3267,-87.8185,0.1058,22,0.5500,0.2000,5,5,1,0,0,5,1,0.8000
4,88.0000,4,16,455.1974,-84.3726,-0.1179,34,0.8500,0.4000,5,5,1,0,0,5,1,0.8000
4,88.0000,4,17,322.2448,-82.8447,0.7650,37,0.9250,0.0000,4,5,1,0,0,5,1,0.8000
4,88.0000,4,18,289.3435,-82.2570,0.9824,34,0.8500,0.0000,4,4,0,0,0,4,0,1.0000
4,88.0000,4,21,177.0491,-76.8457,1.0813,39,0.9750,0.0000,4,4,0,0,0,4,0,1.0000
4,88.0000,4,23,712.0441,-87.4179,0.0145,21,0.5250,0.7143,7,6,4,0,0,6,4,0.3333
4,88.0000,4,24,826.8329,-88.4054,-0.0874,16,0.4000,1.0000,8,8,8,0,0,8,8,0.0000
4,88.0000,4,25,730.8474,-87.4453,-0.0016,17,0.4250,0.7143,7,7,6,0,0,7,6,0.1429
4,88.0000,5,1,820.3167,-88.1360,-0.0567,15,0.3750,0.8333,6,8,8,0,0,8,8,0.0000
4,88.0000,5,7,1121.4437,-89.7793,-0.2135,3,0.0750,1.0000,4,8,8,0,0,8,8,0.0000
4,88.0000,5,8,432.7200,-84.1711,-0.5331,37,0.9250,0.5000,6,5,1,6,6,11,7,0.3636
4,88.0000,5,10,553.5294,-85.7911,-0.0667,34,0.8500,0.4286,7,7,4,37,29,44,33,0.2500
4,88.0000,5,20,88.8911,-68.7544,0.1519,40,1.0000,0.2000,5,4,0,0,0,4,0,1.0000
4,88.0000,5,24,876.3980,-87.8986,0.0715,10,0.2500,0.8571,7,8,8,0,0,8,8,0.0000
4,88.0000,6,0,860.5842,-88.7452,-0.1033,12,0.3000,1.0000,8,8,8,0,0,8,8,0.0000
4,88.0000,6,2,798.9077,-88.0799,0.0300,13,0.3250,0.9556,45,8,7,80,80,88,87,0.0114
4,88.0000,6,9,785.2644,-89.1189,0.0792,7,0.1750,0.8571,7,8,6,0,0,8,6,0.2500
4,88.0000,6,11,546.5476,-87.3745,0.0903,24,0.6000,0.5000,8,5,2,0,0,5,2,0.6000
4,88.0000,6,12,450.6398,-84.7038,-0.6710,37,0.9250,0.0000,4,6,2,0,0,6,2,0.6667
4,88.0000,6,14,970.3560,-89.2097,0.0098,3,0.0750,1.0000,4,8,8,0,0,8,8,0.0000
4,88.0000,6,15,515.4400,-84.8297,-0.3813,33,0.8250,0.7143,7,5,2,0,0,5,2,0.6000
4,88.0000,6,16,750.5305,-87.8102,-0.3083,6,0.1500,0.8571,7,8,8,0,0,8,8,0.0000
4,88.0000,6,17,1042.7155,-89.4236,0.0765,5,0.1250,1.0000,6,6,6,0,0,6,6,0.0000
4,88.0000,6,18,890.7004,-88.8768,-0.1835,7,0.1750,1.0000,8,7,6,0,0,7,6,0.1429
4,88.0000,6,19,776.9572,-88.1310,-0.1538,17,0.4250,0.8750,8,7,6,0,0,7,6,0.1429
4,88.0000,6,22,294.7106,-79.8946,0.3812,34,0.8500,0.2000,5,5,1,0,0,5,1,0.8000
4,88.0000,6,23,492.0229,-85.6777,0.4855,26,0.6500,0.9231,39,5,2,0,0,5,2,0.6000
4,88.0000,7,1,504.3392,-85.5215,-0.1281,34,0.8500,0.2000,5,4,2,0,0,4,2,0.5000
4,88.0000,7,3,508.2770,-85.7915,0.1999,28,0.7000,0.5556,9,6,5,0,0,6,5,0.1667
4,88.0000,7,4,512.0862,-85.9697,0.1096,30,0.7500,0.2000,5,6,3,0,0,6,3,0.5000
4,88.0000,7,5,1121.4437,-88.8921,0.3687,3,0.0750,1.0000,8,6,6,0,0,6,6,0.0000
4,88.0000,7,8,909.9445,-89.4454,-0.4927,4,0.1000,1.0000,6,8,8,0,0,8,8,0.0000
4,88.0000,7,9,948.0353,-88.6661,-0.4552,9,0.2250,1.0000,4,4,4,0,0,4,4,0.0000
4,88.0000,7,11,1047.4690,-89.2122,0.2919,5,0.1250,1.0000,8,4,4,0,0,4,4,0.0000
4,88.0000,7,14,878.5632,-88.5759,-0.5228,4,0.1000,1.0000,4,8,8,0,0,8,8,0.0000
4,88.0000,7,16,961.8448,-88.7843,-0.2719,7,0.1750,1.0000,8,6,6,0,0,6,6,0.0000
4,88.0000,7,17,755.1795,-88.3142,0.0240,12,0.3000,0.8750,8,7,6,0,0,7,6,0.1429
4,88.0000,7,18,787.6257,-88.7359,-0.1742,9,0.2250,0.8571,7,8,8,0,0,8,8,0.0000
4,88.0000,7,21,571.1696,-86.4865,0.0430,22,0.5500,0.4000,5,6,3,0,0,6,3,0.5000
4,88.0000,7,24,554.4315,-87.1355,0.3063,29,0.7250,0.6667,6,6,3,0,0,6,3,0.5000
4,88.0000,7,25,329.7812,-81.4997,0.1805,39,0.9750,0.0000,4,4,0,0,0,4,0,1.0000
4,88.0000,8,1,574.4279,-86.4089,-0.0795,25,0.6250,0.7500,8,8,7,0,0,8,7,0.1250
4,88.0000,8,3,861.0106,-88.9837,0.3163,3,0.0750,1.0000,8,8,8,0,0,8,8,0.0000
4,88.0000,8,5,432.7200,-83.7431,0.4514,39,0.9750,0.0000,4,5,2,0,0,5,2,0.6000
4,88.0000,8,10,621.8088,-86.4088,0.1622,23,0.5750,0.7500,8,7,5,0,0,7,5,0.2857
4,88.0000,8,14,842.0078,-88.8378,-0.5132,6,0.1500,1.0000,8,8,8,0,0,8,8,0.0000
4,88.0000,8,20,511.2978,-85.1632,0.0811,34,0.8500,0.4000,5,7,5,0,0,7,5,0.2857
4,88.0000,8,24,574.3967,-86.9229,0.6313,26,0.6500,1.0000,8,6,3,3,1,9,4,0.5556
4,88.0000,9,0,254.0779,-78.5252,-0.2905,38,0.9500,0.0000,4,5,2,0,0,5,2,0.6000
4,88.0000,9,2,317.7593,-80.7451,-0.5486,35,0.8750,0.0000,4,6,3,0,0,6,3,0.5000
4,88.0000,9,3,858.6319,-88.2756,-0.3816,10,0.2500,0.8571,7,8,7,0,0,8,7,0.1250
4,88.0000,9,4,519.6217,-86.6046,-0.0810,18,0.4500,0.4000,5,4,0,0,0,4,0,1.0000
4,88.0000,9,6,785.2644,-87.7194,0.1020,8,0.2000,0.8571,7,7,5,0,0,7,5,0.2857
4,88.0000,9,11,261.8957,-79.7438,0.7278,32,0.8000,0.2000,5,4,0,0,0,4,0,1.0000
4,88.0000,9,12,1019.0742,-88.8207,0.5063,4,0.1000,1.0000,8,6,6,0,0,6,6,0.0000
4,88.0000,9,13,998.8486,-89.0699,0.4056,5,0.1250,1.0000,8,4,4,0,0,4,4,0.0000
4,88.0000,9,15,925.2637,-88.5954,-0.2529,8,0.2000,1.0000,8,8,8,0,0,8,8,0.0000
4,88.0000,9,16,353.2455,-83.8818,0.0229,33,0.8250,0.0000,4,4,0,0,0,4,0,1.0000
4,88.0000,9,17,501.7472,-85.2990,-0.5072,25,0.6250,0.6667,6,6,4,0,0,6,4,0.3333
4,88.0000,9,18,441.5908,-84.1049,-0.4430,31,0.7750,0.6667,6,5,2,0,0,5,2,0.6000
4,88.0000,9,19,734.9251,-87.2711,0.0734,17,0.4250,0.8605,43,7,5,0,0,7,5,0.2857
4,88.0000,9,21,639.4583,-86.9475,-0.5033,19,0.4750,0.4286,7,6,3,0,0,6,3,0.5000
4,88.0000,9,22,879.3597,-87.8906,0.2982,4,0.1000,1.0000,6,7,6,0,0,7,6,0.1429
4,88.0000,9,23,741.0520,-86.6009,-0.6378,12,0.3000,0.3333,6,7,5,0,0,7,5,0.2857
4,88.0000,10,1,679.1816,-87.9335,0.7493,22,0.5500,0.9231,39,8,6,102,92,110,98,0.1091
4,88.0000,10,5,553.5294,-85.9540,-0.0589,34,0.8500,0.4000,5,7,6,0,0,7,6,0.1429
4,88.0000,10,8,621.8088,-86.8511,-0.2919,22,0.5500,0.8095,84,6,3,70,49,76,52,0.3158
4,88.0000,10,20,534.0322,-86.0618,-0.3294,33,0.8250,0.4000,5,5,2,0,0,5,2,0.6000
4,88.0000,10,24,726.5255,-86.9622,-0.0282,23,0.5750,0.8750,8,8,8,0,0,8,8,0.0000
4,88.0000,11,0,438.7977,-83.9411,-0.7555,34,0.8293,0.5455,33,6,2,7,4,13,6,0.5385
4,88.0000,11,2,436.5364,-83.7529,-0.5966,36,0.8780,0.2857,7,5,1,0,0,5,1,0.8000
4,88.0000,11,3,919.3113,-87.9874,-0.2187,10,0.2439,0.8750,8,8,8,0,0,8,8,0.0000
4,88.0000,11,4,598.3810,-86.7793,0.0647,25,0.6098,1.0000,8,6,3,0,0,6,3,0.5000
4,88.0000,11,6,546.5476,-87.3442,-0.3545,28,0.6829,0.5714,7,5,1,0,0,5,1,0.8000
4,88.0000,11,9,261.8957,-80.9264,1.0666,37,0.9024,0.3333,30,5,1,0,0,5,1,0.8000
4,88.0000,11,12,821.2519,-88.3804,-0.2425,9,0.2195,1.0000,8,8,8,0,0,8,8,0.0000
4,88.0000,11,13,1008.1332,-89.2825,0.0944,8,0.1951,1.0000,8,4,4,0,0,4,4,0.0000
4,88.0000,11,14,851.0528,-88.8517,-0.5687,5,0.1220,1.0000,8,7,6,0,0,7,6,0.1429
4,88.0000,11,15,796.9157,-88.0700,0.1859,18,0.4390,0.8750,8,7,6,36,35,43,41,0.0465
4,88.0000,11,16,402.7168,-83.6837,0.1084,34,0.8293,0.0000,4,6,3,0,0,6,3,0.5000
4,88.0000,11,17,637.5211,-86.2383,-0.3673,29,0.7073,0.6250,8,7,6,0,0,7,6,0.1429
4,88.0000,11,18,513.6556,-84.9195,-0.2746,34,0.8293,0.0000,4,7,5,0,0,7,5,0.2857
4,88.0000,11,19,741.4056,-88.1960,0.2127,15,0.3659,0.7500,8,7,5,33,27,40,32,0.2000
4,88.0000,11,21,674.3046,-86.5671,-0.3618,22,0.5366,0.5000,6,7,5,0,0,7,5,0.2857
4,88.0000,11,22,695.4436,-87.7168,0.1056,20,0.4878,1.0000,8,7,5,0,0,7,5,0.2857
4,88.0000,11,23,546.0294,-86.1106,-0.4890,25,0.6098,0.4000,5,5,2,0,0,5,2,0.6000
4,88.0000,12,0,1014.3237,-88.4397,0.3980,7,0.1795,0.8750,8,8,7,0,0,8,7,0.1250
4,88.0000,12,2,912.8857,-87.9758,-0.7267,8,0.2051,1.0000,10,6,6,0,0,6,6,0.0000
4,88.0000,12,6,450.6398,-83.4593,-0.7523,30,0.7692,0.4000,5,6,4,0,0,6,4,0.3333
4,88.0000,12,11,821.2519,-88.4581,-0.5057,12,0.3077,1.0000,8,8,8,0,0,8,8,0.0000
4,88.0000,12,13,835.6835,-88.2807,-0.2953,17,0.4359,0.5714,7,8,8,0,0,8,8,0.0000
4,88.0000,12,15,482.1549,-85.8294,0.6283,33,0.8462,0.0000,4,4,0,0,0,4,0,1.0000
4,88.0000,12,19,831.0610,-88.2742,0.2591,9,0.2308,0.8571,7,7,6,0,0,7,6,0.1429
4,88.0000,12,22,376.1935,-82.8446,-0.8084,36,0.9231,0.3333,6,6,3,0,0,6,3,0.5000
4,88.0000,12,23,940.7882,-88.7400,-0.1573,6,0.1538,1.0000,8,8,8,0,0,8,8,0.0000
4,88.0000,13,0,798.6682,-87.8097,-0.3546,12,0.3000,1.0000,8,8,8,0,0,8,8,0.0000
4,88.0000,13,2,692.7881,-87.1406,-0.4629,14,0.3500,0.5000,6,8,7,0,0,8,7,0.1250
4,88.0000,13,6,1024.1295,-88.9388,0.0670,4,0.1000,1.0000,8,4,4,0,0,4,4,0.0000
4,88.0000,13,9,998.8486,-89.3373,0.0428,5,0.1250,1.0000,8,6,6,0,0,6,6,0.0000
4,88.0000,13,12,835.6835,-88.5672,0.0378,9,0.2250,1.0000,8,8,7,0,0,8,7,0.1250
4,88.0000,13,15,651.8917,-86.2412,-0.7069,24,0.6000,0.5000,8,7,5,0,0,7,5,0.2857
4,88.0000,13,19,514.0878,-84.9108,-0.2966,32,0.8000,0.0000,4,6,4,0,0,6,4,0.3333
4,88.0000,13,22,823.8162,-88.3638,-0.4240,15,0.3750,0.8571,7,7,6,0,0,7,6,0.1429
4,88.0000,14,1,988.5192,-89.1064,-0.6971,4,0.1000,1.0000,8,6,6,0,0,6,6,0.0000
4,88.0000,14,3,681.5806,-87.2768,-0.0060,10,0.2500,1.0000,8,5,4,0,0,5,4,0.2000
4,88.0000,14,4,673.3267,-87.7219,0.1921,16,0.4000,0.8000,5,6,3,0,0,6,3,0.5000
4,88.0000,14,5,1130.8738,-88.8028,0.0499,4,0.1000,,0,2,2,0,0,2,2,0.0000
4,88.0000,14,6,970.3560,-89.1738,0.0526,3,0.0750,1.0000,6,6,4,0,0,6,4,0.3333
4,88.0000,14,7,878.5632,-88.1226,0.9996,5,0.1250,1.0000,6,7,5,0,0,7,5,0.2857
4,88.0000,14,8,842.0078,-88.6123,0.1051,16,0.4000,1.0000,8,8,7,0,0,8,7,0.1250
4,88.0000,14,11,851.0528,-88.4626,0.5891,7,0.1750,1.0000,8,7,5,0,0,7,5,0.2857
4,88.0000,14,16,860.2853,-88.2183,-0.1525,7,0.1750,0.8571,7,8,7,0,0,8,7,0.1250
4,88.0000,14,17,893.8394,-88.8696,-0.1825,4,0.1000,1.0000,8,8,8,0,0,8,8,0.0000
4,88.0000,14,18,767.0953,-88.7986,0.5941,6,0.1500,1.0000,8,7,6,0,0,7,6,0.1429
4,88.0000,14,21,576.9415,-86.8242,-0.2509,22,0.5500,0.8571,7,6,3,0,0,6,3,0.5000
4,88.0000,14,23,521.6573,-86.1856,-0.2053,24,0.6000,0.0000,4,8,6,0,0,8,6,0.2500
4,88.0000,14,24,965.0488,-88.5750,-0.2393,5,0.1250,1.0000,8,8,7,0,0,8,7,0.1250
4,88.0000,15,0,850.3547,-87.6979,-0.9415,15,0.3750,0.8750,8,8,8,0,0,8,8,0.0000
4,88.0000,15,2,757.7421,-87.8907,-0.3541,15,0.3750,1.0000,8,8,8,0,0,8,8,0.0000
4,88.0000,15,6,515.4400,-84.9989,-0.3134,30,0.7500,0.5000,6,6,3,0,0,6,3,0.5000
4,88.0000,15,9,925.2637,-88.1535,0.1114,3,0.0750,1.0000,6,8,8,0,0,8,8,0.0000
4,88.0000,15,11,796.9157,-87.9666,-0.1961,14,0.3500,0.8750,8,6,4,0,0,6,4,0.3333
4,88.0000,15,12,482.1549,-85.9742,-0.2255,31,0.7750,0.2000,5,6,3,0,0,6,3,0.5000
4,88.0000,15,13,651.8917,-86.9054,-0.2187,31,0.7750,0.5000,6,8,6,0,0,8,6,0.2500
4,88.0000,15,16,870.2755,-88.6249,0.1270,12,0.3000,1.0000,8,8,8,0,0,8,8,0.0000
4,88.0000,15,18,1060.9822,-89.7204,0.1800,5,0.1250,1.0000,8,8,8,0,0,8,8,0.0000
4,88.0000,15,19,443.0353,-85.4587,0.1592,34,0.8500,0.4000,5,6,3,3,0,9,3,0.6667
4,88.0000,15,22,232.0219,-78.5380,0.0432,38,0.9500,0.4000,5,4,0,0,0,4,0,1.0000
4,88.0000,16,0,447.3619,-85.0506,-0.0378,30,0.7500,0.0000,4,5,2,0,0,5,2,0.6000
4,88.0000,16,2,504.3466,-86.0816,-0.2379,29,0.7250,0.2000,5,6,2,0,0,6,2,0.6667
4,88.0000,16,3,683.5319,-86.3776,-0.5761,21,0.5250,0.4000,5,7,6,0,0,7,6,0.1429
4,88.0000,16,4,455.1974,-85.1388,0.3647,34,0.8500,0.2000,5,5,4,0,0,5,4,0.2000
4,88.0000,16,6,750.5305,-88.0363,-0.4115,12,0.3000,1.0000,8,8,3,0,0,8,3,0.6250
4,88.0000,16,7,961.8448,-87.7604,-0.2021,8,0.2000,1.0000,8,8,8,0,0,8,8,0.0000
4,88.0000,16,9,353.2455,-83.4360,0.6903,31,0.7750,0.0000,4,5,1,0,0,5,1,0.8000
4,88.0000,16,11,402.7168,-83.4960,-0.4553,34,0.8500,0.4000,5,5,1,0,0,5,1,0.8000
4,88.0000,16,14,860.2853,-88.7402,0.9486,4,0.1000,0.8750,8,8,8,0,0,8,8,0.0000
4,88.0000,16,15,870.2755,-88.0846,-0.7931,10,0.2500,1.0000,8,8,7,0,0,8,7,0.1250
4,88.0000,16,17,305.5846,-77.9916,-1.9358,38,0.9500,0.0000,4,6,2,0,0,6,2,0.6667
4,88.0000,16,18,198.6895,-71.0847,-4.5946,39,0.9750,0.0000,4,4,0,0,0,4,0,1.0000
4,88.0000,16,19,683.1233,-87.5211,0.3687,18,0.4500,0.7500,8,5,2,0,0,5,2,0.6000
4,88.0000,16,21,478.6566,-83.2273,-0.6574,35,0.8750,0.4000,5,6,3,0,0,6,3,0.5000
4,88.0000,16,22,825.7337,-88.4736,-0.1950,7,0.1750,1.0000,6,8,7,0,0,8,7,0.1250
4,88.0000,16,23,575.8510,-86.4638,-0.1425,28,0.7000,0.0000,4,5,2,0,0,5,2,0.6000
4,88.0000,17,0,601.3479,-86.9486,-0.1968,27,0.6750,0.2000,5,7,5,0,0,7,5,0.2857
4,88.0000,17,1,1030.9164,-88.8638,0.1263,4,0.1000,1.0000,4,2,2,0,0,2,2,0.0000
4,88.0000,17,2,698.4329,-87.0510,-0.0917,21,0.5250,0.5714,7,7,6,0,0,7,6,0.1429
4,88.0000,17,3,471.6177,-83.9818,0.4128,30,0.7500,0.4000,5,7,5,0,0,7,5,0.2857
4,88.0000,17,4,322.2448,-82.8176,1.0333,34,0.8500,0.2000,5,4,0,0,0,4,0,1.0000
4,88.0000,17,6,1042.7155,-89.3099,-0.0678,3,0.0750,1.0000,8,6,6,0,0,6,6,0.0000
4,88.0000,17,7,755.1795,-87.7036,0.6417,16,0.4000,0.8571,7,8,6,0,0,8,6,0.2500
4,88.0000,17,9,501.7472,-85.4894,-0.5798,28,0.7000,0.5000,6,4,0,0,0,4,0,1.0000
4,88.0000,17,11,637.5211,-86.4554,-0.9136,22,0.5500,0.4000,5,7,6,0,0,7,6,0.1429
4,88.0000,17,14,893.8394,-88.6712,0.5309,6,0.1500,1.0000,8,8,7,0,0,8,7,0.1250
4,88.0000,17,16,305.5846,-77.4577,-1.9356,36,0.9000,0.0000,4,6,4,0,0,6,4,0.3333
4,88.0000,17,18,167.1808,-73.0967,-1.5148,36,0.9000,0.0000,3,4,0,0,0,4,0,1.0000
4,88.0000,17,21,350.5994,-82.1197,0.1078,35,0.8750,0.0000,5,4,0,0,0,4,0,1.0000
4,88.0000,17,23,776.3898,-87.9663,0.0555,13,0.3250,0.5714,7,8,8,0,0,8,8,0.0000
4,88.0000,17,25,873.3876,-88.7180,-0.3545,4,0.1000,1.0000,2,8,6,0,0,8,6,0.2500
4,88.0000,18,0,582.0665,-85.9990,-0.3688,27,0.6750,0.3333,6,7,5,0,0,7,5,0.2857
4,88.0000,18,2,661.2073,-86.4044,-0.4708,23,0.5750,0.4286,7,7,7,0,0,7,7,0.0000
4,88.0000,18,3,486.9866,-85.4568,-0.3334,32,0.8000,0.2000,5,6,4,0,0,6,4,0.3333
4,88.0000,18,4,289.3435,-82.3575,0.6653,34,0.8500,0.0000,4,4,0,0,0,4,0,1.0000
4,88.0000,18,6,890.7004,-88.9301,-0.2547,10,0.2500,0.8571,7,8,8,0,0,8,8,0.0000
4,88.0000,18,7,787.6257,-88.7662,-0.2858,9,0.2250,0.8571,7,7,5,0,0,7,5,0.2857
4,88.0000,18,9,441.5908,-84.8837,-0.1524,36,0.9000,0.0000,4,6,3,0,0,6,3,0.5000
4,88.0000,18,11,513.6556,-84.6729,-0.6808,32,0.8000,0.2000,5,6,3,0,0,6,3,0.5000
4,88.0000,18,14,767.0953,-88.0552,0.0712,8,0.2000,0.7143,7,8,7,0,0,8,7,0.1250
4,88.0000,18,15,1060.9822,-88.9821,-0.3878,8,0.2000,1.0000,8,8,8,0,0,8,8,0.0000
4,88.0000,18,16,198.6895,-70.5469,-4.2153,39,0.9750,0.0000,4,5,2,0,0,5,2,0.6000
4,88.0000,18,17,167.1808,-73.4894,-1.4340,39,0.9750,0.0000,4,5,1,0,0,5,1,0.8000
4,88.0000,18,19,875.6746,-89.0442,0.2525,11,0.2750,1.0000,10,6,6,0,0,6,6,0.0000
4,88.0000,18,21,294.5272,-80.7639,0.2759,36,0.9000,0.5000,6,6,1,0,0,6,1,0.8333
4,88.0000,18,23,611.0840,-86.1144,-0.4024,26,0.6500,0.5000,6,6,3,0,0,6,3,0.5000
4,88.0000,18,24,1016.9884,-88.7238,0.9043,3,0.0750,,0,8,8,0,0,8,8,0.0000
4,88.0000,18,25,960.6042,-88.5513,-1.2885,3,0.0750,1.0000,4,8,8,0,0,8,8,0.0000
4,88.0000,19,0,566.3957,-86.2981,-0.0042,27,0.6750,0.0000,4,8,7,0,0,8,7,0.1250
4,88.0000,19,2,494.6047,-85.7559,-0.0600,29,0.7250,0.2000,5,5,1,0,0,5,1,0.8000
4,88.0000,19,6,776.9572,-88.1783,-0.2011,9,0.2250,0.8571,7,7,6,0,0,7,6,0.1429
4,88.0000,19,9,734.9251,-88.1134,-0.0272,9,0.2250,0.8750,8,7,6,0,0,7,6,0.1429
4,88.0000,19,11,741.4056,-88.5718,0.1415,10,0.2500,0.6667,6,6,3,0,0,6,3,0.5000
4,88.0000,19,12,831.0610,-88.2910,-0.1061,10,0.2500,0.7143,7,8,8,0,0,8,8,0.0000
4,88.0000,19,13,514.0878,-84.3027,-0.6918,33,0.8250,0.3750,8,6,3,0,0,6,3,0.5000
4,88.0000,19,15,443.0353,-84.6116,-0.0323,36,0.9000,0.0000,3,5,0,0,0,5,0,1.0000
4,88.0000,19,16,683.1233,-87.4639,-0.2034,11,0.2750,0.8750,8,7,5,0,0,7,5,0.2857
4,88.0000,19,17,924.0249,-88.7632,0.0856,8,0.2000,1.0000,4,8,8,0,0,8,8,0.0000
4,88.0000,19,18,875.6746,-88.2978,0.2361,8,0.2000,1.0000,8,8,8,0,0,8,8,0.0000
4,88.0000,19,22,597.0665,-86.7515,0.4894,22,0.5500,0.5000,6,7,4,0,0,7,4,0.4286
4,88.0000,20,1,866.4435,-88.9566,0.0218,10,0.2500,1.0000,8,8,8,30,30,38,38,0.0000
4,88.0000,20,5,88.8911,-69.1289,0.0183,38,0.9500,0.0233,43,4,0,26,1,30,1,0.9667
4,88.0000,20,8,511.2978,-85.6342,0.4431,35,0.8750,0.3333,6,8,6,0,0,8,6,0.2500
4,88.0000,20,10,534.0322,-86.0228,-0.0512,30,0.7500,0.6000,10,6,2,0,0,6,2,0.6667
4,88.0000,20,24,928.2349,-89.0541,0.0188,9,0.2250,0.8571,7,8,8,0,0,8,8,0.0000
4,88.0000,21,0,833.2475,-87.6296,-0.4008,13,0.3250,0.8571,7,7,6,0,0,7,6,0.1429
4,88.0000,21,1,802.5122,-87.3663,-0.3800,13,0.3250,0.8571,7,7,6,0,0,7,6,0.1429
4,88.0000,21,2,915.5354,-88.5040,-0.0132,9,0.2250,0.8750,8,8,8,0,0,8,8,0.0000
4,88.0000,21,3,247.6400,-79.7879,0.4124,40,1.0000,0.0000,4,5,1,0,0,5,1,0.8000
4,88.0000,21,4,177.0491,-76.6242,0.4119,38,0.9500,0.2000,5,4,0,0,0,4,0,1.0000
4,88.0000,21,6,1035.1754,-89.3321,-0.8712,4,0.1000,1.0000,8,2,2,0,0,2,2,0.0000
4,88.0000,21,7,571.1696,-86.3294,0.4116,26,0.6500,0.4000,5,6,3,0,0,6,3,0.5000
4,88.0000,21,9,639.4583,-87.0128,0.5357,24,0.6000,0.9394,33,7,6,0,0,7,6,0.1429
4,88.0000,21,11,674.3046,-87.0330,-0.5293,25,0.6250,0.8571,7,8,7,0,0,8,7,0.1250
4,88.0000,21,14,576.9415,-86.6722,0.7137,27,0.6750,0.4000,5,8,6,0,0,8,6,0.2500
4,88.0000,21,16,478.6566,-83.4307,-0.7998,31,0.7750,0.0000,4,7,5,0,0,7,5,0.2857
4,88.0000,21,17,350.5994,-81.2946,0.1245,36,0.9000,0.5833,12,4,0,2,1,6,1,0.8333
4,88.0000,21,18,294.5272,-81.1773,0.9609,35,0.8750,0.0000,4,5,2,0,0,5,2,0.6000
4,88.0000,21,23,646.0157,-86.2620,-0.0477,30,0.7500,0.6667,6,7,6,0,0,7,6,0.1429
4,88.0000,21,24,757.7160,-88.5958,0.2261,11,0.2750,0.8750,8,6,4,0,0,6,4,0.3333
4,88.0000,21,25,793.6877,-88.2668,0.4118,10,0.2500,1.0000,8,7,6,0,0,7,6,0.1429
4,88.0000,22,0,869.4896,-88.2915,0.2462,12,0.3000,0.8750,8,8,8,0,0,8,8,0.0000
4,88.0000,22,2,786.0280,-87.9642,-0.0287,14,0.3500,1.0000,8,7,6,0,0,7,6,0.1429
4,88.0000,22,6,294.7106,-80.8762,0.1128,37,0.9250,0.0000,4,6,2,0,0,6,2,0.6667
4,88.0000,22,9,879.3597,-88.6567,0.5609,5,0.1250,1.0000,8,8,7,0,0,8,7,0.1250
4,88.0000,22,11,695.4436,-87.2688,-0.2637,13,0.3250,0.8571,7,6,3,0,0,6,3,0.5000
4,88.0000,22,12,376.1935,-82.7322,0.3082,36,0.9000,0.0000,4,5,1,0,0,5,1,0.8000
4,88.0000,22,13,823.8162,-87.4374,-0.1153,19,0.4750,1.0000,8,8,7,0,0,8,7,0.1250
4,88.0000,22,15,232.0219,-77.9569,-0.1794,37,0.9250,0.0000,4,4,0,0,0,4,0,1.0000
4,88.0000,22,16,825.7337,-88.9936,0.3885,3,0.0750,1.0000,8,7,5,0,0,7,5,0.2857
4,88.0000,22,18,1000.4868,-88.7499,0.2814,3,0.0750,1.0000,6,6,6,0,0,6,6,0.0000
4,88.0000,22,19,597.0665,-86.9596,0.1597,20,0.5000,0.6667,6,6,1,0,0,6,1,0.8333
4,88.0000,22,23,712.6088,-88.1443,0.9424,10,0.2500,0.8571,7,7,6,0,0,7,6,0.1429
4,88.0000,23,0,907.5556,-88.8202,-0.2772,9,0.2250,1.0000,8,6,6,0,0,6,6,0.0000
4,88.0000,23,2,910.1443,-88.3369,0.3828,8,0.2000,0.6667,6,8,8,0,0,8,8,0.0000
4,88.0000,23,3,850.0815,-87.9811,0.0764,13,0.3250,0.8750,8,8,8,0,0,8,8,0.0000
4,88.0000,23,4,712.0441,-87.0459,-0.0390,17,0.4250,0.5714,7,8,7,0,0,8,7,0.1250
4,88.0000,23,6,492.0229,-86.3451,0.4046,24,0.6000,0.5000,6,4,0,0,0,4,0,1.0000
4,88.0000,23,7,1146.3330,-88.2320,0.0512,4,0.1000,,0,4,4,0,0,4,4,0.0000
4,88.0000,23,9,741.0520,-88.1002,0.6350,16,0.4000,0.7143,7,8,8,0,0,8,8,0.0000
4,88.0000,23,11,546.0294,-85.9731,-0.3095,25,0.6250,0.5000,6,7,4,0,0,7,4,0.4286
4,88.0000,23,12,940.7882,-88.3286,0.9938,7,0.1750,0.8571,7,8,8,0,0,8,8,0.0000
4,88.0000,23,14,521.6573,-86.1959,-0.1080,32,0.8000,0.0000,4,5,2,0,0,5,2,0.6000
4,88.0000,23,15,887.0714,-88.5646,-0.1867,8,0.2000,1.0000,4,8,8,0,0,8,8,0.0000
4,88.0000,23,16,575.8510,-85.9884,-0.8297,21,0.5250,0.5000,6,6,2,0,0,6,2,0.6667
4,88.0000,23,17,776.3898,-87.7861,-0.5736,20,0.5000,0.8667,15,10,10,0,0,10,10,0.0000
4,88.0000,23,18,611.0840,-87.0297,0.1402,22,0.5500,0.4000,5,8,8,0,0,8,8,0.0000
4,88.0000,23,19,983.8513,-89.4632,0.3311,3,0.0750,1.0000,6,4,4,0,0,4,4,0.0000
4,88.0000,23,21,646.0157,-86.4610,-0.2583,25,0.6250,0.6667,6,8,7,0,0,8,7,0.1250
4,88.0000,23,22,712.6088,-87.9418,-0.2866,12,0.3000,1.0000,6,6,3,0,0,6,3,0.5000
4,88.0000,24,1,128.7146,-73.7631,0.8953,39,0.9750,0.0000,4,5,1,0,0,5,1,0.8000
4,88.0000,24,3,535.7341,-86.2358,0.9820,18,0.4500,0.7143,7,5,0,0,0,5,0,1.0000
4,88.0000,24,4,826.8329,-88.2758,0.2597,10,0.2500,0.8571,7,7,6,0,0,7,6,0.1429
4,88.0000,24,5,876.3980,-88.5232,0.2507,7,0.1750,1.0000,6,8,8,0,0,8,8,0.0000
4,88.0000,24,7,554.4315,-86.4820,0.6104,20,0.5000,0.5714,7,5,2,0,0,5,2,0.6000
4,88.0000,24,8,574.3967,-87.2544,0.6426,26,0.6500,0.5000,6,4,0,0,0,4,0,1.0000
4,88.0000,24,10,726.5255,-87.1467,0.2957,24,0.6000,0.6667,6,7,6,0,0,7,6,0.1429
4,88.0000,24,14,965.0488,-89.0554,-0.7811,3,0.0750,1.0000,6,6,6,0,0,6,6,0.0000
4,88.0000,24,20,928.2349,-88.3080,0.1473,5,0.1250,0.8750,8,8,7,0,0,8,7,0.1250
4,88.0000,24,21,757.7160,-88.0704,0.3871,7,0.1750,1.0000,8,7,5,0,0,7,5,0.2857
4,88.0000,24,25,595.0019,-85.9284,-0.1127,27,0.6750,0.4000,5,7,6,3,2,10,8,0.2000
4,88.0000,25,1,545.3827,-85.7589,-0.6681,25,0.6250,0.5000,6,7,5,0,0,7,5,0.2857
4,88.0000,25,3,674.9768,-87.8795,0.4029,15,0.3750,0.7143,7,7,5,0,0,7,5,0.2857
4,88.0000,25,4,730.8474,-88.5095,0.2624,9,0.2250,1.0000,10,8,7,0,0,8,7,0.1250
4,88.0000,25,7,329.7812,-81.1993,0.0498,35,0.8750,0.1667,6,4,0,0,0,4,0,1.0000
4,88.0000,25,21,793.6877,-87.6903,-0.6645,6,0.1500,0.7143,7,8,7,0,0,8,7,0.1250
4,88.0000,25,24,595.0019,-87.0926,-0.9094,20,0.5000,0.2000,5,7,3,0,0,7,3,0.5714
4,92.0000,0,2,137.9329,-72.2861,-0.7673,37,0.9250,0.0000,4,4,0,0,0,4,0,1.0000
4,92.0000,0,4,652.4392,-87.3464,0.6397,18,0.4500,0.7143,7,6,3,0,0,6,3,0.5000
4,92.0000,0,9,401.6051,-81.4718,-1.2572,38,0.9500,0.2000,5,5,1,0,0,5,1,0.8000
4,92.0000,0,11,534.5684,-85.5450,-0.0912,31,0.7750,0.5000,6,6,4,0,0,6,4,0.3333
4,92.0000,0,13,866.7843,-88.1915,0.1440,11,0.2750,0.8571,7,8,8,0,0,8,8,0.0000
4,92.0000,0,15,1020.7974,-88.7715,-0.1700,4,0.1000,0.7143,7,4,4,0,0,4,4,0.0000
4,92.0000,0,16,442.6013,-83.8401,-0.2775,34,0.8500,0.5000,6,4,0,0,0,4,0,1.0000
4,92.0000,0,17,626.6112,-87.2324,0.0609,29,0.7250,0.5714,7,5,1,0,0,5,1,0.8000
4,92.0000,0,18,666.7268,-87.3615,-0.1112,21,0.5250,0.7143,7,8,8,0,0,8,8,0.0000
4,92.0000,0,19,603.9842,-87.0836,-0.2865,27,0.6750,0.8462,13,7,6,0,0,7,6,0.1429
4,92.0000,0,21,865.2433,-88.4997,0.4828,8,0.2000,0.8571,7,7,6,0,0,7,6,0.1429
4,92.0000,0,22,931.2732,-89.0652,-0.2845,5,0.1250,1.0000,8,8,8,0,0,8,8,0.0000
4,92.0000,0,23,983.1686,-87.6004,1.0348,3,0.0750,1.0000,8,8,8,0,0,8,8,0.0000
4,92.0000,1,3,571.3804,-86.6754,0.3905,20,0.5128,0.8889,27,7,5,40,32,47,37,0.2128
4,92.0000,1,4,997.8244,-87.9082,1.1932,7,0.1795,1.0000,8,8,8,0,0,8,8,0.0000
4,92.0000,1,5,839.5570,-88.2932,-0.1093,9,0.2308,1.0000,8,8,8,0,0,8,8,0.0000
4,92.0000,1,7,535.5934,-85.4104,-0.0050,24,0.6154,0.0000,4,6,3,0,0,6,3,0.5000
4,92.0000,1,8,502.6543,-86.5614,0.8673,23,0.5897,0.2000,5,6,3,17,4,23,7,0.6957
4,92.0000,1,10,660.4318,-87.3286,0.3834,19,0.4872,0.8571,7,7,6,0,0,7,6,0.1429
4,92.0000,1,20,863.9474,-88.8244,0.5328,6,0.1538,1.0000,6,8,7,0,0,8,7,0.1250
4,92.0000,1,21,803.8313,-87.9548,0.4822,8,0.2051,0.7500,8,7,6,0,0,7,6,0.1429
4,92.0000,1,24,250.4125,-75.7428,-1.5313,39,1.0000,0.0000,4,5,1,0,0,5,1,0.8000
4,92.0000,1,25,599.4746,-86.0959,-0.3798,24,0.6154,0.5789,19,6,3,2,0,8,3,0.6250
4,92.0000,2,0,137.9329,-73.7836,-0.3141,39,0.9750,0.0000,4,5,1,0,0,5,1,0.8000
4,92.0000,2,4,766.4796,-88.1861,0.4750,10,0.2500,1.0000,8,7,6,0,0,7,6,0.1429
4,92.0000,2,6,908.1674,-87.9969,-0.1841,10,0.2500,0.8750,8,8,8,0,0,8,8,0.0000
4,92.0000,2,9,462.9077,-83.8235,-0.1930,34,0.8500,0.3333,6,6,3,0,0,6,3,0.5000
4,92.0000,2,11,529.5700,-85.7158,-0.3142,29,0.7250,0.5714,7,8,5,0,0,8,5,0.3750
4,92.0000,2,13,731.9582,-87.5147,-0.0317,19,0.4750,0.8571,7,7,4,0,0,7,4,0.4286
4,92.0000,2,15,925.7199,-88.0432,-0.0914,11,0.2750,1.0000,8,8,8,0,0,8,8,0.0000
4,92.0000,2,16,495.9524,-85.9267,-0.0838,29,0.7250,0.6667,6,7,5,0,0,7,5,0.2857
4,92.0000,2,17,750.9244,-87.9740,0.0215,14,0.3500,0.6364,11,7,6,0,0,7,6,0.1429
4,92.0000,2,18,771.4463,-87.9208,-0.2038,13,0.3250,0.8571,7,8,8,0,0,8,8,0.0000
4,92.0000,2,19,529.3310,-85.9741,-0.4387,28,0.7000,0.8571,7,7,5,0,0,7,5,0.2857
4,92.0000,2,21,982.0913,-88.7542,-0.4848,6,0.1500,1.0000,14,8,8,0,0,8,8,0.0000
4,92.0000,2,22,868.9094,-88.1153,-0.1142,12,0.3000,1.0000,8,7,6,0,0,7,6,0.1429
4,92.0000,3,1,571.3804,-86.3594,0.8257,26,0.6500,0.7500,8,6,2,0,0,6,2,0.6667
4,92.0000,3,4,514.2839,-84.5377,-0.6198,35,0.8750,0.7143,7,7,5,0,0,7,5,0.2857
4,92.0000,3,7,465.7427,-84.7554,0.6626,32,0.8000,0.3333,6,6,2,0,0,6,2,0.6667
4,92.0000,3,8,648.3638,-87.0762,0.6624,15,0.3750,0.8000,5,7,4,0,0,7,4,0.4286
4,92.0000,3,9,913.2289,-88.2874,0.1600,8,0.2000,0.8750,8,8,8,0,0,8,8,0.0000
4,92.0000,3,11,1096.2453,-89.0507,-0.0809,5,0.1250,1.0000,6,4,4,0,0,4,4,0.0000
4,92.0000,3,14,618.0829,-86.7275,-0.0102,24,0.6000,0.8571,7,7,4,0,0,7,4,0.4286
4,92.0000,3,16,881.4275,-88.3866,-0.0211,17,0.4250,0.7143,7,7,6,0,0,7,6,0.1429
4,92.0000,3,17,563.9195,-86.2223,0.3402,32,0.8000,0.2000,5,7,5,0,0,7,5,0.2857
4,92.0000,3,18,510.6263,-85.5640,-0.0774,29,0.7250,0.5000,6,6,3,0,0,6,3,0.5000
4,92.0000,3,21,279.1855,-79.7593,-0.7309,39,0.9750,0.4000,5,6,2,0,0,6,2,0.6667
4,92.0000,3,23,990.6031,-87.9615,0.0736,8,0.2000,1.0000,8,2,2,0,0,2,2,0.0000
4,92.0000,3,24,345.9695,-84.7338,0.8951,34,0.8500,0.3333,6,4,0,0,0,4,0,1.0000
4,92.0000,3,25,596.3236,-86.9833,0.2300,24,0.6000,0.7500,8,6,4,0,0,6,4,0.3333
4,92.0000,4,0,652.4392,-87.8071,0.4350,18,0.4500,0.8571,7,6,4,0,0,6,4,0.3333
4,92.0000,4,1,997.8244,-88.6408,-0.0756,8,0.2000,0.8750,8,6,6,0,0,6,6,0.0000
4,92.0000,4,2,766.4796,-88.6739,-0.0623,10,0.2500,0.5000,4,8,8,0,0,8,8,0.0000
4,92.0000,4,3,514.2839,-83.9528,-0.5708,32,0.8000,0.0000,4,6,3,0,0,6,3,0.5000
4,92.0000,4,7,583.8736,-86.0480,-0.4673,30,0.7500,0.4000,5,6,4,0,0,6,4,0.3333
4,92.0000,4,8,1073.2656,-89.5277,0.2864,3,0.0750,,0,8,8,0,0,8,8,0.0000
4,92.0000,4,9,407.9545,-84.7951,0.7538,32,0.8000,0.0000,4,4,0,0,0,4,0,1.0000
4,92.0000,4,11,625.5269,-86.9096,-0.2414,22,0.5500,0.7500,8,7,5,0,0,7,5,0.2857
4,92.0000,4,14,600.4327,-86.8746,0.1796,21,0.5250,0.2000,5,6,4,0,0,6,4,0.3333
4,92.0000,4,16,468.6235,-85.0664,-0.3594,26,0.6500,0.2000,5,5,2,0,0,5,2,0.6000
4,92.0000,4,17,319.8583,-82.0603,0.2132,35,0.8750,0.2000,5,5,1,0,0,5,1,0.8000
4,92.0000,4,18,197.1106,-78.3053,1.0218,35,0.8750,0.0000,4,4,0,0,0,4,0,1.0000
4,92.0000,4,21,238.1767,-77.1046,-0.8346,36,0.9000,0.0000,4,5,1,0,0,5,1,0.8000
4,92.0000,4,23,744.4275,-87.6897,-0.1939,14,0.3500,0.6667,6,7,5,0,0,7,5,0.2857
4,92.0000,4,24,826.5636,-88.3239,-0.0542,8,0.2000,1.0000,8,6,4,0,0,6,4,0.3333
4,92.0000,4,25,690.7194,-87.4078,0.9020,12,0.3000,0.8571,7,6,4,0,0,6,4,0.3333
4,92.0000,5,1,839.5570,-88.7128,-0.0630,13,0.3250,1.0000,8,7,5,0,0,7,5,0.2857
4,92.0000,5,8,493.9090,-84.5016,-0.3085,30,0.7500,0.6364,11,6,2,0,0,6,2,0.6667
4,92.0000,5,10,599.4304,-86.7344,0.0712,31,0.7750,0.7500,44,6,2,0,0,6,2,0.6667
4,92.0000,5,20,105.9423,-70.7189,-0.4432,40,1.0000,0.0000,4,4,0,0,0,4,0,1.0000
4,92.0000,5,24,892.0635,-88.9816,-0.3249,5,0.1250,1.0000,8,8,7,0,0,8,7,0.1250
4,92.0000,6,0,939.4045,-88.7420,0.1236,11,0.2750,1.0000,8,8,8,36,36,44,44,0.0000
4,92.0000,6,2,908.1674,-88.7322,0.4077,8,0.2000,0.9886,88,8,8,10,10,18,18,0.0000
4,92.0000,6,4,940.7353,-89.1864,-0.0385,3,0.0750,1.0000,6,6,6,0,0,6,6,0.0000
4,92.0000,6,9,681.1809,-87.3971,0.7109,15,0.3750,0.7500,8,7,4,0,0,7,4,0.4286
4,92.0000,6,11,451.2899,-85.0241,0.3587,26,0.6500,0.4000,5,4,0,0,0,4,0,1.0000
4,92.0000,6,12,557.8065,-85.3899,-0.0545,35,0.8750,0.3333,6,5,2,0,0,5,2,0.6000
4,92.0000,6,14,875.4477,-88.4168,-0.0889,6,0.1500,1.0000,8,8,8,0,0,8,8,0.0000
4,92.0000,6,15,626.2071,-86.8034,-1.0269,26,0.6500,0.4000,5,7,6,0,0,7,6,0.1429
4,92.0000,6,16,685.0214,-87.5879,0.1051,19,0.4750,1.0000,8,6,3,32,31,38,34,0.1053
4,92.0000,6,18,899.0132,-88.5513,0.1344,9,0.2250,0.8571,7,8,8,0,0,8,8,0.0000
4,92.0000,6,19,722.0632,-88.0017,0.1989,15,0.3750,0.8571,7,7,4,0,0,7,4,0.4286
4,92.0000,6,22,293.4426,-80.2383,-0.4670,38,0.9500,0.2000,5,5,1,0,0,5,1,0.8000
4,92.0000,6,23,369.4848,-83.8751,0.6627,31,0.7750,0.4000,5,6,2,2,1,8,3,0.6250
4,92.0000,7,1,535.5934,-86.1326,-0.1875,32,0.8000,0.5000,4,7,4,0,0,7,4,0.4286
4,92.0000,7,3,465.7427,-84.9594,-0.4267,30,0.7500,0.8333,6,7,4,0,0,7,4,0.4286
4,92.0000,7,4,583.8736,-85.9960,-0.6527,22,0.5500,0.5000,6,7,6,0,0,7,6,0.1429
4,92.0000,7,8,743.8470,-88.4088,0.2625,10,0.2500,1.0000,8,8,8,0,0,8,8,0.0000
4,92.0000,7,9,931.8473,-88.6384,0.2524,5,0.1250,1.0000,4,6,6,0,0,6,6,0.0000
4,92.0000,7,14,751.1338,-88.1157,0.8576,8,0.2000,1.0000,8,8,8,0,0,8,8,0.0000
4,92.0000,7,16,1052.0637,-89.4401,-0.0508,5,0.1250,1.0000,6,2,2,0,0,2,2,0.0000
4,92.0000,7,17,740.1451,-87.7310,0.5044,19,0.4750,0.8571,7,7,5,0,0,7,5,0.2857
4,92.0000,7,18,720.5988,-88.0991,-0.4232,15,0.3750,1.0000,8,7,6,0,0,7,6,0.1429
4,92.0000,7,21,493.9086,-85.5164,0.1500,29,0.7250,0.5000,6,7,5,0,0,7,5,0.2857
4,92.0000,7,24,499.3892,-86.0666,-0.0370,30,0.7500,0.5000,6,5,2,0,0,5,2,0.6000
4,92.0000,7,25,336.6410,-82.0892,-0.4580,34,0.8500,0.0000,4,6,2,0,0,6,2,0.6667
4,92.0000,8,1,502.6543,-86.4790,0.2590,33,0.8250,0.8750,8,5,1,0,0,5,1,0.8000
4,92.0000,8,3,648.3638,-87.7871,0.8409,13,0.3250,1.0000,8,7,6,0,0,7,6,0.1429
4,92.0000,8,5,493.9090,-85.3363,-0.1797,37,0.9250,0.4000,5,6,3,0,0,6,3,0.5000
4,92.0000,8,7,743.8470,-88.5070,0.6199,11,0.2750,0.8571,7,6,2,0,0,6,2,0.6667
4,92.0000,8,10,640.9833,-87.1338,0.2527,32,0.8000,0.7143,7,5,2,0,0,5,2,0.6000
4,92.0000,8,14,798.1155,-88.2168,0.4454,10,0.2500,1.0000,8,8,8,0,0,8,8,0.0000
4,92.0000,8,20,565.4057,-86.0528,-0.0829,34,0.8500,0.7143,7,6,3,0,0,6,3,0.5000
4,92.0000,8,21,873.1158,-88.6271,-1.3397,3,0.0750,1.0000,6,8,7,0,0,8,7,0.1250
4,92.0000,8,24,445.8077,-86.3206,0.3769,35,0.8750,0.4444,9,4,0,0,0,4,0,1.0000
4,92.0000,9,0,401.6051,-81.9385,-1.0755,36,0.9000,0.4000,5,4,0,0,0,4,0,1.0000
4,92.0000,9,2,462.9077,-82.8670,-0.7827,33,0.8250,0.5000,6,4,0,0,0,4,0,1.0000
4,92.0000,9,3,913.2289,-88.4216,0.3358,6,0.1500,0.8750,8,8,8,0,0,8,8,0.0000
4,92.0000,9,4,407.9545,-84.8241,0.1115,25,0.6250,0.0000,4,4,0,0,0,4,0,1.0000
4,92.0000,9,6,681.1809,-87.7992,-0.1681,12,0.3000,0.7143,7,7,5,0,0,7,5,0.2857
4,92.0000,9,11,258.6989,-79.1146,-0.0524,31,0.7750,0.0000,4,4,0,0,0,4,0,1.0000
4,92.0000,9,12,1041.6161,-89.1029,0.4164,6,0.1500,1.0000,6,8,8,0,0,8,8,0.0000
4,92.0000,9,14,780.9298,-89.0399,0.1073,4,0.1000,1.0000,6,8,8,0,0,8,8,0.0000
4,92.0000,9,15,1007.5534,-88.0681,-0.0171,7,0.1750,1.0000,8,4,4,0,0,4,4,0.0000
4,92.0000,9,16,333.0605,-82.5480,-0.2351,31,0.7750,0.0000,4,4,0,0,0,4,0,1.0000
4,92.0000,9,17,574.8915,-85.4188,-0.5367,26,0.6500,0.6667,6,6,3,0,0,6,3,0.5000
4,92.0000,9,18,461.5472,-84.3027,0.0461,26,0.6500,0.4000,5,4,0,0,0,4,0,1.0000
4,92.0000,9,19,710.1210,-87.6471,0.0605,13,0.3250,0.7143,7,7,6,0,0,7,6,0.1429
4,92.0000,9,21,635.7214,-86.8965,-0.2328,20,0.5000,0.5000,6,8,7,0,0,8,7,0.1250
4,92.0000,9,22,792.5222,-88.4706,-0.3220,14,0.3500,0.8571,7,7,6,0,0,7,6,0.1429
4,92.0000,9,23,657.2257,-87.3833,0.4605,17,0.4250,0.7143,7,6,3,0,0,6,3,0.5000
4,92.0000,10,1,660.4318,-87.6841,-0.3113,22,0.5500,0.8909,110,6,4,111,87,117,91,0.2222
4,92.0000,10,5,599.4304,-86.9368,0.1711,25,0.6250,0.8571,7,6,3,0,0,6,3,0.5000
4,92.0000,10,8,640.9833,-86.4954,-0.5782,29,0.7250,0.6842,76,7,4,38,31,45,35,0.2222
4,92.0000,10,20,550.6043,-86.1410,-0.7935,31,0.7750,0.4000,5,6,3,0,0,6,3,0.5000
4,92.0000,10,24,816.4559,-88.2350,0.0924,13,0.3250,1.0000,8,8,8,0,0,8,8,0.0000
4,92.0000,11,0,534.5684,-84.9061,-0.6621,28,0.7000,0.4615,13,7,5,0,0,7,5,0.2857
4,92.0000,11,2,529.5700,-85.6424,-0.0252,34,0.8500,0.2000,5,5,2,0,0,5,2,0.6000
4,92.0000,11,4,625.5269,-87.0628,0.0407,22,0.5500,0.5000,6,6,4,0,0,6,4,0.3333
4,92.0000,11,6,451.2899,-85.4784,0.4248,33,0.8250,0.2000,5,5,1,0,0,5,1,0.8000
4,92.0000,11,9,258.6989,-79.0480,-0.1076,38,0.9500,0.2000,5,4,0,0,0,4,0,1.0000
4,92.0000,11,12,788.4897,-88.0979,-0.0159,17,0.4250,1.0000,8,6,4,0,0,6,4,0.3333
4,92.0000,11,13,999.5416,-88.9876,-0.5525,3,0.0750,1.0000,4,7,6,0,0,7,6,0.1429
4,92.0000,11,14,828.6077,-88.4299,-0.6861,8,0.2000,0.8571,7,7,5,0,0,7,5,0.2857
4,92.0000,11,15,803.8162,-88.6190,0.0135,8,0.2000,0.9535,43,7,6,0,0,7,6,0.1429
4,92.0000,11,16,418.2011,-83.5733,0.3646,33,0.8250,0.5000,6,5,2,0,0,5,2,0.6000
4,92.0000,11,17,795.5939,-87.3581,-0.3489,21,0.5250,0.8571,7,8,8,0,0,8,8,0.0000
4,92.0000,11,18,641.6054,-86.7533,-0.7977,28,0.7000,0.7143,7,7,5,0,0,7,5,0.2857
4,92.0000,11,19,624.6996,-87.4421,-0.1547,22,0.5500,0.8000,40,5,2,77,62,82,64,0.2195
4,92.0000,11,21,829.1980,-87.1417,-0.0297,13,0.3250,0.7143,7,8,8,0,0,8,8,0.0000
4,92.0000,11,22,567.6036,-86.5836,1.1026,25,0.6250,0.7143,7,4,0,0,0,4,0,1.0000
4,92.0000,11,23,544.4294,-85.9227,-0.1549,28,0.7000,0.4000,5,6,3,0,0,6,3,0.5000
4,92.0000,12,0,1153.2272,-89.0932,0.0842,3,0.0750,0.8750,8,4,4,0,0,4,4,0.0000
4,92.0000,12,2,1059.7743,-89.2116,0.0234,6,0.1500,1.0000,6,4,4,0,0,4,4,0.0000
4,92.0000,12,6,557.8065,-85.2219,-0.6072,34,0.8500,0.6667,6,7,6,0,0,7,6,0.1429
4,92.0000,12,9,1041.6161,-88.7168,-0.2173,5,0.1250,1.0000,8,8,8,0,0,8,8,0.0000
4,92.0000,12,11,788.4897,-88.2539,0.4865,16,0.4000,1.0000,8,8,8,0,0,8,8,0.0000
4,92.0000,12,13,912.8450,-88.3848,-0.1877,11,0.2750,1.0000,8,8,8,0,0,8,8,0.0000
4,92.0000,12,15,470.1290,-85.0526,-0.0467,34,0.8500,0.0000,4,5,2,0,0,5,2,0.6000
4,92.0000,12,16,1072.2798,-89.4745,0.0556,4,0.1000,1.0000,8,6,6,0,0,6,6,0.0000
4,92.0000,12,19,832.4251,-88.5533,0.2224,8,0.2000,0.8571,7,6,4,0,0,6,4,0.3333
4,92.0000,12,22,446.6304,-84.3338,-0.9793,36,0.9000,0.5000,6,5,2,0,0,5,2,0.6000
4,92.0000,12,23,925.9903,-89.1339,0.1908,7,0.1750,1.0000,8,8,8,0,0,8,8,0.0000
4,92.0000,13,0,866.7843,-88.1789,-0.1256,12,0.3000,1.0000,8,7,6,0,0,7,6,0.1429
4,92.0000,13,2,731.9582,-88.0343,-0.2438,18,0.4500,0.8750,8,7,5,0,0,7,5,0.2857
4,92.0000,13,12,912.8450,-88.7134,-0.2708,12,0.3000,0.8750,8,8,8,0,0,8,8,0.0000
4,92.0000,13,15,723.6544,-87.7025,0.1817,12,0.3000,0.7143,7,6,4,0,0,6,4,0.3333
4,92.0000,13,19,634.7508,-86.3146,0.1539,25,0.6250,0.6667,6,6,4,0,0,6,4,0.3333
4,92.0000,13,22,928.7907,-88.4505,-0.2927,6,0.1500,0.8571,7,8,8,0,0,8,8,0.0000
4,92.0000,14,1,1019.6130,-88.6154,0.4953,3,0.0750,1.0000,6,6,6,0,0,6,6,0.0000
4,92.0000,14,3,618.0829,-86.7284,-0.2078,22,0.5500,0.8000,5,6,4,0,0,6,4,0.3333
4,92.0000,14,4,600.4327,-86.6999,-0.0339,23,0.5750,0.5000,6,6,2,0,0,6,2,0.6667
4,92.0000,14,6,875.4477,-89.3888,0.0422,4,0.1000,0.6667,6,8,8,0,0,8,8,0.0000
4,92.0000,14,7,751.1338,-88.1239,-0.0622,13,0.3250,0.7143,7,6,4,0,0,6,4,0.3333
4,92.0000,14,8,798.1155,-87.8603,-0.0143,16,0.4000,0.8750,8,7,6,0,0,7,6,0.1429
4,92.0000,14,9,780.9298,-87.6633,1.5764,4,0.1000,1.0000,4,7,6,0,0,7,6,0.1429
4,92.0000,14,11,828.6077,-88.3376,-0.3894,15,0.3750,0.7143,7,8,8,0,0,8,8,0.0000
4,92.0000,14,16,833.5779,-88.6528,0.3397,10,0.2500,0.8750,8,6,3,0,0,6,3,0.5000
4,92.0000,14,17,852.9281,-89.0525,0.2227,11,0.2750,1.0000,8,8,8,0,0,8,8,0.0000
4,92.0000,14,18,618.7183,-87.1844,0.4949,18,0.4500,0.8571,7,7,5,0,0,7,5,0.2857
4,92.0000,14,21,548.6941,-85.8533,-0.2185,30,0.7500,0.5000,6,6,3,0,0,6,3,0.5000
4,92.0000,14,23,555.7600,-85.4963,0.0950,29,0.7250,0.7500,8,6,3,0,0,6,3,0.5000
4,92.0000,15,0,1020.7974,-88.9596,-0.3351,4,0.1000,1.0000,8,4,4,0,0,4,4,0.0000
4,92.0000,15,2,925.7199,-88.4348,0.6591,10,0.2500,1.0000,8,6,6,0,0,6,6,0.0000
4,92.0000,15,6,626.2071,-86.7090,-0.4962,28,0.7000,0.5000,6,7,6,0,0,7,6,0.1429
4,92.0000,15,11,803.8162,-87.9946,-0.4511,14,0.3500,0.6667,6,8,8,0,0,8,8,0.0000
4,92.0000,15,12,470.1290,-85.0179,0.4397,36,0.9000,0.5000,6,4,0,0,0,4,0,1.0000
4,92.0000,15,13,723.6544,-87.6631,0.3819,20,0.5000,0.7500,8,7,6,0,0,7,6,0.1429
4,92.0000,15,16,895.8661,-88.4137,-0.0027,14,0.3500,1.0000,8,8,8,0,0,8,8,0.0000
4,92.0000,15,18,1241.7793,-89.1599,-1.6410,3,0.0750,1.0000,8,4,4,0,0,4,4,0.0000
4,92.0000,15,19,498.5237,-84.8298,0.5485,33,0.8250,0.3333,9,6,2,0,0,6,2,0.6667
4,92.0000,15,22,337.1405,-80.1311,-0.4671,37,0.9250,0.0000,4,6,3,0,0,6,3,0.5000
4,92.0000,15,23,908.2298,-88.3895,-0.0077,12,0.3000,1.0000,8,8,8,0,0,8,8,0.0000
4,92.0000,16,0,442.6013,-84.6634,-0.2615,37,0.9250,0.4000,5,4,0,0,0,4,0,1.0000
4,92.0000,16,2,495.9524,-85.4030,-0.0596,32,0.8000,0.3333,6,5,1,0,0,5,1,0.8000
4,92.0000,16,3,881.4275,-87.8262,-0.6720,16,0.4000,0.8571,7,8,8,0,0,8,8,0.0000
4,92.0000,16,4,468.6235,-85.3274,0.1198,35,0.8750,0.8000,5,6,2,0,0,6,2,0.6667
4,92.0000,16,6,685.0214,-87.9859,0.4629,20,0.5000,0.3750,8,6,4,0,0,6,4,0.3333
4,92.0000,16,9,333.0605,-82.3675,0.4176,37,0.9250,0.2000,5,5,2,0,0,5,2,0.6000
4,92.0000,16,11,418.2011,-83.7739,-0.2867,38,0.9500,0.2000,5,5,2,0,0,5,2,0.6000
4,92.0000,16,13,1061.8557,-89.3251,0.8547,5,0.1250,1.0000,6,8,8,0,0,8,8,0.0000
4,92.0000,16,14,833.5779,-88.6971,-0.0511,12,0.3000,1.0000,8,7,6,0,0,7,6,0.1429
4,92.0000,16,15,895.8661,-88.9314,0.0289,13,0.3250,0.8750,8,8,8,0,0,8,8,0.0000
4,92.0000,16,17,473.5981,-83.2977,0.2560,32,0.8000,0.3333,6,7,6,1,0,8,6,0.2500
4,92.0000,16,18,372.6294,-81.1888,-1.3057,36,0.9000,0.0000,4,5,0,0,0,5,0,1.0000
4,92.0000,16,19,523.2911,-86.9075,0.3791,23,0.5750,0.4000,5,5,2,0,0,5,2,0.6000
4,92.0000,16,21,624.6485,-86.1988,-0.7790,31,0.7750,0.5000,6,6,4,0,0,6,4,0.3333
4,92.0000,16,22,714.9336,-87.8559,0.6985,15,0.3750,0.8750,8,7,6,0,0,7,6,0.1429
4,92.0000,16,23,611.9022,-86.6767,-0.5074,31,0.7750,0.4000,5,6,3,0,0,6,3,0.5000
4,92.0000,17,0,626.6112,-87.4496,0.5168,22,0.5500,0.7143,7,6,3,0,0,6,3,0.5000
4,92.0000,17,1,1050.5424,-88.9788,-0.2620,7,0.1750,1.0000,2,4,4,0,0,4,4,0.0000
4,92.0000,17,2,750.9244,-88.1640,-0.3469,16,0.4000,0.8571,7,7,5,0,0,7,5,0.2857
4,92.0000,17,3,563.9195,-85.8347,-0.6062,29,0.7250,0.7143,7,4,0,0,0,4,0,1.0000
4,92.0000,17,4,319.8583,-81.3906,-0.0370,38,0.9500,0.0000,4,5,2,0,0,5,2,0.6000
4,92.0000,17,7,740.1451,-87.9888,-0.2471,17,0.4250,0.7500,8,7,5,0,0,7,5,0.2857
4,92.0000,17,9,574.8915,-85.5687,-0.6228,29,0.7250,0.0000,4,7,5,0,0,7,5,0.2857
4,92.0000,17,11,795.5939,-87.7810,-0.1852,18,0.4500,0.8571,7,6,6,0,0,6,6,0.0000
4,92.0000,17,14,852.9281,-88.8996,0.0255,11,0.2750,0.8750,8,8,8,0,0,8,8,0.0000
4,92.0000,17,16,473.5981,-83.3606,-1.0167,35,0.8750,0.6667,6,7,5,0,0,7,5,0.2857
4,92.0000,17,18,257.6741,-77.6237,-1.4518,37,0.9250,0.0000,4,4,0,0,0,4,0,1.0000
4,92.0000,17,19,944.4122,-89.1307,-0.0702,4,0.1000,1.0000,8,8,8,0,0,8,8,0.0000
4,92.0000,17,21,358.7117,-83.4480,-0.2813,35,0.8750,0.0000,4,5,1,0,0,5,1,0.8000
4,92.0000,17,23,923.5166,-88.9446,-0.0145,10,0.2500,1.0000,8,6,6,0,0,6,6,0.0000
4,92.0000,17,24,872.4800,-88.9029,0.4767,9,0.2250,1.0000,6,10,9,0,0,10,9,0.1000
4,92.0000,17,25,713.4330,-87.6535,0.3696,17,0.4250,0.7500,8,6,3,0,0,6,3,0.5000
4,92.0000,18,0,666.7268,-87.3224,0.3201,27,0.6750,0.7143,7,6,3,0,0,6,3,0.5000
4,92.0000,18,1,1055.2477,-89.0183,1.2210,3,0.0750,,0,8,8,0,0,8,8,0.0000
4,92.0000,18,2,771.4463,-87.4173,-0.2211,16,0.4000,1.0000,7,9,8,0,0,9,8,0.1111
4,92.0000,18,3,510.6263,-85.3708,0.2618,32,0.8000,0.6667,6,5,2,0,0,5,2,0.6000
4,92.0000,18,4,197.1106,-78.2115,0.8143,39,0.9750,0.0000,4,5,1,0,0,5,1,0.8000
4,92.0000,18,6,899.0132,-88.6047,-0.5647,11,0.2750,1.0000,8,8,7,0,0,8,7,0.1250
4,92.0000,18,7,720.5988,-88.1168,-0.0297,18,0.4500,0.7143,7,7,5,0,0,7,5,0.2857
4,92.0000,18,9,461.5472,-85.3141,0.1268,35,0.8750,0.5000,6,7,5,0,0,7,5,0.2857
4,92.0000,18,11,641.6054,-86.1430,-0.3544,25,0.6250,0.5000,6,7,6,0,0,7,6,0.1429
4,92.0000,18,14,618.7183,-87.2947,1.3741,20,0.5000,0.8750,8,7,6,0,0,7,6,0.1429
4,92.0000,18,16,372.6294,-80.3131,-1.4894,37,0.9250,0.4000,5,5,2,0,0,5,2,0.6000
4,92.0000,18,17,257.6741,-77.4335,-1.1176,40,1.0000,0.2000,5,4,0,0,0,4,0,1.0000
4,92.0000,18,19,891.4933,-88.4109,-0.4014,7,0.1750,1.0000,6,8,8,0,0,8,8,0.0000
4,92.0000,18,21,255.5344,-79.4246,0.4532,39,0.9750,0.1667,6,3,0,0,0,3,0,1.0000
4,92.0000,18,23,678.6888,-87.3640,-0.4691,26,0.6500,0.5000,6,5,4,0,0,5,4,0.2000
4,92.0000,18,24,852.4525,-88.7592,-0.3187,5,0.1250,1.0000,8,8,8,0,0,8,8,0.0000
4,92.0000,18,25,808.4687,-88.3597,0.4150,11,0.2750,1.0000,8,7,5,0,0,7,5,0.2857
4,92.0000,19,0,603.9842,-86.4401,0.1279,20,0.5128,0.8750,8,7,6,0,0,7,6,0.1429
4,92.0000,19,2,529.3310,-85.1389,0.2378,27,0.6923,0.2000,5,5,3,0,0,5,3,0.4000
4,92.0000,19,6,722.0632,-87.2958,-0.0047,17,0.4359,0.8571,7,5,2,0,0,5,2,0.6000
4,92.0000,19,9,710.1210,-87.6120,-0.1612,7,0.1795,0.8571,7,8,8,0,0,8,8,0.0000
4,92.0000,19,11,624.6996,-87.1400,0.0947,11,0.2821,0.5000,6,5,2,0,0,5,2,0.6000
4,92.0000,19,12,832.4251,-88.5689,0.9381,8,0.2051,1.0000,8,8,8,0,0,8,8,0.0000
4,92.0000,19,13,634.7508,-86.3117,-0.4000,27,0.6923,0.5000,6,8,7,0,0,8,7,0.1250
4,92.0000,19,15,498.5237,-84.5774,-0.8830,28,0.7179,0.0000,5,4,1,0,0,4,1,0.7500
4,92.0000,19,16,523.2911,-85.6704,0.5333,20,0.5128,0.7143,7,5,2,0,0,5,2,0.6000
4,92.0000,19,17,944.4122,-88.2027,-0.1017,3,0.0769,1.0000,8,8,7,0,0,8,7,0.1250
4,92.0000,19,18,891.4933,-88.3636,0.0110,5,0.1282,1.0000,8,8,8,0,0,8,8,0.0000
4,92.0000,19,22,537.4693,-85.3456,0.4961,27,0.6923,0.5714,7,5,2,0,0,5,2,0.6000
4,92.0000,19,23,862.5062,-88.1180,-0.8599,3,0.0769,1.0000,8,8,8,0,0,8,8,0.0000
4,92.0000,20,1,863.9474,-88.1766,-0.1559,7,0.1750,1.0000,38,8,8,80,78,88,86,0.0227
4,92.0000,20,5,105.9423,-70.9162,-0.8027,39,0.9750,0.0333,30,4,0,0,0,4,0,1.0000
4,92.0000,20,8,565.4057,-86.0333,-0.5612,26,0.6500,0.7500,8,5,2,0,0,5,2,0.6000
4,92.0000,20,10,550.6043,-85.7564,0.2915,33,0.8250,0.3333,6,7,4,0,0,7,4,0.4286
4,92.0000,20,24,942.4725,-88.4912,-0.3211,5,0.1250,1.0000,8,6,6,0,0,6,6,0.0000
4,92.0000,21,0,865.2433,-88.7020,-0.1126,10,0.2500,0.8571,7,7,6,0,0,7,6,0.1429
4,92.0000,21,1,803.8313,-89.0376,-0.0810,15,0.3750,0.8571,7,6,6,0,0,6,6,0.0000
4,92.0000,21,2,982.0913,-87.9437,-0.7673,4,0.1000,1.0000,8,6,6,0,0,6,6,0.0000
4,92.0000,21,3,279.1855,-79.6494,-0.5838,37,0.9250,0.2000,5,4,0,0,0,4,0,1.0000
4,92.0000,21,4,238.1767,-76.7482,-0.9245,39,0.9750,0.0000,4,4,0,0,0,4,0,1.0000
4,92.0000,21,7,493.9086,-85.6223,0.6315,29,0.7250,0.5000,6,4,0,0,0,4,0,1.0000
4,92.0000,21,8,873.1158,-89.0995,0.3731,6,0.1500,1.0000,8,6,4,0,0,6,4,0.3333
4,92.0000,21,9,635.7214,-86.3860,0.0847,23,0.5750,0.8571,7,8,8,0,0,8,8,0.0000
4,92.0000,21,11,829.1980,-88.2991,-0.5905,14,0.3500,0.8750,8,8,8,0,0,8,8,0.0000
4,92.0000,21,14,548.6941,-86.3823,0.1071,26,0.6500,0.7500,8,5,1,0,0,5,1,0.8000
4,92.0000,21,16,624.6485,-86.0438,-0.9207,28,0.7000,0.7143,7,5,2,8,8,13,10,0.2308
4,92.0000,21,17,358.7117,-83.2794,0.6622,39,0.9750,0.1667,6,5,1,0,0,5,1,0.8000
4,92.0000,21,18,255.5344,-80.0162,0.2837,39,0.9750,0.4000,5,4,0,0,0,4,0,1.0000
4,92.0000,21,23,811.9506,-88.0166,-0.0304,16,0.4000,0.8571,7,8,8,0,0,8,8,0.0000
4,92.0000,21,24,608.0136,-87.8027,0.5579,23,0.5750,0.6667,6,4,0,0,0,4,0,1.0000
4,92.0000,21,25,619.6442,-87.5444,-0.2819,17,0.4250,0.8571,7,5,2,0,0,5,2,0.6000
4,92.0000,22,0,931.2732,-89.2130,0.0583,10,0.2500,1.0000,8,8,8,0,0,8,8,0.0000
4,92.0000,22,2,868.9094,-88.3578,-0.0054,12,0.3000,0.8571,7,8,8,0,0,8,8,0.0000
4,92.0000,22,6,293.4426,-81.2622,0.3389,37,0.9250,0.3333,6,4,0,0,0,4,0,1.0000
4,92.0000,22,9,792.5222,-88.5960,0.2833,9,0.2250,0.8750,8,7,4,0,0,7,4,0.4286
4,92.0000,22,11,567.6036,-86.3326,0.6133,23,0.5750,0.5000,6,7,5,0,0,7,5,0.2857
4,92.0000,22,12,446.6304,-83.4772,-0.1271,39,0.9750,0.2000,5,6,3,0,0,6,3,0.5000
4,92.0000,22,13,928.7907,-88.1481,0.5515,12,0.3000,0.8750,8,8,8,0,0,8,8,0.0000
4,92.0000,22,15,337.1405,-80.5697,-0.9819,38,0.9500,0.0000,4,4,0,0,0,4,0,1.0000
4,92.0000,22,16,714.9336,-88.4326,0.0536,13,0.3250,0.7143,7,7,5,0,0,7,5,0.2857
4,92.0000,22,18,1012.8018,-88.5052,-0.0197,5,0.1250,1.0000,6,4,4,0,0,4,4,0.0000
4,92.0000,22,19,537.4693,-86.4090,0.6100,27,0.6750,0.1667,6,6,4,0,0,6,4,0.3333
4,92.0000,22,23,583.7523,-86.6308,0.2749,23,0.5750,0.8571,7,5,1,0,0,5,1,0.8000
4,92.0000,23,0,983.1686,-88.6681,-0.1260,9,0.2308,1.0000,6,6,5,0,0,6,5,0.1667
4,92.0000,23,2,1002.2206,-88.5852,1.5159,6,0.1538,1.0000,8,2,2,0,0,2,2,0.0000
4,92.0000,23,3,990.6031,-88.6770,0.2994,8,0.2051,1.0000,8,8,8,0,0,8,8,0.0000
4,92.0000,23,4,744.4275,-87.7902,0.8091,11,0.2821,0.8750,8,6,3,0,0,6,3,0.5000
4,92.0000,23,6,369.4848,-84.2072,0.6677,36,0.9231,0.0000,4,5,2,0,0,5,2,0.6000
4,92.0000,23,9,657.2257,-88.1303,-0.0103,15,0.3846,1.0000,8,6,4,0,0,6,4,0.3333
4,92.0000,23,11,544.4294,-85.4097,0.1265,26,0.6667,0.5714,7,6,4,0,0,6,4,0.3333
4,92.0000,23,12,925.9903,-88.6689,-0.6108,4,0.1026,1.0000,8,8,8,0,0,8,8,0.0000
4,92.0000,23,14,555.7600,-85.9062,0.3241,27,0.6923,0.4000,5,7,5,0,0,7,5,0.2857
4,92.0000,23,15,908.2298,-88.5065,-0.0896,12,0.3077,1.0000,8,8,8,0,0,8,8,0.0000
4,92.0000,23,16,611.9022,-86.7905,-0.0129,27,0.6923,0.3333,6,8,8,0,0,8,8,0.0000
4,92.0000,23,17,923.5166,-88.1468,0.2406,8,0.2051,1.0000,10,8,8,2,2,10,10,0.0000
4,92.0000,23,18,678.6888,-87.2181,0.4815,18,0.4615,1.0000,8,5,1,0,0,5,1,0.8000
4,92.0000,23,19,862.5062,-88.5128,0.7110,7,0.1795,1.0000,4,7,6,0,0,7,6,0.1429
4,92.0000,23,21,811.9506,-88.3338,-0.4124,16,0.4103,0.8750,8,7,6,0,0,7,6,0.1429
4,92.0000,23,22,583.7523,-86.8032,0.2529,23,0.5897,0.5000,6,7,5,0,0,7,5,0.2857
4,92.0000,24,1,250.4125,-76.0906,-1.8122,35,0.8974,0.2000,5,4,0,0,0,4,0,1.0000
4,92.0000,24,3,345.9695,-84.1628,0.4623,30,0.7692,0.0000,5,5,1,0,0,5,1,0.8000
4,92.0000,24,4,826.5636,-87.9490,0.7023,7,0.1795,0.8571,7,8,8,0,0,8,8,0.0000
4,92.0000,24,5,892.0635,-88.4773,0.9743,10,0.2564,1.0000,8,6,4,0,0,6,4,0.3333
4,92.0000,24,7,499.3892,-85.4556,0.1567,30,0.7692,0.4000,5,8,3,0,0,8,3,0.6250
4,92.0000,24,8,445.8077,-85.2899,0.7158,26,0.6667,0.0000,4,5,1,0,0,5,1,0.8000
4,92.0000,24,10,816.4559,-88.4931,0.1283,15,0.3846,0.8571,7,8,7,0,0,8,7,0.1250
4,92.0000,24,14,833.4477,-88.4732,-1.0593,4,0.1026,1.0000,6,8,7,0,0,8,7,0.1250
4,92.0000,24,17,872.4800,-88.7209,0.2047,7,0.1795,1.0000,8,5,2,0,0,5,2,0.6000
4,92.0000,24,18,852.4525,-88.2911,1.3215,4,0.1026,0.8571,7,8,8,0,0,8,8,0.0000
4,92.0000,24,20,942.4725,-89.1744,-0.5316,5,0.1282,0.8750,8,8,8,0,0,8,8,0.0000
4,92.0000,24,21,608.0136,-87.1305,-0.1695,18,0.4615,0.7143,7,7,5,0,0,7,5,0.2857
4,92.0000,24,25,608.7859,-86.1746,-0.2255,20,0.5128,0.8000,10,6,4,0,0,6,4,0.3333
4,92.0000,25,1,599.4746,-86.5197,-0.1890,27,0.6750,0.7143,7,5,2,0,0,5,2,0.6000
4,92.0000,25,3,596.3236,-86.5344,-0.2335,23,0.5750,0.7143,7,8,5,0,0,8,5,0.3750
4,92.0000,25,4,690.7194,-87.5601,-0.0211,21,0.5250,0.8750,8,7,5,0,0,7,5,0.2857
4,92.0000,25,7,336.6410,-82.2234,0.3508,39,0.9750,0.0000,4,5,1,0,0,5,1,0.8000
4,92.0000,25,8,974.3346,-89.0833,-0.3101,5,0.1250,1.0000,4,8,8,0,0,8,8,0.0000
4,92.0000,25,17,713.4330,-88.2153,0.2077,10,0.2500,0.7500,8,8,6,0,0,8,6,0.2500
4,92.0000,25,18,808.4687,-89.0333,0.1209,10,0.2500,0.8333,6,6,3,0,0,6,3,0.5000
4,92.0000,25,21,619.6442,-87.3355,-0.1631,14,0.3500,0.8750,8,5,2,0,0,5,2,0.6000
4,92.0000,25,24,608.7859,-86.3257,0.2051,25,0.6250,0.4286,7,8,8,0,0,8,8,0.0000
4,96.0000,0,2,204.2047,-75.0323,-1.1468,38,0.9500,0.0000,4,5,1,0,0,5,1,0.8000
4,96.0000,0,4,480.3511,-86.4128,0.3442,23,0.5750,0.5000,6,4,0,0,0,4,0,1.0000
4,96.0000,0,6,835.8566,-86.8806,0.7688,6,0.1500,1.0000,8,7,6,0,0,7,6,0.1429
4,96.0000,0,9,393.1815,-83.5596,0.3375,34,0.8500,0.2000,5,4,0,0,0,4,0,1.0000
4,96.0000,0,11,482.6568,-85.8395,0.0839,25,0.6250,0.6667,6,7,5,0,0,7,5,0.2857
4,96.0000,0,13,852.9985,-88.8993,0.5843,9,0.2250,1.0000,8,8,7,0,0,8,7,0.1250
4,96.0000,0,15,1088.2583,-88.3082,-0.2977,3,0.0750,1.0000,4,4,4,0,0,4,4,0.0000
4,96.0000,0,16,341.6702,-83.1800,0.3823,33,0.8250,0.0000,4,5,2,0,0,5,2,0.6000
4,96.0000,0,17,651.1259,-86.8451,0.6317,18,0.4500,0.2000,5,8,7,0,0,8,7,0.1250
4,96.0000,0,18,655.0480,-87.5067,0.0273,16,0.4000,1.0000,8,7,5,0,0,7,5,0.2857
4,96.0000,0,19,584.2900,-86.3680,-0.8489,23,0.5750,0.8571,7,6,4,0,0,6,4,0.3333
4,96.0000,0,21,860.3703,-88.6249,0.0640,10,0.2500,0.8571,7,8,8,0,0,8,8,0.0000
4,96.0000,0,22,838.2816,-87.8830,-0.4552,8,0.2000,1.0000,8,8,7,0,0,8,7,0.1250
4,96.0000,0,23,862.9708,-88.4160,0.5855,6,0.1500,1.0000,8,8,7,0,0,8,7,0.1250
4,96.0000,1,3,567.5682,-85.4625,0.1102,23,0.5750,0.7872,47,8,6,13,11,21,17,0.1905
4,96.0000,1,5,748.4083,-88.5201,-0.2222,10,0.2500,1.0000,8,6,4,0,0,6,4,0.3333
4,96.0000,1,7,599.8794,-86.2331,0.0835,26,0.6500,0.5000,6,6,4,0,0,6,4,0.3333
4,96.0000,1,8,455.6282,-85.5975,0.1117,24,0.6000,0.3043,23,4,0,13,4,17,4,0.7647
4,96.0000,1,10,597.1650,-86.7630,0.2137,21,0.5250,0.8571,7,7,4,0,0,7,4,0.4286
4,96.0000,1,14,1105.8345,-88.5849,-1.3944,3,0.0750,1.0000,4,4,4,0,0,4,4,0.0000
4,96.0000,1,18,1041.9316,-89.1408,-0.3698,3,0.0750,1.0000,8,8,8,0,0,8,8,0.0000
4,96.0000,1,20,856.7317,-88.8023,0.2734,5,0.1250,0.8750,8,8,8,0,0,8,8,0.0000
4,96.0000,1,21,782.7493,-88.1457,-0.3415,4,0.1000,0.8571,7,8,8,0,0,8,8,0.0000
4,96.0000,1,24,406.5975,-81.1470,-1.2426,35,0.8750,0.2000,5,4,0,0,0,4,0,1.0000
4,96.0000,1,25,707.0008,-87.0252,-0.0796,22,0.5500,0.3750,8,8,8,0,0,8,8,0.0000
4,96.0000,2,0,204.2047,-75.5808,-1.3526,35,0.8750,0.2000,5,4,0,0,0,4,0,1.0000
4,96.0000,2,4,682.9414,-88.1168,0.3944,13,0.3250,0.8571,7,7,5,0,0,7,5,0.2857
4,96.0000,2,9,556.8201,-85.5654,0.3419,22,0.5500,0.5000,6,7,5,0,0,7,5,0.2857
4,96.0000,2,11,529.1676,-86.7775,0.6874,23,0.5750,0.6250,8,7,5,0,0,7,5,0.2857
4,96.0000,2,13,664.8448,-87.9881,-0.2186,18,0.4500,0.5714,7,7,6,0,0,7,6,0.1429
4,96.0000,2,15,994.6579,-88.4929,-1.7744,3,0.0750,1.0000,8,8,8,0,0,8,8,0.0000
4,96.0000,2,16,437.7122,-85.6401,0.3770,25,0.6250,0.7143,7,5,1,0,0,5,1,0.8000
4,96.0000,2,17,826.8134,-88.3973,-0.0776,8,0.2000,0.8571,7,8,8,0,0,8,8,0.0000
4,96.0000,2,18,848.0356,-88.1143,0.5308,10,0.2500,1.0000,8,8,8,0,0,8,8,0.0000
4,96.0000,2,19,529.8543,-86.0804,-0.1735,24,0.6000,0.7143,7,5,1,2,2,7,3,0.5714
4,96.0000,2,22,836.2653,-88.4330,0.1792,5,0.1250,0.8571,7,6,6,0,0,6,6,0.0000
4,96.0000,3,1,567.5682,-86.3540,-0.1076,29,0.7250,0.3333,6,5,2,0,0,5,2,0.6000
4,96.0000,3,4,687.4685,-86.4544,-0.4842,21,0.5250,0.7143,7,8,8,0,0,8,8,0.0000
4,96.0000,3,5,905.2749,-89.6915,-0.2281,3,0.0750,1.0000,4,6,4,0,0,6,4,0.3333
4,96.0000,3,7,450.9558,-84.8374,0.0088,28,0.7000,0.3333,6,6,4,0,0,6,4,0.3333
4,96.0000,3,8,419.3115,-85.8162,0.4662,28,0.7000,0.5714,7,5,2,0,0,5,2,0.6000
4,96.0000,3,9,953.1135,-89.3022,0.0129,4,0.1000,1.0000,8,8,7,0,0,8,7,0.1250
4,96.0000,3,10,998.8505,-88.1193,0.3710,4,0.1000,1.0000,6,8,8,0,0,8,8,0.0000
4,96.0000,3,14,620.3619,-86.5620,-0.1440,27,0.6750,0.5714,7,7,6,0,0,7,6,0.1429
4,96.0000,3,16,1063.6473,-89.0906,0.1108,6,0.1500,0.8571,7,4,4,0,0,4,4,0.0000
4,96.0000,3,17,649.5443,-86.4254,-0.4313,22,0.5500,0.7143,7,7,5,0,0,7,5,0.2857
4,96.0000,3,18,524.5860,-84.9980,0.7662,26,0.6500,0.5000,6,4,0,0,0,4,0,1.0000
4,96.0000,3,21,305.0621,-80.9153,-0.6839,35,0.8750,0.3333,6,3,0,0,0,3,0,1.0000
4,96.0000,3,24,169.9668,-79.7241,2.1945,38,0.9500,0.0000,4,4,0,0,0,4,0,1.0000
4,96.0000,3,25,615.9159,-86.7660,0.4001,34,0.8500,0.6667,6,8,5,0,0,8,5,0.3750
4,96.0000,4,0,480.3511,-85.9009,1.2454,25,0.6250,0.6667,6,4,0,0,0,4,0,1.0000
4,96.0000,4,1,1151.2553,-89.2848,-0.3074,4,0.1000,1.0000,6,2,2,0,0,2,2,0.0000
4,96.0000,4,2,682.9414,-88.0310,-0.3590,13,0.3250,1.0000,8,7,5,0,0,7,5,0.2857
4,96.0000,4,3,687.4685,-86.4945,-0.2380,24,0.6000,0.5000,6,9,8,0,0,9,8,0.1111
4,96.0000,4,6,857.7970,-88.5462,-0.1442,9,0.2250,0.8571,7,7,6,0,0,7,6,0.1429
4,96.0000,4,7,661.3984,-86.7449,-0.4503,22,0.5500,0.6667,6,7,6,0,0,7,6,0.1429
4,96.0000,4,9,328.9393,-82.0808,0.6390,33,0.8250,0.0000,4,4,0,0,0,4,0,1.0000
4,96.0000,4,11,649.7396,-86.9031,-0.0348,21,0.5250,0.7143,7,7,4,0,0,7,4,0.4286
4,96.0000,4,14,545.0424,-86.7877,0.2750,28,0.7000,0.6667,6,6,3,0,0,6,3,0.5000
4,96.0000,4,16,471.9463,-85.3181,-0.4651,30,0.7500,0.4000,5,6,2,0,0,6,2,0.6667
4,96.0000,4,17,367.9904,-82.7439,-0.5799,36,0.9000,0.2000,5,5,0,0,0,5,0,1.0000
4,96.0000,4,18,220.7403,-76.8490,-0.2305,37,0.9250,0.0000,4,6,2,0,0,6,2,0.6667
4,96.0000,4,19,857.6346,-88.4856,0.5181,7,0.1750,1.0000,8,7,6,0,0,7,6,0.1429
4,96.0000,4,21,391.1398,-81.3900,-1.3406,36,0.9000,0.2000,5,5,1,0,0,5,1,0.8000
4,96.0000,4,22,972.9995,-88.9854,-0.4476,6,0.1500,1.0000,8,8,8,0,0,8,8,0.0000
4,96.0000,4,23,760.7803,-87.9896,0.2314,19,0.4750,0.7143,7,7,6,0,0,7,6,0.1429
4,96.0000,4,24,836.7901,-89.2483,-0.0889,8,0.2000,0.6667,6,8,8,0,0,8,8,0.0000
4,96.0000,4,25,660.0218,-87.1136,-0.4624,26,0.6500,0.6667,6,6,4,0,0,6,4,0.3333
4,96.0000,5,1,748.4083,-88.3645,0.1724,16,0.4000,0.7143,7,4,0,0,0,4,0,1.0000
4,96.0000,5,3,905.2749,-88.8266,0.0668,6,0.1500,1.0000,4,8,8,0,0,8,8,0.0000
4,96.0000,5,7,886.2001,-89.1040,-0.0229,7,0.1750,1.0000,8,8,6,0,0,8,6,0.2500
4,96.0000,5,8,509.2359,-85.0704,-0.0682,35,0.8750,0.3333,6,6,2,0,0,6,2,0.6667
4,96.0000,5,10,523.9964,-86.6508,0.2916,30,0.7500,0.3333,6,6,2,0,0,6,2,0.6667
4,96.0000,5,20,145.9494,-71.9385,-0.7025,40,1.0000,0.0000,4,5,2,0,0,5,2,0.6000
4,96.0000,5,24,803.0240,-87.9697,0.3741,9,0.2250,0.8750,8,8,7,0,0,8,7,0.1250
4,96.0000,6,0,835.8566,-88.1910,-0.4109,10,0.2564,1.0000,44,8,8,10,10,18,18,0.0000
4,96.0000,6,2,889.5409,-88.6255,-0.0251,9,0.2308,1.0000,18,6,6,0,0,6,6,0.0000
4,96.0000,6,4,857.7970,-88.7722,-0.3584,8,0.2051,1.0000,6,6,6,0,0,6,6,0.0000
4,96.0000,6,9,596.0190,-87.2281,0.0443,25,0.6410,0.5714,7,8,8,70,67,78,75,0.0385
4,96.0000,6,11,395.0209,-84.0317,1.1120,36,0.9231,0.0000,4,4,0,0,0,4,0,1.0000
4,96.0000,6,12,672.8608,-86.8710,-0.8227,29,0.7436,0.4000,5,7,6,0,0,7,6,0.1429
4,96.0000,6,14,749.5123,-88.0335,-0.0293,12,0.3077,1.0000,8,8,7,0,0,8,7,0.1250
4,96.0000,6,15,755.1170,-86.8695,-0.5090,25,0.6410,0.8571,7,6,4,0,0,6,4,0.3333
4,96.0000,6,16,652.8505,-87.8230,0.3791,27,0.6923,0.8947,38,7,6,0,0,7,6,0.1429
4,96.0000,6,18,908.3431,-88.9670,-0.1705,9,0.2308,1.0000,8,8,8,0,0,8,8,0.0000
4,96.0000,6,19,662.5700,-87.8777,0.4454,16,0.4103,0.5714,7,7,6,4,2,11,8,0.2727
4,96.0000,6,21,1119.7717,-89.1904,0.0713,3,0.0769,1.0000,6,2,2,0,0,2,2,0.0000
4,96.0000,6,22,282.3340,-80.7592,0.3898,38,0.9744,0.2000,5,4,0,0,0,4,0,1.0000
4,96.0000,6,23,251.4877,-81.0500,0.8471,39,1.0000,0.3750,8,4,0,0,0,4,0,1.0000
4,96.0000,7,1,599.8794,-86.3640,-0.0285,31,0.7750,0.5714,7,6,3,0,0,6,3,0.5000
4,96.0000,7,3,450.9558,-84.6837,-0.2147,29,0.7250,0.5714,7,6,3,0,0,6,3,0.5000
4,96.0000,7,4,661.3984,-86.7565,-0.5033,23,0.5750,0.8571,7,8,8,0,0,8,8,0.0000
4,96.0000,7,5,886.2001,-88.9024,0.1339,5,0.1250,1.0000,8,8,8,0,0,8,8,0.0000
4,96.0000,7,8,591.4882,-86.7558,-0.1538,16,0.4000,1.0000,8,5,2,0,0,5,2,0.6000
4,96.0000,7,9,883.2110,-88.7014,0.1772,9,0.2250,1.0000,6,7,6,0,0,7,6,0.1429
4,96.0000,7,14,673.3775,-87.9164,0.0447,16,0.4000,1.0000,8,8,8,0,0,8,8,0.0000
4,96.0000,7,16,1127.8531,-88.6996,-0.0331,4,0.1000,1.0000,2,2,2,0,0,2,2,0.0000
4,96.0000,7,17,725.4488,-88.0766,-0.2381,15,0.3750,0.7143,7,6,3,0,0,6,3,0.5000
4,96.0000,7,18,639.9015,-87.6877,0.4677,18,0.4500,0.8571,7,6,3,0,0,6,3,0.5000
4,96.0000,7,20,1026.6081,-89.3807,0.0052,3,0.0750,1.0000,6,4,4,0,0,4,4,0.0000
4,96.0000,7,21,421.5842,-84.6324,0.5323,28,0.7000,0.7143,7,5,2,0,0,5,2,0.6000
4,96.0000,7,24,463.5743,-85.1420,-0.0515,29,0.7250,0.4000,5,7,3,0,0,7,3,0.5714
4,96.0000,7,25,388.2263,-82.6782,0.0094,35,0.8750,0.3333,6,5,1,0,0,5,1,0.8000
4,96.0000,8,1,455.6282,-85.0649,0.2063,30,0.7500,0.2000,5,5,1,0,0,5,1,0.8000
4,96.0000,8,3,419.3115,-85.7831,0.6915,26,0.6500,0.8571,7,5,1,4,0,9,1,0.8889
4,96.0000,8,4,1047.0531,-89.2703,-0.3910,3,0.0750,1.0000,4,2,2,0,0,2,2,0.0000
4,96.0000,8,5,509.2359,-85.6051,-0.2729,36,0.9000,0.5000,6,6,3,0,0,6,3,0.5000
4,96.0000,8,7,591.4882,-87.0634,0.1906,22,0.5500,0.3333,6,7,5,0,0,7,5,0.2857
4,96.0000,8,10,632.1957,-87.3536,-0.0099,27,0.6750,0.4000,5,8,6,0,0,8,6,0.2500
4,96.0000,8,14,800.4905,-87.9172,0.0091,12,0.3000,1.0000,8,8,8,0,0,8,8,0.0000
4,96.0000,8,20,642.2671,-86.6705,-0.0294,25,0.6250,0.5000,6,8,8,0,0,8,8,0.0000
4,96.0000,8,21,692.2703,-88.2033,0.2391,12,0.3000,0.8750,8,7,6,0,0,7,6,0.1429
4,96.0000,8,24,313.0947,-82.6574,0.5951,34,0.8500,0.0000,4,4,0,0,0,4,0,1.0000
4,96.0000,8,25,874.7185,-88.8659,0.0774,9,0.2250,0.8750,8,7,6,0,0,7,6,0.1429
4,96.0000,9,0,393.1815,-83.9516,-0.0150,34,0.8500,0.0000,4,7,3,0,0,7,3,0.5714
4,96.0000,9,2,556.8201,-86.1459,-1.0414,24,0.6000,0.0000,4,7,5,0,0,7,5,0.2857
4,96.0000,9,3,953.1135,-88.3203,-0.6561,5,0.1250,1.0000,8,8,8,0,0,8,8,0.0000
4,96.0000,9,4,328.9393,-83.9267,-0.0451,33,0.8250,0.0000,4,4,0,0,0,4,0,1.0000
4,96.0000,9,6,596.0190,-87.0753,0.1803,25,0.6250,0.7143,7,6,2,0,0,6,2,0.6667
4,96.0000,9,7,883.2110,-88.9175,-0.6084,5,0.1250,1.0000,8,8,8,0,0,8,8,0.0000
4,96.0000,9,11,337.8591,-80.8156,-0.3486,36,0.9000,0.0000,4,4,0,0,0,4,0,1.0000
4,96.0000,9,12,1101.5210,-88.7930,0.6540,3,0.0750,1.0000,8,4,4,0,0,4,4,0.0000
4,96.0000,9,14,571.9248,-87.3053,0.6754,21,0.5250,1.0000,8,5,2,0,0,5,2,0.6000
4,96.0000,9,15,1121.3672,-89.1238,-0.7091,3,0.0750,1.0000,4,4,4,0,0,4,4,0.0000
4,96.0000,9,16,398.7588,-82.0937,-0.6629,34,0.8500,0.0000,4,6,2,0,0,6,2,0.6667
4,96.0000,9,17,676.3785,-87.3712,-0.4467,24,0.6000,0.5000,6,6,4,14,14,20,18,0.1000
4,96.0000,9,18,492.1256,-84.6994,-0.7443,33,0.8250,0.0000,4,5,2,0,0,5,2,0.6000
4,96.0000,9,19,703.7745,-86.9664,0.0004,20,0.5000,0.8571,7,7,6,25,22,32,28,0.1250
4,96.0000,9,21,684.6293,-86.8980,-0.0272,21,0.5250,0.8750,8,6,2,0,0,6,2,0.6667
4,96.0000,9,22,725.5898,-87.9564,0.1618,18,0.4500,0.8571,7,6,4,0,0,6,4,0.3333
4,96.0000,9,23,582.7421,-86.6983,0.0414,24,0.6000,0.5000,6,7,6,0,0,7,6,0.1429
4,96.0000,9,25,939.4848,-88.9609,0.2925,5,0.1250,1.0000,8,8,7,0,0,8,7,0.1250
4,96.0000,10,1,597.1650,-86.7978,0.2751,28,0.7000,0.7778,117,7,4,86,74,93,78,0.1613
4,96.0000,10,3,998.8505,-89.2090,-0.0679,4,0.1000,1.0000,6,8,8,0,0,8,8,0.0000
4,96.0000,10,5,523.9964,-86.3675,-0.0281,31,0.7750,0.5000,6,5,1,0,0,5,1,0.8000
4,96.0000,10,8,632.1957,-87.2499,0.3292,24,0.6000,0.7778,45,7,5,0,0,7,5,0.2857
4,96.0000,10,20,528.4910,-85.6519,-0.3052,30,0.7500,0.5000,6,6,2,59,40,65,42,0.3538
4,96.0000,10,24,840.1221,-88.5959,0.1835,11,0.2750,1.0000,8,8,7,0,0,8,7,0.1250
4,96.0000,11,0,482.6568,-85.2075,0.4080,30,0.7500,0.7143,7,4,0,0,0,4,0,1.0000
4,96.0000,11,2,529.1676,-86.0514,0.4942,31,0.7750,0.4000,5,5,2,0,0,5,2,0.6000
4,96.0000,11,4,649.7396,-87.5510,-0.0290,24,0.6000,0.6667,6,7,6,0,0,7,6,0.1429
4,96.0000,11,6,395.0209,-83.7971,0.1344,38,0.9500,0.2000,5,4,0,5,4,9,4,0.5556
4,96.0000,11,9,337.8591,-80.4954,-0.5962,36,0.9000,0.0000,4,5,2,33,21,38,23,0.3947
4,96.0000,11,12,767.7029,-88.2975,-0.0280,19,0.4750,0.6667,6,8,8,0,0,8,8,0.0000
4,96.0000,11,13,853.4371,-88.5610,-0.0878,9,0.2250,0.8571,7,8,7,0,0,8,7,0.1250
4,96.0000,11,14,790.1231,-88.2710,-0.5906,13,0.3250,0.7143,7,7,6,0,0,7,6,0.1429
4,96.0000,11,15,820.3773,-87.8422,-0.0388,8,0.2000,0.8571,7,8,8,0,0,8,8,0.0000
4,96.0000,11,16,445.1630,-84.0013,0.1173,34,0.8500,0.4000,5,5,2,0,0,5,2,0.6000
4,96.0000,11,17,962.3741,-87.8107,-1.0530,8,0.2000,1.0000,8,6,6,0,0,6,6,0.0000
4,96.0000,11,18,784.2575,-87.6351,-0.1211,17,0.4250,0.7143,7,8,8,0,0,8,8,0.0000
4,96.0000,11,19,537.0084,-86.3410,0.6477,34,0.8500,0.7805,82,5,2,33,25,38,27,0.2895
4,96.0000,11,21,1003.8995,-88.6970,-0.3564,8,0.2000,1.0000,8,8,8,0,0,8,8,0.0000
4,96.0000,11,22,462.0404,-85.2923,0.0222,33,0.8250,0.0000,4,8,7,0,0,8,7,0.1250
4,96.0000,11,23,519.6464,-85.8574,0.2464,33,0.8250,0.5000,6,6,4,0,0,6,4,0.3333
4,96.0000,12,2,1093.5009,-89.4741,-0.3093,4,0.1000,1.0000,4,6,6,0,0,6,6,0.0000
4,96.0000,12,6,672.8608,-87.4764,0.1636,24,0.6000,0.8571,7,8,7,0,0,8,7,0.1250
4,96.0000,12,11,767.7029,-88.0474,0.3931,14,0.3500,1.0000,8,7,5,0,0,7,5,0.2857
4,96.0000,12,13,844.7437,-89.1709,-0.5428,8,0.2000,1.0000,8,8,8,0,0,8,8,0.0000
4,96.0000,12,15,459.7591,-85.6292,-0.2868,31,0.7750,0.4000,5,5,1,0,0,5,1,0.8000
4,96.0000,12,19,847.4302,-88.3927,-0.4081,10,0.2500,0.6667,6,8,8,0,0,8,8,0.0000
4,96.0000,12,22,542.8289,-85.3168,-0.4370,30,0.7500,0.4000,5,6,4,0,0,6,4,0.3333
4,96.0000,12,23,909.2292,-88.3758,0.3697,5,0.1250,1.0000,8,8,8,0,0,8,8,0.0000
4,96.0000,13,0,852.9985,-88.2971,-0.1397,12,0.3000,0.8571,7,8,8,0,0,8,8,0.0000
4,96.0000,13,2,664.8448,-87.9864,-0.0901,17,0.4250,0.7143,7,5,1,0,0,5,1,0.8000
4,96.0000,13,6,1073.7671,-89.1602,-0.1229,4,0.1000,1.0000,6,4,4,0,0,4,4,0.0000
4,96.0000,13,11,853.4371,-88.3664,-0.3782,8,0.2000,1.0000,8,7,6,0,0,7,6,0.1429
4,96.0000,13,12,844.7437,-89.1471,0.1850,6,0.1500,1.0000,8,7,5,0,0,7,5,0.2857
4,96.0000,13,15,668.5605,-87.3480,-0.0163,22,0.5500,0.6667,6,6,4,0,0,6,4,0.3333
4,96.0000,13,16,904.2649,-88.1136,-0.3217,4,0.1000,1.0000,4,8,8,0,0,8,8,0.0000
4,96.0000,13,19,630.1611,-86.7700,0.1949,22,0.5500,0.6667,6,6,4,0,0,6,4,0.3333
4,96.0000,13,22,876.2227,-88.1874,-0.8322,8,0.2000,1.0000,8,7,6,0,0,7,6,0.1429
4,96.0000,14,0,929.6072,-88.1797,1.1981,5,0.1250,1.0000,4,8,7,0,0,8,7,0.1250
4,96.0000,14,3,620.3619,-87.1618,-0.5898,30,0.7500,0.6667,6,8,6,0,0,8,6,0.2500
4,96.0000,14,4,545.0424,-86.7581,0.2906,26,0.6500,0.3333,6,3,0,0,0,3,0,1.0000
4,96.0000,14,6,749.5123,-88.5004,-0.1101,11,0.2750,1.0000,8,7,4,0,0,7,4,0.4286
4,96.0000,14,7,673.3775,-87.5168,-0.1071,26,0.6500,0.6667,6,7,6,0,0,7,6,0.1429
4,96.0000,14,8,800.4905,-88.0059,-0.1157,18,0.4500,0.8571,7,8,8,0,0,8,8,0.0000
4,96.0000,14,9,571.9248,-87.5272,0.5224,17,0.4250,0.8571,7,6,3,0,0,6,3,0.5000
4,96.0000,14,11,790.1231,-88.6237,-0.3746,17,0.4250,1.0000,8,8,7,0,0,8,7,0.1250
4,96.0000,14,16,794.3061,-88.1230,-0.0077,7,0.1750,0.5000,6,7,6,0,0,7,6,0.1429
4,96.0000,14,17,810.9242,-88.0779,0.3766,10,0.2500,1.0000,8,7,4,0,0,7,4,0.4286
4,96.0000,14,18,486.4975,-86.1313,0.6272,27,0.6750,0.7143,7,6,2,0,0,6,2,0.6667
4,96.0000,14,21,530.8801,-86.3831,-0.1119,22,0.5500,0.5000,6,6,3,0,0,6,3,0.5000
4,96.0000,14,22,972.4093,-88.9930,0.9413,3,0.0750,1.0000,8,8,8,0,0,8,8,0.0000
4,96.0000,14,23,571.7577,-85.9150,0.3499,29,0.7250,0.5000,6,5,2,0,0,5,2,0.6000
4,96.0000,14,24,753.7764,-88.5481,-0.3795,15,0.3750,1.0000,8,8,8,0,0,8,8,0.0000
4,96.0000,14,25,930.2011,-89.2555,-0.0567,4,0.1000,1.0000,8,8,8,0,0,8,8,0.0000
4,96.0000,15,2,994.6579,-88.6780,0.1070,7,0.1750,1.0000,6,4,4,0,0,4,4,0.0000
4,96.0000,15,6,755.1170,-87.9569,-0.3312,14,0.3500,0.8571,7,8,8,0,0,8,8,0.0000
4,96.0000,15,11,820.3773,-88.5467,0.1724,7,0.1750,1.0000,8,8,8,0,0,8,8,0.0000
4,96.0000,15,12,459.7591,-85.2589,0.1206,32,0.8000,0.0000,4,5,1,0,0,5,1,0.8000
4,96.0000,15,13,668.5605,-87.2852,-0.1776,21,0.5250,0.8571,7,4,0,0,0,4,0,1.0000
4,96.0000,15,16,932.9569,-88.5450,0.2085,5,0.1250,1.0000,8,8,8,0,0,8,8,0.0000
4,96.0000,15,19,586.8938,-86.2012,-0.5606,26,0.6500,0.3333,6,7,6,0,0,7,6,0.1429
4,96.0000,15,22,486.4708,-83.3039,-0.2719,36,0.9000,0.5000,6,6,3,0,0,6,3,0.5000
4,96.0000,15,23,917.7789,-88.5184,-0.1842,5,0.1250,1.0000,8,7,6,0,0,7,6,0.1429
4,96.0000,16,0,341.6702,-82.7143,1.2317,35,0.8750,0.0000,4,4,0,0,0,4,0,1.0000
4,96.0000,16,2,437.7122,-85.3486,0.3030,33,0.8250,0.2000,5,6,2,2,2,8,4,0.5000
4,96.0000,16,3,1063.6473,-88.4913,-0.5739,5,0.1250,1.0000,8,4,4,0,0,4,4,0.0000
4,96.0000,16,4,471.9463,-85.3754,0.5594,26,0.6500,0.3333,6,5,1,0,0,5,1,0.8000
4,96.0000,16,6,652.8505,-86.8022,-0.1773,24,0.6000,0.6667,6,8,7,0,0,8,7,0.1250
4,96.0000,16,9,398.7588,-82.6488,-0.2368,34,0.8500,0.4000,5,6,3,0,0,6,3,0.5000
4,96.0000,16,11,445.1630,-83.9723,-0.0003,34,0.8500,0.4000,5,5,2,0,0,5,2,0.6000
4,96.0000,16,12,1078.2492,-89.3951,0.8192,3,0.0750,1.0000,4,6,6,0,0,6,6,0.0000
4,96.0000,16,14,794.3061,-88.5321,0.1596,13,0.3250,0.8571,7,6,4,0,0,6,4,0.3333
4,96.0000,16,15,932.9569,-88.6415,0.1460,7,0.1750,1.0000,8,8,8,0,0,8,8,0.0000
4,96.0000,16,17,640.1476,-86.0501,-0.7982,24,0.6000,0.7500,8,8,7,0,0,8,7,0.1250
4,96.0000,16,18,543.5929,-84.1483,-1.1633,31,0.7750,0.0000,5,4,2,0,0,4,2,0.5000
4,96.0000,16,19,388.9349,-85.4888,0.8041,32,0.8000,0.4000,5,5,2,0,0,5,2,0.6000
4,96.0000,16,21,800.0618,-87.0608,-0.7823,19,0.4750,0.6667,6,8,8,0,0,8,8,0.0000
4,96.0000,16,22,629.5850,-87.3190,0.2896,24,0.6000,0.8571,7,6,4,0,0,6,4,0.3333
4,96.0000,16,23,621.3299,-87.0859,0.5402,23,0.5750,0.5000,6,6,4,0,0,6,4,0.3333
4,96.0000,16,25,1104.3695,-89.1775,0.1952,3,0.0750,1.0000,8,2,2,0,0,2,2,0.0000
4,96.0000,17,0,651.1259,-87.0369,-0.2837,21,0.5250,0.5000,6,8,8,0,0,8,8,0.0000
4,96.0000,17,2,826.8134,-87.7378,-0.1203,13,0.3250,0.7143,7,8,8,0,0,8,8,0.0000
4,96.0000,17,3,649.5443,-87.4431,-0.4755,23,0.5750,0.0000,4,8,7,0,0,8,7,0.1250
4,96.0000,17,4,367.9904,-81.9892,0.0639,36,0.9000,0.4000,5,4,0,0,0,4,0,1.0000
4,96.0000,17,7,725.4488,-87.9655,0.3346,16,0.4000,0.7143,7,8,7,0,0,8,7,0.1250
4,96.0000,17,9,676.3785,-87.2606,-0.6513,25,0.6250,0.7143,7,7,6,0,0,7,6,0.1429
4,96.0000,17,11,962.3741,-88.4858,-0.1961,10,0.2500,1.0000,6,8,8,0,0,8,8,0.0000
4,96.0000,17,14,810.9242,-88.0861,0.5644,7,0.1750,1.0000,8,8,7,0,0,8,7,0.1250
4,96.0000,17,16,640.1476,-86.0401,0.1678,27,0.6750,0.7143,7,8,7,0,0,8,7,0.1250
4,96.0000,17,18,334.2761,-81.3587,-0.4692,36,0.9000,0.0000,4,4,0,0,0,4,0,1.0000
4,96.0000,17,19,1005.9327,-89.3646,0.3356,6,0.1500,1.0000,8,8,8,0,0,8,8,0.0000
4,96.0000,17,21,392.4281,-83.7184,-0.6163,37,0.9250,0.2000,5,5,2,0,0,5,2,0.6000
4,96.0000,17,23,1044.6892,-89.0285,-0.0004,5,0.1250,1.0000,6,4,4,0,0,4,4,0.0000
4,96.0000,17,24,777.1475,-88.7493,0.0767,16,0.4000,0.9000,10,8,8,0,0,8,8,0.0000
4,96.0000,17,25,563.7379,-87.4361,0.4657,24,0.6000,0.5000,6,7,5,0,0,7,5,0.2857
4,96.0000,18,0,655.0480,-87.5439,0.6596,15,0.3750,0.5000,6,7,4,0,0,7,4,0.4286
4,96.0000,18,1,1041.9316,-89.2639,-0.5006,4,0.1000,1.0000,8,4,4,0,0,4,4,0.0000
4,96.0000,18,2,848.0356,-88.1151,0.1053,12,0.3000,0.8889,9,8,8,0,0,8,8,0.0000
4,96.0000,18,3,524.5860,-86.2901,0.1794,33,0.8250,0.4000,5,4,0,0,0,4,0,1.0000
4,96.0000,18,4,220.7403,-76.5089,0.0046,37,0.9250,0.2000,5,4,0,0,0,4,0,1.0000
4,96.0000,18,6,908.3431,-88.1374,-0.3164,8,0.2000,0.8750,8,8,8,0,0,8,8,0.0000
4,96.0000,18,7,639.9015,-87.5257,0.0778,24,0.6000,0.7143,7,7,5,0,0,7,5,0.2857
4,96.0000,18,9,492.1256,-85.2791,-0.2274,28,0.7000,0.7143,7,8,8,0,0,8,8,0.0000
4,96.0000,18,11,784.2575,-87.1929,-0.9831,17,0.4250,0.8571,7,8,7,0,0,8,7,0.1250
4,96.0000,18,14,486.4975,-86.1748,0.3435,24,0.6000,0.8571,7,7,5,0,0,7,5,0.2857
4,96.0000,18,16,543.5929,-84.6378,-1.1855,29,0.7250,0.4000,5,6,3,0,0,6,3,0.5000
4,96.0000,18,17,334.2761,-80.9182,-1.3912,40,1.0000,0.0000,4,5,2,0,0,5,2,0.6000
4,96.0000,18,19,920.5100,-89.4836,0.0790,4,0.1000,1.0000,8,6,6,0,0,6,6,0.0000
4,96.0000,18,21,261.3413,-79.7721,-0.2536,38,0.9500,0.0000,3,4,0,0,0,4,0,1.0000
4,96.0000,18,23,754.1065,-88.3629,-0.2351,19,0.4750,0.8000,5,9,8,0,0,9,8,0.1111
4,96.0000,18,24,687.3904,-87.2510,0.7950,21,0.5250,1.0000,8,8,7,0,0,8,7,0.1250
4,96.0000,18,25,673.2277,-87.9804,-0.2864,16,0.4000,0.7143,7,6,3,0,0,6,3,0.5000
4,96.0000,19,0,584.2900,-87.1322,-0.2272,21,0.5122,0.8571,7,5,2,0,0,5,2,0.6000
4,96.0000,19,2,529.8543,-85.9793,-0.2141,26,0.6341,0.6000,5,4,0,0,0,4,0,1.0000
4,96.0000,19,4,857.6346,-88.8301,-0.2354,4,0.0976,1.0000,8,7,6,0,0,7,6,0.1429
4,96.0000,19,6,662.5700,-87.4666,-0.4604,19,0.4634,0.4000,5,5,2,0,0,5,2,0.6000
4,96.0000,19,9,703.7745,-88.1379,0.2578,17,0.4146,1.0000,8,8,7,0,0,8,7,0.1250
4,96.0000,19,11,537.0084,-87.5772,0.0305,25,0.6098,0.4000,5,5,2,0,0,5,2,0.6000
4,96.0000,19,12,847.4302,-88.5089,-0.4483,10,0.2439,1.0000,8,7,6,0,0,7,6,0.1429
4,96.0000,19,13,630.1611,-87.1649,0.0449,21,0.5122,0.8750,8,6,3,0,0,6,3,0.5000
4,96.0000,19,15,586.8938,-85.6627,-0.6592,29,0.7073,0.2500,4,7,4,0,0,7,4,0.4286
4,96.0000,19,16,388.9349,-84.6873,0.9362,25,0.6098,0.4000,5,5,1,0,0,5,1,0.8000
4,96.0000,19,17,1005.9327,-89.5580,-0.0650,4,0.0976,0.8750,8,8,8,0,0,8,8,0.0000
4,96.0000,19,18,920.5100,-88.4427,0.8998,5,0.1220,1.0000,8,8,8,0,0,8,8,0.0000
4,96.0000,19,22,475.9769,-86.0599,-0.3509,26,0.6341,0.4000,5,6,2,0,0,6,2,0.6667
4,96.0000,19,23,719.7448,-88.0158,0.0789,16,0.3902,1.0000,8,8,8,0,0,8,8,0.0000
4,96.0000,20,1,856.7317,-87.6768,0.2902,9,0.2308,0.9773,88,8,8,80,80,88,88,0.0000
4,96.0000,20,5,145.9494,-72.6351,-1.3214,37,0.9487,0.0000,4,5,1,0,0,5,1,0.8000
4,96.0000,20,7,1026.6081,-89.6830,0.2799,3,0.0769,1.0000,4,8,7,0,0,8,7,0.1250
4,96.0000,20,8,642.2671,-87.4249,0.8274,20,0.5128,0.4000,5,8,7,45,35,53,42,0.2075
4,96.0000,20,10,528.4910,-86.5986,-0.0938,25,0.6410,0.5714,7,6,3,0,0,6,3,0.5000
4,96.0000,20,24,939.6054,-88.7939,-0.4209,6,0.1538,1.0000,6,8,8,0,0,8,8,0.0000
4,96.0000,21,0,860.3703,-87.5439,0.6203,8,0.2000,0.8571,7,8,7,0,0,8,7,0.1250
4,96.0000,21,1,782.7493,-87.5959,-0.0234,14,0.3500,1.0000,6,7,6,0,0,7,6,0.1429
4,96.0000,21,2,1061.0144,-89.2757,-0.5211,3,0.0750,1.0000,6,4,4,0,0,4,4,0.0000
4,96.0000,21,3,305.0621,-81.1880,-0.7185,37,0.9250,0.0000,4,5,1,0,0,5,1,0.8000
4,96.0000,21,4,391.1398,-81.0747,-1.0754,32,0.8000,0.0000,4,6,3,0,0,6,3,0.5000
4,96.0000,21,7,421.5842,-85.1126,0.3907,33,0.8250,0.0000,4,5,1,0,0,5,1,0.8000
4,96.0000,21,8,692.2703,-88.3761,0.7656,14,0.3500,0.6667,6,7,5,0,0,7,5,0.2857
4,96.0000,21,9,684.6293,-87.4403,0.1347,12,0.3000,1.0000,8,8,6,0,0,8,6,0.2500
4,96.0000,21,11,1003.8995,-88.7542,0.2064,4,0.1000,1.0000,8,8,8,0,0,8,8,0.0000
4,96.0000,21,14,530.8801,-85.9480,-0.0830,26,0.6500,0.2000,5,7,4,0,0,7,4,0.4286
4,96.0000,21,16,800.0618,-87.9765,-0.6621,18,0.4500,0.7692,13,7,6,80,80,87,86,0.0115
4,96.0000,21,17,392.4281,-83.3824,-0.8623,32,0.8000,0.2000,5,5,2,0,0,5,2,0.6000
4,96.0000,21,18,261.3413,-79.8502,0.7912,36,0.9000,0.0000,4,4,0,0,0,4,0,1.0000
4,96.0000,21,23,953.5737,-88.6936,-0.0363,9,0.2250,1.0000,8,4,4,0,0,4,4,0.0000
4,96.0000,21,24,449.4148,-85.6998,0.4167,27,0.6750,0.0000,4,7,5,0,0,7,5,0.2857
4,96.0000,21,25,489.0571,-86.0304,0.6169,30,0.7500,0.4000,5,4,0,0,0,4,0,1.0000
4,96.0000,22,0,838.2816,-89.1881,-0.3599,11,0.2750,1.0000,8,8,7,0,0,8,7,0.1250
4,96.0000,22,2,836.2653,-88.5189,-0.2345,11,0.2750,1.0000,8,8,8,0,0,8,8,0.0000
4,96.0000,22,4,972.9995,-89.0094,-0.0904,5,0.1250,0.6667,3,8,8,0,0,8,8,0.0000
4,96.0000,22,6,282.3340,-80.9866,-0.3491,37,0.9250,0.0000,4,4,0,0,0,4,0,1.0000
4,96.0000,22,9,725.5898,-88.1494,-0.1563,8,0.2000,0.5714,7,8,6,0,0,8,6,0.2500
4,96.0000,22,11,462.0404,-85.6853,-0.1901,25,0.6250,0.7143,7,5,2,0,0,5,2,0.6000
4,96.0000,22,12,542.8289,-85.6460,0.0854,33,0.8250,0.5000,6,5,1,0,0,5,1,0.8000
4,96.0000,22,13,876.2227,-89.1892,0.0695,9,0.2250,1.0000,8,8,8,0,0,8,8,0.0000
4,96.0000,22,14,972.4093,-88.8476,-0.1463,4,0.1000,1.0000,6,8,8,0,0,8,8,0.0000
4,96.0000,22,15,486.4708,-83.3252,-0.6855,37,0.9250,0.0000,4,3,0,0,0,3,0,1.0000
4,96.0000,22,16,629.5850,-86.8001,0.3548,12,0.3000,0.7143,7,5,1,0,0,5,1,0.8000
4,96.0000,22,19,475.9769,-85.6634,-0.1028,30,0.7500,0.6667,6,4,2,0,0,4,2,0.5000
4,96.0000,22,23,436.7985,-85.3954,1.1491,32,0.8000,0.2000,5,5,2,0,0,5,2,0.6000
4,96.0000,23,0,862.9708,-89.0512,0.0389,6,0.1463,0.8333,6,8,6,0,0,8,6,0.2500
4,96.0000,23,2,958.7794,-88.1084,-1.0156,3,0.0732,1.0000,2,6,6,0,0,6,6,0.0000
4,96.0000,23,4,760.7803,-88.3547,-0.6005,12,0.2927,0.5000,6,8,7,0,0,8,7,0.1250
4,96.0000,23,6,251.4877,-81.6013,0.7161,36,0.8780,0.4000,5,4,0,0,0,4,0,1.0000
4,96.0000,23,9,582.7421,-86.9076,-0.1212,23,0.5610,0.6667,6,6,4,0,0,6,4,0.3333
4,96.0000,23,11,519.6464,-86.4696,0.6880,25,0.6098,0.6667,6,4,0,0,0,4,0,1.0000
4,96.0000,23,12,909.2292,-88.7171,0.3394,6,0.1463,1.0000,8,6,6,0,0,6,6,0.0000
4,96.0000,23,14,571.7577,-86.0881,-0.3168,27,0.6585,0.7143,7,7,5,0,0,7,5,0.2857
4,96.0000,23,15,917.7789,-89.0979,0.2841,9,0.2195,1.0000,8,7,5,0,0,7,5,0.2857
4,96.0000,23,16,621.3299,-87.2098,0.2693,18,0.4390,1.0000,8,8,7,0,0,8,7,0.1250
4,96.0000,23,17,1044.6892,-88.3758,-3.4557,3,0.0732,1.0000,10,4,4,0,0,4,4,0.0000
4,96.0000,23,18,754.1065,-88.2273,0.1403,9,0.2195,0.2000,5,8,8,0,0,8,8,0.0000
4,96.0000,23,19,719.7448,-88.0243,0.9058,9,0.2195,0.8571,7,6,4,0,0,6,4,0.3333
4,96.0000,23,21,953.5737,-88.2881,0.2180,11,0.2683,0.8571,7,8,8,0,0,8,8,0.0000
4,96.0000,23,22,436.7985,-85.0705,0.1737,29,0.7073,0.7143,7,5,2,0,0,5,2,0.6000
4,96.0000,24,1,406.5975,-81.9426,-1.0155,35,0.8750,0.0000,4,4,0,0,0,4,0,1.0000
4,96.0000,24,3,169.9668,-79.1801,1.3701,35,0.8750,0.2000,5,4,0,0,0,4,0,1.0000
4,96.0000,24,4,836.7901,-87.9983,-0.2577,9,0.2250,1.0000,8,8,7,0,0,8,7,0.1250
4,96.0000,24,5,803.0240,-88.1072,-0.1412,10,0.2500,0.6667,6,7,6,0,0,7,6,0.1429
4,96.0000,24,7,463.5743,-84.7908,-0.2071,30,0.7500,0.3750,8,5,2,0,0,5,2,0.6000
4,96.0000,24,8,313.0947,-83.2593,0.9445,29,0.7250,0.2000,5,5,0,0,0,5,0,1.0000
4,96.0000,24,10,840.1221,-87.8800,-0.1419,8,0.2000,0.8750,8,8,8,0,0,8,8,0.0000
4,96.0000,24,14,753.7764,-88.2313,0.4312,5,0.1250,0.8750,8,7,6,0,0,7,6,0.1429
4,96.0000,24,17,777.1475,-87.6601,-0.5286,6,0.1500,0.4000,5,8,8,0,0,8,8,0.0000
4,96.0000,24,18,687.3904,-87.6147,-0.0157,11,0.2750,1.0000,8,6,3,0,0,6,3,0.5000
4,96.0000,24,20,939.6054,-88.7955,3.0388,3,0.0750,1.0000,8,8,8,0,0,8,8,0.0000
4,96.0000,24,21,449.4148,-85.1363,0.2007,22,0.5500,0.7143,7,5,2,0,0,5,2,0.6000
4,96.0000,24,25,635.9928,-86.6820,-0.3349,19,0.4750,0.6667,6,6,4,0,0,6,4,0.3333
4,96.0000,25,1,707.0008,-86.3884,-0.5073,22,0.5500,0.4000,5,8,7,0,0,8,7,0.1250
4,96.0000,25,3,615.9159,-86.5381,0.2643,27,0.6750,0.6250,8,7,4,0,0,7,4,0.4286
4,96.0000,25,4,660.0218,-86.9142,0.0427,20,0.5000,0.7143,7,6,2,0,0,6,2,0.6667
4,96.0000,25,7,388.2263,-83.2695,-0.5491,34,0.8500,0.2000,5,5,1,0,0,5,1,0.8000
4,96.0000,25,8,874.7185,-88.2621,0.3451,6,0.1500,1.0000,8,8,8,0,0,8,8,0.0000
4,96.0000,25,9,939.4848,-88.6188,-0.4975,6,0.1500,1.0000,6,7,6,0,0,7,6,0.1429
4,96.0000,25,14,930.2011,-89.2965,-0.2003,5,0.1250,1.0000,6,8,7,0,0,8,7,0.1250
4,96.0000,25,17,563.7379,-87.1673,0.4234,24,0.6000,0.7500,8,5,2,0,0,5,2,0.6000
4,96.0000,25,18,673.2277,-87.4285,0.3403,18,0.4500,0.5000,6,8,4,0,0,8,4,0.5000
4,96.0000,25,21,489.0571,-86.1251,0.5337,30,0.7500,0.4000,5,4,0,0,0,4,0,1.0000
4,96.0000,25,24,635.9928,-86.5803,0.0061,26,0.6500,1.0000,8,6,3,0,0,6,3,0.5000
4,100.0000,0,2,300.1367,-79.4182,-0.0867,39,0.9750,0.2000,5,4,0,0,0,4,0,1.0000
4,100.0000,0,4,309.1656,-84.1084,1.0680,33,0.8250,0.0000,4,4,0,0,0,4,0,1.0000
4,100.0000,0,6,752.9928,-87.4800,-0.0311,11,0.2750,0.8571,7,7,3,0,0,7,3,0.5714
4,100.0000,0,9,382.2750,-84.0159,0.0314,37,0.9250,0.0000,4,5,1,0,0,5,1,0.8000
4,100.0000,0,11,496.7340,-85.5977,-0.1615,31,0.7750,0.7143,7,8,4,0,0,8,4,0.5000
4,100.0000,0,13,876.6643,-88.2789,0.6377,12,0.3000,0.8750,8,8,7,0,0,8,7,0.1250
4,100.0000,0,14,710.3562,-88.2028,0.7173,13,0.3250,0.7143,7,7,4,0,0,7,4,0.4286
4,100.0000,0,16,324.0268,-81.8751,0.4008,35,0.8750,0.4000,5,5,2,0,0,5,2,0.6000
4,100.0000,0,17,702.9426,-87.5475,-0.3877,22,0.5500,0.8750,8,8,8,0,0,8,8,0.0000
4,100.0000,0,18,650.7363,-86.8493,-0.0608,20,0.5000,0.7143,7,6,3,0,0,6,3,0.5000
4,100.0000,0,19,596.3028,-86.9975,-0.2157,26,0.6500,0.6667,6,8,7,0,0,8,7,0.1250
4,100.0000,0,21,837.2368,-89.0818,-0.0291,8,0.2000,1.0000,8,8,8,0,0,8,8,0.0000
4,100.0000,0,22,767.5016,-87.6576,-0.1300,8,0.2000,0.8750,8,8,8,0,0,8,8,0.0000
4,100.0000,0,23,780.7419,-87.8671,-0.3779,14,0.3500,0.8750,8,7,6,0,0,7,6,0.1429
4,100.0000,0,25,879.7691,-88.6175,0.2431,13,0.3250,1.0000,8,8,8,0,0,8,8,0.0000
4,100.0000,1,3,545.8791,-85.8557,0.7889,10,0.2439,0.8095,21,6,4,0,0,6,4,0.3333
4,100.0000,1,5,684.5256,-87.7362,-0.4714,12,0.2927,0.6667,6,7,5,0,0,7,5,0.2857
4,100.0000,1,7,663.5114,-86.0579,-0.0800,12,0.2927,0.6667,6,5,4,2,2,7,6,0.1429
4,100.0000,1,8,414.4368,-83.9549,0.1089,21,0.5122,0.2353,17,6,3,0,0,6,3,0.5000
4,100.0000,1,10,564.2032,-86.7563,0.2637,16,0.3902,0.5714,7,8,5,0,0,8,5,0.3750
4,100.0000,1,17,1068.2407,-89.0765,0.2750,3,0.0732,1.0000,6,8,8,0,0,8,8,0.0000
4,100.0000,1,20,825.9332,-87.6772,0.1971,8,0.1951,1.0000,8,8,8,0,0,8,8,0.0000
4,100.0000,1,21,786.3696,-88.0499,0.0038,7,0.1707,1.0000,8,7,6,0,0,7,6,0.1429
4,100.0000,1,24,561.4431,-86.0675,-0.3596,18,0.4390,0.0000,4,7,6,0,0,7,6,0.1429
4,100.0000,1,25,819.6258,-87.9640,-0.2323,8,0.1951,1.0000,8,8,8,0,0,8,8,0.0000
4,100.0000,2,0,300.1367,-79.6720,-0.5993,37,0.9250,0.0000,4,5,1,0,0,5,1,0.8000
4,100.0000,2,4,603.8049,-87.0102,-0.0509,18,0.4500,0.7143,7,4,0,0,0,4,0,1.0000
4,100.0000,2,6,821.6715,-88.6679,0.1234,11,0.2750,0.8750,8,8,8,0,0,8,8,0.0000
4,100.0000,2,9,616.6543,-86.6680,0.4613,22,0.5500,0.7143,7,7,5,0,0,7,5,0.2857
4,100.0000,2,11,488.3964,-85.7023,-0.4955,26,0.6500,0.7143,7,4,0,0,0,4,0,1.0000
4,100.0000,2,12,1057.0418,-88.1994,-0.1533,3,0.0750,1.0000,8,4,4,0,0,4,4,0.0000
4,100.0000,2,13,590.9554,-86.9695,0.1826,24,0.6000,0.8571,7,6,2,0,0,6,2,0.6667
4,100.0000,2,14,973.8870,-88.8784,0.2988,5,0.1250,1.0000,6,8,8,0,0,8,8,0.0000
4,100.0000,2,16,354.2125,-83.8594,0.5510,34,0.8500,0.2000,5,4,0,0,0,4,0,1.0000
4,100.0000,2,17,946.6868,-89.0374,-0.2883,9,0.2250,1.0000,8,8,8,0,0,8,8,0.0000
4,100.0000,2,18,934.4824,-88.6149,0.0534,4,0.1000,1.0000,8,8,7,0,0,8,7,0.1250
4,100.0000,2,19,500.9401,-85.7200,0.2086,30,0.7500,0.4286,7,6,4,0,0,6,4,0.3333
4,100.0000,2,22,747.5994,-87.9160,-0.1349,13,0.3250,1.0000,6,7,4,0,0,7,4,0.4286
4,100.0000,2,23,872.9151,-89.0976,0.1589,11,0.2750,1.0000,6,8,8,0,0,8,8,0.0000
4,100.0000,3,1,545.8791,-85.7872,0.7654,22,0.5500,0.4000,5,6,4,0,0,6,4,0.3333
4,100.0000,3,4,873.2760,-87.9791,-0.3615,9,0.2250,1.0000,8,8,8,0,0,8,8,0.0000
4,100.0000,3,5,730.8291,-87.6585,0.2693,9,0.2250,0.6667,6,7,5,0,0,7,5,0.2857
4,100.0000,3,7,449.1995,-85.9558,0.0680,27,0.6750,0.6667,6,5,2,0,0,5,2,0.6000
4,100.0000,3,8,254.8919,-82.6029,0.9840,36,0.9000,0.4000,5,4,0,0,0,4,0,1.0000
4,100.0000,3,10,844.5337,-88.1689,-0.2148,9,0.2250,1.0000,8,8,8,0,0,8,8,0.0000
4,100.0000,3,14,693.8980,-87.3648,-0.4853,19,0.4750,0.8571,7,8,8,0,0,8,8,0.0000
4,100.0000,3,17,740.9672,-87.3342,-0.9266,15,0.3750,0.7143,7,6,4,0,0,6,4,0.3333
4,100.0000,3,18,543.4269,-86.7324,0.0915,24,0.6000,0.0000,4,7,5,0,0,7,5,0.2857
4,100.0000,3,20,898.6945,-89.1819,0.5314,3,0.0750,1.0000,4,8,8,0,0,8,8,0.0000
4,100.0000,3,21,383.7472,-82.9730,-0.6644,31,0.7750,0.0000,3,4,0,0,0,4,0,1.0000
4,100.0000,3,24,19.4518,-65.2433,7.0819,37,0.9250,0.0000,4,4,0,0,0,4,0,1.0000
4,100.0000,3,25,651.4126,-87.0455,-0.2761,25,0.6250,0.6250,8,8,8,23,21,31,29,0.0645
4,100.0000,4,0,309.1656,-83.2696,1.0818,34,0.8500,0.0000,4,4,0,0,0,4,0,1.0000
4,100.0000,4,2,603.8049,-86.7236,0.0392,22,0.5500,0.7143,7,5,1,0,0,5,1,0.8000
4,100.0000,4,3,873.2760,-88.0312,-0.4077,14,0.3500,0.8889,9,6,6,0,0,6,6,0.0000
4,100.0000,4,6,790.6498,-88.9210,0.1780,8,0.2000,0.8571,7,8,7,0,0,8,7,0.1250
4,100.0000,4,7,764.8907,-87.8721,-0.6753,16,0.4000,0.8571,7,7,6,0,0,7,6,0.1429
4,100.0000,4,9,325.8593,-81.3782,0.3399,33,0.8250,0.0000,4,7,4,0,0,7,4,0.4286
4,100.0000,4,11,669.3992,-88.2850,0.1760,17,0.4250,0.5714,7,8,7,0,0,8,7,0.1250
4,100.0000,4,14,481.4390,-85.2754,0.4391,30,0.7500,0.5000,6,4,0,0,0,4,0,1.0000
4,100.0000,4,16,473.5356,-85.0755,0.4282,29,0.7250,0.3333,6,7,5,0,0,7,5,0.2857
4,100.0000,4,17,485.1260,-84.2933,0.0403,35,0.8750,0.0000,5,5,1,0,0,5,1,0.8000
4,100.0000,4,18,346.9098,-80.6459,-0.9932,39,0.9750,0.3333,6,6,3,0,0,6,3,0.5000
4,100.0000,4,19,762.2876,-88.4323,0.7865,11,0.2750,0.8571,7,7,6,0,0,7,6,0.1429
4,100.0000,4,21,533.8522,-84.8412,-1.1301,32,0.8000,0.2000,5,6,3,0,0,6,3,0.5000
4,100.0000,4,22,872.4628,-89.2007,0.1095,8,0.2000,1.0000,8,8,8,0,0,8,8,0.0000
4,100.0000,4,23,773.8076,-88.2898,0.1031,11,0.2750,0.8571,7,8,7,0,0,8,7,0.1250
4,100.0000,4,24,855.4269,-87.8550,-0.2815,12,0.3000,1.0000,8,8,8,0,0,8,8,0.0000
4,100.0000,4,25,639.2875,-86.9673,-0.1624,25,0.6250,0.6667,6,8,7,0,0,8,7,0.1250
4,100.0000,5,1,684.5256,-87.5647,0.2212,20,0.5000,0.0000,4,7,6,0,0,7,6,0.1429
4,100.0000,5,3,730.8291,-87.6478,0.4245,7,0.1750,1.0000,8,7,5,0,0,7,5,0.2857
4,100.0000,5,7,727.4857,-88.0417,-0.1624,10,0.2500,0.7500,8,6,3,0,0,6,3,0.5000
4,100.0000,5,8,501.6534,-85.7954,-0.6363,30,0.7500,0.3333,6,6,4,53,37,59,41,0.3051
4,100.0000,5,10,467.6015,-85.6083,-0.0106,34,0.8500,0.3333,6,4,0,0,0,4,0,1.0000
4,100.0000,5,20,181.4489,-75.2268,-0.8356,40,1.0000,0.4000,5,4,0,0,0,4,0,1.0000
4,100.0000,5,24,736.3848,-88.1428,-0.0168,20,0.5000,0.8750,8,8,8,0,0,8,8,0.0000
4,100.0000,6,0,752.9928,-87.9726,0.2843,13,0.3250,1.0000,18,7,5,0,0,7,5,0.2857
4,100.0000,6,2,821.6715,-88.6143,0.4341,6,0.1500,1.0000,6,8,8,0,0,8,8,0.0000
4,100.0000,6,4,790.6498,-87.8635,1.2625,6,0.1500,1.0000,6,8,7,0,0,8,7,0.1250
4,100.0000,6,9,522.1587,-86.0789,-0.3131,22,0.5500,0.9615,78,8,5,76,59,84,64,0.2381
4,100.0000,6,11,377.4448,-83.2058,0.1731,32,0.8000,0.0000,4,3,0,0,0,3,0,1.0000
4,100.0000,6,12,790.0466,-87.3430,-0.4504,22,0.5500,0.8571,7,8,8,0,0,8,8,0.0000
4,100.0000,6,14,665.4075,-88.0736,-0.6622,13,0.3250,0.8750,8,7,6,0,0,7,6,0.1429
4,100.0000,6,15,873.4014,-87.8633,0.2867,11,0.2750,0.6667,6,8,7,0,0,8,7,0.1250
4,100.0000,6,16,656.9592,-87.6886,0.0085,17,0.4250,0.8571,7,7,5,0,0,7,5,0.2857
4,100.0000,6,18,926.0414,-88.4602,0.3239,3,0.0750,1.0000,8,8,8,0,0,8,8,0.0000
4,100.0000,6,19,614.5575,-87.3593,-0.6368,16,0.4000,0.7273,11,6,4,0,0,6,4,0.3333
4,100.0000,6,21,1166.4951,-89.2044,-0.2073,3,0.0750,1.0000,2,4,4,0,0,4,4,0.0000
4,100.0000,6,22,275.1614,-80.1569,0.4907,36,0.9000,0.0000,4,4,0,0,0,4,0,1.0000
4,100.0000,6,23,169.7435,-77.3010,1.3543,37,0.9250,0.0000,4,4,0,0,0,4,0,1.0000
4,100.0000,7,0,1042.8464,-89.1397,0.8410,4,0.0976,1.0000,4,6,6,0,0,6,6,0.0000
4,100.0000,7,1,663.5114,-87.2702,0.3365,22,0.5366,0.5000,6,7,6,0,0,7,6,0.1429
4,100.0000,7,3,449.1995,-83.8907,0.3615,32,0.7805,0.5000,6,7,4,0,0,7,4,0.4286
4,100.0000,7,4,764.8907,-87.1175,0.2264,15,0.3659,1.0000,8,7,6,0,0,7,6,0.1429
4,100.0000,7,5,727.4857,-87.6306,0.3180,17,0.4146,1.0000,8,7,4,0,0,7,4,0.4286
4,100.0000,7,8,496.5885,-86.0721,-0.0596,29,0.7073,0.4000,5,5,2,0,0,5,2,0.6000
4,100.0000,7,9,849.3677,-89.0745,-0.0492,7,0.1707,0.8571,7,6,4,0,0,6,4,0.3333
4,100.0000,7,10,992.2173,-88.8828,0.2095,4,0.0976,,0,8,8,0,0,8,8,0.0000
4,100.0000,7,14,624.7745,-87.6495,-0.1664,21,0.5122,1.0000,8,8,7,0,0,8,7,0.1250
4,100.0000,7,17,758.0029,-87.8704,-0.2242,18,0.4390,0.5000,6,8,8,0,0,8,8,0.0000
4,100.0000,7,18,573.5702,-85.9280,-0.2797,23,0.5610,0.5000,6,5,2,0,0,5,2,0.6000
4,100.0000,7,20,904.3625,-89.1216,0.4526,3,0.0732,1.0000,4,8,8,0,0,8,8,0.0000
4,100.0000,7,21,418.9580,-84.4184,-0.0281,32,0.7805,0.4000,5,5,2,0,0,5,2,0.6000
4,100.0000,7,24,439.7563,-84.8268,0.2419,35,0.8537,0.4286,7,8,5,0,0,8,5,0.3750
4,100.0000,7,25,440.3025,-83.8827,-0.5957,36,0.8780,0.2000,5,5,1,0,0,5,1,0.8000
4,100.0000,8,1,414.4368,-83.9957,-0.4154,38,0.9500,0.2000,5,4,0,0,0,4,0,1.0000
4,100.0000,8,3,254.8919,-81.6714,0.9294,36,0.9000,0.1111,9,4,0,19,2,23,2,0.9130
4,100.0000,8,4,1088.1011,-89.5375,0.2009,4,0.1000,1.0000,2,6,6,0,0,6,6,0.0000
4,100.0000,8,5,501.6534,-84.8023,0.1551,34,0.8500,0.5000,6,6,3,0,0,6,3,0.5000
4,100.0000,8,7,496.5885,-85.5118,0.6524,29,0.7250,0.7143,7,5,2,0,0,5,2,0.6000
4,100.0000,8,10,598.4202,-87.2687,0.1044,27,0.6750,0.7500,8,6,4,0,0,6,4,0.3333
4,100.0000,8,14,848.2649,-88.5238,-0.8592,7,0.1750,1.0000,8,8,8,0,0,8,8,0.0000
4,100.0000,8,17,974.0639,-88.6110,0.5002,6,0.1500,1.0000,4,6,6,0,0,6,6,0.0000
4,100.0000,8,18,774.6137,-88.6554,0.0113,11,0.2750,0.8571,7,6,3,0,0,6,3,0.5000
4,100.0000,8,20,665.2547,-86.6833,0.1563,23,0.5750,1.0000,8,4,0,0,0,4,0,1.0000
4,100.0000,8,21,607.9506,-86.6974,0.7049,25,0.6250,0.8571,7,8,5,0,0,8,5,0.3750
4,100.0000,8,24,267.0490,-80.5918,0.4301,37,0.9250,0.0000,4,4,0,16,2,20,2,0.9000
4,100.0000,8,25,796.5908,-87.8258,4.7082,3,0.0750,0.8571,7,7,6,0,0,7,6,0.1429
4,100.0000,9,0,382.2750,-83.7151,0.3168,34,0.8500,0.4286,7,4,0,0,0,4,0,1.0000
4,100.0000,9,2,616.6543,-87.0296,-0.2047,24,0.6000,0.7143,7,7,6,0,0,7,6,0.1429
4,100.0000,9,3,1008.4514,-88.2303,0.1958,3,0.0750,1.0000,8,6,6,0,0,6,6,0.0000
4,100.0000,9,4,325.8593,-82.4779,0.1430,31,0.7750,0.0000,4,5,1,0,0,5,1,0.8000
4,100.0000,9,6,522.1587,-86.8460,0.8758,29,0.7250,0.3333,6,5,1,0,0,5,1,0.8000
4,100.0000,9,7,849.3677,-88.6997,-0.4738,12,0.3000,1.0000,8,8,8,0,0,8,8,0.0000
4,100.0000,9,11,438.9657,-83.9785,-0.3169,34,0.8500,0.0000,4,6,4,0,0,6,4,0.3333
4,100.0000,9,14,390.3327,-85.5149,0.4998,35,0.8750,0.4000,5,7,3,0,0,7,3,0.5714
4,100.0000,9,16,510.1262,-84.6775,-0.4726,29,0.7250,0.3333,6,6,3,0,0,6,3,0.5000
4,100.0000,9,17,802.3373,-88.5707,-0.0346,20,0.5000,0.9000,20,8,8,42,41,50,49,0.0200
4,100.0000,9,18,538.9801,-85.8781,0.0630,29,0.7250,0.4000,5,6,3,0,0,6,3,0.5000
4,100.0000,9,19,711.1060,-88.1091,-0.0856,18,0.4500,0.8750,32,8,7,0,0,8,7,0.1250
4,100.0000,9,21,745.1521,-87.9603,-0.0714,17,0.4250,0.3333,6,8,8,0,0,8,8,0.0000
4,100.0000,9,22,668.8705,-87.9681,0.4494,20,0.5000,0.6667,6,7,5,0,0,7,5,0.2857
4,100.0000,9,23,551.6252,-86.0342,-0.1849,29,0.7250,0.8571,7,6,3,0,0,6,3,0.5000
4,100.0000,9,25,861.4670,-87.9288,0.4468,12,0.3000,0.8750,8,8,8,0,0,8,8,0.0000
4,100.0000,10,1,564.2032,-86.2136,0.3484,17,0.4250,0.8387,93,7,5,0,0,7,5,0.2857
4,100.0000,10,3,844.5337,-88.8338,0.6972,7,0.1750,1.0000,8,8,7,0,0,8,7,0.1250
4,100.0000,10,5,467.6015,-85.4796,0.0589,25,0.6250,0.2000,5,7,3,0,0,7,3,0.5714
4,100.0000,10,8,598.4202,-86.1757,0.1132,14,0.3500,0.7143,7,6,4,109,104,115,108,0.0609
4,100.0000,10,20,481.4745,-85.4584,0.5094,33,0.8250,0.6462,65,6,2,15,10,21,12,0.4286
4,100.0000,10,24,859.3926,-87.9028,0.8945,4,0.1000,0.8750,8,7,6,32,32,39,38,0.0256
4,100.0000,11,0,496.7340,-85.7675,0.7109,31,0.7750,0.0000,4,6,2,0,0,6,2,0.6667
4,100.0000,11,2,488.3964,-86.0475,-0.0927,30,0.7500,0.4000,5,6,3,0,0,6,3,0.5000
4,100.0000,11,4,669.3992,-87.0626,-0.3049,24,0.6000,0.8571,7,7,5,0,0,7,5,0.2857
4,100.0000,11,6,377.4448,-82.9252,0.4064,36,0.9000,0.4444,9,4,0,0,0,4,0,1.0000
4,100.0000,11,9,438.9657,-83.4982,-0.7088,36,0.9000,0.6053,38,6,2,0,0,6,2,0.6667
4,100.0000,11,12,748.0473,-88.3149,0.2116,18,0.4500,1.0000,8,8,7,0,0,8,7,0.1250
4,100.0000,11,13,740.1869,-88.6328,0.0366,15,0.3750,0.8750,8,7,4,0,0,7,4,0.4286
4,100.0000,11,14,773.1525,-87.9666,0.1819,16,0.4000,0.8571,7,8,8,0,0,8,8,0.0000
4,100.0000,11,15,817.0017,-88.4540,0.0367,16,0.4000,1.0000,8,8,6,0,0,8,6,0.2500
4,100.0000,11,16,476.7000,-85.0696,-0.3387,34,0.8500,0.4000,5,4,0,0,0,4,0,1.0000
4,100.0000,11,17,1140.1031,-89.2203,0.6027,3,0.0750,1.0000,6,4,4,0,0,4,4,0.0000
4,100.0000,11,18,931.8746,-88.6656,-0.4794,11,0.2750,1.0000,8,8,8,0,0,8,8,0.0000
4,100.0000,11,19,487.6028,-85.3768,0.0245,28,0.7000,0.7105,38,6,2,74,50,80,52,0.3500
4,100.0000,11,22,386.4368,-84.2341,0.3322,34,0.8500,0.8750,8,4,0,0,0,4,0,1.0000
4,100.0000,11,23,490.9695,-85.0020,-0.0220,35,0.8750,0.6667,6,4,0,0,0,4,0,1.0000
4,100.0000,12,2,1057.0418,-89.1421,0.2335,3,0.0750,1.0000,6,6,6,0,0,6,6,0.0000
4,100.0000,12,6,790.0466,-87.6028,-0.2005,19,0.4750,0.8750,8,8,8,0,0,8,8,0.0000
4,100.0000,12,11,748.0473,-87.6141,-0.2770,15,0.3750,0.7143,7,8,8,0,0,8,8,0.0000
4,100.0000,12,13,778.9674,-88.1883,-0.2874,15,0.3750,1.0000,8,6,4,0,0,6,4,0.3333
4,100.0000,12,15,456.8019,-84.3781,0.1151,34,0.8500,0.2000,5,4,0,0,0,4,0,1.0000
4,100.0000,12,19,861.9937,-88.5966,0.5711,8,0.2000,1.0000,8,8,8,0,0,8,8,0.0000
4,100.0000,12,22,647.1677,-86.6841,-0.4310,25,0.6250,0.6667,6,7,4,0,0,7,4,0.4286
4,100.0000,12,23,901.3191,-88.7771,1.3859,3,0.0750,1.0000,8,8,8,0,0,8,8,0.0000
4,100.0000,13,0,876.6643,-88.5562,-0.0869,13,0.3250,1.0000,8,8,8,0,0,8,8,0.0000
4,100.0000,13,2,590.9554,-86.9246,0.1523,23,0.5750,0.2000,5,7,5,0,0,7,5,0.2857
4,100.0000,13,11,740.1869,-88.0291,-0.5045,10,0.2500,0.8571,7,8,7,0,0,8,7,0.1250
4,100.0000,13,12,778.9674,-88.3474,-0.3292,11,0.2750,0.7143,7,8,7,0,0,8,7,0.1250
4,100.0000,13,15,618.4692,-87.1855,0.1831,23,0.5750,0.6667,6,6,4,0,0,6,4,0.3333
4,100.0000,13,16,767.6049,-89.0506,0.0574,8,0.2000,1.0000,8,8,8,0,0,8,8,0.0000
4,100.0000,13,19,624.0727,-87.8980,-0.1782,18,0.4500,0.6667,6,8,7,0,0,8,7,0.1250
4,100.0000,13,22,831.9642,-88.3357,0.4825,8,0.2000,0.8571,7,8,8,0,0,8,8,0.0000
4,100.0000,14,0,710.3562,-88.3049,0.1976,13,0.3333,0.8750,8,7,5,0,0,7,5,0.2857
4,100.0000,14,2,973.8870,-89.1235,-0.1355,4,0.1026,1.0000,8,8,8,0,0,8,8,0.0000
4,100.0000,14,3,693.8980,-87.9264,0.2054,15,0.3846,0.7500,8,8,7,0,0,8,7,0.1250
4,100.0000,14,4,481.4390,-86.2563,0.1386,22,0.5641,0.0000,3,6,2,0,0,6,2,0.6667
4,100.0000,14,6,665.4075,-87.7325,0.1898,13,0.3333,0.5714,7,7,6,0,0,7,6,0.1429
4,100.0000,14,7,624.7745,-87.6868,0.1054,15,0.3846,0.8571,7,5,3,0,0,5,3,0.4000
4,100.0000,14,8,848.2649,-88.2384,0.0457,8,0.2051,1.0000,8,7,6,0,0,7,6,0.1429
4,100.0000,14,9,390.3327,-84.8785,0.8235,24,0.6154,0.5000,6,4,0,0,0,4,0,1.0000
4,100.0000,14,11,773.1525,-87.4158,0.1738,13,0.3333,0.8750,8,7,6,0,0,7,6,0.1429
4,100.0000,14,16,771.4547,-88.2444,-0.2672,13,0.3333,0.8571,7,8,8,0,0,8,8,0.0000
4,100.0000,14,17,791.5948,-87.5660,0.5135,11,0.2821,0.5714,7,7,5,0,0,7,5,0.2857
4,100.0000,14,18,387.5735,-83.7898,1.0112,29,0.7436,0.3333,6,4,0,0,0,4,0,1.0000
4,100.0000,14,21,561.2792,-84.8689,-0.7388,22,0.5641,0.5000,6,7,5,0,0,7,5,0.2857
4,100.0000,14,22,862.9668,-88.9089,0.4634,3,0.0769,1.0000,8,8,8,0,0,8,8,0.0000
4,100.0000,14,23,616.9130,-86.7242,-0.4474,18,0.4615,0.4000,5,6,4,0,0,6,4,0.3333
4,100.0000,14,24,674.7636,-87.2640,-0.2905,12,0.3077,1.0000,8,7,5,0,0,7,5,0.2857
4,100.0000,14,25,796.1279,-88.0317,0.3123,7,0.1795,1.0000,8,8,8,0,0,8,8,0.0000
4,100.0000,15,2,975.3562,-88.9464,-0.5769,4,0.1000,1.0000,4,6,6,0,0,6,6,0.0000
4,100.0000,15,6,873.4014,-88.5365,-0.8304,10,0.2500,1.0000,8,8,8,0,0,8,8,0.0000
4,100.0000,15,11,817.0017,-88.0504,0.3432,9,0.2250,1.0000,8,8,7,0,0,8,7,0.1250
4,100.0000,15,12,456.8019,-85.2058,-0.4255,35,0.8750,0.2000,5,6,2,0,0,6,2,0.6667
4,100.0000,15,13,618.4692,-87.3374,0.3509,24,0.6000,0.0000,4,6,5,0,0,6,5,0.1667
4,100.0000,15,16,936.3022,-88.7831,0.6827,3,0.0750,1.0000,8,8,8,0,0,8,8,0.0000
4,100.0000,15,19,646.0922,-86.6325,-0.1699,25,0.6250,0.8571,7,6,4,0,0,6,4,0.3333
4,100.0000,15,22,618.3699,-85.6413,-0.7248,24,0.6000,0.5000,6,7,5,0,0,7,5,0.2857
4,100.0000,15,23,916.2015,-88.6087,-0.0386,10,0.2500,0.8571,7,8,8,0,0,8,8,0.0000
4,100.0000,16,0,324.0268,-81.6763,0.1638,40,1.0000,0.0000,4,4,0,0,0,4,0,1.0000
4,100.0000,16,2,354.2125,-84.0003,0.0523,36,0.9000,0.5000,8,4,0,0,0,4,0,1.0000
4,100.0000,16,4,473.5356,-84.6786,-0.1688,36,0.9000,0.2000,5,6,3,0,0,6,3,0.5000
4,100.0000,16,6,656.9592,-87.2785,0.6768,28,0.7000,0.8750,8,8,5,0,0,8,5,0.3750
4,100.0000,16,9,510.1262,-84.7252,-0.6865,33,0.8250,0.5000,6,7,4,0,0,7,4,0.4286
4,100.0000,16,11,476.7000,-84.9476,0.0621,35,0.8750,0.4000,5,5,2,0,0,5,2,0.6000
4,100.0000,16,12,1080.2810,-89.2665,0.0476,3,0.0750,1.0000,6,6,6,0,0,6,6,0.0000
4,100.0000,16,13,767.6049,-88.3675,0.3386,16,0.4000,0.8000,5,8,6,0,0,8,6,0.2500
4,100.0000,16,14,771.4547,-87.2008,0.4307,13,0.3250,0.6667,6,8,8,0,0,8,8,0.0000
4,100.0000,16,15,936.3022,-88.8599,-0.1867,6,0.1500,1.0000,8,8,8,0,0,8,8,0.0000
4,100.0000,16,17,815.1504,-87.7685,-0.4087,17,0.4250,0.8750,8,8,8,0,0,8,8,0.0000
4,100.0000,16,18,722.2324,-87.8096,-0.3242,22,0.5500,0.5000,4,7,5,0,0,7,5,0.2857
4,100.0000,16,19,306.2372,-82.8290,0.5000,38,0.9500,0.4000,5,4,0,1,0,5,0,1.0000
4,100.0000,16,21,954.6530,-88.2285,0.0408,7,0.1750,1.0000,8,4,4,0,0,4,4,0.0000
4,100.0000,16,22,577.6489,-86.8438,0.0866,32,0.8000,0.6667,6,5,2,0,0,5,2,0.6000
4,100.0000,16,23,641.5811,-87.4438,-0.2657,31,0.7750,0.6667,6,8,5,0,0,8,5,0.3750
4,100.0000,16,25,1095.7543,-87.9757,1.1015,3,0.0750,1.0000,2,2,2,0,0,2,2,0.0000
4,100.0000,17,0,702.9426,-87.6726,0.0943,16,0.4000,1.0000,8,8,7,0,0,8,7,0.1250
4,100.0000,17,1,1068.2407,-89.1276,-0.1304,3,0.0750,1.0000,6,8,8,0,0,8,8,0.0000
4,100.0000,17,2,946.6868,-88.8085,-0.1259,8,0.2000,1.0000,8,8,8,0,0,8,8,0.0000
4,100.0000,17,3,740.9672,-87.6781,-0.4506,16,0.4000,0.8750,8,7,5,0,0,7,5,0.2857
4,100.0000,17,4,485.1260,-84.2996,-0.7603,31,0.7750,0.0000,4,6,4,0,0,6,4,0.3333
4,100.0000,17,7,758.0029,-87.2235,0.0467,15,0.3750,0.8750,8,8,8,0,0,8,8,0.0000
4,100.0000,17,9,802.3373,-88.0009,0.0249,12,0.3000,0.8571,7,8,8,0,0,8,8,0.0000
4,100.0000,17,14,791.5948,-87.7862,0.6899,12,0.3000,0.8750,8,6,4,0,0,6,4,0.3333
4,100.0000,17,16,815.1504,-88.1151,-0.2571,11,0.2750,0.8750,8,8,8,0,0,8,8,0.0000
4,100.0000,17,18,420.7474,-82.3850,-0.6609,28,0.7000,0.0000,4,4,0,0,0,4,0,1.0000
4,100.0000,17,21,390.7374,-83.2730,-0.1234,37,0.9250,0.4000,5,5,1,0,0,5,1,0.8000
4,100.0000,17,24,730.4947,-87.6887,0.3613,17,0.4250,1.0000,8,4,2,0,0,4,2,0.5000
4,100.0000,17,25,454.0863,-85.8330,0.6201,34,0.8500,0.7143,7,5,1,0,0,5,1,0.8000
4,100.0000,18,0,650.7363,-87.5837,0.6804,21,0.5250,0.5714,7,5,2,0,0,5,2,0.6000
4,100.0000,18,2,934.4824,-89.3342,0.2989,8,0.2000,1.0000,8,8,8,0,0,8,8,0.0000
4,100.0000,18,3,543.4269,-86.2120,-0.4034,34,0.8500,0.0000,4,7,6,0,0,7,6,0.1429
4,100.0000,18,4,346.9098,-80.5533,-1.5391,37,0.9250,0.0000,4,4,0,0,0,4,0,1.0000
4,100.0000,18,6,926.0414,-88.4397,0.0792,8,0.2000,1.0000,8,8,8,0,0,8,8,0.0000
4,100.0000,18,7,573.5702,-87.6863,0.2656,29,0.7250,0.7143,7,5,2,0,0,5,2,0.6000
4,100.0000,18,8,774.6137,-88.1833,0.0096,11,0.2750,0.8750,8,8,8,0,0,8,8,0.0000
4,100.0000,18,9,538.9801,-86.7368,0.3809,29,0.7250,1.0000,8,6,4,0,0,6,4,0.3333
4,100.0000,18,11,931.8746,-88.6695,-0.5789,12,0.3000,0.8750,8,8,8,0,0,8,8,0.0000
4,100.0000,18,14,387.5735,-85.3402,0.1181,34,0.8500,0.7143,7,4,0,0,0,4,0,1.0000
4,100.0000,18,16,722.2324,-87.0770,-0.0363,20,0.5000,0.5000,6,8,8,0,0,8,8,0.0000
4,100.0000,18,17,420.7474,-83.2189,-0.4978,38,0.9500,0.4000,5,3,0,0,0,3,0,1.0000
4,100.0000,18,19,978.2743,-89.4087,-0.3218,5,0.1250,1.0000,6,6,6,0,0,6,6,0.0000
4,100.0000,18,21,258.7667,-79.8840,-0.3462,39,0.9750,0.0000,4,4,0,0,0,4,0,1.0000
4,100.0000,18,22,1042.3378,-89.2021,-0.6083,4,0.1000,1.0000,8,8,8,0,0,8,8,0.0000
4,100.0000,18,23,857.8743,-88.7807,-0.2965,17,0.4250,0.8889,9,8,8,0,0,8,8,0.0000
4,100.0000,18,24,525.7791,-86.6450,0.7631,28,0.7000,0.8750,8,6,2,0,0,6,2,0.6667
4,100.0000,18,25,551.3770,-86.2589,0.5139,28,0.7000,0.5000,6,5,1,0,0,5,1,0.8000
4,100.0000,19,0,596.3028,-86.6245,-0.3388,20,0.5128,0.4000,5,6,2,0,0,6,2,0.6667
4,100.0000,19,2,500.9401,-85.9236,0.5859,23,0.5897,0.0000,4,6,3,0,0,6,3,0.5000
4,100.0000,19,4,762.2876,-88.2949,0.3527,7,0.1795,0.8571,7,8,8,0,0,8,8,0.0000
4,100.0000,19,6,614.5575,-86.9476,-0.2866,18,0.4615,0.4000,5,6,4,0,0,6,4,0.3333
4,100.0000,19,9,711.1060,-88.1069,0.3018,17,0.4359,0.8750,8,8,6,0,0,8,6,0.2500
4,100.0000,19,11,487.6028,-86.3185,-0.6007,24,0.6154,0.4000,5,6,3,0,0,6,3,0.5000
4,100.0000,19,12,861.9937,-88.4015,-0.0484,8,0.2051,0.8571,7,7,6,0,0,7,6,0.1429
4,100.0000,19,13,624.0727,-86.5056,-0.4600,24,0.6154,0.5000,6,7,4,1,0,8,4,0.5000
4,100.0000,19,15,646.0922,-86.6994,-0.2815,22,0.5641,0.5714,7,7,5,0,0,7,5,0.2857
4,100.0000,19,16,306.2372,-83.2739,0.5153,30,0.7692,0.2000,5,4,0,0,0,4,0,1.0000
4,100.0000,19,22,414.7481,-84.4252,-0.1780,27,0.6923,0.3333,6,4,0,0,0,4,0,1.0000
4,100.0000,19,23,601.8992,-87.0212,0.1781,18,0.4615,1.0000,8,6,2,0,0,6,2,0.6667
4,100.0000,20,1,825.9332,-88.2755,0.0938,9,0.2250,1.0000,88,8,7,8,8,16,15,0.0625
4,100.0000,20,3,898.6945,-89.5622,-0.0675,3,0.0750,1.0000,4,7,6,0,0,7,6,0.1429
4,100.0000,20,5,181.4489,-75.2997,-0.4108,38,0.9500,0.2000,5,5,1,41,8,46,9,0.8043
4,100.0000,20,8,665.2547,-87.1310,-0.4787,17,0.4250,0.7925,53,8,7,13,10,21,17,0.1905
4,100.0000,20,10,481.4745,-85.2986,-0.3139,30,0.7500,0.5000,6,6,2,0,0,6,2,0.6667
4,100.0000,20,24,904.7631,-88.5283,0.0428,8,0.2000,1.0000,8,8,8,0,0,8,8,0.0000
4,100.0000,21,0,837.2368,-88.6540,0.4850,8,0.2000,0.8750,8,8,8,0,0,8,8,0.0000
4,100.0000,21,1,786.3696,-88.0182,0.2163,14,0.3500,0.8571,7,8,8,0,0,8,8,0.0000
4,100.0000,21,3,383.7472,-83.0176,-0.5302,39,0.9750,0.2000,5,6,4,0,0,6,4,0.3333
4,100.0000,21,4,533.8522,-84.9177,-0.6947,30,0.7500,0.5000,6,7,6,10,10,17,16,0.0588
4,100.0000,21,7,418.9580,-84.3353,0.2555,37,0.9250,0.2000,5,5,1,0,0,5,1,0.8000
4,100.0000,21,8,607.9506,-87.1829,0.5364,29,0.7250,0.7143,7,7,4,0,0,7,4,0.4286
4,100.0000,21,9,745.1521,-88.1561,-0.1472,15,0.3750,0.7500,8,8,8,0,0,8,8,0.0000
4,100.0000,21,14,561.2792,-86.2329,-0.1002,28,0.7000,0.5714,7,6,3,0,0,6,3,0.5000
4,100.0000,21,16,954.6530,-88.9056,-0.6844,8,0.2000,0.9885,87,8,8,10,10,18,18,0.0000
4,100.0000,21,17,390.7374,-83.3010,0.0444,34,0.8500,0.4000,5,4,0,0,0,4,0,1.0000
4,100.0000,21,18,258.7667,-79.6818,0.2639,37,0.9250,0.0000,4,4,0,0,0,4,0,1.0000
4,100.0000,21,24,369.9326,-83.7187,0.4411,38,0.9500,0.7143,7,5,1,0,0,5,1,0.8000
4,100.0000,21,25,372.4429,-84.7813,0.1585,37,0.9250,0.0000,4,5,1,0,0,5,1,0.8000
4,100.0000,22,0,767.5016,-87.6758,0.6488,11,0.2750,0.8750,8,8,8,0,0,8,8,0.0000
4,100.0000,22,2,747.5994,-88.1509,0.2937,7,0.1750,1.0000,8,4,2,0,0,4,2,0.5000
4,100.0000,22,4,872.4628,-89.1309,0.6815,5,0.1250,1.0000,8,10,10,0,0,10,10,0.0000
4,100.0000,22,6,275.1614,-80.2672,0.3040,38,0.9500,0.0000,4,5,1,0,0,5,1,0.8000
4,100.0000,22,9,668.8705,-87.5425,0.0416,19,0.4750,0.7500,8,6,4,0,0,6,4,0.3333
4,100.0000,22,11,386.4368,-83.8834,0.4242,33,0.8250,0.4000,5,5,1,0,0,5,1,0.8000
4,100.0000,22,12,647.1677,-87.3452,0.0169,27,0.6750,0.2000,5,8,7,0,0,8,7,0.1250
4,100.0000,22,13,831.9642,-89.0747,0.1796,11,0.2750,1.0000,8,8,8,0,0,8,8,0.0000
4,100.0000,22,14,862.9668,-88.9345,-0.1787,4,0.1000,1.0000,8,8,8,0,0,8,8,0.0000
4,100.0000,22,15,618.3699,-86.1376,-0.5613,29,0.7250,0.0000,3,8,6,0,0,8,6,0.2500
4,100.0000,22,16,577.6489,-86.1871,0.2739,29,0.7250,0.2000,5,5,2,0,0,5,2,0.6000
4,100.0000,22,18,1042.3378,-89.4046,-0.0098,4,0.1000,1.0000,8,6,6,0,0,6,6,0.0000
4,100.0000,22,19,414.7481,-85.1402,0.1116,31,0.7750,0.5000,4,5,0,0,0,5,0,1.0000
4,100.0000,22,23,305.9363,-83.3223,-0.0639,37,0.9250,0.4000,5,4,0,0,0,4,0,1.0000
4,100.0000,23,0,780.7419,-88.2528,-0.2873,14,0.3500,0.7500,8,8,7,0,0,8,7,0.1250
4,100.0000,23,2,872.9151,-87.7482,0.1891,4,0.1000,1.0000,6,7,6,0,0,7,6,0.1429
4,100.0000,23,4,773.8076,-88.4746,0.1226,15,0.3750,0.8750,8,8,7,0,0,8,7,0.1250
4,100.0000,23,6,169.7435,-77.5749,1.1338,37,0.9250,0.0000,4,4,0,0,0,4,0,1.0000
4,100.0000,23,9,551.6252,-86.3489,-0.0755,28,0.7000,0.6667,6,6,4,0,0,6,4,0.3333
4,100.0000,23,11,490.9695,-85.5414,0.9887,30,0.7500,0.0000,4,7,4,0,0,7,4,0.4286
4,100.0000,23,12,901.3191,-88.3127,-0.5411,10,0.2500,1.0000,6,8,8,0,0,8,8,0.0000
4,100.0000,23,14,616.9130,-87.0227,0.1793,21,0.5250,0.7143,7,7,5,0,0,7,5,0.2857
4,100.0000,23,15,916.2015,-89.2426,-0.0697,7,0.1750,0.7143,7,8,8,0,0,8,8,0.0000
4,100.0000,23,16,641.5811,-86.8524,-0.8512,18,0.4500,0.8750,8,7,4,0,0,7,4,0.4286
4,100.0000,23,18,857.8743,-88.0358,-0.3822,11,0.2750,1.0000,8,6,6,0,0,6,6,0.0000
4,100.0000,23,19,601.8992,-86.7228,0.3082,24,0.6000,0.6667,6,7,3,0,0,7,3,0.5714
4,100.0000,23,22,305.9363,-83.1171,0.9180,32,0.8000,0.4000,5,4,0,0,0,4,0,1.0000
4,100.0000,24,1,561.4431,-84.6717,-0.6180,37,0.9250,0.0000,4,5,2,0,0,5,2,0.6000
4,100.0000,24,3,19.4518,-65.4262,7.2690,39,0.9750,0.0000,4,5,1,0,0,5,1,0.8000
4,100.0000,24,4,855.4269,-88.2425,-0.3616,8,0.2000,0.8750,8,8,8,0,0,8,8,0.0000
4,100.0000,24,5,736.3848,-87.2779,0.6302,15,0.3750,0.8571,7,7,5,0,0,7,5,0.2857
4,100.0000,24,7,439.7563,-84.5056,-0.0750,35,0.8750,0.4000,5,4,0,0,0,4,0,1.0000
4,100.0000,24,8,267.0490,-79.5124,0.5403,40,1.0000,0.0000,5,3,0,0,0,3,0,1.0000
4,100.0000,24,9,989.1083,-89.5684,0.3947,3,0.0750,,0,4,4,0,0,4,4,0.0000
4,100.0000,24,10,859.3926,-88.4723,0.3383,12,0.3000,1.0000,8,8,8,0,0,8,8,0.0000
4,100.0000,24,14,674.7636,-87.3813,0.0121,12,0.3000,0.8571,7,5,1,0,0,5,1,0.8000
4,100.0000,24,17,730.4947,-87.9626,-0.0230,15,0.3750,1.0000,8,5,2,0,0,5,2,0.6000
4,100.0000,24,18,525.7791,-86.5964,0.3941,24,0.6000,0.5000,6,6,3,0,0,6,3,0.5000
4,100.0000,24,20,904.7631,-88.7546,-0.1209,7,0.1750,1.0000,8,8,8,0,0,8,8,0.0000
4,100.0000,24,21,369.9326,-83.8158,0.4262,36,0.9000,0.4000,5,5,2,0,0,5,2,0.6000
4,100.0000,24,25,643.0554,-86.8892,-0.4387,25,0.6250,0.6667,6,7,5,26,22,33,27,0.1818
4,100.0000,25,0,879.7691,-88.8135,-0.9314,3,0.0732,1.0000,8,8,6,0,0,8,6,0.2500
4,100.0000,25,1,819.6258,-87.8534,-0.0860,18,0.4390,0.8750,8,7,6,0,0,7,6,0.1429
4,100.0000,25,3,651.4126,-87.2031,0.1326,26,0.6341,0.5714,7,7,6,0,0,7,6,0.1429
4,100.0000,25,4,639.2875,-86.7136,0.0206,22,0.5366,0.3333,6,7,6,0,0,7,6,0.1429
4,100.0000,25,7,440.3025,-83.8877,-0.3035,35,0.8537,0.2000,5,5,2,0,0,5,2,0.6000
4,100.0000,25,8,796.5908,-88.3876,0.2601,10,0.2439,1.0000,8,6,4,0,0,6,4,0.3333
4,100.0000,25,9,861.4670,-87.9338,0.1308,5,0.1220,0.8571,7,8,7,0,0,8,7,0.1250
4,100.0000,25,14,796.1279,-88.5606,-0.4192,9,0.2195,0.8750,8,6,3,0,0,6,3,0.5000
4,100.0000,25,17,454.0863,-85.6047,0.4916,28,0.6829,0.4000,5,5,1,0,0,5,1,0.8000
4,100.0000,25,18,551.3770,-86.1529,0.7011,20,0.4878,0.5000,8,6,3,0,0,6,3,0.5000
4,100.0000,25,21,372.4429,-84.5181,0.8708,34,0.8293,0.0000,4,4,0,0,0,4,0,1.0000
4,100.0000,25,24,643.0554,-87.0177,0.2880,26,0.6341,0.5000,6,7,6,0,0,7,6,0.1429
4,104.0000,0,2,367.1405,-81.2662,-0.2874,39,0.9750,0.0000,4,5,2,0,0,5,2,0.6000
4,104.0000,0,4,201.9826,-78.5432,1.0470,39,0.9750,0.0000,4,4,0,0,0,4,0,1.0000
4,104.0000,0,6,641.5323,-88.1090,-0.1075,18,0.4500,0.4286,7,5,1,0,0,5,1,0.8000
4,104.0000,0,7,1002.1379,-89.0275,-0.3115,5,0.1250,1.0000,6,8,8,0,0,8,8,0.0000
4,104.0000,0,9,385.3551,-82.9356,0.0535,36,0.9000,0.2000,5,6,4,0,0,6,4,0.3333
4,104.0000,0,11,522.5861,-86.1578,0.0995,31,0.7750,0.5000,8,7,5,0,0,7,5,0.2857
4,104.0000,0,13,887.4225,-88.5046,-0.0329,9,0.2250,0.8750,8,8,8,0,0,8,8,0.0000
4,104.0000,0,14,522.1687,-86.9800,0.0357,25,0.6250,0.5714,7,5,1,0,0,5,1,0.8000
4,104.0000,0,16,382.5524,-82.6502,-0.5906,38,0.9500,0.4000,5,6,3,0,0,6,3,0.5000
4,104.0000,0,17,739.1990,-87.7135,-0.3420,19,0.4750,1.0000,8,7,6,0,0,7,6,0.1429
4,104.0000,0,18,676.2033,-87.6708,-0.1435,17,0.4250,0.5000,6,7,5,0,0,7,5,0.2857
4,104.0000,0,19,569.6135,-86.7251,-0.1895,24,0.6000,0.8750,8,6,4,0,0,6,4,0.3333
4,104.0000,0,21,881.7259,-88.2832,-0.5746,7,0.1750,1.0000,8,8,8,0,0,8,8,0.0000
4,104.0000,0,22,673.6165,-87.7968,0.3634,16,0.4000,1.0000,8,5,2,0,0,5,2,0.6000
4,104.0000,0,23,718.5409,-88.0069,-0.1690,17,0.4250,0.8571,7,7,6,0,0,7,6,0.1429
4,104.0000,0,24,1055.4542,-89.5828,0.1752,3,0.0750,0.6667,3,7,7,0,0,7,7,0.0000
4,104.0000,0,25,792.0419,-88.7439,0.3015,14,0.3500,1.0000,8,7,5,0,0,7,5,0.2857
4,104.0000,1,3,552.1133,-86.1371,-0.1395,21,0.5385,0.6667,6,8,6,0,0,8,6,0.2500
4,104.0000,1,5,683.4294,-87.2169,-0.5812,18,0.4615,0.7143,7,8,8,0,0,8,8,0.0000
4,104.0000,1,7,745.9257,-87.7927,-0.5355,15,0.3846,0.8571,7,10,9,0,0,10,9,0.1000
4,104.0000,1,8,442.3803,-84.6795,-0.1027,25,0.6410,0.5000,6,6,3,0,0,6,3,0.5000
4,104.0000,1,10,600.9887,-87.2321,-0.5129,21,0.5385,0.6250,8,7,5,0,0,7,5,0.2857
4,104.0000,1,20,840.7390,-88.3419,-0.1508,4,0.1026,1.0000,8,8,8,0,0,8,8,0.0000
4,104.0000,1,21,773.1928,-87.7002,0.2459,9,0.2308,0.8571,7,7,6,0,0,7,6,0.1429
4,104.0000,1,24,723.3897,-86.6900,-0.5460,13,0.3333,0.8571,7,7,6,0,0,7,6,0.1429
4,104.0000,1,25,908.5341,-87.9522,-1.1003,4,0.1026,1.0000,8,6,6,0,0,6,6,0.0000
4,104.0000,2,0,367.1405,-82.3399,0.3995,38,0.9500,0.2000,5,5,0,0,0,5,0,1.0000
4,104.0000,2,4,541.6130,-86.5459,-0.2585,29,0.7250,0.0000,4,3,0,0,0,3,0,1.0000
4,104.0000,2,6,745.6874,-88.4090,0.7410,13,0.3250,1.0000,8,6,3,0,0,6,3,0.5000
4,104.0000,2,9,689.3878,-87.7774,0.1052,20,0.5000,0.7143,7,8,7,0,0,8,7,0.1250
4,104.0000,2,11,441.3139,-84.6079,0.1564,34,0.8500,0.0000,4,6,3,0,0,6,3,0.5000
4,104.0000,2,13,536.9327,-86.6082,0.4087,31,0.7750,0.3333,6,6,2,0,0,6,2,0.6667
4,104.0000,2,14,865.4962,-89.3747,-0.0516,6,0.1500,1.0000,8,5,4,0,0,5,4,0.2000
4,104.0000,2,15,867.1815,-88.7572,0.1411,4,0.1000,1.0000,8,8,7,0,0,8,7,0.1250
4,104.0000,2,16,287.7658,-81.7025,0.5028,37,0.9250,0.0000,4,4,0,0,0,4,0,1.0000
4,104.0000,2,18,1025.6794,-88.9367,1.1478,3,0.0750,0.8750,8,6,6,0,0,6,6,0.0000
4,104.0000,2,19,470.2423,-85.4646,0.0160,34,0.8500,0.6667,6,7,4,0,0,7,4,0.4286
4,104.0000,2,22,660.6833,-88.0215,0.2377,24,0.6000,0.5714,7,5,1,0,0,5,1,0.8000
4,104.0000,2,23,787.8580,-88.5136,0.0660,10,0.2500,1.0000,8,8,7,0,0,8,7,0.1250
4,104.0000,3,1,552.1133,-85.9959,-0.1670,31,0.7750,0.6667,6,5,2,0,0,5,2,0.6000
4,104.0000,3,5,564.5897,-86.7704,1.0867,25,0.6250,0.7143,7,5,2,0,0,5,2,0.6000
4,104.0000,3,7,476.1362,-84.3486,0.1943,34,0.8500,0.4000,5,6,3,0,0,6,3,0.5000
4,104.0000,3,8,124.3702,-76.0012,1.5982,38,0.9500,0.0000,4,5,1,0,0,5,1,0.8000
4,104.0000,3,9,1040.4345,-88.8473,0.5449,3,0.0750,1.0000,8,6,6,0,0,6,6,0.0000
4,104.0000,3,10,699.3806,-88.1580,0.4090,20,0.5000,1.0000,8,8,8,0,0,8,8,0.0000
4,104.0000,3,14,792.3660,-88.4664,-0.4466,14,0.3500,1.0000,8,8,7,0,0,8,7,0.1250
4,104.0000,3,17,758.0113,-87.9749,0.1077,22,0.5500,0.6667,6,8,7,0,0,8,7,0.1250
4,104.0000,3,18,564.3999,-85.7331,-0.5607,27,0.6750,0.7143,7,6,3,0,0,6,3,0.5000
4,104.0000,3,20,758.4342,-88.1726,0.1798,15,0.3750,1.0000,8,6,4,0,0,6,4,0.3333
4,104.0000,3,21,467.8209,-83.7043,-0.2157,35,0.8750,0.0000,4,7,3,0,0,7,3,0.5714
4,104.0000,3,24,191.1215,-70.3333,-4.6747,38,0.9500,0.0000,4,4,0,0,0,4,0,1.0000
4,104.0000,3,25,714.8152,-87.7594,-0.0343,18,0.4500,0.9355,31,8,8,0,0,8,8,0.0000
4,104.0000,4,0,201.9826,-78.7603,0.6075,33,0.8462,0.0000,4,4,0,0,0,4,0,1.0000
4,104.0000,4,2,541.6130,-86.2396,0.1040,25,0.6410,0.2000,5,6,3,2,2,8,5,0.3750
4,104.0000,4,6,738.5562,-87.6265,-0.9824,10,0.2564,0.8750,8,6,3,0,0,6,3,0.5000
4,104.0000,4,7,862.3555,-87.7009,-0.4805,9,0.2308,0.8571,7,8,8,0,0,8,8,0.0000
4,104.0000,4,9,403.9301,-83.2257,-0.3747,31,0.7949,0.5714,7,6,2,0,0,6,2,0.6667
4,104.0000,4,11,703.2197,-87.7142,-0.2150,16,0.4103,0.8750,8,8,7,0,0,8,7,0.1250
4,104.0000,4,14,432.6882,-84.6820,-0.6746,26,0.6667,0.0000,4,6,2,0,0,6,2,0.6667
4,104.0000,4,16,483.6997,-85.3286,0.3104,23,0.5897,0.7143,7,6,3,0,0,6,3,0.5000
4,104.0000,4,17,539.7554,-85.6309,-1.1826,26,0.6667,0.2000,5,7,4,0,0,7,4,0.4286
4,104.0000,4,18,497.3838,-83.9515,-0.6400,30,0.7692,0.5000,6,6,3,0,0,6,3,0.5000
4,104.0000,4,19,676.0547,-88.1651,0.1780,14,0.3590,0.8571,7,6,4,0,0,6,4,0.3333
4,104.0000,4,21,688.2460,-86.9132,-0.3328,21,0.5385,0.5000,6,7,6,0,0,7,6,0.1429
4,104.0000,4,22,792.0904,-88.6860,-0.2796,6,0.1538,1.0000,8,8,8,0,0,8,8,0.0000
4,104.0000,4,23,804.7113,-87.8778,-0.7955,10,0.2564,0.8750,8,8,8,0,0,8,8,0.0000
4,104.0000,4,24,885.9060,-88.2117,-0.2415,8,0.2051,1.0000,8,8,8,0,0,8,8,0.0000
4,104.0000,4,25,624.3745,-86.7827,0.7252,18,0.4615,0.8750,8,6,4,0,0,6,4,0.3333
4,104.0000,5,1,683.4294,-87.3939,-0.1644,20,0.5000,0.8571,7,6,4,0,0,6,4,0.3333
4,104.0000,5,3,564.5897,-87.6421,-0.1481,19,0.4750,0.7143,7,5,2,0,0,5,2,0.6000
4,104.0000,5,7,567.0167,-86.9824,0.4898,22,0.5500,0.5000,6,6,3,0,0,6,3,0.5000
4,104.0000,5,8,514.4272,-85.3833,0.2494,26,0.6500,0.6949,59,6,4,3,1,9,5,0.4444
4,104.0000,5,10,461.2109,-84.7527,-0.0724,38,0.9500,0.0000,4,5,2,0,0,5,2,0.6000
4,104.0000,5,20,228.6387,-77.5467,-0.6930,40,1.0000,0.0000,4,4,0,0,0,4,0,1.0000
4,104.0000,5,24,660.5691,-87.1013,0.7853,14,0.3500,1.0000,8,8,8,0,0,8,8,0.0000
4,104.0000,6,0,641.5323,-88.2085,-0.0160,11,0.2750,0.7143,7,7,5,0,0,7,5,0.2857
4,104.0000,6,2,745.6874,-87.4158,0.9065,6,0.1500,1.0000,8,8,6,0,0,8,6,0.2500
4,104.0000,6,4,738.5562,-87.9306,0.5573,13,0.3250,0.8750,8,8,6,0,0,8,6,0.2500
4,104.0000,6,9,455.6825,-85.6358,0.3576,27,0.6750,0.7619,84,4,0,10,9,14,9,0.3571
4,104.0000,6,11,398.7862,-83.1283,0.2892,33,0.8250,0.0000,3,6,1,0,0,6,1,0.8333
4,104.0000,6,12,905.4143,-88.6903,0.0150,12,0.3000,1.0000,8,8,8,0,0,8,8,0.0000
4,104.0000,6,13,979.7821,-88.7956,-0.4244,5,0.1250,1.0000,8,8,8,0,0,8,8,0.0000
4,104.0000,6,14,614.8881,-86.0024,-0.1432,15,0.3750,0.8571,7,6,4,0,0,6,4,0.3333
4,104.0000,6,15,850.5552,-88.3042,0.2384,7,0.1750,0.8750,8,7,6,0,0,7,6,0.1429
4,104.0000,6,16,688.9155,-87.3058,0.0935,19,0.4750,0.7143,7,8,7,4,4,12,11,0.0833
4,104.0000,6,18,925.8226,-88.9893,-0.0825,5,0.1250,1.0000,8,4,4,0,0,4,4,0.0000
4,104.0000,6,19,560.7175,-86.2242,0.4814,25,0.6250,0.6667,6,6,3,0,0,6,3,0.5000
4,104.0000,6,22,265.0634,-80.1919,0.3408,33,0.8250,0.0000,4,4,0,31,15,35,15,0.5714
4,104.0000,6,23,171.6253,-75.4401,0.3133,38,0.9500,0.0000,4,4,0,23,9,27,9,0.6667
4,104.0000,7,0,1002.1379,-88.7505,0.3137,3,0.0769,1.0000,6,6,6,0,0,6,6,0.0000
4,104.0000,7,1,745.9257,-87.0237,0.5635,14,0.3590,0.8571,7,8,7,0,0,8,7,0.1250
4,104.0000,7,3,476.1362,-84.2213,-0.4743,25,0.6410,0.5714,7,6,2,0,0,6,2,0.6667
4,104.0000,7,4,862.3555,-87.8014,-0.0701,8,0.2051,0.8571,7,8,7,0,0,8,7,0.1250
4,104.0000,7,5,567.0167,-86.5986,0.6549,24,0.6154,0.5714,7,6,3,0,0,6,3,0.5000
4,104.0000,7,8,446.2731,-85.2399,0.0839,26,0.6667,0.4000,5,5,1,0,0,5,1,0.8000
4,104.0000,7,9,785.9000,-88.3534,-0.1231,9,0.2308,0.6667,6,8,8,0,0,8,8,0.0000
4,104.0000,7,10,930.1540,-88.9673,0.3095,3,0.0769,1.0000,8,8,8,0,0,8,8,0.0000
4,104.0000,7,14,603.8219,-86.0616,0.0852,18,0.4615,0.8750,8,7,5,0,0,7,5,0.2857
4,104.0000,7,17,730.3469,-86.7269,0.5042,12,0.3077,1.0000,8,7,5,0,0,7,5,0.2857
4,104.0000,7,18,513.3502,-85.2486,0.5587,21,0.5385,0.4000,5,6,4,0,0,6,4,0.3333
4,104.0000,7,20,786.0404,-88.1025,0.6765,6,0.1538,1.0000,8,8,7,0,0,8,7,0.1250
4,104.0000,7,21,458.2326,-84.3108,-0.5131,26,0.6667,0.4000,5,4,0,0,0,4,0,1.0000
4,104.0000,7,24,436.9667,-83.3204,0.1942,25,0.6410,0.6250,8,7,3,0,0,7,3,0.5714
4,104.0000,7,25,468.6646,-84.9425,-0.2570,28,0.7179,0.2000,5,7,4,0,0,7,4,0.4286
4,104.0000,8,1,442.3803,-84.6499,-0.3489,36,0.9000,0.0000,4,5,2,0,0,5,2,0.6000
4,104.0000,8,3,124.3702,-76.0574,2.2203,39,0.9750,0.0870,23,5,1,0,0,5,1,0.8000
4,104.0000,8,4,1107.1227,-88.8331,-0.5555,3,0.0750,1.0000,6,4,4,0,0,4,4,0.0000
4,104.0000,8,5,514.4272,-85.8653,-0.1154,32,0.8000,0.5000,6,7,5,0,0,7,5,0.2857
4,104.0000,8,7,446.2731,-84.5838,0.4939,33,0.8250,0.4000,5,5,1,0,0,5,1,0.8000
4,104.0000,8,10,644.2790,-86.8858,-0.0894,26,0.6500,0.6667,6,7,6,0,0,7,6,0.1429
4,104.0000,8,14,856.1554,-88.6361,-0.2645,12,0.3000,1.0000,8,8,8,0,0,8,8,0.0000
4,104.0000,8,17,789.3772,-88.0870,0.6101,9,0.2250,1.0000,6,6,4,0,0,6,4,0.3333
4,104.0000,8,18,628.5450,-87.7504,-0.0923,14,0.3500,0.5000,6,4,2,0,0,4,2,0.5000
4,104.0000,8,20,718.2236,-87.5797,-0.5187,23,0.5750,0.0000,4,7,5,0,0,7,5,0.2857
4,104.0000,8,21,485.0554,-86.5083,0.4572,33,0.8250,0.6250,8,5,2,0,0,5,2,0.6000
4,104.0000,8,24,290.0387,-80.1059,-0.0206,39,0.9750,0.1000,20,5,2,2,0,7,2,0.7143
4,104.0000,8,25,696.9763,-87.4622,0.1296,18,0.4500,0.8571,7,7,5,0,0,7,5,0.2857
4,104.0000,9,0,385.3551,-83.2091,0.3311,31,0.7750,0.0000,4,5,1,0,0,5,1,0.8000
4,104.0000,9,2,689.3878,-87.1603,0.3808,21,0.5250,0.8571,7,8,7,0,0,8,7,0.1250
4,104.0000,9,3,1040.4345,-88.8803,-0.1560,4,0.1000,1.0000,6,8,8,0,0,8,8,0.0000
4,104.0000,9,4,403.9301,-82.2311,-0.5817,30,0.7500,0.2000,5,5,1,0,0,5,1,0.8000
4,104.0000,9,6,455.6825,-85.1445,0.2548,28,0.7000,0.2000,5,5,2,0,0,5,2,0.6000
4,104.0000,9,7,785.9000,-88.3375,-0.1380,11,0.2750,1.0000,8,8,7,0,0,8,7,0.1250
4,104.0000,9,11,572.1347,-85.5677,-0.7464,27,0.6750,0.6667,6,8,7,0,0,8,7,0.1250
4,104.0000,9,14,255.2047,-81.6341,1.0005,32,0.8000,0.4286,7,4,0,2,0,6,0,1.0000
4,104.0000,9,16,666.1203,-86.7917,-1.0218,21,0.5250,0.5000,6,8,7,0,0,8,7,0.1250
4,104.0000,9,17,817.8077,-88.3163,0.0647,10,0.2500,0.9800,50,8,8,0,0,8,8,0.0000
4,104.0000,9,18,569.7937,-86.5663,0.0194,21,0.5250,0.5000,6,7,6,0,0,7,6,0.1429
4,104.0000,9,19,720.3344,-88.0383,-0.1064,17,0.4250,0.8750,8,8,6,0,0,8,6,0.2500
4,104.0000,9,21,819.4279,-87.8701,0.0002,12,0.3000,1.0000,8,8,8,0,0,8,8,0.0000
4,104.0000,9,22,632.3724,-87.8915,-0.3409,21,0.5250,0.7143,7,4,0,0,0,4,0,1.0000
4,104.0000,9,23,578.8700,-85.7899,-0.0583,28,0.7000,0.5000,6,6,2,0,0,6,2,0.6667
4,104.0000,9,24,864.8788,-88.8747,-0.0361,7,0.1750,1.0000,8,8,8,0,0,8,8,0.0000
4,104.0000,9,25,774.8881,-88.0128,0.8091,9,0.2250,1.0000,8,7,6,0,0,7,6,0.1429
4,104.0000,10,1,600.9887,-86.7178,-0.2922,27,0.6750,0.7143,7,7,5,0,0,7,5,0.2857
4,104.0000,10,3,699.3806,-87.2175,0.6341,17,0.4250,0.8750,8,6,3,38,36,44,39,0.1136
4,104.0000,10,5,461.2109,-84.2521,0.1749,36,0.9000,0.4286,7,7,3,0,0,7,3,0.5714
4,104.0000,10,7,930.1540,-89.0665,0.1428,6,0.1500,1.0000,8,8,7,0,0,8,7,0.1250
4,104.0000,10,8,644.2790,-86.9464,-0.1524,25,0.6250,0.9391,115,8,6,78,71,86,77,0.1047
4,104.0000,10,20,439.8850,-84.5738,0.2121,33,0.8250,0.5714,21,4,0,0,0,4,0,1.0000
4,104.0000,10,24,866.6346,-88.5749,-0.1527,12,0.3000,0.9744,39,8,7,66,62,74,69,0.0676
4,104.0000,11,0,522.5861,-85.7733,-0.4019,30,0.7500,0.3333,6,6,4,0,0,6,4,0.3333
4,104.0000,11,2,441.3139,-85.3828,-0.5162,27,0.6750,0.5000,6,6,3,0,0,6,3,0.5000
4,104.0000,11,4,703.2197,-87.8043,-0.0366,16,0.4000,0.7143,7,8,7,0,0,8,7,0.1250
4,104.0000,11,6,398.7862,-83.5315,-0.3457,34,0.8500,0.0000,4,4,0,0,0,4,0,1.0000
4,104.0000,11,9,572.1347,-85.5987,-0.9253,26,0.6500,0.3333,6,5,2,0,0,5,2,0.6000
4,104.0000,11,12,722.8155,-87.3985,-0.4514,17,0.4250,0.8750,8,7,6,0,0,7,6,0.1429
4,104.0000,11,13,627.6289,-87.5103,-0.0311,16,0.4000,0.5714,7,5,2,0,0,5,2,0.6000
4,104.0000,11,14,800.5122,-88.6165,-0.0651,15,0.3750,1.0000,8,7,5,0,0,7,5,0.2857
4,104.0000,11,15,692.1977,-87.3556,0.4167,13,0.3250,0.7500,8,8,8,0,0,8,8,0.0000
4,104.0000,11,16,519.8431,-85.1411,-0.4672,32,0.8000,0.0000,4,6,3,0,0,6,3,0.5000
4,104.0000,11,18,1077.7759,-89.0618,-0.8498,3,0.0750,1.0000,8,6,6,0,0,6,6,0.0000
4,104.0000,11,19,461.7387,-84.6922,-0.1029,28,0.7000,0.6500,80,5,1,74,59,79,60,0.2405
4,104.0000,11,22,353.3179,-82.5308,-0.1582,33,0.8250,0.0000,4,5,0,0,0,5,0,1.0000
4,104.0000,11,23,469.7516,-85.0611,0.2270,25,0.6250,0.0000,4,5,1,0,0,5,1,0.8000
4,104.0000,12,6,905.4143,-89.0677,-0.0156,7,0.1750,1.0000,8,8,8,0,0,8,8,0.0000
4,104.0000,12,11,722.8155,-88.5190,-0.2079,15,0.3750,1.0000,8,5,1,0,0,5,1,0.8000
4,104.0000,12,13,705.1559,-88.0378,0.1848,13,0.3250,0.6667,6,6,4,0,0,6,4,0.3333
4,104.0000,12,15,447.4684,-84.3847,-0.2910,35,0.8750,0.0000,4,4,0,0,0,4,0,1.0000
4,104.0000,12,16,1085.4183,-89.2579,-0.5484,3,0.0750,1.0000,8,8,8,0,0,8,8,0.0000
4,104.0000,12,19,906.7921,-88.1139,-0.5445,7,0.1750,1.0000,8,8,8,0,0,8,8,0.0000
4,104.0000,12,22,758.2751,-88.3171,-0.6528,14,0.3500,0.5714,7,8,8,0,0,8,8,0.0000
4,104.0000,12,23,884.4051,-89.0957,-0.1112,3,0.0750,1.0000,8,8,7,0,0,8,7,0.1250
4,104.0000,13,2,536.9327,-86.1120,0.2967,19,0.4872,0.7143,7,5,2,0,0,5,2,0.6000
4,104.0000,13,6,979.7821,-89.4318,-0.1132,4,0.1026,1.0000,8,8,8,0,0,8,8,0.0000
4,104.0000,13,11,627.6289,-87.3129,-0.2483,15,0.3846,0.8750,8,6,2,0,0,6,2,0.6667
4,104.0000,13,12,705.1559,-87.4702,-0.2739,19,0.4872,0.8750,8,7,5,0,0,7,5,0.2857
4,104.0000,13,15,556.3686,-86.6809,0.2296,22,0.5641,0.6667,6,5,1,0,0,5,1,0.8000
4,104.0000,13,16,655.5471,-87.1347,0.3147,10,0.2564,1.0000,8,7,5,0,0,7,5,0.2857
4,104.0000,13,19,635.5285,-86.0358,0.3574,21,0.5385,0.8750,8,7,6,0,0,7,6,0.1429
4,104.0000,13,22,789.8597,-89.1117,-0.0083,7,0.1795,1.0000,8,8,8,0,0,8,8,0.0000
4,104.0000,14,0,522.1687,-86.9656,0.3598,22,0.5366,0.7143,7,6,3,0,0,6,3,0.5000
4,104.0000,14,2,865.4962,-88.7991,0.3889,6,0.1463,1.0000,8,7,6,0,0,7,6,0.1429
4,104.0000,14,3,792.3660,-87.1389,-0.4284,14,0.3415,0.8750,8,8,7,0,0,8,7,0.1250
4,104.0000,14,4,432.6882,-84.2726,-0.2965,28,0.6829,0.3333,6,4,0,0,0,4,0,1.0000
4,104.0000,14,6,614.8881,-87.3799,-0.1366,21,0.5122,0.8571,7,6,4,0,0,6,4,0.3333
4,104.0000,14,7,603.8219,-86.9561,-0.5185,23,0.5610,0.6000,5,5,1,0,0,5,1,0.8000
4,104.0000,14,8,856.1554,-87.7863,-0.7447,6,0.1463,0.8571,7,8,8,0,0,8,8,0.0000
4,104.0000,14,9,255.2047,-81.8731,1.0587,30,0.7317,0.0000,4,5,1,0,0,5,1,0.8000
4,104.0000,14,11,800.5122,-88.8067,-0.2484,11,0.2683,0.8571,7,8,8,0,0,8,8,0.0000
4,104.0000,14,16,778.5467,-87.6770,-0.7662,11,0.2683,1.0000,8,7,5,0,0,7,5,0.2857
4,104.0000,14,17,663.7780,-87.6939,0.2792,18,0.4390,0.7143,7,8,7,4,4,12,11,0.0833
4,104.0000,14,18,343.0618,-82.7667,0.2308,32,0.7805,0.0000,4,6,3,0,0,6,3,0.5000
4,104.0000,14,19,839.8676,-88.3024,-0.2765,6,0.1463,1.0000,8,7,6,0,0,7,6,0.1429
4,104.0000,14,21,609.2494,-86.8631,0.1765,22,0.5366,0.7143,7,8,6,0,0,8,6,0.2500
4,104.0000,14,22,784.4351,-88.7149,0.0282,7,0.1707,1.0000,8,8,6,0,0,8,6,0.2500
4,104.0000,14,23,698.3839,-87.4548,0.2223,16,0.3902,0.6667,6,8,8,0,0,8,8,0.0000
4,104.0000,14,24,612.6056,-87.3732,-0.0404,21,0.5122,0.7143,7,5,2,0,0,5,2,0.6000
4,104.0000,14,25,642.0980,-88.0391,-0.2351,18,0.4390,1.0000,8,6,3,0,0,6,3,0.5000
4,104.0000,15,0,1098.1773,-88.5455,0.6290,3,0.0732,,0,8,8,0,0,8,8,0.0000
4,104.0000,15,2,867.1815,-87.9532,0.0081,5,0.1220,1.0000,6,8,7,0,0,8,7,0.1250
4,104.0000,15,6,850.5552,-88.4440,0.5232,4,0.0976,1.0000,8,8,8,0,0,8,8,0.0000
4,104.0000,15,11,692.1977,-88.2178,-0.3067,15,0.3659,0.8750,8,6,4,0,0,6,4,0.3333
4,104.0000,15,12,447.4684,-84.6864,-0.3875,38,0.9268,0.3333,6,5,2,0,0,5,2,0.6000
4,104.0000,15,13,556.3686,-86.4961,-0.1463,24,0.5854,0.8333,6,6,1,0,0,6,1,0.8333
4,104.0000,15,16,834.9117,-88.6400,0.4902,7,0.1707,1.0000,8,6,4,0,0,6,4,0.3333
4,104.0000,15,19,616.4529,-86.8735,0.3464,23,0.5610,0.6667,6,7,5,0,0,7,5,0.2857
4,104.0000,15,22,607.5590,-87.1146,0.4763,19,0.4634,0.7143,7,7,4,0,0,7,4,0.4286
4,104.0000,15,23,764.8754,-87.5380,0.0083,9,0.2195,1.0000,8,8,7,0,0,8,7,0.1250
4,104.0000,16,0,382.5524,-82.5235,-0.3976,39,0.9750,0.0000,4,4,0,0,0,4,0,1.0000
4,104.0000,16,2,287.7658,-81.6965,0.8022,39,0.9750,0.0000,4,4,0,1,0,5,0,1.0000
4,104.0000,16,4,483.6997,-86.0647,0.0212,29,0.7250,0.5000,6,3,0,0,0,3,0,1.0000
4,104.0000,16,6,688.9155,-87.5421,-0.0955,24,0.6000,0.6250,8,6,4,0,0,6,4,0.3333
4,104.0000,16,9,666.1203,-86.0659,-1.1842,30,0.7500,0.5714,7,6,3,0,0,6,3,0.5000
4,104.0000,16,11,519.8431,-85.2922,-0.4291,36,0.9000,0.4000,5,6,3,0,0,6,3,0.5000
4,104.0000,16,13,655.5471,-87.4538,0.0906,19,0.4750,0.7500,8,5,2,0,0,5,2,0.6000
4,104.0000,16,14,778.5467,-88.2550,-0.2768,14,0.3500,1.0000,8,8,7,0,0,8,7,0.1250
4,104.0000,16,15,834.9117,-89.3437,0.3024,12,0.3000,1.0000,8,7,6,0,0,7,6,0.1429
4,104.0000,16,17,926.1328,-88.4206,-0.0675,13,0.3250,1.0000,8,8,8,0,0,8,8,0.0000
4,104.0000,16,18,899.6299,-88.3611,-0.2047,18,0.4500,0.7143,7,6,6,22,22,28,28,0.0000
4,104.0000,16,19,278.1056,-80.5757,0.4944,40,1.0000,0.0000,5,5,1,0,0,5,1,0.8000
4,104.0000,16,22,568.9080,-86.4223,0.5003,34,0.8500,0.4000,5,8,5,0,0,8,5,0.3750
4,104.0000,16,23,679.8999,-87.0685,-0.2868,27,0.6750,0.6250,8,8,7,0,0,8,7,0.1250
4,104.0000,17,0,739.1990,-88.0277,0.1555,9,0.2250,0.8750,8,8,6,0,0,8,6,0.2500
4,104.0000,17,1,1042.5121,-88.0862,1.1547,4,0.1000,1.0000,8,4,4,0,0,4,4,0.0000
4,104.0000,17,2,1038.9269,-89.4234,-0.2334,4,0.1000,1.0000,8,4,4,0,0,4,4,0.0000
4,104.0000,17,3,758.0113,-88.3575,-0.0865,18,0.4500,0.7143,7,8,8,0,0,8,8,0.0000
4,104.0000,17,4,539.7554,-86.1812,-0.0083,23,0.5750,0.6667,6,5,2,0,0,5,2,0.6000
4,104.0000,17,6,1189.1256,-89.1762,0.2489,3,0.0750,1.0000,4,4,4,0,0,4,4,0.0000
4,104.0000,17,7,730.3469,-88.3285,0.2779,14,0.3500,1.0000,8,7,5,0,0,7,5,0.2857
4,104.0000,17,8,789.3772,-88.8378,0.6354,4,0.1000,1.0000,8,6,4,0,0,6,4,0.3333
4,104.0000,17,9,817.8077,-88.5453,-0.5064,9,0.2250,1.0000,8,8,8,0,0,8,8,0.0000
4,104.0000,17,14,663.7780,-87.7668,-0.0533,15,0.3750,0.6667,6,7,4,0,0,7,4,0.4286
4,104.0000,17,16,926.1328,-88.7179,-0.3561,13,0.3250,1.0000,8,8,8,0,0,8,8,0.0000
4,104.0000,17,18,382.9476,-84.6224,0.4054,30,0.7500,0.0000,4,4,0,0,0,4,0,1.0000
4,104.0000,17,21,314.1781,-83.2461,0.5520,30,0.7500,0.2000,5,5,1,0,0,5,1,0.8000
4,104.0000,17,24,646.7056,-87.5745,0.4767,14,0.3500,0.5000,4,8,6,0,0,8,6,0.2500
4,104.0000,17,25,391.7647,-84.6698,0.1606,32,0.8000,0.2000,5,4,0,0,0,4,0,1.0000
4,104.0000,18,0,676.2033,-87.6258,-0.0011,21,0.5250,0.4000,5,8,7,0,0,8,7,0.1250
4,104.0000,18,1,1008.0151,-88.1832,-0.1919,3,0.0750,,0,4,4,0,0,4,4,0.0000
4,104.0000,18,2,1025.6794,-88.2652,0.1034,5,0.1250,1.0000,8,6,6,0,0,6,6,0.0000
4,104.0000,18,3,564.3999,-85.9388,0.2929,30,0.7500,0.8571,7,6,3,0,0,6,3,0.5000
4,104.0000,18,4,497.3838,-84.0411,-0.7698,29,0.7250,0.0000,4,7,6,0,0,7,6,0.1429
4,104.0000,18,5,966.2962,-88.6676,0.5024,4,0.1000,1.0000,2,8,8,0,0,8,8,0.0000
4,104.0000,18,6,925.8226,-88.5189,-0.4410,6,0.1500,1.0000,8,6,6,0,0,6,6,0.0000
4,104.0000,18,7,513.3502,-86.1104,0.7711,30,0.7500,0.4000,5,6,3,0,0,6,3,0.5000
4,104.0000,18,8,628.5450,-87.3501,0.8330,17,0.4250,1.0000,8,6,4,0,0,6,4,0.3333
4,104.0000,18,9,569.7937,-86.2235,0.0313,26,0.6500,0.6667,6,6,4,0,0,6,4,0.3333
4,104.0000,18,11,1077.7759,-88.7219,0.0750,7,0.1750,1.0000,8,8,8,0,0,8,8,0.0000
4,104.0000,18,14,343.0618,-82.8955,0.0587,33,0.8250,0.0000,4,6,3,0,0,6,3,0.5000
4,104.0000,18,16,899.6299,-87.8749,-0.1301,10,0.2500,1.0000,8,8,8,0,0,8,8,0.0000
4,104.0000,18,17,382.9476,-83.9677,0.2510,35,0.8750,0.0000,3,5,1,1,0,6,1,0.8333
4,104.0000,18,19,1011.9873,-89.3515,-0.1111,5,0.1250,1.0000,6,6,6,0,0,6,6,0.0000
4,104.0000,18,21,295.8494,-79.9830,-0.0225,36,0.9000,0.0000,4,5,2,0,0,5,2,0.6000
4,104.0000,18,24,391.5766,-83.9767,0.8342,35,0.8750,0.3333,6,4,0,0,0,4,0,1.0000
4,104.0000,18,25,454.2036,-85.5974,0.3555,31,0.7750,0.2000,5,5,2,0,0,5,2,0.6000
4,104.0000,19,0,569.6135,-86.4399,-0.0177,30,0.7500,0.3333,6,7,4,0,0,7,4,0.4286
4,104.0000,19,2,470.2423,-85.4795,0.2760,31,0.7750,0.5000,6,6,3,0,0,6,3,0.5000
4,104.0000,19,4,676.0547,-87.7953,0.2112,22,0.5500,1.0000,8,6,4,0,0,6,4,0.3333
4,104.0000,19,6,560.7175,-86.8008,-0.2089,34,0.8500,0.6667,6,5,1,0,0,5,1,0.8000
4,104.0000,19,9,720.3344,-87.8823,0.1958,24,0.6000,0.7500,8,7,5,0,0,7,5,0.2857
4,104.0000,19,11,461.7387,-85.3102,-0.1231,33,0.8250,0.5000,6,5,1,0,0,5,1,0.8000
4,104.0000,19,12,906.7921,-88.8978,0.3194,12,0.3000,0.8571,7,4,3,0,0,4,3,0.2500
4,104.0000,19,13,635.5285,-86.8864,-0.1766,25,0.6250,0.5000,8,8,5,0,0,8,5,0.3750
4,104.0000,19,14,839.8676,-87.8280,0.1113,9,0.2250,1.0000,8,8,8,0,0,8,8,0.0000
4,104.0000,19,15,616.4529,-87.3525,0.4141,28,0.7000,0.7143,7,6,2,0,0,6,2,0.6667
4,104.0000,19,16,278.1056,-80.5424,0.2357,35,0.8750,0.0000,4,4,0,0,0,4,0,1.0000
4,104.0000,19,18,1011.9873,-89.3236,-0.2541,5,0.1250,1.0000,8,8,8,0,0,8,8,0.0000
4,104.0000,19,22,360.0708,-83.7310,0.7604,35,0.8750,0.0000,4,4,0,0,0,4,0,1.0000
4,104.0000,19,23,494.6828,-85.9725,0.2147,28,0.7000,0.3333,6,7,4,0,0,7,4,0.4286
4,104.0000,20,1,840.7390,-88.7547,0.0152,11,0.2683,0.9375,16,8,7,0,0,8,7,0.1250
4,104.0000,20,3,758.4342,-88.3004,-0.0107,12,0.2927,0.8571,7,7,4,0,0,7,4,0.4286
4,104.0000,20,5,228.6387,-77.6043,-0.6386,38,0.9268,0.1957,46,5,2,2,0,7,2,0.7143
4,104.0000,20,7,786.0404,-88.5557,0.1125,9,0.2195,1.0000,8,7,6,0,0,7,6,0.1429
4,104.0000,20,8,718.2236,-86.7579,-0.0247,17,0.4146,0.8095,21,8,8,0,0,8,8,0.0000
4,104.0000,20,10,439.8850,-84.4452,-0.0524,36,0.8780,0.3333,6,5,1,42,33,47,34,0.2766
4,104.0000,20,24,856.9007,-89.1124,0.1518,7,0.1707,1.0000,8,7,6,34,33,41,39,0.0488
4,104.0000,21,0,881.7259,-88.3734,0.3423,8,0.2000,1.0000,8,8,8,0,0,8,8,0.0000
4,104.0000,21,1,773.1928,-88.5394,0.2085,16,0.4000,1.0000,8,7,6,0,0,7,6,0.1429
4,104.0000,21,3,467.8209,-84.4944,-0.2555,33,0.8250,0.6667,6,6,3,0,0,6,3,0.5000
4,104.0000,21,4,688.2460,-86.9905,-0.6150,23,0.5750,0.9412,17,8,8,48,48,56,56,0.0000
4,104.0000,21,5,907.4570,-88.8054,0.1362,5,0.1250,1.0000,6,8,8,0,0,8,8,0.0000
4,104.0000,21,7,458.2326,-83.9068,-0.3498,32,0.8000,0.2000,5,5,2,0,0,5,2,0.6000
4,104.0000,21,8,485.0554,-86.4352,1.1613,29,0.7250,0.5714,7,5,2,0,0,5,2,0.6000
4,104.0000,21,9,819.4279,-88.4455,0.1303,11,0.2750,1.0000,8,8,7,0,0,8,7,0.1250
4,104.0000,21,14,609.2494,-86.5018,0.0331,19,0.4750,0.5000,6,8,8,0,0,8,8,0.0000
4,104.0000,21,17,314.1781,-82.0312,0.7046,35,0.8750,0.0000,4,5,0,0,0,5,0,1.0000
4,104.0000,21,18,295.8494,-79.7116,-0.7966,35,0.8750,0.0000,4,4,0,0,0,4,0,1.0000
4,104.0000,21,24,381.8837,-82.6280,-0.5063,36,0.9000,0.2000,5,6,4,0,0,6,4,0.3333
4,104.0000,21,25,313.3070,-82.1136,0.1074,35,0.8750,0.2000,5,4,0,0,0,4,0,1.0000
4,104.0000,22,0,673.6165,-87.3465,-0.0213,14,0.3500,1.0000,8,5,2,0,0,5,2,0.6000
4,104.0000,22,2,660.6833,-87.0625,-0.2321,14,0.3500,0.5000,4,8,6,0,0,8,6,0.2500
4,104.0000,22,4,792.0904,-88.0861,0.2893,9,0.2250,1.0000,10,7,5,0,0,7,5,0.2857
4,104.0000,22,6,265.0634,-79.8159,0.0172,40,1.0000,0.2000,5,4,0,0,0,4,0,1.0000
4,104.0000,22,9,632.3724,-87.4367,0.0316,14,0.3500,0.6667,6,5,2,0,0,5,2,0.6000
4,104.0000,22,11,353.3179,-82.6822,0.5659,36,0.9000,0.2000,5,5,1,0,0,5,1,0.8000
4,104.0000,22,12,758.2751,-87.6551,0.4733,20,0.5000,0.8750,8,7,6,0,0,7,6,0.1429
4,104.0000,22,13,789.8597,-87.8464,0.3761,12,0.3000,1.0000,8,8,8,0,0,8,8,0.0000
4,104.0000,22,14,784.4351,-88.5614,0.2586,8,0.2000,1.0000,8,8,8,0,0,8,8,0.0000
4,104.0000,22,15,607.5590,-87.2691,0.0982,29,0.7250,0.7500,8,6,3,0,0,6,3,0.5000
4,104.0000,22,16,568.9080,-85.7530,-0.2790,24,0.6000,0.4000,5,5,2,29,22,34,24,0.2941
4,104.0000,22,18,1049.1080,-88.6272,-0.1579,4,0.1000,1.0000,6,6,6,0,0,6,6,0.0000
4,104.0000,22,19,360.0708,-83.4877,0.4389,38,0.9500,0.0000,5,5,1,0,0,5,1,0.8000
4,104.0000,22,23,182.8540,-79.2133,1.0904,38,0.9500,0.0000,4,4,0,0,0,4,0,1.0000
4,104.0000,23,0,718.5409,-88.5510,-0.1218,10,0.2500,0.8750,8,7,5,0,0,7,5,0.2857
4,104.0000,23,2,787.8580,-89.1463,0.1709,6,0.1500,0.8571,7,7,5,0,0,7,5,0.2857
4,104.0000,23,4,804.7113,-88.2523,-0.5598,11,0.2750,0.8750,8,7,6,0,0,7,6,0.1429
4,104.0000,23,6,171.6253,-75.5873,0.1846,38,0.9500,0.0000,4,5,2,0,0,5,2,0.6000
4,104.0000,23,9,578.8700,-86.3959,-0.1717,24,0.6000,0.6667,6,7,5,0,0,7,5,0.2857
4,104.0000,23,11,469.7516,-85.0415,-0.2904,29,0.7250,0.5714,7,5,2,0,0,5,2,0.6000
4,104.0000,23,12,884.4051,-88.5262,-0.3755,9,0.2250,1.0000,8,6,6,0,0,6,6,0.0000
4,104.0000,23,14,698.3839,-86.9445,-0.1233,23,0.5750,0.7143,7,8,7,0,0,8,7,0.1250
4,104.0000,23,15,764.8754,-88.7672,0.1617,15,0.3750,1.0000,8,7,6,0,0,7,6,0.1429
4,104.0000,23,16,679.8999,-87.4243,-0.3046,20,0.5000,0.5714,7,8,8,0,0,8,8,0.0000
4,104.0000,23,19,494.6828,-86.2991,0.2740,26,0.6500,0.4286,7,4,0,0,0,4,0,1.0000
4,104.0000,23,22,182.8540,-79.2963,1.1246,38,0.9500,0.0000,4,4,0,0,0,4,0,1.0000
4,104.0000,24,1,723.3897,-86.6694,-0.0676,31,0.7750,0.4000,5,8,7,0,0,8,7,0.1250
4,104.0000,24,3,191.1215,-70.3470,-4.5630,38,0.9500,0.2000,5,4,0,3,2,7,2,0.7143
4,104.0000,24,4,885.9060,-88.5797,-0.0895,10,0.2500,1.0000,8,8,7,0,0,8,7,0.1250
4,104.0000,24,5,660.5691,-87.5242,0.6530,22,0.5500,0.7143,7,6,4,0,0,6,4,0.3333
4,104.0000,24,7,436.9667,-84.3184,0.6656,36,0.9000,0.0000,4,4,0,0,0,4,0,1.0000
4,104.0000,24,8,290.0387,-80.2342,-0.4145,40,1.0000,0.0000,3,5,2,0,0,5,2,0.6000
4,104.0000,24,9,864.8788,-88.5323,-0.1522,5,0.1250,1.0000,4,8,7,0,0,8,7,0.1250
4,104.0000,24,10,866.6346,-88.7512,0.3116,10,0.2500,1.0000,8,7,6,0,0,7,6,0.1429
4,104.0000,24,14,612.6056,-87.2403,-0.0030,22,0.5500,0.2000,5,7,6,0,0,7,6,0.1429
4,104.0000,24,17,646.7056,-87.3813,0.0871,16,0.4000,0.4000,5,5,4,0,0,5,4,0.2000
4,104.0000,24,18,391.5766,-84.9851,1.0019,34,0.8500,0.5000,6,5,0,0,0,5,0,1.0000
4,104.0000,24,20,856.9007,-89.0534,-0.0180,5,0.1250,1.0000,8,7,6,0,0,7,6,0.1429
4,104.0000,24,21,381.8837,-83.2109,-0.3544,35,0.8750,0.4000,5,5,1,0,0,5,1,0.8000
4,104.0000,24,25,637.6886,-86.8111,-0.1575,25,0.6250,0.8182,33,8,6,14,10,22,16,0.2727
4,104.0000,25,0,792.0419,-88.2532,0.4682,8,0.2000,0.7500,8,8,8,0,0,8,8,0.0000
4,104.0000,25,1,908.5341,-88.0789,0.0367,10,0.2500,0.8571,7,6,6,0,0,6,6,0.0000
4,104.0000,25,3,714.8152,-87.0549,-0.0134,25,0.6250,0.8571,7,7,5,0,0,7,5,0.2857
4,104.0000,25,4,624.3745,-87.0448,0.0422,18,0.4500,0.8571,7,8,7,0,0,8,7,0.1250
4,104.0000,25,5,1011.2971,-88.8026,0.0626,3,0.0750,1.0000,4,6,6,0,0,6,6,0.0000
4,104.0000,25,7,468.6646,-84.6844,0.0398,34,0.8500,0.4000,5,5,1,0,0,5,1,0.8000
4,104.0000,25,8,696.9763,-87.9905,0.2353,16,0.4000,0.6667,6,7,5,0,0,7,5,0.2857
4,104.0000,25,9,774.8881,-88.6943,0.7235,11,0.2750,0.8750,8,8,7,0,0,8,7,0.1250
4,104.0000,25,14,642.0980,-87.9393,0.3020,13,0.3250,0.5000,6,7,6,0,0,7,6,0.1429
4,104.0000,25,17,391.7647,-84.4654,0.1829,31,0.7750,0.2000,5,5,1,0,0,5,1,0.8000
4,104.0000,25,18,454.2036,-85.5048,0.5606,30,0.7500,0.5000,6,5,1,0,0,5,1,0.8000
4,104.0000,25,21,313.3070,-82.4014,0.2131,33,0.8250,0.0000,4,5,2,0,0,5,2,0.6000
4,104.0000,25,24,637.6886,-87.5759,-0.0038,19,0.4750,0.8571,7,6,4,0,0,6,4,0.3333
4,108.0000,0,2,427.1376,-83.8248,-0.4144,36,0.9000,0.4000,5,5,2,0,0,5,2,0.6000
4,108.0000,0,4,212.8296,-76.8248,-0.3747,37,0.9250,0.0000,4,4,0,0,0,4,0,1.0000
4,108.0000,0,6,550.1348,-86.3150,-0.2472,20,0.5000,0.2000,5,6,4,0,0,6,4,0.3333
4,108.0000,0,9,386.2758,-83.7720,-0.5236,30,0.7500,0.6667,6,4,0,0,0,4,0,1.0000
4,108.0000,0,11,567.3813,-86.4511,-0.1352,29,0.7250,0.7143,7,5,2,0,0,5,2,0.6000
4,108.0000,0,13,856.9490,-88.2374,0.2464,7,0.1750,1.0000,8,7,6,0,0,7,6,0.1429
4,108.0000,0,14,352.7272,-85.0109,0.5823,31,0.7750,0.2000,5,4,0,0,0,4,0,1.0000
4,108.0000,0,16,494.7303,-84.3763,-1.2099,37,0.9250,0.5000,6,6,2,0,0,6,2,0.6667
4,108.0000,0,17,786.7163,-87.9030,-0.3033,15,0.3750,0.8571,7,8,7,0,0,8,7,0.1250
4,108.0000,0,18,712.2048,-88.2179,0.3774,19,0.4750,0.7143,7,8,8,0,0,8,8,0.0000
4,108.0000,0,19,538.3084,-86.2935,0.6199,27,0.6750,0.6667,6,5,2,0,0,5,2,0.6000
4,108.0000,0,21,953.8958,-88.8449,0.1662,7,0.1750,1.0000,8,6,6,0,0,6,6,0.0000
4,108.0000,0,22,592.8936,-86.9863,0.0015,26,0.6500,0.4000,5,8,8,0,0,8,8,0.0000
4,108.0000,0,23,661.8363,-87.2017,0.2804,19,0.4750,0.8571,7,6,4,0,0,6,4,0.3333
4,108.0000,0,24,947.3679,-88.9109,-0.3110,5,0.1250,1.0000,7,8,8,22,22,30,30,0.0000
4,108.0000,0,25,707.9702,-87.6860,0.1196,19,0.4750,0.7143,7,8,6,0,0,8,6,0.2500
4,108.0000,1,3,561.6528,-86.0512,-0.0660,23,0.5750,0.7500,8,8,5,0,0,8,5,0.3750
4,108.0000,1,5,719.6648,-86.9823,-0.2801,18,0.4500,1.0000,8,8,8,0,0,8,8,0.0000
4,108.0000,1,7,828.6704,-88.2039,-0.7382,5,0.1250,0.9000,10,8,8,0,0,8,8,0.0000
4,108.0000,1,8,532.3127,-84.9148,-1.0087,28,0.7000,0.5000,6,6,3,0,0,6,3,0.5000
4,108.0000,1,10,654.8027,-86.8425,-0.2715,23,0.5750,0.7143,7,7,6,0,0,7,6,0.1429
4,108.0000,1,18,1011.0968,-88.4567,0.3216,4,0.1000,0.7500,4,8,8,0,0,8,8,0.0000
4,108.0000,1,20,876.3818,-87.6146,-0.6947,7,0.1750,1.0000,8,8,8,0,0,8,8,0.0000
4,108.0000,1,21,773.5586,-88.2941,0.2486,11,0.2750,0.8571,7,8,8,0,0,8,8,0.0000
4,108.0000,1,24,893.1979,-88.4946,-0.0418,8,0.2000,0.8571,7,8,8,0,0,8,8,0.0000
4,108.0000,1,25,1042.8294,-88.4790,0.5315,5,0.1250,1.0000,6,8,8,0,0,8,8,0.0000
4,108.0000,2,0,427.1376,-83.7797,-0.2134,33,0.8250,0.0000,5,7,6,0,0,7,6,0.1429
4,108.0000,2,4,503.1265,-86.3241,0.0596,27,0.6750,0.0000,3,5,1,0,0,5,1,0.8000
4,108.0000,2,6,703.8100,-87.0984,-0.2312,21,0.5250,0.5000,6,6,4,0,0,6,4,0.3333
4,108.0000,2,9,752.0917,-88.0563,0.6841,11,0.2750,0.8750,8,8,6,0,0,8,6,0.2500
4,108.0000,2,11,398.9907,-83.8863,0.4041,30,0.7500,0.5000,6,6,3,0,0,6,3,0.5000
4,108.0000,2,12,931.4127,-88.5227,0.0768,5,0.1250,0.8571,7,8,7,0,0,8,7,0.1250
4,108.0000,2,13,444.8287,-85.3877,0.2120,31,0.7750,0.3333,6,6,2,0,0,6,2,0.6667
4,108.0000,2,14,771.0238,-88.1590,-0.1253,12,0.3000,0.8000,5,8,7,0,0,8,7,0.1250
4,108.0000,2,15,732.4317,-87.7320,0.0536,12,0.3000,0.8750,8,6,4,0,0,6,4,0.3333
4,108.0000,2,16,268.9279,-80.7134,-0.0117,36,0.9000,0.0000,4,4,0,0,0,4,0,1.0000
4,108.0000,2,18,1119.0160,-89.6416,0.0145,3,0.0750,1.0000,6,4,4,0,0,4,4,0.0000
4,108.0000,2,19,451.0931,-84.4703,0.1774,35,0.8750,0.5714,7,5,1,0,0,5,1,0.8000
4,108.0000,2,22,600.0434,-87.4263,0.2842,22,0.5500,0.2000,5,6,3,0,0,6,3,0.5000
4,108.0000,2,23,680.5843,-87.9663,-0.0520,18,0.4500,0.8750,8,8,6,0,0,8,6,0.2500
4,108.0000,3,1,561.6528,-86.2495,0.3239,28,0.7000,0.4000,5,7,4,0,0,7,4,0.4286
4,108.0000,3,5,454.0800,-85.0174,0.9323,34,0.8500,0.4000,5,6,3,0,0,6,3,0.5000
4,108.0000,3,7,517.8987,-85.3777,-0.5462,22,0.5500,0.5000,6,6,2,0,0,6,2,0.6667
4,108.0000,3,8,227.7292,-74.8797,-1.0973,37,0.9250,0.2000,5,4,0,22,10,26,10,0.6154
4,108.0000,3,9,1091.7390,-89.1501,0.5596,3,0.0750,1.0000,6,6,6,0,0,6,6,0.0000
4,108.0000,3,10,552.3757,-87.2503,0.9161,28,0.7000,1.0000,8,5,1,0,0,5,1,0.8000
4,108.0000,3,14,948.2827,-86.8177,-0.3202,7,0.1750,0.8750,8,8,8,0,0,8,8,0.0000
4,108.0000,3,17,770.3627,-88.1914,-0.6230,8,0.2000,0.8750,8,7,6,0,0,7,6,0.1429
4,108.0000,3,18,593.4167,-86.4048,-0.5848,20,0.5000,0.5000,6,7,5,0,0,7,5,0.2857
4,108.0000,3,20,644.4207,-87.1900,0.2637,17,0.4250,0.6667,6,5,2,0,0,5,2,0.6000
4,108.0000,3,21,567.2699,-85.7131,-0.0245,27,0.6750,0.4286,7,4,1,0,0,4,1,0.7500
4,108.0000,3,24,377.0562,-80.2823,-1.8077,35,0.8750,0.0000,4,8,5,0,0,8,5,0.3750
4,108.0000,3,25,834.4152,-88.0161,0.0905,9,0.2250,1.0000,8,8,8,0,0,8,8,0.0000
4,108.0000,4,0,212.8296,-76.9813,-0.0048,39,0.9750,0.0000,4,5,1,0,0,5,1,0.8000
4,108.0000,4,2,503.1265,-86.2515,0.5792,30,0.7500,0.6250,8,5,2,0,0,5,2,0.6000
4,108.0000,4,6,736.7700,-87.6614,0.3758,18,0.4500,0.5000,6,8,8,0,0,8,8,0.0000
4,108.0000,4,7,978.9153,-88.1005,-0.5719,5,0.1250,1.0000,8,8,8,0,0,8,8,0.0000
4,108.0000,4,9,537.9086,-85.5159,-0.4815,31,0.7750,0.3333,6,8,7,0,0,8,7,0.1250
4,108.0000,4,11,745.1785,-87.7380,0.6410,17,0.4250,0.8750,8,8,7,0,0,8,7,0.1250
4,108.0000,4,14,394.6786,-83.9045,0.3659,33,0.8250,0.3333,6,7,5,0,0,7,5,0.2857
4,108.0000,4,16,496.8129,-85.2120,-0.5508,35,0.8750,0.5000,6,5,1,0,0,5,1,0.8000
4,108.0000,4,17,641.0309,-86.2703,-0.2698,24,0.6000,0.5714,7,7,6,0,0,7,6,0.1429
4,108.0000,4,18,660.4332,-86.4003,0.3178,23,0.5750,0.5000,6,7,5,0,0,7,5,0.2857
4,108.0000,4,19,622.2364,-87.2801,0.0387,19,0.4750,0.6667,6,7,6,0,0,7,6,0.1429
4,108.0000,4,21,842.5907,-88.5669,-0.0752,10,0.2500,0.8571,7,8,8,0,0,8,8,0.0000
4,108.0000,4,22,754.0054,-88.1837,-0.1336,16,0.4000,1.0000,8,7,6,0,0,7,6,0.1429
4,108.0000,4,23,825.2686,-88.1767,-0.1988,16,0.4000,1.0000,8,8,8,0,0,8,8,0.0000
4,108.0000,4,24,922.5988,-89.3881,-0.0350,7,0.1750,1.0000,8,8,8,0,0,8,8,0.0000
4,108.0000,4,25,611.7504,-87.1077,0.0152,18,0.4500,0.6667,6,7,5,0,0,7,5,0.2857
4,108.0000,5,1,719.6648,-88.2084,0.3351,18,0.4500,0.6667,6,7,6,0,0,7,6,0.1429
4,108.0000,5,3,454.0800,-85.0652,0.7588,33,0.8250,0.4000,5,5,1,0,0,5,1,0.8000
4,108.0000,5,7,406.7385,-84.5974,0.3449,33,0.8250,0.5000,6,5,1,0,0,5,1,0.8000
4,108.0000,5,8,539.7018,-86.3950,0.1763,33,0.8250,0.5556,9,7,4,0,0,7,4,0.4286
4,108.0000,5,10,487.8301,-84.8109,0.4642,35,0.8750,0.4000,5,4,0,0,0,4,0,1.0000
4,108.0000,5,14,1013.9251,-89.6666,0.1438,3,0.0750,1.0000,8,8,8,0,0,8,8,0.0000
4,108.0000,5,18,782.2917,-88.5031,-0.1175,3,0.0750,1.0000,6,7,6,0,0,7,6,0.1429
4,108.0000,5,20,275.6992,-79.2411,-0.1817,40,1.0000,0.0000,4,4,0,0,0,4,0,1.0000
4,108.0000,5,21,817.0474,-88.2053,-0.0873,10,0.2500,0.8571,7,7,6,0,0,7,6,0.1429
4,108.0000,5,24,612.2371,-86.7461,-0.0975,22,0.5500,1.0000,8,6,4,0,0,6,4,0.3333
4,108.0000,5,25,927.5921,-87.8802,0.5271,4,0.1000,1.0000,8,8,8,0,0,8,8,0.0000
4,108.0000,6,0,550.1348,-86.0650,0.8752,19,0.4750,0.7143,7,5,1,29,24,34,25,0.2647
4,108.0000,6,2,703.8100,-88.3536,0.1934,12,0.3000,0.7500,8,8,6,0,0,8,6,0.2500
4,108.0000,6,4,736.7700,-87.4397,-0.1188,12,0.3000,0.7500,8,5,2,0,0,5,2,0.6000
4,108.0000,6,9,400.2508,-84.3969,0.5774,26,0.6500,0.6429,14,4,0,0,0,4,0,1.0000
4,108.0000,6,11,472.2654,-84.0882,0.1471,30,0.7500,0.1667,6,7,6,0,0,7,6,0.1429
4,108.0000,6,12,950.6847,-88.5893,-0.2154,7,0.1750,1.0000,8,4,4,0,0,4,4,0.0000
4,108.0000,6,13,937.7907,-88.6362,0.4114,4,0.1000,1.0000,8,8,8,0,0,8,8,0.0000
4,108.0000,6,14,586.5902,-87.1378,-0.4547,16,0.4000,0.6667,6,7,4,0,0,7,4,0.4286
4,108.0000,6,15,832.3944,-88.1787,-0.9215,9,0.2250,0.8571,7,8,8,0,0,8,8,0.0000
4,108.0000,6,16,761.6045,-87.5731,-0.4303,13,0.3250,0.9167,12,8,8,0,0,8,8,0.0000
4,108.0000,6,19,522.2980,-86.0221,0.7987,25,0.6250,0.5000,6,5,1,0,0,5,1,0.8000
4,108.0000,6,22,257.9879,-80.2681,0.1573,36,0.9000,0.4286,35,5,1,32,16,37,17,0.5405
4,108.0000,6,23,254.3079,-77.5759,-0.9918,38,0.9500,0.3333,27,5,1,9,7,14,8,0.4286
4,108.0000,7,1,828.6704,-87.6295,0.3083,9,0.2250,0.8750,8,8,8,0,0,8,8,0.0000
4,108.0000,7,3,517.8987,-85.3688,-0.1332,24,0.6000,0.3333,6,8,5,0,0,8,5,0.3750
4,108.0000,7,4,978.9153,-88.7928,-0.0627,8,0.2000,0.8750,8,8,8,0,0,8,8,0.0000
4,108.0000,7,5,406.7385,-85.1568,1.3000,27,0.6750,0.5000,6,5,1,0,0,5,1,0.8000
4,108.0000,7,8,445.5599,-85.0646,-0.3242,31,0.7750,0.2000,5,6,4,0,0,6,4,0.3333
4,108.0000,7,9,746.7551,-88.1027,0.2900,12,0.3000,1.0000,8,8,8,0,0,8,8,0.0000
4,108.0000,7,10,852.8021,-88.9696,-0.0776,8,0.2000,1.0000,8,8,8,0,0,8,8,0.0000
4,108.0000,7,14,660.5285,-87.3215,-0.7000,15,0.3750,0.7143,7,8,8,0,0,8,8,0.0000
4,108.0000,7,17,703.3284,-87.5989,0.3671,18,0.4500,0.7143,7,7,4,0,0,7,4,0.4286
4,108.0000,7,18,472.0237,-85.0838,0.2563,29,0.7250,0.6667,6,5,1,0,0,5,1,0.8000
4,108.0000,7,20,665.1407,-87.8081,-0.3833,16,0.4000,0.8750,8,5,2,0,0,5,2,0.6000
4,108.0000,7,21,536.9972,-85.3094,-0.1439,32,0.8000,0.0000,4,6,4,0,0,6,4,0.3333
4,108.0000,7,24,451.8736,-84.7601,0.5738,33,0.8250,0.4286,7,6,3,0,0,6,3,0.5000
4,108.0000,7,25,539.3443,-85.4843,-0.3412,30,0.7500,0.5714,7,5,2,0,0,5,2,0.6000
4,108.0000,8,1,532.3127,-86.2267,-0.7190,34,0.8500,0.4000,5,7,5,0,0,7,5,0.2857
4,108.0000,8,3,227.7292,-74.5236,-1.7870,39,0.9750,0.2000,5,4,0,0,0,4,0,1.0000
4,108.0000,8,5,539.7018,-85.6653,-0.1452,30,0.7500,0.7143,7,6,4,0,0,6,4,0.3333
4,108.0000,8,7,445.5599,-84.3594,0.0374,33,0.8250,0.2000,5,5,1,0,0,5,1,0.8000
4,108.0000,8,9,1029.6014,-89.6125,0.1385,3,0.0750,1.0000,6,8,8,0,0,8,8,0.0000
4,108.0000,8,10,732.4887,-87.3954,-0.2592,20,0.5000,0.8571,7,8,7,0,0,8,7,0.1250
4,108.0000,8,14,854.2086,-89.0883,-0.3100,8,0.2000,1.0000,8,8,8,0,0,8,8,0.0000
4,108.0000,8,17,586.8099,-87.5763,0.6192,19,0.4750,0.6667,6,4,0,0,0,4,0,1.0000
4,108.0000,8,18,485.2268,-86.2819,1.0779,25,0.6250,0.5000,4,5,2,0,0,5,2,0.6000
4,108.0000,8,20,783.8395,-88.1152,0.3137,13,0.3250,0.7143,7,8,8,0,0,8,8,0.0000
4,108.0000,8,21,355.1702,-83.9180,0.9662,31,0.7750,0.4000,5,5,1,0,0,5,1,0.8000
4,108.0000,8,24,377.8790,-82.0877,-0.7443,38,0.9500,0.2857,7,6,3,0,0,6,3,0.5000
4,108.0000,8,25,640.1428,-87.5197,0.3913,19,0.4750,0.7143,7,7,6,0,0,7,6,0.1429
4,108.0000,9,0,386.2758,-83.6133,0.0481,34,0.8500,0.2000,5,5,1,0,0,5,1,0.8000
4,108.0000,9,2,752.0917,-88.0298,-0.3927,16,0.4000,0.8750,8,8,8,0,0,8,8,0.0000
4,108.0000,9,4,537.9086,-84.4579,-0.4944,26,0.6500,0.2000,5,4,0,0,0,4,0,1.0000
4,108.0000,9,6,400.2508,-84.2543,0.1448,32,0.8000,0.4000,5,4,0,0,0,4,0,1.0000
4,108.0000,9,7,746.7551,-88.5131,0.3711,12,0.3000,0.8750,8,8,7,0,0,8,7,0.1250
4,108.0000,9,8,1029.6014,-88.8652,-0.0030,3,0.0750,,0,8,8,0,0,8,8,0.0000
4,108.0000,9,11,689.6795,-86.2477,-0.4887,21,0.5250,0.8750,8,8,8,0,0,8,8,0.0000
4,108.0000,9,13,1122.7999,-89.1508,0.1789,4,0.1000,1.0000,4,2,2,0,0,2,2,0.0000
4,108.0000,9,14,259.5022,-78.9277,0.0712,35,0.8750,0.0000,6,6,3,0,0,6,3,0.5000
4,108.0000,9,16,822.8658,-88.0145,-0.0012,18,0.4500,0.8750,8,8,8,0,0,8,8,0.0000
4,108.0000,9,17,841.8099,-88.2696,-0.3035,8,0.2000,1.0000,8,8,8,0,0,8,8,0.0000
4,108.0000,9,18,604.1036,-86.2584,0.2399,26,0.6500,0.8571,7,6,4,0,0,6,4,0.3333
4,108.0000,9,19,714.6748,-87.7473,-0.2526,13,0.3250,0.7500,8,7,6,0,0,7,6,0.1429
4,108.0000,9,21,917.8695,-88.9231,0.1737,5,0.1250,1.0000,8,8,8,0,0,8,8,0.0000
4,108.0000,9,22,597.2772,-86.7888,-0.5100,23,0.5750,0.0000,4,6,4,0,0,6,4,0.3333
4,108.0000,9,23,626.1433,-86.5545,-0.3354,28,0.7000,0.3333,6,6,4,0,0,6,4,0.3333
4,108.0000,9,24,754.1549,-87.8282,-0.1996,12,0.3000,1.0000,8,8,7,0,0,8,7,0.1250
4,108.0000,9,25,722.0356,-87.6991,0.1799,16,0.4000,0.8571,7,8,7,0,0,8,7,0.1250
4,108.0000,10,1,654.8027,-86.0903,0.3947,18,0.4500,0.7143,7,8,8,0,0,8,8,0.0000
4,108.0000,10,3,552.3757,-87.1308,0.1698,24,0.6000,0.8864,44,7,4,105,84,112,88,0.2143
4,108.0000,10,5,487.8301,-85.1167,-0.3852,31,0.7750,0.4286,7,4,0,0,0,4,0,1.0000
4,108.0000,10,7,852.8021,-88.1862,0.1614,7,0.1750,0.8750,8,8,8,0,0,8,8,0.0000
4,108.0000,10,8,732.4887,-87.5356,-0.1505,19,0.4750,0.8953,86,8,8,47,45,55,53,0.0364
4,108.0000,10,20,415.5323,-83.8958,0.2006,35,0.8750,0.0000,4,4,0,0,0,4,0,1.0000
4,108.0000,10,24,871.3707,-88.3722,0.1956,10,0.2500,0.9324,74,6,4,0,0,6,4,0.3333
4,108.0000,11,0,567.3813,-86.2170,0.1168,26,0.6500,0.6667,6,7,6,0,0,7,6,0.1429
4,108.0000,11,2,398.9907,-84.6789,0.7877,33,0.8250,0.5000,6,5,2,0,0,5,2,0.6000
4,108.0000,11,4,745.1785,-87.7432,0.1346,16,0.4000,0.8750,8,6,4,0,0,6,4,0.3333
4,108.0000,11,6,472.2654,-84.2397,-0.2244,34,0.8500,0.0000,4,6,2,0,0,6,2,0.6667
4,108.0000,11,9,689.6795,-87.3328,-0.7568,22,0.5500,0.4000,5,8,7,0,0,8,7,0.1250
4,108.0000,11,12,637.7774,-86.5833,-0.0493,23,0.5750,0.8571,7,7,6,0,0,7,6,0.1429
4,108.0000,11,13,505.1080,-85.6827,0.0621,32,0.8000,0.4000,5,7,3,0,0,7,3,0.5714
4,108.0000,11,14,830.3911,-87.8994,-0.1742,12,0.3000,0.7143,7,8,8,0,0,8,8,0.0000
4,108.0000,11,15,569.5914,-87.3937,0.8567,26,0.6500,1.0000,8,5,2,0,0,5,2,0.6000
4,108.0000,11,16,565.7140,-85.8509,-0.7577,27,0.6750,0.5000,6,6,4,0,0,6,4,0.3333
4,108.0000,11,19,472.2846,-85.0062,-0.6723,32,0.8000,0.7595,79,6,2,79,70,85,72,0.1529
4,108.0000,11,22,380.8253,-82.7304,-0.3811,35,0.8750,0.0000,5,5,1,0,0,5,1,0.8000
4,108.0000,11,23,434.7429,-84.8227,-0.0694,34,0.8500,0.2000,5,4,0,0,0,4,0,1.0000
4,108.0000,12,6,950.6847,-88.5703,0.1078,5,0.1250,1.0000,8,8,8,0,0,8,8,0.0000
4,108.0000,12,11,637.7774,-87.7335,0.1397,13,0.3250,0.2000,5,6,4,0,0,6,4,0.3333
4,108.0000,12,13,655.3218,-87.1405,0.1182,11,0.2750,0.6667,6,7,6,0,0,7,6,0.1429
4,108.0000,12,15,463.4060,-84.4400,-0.1772,28,0.7000,0.0000,4,4,0,0,0,4,0,1.0000
4,108.0000,12,22,802.1076,-88.5300,-0.0607,14,0.3500,1.0000,8,7,6,0,0,7,6,0.1429
4,108.0000,12,23,800.6798,-89.1151,0.1706,8,0.2000,0.8750,8,7,6,0,0,7,6,0.1429
4,108.0000,13,0,856.9490,-89.2650,-0.0758,6,0.1500,1.0000,8,8,8,0,0,8,8,0.0000
4,108.0000,13,2,444.8287,-85.2140,-0.1817,26,0.6500,0.4000,5,6,4,0,0,6,4,0.3333
4,108.0000,13,4,941.9951,-89.0384,0.6114,4,0.1000,1.0000,6,8,8,0,0,8,8,0.0000
4,108.0000,13,6,937.7907,-88.2657,0.9334,5,0.1250,1.0000,8,8,8,0,0,8,8,0.0000
4,108.0000,13,11,505.1080,-86.7590,0.0194,23,0.5750,0.3333,6,4,0,0,0,4,0,1.0000
4,108.0000,13,12,655.3218,-87.1991,-0.3699,21,0.5250,0.7143,7,5,1,0,0,5,1,0.8000
4,108.0000,13,15,490.0639,-85.7848,-0.7744,30,0.7500,0.2000,5,5,1,0,0,5,1,0.8000
4,108.0000,13,16,535.7500,-87.0193,0.7191,21,0.5250,0.7143,7,4,0,0,0,4,0,1.0000
4,108.0000,13,19,631.7232,-87.1476,0.6686,17,0.4250,0.8571,7,8,8,0,0,8,8,0.0000
4,108.0000,13,22,754.5720,-88.4503,0.0362,12,0.3000,1.0000,8,7,5,0,0,7,5,0.2857
4,108.0000,13,23,814.1511,-87.7782,-0.4691,4,0.1000,1.0000,8,8,7,0,0,8,7,0.1250
4,108.0000,14,0,352.7272,-84.1629,1.0209,29,0.7436,0.5000,6,5,1,0,0,5,1,0.8000
4,108.0000,14,2,771.0238,-88.6096,-0.2632,9,0.2308,0.8571,7,8,8,0,0,8,8,0.0000
4,108.0000,14,3,948.2827,-88.3993,-0.1347,8,0.2051,0.8750,8,8,8,0,0,8,8,0.0000
4,108.0000,14,4,394.6786,-84.6405,0.4769,34,0.8718,0.0000,4,5,1,0,0,5,1,0.8000
4,108.0000,14,5,1013.9251,-88.7508,-0.5473,5,0.1282,1.0000,4,8,8,0,0,8,8,0.0000
4,108.0000,14,6,586.5902,-86.6865,-0.0937,25,0.6410,0.6667,6,5,2,0,0,5,2,0.6000
4,108.0000,14,7,660.5285,-86.8780,-0.4619,25,0.6410,0.2000,5,8,6,0,0,8,6,0.2500
4,108.0000,14,8,854.2086,-87.8411,-0.1215,10,0.2564,1.0000,8,8,8,0,0,8,8,0.0000
4,108.0000,14,9,259.5022,-79.3014,-0.1136,37,0.9487,0.2000,5,4,0,0,0,4,0,1.0000
4,108.0000,14,11,830.3911,-88.9239,0.2105,9,0.2308,1.0000,8,8,8,0,0,8,8,0.0000
4,108.0000,14,16,780.2207,-88.4593,-0.2210,13,0.3333,0.7143,7,8,8,0,0,8,8,0.0000
4,108.0000,14,17,587.3214,-87.1815,0.0024,23,0.5897,0.9167,12,7,4,0,0,7,4,0.4286
4,108.0000,14,18,389.6418,-82.1041,-0.5372,33,0.8462,0.5000,6,6,3,0,0,6,3,0.5000
4,108.0000,14,19,730.8959,-88.2189,-0.6810,10,0.2564,0.8571,7,6,3,2,2,8,5,0.3750
4,108.0000,14,21,691.8521,-86.8862,-0.8263,21,0.5385,0.7500,8,7,5,0,0,7,5,0.2857
4,108.0000,14,22,719.0452,-88.2127,-0.2061,19,0.4872,0.7500,8,6,3,2,2,8,5,0.3750
4,108.0000,14,23,760.6981,-87.8851,0.1644,17,0.4359,1.0000,8,8,8,0,0,8,8,0.0000
4,108.0000,14,24,601.8573,-86.9744,-0.0145,27,0.6923,0.4000,5,7,5,0,0,7,5,0.2857
4,108.0000,14,25,523.4040,-86.9342,-0.5274,26,0.6667,0.5000,6,5,1,0,0,5,1,0.8000
4,108.0000,15,2,732.4317,-87.8812,-0.2754,15,0.3750,0.8750,8,7,6,0,0,7,6,0.1429
4,108.0000,15,6,832.3944,-89.0617,-0.1725,12,0.3000,1.0000,8,8,6,0,0,8,6,0.2500
4,108.0000,15,11,569.5914,-86.8912,-0.2154,22,0.5500,0.6667,6,5,1,0,0,5,1,0.8000
4,108.0000,15,12,463.4060,-84.5905,-0.0648,37,0.9250,0.4000,5,7,5,0,0,7,5,0.2857
4,108.0000,15,13,490.0639,-85.8376,0.6678,31,0.7750,0.1667,6,5,2,0,0,5,2,0.6000
4,108.0000,15,16,725.5177,-88.3390,0.2179,12,0.3000,0.6667,6,8,7,0,0,8,7,0.1250
4,108.0000,15,19,572.5816,-86.5915,0.0881,26,0.6500,0.7143,7,7,4,0,0,7,4,0.4286
4,108.0000,15,22,594.6229,-86.5244,-0.1169,19,0.4750,0.5714,7,6,4,0,0,6,4,0.3333
4,108.0000,15,23,610.6555,-87.6619,-0.2918,17,0.4250,0.8750,8,6,2,0,0,6,2,0.6667
4,108.0000,16,0,494.7303,-84.6307,-0.4713,30,0.7500,0.0000,4,6,3,0,0,6,3,0.5000
4,108.0000,16,2,268.9279,-80.5288,0.4814,38,0.9500,0.0000,5,4,0,0,0,4,0,1.0000
4,108.0000,16,4,496.8129,-85.1430,0.2770,32,0.8000,0.0000,3,5,1,0,0,5,1,0.8000
4,108.0000,16,6,761.6045,-87.8381,-0.2356,16,0.4000,0.6667,6,8,8,0,0,8,8,0.0000
4,108.0000,16,9,822.8658,-87.8668,-0.1016,16,0.4000,0.5000,6,8,8,0,0,8,8,0.0000
4,108.0000,16,11,565.7140,-85.8915,0.1294,28,0.7000,0.5000,6,6,2,0,0,6,2,0.6667
4,108.0000,16,12,1043.3355,-89.2082,-0.1449,4,0.1000,,0,8,8,0,0,8,8,0.0000
4,108.0000,16,13,535.7500,-87.0744,0.1993,24,0.6000,0.4000,5,5,1,0,0,5,1,0.8000
4,108.0000,16,14,780.2207,-87.9896,0.1660,13,0.3250,0.8750,8,8,8,0,0,8,8,0.0000
4,108.0000,16,15,725.5177,-88.8772,-0.2993,13,0.3250,0.8571,7,8,7,0,0,8,7,0.1250
4,108.0000,16,17,1066.7978,-88.5483,-0.3686,5,0.1250,1.0000,8,2,2,0,0,2,2,0.0000
4,108.0000,16,18,1074.2164,-89.0787,0.9670,3,0.0750,1.0000,28,4,4,0,0,4,4,0.0000
4,108.0000,16,19,337.6747,-81.2376,-1.0302,37,0.9250,0.2000,5,7,4,0,0,7,4,0.4286
4,108.0000,16,22,611.2728,-86.1065,-0.0503,28,0.7000,0.6250,8,5,2,0,0,5,2,0.6000
4,108.0000,16,23,690.4542,-87.9205,-0.0757,24,0.6000,0.8750,8,7,4,0,0,7,4,0.4286
4,108.0000,16,25,1105.7590,-89.1683,0.3936,3,0.0750,1.0000,4,6,6,0,0,6,6,0.0000
4,108.0000,17,0,786.7163,-87.8451,-0.1172,13,0.3250,0.7500,8,8,7,0,0,8,7,0.1250
4,108.0000,17,1,1025.6979,-89.3065,0.3946,4,0.1000,1.0000,4,8,8,0,0,8,8,0.0000
4,108.0000,17,3,770.3627,-88.3769,0.6511,14,0.3500,1.0000,8,8,8,0,0,8,8,0.0000
4,108.0000,17,4,641.0309,-86.8980,0.5887,19,0.4750,0.4000,5,6,4,0,0,6,4,0.3333
4,108.0000,17,7,703.3284,-87.6267,-0.0746,17,0.4250,0.7143,7,6,4,0,0,6,4,0.3333
4,108.0000,17,8,586.8099,-88.0751,-0.4992,18,0.4500,0.6667,6,6,3,0,0,6,3,0.5000
4,108.0000,17,9,841.8099,-88.1428,-0.1425,8,0.2000,1.0000,8,8,7,0,0,8,7,0.1250
4,108.0000,17,14,587.3214,-87.0770,-0.3815,23,0.5750,0.5714,7,6,4,0,0,6,4,0.3333
4,108.0000,17,18,358.3282,-82.6397,-0.2718,35,0.8750,0.0000,4,7,3,0,0,7,3,0.5714
4,108.0000,17,21,261.3023,-80.6005,0.6488,39,0.9750,0.2000,5,4,0,0,0,4,0,1.0000
4,108.0000,17,24,573.0927,-86.5550,0.9965,24,0.6000,0.7500,8,5,2,0,0,5,2,0.6000
4,108.0000,17,25,355.4271,-82.6353,0.3802,35,0.8750,0.0000,4,4,0,0,0,4,0,1.0000
4,108.0000,18,0,712.2048,-87.1322,-0.5057,12,0.3000,0.8750,8,8,8,0,0,8,8,0.0000
4,108.0000,18,1,1011.0968,-89.1822,0.7022,4,0.1000,1.0000,4,6,6,0,0,6,6,0.0000
4,108.0000,18,3,593.4167,-87.4691,0.3939,17,0.4250,0.5000,6,8,8,0,0,8,8,0.0000
4,108.0000,18,4,660.4332,-85.9171,-0.3504,22,0.5500,0.8571,7,8,6,0,0,8,6,0.2500
4,108.0000,18,5,782.2917,-88.4747,0.1540,9,0.2250,1.0000,8,8,7,0,0,8,7,0.1250
4,108.0000,18,6,919.7221,-89.0571,0.6192,3,0.0750,1.0000,6,6,6,0,0,6,6,0.0000
4,108.0000,18,7,472.0237,-85.2105,0.2160,24,0.6000,0.5000,6,8,7,0,0,8,7,0.1250
4,108.0000,18,8,485.2268,-85.6608,-0.0254,21,0.5250,0.6667,6,5,1,0,0,5,1,0.8000
4,108.0000,18,9,604.1036,-86.0470,-1.0444,19,0.4750,0.6667,6,8,7,0,0,8,7,0.1250
4,108.0000,18,14,389.6418,-81.7385,-0.2039,27,0.6750,0.5000,6,6,2,0,0,6,2,0.6667
4,108.0000,18,17,358.3282,-83.3473,-0.1127,34,0.8500,0.1667,6,4,0,0,0,4,0,1.0000
4,108.0000,18,19,1033.5872,-89.7515,0.1214,3,0.0750,1.0000,6,6,6,0,0,6,6,0.0000
4,108.0000,18,21,366.4599,-82.2489,-1.2420,35,0.8750,0.4000,5,5,1,0,0,5,1,0.8000
4,108.0000,18,23,1080.5503,-89.1201,-0.8226,3,0.0750,1.0000,2,8,8,0,0,8,8,0.0000
4,108.0000,18,24,278.0935,-81.4560,0.8684,34,0.8500,0.0000,4,4,0,0,0,4,0,1.0000
4,108.0000,18,25,426.6682,-84.2492,0.2180,30,0.7500,0.4000,5,4,0,0,0,4,0,1.0000
4,108.0000,19,0,538.3084,-86.1215,0.0983,22,0.5500,0.5714,7,4,0,0,0,4,0,1.0000
4,108.0000,19,2,451.0931,-84.9594,-0.4364,28,0.7000,0.5000,6,6,4,0,0,6,4,0.3333
4,108.0000,19,4,622.2364,-87.4470,0.0754,16,0.4000,0.6667,6,6,4,0,0,6,4,0.3333
4,108.0000,19,6,522.2980,-86.2122,0.3832,29,0.7250,0.2000,5,6,3,0,0,6,3,0.5000
4,108.0000,19,9,714.6748,-88.2809,-0.1280,12,0.3000,0.7143,7,8,8,0,0,8,8,0.0000
4,108.0000,19,11,472.2846,-84.9643,-0.4559,30,0.7500,0.2000,5,5,1,0,0,5,1,0.8000
4,108.0000,19,12,913.0725,-89.0257,-0.0589,7,0.1750,0.7500,4,8,8,0,0,8,8,0.0000
4,108.0000,19,13,631.7232,-87.7257,-0.3964,20,0.5000,0.6250,8,7,6,0,0,7,6,0.1429
4,108.0000,19,14,730.8959,-88.2123,-0.0888,11,0.2750,1.0000,8,8,7,0,0,8,7,0.1250
4,108.0000,19,15,572.5816,-86.5969,0.1982,24,0.6000,0.3333,6,6,3,0,0,6,3,0.5000
4,108.0000,19,16,337.6747,-80.8336,-0.1448,36,0.9000,0.0000,4,5,1,0,0,5,1,0.8000
4,108.0000,19,18,1033.5872,-89.0032,0.2000,5,0.1250,1.0000,8,7,6,0,0,7,6,0.1429
4,108.0000,19,22,320.0316,-81.5966,-0.2385,31,0.7750,0.0000,4,4,0,0,0,4,0,1.0000
4,108.0000,19,23,387.5041,-84.4724,0.6200,29,0.7250,0.5714,7,4,0,0,0,4,0,1.0000
4,108.0000,20,1,876.3818,-88.3464,-0.2968,7,0.1750,0.8750,8,7,6,0,0,7,6,0.1429
4,108.0000,20,3,644.4207,-87.5704,0.5149,12,0.3000,0.5714,7,7,5,0,0,7,5,0.2857
4,108.0000,20,5,275.6992,-79.6099,-0.5684,39,0.9750,0.2857,7,4,0,0,0,4,0,1.0000
4,108.0000,20,7,665.1407,-87.8609,0.5668,11,0.2750,0.8571,7,7,5,0,0,7,5,0.2857
4,108.0000,20,8,783.8395,-87.6155,0.4591,16,0.4000,1.0000,8,8,7,0,0,8,7,0.1250
4,108.0000,20,10,415.5323,-84.2741,-0.3284,35,0.8750,0.7234,47,5,1,0,0,5,1,0.8000
4,108.0000,20,24,820.0668,-88.8362,-0.3516,10,0.2500,0.9512,41,7,6,80,80,87,86,0.0115
4,108.0000,21,0,953.8958,-88.8859,0.0871,6,0.1500,1.0000,8,6,6,0,0,6,6,0.0000
4,108.0000,21,1,773.5586,-87.9641,0.2584,17,0.4250,0.8571,7,7,6,0,0,7,6,0.1429
4,108.0000,21,3,567.2699,-86.1301,-0.5944,30,0.7500,0.5000,6,5,2,0,0,5,2,0.6000
4,108.0000,21,4,842.5907,-87.9574,-0.2221,13,0.3250,1.0000,56,8,7,2,2,10,9,0.1000
4,108.0000,21,5,817.0474,-88.7200,0.3697,10,0.2500,1.0000,8,6,4,0,0,6,4,0.3333
4,108.0000,21,7,536.9972,-85.0473,-0.1846,33,0.8250,0.4000,5,6,2,0,0,6,2,0.6667
4,108.0000,21,8,355.1702,-84.0247,0.9025,34,0.8500,0.4000,5,4,0,0,0,4,0,1.0000
4,108.0000,21,9,917.8695,-87.6529,0.3940,4,0.1000,0.8750,8,4,4,0,0,4,4,0.0000
4,108.0000,21,14,691.8521,-87.8812,-0.1708,21,0.5250,1.0000,8,8,8,78,78,86,86,0.0000
4,108.0000,21,17,261.3023,-80.3675,0.7785,39,0.9750,0.0000,5,4,0,0,0,4,0,1.0000
4,108.0000,21,18,366.4599,-82.8279,-0.5808,36,0.9000,0.0000,4,7,6,0,0,7,6,0.1429
4,108.0000,21,24,483.3087,-84.2340,-0.7539,31,0.7750,0.6667,6,7,6,0,0,7,6,0.1429
4,108.0000,21,25,363.5964,-81.7646,0.3902,37,0.9250,0.0000,4,4,0,0,0,4,0,1.0000
4,108.0000,22,0,592.8936,-86.2661,-0.2554,24,0.6000,0.4000,5,7,6,38,37,45,43,0.0444
4,108.0000,22,2,600.0434,-86.6402,0.1349,29,0.7250,0.7500,8,5,2,0,0,5,2,0.6000
4,108.0000,22,4,754.0054,-88.0143,-0.0054,15,0.3750,0.7143,7,6,4,0,0,6,4,0.3333
4,108.0000,22,6,257.9879,-80.0785,-0.1304,39,0.9750,0.0000,4,4,0,0,0,4,0,1.0000
4,108.0000,22,9,597.2772,-87.5928,-0.2148,24,0.6000,0.4000,5,5,2,0,0,5,2,0.6000
4,108.0000,22,11,380.8253,-83.0117,0.0764,37,0.9250,0.2000,5,5,1,0,0,5,1,0.8000
4,108.0000,22,12,802.1076,-87.7889,0.3738,14,0.3500,0.8571,7,6,6,0,0,6,6,0.0000
4,108.0000,22,13,754.5720,-88.3228,0.0917,18,0.4500,1.0000,8,7,5,0,0,7,5,0.2857
4,108.0000,22,14,719.0452,-87.5455,-0.5302,14,0.3500,1.0000,8,7,6,0,0,7,6,0.1429
4,108.0000,22,15,594.6229,-86.4713,-0.0596,33,0.8250,0.5000,6,7,5,0,0,7,5,0.2857
4,108.0000,22,16,611.2728,-86.3362,-0.1751,25,0.6250,0.7059,34,8,5,0,0,8,5,0.3750
4,108.0000,22,19,320.0316,-82.9307,-0.0543,40,1.0000,0.2000,5,4,0,0,0,4,0,1.0000
4,108.0000,22,23,82.4462,-71.8883,2.6739,40,1.0000,0.0000,4,4,0,0,0,4,0,1.0000
4,108.0000,23,0,661.8363,-87.9010,0.5098,18,0.4500,0.7143,7,7,5,0,0,7,5,0.2857
4,108.0000,23,2,680.5843,-88.0881,1.1510,12,0.3000,0.7143,7,7,5,0,0,7,5,0.2857
4,108.0000,23,4,825.2686,-88.6789,-0.7046,12,0.3000,0.8571,7,8,7,0,0,8,7,0.1250
4,108.0000,23,6,254.3079,-77.5161,-0.7100,39,0.9750,0.4000,5,5,2,0,0,5,2,0.6000
4,108.0000,23,9,626.1433,-87.0535,0.0124,21,0.5250,0.7143,7,8,8,0,0,8,8,0.0000
4,108.0000,23,11,434.7429,-84.8184,0.1393,34,0.8500,0.4000,5,4,0,0,0,4,0,1.0000
4,108.0000,23,12,800.6798,-88.8008,-0.2080,10,0.2500,1.0000,6,7,6,0,0,7,6,0.1429
4,108.0000,23,13,814.1511,-88.8109,0.1682,8,0.2000,0.8571,7,8,8,0,0,8,8,0.0000
4,108.0000,23,14,760.6981,-88.5727,0.1081,16,0.4000,0.8750,8,8,8,0,0,8,8,0.0000
4,108.0000,23,15,610.6555,-87.7026,0.6789,23,0.5750,0.8571,7,6,3,0,0,6,3,0.5000
4,108.0000,23,16,690.4542,-86.8265,0.7524,21,0.5250,1.0000,8,8,7,0,0,8,7,0.1250
4,108.0000,23,19,387.5041,-83.9445,1.0221,34,0.8500,0.0000,4,5,2,0,0,5,2,0.6000
4,108.0000,23,22,82.4462,-72.2627,2.2238,39,0.9750,0.0000,4,5,1,0,0,5,1,0.8000
4,108.0000,24,0,947.3679,-88.4452,0.7129,6,0.1463,1.0000,6,7,6,0,0,7,6,0.1429
4,108.0000,24,1,893.1979,-87.7015,-0.5251,14,0.3415,0.8750,8,8,8,0,0,8,8,0.0000
4,108.0000,24,3,377.0562,-80.2614,-1.6492,39,0.9512,0.2857,7,5,1,0,0,5,1,0.8000
4,108.0000,24,4,922.5988,-88.6995,-0.5286,6,0.1463,0.8750,8,8,8,0,0,8,8,0.0000
4,108.0000,24,5,612.2371,-86.8515,0.4451,24,0.5854,0.6667,6,5,2,0,0,5,2,0.6000
4,108.0000,24,6,1029.6056,-89.0638,-0.3988,5,0.1220,1.0000,4,8,8,0,0,8,8,0.0000
4,108.0000,24,7,451.8736,-84.4151,0.1349,33,0.8049,0.0000,4,5,1,0,0,5,1,0.8000
4,108.0000,24,8,377.8790,-82.0793,-0.9964,37,0.9024,0.4000,5,6,1,0,0,6,1,0.8333
4,108.0000,24,9,754.1549,-88.5843,0.0519,10,0.2439,0.8750,8,7,6,0,0,7,6,0.1429
4,108.0000,24,10,871.3707,-88.6756,-0.3820,12,0.2927,0.8571,7,8,8,0,0,8,8,0.0000
4,108.0000,24,14,601.8573,-86.4751,-0.6872,22,0.5366,0.8571,7,7,6,0,0,7,6,0.1429
4,108.0000,24,17,573.0927,-87.0620,0.2057,22,0.5366,0.8000,5,6,4,0,0,6,4,0.3333
4,108.0000,24,18,278.0935,-82.1579,0.7003,38,0.9268,0.0000,5,3,0,0,0,3,0,1.0000
4,108.0000,24,20,820.0668,-88.5189,0.4166,13,0.3171,0.8571,7,8,7,0,0,8,7,0.1250
4,108.0000,24,21,483.3087,-84.1644,-0.3083,36,0.8780,0.2000,5,5,2,0,0,5,2,0.6000
4,108.0000,24,25,655.5177,-87.4291,-0.5701,24,0.5854,0.7273,22,8,7,4,4,12,11,0.0833
4,108.0000,25,0,707.9702,-88.0863,0.1514,16,0.4000,1.0000,8,6,4,0,0,6,4,0.3333
4,108.0000,25,1,1042.8294,-87.4839,0.6653,8,0.2000,1.0000,6,8,8,0,0,8,8,0.0000
4,108.0000,25,3,834.4152,-87.9157,-0.5161,13,0.3250,0.7143,7,8,7,0,0,8,7,0.1250
4,108.0000,25,4,611.7504,-87.2811,0.2377,21,0.5250,0.8750,8,7,5,0,0,7,5,0.2857
4,108.0000,25,5,927.5921,-89.5604,0.0873,4,0.1000,1.0000,6,8,8,0,0,8,8,0.0000
4,108.0000,25,7,539.3443,-85.6785,-0.5592,28,0.7000,0.2000,5,8,7,0,0,8,7,0.1250
4,108.0000,25,8,640.1428,-87.3118,0.0142,19,0.4750,0.7143,7,7,5,0,0,7,5,0.2857
4,108.0000,25,9,722.0356,-87.6873,0.4478,13,0.3250,0.8750,8,7,5,0,0,7,5,0.2857
4,108.0000,25,14,523.4040,-86.5726,0.0382,24,0.6000,0.8571,7,6,3,0,0,6,3,0.5000
4,108.0000,25,17,355.4271,-83.6691,0.2115,36,0.9000,0.2000,5,4,0,0,0,4,0,1.0000
4,108.0000,25,18,426.6682,-84.8876,0.1333,31,0.7750,0.2000,5,6,2,0,0,6,2,0.6667
4,108.0000,25,21,363.5964,-81.5652,-0.5452,36,0.9000,0.4000,5,6,4,0,0,6,4,0.3333
4,108.0000,25,24,655.5177,-87.3277,0.4148,19,0.4750,0.6667,6,6,3,0,0,6,3,0.5000
4,112.0000,0,2,464.3895,-85.2598,-0.1127,31,0.7750,0.4000,5,5,2,0,0,5,2,0.6000
4,112.0000,0,4,325.3168,-79.7969,-0.9443,37,0.9250,0.0000,4,6,3,0,0,6,3,0.5000
4,112.0000,0,6,458.9059,-86.1699,-0.1956,26,0.6500,0.6667,6,5,1,0,0,5,1,0.8000
4,112.0000,0,7,945.2147,-89.0170,-0.6710,7,0.1750,1.0000,4,6,6,0,0,6,6,0.0000
4,112.0000,0,9,390.7876,-83.6593,0.2215,30,0.7500,0.0000,4,5,2,0,0,5,2,0.6000
4,112.0000,0,11,621.6910,-86.4511,-0.2925,24,0.6000,0.4000,5,7,5,0,0,7,5,0.2857
4,112.0000,0,13,850.4937,-87.6157,0.9517,6,0.1500,0.8571,7,8,8,0,0,8,8,0.0000
4,112.0000,0,14,268.6650,-80.3960,1.1166,30,0.7500,0.0000,4,4,0,0,0,4,0,1.0000
4,112.0000,0,15,940.9188,-88.2747,0.0195,7,0.1750,1.0000,8,6,6,0,0,6,6,0.0000
4,112.0000,0,16,624.0407,-86.2959,-0.3558,25,0.6250,0.3333,6,8,8,0,0,8,8,0.0000
4,112.0000,0,17,843.3418,-88.0530,0.1976,12,0.3000,0.8750,8,8,7,0,0,8,7,0.1250
4,112.0000,0,18,764.9872,-88.0017,-0.3432,12,0.3000,1.0000,8,8,8,0,0,8,8,0.0000
4,112.0000,0,19,522.3305,-85.9316,-0.0668,26,0.6500,0.4000,5,7,5,0,0,7,5,0.2857
4,112.0000,0,22,507.7987,-86.5359,0.0781,23,0.5750,1.0000,8,5,2,0,0,5,2,0.6000
4,112.0000,0,23,624.6431,-87.9452,0.0046,18,0.4500,0.6667,6,8,6,0,0,8,6,0.2500
4,112.0000,0,24,857.2929,-88.5057,0.5057,8,0.2000,1.0000,30,7,6,8,8,15,14,0.0667
4,112.0000,0,25,643.9799,-87.4486,0.2784,16,0.4000,0.7500,8,7,5,0,0,7,5,0.2857
4,112.0000,1,3,548.1073,-86.2805,-0.2597,26,0.6341,0.6250,8,6,4,0,0,6,4,0.3333
4,112.0000,1,5,729.2222,-87.4740,-0.4066,14,0.3415,1.0000,8,8,8,0,0,8,8,0.0000
4,112.0000,1,7,917.7223,-88.1443,-0.3592,6,0.1463,1.0000,8,5,4,0,0,5,4,0.2000
4,112.0000,1,8,619.5589,-86.4322,-0.1273,19,0.4634,0.5000,6,8,7,0,0,8,7,0.1250
4,112.0000,1,10,720.1055,-87.4118,-0.4813,11,0.2683,0.8571,7,8,7,0,0,8,7,0.1250
4,112.0000,1,20,884.6870,-88.1464,-0.2784,5,0.1220,1.0000,8,8,8,0,0,8,8,0.0000
4,112.0000,1,21,769.8501,-88.1741,-0.4151,10,0.2439,1.0000,8,8,8,0,0,8,8,0.0000
4,112.0000,2,0,464.3895,-84.7143,0.9186,27,0.6750,0.8571,7,6,3,0,0,6,3,0.5000
4,112.0000,2,4,477.6525,-85.3001,-0.0670,32,0.8000,0.2000,5,5,2,0,0,5,2,0.6000
4,112.0000,2,6,676.7441,-88.0177,0.5254,13,0.3250,0.6667,6,7,5,0,0,7,5,0.2857
4,112.0000,2,9,806.2702,-87.9519,-0.1444,11,0.2750,0.7500,8,7,6,0,0,7,6,0.1429
4,112.0000,2,11,361.8913,-83.5889,0.5465,35,0.8750,0.5000,6,6,3,0,0,6,3,0.5000
4,112.0000,2,12,840.3484,-88.8023,-0.0830,13,0.3250,0.8750,8,7,6,0,0,7,6,0.1429
4,112.0000,2,13,404.7690,-84.0410,0.3337,39,0.9750,0.3333,6,6,3,0,0,6,3,0.5000
4,112.0000,2,14,700.7497,-88.1146,0.1485,16,0.4000,0.8750,8,6,3,0,0,6,3,0.5000
4,112.0000,2,15,636.3187,-87.5043,0.2723,22,0.5500,0.6667,6,7,4,0,0,7,4,0.4286
4,112.0000,2,16,305.9226,-80.1529,-0.9388,40,1.0000,0.0000,4,5,2,0,0,5,2,0.6000
4,112.0000,2,19,452.4082,-84.2265,-0.1112,31,0.7750,0.2000,5,6,2,0,0,6,2,0.6667
4,112.0000,2,22,554.8902,-86.7837,0.5107,25,0.6250,0.5000,6,6,2,0,0,6,2,0.6667
4,112.0000,2,23,579.5063,-86.8241,0.7119,28,0.7000,0.7500,8,5,1,0,0,5,1,0.8000
4,112.0000,3,1,548.1073,-86.5665,-0.3478,29,0.7250,0.5714,7,6,3,0,0,6,3,0.5000
4,112.0000,3,5,424.5208,-84.2519,0.0014,35,0.8750,0.5000,6,6,4,0,0,6,4,0.3333
4,112.0000,3,7,583.3768,-85.9860,-0.5018,25,0.6250,0.3333,6,7,6,0,0,7,6,0.1429
4,112.0000,3,8,404.9930,-81.7913,-1.7791,36,0.9000,0.3846,26,4,0,26,12,30,12,0.6000
4,112.0000,3,10,448.2714,-84.7305,0.6629,34,0.8500,0.2000,5,5,2,0,0,5,2,0.6000
4,112.0000,3,17,767.1367,-88.3264,0.4593,14,0.3500,0.8571,7,8,8,0,0,8,8,0.0000
4,112.0000,3,18,616.3985,-86.3719,-0.1549,22,0.5500,0.7143,7,6,4,0,0,6,4,0.3333
4,112.0000,3,20,570.5115,-86.9989,0.0976,27,0.6750,0.4000,5,5,2,0,0,5,2,0.6000
4,112.0000,3,21,634.9478,-86.7716,-0.4678,22,0.5500,0.2500,4,7,3,0,0,7,3,0.5714
4,112.0000,3,24,555.7330,-84.4582,-0.7170,31,0.7750,0.6250,8,5,2,0,0,5,2,0.6000
4,112.0000,3,25,964.0213,-89.0016,-0.3572,8,0.2000,1.0000,8,8,8,0,0,8,8,0.0000
4,112.0000,4,0,325.3168,-79.8131,-0.9482,34,0.8500,0.2000,5,6,3,0,0,6,3,0.5000
4,112.0000,4,2,477.6525,-84.8668,0.3263,30,0.7500,0.4000,5,5,2,0,0,5,2,0.6000
4,112.0000,4,6,759.7667,-88.6886,-0.0760,16,0.4000,1.0000,8,8,8,0,0,8,8,0.0000
4,112.0000,4,9,685.8310,-86.6324,0.1068,25,0.6250,0.8750,8,7,6,0,0,7,6,0.1429
4,112.0000,4,11,782.7383,-88.1628,0.1256,13,0.3250,0.8750,8,8,8,0,0,8,8,0.0000
4,112.0000,4,13,870.7963,-88.1867,-0.1195,5,0.1250,1.0000,8,7,6,0,0,7,6,0.1429
4,112.0000,4,14,360.6717,-83.5502,-0.6258,32,0.8000,0.7143,7,5,2,0,0,5,2,0.6000
4,112.0000,4,16,499.5159,-85.4454,-0.0997,30,0.7500,0.2000,5,6,3,0,0,6,3,0.5000
4,112.0000,4,17,772.8261,-88.1537,-0.1401,13,0.3250,0.8571,7,8,8,0,0,8,8,0.0000
4,112.0000,4,18,826.3354,-87.5772,-0.0487,17,0.4250,0.7143,7,8,7,0,0,8,7,0.1250
4,112.0000,4,19,624.8210,-87.3179,0.0142,25,0.6250,0.8571,7,6,2,0,0,6,2,0.6667
4,112.0000,4,22,737.1571,-87.6503,-0.1435,15,0.3750,0.8571,7,8,8,0,0,8,8,0.0000
4,112.0000,4,23,835.7818,-88.6839,0.1178,10,0.2500,1.0000,8,8,8,0,0,8,8,0.0000
4,112.0000,4,24,968.9190,-89.1863,-0.3987,5,0.1250,1.0000,8,8,8,0,0,8,8,0.0000
4,112.0000,4,25,608.6696,-87.2205,0.1216,24,0.6000,0.7143,7,7,4,0,0,7,4,0.4286
4,112.0000,5,1,729.2222,-87.1396,0.1185,16,0.4000,0.8571,7,9,8,0,0,9,8,0.1111
4,112.0000,5,3,424.5208,-84.2485,-0.2673,33,0.8250,0.2000,5,6,3,0,0,6,3,0.5000
4,112.0000,5,7,292.8269,-82.2900,0.0327,32,0.8000,0.2000,5,5,1,0,0,5,1,0.8000
4,112.0000,5,8,554.8366,-86.6456,-0.4021,27,0.6750,0.5714,7,7,5,0,0,7,5,0.2857
4,112.0000,5,9,961.5976,-88.6685,2.5159,3,0.0750,1.0000,6,8,8,0,0,8,8,0.0000
4,112.0000,5,10,517.6825,-85.5151,-0.7000,26,0.6500,0.0000,4,7,5,0,0,7,5,0.2857
4,112.0000,5,14,1021.6499,-88.7414,-0.4987,3,0.0750,1.0000,8,8,8,0,0,8,8,0.0000
4,112.0000,5,17,841.2289,-87.6085,0.4722,6,0.1500,0.8000,5,7,6,0,0,7,6,0.1429
4,112.0000,5,18,621.2863,-87.6138,0.0876,17,0.4250,0.8571,7,6,4,0,0,6,4,0.3333
4,112.0000,5,20,310.8760,-80.7206,-0.0583,39,0.9750,0.0000,4,4,0,0,0,4,0,1.0000
4,112.0000,5,21,726.5425,-87.7117,-0.3529,10,0.2500,0.8571,7,8,7,0,0,8,7,0.1250
4,112.0000,5,24,599.9211,-86.7691,-0.0514,28,0.7000,0.6667,6,7,5,0,0,7,5,0.2857
4,112.0000,5,25,856.0328,-88.6549,0.3968,9,0.2250,1.0000,8,8,8,0,0,8,8,0.0000
4,112.0000,6,0,458.9059,-85.8951,0.5013,33,0.8250,0.7353,34,6,3,8,5,14,8,0.4286
4,112.0000,6,2,676.7441,-87.5033,0.3343,18,0.4500,0.7500,8,6,4,0,0,6,4,0.3333
4,112.0000,6,4,759.7667,-87.4796,0.8156,18,0.4500,0.4000,5,8,7,0,0,8,7,0.1250
4,112.0000,6,7,1040.4782,-89.2619,0.3829,4,0.1000,,0,8,8,0,0,8,8,0.0000
4,112.0000,6,9,357.6807,-83.3164,-0.1665,36,0.9000,0.0000,4,4,0,59,38,63,38,0.3968
4,112.0000,6,11,577.8531,-86.6636,-0.0162,31,0.7750,0.8571,7,6,4,0,0,6,4,0.3333
4,112.0000,6,12,961.5278,-89.0883,-0.2113,7,0.1750,1.0000,4,4,4,0,0,4,4,0.0000
4,112.0000,6,13,918.2272,-88.9256,0.1680,9,0.2250,1.0000,8,7,6,0,0,7,6,0.1429
4,112.0000,6,14,608.6862,-86.8617,-0.2275,26,0.6500,0.5714,7,7,6,0,0,7,6,0.1429
4,112.0000,6,15,810.9181,-88.3537,-0.2912,8,0.2000,1.0000,8,8,7,0,0,8,7,0.1250
4,112.0000,6,16,858.6675,-88.9228,-0.1249,7,0.1750,1.0000,8,8,8,0,0,8,8,0.0000
4,112.0000,6,19,492.4577,-86.2861,-0.0427,31,0.7750,0.2000,5,6,4,0,0,6,4,0.3333
4,112.0000,6,22,252.3244,-79.6814,0.2553,36,0.9000,0.4595,37,4,0,0,0,4,0,1.0000
4,112.0000,6,23,360.1519,-80.9852,-1.1269,37,0.9250,0.5714,14,5,1,0,0,5,1,0.8000
4,112.0000,6,24,904.7171,-88.3245,-0.1349,7,0.1750,0.8000,5,8,7,0,0,8,7,0.1250
4,112.0000,6,25,991.2053,-89.0866,0.3726,3,0.0750,1.0000,2,6,6,0,0,6,6,0.0000
4,112.0000,7,1,917.7223,-87.6856,-0.2515,14,0.3415,1.0000,8,6,6,0,0,6,6,0.0000
4,112.0000,7,3,583.3768,-85.8501,-0.2340,34,0.8293,0.6250,8,7,4,0,0,7,4,0.4286
4,112.0000,7,5,292.8269,-81.6216,0.9173,35,0.8537,0.2000,5,4,0,0,0,4,0,1.0000
4,112.0000,7,8,533.4456,-85.3236,-0.1308,32,0.7805,0.6667,6,7,4,0,0,7,4,0.4286
4,112.0000,7,9,699.2413,-87.8060,-0.1092,12,0.2927,1.0000,8,8,7,0,0,8,7,0.1250
4,112.0000,7,10,785.4744,-87.7071,0.3235,12,0.2927,1.0000,8,8,8,0,0,8,8,0.0000
4,112.0000,7,14,743.6474,-87.8638,-0.0649,19,0.4634,1.0000,8,7,6,0,0,7,6,0.1429
4,112.0000,7,17,669.9822,-87.0849,-0.0403,17,0.4146,0.5714,7,7,5,0,0,7,5,0.2857
4,112.0000,7,18,430.9508,-84.7213,-0.2966,29,0.7073,0.2000,5,8,5,0,0,8,5,0.3750
4,112.0000,7,20,542.1940,-87.0673,0.4224,22,0.5366,0.4000,5,6,3,0,0,6,3,0.5000
4,112.0000,7,21,629.0123,-86.5974,-0.2953,22,0.5366,0.6667,6,6,4,0,0,6,4,0.3333
4,112.0000,7,24,472.1373,-85.1952,-0.2966,31,0.7561,0.5000,6,5,1,0,0,5,1,0.8000
4,112.0000,7,25,603.4772,-86.6459,-0.7451,22,0.5366,0.4000,5,6,3,18,16,24,19,0.2083
4,112.0000,8,1,619.5589,-86.0325,-0.1740,29,0.7250,0.7143,7,8,8,0,0,8,8,0.0000
4,112.0000,8,3,404.9930,-81.3343,-0.9223,38,0.9500,0.0000,4,4,0,0,0,4,0,1.0000
4,112.0000,8,5,554.8366,-86.0327,0.2015,34,0.8500,0.6667,6,7,5,0,0,7,5,0.2857
4,112.0000,8,7,533.4456,-84.9822,-0.4037,30,0.7500,0.2000,5,4,0,5,4,9,4,0.5556
4,112.0000,8,10,831.7326,-87.8486,-0.3848,15,0.3750,0.8750,8,8,8,0,0,8,8,0.0000
4,112.0000,8,14,882.8607,-88.7673,-0.2540,10,0.2500,1.0000,8,8,8,0,0,8,8,0.0000
4,112.0000,8,17,413.7057,-84.5672,0.5513,28,0.7000,0.0000,4,5,1,0,0,5,1,0.8000
4,112.0000,8,18,418.3948,-84.0209,0.8112,31,0.7750,0.4000,5,5,1,0,0,5,1,0.8000
4,112.0000,8,20,832.4450,-88.3516,0.1544,15,0.3750,1.0000,8,8,8,0,0,8,8,0.0000
4,112.0000,8,21,230.2570,-81.3238,0.7059,36,0.9000,0.2000,5,4,0,0,0,4,0,1.0000
4,112.0000,8,24,518.8597,-84.7464,-0.7375,34,0.8500,0.5000,6,5,1,0,0,5,1,0.8000
4,112.0000,8,25,635.7497,-86.9093,-0.1392,19,0.4750,0.8571,7,8,7,0,0,8,7,0.1250
4,112.0000,9,0,390.7876,-84.1663,-0.2314,34,0.8500,0.2000,5,5,2,0,0,5,2,0.6000
4,112.0000,9,2,806.2702,-88.1282,0.0168,9,0.2250,1.0000,8,8,8,0,0,8,8,0.0000
4,112.0000,9,4,685.8310,-87.5038,-0.4655,21,0.5250,0.0000,4,7,6,0,0,7,6,0.1429
4,112.0000,9,5,961.5976,-88.5114,-0.1684,4,0.1000,1.0000,8,4,4,0,0,4,4,0.0000
4,112.0000,9,6,357.6807,-83.2088,0.2104,32,0.8000,0.0000,4,5,2,0,0,5,2,0.6000
4,112.0000,9,7,699.2413,-87.8928,0.6125,17,0.4250,0.8750,8,7,6,0,0,7,6,0.1429
4,112.0000,9,8,1039.2058,-88.3546,-1.5970,3,0.0750,1.0000,8,4,4,0,0,4,4,0.0000
4,112.0000,9,11,819.3071,-88.3857,0.1806,15,0.3750,1.0000,8,8,8,0,0,8,8,0.0000
4,112.0000,9,14,401.4667,-80.8066,-0.8862,37,0.9250,0.5000,6,6,3,0,0,6,3,0.5000
4,112.0000,9,16,984.1322,-88.3198,-0.5948,5,0.1250,1.0000,8,6,6,0,0,6,6,0.0000
4,112.0000,9,17,866.2232,-87.6954,-0.3108,5,0.1250,1.0000,8,8,8,48,48,56,56,0.0000
4,112.0000,9,18,646.2335,-86.6969,0.0013,24,0.6000,0.6667,6,7,5,0,0,7,5,0.2857
4,112.0000,9,19,723.8967,-88.4220,-0.0112,16,0.4000,0.8571,7,6,3,0,0,6,3,0.5000
4,112.0000,9,21,1031.3886,-88.7633,-1.2902,4,0.1000,1.0000,8,8,8,0,0,8,8,0.0000
4,112.0000,9,22,570.6518,-86.9755,-0.0269,23,0.5750,0.6667,6,7,4,0,0,7,4,0.4286
4,112.0000,9,23,698.5226,-87.0882,-0.1906,20,0.5000,0.6667,6,8,8,0,0,8,8,0.0000
4,112.0000,9,24,662.9108,-87.0311,0.2861,18,0.4500,0.8750,8,6,3,0,0,6,3,0.5000
4,112.0000,9,25,693.5773,-87.5793,0.0286,17,0.4250,0.8750,8,8,6,0,0,8,6,0.2500
4,112.0000,10,1,720.1055,-87.6555,-0.1326,18,0.4500,1.0000,8,8,8,2,2,10,10,0.0000
4,112.0000,10,3,448.2714,-84.7482,0.4077,26,0.6500,0.7857,112,5,2,120,99,125,101,0.1920
4,112.0000,10,5,517.6825,-85.3532,-0.0333,27,0.6750,0.0000,4,6,3,0,0,6,3,0.5000
4,112.0000,10,7,785.4744,-88.5236,-0.0597,11,0.2750,1.0000,8,8,8,0,0,8,8,0.0000
4,112.0000,10,8,831.7326,-87.9480,-0.5307,9,0.2250,0.9636,55,8,8,36,36,44,44,0.0000
4,112.0000,10,20,384.7368,-83.4160,0.6776,36,0.9000,0.0000,4,4,0,0,0,4,0,1.0000
4,112.0000,10,24,864.4002,-88.6053,-0.0652,4,0.1000,0.6667,6,8,8,0,0,8,8,0.0000
4,112.0000,11,0,621.6910,-86.4118,0.0597,21,0.5250,0.8571,7,6,4,0,0,6,4,0.3333
4,112.0000,11,2,361.8913,-83.3215,0.6462,32,0.8000,0.4000,5,5,1,0,0,5,1,0.8000
4,112.0000,11,4,782.7383,-88.7545,-0.3796,11,0.2750,0.6667,6,8,8,0,0,8,8,0.0000
4,112.0000,11,6,577.8531,-86.5268,-0.2147,29,0.7250,0.3333,6,6,3,0,0,6,3,0.5000
4,112.0000,11,9,819.3071,-88.0615,0.3022,10,0.2500,0.8750,8,7,6,0,0,7,6,0.1429
4,112.0000,11,12,526.5286,-86.7503,-0.2250,30,0.7500,0.8571,7,5,1,0,0,5,1,0.8000
4,112.0000,11,13,387.0987,-85.1522,0.4287,34,0.8500,0.4286,7,4,0,0,0,4,0,1.0000
4,112.0000,11,14,886.9581,-88.5035,-0.2508,7,0.1750,1.0000,8,8,8,0,0,8,8,0.0000
4,112.0000,11,15,471.5342,-86.2366,0.3598,32,0.8000,0.4000,5,4,0,0,0,4,0,1.0000
4,112.0000,11,16,609.1613,-86.6671,0.1125,24,0.6000,0.6667,6,7,6,0,0,7,6,0.1429
4,112.0000,11,19,508.2925,-85.7559,-0.8711,28,0.7000,0.8471,85,6,2,77,72,83,74,0.1084
4,112.0000,11,22,456.5143,-83.9659,-0.4568,34,0.8500,0.2000,5,6,4,0,0,6,4,0.3333
4,112.0000,11,23,416.4883,-84.3550,0.2987,33,0.8250,0.0000,4,4,0,0,0,4,0,1.0000
4,112.0000,12,2,840.3484,-88.3758,-0.7057,3,0.0750,1.0000,8,8,8,0,0,8,8,0.0000
4,112.0000,12,11,526.5286,-85.8372,0.2897,16,0.4000,0.6667,6,7,4,0,0,7,4,0.4286
4,112.0000,12,13,576.5147,-86.6108,-0.5096,19,0.4750,0.8571,7,6,4,0,0,6,4,0.3333
4,112.0000,12,15,465.8358,-84.6607,0.0942,24,0.6000,0.0000,4,6,4,0,0,6,4,0.3333
4,112.0000,12,16,1002.6283,-89.3560,0.1784,5,0.1250,1.0000,6,6,6,0,0,6,6,0.0000
4,112.0000,12,19,882.0269,-87.3040,0.4225,3,0.0750,0.8571,7,8,8,0,0,8,8,0.0000
4,112.0000,12,22,816.5784,-87.4531,-0.2880,4,0.1000,0.8571,7,7,6,0,0,7,6,0.1429
4,112.0000,12,23,699.6945,-87.6530,0.5180,9,0.2250,0.8571,7,7,5,0,0,7,5,0.2857
4,112.0000,13,0,850.4937,-88.1111,-0.1558,8,0.1951,1.0000,8,10,10,0,0,10,10,0.0000
4,112.0000,13,2,404.7690,-83.3911,-0.3452,28,0.6829,0.6667,6,4,0,0,0,4,0,1.0000
4,112.0000,13,4,870.7963,-88.8299,-0.3895,8,0.1951,1.0000,8,8,8,0,0,8,8,0.0000
4,112.0000,13,6,918.2272,-89.0530,0.0530,6,0.1463,1.0000,8,8,8,0,0,8,8,0.0000
4,112.0000,13,11,387.0987,-84.4383,0.6057,27,0.6585,0.0000,4,4,0,0,0,4,0,1.0000
4,112.0000,13,12,576.5147,-86.4047,0.4932,20,0.4878,0.2000,5,6,4,0,0,6,4,0.3333
4,112.0000,13,15,441.7513,-85.6412,0.1031,30,0.7317,0.2000,5,4,0,0,0,4,0,1.0000
4,112.0000,13,16,493.0356,-85.6485,-0.4046,27,0.6585,0.0000,4,5,1,0,0,5,1,0.8000
4,112.0000,13,19,640.4908,-87.0651,0.0469,15,0.3659,1.0000,8,6,4,0,0,6,4,0.3333
4,112.0000,13,22,737.2905,-87.5150,-0.3720,13,0.3171,0.7143,7,7,5,0,0,7,5,0.2857
4,112.0000,13,23,679.7714,-87.6766,0.2054,11,0.2683,0.8750,8,5,2,0,0,5,2,0.6000
4,112.0000,14,0,268.6650,-80.1207,0.6596,32,0.8000,0.2000,5,5,1,0,0,5,1,0.8000
4,112.0000,14,2,700.7497,-87.8914,0.0885,19,0.4750,1.0000,8,5,4,0,0,5,4,0.2000
4,112.0000,14,4,360.6717,-83.3969,0.4777,34,0.8500,0.2000,5,5,1,0,0,5,1,0.8000
4,112.0000,14,6,608.6862,-86.7584,-0.4642,26,0.6500,0.4000,5,7,5,0,0,7,5,0.2857
4,112.0000,14,7,743.6474,-87.3185,-0.0398,20,0.5000,0.7500,8,6,3,0,0,6,3,0.5000
4,112.0000,14,8,882.8607,-88.4555,-0.2343,11,0.2750,1.0000,8,8,8,0,0,8,8,0.0000
4,112.0000,14,9,401.4667,-81.4856,-0.9997,39,0.9750,0.0000,4,5,1,0,0,5,1,0.8000
4,112.0000,14,11,886.9581,-88.7483,0.0428,6,0.1500,1.0000,8,8,7,0,0,8,7,0.1250
4,112.0000,14,16,786.8553,-87.9567,0.4489,16,0.4000,1.0000,8,7,6,0,0,7,6,0.1429
4,112.0000,14,17,578.4695,-86.5129,-0.1065,28,0.7000,0.5714,7,7,4,0,0,7,4,0.4286
4,112.0000,14,18,511.9915,-84.1434,-0.5382,32,0.8000,0.5000,6,6,4,0,0,6,4,0.3333
4,112.0000,14,19,689.3655,-88.3763,0.0732,16,0.4000,0.6250,8,5,1,0,0,5,1,0.8000
4,112.0000,14,21,796.1534,-87.6189,-0.2579,15,0.3750,0.7143,7,7,6,0,0,7,6,0.1429
4,112.0000,14,22,693.4038,-87.8356,0.0621,15,0.3750,0.6250,8,6,4,0,0,6,4,0.3333
4,112.0000,14,23,825.1585,-88.2403,-0.2080,12,0.3000,1.0000,8,8,8,0,0,8,8,0.0000
4,112.0000,14,24,639.3267,-87.0058,0.5226,22,0.5500,0.7143,7,6,4,0,0,6,4,0.3333
4,112.0000,14,25,415.3433,-85.0099,0.3747,30,0.7500,0.2000,5,5,1,0,0,5,1,0.8000
4,112.0000,15,2,636.3187,-86.5472,0.8308,14,0.3500,0.8571,7,7,5,0,0,7,5,0.2857
4,112.0000,15,4,1041.2843,-88.4459,0.0826,3,0.0750,1.0000,4,6,6,0,0,6,6,0.0000
4,112.0000,15,6,810.9181,-88.4341,0.0159,14,0.3500,0.7500,8,7,6,0,0,7,6,0.1429
4,112.0000,15,11,471.5342,-85.7414,0.4824,24,0.6000,0.2000,5,7,5,0,0,7,5,0.2857
4,112.0000,15,12,465.8358,-85.4123,0.2426,31,0.7750,0.7143,7,7,5,0,0,7,5,0.2857
4,112.0000,15,13,441.7513,-84.6574,-0.4500,33,0.8250,0.4000,5,3,0,0,0,3,0,1.0000
4,112.0000,15,16,678.3185,-87.8018,0.5306,19,0.4750,0.8750,8,8,7,0,0,8,7,0.1250
4,112.0000,15,19,522.5336,-86.5190,0.4415,23,0.5750,0.5714,7,7,6,0,0,7,6,0.1429
4,112.0000,15,22,579.5069,-86.2845,-0.3341,20,0.5000,0.6667,6,7,6,0,0,7,6,0.1429
4,112.0000,15,23,462.6267,-86.0413,0.4514,29,0.7250,0.3333,6,6,3,0,0,6,3,0.5000
4,112.0000,16,0,624.0407,-86.5773,-0.7988,27,0.6750,0.5000,6,8,8,0,0,8,8,0.0000
4,112.0000,16,2,305.9226,-80.1481,-0.3520,35,0.8750,0.0000,4,4,0,0,0,4,0,1.0000
4,112.0000,16,4,499.5159,-85.3332,0.0638,29,0.7250,0.2000,5,7,4,0,0,7,4,0.4286
4,112.0000,16,6,858.6675,-88.8782,-0.0081,12,0.3000,1.0000,8,8,8,0,0,8,8,0.0000
4,112.0000,16,9,984.1322,-88.7550,-1.2055,4,0.1000,1.0000,8,8,8,0,0,8,8,0.0000
4,112.0000,16,11,609.1613,-86.3714,0.0367,24,0.6000,0.3333,6,5,2,0,0,5,2,0.6000
4,112.0000,16,12,1002.6283,-89.1860,-0.0831,5,0.1250,1.0000,8,4,4,0,0,4,4,0.0000
4,112.0000,16,13,493.0356,-84.9200,0.1052,29,0.7250,0.2000,5,6,3,0,0,6,3,0.5000
4,112.0000,16,14,786.8553,-87.8972,0.0367,8,0.2000,1.0000,8,10,10,0,0,10,10,0.0000
4,112.0000,16,15,678.3185,-87.6199,0.3805,22,0.5500,0.8750,8,7,6,0,0,7,6,0.1429
4,112.0000,16,19,466.5227,-83.8712,-0.6634,29,0.7250,0.5714,7,6,4,0,0,6,4,0.3333
4,112.0000,16,22,689.8715,-87.6045,0.1951,18,0.4500,0.4000,5,7,6,0,0,7,6,0.1429
4,112.0000,16,23,709.3339,-87.5293,-0.2265,20,0.5000,0.5714,7,7,5,0,0,7,5,0.2857
4,112.0000,17,0,843.3418,-88.2039,0.3019,11,0.2750,0.8750,8,7,5,0,0,7,5,0.2857
4,112.0000,17,3,767.1367,-87.6317,-0.2301,13,0.3250,1.0000,8,7,6,0,0,7,6,0.1429
4,112.0000,17,4,772.8261,-87.7533,-0.1586,13,0.3250,0.6667,6,8,8,0,0,8,8,0.0000
4,112.0000,17,5,841.2289,-89.4539,-0.0137,3,0.0750,1.0000,8,7,5,0,0,7,5,0.2857
4,112.0000,17,7,669.9822,-87.5621,0.5752,17,0.4250,0.6667,6,7,6,0,0,7,6,0.1429
4,112.0000,17,8,413.7057,-85.1145,0.6762,26,0.6500,0.5000,6,5,2,0,0,5,2,0.6000
4,112.0000,17,9,866.2232,-88.1677,-0.6674,8,0.2000,0.8750,8,8,8,0,0,8,8,0.0000
4,112.0000,17,14,578.4695,-86.4842,-0.3304,22,0.5500,0.6667,6,6,3,0,0,6,3,0.5000
4,112.0000,17,18,328.4381,-82.2821,0.1203,33,0.8250,0.4286,7,4,1,0,0,4,1,0.7500
4,112.0000,17,21,269.2378,-79.9539,0.1274,37,0.9250,0.0000,4,6,3,0,0,6,3,0.5000
4,112.0000,17,24,527.1740,-85.8249,-0.2956,28,0.7000,0.4000,5,4,0,0,0,4,0,1.0000
4,112.0000,17,25,383.7427,-83.5715,-0.3951,29,0.7250,0.0000,4,4,0,0,0,4,0,1.0000
4,112.0000,18,0,764.9872,-87.6391,0.3150,14,0.3590,1.0000,8,7,6,0,0,7,6,0.1429
4,112.0000,18,1,1011.3010,-89.2951,0.0799,4,0.1026,1.0000,6,6,5,0,0,6,5,0.1667
4,112.0000,18,3,616.3985,-86.5749,0.2719,26,0.6667,1.0000,8,7,5,0,0,7,5,0.2857
4,112.0000,18,4,826.3354,-87.9444,-0.5234,16,0.4103,0.7500,8,8,8,0,0,8,8,0.0000
4,112.0000,18,5,621.2863,-87.3416,0.4226,17,0.4359,0.8750,8,7,5,0,0,7,5,0.2857
4,112.0000,18,6,926.4837,-88.8376,0.1727,6,0.1538,1.0000,6,4,4,0,0,4,4,0.0000
4,112.0000,18,7,430.9508,-84.4125,0.3044,33,0.8462,0.8750,8,6,2,0,0,6,2,0.6667
4,112.0000,18,8,418.3948,-84.2173,0.4494,33,0.8462,0.2000,5,4,0,0,0,4,0,1.0000
4,112.0000,18,9,646.2335,-86.4086,-0.0276,17,0.4359,0.8750,8,8,8,0,0,8,8,0.0000
4,112.0000,18,10,977.7776,-88.5072,-0.0177,6,0.1538,1.0000,2,8,8,0,0,8,8,0.0000
4,112.0000,18,14,511.9915,-84.3810,-0.5271,31,0.7949,0.3333,6,6,3,0,0,6,3,0.5000
4,112.0000,18,17,328.4381,-82.8470,-0.2337,35,0.8974,0.0000,4,4,0,0,0,4,0,1.0000
4,112.0000,18,19,1079.9603,-88.9193,0.3509,6,0.1538,1.0000,6,6,6,0,0,6,6,0.0000
4,112.0000,18,20,865.1029,-88.6593,0.5544,3,0.0769,1.0000,8,4,2,0,0,4,2,0.5000
4,112.0000,18,21,440.6752,-83.7429,-0.3509,33,0.8462,0.2000,5,6,1,0,0,6,1,0.8333
4,112.0000,18,24,227.3127,-79.3309,0.4613,37,0.9487,0.0000,4,4,0,0,0,4,0,1.0000
4,112.0000,18,25,454.0671,-84.1239,-0.6477,32,0.8205,0.0000,4,5,1,0,0,5,1,0.8000
4,112.0000,19,0,522.3305,-85.7065,0.4375,21,0.5250,0.0000,4,5,2,0,0,5,2,0.6000
4,112.0000,19,2,452.4082,-84.8348,0.4747,28,0.7000,0.6667,6,5,1,0,0,5,1,0.8000
4,112.0000,19,4,624.8210,-86.5458,-0.4543,23,0.5750,0.6667,6,7,5,0,0,7,5,0.2857
4,112.0000,19,6,492.4577,-84.8587,0.2746,24,0.6000,0.5000,6,4,0,0,0,4,0,1.0000
4,112.0000,19,9,723.8967,-87.5025,0.0877,10,0.2500,1.0000,8,7,6,0,0,7,6,0.1429
4,112.0000,19,11,508.2925,-84.7707,-0.0479,29,0.7250,0.2000,5,7,4,0,0,7,4,0.4286
4,112.0000,19,12,882.0269,-88.5670,-0.0623,8,0.2000,1.0000,8,6,6,0,0,6,6,0.0000
4,112.0000,19,13,640.4908,-87.2499,0.2049,22,0.5500,0.8571,7,7,6,0,0,7,6,0.1429
4,112.0000,19,14,689.3655,-87.5135,-0.1606,17,0.4250,0.8750,8,8,7,0,0,8,7,0.1250
4,112.0000,19,15,522.5336,-85.5074,-0.2480,25,0.6250,0.5000,6,5,1,0,0,5,1,0.8000
4,112.0000,19,16,466.5227,-83.6212,-0.7507,34,0.8500,0.2000,5,5,1,0,0,5,1,0.8000
4,112.0000,19,22,275.7891,-81.1731,0.4792,30,0.7500,0.0000,4,5,1,0,0,5,1,0.8000
4,112.0000,19,23,307.8018,-82.2056,0.0326,31,0.7750,0.0000,4,4,0,0,0,4,0,1.0000
4,112.0000,20,1,884.6870,-88.2907,0.6123,10,0.2564,0.8571,7,8,8,0,0,8,8,0.0000
4,112.0000,20,3,570.5115,-86.5668,0.2980,19,0.4872,0.7143,7,8,6,34,32,42,38,0.0952
4,112.0000,20,5,310.8760,-80.7313,-1.0672,36,0.9231,0.0000,4,4,0,0,0,4,0,1.0000
4,112.0000,20,7,542.1940,-86.4416,0.4314,21,0.5385,0.7143,7,4,0,36,29,40,29,0.2750
4,112.0000,20,8,832.4450,-88.7901,0.2059,9,0.2308,0.8750,8,8,8,0,0,8,8,0.0000
4,112.0000,20,10,384.7368,-84.0419,-0.0744,38,0.9744,0.2000,5,5,1,2,1,7,2,0.7143
4,112.0000,20,18,865.1029,-88.4726,1.0257,3,0.0769,1.0000,6,8,7,0,0,8,7,0.1250
4,112.0000,20,21,1023.9447,-87.6553,-1.5916,3,0.0769,,0,8,8,0,0,8,8,0.0000
4,112.0000,20,24,775.2709,-89.0299,-0.1067,11,0.2821,0.9885,87,8,8,6,6,14,14,0.0000
4,112.0000,21,1,769.8501,-87.8809,0.4017,19,0.4750,0.8571,7,8,8,0,0,8,8,0.0000
4,112.0000,21,3,634.9478,-86.8316,-0.5199,26,0.6500,0.4000,5,8,8,0,0,8,8,0.0000
4,112.0000,21,4,1009.3096,-88.4527,-0.2501,8,0.2000,0.9000,10,4,4,0,0,4,4,0.0000
4,112.0000,21,5,726.5425,-87.7609,0.1285,15,0.3750,0.6667,6,7,6,0,0,7,6,0.1429
4,112.0000,21,7,629.0123,-85.7685,-0.6150,27,0.6750,0.3333,6,8,8,0,0,8,8,0.0000
4,112.0000,21,8,230.2570,-80.3758,1.0437,39,0.9750,0.0000,4,4,0,0,0,4,0,1.0000
4,112.0000,21,14,796.1534,-87.5686,0.0293,16,0.4000,1.0000,86,8,8,80,80,88,88,0.0000
4,112.0000,21,17,269.2378,-80.0455,-0.2660,39,0.9750,0.0000,4,4,0,0,0,4,0,1.0000
4,112.0000,21,18,440.6752,-83.5834,-0.7205,31,0.7750,0.8571,7,5,1,0,0,5,1,0.8000
4,112.0000,21,24,615.8121,-85.9436,-0.4498,28,0.7000,0.8571,7,8,7,0,0,8,7,0.1250
4,112.0000,21,25,495.3310,-85.2968,-0.6250,30,0.7500,0.0000,4,4,0,0,0,4,0,1.0000
4,112.0000,22,0,507.7987,-85.9805,-0.0199,29,0.7250,0.9556,45,6,3,0,0,6,3,0.5000
4,112.0000,22,2,554.8902,-86.2466,0.1577,32,0.8000,0.4000,5,5,2,0,0,5,2,0.6000
4,112.0000,22,4,737.1571,-87.8449,0.0422,18,0.4500,0.6667,6,9,7,0,0,9,7,0.2222
4,112.0000,22,6,252.3244,-79.4549,0.0811,39,0.9750,0.0000,4,4,0,0,0,4,0,1.0000
4,112.0000,22,9,570.6518,-86.6919,0.0073,26,0.6500,0.4000,5,6,2,0,0,6,2,0.6667
4,112.0000,22,11,456.5143,-84.9125,0.1953,39,0.9750,0.2000,5,6,3,0,0,6,3,0.5000
4,112.0000,22,12,816.5784,-88.2543,-0.0141,16,0.4000,1.0000,6,8,8,0,0,8,8,0.0000
4,112.0000,22,13,737.2905,-87.5396,0.1282,20,0.5000,0.7143,7,6,4,0,0,6,4,0.3333
4,112.0000,22,14,693.4038,-87.8679,0.2641,22,0.5500,0.8571,7,7,6,0,0,7,6,0.1429
4,112.0000,22,15,579.5069,-85.7764,-0.6848,26,0.6500,0.7143,7,7,3,0,0,7,3,0.5714
4,112.0000,22,16,689.8715,-86.6970,-0.4236,22,0.5500,0.6250,8,7,6,0,0,7,6,0.1429
4,112.0000,22,19,275.7891,-81.4023,1.2452,39,0.9750,0.0000,4,4,0,0,0,4,0,1.0000
4,112.0000,22,23,138.4465,-69.3254,-1.7239,40,1.0000,0.0000,4,4,0,0,0,4,0,1.0000
4,112.0000,22,25,1105.5756,-89.5847,0.3635,3,0.0750,1.0000,2,6,6,0,0,6,6,0.0000
4,112.0000,23,0,624.6431,-88.2097,0.3030,18,0.4500,0.7143,7,8,8,0,0,8,8,0.0000
4,112.0000,23,2,579.5063,-86.0211,0.1526,19,0.4750,0.7143,7,9,6,0,0,9,6,0.3333
4,112.0000,23,4,835.7818,-88.7624,0.2447,8,0.2000,0.8750,8,8,7,0,0,8,7,0.1250
4,112.0000,23,6,360.1519,-80.5716,-0.7748,34,0.8500,0.4000,5,5,2,0,0,5,2,0.6000
4,112.0000,23,9,698.5226,-87.9631,0.1885,17,0.4250,1.0000,8,8,7,0,0,8,7,0.1250
4,112.0000,23,11,416.4883,-84.1300,-0.3306,30,0.7500,0.0000,4,6,4,0,0,6,4,0.3333
4,112.0000,23,12,699.6945,-87.5871,0.1032,18,0.4500,0.8571,7,8,7,0,0,8,7,0.1250
4,112.0000,23,13,679.7714,-88.0865,0.0499,16,0.4000,1.0000,8,6,2,0,0,6,2,0.6667
4,112.0000,23,14,825.1585,-87.5763,-0.9010,7,0.1750,1.0000,8,8,8,0,0,8,8,0.0000
4,112.0000,23,15,462.6267,-86.4354,0.0575,27,0.6750,0.5000,6,5,1,0,0,5,1,0.8000
4,112.0000,23,16,709.3339,-87.2986,0.0590,20,0.5000,0.8750,8,8,6,0,0,8,6,0.2500
4,112.0000,23,19,307.8018,-83.0383,0.2468,35,0.8750,0.4000,5,5,2,0,0,5,2,0.6000
4,112.0000,23,22,138.4465,-69.3687,-1.0928,36,0.9000,0.2000,5,5,1,0,0,5,1,0.8000
4,112.0000,24,1,1043.7077,-88.4087,-0.8201,3,0.0769,1.0000,8,6,6,0,0,6,6,0.0000
4,112.0000,24,3,555.7330,-85.3005,0.1222,33,0.8462,0.2000,5,7,5,0,0,7,5,0.2857
4,112.0000,24,4,968.9190,-88.5876,0.2095,3,0.0769,1.0000,8,8,8,0,0,8,8,0.0000
4,112.0000,24,5,599.9211,-87.1942,0.4673,22,0.5641,0.4000,5,7,5,0,0,7,5,0.2857
4,112.0000,24,6,904.7171,-89.3121,-0.1418,3,0.0769,1.0000,8,6,6,0,0,6,6,0.0000
4,112.0000,24,7,472.1373,-84.4854,0.4584,25,0.6410,0.2000,5,5,2,0,0,5,2,0.6000
4,112.0000,24,8,518.8597,-83.8644,-0.5116,34,0.8718,0.1667,6,7,5,0,0,7,5,0.2857
4,112.0000,24,9,662.9108,-87.2516,0.8866,12,0.3077,0.8571,7,8,7,0,0,8,7,0.1250
4,112.0000,24,10,864.4002,-88.4516,-0.5852,8,0.2051,1.0000,8,8,7,0,0,8,7,0.1250
4,112.0000,24,14,639.3267,-86.5903,-0.1695,20,0.5128,0.8571,7,8,7,0,0,8,7,0.1250
4,112.0000,24,17,527.1740,-85.7576,-0.2979,24,0.6154,0.6667,6,7,5,0,0,7,5,0.2857
4,112.0000,24,18,227.3127,-78.9279,0.3204,36,0.9231,0.0000,3,5,1,0,0,5,1,0.8000
4,112.0000,24,20,775.2709,-88.1539,0.2510,8,0.2051,0.8750,8,8,7,0,0,8,7,0.1250
4,112.0000,24,21,615.8121,-86.0079,0.0241,24,0.6154,0.4000,5,7,6,0,0,7,6,0.1429
4,112.0000,24,22,1044.8405,-89.2755,-0.4447,3,0.0769,1.0000,4,8,7,0,0,8,7,0.1250
4,112.0000,24,25,671.8349,-86.3668,0.0595,17,0.4359,0.9167,12,7,4,0,0,7,4,0.4286
4,112.0000,25,0,643.9799,-88.1640,-0.0443,22,0.5500,0.6667,6,8,8,0,0,8,8,0.0000
4,112.0000,25,3,964.0213,-88.1754,-1.9234,7,0.1750,0.8750,8,6,6,0,0,6,6,0.0000
4,112.0000,25,4,608.6696,-86.6531,0.3216,24,0.6000,0.7143,7,6,3,0,0,6,3,0.5000
4,112.0000,25,5,856.0328,-88.3162,0.1105,10,0.2500,1.0000,8,8,8,0,0,8,8,0.0000
4,112.0000,25,6,991.2053,-88.5161,3.1559,3,0.0750,1.0000,4,7,6,0,0,7,6,0.1429
4,112.0000,25,7,603.4772,-86.5053,-0.3682,33,0.8250,0.8750,8,7,4,0,0,7,4,0.4286
4,112.0000,25,8,635.7497,-87.4030,-0.2108,22,0.5500,0.7143,7,6,3,0,0,6,3,0.5000
4,112.0000,25,9,693.5773,-88.0738,0.3872,25,0.6250,0.7143,7,7,6,0,0,7,6,0.1429
4,112.0000,25,14,415.3433,-84.5927,0.5639,31,0.7750,0.5000,6,4,0,0,0,4,0,1.0000
4,112.0000,25,17,383.7427,-82.5324,-0.3307,38,0.9500,0.0000,4,5,2,0,0,5,2,0.6000
4,112.0000,25,18,454.0671,-83.8524,-0.3342,36,0.9000,0.3333,6,7,5,0,0,7,5,0.2857
4,112.0000,25,19,1096.3517,-89.7911,0.3315,3,0.0750,1.0000,6,2,2,0,0,2,2,0.0000
4,112.0000,25,21,495.3310,-84.7371,-0.7702,36,0.9000,0.6667,6,5,2,0,0,5,2,0.6000
4,112.0000,25,24,671.8349,-87.7507,-0.7519,23,0.5750,0.5000,6,8,8,0,0,8,8,0.0000
4,116.0000,0,2,522.1698,-84.7039,-0.3239,29,0.7250,0.4000,5,7,5,0,0,7,5,0.2857
4,116.0000,0,4,472.6667,-84.1438,-0.4494,31,0.7750,0.5000,6,6,3,0,0,6,3,0.5000
4,116.0000,0,6,372.6827,-84.5294,0.7000,30,0.7500,0.2000,5,4,0,0,0,4,0,1.0000
4,116.0000,0,7,903.4822,-89.1108,0.3111,9,0.2250,1.0000,6,7,6,0,0,7,6,0.1429
4,116.0000,0,9,397.9270,-84.2640,0.5308,31,0.7750,0.4000,5,4,0,0,0,4,0,1.0000
4,116.0000,0,11,719.8760,-87.5105,-0.0695,20,0.5000,0.7143,7,7,6,0,0,7,6,0.1429
4,116.0000,0,13,840.3930,-88.4228,0.0307,10,0.2500,1.0000,8,8,8,0,0,8,8,0.0000
4,116.0000,0,14,334.8209,-80.6808,-0.7110,34,0.8500,0.0000,4,6,2,0,0,6,2,0.6667
4,116.0000,0,15,882.8986,-88.2703,0.3580,7,0.1750,1.0000,6,8,8,0,0,8,8,0.0000
4,116.0000,0,16,777.7439,-87.7194,0.2146,15,0.3750,1.0000,8,8,8,0,0,8,8,0.0000
4,116.0000,0,17,870.4460,-88.6466,-0.3289,8,0.2000,0.8750,8,7,6,2,2,9,8,0.1111
4,116.0000,0,18,811.8242,-88.1448,-0.2536,11,0.2750,1.0000,8,7,5,0,0,7,5,0.2857
4,116.0000,0,19,506.5157,-85.4373,0.4731,31,0.7750,0.7143,7,7,6,0,0,7,6,0.1429
4,116.0000,0,22,425.7603,-84.6780,0.0244,30,0.7500,0.4000,5,6,4,0,0,6,4,0.3333
4,116.0000,0,23,644.4711,-86.8847,0.2295,24,0.6000,0.7500,8,6,4,0,0,6,4,0.3333
4,116.0000,0,24,727.7217,-88.0093,0.5538,11,0.2750,0.9333,15,7,6,0,0,7,6,0.1429
4,116.0000,0,25,574.5047,-86.3769,-0.0698,19,0.4750,0.7143,7,6,3,0,0,6,3,0.5000
4,116.0000,1,3,548.9072,-86.3405,0.2698,20,0.5000,0.6667,6,7,5,0,0,7,5,0.2857
4,116.0000,1,5,796.9997,-88.2637,-0.5335,8,0.2000,1.0000,8,8,7,0,0,8,7,0.1250
4,116.0000,1,8,723.0230,-87.0908,-0.4945,15,0.3750,0.8750,8,7,6,0,0,7,6,0.1429
4,116.0000,1,10,817.9127,-88.8845,-0.2138,7,0.1750,0.8750,8,8,8,0,0,8,8,0.0000
4,116.0000,1,20,921.9780,-88.2694,0.4593,9,0.2250,1.0000,8,8,8,0,0,8,8,0.0000
4,116.0000,1,21,766.9307,-87.8072,-0.0090,10,0.2500,1.0000,8,8,7,0,0,8,7,0.1250
4,116.0000,2,0,522.1698,-85.2562,-0.3112,30,0.7500,0.5000,6,4,0,0,0,4,0,1.0000
4,116.0000,2,4,496.7969,-85.0807,0.6290,30,0.7500,0.4000,5,8,7,0,0,8,7,0.1250
4,116.0000,2,6,670.0828,-86.7968,0.0700,22,0.5500,0.7143,7,7,5,0,0,7,5,0.2857
4,116.0000,2,9,867.5978,-88.5273,0.0987,12,0.3000,0.8571,7,8,8,0,0,8,8,0.0000
4,116.0000,2,11,333.4050,-82.6704,-0.1995,38,0.9500,0.5000,6,6,4,0,0,6,4,0.3333
4,116.0000,2,12,748.4017,-88.4445,0.0096,15,0.3750,0.8571,7,8,7,0,0,8,7,0.1250
4,116.0000,2,13,341.1434,-83.0396,0.1690,37,0.9250,0.5000,6,4,0,0,0,4,0,1.0000
4,116.0000,2,14,702.7096,-87.6154,0.2060,19,0.4750,0.5000,6,5,2,0,0,5,2,0.6000
4,116.0000,2,15,534.1155,-86.2357,0.6280,30,0.7500,0.5714,7,5,2,0,0,5,2,0.6000
4,116.0000,2,16,387.3806,-82.4458,0.3854,36,0.9000,0.4000,5,4,0,0,0,4,0,1.0000
4,116.0000,2,19,464.4910,-84.3919,-0.2922,33,0.8250,0.3333,6,6,3,0,0,6,3,0.5000
4,116.0000,2,22,526.0996,-86.3327,0.4199,31,0.7750,0.3333,6,4,0,0,0,4,0,1.0000
4,116.0000,2,23,490.1069,-85.7465,0.6397,26,0.6500,0.2000,5,5,2,0,0,5,2,0.6000
4,116.0000,2,25,987.2590,-89.4636,-0.0267,4,0.1000,,0,6,6,0,0,6,6,0.0000
4,116.0000,3,1,548.9072,-86.1875,0.0245,28,0.7000,0.5000,6,5,1,0,0,5,1,0.8000
4,116.0000,3,5,480.6531,-84.1502,0.2231,32,0.8000,0.6667,6,6,3,0,0,6,3,0.5000
4,116.0000,3,7,649.6158,-86.8280,0.3640,26,0.6500,0.8571,7,7,6,0,0,7,6,0.1429
4,116.0000,3,8,586.5947,-85.1884,-0.7270,31,0.7750,0.4000,30,5,2,0,0,5,2,0.6000
4,116.0000,3,10,408.8830,-83.8308,-0.1861,36,0.9000,0.4000,5,5,2,0,0,5,2,0.6000
4,116.0000,3,17,769.6830,-88.9404,0.0564,12,0.3000,1.0000,8,8,8,0,0,8,8,0.0000
4,116.0000,3,18,628.4992,-86.6072,0.2400,21,0.5250,0.6667,6,7,5,0,0,7,5,0.2857
4,116.0000,3,20,543.7611,-84.7823,-0.1370,32,0.8000,0.4000,5,8,5,0,0,8,5,0.3750
4,116.0000,3,21,697.4423,-86.7491,-0.8046,17,0.4250,0.4286,7,6,6,0,0,6,6,0.0000
4,116.0000,3,24,748.2545,-87.0484,-0.2538,19,0.4750,0.4000,5,7,6,0,0,7,6,0.1429
4,116.0000,3,25,1104.5750,-89.0618,-0.4288,3,0.0750,1.0000,8,2,2,0,0,2,2,0.0000
4,116.0000,4,0,472.6667,-83.6983,-1.4371,33,0.8250,0.5000,6,5,2,0,0,5,2,0.6000
4,116.0000,4,2,496.7969,-85.0971,-0.2981,28,0.7000,0.4000,5,4,0,0,0,4,0,1.0000
4,116.0000,4,6,811.2507,-88.4298,-0.1272,16,0.4000,1.0000,8,7,6,0,0,7,6,0.1429
4,116.0000,4,9,856.6117,-88.1813,-0.2144,12,0.3000,0.8571,7,8,8,0,0,8,8,0.0000
4,116.0000,4,11,824.1330,-88.2862,0.1710,16,0.4000,1.0000,8,8,8,0,0,8,8,0.0000
4,116.0000,4,13,812.5225,-87.9758,0.3529,14,0.3500,0.8571,7,8,8,0,0,8,8,0.0000
4,116.0000,4,14,355.0746,-83.1553,0.5620,31,0.7750,0.4000,5,4,0,0,0,4,0,1.0000
4,116.0000,4,15,965.8749,-88.2684,0.1497,4,0.1000,1.0000,6,8,8,0,0,8,8,0.0000
4,116.0000,4,16,506.4677,-85.6930,-0.7249,29,0.7250,0.5000,6,5,2,0,0,5,2,0.6000
4,116.0000,4,17,911.3087,-88.2357,-0.0435,9,0.2250,1.0000,8,6,6,0,0,6,6,0.0000
4,116.0000,4,18,997.3147,-88.8739,-0.0081,8,0.2000,0.8750,8,6,6,2,2,8,8,0.0000
4,116.0000,4,19,663.4921,-85.6835,-0.2919,22,0.5500,0.3333,6,6,4,0,0,6,4,0.3333
4,116.0000,4,22,744.1674,-87.4207,0.5412,17,0.4250,1.0000,8,8,8,0,0,8,8,0.0000
4,116.0000,4,23,862.2693,-88.9261,0.2349,10,0.2500,1.0000,8,8,8,0,0,8,8,0.0000
4,116.0000,4,24,985.6473,-89.2975,0.3238,5,0.1250,1.0000,8,8,8,0,0,8,8,0.0000
4,116.0000,4,25,609.0545,-87.2717,-0.5949,25,0.6250,0.5714,7,8,7,0,0,8,7,0.1250
4,116.0000,5,1,796.9997,-87.7756,-0.0830,18,0.4500,0.8889,9,8,8,0,0,8,8,0.0000
4,116.0000,5,3,480.6531,-84.3015,-0.2398,32,0.8000,0.5000,6,6,4,0,0,6,4,0.3333
4,116.0000,5,7,216.5237,-79.2233,0.6782,36,0.9000,0.2000,5,5,1,0,0,5,1,0.8000
4,116.0000,5,8,579.8483,-86.4334,-0.1380,27,0.6750,0.7143,7,6,3,0,0,6,3,0.5000
4,116.0000,5,9,875.7393,-88.7156,0.5438,6,0.1500,1.0000,8,8,8,0,0,8,8,0.0000
4,116.0000,5,10,594.1826,-85.9764,-0.3926,31,0.7750,0.7143,7,8,8,0,0,8,8,0.0000
4,116.0000,5,14,1001.2875,-88.5231,0.4251,4,0.1000,1.0000,8,4,4,0,0,4,4,0.0000
4,116.0000,5,17,665.2446,-88.2875,0.5605,10,0.2500,0.8571,7,6,4,0,0,6,4,0.3333
4,116.0000,5,18,464.3039,-86.1156,1.1275,27,0.6750,0.6667,6,6,2,0,0,6,2,0.6667
4,116.0000,5,20,345.3765,-82.2390,-0.2387,38,0.9500,0.0000,4,4,0,0,0,4,0,1.0000
4,116.0000,5,21,657.5318,-87.9087,-0.2265,19,0.4750,0.8750,8,5,2,0,0,5,2,0.6000
4,116.0000,5,24,623.7538,-87.0726,-0.7475,22,0.5500,0.7143,7,5,1,0,0,5,1,0.8000
4,116.0000,5,25,793.3471,-88.7365,-0.3283,10,0.2500,1.0000,8,7,6,0,0,7,6,0.1429
4,116.0000,6,0,372.6827,-84.6335,0.1201,30,0.7500,0.5714,14,5,2,2,1,7,3,0.5714
4,116.0000,6,2,670.0828,-88.2424,-0.3354,15,0.3750,0.6667,6,7,6,0,0,7,6,0.1429
4,116.0000,6,4,811.2507,-87.4972,0.2101,12,0.3000,0.8750,8,7,4,32,31,39,35,0.1026
4,116.0000,6,7,966.4250,-88.5576,-0.8222,3,0.0750,1.0000,8,8,8,0,0,8,8,0.0000
4,116.0000,6,9,313.3188,-81.7944,-0.2262,37,0.9250,0.6032,63,4,0,4,3,8,3,0.6250
4,116.0000,6,11,713.4157,-87.0823,0.0740,25,0.6250,0.6667,6,5,4,0,0,5,4,0.2000
4,116.0000,6,12,983.5210,-87.7484,0.4001,4,0.1000,1.0000,4,4,4,0,0,4,4,0.0000
4,116.0000,6,13,890.0208,-88.3366,-0.1220,10,0.2500,0.8571,7,8,8,0,0,8,8,0.0000
4,116.0000,6,14,675.4241,-87.0549,0.0221,25,0.6250,0.8571,7,8,8,42,41,50,49,0.0200
4,116.0000,6,15,796.9298,-88.3055,0.1025,15,0.3750,0.8750,8,8,7,0,0,8,7,0.1250
4,116.0000,6,16,970.0318,-89.2278,0.2435,6,0.1500,1.0000,8,7,7,0,0,7,7,0.0000
4,116.0000,6,18,938.1799,-89.2402,-0.1980,4,0.1000,1.0000,8,8,8,0,0,8,8,0.0000
4,116.0000,6,19,466.9866,-85.3653,-0.3334,31,0.7750,0.6667,6,6,2,0,0,6,2,0.6667
4,116.0000,6,22,248.0329,-79.9737,-0.0017,36,0.9000,0.0000,4,5,1,0,0,5,1,0.8000
4,116.0000,6,23,490.1390,-83.5998,-0.8111,34,0.8500,0.2000,5,7,4,0,0,7,4,0.4286
4,116.0000,6,24,762.3195,-88.6322,0.1373,6,0.1500,0.8750,8,6,4,0,0,6,4,0.3333
4,116.0000,6,25,880.7660,-88.8580,-0.0035,8,0.2000,1.0000,6,7,5,0,0,7,5,0.2857
4,116.0000,7,0,903.4822,-88.1040,0.1209,5,0.1250,0.8750,8,8,7,0,0,8,7,0.1250
4,116.0000,7,1,1006.7267,-87.8063,-1.3908,3,0.0750,1.0000,6,8,8,0,0,8,8,0.0000
4,116.0000,7,3,649.6158,-87.5028,-0.3466,20,0.5000,0.5714,7,8,8,0,0,8,8,0.0000
4,116.0000,7,5,216.5237,-79.6716,0.5860,37,0.9250,0.0000,4,4,0,0,0,4,0,1.0000
4,116.0000,7,6,966.4250,-89.1311,-0.0038,5,0.1250,1.0000,8,8,8,0,0,8,8,0.0000
4,116.0000,7,8,662.4551,-86.9211,-0.5210,23,0.5750,0.5714,7,7,5,0,0,7,5,0.2857
4,116.0000,7,9,663.9790,-87.1161,0.0567,20,0.5000,0.8750,8,7,4,0,0,7,4,0.4286
4,116.0000,7,10,723.1938,-87.8610,0.1109,11,0.2750,1.0000,8,7,5,0,0,7,5,0.2857
4,116.0000,7,14,847.5575,-87.3956,0.0276,9,0.2250,0.8571,7,7,5,0,0,7,5,0.2857
4,116.0000,7,17,645.9096,-87.4157,0.1107,18,0.4500,0.7143,7,5,2,0,0,5,2,0.6000
4,116.0000,7,18,411.9205,-84.5516,0.0646,32,0.8000,0.6250,8,6,4,0,0,6,4,0.3333
4,116.0000,7,20,420.1710,-85.4600,-0.3637,30,0.7500,0.5000,6,4,0,0,0,4,0,1.0000
4,116.0000,7,21,731.2335,-87.4884,0.4585,14,0.3500,0.6667,6,8,8,0,0,8,8,0.0000
4,116.0000,7,24,519.2024,-86.0783,-0.1807,29,0.7250,0.2000,5,6,4,0,0,6,4,0.3333
4,116.0000,7,25,675.7122,-86.5195,-0.0179,19,0.4750,0.7917,24,8,7,4,4,12,11,0.0833
4,116.0000,8,1,723.0230,-87.4277,-0.2156,29,0.7250,1.0000,8,8,7,0,0,8,7,0.1250
4,116.0000,8,3,586.5947,-85.3449,-0.6322,35,0.8750,0.0000,4,8,8,0,0,8,8,0.0000
4,116.0000,8,5,579.8483,-87.1326,-0.9087,28,0.7000,0.7143,7,5,2,0,0,5,2,0.6000
4,116.0000,8,7,662.4551,-87.1368,-0.6936,27,0.6750,0.4444,9,8,7,0,0,8,7,0.1250
4,116.0000,8,9,1107.7561,-89.3673,-0.0156,3,0.0750,1.0000,8,6,6,0,0,6,6,0.0000
4,116.0000,8,10,956.7969,-88.9470,-0.4323,12,0.3000,1.0000,8,8,8,0,0,8,8,0.0000
4,116.0000,8,14,900.7215,-88.1959,-0.3627,12,0.3000,1.0000,8,7,6,0,0,7,6,0.1429
4,116.0000,8,17,310.2133,-83.3117,1.2341,35,0.8750,0.2000,5,6,2,0,0,6,2,0.6667
4,116.0000,8,18,419.4818,-83.8123,-0.2575,33,0.8250,0.2000,5,6,1,0,0,6,1,0.8333
4,116.0000,8,20,887.2948,-88.1293,-0.1607,13,0.3250,1.0000,8,8,8,0,0,8,8,0.0000
4,116.0000,8,21,121.2824,-76.3965,1.2392,39,0.9750,0.0000,4,4,0,0,0,4,0,1.0000
4,116.0000,8,24,669.4181,-86.4973,-0.1712,26,0.6500,0.2000,5,7,6,0,0,7,6,0.1429
4,116.0000,8,25,681.0132,-87.3125,-0.3448,23,0.5750,0.8750,8,7,6,0,0,7,6,0.1429
4,116.0000,9,0,397.9270,-84.1257,0.6079,32,0.8000,0.4000,5,5,2,0,0,5,2,0.6000
4,116.0000,9,2,867.5978,-88.1505,-0.6496,9,0.2250,1.0000,8,8,8,0,0,8,8,0.0000
4,116.0000,9,4,856.6117,-88.1525,0.1979,16,0.4000,0.8571,7,8,8,0,0,8,8,0.0000
4,116.0000,9,5,875.7393,-88.5731,-0.6254,7,0.1750,1.0000,4,8,7,0,0,8,7,0.1250
4,116.0000,9,6,313.3188,-81.5541,-0.1947,36,0.9000,0.4000,5,4,0,0,0,4,0,1.0000
4,116.0000,9,7,663.9790,-86.7600,-0.2796,17,0.4250,0.8571,7,8,7,0,0,8,7,0.1250
4,116.0000,9,8,1107.7561,-88.7343,-0.4303,6,0.1500,1.0000,4,4,4,0,0,4,4,0.0000
4,116.0000,9,11,962.4889,-89.0071,0.4287,5,0.1250,1.0000,8,6,6,0,0,6,6,0.0000
4,116.0000,9,14,604.3239,-85.9896,-0.8634,30,0.7500,0.5000,6,8,8,0,0,8,8,0.0000
4,116.0000,9,15,1097.5399,-88.5199,0.7524,3,0.0750,1.0000,6,4,4,0,0,4,4,0.0000
4,116.0000,9,16,1154.5236,-89.2545,-0.9752,3,0.0750,1.0000,6,2,2,0,0,2,2,0.0000
4,116.0000,9,17,892.4347,-88.5260,0.0130,8,0.2000,1.0000,56,8,8,2,2,10,10,0.0000
4,116.0000,9,18,711.2701,-87.9111,-0.2298,24,0.6000,0.7143,7,7,6,0,0,7,6,0.1429
4,116.0000,9,19,722.2868,-87.6668,-0.3992,17,0.4250,0.5000,6,8,6,0,0,8,6,0.2500
4,116.0000,9,20,966.1107,-88.9855,0.1036,5,0.1250,1.0000,6,8,8,0,0,8,8,0.0000
4,116.0000,9,21,1155.7402,-89.7466,-0.0612,4,0.1000,1.0000,8,4,4,0,0,4,4,0.0000
4,116.0000,9,22,540.7793,-85.9819,0.5869,26,0.6500,0.5714,7,3,0,0,0,3,0,1.0000
4,116.0000,9,23,797.7193,-88.0724,-0.0866,13,0.3250,1.0000,8,8,8,0,0,8,8,0.0000
4,116.0000,9,24,583.2722,-86.2134,-0.0707,29,0.7250,0.5000,6,8,7,0,0,8,7,0.1250
4,116.0000,9,25,700.5693,-87.6242,-0.1961,20,0.5000,0.7500,8,7,6,0,0,7,6,0.1429
4,116.0000,10,1,817.9127,-87.9309,0.3267,18,0.4500,1.0000,10,7,6,0,0,7,6,0.1429
4,116.0000,10,3,408.8830,-84.5130,0.3368,35,0.8750,0.8080,125,4,0,72,50,76,50,0.3421
4,116.0000,10,5,594.1826,-86.6736,0.2735,30,0.7500,0.5000,6,8,7,0,0,8,7,0.1250
4,116.0000,10,7,723.1938,-87.7500,-0.2214,14,0.3500,1.0000,8,8,8,0,0,8,8,0.0000
4,116.0000,10,8,956.7969,-88.5132,-0.4642,11,0.2750,1.0000,44,4,4,80,80,84,84,0.0000
4,116.0000,10,18,867.0356,-89.3059,-0.1357,5,0.1250,1.0000,6,8,8,0,0,8,8,0.0000
4,116.0000,10,20,382.5031,-83.2314,-0.2615,36,0.9000,0.0000,4,5,1,0,0,5,1,0.8000
4,116.0000,10,24,900.7219,-88.4631,-0.0987,6,0.1500,1.0000,8,8,8,0,0,8,8,0.0000
4,116.0000,11,0,719.8760,-87.1929,-0.4342,19,0.4872,0.6667,6,7,6,0,0,7,6,0.1429
4,116.0000,11,2,333.4050,-82.6940,0.0809,34,0.8718,0.2000,5,4,0,0,0,4,0,1.0000
4,116.0000,11,4,824.1330,-87.5463,-0.0626,7,0.1795,1.0000,8,8,8,0,0,8,8,0.0000
4,116.0000,11,6,713.4157,-87.2203,0.3958,20,0.5128,0.5000,6,7,6,0,0,7,6,0.1429
4,116.0000,11,9,962.4889,-89.1845,0.2124,8,0.2051,0.8571,7,8,8,0,0,8,8,0.0000
4,116.0000,11,12,427.2056,-86.1118,0.5372,36,0.9231,0.2000,5,6,2,0,0,6,2,0.6667
4,116.0000,11,13,242.2979,-81.8623,0.9697,38,0.9744,0.0000,4,5,1,0,0,5,1,0.8000
4,116.0000,11,14,980.2880,-88.8653,0.3622,9,0.2308,1.0000,8,6,6,0,0,6,6,0.0000
4,116.0000,11,15,404.9913,-84.4749,0.6259,33,0.8462,0.0000,4,4,0,0,0,4,0,1.0000
4,116.0000,11,16,641.2921,-87.2000,-0.0727,24,0.6154,0.8571,7,5,2,0,0,5,2,0.6000
4,116.0000,11,19,584.5515,-86.1629,-0.3938,29,0.7436,0.8916,83,6,4,80,78,86,82,0.0465
4,116.0000,11,22,575.6569,-85.5886,-0.6960,29,0.7436,0.6667,6,5,4,0,0,5,4,0.2000
4,116.0000,11,23,413.8124,-83.7636,0.2851,35,0.8974,0.0000,4,6,4,0,0,6,4,0.3333
4,116.0000,12,0,1103.0833,-89.2261,1.9649,3,0.0732,1.0000,8,6,6,0,0,6,6,0.0000
4,116.0000,12,2,748.4017,-88.2072,0.4959,10,0.2439,1.0000,8,7,5,0,0,7,5,0.2857
4,116.0000,12,6,983.5210,-89.7391,-0.2212,4,0.0976,1.0000,8,8,8,0,0,8,8,0.0000
4,116.0000,12,11,427.2056,-85.3443,0.1389,29,0.7073,0.5714,7,6,3,0,0,6,3,0.5000
4,116.0000,12,13,502.5065,-86.1101,-0.6624,28,0.6829,0.6667,6,7,6,0,0,7,6,0.1429
4,116.0000,12,15,473.2398,-85.6780,-0.0440,30,0.7317,0.6667,6,5,1,0,0,5,1,0.8000
4,116.0000,12,19,868.5656,-89.2146,0.3926,5,0.1220,1.0000,8,8,8,0,0,8,8,0.0000
4,116.0000,12,22,845.7515,-88.6981,0.2225,12,0.2927,0.8571,7,8,8,0,0,8,8,0.0000
4,116.0000,12,23,600.0969,-86.6428,0.0023,19,0.4634,0.7143,7,4,0,0,0,4,0,1.0000
4,116.0000,13,0,840.3930,-87.9937,0.1177,8,0.2051,1.0000,10,6,6,0,0,6,6,0.0000
4,116.0000,13,2,341.1434,-82.5621,0.3852,31,0.7949,0.0000,4,5,2,0,0,5,2,0.6000
4,116.0000,13,4,812.5225,-88.2040,0.8590,10,0.2564,1.0000,8,7,6,0,0,7,6,0.1429
4,116.0000,13,6,890.0208,-88.6625,-0.3633,8,0.2051,1.0000,8,8,8,0,0,8,8,0.0000
4,116.0000,13,11,242.2979,-81.6607,1.5059,36,0.9231,0.0000,4,4,0,0,0,4,0,1.0000
4,116.0000,13,12,502.5065,-86.0010,-0.1057,31,0.7949,0.6667,6,4,0,0,0,4,0,1.0000
4,116.0000,13,15,385.7513,-84.3497,0.0537,33,0.8462,0.0000,4,7,4,0,0,7,4,0.4286
4,116.0000,13,16,490.1983,-85.2506,-0.0957,28,0.7179,0.2000,5,6,3,0,0,6,3,0.5000
4,116.0000,13,19,638.2197,-87.6045,0.1662,18,0.4615,0.6667,6,7,6,0,0,7,6,0.1429
4,116.0000,13,22,711.7177,-88.3280,0.1600,11,0.2821,0.7143,7,6,4,0,0,6,4,0.3333
4,116.0000,13,23,530.4542,-87.2864,0.1113,14,0.3590,0.4000,5,5,1,0,0,5,1,0.8000
4,116.0000,14,0,334.8209,-79.8600,-0.4772,28,0.7000,0.2000,5,6,3,0,0,6,3,0.5000
4,116.0000,14,2,702.7096,-87.0894,-0.3185,11,0.2750,0.8000,5,7,5,0,0,7,5,0.2857
4,116.0000,14,4,355.0746,-82.2962,-0.1574,30,0.7500,0.2000,5,4,0,0,0,4,0,1.0000
4,116.0000,14,5,1001.2875,-89.3636,0.2663,4,0.1000,1.0000,8,4,4,0,0,4,4,0.0000
4,116.0000,14,6,675.4241,-86.6887,-0.2875,17,0.4250,0.7143,7,8,8,0,0,8,8,0.0000
4,116.0000,14,7,847.5575,-88.0891,-0.4374,7,0.1750,0.5000,6,8,8,0,0,8,8,0.0000
4,116.0000,14,8,900.7215,-88.0865,-0.2776,4,0.1000,1.0000,8,8,8,0,0,8,8,0.0000
4,116.0000,14,9,604.3239,-85.6031,-0.8092,19,0.4750,0.2000,5,7,5,0,0,7,5,0.2857
4,116.0000,14,11,980.2880,-89.6000,-0.0364,4,0.1000,0.8750,8,8,8,0,0,8,8,0.0000
4,116.0000,14,16,818.8614,-88.0996,0.1038,7,0.1750,0.8571,7,7,6,0,0,7,6,0.1429
4,116.0000,14,17,614.6674,-86.1241,-0.8731,17,0.4250,0.5714,7,8,7,4,4,12,11,0.0833
4,116.0000,14,18,655.3784,-87.1061,-0.1687,11,0.2750,0.6667,6,8,8,0,0,8,8,0.0000
4,116.0000,14,19,707.2699,-86.7520,-0.5654,10,0.2500,0.2000,5,6,4,0,0,6,4,0.3333
4,116.0000,14,21,892.7525,-88.3452,-0.7089,5,0.1250,0.8571,7,8,8,0,0,8,8,0.0000
4,116.0000,14,22,706.9745,-87.6373,-0.2910,11,0.2750,0.6667,6,7,6,0,0,7,6,0.1429
4,116.0000,14,23,921.4281,-88.8939,0.1128,8,0.2000,1.0000,8,8,8,0,0,8,8,0.0000
4,116.0000,14,24,664.2829,-86.9366,0.6804,12,0.3000,0.6667,6,7,6,0,0,7,6,0.1429
4,116.0000,14,25,311.5912,-83.1254,0.5815,23,0.5750,0.2000,5,4,0,0,0,4,0,1.0000
4,116.0000,15,0,882.8986,-88.3874,0.1314,6,0.1500,0.8571,7,8,8,0,0,8,8,0.0000
4,116.0000,15,2,534.1155,-85.8417,0.2524,24,0.6000,0.7143,7,4,0,0,0,4,0,1.0000
4,116.0000,15,4,965.8749,-89.0825,-2.1697,3,0.0750,1.0000,6,8,8,0,0,8,8,0.0000
4,116.0000,15,6,796.9298,-88.4911,0.1024,7,0.1750,0.8571,7,8,8,0,0,8,8,0.0000
4,116.0000,15,11,404.9913,-84.5166,-0.1133,36,0.9000,0.7143,7,4,0,0,0,4,0,1.0000
4,116.0000,15,12,473.2398,-85.1340,0.1063,39,0.9750,0.7143,7,5,2,0,0,5,2,0.6000
4,116.0000,15,13,385.7513,-83.8547,0.7874,36,0.9000,0.0000,3,5,2,0,0,5,2,0.6000
4,116.0000,15,16,659.3708,-87.0625,0.0766,18,0.4500,0.8750,8,7,6,0,0,7,6,0.1429
4,116.0000,15,19,486.8660,-84.6902,0.2800,29,0.7250,0.8571,7,4,0,0,0,4,0,1.0000
4,116.0000,15,22,573.5719,-86.6217,-0.0450,27,0.6750,0.8571,7,6,4,0,0,6,4,0.3333
4,116.0000,15,23,312.1730,-83.1481,0.7225,34,0.8500,0.5000,6,5,1,0,0,5,1,0.8000
4,116.0000,16,0,777.7439,-87.6690,-0.1480,20,0.5000,1.0000,8,8,8,0,0,8,8,0.0000
4,116.0000,16,2,387.3806,-82.0798,-0.7195,34,0.8500,0.0000,4,5,1,0,0,5,1,0.8000
4,116.0000,16,4,506.4677,-85.8980,-0.2373,29,0.7250,0.5714,7,7,4,0,0,7,4,0.4286
4,116.0000,16,6,970.0318,-89.0203,-0.8784,9,0.2250,1.0000,8,6,6,0,0,6,6,0.0000
4,116.0000,16,11,641.2921,-86.2029,0.5381,26,0.6500,0.4000,5,8,8,0,0,8,8,0.0000
4,116.0000,16,12,977.0774,-89.5378,0.2078,3,0.0750,1.0000,4,8,8,0,0,8,8,0.0000
4,116.0000,16,13,490.1983,-85.2446,-0.5607,28,0.7000,0.5000,6,7,5,0,0,7,5,0.2857
4,116.0000,16,14,818.8614,-88.5590,0.3259,13,0.3250,1.0000,10,6,6,0,0,6,6,0.0000
4,116.0000,16,15,659.3708,-87.1818,-0.3104,19,0.4750,0.8571,7,7,5,0,0,7,5,0.2857
4,116.0000,16,19,612.6977,-86.0412,-0.5475,23,0.5750,0.6667,6,7,6,0,0,7,6,0.1429
4,116.0000,16,22,784.8959,-88.0534,0.1308,16,0.4000,0.8571,7,8,8,0,0,8,8,0.0000
4,116.0000,16,23,732.5382,-87.6202,-0.5072,21,0.5250,0.7143,7,7,6,0,0,7,6,0.1429
4,116.0000,16,25,1106.7617,-88.7976,-1.1727,3,0.0750,1.0000,2,4,4,0,0,4,4,0.0000
4,116.0000,17,0,870.4460,-88.7966,-0.4958,10,0.2500,0.7143,7,8,8,0,0,8,8,0.0000
4,116.0000,17,1,1023.3393,-89.0710,-0.9096,4,0.1000,1.0000,4,7,6,0,0,7,6,0.1429
4,116.0000,17,3,769.6830,-87.6336,0.2621,14,0.3500,0.8571,7,10,10,0,0,10,10,0.0000
4,116.0000,17,4,911.3087,-88.6086,-0.4957,14,0.3500,1.0000,8,8,8,0,0,8,8,0.0000
4,116.0000,17,5,665.2446,-87.7557,0.1595,15,0.3750,0.7143,7,6,4,0,0,6,4,0.3333
4,116.0000,17,7,645.9096,-86.9171,-0.5828,24,0.6000,0.8571,7,5,1,0,0,5,1,0.8000
4,116.0000,17,8,310.2133,-82.7948,0.1020,38,0.9500,0.4000,5,4,0,0,0,4,0,1.0000
4,116.0000,17,9,892.4347,-88.8361,0.0146,11,0.2750,1.0000,8,8,8,0,0,8,8,0.0000
4,116.0000,17,10,1086.3200,-88.7032,0.6343,4,0.1000,1.0000,6,6,6,0,0,6,6,0.0000
4,116.0000,17,14,614.6674,-86.8421,-0.1387,25,0.6250,0.5000,6,6,4,0,0,6,4,0.3333
4,116.0000,17,18,283.1836,-81.5323,0.4581,36,0.9000,0.2500,4,4,0,0,0,4,0,1.0000
4,116.0000,17,21,332.3027,-80.9269,-0.9910,37,0.9250,0.5000,6,4,0,0,0,4,0,1.0000
4,116.0000,17,24,486.2505,-85.7364,0.2534,32,0.8000,0.0000,4,5,1,0,0,5,1,0.8000
4,116.0000,17,25,460.5178,-83.9972,0.0904,31,0.7750,0.0000,4,4,0,0,0,4,0,1.0000
4,116.0000,18,0,811.8242,-88.1584,0.3011,5,0.1220,0.8571,7,7,6,0,0,7,6,0.1429
4,116.0000,18,3,628.4992,-86.8845,-0.6000,18,0.4390,0.7143,7,7,5,0,0,7,5,0.2857
4,116.0000,18,4,997.3147,-88.5347,0.5171,3,0.0732,1.0000,8,6,6,0,0,6,6,0.0000
4,116.0000,18,5,464.3039,-85.7943,0.5686,24,0.5854,0.7143,7,7,5,0,0,7,5,0.2857
4,116.0000,18,6,938.1799,-89.1573,-0.2353,4,0.0976,1.0000,4,8,8,0,0,8,8,0.0000
4,116.0000,18,7,411.9205,-84.6127,-0.3252,30,0.7317,0.3333,6,7,5,0,0,7,5,0.2857
4,116.0000,18,8,419.4818,-84.1502,-0.4089,29,0.7073,0.0000,4,5,1,0,0,5,1,0.8000
4,116.0000,18,9,711.2701,-87.2321,0.6016,14,0.3415,1.0000,8,7,5,0,0,7,5,0.2857
4,116.0000,18,10,867.0356,-87.9929,1.5759,5,0.1220,1.0000,8,8,7,0,0,8,7,0.1250
4,116.0000,18,14,655.3784,-85.9130,-0.4877,14,0.3415,0.5000,6,8,7,0,0,8,7,0.1250
4,116.0000,18,17,283.1836,-81.6835,0.4184,32,0.7805,0.0000,4,4,0,0,0,4,0,1.0000
4,116.0000,18,20,720.7007,-87.6884,0.3697,10,0.2439,0.5000,4,7,6,0,0,7,6,0.1429
4,116.0000,18,21,497.2780,-84.8904,-0.0440,30,0.7317,0.1667,6,5,1,0,0,5,1,0.8000
4,116.0000,18,22,1064.4692,-89.1253,0.2637,4,0.0976,1.0000,4,2,2,0,0,2,2,0.0000
4,116.0000,18,24,271.0756,-78.3614,-0.6948,37,0.9024,0.0000,4,5,2,0,0,5,2,0.6000
4,116.0000,18,25,526.5219,-84.2368,-0.7261,21,0.5122,0.2000,5,6,4,0,0,6,4,0.3333
4,116.0000,19,0,506.5157,-86.2204,-0.5722,29,0.7250,0.4000,5,5,1,0,0,5,1,0.8000
4,116.0000,19,2,464.4910,-84.8886,-0.4182,35,0.8750,0.2000,5,6,3,0,0,6,3,0.5000
4,116.0000,19,4,663.4921,-87.0401,-0.2910,26,0.6500,0.7143,7,8,7,0,0,8,7,0.1250
4,116.0000,19,6,466.9866,-85.2274,-0.3607,31,0.7750,0.0000,4,5,2,0,0,5,2,0.6000
4,116.0000,19,9,722.2868,-87.8759,0.3480,18,0.4500,0.8571,7,4,0,0,0,4,0,1.0000
4,116.0000,19,11,584.5515,-86.2768,-0.0359,33,0.8250,0.5714,7,6,3,0,0,6,3,0.5000
4,116.0000,19,12,868.5656,-88.4378,0.1395,11,0.2750,1.0000,6,8,8,0,0,8,8,0.0000
4,116.0000,19,13,638.2197,-87.2173,-0.2373,26,0.6500,0.8571,7,7,4,0,0,7,4,0.4286
4,116.0000,19,14,707.2699,-86.9837,0.1389,19,0.4750,0.8750,8,7,5,0,0,7,5,0.2857
4,116.0000,19,15,486.8660,-85.6947,-0.3751,33,0.8250,0.2000,5,7,5,0,0,7,5,0.2857
4,116.0000,19,16,612.6977,-86.1528,-0.3391,31,0.7750,0.2000,5,8,7,0,0,8,7,0.1250
4,116.0000,19,18,1121.6793,-89.5755,0.2900,4,0.1000,1.0000,4,2,2,0,0,2,2,0.0000
4,116.0000,19,22,234.3467,-79.4470,0.2777,38,0.9500,0.2000,5,4,0,0,0,4,0,1.0000
4,116.0000,19,23,297.7127,-81.2848,0.1637,39,0.9750,0.0000,4,6,3,0,0,6,3,0.5000
4,116.0000,20,1,921.9780,-88.3755,-0.1448,9,0.2250,1.0000,8,8,8,0,0,8,8,0.0000
4,116.0000,20,3,543.7611,-86.1206,0.0336,25,0.6250,0.9048,42,4,0,0,0,4,0,1.0000
4,116.0000,20,5,345.3765,-81.3153,-0.3305,36,0.9000,0.0000,4,4,0,0,0,4,0,1.0000
4,116.0000,20,7,420.1710,-84.8848,0.4193,32,0.8000,0.7250,40,7,4,8,7,15,11,0.2667
4,116.0000,20,8,887.2948,-88.0880,0.1234,10,0.2500,1.0000,8,8,7,0,0,8,7,0.1250
4,116.0000,20,9,966.1107,-88.7168,0.4548,4,0.1000,1.0000,8,8,8,0,0,8,8,0.0000
4,116.0000,20,10,382.5031,-83.4170,-0.4098,39,0.9750,0.2857,7,4,0,0,0,4,0,1.0000
4,116.0000,20,17,966.5726,-88.4347,0.2507,3,0.0750,1.0000,6,7,6,0,0,7,6,0.1429
4,116.0000,20,18,720.7007,-88.3448,0.6343,17,0.4250,0.8750,8,8,7,0,0,8,7,0.1250
4,116.0000,20,21,979.7923,-88.8738,0.1094,8,0.2000,1.0000,8,6,6,0,0,6,6,0.0000
4,116.0000,20,24,775.5981,-87.5272,0.2153,19,0.4750,1.0000,14,7,6,72,72,79,78,0.0127
4,116.0000,21,1,766.9307,-88.2410,0.0105,15,0.3750,1.0000,8,7,6,0,0,7,6,0.1429
4,116.0000,21,3,697.4423,-88.1680,-0.1087,24,0.6000,1.0000,8,7,5,0,0,7,5,0.2857
4,116.0000,21,5,657.5318,-87.5582,-0.1556,19,0.4750,0.8571,7,7,6,0,0,7,6,0.1429
4,116.0000,21,7,731.2335,-87.8333,-0.2942,19,0.4750,1.0000,8,8,7,0,0,8,7,0.1250
4,116.0000,21,8,121.2824,-75.9656,1.1341,38,0.9500,0.0000,4,4,0,0,0,4,0,1.0000
4,116.0000,21,14,892.7525,-88.8656,0.1354,10,0.2500,1.0000,88,8,8,6,6,14,14,0.0000
4,116.0000,21,17,332.3027,-81.0453,-0.3940,36,0.9000,0.0000,4,4,0,0,0,4,0,1.0000
4,116.0000,21,18,497.2780,-84.3629,-0.6803,31,0.7750,0.2000,5,5,1,0,0,5,1,0.8000
4,116.0000,21,20,979.7923,-88.9630,0.4457,4,0.1000,1.0000,8,6,6,0,0,6,6,0.0000
4,116.0000,21,24,752.5363,-86.6798,-0.1092,19,0.4750,0.8750,8,8,8,0,0,8,8,0.0000
4,116.0000,21,25,656.6097,-87.5198,-0.2212,20,0.5000,0.0000,4,8,8,0,0,8,8,0.0000
4,116.0000,22,0,425.7603,-84.6332,0.1945,25,0.6250,0.5000,6,5,1,0,0,5,1,0.8000
4,116.0000,22,2,526.0996,-85.5351,0.1973,32,0.8000,0.4000,5,4,0,0,0,4,0,1.0000
4,116.0000,22,4,744.1674,-87.5416,0.1269,11,0.2750,0.7778,9,5,4,0,0,5,4,0.2000
4,116.0000,22,6,248.0329,-79.6972,-0.1200,36,0.9000,0.0000,4,4,0,0,0,4,0,1.0000
4,116.0000,22,9,540.7793,-85.9422,-0.1825,24,0.6000,0.3333,6,5,2,0,0,5,2,0.6000
4,116.0000,22,11,575.6569,-85.8216,-0.5831,27,0.6750,0.5000,6,7,6,0,0,7,6,0.1429
4,116.0000,22,12,845.7515,-88.7007,-0.0981,13,0.3250,1.0000,8,8,8,0,0,8,8,0.0000
4,116.0000,22,13,711.7177,-87.7556,0.3686,13,0.3250,0.6667,6,8,7,0,0,8,7,0.1250
4,116.0000,22,14,706.9745,-87.8204,0.1192,18,0.4500,0.8571,7,8,8,0,0,8,8,0.0000
4,116.0000,22,15,573.5719,-85.9344,0.2559,28,0.7000,0.4286,7,6,2,0,0,6,2,0.6667
4,116.0000,22,16,784.8959,-87.1243,-0.2961,21,0.5250,0.8571,7,8,8,0,0,8,8,0.0000
4,116.0000,22,19,234.3467,-79.3808,0.0152,38,0.9500,0.0000,4,4,0,0,0,4,0,1.0000
4,116.0000,22,23,278.0187,-77.1303,-1.4863,37,0.9250,0.0000,4,6,4,0,0,6,4,0.3333
4,116.0000,22,24,879.5234,-88.4679,0.5322,3,0.0750,1.0000,8,8,6,0,0,8,6,0.2500
4,116.0000,23,0,644.4711,-87.5523,-0.0885,22,0.5500,1.0000,8,7,5,0,0,7,5,0.2857
4,116.0000,23,2,490.1069,-86.4028,0.0363,33,0.8250,0.6667,9,6,3,0,0,6,3,0.5000
4,116.0000,23,4,862.2693,-88.9854,-0.1980,7,0.1750,0.8750,8,8,8,0,0,8,8,0.0000
4,116.0000,23,6,490.1390,-84.3390,-1.2613,35,0.8750,0.4000,5,8,5,0,0,8,5,0.3750
4,116.0000,23,9,797.7193,-88.0388,-0.4351,20,0.5000,0.8750,8,8,8,0,0,8,8,0.0000
4,116.0000,23,11,413.8124,-83.9345,0.0479,37,0.9250,0.6667,6,4,0,0,0,4,0,1.0000
4,116.0000,23,12,600.0969,-87.0581,0.2613,34,0.8500,0.8750,8,4,0,0,0,4,0,1.0000
4,116.0000,23,13,530.4542,-86.9088,0.3834,29,0.7250,0.3333,6,5,3,0,0,5,3,0.4000
4,116.0000,23,14,921.4281,-88.7528,0.3362,13,0.3250,1.0000,8,8,8,0,0,8,8,0.0000
4,116.0000,23,15,312.1730,-83.1302,1.2698,38,0.9500,0.2000,5,4,0,0,0,4,0,1.0000
4,116.0000,23,16,732.5382,-87.9843,0.0109,22,0.5500,0.7500,8,8,7,0,0,8,7,0.1250
4,116.0000,23,19,297.7127,-80.6605,0.2877,39,0.9750,0.4000,5,4,0,0,0,4,0,1.0000
4,116.0000,23,22,278.0187,-77.2553,-1.8865,39,0.9750,0.2000,5,5,2,0,0,5,2,0.6000
4,116.0000,24,0,727.7217,-88.2738,0.0056,10,0.2500,1.0000,8,7,5,0,0,7,5,0.2857
4,116.0000,24,3,748.2545,-86.7899,-0.4406,24,0.6000,0.7143,7,6,6,0,0,6,6,0.0000
4,116.0000,24,4,985.6473,-89.0471,0.2909,5,0.1250,1.0000,8,6,6,0,0,6,6,0.0000
4,116.0000,24,5,623.7538,-86.9977,-0.6398,25,0.6250,0.7143,7,7,6,0,0,7,6,0.1429
4,116.0000,24,6,762.3195,-88.0987,0.0000,11,0.2750,1.0000,6,7,5,0,0,7,5,0.2857
4,116.0000,24,7,519.2024,-85.4311,-0.1434,30,0.7500,0.4000,5,6,4,0,0,6,4,0.3333
4,116.0000,24,8,669.4181,-86.6981,-0.0782,26,0.6500,0.7143,7,8,8,0,0,8,8,0.0000
4,116.0000,24,9,583.2722,-86.5252,-0.2141,22,0.5500,0.8750,8,6,4,0,0,6,4,0.3333
4,116.0000,24,10,900.7219,-88.9279,0.4856,7,0.1750,0.8750,8,8,8,0,0,8,8,0.0000
4,116.0000,24,14,664.2829,-87.0981,0.4280,24,0.6000,0.8750,8,8,8,0,0,8,8,0.0000
4,116.0000,24,17,486.2505,-85.8860,0.2138,31,0.7750,0.7143,7,5,1,0,0,5,1,0.8000
4,116.0000,24,18,271.0756,-78.8205,0.0560,36,0.9000,0.2000,5,4,0,0,0,4,0,1.0000
4,116.0000,24,19,945.4714,-88.4646,0.8412,5,0.1250,1.0000,4,8,7,0,0,8,7,0.1250
4,116.0000,24,20,775.5981,-87.9270,0.0856,18,0.4500,0.8750,8,8,8,0,0,8,8,0.0000
4,116.0000,24,21,752.5363,-87.5728,-0.4140,22,0.5500,0.8571,7,8,7,0,0,8,7,0.1250
4,116.0000,24,22,879.5234,-88.6085,0.3207,3,0.0750,0.8750,8,6,3,0,0,6,3,0.5000
4,116.0000,24,25,657.7265,-87.6398,-0.1756,22,0.5500,0.5714,7,8,8,5,4,13,12,0.0769
4,116.0000,25,0,574.5047,-86.6479,0.3498,24,0.6000,1.0000,8,5,1,0,0,5,1,0.8000
4,116.0000,25,4,609.0545,-86.9223,-0.0246,25,0.6250,0.5000,6,7,5,0,0,7,5,0.2857
4,116.0000,25,5,793.3471,-88.0536,-0.6990,12,0.3000,1.0000,8,8,8,0,0,8,8,0.0000
4,116.0000,25,7,675.7122,-87.3012,-0.2876,15,0.3750,0.5714,7,7,6,0,0,7,6,0.1429
4,116.0000,25,8,681.0132,-87.3069,-0.1225,25,0.6250,0.5000,6,6,4,0,0,6,4,0.3333
4,116.0000,25,9,700.5693,-87.5392,0.1930,17,0.4250,0.8571,7,7,4,0,0,7,4,0.4286
4,116.0000,25,14,311.5912,-81.8870,1.6185,29,0.7250,0.0000,4,4,0,0,0,4,0,1.0000
4,116.0000,25,17,460.5178,-84.0903,-0.9685,31,0.7750,0.4000,5,6,3,0,0,6,3,0.5000
4,116.0000,25,18,526.5219,-84.7783,-0.6637,31,0.7750,0.7143,7,6,4,0,0,6,4,0.3333
4,116.0000,25,21,656.6097,-86.2820,-0.7848,25,0.6250,0.4000,5,7,5,0,0,7,5,0.2857
4,116.0000,25,22,972.2457,-89.3148,0.2744,3,0.0750,1.0000,8,8,8,0,0,8,8,0.0000
4,116.0000,25,24,657.7265,-87.8101,0.3911,17,0.4250,1.0000,8,8,8,0,0,8,8,0.0000
4,120.0000,0,2,561.1839,-85.9845,-0.2458,32,0.8000,0.7143,7,7,4,0,0,7,4,0.4286
4,120.0000,0,4,630.3814,-85.8530,-0.4768,30,0.7500,0.5000,6,8,7,0,0,8,7,0.1250
4,120.0000,0,5,1000.5246,-89.1950,0.0514,3,0.0750,,0,6,6,0,0,6,6,0.0000
4,120.0000,0,6,278.5371,-81.6725,0.3583,38,0.9500,0.0000,4,4,0,0,0,4,0,1.0000
4,120.0000,0,7,866.0893,-88.4773,0.6642,10,0.2500,0.8571,7,7,5,0,0,7,5,0.2857
4,120.0000,0,9,401.0690,-84.4352,0.2074,33,0.8250,0.0000,4,5,2,0,0,5,2,0.6000
4,120.0000,0,11,815.3952,-87.6681,-0.2523,13,0.3250,0.8571,7,8,8,0,0,8,8,0.0000
4,120.0000,0,13,837.5514,-89.0221,0.4104,8,0.2000,1.0000,8,8,8,0,0,8,8,0.0000
4,120.0000,0,14,495.8462,-84.2930,-0.4790,36,0.9000,0.3333,6,7,6,0,0,7,6,0.1429
4,120.0000,0,15,820.7592,-89.2243,0.0017,8,0.2000,1.0000,8,8,6,0,0,8,6,0.2500
4,120.0000,0,16,930.4340,-88.0297,-0.5463,11,0.2750,1.0000,8,8,8,0,0,8,8,0.0000
4,120.0000,0,17,901.3815,-88.7227,0.2006,9,0.2250,0.8889,9,8,8,0,0,8,8,0.0000
4,120.0000,0,18,872.7084,-88.9150,-0.4283,6,0.1500,0.7143,7,7,6,0,0,7,6,0.1429
4,120.0000,0,19,483.5044,-85.9315,0.0212,32,0.8000,0.8571,7,6,4,0,0,6,4,0.3333
4,120.0000,0,22,347.1174,-83.5518,0.5613,36,0.9000,0.6667,6,6,3,0,0,6,3,0.5000
4,120.0000,0,23,687.7728,-87.5151,0.0571,22,0.5500,0.6667,6,8,7,0,0,8,7,0.1250
4,120.0000,0,24,631.6489,-87.6703,0.0852,17,0.4250,0.8571,7,7,4,0,0,7,4,0.4286
4,120.0000,0,25,529.8492,-86.6786,-0.0950,28,0.7000,0.5000,6,4,0,0,0,4,0,1.0000
4,120.0000,1,3,555.3143,-86.3531,-0.0810,27,0.6750,0.7143,7,6,4,0,0,6,4,0.3333
4,120.0000,1,5,885.5269,-87.9729,0.0590,14,0.3500,0.8750,8,6,6,0,0,6,6,0.0000
4,120.0000,1,7,1095.6675,-89.1309,0.2287,4,0.1000,1.0000,10,4,4,0,0,4,4,0.0000
4,120.0000,1,8,865.0088,-87.8800,0.1500,17,0.4250,0.8571,7,8,8,0,0,8,8,0.0000
4,120.0000,1,10,926.3276,-89.3336,-0.0843,5,0.1250,1.0000,8,8,8,0,0,8,8,0.0000
4,120.0000,1,17,1032.1574,-89.5040,0.0540,4,0.1000,1.0000,8,8,8,0,0,8,8,0.0000
4,120.0000,1,18,994.9304,-88.0891,0.9471,5,0.1250,1.0000,6,8,8,0,0,8,8,0.0000
4,120.0000,1,20,974.9782,-89.1079,0.4150,5,0.1250,1.0000,8,8,8,0,0,8,8,0.0000
4,120.0000,1,21,783.1938,-88.3429,-0.1408,21,0.5250,0.8750,8,7,6,0,0,7,6,0.1429
4,120.0000,2,0,561.1839,-86.3150,-0.2215,25,0.6250,0.0000,4,5,1,0,0,5,1,0.8000
4,120.0000,2,4,555.5195,-85.8229,-0.4555,28,0.7000,0.8750,8,8,5,0,0,8,5,0.3750
4,120.0000,2,6,667.5321,-87.5413,-0.1581,23,0.5750,0.7143,7,7,5,0,0,7,5,0.2857
4,120.0000,2,9,905.4941,-88.5707,-0.1917,12,0.3000,1.0000,8,8,8,0,0,8,8,0.0000
4,120.0000,2,11,336.5053,-82.1665,0.4806,37,0.9250,0.6667,6,5,1,0,0,5,1,0.8000
4,120.0000,2,12,656.6091,-87.4486,0.5331,16,0.4000,0.8750,8,7,4,0,0,7,4,0.4286
4,120.0000,2,13,298.5259,-81.8166,0.1379,40,1.0000,0.0000,4,4,0,0,0,4,0,1.0000
4,120.0000,2,14,741.6337,-87.9539,-0.1173,19,0.4750,0.4000,5,7,6,0,0,7,6,0.1429
4,120.0000,2,15,441.4049,-85.6467,0.5045,35,0.8750,0.4000,5,4,0,0,0,4,0,1.0000
4,120.0000,2,16,496.9810,-84.8394,-0.3054,36,0.9000,0.0000,4,8,7,0,0,8,7,0.1250
4,120.0000,2,19,473.5222,-85.3758,-0.4162,32,0.8000,0.5000,6,5,2,0,0,5,2,0.6000
4,120.0000,2,22,513.9012,-85.3924,0.2348,31,0.7750,0.0000,4,6,3,0,0,6,3,0.5000
4,120.0000,2,23,400.6417,-84.4612,0.5429,32,0.8000,0.4000,5,6,4,0,0,6,4,0.3333
4,120.0000,3,1,555.3143,-85.8415,0.0256,31,0.7750,0.2000,5,5,1,0,0,5,1,0.8000
4,120.0000,3,5,597.3449,-86.5354,-0.4757,24,0.6000,0.5000,6,6,3,0,0,6,3,0.5000
4,120.0000,3,7,721.3479,-87.7971,-0.7402,14,0.3500,0.8571,7,8,8,0,0,8,8,0.0000
4,120.0000,3,8,787.5429,-86.7806,-0.7759,18,0.4500,0.4000,5,8,8,0,0,8,8,0.0000
4,120.0000,3,10,424.9002,-84.3707,-0.2498,37,0.9250,0.4000,5,8,4,0,0,8,4,0.5000
4,120.0000,3,17,772.0428,-88.9196,-0.1122,11,0.2750,1.0000,8,8,7,0,0,8,7,0.1250
4,120.0000,3,18,650.2091,-86.9608,0.3692,18,0.4500,0.7143,7,7,5,0,0,7,5,0.2857
4,120.0000,3,20,564.4157,-85.9391,0.0655,28,0.7000,0.6250,8,7,5,0,0,7,5,0.2857
4,120.0000,3,21,791.2653,-86.9985,-0.3710,18,0.4500,1.0000,6,7,6,0,0,7,6,0.1429
4,120.0000,3,24,924.1603,-88.7281,-0.3396,5,0.1250,0.8571,7,6,6,0,0,6,6,0.0000
4,120.0000,4,0,630.3814,-86.7496,0.0018,25,0.6250,0.4000,5,5,3,0,0,5,3,0.4000
4,120.0000,4,2,555.5195,-86.0825,-0.0319,26,0.6500,0.0000,4,6,3,0,0,6,3,0.5000
4,120.0000,4,6,876.5939,-88.2579,-0.8830,9,0.2250,0.8571,7,7,6,0,0,7,6,0.1429
4,120.0000,4,9,1022.7781,-88.7731,-0.7067,5,0.1250,1.0000,8,4,4,0,0,4,4,0.0000
4,120.0000,4,11,874.2932,-88.0291,0.2605,9,0.2250,1.0000,8,6,6,0,0,6,6,0.0000
4,120.0000,4,13,804.1510,-88.8525,-0.0315,9,0.2250,1.0000,8,7,6,0,0,7,6,0.1429
4,120.0000,4,14,350.7855,-82.0224,0.0483,32,0.8000,0.0000,4,6,2,0,0,6,2,0.6667
4,120.0000,4,15,924.7498,-88.8445,0.6583,4,0.1000,1.0000,8,8,8,0,0,8,8,0.0000
4,120.0000,4,16,520.8610,-86.0621,-0.0264,30,0.7500,0.4000,5,7,6,0,0,7,6,0.1429
4,120.0000,4,17,1055.1940,-89.2129,-0.0549,5,0.1250,1.0000,6,6,6,0,0,6,6,0.0000
4,120.0000,4,19,728.9616,-87.9224,-0.3901,18,0.4500,0.6667,6,6,4,0,0,6,4,0.3333
4,120.0000,4,22,784.2355,-88.5372,0.0717,16,0.4000,1.0000,8,8,8,0,0,8,8,0.0000
4,120.0000,4,23,888.9777,-88.1179,-0.1005,12,0.3000,1.0000,8,8,8,0,0,8,8,0.0000
4,120.0000,4,25,619.0947,-86.8584,0.3320,22,0.5500,0.8750,8,8,5,0,0,8,5,0.3750
4,120.0000,5,1,885.5269,-88.4578,-0.0953,18,0.4500,1.0000,8,8,8,0,0,8,8,0.0000
4,120.0000,5,3,597.3449,-85.3175,-0.2274,31,0.7750,0.6667,6,6,3,0,0,6,3,0.5000
4,120.0000,5,7,247.6370,-77.9568,-0.5189,36,0.9000,0.2000,5,5,2,0,0,5,2,0.6000
4,120.0000,5,8,598.1720,-86.6308,0.5399,26,0.6500,0.5000,6,8,7,0,0,8,7,0.1250
4,120.0000,5,9,852.4862,-88.6192,0.0536,9,0.2250,1.0000,8,8,8,0,0,8,8,0.0000
4,120.0000,5,10,686.7427,-87.4157,-0.4890,28,0.7000,1.0000,8,8,7,0,0,8,7,0.1250
4,120.0000,5,17,496.2342,-86.0817,0.6567,23,0.5750,0.6667,6,4,0,0,0,4,0,1.0000
4,120.0000,5,18,340.8879,-83.5875,0.9080,32,0.8000,0.3333,6,5,0,0,0,5,0,1.0000
4,120.0000,5,20,383.4368,-83.3828,0.0101,37,0.9250,0.0000,4,5,1,0,0,5,1,0.8000
4,120.0000,5,21,639.1707,-86.6817,-0.2399,20,0.5000,0.4000,5,6,3,0,0,6,3,0.5000
4,120.0000,5,24,654.4066,-87.2146,0.3922,18,0.4500,0.2000,5,8,8,0,0,8,8,0.0000
4,120.0000,5,25,730.8752,-88.5205,0.5402,18,0.4500,0.8571,7,8,7,16,15,24,22,0.0833
4,120.0000,6,0,278.5371,-82.1144,0.7630,37,0.9250,0.4286,7,4,0,0,0,4,0,1.0000
4,120.0000,6,2,667.5321,-87.7998,0.3409,16,0.4000,0.8571,7,7,4,0,0,7,4,0.4286
4,120.0000,6,4,876.5939,-89.1054,-0.1109,8,0.2000,0.8974,39,10,10,4,4,14,14,0.0000
4,120.0000,6,7,887.5344,-88.8534,-0.0716,6,0.1500,1.0000,8,8,8,0,0,8,8,0.0000
4,120.0000,6,9,277.1631,-81.4306,-0.3395,37,0.9250,0.3750,8,4,0,42,4,46,4,0.9130
4,120.0000,6,11,842.2720,-88.7352,0.1889,15,0.3750,0.8000,5,8,8,0,0,8,8,0.0000
4,120.0000,6,12,1003.7702,-88.5896,0.6230,6,0.1500,1.0000,4,6,6,0,0,6,6,0.0000
4,120.0000,6,13,887.1784,-88.9937,-0.4976,6,0.1500,1.0000,8,8,8,0,0,8,8,0.0000
4,120.0000,6,14,756.5975,-87.1855,-0.0712,14,0.3500,0.9800,50,6,5,0,0,6,5,0.1667
4,120.0000,6,15,779.6315,-88.4768,0.1643,14,0.3500,0.8750,8,6,4,0,0,6,4,0.3333
4,120.0000,6,18,949.3015,-88.5975,0.2652,7,0.1750,1.0000,8,8,8,0,0,8,8,0.0000
4,120.0000,6,19,450.1933,-84.8208,0.1522,32,0.8000,0.3333,6,5,2,0,0,5,2,0.6000
4,120.0000,6,22,242.3029,-79.0991,0.0474,39,0.9750,0.2000,5,4,0,0,0,4,0,1.0000
4,120.0000,6,23,625.3193,-86.2908,-0.7021,29,0.7250,0.5714,7,8,8,0,0,8,8,0.0000
4,120.0000,6,24,623.2409,-87.2518,0.4646,20,0.5000,0.6667,6,8,6,0,0,8,6,0.2500
4,120.0000,6,25,766.2341,-88.2841,-0.4084,7,0.1750,0.7143,7,7,5,0,0,7,5,0.2857
4,120.0000,7,0,866.0893,-88.6376,-0.2137,7,0.1750,0.8750,8,8,8,0,0,8,8,0.0000
4,120.0000,7,1,1095.6675,-89.5988,0.0987,4,0.1000,1.0000,8,6,6,0,0,6,6,0.0000
4,120.0000,7,3,721.3479,-87.4291,-0.2840,18,0.4500,1.0000,8,7,5,0,0,7,5,0.2857
4,120.0000,7,5,247.6370,-78.0214,-0.3236,36,0.9000,0.0000,4,5,1,0,0,5,1,0.8000
4,120.0000,7,6,887.5344,-89.0587,0.3020,4,0.1000,1.0000,8,8,8,0,0,8,8,0.0000
4,120.0000,7,8,797.9055,-87.7681,0.2020,21,0.5250,0.7143,7,7,5,0,0,7,5,0.2857
4,120.0000,7,9,644.4765,-87.5501,0.1401,18,0.4500,0.5714,7,6,4,0,0,6,4,0.3333
4,120.0000,7,10,662.2480,-87.5595,-0.4505,19,0.4750,0.7143,7,8,6,0,0,8,6,0.2500
4,120.0000,7,14,975.3322,-88.4642,-0.0007,6,0.1500,0.7143,7,6,6,0,0,6,6,0.0000
4,120.0000,7,17,613.9144,-86.7045,-0.2831,22,0.5500,0.4000,5,7,6,0,0,7,6,0.1429
4,120.0000,7,18,423.8916,-84.4458,-0.6595,33,0.8250,0.6667,6,5,1,0,0,5,1,0.8000
4,120.0000,7,20,306.7793,-82.9625,0.7049,39,0.9750,0.0000,4,5,1,0,0,5,1,0.8000
4,120.0000,7,21,860.5941,-87.9267,-0.0820,15,0.3750,1.0000,8,8,8,0,0,8,8,0.0000
4,120.0000,7,24,562.7024,-86.0538,-0.1443,30,0.7500,0.6667,6,6,4,0,0,6,4,0.3333
4,120.0000,7,25,733.0561,-88.3429,0.2913,19,0.4750,0.9167,12,7,6,0,0,7,6,0.1429
4,120.0000,8,1,865.0088,-88.3616,-0.2748,16,0.4000,0.8750,8,8,8,0,0,8,8,0.0000
4,120.0000,8,3,787.5429,-87.5299,-0.1096,19,0.4750,1.0000,8,7,6,0,0,7,6,0.1429
4,120.0000,8,5,598.1720,-86.2890,0.0639,25,0.6250,0.4000,5,7,5,0,0,7,5,0.2857
4,120.0000,8,7,797.9055,-87.1368,0.1133,16,0.4000,0.8750,8,8,8,0,0,8,8,0.0000
4,120.0000,8,14,898.4044,-88.3936,-0.2422,7,0.1750,0.8571,7,8,8,0,0,8,8,0.0000
4,120.0000,8,17,310.2303,-81.0919,0.1836,35,0.8750,0.3333,6,5,2,0,0,5,2,0.6000
4,120.0000,8,18,455.3163,-84.4540,-0.5533,29,0.7250,0.1667,6,6,3,0,0,6,3,0.5000
4,120.0000,8,20,941.8691,-88.8189,-0.0980,8,0.2000,1.0000,8,8,8,0,0,8,8,0.0000
4,120.0000,8,21,131.9735,-72.2376,0.2204,38,0.9500,0.0000,4,4,0,0,0,4,0,1.0000
4,120.0000,8,24,815.5427,-87.9026,0.7817,13,0.3250,0.8571,7,8,8,0,0,8,8,0.0000
4,120.0000,8,25,729.9662,-87.8941,-0.3565,17,0.4250,0.8571,7,8,7,0,0,8,7,0.1250
4,120.0000,9,0,401.0690,-83.9193,-0.5290,33,0.8250,0.4000,5,5,1,0,0,5,1,0.8000
4,120.0000,9,2,905.4941,-88.7969,0.1136,12,0.3000,1.0000,8,8,8,0,0,8,8,0.0000
4,120.0000,9,4,1022.7781,-89.3533,-0.1049,4,0.1000,1.0000,8,6,6,0,0,6,6,0.0000
4,120.0000,9,5,852.4862,-89.1894,0.1457,6,0.1500,0.8750,8,8,8,0,0,8,8,0.0000
4,120.0000,9,6,277.1631,-80.4080,0.5054,38,0.9500,0.0000,4,4,0,0,0,4,0,1.0000
4,120.0000,9,7,644.4765,-87.7405,-0.1014,26,0.6500,0.8750,8,7,6,0,0,7,6,0.1429
4,120.0000,9,14,817.6167,-87.2305,-1.2629,11,0.2750,1.0000,8,2,2,0,0,2,2,0.0000
4,120.0000,9,15,1055.1079,-89.3469,-0.0851,3,0.0750,1.0000,4,8,8,0,0,8,8,0.0000
4,120.0000,9,17,919.4240,-88.9289,-0.0483,9,0.2250,1.0000,10,8,8,76,76,84,84,0.0000
4,120.0000,9,18,800.6602,-88.4387,0.3468,15,0.3750,0.8571,7,8,8,0,0,8,8,0.0000
4,120.0000,9,19,712.1233,-87.5452,0.3572,20,0.5000,0.7500,8,7,5,0,0,7,5,0.2857
4,120.0000,9,20,868.5938,-88.3409,0.5873,7,0.1750,1.0000,8,8,8,0,0,8,8,0.0000
4,120.0000,9,22,514.5897,-85.9932,-0.1333,32,0.8000,0.0000,3,5,2,0,0,5,2,0.6000
4,120.0000,9,23,899.3303,-88.5705,-0.3628,13,0.3250,1.0000,8,8,8,0,0,8,8,0.0000
4,120.0000,9,24,537.9174,-85.8710,0.5689,30,0.7500,0.8750,8,7,5,0,0,7,5,0.2857
4,120.0000,9,25,727.0640,-88.1055,-0.2787,18,0.4500,0.8571,7,5,4,0,0,5,4,0.2000
4,120.0000,10,1,926.3276,-88.4452,-0.0879,12,0.3000,0.8571,7,8,8,0,0,8,8,0.0000
4,120.0000,10,3,424.9002,-83.6225,-0.2096,36,0.9000,0.6579,76,4,0,78,66,82,66,0.1951
4,120.0000,10,5,686.7427,-87.6495,-0.0158,20,0.5000,0.8750,8,8,6,0,0,8,6,0.2500
4,120.0000,10,7,662.2480,-87.4574,-0.1424,12,0.3000,1.0000,8,6,4,0,0,6,4,0.3333
4,120.0000,10,8,1093.6408,-88.9641,-0.3914,6,0.1500,1.0000,84,2,2,80,80,82,82,0.0000
4,120.0000,10,17,973.3438,-88.3339,0.5857,4,0.1000,1.0000,6,8,8,0,0,8,8,0.0000
4,120.0000,10,18,785.6961,-87.7525,0.2288,7,0.1750,1.0000,8,6,4,0,0,6,4,0.3333
4,120.0000,10,20,403.3443,-83.4408,-0.1462,33,0.8250,0.2000,5,5,1,0,0,5,1,0.8000
4,120.0000,10,24,903.4644,-88.3033,1.2293,6,0.1500,1.0000,8,8,8,0,0,8,8,0.0000
4,120.0000,11,0,815.3952,-87.8942,0.1592,16,0.4000,0.8571,7,8,8,0,0,8,8,0.0000
4,120.0000,11,2,336.5053,-82.0381,0.1340,34,0.8500,0.0000,4,4,0,0,0,4,0,1.0000
4,120.0000,11,4,874.2932,-88.4149,0.3169,8,0.2000,1.0000,8,8,8,0,0,8,8,0.0000
4,120.0000,11,6,842.2720,-88.1321,-0.6022,10,0.2500,0.8571,7,8,8,0,0,8,8,0.0000
4,120.0000,11,12,342.6375,-83.8448,0.3349,37,0.9250,0.3333,6,4,0,18,2,22,2,0.9091
4,120.0000,11,13,152.5427,-76.5160,1.3190,37,0.9250,0.2000,5,4,0,0,0,4,0,1.0000
4,120.0000,11,15,395.5512,-83.1425,-0.3049,31,0.7750,0.0000,4,4,0,2,0,6,0,1.0000
4,120.0000,11,16,680.8143,-86.9998,0.1801,26,0.6500,0.4000,5,6,3,0,0,6,3,0.5000
4,120.0000,11,19,679.7923,-86.6075,-0.7315,19,0.4750,0.9535,86,7,5,42,42,49,47,0.0408
4,120.0000,11,22,699.9107,-86.7815,-0.2438,20,0.5000,0.8000,5,10,10,0,0,10,10,0.0000
4,120.0000,11,23,402.2334,-83.5892,-0.0314,35,0.8750,0.6667,6,5,1,0,0,5,1,0.8000
4,120.0000,12,2,656.6091,-87.8455,-0.4573,20,0.5000,0.7143,7,6,3,0,0,6,3,0.5000
4,120.0000,12,11,342.6375,-82.4507,1.3267,34,0.8500,0.5000,6,5,1,0,0,5,1,0.8000
4,120.0000,12,13,434.3028,-85.1245,-0.2471,34,0.8500,0.8571,7,5,1,0,0,5,1,0.8000
4,120.0000,12,15,478.0942,-85.0064,0.1583,32,0.8000,0.2000,5,4,0,0,0,4,0,1.0000
4,120.0000,12,16,968.0185,-88.3381,0.0152,4,0.1000,0.8750,8,6,4,0,0,6,4,0.3333
4,120.0000,12,19,861.9204,-89.2654,-0.1246,4,0.1000,1.0000,8,6,6,34,34,40,40,0.0000
4,120.0000,12,22,870.4898,-88.2413,-0.0487,12,0.3000,1.0000,8,8,8,0,0,8,8,0.0000
4,120.0000,12,23,508.0015,-86.2594,-0.2471,26,0.6500,0.0000,4,4,0,0,0,4,0,1.0000
4,120.0000,13,0,837.5514,-88.6043,0.3187,10,0.2500,1.0000,6,7,5,0,0,7,5,0.2857
4,120.0000,13,2,298.5259,-82.0002,0.1309,32,0.8000,0.4000,5,4,0,0,0,4,0,1.0000
4,120.0000,13,4,804.1510,-87.9835,-0.0829,9,0.2250,0.8571,7,8,7,0,0,8,7,0.1250
4,120.0000,13,6,887.1784,-88.7430,-0.5723,9,0.2250,1.0000,8,8,8,0,0,8,8,0.0000
4,120.0000,13,11,152.5427,-77.0915,1.2886,36,0.9000,0.0000,4,5,1,0,0,5,1,0.8000
4,120.0000,13,12,434.3028,-84.2103,0.7794,31,0.7750,0.0000,4,5,2,0,0,5,2,0.6000
4,120.0000,13,14,1033.2463,-89.4160,0.0514,4,0.1000,1.0000,6,2,2,0,0,2,2,0.0000
4,120.0000,13,15,353.8410,-83.2149,-0.0745,33,0.8250,0.5714,7,4,0,0,0,4,0,1.0000
4,120.0000,13,16,543.0380,-85.3615,-0.3046,29,0.7250,0.5000,6,4,0,0,0,4,0,1.0000
4,120.0000,13,19,651.4232,-87.2358,-0.2599,18,0.4500,0.8571,7,8,7,0,0,8,7,0.1250
4,120.0000,13,22,715.5274,-87.5688,-0.0508,13,0.3250,0.6667,6,8,7,0,0,8,7,0.1250
4,120.0000,13,23,402.8918,-84.4836,0.3146,30,0.7500,0.2000,5,5,2,0,0,5,2,0.6000
4,120.0000,14,0,495.8462,-82.6420,-1.3442,27,0.6750,0.5000,6,6,3,0,0,6,3,0.5000
4,120.0000,14,2,741.6337,-87.7857,-0.1519,14,0.3500,0.7143,7,8,7,0,0,8,7,0.1250
4,120.0000,14,4,350.7855,-82.5143,0.2987,33,0.8250,0.0000,4,4,0,0,0,4,0,1.0000
4,120.0000,14,6,756.5975,-88.1762,-0.4196,13,0.3250,1.0000,8,8,8,0,0,8,8,0.0000
4,120.0000,14,7,975.3322,-88.6328,-0.4712,10,0.2500,1.0000,8,6,6,0,0,6,6,0.0000
4,120.0000,14,8,898.4044,-88.7832,0.8353,4,0.1000,1.0000,8,8,8,0,0,8,8,0.0000
4,120.0000,14,9,817.6167,-88.0063,1.2239,10,0.2500,0.7143,7,8,8,0,0,8,8,0.0000
4,120.0000,14,11,1069.0265,-88.4401,-1.8106,5,0.1250,1.0000,8,8,8,0,0,8,8,0.0000
4,120.0000,14,16,847.5705,-88.8525,-0.0702,12,0.3000,0.8571,7,8,8,0,0,8,8,0.0000
4,120.0000,14,17,722.4253,-86.7347,-0.2765,18,0.4500,0.9167,12,8,8,0,0,8,8,0.0000
4,120.0000,14,18,810.1275,-88.3755,-0.0400,16,0.4000,1.0000,8,7,5,0,0,7,5,0.2857
4,120.0000,14,19,759.3140,-87.9682,-0.0082,18,0.4500,0.6667,6,8,8,0,0,8,8,0.0000
4,120.0000,14,22,748.9185,-87.7109,0.1960,17,0.4250,0.8571,7,8,6,0,0,8,6,0.2500
4,120.0000,14,23,1007.8541,-88.6853,0.1067,5,0.1250,1.0000,8,8,8,0,0,8,8,0.0000
4,120.0000,14,24,752.4008,-87.4764,0.0265,13,0.3250,0.8571,7,8,8,0,0,8,8,0.0000
4,120.0000,14,25,280.6872,-80.4819,-0.0246,33,0.8250,0.0000,4,5,1,0,0,5,1,0.8000
4,120.0000,15,0,820.7592,-88.5649,0.4133,12,0.3000,1.0000,8,8,7,0,0,8,7,0.1250
4,120.0000,15,2,441.4049,-86.0887,-0.1059,31,0.7750,0.0000,4,5,2,0,0,5,2,0.6000
4,120.0000,15,4,924.7498,-89.0559,-1.5696,4,0.1000,1.0000,8,8,8,0,0,8,8,0.0000
4,120.0000,15,6,779.6315,-87.9843,0.0859,16,0.4000,1.0000,8,7,5,0,0,7,5,0.2857
4,120.0000,15,11,395.5512,-83.4666,-0.0655,39,0.9750,0.0000,4,4,0,0,0,4,0,1.0000
4,120.0000,15,12,478.0942,-85.3737,-0.1707,36,0.9000,0.4000,5,4,0,0,0,4,0,1.0000
4,120.0000,15,13,353.8410,-83.3742,0.3885,38,0.9500,0.4000,5,5,1,0,0,5,1,0.8000
4,120.0000,15,16,687.6780,-87.2654,0.0342,21,0.5250,0.8571,7,7,6,0,0,7,6,0.1429
4,120.0000,15,19,459.5227,-85.4862,0.2642,31,0.7750,0.0000,4,6,4,3,2,9,6,0.3333
4,120.0000,15,22,564.6611,-86.8029,0.2066,29,0.7250,0.6667,6,7,5,0,0,7,5,0.2857
4,120.0000,15,23,159.9360,-77.9840,1.8165,37,0.9250,0.2000,5,4,0,0,0,4,0,1.0000
4,120.0000,16,0,930.4340,-88.4545,-0.2948,9,0.2250,1.0000,8,6,6,0,0,6,6,0.0000
4,120.0000,16,2,496.9810,-84.1645,-0.0162,28,0.7000,0.2000,5,7,4,0,0,7,4,0.4286
4,120.0000,16,4,520.8610,-84.9422,-0.1596,24,0.6000,0.5714,7,6,2,0,0,6,2,0.6667
4,120.0000,16,11,680.8143,-87.2928,-0.3086,14,0.3500,1.0000,8,7,6,0,0,7,6,0.1429
4,120.0000,16,12,968.0185,-89.0356,-0.6245,4,0.1000,1.0000,8,8,8,0,0,8,8,0.0000
4,120.0000,16,13,543.0380,-85.2083,-0.0726,25,0.6250,0.7143,7,6,3,0,0,6,3,0.5000
4,120.0000,16,14,847.5705,-88.8537,0.3161,9,0.2250,1.0000,6,8,8,0,0,8,8,0.0000
4,120.0000,16,15,687.6780,-88.0433,0.3009,20,0.5000,0.7143,7,7,5,0,0,7,5,0.2857
4,120.0000,16,19,754.9642,-87.3636,-0.1138,16,0.4000,0.8571,7,7,6,0,0,7,6,0.1429
4,120.0000,16,22,895.6096,-87.7827,-0.5151,11,0.2750,1.0000,8,8,8,0,0,8,8,0.0000
4,120.0000,16,23,747.2813,-87.9207,0.1646,17,0.4250,0.8571,7,8,8,0,0,8,8,0.0000
4,120.0000,17,0,901.3815,-88.2230,0.5155,5,0.1250,1.0000,8,8,8,0,0,8,8,0.0000
4,120.0000,17,3,772.0428,-88.8438,-0.4735,13,0.3250,1.0000,10,7,6,0,0,7,6,0.1429
4,120.0000,17,5,496.2342,-86.4434,0.3322,30,0.7500,0.6667,6,4,0,0,0,4,0,1.0000
4,120.0000,17,7,613.9144,-87.5827,-0.1355,22,0.5500,0.2000,5,7,6,0,0,7,6,0.1429
4,120.0000,17,8,310.2303,-80.4878,-0.0081,39,0.9750,0.0000,4,4,0,0,0,4,0,1.0000
4,120.0000,17,9,919.4240,-88.7904,-0.2129,10,0.2500,1.0000,8,8,8,0,0,8,8,0.0000
4,120.0000,17,14,722.4253,-87.7021,-0.4046,10,0.2500,0.6667,6,8,8,0,0,8,8,0.0000
4,120.0000,17,18,211.3432,-78.3789,0.5004,37,0.9250,0.0000,4,4,0,0,0,4,0,1.0000
4,120.0000,17,20,804.9999,-88.5224,0.5376,6,0.1500,1.0000,8,8,7,0,0,8,7,0.1250
4,120.0000,17,21,435.3053,-82.6553,-0.6777,39,0.9750,0.0000,4,5,1,0,0,5,1,0.8000
4,120.0000,17,24,507.4915,-85.2382,-0.2191,32,0.8000,0.2000,5,5,2,0,0,5,2,0.6000
4,120.0000,17,25,560.9640,-84.5079,-0.4384,24,0.6000,0.0000,4,6,2,0,0,6,2,0.6667
4,120.0000,18,0,872.7084,-88.7004,-0.4729,6,0.1500,0.8571,7,6,6,0,0,6,6,0.0000
4,120.0000,18,1,994.9304,-88.8486,-0.4116,4,0.1000,1.0000,8,7,6,0,0,7,6,0.1429
4,120.0000,18,3,650.2091,-87.2655,0.0819,29,0.7250,0.7143,7,7,4,0,0,7,4,0.4286
4,120.0000,18,5,340.8879,-83.3325,0.0843,40,1.0000,0.7143,7,4,0,0,0,4,0,1.0000
4,120.0000,18,6,949.3015,-88.9307,0.6959,4,0.1000,1.0000,8,8,8,0,0,8,8,0.0000
4,120.0000,18,7,423.8916,-83.9061,-0.3083,37,0.9250,0.7143,7,5,2,0,0,5,2,0.6000
4,120.0000,18,8,455.3163,-84.7835,-0.0382,37,0.9250,0.2000,5,5,2,0,0,5,2,0.6000
4,120.0000,18,9,800.6602,-87.8686,-0.3385,15,0.3750,0.7143,7,7,6,0,0,7,6,0.1429
4,120.0000,18,10,785.6961,-88.3794,0.2121,11,0.2750,0.8750,8,7,6,0,0,7,6,0.1429
4,120.0000,18,14,810.1275,-88.0233,-0.3024,18,0.4500,0.8750,8,8,8,0,0,8,8,0.0000
4,120.0000,18,17,211.3432,-78.7989,0.5361,38,0.9500,0.0000,4,4,0,0,0,4,0,1.0000
4,120.0000,18,20,602.6116,-86.9123,0.4138,29,0.7250,0.8571,7,6,4,0,0,6,4,0.3333
4,120.0000,18,21,555.7342,-85.9402,-0.0629,36,0.9000,0.2000,5,4,0,0,0,4,0,1.0000
4,120.0000,18,24,412.5407,-82.6482,-0.5732,35,0.8750,0.4000,5,6,4,0,0,6,4,0.3333
4,120.0000,18,25,614.6606,-85.8074,-0.6279,28,0.7000,0.6667,6,7,5,11,8,18,13,0.2778
4,120.0000,19,0,483.5044,-84.8167,0.1477,29,0.7073,0.2000,5,4,0,0,0,4,0,1.0000
4,120.0000,19,2,473.5222,-84.3552,0.4601,33,0.8049,0.5000,6,6,3,0,0,6,3,0.5000
4,120.0000,19,4,728.9616,-87.4494,-0.7509,19,0.4634,0.8750,8,8,8,0,0,8,8,0.0000
4,120.0000,19,6,450.1933,-85.5793,0.0550,30,0.7317,0.4000,5,5,1,0,0,5,1,0.8000
4,120.0000,19,9,712.1233,-87.3740,-0.3168,16,0.3902,0.0000,4,7,5,0,0,7,5,0.2857
4,120.0000,19,11,679.7923,-86.3070,-0.9623,21,0.5122,0.5000,6,7,6,0,0,7,6,0.1429
4,120.0000,19,12,861.9204,-88.5916,-0.1515,11,0.2683,1.0000,8,8,8,0,0,8,8,0.0000
4,120.0000,19,13,651.4232,-87.1608,-0.0385,24,0.5854,0.5714,7,7,6,0,0,7,6,0.1429
4,120.0000,19,14,759.3140,-87.4922,0.4480,15,0.3659,0.7143,7,8,8,0,0,8,8,0.0000
4,120.0000,19,15,459.5227,-84.9368,-0.3345,35,0.8537,0.7143,7,4,0,0,0,4,0,1.0000
4,120.0000,19,16,754.9642,-87.2004,-0.2051,21,0.5122,0.8750,8,7,6,0,0,7,6,0.1429
4,120.0000,19,18,1158.2543,-89.2290,0.0882,3,0.0732,1.0000,2,4,4,0,0,4,4,0.0000
4,120.0000,19,22,213.6927,-77.6363,0.3644,39,0.9512,0.0000,4,4,0,0,0,4,0,1.0000
4,120.0000,19,23,360.6584,-80.9501,-0.6874,35,0.8537,0.5000,6,5,2,0,0,5,2,0.6000
4,120.0000,19,24,809.3541,-88.3408,0.2655,10,0.2439,1.0000,8,7,5,0,0,7,5,0.2857
4,120.0000,19,25,911.4517,-89.0318,0.3235,5,0.1220,0.8571,7,8,8,0,0,8,8,0.0000
4,120.0000,20,1,974.9782,-89.4958,-0.0185,7,0.1750,1.0000,8,8,8,0,0,8,8,0.0000
4,120.0000,20,3,564.4157,-86.2634,0.0126,31,0.7750,0.0000,4,6,3,0,0,6,3,0.5000
4,120.0000,20,5,383.4368,-82.9300,0.2710,36,0.9000,0.0000,4,4,0,32,27,36,27,0.2500
4,120.0000,20,7,306.7793,-83.5839,0.7090,34,0.8500,0.7333,15,4,0,0,0,4,0,1.0000
4,120.0000,20,8,941.8691,-88.9720,-0.4835,7,0.1750,0.8750,8,8,8,0,0,8,8,0.0000
4,120.0000,20,9,868.5938,-88.1572,0.4112,6,0.1500,1.0000,8,8,8,0,0,8,8,0.0000
4,120.0000,20,10,403.3443,-83.8954,-0.1751,37,0.9250,0.0000,4,4,0,0,0,4,0,1.0000
4,120.0000,20,17,804.9999,-88.7167,0.0926,7,0.1750,0.8571,7,8,6,0,0,8,6,0.2500
4,120.0000,20,18,602.6116,-87.4753,-0.1038,16,0.4000,0.8750,8,6,3,38,35,44,38,0.1364
4,120.0000,20,21,979.8722,-89.0747,-1.0055,4,0.1000,1.0000,6,8,8,0,0,8,8,0.0000
4,120.0000,20,24,758.2273,-87.6192,-1.1153,10,0.2500,0.9873,79,6,4,8,8,14,12,0.1429
4,120.0000,21,1,783.1938,-87.4329,0.6790,14,0.3500,0.8571,7,8,7,0,0,8,7,0.1250
4,120.0000,21,3,791.2653,-87.8616,-0.5355,17,0.4250,0.7143,7,8,8,0,0,8,8,0.0000
4,120.0000,21,5,639.1707,-86.9454,-0.1555,18,0.4500,0.8571,7,6,4,0,0,6,4,0.3333
4,120.0000,21,7,860.5941,-88.3872,-0.0229,6,0.1500,0.8750,8,8,8,6,6,14,14,0.0000
4,120.0000,21,8,131.9735,-71.7440,-0.3731,38,0.9500,0.0000,4,4,0,0,0,4,0,1.0000
4,120.0000,21,14,1003.9926,-88.9295,-0.8466,3,0.0750,1.0000,14,4,4,0,0,4,4,0.0000
4,120.0000,21,17,435.3053,-83.1799,-0.9848,31,0.7750,0.0000,4,5,1,0,0,5,1,0.8000
4,120.0000,21,18,555.7342,-85.3456,-0.5301,28,0.7000,0.2000,5,5,1,0,0,5,1,0.8000
4,120.0000,21,24,935.4009,-88.7416,-0.4710,7,0.1750,1.0000,8,6,6,0,0,6,6,0.0000
4,120.0000,21,25,825.7631,-87.2184,-0.7400,10,0.2500,1.0000,8,4,4,2,2,6,6,0.0000
4,120.0000,22,0,347.1174,-83.3612,0.4327,34,0.8500,0.2000,5,5,2,0,0,5,2,0.6000
4,120.0000,22,2,513.9012,-85.8080,0.1009,29,0.7250,0.0000,4,5,2,0,0,5,2,0.6000
4,120.0000,22,4,784.2355,-87.9663,-0.3007,14,0.3500,0.8000,5,8,8,0,0,8,8,0.0000
4,120.0000,22,6,242.3029,-78.5095,0.0774,38,0.9500,0.0000,4,5,1,0,0,5,1,0.8000
4,120.0000,22,9,514.5897,-85.6229,0.2224,32,0.8000,0.4000,5,6,3,0,0,6,3,0.5000
4,120.0000,22,11,699.9107,-87.2081,-0.3043,23,0.5750,0.8571,7,8,7,0,0,8,7,0.1250
4,120.0000,22,12,870.4898,-88.2747,-0.0507,11,0.2750,1.0000,8,8,7,0,0,8,7,0.1250
4,120.0000,22,13,715.5274,-87.9826,-0.2796,14,0.3500,0.8750,8,7,6,0,0,7,6,0.1429
4,120.0000,22,14,748.9185,-88.1104,0.0415,19,0.4750,1.0000,8,8,8,0,0,8,8,0.0000
4,120.0000,22,15,564.6611,-86.7635,-0.2123,26,0.6500,0.3333,6,6,4,0,0,6,4,0.3333
4,120.0000,22,16,895.6096,-88.9459,0.2655,8,0.2000,1.0000,8,8,8,0,0,8,8,0.0000
4,120.0000,22,19,213.6927,-77.9123,-0.2171,38,0.9500,0.0000,4,4,0,0,0,4,0,1.0000
4,120.0000,22,23,421.5240,-82.1494,-0.5117,36,0.9000,0.6667,6,7,6,0,0,7,6,0.1429
4,120.0000,22,24,724.3095,-89.0443,0.1259,11,0.2750,0.7500,8,8,7,0,0,8,7,0.1250
4,120.0000,22,25,842.1242,-89.2147,-0.1825,7,0.1750,1.0000,8,7,6,0,0,7,6,0.1429
4,120.0000,23,0,687.7728,-87.3608,0.4026,25,0.6250,0.7143,7,7,6,0,0,7,6,0.1429
4,120.0000,23,2,400.6417,-84.8409,0.6679,35,0.8750,0.5000,6,4,1,0,0,4,1,0.7500
4,120.0000,23,4,888.9777,-87.7010,-0.1323,7,0.1750,1.0000,8,8,8,0,0,8,8,0.0000
4,120.0000,23,6,625.3193,-86.6819,-0.2320,28,0.7000,0.6250,8,8,7,0,0,8,7,0.1250
4,120.0000,23,9,899.3303,-88.8043,0.2973,12,0.3000,1.0000,8,8,8,0,0,8,8,0.0000
4,120.0000,23,11,402.2334,-83.6689,-0.1011,34,0.8500,0.0000,4,4,0,0,0,4,0,1.0000
4,120.0000,23,12,508.0015,-86.2052,0.2891,27,0.6750,0.0000,4,4,0,0,0,4,0,1.0000
4,120.0000,23,13,402.8918,-84.9307,0.3195,34,0.8500,0.6000,5,4,0,0,0,4,0,1.0000
4,120.0000,23,14,1007.8541,-88.7008,-0.4310,5,0.1250,1.0000,8,6,6,0,0,6,6,0.0000
4,120.0000,23,15,159.9360,-78.5523,1.3283,38,0.9500,0.0000,4,4,0,0,0,4,0,1.0000
4,120.0000,23,16,747.2813,-88.0126,-0.7237,23,0.5750,0.8750,8,6,3,0,0,6,3,0.5000
4,120.0000,23,19,360.6584,-81.1524,-1.2788,33,0.8250,0.0000,4,4,0,0,0,4,0,1.0000
4,120.0000,23,22,421.5240,-82.3277,-1.3801,38,0.9500,0.4000,5,5,2,0,0,5,2,0.6000
4,120.0000,24,0,631.6489,-87.0888,0.4953,20,0.5000,0.7143,7,7,5,0,0,7,5,0.2857
4,120.0000,24,3,924.1603,-88.5091,-0.0121,13,0.3250,1.0000,6,6,6,0,0,6,6,0.0000
4,120.0000,24,4,1030.9993,-88.6989,0.2986,3,0.0750,1.0000,6,4,4,0,0,4,4,0.0000
4,120.0000,24,5,654.4066,-86.9887,0.3443,25,0.6250,0.8571,7,7,4,0,0,7,4,0.4286
4,120.0000,24,6,623.2409,-88.0109,-0.0284,17,0.4250,0.7143,7,7,4,0,0,7,4,0.4286
4,120.0000,24,7,562.7024,-86.3293,-0.3732,24,0.6000,0.6667,6,7,5,0,0,7,5,0.2857
4,120.0000,24,8,815.5427,-87.6598,-0.7060,16,0.4000,1.0000,8,6,6,0,0,6,6,0.0000
4,120.0000,24,9,537.9174,-86.4990,0.2916,27,0.6750,0.6667,6,7,6,0,0,7,6,0.1429
4,120.0000,24,10,903.4644,-88.9300,0.9035,6,0.1500,1.0000,8,8,8,0,0,8,8,0.0000
4,120.0000,24,14,752.4008,-87.2405,-0.4291,17,0.4250,1.0000,8,6,5,0,0,6,5,0.1667
4,120.0000,24,17,507.4915,-84.9700,-0.2242,30,0.7500,0.2000,5,7,5,0,0,7,5,0.2857
4,120.0000,24,18,412.5407,-81.9949,-1.0140,34,0.8500,0.0000,4,7,3,0,0,7,3,0.5714
4,120.0000,24,19,809.3541,-88.3533,-0.1304,8,0.2000,0.8750,8,8,7,0,0,8,7,0.1250
4,120.0000,24,20,758.2273,-87.7138,-0.3713,14,0.3500,1.0000,8,6,4,0,0,6,4,0.3333
4,120.0000,24,21,935.4009,-88.2232,-0.2144,9,0.2250,0.8750,8,8,8,0,0,8,8,0.0000
4,120.0000,24,22,724.3095,-87.7922,0.8982,11,0.2750,0.5000,6,8,8,0,0,8,8,0.0000
4,120.0000,24,25,657.5387,-87.0839,-0.2856,20,0.5000,0.9231,13,4,2,0,0,4,2,0.5000
4,120.0000,25,0,529.8492,-86.1423,0.3938,25,0.6250,0.2000,5,7,4,0,0,7,4,0.4286
4,120.0000,25,2,934.6232,-88.7916,-0.8803,4,0.1000,1.0000,8,8,8,0,0,8,8,0.0000
4,120.0000,25,4,619.0947,-86.7602,0.3478,29,0.7250,0.7143,7,6,4,0,0,6,4,0.3333
4,120.0000,25,5,730.8752,-88.3116,0.3005,18,0.4500,1.0000,8,7,6,0,0,7,6,0.1429
4,120.0000,25,6,766.2341,-88.3028,0.3216,9,0.2250,1.0000,8,7,5,0,0,7,5,0.2857
4,120.0000,25,7,733.0561,-87.6646,-0.0194,19,0.4750,0.8571,7,7,6,0,0,7,6,0.1429
4,120.0000,25,8,729.9662,-87.2870,-0.0062,18,0.4500,0.6667,6,8,8,0,0,8,8,0.0000
4,120.0000,25,9,727.0640,-87.5022,0.1915,21,0.5250,0.5714,7,7,6,0,0,7,6,0.1429
4,120.0000,25,14,280.6872,-80.8310,0.1901,38,0.9500,0.0000,4,4,0,0,0,4,0,1.0000
4,120.0000,25,17,560.9640,-86.4444,-0.1731,35,0.8750,0.5000,6,6,3,0,0,6,3,0.5000
4,120.0000,25,18,614.6606,-86.4928,-0.0259,27,0.6750,0.6667,6,8,8,0,0,8,8,0.0000
4,120.0000,25,19,911.4517,-89.5196,-0.2040,4,0.1000,1.0000,6,7,6,0,0,7,6,0.1429
4,120.0000,25,20,1032.8109,-89.3931,0.0308,4,0.1000,1.0000,4,6,6,0,0,6,6,0.0000
4,120.0000,25,21,825.7631,-87.7742,0.2035,17,0.4250,0.7143,7,8,8,0,0,8,8,0.0000
4,120.0000,25,22,842.1242,-88.6565,-0.4914,6,0.1500,1.0000,8,7,5,0,0,7,5,0.2857
4,120.0000,25,24,657.5387,-87.2783,0.5063,23,0.5750,1.0000,8,8,7,0,0,8,7,0.1250
4,124.0000,0,2,617.3940,-86.3119,0.1609,23,0.5750,0.5714,7,7,4,0,0,7,4,0.4286
4,124.0000,0,4,792.4410,-88.0266,-0.5797,11,0.2750,0.8750,8,6,6,0,0,6,6,0.0000
4,124.0000,0,6,183.8074,-78.4854,0.5516,37,0.9250,0.0000,4,4,0,0,0,4,0,1.0000
4,124.0000,0,7,841.7608,-87.9212,-0.5370,5,0.1250,0.7143,7,8,8,0,0,8,8,0.0000
4,124.0000,0,9,399.8259,-83.7940,0.2276,37,0.9250,0.4000,5,5,2,0,0,5,2,0.6000
4,124.0000,0,11,918.9390,-87.9622,0.8280,6,0.1500,1.0000,8,8,8,0,0,8,8,0.0000
4,124.0000,0,13,810.1441,-88.5497,0.0292,12,0.3000,1.0000,8,8,8,0,0,8,8,0.0000
4,124.0000,0,14,689.3043,-86.0223,-1.2076,24,0.6000,0.8571,7,6,4,0,0,6,4,0.3333
4,124.0000,0,15,769.1320,-87.9564,-0.4827,9,0.2250,0.7500,8,6,3,0,0,6,3,0.5000
4,124.0000,0,16,1080.7220,-88.2464,0.7818,3,0.0750,1.0000,8,2,2,0,0,2,2,0.0000
4,124.0000,0,17,934.6020,-89.1587,-0.0867,5,0.1250,1.0000,8,8,8,0,0,8,8,0.0000
4,124.0000,0,18,929.9834,-88.9462,-0.3591,4,0.1000,0.8571,7,6,6,0,0,6,6,0.0000
4,124.0000,0,19,470.3718,-85.0921,-0.6188,30,0.7500,0.6667,6,5,2,0,0,5,2,0.6000
4,124.0000,0,20,1034.3379,-89.5646,0.2262,3,0.0750,1.0000,6,8,8,0,0,8,8,0.0000
4,124.0000,0,22,286.8328,-81.8581,0.8945,32,0.8000,0.5000,6,5,1,0,0,5,1,0.8000
4,124.0000,0,23,750.2977,-88.1329,-0.3947,17,0.4250,0.8750,8,8,7,0,0,8,7,0.1250
4,124.0000,0,24,535.0658,-86.4133,0.3915,24,0.6000,0.5714,7,6,4,0,0,6,4,0.3333
4,124.0000,0,25,537.1462,-85.7181,-0.1728,24,0.6000,0.0000,4,6,4,0,0,6,4,0.3333
4,124.0000,1,3,492.9242,-86.4312,0.2998,30,0.7500,0.6667,6,5,2,0,0,5,2,0.6000
4,124.0000,1,5,892.6504,-88.8349,0.0003,5,0.1250,1.0000,6,8,7,0,0,8,7,0.1250
4,124.0000,1,8,921.2294,-88.3013,-0.1225,6,0.1500,1.0000,8,8,8,0,0,8,8,0.0000
4,124.0000,1,10,991.5993,-88.2910,0.1589,5,0.1250,1.0000,8,8,8,0,0,8,8,0.0000
4,124.0000,1,17,945.7340,-88.6087,-0.2355,5,0.1250,1.0000,8,8,8,0,0,8,8,0.0000
4,124.0000,1,18,895.7876,-88.2429,-0.3379,7,0.1750,1.0000,8,8,8,0,0,8,8,0.0000
4,124.0000,1,20,959.6809,-88.7970,-0.1524,6,0.1500,1.0000,8,8,8,0,0,8,8,0.0000
4,124.0000,1,21,690.7091,-87.8910,0.3027,9,0.2250,0.8571,7,5,1,0,0,5,1,0.8000
4,124.0000,2,0,617.3940,-86.4355,-0.2188,21,0.5250,0.2000,5,7,6,0,0,7,6,0.1429
4,124.0000,2,4,639.2918,-86.0341,0.0901,24,0.6000,0.6250,8,9,7,0,0,9,7,0.2222
4,124.0000,2,6,701.5090,-87.8333,-0.0859,15,0.3750,0.7143,7,8,8,0,0,8,8,0.0000
4,124.0000,2,9,952.0569,-88.3219,0.3543,3,0.0750,1.0000,8,8,8,0,0,8,8,0.0000
4,124.0000,2,11,359.0538,-81.9691,-0.0304,37,0.9250,0.2000,5,4,0,0,0,4,0,1.0000
4,124.0000,2,12,556.0713,-86.3919,0.4411,23,0.5750,0.5714,7,4,0,0,0,4,0,1.0000
4,124.0000,2,13,217.9150,-79.1829,0.4748,37,0.9250,0.0000,4,4,0,0,0,4,0,1.0000
4,124.0000,2,14,851.7849,-88.4004,-0.4314,11,0.2750,0.8571,7,7,6,0,0,7,6,0.1429
4,124.0000,2,15,364.0573,-83.3499,0.0281,32,0.8000,0.0000,4,5,1,0,0,5,1,0.8000
4,124.0000,2,16,593.6228,-85.6731,-0.0164,26,0.6500,0.8750,8,6,4,0,0,6,4,0.3333
4,124.0000,2,19,501.7115,-84.6377,0.3350,26,0.6500,0.4000,5,7,5,0,0,7,5,0.2857
4,124.0000,2,22,543.2207,-85.5913,-0.2343,30,0.7500,0.5000,6,7,6,0,0,7,6,0.1429
4,124.0000,2,23,320.2022,-82.7723,0.3155,36,0.9000,0.6667,6,4,0,0,0,4,0,1.0000
4,124.0000,2,25,904.7014,-89.1580,-0.3390,3,0.0750,0.8571,7,8,8,0,0,8,8,0.0000
4,124.0000,3,1,492.9242,-86.6784,0.0110,28,0.7000,0.2000,5,5,2,0,0,5,2,0.6000
4,124.0000,3,5,756.1054,-86.9044,-0.6747,17,0.4250,0.5000,6,8,8,0,0,8,8,0.0000
4,124.0000,3,7,799.2651,-87.3625,-0.0674,11,0.2750,1.0000,8,8,8,0,0,8,8,0.0000
4,124.0000,3,8,983.2828,-87.9418,0.6315,7,0.1750,1.0000,8,8,8,0,0,8,8,0.0000
4,124.0000,3,10,520.7391,-85.1750,-0.4345,33,0.8250,0.5000,8,7,5,0,0,7,5,0.2857
4,124.0000,3,17,784.3828,-87.7224,-0.4714,8,0.2000,0.8750,8,5,2,0,0,5,2,0.6000
4,124.0000,3,18,668.2485,-87.0580,-0.3712,22,0.5500,0.7143,7,7,6,0,0,7,6,0.1429
4,124.0000,3,20,639.7329,-86.1938,-0.0364,21,0.5250,0.7143,7,8,8,0,0,8,8,0.0000
4,124.0000,3,21,844.7537,-88.1801,-0.0919,10,0.2500,0.8571,7,8,8,0,0,8,8,0.0000
4,124.0000,4,0,792.4410,-87.2820,-0.3762,18,0.4500,0.6000,5,8,8,0,0,8,8,0.0000
4,124.0000,4,2,639.2918,-87.1901,0.1543,21,0.5250,0.5000,6,7,5,4,4,11,9,0.1818
4,124.0000,4,6,952.1588,-89.0642,-0.2626,9,0.2250,0.8571,7,6,6,0,0,6,6,0.0000
4,124.0000,4,11,932.3169,-88.8503,-0.0496,6,0.1500,1.0000,6,8,8,0,0,8,8,0.0000
4,124.0000,4,13,805.8319,-87.7118,0.8507,14,0.3500,0.8571,7,8,8,0,0,8,8,0.0000
4,124.0000,4,14,384.4276,-82.4141,-0.5432,38,0.9500,0.3333,6,4,0,0,0,4,0,1.0000
4,124.0000,4,15,915.5587,-89.1284,-0.0020,7,0.1750,1.0000,8,8,8,0,0,8,8,0.0000
4,124.0000,4,16,539.2413,-85.9387,-0.1762,33,0.8250,0.8571,7,7,4,0,0,7,4,0.4286
4,124.0000,4,19,825.5654,-88.1804,-0.4563,20,0.5000,0.6667,6,8,8,2,2,10,10,0.0000
4,124.0000,4,22,853.2374,-87.6577,-0.3830,15,0.3750,1.0000,8,8,8,0,0,8,8,0.0000
4,124.0000,4,23,900.5901,-88.8208,0.0768,11,0.2750,1.0000,8,8,8,0,0,8,8,0.0000
4,124.0000,4,25,624.5489,-86.9901,0.0379,22,0.5500,0.6250,8,6,4,0,0,6,4,0.3333
4,124.0000,5,0,947.1477,-89.2438,0.1698,4,0.1000,,0,8,8,0,0,8,8,0.0000
4,124.0000,5,3,756.1054,-86.8712,-0.1810,22,0.5500,0.5000,6,8,7,0,0,8,7,0.1250
4,124.0000,5,6,984.3383,-88.3928,-0.4134,5,0.1250,1.0000,6,7,6,0,0,7,6,0.1429
4,124.0000,5,7,372.7461,-81.4664,-1.2748,36,0.9000,0.4000,5,6,2,0,0,6,2,0.6667
4,124.0000,5,8,608.2778,-87.1668,-0.3302,19,0.4750,0.8750,8,8,6,2,2,10,8,0.2000
4,124.0000,5,9,899.6717,-88.7452,0.5949,8,0.2000,1.0000,8,8,8,0,0,8,8,0.0000
4,124.0000,5,10,813.0061,-87.4084,-0.7630,13,0.3250,0.8750,8,8,8,0,0,8,8,0.0000
4,124.0000,5,14,965.1109,-88.6296,-0.0816,6,0.1500,1.0000,4,2,2,0,0,2,2,0.0000
4,124.0000,5,17,383.3052,-84.8607,0.5076,31,0.7750,0.0000,4,4,0,0,0,4,0,1.0000
4,124.0000,5,18,289.5212,-80.5342,0.3351,34,0.8500,0.0000,5,4,0,0,0,4,0,1.0000
4,124.0000,5,20,426.6998,-83.3786,-1.0528,35,0.8750,0.2000,5,6,2,0,0,6,2,0.6667
4,124.0000,5,21,622.9548,-87.1403,0.1437,23,0.5750,0.5000,6,7,4,0,0,7,4,0.4286
4,124.0000,5,24,721.6071,-87.6365,-0.7403,17,0.4250,1.0000,8,7,6,0,0,7,6,0.1429
4,124.0000,5,25,714.6458,-88.0684,0.5394,12,0.3000,0.9167,24,6,4,46,46,52,50,0.0385
4,124.0000,6,0,183.8074,-78.1570,1.4330,38,0.9268,0.0000,4,4,0,0,0,4,0,1.0000
4,124.0000,6,2,701.5090,-86.7710,-0.2574,22,0.5366,0.5714,7,8,7,0,0,8,7,0.1250
4,124.0000,6,5,984.3383,-89.1018,-0.2170,4,0.0976,1.0000,6,8,8,0,0,8,8,0.0000
4,124.0000,6,7,817.2128,-89.0337,-0.1920,6,0.1463,1.0000,8,7,5,0,0,7,5,0.2857
4,124.0000,6,9,275.0292,-80.4602,-0.0996,39,0.9512,0.0870,46,4,0,28,7,32,7,0.7812
4,124.0000,6,11,973.6744,-88.0378,-1.2871,8,0.1951,1.0000,8,4,4,0,0,4,4,0.0000
4,124.0000,6,12,1028.9058,-89.3357,0.1708,6,0.1463,1.0000,6,8,8,0,0,8,8,0.0000
4,124.0000,6,13,870.6562,-88.5569,0.0887,11,0.2683,1.0000,8,8,8,0,0,8,8,0.0000
4,124.0000,6,14,850.7195,-88.2116,-0.2433,13,0.3171,0.8333,6,8,8,0,0,8,8,0.0000
4,124.0000,6,15,770.4725,-88.3406,-0.1904,9,0.2195,0.6667,6,8,8,0,0,8,8,0.0000
4,124.0000,6,17,966.0819,-88.6693,0.3895,4,0.0976,1.0000,2,2,2,0,0,2,2,0.0000
4,124.0000,6,18,937.7264,-89.0109,-0.0130,6,0.1463,1.0000,8,8,8,0,0,8,8,0.0000
4,124.0000,6,19,445.8457,-84.8180,-0.2534,33,0.8049,0.4000,5,5,2,0,0,5,2,0.6000
4,124.0000,6,22,239.6951,-79.3414,-0.0360,39,0.9512,0.0000,4,4,0,0,0,4,0,1.0000
4,124.0000,6,23,758.8790,-87.6416,-0.0506,20,0.4878,1.0000,8,7,6,0,0,7,6,0.1429
4,124.0000,6,24,485.0107,-85.5313,0.6175,22,0.5366,0.7500,8,7,5,33,25,40,30,0.2500
4,124.0000,6,25,690.1140,-87.5230,-0.1792,16,0.3902,0.7143,7,8,5,0,0,8,5,0.3750
4,124.0000,7,0,841.7608,-88.2818,-0.5060,14,0.3500,1.0000,8,8,8,0,0,8,8,0.0000
4,124.0000,7,3,799.2651,-87.6798,-0.2571,19,0.4750,0.7143,7,8,8,0,0,8,8,0.0000
4,124.0000,7,5,372.7461,-80.6263,-1.2066,33,0.8250,0.2000,5,5,2,0,0,5,2,0.6000
4,124.0000,7,6,817.2128,-88.1849,0.0203,8,0.2000,1.0000,8,8,7,0,0,8,7,0.1250
4,124.0000,7,8,948.3741,-88.2457,0.1266,10,0.2500,0.7143,7,8,8,0,0,8,8,0.0000
4,124.0000,7,9,645.4956,-86.6696,-0.6461,21,0.5250,0.6667,6,8,7,0,0,8,7,0.1250
4,124.0000,7,10,605.7161,-87.4951,0.1009,24,0.6000,0.7500,8,4,0,0,0,4,0,1.0000
4,124.0000,7,17,600.2428,-86.4888,-0.1453,25,0.6250,0.8571,7,7,6,0,0,7,6,0.1429
4,124.0000,7,18,437.4078,-83.8861,-0.0012,31,0.7750,0.2000,5,4,0,0,0,4,0,1.0000
4,124.0000,7,20,197.9556,-79.5736,1.0726,38,0.9500,0.2000,5,4,0,0,0,4,0,1.0000
4,124.0000,7,21,971.7594,-87.6558,-0.4646,4,0.1000,1.0000,8,8,8,0,0,8,8,0.0000
4,124.0000,7,24,626.8150,-86.0262,-0.0235,24,0.6000,0.6667,6,8,7,0,0,8,7,0.1250
4,124.0000,7,25,840.3141,-87.1418,-0.3299,10,0.2500,0.8571,7,7,6,0,0,7,6,0.1429
4,124.0000,8,1,921.2294,-88.8513,-0.3354,10,0.2500,1.0000,8,8,8,0,0,8,8,0.0000
4,124.0000,8,3,983.2828,-88.4229,-0.0832,15,0.3750,0.8571,7,6,6,0,0,6,6,0.0000
4,124.0000,8,5,608.2778,-86.6107,-0.1114,26,0.6500,0.7143,7,6,4,0,0,6,4,0.3333
4,124.0000,8,7,948.3741,-88.1531,-0.3840,10,0.2500,1.0000,8,6,6,0,0,6,6,0.0000
4,124.0000,8,14,877.2857,-88.5555,0.0997,8,0.2000,1.0000,8,8,8,0,0,8,8,0.0000
4,124.0000,8,17,428.7338,-82.5044,-0.8454,34,0.8500,0.4000,5,5,1,0,0,5,1,0.8000
4,124.0000,8,18,574.4090,-85.3627,-0.6905,34,0.8500,0.5000,6,4,2,0,0,4,2,0.5000
4,124.0000,8,20,989.1520,-89.1765,0.1029,9,0.2250,1.0000,8,6,6,0,0,6,6,0.0000
4,124.0000,8,21,252.3191,-75.9145,-1.5747,39,0.9750,0.0000,4,5,1,0,0,5,1,0.8000
4,124.0000,8,24,953.3665,-89.0537,-0.3940,10,0.2500,1.0000,8,8,8,0,0,8,8,0.0000
4,124.0000,8,25,798.7401,-87.7727,-0.9029,13,0.3250,0.8750,8,7,6,0,0,7,6,0.1429
4,124.0000,9,0,399.8259,-83.2525,-1.2364,25,0.6250,0.2000,5,4,0,0,0,4,0,1.0000
4,124.0000,9,5,899.6717,-88.4049,0.0672,7,0.1750,1.0000,8,8,8,0,0,8,8,0.0000
4,124.0000,9,6,275.0292,-79.4615,-0.4772,33,0.8250,0.0000,4,4,0,0,0,4,0,1.0000
4,124.0000,9,7,645.4956,-87.6824,-0.3892,17,0.4250,0.8571,7,4,0,0,0,4,0,1.0000
4,124.0000,9,14,1031.4058,-89.1453,0.2550,4,0.1000,1.0000,2,4,4,0,0,4,4,0.0000
4,124.0000,9,18,879.4924,-88.3001,0.1533,13,0.3250,1.0000,8,5,4,0,0,5,4,0.2000
4,124.0000,9,19,703.2931,-88.0693,0.1547,14,0.3500,0.7143,7,5,4,0,0,5,4,0.2000
4,124.0000,9,20,813.5354,-87.8706,-0.0750,6,0.1500,1.0000,8,6,3,0,0,6,3,0.5000
4,124.0000,9,22,503.4003,-85.7309,-0.1457,22,0.5500,0.4000,5,5,2,0,0,5,2,0.6000
4,124.0000,9,23,999.9492,-89.4501,-0.0604,3,0.0750,1.0000,8,2,2,0,0,2,2,0.0000
4,124.0000,9,24,524.1449,-85.0108,1.0053,22,0.5500,0.7143,7,7,5,0,0,7,5,0.2857
4,124.0000,9,25,809.6696,-88.1628,0.6982,9,0.2250,0.8000,5,8,7,35,34,43,41,0.0465
4,124.0000,10,1,991.5993,-89.0440,-0.1432,6,0.1500,1.0000,8,8,8,0,0,8,8,0.0000
4,124.0000,10,3,520.7391,-84.7139,0.0515,33,0.8250,0.8049,82,5,1,79,72,84,73,0.1310
4,124.0000,10,5,813.0061,-87.7585,-0.4608,8,0.2000,0.7500,8,8,8,0,0,8,8,0.0000
4,124.0000,10,7,605.7161,-87.0468,0.0531,16,0.4000,0.6667,6,6,3,0,0,6,3,0.5000
4,124.0000,10,18,719.5068,-87.8764,-1.2549,7,0.1750,0.6667,6,8,7,35,33,43,40,0.0698
4,124.0000,10,20,454.9595,-83.6576,0.0244,34,0.8500,0.2000,5,5,1,34,21,39,22,0.4359
4,124.0000,10,24,932.7783,-88.9609,0.2166,4,0.1000,1.0000,8,8,7,0,0,8,7,0.1250
4,124.0000,11,0,918.9390,-88.4817,-0.5919,10,0.2500,1.0000,8,8,8,0,0,8,8,0.0000
4,124.0000,11,2,359.0538,-83.4227,-0.1115,33,0.8250,0.0000,4,5,2,0,0,5,2,0.6000
4,124.0000,11,4,932.3169,-88.7835,0.8960,5,0.1250,1.0000,8,8,8,0,0,8,8,0.0000
4,124.0000,11,6,973.6744,-89.1515,-0.3472,8,0.2000,1.0000,8,8,8,0,0,8,8,0.0000
4,124.0000,11,12,269.0966,-81.6350,1.0638,39,0.9750,0.0909,22,4,0,2,0,6,0,1.0000
4,124.0000,11,13,161.8185,-73.8584,-0.0017,37,0.9250,0.0000,4,4,0,0,0,4,0,1.0000
4,124.0000,11,15,442.5823,-83.4890,0.3276,35,0.8750,0.0000,6,5,1,0,0,5,1,0.8000
4,124.0000,11,16,716.9742,-87.2496,0.0210,19,0.4750,0.5000,6,8,8,76,76,84,84,0.0000
4,124.0000,11,19,778.2879,-88.1346,-0.5462,16,0.4000,0.9592,49,7,6,0,0,7,6,0.1429
4,124.0000,11,22,826.7795,-88.1251,-0.8499,16,0.4000,1.0000,10,8,8,0,0,8,8,0.0000
4,124.0000,11,23,388.0740,-83.1362,0.2481,31,0.7750,0.2000,5,4,0,0,0,4,0,1.0000
4,124.0000,12,2,556.0713,-86.8323,0.4234,24,0.6000,0.5000,6,4,0,0,0,4,0,1.0000
4,124.0000,12,6,1028.9058,-89.5870,0.2345,3,0.0750,1.0000,8,8,8,0,0,8,8,0.0000
4,124.0000,12,11,269.0966,-81.6431,0.2538,37,0.9250,0.2000,5,4,0,0,0,4,0,1.0000
4,124.0000,12,13,376.1225,-82.9914,0.3587,35,0.8750,0.2000,5,6,2,0,0,6,2,0.6667
4,124.0000,12,15,482.2284,-85.4151,-0.2797,31,0.7750,0.0000,4,5,1,0,0,5,1,0.8000
4,124.0000,12,16,954.7378,-88.8568,0.3264,6,0.1500,0.6667,6,8,8,0,0,8,8,0.0000
4,124.0000,12,19,847.1679,-88.7247,0.4163,9,0.2250,1.0000,40,8,8,4,4,12,12,0.0000
4,124.0000,12,22,890.5117,-88.8895,-0.3431,6,0.1500,1.0000,8,8,8,0,0,8,8,0.0000
4,124.0000,12,23,437.3946,-84.3766,-0.1290,31,0.7750,0.0000,4,5,1,0,0,5,1,0.8000
4,124.0000,13,0,810.1441,-88.5538,-0.0067,10,0.2500,0.7143,7,8,8,0,0,8,8,0.0000
4,124.0000,13,2,217.9150,-79.2151,0.6759,39,0.9750,0.0000,4,4,0,0,0,4,0,1.0000
4,124.0000,13,4,805.8319,-87.7234,-0.1197,14,0.3500,0.8750,8,8,7,0,0,8,7,0.1250
4,124.0000,13,6,870.6562,-88.5181,-0.1308,14,0.3500,1.0000,8,8,8,0,0,8,8,0.0000
4,124.0000,13,11,161.8185,-73.8295,-0.2554,38,0.9500,0.2000,5,4,0,0,0,4,0,1.0000
4,124.0000,13,12,376.1225,-83.3929,0.4826,35,0.8750,0.4000,5,5,1,0,0,5,1,0.8000
4,124.0000,13,15,332.2314,-82.4718,-0.1133,37,0.9250,0.0000,4,4,0,0,0,4,0,1.0000
4,124.0000,13,16,614.3232,-86.8618,-0.1273,28,0.7000,0.0000,4,6,4,0,0,6,4,0.3333
4,124.0000,13,19,639.6868,-87.5585,0.3841,18,0.4500,0.8750,8,8,8,0,0,8,8,0.0000
4,124.0000,13,22,704.6268,-87.9350,0.1270,18,0.4500,0.8750,8,8,8,0,0,8,8,0.0000
4,124.0000,13,23,279.7548,-81.6723,1.2789,35,0.8750,0.4000,5,5,1,0,0,5,1,0.8000
4,124.0000,14,0,689.3043,-86.1969,-0.3258,13,0.3250,0.5000,6,8,7,0,0,8,7,0.1250
4,124.0000,14,2,851.7849,-88.7635,-0.1558,6,0.1500,0.8750,8,8,8,0,0,8,8,0.0000
4,124.0000,14,4,384.4276,-82.8633,-0.5531,32,0.8000,0.0000,4,4,0,0,0,4,0,1.0000
4,124.0000,14,6,850.7195,-87.4690,-0.1319,3,0.0750,1.0000,8,8,8,0,0,8,8,0.0000
4,124.0000,14,8,877.2857,-88.8745,-0.0400,6,0.1500,1.0000,8,8,8,0,0,8,8,0.0000
4,124.0000,14,16,909.7029,-88.6408,-0.7057,4,0.1000,1.0000,8,8,8,0,0,8,8,0.0000
4,124.0000,14,17,857.1238,-87.9763,-0.4551,10,0.2500,1.0000,8,8,8,0,0,8,8,0.0000
4,124.0000,14,18,970.2613,-87.3281,-1.1422,3,0.0750,0.7143,7,2,2,0,0,2,2,0.0000
4,124.0000,14,19,871.2861,-88.8130,-0.4508,9,0.2250,1.0000,8,8,8,0,0,8,8,0.0000
4,124.0000,14,22,833.7280,-87.4871,-0.4317,6,0.1500,0.7500,8,8,8,0,0,8,8,0.0000
4,124.0000,14,24,841.3910,-88.4847,-0.0241,6,0.1500,1.0000,8,8,8,0,0,8,8,0.0000
4,124.0000,14,25,295.5357,-80.2576,-0.1798,30,0.7500,0.2000,5,6,3,0,0,6,3,0.5000
4,124.0000,15,0,769.1320,-88.0702,-0.0047,18,0.4500,0.8750,8,8,7,0,0,8,7,0.1250
4,124.0000,15,2,364.0573,-83.7818,0.7669,38,0.9500,0.4000,5,4,0,0,0,4,0,1.0000
4,124.0000,15,4,915.5587,-88.8156,0.4826,6,0.1500,1.0000,8,6,6,0,0,6,6,0.0000
4,124.0000,15,6,770.4725,-88.0830,0.2616,12,0.3000,0.7143,7,7,4,0,0,7,4,0.4286
4,124.0000,15,9,1013.6924,-89.5070,0.0038,5,0.1250,1.0000,8,8,7,0,0,8,7,0.1250
4,124.0000,15,11,442.5823,-83.7624,-0.0107,37,0.9250,0.0000,4,5,1,0,0,5,1,0.8000
4,124.0000,15,12,482.2284,-85.0073,0.0571,34,0.8500,0.0000,4,5,2,0,0,5,2,0.6000
4,124.0000,15,13,332.2314,-82.0709,0.0988,38,0.9500,0.2000,5,5,1,0,0,5,1,0.8000
4,124.0000,15,16,742.2244,-87.7740,-0.3990,27,0.6750,0.8571,7,7,5,0,0,7,5,0.2857
4,124.0000,15,19,428.0480,-84.6121,-0.0868,33,0.8250,0.6667,9,5,1,0,0,5,1,0.8000
4,124.0000,15,22,556.9629,-86.5876,-0.0439,27,0.6750,0.7143,7,6,2,0,0,6,2,0.6667
4,124.0000,15,23,62.5055,-70.1555,2.9058,38,0.9500,0.0000,4,4,0,0,0,4,0,1.0000
4,124.0000,15,25,1152.8847,-89.4586,-0.1611,3,0.0750,1.0000,4,2,2,0,0,2,2,0.0000
4,124.0000,16,2,593.6228,-85.9015,0.0670,25,0.6250,0.5714,7,6,4,0,0,6,4,0.3333
4,124.0000,16,4,539.2413,-86.4154,0.5067,23,0.5750,0.3333,6,5,2,8,6,13,8,0.3846
4,124.0000,16,11,716.9742,-87.2171,0.4062,17,0.4250,0.8571,7,7,6,0,0,7,6,0.1429
4,124.0000,16,12,954.7378,-88.2062,-0.1274,3,0.0750,1.0000,8,6,6,0,0,6,6,0.0000
4,124.0000,16,13,614.3232,-86.6226,-0.8001,23,0.5750,0.5000,6,6,3,0,0,6,3,0.5000
4,124.0000,16,14,909.7029,-88.6407,-0.0925,7,0.1750,1.0000,8,7,6,0,0,7,6,0.1429
4,124.0000,16,15,742.2244,-87.7574,-0.5008,18,0.4500,0.7143,7,7,6,0,0,7,6,0.1429
4,124.0000,16,19,893.2090,-88.1570,-0.2013,11,0.2750,0.8571,7,8,8,0,0,8,8,0.0000
4,124.0000,16,22,1010.7844,-89.1621,-0.0142,3,0.0750,1.0000,8,4,4,0,0,4,4,0.0000
4,124.0000,16,23,736.3852,-87.5992,0.1517,10,0.2500,1.0000,8,7,6,3,2,10,8,0.2000
4,124.0000,17,0,934.6020,-89.3542,-0.0913,5,0.1250,1.0000,8,6,6,0,0,6,6,0.0000
4,124.0000,17,1,945.7340,-88.7418,0.1225,5,0.1250,1.0000,8,8,8,0,0,8,8,0.0000
4,124.0000,17,3,784.3828,-87.5306,-0.8050,10,0.2500,0.8571,7,7,6,0,0,7,6,0.1429
4,124.0000,17,5,383.3052,-84.5330,0.4321,30,0.7500,0.0000,4,5,1,0,0,5,1,0.8000
4,124.0000,17,7,600.2428,-86.6348,0.4374,16,0.4000,0.8571,7,7,5,0,0,7,5,0.2857
4,124.0000,17,8,428.7338,-82.4801,-1.6563,35,0.8750,0.0000,4,5,1,0,0,5,1,0.8000
4,124.0000,17,10,890.8518,-88.3479,0.3164,8,0.2000,1.0000,6,8,8,0,0,8,8,0.0000
4,124.0000,17,14,857.1238,-88.2834,-0.4589,10,0.2500,1.0000,8,8,8,0,0,8,8,0.0000
4,124.0000,17,18,185.7212,-77.0246,0.1721,35,0.8750,0.0000,4,4,0,0,0,4,0,1.0000
4,124.0000,17,20,657.5643,-88.0196,-0.2752,9,0.2250,0.8750,8,6,3,0,0,6,3,0.5000
4,124.0000,17,21,533.9182,-85.0927,-0.3440,33,0.8250,0.2000,5,6,3,0,0,6,3,0.5000
4,124.0000,17,24,568.9637,-86.4952,0.6181,20,0.5000,0.4000,5,7,5,0,0,7,5,0.2857
4,124.0000,17,25,689.9146,-87.2958,-0.3721,15,0.3750,0.3333,6,8,8,0,0,8,8,0.0000
4,124.0000,18,1,895.7876,-88.9576,0.1879,7,0.1750,0.8571,7,8,7,0,0,8,7,0.1250
4,124.0000,18,3,668.2485,-87.1605,0.1414,18,0.4500,0.5714,7,7,5,0,0,7,5,0.2857
4,124.0000,18,5,289.5212,-81.3239,0.4958,33,0.8250,0.0000,4,4,0,0,0,4,0,1.0000
4,124.0000,18,6,937.7264,-88.9052,-0.0699,6,0.1500,1.0000,8,3,2,0,0,3,2,0.3333
4,124.0000,18,7,437.4078,-84.5829,0.2411,27,0.6750,0.4000,5,4,0,0,0,4,0,1.0000
4,124.0000,18,8,574.4090,-85.9408,-0.1972,24,0.6000,0.4000,5,6,3,28,18,34,21,0.3824
4,124.0000,18,9,879.4924,-88.8057,-0.2264,10,0.2500,0.8571,7,8,8,0,0,8,8,0.0000
4,124.0000,18,10,719.5068,-87.9998,-0.2475,12,0.3000,0.8571,7,6,3,0,0,6,3,0.5000
4,124.0000,18,14,970.2613,-88.2451,-0.6684,7,0.1750,1.0000,8,2,2,0,0,2,2,0.0000
4,124.0000,18,17,185.7212,-76.7940,0.3633,37,0.9250,0.0000,4,4,0,0,0,4,0,1.0000
4,124.0000,18,20,475.2432,-85.4251,0.7935,23,0.5750,0.6667,6,4,0,0,0,4,0,1.0000
4,124.0000,18,21,621.3260,-86.4532,0.1525,25,0.6250,0.0000,4,5,2,0,0,5,2,0.6000
4,124.0000,18,24,552.8301,-85.2041,-0.1233,25,0.6250,0.6667,6,6,4,0,0,6,4,0.3333
4,124.0000,18,25,759.7070,-86.6638,-0.2780,22,0.5500,0.7222,18,8,8,0,0,8,8,0.0000
4,124.0000,19,0,470.3718,-85.0644,-0.4427,19,0.4872,0.0000,4,5,1,0,0,5,1,0.8000
4,124.0000,19,2,501.7115,-84.8263,0.0068,25,0.6410,0.5000,6,6,2,0,0,6,2,0.6667
4,124.0000,19,4,825.5654,-87.5581,-0.2003,12,0.3077,1.0000,8,7,6,0,0,7,6,0.1429
4,124.0000,19,6,445.8457,-84.0664,0.6656,21,0.5385,0.2000,5,5,2,0,0,5,2,0.6000
4,124.0000,19,9,703.2931,-87.9848,-0.4266,11,0.2821,0.7143,7,7,5,0,0,7,5,0.2857
4,124.0000,19,11,778.2879,-87.9732,-0.2826,14,0.3590,0.8571,7,8,8,0,0,8,8,0.0000
4,124.0000,19,12,847.1679,-88.3872,-0.4573,6,0.1538,1.0000,8,8,8,0,0,8,8,0.0000
4,124.0000,19,13,639.6868,-86.5126,-0.5078,19,0.4872,0.8571,7,6,2,0,0,6,2,0.6667
4,124.0000,19,14,871.2861,-87.5497,-0.2327,7,0.1795,1.0000,8,7,5,0,0,7,5,0.2857
4,124.0000,19,15,428.0480,-85.0415,-0.4687,20,0.5128,0.0000,4,4,0,0,0,4,0,1.0000
4,124.0000,19,16,893.2090,-88.7027,-0.1352,12,0.3077,0.8571,7,8,8,0,0,8,8,0.0000
4,124.0000,19,22,208.1671,-77.3166,-0.2970,34,0.8718,0.0000,4,4,0,0,0,4,0,1.0000
4,124.0000,19,23,446.3020,-83.8235,-0.2219,25,0.6410,0.4000,5,5,1,0,0,5,1,0.8000
4,124.0000,19,24,676.8039,-88.1140,0.3961,10,0.2564,0.7143,7,7,6,0,0,7,6,0.1429
4,124.0000,19,25,859.3786,-88.7112,-0.1483,6,0.1538,1.0000,8,6,6,0,0,6,6,0.0000
4,124.0000,20,0,1034.3379,-89.2834,0.2543,3,0.0750,1.0000,4,6,6,0,0,6,6,0.0000
4,124.0000,20,1,959.6809,-89.3511,-0.1562,4,0.1000,1.0000,8,8,7,0,0,8,7,0.1250
4,124.0000,20,3,639.7329,-86.4558,0.2055,29,0.7250,0.5000,6,8,8,0,0,8,8,0.0000
4,124.0000,20,5,426.6998,-83.8664,-0.0866,33,0.8250,0.7500,36,6,3,70,57,76,60,0.2105
4,124.0000,20,6,998.8153,-89.6581,0.1883,3,0.0750,,0,8,8,0,0,8,8,0.0000
4,124.0000,20,7,197.9556,-79.5239,1.2885,37,0.9250,0.0000,4,4,0,0,0,4,0,1.0000
4,124.0000,20,8,989.1520,-88.4593,0.8019,3,0.0750,1.0000,8,8,8,0,0,8,8,0.0000
4,124.0000,20,9,813.5354,-87.8804,-0.2252,17,0.4250,1.0000,8,7,4,0,0,7,4,0.4286
4,124.0000,20,10,454.9595,-84.2279,-0.4043,37,0.9250,0.0000,4,4,0,0,0,4,0,1.0000
4,124.0000,20,17,657.5643,-88.0747,0.0885,18,0.4500,0.7500,8,6,3,0,0,6,3,0.5000
4,124.0000,20,18,475.2432,-86.7011,0.3096,30,0.7500,0.8636,44,7,4,17,6,24,10,0.5833
4,124.0000,20,21,964.2908,-89.1451,0.5617,3,0.0750,1.0000,8,8,8,0,0,8,8,0.0000
4,124.0000,20,24,763.4685,-87.9986,0.1144,23,0.5750,0.8571,14,8,7,0,0,8,7,0.1250
4,124.0000,20,25,1014.3547,-88.5696,0.3619,5,0.1250,1.0000,8,8,8,0,0,8,8,0.0000
4,124.0000,21,1,690.7091,-87.5377,0.3478,24,0.6000,0.8750,8,4,0,0,0,4,0,1.0000
4,124.0000,21,3,844.7537,-88.8891,0.1063,8,0.2000,1.0000,8,8,8,0,0,8,8,0.0000
4,124.0000,21,5,622.9548,-87.1635,0.1426,28,0.7000,0.6667,6,6,3,0,0,6,3,0.5000
4,124.0000,21,7,971.7594,-87.8802,-1.1743,8,0.2000,1.0000,14,8,8,0,0,8,8,0.0000
4,124.0000,21,8,252.3191,-76.2755,-1.3567,40,1.0000,0.0000,4,4,0,0,0,4,0,1.0000
4,124.0000,21,17,533.9182,-85.2350,-0.4113,33,0.8250,0.2000,5,7,5,0,0,7,5,0.2857
4,124.0000,21,18,621.3260,-86.4953,0.0535,25,0.6250,0.2000,5,6,2,0,0,6,2,0.6667
4,124.0000,21,20,964.2908,-89.0244,0.2338,5,0.1250,1.0000,6,8,8,0,0,8,8,0.0000
4,124.0000,22,0,286.8328,-81.4846,-0.0243,35,0.8750,0.4000,5,4,0,0,0,4,0,1.0000
4,124.0000,22,2,543.2207,-86.0035,-0.2632,32,0.8000,0.4000,5,7,3,0,0,7,3,0.5714
4,124.0000,22,4,853.2374,-87.5722,0.2831,10,0.2500,1.0000,8,8,8,0,0,8,8,0.0000
4,124.0000,22,6,239.6951,-79.1827,0.0517,33,0.8250,0.2000,5,4,0,0,0,4,0,1.0000
4,124.0000,22,9,503.4003,-84.6676,0.2177,26,0.6500,0.5000,6,5,2,0,0,5,2,0.6000
4,124.0000,22,11,826.7795,-87.7719,-0.6704,7,0.1750,0.8750,8,8,8,0,0,8,8,0.0000
4,124.0000,22,12,890.5117,-88.7027,0.1777,11,0.2750,0.8750,8,8,8,0,0,8,8,0.0000
4,124.0000,22,13,704.6268,-87.3159,-0.3097,15,0.3750,0.8571,7,8,8,0,0,8,8,0.0000
4,124.0000,22,14,833.7280,-87.8936,0.4087,14,0.3500,1.0000,8,8,7,0,0,8,7,0.1250
4,124.0000,22,15,556.9629,-87.0318,0.2486,31,0.7750,0.6667,6,6,3,0,0,6,3,0.5000
4,124.0000,22,16,1010.7844,-88.7153,-0.4783,8,0.2000,1.0000,8,8,8,0,0,8,8,0.0000
4,124.0000,22,19,208.1671,-76.8280,0.4619,37,0.9250,0.0000,4,4,0,0,0,4,0,1.0000
4,124.0000,22,23,555.4450,-85.5004,-0.4103,30,0.7500,0.8571,7,6,3,0,0,6,3,0.5000
4,124.0000,22,24,570.2780,-87.5786,0.0163,14,0.3500,0.8750,8,6,2,0,0,6,2,0.6667
4,124.0000,22,25,755.3147,-88.1913,0.1022,12,0.3000,0.8571,7,7,6,0,0,7,6,0.1429
4,124.0000,23,0,750.2977,-87.3114,-0.2980,19,0.4750,0.8571,7,8,7,0,0,8,7,0.1250
4,124.0000,23,2,320.2022,-82.5607,0.6460,34,0.8500,0.2500,4,4,0,0,0,4,0,1.0000
4,124.0000,23,4,900.5901,-88.5222,0.0245,10,0.2500,1.0000,8,8,8,0,0,8,8,0.0000
4,124.0000,23,6,758.8790,-87.0934,-0.8643,14,0.3500,0.8750,8,8,8,0,0,8,8,0.0000
4,124.0000,23,9,999.9492,-88.4491,-0.1874,7,0.1750,1.0000,8,8,8,0,0,8,8,0.0000
4,124.0000,23,11,388.0740,-83.6516,0.3396,33,0.8250,0.0000,4,4,0,0,0,4,0,1.0000
4,124.0000,23,12,437.3946,-85.4285,0.5424,31,0.7750,0.0000,4,5,2,0,0,5,2,0.6000
4,124.0000,23,13,279.7548,-81.6651,0.7237,36,0.9000,0.0000,4,4,0,0,0,4,0,1.0000
4,124.0000,23,14,1097.5406,-88.6640,-0.5899,4,0.1000,1.0000,6,4,4,0,0,4,4,0.0000
4,124.0000,23,15,62.5055,-69.5956,2.7251,36,0.9000,0.0000,4,4,0,0,0,4,0,1.0000
4,124.0000,23,16,736.3852,-87.8299,-0.1331,17,0.4250,0.5000,6,7,6,0,0,7,6,0.1429
4,124.0000,23,19,446.3020,-83.2134,-0.3563,36,0.9000,0.0000,4,5,1,2,2,7,3,0.5714
4,124.0000,23,22,555.4450,-84.6407,-0.6133,27,0.6750,0.4000,5,6,4,0,0,6,4,0.3333
4,124.0000,24,0,535.0658,-86.3881,0.0706,26,0.6500,0.7143,7,5,2,0,0,5,2,0.6000
4,124.0000,24,4,1070.3688,-88.3630,0.3783,3,0.0750,1.0000,4,4,4,0,0,4,4,0.0000
4,124.0000,24,5,721.6071,-87.0011,-0.5211,17,0.4250,0.5714,7,8,7,0,0,8,7,0.1250
4,124.0000,24,6,485.0107,-86.4655,0.4451,25,0.6250,0.5714,7,7,4,0,0,7,4,0.4286
4,124.0000,24,7,626.8150,-86.2761,-0.4470,24,0.6000,0.7143,7,7,4,0,0,7,4,0.4286
4,124.0000,24,8,953.3665,-88.8833,-0.8444,6,0.1500,1.0000,6,6,6,0,0,6,6,0.0000
4,124.0000,24,9,524.1449,-85.5657,0.1263,27,0.6750,0.8571,7,6,2,0,0,6,2,0.6667
4,124.0000,24,10,932.7783,-89.2177,0.0917,6,0.1500,1.0000,8,6,6,0,0,6,6,0.0000
4,124.0000,24,14,841.3910,-88.3073,-0.2988,12,0.3000,0.8333,6,10,10,0,0,10,10,0.0000
4,124.0000,24,17,568.9637,-85.3914,-0.0592,27,0.6750,0.7143,7,5,1,20,20,25,21,0.1600
4,124.0000,24,18,552.8301,-84.6775,-0.3281,30,0.7500,0.4286,7,7,6,0,0,7,6,0.1429
4,124.0000,24,19,676.8039,-87.6866,0.3266,16,0.4000,0.8750,8,8,8,0,0,8,8,0.0000
4,124.0000,24,20,763.4685,-88.3805,-0.0366,11,0.2750,0.6667,6,7,5,0,0,7,5,0.2857
4,124.0000,24,21,1100.5720,-88.4660,1.0844,5,0.1250,1.0000,8,8,8,0,0,8,8,0.0000
4,124.0000,24,22,570.2780,-86.9209,0.7210,20,0.5000,1.0000,8,7,5,0,0,7,5,0.2857
4,124.0000,24,25,676.1999,-87.7576,-0.0036,15,0.3750,0.5000,4,8,8,0,0,8,8,0.0000
4,124.0000,25,0,537.1462,-85.6388,0.2707,20,0.5128,0.5714,7,6,2,0,0,6,2,0.6667
4,124.0000,25,2,904.7014,-88.8024,0.0427,7,0.1795,1.0000,8,7,6,0,0,7,6,0.1429
4,124.0000,25,4,624.5489,-87.3167,0.0442,17,0.4359,0.6667,6,8,8,0,0,8,8,0.0000
4,124.0000,25,5,714.6458,-87.8388,0.9376,10,0.2564,0.8571,7,7,6,0,0,7,6,0.1429
4,124.0000,25,6,690.1140,-87.3555,0.1984,10,0.2564,0.7143,7,7,4,0,0,7,4,0.4286
4,124.0000,25,7,840.3141,-87.6614,-0.8602,8,0.2051,0.8571,7,8,8,0,0,8,8,0.0000
4,124.0000,25,8,798.7401,-86.7104,-0.1372,12,0.3077,1.0000,8,6,4,0,0,6,4,0.3333
4,124.0000,25,9,809.6696,-88.4680,0.2507,10,0.2564,0.8571,7,8,8,0,0,8,8,0.0000
4,124.0000,25,14,295.5357,-79.8484,-0.0296,35,0.8974,0.0000,4,4,0,0,0,4,0,1.0000
4,124.0000,25,17,689.9146,-86.6865,0.7490,15,0.3846,0.5000,6,8,8,6,6,14,14,0.0000
4,124.0000,25,18,759.7070,-87.3212,-0.4911,12,0.3077,1.0000,8,7,6,0,0,7,6,0.1429
4,124.0000,25,19,859.3786,-88.1051,0.2029,6,0.1538,0.8571,7,8,7,0,0,8,7,0.1250
4,124.0000,25,20,1014.3547,-89.2131,-0.2247,3,0.0769,1.0000,6,8,8,0,0,8,8,0.0000
4,124.0000,25,22,755.3147,-88.1838,0.2952,11,0.2821,0.7143,7,7,6,0,0,7,6,0.1429
4,124.0000,25,24,676.1999,-88.0380,-1.0149,7,0.1795,0.8750,8,6,4,0,0,6,4,0.3333
4,128.0000,0,2,648.8449,-87.5464,-0.1584,18,0.4500,0.5714,7,7,6,0,0,7,6,0.1429
4,128.0000,0,4,967.7196,-88.2344,-0.5243,10,0.2500,1.0000,6,4,4,0,0,4,4,0.0000
4,128.0000,0,5,960.4952,-87.6418,-0.0883,3,0.0750,1.0000,6,8,8,0,0,8,8,0.0000
4,128.0000,0,6,123.2918,-74.7949,1.1781,35,0.8750,0.0000,4,4,0,0,0,4,0,1.0000
4,128.0000,0,7,813.7213,-88.6251,-0.0983,11,0.2750,1.0000,8,7,5,0,0,7,5,0.2857
4,128.0000,0,9,325.6894,-83.0788,0.3581,36,0.9000,0.4000,5,5,1,0,0,5,1,0.8000
4,128.0000,0,11,1044.4797,-88.9725,-0.4444,5,0.1250,1.0000,8,2,2,0,0,2,2,0.0000
4,128.0000,0,12,991.7108,-89.2287,0.1475,3,0.0750,1.0000,6,6,6,0,0,6,6,0.0000
4,128.0000,0,13,808.1352,-88.7897,-0.4496,7,0.1750,1.0000,8,8,8,0,0,8,8,0.0000
4,128.0000,0,14,891.6157,-88.3942,-0.3232,13,0.3250,0.6667,6,8,8,0,0,8,8,0.0000
4,128.0000,0,15,715.1902,-87.3060,-0.1821,15,0.3750,0.5000,6,6,6,0,0,6,6,0.0000
4,128.0000,0,17,972.1303,-89.2870,-0.1304,5,0.1250,1.0000,8,6,6,0,0,6,6,0.0000
4,128.0000,0,19,459.9473,-85.6519,-0.2999,25,0.6250,0.4000,5,5,1,0,0,5,1,0.8000
4,128.0000,0,20,916.7802,-89.1394,0.3090,6,0.1500,1.0000,8,8,8,0,0,8,8,0.0000
4,128.0000,0,22,250.3661,-79.7363,0.1090,36,0.9000,0.2000,5,5,1,0,0,5,1,0.8000
4,128.0000,0,23,836.3287,-88.2736,0.1870,10,0.2500,0.8750,8,8,8,0,0,8,8,0.0000
4,128.0000,0,24,463.1538,-84.7824,0.3568,31,0.7750,0.6667,6,5,2,0,0,5,2,0.6000
4,128.0000,0,25,560.8251,-86.4304,0.1602,27,0.6750,0.6667,6,5,1,0,0,5,1,0.8000
4,128.0000,1,3,497.4840,-85.6347,0.5876,35,0.8750,0.4000,5,7,5,0,0,7,5,0.2857
4,128.0000,1,5,840.0901,-88.7817,0.0530,8,0.2000,0.8750,8,10,10,0,0,10,10,0.0000
4,128.0000,1,8,857.9292,-88.3055,0.5897,6,0.1500,1.0000,8,7,5,0,0,7,5,0.2857
4,128.0000,1,10,966.2174,-88.5694,-0.4127,5,0.1250,1.0000,8,6,6,0,0,6,6,0.0000
4,128.0000,1,17,810.2943,-88.5924,-0.0490,10,0.2500,1.0000,8,7,5,0,0,7,5,0.2857
4,128.0000,1,18,743.2778,-88.3870,-0.1865,10,0.2500,1.0000,8,6,4,0,0,6,4,0.3333
4,128.0000,1,20,940.6610,-88.5825,-0.9596,5,0.1250,1.0000,8,8,8,0,0,8,8,0.0000
4,128.0000,1,21,530.6823,-86.5923,-0.4856,23,0.5750,0.2000,5,5,1,0,0,5,1,0.8000
4,128.0000,2,0,648.8449,-87.0524,-0.0364,19,0.4750,0.8571,7,7,6,0,0,7,6,0.1429
4,128.0000,2,4,745.4486,-87.5134,-0.0880,18,0.4500,0.7778,9,8,8,0,0,8,8,0.0000
4,128.0000,2,6,730.0413,-88.4335,0.2436,11,0.2750,1.0000,8,8,8,0,0,8,8,0.0000
4,128.0000,2,9,942.1331,-88.4120,-0.0089,8,0.2000,1.0000,8,8,8,0,0,8,8,0.0000
4,128.0000,2,11,426.2854,-83.4128,-0.1324,35,0.8750,0.0000,4,6,3,0,0,6,3,0.5000
4,128.0000,2,12,482.4212,-85.6513,0.0623,31,0.7750,0.0000,4,5,1,0,0,5,1,0.8000
4,128.0000,2,13,187.9681,-77.2960,0.5239,37,0.9250,0.0000,4,4,0,0,0,4,0,1.0000
4,128.0000,2,14,950.9596,-88.2098,-0.4343,4,0.1000,0.8571,7,2,2,0,0,2,2,0.0000
4,128.0000,2,15,307.1073,-82.1708,0.6615,36,0.9000,0.2000,5,5,1,0,0,5,1,0.8000
4,128.0000,2,16,722.0059,-87.4827,0.3294,21,0.5250,0.6667,6,6,4,0,0,6,4,0.3333
4,128.0000,2,19,526.3937,-85.8771,-0.6898,23,0.5750,0.7143,7,7,5,0,0,7,5,0.2857
4,128.0000,2,22,570.2004,-86.2135,0.4579,21,0.5250,0.8571,7,7,4,0,0,7,4,0.4286
4,128.0000,2,23,289.7365,-81.1579,-0.0085,38,0.9500,0.0000,4,4,0,0,0,4,0,1.0000
4,128.0000,2,24,977.2461,-88.1879,-0.1404,3,0.0750,1.0000,4,4,4,0,0,4,4,0.0000
4,128.0000,2,25,854.3888,-88.7673,-0.6263,5,0.1250,1.0000,8,8,8,0,0,8,8,0.0000
4,128.0000,3,1,497.4840,-85.1573,-0.2204,35,0.8750,0.4000,5,5,1,0,0,5,1,0.8000
4,128.0000,3,5,923.9230,-87.9611,0.2368,9,0.2250,1.0000,8,8,8,0,0,8,8,0.0000
4,128.0000,3,7,872.0842,-88.2669,-0.1858,12,0.3000,1.0000,8,7,6,0,0,7,6,0.1429
4,128.0000,3,10,566.3599,-85.9741,0.1005,28,0.7000,0.7143,7,6,4,0,0,6,4,0.3333
4,128.0000,3,17,803.7750,-88.1150,-0.3860,14,0.3500,0.4000,5,8,8,0,0,8,8,0.0000
4,128.0000,3,18,684.9504,-87.7645,-0.0184,16,0.4000,0.8571,7,7,5,0,0,7,5,0.2857
4,128.0000,3,20,761.7641,-87.5147,-0.1563,18,0.4500,1.0000,8,7,5,0,0,7,5,0.2857
4,128.0000,3,21,873.6839,-88.1874,0.1038,9,0.2250,1.0000,8,8,8,0,0,8,8,0.0000
4,128.0000,4,2,745.4486,-87.4624,-0.4440,14,0.3500,0.8182,11,8,8,0,0,8,8,0.0000
4,128.0000,4,11,990.3140,-88.9267,-0.1070,7,0.1750,1.0000,8,8,8,0,0,8,8,0.0000
4,128.0000,4,13,873.7283,-88.6086,-0.1837,10,0.2500,1.0000,8,8,8,0,0,8,8,0.0000
4,128.0000,4,14,394.6063,-83.6692,0.0453,31,0.7750,0.0000,4,5,2,0,0,5,2,0.6000
4,128.0000,4,15,939.6674,-89.1368,-2.1171,4,0.1000,1.0000,8,8,8,0,0,8,8,0.0000
4,128.0000,4,16,564.3210,-86.3769,-0.2025,29,0.7250,0.5714,7,6,2,0,0,6,2,0.6667
4,128.0000,4,19,951.7447,-87.7879,-0.1284,5,0.1250,1.0000,10,4,4,0,0,4,4,0.0000
4,128.0000,4,22,956.4564,-88.6772,0.1551,11,0.2750,1.0000,8,8,8,0,0,8,8,0.0000
4,128.0000,4,23,936.7256,-89.1449,-0.7044,4,0.1000,1.0000,8,8,8,0,0,8,8,0.0000
4,128.0000,4,25,649.0394,-87.5650,0.8075,17,0.4250,0.6667,6,8,8,0,0,8,8,0.0000
4,128.0000,5,0,960.4952,-88.6983,-0.0030,3,0.0750,1.0000,8,8,8,0,0,8,8,0.0000
4,128.0000,5,1,840.0901,-87.7097,0.1377,12,0.3000,1.0000,8,8,8,0,0,8,8,0.0000
4,128.0000,5,3,923.9230,-88.3034,-0.2387,11,0.2750,0.8750,8,8,8,0,0,8,8,0.0000
4,128.0000,5,6,952.7642,-88.0662,-0.1011,5,0.1250,0.8571,7,8,8,0,0,8,8,0.0000
4,128.0000,5,7,522.1017,-84.4955,-0.6101,36,0.9000,0.3333,6,6,4,0,0,6,4,0.3333
4,128.0000,5,8,474.9988,-86.3793,0.4720,32,0.8000,0.8000,10,6,4,0,0,6,4,0.3333
4,128.0000,5,9,921.9150,-88.6350,0.4014,9,0.2250,1.0000,8,7,6,0,0,7,6,0.1429
4,128.0000,5,10,864.4223,-88.1171,0.2894,15,0.3750,1.0000,8,8,8,0,0,8,8,0.0000
4,128.0000,5,14,978.9196,-89.0226,-0.0583,5,0.1250,1.0000,2,4,4,0,0,4,4,0.0000
4,128.0000,5,17,370.8767,-83.0292,0.0358,36,0.9000,0.0000,4,6,3,0,0,6,3,0.5000
4,128.0000,5,18,351.0523,-81.2686,-0.4639,40,1.0000,0.0000,4,6,3,0,0,6,3,0.5000
4,128.0000,5,20,483.8668,-84.7096,-0.6041,34,0.8500,0.3333,6,5,3,0,0,5,3,0.4000
4,128.0000,5,21,588.2887,-86.8181,-0.0885,27,0.6750,0.5714,7,6,3,0,0,6,3,0.5000
4,128.0000,5,24,823.5961,-88.0183,0.0492,8,0.2000,0.8571,7,8,7,0,0,8,7,0.1250
4,128.0000,5,25,723.7059,-88.0641,-0.3324,18,0.4500,0.9615,52,7,5,0,0,7,5,0.2857
4,128.0000,6,0,123.2918,-73.8737,0.9497,38,0.9500,0.0000,4,4,0,0,0,4,0,1.0000
4,128.0000,6,2,730.0413,-87.2670,0.3612,16,0.4000,0.8750,8,8,6,0,0,8,6,0.2500
4,128.0000,6,4,1059.2530,-89.2660,1.6056,4,0.1000,,0,8,8,0,0,8,8,0.0000
4,128.0000,6,5,952.7642,-89.2755,-0.0833,6,0.1500,1.0000,8,4,4,0,0,4,4,0.0000
4,128.0000,6,7,758.7804,-87.9176,0.0933,11,0.2750,0.7143,7,7,6,0,0,7,6,0.1429
4,128.0000,6,9,249.6779,-79.9911,0.5620,39,0.9750,0.2188,32,4,0,0,0,4,0,1.0000
4,128.0000,6,12,1051.8199,-89.3222,-0.0487,3,0.0750,1.0000,8,4,4,0,0,4,4,0.0000
4,128.0000,6,13,882.8221,-88.7817,-0.4372,10,0.2500,1.0000,8,8,7,0,0,8,7,0.1250
4,128.0000,6,14,968.4418,-87.8652,-0.3688,8,0.2000,1.0000,8,6,6,0,0,6,6,0.0000
4,128.0000,6,15,750.1586,-88.3171,-0.4341,16,0.4000,1.0000,8,6,4,0,0,6,4,0.3333
4,128.0000,6,17,930.0779,-89.4712,-0.2028,4,0.1000,1.0000,2,6,6,0,0,6,6,0.0000
4,128.0000,6,18,950.2576,-88.7911,-0.3607,3,0.0750,1.0000,8,8,8,0,0,8,8,0.0000
4,128.0000,6,19,447.7069,-85.4917,-0.3153,34,0.8500,0.4000,5,5,1,4,3,9,4,0.5556
4,128.0000,6,20,861.9647,-88.2331,-0.3236,4,0.1000,1.0000,8,8,8,0,0,8,8,0.0000
4,128.0000,6,22,236.4526,-78.8674,0.2242,37,0.9250,0.0000,4,5,2,22,2,27,4,0.8519
4,128.0000,6,23,886.1838,-88.4091,-0.0449,14,0.3500,0.8571,7,8,8,0,0,8,8,0.0000
4,128.0000,6,24,378.1021,-83.5055,0.5870,30,0.7500,0.7500,40,4,0,30,19,34,19,0.4412
4,128.0000,6,25,635.1897,-86.9785,0.6017,17,0.4250,0.6250,8,5,2,0,0,5,2,0.6000
4,128.0000,7,0,813.7213,-87.9671,0.0555,14,0.3500,1.0000,8,8,8,0,0,8,8,0.0000
4,128.0000,7,1,1055.0410,-89.1404,1.5159,3,0.0750,1.0000,4,6,6,0,0,6,6,0.0000
4,128.0000,7,3,872.0842,-88.0956,-0.6921,10,0.2500,1.0000,8,8,8,0,0,8,8,0.0000
4,128.0000,7,5,522.1017,-84.6349,-0.8344,37,0.9250,0.4000,5,6,4,0,0,6,4,0.3333
4,128.0000,7,6,758.7804,-88.3463,0.1409,15,0.3750,0.8750,8,7,6,0,0,7,6,0.1429
4,128.0000,7,8,926.9648,-89.1993,0.8492,4,0.1000,1.0000,8,6,6,0,0,6,6,0.0000
4,128.0000,7,9,604.2122,-87.4914,0.3301,23,0.5750,0.8750,8,8,6,0,0,8,6,0.2500
4,128.0000,7,10,513.0794,-85.6682,-0.1229,29,0.7250,0.0000,4,6,4,0,0,6,4,0.3333
4,128.0000,7,17,583.6910,-86.1875,0.1878,25,0.6250,0.8571,7,7,6,0,0,7,6,0.1429
4,128.0000,7,18,468.3235,-84.8423,-0.1329,34,0.8500,0.0000,4,7,4,0,0,7,4,0.4286
4,128.0000,7,20,118.2947,-74.3352,1.2447,39,0.9750,0.0000,4,4,0,0,0,4,0,1.0000
4,128.0000,7,21,1019.2530,-88.7330,-0.0220,6,0.1500,1.0000,8,6,6,0,0,6,6,0.0000
4,128.0000,7,22,972.0524,-89.0932,0.1737,6,0.1500,1.0000,8,8,8,0,0,8,8,0.0000
4,128.0000,7,24,688.0334,-87.1259,-0.3581,22,0.5500,0.8750,8,7,5,0,0,7,5,0.2857
4,128.0000,7,25,915.0691,-88.2291,-0.0741,9,0.2250,0.8571,7,8,8,8,8,16,16,0.0000
4,128.0000,8,1,857.9292,-88.5818,0.2440,9,0.2250,1.0000,8,7,6,0,0,7,6,0.1429
4,128.0000,8,3,1062.4672,-88.6560,0.0872,4,0.1000,1.0000,6,6,6,0,0,6,6,0.0000
4,128.0000,8,5,474.9988,-86.5205,0.5354,27,0.6750,0.6667,6,4,0,0,0,4,0,1.0000
4,128.0000,8,7,926.9648,-88.7054,-0.0468,4,0.1000,1.0000,6,8,8,0,0,8,8,0.0000
4,128.0000,8,14,879.3843,-88.5308,-0.1589,12,0.3000,1.0000,8,8,8,0,0,8,8,0.0000
4,128.0000,8,17,417.1625,-84.5637,0.1865,35,0.8750,0.2000,5,5,2,0,0,5,2,0.6000
4,128.0000,8,18,536.6356,-85.9616,-0.1734,28,0.7000,0.5000,4,6,3,0,0,6,3,0.5000
4,128.0000,8,20,882.9405,-88.6248,0.3671,8,0.2000,1.0000,6,7,6,0,0,7,6,0.1429
4,128.0000,8,21,380.9697,-81.0296,-0.9572,37,0.9250,0.2000,5,4,0,0,0,4,0,1.0000
4,128.0000,8,25,809.6300,-88.5834,0.1336,9,0.2250,0.8571,7,8,7,0,0,8,7,0.1250
4,128.0000,9,0,325.6894,-83.4519,-0.1720,36,0.9000,0.0000,4,5,1,0,0,5,1,0.8000
4,128.0000,9,2,942.1331,-88.8413,0.2101,8,0.2000,1.0000,8,8,8,0,0,8,8,0.0000
4,128.0000,9,5,921.9150,-88.5624,-0.0617,9,0.2250,1.0000,8,8,7,0,0,8,7,0.1250
4,128.0000,9,6,249.6779,-80.2259,0.1949,38,0.9500,0.0000,4,4,0,0,0,4,0,1.0000
4,128.0000,9,7,604.2122,-87.1211,0.1664,24,0.6000,0.0000,4,6,3,0,0,6,3,0.5000
4,128.0000,9,10,946.2866,-88.4859,0.3739,5,0.1250,1.0000,6,8,8,0,0,8,8,0.0000
4,128.0000,9,15,961.4358,-89.4782,-0.4616,4,0.1000,0.8571,7,8,8,0,0,8,8,0.0000
4,128.0000,9,17,927.7504,-88.9165,0.4052,6,0.1500,1.0000,14,8,8,0,0,8,8,0.0000
4,128.0000,9,18,904.6180,-88.7147,-0.0171,6,0.1500,0.8000,5,8,8,0,0,8,8,0.0000
4,128.0000,9,19,670.3356,-87.2687,0.5591,21,0.5250,0.8000,5,8,7,0,0,8,7,0.1250
4,128.0000,9,20,717.9761,-87.7899,1.1119,12,0.3000,0.5000,6,7,6,0,0,7,6,0.1429
4,128.0000,9,22,471.5076,-85.0618,0.7989,29,0.7250,0.4000,5,6,1,0,0,6,1,0.8333
4,128.0000,9,23,1094.5308,-89.7524,-0.0395,3,0.0750,1.0000,2,4,4,0,0,4,4,0.0000
4,128.0000,9,24,474.0077,-85.4578,-0.0104,29,0.7250,0.7143,7,4,0,0,0,4,0,1.0000
4,128.0000,9,25,781.4840,-88.4812,-0.0678,12,0.3000,0.9535,43,7,6,0,0,7,6,0.1429
4,128.0000,10,1,966.2174,-89.2922,0.1835,5,0.1250,1.0000,8,8,8,0,0,8,8,0.0000
4,128.0000,10,3,566.3599,-85.6448,-0.3553,27,0.6750,0.8690,84,6,3,78,72,84,75,0.1071
4,128.0000,10,5,864.4223,-87.8450,0.4510,7,0.1750,1.0000,8,8,7,0,0,8,7,0.1250
4,128.0000,10,7,513.0794,-86.3626,0.3655,24,0.6000,0.5000,6,6,3,2,2,8,5,0.3750
4,128.0000,10,8,1135.7109,-89.0294,-0.0799,3,0.0750,1.0000,8,6,6,0,0,6,6,0.0000
4,128.0000,10,17,737.8227,-88.7288,0.0979,7,0.1750,1.0000,8,8,6,29,25,37,31,0.1622
4,128.0000,10,18,603.3810,-87.0442,0.4498,17,0.4250,0.9302,43,8,7,45,41,53,48,0.0943
4,128.0000,10,20,459.8655,-84.8927,-0.5302,27,0.6750,0.5641,39,6,3,0,0,6,3,0.5000
4,128.0000,10,24,910.3199,-88.4223,-0.1296,3,0.0750,0.8750,8,5,4,0,0,5,4,0.2000
4,128.0000,11,0,1044.4797,-88.2339,-0.0633,8,0.2000,1.0000,8,8,8,0,0,8,8,0.0000
4,128.0000,11,2,426.2854,-83.9053,-0.6208,35,0.8750,0.4000,5,5,2,0,0,5,2,0.6000
4,128.0000,11,4,990.3140,-88.9659,0.2508,7,0.1750,1.0000,8,8,8,0,0,8,8,0.0000
4,128.0000,11,12,283.9570,-80.1041,-0.3716,40,1.0000,0.0000,6,4,0,3,0,7,0,1.0000
4,128.0000,11,13,255.7568,-77.1851,-0.6552,37,0.9250,0.0000,4,5,2,19,5,24,7,0.7083
4,128.0000,11,15,551.0263,-85.0837,-0.6433,30,0.7500,0.2000,5,6,3,41,40,47,43,0.0851
4,128.0000,11,16,741.2531,-88.2914,0.0762,18,0.4500,1.0000,84,8,7,2,2,10,9,0.1000
4,128.0000,11,19,905.7779,-88.0903,-0.4214,9,0.2250,0.8571,7,8,8,0,0,8,8,0.0000
4,128.0000,11,22,973.5998,-88.4520,0.4875,8,0.2000,1.0000,8,6,6,0,0,6,6,0.0000
4,128.0000,11,23,400.4690,-83.2164,0.3995,35,0.8750,0.0000,4,4,0,0,0,4,0,1.0000
4,128.0000,12,0,991.7108,-88.5092,-0.5740,3,0.0750,1.0000,8,8,8,0,0,8,8,0.0000
4,128.0000,12,2,482.4212,-85.5356,0.5913,23,0.5750,0.0000,4,4,0,2,2,6,2,0.6667
4,128.0000,12,6,1051.8199,-88.4792,0.0352,4,0.1000,1.0000,8,6,6,0,0,6,6,0.0000
4,128.0000,12,11,283.9570,-80.5199,0.2769,35,0.8750,0.0000,4,4,0,0,0,4,0,1.0000
4,128.0000,12,13,316.2041,-83.1516,0.4031,33,0.8250,0.3333,6,6,3,0,0,6,3,0.5000
4,128.0000,12,15,501.0072,-85.4813,-0.0831,30,0.7500,0.2000,5,6,4,4,3,10,7,0.3000
4,128.0000,12,19,845.1761,-88.2303,0.0854,13,0.3250,1.0000,12,8,8,0,0,8,8,0.0000
4,128.0000,12,22,910.1348,-88.6437,0.7877,6,0.1500,1.0000,8,8,8,0,0,8,8,0.0000
4,128.0000,12,23,391.0594,-83.7440,0.4049,32,0.8000,0.2000,5,6,3,0,0,6,3,0.5000
4,128.0000,13,0,808.1352,-88.0887,-0.5349,10,0.2500,1.0000,8,7,5,0,0,7,5,0.2857
4,128.0000,13,2,187.9681,-78.3674,0.3772,39,0.9750,0.0000,4,4,0,0,0,4,0,1.0000
4,128.0000,13,4,873.7283,-88.1024,0.2148,8,0.2000,0.8750,8,8,7,0,0,8,7,0.1250
4,128.0000,13,6,882.8221,-88.8557,0.1616,8,0.2000,1.0000,8,8,8,0,0,8,8,0.0000
4,128.0000,13,9,1080.1302,-89.4872,-0.0823,4,0.1000,1.0000,4,4,4,0,0,4,4,0.0000
4,128.0000,13,11,255.7568,-77.3172,-1.1343,40,1.0000,0.0000,4,4,0,0,0,4,0,1.0000
4,128.0000,13,12,316.2041,-83.2260,0.4136,38,0.9500,0.2000,5,4,0,0,0,4,0,1.0000
4,128.0000,13,15,326.3538,-82.0715,-0.6156,39,0.9750,0.0000,4,5,1,0,0,5,1,0.8000
4,128.0000,13,16,732.5523,-87.4125,-0.2551,23,0.5750,0.6667,6,7,6,0,0,7,6,0.1429
4,128.0000,13,19,652.7159,-86.8759,0.5652,20,0.5000,1.0000,8,5,1,28,27,33,28,0.1515
4,128.0000,13,22,720.1707,-87.1317,0.7847,12,0.3000,1.0000,8,8,7,0,0,8,7,0.1250
4,128.0000,13,23,218.6172,-78.6401,0.3672,40,1.0000,0.2000,5,5,1,0,0,5,1,0.8000
4,128.0000,14,0,891.6157,-87.3251,-0.0274,5,0.1220,0.8750,8,8,8,0,0,8,8,0.0000
4,128.0000,14,4,394.6063,-83.5386,-0.3576,33,0.8049,0.0000,4,5,1,0,0,5,1,0.8000
4,128.0000,14,6,968.4418,-89.1941,0.5289,3,0.0732,1.0000,8,8,8,0,0,8,8,0.0000
4,128.0000,14,8,879.3843,-88.6958,0.2346,5,0.1220,1.0000,8,7,5,0,0,7,5,0.2857
4,128.0000,14,16,950.1636,-88.7523,0.4187,4,0.0976,1.0000,8,8,8,0,0,8,8,0.0000
4,128.0000,14,17,1035.2459,-88.9369,1.0892,4,0.0976,1.0000,8,8,8,0,0,8,8,0.0000
4,128.0000,14,19,996.7846,-89.4777,0.0354,8,0.1951,1.0000,8,8,8,0,0,8,8,0.0000
4,128.0000,14,22,938.2287,-88.5529,-0.3167,5,0.1220,1.0000,8,8,8,0,0,8,8,0.0000
4,128.0000,14,24,967.8097,-87.9958,-0.3028,7,0.1707,1.0000,8,8,8,0,0,8,8,0.0000
4,128.0000,14,25,393.8441,-81.6840,-0.2662,30,0.7317,0.5000,6,6,2,0,0,6,2,0.6667
4,128.0000,15,0,715.1902,-87.4538,0.3539,16,0.4000,0.8750,8,8,6,0,0,8,6,0.2500
4,128.0000,15,2,307.1073,-81.3597,-0.0156,36,0.9000,0.0000,4,5,1,0,0,5,1,0.8000
4,128.0000,15,4,939.6674,-89.3343,-0.2674,8,0.2000,1.0000,6,8,8,0,0,8,8,0.0000
4,128.0000,15,6,750.1586,-87.5572,0.1390,16,0.4000,0.5714,7,7,5,0,0,7,5,0.2857
4,128.0000,15,9,961.4358,-88.3578,0.4721,3,0.0750,0.8750,8,8,7,0,0,8,7,0.1250
4,128.0000,15,11,551.0263,-85.3820,-0.6860,31,0.7750,0.2000,5,7,4,0,0,7,4,0.4286
4,128.0000,15,12,501.0072,-85.0203,0.5684,31,0.7750,0.4000,5,4,0,0,0,4,0,1.0000
4,128.0000,15,13,326.3538,-81.8862,-0.0985,36,0.9000,0.2000,5,6,2,0,0,6,2,0.6667
4,128.0000,15,16,838.1489,-87.8205,0.1022,15,0.3750,0.7143,7,7,6,0,0,7,6,0.1429
4,128.0000,15,19,395.8939,-83.3942,0.5158,32,0.8000,0.2000,5,5,1,6,6,11,7,0.3636
4,128.0000,15,22,537.8771,-86.0091,0.0134,25,0.6250,0.3333,6,5,2,0,0,5,2,0.6000
4,128.0000,15,23,167.8761,-70.6629,-1.9164,37,0.9250,0.0000,4,5,1,0,0,5,1,0.8000
4,128.0000,15,25,1020.5401,-89.2387,0.2475,3,0.0750,1.0000,2,6,6,0,0,6,6,0.0000
4,128.0000,16,2,722.0059,-87.4490,-0.0495,22,0.5500,0.6667,6,8,7,0,0,8,7,0.1250
4,128.0000,16,4,564.3210,-86.0591,-0.2655,29,0.7250,0.6154,13,6,3,0,0,6,3,0.5000
4,128.0000,16,11,741.2531,-87.0373,0.2881,20,0.5000,0.8571,7,7,6,0,0,7,6,0.1429
4,128.0000,16,12,983.5517,-88.9194,0.6350,3,0.0750,1.0000,6,6,6,0,0,6,6,0.0000
4,128.0000,16,13,732.5523,-87.7436,-0.4056,18,0.4500,0.5000,6,8,8,0,0,8,8,0.0000
4,128.0000,16,14,950.1636,-89.2059,0.0603,6,0.1500,0.8571,7,8,8,0,0,8,8,0.0000
4,128.0000,16,15,838.1489,-87.2924,-0.0410,11,0.2750,0.8571,7,8,8,0,0,8,8,0.0000
4,128.0000,16,19,1051.1544,-88.9792,-1.1051,3,0.0750,1.0000,8,4,4,0,0,4,4,0.0000
4,128.0000,16,23,753.3026,-88.1345,0.3716,16,0.4000,0.8000,10,8,7,2,2,10,9,0.1000
4,128.0000,17,0,972.1303,-88.9580,-0.0716,8,0.2000,1.0000,6,8,8,0,0,8,8,0.0000
4,128.0000,17,1,810.2943,-88.4170,-0.0200,8,0.2000,1.0000,8,8,7,0,0,8,7,0.1250
4,128.0000,17,3,803.7750,-88.3101,0.0527,13,0.3250,0.8571,7,8,8,0,0,8,8,0.0000
4,128.0000,17,5,370.8767,-83.3807,0.3956,36,0.9000,0.2000,5,7,4,0,0,7,4,0.4286
4,128.0000,17,6,930.0779,-89.2548,0.4133,3,0.0750,1.0000,8,8,8,0,0,8,8,0.0000
4,128.0000,17,7,583.6910,-86.8195,0.4267,27,0.6750,0.7143,7,6,2,13,10,19,12,0.3684
4,128.0000,17,8,417.1625,-84.3720,0.9008,32,0.8000,0.2000,5,6,3,6,2,12,5,0.5833
4,128.0000,17,9,927.7504,-89.3158,0.2571,4,0.1000,1.0000,8,8,8,0,0,8,8,0.0000
4,128.0000,17,10,737.8227,-88.3611,-0.2989,13,0.3250,1.0000,8,7,5,0,0,7,5,0.2857
4,128.0000,17,14,1035.2459,-89.1765,-0.1234,7,0.1750,1.0000,8,6,6,0,0,6,6,0.0000
4,128.0000,17,18,161.8508,-75.3102,0.1684,39,0.9750,0.0000,4,4,0,0,0,4,0,1.0000
4,128.0000,17,20,538.9136,-87.1165,-0.0194,31,0.7750,0.5000,6,8,6,0,0,8,6,0.2500
4,128.0000,17,21,578.1210,-86.7814,0.2649,33,0.8250,0.5000,6,5,2,0,0,5,2,0.6000
4,128.0000,17,24,663.8092,-85.9224,0.2799,24,0.6000,0.7143,7,8,8,0,0,8,8,0.0000
4,128.0000,17,25,817.5746,-87.6570,-0.8574,15,0.3750,1.0000,8,8,8,12,12,20,20,0.0000
4,128.0000,18,0,999.6565,-87.6281,-0.7998,6,0.1538,0.8000,5,6,6,0,0,6,6,0.0000
4,128.0000,18,1,743.2778,-88.2345,0.9732,15,0.3846,0.8750,8,7,5,0,0,7,5,0.2857
4,128.0000,18,3,684.9504,-87.5050,-0.0899,23,0.5897,0.7143,7,8,8,0,0,8,8,0.0000
4,128.0000,18,5,351.0523,-81.6297,-1.1432,36,0.9231,0.0000,4,4,0,0,0,4,0,1.0000
4,128.0000,18,6,950.2576,-88.6887,-0.6717,4,0.1026,0.6667,3,8,8,0,0,8,8,0.0000
4,128.0000,18,7,468.3235,-85.5858,-0.0819,30,0.7692,0.0000,4,4,0,0,0,4,0,1.0000
4,128.0000,18,8,536.6356,-86.0482,0.5743,30,0.7692,0.6176,34,5,1,13,6,18,7,0.6111
4,128.0000,18,9,904.6180,-88.3434,-0.2752,4,0.1026,1.0000,8,8,8,0,0,8,8,0.0000
4,128.0000,18,10,603.3810,-87.8832,0.3837,23,0.5897,0.5000,6,5,1,0,0,5,1,0.8000
4,128.0000,18,17,161.8508,-75.3348,-0.0010,37,0.9487,0.0000,4,4,0,0,0,4,0,1.0000
4,128.0000,18,20,402.6443,-83.7478,-0.1810,31,0.7949,0.0000,4,5,1,0,0,5,1,0.8000
4,128.0000,18,21,614.6126,-86.8608,-0.7097,26,0.6667,0.4000,5,6,3,0,0,6,3,0.5000
4,128.0000,18,24,709.8936,-86.5817,-0.7587,19,0.4872,0.6667,6,8,7,0,0,8,7,0.1250
4,128.0000,18,25,898.6645,-87.6898,-0.5803,11,0.2821,1.0000,8,8,8,0,0,8,8,0.0000
4,128.0000,19,0,459.9473,-85.7737,0.2734,19,0.4750,0.2000,5,6,4,0,0,6,4,0.3333
4,128.0000,19,2,526.3937,-85.5471,-0.3462,22,0.5500,0.3333,6,6,3,0,0,6,3,0.5000
4,128.0000,19,4,951.7447,-88.8235,-0.9332,4,0.1000,0.8571,7,8,8,0,0,8,8,0.0000
4,128.0000,19,6,447.7069,-84.5751,-0.1046,24,0.6000,0.4000,5,7,3,0,0,7,3,0.5714
4,128.0000,19,9,670.3356,-87.1550,0.3894,10,0.2500,0.7143,7,6,3,0,0,6,3,0.5000
4,128.0000,19,11,905.7779,-89.3772,-0.2978,9,0.2250,1.0000,8,8,8,0,0,8,8,0.0000
4,128.0000,19,12,845.1761,-87.8761,0.2374,7,0.1750,1.0000,8,7,6,0,0,7,6,0.1429
4,128.0000,19,13,652.7159,-87.1522,0.4570,19,0.4750,0.3333,6,6,4,0,0,6,4,0.3333
4,128.0000,19,14,996.7846,-88.2091,-0.6725,4,0.1000,0.7143,7,7,6,0,0,7,6,0.1429
4,128.0000,19,15,395.8939,-84.1180,-0.2419,27,0.6750,0.0000,4,7,5,0,0,7,5,0.2857
4,128.0000,19,16,1051.1544,-88.8147,-0.5142,8,0.2000,1.0000,8,6,6,0,0,6,6,0.0000
4,128.0000,19,22,214.2110,-76.8666,-0.4800,31,0.7750,0.0000,4,4,0,0,0,4,0,1.0000
4,128.0000,19,23,558.4469,-85.5971,0.2228,26,0.6500,0.2000,5,6,3,0,0,6,3,0.5000
4,128.0000,19,24,550.6611,-87.2632,0.8829,14,0.3500,0.8571,7,5,2,2,2,7,4,0.4286
4,128.0000,19,25,813.0249,-87.6894,-0.8671,8,0.2000,1.0000,6,8,8,0,0,8,8,0.0000
4,128.0000,20,0,916.7802,-88.2397,0.6500,4,0.1000,1.0000,6,8,8,0,0,8,8,0.0000
4,128.0000,20,1,940.6610,-87.9976,-0.4470,5,0.1250,0.8750,8,7,6,0,0,7,6,0.1429
4,128.0000,20,3,761.7641,-87.4096,0.1437,24,0.6000,1.0000,8,7,6,0,0,7,6,0.1429
4,128.0000,20,5,483.8668,-83.7795,-0.1691,35,0.8750,0.7895,76,6,4,2,2,8,6,0.2500
4,128.0000,20,6,861.9647,-89.3531,1.0009,3,0.0750,1.0000,8,7,6,0,0,7,6,0.1429
4,128.0000,20,7,118.2947,-73.9042,1.2051,39,0.9750,0.0000,4,4,0,1,0,5,0,1.0000
4,128.0000,20,8,882.9405,-88.8120,0.6547,6,0.1500,1.0000,8,7,6,0,0,7,6,0.1429
4,128.0000,20,9,717.9761,-87.2826,-0.1794,15,0.3750,0.5714,7,7,6,0,0,7,6,0.1429
4,128.0000,20,10,459.8655,-84.5469,-0.0485,35,0.8750,0.0000,4,4,0,0,0,4,0,1.0000
4,128.0000,20,17,538.9136,-86.3048,0.1640,23,0.5750,0.5000,6,4,1,74,66,78,67,0.1410
4,128.0000,20,18,402.6443,-84.6420,0.4126,32,0.8000,0.4167,24,5,1,0,0,5,1,0.8000
4,128.0000,20,21,936.9503,-88.8237,-0.2314,9,0.2250,1.0000,8,8,8,0,0,8,8,0.0000
4,128.0000,20,24,754.8972,-87.9263,-0.3710,17,0.4250,0.8750,8,7,6,0,0,7,6,0.1429
4,128.0000,21,1,530.6823,-87.1697,0.0019,30,0.7500,0.0000,4,4,0,0,0,4,0,1.0000
4,128.0000,21,3,873.6839,-88.1518,-0.3978,9,0.2250,1.0000,8,8,7,0,0,8,7,0.1250
4,128.0000,21,5,588.2887,-87.0991,0.1934,26,0.6500,0.5000,6,7,3,0,0,7,3,0.5714
4,128.0000,21,7,1019.2530,-89.1478,-0.1789,4,0.1000,1.0000,8,4,4,0,0,4,4,0.0000
4,128.0000,21,8,380.9697,-81.8774,-0.8714,39,0.9750,0.0000,4,6,3,24,24,30,27,0.1000
4,128.0000,21,17,578.1210,-85.6989,-0.0668,29,0.7250,0.7143,7,3,0,0,0,3,0,1.0000
4,128.0000,21,18,614.6126,-86.4105,0.5561,26,0.6500,0.3333,6,6,4,0,0,6,4,0.3333
4,128.0000,21,20,936.9503,-88.1819,0.0164,3,0.0750,1.0000,8,8,8,0,0,8,8,0.0000
4,128.0000,22,0,250.3661,-80.2177,0.5910,32,0.8000,0.0000,4,6,2,0,0,6,2,0.6667
4,128.0000,22,2,570.2004,-86.6327,0.3288,25,0.6250,0.4286,7,7,5,0,0,7,5,0.2857
4,128.0000,22,4,956.4564,-88.3882,-0.0988,5,0.1250,1.0000,8,6,6,0,0,6,6,0.0000
4,128.0000,22,6,236.4526,-78.9045,0.5011,34,0.8500,0.0000,4,5,2,0,0,5,2,0.6000
4,128.0000,22,7,972.0524,-88.0064,-0.0059,3,0.0750,0.8571,7,7,7,0,0,7,7,0.0000
4,128.0000,22,9,471.5076,-84.5835,0.5464,31,0.7750,0.4000,5,5,2,0,0,5,2,0.6000
4,128.0000,22,11,973.5998,-88.7078,-0.1979,7,0.1750,1.0000,8,6,6,0,0,6,6,0.0000
4,128.0000,22,12,910.1348,-88.3125,-0.5115,6,0.1500,1.0000,8,8,8,0,0,8,8,0.0000
4,128.0000,22,13,720.1707,-87.7452,0.2252,13,0.3250,1.0000,8,8,6,0,0,8,6,0.2500
4,128.0000,22,14,938.2287,-88.7391,-0.0113,7,0.1750,0.8750,8,8,8,0,0,8,8,0.0000
4,128.0000,22,15,537.8771,-86.6789,0.9113,23,0.5750,0.5000,6,6,3,0,0,6,3,0.5000
4,128.0000,22,19,214.2110,-77.7877,-0.2465,32,0.8000,0.0000,4,4,0,0,0,4,0,1.0000
4,128.0000,22,20,1067.8376,-89.3773,0.0790,5,0.1250,1.0000,4,8,8,0,0,8,8,0.0000
4,128.0000,22,23,685.4841,-87.2538,-0.3514,19,0.4750,0.5000,6,8,8,0,0,8,8,0.0000
4,128.0000,22,24,432.8803,-85.0566,0.5063,28,0.7000,0.3333,6,6,4,30,19,36,23,0.3611
4,128.0000,22,25,681.4146,-87.5256,0.1889,16,0.4000,0.8571,7,6,4,0,0,6,4,0.3333
4,128.0000,23,0,836.3287,-88.5274,-0.6133,14,0.3500,0.8750,8,8,8,0,0,8,8,0.0000
4,128.0000,23,2,289.7365,-80.9362,0.5418,38,0.9500,0.0000,4,5,1,0,0,5,1,0.8000
4,128.0000,23,4,936.7256,-88.6913,-0.2375,5,0.1250,1.0000,8,8,8,0,0,8,8,0.0000
4,128.0000,23,6,886.1838,-88.0081,0.4271,7,0.1750,1.0000,8,8,7,0,0,8,7,0.1250
4,128.0000,23,11,400.4690,-82.8887,-0.4368,33,0.8250,0.0000,4,5,1,0,0,5,1,0.8000
4,128.0000,23,12,391.0594,-83.6713,0.2836,37,0.9250,0.4000,5,4,0,0,0,4,0,1.0000
4,128.0000,23,13,218.6172,-79.0898,0.1632,37,0.9250,0.0000,4,4,0,0,0,4,0,1.0000
4,128.0000,23,15,167.8761,-70.5975,-2.6561,40,1.0000,0.0000,4,4,0,0,0,4,0,1.0000
4,128.0000,23,16,753.3026,-87.7499,-0.3962,22,0.5500,0.8571,7,8,8,0,0,8,8,0.0000
4,128.0000,23,19,558.4469,-85.7282,-0.4258,31,0.7750,0.4286,7,6,3,0,0,6,3,0.5000
4,128.0000,23,22,685.4841,-86.8270,-0.3447,22,0.5500,0.6667,6,7,6,0,0,7,6,0.1429
4,128.0000,24,0,463.1538,-84.9450,0.1593,26,0.6500,0.4000,5,5,1,0,0,5,1,0.8000
4,128.0000,24,4,1132.5367,-89.1451,0.1316,3,0.0750,1.0000,4,2,2,0,0,2,2,0.0000
4,128.0000,24,5,823.5961,-87.7075,-0.5262,13,0.3250,0.8750,8,8,8,0,0,8,8,0.0000
4,128.0000,24,6,378.1021,-84.6972,0.9614,30,0.7500,0.5714,7,4,0,0,0,4,0,1.0000
4,128.0000,24,7,688.0334,-87.5386,-0.1285,22,0.5500,0.5714,7,7,6,0,0,7,6,0.1429
4,128.0000,24,8,944.5187,-89.3354,0.2269,5,0.1250,1.0000,6,6,6,0,0,6,6,0.0000
4,128.0000,24,9,474.0077,-86.0698,0.2194,29,0.7250,0.3333,6,5,2,0,0,5,2,0.6000
4,128.0000,24,10,910.3199,-89.1596,0.1534,4,0.1000,1.0000,6,7,6,0,0,7,6,0.1429
4,128.0000,24,14,967.8097,-88.7268,-0.2255,6,0.1500,1.0000,10,8,8,0,0,8,8,0.0000
4,128.0000,24,15,939.2965,-88.7788,0.3612,6,0.1500,1.0000,6,8,7,0,0,8,7,0.1250
4,128.0000,24,17,663.8092,-86.5816,-0.2737,21,0.5250,0.8400,25,7,6,49,43,56,49,0.1250
4,128.0000,24,18,709.8936,-86.3074,-1.0550,23,0.5750,0.8571,7,7,6,0,0,7,6,0.1429
4,128.0000,24,19,550.6611,-86.9240,0.2371,23,0.5750,1.0000,8,6,4,0,0,6,4,0.3333
4,128.0000,24,20,754.8972,-87.9911,-0.1094,15,0.3750,0.7143,7,8,7,0,0,8,7,0.1250
4,128.0000,24,22,432.8803,-85.2548,0.5914,25,0.6250,0.7143,7,7,3,0,0,7,3,0.5714
4,128.0000,24,25,686.0045,-87.8293,0.1104,12,0.3000,1.0000,8,8,8,0,0,8,8,0.0000
4,128.0000,25,0,560.8251,-86.5192,0.1831,22,0.5366,0.3333,6,7,6,0,0,7,6,0.1429
4,128.0000,25,2,854.3888,-88.7476,-0.1722,6,0.1463,0.8571,7,8,7,0,0,8,7,0.1250
4,128.0000,25,4,649.0394,-87.7812,-0.4657,20,0.4878,1.0000,8,8,7,0,0,8,7,0.1250
4,128.0000,25,5,723.7059,-87.6174,0.4344,17,0.4146,0.8571,7,7,6,0,0,7,6,0.1429
4,128.0000,25,6,635.1897,-86.8588,0.1618,20,0.4878,0.5714,7,6,3,0,0,6,3,0.5000
4,128.0000,25,7,915.0691,-88.2167,-0.7147,9,0.2195,1.0000,8,8,8,0,0,8,8,0.0000
4,128.0000,25,8,809.6300,-87.4805,-0.3563,10,0.2439,0.6667,6,8,7,0,0,8,7,0.1250
4,128.0000,25,9,781.4840,-88.4638,-0.0286,7,0.1707,1.0000,8,8,7,0,0,8,7,0.1250
4,128.0000,25,14,393.8441,-81.7370,-1.0190,37,0.9024,0.0000,4,6,3,0,0,6,3,0.5000
4,128.0000,25,17,817.5746,-87.9139,-0.6401,15,0.3659,1.0000,14,8,8,0,0,8,8,0.0000
4,128.0000,25,18,898.6645,-88.3144,-0.2171,10,0.2439,0.8571,7,8,8,0,0,8,8,0.0000
4,128.0000,25,19,813.0249,-88.1322,0.4087,7,0.1707,0.8750,8,8,7,0,0,8,7,0.1250
4,128.0000,25,20,972.3515,-88.6904,-0.6276,3,0.0732,1.0000,8,8,8,0,0,8,8,0.0000
4,128.0000,25,22,681.4146,-87.7954,-0.6283,15,0.3659,0.8571,7,8,8,0,0,8,8,0.0000
4,128.0000,25,24,686.0045,-86.9655,-0.2085,15,0.3659,0.6667,6,6,4,0,0,6,4,0.3333
4,132.0000,0,2,696.0533,-87.9562,-0.2163,17,0.4250,0.8571,7,8,7,0,0,8,7,0.1250
4,132.0000,0,4,1134.0718,-88.8219,0.0909,4,0.1000,1.0000,4,4,4,0,0,4,4,0.0000
4,132.0000,0,5,1023.9215,-88.1631,2.1091,3,0.0750,1.0000,8,8,8,0,0,8,8,0.0000
4,132.0000,0,6,118.2111,-72.3523,0.1837,40,1.0000,0.0000,4,4,0,0,0,4,0,1.0000
4,132.0000,0,7,766.3695,-87.9422,-0.1135,17,0.4250,0.7143,7,5,4,0,0,5,4,0.2000
4,132.0000,0,9,248.5547,-80.7593,0.4416,40,1.0000,0.2000,5,4,0,0,0,4,0,1.0000
4,132.0000,0,12,973.3331,-88.6108,0.7128,5,0.1250,1.0000,6,6,6,0,0,6,6,0.0000
4,132.0000,0,13,783.8258,-88.0029,-0.1327,10,0.2500,1.0000,8,8,8,0,0,8,8,0.0000
4,132.0000,0,14,1026.3627,-88.6008,0.4507,7,0.1750,1.0000,8,4,4,0,0,4,4,0.0000
4,132.0000,0,15,699.5642,-87.8399,0.0824,18,0.4500,1.0000,6,7,5,0,0,7,5,0.2857
4,132.0000,0,17,1012.7261,-89.6979,-0.0094,3,0.0750,1.0000,6,6,6,0,0,6,6,0.0000
4,132.0000,0,19,460.4110,-84.9578,-0.4136,36,0.9000,0.2000,5,6,1,0,0,6,1,0.8333
4,132.0000,0,20,835.0168,-89.1160,0.1545,5,0.1250,1.0000,8,8,7,0,0,8,7,0.1250
4,132.0000,0,22,237.1805,-78.9904,0.5622,39,0.9750,0.2000,5,5,1,0,0,5,1,0.8000
4,132.0000,0,23,942.6230,-88.2376,-0.0522,9,0.2250,1.0000,8,6,6,0,0,6,6,0.0000
4,132.0000,0,24,408.2085,-84.4850,1.0076,35,0.8750,0.4000,5,6,3,0,0,6,3,0.5000
4,132.0000,0,25,604.2111,-86.7427,-0.0982,29,0.7250,0.2000,5,6,4,0,0,6,4,0.3333
4,132.0000,1,3,558.6994,-85.9752,-0.1544,33,0.8250,0.7143,7,6,2,10,9,16,11,0.3125
4,132.0000,1,5,780.5221,-88.1469,0.2946,14,0.3500,1.0000,10,8,8,0,0,8,8,0.0000
4,132.0000,1,8,815.3788,-88.3879,0.4407,16,0.4000,0.7143,7,8,8,0,0,8,8,0.0000
4,132.0000,1,10,925.3727,-88.5948,0.4958,6,0.1500,1.0000,6,8,8,0,0,8,8,0.0000
4,132.0000,1,17,678.6637,-87.5624,0.3099,18,0.4500,0.7143,7,6,4,0,0,6,4,0.3333
4,132.0000,1,18,630.3323,-87.5080,0.1084,17,0.4250,0.6667,6,7,4,0,0,7,4,0.4286
4,132.0000,1,20,893.9350,-88.0989,-0.0461,5,0.1250,1.0000,8,8,8,0,0,8,8,0.0000
4,132.0000,1,21,356.2463,-85.4285,1.2277,37,0.9250,0.2000,5,4,0,0,0,4,0,1.0000
4,132.0000,2,0,696.0533,-87.4548,0.1583,22,0.5500,0.8571,7,8,8,0,0,8,8,0.0000
4,132.0000,2,4,861.0353,-87.6695,-0.6170,11,0.2750,1.0000,8,8,8,0,0,8,8,0.0000
4,132.0000,2,6,781.6554,-88.5732,-0.2724,13,0.3250,1.0000,8,8,8,0,0,8,8,0.0000
4,132.0000,2,9,943.8530,-88.6266,-0.5179,7,0.1750,1.0000,8,8,8,0,0,8,8,0.0000
4,132.0000,2,11,490.6212,-84.4036,-0.6203,34,0.8500,0.5000,6,6,3,0,0,6,3,0.5000
4,132.0000,2,12,395.2513,-84.2079,0.4852,32,0.8000,0.2000,5,5,1,0,0,5,1,0.8000
4,132.0000,2,13,117.8348,-73.6918,1.0879,40,1.0000,0.0000,4,4,0,0,0,4,0,1.0000
4,132.0000,2,14,1030.0857,-88.0353,0.3813,3,0.0750,1.0000,2,8,8,0,0,8,8,0.0000
4,132.0000,2,15,287.3029,-80.8843,-0.1182,39,0.9750,0.2000,5,4,0,0,0,4,0,1.0000
4,132.0000,2,16,860.4933,-88.3992,-0.1400,17,0.4250,0.6667,6,8,8,0,0,8,8,0.0000
4,132.0000,2,19,556.3345,-86.1998,-0.6303,26,0.6500,0.7143,7,5,1,0,0,5,1,0.8000
4,132.0000,2,22,622.3106,-86.7400,-0.1982,24,0.6000,0.5714,7,10,10,0,0,10,10,0.0000
4,132.0000,2,23,294.6795,-80.3817,0.2891,40,1.0000,0.0000,4,5,1,0,0,5,1,0.8000
4,132.0000,2,24,908.1902,-88.5884,1.6802,4,0.1000,1.0000,4,8,8,0,0,8,8,0.0000
4,132.0000,2,25,827.0983,-88.5688,0.0710,8,0.2000,1.0000,8,8,8,0,0,8,8,0.0000
4,132.0000,3,1,558.6994,-85.7231,-0.0262,33,0.8250,0.2000,5,5,2,0,0,5,2,0.6000
4,132.0000,3,5,1083.6576,-89.1541,0.2347,3,0.0750,1.0000,8,2,2,0,0,2,2,0.0000
4,132.0000,3,7,962.2269,-89.1584,-0.0814,6,0.1500,0.8571,7,6,6,0,0,6,6,0.0000
4,132.0000,3,10,666.1325,-87.0658,0.0039,26,0.6500,0.6667,6,6,4,0,0,6,4,0.3333
4,132.0000,3,17,810.7765,-88.7487,-0.1212,14,0.3500,1.0000,8,8,8,0,0,8,8,0.0000
4,132.0000,3,18,702.5709,-87.7062,-0.2601,25,0.6250,0.7143,7,7,3,0,0,7,3,0.5714
4,132.0000,3,20,889.3939,-88.6631,0.3070,9,0.2250,0.7143,7,7,6,0,0,7,6,0.1429
4,132.0000,3,21,870.0140,-88.6467,-0.1680,12,0.3000,1.0000,8,9,8,0,0,9,8,0.1111
4,132.0000,4,2,861.0353,-88.1002,0.1003,10,0.2500,1.0000,8,8,8,0,0,8,8,0.0000
4,132.0000,4,6,1163.9657,-88.2976,0.5035,3,0.0750,1.0000,4,4,4,0,0,4,4,0.0000
4,132.0000,4,13,940.4089,-89.3140,-0.4731,4,0.1000,1.0000,8,6,6,0,0,6,6,0.0000
4,132.0000,4,14,411.2793,-83.9404,-0.4975,32,0.8000,0.4000,5,4,0,0,0,4,0,1.0000
4,132.0000,4,15,1019.1902,-89.4619,-0.2937,5,0.1250,1.0000,8,8,8,0,0,8,8,0.0000
4,132.0000,4,16,574.0609,-87.2567,0.0796,23,0.5750,0.3333,6,6,3,0,0,6,3,0.5000
4,132.0000,4,19,1084.3193,-88.5472,-0.1860,3,0.0750,1.0000,4,4,4,0,0,4,4,0.0000
4,132.0000,4,22,1062.5553,-89.4844,0.4763,3,0.0750,1.0000,8,4,4,0,0,4,4,0.0000
4,132.0000,4,23,959.8168,-88.4101,0.4692,6,0.1500,1.0000,8,8,7,0,0,8,7,0.1250
4,132.0000,4,25,683.9825,-86.8947,-0.2800,12,0.3000,1.0000,8,7,5,0,0,7,5,0.2857
4,132.0000,5,1,780.5221,-87.7392,-0.0746,17,0.4250,1.0000,8,8,7,0,0,8,7,0.1250
4,132.0000,5,7,681.4394,-86.8149,-0.5096,28,0.7000,0.6667,6,7,5,0,0,7,5,0.2857
4,132.0000,5,8,375.2054,-83.7088,0.4592,36,0.9000,0.6667,6,5,2,0,0,5,2,0.6000
4,132.0000,5,9,886.1162,-88.3725,-0.3046,8,0.2000,0.8571,7,8,8,0,0,8,8,0.0000
4,132.0000,5,10,889.3528,-88.6349,0.1786,12,0.3000,1.0000,8,6,6,0,0,6,6,0.0000
4,132.0000,5,14,978.4438,-89.0543,0.2586,3,0.0750,1.0000,4,8,8,0,0,8,8,0.0000
4,132.0000,5,17,451.1733,-83.9657,-0.1884,36,0.9000,0.5000,6,5,1,0,0,5,1,0.8000
4,132.0000,5,18,481.4895,-84.0803,-0.9665,35,0.8750,0.5000,6,7,5,0,0,7,5,0.2857
4,132.0000,5,20,525.0668,-85.8967,-0.4159,28,0.7000,0.6000,5,5,2,0,0,5,2,0.6000
4,132.0000,5,21,590.6019,-86.7038,0.0398,25,0.6250,0.5000,6,6,3,0,0,6,3,0.5000
4,132.0000,5,24,951.6058,-88.2877,-0.3287,7,0.1750,0.8750,8,8,8,0,0,8,8,0.0000
4,132.0000,5,25,775.3289,-88.2271,-0.0446,12,0.3000,0.7143,7,7,6,0,0,7,6,0.1429
4,132.0000,6,0,118.2111,-71.7282,0.7057,37,0.9487,0.0000,4,4,0,0,0,4,0,1.0000
4,132.0000,6,2,781.6554,-88.0435,-0.0687,16,0.4103,0.7500,8,8,8,0,0,8,8,0.0000
4,132.0000,6,5,953.6194,-88.7191,0.2730,4,0.1026,1.0000,4,7,6,0,0,7,6,0.1429
4,132.0000,6,7,687.4087,-87.5271,0.0178,11,0.2821,0.8571,7,7,6,0,0,7,6,0.1429
4,132.0000,6,9,195.6261,-77.6632,1.1770,36,0.9231,0.0000,4,5,1,0,0,5,1,0.8000
4,132.0000,6,10,953.3500,-89.3508,-0.0318,3,0.0769,1.0000,6,8,8,0,0,8,8,0.0000
4,132.0000,6,12,1071.9531,-88.6661,0.0670,5,0.1282,1.0000,4,4,4,0,0,4,4,0.0000
4,132.0000,6,13,874.2452,-88.6994,-0.1228,9,0.2308,0.8750,8,8,6,0,0,8,6,0.2500
4,132.0000,6,14,1025.5318,-87.6223,-0.6482,3,0.0769,1.0000,6,8,8,0,0,8,8,0.0000
4,132.0000,6,15,759.3723,-88.9578,0.1928,8,0.2051,0.6667,6,8,8,0,0,8,8,0.0000
4,132.0000,6,19,467.3059,-84.4606,0.6525,29,0.7436,0.4444,9,5,2,0,0,5,2,0.6000
4,132.0000,6,20,750.6078,-87.2853,0.3622,10,0.2564,1.0000,8,8,7,0,0,8,7,0.1250
4,132.0000,6,22,231.4565,-78.6961,-0.3741,33,0.8462,0.1481,27,6,2,0,0,6,2,0.6667
4,132.0000,6,24,306.6067,-82.2985,0.4812,32,0.8205,0.5588,34,4,0,58,29,62,29,0.5323
4,132.0000,6,25,606.4292,-86.7106,-0.1936,23,0.5897,0.4000,5,7,5,0,0,7,5,0.2857
4,132.0000,7,0,766.3695,-88.2753,-0.7679,7,0.1707,1.0000,8,7,6,0,0,7,6,0.1429
4,132.0000,7,3,962.2269,-87.8316,-0.8431,5,0.1220,1.0000,8,8,8,0,0,8,8,0.0000
4,132.0000,7,5,681.4394,-86.2936,-0.2179,15,0.3659,0.6667,6,7,6,0,0,7,6,0.1429
4,132.0000,7,6,687.4087,-86.7406,0.2714,13,0.3171,0.8571,7,8,8,0,0,8,8,0.0000
4,132.0000,7,8,894.1035,-88.4052,-0.3498,5,0.1220,1.0000,6,8,8,0,0,8,8,0.0000
4,132.0000,7,9,522.5006,-85.8472,0.1592,25,0.6098,0.7500,8,5,1,0,0,5,1,0.8000
4,132.0000,7,10,426.0909,-85.0279,0.6188,28,0.6829,0.6667,6,6,3,0,0,6,3,0.5000
4,132.0000,7,17,579.7738,-86.3619,0.3709,18,0.4390,0.8571,7,8,6,0,0,8,6,0.2500
4,132.0000,7,18,495.8061,-84.8551,0.5214,28,0.6829,0.5714,7,5,2,0,0,5,2,0.6000
4,132.0000,7,20,170.6036,-73.1458,-0.6762,38,0.9268,0.0000,4,5,1,0,0,5,1,0.8000
4,132.0000,7,22,900.5276,-89.0504,0.0304,6,0.1463,1.0000,8,8,8,0,0,8,8,0.0000
4,132.0000,7,24,741.0166,-87.6338,-0.1908,12,0.2927,0.7143,7,8,8,0,0,8,8,0.0000
4,132.0000,7,25,979.5527,-88.4851,-0.0355,3,0.0732,1.0000,16,4,4,2,2,6,6,0.0000
4,132.0000,8,1,815.3788,-89.1419,0.3118,9,0.2250,0.8571,7,5,2,0,0,5,2,0.6000
4,132.0000,8,3,1151.0285,-88.6586,1.3613,4,0.1000,1.0000,6,4,4,0,0,4,4,0.0000
4,132.0000,8,5,375.2054,-84.0824,0.9930,29,0.7250,0.0000,4,4,0,0,0,4,0,1.0000
4,132.0000,8,7,894.1035,-88.6133,0.2130,3,0.0750,1.0000,8,8,8,6,6,14,14,0.0000
4,132.0000,8,10,987.4513,-88.2169,0.3855,3,0.0750,1.0000,6,2,2,0,0,2,2,0.0000
4,132.0000,8,14,887.2648,-88.4242,0.0929,8,0.2000,1.0000,8,8,8,0,0,8,8,0.0000
4,132.0000,8,17,425.4555,-83.6272,-0.3671,33,0.8250,0.4000,5,6,3,0,0,6,3,0.5000
4,132.0000,8,18,546.7262,-85.7249,0.2149,29,0.7250,0.5000,6,6,4,0,0,6,4,0.3333
4,132.0000,8,20,747.3031,-88.4637,0.5306,14,0.3500,0.8571,7,5,1,0,0,5,1,0.8000
4,132.0000,8,21,542.7401,-84.8026,-0.3064,34,0.8500,0.0000,4,6,2,0,0,6,2,0.6667
4,132.0000,8,24,913.5232,-88.5092,-0.7602,3,0.0750,1.0000,10,8,8,2,2,10,10,0.0000
4,132.0000,8,25,800.4807,-88.9887,-0.1000,9,0.2250,0.8750,8,8,8,0,0,8,8,0.0000
4,132.0000,9,0,248.5547,-80.2922,0.2910,38,0.9500,0.2000,5,4,0,0,0,4,0,1.0000
4,132.0000,9,2,943.8530,-89.1618,0.1622,7,0.1750,1.0000,8,6,6,0,0,6,6,0.0000
4,132.0000,9,5,886.1162,-88.3937,0.6834,7,0.1750,0.8750,8,8,8,0,0,8,8,0.0000
4,132.0000,9,6,195.6261,-77.6299,0.6648,38,0.9500,0.0000,4,4,0,0,0,4,0,1.0000
4,132.0000,9,7,522.5006,-85.9822,0.2353,32,0.8000,0.5000,6,7,5,0,0,7,5,0.2857
4,132.0000,9,10,831.6389,-88.4352,0.0839,12,0.3000,1.0000,8,8,8,0,0,8,8,0.0000
4,132.0000,9,14,1125.5649,-89.6812,0.0506,3,0.0750,,0,6,6,0,0,6,6,0.0000
4,132.0000,9,15,938.5321,-88.7989,0.5907,5,0.1250,1.0000,8,8,8,0,0,8,8,0.0000
4,132.0000,9,17,849.6557,-88.4020,-0.0739,11,0.2750,1.0000,8,8,7,0,0,8,7,0.1250
4,132.0000,9,18,852.7924,-88.6486,-0.0490,10,0.2500,1.0000,8,6,5,0,0,6,5,0.1667
4,132.0000,9,19,653.6960,-87.2186,0.2612,25,0.6250,0.8750,8,8,7,0,0,8,7,0.1250
4,132.0000,9,20,607.9632,-87.1855,-0.4653,25,0.6250,0.8571,7,8,6,0,0,8,6,0.2500
4,132.0000,9,22,425.0692,-84.2047,0.3095,32,0.8000,0.1667,6,5,4,0,0,5,4,0.2000
4,132.0000,9,24,423.9746,-84.5705,0.1555,38,0.9500,0.0000,4,5,2,0,0,5,2,0.6000
4,132.0000,9,25,686.6836,-87.6827,-0.4234,15,0.3750,0.8571,7,5,2,0,0,5,2,0.6000
4,132.0000,10,3,666.1325,-86.8892,-0.0429,22,0.5641,0.8929,84,8,7,46,44,54,51,0.0556
4,132.0000,10,5,889.3528,-88.3526,-0.3906,6,0.1538,0.8750,8,8,8,0,0,8,8,0.0000
4,132.0000,10,7,426.0909,-85.4085,0.5338,27,0.6923,0.6250,8,4,0,0,0,4,0,1.0000
4,132.0000,10,9,831.6389,-88.3619,0.5026,7,0.1795,1.0000,8,8,8,0,0,8,8,0.0000
4,132.0000,10,17,567.2032,-87.0393,-0.1915,18,0.4615,0.8378,37,5,2,39,33,44,35,0.2045
4,132.0000,10,18,462.5705,-85.8369,-0.0085,26,0.6667,0.9057,53,6,3,34,30,40,33,0.1750
4,132.0000,10,20,449.3500,-85.0250,0.2971,29,0.7436,0.5000,6,5,1,30,19,35,20,0.4286
4,132.0000,10,24,877.6543,-88.5646,-0.1094,7,0.1795,0.8000,5,8,8,0,0,8,8,0.0000
4,132.0000,11,2,490.6212,-85.4970,-0.0418,31,0.7750,0.4000,5,7,6,0,0,7,6,0.1429
4,132.0000,11,6,1261.1344,-89.5712,-0.4427,3,0.0750,1.0000,4,4,4,0,0,4,4,0.0000
4,132.0000,11,12,320.8011,-81.4619,-0.6946,36,0.9000,0.0000,7,5,1,0,0,5,1,0.8000
4,132.0000,11,13,393.9220,-81.9495,-1.7072,36,0.9000,0.2917,24,6,4,28,18,34,22,0.3529
4,132.0000,11,15,654.2943,-86.8734,0.0427,30,0.7500,0.9149,47,7,6,46,46,53,52,0.0189
4,132.0000,11,16,804.9532,-87.6983,0.3496,13,0.3250,0.9000,10,8,7,0,0,8,7,0.1250
4,132.0000,11,19,1016.1540,-89.2727,-0.3353,9,0.2250,1.0000,8,8,8,0,0,8,8,0.0000
4,132.0000,11,23,401.1713,-83.3810,0.1753,32,0.8000,0.0000,4,4,0,0,0,4,0,1.0000
4,132.0000,12,0,973.3331,-88.9338,0.4898,3,0.0750,1.0000,8,4,4,0,0,4,4,0.0000
4,132.0000,12,2,395.2513,-84.3410,0.2335,32,0.8000,0.3333,6,4,0,0,0,4,0,1.0000
4,132.0000,12,11,320.8011,-81.1596,-0.1265,39,0.9750,0.0000,4,4,0,0,0,4,0,1.0000
4,132.0000,12,13,280.5640,-81.1285,-0.1862,35,0.8750,0.5000,6,4,0,0,0,4,0,1.0000
4,132.0000,12,15,490.1043,-85.2462,-0.3783,32,0.8000,0.7000,10,5,1,0,0,5,1,0.8000
4,132.0000,12,16,1040.4217,-89.8501,-0.0205,3,0.0750,1.0000,8,4,4,0,0,4,4,0.0000
4,132.0000,12,19,832.7468,-88.5425,0.3754,6,0.1500,1.0000,8,6,6,0,0,6,6,0.0000
4,132.0000,12,22,929.0221,-88.5341,-0.0648,9,0.2250,1.0000,8,8,8,0,0,8,8,0.0000
4,132.0000,12,23,371.8543,-83.0015,-0.6869,36,0.9000,0.5000,6,5,2,0,0,5,2,0.6000
4,132.0000,13,0,783.8258,-88.6560,-0.0141,11,0.2750,0.7143,7,8,8,0,0,8,8,0.0000
4,132.0000,13,2,117.8348,-74.7612,0.6745,39,0.9750,0.0000,4,4,0,0,0,4,0,1.0000
4,132.0000,13,4,940.4089,-88.4937,-0.1043,14,0.3500,0.8750,8,4,4,0,0,4,4,0.0000
4,132.0000,13,6,874.2452,-88.7093,0.4743,11,0.2750,1.0000,8,8,8,0,0,8,8,0.0000
4,132.0000,13,11,393.9220,-81.3623,-1.4400,40,1.0000,0.0000,4,5,1,0,0,5,1,0.8000
4,132.0000,13,12,280.5640,-81.2579,0.2907,40,1.0000,0.0000,4,4,0,0,0,4,0,1.0000
4,132.0000,13,15,315.2936,-82.1661,-0.1570,35,0.8750,0.2000,5,5,1,0,0,5,1,0.8000
4,132.0000,13,16,878.1944,-88.3685,-0.2055,13,0.3250,0.8571,7,8,8,0,0,8,8,0.0000
4,132.0000,13,19,635.2615,-86.7666,0.2749,21,0.5250,0.8485,33,7,5,24,24,31,29,0.0645
4,132.0000,13,22,717.0105,-87.7904,-0.0945,19,0.4750,0.8750,8,6,4,0,0,6,4,0.3333
4,132.0000,13,23,247.6590,-78.4652,-0.2858,40,1.0000,0.2000,5,4,0,0,0,4,0,1.0000
4,132.0000,13,25,939.4300,-89.1615,-0.0673,4,0.1000,0.9000,10,6,6,0,0,6,6,0.0000
4,132.0000,14,0,1026.3627,-88.3402,-1.9931,3,0.0750,1.0000,8,8,8,0,0,8,8,0.0000
4,132.0000,14,4,411.2793,-83.5560,0.5622,32,0.8000,0.2000,5,6,2,0,0,6,2,0.6667
4,132.0000,14,5,978.4438,-89.0328,0.2048,4,0.1000,1.0000,6,8,8,0,0,8,8,0.0000
4,132.0000,14,8,887.2648,-88.6015,0.3745,6,0.1500,0.7143,7,6,6,0,0,6,6,0.0000
4,132.0000,14,16,976.9307,-88.4789,0.9848,3,0.0750,1.0000,8,8,8,0,0,8,8,0.0000
4,132.0000,14,24,1039.6398,-88.8892,0.9736,3,0.0750,1.0000,8,6,6,0,0,6,6,0.0000
4,132.0000,14,25,448.7969,-84.5983,-1.1041,24,0.6000,0.3333,6,5,1,0,0,5,1,0.8000
4,132.0000,15,0,699.5642,-87.4402,0.3726,19,0.4750,0.7500,8,8,6,0,0,8,6,0.2500
4,132.0000,15,2,287.3029,-80.9399,0.4668,38,0.9500,0.2000,5,4,0,0,0,4,0,1.0000
4,132.0000,15,4,1019.1902,-89.1684,-0.6169,6,0.1500,1.0000,8,8,8,0,0,8,8,0.0000
4,132.0000,15,6,759.3723,-87.7183,-0.0203,11,0.2750,0.7143,7,7,5,0,0,7,5,0.2857
4,132.0000,15,9,938.5321,-89.0025,0.3016,8,0.2000,0.8750,8,8,8,0,0,8,8,0.0000
4,132.0000,15,11,654.2943,-86.4199,-0.6289,26,0.6500,0.5714,7,5,2,0,0,5,2,0.6000
4,132.0000,15,12,490.1043,-84.8120,-0.3049,35,0.8750,0.0000,4,5,1,0,0,5,1,0.8000
4,132.0000,15,13,315.2936,-81.3687,-0.0967,38,0.9500,0.3333,6,5,1,0,0,5,1,0.8000
4,132.0000,15,16,983.7444,-88.3242,0.2042,10,0.2500,0.8571,7,8,8,0,0,8,8,0.0000
4,132.0000,15,19,384.9797,-83.7913,-0.2899,33,0.8250,0.6364,11,5,2,0,0,5,2,0.6000
4,132.0000,15,22,553.1440,-85.9166,-0.2692,26,0.6500,0.4000,5,7,6,0,0,7,6,0.1429
4,132.0000,15,23,299.8254,-78.4508,-1.2540,38,0.9500,0.2000,5,4,0,0,0,4,0,1.0000
4,132.0000,15,24,810.8947,-88.7603,-0.1906,14,0.3500,0.8571,7,7,6,0,0,7,6,0.1429
4,132.0000,16,2,860.4933,-87.7575,-0.8070,11,0.2750,0.8750,8,8,8,0,0,8,8,0.0000
4,132.0000,16,4,574.0609,-85.8638,-0.3338,27,0.6750,0.5000,6,7,6,0,0,7,6,0.1429
4,132.0000,16,11,804.9532,-88.4961,-0.2679,10,0.2500,0.8571,7,8,6,0,0,8,6,0.2500
4,132.0000,16,12,1040.4217,-88.9444,0.1099,4,0.1000,1.0000,6,8,8,0,0,8,8,0.0000
4,132.0000,16,13,878.1944,-88.0460,0.0437,14,0.3500,1.0000,8,8,8,0,0,8,8,0.0000
4,132.0000,16,14,976.9307,-88.4062,-0.9638,3,0.0750,1.0000,8,4,4,0,0,4,4,0.0000
4,132.0000,16,15,983.7444,-88.6764,0.1969,4,0.1000,1.0000,8,8,8,0,0,8,8,0.0000
4,132.0000,16,23,779.7948,-87.5454,-0.0892,15,0.3750,0.9000,10,8,7,0,0,8,7,0.1250
4,132.0000,17,1,678.6637,-87.7928,0.5427,19,0.4750,0.8750,8,5,2,0,0,5,2,0.6000
4,132.0000,17,3,810.7765,-88.2113,0.0464,15,0.3750,1.0000,8,8,7,0,0,8,7,0.1250
4,132.0000,17,5,451.1733,-83.5879,-0.0994,33,0.8250,0.5714,7,6,3,0,0,6,3,0.5000
4,132.0000,17,6,907.2656,-89.5383,0.0418,3,0.0750,1.0000,8,8,7,0,0,8,7,0.1250
4,132.0000,17,7,579.7738,-86.2454,0.1118,21,0.5250,0.6316,19,7,4,2,2,9,6,0.3333
4,132.0000,17,8,425.4555,-84.0725,0.0622,37,0.9250,0.4167,12,7,6,13,5,20,11,0.4500
4,132.0000,17,9,849.6557,-88.4746,0.2723,11,0.2750,1.0000,8,8,7,0,0,8,7,0.1250
4,132.0000,17,10,567.2032,-87.2132,0.4408,18,0.4500,0.7143,7,5,2,0,0,5,2,0.6000
4,132.0000,17,18,147.8609,-74.2878,0.0155,35,0.8750,0.0000,4,4,0,0,0,4,0,1.0000
4,132.0000,17,20,444.6295,-85.9662,0.0383,30,0.7500,0.7500,8,5,1,0,0,5,1,0.8000
4,132.0000,17,21,603.8976,-86.4033,0.2763,33,0.8250,0.4000,5,5,2,0,0,5,2,0.6000
4,132.0000,17,24,787.0578,-87.3490,0.2162,17,0.4250,1.0000,8,8,7,0,0,8,7,0.1250
4,132.0000,17,25,956.9703,-88.9344,-0.1537,9,0.2250,1.0000,20,8,8,0,0,8,8,0.0000
4,132.0000,18,1,630.3323,-87.7246,0.1849,21,0.5122,0.7143,7,7,5,0,0,7,5,0.2857
4,132.0000,18,3,702.5709,-87.4334,-0.2621,23,0.5610,1.0000,8,6,3,0,0,6,3,0.5000
4,132.0000,18,5,481.4895,-83.8746,-0.6353,38,0.9268,0.0000,4,5,2,0,0,5,2,0.6000
4,132.0000,18,6,939.6290,-88.8710,-0.1298,4,0.0976,1.0000,8,6,6,0,0,6,6,0.0000
4,132.0000,18,7,495.8061,-84.8444,0.6735,30,0.7317,0.0000,4,5,2,0,0,5,2,0.6000
4,132.0000,18,8,546.7262,-85.5961,0.1877,25,0.6098,0.3889,18,6,3,0,0,6,3,0.5000
4,132.0000,18,9,852.7924,-89.2533,-0.1376,8,0.1951,1.0000,8,8,8,0,0,8,8,0.0000
4,132.0000,18,10,462.5705,-86.0641,0.7274,33,0.8049,0.2000,5,5,1,0,0,5,1,0.8000
4,132.0000,18,17,147.8609,-74.7561,0.4636,40,0.9756,0.0000,4,4,0,0,0,4,0,1.0000
4,132.0000,18,20,358.0426,-83.2978,0.1089,35,0.8537,0.2000,5,4,0,0,0,4,0,1.0000
4,132.0000,18,21,626.7545,-86.6025,0.2789,29,0.7073,0.5000,6,6,3,12,9,18,12,0.3333
4,132.0000,18,24,847.8662,-88.6525,-0.5279,5,0.1220,0.8750,8,8,8,0,0,8,8,0.0000
4,132.0000,18,25,1037.2033,-88.5395,-0.7115,3,0.0732,1.0000,8,6,6,0,0,6,6,0.0000
4,132.0000,19,0,460.4110,-85.1346,0.0953,29,0.7250,0.6667,6,4,0,0,0,4,0,1.0000
4,132.0000,19,2,556.3345,-86.3786,0.1340,22,0.5500,0.5000,6,6,4,0,0,6,4,0.3333
4,132.0000,19,6,467.3059,-84.9243,-0.6754,25,0.6250,0.4286,7,6,3,0,0,6,3,0.5000
4,132.0000,19,9,653.6960,-86.8506,-0.3044,24,0.6000,0.5000,6,6,4,0,0,6,4,0.3333
4,132.0000,19,12,832.7468,-88.5052,4.2135,3,0.0750,0.8571,7,8,8,0,0,8,8,0.0000
4,132.0000,19,13,635.2615,-87.3271,-0.0847,21,0.5250,0.6667,6,7,5,0,0,7,5,0.2857
4,132.0000,19,15,384.9797,-83.2647,-0.2596,33,0.8250,0.7143,7,7,6,0,0,7,6,0.1429
4,132.0000,19,22,242.5376,-78.7437,-0.5938,36,0.9000,0.0000,4,5,1,0,0,5,1,0.8000
4,132.0000,19,23,673.0154,-86.9495,-0.2520,20,0.5000,0.5000,6,7,6,0,0,7,6,0.1429
4,132.0000,19,24,438.0474,-84.9604,0.8102,27,0.6750,0.5714,7,5,1,0,0,5,1,0.8000
4,132.0000,19,25,797.0229,-88.8610,-0.1550,10,0.2500,1.0000,8,8,7,0,0,8,7,0.1250
4,132.0000,20,0,835.0168,-88.8482,0.1805,10,0.2500,1.0000,8,8,8,0,0,8,8,0.0000
4,132.0000,20,1,893.9350,-89.0496,-0.0858,6,0.1500,0.8571,7,8,8,0,0,8,8,0.0000
4,132.0000,20,3,889.3939,-88.5306,-0.1569,14,0.3500,0.8571,7,8,8,0,0,8,8,0.0000
4,132.0000,20,5,525.0668,-85.7279,0.3225,31,0.7750,0.7500,8,7,5,0,0,7,5,0.2857
4,132.0000,20,6,750.6078,-88.6391,0.3028,10,0.2500,0.8571,7,8,7,0,0,8,7,0.1250
4,132.0000,20,7,170.6036,-73.1286,-1.1460,35,0.8750,0.0000,5,4,0,0,0,4,0,1.0000
4,132.0000,20,8,747.3031,-87.9239,0.3092,16,0.4000,0.8571,7,8,6,97,89,105,95,0.0952
4,132.0000,20,9,607.9632,-87.6441,-0.0055,23,0.5750,0.8571,7,6,4,0,0,6,4,0.3333
4,132.0000,20,10,449.3500,-85.5479,0.4468,33,0.8250,0.0000,4,4,0,0,0,4,0,1.0000
4,132.0000,20,17,444.6295,-85.2485,0.1525,27,0.6750,0.8590,78,5,1,6,6,11,7,0.3636
4,132.0000,20,18,358.0426,-83.1163,-0.0112,36,0.9000,0.2000,5,5,2,0,0,5,2,0.6000
4,132.0000,20,21,900.2091,-88.9170,-0.1724,9,0.2250,1.0000,8,8,8,0,0,8,8,0.0000
4,132.0000,20,22,953.1624,-89.1042,0.0261,5,0.1250,0.8750,8,8,7,0,0,8,7,0.1250
4,132.0000,20,24,774.3922,-88.3498,-0.5373,13,0.3250,0.8571,7,8,7,0,0,8,7,0.1250
4,132.0000,20,25,938.5203,-88.3814,0.1446,3,0.0750,1.0000,8,7,5,0,0,7,5,0.2857
4,132.0000,21,1,356.2463,-85.3565,0.8600,35,0.8750,0.0000,4,4,0,5,0,9,0,1.0000
4,132.0000,21,3,870.0140,-88.5898,-0.0926,11,0.2750,0.8750,8,8,8,0,0,8,8,0.0000
4,132.0000,21,5,590.6019,-87.0750,0.1508,31,0.7750,0.4286,7,6,4,0,0,6,4,0.3333
4,132.0000,21,8,542.7401,-84.2205,-0.6240,32,0.8000,0.9000,30,7,5,80,79,87,84,0.0345
4,132.0000,21,17,603.8976,-86.8305,-0.2342,28,0.7000,0.0000,3,5,2,0,0,5,2,0.6000
4,132.0000,21,18,626.7545,-86.9244,0.4867,26,0.6500,0.6667,6,6,4,0,0,6,4,0.3333
4,132.0000,21,20,900.2091,-88.3834,-0.0855,8,0.2000,1.0000,8,8,8,0,0,8,8,0.0000
4,132.0000,22,0,237.1805,-78.8379,-0.2912,40,1.0000,0.3333,6,5,1,0,0,5,1,0.8000
4,132.0000,22,2,622.3106,-86.7386,0.3941,26,0.6500,0.7143,7,7,5,0,0,7,5,0.2857
4,132.0000,22,6,231.4565,-79.1531,0.1337,40,1.0000,0.4000,5,4,0,0,0,4,0,1.0000
4,132.0000,22,7,900.5276,-89.4533,-0.2559,4,0.1000,1.0000,7,8,8,0,0,8,8,0.0000
4,132.0000,22,9,425.0692,-84.9540,0.4887,35,0.8750,0.4000,5,5,1,0,0,5,1,0.8000
4,132.0000,22,12,929.0221,-88.7154,0.0334,7,0.1750,1.0000,8,8,8,0,0,8,8,0.0000
4,132.0000,22,13,717.0105,-87.4944,-0.3263,18,0.4500,0.7500,8,8,5,0,0,8,5,0.3750
4,132.0000,22,14,991.1934,-89.2063,0.5407,4,0.1000,1.0000,8,8,8,0,0,8,8,0.0000
4,132.0000,22,15,553.1440,-86.1382,0.2873,31,0.7750,0.5000,6,7,6,0,0,7,6,0.1429
4,132.0000,22,17,1036.6405,-89.2890,-0.0785,4,0.1000,1.0000,4,6,6,0,0,6,6,0.0000
4,132.0000,22,19,242.5376,-77.6906,-0.2455,40,1.0000,0.0000,4,4,0,0,0,4,0,1.0000
4,132.0000,22,20,953.1624,-88.5980,-0.2621,5,0.1250,1.0000,8,8,8,0,0,8,8,0.0000
4,132.0000,22,23,819.8420,-87.8488,-0.1649,18,0.4500,1.0000,8,8,8,0,0,8,8,0.0000
4,132.0000,22,24,299.4510,-82.6904,1.1625,40,1.0000,0.6389,36,4,0,0,0,4,0,1.0000
4,132.0000,22,25,630.3774,-87.5886,0.2513,24,0.6000,0.6667,6,8,7,0,0,8,7,0.1250
4,132.0000,23,0,942.6230,-88.6417,0.4177,7,0.1750,1.0000,8,8,8,0,0,8,8,0.0000
4,132.0000,23,2,294.6795,-81.0611,-0.0612,37,0.9250,0.2000,5,5,1,0,0,5,1,0.8000
4,132.0000,23,4,959.8168,-88.9810,0.5331,5,0.1250,1.0000,8,8,8,0,0,8,8,0.0000
4,132.0000,23,6,1014.7183,-88.2469,1.0691,3,0.0750,0.8750,8,2,2,0,0,2,2,0.0000
4,132.0000,23,11,401.1713,-83.8843,0.4828,37,0.9250,0.2000,5,4,0,0,0,4,0,1.0000
4,132.0000,23,12,371.8543,-82.9859,0.0726,38,0.9500,0.0000,4,4,0,0,0,4,0,1.0000
4,132.0000,23,13,247.6590,-78.1077,-0.3367,37,0.9250,0.0000,4,4,0,0,0,4,0,1.0000
4,132.0000,23,15,299.8254,-78.1806,-1.6060,38,0.9500,0.0000,4,5,1,0,0,5,1,0.8000
4,132.0000,23,16,779.7948,-88.0334,-0.6319,20,0.5000,1.0000,8,7,6,0,0,7,6,0.1429
4,132.0000,23,19,673.0154,-86.8911,0.2159,17,0.4250,0.5000,6,8,5,0,0,8,5,0.3750
4,132.0000,23,22,819.8420,-88.0529,-0.2055,11,0.2750,0.8571,7,8,8,0,0,8,8,0.0000
4,132.0000,23,25,1068.4275,-88.9923,-1.7796,4,0.1000,,0,4,4,0,0,4,4,0.0000
4,132.0000,24,0,408.2085,-84.7970,0.0138,35,0.8750,0.2000,5,5,1,0,0,5,1,0.8000
4,132.0000,24,2,908.1902,-88.6948,-0.5576,5,0.1250,1.0000,8,7,6,0,0,7,6,0.1429
4,132.0000,24,5,951.6058,-89.1777,0.1149,9,0.2250,1.0000,8,4,4,0,0,4,4,0.0000
4,132.0000,24,6,306.6067,-81.8258,0.3431,37,0.9250,0.0000,4,4,0,0,0,4,0,1.0000
4,132.0000,24,7,741.0166,-87.1881,-0.2134,22,0.5500,0.8571,7,7,6,0,0,7,6,0.1429
4,132.0000,24,8,913.5232,-89.0661,0.1237,10,0.2500,1.0000,6,8,8,0,0,8,8,0.0000
4,132.0000,24,9,423.9746,-84.7891,0.3308,34,0.8500,0.4000,5,5,2,0,0,5,2,0.6000
4,132.0000,24,10,877.6543,-88.1882,0.5417,5,0.1250,0.8571,7,7,6,0,0,7,6,0.1429
4,132.0000,24,14,1039.6398,-88.6407,0.2030,6,0.1500,1.0000,8,4,4,0,0,4,4,0.0000
4,132.0000,24,15,810.8947,-89.0476,-0.3291,8,0.2000,0.8750,8,6,4,0,0,6,4,0.3333
4,132.0000,24,17,787.0578,-88.3663,-0.2640,15,0.3750,0.8750,56,8,8,66,66,74,74,0.0000
4,132.0000,24,18,847.8662,-88.1393,-0.1579,18,0.4500,0.8571,7,8,8,0,0,8,8,0.0000
4,132.0000,24,19,438.0474,-85.2361,0.4317,30,0.7500,0.6667,6,5,1,0,0,5,1,0.8000
4,132.0000,24,20,774.3922,-87.9991,-0.1797,15,0.3750,0.8750,8,8,6,0,0,8,6,0.2500
4,132.0000,24,22,299.4510,-82.0802,0.4979,38,0.9500,0.4286,7,4,0,0,0,4,0,1.0000
4,132.0000,24,25,696.3716,-86.9120,-0.4237,12,0.3000,1.0000,8,8,6,0,0,8,6,0.2500
4,132.0000,25,0,604.2111,-86.9656,0.1247,26,0.6500,0.8571,7,6,4,0,0,6,4,0.3333
4,132.0000,25,2,827.0983,-88.0304,0.5107,8,0.2000,0.8750,8,6,4,0,0,6,4,0.3333
4,132.0000,25,4,683.9825,-86.6428,-0.1490,20,0.5000,0.8750,8,7,5,0,0,7,5,0.2857
4,132.0000,25,5,775.3289,-88.4900,0.1149,13,0.3250,0.8571,7,6,6,0,0,6,6,0.0000
4,132.0000,25,6,606.4292,-86.9715,0.3310,21,0.5250,0.5000,6,7,6,0,0,7,6,0.1429
4,132.0000,25,7,979.5527,-88.9940,-0.2262,7,0.1750,1.0000,8,8,8,0,0,8,8,0.0000
4,132.0000,25,8,800.4807,-88.4263,0.1076,20,0.5000,0.8750,8,8,8,0,0,8,8,0.0000
4,132.0000,25,9,686.6836,-87.5324,0.5211,20,0.5000,0.8750,8,6,3,0,0,6,3,0.5000
4,132.0000,25,13,939.4300,-89.1494,0.1576,4,0.1000,0.8750,8,8,8,0,0,8,8,0.0000
4,132.0000,25,14,448.7969,-84.5106,-0.0932,30,0.7500,0.5000,6,6,2,0,0,6,2,0.6667
4,132.0000,25,17,956.9703,-88.4456,-0.0963,9,0.2250,1.0000,8,4,4,0,0,4,4,0.0000
4,132.0000,25,18,1037.2033,-88.5814,-0.2918,6,0.1500,1.0000,8,6,6,0,0,6,6,0.0000
4,132.0000,25,19,797.0229,-88.0988,-0.0518,9,0.2250,0.8750,8,7,6,0,0,7,6,0.1429
4,132.0000,25,20,938.5203,-89.0600,-0.2018,6,0.1500,1.0000,8,8,8,0,0,8,8,0.0000
4,132.0000,25,22,630.3774,-87.7430,-0.0418,23,0.5750,1.0000,8,6,2,0,0,6,2,0.6667
4,132.0000,25,24,696.3716,-87.2202,0.2966,17,0.4250,0.6667,6,6,3,0,0,6,3,0.5000
4,136.0000,0,2,728.4674,-87.0661,0.2215,16,0.4000,0.8750,8,7,5,0,0,7,5,0.2857
4,136.0000,0,6,186.2534,-73.9995,-1.0933,37,0.9250,0.0000,4,4,0,0,0,4,0,1.0000
4,136.0000,0,7,730.7204,-88.3879,-0.3437,13,0.3250,0.8000,5,7,4,0,0,7,4,0.4286
4,136.0000,0,9,309.7270,-79.9865,-0.5816,35,0.8750,0.0000,4,5,2,0,0,5,2,0.6000
4,136.0000,0,10,946.5679,-89.2139,-0.3184,3,0.0750,1.0000,2,8,7,0,0,8,7,0.1250
4,136.0000,0,13,797.1944,-87.8644,-0.4260,9,0.2250,1.0000,8,6,6,0,0,6,6,0.0000
4,136.0000,0,15,673.8400,-87.1701,0.3886,20,0.5000,0.7143,7,7,5,0,0,7,5,0.2857
4,136.0000,0,19,470.8163,-84.7679,-0.2001,34,0.8500,0.1667,6,4,1,0,0,4,1,0.7500
4,136.0000,0,20,797.5812,-88.4228,-0.6126,13,0.3250,0.8750,8,7,6,0,0,7,6,0.1429
4,136.0000,0,22,248.0726,-79.6332,0.0540,38,0.9500,0.2000,5,5,1,0,0,5,1,0.8000
4,136.0000,0,23,1059.3221,-89.1768,0.8184,3,0.0750,1.0000,6,8,8,0,0,8,8,0.0000
4,136.0000,0,24,389.5285,-83.3067,-0.2658,34,0.8500,0.5000,6,4,0,0,0,4,0,1.0000
4,136.0000,0,25,667.6977,-87.1388,-0.1695,20,0.5000,0.6667,6,7,6,0,0,7,6,0.1429
4,136.0000,1,3,623.7611,-86.7983,-0.1216,27,0.6750,0.6875,16,7,6,1,0,8,6,0.2500
4,136.0000,1,5,760.6220,-88.0909,0.5356,20,0.5000,1.0000,8,7,5,0,0,7,5,0.2857
4,136.0000,1,7,1038.7960,-88.2148,0.3132,6,0.1500,1.0000,4,4,4,0,0,4,4,0.0000
4,136.0000,1,8,758.3444,-88.3481,-0.0855,19,0.4750,1.0000,8,8,7,0,0,8,7,0.1250
4,136.0000,1,10,875.6164,-88.8411,-0.5713,6,0.1500,1.0000,8,8,8,0,0,8,8,0.0000
4,136.0000,1,17,588.1832,-87.1450,0.8438,23,0.5750,0.6667,6,6,4,0,0,6,4,0.3333
4,136.0000,1,18,530.8579,-86.9327,0.3435,29,0.7250,0.5714,7,6,3,0,0,6,3,0.5000
4,136.0000,1,20,841.5397,-88.6356,0.4561,13,0.3250,1.0000,8,7,5,0,0,7,5,0.2857
4,136.0000,1,21,203.3576,-80.4245,1.9679,40,1.0000,0.0000,4,4,0,0,0,4,0,1.0000
4,136.0000,2,0,728.4674,-87.3241,-0.2054,18,0.4500,1.0000,8,8,8,0,0,8,8,0.0000
4,136.0000,2,4,970.4173,-88.5188,-0.2842,8,0.2000,1.0000,8,6,6,0,0,6,6,0.0000
4,136.0000,2,6,835.8379,-88.3346,0.2581,11,0.2750,1.0000,8,8,8,0,0,8,8,0.0000
4,136.0000,2,9,985.2099,-89.3980,-0.1412,4,0.1000,1.0000,8,8,8,0,0,8,8,0.0000
4,136.0000,2,11,586.2133,-86.1752,-0.1397,31,0.7750,0.5000,6,7,5,0,0,7,5,0.2857
4,136.0000,2,12,297.7118,-82.8390,0.6488,39,0.9750,0.2000,5,4,0,0,0,4,0,1.0000
4,136.0000,2,13,111.5190,-71.9794,-0.2961,38,0.9500,0.0000,4,4,0,0,0,4,0,1.0000
4,136.0000,2,14,1004.3893,-88.3278,-0.2201,5,0.1250,1.0000,8,4,4,0,0,4,4,0.0000
4,136.0000,2,15,276.4189,-80.8086,-0.1278,38,0.9500,0.0000,4,6,2,0,0,6,2,0.6667
4,136.0000,2,16,1000.1000,-88.9590,-0.3352,6,0.1500,1.0000,8,8,8,0,0,8,8,0.0000
4,136.0000,2,19,566.0074,-86.4378,0.5219,30,0.7500,0.2000,5,5,1,0,0,5,1,0.8000
4,136.0000,2,22,675.6096,-87.3822,-0.3393,26,0.6500,1.0000,10,8,7,0,0,8,7,0.1250
4,136.0000,2,23,356.7331,-81.5795,-0.6642,40,1.0000,0.2000,5,5,2,0,0,5,2,0.6000
4,136.0000,2,24,824.2119,-88.6408,0.4161,10,0.2500,1.0000,8,8,8,0,0,8,8,0.0000
4,136.0000,2,25,789.1637,-88.4139,0.2654,13,0.3250,1.0000,8,8,7,0,0,8,7,0.1250
4,136.0000,3,1,623.7611,-86.5168,0.0385,28,0.7000,0.4000,5,6,4,0,0,6,4,0.3333
4,136.0000,3,7,960.1653,-88.2289,0.2341,5,0.1250,1.0000,6,5,4,0,0,5,4,0.2000
4,136.0000,3,10,696.9573,-87.4399,-0.3858,18,0.4500,0.6667,6,7,6,0,0,7,6,0.1429
4,136.0000,3,17,732.7586,-87.2864,0.7677,8,0.2000,1.0000,8,8,8,0,0,8,8,0.0000
4,136.0000,3,18,626.8854,-87.4839,0.0701,13,0.3250,0.4286,7,5,3,0,0,5,3,0.4000
4,136.0000,3,20,938.0394,-88.5426,0.6572,7,0.1750,0.8571,7,8,8,0,0,8,8,0.0000
4,136.0000,3,21,822.3549,-88.4222,0.0752,10,0.2500,0.8889,9,8,8,0,0,8,8,0.0000
4,136.0000,4,2,970.4173,-88.6190,-0.3909,8,0.2000,1.0000,8,8,8,0,0,8,8,0.0000
4,136.0000,4,14,470.2804,-84.1685,-0.8110,37,0.9250,0.0000,4,7,4,0,0,7,4,0.4286
4,136.0000,4,15,1081.0855,-89.0211,0.0513,7,0.1750,1.0000,8,6,6,0,0,6,6,0.0000
4,136.0000,4,16,583.5702,-86.5197,-0.8591,28,0.7000,0.5000,6,8,7,0,0,8,7,0.1250
4,136.0000,4,25,724.4846,-87.6156,-0.5007,16,0.4000,0.7143,7,7,4,0,0,7,4,0.4286
4,136.0000,5,0,1108.5433,-89.8288,0.0512,3,0.0750,1.0000,4,2,2,0,0,2,2,0.0000
4,136.0000,5,1,760.6220,-88.0836,0.0137,18,0.4500,0.8750,8,7,5,0,0,7,5,0.2857
4,136.0000,5,6,945.8569,-88.6415,0.1737,5,0.1250,0.8571,7,8,8,0,0,8,8,0.0000
4,136.0000,5,7,847.5527,-87.5142,-0.1086,18,0.4500,0.7143,7,8,8,0,0,8,8,0.0000
4,136.0000,5,8,364.4589,-82.0808,0.1945,39,0.9750,0.4000,5,6,2,0,0,6,2,0.6667
4,136.0000,5,9,833.5095,-88.2123,0.0548,13,0.3250,1.0000,8,8,7,0,0,8,7,0.1250
4,136.0000,5,10,920.6350,-88.7335,0.6529,6,0.1500,1.0000,6,8,8,0,0,8,8,0.0000
4,136.0000,5,14,902.1259,-89.0267,0.0968,7,0.1750,1.0000,8,6,6,0,0,6,6,0.0000
4,136.0000,5,17,600.4251,-85.7829,-0.2859,30,0.7500,0.2000,5,8,8,0,0,8,8,0.0000
4,136.0000,5,18,634.6995,-86.0426,-0.6750,32,0.8000,0.7143,7,8,8,0,0,8,8,0.0000
4,136.0000,5,20,559.9244,-85.5561,-0.1621,29,0.7250,0.4000,5,7,5,0,0,7,5,0.2857
4,136.0000,5,21,669.8950,-87.2590,-0.2760,28,0.7000,0.5000,6,6,3,0,0,6,3,0.5000
4,136.0000,5,25,827.3596,-88.1438,0.6545,8,0.2000,0.8571,7,8,8,0,0,8,8,0.0000
4,136.0000,6,0,186.2534,-74.9769,-1.1003,37,0.9250,0.0000,4,4,0,0,0,4,0,1.0000
4,136.0000,6,2,835.8379,-88.5543,-0.7192,12,0.3000,1.0000,8,8,8,0,0,8,8,0.0000
4,136.0000,6,5,945.8569,-88.7272,0.2482,5,0.1250,0.8571,7,8,8,0,0,8,8,0.0000
4,136.0000,6,7,626.0048,-87.3438,0.2282,15,0.3750,0.8571,7,6,4,0,0,6,4,0.3333
4,136.0000,6,8,870.2589,-89.5304,0.0899,3,0.0750,1.0000,6,7,5,0,0,7,5,0.2857
4,136.0000,6,9,184.1321,-76.9473,0.0680,38,0.9500,0.2000,5,5,1,0,0,5,1,0.8000
4,136.0000,6,10,812.3934,-88.2057,0.1678,9,0.2250,1.0000,8,7,6,0,0,7,6,0.1429
4,136.0000,6,13,919.1039,-89.3121,0.1005,4,0.1000,0.7500,8,8,8,0,0,8,8,0.0000
4,136.0000,6,15,764.7508,-88.4415,-0.6006,13,0.3250,1.0000,8,6,3,0,0,6,3,0.5000
4,136.0000,6,17,871.7517,-89.5561,0.1044,6,0.1500,1.0000,8,8,8,76,76,84,84,0.0000
4,136.0000,6,19,520.2145,-85.6905,-0.3231,31,0.7750,0.4000,5,7,6,0,0,7,6,0.1429
4,136.0000,6,20,648.4340,-87.7830,-0.1619,11,0.2750,0.8750,8,8,6,0,0,8,6,0.2500
4,136.0000,6,22,230.4333,-78.6150,0.3894,37,0.9250,0.3333,6,4,0,0,0,4,0,1.0000
4,136.0000,6,24,302.7831,-80.8025,-0.2567,34,0.8500,0.4677,62,5,1,3,1,8,2,0.7500
4,136.0000,6,25,598.9733,-86.7258,-0.3763,21,0.5250,0.7143,7,6,6,8,6,14,12,0.1429
4,136.0000,7,0,730.7204,-87.4067,1.8238,8,0.2000,0.8571,7,8,7,0,0,8,7,0.1250
4,136.0000,7,3,960.1653,-89.1161,-1.1093,3,0.0750,1.0000,8,8,8,0,0,8,8,0.0000
4,136.0000,7,5,847.5527,-88.1920,-0.4076,9,0.2250,0.8571,7,8,8,0,0,8,8,0.0000
4,136.0000,7,6,626.0048,-86.9191,-0.1688,14,0.3500,1.0000,8,6,2,0,0,6,2,0.6667
4,136.0000,7,8,858.4267,-88.4738,0.3133,6,0.1500,1.0000,8,7,6,0,0,7,6,0.1429
4,136.0000,7,9,474.7380,-85.1616,0.3584,21,0.5250,0.2000,5,7,4,0,0,7,4,0.4286
4,136.0000,7,10,369.8030,-83.6935,0.0218,34,0.8500,0.5000,6,5,2,0,0,5,2,0.6000
4,136.0000,7,17,587.8919,-87.0490,-0.0930,22,0.5500,0.7500,8,5,2,0,0,5,2,0.6000
4,136.0000,7,18,549.3829,-86.0091,-0.6622,21,0.5250,0.4000,5,4,0,0,0,4,0,1.0000
4,136.0000,7,20,289.8928,-77.9550,-1.3162,35,0.8750,0.2000,5,4,0,0,0,4,0,1.0000
4,136.0000,7,22,836.6245,-88.2991,0.2606,7,0.1750,1.0000,8,7,6,0,0,7,6,0.1429
4,136.0000,7,24,807.7692,-88.0273,0.0675,9,0.2250,1.0000,8,6,5,0,0,6,5,0.1667
4,136.0000,8,1,758.3444,-88.0485,0.4123,18,0.4500,0.4000,5,7,6,0,0,7,6,0.1429
4,136.0000,8,5,364.4589,-82.7316,-0.0772,35,0.8750,0.0000,4,5,1,0,0,5,1,0.8000
4,136.0000,8,6,870.2589,-88.4823,0.6178,6,0.1500,1.0000,6,7,6,0,0,7,6,0.1429
4,136.0000,8,7,858.4267,-88.5201,0.3185,7,0.1750,1.0000,14,8,6,0,0,8,6,0.2500
4,136.0000,8,9,809.9019,-89.1202,0.2805,4,0.1000,1.0000,8,7,5,0,0,7,5,0.2857
4,136.0000,8,10,815.0995,-89.0373,0.2364,10,0.2500,1.0000,2,8,7,0,0,8,7,0.1250
4,136.0000,8,14,879.8972,-88.0772,0.5257,7,0.1750,1.0000,8,6,6,0,0,6,6,0.0000
4,136.0000,8,17,446.1856,-84.3275,-0.0527,32,0.8000,0.5000,6,7,6,0,0,7,6,0.1429
4,136.0000,8,18,553.2935,-86.2536,0.1228,25,0.6250,0.6667,6,7,5,0,0,7,5,0.2857
4,136.0000,8,20,598.5707,-86.7048,0.6841,16,0.4000,0.2000,5,5,1,0,0,5,1,0.8000
4,136.0000,8,21,675.0815,-87.3531,-0.6461,27,0.6750,0.3333,6,8,8,0,0,8,8,0.0000
4,136.0000,8,24,884.8696,-88.1765,-0.0692,8,0.2000,1.0000,10,8,8,4,4,12,12,0.0000
4,136.0000,8,25,823.5201,-88.3549,0.3175,9,0.2250,1.0000,8,8,8,0,0,8,8,0.0000
4,136.0000,9,0,309.7270,-80.1279,-0.6809,37,0.9250,0.0000,4,5,1,0,0,5,1,0.8000
4,136.0000,9,2,985.2099,-89.2382,-0.3469,6,0.1500,1.0000,6,6,6,0,0,6,6,0.0000
4,136.0000,9,5,833.5095,-88.9593,0.0772,4,0.1000,1.0000,8,8,8,0,0,8,8,0.0000
4,136.0000,9,6,184.1321,-76.4738,0.2491,37,0.9250,0.0000,4,5,1,0,0,5,1,0.8000
4,136.0000,9,7,474.7380,-85.3347,0.4263,32,0.8000,0.7143,7,5,1,0,0,5,1,0.8000
4,136.0000,9,8,809.9019,-87.9828,0.1060,3,0.0750,0.8571,7,7,6,0,0,7,6,0.1429
4,136.0000,9,10,713.6083,-88.3109,0.1354,17,0.4250,1.0000,8,7,6,0,0,7,6,0.1429
4,136.0000,9,15,939.6955,-88.9460,-0.0247,9,0.2250,1.0000,8,8,8,0,0,8,8,0.0000
4,136.0000,9,17,775.5922,-88.1565,-0.0605,13,0.3250,0.8750,8,8,7,0,0,8,7,0.1250
4,136.0000,9,18,818.6101,-88.1298,0.0297,15,0.3750,0.8333,6,8,7,0,0,8,7,0.1250
4,136.0000,9,19,703.8607,-86.9237,0.4964,23,0.5750,0.8750,8,8,8,0,0,8,8,0.0000
4,136.0000,9,20,491.3866,-86.3720,0.3525,31,0.7750,0.7500,8,7,4,0,0,7,4,0.4286
4,136.0000,9,22,413.8298,-83.8407,-0.0772,33,0.8250,0.8000,5,5,2,0,0,5,2,0.6000
4,136.0000,9,24,458.6619,-84.3558,-0.4920,36,0.9000,0.4000,5,4,0,0,0,4,0,1.0000
4,136.0000,9,25,638.0347,-87.2005,0.5946,21,0.5250,0.4000,5,6,4,15,14,21,18,0.1429
4,136.0000,10,0,946.5679,-88.8771,-1.2949,5,0.1250,1.0000,6,6,6,0,0,6,6,0.0000
4,136.0000,10,1,875.6164,-88.6113,0.0234,9,0.2250,0.8750,8,8,7,0,0,8,7,0.1250
4,136.0000,10,3,696.9573,-87.7454,0.0453,17,0.4250,0.9444,54,6,4,0,0,6,4,0.3333
4,136.0000,10,5,920.6350,-88.1318,-7.9225,3,0.0750,1.0000,8,7,6,0,0,7,6,0.1429
4,136.0000,10,6,812.3934,-88.7332,-0.2276,8,0.2000,0.8571,7,7,6,0,0,7,6,0.1429
4,136.0000,10,7,369.8030,-83.3845,-0.0354,32,0.8000,0.0000,4,6,2,0,0,6,2,0.6667
4,136.0000,10,9,713.6083,-88.1442,0.5607,12,0.3000,1.0000,8,8,8,0,0,8,8,0.0000
4,136.0000,10,17,413.5339,-85.0690,0.7487,31,0.7750,0.7955,44,4,0,0,0,4,0,1.0000
4,136.0000,10,18,377.8556,-84.2774,0.7276,33,0.8250,0.8250,40,4,0,5,4,9,4,0.5556
4,136.0000,10,20,443.8913,-83.7238,0.5237,29,0.7250,0.5714,35,5,1,138,106,143,107,0.2517
4,136.0000,10,24,870.8336,-88.2317,0.0112,8,0.2000,1.0000,8,8,8,0,0,8,8,0.0000
4,136.0000,11,2,586.2133,-86.4536,-0.7674,27,0.6750,0.8571,7,6,3,0,0,6,3,0.5000
4,136.0000,11,12,375.0629,-83.1608,-0.4179,39,0.9750,0.2000,5,5,1,0,0,5,1,0.8000
4,136.0000,11,13,514.4548,-84.4570,-0.6926,32,0.8000,0.6471,34,6,4,73,66,79,70,0.1139
4,136.0000,11,15,784.2132,-87.2806,-0.2299,20,0.5000,0.9811,53,8,8,6,6,14,14,0.0000
4,136.0000,11,16,850.1862,-88.0507,-0.1768,11,0.2750,0.8750,8,6,6,0,0,6,6,0.0000
4,136.0000,11,23,413.0128,-84.4788,0.0938,40,1.0000,0.0000,4,4,0,0,0,4,0,1.0000
4,136.0000,12,2,297.7118,-82.2700,0.3460,30,0.7500,0.0000,4,5,2,0,0,5,2,0.6000
4,136.0000,12,11,375.0629,-82.6340,-0.1092,37,0.9250,0.0000,4,4,0,0,0,4,0,1.0000
4,136.0000,12,13,190.8877,-78.1490,1.5133,37,0.9250,0.0000,4,5,1,0,0,5,1,0.8000
4,136.0000,12,15,495.0256,-85.4225,0.2690,24,0.6000,0.2000,5,4,0,0,0,4,0,1.0000
4,136.0000,12,19,811.8072,-87.7227,0.1594,9,0.2250,1.0000,6,8,8,0,0,8,8,0.0000
4,136.0000,12,22,946.3403,-88.3093,-0.2634,3,0.0750,1.0000,8,7,6,0,0,7,6,0.1429
4,136.0000,12,23,354.6504,-82.5275,0.1794,36,0.9000,0.4000,5,4,0,0,0,4,0,1.0000
4,136.0000,13,0,797.1944,-87.8018,-0.6653,13,0.3250,1.0000,8,7,5,0,0,7,5,0.2857
4,136.0000,13,2,111.5190,-71.3978,0.5630,39,0.9750,0.0000,4,4,0,0,0,4,0,1.0000
4,136.0000,13,6,919.1039,-88.0981,0.5458,6,0.1500,1.0000,8,6,6,0,0,6,6,0.0000
4,136.0000,13,11,514.4548,-84.6287,-0.4077,36,0.9000,0.2000,5,4,0,0,0,4,0,1.0000
4,136.0000,13,12,190.8877,-77.8810,0.8916,40,1.0000,0.0000,4,5,1,0,0,5,1,0.8000
4,136.0000,13,15,329.6148,-82.1353,0.1195,36,0.9000,0.2000,5,6,3,0,0,6,3,0.5000
4,136.0000,13,16,1030.6781,-88.8966,-0.4271,9,0.2250,1.0000,8,2,2,0,0,2,2,0.0000
4,136.0000,13,19,636.4780,-87.1221,0.2895,26,0.6500,0.9355,31,6,4,23,20,29,24,0.1724
4,136.0000,13,22,762.5021,-87.6598,0.2792,14,0.3500,0.6667,6,8,7,0,0,8,7,0.1250
4,136.0000,13,23,336.0560,-80.8042,-0.9547,40,1.0000,0.0000,4,5,1,0,0,5,1,0.8000
4,136.0000,13,24,913.1138,-88.4949,0.3075,6,0.1500,1.0000,6,8,7,0,0,8,7,0.1250
4,136.0000,13,25,891.9777,-88.4903,-1.0416,6,0.1500,1.0000,6,8,7,0,0,8,7,0.1250
4,136.0000,14,2,1004.3893,-88.2698,0.1842,3,0.0750,1.0000,8,8,8,0,0,8,8,0.0000
4,136.0000,14,4,470.2804,-84.5611,-0.6552,37,0.9250,0.3333,6,7,5,0,0,7,5,0.2857
4,136.0000,14,5,902.1259,-88.0622,0.3077,3,0.0750,1.0000,8,8,8,0,0,8,8,0.0000
4,136.0000,14,6,949.3777,-88.7547,0.1135,3,0.0750,1.0000,6,8,8,0,0,8,8,0.0000
4,136.0000,14,8,879.8972,-88.2227,0.0393,10,0.2500,1.0000,6,8,8,0,0,8,8,0.0000
4,136.0000,14,9,988.6057,-87.5738,0.1355,3,0.0750,1.0000,4,8,8,0,0,8,8,0.0000
4,136.0000,14,16,1023.4395,-88.1723,0.0165,6,0.1500,1.0000,8,8,8,0,0,8,8,0.0000
4,136.0000,14,22,925.1949,-89.0161,0.3973,4,0.1000,1.0000,8,8,8,0,0,8,8,0.0000
4,136.0000,14,25,380.9745,-83.9997,0.4153,33,0.8250,0.2000,5,5,2,0,0,5,2,0.6000
4,136.0000,15,0,673.8400,-86.9677,0.2277,16,0.4000,0.7500,8,6,4,0,0,6,4,0.3333
4,136.0000,15,2,276.4189,-80.2522,0.0369,39,0.9750,0.0000,4,4,0,0,0,4,0,1.0000
4,136.0000,15,4,1081.0855,-88.5451,0.1469,3,0.0750,1.0000,8,6,6,0,0,6,6,0.0000
4,136.0000,15,6,764.7508,-87.3641,-0.3488,12,0.3000,0.7143,7,8,7,0,0,8,7,0.1250
4,136.0000,15,9,939.6955,-89.1087,-0.0110,5,0.1250,1.0000,8,8,8,0,0,8,8,0.0000
4,136.0000,15,11,784.2132,-87.4312,-0.2961,21,0.5250,0.4000,5,8,7,0,0,8,7,0.1250
4,136.0000,15,12,495.0256,-85.0488,0.0702,33,0.8250,0.2000,5,6,2,0,0,6,2,0.6667
4,136.0000,15,13,329.6148,-82.3309,-0.2548,38,0.9500,0.2000,5,4,0,0,0,4,0,1.0000
4,136.0000,15,19,347.0951,-82.6817,0.8531,35,0.8750,0.4000,5,5,1,0,0,5,1,0.8000
4,136.0000,15,22,557.7121,-86.0694,0.2755,23,0.5750,0.8571,7,6,3,0,0,6,3,0.5000
4,136.0000,15,23,439.7605,-83.5304,-1.3661,37,0.9250,0.0000,4,5,2,0,0,5,2,0.6000
4,136.0000,15,24,665.3272,-87.4357,-0.0375,12,0.3000,0.8571,7,4,0,0,0,4,0,1.0000
4,136.0000,15,25,846.6167,-88.6432,0.0741,8,0.2000,1.0000,8,7,5,0,0,7,5,0.2857
4,136.0000,16,2,1000.1000,-88.7098,-0.2329,6,0.1500,1.0000,8,8,8,0,0,8,8,0.0000
4,136.0000,16,4,583.5702,-86.3875,-0.1572,25,0.6250,0.8571,7,5,2,0,0,5,2,0.6000
4,136.0000,16,11,850.1862,-88.1827,-0.6556,10,0.2500,0.7500,8,8,8,0,0,8,8,0.0000
4,136.0000,16,13,1030.6781,-88.5939,0.2029,5,0.1250,1.0000,8,8,8,0,0,8,8,0.0000
4,136.0000,16,14,1023.4395,-88.7392,0.3255,6,0.1500,1.0000,4,8,8,0,0,8,8,0.0000
4,136.0000,16,23,797.3075,-87.9881,-0.1370,13,0.3250,0.8750,8,8,8,0,0,8,8,0.0000
4,136.0000,17,0,1047.7918,-89.0410,-0.7550,6,0.1500,1.0000,8,8,8,0,0,8,8,0.0000
4,136.0000,17,1,588.1832,-86.9811,0.3744,32,0.8000,0.4000,5,6,2,0,0,6,2,0.6667
4,136.0000,17,3,732.7586,-87.5252,-0.3179,16,0.4000,0.8750,8,7,5,0,0,7,5,0.2857
4,136.0000,17,5,600.4251,-85.7735,-0.5201,32,0.8000,0.5000,6,8,7,0,0,8,7,0.1250
4,136.0000,17,6,871.7517,-88.7755,0.0235,8,0.2000,0.8750,8,8,7,2,2,10,9,0.1000
4,136.0000,17,7,587.8919,-86.8689,-0.2568,28,0.7000,0.6667,9,6,4,0,0,6,4,0.3333
4,136.0000,17,8,446.1856,-84.0972,0.1055,37,0.9250,0.5500,20,5,1,0,0,5,1,0.8000
4,136.0000,17,9,775.5922,-87.5610,-0.4215,12,0.3000,0.8750,8,8,8,0,0,8,8,0.0000
4,136.0000,17,10,413.5339,-85.0483,0.6739,36,0.9000,0.4000,5,4,0,0,0,4,0,1.0000
4,136.0000,17,18,141.6413,-74.0536,0.2436,39,0.9750,0.0000,4,4,0,0,0,4,0,1.0000
4,136.0000,17,20,408.2670,-83.3068,0.0069,38,0.9500,0.2000,5,6,3,0,0,6,3,0.5000
4,136.0000,17,21,637.1377,-87.3068,0.5737,28,0.7000,0.4000,5,7,6,0,0,7,6,0.1429
4,136.0000,17,22,1014.5388,-88.9099,-0.2131,6,0.1500,1.0000,8,8,8,0,0,8,8,0.0000
4,136.0000,17,24,905.9593,-88.5113,-0.1143,14,0.3500,0.8750,8,8,8,0,0,8,8,0.0000
4,136.0000,18,1,530.8579,-86.2394,0.3628,25,0.6410,0.7143,7,6,4,0,0,6,4,0.3333
4,136.0000,18,3,626.8854,-87.0403,-0.4210,17,0.4359,0.5000,6,5,1,0,0,5,1,0.8000
4,136.0000,18,5,634.6995,-85.3875,-0.5959,26,0.6667,0.4000,5,7,6,0,0,7,6,0.1429
4,136.0000,18,6,935.3635,-89.1714,-0.1689,4,0.1026,1.0000,6,8,8,0,0,8,8,0.0000
4,136.0000,18,7,549.3829,-86.0797,0.3556,31,0.7949,0.4000,5,8,7,0,0,8,7,0.1250
4,136.0000,18,8,553.2935,-86.0735,0.2506,30,0.7692,0.5000,6,4,0,0,0,4,0,1.0000
4,136.0000,18,9,818.6101,-88.5296,0.1627,9,0.2308,1.0000,8,6,5,0,0,6,5,0.1667
4,136.0000,18,10,377.8556,-84.6047,1.0417,31,0.7949,0.2000,5,4,0,0,0,4,0,1.0000
4,136.0000,18,17,141.6413,-74.1996,-0.4152,37,0.9487,0.0000,4,4,0,0,0,4,0,1.0000
4,136.0000,18,20,389.4386,-82.9675,-0.3882,32,0.8205,0.0000,4,6,2,0,0,6,2,0.6667
4,136.0000,18,21,616.1757,-86.2184,-0.6223,23,0.5897,0.6667,18,6,3,2,2,8,5,0.3750
4,136.0000,18,24,1000.1783,-88.6982,-0.6196,7,0.1795,1.0000,8,8,7,0,0,8,7,0.1250
4,136.0000,19,0,470.8163,-84.7287,-0.2507,27,0.6750,0.0000,4,5,2,0,0,5,2,0.6000
4,136.0000,19,2,566.0074,-86.9097,0.1792,29,0.7250,0.6667,6,5,2,0,0,5,2,0.6000
4,136.0000,19,6,520.2145,-85.0431,0.3538,24,0.6000,0.5000,6,5,2,0,0,5,2,0.6000
4,136.0000,19,9,703.8607,-87.2615,0.2387,17,0.4250,0.6667,6,7,6,0,0,7,6,0.1429
4,136.0000,19,12,811.8072,-87.9304,-0.5168,11,0.2750,1.0000,8,8,8,0,0,8,8,0.0000
4,136.0000,19,13,636.4780,-86.9182,0.1620,20,0.5000,0.7143,7,7,6,0,0,7,6,0.1429
4,136.0000,19,15,347.0951,-83.2118,-0.3898,36,0.9000,0.8571,7,5,1,0,0,5,1,0.8000
4,136.0000,19,22,297.7803,-80.2857,-0.3332,31,0.7750,0.2000,5,4,0,0,0,4,0,1.0000
4,136.0000,19,23,779.9968,-87.4134,-0.3727,17,0.4250,0.8571,7,7,6,0,0,7,6,0.1429
4,136.0000,19,24,351.1067,-83.6574,0.1948,28,0.7000,0.2000,5,5,2,0,0,5,2,0.6000
4,136.0000,19,25,800.3389,-88.2160,0.1293,15,0.3750,0.8750,8,7,6,0,0,7,6,0.1429
4,136.0000,20,0,797.5812,-88.2173,-0.3545,11,0.2750,1.0000,8,7,6,0,0,7,6,0.1429
4,136.0000,20,1,841.5397,-88.8000,0.2826,10,0.2500,1.0000,8,8,8,0,0,8,8,0.0000
4,136.0000,20,3,938.0394,-89.0958,-0.0041,9,0.2250,1.0000,8,8,8,22,22,30,30,0.0000
4,136.0000,20,5,559.9244,-86.1482,-0.2973,30,0.7500,0.7143,7,8,6,8,8,16,14,0.1250
4,136.0000,20,6,648.4340,-87.1005,0.1326,17,0.4250,0.8750,8,7,5,32,30,39,35,0.1026
4,136.0000,20,7,289.8928,-78.6167,-1.5203,39,0.9750,0.0000,4,4,0,0,0,4,0,1.0000
4,136.0000,20,8,598.5707,-87.5397,-0.3121,24,0.6000,0.9048,105,5,1,40,24,45,25,0.4444
4,136.0000,20,9,491.3866,-85.8228,0.7821,28,0.7000,0.6667,6,5,1,30,23,35,24,0.3143
4,136.0000,20,10,443.8913,-84.5310,0.0768,37,0.9250,0.0000,4,5,2,0,0,5,2,0.6000
4,136.0000,20,17,408.2670,-83.7470,0.5291,36,0.9000,0.6364,11,4,0,0,0,4,0,1.0000
4,136.0000,20,18,389.4386,-83.3869,-0.2407,35,0.8750,0.4000,5,5,2,0,0,5,2,0.6000
4,136.0000,20,21,885.9381,-88.1231,0.1783,5,0.1250,1.0000,8,7,6,0,0,7,6,0.1429
4,136.0000,20,22,853.5019,-89.2056,0.2501,6,0.1500,0.8750,8,8,8,0,0,8,8,0.0000
4,136.0000,20,24,815.0759,-88.0230,-0.6782,8,0.2000,0.8750,8,8,8,0,0,8,8,0.0000
4,136.0000,20,25,914.4580,-88.8664,0.1425,7,0.1750,0.7143,7,8,8,0,0,8,8,0.0000
4,136.0000,21,1,203.3576,-79.8615,1.8023,36,0.9000,0.0000,9,4,0,1,0,5,0,1.0000
4,136.0000,21,3,822.3549,-88.2063,-0.5001,11,0.2750,1.0000,8,8,7,0,0,8,7,0.1250
4,136.0000,21,5,669.8950,-86.5297,-0.1590,15,0.3750,0.6667,6,8,7,0,0,8,7,0.1250
4,136.0000,21,8,675.0815,-87.1447,-0.3744,21,0.5250,0.9655,87,8,8,42,42,50,50,0.0000
4,136.0000,21,17,637.1377,-86.8169,-0.2226,25,0.6250,0.4000,5,8,7,38,38,46,45,0.0217
4,136.0000,21,18,616.1757,-86.8968,-0.0500,18,0.4500,0.6667,6,8,8,0,0,8,8,0.0000
4,136.0000,21,20,885.9381,-88.4784,-0.0245,6,0.1500,1.0000,8,8,8,0,0,8,8,0.0000
4,136.0000,22,0,248.0726,-78.8731,0.1133,38,0.9500,0.2000,5,4,0,0,0,4,0,1.0000
4,136.0000,22,2,675.6096,-86.7280,0.1969,17,0.4250,0.7143,7,8,8,0,0,8,8,0.0000
4,136.0000,22,6,230.4333,-78.8654,-0.2023,39,0.9750,0.0000,4,6,2,0,0,6,2,0.6667
4,136.0000,22,7,836.6245,-88.2431,-0.0991,10,0.2500,1.0000,8,8,7,0,0,8,7,0.1250
4,136.0000,22,9,413.8298,-84.3802,0.4746,33,0.8250,0.2000,5,6,3,0,0,6,3,0.5000
4,136.0000,22,10,970.6630,-88.9814,0.0040,5,0.1250,,0,8,8,0,0,8,8,0.0000
4,136.0000,22,12,946.3403,-88.4289,0.3230,9,0.2250,1.0000,8,8,8,0,0,8,8,0.0000
4,136.0000,22,13,762.5021,-88.3062,-0.2069,20,0.5000,0.6250,8,8,8,0,0,8,8,0.0000
4,136.0000,22,14,925.1949,-89.2942,0.1469,8,0.2000,1.0000,8,4,4,0,0,4,4,0.0000
4,136.0000,22,15,557.7121,-85.7274,0.0147,27,0.6750,0.8571,7,7,5,0,0,7,5,0.2857
4,136.0000,22,17,1014.5388,-88.8720,0.1203,5,0.1250,1.0000,6,10,10,0,0,10,10,0.0000
4,136.0000,22,19,297.7803,-79.9270,-1.2980,37,0.9250,0.0000,4,4,0,0,0,4,0,1.0000
4,136.0000,22,20,853.5019,-88.2358,-1.0765,7,0.1750,1.0000,8,8,8,0,0,8,8,0.0000
4,136.0000,22,23,959.1464,-88.8033,-0.2308,7,0.1750,1.0000,8,4,4,0,0,4,4,0.0000
4,136.0000,22,24,185.5768,-78.5534,0.8689,38,0.9500,0.0000,4,4,0,0,0,4,0,1.0000
4,136.0000,22,25,606.7551,-86.6973,0.1233,26,0.6500,0.8750,8,6,2,0,0,6,2,0.6667
4,136.0000,23,2,356.7331,-81.5409,-0.2025,39,0.9750,0.2000,5,6,2,0,0,6,2,0.6667
4,136.0000,23,4,972.4397,-89.3080,0.1804,4,0.1000,1.0000,8,6,5,0,0,6,5,0.1667
4,136.0000,23,11,413.0128,-83.8599,-0.7137,38,0.9500,0.0000,4,5,1,0,0,5,1,0.8000
4,136.0000,23,12,354.6504,-82.6330,-0.3386,38,0.9500,0.0000,4,7,3,0,0,7,3,0.5714
4,136.0000,23,13,336.0560,-80.0672,-0.6012,39,0.9750,0.0000,4,6,1,0,0,6,1,0.8333
4,136.0000,23,15,439.7605,-83.2034,-1.3811,35,0.8750,0.2000,5,6,3,0,0,6,3,0.5000
4,136.0000,23,16,797.3075,-88.2405,0.1391,16,0.4000,0.8571,7,6,3,0,0,6,3,0.5000
4,136.0000,23,19,779.9968,-88.1078,0.0540,18,0.4500,0.6250,8,8,8,0,0,8,8,0.0000
4,136.0000,23,22,959.1464,-89.1673,-0.1490,8,0.2000,1.0000,8,8,8,0,0,8,8,0.0000
4,136.0000,23,24,1072.2522,-89.0566,0.1506,3,0.0750,1.0000,6,8,8,0,0,8,8,0.0000
4,136.0000,24,0,389.5285,-83.7173,0.3758,29,0.7250,0.2000,5,5,1,0,0,5,1,0.8000
4,136.0000,24,2,824.2119,-89.3182,-0.4542,8,0.2000,0.8571,7,8,8,0,0,8,8,0.0000
4,136.0000,24,5,1065.3794,-89.6966,0.1333,3,0.0750,1.0000,4,4,4,0,0,4,4,0.0000
4,136.0000,24,6,302.7831,-81.1438,0.2745,36,0.9000,0.0000,4,4,0,0,0,4,0,1.0000
4,136.0000,24,7,807.7692,-87.7508,0.3995,14,0.3500,0.8571,7,7,6,0,0,7,6,0.1429
4,136.0000,24,8,884.8696,-89.4582,0.2731,3,0.0750,1.0000,8,8,8,0,0,8,8,0.0000
4,136.0000,24,9,458.6619,-84.8645,-0.3084,31,0.7750,0.4000,5,4,0,0,0,4,0,1.0000
4,136.0000,24,10,870.8336,-88.3639,-0.0021,12,0.3000,0.8571,7,8,8,0,0,8,8,0.0000
4,136.0000,24,12,1099.1098,-89.2210,0.5755,3,0.0750,1.0000,2,4,4,0,0,4,4,0.0000
4,136.0000,24,14,969.8905,-89.4444,-0.4751,3,0.0750,1.0000,4,5,4,0,0,5,4,0.2000
4,136.0000,24,15,665.3272,-87.7730,0.1099,18,0.4500,0.6667,6,5,2,0,0,5,2,0.6000
4,136.0000,24,17,905.9593,-88.3624,0.4162,11,0.2750,1.0000,74,8,8,4,4,12,12,0.0000
4,136.0000,24,18,1000.1783,-89.2354,0.0033,7,0.1750,1.0000,8,4,4,0,0,4,4,0.0000
4,136.0000,24,19,351.1067,-83.7947,0.1854,34,0.8500,0.2000,5,5,1,0,0,5,1,0.8000
4,136.0000,24,20,815.0759,-88.1463,-0.0238,17,0.4250,0.7500,8,7,6,0,0,7,6,0.1429
4,136.0000,24,22,185.5768,-78.7043,1.2038,34,0.8500,0.0000,4,4,0,0,0,4,0,1.0000
4,136.0000,24,25,690.9466,-87.3241,0.0189,17,0.4250,0.7500,8,7,5,0,0,7,5,0.2857
4,136.0000,25,0,667.6977,-87.4459,0.0584,20,0.5000,0.6667,6,7,6,0,0,7,6,0.1429
4,136.0000,25,2,789.1637,-87.9062,-0.3575,8,0.2000,0.6667,6,8,7,0,0,8,7,0.1250
4,136.0000,25,4,724.4846,-88.3060,-0.1988,16,0.4000,0.7143,7,7,6,0,0,7,6,0.1429
4,136.0000,25,5,827.3596,-87.6198,-0.0981,10,0.2500,1.0000,6,8,8,0,0,8,8,0.0000
4,136.0000,25,6,598.9733,-86.2635,0.1353,21,0.5250,0.8571,7,7,6,0,0,7,6,0.1429
4,136.0000,25,7,1053.5051,-89.4191,0.0619,3,0.0750,1.0000,8,4,4,0,0,4,4,0.0000
4,136.0000,25,8,823.5201,-88.0685,0.2470,15,0.3750,1.0000,8,8,8,0,0,8,8,0.0000
4,136.0000,25,9,638.0347,-87.1082,0.0638,22,0.5500,0.5000,6,7,5,0,0,7,5,0.2857
4,136.0000,25,13,891.9777,-88.9147,-0.0178,8,0.2000,1.0000,8,8,8,0,0,8,8,0.0000
4,136.0000,25,14,380.9745,-83.1859,0.2762,34,0.8500,0.3333,6,5,2,0,0,5,2,0.6000
4,136.0000,25,15,846.6167,-88.9719,0.0456,10,0.2500,1.0000,8,6,5,0,0,6,5,0.1667
4,136.0000,25,17,1092.2195,-87.4197,0.4263,4,0.1000,1.0000,4,6,6,0,0,6,6,0.0000
4,136.0000,25,19,800.3389,-87.7976,0.0326,13,0.3250,0.8571,7,7,6,0,0,7,6,0.1429
4,136.0000,25,20,914.4580,-88.7428,0.2647,8,0.2000,1.0000,8,7,6,0,0,7,6,0.1429
4,136.0000,25,22,606.7551,-87.2157,-0.6962,18,0.4500,0.3333,6,7,6,0,0,7,6,0.1429
4,136.0000,25,24,690.9466,-87.2729,-0.0257,18,0.4500,0.5000,6,8,8,0,0,8,8,0.0000
4,140.0000,0,2,795.1784,-87.6304,0.2235,21,0.5250,0.7143,7,8,7,0,0,8,7,0.1250
4,140.0000,0,6,204.5331,-77.7230,-0.5126,37,0.9250,0.0000,4,5,2,0,0,5,2,0.6000
4,140.0000,0,7,686.7736,-88.1173,-0.0148,20,0.5000,0.5714,7,8,8,0,0,8,8,0.0000
4,140.0000,0,8,936.4886,-89.3412,0.0368,8,0.2000,1.0000,6,6,4,0,0,6,4,0.3333
4,140.0000,0,9,380.0063,-83.0423,0.0547,33,0.8250,0.4000,5,5,1,0,0,5,1,0.8000
4,140.0000,0,10,838.5484,-88.2392,0.4775,9,0.2250,0.8750,8,8,8,0,0,8,8,0.0000
4,140.0000,0,12,975.2977,-88.8974,-0.0535,7,0.1750,1.0000,8,8,8,0,0,8,8,0.0000
4,140.0000,0,13,810.4084,-88.7844,-0.3163,15,0.3750,1.0000,6,10,10,0,0,10,10,0.0000
4,140.0000,0,14,1004.2928,-89.0459,-0.1690,3,0.0750,,0,6,6,0,0,6,6,0.0000
4,140.0000,0,15,653.3840,-87.8326,0.0568,23,0.5750,0.7143,7,7,5,0,0,7,5,0.2857
4,140.0000,0,17,1019.7651,-89.1487,-0.2013,5,0.1250,1.0000,4,3,2,0,0,3,2,0.3333
4,140.0000,0,19,470.3211,-85.7923,0.0809,33,0.8250,0.2500,4,7,4,0,0,7,4,0.4286
4,140.0000,0,20,731.1361,-88.1277,0.4844,14,0.3500,0.8571,7,7,5,0,0,7,5,0.2857
4,140.0000,0,22,244.0083,-79.8572,-0.2677,33,0.8250,0.2000,5,4,0,0,0,4,0,1.0000
4,140.0000,0,23,1180.7569,-89.4653,-0.0017,3,0.0750,1.0000,8,2,2,0,0,2,2,0.0000
4,140.0000,0,24,394.4148,-83.8473,0.2629,31,0.7750,0.0000,4,4,0,0,0,4,0,1.0000
4,140.0000,0,25,688.6807,-87.8941,0.0765,20,0.5000,0.8571,7,7,6,0,0,7,6,0.1429
4,140.0000,1,3,680.8871,-86.4226,0.1022,14,0.3590,0.7500,8,8,7,0,0,8,7,0.1250
4,140.0000,1,5,745.6780,-87.6703,-0.1309,11,0.2821,0.7143,7,7,5,0,0,7,5,0.2857
4,140.0000,1,8,721.9064,-87.7291,0.0009,7,0.1795,0.8750,8,7,5,0,0,7,5,0.2857
4,140.0000,1,10,862.0418,-87.7393,0.1378,10,0.2564,1.0000,8,8,8,0,0,8,8,0.0000
4,140.0000,1,17,582.5890,-86.8172,0.0801,16,0.4103,0.6667,6,6,3,0,0,6,3,0.5000
4,140.0000,1,18,503.1899,-85.7651,0.4639,24,0.6154,0.5000,6,5,1,0,0,5,1,0.8000
4,140.0000,1,20,827.0476,-88.0314,-0.0072,7,0.1795,0.7143,7,8,8,0,0,8,8,0.0000
4,140.0000,1,21,115.2338,-73.5779,1.5408,39,1.0000,0.0000,4,4,0,0,0,4,0,1.0000
4,140.0000,2,0,795.1784,-88.2028,-0.5785,11,0.2750,1.0000,8,8,8,0,0,8,8,0.0000
4,140.0000,2,4,1100.9779,-88.2919,-0.1379,4,0.1000,1.0000,6,4,4,0,0,4,4,0.0000
4,140.0000,2,6,927.2048,-88.7631,0.1309,7,0.1750,1.0000,8,8,8,0,0,8,8,0.0000
4,140.0000,2,11,650.2072,-86.6660,-0.3755,30,0.7500,0.7143,7,6,2,0,0,6,2,0.6667
4,140.0000,2,12,214.0787,-78.9465,0.7530,39,0.9750,0.0000,4,4,0,0,0,4,0,1.0000
4,140.0000,2,13,83.6209,-70.1864,1.1110,38,0.9500,0.0000,4,4,0,0,0,4,0,1.0000
4,140.0000,2,14,991.1044,-89.2829,0.1197,8,0.2000,1.0000,4,8,8,0,0,8,8,0.0000
4,140.0000,2,15,312.8408,-81.2443,-0.2633,40,1.0000,0.3333,6,6,3,0,0,6,3,0.5000
4,140.0000,2,16,1109.4450,-89.1854,-0.3703,4,0.1000,1.0000,8,4,4,0,0,4,4,0.0000
4,140.0000,2,19,615.0137,-86.3081,-0.4080,24,0.6000,0.2000,5,8,8,0,0,8,8,0.0000
4,140.0000,2,22,759.0585,-87.5370,-0.1173,18,0.4500,0.8750,8,8,8,0,0,8,8,0.0000
4,140.0000,2,23,421.1474,-83.2432,-0.0114,37,0.9250,0.4000,5,5,1,0,0,5,1,0.8000
4,140.0000,2,24,768.4573,-88.3605,0.4101,13,0.3250,1.0000,8,8,6,0,0,8,6,0.2500
4,140.0000,2,25,790.5260,-88.5041,0.2550,11,0.2750,0.8750,8,7,6,0,0,7,6,0.1429
4,140.0000,3,1,680.8871,-87.4702,-0.2774,27,0.6750,0.6667,6,6,4,0,0,6,4,0.3333
4,140.0000,3,7,852.1795,-88.3386,-0.2218,8,0.2000,0.8000,5,7,6,0,0,7,6,0.1429
4,140.0000,3,8,1011.8335,-88.6749,0.7548,3,0.0750,1.0000,4,8,8,0,0,8,8,0.0000
4,140.0000,3,10,634.4503,-87.1480,0.1258,20,0.5000,0.8571,7,6,2,0,0,6,2,0.6667
4,140.0000,3,17,562.2732,-87.5704,0.2601,21,0.5250,1.0000,8,7,5,6,6,13,11,0.1538
4,140.0000,3,18,453.8212,-85.6370,0.6550,26,0.6500,0.6000,5,5,2,0,0,5,2,0.6000
4,140.0000,3,20,896.6860,-88.9495,0.4184,6,0.1500,1.0000,8,8,7,0,0,8,7,0.1250
4,140.0000,3,21,766.1732,-87.3788,0.3737,13,0.3250,1.0000,8,7,6,0,0,7,6,0.1429
4,140.0000,4,2,1100.9779,-89.2190,-0.5445,3,0.0750,1.0000,8,2,2,0,0,2,2,0.0000
4,140.0000,4,14,511.8613,-85.2738,-0.2982,29,0.7250,0.5714,7,5,2,0,0,5,2,0.6000
4,140.0000,4,16,610.5658,-86.8286,0.0511,28,0.7000,0.8750,8,6,3,0,0,6,3,0.5000
4,140.0000,4,25,767.5406,-87.8767,0.6066,10,0.2500,0.5714,7,8,8,0,0,8,8,0.0000
4,140.0000,5,1,745.6780,-88.2838,-0.0295,13,0.3250,0.7143,7,8,7,0,0,8,7,0.1250
4,140.0000,5,6,987.1261,-89.1401,-0.1946,6,0.1500,1.0000,8,6,6,0,0,6,6,0.0000
4,140.0000,5,7,1014.8266,-88.3534,0.3024,4,0.1000,1.0000,8,4,4,0,0,4,4,0.0000
4,140.0000,5,8,469.6657,-84.0125,-0.1614,35,0.8750,0.3333,6,7,5,0,0,7,5,0.2857
4,140.0000,5,9,805.9316,-87.8228,-0.0436,12,0.3000,0.8750,8,8,8,0,0,8,8,0.0000
4,140.0000,5,10,965.6171,-88.4742,0.3405,8,0.2000,1.0000,8,8,8,0,0,8,8,0.0000
4,140.0000,5,14,922.2056,-88.4971,0.3773,6,0.1500,1.0000,6,8,8,0,0,8,8,0.0000
4,140.0000,5,17,777.8516,-88.1580,-0.1382,20,0.5000,1.0000,8,8,8,0,0,8,8,0.0000
4,140.0000,5,18,801.9610,-87.9766,-0.4312,19,0.4750,1.0000,8,8,8,0,0,8,8,0.0000
4,140.0000,5,20,620.5418,-86.5851,-0.3954,30,0.7500,0.7143,7,6,4,0,0,6,4,0.3333
4,140.0000,5,21,785.2039,-87.8966,-0.2328,24,0.6000,0.5000,6,7,6,0,0,7,6,0.1429
4,140.0000,5,25,912.1088,-89.1175,-0.0343,7,0.1750,1.0000,8,6,6,0,0,6,6,0.0000
4,140.0000,6,0,204.5331,-78.0726,-0.0705,38,0.9268,0.0000,4,5,1,0,0,5,1,0.8000
4,140.0000,6,2,927.2048,-87.8253,-0.4600,10,0.2439,1.0000,8,8,8,0,0,8,8,0.0000
4,140.0000,6,7,581.7656,-86.9450,0.0319,23,0.5610,0.6667,6,6,4,0,0,6,4,0.3333
4,140.0000,6,8,734.0950,-88.7870,-0.0565,9,0.2195,0.7143,7,7,6,2,1,9,7,0.2222
4,140.0000,6,9,214.6438,-77.1485,-0.7132,37,0.9024,0.2000,5,4,0,0,0,4,0,1.0000
4,140.0000,6,10,679.8850,-88.3039,-0.1582,18,0.4390,0.8571,7,6,3,0,0,6,3,0.5000
4,140.0000,6,13,956.3275,-87.8556,-0.4117,4,0.0976,1.0000,8,8,8,0,0,8,8,0.0000
4,140.0000,6,14,934.8458,-89.1577,0.1515,6,0.1463,1.0000,4,8,8,0,0,8,8,0.0000
4,140.0000,6,15,760.6186,-88.7213,0.2419,12,0.2927,0.5000,6,7,4,0,0,7,4,0.4286
4,140.0000,6,17,830.8211,-88.4286,0.2860,12,0.2927,1.0000,84,7,6,80,80,87,86,0.0115
4,140.0000,6,18,937.9076,-89.0819,-0.5067,5,0.1220,1.0000,8,8,8,0,0,8,8,0.0000
4,140.0000,6,19,525.0957,-85.7201,0.1522,30,0.7317,0.8571,7,5,2,0,0,5,2,0.6000
4,140.0000,6,20,556.4724,-86.4487,-0.1793,22,0.5366,0.7500,8,7,5,0,0,7,5,0.2857
4,140.0000,6,22,233.7535,-78.0404,0.3216,35,0.8537,0.0000,4,5,1,0,0,5,1,0.8000
4,140.0000,6,24,369.7531,-81.9324,-0.9359,35,0.8537,0.2500,8,6,3,0,0,6,3,0.5000
4,140.0000,6,25,646.0052,-87.0076,-0.6177,19,0.4634,0.8571,14,9,7,0,0,9,7,0.2222
4,140.0000,7,0,686.7736,-87.9125,-0.5433,15,0.3750,0.8750,8,6,4,2,2,8,6,0.2500
4,140.0000,7,3,852.1795,-88.0102,0.1598,6,0.1500,1.0000,8,7,5,0,0,7,5,0.2857
4,140.0000,7,5,1014.8266,-88.7038,0.2458,7,0.1750,1.0000,8,4,4,0,0,4,4,0.0000
4,140.0000,7,6,581.7656,-86.5087,0.4892,22,0.5500,0.3333,6,8,7,0,0,8,7,0.1250
4,140.0000,7,8,807.0554,-88.4226,0.3806,9,0.2250,0.8571,7,7,6,0,0,7,6,0.1429
4,140.0000,7,9,489.4674,-84.9866,-0.0219,26,0.6500,0.5714,7,6,4,0,0,6,4,0.3333
4,140.0000,7,10,358.9377,-82.7724,-0.0061,33,0.8250,0.4000,5,4,0,0,0,4,0,1.0000
4,140.0000,7,17,580.4843,-86.5121,-0.0958,22,0.5500,0.4000,5,7,5,0,0,7,5,0.2857
4,140.0000,7,18,597.1048,-86.3311,-0.3751,21,0.5250,0.0000,4,6,3,0,0,6,3,0.5000
4,140.0000,7,20,396.6644,-81.7640,-0.5746,31,0.7750,0.0000,4,6,4,0,0,6,4,0.3333
4,140.0000,7,22,788.6570,-88.1185,0.4206,10,0.2500,0.8571,7,7,5,0,0,7,5,0.2857
4,140.0000,7,24,888.3963,-87.2442,-2.1369,4,0.1000,0.8333,6,7,6,0,0,7,6,0.1429
4,140.0000,7,25,1136.7896,-89.4293,-0.7607,3,0.0750,1.0000,4,4,4,0,0,4,4,0.0000
4,140.0000,8,0,936.4886,-88.3119,0.3208,3,0.0750,1.0000,6,7,6,0,0,7,6,0.1429
4,140.0000,8,1,721.9064,-88.1133,-0.4227,11,0.2750,0.8571,7,8,6,0,0,8,6,0.2500
4,140.0000,8,3,1011.8335,-88.3391,-0.1777,3,0.0750,0.8000,5,8,8,0,0,8,8,0.0000
4,140.0000,8,5,469.6657,-83.8183,-0.9067,35,0.8750,0.2000,5,7,6,0,0,7,6,0.1429
4,140.0000,8,6,734.0950,-88.3773,0.4729,14,0.3500,0.8571,7,8,7,0,0,8,7,0.1250
4,140.0000,8,7,807.0554,-88.4959,0.5011,9,0.2250,0.7500,8,8,8,0,0,8,8,0.0000
4,140.0000,8,9,613.5259,-87.8530,0.3048,15,0.3750,0.7143,7,6,4,0,0,6,4,0.3333
4,140.0000,8,10,637.5850,-87.4888,0.3648,16,0.4000,0.8750,8,7,5,0,0,7,5,0.2857
4,140.0000,8,14,932.8840,-88.2201,-0.1253,13,0.3250,1.0000,6,7,6,0,0,7,6,0.1429
4,140.0000,8,17,466.8308,-84.4494,-0.0089,36,0.9000,0.8571,7,6,2,0,0,6,2,0.6667
4,140.0000,8,18,576.7410,-86.5947,-0.0847,31,0.7750,0.7143,7,7,4,0,0,7,4,0.4286
4,140.0000,8,20,468.9188,-85.9880,0.3592,33,0.8250,0.2000,5,6,4,0,0,6,4,0.3333
4,140.0000,8,21,802.9537,-87.7662,-0.7596,23,0.5750,1.0000,8,8,8,0,0,8,8,0.0000
4,140.0000,8,22,843.7707,-88.9215,0.1779,9,0.2250,0.8750,8,8,8,0,0,8,8,0.0000
4,140.0000,8,24,864.1054,-88.9277,-0.2274,7,0.1750,1.0000,12,7,6,0,0,7,6,0.1429
4,140.0000,8,25,865.2687,-88.1337,-0.4137,8,0.2000,1.0000,8,7,6,0,0,7,6,0.1429
4,140.0000,9,0,380.0063,-82.4476,-0.4321,36,0.9000,0.2000,5,4,0,0,0,4,0,1.0000
4,140.0000,9,1,1168.1604,-89.4134,0.1685,3,0.0750,,0,4,4,0,0,4,4,0.0000
4,140.0000,9,2,1085.1761,-88.9631,0.2142,4,0.1000,1.0000,6,6,6,0,0,6,6,0.0000
4,140.0000,9,5,805.9316,-88.3770,0.0644,13,0.3250,1.0000,8,8,7,0,0,8,7,0.1250
4,140.0000,9,6,214.6438,-76.8054,-0.4080,37,0.9250,0.2000,5,4,0,0,0,4,0,1.0000
4,140.0000,9,7,489.4674,-85.0382,0.1879,36,0.9000,0.2000,5,5,1,0,0,5,1,0.8000
4,140.0000,9,8,613.5259,-88.1114,0.0091,16,0.4000,0.8571,7,5,1,13,6,18,7,0.6111
4,140.0000,9,10,608.9261,-87.0533,0.1729,22,0.5500,0.8571,7,6,4,0,0,6,4,0.3333
4,140.0000,9,14,918.1199,-88.6012,0.4607,6,0.1500,1.0000,8,8,8,0,0,8,8,0.0000
4,140.0000,9,15,948.4605,-88.4260,0.0801,10,0.2500,1.0000,8,8,8,0,0,8,8,0.0000
4,140.0000,9,17,715.5603,-88.1226,0.1068,20,0.5000,0.8750,8,8,7,0,0,8,7,0.1250
4,140.0000,9,18,802.8879,-89.0107,0.1772,13,0.3250,0.8750,8,9,8,0,0,9,8,0.1111
4,140.0000,9,19,727.8822,-87.8732,-0.1687,18,0.4500,1.0000,8,7,5,0,0,7,5,0.2857
4,140.0000,9,20,367.5661,-85.1461,0.4407,33,0.8250,0.5714,7,6,4,0,0,6,4,0.3333
4,140.0000,9,22,434.9067,-84.3653,0.1050,37,0.9250,0.4000,5,6,3,0,0,6,3,0.5000
4,140.0000,9,24,558.2892,-85.6505,-0.7390,32,0.8000,0.0000,4,7,6,0,0,7,6,0.1429
4,140.0000,9,25,648.3494,-87.3320,-0.0765,24,0.6000,0.8571,21,8,6,33,30,41,36,0.1220
4,140.0000,10,0,838.5484,-88.8493,-0.4012,8,0.1951,1.0000,6,8,8,0,0,8,8,0.0000
4,140.0000,10,1,862.0418,-88.8131,0.2457,5,0.1220,0.8750,8,8,8,0,0,8,8,0.0000
4,140.0000,10,3,634.4503,-87.3237,0.2692,24,0.5854,0.6667,6,7,4,0,0,7,4,0.4286
4,140.0000,10,5,965.6171,-88.9597,-0.1942,6,0.1463,0.8571,7,8,8,0,0,8,8,0.0000
4,140.0000,10,6,679.8850,-88.1228,0.4308,11,0.2683,0.8571,7,7,5,2,1,9,6,0.3333
4,140.0000,10,7,358.9377,-82.7966,-0.0650,35,0.8537,0.3333,6,6,2,0,0,6,2,0.6667
4,140.0000,10,8,637.5850,-88.0781,0.6889,17,0.4146,1.0000,8,5,1,0,0,5,1,0.8000
4,140.0000,10,9,608.9261,-86.5035,0.0311,13,0.3171,1.0000,8,7,5,29,24,36,29,0.1944
4,140.0000,10,17,296.9992,-83.7338,-0.0905,33,0.8049,0.0000,4,4,0,0,0,4,0,1.0000
4,140.0000,10,18,367.1338,-82.7684,-0.1595,32,0.7805,0.4444,9,4,0,69,60,73,60,0.1781
4,140.0000,10,20,434.9653,-84.2505,-0.2824,29,0.7073,0.7483,143,6,3,41,24,47,27,0.4255
4,140.0000,10,21,977.1380,-89.1626,-0.3587,3,0.0732,0.9000,10,6,6,0,0,6,6,0.0000
4,140.0000,10,22,836.2092,-88.8512,-0.2433,5,0.1220,1.0000,8,8,8,0,0,8,8,0.0000
4,140.0000,10,24,880.0843,-89.1271,0.1851,6,0.1463,1.0000,8,8,7,6,6,14,13,0.0714
4,140.0000,11,2,650.2072,-87.2379,0.1599,21,0.5385,0.5000,6,7,5,0,0,7,5,0.2857
4,140.0000,11,12,461.2279,-83.6648,-0.7564,35,0.8974,0.2000,5,4,0,0,0,4,0,1.0000
4,140.0000,11,13,641.0862,-85.9045,-0.8956,22,0.5641,0.8861,79,6,3,80,76,86,79,0.0814
4,140.0000,11,15,922.9113,-88.4034,-0.0687,10,0.2564,1.0000,14,7,6,0,0,7,6,0.1429
4,140.0000,11,16,876.8151,-88.3738,0.2453,14,0.3590,1.0000,6,6,4,0,0,6,4,0.3333
4,140.0000,11,23,422.7609,-84.4321,0.0151,33,0.8462,0.0000,4,4,0,0,0,4,0,1.0000
4,140.0000,12,0,975.2977,-88.2882,-0.4740,5,0.1250,1.0000,8,8,8,0,0,8,8,0.0000
4,140.0000,12,2,214.0787,-79.4272,0.7090,35,0.8750,0.4000,5,4,0,0,0,4,0,1.0000
4,140.0000,12,11,461.2279,-83.8888,-0.6225,37,0.9250,0.0000,4,5,1,0,0,5,1,0.8000
4,140.0000,12,13,187.8536,-76.0250,0.0180,37,0.9250,0.2000,5,4,0,0,0,4,0,1.0000
4,140.0000,12,15,519.5394,-85.6351,-0.2070,29,0.7250,0.0000,4,4,0,0,0,4,0,1.0000
4,140.0000,12,19,828.0782,-88.2136,-0.4533,9,0.2250,1.0000,8,8,8,0,0,8,8,0.0000
4,140.0000,12,22,963.0246,-88.9548,0.0779,7,0.1750,0.8571,7,6,6,0,0,6,6,0.0000
4,140.0000,12,23,374.9571,-82.4334,0.1093,38,0.9500,0.0000,4,4,0,0,0,4,0,1.0000
4,140.0000,12,25,921.5280,-88.6702,-0.0047,3,0.0750,1.0000,6,8,8,0,0,8,8,0.0000
4,140.0000,13,0,810.4084,-88.2453,0.1455,9,0.2250,0.7143,7,8,8,0,0,8,8,0.0000
4,140.0000,13,2,83.6209,-69.9397,0.8582,40,1.0000,0.0000,4,4,0,0,0,4,0,1.0000
4,140.0000,13,6,956.3275,-88.8143,0.4316,8,0.2000,1.0000,6,8,8,0,0,8,8,0.0000
4,140.0000,13,11,641.0862,-86.1707,-0.0781,30,0.7500,0.0000,4,6,4,0,0,6,4,0.3333
4,140.0000,13,12,187.8536,-76.1218,-0.1672,40,1.0000,0.2000,5,6,1,0,0,6,1,0.8333
4,140.0000,13,15,354.4259,-83.0272,0.0820,38,0.9500,0.5000,6,7,4,0,0,7,4,0.4286
4,140.0000,13,16,1167.0787,-88.7554,-0.4169,4,0.1000,1.0000,2,4,4,0,0,4,4,0.0000
4,140.0000,13,19,652.5885,-87.2157,-0.1002,24,0.6000,0.8276,29,7,5,20,19,27,24,0.1111
4,140.0000,13,22,794.4327,-87.9214,-0.0308,9,0.2250,0.8750,8,8,8,0,0,8,8,0.0000
4,140.0000,13,23,457.3084,-83.8478,-0.3357,37,0.9250,0.2000,5,7,5,0,0,7,5,0.2857
4,140.0000,13,24,811.0346,-89.0902,0.0634,8,0.2000,0.8750,8,10,10,0,0,10,10,0.0000
4,140.0000,13,25,851.2009,-88.5643,-0.0355,10,0.2500,0.8750,8,9,8,0,0,9,8,0.1111
4,140.0000,14,4,511.8613,-84.9214,-0.1423,35,0.8750,0.7143,7,5,2,0,0,5,2,0.6000
4,140.0000,14,5,922.2056,-88.4650,0.3496,4,0.1000,1.0000,8,8,8,0,0,8,8,0.0000
4,140.0000,14,8,932.8840,-87.6898,-0.2153,6,0.1500,1.0000,8,8,8,0,0,8,8,0.0000
4,140.0000,14,9,918.1199,-89.0223,1.0237,3,0.0750,1.0000,8,8,8,0,0,8,8,0.0000
4,140.0000,14,16,1044.6376,-89.1700,0.2370,3,0.0750,1.0000,8,6,6,0,0,6,6,0.0000
4,140.0000,14,20,1106.7125,-89.1324,-1.0862,4,0.1000,,0,6,6,0,0,6,6,0.0000
4,140.0000,14,24,920.8761,-88.9336,0.2385,5,0.1250,1.0000,8,8,8,0,0,8,8,0.0000
4,140.0000,14,25,333.7945,-82.7744,-0.2764,28,0.7000,0.4000,5,4,0,0,0,4,0,1.0000
4,140.0000,15,0,653.3840,-87.2270,-0.0654,21,0.5250,0.6667,6,6,3,0,0,6,3,0.5000
4,140.0000,15,2,312.8408,-80.6750,-0.3643,37,0.9250,0.0000,4,5,1,0,0,5,1,0.8000
4,140.0000,15,6,760.6186,-88.4863,-0.0404,17,0.4250,0.8750,8,8,7,0,0,8,7,0.1250
4,140.0000,15,9,948.4605,-89.2891,0.0729,8,0.2000,1.0000,8,8,8,0,0,8,8,0.0000
4,140.0000,15,11,922.9113,-88.4270,-0.1186,15,0.3750,0.8750,8,8,8,0,0,8,8,0.0000
4,140.0000,15,12,519.5394,-85.9782,-0.0915,35,0.8750,0.3333,6,6,3,0,0,6,3,0.5000
4,140.0000,15,13,354.4259,-82.8932,-0.0304,36,0.9000,0.0000,4,5,1,0,0,5,1,0.8000
4,140.0000,15,19,328.0463,-81.9638,0.1615,39,0.9750,0.2000,5,4,0,0,0,4,0,1.0000
4,140.0000,15,22,548.6653,-85.6161,-0.2452,24,0.6000,0.5000,6,7,5,0,0,7,5,0.2857
4,140.0000,15,23,592.2729,-85.8367,-0.1962,32,0.8000,0.4000,5,5,2,0,0,5,2,0.6000
4,140.0000,15,24,511.8966,-86.9689,-0.0203,30,0.7500,0.0000,4,4,0,0,0,4,0,1.0000
4,140.0000,15,25,778.2734,-88.0864,-0.4849,11,0.2750,0.7143,7,7,5,0,0,7,5,0.2857
4,140.0000,16,2,1109.4450,-89.6876,-0.0777,3,0.0750,1.0000,8,4,4,0,0,4,4,0.0000
4,140.0000,16,4,610.5658,-86.5747,-0.1309,23,0.5750,0.4000,5,7,4,0,0,7,4,0.4286
4,140.0000,16,11,876.8151,-88.8715,0.1083,12,0.3000,1.0000,8,7,5,0,0,7,5,0.2857
4,140.0000,16,23,793.9546,-87.6756,0.3059,14,0.3500,1.0000,8,8,7,0,0,8,7,0.1250
4,140.0000,17,1,582.5890,-87.0621,-0.0918,28,0.7000,0.3333,6,5,2,0,0,5,2,0.6000
4,140.0000,17,3,562.2732,-87.3115,0.6009,29,0.7250,0.7143,7,4,0,0,0,4,0,1.0000
4,140.0000,17,5,777.8516,-87.4606,-0.5784,21,0.5250,0.8750,8,8,8,0,0,8,8,0.0000
4,140.0000,17,6,830.8211,-89.0148,0.1022,15,0.3750,0.9000,10,8,8,0,0,8,8,0.0000
4,140.0000,17,7,580.4843,-86.9654,0.6255,24,0.6000,0.6667,6,6,4,0,0,6,4,0.3333
4,140.0000,17,8,466.8308,-85.4555,0.1626,35,0.8750,0.2000,5,4,0,0,0,4,0,1.0000
4,140.0000,17,9,715.5603,-87.9370,-0.6636,15,0.3750,1.0000,8,8,7,0,0,8,7,0.1250
4,140.0000,17,10,296.9992,-82.1992,1.0032,37,0.9250,0.0000,4,4,0,0,0,4,0,1.0000
4,140.0000,17,18,160.6523,-75.0576,-0.0484,40,1.0000,0.0000,4,4,0,0,0,4,0,1.0000
4,140.0000,17,20,439.2082,-84.0241,0.3683,30,0.7500,0.5000,6,6,2,0,0,6,2,0.6667
4,140.0000,17,21,696.0270,-87.3552,-0.7313,22,0.5500,0.8571,7,8,8,0,0,8,8,0.0000
4,140.0000,17,22,983.2808,-89.4618,0.1382,3,0.0750,1.0000,8,6,6,0,0,6,6,0.0000
4,140.0000,17,24,1014.9387,-88.3575,-0.2942,5,0.1250,1.0000,8,8,8,0,0,8,8,0.0000
4,140.0000,18,1,503.1899,-85.7896,0.0787,31,0.7750,0.6667,6,4,0,0,0,4,0,1.0000
4,140.0000,18,3,453.8212,-85.7011,0.5863,27,0.6750,0.2000,5,5,2,19,8,24,10,0.5833
4,140.0000,18,5,801.9610,-88.1009,-0.0565,14,0.3500,0.8571,7,8,8,0,0,8,8,0.0000
4,140.0000,18,6,937.9076,-89.2495,-0.0126,6,0.1500,1.0000,8,8,8,0,0,8,8,0.0000
4,140.0000,18,7,597.1048,-86.2078,0.6047,24,0.6000,0.8750,8,7,6,3,2,10,8,0.2000
4,140.0000,18,8,576.7410,-86.5439,-0.2491,23,0.5750,0.0000,4,6,3,0,0,6,3,0.5000
4,140.0000,18,9,802.8879,-87.9071,0.0473,11,0.2750,0.8333,6,8,6,0,0,8,6,0.2500
4,140.0000,18,10,367.1338,-82.6051,0.2190,34,0.8500,0.0000,4,6,4,0,0,6,4,0.3333
4,140.0000,18,17,160.6523,-74.7099,-0.0115,38,0.9500,0.0000,4,5,1,0,0,5,1,0.8000
4,140.0000,18,20,480.0228,-84.2172,0.2847,29,0.7250,0.3333,6,6,3,0,0,6,3,0.5000
4,140.0000,18,21,618.1802,-87.2552,-0.2686,23,0.5750,0.6250,8,7,5,0,0,7,5,0.2857
4,140.0000,18,22,1109.3261,-89.5575,0.0000,3,0.0750,1.0000,4,4,4,0,0,4,4,0.0000
4,140.0000,19,0,470.3211,-85.0849,0.2315,27,0.6585,0.4000,5,5,1,0,0,5,1,0.8000
4,140.0000,19,2,615.0137,-86.8355,-0.6299,22,0.5366,0.4000,5,8,8,0,0,8,8,0.0000
4,140.0000,19,6,525.0957,-86.1182,-0.6853,18,0.4390,0.4000,5,5,2,0,0,5,2,0.6000
4,140.0000,19,9,727.8822,-87.8031,0.3369,14,0.3415,0.8571,7,7,6,0,0,7,6,0.1429
4,140.0000,19,12,828.0782,-88.5264,0.3233,11,0.2683,1.0000,8,7,6,0,0,7,6,0.1429
4,140.0000,19,13,652.5885,-86.6904,-0.7100,17,0.4146,0.8571,7,6,4,0,0,6,4,0.3333
4,140.0000,19,15,328.0463,-81.8457,1.1966,33,0.8049,0.2000,5,4,0,0,0,4,0,1.0000
4,140.0000,19,22,293.3101,-81.1952,0.0381,32,0.7805,0.0000,4,5,1,0,0,5,1,0.8000
4,140.0000,19,23,902.5326,-88.3835,0.2454,12,0.2927,0.8571,7,8,8,0,0,8,8,0.0000
4,140.0000,19,24,208.2220,-80.5514,1.1151,33,0.8049,0.4000,5,5,0,0,0,5,0,1.0000
4,140.0000,19,25,756.9531,-87.7221,0.3648,8,0.1951,0.8571,7,8,7,0,0,8,7,0.1250
4,140.0000,20,0,731.1361,-87.8105,0.1574,16,0.4000,0.8571,7,8,8,0,0,8,8,0.0000
4,140.0000,20,1,827.0476,-87.8789,0.3874,10,0.2500,1.0000,8,8,7,0,0,8,7,0.1250
4,140.0000,20,3,896.6860,-88.8396,-0.1554,10,0.2500,1.0000,30,8,8,2,2,10,10,0.0000
4,140.0000,20,5,620.5418,-85.9388,0.2210,24,0.6000,0.8750,16,6,4,0,0,6,4,0.3333
4,140.0000,20,6,556.4724,-86.9656,0.6065,20,0.5000,0.8974,39,6,3,0,0,6,3,0.5000
4,140.0000,20,7,396.6644,-82.7726,-0.5335,36,0.9000,0.0000,4,5,1,0,0,5,1,0.8000
4,140.0000,20,8,468.9188,-85.2145,-0.1392,24,0.6000,0.5556,45,5,1,20,7,25,8,0.6800
4,140.0000,20,9,367.5661,-83.9154,1.1729,29,0.7250,0.6857,35,4,0,78,64,82,64,0.2195
4,140.0000,20,10,434.9653,-84.4897,0.2755,32,0.8000,0.4000,5,5,1,0,0,5,1,0.8000
4,140.0000,20,17,439.2082,-83.2638,-0.5562,32,0.8000,0.0000,4,6,2,0,0,6,2,0.6667
4,140.0000,20,18,480.0228,-83.9286,-0.6727,32,0.8000,0.4000,5,6,3,0,0,6,3,0.5000
4,140.0000,20,21,929.1407,-88.7554,-0.0781,11,0.2750,0.8571,7,6,6,0,0,6,6,0.0000
4,140.0000,20,22,766.6375,-88.8700,0.4433,12,0.3000,1.0000,8,7,6,0,0,7,6,0.1429
4,140.0000,20,24,858.0945,-88.4436,-0.5957,5,0.1250,1.0000,8,7,6,0,0,7,6,0.1429
4,140.0000,20,25,908.2672,-88.5419,-0.4391,10,0.2500,1.0000,8,8,8,0,0,8,8,0.0000
4,140.0000,21,1,115.2338,-73.8634,1.9997,39,0.9750,0.0000,5,4,0,0,0,4,0,1.0000
4,140.0000,21,3,766.1732,-88.2060,-0.3429,11,0.2750,0.8750,8,6,3,38,37,44,40,0.0909
4,140.0000,21,5,785.2039,-87.7333,-0.2788,17,0.4250,0.8750,8,7,6,0,0,7,6,0.1429
4,140.0000,21,8,802.9537,-88.1153,-0.2909,18,0.4500,1.0000,50,8,8,0,0,8,8,0.0000
4,140.0000,21,10,977.1380,-88.9535,-0.3124,6,0.1500,0.8750,8,6,6,0,0,6,6,0.0000
4,140.0000,21,17,696.0270,-87.3992,-0.4637,17,0.4250,0.9783,46,9,8,8,8,17,16,0.0588
4,140.0000,21,18,618.1802,-87.1774,0.1054,26,0.6500,1.0000,8,8,7,34,33,42,40,0.0476
4,140.0000,21,20,929.1407,-88.5162,0.8796,4,0.1000,1.0000,8,8,8,0,0,8,8,0.0000
4,140.0000,22,0,244.0083,-79.4250,-0.2918,38,0.9500,0.0000,4,4,0,0,0,4,0,1.0000
4,140.0000,22,2,759.0585,-88.3501,-0.0646,16,0.4000,1.0000,8,10,10,0,0,10,10,0.0000
4,140.0000,22,6,233.7535,-78.5057,0.2218,37,0.9250,0.3333,6,4,0,0,0,4,0,1.0000
4,140.0000,22,7,788.6570,-88.0550,0.8529,11,0.2750,0.8750,8,7,6,0,0,7,6,0.1429
4,140.0000,22,8,843.7707,-88.5843,0.2120,8,0.2000,1.0000,8,8,8,0,0,8,8,0.0000
4,140.0000,22,9,434.9067,-84.1795,-0.0902,33,0.8250,0.5000,6,6,3,0,0,6,3,0.5000
4,140.0000,22,10,836.2092,-88.5243,0.0925,8,0.2000,1.0000,8,8,8,0,0,8,8,0.0000
4,140.0000,22,12,963.0246,-89.5836,-0.1435,4,0.1000,1.0000,8,8,8,0,0,8,8,0.0000
4,140.0000,22,13,794.4327,-88.3278,0.3648,8,0.2000,1.0000,8,8,7,0,0,8,7,0.1250
4,140.0000,22,14,901.7148,-88.7645,0.1224,7,0.1750,1.0000,4,6,6,0,0,6,6,0.0000
4,140.0000,22,15,548.6653,-86.1272,0.2616,27,0.6750,0.7143,7,5,2,0,0,5,2,0.6000
4,140.0000,22,17,983.2808,-89.5972,0.2600,4,0.1000,1.0000,10,8,8,0,0,8,8,0.0000
4,140.0000,22,19,293.3101,-80.5983,-0.5947,39,0.9750,0.0000,4,4,0,0,0,4,0,1.0000
4,140.0000,22,20,766.6375,-88.2478,-0.1232,7,0.1750,1.0000,8,8,8,0,0,8,8,0.0000
4,140.0000,22,24,157.5526,-74.4939,0.5049,40,1.0000,0.0000,4,4,0,0,0,4,0,1.0000
4,140.0000,22,25,628.7189,-86.9739,-0.2482,25,0.6250,0.3333,6,8,7,0,0,8,7,0.1250
4,140.0000,23,2,421.1474,-83.6724,-0.3979,36,0.9000,0.3333,6,4,0,0,0,4,0,1.0000
4,140.0000,23,11,422.7609,-84.2759,0.3584,38,0.9500,0.2000,5,5,1,0,0,5,1,0.8000
4,140.0000,23,12,374.9571,-82.6698,-0.3056,38,0.9500,0.4286,7,4,0,0,0,4,0,1.0000
4,140.0000,23,13,457.3084,-83.7902,-1.2040,38,0.9500,0.1667,6,6,3,0,0,6,3,0.5000
4,140.0000,23,14,1082.4574,-89.1466,-0.4942,3,0.0750,1.0000,6,2,2,0,0,2,2,0.0000
4,140.0000,23,15,592.2729,-85.3692,-0.9119,33,0.8250,0.5000,6,7,5,0,0,7,5,0.2857
4,140.0000,23,16,793.9546,-88.4500,0.2341,16,0.4000,0.5000,6,8,8,0,0,8,8,0.0000
4,140.0000,23,19,902.5326,-87.8066,-0.6317,10,0.2500,1.0000,8,8,8,0,0,8,8,0.0000
4,140.0000,23,24,1060.3517,-89.4408,0.3118,3,0.0750,1.0000,8,8,8,0,0,8,8,0.0000
4,140.0000,23,25,1004.8883,-88.9747,-0.9944,5,0.1250,1.0000,8,8,8,0,0,8,8,0.0000
4,140.0000,24,0,394.4148,-83.6425,-0.0332,34,0.8500,0.2000,5,5,2,0,0,5,2,0.6000
4,140.0000,24,2,768.4573,-88.2517,0.0473,16,0.4000,1.0000,8,8,7,0,0,8,7,0.1250
4,140.0000,24,6,369.7531,-82.8121,-0.2292,36,0.9000,0.0000,4,6,3,0,0,6,3,0.5000
4,140.0000,24,7,888.3963,-87.8714,-0.3747,4,0.1000,0.8571,7,6,6,0,0,6,6,0.0000
4,140.0000,24,8,864.1054,-88.7446,-0.0211,15,0.3750,1.0000,8,8,8,0,0,8,8,0.0000
4,140.0000,24,9,558.2892,-85.1348,-0.6480,31,0.7750,0.0000,4,6,3,0,0,6,3,0.5000
4,140.0000,24,10,880.0843,-88.6223,-0.1017,16,0.4000,1.0000,8,8,8,0,0,8,8,0.0000
4,140.0000,24,13,811.0346,-88.8997,0.1526,9,0.2250,0.8571,7,6,3,0,0,6,3,0.5000
4,140.0000,24,14,920.8761,-88.6514,0.4384,6,0.1500,0.8000,5,8,8,0,0,8,8,0.0000
4,140.0000,24,15,511.8966,-86.2664,0.5141,29,0.7250,0.4000,5,7,5,0,0,7,5,0.2857
4,140.0000,24,17,1014.9387,-88.6986,0.4812,11,0.2750,1.0000,12,6,6,0,0,6,6,0.0000
4,140.0000,24,18,1153.6266,-88.9414,0.1473,6,0.1500,1.0000,4,4,4,0,0,4,4,0.0000
4,140.0000,24,19,208.2220,-80.7694,1.5387,37,0.9250,0.2000,5,4,0,0,0,4,0,1.0000
4,140.0000,24,20,858.0945,-88.3579,-0.4993,8,0.2000,0.8571,7,8,7,0,0,8,7,0.1250
4,140.0000,24,22,157.5526,-75.8117,0.4758,38,0.9500,0.0000,4,3,0,0,0,3,0,1.0000
4,140.0000,24,23,1060.3517,-88.9105,-0.3052,5,0.1250,1.0000,8,6,6,0,0,6,6,0.0000
4,140.0000,24,25,688.1455,-88.0579,0.0005,24,0.6000,0.7143,7,8,7,0,0,8,7,0.1250
4,140.0000,25,0,688.6807,-87.3186,-0.4959,20,0.5000,0.8571,7,6,4,0,0,6,4,0.3333
4,140.0000,25,2,790.5260,-88.4804,-0.2615,16,0.4000,0.8750,8,7,6,0,0,7,6,0.1429
4,140.0000,25,4,767.5406,-87.9340,-0.0258,20,0.5000,0.8571,7,7,5,0,0,7,5,0.2857
4,140.0000,25,5,912.1088,-88.5613,-0.3872,7,0.1750,1.0000,8,8,8,0,0,8,8,0.0000
4,140.0000,25,6,646.0052,-86.7739,-0.1243,27,0.6750,0.8571,7,7,5,0,0,7,5,0.2857
4,140.0000,25,8,865.2687,-87.9722,-0.1641,8,0.2000,1.0000,8,8,8,0,0,8,8,0.0000
4,140.0000,25,9,648.3494,-87.3674,-0.0569,26,0.6500,0.7143,7,7,6,0,0,7,6,0.1429
4,140.0000,25,12,921.5280,-88.9691,0.3587,4,0.1000,1.0000,8,8,7,0,0,8,7,0.1250
4,140.0000,25,13,851.2009,-88.1190,-0.0442,5,0.1250,1.0000,8,7,6,0,0,7,6,0.1429
4,140.0000,25,14,333.7945,-82.5462,-0.2642,38,0.9500,0.4000,5,5,2,0,0,5,2,0.6000
4,140.0000,25,15,778.2734,-87.8285,0.0248,13,0.3250,0.8333,6,7,6,0,0,7,6,0.1429
4,140.0000,25,19,756.9531,-88.2605,-0.1098,10,0.2500,0.8571,7,7,6,0,0,7,6,0.1429
4,140.0000,25,20,908.2672,-88.2214,-0.3397,8,0.2000,0.8571,7,7,6,0,0,7,6,0.1429
4,140.0000,25,22,628.7189,-87.2101,0.2178,24,0.6000,0.8571,7,8,7,0,0,8,7,0.1250
4,140.0000,25,23,1004.8883,-88.1556,-0.3294,4,0.1000,1.0000,8,4,4,0,0,4,4,0.0000
4,140.0000,25,24,688.1455,-87.3115,0.7144,15,0.3750,1.0000,8,8,6,0,0,8,6,0.2500
4,144.0000,0,2,886.6772,-89.0030,-0.2359,9,0.2250,0.8750,8,5,4,0,0,5,4,0.2000
4,144.0000,0,6,165.7478,-76.1591,0.7683,38,0.9500,0.4000,5,4,0,0,0,4,0,1.0000
4,144.0000,0,7,658.2836,-87.6819,0.7595,18,0.4500,1.0000,8,7,5,0,0,7,5,0.2857
4,144.0000,0,8,741.4449,-88.0895,0.8842,9,0.2250,0.6667,6,7,4,0,0,7,4,0.4286
4,144.0000,0,9,383.0704,-83.1595,0.0128,32,0.8000,0.2000,5,5,1,0,0,5,1,0.8000
4,144.0000,0,10,720.7010,-87.8754,0.3725,12,0.3000,1.0000,8,7,3,0,0,7,3,0.5714
4,144.0000,0,12,981.7344,-88.6901,0.3363,6,0.1500,1.0000,8,8,8,0,0,8,8,0.0000
4,144.0000,0,13,810.5559,-88.4714,-0.1124,14,0.3500,1.0000,10,8,8,0,0,8,8,0.0000
4,144.0000,0,14,863.7230,-88.4878,0.4581,3,0.0750,1.0000,6,8,8,0,0,8,8,0.0000
4,144.0000,0,15,633.0645,-86.7685,-0.2767,21,0.5250,0.7143,7,8,7,0,0,8,7,0.1250
4,144.0000,0,17,956.8806,-88.4700,1.1892,3,0.0750,0.6667,3,8,8,0,0,8,8,0.0000
4,144.0000,0,19,471.9206,-84.9228,0.1324,26,0.6500,0.5714,7,5,2,4,3,9,5,0.4444
4,144.0000,0,20,623.2881,-87.3999,0.6035,23,0.5750,0.7143,7,4,0,0,0,4,0,1.0000
4,144.0000,0,22,221.0688,-78.0672,-0.2615,39,0.9750,0.0000,4,4,0,0,0,4,0,1.0000
4,144.0000,0,24,429.6016,-84.0705,-0.1914,30,0.7500,0.0000,4,8,7,0,0,8,7,0.1250
4,144.0000,0,25,640.5320,-86.9276,0.3250,22,0.5500,0.8571,7,8,6,0,0,8,6,0.2500
4,144.0000,1,3,714.4119,-87.7387,0.0477,17,0.4250,0.8750,8,8,5,0,0,8,5,0.3750
4,144.0000,1,5,740.9004,-88.2708,0.2817,20,0.5000,0.7143,7,5,4,0,0,5,4,0.2000
4,144.0000,1,8,712.8684,-88.2503,0.3339,18,0.4500,0.7143,7,6,4,0,0,6,4,0.3333
4,144.0000,1,9,1016.8367,-88.8032,0.6854,3,0.0750,1.0000,6,6,6,0,0,6,6,0.0000
4,144.0000,1,10,832.9669,-88.2541,-0.1528,7,0.1750,1.0000,8,8,8,0,0,8,8,0.0000
4,144.0000,1,17,613.3469,-87.2352,-0.3304,22,0.5500,0.5000,6,7,6,0,0,7,6,0.1429
4,144.0000,1,18,498.0719,-86.1154,0.4092,30,0.7500,0.2000,5,6,3,0,0,6,3,0.5000
4,144.0000,1,20,785.0286,-88.7109,0.3549,13,0.3250,1.0000,8,7,5,0,0,7,5,0.2857
4,144.0000,1,21,234.9014,-74.9913,-1.5470,39,0.9750,0.0000,4,5,2,0,0,5,2,0.6000
4,144.0000,2,0,886.6772,-88.2622,0.0991,9,0.2250,1.0000,8,6,6,0,0,6,6,0.0000
4,144.0000,2,6,1029.3859,-88.5238,0.2301,4,0.1000,1.0000,8,4,4,0,0,4,4,0.0000
4,144.0000,2,11,566.3255,-87.2591,0.4251,31,0.7750,0.3333,6,4,0,0,0,4,0,1.0000
4,144.0000,2,12,159.0926,-76.6162,0.6956,39,0.9750,0.0000,4,4,0,0,0,4,0,1.0000
4,144.0000,2,13,105.3163,-67.1485,-1.9426,40,1.0000,0.0000,4,5,1,0,0,5,1,0.8000
4,144.0000,2,15,398.8462,-82.9216,-1.0157,36,0.9000,0.5000,6,6,3,0,0,6,3,0.5000
4,144.0000,2,19,684.9536,-87.2889,-0.3564,21,0.5250,1.0000,8,6,4,48,47,54,51,0.0556
4,144.0000,2,22,861.1691,-87.8025,0.8612,11,0.2750,1.0000,8,8,8,0,0,8,8,0.0000
4,144.0000,2,23,449.9452,-84.7497,-0.0829,36,0.9000,0.2000,5,4,0,0,0,4,0,1.0000
4,144.0000,2,24,733.5507,-87.8871,-0.1292,13,0.3250,0.7500,8,8,8,0,0,8,8,0.0000
4,144.0000,2,25,751.6061,-88.8484,0.2596,9,0.2250,0.8571,7,8,6,0,0,8,6,0.2500
4,144.0000,3,1,714.4119,-87.3343,-0.1237,18,0.4500,0.6667,6,8,6,0,0,8,6,0.2500
4,144.0000,3,7,757.9571,-88.1133,0.3624,9,0.2250,0.8571,7,7,5,0,0,7,5,0.2857
4,144.0000,3,8,888.3996,-88.9268,-0.0163,6,0.1500,1.0000,8,8,8,0,0,8,8,0.0000
4,144.0000,3,10,582.0950,-86.7542,-0.2330,22,0.5500,0.3333,6,6,4,0,0,6,4,0.3333
4,144.0000,3,17,388.5504,-85.3065,0.8622,33,0.8250,0.8462,13,5,1,0,0,5,1,0.8000
4,144.0000,3,18,302.2577,-83.4587,0.3937,33,0.8250,0.4000,5,5,1,0,0,5,1,0.8000
4,144.0000,3,20,861.1811,-89.2950,-0.1620,6,0.1500,0.8750,8,8,8,0,0,8,8,0.0000
4,144.0000,3,21,762.6179,-88.0053,-0.5703,16,0.4000,0.8571,7,7,5,0,0,7,5,0.2857
4,144.0000,4,14,608.4020,-85.9344,0.1179,33,0.8250,0.4000,5,7,6,0,0,7,6,0.1429
4,144.0000,4,16,509.7591,-86.4294,-0.2051,29,0.7250,0.5000,6,6,2,0,0,6,2,0.6667
4,144.0000,4,23,1012.8987,-89.7136,0.0972,5,0.1250,,0,6,6,0,0,6,6,0.0000
4,144.0000,4,25,808.1287,-88.3387,0.7363,12,0.3000,1.0000,8,8,8,0,0,8,8,0.0000
4,144.0000,5,1,740.9004,-87.4213,-0.1094,15,0.3750,0.8750,8,8,7,0,0,8,7,0.1250
4,144.0000,5,6,1048.3116,-88.8100,-0.3382,4,0.1000,1.0000,6,8,8,0,0,8,8,0.0000
4,144.0000,5,8,641.2888,-86.1988,-1.0566,29,0.7250,0.7143,7,6,3,0,0,6,3,0.5000
4,144.0000,5,9,790.3502,-88.0565,0.2117,15,0.3750,1.0000,8,8,7,0,0,8,7,0.1250
4,144.0000,5,14,953.0451,-88.9082,-0.0221,9,0.2250,1.0000,8,8,8,0,0,8,8,0.0000
4,144.0000,5,17,973.1067,-89.2102,0.1942,6,0.1500,1.0000,8,8,8,0,0,8,8,0.0000
4,144.0000,5,18,971.6039,-88.1745,-0.5622,6,0.1500,1.0000,8,8,8,0,0,8,8,0.0000
4,144.0000,5,20,668.6277,-87.1792,-0.2500,25,0.6250,0.6667,6,6,4,0,0,6,4,0.3333
4,144.0000,5,21,928.8166,-88.0929,-0.1819,18,0.4500,0.8571,7,8,8,0,0,8,8,0.0000
4,144.0000,5,25,1010.4425,-88.5498,-0.1444,5,0.1250,1.0000,6,8,8,0,0,8,8,0.0000
4,144.0000,6,0,165.7478,-76.4155,0.5624,40,1.0000,0.2000,5,4,0,0,0,4,0,1.0000
4,144.0000,6,2,1029.3859,-89.3042,-0.0173,5,0.1250,1.0000,8,2,2,0,0,2,2,0.0000
4,144.0000,6,7,544.5692,-86.1420,0.0499,28,0.7000,0.6667,6,6,4,0,0,6,4,0.3333
4,144.0000,6,8,603.4728,-87.9023,0.2027,20,0.5000,0.7778,9,7,6,0,0,7,6,0.1429
4,144.0000,6,9,280.7060,-79.0029,-0.6049,38,0.9500,0.0000,4,5,2,0,0,5,2,0.6000
4,144.0000,6,10,557.3930,-86.9992,0.5976,27,0.6750,0.5000,6,4,0,0,0,4,0,1.0000
4,144.0000,6,13,956.0534,-88.6010,0.0353,6,0.1500,1.0000,8,8,8,0,0,8,8,0.0000
4,144.0000,6,14,911.6813,-88.4480,0.0102,6,0.1500,1.0000,8,5,4,0,0,5,4,0.2000
4,144.0000,6,15,741.5213,-88.3395,0.2776,15,0.3750,0.5714,7,7,5,0,0,7,5,0.2857
4,144.0000,6,17,792.8588,-88.3755,-0.0670,13,0.3250,0.9885,87,7,6,80,80,87,86,0.0115
4,144.0000,6,18,952.5365,-88.2842,-0.1557,8,0.2000,1.0000,8,8,7,0,0,8,7,0.1250
4,144.0000,6,19,520.7676,-86.1348,0.1064,31,0.7750,0.4000,5,6,3,0,0,6,3,0.5000
4,144.0000,6,20,497.7628,-86.0227,-0.0380,31,0.7750,0.7143,7,6,2,0,0,6,2,0.6667
4,144.0000,6,22,233.4460,-78.0131,-0.0495,40,1.0000,0.2000,5,4,0,0,0,4,0,1.0000
4,144.0000,6,24,468.9009,-83.6508,0.2989,35,0.8750,0.5000,6,6,4,0,0,6,4,0.3333
4,144.0000,6,25,720.4918,-87.0506,-0.2093,29,0.7250,0.7778,9,8,6,0,0,8,6,0.2500
4,144.0000,7,0,658.2836,-87.8114,0.0983,12,0.3000,0.7500,8,8,6,0,0,8,6,0.2500
4,144.0000,7,1,1087.1273,-89.5445,0.1053,3,0.0750,1.0000,4,8,8,0,0,8,8,0.0000
4,144.0000,7,3,757.9571,-87.9486,0.6215,12,0.3000,0.7143,7,7,6,0,0,7,6,0.1429
4,144.0000,7,6,544.5692,-87.0191,0.0878,23,0.5750,0.8750,8,6,2,0,0,6,2,0.6667
4,144.0000,7,8,764.3663,-88.5389,0.3796,12,0.3000,0.8571,7,8,6,0,0,8,6,0.2500
4,144.0000,7,9,539.5567,-86.0740,-0.0812,23,0.5750,0.6667,6,8,7,0,0,8,7,0.1250
4,144.0000,7,10,393.6361,-83.0884,-0.2861,33,0.8250,0.0000,4,6,3,0,0,6,3,0.5000
4,144.0000,7,17,572.1602,-86.5060,0.3374,29,0.7250,0.7143,7,4,0,0,0,4,0,1.0000
4,144.0000,7,18,661.5939,-86.5631,-0.0429,24,0.6000,0.5000,6,7,5,0,0,7,5,0.2857
4,144.0000,7,20,520.5339,-85.0968,-0.4503,26,0.6500,0.6667,6,7,6,0,0,7,6,0.1429
4,144.0000,7,22,738.6399,-88.4200,0.4473,12,0.3000,0.7143,7,6,4,0,0,6,4,0.3333
4,144.0000,7,24,958.8333,-89.3149,-0.0953,5,0.1250,0.8571,7,8,8,0,0,8,8,0.0000
4,144.0000,8,0,741.4449,-88.4336,0.0337,12,0.3000,0.8571,7,7,5,0,0,7,5,0.2857
4,144.0000,8,1,712.8684,-87.7212,-0.2262,18,0.4500,0.7500,8,7,5,0,0,7,5,0.2857
4,144.0000,8,3,888.3996,-89.1080,0.1617,9,0.2250,1.0000,8,7,5,0,0,7,5,0.2857
4,144.0000,8,5,641.2888,-85.9273,-0.4881,28,0.7000,0.8571,7,7,6,0,0,7,6,0.1429
4,144.0000,8,6,603.4728,-86.9701,0.6218,22,0.5500,0.8750,8,5,2,0,0,5,2,0.6000
4,144.0000,8,7,764.3663,-87.6330,-0.6489,14,0.3500,1.0000,8,8,7,0,0,8,7,0.1250
4,144.0000,8,9,451.3195,-86.4273,0.0596,28,0.7000,0.6667,6,4,1,31,14,35,15,0.5714
4,144.0000,8,10,472.2064,-86.0959,0.4414,27,0.6750,0.7143,7,5,1,0,0,5,1,0.8000
4,144.0000,8,14,948.2384,-88.6963,-0.0143,5,0.1250,0.8571,7,8,8,0,0,8,8,0.0000
4,144.0000,8,17,506.6331,-84.6943,-0.5049,33,0.8250,0.3333,6,7,4,0,0,7,4,0.4286
4,144.0000,8,18,636.5749,-87.0100,0.0710,26,0.6500,0.5714,7,8,5,0,0,8,5,0.3750
4,144.0000,8,19,882.1135,-88.3281,0.1403,6,0.1500,1.0000,6,8,7,0,0,8,7,0.1250
4,144.0000,8,20,373.3152,-83.8067,0.4841,31,0.7750,0.6667,6,5,2,0,0,5,2,0.6000
4,144.0000,8,21,944.7040,-88.2022,-0.7259,11,0.2750,1.0000,8,6,6,0,0,6,6,0.0000
4,144.0000,8,22,711.7831,-87.8474,-0.1901,7,0.1750,1.0000,8,6,3,0,0,6,3,0.5000
4,144.0000,8,24,854.1503,-88.1342,-0.5901,5,0.1250,0.8571,7,8,8,0,0,8,8,0.0000
4,144.0000,8,25,915.9539,-88.4551,-0.0283,7,0.1750,0.8571,7,8,8,6,6,14,14,0.0000
4,144.0000,9,0,383.0704,-82.8163,0.0514,36,0.9000,0.0000,4,5,2,0,0,5,2,0.6000
4,144.0000,9,2,1210.2756,-88.9259,0.7787,3,0.0750,1.0000,6,4,4,0,0,4,4,0.0000
4,144.0000,9,5,790.3502,-87.1021,-0.1714,16,0.4000,0.8750,8,8,7,0,0,8,7,0.1250
4,144.0000,9,6,280.7060,-78.8745,-0.4205,37,0.9250,0.0000,4,4,0,0,0,4,0,1.0000
4,144.0000,9,7,539.5567,-85.4934,-0.3585,30,0.7500,0.2000,5,5,2,0,0,5,2,0.6000
4,144.0000,9,8,451.3195,-85.8931,0.6881,32,0.8000,0.3889,18,4,0,16,4,20,4,0.8000
4,144.0000,9,10,516.5267,-86.4470,0.3838,31,0.7750,0.6667,6,5,2,0,0,5,2,0.6000
4,144.0000,9,13,1124.1362,-89.7979,-0.0887,3,0.0750,1.0000,2,4,4,0,0,4,4,0.0000
4,144.0000,9,14,870.0700,-88.7532,0.0500,12,0.3000,1.0000,8,8,8,0,0,8,8,0.0000
4,144.0000,9,15,963.2034,-89.3061,-0.2400,3,0.0750,1.0000,8,4,4,0,0,4,4,0.0000
4,144.0000,9,17,688.1384,-87.7604,0.1253,17,0.4250,0.8750,8,8,7,0,0,8,7,0.1250
4,144.0000,9,18,807.8526,-87.6230,0.2146,12,0.3000,0.8889,9,7,6,0,0,7,6,0.1429
4,144.0000,9,19,738.7688,-87.6941,0.4461,19,0.4750,0.7143,7,8,8,11,10,19,18,0.0526
4,144.0000,9,20,248.6812,-81.6775,1.0243,36,0.9000,0.6667,6,4,0,0,0,4,0,1.0000
4,144.0000,9,22,484.4958,-84.0052,-0.4755,36,0.9000,0.5000,6,6,3,0,0,6,3,0.5000
4,144.0000,9,24,701.1442,-86.5627,-0.5090,25,0.6250,0.8571,7,8,8,0,0,8,8,0.0000
4,144.0000,9,25,719.9036,-87.0208,-0.5847,21,0.5250,0.8780,41,8,8,4,4,12,12,0.0000
4,144.0000,10,0,720.7010,-87.9717,0.0938,11,0.2750,1.0000,8,7,5,0,0,7,5,0.2857
4,144.0000,10,1,832.9669,-88.0785,-0.1592,9,0.2250,1.0000,8,8,8,0,0,8,8,0.0000
4,144.0000,10,3,582.0950,-87.2616,-0.2029,30,0.7500,0.5714,7,7,5,70,60,77,65,0.1558
4,144.0000,10,5,1017.5860,-89.3368,-0.0138,7,0.1750,1.0000,8,8,7,0,0,8,7,0.1250
4,144.0000,10,6,557.3930,-87.0963,0.1661,21,0.5250,0.6667,9,6,4,0,0,6,4,0.3333
4,144.0000,10,7,393.6361,-82.5778,-0.2798,35,0.8750,0.3333,6,4,0,0,0,4,0,1.0000
4,144.0000,10,8,472.2064,-86.5582,0.5912,31,0.7750,0.2000,5,5,2,57,29,62,31,0.5000
4,144.0000,10,9,516.5267,-86.4296,0.7662,29,0.7250,0.8056,36,5,1,4,3,9,4,0.5556
4,144.0000,10,17,259.1423,-80.1945,0.1146,39,0.9750,0.0000,4,3,0,0,0,3,0,1.0000
4,144.0000,10,18,442.3944,-83.9913,-0.8178,38,0.9500,0.8219,73,6,3,10,8,16,11,0.3125
4,144.0000,10,19,949.0444,-88.7042,-0.5202,3,0.0750,,0,8,8,0,0,8,8,0.0000
4,144.0000,10,20,435.6121,-84.3987,0.2395,32,0.8000,0.5745,47,5,2,0,0,5,2,0.6000
4,144.0000,10,21,1014.6226,-88.5129,0.0941,6,0.1500,1.0000,6,4,4,0,0,4,4,0.0000
4,144.0000,10,22,706.2703,-88.2868,-0.3181,12,0.3000,1.0000,8,6,2,0,0,6,2,0.6667
4,144.0000,10,24,890.1169,-88.7335,0.3708,9,0.2250,0.9286,14,8,8,0,0,8,8,0.0000
4,144.0000,11,2,566.3255,-86.7587,-0.4510,25,0.6250,0.7143,7,6,4,63,44,69,48,0.3043
4,144.0000,11,12,444.2014,-84.8434,0.3513,34,0.8500,0.0000,4,7,4,0,0,7,4,0.4286
4,144.0000,11,13,617.1275,-87.3325,0.0033,23,0.5750,0.9186,86,6,4,10,7,16,11,0.3125
4,144.0000,11,15,951.6716,-88.8692,0.1541,3,0.0750,0.8571,7,8,8,0,0,8,8,0.0000
4,144.0000,11,16,912.4514,-88.2638,-0.2287,9,0.2250,0.6667,6,8,8,0,0,8,8,0.0000
4,144.0000,11,23,366.1825,-83.5152,-0.6254,31,0.7750,0.0000,4,4,0,0,0,4,0,1.0000
4,144.0000,12,0,981.7344,-88.1864,-0.0440,6,0.1500,1.0000,8,8,8,0,0,8,8,0.0000
4,144.0000,12,2,159.0926,-76.5574,1.0215,37,0.9250,0.0000,4,4,0,0,0,4,0,1.0000
4,144.0000,12,11,444.2014,-85.3287,0.3852,35,0.8750,0.2000,5,8,5,0,0,8,5,0.3750
4,144.0000,12,13,182.0669,-76.5070,0.2712,39,0.9750,0.0000,4,4,0,0,0,4,0,1.0000
4,144.0000,12,15,552.1283,-86.0379,0.0412,25,0.6250,0.0000,4,6,3,0,0,6,3,0.5000
4,144.0000,12,19,826.1379,-87.9278,0.2160,9,0.2250,1.0000,8,10,10,0,0,10,10,0.0000
4,144.0000,12,22,982.2629,-88.9404,-0.6839,3,0.0750,1.0000,6,7,6,0,0,7,6,0.1429
4,144.0000,12,23,423.8384,-83.9773,-0.3765,38,0.9500,0.0000,4,4,0,0,0,4,0,1.0000
4,144.0000,12,24,874.1387,-88.7967,0.2392,5,0.1250,0.8750,8,8,7,0,0,8,7,0.1250
4,144.0000,12,25,783.4405,-87.9793,0.4969,10,0.2500,1.0000,8,8,7,0,0,8,7,0.1250
4,144.0000,13,0,810.5559,-88.7328,0.3818,12,0.3000,1.0000,8,8,6,0,0,8,6,0.2500
4,144.0000,13,2,105.3163,-67.3153,-1.7787,40,1.0000,0.0000,4,4,0,0,0,4,0,1.0000
4,144.0000,13,6,956.0534,-89.2010,-0.4546,4,0.1000,1.0000,8,8,8,0,0,8,8,0.0000
4,144.0000,13,11,617.1275,-86.9501,0.5753,26,0.6500,0.6667,6,7,6,0,0,7,6,0.1429
4,144.0000,13,12,182.0669,-76.3613,0.2957,40,1.0000,0.1667,6,4,0,0,0,4,0,1.0000
4,144.0000,13,14,840.1175,-88.4046,0.5227,6,0.1500,0.8571,7,6,3,0,0,6,3,0.5000
4,144.0000,13,15,389.3921,-83.5040,-0.6923,36,0.9000,0.5714,7,6,2,0,0,6,2,0.6667
4,144.0000,13,19,648.5570,-87.6068,0.0363,20,0.5000,0.8889,27,5,2,6,6,11,8,0.2727
4,144.0000,13,22,801.5468,-88.4353,-0.2361,12,0.3000,1.0000,8,7,6,0,0,7,6,0.1429
4,144.0000,13,23,513.7018,-84.9959,-0.2494,37,0.9250,0.7143,7,6,4,0,0,6,4,0.3333
4,144.0000,13,24,695.4116,-88.1514,0.0640,15,0.3750,1.0000,10,7,6,0,0,7,6,0.1429
4,144.0000,13,25,657.6676,-88.6658,0.2749,9,0.2250,0.8889,9,5,1,0,0,5,1,0.8000
4,144.0000,14,0,863.7230,-88.6922,-0.2880,5,0.1250,1.0000,8,8,8,0,0,8,8,0.0000
4,144.0000,14,2,920.6474,-89.2102,-0.1400,7,0.1750,1.0000,8,5,2,0,0,5,2,0.6000
4,144.0000,14,4,608.4020,-85.9342,-0.0201,32,0.8000,0.4000,5,5,4,0,0,5,4,0.2000
4,144.0000,14,5,953.0451,-88.7806,0.2419,5,0.1250,1.0000,8,8,8,0,0,8,8,0.0000
4,144.0000,14,6,911.6813,-89.4376,0.3186,4,0.1000,0.8571,7,8,8,0,0,8,8,0.0000
4,144.0000,14,8,948.2384,-87.8762,-0.1264,5,0.1250,1.0000,8,8,8,0,0,8,8,0.0000
4,144.0000,14,9,870.0700,-88.0645,-0.2411,4,0.1000,1.0000,8,8,8,0,0,8,8,0.0000
4,144.0000,14,12,945.9298,-89.1587,0.0366,7,0.1750,,0,5,2,0,0,5,2,0.6000
4,144.0000,14,13,840.1175,-89.1539,0.2366,7,0.1750,1.0000,8,7,5,0,0,7,5,0.2857
4,144.0000,14,15,881.3236,-88.4470,0.1923,7,0.1750,1.0000,8,6,4,0,0,6,4,0.3333
4,144.0000,14,19,820.1357,-88.7883,-0.7098,4,0.1000,1.0000,8,8,7,0,0,8,7,0.1250
4,144.0000,14,22,868.4201,-88.7287,0.2166,9,0.2250,1.0000,8,8,8,0,0,8,8,0.0000
4,144.0000,14,24,864.4662,-88.6120,-0.4603,8,0.2000,1.0000,8,8,8,0,0,8,8,0.0000
4,144.0000,14,25,267.7939,-81.2210,0.4477,34,0.8500,0.0000,4,4,0,0,0,4,0,1.0000
4,144.0000,15,0,633.0645,-86.8523,0.1549,16,0.4000,0.5000,6,6,4,0,0,6,4,0.3333
4,144.0000,15,2,398.8462,-81.6916,-0.6108,38,0.9500,0.2000,5,5,1,0,0,5,1,0.8000
4,144.0000,15,6,741.5213,-88.1368,-0.4010,18,0.4500,0.8750,8,8,7,0,0,8,7,0.1250
4,144.0000,15,9,963.2034,-89.2056,0.0337,6,0.1500,1.0000,8,8,8,0,0,8,8,0.0000
4,144.0000,15,11,951.6716,-88.4287,0.1671,8,0.2000,1.0000,8,8,8,0,0,8,8,0.0000
4,144.0000,15,12,552.1283,-86.5015,0.0654,26,0.6500,0.5000,6,7,4,0,0,7,4,0.4286
4,144.0000,15,13,389.3921,-83.6256,-0.1179,36,0.9000,0.2000,5,6,3,0,0,6,3,0.5000
4,144.0000,15,14,881.3236,-88.5296,0.1753,9,0.2250,1.0000,8,8,7,0,0,8,7,0.1250
4,144.0000,15,19,309.3155,-81.1173,0.2576,38,0.9500,0.0000,4,5,1,0,0,5,1,0.8000
4,144.0000,15,22,530.4607,-85.7224,-0.1264,29,0.7250,0.7143,7,7,4,0,0,7,4,0.4286
4,144.0000,15,23,737.6305,-87.5469,0.0947,29,0.7250,0.4000,5,8,8,0,0,8,8,0.0000
4,144.0000,15,24,354.5076,-83.6732,0.7499,28,0.7000,0.0000,4,4,0,0,0,4,0,1.0000
4,144.0000,15,25,705.6684,-87.8338,0.0757,20,0.5000,0.7143,7,7,4,0,0,7,4,0.4286
4,144.0000,16,4,509.7591,-85.8127,0.7732,26,0.6341,0.5714,7,4,0,0,0,4,0,1.0000
4,144.0000,16,11,912.4514,-89.0125,0.0030,10,0.2439,0.7143,7,4,4,0,0,4,4,0.0000
4,144.0000,16,23,775.1444,-88.2238,-0.1809,10,0.2439,0.8750,8,8,6,0,0,8,6,0.2500
4,144.0000,17,0,956.8806,-88.6294,0.5967,3,0.0732,1.0000,2,8,8,0,0,8,8,0.0000
4,144.0000,17,1,613.3469,-86.8604,0.0034,23,0.5610,0.4000,5,8,5,0,0,8,5,0.3750
4,144.0000,17,3,388.5504,-84.2344,1.0405,31,0.7561,0.0000,4,4,0,0,0,4,0,1.0000
4,144.0000,17,5,973.1067,-88.4092,0.1412,12,0.2927,1.0000,8,8,8,0,0,8,8,0.0000
4,144.0000,17,6,792.8588,-88.5857,0.1536,11,0.2683,1.0000,8,8,8,0,0,8,8,0.0000
4,144.0000,17,7,572.1602,-86.9978,-0.1512,25,0.6098,0.6667,6,6,3,0,0,6,3,0.5000
4,144.0000,17,8,506.6331,-84.8249,-0.2047,27,0.6585,0.0000,4,6,3,0,0,6,3,0.5000
4,144.0000,17,9,688.1384,-87.1218,0.0978,16,0.3902,0.8750,8,7,6,2,2,9,8,0.1111
4,144.0000,17,10,259.1423,-80.1267,-0.1830,33,0.8049,0.0000,4,5,1,0,0,5,1,0.8000
4,144.0000,17,18,209.0872,-76.0199,-0.6561,39,0.9512,0.0000,4,5,1,0,0,5,1,0.8000
4,144.0000,17,20,521.2809,-85.6037,-0.1062,24,0.5854,0.3333,6,7,6,0,0,7,6,0.1429
4,144.0000,17,21,774.1850,-87.7432,0.2335,15,0.3659,1.0000,8,8,8,0,0,8,8,0.0000
4,144.0000,17,22,944.5856,-87.9074,-1.0448,5,0.1220,1.0000,6,8,8,0,0,8,8,0.0000
4,144.0000,18,1,498.0719,-85.6797,0.5330,28,0.7000,0.0000,4,7,3,0,0,7,3,0.5714
4,144.0000,18,3,302.2577,-82.5315,0.4217,29,0.7250,0.4167,24,4,0,2,0,6,0,1.0000
4,144.0000,18,6,952.5365,-88.8906,0.6184,4,0.1000,1.0000,8,8,8,0,0,8,8,0.0000
4,144.0000,18,7,661.5939,-87.5537,-0.2753,17,0.4250,0.8000,10,7,5,0,0,7,5,0.2857
4,144.0000,18,8,636.5749,-86.9995,-0.1716,17,0.4250,0.5000,6,8,6,0,0,8,6,0.2500
4,144.0000,18,9,807.8526,-88.4887,0.0152,11,0.2750,0.7500,8,5,4,0,0,5,4,0.2000
4,144.0000,18,10,442.3944,-83.3486,0.0376,23,0.5750,0.6667,6,6,3,0,0,6,3,0.5000
4,144.0000,18,17,209.0872,-76.0714,-1.1421,33,0.8250,0.2000,5,4,0,0,0,4,0,1.0000
4,144.0000,18,20,598.1506,-85.9794,-0.0483,18,0.4500,0.5000,6,8,7,0,0,8,7,0.1250
4,144.0000,18,21,619.5955,-86.5796,-0.0329,31,0.7750,0.7143,7,7,4,0,0,7,4,0.4286
4,144.0000,19,0,471.9206,-85.5955,0.5186,31,0.7750,0.2000,5,4,0,0,0,4,0,1.0000
4,144.0000,19,2,684.9536,-87.0500,0.0988,26,0.6500,1.0000,8,7,6,0,0,7,6,0.1429
4,144.0000,19,6,520.7676,-86.3384,0.1121,23,0.5750,0.4000,5,6,2,0,0,6,2,0.6667
4,144.0000,19,9,738.7688,-87.6686,0.3930,16,0.4000,0.8571,7,8,8,0,0,8,8,0.0000
4,144.0000,19,12,826.1379,-88.5602,0.1104,10,0.2500,0.8571,7,8,7,0,0,8,7,0.1250
4,144.0000,19,13,648.5570,-86.8199,0.1263,19,0.4750,0.6667,6,8,7,0,0,8,7,0.1250
4,144.0000,19,14,820.1357,-89.0742,0.1003,12,0.3000,1.0000,6,7,6,0,0,7,6,0.1429
4,144.0000,19,15,309.3155,-81.8914,0.2095,35,0.8750,0.0000,4,6,4,0,0,6,4,0.3333
4,144.0000,19,20,954.5578,-89.0087,-0.0659,3,0.0750,1.0000,6,7,6,0,0,7,6,0.1429
4,144.0000,19,22,292.5232,-80.1882,-0.1638,35,0.8750,0.2000,5,4,0,0,0,4,0,1.0000
4,144.0000,19,23,994.0708,-88.7068,0.2824,10,0.2500,1.0000,8,6,6,0,0,6,6,0.0000
4,144.0000,19,24,74.2028,-72.1590,2.3734,36,0.9000,0.0000,5,5,1,0,0,5,1,0.8000
4,144.0000,19,25,665.2917,-87.3811,0.0791,21,0.5250,0.8750,8,7,3,6,4,13,7,0.4615
4,144.0000,20,0,623.2881,-87.8103,0.2433,24,0.6000,1.0000,8,6,4,36,36,42,40,0.0476
4,144.0000,20,1,785.0286,-88.1178,0.4678,17,0.4250,0.8750,8,7,6,0,0,7,6,0.1429
4,144.0000,20,3,861.1811,-88.2737,0.0869,9,0.2250,1.0000,10,8,7,0,0,8,7,0.1250
4,144.0000,20,5,668.6277,-87.6175,-0.4716,23,0.5750,0.6667,6,8,7,0,0,8,7,0.1250
4,144.0000,20,6,497.7628,-85.7606,0.4330,31,0.7750,0.5000,6,8,8,0,0,8,8,0.0000
4,144.0000,20,7,520.5339,-84.9319,-0.5069,37,0.9250,0.2000,5,6,4,0,0,6,4,0.3333
4,144.0000,20,8,373.3152,-84.3520,0.8634,39,0.9750,0.3200,25,5,2,40,32,45,34,0.2444
4,144.0000,20,9,248.6812,-81.2257,0.4939,38,0.9500,0.7805,82,4,0,4,2,8,2,0.7500
4,144.0000,20,10,435.6121,-84.3265,-0.4108,37,0.9250,0.2000,5,5,2,0,0,5,2,0.6000
4,144.0000,20,14,1022.7691,-88.8818,0.5758,4,0.1000,1.0000,8,8,8,0,0,8,8,0.0000
4,144.0000,20,17,521.2809,-85.1062,-0.4251,36,0.9000,0.3333,6,7,4,0,0,7,4,0.4286
4,144.0000,20,18,598.1506,-85.6309,-0.1782,27,0.6750,0.5000,6,8,7,0,0,8,7,0.1250
4,144.0000,20,19,954.5578,-88.8245,0.3656,3,0.0750,1.0000,4,7,6,0,0,7,6,0.1429
4,144.0000,20,21,994.5805,-89.2812,-0.3165,7,0.1750,1.0000,6,4,4,0,0,4,4,0.0000
4,144.0000,20,22,703.0211,-87.9073,0.3515,18,0.4500,0.8571,7,7,5,0,0,7,5,0.2857
4,144.0000,20,24,914.5389,-88.3642,-0.3598,8,0.2000,0.8571,7,6,6,0,0,6,6,0.0000
4,144.0000,20,25,915.9769,-88.9910,0.6347,5,0.1250,1.0000,8,8,8,0,0,8,8,0.0000
4,144.0000,21,1,234.9014,-74.7416,-2.2563,37,0.9250,0.0000,4,4,0,23,10,27,10,0.6296
4,144.0000,21,3,762.6179,-88.8073,-0.1060,7,0.1750,0.9091,44,7,5,6,6,13,11,0.1538
4,144.0000,21,5,928.8166,-88.7860,-0.5943,6,0.1500,0.8571,7,8,8,0,0,8,8,0.0000
4,144.0000,21,8,944.7040,-88.8233,-0.1531,6,0.1500,1.0000,8,8,8,0,0,8,8,0.0000
4,144.0000,21,17,774.1850,-87.2751,-0.3200,14,0.3500,0.9412,17,6,6,40,40,46,46,0.0000
4,144.0000,21,18,619.5955,-86.8221,0.3175,17,0.4250,0.9524,42,6,4,2,2,8,6,0.2500
4,144.0000,22,0,221.0688,-78.2606,0.4066,32,0.8205,0.0000,4,5,1,0,0,5,1,0.8000
4,144.0000,22,2,861.1691,-87.6615,-1.0435,11,0.2821,1.0000,10,8,8,0,0,8,8,0.0000
4,144.0000,22,6,233.4460,-78.3912,-0.1226,31,0.7949,0.0000,4,6,2,0,0,6,2,0.6667
4,144.0000,22,7,738.6399,-87.9207,0.3317,9,0.2308,0.8571,7,6,3,0,0,6,3,0.5000
4,144.0000,22,8,711.7831,-87.2384,-0.0022,8,0.2051,1.0000,8,6,4,0,0,6,4,0.3333
4,144.0000,22,9,484.4958,-85.3955,-0.6048,20,0.5128,0.5000,6,7,6,0,0,7,6,0.1429
4,144.0000,22,10,706.2703,-88.3836,-0.1634,9,0.2308,1.0000,8,7,4,0,0,7,4,0.4286
4,144.0000,22,12,982.2629,-88.7258,0.0221,3,0.0769,1.0000,8,8,8,0,0,8,8,0.0000
4,144.0000,22,13,801.5468,-88.2715,-0.9439,7,0.1795,0.8750,8,8,6,0,0,8,6,0.2500
4,144.0000,22,14,868.4201,-88.2177,-0.5489,5,0.1282,1.0000,6,8,8,0,0,8,8,0.0000
4,144.0000,22,15,530.4607,-86.4242,-0.1839,27,0.6923,0.4000,5,5,1,0,0,5,1,0.8000
4,144.0000,22,17,944.5856,-88.7930,0.3797,3,0.0769,1.0000,8,4,3,0,0,4,3,0.2500
4,144.0000,22,19,292.5232,-80.4476,0.1564,34,0.8718,0.0000,4,4,0,0,0,4,0,1.0000
4,144.0000,22,20,703.0211,-87.6870,-0.2633,12,0.3077,1.0000,8,7,6,0,0,7,6,0.1429
4,144.0000,22,24,236.4066,-77.0616,-1.0558,35,0.8974,0.0000,4,4,0,0,0,4,0,1.0000
4,144.0000,22,25,679.8663,-86.8557,-0.1764,14,0.3590,0.8750,8,8,7,0,0,8,7,0.1250
4,144.0000,23,2,449.9452,-84.8758,-0.2673,32,0.8000,0.0000,4,5,1,0,0,5,1,0.8000
4,144.0000,23,11,366.1825,-83.4264,0.1751,37,0.9250,0.2000,5,4,0,0,0,4,0,1.0000
4,144.0000,23,12,423.8384,-83.4027,0.1959,33,0.8250,0.0000,4,7,6,0,0,7,6,0.1429
4,144.0000,23,13,513.7018,-84.7909,-0.6402,28,0.7000,0.5000,6,7,6,0,0,7,6,0.1429
4,144.0000,23,14,1036.5942,-89.3052,0.5213,4,0.1000,1.0000,2,4,4,0,0,4,4,0.0000
4,144.0000,23,15,737.6305,-87.6358,0.1322,17,0.4250,0.7143,7,7,6,0,0,7,6,0.1429
4,144.0000,23,16,775.1444,-88.2446,-0.2088,15,0.3750,1.0000,8,8,6,0,0,8,6,0.2500
4,144.0000,23,19,994.0708,-88.8923,-0.4054,3,0.0750,1.0000,8,7,6,0,0,7,6,0.1429
4,144.0000,24,0,429.6016,-83.5542,-0.3853,34,0.8500,0.4000,5,6,3,0,0,6,3,0.5000
4,144.0000,24,2,733.5507,-87.7415,0.0594,19,0.4750,0.8750,8,6,4,0,0,6,4,0.3333
4,144.0000,24,6,468.9009,-84.1594,-0.6538,33,0.8250,0.5000,6,6,3,0,0,6,3,0.5000
4,144.0000,24,7,958.8333,-88.9560,-0.2218,4,0.1000,1.0000,6,8,8,0,0,8,8,0.0000
4,144.0000,24,8,854.1503,-88.5605,-0.2907,8,0.2000,1.0000,8,8,8,0,0,8,8,0.0000
4,144.0000,24,9,701.1442,-87.1670,-0.4090,25,0.6250,0.5000,6,8,7,0,0,8,7,0.1250
4,144.0000,24,10,890.1169,-88.9547,-0.0311,10,0.2500,1.0000,8,6,6,0,0,6,6,0.0000
4,144.0000,24,12,874.1387,-88.5969,0.1366,8,0.2000,0.8571,7,8,8,0,0,8,8,0.0000
4,144.0000,24,13,695.4116,-88.0810,-0.2530,25,0.6250,0.5000,6,6,3,0,0,6,3,0.5000
4,144.0000,24,14,864.4662,-88.4818,-0.0209,10,0.2500,1.0000,8,8,7,0,0,8,7,0.1250
4,144.0000,24,15,354.5076,-84.0209,1.1281,33,0.8250,0.7143,7,4,0,0,0,4,0,1.0000
4,144.0000,24,17,1119.1908,-89.0926,-0.2424,7,0.1750,1.0000,6,2,2,0,0,2,2,0.0000
4,144.0000,24,19,74.2028,-73.3149,2.6281,39,0.9750,0.0000,4,4,0,0,0,4,0,1.0000
4,144.0000,24,20,914.5389,-89.2079,0.0975,7,0.1750,0.8750,8,6,5,0,0,6,5,0.1667
4,144.0000,24,22,236.4066,-76.2890,-1.4515,37,0.9250,0.0000,3,5,2,0,0,5,2,0.6000
4,144.0000,24,23,1059.2155,-89.0325,-0.1176,7,0.1750,1.0000,6,8,8,0,0,8,8,0.0000
4,144.0000,24,25,701.0277,-87.8379,0.0960,24,0.6000,0.8750,8,7,5,0,0,7,5,0.2857
4,144.0000,25,0,640.5320,-88.1757,0.3006,17,0.4359,0.6667,6,6,4,0,0,6,4,0.3333
4,144.0000,25,2,751.6061,-88.7245,0.1607,9,0.2308,0.8571,7,6,4,0,0,6,4,0.3333
4,144.0000,25,4,808.1287,-88.2434,0.0353,11,0.2821,0.7143,7,8,7,0,0,8,7,0.1250
4,144.0000,25,6,720.4918,-87.1989,0.0005,10,0.2564,0.7143,7,8,8,0,0,8,8,0.0000
4,144.0000,25,8,915.9539,-89.0631,-0.3467,8,0.2051,1.0000,8,8,8,0,0,8,8,0.0000
4,144.0000,25,9,719.9036,-87.8499,-0.0266,17,0.4359,0.8571,7,8,8,0,0,8,8,0.0000
4,144.0000,25,12,783.4405,-88.5444,0.2837,11,0.2821,0.8750,8,6,3,0,0,6,3,0.5000
4,144.0000,25,13,657.6676,-87.9386,0.4095,13,0.3333,0.8571,7,6,4,0,0,6,4,0.3333
4,144.0000,25,14,267.7939,-81.2586,0.5833,37,0.9487,0.4000,5,4,0,0,0,4,0,1.0000
4,144.0000,25,15,705.6684,-88.1552,0.2312,10,0.2564,0.8571,7,7,5,0,0,7,5,0.2857
4,144.0000,25,19,665.2917,-88.0443,-0.1691,13,0.3333,0.8571,7,6,4,0,0,6,4,0.3333
4,144.0000,25,20,915.9769,-89.4101,-0.0639,7,0.1795,0.8571,7,8,8,0,0,8,8,0.0000
4,144.0000,25,22,679.8663,-86.9891,-0.4612,16,0.4103,0.8750,8,8,7,0,0,8,7,0.1250
4,144.0000,25,23,974.4661,-88.3950,-0.5085,3,0.0769,1.0000,4,8,8,0,0,8,8,0.0000
4,144.0000,25,24,701.0277,-87.6228,0.1629,16,0.4103,0.7500,8,7,4,0,0,7,4,0.4286
4,148.0000,0,2,930.1198,-88.3498,0.1132,5,0.1250,0.8000,5,8,7,0,0,8,7,0.1250
4,148.0000,0,5,965.1150,-88.7613,-0.7734,3,0.0750,1.0000,8,8,8,0,0,8,8,0.0000
4,148.0000,0,6,189.3450,-75.4664,-0.3977,40,1.0000,0.0000,4,4,0,0,0,4,0,1.0000
4,148.0000,0,7,633.2506,-87.0088,-0.1437,25,0.6250,0.7143,7,6,2,0,0,6,2,0.6667
4,148.0000,0,8,573.0768,-87.4495,-0.0270,24,0.6000,0.5714,7,4,0,0,0,4,0,1.0000
4,148.0000,0,9,391.2229,-83.2805,0.5006,36,0.9000,0.2000,5,4,0,0,0,4,0,1.0000
4,148.0000,0,10,617.3824,-87.4425,0.3140,22,0.5500,0.4286,7,5,2,0,0,5,2,0.6000
4,148.0000,0,12,997.4484,-89.2047,0.5246,3,0.0750,1.0000,8,8,8,0,0,8,8,0.0000
4,148.0000,0,13,796.1603,-88.7228,-0.0506,15,0.3750,1.0000,8,6,6,0,0,6,6,0.0000
4,148.0000,0,14,755.1102,-88.3011,0.3025,11,0.2750,1.0000,8,8,6,0,0,8,6,0.2500
4,148.0000,0,15,616.9226,-87.3486,-0.0837,24,0.6000,0.8750,8,7,6,0,0,7,6,0.1429
4,148.0000,0,17,924.5045,-88.4518,-0.2667,6,0.1500,1.0000,8,4,4,0,0,4,4,0.0000
4,148.0000,0,18,1115.6866,-88.9634,-1.2858,4,0.1000,1.0000,8,8,8,0,0,8,8,0.0000
4,148.0000,0,19,480.3762,-85.2634,0.1731,36,0.9000,0.5556,9,5,1,0,0,5,1,0.8000
4,148.0000,0,20,512.4268,-87.1464,0.2656,30,0.7500,0.0000,4,5,1,0,0,5,1,0.8000
4,148.0000,0,22,263.5447,-78.3946,-0.4358,40,1.0000,0.0000,4,4,0,0,0,4,0,1.0000
4,148.0000,0,24,535.7924,-85.0631,-0.3970,35,0.8750,0.8750,8,6,3,0,0,6,3,0.5000
4,148.0000,0,25,637.8225,-86.7610,-0.1629,27,0.6750,0.7500,8,6,4,0,0,6,4,0.3333
4,148.0000,1,3,746.4411,-87.7137,-0.7169,19,0.4750,0.6250,8,6,4,0,0,6,4,0.3333
4,148.0000,1,5,701.3334,-87.4540,0.2261,13,0.3250,0.8000,5,7,5,2,2,9,7,0.2222
4,148.0000,1,7,1038.9746,-89.2767,0.6579,3,0.0750,0.9737,38,6,6,2,2,8,8,0.0000
4,148.0000,1,8,730.3192,-87.5579,-0.0309,15,0.3750,0.6667,6,7,6,18,18,25,24,0.0400
4,148.0000,1,9,861.8211,-88.8688,-0.0953,3,0.0750,1.0000,6,8,8,0,0,8,8,0.0000
4,148.0000,1,10,790.4107,-88.4801,0.1012,8,0.2000,1.0000,8,6,4,0,0,6,4,0.3333
4,148.0000,1,17,688.2856,-87.8549,-0.4658,19,0.4750,0.8571,7,8,7,0,0,8,7,0.1250
4,148.0000,1,18,536.7742,-85.2787,-0.0749,32,0.8000,0.5000,6,5,1,0,0,5,1,0.8000
4,148.0000,1,20,747.0872,-88.0022,-0.0874,15,0.3750,0.7143,7,8,8,0,0,8,8,0.0000
4,148.0000,1,21,395.8371,-81.0941,-1.0153,39,0.9750,0.4000,5,5,2,0,0,5,2,0.6000
4,148.0000,2,0,930.1198,-88.4028,-1.5244,5,0.1250,1.0000,6,8,8,0,0,8,8,0.0000
4,148.0000,2,11,497.9683,-85.7689,0.5557,33,0.8250,0.0000,4,6,3,0,0,6,3,0.5000
4,148.0000,2,12,135.6610,-73.9973,0.3875,39,0.9750,0.0000,4,4,0,0,0,4,0,1.0000
4,148.0000,2,13,150.0342,-73.2037,-0.8562,38,0.9500,0.2000,5,4,0,0,0,4,0,1.0000
4,148.0000,2,14,732.7050,-88.5413,0.0790,10,0.2500,0.8571,7,6,3,0,0,6,3,0.5000
4,148.0000,2,15,482.7280,-84.3722,-0.0430,29,0.7250,0.5000,6,5,2,0,0,5,2,0.6000
4,148.0000,2,16,998.1098,-88.7328,-0.2170,5,0.1250,1.0000,6,8,7,0,0,8,7,0.1250
4,148.0000,2,19,716.0687,-87.5084,0.2975,20,0.5000,0.9444,54,7,6,6,6,13,12,0.0769
4,148.0000,2,22,918.2209,-88.3732,-0.3938,7,0.1750,1.0000,8,6,6,0,0,6,6,0.0000
4,148.0000,2,23,487.5738,-85.0657,-0.0875,36,0.9000,0.0000,4,6,4,0,0,6,4,0.3333
4,148.0000,2,24,673.0687,-88.4939,-0.1423,13,0.3250,1.0000,8,7,6,0,0,7,6,0.1429
4,148.0000,2,25,590.2837,-87.9039,0.7468,16,0.4000,0.7500,8,5,2,22,18,27,20,0.2593
4,148.0000,3,0,1125.8373,-89.2401,0.3902,3,0.0750,1.0000,4,6,6,0,0,6,6,0.0000
4,148.0000,3,1,746.4411,-87.6785,-0.2401,18,0.4500,0.7500,8,8,8,0,0,8,8,0.0000
4,148.0000,3,6,949.2677,-89.0103,-0.1860,5,0.1250,1.0000,8,7,6,0,0,7,6,0.1429
4,148.0000,3,7,643.1325,-87.3608,0.4743,20,0.5000,0.7143,7,7,5,0,0,7,5,0.2857
4,148.0000,3,8,769.1498,-88.5475,-0.1373,13,0.3250,1.0000,8,8,7,0,0,8,7,0.1250
4,148.0000,3,9,897.4903,-88.9951,0.9649,4,0.1000,1.0000,6,7,5,0,0,7,5,0.2857
4,148.0000,3,10,528.6583,-85.9230,-0.1503,27,0.6750,0.6667,6,7,5,0,0,7,5,0.2857
4,148.0000,3,17,213.8151,-80.6376,1.3003,34,0.8500,0.2000,5,5,1,0,0,5,1,0.8000
4,148.0000,3,18,244.5655,-79.6574,0.8668,38,0.9500,0.2000,5,4,0,0,0,4,0,1.0000
4,148.0000,3,20,835.5809,-87.6842,-0.4984,11,0.2750,1.0000,8,8,8,0,0,8,8,0.0000
4,148.0000,3,21,790.7241,-87.8079,-0.3160,17,0.4250,0.7143,7,7,6,0,0,7,6,0.1429
4,148.0000,4,12,1102.7682,-89.7943,-0.0046,3,0.0750,1.0000,4,6,6,0,0,6,6,0.0000
4,148.0000,4,13,1060.6991,-88.8673,-0.2500,4,0.1000,,0,8,8,0,0,8,8,0.0000
4,148.0000,4,14,719.5324,-86.4519,-0.2506,20,0.5000,0.8571,7,8,7,0,0,8,7,0.1250
4,148.0000,4,16,383.1025,-85.3561,1.4381,34,0.8500,0.3333,6,4,0,0,0,4,0,1.0000
4,148.0000,4,25,858.0546,-88.6479,-0.3080,5,0.1250,1.0000,8,8,7,0,0,8,7,0.1250
4,148.0000,5,0,965.1150,-89.0055,-0.2139,4,0.1000,1.0000,6,8,8,0,0,8,8,0.0000
4,148.0000,5,1,701.3334,-88.2312,0.2510,14,0.3500,0.8750,8,7,4,0,0,7,4,0.4286
4,148.0000,5,6,982.5239,-89.1201,0.5485,6,0.1500,1.0000,8,8,8,0,0,8,8,0.0000
4,148.0000,5,8,702.6503,-87.2933,-0.0257,17,0.4250,0.5000,6,5,2,0,0,5,2,0.6000
4,148.0000,5,9,645.4641,-88.0468,0.0997,8,0.2000,0.8750,8,8,5,2,2,10,7,0.3000
4,148.0000,5,10,929.1293,-88.7300,0.3194,5,0.1250,1.0000,6,6,6,0,0,6,6,0.0000
4,148.0000,5,14,951.4432,-88.9050,-0.6436,6,0.1500,1.0000,8,8,8,0,0,8,8,0.0000
4,148.0000,5,17,1059.3613,-89.1585,-0.4160,3,0.0750,1.0000,8,6,6,0,0,6,6,0.0000
4,148.0000,5,20,576.0509,-87.1578,-0.1291,26,0.6500,0.6667,6,5,1,0,0,5,1,0.8000
4,148.0000,5,21,1059.8641,-89.1024,0.3989,6,0.1500,1.0000,8,8,8,0,0,8,8,0.0000
4,148.0000,5,25,1035.8682,-89.1720,0.4266,3,0.0750,1.0000,8,6,6,0,0,6,6,0.0000
4,148.0000,6,0,189.3450,-75.2784,-0.1656,39,0.9750,0.0000,4,4,0,0,0,4,0,1.0000
4,148.0000,6,3,949.2677,-88.3237,0.7823,6,0.1500,1.0000,8,8,8,0,0,8,8,0.0000
4,148.0000,6,5,982.5239,-88.4535,0.7930,4,0.1000,1.0000,8,6,6,0,0,6,6,0.0000
4,148.0000,6,7,476.6310,-85.2751,-0.1011,35,0.8750,0.6667,6,5,1,0,0,5,1,0.8000
4,148.0000,6,8,479.2664,-85.7441,0.7325,32,0.8000,0.8571,7,4,0,0,0,4,0,1.0000
4,148.0000,6,9,355.6047,-81.2721,-0.6043,38,0.9500,0.4000,5,6,2,0,0,6,2,0.6667
4,148.0000,6,10,448.3147,-85.5453,0.4227,35,0.8750,0.0000,4,7,3,0,0,7,3,0.5714
4,148.0000,6,13,960.2786,-88.6315,0.4391,6,0.1500,1.0000,8,8,8,0,0,8,8,0.0000
4,148.0000,6,14,908.6504,-88.9980,0.1879,6,0.1500,0.8000,5,7,6,0,0,7,6,0.1429
4,148.0000,6,15,716.2820,-87.7182,0.3051,17,0.4250,0.7143,7,8,6,0,0,8,6,0.2500
4,148.0000,6,17,751.6743,-88.5935,0.1707,17,0.4250,0.9885,87,6,4,80,80,86,84,0.0233
4,148.0000,6,18,960.0392,-88.3956,0.0780,8,0.2000,0.8750,8,8,8,0,0,8,8,0.0000
4,148.0000,6,19,544.5639,-86.3009,0.2140,33,0.8250,0.5000,6,5,1,0,0,5,1,0.8000
4,148.0000,6,20,459.3356,-85.0058,-0.1248,35,0.8750,0.3333,6,4,2,0,0,4,2,0.5000
4,148.0000,6,22,245.9139,-79.2739,0.2498,39,0.9750,0.0000,4,3,0,0,0,3,0,1.0000
4,148.0000,6,24,590.9102,-85.1407,-0.2246,34,0.8500,0.6667,6,4,0,0,0,4,0,1.0000
4,148.0000,6,25,812.8698,-88.4152,-0.3627,16,0.4000,0.7500,8,7,6,0,0,7,6,0.1429
4,148.0000,7,0,633.2506,-87.0418,0.3547,24,0.6000,0.7500,8,5,2,0,0,5,2,0.6000
4,148.0000,7,1,1038.9746,-89.6425,0.0113,4,0.1000,1.0000,8,8,8,0,0,8,8,0.0000
4,148.0000,7,3,643.1325,-87.5095,0.2870,20,0.5000,0.8571,7,7,6,0,0,7,6,0.1429
4,148.0000,7,6,476.6310,-86.0256,0.8040,31,0.7750,0.3333,6,4,0,0,0,4,0,1.0000
4,148.0000,7,8,662.6514,-87.7983,0.2219,18,0.4500,0.7500,8,8,7,0,0,8,7,0.1250
4,148.0000,7,9,544.9679,-87.0814,0.2508,24,0.6000,0.8750,8,7,5,0,0,7,5,0.2857
4,148.0000,7,10,409.1809,-82.7254,-0.3780,31,0.7750,0.5000,6,4,0,0,0,4,0,1.0000
4,148.0000,7,17,515.8027,-85.4811,0.4404,26,0.6500,0.0000,4,6,2,0,0,6,2,0.6667
4,148.0000,7,18,677.8518,-87.3588,-0.2645,20,0.5000,0.7143,7,8,6,0,0,8,6,0.2500
4,148.0000,7,20,559.4141,-86.2582,-0.2144,30,0.7500,0.8571,7,7,5,0,0,7,5,0.2857
4,148.0000,7,22,679.6871,-87.7586,-0.2358,19,0.4750,0.6667,6,5,2,0,0,5,2,0.6000
4,148.0000,7,24,1023.3958,-89.0006,0.1687,6,0.1500,1.0000,8,8,8,0,0,8,8,0.0000
4,148.0000,8,0,573.0768,-87.2940,0.1187,18,0.4500,0.7143,7,4,0,0,0,4,0,1.0000
4,148.0000,8,1,730.3192,-87.8762,-0.4395,18,0.4500,0.7143,7,8,8,0,0,8,8,0.0000
4,148.0000,8,3,769.1498,-88.2340,0.1899,10,0.2500,0.7143,7,7,5,0,0,7,5,0.2857
4,148.0000,8,5,702.6503,-87.3215,-0.8165,18,0.4500,0.8571,7,8,7,0,0,8,7,0.1250
4,148.0000,8,6,479.2664,-87.0323,-0.0256,27,0.6750,0.4000,5,6,3,0,0,6,3,0.5000
4,148.0000,8,7,662.6514,-87.9838,0.4374,21,0.5250,0.8750,8,8,7,0,0,8,7,0.1250
4,148.0000,8,9,356.1236,-84.1276,-0.0742,34,0.8500,0.4286,35,4,0,2,0,6,0,1.0000
4,148.0000,8,10,315.0974,-84.3169,0.2365,34,0.8500,0.2000,5,4,0,0,0,4,0,1.0000
4,148.0000,8,14,951.6147,-88.7419,-0.3300,12,0.3000,1.0000,8,8,8,0,0,8,8,0.0000
4,148.0000,8,15,1001.7326,-89.5675,1.2291,3,0.0750,1.0000,4,8,8,0,0,8,8,0.0000
4,148.0000,8,17,560.0667,-86.0123,-0.2078,33,0.8250,0.5714,7,5,2,0,0,5,2,0.6000
4,148.0000,8,18,720.9043,-87.5843,-0.4539,24,0.6000,0.6250,8,7,6,0,0,7,6,0.1429
4,148.0000,8,19,719.5332,-87.9442,0.5521,16,0.4000,0.8750,8,4,0,0,0,4,0,1.0000
4,148.0000,8,20,345.8662,-82.6862,0.2192,38,0.9500,0.4000,5,7,4,0,0,7,4,0.4286
4,148.0000,8,22,592.4453,-87.1600,0.1559,20,0.5000,0.5000,6,3,0,0,0,3,0,1.0000
4,148.0000,8,24,855.9014,-88.4112,0.5203,11,0.2750,1.0000,8,8,8,0,0,8,8,0.0000
4,148.0000,8,25,965.6507,-88.4818,0.2154,7,0.1750,1.0000,14,7,6,0,0,7,6,0.1429
4,148.0000,9,0,391.2229,-83.7911,-0.8476,33,0.8250,0.4000,5,4,0,0,0,4,0,1.0000
4,148.0000,9,1,861.8211,-88.5727,-1.1396,5,0.1250,0.8571,7,8,7,0,0,8,7,0.1250
4,148.0000,9,3,897.4903,-88.4683,0.5315,6,0.1500,1.0000,6,8,8,0,0,8,8,0.0000
4,148.0000,9,5,645.4641,-87.7498,0.3166,14,0.3500,0.8750,8,8,4,0,0,8,4,0.5000
4,148.0000,9,6,355.6047,-81.8124,-1.0516,34,0.8500,0.0000,4,5,2,0,0,5,2,0.6000
4,148.0000,9,7,544.9679,-85.7890,0.5224,26,0.6500,0.4000,5,6,4,0,0,6,4,0.3333
4,148.0000,9,8,356.1236,-83.9264,-0.1512,35,0.8750,0.2000,20,4,0,0,0,4,0,1.0000
4,148.0000,9,10,443.1620,-85.2909,-0.0855,33,0.8250,0.4000,5,5,2,0,0,5,2,0.6000
4,148.0000,9,14,871.6461,-88.5974,0.4392,10,0.2500,1.0000,8,8,8,0,0,8,8,0.0000
4,148.0000,9,15,971.4087,-88.6615,0.2726,6,0.1500,1.0000,4,8,8,0,0,8,8,0.0000
4,148.0000,9,17,697.3194,-87.6030,0.1782,21,0.5250,0.8750,8,7,4,0,0,7,4,0.4286
4,148.0000,9,18,817.2625,-87.9487,-0.0868,13,0.3250,0.8571,7,7,7,0,0,7,7,0.0000
4,148.0000,9,19,755.7049,-87.6237,0.4474,16,0.4000,0.9474,19,8,8,4,4,12,12,0.0000
4,148.0000,9,20,122.0751,-76.0306,1.5398,34,0.8500,0.0000,4,4,0,0,0,4,0,1.0000
4,148.0000,9,22,561.4032,-85.7556,-0.8888,24,0.6000,0.5000,6,6,3,0,0,6,3,0.5000
4,148.0000,9,24,867.1887,-88.5927,-0.5858,15,0.3750,1.0000,8,6,6,0,0,6,6,0.0000
4,148.0000,9,25,831.5665,-88.0422,-0.5690,13,0.3250,1.0000,12,8,8,0,0,8,8,0.0000
4,148.0000,10,0,617.3824,-87.1734,0.1397,16,0.4103,0.7143,7,5,1,0,0,5,1,0.8000
4,148.0000,10,1,790.4107,-87.9990,0.6435,14,0.3590,1.0000,8,8,8,0,0,8,8,0.0000
4,148.0000,10,3,528.6583,-86.3353,0.3034,26,0.6667,0.8442,77,4,0,78,67,82,67,0.1829
4,148.0000,10,6,448.3147,-85.6200,0.5850,25,0.6410,0.6667,6,6,4,0,0,6,4,0.3333
4,148.0000,10,7,409.1809,-83.4999,0.1101,35,0.8974,0.0000,4,5,1,0,0,5,1,0.8000
4,148.0000,10,8,315.0974,-84.0086,1.2777,33,0.8462,0.5000,62,4,0,55,20,59,20,0.6610
4,148.0000,10,9,443.1620,-84.9167,0.2771,29,0.7436,0.4444,9,5,1,0,0,5,1,0.8000
4,148.0000,10,17,318.6975,-80.1515,-0.3786,33,0.8462,0.0000,3,6,2,0,0,6,2,0.6667
4,148.0000,10,18,548.8964,-85.7871,0.0385,31,0.7949,0.6875,16,6,3,0,0,6,3,0.5000
4,148.0000,10,20,432.3388,-84.8812,0.7183,30,0.7692,0.4000,5,4,0,0,0,4,0,1.0000
4,148.0000,10,21,1050.9815,-88.9423,0.1174,3,0.0769,1.0000,4,8,8,0,0,8,8,0.0000
4,148.0000,10,22,602.6106,-87.1889,0.5173,16,0.4103,0.3333,6,7,5,0,0,7,5,0.2857
4,148.0000,10,24,920.2376,-89.0258,-0.9792,4,0.1026,1.0000,8,8,8,0,0,8,8,0.0000
4,148.0000,11,2,497.9683,-85.8798,0.2902,27,0.6750,0.6957,69,4,0,36,24,40,24,0.4000
4,148.0000,11,12,408.8064,-84.7270,-0.2608,34,0.8500,0.5714,7,5,1,0,0,5,1,0.8000
4,148.0000,11,13,615.3784,-86.6442,-0.5108,22,0.5500,0.6875,16,6,3,0,0,6,3,0.5000
4,148.0000,11,15,965.5570,-88.9077,0.6019,6,0.1500,1.0000,8,8,8,0,0,8,8,0.0000
4,148.0000,11,23,341.0373,-82.2797,0.2831,36,0.9000,0.0000,4,4,0,23,6,27,6,0.7778
4,148.0000,11,25,981.8615,-89.3020,-0.1125,3,0.0750,,0,8,7,0,0,8,7,0.1250
4,148.0000,12,0,997.4484,-89.0691,0.4797,4,0.1000,1.0000,8,6,6,0,0,6,6,0.0000
4,148.0000,12,2,135.6610,-74.5279,0.2688,38,0.9500,0.0000,4,4,0,0,0,4,0,1.0000
4,148.0000,12,11,408.8064,-84.2643,0.4880,35,0.8750,0.6250,8,5,1,0,0,5,1,0.8000
4,148.0000,12,13,216.4265,-77.2745,-0.6957,38,0.9500,0.0000,4,5,1,0,0,5,1,0.8000
4,148.0000,12,14,797.0251,-88.4627,-0.2948,12,0.3000,0.8571,7,5,2,0,0,5,2,0.6000
4,148.0000,12,15,594.7617,-86.3937,-0.0614,28,0.7000,0.5000,6,6,4,0,0,6,4,0.3333
4,148.0000,12,16,1017.7102,-89.2752,0.7490,3,0.0750,1.0000,6,8,8,0,0,8,8,0.0000
4,148.0000,12,19,832.6995,-88.7425,0.2500,12,0.3000,1.0000,10,7,6,0,0,7,6,0.1429
4,148.0000,12,22,1008.0774,-88.4343,-0.8536,3,0.0750,0.8571,7,6,6,0,0,6,6,0.0000
4,148.0000,12,23,489.2157,-84.6705,0.2272,36,0.9000,0.0000,4,5,2,0,0,5,2,0.6000
4,148.0000,12,24,784.8416,-89.0170,0.3399,14,0.3500,0.8750,8,7,4,0,0,7,4,0.4286
4,148.0000,12,25,642.1959,-87.4205,-0.0055,14,0.3500,0.8750,8,8,7,0,0,8,7,0.1250
4,148.0000,13,0,796.1603,-88.5868,0.2269,12,0.3000,0.7500,8,7,6,0,0,7,6,0.1429
4,148.0000,13,2,150.0342,-72.5608,-0.5123,39,0.9750,0.0000,4,4,0,0,0,4,0,1.0000
4,148.0000,13,6,960.2786,-89.0127,-0.1278,6,0.1500,1.0000,8,6,6,0,0,6,6,0.0000
4,148.0000,13,11,615.3784,-86.8390,0.8184,24,0.6000,0.8571,7,6,3,0,0,6,3,0.5000
4,148.0000,13,12,216.4265,-77.2807,-0.8597,39,0.9750,0.0000,4,4,0,0,0,4,0,1.0000
4,148.0000,13,14,628.2738,-87.8671,0.2817,21,0.5250,0.5000,6,5,2,0,0,5,2,0.6000
4,148.0000,13,15,431.3583,-84.7301,-0.5535,34,0.8500,0.3333,6,6,2,0,0,6,2,0.6667
4,148.0000,13,16,1034.0270,-88.1450,-0.4252,3,0.0750,,0,8,8,0,0,8,8,0.0000
4,148.0000,13,19,632.8278,-86.9222,-0.0710,22,0.5500,0.7273,11,7,6,0,0,7,6,0.1429
4,148.0000,13,22,810.7480,-88.3937,-0.0106,18,0.4500,0.8571,7,8,8,0,0,8,8,0.0000
4,148.0000,13,23,621.7854,-85.9848,-0.2494,32,0.8000,0.6667,6,8,6,0,0,8,6,0.2500
4,148.0000,13,24,608.7596,-87.1723,0.2098,22,0.5500,0.8571,7,6,2,0,0,6,2,0.6667
4,148.0000,13,25,462.6008,-85.3460,1.0258,32,0.8000,0.2000,5,6,2,0,0,6,2,0.6667
4,148.0000,14,0,755.1102,-88.1140,0.0258,10,0.2500,1.0000,8,8,6,0,0,8,6,0.2500
4,148.0000,14,2,732.7050,-88.7541,0.2102,9,0.2250,0.4000,5,7,6,0,0,7,6,0.1429
4,148.0000,14,4,719.5324,-87.4938,-0.1647,24,0.6000,0.8000,5,7,5,0,0,7,5,0.2857
4,148.0000,14,5,951.4432,-88.1650,0.0970,3,0.0750,1.0000,8,8,7,0,0,8,7,0.1250
4,148.0000,14,6,908.6504,-88.1799,-0.2099,5,0.1250,1.0000,8,8,8,0,0,8,8,0.0000
4,148.0000,14,8,951.6147,-89.0394,-0.2911,4,0.1000,1.0000,8,8,8,0,0,8,8,0.0000
4,148.0000,14,9,871.6461,-88.8841,0.0339,6,0.1500,1.0000,8,8,8,0,0,8,8,0.0000
4,148.0000,14,12,797.0251,-88.0411,-0.1250,12,0.3000,0.4000,5,8,5,0,0,8,5,0.3750
4,148.0000,14,13,628.2738,-87.3208,0.7463,15,0.3750,0.7143,7,8,5,0,0,8,5,0.3750
4,148.0000,14,15,758.9254,-88.8493,-0.3047,5,0.1250,0.6667,6,6,3,0,0,6,3,0.5000
4,148.0000,14,16,907.1525,-88.9041,-0.0328,6,0.1500,,0,6,4,0,0,6,4,0.3333
4,148.0000,14,19,670.3618,-87.3872,-0.3754,14,0.3500,0.8750,8,8,7,0,0,8,7,0.1250
4,148.0000,14,20,948.3999,-88.1701,-0.0669,5,0.1250,1.0000,8,8,8,0,0,8,8,0.0000
4,148.0000,14,22,856.0857,-87.7504,0.4252,8,0.2000,1.0000,8,8,8,0,0,8,8,0.0000
4,148.0000,14,24,812.4576,-88.4956,0.1136,11,0.2750,1.0000,8,8,8,0,0,8,8,0.0000
4,148.0000,14,25,217.7919,-79.1040,0.2238,37,0.9250,0.0000,4,4,0,0,0,4,0,1.0000
4,148.0000,15,0,616.9226,-86.5318,0.4179,18,0.4390,0.6667,6,7,6,0,0,7,6,0.1429
4,148.0000,15,2,482.7280,-84.4641,-0.2690,28,0.6829,0.2000,5,6,4,0,0,6,4,0.3333
4,148.0000,15,6,716.2820,-88.1391,0.1148,11,0.2683,0.8750,8,6,4,0,0,6,4,0.3333
4,148.0000,15,9,971.4087,-88.8442,0.8102,4,0.0976,1.0000,8,6,6,0,0,6,6,0.0000
4,148.0000,15,11,965.5570,-89.1971,0.0883,3,0.0732,1.0000,8,8,7,0,0,8,7,0.1250
4,148.0000,15,12,594.7617,-86.5789,-0.3094,22,0.5366,0.5714,7,7,2,0,0,7,2,0.7143
4,148.0000,15,13,431.3583,-84.3312,-0.1320,24,0.5854,0.5000,6,7,5,0,0,7,5,0.2857
4,148.0000,15,14,758.9254,-88.0456,-0.0166,11,0.2683,0.8750,8,8,6,0,0,8,6,0.2500
4,148.0000,15,19,305.5750,-81.0850,0.4613,34,0.8293,0.2000,5,5,2,1,0,6,2,0.6667
4,148.0000,15,22,496.2541,-85.8256,-0.3807,25,0.6098,0.5714,7,7,5,0,0,7,5,0.2857
4,148.0000,15,23,886.2781,-87.9183,-0.9118,11,0.2683,1.0000,8,8,8,0,0,8,8,0.0000
4,148.0000,15,24,193.7243,-79.6200,1.1302,35,0.8537,0.0000,4,4,0,0,0,4,0,1.0000
4,148.0000,15,25,632.3523,-87.9267,0.4115,18,0.4390,0.5714,7,6,4,5,4,11,8,0.2727
4,148.0000,16,4,383.1025,-84.6745,0.7002,31,0.7949,0.0000,4,4,0,0,0,4,0,1.0000
4,148.0000,16,11,963.5703,-88.5872,0.6177,4,0.1026,1.0000,4,6,6,0,0,6,6,0.0000
4,148.0000,16,12,1017.7102,-89.7128,0.0337,3,0.0769,1.0000,6,8,8,0,0,8,8,0.0000
4,148.0000,16,23,782.1037,-88.0249,0.3389,10,0.2564,0.7500,8,7,6,0,0,7,6,0.1429
4,148.0000,17,0,924.5045,-88.4286,0.0234,10,0.2500,1.0000,8,8,8,0,0,8,8,0.0000
4,148.0000,17,1,688.2856,-87.3890,0.1914,26,0.6500,0.6250,8,6,3,0,0,6,3,0.5000
4,148.0000,17,3,213.8151,-81.1504,1.5177,38,0.9500,0.0000,4,4,0,0,0,4,0,1.0000
4,148.0000,17,5,1059.3613,-88.7296,-0.0383,4,0.1000,1.0000,8,4,4,0,0,4,4,0.0000
4,148.0000,17,6,751.6743,-88.8095,0.1638,10,0.2500,1.0000,8,7,6,0,0,7,6,0.1429
4,148.0000,17,7,515.8027,-85.9630,-0.1123,29,0.7250,0.5000,6,5,2,0,0,5,2,0.6000
4,148.0000,17,8,560.0667,-85.7509,0.0152,22,0.5500,0.5000,6,8,5,0,0,8,5,0.3750
4,148.0000,17,9,697.3194,-87.2113,0.5157,18,0.4500,0.8889,9,7,6,0,0,7,6,0.1429
4,148.0000,17,10,318.6975,-80.2670,-0.0998,33,0.8250,0.2000,5,4,0,0,0,4,0,1.0000
4,148.0000,17,18,279.2216,-79.1767,-0.7745,37,0.9250,0.2000,5,5,1,0,0,5,1,0.8000
4,148.0000,17,20,642.8307,-86.2744,-0.7085,25,0.6250,0.8571,7,7,6,0,0,7,6,0.1429
4,148.0000,17,21,839.1817,-88.0669,0.4103,12,0.3000,1.0000,8,8,8,0,0,8,8,0.0000
4,148.0000,17,22,910.3433,-88.3783,0.5510,3,0.0750,1.0000,8,8,8,0,0,8,8,0.0000
4,148.0000,18,1,536.7742,-85.1475,-0.4873,31,0.7750,0.4286,7,4,0,0,0,4,0,1.0000
4,148.0000,18,3,244.5655,-80.0327,0.5185,39,0.9750,0.0000,6,4,0,0,0,4,0,1.0000
4,148.0000,18,5,1035.5573,-88.6550,-0.0619,6,0.1500,,0,8,8,0,0,8,8,0.0000
4,148.0000,18,6,960.0392,-88.6887,-0.3656,5,0.1250,1.0000,8,8,8,0,0,8,8,0.0000
4,148.0000,18,7,677.8518,-86.9140,-0.3005,21,0.5250,0.7143,7,8,8,0,0,8,8,0.0000
4,148.0000,18,8,720.9043,-87.8334,-0.5311,21,0.5250,0.7500,8,8,6,0,0,8,6,0.2500
4,148.0000,18,9,817.2625,-88.3540,-0.0873,9,0.2250,0.8000,5,8,8,0,0,8,8,0.0000
4,148.0000,18,10,548.8964,-85.3780,-0.4601,30,0.7500,0.5000,6,7,4,0,0,7,4,0.4286
4,148.0000,18,17,279.2216,-78.6966,-0.4533,38,0.9500,0.0000,4,5,1,0,0,5,1,0.8000
4,148.0000,18,20,729.1445,-86.9973,-0.4180,19,0.4750,0.8750,8,7,5,0,0,7,5,0.2857
4,148.0000,18,21,593.8450,-86.6339,-0.2344,24,0.6000,0.5714,7,6,3,0,0,6,3,0.5000
4,148.0000,19,0,480.3762,-84.9736,0.2754,35,0.8750,0.0000,4,8,5,0,0,8,5,0.3750
4,148.0000,19,2,716.0687,-87.5582,0.3306,23,0.5750,0.8571,7,8,7,0,0,8,7,0.1250
4,148.0000,19,6,544.5639,-86.6349,-0.0651,34,0.8500,0.3333,6,7,5,0,0,7,5,0.2857
4,148.0000,19,7,1003.5782,-88.9176,-0.3374,8,0.2000,1.0000,6,8,8,0,0,8,8,0.0000
4,148.0000,19,8,719.5332,-88.0547,0.5301,16,0.4000,0.6250,8,8,5,0,0,8,5,0.3750
4,148.0000,19,9,755.7049,-87.8858,0.1044,18,0.4500,1.0000,8,7,5,0,0,7,5,0.2857
4,148.0000,19,10,842.4861,-89.1185,1.0329,5,0.1250,0.8571,7,8,6,0,0,8,6,0.2500
4,148.0000,19,12,832.6995,-88.3611,0.3269,10,0.2500,0.8750,8,8,7,0,0,8,7,0.1250
4,148.0000,19,13,632.8278,-87.4221,-0.0179,24,0.6000,0.8750,8,7,5,0,0,7,5,0.2857
4,148.0000,19,14,670.3618,-87.9918,0.3973,20,0.5000,0.8571,7,6,3,0,0,6,3,0.5000
4,148.0000,19,15,305.5750,-81.9631,-0.0931,39,0.9750,0.6667,6,4,0,0,0,4,0,1.0000
4,148.0000,19,20,858.0125,-88.0674,0.1118,9,0.2250,0.8571,7,8,7,0,0,8,7,0.1250
4,148.0000,19,22,337.8362,-82.2126,-0.7597,39,0.9750,0.0000,4,5,2,0,0,5,2,0.6000
4,148.0000,19,23,1095.9589,-89.0343,-0.4264,5,0.1250,1.0000,6,6,6,0,0,6,6,0.0000
4,148.0000,19,24,195.2809,-72.4151,-2.7280,40,1.0000,0.2000,5,4,0,0,0,4,0,1.0000
4,148.0000,19,25,605.2934,-86.9379,0.1296,28,0.7000,0.5385,13,7,6,0,0,7,6,0.1429
4,148.0000,20,0,512.4268,-86.5980,0.2543,26,0.6667,0.9524,42,5,2,0,0,5,2,0.6000
4,148.0000,20,1,747.0872,-87.8597,-0.2118,15,0.3846,0.8571,7,6,4,0,0,6,4,0.3333
4,148.0000,20,3,835.5809,-88.3304,-0.1995,9,0.2308,0.8750,8,7,5,0,0,7,5,0.2857
4,148.0000,20,5,576.0509,-87.3190,0.2882,21,0.5385,0.8750,8,7,5,0,0,7,5,0.2857
4,148.0000,20,6,459.3356,-85.0633,0.0661,28,0.7179,1.0000,8,5,1,0,0,5,1,0.8000
4,148.0000,20,7,559.4141,-86.9499,0.0339,25,0.6410,0.6667,6,6,3,0,0,6,3,0.5000
4,148.0000,20,8,345.8662,-83.4201,-0.0744,31,0.7949,0.7556,45,6,3,6,4,12,7,0.4167
4,148.0000,20,9,122.0751,-76.0099,2.2227,36,0.9231,0.2500,8,4,0,0,0,4,0,1.0000
4,148.0000,20,10,432.3388,-84.7766,-0.0963,31,0.7949,0.4000,5,6,3,0,0,6,3,0.5000
4,148.0000,20,17,642.8307,-85.9628,-0.2054,28,0.7179,0.5714,7,6,3,0,0,6,3,0.5000
4,148.0000,20,18,729.1445,-87.7860,-0.2822,22,0.5641,0.8750,8,8,8,0,0,8,8,0.0000
4,148.0000,20,19,858.0125,-88.5107,-0.0229,5,0.1282,0.8571,7,7,6,0,0,7,6,0.1429
4,148.0000,20,21,1075.2423,-89.2438,0.4126,6,0.1538,1.0000,4,8,8,0,0,8,8,0.0000
4,148.0000,20,22,668.3304,-88.0064,0.0988,21,0.5385,0.7143,7,7,5,38,36,45,41,0.0889
4,148.0000,20,25,926.9322,-88.9844,0.2858,8,0.2051,1.0000,8,8,6,0,0,8,6,0.2500
4,148.0000,21,1,395.8371,-80.9567,-1.2885,36,0.9231,0.3704,27,5,2,77,70,82,72,0.1220
4,148.0000,21,3,790.7241,-87.8728,0.1819,17,0.4359,0.8462,13,7,6,0,0,7,6,0.1429
4,148.0000,21,5,1059.8641,-88.6137,-1.3601,6,0.1538,1.0000,8,6,6,0,0,6,6,0.0000
4,148.0000,21,8,1076.3989,-88.4371,1.9720,3,0.0769,1.0000,8,4,4,0,0,4,4,0.0000
4,148.0000,21,17,839.1817,-88.3842,0.3279,13,0.3333,1.0000,46,7,4,0,0,7,4,0.4286
4,148.0000,21,18,593.8450,-86.4798,-0.5208,18,0.4615,0.7500,8,6,2,0,0,6,2,0.6667
4,148.0000,22,0,263.5447,-78.8872,-0.5923,39,0.9512,0.2000,5,5,1,0,0,5,1,0.8000
4,148.0000,22,2,918.2209,-88.8845,-0.2653,7,0.1707,1.0000,8,8,8,0,0,8,8,0.0000
4,148.0000,22,6,245.9139,-78.6472,-0.6425,33,0.8049,0.3333,6,5,1,0,0,5,1,0.8000
4,148.0000,22,7,679.6871,-87.8894,-0.1135,16,0.3902,0.5000,6,6,4,0,0,6,4,0.3333
4,148.0000,22,8,592.4453,-87.5178,0.2543,15,0.3659,0.6667,6,7,4,0,0,7,4,0.4286
4,148.0000,22,9,561.4032,-86.0807,-0.2442,26,0.6341,0.8571,7,6,3,0,0,6,3,0.5000
4,148.0000,22,10,602.6106,-86.8685,-0.0644,19,0.4634,0.5714,7,8,6,0,0,8,6,0.2500
4,148.0000,22,12,1008.0774,-88.6799,-0.2679,5,0.1220,1.0000,8,8,8,0,0,8,8,0.0000
4,148.0000,22,13,810.7480,-88.4849,-0.5681,13,0.3171,0.7500,8,8,7,0,0,8,7,0.1250
4,148.0000,22,14,856.0857,-88.6333,0.3297,14,0.3415,1.0000,8,8,8,0,0,8,8,0.0000
4,148.0000,22,15,496.2541,-85.5561,0.2123,26,0.6341,0.2000,5,5,2,9,7,14,9,0.3571
4,148.0000,22,17,910.3433,-88.4457,-1.1252,4,0.0976,0.7500,4,8,8,0,0,8,8,0.0000
4,148.0000,22,19,337.8362,-80.8795,-0.2972,34,0.8293,0.0000,4,4,0,0,0,4,0,1.0000
4,148.0000,22,20,668.3304,-87.4672,0.4527,20,0.4878,0.8571,7,6,4,0,0,6,4,0.3333
4,148.0000,22,24,350.5729,-80.4949,-0.9869,37,0.9024,0.0000,4,6,3,0,0,6,3,0.5000
4,148.0000,22,25,753.2543,-87.9251,-0.1286,11,0.2683,0.8750,8,8,8,0,0,8,8,0.0000
4,148.0000,23,2,487.5738,-84.8352,0.1139,37,0.9250,0.2000,5,6,3,0,0,6,3,0.5000
4,148.0000,23,11,341.0373,-82.7422,-0.0154,39,0.9750,0.0000,4,4,0,0,0,4,0,1.0000
4,148.0000,23,12,489.2157,-85.1873,-0.7395,35,0.8750,0.8571,7,7,6,0,0,7,6,0.1429
4,148.0000,23,13,621.7854,-85.8905,-0.2690,30,0.7500,0.8571,7,6,6,2,2,8,8,0.0000
4,148.0000,23,15,886.2781,-88.6283,0.0420,18,0.4500,0.8571,7,8,8,36,36,44,44,0.0000
4,148.0000,23,16,782.1037,-87.8491,-0.7383,14,0.3500,0.7500,8,7,6,0,0,7,6,0.1429
4,148.0000,23,19,1095.9589,-89.3542,-0.1841,4,0.1000,0.8571,7,6,6,0,0,6,6,0.0000
4,148.0000,23,24,1065.9125,-89.0118,-1.6011,3,0.0750,1.0000,4,8,8,0,0,8,8,0.0000
4,148.0000,23,25,948.8838,-89.0226,0.0180,5,0.1250,0.8750,8,8,8,0,0,8,8,0.0000
4,148.0000,24,0,535.7924,-85.1050,-0.9369,28,0.7000,0.5000,6,7,6,0,0,7,6,0.1429
4,148.0000,24,2,673.0687,-87.5420,0.1014,15,0.3750,0.6667,6,5,2,0,0,5,2,0.6000
4,148.0000,24,6,590.9102,-85.7289,-0.1230,25,0.6250,0.5000,6,8,7,0,0,8,7,0.1250
4,148.0000,24,7,1023.3958,-89.3764,-0.0764,6,0.1500,1.0000,8,8,8,0,0,8,8,0.0000
4,148.0000,24,8,855.9014,-89.3835,0.2858,10,0.2500,1.0000,8,8,8,0,0,8,8,0.0000
4,148.0000,24,9,867.1887,-88.2162,-0.1735,13,0.3250,0.8750,8,6,6,0,0,6,6,0.0000
4,148.0000,24,10,920.2376,-88.1370,0.1176,9,0.2250,1.0000,6,7,6,0,0,7,6,0.1429
4,148.0000,24,12,784.8416,-88.0854,-0.4884,11,0.2750,1.0000,8,8,6,0,0,8,6,0.2500
4,148.0000,24,13,608.7596,-86.7988,0.4213,20,0.5000,0.5000,6,6,3,0,0,6,3,0.5000
4,148.0000,24,14,812.4576,-88.8347,0.2401,14,0.3500,0.8750,8,8,8,0,0,8,8,0.0000
4,148.0000,24,15,193.7243,-79.5718,2.1859,35,0.8750,0.0000,4,5,1,0,0,5,1,0.8000
4,148.0000,24,19,195.2809,-71.7467,-2.8898,38,0.9500,0.0000,4,4,0,0,0,4,0,1.0000
4,148.0000,24,22,350.5729,-80.9748,-0.9482,37,0.9250,0.4000,5,8,5,0,0,8,5,0.3750
4,148.0000,24,25,708.9495,-87.7940,-0.1640,18,0.4500,0.7143,7,6,3,0,0,6,3,0.5000
4,148.0000,25,0,637.8225,-87.3448,-0.2240,19,0.4634,0.6667,6,7,6,0,0,7,6,0.1429
4,148.0000,25,2,590.2837,-87.3981,0.5508,18,0.4390,0.6667,6,6,4,0,0,6,4,0.3333
4,148.0000,25,4,858.0546,-88.9675,0.5399,7,0.1707,0.8750,8,7,6,0,0,7,6,0.1429
4,148.0000,25,5,1035.8682,-88.6731,0.2572,6,0.1463,1.0000,8,8,8,0,0,8,8,0.0000
4,148.0000,25,6,812.8698,-88.0367,-0.0830,9,0.2195,1.0000,8,8,8,0,0,8,8,0.0000
4,148.0000,25,8,965.6507,-88.5401,0.8005,6,0.1463,1.0000,8,8,8,0,0,8,8,0.0000
4,148.0000,25,9,831.5665,-87.8571,0.0612,6,0.1463,1.0000,8,8,8,0,0,8,8,0.0000
4,148.0000,25,12,642.1959,-87.3424,0.2796,17,0.4146,0.5000,6,4,0,0,0,4,0,1.0000
4,148.0000,25,13,462.6008,-85.9876,0.1505,25,0.6098,0.6667,6,4,0,0,0,4,0,1.0000
4,148.0000,25,14,217.7919,-78.7984,0.0967,39,0.9512,0.0000,4,4,0,0,0,4,0,1.0000
4,148.0000,25,15,632.3523,-87.6903,0.2404,11,0.2683,0.7143,7,5,1,0,0,5,1,0.8000
4,148.0000,25,19,605.2934,-86.2903,0.3618,16,0.3902,0.6667,6,8,7,18,17,26,24,0.0769
4,148.0000,25,22,753.2543,-88.0359,0.0923,11,0.2683,0.8750,8,7,6,0,0,7,6,0.1429
4,148.0000,25,23,948.8838,-88.7695,0.0938,7,0.1707,1.0000,8,8,8,0,0,8,8,0.0000
4,148.0000,25,24,708.9495,-87.6823,0.0760,19,0.4634,0.5714,7,7,6,0,0,7,6,0.1429
4,152.0000,0,2,959.0790,-88.8299,0.0716,8,0.2000,0.8750,8,8,8,0,0,8,8,0.0000
4,152.0000,0,5,750.7076,-88.4748,0.6000,9,0.2250,1.0000,8,7,4,0,0,7,4,0.4286
4,152.0000,0,6,268.6415,-78.3230,-0.2846,35,0.8750,0.0000,4,4,0,0,0,4,0,1.0000
4,152.0000,0,7,636.2955,-87.7379,-0.2938,25,0.6250,0.3333,6,4,0,0,0,4,0,1.0000
4,152.0000,0,8,448.2999,-85.5569,1.1532,29,0.7250,0.0000,4,5,2,0,0,5,2,0.6000
4,152.0000,0,9,391.1636,-83.4555,0.4737,30,0.7500,0.0000,4,6,3,0,0,6,3,0.5000
4,152.0000,0,10,526.4939,-86.4402,0.5598,26,0.6500,0.4000,5,5,1,0,0,5,1,0.8000
4,152.0000,0,13,790.7150,-88.3026,-0.0600,13,0.3250,1.0000,6,7,5,0,0,7,5,0.2857
4,152.0000,0,14,707.7942,-87.9913,-0.0790,17,0.4250,0.7500,8,5,4,0,0,5,4,0.2000
4,152.0000,0,15,606.4327,-86.9542,-0.2658,25,0.6250,0.8571,7,6,4,0,0,6,4,0.3333
4,152.0000,0,17,961.9298,-89.0591,-0.2198,8,0.2000,1.0000,4,10,10,0,0,10,10,0.0000
4,152.0000,0,19,479.6732,-85.1102,0.2593,31,0.7750,0.2000,5,5,2,0,0,5,2,0.6000
4,152.0000,0,20,395.0908,-84.1318,1.1126,33,0.8250,0.2000,5,4,0,0,0,4,0,1.0000
4,152.0000,0,22,350.5359,-81.3315,-1.2552,37,0.9250,0.0000,4,5,2,0,0,5,2,0.6000
4,152.0000,0,24,652.6386,-86.4980,-0.3652,24,0.6000,0.5000,6,6,3,0,0,6,3,0.5000
4,152.0000,0,25,668.0427,-87.1836,-0.1638,26,0.6500,0.6667,6,8,7,0,0,8,7,0.1250
4,152.0000,1,3,783.5520,-87.6525,-0.6195,20,0.5000,0.6667,6,8,7,0,0,8,7,0.1250
4,152.0000,1,5,667.0473,-87.9392,0.0171,21,0.5250,0.7778,9,8,8,0,0,8,8,0.0000
4,152.0000,1,7,963.2787,-89.4549,0.7064,3,0.0750,1.0000,8,8,8,0,0,8,8,0.0000
4,152.0000,1,8,774.3215,-88.0494,-0.2819,16,0.4000,0.9600,25,8,7,0,0,8,7,0.1250
4,152.0000,1,9,721.0781,-88.2883,0.5169,14,0.3500,1.0000,8,8,6,0,0,8,6,0.2500
4,152.0000,1,10,756.4850,-87.9645,0.1840,14,0.3500,0.6667,6,7,6,0,0,7,6,0.1429
4,152.0000,1,17,761.4664,-86.8771,-0.6779,15,0.3750,0.8750,8,8,7,0,0,8,7,0.1250
4,152.0000,1,18,605.4960,-86.4256,-0.2599,29,0.7250,0.2000,5,6,3,0,0,6,3,0.5000
4,152.0000,1,20,715.6288,-88.2375,0.0578,16,0.4000,1.0000,8,8,7,0,0,8,7,0.1250
4,152.0000,1,21,547.5287,-84.7949,-0.9335,36,0.9000,0.4000,5,8,8,0,0,8,8,0.0000
4,152.0000,2,0,959.0790,-88.5813,0.2042,4,0.1000,1.0000,8,8,8,0,0,8,8,0.0000
4,152.0000,2,11,469.6078,-84.7743,-0.2521,31,0.7750,0.5000,6,5,1,0,0,5,1,0.8000
4,152.0000,2,12,151.6388,-73.6523,-0.5648,37,0.9250,0.0000,4,5,1,0,0,5,1,0.8000
4,152.0000,2,13,183.5909,-74.2958,-0.5654,36,0.9000,0.0000,4,4,0,0,0,4,0,1.0000
4,152.0000,2,14,540.5118,-86.6561,0.4940,19,0.4750,0.5000,6,5,2,0,0,5,2,0.6000
4,152.0000,2,15,563.3079,-85.8454,-0.0913,21,0.5250,0.4000,5,5,1,0,0,5,1,0.8000
4,152.0000,2,16,877.8131,-88.2586,-0.4167,4,0.1000,0.8750,8,7,6,0,0,7,6,0.1429
4,152.0000,2,19,745.9885,-88.2650,0.2167,12,0.3000,0.9231,13,8,8,28,28,36,36,0.0000
4,152.0000,2,22,996.2112,-89.2813,-0.2283,4,0.1000,1.0000,6,8,8,0,0,8,8,0.0000
4,152.0000,2,23,546.1978,-85.9858,-0.4092,33,0.8250,0.6667,6,5,2,0,0,5,2,0.6000
4,152.0000,2,24,624.5878,-86.1092,0.0009,14,0.3500,0.8571,7,8,8,0,0,8,8,0.0000
4,152.0000,2,25,436.5212,-85.1251,0.8330,24,0.6000,0.7407,27,4,0,0,0,4,0,1.0000
4,152.0000,3,1,783.5520,-87.6063,0.0637,17,0.4250,1.0000,8,8,8,0,0,8,8,0.0000
4,152.0000,3,6,775.7550,-88.4059,-0.2899,9,0.2250,0.8571,7,8,6,0,0,8,6,0.2500
4,152.0000,3,7,525.0751,-86.5244,0.7020,27,0.6750,0.7143,7,6,3,0,0,6,3,0.5000
4,152.0000,3,8,674.8792,-88.5420,0.2026,11,0.2750,0.8750,8,7,6,0,0,7,6,0.1429
4,152.0000,3,9,819.9093,-88.5484,-0.2611,11,0.2750,0.7143,7,8,8,0,0,8,8,0.0000
4,152.0000,3,10,500.0927,-86.0010,-0.4345,31,0.7750,0.7143,7,7,5,0,0,7,5,0.2857
4,152.0000,3,17,41.1766,-71.9600,3.9076,38,0.9500,0.2000,5,4,0,0,0,4,0,1.0000
4,152.0000,3,18,345.0949,-81.0609,-0.6403,39,0.9750,0.0000,4,5,1,0,0,5,1,0.8000
4,152.0000,3,20,829.7375,-87.8955,-0.9789,8,0.2000,1.0000,8,7,5,0,0,7,5,0.2857
4,152.0000,3,21,836.5477,-88.1875,-0.0400,14,0.3500,0.8571,7,8,7,0,0,8,7,0.1250
4,152.0000,3,22,923.4652,-89.2869,0.0582,4,0.1000,1.0000,4,6,6,0,0,6,6,0.0000
4,152.0000,4,14,805.0098,-87.6147,-0.2446,12,0.3000,0.8750,8,7,6,0,0,7,6,0.1429
4,152.0000,4,16,298.2586,-82.0027,0.4939,39,0.9750,0.0000,4,4,0,0,0,4,0,1.0000
4,152.0000,4,25,908.5647,-88.2507,-0.3483,9,0.2250,0.8750,8,8,8,0,0,8,8,0.0000
4,152.0000,5,0,750.7076,-88.8920,0.5682,9,0.2250,1.0000,8,7,6,0,0,7,6,0.1429
4,152.0000,5,1,667.0473,-87.1737,-0.0130,27,0.6750,0.5714,7,5,2,0,0,5,2,0.6000
4,152.0000,5,6,882.2462,-89.3493,0.0955,4,0.1000,1.0000,8,7,6,0,0,7,6,0.1429
4,152.0000,5,8,723.3934,-87.7806,0.3546,17,0.4250,0.4000,5,7,6,0,0,7,6,0.1429
4,152.0000,5,9,462.9631,-85.9528,0.4688,24,0.6000,0.7000,10,6,3,0,0,6,3,0.5000
4,152.0000,5,10,813.0364,-88.6811,0.1607,8,0.2000,1.0000,6,7,4,0,0,7,4,0.4286
4,152.0000,5,14,949.4489,-88.2090,0.1545,6,0.1500,1.0000,8,8,8,0,0,8,8,0.0000
4,152.0000,5,18,1094.6495,-88.9379,0.0971,3,0.0750,1.0000,8,4,4,0,0,4,4,0.0000
4,152.0000,5,20,447.3098,-85.5412,0.1740,23,0.5750,0.2000,5,5,1,0,0,5,1,0.8000
4,152.0000,5,25,1024.3378,-88.9242,-0.3653,4,0.1000,1.0000,6,6,6,0,0,6,6,0.0000
4,152.0000,6,0,268.6415,-78.4665,-1.2826,34,0.8500,0.0000,4,4,0,0,0,4,0,1.0000
4,152.0000,6,3,775.7550,-88.5490,0.0471,15,0.3750,1.0000,8,7,5,0,0,7,5,0.2857
4,152.0000,6,5,882.2462,-88.5639,0.2200,7,0.1750,1.0000,6,9,7,0,0,9,7,0.2222
4,152.0000,6,7,419.4940,-84.7940,0.4973,36,0.9000,0.2000,5,4,0,0,0,4,0,1.0000
4,152.0000,6,8,366.0593,-83.9887,1.0027,30,0.7500,0.0000,4,5,1,0,0,5,1,0.8000
4,152.0000,6,9,438.7735,-83.6693,0.1858,38,0.9500,0.3333,6,5,1,0,0,5,1,0.8000
4,152.0000,6,10,352.7515,-83.3904,0.3500,38,0.9500,0.4286,7,5,2,0,0,5,2,0.6000
4,152.0000,6,13,996.2015,-89.0830,0.0412,3,0.0750,1.0000,8,8,8,0,0,8,8,0.0000
4,152.0000,6,14,954.4002,-88.9133,0.2112,8,0.2000,0.8571,7,8,8,0,0,8,8,0.0000
4,152.0000,6,15,695.0876,-87.7596,0.3462,22,0.5500,0.7500,8,7,6,0,0,7,6,0.1429
4,152.0000,6,17,743.8720,-87.3513,0.1961,18,0.4500,0.9767,86,8,6,80,77,88,83,0.0568
4,152.0000,6,18,982.3840,-88.5535,0.2454,5,0.1250,1.0000,8,8,8,0,0,8,8,0.0000
4,152.0000,6,19,579.5179,-86.5561,-0.2304,27,0.6750,0.2000,5,7,5,0,0,7,5,0.2857
4,152.0000,6,20,449.8615,-84.5966,0.5634,38,0.9500,0.5000,4,6,3,0,0,6,3,0.5000
4,152.0000,6,22,248.5497,-78.9652,-0.1830,36,0.9000,0.0000,3,5,0,0,0,5,0,1.0000
4,152.0000,6,24,713.4311,-86.9180,0.1177,20,0.5000,0.0000,4,8,8,0,0,8,8,0.0000
4,152.0000,6,25,914.5207,-88.6483,-0.1577,9,0.2250,0.8571,7,8,8,20,20,28,28,0.0000
4,152.0000,7,0,636.2955,-87.1983,0.1452,16,0.4000,0.4000,5,7,5,0,0,7,5,0.2857
4,152.0000,7,1,963.2787,-89.1965,-0.1103,5,0.1250,1.0000,8,8,8,0,0,8,8,0.0000
4,152.0000,7,3,525.0751,-87.2144,0.4904,23,0.5750,0.8571,7,7,5,0,0,7,5,0.2857
4,152.0000,7,6,419.4940,-84.3093,0.0159,32,0.8000,0.0000,4,4,0,0,0,4,0,1.0000
4,152.0000,7,8,580.6695,-87.1280,-0.0915,22,0.5500,0.8750,8,7,4,0,0,7,4,0.4286
4,152.0000,7,9,565.4301,-86.4042,-0.4018,25,0.6250,0.7143,7,6,2,0,0,6,2,0.6667
4,152.0000,7,10,421.1824,-84.1118,-0.0119,34,0.8500,0.0000,4,5,1,0,0,5,1,0.8000
4,152.0000,7,17,492.5314,-85.5283,-0.2068,32,0.8000,0.3333,6,6,3,0,0,6,3,0.5000
4,152.0000,7,18,696.1030,-87.3115,0.4536,22,0.5500,0.7500,8,6,4,0,0,6,4,0.3333
4,152.0000,7,19,990.0655,-88.3802,0.4624,5,0.1250,1.0000,8,8,8,0,0,8,8,0.0000
4,152.0000,7,20,582.7165,-86.3249,0.1195,25,0.6250,0.7143,7,6,3,0,0,6,3,0.5000
4,152.0000,7,22,629.6174,-87.7649,0.2547,17,0.4250,0.4000,5,7,6,0,0,7,6,0.1429
4,152.0000,8,0,448.2999,-85.0834,0.2119,28,0.7000,0.0000,4,6,4,0,0,6,4,0.3333
4,152.0000,8,1,774.3215,-88.0626,-0.1643,15,0.3750,1.0000,8,8,8,0,0,8,8,0.0000
4,152.0000,8,3,674.8792,-88.1270,-0.3217,19,0.4750,0.7143,7,6,3,0,0,6,3,0.5000
4,152.0000,8,5,723.3934,-87.0940,0.6760,17,0.4250,0.8750,8,8,7,0,0,8,7,0.1250
4,152.0000,8,6,366.0593,-84.0573,0.2448,29,0.7250,0.5000,6,4,0,0,0,4,0,1.0000
4,152.0000,8,7,580.6695,-86.9719,0.4901,24,0.6000,0.8750,8,6,4,0,0,6,4,0.3333
4,152.0000,8,9,387.6762,-83.0541,0.0144,34,0.8500,0.0000,6,5,1,0,0,5,1,0.8000
4,152.0000,8,10,192.3299,-79.1045,1.0741,34,0.8500,0.0000,4,4,0,0,0,4,0,1.0000
4,152.0000,8,14,971.4863,-88.9873,-0.4448,5,0.1250,1.0000,8,8,8,0,0,8,8,0.0000
4,152.0000,8,15,826.5135,-87.8197,0.0858,7,0.1750,1.0000,8,6,3,0,0,6,3,0.5000
4,152.0000,8,17,645.3586,-86.7446,-0.1730,26,0.6500,0.4000,5,8,7,0,0,8,7,0.1250
4,152.0000,8,18,846.6864,-88.5023,-0.1849,17,0.4250,0.8571,7,8,6,0,0,8,6,0.2500
4,152.0000,8,19,577.5353,-87.4695,0.3038,20,0.5000,0.0000,4,7,5,0,0,7,5,0.2857
4,152.0000,8,20,387.6542,-82.7527,0.4904,35,0.8750,0.5714,7,5,1,0,0,5,1,0.8000
4,152.0000,8,22,460.5663,-85.2804,1.0801,27,0.6750,0.0000,3,6,3,0,0,6,3,0.5000
4,152.0000,8,24,826.5880,-88.3627,-1.0773,8,0.2000,1.0000,8,8,8,0,0,8,8,0.0000
4,152.0000,8,25,999.9361,-88.7646,0.3803,4,0.1000,0.8571,7,8,8,0,0,8,8,0.0000
4,152.0000,9,0,391.1636,-82.5246,-0.5612,33,0.8250,0.0000,4,6,3,0,0,6,3,0.5000
4,152.0000,9,1,721.0781,-87.8593,0.4734,11,0.2750,0.8750,8,7,6,0,0,7,6,0.1429
4,152.0000,9,3,819.9093,-88.8750,-0.4024,13,0.3250,1.0000,8,8,7,0,0,8,7,0.1250
4,152.0000,9,5,462.9631,-86.0654,0.5882,27,0.6750,0.5000,8,5,2,0,0,5,2,0.6000
4,152.0000,9,6,438.7735,-83.6186,0.0472,32,0.8000,0.4000,5,5,1,0,0,5,1,0.8000
4,152.0000,9,7,565.4301,-86.3735,-0.1051,31,0.7750,0.6667,6,6,4,0,0,6,4,0.3333
4,152.0000,9,8,387.6762,-83.2135,-0.0533,32,0.8000,0.0000,4,6,3,0,0,6,3,0.5000
4,152.0000,9,10,424.6622,-84.5026,-0.4889,31,0.7750,0.4000,5,6,2,0,0,6,2,0.6667
4,152.0000,9,14,929.0978,-88.8690,-0.0892,5,0.1250,1.0000,8,8,8,0,0,8,8,0.0000
4,152.0000,9,17,780.3088,-87.8213,-0.6613,13,0.3250,0.5714,7,8,8,0,0,8,8,0.0000
4,152.0000,9,18,872.0211,-88.8061,0.1222,9,0.2250,1.0000,7,10,10,0,0,10,10,0.0000
4,152.0000,9,19,760.0338,-87.6826,-0.1156,10,0.2500,1.0000,12,7,6,0,0,7,6,0.1429
4,152.0000,9,20,18.4748,-65.7613,4.9498,37,0.9250,0.0000,4,4,0,0,0,4,0,1.0000
4,152.0000,9,22,638.5078,-86.7046,0.2012,24,0.6000,0.5000,6,7,5,0,0,7,5,0.2857
4,152.0000,9,24,1004.4544,-89.0561,-0.1382,5,0.1250,1.0000,6,4,4,0,0,4,4,0.0000
4,152.0000,9,25,941.8352,-88.9043,-0.0439,8,0.2000,1.0000,8,6,6,0,0,6,6,0.0000
4,152.0000,10,0,526.4939,-86.2250,0.4195,28,0.7000,0.2000,5,6,3,0,0,6,3,0.5000
4,152.0000,10,1,756.4850,-87.9789,-0.0346,18,0.4500,1.0000,8,8,7,0,0,8,7,0.1250
4,152.0000,10,3,500.0927,-85.7623,0.4401,30,0.7500,0.8171,82,5,1,74,55,79,56,0.2911
4,152.0000,10,5,813.0364,-88.3181,0.4361,9,0.2250,1.0000,8,8,7,0,0,8,7,0.1250
4,152.0000,10,6,352.7515,-83.5515,0.6886,36,0.9000,0.6667,6,4,0,0,0,4,0,1.0000
4,152.0000,10,7,421.1824,-84.0077,0.2938,40,1.0000,0.2000,5,4,0,0,0,4,0,1.0000
4,152.0000,10,8,192.3299,-78.7375,1.0926,40,1.0000,0.3390,59,5,1,43,3,48,4,0.9167
4,152.0000,10,9,424.6622,-84.7002,-0.2433,33,0.8250,0.2000,5,5,2,0,0,5,2,0.6000
4,152.0000,10,15,937.5830,-89.2120,-0.0149,5,0.1250,1.0000,6,8,8,0,0,8,8,0.0000
4,152.0000,10,17,468.7660,-83.9405,-0.9432,39,0.9750,0.3333,6,6,4,0,0,6,4,0.3333
4,152.0000,10,18,697.0592,-87.3915,-0.9522,21,0.5250,0.5000,6,8,8,0,0,8,8,0.0000
4,152.0000,10,19,727.7268,-88.3466,0.2169,14,0.3500,0.8571,7,8,6,0,0,8,6,0.2500
4,152.0000,10,20,431.8122,-84.1838,0.3106,36,0.9000,0.0000,4,5,2,0,0,5,2,0.6000
4,152.0000,10,22,500.4485,-85.8276,0.3863,27,0.6750,0.7143,7,5,2,0,0,5,2,0.6000
4,152.0000,10,24,935.1012,-88.6824,-0.2889,4,0.1000,1.0000,8,6,6,0,0,6,6,0.0000
4,152.0000,11,2,469.6078,-85.6511,0.6887,29,0.7250,0.6000,40,5,1,34,21,39,22,0.4359
4,152.0000,11,12,393.1536,-83.6749,0.7554,35,0.8750,0.2000,5,5,2,1,0,6,2,0.6667
4,152.0000,11,13,622.2088,-86.9504,0.6076,22,0.5500,0.5000,6,8,4,33,31,41,35,0.1463
4,152.0000,11,15,974.7699,-89.7321,0.0741,5,0.1250,1.0000,8,8,8,0,0,8,8,0.0000
4,152.0000,11,23,369.9899,-82.4562,-0.4593,39,0.9750,0.2222,27,6,2,3,0,9,2,0.7778
4,152.0000,11,25,854.5052,-88.2850,0.2180,5,0.1250,0.8750,8,8,8,0,0,8,8,0.0000
4,152.0000,12,2,151.6388,-74.4022,-0.1425,37,0.9250,0.0000,4,4,0,0,0,4,0,1.0000
4,152.0000,12,11,393.1536,-83.5114,-0.5271,36,0.9000,0.2000,5,5,1,0,0,5,1,0.8000
4,152.0000,12,13,248.2519,-78.5722,-0.5090,37,0.9250,0.2000,5,4,0,0,0,4,0,1.0000
4,152.0000,12,14,643.8615,-87.2786,0.3045,18,0.4500,0.4000,5,7,3,0,0,7,3,0.5714
4,152.0000,12,15,619.4189,-86.7118,-0.7008,19,0.4750,0.6667,6,7,6,0,0,7,6,0.1429
4,152.0000,12,16,981.5402,-88.9334,-0.0070,6,0.1500,1.0000,8,8,8,0,0,8,8,0.0000
4,152.0000,12,19,837.0221,-87.8133,0.4909,10,0.2500,0.8571,7,5,4,0,0,5,4,0.2000
4,152.0000,12,22,1033.3841,-89.2363,0.1481,6,0.1500,1.0000,6,4,4,0,0,4,4,0.0000
4,152.0000,12,23,573.2254,-86.3948,-0.8063,31,0.7750,0.4000,5,6,4,0,0,6,4,0.3333
4,152.0000,12,24,685.0917,-88.1621,-0.1403,13,0.3250,0.5714,7,7,5,0,0,7,5,0.2857
4,152.0000,12,25,509.2555,-87.0205,0.2927,21,0.5250,0.8750,8,6,2,2,2,8,4,0.5000
4,152.0000,13,0,790.7150,-87.6193,0.2552,6,0.1500,0.8571,7,8,8,0,0,8,8,0.0000
4,152.0000,13,2,183.5909,-74.8941,-0.8190,40,1.0000,0.0000,4,4,0,0,0,4,0,1.0000
4,152.0000,13,6,996.2015,-88.6488,0.0421,8,0.2000,1.0000,6,8,8,0,0,8,8,0.0000
4,152.0000,13,11,622.2088,-87.2287,-0.1246,29,0.7250,0.5000,6,7,4,0,0,7,4,0.4286
4,152.0000,13,12,248.2519,-78.5157,-0.2685,40,1.0000,0.0000,4,4,0,0,0,4,0,1.0000
4,152.0000,13,14,411.0789,-85.0984,0.7970,31,0.7750,0.4000,5,4,2,0,0,4,2,0.5000
4,152.0000,13,15,490.1917,-85.0466,-0.3544,38,0.9500,0.3333,6,6,3,0,0,6,3,0.5000
4,152.0000,13,16,930.3202,-89.4184,0.1581,7,0.1750,1.0000,8,8,7,0,0,8,7,0.1250
4,152.0000,13,19,636.5727,-87.1334,-0.4180,18,0.4500,0.8571,7,7,5,8,8,15,13,0.1333
4,152.0000,13,22,867.4049,-87.9604,-0.7786,5,0.1250,1.0000,8,8,8,0,0,8,8,0.0000
4,152.0000,13,23,724.0412,-87.1155,-0.5669,23,0.5750,0.7500,8,8,6,0,0,8,6,0.2500
4,152.0000,13,24,567.4572,-86.7056,0.3425,29,0.7250,0.3333,6,8,8,0,0,8,8,0.0000
4,152.0000,13,25,275.5546,-82.3617,1.3525,38,0.9500,0.3333,6,4,0,0,0,4,0,1.0000
4,152.0000,14,0,707.7942,-86.9828,-0.0057,18,0.4500,0.7500,8,7,6,0,0,7,6,0.1429
4,152.0000,14,2,540.5118,-86.8022,0.9627,18,0.4500,0.8571,7,6,3,0,0,6,3,0.5000
4,152.0000,14,4,805.0098,-87.7217,0.1091,20,0.5000,0.7143,7,8,8,0,0,8,8,0.0000
4,152.0000,14,5,949.4489,-88.7793,0.5965,4,0.1000,0.8750,8,8,8,0,0,8,8,0.0000
4,152.0000,14,6,954.4002,-88.1860,-0.2181,4,0.1000,1.0000,8,8,8,0,0,8,8,0.0000
4,152.0000,14,8,971.4863,-88.7217,-0.0624,6,0.1500,1.0000,8,6,5,0,0,6,5,0.1667
4,152.0000,14,9,929.0978,-88.1719,-0.0266,3,0.0750,1.0000,8,8,8,0,0,8,8,0.0000
4,152.0000,14,11,963.9960,-89.0490,0.4918,5,0.1250,1.0000,4,6,6,0,0,6,6,0.0000
4,152.0000,14,12,643.8615,-87.3151,-0.1269,13,0.3250,0.6250,8,5,2,0,0,5,2,0.6000
4,152.0000,14,13,411.0789,-85.6124,0.7441,35,0.8750,0.6250,8,6,2,0,0,6,2,0.6667
4,152.0000,14,15,655.2115,-87.7890,0.0271,22,0.5500,0.5000,6,5,2,0,0,5,2,0.6000
4,152.0000,14,16,816.8677,-88.4151,0.2075,14,0.3500,0.6667,6,6,3,0,0,6,3,0.5000
4,152.0000,14,19,585.7690,-87.1696,0.0352,21,0.5250,0.8750,8,7,3,0,0,7,3,0.5714
4,152.0000,14,22,889.2170,-89.0679,0.0686,7,0.1750,1.0000,8,8,8,0,0,8,8,0.0000
4,152.0000,14,23,976.1002,-88.7261,-0.2451,5,0.1250,0.8571,7,8,8,0,0,8,8,0.0000
4,152.0000,14,24,721.3398,-88.0809,0.4611,13,0.3250,1.0000,8,7,5,0,0,7,5,0.2857
4,152.0000,14,25,181.3001,-77.4278,0.1076,38,0.9500,0.0000,4,4,0,0,0,4,0,1.0000
4,152.0000,15,0,606.4327,-86.6291,0.2126,27,0.6750,0.8571,7,8,8,0,0,8,8,0.0000
4,152.0000,15,2,563.3079,-85.3592,-0.1477,32,0.8000,0.6667,6,7,6,0,0,7,6,0.1429
4,152.0000,15,6,695.0876,-87.7360,0.1924,20,0.5000,0.6667,6,8,7,0,0,8,7,0.1250
4,152.0000,15,7,1101.1970,-89.0319,1.8706,3,0.0750,1.0000,4,4,4,0,0,4,4,0.0000
4,152.0000,15,8,826.5135,-89.2136,0.0446,5,0.1250,1.0000,8,6,4,0,0,6,4,0.3333
4,152.0000,15,9,969.9032,-89.0257,-0.4889,4,0.1000,1.0000,6,8,8,0,0,8,8,0.0000
4,152.0000,15,11,974.7699,-87.8398,0.2526,7,0.1750,0.8750,8,8,8,0,0,8,8,0.0000
4,152.0000,15,12,619.4189,-86.4881,0.3097,29,0.7250,0.2857,7,6,3,0,0,6,3,0.5000
4,152.0000,15,13,490.1917,-85.2443,-0.7951,33,0.8250,0.7143,7,7,4,0,0,7,4,0.4286
4,152.0000,15,14,655.2115,-87.4479,0.1452,18,0.4500,0.7500,8,5,1,0,0,5,1,0.8000
4,152.0000,15,19,316.1398,-81.5391,0.6708,39,0.9750,0.3333,6,4,0,0,0,4,0,1.0000
4,152.0000,15,22,483.3012,-85.3523,-0.1311,30,0.7500,0.7143,7,7,5,0,0,7,5,0.2857
4,152.0000,15,23,1021.3955,-89.1479,0.0414,6,0.1500,1.0000,8,6,6,0,0,6,6,0.0000
4,152.0000,15,24,90.3583,-73.0456,1.9816,39,0.9750,0.0000,4,4,0,0,0,4,0,1.0000
4,152.0000,15,25,588.4550,-86.7498,0.1463,25,0.6250,0.7273,11,7,5,0,0,7,5,0.2857
4,152.0000,16,2,877.8131,-89.1130,0.0158,3,0.0750,1.0000,8,8,8,0,0,8,8,0.0000
4,152.0000,16,4,298.2586,-81.7181,0.8746,34,0.8500,0.0000,4,4,0,0,0,4,0,1.0000
4,152.0000,16,11,994.4412,-88.1948,0.3962,5,0.1250,1.0000,6,6,6,0,0,6,6,0.0000
4,152.0000,16,13,930.3202,-89.3808,-0.0236,5,0.1250,1.0000,8,8,7,0,0,8,7,0.1250
4,152.0000,16,14,816.8677,-88.3217,0.5802,7,0.1750,1.0000,8,7,6,0,0,7,6,0.1429
4,152.0000,16,23,796.7012,-87.5059,0.4084,11,0.2750,0.8571,7,8,7,0,0,8,7,0.1250
4,152.0000,17,0,961.9298,-88.3250,0.0351,4,0.1000,1.0000,8,8,8,0,0,8,8,0.0000
4,152.0000,17,1,761.4664,-87.6448,-0.2649,20,0.5000,0.5000,6,6,4,0,0,6,4,0.3333
4,152.0000,17,3,41.1766,-71.7054,3.7467,40,1.0000,0.0000,4,4,0,0,0,4,0,1.0000
4,152.0000,17,6,743.8720,-87.6224,0.0476,13,0.3250,0.8571,7,7,6,0,0,7,6,0.1429
4,152.0000,17,7,492.5314,-86.0934,-0.4196,29,0.7250,0.4000,5,5,2,0,0,5,2,0.6000
4,152.0000,17,8,645.3586,-86.8661,-0.1464,26,0.6500,0.6250,8,6,2,0,0,6,2,0.6667
4,152.0000,17,9,780.3088,-87.8551,-0.7263,15,0.3750,0.8571,7,8,8,0,0,8,8,0.0000
4,152.0000,17,10,468.7660,-84.4429,-0.6025,29,0.7250,0.0000,4,8,8,0,0,8,8,0.0000
4,152.0000,17,18,339.6493,-81.2625,-0.9293,39,0.9750,0.2000,5,4,0,0,0,4,0,1.0000
4,152.0000,17,20,790.3012,-87.5360,-0.0844,23,0.5750,0.8571,7,7,5,0,0,7,5,0.2857
4,152.0000,17,21,833.6709,-88.3103,0.0500,10,0.2500,1.0000,8,7,5,0,0,7,5,0.2857
4,152.0000,17,22,898.2639,-88.6398,-0.1866,5,0.1250,1.0000,8,8,8,0,0,8,8,0.0000
4,152.0000,18,1,605.4960,-86.5330,-0.0423,35,0.8750,0.0000,4,8,6,0,0,8,6,0.2500
4,152.0000,18,3,345.0949,-81.2690,-0.9155,38,0.9500,0.0000,4,6,3,0,0,6,3,0.5000
4,152.0000,18,5,1094.6495,-89.1607,-0.1905,4,0.1000,1.0000,8,4,4,0,0,4,4,0.0000
4,152.0000,18,6,982.3840,-88.7951,0.1836,7,0.1750,1.0000,8,8,8,0,0,8,8,0.0000
4,152.0000,18,7,696.1030,-87.7918,-0.1953,14,0.3500,1.0000,8,8,8,0,0,8,8,0.0000
4,152.0000,18,8,846.6864,-87.8761,-0.9192,13,0.3250,0.7500,8,8,8,16,16,24,24,0.0000
4,152.0000,18,9,872.0211,-88.1019,0.1737,9,0.2250,1.0000,8,8,8,0,0,8,8,0.0000
4,152.0000,18,10,697.0592,-87.0738,-0.5563,25,0.6250,0.5714,7,8,8,0,0,8,8,0.0000
4,152.0000,18,17,339.6493,-81.5732,-0.8951,39,0.9750,0.2000,5,4,0,0,0,4,0,1.0000
4,152.0000,18,20,879.6935,-88.1206,-0.8854,16,0.4000,0.7143,7,8,8,0,0,8,8,0.0000
4,152.0000,18,21,516.1890,-86.2605,0.6353,33,0.8250,0.5000,6,4,0,0,0,4,0,1.0000
4,152.0000,19,0,479.6732,-85.0444,0.8327,28,0.7000,0.6250,8,5,2,0,0,5,2,0.6000
4,152.0000,19,2,745.9885,-88.0601,0.1776,18,0.4500,0.8750,8,8,6,0,0,8,6,0.2500
4,152.0000,19,5,997.8139,-89.2764,0.1610,3,0.0750,,0,8,8,0,0,8,8,0.0000
4,152.0000,19,6,579.5179,-86.3863,0.2733,29,0.7250,0.7143,7,8,7,0,0,8,7,0.1250
4,152.0000,19,7,990.0655,-88.2641,0.4583,5,0.1250,1.0000,8,8,8,0,0,8,8,0.0000
4,152.0000,19,8,577.5353,-86.7857,-0.0117,18,0.4500,0.6250,8,6,2,0,0,6,2,0.6667
4,152.0000,19,9,760.0338,-87.9927,0.2137,14,0.3500,0.7143,7,8,7,0,0,8,7,0.1250
4,152.0000,19,10,727.7268,-88.7068,0.1397,12,0.3000,0.7500,8,8,7,0,0,8,7,0.1250
4,152.0000,19,12,837.0221,-88.4215,-0.0903,15,0.3750,0.8750,8,8,8,0,0,8,8,0.0000
4,152.0000,19,13,636.5727,-87.2539,-0.0484,29,0.7250,0.7143,7,6,4,0,0,6,4,0.3333
4,152.0000,19,14,585.7690,-87.1422,-0.4373,25,0.6250,0.5000,6,6,4,0,0,6,4,0.3333
4,152.0000,19,15,316.1398,-81.7866,-0.1165,38,0.9500,0.0000,4,4,0,0,0,4,0,1.0000
4,152.0000,19,20,756.1360,-88.3361,-0.0898,13,0.3250,0.8750,8,6,6,0,0,6,6,0.0000
4,152.0000,19,22,417.6708,-83.6149,-0.6525,35,0.8750,0.4000,5,6,4,0,0,6,4,0.3333
4,152.0000,19,24,320.5403,-79.5233,-0.4586,38,0.9500,0.0000,4,4,0,0,0,4,0,1.0000
4,152.0000,19,25,597.3298,-86.7572,-0.3314,27,0.6750,0.8571,7,6,4,0,0,6,4,0.3333
4,152.0000,20,0,395.0908,-84.5117,0.8879,32,0.7805,0.4000,5,6,3,0,0,6,3,0.5000
4,152.0000,20,1,715.6288,-87.7339,0.1301,16,0.3902,0.6667,6,7,5,0,0,7,5,0.2857
4,152.0000,20,3,829.7375,-88.4789,-0.4721,7,0.1707,0.7143,7,8,8,0,0,8,8,0.0000
4,152.0000,20,5,447.3098,-85.9720,-0.0229,32,0.7805,0.7143,7,5,2,0,0,5,2,0.6000
4,152.0000,20,6,449.8615,-84.7391,-0.1708,32,0.7805,0.2000,5,5,1,28,20,33,21,0.3636
4,152.0000,20,7,582.7165,-86.7445,0.3065,28,0.6829,0.5000,6,7,5,0,0,7,5,0.2857
4,152.0000,20,8,387.6542,-82.9430,0.2237,35,0.8537,0.5833,12,4,0,0,0,4,0,1.0000
4,152.0000,20,9,18.4748,-64.8546,4.7781,39,0.9512,0.0000,4,4,0,0,0,4,0,1.0000
4,152.0000,20,10,431.8122,-84.3751,0.2112,31,0.7561,0.5000,6,5,2,0,0,5,2,0.6000
4,152.0000,20,14,919.5480,-89.3848,-0.1665,7,0.1707,1.0000,6,6,6,0,0,6,6,0.0000
4,152.0000,20,15,969.8909,-88.2182,1.2107,5,0.1220,1.0000,2,8,8,0,0,8,8,0.0000
4,152.0000,20,17,790.3012,-87.9733,-0.2168,21,0.5122,0.5000,6,8,8,0,0,8,8,0.0000
4,152.0000,20,18,879.6935,-87.9086,-0.2775,14,0.3415,1.0000,8,8,8,0,0,8,8,0.0000
4,152.0000,20,19,756.1360,-88.6306,-0.2655,12,0.2927,0.8571,7,7,6,0,0,7,6,0.1429
4,152.0000,20,22,645.0496,-86.7065,-0.6286,20,0.4878,0.9111,45,7,6,0,0,7,6,0.1429
4,152.0000,20,24,1004.5405,-89.5027,-0.0661,5,0.1220,1.0000,42,6,5,50,50,56,55,0.0179
4,152.0000,21,1,547.5287,-85.1372,-0.8128,26,0.6341,0.8780,82,6,3,6,6,12,9,0.2500
4,152.0000,21,3,836.5477,-88.3502,-0.2524,13,0.3171,0.8571,7,8,8,0,0,8,8,0.0000
4,152.0000,21,10,1093.6219,-89.1300,-0.0781,3,0.0732,1.0000,8,8,8,0,0,8,8,0.0000
4,152.0000,21,17,833.6709,-88.7174,-0.1923,10,0.2439,0.5714,7,8,8,0,0,8,8,0.0000
4,152.0000,21,18,516.1890,-85.9246,0.1812,30,0.7317,0.3333,6,6,3,40,35,46,38,0.1739
4,152.0000,21,20,1155.2650,-88.9983,0.3825,4,0.0976,1.0000,2,2,2,0,0,2,2,0.0000
4,152.0000,22,0,350.5359,-81.5034,-0.9527,36,0.9231,0.2000,5,5,2,0,0,5,2,0.6000
4,152.0000,22,2,996.2112,-88.7502,0.0197,6,0.1538,1.0000,8,8,8,0,0,8,8,0.0000
4,152.0000,22,6,248.5497,-78.6485,-0.4574,36,0.9231,0.2000,5,4,0,0,0,4,0,1.0000
4,152.0000,22,7,629.6174,-86.6758,0.5618,20,0.5128,0.6667,6,7,6,0,0,7,6,0.1429
4,152.0000,22,8,460.5663,-86.3592,0.2651,23,0.5897,0.5714,7,4,0,0,0,4,0,1.0000
4,152.0000,22,9,638.5078,-86.1021,0.0524,29,0.7436,0.5000,6,6,4,0,0,6,4,0.3333
4,152.0000,22,10,500.4485,-86.1345,-0.4262,22,0.5641,0.7500,8,5,2,0,0,5,2,0.6000
4,152.0000,22,13,867.4049,-88.3104,-0.3343,11,0.2821,0.8750,8,7,6,0,0,7,6,0.1429
4,152.0000,22,14,889.2170,-89.2518,-0.1470,7,0.1795,1.0000,8,8,8,0,0,8,8,0.0000
4,152.0000,22,15,483.3012,-85.6784,0.5395,25,0.6410,0.6429,14,8,3,0,0,8,3,0.6250
4,152.0000,22,17,898.2639,-88.8294,-0.4727,8,0.2051,1.0000,8,8,6,0,0,8,6,0.2500
4,152.0000,22,19,417.6708,-83.8970,-1.2428,31,0.7949,0.0000,4,7,5,0,0,7,5,0.2857
4,152.0000,22,20,645.0496,-87.2823,0.6926,18,0.4615,0.6667,6,6,3,0,0,6,3,0.5000
4,152.0000,22,24,485.4945,-83.6778,-0.0529,33,0.8462,0.5000,6,6,3,0,0,6,3,0.5000
4,152.0000,22,25,842.6113,-87.8193,-1.4514,7,0.1795,1.0000,8,8,8,0,0,8,8,0.0000
4,152.0000,23,2,546.1978,-85.4140,0.0904,24,0.6000,0.5000,6,7,6,0,0,7,6,0.1429
4,152.0000,23,11,369.9899,-82.8544,-0.1250,39,0.9750,0.0000,4,4,0,0,0,4,0,1.0000
4,152.0000,23,12,573.2254,-86.0691,-0.2317,29,0.7250,0.8571,7,7,6,0,0,7,6,0.1429
4,152.0000,23,13,724.0412,-87.2969,0.2999,16,0.4000,1.0000,8,10,10,0,0,10,10,0.0000
4,152.0000,23,15,1021.3955,-87.9327,-1.7053,4,0.1000,1.0000,44,8,8,6,6,14,14,0.0000
4,152.0000,23,16,796.7012,-87.9308,-0.0907,8,0.2000,0.8571,7,8,8,0,0,8,8,0.0000
4,152.0000,23,25,928.7321,-88.1801,0.2966,5,0.1250,1.0000,8,8,8,0,0,8,8,0.0000
4,152.0000,24,0,652.6386,-87.0126,-0.2440,20,0.5000,0.8571,7,7,6,0,0,7,6,0.1429
4,152.0000,24,2,624.5878,-87.6668,0.1976,19,0.4750,0.4000,5,7,4,0,0,7,4,0.4286
4,152.0000,24,6,713.4311,-87.1335,-0.4117,18,0.4500,0.8750,8,8,8,0,0,8,8,0.0000
4,152.0000,24,8,826.5880,-88.4707,0.7091,6,0.1500,1.0000,8,7,5,0,0,7,5,0.2857
4,152.0000,24,12,685.0917,-87.1349,0.0586,12,0.3000,0.7500,8,7,6,0,0,7,6,0.1429
4,152.0000,24,13,567.4572,-86.4629,0.3056,24,0.6000,0.5000,6,5,2,0,0,5,2,0.6000
4,152.0000,24,14,721.3398,-88.3818,-0.2719,14,0.3500,1.0000,8,8,8,0,0,8,8,0.0000
4,152.0000,24,15,90.3583,-73.1904,1.9858,35,0.8750,0.2000,5,4,0,0,0,4,0,1.0000
4,152.0000,24,19,320.5403,-79.9413,-1.6530,34,0.8500,0.0000,4,5,2,0,0,5,2,0.6000
4,152.0000,24,20,1004.5405,-89.0660,0.8399,5,0.1250,1.0000,8,8,8,0,0,8,8,0.0000
4,152.0000,24,22,485.4945,-83.7396,-0.3551,26,0.6500,0.6250,8,4,1,0,0,4,1,0.7500
4,152.0000,24,25,667.8296,-87.6765,-0.2449,20,0.5000,0.5000,6,5,2,0,0,5,2,0.6000
4,152.0000,25,0,668.0427,-86.9691,-0.1334,18,0.4500,0.8571,7,7,6,0,0,7,6,0.1429
4,152.0000,25,2,436.5212,-85.8497,0.7226,26,0.6500,0.6667,6,4,0,0,0,4,0,1.0000
4,152.0000,25,4,908.5647,-88.6176,0.2549,8,0.2000,0.8571,7,2,2,0,0,2,2,0.0000
4,152.0000,25,6,914.5207,-88.6913,-0.0399,7,0.1750,1.0000,8,8,8,0,0,8,8,0.0000
4,152.0000,25,8,999.9361,-88.2250,0.9649,3,0.0750,1.0000,8,8,8,0,0,8,8,0.0000
4,152.0000,25,9,941.8352,-89.3221,-0.1554,10,0.2500,1.0000,8,8,8,0,0,8,8,0.0000
4,152.0000,25,11,854.5052,-88.5513,-0.9577,5,0.1250,1.0000,8,7,6,0,0,7,6,0.1429
4,152.0000,25,12,509.2555,-86.4050,0.5514,24,0.6000,0.0000,4,6,3,0,0,6,3,0.5000
4,152.0000,25,13,275.5546,-82.9237,1.5314,32,0.8000,0.0000,4,4,0,0,0,4,0,1.0000
4,152.0000,25,14,181.3001,-76.8899,0.3812,40,1.0000,0.0000,4,4,0,0,0,4,0,1.0000
4,152.0000,25,15,588.4550,-86.6812,-0.1256,16,0.4000,0.2000,5,6,4,0,0,6,4,0.3333
4,152.0000,25,16,900.5141,-89.0590,0.0167,7,0.1750,1.0000,6,8,8,0,0,8,8,0.0000
4,152.0000,25,19,597.3298,-87.0781,-0.2803,19,0.4750,0.9231,26,6,4,2,2,8,6,0.2500
4,152.0000,25,20,935.4166,-88.9992,-0.1792,9,0.2250,1.0000,6,8,8,0,0,8,8,0.0000
4,152.0000,25,22,842.6113,-87.9742,0.3251,14,0.3500,0.8571,7,6,4,0,0,6,4,0.3333
4,152.0000,25,23,928.7321,-88.5323,-0.1262,8,0.2000,1.0000,8,8,8,0,0,8,8,0.0000
4,152.0000,25,24,667.8296,-86.8720,-0.2621,13,0.3250,0.8571,7,6,3,0,0,6,3,0.5000
4,156.0000,0,1,937.6827,-89.1258,0.4689,4,0.1000,1.0000,6,5,4,0,0,5,4,0.2000
4,156.0000,0,2,1029.8621,-88.5858,-0.1493,5,0.1250,1.0000,8,8,8,0,0,8,8,0.0000
4,156.0000,0,3,887.3335,-88.9615,-0.1133,6,0.1500,0.8750,8,8,6,0,0,8,6,0.2500
4,156.0000,0,5,538.7398,-87.6457,0.2248,22,0.5500,0.5714,7,4,0,0,0,4,0,1.0000
4,156.0000,0,6,330.1064,-82.2712,-0.6884,36,0.9000,0.0000,4,4,0,0,0,4,0,1.0000
4,156.0000,0,7,587.6059,-86.2001,0.0439,23,0.5750,0.0000,4,6,2,0,0,6,2,0.6667
4,156.0000,0,8,420.2610,-84.4514,0.7080,35,0.8750,0.4000,5,5,0,0,0,5,0,1.0000
4,156.0000,0,9,376.7348,-83.1584,0.1983,36,0.9000,0.5000,6,4,0,0,0,4,0,1.0000
4,156.0000,0,10,436.0264,-85.7564,0.4612,31,0.7750,0.2000,5,6,3,0,0,6,3,0.5000
4,156.0000,0,12,1014.4083,-88.6909,-0.1344,5,0.1250,1.0000,6,8,8,0,0,8,8,0.0000
4,156.0000,0,13,781.5186,-88.1538,0.3038,14,0.3500,0.7143,7,7,6,0,0,7,6,0.1429
4,156.0000,0,14,720.4337,-88.1438,0.1600,18,0.4500,0.8000,5,7,6,0,0,7,6,0.1429
4,156.0000,0,15,616.7228,-86.5893,0.4592,27,0.6750,0.6667,6,7,6,0,0,7,6,0.1429
4,156.0000,0,17,1019.4349,-88.9466,0.4950,4,0.1000,1.0000,10,4,4,0,0,4,4,0.0000
4,156.0000,0,19,492.9360,-85.0605,0.1572,29,0.7250,0.4000,5,5,2,0,0,5,2,0.6000
4,156.0000,0,20,278.2897,-82.3791,0.6011,33,0.8250,0.0000,4,5,1,0,0,5,1,0.8000
4,156.0000,0,22,457.1699,-84.0720,-0.5180,34,0.8500,0.4000,5,6,4,0,0,6,4,0.3333
4,156.0000,0,24,767.3257,-86.8158,-0.1417,22,0.5500,0.5000,6,8,8,0,0,8,8,0.0000
4,156.0000,0,25,768.0800,-87.6251,-0.6026,24,0.6000,0.8750,8,8,8,0,0,8,8,0.0000
4,156.0000,1,0,937.6827,-88.9378,-0.6619,5,0.1250,1.0000,8,8,8,0,0,8,8,0.0000
4,156.0000,1,3,857.9850,-88.4177,-0.8431,9,0.2250,0.8750,8,7,6,0,0,7,6,0.1429
4,156.0000,1,5,643.3602,-87.2029,-0.2707,16,0.4000,1.0000,8,7,6,0,0,7,6,0.1429
4,156.0000,1,6,966.9698,-89.3224,0.0411,3,0.0750,1.0000,8,8,8,0,0,8,8,0.0000
4,156.0000,1,7,911.7091,-87.8409,-0.7074,3,0.0750,1.0000,8,7,6,0,0,7,6,0.1429
4,156.0000,1,8,842.0042,-87.9509,-0.3522,11,0.2750,0.8750,8,5,4,0,0,5,4,0.2000
4,156.0000,1,9,600.4641,-86.5827,-0.4584,16,0.4000,0.7500,8,7,5,0,0,7,5,0.2857
4,156.0000,1,10,719.1547,-87.9397,-0.0964,11,0.2750,0.8571,7,8,8,0,0,8,8,0.0000
4,156.0000,1,17,866.6210,-88.1577,-0.0401,14,0.3500,0.8750,8,8,8,0,0,8,8,0.0000
4,156.0000,1,18,725.6905,-87.4706,-0.4036,16,0.4000,0.5000,6,6,4,0,0,6,4,0.3333
4,156.0000,1,20,687.7573,-87.5794,0.0762,12,0.3000,0.8750,8,6,4,0,0,6,4,0.3333
4,156.0000,1,21,653.4170,-86.9862,0.1031,28,0.7000,1.0000,8,7,5,0,0,7,5,0.2857
4,156.0000,2,0,1029.8621,-88.6749,-0.1153,3,0.0750,1.0000,8,8,8,0,0,8,8,0.0000
4,156.0000,2,4,907.2130,-88.6835,0.9129,3,0.0750,1.0000,6,7,6,0,0,7,6,0.1429
4,156.0000,2,11,487.9643,-85.3692,-0.0428,33,0.8250,0.2000,5,6,3,0,0,6,3,0.5000
4,156.0000,2,12,215.4386,-76.4791,-1.3226,39,0.9750,0.2000,5,4,0,0,0,4,0,1.0000
4,156.0000,2,13,256.9778,-77.8987,-0.7445,38,0.9500,0.0000,4,4,0,0,0,4,0,1.0000
4,156.0000,2,14,381.0113,-84.9163,0.1307,34,0.8500,0.4000,5,5,1,0,0,5,1,0.8000
4,156.0000,2,15,654.5378,-86.1948,-0.7012,24,0.6000,0.2000,5,7,6,0,0,7,6,0.1429
4,156.0000,2,16,758.8988,-88.4229,0.4826,9,0.2250,0.8571,7,8,6,0,0,8,6,0.2500
4,156.0000,2,19,794.2230,-88.1234,0.4216,13,0.3250,1.0000,36,7,6,0,0,7,6,0.1429
4,156.0000,2,22,1106.6639,-88.7550,-0.3493,4,0.1000,1.0000,8,6,6,0,0,6,6,0.0000
4,156.0000,2,23,602.8637,-86.4729,0.0746,33,0.8250,0.4000,5,8,8,0,0,8,8,0.0000
4,156.0000,2,24,594.7959,-86.6349,0.0282,23,0.5750,1.0000,8,7,5,0,0,7,5,0.2857
4,156.0000,2,25,308.3182,-83.5155,0.7610,35,0.8750,0.0000,4,4,0,0,0,4,0,1.0000
4,156.0000,3,0,887.3335,-88.6471,0.1858,9,0.2250,0.8750,8,8,8,0,0,8,8,0.0000
4,156.0000,3,1,857.9850,-88.0949,0.3008,10,0.2500,1.0000,8,8,8,0,0,8,8,0.0000
4,156.0000,3,6,620.2561,-87.6147,0.5412,19,0.4750,0.7500,8,8,6,0,0,8,6,0.2500
4,156.0000,3,7,458.9371,-85.1229,0.4085,32,0.8000,0.5000,6,4,0,0,0,4,0,1.0000
4,156.0000,3,8,577.7259,-86.9523,-0.1295,24,0.6000,0.8571,7,6,4,0,0,6,4,0.3333
4,156.0000,3,9,818.2304,-88.9465,-0.1995,10,0.2500,1.0000,8,8,8,0,0,8,8,0.0000
4,156.0000,3,10,502.6404,-84.8530,0.0913,27,0.6750,0.7143,7,5,2,0,0,5,2,0.6000
4,156.0000,3,17,171.0660,-67.3666,-5.0127,36,0.9000,0.0000,4,4,0,0,0,4,0,1.0000
4,156.0000,3,18,521.1692,-84.0902,-0.6464,33,0.8250,0.2000,5,7,4,0,0,7,4,0.4286
4,156.0000,3,20,850.5029,-88.4979,0.1814,14,0.3500,0.7143,7,8,8,0,0,8,8,0.0000
4,156.0000,3,21,915.0248,-88.6982,-0.0138,6,0.1500,0.8750,8,7,6,0,0,7,6,0.1429
4,156.0000,3,22,749.0929,-88.2736,0.4910,13,0.3250,1.0000,6,10,7,0,0,10,7,0.3000
4,156.0000,4,2,907.2130,-89.1087,0.3743,3,0.0750,1.0000,8,8,8,0,0,8,8,0.0000
4,156.0000,4,12,1098.1294,-89.4210,0.5102,4,0.1000,1.0000,6,8,8,0,0,8,8,0.0000
4,156.0000,4,13,990.7398,-88.6845,0.5055,5,0.1250,1.0000,6,6,6,0,0,6,6,0.0000
4,156.0000,4,14,900.2697,-87.7395,-0.8129,10,0.2500,0.8571,7,8,7,0,0,8,7,0.1250
4,156.0000,4,16,229.6928,-79.8506,0.8810,38,0.9500,0.0000,4,4,0,0,0,4,0,1.0000
4,156.0000,5,0,538.7398,-86.1333,1.3662,16,0.4000,0.8571,7,5,1,0,0,5,1,0.8000
4,156.0000,5,1,643.3602,-87.3164,0.2598,22,0.5500,0.4000,5,6,3,0,0,6,3,0.5000
4,156.0000,5,3,1092.4524,-89.6895,0.1585,3,0.0750,1.0000,4,6,6,0,0,6,6,0.0000
4,156.0000,5,6,777.6361,-87.9277,0.6400,7,0.1750,0.8571,7,7,6,0,0,7,6,0.1429
4,156.0000,5,7,877.5068,-87.5721,-0.5430,4,0.1000,1.0000,8,8,8,0,0,8,8,0.0000
4,156.0000,5,8,750.0492,-87.8343,0.1179,11,0.2750,0.8571,7,7,6,0,0,7,6,0.1429
4,156.0000,5,9,297.6661,-82.0605,1.0964,31,0.7750,0.5000,6,4,0,0,0,4,0,1.0000
4,156.0000,5,10,683.9540,-87.5926,0.2229,15,0.3750,0.5714,7,8,7,0,0,8,7,0.1250
4,156.0000,5,14,938.1051,-88.8764,0.2308,3,0.0750,1.0000,8,8,8,0,0,8,8,0.0000
4,156.0000,5,19,825.5032,-88.7786,-0.2706,4,0.1000,1.0000,8,8,8,0,0,8,8,0.0000
4,156.0000,5,20,308.8127,-82.9593,0.5400,31,0.7750,0.2000,5,5,0,0,0,5,0,1.0000
4,156.0000,5,22,958.5377,-88.0819,0.6767,4,0.1000,1.0000,8,8,8,0,0,8,8,0.0000
4,156.0000,6,0,330.1064,-80.8894,-0.2476,37,0.9250,0.0000,4,6,3,0,0,6,3,0.5000
4,156.0000,6,1,966.9698,-89.0917,0.0934,6,0.1500,1.0000,8,8,8,0,0,8,8,0.0000
4,156.0000,6,3,620.2561,-87.7012,0.4205,20,0.5000,0.7143,7,7,5,0,0,7,5,0.2857
4,156.0000,6,5,777.6361,-88.6134,-0.1940,17,0.4250,0.7778,9,7,5,0,0,7,5,0.2857
4,156.0000,6,7,341.1808,-82.9858,0.7039,33,0.8250,0.0000,4,5,1,0,0,5,1,0.8000
4,156.0000,6,8,285.9399,-82.1401,0.6946,36,0.9000,0.2000,5,5,1,0,0,5,1,0.8000
4,156.0000,6,9,517.4360,-85.7147,-0.4866,34,0.8500,0.2000,5,5,1,0,0,5,1,0.8000
4,156.0000,6,10,304.4981,-82.3014,0.0763,32,0.8000,0.4000,5,4,0,0,0,4,0,1.0000
4,156.0000,6,13,1005.8430,-89.1515,-0.3852,4,0.1000,1.0000,8,4,4,0,0,4,4,0.0000
4,156.0000,6,14,980.7248,-89.1790,-0.5032,7,0.1750,1.0000,8,10,9,0,0,10,9,0.1000
4,156.0000,6,15,683.1058,-87.0878,0.2045,23,0.5750,0.8571,7,7,4,0,0,7,4,0.4286
4,156.0000,6,17,763.8106,-88.3868,-0.0952,21,0.5250,0.9432,88,8,7,80,74,88,81,0.0795
4,156.0000,6,18,1005.0146,-89.2140,-0.0108,5,0.1250,1.0000,8,8,8,0,0,8,8,0.0000
4,156.0000,6,19,619.9919,-86.5329,-0.4706,31,0.7750,0.7143,7,8,6,0,0,8,6,0.2500
4,156.0000,6,20,470.1043,-84.6037,0.2630,33,0.8250,0.5000,6,7,2,0,0,7,2,0.7143
4,156.0000,6,22,268.5520,-79.7348,-0.2950,39,0.9750,0.0000,5,4,0,0,0,4,0,1.0000
4,156.0000,6,24,834.0588,-87.5360,-0.2509,19,0.4750,1.0000,8,8,8,0,0,8,8,0.0000
4,156.0000,6,25,1017.2929,-88.6839,-0.4991,8,0.2000,1.0000,28,6,6,23,22,29,28,0.0345
4,156.0000,7,0,587.6059,-87.5549,0.1601,22,0.5500,0.7143,7,6,3,0,0,6,3,0.5000
4,156.0000,7,1,911.7091,-89.1368,-0.4720,3,0.0750,1.0000,8,8,8,0,0,8,8,0.0000
4,156.0000,7,3,458.9371,-85.2534,0.4632,34,0.8500,0.7143,7,6,3,0,0,6,3,0.5000
4,156.0000,7,5,877.5068,-89.0929,-0.0966,5,0.1250,0.8750,8,7,6,0,0,7,6,0.1429
4,156.0000,7,6,341.1808,-83.2744,0.0885,28,0.7000,0.0000,4,4,0,0,0,4,0,1.0000
4,156.0000,7,8,514.5470,-85.4324,0.4644,24,0.6000,0.5714,7,6,2,0,0,6,2,0.6667
4,156.0000,7,9,581.0944,-86.5176,0.2284,25,0.6250,0.3333,6,7,4,0,0,7,4,0.4286
4,156.0000,7,10,439.7235,-84.6585,0.0053,29,0.7250,0.2000,5,7,5,0,0,7,5,0.2857
4,156.0000,7,17,544.8683,-85.4787,-0.1356,32,0.8000,0.5000,6,7,4,0,0,7,4,0.4286
4,156.0000,7,18,750.9840,-87.5777,-0.3704,17,0.4250,0.6667,6,7,6,0,0,7,6,0.1429
4,156.0000,7,20,595.1694,-87.1126,0.3321,18,0.4500,0.5000,6,6,4,0,0,6,4,0.3333
4,156.0000,7,22,570.2351,-86.5868,0.1692,21,0.5250,0.8571,7,7,4,0,0,7,4,0.4286
4,156.0000,8,0,420.2610,-84.4554,0.4940,32,0.8000,0.6667,6,4,0,0,0,4,0,1.0000
4,156.0000,8,1,842.0042,-87.6918,-0.4853,11,0.2750,1.0000,8,8,8,0,0,8,8,0.0000
4,156.0000,8,3,577.7259,-87.0924,-0.3153,20,0.5000,0.5000,6,6,3,0,0,6,3,0.5000
4,156.0000,8,5,750.0492,-87.6579,-0.2291,23,0.5750,0.8750,8,7,6,0,0,7,6,0.1429
4,156.0000,8,6,285.9399,-81.8596,0.7746,36,0.9000,0.0000,4,4,0,0,0,4,0,1.0000
4,156.0000,8,7,514.5470,-86.1189,0.4530,27,0.6750,0.6667,6,4,0,0,0,4,0,1.0000
4,156.0000,8,9,527.7667,-84.7606,-0.6267,32,0.8000,0.2000,5,6,4,0,0,6,4,0.3333
4,156.0000,8,10,144.5684,-74.6715,0.2370,37,0.9250,0.0000,4,4,0,0,0,4,0,1.0000
4,156.0000,8,14,981.6572,-88.6855,-0.0431,3,0.0750,1.0000,8,8,8,0,0,8,8,0.0000
4,156.0000,8,15,679.4657,-87.3573,0.2101,18,0.4500,0.5000,6,7,5,0,0,7,5,0.2857
4,156.0000,8,17,735.6218,-87.7627,0.0668,23,0.5750,0.8750,8,8,6,0,0,8,6,0.2500
4,156.0000,8,18,973.1899,-88.8998,-0.2490,11,0.2750,0.7500,8,4,4,0,0,4,4,0.0000
4,156.0000,8,19,509.5157,-86.9587,-0.3873,21,0.5250,0.7143,7,7,5,0,0,7,5,0.2857
4,156.0000,8,20,487.0103,-83.5507,-0.3897,29,0.7250,0.2000,5,4,0,0,0,4,0,1.0000
4,156.0000,8,22,345.9587,-83.8969,0.0437,30,0.7500,0.5000,6,5,0,0,0,5,0,1.0000
4,156.0000,8,24,811.8406,-87.8772,0.0010,9,0.2250,1.0000,8,8,8,0,0,8,8,0.0000
4,156.0000,8,25,1055.9763,-88.7262,-0.2876,4,0.1000,1.0000,8,2,2,0,0,2,2,0.0000
4,156.0000,9,0,376.7348,-83.6053,0.2722,33,0.8250,0.5000,6,4,0,0,0,4,0,1.0000
4,156.0000,9,1,600.4641,-87.1144,0.0782,24,0.6000,0.8571,7,6,4,0,0,6,4,0.3333
4,156.0000,9,3,818.2304,-88.0158,-0.0490,16,0.4000,0.8750,8,7,5,0,0,7,5,0.2857
4,156.0000,9,5,297.6661,-82.4423,0.9955,37,0.9250,0.4000,5,3,0,0,0,3,0,1.0000
4,156.0000,9,6,517.4360,-84.7624,-0.3778,30,0.7500,0.2000,5,7,4,0,0,7,4,0.4286
4,156.0000,9,7,581.0944,-86.4575,0.1206,30,0.7500,0.6667,6,7,6,0,0,7,6,0.1429
4,156.0000,9,8,527.7667,-84.8494,-0.9321,28,0.7000,0.5000,6,7,3,0,0,7,3,0.5714
4,156.0000,9,10,437.5256,-84.6620,-0.4890,32,0.8000,0.3333,6,6,3,0,0,6,3,0.5000
4,156.0000,9,14,994.0963,-88.7460,-0.0511,9,0.2250,1.0000,8,6,6,0,0,6,6,0.0000
4,156.0000,9,15,967.2265,-88.6011,0.0420,5,0.1250,1.0000,8,6,6,0,0,6,6,0.0000
4,156.0000,9,17,904.4146,-88.1925,-0.4397,12,0.3000,1.0000,8,8,8,0,0,8,8,0.0000
4,156.0000,9,18,950.6152,-88.5218,-0.1524,6,0.1500,1.0000,10,6,6,0,0,6,6,0.0000
4,156.0000,9,19,760.2817,-88.3334,-0.2202,9,0.2250,0.8571,7,8,7,0,0,8,7,0.1250
4,156.0000,9,20,107.6440,-62.5471,-4.2466,35,0.8750,0.0000,4,4,0,0,0,4,0,1.0000
4,156.0000,9,21,1107.9781,-88.8850,-0.2687,3,0.0750,1.0000,4,6,6,0,0,6,6,0.0000
4,156.0000,9,22,737.9376,-87.3728,-0.4302,18,0.4500,0.7143,7,10,10,0,0,10,10,0.0000
4,156.0000,9,24,1111.7518,-89.5957,-0.2257,4,0.1000,1.0000,4,2,2,0,0,2,2,0.0000
4,156.0000,9,25,1064.4199,-88.7091,-2.0909,3,0.0750,1.0000,6,4,4,0,0,4,4,0.0000
4,156.0000,10,0,436.0264,-85.6849,-0.0528,28,0.7000,0.5000,6,4,0,0,0,4,0,1.0000
4,156.0000,10,1,719.1547,-87.0711,0.4675,17,0.4250,0.8750,8,7,6,0,0,7,6,0.1429
4,156.0000,10,3,502.6404,-85.6595,-0.4659,31,0.7750,0.7089,79,7,4,77,61,84,65,0.2262
4,156.0000,10,5,683.9540,-88.4528,-0.1891,16,0.4000,0.8750,8,7,6,0,0,7,6,0.1429
4,156.0000,10,6,304.4981,-82.0460,0.1660,34,0.8500,0.0000,4,4,0,0,0,4,0,1.0000
4,156.0000,10,7,439.7235,-84.6156,-0.5168,38,0.9500,0.0000,4,5,1,0,0,5,1,0.8000
4,156.0000,10,8,144.5684,-75.0313,1.1291,38,0.9500,0.0833,48,4,0,46,6,50,6,0.8800
4,156.0000,10,9,437.5256,-84.2020,-0.2439,35,0.8750,0.4000,5,4,0,0,0,4,0,1.0000
4,156.0000,10,15,807.5311,-88.6177,0.5318,11,0.2750,1.0000,8,8,7,0,0,8,7,0.1250
4,156.0000,10,17,644.8699,-86.3031,-0.4581,31,0.7750,0.6667,6,7,6,0,0,7,6,0.1429
4,156.0000,10,18,846.9680,-87.6081,-0.1928,18,0.4500,1.0000,8,8,7,0,0,8,7,0.1250
4,156.0000,10,19,622.9604,-87.0209,-0.1139,18,0.4500,0.7500,8,8,7,0,0,8,7,0.1250
4,156.0000,10,20,423.8135,-84.2167,-0.5302,31,0.7750,0.4000,5,3,0,0,0,3,0,1.0000
4,156.0000,10,22,454.3210,-85.4390,-0.2729,31,0.7750,0.4000,5,4,0,0,0,4,0,1.0000
4,156.0000,10,24,944.8263,-89.0614,-0.8785,5,0.1250,1.0000,6,8,8,0,0,8,8,0.0000
4,156.0000,11,2,487.9643,-85.4770,0.1316,27,0.6750,0.5641,39,5,2,0,0,5,2,0.6000
4,156.0000,11,12,406.3216,-84.4323,-0.3583,28,0.7000,0.3333,6,7,3,0,0,7,3,0.5714
4,156.0000,11,13,684.3100,-86.6271,-0.4165,21,0.5250,0.8537,41,7,6,6,6,13,12,0.0769
4,156.0000,11,14,853.1337,-88.3082,0.0072,5,0.1250,0.8571,7,10,10,74,74,84,84,0.0000
4,156.0000,11,15,989.3453,-88.9271,0.0144,7,0.1750,1.0000,8,8,8,0,0,8,8,0.0000
4,156.0000,11,16,1051.3285,-89.1922,2.3846,3,0.0750,0.8571,7,2,2,0,0,2,2,0.0000
4,156.0000,11,23,442.9759,-83.8813,-0.4554,36,0.9000,0.2222,9,5,1,0,0,5,1,0.8000
4,156.0000,11,24,905.6876,-88.9754,0.6396,4,0.1000,1.0000,6,8,8,0,0,8,8,0.0000
4,156.0000,11,25,740.1374,-88.9290,-0.0619,13,0.3250,1.0000,8,6,4,0,0,6,4,0.3333
4,156.0000,12,0,1014.4083,-89.3722,0.6116,3,0.0750,1.0000,6,8,8,0,0,8,8,0.0000
4,156.0000,12,2,215.4386,-75.8502,-0.7640,36,0.9000,0.0000,4,5,1,0,0,5,1,0.8000
4,156.0000,12,4,1098.1294,-89.4795,0.0069,3,0.0750,1.0000,6,8,8,0,0,8,8,0.0000
4,156.0000,12,11,406.3216,-84.4848,-0.0105,36,0.9000,0.2000,5,6,3,0,0,6,3,0.5000
4,156.0000,12,13,296.3136,-79.7498,-0.6054,36,0.9000,0.0000,4,5,1,0,0,5,1,0.8000
4,156.0000,12,14,486.4487,-86.1472,0.3816,27,0.6750,0.4286,7,5,1,0,0,5,1,0.8000
4,156.0000,12,15,628.7097,-87.1418,0.4684,23,0.5750,0.8571,7,8,7,0,0,8,7,0.1250
4,156.0000,12,16,963.8679,-89.0710,0.6887,3,0.0750,1.0000,8,8,8,0,0,8,8,0.0000
4,156.0000,12,19,838.9250,-88.2518,-0.0997,9,0.2250,0.8000,5,10,10,0,0,10,10,0.0000
4,156.0000,12,23,673.7970,-87.2918,-0.0849,23,0.5750,0.6667,6,8,6,0,0,8,6,0.2500
4,156.0000,12,24,581.2371,-86.5237,0.0357,26,0.6500,0.7143,7,6,3,0,0,6,3,0.5000
4,156.0000,12,25,368.8890,-84.7818,0.2985,34,0.8500,0.5000,8,6,3,0,0,6,3,0.5000
4,156.0000,13,0,781.5186,-88.0957,-0.0269,13,0.3250,1.0000,8,8,8,0,0,8,8,0.0000
4,156.0000,13,2,256.9778,-77.8809,-0.8758,39,0.9750,0.0000,4,4,0,0,0,4,0,1.0000
4,156.0000,13,4,990.7398,-88.7660,0.3534,6,0.1500,1.0000,6,6,6,0,0,6,6,0.0000
4,156.0000,13,11,684.3100,-87.2924,-0.2903,26,0.6500,0.5714,7,8,6,0,0,8,6,0.2500
4,156.0000,13,12,296.3136,-80.2916,-0.4345,39,0.9750,0.0000,4,3,0,0,0,3,0,1.0000
4,156.0000,13,14,198.9715,-81.1678,1.2011,36,0.9000,0.5000,4,4,0,0,0,4,0,1.0000
4,156.0000,13,15,512.5935,-85.1463,0.3379,31,0.7750,0.5000,6,4,0,0,0,4,0,1.0000
4,156.0000,13,16,871.6143,-88.9626,0.0132,10,0.2500,0.8750,8,8,7,0,0,8,7,0.1250
4,156.0000,13,19,620.5885,-87.5154,0.2309,22,0.5500,0.8667,15,7,4,0,0,7,4,0.4286
4,156.0000,13,20,992.1108,-88.4851,-0.9206,4,0.1000,,0,4,4,0,0,4,4,0.0000
4,156.0000,13,22,908.4447,-88.4054,0.1235,11,0.2750,1.0000,8,8,8,0,0,8,8,0.0000
4,156.0000,13,23,859.5463,-88.1544,0.1554,12,0.3000,0.7500,8,8,8,0,0,8,8,0.0000
4,156.0000,13,24,515.2005,-86.1003,0.3938,27,0.6750,1.0000,8,8,6,0,0,8,6,0.2500
4,156.0000,13,25,96.7223,-75.9693,2.6770,39,0.9750,0.0000,4,4,0,0,0,4,0,1.0000
4,156.0000,14,0,720.4337,-87.5654,-0.0620,13,0.3250,0.8571,7,8,7,0,0,8,7,0.1250
4,156.0000,14,2,381.0113,-84.0861,0.5234,34,0.8500,0.5000,6,4,0,0,0,4,0,1.0000
4,156.0000,14,4,900.2697,-88.4558,-0.2517,17,0.4250,1.0000,8,8,8,0,0,8,8,0.0000
4,156.0000,14,5,938.1051,-88.1755,-0.4862,3,0.0750,1.0000,8,6,6,0,0,6,6,0.0000
4,156.0000,14,6,980.7248,-89.3458,0.4708,7,0.1750,1.0000,8,8,8,0,0,8,8,0.0000
4,156.0000,14,8,981.6572,-88.6557,0.7517,7,0.1750,0.8333,6,4,4,0,0,4,4,0.0000
4,156.0000,14,9,994.0963,-88.8517,0.1089,3,0.0750,1.0000,8,6,6,0,0,6,6,0.0000
4,156.0000,14,11,853.1337,-88.9222,0.3024,9,0.2250,1.0000,6,8,6,0,0,8,6,0.2500
4,156.0000,14,12,486.4487,-85.8072,-0.0159,31,0.7750,0.4000,5,4,0,0,0,4,0,1.0000
4,156.0000,14,13,198.9715,-80.9067,2.1992,37,0.9250,0.3333,6,4,0,0,0,4,0,1.0000
4,156.0000,14,15,550.7152,-86.5430,0.0689,27,0.6750,0.4000,5,6,4,0,0,6,4,0.3333
4,156.0000,14,16,791.1167,-87.4623,0.4326,11,0.2750,0.5000,6,8,8,0,0,8,8,0.0000
4,156.0000,14,19,543.9925,-86.4437,-0.0351,23,0.5750,0.4286,7,6,4,8,7,14,11,0.2143
4,156.0000,14,20,890.6327,-88.0866,0.3066,4,0.1000,1.0000,8,8,8,0,0,8,8,0.0000
4,156.0000,14,22,912.9547,-88.5608,0.3923,6,0.1500,1.0000,8,8,8,0,0,8,8,0.0000
4,156.0000,14,23,960.4231,-88.2363,0.0012,3,0.0750,1.0000,8,8,8,0,0,8,8,0.0000
4,156.0000,14,24,571.5013,-87.0640,0.4727,26,0.6500,0.7143,7,5,1,0,0,5,1,0.8000
4,156.0000,14,25,152.2205,-75.2951,0.4647,38,0.9500,0.0000,4,4,0,0,0,4,0,1.0000
4,156.0000,15,0,616.7228,-86.7005,0.1202,19,0.4750,1.0000,8,7,5,0,0,7,5,0.2857
4,156.0000,15,2,654.5378,-87.1474,0.0770,28,0.7000,0.8571,7,8,8,0,0,8,8,0.0000
4,156.0000,15,6,683.1058,-88.0577,-0.5956,8,0.2000,0.8750,8,7,6,0,0,7,6,0.1429
4,156.0000,15,8,679.4657,-86.9375,0.4478,15,0.3750,0.6667,6,6,3,0,0,6,3,0.5000
4,156.0000,15,9,967.2265,-87.7970,0.0460,3,0.0750,1.0000,8,8,8,0,0,8,8,0.0000
4,156.0000,15,10,807.5311,-88.1641,-0.1425,7,0.1750,1.0000,8,8,7,0,0,8,7,0.1250
4,156.0000,15,11,989.3453,-89.3785,0.0264,6,0.1500,1.0000,8,8,8,0,0,8,8,0.0000
4,156.0000,15,12,628.7097,-86.2963,0.0330,20,0.5000,0.5000,6,7,5,0,0,7,5,0.2857
4,156.0000,15,13,512.5935,-85.4374,0.2013,33,0.8250,0.5714,7,6,2,0,0,6,2,0.6667
4,156.0000,15,14,550.7152,-86.1641,0.1791,27,0.6750,0.2000,5,6,3,0,0,6,3,0.5000
4,156.0000,15,19,327.6098,-81.9707,-0.4634,33,0.8250,0.0000,4,7,5,0,0,7,5,0.2857
4,156.0000,15,20,866.6862,-89.0676,-0.2524,6,0.1500,1.0000,8,8,8,0,0,8,8,0.0000
4,156.0000,15,22,487.1171,-84.9405,-0.1604,27,0.6750,0.7143,7,7,4,0,0,7,4,0.4286
4,156.0000,15,24,155.9398,-71.3647,-2.0299,37,0.9250,0.0000,4,5,1,0,0,5,1,0.8000
4,156.0000,15,25,576.2912,-86.2468,0.0323,25,0.6250,0.7143,7,7,5,2,2,9,7,0.2222
4,156.0000,16,2,758.8988,-88.2285,0.5284,6,0.1463,1.0000,8,8,5,0,0,8,5,0.3750
4,156.0000,16,4,229.6928,-79.3689,0.1433,41,1.0000,0.0000,4,4,0,0,0,4,0,1.0000
4,156.0000,16,11,1051.3285,-88.7317,-1.5521,3,0.0732,1.0000,6,4,4,0,0,4,4,0.0000
4,156.0000,16,12,963.8679,-87.7910,-0.3629,5,0.1220,0.8750,8,8,8,0,0,8,8,0.0000
4,156.0000,16,13,871.6143,-88.1973,0.2478,6,0.1463,0.8750,8,8,8,0,0,8,8,0.0000
4,156.0000,16,14,791.1167,-88.6120,0.4947,13,0.3171,0.8571,7,8,6,0,0,8,6,0.2500
4,156.0000,16,23,844.6913,-87.5014,-0.1223,11,0.2683,0.8750,8,8,7,0,0,8,7,0.1250
4,156.0000,16,25,834.7562,-88.9800,-0.1231,7,0.1707,0.7143,7,8,8,0,0,8,8,0.0000
4,156.0000,17,0,1019.4349,-88.6797,0.2194,6,0.1500,1.0000,8,8,8,0,0,8,8,0.0000
4,156.0000,17,1,866.6210,-87.8767,0.0309,13,0.3250,0.6667,6,9,9,0,0,9,9,0.0000
4,156.0000,17,3,171.0660,-67.0016,-4.6310,35,0.8750,0.0000,4,6,3,0,0,6,3,0.5000
4,156.0000,17,6,763.8106,-87.0475,0.1266,14,0.3500,0.8571,7,8,8,0,0,8,8,0.0000
4,156.0000,17,7,544.8683,-85.5588,0.2385,33,0.8250,0.4000,5,6,4,0,0,6,4,0.3333
4,156.0000,17,8,735.6218,-86.9486,-0.6260,14,0.3500,0.3333,6,7,5,0,0,7,5,0.2857
4,156.0000,17,9,904.4146,-88.1699,-0.6508,10,0.2500,1.0000,8,7,6,0,0,7,6,0.1429
4,156.0000,17,10,644.8699,-86.2272,-0.6181,25,0.6250,1.0000,8,8,7,0,0,8,7,0.1250
4,156.0000,17,18,382.8015,-83.1158,-0.9930,36,0.9000,0.0000,4,6,3,0,0,6,3,0.5000
4,156.0000,17,20,952.4443,-88.4637,0.2570,8,0.2000,0.7143,7,8,8,0,0,8,8,0.0000
4,156.0000,17,21,802.2338,-88.1926,0.1833,15,0.3750,0.7143,7,8,7,0,0,8,7,0.1250
4,156.0000,17,22,912.0136,-88.2457,0.5333,7,0.1750,1.0000,8,8,8,0,0,8,8,0.0000
4,156.0000,18,1,725.6905,-87.1033,-0.4457,20,0.5000,0.7500,8,8,7,0,0,8,7,0.1250
4,156.0000,18,3,521.1692,-84.7353,-1.2041,36,0.9000,0.5000,6,8,7,0,0,8,7,0.1250
4,156.0000,18,6,1005.0146,-88.9763,-0.5797,6,0.1500,1.0000,8,8,8,0,0,8,8,0.0000
4,156.0000,18,7,750.9840,-87.6407,-0.2841,13,0.3250,1.0000,8,8,7,0,0,8,7,0.1250
4,156.0000,18,8,973.1899,-88.6286,-0.1532,5,0.1250,1.0000,24,6,6,0,0,6,6,0.0000
4,156.0000,18,9,950.6152,-88.4916,0.4410,5,0.1250,1.0000,8,8,8,0,0,8,8,0.0000
4,156.0000,18,10,846.9680,-88.3127,0.1018,14,0.3500,1.0000,8,8,8,0,0,8,8,0.0000
4,156.0000,18,17,382.8015,-82.5896,-0.2746,36,0.9000,0.0000,4,7,5,0,0,7,5,0.2857
4,156.0000,18,20,1032.0625,-88.1883,-0.4923,5,0.1250,1.0000,8,8,8,0,0,8,8,0.0000
4,156.0000,18,21,444.1595,-85.9651,0.3202,35,0.8750,0.0000,4,5,1,0,0,5,1,0.8000
4,156.0000,19,0,492.9360,-85.4906,0.4079,30,0.7500,0.4000,5,4,0,0,0,4,0,1.0000
4,156.0000,19,2,794.2230,-88.2109,-0.1031,17,0.4250,0.7500,8,7,6,0,0,7,6,0.1429
4,156.0000,19,5,825.5032,-88.6476,0.2506,7,0.1750,1.0000,8,7,6,0,0,7,6,0.1429
4,156.0000,19,6,619.9919,-86.8244,0.2537,26,0.6500,0.8750,8,5,1,0,0,5,1,0.8000
4,156.0000,19,7,949.3820,-89.5901,-0.0349,6,0.1500,1.0000,8,8,8,0,0,8,8,0.0000
4,156.0000,19,8,509.5157,-86.4695,0.8951,29,0.7250,0.3333,6,7,5,0,0,7,5,0.2857
4,156.0000,19,9,760.2817,-87.6797,-0.0915,10,0.2500,0.8750,8,7,5,0,0,7,5,0.2857
4,156.0000,19,10,622.9604,-87.7466,-0.3626,20,0.5000,0.8750,8,7,4,0,0,7,4,0.4286
4,156.0000,19,12,838.9250,-88.0586,0.0088,17,0.4250,1.0000,8,8,8,0,0,8,8,0.0000
4,156.0000,19,13,620.5885,-87.1916,-0.1877,23,0.5750,0.6667,6,6,4,0,0,6,4,0.3333
4,156.0000,19,14,543.9925,-86.7398,0.5068,25,0.6250,0.6667,6,7,4,0,0,7,4,0.4286
4,156.0000,19,15,327.6098,-81.4736,0.0861,36,0.9000,0.0000,4,4,0,0,0,4,0,1.0000
4,156.0000,19,20,666.3896,-88.0137,0.5588,17,0.4250,1.0000,6,7,6,0,0,7,6,0.1429
4,156.0000,19,22,511.1564,-84.6789,-0.3574,31,0.7750,0.6667,6,6,4,0,0,6,4,0.3333
4,156.0000,19,24,417.4680,-82.6739,-0.2149,36,0.9000,0.0000,4,5,2,0,0,5,2,0.6000
4,156.0000,19,25,641.7155,-86.8980,0.1503,25,0.6250,0.6667,6,7,6,0,0,7,6,0.1429
4,156.0000,20,0,278.2897,-82.3152,1.2528,34,0.8718,0.5000,6,4,0,0,0,4,0,1.0000
4,156.0000,20,1,687.7573,-87.1790,0.4656,17,0.4359,0.7143,7,8,7,0,0,8,7,0.1250
4,156.0000,20,3,850.5029,-88.1116,-0.1561,13,0.3333,1.0000,8,8,8,0,0,8,8,0.0000
4,156.0000,20,5,308.8127,-83.7109,0.7548,33,0.8462,0.4000,5,5,1,0,0,5,1,0.8000
4,156.0000,20,6,470.1043,-84.7722,-0.1140,32,0.8205,0.6364,33,5,2,39,28,44,30,0.3182
4,156.0000,20,7,595.1694,-86.9100,0.2195,23,0.5897,0.7143,7,7,4,0,0,7,4,0.4286
4,156.0000,20,8,487.0103,-84.3737,0.1394,28,0.7179,0.0000,4,7,4,0,0,7,4,0.4286
4,156.0000,20,9,107.6440,-63.7791,-4.1945,34,0.8718,0.0000,4,4,0,0,0,4,0,1.0000
4,156.0000,20,10,423.8135,-84.4644,0.1462,34,0.8718,0.4000,5,6,3,0,0,6,3,0.5000
4,156.0000,20,14,890.6327,-88.9697,-0.6503,3,0.0769,1.0000,6,8,8,0,0,8,8,0.0000
4,156.0000,20,15,866.6862,-89.0793,-0.2820,5,0.1282,1.0000,8,7,6,38,38,45,44,0.0222
4,156.0000,20,17,952.4443,-88.1549,-0.9031,6,0.1538,1.0000,8,8,8,0,0,8,8,0.0000
4,156.0000,20,18,1032.0625,-88.5639,-0.4787,7,0.1795,1.0000,8,8,8,0,0,8,8,0.0000
4,156.0000,20,19,666.3896,-87.6666,-0.0631,23,0.5897,0.8571,7,6,2,0,0,6,2,0.6667
4,156.0000,20,22,669.4444,-87.1108,0.1501,22,0.5641,0.8571,7,6,3,0,0,6,3,0.5000
4,156.0000,20,24,1010.6748,-88.0885,-0.5501,4,0.1026,0.9821,56,8,8,0,0,8,8,0.0000
4,156.0000,20,25,959.8021,-89.1946,0.1960,8,0.2051,1.0000,6,8,7,0,0,8,7,0.1250
4,156.0000,21,1,653.4170,-87.0431,-1.1152,22,0.5500,0.7500,12,8,8,0,0,8,8,0.0000
4,156.0000,21,3,915.0248,-89.1017,0.0122,4,0.1000,1.0000,8,7,6,0,0,7,6,0.1429
4,156.0000,21,17,802.2338,-88.2026,-0.0113,10,0.2500,1.0000,8,8,7,0,0,8,7,0.1250
4,156.0000,21,18,444.1595,-85.0960,0.1235,28,0.7000,0.8261,46,4,0,0,0,4,0,1.0000
4,156.0000,22,0,457.1699,-83.7544,-0.8074,33,0.8250,0.4000,5,5,2,0,0,5,2,0.6000
4,156.0000,22,2,1106.6639,-89.2684,-0.0127,4,0.1000,1.0000,8,2,2,0,0,2,2,0.0000
4,156.0000,22,3,749.0929,-88.6012,0.0857,13,0.3250,0.7143,7,7,5,0,0,7,5,0.2857
4,156.0000,22,5,958.5377,-88.4139,-1.3057,3,0.0750,1.0000,8,8,8,0,0,8,8,0.0000
4,156.0000,22,6,268.5520,-79.1183,-0.2222,37,0.9250,0.0000,4,4,0,0,0,4,0,1.0000
4,156.0000,22,7,570.2351,-86.6849,0.3135,25,0.6250,0.8571,7,5,2,0,0,5,2,0.6000
4,156.0000,22,8,345.9587,-83.3339,0.5873,33,0.8250,0.0000,4,4,0,0,0,4,0,1.0000
4,156.0000,22,9,737.9376,-87.9253,0.4218,20,0.5000,0.6667,6,5,4,0,0,5,4,0.2000
4,156.0000,22,10,454.3210,-85.3701,-0.2046,30,0.7500,0.4000,5,7,5,0,0,7,5,0.2857
4,156.0000,22,12,1050.9471,-89.6066,-0.1183,3,0.0750,1.0000,4,4,4,0,0,4,4,0.0000
4,156.0000,22,13,908.4447,-88.6679,-0.3833,5,0.1250,0.8571,7,8,7,0,0,8,7,0.1250
4,156.0000,22,14,912.9547,-87.8257,1.0034,3,0.0750,1.0000,8,8,8,0,0,8,8,0.0000
4,156.0000,22,15,487.1171,-84.8442,-0.2467,29,0.7250,0.3750,8,4,0,0,0,4,0,1.0000
4,156.0000,22,17,912.0136,-88.7542,-0.1641,5,0.1250,0.7500,8,8,8,0,0,8,8,0.0000
4,156.0000,22,19,511.1564,-84.7849,-0.8443,27,0.6750,0.7143,7,6,3,0,0,6,3,0.5000
4,156.0000,22,20,669.4444,-87.7189,-0.6169,17,0.4250,0.5000,6,6,4,0,0,6,4,0.3333
4,156.0000,22,24,623.2400,-85.4365,0.0311,23,0.5750,0.5000,6,5,1,0,0,5,1,0.8000
4,156.0000,22,25,943.8169,-88.6277,0.0860,6,0.1500,1.0000,8,7,6,0,0,7,6,0.1429
4,156.0000,23,2,602.8637,-86.0406,-0.8322,24,0.6000,0.8571,7,6,4,0,0,6,4,0.3333
4,156.0000,23,11,442.9759,-83.3344,0.4901,33,0.8250,0.0000,4,6,4,0,0,6,4,0.3333
4,156.0000,23,12,673.7970,-86.2077,-0.4842,18,0.4500,0.8571,7,7,6,0,0,7,6,0.1429
4,156.0000,23,13,859.5463,-88.2978,0.4546,9,0.2250,1.0000,10,8,8,0,0,8,8,0.0000
4,156.0000,23,14,960.4231,-88.0229,0.7044,5,0.1250,1.0000,8,6,6,0,0,6,6,0.0000
4,156.0000,23,16,844.6913,-88.0763,-0.4972,12,0.3000,1.0000,8,8,8,0,0,8,8,0.0000
4,156.0000,23,25,905.0494,-89.0123,-0.0183,6,0.1500,1.0000,8,8,8,0,0,8,8,0.0000
4,156.0000,24,0,767.3257,-87.6454,0.1535,17,0.4250,0.8571,7,8,8,0,0,8,8,0.0000
4,156.0000,24,2,594.7959,-87.0932,0.0451,28,0.7000,0.5714,7,5,2,0,0,5,2,0.6000
4,156.0000,24,6,834.0588,-87.0566,-0.3194,14,0.3500,1.0000,8,8,8,0,0,8,8,0.0000
4,156.0000,24,8,811.8406,-87.7734,-0.1446,9,0.2250,0.7143,7,6,4,0,0,6,4,0.3333
4,156.0000,24,11,905.6876,-89.3372,-0.5534,5,0.1250,1.0000,6,8,6,0,0,8,6,0.2500
4,156.0000,24,12,581.2371,-86.7850,0.2766,24,0.6000,0.8571,7,5,1,0,0,5,1,0.8000
4,156.0000,24,13,515.2005,-86.5145,0.4226,22,0.5500,0.4000,5,6,3,0,0,6,3,0.5000
4,156.0000,24,14,571.5013,-86.4464,0.6428,19,0.4750,1.0000,8,5,2,0,0,5,2,0.6000
4,156.0000,24,15,155.9398,-70.7425,-1.6989,39,0.9750,0.0000,4,4,0,0,0,4,0,1.0000
4,156.0000,24,19,417.4680,-82.5789,-0.6837,32,0.8000,0.4000,5,6,4,0,0,6,4,0.3333
4,156.0000,24,22,623.2400,-86.2877,0.0125,23,0.5750,0.2500,4,7,6,0,0,7,6,0.1429
4,156.0000,24,25,592.6778,-86.9669,0.0318,16,0.4000,0.4000,5,6,3,0,0,6,3,0.5000
4,156.0000,25,0,768.0800,-87.6699,-0.9024,20,0.5000,0.8571,7,8,8,0,0,8,8,0.0000
4,156.0000,25,2,308.3182,-82.5640,0.6797,38,0.9500,0.0000,4,4,0,0,0,4,0,1.0000
4,156.0000,25,4,936.3136,-89.1245,0.2126,4,0.1000,1.0000,2,8,8,0,0,8,8,0.0000
4,156.0000,25,6,1017.2929,-88.1865,-0.0303,3,0.0750,1.0000,8,8,8,0,0,8,8,0.0000
4,156.0000,25,8,1055.9763,-88.8530,0.1515,3,0.0750,1.0000,8,6,6,0,0,6,6,0.0000
4,156.0000,25,9,1064.4199,-88.0030,1.1457,3,0.0750,1.0000,8,6,6,0,0,6,6,0.0000
4,156.0000,25,11,740.1374,-87.8670,0.1976,13,0.3250,0.8571,7,8,7,0,0,8,7,0.1250
4,156.0000,25,12,368.8890,-84.2380,1.2103,34,0.8500,0.5000,6,5,1,0,0,5,1,0.8000
4,156.0000,25,13,96.7223,-76.5638,2.6794,38,0.9500,0.0000,4,3,0,0,0,3,0,1.0000
4,156.0000,25,14,152.2205,-74.5862,0.5687,39,0.9750,0.0000,4,4,0,0,0,4,0,1.0000
4,156.0000,25,15,576.2912,-87.2664,0.2365,24,0.6000,0.6667,6,6,4,0,0,6,4,0.3333
4,156.0000,25,16,834.7562,-88.3601,0.2310,11,0.2750,1.0000,8,8,7,0,0,8,7,0.1250
4,156.0000,25,19,641.7155,-86.3635,-0.4526,23,0.5750,0.7500,8,7,6,0,0,7,6,0.1429
4,156.0000,25,20,959.8021,-89.2668,0.4015,3,0.0750,1.0000,8,8,8,0,0,8,8,0.0000
4,156.0000,25,22,943.8169,-88.4851,-0.3501,10,0.2500,0.6667,6,9,9,0,0,9,9,0.0000
4,156.0000,25,23,905.0494,-89.0731,-0.0840,8,0.2000,1.0000,8,8,8,0,0,8,8,0.0000
4,156.0000,25,24,592.6778,-86.3852,0.2282,22,0.5500,0.5000,6,6,4,0,0,6,4,0.3333
4,160.0000,0,1,807.8059,-88.2671,0.2056,11,0.2750,0.8000,5,8,8,0,0,8,8,0.0000
4,160.0000,0,2,1070.7489,-89.8071,-0.2168,3,0.0750,1.0000,8,4,4,0,0,4,4,0.0000
4,160.0000,0,3,840.1841,-88.4829,-0.1952,13,0.3250,0.7500,8,8,8,0,0,8,8,0.0000
4,160.0000,0,5,329.9427,-84.1729,1.0277,33,0.8250,0.0000,4,4,0,0,0,4,0,1.0000
4,160.0000,0,6,423.5885,-82.5915,-0.3070,36,0.9000,0.0000,4,5,2,0,0,5,2,0.6000
4,160.0000,0,7,561.8199,-87.0633,0.4565,28,0.7000,0.3333,6,5,1,0,0,5,1,0.8000
4,160.0000,0,8,497.3034,-85.3838,-0.4222,37,0.9250,0.0000,5,5,2,0,0,5,2,0.6000
4,160.0000,0,9,380.4408,-83.6269,-0.6401,37,0.9250,0.0000,4,5,2,0,0,5,2,0.6000
4,160.0000,0,10,374.5071,-83.2102,0.1802,36,0.9000,0.5000,6,4,0,0,0,4,0,1.0000
4,160.0000,0,12,1034.0399,-89.2959,0.0283,3,0.0750,1.0000,8,4,4,0,0,4,4,0.0000
4,160.0000,0,13,788.0352,-88.3263,0.3116,16,0.4000,0.8571,7,8,8,0,0,8,8,0.0000
4,160.0000,0,14,801.6216,-87.8690,0.0660,16,0.4000,0.8571,7,8,8,0,0,8,8,0.0000
4,160.0000,0,15,623.1809,-87.0838,-0.0309,25,0.6250,0.8571,7,7,5,0,0,7,5,0.2857
4,160.0000,0,17,1088.3225,-89.7753,-0.0525,4,0.1000,1.0000,4,6,6,0,0,6,6,0.0000
4,160.0000,0,19,493.7092,-85.7330,-0.0605,30,0.7500,0.4000,5,5,2,0,0,5,2,0.6000
4,160.0000,0,20,174.4877,-78.6825,0.9358,40,1.0000,0.2000,5,5,1,0,0,5,1,0.8000
4,160.0000,0,22,573.5230,-86.2641,0.2743,35,0.8750,0.6667,6,6,2,0,0,6,2,0.6667
4,160.0000,0,24,885.0249,-88.2418,-0.4730,12,0.3000,1.0000,8,8,8,0,0,8,8,0.0000
4,160.0000,0,25,893.8111,-88.8089,0.1976,13,0.3250,1.0000,8,8,8,0,0,8,8,0.0000
4,160.0000,1,3,939.1647,-87.8956,-0.5573,7,0.1750,0.8571,7,8,8,0,0,8,8,0.0000
4,160.0000,1,5,649.9360,-87.0620,-0.0427,19,0.4750,0.8571,7,7,6,0,0,7,6,0.1429
4,160.0000,1,6,938.7571,-88.4953,-0.0850,6,0.1500,1.0000,8,8,8,0,0,8,8,0.0000
4,160.0000,1,7,858.3212,-87.9057,0.2459,7,0.1750,0.8571,7,9,8,0,0,9,8,0.1111
4,160.0000,1,8,942.2744,-88.6709,-0.0082,5,0.1250,0.8000,5,6,6,0,0,6,6,0.0000
4,160.0000,1,9,482.7648,-86.2017,0.0580,20,0.5000,0.7143,7,5,2,0,0,5,2,0.6000
4,160.0000,1,10,680.7197,-87.7839,0.4581,12,0.3000,1.0000,8,7,6,0,0,7,6,0.1429
4,160.0000,1,17,1001.8611,-88.6659,-0.2635,6,0.1500,1.0000,8,8,8,0,0,8,8,0.0000
4,160.0000,1,18,870.5120,-88.0000,-0.1382,8,0.2000,0.6667,6,8,8,0,0,8,8,0.0000
4,160.0000,1,20,666.0835,-87.2582,-0.7674,10,0.2500,0.6667,6,7,5,0,0,7,5,0.2857
4,160.0000,1,21,658.4336,-87.1094,-0.4216,19,0.4750,0.7143,7,8,6,0,0,8,6,0.2500
4,160.0000,2,0,1070.7489,-89.7992,-0.1020,3,0.0750,1.0000,8,6,6,0,0,6,6,0.0000
4,160.0000,2,4,831.7457,-88.4575,0.0718,12,0.3000,0.8571,7,8,8,0,0,8,8,0.0000
4,160.0000,2,11,523.4761,-85.7967,-0.0990,35,0.8750,0.5000,6,5,1,0,0,5,1,0.8000
4,160.0000,2,12,293.6361,-79.1612,-0.7414,40,1.0000,0.0000,4,4,0,0,0,4,0,1.0000
4,160.0000,2,13,291.6837,-79.8721,-0.4102,38,0.9500,0.0000,4,5,1,0,0,5,1,0.8000
4,160.0000,2,14,270.9766,-81.1055,0.6088,37,0.9250,0.2000,5,5,1,0,0,5,1,0.8000
4,160.0000,2,15,744.5611,-87.7069,0.2146,19,0.4750,0.8571,7,8,7,0,0,8,7,0.1250
4,160.0000,2,16,630.0027,-87.9129,0.5578,23,0.5750,0.7500,8,7,3,0,0,7,3,0.5714
4,160.0000,2,19,836.4868,-88.2420,-0.3741,9,0.2250,0.8571,7,8,8,0,0,8,8,0.0000
4,160.0000,2,23,670.5275,-86.9800,0.0281,23,0.5750,1.0000,8,6,4,0,0,6,4,0.3333
4,160.0000,2,24,574.7232,-86.3375,0.6309,29,0.7250,0.7143,7,7,6,0,0,7,6,0.1429
4,160.0000,2,25,219.2609,-79.6145,0.3954,37,0.9250,0.0000,4,4,0,0,0,4,0,1.0000
4,160.0000,3,0,840.1841,-88.5656,-0.6973,10,0.2564,1.0000,8,8,7,0,0,8,7,0.1250
4,160.0000,3,1,939.1647,-88.9537,-0.1034,6,0.1538,1.0000,8,6,6,0,0,6,6,0.0000
4,160.0000,3,5,1042.6297,-89.0337,-0.1777,3,0.0769,1.0000,6,6,6,0,0,6,6,0.0000
4,160.0000,3,6,491.5778,-86.4985,0.6260,25,0.6410,0.7500,8,4,0,0,0,4,0,1.0000
4,160.0000,3,7,442.0894,-83.9942,-0.1586,32,0.8205,0.0000,4,6,4,0,0,6,4,0.3333
4,160.0000,3,8,512.4330,-86.9789,0.5477,26,0.6667,0.6667,6,4,0,0,0,4,0,1.0000
4,160.0000,3,9,854.6528,-89.0522,0.0202,4,0.1026,1.0000,8,8,8,0,0,8,8,0.0000
4,160.0000,3,10,540.2958,-85.4682,-0.7530,26,0.6667,0.4000,5,7,6,0,0,7,6,0.1429
4,160.0000,3,17,326.6623,-78.8418,-0.6590,38,0.9744,0.0000,4,5,2,22,14,27,16,0.4074
4,160.0000,3,18,689.2154,-85.9926,-0.4221,28,0.7179,0.5714,7,8,8,0,0,8,8,0.0000
4,160.0000,3,20,885.6521,-88.6939,-0.3164,9,0.2308,1.0000,8,8,8,0,0,8,8,0.0000
4,160.0000,3,21,920.4024,-88.4105,-0.1475,9,0.2308,0.8571,7,8,8,0,0,8,8,0.0000
4,160.0000,3,22,579.6617,-86.3436,0.1458,17,0.4359,0.7000,10,6,3,0,0,6,3,0.5000
4,160.0000,4,2,831.7457,-88.2232,0.7119,9,0.2250,1.0000,8,8,8,0,0,8,8,0.0000
4,160.0000,4,12,1107.2739,-88.4284,0.2726,3,0.0750,1.0000,8,2,2,0,0,2,2,0.0000
4,160.0000,4,14,996.8453,-87.6899,-0.2070,6,0.1500,0.8750,8,8,8,0,0,8,8,0.0000
4,160.0000,4,16,284.1586,-79.2563,-0.6167,36,0.9000,0.0000,4,4,0,0,0,4,0,1.0000
4,160.0000,4,23,1004.1555,-88.9253,0.1221,8,0.2000,1.0000,8,8,8,0,0,8,8,0.0000
4,160.0000,4,25,967.6832,-88.5078,-0.3758,9,0.2250,1.0000,8,8,8,0,0,8,8,0.0000
4,160.0000,5,0,329.9427,-84.2038,0.4369,27,0.6750,0.2000,5,4,0,0,0,4,0,1.0000
4,160.0000,5,1,649.9360,-87.6053,-0.3917,24,0.6000,0.5000,6,6,4,0,0,6,4,0.3333
4,160.0000,5,3,1042.6297,-88.6747,2.1904,3,0.0750,1.0000,6,8,8,0,0,8,8,0.0000
4,160.0000,5,6,713.9063,-87.8205,0.7331,15,0.3750,0.8571,7,7,6,0,0,7,6,0.1429
4,160.0000,5,7,762.1546,-88.6537,0.1479,13,0.3250,1.0000,8,8,8,0,0,8,8,0.0000
4,160.0000,5,8,768.7570,-87.7137,-0.0585,16,0.4000,0.8571,7,7,6,0,0,7,6,0.1429
4,160.0000,5,9,262.2682,-79.5307,0.5543,33,0.8250,0.0000,4,5,1,0,0,5,1,0.8000
4,160.0000,5,10,560.3229,-86.7404,0.2597,26,0.6500,0.8750,8,6,4,0,0,6,4,0.3333
4,160.0000,5,13,903.3022,-89.4696,0.1722,3,0.0750,1.0000,6,8,7,0,0,8,7,0.1250
4,160.0000,5,15,886.5981,-88.2125,-0.7563,4,0.1000,1.0000,2,8,8,0,0,8,8,0.0000
4,160.0000,5,19,663.0600,-87.3201,0.2844,18,0.4500,1.0000,8,6,4,0,0,6,4,0.3333
4,160.0000,5,20,176.8555,-78.8631,1.2466,31,0.7750,0.0000,5,4,0,0,0,4,0,1.0000
4,160.0000,5,22,889.7352,-89.1637,-0.0850,4,0.1000,1.0000,8,8,6,0,0,8,6,0.2500
4,160.0000,5,25,1017.9075,-89.0834,-0.0556,3,0.0750,1.0000,6,6,6,0,0,6,6,0.0000
4,160.0000,6,0,423.5885,-83.0710,-0.4677,35,0.8750,0.5000,6,6,2,0,0,6,2,0.6667
4,160.0000,6,1,938.7571,-88.9558,-1.3247,4,0.1000,1.0000,8,8,8,0,0,8,8,0.0000
4,160.0000,6,3,491.5778,-86.7238,0.1069,29,0.7250,0.7143,7,5,1,33,24,38,25,0.3421
4,160.0000,6,5,713.9063,-87.7000,0.4382,14,0.3500,0.7143,7,8,7,0,0,8,7,0.1250
4,160.0000,6,7,292.2691,-81.2823,0.6318,35,0.8750,0.2000,5,4,0,0,0,4,0,1.0000
4,160.0000,6,8,282.5043,-79.8994,-0.4659,39,0.9750,0.2000,5,6,3,0,0,6,3,0.5000
4,160.0000,6,9,616.3250,-86.0775,-0.6398,25,0.6250,0.2000,5,5,1,0,0,5,1,0.8000
4,160.0000,6,10,335.2399,-80.7275,-0.0648,35,0.8750,0.0000,4,5,2,0,0,5,2,0.6000
4,160.0000,6,13,1052.5420,-89.1525,-0.1094,6,0.1500,1.0000,4,6,6,0,0,6,6,0.0000
4,160.0000,6,15,659.9424,-87.3808,0.3240,20,0.5000,0.5714,7,7,5,0,0,7,5,0.2857
4,160.0000,6,17,767.7602,-87.2513,-0.2131,17,0.4250,0.9205,88,8,7,42,41,50,48,0.0400
4,160.0000,6,18,1023.1361,-89.0826,-0.8944,3,0.0750,1.0000,8,6,6,0,0,6,6,0.0000
4,160.0000,6,19,660.7717,-86.8900,0.0462,20,0.5000,0.7500,8,8,7,0,0,8,7,0.1250
4,160.0000,6,20,537.2005,-86.3067,-0.9187,28,0.7000,0.2857,7,7,6,0,0,7,6,0.1429
4,160.0000,6,22,272.1723,-80.2706,0.0594,39,0.9750,0.0000,4,4,0,0,0,4,0,1.0000
4,160.0000,7,0,561.8199,-86.2909,-0.0660,22,0.5500,0.5000,6,6,3,0,0,6,3,0.5000
4,160.0000,7,1,858.3212,-89.4058,0.1458,10,0.2500,1.0000,8,4,4,0,0,4,4,0.0000
4,160.0000,7,3,442.0894,-85.2370,-0.1800,28,0.7000,0.5000,6,5,1,0,0,5,1,0.8000
4,160.0000,7,5,762.1546,-88.9386,-0.1471,11,0.2750,0.8571,7,6,4,0,0,6,4,0.3333
4,160.0000,7,6,292.2691,-80.9129,-0.4039,34,0.8500,0.0000,4,5,1,0,0,5,1,0.8000
4,160.0000,7,8,527.9418,-85.2681,-0.5677,27,0.6750,0.3333,6,5,2,0,0,5,2,0.6000
4,160.0000,7,9,579.3584,-87.2683,0.2057,25,0.6250,0.5714,7,5,2,0,0,5,2,0.6000
4,160.0000,7,10,467.6549,-84.8808,-0.0701,28,0.7000,0.7143,7,6,4,0,0,6,4,0.3333
4,160.0000,7,17,604.8421,-86.1852,-0.1132,26,0.6500,0.5714,7,6,4,0,0,6,4,0.3333
4,160.0000,7,18,790.6853,-87.5833,-0.9623,15,0.3750,0.8571,7,8,8,0,0,8,8,0.0000
4,160.0000,7,19,907.6797,-89.5814,0.0552,3,0.0750,1.0000,8,7,6,0,0,7,6,0.1429
4,160.0000,7,20,605.6817,-86.3956,-0.0496,23,0.5750,0.6667,6,5,2,0,0,5,2,0.6000
4,160.0000,7,22,544.0208,-86.2888,-0.1109,22,0.5500,0.5714,7,5,1,0,0,5,1,0.8000
4,160.0000,8,0,497.3034,-84.1258,-0.5148,30,0.7500,0.0000,4,6,3,0,0,6,3,0.5000
4,160.0000,8,1,942.2744,-87.8696,0.0198,5,0.1250,1.0000,8,4,4,0,0,4,4,0.0000
4,160.0000,8,3,512.4330,-86.0641,0.2137,30,0.7500,0.5000,6,7,5,0,0,7,5,0.2857
4,160.0000,8,5,768.7570,-87.7710,-0.2396,16,0.4000,0.8571,7,8,8,0,0,8,8,0.0000
4,160.0000,8,6,282.5043,-80.8440,-0.0372,37,0.9250,0.0000,4,4,0,0,0,4,0,1.0000
4,160.0000,8,7,527.9418,-85.2132,-0.4104,30,0.7500,0.0000,4,8,6,0,0,8,6,0.2500
4,160.0000,8,9,708.2514,-85.8104,-0.9546,19,0.4750,0.6667,6,8,7,0,0,8,7,0.1250
4,160.0000,8,10,268.5868,-76.6014,-1.5963,31,0.7750,0.0000,4,5,1,0,0,5,1,0.8000
4,160.0000,8,15,528.9708,-86.2908,0.1420,25,0.6250,0.7143,7,6,3,0,0,6,3,0.5000
4,160.0000,8,17,832.1431,-88.2426,0.0961,9,0.2250,0.7500,8,8,8,0,0,8,8,0.0000
4,160.0000,8,19,489.2774,-85.2921,0.3116,28,0.7000,0.7143,7,6,3,0,0,6,3,0.5000
4,160.0000,8,20,605.3454,-86.4727,0.0401,27,0.6750,0.0000,4,7,5,0,0,7,5,0.2857
4,160.0000,8,22,233.7490,-80.7984,1.6056,37,0.9250,0.0000,5,4,0,0,0,4,0,1.0000
4,160.0000,8,24,809.7631,-88.3631,0.1918,9,0.2250,1.0000,8,8,8,0,0,8,8,0.0000
4,160.0000,9,0,380.4408,-83.5095,0.6672,34,0.8500,0.0000,4,4,0,0,0,4,0,1.0000
4,160.0000,9,1,482.7648,-86.1230,0.2553,27,0.6750,0.6667,6,4,0,0,0,4,0,1.0000
4,160.0000,9,3,854.6528,-88.6245,-0.4038,8,0.2000,0.7143,7,8,8,0,0,8,8,0.0000
4,160.0000,9,5,262.2682,-79.9555,0.2096,38,0.9500,0.0000,3,5,1,0,0,5,1,0.8000
4,160.0000,9,6,616.3250,-86.3696,-0.7804,25,0.6250,0.5714,7,7,4,0,0,7,4,0.4286
4,160.0000,9,7,579.3584,-86.8592,0.5319,25,0.6250,0.8571,7,6,4,0,0,6,4,0.3333
4,160.0000,9,8,708.2514,-86.2835,-0.1514,25,0.6250,0.4286,7,8,8,0,0,8,8,0.0000
4,160.0000,9,10,463.6285,-84.5779,-0.0859,31,0.7750,0.5000,6,7,6,0,0,7,6,0.1429
4,160.0000,9,15,978.4327,-88.9864,-0.1048,4,0.1000,1.0000,6,8,8,0,0,8,8,0.0000
4,160.0000,9,17,1009.5880,-88.5339,0.5747,4,0.1000,1.0000,8,8,8,0,0,8,8,0.0000
4,160.0000,9,18,1008.0297,-88.5734,-0.1639,3,0.0750,1.0000,6,6,6,0,0,6,6,0.0000
4,160.0000,9,19,768.0694,-87.8424,-0.1399,14,0.3500,0.8750,8,8,8,0,0,8,8,0.0000
4,160.0000,9,20,230.2380,-75.1033,-2.2934,38,0.9500,0.0000,4,4,0,0,0,4,0,1.0000
4,160.0000,9,21,953.1507,-89.2139,-0.0826,4,0.1000,1.0000,6,8,8,0,0,8,8,0.0000
4,160.0000,9,22,842.1817,-87.9862,-0.4054,9,0.2250,1.0000,10,8,8,0,0,8,8,0.0000
4,160.0000,10,0,374.5071,-84.2207,0.9233,28,0.7000,0.0000,4,5,2,0,0,5,2,0.6000
4,160.0000,10,1,680.7197,-87.6202,-0.2643,16,0.4000,0.8571,7,6,4,0,0,6,4,0.3333
4,160.0000,10,3,540.2958,-86.2929,-0.2281,29,0.7250,0.7738,84,7,4,78,66,85,70,0.1765
4,160.0000,10,5,560.3229,-87.3086,-0.2730,22,0.5500,0.8571,7,7,5,0,0,7,5,0.2857
4,160.0000,10,6,335.2399,-81.8215,-0.3982,32,0.8000,0.0000,4,4,0,0,0,4,0,1.0000
4,160.0000,10,7,467.6549,-85.0068,0.0732,28,0.7000,0.2000,5,6,2,0,0,6,2,0.6667
4,160.0000,10,8,268.5868,-77.2721,-1.6261,32,0.8000,0.1200,50,5,1,57,24,62,25,0.5968
4,160.0000,10,9,463.6285,-84.5207,-0.1900,28,0.7000,0.0000,4,5,2,0,0,5,2,0.6000
4,160.0000,10,15,681.2543,-87.4190,0.2797,14,0.3500,0.8750,8,7,3,0,0,7,3,0.5714
4,160.0000,10,17,807.1127,-87.2183,0.1877,16,0.4000,0.8571,7,4,4,0,0,4,4,0.0000
4,160.0000,10,18,988.3636,-88.5362,-0.6621,8,0.2000,0.8750,8,5,4,0,0,5,4,0.2000
4,160.0000,10,19,510.9212,-86.1936,0.2624,16,0.4000,0.8750,8,6,3,0,0,6,3,0.5000
4,160.0000,10,20,409.5372,-83.9683,0.4608,28,0.7000,0.0000,3,5,0,0,0,5,0,1.0000
4,160.0000,10,21,1040.5131,-88.7295,-0.2392,3,0.0750,,0,8,8,0,0,8,8,0.0000
4,160.0000,10,22,465.9396,-85.0937,0.1103,26,0.6500,0.0000,4,5,1,0,0,5,1,0.8000
4,160.0000,11,2,523.4761,-85.2687,-0.2495,26,0.6500,0.4000,5,5,2,0,0,5,2,0.6000
4,160.0000,11,12,394.5693,-85.0896,0.3370,31,0.7750,0.4286,7,6,2,0,0,6,2,0.6667
4,160.0000,11,13,711.7718,-87.1698,-0.4561,15,0.3750,0.9231,13,7,5,29,27,36,32,0.1111
4,160.0000,11,14,696.2347,-87.3276,0.4630,8,0.2000,1.0000,84,4,2,49,46,53,48,0.0943
4,160.0000,11,15,1005.7188,-88.3836,-0.2556,6,0.1500,1.0000,8,8,8,0,0,8,8,0.0000
4,160.0000,11,16,1038.5974,-88.4946,-0.8781,3,0.0750,1.0000,2,4,4,0,0,4,4,0.0000
4,160.0000,11,23,492.2014,-85.4599,0.1618,32,0.8000,0.2000,5,4,0,0,0,4,0,1.0000
4,160.0000,11,24,791.2095,-88.4657,0.1606,5,0.1250,1.0000,8,8,7,0,0,8,7,0.1250
4,160.0000,11,25,593.9835,-86.8118,0.2286,16,0.4000,0.6667,6,4,0,0,0,4,0,1.0000
4,160.0000,12,2,293.6361,-79.4083,-0.4989,40,1.0000,0.2000,5,5,1,0,0,5,1,0.8000
4,160.0000,12,4,1107.2739,-89.2849,-0.0318,7,0.1750,1.0000,8,4,4,0,0,4,4,0.0000
4,160.0000,12,11,394.5693,-83.7162,0.2995,39,0.9750,0.5000,6,5,1,0,0,5,1,0.8000
4,160.0000,12,13,344.4412,-82.5337,-0.9342,35,0.8750,0.2000,5,5,2,0,0,5,2,0.6000
4,160.0000,12,14,327.1205,-83.8343,0.6068,33,0.8250,0.2000,5,4,0,0,0,4,0,1.0000
4,160.0000,12,15,656.5558,-87.5133,-0.6142,12,0.3000,0.8750,8,6,4,0,0,6,4,0.3333
4,160.0000,12,16,921.8538,-87.5718,0.8725,3,0.0750,1.0000,8,8,8,0,0,8,8,0.0000
4,160.0000,12,19,858.4397,-87.9795,0.0844,4,0.1000,1.0000,10,6,6,0,0,6,6,0.0000
4,160.0000,12,23,741.3303,-87.1994,-0.1707,21,0.5250,0.7500,8,8,7,0,0,8,7,0.1250
4,160.0000,12,24,502.7125,-86.1004,0.1812,25,0.6250,0.5000,6,6,3,0,0,6,3,0.5000
4,160.0000,12,25,242.9620,-80.8037,0.9258,38,0.9500,0.5000,6,4,0,0,0,4,0,1.0000
4,160.0000,13,0,788.0352,-88.4072,-0.0477,10,0.2500,1.0000,8,8,8,0,0,8,8,0.0000
4,160.0000,13,2,291.6837,-80.2285,-0.4693,37,0.9250,0.0000,4,4,0,0,0,4,0,1.0000
4,160.0000,13,5,903.3022,-89.1482,0.2757,5,0.1250,1.0000,8,8,7,0,0,8,7,0.1250
4,160.0000,13,6,1052.5420,-88.5645,-3.0025,3,0.0750,0.8571,7,8,8,0,0,8,8,0.0000
4,160.0000,13,11,711.7718,-87.7694,-0.4388,19,0.4750,0.7500,8,7,6,0,0,7,6,0.1429
4,160.0000,13,12,344.4412,-80.9970,-0.7945,38,0.9500,0.0000,3,4,0,0,0,4,0,1.0000
4,160.0000,13,14,79.4098,-71.0715,2.8484,37,0.9250,0.0000,4,4,0,0,0,4,0,1.0000
4,160.0000,13,15,572.1194,-85.7726,0.2207,20,0.5000,0.0000,4,8,6,0,0,8,6,0.2500
4,160.0000,13,16,775.9302,-88.3867,-0.2281,11,0.2750,0.8750,8,8,8,0,0,8,8,0.0000
4,160.0000,13,19,635.6412,-86.7704,-0.3197,14,0.3500,0.5714,7,7,5,4,4,11,9,0.1818
4,160.0000,13,20,885.8263,-88.3342,0.5986,3,0.0750,1.0000,4,7,6,0,0,7,6,0.1429
4,160.0000,13,23,954.0101,-88.7703,-0.1447,11,0.2750,1.0000,8,8,8,0,0,8,8,0.0000
4,160.0000,13,24,524.6632,-85.3392,0.1168,27,0.6750,0.7500,8,6,3,0,0,6,3,0.5000
4,160.0000,13,25,123.0763,-68.2571,-0.7949,38,0.9500,0.0000,4,4,0,0,0,4,0,1.0000
4,160.0000,14,0,801.6216,-87.9243,-0.6747,14,0.3500,0.8750,8,7,6,2,2,9,8,0.1111
4,160.0000,14,2,270.9766,-81.8075,0.8341,38,0.9500,0.0000,4,4,0,0,0,4,0,1.0000
4,160.0000,14,4,996.8453,-88.5393,0.1224,7,0.1750,1.0000,8,8,8,0,0,8,8,0.0000
4,160.0000,14,5,930.8331,-88.9459,0.0755,6,0.1500,1.0000,6,8,8,0,0,8,8,0.0000
4,160.0000,14,8,982.1058,-89.5398,0.3266,6,0.1500,1.0000,4,8,8,0,0,8,8,0.0000
4,160.0000,14,9,1132.8120,-88.7662,-0.3286,3,0.0750,1.0000,6,6,6,0,0,6,6,0.0000
4,160.0000,14,10,1030.1342,-89.0129,-0.3993,4,0.1000,1.0000,2,6,6,0,0,6,6,0.0000
4,160.0000,14,11,696.2347,-88.0952,0.4719,19,0.4750,0.7500,8,6,4,0,0,6,4,0.3333
4,160.0000,14,12,327.1205,-83.1879,1.1084,38,0.9500,0.0000,4,4,0,0,0,4,0,1.0000
4,160.0000,14,13,79.4098,-71.1135,2.9708,39,0.9750,0.0000,4,4,0,0,0,4,0,1.0000
4,160.0000,14,15,524.8368,-85.9954,-0.2660,32,0.8000,0.6667,6,5,2,6,6,11,8,0.2727
4,160.0000,14,16,775.5086,-88.3549,0.3294,14,0.3500,1.0000,8,8,7,0,0,8,7,0.1250
4,160.0000,14,19,601.0429,-86.2503,-0.6675,24,0.6000,0.7857,14,7,5,0,0,7,5,0.2857
4,160.0000,14,20,904.8807,-88.7649,0.1304,7,0.1750,1.0000,8,8,8,0,0,8,8,0.0000
4,160.0000,14,22,970.2405,-88.2916,-0.9800,5,0.1250,1.0000,8,8,8,0,0,8,8,0.0000
4,160.0000,14,23,921.4640,-89.2641,0.1518,9,0.2250,1.0000,8,8,7,0,0,8,7,0.1250
4,160.0000,14,24,452.9365,-85.8262,0.1777,33,0.8250,0.2000,5,5,1,0,0,5,1,0.8000
4,160.0000,14,25,146.9887,-74.4239,0.3033,37,0.9250,0.0000,4,4,0,0,0,4,0,1.0000
4,160.0000,15,0,623.1809,-86.5974,0.0615,24,0.6000,0.7143,7,7,6,0,0,7,6,0.1429
4,160.0000,15,2,744.5611,-86.5966,-0.2829,17,0.4250,1.0000,8,6,4,0,0,6,4,0.3333
4,160.0000,15,5,886.5981,-89.0658,0.2100,3,0.0750,0.8750,8,4,4,0,0,4,4,0.0000
4,160.0000,15,6,659.9424,-87.5150,0.4254,18,0.4500,0.8571,7,5,2,0,0,5,2,0.6000
4,160.0000,15,7,947.6319,-88.9664,0.3907,4,0.1000,1.0000,4,8,8,0,0,8,8,0.0000
4,160.0000,15,8,528.9708,-86.6462,0.2858,20,0.5000,0.5000,6,6,4,0,0,6,4,0.3333
4,160.0000,15,10,681.2543,-87.7161,0.0271,15,0.3750,0.8750,8,6,3,0,0,6,3,0.5000
4,160.0000,15,11,1005.7188,-89.0694,-0.3072,3,0.0750,1.0000,8,8,8,0,0,8,8,0.0000
4,160.0000,15,12,656.5558,-87.8217,-0.2836,25,0.6250,0.7143,7,8,8,0,0,8,8,0.0000
4,160.0000,15,13,572.1194,-86.0120,-0.4962,25,0.6250,0.3333,6,7,3,0,0,7,3,0.5714
4,160.0000,15,14,524.8368,-85.6117,0.6557,26,0.6500,0.5000,6,7,6,0,0,7,6,0.1429
4,160.0000,15,19,347.3080,-81.9744,-0.2763,33,0.8250,0.7143,7,6,2,0,0,6,2,0.6667
4,160.0000,15,20,772.4435,-88.6769,-0.1591,8,0.2000,1.0000,8,8,7,0,0,8,7,0.1250
4,160.0000,15,22,497.1667,-85.4516,-0.2469,26,0.6500,0.5714,7,8,8,0,0,8,8,0.0000
4,160.0000,15,24,295.1749,-77.9839,-1.4282,36,0.9000,0.2000,5,4,0,0,0,4,0,1.0000
4,160.0000,15,25,635.7409,-86.4645,-0.2232,19,0.4750,0.7778,9,8,6,0,0,8,6,0.2500
4,160.0000,16,2,630.0027,-87.9841,0.4897,18,0.4500,0.6250,8,6,3,0,0,6,3,0.5000
4,160.0000,16,4,284.1586,-79.1924,-0.2693,40,1.0000,0.0000,4,4,0,0,0,4,0,1.0000
4,160.0000,16,12,921.8538,-89.6537,-0.0227,4,0.1000,1.0000,8,8,8,0,0,8,8,0.0000
4,160.0000,16,13,775.9302,-87.5029,1.0461,10,0.2500,1.0000,8,8,7,0,0,8,7,0.1250
4,160.0000,16,14,775.5086,-88.0323,-0.1002,10,0.2500,0.7500,8,8,8,0,0,8,8,0.0000
4,160.0000,16,23,897.0784,-88.6829,-0.1459,8,0.2000,0.8750,8,8,8,0,0,8,8,0.0000
4,160.0000,16,25,775.8989,-87.7660,-0.8844,12,0.3000,1.0000,8,7,5,0,0,7,5,0.2857
4,160.0000,17,1,1001.8611,-89.1686,-0.3887,8,0.2000,1.0000,9,6,6,0,0,6,6,0.0000
4,160.0000,17,3,326.6623,-78.9963,-1.3383,35,0.8750,0.5000,6,5,2,0,0,5,2,0.6000
4,160.0000,17,6,767.7602,-88.5159,0.1308,15,0.3750,1.0000,8,7,6,0,0,7,6,0.1429
4,160.0000,17,7,604.8421,-85.9553,-0.4522,20,0.5000,0.6667,6,7,5,0,0,7,5,0.2857
4,160.0000,17,8,832.1431,-88.1885,-0.3580,15,0.3750,0.7143,7,8,8,0,0,8,8,0.0000
4,160.0000,17,9,1009.5880,-87.9730,-0.7626,7,0.1750,0.8571,7,6,6,0,0,6,6,0.0000
4,160.0000,17,10,807.1127,-87.6321,-0.5993,14,0.3500,0.8750,8,8,7,0,0,8,7,0.1250
4,160.0000,17,18,435.1956,-83.1183,0.3619,34,0.8500,0.5000,6,4,0,0,0,4,0,1.0000
4,160.0000,17,21,753.4110,-88.2623,0.0696,14,0.3500,0.8750,8,7,6,0,0,7,6,0.1429
4,160.0000,17,22,893.7289,-89.1737,0.2894,6,0.1500,1.0000,8,7,6,0,0,7,6,0.1429
4,160.0000,18,1,870.5120,-88.1919,-0.9141,16,0.4000,0.8750,8,4,4,0,0,4,4,0.0000
4,160.0000,18,3,689.2154,-87.1887,-0.9918,25,0.6250,0.8750,8,8,8,0,0,8,8,0.0000
4,160.0000,18,6,1023.1361,-88.2057,0.0875,3,0.0750,1.0000,8,6,6,0,0,6,6,0.0000
4,160.0000,18,7,790.6853,-88.1139,-0.7004,14,0.3500,0.8750,8,8,7,0,0,8,7,0.1250
4,160.0000,18,9,1008.0297,-89.4033,-0.9384,4,0.1000,1.0000,8,6,6,0,0,6,6,0.0000
4,160.0000,18,10,988.3636,-88.7125,-0.3407,7,0.1750,1.0000,8,8,7,0,0,8,7,0.1250
4,160.0000,18,17,435.1956,-83.7306,-0.3425,34,0.8500,0.7143,7,6,3,0,0,6,3,0.5000
4,160.0000,18,21,382.1230,-83.5883,1.5034,37,0.9250,0.2000,5,4,0,0,0,4,0,1.0000
4,160.0000,19,0,493.7092,-85.4152,0.4903,31,0.7750,0.0000,4,7,6,0,0,7,6,0.1429
4,160.0000,19,2,836.4868,-88.3752,0.1326,12,0.3000,0.8571,7,8,8,0,0,8,8,0.0000
4,160.0000,19,3,981.7029,-88.5237,0.4590,5,0.1250,,0,6,5,0,0,6,5,0.1667
4,160.0000,19,5,663.0600,-87.2162,0.7251,18,0.4500,0.8571,7,7,5,0,0,7,5,0.2857
4,160.0000,19,6,660.7717,-86.9859,-0.3146,23,0.5750,0.2000,5,7,6,0,0,7,6,0.1429
4,160.0000,19,7,907.6797,-88.9670,0.6730,8,0.2000,1.0000,8,6,5,0,0,6,5,0.1667
4,160.0000,19,8,489.2774,-84.8766,-0.2574,31,0.7750,0.7143,7,5,1,0,0,5,1,0.8000
4,160.0000,19,9,768.0694,-87.6903,-0.4129,14,0.3500,0.7143,7,8,8,0,0,8,8,0.0000
4,160.0000,19,10,510.9212,-86.3071,0.0641,34,0.8500,0.5714,7,6,3,0,0,6,3,0.5000
4,160.0000,19,12,858.4397,-88.0165,-0.1307,11,0.2750,1.0000,8,8,8,0,0,8,8,0.0000
4,160.0000,19,13,635.6412,-86.8868,0.1668,23,0.5750,0.6667,6,8,7,0,0,8,7,0.1250
4,160.0000,19,14,601.0429,-86.8583,-0.0402,23,0.5750,0.5714,7,7,5,0,0,7,5,0.2857
4,160.0000,19,15,347.3080,-82.0765,0.2573,37,0.9250,0.0000,4,5,1,0,0,5,1,0.8000
4,160.0000,19,20,580.4880,-87.2980,0.3751,21,0.5250,0.8571,7,7,5,0,0,7,5,0.2857
4,160.0000,19,22,602.9424,-86.3483,-0.1298,29,0.7250,0.6667,6,8,8,0,0,8,8,0.0000
4,160.0000,19,24,534.7363,-85.2074,-0.3234,32,0.8000,0.4000,5,4,0,0,0,4,0,1.0000
4,160.0000,19,25,741.6839,-87.7537,-0.1029,15,0.3750,0.8571,7,8,8,0,0,8,8,0.0000
4,160.0000,20,0,174.4877,-78.1795,1.1314,34,0.8500,0.0000,4,4,0,0,0,4,0,1.0000
4,160.0000,20,1,666.0835,-87.8640,-0.2873,18,0.4500,0.8750,8,6,2,0,0,6,2,0.6667
4,160.0000,20,3,885.6521,-87.5624,-0.4468,9,0.2250,1.0000,8,8,7,0,0,8,7,0.1250
4,160.0000,20,5,176.8555,-78.7435,1.5186,38,0.9500,0.2000,5,5,1,0,0,5,1,0.8000
4,160.0000,20,6,537.2005,-85.9171,0.5151,29,0.7250,0.6818,44,7,5,0,0,7,5,0.2857
4,160.0000,20,7,605.6817,-86.5917,-0.7648,22,0.5500,0.5714,7,7,5,0,0,7,5,0.2857
4,160.0000,20,8,605.3454,-85.8992,-0.3456,24,0.6000,0.5714,7,7,6,0,0,7,6,0.1429
4,160.0000,20,9,230.2380,-75.7280,-1.7659,38,0.9500,0.0000,4,6,2,57,32,63,34,0.4603
4,160.0000,20,10,409.5372,-83.0324,0.1225,31,0.7750,0.5000,6,5,2,0,0,5,2,0.6000
4,160.0000,20,14,904.8807,-88.4171,-0.0143,10,0.2500,1.0000,8,6,4,0,0,6,4,0.3333
4,160.0000,20,15,772.4435,-88.8747,0.1168,7,0.1750,0.9778,45,7,6,6,6,13,12,0.0769
4,160.0000,20,17,1100.7346,-88.7976,-1.0745,4,0.1000,1.0000,8,8,8,0,0,8,8,0.0000
4,160.0000,20,19,580.4880,-87.2315,0.2757,17,0.4250,0.3333,6,4,0,0,0,4,0,1.0000
4,160.0000,20,22,718.4913,-87.1178,0.3370,19,0.4750,0.5000,6,7,5,0,0,7,5,0.2857
4,160.0000,20,24,1023.3551,-89.2930,0.1655,5,0.1250,1.0000,8,8,8,0,0,8,8,0.0000
4,160.0000,21,1,658.4336,-87.0356,-0.2484,23,0.5750,1.0000,8,7,5,0,0,7,5,0.2857
4,160.0000,21,3,920.4024,-87.5827,-0.3816,5,0.1250,0.8571,7,7,6,0,0,7,6,0.1429
4,160.0000,21,7,967.1334,-88.7428,0.5471,4,0.1000,1.0000,2,8,8,0,0,8,8,0.0000
4,160.0000,21,9,953.1507,-89.2522,0.3550,3,0.0750,1.0000,8,8,7,0,0,8,7,0.1250
4,160.0000,21,17,753.4110,-88.7301,-0.0801,15,0.3750,0.8750,8,7,6,0,0,7,6,0.1429
4,160.0000,21,18,382.1230,-83.8280,0.1452,35,0.8750,0.0000,4,4,0,0,0,4,0,1.0000
4,160.0000,22,0,573.5230,-86.4523,-0.0108,28,0.7000,0.4000,5,6,4,0,0,6,4,0.3333
4,160.0000,22,3,579.6617,-86.5765,0.4716,22,0.5500,0.7143,7,6,4,0,0,6,4,0.3333
4,160.0000,22,5,889.7352,-88.4878,-0.3200,7,0.1750,1.0000,8,7,6,0,0,7,6,0.1429
4,160.0000,22,6,272.1723,-80.1616,0.3564,37,0.9250,0.0000,4,4,0,0,0,4,0,1.0000
4,160.0000,22,7,544.0208,-85.8832,0.0455,26,0.6500,0.4000,5,5,2,0,0,5,2,0.6000
4,160.0000,22,8,233.7490,-80.4104,1.2022,37,0.9250,0.0000,4,5,1,0,0,5,1,0.8000
4,160.0000,22,9,842.1817,-88.0887,-0.2265,14,0.3500,0.8000,5,8,8,0,0,8,8,0.0000
4,160.0000,22,10,465.9396,-84.5763,0.3640,34,0.8500,0.7143,7,6,3,0,0,6,3,0.5000
4,160.0000,22,12,1085.5632,-89.1496,-0.4384,3,0.0750,1.0000,4,6,6,0,0,6,6,0.0000
4,160.0000,22,13,994.1870,-88.7579,0.3333,9,0.2250,0.8750,8,6,6,0,0,6,6,0.0000
4,160.0000,22,14,970.2405,-88.9991,0.1103,7,0.1750,1.0000,8,8,8,0,0,8,8,0.0000
4,160.0000,22,15,497.1667,-85.5031,-0.4156,28,0.7000,0.0000,4,4,0,0,0,4,0,1.0000
4,160.0000,22,17,893.7289,-88.8484,-0.1867,10,0.2500,1.0000,8,8,8,0,0,8,8,0.0000
4,160.0000,22,19,602.9424,-86.2602,-0.2660,25,0.6250,0.5000,6,6,4,0,0,6,4,0.3333
4,160.0000,22,20,718.4913,-87.9820,0.0065,18,0.4500,0.6667,6,7,6,0,0,7,6,0.1429
4,160.0000,22,24,770.9417,-87.7918,-0.5111,20,0.5000,0.2000,5,8,8,0,0,8,8,0.0000
4,160.0000,22,25,1065.3518,-89.4635,-0.0440,5,0.1250,0.8571,7,4,4,0,0,4,4,0.0000
4,160.0000,23,2,670.5275,-86.8918,-0.4909,20,0.5000,0.6667,6,6,4,0,0,6,4,0.3333
4,160.0000,23,4,1004.1555,-89.2571,-0.0488,5,0.1250,1.0000,8,6,6,0,0,6,6,0.0000
4,160.0000,23,11,492.2014,-85.1547,-0.4604,33,0.8250,0.6667,6,7,4,0,0,7,4,0.4286
4,160.0000,23,12,741.3303,-87.3588,0.0137,19,0.4750,0.8571,7,7,5,0,0,7,5,0.2857
4,160.0000,23,13,954.0101,-88.9960,0.0526,7,0.1750,1.0000,8,6,6,0,0,6,6,0.0000
4,160.0000,23,14,921.4640,-88.3044,0.4508,4,0.1000,1.0000,6,8,8,0,0,8,8,0.0000
4,160.0000,23,16,897.0784,-88.9792,-0.0984,6,0.1500,1.0000,8,6,6,0,0,6,6,0.0000
4,160.0000,23,25,858.3332,-88.7721,0.1782,6,0.1500,1.0000,8,8,7,0,0,8,7,0.1250
4,160.0000,24,0,885.0249,-88.3572,-0.5980,11,0.2750,1.0000,8,8,8,0,0,8,8,0.0000
4,160.0000,24,2,574.7232,-86.9386,-0.0012,29,0.7250,0.4000,5,6,2,0,0,6,2,0.6667
4,160.0000,24,6,953.4441,-87.6160,0.9600,5,0.1250,1.0000,8,8,8,0,0,8,8,0.0000
4,160.0000,24,8,809.7631,-87.8122,0.2521,8,0.2000,0.6667,6,7,6,0,0,7,6,0.1429
4,160.0000,24,10,961.2915,-89.2708,0.1164,5,0.1250,1.0000,8,6,6,0,0,6,6,0.0000
4,160.0000,24,11,791.2095,-88.7907,0.2365,13,0.3250,0.7500,8,8,7,0,0,8,7,0.1250
4,160.0000,24,12,502.7125,-85.9534,0.4658,30,0.7500,0.2000,5,8,7,0,0,8,7,0.1250
4,160.0000,24,13,524.6632,-85.9978,0.2654,29,0.7250,0.5000,6,6,4,0,0,6,4,0.3333
4,160.0000,24,14,452.9365,-85.4093,0.0956,31,0.7750,0.4000,5,5,1,0,0,5,1,0.8000
4,160.0000,24,15,295.1749,-77.7736,-1.6328,35,0.8750,0.0000,4,6,4,0,0,6,4,0.3333
4,160.0000,24,19,534.7363,-84.8446,0.0413,31,0.7750,0.6667,6,8,6,0,0,8,6,0.2500
4,160.0000,24,22,770.9417,-88.0904,0.0603,19,0.4750,0.8571,7,8,8,0,0,8,8,0.0000
4,160.0000,24,23,984.7973,-89.5204,-0.0437,3,0.0750,,0,6,6,0,0,6,6,0.0000
4,160.0000,24,25,545.3621,-86.6906,0.5941,26,0.6500,0.5000,6,5,2,0,0,5,2,0.6000
4,160.0000,25,0,893.8111,-88.1220,-0.5630,8,0.2000,1.0000,8,8,8,0,0,8,8,0.0000
4,160.0000,25,2,219.2609,-79.5532,0.6450,36,0.9000,0.0000,4,4,0,0,0,4,0,1.0000
4,160.0000,25,4,967.6832,-89.0049,-0.1194,8,0.2000,1.0000,8,8,8,0,0,8,8,0.0000
4,160.0000,25,5,1017.9075,-89.0069,0.5451,3,0.0750,1.0000,4,8,8,0,0,8,8,0.0000
4,160.0000,25,11,593.9835,-87.1530,0.2986,19,0.4750,0.8750,8,5,1,0,0,5,1,0.8000
4,160.0000,25,12,242.9620,-81.0378,1.6091,37,0.9250,0.2000,5,4,0,0,0,4,0,1.0000
4,160.0000,25,13,123.0763,-68.3433,-0.9079,35,0.8750,0.0000,3,7,2,0,0,7,2,0.7143
4,160.0000,25,14,146.9887,-73.7413,-0.3244,37,0.9250,0.0000,4,4,0,0,0,4,0,1.0000
4,160.0000,25,15,635.7409,-86.6739,0.2271,18,0.4500,0.6667,6,6,4,0,0,6,4,0.3333
4,160.0000,25,16,775.8989,-87.9788,-0.1597,16,0.4000,0.8750,8,6,4,0,0,6,4,0.3333
4,160.0000,25,19,741.6839,-87.8868,-0.0004,17,0.4250,0.8571,7,10,9,0,0,10,9,0.1000
4,160.0000,25,20,998.0014,-88.8800,0.1872,4,0.1000,1.0000,8,8,8,0,0,8,8,0.0000
4,160.0000,25,22,1065.3518,-88.5831,0.0765,4,0.1000,1.0000,9,4,4,0,0,4,4,0.0000
4,160.0000,25,23,858.3332,-88.8106,0.0057,4,0.1000,1.0000,8,7,6,0,0,7,6,0.1429
4,160.0000,25,24,545.3621,-86.2080,-0.3216,24,0.6000,0.6667,6,6,3,0,0,6,3,0.5000
4,164.0000,0,1,663.8254,-87.4660,0.1434,16,0.4103,1.0000,8,7,6,0,0,7,6,0.1429
4,164.0000,0,3,836.2543,-88.7930,-0.0154,12,0.3077,1.0000,8,8,8,0,0,8,8,0.0000
4,164.0000,0,5,151.2330,-78.5680,2.0473,36,0.9231,0.0000,4,4,0,0,0,4,0,1.0000
4,164.0000,0,6,514.5794,-85.0348,-0.3397,29,0.7436,0.4000,5,6,3,0,0,6,3,0.5000
4,164.0000,0,7,549.3142,-86.9602,0.7663,25,0.6410,0.2000,5,5,2,0,0,5,2,0.6000
4,164.0000,0,8,652.7604,-86.3622,-0.9079,25,0.6410,0.4000,5,7,5,0,0,7,5,0.2857
4,164.0000,0,9,377.8029,-83.1323,-0.2706,33,0.8462,0.4000,5,4,0,0,0,4,0,1.0000
4,164.0000,0,10,352.1411,-82.7778,0.4800,35,0.8974,0.0000,4,6,2,0,0,6,2,0.6667
4,164.0000,0,12,1049.7182,-89.4323,1.0881,4,0.1026,1.0000,4,2,2,0,0,2,2,0.0000
4,164.0000,0,13,772.8595,-87.8892,0.0382,14,0.3590,1.0000,8,8,8,0,0,8,8,0.0000
4,164.0000,0,14,939.7151,-88.9710,-0.3238,5,0.1282,1.0000,8,4,4,0,0,4,4,0.0000
4,164.0000,0,15,630.6093,-87.4186,-0.2284,27,0.6923,0.7143,7,5,2,0,0,5,2,0.6000
4,164.0000,0,19,486.7529,-84.6438,0.0231,25,0.6410,0.4000,5,6,3,0,0,6,3,0.5000
4,164.0000,0,20,96.8531,-73.6166,1.2841,37,0.9487,0.2000,5,4,0,0,0,4,0,1.0000
4,164.0000,0,22,659.7149,-86.6072,-0.1292,18,0.4615,0.3333,6,6,3,0,0,6,3,0.5000
4,164.0000,0,24,986.6716,-88.8841,-0.1972,8,0.2051,1.0000,8,2,2,0,0,2,2,0.0000
4,164.0000,0,25,1033.5386,-88.7842,0.4836,7,0.1795,1.0000,8,4,4,0,0,4,4,0.0000
4,164.0000,1,0,663.8254,-88.1713,0.8075,4,0.1026,0.8750,8,8,5,0,0,8,5,0.3750
4,164.0000,1,5,652.9642,-87.0170,0.6478,9,0.2308,0.8571,7,8,8,0,0,8,8,0.0000
4,164.0000,1,6,882.3505,-88.8075,-0.4177,4,0.1026,1.0000,8,8,7,0,0,8,7,0.1250
4,164.0000,1,9,379.4434,-84.0751,0.5668,24,0.6154,0.4000,5,4,0,0,0,4,0,1.0000
4,164.0000,1,10,628.2491,-86.9443,0.1863,7,0.1795,0.8571,7,6,4,0,0,6,4,0.3333
4,164.0000,1,18,1019.1920,-88.7004,0.3565,3,0.0769,1.0000,8,8,8,0,0,8,8,0.0000
4,164.0000,1,20,620.2252,-87.7643,-0.0944,7,0.1795,0.7143,7,6,4,0,0,6,4,0.3333
4,164.0000,1,21,661.1044,-87.0384,0.1250,21,0.5385,0.7500,8,8,8,0,0,8,8,0.0000
4,164.0000,2,4,773.4239,-88.3815,0.3900,14,0.3500,1.0000,8,6,3,0,0,6,3,0.5000
4,164.0000,2,11,545.0296,-85.5326,-0.2141,30,0.7500,0.2000,5,6,4,0,0,6,4,0.3333
4,164.0000,2,12,377.4709,-81.8261,-1.0018,35,0.8750,0.0000,4,6,4,0,0,6,4,0.3333
4,164.0000,2,13,360.8217,-81.4662,-1.5350,37,0.9250,0.2000,5,6,3,0,0,6,3,0.5000
4,164.0000,2,14,302.4348,-80.3343,-0.2691,38,0.9500,0.2000,5,7,3,0,0,7,3,0.5714
4,164.0000,2,15,857.6413,-88.4584,-0.0321,7,0.1750,0.8750,8,8,8,0,0,8,8,0.0000
4,164.0000,2,16,514.3042,-85.7445,0.5187,26,0.6500,0.4286,7,6,2,0,0,6,2,0.6667
4,164.0000,2,19,909.4826,-88.5682,-0.3261,11,0.2750,1.0000,8,8,8,0,0,8,8,0.0000
4,164.0000,2,23,668.2463,-87.1481,-0.1476,21,0.5250,0.6667,6,7,5,0,0,7,5,0.2857
4,164.0000,2,24,570.3780,-86.1842,-0.5093,27,0.6750,0.8571,7,5,2,0,0,5,2,0.6000
4,164.0000,2,25,241.1684,-78.3513,-0.0203,37,0.9250,0.0000,4,4,0,0,0,4,0,1.0000
4,164.0000,3,0,836.2543,-88.2519,0.0209,10,0.2500,0.8750,8,8,8,0,0,8,8,0.0000
4,164.0000,3,1,978.8777,-89.1446,0.1714,4,0.1000,1.0000,6,8,8,0,0,8,8,0.0000
4,164.0000,3,6,382.7921,-84.3946,-0.1724,25,0.6250,0.0000,4,5,2,0,0,5,2,0.6000
4,164.0000,3,7,471.0464,-84.2527,-0.7068,27,0.6750,0.6667,6,6,3,0,0,6,3,0.5000
4,164.0000,3,8,410.2921,-84.4503,0.1909,26,0.6500,0.0000,4,4,0,0,0,4,0,1.0000
4,164.0000,3,9,938.9704,-88.9859,1.6445,3,0.0750,1.0000,8,8,8,0,0,8,8,0.0000
4,164.0000,3,10,574.9652,-86.5035,-0.3715,21,0.5250,0.8571,7,6,4,0,0,6,4,0.3333
4,164.0000,3,15,848.1372,-88.7560,0.0536,7,0.1750,1.0000,8,8,6,0,0,8,6,0.2500
4,164.0000,3,17,473.5914,-83.7425,-0.6781,34,0.8500,0.5926,27,5,1,32,26,37,27,0.2703
4,164.0000,3,18,861.3768,-87.5756,-0.4952,13,0.3250,1.0000,8,8,8,0,0,8,8,0.0000
4,164.0000,3,19,889.7523,-89.1394,0.2016,9,0.2250,1.0000,8,7,6,0,0,7,6,0.1429
4,164.0000,3,20,911.1059,-88.9726,0.1696,6,0.1500,1.0000,8,8,8,0,0,8,8,0.0000
4,164.0000,3,22,400.3585,-85.2522,1.1100,26,0.6500,0.5000,6,5,1,0,0,5,1,0.8000
4,164.0000,4,2,773.4239,-87.7991,0.4409,11,0.2750,1.0000,8,7,5,0,0,7,5,0.2857
4,164.0000,4,13,1015.4994,-88.5000,0.6499,4,0.1000,1.0000,4,4,4,0,0,4,4,0.0000
4,164.0000,4,14,1072.0395,-88.2116,0.4796,4,0.1000,1.0000,8,6,6,0,0,6,6,0.0000
4,164.0000,4,16,398.0779,-82.0306,-0.3328,36,0.9000,0.0000,4,5,2,0,0,5,2,0.6000
4,164.0000,4,25,988.6765,-88.2441,-3.8475,3,0.0750,1.0000,8,8,8,0,0,8,8,0.0000
4,164.0000,5,0,151.2330,-78.8849,2.1582,35,0.8750,0.0000,4,4,0,0,0,4,0,1.0000
4,164.0000,5,1,652.9642,-87.3919,0.0190,22,0.5500,0.6667,6,6,3,0,0,6,3,0.5000
4,164.0000,5,3,979.3143,-89.5599,0.1336,3,0.0750,1.0000,8,8,8,0,0,8,8,0.0000
4,164.0000,5,6,664.9774,-87.4376,0.0040,18,0.4500,0.8571,7,7,4,0,0,7,4,0.4286
4,164.0000,5,7,679.3634,-87.9007,0.2810,16,0.4000,1.0000,8,8,7,0,0,8,7,0.1250
4,164.0000,5,8,791.9663,-88.3546,0.0395,14,0.3500,0.8571,7,8,8,0,0,8,8,0.0000
4,164.0000,5,9,356.7987,-81.4893,-1.1245,37,0.9250,0.2000,5,4,0,0,0,4,0,1.0000
4,164.0000,5,10,466.9635,-85.5396,0.5934,28,0.7000,0.6667,6,6,4,0,0,6,4,0.3333
4,164.0000,5,13,740.2941,-89.0281,0.0441,10,0.2500,0.8750,8,8,8,0,0,8,8,0.0000
4,164.0000,5,14,941.4007,-88.8074,-0.3569,3,0.0750,1.0000,8,8,8,0,0,8,8,0.0000
4,164.0000,5,15,717.9145,-88.1587,-0.0261,9,0.2250,1.0000,8,6,3,0,0,6,3,0.5000
4,164.0000,5,19,527.6593,-86.2398,0.4821,20,0.5000,0.6667,6,7,5,0,0,7,5,0.2857
4,164.0000,5,20,69.9714,-71.2680,2.2894,38,0.9500,0.0000,4,4,0,0,0,4,0,1.0000
4,164.0000,5,22,806.4283,-88.8805,0.2561,7,0.1750,0.7500,8,8,8,0,0,8,8,0.0000
4,164.0000,5,25,1020.8910,-88.9801,-0.2120,4,0.1000,1.0000,6,8,8,0,0,8,8,0.0000
4,164.0000,6,0,514.5794,-84.7648,-0.8461,32,0.8000,0.3333,6,5,2,0,0,5,2,0.6000
4,164.0000,6,1,882.3505,-88.1144,-0.3244,4,0.1000,1.0000,8,8,7,0,0,8,7,0.1250
4,164.0000,6,3,382.7921,-85.0303,0.5708,35,0.8750,0.6579,38,4,0,35,23,39,23,0.4103
4,164.0000,6,5,664.9774,-87.5196,-0.1446,22,0.5500,0.8750,8,7,5,0,0,7,5,0.2857
4,164.0000,6,7,256.9508,-80.2661,0.2035,37,0.9250,0.0000,4,5,1,0,0,5,1,0.8000
4,164.0000,6,8,338.8396,-81.8430,0.0395,36,0.9000,0.5000,6,6,3,0,0,6,3,0.5000
4,164.0000,6,9,704.2817,-87.6019,-0.1452,25,0.6250,0.2000,5,7,5,2,2,9,7,0.2222
4,164.0000,6,10,390.3596,-82.4672,0.1370,34,0.8500,0.4000,5,5,2,0,0,5,2,0.6000
4,164.0000,6,15,639.1166,-86.3720,0.0395,16,0.4000,0.7143,7,7,4,0,0,7,4,0.4286
4,164.0000,6,17,758.8961,-87.9718,0.0335,16,0.4000,0.9600,50,6,4,0,0,6,4,0.3333
4,164.0000,6,18,1028.3631,-89.4323,0.2238,3,0.0750,1.0000,6,8,8,0,0,8,8,0.0000
4,164.0000,6,19,696.4777,-87.1832,-0.3258,18,0.4500,0.8750,8,6,4,0,0,6,4,0.3333
4,164.0000,6,20,604.0606,-86.5862,-0.3503,25,0.6250,0.8571,7,5,4,0,0,5,4,0.2000
4,164.0000,6,21,1014.6172,-89.2425,1.0148,3,0.0750,1.0000,2,6,6,0,0,6,6,0.0000
4,164.0000,6,22,267.1360,-80.0991,0.2378,38,0.9500,0.0000,4,4,0,28,13,32,13,0.5938
4,164.0000,6,24,1075.7911,-89.6522,-0.1104,4,0.1000,,0,2,2,0,0,2,2,0.0000
4,164.0000,7,0,549.3142,-85.9487,0.2190,23,0.5750,0.5000,6,6,4,0,0,6,4,0.3333
4,164.0000,7,1,789.0433,-88.9802,0.1801,8,0.2000,1.0000,4,6,6,0,0,6,6,0.0000
4,164.0000,7,3,471.0464,-84.4643,-0.1765,33,0.8250,0.2000,5,7,4,0,0,7,4,0.4286
4,164.0000,7,5,679.3634,-88.1881,-0.0913,18,0.4500,0.6667,6,6,3,0,0,6,3,0.5000
4,164.0000,7,6,256.9508,-80.6944,-0.2668,32,0.8000,0.2000,5,4,0,0,0,4,0,1.0000
4,164.0000,7,8,581.5668,-85.8960,-0.2338,20,0.5000,0.4000,5,6,3,0,0,6,3,0.5000
4,164.0000,7,9,601.2277,-86.4067,-0.3063,20,0.5000,0.4000,5,6,2,0,0,6,2,0.6667
4,164.0000,7,10,500.7657,-85.3492,0.0478,24,0.6000,0.6667,6,6,3,0,0,6,3,0.5000
4,164.0000,7,15,869.3569,-88.6393,-0.1398,13,0.3250,1.0000,8,6,4,0,0,6,4,0.3333
4,164.0000,7,17,683.6306,-87.1975,0.3705,23,0.5750,0.6667,6,8,8,0,0,8,8,0.0000
4,164.0000,7,18,844.5872,-87.1900,-0.4760,14,0.3500,1.0000,8,6,6,0,0,6,6,0.0000
4,164.0000,7,19,858.2876,-88.3798,0.2836,6,0.1500,0.8571,7,8,8,0,0,8,8,0.0000
4,164.0000,7,20,621.7749,-86.7571,0.3416,17,0.4250,0.4000,5,6,4,0,0,6,4,0.3333
4,164.0000,7,21,831.3351,-87.5456,-0.0366,10,0.2500,1.0000,8,8,8,0,0,8,8,0.0000
4,164.0000,7,22,519.3521,-85.9349,0.0278,25,0.6250,0.2000,5,5,2,0,0,5,2,0.6000
4,164.0000,8,0,652.7604,-86.8955,-0.2298,18,0.4390,0.5000,6,8,5,0,0,8,5,0.3750
4,164.0000,8,1,1006.2027,-88.6999,-0.6432,3,0.0732,1.0000,4,8,8,0,0,8,8,0.0000
4,164.0000,8,3,410.2921,-84.7289,1.2562,29,0.7073,0.7143,7,5,1,0,0,5,1,0.8000
4,164.0000,8,5,791.9663,-87.5069,-0.0928,10,0.2439,1.0000,8,7,6,0,0,7,6,0.1429
4,164.0000,8,6,338.8396,-80.8311,-0.3465,32,0.7805,0.0000,4,4,0,0,0,4,0,1.0000
4,164.0000,8,7,581.5668,-85.8062,-0.4397,23,0.5610,0.7500,8,7,4,0,0,7,4,0.4286
4,164.0000,8,9,902.0594,-87.8781,-0.6210,8,0.1951,0.8750,8,8,8,0,0,8,8,0.0000
4,164.0000,8,10,404.1179,-81.6724,-1.3922,30,0.7317,0.2000,5,7,3,0,0,7,3,0.5714
4,164.0000,8,13,1029.8484,-88.9109,-0.8197,3,0.0732,1.0000,6,4,4,0,0,4,4,0.0000
4,164.0000,8,14,1031.4713,-88.9057,-0.3652,4,0.0976,1.0000,6,8,8,0,0,8,8,0.0000
4,164.0000,8,15,442.1794,-85.0091,0.5362,25,0.6098,0.5000,6,5,2,0,0,5,2,0.6000
4,164.0000,8,17,883.0084,-88.8590,0.0115,6,0.1463,1.0000,8,8,8,0,0,8,8,0.0000
4,164.0000,8,19,565.2667,-86.1897,-0.0599,25,0.6098,0.5000,6,7,5,0,0,7,5,0.2857
4,164.0000,8,20,732.3192,-86.5344,-0.2619,18,0.4390,0.7143,7,8,8,0,0,8,8,0.0000
4,164.0000,8,22,145.9467,-76.7466,1.5820,38,0.9268,0.0000,4,4,0,0,0,4,0,1.0000
4,164.0000,8,24,858.7550,-87.8839,0.0439,12,0.2927,1.0000,8,6,6,0,0,6,6,0.0000
4,164.0000,9,0,377.8029,-83.2585,0.0944,34,0.8500,0.0000,4,5,2,0,0,5,2,0.6000
4,164.0000,9,1,379.4434,-84.4668,1.3396,36,0.9000,0.0000,4,4,0,0,0,4,0,1.0000
4,164.0000,9,3,938.9704,-88.3584,0.6176,5,0.1250,1.0000,8,6,6,0,0,6,6,0.0000
4,164.0000,9,5,356.7987,-81.1217,-0.7958,38,0.9500,0.2000,5,6,4,0,0,6,4,0.3333
4,164.0000,9,6,704.2817,-87.0897,-0.3051,19,0.4750,0.5714,7,8,6,0,0,8,6,0.2500
4,164.0000,9,7,601.2277,-86.5579,-0.1188,24,0.6000,0.6667,6,7,6,0,0,7,6,0.1429
4,164.0000,9,8,902.0594,-88.9231,0.0553,10,0.2500,1.0000,8,6,6,0,0,6,6,0.0000
4,164.0000,9,10,532.2517,-85.1626,-0.9274,32,0.8000,0.8571,7,5,2,0,0,5,2,0.6000
4,164.0000,9,19,755.6520,-88.4127,-0.2025,15,0.3750,1.0000,8,8,6,0,0,8,6,0.2500
4,164.0000,9,20,334.7175,-81.2181,-0.9685,38,0.9500,0.0000,4,5,2,0,0,5,2,0.6000
4,164.0000,9,21,838.4079,-88.5941,0.1844,11,0.2750,1.0000,8,7,6,0,0,7,6,0.1429
4,164.0000,9,22,915.7307,-89.0881,0.1005,10,0.2500,1.0000,8,6,6,0,0,6,6,0.0000
4,164.0000,10,0,352.1411,-82.5722,0.0662,36,0.9000,0.4000,5,5,1,0,0,5,1,0.8000
4,164.0000,10,1,628.2491,-87.5192,0.0432,26,0.6500,0.6667,6,7,6,0,0,7,6,0.1429
4,164.0000,10,3,574.9652,-86.3223,0.2280,35,0.8750,0.8235,85,6,4,79,74,85,78,0.0824
4,164.0000,10,5,466.9635,-86.0158,-0.3038,34,0.8500,0.7143,7,6,2,0,0,6,2,0.6667
4,164.0000,10,6,390.3596,-83.2627,0.0831,37,0.9250,0.0000,4,6,2,0,0,6,2,0.6667
4,164.0000,10,7,500.7657,-84.8212,-0.0545,33,0.8250,0.3333,6,5,1,0,0,5,1,0.8000
4,164.0000,10,8,404.1179,-82.0851,-0.9026,35,0.8750,0.4032,62,5,2,62,39,67,41,0.3881
4,164.0000,10,9,532.2517,-86.0997,-0.5748,36,0.9000,0.4000,5,6,4,0,0,6,4,0.3333
4,164.0000,10,13,933.7377,-88.6369,-0.2432,4,0.1000,1.0000,8,6,6,0,0,6,6,0.0000
4,164.0000,10,14,1036.2737,-87.9614,-1.4477,4,0.1000,1.0000,4,4,4,0,0,4,4,0.0000
4,164.0000,10,15,545.8415,-86.6252,0.2435,26,0.6500,0.4286,7,4,0,0,0,4,0,1.0000
4,164.0000,10,17,961.0728,-88.4714,-0.1237,6,0.1500,1.0000,4,8,8,0,0,8,8,0.0000
4,164.0000,10,18,1139.8733,-89.4709,-0.2223,6,0.1500,0.8000,5,4,4,0,0,4,4,0.0000
4,164.0000,10,19,387.6542,-84.6282,0.9198,35,0.8750,0.5000,6,4,0,0,0,4,0,1.0000
4,164.0000,10,20,400.4450,-84.5279,0.0312,36,0.9000,0.0000,5,4,0,0,0,4,0,1.0000
4,164.0000,10,22,471.0192,-85.3178,-0.1088,36,0.9000,0.2000,5,5,1,0,0,5,1,0.8000
4,164.0000,10,24,954.3967,-88.9265,-0.2185,3,0.0750,1.0000,6,8,8,0,0,8,8,0.0000
4,164.0000,11,2,545.0296,-86.4135,-0.1361,26,0.6500,0.4000,5,5,2,0,0,5,2,0.6000
4,164.0000,11,12,372.1796,-83.1381,-0.5253,38,0.9500,0.3333,6,4,0,30,16,34,16,0.5294
4,164.0000,11,13,738.0433,-88.3552,0.7809,7,0.1750,0.8889,36,8,8,4,4,12,12,0.0000
4,164.0000,11,14,517.6032,-86.1933,0.7692,21,0.5250,0.9057,53,6,2,0,0,6,2,0.6667
4,164.0000,11,16,1013.3915,-89.7758,-0.0383,3,0.0750,1.0000,4,2,2,0,0,2,2,0.0000
4,164.0000,11,23,487.4797,-85.8512,0.0434,32,0.8000,0.0000,4,5,2,0,0,5,2,0.6000
4,164.0000,11,24,686.4612,-87.6318,-0.1245,12,0.3000,0.8750,8,8,7,4,4,12,11,0.0833
4,164.0000,11,25,437.3601,-85.7644,0.8287,24,0.6000,0.0000,4,4,0,23,10,27,10,0.6296
4,164.0000,12,2,377.4709,-82.1713,-0.3794,38,0.9500,0.2000,5,5,1,0,0,5,1,0.8000
4,164.0000,12,11,372.1796,-83.5002,0.2553,39,0.9750,0.2000,5,5,2,0,0,5,2,0.6000
4,164.0000,12,13,400.9040,-84.2591,-0.6482,35,0.8750,0.4000,5,7,4,0,0,7,4,0.4286
4,164.0000,12,14,175.6988,-78.9917,1.0815,38,0.9500,0.0000,4,4,0,0,0,4,0,1.0000
4,164.0000,12,15,689.6729,-87.5238,-0.1516,22,0.5500,0.6667,6,8,7,0,0,8,7,0.1250
4,164.0000,12,16,889.0346,-88.1879,1.0880,8,0.2000,1.0000,8,7,6,0,0,7,6,0.1429
4,164.0000,12,19,888.2578,-88.5456,0.0585,11,0.2750,1.0000,6,9,8,36,36,45,44,0.0222
4,164.0000,12,23,736.9672,-87.8061,-0.0942,17,0.4250,0.8750,8,7,6,0,0,7,6,0.1429
4,164.0000,12,24,441.0213,-84.2887,0.1283,32,0.8000,0.5000,6,5,2,0,0,5,2,0.6000
4,164.0000,12,25,161.4540,-77.2559,1.1338,39,0.9750,0.0000,4,4,0,0,0,4,0,1.0000
4,164.0000,13,0,772.8595,-87.5030,0.0489,9,0.2250,1.0000,8,8,5,0,0,8,5,0.3750
4,164.0000,13,2,360.8217,-81.4920,-0.5216,37,0.9250,0.0000,4,5,1,0,0,5,1,0.8000
4,164.0000,13,5,740.2941,-88.1990,0.5853,8,0.2000,0.8750,8,8,8,0,0,8,8,0.0000
4,164.0000,13,10,933.7377,-89.5572,0.0631,6,0.1500,1.0000,4,8,8,0,0,8,8,0.0000
4,164.0000,13,11,738.0433,-87.4433,-0.0321,21,0.5250,0.8571,7,7,6,0,0,7,6,0.1429
4,164.0000,13,12,400.9040,-83.2025,-0.7147,33,0.8250,0.0000,4,7,4,0,0,7,4,0.4286
4,164.0000,13,14,267.3310,-74.6866,-3.0777,36,0.9000,0.0000,4,5,1,0,0,5,1,0.8000
4,164.0000,13,15,627.8457,-86.3978,0.3182,23,0.5750,0.7500,8,7,5,0,0,7,5,0.2857
4,164.0000,13,16,702.5872,-87.6220,0.3355,22,0.5500,1.0000,8,8,7,0,0,8,7,0.1250
4,164.0000,13,19,650.1841,-87.5155,-0.0180,21,0.5250,0.8182,11,7,6,0,0,7,6,0.1429
4,164.0000,13,20,770.6081,-87.9176,0.3571,9,0.2250,0.8571,7,7,5,0,0,7,5,0.2857
4,164.0000,13,22,1053.8540,-88.7483,0.7248,3,0.0750,1.0000,8,8,8,0,0,8,8,0.0000
4,164.0000,13,23,996.6322,-88.8728,-1.2232,3,0.0750,1.0000,8,8,8,0,0,8,8,0.0000
4,164.0000,13,24,548.1124,-86.1681,-0.4091,29,0.7250,0.5000,6,6,4,0,0,6,4,0.3333
4,164.0000,13,25,302.2706,-77.6921,-2.5443,39,0.9750,0.0000,4,4,0,2,1,6,1,0.8333
4,164.0000,14,0,939.7151,-88.6069,-0.0836,11,0.2750,0.8889,9,7,6,0,0,7,6,0.1429
4,164.0000,14,2,302.4348,-79.8046,-0.1310,40,1.0000,0.0000,4,4,0,0,0,4,0,1.0000
4,164.0000,14,5,941.4007,-88.9691,0.1671,9,0.2250,1.0000,8,8,8,0,0,8,8,0.0000
4,164.0000,14,8,1031.4713,-89.2436,-0.0229,3,0.0750,1.0000,8,8,8,0,0,8,8,0.0000
4,164.0000,14,11,517.6032,-86.7345,0.4463,31,0.7750,0.6667,6,5,2,0,0,5,2,0.6000
4,164.0000,14,12,175.6988,-79.7192,2.3152,40,1.0000,0.0000,4,5,1,0,0,5,1,0.8000
4,164.0000,14,13,267.3310,-75.2262,-3.0776,40,1.0000,0.0000,4,7,4,0,0,7,4,0.4286
4,164.0000,14,15,596.1520,-86.7438,-0.4870,31,0.7750,0.7273,11,8,7,0,0,8,7,0.1250
4,164.0000,14,16,780.2124,-87.3166,0.2177,11,0.2750,0.8750,8,8,7,0,0,8,7,0.1250
4,164.0000,14,19,740.0010,-86.8796,0.2631,22,0.5500,0.7143,7,8,7,0,0,8,7,0.1250
4,164.0000,14,20,958.0844,-88.9852,-0.2121,8,0.2000,1.0000,8,8,8,0,0,8,8,0.0000
4,164.0000,14,22,1053.4634,-89.6622,1.0960,3,0.0750,1.0000,8,6,6,0,0,6,6,0.0000
4,164.0000,14,23,795.3456,-88.6297,0.2145,11,0.2750,0.8750,8,7,5,0,0,7,5,0.2857
4,164.0000,14,24,361.1738,-84.2089,0.7898,36,0.9000,0.2000,5,4,0,0,0,4,0,1.0000
4,164.0000,14,25,158.9610,-73.8091,-0.2507,40,1.0000,0.0000,4,4,0,0,0,4,0,1.0000
4,164.0000,15,0,630.6093,-86.9981,-0.1191,23,0.5750,0.8571,7,8,5,0,0,8,5,0.3750
4,164.0000,15,2,857.6413,-88.1001,-0.3103,15,0.3750,0.6667,6,7,6,0,0,7,6,0.1429
4,164.0000,15,3,848.1372,-89.4741,-0.2228,3,0.0750,0.8333,6,8,6,0,0,8,6,0.2500
4,164.0000,15,5,717.9145,-87.6753,0.5780,12,0.3000,1.0000,4,7,6,0,0,7,6,0.1429
4,164.0000,15,6,639.1166,-87.1274,0.5092,20,0.5000,0.4000,5,7,6,0,0,7,6,0.1429
4,164.0000,15,7,869.3569,-88.5675,-0.6532,6,0.1500,1.0000,8,7,6,0,0,7,6,0.1429
4,164.0000,15,8,442.1794,-84.9486,1.0007,28,0.7000,0.6667,6,5,2,0,0,5,2,0.6000
4,164.0000,15,9,980.4624,-89.2126,0.0704,7,0.1750,1.0000,4,10,10,0,0,10,10,0.0000
4,164.0000,15,10,545.8415,-87.6511,0.5668,27,0.6750,0.5000,6,5,2,0,0,5,2,0.6000
4,164.0000,15,11,1020.9062,-89.0089,-0.2065,4,0.1000,1.0000,8,4,4,0,0,4,4,0.0000
4,164.0000,15,12,689.6729,-87.3654,-0.4046,20,0.5000,1.0000,8,8,7,0,0,8,7,0.1250
4,164.0000,15,13,627.8457,-86.8659,-0.0986,26,0.6500,0.4286,7,5,4,0,0,5,4,0.2000
4,164.0000,15,14,596.1520,-86.1205,-0.4579,24,0.6000,0.8571,7,5,2,0,0,5,2,0.6000
4,164.0000,15,19,375.2054,-82.1693,-0.4500,34,0.8500,0.3333,6,5,1,0,0,5,1,0.8000
4,164.0000,15,20,688.3569,-88.2354,0.1599,14,0.3500,0.8750,8,7,5,0,0,7,5,0.2857
4,164.0000,15,22,492.9670,-86.2110,-0.1885,28,0.7000,1.0000,8,6,2,0,0,6,2,0.6667
4,164.0000,15,24,440.3663,-83.2285,-1.1409,32,0.8000,0.0000,4,6,3,0,0,6,3,0.5000
4,164.0000,15,25,745.9187,-87.3590,-0.3117,20,0.5000,0.7500,8,8,8,0,0,8,8,0.0000
4,164.0000,16,2,514.3042,-86.5544,-0.0143,20,0.5128,0.5000,6,8,5,0,0,8,5,0.3750
4,164.0000,16,4,398.0779,-82.5783,-0.7234,35,0.8974,0.0000,4,5,1,0,0,5,1,0.8000
4,164.0000,16,12,889.0346,-88.3015,1.0152,5,0.1282,1.0000,8,8,8,0,0,8,8,0.0000
4,164.0000,16,13,702.5872,-88.2314,0.3597,8,0.2051,0.8750,8,7,6,0,0,7,6,0.1429
4,164.0000,16,14,780.2124,-88.0114,0.5794,8,0.2051,1.0000,8,7,5,0,0,7,5,0.2857
4,164.0000,16,23,934.4918,-89.3173,0.0509,3,0.0769,1.0000,8,5,4,0,0,5,4,0.2000
4,164.0000,16,25,743.6232,-88.2136,0.4292,13,0.3333,0.7143,7,8,8,0,0,8,8,0.0000
4,164.0000,17,3,473.5914,-83.4110,-0.8158,31,0.7750,0.4000,5,5,2,0,0,5,2,0.6000
4,164.0000,17,6,758.8961,-88.1852,0.5009,11,0.2750,0.8571,7,7,6,0,0,7,6,0.1429
4,164.0000,17,7,683.6306,-86.9304,-0.7170,20,0.5000,0.7143,7,7,5,0,0,7,5,0.2857
4,164.0000,17,8,883.0084,-88.6478,-0.2304,8,0.2000,1.0000,8,8,8,0,0,8,8,0.0000
4,164.0000,17,18,505.3491,-84.7432,0.2119,34,0.8500,0.0000,4,6,4,0,0,6,4,0.3333
4,164.0000,17,21,769.2517,-87.9704,-0.1173,16,0.4000,0.8571,7,7,5,0,0,7,5,0.2857
4,164.0000,17,22,854.4476,-88.3103,-0.4715,7,0.1750,0.8571,7,8,8,0,0,8,8,0.0000
4,164.0000,18,1,1019.1920,-88.6104,0.6270,5,0.1250,1.0000,4,8,8,0,0,8,8,0.0000
4,164.0000,18,3,861.3768,-87.9529,0.0914,6,0.1500,1.0000,8,7,6,0,0,7,6,0.1429
4,164.0000,18,6,1028.3631,-89.5508,-0.7854,3,0.0750,1.0000,6,4,4,0,0,4,4,0.0000
4,164.0000,18,7,844.5872,-88.4589,-0.0419,12,0.3000,0.8750,8,8,7,0,0,8,7,0.1250
4,164.0000,18,17,505.3491,-84.6733,-0.4679,32,0.8000,0.5000,6,6,2,0,0,6,2,0.6667
4,164.0000,18,21,423.3055,-84.0726,-0.5259,36,0.9000,0.0000,4,5,2,0,0,5,2,0.6000
4,164.0000,19,0,486.7529,-85.0683,0.1403,31,0.7750,0.8571,7,5,2,0,0,5,2,0.6000
4,164.0000,19,1,847.3147,-88.9531,0.0515,10,0.2500,1.0000,6,8,8,0,0,8,8,0.0000
4,164.0000,19,2,909.4826,-87.6503,-0.1451,7,0.1750,1.0000,8,7,6,0,0,7,6,0.1429
4,164.0000,19,3,889.7523,-89.3609,-0.2599,5,0.1250,0.8333,6,8,8,0,0,8,8,0.0000
4,164.0000,19,5,527.6593,-86.3040,-0.0102,26,0.6500,0.7143,7,4,0,0,0,4,0,1.0000
4,164.0000,19,6,696.4777,-87.4256,0.1109,16,0.4000,0.8571,7,7,5,0,0,7,5,0.2857
4,164.0000,19,7,858.2876,-88.9099,0.2437,7,0.1750,0.8333,6,8,7,0,0,8,7,0.1250
4,164.0000,19,8,565.2667,-86.4421,0.0622,29,0.7250,0.2000,5,7,5,0,0,7,5,0.2857
4,164.0000,19,9,755.6520,-87.5608,-0.0673,20,0.5000,1.0000,8,8,7,0,0,8,7,0.1250
4,164.0000,19,10,387.6542,-85.1571,0.2029,34,0.8500,0.5000,6,6,1,0,0,6,1,0.8333
4,164.0000,19,12,888.2578,-88.1633,-0.4146,11,0.2750,1.0000,8,8,8,0,0,8,8,0.0000
4,164.0000,19,13,650.1841,-86.8295,-0.1031,28,0.7000,0.8750,8,7,5,0,0,7,5,0.2857
4,164.0000,19,14,740.0010,-86.8074,-0.1644,18,0.4500,0.7143,7,8,8,0,0,8,8,0.0000
4,164.0000,19,15,375.2054,-82.4202,-0.0274,36,0.9000,0.2000,5,4,0,0,0,4,0,1.0000
4,164.0000,19,20,498.7159,-86.2897,0.1314,31,0.7750,0.7143,7,6,4,0,0,6,4,0.3333
4,164.0000,19,22,659.5165,-86.6648,-0.4007,22,0.5500,1.0000,8,6,3,0,0,6,3,0.5000
4,164.0000,19,24,650.0053,-86.1926,-0.7837,25,0.6250,0.0000,4,6,4,0,0,6,4,0.3333
4,164.0000,19,25,877.1229,-87.9690,-0.1483,15,0.3750,1.0000,8,8,8,0,0,8,8,0.0000
4,164.0000,20,0,96.8531,-72.9677,1.7300,37,0.9250,0.0000,4,4,0,0,0,4,0,1.0000
4,164.0000,20,1,620.2252,-87.4286,0.1152,21,0.5250,0.3333,6,7,6,0,0,7,6,0.1429
4,164.0000,20,3,911.1059,-88.2740,-0.7817,11,0.2750,0.8750,8,8,8,0,0,8,8,0.0000
4,164.0000,20,5,69.9714,-71.2508,2.5708,38,0.9500,0.2000,5,4,0,0,0,4,0,1.0000
4,164.0000,20,6,604.0606,-86.8281,-0.0343,19,0.4750,0.7143,7,8,8,0,0,8,8,0.0000
4,164.0000,20,7,621.7749,-86.8315,0.2749,20,0.5000,0.7143,7,6,4,0,0,6,4,0.3333
4,164.0000,20,8,732.3192,-87.4851,-0.1992,19,0.4750,0.8571,7,8,8,0,0,8,8,0.0000
4,164.0000,20,9,334.7175,-80.2462,-0.6780,36,0.9000,0.5397,63,5,1,9,6,14,7,0.5000
4,164.0000,20,10,400.4450,-83.9163,0.6607,31,0.7750,0.4000,5,5,1,0,0,5,1,0.8000
4,164.0000,20,13,770.6081,-88.4207,0.1418,8,0.2000,1.0000,8,8,8,70,70,78,78,0.0000
4,164.0000,20,14,958.0844,-88.5128,-0.0143,6,0.1500,0.6667,6,8,8,0,0,8,8,0.0000
4,164.0000,20,15,688.3569,-88.2665,0.2793,8,0.2000,0.9231,13,7,5,0,0,7,5,0.2857
4,164.0000,20,19,498.7159,-86.4903,0.4696,22,0.5500,0.0000,4,6,2,0,0,6,2,0.6667
4,164.0000,20,22,748.9569,-88.2153,0.1281,16,0.4000,0.7143,7,8,8,0,0,8,8,0.0000
4,164.0000,21,1,661.1044,-86.9066,-0.4675,19,0.4750,0.7143,7,8,7,0,0,8,7,0.1250
4,164.0000,21,3,930.3957,-88.6130,-0.1080,3,0.0750,0.8571,7,8,8,0,0,8,8,0.0000
4,164.0000,21,7,831.3351,-89.2386,0.1199,6,0.1500,1.0000,8,8,7,0,0,8,7,0.1250
4,164.0000,21,9,838.4079,-88.7548,-0.2976,9,0.2250,0.8750,8,7,6,0,0,7,6,0.1429
4,164.0000,21,17,769.2517,-87.9911,0.1109,17,0.4250,0.8571,7,8,7,0,0,8,7,0.1250
4,164.0000,21,18,423.3055,-83.6237,0.1220,35,0.8750,0.0000,4,4,0,0,0,4,0,1.0000
4,164.0000,22,0,659.7149,-87.2910,-0.1240,22,0.5500,0.6667,6,7,4,0,0,7,4,0.4286
4,164.0000,22,3,400.3585,-85.9132,0.4501,32,0.8000,0.6667,6,4,0,0,0,4,0,1.0000
4,164.0000,22,5,806.4283,-87.6689,0.4463,15,0.3750,0.8571,7,8,8,0,0,8,8,0.0000
4,164.0000,22,6,267.1360,-79.9850,0.0161,39,0.9750,0.0000,4,4,0,0,0,4,0,1.0000
4,164.0000,22,7,519.3521,-85.9017,-0.0621,28,0.7000,0.4000,5,4,0,0,0,4,0,1.0000
4,164.0000,22,8,145.9467,-75.9108,0.9646,39,0.9750,0.2000,5,5,1,0,0,5,1,0.8000
4,164.0000,22,9,915.7307,-88.6743,-0.2203,5,0.1250,1.0000,8,8,8,0,0,8,8,0.0000
4,164.0000,22,10,471.0192,-85.0777,0.0810,29,0.7250,0.5000,6,4,0,0,0,4,0,1.0000
4,164.0000,22,13,1053.8540,-89.1568,0.0868,3,0.0750,1.0000,6,8,8,0,0,8,8,0.0000
4,164.0000,22,15,492.9670,-85.4456,-0.2475,29,0.7250,0.0000,4,6,2,0,0,6,2,0.6667
4,164.0000,22,17,854.4476,-88.9441,0.5968,6,0.1500,1.0000,8,8,8,36,36,44,44,0.0000
4,164.0000,22,19,659.5165,-86.8200,0.0931,21,0.5250,0.6667,6,8,8,0,0,8,8,0.0000
4,164.0000,22,20,748.9569,-87.9279,0.0221,13,0.3250,0.8571,7,8,8,0,0,8,8,0.0000
4,164.0000,22,24,909.9078,-88.4633,0.3115,11,0.2750,1.0000,8,4,4,0,0,4,4,0.0000
4,164.0000,23,2,668.2463,-87.3610,-0.1853,24,0.6000,0.6667,6,6,4,0,0,6,4,0.3333
4,164.0000,23,4,996.9942,-88.7846,-0.3339,6,0.1500,1.0000,6,8,8,0,0,8,8,0.0000
4,164.0000,23,11,487.4797,-85.8995,-0.2377,37,0.9250,0.5714,7,6,4,0,0,6,4,0.3333
4,164.0000,23,12,736.9672,-88.0435,-0.0199,24,0.6000,0.7143,7,7,5,0,0,7,5,0.2857
4,164.0000,23,13,996.6322,-89.0054,-0.0126,6,0.1500,1.0000,6,4,4,0,0,4,4,0.0000
4,164.0000,23,14,795.3456,-88.6286,0.3877,11,0.2750,1.0000,8,7,5,0,0,7,5,0.2857
4,164.0000,23,16,934.4918,-89.1258,-0.1284,3,0.0750,1.0000,6,8,8,0,0,8,8,0.0000
4,164.0000,23,24,868.0435,-89.1672,-0.3814,5,0.1250,0.7500,4,7,6,0,0,7,6,0.1429
4,164.0000,23,25,736.3402,-87.7967,0.0909,15,0.3750,0.8750,8,7,6,0,0,7,6,0.1429
4,164.0000,24,0,986.6716,-88.8857,0.7905,5,0.1250,1.0000,8,4,4,0,0,4,4,0.0000
4,164.0000,24,2,570.3780,-85.9824,0.4558,25,0.6250,0.3333,6,6,4,0,0,6,4,0.3333
4,164.0000,24,8,858.7550,-88.7531,0.2876,6,0.1500,0.8571,7,8,7,0,0,8,7,0.1250
4,164.0000,24,11,686.4612,-88.1597,0.1436,13,0.3250,0.8750,8,8,6,0,0,8,6,0.2500
4,164.0000,24,12,441.0213,-85.5980,0.1434,26,0.6500,0.8750,8,6,3,0,0,6,3,0.5000
4,164.0000,24,13,548.1124,-86.2780,-0.2628,22,0.5500,0.6667,6,7,6,0,0,7,6,0.1429
4,164.0000,24,14,361.1738,-83.4013,0.1054,27,0.6750,0.2000,5,6,1,0,0,6,1,0.8333
4,164.0000,24,15,440.3663,-82.6434,-1.2615,26,0.6500,0.6667,6,6,3,0,0,6,3,0.5000
4,164.0000,24,19,650.0053,-86.6215,-0.2172,15,0.3750,0.7500,8,8,8,0,0,8,8,0.0000
4,164.0000,24,20,1020.3630,-89.1947,-0.0938,3,0.0750,1.0000,4,2,2,0,0,2,2,0.0000
4,164.0000,24,22,909.9078,-88.6667,-0.5406,8,0.2000,1.0000,8,8,8,0,0,8,8,0.0000
4,164.0000,24,23,868.0435,-88.9872,0.3371,4,0.1000,1.0000,6,8,8,0,0,8,8,0.0000
4,164.0000,24,25,505.9480,-85.2316,0.5534,25,0.6250,0.4000,5,7,4,0,0,7,4,0.4286
4,164.0000,25,0,1033.5386,-89.5645,-0.0424,3,0.0750,1.0000,8,2,2,0,0,2,2,0.0000
4,164.0000,25,2,241.1684,-78.8244,-0.0659,40,1.0000,0.0000,4,4,0,0,0,4,0,1.0000
4,164.0000,25,4,988.6765,-89.1723,0.0460,6,0.1500,1.0000,8,6,6,0,0,6,6,0.0000
4,164.0000,25,5,1020.8910,-89.3269,-0.3261,3,0.0750,1.0000,8,8,8,0,0,8,8,0.0000
4,164.0000,25,11,437.3601,-85.4487,0.4783,33,0.8250,0.2000,5,5,1,0,0,5,1,0.8000
4,164.0000,25,12,161.4540,-77.0268,0.5866,38,0.9500,0.0000,4,4,0,0,0,4,0,1.0000
4,164.0000,25,13,302.2706,-77.3626,-1.8326,37,0.9250,0.2857,7,6,2,0,0,6,2,0.6667
4,164.0000,25,14,158.9610,-74.2784,0.2035,39,0.9750,0.0000,4,4,0,0,0,4,0,1.0000
4,164.0000,25,15,745.9187,-87.6681,-0.3271,13,0.3250,0.6667,6,7,5,0,0,7,5,0.2857
4,164.0000,25,16,743.6232,-87.6748,0.0313,14,0.3500,0.6667,6,7,6,0,0,7,6,0.1429
4,164.0000,25,19,877.1229,-88.4329,-0.8291,8,0.2000,0.9000,10,8,8,28,28,36,36,0.0000
4,164.0000,25,23,736.3402,-88.0185,0.1558,16,0.4000,0.8571,7,6,4,0,0,6,4,0.3333
4,164.0000,25,24,505.9480,-86.0670,-0.2892,28,0.7000,0.5000,6,5,2,0,0,5,2,0.6000
4,168.0000,0,1,554.5665,-87.0462,0.2265,22,0.5366,0.8571,7,6,2,0,0,6,2,0.6667
4,168.0000,0,3,867.2608,-88.7440,-0.6036,6,0.1463,1.0000,8,8,8,0,0,8,8,0.0000
4,168.0000,0,5,160.7270,-72.7729,-0.1053,37,0.9024,0.0000,4,4,0,0,0,4,0,1.0000
4,168.0000,0,6,596.1337,-86.1492,0.0855,23,0.5610,0.5000,6,8,7,0,0,8,7,0.1250
4,168.0000,0,7,549.8415,-85.5582,-0.1801,29,0.7073,0.4000,5,5,1,0,0,5,1,0.8000
4,168.0000,0,8,789.9072,-87.9800,0.4311,17,0.4146,0.7143,7,8,7,0,0,8,7,0.1250
4,168.0000,0,9,385.0986,-83.3999,-0.1832,33,0.8049,0.0000,4,5,2,0,0,5,2,0.6000
4,168.0000,0,10,371.5576,-83.0219,-0.2820,29,0.7073,0.3333,6,4,0,0,0,4,0,1.0000
4,168.0000,0,12,1064.1084,-89.0112,0.1749,4,0.0976,1.0000,2,8,8,0,0,8,8,0.0000
4,168.0000,0,13,767.1397,-87.8232,-1.0635,14,0.3415,1.0000,8,7,6,0,0,7,6,0.1429
4,168.0000,0,15,638.6343,-86.9536,0.0467,24,0.5854,0.4000,5,6,3,0,0,6,3,0.5000
4,168.0000,0,19,482.0724,-85.4875,0.4031,28,0.6829,0.5000,6,4,0,0,0,4,0,1.0000
4,168.0000,0,20,125.3436,-69.5682,-0.9236,38,0.9268,0.0000,4,4,0,0,0,4,0,1.0000
4,168.0000,0,21,978.2960,-88.8691,-0.5012,5,0.1220,1.0000,6,4,4,0,0,4,4,0.0000
4,168.0000,0,22,723.5826,-87.5779,0.1426,23,0.5610,0.5000,6,7,6,0,0,7,6,0.1429
4,168.0000,1,0,554.5665,-86.6400,-0.0801,22,0.5366,0.6250,8,5,1,0,0,5,1,0.8000
4,168.0000,1,3,1030.8049,-89.1379,-0.0001,6,0.1463,1.0000,8,4,4,0,0,4,4,0.0000
4,168.0000,1,5,693.6514,-86.9777,-0.4369,15,0.3659,1.0000,8,7,5,0,0,7,5,0.2857
4,168.0000,1,6,864.6473,-88.2580,0.0089,7,0.1707,0.8750,8,7,6,0,0,7,6,0.1429
4,168.0000,1,7,758.0502,-87.6806,-0.4424,12,0.2927,1.0000,8,8,7,0,0,8,7,0.1250
4,168.0000,1,8,1061.0392,-87.8390,0.7948,4,0.0976,1.0000,6,7,6,0,0,7,6,0.1429
4,168.0000,1,9,327.5955,-82.9273,0.3397,31,0.7561,0.0000,4,4,0,0,0,4,0,1.0000
4,168.0000,1,10,617.1636,-87.0151,0.6568,18,0.4390,0.6667,6,7,6,0,0,7,6,0.1429
4,168.0000,1,19,705.6195,-87.7645,0.7146,11,0.2683,0.8750,8,7,4,0,0,7,4,0.4286
4,168.0000,1,20,607.6526,-87.2849,-0.4870,18,0.4390,0.6667,6,8,7,0,0,8,7,0.1250
4,168.0000,1,21,685.0811,-87.0161,-0.2223,19,0.4634,1.0000,8,5,2,0,0,5,2,0.6000
4,168.0000,2,4,706.5704,-87.3880,-0.1201,14,0.3500,0.5000,6,8,6,0,0,8,6,0.2500
4,168.0000,2,11,565.3283,-86.6891,-0.2772,26,0.6500,0.6667,6,6,4,0,0,6,4,0.3333
4,168.0000,2,12,461.9961,-84.5662,-0.6742,31,0.7750,0.6667,6,6,3,0,0,6,3,0.5000
4,168.0000,2,13,411.8978,-83.2137,-0.0335,32,0.8000,0.5000,6,4,0,0,0,4,0,1.0000
4,168.0000,2,14,450.0683,-82.9780,-0.9878,29,0.7250,0.4286,7,6,4,0,0,6,4,0.3333
4,168.0000,2,15,956.3806,-88.3668,-0.4145,3,0.0750,1.0000,8,6,6,0,0,6,6,0.0000
4,168.0000,2,16,398.1736,-84.8617,1.2264,32,0.8000,0.3333,6,4,0,0,0,4,0,1.0000
4,168.0000,2,23,677.7501,-87.3651,0.3528,21,0.5250,0.7143,7,4,0,0,0,4,0,1.0000
4,168.0000,2,24,576.4736,-86.1279,0.2344,22,0.5500,0.4000,5,6,2,0,0,6,2,0.6667
4,168.0000,2,25,337.5791,-81.3094,-0.8904,34,0.8500,0.0000,4,4,0,0,0,4,0,1.0000
4,168.0000,3,0,867.2608,-88.9910,-0.0216,7,0.1750,1.0000,8,8,8,0,0,8,8,0.0000
4,168.0000,3,1,1030.8049,-89.3881,0.0584,4,0.1000,1.0000,8,6,6,0,0,6,6,0.0000
4,168.0000,3,5,908.2775,-88.6524,0.3892,8,0.2000,1.0000,6,8,8,0,0,8,8,0.0000
4,168.0000,3,6,339.5094,-82.5679,0.6446,32,0.8000,0.4000,5,4,0,0,0,4,0,1.0000
4,168.0000,3,7,533.9965,-85.5998,-0.2574,28,0.7000,0.5000,6,5,1,0,0,5,1,0.8000
4,168.0000,3,8,310.5238,-81.9937,0.9013,33,0.8250,0.0000,4,4,0,0,0,4,0,1.0000
4,168.0000,3,9,1046.8009,-88.8665,-0.6822,3,0.0750,1.0000,8,6,6,0,0,6,6,0.0000
4,168.0000,3,10,606.3313,-86.6847,-0.2779,25,0.6250,0.6667,6,7,5,0,0,7,5,0.2857
4,168.0000,3,15,687.3469,-88.1524,-0.3029,9,0.2250,0.7500,8,9,5,0,0,9,5,0.4444
4,168.0000,3,17,651.4855,-86.2782,-0.1356,29,0.7250,0.7297,37,8,8,29,28,37,36,0.0270
4,168.0000,3,18,944.4101,-88.3844,-1.6952,3,0.0750,1.0000,8,6,6,0,0,6,6,0.0000
4,168.0000,3,19,841.9921,-88.3115,-0.0196,8,0.2000,0.8571,7,8,7,0,0,8,7,0.1250
4,168.0000,3,20,942.0288,-87.6992,0.3693,9,0.2250,1.0000,8,8,8,0,0,8,8,0.0000
4,168.0000,3,21,925.2116,-88.9982,0.3792,3,0.0750,1.0000,8,8,8,0,0,8,8,0.0000
4,168.0000,3,22,240.4817,-81.2549,1.5944,32,0.8000,0.2000,5,4,0,0,0,4,0,1.0000
4,168.0000,4,2,706.5704,-88.4366,-0.0719,14,0.3500,0.7143,7,7,6,0,0,7,6,0.1429
4,168.0000,4,13,1037.4230,-89.7926,0.0919,3,0.0750,1.0000,4,4,4,0,0,4,4,0.0000
4,168.0000,4,16,527.4831,-84.9793,-0.8823,32,0.8000,0.4000,5,7,4,0,0,7,4,0.4286
4,168.0000,4,23,953.3672,-88.9986,0.2328,8,0.2000,1.0000,8,8,8,0,0,8,8,0.0000
4,168.0000,5,0,160.7270,-72.6129,0.3262,38,0.9268,0.0000,4,4,0,0,0,4,0,1.0000
4,168.0000,5,1,693.6514,-87.0698,0.5421,23,0.5610,0.5000,6,7,5,0,0,7,5,0.2857
4,168.0000,5,3,908.2775,-88.1213,-0.2126,3,0.0732,1.0000,8,8,8,0,0,8,8,0.0000
4,168.0000,5,6,646.5347,-87.2612,0.4696,19,0.4634,0.5714,7,7,6,0,0,7,6,0.1429
4,168.0000,5,7,645.2556,-86.9963,0.5926,18,0.4390,0.8750,8,8,6,0,0,8,6,0.2500
4,168.0000,5,8,778.1163,-88.5122,-0.0066,7,0.1707,1.0000,8,7,5,0,0,7,5,0.2857
4,168.0000,5,9,533.5655,-84.0231,-1.0935,34,0.8293,0.0000,4,6,4,0,0,6,4,0.3333
4,168.0000,5,10,400.2375,-84.0392,0.1837,31,0.7561,0.6667,6,5,1,0,0,5,1,0.8000
4,168.0000,5,12,907.4817,-89.0052,-0.3075,3,0.0732,1.0000,4,8,8,0,0,8,8,0.0000
4,168.0000,5,13,616.1126,-87.0207,0.3675,19,0.4634,1.0000,8,4,0,0,0,4,0,1.0000
4,168.0000,5,14,935.2826,-88.8996,0.2903,6,0.1463,1.0000,8,6,6,0,0,6,6,0.0000
4,168.0000,5,15,556.2137,-87.4171,0.4580,20,0.4878,0.5000,6,7,5,0,0,7,5,0.2857
4,168.0000,5,19,446.5811,-86.0216,0.4984,20,0.4878,0.7143,7,5,1,0,0,5,1,0.8000
4,168.0000,5,20,101.2874,-66.2676,-1.3458,37,0.9024,0.0000,4,4,0,0,0,4,0,1.0000
4,168.0000,5,22,730.7822,-88.1714,-0.0760,11,0.2683,1.0000,8,8,7,0,0,8,7,0.1250
4,168.0000,5,24,954.3657,-88.2866,-0.3494,5,0.1220,1.0000,6,8,8,0,0,8,8,0.0000
4,168.0000,5,25,1026.7230,-88.8576,-0.2631,7,0.1707,1.0000,8,8,8,0,0,8,8,0.0000
4,168.0000,6,0,596.1337,-86.1654,0.1325,26,0.6500,0.4000,5,7,5,0,0,7,5,0.2857
4,168.0000,6,1,864.6473,-88.5191,-0.3957,14,0.3500,0.8750,8,8,8,0,0,8,8,0.0000
4,168.0000,6,3,339.5094,-82.1934,0.4092,36,0.9000,0.5897,39,4,0,27,15,31,15,0.5161
4,168.0000,6,5,646.5347,-88.0764,-0.0392,24,0.6000,0.7143,7,8,8,0,0,8,8,0.0000
4,168.0000,6,7,241.0325,-79.3059,0.2694,37,0.9250,0.2000,5,4,0,0,0,4,0,1.0000
4,168.0000,6,8,419.9830,-83.6432,-0.3674,36,0.9000,0.5000,6,5,2,0,0,5,2,0.6000
4,168.0000,6,9,788.3929,-87.5602,-0.3688,8,0.2000,0.7778,9,8,8,6,6,14,14,0.0000
4,168.0000,6,10,469.4989,-83.8688,-0.1245,31,0.7750,0.4000,5,5,2,0,0,5,2,0.6000
4,168.0000,6,15,626.4255,-86.5290,0.3552,25,0.6250,0.5714,7,8,6,0,0,8,6,0.2500
4,168.0000,6,17,745.0668,-88.1190,0.0501,23,0.5750,0.6667,6,8,6,0,0,8,6,0.2500
4,168.0000,6,18,931.1321,-88.5381,1.0199,6,0.1500,1.0000,8,8,8,0,0,8,8,0.0000
4,168.0000,6,19,740.2194,-87.8123,-0.2281,21,0.5250,0.6667,6,8,6,0,0,8,6,0.2500
4,168.0000,6,20,687.4414,-87.4968,0.0756,21,0.5250,0.8000,5,6,4,0,0,6,4,0.3333
4,168.0000,6,21,850.2951,-89.3444,0.0752,4,0.1000,1.0000,6,8,7,0,0,8,7,0.1250
4,168.0000,6,22,257.4998,-79.6445,-0.1546,36,0.9000,0.4062,32,3,0,31,12,34,12,0.6471
4,168.0000,7,0,549.8415,-85.3758,-0.0610,26,0.6500,0.6667,6,6,3,0,0,6,3,0.5000
4,168.0000,7,1,758.0502,-87.8596,-0.3224,16,0.4000,1.0000,6,7,5,0,0,7,5,0.2857
4,168.0000,7,3,533.9965,-85.6403,-0.2450,31,0.7750,0.5714,7,5,2,0,0,5,2,0.6000
4,168.0000,7,5,645.2556,-87.3832,0.2038,19,0.4750,0.5000,6,7,5,0,0,7,5,0.2857
4,168.0000,7,6,241.0325,-79.2667,0.0297,40,1.0000,0.0000,4,4,0,0,0,4,0,1.0000
4,168.0000,7,8,653.8125,-86.5045,-0.1897,30,0.7500,0.5000,6,8,8,0,0,8,8,0.0000
4,168.0000,7,9,636.5909,-87.1988,0.4792,24,0.6000,0.3333,6,6,4,0,0,6,4,0.3333
4,168.0000,7,10,551.8182,-85.3473,-0.1800,33,0.8250,0.5000,6,6,2,0,0,6,2,0.6667
4,168.0000,7,15,803.3114,-87.8640,-0.0773,11,0.2750,0.6667,6,7,6,0,0,7,6,0.1429
4,168.0000,7,17,716.9441,-87.1411,0.2932,18,0.4500,1.0000,8,8,7,0,0,8,7,0.1250
4,168.0000,7,18,804.7829,-88.3877,0.1016,14,0.3500,1.0000,6,8,8,0,0,8,8,0.0000
4,168.0000,7,19,827.3261,-88.3713,-0.2177,10,0.2500,1.0000,8,7,6,0,0,7,6,0.1429
4,168.0000,7,20,666.3602,-86.2112,0.4012,21,0.5250,0.6667,6,7,6,0,0,7,6,0.1429
4,168.0000,7,21,697.9738,-87.6760,0.6897,16,0.4000,1.0000,8,7,5,0,0,7,5,0.2857
4,168.0000,7,22,497.7147,-85.4194,0.4124,34,0.8500,0.4000,5,5,2,4,4,9,6,0.3333
4,168.0000,8,0,789.9072,-87.6852,0.0288,18,0.4500,0.6250,8,6,6,0,0,6,6,0.0000
4,168.0000,8,3,310.5238,-82.5032,0.4261,37,0.9250,0.2000,5,4,0,0,0,4,0,1.0000
4,168.0000,8,5,778.1163,-88.5328,-0.2780,10,0.2500,0.8571,7,8,7,0,0,8,7,0.1250
4,168.0000,8,6,419.9830,-83.1940,-0.9843,32,0.8000,0.0000,4,5,1,0,0,5,1,0.8000
4,168.0000,8,7,653.8125,-86.4866,-0.9014,25,0.6250,0.5714,7,7,4,0,0,7,4,0.4286
4,168.0000,8,9,1064.3897,-89.4760,-0.1215,3,0.0750,1.0000,8,4,4,0,0,4,4,0.0000
4,168.0000,8,10,494.6179,-85.0216,0.0131,29,0.7250,0.4286,7,6,4,0,0,6,4,0.3333
4,168.0000,8,15,406.0486,-84.2665,-0.2113,28,0.7000,0.4000,5,3,0,0,0,3,0,1.0000
4,168.0000,8,17,958.7762,-88.7419,0.0419,7,0.1750,1.0000,8,8,8,0,0,8,8,0.0000
4,168.0000,8,19,657.9621,-87.3581,-0.2741,22,0.5500,0.7143,7,5,2,0,0,5,2,0.6000
4,168.0000,8,20,827.1203,-87.7536,-0.3533,13,0.3250,1.0000,8,8,8,0,0,8,8,0.0000
4,168.0000,8,22,174.7842,-74.9038,-0.3293,38,0.9500,0.0000,4,4,0,0,0,4,0,1.0000
4,168.0000,8,24,922.7042,-87.7364,0.0253,5,0.1250,1.0000,6,8,8,0,0,8,8,0.0000
4,168.0000,9,0,385.0986,-83.2663,-0.5784,34,0.8500,0.4000,5,5,2,0,0,5,2,0.6000
4,168.0000,9,1,327.5955,-82.9229,0.5398,34,0.8500,0.0000,4,4,0,0,0,4,0,1.0000
4,168.0000,9,3,1046.8009,-89.0324,0.5841,4,0.1000,1.0000,6,4,4,0,0,4,4,0.0000
4,168.0000,9,5,533.5655,-84.3122,-1.1209,32,0.8000,0.6667,6,6,4,0,0,6,4,0.3333
4,168.0000,9,6,788.3929,-88.1525,0.3852,13,0.3250,0.7500,8,7,6,0,0,7,6,0.1429
4,168.0000,9,7,636.5909,-86.9432,0.1472,27,0.6750,0.8571,7,7,6,4,4,11,10,0.0909
4,168.0000,9,8,1064.3897,-88.7895,-1.4617,3,0.0750,1.0000,6,8,8,0,0,8,8,0.0000
4,168.0000,9,10,630.5667,-86.5197,-1.2991,19,0.4750,0.4000,5,7,6,0,0,7,6,0.1429
4,168.0000,9,15,990.5990,-88.4006,0.4747,4,0.1000,0.8571,7,6,6,0,0,6,6,0.0000
4,168.0000,9,19,753.0344,-88.1553,-0.2142,12,0.3000,0.7500,8,8,7,0,0,8,7,0.1250
4,168.0000,9,20,460.0348,-83.4581,-0.3829,30,0.7500,0.4000,5,8,7,0,0,8,7,0.1250
4,168.0000,9,21,770.2821,-88.2433,-0.0075,18,0.4500,0.8571,7,7,5,0,0,7,5,0.2857
4,168.0000,9,22,977.1649,-88.6039,-0.9785,4,0.1000,1.0000,6,8,8,0,0,8,8,0.0000
4,168.0000,10,0,371.5576,-82.8124,0.3737,31,0.7750,0.2000,5,6,3,0,0,6,3,0.5000
4,168.0000,10,1,617.1636,-87.0874,0.1995,22,0.5500,0.8571,7,7,4,0,0,7,4,0.4286
4,168.0000,10,3,606.3313,-86.4256,-0.1283,18,0.4500,0.9176,85,5,1,46,44,51,45,0.1176
4,168.0000,10,5,400.2375,-83.8743,0.3657,31,0.7750,0.3333,6,6,3,0,0,6,3,0.5000
4,168.0000,10,6,469.4989,-84.1355,-0.7524,29,0.7250,0.3333,6,7,3,0,0,7,3,0.5714
4,168.0000,10,7,551.8182,-86.2428,0.3625,27,0.6750,0.2000,5,4,0,0,0,4,0,1.0000
4,168.0000,10,8,494.6179,-84.7299,-0.6882,31,0.7750,0.6119,67,5,1,63,40,68,41,0.3971
4,168.0000,10,9,630.5667,-86.6939,-0.6112,26,0.6500,0.6667,6,8,6,0,0,8,6,0.2500
4,168.0000,10,13,837.3930,-88.8679,0.2058,6,0.1500,1.0000,6,8,8,0,0,8,8,0.0000
4,168.0000,10,14,1033.9266,-89.2241,0.5390,4,0.1000,1.0000,4,4,4,0,0,4,4,0.0000
4,168.0000,10,15,408.3065,-85.4385,0.3274,26,0.6500,0.0000,4,7,4,0,0,7,4,0.4286
4,168.0000,10,19,283.5132,-82.1453,1.0281,32,0.8000,0.0000,4,4,0,0,0,4,0,1.0000
4,168.0000,10,20,400.0603,-83.7017,0.3627,34,0.8500,0.0000,4,4,1,0,0,4,1,0.7500
4,168.0000,10,22,486.3899,-85.3201,0.3189,32,0.8000,0.2000,5,5,2,32,26,37,28,0.2432
4,168.0000,10,24,934.2955,-88.5989,-0.7853,3,0.0750,1.0000,8,4,4,0,0,4,4,0.0000
4,168.0000,11,2,565.3283,-86.4157,-0.0688,29,0.7250,0.4000,5,6,4,0,0,6,4,0.3333
4,168.0000,11,12,349.3900,-82.7568,-0.1568,35,0.8750,0.4706,34,4,0,0,0,4,0,1.0000
4,168.0000,11,13,752.0969,-87.9584,0.3735,11,0.2750,1.0000,12,8,8,0,0,8,8,0.0000
4,168.0000,11,14,355.0948,-84.0387,0.4799,32,0.8000,0.3333,6,5,1,0,0,5,1,0.8000
4,168.0000,11,16,952.4391,-88.8565,-0.0292,7,0.1750,1.0000,2,6,6,0,0,6,6,0.0000
4,168.0000,11,23,470.5026,-85.1191,0.0764,35,0.8750,0.4000,5,6,3,0,0,6,3,0.5000
4,168.0000,11,24,594.5281,-86.9872,0.3435,21,0.5250,0.9167,12,7,5,0,0,7,5,0.2857
4,168.0000,11,25,271.2679,-82.8641,0.7134,36,0.9000,0.3704,27,4,0,40,0,44,0,1.0000
4,168.0000,12,2,461.9961,-83.1587,-0.1587,32,0.8000,0.2000,5,6,4,0,0,6,4,0.3333
4,168.0000,12,11,349.3900,-82.3772,-0.2558,34,0.8500,0.4000,5,4,0,0,0,4,0,1.0000
4,168.0000,12,13,456.6980,-83.6769,0.2048,29,0.7250,0.5714,7,7,5,0,0,7,5,0.2857
4,168.0000,12,14,101.6673,-72.9296,2.0189,38,0.9500,0.0000,4,4,0,0,0,4,0,1.0000
4,168.0000,12,15,715.1192,-88.1804,-0.0158,13,0.3250,0.8750,8,8,8,0,0,8,8,0.0000
4,168.0000,12,16,842.5460,-87.8185,0.8407,7,0.1750,0.8571,7,8,7,0,0,8,7,0.1250
4,168.0000,12,19,910.0607,-88.5072,-0.4293,10,0.2500,0.9778,45,7,6,0,0,7,6,0.1429
4,168.0000,12,20,977.1428,-89.3154,-0.0439,3,0.0750,1.0000,6,8,8,0,0,8,8,0.0000
4,168.0000,12,23,724.4608,-87.5419,0.5416,17,0.4250,0.8571,7,6,4,0,0,6,4,0.3333
4,168.0000,12,24,403.8136,-83.6411,0.2309,27,0.6750,0.4000,5,4,0,0,0,4,0,1.0000
4,168.0000,12,25,187.7180,-76.2304,-0.4561,39,0.9750,0.0000,4,4,0,0,0,4,0,1.0000
4,168.0000,13,0,767.1397,-88.1905,0.1841,9,0.2250,0.6250,8,8,6,0,0,8,6,0.2500
4,168.0000,13,2,411.8978,-83.7357,0.2560,34,0.8500,0.2000,5,6,2,0,0,6,2,0.6667
4,168.0000,13,5,616.1126,-87.6837,0.5193,14,0.3500,1.0000,8,6,3,0,0,6,3,0.5000
4,168.0000,13,11,752.0969,-87.7228,0.2279,17,0.4250,0.8571,7,8,7,0,0,8,7,0.1250
4,168.0000,13,12,456.6980,-84.5008,-0.5097,31,0.7750,0.5714,7,7,6,0,0,7,6,0.1429
4,168.0000,13,14,482.6424,-82.9851,-1.3804,33,0.8250,0.2000,5,7,5,0,0,7,5,0.2857
4,168.0000,13,15,682.9894,-87.9756,-0.4601,20,0.5000,0.7143,7,8,7,0,0,8,7,0.1250
4,168.0000,13,16,611.0776,-86.6288,1.1311,20,0.5000,0.8750,8,5,1,0,0,5,1,0.8000
4,168.0000,13,19,662.6441,-87.1520,-0.6165,20,0.5000,0.8571,7,7,6,2,2,9,8,0.1111
4,168.0000,13,20,652.4150,-87.7149,-0.3171,16,0.4000,0.7143,7,6,4,1,0,7,4,0.4286
4,168.0000,13,22,1112.0964,-89.5207,0.2609,3,0.0750,1.0000,8,6,6,0,0,6,6,0.0000
4,168.0000,13,23,1022.4197,-88.9091,-0.1159,4,0.1000,1.0000,8,4,4,0,0,4,4,0.0000
4,168.0000,13,24,598.3325,-86.0630,-0.6247,28,0.7000,0.6667,6,7,6,0,0,7,6,0.1429
4,168.0000,13,25,485.3618,-84.2014,-1.1673,34,0.8500,0.1667,6,4,0,6,6,10,6,0.4000
4,168.0000,14,2,450.0683,-83.2434,-0.9170,36,0.9000,0.0000,4,5,2,0,0,5,2,0.6000
4,168.0000,14,4,1133.6312,-89.0393,-0.8929,3,0.0750,1.0000,8,2,2,0,0,2,2,0.0000
4,168.0000,14,5,935.2826,-89.1329,1.0223,3,0.0750,1.0000,8,8,8,0,0,8,8,0.0000
4,168.0000,14,11,355.0948,-83.8489,1.4028,35,0.8750,0.4000,5,5,1,0,0,5,1,0.8000
4,168.0000,14,12,101.6673,-71.9189,1.3497,39,0.9750,0.2000,5,4,0,0,0,4,0,1.0000
4,168.0000,14,13,482.6424,-83.0105,-0.8683,31,0.7750,0.5714,7,6,3,0,0,6,3,0.5000
4,168.0000,14,15,693.5893,-86.9280,0.2174,22,0.5500,0.8750,8,7,5,0,0,7,5,0.2857
4,168.0000,14,16,821.1251,-88.8383,0.1398,15,0.3750,0.8750,8,8,8,0,0,8,8,0.0000
4,168.0000,14,19,888.1283,-88.0530,-0.3355,10,0.2500,0.8750,8,8,8,0,0,8,8,0.0000
4,168.0000,14,23,675.3418,-88.3173,0.3804,17,0.4250,0.7143,7,7,5,0,0,7,5,0.2857
4,168.0000,14,24,310.0600,-82.2094,0.2076,36,0.9000,0.0000,4,5,1,0,0,5,1,0.8000
4,168.0000,14,25,210.0335,-76.4449,-0.8488,40,1.0000,0.0000,4,5,1,0,0,5,1,0.8000
4,168.0000,15,0,638.6343,-86.5374,0.1150,25,0.6250,0.6250,8,5,2,0,0,5,2,0.6000
4,168.0000,15,1,1013.8064,-88.5875,0.2227,3,0.0750,1.0000,8,4,4,0,0,4,4,0.0000
4,168.0000,15,2,956.3806,-88.5963,-0.0615,11,0.2750,0.8571,7,6,6,0,0,6,6,0.0000
4,168.0000,15,3,687.3469,-87.6796,0.7592,15,0.3750,0.7500,8,6,3,0,0,6,3,0.5000
4,168.0000,15,5,556.2137,-87.3276,0.4318,25,0.6250,0.8571,7,6,4,0,0,6,4,0.3333
4,168.0000,15,6,626.4255,-86.6721,0.2766,23,0.5750,0.8571,7,8,7,0,0,8,7,0.1250
4,168.0000,15,7,803.3114,-88.3211,0.7661,15,0.3750,0.8571,7,8,8,0,0,8,8,0.0000
4,168.0000,15,8,406.0486,-84.6284,0.5441,36,0.9000,0.4000,5,4,0,0,0,4,0,1.0000
4,168.0000,15,9,990.5990,-89.2453,0.5392,6,0.1500,1.0000,10,8,8,0,0,8,8,0.0000
4,168.0000,15,10,408.3065,-85.5375,0.8591,31,0.7750,0.4000,5,5,1,0,0,5,1,0.8000
4,168.0000,15,11,1034.0657,-88.9894,-0.6416,3,0.0750,1.0000,4,8,8,0,0,8,8,0.0000
4,168.0000,15,12,715.1192,-87.2956,-0.1187,21,0.5250,0.8750,8,7,5,0,0,7,5,0.2857
4,168.0000,15,13,682.9894,-87.7111,-0.3499,27,0.6750,0.8000,5,8,7,0,0,8,7,0.1250
4,168.0000,15,14,693.5893,-87.0964,-1.0241,26,0.6500,0.4000,5,6,4,0,0,6,4,0.3333
4,168.0000,15,19,399.4774,-83.3994,-0.6099,35,0.8750,0.2000,5,6,3,0,0,6,3,0.5000
4,168.0000,15,20,612.5097,-87.1899,0.1007,19,0.4750,0.7143,7,6,4,0,0,6,4,0.3333
4,168.0000,15,22,487.8546,-85.5560,-0.2041,35,0.8750,0.3333,6,6,3,0,0,6,3,0.5000
4,168.0000,15,24,579.3577,-85.7462,-0.5604,34,0.8500,0.5000,6,7,5,0,0,7,5,0.2857
4,168.0000,15,25,875.5763,-87.7417,-0.0599,10,0.2500,1.0000,8,7,6,0,0,7,6,0.1429
4,168.0000,16,2,398.1736,-85.1332,0.3961,21,0.5122,0.6250,8,5,2,0,0,5,2,0.6000
4,168.0000,16,4,527.4831,-84.6573,-0.6802,27,0.6585,0.2000,5,6,3,0,0,6,3,0.5000
4,168.0000,16,12,842.5460,-87.8834,0.1285,5,0.1220,1.0000,8,8,8,0,0,8,8,0.0000
4,168.0000,16,13,611.0776,-87.0563,0.4874,11,0.2683,0.8571,7,7,4,0,0,7,4,0.4286
4,168.0000,16,14,821.1251,-88.6782,0.3100,3,0.0732,0.7143,7,8,8,0,0,8,8,0.0000
4,168.0000,16,23,939.2602,-89.1844,0.4227,3,0.0732,0.8000,5,8,8,0,0,8,8,0.0000
4,168.0000,16,25,735.5212,-87.3855,-0.2033,9,0.2195,1.0000,8,7,5,0,0,7,5,0.2857
4,168.0000,17,3,651.4855,-86.1750,-0.4701,21,0.5250,0.4000,5,8,6,0,0,8,6,0.2500
4,168.0000,17,6,745.0668,-87.5894,0.2499,13,0.3250,0.8571,7,6,4,0,0,6,4,0.3333
4,168.0000,17,7,716.9441,-87.3076,-0.4410,16,0.4000,0.7143,7,7,6,0,0,7,6,0.1429
4,168.0000,17,8,958.7762,-88.1901,-0.0886,4,0.1000,1.0000,8,8,8,0,0,8,8,0.0000
4,168.0000,17,18,377.1404,-84.9464,0.5883,32,0.8000,0.6667,6,5,0,0,0,5,0,1.0000
4,168.0000,17,21,626.4141,-87.6711,0.2177,18,0.4500,0.7143,7,7,5,0,0,7,5,0.2857
4,168.0000,17,22,850.5609,-88.4303,-0.2989,12,0.3000,1.0000,8,8,8,0,0,8,8,0.0000
4,168.0000,18,3,944.4101,-87.9449,-0.3407,4,0.1000,0.8571,7,6,6,0,0,6,6,0.0000
4,168.0000,18,6,931.1321,-89.1552,0.1132,4,0.1000,1.0000,4,10,10,0,0,10,10,0.0000
4,168.0000,18,7,804.7829,-87.9911,0.4041,8,0.2000,0.8750,8,8,7,0,0,8,7,0.1250
4,168.0000,18,17,377.1404,-84.3772,1.0461,31,0.7750,0.3333,6,4,1,0,0,4,1,0.7500
4,168.0000,18,21,429.8115,-84.1198,-0.3119,33,0.8250,0.4000,5,5,1,0,0,5,1,0.8000
4,168.0000,19,0,482.0724,-85.2171,0.1485,34,0.8500,0.4000,5,4,0,0,0,4,0,1.0000
4,168.0000,19,1,705.6195,-88.3939,0.3953,15,0.3750,1.0000,8,5,1,0,0,5,1,0.8000
4,168.0000,19,2,967.5072,-88.8404,-0.3618,3,0.0750,0.8571,7,8,8,0,0,8,8,0.0000
4,168.0000,19,3,841.9921,-88.6237,0.1328,11,0.2750,1.0000,8,8,8,0,0,8,8,0.0000
4,168.0000,19,5,446.5811,-85.8907,0.7337,29,0.7250,0.0000,4,6,3,0,0,6,3,0.5000
4,168.0000,19,6,740.2194,-87.3193,-0.0687,20,0.5000,0.7143,7,7,6,0,0,7,6,0.1429
4,168.0000,19,7,827.3261,-88.1039,0.4282,18,0.4500,0.8750,8,8,7,0,0,8,7,0.1250
4,168.0000,19,8,657.9621,-86.3927,-0.2158,26,0.6500,0.7143,7,6,3,0,0,6,3,0.5000
4,168.0000,19,9,753.0344,-88.0530,0.1377,21,0.5250,0.8750,8,7,6,0,0,7,6,0.1429
4,168.0000,19,10,283.5132,-81.7321,1.3975,36,0.9000,0.1667,6,5,1,0,0,5,1,0.8000
4,168.0000,19,12,910.0607,-88.7555,-0.2962,13,0.3250,1.0000,8,8,7,0,0,8,7,0.1250
4,168.0000,19,13,662.6441,-87.6786,0.0027,28,0.7000,0.7143,7,5,2,0,0,5,2,0.6000
4,168.0000,19,14,888.1283,-87.5995,-0.4137,15,0.3750,1.0000,8,8,8,0,0,8,8,0.0000
4,168.0000,19,15,399.4774,-83.4178,0.1028,35,0.8750,0.0000,4,6,3,0,0,6,3,0.5000
4,168.0000,19,20,431.3921,-84.7960,0.4171,35,0.8750,0.6667,6,5,1,0,0,5,1,0.8000
4,168.0000,19,22,706.0432,-87.6360,-0.5421,24,0.6000,0.5000,6,8,8,0,0,8,8,0.0000
4,168.0000,19,24,762.1735,-87.8980,-0.8406,23,0.5750,0.6667,6,6,6,0,0,6,6,0.0000
4,168.0000,19,25,1021.5474,-87.9049,1.1891,6,0.1500,1.0000,8,2,2,0,0,2,2,0.0000
4,168.0000,20,0,125.3436,-70.2662,-0.6596,37,0.9250,0.0000,4,4,0,0,0,4,0,1.0000
4,168.0000,20,1,607.6526,-86.5505,-0.6606,18,0.4500,0.8571,7,8,8,0,0,8,8,0.0000
4,168.0000,20,3,942.0288,-88.9879,-0.8846,6,0.1500,1.0000,8,8,8,0,0,8,8,0.0000
4,168.0000,20,5,101.2874,-66.1457,-0.9151,38,0.9500,0.0000,4,4,0,0,0,4,0,1.0000
4,168.0000,20,6,687.4414,-86.6610,-0.2582,19,0.4750,1.0000,8,7,5,0,0,7,5,0.2857
4,168.0000,20,7,666.3602,-86.9442,-0.8342,17,0.4250,0.6667,6,7,6,0,0,7,6,0.1429
4,168.0000,20,8,827.1203,-87.6533,0.1248,12,0.3000,1.0000,8,8,6,0,0,8,6,0.2500
4,168.0000,20,9,460.0348,-83.5809,-0.5961,35,0.8750,0.5000,14,7,5,0,0,7,5,0.2857
4,168.0000,20,10,400.0603,-83.7299,0.1861,32,0.8000,0.2000,5,5,2,0,0,5,2,0.6000
4,168.0000,20,12,977.1428,-89.2218,-0.3617,4,0.1000,1.0000,8,6,6,0,0,6,6,0.0000
4,168.0000,20,13,652.4150,-87.5356,-0.1970,23,0.5750,1.0000,78,7,5,50,50,57,55,0.0351
4,168.0000,20,14,1000.5200,-88.9254,0.3585,5,0.1250,1.0000,8,8,8,0,0,8,8,0.0000
4,168.0000,20,15,612.5097,-87.6869,0.1763,15,0.3750,0.7143,7,6,4,30,30,36,34,0.0556
4,168.0000,20,19,431.3921,-84.6029,-0.1709,29,0.7250,0.3333,6,5,1,2,2,7,3,0.5714
4,168.0000,20,21,1089.0920,-89.1976,-0.0434,4,0.1000,,0,4,4,0,0,4,4,0.0000
4,168.0000,20,22,782.4233,-88.3585,0.0141,14,0.3500,1.0000,8,7,6,0,0,7,6,0.1429
4,168.0000,21,0,978.2960,-89.0095,-0.0140,4,0.1026,1.0000,8,8,8,0,0,8,8,0.0000
4,168.0000,21,1,685.0811,-87.1441,0.1317,16,0.4103,0.8750,8,8,8,0,0,8,8,0.0000
4,168.0000,21,3,925.2116,-88.5751,-0.5173,7,0.1795,1.0000,8,8,8,0,0,8,8,0.0000
4,168.0000,21,6,850.2951,-88.9809,-0.3175,4,0.1026,1.0000,8,6,4,0,0,6,4,0.3333
4,168.0000,21,7,697.9738,-87.6518,0.3567,8,0.2051,0.8750,8,7,3,0,0,7,3,0.5714
4,168.0000,21,9,770.2821,-88.4401,-0.1030,12,0.3077,0.8571,7,7,6,0,0,7,6,0.1429
4,168.0000,21,10,948.8067,-88.7064,-0.4602,3,0.0769,1.0000,6,8,7,0,0,8,7,0.1250
4,168.0000,21,17,626.4141,-87.0702,-0.6624,14,0.3590,0.8750,8,8,7,0,0,8,7,0.1250
4,168.0000,21,18,429.8115,-84.4059,-0.0577,36,0.9231,0.0000,4,4,0,0,0,4,0,1.0000
4,168.0000,22,0,723.5826,-88.0327,-0.2192,19,0.4750,0.5714,7,7,6,0,0,7,6,0.1429
4,168.0000,22,1,1009.2482,-88.9656,0.1945,4,0.1000,1.0000,8,8,8,0,0,8,8,0.0000
4,168.0000,22,3,240.4817,-81.3758,1.1309,36,0.9000,0.0000,4,4,0,8,0,12,0,1.0000
4,168.0000,22,5,730.7822,-88.1673,0.1987,15,0.3750,1.0000,8,7,4,0,0,7,4,0.4286
4,168.0000,22,6,257.4998,-79.8862,-0.6700,37,0.9250,0.0000,4,5,1,0,0,5,1,0.8000
4,168.0000,22,7,497.7147,-85.1554,0.4817,32,0.8000,0.0000,4,6,3,0,0,6,3,0.5000
4,168.0000,22,8,174.7842,-74.7366,-0.6799,39,0.9750,0.2000,5,4,0,0,0,4,0,1.0000
4,168.0000,22,10,486.3899,-85.1128,0.3917,32,0.8000,0.0000,4,7,5,0,0,7,5,0.2857
4,168.0000,22,13,1112.0964,-89.4085,0.3361,3,0.0750,1.0000,8,6,6,0,0,6,6,0.0000
4,168.0000,22,15,487.8546,-84.9092,-0.2730,31,0.7750,0.3333,6,7,4,0,0,7,4,0.4286
4,168.0000,22,17,850.5609,-88.0318,0.0058,7,0.1750,1.0000,44,8,8,8,8,16,16,0.0000
4,168.0000,22,19,706.0432,-86.4232,-0.6573,19,0.4750,1.0000,8,8,8,0,0,8,8,0.0000
4,168.0000,22,20,782.4233,-87.6422,-0.2658,14,0.3500,1.0000,8,8,6,0,0,8,6,0.2500
4,168.0000,22,24,1037.6264,-89.1512,-0.0341,5,0.1250,1.0000,4,6,6,0,0,6,6,0.0000
4,168.0000,23,2,677.7501,-87.0350,0.2599,19,0.4750,0.6667,6,5,3,0,0,5,3,0.4000
4,168.0000,23,4,953.3672,-88.5058,0.1352,5,0.1250,1.0000,8,8,8,0,0,8,8,0.0000
4,168.0000,23,11,470.5026,-85.3514,-0.1029,30,0.7500,0.6667,6,6,3,0,0,6,3,0.5000
4,168.0000,23,12,724.4608,-88.2986,-0.1210,16,0.4000,0.7143,7,7,5,0,0,7,5,0.2857
4,168.0000,23,13,1022.4197,-88.8812,-0.9845,5,0.1250,1.0000,4,4,4,0,0,4,4,0.0000
4,168.0000,23,14,675.3418,-88.7938,0.1859,17,0.4250,0.7143,7,7,5,0,0,7,5,0.2857
4,168.0000,23,16,939.2602,-88.8384,0.0265,6,0.1500,1.0000,8,8,8,0,0,8,8,0.0000
4,168.0000,23,24,747.5479,-87.4832,0.1192,15,0.3750,0.8571,7,8,6,0,0,8,6,0.2500
4,168.0000,23,25,598.3346,-87.5678,0.4717,17,0.4250,0.8571,7,6,3,0,0,6,3,0.5000
4,168.0000,24,2,576.4736,-86.0583,0.4199,24,0.5854,0.6667,6,4,2,0,0,4,2,0.5000
4,168.0000,24,5,954.3657,-89.2096,0.1295,3,0.0732,1.0000,6,8,8,0,0,8,8,0.0000
4,168.0000,24,8,922.7042,-88.2248,-1.8812,3,0.0732,0.8750,8,8,8,0,0,8,8,0.0000
4,168.0000,24,10,934.2955,-88.8079,0.0208,6,0.1463,1.0000,8,8,8,0,0,8,8,0.0000
4,168.0000,24,11,594.5281,-87.3042,0.7841,19,0.4634,0.7500,8,7,5,0,0,7,5,0.2857
4,168.0000,24,12,403.8136,-83.9212,0.1902,30,0.7317,0.5000,6,6,2,0,0,6,2,0.6667
4,168.0000,24,13,598.3325,-85.8698,-0.6878,22,0.5366,0.8571,7,8,7,0,0,8,7,0.1250
4,168.0000,24,14,310.0600,-82.0007,-0.5577,32,0.7805,0.1667,6,5,1,0,0,5,1,0.8000
4,168.0000,24,15,579.3577,-85.9171,-0.8963,17,0.4146,0.5000,6,6,2,0,0,6,2,0.6667
4,168.0000,24,16,850.5412,-88.4786,-0.4586,4,0.0976,1.0000,8,8,8,0,0,8,8,0.0000
4,168.0000,24,19,762.1735,-87.6548,-0.1874,9,0.2195,1.0000,8,8,8,0,0,8,8,0.0000
4,168.0000,24,20,1005.0264,-88.6873,-0.2583,4,0.0976,1.0000,2,7,6,0,0,7,6,0.1429
4,168.0000,24,22,1037.6264,-87.7634,-2.3366,3,0.0732,1.0000,8,6,6,0,0,6,6,0.0000
4,168.0000,24,23,747.5479,-87.8217,-0.0607,12,0.2927,1.0000,8,7,6,0,0,7,6,0.1429
4,168.0000,24,25,484.3346,-84.8861,0.0702,24,0.5854,0.5714,7,5,2,0,0,5,2,0.6000
4,168.0000,25,2,337.5791,-80.4880,-0.3916,35,0.8974,0.0000,4,5,1,0,0,5,1,0.8000
4,168.0000,25,4,975.6826,-88.1570,0.2379,5,0.1282,1.0000,6,6,6,0,0,6,6,0.0000
4,168.0000,25,11,271.2679,-81.9818,0.7601,36,0.9231,0.2000,5,4,0,0,0,4,0,1.0000
4,168.0000,25,12,187.7180,-75.3756,0.5370,38,0.9744,0.0000,4,4,0,0,0,4,0,1.0000
4,168.0000,25,13,485.3618,-83.6391,-0.6622,29,0.7436,0.3333,6,5,2,30,28,35,30,0.1429
4,168.0000,25,14,210.0335,-76.3471,-0.6693,37,0.9487,0.0000,4,4,0,1,0,5,0,1.0000
4,168.0000,25,15,875.5763,-88.1808,0.0796,6,0.1538,0.7143,7,6,6,0,0,6,6,0.0000
4,168.0000,25,16,735.5212,-88.1294,-0.0509,15,0.3846,0.8571,7,7,5,0,0,7,5,0.2857
4,168.0000,25,19,1021.5474,-88.5761,-1.4129,4,0.1026,1.0000,36,6,6,46,46,52,52,0.0000
4,168.0000,25,23,598.3346,-86.6978,0.2706,19,0.4872,0.6667,6,8,7,0,0,8,7,0.1250
4,168.0000,25,24,484.3346,-85.6149,-0.2185,23,0.5897,0.4000,5,6,3,0,0,6,3,0.5000
4,172.0000,0,1,441.2929,-85.2785,0.1985,29,0.7250,0.3333,6,6,4,0,0,6,4,0.3333
4,172.0000,0,3,862.7482,-88.7975,-0.6740,8,0.2000,1.0000,8,8,8,0,0,8,8,0.0000
4,172.0000,0,5,344.1433,-78.6984,-1.4487,39,0.9750,0.0000,4,6,4,0,0,6,4,0.3333
4,172.0000,0,6,670.3203,-87.2706,-0.5443,21,0.5250,0.8750,8,6,4,0,0,6,4,0.3333
4,172.0000,0,7,535.4493,-86.2997,0.3971,27,0.6750,0.2000,5,5,2,0,0,5,2,0.6000
4,172.0000,0,8,779.5850,-88.2575,-0.0843,13,0.3250,0.8750,8,7,4,0,0,7,4,0.4286
4,172.0000,0,9,399.0551,-83.4413,-0.4573,37,0.9250,0.4000,5,6,2,0,0,6,2,0.6667
4,172.0000,0,10,420.5463,-83.5124,-0.1031,34,0.8500,0.0000,4,5,1,0,0,5,1,0.8000
4,172.0000,0,13,759.8511,-88.3418,-0.3322,15,0.3750,0.8571,7,6,4,0,0,6,4,0.3333
4,172.0000,0,15,670.7289,-86.8609,-0.1154,19,0.4750,0.5000,6,6,3,0,0,6,3,0.5000
4,172.0000,0,19,475.6420,-84.6653,0.1747,34,0.8500,0.0000,4,5,1,0,0,5,1,0.8000
4,172.0000,0,20,239.8505,-76.2193,-1.2315,37,0.9250,0.0000,4,4,0,0,0,4,0,1.0000
4,172.0000,0,21,861.3440,-88.7661,0.3770,5,0.1250,1.0000,4,8,8,0,0,8,8,0.0000
4,172.0000,0,22,788.0419,-88.0755,-0.2361,13,0.3250,0.8571,7,8,8,0,0,8,8,0.0000
4,172.0000,1,0,441.2929,-85.3842,0.9441,30,0.7500,0.2000,5,5,2,0,0,5,2,0.6000
4,172.0000,1,3,985.2659,-89.5145,-0.0093,3,0.0750,1.0000,4,8,7,0,0,8,7,0.1250
4,172.0000,1,5,730.9747,-87.5611,0.0641,15,0.3750,0.7143,7,7,6,0,0,7,6,0.1429
4,172.0000,1,6,854.8125,-88.4383,0.1466,12,0.3000,0.8571,7,8,8,0,0,8,8,0.0000
4,172.0000,1,7,717.3219,-87.3722,0.3060,15,0.3750,0.8750,8,8,8,0,0,8,8,0.0000
4,172.0000,1,8,945.6507,-88.2710,0.1510,6,0.1500,0.8571,7,8,8,0,0,8,8,0.0000
4,172.0000,1,9,345.6681,-82.2103,-0.2571,37,0.9250,0.0000,4,5,1,0,0,5,1,0.8000
4,172.0000,1,10,575.1368,-86.8104,0.1746,25,0.6250,0.8571,7,7,5,0,0,7,5,0.2857
4,172.0000,1,15,895.1950,-88.7960,-0.3982,7,0.1750,1.0000,6,7,6,0,0,7,6,0.1429
4,172.0000,1,19,541.0358,-86.6967,0.7519,28,0.7000,0.5714,7,5,2,0,0,5,2,0.6000
4,172.0000,1,20,588.7068,-86.6982,0.1604,20,0.5000,0.8750,8,8,7,0,0,8,7,0.1250
4,172.0000,1,21,701.2137,-88.2278,-0.1693,18,0.4500,0.4000,5,8,6,0,0,8,6,0.2500
4,172.0000,1,22,963.2351,-89.1497,0.1775,4,0.1000,1.0000,8,6,6,0,0,6,6,0.0000
4,172.0000,2,4,681.7162,-88.0858,0.0430,22,0.5366,0.7500,8,6,2,0,0,6,2,0.6667
4,172.0000,2,5,971.0112,-89.2234,0.0711,3,0.0732,1.0000,8,8,7,0,0,8,7,0.1250
4,172.0000,2,11,626.5734,-86.8747,-0.0815,32,0.7805,0.6667,6,8,6,0,0,8,6,0.2500
4,172.0000,2,12,542.8423,-85.4819,-0.5736,29,0.7073,0.5000,6,7,5,0,0,7,5,0.2857
4,172.0000,2,13,469.5128,-84.6982,0.2684,30,0.7317,0.0000,4,8,7,0,0,8,7,0.1250
4,172.0000,2,14,654.4701,-85.3799,-0.8226,30,0.7317,0.6667,6,7,6,0,0,7,6,0.1429
4,172.0000,2,16,315.2972,-82.4977,0.7172,35,0.8537,0.0000,4,5,1,0,0,5,1,0.8000
4,172.0000,2,19,1031.2635,-89.5794,-0.0383,3,0.0732,1.0000,4,6,6,0,0,6,6,0.0000
4,172.0000,2,23,715.6790,-87.4142,-0.3408,24,0.5854,0.0000,4,6,4,0,0,6,4,0.3333
4,172.0000,2,24,588.9445,-86.2184,0.1556,22,0.5366,0.3333,6,4,0,0,0,4,0,1.0000
4,172.0000,2,25,469.7332,-83.3093,-0.7539,34,0.8293,0.0000,4,5,1,0,0,5,1,0.8000
4,172.0000,3,0,862.7482,-88.0238,0.0984,12,0.3000,1.0000,8,8,8,0,0,8,8,0.0000
4,172.0000,3,5,804.9912,-88.0561,0.1326,6,0.1500,1.0000,8,8,6,0,0,8,6,0.2500
4,172.0000,3,6,341.1054,-82.2377,0.3760,36,0.9000,0.0000,4,5,2,0,0,5,2,0.6000
4,172.0000,3,7,577.9340,-86.0775,-0.4501,27,0.6750,0.2000,5,7,6,0,0,7,6,0.1429
4,172.0000,3,8,269.4454,-80.7786,0.1493,39,0.9750,0.0000,4,4,0,0,0,4,0,1.0000
4,172.0000,3,10,586.3408,-86.4747,0.0423,25,0.6250,0.7143,7,6,3,0,0,6,3,0.5000
4,172.0000,3,15,512.8143,-87.2821,0.7455,30,0.7500,0.5556,9,5,2,0,0,5,2,0.6000
4,172.0000,3,17,786.7303,-88.2142,-0.4462,19,0.4750,0.9730,37,7,6,8,8,15,14,0.0667
4,172.0000,3,18,930.5139,-88.5916,0.5717,6,0.1500,1.0000,6,8,8,0,0,8,8,0.0000
4,172.0000,3,19,768.0908,-88.9028,0.0820,12,0.3000,0.8750,8,7,6,0,0,7,6,0.1429
4,172.0000,3,20,913.5019,-88.3848,-0.0809,8,0.2000,1.0000,8,8,8,0,0,8,8,0.0000
4,172.0000,3,21,859.6586,-88.4437,-0.4653,5,0.1250,1.0000,8,8,8,0,0,8,8,0.0000
4,172.0000,3,22,130.7788,-76.0858,1.6153,38,0.9500,0.0000,4,4,0,0,0,4,0,1.0000
4,172.0000,4,2,681.7162,-87.7252,0.2560,19,0.4750,0.8571,7,6,4,0,0,6,4,0.3333
4,172.0000,4,13,1106.6933,-88.1190,-0.7258,4,0.1000,1.0000,4,2,2,0,0,2,2,0.0000
4,172.0000,4,16,660.8223,-85.8840,-0.0076,27,0.6750,0.5714,7,7,5,0,0,7,5,0.2857
4,172.0000,4,23,941.2895,-88.5054,0.6321,6,0.1500,1.0000,8,8,8,0,0,8,8,0.0000
4,172.0000,4,25,972.8748,-88.8864,-0.8534,3,0.0750,1.0000,8,8,8,0,0,8,8,0.0000
4,172.0000,5,0,344.1433,-79.6596,-1.8449,35,0.8750,0.0000,4,7,3,0,0,7,3,0.5714
4,172.0000,5,1,730.9747,-87.4258,0.1110,18,0.4500,0.7143,7,8,7,0,0,8,7,0.1250
4,172.0000,5,2,971.0112,-89.7180,-0.0693,5,0.1250,0.9000,10,4,4,0,0,4,4,0.0000
4,172.0000,5,3,804.9912,-88.7613,-0.0868,7,0.1750,1.0000,8,8,7,0,0,8,7,0.1250
4,172.0000,5,6,687.8021,-87.0625,-0.0462,25,0.6250,0.8571,7,8,7,0,0,8,7,0.1250
4,172.0000,5,7,662.7743,-86.6072,-0.0820,19,0.4750,0.7500,8,7,6,0,0,7,6,0.1429
4,172.0000,5,8,641.0968,-87.5709,0.2374,19,0.4750,0.7143,7,5,2,0,0,5,2,0.6000
4,172.0000,5,9,742.4885,-86.6191,-0.5910,24,0.6000,0.6667,6,8,8,0,0,8,8,0.0000
4,172.0000,5,10,373.3406,-83.5005,-0.0861,32,0.8000,0.2000,5,5,1,0,0,5,1,0.8000
4,172.0000,5,12,755.5253,-88.2175,0.2878,11,0.2750,1.0000,8,8,6,0,0,8,6,0.2500
4,172.0000,5,13,521.9680,-86.3290,0.7635,26,0.6500,0.0000,4,7,4,0,0,7,4,0.4286
4,172.0000,5,14,891.2278,-88.6306,0.3899,7,0.1750,1.0000,6,8,8,0,0,8,8,0.0000
4,172.0000,5,15,454.1607,-86.1013,0.5628,28,0.7000,0.7143,7,5,2,0,0,5,2,0.6000
4,172.0000,5,19,451.5049,-84.4588,-0.0730,32,0.8000,0.2000,5,6,3,0,0,6,3,0.5000
4,172.0000,5,20,199.0281,-74.0035,-1.3494,37,0.9250,0.0000,4,4,0,0,0,4,0,1.0000
4,172.0000,5,22,717.4181,-87.7190,-0.2229,15,0.3750,0.8750,8,6,3,0,0,6,3,0.5000
4,172.0000,5,24,912.2836,-87.2558,-0.3519,5,0.1250,1.0000,8,8,7,28,27,36,34,0.0556
4,172.0000,6,0,670.3203,-86.9921,-0.1560,25,0.6250,0.7143,7,8,7,0,0,8,7,0.1250
4,172.0000,6,1,854.8125,-88.8353,0.1918,9,0.2250,1.0000,8,8,8,0,0,8,8,0.0000
4,172.0000,6,3,341.1054,-82.1774,0.3523,37,0.9250,0.4839,31,5,1,8,5,13,6,0.5385
4,172.0000,6,5,687.8021,-86.8243,-0.4424,19,0.4750,1.0000,8,7,5,0,0,7,5,0.2857
4,172.0000,6,7,255.1643,-78.6664,-0.1132,36,0.9000,0.0000,4,4,0,54,31,58,31,0.4655
4,172.0000,6,8,476.8713,-84.5220,0.3282,35,0.8750,0.4000,5,7,6,0,0,7,6,0.1429
4,172.0000,6,9,843.8953,-88.4118,0.2643,11,0.2750,1.0000,14,8,8,0,0,8,8,0.0000
4,172.0000,6,10,576.5311,-85.6689,-0.4095,28,0.7000,0.4000,5,7,5,0,0,7,5,0.2857
4,172.0000,6,15,611.3670,-86.9395,0.3108,24,0.6000,0.7500,8,8,7,0,0,8,7,0.1250
4,172.0000,6,17,698.6775,-88.2444,0.0349,21,0.5250,0.7500,8,8,7,0,0,8,7,0.1250
4,172.0000,6,18,773.1936,-88.6003,-0.1930,9,0.2250,1.0000,8,7,6,0,0,7,6,0.1429
4,172.0000,6,19,777.9239,-88.1447,-0.0152,15,0.3750,0.7500,8,8,8,0,0,8,8,0.0000
4,172.0000,6,20,783.8224,-88.3184,-0.5655,13,0.3250,0.6667,6,7,6,0,0,7,6,0.1429
4,172.0000,6,21,691.9916,-87.7929,0.3594,16,0.4000,0.8750,8,7,6,0,0,7,6,0.1429
4,172.0000,6,22,250.4208,-79.5389,0.3725,38,0.9500,0.3529,34,5,0,0,0,5,0,1.0000
4,172.0000,7,0,535.4493,-86.2997,0.2033,27,0.6585,0.5000,6,6,4,0,0,6,4,0.3333
4,172.0000,7,1,717.3219,-87.7188,-0.0183,13,0.3171,0.7143,7,7,5,0,0,7,5,0.2857
4,172.0000,7,3,577.9340,-86.6721,-0.8934,33,0.8049,0.4000,5,7,4,0,0,7,4,0.4286
4,172.0000,7,5,662.7743,-86.5592,0.0014,24,0.5854,0.7143,7,6,4,0,0,6,4,0.3333
4,172.0000,7,6,255.1643,-78.9386,-0.0895,38,0.9268,0.0000,4,4,0,0,0,4,0,1.0000
4,172.0000,7,8,673.1918,-87.3673,-0.0498,26,0.6341,1.0000,8,6,2,0,0,6,2,0.6667
4,172.0000,7,9,627.9448,-86.9922,0.3042,22,0.5366,0.6667,6,5,2,0,0,5,2,0.6000
4,172.0000,7,10,607.7653,-86.9584,-0.1989,23,0.5610,0.3333,6,7,6,0,0,7,6,0.1429
4,172.0000,7,15,742.5998,-87.7531,0.3954,13,0.3171,0.8571,7,8,6,0,0,8,6,0.2500
4,172.0000,7,17,719.3587,-88.2071,0.1057,23,0.5610,0.8750,8,7,5,54,53,61,58,0.0492
4,172.0000,7,18,720.5212,-87.8625,0.1656,17,0.4146,1.0000,8,7,6,0,0,7,6,0.1429
4,172.0000,7,19,784.9902,-88.0806,0.0694,13,0.3171,0.8571,7,7,6,0,0,7,6,0.1429
4,172.0000,7,20,710.5105,-87.6472,-0.0056,21,0.5122,0.8571,7,7,5,0,0,7,5,0.2857
4,172.0000,7,21,572.9542,-87.2843,0.2111,26,0.6341,0.7143,7,6,3,0,0,6,3,0.5000
4,172.0000,7,22,494.9715,-85.6234,-0.0293,34,0.8293,0.6667,9,6,2,0,0,6,2,0.6667
4,172.0000,8,0,779.5850,-87.4754,0.1800,16,0.4000,1.0000,6,8,8,0,0,8,8,0.0000
4,172.0000,8,1,945.6507,-89.4103,-0.0514,5,0.1250,0.8750,8,8,8,0,0,8,8,0.0000
4,172.0000,8,3,269.4454,-80.6088,0.4395,40,1.0000,0.0000,4,4,0,0,0,4,0,1.0000
4,172.0000,8,5,641.0968,-87.5021,0.2042,17,0.4250,0.8750,8,4,0,0,0,4,0,1.0000
4,172.0000,8,6,476.8713,-84.6425,-0.0040,34,0.8500,0.2000,5,8,8,0,0,8,8,0.0000
4,172.0000,8,7,673.1918,-87.1778,-1.0356,18,0.4500,0.5714,7,6,4,0,0,6,4,0.3333
4,172.0000,8,10,428.5920,-84.6472,0.3742,33,0.8250,0.6667,6,6,3,0,0,6,3,0.5000
4,172.0000,8,12,971.2270,-88.9552,0.1635,4,0.1000,,0,4,4,0,0,4,4,0.0000
4,172.0000,8,13,1000.1702,-88.7917,-0.5100,5,0.1250,1.0000,6,8,8,0,0,8,8,0.0000
4,172.0000,8,14,980.9012,-89.0814,0.3558,4,0.1000,1.0000,8,8,8,0,0,8,8,0.0000
4,172.0000,8,15,257.6495,-81.8392,1.3571,35,0.8750,0.0000,3,4,0,0,0,4,0,1.0000
4,172.0000,8,17,1033.5868,-88.5954,-0.6222,3,0.0750,1.0000,8,6,6,0,0,6,6,0.0000
4,172.0000,8,19,591.4175,-87.0871,-0.2932,18,0.4500,0.4000,5,7,5,0,0,7,5,0.2857
4,172.0000,8,20,761.3720,-88.2240,0.3212,10,0.2500,1.0000,8,7,6,0,0,7,6,0.1429
4,172.0000,8,22,272.2319,-77.8041,-0.8711,38,0.9500,0.0000,4,4,0,0,0,4,0,1.0000
4,172.0000,8,24,940.0947,-88.7228,-0.0548,8,0.2000,1.0000,8,6,6,0,0,6,6,0.0000
4,172.0000,9,0,399.0551,-82.5692,-0.5528,32,0.8000,0.4000,5,5,2,0,0,5,2,0.6000
4,172.0000,9,1,345.6681,-81.3165,0.2142,36,0.9000,0.0000,4,6,4,0,0,6,4,0.3333
4,172.0000,9,5,742.4885,-86.5353,-0.2880,23,0.5750,0.6667,6,7,5,0,0,7,5,0.2857
4,172.0000,9,6,843.8953,-87.3702,0.3994,9,0.2250,0.8571,7,8,8,0,0,8,8,0.0000
4,172.0000,9,7,627.9448,-87.1633,0.0216,26,0.6500,0.9091,11,7,4,0,0,7,4,0.4286
4,172.0000,9,10,732.0781,-88.0327,-0.1753,18,0.4500,0.8571,7,8,8,0,0,8,8,0.0000
4,172.0000,9,15,1022.4696,-88.3948,-0.9237,6,0.1500,1.0000,6,6,6,0,0,6,6,0.0000
4,172.0000,9,18,1050.6304,-88.8556,0.5369,3,0.0750,1.0000,4,6,5,0,0,6,5,0.1667
4,172.0000,9,19,760.1269,-88.3658,-0.1186,10,0.2500,0.8750,8,7,6,0,0,7,6,0.1429
4,172.0000,9,20,615.7776,-85.7050,-1.2842,26,0.6500,0.8750,8,10,10,0,0,10,10,0.0000
4,172.0000,9,21,694.1489,-87.1620,1.2116,13,0.3250,0.7143,7,7,4,0,0,7,4,0.4286
4,172.0000,9,22,1022.0953,-89.4857,1.0351,3,0.0750,1.0000,8,8,8,0,0,8,8,0.0000
4,172.0000,10,0,420.5463,-83.8724,-0.2580,32,0.8000,0.5000,6,5,2,0,0,5,2,0.6000
4,172.0000,10,1,575.1368,-86.8262,0.1029,27,0.6750,0.5714,7,6,3,0,0,6,3,0.5000
4,172.0000,10,3,586.3408,-86.9946,0.5744,28,0.7000,0.8824,51,4,0,0,0,4,0,1.0000
4,172.0000,10,5,373.3406,-83.3529,0.6880,31,0.7750,0.5000,6,5,1,0,0,5,1,0.8000
4,172.0000,10,6,576.5311,-85.4413,-0.7559,32,0.8000,0.4286,7,8,7,0,0,8,7,0.1250
4,172.0000,10,7,607.7653,-86.8472,-0.1463,25,0.6250,0.0000,4,8,6,0,0,8,6,0.2500
4,172.0000,10,8,428.5920,-84.5682,0.5453,34,0.8500,0.6029,68,6,2,67,44,73,46,0.3699
4,172.0000,10,9,732.0781,-87.1886,-0.7153,22,0.5500,0.7500,8,8,8,30,30,38,38,0.0000
4,172.0000,10,12,936.9418,-89.0010,0.3142,5,0.1250,1.0000,2,8,8,0,0,8,8,0.0000
4,172.0000,10,13,742.6447,-87.8932,0.3380,12,0.3000,1.0000,8,8,7,0,0,8,7,0.1250
4,172.0000,10,14,1020.4511,-89.1759,0.3578,3,0.0750,1.0000,4,8,8,0,0,8,8,0.0000
4,172.0000,10,15,320.4896,-83.5491,-0.1573,36,0.9000,0.5714,7,6,2,0,0,6,2,0.6667
4,172.0000,10,17,1132.7376,-89.4383,3.5618,3,0.0750,1.0000,8,6,6,0,0,6,6,0.0000
4,172.0000,10,19,206.8875,-79.2747,0.7780,37,0.9250,0.0000,4,4,0,0,0,4,0,1.0000
4,172.0000,10,20,392.8779,-83.7983,-0.1885,36,0.9000,0.2500,4,6,1,0,0,6,1,0.8333
4,172.0000,10,21,910.2331,-89.1021,-0.3538,3,0.0750,0.8000,5,8,8,0,0,8,8,0.0000
4,172.0000,10,22,552.9370,-85.6618,-0.5153,28,0.7000,0.7568,37,7,5,48,44,55,49,0.1091
4,172.0000,10,24,941.0801,-88.5315,-0.3588,7,0.1750,1.0000,4,8,8,0,0,8,8,0.0000
4,172.0000,11,2,626.5734,-85.9750,-0.9218,22,0.5500,0.6667,6,6,3,0,0,6,3,0.5000
4,172.0000,11,12,324.0448,-82.0510,0.3745,36,0.9000,0.0000,4,6,2,0,0,6,2,0.6667
4,172.0000,11,13,786.4963,-87.4030,-0.2075,9,0.2250,1.0000,8,6,6,70,70,76,76,0.0000
4,172.0000,11,14,265.7619,-81.3809,0.8631,35,0.8750,0.2000,5,4,0,0,0,4,0,1.0000
4,172.0000,11,16,932.2885,-88.7786,0.0162,7,0.1750,1.0000,6,8,8,0,0,8,8,0.0000
4,172.0000,11,23,472.6468,-84.5872,-0.0523,34,0.8500,0.5000,6,4,0,0,0,4,0,1.0000
4,172.0000,11,24,503.9636,-85.8678,-0.2507,27,0.6750,0.7143,7,5,2,7,6,12,8,0.3333
4,172.0000,11,25,158.4026,-77.5318,1.4508,38,0.9500,0.0000,44,4,0,1,0,5,0,1.0000
4,172.0000,12,2,542.8423,-85.5029,-0.4039,32,0.8000,0.6667,6,8,6,0,0,8,6,0.2500
4,172.0000,12,5,755.5253,-87.8723,0.4822,6,0.1500,1.0000,8,6,4,0,0,6,4,0.3333
4,172.0000,12,11,324.0448,-82.1790,0.0222,40,1.0000,0.0000,4,5,1,0,0,5,1,0.8000
4,172.0000,12,13,513.6164,-84.8470,0.0215,30,0.7500,0.7143,7,7,6,0,0,7,6,0.1429
4,172.0000,12,14,197.3136,-73.8594,-1.8174,37,0.9250,0.0000,4,5,1,0,0,5,1,0.8000
4,172.0000,12,15,745.4665,-87.6961,0.3703,17,0.4250,1.0000,8,8,7,0,0,8,7,0.1250
4,172.0000,12,16,809.7622,-88.1003,-0.1031,7,0.1750,0.8750,8,8,8,0,0,8,8,0.0000
4,172.0000,12,19,940.8097,-88.5431,-0.5704,4,0.1000,0.8571,7,9,9,0,0,9,9,0.0000
4,172.0000,12,23,711.9503,-87.8954,-0.2523,20,0.5000,0.6667,6,7,6,0,0,7,6,0.1429
4,172.0000,12,24,397.0405,-83.5441,0.0860,34,0.8500,0.0000,4,4,0,0,0,4,0,1.0000
4,172.0000,12,25,292.6151,-78.4534,-1.0046,40,1.0000,0.0000,4,4,0,0,0,4,0,1.0000
4,172.0000,13,0,759.8511,-87.5678,0.1526,13,0.3250,0.7500,8,8,7,0,0,8,7,0.1250
4,172.0000,13,2,469.5128,-83.9474,-0.2932,33,0.8250,0.3333,6,6,2,0,0,6,2,0.6667
4,172.0000,13,5,521.9680,-86.0874,0.2330,25,0.6250,0.5000,6,6,2,0,0,6,2,0.6667
4,172.0000,13,10,742.6447,-88.3591,0.0392,15,0.3750,1.0000,8,8,7,0,0,8,7,0.1250
4,172.0000,13,11,786.4963,-87.8649,0.0490,15,0.3750,0.8750,8,8,8,0,0,8,8,0.0000
4,172.0000,13,12,513.6164,-85.1735,-0.0051,31,0.7750,0.8571,7,5,1,0,0,5,1,0.8000
4,172.0000,13,14,691.5482,-86.4170,-0.1942,20,0.5000,0.7143,7,8,8,0,0,8,8,0.0000
4,172.0000,13,15,745.5690,-88.4882,-0.6231,10,0.2500,0.8750,8,6,4,0,0,6,4,0.3333
4,172.0000,13,16,555.2963,-86.4529,0.0473,27,0.6750,0.2000,5,5,2,0,0,5,2,0.6000
4,172.0000,13,19,675.1563,-87.2814,0.1065,18,0.4500,0.8889,9,8,8,0,0,8,8,0.0000
4,172.0000,13,20,521.2943,-86.4547,0.8714,23,0.5750,0.5714,7,6,3,0,0,6,3,0.5000
4,172.0000,13,24,677.4664,-87.4506,-0.1733,22,0.5500,0.8571,7,8,8,0,0,8,8,0.0000
4,172.0000,13,25,672.4066,-86.5706,-0.2229,25,0.6250,0.6000,10,7,5,21,20,28,25,0.1071
4,172.0000,14,2,654.4701,-86.4360,-0.7276,23,0.5610,0.4000,5,8,8,0,0,8,8,0.0000
4,172.0000,14,5,891.2278,-88.2576,0.4344,5,0.1220,1.0000,8,8,8,0,0,8,8,0.0000
4,172.0000,14,8,980.9012,-88.7154,-0.1794,3,0.0732,1.0000,6,8,8,0,0,8,8,0.0000
4,172.0000,14,11,265.7619,-80.3909,0.7735,40,0.9756,0.2000,5,4,0,0,0,4,0,1.0000
4,172.0000,14,12,197.3136,-73.7570,-1.2020,41,1.0000,0.0000,4,4,0,0,0,4,0,1.0000
4,172.0000,14,13,691.5482,-86.3084,-0.3634,26,0.6341,0.5000,6,7,6,0,0,7,6,0.1429
4,172.0000,14,15,782.9763,-87.2386,-0.2546,12,0.2927,0.7143,7,7,6,0,0,7,6,0.1429
4,172.0000,14,16,921.8092,-88.0322,0.0084,8,0.1951,1.0000,8,8,8,0,0,8,8,0.0000
4,172.0000,14,20,1021.5585,-88.6023,0.5029,3,0.0732,1.0000,8,8,8,0,0,8,8,0.0000
4,172.0000,14,23,615.0681,-87.2340,0.2222,28,0.6829,0.7143,7,6,4,0,0,6,4,0.3333
4,172.0000,14,24,327.5709,-81.0463,0.2346,39,0.9512,0.2000,5,4,0,0,0,4,0,1.0000
4,172.0000,14,25,310.3809,-79.7062,-0.6035,40,0.9756,0.2000,5,4,0,0,0,4,0,1.0000
4,172.0000,15,0,670.7289,-87.0516,-0.5527,20,0.5000,0.4000,5,7,5,0,0,7,5,0.2857
4,172.0000,15,1,895.1950,-89.2887,0.4039,3,0.0750,1.0000,4,8,8,0,0,8,8,0.0000
4,172.0000,15,3,512.8143,-85.8203,0.6421,25,0.6250,0.5000,6,6,3,0,0,6,3,0.5000
4,172.0000,15,5,454.1607,-85.4949,0.6526,30,0.7500,0.6667,6,6,2,0,0,6,2,0.6667
4,172.0000,15,6,611.3670,-86.4332,0.1572,24,0.6000,0.8750,8,7,5,0,0,7,5,0.2857
4,172.0000,15,7,742.5998,-88.3810,-0.1558,13,0.3250,1.0000,8,6,2,0,0,6,2,0.6667
4,172.0000,15,8,257.6495,-81.6957,1.0003,37,0.9250,0.0000,4,4,0,0,0,4,0,1.0000
4,172.0000,15,9,1022.4696,-88.8327,-0.5308,3,0.0750,1.0000,8,6,6,0,0,6,6,0.0000
4,172.0000,15,10,320.4896,-83.1281,1.3535,33,0.8250,0.2000,5,4,0,0,0,4,0,1.0000
4,172.0000,15,11,1035.6999,-89.1091,0.4343,4,0.1000,1.0000,8,6,6,0,0,6,6,0.0000
4,172.0000,15,12,745.4665,-87.6421,-0.2960,16,0.4000,0.7143,7,6,3,0,0,6,3,0.5000
4,172.0000,15,13,745.5690,-87.4862,-0.2433,17,0.4250,0.8750,8,8,8,0,0,8,8,0.0000
4,172.0000,15,14,782.9763,-88.1521,0.0594,19,0.4750,0.6667,6,8,7,0,0,8,7,0.1250
4,172.0000,15,19,445.5596,-84.9032,-0.4064,32,0.8000,0.5000,6,4,1,0,0,4,1,0.7500
4,172.0000,15,20,581.1939,-86.5905,-0.0294,24,0.6000,0.6667,6,7,4,0,0,7,4,0.4286
4,172.0000,15,22,476.3338,-84.7884,0.3009,30,0.7500,0.5000,6,5,2,0,0,5,2,0.6000
4,172.0000,15,24,737.9019,-86.7010,-0.1059,23,0.5750,0.7143,7,8,6,0,0,8,6,0.2500
4,172.0000,15,25,1022.1658,-88.3346,-1.1092,7,0.1750,0.8571,7,8,8,0,0,8,8,0.0000
4,172.0000,16,2,315.2972,-82.5732,0.8210,36,0.9000,0.4000,5,4,0,0,0,4,0,1.0000
4,172.0000,16,4,660.8223,-86.5809,-0.6451,29,0.7250,0.5000,6,8,7,0,0,8,7,0.1250
4,172.0000,16,12,809.7622,-88.7786,-0.4462,6,0.1500,1.0000,8,8,7,0,0,8,7,0.1250
4,172.0000,16,13,555.2963,-85.4917,-0.7924,22,0.5500,0.5714,7,6,4,0,0,6,4,0.3333
4,172.0000,16,14,921.8092,-87.9333,-0.7653,4,0.1000,1.0000,8,4,4,0,0,4,4,0.0000
4,172.0000,16,19,997.9508,-89.1461,-0.0799,3,0.0750,1.0000,6,8,8,0,0,8,8,0.0000
4,172.0000,16,23,954.7909,-88.8064,-0.2358,6,0.1500,1.0000,8,8,8,0,0,8,8,0.0000
4,172.0000,16,24,772.8541,-88.0053,0.8512,5,0.1250,1.0000,8,6,4,0,0,6,4,0.3333
4,172.0000,16,25,778.4803,-88.0794,-0.0565,15,0.3750,0.7143,7,7,4,0,0,7,4,0.4286
4,172.0000,17,3,786.7303,-87.1371,-0.2624,13,0.3250,0.7500,8,8,8,0,0,8,8,0.0000
4,172.0000,17,6,698.6775,-87.5055,0.5423,14,0.3500,0.6667,6,7,6,0,0,7,6,0.1429
4,172.0000,17,7,719.3587,-88.7505,-0.0225,15,0.3750,0.8571,7,8,7,0,0,8,7,0.1250
4,172.0000,17,8,1033.5868,-88.8064,0.2412,4,0.1000,1.0000,8,4,4,0,0,4,4,0.0000
4,172.0000,17,10,1132.7376,-88.8279,-0.6641,3,0.0750,,0,4,4,0,0,4,4,0.0000
4,172.0000,17,18,215.9689,-80.7555,2.1319,40,1.0000,0.0000,5,4,0,0,0,4,0,1.0000
4,172.0000,17,21,499.9272,-86.5235,0.2317,32,0.8000,0.7143,7,6,2,0,0,6,2,0.6667
4,172.0000,17,22,813.3097,-88.1236,0.1139,7,0.1750,1.0000,8,6,6,0,0,6,6,0.0000
4,172.0000,18,3,930.5139,-88.5263,-0.3103,5,0.1220,1.0000,6,7,6,0,0,7,6,0.1429
4,172.0000,18,6,773.1936,-88.5879,0.2505,8,0.1951,1.0000,10,6,3,0,0,6,3,0.5000
4,172.0000,18,7,720.5212,-87.5421,0.0151,11,0.2683,0.8750,8,8,8,0,0,8,8,0.0000
4,172.0000,18,17,215.9689,-80.9018,1.8753,37,0.9024,0.2500,4,4,0,0,0,4,0,1.0000
4,172.0000,18,21,421.6148,-83.9422,0.0523,32,0.7805,0.2000,5,6,4,0,0,6,4,0.3333
4,172.0000,18,22,936.4520,-89.0202,-0.1062,3,0.0732,1.0000,4,8,7,0,0,8,7,0.1250
4,172.0000,19,0,475.6420,-85.2090,-0.4443,28,0.7000,0.0000,4,5,1,0,0,5,1,0.8000
4,172.0000,19,1,541.0358,-87.0186,0.5452,22,0.5500,0.2000,5,6,4,0,0,6,4,0.3333
4,172.0000,19,3,768.0908,-88.5489,-0.1151,11,0.2750,1.0000,8,8,7,0,0,8,7,0.1250
4,172.0000,19,5,451.5049,-84.6325,-0.0257,33,0.8250,0.5000,6,5,2,0,0,5,2,0.6000
4,172.0000,19,6,777.9239,-88.4450,0.0414,11,0.2750,0.8571,7,8,7,0,0,8,7,0.1250
4,172.0000,19,7,784.9902,-88.1464,0.3169,9,0.2250,0.8750,8,8,8,0,0,8,8,0.0000
4,172.0000,19,8,591.4175,-86.7585,-0.0198,26,0.6500,0.5000,6,5,2,0,0,5,2,0.6000
4,172.0000,19,9,760.1269,-87.5469,0.5045,9,0.2250,0.8571,7,8,8,0,0,8,8,0.0000
4,172.0000,19,10,206.8875,-78.9585,1.2597,35,0.8750,0.2000,5,5,1,0,0,5,1,0.8000
4,172.0000,19,12,940.8097,-89.4648,-0.1061,5,0.1250,0.8750,8,8,8,0,0,8,8,0.0000
4,172.0000,19,13,675.1563,-87.1457,-0.4082,23,0.5750,0.4000,5,6,4,6,5,12,9,0.2500
4,172.0000,19,15,445.5596,-83.8780,0.2476,32,0.8000,0.5000,6,4,0,0,0,4,0,1.0000
4,172.0000,19,16,997.9508,-88.7685,-0.2781,3,0.0750,1.0000,2,8,8,0,0,8,8,0.0000
4,172.0000,19,20,397.5759,-83.8149,0.2394,34,0.8500,0.2000,5,5,1,0,0,5,1,0.8000
4,172.0000,19,22,750.0220,-87.6076,0.3674,17,0.4250,1.0000,8,8,8,0,0,8,8,0.0000
4,172.0000,19,24,902.6654,-87.9843,-0.4397,16,0.4000,1.0000,6,8,8,0,0,8,8,0.0000
4,172.0000,20,0,239.8505,-76.2091,-1.4807,37,0.9250,0.0000,4,4,0,0,0,4,0,1.0000
4,172.0000,20,1,588.7068,-86.5558,0.1975,23,0.5750,1.0000,8,7,5,0,0,7,5,0.2857
4,172.0000,20,3,913.5019,-88.1244,0.8565,6,0.1500,1.0000,8,8,8,0,0,8,8,0.0000
4,172.0000,20,5,199.0281,-73.7983,-1.4577,39,0.9750,0.0000,4,4,0,33,22,37,22,0.4054
4,172.0000,20,6,783.8224,-87.3178,-0.5667,12,0.3000,0.7143,7,8,8,0,0,8,8,0.0000
4,172.0000,20,7,710.5105,-87.2902,0.1201,19,0.4750,0.8571,7,7,5,0,0,7,5,0.2857
4,172.0000,20,8,761.3720,-88.2840,-0.1271,12,0.3000,0.7500,8,7,6,0,0,7,6,0.1429
4,172.0000,20,9,615.7776,-85.9380,-0.5315,27,0.6750,0.7143,7,7,5,0,0,7,5,0.2857
4,172.0000,20,10,392.8779,-83.5937,0.1376,33,0.8250,0.4000,5,5,1,0,0,5,1,0.8000
4,172.0000,20,12,873.7595,-88.8805,0.2241,6,0.1500,1.0000,6,7,6,0,0,7,6,0.1429
4,172.0000,20,13,521.2943,-86.4853,0.4465,21,0.5250,0.9649,57,5,1,28,22,33,23,0.3030
4,172.0000,20,14,1021.5585,-89.2871,-0.2966,7,0.1750,1.0000,8,4,4,0,0,4,4,0.0000
4,172.0000,20,15,581.1939,-86.6716,-0.3820,23,0.5750,0.9444,36,7,6,2,2,9,8,0.1111
4,172.0000,20,19,397.5759,-84.8928,0.4206,33,0.8250,0.4286,7,5,1,7,4,12,5,0.5833
4,172.0000,20,22,839.3164,-88.4635,-0.0156,15,0.3750,0.8571,7,8,8,0,0,8,8,0.0000
4,172.0000,20,24,1000.5790,-89.8339,0.0713,4,0.1000,1.0000,2,8,8,0,0,8,8,0.0000
4,172.0000,21,0,861.3440,-88.4693,0.0312,3,0.0732,1.0000,8,8,8,10,10,18,18,0.0000
4,172.0000,21,1,701.2137,-87.5099,0.2935,11,0.2683,1.0000,8,7,6,0,0,7,6,0.1429
4,172.0000,21,3,859.6586,-87.9845,0.5020,8,0.1951,1.0000,8,8,8,0,0,8,8,0.0000
4,172.0000,21,6,691.9916,-88.0144,0.8528,10,0.2439,0.6667,6,7,5,0,0,7,5,0.2857
4,172.0000,21,7,572.9542,-86.0985,0.4460,14,0.3415,0.4286,7,5,2,0,0,5,2,0.6000
4,172.0000,21,9,694.1489,-88.1213,0.3721,9,0.2195,0.8571,7,7,5,0,0,7,5,0.2857
4,172.0000,21,10,910.2331,-87.8683,-4.5708,3,0.0732,0.8750,8,8,8,0,0,8,8,0.0000
4,172.0000,21,17,499.9272,-85.9432,0.3435,23,0.5610,0.8750,8,5,2,0,0,5,2,0.6000
4,172.0000,21,18,421.6148,-83.8638,0.2724,37,0.9024,0.0000,4,4,0,0,0,4,0,1.0000
4,172.0000,21,22,862.2154,-88.9729,0.2959,7,0.1707,1.0000,6,8,8,0,0,8,8,0.0000
4,172.0000,22,0,788.0419,-88.0612,-0.0339,15,0.3750,0.8571,7,7,6,0,0,7,6,0.1429
4,172.0000,22,1,963.2351,-88.8715,-0.4576,4,0.1000,1.0000,8,8,8,0,0,8,8,0.0000
4,172.0000,22,3,130.7788,-76.3851,1.4241,39,0.9750,0.0000,12,3,0,6,1,9,1,0.8889
4,172.0000,22,5,717.4181,-87.3185,0.1978,20,0.5000,0.5714,7,8,8,0,0,8,8,0.0000
4,172.0000,22,6,250.4208,-79.0707,0.0136,38,0.9500,0.2000,5,5,1,0,0,5,1,0.8000
4,172.0000,22,7,494.9715,-85.1799,-0.1655,30,0.7500,0.5000,6,4,0,0,0,4,0,1.0000
4,172.0000,22,8,272.2319,-77.5780,-1.1273,39,0.9750,0.0000,4,5,2,0,0,5,2,0.6000
4,172.0000,22,9,1022.0953,-88.6059,0.0548,5,0.1250,1.0000,44,6,6,0,0,6,6,0.0000
4,172.0000,22,10,552.9370,-85.2548,-0.6489,29,0.7250,0.7143,7,6,4,0,0,6,4,0.3333
4,172.0000,22,15,476.3338,-85.1339,-0.0723,30,0.7500,0.5714,7,6,3,0,0,6,3,0.5000
4,172.0000,22,17,813.3097,-87.9579,0.3313,11,0.2750,1.0000,16,6,4,0,0,6,4,0.3333
4,172.0000,22,19,750.0220,-87.8236,-0.0265,17,0.4250,1.0000,8,7,5,0,0,7,5,0.2857
4,172.0000,22,20,839.3164,-88.1136,-0.2304,15,0.3750,0.7500,8,8,7,0,0,8,7,0.1250
4,172.0000,22,21,862.2154,-89.6418,0.2046,4,0.1000,1.0000,6,7,6,0,0,7,6,0.1429
4,172.0000,23,2,715.6790,-87.0077,-0.2381,14,0.3500,0.6000,5,6,4,0,0,6,4,0.3333
4,172.0000,23,4,941.2895,-88.5887,0.1215,6,0.1500,1.0000,8,8,8,0,0,8,8,0.0000
4,172.0000,23,11,472.6468,-84.7623,-0.1669,30,0.7500,0.5000,6,5,1,0,0,5,1,0.8000
4,172.0000,23,12,711.9503,-87.7065,-1.1163,13,0.3250,0.7143,7,7,5,0,0,7,5,0.2857
4,172.0000,23,14,615.0681,-87.2288,0.3150,21,0.5250,0.7143,7,6,3,0,0,6,3,0.5000
4,172.0000,23,16,954.7909,-88.4988,-0.2536,4,0.1000,1.0000,8,6,6,0,0,6,6,0.0000
4,172.0000,23,24,614.5905,-87.3257,-0.5053,18,0.4500,0.7500,8,8,7,0,0,8,7,0.1250
4,172.0000,23,25,472.1236,-85.0266,-0.0507,27,0.6750,0.5000,6,6,2,0,0,6,2,0.6667
4,172.0000,24,2,588.9445,-85.8877,-0.0671,16,0.4103,0.5000,4,6,3,0,0,6,3,0.5000
4,172.0000,24,5,912.2836,-89.1686,-0.0817,5,0.1282,1.0000,8,8,8,0,0,8,8,0.0000
4,172.0000,24,8,940.0947,-89.1400,0.1005,4,0.1026,1.0000,8,8,8,0,0,8,8,0.0000
4,172.0000,24,11,503.9636,-85.5616,0.8602,24,0.6154,0.7143,7,5,1,0,0,5,1,0.8000
4,172.0000,24,12,397.0405,-84.3781,-0.6066,26,0.6667,0.3333,6,5,1,0,0,5,1,0.8000
4,172.0000,24,13,677.4664,-87.0686,-0.4926,17,0.4359,0.8750,8,7,5,0,0,7,5,0.2857
4,172.0000,24,14,327.5709,-81.0709,-0.0470,29,0.7436,0.2000,5,5,1,0,0,5,1,0.8000
4,172.0000,24,15,737.9019,-87.8274,-0.5945,12,0.3077,0.3333,6,8,7,0,0,8,7,0.1250
4,172.0000,24,16,772.8541,-87.4240,0.5281,8,0.2051,1.0000,8,5,3,0,0,5,3,0.4000
4,172.0000,24,23,614.5905,-87.4098,-0.0369,16,0.4103,0.8571,7,6,2,0,0,6,2,0.6667
4,172.0000,24,25,469.8733,-84.4575,0.2750,24,0.6154,0.4000,5,5,1,4,2,9,3,0.6667
4,172.0000,25,2,469.7332,-83.7443,-0.8297,38,0.9500,0.2000,5,7,5,0,0,7,5,0.2857
4,172.0000,25,4,972.8748,-89.3877,0.3102,4,0.1000,1.0000,6,4,4,0,0,4,4,0.0000
4,172.0000,25,5,1025.3357,-88.7232,0.2717,5,0.1250,1.0000,10,4,4,0,0,4,4,0.0000
4,172.0000,25,11,158.4026,-77.3494,1.3168,40,1.0000,0.0000,4,4,0,0,0,4,0,1.0000
4,172.0000,25,12,292.6151,-78.2383,-0.9341,38,0.9500,0.0000,4,4,0,0,0,4,0,1.0000
4,172.0000,25,13,672.4066,-86.1100,-0.8988,25,0.6250,0.8571,35,4,2,2,2,6,4,0.3333
4,172.0000,25,14,310.3809,-79.9975,-0.6658,39,0.9750,0.0000,5,5,1,0,0,5,1,0.8000
4,172.0000,25,15,1022.1658,-88.7672,0.2134,8,0.2000,1.0000,6,6,6,0,0,6,6,0.0000
4,172.0000,25,16,778.4803,-88.4592,0.4519,10,0.2500,0.7143,7,7,6,0,0,7,6,0.1429
4,172.0000,25,23,472.1236,-86.0015,0.5470,32,0.8000,0.8750,8,4,0,0,0,4,0,1.0000
4,172.0000,25,24,469.8733,-85.3453,0.9306,28,0.7000,0.5000,6,4,0,0,0,4,0,1.0000
4,176.0000,0,1,366.7476,-84.1067,0.5246,35,0.8750,0.6667,6,6,3,0,0,6,3,0.5000
4,176.0000,0,3,896.5400,-88.4426,0.0649,9,0.2250,1.0000,8,8,8,0,0,8,8,0.0000
4,176.0000,0,5,553.8197,-84.5597,-1.5990,26,0.6500,0.6667,6,7,5,0,0,7,5,0.2857
4,176.0000,0,6,776.6199,-87.6272,-0.3805,15,0.3750,0.6667,6,8,8,0,0,8,8,0.0000
4,176.0000,0,7,540.7451,-86.9595,0.2202,27,0.6750,0.4000,5,7,6,0,0,7,6,0.1429
4,176.0000,0,8,793.2771,-88.9531,-0.3001,6,0.1500,0.5714,7,8,7,0,0,8,7,0.1250
4,176.0000,0,9,414.5597,-83.6382,0.0994,33,0.8250,0.3333,6,4,0,0,0,4,0,1.0000
4,176.0000,0,10,509.1876,-84.9145,-1.3044,23,0.5750,0.2000,5,6,4,0,0,6,4,0.3333
4,176.0000,0,13,750.5517,-87.7969,-0.2200,13,0.3250,0.6667,6,8,8,0,0,8,8,0.0000
4,176.0000,0,15,699.6136,-87.5571,0.0233,15,0.3750,0.5000,6,7,5,0,0,7,5,0.2857
4,176.0000,0,19,468.5927,-84.1913,0.1097,29,0.7250,0.2000,5,6,2,0,0,6,2,0.6667
4,176.0000,0,20,353.5539,-80.6823,-1.2425,36,0.9000,0.0000,4,4,0,0,0,4,0,1.0000
4,176.0000,0,21,809.3372,-88.4679,-0.2221,14,0.3500,1.0000,8,8,8,0,0,8,8,0.0000
4,176.0000,0,22,905.2774,-87.9679,-0.2417,7,0.1750,1.0000,8,6,6,0,0,6,6,0.0000
4,176.0000,1,0,366.7476,-83.8643,-0.1551,29,0.7436,0.4000,5,5,2,0,0,5,2,0.6000
4,176.0000,1,3,954.7717,-89.4272,0.4381,3,0.0769,0.8750,8,8,8,0,0,8,8,0.0000
4,176.0000,1,5,797.7653,-88.1647,0.5007,15,0.3846,0.8571,7,8,8,0,0,8,8,0.0000
4,176.0000,1,6,900.9817,-88.0031,-0.6584,7,0.1795,1.0000,8,4,3,0,0,4,3,0.2500
4,176.0000,1,7,705.9446,-88.1937,0.5193,17,0.4359,1.0000,8,8,8,0,0,8,8,0.0000
4,176.0000,1,8,851.4332,-88.6912,-0.2382,10,0.2564,1.0000,8,8,8,0,0,8,8,0.0000
4,176.0000,1,9,431.8367,-83.5698,-0.7712,35,0.8974,0.2000,5,4,0,0,0,4,0,1.0000
4,176.0000,1,10,562.5275,-86.7322,0.1350,25,0.6410,0.7143,7,7,6,0,0,7,6,0.1429
4,176.0000,1,13,916.6940,-88.8881,-0.0158,6,0.1538,1.0000,8,8,7,0,0,8,7,0.1250
4,176.0000,1,15,793.7762,-89.0278,0.2416,10,0.2564,0.8571,7,7,6,0,0,7,6,0.1429
4,176.0000,1,19,396.2806,-85.3813,0.8633,30,0.7692,0.4000,5,4,0,0,0,4,0,1.0000
4,176.0000,1,20,573.0611,-86.1511,0.0483,22,0.5641,0.8750,8,6,4,0,0,6,4,0.3333
4,176.0000,1,21,746.6103,-88.2929,0.4183,15,0.3846,0.7500,8,8,7,0,0,8,7,0.1250
4,176.0000,1,22,997.7050,-89.1219,0.3716,7,0.1795,1.0000,6,8,8,0,0,8,8,0.0000
4,176.0000,2,4,564.9036,-86.6681,0.2965,26,0.6500,0.3333,6,6,2,0,0,6,2,0.6667
4,176.0000,2,11,687.8274,-86.6263,-0.2935,18,0.4500,0.7500,8,7,5,0,0,7,5,0.2857
4,176.0000,2,12,630.1940,-86.6868,0.1327,26,0.6500,0.7143,7,6,3,0,0,6,3,0.5000
4,176.0000,2,13,516.8616,-85.0065,-0.5552,31,0.7750,0.8750,8,7,5,0,0,7,5,0.2857
4,176.0000,2,14,842.0011,-87.6022,-0.1394,17,0.4250,0.8571,7,7,5,0,0,7,5,0.2857
4,176.0000,2,16,278.7100,-81.0013,0.1479,40,1.0000,0.2000,5,3,0,0,0,3,0,1.0000
4,176.0000,2,19,1091.0496,-88.9344,-0.1128,4,0.1000,1.0000,6,4,4,0,0,4,4,0.0000
4,176.0000,2,23,778.3617,-88.0085,0.0331,12,0.3000,0.6667,6,7,6,0,0,7,6,0.1429
4,176.0000,2,24,593.8061,-86.0764,0.1365,28,0.7000,0.0000,4,7,4,0,0,7,4,0.4286
4,176.0000,2,25,609.2112,-85.7317,-0.7051,25,0.6250,0.2000,5,6,4,0,0,6,4,0.3333
4,176.0000,3,0,896.5400,-88.3096,-0.1741,10,0.2500,1.0000,8,8,8,0,0,8,8,0.0000
4,176.0000,3,1,954.7717,-89.2615,-0.2159,7,0.1750,1.0000,8,7,6,0,0,7,6,0.1429
4,176.0000,3,5,695.7986,-88.2871,0.1942,13,0.3250,0.7500,8,5,2,0,0,5,2,0.6000
4,176.0000,3,6,410.4785,-83.0513,-0.5213,35,0.8750,0.4000,5,7,5,0,0,7,5,0.2857
4,176.0000,3,7,622.8674,-86.5609,-0.0235,25,0.6250,0.8571,7,7,5,0,0,7,5,0.2857
4,176.0000,3,8,251.6209,-80.1015,0.2731,38,0.9500,0.0000,4,4,0,0,0,4,0,1.0000
4,176.0000,3,10,559.1033,-86.7245,0.4471,22,0.5500,0.5000,6,7,4,0,0,7,4,0.4286
4,176.0000,3,15,363.4157,-84.6337,1.0557,31,0.7750,0.4000,5,6,3,0,0,6,3,0.5000
4,176.0000,3,17,939.5039,-88.3358,0.0738,7,0.1750,0.9333,15,2,2,0,0,2,2,0.0000
4,176.0000,3,19,724.8252,-87.3969,0.3319,16,0.4000,0.8571,7,6,4,0,0,6,4,0.3333
4,176.0000,3,20,888.3805,-88.1588,0.0356,9,0.2250,1.0000,8,8,8,0,0,8,8,0.0000
4,176.0000,3,21,797.6393,-88.1245,-0.1793,9,0.2250,1.0000,8,8,8,0,0,8,8,0.0000
4,176.0000,3,22,194.5469,-74.1347,-1.3306,40,1.0000,0.0000,4,5,2,0,0,5,2,0.6000
4,176.0000,4,2,564.9036,-86.7547,0.0907,22,0.5500,0.6667,6,6,3,0,0,6,3,0.5000
4,176.0000,4,16,668.5746,-87.3532,-0.7419,17,0.4250,0.7143,7,7,5,0,0,7,5,0.2857
4,176.0000,4,23,920.9561,-88.4970,0.0795,10,0.2500,1.0000,8,8,8,0,0,8,8,0.0000
4,176.0000,4,24,1008.4599,-89.1228,2.6090,3,0.0750,1.0000,2,8,8,0,0,8,8,0.0000
4,176.0000,4,25,903.5778,-89.0906,1.2741,5,0.1250,1.0000,8,6,6,0,0,6,6,0.0000
4,176.0000,5,0,553.8197,-84.9461,-0.7407,33,0.8250,0.4286,7,8,6,0,0,8,6,0.2500
4,176.0000,5,1,797.7653,-87.7603,0.2270,11,0.2750,0.8750,8,7,6,0,0,7,6,0.1429
4,176.0000,5,2,964.6617,-89.0413,0.2376,9,0.2250,1.0000,4,8,8,0,0,8,8,0.0000
4,176.0000,5,3,695.7986,-88.2322,0.0145,10,0.2500,0.8750,8,8,7,0,0,8,7,0.1250
4,176.0000,5,6,755.1110,-87.9402,-0.0758,13,0.3250,0.8750,8,7,6,0,0,7,6,0.1429
4,176.0000,5,7,698.7737,-87.7004,0.1179,19,0.4750,0.8571,7,8,8,0,0,8,8,0.0000
4,176.0000,5,8,525.4916,-85.9204,0.5670,27,0.6750,0.4000,5,5,1,0,0,5,1,0.8000
4,176.0000,5,9,959.7897,-88.5451,-0.1784,12,0.3000,1.0000,8,8,8,0,0,8,8,0.0000
4,176.0000,5,10,378.7347,-82.2643,0.0077,30,0.7500,0.2000,5,4,0,0,0,4,0,1.0000
4,176.0000,5,12,603.2318,-87.2105,0.6446,15,0.3750,0.7500,8,5,2,0,0,5,2,0.6000
4,176.0000,5,13,540.7132,-85.6251,0.2853,24,0.6000,0.5714,7,6,4,0,0,6,4,0.3333
4,176.0000,5,14,871.1349,-88.6646,0.2528,8,0.2000,1.0000,8,7,5,0,0,7,5,0.2857
4,176.0000,5,15,391.6635,-84.0724,-0.2663,31,0.7750,0.4000,5,6,4,0,0,6,4,0.3333
4,176.0000,5,16,979.3514,-89.3353,0.7661,5,0.1250,1.0000,8,8,8,0,0,8,8,0.0000
4,176.0000,5,19,545.1347,-84.6094,-0.4793,28,0.7000,0.5000,6,6,4,0,0,6,4,0.3333
4,176.0000,5,20,327.6641,-80.0459,-1.2705,36,0.9000,0.0000,4,4,0,0,0,4,0,1.0000
4,176.0000,5,22,753.5458,-87.4498,-0.5360,15,0.3750,0.5000,6,7,6,0,0,7,6,0.1429
4,176.0000,5,24,867.9696,-88.6124,0.2754,12,0.3000,0.9444,36,8,8,0,0,8,8,0.0000
4,176.0000,6,0,776.6199,-88.4869,-0.2364,15,0.3750,0.8750,8,8,8,0,0,8,8,0.0000
4,176.0000,6,1,900.9817,-88.2144,0.3605,6,0.1500,1.0000,8,8,8,0,0,8,8,0.0000
4,176.0000,6,3,410.4785,-83.6033,0.3571,32,0.8000,0.4615,13,6,4,0,0,6,4,0.3333
4,176.0000,6,5,755.1110,-87.4920,-0.3652,18,0.4500,0.7143,7,7,6,0,0,7,6,0.1429
4,176.0000,6,7,296.8291,-80.0361,0.3753,39,0.9750,0.5345,58,4,0,4,2,8,2,0.7500
4,176.0000,6,8,568.8504,-85.4620,-0.5085,31,0.7750,0.8571,7,6,4,0,0,6,4,0.3333
4,176.0000,6,9,934.6198,-88.8790,-0.6796,10,0.2500,1.0000,8,6,6,0,0,6,6,0.0000
4,176.0000,6,10,699.8942,-87.3799,-0.3737,19,0.4750,0.7143,7,7,6,0,0,7,6,0.1429
4,176.0000,6,15,602.2829,-87.2515,-0.0204,24,0.6000,0.8750,8,7,6,0,0,7,6,0.1429
4,176.0000,6,17,687.6704,-87.8874,-0.3248,23,0.5750,0.8750,8,6,4,0,0,6,4,0.3333
4,176.0000,6,18,622.2349,-87.8219,0.8399,21,0.5250,0.8571,7,6,2,38,32,44,34,0.2273
4,176.0000,6,19,829.5416,-88.3234,0.0981,10,0.2500,1.0000,8,8,7,0,0,8,7,0.1250
4,176.0000,6,20,902.4578,-88.7432,-0.2791,10,0.2500,0.8571,7,7,6,0,0,7,6,0.1429
4,176.0000,6,21,553.9945,-86.4153,0.0864,25,0.6250,0.8571,7,7,4,36,35,43,39,0.0930
4,176.0000,6,22,253.8094,-79.4977,-0.1443,38,0.9500,0.0000,5,4,0,0,0,4,0,1.0000
4,176.0000,7,0,540.7451,-85.4597,0.4134,22,0.5500,0.6667,6,5,2,0,0,5,2,0.6000
4,176.0000,7,1,705.9446,-87.4032,-0.8132,10,0.2500,0.7143,7,8,7,0,0,8,7,0.1250
4,176.0000,7,3,622.8674,-86.9874,-0.5218,19,0.4750,0.5714,7,7,4,2,2,9,6,0.3333
4,176.0000,7,5,698.7737,-86.9790,-1.0565,14,0.3500,0.6667,6,8,7,0,0,8,7,0.1250
4,176.0000,7,6,296.8291,-80.1037,-0.7959,33,0.8250,0.0000,4,5,1,0,0,5,1,0.8000
4,176.0000,7,8,687.5510,-87.3161,-0.7633,13,0.3250,0.3333,6,8,7,0,0,8,7,0.1250
4,176.0000,7,9,655.1114,-87.2710,-0.1436,16,0.4000,0.4000,5,6,3,0,0,6,3,0.5000
4,176.0000,7,10,659.7484,-87.5679,-0.3441,17,0.4250,0.8571,7,7,6,0,0,7,6,0.1429
4,176.0000,7,15,668.5171,-88.1102,1.1743,13,0.3250,0.7500,8,7,5,0,0,7,5,0.2857
4,176.0000,7,17,759.7404,-87.5818,0.3972,12,0.3000,0.9508,61,7,5,2,2,9,7,0.2222
4,176.0000,7,18,663.6610,-86.9107,-0.3333,13,0.3250,0.8571,7,7,5,0,0,7,5,0.2857
4,176.0000,7,19,738.2255,-88.0504,0.1638,14,0.3500,0.8571,7,7,4,0,0,7,4,0.4286
4,176.0000,7,20,752.6234,-87.8948,0.1076,14,0.3500,0.7143,7,7,5,0,0,7,5,0.2857
4,176.0000,7,21,483.2196,-85.2853,0.2031,26,0.6500,0.5000,6,5,1,0,0,5,1,0.8000
4,176.0000,7,22,521.9589,-84.9991,0.4850,21,0.5250,0.3333,6,7,6,0,0,7,6,0.1429
4,176.0000,8,0,793.2771,-88.1013,-0.1696,14,0.3500,1.0000,8,8,8,0,0,8,8,0.0000
4,176.0000,8,1,851.4332,-88.5203,0.2945,9,0.2250,1.0000,8,8,8,0,0,8,8,0.0000
4,176.0000,8,3,251.6209,-78.9218,0.0810,38,0.9500,0.0000,4,4,0,0,0,4,0,1.0000
4,176.0000,8,5,525.4916,-86.6343,0.5281,24,0.6000,0.0000,4,5,1,0,0,5,1,0.8000
4,176.0000,8,6,568.8504,-85.6155,-0.4428,29,0.7250,1.0000,8,7,5,0,0,7,5,0.2857
4,176.0000,8,7,687.5510,-87.8705,-0.0987,20,0.5000,0.6667,6,8,7,0,0,8,7,0.1250
4,176.0000,8,10,357.4160,-83.0569,0.6278,35,0.8750,0.5000,6,5,2,0,0,5,2,0.6000
4,176.0000,8,12,868.7916,-89.2547,0.3562,5,0.1250,1.0000,4,8,8,0,0,8,8,0.0000
4,176.0000,8,13,948.7088,-88.9554,-0.4105,4,0.1000,1.0000,8,8,8,0,0,8,8,0.0000
4,176.0000,8,14,991.4554,-88.8574,-0.7214,4,0.1000,1.0000,8,8,8,0,0,8,8,0.0000
4,176.0000,8,15,138.6264,-76.7873,1.8319,37,0.9250,0.0000,4,5,0,0,0,5,0,1.0000
4,176.0000,8,19,543.9420,-86.2379,0.4925,24,0.6000,0.7143,7,6,3,0,0,6,3,0.5000
4,176.0000,8,20,706.3095,-87.3611,-0.3673,13,0.3250,0.8571,7,8,8,0,0,8,8,0.0000
4,176.0000,8,21,907.7669,-88.5063,-0.6761,4,0.1000,1.0000,6,8,8,0,0,8,8,0.0000
4,176.0000,8,22,417.8441,-81.8135,-0.6952,39,0.9750,0.0000,4,7,4,0,0,7,4,0.4286
4,176.0000,8,24,949.3640,-88.8779,-0.8472,3,0.0750,1.0000,6,8,8,0,0,8,8,0.0000
4,176.0000,9,0,414.5597,-84.2520,0.2711,33,0.8250,0.4000,5,6,2,0,0,6,2,0.6667
4,176.0000,9,1,431.8367,-83.8301,0.1475,35,0.8750,0.6667,6,4,0,0,0,4,0,1.0000
4,176.0000,9,5,959.7897,-88.2611,-0.4776,10,0.2500,0.7143,7,8,8,0,0,8,8,0.0000
4,176.0000,9,6,934.6198,-88.3108,-0.3221,10,0.2500,1.0000,8,7,6,0,0,7,6,0.1429
4,176.0000,9,7,655.1114,-87.5839,-0.4792,21,0.5250,0.5714,7,7,5,0,0,7,5,0.2857
4,176.0000,9,10,861.4586,-88.3221,-0.0639,23,0.5750,1.0000,8,8,8,0,0,8,8,0.0000
4,176.0000,9,15,1046.2583,-89.1957,0.2517,4,0.1000,1.0000,6,8,8,0,0,8,8,0.0000
4,176.0000,9,17,1131.6665,-88.1393,0.4783,5,0.1250,,0,4,4,0,0,4,4,0.0000
4,176.0000,9,19,767.8220,-87.8605,-0.1481,20,0.5000,0.8571,7,8,8,0,0,8,8,0.0000
4,176.0000,9,20,758.0224,-88.3234,-0.5546,24,0.6000,1.0000,10,8,8,0,0,8,8,0.0000
4,176.0000,9,21,718.9196,-87.3736,-0.1562,23,0.5750,0.5714,7,7,6,0,0,7,6,0.1429
4,176.0000,9,22,1120.7304,-89.6511,-0.3062,3,0.0750,1.0000,8,6,6,0,0,6,6,0.0000
4,176.0000,10,0,509.1876,-84.3329,-0.1172,32,0.8000,0.4000,5,6,4,0,0,6,4,0.3333
4,176.0000,10,1,562.5275,-86.4273,0.0945,29,0.7250,0.5000,6,6,4,0,0,6,4,0.3333
4,176.0000,10,3,559.1033,-85.7867,-0.1473,29,0.7250,0.0000,4,6,3,30,30,36,33,0.0833
4,176.0000,10,5,378.7347,-82.4579,0.6884,36,0.9000,0.2000,5,5,1,0,0,5,1,0.8000
4,176.0000,10,6,699.8942,-87.3205,-0.1517,23,0.5750,0.8750,8,7,6,0,0,7,6,0.1429
4,176.0000,10,7,659.7484,-87.1117,-0.3359,23,0.5750,0.7500,8,8,8,2,2,10,10,0.0000
4,176.0000,10,8,357.4160,-83.7490,1.0551,35,0.8750,0.6301,73,6,2,53,21,59,23,0.6102
4,176.0000,10,9,861.4586,-87.7698,-0.5262,12,0.3000,1.0000,38,8,8,4,4,12,12,0.0000
4,176.0000,10,12,823.1558,-88.5357,0.4032,9,0.2250,1.0000,8,8,7,0,0,8,7,0.1250
4,176.0000,10,13,678.6454,-87.3347,-0.1253,15,0.3750,0.8750,8,7,5,0,0,7,5,0.2857
4,176.0000,10,14,1049.2922,-88.7635,-0.3476,3,0.0750,1.0000,8,8,8,0,0,8,8,0.0000
4,176.0000,10,15,260.4357,-80.3998,0.5314,36,0.9000,0.3333,6,4,0,38,21,42,21,0.5000
4,176.0000,10,19,220.0110,-77.5468,-0.0732,37,0.9250,0.0000,4,4,0,0,0,4,0,1.0000
4,176.0000,10,20,391.8543,-83.4240,0.7885,32,0.8000,0.1667,6,4,0,0,0,4,0,1.0000
4,176.0000,10,21,898.3082,-88.6449,-0.0179,7,0.1750,1.0000,8,8,8,0,0,8,8,0.0000
4,176.0000,10,22,670.3240,-86.5807,-0.3414,25,0.6250,0.8909,55,7,6,0,0,7,6,0.1429
4,176.0000,10,24,918.8235,-88.8400,-0.0945,5,0.1250,1.0000,8,8,8,0,0,8,8,0.0000
4,176.0000,11,2,687.8274,-87.6691,-0.1680,18,0.4390,0.5000,6,8,6,0,0,8,6,0.2500
4,176.0000,11,5,900.7937,-89.5467,0.1608,3,0.0732,1.0000,6,8,8,0,0,8,8,0.0000
4,176.0000,11,12,302.4296,-80.9600,0.1269,34,0.8293,0.3333,6,5,1,25,10,30,11,0.6333
4,176.0000,11,13,830.9939,-88.9181,0.0793,11,0.2683,1.0000,76,6,6,44,44,50,50,0.0000
4,176.0000,11,14,235.8980,-78.7860,0.5951,41,1.0000,0.0000,4,4,0,0,0,4,0,1.0000
4,176.0000,11,16,918.8357,-88.8765,0.3979,7,0.1707,1.0000,8,8,8,0,0,8,8,0.0000
4,176.0000,11,23,484.0687,-85.1693,0.5631,35,0.8537,0.0000,4,4,0,0,0,4,0,1.0000
4,176.0000,11,24,459.6027,-84.9939,0.5827,33,0.8049,0.6667,12,7,4,0,0,7,4,0.4286
4,176.0000,11,25,180.0897,-74.7346,-0.4661,39,0.9512,0.0000,5,4,0,0,0,4,0,1.0000
4,176.0000,12,2,630.1940,-85.4022,0.1423,24,0.6000,0.7500,8,7,5,0,0,7,5,0.2857
4,176.0000,12,5,603.2318,-87.9166,0.4842,14,0.3500,0.6667,6,6,4,26,26,32,30,0.0625
4,176.0000,12,8,868.7916,-88.5472,1.2569,4,0.1000,1.0000,8,7,6,0,0,7,6,0.1429
4,176.0000,12,10,823.1558,-89.1474,-0.4579,6,0.1500,0.8571,7,8,6,0,0,8,6,0.2500
4,176.0000,12,11,302.4296,-81.2964,0.3619,37,0.9250,0.2000,5,4,0,0,0,4,0,1.0000
4,176.0000,12,13,590.2577,-86.0040,-0.2854,27,0.6750,0.8571,7,7,6,3,2,10,8,0.2000
4,176.0000,12,14,339.4097,-80.1616,-1.8431,38,0.9500,0.2000,5,5,1,0,0,5,1,0.8000
4,176.0000,12,15,768.1993,-87.5283,-0.3201,9,0.2250,0.8750,8,8,7,0,0,8,7,0.1250
4,176.0000,12,16,797.8415,-87.9511,-0.0693,11,0.2750,1.0000,8,8,8,0,0,8,8,0.0000
4,176.0000,12,20,782.6502,-88.6009,-0.3320,8,0.2000,0.8571,7,8,8,0,0,8,8,0.0000
4,176.0000,12,23,716.7438,-87.2273,-0.1016,21,0.5250,0.8571,7,6,3,0,0,6,3,0.5000
4,176.0000,12,24,424.4078,-83.9411,0.3269,34,0.8500,0.0000,4,4,0,0,0,4,0,1.0000
4,176.0000,12,25,428.7851,-82.5319,-0.7472,36,0.9000,0.0000,4,5,2,13,8,18,10,0.4444
4,176.0000,13,0,750.5517,-88.1436,0.0924,17,0.4250,0.8750,8,8,5,0,0,8,5,0.3750
4,176.0000,13,1,916.6940,-88.3589,0.4150,5,0.1250,1.0000,8,7,6,0,0,7,6,0.1429
4,176.0000,13,2,516.8616,-85.5891,-0.3280,33,0.8250,0.3333,6,6,3,0,0,6,3,0.5000
4,176.0000,13,3,1172.8907,-89.1755,1.2816,3,0.0750,1.0000,6,6,6,0,0,6,6,0.0000
4,176.0000,13,5,540.7132,-85.7600,-0.3927,34,0.8500,0.3333,6,5,2,0,0,5,2,0.6000
4,176.0000,13,8,948.7088,-89.4381,0.1443,4,0.1000,1.0000,8,8,8,4,4,12,12,0.0000
4,176.0000,13,10,678.6454,-88.0481,0.6027,16,0.4000,0.8750,8,6,4,0,0,6,4,0.3333
4,176.0000,13,11,830.9939,-87.8294,-0.3660,13,0.3250,1.0000,8,7,5,2,2,9,7,0.2222
4,176.0000,13,12,590.2577,-86.1970,-0.1130,31,0.7750,0.2000,5,7,6,44,43,51,49,0.0392
4,176.0000,13,14,920.0750,-88.2329,-0.2834,14,0.3500,1.0000,8,8,8,0,0,8,8,0.0000
4,176.0000,13,15,815.4385,-87.7842,0.1217,16,0.4000,0.6667,6,7,6,0,0,7,6,0.1429
4,176.0000,13,16,496.6547,-85.5897,-0.0634,27,0.6750,0.4000,5,5,1,0,0,5,1,0.8000
4,176.0000,13,19,696.8756,-87.9552,-0.1229,17,0.4250,1.0000,8,6,4,0,0,6,4,0.3333
4,176.0000,13,20,414.1602,-84.3168,0.7896,36,0.9000,0.5000,6,5,1,0,0,5,1,0.8000
4,176.0000,13,24,759.3245,-88.2500,-0.3877,17,0.4250,1.0000,8,8,8,0,0,8,8,0.0000
4,176.0000,13,25,864.2477,-88.2426,0.0143,18,0.4500,0.8929,28,6,6,2,2,8,8,0.0000
4,176.0000,14,2,842.0011,-87.4692,-0.4193,13,0.3333,1.0000,8,8,8,0,0,8,8,0.0000
4,176.0000,14,5,871.1349,-88.4003,0.2795,8,0.2051,1.0000,8,8,8,0,0,8,8,0.0000
4,176.0000,14,8,991.4554,-88.0076,1.0879,4,0.1026,1.0000,8,6,6,0,0,6,6,0.0000
4,176.0000,14,10,1049.2922,-89.4375,0.1309,4,0.1026,1.0000,8,8,8,0,0,8,8,0.0000
4,176.0000,14,11,235.8980,-79.7764,0.2508,39,1.0000,0.0000,4,4,0,0,0,4,0,1.0000
4,176.0000,14,12,339.4097,-79.8344,-1.4540,37,0.9487,0.0000,4,6,3,0,0,6,3,0.5000
4,176.0000,14,13,920.0750,-88.1104,-0.6621,14,0.3590,0.8571,7,8,8,0,0,8,8,0.0000
4,176.0000,14,15,929.4630,-89.0931,-0.3304,4,0.1026,0.8571,7,8,8,0,0,8,8,0.0000
4,176.0000,14,20,1092.5608,-88.9177,1.9439,3,0.0769,1.0000,8,4,4,0,0,4,4,0.0000
4,176.0000,14,23,547.2051,-86.2368,-0.1156,27,0.6923,0.6667,6,5,2,0,0,5,2,0.6000
4,176.0000,14,24,429.8316,-82.7354,-0.9218,38,0.9744,0.0000,4,5,2,0,0,5,2,0.6000
4,176.0000,14,25,383.7951,-82.9137,0.0114,38,0.9744,0.0000,4,5,1,0,0,5,1,0.8000
4,176.0000,15,0,699.6136,-87.6705,0.4938,15,0.3750,0.7143,7,7,6,0,0,7,6,0.1429
4,176.0000,15,1,793.7762,-87.8380,0.8373,7,0.1750,1.0000,8,6,4,0,0,6,4,0.3333
4,176.0000,15,3,363.4157,-85.5174,0.3010,28,0.7000,0.5000,6,5,1,28,13,33,14,0.5758
4,176.0000,15,5,391.6635,-83.7376,0.8990,21,0.5250,0.3333,6,5,2,0,0,5,2,0.6000
4,176.0000,15,6,602.2829,-86.8167,-0.5576,19,0.4750,0.7143,7,7,5,0,0,7,5,0.2857
4,176.0000,15,7,668.5171,-87.1010,1.1778,13,0.3250,0.3333,6,7,6,0,0,7,6,0.1429
4,176.0000,15,8,138.6264,-75.9436,2.0559,36,0.9000,0.0000,4,4,0,0,0,4,0,1.0000
4,176.0000,15,9,1046.2583,-88.7440,-0.5342,4,0.1000,1.0000,6,6,6,0,0,6,6,0.0000
4,176.0000,15,10,260.4357,-80.2196,0.7110,31,0.7750,0.0000,4,4,0,0,0,4,0,1.0000
4,176.0000,15,11,1041.6811,-88.3899,-0.1089,3,0.0750,1.0000,6,4,4,0,0,4,4,0.0000
4,176.0000,15,12,768.1993,-88.2177,0.3062,10,0.2500,0.5000,6,8,8,0,0,8,8,0.0000
4,176.0000,15,13,815.4385,-87.6840,-0.3907,8,0.2000,1.0000,8,7,6,0,0,7,6,0.1429
4,176.0000,15,14,929.4630,-87.8662,-0.4066,9,0.2250,0.8750,8,4,4,0,0,4,4,0.0000
4,176.0000,15,19,471.5654,-84.6491,-0.5272,24,0.6000,0.2500,4,5,1,0,0,5,1,0.8000
4,176.0000,15,20,577.2401,-86.4937,0.0212,20,0.5000,0.5714,7,6,4,0,0,6,4,0.3333
4,176.0000,15,22,497.0074,-85.4076,0.7569,27,0.6750,0.4000,5,5,2,0,0,5,2,0.6000
4,176.0000,15,24,882.0483,-88.0780,-0.0726,12,0.3000,0.7500,8,6,6,0,0,6,6,0.0000
4,176.0000,16,2,278.7100,-81.0367,0.5957,36,0.9000,0.0000,4,4,0,0,0,4,0,1.0000
4,176.0000,16,4,668.5746,-87.9341,-0.1002,25,0.6250,0.8750,8,8,8,0,0,8,8,0.0000
4,176.0000,16,5,979.3514,-89.2429,0.1994,7,0.1750,1.0000,4,8,8,0,0,8,8,0.0000
4,176.0000,16,10,999.8696,-88.8734,0.2935,4,0.1000,,0,8,8,0,0,8,8,0.0000
4,176.0000,16,11,918.8357,-88.8020,0.3809,5,0.1250,1.0000,8,8,8,0,0,8,8,0.0000
4,176.0000,16,12,797.8415,-88.2840,-0.1145,12,0.3000,0.8750,8,7,6,0,0,7,6,0.1429
4,176.0000,16,13,496.6547,-85.5926,-0.1468,30,0.7500,0.6667,6,6,2,0,0,6,2,0.6667
4,176.0000,16,14,1033.8782,-88.3663,-0.3324,3,0.0750,1.0000,4,4,4,0,0,4,4,0.0000
4,176.0000,16,19,964.8287,-88.7620,0.0862,5,0.1250,1.0000,8,8,7,0,0,8,7,0.1250
4,176.0000,16,20,848.7331,-88.3418,0.4236,8,0.2000,1.0000,8,8,7,0,0,8,7,0.1250
4,176.0000,16,23,994.2139,-88.6559,-0.7357,3,0.0750,1.0000,8,6,6,0,0,6,6,0.0000
4,176.0000,16,24,712.6094,-87.7339,0.3786,20,0.5000,0.6667,6,5,2,0,0,5,2,0.6000
4,176.0000,16,25,862.1949,-87.7521,0.1825,16,0.4000,0.5714,7,7,6,0,0,7,6,0.1429
4,176.0000,17,3,939.5039,-87.9551,-0.0088,7,0.1750,1.0000,8,7,6,0,0,7,6,0.1429
4,176.0000,17,6,687.6704,-87.4128,0.3036,11,0.2750,0.8571,7,8,8,0,0,8,8,0.0000
4,176.0000,17,7,759.7404,-87.8466,-0.0394,18,0.4500,0.8750,8,8,8,0,0,8,8,0.0000
4,176.0000,17,18,131.1497,-74.4603,1.3365,38,0.9500,0.0000,4,4,0,0,0,4,0,1.0000
4,176.0000,17,21,441.4980,-85.3216,0.2230,34,0.8500,0.3333,6,5,2,0,0,5,2,0.6000
4,176.0000,17,22,810.6497,-88.8503,0.0265,10,0.2500,1.0000,6,8,6,0,0,8,6,0.2500
4,176.0000,18,3,921.2756,-88.8680,0.9097,3,0.0750,0.8571,7,8,8,0,0,8,8,0.0000
4,176.0000,18,6,622.2349,-87.2828,0.1134,19,0.4750,0.5000,6,4,0,0,0,4,0,1.0000
4,176.0000,18,7,663.6610,-87.6775,0.2465,14,0.3500,1.0000,8,7,6,0,0,7,6,0.1429
4,176.0000,18,17,131.1497,-74.5904,1.2121,40,1.0000,0.0000,4,5,0,12,1,17,1,0.9412
4,176.0000,18,21,391.2055,-83.4729,0.7430,36,0.9000,0.6667,6,4,0,0,0,4,0,1.0000
4,176.0000,18,22,780.4480,-87.8959,0.3899,9,0.2250,0.8750,8,7,6,0,0,7,6,0.1429
4,176.0000,19,0,468.5927,-85.3827,-0.0400,35,0.8537,0.2000,5,7,5,0,0,7,5,0.2857
4,176.0000,19,1,396.2806,-85.0944,0.6283,35,0.8537,0.6667,6,5,2,0,0,5,2,0.6000
4,176.0000,19,3,724.8252,-88.0664,0.1977,18,0.4390,0.8750,8,7,5,0,0,7,5,0.2857
4,176.0000,19,5,545.1347,-84.7912,-0.0268,32,0.7805,0.4000,5,7,5,0,0,7,5,0.2857
4,176.0000,19,6,829.5416,-88.3675,0.2402,13,0.3171,0.8750,8,8,7,0,0,8,7,0.1250
4,176.0000,19,7,738.2255,-87.5217,0.1996,18,0.4390,1.0000,8,7,6,0,0,7,6,0.1429
4,176.0000,19,8,543.9420,-86.5352,0.2929,31,0.7561,0.4000,5,6,2,0,0,6,2,0.6667
4,176.0000,19,9,767.8220,-88.0055,0.1942,20,0.4878,1.0000,8,8,7,0,0,8,7,0.1250
4,176.0000,19,10,220.0110,-77.4057,-0.2657,37,0.9024,0.2000,5,5,1,0,0,5,1,0.8000
4,176.0000,19,12,967.0666,-89.5135,-0.1946,3,0.0732,1.0000,8,6,6,0,0,6,6,0.0000
4,176.0000,19,13,696.8756,-87.3017,-0.2977,21,0.5122,0.7500,12,7,5,0,0,7,5,0.2857
4,176.0000,19,15,471.5654,-84.3957,-0.3337,35,0.8537,0.0000,4,6,3,0,0,6,3,0.5000
4,176.0000,19,16,964.8287,-89.2420,0.5304,3,0.0732,1.0000,8,8,8,0,0,8,8,0.0000
4,176.0000,19,20,410.8887,-83.4217,-0.0703,33,0.8049,0.2000,5,5,1,0,0,5,1,0.8000
4,176.0000,19,21,891.8033,-89.1815,0.2472,8,0.1951,1.0000,8,6,4,0,0,6,4,0.3333
4,176.0000,19,22,830.5263,-87.5900,0.3091,13,0.3171,1.0000,8,7,6,0,0,7,6,0.1429
4,176.0000,19,24,1017.4979,-88.6203,0.1683,5,0.1220,1.0000,8,6,6,0,0,6,6,0.0000
4,176.0000,20,0,353.5539,-80.8666,-0.7807,36,0.9000,0.0000,4,6,3,0,0,6,3,0.5000
4,176.0000,20,1,573.0611,-86.8634,-0.3797,26,0.6500,0.7143,7,7,5,0,0,7,5,0.2857
4,176.0000,20,2,914.4459,-89.0714,0.1036,6,0.1500,,0,10,9,0,0,10,9,0.1000
4,176.0000,20,3,888.3805,-88.5504,-0.3039,7,0.1750,1.0000,8,8,8,0,0,8,8,0.0000
4,176.0000,20,5,327.6641,-80.0037,-1.4059,38,0.9500,0.5946,37,6,2,0,0,6,2,0.6667
4,176.0000,20,6,902.4578,-88.4774,0.4258,8,0.2000,1.0000,8,8,8,0,0,8,8,0.0000
4,176.0000,20,7,752.6234,-87.4478,0.0627,17,0.4250,0.7143,7,8,8,0,0,8,8,0.0000
4,176.0000,20,8,706.3095,-87.7371,0.2385,20,0.5000,0.8571,7,8,8,0,0,8,8,0.0000
4,176.0000,20,9,758.0224,-87.1766,-0.4900,22,0.5500,0.7143,7,8,8,0,0,8,8,0.0000
4,176.0000,20,10,391.8543,-83.2661,0.5512,31,0.7750,0.2000,5,4,0,0,0,4,0,1.0000
4,176.0000,20,12,782.6502,-88.5008,0.3478,10,0.2500,0.8571,7,7,6,0,0,7,6,0.1429
4,176.0000,20,13,414.1602,-85.3248,0.5090,35,0.8750,0.6970,33,4,0,73,58,77,58,0.2468
4,176.0000,20,15,577.2401,-86.9531,0.6272,22,0.5500,0.8889,9,6,4,0,0,6,4,0.3333
4,176.0000,20,16,848.7331,-88.7338,0.2710,10,0.2500,0.8750,8,7,6,0,0,7,6,0.1429
4,176.0000,20,19,410.8887,-84.1207,-0.4698,34,0.8500,0.4167,12,6,4,0,0,6,4,0.3333
4,176.0000,20,22,949.7052,-88.5825,-0.1871,7,0.1750,1.0000,8,6,5,0,0,6,5,0.1667
4,176.0000,20,24,979.3857,-89.1611,0.7947,6,0.1500,1.0000,8,2,2,0,0,2,2,0.0000
4,176.0000,21,0,809.3372,-88.4981,-0.2863,10,0.2500,1.0000,18,8,7,44,44,52,51,0.0192
4,176.0000,21,1,746.6103,-88.2644,0.1254,9,0.2250,0.8571,7,8,8,0,0,8,8,0.0000
4,176.0000,21,3,797.6393,-88.1910,-0.0883,13,0.3250,1.0000,8,7,6,0,0,7,6,0.1429
4,176.0000,21,6,553.9945,-87.0273,0.5467,18,0.4500,0.7143,7,6,4,0,0,6,4,0.3333
4,176.0000,21,7,483.2196,-86.1630,-0.1585,25,0.6250,0.4000,5,6,3,0,0,6,3,0.5000
4,176.0000,21,8,907.7669,-88.6354,0.4174,4,0.1000,1.0000,8,7,6,0,0,7,6,0.1429
4,176.0000,21,9,718.9196,-88.0412,0.0148,14,0.3500,0.7143,7,8,8,0,0,8,8,0.0000
4,176.0000,21,10,898.3082,-88.7707,-0.1343,8,0.2000,1.0000,8,8,8,0,0,8,8,0.0000
4,176.0000,21,17,441.4980,-84.8840,0.5833,27,0.6750,0.4000,5,4,0,8,5,12,5,0.5833
4,176.0000,21,18,391.2055,-83.3726,-0.0526,34,0.8500,0.0000,4,5,2,0,0,5,2,0.6000
4,176.0000,21,19,891.8033,-88.5212,0.2772,7,0.1750,1.0000,8,7,6,0,0,7,6,0.1429
4,176.0000,21,20,1077.6207,-89.5416,-0.2562,3,0.0750,1.0000,8,6,6,0,0,6,6,0.0000
4,176.0000,21,22,717.4010,-88.6085,-0.1694,11,0.2750,1.0000,8,7,6,0,0,7,6,0.1429
4,176.0000,22,0,905.2774,-88.2104,-0.1989,9,0.2308,0.8571,7,8,7,0,0,8,7,0.1250
4,176.0000,22,3,194.5469,-73.9923,-0.7319,39,1.0000,0.1111,9,5,1,0,0,5,1,0.8000
4,176.0000,22,5,753.5458,-87.7764,0.1293,10,0.2564,1.0000,8,7,6,0,0,7,6,0.1429
4,176.0000,22,6,253.8094,-79.5246,-0.1376,36,0.9231,0.2000,5,5,1,0,0,5,1,0.8000
4,176.0000,22,7,521.9589,-85.3931,-0.1943,25,0.6410,0.0000,4,5,2,0,0,5,2,0.6000
4,176.0000,22,8,417.8441,-82.7460,-0.6074,30,0.7692,0.4000,5,5,1,0,0,5,1,0.8000
4,176.0000,22,10,670.3240,-86.7117,-0.6861,19,0.4872,0.6667,6,6,4,0,0,6,4,0.3333
4,176.0000,22,15,497.0074,-85.0840,-0.1325,27,0.6923,0.5000,6,6,2,0,0,6,2,0.6667
4,176.0000,22,17,810.6497,-88.2260,0.2487,12,0.3077,0.6667,6,7,5,0,0,7,5,0.2857
4,176.0000,22,18,780.4480,-87.9128,0.1968,9,0.2308,1.0000,8,8,6,0,0,8,6,0.2500
4,176.0000,22,19,830.5263,-88.6481,0.2551,4,0.1026,0.7143,7,8,8,0,0,8,8,0.0000
4,176.0000,22,20,949.7052,-88.9939,0.2937,6,0.1538,0.8750,8,6,6,0,0,6,6,0.0000
4,176.0000,22,21,717.4010,-88.3082,0.1781,16,0.4103,0.8571,7,7,6,0,0,7,6,0.1429
4,176.0000,23,2,778.3617,-88.2806,0.0310,9,0.2250,0.6667,6,7,6,0,0,7,6,0.1429
4,176.0000,23,4,920.9561,-89.0270,0.0970,4,0.1000,1.0000,8,8,8,0,0,8,8,0.0000
4,176.0000,23,11,484.0687,-85.0204,0.1048,25,0.6250,0.2000,5,6,4,0,0,6,4,0.3333
4,176.0000,23,12,716.7438,-88.4804,0.6112,12,0.3000,0.7143,7,6,3,0,0,6,3,0.5000
4,176.0000,23,14,547.2051,-85.9612,0.2689,17,0.4250,0.5000,6,7,6,0,0,7,6,0.1429
4,176.0000,23,24,520.2840,-86.7581,-0.4356,19,0.4750,0.8750,8,6,3,0,0,6,3,0.5000
4,176.0000,23,25,370.8322,-83.3475,0.1184,32,0.8000,0.3333,6,4,0,0,0,4,0,1.0000
4,176.0000,24,2,593.8061,-86.7805,-0.2569,28,0.7000,0.5000,6,6,3,0,0,6,3,0.5000
4,176.0000,24,5,867.9696,-88.2939,0.1648,9,0.2250,1.0000,8,8,8,0,0,8,8,0.0000
4,176.0000,24,8,949.3640,-88.9071,-0.2124,3,0.0750,1.0000,8,8,8,0,0,8,8,0.0000
4,176.0000,24,10,918.8235,-88.1745,0.5184,9,0.2250,1.0000,10,8,8,0,0,8,8,0.0000
4,176.0000,24,11,459.6027,-85.1990,0.3064,34,0.8500,0.2000,5,5,1,0,0,5,1,0.8000
4,176.0000,24,12,424.4078,-84.1115,-0.2660,35,0.8750,0.2000,5,7,4,0,0,7,4,0.4286
4,176.0000,24,13,759.3245,-87.5087,-0.3520,20,0.5000,0.7143,7,8,7,0,0,8,7,0.1250
4,176.0000,24,14,429.8316,-82.5998,-0.6656,37,0.9250,0.2000,5,5,2,0,0,5,2,0.6000
4,176.0000,24,15,882.0483,-88.4331,0.1915,13,0.3250,0.8750,8,8,8,0,0,8,8,0.0000
4,176.0000,24,16,712.6094,-87.9357,-0.0202,17,0.4250,0.6000,5,9,7,0,0,9,7,0.2222
4,176.0000,24,19,1017.4979,-88.3103,0.1235,5,0.1250,1.0000,8,6,6,0,0,6,6,0.0000
4,176.0000,24,20,979.3857,-89.0201,-0.4648,3,0.0750,0.9091,11,4,4,0,0,4,4,0.0000
4,176.0000,24,23,520.2840,-86.3703,0.5554,31,0.7750,0.3333,6,5,1,0,0,5,1,0.8000
4,176.0000,24,25,478.0643,-85.4529,-0.5329,36,0.9000,0.3333,9,6,3,0,0,6,3,0.5000
4,176.0000,25,2,609.2112,-86.1061,0.2570,30,0.7500,0.7143,7,8,7,0,0,8,7,0.1250
4,176.0000,25,4,903.5778,-87.6428,-1.1091,4,0.1000,1.0000,4,8,8,0,0,8,8,0.0000
4,176.0000,25,5,1026.8187,-89.2278,-0.8494,3,0.0750,1.0000,4,4,4,0,0,4,4,0.0000
4,176.0000,25,11,180.0897,-75.0295,-0.0041,40,1.0000,0.0000,4,4,0,0,0,4,0,1.0000
4,176.0000,25,12,428.7851,-82.4308,-0.8593,36,0.9000,0.0000,4,6,3,0,0,6,3,0.5000
4,176.0000,25,13,864.2477,-87.8975,-0.0471,10,0.2500,0.6667,6,8,8,0,0,8,8,0.0000
4,176.0000,25,14,383.7951,-82.1607,-0.4195,37,0.9250,0.2000,5,6,3,0,0,6,3,0.5000
4,176.0000,25,16,862.1949,-88.6564,0.0716,18,0.4500,0.8571,7,7,6,0,0,7,6,0.1429
4,176.0000,25,23,370.8322,-83.8551,0.6366,39,0.9750,0.0000,4,4,0,0,0,4,0,1.0000
4,176.0000,25,24,478.0643,-85.0943,0.1899,32,0.8000,0.0000,4,5,2,0,0,5,2,0.6000
4,180.0000,0,1,342.0426,-81.8816,0.4490,35,0.8750,0.5000,6,7,4,0,0,7,4,0.4286
4,180.0000,0,3,939.1467,-89.0020,-0.0647,9,0.2250,1.0000,8,4,4,0,0,4,4,0.0000
4,180.0000,0,5,762.9065,-87.2532,-1.0148,19,0.4750,0.7143,7,8,8,0,0,8,8,0.0000
4,180.0000,0,6,904.2473,-88.8167,0.3202,9,0.2250,1.0000,8,8,8,0,0,8,8,0.0000
4,180.0000,0,7,572.4279,-86.2492,-0.0490,31,0.7750,0.8571,7,7,5,0,0,7,5,0.2857
4,180.0000,0,8,815.3594,-88.2787,-0.3437,13,0.3250,0.8750,8,8,8,0,0,8,8,0.0000
4,180.0000,0,9,402.0403,-84.1590,0.1452,37,0.9250,0.0000,4,5,1,0,0,5,1,0.8000
4,180.0000,0,10,602.0370,-85.8906,-0.4895,25,0.6250,0.6667,6,7,6,0,0,7,6,0.1429
4,180.0000,0,13,718.9666,-87.4263,0.2610,16,0.4000,1.0000,8,7,4,0,0,7,4,0.4286
4,180.0000,0,15,744.8312,-87.6789,-0.6021,13,0.3250,0.7143,7,8,8,0,0,8,8,0.0000
4,180.0000,0,19,465.3908,-84.4884,-0.3313,32,0.8000,0.3333,6,6,2,0,0,6,2,0.6667
4,180.0000,0,20,462.0969,-84.5422,-1.1038,33,0.8250,0.0000,4,6,4,0,0,6,4,0.3333
4,180.0000,0,21,801.4665,-87.9265,0.5453,14,0.3500,1.0000,8,7,5,0,0,7,5,0.2857
4,180.0000,0,22,994.8337,-88.5674,-0.0201,5,0.1250,1.0000,6,4,4,0,0,4,4,0.0000
4,180.0000,1,0,342.0426,-82.6291,-0.0376,34,0.8500,0.4000,5,6,2,0,0,6,2,0.6667
4,180.0000,1,5,875.1713,-87.8840,-0.3415,9,0.2250,1.0000,8,8,8,0,0,8,8,0.0000
4,180.0000,1,6,983.9366,-89.1241,0.0977,6,0.1500,0.7500,4,8,8,0,0,8,8,0.0000
4,180.0000,1,7,716.4405,-87.9701,0.1501,20,0.5000,1.0000,8,7,4,0,0,7,4,0.4286
4,180.0000,1,8,761.9009,-88.6884,0.4632,16,0.4000,1.0000,8,8,8,0,0,8,8,0.0000
4,180.0000,1,9,528.9261,-85.7897,-0.5839,30,0.7500,0.0000,4,5,2,0,0,5,2,0.6000
4,180.0000,1,10,543.1712,-86.6239,-0.5064,29,0.7250,0.8571,7,7,5,0,0,7,5,0.2857
4,180.0000,1,13,788.3633,-88.9523,0.1218,9,0.2250,0.8750,8,8,8,0,0,8,8,0.0000
4,180.0000,1,15,732.1871,-87.6643,0.1679,13,0.3250,0.8571,7,7,6,0,0,7,6,0.1429
4,180.0000,1,19,268.8563,-82.2977,1.0226,36,0.9000,0.0000,4,5,1,0,0,5,1,0.8000
4,180.0000,1,20,561.1817,-86.0617,-0.4075,28,0.7000,0.6667,6,8,7,0,0,8,7,0.1250
4,180.0000,1,21,781.2695,-88.2274,0.0962,15,0.3750,0.8750,8,8,8,0,0,8,8,0.0000
4,180.0000,1,22,1023.6011,-89.0885,-0.3312,3,0.0750,1.0000,8,8,8,0,0,8,8,0.0000
4,180.0000,2,4,427.0421,-85.4849,0.5823,33,0.8250,0.3333,6,4,0,0,0,4,0,1.0000
4,180.0000,2,5,1030.3216,-88.8446,0.0854,4,0.1000,1.0000,8,4,4,0,0,4,4,0.0000
4,180.0000,2,10,1054.2605,-88.8234,-3.0582,3,0.0750,1.0000,4,8,8,0,0,8,8,0.0000
4,180.0000,2,11,748.9112,-87.2225,0.1259,16,0.4000,0.7143,7,8,8,0,0,8,8,0.0000
4,180.0000,2,12,722.6018,-87.3035,-0.0129,24,0.6000,0.5000,6,8,7,0,0,8,7,0.1250
4,180.0000,2,13,612.1162,-86.3831,0.1412,27,0.6750,0.7143,7,6,3,0,0,6,3,0.5000
4,180.0000,2,14,909.1863,-88.0709,-0.3916,5,0.1250,0.7143,7,8,8,0,0,8,8,0.0000
4,180.0000,2,16,307.8533,-80.7029,-0.2407,37,0.9250,0.0000,3,4,0,0,0,4,0,1.0000
4,180.0000,2,20,893.7155,-88.4102,-0.4899,7,0.1750,1.0000,8,8,8,0,0,8,8,0.0000
4,180.0000,2,23,814.2184,-87.8276,-0.1636,14,0.3500,0.8571,7,8,7,0,0,8,7,0.1250
4,180.0000,2,24,620.3497,-86.6064,-0.0736,19,0.4750,0.5714,7,9,7,0,0,9,7,0.2222
4,180.0000,2,25,726.5991,-87.8108,-0.4558,22,0.5500,0.6667,6,8,8,0,0,8,8,0.0000
4,180.0000,3,0,939.1467,-88.0392,-0.3133,12,0.3000,1.0000,8,8,7,0,0,8,7,0.1250
4,180.0000,3,1,913.4909,-89.0395,-0.3004,8,0.2000,0.8571,7,6,6,0,0,6,6,0.0000
4,180.0000,3,5,601.8894,-87.3114,-0.0029,21,0.5250,0.4000,5,5,2,0,0,5,2,0.6000
4,180.0000,3,6,515.7033,-84.5547,-0.9177,32,0.8000,0.7143,7,6,3,0,0,6,3,0.5000
4,180.0000,3,7,674.7473,-86.8809,-0.3270,23,0.5750,0.7143,7,7,6,0,0,7,6,0.1429
4,180.0000,3,8,249.9776,-78.8670,0.2416,36,0.9000,0.0000,4,6,2,0,0,6,2,0.6667
4,180.0000,3,9,1158.2238,-89.1720,-0.1003,4,0.1000,,0,4,4,0,0,4,4,0.0000
4,180.0000,3,10,530.5760,-85.4707,0.4380,25,0.6250,0.5714,7,7,4,0,0,7,4,0.4286
4,180.0000,3,15,238.4695,-80.5986,0.7995,36,0.9000,0.5000,6,4,0,0,0,4,0,1.0000
4,180.0000,3,17,1087.3094,-88.8211,-0.4781,5,0.1250,1.0000,2,4,4,0,0,4,4,0.0000
4,180.0000,3,18,900.4294,-88.2590,-1.0661,7,0.1750,1.0000,8,8,8,0,0,8,8,0.0000
4,180.0000,3,19,701.7245,-87.6812,-0.2037,19,0.4750,0.6667,6,8,8,0,0,8,8,0.0000
4,180.0000,3,20,850.3215,-89.1661,0.0343,7,0.1750,1.0000,8,8,8,0,0,8,8,0.0000
4,180.0000,3,21,731.1349,-88.3149,0.3022,21,0.5250,1.0000,8,6,4,0,0,6,4,0.3333
4,180.0000,3,22,340.0445,-79.4107,-2.1047,38,0.9500,0.4000,5,6,3,0,0,6,3,0.5000
4,180.0000,4,2,427.0421,-85.3659,-0.0717,29,0.7250,0.5000,6,5,2,0,0,5,2,0.6000
4,180.0000,4,11,999.7960,-88.1313,0.3820,4,0.1000,1.0000,8,8,8,0,0,8,8,0.0000
4,180.0000,4,16,679.7259,-87.7551,-0.2863,15,0.3750,0.7143,7,7,6,0,0,7,6,0.1429
4,180.0000,4,23,884.0305,-88.4888,-0.3363,5,0.1250,1.0000,8,7,6,0,0,7,6,0.1429
4,180.0000,4,24,864.8967,-88.8902,-0.1848,4,0.1000,1.0000,8,8,8,0,0,8,8,0.0000
4,180.0000,4,25,840.2002,-88.6638,-1.3256,4,0.1000,1.0000,6,10,10,0,0,10,10,0.0000
4,180.0000,5,0,762.9065,-87.6276,-0.2719,23,0.5750,0.7500,8,6,6,0,0,6,6,0.0000
4,180.0000,5,1,875.1713,-88.6007,-0.0164,12,0.3000,0.8571,7,7,6,0,0,7,6,0.1429
4,180.0000,5,2,1030.3216,-88.6210,0.4448,4,0.1000,1.0000,8,6,6,0,0,6,6,0.0000
4,180.0000,5,3,601.8894,-87.4518,0.6265,21,0.5250,0.8750,8,6,2,0,0,6,2,0.6667
4,180.0000,5,6,847.1828,-88.4364,-0.0007,15,0.3750,0.8571,7,8,8,0,0,8,8,0.0000
4,180.0000,5,7,787.8683,-88.1390,0.0095,17,0.4250,1.0000,8,8,8,0,0,8,8,0.0000
4,180.0000,5,8,470.9558,-85.9263,0.5255,27,0.6750,0.2000,5,7,6,0,0,7,6,0.1429
4,180.0000,5,10,427.7747,-83.3252,0.2094,35,0.8750,0.0000,4,6,3,0,0,6,3,0.5000
4,180.0000,5,11,746.3976,-88.2861,0.5061,11,0.2750,1.0000,8,8,6,0,0,8,6,0.2500
4,180.0000,5,12,477.6798,-85.7049,0.7988,28,0.7000,0.4000,5,7,4,0,0,7,4,0.4286
4,180.0000,5,13,628.1441,-86.9580,-0.1285,29,0.7250,0.6667,6,7,4,0,0,7,4,0.4286
4,180.0000,5,14,814.7588,-88.3167,0.2242,8,0.2000,0.7143,7,10,10,0,0,10,10,0.0000
4,180.0000,5,15,422.9939,-83.9116,-0.1185,32,0.8000,0.6667,6,7,6,0,0,7,6,0.1429
4,180.0000,5,16,934.5694,-88.9237,-0.5392,7,0.1750,1.0000,8,8,8,0,0,8,8,0.0000
4,180.0000,5,19,687.1234,-86.5721,-0.6654,24,0.6000,0.6667,6,7,5,0,0,7,5,0.2857
4,180.0000,5,20,450.0707,-83.5010,-1.0070,34,0.8500,0.0000,4,5,1,0,0,5,1,0.8000
4,180.0000,5,22,801.9580,-88.5989,0.2324,14,0.3500,0.8571,7,7,5,0,0,7,5,0.2857
4,180.0000,5,24,862.4322,-88.4202,0.4683,9,0.2250,1.0000,8,8,8,0,0,8,8,0.0000
4,180.0000,5,25,1042.6944,-88.7437,0.1346,4,0.1000,1.0000,4,6,6,0,0,6,6,0.0000
4,180.0000,6,0,904.2473,-87.8753,-0.8119,5,0.1250,1.0000,8,7,6,0,0,7,6,0.1429
4,180.0000,6,1,983.9366,-88.2583,-0.0169,5,0.1250,1.0000,8,8,8,0,0,8,8,0.0000
4,180.0000,6,3,515.7033,-84.5172,-0.1739,30,0.7500,0.6667,6,8,8,0,0,8,8,0.0000
4,180.0000,6,5,847.1828,-87.9607,0.1426,12,0.3000,0.8571,7,8,8,8,8,16,16,0.0000
4,180.0000,6,7,369.7744,-82.3080,-1.1276,33,0.8250,0.2500,8,6,2,2,2,8,4,0.5000
4,180.0000,6,8,685.9039,-87.6210,-0.2715,16,0.4000,0.6667,6,8,8,0,0,8,8,0.0000
4,180.0000,6,9,968.4735,-89.2466,0.1049,4,0.1000,1.0000,6,8,8,0,0,8,8,0.0000
4,180.0000,6,10,838.1962,-88.0508,-0.1601,12,0.3000,0.8571,7,8,8,0,0,8,8,0.0000
4,180.0000,6,15,597.7898,-86.9203,0.1056,16,0.4000,0.8571,7,6,3,0,0,6,3,0.5000
4,180.0000,6,17,696.5807,-87.1227,-0.0935,17,0.4250,0.6667,6,7,6,40,38,47,44,0.0638
4,180.0000,6,18,469.3573,-86.4439,0.0582,27,0.6750,0.7727,44,4,0,8,8,12,8,0.3333
4,180.0000,6,19,897.0015,-88.9103,0.1467,8,0.2000,0.8750,8,8,8,0,0,8,8,0.0000
4,180.0000,6,20,1028.7299,-88.4583,-1.9049,4,0.1000,0.8571,7,8,8,0,0,8,8,0.0000
4,180.0000,6,21,452.0372,-84.8813,-0.0116,29,0.7250,0.9070,43,4,0,0,0,4,0,1.0000
4,180.0000,6,22,226.0053,-79.3779,-0.0633,34,0.8500,0.0000,4,4,0,18,3,22,3,0.8636
4,180.0000,7,0,572.4279,-86.0119,-0.9458,16,0.4103,0.4000,5,7,5,0,0,7,5,0.2857
4,180.0000,7,1,716.4405,-88.0578,-0.0063,12,0.3077,0.8750,8,8,8,0,0,8,8,0.0000
4,180.0000,7,3,674.7473,-86.8538,-0.3709,14,0.3590,0.6667,9,7,5,0,0,7,5,0.2857
4,180.0000,7,5,787.8683,-87.9349,0.3419,8,0.2051,0.8750,8,7,6,0,0,7,6,0.1429
4,180.0000,7,6,369.7744,-82.2421,-1.1420,29,0.7436,0.2000,5,6,2,0,0,6,2,0.6667
4,180.0000,7,8,722.0199,-87.8386,0.0027,12,0.3077,0.8750,8,8,8,0,0,8,8,0.0000
4,180.0000,7,9,613.9051,-87.9733,-0.5450,17,0.4359,0.5000,6,7,5,0,0,7,5,0.2857
4,180.0000,7,10,731.5368,-87.6711,0.2806,11,0.2821,0.8571,7,8,7,0,0,8,7,0.1250
4,180.0000,7,15,618.2274,-86.8499,0.4033,13,0.3333,0.7143,7,6,3,0,0,6,3,0.5000
4,180.0000,7,17,792.1048,-88.0902,-0.6026,13,0.3333,0.7778,9,6,4,0,0,6,4,0.3333
4,180.0000,7,18,600.1680,-87.0994,0.2823,22,0.5641,0.7143,7,6,3,0,0,6,3,0.5000
4,180.0000,7,19,710.7359,-87.9992,-0.2150,13,0.3333,0.5714,7,7,5,0,0,7,5,0.2857
4,180.0000,7,20,812.9225,-88.2353,-0.1338,9,0.2308,0.7143,7,7,5,0,0,7,5,0.2857
4,180.0000,7,21,405.9900,-85.1407,-0.3004,27,0.6923,0.2000,5,5,2,0,0,5,2,0.6000
4,180.0000,7,22,537.9963,-85.3356,-0.0573,19,0.4872,0.8571,7,7,6,0,0,7,6,0.1429
4,180.0000,8,0,815.3594,-88.2236,-0.1172,13,0.3250,1.0000,8,8,8,0,0,8,8,0.0000
4,180.0000,8,1,761.9009,-87.7305,0.3151,12,0.3000,1.0000,8,8,8,0,0,8,8,0.0000
4,180.0000,8,3,249.9776,-79.2796,0.5215,38,0.9500,0.0000,4,5,1,0,0,5,1,0.8000
4,180.0000,8,5,470.9558,-84.9329,0.9518,33,0.8250,0.2000,5,5,1,0,0,5,1,0.8000
4,180.0000,8,6,685.9039,-87.1711,-0.5211,27,0.6750,0.7143,7,6,4,0,0,6,4,0.3333
4,180.0000,8,7,722.0199,-87.6233,0.2345,19,0.4750,0.8750,8,8,7,0,0,8,7,0.1250
4,180.0000,8,9,1095.1305,-88.6110,6.8689,3,0.0750,1.0000,4,6,6,0,0,6,6,0.0000
4,180.0000,8,10,300.4564,-82.3815,0.1810,36,0.9000,0.4000,5,5,2,0,0,5,2,0.6000
4,180.0000,8,11,1033.9319,-89.4644,-0.1193,3,0.0750,1.0000,4,4,4,0,0,4,4,0.0000
4,180.0000,8,12,786.9410,-88.2168,0.4056,9,0.2250,1.0000,8,6,3,0,0,6,3,0.5000
4,180.0000,8,13,884.7809,-89.0495,0.0960,10,0.2500,1.0000,8,8,8,0,0,8,8,0.0000
4,180.0000,8,14,1026.2081,-88.4370,0.2307,7,0.1750,1.0000,8,2,2,0,0,2,2,0.0000
4,180.0000,8,15,114.9832,-71.3214,0.3342,38,0.9500,0.0000,5,4,0,0,0,4,0,1.0000
4,180.0000,8,19,516.6653,-85.3036,-1.0196,34,0.8500,0.5000,6,5,1,0,0,5,1,0.8000
4,180.0000,8,20,650.4937,-87.7878,0.4954,18,0.4500,1.0000,8,6,4,0,0,6,4,0.3333
4,180.0000,8,21,818.1991,-87.9125,0.1881,9,0.2250,1.0000,8,8,5,0,0,8,5,0.3750
4,180.0000,8,22,559.8250,-85.3990,-0.4944,33,0.8250,0.5714,7,5,1,0,0,5,1,0.8000
4,180.0000,8,24,969.1846,-88.6207,0.2960,6,0.1500,1.0000,8,2,2,0,0,2,2,0.0000
4,180.0000,9,0,402.0403,-83.5184,-0.0764,34,0.8500,0.3333,6,6,4,0,0,6,4,0.3333
4,180.0000,9,1,528.9261,-85.1329,-0.2749,24,0.6000,0.0000,4,7,6,0,0,7,6,0.1429
4,180.0000,9,7,613.9051,-86.3136,0.2857,18,0.4500,0.7143,7,7,4,0,0,7,4,0.4286
4,180.0000,9,10,939.0408,-88.4864,0.2829,7,0.1750,1.0000,8,6,6,0,0,6,6,0.0000
4,180.0000,9,13,1110.0786,-89.0259,0.0722,3,0.0750,1.0000,2,2,2,0,0,2,2,0.0000
4,180.0000,9,19,741.7075,-88.0254,0.2510,12,0.3000,1.0000,8,8,6,0,0,8,6,0.2500
4,180.0000,9,20,863.8391,-88.5655,-0.5300,5,0.1250,1.0000,8,8,8,0,0,8,8,0.0000
4,180.0000,9,21,724.6774,-88.5935,-0.2255,11,0.2750,0.8571,7,7,4,0,0,7,4,0.4286
4,180.0000,10,0,602.0370,-86.5110,-0.4902,29,0.7250,0.6667,6,7,5,0,0,7,5,0.2857
4,180.0000,10,1,543.1712,-86.0094,0.6864,30,0.7500,0.6667,6,6,3,0,0,6,3,0.5000
4,180.0000,10,3,530.5760,-86.3606,0.0291,27,0.6750,0.9167,36,7,4,80,79,87,83,0.0460
4,180.0000,10,5,427.7747,-84.1635,-0.8172,36,0.9000,0.2000,5,5,2,0,0,5,2,0.6000
4,180.0000,10,6,838.1962,-88.0532,0.3487,17,0.4250,0.8571,7,6,5,0,0,6,5,0.1667
4,180.0000,10,7,731.5368,-87.4690,0.1964,19,0.4750,1.0000,10,7,6,0,0,7,6,0.1429
4,180.0000,10,8,300.4564,-80.9706,0.4331,35,0.8750,0.3898,59,5,1,59,23,64,24,0.6250
4,180.0000,10,9,939.0408,-88.2691,-0.8996,6,0.1500,1.0000,12,8,8,0,0,8,8,0.0000
4,180.0000,10,11,1002.1668,-89.3991,0.0907,3,0.0750,0.6667,3,8,8,0,0,8,8,0.0000
4,180.0000,10,12,730.9443,-87.2986,0.0138,14,0.3500,0.8750,8,6,3,0,0,6,3,0.5000
4,180.0000,10,13,619.7034,-86.6037,0.1713,23,0.5750,0.7143,7,6,3,0,0,6,3,0.5000
4,180.0000,10,15,303.5794,-80.1666,-0.1294,38,0.9500,0.5000,42,4,0,0,0,4,0,1.0000
4,180.0000,10,16,845.7176,-88.9472,-0.4031,9,0.2250,0.7778,9,5,4,0,0,5,4,0.2000
4,180.0000,10,19,295.2013,-79.3523,-0.4743,39,0.9750,0.0000,4,5,2,0,0,5,2,0.6000
4,180.0000,10,20,382.9254,-83.8769,-0.0770,38,0.9500,0.0000,4,4,0,0,0,4,0,1.0000
4,180.0000,10,21,881.1069,-89.1161,-0.0798,6,0.1500,1.0000,8,7,6,0,0,7,6,0.1429
4,180.0000,10,22,779.8442,-88.0213,-0.0862,20,0.5000,0.8571,7,6,4,0,0,6,4,0.3333
4,180.0000,10,24,917.2524,-88.0072,0.3249,10,0.2500,1.0000,8,6,6,0,0,6,6,0.0000
4,180.0000,11,2,748.9112,-88.4070,-0.2895,17,0.4250,0.7500,8,8,7,0,0,8,7,0.1250
4,180.0000,11,4,999.7960,-89.0364,0.2672,5,0.1250,1.0000,8,8,8,0,0,8,8,0.0000
4,180.0000,11,5,746.3976,-88.7958,0.3228,8,0.2000,1.0000,8,5,2,0,0,5,2,0.6000
4,180.0000,11,12,281.8028,-81.2662,0.3992,37,0.9250,0.3667,30,4,0,7,4,11,4,0.6364
4,180.0000,11,13,873.4365,-88.9341,-0.2562,10,0.2500,1.0000,50,8,7,72,72,80,79,0.0125
4,180.0000,11,14,217.1533,-78.3600,0.0285,40,1.0000,0.0000,4,3,0,0,0,3,0,1.0000
4,180.0000,11,16,879.4729,-88.1679,0.4847,7,0.1750,1.0000,8,8,8,0,0,8,8,0.0000
4,180.0000,11,23,485.9438,-84.7149,0.0052,36,0.9000,0.0000,4,5,2,0,0,5,2,0.6000
4,180.0000,11,24,448.1541,-84.8922,0.1349,34,0.8500,0.5714,7,7,5,0,0,7,5,0.2857
4,180.0000,11,25,308.2231,-79.1152,-1.1314,40,1.0000,0.0000,4,5,2,0,0,5,2,0.6000
4,180.0000,12,2,722.6018,-87.1282,-0.9322,18,0.4500,0.7143,7,7,5,0,0,7,5,0.2857
4,180.0000,12,3,948.8073,-88.5197,-0.1387,6,0.1500,1.0000,4,8,8,0,0,8,8,0.0000
4,180.0000,12,4,1070.2892,-88.7051,-1.3920,3,0.0750,,0,8,8,0,0,8,8,0.0000
4,180.0000,12,5,477.6798,-85.5783,-0.0600,22,0.5500,0.9375,32,6,2,6,6,12,8,0.3333
4,180.0000,12,8,786.9410,-88.8913,-0.1897,8,0.2000,0.8571,7,7,5,0,0,7,5,0.2857
4,180.0000,12,10,730.9443,-88.2497,0.2303,16,0.4000,0.7500,8,7,6,0,0,7,6,0.1429
4,180.0000,12,11,281.8028,-80.3900,0.4203,39,0.9750,0.0000,4,4,0,0,0,4,0,1.0000
4,180.0000,12,13,655.0366,-87.3249,-0.0152,20,0.5000,0.8000,10,6,4,0,0,6,4,0.3333
4,180.0000,12,14,401.6760,-83.5850,-0.7120,37,0.9250,0.2000,5,4,0,0,0,4,0,1.0000
4,180.0000,12,15,800.9652,-88.2191,0.0736,16,0.4000,0.8750,8,8,8,0,0,8,8,0.0000
4,180.0000,12,16,757.8677,-87.8094,-0.1977,17,0.4250,1.0000,8,8,7,0,0,8,7,0.1250
4,180.0000,12,19,998.0353,-89.0572,-0.4437,3,0.0750,1.0000,2,8,8,0,0,8,8,0.0000
4,180.0000,12,20,703.5519,-87.7528,-0.4387,15,0.3750,1.0000,8,8,7,0,0,8,7,0.1250
4,180.0000,12,23,705.5449,-87.5212,0.5221,17,0.4250,0.5000,6,7,4,0,0,7,4,0.4286
4,180.0000,12,24,478.0876,-84.1538,-0.5103,33,0.8250,0.0000,4,5,1,0,0,5,1,0.8000
4,180.0000,12,25,566.4017,-84.7959,-0.7250,33,0.8250,0.5556,18,6,4,8,6,14,10,0.2857
4,180.0000,13,0,718.9666,-87.4515,-0.1637,12,0.3000,0.6250,8,7,5,0,0,7,5,0.2857
4,180.0000,13,1,788.3633,-88.8167,-0.2029,13,0.3250,0.8571,7,7,6,0,0,7,6,0.1429
4,180.0000,13,2,612.1162,-86.5596,-0.0860,28,0.7000,0.5000,6,8,7,0,0,8,7,0.1250
4,180.0000,13,5,628.1441,-86.2967,0.1425,24,0.6000,0.4000,5,6,4,0,0,6,4,0.3333
4,180.0000,13,8,884.7809,-89.0695,0.2224,6,0.1500,1.0000,12,8,8,0,0,8,8,0.0000
4,180.0000,13,10,619.7034,-86.9395,0.6674,16,0.4000,0.6667,6,6,4,0,0,6,4,0.3333
4,180.0000,13,11,873.4365,-87.3967,-0.4273,6,0.1500,0.7778,9,8,8,0,0,8,8,0.0000
4,180.0000,13,12,655.0366,-87.0914,-0.2502,24,0.6000,0.9608,51,7,6,44,43,51,49,0.0392
4,180.0000,13,14,1035.2253,-89.3149,-0.0904,4,0.1000,1.0000,8,8,8,0,0,8,8,0.0000
4,180.0000,13,15,871.8120,-87.5198,-0.4819,11,0.2750,0.8571,7,10,10,0,0,10,10,0.0000
4,180.0000,13,16,457.0151,-84.4833,-0.0035,30,0.7500,0.2000,5,7,4,27,22,34,26,0.2353
4,180.0000,13,19,702.4302,-87.6259,-0.1214,17,0.4250,0.6667,6,8,8,0,0,8,8,0.0000
4,180.0000,13,20,315.2365,-82.6113,0.4695,30,0.7500,0.2000,5,4,1,0,0,4,1,0.7500
4,180.0000,13,24,859.6131,-87.6516,-0.6947,9,0.2250,1.0000,8,8,7,0,0,8,7,0.1250
4,180.0000,13,25,1048.0276,-88.7407,0.0658,7,0.1750,1.0000,8,6,6,0,0,6,6,0.0000
4,180.0000,14,2,909.1863,-88.6006,0.3704,4,0.1000,1.0000,8,6,6,0,0,6,6,0.0000
4,180.0000,14,5,814.7588,-88.7894,0.2761,7,0.1750,1.0000,8,8,8,0,0,8,8,0.0000
4,180.0000,14,8,1026.2081,-89.5976,0.5617,3,0.0750,1.0000,6,4,4,0,0,4,4,0.0000
4,180.0000,14,11,217.1533,-78.5082,0.2055,39,0.9750,0.0000,4,5,1,0,0,5,1,0.8000
4,180.0000,14,12,401.6760,-84.1918,-1.0450,32,0.8000,0.5000,6,5,2,0,0,5,2,0.6000
4,180.0000,14,13,1035.2253,-88.7796,-0.1263,3,0.0750,1.0000,8,8,8,0,0,8,8,0.0000
4,180.0000,14,23,441.2462,-85.6858,0.5779,31,0.7750,0.4000,5,4,0,0,0,4,0,1.0000
4,180.0000,14,24,452.1549,-85.1462,-0.4469,32,0.8000,0.4000,5,5,1,0,0,5,1,0.8000
4,180.0000,14,25,384.4265,-83.9139,-0.1657,36,0.9000,0.2000,5,4,0,0,0,4,0,1.0000
4,180.0000,15,0,744.8312,-87.9585,0.1625,19,0.4750,0.8571,7,7,6,0,0,7,6,0.1429
4,180.0000,15,1,732.1871,-88.3464,0.1830,18,0.4500,0.6667,6,8,6,0,0,8,6,0.2500
4,180.0000,15,3,238.4695,-81.0125,0.9767,39,0.9750,0.4242,33,5,1,0,0,5,1,0.8000
4,180.0000,15,5,422.9939,-83.1780,0.1757,36,0.9000,0.4000,5,6,3,0,0,6,3,0.5000
4,180.0000,15,6,597.7898,-86.7775,-0.4546,29,0.7250,0.7143,7,5,2,0,0,5,2,0.6000
4,180.0000,15,7,618.2274,-87.5508,-0.0412,21,0.5250,0.8571,7,6,3,0,0,6,3,0.5000
4,180.0000,15,8,114.9832,-71.5835,0.5858,39,0.9750,0.0000,4,5,1,0,0,5,1,0.8000
4,180.0000,15,9,1018.9871,-89.1461,0.4851,5,0.1250,1.0000,6,4,4,0,0,4,4,0.0000
4,180.0000,15,10,303.5794,-80.2170,-0.1410,37,0.9250,0.0000,4,4,0,0,0,4,0,1.0000
4,180.0000,15,12,800.9652,-88.3284,-0.4899,13,0.3250,1.0000,8,8,8,0,0,8,8,0.0000
4,180.0000,15,13,871.8120,-88.8838,-0.4312,14,0.3500,0.8571,7,8,7,0,0,8,7,0.1250
4,180.0000,15,18,992.1600,-89.5262,-0.0256,4,0.1000,,0,2,2,0,0,2,2,0.0000
4,180.0000,15,19,509.1159,-86.1265,-0.0309,31,0.7750,0.2000,5,7,5,2,1,9,6,0.3333
4,180.0000,15,20,612.9832,-87.4792,0.1747,26,0.6500,0.6667,6,5,3,0,0,5,3,0.4000
4,180.0000,15,21,753.1126,-88.7280,0.1312,14,0.3500,1.0000,8,7,5,0,0,7,5,0.2857
4,180.0000,15,22,497.6373,-85.4744,-0.2443,32,0.8000,0.4000,5,4,0,0,0,4,0,1.0000
4,180.0000,15,24,1033.9798,-88.6601,-0.6217,9,0.2250,1.0000,6,2,2,0,0,2,2,0.0000
4,180.0000,16,2,307.8533,-80.0500,0.3729,37,0.9250,0.0000,4,5,1,0,0,5,1,0.8000
4,180.0000,16,4,679.7259,-87.5440,-0.3739,19,0.4750,1.0000,8,8,7,0,0,8,7,0.1250
4,180.0000,16,5,934.5694,-88.4426,-0.1598,7,0.1750,1.0000,8,8,8,0,0,8,8,0.0000
4,180.0000,16,10,845.7176,-88.0778,0.9727,7,0.1750,1.0000,8,7,5,0,0,7,5,0.2857
4,180.0000,16,11,879.4729,-88.9001,-0.1903,8,0.2000,1.0000,8,8,8,0,0,8,8,0.0000
4,180.0000,16,12,757.8677,-88.0783,-0.0817,11,0.2750,0.8571,7,8,8,0,0,8,8,0.0000
4,180.0000,16,13,457.0151,-84.8067,-0.4814,24,0.6000,0.3333,6,5,1,0,0,5,1,0.8000
4,180.0000,16,19,923.1471,-88.9589,0.0749,9,0.2250,0.8750,8,8,8,0,0,8,8,0.0000
4,180.0000,16,20,706.6263,-87.6298,0.2665,13,0.3250,0.8750,8,7,5,0,0,7,5,0.2857
4,180.0000,16,23,993.5090,-89.5183,-0.0071,3,0.0750,1.0000,6,2,2,0,0,2,2,0.0000
4,180.0000,16,24,677.3462,-87.7609,-0.0729,20,0.5000,0.4000,5,7,6,19,18,26,24,0.0769
4,180.0000,16,25,940.1943,-88.5560,-0.5820,10,0.2500,0.8571,7,6,6,0,0,6,6,0.0000
4,180.0000,17,6,696.5807,-87.5720,0.2942,14,0.3500,1.0000,8,6,4,0,0,6,4,0.3333
4,180.0000,17,7,792.1048,-88.4042,-0.4290,12,0.3000,1.0000,8,8,8,0,0,8,8,0.0000
4,180.0000,17,18,233.3058,-75.5145,-1.8253,38,0.9500,0.0000,4,4,1,0,0,4,1,0.7500
4,180.0000,17,21,494.0468,-84.9639,-0.4615,31,0.7750,0.4000,5,5,2,0,0,5,2,0.6000
4,180.0000,17,22,812.3978,-89.0204,0.1155,6,0.1500,0.7500,8,8,8,0,0,8,8,0.0000
4,180.0000,18,3,900.4294,-87.8532,-0.2303,4,0.1000,1.0000,8,8,8,0,0,8,8,0.0000
4,180.0000,18,6,469.3573,-85.8679,0.1820,22,0.5500,0.0000,4,4,0,0,0,4,0,1.0000
4,180.0000,18,7,600.1680,-87.0769,0.2982,20,0.5000,0.8571,7,7,5,0,0,7,5,0.2857
4,180.0000,18,17,233.3058,-75.2353,-1.1629,40,1.0000,0.0588,17,4,0,0,0,4,0,1.0000
4,180.0000,18,21,378.8956,-82.9376,0.3559,34,0.8500,0.0000,4,5,1,0,0,5,1,0.8000
4,180.0000,18,22,606.6329,-86.3594,0.7636,14,0.3500,0.8571,7,6,3,0,0,6,3,0.5000
4,180.0000,19,0,465.3908,-85.4128,0.4773,30,0.7500,0.7143,7,6,3,0,0,6,3,0.5000
4,180.0000,19,1,268.8563,-81.5971,0.9451,33,0.8250,0.4000,5,4,0,0,0,4,0,1.0000
4,180.0000,19,3,701.7245,-88.2481,-0.4369,16,0.4000,0.7143,7,8,7,0,0,8,7,0.1250
4,180.0000,19,5,687.1234,-87.0721,-0.4634,21,0.5250,0.7143,7,8,6,0,0,8,6,0.2500
4,180.0000,19,6,897.0015,-89.0488,-0.3720,4,0.1000,0.8750,8,8,8,0,0,8,8,0.0000
4,180.0000,19,7,710.7359,-87.2636,-0.4392,10,0.2500,0.8571,7,7,5,0,0,7,5,0.2857
4,180.0000,19,8,516.6653,-85.6210,0.3062,24,0.6000,0.3333,6,6,2,0,0,6,2,0.6667
4,180.0000,19,9,741.7075,-88.3393,-0.1531,12,0.3000,0.8750,8,6,4,0,0,6,4,0.3333
4,180.0000,19,10,295.2013,-79.7427,-1.0417,30,0.7500,0.2000,5,4,0,0,0,4,0,1.0000
4,180.0000,19,13,702.4302,-87.6382,-0.2026,15,0.3750,0.7143,7,7,6,2,2,9,8,0.1111
4,180.0000,19,15,509.1159,-85.8221,-0.3850,26,0.6500,0.5000,6,6,3,0,0,6,3,0.5000
4,180.0000,19,16,923.1471,-88.3700,-0.1343,4,0.1000,1.0000,8,8,8,0,0,8,8,0.0000
4,180.0000,19,20,461.4056,-84.5663,-0.6365,32,0.8000,0.2000,5,6,3,0,0,6,3,0.5000
4,180.0000,19,21,787.1452,-88.1113,0.3640,12,0.3000,0.6667,6,7,6,0,0,7,6,0.1429
4,180.0000,19,22,882.2957,-88.7763,-0.0437,5,0.1250,0.8571,7,8,8,0,0,8,8,0.0000
4,180.0000,20,0,462.0969,-83.6193,-0.2943,38,0.9500,0.5000,6,6,3,0,0,6,3,0.5000
4,180.0000,20,1,561.1817,-86.7647,-0.6630,29,0.7250,0.7143,7,6,4,0,0,6,4,0.3333
4,180.0000,20,2,893.7155,-88.5570,-0.6956,7,0.1750,0.9000,10,8,8,0,0,8,8,0.0000
4,180.0000,20,3,850.3215,-88.8474,-0.1927,9,0.2250,1.0000,8,8,8,0,0,8,8,0.0000
4,180.0000,20,5,450.0707,-83.4722,-1.2524,33,0.8250,0.3333,6,6,3,0,0,6,3,0.5000
4,180.0000,20,6,1028.7299,-88.8508,-0.0531,3,0.0750,1.0000,8,6,6,0,0,6,6,0.0000
4,180.0000,20,7,812.9225,-87.9764,-0.0853,17,0.4250,1.0000,8,6,4,0,0,6,4,0.3333
4,180.0000,20,8,650.4937,-87.5746,0.3571,17,0.4250,1.0000,8,7,6,0,0,7,6,0.1429
4,180.0000,20,9,863.8391,-88.3770,0.0810,13,0.3250,1.0000,8,8,8,0,0,8,8,0.0000
4,180.0000,20,10,382.9254,-83.3124,0.3057,33,0.8250,0.0000,4,4,0,0,0,4,0,1.0000
4,180.0000,20,11,973.0828,-88.2492,-0.7984,3,0.0750,1.0000,4,6,6,0,0,6,6,0.0000
4,180.0000,20,12,703.5519,-87.3822,0.4756,11,0.2750,0.8571,7,7,5,0,0,7,5,0.2857
4,180.0000,20,13,315.2365,-83.0668,0.7105,37,0.9250,0.7532,77,6,2,59,26,65,28,0.5692
4,180.0000,20,14,1096.1788,-89.0256,0.4871,3,0.0750,,0,6,6,0,0,6,6,0.0000
4,180.0000,20,15,612.9832,-86.9003,0.0892,23,0.5750,0.6667,6,7,5,0,0,7,5,0.2857
4,180.0000,20,16,706.6263,-87.4400,0.0772,12,0.3000,0.8571,7,8,6,0,0,8,6,0.2500
4,180.0000,20,19,461.4056,-83.9333,-0.5137,37,0.9250,0.6667,6,6,3,0,0,6,3,0.5000
4,180.0000,20,24,973.7085,-88.3520,-0.0060,3,0.0750,1.0000,2,8,8,0,0,8,8,0.0000
4,180.0000,21,0,801.4665,-87.0442,0.2917,6,0.1500,0.9808,52,8,8,0,0,8,8,0.0000
4,180.0000,21,1,781.2695,-87.6071,0.0791,8,0.2000,1.0000,8,8,8,0,0,8,8,0.0000
4,180.0000,21,3,731.1349,-87.6342,1.2332,6,0.1500,0.8571,7,7,6,0,0,7,6,0.1429
4,180.0000,21,6,452.0372,-85.7429,0.9264,28,0.7000,0.6667,6,5,1,30,27,35,28,0.2000
4,180.0000,21,7,405.9900,-84.2711,0.5602,30,0.7500,0.5000,6,6,3,0,0,6,3,0.5000
4,180.0000,21,8,818.1991,-88.3615,0.2716,6,0.1500,0.8571,7,7,6,0,0,7,6,0.1429
4,180.0000,21,9,724.6774,-88.4517,-0.0924,15,0.3750,1.0000,8,7,5,0,0,7,5,0.2857
4,180.0000,21,10,881.1069,-88.0056,-0.4395,3,0.0750,1.0000,8,8,8,0,0,8,8,0.0000
4,180.0000,21,15,753.1126,-88.3877,0.2068,13,0.3250,1.0000,44,8,8,50,50,58,58,0.0000
4,180.0000,21,17,494.0468,-84.6277,-0.1354,32,0.8000,0.4167,12,5,1,0,0,5,1,0.8000
4,180.0000,21,18,378.8956,-82.8901,0.1037,35,0.8750,0.4000,5,4,0,0,0,4,0,1.0000
4,180.0000,21,19,787.1452,-87.9451,0.5867,9,0.2250,0.8571,7,8,8,0,0,8,8,0.0000
4,180.0000,21,20,1072.2074,-88.3902,0.7991,4,0.1000,1.0000,6,4,4,0,0,4,4,0.0000
4,180.0000,21,22,560.6067,-87.3027,0.4627,19,0.4750,0.8571,7,6,4,0,0,6,4,0.3333
4,180.0000,22,0,994.8337,-89.0518,6.2571,3,0.0750,0.8750,8,6,6,0,0,6,6,0.0000
4,180.0000,22,1,1023.6011,-89.0840,0.0909,7,0.1750,1.0000,4,6,6,0,0,6,6,0.0000
4,180.0000,22,3,340.0445,-80.2318,-1.0170,37,0.9250,0.2000,5,6,3,0,0,6,3,0.5000
4,180.0000,22,5,801.9580,-87.8425,0.0739,13,0.3250,0.8571,7,8,7,0,0,8,7,0.1250
4,180.0000,22,6,226.0053,-79.2542,0.2703,37,0.9250,0.2000,5,4,0,0,0,4,0,1.0000
4,180.0000,22,7,537.9963,-85.7508,0.1465,32,0.8000,0.4000,5,6,3,0,0,6,3,0.5000
4,180.0000,22,8,559.8250,-85.3822,-0.4519,29,0.7250,0.2000,5,8,8,0,0,8,8,0.0000
4,180.0000,22,10,779.8442,-87.9026,0.1992,19,0.4750,0.6667,6,8,8,0,0,8,8,0.0000
4,180.0000,22,15,497.6373,-85.1594,-0.2095,29,0.7250,0.3333,6,4,0,0,0,4,0,1.0000
4,180.0000,22,17,812.3978,-87.9467,-0.0333,11,0.2750,0.7143,7,8,8,30,30,38,38,0.0000
4,180.0000,22,18,606.6329,-87.4491,0.0712,20,0.5000,0.7500,8,5,2,0,0,5,2,0.6000
4,180.0000,22,19,882.2957,-89.1005,-0.3152,10,0.2500,1.0000,8,7,6,0,0,7,6,0.1429
4,180.0000,22,21,560.6067,-87.4903,0.3100,22,0.5500,0.8571,7,5,1,0,0,5,1,0.8000
4,180.0000,23,2,814.2184,-88.1978,-0.3764,20,0.5000,0.8571,7,7,6,0,0,7,6,0.1429
4,180.0000,23,4,884.0305,-88.3529,0.0923,4,0.1000,1.0000,8,8,8,0,0,8,8,0.0000
4,180.0000,23,11,485.9438,-85.0954,-0.3057,36,0.9000,0.6667,6,6,3,0,0,6,3,0.5000
4,180.0000,23,12,705.5449,-87.2230,0.4068,17,0.4250,0.5000,6,8,8,0,0,8,8,0.0000
4,180.0000,23,14,441.2462,-84.8223,0.3186,32,0.8000,0.8571,7,4,0,0,0,4,0,1.0000
4,180.0000,23,24,422.0408,-84.7958,0.1711,34,0.8500,0.5000,6,6,2,0,0,6,2,0.6667
4,180.0000,23,25,298.0177,-81.9848,0.8383,40,1.0000,0.0000,4,4,0,0,0,4,0,1.0000
4,180.0000,24,2,620.3497,-87.0223,0.2000,23,0.5750,0.5000,6,5,2,0,0,5,2,0.6000
4,180.0000,24,4,864.8967,-88.4614,0.0944,7,0.1750,1.0000,8,7,6,0,0,7,6,0.1429
4,180.0000,24,5,862.4322,-88.8413,-0.6424,10,0.2500,1.0000,8,8,8,0,0,8,8,0.0000
4,180.0000,24,8,969.1846,-88.5989,0.1403,4,0.1000,1.0000,8,8,8,0,0,8,8,0.0000
4,180.0000,24,10,917.2524,-88.4681,-0.4898,8,0.2000,1.0000,8,6,6,0,0,6,6,0.0000
4,180.0000,24,11,448.1541,-84.4799,-0.4095,31,0.7750,0.2000,5,5,2,0,0,5,2,0.6000
4,180.0000,24,12,478.0876,-84.3000,-0.8055,28,0.7000,0.5714,7,6,2,0,0,6,2,0.6667
4,180.0000,24,13,859.6131,-88.0181,0.1664,14,0.3500,0.8750,8,7,6,0,0,7,6,0.1429
4,180.0000,24,14,452.1549,-84.2250,0.0818,28,0.7000,0.4000,5,6,3,0,0,6,3,0.5000
4,180.0000,24,15,1033.9798,-88.8748,-0.0375,4,0.1000,1.0000,8,4,4,0,0,4,4,0.0000
4,180.0000,24,16,677.3462,-86.9293,-0.4188,20,0.5000,0.7778,9,5,4,0,0,5,4,0.2000
4,180.0000,24,23,422.0408,-85.0422,0.0246,32,0.8000,0.2000,5,6,3,0,0,6,3,0.5000
4,180.0000,24,25,500.9486,-85.6171,-0.1593,29,0.7250,0.5000,6,5,1,5,2,10,3,0.7000
4,180.0000,25,2,726.5991,-87.1192,-0.1470,23,0.5750,0.8750,8,8,7,0,0,8,7,0.1250
4,180.0000,25,4,840.2002,-88.1472,0.1571,15,0.3750,1.0000,8,8,6,0,0,8,6,0.2500
4,180.0000,25,5,1042.6944,-89.0833,-0.2906,3,0.0750,1.0000,4,8,8,0,0,8,8,0.0000
4,180.0000,25,11,308.2231,-78.6713,-0.7667,40,1.0000,0.0000,4,6,2,0,0,6,2,0.6667
4,180.0000,25,12,566.4017,-85.6878,-0.5686,30,0.7500,0.5000,6,5,2,0,0,5,2,0.6000
4,180.0000,25,13,1048.0276,-88.2176,0.1525,9,0.2250,1.0000,8,4,4,0,0,4,4,0.0000
4,180.0000,25,14,384.4265,-84.1057,0.8877,36,0.9000,0.5000,6,4,0,0,0,4,0,1.0000
4,180.0000,25,16,940.1943,-88.6442,0.8466,8,0.2000,0.8571,7,6,6,0,0,6,6,0.0000
4,180.0000,25,23,298.0177,-82.0760,0.9340,39,0.9750,0.0000,4,4,0,0,0,4,0,1.0000
4,180.0000,25,24,500.9486,-85.2660,-0.3499,30,0.7500,0.4000,5,6,2,0,0,6,2,0.6667
4,184.0000,0,1,385.1292,-82.4558,0.1981,35,0.8750,0.5714,7,6,4,0,0,6,4,0.3333
4,184.0000,0,3,1004.1929,-88.8272,-1.4261,3,0.0750,1.0000,4,8,8,0,0,8,8,0.0000
4,184.0000,0,5,987.1073,-88.0266,-1.2927,5,0.1250,1.0000,8,4,4,0,0,4,4,0.0000
4,184.0000,0,6,984.9082,-89.0233,0.1731,8,0.2000,1.0000,8,8,8,0,0,8,8,0.0000
4,184.0000,0,7,572.9162,-85.3097,-0.5886,25,0.6250,0.7143,7,7,4,0,0,7,4,0.4286
4,184.0000,0,8,850.7266,-88.9842,0.1762,11,0.2750,1.0000,8,8,8,0,0,8,8,0.0000
4,184.0000,0,9,360.5541,-82.9440,-0.1262,36,0.9000,0.2000,5,4,0,0,0,4,0,1.0000
4,184.0000,0,10,702.3080,-87.3310,-0.0638,21,0.5250,0.8571,7,8,8,0,0,8,8,0.0000
4,184.0000,0,13,746.6318,-88.2121,-0.4191,21,0.5250,0.5714,7,6,4,0,0,6,4,0.3333
4,184.0000,0,15,783.9854,-88.0306,-0.5873,14,0.3500,1.0000,8,7,6,0,0,7,6,0.1429
4,184.0000,0,19,475.7644,-84.7919,-0.1318,33,0.8250,0.3333,6,6,3,0,0,6,3,0.5000
4,184.0000,0,20,597.2044,-85.8238,-0.3320,27,0.6750,0.6667,6,6,4,0,0,6,4,0.3333
4,184.0000,0,21,817.2298,-88.1712,-0.6448,12,0.3000,0.7143,7,8,8,0,0,8,8,0.0000
4,184.0000,0,22,1060.6831,-89.1157,-0.3780,3,0.0750,1.0000,4,8,8,0,0,8,8,0.0000
4,184.0000,1,0,385.1292,-82.8263,-0.2323,35,0.8750,0.3333,6,5,2,0,0,5,2,0.6000
4,184.0000,1,3,879.9254,-88.0447,-0.2883,5,0.1250,1.0000,8,7,6,0,0,7,6,0.1429
4,184.0000,1,5,951.4247,-88.5884,0.1320,3,0.0750,1.0000,8,8,8,0,0,8,8,0.0000
4,184.0000,1,7,741.6510,-88.5026,0.3198,12,0.3000,0.5714,7,8,8,0,0,8,8,0.0000
4,184.0000,1,8,669.0117,-87.3044,0.8232,16,0.4000,1.0000,8,8,8,0,0,8,8,0.0000
4,184.0000,1,9,628.7982,-85.8098,-0.5851,22,0.5500,0.4000,5,5,2,0,0,5,2,0.6000
4,184.0000,1,10,496.4163,-85.7846,0.2367,23,0.5750,0.7143,7,6,4,0,0,6,4,0.3333
4,184.0000,1,13,680.1928,-87.9564,-0.0723,14,0.3500,1.0000,8,5,4,0,0,5,4,0.2000
4,184.0000,1,15,685.2436,-87.6863,0.1486,15,0.3750,0.8571,7,7,6,0,0,7,6,0.1429
4,184.0000,1,16,884.5072,-88.2006,1.2847,5,0.1250,1.0000,8,7,6,0,0,7,6,0.1429
4,184.0000,1,19,176.2566,-77.5372,1.0783,36,0.9000,0.2000,5,4,0,0,0,4,0,1.0000
4,184.0000,1,20,535.5778,-86.1569,-0.4063,21,0.5250,0.8750,8,5,1,0,0,5,1,0.8000
4,184.0000,1,21,831.1529,-87.2269,-0.0237,10,0.2500,1.0000,8,8,8,0,0,8,8,0.0000
4,184.0000,2,4,344.4567,-82.9893,0.1198,38,0.9500,0.0000,4,4,0,0,0,4,0,1.0000
4,184.0000,2,11,820.6339,-88.5096,-0.4496,10,0.2500,1.0000,8,8,8,0,0,8,8,0.0000
4,184.0000,2,12,807.7026,-87.4898,0.3646,7,0.1750,0.8750,8,8,8,0,0,8,8,0.0000
4,184.0000,2,13,651.2197,-86.4969,-0.7967,17,0.4250,0.5000,6,7,6,0,0,7,6,0.1429
4,184.0000,2,16,359.7706,-81.1304,0.0106,33,0.8250,0.0000,4,5,1,0,0,5,1,0.8000
4,184.0000,2,20,845.6219,-88.8680,0.4727,6,0.1500,1.0000,8,8,8,0,0,8,8,0.0000
4,184.0000,2,23,897.4167,-88.2120,-0.2424,9,0.2250,0.8750,8,8,8,0,0,8,8,0.0000
4,184.0000,2,24,653.3164,-86.3932,-0.1178,18,0.4500,0.7778,9,7,5,0,0,7,5,0.2857
4,184.0000,2,25,881.4622,-88.0350,-0.2377,13,0.3250,1.0000,8,6,6,0,0,6,6,0.0000
4,184.0000,3,0,1004.1929,-88.9934,0.1638,5,0.1250,0.8750,8,6,6,0,0,6,6,0.0000
4,184.0000,3,1,879.9254,-87.7779,-0.3063,7,0.1750,1.0000,6,8,7,0,0,8,7,0.1250
4,184.0000,3,5,534.2772,-85.9246,0.2717,25,0.6250,0.4000,5,5,1,0,0,5,1,0.8000
4,184.0000,3,6,657.8909,-86.3081,-0.1220,30,0.7500,0.5000,6,8,8,0,0,8,8,0.0000
4,184.0000,3,7,755.1758,-87.8019,-0.0339,16,0.4000,0.8571,7,8,6,0,0,8,6,0.2500
4,184.0000,3,8,262.7976,-79.5241,0.2666,34,0.8500,0.3333,6,4,0,0,0,4,0,1.0000
4,184.0000,3,10,518.2673,-85.5540,-0.2642,25,0.6250,0.5714,7,6,2,0,0,6,2,0.6667
4,184.0000,3,12,808.9415,-88.5516,-0.2706,8,0.2000,1.0000,8,8,7,0,0,8,7,0.1250
4,184.0000,3,15,221.4747,-78.1668,0.1360,34,0.8500,0.0000,4,4,0,0,0,4,0,1.0000
4,184.0000,3,18,905.6663,-88.1469,0.3623,7,0.1750,1.0000,8,8,8,0,0,8,8,0.0000
4,184.0000,3,19,715.6085,-87.2624,0.0160,20,0.5000,1.0000,8,8,6,0,0,8,6,0.2500
4,184.0000,3,20,822.4014,-88.8305,0.4434,6,0.1500,1.0000,8,7,5,0,0,7,5,0.2857
4,184.0000,3,21,693.0892,-87.9246,0.0076,21,0.5250,0.6667,6,4,2,0,0,4,2,0.5000
4,184.0000,3,22,499.4273,-83.5939,-0.8207,31,0.7750,0.5000,6,6,3,0,0,6,3,0.5000
4,184.0000,4,2,344.4567,-83.4674,0.4206,35,0.8750,0.4000,5,5,2,0,0,5,2,0.6000
4,184.0000,4,11,953.5435,-88.3032,0.2031,5,0.1250,1.0000,8,8,8,0,0,8,8,0.0000
4,184.0000,4,12,1024.9719,-88.4750,0.6663,4,0.1000,1.0000,4,4,4,0,0,4,4,0.0000
4,184.0000,4,16,684.4307,-87.9492,0.1893,17,0.4250,0.8571,7,8,7,0,0,8,7,0.1250
4,184.0000,4,23,870.3555,-88.5886,-0.6008,6,0.1500,0.8571,7,8,8,0,0,8,8,0.0000
4,184.0000,4,24,731.2943,-88.9653,-0.0665,11,0.2750,1.0000,8,8,7,0,0,8,7,0.1250
4,184.0000,4,25,832.5093,-88.4211,0.2050,9,0.2250,1.0000,10,8,8,0,0,8,8,0.0000
4,184.0000,5,0,987.1073,-89.0994,-0.3635,6,0.1500,1.0000,6,2,2,0,0,2,2,0.0000
4,184.0000,5,1,951.4247,-88.5180,0.1279,4,0.1000,0.8571,7,8,8,0,0,8,8,0.0000
4,184.0000,5,3,534.2772,-85.9828,0.3199,23,0.5750,0.3333,6,6,4,0,0,6,4,0.3333
4,184.0000,5,6,954.3189,-88.4741,0.3314,6,0.1500,1.0000,8,8,8,0,0,8,8,0.0000
4,184.0000,5,7,907.2994,-88.7879,0.1955,11,0.2750,1.0000,8,8,8,0,0,8,8,0.0000
4,184.0000,5,8,495.1797,-85.0399,-0.0245,28,0.7000,0.8571,7,6,3,0,0,6,3,0.5000
4,184.0000,5,10,520.1754,-85.8703,-0.1559,29,0.7250,0.5000,6,7,6,0,0,7,6,0.1429
4,184.0000,5,11,593.4454,-87.6122,-0.1842,15,0.3750,0.7500,8,6,4,0,0,6,4,0.3333
4,184.0000,5,12,365.9451,-84.1876,0.7633,31,0.7750,0.5714,7,4,0,0,0,4,0,1.0000
4,184.0000,5,13,774.0140,-87.4553,-0.2292,20,0.5000,0.5714,7,7,6,0,0,7,6,0.1429
4,184.0000,5,14,724.8650,-87.5371,0.5278,12,0.3000,1.0000,10,5,2,0,0,5,2,0.6000
4,184.0000,5,15,530.0022,-84.6569,-0.4499,25,0.6250,0.8571,7,8,8,8,8,16,16,0.0000
4,184.0000,5,16,920.3728,-88.7453,-0.1560,4,0.1000,1.0000,8,8,8,0,0,8,8,0.0000
4,184.0000,5,19,853.5997,-88.3014,-0.5075,10,0.2500,0.7143,7,4,4,0,0,4,4,0.0000
4,184.0000,5,20,578.4307,-85.8558,-0.1293,22,0.5500,0.2000,5,6,3,0,0,6,3,0.5000
4,184.0000,5,22,881.2939,-88.5720,-0.5273,8,0.2000,0.7143,7,8,8,0,0,8,8,0.0000
4,184.0000,5,24,875.1736,-88.8116,-0.2258,5,0.1250,1.0000,8,8,8,0,0,8,8,0.0000
4,184.0000,5,25,1057.9056,-89.4206,0.1079,3,0.0750,1.0000,6,6,6,0,0,6,6,0.0000
4,184.0000,6,0,984.9082,-88.7407,-0.5436,3,0.0750,0.8571,7,8,8,0,0,8,8,0.0000
4,184.0000,6,1,1061.2080,-89.0819,-0.0045,3,0.0750,1.0000,8,2,2,0,0,2,2,0.0000
4,184.0000,6,3,657.8909,-86.3070,-0.3702,25,0.6250,1.0000,8,8,7,0,0,8,7,0.1250
4,184.0000,6,5,954.3189,-89.1016,-0.4563,7,0.1750,1.0000,16,8,8,24,24,32,32,0.0000
4,184.0000,6,7,431.6252,-83.0376,0.0917,32,0.8000,0.5000,8,5,2,0,0,5,2,0.6000
4,184.0000,6,8,809.6854,-87.5304,-0.3601,14,0.3500,1.0000,8,8,8,0,0,8,8,0.0000
4,184.0000,6,9,868.7887,-89.3726,-0.2664,3,0.0750,1.0000,8,8,8,0,0,8,8,0.0000
4,184.0000,6,10,968.1312,-88.4612,0.7605,6,0.1500,1.0000,8,4,4,0,0,4,4,0.0000
4,184.0000,6,15,596.0371,-87.2044,-0.2270,16,0.4000,0.5000,6,6,3,19,16,25,19,0.2400
4,184.0000,6,17,712.3513,-87.6880,0.1840,19,0.4750,0.9362,47,7,6,0,0,7,6,0.1429
4,184.0000,6,18,322.5173,-83.8105,1.2518,37,0.9250,0.6667,12,4,0,0,0,4,0,1.0000
4,184.0000,6,19,940.9946,-88.7743,0.4496,7,0.1750,1.0000,8,6,6,0,0,6,6,0.0000
4,184.0000,6,20,1145.1937,-89.4091,0.1537,3,0.0750,1.0000,8,2,2,0,0,2,2,0.0000
4,184.0000,6,21,365.2461,-83.8916,0.6665,34,0.8500,0.0000,4,5,1,0,0,5,1,0.8000
4,184.0000,6,22,214.9397,-77.9004,0.3589,34,0.8500,0.1364,22,4,0,62,24,66,24,0.6364
4,184.0000,7,0,572.9162,-86.7993,0.1169,27,0.6750,0.7143,7,5,2,0,0,5,2,0.6000
4,184.0000,7,1,741.6510,-87.6595,-0.8559,23,0.5750,1.0000,8,7,6,0,0,7,6,0.1429
4,184.0000,7,3,755.1758,-87.2735,-0.5737,20,0.5000,0.7143,7,8,8,0,0,8,8,0.0000
4,184.0000,7,5,907.2994,-88.8634,0.1573,7,0.1750,0.8571,7,8,8,0,0,8,8,0.0000
4,184.0000,7,6,431.6252,-83.1654,-0.0445,37,0.9250,0.3333,6,6,3,0,0,6,3,0.5000
4,184.0000,7,8,765.2275,-87.8449,-0.0554,11,0.2750,1.0000,8,7,6,0,0,7,6,0.1429
4,184.0000,7,9,460.1519,-85.8908,0.1613,31,0.7750,0.7143,7,6,3,0,0,6,3,0.5000
4,184.0000,7,10,802.0903,-87.6544,-0.4686,15,0.3750,0.8750,8,7,6,0,0,7,6,0.1429
4,184.0000,7,13,1120.8053,-89.5465,-0.1579,4,0.1000,1.0000,4,4,4,0,0,4,4,0.0000
4,184.0000,7,15,573.6677,-86.6538,-0.5468,24,0.6000,0.5000,6,6,2,0,0,6,2,0.6667
4,184.0000,7,17,818.7796,-88.1326,0.4644,13,0.3250,0.6667,6,8,8,0,0,8,8,0.0000
4,184.0000,7,18,563.5132,-86.1712,0.0592,30,0.7500,0.5000,6,5,2,0,0,5,2,0.6000
4,184.0000,7,19,677.5353,-87.6856,0.0970,18,0.4500,0.7143,7,8,7,0,0,8,7,0.1250
4,184.0000,7,20,876.4128,-88.6106,-0.0149,14,0.3500,0.7143,7,8,8,0,0,8,8,0.0000
4,184.0000,7,21,382.0046,-83.9654,-0.3654,38,0.9500,0.4000,5,5,2,0,0,5,2,0.6000
4,184.0000,7,22,565.2829,-86.1073,0.0890,24,0.6000,0.8571,7,6,4,0,0,6,4,0.3333
4,184.0000,8,0,850.7266,-88.2054,-0.6244,10,0.2500,1.0000,8,8,8,0,0,8,8,0.0000
4,184.0000,8,1,669.0117,-87.2791,0.2500,18,0.4500,1.0000,8,7,5,0,0,7,5,0.2857
4,184.0000,8,3,262.7976,-78.9379,0.0351,37,0.9250,0.2000,5,5,1,0,0,5,1,0.8000
4,184.0000,8,5,495.1797,-85.2626,0.3947,32,0.8000,0.2000,5,7,4,0,0,7,4,0.4286
4,184.0000,8,6,809.6854,-87.8650,-0.1976,15,0.3750,0.6667,6,7,6,0,0,7,6,0.1429
4,184.0000,8,7,765.2275,-88.0082,0.4193,11,0.2750,0.8750,8,8,7,0,0,8,7,0.1250
4,184.0000,8,10,264.4565,-80.8556,0.5630,36,0.9000,0.4000,5,4,0,0,0,4,0,1.0000
4,184.0000,8,12,708.0381,-88.3272,0.3644,13,0.3250,0.5000,6,7,5,0,0,7,5,0.2857
4,184.0000,8,13,842.6797,-88.0481,0.8450,13,0.3250,1.0000,8,8,7,0,0,8,7,0.1250
4,184.0000,8,15,217.0164,-74.9205,-1.4849,37,0.9250,0.0000,4,4,0,0,0,4,0,1.0000
4,184.0000,8,16,923.8863,-88.5014,-0.5265,4,0.1000,1.0000,8,7,6,0,0,7,6,0.1429
4,184.0000,8,18,1038.2907,-88.9441,-0.9566,3,0.0750,1.0000,6,6,6,0,0,6,6,0.0000
4,184.0000,8,19,512.2675,-86.5467,-0.0121,26,0.6500,0.2000,5,5,2,0,0,5,2,0.6000
4,184.0000,8,20,607.3526,-86.3941,0.7668,24,0.6000,0.6667,6,8,7,0,0,8,7,0.1250
4,184.0000,8,21,755.1952,-88.6854,-0.2693,11,0.2750,0.6250,8,8,8,0,0,8,8,0.0000
4,184.0000,8,22,693.5282,-87.0878,-0.5225,24,0.6000,0.2000,5,8,8,0,0,8,8,0.0000
4,184.0000,9,0,360.5541,-83.4715,0.5387,37,0.9250,0.6667,6,5,1,0,0,5,1,0.8000
4,184.0000,9,1,628.7982,-86.4822,-0.3261,26,0.6500,0.8571,7,8,8,0,0,8,8,0.0000
4,184.0000,9,6,868.7887,-88.3656,0.1502,12,0.3000,1.0000,8,8,7,0,0,8,7,0.1250
4,184.0000,9,7,460.1519,-86.0177,0.4535,32,0.8000,0.5714,7,5,1,0,0,5,1,0.8000
4,184.0000,9,8,1020.1065,-89.1512,-0.4860,5,0.1250,1.0000,2,6,6,0,0,6,6,0.0000
4,184.0000,9,10,950.4226,-88.7053,0.3563,4,0.1000,1.0000,6,8,8,0,0,8,8,0.0000
4,184.0000,9,15,891.0535,-89.2341,-0.2428,6,0.1500,1.0000,8,7,6,0,0,7,6,0.1429
4,184.0000,9,18,886.2069,-88.3658,0.3436,9,0.2250,1.0000,8,6,4,0,0,6,4,0.3333
4,184.0000,9,19,672.8359,-87.7279,-0.0064,19,0.4750,0.7500,8,8,8,0,0,8,8,0.0000
4,184.0000,9,20,927.4978,-88.7585,0.0815,9,0.2250,1.0000,8,8,8,0,0,8,8,0.0000
4,184.0000,9,21,671.5619,-87.3747,0.4539,20,0.5000,0.5714,7,7,6,0,0,7,6,0.1429
4,184.0000,9,22,995.3729,-88.8526,0.9537,4,0.1000,1.0000,8,8,8,0,0,8,8,0.0000
4,184.0000,10,0,702.3080,-87.2512,0.4042,23,0.5750,0.7143,7,7,6,0,0,7,6,0.1429
4,184.0000,10,1,496.4163,-85.6138,-0.0295,28,0.7000,0.5000,6,6,4,0,0,6,4,0.3333
4,184.0000,10,2,1011.2889,-89.4159,-0.3228,4,0.1000,1.0000,2,8,8,0,0,8,8,0.0000
4,184.0000,10,3,518.2673,-85.2450,-0.1367,27,0.6750,0.9540,87,5,1,79,75,84,76,0.0952
4,184.0000,10,5,520.1754,-84.8969,-0.5873,32,0.8000,0.4000,5,6,3,0,0,6,3,0.5000
4,184.0000,10,6,968.1312,-88.4925,0.0762,6,0.1500,0.8333,6,8,8,0,0,8,8,0.0000
4,184.0000,10,7,802.0903,-87.9556,-0.3195,15,0.3750,0.8571,7,8,7,0,0,8,7,0.1250
4,184.0000,10,8,264.4565,-80.1118,0.3178,38,0.9500,0.3750,64,5,1,57,23,62,24,0.6129
4,184.0000,10,9,950.4226,-88.4232,0.5982,6,0.1500,1.0000,8,6,6,0,0,6,6,0.0000
4,184.0000,10,11,903.1680,-88.5805,-0.1179,7,0.1750,1.0000,8,8,8,0,0,8,8,0.0000
4,184.0000,10,12,656.6141,-87.1985,0.2076,26,0.6500,0.5000,6,5,1,0,0,5,1,0.8000
4,184.0000,10,13,592.0242,-86.8614,0.1154,28,0.7000,0.5000,6,8,8,0,0,8,8,0.0000
4,184.0000,10,14,1013.4190,-88.3536,-1.2822,3,0.0750,1.0000,2,8,8,0,0,8,8,0.0000
4,184.0000,10,15,398.2765,-82.1889,-0.5975,34,0.8500,0.0000,4,6,3,0,0,6,3,0.5000
4,184.0000,10,16,700.3945,-88.1128,0.4053,15,0.3750,0.8000,5,8,5,0,0,8,5,0.3750
4,184.0000,10,19,385.9013,-82.2449,-0.1792,38,0.9500,0.4000,5,5,1,0,0,5,1,0.8000
4,184.0000,10,20,372.0048,-83.4448,-0.0557,35,0.8750,0.0000,4,4,0,0,0,4,0,1.0000
4,184.0000,10,21,873.5380,-88.2134,0.0572,14,0.3500,0.8571,7,8,8,0,0,8,8,0.0000
4,184.0000,10,22,896.2195,-88.4350,0.0976,11,0.2750,0.6667,6,8,8,0,0,8,8,0.0000
4,184.0000,10,24,928.7636,-89.0108,0.4188,10,0.2500,1.0000,6,8,8,0,0,8,8,0.0000
4,184.0000,11,2,820.6339,-87.6547,-0.8257,15,0.3750,0.8750,8,7,6,0,0,7,6,0.1429
4,184.0000,11,3,1018.5739,-89.4914,-0.9412,3,0.0750,,0,6,6,0,0,6,6,0.0000
4,184.0000,11,4,953.5435,-88.9002,-0.4538,7,0.1750,1.0000,8,8,8,0,0,8,8,0.0000
4,184.0000,11,5,593.4454,-86.6990,0.8005,20,0.5000,0.4000,5,5,1,32,32,37,33,0.1081
4,184.0000,11,8,940.8115,-88.4983,0.5936,5,0.1250,1.0000,6,6,6,0,0,6,6,0.0000
4,184.0000,11,10,903.1680,-88.9044,0.6654,6,0.1500,1.0000,6,10,10,42,42,52,52,0.0000
4,184.0000,11,12,259.6646,-79.5097,0.2474,34,0.8500,0.3636,11,4,0,0,0,4,0,1.0000
4,184.0000,11,13,910.7909,-88.9422,-0.2039,6,0.1500,0.9875,80,8,8,4,4,12,12,0.0000
4,184.0000,11,14,201.8915,-78.1674,-0.3598,40,1.0000,0.0000,3,4,0,1,0,5,0,1.0000
4,184.0000,11,16,848.2398,-88.8313,0.1427,9,0.2250,1.0000,8,7,6,0,0,7,6,0.1429
4,184.0000,11,20,880.5654,-89.6768,0.6050,3,0.0750,1.0000,8,8,8,0,0,8,8,0.0000
4,184.0000,11,23,500.2223,-85.7667,-0.0012,31,0.7750,0.4000,5,5,1,0,0,5,1,0.8000
4,184.0000,11,24,480.3377,-84.6815,-0.1505,33,0.8250,0.7143,7,5,2,0,0,5,2,0.6000
4,184.0000,11,25,464.9346,-83.6197,-1.0165,38,0.9500,0.4000,5,5,1,0,0,5,1,0.8000
4,184.0000,12,2,807.7026,-88.1666,0.2561,18,0.4500,0.7143,7,7,6,0,0,7,6,0.1429
4,184.0000,12,3,808.9415,-88.5753,-0.4661,10,0.2500,1.0000,8,8,8,0,0,8,8,0.0000
4,184.0000,12,5,365.9451,-84.5619,0.5647,30,0.7500,0.6667,12,5,2,0,0,5,2,0.6000
4,184.0000,12,8,708.0381,-88.3251,0.5901,12,0.3000,0.7143,7,7,5,0,0,7,5,0.2857
4,184.0000,12,10,656.6141,-87.5961,0.0051,18,0.4500,0.8571,7,8,6,0,0,8,6,0.2500
4,184.0000,12,11,259.6646,-80.1210,0.5939,39,0.9750,0.0000,4,5,1,0,0,5,1,0.8000
4,184.0000,12,13,720.8735,-87.9094,-0.0919,18,0.4500,0.6667,6,8,8,0,0,8,8,0.0000
4,184.0000,12,14,418.9129,-83.8979,-0.0279,36,0.9000,0.0000,4,5,1,0,0,5,1,0.8000
4,184.0000,12,15,826.2638,-88.0617,0.2582,8,0.2000,1.0000,8,8,7,0,0,8,7,0.1250
4,184.0000,12,16,731.3361,-88.4918,0.4913,11,0.2750,0.8750,8,7,6,2,2,9,8,0.1111
4,184.0000,12,19,1030.7303,-88.8885,0.3862,4,0.1000,1.0000,8,8,8,0,0,8,8,0.0000
4,184.0000,12,20,642.7805,-87.3846,-0.1628,24,0.6000,0.8750,8,7,5,0,0,7,5,0.2857
4,184.0000,12,23,705.8010,-86.9300,-0.0209,22,0.5500,0.5714,7,6,3,0,0,6,3,0.5000
4,184.0000,12,24,557.2981,-86.0877,-0.6134,29,0.7250,0.2000,5,6,4,0,0,6,4,0.3333
4,184.0000,12,25,713.0107,-86.8938,0.1031,22,0.5500,0.7143,14,8,7,12,11,20,18,0.1000
4,184.0000,13,0,746.6318,-88.0316,-0.1427,19,0.4750,0.7143,7,7,6,0,0,7,6,0.1429
4,184.0000,13,1,680.1928,-86.9849,0.8682,19,0.4750,0.8571,7,7,6,0,0,7,6,0.1429
4,184.0000,13,2,651.2197,-87.9342,-0.3453,20,0.5000,0.8750,8,7,4,0,0,7,4,0.4286
4,184.0000,13,3,1069.9764,-88.9471,0.5074,3,0.0750,,0,6,6,0,0,6,6,0.0000
4,184.0000,13,4,991.9681,-89.5889,0.2480,4,0.1000,1.0000,6,6,6,0,0,6,6,0.0000
4,184.0000,13,5,774.0140,-87.1348,-0.7297,26,0.6500,0.6667,6,8,8,0,0,8,8,0.0000
4,184.0000,13,8,842.6797,-88.4012,0.3294,11,0.2750,1.0000,8,8,8,0,0,8,8,0.0000
4,184.0000,13,10,592.0242,-86.5377,0.2830,25,0.6250,0.6667,6,7,5,0,0,7,5,0.2857
4,184.0000,13,11,910.7909,-88.3625,0.1460,7,0.1750,1.0000,8,6,6,0,0,6,6,0.0000
4,184.0000,13,12,720.8735,-88.0344,-0.1312,17,0.4250,0.9608,51,7,6,0,0,7,6,0.1429
4,184.0000,13,14,1076.3915,-89.2141,0.2284,3,0.0750,1.0000,8,8,8,0,0,8,8,0.0000
4,184.0000,13,15,934.5942,-88.8634,0.0524,10,0.2500,1.0000,10,8,8,0,0,8,8,0.0000
4,184.0000,13,16,426.5034,-84.8404,0.5588,33,0.8250,0.7647,34,4,0,2,2,6,2,0.6667
4,184.0000,13,19,733.3460,-87.8774,-0.3027,23,0.5750,1.0000,8,8,7,0,0,8,7,0.1250
4,184.0000,13,20,267.6766,-80.7568,0.5403,35,0.8750,0.2500,4,7,2,0,0,7,2,0.7143
4,184.0000,13,24,958.3276,-88.7956,-0.1837,8,0.2000,0.8750,8,4,4,0,0,4,4,0.0000
4,184.0000,14,2,910.5378,-88.9273,0.5281,5,0.1250,1.0000,6,8,8,0,0,8,8,0.0000
4,184.0000,14,5,724.8650,-88.2053,0.2526,12,0.3000,1.0000,8,7,6,2,2,9,8,0.1111
4,184.0000,14,11,201.8915,-77.6800,0.2813,37,0.9250,0.2000,5,6,2,0,0,6,2,0.6667
4,184.0000,14,12,418.9129,-83.1705,-0.1730,27,0.6750,0.4000,5,7,4,0,0,7,4,0.4286
4,184.0000,14,13,1076.3915,-89.8070,-0.0686,3,0.0750,1.0000,8,4,4,0,0,4,4,0.0000
4,184.0000,14,16,953.2540,-89.5034,0.0857,7,0.1750,1.0000,8,8,8,0,0,8,8,0.0000
4,184.0000,14,20,1042.8419,-89.0644,0.7796,3,0.0750,1.0000,2,6,6,0,0,6,6,0.0000
4,184.0000,14,23,341.3066,-82.9747,0.8946,34,0.8500,0.0000,4,4,0,0,0,4,0,1.0000
4,184.0000,14,24,425.8810,-84.7008,0.4186,30,0.7500,0.2000,5,4,0,0,0,4,0,1.0000
4,184.0000,14,25,379.4982,-83.7296,-0.2275,33,0.8250,0.0000,4,6,2,0,0,6,2,0.6667
4,184.0000,15,0,783.9854,-88.5692,-0.1887,12,0.3000,0.8571,7,8,8,0,0,8,8,0.0000
4,184.0000,15,1,685.2436,-87.4093,0.2861,15,0.3750,0.7500,8,6,4,0,0,6,4,0.3333
4,184.0000,15,3,221.4747,-78.1780,0.5573,37,0.9250,0.2000,5,4,0,0,0,4,0,1.0000
4,184.0000,15,5,530.0022,-85.3136,-0.2403,28,0.7000,0.5000,6,7,6,0,0,7,6,0.1429
4,184.0000,15,6,596.0371,-87.2542,0.0579,26,0.6500,0.4000,5,7,5,0,0,7,5,0.2857
4,184.0000,15,7,573.6677,-86.2346,-0.2021,29,0.7250,0.5000,6,7,4,0,0,7,4,0.4286
4,184.0000,15,8,217.0164,-74.4436,-1.8363,38,0.9500,0.2000,5,5,1,0,0,5,1,0.8000
4,184.0000,15,9,891.0535,-89.1250,0.2833,7,0.1750,1.0000,4,7,6,0,0,7,6,0.1429
4,184.0000,15,10,398.2765,-82.4702,-0.6712,34,0.8500,0.0000,4,6,2,0,0,6,2,0.6667
4,184.0000,15,11,1066.0836,-88.6848,-1.8777,3,0.0750,,0,4,4,0,0,4,4,0.0000
4,184.0000,15,12,826.2638,-88.0275,-0.2263,12,0.3000,1.0000,8,7,6,8,8,15,14,0.0667
4,184.0000,15,13,934.5942,-89.1078,-0.1947,7,0.1750,0.8750,8,6,5,0,0,6,5,0.1667
4,184.0000,15,16,1090.3960,-89.4227,-0.0071,4,0.1000,1.0000,8,8,8,0,0,8,8,0.0000
4,184.0000,15,18,835.0308,-88.6212,-0.2153,7,0.1750,1.0000,2,7,6,0,0,7,6,0.1429
4,184.0000,15,19,529.2301,-86.1948,0.1769,27,0.6750,0.6667,9,5,2,0,0,5,2,0.6000
4,184.0000,15,20,673.8887,-87.1366,0.5844,19,0.4750,0.6000,5,7,6,0,0,7,6,0.1429
4,184.0000,15,21,570.8703,-87.1247,0.6478,21,0.5250,0.7143,7,7,5,0,0,7,5,0.2857
4,184.0000,15,22,499.8204,-85.9629,0.2397,28,0.7000,0.0000,4,4,0,0,0,4,0,1.0000
4,184.0000,16,0,1089.3201,-89.1597,0.2923,4,0.1000,1.0000,2,8,8,0,0,8,8,0.0000
4,184.0000,16,1,884.5072,-89.3180,0.2056,8,0.2000,1.0000,8,8,8,0,0,8,8,0.0000
4,184.0000,16,2,359.7706,-81.5490,0.1777,38,0.9500,0.2000,5,5,1,0,0,5,1,0.8000
4,184.0000,16,4,684.4307,-87.8599,0.2997,23,0.5750,0.8750,8,7,6,0,0,7,6,0.1429
4,184.0000,16,5,920.3728,-89.3936,0.0875,4,0.1000,1.0000,8,8,8,0,0,8,8,0.0000
4,184.0000,16,10,700.3945,-87.3446,-0.0015,12,0.3000,0.7143,7,7,5,0,0,7,5,0.2857
4,184.0000,16,11,848.2398,-88.7571,0.2918,10,0.2500,1.0000,8,8,7,0,0,8,7,0.1250
4,184.0000,16,12,731.3361,-88.0481,-0.2929,11,0.2750,1.0000,8,7,5,0,0,7,5,0.2857
4,184.0000,16,13,426.5034,-84.4594,0.2243,31,0.7750,0.2000,5,6,4,2,2,8,6,0.2500
4,184.0000,16,14,953.2540,-88.2067,0.0767,6,0.1500,1.0000,8,8,8,0,0,8,8,0.0000
4,184.0000,16,15,1090.3960,-89.4340,0.2728,3,0.0750,1.0000,6,8,8,0,0,8,8,0.0000
4,184.0000,16,19,903.9631,-88.3831,-0.3862,10,0.2500,1.0000,8,8,8,0,0,8,8,0.0000
4,184.0000,16,20,578.1118,-87.3001,0.4891,24,0.6000,0.7143,7,7,5,0,0,7,5,0.2857
4,184.0000,16,24,682.1648,-87.3569,0.0124,18,0.4500,0.9231,26,6,5,2,2,8,7,0.1250
4,184.0000,17,6,712.3513,-87.3056,0.1891,15,0.3846,0.6667,6,8,5,0,0,8,5,0.3750
4,184.0000,17,7,818.7796,-88.3289,0.2544,8,0.2051,1.0000,8,8,8,0,0,8,8,0.0000
4,184.0000,17,18,395.2330,-81.3223,-1.1051,34,0.8718,0.2500,4,7,2,0,0,7,2,0.7143
4,184.0000,17,21,596.4161,-85.4295,-0.2106,21,0.5385,0.4000,5,8,7,0,0,8,7,0.1250
4,184.0000,17,22,826.4494,-88.4040,0.2030,11,0.2821,1.0000,8,8,7,0,0,8,7,0.1250
4,184.0000,18,1,1174.3776,-89.1357,-0.5779,3,0.0750,1.0000,4,6,6,0,0,6,6,0.0000
4,184.0000,18,3,905.6663,-88.6020,0.8089,6,0.1500,1.0000,8,7,6,0,0,7,6,0.1429
4,184.0000,18,6,322.5173,-83.6791,0.7751,36,0.9000,0.0000,4,4,0,0,0,4,0,1.0000
4,184.0000,18,7,563.5132,-86.0868,0.5195,20,0.5000,0.7143,7,6,3,0,0,6,3,0.5000
4,184.0000,18,8,1038.2907,-89.4852,0.0701,4,0.1000,1.0000,4,4,4,0,0,4,4,0.0000
4,184.0000,18,9,886.2069,-88.8313,-0.2953,5,0.1250,1.0000,8,8,8,0,0,8,8,0.0000
4,184.0000,18,15,835.0308,-88.8169,0.3006,5,0.1250,1.0000,10,7,6,0,0,7,6,0.1429
4,184.0000,18,17,395.2330,-80.7055,-0.9488,39,0.9750,0.0000,4,6,2,0,0,6,2,0.6667
4,184.0000,18,21,355.5152,-82.8301,-0.3077,35,0.8750,0.2000,5,5,2,0,0,5,2,0.6000
4,184.0000,18,22,446.8578,-85.3772,0.3077,28,0.7000,0.5000,6,5,2,0,0,5,2,0.6000
4,184.0000,19,0,475.7644,-85.1190,-0.2780,32,0.8000,0.5000,6,6,4,0,0,6,4,0.3333
4,184.0000,19,1,176.2566,-78.0884,0.6377,38,0.9500,0.0000,4,4,0,0,0,4,0,1.0000
4,184.0000,19,3,715.6085,-87.4759,-0.0025,23,0.5750,0.8750,8,8,8,0,0,8,8,0.0000
4,184.0000,19,5,853.5997,-87.8176,0.3737,16,0.4000,0.7500,8,5,4,0,0,5,4,0.2000
4,184.0000,19,6,940.9946,-88.6888,0.3379,8,0.2000,1.0000,8,6,6,0,0,6,6,0.0000
4,184.0000,19,7,677.5353,-87.6754,-0.1890,20,0.5000,0.7143,7,10,10,0,0,10,10,0.0000
4,184.0000,19,8,512.2675,-84.8350,0.5696,29,0.7250,0.3333,6,7,6,0,0,7,6,0.1429
4,184.0000,19,9,672.8359,-87.5113,0.0696,19,0.4750,0.6667,6,7,5,0,0,7,5,0.2857
4,184.0000,19,10,385.9013,-81.6544,-0.4575,36,0.9000,0.0000,4,5,1,0,0,5,1,0.8000
4,184.0000,19,12,1030.7303,-88.7811,-0.2514,3,0.0750,1.0000,6,6,6,0,0,6,6,0.0000
4,184.0000,19,13,733.3460,-87.8967,-0.3383,15,0.3750,0.8889,9,8,8,0,0,8,8,0.0000
4,184.0000,19,15,529.2301,-85.7122,0.5486,31,0.7750,0.5000,6,8,6,0,0,8,6,0.2500
4,184.0000,19,16,903.9631,-88.9040,-0.0900,7,0.1750,1.0000,8,8,8,0,0,8,8,0.0000
4,184.0000,19,20,542.4419,-85.4162,0.5315,29,0.7250,0.5000,6,7,4,0,0,7,4,0.4286
4,184.0000,19,21,717.5802,-88.0106,-0.0853,16,0.4000,0.8571,7,8,8,0,0,8,8,0.0000
4,184.0000,19,22,919.4090,-88.6417,0.1380,7,0.1750,1.0000,8,6,6,0,0,6,6,0.0000
4,184.0000,20,0,597.2044,-85.6226,-0.3334,32,0.8000,0.5000,6,7,6,0,0,7,6,0.1429
4,184.0000,20,1,535.5778,-85.9431,0.0737,28,0.7000,0.6667,6,6,4,0,0,6,4,0.3333
4,184.0000,20,2,845.6219,-89.2164,0.1868,7,0.1750,1.0000,8,7,6,0,0,7,6,0.1429
4,184.0000,20,3,822.4014,-88.2411,0.0370,17,0.4250,1.0000,8,7,6,0,0,7,6,0.1429
4,184.0000,20,5,578.4307,-85.4103,-0.4442,29,0.7250,0.5000,6,6,4,4,4,10,8,0.2000
4,184.0000,20,7,876.4128,-88.4818,-0.1023,13,0.3250,0.6667,6,8,8,0,0,8,8,0.0000
4,184.0000,20,8,607.3526,-87.1650,-0.0721,23,0.5750,0.8571,7,6,4,0,0,6,4,0.3333
4,184.0000,20,9,927.4978,-88.5729,0.4950,7,0.1750,1.0000,8,8,8,0,0,8,8,0.0000
4,184.0000,20,10,372.0048,-83.1051,0.0737,35,0.8750,0.0000,4,5,2,0,0,5,2,0.6000
4,184.0000,20,11,880.5654,-89.2150,0.4293,5,0.1250,1.0000,6,6,6,0,0,6,6,0.0000
4,184.0000,20,12,642.7805,-86.9111,0.2583,21,0.5250,0.7143,7,7,6,73,69,80,75,0.0625
4,184.0000,20,13,267.6766,-80.3115,0.0223,39,0.9750,0.4308,65,5,1,1,0,6,1,0.8333
4,184.0000,20,15,673.8887,-87.3126,-0.3932,14,0.3500,0.7143,7,8,7,0,0,8,7,0.1250
4,184.0000,20,16,578.1118,-87.1036,0.1506,31,0.7750,0.7500,8,6,2,0,0,6,2,0.6667
4,184.0000,20,19,542.4419,-85.3230,-0.3288,31,0.7750,0.5000,6,7,5,0,0,7,5,0.2857
4,184.0000,20,24,977.8376,-88.8173,-0.2596,7,0.1750,1.0000,8,8,8,0,0,8,8,0.0000
4,184.0000,21,0,817.2298,-88.5954,-0.1350,9,0.2250,1.0000,8,7,5,0,0,7,5,0.2857
4,184.0000,21,1,831.1529,-88.1735,-0.5888,9,0.2250,1.0000,8,8,8,0,0,8,8,0.0000
4,184.0000,21,3,693.0892,-88.1257,0.3053,19,0.4750,0.8571,7,6,3,0,0,6,3,0.5000
4,184.0000,21,6,365.2461,-84.1225,0.5762,35,0.8750,0.8000,35,4,0,78,60,82,60,0.2683
4,184.0000,21,7,382.0046,-83.0119,-0.2887,33,0.8250,0.5000,6,6,3,0,0,6,3,0.5000
4,184.0000,21,8,755.1952,-87.9894,0.3284,16,0.4000,0.8571,7,7,6,0,0,7,6,0.1429
4,184.0000,21,9,671.5619,-87.9572,0.2193,21,0.5250,0.7143,7,6,3,0,0,6,3,0.5000
4,184.0000,21,10,873.5380,-88.7126,-0.3959,7,0.1750,1.0000,8,8,8,0,0,8,8,0.0000
4,184.0000,21,15,570.8703,-87.3668,0.2535,19,0.4750,1.0000,58,5,2,0,0,5,2,0.6000
4,184.0000,21,17,596.4161,-85.7010,-0.3564,29,0.7250,0.2000,5,8,7,0,0,8,7,0.1250
4,184.0000,21,18,355.5152,-82.9443,0.4668,37,0.9250,0.0000,4,4,0,0,0,4,0,1.0000
4,184.0000,21,19,717.5802,-88.0463,0.2171,16,0.4000,1.0000,8,7,6,0,0,7,6,0.1429
4,184.0000,21,22,417.2069,-85.1428,0.7751,30,0.7500,0.6667,6,5,1,0,0,5,1,0.8000
4,184.0000,22,0,1060.6831,-88.9087,0.4959,4,0.1000,1.0000,6,8,8,0,0,8,8,0.0000
4,184.0000,22,1,1064.3397,-89.5097,-0.1459,4,0.1000,1.0000,6,4,4,0,0,4,4,0.0000
4,184.0000,22,3,499.4273,-83.6474,-1.0490,31,0.7750,0.5000,6,6,4,0,0,6,4,0.3333
4,184.0000,22,5,881.2939,-88.5122,-1.0309,9,0.2250,0.8750,8,8,8,0,0,8,8,0.0000
4,184.0000,22,6,214.9397,-77.7311,-0.1309,36,0.9000,0.0000,4,4,0,0,0,4,0,1.0000
4,184.0000,22,7,565.2829,-86.0179,0.0419,22,0.5500,0.5000,6,6,4,0,0,6,4,0.3333
4,184.0000,22,8,693.5282,-86.4590,-0.3575,22,0.5500,1.0000,8,8,8,0,0,8,8,0.0000
4,184.0000,22,10,896.2195,-88.7561,0.1699,12,0.3000,1.0000,8,8,8,0,0,8,8,0.0000
4,184.0000,22,15,499.8204,-85.2565,-0.2812,24,0.6000,0.0000,4,5,2,0,0,5,2,0.6000
4,184.0000,22,17,826.4494,-88.0388,-0.1332,14,0.3500,1.0000,38,8,8,78,77,86,85,0.0116
4,184.0000,22,18,446.8578,-85.7957,0.9986,27,0.6750,0.4000,5,4,0,0,0,4,0,1.0000
4,184.0000,22,19,919.4090,-88.4455,-0.1463,7,0.1750,0.8571,7,8,8,0,0,8,8,0.0000
4,184.0000,22,21,417.2069,-85.2776,0.5082,25,0.6250,0.2000,5,4,0,0,0,4,0,1.0000
4,184.0000,23,2,897.4167,-88.0934,0.0567,10,0.2500,0.8571,7,8,8,0,0,8,8,0.0000
4,184.0000,23,4,870.3555,-88.3884,-0.5187,13,0.3250,1.0000,8,8,8,0,0,8,8,0.0000
4,184.0000,23,5,1034.6129,-89.4416,0.2394,3,0.0750,,0,6,6,0,0,6,6,0.0000
4,184.0000,23,11,500.2223,-85.4278,-0.4327,28,0.7000,0.5000,6,6,3,0,0,6,3,0.5000
4,184.0000,23,12,705.8010,-87.8935,0.0469,24,0.6000,1.0000,8,6,4,0,0,6,4,0.3333
4,184.0000,23,14,341.3066,-84.4907,-0.1224,35,0.8750,0.0000,4,5,2,0,0,5,2,0.6000
4,184.0000,23,24,361.5410,-83.2355,0.5522,34,0.8500,0.3333,6,4,0,0,0,4,0,1.0000
4,184.0000,23,25,290.8008,-80.0493,-0.2848,37,0.9250,0.0000,4,5,1,0,0,5,1,0.8000
4,184.0000,24,2,653.3164,-86.6117,0.2586,20,0.4878,0.4000,5,8,7,0,0,8,7,0.1250
4,184.0000,24,4,731.2943,-88.3062,-0.2413,9,0.2195,0.8571,7,8,8,0,0,8,8,0.0000
4,184.0000,24,5,875.1736,-88.6139,0.2427,8,0.1951,1.0000,8,8,8,0,0,8,8,0.0000
4,184.0000,24,10,928.7636,-89.2564,-0.2028,4,0.0976,1.0000,6,10,10,0,0,10,10,0.0000
4,184.0000,24,11,480.3377,-84.5000,-0.2623,28,0.6829,0.4000,5,6,4,0,0,6,4,0.3333
4,184.0000,24,12,557.2981,-85.9184,-0.8681,19,0.4634,0.3333,6,8,6,0,0,8,6,0.2500
4,184.0000,24,13,958.3276,-89.1521,-0.1505,6,0.1463,0.8571,7,8,8,0,0,8,8,0.0000
4,184.0000,24,14,425.8810,-84.1762,0.4359,30,0.7317,0.5000,6,6,2,0,0,6,2,0.6667
4,184.0000,24,16,682.1648,-86.8931,-0.3916,9,0.2195,0.8000,5,10,10,0,0,10,10,0.0000
4,184.0000,24,20,977.8376,-89.0740,0.1769,6,0.1463,1.0000,8,6,6,0,0,6,6,0.0000
4,184.0000,24,23,361.5410,-83.3738,0.0180,32,0.7805,0.5000,6,6,2,0,0,6,2,0.6667
4,184.0000,24,25,539.0404,-84.7954,-0.2105,26,0.6341,0.3000,10,5,1,2,1,7,2,0.7143
4,184.0000,25,2,881.4622,-88.0587,-0.5592,10,0.2500,0.8750,8,4,4,0,0,4,4,0.0000
4,184.0000,25,4,832.5093,-88.8113,0.2330,8,0.2000,0.7500,8,7,6,0,0,7,6,0.1429
4,184.0000,25,11,464.9346,-82.6901,-0.6792,36,0.9000,0.3333,6,6,4,0,0,6,4,0.3333
4,184.0000,25,12,713.0107,-88.0842,0.4684,21,0.5250,0.4000,5,7,6,0,0,7,6,0.1429
4,184.0000,25,14,379.4982,-83.0158,-0.0398,37,0.9250,0.0000,4,5,2,0,0,5,2,0.6000
4,184.0000,25,23,290.8008,-81.0739,-0.1023,39,0.9750,0.0000,4,5,1,0,0,5,1,0.8000
4,184.0000,25,24,539.0404,-85.2156,-0.1734,34,0.8500,0.3333,6,4,0,0,0,4,0,1.0000
4,188.0000,0,1,472.4555,-83.2717,-0.1054,26,0.6500,0.6667,6,6,3,0,0,6,3,0.5000
4,188.0000,0,7,564.0174,-86.5044,-0.5995,23,0.5750,0.5714,7,7,5,0,0,7,5,0.2857
4,188.0000,0,8,862.3988,-89.0930,0.3056,8,0.2000,1.0000,8,8,8,0,0,8,8,0.0000
4,188.0000,0,9,418.0193,-83.3226,-0.2878,37,0.9250,0.0000,4,6,2,0,0,6,2,0.6667
4,188.0000,0,10,801.3919,-87.8467,-0.1981,16,0.4000,1.0000,8,8,7,0,0,8,7,0.1250
4,188.0000,0,13,770.5180,-87.9043,0.0733,14,0.3500,0.6667,6,8,8,0,0,8,8,0.0000
4,188.0000,0,15,799.1294,-88.1396,-0.0920,12,0.3000,0.8571,7,7,6,0,0,7,6,0.1429
4,188.0000,0,16,1068.6899,-88.7339,0.0750,4,0.1000,1.0000,4,8,8,0,0,8,8,0.0000
4,188.0000,0,19,476.8858,-85.3509,-0.1520,30,0.7500,0.5000,6,6,2,0,0,6,2,0.6667
4,188.0000,0,20,701.5131,-87.5040,-0.0512,20,0.5000,0.6667,6,7,6,0,0,7,6,0.1429
4,188.0000,0,21,886.0688,-88.4342,0.8523,8,0.2000,1.0000,8,7,6,0,0,7,6,0.1429
4,188.0000,0,22,1119.9416,-89.2470,-0.2122,3,0.0750,1.0000,8,8,8,0,0,8,8,0.0000
4,188.0000,1,0,472.4555,-83.7903,-0.3040,34,0.8500,0.4000,5,8,4,0,0,8,4,0.5000
4,188.0000,1,3,850.6778,-87.9789,-2.1484,5,0.1250,0.8571,7,7,6,0,0,7,6,0.1429
4,188.0000,1,5,1023.8434,-88.9966,0.3630,5,0.1250,1.0000,8,10,10,0,0,10,10,0.0000
4,188.0000,1,7,768.3205,-88.1547,-0.3201,15,0.3750,1.0000,8,8,8,0,0,8,8,0.0000
4,188.0000,1,8,556.2238,-86.4554,0.0684,22,0.5500,1.0000,8,5,2,0,0,5,2,0.6000
4,188.0000,1,9,747.5198,-87.4528,-0.2814,10,0.2500,0.4000,5,8,8,0,0,8,8,0.0000
4,188.0000,1,10,460.5272,-84.3454,-0.1365,28,0.7000,0.6667,6,6,3,0,0,6,3,0.5000
4,188.0000,1,13,610.1646,-87.4992,0.1714,18,0.4500,0.8000,5,9,6,0,0,9,6,0.3333
4,188.0000,1,15,662.4303,-87.1838,0.1108,13,0.3250,0.8571,7,7,5,0,0,7,5,0.2857
4,188.0000,1,16,730.4772,-88.1339,0.0064,6,0.1500,0.8571,7,7,6,0,0,7,6,0.1429
4,188.0000,1,19,158.2046,-74.8072,0.4622,34,0.8500,0.0000,4,5,1,0,0,5,1,0.8000
4,188.0000,1,20,505.7944,-85.8992,-0.0032,30,0.7500,0.2000,5,6,3,0,0,6,3,0.5000
4,188.0000,1,21,886.2219,-87.5692,0.0970,7,0.1750,1.0000,8,7,6,0,0,7,6,0.1429
4,188.0000,2,4,311.1365,-81.8445,0.9639,39,0.9750,0.0000,4,4,0,0,0,4,0,1.0000
4,188.0000,2,10,971.9056,-88.2446,0.0189,5,0.1250,1.0000,8,6,6,0,0,6,6,0.0000
4,188.0000,2,11,887.5730,-89.0202,0.2428,9,0.2250,1.0000,8,8,8,0,0,8,8,0.0000
4,188.0000,2,12,889.3303,-88.0970,-0.0956,6,0.1500,1.0000,8,8,8,0,0,8,8,0.0000
4,188.0000,2,13,674.4198,-87.6142,0.0902,19,0.4750,0.8571,7,8,8,0,0,8,8,0.0000
4,188.0000,2,14,917.8601,-87.9772,-0.3309,6,0.1500,0.8571,7,8,7,0,0,8,7,0.1250
4,188.0000,2,16,434.4632,-83.8696,-0.1639,32,0.8000,0.2000,5,6,3,0,0,6,3,0.5000
4,188.0000,2,20,806.9528,-87.9674,-0.0495,9,0.2250,1.0000,8,7,6,0,0,7,6,0.1429
4,188.0000,2,23,985.7024,-88.5686,-0.3502,8,0.2000,1.0000,8,6,6,0,0,6,6,0.0000
4,188.0000,2,24,712.5362,-87.8643,-0.0536,22,0.5500,0.7143,7,8,6,0,0,8,6,0.2500
4,188.0000,3,1,850.6778,-87.9801,0.0852,10,0.2500,0.8750,8,5,4,0,0,5,4,0.2000
4,188.0000,3,5,494.3332,-85.2350,0.3131,32,0.8000,0.2000,5,4,0,0,0,4,0,1.0000
4,188.0000,3,6,831.9569,-88.1054,-0.2349,15,0.3750,1.0000,8,7,6,0,0,7,6,0.1429
4,188.0000,3,7,855.2800,-88.5646,-0.4187,15,0.3750,0.7500,8,8,8,0,0,8,8,0.0000
4,188.0000,3,8,308.8017,-80.3505,-0.0728,35,0.8750,0.0000,4,6,2,0,0,6,2,0.6667
4,188.0000,3,10,503.3661,-85.9501,-0.3195,28,0.7000,0.3333,6,4,0,0,0,4,0,1.0000
4,188.0000,3,11,857.3130,-88.6221,-0.0810,7,0.1750,0.8571,7,8,8,0,0,8,8,0.0000
4,188.0000,3,12,669.9470,-87.4369,-0.0704,16,0.4000,0.8750,8,8,7,0,0,8,7,0.1250
4,188.0000,3,14,1004.0913,-89.1311,-0.1999,5,0.1250,,0,8,8,0,0,8,8,0.0000
4,188.0000,3,15,346.6742,-80.7808,-1.6244,36,0.9000,0.0000,4,3,0,0,0,3,0,1.0000
4,188.0000,3,16,1023.6162,-89.2274,0.0609,3,0.0750,1.0000,2,7,6,0,0,7,6,0.1429
4,188.0000,3,18,932.7046,-88.8182,0.1457,7,0.1750,1.0000,8,6,6,0,0,6,6,0.0000
4,188.0000,3,19,795.6195,-88.1591,0.3052,16,0.4000,0.7500,8,8,8,0,0,8,8,0.0000
4,188.0000,3,20,800.3973,-88.0811,0.3190,16,0.4000,0.7143,7,8,8,0,0,8,8,0.0000
4,188.0000,3,21,691.0580,-88.1913,0.1602,18,0.4500,0.5000,4,7,6,0,0,7,6,0.1429
4,188.0000,3,22,679.8325,-86.0272,-0.6580,21,0.5250,0.5000,6,8,7,0,0,8,7,0.1250
4,188.0000,4,2,311.1365,-82.1870,0.5364,37,0.9250,0.4000,5,4,0,0,0,4,0,1.0000
4,188.0000,4,11,890.4303,-89.2808,0.4138,4,0.1000,1.0000,8,8,8,0,0,8,8,0.0000
4,188.0000,4,12,969.4155,-89.5237,-0.3952,3,0.0750,1.0000,4,8,8,0,0,8,8,0.0000
4,188.0000,4,13,962.2920,-88.6735,0.3641,3,0.0750,1.0000,6,8,8,0,0,8,8,0.0000
4,188.0000,4,14,839.9847,-87.8119,0.3664,8,0.2000,1.0000,8,8,8,0,0,8,8,0.0000
4,188.0000,4,16,690.8569,-87.5881,-0.0613,20,0.5000,0.8750,8,8,7,0,0,8,7,0.1250
4,188.0000,4,23,840.8507,-88.4613,0.1314,9,0.2250,1.0000,8,8,8,0,0,8,8,0.0000
4,188.0000,4,24,613.3117,-87.2479,0.5991,24,0.6000,0.8750,8,6,3,0,0,6,3,0.5000
4,188.0000,4,25,838.1271,-88.6876,0.1475,15,0.3750,1.0000,8,8,7,0,0,8,7,0.1250
4,188.0000,5,1,1023.8434,-89.1510,0.1417,5,0.1250,1.0000,8,6,6,0,0,6,6,0.0000
4,188.0000,5,3,494.3332,-85.8648,0.2584,27,0.6750,0.6667,6,5,2,0,0,5,2,0.6000
4,188.0000,5,6,1087.5897,-88.4360,-0.4370,6,0.1500,1.0000,8,6,6,0,0,6,6,0.0000
4,188.0000,5,7,1036.1001,-88.9121,-0.2708,6,0.1500,1.0000,8,4,4,0,0,4,4,0.0000
4,188.0000,5,8,599.4166,-86.6030,-0.2872,24,0.6000,0.5000,6,8,7,0,0,8,7,0.1250
4,188.0000,5,10,616.8056,-86.6381,0.1198,25,0.6250,0.8571,7,8,6,0,0,8,6,0.2500
4,188.0000,5,11,466.7012,-85.7180,0.9083,33,0.8250,0.6667,6,6,3,0,0,6,3,0.5000
4,188.0000,5,12,304.0750,-82.1590,0.7298,36,0.9000,0.0000,4,5,2,0,0,5,2,0.6000
4,188.0000,5,13,955.6569,-88.5892,-0.4826,9,0.2250,0.8571,7,8,7,0,0,8,7,0.1250
4,188.0000,5,14,675.2187,-87.6867,-0.2350,21,0.5250,0.4000,5,7,6,0,0,7,6,0.1429
4,188.0000,5,15,684.7279,-87.3118,-0.3127,24,0.6000,1.0000,16,7,6,0,0,7,6,0.1429
4,188.0000,5,16,941.4024,-89.2606,0.6413,6,0.1500,1.0000,8,4,4,0,0,4,4,0.0000
4,188.0000,5,19,1034.0667,-88.0138,-1.7502,3,0.0750,1.0000,4,6,6,0,0,6,6,0.0000
4,188.0000,5,20,703.9310,-87.2462,-0.0887,23,0.5750,0.5000,6,6,5,4,4,10,9,0.1000
4,188.0000,5,22,993.9137,-89.0193,0.0638,3,0.0750,1.0000,8,8,8,0,0,8,8,0.0000
4,188.0000,5,23,910.0557,-88.9929,0.6252,4,0.1000,1.0000,4,6,6,0,0,6,6,0.0000
4,188.0000,5,24,906.9029,-88.6964,-0.2521,8,0.2000,1.0000,8,6,6,0,0,6,6,0.0000
4,188.0000,5,25,1068.1354,-89.4457,0.3772,4,0.1000,1.0000,6,2,2,0,0,2,2,0.0000
4,188.0000,6,0,1065.5598,-88.8334,0.6361,5,0.1250,1.0000,8,6,5,0,0,6,5,0.1667
4,188.0000,6,3,831.9569,-87.3173,-0.4286,16,0.4000,0.8750,8,8,8,0,0,8,8,0.0000
4,188.0000,6,5,1087.5897,-88.8642,0.1837,5,0.1250,1.0000,32,8,8,0,0,8,8,0.0000
4,188.0000,6,7,510.0048,-85.5891,0.3478,34,0.8500,0.4000,5,5,3,0,0,5,3,0.4000
4,188.0000,6,8,938.3266,-88.8553,-0.2079,11,0.2750,1.0000,8,4,4,0,0,4,4,0.0000
4,188.0000,6,9,771.3123,-88.6474,0.0698,16,0.4000,1.0000,8,7,5,0,0,7,5,0.2857
4,188.0000,6,10,1109.5395,-88.9568,-0.0537,5,0.1250,1.0000,4,4,4,0,0,4,4,0.0000
4,188.0000,6,15,608.6508,-86.5792,-0.2402,24,0.6000,0.7600,25,7,4,2,2,9,6,0.3333
4,188.0000,6,17,725.9249,-87.6076,0.2605,21,0.5250,0.8571,7,6,4,31,27,37,31,0.1622
4,188.0000,6,18,183.9108,-79.0516,1.5079,38,0.9500,0.0000,4,4,0,2,0,6,0,1.0000
4,188.0000,6,21,338.6588,-81.9973,0.4468,35,0.8750,0.2000,5,5,1,0,0,5,1,0.8000
4,188.0000,6,22,206.8232,-77.8639,-0.2130,37,0.9250,0.3636,66,4,0,24,5,28,5,0.8214
4,188.0000,7,0,564.0174,-87.3394,-0.0434,29,0.7250,0.4000,5,7,4,0,0,7,4,0.4286
4,188.0000,7,1,768.3205,-88.4179,0.0136,17,0.4250,0.8571,7,8,8,0,0,8,8,0.0000
4,188.0000,7,3,855.2800,-88.1145,0.0093,14,0.3500,1.0000,8,8,8,0,0,8,8,0.0000
4,188.0000,7,5,1036.1001,-89.1440,-0.2409,6,0.1500,1.0000,8,6,6,0,0,6,6,0.0000
4,188.0000,7,6,510.0048,-85.0790,-0.5299,34,0.8500,0.5000,6,5,2,0,0,5,2,0.6000
4,188.0000,7,8,790.8764,-88.0099,0.0254,14,0.3500,0.8571,7,8,8,0,0,8,8,0.0000
4,188.0000,7,9,308.4343,-82.9057,0.5013,35,0.8750,0.5000,6,6,3,0,0,6,3,0.5000
4,188.0000,7,10,872.1520,-87.8459,-0.0295,12,0.3000,0.8571,7,6,6,0,0,6,6,0.0000
4,188.0000,7,15,524.2960,-86.5392,-0.3505,28,0.7000,0.3333,6,6,2,0,0,6,2,0.6667
4,188.0000,7,17,841.1725,-88.2383,-0.1395,16,0.4000,1.0000,8,8,8,0,0,8,8,0.0000
4,188.0000,7,18,568.4607,-85.9825,0.0452,36,0.9000,0.4000,5,5,1,0,0,5,1,0.8000
4,188.0000,7,19,671.0726,-86.9220,-0.3862,22,0.5500,0.8750,8,7,6,0,0,7,6,0.1429
4,188.0000,7,20,929.6532,-88.8934,-0.3302,10,0.2500,1.0000,8,8,8,0,0,8,8,0.0000
4,188.0000,7,21,429.5862,-83.8576,-0.0859,39,0.9750,0.4000,5,5,1,0,0,5,1,0.8000
4,188.0000,7,22,604.8791,-86.2210,0.2022,31,0.7750,0.6667,6,8,7,0,0,8,7,0.1250
4,188.0000,8,0,862.3988,-88.3678,-0.2374,10,0.2500,1.0000,8,8,8,0,0,8,8,0.0000
4,188.0000,8,1,556.2238,-87.1410,0.0484,24,0.6000,0.7143,7,6,4,0,0,6,4,0.3333
4,188.0000,8,3,308.8017,-80.7699,-0.2577,36,0.9000,0.2000,5,4,0,0,0,4,0,1.0000
4,188.0000,8,5,599.4166,-85.7604,-0.6733,28,0.7000,0.5714,7,5,1,0,0,5,1,0.8000
4,188.0000,8,6,938.3266,-88.5317,-0.1388,8,0.2000,0.8571,7,8,8,0,0,8,8,0.0000
4,188.0000,8,7,790.8764,-88.0330,-0.0497,18,0.4500,0.8750,8,7,6,0,0,7,6,0.1429
4,188.0000,8,9,965.1817,-88.7820,0.5647,5,0.1250,1.0000,8,8,8,0,0,8,8,0.0000
4,188.0000,8,10,230.2165,-79.2025,0.5325,35,0.8750,0.0000,4,4,0,0,0,4,0,1.0000
4,188.0000,8,11,879.5010,-88.3255,0.2916,7,0.1750,1.0000,8,8,8,0,0,8,8,0.0000
4,188.0000,8,12,663.0523,-87.7077,0.6219,23,0.5750,0.7143,7,7,4,0,0,7,4,0.4286
4,188.0000,8,13,829.5194,-88.2395,0.2386,11,0.2750,0.8750,8,8,6,0,0,8,6,0.2500
4,188.0000,8,14,1039.6111,-89.5477,-0.0457,3,0.0750,1.0000,4,8,8,0,0,8,8,0.0000
4,188.0000,8,15,331.4445,-80.3446,-0.4118,36,0.9000,0.0000,4,6,3,0,0,6,3,0.5000
4,188.0000,8,16,786.8037,-88.3592,0.2327,9,0.2250,0.8571,7,8,7,0,0,8,7,0.1250
4,188.0000,8,19,522.6310,-85.8522,0.0135,31,0.7750,0.4000,5,6,3,0,0,6,3,0.5000
4,188.0000,8,20,570.8284,-86.1286,0.5705,25,0.6250,0.8750,8,5,1,0,0,5,1,0.8000
4,188.0000,8,21,716.3764,-87.6630,0.1220,14,0.3500,1.0000,8,6,3,0,0,6,3,0.5000
4,188.0000,8,22,824.3122,-87.8665,-0.3053,14,0.3500,1.0000,8,8,8,0,0,8,8,0.0000
4,188.0000,8,24,1044.4164,-87.5907,0.6711,3,0.0750,1.0000,6,6,6,0,0,6,6,0.0000
4,188.0000,9,0,418.0193,-83.7780,-0.4634,35,0.8750,0.2000,5,5,1,0,0,5,1,0.8000
4,188.0000,9,1,747.5198,-87.0799,-0.7244,20,0.5000,1.0000,8,8,8,0,0,8,8,0.0000
4,188.0000,9,3,1098.8526,-88.6902,0.8013,3,0.0750,1.0000,6,4,4,0,0,4,4,0.0000
4,188.0000,9,6,771.3123,-88.3651,0.0214,10,0.2500,0.8750,8,7,5,0,0,7,5,0.2857
4,188.0000,9,7,308.4343,-83.7663,0.5659,33,0.8250,0.2000,5,4,0,0,0,4,0,1.0000
4,188.0000,9,13,1145.4551,-89.6980,0.0433,4,0.1000,1.0000,4,8,8,0,0,8,8,0.0000
4,188.0000,9,15,757.7918,-87.7148,-0.7510,7,0.1750,0.8571,7,10,10,0,0,10,10,0.0000
4,188.0000,9,17,847.4464,-88.8015,0.2076,7,0.1750,1.0000,8,7,5,0,0,7,5,0.2857
4,188.0000,9,18,777.3710,-88.4206,0.4288,12,0.3000,0.6667,6,8,7,0,0,8,7,0.1250
4,188.0000,9,19,661.2324,-86.8596,0.1338,14,0.3500,1.0000,8,7,4,0,0,7,4,0.4286
4,188.0000,9,21,645.4995,-86.8499,0.4222,14,0.3500,0.8571,7,7,4,0,0,7,4,0.4286
4,188.0000,9,22,876.9963,-88.5919,1.0231,8,0.2000,1.0000,8,7,5,0,0,7,5,0.2857
4,188.0000,10,0,801.3919,-88.1321,-0.2827,14,0.3500,0.8571,7,7,6,0,0,7,6,0.1429
4,188.0000,10,1,460.5272,-85.0765,0.3979,27,0.6750,0.6667,6,4,0,0,0,4,0,1.0000
4,188.0000,10,2,971.9056,-88.3950,0.3297,4,0.1000,1.0000,8,8,8,0,0,8,8,0.0000
4,188.0000,10,3,503.3661,-86.0539,0.5346,32,0.8000,0.9048,84,5,1,79,66,84,67,0.2024
4,188.0000,10,5,616.8056,-86.0485,-0.0131,27,0.6750,0.5000,6,7,5,0,0,7,5,0.2857
4,188.0000,10,7,872.1520,-87.7211,-0.5819,8,0.2000,0.8750,8,8,7,0,0,8,7,0.1250
4,188.0000,10,8,230.2165,-79.1784,0.1685,35,0.8750,0.3871,62,5,1,49,9,54,10,0.8148
4,188.0000,10,9,1001.9313,-88.5155,1.4159,3,0.0750,1.0000,6,6,6,0,0,6,6,0.0000
4,188.0000,10,11,799.2475,-88.0301,0.2934,11,0.2750,1.0000,8,7,6,0,0,7,6,0.1429
4,188.0000,10,12,582.2187,-87.0727,0.4664,28,0.7000,0.2000,5,5,2,0,0,5,2,0.6000
4,188.0000,10,13,609.6236,-86.6383,0.0883,26,0.6500,1.0000,8,6,3,0,0,6,3,0.5000
4,188.0000,10,15,511.4290,-84.6800,-0.1762,31,0.7750,0.5000,6,6,4,0,0,6,4,0.3333
4,188.0000,10,16,567.1775,-86.7085,0.5243,22,0.5500,0.6250,8,5,2,0,0,5,2,0.6000
4,188.0000,10,19,495.9660,-84.3476,-0.4802,30,0.7500,0.2000,5,5,1,1,0,6,1,0.8333
4,188.0000,10,20,366.8286,-83.0537,0.1810,35,0.8750,0.0000,4,5,2,0,0,5,2,0.6000
4,188.0000,10,21,892.7360,-88.5444,-0.0461,6,0.1500,1.0000,8,8,8,0,0,8,8,0.0000
4,188.0000,10,22,1020.4673,-89.0756,-0.1748,6,0.1500,1.0000,8,6,6,0,0,6,6,0.0000
4,188.0000,11,2,887.5730,-88.5182,0.1322,18,0.4500,0.8571,7,8,8,0,0,8,8,0.0000
4,188.0000,11,3,857.3130,-89.0726,0.5448,8,0.2000,1.0000,6,8,6,0,0,8,6,0.2500
4,188.0000,11,4,890.4303,-89.0728,0.4376,12,0.3000,1.0000,8,8,8,0,0,8,8,0.0000
4,188.0000,11,5,466.7012,-85.9815,0.8353,29,0.7250,0.8919,37,5,2,10,9,15,11,0.2667
4,188.0000,11,8,879.5010,-88.2771,-0.7623,4,0.1000,1.0000,6,8,8,0,0,8,8,0.0000
4,188.0000,11,10,799.2475,-88.5880,-0.0207,11,0.2750,1.0000,52,8,8,40,40,48,48,0.0000
4,188.0000,11,12,236.9450,-78.9904,0.1821,39,0.9750,0.0000,4,4,0,0,0,4,0,1.0000
4,188.0000,11,13,950.3442,-89.2413,-0.4641,6,0.1500,1.0000,12,8,8,0,0,8,8,0.0000
4,188.0000,11,14,251.9980,-77.9513,-0.8617,38,0.9500,0.0000,5,5,2,0,0,5,2,0.6000
4,188.0000,11,15,1081.9624,-88.2967,-0.5854,3,0.0750,1.0000,4,6,6,0,0,6,6,0.0000
4,188.0000,11,16,818.4812,-88.0486,0.1573,12,0.3000,0.8571,7,8,7,30,30,38,37,0.0263
4,188.0000,11,20,797.7334,-88.1959,0.1233,10,0.2500,1.0000,8,7,6,0,0,7,6,0.1429
4,188.0000,11,23,518.2155,-85.5881,-0.1612,35,0.8750,0.2000,5,8,6,0,0,8,6,0.2500
4,188.0000,11,24,542.7101,-84.9506,-0.0212,37,0.9250,0.4000,5,7,4,0,0,7,4,0.4286
4,188.0000,11,25,623.1060,-85.7563,-0.3944,30,0.7500,0.2000,5,6,4,0,0,6,4,0.3333
4,188.0000,12,2,889.3303,-88.4502,-0.1608,9,0.2250,0.8571,7,8,8,0,0,8,8,0.0000
4,188.0000,12,3,669.9470,-87.7316,-0.0984,17,0.4250,1.0000,8,10,8,0,0,10,8,0.2000
4,188.0000,12,5,304.0750,-81.9259,0.7275,35,0.8750,0.4000,5,4,0,0,0,4,0,1.0000
4,188.0000,12,8,663.0523,-87.4502,0.6085,21,0.5250,0.7143,7,7,4,0,0,7,4,0.4286
4,188.0000,12,10,582.2187,-86.9314,0.1874,20,0.5000,0.7500,8,6,3,0,0,6,3,0.5000
4,188.0000,12,11,236.9450,-79.4820,0.6046,39,0.9750,0.2000,5,4,0,0,0,4,0,1.0000
4,188.0000,12,13,794.3802,-87.8123,0.1932,13,0.3250,1.0000,8,8,8,0,0,8,8,0.0000
4,188.0000,12,14,464.4309,-84.0681,-0.1437,37,0.9250,0.2000,5,5,2,0,0,5,2,0.6000
4,188.0000,12,15,858.6187,-88.4968,0.3389,7,0.1750,0.8750,8,8,8,0,0,8,8,0.0000
4,188.0000,12,16,710.9451,-87.6675,0.1212,19,0.4750,0.8889,9,6,4,0,0,6,4,0.3333
4,188.0000,12,20,597.4672,-86.7451,-0.4855,26,0.6500,0.7143,7,6,3,0,0,6,3,0.5000
4,188.0000,12,23,707.3997,-87.9217,0.2338,21,0.5250,0.5000,6,6,4,17,14,23,18,0.2174
4,188.0000,12,24,650.8687,-86.7501,-0.4723,26,0.6500,0.6667,6,8,7,0,0,8,7,0.1250
4,188.0000,12,25,853.9699,-88.0152,-0.1089,12,0.3000,0.9000,20,8,8,0,0,8,8,0.0000
4,188.0000,13,0,770.5180,-88.0202,0.1704,16,0.4000,0.8571,7,7,6,0,0,7,6,0.1429
4,188.0000,13,1,610.1646,-86.7650,0.8457,21,0.5250,0.8571,7,5,2,0,0,5,2,0.6000
4,188.0000,13,2,674.4198,-86.8710,0.2530,23,0.5750,0.5714,7,6,4,0,0,6,4,0.3333
4,188.0000,13,3,1077.3839,-88.9322,0.3032,6,0.1500,1.0000,6,6,6,0,0,6,6,0.0000
4,188.0000,13,4,962.2920,-89.4924,-0.0111,4,0.1000,1.0000,6,8,8,0,0,8,8,0.0000
4,188.0000,13,5,955.6569,-88.1382,-0.3116,12,0.3000,1.0000,8,8,8,0,0,8,8,0.0000
4,188.0000,13,8,829.5194,-88.2940,-0.0120,11,0.2750,1.0000,8,8,8,0,0,8,8,0.0000
4,188.0000,13,10,609.6236,-85.8461,0.1659,22,0.5500,0.7143,7,6,4,0,0,6,4,0.3333
4,188.0000,13,11,950.3442,-89.2044,0.1383,7,0.1750,1.0000,6,8,8,0,0,8,8,0.0000
4,188.0000,13,12,794.3802,-87.7984,0.0035,14,0.3500,0.8571,7,7,6,0,0,7,6,0.1429
4,188.0000,13,15,1017.6829,-88.4169,0.4596,3,0.0750,1.0000,8,8,8,0,0,8,8,0.0000
4,188.0000,13,16,412.3266,-84.3020,0.0002,34,0.8500,0.3333,6,4,0,0,0,4,0,1.0000
4,188.0000,13,19,754.4191,-88.2262,-0.7004,12,0.3000,0.8750,8,8,8,0,0,8,8,0.0000
4,188.0000,13,20,283.8086,-80.5159,-0.3444,31,0.7750,0.2857,7,4,0,0,0,4,0,1.0000
4,188.0000,13,24,1074.2014,-89.4657,-0.5081,4,0.1000,1.0000,4,8,8,0,0,8,8,0.0000
4,188.0000,14,2,917.8601,-88.8046,-0.0937,9,0.2250,1.0000,8,7,6,0,0,7,6,0.1429
4,188.0000,14,4,839.9847,-89.6610,0.0891,6,0.1500,1.0000,8,6,4,0,0,6,4,0.3333
4,188.0000,14,5,675.2187,-88.0433,0.0836,21,0.5250,0.8889,9,6,3,0,0,6,3,0.5000
4,188.0000,14,10,967.0510,-88.0764,-0.4197,5,0.1250,1.0000,4,9,8,0,0,9,8,0.1111
4,188.0000,14,11,251.9980,-78.2194,-0.4003,36,0.9000,0.3333,6,5,0,0,0,5,0,1.0000
4,188.0000,14,12,464.4309,-84.2449,0.4019,33,0.8250,0.5714,7,5,2,0,0,5,2,0.6000
4,188.0000,14,16,919.0783,-88.8329,0.2498,4,0.1000,1.0000,8,10,10,0,0,10,10,0.0000
4,188.0000,14,20,999.5643,-89.2727,-0.1032,4,0.1000,1.0000,6,4,4,0,0,4,4,0.0000
4,188.0000,14,23,271.1322,-80.7819,0.4860,39,0.9750,0.0000,4,5,1,0,0,5,1,0.8000
4,188.0000,14,24,400.4751,-83.7319,0.1587,36,0.9000,0.0000,4,5,1,0,0,5,1,0.8000
4,188.0000,14,25,415.7668,-83.5046,0.3480,39,0.9750,0.3333,6,6,4,0,0,6,4,0.3333
4,188.0000,15,0,799.1294,-88.4254,-0.1291,8,0.2000,1.0000,8,7,5,0,0,7,5,0.2857
4,188.0000,15,1,662.4303,-87.4964,-0.1351,21,0.5250,0.6667,6,6,2,0,0,6,2,0.6667
4,188.0000,15,3,346.6742,-79.8284,-1.8686,36,0.9000,0.0000,4,5,2,0,0,5,2,0.6000
4,188.0000,15,5,684.7279,-85.9381,-0.0747,20,0.5000,0.8571,7,7,6,0,0,7,6,0.1429
4,188.0000,15,6,608.6508,-86.3297,0.0335,23,0.5750,0.7143,7,6,2,0,0,6,2,0.6667
4,188.0000,15,7,524.2960,-86.7942,-0.1693,27,0.6750,0.5714,7,5,1,0,0,5,1,0.8000
4,188.0000,15,8,331.4445,-80.3439,-0.8017,33,0.8250,0.2000,5,5,2,0,0,5,2,0.6000
4,188.0000,15,9,757.7918,-88.0880,0.2075,12,0.3000,0.8571,7,7,5,0,0,7,5,0.2857
4,188.0000,15,10,511.4290,-84.8802,0.0584,29,0.7250,0.3333,6,8,8,0,0,8,8,0.0000
4,188.0000,15,12,858.6187,-89.0562,-0.3580,11,0.2750,0.9333,15,7,6,2,2,9,8,0.1111
4,188.0000,15,13,1017.6829,-89.0556,0.3877,4,0.1000,0.8333,6,8,8,0,0,8,8,0.0000
4,188.0000,15,16,1075.2644,-88.6034,-0.0342,3,0.0750,1.0000,8,8,8,0,0,8,8,0.0000
4,188.0000,15,18,692.4338,-87.5905,0.0756,17,0.4250,0.8571,7,7,5,0,0,7,5,0.2857
4,188.0000,15,19,568.9500,-86.2959,-0.2996,23,0.5750,0.4000,5,7,3,0,0,7,3,0.5714
4,188.0000,15,20,751.2407,-87.4197,0.3268,15,0.3750,0.8571,7,7,6,0,0,7,6,0.1429
4,188.0000,15,21,406.7917,-85.5142,0.0967,30,0.7500,0.7143,7,4,0,0,0,4,0,1.0000
4,188.0000,15,22,512.2909,-85.3800,-0.7580,32,0.8000,0.0000,4,5,2,0,0,5,2,0.6000
4,188.0000,16,1,730.4772,-87.8666,0.6027,7,0.1750,1.0000,8,8,7,0,0,8,7,0.1250
4,188.0000,16,2,434.4632,-83.4435,-0.1007,37,0.9250,0.2000,5,7,5,0,0,7,5,0.2857
4,188.0000,16,4,690.8569,-87.7884,-0.5672,26,0.6500,0.8571,7,7,6,0,0,7,6,0.1429
4,188.0000,16,5,941.4024,-89.3142,0.1502,4,0.1000,1.0000,8,8,8,0,0,8,8,0.0000
4,188.0000,16,8,786.8037,-88.0007,0.3554,7,0.1750,1.0000,8,8,7,0,0,8,7,0.1250
4,188.0000,16,10,567.1775,-87.6103,0.0438,22,0.5500,0.7143,7,6,4,0,0,6,4,0.3333
4,188.0000,16,11,818.4812,-88.3659,-0.0739,10,0.2500,0.8750,8,7,5,0,0,7,5,0.2857
4,188.0000,16,12,710.9451,-87.5249,-0.0902,21,0.5250,0.7143,7,7,6,0,0,7,6,0.1429
4,188.0000,16,13,412.3266,-84.1560,-0.0322,35,0.8750,0.7500,8,5,1,0,0,5,1,0.8000
4,188.0000,16,14,919.0783,-88.9198,-0.2221,9,0.2250,1.0000,8,8,8,0,0,8,8,0.0000
4,188.0000,16,15,1075.2644,-89.1503,0.3223,5,0.1250,1.0000,8,8,8,0,0,8,8,0.0000
4,188.0000,16,19,860.5216,-88.6909,0.0245,8,0.2000,1.0000,8,6,6,0,0,6,6,0.0000
4,188.0000,16,20,462.7825,-85.9298,-0.1516,26,0.6500,0.7143,7,6,4,0,0,6,4,0.3333
4,188.0000,16,23,1034.5088,-88.9009,0.3349,5,0.1250,1.0000,8,4,4,0,0,4,4,0.0000
4,188.0000,16,24,743.5043,-87.4473,-0.5149,16,0.4000,0.8750,8,10,10,0,0,10,10,0.0000
4,188.0000,17,6,725.9249,-87.4950,-0.1847,15,0.3659,0.6250,8,5,2,0,0,5,2,0.6000
4,188.0000,17,7,841.1725,-87.5782,0.5161,10,0.2439,1.0000,8,7,6,0,0,7,6,0.1429
4,188.0000,17,9,847.4464,-88.8938,0.5870,4,0.0976,1.0000,8,7,4,0,0,7,4,0.4286
4,188.0000,17,18,562.1944,-85.0978,0.1811,27,0.6585,0.2857,7,7,5,0,0,7,5,0.2857
4,188.0000,17,21,727.0133,-87.5354,0.0719,16,0.3902,0.8750,8,8,7,0,0,8,7,0.1250
4,188.0000,17,22,838.5010,-88.6292,-0.4316,8,0.1951,0.8750,8,8,8,0,0,8,8,0.0000
4,188.0000,18,3,932.7046,-88.3698,-1.5738,4,0.1000,0.8571,7,7,6,0,0,7,6,0.1429
4,188.0000,18,6,183.9108,-79.1039,1.1924,40,1.0000,0.0000,4,4,0,0,0,4,0,1.0000
4,188.0000,18,7,568.4607,-86.4648,-0.1032,32,0.8000,0.5000,6,7,5,0,0,7,5,0.2857
4,188.0000,18,8,1018.0532,-88.4661,0.3275,3,0.0750,1.0000,4,6,6,0,0,6,6,0.0000
4,188.0000,18,9,777.3710,-87.9238,0.0724,16,0.4000,1.0000,8,6,4,0,0,6,4,0.3333
4,188.0000,18,15,692.4338,-88.0355,0.0554,16,0.4000,0.8571,7,6,4,0,0,6,4,0.3333
4,188.0000,18,17,562.1944,-85.6644,-0.5523,36,0.9000,0.3333,6,7,5,32,23,39,28,0.2821
4,188.0000,18,21,328.3403,-82.1438,0.5321,36,0.9000,0.4000,5,5,2,0,0,5,2,0.6000
4,188.0000,18,22,287.2944,-83.1646,0.3928,38,0.9500,0.4000,5,4,0,0,0,4,0,1.0000
4,188.0000,19,0,476.8858,-85.5550,-0.0779,28,0.7179,0.6667,6,5,2,0,0,5,2,0.6000
4,188.0000,19,1,158.2046,-75.4833,0.4747,36,0.9231,0.0000,4,4,0,0,0,4,0,1.0000
4,188.0000,19,3,795.6195,-88.2120,0.3485,16,0.4103,1.0000,8,8,8,0,0,8,8,0.0000
4,188.0000,19,7,671.0726,-87.8536,-0.5065,12,0.3077,1.0000,10,6,4,0,0,6,4,0.3333
4,188.0000,19,8,522.6310,-85.2830,-0.4386,26,0.6667,0.8571,7,7,4,0,0,7,4,0.4286
4,188.0000,19,9,661.2324,-87.5262,-0.0337,22,0.5641,0.7143,7,6,3,0,0,6,3,0.5000
4,188.0000,19,10,495.9660,-84.5102,-0.1407,27,0.6923,0.2000,5,5,2,0,0,5,2,0.6000
4,188.0000,19,12,1055.3700,-89.7703,-0.0521,3,0.0769,1.0000,6,8,8,0,0,8,8,0.0000
4,188.0000,19,13,754.4191,-87.4548,0.2672,14,0.3590,1.0000,8,8,8,0,0,8,8,0.0000
4,188.0000,19,15,568.9500,-85.8376,-0.5039,24,0.6154,0.7500,8,8,8,0,0,8,8,0.0000
4,188.0000,19,16,860.5216,-88.8863,0.1700,8,0.2051,1.0000,8,7,6,0,0,7,6,0.1429
4,188.0000,19,20,613.1592,-86.0757,-0.2436,21,0.5385,0.5714,7,8,6,0,0,8,6,0.2500
4,188.0000,19,21,747.5888,-87.0634,0.0231,11,0.2821,1.0000,8,7,6,0,0,7,6,0.1429
4,188.0000,19,22,998.4357,-88.5692,0.6486,3,0.0769,1.0000,6,6,6,0,0,6,6,0.0000
4,188.0000,20,0,701.5131,-87.1883,0.4004,19,0.4750,0.8571,7,5,1,0,0,5,1,0.8000
4,188.0000,20,1,505.7944,-86.0141,0.1470,28,0.7000,0.6667,6,6,4,0,0,6,4,0.3333
4,188.0000,20,2,806.9528,-88.8838,-0.2660,10,0.2500,0.8571,7,8,8,0,0,8,8,0.0000
4,188.0000,20,3,800.3973,-89.0873,-0.0560,10,0.2500,0.8571,7,7,6,0,0,7,6,0.1429
4,188.0000,20,5,703.9310,-86.4336,-0.0816,19,0.4750,0.8000,10,7,5,0,0,7,5,0.2857
4,188.0000,20,7,929.6532,-88.5734,-0.8027,3,0.0750,1.0000,8,8,8,0,0,8,8,0.0000
4,188.0000,20,8,570.8284,-86.6911,-0.1157,25,0.6250,0.6667,6,7,5,0,0,7,5,0.2857
4,188.0000,20,9,1006.6778,-88.3476,-0.3263,4,0.1000,1.0000,8,8,8,0,0,8,8,0.0000
4,188.0000,20,10,366.8286,-82.9311,0.0073,36,0.9000,0.4000,5,4,0,0,0,4,0,1.0000
4,188.0000,20,11,797.7334,-87.6686,0.0663,14,0.3500,1.0000,6,8,8,0,0,8,8,0.0000
4,188.0000,20,12,597.4672,-86.4713,0.0513,25,0.6250,0.9375,80,6,3,78,74,84,77,0.0833
4,188.0000,20,13,283.8086,-79.8515,-0.5116,38,0.9500,0.1667,6,5,0,0,0,5,0,1.0000
4,188.0000,20,15,751.2407,-87.7169,-0.6161,19,0.4750,0.8750,8,8,8,0,0,8,8,0.0000
4,188.0000,20,16,462.7825,-85.7926,0.1484,29,0.7250,0.3333,6,5,2,0,0,5,2,0.6000
4,188.0000,20,19,613.1592,-86.9221,0.1450,30,0.7500,0.7143,7,7,6,0,0,7,6,0.1429
4,188.0000,20,24,998.4530,-89.5319,-0.2784,3,0.0750,1.0000,8,8,8,0,0,8,8,0.0000
4,188.0000,21,0,886.0688,-88.2256,0.1512,10,0.2564,0.7143,7,8,8,0,0,8,8,0.0000
4,188.0000,21,1,886.2219,-87.8086,-0.3870,5,0.1282,1.0000,8,8,8,0,0,8,8,0.0000
4,188.0000,21,3,691.0580,-86.6150,0.5107,13,0.3333,0.5000,6,7,4,0,0,7,4,0.4286
4,188.0000,21,5,1046.6478,-89.4556,-0.0404,4,0.1026,1.0000,2,8,8,0,0,8,8,0.0000
4,188.0000,21,6,338.6588,-82.6474,0.4504,34,0.8718,0.7317,82,5,1,2,1,7,2,0.7143
4,188.0000,21,7,429.5862,-83.1340,-0.1404,27,0.6923,0.5000,6,5,1,0,0,5,1,0.8000
4,188.0000,21,8,716.3764,-88.2271,0.0526,10,0.2564,0.8571,7,6,3,0,0,6,3,0.5000
4,188.0000,21,9,645.4995,-87.0337,0.1827,20,0.5128,0.5000,6,6,4,0,0,6,4,0.3333
4,188.0000,21,10,892.7360,-88.7275,-0.1338,9,0.2308,1.0000,8,8,8,0,0,8,8,0.0000
4,188.0000,21,15,406.7917,-85.7958,0.9964,25,0.6410,0.4000,5,5,1,4,4,9,5,0.4444
4,188.0000,21,17,727.0133,-87.3631,-0.2802,23,0.5897,0.8750,8,7,6,0,0,7,6,0.1429
4,188.0000,21,18,328.3403,-81.8737,0.3992,37,0.9487,0.0000,4,5,1,0,0,5,1,0.8000
4,188.0000,21,19,747.5888,-88.0742,-0.2127,11,0.2821,0.8571,7,8,8,0,0,8,8,0.0000
4,188.0000,21,22,303.5100,-82.5396,0.4259,32,0.8205,0.2000,5,5,1,0,0,5,1,0.8000
4,188.0000,22,3,679.8325,-86.9826,-0.6068,22,0.5500,0.6667,6,8,8,0,0,8,8,0.0000
4,188.0000,22,5,993.9137,-88.6888,-0.2476,9,0.2250,1.0000,8,6,6,0,0,6,6,0.0000
4,188.0000,22,6,206.8232,-78.1809,-0.2301,40,1.0000,0.0000,4,4,0,0,0,4,0,1.0000
4,188.0000,22,7,604.8791,-86.9191,0.0458,23,0.5750,0.6667,6,5,1,0,0,5,1,0.8000
4,188.0000,22,8,824.3122,-87.6627,-0.1896,14,0.3500,1.0000,8,8,6,0,0,8,6,0.2500
4,188.0000,22,9,876.9963,-88.9420,0.0489,8,0.2000,1.0000,8,8,8,0,0,8,8,0.0000
4,188.0000,22,10,1020.4673,-89.4605,-0.5069,3,0.0750,1.0000,8,4,4,0,0,4,4,0.0000
4,188.0000,22,15,512.2909,-85.2798,-0.3892,28,0.7000,0.4000,5,6,2,0,0,6,2,0.6667
4,188.0000,22,17,838.5010,-87.7211,0.3108,11,0.2750,0.9884,86,8,7,6,6,14,13,0.0714
4,188.0000,22,18,287.2944,-82.7888,1.6073,37,0.9250,0.0000,4,5,1,18,1,23,2,0.9130
4,188.0000,22,21,303.5100,-82.3913,0.4014,36,0.9000,0.0000,4,6,2,0,0,6,2,0.6667
4,188.0000,23,2,985.7024,-87.7232,0.9448,3,0.0750,1.0000,8,8,8,0,0,8,8,0.0000
4,188.0000,23,4,840.8507,-88.5338,-0.3305,12,0.3000,1.0000,8,7,6,0,0,7,6,0.1429
4,188.0000,23,5,910.0557,-88.6579,-0.4539,6,0.1500,1.0000,6,8,8,0,0,8,8,0.0000
4,188.0000,23,11,518.2155,-86.3978,-0.2579,32,0.8000,0.5000,6,6,4,0,0,6,4,0.3333
4,188.0000,23,12,707.3997,-86.9007,-0.4877,14,0.3500,0.6667,6,6,4,0,0,6,4,0.3333
4,188.0000,23,14,271.1322,-80.5900,0.7148,39,0.9750,0.4000,5,4,0,0,0,4,0,1.0000
4,188.0000,23,16,1034.5088,-89.5108,-0.6131,3,0.0750,1.0000,4,6,6,0,0,6,6,0.0000
4,188.0000,23,24,333.7922,-82.7422,0.5845,35,0.8750,0.0000,4,5,1,0,0,5,1,0.8000
4,188.0000,23,25,347.9686,-81.8387,-1.2661,40,1.0000,0.2000,5,5,1,10,6,15,7,0.5333
4,188.0000,24,2,712.5362,-87.4679,-0.1483,20,0.5000,0.8750,8,8,8,0,0,8,8,0.0000
4,188.0000,24,4,613.3117,-87.4168,0.0204,16,0.4000,1.0000,8,6,3,0,0,6,3,0.5000
4,188.0000,24,5,906.9029,-88.7103,0.2602,10,0.2500,1.0000,8,8,8,0,0,8,8,0.0000
4,188.0000,24,8,1044.4164,-89.3147,0.0730,4,0.1000,1.0000,8,8,8,0,0,8,8,0.0000
4,188.0000,24,10,938.2964,-89.2423,0.4901,5,0.1250,1.0000,10,8,8,0,0,8,8,0.0000
4,188.0000,24,11,542.7101,-85.2379,-0.4529,27,0.6750,0.6667,6,6,4,0,0,6,4,0.3333
4,188.0000,24,12,650.8687,-87.2000,-0.0623,22,0.5500,0.7500,8,8,8,0,0,8,8,0.0000
4,188.0000,24,13,1074.2014,-89.5374,0.4868,3,0.0750,1.0000,8,4,4,0,0,4,4,0.0000
4,188.0000,24,14,400.4751,-83.9811,0.6047,35,0.8750,0.3333,6,6,4,0,0,6,4,0.3333
4,188.0000,24,16,743.5043,-88.2659,-0.1123,13,0.3250,1.0000,10,8,8,0,0,8,8,0.0000
4,188.0000,24,20,998.4530,-89.2122,1.1044,3,0.0750,1.0000,6,6,6,0,0,6,6,0.0000
4,188.0000,24,23,333.7922,-82.0150,-0.2956,35,0.8750,0.3333,6,4,0,0,0,4,0,1.0000
4,188.0000,24,25,576.4521,-86.2732,-0.4354,33,0.8250,0.2857,7,5,2,0,0,5,2,0.6000
4,188.0000,25,2,1034.8117,-87.7152,0.1899,5,0.1250,1.0000,4,4,4,0,0,4,4,0.0000
4,188.0000,25,4,838.1271,-88.3326,0.0106,12,0.3000,0.8571,7,7,6,0,0,7,6,0.1429
4,188.0000,25,5,1068.1354,-88.8824,0.1889,3,0.0750,1.0000,8,8,8,0,0,8,8,0.0000
4,188.0000,25,11,623.1060,-86.2176,-0.9277,25,0.6250,0.6667,6,8,8,0,0,8,8,0.0000
4,188.0000,25,12,853.9699,-88.0674,-0.6027,14,0.3500,0.8571,7,6,6,0,0,6,6,0.0000
4,188.0000,25,14,415.7668,-84.1559,0.3960,37,0.9250,0.4000,5,5,2,0,0,5,2,0.6000
4,188.0000,25,23,347.9686,-81.4556,-0.3280,36,0.9000,0.2000,5,5,2,0,0,5,2,0.6000
4,188.0000,25,24,576.4521,-85.9307,-0.4289,25,0.6250,0.0000,4,8,7,0,0,8,7,0.1250
4,192.0000,0,1,561.6926,-85.5847,0.1469,27,0.6750,0.5000,6,6,3,0,0,6,3,0.5000
4,192.0000,0,6,1002.2454,-89.4638,-0.4096,3,0.0750,1.0000,6,5,4,0,0,5,4,0.2000
4,192.0000,0,7,400.3006,-84.2048,1.4134,28,0.7000,0.7143,7,5,1,0,0,5,1,0.8000
4,192.0000,0,8,773.7858,-88.8485,-0.5706,5,0.1250,1.0000,8,8,8,0,0,8,8,0.0000
4,192.0000,0,9,417.7208,-84.1518,0.2062,32,0.8000,0.3333,6,5,1,0,0,5,1,0.8000
4,192.0000,0,10,819.0200,-89.0904,-0.4895,5,0.1250,0.8750,8,7,6,0,0,7,6,0.1429
4,192.0000,0,13,785.6406,-87.7796,-0.0679,11,0.2750,1.0000,8,7,6,0,0,7,6,0.1429
4,192.0000,0,15,670.2352,-87.8575,0.0610,11,0.2750,0.8571,7,7,5,0,0,7,5,0.2857
4,192.0000,0,16,1030.0095,-89.4018,0.0961,4,0.1000,1.0000,8,6,6,0,0,6,6,0.0000
4,192.0000,0,19,445.2937,-84.0875,-0.4688,30,0.7500,0.3333,6,7,4,0,0,7,4,0.4286
4,192.0000,0,20,773.2631,-87.7698,-0.5780,10,0.2500,0.8571,7,8,7,0,0,8,7,0.1250
4,192.0000,0,21,836.4107,-89.3695,0.0393,4,0.1000,0.8571,7,8,8,0,0,8,8,0.0000
4,192.0000,0,22,1014.2419,-88.8550,4.3243,3,0.0750,1.0000,8,8,8,0,0,8,8,0.0000
4,192.0000,1,0,561.6926,-85.1736,-0.3615,24,0.6000,0.5000,8,5,2,0,0,5,2,0.6000
4,192.0000,1,3,830.6508,-88.6600,0.1462,9,0.2250,0.8571,7,8,7,0,0,8,7,0.1250
4,192.0000,1,7,802.3429,-87.8098,0.0182,16,0.4000,1.0000,8,7,6,0,0,7,6,0.1429
4,192.0000,1,8,451.5349,-85.5800,0.3747,27,0.6750,0.4000,5,6,3,0,0,6,3,0.5000
4,192.0000,1,9,886.8446,-87.9283,-0.1688,10,0.2500,1.0000,8,8,8,0,0,8,8,0.0000
4,192.0000,1,10,421.3023,-84.3077,0.0188,29,0.7250,0.5000,6,6,3,0,0,6,3,0.5000
4,192.0000,1,12,919.9751,-88.8528,-0.4702,5,0.1250,1.0000,8,8,8,0,0,8,8,0.0000
4,192.0000,1,13,527.8628,-86.2747,0.3935,21,0.5250,0.6667,9,8,7,0,0,8,7,0.1250
4,192.0000,1,15,692.1512,-87.0076,-0.3212,16,0.4000,0.7143,7,7,6,0,0,7,6,0.1429
4,192.0000,1,16,572.2178,-87.3186,0.6643,20,0.5000,0.8571,7,5,1,0,0,5,1,0.8000
4,192.0000,1,19,252.3511,-76.7259,-1.5425,35,0.8750,0.2000,5,4,0,6,1,10,1,0.9000
4,192.0000,1,20,489.3936,-85.0898,0.9422,29,0.7250,0.5000,6,8,6,0,0,8,6,0.2500
4,192.0000,1,21,956.9775,-88.6371,-0.1667,5,0.1250,0.8571,7,6,6,0,0,6,6,0.0000
4,192.0000,2,4,277.7097,-81.6211,0.1844,39,0.9750,0.0000,4,4,0,0,0,4,0,1.0000
4,192.0000,2,10,884.9024,-88.8895,-0.4571,5,0.1250,1.0000,6,8,8,0,0,8,8,0.0000
4,192.0000,2,11,877.9808,-88.4343,-0.0646,9,0.2250,1.0000,8,8,8,0,0,8,8,0.0000
4,192.0000,2,12,877.8350,-88.2034,-0.4491,8,0.2000,1.0000,8,8,8,0,0,8,8,0.0000
4,192.0000,2,13,705.8831,-87.8660,-0.1026,21,0.5250,1.0000,8,7,6,0,0,7,6,0.1429
4,192.0000,2,14,818.6178,-88.0493,-0.8828,11,0.2750,0.8750,8,8,8,0,0,8,8,0.0000
4,192.0000,2,16,505.1537,-85.5257,0.0434,27,0.6750,0.5000,6,5,1,0,0,5,1,0.8000
4,192.0000,2,20,735.0742,-88.5724,0.0346,14,0.3500,0.8571,7,7,6,0,0,7,6,0.1429
4,192.0000,2,23,972.7404,-89.0281,-0.2581,4,0.1000,1.0000,6,8,8,0,0,8,8,0.0000
4,192.0000,2,24,688.3797,-87.5647,-0.3930,20,0.5000,0.7500,8,6,4,0,0,6,4,0.3333
4,192.0000,3,1,830.6508,-88.3158,0.3380,7,0.1750,0.8000,5,7,6,2,2,9,8,0.1111
4,192.0000,3,5,483.8168,-84.6656,-0.1452,28,0.7000,0.0000,4,6,4,0,0,6,4,0.3333
4,192.0000,3,6,1006.9443,-88.8778,0.1370,6,0.1500,0.8571,7,8,8,0,0,8,8,0.0000
4,192.0000,3,7,939.2585,-88.9390,-0.5998,10,0.2500,1.0000,8,8,8,0,0,8,8,0.0000
4,192.0000,3,8,383.9996,-82.3670,-1.0106,35,0.8750,0.3333,6,8,7,0,0,8,7,0.1250
4,192.0000,3,10,503.4669,-86.0225,0.4982,26,0.6500,0.0000,4,4,0,0,0,4,0,1.0000
4,192.0000,3,11,701.0052,-87.9105,0.5905,11,0.2750,1.0000,8,8,8,0,0,8,8,0.0000
4,192.0000,3,12,551.1611,-86.9685,0.5760,19,0.4750,0.8750,8,6,4,0,0,6,4,0.3333
4,192.0000,3,14,955.7325,-88.4521,-0.2345,3,0.0750,1.0000,8,4,4,0,0,4,4,0.0000
4,192.0000,3,15,500.6103,-84.0748,-0.4858,32,0.8000,0.0000,3,8,7,0,0,8,7,0.1250
4,192.0000,3,16,880.8204,-88.8662,-0.3220,7,0.1750,0.8571,7,6,4,0,0,6,4,0.3333
4,192.0000,3,18,947.7113,-88.8549,0.0127,4,0.1000,1.0000,6,6,6,0,0,6,6,0.0000
4,192.0000,3,19,895.6229,-87.8210,0.0309,12,0.3000,1.0000,8,8,8,0,0,8,8,0.0000
4,192.0000,3,20,779.9775,-88.3937,0.3287,6,0.1500,1.0000,8,8,8,0,0,8,8,0.0000
4,192.0000,3,21,703.4401,-87.3880,-0.3286,22,0.5500,0.8571,7,6,4,0,0,6,4,0.3333
4,192.0000,3,22,855.4872,-87.6134,-0.1068,19,0.4750,0.8750,8,8,8,0,0,8,8,0.0000
4,192.0000,4,2,277.7097,-81.3618,0.1369,36,0.9000,0.0000,4,4,0,0,0,4,0,1.0000
4,192.0000,4,11,843.2851,-88.8910,-0.0456,8,0.2000,1.0000,8,8,8,0,0,8,8,0.0000
4,192.0000,4,12,907.3575,-88.4692,0.6900,3,0.0750,1.0000,8,8,8,0,0,8,8,0.0000
4,192.0000,4,13,925.3627,-89.4254,-0.1931,4,0.1000,1.0000,8,8,7,0,0,8,7,0.1250
4,192.0000,4,14,676.5129,-87.8012,0.0521,17,0.4250,1.0000,8,7,4,0,0,7,4,0.4286
4,192.0000,4,16,710.8744,-87.1511,-0.8511,16,0.4000,0.8750,8,7,4,0,0,7,4,0.4286
4,192.0000,4,20,927.2981,-89.4073,-0.1861,3,0.0750,1.0000,6,8,8,0,0,8,8,0.0000
4,192.0000,4,23,804.0286,-88.1381,0.2577,11,0.2750,1.0000,8,8,8,4,4,12,12,0.0000
4,192.0000,4,24,515.3172,-85.4716,0.0497,26,0.6500,0.5000,6,6,2,0,0,6,2,0.6667
4,192.0000,4,25,870.4164,-87.9020,-0.7638,9,0.2250,0.8750,8,5,4,0,0,5,4,0.2000
4,192.0000,5,3,483.8168,-85.3226,0.2401,31,0.7750,0.4000,5,6,4,0,0,6,4,0.3333
4,192.0000,5,8,746.5122,-87.9094,-0.3577,25,0.6250,0.8750,8,8,8,0,0,8,8,0.0000
4,192.0000,5,10,737.7167,-87.0333,-0.3963,18,0.4500,0.7500,8,8,7,0,0,8,7,0.1250
4,192.0000,5,11,392.6036,-84.4803,0.8146,31,0.7750,0.5000,6,5,2,0,0,5,2,0.6000
4,192.0000,5,12,339.7638,-81.2356,-0.9314,36,0.9000,0.4000,5,6,3,0,0,6,3,0.5000
4,192.0000,5,13,960.9622,-88.5382,-0.4893,3,0.0750,0.8750,8,8,8,0,0,8,8,0.0000
4,192.0000,5,14,701.8257,-87.7120,0.3008,20,0.5000,0.8571,7,6,4,0,0,6,4,0.3333
4,192.0000,5,15,840.4663,-87.6048,-0.7479,14,0.3500,0.8571,7,8,8,2,2,10,10,0.0000
4,192.0000,5,16,982.5814,-89.0564,0.5110,3,0.0750,1.0000,4,4,4,0,0,4,4,0.0000
4,192.0000,5,20,830.9865,-87.9294,0.0125,16,0.4000,0.9000,10,8,7,34,34,42,41,0.0238
4,192.0000,5,21,1030.2901,-88.5241,-0.7503,3,0.0750,1.0000,6,6,6,0,0,6,6,0.0000
4,192.0000,5,23,798.3867,-89.0543,0.2404,12,0.3000,1.0000,6,8,8,0,0,8,8,0.0000
4,192.0000,5,24,967.3697,-88.7809,-0.5826,4,0.1000,1.0000,6,6,6,0,0,6,6,0.0000
4,192.0000,5,25,1092.7838,-89.1208,0.2867,5,0.1250,1.0000,2,4,4,0,0,4,4,0.0000
4,192.0000,6,0,1002.2454,-88.8533,-0.3308,3,0.0750,0.8333,6,8,8,0,0,8,8,0.0000
4,192.0000,6,3,1006.9443,-89.1734,0.6193,5,0.1250,1.0000,8,6,6,0,0,6,6,0.0000
4,192.0000,6,7,605.9622,-85.7550,-0.1563,25,0.6250,0.6000,5,6,3,0,0,6,3,0.5000
4,192.0000,6,8,1074.2346,-89.5433,-0.1553,5,0.1250,1.0000,4,2,2,0,0,2,2,0.0000
4,192.0000,6,9,686.2800,-87.6757,-0.2120,17,0.4250,0.7143,7,7,4,0,0,7,4,0.4286
4,192.0000,6,15,635.9595,-86.9896,-0.1516,22,0.5500,0.6667,9,6,4,0,0,6,4,0.3333
4,192.0000,6,17,706.2269,-87.3069,0.2254,23,0.5750,0.8378,37,8,7,79,69,87,76,0.1264
4,192.0000,6,18,123.0184,-73.4262,1.0154,40,1.0000,0.0000,6,4,0,0,0,4,0,1.0000
4,192.0000,6,21,390.5546,-83.4590,-0.5562,35,0.8750,0.2000,5,5,2,0,0,5,2,0.6000
4,192.0000,6,22,196.8768,-76.8325,0.0975,37,0.9250,0.1786,28,4,0,0,0,4,0,1.0000
4,192.0000,7,0,400.3006,-84.9887,0.1277,30,0.7500,0.5714,7,5,1,0,0,5,1,0.8000
4,192.0000,7,1,802.3429,-88.6940,0.4666,9,0.2250,1.0000,8,8,8,0,0,8,8,0.0000
4,192.0000,7,3,939.2585,-88.5671,0.4755,9,0.2250,1.0000,8,8,8,0,0,8,8,0.0000
4,192.0000,7,6,605.9622,-86.5081,-0.1758,31,0.7750,0.4000,5,7,4,0,0,7,4,0.4286
4,192.0000,7,8,799.3093,-87.8548,-0.1788,16,0.4000,1.0000,8,8,7,0,0,8,7,0.1250
4,192.0000,7,9,203.7839,-79.0474,0.4650,37,0.9250,0.5000,6,4,0,0,0,4,0,1.0000
4,192.0000,7,10,925.4161,-88.3654,-0.1632,8,0.2000,1.0000,6,6,6,0,0,6,6,0.0000
4,192.0000,7,15,476.2189,-85.7433,-0.3511,32,0.8000,0.3333,6,7,5,0,0,7,5,0.2857
4,192.0000,7,17,820.5951,-87.9976,-0.1580,13,0.3250,1.0000,8,8,7,0,0,8,7,0.1250
4,192.0000,7,18,609.1280,-86.6625,-0.4468,28,0.7000,0.2000,5,7,5,0,0,7,5,0.2857
4,192.0000,7,19,653.6622,-87.1500,0.4052,24,0.6000,0.8571,7,7,4,0,0,7,4,0.4286
4,192.0000,7,20,975.3435,-88.5923,0.3047,6,0.1500,1.0000,8,6,6,0,0,6,6,0.0000
4,192.0000,7,21,521.2721,-84.1845,-0.0944,32,0.8000,0.2000,5,5,2,0,0,5,2,0.6000
4,192.0000,7,22,643.5373,-86.8729,0.5241,26,0.6500,0.8750,8,6,3,0,0,6,3,0.5000
4,192.0000,8,0,773.7858,-88.9108,0.1783,9,0.2250,1.0000,8,8,8,0,0,8,8,0.0000
4,192.0000,8,1,451.5349,-85.9070,0.0708,28,0.7000,0.6667,6,4,0,0,0,4,0,1.0000
4,192.0000,8,3,383.9996,-81.6225,-0.6943,33,0.8250,0.0000,4,5,2,0,0,5,2,0.6000
4,192.0000,8,5,746.5122,-87.5718,0.0862,17,0.4250,0.2000,5,7,6,0,0,7,6,0.1429
4,192.0000,8,7,799.3093,-88.1344,-0.4218,12,0.3000,0.8571,7,8,8,0,0,8,8,0.0000
4,192.0000,8,9,955.8642,-88.2360,2.5424,3,0.0750,1.0000,8,8,8,0,0,8,8,0.0000
4,192.0000,8,10,227.5013,-77.4812,-0.3317,34,0.8500,0.0000,4,6,1,0,0,6,1,0.8333
4,192.0000,8,11,836.5378,-88.3927,0.4000,9,0.2250,1.0000,8,7,4,0,0,7,4,0.4286
4,192.0000,8,12,643.2182,-87.6027,0.7694,18,0.4500,0.5714,7,7,6,0,0,7,6,0.1429
4,192.0000,8,13,676.0107,-88.3584,0.5662,12,0.3000,0.7500,8,5,1,0,0,5,1,0.8000
4,192.0000,8,15,440.9979,-82.8867,-0.7558,31,0.7750,0.5000,6,6,3,0,0,6,3,0.5000
4,192.0000,8,16,636.8932,-87.5752,0.4447,15,0.3750,0.8750,8,8,6,0,0,8,6,0.2500
4,192.0000,8,18,1009.2718,-89.4036,-0.2559,4,0.1000,1.0000,8,8,8,0,0,8,8,0.0000
4,192.0000,8,19,539.4757,-86.3836,0.1859,29,0.7250,0.5000,6,6,4,0,0,6,4,0.3333
4,192.0000,8,20,545.5527,-86.4838,0.3573,25,0.6250,0.2000,5,6,4,0,0,6,4,0.3333
4,192.0000,8,21,723.9379,-88.0853,0.3256,22,0.5500,0.5000,6,8,7,0,0,8,7,0.1250
4,192.0000,8,22,948.9701,-88.7527,0.2654,9,0.2250,1.0000,8,8,8,0,0,8,8,0.0000
4,192.0000,9,0,417.7208,-84.0452,-0.4168,38,0.9500,0.2000,5,6,2,0,0,6,2,0.6667
4,192.0000,9,1,886.8446,-88.3861,-0.2300,14,0.3500,1.0000,8,8,8,0,0,8,8,0.0000
4,192.0000,9,6,686.2800,-87.7189,-0.0525,20,0.5000,0.7143,7,6,4,0,0,6,4,0.3333
4,192.0000,9,7,203.7839,-78.8035,0.4163,37,0.9250,0.0000,4,4,0,0,0,4,0,1.0000
4,192.0000,9,8,955.8642,-89.0421,-0.1411,7,0.1750,1.0000,6,4,4,0,0,4,4,0.0000
4,192.0000,9,15,646.1961,-88.4091,0.2226,16,0.4000,1.0000,10,6,4,0,0,6,4,0.3333
4,192.0000,9,17,710.1182,-88.2206,0.0049,20,0.5000,0.7143,7,8,6,0,0,8,6,0.2500
4,192.0000,9,18,692.6748,-88.0754,0.0708,16,0.4000,0.8750,8,8,8,0,0,8,8,0.0000
4,192.0000,9,19,700.8398,-87.7582,-0.1009,18,0.4500,0.5714,7,7,6,0,0,7,6,0.1429
4,192.0000,9,21,647.0423,-86.7698,-0.2933,22,0.5500,0.5714,7,6,4,0,0,6,4,0.3333
4,192.0000,9,22,752.8805,-87.6013,0.4084,12,0.3000,0.7143,7,7,5,0,0,7,5,0.2857
4,192.0000,10,0,819.0200,-88.2614,0.2909,12,0.2927,0.8571,7,8,8,0,0,8,8,0.0000
4,192.0000,10,1,421.3023,-84.5188,-0.0665,32,0.7805,0.0000,4,6,2,0,0,6,2,0.6667
4,192.0000,10,3,503.4669,-86.1962,-0.0197,24,0.5854,0.7976,84,8,7,76,70,84,77,0.0833
4,192.0000,10,5,737.7167,-87.0319,-0.4024,18,0.4390,0.7143,7,7,5,4,4,11,9,0.1818
4,192.0000,10,7,925.4161,-88.2405,0.0961,5,0.1220,0.8750,8,8,8,0,0,8,8,0.0000
4,192.0000,10,8,227.5013,-77.9287,0.0904,37,0.9024,0.1852,54,4,0,53,16,57,16,0.7193
4,192.0000,10,9,1079.0650,-88.9234,0.0832,4,0.0976,1.0000,6,8,8,0,0,8,8,0.0000
4,192.0000,10,11,720.8112,-88.7017,0.0971,10,0.2439,0.8571,7,5,2,0,0,5,2,0.6000
4,192.0000,10,12,534.1860,-86.0231,-0.4334,24,0.5854,0.4000,5,7,4,0,0,7,4,0.4286
4,192.0000,10,13,488.3558,-86.7522,-0.3680,23,0.5610,0.5000,6,5,2,0,0,5,2,0.6000
4,192.0000,10,14,943.9412,-88.7743,-0.1199,6,0.1463,1.0000,6,8,7,0,0,8,7,0.1250
4,192.0000,10,15,636.8174,-86.4511,-0.7438,24,0.5854,0.6667,6,6,4,0,0,6,4,0.3333
4,192.0000,10,16,416.8285,-85.1297,0.6303,28,0.6829,0.4000,5,4,1,0,0,4,1,0.7500
4,192.0000,10,19,603.4246,-85.6879,-0.4324,30,0.7317,0.1667,6,7,4,0,0,7,4,0.4286
4,192.0000,10,20,355.9914,-81.8914,-0.6230,35,0.8537,0.4000,5,6,4,0,0,6,4,0.3333
4,192.0000,10,21,932.2043,-88.4405,-0.0232,7,0.1707,1.0000,8,4,4,0,0,4,4,0.0000
4,192.0000,10,24,961.5240,-89.5236,0.0256,3,0.0732,1.0000,8,2,2,0,0,2,2,0.0000
4,192.0000,11,2,877.9808,-87.9117,-0.0681,9,0.2250,1.0000,8,8,8,0,0,8,8,0.0000
4,192.0000,11,3,701.0052,-88.6088,-0.7421,11,0.2750,0.7500,8,10,9,10,10,20,19,0.0500
4,192.0000,11,4,843.2851,-87.7653,0.2982,13,0.3250,1.0000,8,8,8,0,0,8,8,0.0000
4,192.0000,11,5,392.6036,-83.9765,0.7425,27,0.6750,0.7333,15,5,2,28,15,33,17,0.4848
4,192.0000,11,8,836.5378,-88.1129,-0.5564,9,0.2250,1.0000,8,8,8,0,0,8,8,0.0000
4,192.0000,11,10,720.8112,-88.0102,0.3992,15,0.3750,1.0000,48,7,5,0,0,7,5,0.2857
4,192.0000,11,12,211.7372,-78.0266,0.2402,38,0.9500,0.0000,4,4,0,17,5,21,5,0.7619
4,192.0000,11,13,832.5838,-89.1520,-0.3632,7,0.1750,1.0000,8,8,6,0,0,8,6,0.2500
4,192.0000,11,14,353.1168,-81.4845,-0.4306,35,0.8750,0.4000,5,5,2,0,0,5,2,0.6000
4,192.0000,11,16,787.7106,-88.5411,0.1333,9,0.2250,0.9737,38,7,5,8,8,15,13,0.1333
4,192.0000,11,20,728.5064,-88.2742,-0.3018,11,0.2750,0.8571,7,7,5,0,0,7,5,0.2857
4,192.0000,11,23,530.1147,-86.0695,-0.3731,30,0.7500,0.7500,8,6,4,7,5,13,9,0.3077
4,192.0000,11,24,639.1321,-86.3931,-0.6618,23,0.5750,0.5714,7,8,8,0,0,8,8,0.0000
4,192.0000,11,25,787.1705,-87.5906,-0.5784,17,0.4250,0.6667,6,8,8,0,0,8,8,0.0000
4,192.0000,12,1,919.9751,-88.2160,-0.0111,4,0.1000,1.0000,8,8,7,19,18,27,25,0.0741
4,192.0000,12,2,877.8350,-87.7230,-0.9351,4,0.1000,1.0000,8,7,5,0,0,7,5,0.2857
4,192.0000,12,3,551.1611,-86.7180,0.4406,16,0.4000,0.8000,10,7,3,0,0,7,3,0.5714
4,192.0000,12,4,907.3575,-89.4274,0.1549,3,0.0750,1.0000,6,3,2,0,0,3,2,0.3333
4,192.0000,12,5,339.7638,-81.8233,-0.0725,38,0.9500,0.0000,4,4,0,0,0,4,0,1.0000
4,192.0000,12,8,643.2182,-87.5655,0.4221,18,0.4500,0.5714,7,6,4,0,0,6,4,0.3333
4,192.0000,12,10,534.1860,-86.5550,0.4025,21,0.5250,0.5000,6,5,1,0,0,5,1,0.8000
4,192.0000,12,11,211.7372,-78.9043,0.2682,35,0.8750,0.0000,4,4,0,0,0,4,0,1.0000
4,192.0000,12,13,679.7534,-88.3962,-0.3299,15,0.3750,1.0000,8,8,7,0,0,8,7,0.1250
4,192.0000,12,14,537.3450,-85.5969,0.0464,32,0.8000,0.4000,5,6,2,0,0,6,2,0.6667
4,192.0000,12,15,889.3051,-88.8388,0.2371,9,0.2250,1.0000,8,4,4,0,0,4,4,0.0000
4,192.0000,12,16,670.3335,-87.4083,0.2508,19,0.4750,0.6667,6,7,5,0,0,7,5,0.2857
4,192.0000,12,20,558.7879,-86.4125,-0.3776,23,0.5750,0.5000,6,6,3,4,4,10,7,0.3000
4,192.0000,12,23,698.1584,-88.1387,0.0849,20,0.5000,0.7826,23,6,4,2,2,8,6,0.2500
4,192.0000,12,24,749.6790,-87.0262,-0.2927,16,0.4000,0.8750,8,8,8,0,0,8,8,0.0000
4,192.0000,13,0,785.6406,-88.5069,0.0438,12,0.3000,0.8571,7,6,6,0,0,6,6,0.0000
4,192.0000,13,1,527.8628,-86.5949,-0.0191,25,0.6250,0.4000,5,6,2,0,0,6,2,0.6667
4,192.0000,13,2,705.8831,-86.8013,-0.0188,19,0.4750,0.6667,6,8,8,0,0,8,8,0.0000
4,192.0000,13,4,925.3627,-89.4607,0.3765,4,0.1000,1.0000,8,8,8,0,0,8,8,0.0000
4,192.0000,13,5,960.9622,-88.7757,-0.2268,7,0.1750,1.0000,8,6,6,0,0,6,6,0.0000
4,192.0000,13,8,676.0107,-87.9903,0.1848,12,0.3000,1.0000,8,6,4,0,0,6,4,0.3333
4,192.0000,13,9,1158.2236,-88.8515,-0.4026,5,0.1250,1.0000,4,4,4,0,0,4,4,0.0000
4,192.0000,13,10,488.3558,-85.9588,0.4091,27,0.6750,0.6667,6,6,3,0,0,6,3,0.5000
4,192.0000,13,11,832.5838,-88.6570,0.4174,7,0.1750,1.0000,8,7,5,0,0,7,5,0.2857
4,192.0000,13,12,679.7534,-87.6847,0.3238,12,0.3000,0.8571,7,6,4,0,0,6,4,0.3333
4,192.0000,13,15,958.8080,-88.7739,-0.2142,5,0.1250,1.0000,8,6,6,0,0,6,6,0.0000
4,192.0000,13,16,369.8040,-83.6819,0.0696,32,0.8000,0.0000,4,4,0,0,0,4,0,1.0000
4,192.0000,13,19,744.1190,-87.5242,0.0584,13,0.3250,1.0000,8,6,4,0,0,6,4,0.3333
4,192.0000,13,20,148.2015,-78.5507,1.8982,36,0.9000,0.0000,4,5,1,0,0,5,1,0.8000
4,192.0000,14,2,818.6178,-88.5974,0.3729,8,0.2000,0.8571,7,7,5,0,0,7,5,0.2857
4,192.0000,14,3,955.7325,-89.2489,-0.0857,7,0.1750,1.0000,6,6,6,0,0,6,6,0.0000
4,192.0000,14,4,676.5129,-87.4869,0.3815,16,0.4000,0.6667,6,5,2,0,0,5,2,0.6000
4,192.0000,14,5,701.8257,-87.8760,-0.1257,18,0.4500,0.5000,6,8,7,0,0,8,7,0.1250
4,192.0000,14,8,1081.5098,-89.4614,0.2220,3,0.0750,1.0000,8,4,4,0,0,4,4,0.0000
4,192.0000,14,11,353.1168,-80.4243,-1.3659,36,0.9000,0.0000,5,5,3,0,0,5,3,0.4000
4,192.0000,14,12,537.3450,-85.3114,-0.4366,30,0.7500,0.4000,5,5,1,0,0,5,1,0.8000
4,192.0000,14,13,1042.2691,-89.0790,-0.3962,3,0.0750,1.0000,6,8,8,0,0,8,8,0.0000
4,192.0000,14,16,899.0917,-87.7741,0.9473,4,0.1000,1.0000,10,8,8,0,0,8,8,0.0000
4,192.0000,14,20,958.9658,-89.1155,-0.5148,5,0.1250,1.0000,4,8,8,0,0,8,8,0.0000
4,192.0000,14,23,244.2510,-79.3492,0.5349,38,0.9500,0.2000,5,4,0,0,0,4,0,1.0000
4,192.0000,14,24,373.1958,-83.0167,0.2972,37,0.9250,0.2000,5,5,1,0,0,5,1,0.8000
4,192.0000,14,25,473.6075,-84.5502,-0.3690,35,0.8750,0.6667,6,5,1,0,0,5,1,0.8000
4,192.0000,15,0,670.2352,-87.6834,0.6680,18,0.4500,0.7143,7,7,6,0,0,7,6,0.1429
4,192.0000,15,1,692.1512,-87.3761,-0.2569,19,0.4750,0.3333,6,8,7,0,0,8,7,0.1250
4,192.0000,15,3,500.6103,-83.8630,-0.6007,34,0.8500,0.4000,5,6,3,0,0,6,3,0.5000
4,192.0000,15,5,840.4663,-87.8882,-0.6529,21,0.5250,0.8571,7,8,8,0,0,8,8,0.0000
4,192.0000,15,6,635.9595,-86.9332,0.1496,27,0.6750,0.3333,6,5,2,0,0,5,2,0.6000
4,192.0000,15,7,476.2189,-86.4293,-0.1534,30,0.7500,0.2000,5,4,0,0,0,4,0,1.0000
4,192.0000,15,8,440.9979,-83.4848,0.0289,32,0.8000,0.4000,5,6,2,0,0,6,2,0.6667
4,192.0000,15,9,646.1961,-87.3665,0.2672,23,0.5750,0.7143,7,8,5,0,0,8,5,0.3750
4,192.0000,15,10,636.8174,-85.9826,-0.1041,24,0.6000,1.0000,8,7,6,0,0,7,6,0.1429
4,192.0000,15,11,1085.5320,-89.5219,0.1502,4,0.1000,1.0000,6,6,6,0,0,6,6,0.0000
4,192.0000,15,12,889.3051,-88.0965,-0.0970,10,0.2500,0.8889,9,8,8,0,0,8,8,0.0000
4,192.0000,15,13,958.8080,-88.7972,0.2063,5,0.1250,1.0000,8,8,8,0,0,8,8,0.0000
4,192.0000,15,18,573.3283,-86.9981,-0.0965,25,0.6250,0.7143,7,6,3,0,0,6,3,0.5000
4,192.0000,15,19,615.3162,-86.5466,-0.1911,28,0.7000,0.4286,7,8,5,0,0,8,5,0.3750
4,192.0000,15,20,843.4949,-87.9516,-0.2517,18,0.4500,0.8571,7,8,8,0,0,8,8,0.0000
4,192.0000,15,21,301.1052,-82.1675,0.9779,33,0.8250,0.0000,4,4,0,0,0,4,0,1.0000
4,192.0000,15,22,524.4989,-85.4361,0.5214,30,0.7500,0.4000,5,5,1,0,0,5,1,0.8000
4,192.0000,16,0,1030.0095,-89.2925,0.4876,5,0.1282,1.0000,8,8,8,0,0,8,8,0.0000
4,192.0000,16,1,572.2178,-87.0338,-0.0414,20,0.5128,0.8750,8,5,2,0,0,5,2,0.6000
4,192.0000,16,2,505.1537,-85.3094,-0.5178,35,0.8974,0.7143,7,5,1,0,0,5,1,0.8000
4,192.0000,16,3,880.8204,-88.8267,-0.2849,5,0.1282,1.0000,8,8,7,0,0,8,7,0.1250
4,192.0000,16,4,710.8744,-87.8123,-0.1532,21,0.5385,0.8571,7,8,7,0,0,8,7,0.1250
4,192.0000,16,8,636.8932,-88.0390,-0.2183,18,0.4615,0.8750,8,7,4,0,0,7,4,0.4286
4,192.0000,16,10,416.8285,-85.5515,0.8577,22,0.5641,0.6667,6,4,0,0,0,4,0,1.0000
4,192.0000,16,11,787.7106,-87.9372,-0.2301,11,0.2821,0.7143,7,8,8,21,20,29,28,0.0345
4,192.0000,16,12,670.3335,-87.6164,-0.0416,14,0.3590,0.8571,7,5,2,0,0,5,2,0.6000
4,192.0000,16,13,369.8040,-84.2832,0.6021,34,0.8718,0.2000,5,4,0,0,0,4,0,1.0000
4,192.0000,16,14,899.0917,-87.7368,-0.8107,7,0.1795,1.0000,8,8,8,0,0,8,8,0.0000
4,192.0000,16,19,822.7866,-87.7745,-0.2171,10,0.2564,1.0000,6,8,7,0,0,8,7,0.1250
4,192.0000,16,20,344.0443,-83.9528,0.3164,32,0.8205,0.6667,6,4,0,0,0,4,0,1.0000
4,192.0000,16,24,829.5360,-87.8136,-0.2962,12,0.3077,1.0000,10,6,6,2,2,8,8,0.0000
4,192.0000,17,6,706.2269,-88.2254,0.3639,16,0.4000,0.4000,5,8,8,0,0,8,8,0.0000
4,192.0000,17,7,820.5951,-88.4045,0.1644,11,0.2750,0.8571,7,10,10,0,0,10,10,0.0000
4,192.0000,17,9,710.1182,-88.0050,-0.0158,16,0.4000,0.5714,7,5,4,0,0,5,4,0.2000
4,192.0000,17,18,689.8336,-87.0991,-0.0188,26,0.6500,0.7143,7,8,7,0,0,8,7,0.1250
4,192.0000,17,21,817.1864,-88.1478,0.1019,13,0.3250,0.8750,8,8,8,0,0,8,8,0.0000
4,192.0000,17,22,793.4133,-88.6772,0.2548,10,0.2500,1.0000,8,7,6,0,0,7,6,0.1429
4,192.0000,18,3,947.7113,-89.0599,-0.6675,3,0.0769,0.8571,7,8,8,0,0,8,8,0.0000
4,192.0000,18,6,123.0184,-73.4859,1.3256,39,1.0000,0.0000,4,4,0,0,0,4,0,1.0000
4,192.0000,18,7,609.1280,-86.0127,-0.0014,21,0.5385,0.7143,7,7,5,0,0,7,5,0.2857
4,192.0000,18,9,692.6748,-87.9473,0.1778,17,0.4359,0.6667,6,8,6,0,0,8,6,0.2500
4,192.0000,18,15,573.3283,-86.5852,0.3564,17,0.4359,0.6667,6,6,4,0,0,6,4,0.3333
4,192.0000,18,17,689.8336,-86.7075,-0.2163,23,0.5897,0.7179,39,7,5,0,0,7,5,0.2857
4,192.0000,18,21,297.1849,-81.4563,0.0068,38,0.9744,0.4000,5,4,0,0,0,4,0,1.0000
4,192.0000,18,22,113.1432,-76.9519,1.9840,39,1.0000,0.0000,4,4,0,0,0,4,0,1.0000
4,192.0000,19,0,445.2937,-84.6418,0.1923,32,0.8000,0.4000,5,5,1,0,0,5,1,0.8000
4,192.0000,19,1,252.3511,-77.2283,-1.3284,38,0.9500,0.0000,4,5,2,0,0,5,2,0.6000
4,192.0000,19,3,895.6229,-88.3021,0.2625,13,0.3250,1.0000,8,4,4,0,0,4,4,0.0000
4,192.0000,19,7,653.6622,-87.6208,-0.2354,24,0.6000,0.6667,6,6,4,0,0,6,4,0.3333
4,192.0000,19,8,539.4757,-86.4185,-0.2613,21,0.5250,0.5714,7,6,3,0,0,6,3,0.5000
4,192.0000,19,9,700.8398,-87.0984,0.4617,18,0.4500,0.5000,6,8,8,0,0,8,8,0.0000
4,192.0000,19,10,603.4246,-85.8048,-0.0419,26,0.6500,0.4000,5,8,7,0,0,8,7,0.1250
4,192.0000,19,13,744.1190,-88.0806,-0.4333,8,0.2000,1.0000,8,10,8,0,0,10,8,0.2000
4,192.0000,19,15,615.3162,-86.5473,-0.1470,17,0.4250,1.0000,8,7,6,0,0,7,6,0.1429
4,192.0000,19,16,822.7866,-89.0930,0.4963,6,0.1500,0.8571,7,7,7,0,0,7,7,0.0000
4,192.0000,19,18,1073.0268,-88.8341,-0.2643,3,0.0750,1.0000,4,6,6,0,0,6,6,0.0000
4,192.0000,19,20,703.7117,-86.5447,0.5271,17,0.4250,0.7500,8,8,8,0,0,8,8,0.0000
4,192.0000,19,21,826.3097,-88.5562,0.1149,12,0.3000,0.8571,7,8,8,0,0,8,8,0.0000
4,192.0000,19,22,1068.1567,-89.2124,-0.6445,3,0.0750,1.0000,6,6,6,0,0,6,6,0.0000
4,192.0000,20,0,773.2631,-87.0465,0.1235,13,0.3250,0.2000,5,8,8,0,0,8,8,0.0000
4,192.0000,20,1,489.3936,-85.9809,0.4689,27,0.6750,0.6667,6,6,4,4,2,10,6,0.4000
4,192.0000,20,2,735.0742,-87.8923,-0.2295,14,0.3500,1.0000,8,6,4,0,0,6,4,0.3333
4,192.0000,20,3,779.9775,-87.9730,-0.9613,9,0.2250,0.8571,7,8,8,0,0,8,8,0.0000
4,192.0000,20,4,927.2981,-88.9972,-0.1361,4,0.1000,1.0000,6,8,7,36,36,44,43,0.0227
4,192.0000,20,5,830.9865,-87.6403,0.1162,11,0.2750,0.7143,7,8,7,0,0,8,7,0.1250
4,192.0000,20,8,545.5527,-86.2459,-0.0249,24,0.6000,0.7143,7,8,6,0,0,8,6,0.2500
4,192.0000,20,10,355.9914,-82.8159,-0.3967,27,0.6750,0.0000,4,4,0,0,0,4,0,1.0000
4,192.0000,20,11,728.5064,-88.8342,0.5077,11,0.2750,1.0000,8,7,5,0,0,7,5,0.2857
4,192.0000,20,12,558.7879,-86.9442,-0.0493,24,0.6000,0.9167,84,6,3,8,8,14,11,0.2143
4,192.0000,20,13,148.2015,-78.2865,1.6668,37,0.9250,0.0000,5,3,0,0,0,3,0,1.0000
4,192.0000,20,15,843.4949,-87.8345,0.4957,13,0.3250,1.0000,8,8,8,0,0,8,8,0.0000
4,192.0000,20,16,344.0443,-83.7099,1.5191,31,0.7750,0.4000,5,4,0,22,14,26,14,0.4615
4,192.0000,20,19,703.7117,-87.1046,-0.6402,18,0.4500,0.8571,7,7,6,0,0,7,6,0.1429
4,192.0000,21,0,836.4107,-88.4837,0.7106,11,0.2683,1.0000,8,8,8,0,0,8,8,0.0000
4,192.0000,21,1,956.9775,-88.4552,0.3663,4,0.0976,1.0000,8,6,6,0,0,6,6,0.0000
4,192.0000,21,3,703.4401,-87.7822,0.0108,11,0.2683,0.5714,7,7,4,0,0,7,4,0.4286
4,192.0000,21,5,1030.2901,-88.5935,-1.5012,3,0.0732,1.0000,8,2,2,0,0,2,2,0.0000
4,192.0000,21,6,390.5546,-82.8483,-0.2441,40,0.9756,0.2857,7,5,1,0,0,5,1,0.8000
4,192.0000,21,7,521.2721,-85.1536,-0.5097,31,0.7561,0.2000,5,6,4,0,0,6,4,0.3333
4,192.0000,21,8,723.9379,-87.6141,0.6204,16,0.3902,0.5000,6,8,8,0,0,8,8,0.0000
4,192.0000,21,9,647.0423,-87.6455,0.0172,20,0.4878,0.6667,6,8,7,0,0,8,7,0.1250
4,192.0000,21,10,932.2043,-88.8853,-0.1497,10,0.2439,1.0000,8,6,6,0,0,6,6,0.0000
4,192.0000,21,15,301.1052,-82.4689,0.8919,34,0.8293,0.5556,9,6,3,0,0,6,3,0.5000
4,192.0000,21,17,817.1864,-88.2707,-0.2329,16,0.3902,0.8571,7,8,7,0,0,8,7,0.1250
4,192.0000,21,18,297.1849,-82.1474,0.4265,38,0.9268,0.2000,5,4,0,0,0,4,0,1.0000
4,192.0000,21,19,826.3097,-88.4548,0.0927,12,0.2927,1.0000,8,8,7,0,0,8,7,0.1250
4,192.0000,21,22,254.5709,-80.1566,0.6281,39,0.9512,0.2000,5,5,1,0,0,5,1,0.8000
4,192.0000,22,0,1014.2419,-88.7732,0.2792,5,0.1250,1.0000,4,6,6,0,0,6,6,0.0000
4,192.0000,22,1,1198.3888,-88.6753,0.2630,3,0.0750,1.0000,2,4,4,0,0,4,4,0.0000
4,192.0000,22,3,855.4872,-88.2796,-0.2827,14,0.3500,1.0000,8,8,8,0,0,8,8,0.0000
4,192.0000,22,6,196.8768,-77.4294,0.2217,39,0.9750,0.0000,4,4,0,0,0,4,0,1.0000
4,192.0000,22,7,643.5373,-86.8703,0.2738,24,0.6000,0.2000,5,5,2,0,0,5,2,0.6000
4,192.0000,22,8,948.9701,-87.3746,-1.0503,7,0.1750,0.7500,8,8,8,0,0,8,8,0.0000
4,192.0000,22,9,752.8805,-88.3544,0.0976,10,0.2500,1.0000,8,7,4,0,0,7,4,0.4286
4,192.0000,22,15,524.4989,-86.0553,0.3332,30,0.7500,0.3333,6,6,4,0,0,6,4,0.3333
4,192.0000,22,17,793.4133,-88.2690,0.1748,17,0.4250,0.9286,14,8,8,0,0,8,8,0.0000
4,192.0000,22,18,113.1432,-76.1542,2.0726,39,0.9750,0.0870,23,4,0,0,0,4,0,1.0000
4,192.0000,22,21,254.5709,-80.2187,0.0211,34,0.8500,0.3333,6,5,1,0,0,5,1,0.8000
4,192.0000,23,2,972.7404,-89.0054,0.5515,4,0.1000,1.0000,8,8,8,0,0,8,8,0.0000
4,192.0000,23,4,804.0286,-88.9059,-0.3590,13,0.3250,0.8571,7,7,6,0,0,7,6,0.1429
4,192.0000,23,5,798.3867,-89.2627,0.2142,4,0.1000,1.0000,8,7,6,0,0,7,6,0.1429
4,192.0000,23,11,530.1147,-85.7675,-0.5251,35,0.8750,0.6667,6,7,3,0,0,7,3,0.5714
4,192.0000,23,12,698.1584,-87.2303,0.4822,16,0.4000,0.6667,6,8,8,0,0,8,8,0.0000
4,192.0000,23,14,244.2510,-79.2552,0.4789,38,0.9500,0.0000,4,4,0,0,0,4,0,1.0000
4,192.0000,23,16,1041.3819,-89.3546,0.3316,3,0.0750,1.0000,6,6,6,0,0,6,6,0.0000
4,192.0000,23,24,353.8662,-82.0528,-0.2442,38,0.9500,0.2000,5,4,0,0,0,4,0,1.0000
4,192.0000,23,25,447.3082,-83.6553,-0.7724,39,0.9750,0.4667,15,7,5,10,6,17,11,0.3529
4,192.0000,24,2,688.3797,-89.0929,0.1041,8,0.2000,1.0000,8,6,2,0,0,6,2,0.6667
4,192.0000,24,3,1063.7565,-88.5652,-0.4433,4,0.1000,1.0000,6,6,6,0,0,6,6,0.0000
4,192.0000,24,4,515.3172,-86.6526,0.4192,31,0.7750,0.5000,6,5,1,0,0,5,1,0.8000
4,192.0000,24,10,961.5240,-88.3933,-0.0797,4,0.1000,1.0000,8,8,7,0,0,8,7,0.1250
4,192.0000,24,11,639.1321,-86.7953,0.1801,22,0.5500,0.6667,6,7,5,0,0,7,5,0.2857
4,192.0000,24,12,749.6790,-86.9682,-0.2107,21,0.5250,1.0000,8,8,8,0,0,8,8,0.0000
4,192.0000,24,13,1088.6019,-88.4204,-0.0721,3,0.0750,1.0000,4,6,6,0,0,6,6,0.0000
4,192.0000,24,14,373.1958,-83.2547,-0.0966,34,0.8500,0.6667,6,4,0,0,0,4,0,1.0000
4,192.0000,24,16,829.5360,-87.7296,0.7987,13,0.3250,1.0000,8,8,8,0,0,8,8,0.0000
4,192.0000,24,20,1017.8139,-89.3263,-0.0154,3,0.0750,1.0000,6,8,8,0,0,8,8,0.0000
4,192.0000,24,23,353.8662,-82.2727,-0.0587,38,0.9500,0.0000,4,5,1,0,0,5,1,0.8000
4,192.0000,24,25,616.6396,-86.5880,0.1552,18,0.4500,0.4000,5,7,5,0,0,7,5,0.2857
4,192.0000,25,4,870.4164,-88.4723,-0.1809,6,0.1500,0.8571,7,8,8,0,0,8,8,0.0000
4,192.0000,25,11,787.1705,-87.1943,-0.0786,14,0.3500,1.0000,8,10,10,0,0,10,10,0.0000
4,192.0000,25,12,991.8419,-87.4345,-0.7533,5,0.1250,1.0000,6,4,4,0,0,4,4,0.0000
4,192.0000,25,14,473.6075,-84.5486,-0.4999,28,0.7000,0.4000,5,6,3,0,0,6,3,0.5000
4,192.0000,25,23,447.3082,-83.6001,-0.2256,35,0.8750,0.4000,5,6,3,0,0,6,3,0.5000
4,192.0000,25,24,616.6396,-86.4953,-0.1249,24,0.6000,0.8750,8,8,7,0,0,8,7,0.1250
4,196.0000,0,1,674.7959,-87.0664,-0.7633,20,0.5000,0.5000,6,8,6,0,0,8,6,0.2500
4,196.0000,0,6,940.7055,-88.9537,0.1208,3,0.0750,0.8000,5,9,8,0,0,9,8,0.1111
4,196.0000,0,7,255.8069,-81.6811,0.9462,37,0.9250,0.2000,5,4,0,0,0,4,0,1.0000
4,196.0000,0,8,747.9068,-87.8354,0.4684,16,0.4000,1.0000,8,8,7,0,0,8,7,0.1250
4,196.0000,0,9,434.5520,-83.9332,-0.3768,31,0.7750,0.2000,5,4,0,0,0,4,0,1.0000
4,196.0000,0,10,862.7120,-87.9464,-0.6681,10,0.2500,0.8571,7,8,8,0,0,8,8,0.0000
4,196.0000,0,13,779.2178,-88.1655,0.3198,12,0.3000,0.8571,7,8,7,0,0,8,7,0.1250
4,196.0000,0,15,533.6081,-86.4062,0.7419,25,0.6250,0.7143,7,7,3,0,0,7,3,0.5714
4,196.0000,0,16,988.9592,-88.6706,-0.6173,5,0.1250,1.0000,6,6,6,0,0,6,6,0.0000
4,196.0000,0,17,937.2367,-89.0715,-1.3310,3,0.0750,,0,6,6,0,0,6,6,0.0000
4,196.0000,0,18,864.2607,-88.1549,0.8234,4,0.1000,1.0000,6,8,6,0,0,8,6,0.2500
4,196.0000,0,19,489.7518,-85.3339,-0.3260,31,0.7750,0.5714,7,7,3,0,0,7,3,0.5714
4,196.0000,0,20,862.5565,-88.9581,-0.1497,11,0.2750,0.8750,8,8,8,0,0,8,8,0.0000
4,196.0000,0,21,788.3931,-87.9391,-0.2525,9,0.2250,1.0000,8,7,6,0,0,7,6,0.1429
4,196.0000,0,22,925.9484,-89.2398,0.2068,3,0.0750,1.0000,8,8,8,0,0,8,8,0.0000
4,196.0000,1,0,674.7959,-86.8797,-0.6053,20,0.5000,0.4000,5,6,4,0,0,6,4,0.3333
4,196.0000,1,2,988.9442,-88.7812,-0.1664,4,0.1000,1.0000,6,4,4,0,0,4,4,0.0000
4,196.0000,1,3,823.1159,-88.9069,-0.0630,7,0.1750,0.8750,8,8,8,0,0,8,8,0.0000
4,196.0000,1,7,863.7672,-88.5308,-0.1408,12,0.3000,0.8571,7,8,7,0,0,8,7,0.1250
4,196.0000,1,8,349.5971,-83.9033,0.6239,31,0.7750,0.5000,6,6,4,0,0,6,4,0.3333
4,196.0000,1,9,1046.9562,-88.3523,-0.3978,11,0.2750,1.0000,8,8,8,0,0,8,8,0.0000
4,196.0000,1,10,368.5349,-83.9528,0.4308,29,0.7250,0.5000,6,4,0,0,0,4,0,1.0000
4,196.0000,1,12,835.5174,-87.9866,-0.8564,3,0.0750,1.0000,8,7,6,0,0,7,6,0.1429
4,196.0000,1,13,474.9000,-86.1324,-0.1049,27,0.6750,0.8750,8,5,2,0,0,5,2,0.6000
4,196.0000,1,15,746.7438,-87.6420,-0.5705,17,0.4250,0.8571,7,8,8,0,0,8,8,0.0000
4,196.0000,1,16,410.3838,-85.9387,0.8769,28,0.7000,0.2000,5,4,0,0,0,4,0,1.0000
4,196.0000,1,19,377.8532,-81.3374,-0.6562,35,0.8750,0.1000,10,4,0,0,0,4,0,1.0000
4,196.0000,1,20,467.5673,-85.0933,-0.0907,28,0.7000,0.7500,8,7,4,0,0,7,4,0.4286
4,196.0000,2,1,988.9442,-89.1216,-0.1971,4,0.0976,1.0000,6,8,8,0,0,8,8,0.0000
4,196.0000,2,4,176.1179,-77.7273,0.9429,38,0.9268,0.0000,4,4,0,0,0,4,0,1.0000
4,196.0000,2,8,1000.6805,-88.9086,0.4273,3,0.0732,1.0000,2,8,8,0,0,8,8,0.0000
4,196.0000,2,10,776.3204,-88.3272,0.1127,9,0.2195,1.0000,8,6,4,0,0,6,4,0.3333
4,196.0000,2,11,808.5588,-87.5781,0.6426,5,0.1220,1.0000,8,8,7,0,0,8,7,0.1250
4,196.0000,2,12,815.3264,-88.6314,-0.0408,8,0.1951,1.0000,8,8,8,0,0,8,8,0.0000
4,196.0000,2,13,754.8425,-87.3784,-0.6808,14,0.3415,0.8571,7,8,8,0,0,8,8,0.0000
4,196.0000,2,14,630.8415,-87.2422,0.1469,16,0.3902,1.0000,8,5,2,0,0,5,2,0.6000
4,196.0000,2,16,579.6298,-85.9126,-0.5548,24,0.5854,0.2000,5,7,6,0,0,7,6,0.1429
4,196.0000,2,20,659.3773,-87.5184,-0.1016,16,0.3902,0.8571,7,7,5,0,0,7,5,0.2857
4,196.0000,2,23,868.4681,-88.9844,0.2210,4,0.0976,1.0000,8,8,8,0,0,8,8,0.0000
4,196.0000,2,24,565.2450,-87.0880,0.2924,22,0.5366,0.6667,6,4,0,0,0,4,0,1.0000
4,196.0000,3,1,823.1159,-88.5636,0.0004,8,0.2051,0.8889,9,8,8,0,0,8,8,0.0000
4,196.0000,3,5,501.8857,-85.2537,-0.0988,26,0.6667,0.6667,6,5,2,0,0,5,2,0.6000
4,196.0000,3,7,1061.5229,-88.9051,-0.4505,7,0.1795,1.0000,8,6,6,0,0,6,6,0.0000
4,196.0000,3,8,481.5544,-83.5440,-0.4647,26,0.6667,0.8750,8,8,5,2,2,10,7,0.3000
4,196.0000,3,10,532.0580,-85.7497,0.1830,25,0.6410,0.0000,4,5,1,0,0,5,1,0.8000
4,196.0000,3,11,550.3405,-87.2922,0.3447,18,0.4615,1.0000,8,5,2,0,0,5,2,0.6000
4,196.0000,3,12,451.1584,-85.2511,0.4549,25,0.6410,0.6667,6,7,5,0,0,7,5,0.2857
4,196.0000,3,13,800.7407,-87.8216,0.9197,6,0.1538,1.0000,8,7,6,0,0,7,6,0.1429
4,196.0000,3,15,684.7139,-86.5351,-0.5318,18,0.4615,0.8750,8,7,6,0,0,7,6,0.1429
4,196.0000,3,16,793.9090,-88.7935,-0.1625,8,0.2051,0.6667,6,7,5,0,0,7,5,0.2857
4,196.0000,3,18,964.8138,-88.9736,-0.0410,6,0.1538,1.0000,6,6,6,0,0,6,6,0.0000
4,196.0000,3,20,785.8539,-88.0289,0.1353,16,0.4103,1.0000,8,8,7,0,0,8,7,0.1250
4,196.0000,3,21,730.6177,-88.0114,0.0676,13,0.3333,0.6667,6,7,5,0,0,7,5,0.2857
4,196.0000,3,22,1035.3098,-89.3183,0.4233,3,0.0769,1.0000,8,6,6,0,0,6,6,0.0000
4,196.0000,3,23,833.6183,-89.0614,0.3666,4,0.1026,1.0000,8,6,4,0,0,6,4,0.3333
4,196.0000,4,2,176.1179,-77.9779,0.9707,37,0.9250,0.0000,4,4,0,0,0,4,0,1.0000
4,196.0000,4,10,889.2420,-89.0675,0.6169,8,0.2000,1.0000,8,7,6,0,0,7,6,0.1429
4,196.0000,4,11,809.0449,-89.0974,-0.2731,8,0.2000,1.0000,8,8,8,0,0,8,8,0.0000
4,196.0000,4,12,853.7080,-89.0627,-0.2569,3,0.0750,1.0000,8,8,8,0,0,8,8,0.0000
4,196.0000,4,13,891.5959,-88.1367,1.1429,3,0.0750,0.8750,8,8,8,0,0,8,8,0.0000
4,196.0000,4,14,530.6970,-86.6356,0.1667,21,0.5250,0.5714,7,5,3,0,0,5,3,0.4000
4,196.0000,4,16,726.9196,-86.9356,0.3200,16,0.4000,0.5714,7,8,8,0,0,8,8,0.0000
4,196.0000,4,20,798.9665,-88.1749,0.1101,8,0.2000,1.0000,8,8,7,0,0,8,7,0.1250
4,196.0000,4,23,770.4519,-88.0321,0.8697,10,0.2500,1.0000,12,8,7,0,0,8,7,0.1250
4,196.0000,4,24,437.7869,-85.2824,0.0328,30,0.7500,0.3333,6,4,0,0,0,4,0,1.0000
4,196.0000,4,25,924.7459,-88.3392,0.4941,10,0.2500,0.8000,5,10,10,0,0,10,10,0.0000
4,196.0000,5,3,501.8857,-85.4246,-0.0724,29,0.7250,0.6667,6,6,3,0,0,6,3,0.5000
4,196.0000,5,8,899.9224,-88.4163,0.1891,8,0.2000,1.0000,8,8,8,0,0,8,8,0.0000
4,196.0000,5,10,868.4350,-88.4658,-0.0338,10,0.2500,0.8750,8,8,8,0,0,8,8,0.0000
4,196.0000,5,11,380.4380,-82.8992,-0.0664,31,0.7750,0.4000,5,6,3,0,0,6,3,0.5000
4,196.0000,5,12,428.3846,-82.6775,-0.1293,28,0.7000,0.5000,6,6,3,0,0,6,3,0.5000
4,196.0000,5,13,962.0727,-89.1931,0.1451,6,0.1500,1.0000,8,4,4,0,0,4,4,0.0000
4,196.0000,5,14,760.2171,-87.9603,-0.1346,11,0.2750,0.6667,6,8,8,0,0,8,8,0.0000
4,196.0000,5,15,1010.3641,-89.4344,0.0721,4,0.1000,1.0000,10,8,8,0,0,8,8,0.0000
4,196.0000,5,16,1060.1571,-88.6184,1.5393,3,0.0750,1.0000,4,4,4,0,0,4,4,0.0000
4,196.0000,5,20,963.3799,-88.0115,1.0616,5,0.1250,0.9762,42,4,4,0,0,4,4,0.0000
4,196.0000,5,23,703.5819,-87.4942,0.2399,14,0.3500,1.0000,8,9,7,0,0,9,7,0.2222
4,196.0000,5,24,1041.6995,-88.5653,-0.3676,4,0.1000,1.0000,6,8,8,0,0,8,8,0.0000
4,196.0000,6,7,693.8065,-86.8934,-0.1422,23,0.5750,0.5000,6,7,4,0,0,7,4,0.4286
4,196.0000,6,9,605.7560,-87.1186,-0.4052,23,0.5750,0.5714,7,5,1,0,0,5,1,0.8000
4,196.0000,6,15,664.6410,-87.6706,0.1562,18,0.4500,0.6667,6,5,2,0,0,5,2,0.6000
4,196.0000,6,17,686.8545,-87.7852,-0.2928,26,0.6500,0.8736,87,7,5,74,69,81,74,0.0864
4,196.0000,6,18,232.4577,-75.5092,-1.9207,39,0.9750,0.0000,4,4,0,0,0,4,0,1.0000
4,196.0000,6,21,495.8153,-84.2307,-0.5060,33,0.8250,0.4000,5,7,5,0,0,7,5,0.2857
4,196.0000,6,22,194.6590,-76.9510,-0.1737,40,1.0000,0.0000,4,4,0,1,0,5,0,1.0000
4,196.0000,7,0,255.8069,-81.5240,1.2368,33,0.8250,0.2000,5,4,0,0,0,4,0,1.0000
4,196.0000,7,1,863.7672,-88.9063,0.1909,12,0.3000,1.0000,8,8,8,0,0,8,8,0.0000
4,196.0000,7,3,1061.5229,-89.2598,-0.0457,3,0.0750,1.0000,8,4,4,0,0,4,4,0.0000
4,196.0000,7,6,693.8065,-86.8397,0.5403,16,0.4000,0.5714,7,8,8,0,0,8,8,0.0000
4,196.0000,7,8,851.6340,-88.4561,-0.4390,7,0.1750,0.8750,8,8,8,0,0,8,8,0.0000
4,196.0000,7,9,206.6865,-76.4010,0.4772,37,0.9250,0.0000,4,5,2,0,0,5,2,0.6000
4,196.0000,7,10,1000.8899,-89.1438,-0.1178,5,0.1250,1.0000,6,8,8,0,0,8,8,0.0000
4,196.0000,7,15,443.6503,-84.8012,0.7510,25,0.6250,0.7143,7,4,0,0,0,4,0,1.0000
4,196.0000,7,17,743.0388,-87.6575,-0.0360,15,0.3750,0.8750,8,6,3,0,0,6,3,0.5000
4,196.0000,7,18,646.1053,-86.8703,0.3899,23,0.5750,0.7143,7,6,4,0,0,6,4,0.3333
4,196.0000,7,19,662.2910,-86.5578,0.4535,15,0.3750,0.5714,7,6,4,0,0,6,4,0.3333
4,196.0000,7,21,630.9451,-86.0098,-0.5780,25,0.6250,0.4000,5,7,5,0,0,7,5,0.2857
4,196.0000,7,22,700.3029,-87.5722,-0.7017,14,0.3500,0.5000,6,8,7,0,0,8,7,0.1250
4,196.0000,8,0,747.9068,-87.9415,0.1730,15,0.3750,1.0000,8,7,6,0,0,7,6,0.1429
4,196.0000,8,1,349.5971,-83.5024,-0.7259,33,0.8250,0.0000,4,4,0,0,0,4,0,1.0000
4,196.0000,8,3,481.5544,-83.7831,-0.9271,30,0.7500,0.4000,5,6,2,0,0,6,2,0.6667
4,196.0000,8,5,899.9224,-88.4721,0.2748,8,0.2000,0.8571,7,6,6,0,0,6,6,0.0000
4,196.0000,8,7,851.6340,-88.4437,-0.3803,12,0.3000,1.0000,8,8,7,0,0,8,7,0.1250
4,196.0000,8,10,226.7685,-78.3947,0.2385,35,0.8750,0.1667,6,3,0,0,0,3,0,1.0000
4,196.0000,8,11,782.5925,-88.4943,0.2828,4,0.1000,0.5714,7,8,8,0,0,8,8,0.0000
4,196.0000,8,12,615.5506,-87.0587,-0.3367,17,0.4250,0.8571,7,5,2,0,0,5,2,0.6000
4,196.0000,8,13,536.8457,-87.2923,-0.1913,19,0.4750,0.2000,5,5,1,0,0,5,1,0.8000
4,196.0000,8,15,571.3693,-85.6761,-0.8912,22,0.5500,0.5000,6,6,2,0,0,6,2,0.6667
4,196.0000,8,16,483.9452,-86.0711,0.3555,22,0.5500,0.7500,8,6,2,0,0,6,2,0.6667
4,196.0000,8,18,1024.8899,-89.6295,0.1409,4,0.1000,1.0000,8,6,6,0,0,6,6,0.0000
4,196.0000,8,19,581.9226,-86.2479,0.2170,25,0.6250,0.6667,6,6,3,0,0,6,3,0.5000
4,196.0000,8,20,523.0395,-85.8635,-0.3831,29,0.7250,0.6667,6,8,5,0,0,8,5,0.3750
4,196.0000,8,21,780.3590,-88.8450,-0.2336,13,0.3250,0.8750,8,8,7,0,0,8,7,0.1250
4,196.0000,8,22,1096.7884,-89.4604,0.2595,7,0.1750,1.0000,8,4,4,0,0,4,4,0.0000
4,196.0000,9,0,434.5520,-84.6475,-0.7221,31,0.7750,0.3333,6,5,2,0,0,5,2,0.6000
4,196.0000,9,1,1046.9562,-88.6268,0.0008,3,0.0750,1.0000,8,6,6,0,0,6,6,0.0000
4,196.0000,9,6,605.7560,-86.9192,0.1717,22,0.5500,0.6667,6,6,3,0,0,6,3,0.5000
4,196.0000,9,7,206.6865,-76.3676,-0.3080,37,0.9250,0.0000,4,6,3,0,0,6,3,0.5000
4,196.0000,9,8,1031.5959,-88.5633,0.1858,7,0.1750,1.0000,4,2,2,0,0,2,2,0.0000
4,196.0000,9,15,560.3525,-86.5231,0.4649,25,0.6250,0.6667,6,7,5,0,0,7,5,0.2857
4,196.0000,9,17,563.0572,-87.1442,0.2262,24,0.6000,0.7500,8,6,3,0,0,6,3,0.5000
4,196.0000,9,18,620.4297,-87.8512,0.2635,23,0.5750,1.0000,8,8,8,0,0,8,8,0.0000
4,196.0000,9,19,802.0928,-87.9789,0.1465,14,0.3500,0.8571,7,8,8,0,0,8,8,0.0000
4,196.0000,9,21,676.8056,-87.8544,-0.2298,27,0.6750,0.6667,6,6,4,0,0,6,4,0.3333
4,196.0000,9,22,652.7429,-87.0196,0.3055,23,0.5750,0.7143,7,6,2,0,0,6,2,0.6667
4,196.0000,10,0,862.7120,-88.5442,0.5411,6,0.1538,1.0000,8,8,8,0,0,8,8,0.0000
4,196.0000,10,1,368.5349,-83.6998,0.7085,31,0.7949,0.3333,6,4,0,0,0,4,0,1.0000
4,196.0000,10,2,776.3204,-88.5186,0.3115,8,0.2051,0.8000,5,9,7,0,0,9,7,0.2222
4,196.0000,10,3,532.0580,-85.8921,-0.8547,28,0.7179,0.9167,84,6,2,78,67,84,69,0.1786
4,196.0000,10,4,889.2420,-87.7882,-0.5184,4,0.1026,1.0000,6,8,7,0,0,8,7,0.1250
4,196.0000,10,5,868.4350,-87.3826,-0.1257,12,0.3077,0.8182,11,8,8,0,0,8,8,0.0000
4,196.0000,10,8,226.7685,-79.1195,0.0617,38,0.9744,0.2807,57,4,0,43,3,47,3,0.9362
4,196.0000,10,9,1194.9148,-89.1623,0.5027,4,0.1026,1.0000,8,2,2,0,0,2,2,0.0000
4,196.0000,10,11,659.7306,-87.4125,-0.0135,21,0.5385,0.4000,5,6,2,0,0,6,2,0.6667
4,196.0000,10,12,505.6062,-85.1322,-0.0135,26,0.6667,0.5714,7,5,2,0,0,5,2,0.6000
4,196.0000,10,13,394.2388,-84.3580,0.7856,29,0.7436,0.4000,5,4,0,0,0,4,0,1.0000
4,196.0000,10,14,911.0722,-89.0483,-0.3309,4,0.1026,0.8750,8,8,8,0,0,8,8,0.0000
4,196.0000,10,15,767.4298,-87.2684,0.0247,17,0.4359,0.6667,6,8,8,0,0,8,8,0.0000
4,196.0000,10,16,283.8215,-82.3626,0.5160,31,0.7949,0.2500,4,5,1,0,0,5,1,0.8000
4,196.0000,10,19,704.4728,-87.6036,-0.5870,19,0.4872,0.5714,7,7,4,0,0,7,4,0.4286
4,196.0000,10,20,344.8887,-82.5361,0.1894,33,0.8462,0.6667,6,4,0,0,0,4,0,1.0000
4,196.0000,10,21,975.5915,-88.9866,-0.5493,5,0.1282,1.0000,4,8,8,0,0,8,8,0.0000
4,196.0000,10,24,966.3529,-88.7307,0.2020,3,0.0769,1.0000,2,8,8,0,0,8,8,0.0000
4,196.0000,11,1,1003.7084,-89.1697,0.7688,3,0.0750,1.0000,6,8,8,0,0,8,8,0.0000
4,196.0000,11,2,808.5588,-88.1006,-0.1491,16,0.4000,1.0000,8,8,8,0,0,8,8,0.0000
4,196.0000,11,3,550.3405,-86.9632,0.5241,21,0.5250,0.9500,20,6,4,4,4,10,8,0.2000
4,196.0000,11,4,809.0449,-88.4624,-0.3579,13,0.3250,1.0000,8,7,6,0,0,7,6,0.1429
4,196.0000,11,5,380.4380,-82.8631,-0.1787,38,0.9500,0.5152,33,6,3,0,0,6,3,0.5000
4,196.0000,11,8,782.5925,-88.9794,0.0540,11,0.2750,1.0000,8,7,6,0,0,7,6,0.1429
4,196.0000,11,10,659.7306,-87.1096,-0.3881,17,0.4250,0.7143,7,6,6,4,4,10,10,0.0000
4,196.0000,11,12,184.3415,-77.0452,0.1433,39,0.9750,0.2381,21,4,0,24,4,28,4,0.8571
4,196.0000,11,13,705.1651,-88.0830,-0.0239,15,0.3750,0.7500,8,5,1,32,32,37,33,0.1081
4,196.0000,11,14,471.1628,-83.6294,-1.1902,36,0.9000,0.4000,5,6,3,0,0,6,3,0.5000
4,196.0000,11,16,769.6116,-88.0212,-0.1138,13,0.3250,0.8667,15,7,6,0,0,7,6,0.1429
4,196.0000,11,20,680.8137,-88.2676,0.2844,15,0.3750,0.7143,7,8,8,0,0,8,8,0.0000
4,196.0000,11,23,551.4419,-85.7981,0.2338,33,0.8250,0.6923,13,5,2,0,0,5,2,0.6000
4,196.0000,11,24,758.1881,-87.6989,-0.3370,18,0.4500,1.0000,8,8,7,0,0,8,7,0.1250
4,196.0000,11,25,958.1605,-88.6725,-0.4997,9,0.2250,1.0000,8,8,8,0,0,8,8,0.0000
4,196.0000,12,1,835.5174,-88.8521,0.1010,11,0.2750,0.9259,27,6,6,6,6,12,12,0.0000
4,196.0000,12,2,815.3264,-88.7806,0.3668,9,0.2250,0.7143,7,8,8,0,0,8,8,0.0000
4,196.0000,12,3,451.1584,-85.3828,0.4359,31,0.7750,0.4286,7,4,0,0,0,4,0,1.0000
4,196.0000,12,4,853.7080,-88.4765,-0.2576,9,0.2250,0.6667,3,8,8,0,0,8,8,0.0000
4,196.0000,12,5,428.3846,-84.0693,-1.0114,38,0.9500,0.0000,4,5,1,0,0,5,1,0.8000
4,196.0000,12,8,615.5506,-87.1433,0.0208,23,0.5750,0.6667,6,7,6,0,0,7,6,0.1429
4,196.0000,12,10,505.6062,-85.2620,-0.1010,32,0.8000,0.2000,5,4,0,0,0,4,0,1.0000
4,196.0000,12,11,184.3415,-76.8297,0.3981,37,0.9250,0.0000,4,5,1,0,0,5,1,0.8000
4,196.0000,12,13,557.9255,-86.4667,0.4151,22,0.5500,0.8750,8,4,0,0,0,4,0,1.0000
4,196.0000,12,14,613.4537,-86.6830,0.1142,27,0.6750,0.3333,6,6,4,0,0,6,4,0.3333
4,196.0000,12,15,916.3629,-88.9289,-0.2172,7,0.1750,1.0000,4,8,8,0,0,8,8,0.0000
4,196.0000,12,16,647.8218,-87.6153,0.0045,20,0.5000,0.7143,7,5,1,0,0,5,1,0.8000
4,196.0000,12,20,543.7447,-86.3784,0.6433,28,0.7000,0.7000,10,5,1,0,0,5,1,0.8000
4,196.0000,12,21,1035.7858,-88.9778,0.4723,4,0.1000,1.0000,4,2,2,0,0,2,2,0.0000
4,196.0000,12,23,695.5302,-87.8050,0.0544,20,0.5000,0.7500,8,6,4,0,0,6,4,0.3333
4,196.0000,12,24,850.4289,-88.9355,0.0345,12,0.3000,1.0000,8,8,8,0,0,8,8,0.0000
4,196.0000,13,0,779.2178,-88.4065,-0.0721,16,0.4000,1.0000,6,8,7,0,0,8,7,0.1250
4,196.0000,13,1,474.9000,-85.6381,0.4930,28,0.7000,0.3333,6,6,2,0,0,6,2,0.6667
4,196.0000,13,2,754.8425,-87.0467,0.1906,17,0.4250,1.0000,8,8,8,0,0,8,8,0.0000
4,196.0000,13,3,800.7407,-89.0050,0.2595,7,0.1750,1.0000,4,8,7,0,0,8,7,0.1250
4,196.0000,13,4,891.5959,-88.4573,-0.5441,6,0.1500,1.0000,8,8,8,0,0,8,8,0.0000
4,196.0000,13,5,962.0727,-89.1949,-0.0226,5,0.1250,1.0000,6,8,8,0,0,8,8,0.0000
4,196.0000,13,7,966.2553,-88.9785,-0.3282,3,0.0750,1.0000,8,8,8,0,0,8,8,0.0000
4,196.0000,13,8,536.8457,-86.8740,0.3627,19,0.4750,0.6667,6,5,2,0,0,5,2,0.6000
4,196.0000,13,10,394.2388,-84.7455,0.4947,34,0.8500,0.5000,6,5,2,0,0,5,2,0.6000
4,196.0000,13,11,705.1651,-87.9493,0.0811,18,0.4500,0.7143,7,7,4,0,0,7,4,0.4286
4,196.0000,13,12,557.9255,-86.6784,0.3289,19,0.4750,0.6667,6,5,1,0,0,5,1,0.8000
4,196.0000,13,14,975.5784,-88.8898,0.6220,4,0.1000,1.0000,2,8,8,0,0,8,8,0.0000
4,196.0000,13,15,898.8099,-89.0529,-0.2956,7,0.1750,1.0000,6,10,10,0,0,10,10,0.0000
4,196.0000,13,16,356.3225,-82.8749,0.6762,34,0.8500,0.0000,4,4,0,0,0,4,0,1.0000
4,196.0000,13,19,764.1901,-87.7424,0.3726,17,0.4250,0.6667,6,6,6,1,0,7,6,0.1429
4,196.0000,13,20,108.0590,-70.6041,1.1765,38,0.9500,0.2000,5,4,0,0,0,4,0,1.0000
4,196.0000,14,2,630.8415,-87.6772,1.1690,18,0.4500,0.7143,7,6,3,0,0,6,3,0.5000
4,196.0000,14,3,896.7153,-89.3446,-0.0909,4,0.1000,1.0000,6,8,8,0,0,8,8,0.0000
4,196.0000,14,4,530.6970,-86.5008,0.6779,26,0.6500,0.4000,5,4,0,0,0,4,0,1.0000
4,196.0000,14,5,760.2171,-87.5432,0.3077,17,0.4250,0.8750,8,7,4,0,0,7,4,0.4286
4,196.0000,14,10,911.0722,-88.9437,-0.8329,4,0.1000,1.0000,8,8,8,0,0,8,8,0.0000
4,196.0000,14,11,471.1628,-83.6120,-0.6035,30,0.7500,0.6000,5,6,2,0,0,6,2,0.6667
4,196.0000,14,12,613.4537,-86.1271,-0.3058,25,0.6250,0.2000,5,6,3,0,0,6,3,0.5000
4,196.0000,14,16,909.4256,-88.9991,-0.2549,7,0.1750,1.0000,8,8,8,0,0,8,8,0.0000
4,196.0000,14,20,909.8562,-88.9827,0.3126,3,0.0750,1.0000,8,8,8,0,0,8,8,0.0000
4,196.0000,14,23,300.3730,-79.9421,-0.5909,38,0.9500,0.0000,4,4,0,0,0,4,0,1.0000
4,196.0000,14,24,369.0805,-82.3648,0.6655,39,0.9750,0.2000,5,5,1,0,0,5,1,0.8000
4,196.0000,14,25,566.9755,-86.3555,-0.2694,33,0.8250,0.2000,5,7,4,0,0,7,4,0.4286
4,196.0000,15,0,533.6081,-86.4155,0.2256,22,0.5500,0.8571,7,5,1,0,0,5,1,0.8000
4,196.0000,15,1,746.7438,-87.4913,-0.0638,17,0.4250,0.8750,8,8,7,0,0,8,7,0.1250
4,196.0000,15,3,684.7139,-86.5254,-0.5069,27,0.6750,0.5000,6,7,5,0,0,7,5,0.2857
4,196.0000,15,5,1010.3641,-88.8282,0.1419,6,0.1500,1.0000,8,8,8,0,0,8,8,0.0000
4,196.0000,15,6,664.6410,-87.6943,0.3128,21,0.5250,0.4000,5,6,4,0,0,6,4,0.3333
4,196.0000,15,7,443.6503,-85.3790,0.2476,32,0.8000,0.0000,4,6,2,0,0,6,2,0.6667
4,196.0000,15,8,571.3693,-85.6043,-0.5883,28,0.7000,0.3333,6,7,5,0,0,7,5,0.2857
4,196.0000,15,9,560.3525,-86.7864,0.8091,26,0.6500,0.6250,8,6,4,0,0,6,4,0.3333
4,196.0000,15,10,767.4298,-87.7357,-0.0202,18,0.4500,0.8571,7,6,6,0,0,6,6,0.0000
4,196.0000,15,12,916.3629,-89.4778,0.1615,3,0.0750,1.0000,8,8,8,0,0,8,8,0.0000
4,196.0000,15,13,898.8099,-89.4574,0.3161,4,0.1000,1.0000,8,7,6,0,0,7,6,0.1429
4,196.0000,15,16,1013.9095,-89.1396,0.2661,3,0.0750,1.0000,4,4,4,0,0,4,4,0.0000
4,196.0000,15,17,898.8127,-88.6154,-0.1191,6,0.1500,1.0000,6,8,8,0,0,8,8,0.0000
4,196.0000,15,18,479.5479,-86.0896,0.1564,31,0.7750,0.5000,6,6,4,0,0,6,4,0.3333
4,196.0000,15,19,663.4932,-87.9376,-0.0089,23,0.5750,0.6250,8,6,3,0,0,6,3,0.5000
4,196.0000,15,20,947.4004,-88.5210,-0.3369,3,0.0750,1.0000,8,8,7,0,0,8,7,0.1250
4,196.0000,15,21,287.4026,-80.4635,-0.0389,37,0.9250,0.0000,4,4,0,0,0,4,0,1.0000
4,196.0000,15,22,549.4213,-86.4182,-0.1491,31,0.7750,0.2000,5,6,3,0,0,6,3,0.5000
4,196.0000,16,1,410.3838,-85.1098,1.3136,22,0.5366,0.4000,5,4,0,0,0,4,0,1.0000
4,196.0000,16,2,579.6298,-85.2880,-0.2406,31,0.7561,0.2000,5,6,3,0,0,6,3,0.5000
4,196.0000,16,3,793.9090,-88.8110,-0.1235,9,0.2195,0.8750,8,8,8,0,0,8,8,0.0000
4,196.0000,16,4,726.9196,-88.0855,0.2383,25,0.6098,0.8750,8,6,2,0,0,6,2,0.6667
4,196.0000,16,8,483.9452,-85.6449,-0.3071,19,0.4634,0.5714,7,5,2,0,0,5,2,0.6000
4,196.0000,16,10,283.8215,-83.0368,1.2881,33,0.8049,0.0000,4,4,0,0,0,4,0,1.0000
4,196.0000,16,11,769.6116,-87.6635,0.4908,10,0.2439,0.9655,29,7,6,0,0,7,6,0.1429
4,196.0000,16,12,647.8218,-87.6421,-0.1482,18,0.4390,0.4000,5,6,3,0,0,6,3,0.5000
4,196.0000,16,13,356.3225,-82.6692,0.0427,33,0.8049,0.0000,4,6,2,0,0,6,2,0.6667
4,196.0000,16,14,909.4256,-89.5766,0.0481,4,0.0976,1.0000,8,8,7,0,0,8,7,0.1250
4,196.0000,16,19,786.2800,-88.1492,-0.0928,8,0.1951,0.8750,8,7,5,0,0,7,5,0.2857
4,196.0000,16,20,259.8989,-80.4785,0.8061,35,0.8537,0.0000,4,4,0,0,0,4,0,1.0000
4,196.0000,16,23,1057.5374,-88.8121,-0.3558,3,0.0732,1.0000,10,6,6,0,0,6,6,0.0000
4,196.0000,16,24,917.9294,-88.6174,-0.0566,8,0.1951,1.0000,8,8,8,0,0,8,8,0.0000
4,196.0000,17,6,686.8545,-87.5025,0.1702,11,0.2750,1.0000,8,5,2,0,0,5,2,0.6000
4,196.0000,17,7,743.0388,-88.0969,0.1952,10,0.2500,1.0000,10,5,4,0,0,5,4,0.2000
4,196.0000,17,9,563.0572,-86.8228,0.6056,18,0.4500,0.8000,5,5,1,0,0,5,1,0.8000
4,196.0000,17,15,898.8127,-89.0703,-0.7080,3,0.0750,1.0000,8,8,8,0,0,8,8,0.0000
4,196.0000,17,18,772.9487,-88.0287,-0.1171,17,0.4250,0.8750,8,7,6,0,0,7,6,0.1429
4,196.0000,17,21,890.3188,-88.6627,0.1391,10,0.2500,1.0000,8,8,8,0,0,8,8,0.0000
4,196.0000,17,22,741.2962,-87.3097,-0.5245,9,0.2250,0.8571,7,8,7,0,0,8,7,0.1250
4,196.0000,18,0,864.2607,-88.3234,0.1497,13,0.3171,0.6667,3,6,4,0,0,6,4,0.3333
4,196.0000,18,6,232.4577,-75.8889,-2.3763,39,0.9512,0.0000,4,4,0,0,0,4,0,1.0000
4,196.0000,18,7,646.1053,-87.2383,-0.6967,23,0.5610,0.7143,7,7,5,0,0,7,5,0.2857
4,196.0000,18,8,1024.8899,-88.5846,-0.3879,3,0.0732,1.0000,8,8,8,0,0,8,8,0.0000
4,196.0000,18,9,620.4297,-87.6931,0.2805,30,0.7317,0.7500,8,7,5,0,0,7,5,0.2857
4,196.0000,18,15,479.5479,-85.7987,0.6976,30,0.7317,0.6667,6,4,0,0,0,4,0,1.0000
4,196.0000,18,17,772.9487,-87.8821,-0.0771,19,0.4634,0.7143,7,7,6,0,0,7,6,0.1429
4,196.0000,18,21,267.4138,-80.3029,0.8035,40,0.9756,0.0000,4,4,0,0,0,4,0,1.0000
4,196.0000,18,22,84.8621,-66.8132,1.0633,39,0.9512,0.0000,4,4,0,0,0,4,0,1.0000
4,196.0000,19,0,489.7518,-85.1159,-0.1073,33,0.8250,0.2000,5,5,1,0,0,5,1,0.8000
4,196.0000,19,1,377.8532,-81.9569,-0.6941,40,1.0000,0.4000,5,6,2,0,0,6,2,0.6667
4,196.0000,19,3,1029.6144,-89.4850,0.6855,3,0.0750,1.0000,4,6,6,0,0,6,6,0.0000
4,196.0000,19,7,662.2910,-87.6282,0.0849,24,0.6000,0.6667,6,5,4,0,0,5,4,0.2000
4,196.0000,19,8,581.9226,-86.7126,-0.3057,29,0.7250,0.5000,6,6,4,0,0,6,4,0.3333
4,196.0000,19,9,802.0928,-88.2459,-0.0667,20,0.5000,1.0000,8,7,6,0,0,7,6,0.1429
4,196.0000,19,10,704.4728,-87.3352,-0.2303,21,0.5250,0.8750,8,8,8,0,0,8,8,0.0000
4,196.0000,19,13,764.1901,-88.7218,-0.1015,16,0.4000,0.8000,10,6,5,0,0,6,5,0.1667
4,196.0000,19,15,663.4932,-87.5389,-0.2342,19,0.4750,0.8571,7,7,6,0,0,7,6,0.1429
4,196.0000,19,16,786.2800,-88.0586,0.7791,10,0.2500,1.0000,7,8,5,0,0,8,5,0.3750
4,196.0000,19,20,795.0936,-88.5721,-0.8722,10,0.2500,1.0000,8,7,5,0,0,7,5,0.2857
4,196.0000,19,21,934.3885,-88.7131,-0.2204,7,0.1750,1.0000,8,6,6,0,0,6,6,0.0000
4,196.0000,20,0,862.5565,-88.2252,-0.1793,11,0.2750,1.0000,8,8,8,0,0,8,8,0.0000
4,196.0000,20,1,467.5673,-84.7956,0.1612,34,0.8500,0.6000,10,6,4,0,0,6,4,0.3333
4,196.0000,20,2,659.3773,-88.1294,0.2563,19,0.4750,0.6667,6,8,8,0,0,8,8,0.0000
4,196.0000,20,3,785.8539,-87.9237,0.1433,9,0.2250,1.0000,8,8,6,0,0,8,6,0.2500
4,196.0000,20,4,798.9665,-88.6352,0.3887,12,0.3000,0.9773,44,7,6,0,0,7,6,0.1429
4,196.0000,20,5,963.3799,-88.7131,0.0462,9,0.2250,0.8750,8,8,8,0,0,8,8,0.0000
4,196.0000,20,8,523.0395,-86.1864,0.3404,27,0.6750,0.7500,8,6,2,0,0,6,2,0.6667
4,196.0000,20,10,344.8887,-83.2292,0.7127,35,0.8750,0.0000,4,4,0,0,0,4,0,1.0000
4,196.0000,20,11,680.8137,-87.2409,0.7205,19,0.4750,0.7143,7,7,5,0,0,7,5,0.2857
4,196.0000,20,12,543.7447,-86.6011,0.0505,25,0.6250,0.7857,14,6,4,0,0,6,4,0.3333
4,196.0000,20,13,108.0590,-70.0477,0.7545,38,0.9500,0.0000,3,6,1,0,0,6,1,0.8333
4,196.0000,20,14,909.8562,-88.7209,-0.0298,6,0.1500,1.0000,6,8,7,0,0,8,7,0.1250
4,196.0000,20,15,947.4004,-88.9112,-0.0207,7,0.1750,1.0000,8,8,8,0,0,8,8,0.0000
4,196.0000,20,16,259.8989,-80.8906,0.6938,35,0.8750,0.5385,26,4,0,0,0,4,0,1.0000
4,196.0000,20,19,795.0936,-88.1923,0.2065,17,0.4250,0.8571,7,7,6,0,0,7,6,0.1429
4,196.0000,20,24,1014.8372,-89.4113,-0.0098,4,0.1000,,0,2,2,0,0,2,2,0.0000
4,196.0000,21,0,788.3931,-87.7893,-0.0565,13,0.3250,1.0000,8,8,8,32,32,40,40,0.0000
4,196.0000,21,1,1011.2571,-88.5273,-0.5455,3,0.0750,1.0000,6,6,6,0,0,6,6,0.0000
4,196.0000,21,3,730.6177,-88.4250,0.0563,12,0.3000,0.5714,7,7,4,0,0,7,4,0.4286
4,196.0000,21,5,1011.3433,-89.3509,-0.0732,3,0.0750,1.0000,2,4,4,0,0,4,4,0.0000
4,196.0000,21,6,495.8153,-85.1167,0.0970,32,0.8000,0.2000,5,6,3,0,0,6,3,0.5000
4,196.0000,21,7,630.9451,-86.4386,-0.4745,24,0.6000,0.6667,6,7,4,0,0,7,4,0.4286
4,196.0000,21,8,780.3590,-88.5354,0.2407,13,0.3250,1.0000,8,8,8,0,0,8,8,0.0000
4,196.0000,21,9,676.8056,-86.8629,-0.0911,19,0.4750,0.8750,8,7,5,0,0,7,5,0.2857
4,196.0000,21,15,287.4026,-80.5092,0.3749,31,0.7750,0.5000,6,6,1,0,0,6,1,0.8333
4,196.0000,21,17,890.3188,-88.2117,-0.0874,8,0.2000,0.8750,8,8,7,0,0,8,7,0.1250
4,196.0000,21,18,267.4138,-80.1965,0.7740,36,0.9000,0.0000,4,4,0,0,0,4,0,1.0000
4,196.0000,21,19,934.3885,-88.2354,0.0871,6,0.1500,0.8750,8,8,8,0,0,8,8,0.0000
4,196.0000,21,22,328.9363,-79.6988,-0.5011,36,0.9000,0.2000,5,4,0,0,0,4,0,1.0000
4,196.0000,22,0,925.9484,-88.8696,-0.3227,6,0.1500,1.0000,6,7,6,0,0,7,6,0.1429
4,196.0000,22,3,1035.3098,-89.1673,-0.6489,4,0.1000,1.0000,8,8,8,0,0,8,8,0.0000
4,196.0000,22,6,194.6590,-76.9014,-0.1237,38,0.9500,0.0000,4,4,0,0,0,4,0,1.0000
4,196.0000,22,7,700.3029,-87.6767,-0.4712,23,0.5750,0.4000,5,6,3,0,0,6,3,0.5000
4,196.0000,22,9,652.7429,-87.0773,0.6143,21,0.5250,0.5714,7,5,1,0,0,5,1,0.8000
4,196.0000,22,15,549.4213,-86.1195,-0.3305,31,0.7750,0.6667,6,7,4,0,0,7,4,0.4286
4,196.0000,22,17,741.2962,-87.8839,0.0980,21,0.5250,1.0000,8,7,6,2,2,9,8,0.1111
4,196.0000,22,18,84.8621,-66.3872,1.0591,40,1.0000,0.0000,4,4,0,0,0,4,0,1.0000
4,196.0000,22,21,328.9363,-80.3544,-0.9834,39,0.9750,0.2000,5,5,1,0,0,5,1,0.8000
4,196.0000,23,2,868.4681,-88.5707,-0.3933,7,0.1750,1.0000,8,7,5,0,0,7,5,0.2857
4,196.0000,23,3,833.6183,-88.7933,0.0660,3,0.0750,0.8750,8,6,4,0,0,6,4,0.3333
4,196.0000,23,4,770.4519,-88.2455,-0.2683,15,0.3750,0.8571,7,8,8,0,0,8,8,0.0000
4,196.0000,23,5,703.5819,-88.1653,0.2108,6,0.1500,0.8571,7,6,4,0,0,6,4,0.3333
4,196.0000,23,10,993.8629,-88.7237,0.2094,4,0.1000,1.0000,4,6,6,0,0,6,6,0.0000
4,196.0000,23,11,551.4419,-85.6455,-0.0273,28,0.7000,0.4286,7,6,4,0,0,6,4,0.3333
4,196.0000,23,12,695.5302,-87.6867,-0.4071,13,0.3250,1.0000,8,8,7,0,0,8,7,0.1250
4,196.0000,23,14,300.3730,-80.1625,-0.3658,37,0.9250,0.0000,4,5,1,0,0,5,1,0.8000
4,196.0000,23,16,1057.5374,-88.7859,-0.2487,4,0.1000,1.0000,6,8,8,0,0,8,8,0.0000
4,196.0000,23,24,439.4906,-83.6602,-0.3499,34,0.8500,0.0000,4,6,3,0,0,6,3,0.5000
4,196.0000,23,25,564.9827,-85.6320,-0.6596,33,0.8250,0.6471,17,7,6,0,0,7,6,0.1429
4,196.0000,24,2,565.2450,-86.4917,0.3010,22,0.5500,0.3333,6,4,0,0,0,4,0,1.0000
4,196.0000,24,4,437.7869,-84.4427,0.3260,34,0.8500,0.2000,5,6,2,0,0,6,2,0.6667
4,196.0000,24,11,758.1881,-87.6036,-0.3006,14,0.3500,0.7143,7,8,8,0,0,8,8,0.0000
4,196.0000,24,12,850.4289,-88.0446,-0.6284,11,0.2750,1.0000,8,8,8,0,0,8,8,0.0000
4,196.0000,24,14,369.0805,-83.0667,-0.4613,38,0.9500,0.0000,4,4,0,0,0,4,0,1.0000
4,196.0000,24,16,917.9294,-88.6911,0.2572,7,0.1750,1.0000,8,6,6,0,0,6,6,0.0000
4,196.0000,24,23,439.4906,-83.7093,-0.3520,36,0.9000,0.2000,5,5,2,0,0,5,2,0.6000
4,196.0000,24,25,679.9964,-87.3149,-0.8112,20,0.5000,0.7143,7,5,4,0,0,5,4,0.2000
4,196.0000,25,4,924.7459,-89.2769,-0.7969,8,0.2000,1.0000,8,8,8,0,0,8,8,0.0000
4,196.0000,25,11,958.1605,-89.0692,-0.3399,4,0.1000,1.0000,10,8,8,0,0,8,8,0.0000
4,196.0000,25,14,566.9755,-85.9166,-0.6895,31,0.7750,0.5000,6,6,3,0,0,6,3,0.5000
4,196.0000,25,23,564.9827,-85.6672,-0.9536,27,0.6750,0.5000,6,8,8,0,0,8,8,0.0000
4,196.0000,25,24,679.9964,-87.7154,-0.5905,15,0.3750,0.8750,8,7,6,0,0,7,6,0.1429
4,200.0000,0,1,779.3742,-87.4757,-0.2065,18,0.4390,0.7500,8,8,8,0,0,8,8,0.0000
4,200.0000,0,3,1060.5444,-88.8216,0.1410,3,0.0732,1.0000,2,4,4,0,0,4,4,0.0000
4,200.0000,0,6,893.6329,-89.3219,-0.1887,5,0.1220,0.8889,9,6,5,0,0,6,5,0.1667
4,200.0000,0,7,163.1820,-77.4042,1.8067,40,0.9756,0.0000,4,5,1,0,0,5,1,0.8000
4,200.0000,0,8,754.1478,-87.8258,-0.2132,13,0.3171,0.8750,8,8,7,0,0,8,7,0.1250
4,200.0000,0,9,483.4986,-85.6665,-0.2798,29,0.7073,0.0000,4,5,1,0,0,5,1,0.8000
4,200.0000,0,10,922.0305,-88.0777,0.1517,9,0.2195,1.0000,8,8,8,0,0,8,8,0.0000
4,200.0000,0,13,738.4775,-87.2243,0.0681,10,0.2439,0.8750,8,8,8,0,0,8,8,0.0000
4,200.0000,0,15,421.4448,-85.3110,-0.0677,29,0.7073,0.4286,7,7,5,0,0,7,5,0.2857
4,200.0000,0,16,936.5166,-88.5392,-0.0325,6,0.1463,1.0000,6,8,8,0,0,8,8,0.0000
4,200.0000,0,17,843.7071,-87.4191,-0.3071,8,0.1951,1.0000,6,7,6,0,0,7,6,0.1429
4,200.0000,0,18,775.4476,-88.3128,0.2512,17,0.4146,0.7500,8,7,6,0,0,7,6,0.1429
4,200.0000,0,19,498.6613,-84.8962,-0.5196,27,0.6585,0.4286,7,5,1,0,0,5,1,0.8000
4,200.0000,0,20,945.4810,-89.0352,-0.2900,5,0.1220,1.0000,8,8,8,0,0,8,8,0.0000
4,200.0000,0,21,742.7753,-87.4100,0.0274,13,0.3171,0.8571,7,7,6,0,0,7,6,0.1429
4,200.0000,0,22,840.4718,-88.3951,0.2184,9,0.2195,1.0000,8,8,8,0,0,8,8,0.0000
4,200.0000,1,0,779.3742,-87.1405,-0.3861,22,0.5500,0.6667,6,8,8,0,0,8,8,0.0000
4,200.0000,1,2,906.8012,-89.1810,-0.0122,9,0.2250,1.0000,4,5,4,0,0,5,4,0.2000
4,200.0000,1,3,827.0223,-87.6551,0.2214,10,0.2500,1.0000,8,8,8,0,0,8,8,0.0000
4,200.0000,1,4,996.4135,-89.2571,0.1267,4,0.1000,1.0000,8,7,6,0,0,7,6,0.1429
4,200.0000,1,7,916.9694,-88.2484,0.7780,6,0.1500,0.8750,8,8,8,0,0,8,8,0.0000
4,200.0000,1,8,250.4957,-81.6198,1.2205,35,0.8750,0.6667,6,4,0,0,0,4,0,1.0000
4,200.0000,1,10,337.9841,-82.9850,0.2898,36,0.9000,0.0000,4,4,0,0,0,4,0,1.0000
4,200.0000,1,11,907.2575,-89.0225,0.0525,7,0.1750,1.0000,8,8,8,0,0,8,8,0.0000
4,200.0000,1,12,770.6702,-88.4143,-0.1722,14,0.3500,0.8571,7,8,7,0,0,8,7,0.1250
4,200.0000,1,13,481.7831,-84.8354,0.0025,33,0.8250,0.4000,5,4,0,0,0,4,0,1.0000
4,200.0000,1,15,854.2137,-88.2362,-0.5019,14,0.3500,1.0000,8,8,8,0,0,8,8,0.0000
4,200.0000,1,16,268.9898,-81.4383,0.7945,33,0.8250,0.0000,4,4,0,0,0,4,0,1.0000
4,200.0000,1,19,508.3279,-84.1210,-0.5341,37,0.9250,0.0000,4,6,4,0,0,6,4,0.3333
4,200.0000,1,20,454.7464,-84.6123,0.1014,29,0.7250,0.5714,7,5,2,0,0,5,2,0.6000
4,200.0000,1,21,1056.7768,-88.9969,-1.1056,4,0.1000,1.0000,8,2,2,0,0,2,2,0.0000
4,200.0000,2,4,90.4728,-72.3665,1.3013,39,0.9750,0.0000,4,4,0,0,0,4,0,1.0000
4,200.0000,2,10,657.6346,-87.9082,0.3955,10,0.2500,0.6667,6,8,6,0,0,8,6,0.2500
4,200.0000,2,11,734.1172,-88.2141,0.1466,10,0.2500,0.8750,8,8,7,0,0,8,7,0.1250
4,200.0000,2,12,756.2526,-88.5916,-0.4124,7,0.1750,1.0000,8,8,8,0,0,8,8,0.0000
4,200.0000,2,13,781.7473,-88.1045,-0.2219,9,0.2250,1.0000,8,8,7,0,0,8,7,0.1250
4,200.0000,2,14,434.5576,-86.1287,0.5868,22,0.5500,0.4000,5,5,0,0,0,5,0,1.0000
4,200.0000,2,16,641.6427,-85.9872,0.1423,15,0.3750,0.8571,7,7,5,0,0,7,5,0.2857
4,200.0000,2,20,583.6026,-86.6795,0.1819,13,0.3250,0.7143,7,6,4,0,0,6,4,0.3333
4,200.0000,2,23,769.2563,-88.0629,0.4615,11,0.2750,1.0000,8,6,4,0,0,6,4,0.3333
4,200.0000,2,24,494.5035,-85.9190,0.2172,22,0.5500,0.0000,4,6,2,0,0,6,2,0.6667
4,200.0000,3,1,827.0223,-87.9816,-0.1421,15,0.3750,1.0000,8,7,6,0,0,7,6,0.1429
4,200.0000,3,2,931.0324,-89.5722,0.0790,3,0.0750,,0,6,4,0,0,6,4,0.3333
4,200.0000,3,5,505.9314,-85.9873,-0.0117,33,0.8250,0.4000,5,5,2,0,0,5,2,0.6000
4,200.0000,3,8,595.8168,-85.7910,0.0340,29,0.7250,0.7000,10,7,4,0,0,7,4,0.4286
4,200.0000,3,10,560.7581,-85.6598,-0.2735,28,0.7000,0.2000,5,7,5,0,0,7,5,0.2857
4,200.0000,3,11,439.8825,-85.1205,0.5952,32,0.8000,0.4000,5,5,1,0,0,5,1,0.8000
4,200.0000,3,12,393.1096,-83.6416,0.0087,35,0.8750,0.7143,7,5,1,0,0,5,1,0.8000
4,200.0000,3,13,703.8808,-87.9808,-0.5419,16,0.4000,0.8571,7,6,3,0,0,6,3,0.5000
4,200.0000,3,14,828.3311,-89.1387,0.0581,11,0.2750,0.7143,7,8,8,0,0,8,8,0.0000
4,200.0000,3,15,874.9386,-87.8225,0.0324,17,0.4250,0.8571,7,10,10,0,0,10,10,0.0000
4,200.0000,3,16,740.9885,-88.5734,0.1094,11,0.2750,0.7143,7,6,4,0,0,6,4,0.3333
4,200.0000,3,19,1072.5380,-89.0420,-0.4570,5,0.1250,1.0000,2,6,6,0,0,6,6,0.0000
4,200.0000,3,20,790.7409,-87.7378,0.4494,11,0.2750,0.8750,8,8,8,0,0,8,8,0.0000
4,200.0000,3,21,754.9064,-87.9404,0.0040,18,0.4500,0.7143,7,9,8,0,0,9,8,0.1111
4,200.0000,3,22,1217.9007,-89.0440,0.6602,4,0.1000,1.0000,6,4,4,0,0,4,4,0.0000
4,200.0000,3,23,666.0645,-87.8732,0.0783,16,0.4000,0.6667,6,5,2,0,0,5,2,0.6000
4,200.0000,3,24,1000.9636,-88.3730,-0.5643,5,0.1250,1.0000,8,8,8,0,0,8,8,0.0000
4,200.0000,4,2,90.4728,-72.4053,1.3953,37,0.9250,0.0000,4,4,0,0,0,4,0,1.0000
4,200.0000,4,8,994.2516,-89.0073,0.3584,3,0.0750,1.0000,4,8,8,0,0,8,8,0.0000
4,200.0000,4,10,742.3253,-88.0190,-0.3109,13,0.3250,0.8571,7,8,7,0,0,8,7,0.1250
4,200.0000,4,11,775.1460,-86.4214,0.2447,4,0.1000,1.0000,8,7,6,0,0,7,6,0.1429
4,200.0000,4,12,812.4851,-88.1842,-0.4237,11,0.2750,1.0000,8,8,8,0,0,8,8,0.0000
4,200.0000,4,13,863.0648,-88.3382,-0.5630,9,0.2250,1.0000,8,8,7,0,0,8,7,0.1250
4,200.0000,4,14,401.5671,-84.1585,0.4198,31,0.7750,0.6000,5,5,1,0,0,5,1,0.8000
4,200.0000,4,16,731.6152,-88.4274,-0.3670,17,0.4250,1.0000,8,7,6,0,0,7,6,0.1429
4,200.0000,4,20,670.1023,-87.8420,-0.0526,12,0.3000,0.8750,8,7,6,0,0,7,6,0.1429
4,200.0000,4,23,755.1524,-88.1963,-0.3362,18,0.4500,0.8750,8,7,6,0,0,7,6,0.1429
4,200.0000,4,24,436.0364,-84.7141,-0.3154,37,0.9250,0.0000,4,5,2,0,0,5,2,0.6000
4,200.0000,4,25,1000.1870,-88.8047,0.4908,3,0.0750,1.0000,10,8,8,0,0,8,8,0.0000
4,200.0000,5,3,505.9314,-85.5292,-0.2672,24,0.6154,0.5000,6,7,6,0,0,7,6,0.1429
4,200.0000,5,10,933.4756,-88.5663,-0.1365,4,0.1026,1.0000,8,8,8,0,0,8,8,0.0000
4,200.0000,5,11,394.3673,-83.5508,0.4140,26,0.6667,0.5000,6,5,2,0,0,5,2,0.6000
4,200.0000,5,12,480.6896,-84.6878,-0.1800,24,0.6154,0.5000,6,5,2,0,0,5,2,0.6000
4,200.0000,5,13,900.7401,-88.2434,-0.7048,3,0.0769,1.0000,4,7,6,0,0,7,6,0.1429
4,200.0000,5,14,808.6440,-88.2743,-0.6092,11,0.2821,1.0000,8,8,8,0,0,8,8,0.0000
4,200.0000,5,20,1019.5874,-87.9393,0.1948,3,0.0769,1.0000,4,4,4,0,0,4,4,0.0000
4,200.0000,5,21,970.2836,-89.8092,-0.5341,3,0.0769,1.0000,4,6,6,0,0,6,6,0.0000
4,200.0000,5,23,609.6894,-87.1277,-0.1112,15,0.3846,0.7778,9,4,2,0,0,4,2,0.5000
4,200.0000,6,0,893.6329,-88.8205,-0.3026,5,0.1250,0.8571,7,8,8,0,0,8,8,0.0000
4,200.0000,6,7,795.4772,-88.1038,0.0387,21,0.5250,0.5714,7,9,8,0,0,9,8,0.1111
4,200.0000,6,9,529.9467,-86.6993,0.4011,32,0.8000,0.2000,5,5,1,0,0,5,1,0.8000
4,200.0000,6,15,677.2144,-87.3086,-0.0267,21,0.5250,0.4000,5,7,5,0,0,7,5,0.2857
4,200.0000,6,17,714.6560,-87.3183,-0.6004,20,0.5000,0.9136,81,7,5,80,79,87,84,0.0345
4,200.0000,6,18,371.4287,-81.9112,-1.0862,39,0.9750,0.0000,4,6,4,0,0,6,4,0.3333
4,200.0000,6,21,635.6444,-87.0610,-0.6513,25,0.6250,0.7143,7,8,8,0,0,8,8,0.0000
4,200.0000,6,22,192.5979,-77.0652,0.2797,40,1.0000,0.0000,5,4,0,0,0,4,0,1.0000
4,200.0000,7,0,163.1820,-76.4713,1.2525,39,0.9750,0.0000,4,5,1,0,0,5,1,0.8000
4,200.0000,7,1,916.9694,-88.3306,0.3429,9,0.2250,1.0000,8,8,8,0,0,8,8,0.0000
4,200.0000,7,6,795.4772,-87.7597,-0.4955,18,0.4500,1.0000,8,8,8,0,0,8,8,0.0000
4,200.0000,7,8,888.1209,-88.8810,-0.5322,8,0.2000,1.0000,8,8,8,0,0,8,8,0.0000
4,200.0000,7,9,334.3638,-79.2243,-0.5052,38,0.9500,0.4000,5,4,0,0,0,4,0,1.0000
4,200.0000,7,13,901.0610,-88.3636,-0.5729,6,0.1500,1.0000,8,8,8,0,0,8,8,0.0000
4,200.0000,7,15,428.4648,-84.3155,-0.3775,34,0.8500,0.0000,4,4,0,0,0,4,0,1.0000
4,200.0000,7,16,1089.8379,-89.1273,0.5358,5,0.1250,1.0000,6,6,6,0,0,6,6,0.0000
4,200.0000,7,17,693.4735,-87.4715,-0.0815,24,0.6000,0.5000,6,5,2,0,0,5,2,0.6000
4,200.0000,7,18,740.0777,-87.3899,-0.2977,18,0.4500,0.6667,6,8,8,0,0,8,8,0.0000
4,200.0000,7,19,563.5899,-86.7553,0.1511,28,0.7000,0.6667,6,6,3,0,0,6,3,0.5000
4,200.0000,7,21,755.7214,-87.5837,-0.0533,22,0.5500,0.7143,7,8,8,0,0,8,8,0.0000
4,200.0000,7,22,760.9180,-87.9268,-0.1398,16,0.4000,0.8750,8,7,5,0,0,7,5,0.2857
4,200.0000,8,0,754.1478,-87.8255,-0.1903,13,0.3250,0.8571,7,8,8,0,0,8,8,0.0000
4,200.0000,8,1,250.4957,-81.1321,1.1483,39,0.9750,0.0000,4,4,0,0,0,4,0,1.0000
4,200.0000,8,2,909.5233,-88.8409,-0.9649,8,0.2000,1.0000,4,8,8,0,0,8,8,0.0000
4,200.0000,8,3,595.8168,-86.3839,-0.3496,27,0.6750,0.3333,6,7,4,0,0,7,4,0.4286
4,200.0000,8,4,994.2516,-89.4375,-0.0129,5,0.1250,1.0000,6,8,8,0,0,8,8,0.0000
4,200.0000,8,5,1020.0399,-89.4916,-0.3615,5,0.1250,1.0000,6,4,4,0,0,4,4,0.0000
4,200.0000,8,7,888.1209,-88.2145,-0.7702,8,0.2000,0.8750,8,8,8,0,0,8,8,0.0000
4,200.0000,8,10,253.6922,-78.9271,0.0081,38,0.9500,0.0000,3,5,1,0,0,5,1,0.8000
4,200.0000,8,11,757.6176,-88.1661,-0.1170,16,0.4000,1.0000,8,6,4,0,0,6,4,0.3333
4,200.0000,8,12,618.4271,-87.4394,0.4232,24,0.6000,0.4000,5,7,6,0,0,7,6,0.1429
4,200.0000,8,13,468.2901,-85.3287,0.1750,28,0.7000,0.2000,5,5,2,0,0,5,2,0.6000
4,200.0000,8,15,717.3317,-87.5872,0.0175,22,0.5500,0.3333,6,6,6,0,0,6,6,0.0000
4,200.0000,8,16,337.2828,-83.7231,0.4495,33,0.8250,0.3333,6,4,0,0,0,4,0,1.0000
4,200.0000,8,19,559.2687,-86.2949,-0.1027,30,0.7500,0.5000,6,7,6,0,0,7,6,0.1429
4,200.0000,8,20,510.3801,-86.0759,0.1818,31,0.7750,0.6250,8,4,0,0,0,4,0,1.0000
4,200.0000,8,21,853.6851,-88.2911,-0.6443,12,0.3000,0.8750,8,8,8,0,0,8,8,0.0000
4,200.0000,8,23,1110.4368,-88.8339,0.5455,4,0.1000,,0,4,4,0,0,4,4,0.0000
4,200.0000,9,0,483.4986,-84.5898,0.3265,27,0.6923,0.4000,5,6,3,0,0,6,3,0.5000
4,200.0000,9,1,1219.1025,-88.5201,0.2536,3,0.0769,1.0000,6,2,2,0,0,2,2,0.0000
4,200.0000,9,6,529.9467,-86.6191,0.1367,27,0.6923,0.5000,6,5,2,0,0,5,2,0.6000
4,200.0000,9,7,334.3638,-79.9303,-1.6969,37,0.9487,0.5000,6,6,3,0,0,6,3,0.5000
4,200.0000,9,15,513.6508,-86.1625,0.8729,28,0.7179,0.7143,7,7,5,0,0,7,5,0.2857
4,200.0000,9,17,477.8927,-85.9498,0.2627,29,0.7436,0.5000,6,6,4,0,0,6,4,0.3333
4,200.0000,9,18,622.8011,-86.8788,0.5039,18,0.4615,1.0000,8,7,5,0,0,7,5,0.2857
4,200.0000,9,19,830.8789,-88.3171,0.0302,9,0.2308,1.0000,8,8,8,0,0,8,8,0.0000
4,200.0000,9,21,750.8578,-87.5233,0.4789,17,0.4359,0.6667,6,8,8,0,0,8,8,0.0000
4,200.0000,9,22,550.2852,-86.6055,0.0439,23,0.5897,0.3333,6,6,2,0,0,6,2,0.6667
4,200.0000,10,0,922.0305,-89.1234,-0.5971,8,0.2000,1.0000,8,8,8,0,0,8,8,0.0000
4,200.0000,10,1,337.9841,-83.2049,0.2195,38,0.9500,0.0000,4,5,1,0,0,5,1,0.8000
4,200.0000,10,2,657.6346,-87.7200,0.3808,21,0.5250,0.7778,9,5,1,0,0,5,1,0.8000
4,200.0000,10,3,560.7581,-86.0969,-0.1125,25,0.6250,0.8214,84,5,2,40,37,45,39,0.1333
4,200.0000,10,4,742.3253,-87.7156,1.1191,9,0.2250,0.8750,8,7,5,0,0,7,5,0.2857
4,200.0000,10,5,933.4756,-89.1806,-0.1685,8,0.2000,1.0000,8,8,8,0,0,8,8,0.0000
4,200.0000,10,7,1071.6875,-88.7800,0.1872,3,0.0750,1.0000,8,6,6,0,0,6,6,0.0000
4,200.0000,10,8,253.6922,-78.3812,-0.3572,40,1.0000,0.0638,47,4,0,46,9,50,9,0.8200
4,200.0000,10,11,608.9605,-86.8649,-0.0580,24,0.6000,0.3333,6,6,3,0,0,6,3,0.5000
4,200.0000,10,12,494.6820,-85.9402,-0.2288,30,0.7500,0.4000,5,5,2,0,0,5,2,0.6000
4,200.0000,10,13,382.5179,-83.1930,0.0228,36,0.9000,0.0000,4,5,2,0,0,5,2,0.6000
4,200.0000,10,14,840.6430,-89.3019,0.1208,10,0.2500,1.0000,8,8,8,4,4,12,12,0.0000
4,200.0000,10,15,924.2303,-88.3096,0.1568,9,0.2250,1.0000,8,8,8,0,0,8,8,0.0000
4,200.0000,10,16,183.1229,-79.1266,1.0628,39,0.9750,0.2000,5,4,0,25,8,29,8,0.7241
4,200.0000,10,19,780.6995,-88.0384,-0.4190,17,0.4250,0.5714,7,8,7,0,0,8,7,0.1250
4,200.0000,10,20,332.2041,-82.0238,-0.0765,36,0.9000,0.0000,4,4,0,3,2,7,2,0.7143
4,200.0000,10,24,967.8404,-89.0357,0.5618,3,0.0750,1.0000,8,8,8,0,0,8,8,0.0000
4,200.0000,11,1,907.2575,-88.7994,-0.5549,9,0.2250,1.0000,8,8,8,0,0,8,8,0.0000
4,200.0000,11,2,734.1172,-87.5931,0.3883,18,0.4500,1.0000,8,8,7,0,0,8,7,0.1250
4,200.0000,11,3,439.8825,-85.5714,-0.1578,34,0.8500,0.8000,10,4,0,0,0,4,0,1.0000
4,200.0000,11,4,775.1460,-88.3435,-0.1027,12,0.3000,0.8571,7,8,8,0,0,8,8,0.0000
4,200.0000,11,5,394.3673,-84.0562,-0.3151,36,0.9000,0.5000,6,7,3,0,0,7,3,0.5714
4,200.0000,11,8,757.6176,-88.0693,-0.0102,23,0.5750,0.8571,7,8,7,0,0,8,7,0.1250
4,200.0000,11,10,608.9605,-87.0187,0.1417,21,0.5250,1.0000,10,4,0,0,0,4,0,1.0000
4,200.0000,11,12,156.5944,-75.3654,-0.3476,38,0.9500,0.1429,28,5,1,0,0,5,1,0.8000
4,200.0000,11,13,563.5452,-87.4953,0.5009,25,0.6250,0.8919,37,8,4,40,40,48,44,0.0833
4,200.0000,11,14,575.8970,-85.5943,-0.4076,33,0.8250,0.5000,6,7,6,0,0,7,6,0.1429
4,200.0000,11,15,1086.0352,-87.6438,-0.5257,3,0.0750,1.0000,8,2,2,0,0,2,2,0.0000
4,200.0000,11,16,729.5951,-87.8189,-0.1724,17,0.4250,0.8571,7,8,8,40,40,48,48,0.0000
4,200.0000,11,20,638.9644,-87.7781,0.2194,24,0.6000,1.0000,8,8,8,0,0,8,8,0.0000
4,200.0000,11,23,576.1606,-86.4282,-0.2801,29,0.7250,0.4000,5,6,3,0,0,6,3,0.5000
4,200.0000,11,24,886.1687,-88.4823,-0.3433,15,0.3750,0.8750,8,8,7,0,0,8,7,0.1250
4,200.0000,11,25,1115.0226,-88.0052,-0.5950,3,0.0750,1.0000,8,4,4,0,0,4,4,0.0000
4,200.0000,12,0,974.0745,-88.9189,0.1527,3,0.0750,1.0000,8,6,6,0,0,6,6,0.0000
4,200.0000,12,1,770.6702,-88.6105,1.1395,8,0.2000,1.0000,12,8,7,0,0,8,7,0.1250
4,200.0000,12,2,756.2526,-88.5310,-0.0333,9,0.2250,1.0000,8,6,4,0,0,6,4,0.3333
4,200.0000,12,3,393.1096,-83.9600,0.3932,30,0.7500,0.0000,4,5,1,0,0,5,1,0.8000
4,200.0000,12,4,812.4851,-89.1449,-0.0918,7,0.1750,1.0000,8,6,3,0,0,6,3,0.5000
4,200.0000,12,5,480.6896,-84.5988,0.1150,30,0.7500,0.2000,5,5,2,0,0,5,2,0.6000
4,200.0000,12,8,618.4271,-86.9698,0.1722,20,0.5000,0.8571,7,7,5,0,0,7,5,0.2857
4,200.0000,12,10,494.6820,-85.8697,0.2879,28,0.7000,0.0000,4,5,2,0,0,5,2,0.6000
4,200.0000,12,11,156.5944,-75.7607,0.3554,37,0.9250,0.2000,5,5,1,0,0,5,1,0.8000
4,200.0000,12,13,433.2856,-86.0185,0.8895,28,0.7000,0.0000,4,5,1,0,0,5,1,0.8000
4,200.0000,12,14,682.3409,-87.1388,-0.2446,20,0.5000,0.6667,6,7,6,12,9,19,15,0.2105
4,200.0000,12,15,947.3768,-88.6290,-0.6413,5,0.1250,1.0000,8,4,4,0,0,4,4,0.0000
4,200.0000,12,16,618.4693,-86.5268,0.0462,22,0.5500,0.2000,5,5,1,0,0,5,1,0.8000
4,200.0000,12,20,542.8199,-86.0662,0.4486,27,0.6750,0.2000,5,7,6,0,0,7,6,0.1429
4,200.0000,12,23,696.4780,-87.4536,-0.0515,17,0.4250,0.6667,6,5,2,0,0,5,2,0.6000
4,200.0000,12,24,965.3193,-88.6857,-0.9507,6,0.1500,1.0000,8,6,6,0,0,6,6,0.0000
4,200.0000,13,0,738.4775,-88.3980,0.3508,18,0.4500,0.8750,8,7,5,0,0,7,5,0.2857
4,200.0000,13,1,481.7831,-85.0490,0.6799,32,0.8000,0.3333,6,7,4,0,0,7,4,0.4286
4,200.0000,13,2,781.7473,-88.4277,0.3770,17,0.4250,1.0000,8,8,6,0,0,8,6,0.2500
4,200.0000,13,3,703.8808,-88.4956,0.0045,14,0.3500,0.8750,8,6,3,0,0,6,3,0.5000
4,200.0000,13,4,863.0648,-88.6938,0.2132,10,0.2500,1.0000,8,7,6,0,0,7,6,0.1429
4,200.0000,13,7,901.0610,-88.8965,-0.0522,6,0.1500,1.0000,8,7,6,0,0,7,6,0.1429
4,200.0000,13,8,468.2901,-85.5351,0.5817,31,0.7750,0.4000,5,6,3,0,0,6,3,0.5000
4,200.0000,13,10,382.5179,-83.6040,0.3628,33,0.8250,0.4000,5,5,2,0,0,5,2,0.6000
4,200.0000,13,11,563.5452,-86.9680,0.2959,27,0.6750,0.5714,7,5,2,0,0,5,2,0.6000
4,200.0000,13,12,433.2856,-85.6308,1.2860,29,0.7250,0.2000,5,4,0,0,0,4,0,1.0000
4,200.0000,13,14,925.1571,-88.9099,-0.0863,7,0.1750,1.0000,8,8,8,0,0,8,8,0.0000
4,200.0000,13,15,875.3100,-88.3496,0.6381,11,0.2750,1.0000,10,6,6,0,0,6,6,0.0000
4,200.0000,13,16,377.8577,-83.2467,-0.2020,34,0.8500,0.0000,4,5,1,0,0,5,1,0.8000
4,200.0000,13,19,789.5746,-87.8735,-0.8487,15,0.3750,0.8571,7,8,6,8,8,16,14,0.1250
4,200.0000,13,20,251.5312,-75.6260,-1.8658,39,0.9750,0.0000,4,5,2,0,0,5,2,0.6000
4,200.0000,14,2,434.5576,-85.8873,0.3897,30,0.7500,0.5000,6,5,2,0,0,5,2,0.6000
4,200.0000,14,3,828.3311,-88.4983,0.1785,9,0.2250,1.0000,8,7,6,0,0,7,6,0.1429
4,200.0000,14,4,401.5671,-85.2403,0.6704,32,0.8000,0.0000,4,5,1,0,0,5,1,0.8000
4,200.0000,14,5,808.6440,-88.1496,-0.1462,16,0.4000,0.5714,7,8,8,0,0,8,8,0.0000
4,200.0000,14,8,1074.9999,-88.8804,0.2066,5,0.1250,1.0000,6,2,2,0,0,2,2,0.0000
4,200.0000,14,10,840.6430,-88.5222,0.0933,5,0.1250,1.0000,8,6,6,0,0,6,6,0.0000
4,200.0000,14,11,575.8970,-86.2041,-0.2669,27,0.6750,0.3333,6,7,6,0,0,7,6,0.1429
4,200.0000,14,12,682.3409,-87.1416,0.2466,20,0.5000,0.5000,6,7,6,0,0,7,6,0.1429
4,200.0000,14,13,925.1571,-88.7634,0.3917,9,0.2250,1.0000,8,8,8,0,0,8,8,0.0000
4,200.0000,14,16,906.8092,-88.7366,-0.1644,7,0.1750,1.0000,8,7,6,0,0,7,6,0.1429
4,200.0000,14,20,827.7750,-88.9376,0.3156,5,0.1250,1.0000,8,6,6,0,0,6,6,0.0000
4,200.0000,14,23,405.4303,-82.3259,-1.1833,38,0.9500,0.0000,4,6,3,0,0,6,3,0.5000
4,200.0000,14,24,377.9967,-83.7743,0.2073,36,0.9000,0.2000,5,4,0,0,0,4,0,1.0000
4,200.0000,14,25,685.7185,-87.0564,-0.0270,23,0.5750,0.5714,7,7,5,9,8,16,13,0.1875
4,200.0000,15,0,421.4448,-84.5259,0.5374,30,0.7500,0.2000,5,4,0,0,0,4,0,1.0000
4,200.0000,15,1,854.2137,-88.2557,-0.0765,15,0.3750,0.8750,8,8,8,0,0,8,8,0.0000
4,200.0000,15,3,874.9386,-88.1582,-0.2643,14,0.3500,0.7143,7,6,6,0,0,6,6,0.0000
4,200.0000,15,6,677.2144,-87.2507,-0.0411,21,0.5250,0.6667,6,7,5,0,0,7,5,0.2857
4,200.0000,15,7,428.4648,-83.8573,0.5442,32,0.8000,0.3333,6,6,1,0,0,6,1,0.8333
4,200.0000,15,8,717.3317,-87.3079,-1.1434,23,0.5750,0.7143,7,8,8,0,0,8,8,0.0000
4,200.0000,15,9,513.6508,-85.2833,0.2816,30,0.7500,0.6667,6,6,3,0,0,6,3,0.5000
4,200.0000,15,10,924.2303,-87.8610,0.1612,10,0.2500,1.0000,6,6,6,0,0,6,6,0.0000
4,200.0000,15,12,947.3768,-88.9588,0.0083,7,0.1750,1.0000,8,8,8,0,0,8,8,0.0000
4,200.0000,15,13,875.3100,-88.7283,0.5711,10,0.2500,0.8571,7,8,6,10,10,18,16,0.1111
4,200.0000,15,16,1008.5751,-88.5044,0.0570,3,0.0750,1.0000,4,8,8,0,0,8,8,0.0000
4,200.0000,15,17,778.4157,-88.0777,0.2893,10,0.2500,1.0000,8,5,1,0,0,5,1,0.8000
4,200.0000,15,18,451.5722,-85.0641,-0.0932,30,0.7500,0.6667,6,4,0,0,0,4,0,1.0000
4,200.0000,15,19,590.9305,-86.9979,0.4374,21,0.5250,0.5000,6,7,4,0,0,7,4,0.4286
4,200.0000,15,21,359.0736,-82.1756,-0.6582,35,0.8750,0.0000,4,4,0,0,0,4,0,1.0000
4,200.0000,15,22,546.9063,-86.0292,0.4711,32,0.8000,0.5000,6,6,2,0,0,6,2,0.6667
4,200.0000,16,0,936.5166,-88.8322,0.4801,5,0.1250,1.0000,6,8,7,0,0,8,7,0.1250
4,200.0000,16,1,268.9898,-82.1311,1.2074,37,0.9250,0.0000,4,4,0,0,0,4,0,1.0000
4,200.0000,16,2,641.6427,-87.0955,-0.2824,29,0.7250,0.5000,6,6,4,0,0,6,4,0.3333
4,200.0000,16,3,740.9885,-88.1229,0.0319,12,0.3000,1.0000,8,8,8,34,33,42,41,0.0238
4,200.0000,16,4,731.6152,-87.3765,0.0923,17,0.4250,0.3333,6,8,8,0,0,8,8,0.0000
4,200.0000,16,5,1082.2380,-89.1771,-1.0017,3,0.0750,1.0000,4,10,10,0,0,10,10,0.0000
4,200.0000,16,8,337.2828,-83.2115,0.5569,30,0.7500,0.4000,5,4,0,0,0,4,0,1.0000
4,200.0000,16,10,183.1229,-78.4100,1.4208,39,0.9750,0.0000,4,4,0,0,0,4,0,1.0000
4,200.0000,16,11,729.5951,-87.2847,-0.5757,14,0.3500,0.8571,7,7,6,0,0,7,6,0.1429
4,200.0000,16,12,618.4693,-87.3064,-0.1500,25,0.6250,0.5000,6,6,3,0,0,6,3,0.5000
4,200.0000,16,13,377.8577,-82.7467,-0.7119,36,0.9000,0.3333,6,5,2,0,0,5,2,0.6000
4,200.0000,16,14,906.8092,-88.1376,-0.4042,5,0.1250,0.8750,8,7,6,0,0,7,6,0.1429
4,200.0000,16,15,1008.5751,-88.4565,0.2081,3,0.0750,1.0000,8,4,4,0,0,4,4,0.0000
4,200.0000,16,19,762.9609,-88.4044,0.0974,14,0.3500,0.7143,7,8,8,0,0,8,8,0.0000
4,200.0000,16,20,243.1360,-79.2603,-0.4446,40,1.0000,0.0000,4,4,0,0,0,4,0,1.0000
4,200.0000,17,0,843.7071,-89.0666,-0.1737,6,0.1500,1.0000,8,7,6,0,0,7,6,0.1429
4,200.0000,17,6,714.6560,-87.9823,0.2268,25,0.6250,0.4000,5,8,6,0,0,8,6,0.2500
4,200.0000,17,7,693.4735,-87.5360,0.6822,23,0.5750,0.8000,5,9,8,0,0,9,8,0.1111
4,200.0000,17,9,477.8927,-85.2976,0.1840,33,0.8250,0.2000,5,6,3,0,0,6,3,0.5000
4,200.0000,17,15,778.4157,-88.2389,-0.0905,10,0.2500,1.0000,8,6,4,0,0,6,4,0.3333
4,200.0000,17,18,879.7296,-88.0365,0.0957,15,0.3750,0.8571,7,8,8,0,0,8,8,0.0000
4,200.0000,17,19,963.0386,-87.2783,1.2995,3,0.0750,1.0000,2,8,7,0,0,8,7,0.1250
4,200.0000,17,21,994.9692,-89.2187,-0.4671,8,0.2000,1.0000,8,8,8,0,0,8,8,0.0000
4,200.0000,17,22,716.9395,-87.9609,-0.2742,14,0.3500,0.8750,8,7,5,0,0,7,5,0.2857
4,200.0000,18,0,775.4476,-88.7860,0.4859,5,0.1250,0.6667,6,7,6,0,0,7,6,0.1429
4,200.0000,18,6,371.4287,-80.8044,-1.2506,36,0.9000,0.0000,4,6,2,0,0,6,2,0.6667
4,200.0000,18,7,740.0777,-87.7008,-0.0671,17,0.4250,0.7143,7,6,4,0,0,6,4,0.3333
4,200.0000,18,9,622.8011,-87.0750,0.2436,19,0.4750,0.7143,7,5,1,0,0,5,1,0.8000
4,200.0000,18,15,451.5722,-84.2738,0.1318,27,0.6750,0.0000,4,4,0,0,0,4,0,1.0000
4,200.0000,18,17,879.7296,-88.6208,0.5554,9,0.2250,0.8571,7,7,5,0,0,7,5,0.2857
4,200.0000,18,21,275.1568,-80.2358,0.1391,35,0.8750,0.0000,4,5,1,0,0,5,1,0.8000
4,200.0000,18,22,231.5958,-74.1235,-2.2691,35,0.8750,0.0000,4,4,0,0,0,4,0,1.0000
4,200.0000,19,0,498.6613,-85.2451,-0.2012,27,0.6750,0.2000,5,5,2,0,0,5,2,0.6000
4,200.0000,19,1,508.3279,-83.9116,-0.6677,28,0.7000,0.3333,6,7,4,0,0,7,4,0.4286
4,200.0000,19,7,563.5899,-86.4898,0.4618,23,0.5750,0.8000,5,5,1,0,0,5,1,0.8000
4,200.0000,19,8,559.2687,-86.0305,-0.6184,21,0.5250,0.6667,6,7,4,0,0,7,4,0.4286
4,200.0000,19,9,830.8789,-87.6664,-0.3426,12,0.3000,0.8571,7,8,8,0,0,8,8,0.0000
4,200.0000,19,10,780.6995,-86.6014,-0.7775,10,0.2500,1.0000,8,8,7,0,0,8,7,0.1250
4,200.0000,19,13,789.5746,-87.6954,0.8133,11,0.2750,0.8333,6,9,7,0,0,9,7,0.2222
4,200.0000,19,15,590.9305,-86.1059,0.3661,18,0.4500,0.8571,7,6,3,0,0,6,3,0.5000
4,200.0000,19,16,762.9609,-88.6792,-0.3113,8,0.2000,0.6250,8,7,6,0,0,7,6,0.1429
4,200.0000,19,17,963.0386,-88.1350,2.0748,3,0.0750,1.0000,4,8,8,0,0,8,8,0.0000
4,200.0000,19,20,887.3353,-88.0437,-0.4388,6,0.1500,0.7143,7,8,8,0,0,8,8,0.0000
4,200.0000,19,21,908.4265,-88.4858,-0.5459,8,0.2000,1.0000,6,5,4,0,0,5,4,0.2000
4,200.0000,20,0,945.4810,-88.7083,0.1786,8,0.2000,1.0000,8,8,8,0,0,8,8,0.0000
4,200.0000,20,1,454.7464,-84.7185,0.0839,28,0.7000,0.6667,6,6,3,0,0,6,3,0.5000
4,200.0000,20,2,583.6026,-87.1400,0.0318,22,0.5500,1.0000,8,5,2,0,0,5,2,0.6000
4,200.0000,20,3,790.7409,-88.0842,-1.4375,10,0.2500,0.7500,8,7,6,0,0,7,6,0.1429
4,200.0000,20,4,670.1023,-87.9557,0.5477,14,0.3500,0.8571,7,5,2,0,0,5,2,0.6000
4,200.0000,20,8,510.3801,-85.6915,-0.3417,27,0.6750,0.3333,6,7,4,4,3,11,7,0.3636
4,200.0000,20,10,332.2041,-82.8837,-0.1892,32,0.8000,0.0000,4,4,0,0,0,4,0,1.0000
4,200.0000,20,11,638.9644,-87.4091,-0.3340,17,0.4250,0.7143,7,7,5,0,0,7,5,0.2857
4,200.0000,20,12,542.8199,-85.8597,-0.5248,24,0.6000,0.6667,6,6,3,72,69,78,72,0.0769
4,200.0000,20,13,251.5312,-76.1237,-1.7238,37,0.9250,0.1667,6,5,1,0,0,5,1,0.8000
4,200.0000,20,14,827.7750,-88.2268,-0.2026,8,0.2000,0.8750,8,8,8,0,0,8,8,0.0000
4,200.0000,20,15,1077.0286,-87.9372,0.6597,6,0.1500,1.0000,8,4,4,0,0,4,4,0.0000
4,200.0000,20,16,243.1360,-78.8566,-0.0170,36,0.9000,0.0000,4,6,3,0,0,6,3,0.5000
4,200.0000,20,19,887.3353,-87.7499,-0.5389,15,0.3750,0.8571,7,6,5,0,0,6,5,0.1667
4,200.0000,20,24,1015.7938,-89.3013,0.0439,4,0.1000,1.0000,2,8,8,0,0,8,8,0.0000
4,200.0000,21,0,742.7753,-87.9338,0.4926,12,0.3000,1.0000,40,8,8,48,48,56,56,0.0000
4,200.0000,21,1,1056.7768,-89.3125,-0.2336,3,0.0750,1.0000,6,6,6,0,0,6,6,0.0000
4,200.0000,21,3,754.9064,-87.9896,0.1589,13,0.3250,0.5714,7,6,5,0,0,6,5,0.1667
4,200.0000,21,6,635.6444,-86.2867,-0.0579,27,0.6750,0.5000,6,8,7,0,0,8,7,0.1250
4,200.0000,21,7,755.7214,-87.0599,-0.1637,21,0.5250,0.5714,7,6,5,0,0,6,5,0.1667
4,200.0000,21,8,853.6851,-87.6720,-0.6040,10,0.2500,1.0000,8,8,8,0,0,8,8,0.0000
4,200.0000,21,9,750.8578,-88.0530,-0.3301,13,0.3250,0.7143,7,8,7,0,0,8,7,0.1250
4,200.0000,21,10,1019.7726,-89.5662,-0.1142,3,0.0750,0.8750,8,8,8,0,0,8,8,0.0000
4,200.0000,21,15,359.0736,-82.0703,-1.0339,30,0.7500,0.1667,6,5,1,31,30,36,31,0.1389
4,200.0000,21,17,994.9692,-87.8616,-0.1684,4,0.1000,0.8750,8,6,6,0,0,6,6,0.0000
4,200.0000,21,18,275.1568,-80.1271,-0.1620,37,0.9250,0.0000,4,4,0,0,0,4,0,1.0000
4,200.0000,21,22,469.3154,-83.0503,-0.5379,35,0.8750,0.0000,4,6,2,0,0,6,2,0.6667
4,200.0000,22,0,840.4718,-88.4519,0.0611,9,0.2250,0.8571,7,6,4,0,0,6,4,0.3333
4,200.0000,22,6,192.5979,-77.0800,-0.0034,39,0.9750,0.0000,4,4,0,0,0,4,0,1.0000
4,200.0000,22,7,760.9180,-87.3123,-0.3021,11,0.2750,0.5000,6,8,8,0,0,8,8,0.0000
4,200.0000,22,9,550.2852,-85.9261,0.3700,20,0.5000,0.2000,5,7,4,0,0,7,4,0.4286
4,200.0000,22,15,546.9063,-85.9957,-0.0681,25,0.6250,0.5714,7,7,4,0,0,7,4,0.4286
4,200.0000,22,17,716.9395,-87.8377,-0.4741,23,0.5750,0.8889,9,8,7,0,0,8,7,0.1250
4,200.0000,22,18,231.5958,-74.1104,-2.2030,37,0.9250,0.0000,4,5,0,0,0,5,0,1.0000
4,200.0000,22,21,469.3154,-83.9228,-1.1246,32,0.8000,0.2000,5,6,4,0,0,6,4,0.3333
4,200.0000,23,2,769.2563,-88.9233,0.0005,10,0.2500,0.7143,7,8,7,0,0,8,7,0.1250
4,200.0000,23,3,666.0645,-88.6905,-0.0549,17,0.4250,0.6667,6,7,4,0,0,7,4,0.4286
4,200.0000,23,4,755.1524,-88.0429,-0.0195,15,0.3750,1.0000,8,8,6,0,0,8,6,0.2500
4,200.0000,23,5,609.6894,-87.5149,0.4279,18,0.4500,0.6667,6,7,4,0,0,7,4,0.4286
4,200.0000,23,10,932.7813,-89.1184,0.2166,6,0.1500,1.0000,6,8,8,0,0,8,8,0.0000
4,200.0000,23,11,576.1606,-85.8699,-0.0025,19,0.4750,0.6667,6,5,2,0,0,5,2,0.6000
4,200.0000,23,12,696.4780,-88.1685,-0.0873,19,0.4750,0.8750,8,5,2,0,0,5,2,0.6000
4,200.0000,23,13,1065.6333,-89.0615,-0.0788,4,0.1000,1.0000,2,8,7,0,0,8,7,0.1250
4,200.0000,23,14,405.4303,-82.8043,-0.8682,34,0.8500,0.2000,5,5,2,0,0,5,2,0.6000
4,200.0000,23,24,547.5259,-85.4424,-0.3114,34,0.8500,0.5000,6,6,3,0,0,6,3,0.5000
4,200.0000,23,25,681.6351,-86.5856,-0.7802,27,0.6750,0.8571,7,5,2,0,0,5,2,0.6000
4,200.0000,24,2,494.5035,-86.2307,0.2840,27,0.6750,0.0000,4,6,4,0,0,6,4,0.3333
4,200.0000,24,4,436.0364,-84.1687,0.5224,33,0.8250,0.3333,6,5,2,0,0,5,2,0.6000
4,200.0000,24,5,1096.8712,-88.4547,0.5437,4,0.1000,1.0000,6,6,6,0,0,6,6,0.0000
4,200.0000,24,10,967.8404,-88.5528,-0.6440,3,0.0750,1.0000,4,8,8,0,0,8,8,0.0000
4,200.0000,24,11,886.1687,-88.1881,0.1665,11,0.2750,1.0000,8,8,8,0,0,8,8,0.0000
4,200.0000,24,12,965.3193,-89.0669,-0.0079,8,0.2000,1.0000,8,8,8,0,0,8,8,0.0000
4,200.0000,24,14,377.9967,-83.0324,-0.6357,34,0.8500,0.0000,4,4,0,0,0,4,0,1.0000
4,200.0000,24,16,1022.9870,-89.0569,-0.2694,4,0.1000,1.0000,6,8,8,0,0,8,8,0.0000
4,200.0000,24,23,547.5259,-85.3983,-0.7118,25,0.6250,0.4000,5,7,5,0,0,7,5,0.2857
4,200.0000,24,25,730.1167,-87.6680,0.1989,24,0.6000,0.8000,5,10,10,0,0,10,10,0.0000
4,200.0000,25,4,1000.1870,-88.6159,-0.1559,4,0.1000,1.0000,8,8,8,0,0,8,8,0.0000
4,200.0000,25,14,685.7185,-87.1528,0.5334,19,0.4750,0.5000,6,7,4,0,0,7,4,0.4286
4,200.0000,25,23,681.6351,-87.2699,-0.0403,21,0.5250,1.0000,8,7,5,0,0,7,5,0.2857
4,200.0000,25,24,730.1167,-88.3031,-0.5336,14,0.3500,0.8571,7,7,6,0,0,7,6,0.1429
4,204.0000,0,1,924.5236,-88.3925,0.2431,9,0.2250,1.0000,8,8,8,0,0,8,8,0.0000
4,204.0000,0,6,835.0209,-88.8187,0.0104,10,0.2500,0.8333,6,8,8,0,0,8,8,0.0000
4,204.0000,0,7,189.1656,-75.8608,-0.8218,38,0.9500,0.2000,5,5,1,0,0,5,1,0.8000
4,204.0000,0,8,855.7022,-87.8016,0.0294,9,0.2250,0.8750,8,8,8,0,0,8,8,0.0000
4,204.0000,0,9,496.5896,-85.4178,0.3212,34,0.8500,0.2000,5,5,2,0,0,5,2,0.6000
4,204.0000,0,10,1040.0322,-88.8876,0.4150,4,0.1000,1.0000,8,4,4,0,0,4,4,0.0000
4,204.0000,0,12,926.4196,-88.7770,0.0939,3,0.0750,1.0000,8,8,8,0,0,8,8,0.0000
4,204.0000,0,13,730.1263,-87.6935,-0.0431,13,0.3250,1.0000,8,7,5,0,0,7,5,0.2857
4,204.0000,0,15,340.7062,-83.0452,0.2096,36,0.9000,0.7143,7,4,0,0,0,4,0,1.0000
4,204.0000,0,16,931.5688,-88.0308,-0.8448,3,0.0750,1.0000,8,8,8,0,0,8,8,0.0000
4,204.0000,0,17,733.4418,-88.5818,-0.0545,14,0.3500,0.8571,7,7,6,0,0,7,6,0.1429
4,204.0000,0,18,693.3798,-87.8052,0.1679,13,0.3250,0.8571,7,7,5,0,0,7,5,0.2857
4,204.0000,0,19,505.7453,-84.9573,-0.5040,29,0.7250,0.2000,5,5,4,0,0,5,4,0.2000
4,204.0000,0,21,742.0224,-87.7935,-0.0072,12,0.3000,0.8571,7,8,8,0,0,8,8,0.0000
4,204.0000,0,22,756.7794,-87.8122,-0.0588,10,0.2500,1.0000,8,6,4,0,0,6,4,0.3333
4,204.0000,1,0,924.5236,-88.4991,-0.3286,9,0.2250,1.0000,8,6,6,0,0,6,6,0.0000
4,204.0000,1,2,849.8282,-88.9176,0.2843,7,0.1750,0.8000,5,8,8,0,0,8,8,0.0000
4,204.0000,1,3,807.9436,-88.5691,0.1407,6,0.1500,1.0000,8,8,5,0,0,8,5,0.3750
4,204.0000,1,4,859.1100,-88.5639,0.3170,6,0.1500,0.8571,7,7,6,0,0,7,6,0.1429
4,204.0000,1,7,992.6729,-88.8377,-0.4225,6,0.1500,1.0000,8,8,8,0,0,8,8,0.0000
4,204.0000,1,8,162.6506,-76.7657,1.1228,36,0.9000,0.0000,4,4,0,0,0,4,0,1.0000
4,204.0000,1,10,302.9906,-82.1971,-0.0466,38,0.9500,0.0000,4,4,0,0,0,4,0,1.0000
4,204.0000,1,11,818.6238,-88.4235,-0.0583,8,0.2000,1.0000,8,7,6,0,0,7,6,0.1429
4,204.0000,1,12,725.1352,-87.3328,-0.1427,12,0.3000,0.8750,8,8,8,0,0,8,8,0.0000
4,204.0000,1,13,539.5413,-85.6283,0.1632,32,0.8000,0.0000,4,7,6,0,0,7,6,0.1429
4,204.0000,1,15,970.3822,-88.7060,-0.4511,5,0.1250,1.0000,8,6,6,0,0,6,6,0.0000
4,204.0000,1,16,144.5214,-76.5933,1.8549,37,0.9250,0.0000,4,4,0,0,0,4,0,1.0000
4,204.0000,1,19,654.9260,-87.3642,-0.0216,25,0.6250,0.6667,6,7,5,0,0,7,5,0.2857
4,204.0000,1,20,436.6123,-84.7670,0.1192,34,0.8500,0.4000,5,4,0,0,0,4,0,1.0000
4,204.0000,2,1,849.8282,-88.9087,0.0500,12,0.3000,1.0000,8,7,5,0,0,7,5,0.2857
4,204.0000,2,3,751.4363,-88.4425,-0.0145,11,0.2750,1.0000,8,8,7,0,0,8,7,0.1250
4,204.0000,2,4,69.6875,-66.0368,0.3866,38,0.9500,0.0000,4,5,1,0,0,5,1,0.8000
4,204.0000,2,8,869.7694,-88.0980,0.5680,4,0.1000,1.0000,8,8,8,0,0,8,8,0.0000
4,204.0000,2,10,584.4263,-86.5928,0.0809,26,0.6500,0.7500,8,6,2,0,0,6,2,0.6667
4,204.0000,2,11,673.6043,-87.2101,0.1651,19,0.4750,0.8750,8,5,2,0,0,5,2,0.6000
4,204.0000,2,12,730.2912,-87.5649,-0.0474,12,0.3000,1.0000,8,8,7,0,0,8,7,0.1250
4,204.0000,2,13,825.4537,-87.9088,-0.7637,6,0.1500,0.8750,8,8,8,0,0,8,8,0.0000
4,204.0000,2,14,273.4559,-83.0219,1.3689,37,0.9250,0.0000,5,5,1,1,0,6,1,0.8333
4,204.0000,2,16,735.4267,-87.0406,0.0318,16,0.4000,0.7143,7,8,7,0,0,8,7,0.1250
4,204.0000,2,20,558.6042,-86.2306,0.0320,30,0.7500,0.6667,6,5,2,0,0,5,2,0.6000
4,204.0000,2,23,663.6964,-87.5854,0.4150,19,0.4750,0.6667,6,8,6,0,0,8,6,0.2500
4,204.0000,2,24,467.8998,-84.6099,-0.0761,36,0.9000,0.3333,6,5,1,0,0,5,1,0.8000
4,204.0000,2,25,985.1158,-89.5612,-0.1767,4,0.1000,1.0000,6,8,8,0,0,8,8,0.0000
4,204.0000,3,1,807.9436,-88.5338,-0.3642,11,0.2750,0.8571,7,7,6,0,0,7,6,0.1429
4,204.0000,3,2,751.4363,-88.8560,0.2158,11,0.2750,0.6667,6,5,2,0,0,5,2,0.6000
4,204.0000,3,4,815.2226,-89.2905,-0.0717,10,0.2500,1.0000,8,8,7,0,0,8,7,0.1250
4,204.0000,3,5,460.7865,-85.2969,-0.0015,33,0.8250,0.4000,5,5,2,0,0,5,2,0.6000
4,204.0000,3,8,687.5223,-87.0850,-0.7635,22,0.5500,0.5714,7,6,4,0,0,6,4,0.3333
4,204.0000,3,10,567.6674,-85.6592,0.2954,27,0.6750,0.7143,7,7,4,0,0,7,4,0.4286
4,204.0000,3,11,396.1197,-84.8724,0.2293,33,0.8250,0.2000,5,5,1,0,0,5,1,0.8000
4,204.0000,3,12,387.8510,-82.4922,-0.6561,34,0.8500,0.2000,5,5,2,0,0,5,2,0.6000
4,204.0000,3,13,646.8351,-87.0570,-0.1390,22,0.5500,0.5000,6,7,5,0,0,7,5,0.2857
4,204.0000,3,14,780.8456,-87.8944,0.0088,16,0.4000,1.0000,8,7,6,0,0,7,6,0.1429
4,204.0000,3,16,730.2854,-88.1418,0.2894,18,0.4500,0.6667,6,7,6,0,0,7,6,0.1429
4,204.0000,3,18,1029.9401,-88.9850,0.1039,3,0.0750,,0,6,6,0,0,6,6,0.0000
4,204.0000,3,20,785.5092,-88.0305,-0.2589,16,0.4000,1.0000,8,7,6,0,0,7,6,0.1429
4,204.0000,3,21,805.7969,-87.9388,0.3200,16,0.4000,0.8889,9,6,6,0,0,6,6,0.0000
4,204.0000,3,23,509.7524,-86.2720,0.8611,29,0.7250,0.4000,5,4,0,0,0,4,0,1.0000
4,204.0000,3,24,971.4212,-89.1236,0.1571,5,0.1250,1.0000,8,8,8,0,0,8,8,0.0000
4,204.0000,4,1,859.1100,-88.7786,0.0177,5,0.1250,1.0000,8,8,7,0,0,8,7,0.1250
4,204.0000,4,2,69.6875,-66.1253,0.7533,37,0.9250,0.0000,4,4,0,0,0,4,0,1.0000
4,204.0000,4,3,815.2226,-88.4243,-0.1834,8,0.2000,1.0000,8,7,5,0,0,7,5,0.2857
4,204.0000,4,5,950.4400,-88.9761,0.4319,4,0.1000,1.0000,8,8,8,0,0,8,8,0.0000
4,204.0000,4,8,891.6135,-88.9424,-0.2521,5,0.1250,1.0000,8,8,8,0,0,8,8,0.0000
4,204.0000,4,10,608.6836,-87.4542,0.2641,19,0.4750,0.8750,8,8,6,0,0,8,6,0.2500
4,204.0000,4,11,725.5643,-88.0168,0.2542,8,0.2000,0.8571,7,8,8,0,0,8,8,0.0000
4,204.0000,4,12,778.8100,-88.0237,-0.1282,9,0.2250,1.0000,8,8,8,0,0,8,8,0.0000
4,204.0000,4,13,852.0737,-88.5275,-0.1331,13,0.3250,0.8750,8,8,8,0,0,8,8,0.0000
4,204.0000,4,14,310.7857,-82.4008,0.5084,38,0.9500,0.2000,5,5,1,0,0,5,1,0.8000
4,204.0000,4,16,746.4355,-87.2061,0.1650,19,0.4750,0.8571,7,7,6,0,0,7,6,0.1429
4,204.0000,4,20,555.8511,-87.1752,0.2232,22,0.5500,0.8571,7,7,3,0,0,7,3,0.5714
4,204.0000,4,23,730.5067,-87.9914,-0.2403,14,0.3500,0.8571,7,7,6,0,0,7,6,0.1429
4,204.0000,4,24,483.0546,-83.8375,0.1311,37,0.9250,0.4000,5,7,5,0,0,7,5,0.2857
4,204.0000,4,25,1020.8304,-88.2893,-0.0492,6,0.1500,1.0000,8,8,8,0,0,8,8,0.0000
4,204.0000,5,2,889.0337,-88.9128,0.1881,5,0.1250,1.0000,4,8,8,0,0,8,8,0.0000
4,204.0000,5,3,460.7865,-85.0603,0.0081,26,0.6500,0.8571,7,6,2,0,0,6,2,0.6667
4,204.0000,5,4,950.4400,-88.6923,0.3857,4,0.1000,1.0000,8,8,7,0,0,8,7,0.1250
4,204.0000,5,10,884.5399,-88.8065,-0.7840,5,0.1250,1.0000,8,7,6,0,0,7,6,0.1429
4,204.0000,5,11,346.6646,-83.5441,0.1763,32,0.8000,0.4000,5,5,1,0,0,5,1,0.8000
4,204.0000,5,12,431.2326,-84.5591,0.5858,31,0.7750,0.4000,5,5,1,0,0,5,1,0.8000
4,204.0000,5,13,748.1648,-88.3096,0.2675,10,0.2500,0.8571,7,7,6,0,0,7,6,0.1429
4,204.0000,5,14,799.5367,-88.6034,-0.1299,8,0.2000,1.0000,8,8,8,0,0,8,8,0.0000
4,204.0000,5,16,1019.2400,-89.1092,-0.1540,3,0.0750,1.0000,8,8,8,0,0,8,8,0.0000
4,204.0000,5,20,960.6954,-88.6882,0.4496,3,0.0750,1.0000,4,8,8,0,0,8,8,0.0000
4,204.0000,5,21,923.3034,-88.7858,-0.4703,6,0.1500,1.0000,6,8,8,0,0,8,8,0.0000
4,204.0000,5,23,499.3627,-86.6444,0.4782,22,0.5500,0.5000,4,8,6,0,0,8,6,0.2500
4,204.0000,5,25,1013.6041,-88.2964,1.8078,3,0.0750,1.0000,4,8,8,0,0,8,8,0.0000
4,204.0000,6,0,835.0209,-87.5915,0.6291,7,0.1750,1.0000,8,8,8,34,34,42,42,0.0000
4,204.0000,6,7,874.4395,-88.2067,0.3267,7,0.1750,0.8889,9,8,8,0,0,8,8,0.0000
4,204.0000,6,9,445.4431,-84.7462,0.8988,36,0.9000,0.2000,5,6,2,0,0,6,2,0.6667
4,204.0000,6,15,692.3588,-87.3658,0.6020,21,0.5250,0.7143,7,10,8,0,0,10,8,0.2000
4,204.0000,6,17,746.2097,-87.4140,-0.1154,13,0.3250,0.9655,87,8,7,8,8,16,15,0.0625
4,204.0000,6,18,526.1244,-84.7009,-0.9710,37,0.9250,0.6667,6,6,4,0,0,6,4,0.3333
4,204.0000,6,21,766.6871,-87.2133,-0.0284,14,0.3500,1.0000,8,8,7,0,0,8,7,0.1250
4,204.0000,6,22,195.1679,-77.2575,-0.1053,40,1.0000,0.0000,4,4,0,22,4,26,4,0.8462
4,204.0000,7,0,189.1656,-75.7169,-0.2337,38,0.9500,0.2000,5,4,0,0,0,4,0,1.0000
4,204.0000,7,1,992.6729,-89.4817,0.1928,5,0.1250,1.0000,8,8,8,0,0,8,8,0.0000
4,204.0000,7,6,874.4395,-88.0791,-0.4705,9,0.2250,1.0000,8,8,8,0,0,8,8,0.0000
4,204.0000,7,9,469.6527,-83.4891,-0.6841,35,0.8750,0.0000,4,6,3,0,0,6,3,0.5000
4,204.0000,7,13,871.0450,-88.4014,-0.2171,10,0.2500,1.0000,8,8,8,0,0,8,8,0.0000
4,204.0000,7,15,420.8082,-84.5892,-0.6226,31,0.7750,0.0000,4,5,1,0,0,5,1,0.8000
4,204.0000,7,16,1019.7128,-88.8725,-0.2088,5,0.1250,1.0000,6,6,6,0,0,6,6,0.0000
4,204.0000,7,17,616.0186,-87.1114,0.7886,23,0.5750,0.4000,5,5,2,0,0,5,2,0.6000
4,204.0000,7,18,827.4458,-88.1439,0.4489,13,0.3250,1.0000,8,7,6,0,0,7,6,0.1429
4,204.0000,7,19,486.4004,-85.7922,0.1751,24,0.6000,0.5000,6,4,0,0,0,4,0,1.0000
4,204.0000,7,21,891.3747,-87.4039,-0.0502,7,0.1750,1.0000,8,8,8,0,0,8,8,0.0000
4,204.0000,7,22,807.3445,-87.9889,-0.0286,14,0.3500,0.7143,7,8,8,0,0,8,8,0.0000
4,204.0000,8,0,855.7022,-88.0901,0.1559,13,0.3250,1.0000,8,8,8,0,0,8,8,0.0000
4,204.0000,8,1,162.6506,-76.6283,0.7976,37,0.9250,0.0000,4,4,0,0,0,4,0,1.0000
4,204.0000,8,2,869.7694,-88.5446,0.0166,12,0.3000,1.0000,8,8,8,0,0,8,8,0.0000
4,204.0000,8,3,687.5223,-87.4075,-0.5471,22,0.5500,0.5714,7,8,8,0,0,8,8,0.0000
4,204.0000,8,4,891.6135,-88.8599,0.0716,10,0.2500,1.0000,8,8,8,0,0,8,8,0.0000
4,204.0000,8,7,942.3523,-87.6727,-0.2518,5,0.1250,1.0000,8,8,8,0,0,8,8,0.0000
4,204.0000,8,10,286.0675,-80.1415,0.1934,37,0.9250,0.2000,5,5,0,0,0,5,0,1.0000
4,204.0000,8,11,745.1327,-88.0936,1.1272,7,0.1750,0.6667,6,7,5,0,0,7,5,0.2857
4,204.0000,8,12,642.1601,-87.0555,0.2461,24,0.6000,0.8571,7,7,5,0,0,7,5,0.2857
4,204.0000,8,13,499.9256,-85.7214,-0.1032,25,0.6250,0.4000,5,6,3,0,0,6,3,0.5000
4,204.0000,8,15,859.0562,-87.9993,-0.4713,11,0.2750,1.0000,6,8,8,0,0,8,8,0.0000
4,204.0000,8,16,210.8999,-79.4296,0.6102,33,0.8250,0.0000,4,7,2,0,0,7,2,0.7143
4,204.0000,8,19,601.8333,-86.8019,-0.2560,22,0.5500,0.8571,7,8,4,7,5,15,9,0.4000
4,204.0000,8,20,505.9797,-86.1151,0.4003,28,0.7000,0.0000,4,7,5,0,0,7,5,0.2857
4,204.0000,8,21,969.5643,-88.8047,0.0044,7,0.1750,1.0000,8,8,8,0,0,8,8,0.0000
4,204.0000,9,0,496.5896,-85.2964,-0.1561,28,0.6829,0.5000,6,6,2,0,0,6,2,0.6667
4,204.0000,9,6,445.4431,-86.1662,0.1015,30,0.7317,0.4000,5,5,1,0,0,5,1,0.8000
4,204.0000,9,7,469.6527,-83.6371,-1.1072,36,0.8780,0.5000,6,7,4,0,0,7,4,0.4286
4,204.0000,9,15,486.4159,-85.4677,0.1269,29,0.7073,0.7143,7,4,0,0,0,4,0,1.0000
4,204.0000,9,17,468.3666,-85.0090,0.3193,38,0.9268,0.6667,6,6,3,0,0,6,3,0.5000
4,204.0000,9,18,657.6381,-87.4277,0.3314,19,0.4634,0.7143,7,6,4,0,0,6,4,0.3333
4,204.0000,9,19,839.3043,-88.4298,-0.1834,10,0.2439,1.0000,8,7,5,0,0,7,5,0.2857
4,204.0000,9,21,838.2829,-88.2028,-0.6883,10,0.2439,1.0000,8,8,7,0,0,8,7,0.1250
4,204.0000,9,22,444.6786,-85.3987,0.6389,36,0.8780,0.3333,6,4,0,0,0,4,0,1.0000
4,204.0000,10,0,1040.0322,-88.0387,-0.8464,3,0.0750,1.0000,8,6,6,0,0,6,6,0.0000
4,204.0000,10,1,302.9906,-81.3910,-0.4009,38,0.9500,0.2000,5,5,1,0,0,5,1,0.8000
4,204.0000,10,2,584.4263,-86.6096,-0.3845,21,0.5250,0.2000,5,4,2,0,0,4,2,0.5000
4,204.0000,10,3,567.6674,-86.1281,-0.3904,22,0.5500,0.8667,45,7,5,79,76,86,81,0.0581
4,204.0000,10,4,608.6836,-86.8424,0.2909,21,0.5250,0.7143,7,7,4,0,0,7,4,0.4286
4,204.0000,10,5,884.5399,-88.1753,-0.4379,5,0.1250,1.0000,8,8,8,0,0,8,8,0.0000
4,204.0000,10,8,286.0675,-80.1967,-0.3463,38,0.9500,0.1800,50,5,1,51,15,56,16,0.7143
4,204.0000,10,11,580.2985,-86.3881,-0.0042,19,0.4750,0.5000,6,6,3,0,0,6,3,0.5000
4,204.0000,10,12,517.6107,-86.2827,-0.5728,27,0.6750,0.4000,5,5,2,0,0,5,2,0.6000
4,204.0000,10,13,460.0265,-84.8997,-0.7145,31,0.7750,0.4000,5,5,2,0,0,5,2,0.6000
4,204.0000,10,14,794.7930,-88.5955,0.0748,14,0.3500,1.0000,12,7,5,22,20,29,25,0.1379
4,204.0000,10,15,1070.3140,-88.0464,4.0233,3,0.0750,1.0000,8,6,6,0,0,6,6,0.0000
4,204.0000,10,16,203.8833,-76.0621,-0.0919,39,0.9750,0.2759,29,4,0,0,0,4,0,1.0000
4,204.0000,10,19,873.7223,-88.3335,-0.2420,12,0.3000,0.8750,8,7,6,0,0,7,6,0.1429
4,204.0000,10,20,326.1441,-81.9938,-0.3775,36,0.9000,0.2857,7,4,0,0,0,4,0,1.0000
4,204.0000,10,21,1084.0799,-88.5314,-0.5123,4,0.1000,1.0000,8,4,4,0,0,4,4,0.0000
4,204.0000,10,23,883.9021,-88.5430,0.3907,7,0.1750,1.0000,8,8,8,0,0,8,8,0.0000
4,204.0000,10,24,971.7833,-88.8643,-0.0834,6,0.1500,1.0000,8,8,8,0,0,8,8,0.0000
4,204.0000,11,0,1050.2679,-88.6378,0.3055,3,0.0750,,0,4,4,0,0,4,4,0.0000
4,204.0000,11,1,818.6238,-88.4765,0.8946,12,0.3000,1.0000,8,5,4,0,0,5,4,0.2000
4,204.0000,11,2,673.6043,-87.3801,0.1877,19,0.4750,0.8750,8,7,4,0,0,7,4,0.4286
4,204.0000,11,3,396.1197,-84.2236,0.0190,37,0.9250,0.0000,4,4,0,0,0,4,0,1.0000
4,204.0000,11,4,725.5643,-87.6832,0.0944,15,0.3750,1.0000,8,7,5,0,0,7,5,0.2857
4,204.0000,11,5,346.6646,-83.6344,0.0355,39,0.9750,0.4286,7,6,2,0,0,6,2,0.6667
4,204.0000,11,8,745.1327,-88.0868,0.0528,17,0.4250,0.8750,8,7,6,0,0,7,6,0.1429
4,204.0000,11,10,580.2985,-86.7706,0.2245,23,0.5750,0.0000,4,6,4,0,0,6,4,0.3333
4,204.0000,11,12,132.4594,-74.1774,0.3032,39,0.9750,0.2000,5,4,0,0,0,4,0,1.0000
4,204.0000,11,13,431.6096,-85.4595,0.4069,30,0.7500,0.9167,48,6,2,77,69,83,71,0.1446
4,204.0000,11,14,682.7061,-87.5058,-0.1387,18,0.4500,0.8571,7,7,5,0,0,7,5,0.2857
4,204.0000,11,16,695.1877,-87.8490,0.5048,21,0.5250,1.0000,48,7,5,0,0,7,5,0.2857
4,204.0000,11,19,1147.1628,-89.1776,0.0503,3,0.0750,1.0000,4,8,8,0,0,8,8,0.0000
4,204.0000,11,20,618.5272,-87.1401,0.0615,26,0.6500,1.0000,8,4,0,0,0,4,0,1.0000
4,204.0000,11,21,929.9323,-89.3920,0.1789,5,0.1250,1.0000,8,8,8,0,0,8,8,0.0000
4,204.0000,11,23,595.3432,-86.5418,0.5132,28,0.7000,0.5000,6,5,2,0,0,5,2,0.6000
4,204.0000,11,24,1007.7629,-88.5102,-0.2411,9,0.2250,0.8750,8,8,8,0,0,8,8,0.0000
4,204.0000,12,0,926.4196,-88.2873,0.2661,5,0.1250,1.0000,6,8,7,0,0,8,7,0.1250
4,204.0000,12,1,725.1352,-87.9170,0.2179,18,0.4500,0.8750,8,8,8,0,0,8,8,0.0000
4,204.0000,12,2,730.2912,-88.2335,0.0732,17,0.4250,0.6667,6,7,6,0,0,7,6,0.1429
4,204.0000,12,3,387.8510,-82.9693,-0.2539,36,0.9000,0.2000,5,5,2,0,0,5,2,0.6000
4,204.0000,12,4,778.8100,-87.9570,0.2504,11,0.2750,0.5000,6,7,5,0,0,7,5,0.2857
4,204.0000,12,5,431.2326,-84.7388,0.0657,34,0.8500,0.4000,5,5,2,0,0,5,2,0.6000
4,204.0000,12,8,642.1601,-87.3901,0.0056,24,0.6000,0.7143,7,7,6,0,0,7,6,0.1429
4,204.0000,12,10,517.6107,-85.6387,-0.0424,29,0.7250,0.4000,5,7,6,0,0,7,6,0.1429
4,204.0000,12,11,132.4594,-74.8452,0.3592,36,0.9000,0.2000,5,4,0,0,0,4,0,1.0000
4,204.0000,12,13,327.1709,-83.6230,0.3786,32,0.8000,0.2000,5,4,0,0,0,4,0,1.0000
4,204.0000,12,14,779.5356,-87.6560,-0.2166,19,0.4750,0.7895,19,7,6,0,0,7,6,0.1429
4,204.0000,12,15,974.7828,-88.3155,-0.1126,4,0.1000,1.0000,4,8,8,0,0,8,8,0.0000
4,204.0000,12,16,610.1738,-86.5965,-0.2232,24,0.6000,0.2000,5,6,4,0,0,6,4,0.3333
4,204.0000,12,18,996.0664,-89.6484,0.0791,5,0.1250,1.0000,2,6,6,0,0,6,6,0.0000
4,204.0000,12,20,578.5396,-86.4382,-0.2937,30,0.7500,0.8571,7,6,3,0,0,6,3,0.5000
4,204.0000,12,21,839.1173,-88.4732,0.4474,7,0.1750,1.0000,8,8,8,0,0,8,8,0.0000
4,204.0000,12,23,693.9916,-87.2764,-0.1183,23,0.5750,0.4000,5,8,8,0,0,8,8,0.0000
4,204.0000,12,24,1087.8432,-89.0744,0.1815,4,0.1000,1.0000,6,8,8,0,0,8,8,0.0000
4,204.0000,13,0,730.1263,-88.1021,0.5040,12,0.3000,0.7143,7,6,4,0,0,6,4,0.3333
4,204.0000,13,1,539.5413,-85.8636,0.1317,23,0.5750,0.5714,7,5,1,0,0,5,1,0.8000
4,204.0000,13,2,825.4537,-88.0723,-0.5077,10,0.2500,0.7500,8,7,5,0,0,7,5,0.2857
4,204.0000,13,3,646.8351,-87.5340,0.9822,14,0.3500,0.5000,6,6,4,0,0,6,4,0.3333
4,204.0000,13,4,852.0737,-89.0148,-0.3218,9,0.2250,0.8571,7,7,6,0,0,7,6,0.1429
4,204.0000,13,5,748.1648,-88.6991,0.3229,6,0.1500,0.8750,8,7,5,0,0,7,5,0.2857
4,204.0000,13,7,871.0450,-88.2982,-0.1077,10,0.2500,0.8571,7,8,8,0,0,8,8,0.0000
4,204.0000,13,8,499.9256,-85.3495,0.5665,26,0.6500,0.5000,6,7,5,16,14,23,19,0.1739
4,204.0000,13,10,460.0265,-84.0591,-0.5846,30,0.7500,0.4000,5,7,6,0,0,7,6,0.1429
4,204.0000,13,11,431.6096,-85.0560,0.3838,27,0.6750,0.4000,5,4,0,0,0,4,0,1.0000
4,204.0000,13,12,327.1709,-83.4070,0.2879,30,0.7500,0.0000,4,5,1,0,0,5,1,0.8000
4,204.0000,13,14,953.0772,-88.9934,-0.3471,5,0.1250,1.0000,8,8,8,0,0,8,8,0.0000
4,204.0000,13,15,861.6326,-88.2196,0.8137,3,0.0750,1.0000,6,10,9,0,0,10,9,0.1000
4,204.0000,13,16,431.7851,-84.3735,-0.0318,32,0.8000,0.2000,5,7,5,0,0,7,5,0.2857
4,204.0000,13,19,801.8038,-87.5282,-0.6613,8,0.2000,0.8750,16,8,6,12,12,20,18,0.1000
4,204.0000,13,20,423.7572,-82.0485,-1.3132,30,0.7500,0.4000,5,6,5,0,0,6,5,0.1667
4,204.0000,13,21,912.1042,-88.8186,-1.0885,6,0.1500,1.0000,8,8,8,0,0,8,8,0.0000
4,204.0000,13,23,990.6778,-88.3013,-0.2660,4,0.1000,1.0000,4,8,8,0,0,8,8,0.0000
4,204.0000,14,2,273.4559,-82.0294,0.5577,37,0.9250,0.4000,5,5,2,0,0,5,2,0.6000
4,204.0000,14,3,780.8456,-87.7226,-0.3280,10,0.2500,0.8571,7,8,7,0,0,8,7,0.1250
4,204.0000,14,4,310.7857,-82.2257,0.8887,37,0.9250,0.2000,5,5,2,0,0,5,2,0.6000
4,204.0000,14,5,799.5367,-88.7159,-0.0721,15,0.3750,1.0000,8,8,8,0,0,8,8,0.0000
4,204.0000,14,10,794.7930,-87.4530,0.2054,11,0.2750,1.0000,6,8,7,0,0,8,7,0.1250
4,204.0000,14,11,682.7061,-87.7232,-0.2511,24,0.6000,0.8571,7,8,8,0,0,8,8,0.0000
4,204.0000,14,12,779.5356,-88.0335,0.0460,17,0.4250,0.8571,7,10,10,0,0,10,10,0.0000
4,204.0000,14,13,953.0772,-89.1544,-0.1079,7,0.1750,1.0000,8,4,4,0,0,4,4,0.0000
4,204.0000,14,16,959.0430,-88.5939,-0.6134,5,0.1250,0.8571,7,8,8,0,0,8,8,0.0000
4,204.0000,14,20,772.8803,-87.7633,0.1068,18,0.4500,1.0000,6,7,6,0,0,7,6,0.1429
4,204.0000,14,23,515.5459,-84.3165,-0.2284,37,0.9250,0.5000,6,6,4,8,4,14,8,0.4286
4,204.0000,14,24,394.7253,-83.2998,-0.0817,39,0.9750,0.0000,4,5,1,0,0,5,1,0.8000
4,204.0000,14,25,717.3261,-87.8054,0.2632,21,0.5250,0.8125,16,7,6,2,2,9,8,0.1111
4,204.0000,15,0,340.7062,-83.5836,0.4987,34,0.8500,0.0000,4,6,3,0,0,6,3,0.5000
4,204.0000,15,1,970.3822,-88.1821,0.6029,8,0.2000,1.0000,8,8,8,0,0,8,8,0.0000
4,204.0000,15,3,1063.9376,-89.3481,0.1405,6,0.1500,1.0000,6,2,2,0,0,2,2,0.0000
4,204.0000,15,6,692.3588,-87.5366,0.2706,24,0.6000,0.7143,7,6,4,0,0,6,4,0.3333
4,204.0000,15,7,420.8082,-84.0356,0.1686,34,0.8500,0.1667,6,6,3,0,0,6,3,0.5000
4,204.0000,15,8,859.0562,-88.6042,-0.0160,9,0.2250,1.0000,8,8,8,0,0,8,8,0.0000
4,204.0000,15,9,486.4159,-85.7120,0.1903,30,0.7500,0.5000,6,6,3,0,0,6,3,0.5000
4,204.0000,15,10,1070.3140,-88.9516,1.0619,3,0.0750,1.0000,6,2,2,0,0,2,2,0.0000
4,204.0000,15,13,861.6326,-88.1692,-0.1760,6,0.1500,0.8889,18,7,5,8,8,15,13,0.1333
4,204.0000,15,16,999.3304,-89.1050,-0.5562,3,0.0750,1.0000,8,8,8,0,0,8,8,0.0000
4,204.0000,15,17,638.3169,-87.6837,0.1948,16,0.4000,0.2000,5,7,6,0,0,7,6,0.1429
4,204.0000,15,18,491.5277,-84.9655,0.0091,33,0.8250,0.0000,4,7,5,0,0,7,5,0.2857
4,204.0000,15,19,486.4233,-86.1390,0.4912,25,0.6250,0.5714,7,5,1,0,0,5,1,0.8000
4,204.0000,15,21,513.5617,-84.3063,-0.8865,34,0.8500,0.0000,4,7,6,0,0,7,6,0.1429
4,204.0000,15,22,548.3690,-85.8827,-0.3777,33,0.8250,0.3333,6,5,1,0,0,5,1,0.8000
4,204.0000,16,0,931.5688,-89.4281,-0.1502,6,0.1500,0.8750,8,8,8,0,0,8,8,0.0000
4,204.0000,16,1,144.5214,-76.7774,1.7343,38,0.9500,0.0000,4,5,1,0,0,5,1,0.8000
4,204.0000,16,2,735.4267,-87.7986,-0.1527,18,0.4500,0.6667,6,8,8,0,0,8,8,0.0000
4,204.0000,16,3,730.2854,-87.3916,-0.0697,16,0.4000,0.9762,42,7,5,0,0,7,5,0.2857
4,204.0000,16,4,746.4355,-87.3934,-0.0154,20,0.5000,1.0000,8,7,6,0,0,7,6,0.1429
4,204.0000,16,5,1019.2400,-89.0182,0.5588,5,0.1250,1.0000,10,2,2,0,0,2,2,0.0000
4,204.0000,16,8,210.8999,-80.1172,1.1416,39,0.9750,0.0000,4,4,0,0,0,4,0,1.0000
4,204.0000,16,10,203.8833,-77.0225,-0.6347,37,0.9250,0.0000,4,4,0,0,0,4,0,1.0000
4,204.0000,16,11,695.1877,-87.4504,-0.3166,17,0.4250,0.8571,7,7,6,0,0,7,6,0.1429
4,204.0000,16,12,610.1738,-86.6668,0.0724,27,0.6750,0.5000,6,5,2,0,0,5,2,0.6000
4,204.0000,16,13,431.7851,-83.3249,0.2658,33,0.8250,0.4000,5,6,4,0,0,6,4,0.3333
4,204.0000,16,14,959.0430,-88.6622,-0.7520,6,0.1500,0.8571,7,8,8,0,0,8,8,0.0000
4,204.0000,16,15,999.3304,-88.8076,0.1714,3,0.0750,1.0000,4,8,8,0,0,8,8,0.0000
4,204.0000,16,19,738.0737,-88.1061,0.1493,19,0.4750,1.0000,8,8,6,0,0,8,6,0.2500
4,204.0000,16,20,304.1249,-79.8303,-0.6343,36,0.9000,0.0000,4,7,4,0,0,7,4,0.4286
4,204.0000,17,0,733.4418,-87.6879,0.9932,14,0.3500,0.8571,7,8,7,0,0,8,7,0.1250
4,204.0000,17,6,746.2097,-87.2675,-0.1995,17,0.4250,0.7500,8,7,6,0,0,7,6,0.1429
4,204.0000,17,7,616.0186,-87.5376,-0.1778,20,0.5000,0.8889,9,6,6,0,0,6,6,0.0000
4,204.0000,17,9,468.3666,-84.6204,-0.2273,34,0.8500,0.5000,6,6,3,0,0,6,3,0.5000
4,204.0000,17,15,638.3169,-87.7703,0.7000,18,0.4500,0.6667,6,7,3,0,0,7,3,0.5714
4,204.0000,17,18,960.5026,-88.2815,0.0941,5,0.1250,1.0000,8,4,4,0,0,4,4,0.0000
4,204.0000,17,19,787.8451,-88.6992,-0.7777,4,0.1000,0.8750,8,8,6,0,0,8,6,0.2500
4,204.0000,17,22,688.9359,-87.5111,0.3259,14,0.3500,0.7143,7,8,5,0,0,8,5,0.3750
4,204.0000,18,0,693.3798,-87.4037,0.0294,5,0.1282,0.8571,7,8,7,0,0,8,7,0.1250
4,204.0000,18,6,526.1244,-84.5261,-0.9396,29,0.7436,0.3333,6,6,3,0,0,6,3,0.5000
4,204.0000,18,7,827.4458,-88.4103,0.1468,10,0.2564,0.6667,6,8,7,0,0,8,7,0.1250
4,204.0000,18,9,657.6381,-86.9829,-0.1580,11,0.2821,0.2000,5,7,6,0,0,7,6,0.1429
4,204.0000,18,15,491.5277,-84.6533,0.0971,22,0.5641,0.0000,4,7,3,0,0,7,3,0.5714
4,204.0000,18,17,960.5026,-88.8069,0.0470,5,0.1282,0.7143,7,8,8,0,0,8,8,0.0000
4,204.0000,18,19,954.9290,-87.8860,0.0009,3,0.0769,1.0000,6,8,8,0,0,8,8,0.0000
4,204.0000,18,21,255.8135,-80.1058,-0.3598,33,0.8462,0.2000,5,4,0,0,0,4,0,1.0000
4,204.0000,18,22,404.1278,-81.2690,-1.6939,33,0.8462,0.0000,4,5,1,0,0,5,1,0.8000
4,204.0000,19,0,505.7453,-86.4615,0.0394,19,0.4750,0.4000,5,7,5,0,0,7,5,0.2857
4,204.0000,19,1,654.9260,-85.7647,0.0862,19,0.4750,0.5714,7,7,5,0,0,7,5,0.2857
4,204.0000,19,3,1113.3432,-88.9208,0.3253,3,0.0750,1.0000,6,4,4,0,0,4,4,0.0000
4,204.0000,19,7,486.4004,-86.2476,-0.4287,24,0.6000,0.2000,5,5,2,0,0,5,2,0.6000
4,204.0000,19,8,601.8333,-87.1850,-0.3293,17,0.4250,0.5714,7,7,6,0,0,7,6,0.1429
4,204.0000,19,9,839.3043,-87.7575,-0.5984,12,0.3000,1.0000,8,8,8,0,0,8,8,0.0000
4,204.0000,19,10,873.7223,-87.8304,-0.8088,5,0.1250,0.8750,8,8,8,0,0,8,8,0.0000
4,204.0000,19,13,801.8038,-87.6620,0.6086,7,0.1750,0.7778,9,8,8,0,0,8,8,0.0000
4,204.0000,19,15,486.4233,-86.3986,0.2420,26,0.6500,0.5000,6,6,3,0,0,6,3,0.5000
4,204.0000,19,16,738.0737,-87.8968,-0.3276,11,0.2750,0.8571,7,7,5,0,0,7,5,0.2857
4,204.0000,19,17,787.8451,-88.7002,-0.0457,13,0.3250,1.0000,8,7,4,0,0,7,4,0.4286
4,204.0000,19,21,892.0178,-88.5092,0.0976,6,0.1500,0.8000,5,8,8,0,0,8,8,0.0000
4,204.0000,20,1,436.6123,-84.6971,-0.3458,26,0.6500,0.5000,6,6,2,0,0,6,2,0.6667
4,204.0000,20,2,558.6042,-86.6121,0.2459,23,0.5750,0.4000,5,7,5,4,3,11,8,0.2727
4,204.0000,20,3,785.5092,-88.4530,0.2019,12,0.3000,0.8571,7,6,6,0,0,6,6,0.0000
4,204.0000,20,4,555.8511,-88.1151,0.0805,19,0.4750,0.4000,5,5,1,2,2,7,3,0.5714
4,204.0000,20,5,960.6954,-89.3002,0.0294,5,0.1250,1.0000,6,8,8,0,0,8,8,0.0000
4,204.0000,20,8,505.9797,-85.7316,-0.2651,22,0.5500,0.6364,11,7,3,0,0,7,3,0.5714
4,204.0000,20,10,326.1441,-81.2596,0.0164,30,0.7500,0.0000,4,5,1,67,52,72,53,0.2639
4,204.0000,20,11,618.5272,-87.1335,-0.0120,16,0.4000,0.7143,7,6,3,2,2,8,5,0.3750
4,204.0000,20,12,578.5396,-86.3833,0.3522,25,0.6250,0.9231,78,6,3,2,2,8,5,0.3750
4,204.0000,20,13,423.7572,-82.0765,-0.9615,33,0.8250,0.2000,5,4,0,0,0,4,0,1.0000
4,204.0000,20,14,772.8803,-88.9775,-0.7607,7,0.1750,1.0000,8,8,8,0,0,8,8,0.0000
4,204.0000,20,16,304.1249,-79.8149,-0.2619,30,0.7500,0.5000,6,4,0,0,0,4,0,1.0000
4,204.0000,20,23,1004.2530,-88.7822,-0.6630,3,0.0750,1.0000,6,8,8,0,0,8,8,0.0000
4,204.0000,20,24,1018.8279,-88.4935,0.2516,6,0.1500,1.0000,8,2,2,0,0,2,2,0.0000
4,204.0000,21,0,742.0224,-88.0394,0.3384,19,0.4750,1.0000,56,8,8,0,0,8,8,0.0000
4,204.0000,21,3,805.7969,-88.2856,-0.6440,12,0.3000,0.8333,6,8,8,0,0,8,8,0.0000
4,204.0000,21,5,923.3034,-89.4890,-0.1139,4,0.1000,1.0000,8,4,4,0,0,4,4,0.0000
4,204.0000,21,6,766.6871,-87.4997,-0.0797,18,0.4500,0.8750,8,8,8,0,0,8,8,0.0000
4,204.0000,21,7,891.3747,-88.1726,-0.8188,14,0.3500,0.8333,6,6,6,0,0,6,6,0.0000
4,204.0000,21,8,969.5643,-88.8395,-0.5175,10,0.2500,1.0000,8,4,4,0,0,4,4,0.0000
4,204.0000,21,9,838.2829,-87.9014,-0.8661,10,0.2500,0.8750,8,8,8,0,0,8,8,0.0000
4,204.0000,21,10,1084.0799,-88.6768,0.8935,3,0.0750,1.0000,8,6,6,0,0,6,6,0.0000
4,204.0000,21,11,929.9323,-88.5535,0.3644,6,0.1500,1.0000,8,8,8,0,0,8,8,0.0000
4,204.0000,21,12,839.1173,-89.4278,-0.0461,7,0.1750,1.0000,8,8,8,0,0,8,8,0.0000
4,204.0000,21,13,912.1042,-89.2021,-0.2527,6,0.1500,1.0000,4,8,8,0,0,8,8,0.0000
4,204.0000,21,15,513.5617,-83.8358,-1.3489,29,0.7250,0.8611,36,7,5,49,46,56,51,0.0893
4,204.0000,21,18,255.8135,-79.5187,0.8841,36,0.9000,0.0000,4,5,1,0,0,5,1,0.8000
4,204.0000,21,19,892.0178,-89.4004,-0.0334,7,0.1750,1.0000,8,7,6,30,30,37,36,0.0270
4,204.0000,21,22,616.0286,-86.1501,-0.4629,24,0.6000,0.3333,6,8,8,0,0,8,8,0.0000
4,204.0000,22,0,756.7794,-88.1980,-0.3230,11,0.2750,0.6667,6,7,5,0,0,7,5,0.2857
4,204.0000,22,6,195.1679,-76.3383,0.1061,38,0.9500,0.0000,4,4,0,0,0,4,0,1.0000
4,204.0000,22,7,807.3445,-87.9334,-0.4433,10,0.2500,1.0000,8,8,8,0,0,8,8,0.0000
4,204.0000,22,9,444.6786,-85.8839,0.1083,28,0.7000,0.5714,7,5,1,0,0,5,1,0.8000
4,204.0000,22,15,548.3690,-86.3764,-0.2723,24,0.6000,0.5714,7,7,5,0,0,7,5,0.2857
4,204.0000,22,17,688.9359,-87.4414,0.3752,19,0.4750,0.8750,8,6,4,38,37,44,41,0.0682
4,204.0000,22,18,404.1278,-81.0088,-1.4922,38,0.9500,0.0000,5,3,0,0,0,3,0,1.0000
4,204.0000,22,21,616.0286,-85.8163,-0.0341,26,0.6500,0.6667,6,6,3,0,0,6,3,0.5000
4,204.0000,23,2,663.6964,-87.2561,0.0872,21,0.5250,0.8750,8,7,5,0,0,7,5,0.2857
4,204.0000,23,3,509.7524,-86.3487,0.4681,25,0.6250,0.5714,7,6,2,0,0,6,2,0.6667
4,204.0000,23,4,730.5067,-87.6730,0.1222,19,0.4750,0.7500,8,8,8,0,0,8,8,0.0000
4,204.0000,23,5,499.3627,-85.4427,0.6076,26,0.6500,0.5714,7,4,0,0,0,4,0,1.0000
4,204.0000,23,10,883.9021,-88.6426,0.2909,10,0.2500,1.0000,8,8,7,0,0,8,7,0.1250
4,204.0000,23,11,595.3432,-86.5486,0.3324,25,0.6250,0.4000,5,7,5,0,0,7,5,0.2857
4,204.0000,23,12,693.9916,-88.1085,-0.4169,17,0.4250,0.4000,5,7,6,0,0,7,6,0.1429
4,204.0000,23,14,515.5459,-84.9635,-0.2231,31,0.7750,0.4000,5,6,3,0,0,6,3,0.5000
4,204.0000,23,16,1075.7132,-89.5409,-0.0272,5,0.1250,1.0000,8,8,8,0,0,8,8,0.0000
4,204.0000,23,24,669.4073,-86.4761,-0.3059,23,0.5750,0.5000,6,5,2,0,0,5,2,0.6000
4,204.0000,23,25,680.4608,-86.7117,-0.2095,19,0.4750,0.4000,5,6,4,12,11,18,15,0.1667
4,204.0000,24,2,467.8998,-85.0715,-0.5026,32,0.8000,0.6667,6,7,3,0,0,7,3,0.5714
4,204.0000,24,3,971.4212,-88.4119,-0.5557,3,0.0750,1.0000,8,8,8,0,0,8,8,0.0000
4,204.0000,24,4,483.0546,-84.2049,-0.0478,34,0.8500,0.4000,5,6,4,0,0,6,4,0.3333
4,204.0000,24,10,971.7833,-88.9223,0.3829,5,0.1250,1.0000,8,8,7,0,0,8,7,0.1250
4,204.0000,24,11,1007.7629,-88.3692,-0.4329,7,0.1750,1.0000,8,6,6,0,0,6,6,0.0000
4,204.0000,24,14,394.7253,-83.1527,0.0278,37,0.9250,0.0000,4,6,2,0,0,6,2,0.6667
4,204.0000,24,20,1018.8279,-89.1658,0.3570,5,0.1250,1.0000,8,8,8,0,0,8,8,0.0000
4,204.0000,24,23,669.4073,-87.7270,-0.1950,24,0.6000,0.7143,7,8,7,0,0,8,7,0.1250
4,204.0000,24,25,760.7824,-88.0986,-0.2777,20,0.5000,1.0000,10,7,6,0,0,7,6,0.1429
4,204.0000,25,2,985.1158,-89.3023,0.2745,4,0.1000,1.0000,6,8,8,0,0,8,8,0.0000
4,204.0000,25,4,1020.8304,-88.5845,0.2094,4,0.1000,1.0000,8,6,6,0,0,6,6,0.0000
4,204.0000,25,14,717.3261,-87.2456,0.1247,16,0.4000,0.5714,7,6,4,0,0,6,4,0.3333
4,204.0000,25,23,680.4608,-87.9825,0.0129,19,0.4750,0.7143,7,8,6,0,0,8,6,0.2500
4,204.0000,25,24,760.7824,-88.0834,0.3078,20,0.5000,0.8571,7,8,8,0,0,8,8,0.0000
4,208.0000,0,1,1089.8808,-87.9604,0.5305,3,0.0750,1.0000,8,2,2,0,0,2,2,0.0000
4,208.0000,0,6,783.5088,-88.3375,0.2905,15,0.3750,1.0000,8,10,9,0,0,10,9,0.1000
4,208.0000,0,7,310.0684,-79.3349,-1.7114,38,0.9500,0.2000,5,4,0,0,0,4,0,1.0000
4,208.0000,0,9,495.4651,-84.8158,0.3428,34,0.8500,0.4000,5,5,1,0,0,5,1,0.8000
4,208.0000,0,10,1171.9929,-88.1461,0.3527,3,0.0750,1.0000,4,2,2,0,0,2,2,0.0000
4,208.0000,0,11,996.8945,-89.0724,1.1012,4,0.1000,1.0000,8,8,8,0,0,8,8,0.0000
4,208.0000,0,12,896.2902,-89.1083,0.6503,8,0.2000,1.0000,8,8,8,0,0,8,8,0.0000
4,208.0000,0,13,739.1086,-87.6485,0.2607,14,0.3500,0.7143,7,8,7,0,0,8,7,0.1250
4,208.0000,0,15,304.3620,-81.8450,0.2034,37,0.9250,0.0000,4,4,0,0,0,4,0,1.0000
4,208.0000,0,16,942.2747,-88.2598,-0.1693,4,0.1000,1.0000,8,10,10,0,0,10,10,0.0000
4,208.0000,0,17,678.8252,-87.3874,-0.0520,21,0.5250,0.8571,7,8,7,0,0,8,7,0.1250
4,208.0000,0,18,623.2309,-86.9967,0.1166,25,0.6250,0.7143,7,8,5,0,0,8,5,0.3750
4,208.0000,0,19,515.2011,-85.6226,-0.0281,28,0.7000,0.8000,5,6,4,0,0,6,4,0.3333
4,208.0000,0,21,763.2301,-88.0605,-0.6446,13,0.3250,1.0000,8,7,6,0,0,7,6,0.1429
4,208.0000,0,22,681.5717,-87.1268,0.3924,18,0.4500,0.6667,6,7,5,0,0,7,5,0.2857
4,208.0000,1,2,849.6710,-88.4900,0.2883,10,0.2500,1.0000,8,8,8,0,0,8,8,0.0000
4,208.0000,1,3,817.7308,-88.5277,-0.4523,13,0.3250,0.6250,8,7,6,0,0,7,6,0.1429
4,208.0000,1,4,756.9578,-88.1073,0.1400,18,0.4500,0.8571,7,8,6,0,0,8,6,0.2500
4,208.0000,1,8,137.1469,-74.5179,0.1757,37,0.9250,0.0000,4,4,0,0,0,4,0,1.0000
4,208.0000,1,10,279.0703,-80.6566,0.2309,35,0.8750,0.0000,4,4,0,0,0,4,0,1.0000
4,208.0000,1,11,781.2400,-87.9199,-0.7732,11,0.2750,0.8571,7,8,7,0,0,8,7,0.1250
4,208.0000,1,12,729.3321,-88.0045,0.0552,14,0.3500,1.0000,8,7,5,0,0,7,5,0.2857
4,208.0000,1,13,663.2220,-86.7064,-0.3058,21,0.5250,0.8571,7,7,5,0,0,7,5,0.2857
4,208.0000,1,14,1060.4256,-89.5504,0.2973,3,0.0750,1.0000,2,8,8,0,0,8,8,0.0000
4,208.0000,1,15,1111.9457,-87.8339,-0.7325,3,0.0750,1.0000,6,4,4,0,0,4,4,0.0000
4,208.0000,1,16,167.3735,-73.5005,-0.5026,36,0.9000,0.0000,4,4,0,0,0,4,0,1.0000
4,208.0000,1,19,810.7903,-87.5829,-0.3534,14,0.3500,0.7143,7,8,8,0,0,8,8,0.0000
4,208.0000,1,20,423.6342,-84.1646,-0.2748,25,0.6250,0.0000,4,6,3,0,0,6,3,0.5000
4,208.0000,2,1,849.6710,-88.4774,0.5525,7,0.1750,0.7143,7,8,8,0,0,8,8,0.0000
4,208.0000,2,3,577.5112,-87.3684,0.9461,20,0.5000,0.8750,8,6,4,0,0,6,4,0.3333
4,208.0000,2,4,146.0521,-70.5623,-1.9914,38,0.9500,0.2000,5,5,1,0,0,5,1,0.8000
4,208.0000,2,5,703.8526,-88.6184,0.0516,9,0.2250,0.7143,7,7,5,0,0,7,5,0.2857
4,208.0000,2,8,912.3582,-88.5901,-0.0003,9,0.2250,1.0000,8,8,7,0,0,8,7,0.1250
4,208.0000,2,10,580.6327,-86.6660,-0.1542,21,0.5250,0.3333,6,6,2,0,0,6,2,0.6667
4,208.0000,2,11,661.4173,-87.8829,0.0575,19,0.4750,0.4000,5,6,4,0,0,6,4,0.3333
4,208.0000,2,12,733.4171,-87.9917,-0.0083,17,0.4250,0.8750,8,7,4,0,0,7,4,0.4286
4,208.0000,2,13,867.9268,-88.5540,-0.0325,5,0.1250,1.0000,8,8,8,0,0,8,8,0.0000
4,208.0000,2,14,229.1494,-78.8203,0.8274,39,0.9750,0.1667,6,4,0,0,0,4,0,1.0000
4,208.0000,2,16,855.3779,-88.6631,-0.1107,11,0.2750,0.8750,8,8,8,0,0,8,8,0.0000
4,208.0000,2,20,593.7775,-86.3601,0.0242,24,0.6000,0.4000,5,6,4,0,0,6,4,0.3333
4,208.0000,2,23,578.9207,-87.5682,-0.0972,24,0.6000,0.7500,8,5,2,0,0,5,2,0.6000
4,208.0000,2,24,500.4328,-84.7993,-0.0222,37,0.9250,0.2000,5,7,4,0,0,7,4,0.4286
4,208.0000,2,25,869.8559,-88.4073,-0.5247,5,0.1250,1.0000,8,8,7,0,0,8,7,0.1250
4,208.0000,3,1,817.7308,-88.0957,-0.2548,13,0.3250,0.8571,7,8,6,0,0,8,6,0.2500
4,208.0000,3,2,577.5112,-87.1749,0.1851,22,0.5500,0.4000,5,6,4,0,0,6,4,0.3333
4,208.0000,3,4,647.2912,-87.7568,-0.3195,15,0.3750,0.8750,8,5,2,0,0,5,2,0.6000
4,208.0000,3,5,432.0672,-83.7299,0.2225,33,0.8250,0.4000,5,4,0,0,0,4,0,1.0000
4,208.0000,3,8,787.8794,-87.5006,0.0353,17,0.4250,0.6667,6,8,8,0,0,8,8,0.0000
4,208.0000,3,10,585.5243,-86.6488,0.5290,24,0.6000,0.5714,7,6,4,0,0,6,4,0.3333
4,208.0000,3,11,423.3167,-83.8349,0.3661,31,0.7750,0.2000,5,5,1,0,0,5,1,0.8000
4,208.0000,3,12,448.0025,-84.0092,-1.2325,32,0.8000,0.4000,5,6,4,0,0,6,4,0.3333
4,208.0000,3,13,644.2966,-87.7117,0.3652,21,0.5250,0.7143,7,8,7,0,0,8,7,0.1250
4,208.0000,3,14,762.9871,-87.7299,0.2341,16,0.4000,0.8571,7,8,8,0,0,8,8,0.0000
4,208.0000,3,16,764.8704,-87.9214,0.1794,12,0.3000,0.8571,7,8,7,0,0,8,7,0.1250
4,208.0000,3,18,1066.0717,-88.9489,1.0602,3,0.0750,1.0000,6,4,4,0,0,4,4,0.0000
4,208.0000,3,20,775.5884,-87.4179,-0.4590,13,0.3250,0.8571,7,10,9,0,0,10,9,0.1000
4,208.0000,3,21,869.1229,-88.2303,0.2170,9,0.2250,1.0000,6,8,8,0,0,8,8,0.0000
4,208.0000,3,23,382.5658,-83.9661,-0.1391,32,0.8000,0.0000,4,5,1,0,0,5,1,0.8000
4,208.0000,3,24,938.6504,-88.7605,-0.4316,4,0.1000,1.0000,8,8,8,0,0,8,8,0.0000
4,208.0000,4,1,756.9578,-87.9270,0.3154,14,0.3500,0.8750,8,8,6,0,0,8,6,0.2500
4,208.0000,4,2,146.0521,-70.6657,-1.9759,40,1.0000,0.0000,4,4,0,0,0,4,0,1.0000
4,208.0000,4,3,647.2912,-87.6538,0.2547,23,0.5750,0.7143,7,8,6,0,0,8,6,0.2500
4,208.0000,4,5,784.9986,-88.3654,0.7118,7,0.1750,1.0000,8,8,8,0,0,8,8,0.0000
4,208.0000,4,8,835.8188,-88.1416,-0.0193,7,0.1750,1.0000,8,8,8,0,0,8,8,0.0000
4,208.0000,4,10,505.3914,-85.9772,0.7948,26,0.6500,0.7500,8,6,3,0,0,6,3,0.5000
4,208.0000,4,11,679.1309,-88.0162,-0.1775,21,0.5250,1.0000,8,7,6,0,0,7,6,0.1429
4,208.0000,4,12,739.4887,-87.7711,0.5450,18,0.4500,1.0000,8,7,6,0,0,7,6,0.1429
4,208.0000,4,13,839.7155,-87.9212,0.0886,12,0.3000,1.0000,8,8,7,0,0,8,7,0.1250
4,208.0000,4,14,306.2988,-81.6059,0.4051,39,0.9750,0.2000,5,6,3,0,0,6,3,0.5000
4,208.0000,4,16,772.7896,-88.0816,-0.2003,18,0.4500,0.8571,7,8,7,0,0,8,7,0.1250
4,208.0000,4,20,476.1785,-85.7640,0.5927,33,0.8250,0.4286,7,6,2,0,0,6,2,0.6667
4,208.0000,4,23,708.2639,-87.7049,-0.1098,22,0.5500,0.8571,7,7,5,0,0,7,5,0.2857
4,208.0000,4,24,573.2107,-85.9834,-0.6155,28,0.7000,0.7143,7,10,9,0,0,10,9,0.1000
4,208.0000,4,25,1002.0730,-89.2736,0.0857,3,0.0750,1.0000,8,2,2,0,0,2,2,0.0000
4,208.0000,5,2,703.8526,-87.7479,0.2909,7,0.1707,1.0000,8,6,3,0,0,6,3,0.5000
4,208.0000,5,3,432.0672,-83.6425,-0.1191,22,0.5366,0.3333,6,4,0,0,0,4,0,1.0000
4,208.0000,5,4,784.9986,-88.2115,-0.5213,4,0.0976,0.8750,8,5,3,0,0,5,3,0.4000
4,208.0000,5,10,855.1851,-88.3686,0.2150,4,0.0976,0.8571,7,8,7,0,0,8,7,0.1250
4,208.0000,5,11,346.6533,-82.2360,-0.6737,20,0.4878,0.2000,5,5,1,0,0,5,1,0.8000
4,208.0000,5,12,429.4671,-83.9332,-0.7841,18,0.4390,0.2000,5,6,3,0,0,6,3,0.5000
4,208.0000,5,13,636.4903,-87.6759,-0.8367,10,0.2439,0.8571,7,8,7,0,0,8,7,0.1250
4,208.0000,5,14,807.3131,-88.1111,0.4088,7,0.1707,1.0000,8,7,4,0,0,7,4,0.4286
4,208.0000,5,18,1051.7713,-88.7373,2.0119,3,0.0732,1.0000,6,8,8,0,0,8,8,0.0000
4,208.0000,5,20,906.1577,-89.2513,0.4890,4,0.0976,1.0000,8,8,7,0,0,8,7,0.1250
4,208.0000,5,21,911.1278,-88.6606,0.6840,6,0.1463,1.0000,8,8,8,16,16,24,24,0.0000
4,208.0000,5,23,400.4197,-83.8295,0.2221,27,0.6585,0.7500,8,5,1,0,0,5,1,0.8000
4,208.0000,5,25,904.8969,-88.9993,0.3222,4,0.0976,1.0000,8,8,8,0,0,8,8,0.0000
4,208.0000,6,0,783.5088,-87.9258,0.0107,11,0.2750,1.0000,42,8,8,10,10,18,18,0.0000
4,208.0000,6,7,963.7306,-88.6465,-1.0587,3,0.0750,1.0000,8,8,8,0,0,8,8,0.0000
4,208.0000,6,9,360.7325,-83.0266,0.3920,34,0.8500,0.3333,6,4,0,23,7,27,7,0.7407
4,208.0000,6,15,716.9597,-88.2936,-0.2585,13,0.3250,0.8000,10,7,6,34,34,41,40,0.0244
4,208.0000,6,17,815.7666,-88.4775,-0.0471,17,0.4250,0.9375,16,7,6,0,0,7,6,0.1429
4,208.0000,6,18,681.5422,-86.6766,-0.1312,29,0.7250,0.6667,6,8,8,0,0,8,8,0.0000
4,208.0000,6,21,910.5221,-87.4651,-0.4349,10,0.2500,0.8750,8,8,8,0,0,8,8,0.0000
4,208.0000,6,22,208.9461,-77.2294,-0.3795,38,0.9500,0.1538,26,4,0,0,0,4,0,1.0000
4,208.0000,7,0,310.0684,-79.2820,-1.3636,36,0.9000,0.0000,4,5,1,0,0,5,1,0.8000
4,208.0000,7,1,1071.4343,-89.2132,-0.2597,3,0.0750,1.0000,8,4,4,0,0,4,4,0.0000
4,208.0000,7,6,963.7306,-89.4660,-0.2107,7,0.1750,1.0000,8,4,4,0,0,4,4,0.0000
4,208.0000,7,8,981.7149,-88.4917,0.5225,3,0.0750,1.0000,8,8,8,0,0,8,8,0.0000
4,208.0000,7,9,620.7518,-84.9620,-0.0949,27,0.6750,0.5000,6,8,8,0,0,8,8,0.0000
4,208.0000,7,13,882.2223,-88.0898,-0.3386,10,0.2500,1.0000,8,5,4,0,0,5,4,0.2000
4,208.0000,7,15,426.8790,-84.4137,0.1734,32,0.8000,0.2000,5,7,5,0,0,7,5,0.2857
4,208.0000,7,16,944.8770,-89.2647,0.4124,5,0.1250,1.0000,6,8,8,0,0,8,8,0.0000
4,208.0000,7,17,557.2189,-86.5321,0.1767,25,0.6250,0.4000,5,5,2,0,0,5,2,0.6000
4,208.0000,7,18,914.2301,-88.1130,0.0316,9,0.2250,0.8571,7,2,2,0,0,2,2,0.0000
4,208.0000,7,19,444.2591,-84.7932,-0.0940,32,0.8000,0.0000,4,7,6,4,4,11,10,0.0909
4,208.0000,7,21,1035.1054,-89.0800,1.1538,3,0.0750,1.0000,8,8,8,0,0,8,8,0.0000
4,208.0000,7,22,864.8637,-88.2899,0.3031,8,0.2000,1.0000,8,8,8,0,0,8,8,0.0000
4,208.0000,8,0,989.3339,-88.9946,0.0005,7,0.1750,1.0000,8,2,2,0,0,2,2,0.0000
4,208.0000,8,1,137.1469,-74.3854,0.8842,34,0.8500,0.0000,4,5,1,0,0,5,1,0.8000
4,208.0000,8,2,912.3582,-88.5375,-0.1714,4,0.1000,1.0000,8,8,8,0,0,8,8,0.0000
4,208.0000,8,3,787.8794,-88.1201,0.1317,15,0.3750,1.0000,8,8,8,0,0,8,8,0.0000
4,208.0000,8,4,835.8188,-88.7910,-0.2049,8,0.2000,1.0000,8,6,5,0,0,6,5,0.1667
4,208.0000,8,5,1063.6463,-89.1461,-0.0314,3,0.0750,1.0000,4,8,8,0,0,8,8,0.0000
4,208.0000,8,7,981.7149,-88.3589,0.2388,3,0.0750,1.0000,8,8,8,0,0,8,8,0.0000
4,208.0000,8,10,332.6018,-81.4225,-0.3723,31,0.7750,0.0000,5,3,0,0,0,3,0,1.0000
4,208.0000,8,11,760.6057,-88.4648,0.2205,13,0.3250,0.7143,7,8,8,0,0,8,8,0.0000
4,208.0000,8,12,693.8408,-87.1871,-0.5622,18,0.4500,0.7143,7,7,6,0,0,7,6,0.1429
4,208.0000,8,13,623.4650,-85.5720,-0.6126,21,0.5250,0.5000,6,8,7,0,0,8,7,0.1250
4,208.0000,8,15,989.5696,-88.0982,-0.4097,3,0.0750,1.0000,8,6,6,2,2,8,8,0.0000
4,208.0000,8,16,154.9596,-75.9677,0.6675,35,0.8750,0.2857,7,3,0,0,0,3,0,1.0000
4,208.0000,8,19,692.2045,-87.2426,-0.5595,16,0.4000,0.6000,15,6,4,1,0,7,4,0.4286
4,208.0000,8,20,518.5907,-85.4858,0.2316,25,0.6250,0.7143,7,4,0,0,0,4,0,1.0000
4,208.0000,9,0,495.4651,-86.2047,0.0840,32,0.8000,0.3333,6,6,4,0,0,6,4,0.3333
4,208.0000,9,6,360.7325,-83.0666,0.2746,36,0.9000,0.2000,5,4,0,0,0,4,0,1.0000
4,208.0000,9,7,620.7518,-85.4772,-0.2920,27,0.6750,0.5714,7,7,6,0,0,7,6,0.1429
4,208.0000,9,15,487.3587,-85.6657,0.4623,29,0.7250,0.0000,4,4,1,0,0,4,1,0.7500
4,208.0000,9,17,563.1139,-85.4356,-0.1640,27,0.6750,0.5000,6,8,7,33,31,41,38,0.0732
4,208.0000,9,18,700.7123,-87.5996,-0.0558,19,0.4750,0.6667,6,7,6,0,0,7,6,0.1429
4,208.0000,9,19,845.4473,-88.7948,-0.0975,9,0.2250,0.7143,7,8,8,0,0,8,8,0.0000
4,208.0000,9,21,922.8153,-88.1622,0.2362,4,0.1000,0.8750,8,6,6,0,0,6,6,0.0000
4,208.0000,9,22,346.6015,-83.2248,0.6442,36,0.9000,0.0000,4,5,1,0,0,5,1,0.8000
4,208.0000,10,1,279.0703,-80.8771,0.4037,35,0.8750,0.2000,5,4,0,0,0,4,0,1.0000
4,208.0000,10,2,580.6327,-85.9796,0.0941,25,0.6250,0.5000,4,7,5,0,0,7,5,0.2857
4,208.0000,10,3,585.5243,-86.6933,-0.2023,21,0.5250,0.9419,86,6,4,78,72,84,76,0.0952
4,208.0000,10,4,505.3914,-85.7786,-0.3227,25,0.6250,0.5714,7,3,0,0,0,3,0,1.0000
4,208.0000,10,5,855.1851,-88.5368,0.1282,6,0.1500,1.0000,8,8,8,0,0,8,8,0.0000
4,208.0000,10,8,332.6018,-81.2538,-0.3714,34,0.8500,0.2857,56,5,1,54,18,59,19,0.6780
4,208.0000,10,11,591.9969,-86.5836,-0.0422,22,0.5500,0.5000,6,6,2,0,0,6,2,0.6667
4,208.0000,10,12,570.7695,-86.8759,0.0426,20,0.5000,0.4000,5,6,4,0,0,6,4,0.3333
4,208.0000,10,13,584.5458,-86.1349,-0.4164,27,0.6750,0.4000,5,6,3,0,0,6,3,0.5000
4,208.0000,10,14,799.5911,-88.8239,-0.1594,13,0.3250,0.8621,29,7,5,0,0,7,5,0.2857
4,208.0000,10,16,297.9839,-78.9782,-0.3339,37,0.9250,0.0000,4,5,1,0,0,5,1,0.8000
4,208.0000,10,19,979.0326,-89.2328,0.0233,5,0.1250,0.8571,7,8,8,0,0,8,8,0.0000
4,208.0000,10,20,315.4845,-81.6342,0.0791,35,0.8750,0.0000,4,4,0,0,0,4,0,1.0000
4,208.0000,10,23,883.8905,-88.7835,-0.1602,10,0.2500,1.0000,8,7,5,0,0,7,5,0.2857
4,208.0000,10,24,997.3866,-88.8749,-1.3663,3,0.0750,1.0000,8,2,2,0,0,2,2,0.0000
4,208.0000,11,0,996.8945,-88.8034,0.7064,5,0.1250,1.0000,4,8,7,0,0,8,7,0.1250
4,208.0000,11,1,781.2400,-88.5319,-0.1625,9,0.2250,0.8000,5,8,8,2,2,10,10,0.0000
4,208.0000,11,2,661.4173,-87.2310,0.2335,24,0.6000,0.5714,7,7,5,0,0,7,5,0.2857
4,208.0000,11,3,423.3167,-83.4627,-0.1014,37,0.9250,0.0000,4,3,0,0,0,3,0,1.0000
4,208.0000,11,4,679.1309,-87.5294,0.3377,17,0.4250,0.7143,7,7,5,0,0,7,5,0.2857
4,208.0000,11,5,346.6533,-82.6898,0.2858,36,0.9000,0.3333,6,5,1,20,15,25,16,0.3600
4,208.0000,11,8,760.6057,-87.7995,0.3930,19,0.4750,0.8571,7,8,8,0,0,8,8,0.0000
4,208.0000,11,10,591.9969,-86.6743,0.0160,33,0.8250,0.6667,6,8,5,0,0,8,5,0.3750
4,208.0000,11,12,109.3365,-71.9982,0.7990,38,0.9500,0.0000,4,4,0,1,0,5,0,1.0000
4,208.0000,11,13,305.8901,-82.3992,1.2366,35,0.8750,0.8554,83,5,1,12,7,17,8,0.5294
4,208.0000,11,14,825.6589,-87.5599,0.0381,19,0.4750,0.7143,7,8,8,0,0,8,8,0.0000
4,208.0000,11,15,1115.1037,-89.4106,0.6505,3,0.0750,1.0000,6,2,2,0,0,2,2,0.0000
4,208.0000,11,16,662.6301,-87.6306,-0.0235,25,0.6250,0.7143,7,6,3,37,36,43,39,0.0930
4,208.0000,11,18,967.7331,-89.2645,0.2750,3,0.0750,1.0000,2,6,6,0,0,6,6,0.0000
4,208.0000,11,20,622.9530,-86.5448,-0.1695,26,0.6500,0.0000,4,8,6,0,0,8,6,0.2500
4,208.0000,11,21,856.1529,-88.1291,0.1059,4,0.1000,1.0000,8,7,6,0,0,7,6,0.1429
4,208.0000,11,23,623.6063,-86.2957,-0.2479,28,0.7000,0.4000,5,7,6,0,0,7,6,0.1429
4,208.0000,12,0,896.2902,-88.0143,-0.0040,4,0.1000,0.8750,8,10,10,0,0,10,10,0.0000
4,208.0000,12,1,729.3321,-87.5938,-0.6103,15,0.3750,1.0000,8,7,5,0,0,7,5,0.2857
4,208.0000,12,2,733.4171,-87.8169,-0.1719,23,0.5750,0.8571,7,8,8,0,0,8,8,0.0000
4,208.0000,12,3,448.0025,-83.4493,-0.5485,36,0.9000,0.4000,5,6,2,0,0,6,2,0.6667
4,208.0000,12,4,739.4887,-87.7464,-0.3027,15,0.3750,0.7143,7,7,6,0,0,7,6,0.1429
4,208.0000,12,5,429.4671,-84.5452,-0.2219,38,0.9500,0.4000,5,4,0,0,0,4,0,1.0000
4,208.0000,12,7,1072.2695,-88.5376,-0.4283,4,0.1000,,0,6,6,0,0,6,6,0.0000
4,208.0000,12,8,693.8408,-87.4333,0.2121,21,0.5250,0.8571,7,8,7,0,0,8,7,0.1250
4,208.0000,12,10,570.7695,-86.3311,-0.2993,30,0.7500,0.8571,7,7,5,0,0,7,5,0.2857
4,208.0000,12,11,109.3365,-72.4784,-0.1321,39,0.9750,0.0000,4,4,0,0,0,4,0,1.0000
4,208.0000,12,13,221.4599,-80.5546,1.1196,36,0.9000,0.0000,4,4,0,0,0,4,0,1.0000
4,208.0000,12,14,911.8189,-88.6786,-0.2644,11,0.2750,0.8571,7,8,8,0,0,8,8,0.0000
4,208.0000,12,16,599.1062,-86.6967,-0.1318,26,0.6500,0.6667,6,5,2,0,0,5,2,0.6000
4,208.0000,12,18,888.4751,-89.4190,-0.2120,4,0.1000,1.0000,6,7,6,0,0,7,6,0.1429
4,208.0000,12,19,967.4269,-88.0130,-0.5505,4,0.1000,1.0000,4,6,6,0,0,6,6,0.0000
4,208.0000,12,20,623.3183,-87.6382,-0.1286,30,0.7500,0.5000,6,8,6,0,0,8,6,0.2500
4,208.0000,12,21,783.9825,-88.5819,0.2069,9,0.2250,1.0000,8,6,4,2,2,8,6,0.2500
4,208.0000,12,23,699.4452,-87.9524,-0.0175,24,0.6000,1.0000,8,8,6,0,0,8,6,0.2500
4,208.0000,13,0,739.1086,-88.5998,-0.1445,20,0.4878,0.6667,6,7,6,0,0,7,6,0.1429
4,208.0000,13,1,663.2220,-86.2354,-0.3591,23,0.5610,0.2000,5,7,5,0,0,7,5,0.2857
4,208.0000,13,2,867.9268,-88.5522,-0.2479,11,0.2683,0.7143,7,8,7,0,0,8,7,0.1250
4,208.0000,13,3,644.2966,-86.6662,-0.3067,24,0.5854,0.6667,6,8,8,0,0,8,8,0.0000
4,208.0000,13,4,839.7155,-88.4651,-0.1388,14,0.3415,0.8571,7,7,3,0,0,7,3,0.5714
4,208.0000,13,5,636.4903,-87.7562,-0.0324,18,0.4390,0.7143,7,5,2,0,0,5,2,0.6000
4,208.0000,13,7,882.2223,-88.5827,-0.2171,13,0.3171,1.0000,8,8,8,10,10,18,18,0.0000
4,208.0000,13,8,623.4650,-86.5328,-0.1915,30,0.7317,0.8261,23,6,4,3,2,9,6,0.3333
4,208.0000,13,10,584.5458,-85.6663,-0.5959,28,0.6829,0.8571,7,7,6,0,0,7,6,0.1429
4,208.0000,13,11,305.8901,-83.2038,0.9004,34,0.8293,0.0000,4,5,1,0,0,5,1,0.8000
4,208.0000,13,12,221.4599,-79.8087,1.1000,36,0.8780,0.2000,5,5,1,0,0,5,1,0.8000
4,208.0000,13,15,885.9705,-88.9332,-0.2604,6,0.1463,0.9000,10,6,6,0,0,6,6,0.0000
4,208.0000,13,16,506.5131,-84.8524,-0.8046,27,0.6585,0.7143,7,5,1,0,0,5,1,0.8000
4,208.0000,13,18,878.8303,-88.8347,0.5012,3,0.0732,1.0000,6,7,6,0,0,7,6,0.1429
4,208.0000,13,19,824.7318,-88.8379,-0.2868,7,0.1707,0.9000,20,8,8,0,0,8,8,0.0000
4,208.0000,13,20,586.1238,-85.7990,-0.3043,28,0.6829,0.8333,6,7,6,0,0,7,6,0.1429
4,208.0000,13,21,825.1378,-88.2855,-0.1465,7,0.1707,1.0000,8,8,7,0,0,8,7,0.1250
4,208.0000,13,23,917.4411,-89.3643,0.0305,8,0.1951,1.0000,8,7,6,0,0,7,6,0.1429
4,208.0000,14,2,229.1494,-78.4307,0.6334,36,0.9000,0.4000,5,5,2,0,0,5,2,0.6000
4,208.0000,14,3,762.9871,-87.3984,0.8092,14,0.3500,0.8750,8,8,8,0,0,8,8,0.0000
4,208.0000,14,4,306.2988,-81.0723,0.0426,33,0.8250,0.4000,5,4,0,0,0,4,0,1.0000
4,208.0000,14,5,807.3131,-87.4425,0.5149,10,0.2500,1.0000,8,8,7,0,0,8,7,0.1250
4,208.0000,14,10,799.5911,-88.2761,0.5319,7,0.1750,0.8750,8,7,6,0,0,7,6,0.1429
4,208.0000,14,11,825.6589,-87.9678,-0.7141,12,0.3000,1.0000,8,7,6,0,0,7,6,0.1429
4,208.0000,14,12,911.8189,-88.7641,-0.3487,15,0.3750,1.0000,10,6,6,0,0,6,6,0.0000
4,208.0000,14,13,1049.2197,-88.1142,-0.8438,3,0.0750,1.0000,4,10,10,0,0,10,10,0.0000
4,208.0000,14,16,1067.6561,-89.0063,0.1851,6,0.1500,1.0000,8,4,4,0,0,4,4,0.0000
4,208.0000,14,20,762.1858,-88.2444,0.2869,10,0.2500,0.8571,7,7,6,0,0,7,6,0.1429
4,208.0000,14,23,656.4306,-86.5730,-0.2395,25,0.6250,0.5714,14,6,3,0,0,6,3,0.5000
4,208.0000,14,24,395.7888,-84.1517,-0.1174,34,0.8500,0.2000,5,6,3,0,0,6,3,0.5000
4,208.0000,14,25,737.1722,-88.4792,-0.0925,23,0.5750,0.8889,9,7,6,0,0,7,6,0.1429
4,208.0000,15,0,304.3620,-80.9337,0.4231,36,0.9000,0.5000,6,4,0,0,0,4,0,1.0000
4,208.0000,15,1,1111.9457,-88.9381,0.4198,4,0.1000,1.0000,8,8,8,0,0,8,8,0.0000
4,208.0000,15,3,1256.3280,-89.4930,-0.4916,3,0.0750,1.0000,2,4,4,0,0,4,4,0.0000
4,208.0000,15,6,716.9597,-87.3629,-0.0585,16,0.4000,0.6667,6,7,5,0,0,7,5,0.2857
4,208.0000,15,7,426.8790,-83.7318,-0.1843,34,0.8500,0.5000,6,6,2,0,0,6,2,0.6667
4,208.0000,15,9,487.3587,-85.1886,0.1539,35,0.8750,0.5000,6,5,1,0,0,5,1,0.8000
4,208.0000,15,10,1213.2728,-89.5054,-0.2824,5,0.1250,1.0000,2,6,6,0,0,6,6,0.0000
4,208.0000,15,11,1115.1037,-89.4173,-0.3404,3,0.0750,1.0000,6,4,4,0,0,4,4,0.0000
4,208.0000,15,12,1008.0714,-88.8783,0.2310,4,0.1000,1.0000,2,0,0,2,2,2,2,0.0000
4,208.0000,15,13,885.9705,-88.6244,0.1200,8,0.2000,0.8667,15,8,8,0,0,8,8,0.0000
4,208.0000,15,16,989.5738,-89.0401,0.2440,6,0.1500,1.0000,8,4,4,0,0,4,4,0.0000
4,208.0000,15,17,522.1746,-87.1790,0.4187,31,0.7750,0.8571,7,5,1,2,0,7,1,0.8571
4,208.0000,15,18,579.3503,-85.9507,-0.5631,32,0.8000,0.7143,7,7,5,0,0,7,5,0.2857
4,208.0000,15,19,393.1610,-84.1530,0.4988,34,0.8500,0.2000,5,6,4,0,0,6,4,0.3333
4,208.0000,15,21,691.4590,-86.8042,-0.6255,26,0.6500,0.8571,7,7,6,0,0,7,6,0.1429
4,208.0000,15,22,552.3846,-86.5015,-0.1687,34,0.8500,0.2000,5,7,6,0,0,7,6,0.1429
4,208.0000,16,0,942.2747,-88.1081,0.7108,4,0.1000,1.0000,8,8,8,0,0,8,8,0.0000
4,208.0000,16,1,167.3735,-73.9983,-0.5557,38,0.9500,0.2000,5,4,0,0,0,4,0,1.0000
4,208.0000,16,2,855.3779,-88.1520,-0.2530,15,0.3750,1.0000,8,7,5,0,0,7,5,0.2857
4,208.0000,16,3,764.8704,-87.6374,0.3409,18,0.4500,0.7143,7,7,6,0,0,7,6,0.1429
4,208.0000,16,4,772.7896,-87.7211,-0.0491,15,0.3750,0.8571,7,8,8,0,0,8,8,0.0000
4,208.0000,16,5,985.2597,-88.8696,-0.0139,6,0.1500,1.0000,2,4,4,0,0,4,4,0.0000
4,208.0000,16,7,944.8770,-89.0104,-0.3660,4,0.1000,1.0000,8,6,6,0,0,6,6,0.0000
4,208.0000,16,8,154.9596,-75.7218,0.3648,40,1.0000,0.0000,4,4,0,1,0,5,0,1.0000
4,208.0000,16,10,297.9839,-78.6899,-0.4103,37,0.9250,0.0000,4,4,0,0,0,4,0,1.0000
4,208.0000,16,11,662.6301,-86.9462,-0.0890,18,0.4500,0.8571,7,7,6,0,0,7,6,0.1429
4,208.0000,16,12,599.1062,-87.1274,-0.3329,27,0.6750,0.4000,5,7,5,0,0,7,5,0.2857
4,208.0000,16,13,506.5131,-84.8144,0.5154,33,0.8250,0.6667,6,6,4,0,0,6,4,0.3333
4,208.0000,16,14,1067.6561,-88.6776,0.2147,4,0.1000,1.0000,8,8,8,0,0,8,8,0.0000
4,208.0000,16,15,989.5738,-88.3742,1.7151,4,0.1000,1.0000,8,6,6,0,0,6,6,0.0000
4,208.0000,16,19,721.4635,-87.3412,-0.4257,20,0.5000,0.7500,8,8,8,0,0,8,8,0.0000
4,208.0000,16,20,403.8892,-82.7901,-1.2208,38,0.9500,0.5714,7,4,0,0,0,4,0,1.0000
4,208.0000,16,23,1102.5558,-88.8634,0.5233,3,0.0750,1.0000,8,4,4,0,0,4,4,0.0000
4,208.0000,17,0,678.8252,-87.8261,0.0960,21,0.5250,0.8750,8,7,5,0,0,7,5,0.2857
4,208.0000,17,6,815.7666,-87.9720,-0.1885,19,0.4750,0.8571,7,7,6,0,0,7,6,0.1429
4,208.0000,17,7,557.2189,-86.5803,0.0243,25,0.6250,1.0000,6,5,2,0,0,5,2,0.6000
4,208.0000,17,9,563.1139,-85.8776,-0.3023,27,0.6750,0.5000,6,6,4,0,0,6,4,0.3333
4,208.0000,17,15,522.1746,-86.3252,0.3898,30,0.7500,0.4286,7,6,2,0,0,6,2,0.6667
4,208.0000,17,18,1041.2904,-88.6870,0.0140,8,0.2000,1.0000,4,2,2,0,0,2,2,0.0000
4,208.0000,17,19,644.9462,-87.8773,0.0022,18,0.4500,0.7500,8,6,4,0,0,6,4,0.3333
4,208.0000,17,22,709.9025,-87.8916,-0.2823,23,0.5750,0.6250,8,8,5,0,0,8,5,0.3750
4,208.0000,18,0,623.2309,-87.5213,0.3899,17,0.4250,0.8750,8,7,5,0,0,7,5,0.2857
4,208.0000,18,3,1066.0717,-89.3181,0.2849,3,0.0750,1.0000,6,6,6,0,0,6,6,0.0000
4,208.0000,18,6,681.5422,-86.5505,-0.6785,27,0.6750,0.5000,6,8,8,0,0,8,8,0.0000
4,208.0000,18,7,914.2301,-89.2649,-0.2170,6,0.1500,0.8750,8,8,8,0,0,8,8,0.0000
4,208.0000,18,9,700.7123,-86.7278,-0.4865,20,0.5000,0.8571,7,6,3,0,0,6,3,0.5000
4,208.0000,18,13,878.8303,-87.9052,2.1956,3,0.0750,1.0000,4,8,7,0,0,8,7,0.1250
4,208.0000,18,15,579.3503,-86.3214,-0.6223,24,0.6000,0.4286,7,6,3,0,0,6,3,0.5000
4,208.0000,18,19,877.5479,-88.7753,-0.3471,9,0.2250,1.0000,8,8,8,0,0,8,8,0.0000
4,208.0000,18,21,248.3047,-78.6233,-0.6528,34,0.8500,0.0000,4,4,0,0,0,4,0,1.0000
4,208.0000,18,22,560.0445,-85.2607,-0.1225,31,0.7750,0.2000,5,5,2,0,0,5,2,0.6000
4,208.0000,19,0,515.2011,-86.0582,-0.6591,27,0.6585,0.7143,7,5,1,0,0,5,1,0.8000
4,208.0000,19,1,810.7903,-88.3647,-0.5329,12,0.2927,0.7143,7,8,8,0,0,8,8,0.0000
4,208.0000,19,7,444.2591,-85.6737,0.5702,26,0.6341,0.4000,5,5,1,0,0,5,1,0.8000
4,208.0000,19,8,692.2045,-86.9719,-0.8282,15,0.3659,0.8571,7,7,5,0,0,7,5,0.2857
4,208.0000,19,9,845.4473,-88.6680,-0.1795,10,0.2439,1.0000,8,8,8,0,0,8,8,0.0000
4,208.0000,19,10,979.0326,-88.4108,0.3681,5,0.1220,1.0000,8,6,6,0,0,6,6,0.0000
4,208.0000,19,13,824.7318,-88.0233,0.5518,7,0.1707,1.0000,8,8,8,0,0,8,8,0.0000
4,208.0000,19,15,393.1610,-84.0144,0.8883,26,0.6341,0.5000,6,4,0,0,0,4,0,1.0000
4,208.0000,19,16,721.4635,-86.9731,0.2921,13,0.3171,0.7143,7,6,4,0,0,6,4,0.3333
4,208.0000,19,17,644.9462,-87.7890,-0.4953,15,0.3659,0.5714,7,6,3,0,0,6,3,0.5000
4,208.0000,19,18,877.5479,-88.2343,-1.8083,6,0.1463,1.0000,8,8,8,0,0,8,8,0.0000
4,208.0000,19,21,899.8395,-88.4549,0.4627,4,0.0976,1.0000,8,8,8,0,0,8,8,0.0000
4,208.0000,19,22,936.1157,-88.5157,-0.3621,5,0.1220,1.0000,6,10,10,0,0,10,10,0.0000
4,208.0000,20,1,423.6342,-84.4583,0.7474,36,0.9000,0.3333,6,5,2,0,0,5,2,0.6000
4,208.0000,20,2,593.7775,-87.0088,-0.2718,29,0.7250,0.7273,11,7,6,0,0,7,6,0.1429
4,208.0000,20,3,775.5884,-88.4441,0.3458,14,0.3500,1.0000,6,10,9,0,0,10,9,0.1000
4,208.0000,20,4,476.1785,-86.4247,-0.5086,29,0.7250,0.4286,7,4,0,0,0,4,0,1.0000
4,208.0000,20,5,906.1577,-88.9568,0.0053,7,0.1750,1.0000,8,8,7,0,0,8,7,0.1250
4,208.0000,20,8,518.5907,-85.7211,0.1829,31,0.7750,0.4286,7,6,4,0,0,6,4,0.3333
4,208.0000,20,10,315.4845,-81.8576,0.6421,39,0.9750,0.7361,72,4,0,8,4,12,4,0.6667
4,208.0000,20,11,622.9530,-86.6182,0.0552,26,0.6500,0.6250,8,6,4,0,0,6,4,0.3333
4,208.0000,20,12,623.3183,-86.8496,0.2202,27,0.6750,0.6250,8,7,4,0,0,7,4,0.4286
4,208.0000,20,13,586.1238,-85.1403,-0.7620,32,0.8000,0.0000,4,6,6,0,0,6,6,0.0000
4,208.0000,20,14,762.1858,-87.8233,-0.4343,18,0.4500,1.0000,8,7,6,0,0,7,6,0.1429
4,208.0000,20,16,403.8892,-82.0736,-0.8821,38,0.9500,0.0000,4,5,1,0,0,5,1,0.8000
4,208.0000,20,19,1103.1066,-88.9816,-0.6472,3,0.0750,1.0000,6,6,6,0,0,6,6,0.0000
4,208.0000,21,0,763.2301,-88.4811,-0.2277,17,0.4250,1.0000,8,8,7,30,30,38,37,0.0263
4,208.0000,21,3,869.1229,-87.5926,-0.3007,10,0.2500,1.0000,8,8,8,0,0,8,8,0.0000
4,208.0000,21,5,911.1278,-88.6147,0.4113,6,0.1500,1.0000,4,8,8,4,4,12,12,0.0000
4,208.0000,21,6,910.5221,-87.7275,-0.4055,9,0.2250,1.0000,8,8,8,0,0,8,8,0.0000
4,208.0000,21,9,922.8153,-88.4828,0.1344,6,0.1500,1.0000,8,8,8,0,0,8,8,0.0000
4,208.0000,21,11,856.1529,-89.0544,0.0157,9,0.2250,1.0000,8,8,7,0,0,8,7,0.1250
4,208.0000,21,12,783.9825,-88.8395,-0.4134,15,0.3750,1.0000,8,8,8,2,2,10,10,0.0000
4,208.0000,21,13,825.1378,-87.8144,0.7021,6,0.1500,1.0000,8,8,8,0,0,8,8,0.0000
4,208.0000,21,15,691.4590,-87.2471,0.2367,23,0.5750,0.9107,56,7,6,40,40,47,46,0.0213
4,208.0000,21,18,248.3047,-79.0548,0.0351,39,0.9750,0.2000,5,4,0,0,0,4,0,1.0000
4,208.0000,21,19,899.8395,-89.1264,0.1771,8,0.2000,0.9730,37,8,8,4,4,12,12,0.0000
4,208.0000,21,22,767.3087,-87.4911,-0.1519,24,0.6000,1.0000,8,8,8,0,0,8,8,0.0000
4,208.0000,22,0,681.5717,-86.8993,0.8462,16,0.4000,0.7143,7,7,5,0,0,7,5,0.2857
4,208.0000,22,6,208.9461,-77.9165,0.0538,39,0.9750,0.0000,4,4,0,0,0,4,0,1.0000
4,208.0000,22,7,864.8637,-88.5148,-0.3731,12,0.3000,1.0000,8,8,8,0,0,8,8,0.0000
4,208.0000,22,9,346.6015,-83.2620,0.4912,36,0.9000,0.2000,5,4,0,0,0,4,0,1.0000
4,208.0000,22,15,552.3846,-86.0454,0.1523,24,0.6000,0.7143,7,7,4,0,0,7,4,0.4286
4,208.0000,22,17,709.9025,-87.8435,0.0872,22,0.5500,0.9318,44,7,4,0,0,7,4,0.4286
4,208.0000,22,18,560.0445,-85.0290,-0.4920,35,0.8750,0.0000,3,6,4,0,0,6,4,0.3333
4,208.0000,22,19,936.1157,-89.4706,0.6876,3,0.0750,1.0000,4,8,8,0,0,8,8,0.0000
4,208.0000,22,21,767.3087,-88.2707,-0.1523,18,0.4500,0.5000,6,8,8,0,0,8,8,0.0000
4,208.0000,23,1,1148.0157,-89.3657,0.6592,3,0.0750,1.0000,4,2,2,0,0,2,2,0.0000
4,208.0000,23,2,578.9207,-86.6901,0.3110,29,0.7250,0.7143,7,6,3,0,0,6,3,0.5000
4,208.0000,23,3,382.5658,-84.4803,0.9594,37,0.9250,0.3333,6,5,1,0,0,5,1,0.8000
4,208.0000,23,4,708.2639,-87.6840,-0.0769,26,0.6500,1.0000,8,6,4,0,0,6,4,0.3333
4,208.0000,23,5,400.4197,-84.7352,0.2322,34,0.8500,0.0000,4,4,0,0,0,4,0,1.0000
4,208.0000,23,10,883.8905,-88.0899,-0.2732,10,0.2500,0.8750,8,8,8,0,0,8,8,0.0000
4,208.0000,23,11,623.6063,-86.7418,-0.5097,26,0.6500,0.7143,7,8,8,0,0,8,8,0.0000
4,208.0000,23,12,699.4452,-87.5179,-0.6478,21,0.5250,0.8571,7,8,6,0,0,8,6,0.2500
4,208.0000,23,13,917.4411,-88.9478,0.1277,10,0.2500,1.0000,6,8,7,0,0,8,7,0.1250
4,208.0000,23,14,656.4306,-86.3484,-0.7442,34,0.8500,0.5000,6,8,8,0,0,8,8,0.0000
4,208.0000,23,20,1001.7359,-88.7453,0.2972,9,0.2250,1.0000,6,4,4,0,0,4,4,0.0000
4,208.0000,23,24,803.3463,-87.6845,-0.4809,23,0.5750,0.4000,5,8,8,0,0,8,8,0.0000
4,208.0000,23,25,678.8859,-87.4994,0.0826,25,0.6250,0.8333,18,8,7,0,0,8,7,0.1250
4,208.0000,24,2,500.4328,-85.6328,-0.4066,25,0.6250,0.4286,7,4,0,0,0,4,0,1.0000
4,208.0000,24,3,938.6504,-89.0614,-0.2036,4,0.1000,1.0000,8,7,6,0,0,7,6,0.1429
4,208.0000,24,4,573.2107,-86.0716,-0.3923,31,0.7750,0.6667,6,7,6,0,0,7,6,0.1429
4,208.0000,24,10,997.3866,-89.5533,-0.0383,3,0.0750,0.8750,8,6,6,0,0,6,6,0.0000
4,208.0000,24,14,395.7888,-83.8473,-0.5643,37,0.9250,0.3333,6,5,2,0,0,5,2,0.6000
4,208.0000,24,23,803.3463,-87.9214,0.0271,16,0.4000,0.8750,8,8,8,0,0,8,8,0.0000
4,208.0000,24,25,787.4491,-88.0335,0.0150,16,0.4000,0.8571,7,6,6,0,0,6,6,0.0000
4,208.0000,25,2,869.8559,-88.5097,-0.0188,7,0.1750,1.0000,8,7,6,0,0,7,6,0.1429
4,208.0000,25,3,1042.4755,-89.0315,2.5513,3,0.0750,1.0000,4,4,4,0,0,4,4,0.0000
4,208.0000,25,4,1002.0730,-89.1933,-0.4657,5,0.1250,1.0000,6,4,4,0,0,4,4,0.0000
4,208.0000,25,5,904.8969,-89.1847,-0.3280,7,0.1750,1.0000,8,8,8,0,0,8,8,0.0000
4,208.0000,25,14,737.1722,-87.7020,-0.3861,17,0.4250,0.6667,6,8,7,0,0,8,7,0.1250
4,208.0000,25,23,678.8859,-87.6456,-0.6069,18,0.4500,0.7500,8,8,7,0,0,8,7,0.1250
4,208.0000,25,24,787.4491,-88.2786,0.1203,16,0.4000,1.0000,8,7,6,0,0,7,6,0.1429
4,212.0000,0,6,742.0526,-88.1530,0.2505,15,0.3846,0.9000,10,6,5,0,0,6,5,0.1667
4,212.0000,0,7,467.5648,-83.8066,-0.7040,25,0.6410,0.0000,4,6,2,0,0,6,2,0.6667
4,212.0000,0,9,505.4457,-85.2001,-0.3425,25,0.6410,0.2000,5,4,0,0,0,4,0,1.0000
4,212.0000,0,11,957.2836,-89.0834,-0.4608,4,0.1026,1.0000,8,10,10,0,0,10,10,0.0000
4,212.0000,0,12,878.7438,-89.1924,-0.5201,4,0.1026,1.0000,8,8,8,0,0,8,8,0.0000
4,212.0000,0,13,738.6390,-87.9448,0.4693,10,0.2564,0.8750,8,8,8,0,0,8,8,0.0000
4,212.0000,0,15,335.8900,-81.3624,0.0696,31,0.7949,0.0000,4,6,2,0,0,6,2,0.6667
4,212.0000,0,16,952.4242,-89.1194,1.3518,3,0.0769,1.0000,10,8,8,0,0,8,8,0.0000
4,212.0000,0,17,677.5676,-87.0472,0.4891,18,0.4615,0.8750,8,7,5,0,0,7,5,0.2857
4,212.0000,0,18,607.7082,-86.4170,-0.9524,16,0.4103,0.6250,8,7,4,0,0,7,4,0.4286
4,212.0000,0,19,527.3689,-85.2319,-0.2267,22,0.5641,0.6667,6,6,4,0,0,6,4,0.3333
4,212.0000,0,21,789.2136,-87.2957,-0.0842,7,0.1795,0.8571,7,8,8,0,0,8,8,0.0000
4,212.0000,0,22,633.4092,-87.6741,0.4643,18,0.4615,0.7143,7,6,4,0,0,6,4,0.3333
4,212.0000,1,2,860.9385,-87.8511,-0.5007,10,0.2500,1.0000,8,8,8,0,0,8,8,0.0000
4,212.0000,1,3,790.7240,-87.7205,0.4424,8,0.2000,0.8571,7,8,8,68,66,76,74,0.0263
4,212.0000,1,4,650.4304,-88.3502,-0.0793,16,0.4000,0.7500,8,7,4,0,0,7,4,0.4286
4,212.0000,1,7,1150.9696,-89.7727,-0.1161,3,0.0750,,0,4,4,0,0,4,4,0.0000
4,212.0000,1,8,161.0581,-74.6101,0.1595,35,0.8750,0.0000,4,4,0,0,0,4,0,1.0000
4,212.0000,1,10,245.3904,-79.5498,0.8609,32,0.8000,0.0000,4,5,1,0,0,5,1,0.8000
4,212.0000,1,11,741.9901,-88.3225,0.4644,13,0.3250,0.8750,8,8,7,0,0,8,7,0.1250
4,212.0000,1,12,723.9698,-87.2797,-0.2287,15,0.3750,0.7143,7,8,7,0,0,8,7,0.1250
4,212.0000,1,13,782.8825,-88.1403,-0.4299,10,0.2500,0.7143,7,8,8,0,0,8,8,0.0000
4,212.0000,1,16,298.5786,-78.5307,-1.0665,33,0.8250,0.0000,4,5,1,0,0,5,1,0.8000
4,212.0000,1,19,968.6801,-88.3707,0.0042,8,0.2000,1.0000,8,4,4,0,0,4,4,0.0000
4,212.0000,1,20,403.9306,-83.9978,0.5624,33,0.8250,0.5000,6,7,5,0,0,7,5,0.2857
4,212.0000,2,1,860.9385,-88.3004,0.5489,6,0.1500,1.0000,8,7,6,0,0,7,6,0.1429
4,212.0000,2,3,439.7312,-85.3196,0.4239,35,0.8750,0.6667,6,6,4,0,0,6,4,0.3333
4,212.0000,2,4,247.2817,-76.8381,-1.4863,38,0.9500,0.2000,5,4,0,0,0,4,0,1.0000
4,212.0000,2,5,549.1982,-87.1409,0.4607,23,0.5750,0.7143,7,5,1,0,0,5,1,0.8000
4,212.0000,2,8,988.5669,-88.8438,0.6312,6,0.1500,0.8750,8,8,8,0,0,8,8,0.0000
4,212.0000,2,10,615.7846,-86.7103,-0.6337,26,0.6500,0.3333,6,6,3,0,0,6,3,0.5000
4,212.0000,2,11,712.8848,-86.8052,0.0010,17,0.4250,0.6667,6,6,4,0,0,6,4,0.3333
4,212.0000,2,12,780.8105,-88.1202,-0.2818,12,0.3000,0.5714,7,7,6,0,0,7,6,0.1429
4,212.0000,2,13,931.7096,-88.9815,-0.5245,5,0.1250,1.0000,8,6,6,0,0,6,6,0.0000
4,212.0000,2,14,289.4656,-79.1556,-0.4246,39,0.9750,0.0000,4,4,0,0,0,4,0,1.0000
4,212.0000,2,16,997.4722,-89.0107,-0.1610,8,0.2000,1.0000,8,6,6,0,0,6,6,0.0000
4,212.0000,2,20,671.2845,-87.6072,0.3840,22,0.5500,0.6667,6,7,5,0,0,7,5,0.2857
4,212.0000,2,23,526.4581,-86.0871,-0.0772,28,0.7000,0.4000,5,6,3,0,0,6,3,0.5000
4,212.0000,2,24,560.5286,-86.0395,0.0266,33,0.8250,0.5714,7,6,3,0,0,6,3,0.5000
4,212.0000,2,25,708.8186,-88.3096,0.9495,12,0.3000,0.8750,8,5,2,0,0,5,2,0.6000
4,212.0000,3,1,790.7240,-87.7541,0.2414,7,0.1750,0.7500,8,6,4,0,0,6,4,0.3333
4,212.0000,3,2,439.7312,-84.8939,-0.0509,25,0.6250,0.6667,6,4,0,0,0,4,0,1.0000
4,212.0000,3,4,505.8355,-86.3206,0.2479,22,0.5500,0.4000,5,6,3,0,0,6,3,0.5000
4,212.0000,3,5,418.5366,-84.4796,-0.4431,32,0.8000,0.0000,4,6,4,0,0,6,4,0.3333
4,212.0000,3,8,858.1547,-88.6426,0.2837,9,0.2250,1.0000,8,8,7,0,0,8,7,0.1250
4,212.0000,3,10,587.0770,-85.6861,0.2939,19,0.4750,0.6667,6,7,5,0,0,7,5,0.2857
4,212.0000,3,11,515.4731,-85.3860,-0.4471,33,0.8250,0.2000,5,6,4,0,0,6,4,0.3333
4,212.0000,3,12,550.0860,-84.4392,0.1210,28,0.7000,0.6667,6,6,4,0,0,6,4,0.3333
4,212.0000,3,13,708.3342,-87.5379,-0.2693,16,0.4000,0.8750,8,6,4,0,0,6,4,0.3333
4,212.0000,3,14,726.2624,-87.1872,-0.0145,11,0.2750,1.0000,8,6,3,0,0,6,3,0.5000
4,212.0000,3,16,841.0425,-88.8016,0.1024,14,0.3500,0.8750,8,8,8,0,0,8,8,0.0000
4,212.0000,3,20,778.9728,-87.6241,0.0246,10,0.2500,0.9000,10,5,3,0,0,5,3,0.4000
4,212.0000,3,21,905.1916,-89.1944,-0.4883,4,0.1000,1.0000,8,8,8,0,0,8,8,0.0000
4,212.0000,3,23,320.9618,-82.0031,0.4183,32,0.8000,0.2000,5,4,0,0,0,4,0,1.0000
4,212.0000,3,24,910.4735,-88.9802,0.2684,8,0.2000,1.0000,8,8,8,0,0,8,8,0.0000
4,212.0000,3,25,890.5563,-88.7255,-0.7204,3,0.0750,1.0000,6,6,4,0,0,6,4,0.3333
4,212.0000,4,1,650.4304,-87.5038,-0.1620,16,0.4103,0.7500,8,6,3,0,0,6,3,0.5000
4,212.0000,4,2,247.2817,-77.0854,-1.0834,36,0.9231,0.0000,4,4,0,0,0,4,0,1.0000
4,212.0000,4,3,505.8355,-86.2827,0.2260,18,0.4615,0.7500,8,5,2,0,0,5,2,0.6000
4,212.0000,4,5,629.7375,-87.6969,0.3340,16,0.4103,1.0000,8,5,2,0,0,5,2,0.6000
4,212.0000,4,8,789.0632,-88.0093,-0.2791,7,0.1795,1.0000,8,8,7,0,0,8,7,0.1250
4,212.0000,4,10,413.6628,-84.9733,0.4238,24,0.6154,0.5000,6,4,0,0,0,4,0,1.0000
4,212.0000,4,11,645.1916,-87.7732,0.1975,15,0.3846,0.8571,7,6,3,0,0,6,3,0.5000
4,212.0000,4,12,703.2474,-87.6447,0.4122,10,0.2564,0.8571,7,8,7,0,0,8,7,0.1250
4,212.0000,4,13,838.4734,-88.0092,0.0336,6,0.1538,0.8750,8,8,8,0,0,8,8,0.0000
4,212.0000,4,14,346.8504,-82.7726,-0.0651,34,0.8718,0.5000,6,5,2,0,0,5,2,0.6000
4,212.0000,4,16,803.8462,-88.0659,0.2150,11,0.2821,0.8750,8,8,8,0,0,8,8,0.0000
4,212.0000,4,20,427.5234,-84.1034,-0.2659,27,0.6923,0.3333,6,5,3,0,0,5,3,0.4000
4,212.0000,4,23,693.1032,-88.1194,0.2020,19,0.4872,0.7143,7,8,5,0,0,8,5,0.3750
4,212.0000,4,24,684.3260,-86.6157,-0.1750,24,0.6154,0.9000,10,8,8,0,0,8,8,0.0000
4,212.0000,5,2,549.1982,-87.3126,0.2971,31,0.7750,0.5000,6,5,1,0,0,5,1,0.8000
4,212.0000,5,3,418.5366,-83.9864,-0.1919,34,0.8500,0.0000,4,4,0,0,0,4,0,1.0000
4,212.0000,5,4,629.7375,-87.8773,0.3140,22,0.5500,0.6000,5,7,5,0,0,7,5,0.2857
4,212.0000,5,8,1072.5655,-89.6284,-0.1549,5,0.1250,1.0000,2,8,8,0,0,8,8,0.0000
4,212.0000,5,10,812.6591,-88.3480,-0.0761,11,0.2750,0.8750,8,7,6,0,0,7,6,0.1429
4,212.0000,5,11,401.0359,-83.1451,-0.4642,37,0.9250,0.2000,5,4,0,0,0,4,0,1.0000
4,212.0000,5,12,473.0725,-84.7464,0.0663,35,0.8750,0.5000,6,5,2,0,0,5,2,0.6000
4,212.0000,5,13,601.1789,-86.7757,-0.1533,25,0.6250,0.8750,8,6,2,0,0,6,2,0.6667
4,212.0000,5,14,785.2152,-87.6902,0.0444,14,0.3500,0.5714,7,7,6,0,0,7,6,0.1429
4,212.0000,5,18,1062.6479,-89.3121,-0.0147,5,0.1250,1.0000,8,6,6,0,0,6,6,0.0000
4,212.0000,5,20,864.1745,-88.3175,0.0088,9,0.2250,0.8750,8,7,6,0,0,7,6,0.1429
4,212.0000,5,21,908.0059,-88.6989,-0.5958,9,0.2250,1.0000,24,10,10,2,2,12,12,0.0000
4,212.0000,5,23,343.7156,-82.7209,-0.1731,39,0.9750,0.2000,5,5,2,0,0,5,2,0.6000
4,212.0000,5,24,1079.4572,-88.3369,0.0190,3,0.0750,1.0000,6,8,8,0,0,8,8,0.0000
4,212.0000,5,25,776.4808,-88.3049,-0.0669,11,0.2750,1.0000,8,8,7,0,0,8,7,0.1250
4,212.0000,6,0,742.0526,-87.7506,-0.0104,11,0.2821,1.0000,18,6,3,0,0,6,3,0.5000
4,212.0000,6,9,280.8485,-82.1181,0.7137,37,0.9487,0.2593,27,4,0,42,3,46,3,0.9348
4,212.0000,6,15,739.9902,-87.4740,-0.2425,11,0.2821,0.9756,41,7,5,0,0,7,5,0.2857
4,212.0000,6,17,899.5870,-88.9890,0.0806,11,0.2821,0.8571,7,8,8,0,0,8,8,0.0000
4,212.0000,6,18,827.2982,-87.9446,-0.2871,12,0.3077,1.0000,8,8,8,0,0,8,8,0.0000
4,212.0000,6,21,1075.9402,-89.3820,0.2307,5,0.1282,1.0000,8,4,4,0,0,4,4,0.0000
4,212.0000,6,22,213.9488,-77.5780,-0.3556,38,0.9744,0.0000,4,4,0,0,0,4,0,1.0000
4,212.0000,7,0,467.5648,-82.6977,-0.1252,35,0.8750,0.2000,5,5,1,0,0,5,1,0.8000
4,212.0000,7,6,1057.0890,-89.4133,0.3844,4,0.1000,1.0000,4,6,6,0,0,6,6,0.0000
4,212.0000,7,8,1022.3665,-88.1533,-0.3861,6,0.1500,1.0000,8,6,6,0,0,6,6,0.0000
4,212.0000,7,9,787.4002,-87.8023,0.4748,22,0.5500,1.0000,8,8,8,0,0,8,8,0.0000
4,212.0000,7,13,921.1952,-88.3502,-0.1950,7,0.1750,0.8000,5,8,8,0,0,8,8,0.0000
4,212.0000,7,15,451.6346,-84.7118,-0.7601,33,0.8250,0.7143,7,5,2,0,0,5,2,0.6000
4,212.0000,7,16,863.0931,-88.8240,0.9103,8,0.2000,1.0000,8,8,8,0,0,8,8,0.0000
4,212.0000,7,17,495.3138,-85.5867,0.3028,34,0.8500,0.4000,5,4,0,0,0,4,0,1.0000
4,212.0000,7,18,1039.6019,-88.2339,-0.3443,3,0.0750,1.0000,2,6,6,0,0,6,6,0.0000
4,212.0000,7,19,449.5533,-84.4314,0.2766,29,0.7250,0.9091,11,6,2,0,0,6,2,0.6667
4,212.0000,7,22,940.1285,-88.9407,-0.1032,9,0.2250,1.0000,8,8,8,0,0,8,8,0.0000
4,212.0000,8,0,1135.7308,-89.1514,0.2603,3,0.0769,1.0000,2,4,4,0,0,4,4,0.0000
4,212.0000,8,1,161.0581,-73.6500,-0.5003,35,0.8974,0.2000,5,4,0,0,0,4,0,1.0000
4,212.0000,8,2,988.5669,-89.3531,-0.4845,6,0.1538,1.0000,8,2,2,0,0,2,2,0.0000
4,212.0000,8,3,858.1547,-88.4539,-0.2657,11,0.2821,1.0000,8,8,7,0,0,8,7,0.1250
4,212.0000,8,4,789.0632,-88.2067,0.6100,11,0.2821,0.8333,6,8,8,0,0,8,8,0.0000
4,212.0000,8,7,1022.3665,-89.4560,0.1945,3,0.0769,1.0000,8,7,6,0,0,7,6,0.1429
4,212.0000,8,10,380.1896,-83.3661,-0.3746,33,0.8462,0.0000,3,5,1,0,0,5,1,0.8000
4,212.0000,8,11,766.4920,-88.0544,0.6528,10,0.2564,1.0000,8,7,5,0,0,7,5,0.2857
4,212.0000,8,12,730.3987,-87.3569,-0.1436,16,0.4103,0.8571,7,8,8,0,0,8,8,0.0000
4,212.0000,8,13,764.8268,-88.1223,-0.4672,10,0.2564,0.8750,8,8,7,0,0,8,7,0.1250
4,212.0000,8,16,209.7742,-76.0769,-1.1287,35,0.8974,0.0000,3,4,0,0,0,4,0,1.0000
4,212.0000,8,19,820.6574,-88.2751,-0.4576,14,0.3590,0.5714,7,7,6,0,0,7,6,0.1429
4,212.0000,8,20,534.4189,-85.8399,-0.3039,22,0.5641,0.0000,4,5,2,0,0,5,2,0.6000
4,212.0000,9,0,505.4457,-85.3794,-0.3303,32,0.8000,0.6667,6,5,2,0,0,5,2,0.6000
4,212.0000,9,6,280.8485,-81.2084,0.3048,38,0.9500,0.0000,4,4,0,0,0,4,0,1.0000
4,212.0000,9,7,787.4002,-87.6264,-0.2572,16,0.4000,0.8571,7,8,8,0,0,8,8,0.0000
4,212.0000,9,15,533.1474,-85.0261,0.2159,29,0.7250,0.2500,4,6,3,0,0,6,3,0.5000
4,212.0000,9,17,699.5615,-87.0939,-0.2725,21,0.5250,0.9268,41,7,6,78,77,85,83,0.0235
4,212.0000,9,18,783.6482,-87.6762,-0.2388,14,0.3500,0.8571,7,8,8,0,0,8,8,0.0000
4,212.0000,9,19,857.0675,-87.9411,-0.1572,15,0.3750,1.0000,8,8,8,0,0,8,8,0.0000
4,212.0000,9,21,1031.0178,-89.3322,0.0135,7,0.1750,1.0000,6,4,4,0,0,4,4,0.0000
4,212.0000,9,22,274.0128,-81.5725,0.8455,37,0.9250,0.2000,5,4,0,0,0,4,0,1.0000
4,212.0000,10,1,245.3904,-79.7372,0.0045,37,0.9250,0.0000,4,4,0,46,13,50,13,0.7400
4,212.0000,10,2,615.7846,-86.9538,0.0413,22,0.5500,0.7143,7,7,6,0,0,7,6,0.1429
4,212.0000,10,3,587.0770,-86.8303,-0.3757,28,0.7000,0.9048,84,7,6,4,2,11,8,0.2727
4,212.0000,10,4,413.6628,-84.8269,0.2418,34,0.8500,0.0000,3,5,1,0,0,5,1,0.8000
4,212.0000,10,5,812.6591,-88.2892,-0.0200,9,0.2250,1.0000,8,8,8,0,0,8,8,0.0000
4,212.0000,10,8,380.1896,-82.7689,-0.7748,38,0.9500,0.3220,59,5,2,60,29,65,31,0.5231
4,212.0000,10,11,620.5063,-86.5489,0.3545,24,0.6000,0.3333,6,7,6,0,0,7,6,0.1429
4,212.0000,10,12,627.8889,-87.1267,-0.3416,30,0.7500,0.6667,6,8,6,0,0,8,6,0.2500
4,212.0000,10,13,729.2220,-87.2835,-0.4507,27,0.6750,0.5000,6,7,5,0,0,7,5,0.2857
4,212.0000,10,14,743.5422,-87.9276,-0.1427,19,0.4750,0.7143,7,8,7,0,0,8,7,0.1250
4,212.0000,10,16,441.6857,-83.6112,-1.0676,35,0.8750,0.2000,5,7,6,5,4,12,10,0.1667
4,212.0000,10,20,315.2599,-82.0155,-0.0694,36,0.9000,0.0000,4,4,0,0,0,4,0,1.0000
4,212.0000,10,23,886.1547,-89.1705,-0.0625,16,0.4000,0.7143,7,8,8,0,0,8,8,0.0000
4,212.0000,11,0,957.2836,-88.7618,-0.3422,4,0.1000,0.8750,8,8,8,0,0,8,8,0.0000
4,212.0000,11,1,741.9901,-87.5253,-0.1932,12,0.3000,1.0000,10,7,6,0,0,7,6,0.1429
4,212.0000,11,2,712.8848,-86.8715,-0.5533,21,0.5250,0.7143,7,7,6,0,0,7,6,0.1429
4,212.0000,11,3,515.4731,-85.2221,-0.8139,35,0.8750,0.0000,3,7,6,0,0,7,6,0.1429
4,212.0000,11,4,645.1916,-87.4627,0.0846,23,0.5750,0.7143,7,5,2,0,0,5,2,0.6000
4,212.0000,11,5,401.0359,-83.2120,-0.3808,34,0.8500,0.6400,25,5,2,1,0,6,2,0.6667
4,212.0000,11,8,766.4920,-87.7102,0.0507,12,0.3000,1.0000,8,8,8,0,0,8,8,0.0000
4,212.0000,11,10,620.5063,-86.7646,-0.0727,26,0.6500,0.6250,8,5,1,0,0,5,1,0.8000
4,212.0000,11,12,88.0032,-70.5545,0.4023,38,0.9500,0.0000,5,4,0,0,0,4,0,1.0000
4,212.0000,11,13,225.4334,-79.5469,1.0124,36,0.9000,0.4706,17,5,1,49,15,54,16,0.7037
4,212.0000,11,14,928.3692,-88.4126,-0.2614,11,0.2750,1.0000,8,8,8,0,0,8,8,0.0000
4,212.0000,11,16,628.6316,-86.8600,-0.2058,28,0.7000,0.9070,43,6,3,0,0,6,3,0.5000
4,212.0000,11,18,887.1750,-88.3239,0.0315,10,0.2500,1.0000,6,8,7,8,8,16,15,0.0625
4,212.0000,11,19,1016.5434,-88.5640,0.0894,3,0.0750,1.0000,6,6,6,0,0,6,6,0.0000
4,212.0000,11,20,661.9645,-86.7966,-0.1088,21,0.5250,0.7500,8,7,4,0,0,7,4,0.4286
4,212.0000,11,21,782.4194,-88.4864,-0.0392,10,0.2500,0.8571,7,8,8,0,0,8,8,0.0000
4,212.0000,11,23,655.8469,-87.3070,0.4489,17,0.4250,0.8571,7,6,4,0,0,6,4,0.3333
4,212.0000,12,0,878.7438,-88.7988,-0.2349,4,0.1026,1.0000,10,6,6,0,0,6,6,0.0000
4,212.0000,12,1,723.9698,-88.0138,0.3144,16,0.4103,0.7143,7,8,7,0,0,8,7,0.1250
4,212.0000,12,2,780.8105,-87.9406,-0.0390,11,0.2821,1.0000,8,7,6,0,0,7,6,0.1429
4,212.0000,12,3,550.0860,-86.0807,-0.3625,31,0.7949,0.3333,6,8,5,0,0,8,5,0.3750
4,212.0000,12,4,703.2474,-88.5317,0.4971,16,0.4103,0.8571,7,8,7,0,0,8,7,0.1250
4,212.0000,12,5,473.0725,-84.9184,0.0333,30,0.7692,0.0000,4,6,3,0,0,6,3,0.5000
4,212.0000,12,8,730.3987,-87.8233,-0.0111,18,0.4615,0.8750,8,6,3,0,0,6,3,0.5000
4,212.0000,12,10,627.8889,-86.7949,-0.2812,22,0.5641,0.7143,7,8,7,0,0,8,7,0.1250
4,212.0000,12,11,88.0032,-70.2314,0.2094,38,0.9744,0.0000,4,4,0,0,0,4,0,1.0000
4,212.0000,12,13,160.6737,-76.6063,0.5333,37,0.9487,0.0000,4,5,1,0,0,5,1,0.8000
4,212.0000,12,14,1000.0569,-88.1867,-0.2801,5,0.1282,1.0000,8,8,8,0,0,8,8,0.0000
4,212.0000,12,16,582.0216,-86.7975,-0.7607,22,0.5641,0.4000,5,6,3,0,0,6,3,0.5000
4,212.0000,12,18,823.1166,-88.4863,0.3064,9,0.2308,0.8571,7,8,7,0,0,8,7,0.1250
4,212.0000,12,19,930.5631,-89.1392,-0.0248,8,0.2051,1.0000,6,8,8,0,0,8,8,0.0000
4,212.0000,12,20,687.1010,-87.4299,-0.6630,17,0.4359,0.7500,8,6,4,0,0,6,4,0.3333
4,212.0000,12,21,725.7647,-87.8392,-0.3710,11,0.2821,0.7500,8,8,7,0,0,8,7,0.1250
4,212.0000,12,23,707.3151,-88.1067,-0.0318,22,0.5641,0.7500,8,6,3,0,0,6,3,0.5000
4,212.0000,13,0,738.6390,-87.9367,-0.2917,13,0.3250,0.8571,7,8,8,0,0,8,8,0.0000
4,212.0000,13,1,782.8825,-87.7675,-0.5218,15,0.3750,0.7143,7,7,6,0,0,7,6,0.1429
4,212.0000,13,2,931.7096,-88.5119,-0.4636,8,0.2000,0.8750,8,8,8,0,0,8,8,0.0000
4,212.0000,13,3,708.3342,-87.3661,0.4463,19,0.4750,1.0000,8,8,8,0,0,8,8,0.0000
4,212.0000,13,4,838.4734,-87.4612,0.7506,9,0.2250,0.4286,7,8,8,0,0,8,8,0.0000
4,212.0000,13,5,601.1789,-86.1188,0.3229,21,0.5250,0.4000,5,7,4,0,0,7,4,0.4286
4,212.0000,13,7,921.1952,-87.9926,0.9728,3,0.0750,1.0000,18,7,6,0,0,7,6,0.1429
4,212.0000,13,8,764.8268,-87.7888,0.1419,12,0.3000,0.6667,9,8,8,0,0,8,8,0.0000
4,212.0000,13,10,729.2220,-86.8409,-0.2224,18,0.4500,0.8571,7,8,8,0,0,8,8,0.0000
4,212.0000,13,11,225.4334,-79.3754,0.6420,35,0.8750,0.2000,5,4,0,0,0,4,0,1.0000
4,212.0000,13,12,160.6737,-75.8701,0.5749,32,0.8000,0.2000,5,4,0,0,0,4,0,1.0000
4,212.0000,13,15,931.6248,-88.1256,-0.0460,6,0.1500,1.0000,6,10,10,0,0,10,10,0.0000
4,212.0000,13,16,585.5878,-85.8787,-0.2054,26,0.6500,0.2000,5,8,7,0,0,8,7,0.1250
4,212.0000,13,18,760.1472,-87.9333,0.2034,12,0.3000,0.8571,7,8,8,0,0,8,8,0.0000
4,212.0000,13,19,843.8926,-88.2237,-0.0197,9,0.2250,1.0000,8,10,9,70,70,80,79,0.0125
4,212.0000,13,20,757.4310,-86.9977,-0.4942,17,0.4250,0.8571,7,10,9,0,0,10,9,0.1000
4,212.0000,13,21,716.1040,-88.1582,0.4641,11,0.2750,0.8750,8,6,4,0,0,6,4,0.3333
4,212.0000,13,23,854.0356,-89.2773,-0.3164,7,0.1750,0.8571,7,6,6,0,0,6,6,0.0000
4,212.0000,14,1,971.7362,-88.6898,0.0288,5,0.1250,1.0000,4,6,6,0,0,6,6,0.0000
4,212.0000,14,2,289.4656,-78.9867,-0.1482,33,0.8250,0.4000,5,4,0,0,0,4,0,1.0000
4,212.0000,14,3,726.2624,-87.9926,0.5929,13,0.3250,1.0000,8,8,8,0,0,8,8,0.0000
4,212.0000,14,4,346.8504,-80.9504,-0.5406,31,0.7750,0.0000,4,4,0,0,0,4,0,1.0000
4,212.0000,14,5,785.2152,-88.8269,0.2281,9,0.2250,0.8750,8,7,5,0,0,7,5,0.2857
4,212.0000,14,10,743.5422,-88.3439,0.2189,13,0.3250,0.8571,7,7,6,0,0,7,6,0.1429
4,212.0000,14,11,928.3692,-87.4304,-0.5534,6,0.1500,0.8571,7,8,8,0,0,8,8,0.0000
4,212.0000,14,12,1000.0569,-87.4486,-0.4078,3,0.0750,1.0000,6,4,4,0,0,4,4,0.0000
4,212.0000,14,20,705.6434,-87.7633,0.4241,11,0.2750,0.8571,7,7,4,0,0,7,4,0.4286
4,212.0000,14,23,795.3540,-87.7345,0.1537,22,0.5500,0.5000,6,8,7,0,0,8,7,0.1250
4,212.0000,14,24,437.6840,-84.1887,-0.0491,36,0.9000,0.5000,6,5,1,14,6,19,7,0.6316
4,212.0000,14,25,772.6188,-88.0100,-0.0193,16,0.4000,0.8571,7,7,6,6,6,13,12,0.0769
4,212.0000,15,0,335.8900,-80.8771,-0.6802,39,0.9750,0.0000,4,4,0,0,0,4,0,1.0000
4,212.0000,15,6,739.9902,-87.9313,0.0464,24,0.6000,0.7143,7,7,6,0,0,7,6,0.1429
4,212.0000,15,7,451.6346,-84.2145,0.3357,36,0.9000,0.3333,6,5,1,0,0,5,1,0.8000
4,212.0000,15,9,533.1474,-85.7104,-0.0537,34,0.8500,0.2000,5,7,5,0,0,7,5,0.2857
4,212.0000,15,12,1045.1476,-89.4402,0.2254,4,0.1000,1.0000,2,6,6,0,0,6,6,0.0000
4,212.0000,15,13,931.6248,-87.9911,-0.1633,4,0.1000,1.0000,8,8,8,0,0,8,8,0.0000
4,212.0000,15,17,413.9638,-85.2789,0.1060,36,0.9000,0.1429,7,5,1,0,0,5,1,0.8000
4,212.0000,15,18,724.8927,-87.2411,-0.3383,21,0.5250,0.7143,7,8,8,0,0,8,8,0.0000
4,212.0000,15,19,325.8674,-83.7677,-0.1297,38,0.9500,0.6667,6,4,0,0,0,4,0,1.0000
4,212.0000,15,21,864.4559,-87.9504,-0.1641,15,0.3750,0.8571,7,8,8,0,0,8,8,0.0000
4,212.0000,15,22,567.6200,-86.5353,0.2194,30,0.7500,0.8571,7,5,1,0,0,5,1,0.8000
4,212.0000,16,0,952.4242,-88.6801,-0.4233,3,0.0750,1.0000,8,2,2,0,0,2,2,0.0000
4,212.0000,16,1,298.5786,-78.0718,-1.5262,39,0.9750,0.0000,4,5,2,0,0,5,2,0.6000
4,212.0000,16,2,997.4722,-88.7420,-0.0993,12,0.3000,0.7143,7,4,4,0,0,4,4,0.0000
4,212.0000,16,3,841.0425,-87.5858,-0.8470,13,0.3250,0.8571,7,8,7,4,4,12,11,0.0833
4,212.0000,16,4,803.8462,-88.3245,-0.1511,10,0.2500,1.0000,8,8,8,0,0,8,8,0.0000
4,212.0000,16,5,981.4738,-89.0088,0.7472,4,0.1000,1.0000,4,8,8,0,0,8,8,0.0000
4,212.0000,16,7,863.0931,-89.4282,-0.3137,4,0.1000,1.0000,6,8,8,0,0,8,8,0.0000
4,212.0000,16,8,209.7742,-75.7502,-0.4063,40,1.0000,0.0000,5,4,0,0,0,4,0,1.0000
4,212.0000,16,10,441.6857,-82.6975,-0.6486,36,0.9000,0.0000,4,6,3,0,0,6,3,0.5000
4,212.0000,16,11,628.6316,-87.3123,0.3034,19,0.4750,0.8571,7,5,1,0,0,5,1,0.8000
4,212.0000,16,12,582.0216,-86.5734,-0.0545,26,0.6500,0.7143,7,7,6,0,0,7,6,0.1429
4,212.0000,16,13,585.5878,-85.4575,-0.2216,30,0.7500,0.6667,6,7,4,0,0,7,4,0.4286
4,212.0000,16,15,971.8912,-89.1403,0.0086,3,0.0750,1.0000,6,8,8,0,0,8,8,0.0000
4,212.0000,16,19,706.4336,-88.1254,0.2843,12,0.3000,1.0000,8,6,4,0,0,6,4,0.3333
4,212.0000,16,20,531.8695,-84.2314,-0.6276,35,0.8750,0.0000,4,6,3,0,0,6,3,0.5000
4,212.0000,16,21,1056.1546,-88.5397,2.9380,3,0.0750,,0,6,6,0,0,6,6,0.0000
4,212.0000,17,0,677.5676,-87.8343,0.8195,9,0.2308,0.7143,7,7,5,0,0,7,5,0.2857
4,212.0000,17,6,899.5870,-87.9605,-0.3512,11,0.2821,0.8571,7,8,8,0,0,8,8,0.0000
4,212.0000,17,7,495.3138,-85.3887,0.4918,23,0.5897,0.4000,5,6,3,0,0,6,3,0.5000
4,212.0000,17,9,699.5615,-87.1203,0.0998,17,0.4359,0.6667,6,7,6,0,0,7,6,0.1429
4,212.0000,17,15,413.9638,-84.7434,0.3812,21,0.5385,0.3333,6,5,1,0,0,5,1,0.8000
4,212.0000,17,19,521.6776,-86.6298,0.6650,17,0.4359,0.6667,6,4,0,0,0,4,0,1.0000
4,212.0000,17,22,759.1688,-86.7730,0.3124,15,0.3846,0.6250,8,6,3,0,0,6,3,0.5000
4,212.0000,18,0,607.7082,-86.5275,-0.6997,15,0.3750,0.7143,7,7,4,0,0,7,4,0.4286
4,212.0000,18,5,1062.6479,-88.9562,0.1531,4,0.1000,1.0000,8,8,8,0,0,8,8,0.0000
4,212.0000,18,6,827.2982,-87.4149,0.1013,13,0.3250,1.0000,8,8,8,0,0,8,8,0.0000
4,212.0000,18,9,783.6482,-88.0730,0.0297,9,0.2250,0.5000,6,7,6,0,0,7,6,0.1429
4,212.0000,18,12,823.1166,-88.4713,0.1403,6,0.1500,0.8571,7,8,8,0,0,8,8,0.0000
4,212.0000,18,13,760.1472,-87.8195,0.2103,8,0.2000,0.8750,8,8,8,0,0,8,8,0.0000
4,212.0000,18,15,724.8927,-86.6966,-0.4109,13,0.3250,0.5000,6,8,8,0,0,8,8,0.0000
4,212.0000,18,16,1134.5361,-89.4827,-0.3894,3,0.0750,1.0000,4,2,2,0,0,2,2,0.0000
4,212.0000,18,19,857.4358,-87.6281,-0.2580,3,0.0750,1.0000,8,8,8,0,0,8,8,0.0000
4,212.0000,18,21,271.5343,-79.5078,-0.6815,38,0.9500,0.0000,4,4,0,1,0,5,0,1.0000
4,212.0000,18,22,716.4549,-86.4775,-0.4444,16,0.4000,0.4000,5,7,6,0,0,7,6,0.1429
4,212.0000,19,0,527.3689,-86.7357,0.1282,30,0.7500,0.2000,5,4,0,0,0,4,0,1.0000
4,212.0000,19,1,968.6801,-88.3117,-0.4915,6,0.1500,1.0000,8,8,8,0,0,8,8,0.0000
4,212.0000,19,6,1060.7671,-89.4655,1.0894,3,0.0750,,0,8,8,0,0,8,8,0.0000
4,212.0000,19,7,449.5533,-84.8022,0.0905,32,0.8000,0.2000,5,5,2,0,0,5,2,0.6000
4,212.0000,19,8,820.6574,-87.8071,-0.1003,12,0.3000,0.7143,7,8,7,0,0,8,7,0.1250
4,212.0000,19,9,857.0675,-88.4329,-0.0545,13,0.3250,1.0000,8,8,8,0,0,8,8,0.0000
4,212.0000,19,11,1016.5434,-89.4205,-1.0836,3,0.0750,1.0000,8,8,8,0,0,8,8,0.0000
4,212.0000,19,12,930.5631,-89.0366,0.9535,7,0.1750,1.0000,8,8,8,0,0,8,8,0.0000
4,212.0000,19,13,843.8926,-88.4287,-0.4466,10,0.2500,1.0000,8,8,8,0,0,8,8,0.0000
4,212.0000,19,15,325.8674,-82.7338,0.4617,36,0.9000,0.0000,4,4,0,0,0,4,0,1.0000
4,212.0000,19,16,706.4336,-87.5566,-0.3249,14,0.3500,0.6667,6,8,8,0,0,8,8,0.0000
4,212.0000,19,17,521.6776,-86.3451,0.4211,27,0.6750,0.5000,6,5,1,0,0,5,1,0.8000
4,212.0000,19,18,857.4358,-88.3708,0.0100,12,0.3000,1.0000,8,8,8,0,0,8,8,0.0000
4,212.0000,19,21,905.7559,-88.3431,-0.4034,7,0.1750,1.0000,8,8,8,0,0,8,8,0.0000
4,212.0000,19,22,877.2668,-88.3542,0.4160,4,0.1000,1.0000,10,6,5,0,0,6,5,0.1667
4,212.0000,20,1,403.9306,-83.9334,-0.5827,33,0.8250,0.4000,5,5,2,0,0,5,2,0.6000
4,212.0000,20,2,671.2845,-87.3721,-0.8180,26,0.6500,0.8571,7,8,7,0,0,8,7,0.1250
4,212.0000,20,3,778.9728,-88.0776,0.1322,14,0.3500,0.9000,10,5,3,0,0,5,3,0.4000
4,212.0000,20,4,427.5234,-84.8289,1.1158,30,0.7500,0.0000,4,5,1,0,0,5,1,0.8000
4,212.0000,20,5,864.1745,-88.6168,-0.3578,9,0.2250,0.8750,8,8,8,0,0,8,8,0.0000
4,212.0000,20,8,534.4189,-85.7032,-0.0035,29,0.7250,0.6667,6,7,4,0,0,7,4,0.4286
4,212.0000,20,10,315.2599,-81.4520,0.5331,35,0.8750,0.3333,12,4,0,0,0,4,0,1.0000
4,212.0000,20,11,661.9645,-86.8309,0.5299,21,0.5250,0.6667,6,7,6,0,0,7,6,0.1429
4,212.0000,20,12,687.1010,-87.4092,-0.0343,18,0.4500,0.5714,7,7,6,0,0,7,6,0.1429
4,212.0000,20,13,757.4310,-87.1913,-0.5718,20,0.5000,1.0000,6,8,8,0,0,8,8,0.0000
4,212.0000,20,14,705.6434,-87.8469,0.3776,21,0.5250,0.8571,7,7,5,74,71,81,76,0.0617
4,212.0000,20,16,531.8695,-85.2003,-0.0027,26,0.6500,0.2000,5,7,6,0,0,7,6,0.1429
4,212.0000,21,0,789.2136,-87.2368,0.1108,10,0.2500,0.9737,38,8,8,80,80,88,88,0.0000
4,212.0000,21,3,905.1916,-88.6463,0.1458,6,0.1500,1.0000,8,10,10,0,0,10,10,0.0000
4,212.0000,21,5,908.0059,-88.0878,-0.2033,9,0.2250,1.0000,12,8,8,0,0,8,8,0.0000
4,212.0000,21,6,1075.9402,-88.9484,0.3275,5,0.1250,1.0000,8,4,4,0,0,4,4,0.0000
4,212.0000,21,9,1031.0178,-89.0158,-0.4681,4,0.1000,1.0000,8,6,6,0,0,6,6,0.0000
4,212.0000,21,11,782.4194,-88.7866,0.0450,10,0.2500,0.8750,8,8,8,0,0,8,8,0.0000
4,212.0000,21,12,725.7647,-87.2096,-0.6313,7,0.1750,1.0000,10,8,8,0,0,8,8,0.0000
4,212.0000,21,13,716.1040,-87.2867,0.6590,11,0.2750,1.0000,8,7,5,0,0,7,5,0.2857
4,212.0000,21,15,864.4559,-87.0123,-0.7668,9,0.2250,0.9787,47,7,6,0,0,7,6,0.1429
4,212.0000,21,18,271.5343,-79.7957,-0.5918,37,0.9250,0.0000,4,5,1,0,0,5,1,0.8000
4,212.0000,21,22,942.4753,-88.7869,-0.1540,5,0.1250,1.0000,8,4,4,0,0,4,4,0.0000
4,212.0000,21,23,955.4202,-89.3070,0.1367,4,0.1000,1.0000,6,7,6,0,0,7,6,0.1429
4,212.0000,22,0,633.4092,-86.6300,0.0847,16,0.4000,0.7143,7,7,2,0,0,7,2,0.7143
4,212.0000,22,6,213.9488,-77.6548,-0.2438,39,0.9750,0.0000,4,4,0,0,0,4,0,1.0000
4,212.0000,22,7,940.1285,-88.5230,-0.3316,6,0.1500,1.0000,8,8,8,0,0,8,8,0.0000
4,212.0000,22,9,274.0128,-81.2057,0.3912,36,0.9000,0.0000,4,4,0,0,0,4,0,1.0000
4,212.0000,22,15,567.6200,-86.1263,-0.7198,20,0.5000,0.5714,7,4,0,0,0,4,0,1.0000
4,212.0000,22,17,759.1688,-87.7560,0.4405,13,0.3250,0.5714,7,5,1,0,0,5,1,0.8000
4,212.0000,22,18,716.4549,-86.5913,-1.2282,15,0.3750,0.6667,6,8,6,0,0,8,6,0.2500
4,212.0000,22,19,877.2668,-89.1616,0.3714,8,0.2000,1.0000,8,8,8,0,0,8,8,0.0000
4,212.0000,22,21,942.4753,-87.5976,-0.7183,10,0.2500,1.0000,8,6,6,0,0,6,6,0.0000
4,212.0000,23,2,526.4581,-85.6293,0.0553,25,0.6250,0.5000,6,7,3,0,0,7,3,0.5714
4,212.0000,23,3,320.9618,-82.0224,0.4031,32,0.8000,0.2000,5,6,3,0,0,6,3,0.5000
4,212.0000,23,4,693.1032,-87.6765,0.0801,18,0.4500,0.6667,6,5,2,0,0,5,2,0.6000
4,212.0000,23,5,343.7156,-82.8436,0.3438,35,0.8750,0.0000,4,4,0,0,0,4,0,1.0000
4,212.0000,23,10,886.1547,-88.6337,1.3704,4,0.1000,1.0000,8,8,8,0,0,8,8,0.0000
4,212.0000,23,11,655.8469,-86.5560,-0.3971,19,0.4750,1.0000,8,7,5,0,0,7,5,0.2857
4,212.0000,23,12,707.3151,-86.9682,-0.7385,15,0.3750,0.7500,8,8,7,0,0,8,7,0.1250
4,212.0000,23,13,854.0356,-88.4109,-0.1753,7,0.1750,0.8750,8,8,8,0,0,8,8,0.0000
4,212.0000,23,14,795.3540,-87.7436,-0.0554,14,0.3500,1.0000,8,8,8,0,0,8,8,0.0000
4,212.0000,23,20,1024.0901,-88.7169,0.2572,3,0.0750,1.0000,4,8,8,0,0,8,8,0.0000
4,212.0000,23,21,955.4202,-88.5247,0.4518,4,0.1000,1.0000,4,8,8,0,0,8,8,0.0000
4,212.0000,23,24,948.6199,-88.7449,-0.4516,9,0.2250,1.0000,8,6,6,0,0,6,6,0.0000
4,212.0000,23,25,653.6293,-87.1614,-0.0662,20,0.5000,0.8750,8,5,2,0,0,5,2,0.6000
4,212.0000,24,2,560.5286,-85.9360,-0.0131,22,0.5500,0.0000,4,5,3,0,0,5,3,0.4000
4,212.0000,24,3,910.4735,-88.3976,-0.3925,4,0.1000,0.8571,7,7,6,0,0,7,6,0.1429
4,212.0000,24,4,684.3260,-87.1615,0.2494,15,0.3750,0.8571,7,8,7,0,0,8,7,0.1250
4,212.0000,24,14,437.6840,-84.9819,-0.0660,28,0.7000,0.4000,5,4,0,13,6,17,6,0.6471
4,212.0000,24,20,1052.4036,-89.5218,-0.3410,3,0.0750,1.0000,4,8,8,0,0,8,8,0.0000
4,212.0000,24,23,948.6199,-88.2275,-0.0453,8,0.2000,1.0000,8,8,8,0,0,8,8,0.0000
4,212.0000,24,25,817.0255,-88.3747,-0.3835,9,0.2250,1.0000,6,10,10,0,0,10,10,0.0000
4,212.0000,25,2,708.8186,-88.3814,0.1282,9,0.2250,0.8571,7,8,5,0,0,8,5,0.3750
4,212.0000,25,5,776.4808,-87.8765,-0.0584,5,0.1250,1.0000,8,7,6,0,0,7,6,0.1429
4,212.0000,25,14,772.6188,-87.5612,-0.3087,11,0.2750,0.8750,8,6,4,0,0,6,4,0.3333
4,212.0000,25,23,653.6293,-86.6664,-0.8260,13,0.3250,0.8750,8,7,4,0,0,7,4,0.4286
4,212.0000,25,24,817.0255,-87.2995,-0.1719,12,0.3000,0.8571,7,8,8,0,0,8,8,0.0000
4,216.0000,0,6,704.1699,-88.0028,0.3718,18,0.4390,0.8333,6,9,8,0,0,9,8,0.1111
4,216.0000,0,7,624.2842,-86.1482,-0.3895,23,0.5610,0.3333,6,7,5,0,0,7,5,0.2857
4,216.0000,0,9,514.1623,-84.7183,-0.3749,27,0.6585,0.0000,4,6,3,0,0,6,3,0.5000
4,216.0000,0,11,932.8353,-89.1718,0.2916,5,0.1220,1.0000,10,8,7,0,0,8,7,0.1250
4,216.0000,0,12,887.9921,-88.8091,-1.4505,6,0.1463,1.0000,8,8,8,0,0,8,8,0.0000
4,216.0000,0,13,737.9517,-88.3738,-0.4451,8,0.1951,1.0000,8,8,8,0,0,8,8,0.0000
4,216.0000,0,15,406.6004,-83.1907,-1.0530,35,0.8537,0.3333,6,4,0,0,0,4,0,1.0000
4,216.0000,0,16,974.7455,-89.0409,0.5509,3,0.0732,1.0000,8,8,8,0,0,8,8,0.0000
4,216.0000,0,17,727.7959,-88.0698,-0.3955,17,0.4146,0.7143,7,8,8,10,10,18,18,0.0000
4,216.0000,0,18,631.1800,-86.9616,-0.2374,24,0.5854,0.5714,7,6,3,0,0,6,3,0.5000
4,216.0000,0,19,533.1750,-86.4057,-0.2270,26,0.6341,0.6667,6,6,2,0,0,6,2,0.6667
4,216.0000,0,21,844.8077,-87.9917,0.6296,8,0.1951,1.0000,8,8,8,0,0,8,8,0.0000
4,216.0000,0,22,602.9659,-86.5495,-0.3797,25,0.6098,0.6667,6,6,3,0,0,6,3,0.5000
4,216.0000,1,2,892.4153,-88.9748,0.9040,6,0.1463,1.0000,8,7,6,0,0,7,6,0.1429
4,216.0000,1,3,780.6375,-88.0155,0.3204,13,0.3171,0.9737,76,8,7,2,1,10,8,0.2000
4,216.0000,1,4,566.4934,-87.2245,0.2191,27,0.6585,0.5714,7,5,2,0,0,5,2,0.6000
4,216.0000,1,5,934.9224,-88.8948,1.0476,4,0.0976,1.0000,8,8,8,0,0,8,8,0.0000
4,216.0000,1,8,241.6957,-77.1918,-1.2905,39,0.9512,0.0000,4,4,0,0,0,4,0,1.0000
4,216.0000,1,10,229.6755,-78.7840,0.6789,37,0.9024,0.2000,5,4,0,0,0,4,0,1.0000
4,216.0000,1,11,755.5558,-87.7060,-0.0709,13,0.3171,0.8750,8,8,7,0,0,8,7,0.1250
4,216.0000,1,12,737.9072,-88.0173,-0.1005,16,0.3902,0.8750,8,7,6,0,0,7,6,0.1429
4,216.0000,1,13,919.7114,-88.3550,-0.2139,9,0.2195,1.0000,8,8,8,0,0,8,8,0.0000
4,216.0000,1,14,900.8044,-88.4369,-1.5609,3,0.0732,1.0000,8,8,8,0,0,8,8,0.0000
4,216.0000,1,16,450.6909,-83.2649,-1.1465,37,0.9024,0.2000,5,8,7,0,0,8,7,0.1250
4,216.0000,1,19,1110.0297,-88.0708,-0.9849,4,0.0976,1.0000,4,6,6,0,0,6,6,0.0000
4,216.0000,1,20,403.5220,-84.3613,-0.0590,30,0.7317,0.7143,7,4,0,0,0,4,0,1.0000
4,216.0000,1,24,1192.4253,-89.7140,0.0637,3,0.0732,1.0000,4,4,4,0,0,4,4,0.0000
4,216.0000,2,1,892.4153,-88.3788,0.1767,8,0.2000,0.8571,7,8,8,0,0,8,8,0.0000
4,216.0000,2,3,322.1218,-82.3341,1.3465,33,0.8250,0.6667,6,5,1,0,0,5,1,0.8000
4,216.0000,2,4,358.2429,-81.4985,-0.6142,35,0.8750,0.0000,4,4,0,0,0,4,0,1.0000
4,216.0000,2,5,426.7196,-85.2605,0.6722,34,0.8500,0.2000,5,4,0,0,0,4,0,1.0000
4,216.0000,2,8,972.3811,-89.3642,-1.4225,3,0.0750,1.0000,8,8,8,0,0,8,8,0.0000
4,216.0000,2,10,667.0147,-86.6217,-0.2612,26,0.6500,0.5000,6,7,5,0,0,7,5,0.2857
4,216.0000,2,11,801.5598,-87.9041,-0.0785,13,0.3250,0.6667,6,8,8,0,0,8,8,0.0000
4,216.0000,2,12,843.4380,-87.9125,-0.3399,6,0.1500,0.8571,7,7,6,0,0,7,6,0.1429
4,216.0000,2,14,448.4273,-83.2087,-1.0721,35,0.8750,0.0000,4,4,0,0,0,4,0,1.0000
4,216.0000,2,20,741.4197,-87.5345,0.0298,20,0.5000,0.7143,7,8,6,0,0,8,6,0.2500
4,216.0000,2,23,481.0413,-85.6891,-0.0759,34,0.8500,0.5000,6,5,1,0,0,5,1,0.8000
4,216.0000,2,24,637.3910,-86.7982,-0.1097,30,0.7500,0.5000,6,7,5,0,0,7,5,0.2857
4,216.0000,2,25,549.6540,-86.7870,-0.0535,29,0.7250,0.4000,5,6,3,0,0,6,3,0.5000
4,216.0000,3,1,780.6375,-87.4975,0.2971,10,0.2500,0.6667,6,8,6,0,0,8,6,0.2500
4,216.0000,3,2,322.1218,-82.9251,0.8604,32,0.8000,0.0000,4,4,0,0,0,4,0,1.0000
4,216.0000,3,4,406.9287,-84.8444,0.3355,27,0.6750,0.5000,6,4,0,0,0,4,0,1.0000
4,216.0000,3,5,411.8322,-83.2895,-0.1907,29,0.7250,0.6667,6,5,1,0,0,5,1,0.8000
4,216.0000,3,8,790.0671,-88.2734,0.1753,7,0.1750,0.8750,8,8,8,0,0,8,8,0.0000
4,216.0000,3,10,591.4376,-86.0654,0.1247,22,0.5500,0.7143,7,6,4,0,0,6,4,0.3333
4,216.0000,3,11,652.5989,-86.7324,0.1905,23,0.5750,0.6667,6,7,5,0,0,7,5,0.2857
4,216.0000,3,12,677.7502,-86.7747,-0.1351,20,0.5000,0.6667,6,8,7,0,0,8,7,0.1250
4,216.0000,3,13,828.2193,-88.5620,0.3208,10,0.2500,0.6667,6,7,6,0,0,7,6,0.1429
4,216.0000,3,14,711.0961,-87.9321,0.1835,17,0.4250,0.5000,6,5,1,0,0,5,1,0.8000
4,216.0000,3,16,954.1451,-89.0936,-0.2718,4,0.1000,1.0000,8,6,6,0,0,6,6,0.0000
4,216.0000,3,20,775.1310,-87.5433,0.1154,13,0.3250,0.6000,5,10,9,0,0,10,9,0.1000
4,216.0000,3,21,942.0878,-89.1932,0.2779,5,0.1250,1.0000,8,7,6,0,0,7,6,0.1429
4,216.0000,3,23,328.9113,-82.0603,0.4546,35,0.8750,0.0000,4,5,1,0,0,5,1,0.8000
4,216.0000,3,24,863.5072,-88.4536,-0.8864,7,0.1750,1.0000,8,7,3,0,0,7,3,0.5714
4,216.0000,3,25,748.3475,-87.6496,0.2529,15,0.3750,0.6667,6,7,5,0,0,7,5,0.2857
4,216.0000,4,1,566.4934,-86.7130,0.3200,22,0.5500,0.5000,6,4,0,0,0,4,0,1.0000
4,216.0000,4,2,358.2429,-81.0201,-1.2834,34,0.8500,0.0000,4,4,0,0,0,4,0,1.0000
4,216.0000,4,3,406.9287,-84.7110,0.7202,29,0.7250,0.4000,5,5,2,25,11,30,13,0.5667
4,216.0000,4,5,480.4606,-86.0205,0.8079,28,0.7000,0.4000,5,6,2,0,0,6,2,0.6667
4,216.0000,4,8,671.2882,-87.1338,0.7932,11,0.2750,0.8750,8,7,5,0,0,7,5,0.2857
4,216.0000,4,10,347.8720,-82.7566,0.0654,31,0.7750,0.0000,4,4,0,0,0,4,0,1.0000
4,216.0000,4,11,623.0464,-87.4377,-0.1445,18,0.4500,0.5000,6,5,4,0,0,5,4,0.2000
4,216.0000,4,12,653.4396,-87.4258,0.9611,16,0.4000,0.8750,8,7,5,0,0,7,5,0.2857
4,216.0000,4,13,839.1477,-88.1399,0.3353,11,0.2750,1.0000,8,8,7,0,0,8,7,0.1250
4,216.0000,4,14,459.8687,-83.2260,-0.5904,36,0.9000,0.4000,5,6,4,0,0,6,4,0.3333
4,216.0000,4,16,818.7065,-88.1416,0.3117,10,0.2500,1.0000,8,8,8,0,0,8,8,0.0000
4,216.0000,4,20,395.1780,-83.5455,0.3146,28,0.7000,0.6000,5,4,0,0,0,4,0,1.0000
4,216.0000,4,23,657.6112,-87.1870,-0.2299,25,0.6250,0.6250,8,6,4,0,0,6,4,0.3333
4,216.0000,4,24,808.1103,-87.6775,-0.5331,13,0.3250,1.0000,8,7,6,0,0,7,6,0.1429
4,216.0000,4,25,883.0209,-89.0045,0.4316,8,0.2000,1.0000,8,8,8,0,0,8,8,0.0000
4,216.0000,5,1,934.9224,-88.6567,0.4410,5,0.1250,1.0000,8,8,8,0,0,8,8,0.0000
4,216.0000,5,2,426.7196,-85.6493,0.5332,36,0.9000,0.2000,5,4,0,0,0,4,0,1.0000
4,216.0000,5,3,411.8322,-84.0335,-0.0415,36,0.9000,0.0000,4,5,1,0,0,5,1,0.8000
4,216.0000,5,4,480.4606,-86.3041,0.3806,31,0.7750,0.7143,7,6,4,0,0,6,4,0.3333
4,216.0000,5,8,928.7804,-88.7880,0.0035,6,0.1500,1.0000,8,8,8,0,0,8,8,0.0000
4,216.0000,5,10,758.7559,-88.8161,0.3547,14,0.3500,0.8571,7,8,8,0,0,8,8,0.0000
4,216.0000,5,11,479.2431,-84.3436,-0.1803,37,0.9250,0.0000,4,8,6,0,0,8,6,0.2500
4,216.0000,5,12,533.8037,-85.3745,-0.6637,34,0.8500,0.4000,5,6,4,0,0,6,4,0.3333
4,216.0000,5,13,635.4145,-86.9848,0.0995,27,0.6750,0.3333,6,7,6,0,0,7,6,0.1429
4,216.0000,5,14,776.0526,-87.8936,-0.6144,16,0.4000,0.8571,7,7,6,0,0,7,6,0.1429
4,216.0000,5,16,991.2026,-89.2299,-0.0536,8,0.2000,1.0000,6,8,8,0,0,8,8,0.0000
4,216.0000,5,18,1085.8042,-89.1184,0.0411,4,0.1000,1.0000,6,4,3,0,0,4,3,0.2500
4,216.0000,5,20,798.9765,-88.1843,-0.2527,13,0.3250,0.8571,7,8,7,0,0,8,7,0.1250
4,216.0000,5,21,910.1651,-88.3995,0.4765,6,0.1500,1.0000,12,7,6,0,0,7,6,0.1429
4,216.0000,5,23,349.1539,-82.8050,-0.1870,38,0.9500,0.4000,5,5,1,0,0,5,1,0.8000
4,216.0000,5,24,1060.0674,-88.7055,-0.0720,5,0.1250,1.0000,8,4,4,0,0,4,4,0.0000
4,216.0000,5,25,668.8196,-87.9372,0.4364,21,0.5250,0.8750,8,7,5,0,0,7,5,0.2857
4,216.0000,6,0,704.1699,-88.0259,0.2038,17,0.4146,0.5000,6,7,6,69,66,76,72,0.0526
4,216.0000,6,9,208.4131,-78.6050,0.3810,40,0.9756,0.0652,46,4,0,4,0,8,0,1.0000
4,216.0000,6,15,744.4658,-87.8389,0.6087,12,0.2927,0.7143,7,6,6,0,0,6,6,0.0000
4,216.0000,6,17,989.7582,-88.5570,-0.8745,4,0.0976,1.0000,8,8,8,0,0,8,8,0.0000
4,216.0000,6,18,970.5098,-88.7452,-0.6394,5,0.1220,1.0000,8,8,8,0,0,8,8,0.0000
4,216.0000,6,19,1015.2862,-88.8304,0.2428,5,0.1220,1.0000,8,4,4,2,2,6,6,0.0000
4,216.0000,6,22,219.1354,-77.8543,-0.3480,41,1.0000,0.0000,4,4,0,0,0,4,0,1.0000
4,216.0000,7,0,624.2842,-86.0150,0.0554,26,0.6341,0.2000,5,8,8,0,0,8,8,0.0000
4,216.0000,7,8,1045.9170,-89.3846,0.1846,3,0.0732,1.0000,6,6,6,0,0,6,6,0.0000
4,216.0000,7,9,957.2676,-87.8210,0.3618,6,0.1463,1.0000,8,8,8,0,0,8,8,0.0000
4,216.0000,7,13,981.2870,-88.9610,0.4458,4,0.0976,1.0000,8,4,4,0,0,4,4,0.0000
4,216.0000,7,15,502.5844,-85.5336,-0.1724,27,0.6585,0.4000,5,7,5,0,0,7,5,0.2857
4,216.0000,7,16,784.8811,-88.5704,0.5699,9,0.2195,1.0000,8,8,7,0,0,8,7,0.1250
4,216.0000,7,17,445.7306,-84.6289,0.3065,34,0.8293,0.0000,4,4,0,0,0,4,0,1.0000
4,216.0000,7,19,514.2093,-85.4150,-0.4311,27,0.6585,0.3333,6,7,5,0,0,7,5,0.2857
4,216.0000,7,22,1015.7035,-89.1450,-0.5957,3,0.0732,1.0000,8,8,8,0,0,8,8,0.0000
4,216.0000,8,1,241.6957,-76.7700,-1.0405,36,0.9000,0.0000,4,4,0,0,0,4,0,1.0000
4,216.0000,8,2,972.3811,-88.9210,0.0023,6,0.1500,1.0000,2,6,5,0,0,6,5,0.1667
4,216.0000,8,3,790.0671,-88.3991,-0.0710,11,0.2750,0.8750,8,8,8,0,0,8,8,0.0000
4,216.0000,8,4,671.2882,-87.8416,0.4257,13,0.3250,1.0000,8,8,7,0,0,8,7,0.1250
4,216.0000,8,10,390.0413,-83.2199,-0.0934,32,0.8000,0.2000,5,5,1,0,0,5,1,0.8000
4,216.0000,8,11,654.6262,-87.1748,0.6676,15,0.3750,0.7143,7,7,6,0,0,7,6,0.1429
4,216.0000,8,12,619.7424,-87.9099,-0.0831,12,0.3000,1.0000,8,7,5,0,0,7,5,0.2857
4,216.0000,8,13,778.9566,-87.9361,-0.0909,13,0.3250,0.8750,8,8,7,0,0,8,7,0.1250
4,216.0000,8,16,271.3014,-78.5335,-0.9806,37,0.9250,0.0000,4,4,0,0,0,4,0,1.0000
4,216.0000,8,19,877.5541,-88.0458,0.3966,10,0.2500,0.8571,7,8,8,0,0,8,8,0.0000
4,216.0000,8,20,580.4003,-85.8418,-0.3675,29,0.7250,0.4000,5,6,3,0,0,6,3,0.5000
4,216.0000,9,0,514.1623,-85.7413,0.2880,26,0.6500,0.4000,5,6,4,0,0,6,4,0.3333
4,216.0000,9,6,208.4131,-79.3694,0.3701,40,1.0000,0.0000,4,4,0,0,0,4,0,1.0000
4,216.0000,9,7,957.2676,-88.2936,-0.4622,9,0.2250,1.0000,8,6,6,0,0,6,6,0.0000
4,216.0000,9,15,598.3117,-86.1473,-0.3785,27,0.6750,0.5000,6,7,4,0,0,7,4,0.4286
4,216.0000,9,17,861.4805,-87.2389,-0.7733,15,0.3750,0.9765,85,8,8,8,7,16,15,0.0625
4,216.0000,9,18,882.2527,-88.8681,-0.0922,9,0.2250,1.0000,8,8,8,0,0,8,8,0.0000
4,216.0000,9,19,872.0824,-88.9085,0.0087,11,0.2750,1.0000,8,8,8,0,0,8,8,0.0000
4,216.0000,9,22,239.8678,-79.5539,0.1781,39,0.9750,0.0000,4,4,0,0,0,4,0,1.0000
4,216.0000,10,1,229.6755,-78.5520,0.0828,40,1.0000,0.2600,50,4,0,1,0,5,0,1.0000
4,216.0000,10,2,667.0147,-87.2850,0.3941,25,0.6250,0.8571,7,8,6,0,0,8,6,0.2500
4,216.0000,10,3,591.4376,-86.6686,0.1365,33,0.8250,0.7273,11,7,6,0,0,7,6,0.1429
4,216.0000,10,4,347.8720,-83.5865,0.2095,36,0.9000,0.2000,5,5,1,32,18,37,19,0.4865
4,216.0000,10,5,758.7559,-87.8355,-0.0476,18,0.4500,1.0000,8,5,2,0,0,5,2,0.6000
4,216.0000,10,8,390.0413,-83.0698,-0.1494,40,1.0000,0.4769,65,5,2,65,38,70,40,0.4286
4,216.0000,10,11,693.6029,-87.3193,-0.3842,23,0.5750,0.8571,7,6,4,0,0,6,4,0.3333
4,216.0000,10,12,693.4052,-88.0198,-0.4930,20,0.5000,0.7500,8,8,8,0,0,8,8,0.0000
4,216.0000,10,13,889.2787,-87.4229,-0.9716,11,0.2750,0.7143,7,8,8,0,0,8,8,0.0000
4,216.0000,10,14,689.4580,-87.7277,0.0837,18,0.4500,0.8750,8,8,8,0,0,8,8,0.0000
4,216.0000,10,16,596.0504,-86.2293,-0.0844,34,0.8500,0.8333,12,7,6,32,31,39,37,0.0513
4,216.0000,10,20,314.0028,-82.0782,-0.0770,40,1.0000,0.0000,4,4,0,7,4,11,4,0.6364
4,216.0000,10,23,885.3790,-88.3543,-0.2128,14,0.3500,1.0000,8,8,8,0,0,8,8,0.0000
4,216.0000,10,24,985.5715,-89.1493,-0.3417,5,0.1250,,0,6,6,0,0,6,6,0.0000
4,216.0000,11,0,932.8353,-88.9725,-0.9914,4,0.1000,1.0000,8,8,8,0,0,8,8,0.0000
4,216.0000,11,1,755.5558,-88.4228,-0.0341,17,0.4250,0.8571,7,8,8,0,0,8,8,0.0000
4,216.0000,11,2,801.5598,-88.0412,-0.2326,14,0.3500,0.8571,7,8,8,0,0,8,8,0.0000
4,216.0000,11,3,652.5989,-86.1300,-0.9200,27,0.6750,0.8571,7,9,8,0,0,9,8,0.1111
4,216.0000,11,4,623.0464,-87.0708,-0.1184,22,0.5500,0.4000,5,5,2,0,0,5,2,0.6000
4,216.0000,11,5,479.2431,-84.3593,-0.3388,36,0.9000,0.3333,6,8,7,0,0,8,7,0.1250
4,216.0000,11,8,654.6262,-87.9450,-0.0556,17,0.4250,1.0000,8,5,2,38,38,43,40,0.0698
4,216.0000,11,10,693.6029,-87.5781,-0.0060,18,0.4500,0.2000,5,8,5,0,0,8,5,0.3750
4,216.0000,11,12,62.6765,-67.8254,1.0277,38,0.9500,0.0000,4,5,1,0,0,5,1,0.8000
4,216.0000,11,13,216.4765,-78.0874,0.5104,38,0.9500,0.2963,54,4,0,6,2,10,2,0.8000
4,216.0000,11,14,1054.2013,-88.0188,-0.0756,3,0.0750,1.0000,8,8,8,0,0,8,8,0.0000
4,216.0000,11,16,603.1054,-86.9569,-0.0321,27,0.6750,0.5000,6,7,3,32,30,39,33,0.1538
4,216.0000,11,18,820.1854,-88.4206,-0.3284,10,0.2500,0.9375,16,8,8,0,0,8,8,0.0000
4,216.0000,11,19,947.7503,-87.9919,0.5516,5,0.1250,1.0000,6,8,7,0,0,8,7,0.1250
4,216.0000,11,20,737.4858,-87.6143,-0.2857,18,0.4500,0.5714,7,7,6,0,0,7,6,0.1429
4,216.0000,11,21,721.1494,-88.1387,-0.0080,19,0.4750,1.0000,8,8,8,0,0,8,8,0.0000
4,216.0000,11,23,676.5761,-87.2664,-0.1239,26,0.6500,0.6667,6,5,2,0,0,5,2,0.6000
4,216.0000,12,0,887.9921,-87.7152,-0.7345,6,0.1463,1.0000,6,8,8,0,0,8,8,0.0000
4,216.0000,12,1,737.9072,-87.9795,-0.1106,15,0.3659,0.8750,8,8,7,0,0,8,7,0.1250
4,216.0000,12,2,843.4380,-88.2831,-0.0532,12,0.2927,0.8571,7,8,8,0,0,8,8,0.0000
4,216.0000,12,3,677.7502,-85.8437,-0.2847,18,0.4390,0.6250,8,8,7,0,0,8,7,0.1250
4,216.0000,12,4,653.4396,-86.8829,-0.0263,15,0.3659,0.8750,8,5,2,0,0,5,2,0.6000
4,216.0000,12,5,533.8037,-85.7230,-0.1016,31,0.7561,0.5000,6,7,5,0,0,7,5,0.2857
4,216.0000,12,8,619.7424,-86.8739,0.8205,16,0.3902,0.5000,6,7,4,0,0,7,4,0.4286
4,216.0000,12,10,693.4052,-87.1312,0.0286,19,0.4634,0.8750,8,7,6,0,0,7,6,0.1429
4,216.0000,12,11,62.6765,-67.8913,0.6983,39,0.9512,0.0000,4,4,0,0,0,4,0,1.0000
4,216.0000,12,13,197.1786,-75.4399,-0.7012,38,0.9268,0.2000,5,6,2,0,0,6,2,0.6667
4,216.0000,12,15,1084.2470,-88.9836,-0.4520,4,0.0976,1.0000,4,4,4,0,0,4,4,0.0000
4,216.0000,12,16,556.2893,-86.4688,-0.7109,24,0.5854,0.5000,6,5,2,0,0,5,2,0.6000
4,216.0000,12,18,792.8349,-88.5374,0.1340,7,0.1707,0.8750,8,8,8,0,0,8,8,0.0000
4,216.0000,12,19,886.1057,-88.6374,0.1766,7,0.1707,1.0000,8,8,8,0,0,8,8,0.0000
4,216.0000,12,20,750.1311,-88.0916,-0.0493,13,0.3171,0.6667,6,7,6,0,0,7,6,0.1429
4,216.0000,12,21,698.4342,-87.7476,-0.2381,13,0.3171,0.8750,8,7,5,0,0,7,5,0.2857
4,216.0000,12,23,711.1624,-87.5667,-0.4812,13,0.3171,0.5000,6,8,8,0,0,8,8,0.0000
4,216.0000,13,0,737.9517,-87.4050,-0.2163,17,0.4250,1.0000,8,7,5,0,0,7,5,0.2857
4,216.0000,13,1,919.7114,-88.1398,0.3355,14,0.3500,0.8571,7,8,8,0,0,8,8,0.0000
4,216.0000,13,2,996.8200,-89.3511,-1.7598,3,0.0750,1.0000,8,8,8,0,0,8,8,0.0000
4,216.0000,13,3,828.2193,-87.9272,0.0383,14,0.3500,1.0000,8,8,8,0,0,8,8,0.0000
4,216.0000,13,4,839.1477,-88.1705,0.4167,5,0.1250,1.0000,8,8,8,0,0,8,8,0.0000
4,216.0000,13,5,635.4145,-86.9131,0.0313,23,0.5750,0.5714,7,7,5,0,0,7,5,0.2857
4,216.0000,13,7,981.2870,-87.9636,0.5013,6,0.1500,0.8571,7,8,8,0,0,8,8,0.0000
4,216.0000,13,8,778.9566,-88.4899,0.6703,15,0.3750,1.0000,8,8,8,0,0,8,8,0.0000
4,216.0000,13,10,889.2787,-88.2401,-0.6858,10,0.2500,1.0000,8,8,8,0,0,8,8,0.0000
4,216.0000,13,11,216.4765,-78.3163,0.8109,34,0.8500,0.0000,4,4,0,0,0,4,0,1.0000
4,216.0000,13,12,197.1786,-75.8709,0.0423,35,0.8750,0.0000,4,6,2,0,0,6,2,0.6667
4,216.0000,13,15,989.5350,-88.6028,-0.4081,8,0.2000,1.0000,10,6,6,0,0,6,6,0.0000
4,216.0000,13,16,668.9771,-87.1987,0.2030,19,0.4750,0.8750,8,8,8,0,0,8,8,0.0000
4,216.0000,13,18,648.3255,-86.8475,0.4686,16,0.4000,1.0000,8,6,4,0,0,6,4,0.3333
4,216.0000,13,19,840.0041,-88.0259,-0.3927,12,0.3000,0.9875,80,6,6,8,8,14,14,0.0000
4,216.0000,13,20,933.0786,-88.5734,0.1044,12,0.3000,0.9000,10,8,8,0,0,8,8,0.0000
4,216.0000,13,21,617.2100,-87.4640,-0.3592,19,0.4750,0.6667,6,6,3,0,0,6,3,0.5000
4,216.0000,13,23,794.5074,-87.3193,0.0783,9,0.2250,1.0000,6,8,8,0,0,8,8,0.0000
4,216.0000,14,1,900.8044,-88.7769,-0.0549,7,0.1750,1.0000,6,7,6,0,0,7,6,0.1429
4,216.0000,14,2,448.4273,-83.0023,-0.3782,36,0.9000,0.0000,4,7,5,0,0,7,5,0.2857
4,216.0000,14,3,711.0961,-87.3280,-0.1124,17,0.4250,1.0000,8,7,4,0,0,7,4,0.4286
4,216.0000,14,4,459.8687,-83.2358,-1.1764,34,0.8500,0.0000,4,5,1,0,0,5,1,0.8000
4,216.0000,14,5,776.0526,-88.4789,0.2712,13,0.3250,0.7143,7,7,6,0,0,7,6,0.1429
4,216.0000,14,10,689.4580,-87.5224,0.1431,19,0.4750,0.8571,7,7,4,0,0,7,4,0.4286
4,216.0000,14,11,1054.2013,-88.5471,-0.2955,4,0.1000,1.0000,8,6,6,0,0,6,6,0.0000
4,216.0000,14,12,1093.3472,-89.0284,-0.0146,3,0.0750,1.0000,4,8,8,0,0,8,8,0.0000
4,216.0000,14,20,630.6403,-87.0704,0.6280,25,0.6250,0.5714,7,7,5,0,0,7,5,0.2857
4,216.0000,14,23,925.1712,-88.1561,-0.4817,8,0.2000,0.8750,8,8,8,0,0,8,8,0.0000
4,216.0000,14,24,472.6306,-85.1327,-0.4979,35,0.8750,0.3684,19,5,1,0,0,5,1,0.8000
4,216.0000,14,25,819.1757,-88.3778,0.1629,19,0.4750,0.9231,13,6,4,0,0,6,4,0.3333
4,216.0000,15,0,406.6004,-82.6605,-0.8391,29,0.7250,0.0000,4,6,2,0,0,6,2,0.6667
4,216.0000,15,6,744.4658,-88.4962,-0.1966,14,0.3500,0.8571,7,8,7,0,0,8,7,0.1250
4,216.0000,15,7,502.5844,-85.3986,0.0567,26,0.6500,0.2000,5,5,1,0,0,5,1,0.8000
4,216.0000,15,9,598.3117,-86.8367,-0.2234,28,0.7000,0.7143,7,6,3,0,0,6,3,0.5000
4,216.0000,15,13,989.5350,-88.2895,-0.1257,8,0.2000,1.0000,8,8,8,0,0,8,8,0.0000
4,216.0000,15,17,361.6091,-83.1260,0.0199,36,0.9000,0.2000,5,5,2,0,0,5,2,0.6000
4,216.0000,15,18,872.9879,-87.6208,-0.2682,11,0.2750,1.0000,8,8,8,0,0,8,8,0.0000
4,216.0000,15,19,312.3308,-81.8313,0.1611,36,0.9000,0.0000,4,4,0,0,0,4,0,1.0000
4,216.0000,15,21,1027.5364,-88.8314,-1.4389,3,0.0750,1.0000,8,4,4,0,0,4,4,0.0000
4,216.0000,15,22,567.3334,-86.3183,-0.3650,32,0.8000,0.2000,5,5,2,0,0,5,2,0.6000
4,216.0000,16,0,974.7455,-88.3520,-0.6672,6,0.1500,1.0000,2,8,8,0,0,8,8,0.0000
4,216.0000,16,1,450.6909,-83.0315,-1.0054,36,0.9000,0.4000,5,6,3,0,0,6,3,0.5000
4,216.0000,16,3,954.1451,-88.4630,-0.2241,5,0.1250,0.9167,12,2,1,0,0,2,1,0.5000
4,216.0000,16,4,818.7065,-87.9329,-0.0399,9,0.2250,1.0000,8,8,8,0,0,8,8,0.0000
4,216.0000,16,5,991.2026,-88.4411,-0.3203,6,0.1500,1.0000,8,8,8,0,0,8,8,0.0000
4,216.0000,16,7,784.8811,-88.0937,-0.5336,9,0.2250,1.0000,8,8,6,0,0,8,6,0.2500
4,216.0000,16,8,271.3014,-78.7550,-0.8496,40,1.0000,0.0000,4,6,3,0,0,6,3,0.5000
4,216.0000,16,10,596.0504,-85.5300,-0.6110,28,0.7000,0.5000,6,7,6,0,0,7,6,0.1429
4,216.0000,16,11,603.1054,-87.3468,0.1345,20,0.5000,0.2000,5,7,6,2,2,9,8,0.1111
4,216.0000,16,12,556.2893,-85.9438,0.5158,26,0.6500,0.8571,7,6,4,0,0,6,4,0.3333
4,216.0000,16,13,668.9771,-86.4276,-0.4209,24,0.6000,0.5714,7,7,6,0,0,7,6,0.1429
4,216.0000,16,15,964.0014,-88.6871,0.3603,5,0.1250,1.0000,8,4,3,0,0,4,3,0.2500
4,216.0000,16,19,692.6261,-87.8423,0.3057,13,0.3250,0.6667,6,8,8,10,9,18,17,0.0556
4,216.0000,16,20,681.1286,-86.3308,-0.3722,29,0.7250,0.5000,6,6,4,0,0,6,4,0.3333
4,216.0000,16,21,1035.7513,-88.9899,-0.8507,3,0.0750,1.0000,6,4,4,0,0,4,4,0.0000
4,216.0000,17,0,727.7959,-87.2740,-0.2535,21,0.5250,0.7143,7,7,6,0,0,7,6,0.1429
4,216.0000,17,6,989.7582,-89.3606,-0.0173,5,0.1250,1.0000,8,6,6,0,0,6,6,0.0000
4,216.0000,17,7,445.7306,-84.6913,0.4227,36,0.9000,0.5000,6,6,1,0,0,6,1,0.8333
4,216.0000,17,9,861.4805,-88.3236,-0.6122,18,0.4500,0.8571,7,8,8,0,0,8,8,0.0000
4,216.0000,17,15,361.6091,-83.0316,-0.1879,38,0.9500,0.2000,5,4,0,0,0,4,0,1.0000
4,216.0000,17,19,475.5649,-85.4958,-0.3109,28,0.7000,0.0000,4,5,2,0,0,5,2,0.6000
4,216.0000,17,22,827.0063,-87.7984,0.5083,15,0.3750,0.5000,6,8,8,0,0,8,8,0.0000
4,216.0000,18,0,631.1800,-86.6912,-0.4163,18,0.4390,0.5714,7,7,6,0,0,7,6,0.1429
4,216.0000,18,3,1188.7557,-89.4078,-0.0747,4,0.0976,,0,4,4,0,0,4,4,0.0000
4,216.0000,18,6,970.5098,-88.8153,0.2904,9,0.2195,1.0000,8,6,6,0,0,6,6,0.0000
4,216.0000,18,9,882.2527,-88.7626,-0.0602,7,0.1707,0.8571,7,8,8,0,0,8,8,0.0000
4,216.0000,18,11,820.1854,-88.3608,0.3104,9,0.2195,1.0000,8,8,7,0,0,8,7,0.1250
4,216.0000,18,12,792.8349,-87.9600,0.4246,10,0.2439,1.0000,8,8,6,0,0,8,6,0.2500
4,216.0000,18,13,648.3255,-88.2612,-0.0297,16,0.3902,1.0000,8,6,4,70,67,76,71,0.0658
4,216.0000,18,15,872.9879,-87.7058,0.2241,9,0.2195,1.0000,8,8,8,0,0,8,8,0.0000
4,216.0000,18,19,841.0715,-87.8848,0.8435,7,0.1707,1.0000,8,7,6,0,0,7,6,0.1429
4,216.0000,18,21,295.6754,-80.5143,0.1098,39,0.9512,0.0000,5,6,2,0,0,6,2,0.6667
4,216.0000,18,22,872.5771,-87.3499,-0.2453,18,0.4390,0.8571,7,8,8,0,0,8,8,0.0000
4,216.0000,19,0,533.1750,-85.8230,0.1289,33,0.8250,0.0000,4,7,5,0,0,7,5,0.2857
4,216.0000,19,7,514.2093,-85.0076,-0.5755,34,0.8500,0.4000,5,5,2,0,0,5,2,0.6000
4,216.0000,19,8,877.5541,-88.9049,0.1298,10,0.2500,0.8750,8,8,8,0,0,8,8,0.0000
4,216.0000,19,9,872.0824,-88.6827,-0.7206,9,0.2250,1.0000,8,8,8,0,0,8,8,0.0000
4,216.0000,19,12,886.1057,-88.9216,-0.0084,10,0.2500,1.0000,8,8,8,0,0,8,8,0.0000
4,216.0000,19,13,840.0041,-88.8138,0.0569,9,0.2250,1.0000,8,8,8,0,0,8,8,0.0000
4,216.0000,19,15,312.3308,-81.9116,-0.6057,36,0.9000,0.0000,4,4,0,0,0,4,0,1.0000
4,216.0000,19,16,692.6261,-88.2645,0.5949,20,0.5000,1.0000,8,7,6,0,0,7,6,0.1429
4,216.0000,19,17,475.5649,-85.7958,0.0969,35,0.8750,0.2000,5,4,0,0,0,4,0,1.0000
4,216.0000,19,18,841.0715,-89.1459,0.3718,6,0.1500,1.0000,8,7,6,0,0,7,6,0.1429
4,216.0000,19,21,906.4245,-89.3352,0.2104,9,0.2250,1.0000,8,8,8,0,0,8,8,0.0000
4,216.0000,19,22,824.0800,-88.0188,-0.2113,12,0.3000,0.8333,6,7,6,0,0,7,6,0.1429
4,216.0000,20,1,403.5220,-83.6863,-0.0506,36,0.9000,0.4000,5,5,1,0,0,5,1,0.8000
4,216.0000,20,2,741.4197,-87.8760,-0.4508,20,0.5000,0.8750,8,8,8,0,0,8,8,0.0000
4,216.0000,20,3,775.1310,-88.2674,0.6733,19,0.4750,0.6000,5,8,7,6,6,14,13,0.0714
4,216.0000,20,4,395.1780,-83.9480,0.8596,33,0.8250,0.2000,5,4,0,0,0,4,0,1.0000
4,216.0000,20,5,798.9765,-88.8868,0.0125,9,0.2250,1.0000,8,6,4,0,0,6,4,0.3333
4,216.0000,20,8,580.4003,-85.8540,-0.2956,26,0.6500,0.5714,7,6,2,0,0,6,2,0.6667
4,216.0000,20,10,314.0028,-81.4744,-0.0439,35,0.8750,0.0000,4,4,0,0,0,4,0,1.0000
4,216.0000,20,11,737.4858,-88.2336,0.0394,13,0.3250,0.8571,7,7,6,0,0,7,6,0.1429
4,216.0000,20,12,750.1311,-87.7362,0.0062,15,0.3750,0.8571,7,8,8,0,0,8,8,0.0000
4,216.0000,20,13,933.0786,-88.3022,-0.6630,10,0.2500,1.0000,8,8,8,0,0,8,8,0.0000
4,216.0000,20,14,630.6403,-87.2216,0.1713,17,0.4250,0.9383,81,8,5,46,42,54,47,0.1296
4,216.0000,20,16,681.1286,-86.5199,-0.0445,21,0.5250,0.8571,7,7,6,0,0,7,6,0.1429
4,216.0000,20,23,1026.2636,-89.4518,-0.3618,4,0.1000,1.0000,8,8,8,0,0,8,8,0.0000
4,216.0000,20,24,1035.0560,-89.6458,-0.3213,3,0.0750,1.0000,6,8,8,0,0,8,8,0.0000
4,216.0000,21,0,844.8077,-88.3638,0.1492,9,0.2250,1.0000,88,8,8,6,6,14,14,0.0000
4,216.0000,21,3,942.0878,-89.8249,0.0340,3,0.0750,1.0000,10,8,8,0,0,8,8,0.0000
4,216.0000,21,5,910.1651,-88.5860,-0.1241,9,0.2250,1.0000,8,6,6,0,0,6,6,0.0000
4,216.0000,21,11,721.1494,-88.0664,0.2064,13,0.3250,1.0000,8,8,8,0,0,8,8,0.0000
4,216.0000,21,12,698.4342,-87.6549,-0.1353,18,0.4500,1.0000,8,8,7,0,0,8,7,0.1250
4,216.0000,21,13,617.2100,-87.0103,0.4242,18,0.4500,0.7143,7,7,5,0,0,7,5,0.2857
4,216.0000,21,15,1027.5364,-89.0117,0.0783,3,0.0750,0.8571,7,8,8,0,0,8,8,0.0000
4,216.0000,21,16,1035.7513,-88.7489,0.9451,4,0.1000,1.0000,8,6,6,0,0,6,6,0.0000
4,216.0000,21,18,295.6754,-80.4552,0.2345,37,0.9250,0.2000,5,5,2,43,8,48,10,0.7917
4,216.0000,21,19,906.4245,-89.2647,0.0709,7,0.1750,1.0000,10,8,8,0,0,8,8,0.0000
4,216.0000,21,23,806.7352,-88.9497,0.0690,8,0.2000,0.8571,7,8,7,0,0,8,7,0.1250
4,216.0000,22,0,602.9659,-87.8874,0.4076,20,0.5000,0.2857,7,5,1,0,0,5,1,0.8000
4,216.0000,22,6,219.1354,-77.0777,0.0919,40,1.0000,0.0000,4,4,0,0,0,4,0,1.0000
4,216.0000,22,7,1015.7035,-88.6871,0.3590,5,0.1250,1.0000,8,8,8,0,0,8,8,0.0000
4,216.0000,22,9,239.8678,-79.7189,0.2859,38,0.9500,0.0000,4,4,0,0,0,4,0,1.0000
4,216.0000,22,15,567.3334,-86.9469,0.2665,24,0.6000,0.0000,4,5,1,0,0,5,1,0.8000
4,216.0000,22,17,827.0063,-88.1574,-0.5268,8,0.2000,0.2000,5,7,5,0,0,7,5,0.2857
4,216.0000,22,18,872.5771,-88.0897,0.2385,12,0.3000,0.7500,8,8,8,0,0,8,8,0.0000
4,216.0000,22,19,824.0800,-88.6303,0.0046,11,0.2750,1.0000,8,8,8,0,0,8,8,0.0000
4,216.0000,23,2,481.0413,-85.4157,0.4211,32,0.8000,0.4286,7,4,0,0,0,4,0,1.0000
4,216.0000,23,3,328.9113,-80.8232,-0.1503,37,0.9250,0.5000,6,5,1,0,0,5,1,0.8000
4,216.0000,23,4,657.6112,-87.0781,-0.1856,16,0.4000,0.4000,5,7,3,0,0,7,3,0.5714
4,216.0000,23,5,349.1539,-82.8546,-0.0599,36,0.9000,0.0000,4,4,0,0,0,4,0,1.0000
4,216.0000,23,10,885.3790,-88.6180,0.0984,9,0.2250,1.0000,8,8,8,0,0,8,8,0.0000
4,216.0000,23,11,676.5761,-87.2040,-0.8864,17,0.4250,0.7143,7,7,4,0,0,7,4,0.4286
4,216.0000,23,12,711.1624,-87.5384,-0.1168,13,0.3250,0.8750,8,7,5,0,0,7,5,0.2857
4,216.0000,23,13,794.5074,-88.7953,-0.0063,13,0.3250,1.0000,8,7,6,0,0,7,6,0.1429
4,216.0000,23,14,925.1712,-88.7447,-0.4823,7,0.1750,1.0000,8,7,6,0,0,7,6,0.1429
4,216.0000,23,21,806.7352,-88.6607,0.3005,11,0.2750,1.0000,8,8,6,0,0,8,6,0.2500
4,216.0000,23,24,1061.8885,-88.4898,-0.1748,4,0.1000,1.0000,6,6,6,0,0,6,6,0.0000
4,216.0000,23,25,633.1891,-87.1881,0.1225,21,0.5250,0.4000,5,7,5,0,0,7,5,0.2857
4,216.0000,24,2,637.3910,-86.9500,-0.4121,19,0.4872,0.6000,5,10,9,0,0,10,9,0.1000
4,216.0000,24,3,863.5072,-89.5909,0.1220,3,0.0769,0.8571,7,6,6,0,0,6,6,0.0000
4,216.0000,24,4,808.1103,-88.0200,-0.4365,14,0.3590,0.8750,8,8,8,0,0,8,8,0.0000
4,216.0000,24,5,1060.0674,-89.3136,-0.4697,3,0.0769,1.0000,8,8,8,0,0,8,8,0.0000
4,216.0000,24,14,472.6306,-84.4172,0.0510,30,0.7692,0.3529,17,5,1,0,0,5,1,0.8000
4,216.0000,24,20,1035.0560,-88.9810,0.0314,3,0.0769,1.0000,8,5,4,0,0,5,4,0.2000
4,216.0000,24,25,848.0660,-88.4120,0.2667,11,0.2821,1.0000,10,7,6,0,0,7,6,0.1429
4,216.0000,25,2,549.6540,-87.0326,0.3096,28,0.7000,0.6250,8,4,0,0,0,4,0,1.0000
4,216.0000,25,3,748.3475,-88.2352,0.4089,11,0.2750,1.0000,8,8,6,0,0,8,6,0.2500
4,216.0000,25,4,883.0209,-88.9305,-0.0099,7,0.1750,1.0000,8,7,6,0,0,7,6,0.1429
4,216.0000,25,5,668.8196,-87.1225,0.1650,19,0.4750,0.8571,7,5,1,0,0,5,1,0.8000
4,216.0000,25,14,819.1757,-88.0909,-0.4874,17,0.4250,0.6667,6,8,8,0,0,8,8,0.0000
4,216.0000,25,23,633.1891,-87.2970,0.2131,20,0.5000,0.5714,7,7,5,0,0,7,5,0.2857
4,216.0000,25,24,848.0660,-88.4546,-0.1038,11,0.2750,1.0000,8,8,7,0,0,8,7,0.1250
4,220.0000,0,6,693.4078,-87.7573,-0.7139,21,0.5250,0.8889,9,7,5,0,0,7,5,0.2857
4,220.0000,0,7,800.6324,-87.6211,-0.1480,16,0.4000,0.7143,7,6,6,0,0,6,6,0.0000
4,220.0000,0,9,534.4537,-85.1968,-0.4410,26,0.6500,0.5000,6,7,5,0,0,7,5,0.2857
4,220.0000,0,11,908.3356,-88.9477,0.3032,3,0.0750,0.8750,8,6,6,0,0,6,6,0.0000
4,220.0000,0,12,906.8847,-89.0000,-0.2999,6,0.1500,1.0000,8,8,8,0,0,8,8,0.0000
4,220.0000,0,13,721.1117,-88.4901,-0.4879,12,0.3000,1.0000,8,7,6,0,0,7,6,0.1429
4,220.0000,0,15,508.5118,-85.7343,-0.1015,34,0.8500,0.0000,4,6,4,0,0,6,4,0.3333
4,220.0000,0,16,1018.6783,-88.8866,0.9727,3,0.0750,1.0000,8,6,6,0,0,6,6,0.0000
4,220.0000,0,17,848.0450,-88.1257,0.1661,15,0.3750,1.0000,18,8,8,0,0,8,8,0.0000
4,220.0000,0,18,645.3733,-86.5008,-0.2526,20,0.5000,0.5000,6,6,3,0,0,6,3,0.5000
4,220.0000,0,19,555.0707,-86.5506,0.3095,29,0.7250,0.3333,6,6,4,0,0,6,4,0.3333
4,220.0000,0,21,906.9884,-88.7965,0.4293,4,0.1000,1.0000,8,8,8,0,0,8,8,0.0000
4,220.0000,0,22,596.1759,-86.0058,-0.1009,29,0.7250,0.5000,6,6,4,0,0,6,4,0.3333
4,220.0000,1,2,926.4486,-88.8507,-0.2773,8,0.2000,0.8571,7,8,8,0,0,8,8,0.0000
4,220.0000,1,3,767.5626,-88.4039,-0.3578,14,0.3500,0.8000,10,7,6,0,0,7,6,0.1429
4,220.0000,1,4,523.5485,-86.2730,-0.4187,25,0.6250,0.4000,5,6,3,0,0,6,3,0.5000
4,220.0000,1,5,871.8678,-88.4684,0.6572,7,0.1750,1.0000,8,8,8,0,0,8,8,0.0000
4,220.0000,1,8,358.9801,-81.4472,-1.0769,38,0.9500,0.0000,4,6,2,0,0,6,2,0.6667
4,220.0000,1,10,196.8756,-77.8296,0.2378,37,0.9250,0.0000,4,5,1,0,0,5,1,0.8000
4,220.0000,1,11,805.2517,-87.9858,-0.3606,13,0.3250,0.8750,8,7,6,0,0,7,6,0.1429
4,220.0000,1,12,778.4412,-87.8290,-0.2947,14,0.3500,0.8571,7,8,7,0,0,8,7,0.1250
4,220.0000,1,13,1071.9143,-89.0217,0.2982,4,0.1000,1.0000,8,8,8,0,0,8,8,0.0000
4,220.0000,1,14,827.8868,-87.9517,-0.6177,10,0.2500,1.0000,8,8,8,0,0,8,8,0.0000
4,220.0000,1,16,606.0838,-85.6811,-1.4322,26,0.6500,0.8750,8,8,6,0,0,8,6,0.2500
4,220.0000,1,20,396.1775,-82.5616,-0.0106,32,0.8000,0.0000,4,5,1,0,0,5,1,0.8000
4,220.0000,1,24,1028.7208,-88.7503,0.5420,3,0.0750,1.0000,4,6,6,0,0,6,6,0.0000
4,220.0000,2,1,926.4486,-89.1067,0.5828,8,0.2000,1.0000,8,6,5,0,0,6,5,0.1667
4,220.0000,2,3,248.5358,-80.3412,0.5315,38,0.9500,0.2000,5,5,1,0,0,5,1,0.8000
4,220.0000,2,4,453.3537,-83.8262,-0.2066,39,0.9750,0.0000,4,5,2,0,0,5,2,0.6000
4,220.0000,2,5,350.6743,-84.0204,0.2126,39,0.9750,0.0000,4,6,4,0,0,6,4,0.3333
4,220.0000,2,8,939.8201,-88.3529,0.7054,3,0.0750,1.0000,8,8,8,0,0,8,8,0.0000
4,220.0000,2,10,748.8849,-87.8165,-0.2723,25,0.6250,0.7143,7,8,7,0,0,8,7,0.1250
4,220.0000,2,11,894.8404,-88.2625,0.2042,12,0.3000,1.0000,8,8,8,0,0,8,8,0.0000
4,220.0000,2,12,900.3898,-88.7253,-0.1054,10,0.2500,0.8571,7,8,7,0,0,8,7,0.1250
4,220.0000,2,13,1044.3409,-89.3340,0.2055,3,0.0750,1.0000,4,6,6,0,0,6,6,0.0000
4,220.0000,2,14,641.8841,-85.9942,-0.4490,32,0.8000,0.0000,4,7,6,0,0,7,6,0.1429
4,220.0000,2,20,807.8561,-88.2075,-0.1861,20,0.5000,0.7500,8,7,6,0,0,7,6,0.1429
4,220.0000,2,23,454.8919,-84.6349,0.8665,34,0.8500,0.2000,5,6,4,0,0,6,4,0.3333
4,220.0000,2,24,636.6769,-87.2310,-0.2559,33,0.8250,0.7143,7,7,6,0,0,7,6,0.1429
4,220.0000,2,25,406.6239,-85.5062,0.3480,39,0.9750,0.5000,6,4,0,0,0,4,0,1.0000
4,220.0000,3,1,767.5626,-88.2030,0.1063,8,0.1951,0.7500,8,7,5,0,0,7,5,0.2857
4,220.0000,3,2,248.5358,-80.5825,0.3058,35,0.8537,0.0000,4,4,0,0,0,4,0,1.0000
4,220.0000,3,4,380.2621,-83.0765,-0.5001,25,0.6098,0.0000,4,4,0,0,0,4,0,1.0000
4,220.0000,3,5,414.8636,-83.4553,0.0577,29,0.7073,0.2000,5,5,2,0,0,5,2,0.6000
4,220.0000,3,8,743.4469,-87.3390,0.8171,8,0.1951,1.0000,8,7,4,0,0,7,4,0.4286
4,220.0000,3,10,612.9465,-87.2902,0.5034,14,0.3415,0.6667,6,6,4,0,0,6,4,0.3333
4,220.0000,3,11,803.2341,-88.3318,0.0084,13,0.3171,0.7143,7,8,7,0,0,8,7,0.1250
4,220.0000,3,12,798.3238,-87.9734,-0.2396,8,0.1951,0.8750,8,7,6,0,0,7,6,0.1429
4,220.0000,3,13,967.5708,-88.8710,0.2325,9,0.2195,0.8571,7,6,6,0,0,6,6,0.0000
4,220.0000,3,14,718.9636,-87.5742,-0.0892,13,0.3171,0.2000,5,7,6,0,0,7,6,0.1429
4,220.0000,3,20,756.4378,-87.9311,0.8102,14,0.3415,0.9000,10,8,7,0,0,8,7,0.1250
4,220.0000,3,21,998.5750,-88.7745,0.0079,3,0.0732,0.8571,7,8,8,0,0,8,8,0.0000
4,220.0000,3,23,413.9347,-83.4261,-0.9548,29,0.7073,0.2000,5,5,2,0,0,5,2,0.6000
4,220.0000,3,24,700.3800,-88.0945,-0.0402,11,0.2683,0.4286,7,8,5,0,0,8,5,0.3750
4,220.0000,3,25,633.6141,-87.1271,-0.2541,15,0.3659,0.7143,7,7,4,0,0,7,4,0.4286
4,220.0000,4,1,523.5485,-86.3564,-0.1765,30,0.7500,0.0000,4,6,2,0,0,6,2,0.6667
4,220.0000,4,2,453.3537,-83.2616,-0.0445,32,0.8000,0.0000,4,7,4,0,0,7,4,0.4286
4,220.0000,4,3,380.2621,-84.2056,0.1894,31,0.7750,0.4333,30,5,1,0,0,5,1,0.8000
4,220.0000,4,5,360.6248,-83.7880,0.7326,34,0.8500,0.3333,6,5,1,0,0,5,1,0.8000
4,220.0000,4,8,564.7172,-87.1233,0.1327,22,0.5500,0.7143,7,8,6,0,0,8,6,0.2500
4,220.0000,4,10,367.8205,-82.4817,-0.3052,36,0.9000,0.0000,4,5,1,0,0,5,1,0.8000
4,220.0000,4,11,608.7822,-86.5623,0.0648,24,0.6000,0.8000,5,5,2,0,0,5,2,0.6000
4,220.0000,4,12,604.0800,-87.4568,0.2213,22,0.5500,0.7143,7,7,5,0,0,7,5,0.2857
4,220.0000,4,13,847.6026,-88.1926,0.0232,12,0.3000,0.8750,8,7,6,0,0,7,6,0.1429
4,220.0000,4,14,596.9536,-86.5378,0.3001,28,0.7000,0.6667,6,6,4,0,0,6,4,0.3333
4,220.0000,4,16,837.6049,-88.1981,0.0751,9,0.2250,1.0000,8,8,8,0,0,8,8,0.0000
4,220.0000,4,20,413.1307,-83.1314,-0.1615,37,0.9250,0.0000,4,5,1,0,0,5,1,0.8000
4,220.0000,4,23,624.3087,-86.8150,0.1418,24,0.6000,0.6667,6,6,3,0,0,6,3,0.5000
4,220.0000,4,24,799.7872,-87.9366,-0.1337,15,0.3750,0.8571,7,6,6,0,0,6,6,0.0000
4,220.0000,4,25,816.3128,-88.3852,0.3739,13,0.3250,1.0000,8,8,7,0,0,8,7,0.1250
4,220.0000,5,1,871.8678,-88.9016,-0.5333,3,0.0750,1.0000,8,8,8,0,0,8,8,0.0000
4,220.0000,5,2,350.6743,-83.9112,0.4592,35,0.8750,0.0000,4,6,4,0,0,6,4,0.3333
4,220.0000,5,3,414.8636,-84.7298,0.0370,31,0.7750,0.2000,5,4,0,0,0,4,0,1.0000
4,220.0000,5,4,360.6248,-83.6433,0.8532,30,0.7500,0.6667,6,4,0,0,0,4,0,1.0000
4,220.0000,5,8,819.0006,-88.3826,-0.6098,6,0.1500,1.0000,8,7,5,0,0,7,5,0.2857
4,220.0000,5,10,727.7752,-88.2275,0.1624,16,0.4000,1.0000,8,8,7,0,0,8,7,0.1250
4,220.0000,5,11,596.1392,-86.7375,-0.0295,32,0.8000,0.7500,8,5,4,0,0,5,4,0.2000
4,220.0000,5,12,611.4904,-86.6043,-0.1505,31,0.7750,0.6667,6,7,5,0,0,7,5,0.2857
4,220.0000,5,13,739.9725,-87.4006,-0.5175,19,0.4750,0.8571,7,7,6,0,0,7,6,0.1429
4,220.0000,5,14,769.0428,-88.1627,0.0372,18,0.4500,0.8571,7,7,6,0,0,7,6,0.1429
4,220.0000,5,16,1042.1191,-88.8486,-0.7037,3,0.0750,1.0000,8,6,6,0,0,6,6,0.0000
4,220.0000,5,20,726.0341,-87.9946,-0.1979,21,0.5250,0.8750,8,6,4,0,0,6,4,0.3333
4,220.0000,5,23,409.8342,-82.7105,-0.1537,37,0.9250,0.2000,5,5,1,0,0,5,1,0.8000
4,220.0000,5,24,922.9866,-89.1263,-0.3956,5,0.1250,1.0000,4,8,8,0,0,8,8,0.0000
4,220.0000,5,25,566.2470,-86.6586,0.8735,27,0.6750,0.7143,7,5,1,3,0,8,1,0.8750
4,220.0000,6,0,693.4078,-87.2803,-0.0439,21,0.5250,0.9474,76,8,8,8,8,16,16,0.0000
4,220.0000,6,9,173.5408,-76.6366,0.4407,38,0.9500,0.0000,8,4,0,0,0,4,0,1.0000
4,220.0000,6,15,750.6077,-88.1011,-0.0550,16,0.4000,1.0000,6,7,6,0,0,7,6,0.1429
4,220.0000,6,18,1123.8828,-89.5438,-0.1601,3,0.0750,1.0000,8,4,4,0,0,4,4,0.0000
4,220.0000,6,19,980.6530,-89.6171,0.0120,4,0.1000,1.0000,6,8,8,0,0,8,8,0.0000
4,220.0000,6,22,239.2319,-78.2434,-0.0852,39,0.9750,0.0000,4,5,1,37,1,42,2,0.9524
4,220.0000,7,0,800.6324,-87.5852,-0.7357,17,0.4250,1.0000,8,8,8,0,0,8,8,0.0000
4,220.0000,7,9,1131.3071,-89.1900,0.1033,5,0.1250,1.0000,8,2,2,0,0,2,2,0.0000
4,220.0000,7,13,1062.0229,-88.7160,0.3652,5,0.1250,1.0000,4,6,6,0,0,6,6,0.0000
4,220.0000,7,15,576.0567,-86.0986,-0.6149,24,0.6000,0.7143,7,6,3,0,0,6,3,0.5000
4,220.0000,7,16,709.3236,-87.9010,0.1893,10,0.2500,0.8750,8,7,5,0,0,7,5,0.2857
4,220.0000,7,17,405.1077,-84.1151,-0.1975,35,0.8750,0.0000,4,4,0,0,0,4,0,1.0000
4,220.0000,7,19,590.4552,-86.4154,-0.5124,26,0.6500,0.7143,7,8,7,0,0,8,7,0.1250
4,220.0000,7,22,1083.5987,-89.3724,0.4406,3,0.0750,1.0000,8,8,8,0,0,8,8,0.0000
4,220.0000,8,1,358.9801,-81.1863,-1.3328,37,0.9250,0.0000,4,4,0,0,0,4,0,1.0000
4,220.0000,8,2,939.8201,-88.7241,-0.0777,8,0.2000,0.8333,6,8,8,0,0,8,8,0.0000
4,220.0000,8,3,743.4469,-87.8909,0.2884,13,0.3250,1.0000,8,8,8,0,0,8,8,0.0000
4,220.0000,8,4,564.7172,-87.6277,0.4073,21,0.5250,0.8750,8,4,0,0,0,4,0,1.0000
4,220.0000,8,5,819.0006,-88.7796,0.2836,7,0.1750,0.8571,7,8,8,0,0,8,8,0.0000
4,220.0000,8,10,448.5617,-84.1121,0.1566,35,0.8750,0.2000,5,7,4,0,0,7,4,0.4286
4,220.0000,8,11,573.9969,-86.9917,0.5481,22,0.5500,0.8571,7,6,3,0,0,6,3,0.5000
4,220.0000,8,12,537.7770,-86.4255,-0.1593,25,0.6250,0.7143,7,6,2,0,0,6,2,0.6667
4,220.0000,8,13,801.8043,-88.5443,0.2181,11,0.2750,0.8750,8,8,8,0,0,8,8,0.0000
4,220.0000,8,14,1064.5194,-88.9593,-0.5560,3,0.0750,,0,8,8,0,0,8,8,0.0000
4,220.0000,8,16,389.4742,-82.0579,-1.3320,35,0.8750,0.0000,4,5,1,2,2,7,3,0.5714
4,220.0000,8,19,955.6285,-88.8914,-0.4803,7,0.1750,1.0000,8,8,8,0,0,8,8,0.0000
4,220.0000,8,20,643.2702,-86.8626,-0.6536,26,0.6500,0.5000,6,5,5,0,0,5,5,0.0000
4,220.0000,8,21,993.7251,-89.1083,-0.7323,5,0.1250,1.0000,6,8,8,0,0,8,8,0.0000
4,220.0000,9,0,534.4537,-86.6055,-0.1130,22,0.5500,0.6667,6,6,3,0,0,6,3,0.5000
4,220.0000,9,6,173.5408,-76.6020,0.9657,40,1.0000,0.0000,4,4,0,0,0,4,0,1.0000
4,220.0000,9,15,671.6362,-86.8618,-0.3882,24,0.6000,0.5714,7,7,6,0,0,7,6,0.1429
4,220.0000,9,17,1045.5190,-88.7973,-0.0826,5,0.1250,0.9375,16,4,4,0,0,4,4,0.0000
4,220.0000,9,18,1002.2974,-89.2958,-0.3622,5,0.1250,1.0000,8,7,6,0,0,7,6,0.1429
4,220.0000,9,19,886.6384,-89.0904,0.1328,10,0.2500,1.0000,8,8,8,0,0,8,8,0.0000
4,220.0000,9,22,260.1744,-79.0872,-0.8304,37,0.9250,0.0000,4,4,0,0,0,4,0,1.0000
4,220.0000,10,1,196.8756,-77.9143,0.4103,38,0.9500,0.0000,5,4,0,0,0,4,0,1.0000
4,220.0000,10,2,748.8849,-87.4735,0.3520,20,0.5000,0.7500,8,8,8,0,0,8,8,0.0000
4,220.0000,10,3,612.9465,-86.5333,0.6565,26,0.6500,0.8571,7,7,4,77,73,84,77,0.0833
4,220.0000,10,4,367.8205,-83.4723,0.4718,34,0.8500,0.5135,37,4,0,2,2,6,2,0.6667
4,220.0000,10,5,727.7752,-87.9265,0.2061,18,0.4500,0.4000,5,7,5,0,0,7,5,0.2857
4,220.0000,10,8,448.5617,-83.4628,-0.7218,31,0.7750,0.5714,70,5,2,65,38,70,40,0.4286
4,220.0000,10,11,793.7982,-87.6026,-0.1370,15,0.3750,0.6667,6,8,7,0,0,8,7,0.1250
4,220.0000,10,12,773.6417,-88.3764,-0.4043,17,0.4250,1.0000,8,8,8,0,0,8,8,0.0000
4,220.0000,10,13,1061.1054,-89.3250,-0.7047,5,0.1250,1.0000,8,6,6,0,0,6,6,0.0000
4,220.0000,10,14,646.3696,-87.2144,-0.4203,22,0.5500,1.0000,8,6,4,0,0,6,4,0.3333
4,220.0000,10,16,738.9458,-87.5627,0.1435,24,0.6000,0.9487,39,8,7,0,0,8,7,0.1250
4,220.0000,10,20,298.0873,-80.9399,0.3027,37,0.9250,0.3636,11,4,0,0,0,4,0,1.0000
4,220.0000,10,23,928.3859,-88.6271,0.4526,10,0.2500,1.0000,8,8,8,0,0,8,8,0.0000
4,220.0000,11,0,908.3356,-89.4962,0.0924,7,0.1750,1.0000,8,8,8,0,0,8,8,0.0000
4,220.0000,11,1,805.2517,-87.7271,0.2590,16,0.4000,1.0000,8,7,6,0,0,7,6,0.1429
4,220.0000,11,2,894.8404,-87.7686,0.6025,8,0.2000,1.0000,8,8,8,0,0,8,8,0.0000
4,220.0000,11,3,803.2341,-87.6062,-0.5419,20,0.5000,0.8889,9,8,8,0,0,8,8,0.0000
4,220.0000,11,4,608.7822,-87.2509,0.2853,26,0.6500,0.4000,5,8,7,0,0,8,7,0.1250
4,220.0000,11,5,596.1392,-85.5273,-0.6137,28,0.7000,0.8750,8,8,8,0,0,8,8,0.0000
4,220.0000,11,8,573.9969,-86.8664,0.1359,24,0.6000,0.9302,43,5,1,6,6,11,7,0.3636
4,220.0000,11,10,793.7982,-88.9659,0.2463,13,0.3250,0.6250,8,8,7,0,0,8,7,0.1250
4,220.0000,11,12,40.2905,-63.5738,1.0558,37,0.9250,0.2000,5,4,0,23,1,27,1,0.9630
4,220.0000,11,13,278.7826,-78.9812,-0.5610,37,0.9250,0.2000,10,4,0,4,1,8,1,0.8750
4,220.0000,11,16,584.7935,-87.1429,0.1244,30,0.7500,0.8462,39,6,3,0,0,6,3,0.5000
4,220.0000,11,18,747.8270,-87.7624,0.0379,17,0.4250,1.0000,8,7,6,30,30,37,36,0.0270
4,220.0000,11,19,913.8767,-88.6937,-0.5605,7,0.1750,0.8750,8,8,8,0,0,8,8,0.0000
4,220.0000,11,20,817.9198,-87.7861,0.1387,11,0.2750,0.8571,7,6,6,0,0,6,6,0.0000
4,220.0000,11,21,731.6019,-87.9249,0.1726,19,0.4750,1.0000,8,6,4,0,0,6,4,0.3333
4,220.0000,11,23,709.4646,-87.4113,-0.2272,20,0.5000,0.4000,5,8,7,0,0,8,7,0.1250
4,220.0000,11,25,1144.0201,-89.1529,-0.6790,3,0.0750,1.0000,6,4,4,0,0,4,4,0.0000
4,220.0000,12,0,906.8847,-88.8806,-0.1551,6,0.1500,1.0000,8,8,8,0,0,8,8,0.0000
4,220.0000,12,1,778.4412,-88.1689,-0.1364,20,0.5000,0.8750,8,7,6,0,0,7,6,0.1429
4,220.0000,12,2,900.3898,-88.1467,-0.5931,7,0.1750,1.0000,8,8,8,0,0,8,8,0.0000
4,220.0000,12,3,798.3238,-88.0012,0.4917,12,0.3000,0.8750,8,8,8,0,0,8,8,0.0000
4,220.0000,12,4,604.0800,-87.0132,0.4769,25,0.6250,0.4000,5,5,2,0,0,5,2,0.6000
4,220.0000,12,5,611.4904,-86.7424,0.3143,29,0.7250,0.7143,7,8,7,0,0,8,7,0.1250
4,220.0000,12,7,1014.4385,-89.1848,-0.3566,5,0.1250,,0,8,8,0,0,8,8,0.0000
4,220.0000,12,8,537.7770,-86.5692,-0.0260,26,0.6500,0.5714,7,6,3,0,0,6,3,0.5000
4,220.0000,12,10,773.6417,-87.7601,-0.0277,18,0.4500,0.8571,7,8,8,0,0,8,8,0.0000
4,220.0000,12,11,40.2905,-63.5046,1.0230,37,0.9250,0.0000,4,4,0,0,0,4,0,1.0000
4,220.0000,12,13,298.0907,-78.8359,-0.8736,40,1.0000,0.3333,6,6,4,1,0,7,4,0.4286
4,220.0000,12,16,550.5748,-86.6693,-0.2301,25,0.6250,0.4000,5,5,1,0,0,5,1,0.8000
4,220.0000,12,18,750.5431,-87.4774,0.4625,17,0.4250,1.0000,8,8,6,2,2,10,8,0.2000
4,220.0000,12,19,889.3424,-88.8346,-0.1825,10,0.2500,1.0000,8,8,8,42,42,50,50,0.0000
4,220.0000,12,20,808.5648,-87.7576,0.3869,10,0.2500,0.8571,7,8,8,0,0,8,8,0.0000
4,220.0000,12,21,729.5846,-87.7963,0.3972,19,0.4750,0.7143,7,7,6,0,0,7,6,0.1429
4,220.0000,12,23,716.3957,-87.4941,-0.1512,20,0.5000,1.0000,8,6,6,0,0,6,6,0.0000
4,220.0000,13,0,721.1117,-87.8296,0.0503,18,0.4500,0.7143,7,8,7,0,0,8,7,0.1250
4,220.0000,13,1,1071.9143,-88.8704,-0.4015,7,0.1750,1.0000,8,2,2,0,0,2,2,0.0000
4,220.0000,13,3,967.5708,-87.8692,0.1433,7,0.1750,1.0000,8,8,8,0,0,8,8,0.0000
4,220.0000,13,4,847.6026,-88.1597,-0.0250,9,0.2250,1.0000,8,8,8,0,0,8,8,0.0000
4,220.0000,13,5,739.9725,-87.6374,0.0145,22,0.5500,0.7143,7,7,6,0,0,7,6,0.1429
4,220.0000,13,8,801.8043,-88.3920,0.1581,13,0.3250,1.0000,8,6,4,0,0,6,4,0.3333
4,220.0000,13,10,1061.1054,-88.7826,0.2703,7,0.1750,1.0000,8,4,4,0,0,4,4,0.0000
4,220.0000,13,11,278.7826,-78.4013,-0.5742,39,0.9750,0.0000,4,4,0,0,0,4,0,1.0000
4,220.0000,13,12,298.0907,-79.4593,-0.8793,40,1.0000,0.3333,6,5,2,0,0,5,2,0.6000
4,220.0000,13,15,1058.4188,-89.3703,0.0186,7,0.1750,1.0000,6,4,4,0,0,4,4,0.0000
4,220.0000,13,16,771.7827,-88.0873,0.5316,18,0.4500,1.0000,8,7,6,0,0,7,6,0.1429
4,220.0000,13,18,513.2482,-86.6681,0.2978,26,0.6500,0.6667,6,5,1,0,0,5,1,0.8000
4,220.0000,13,19,867.3604,-88.2723,0.1553,11,0.2750,1.0000,14,8,8,0,0,8,8,0.0000
4,220.0000,13,21,572.8449,-87.1589,-0.2355,26,0.6500,0.5000,6,5,2,0,0,5,2,0.6000
4,220.0000,13,23,751.8781,-87.7213,-0.5823,14,0.3500,1.0000,8,5,2,0,0,5,2,0.6000
4,220.0000,14,1,827.8868,-89.7994,0.0964,7,0.1707,0.8571,7,8,8,0,0,8,8,0.0000
4,220.0000,14,2,641.8841,-85.6925,-0.4777,22,0.5366,0.7143,7,8,6,0,0,8,6,0.2500
4,220.0000,14,3,718.9636,-87.4586,0.1359,14,0.3415,0.5714,7,8,8,0,0,8,8,0.0000
4,220.0000,14,4,596.9536,-86.0686,-0.4698,22,0.5366,0.2000,5,6,4,0,0,6,4,0.3333
4,220.0000,14,5,769.0428,-88.6671,0.2889,16,0.3902,0.8571,7,6,4,0,0,6,4,0.3333
4,220.0000,14,10,646.3696,-86.6689,0.1565,20,0.4878,0.5714,7,8,7,0,0,8,7,0.1250
4,220.0000,14,20,555.1926,-86.5961,0.2733,26,0.6341,0.7143,7,6,4,0,0,6,4,0.3333
4,220.0000,14,24,432.3291,-83.9864,0.9658,34,0.8293,0.2000,5,4,0,0,0,4,0,1.0000
4,220.0000,14,25,878.5989,-88.6756,-0.2697,9,0.2195,0.6667,6,8,8,0,0,8,8,0.0000
4,220.0000,15,0,508.5118,-84.4503,-0.3804,33,0.8250,0.3333,6,8,7,0,0,8,7,0.1250
4,220.0000,15,6,750.6077,-87.5824,0.3824,16,0.4000,0.8750,8,8,7,0,0,8,7,0.1250
4,220.0000,15,7,576.0567,-86.0504,-0.2610,29,0.7250,0.2000,5,6,3,0,0,6,3,0.5000
4,220.0000,15,9,671.6362,-86.5672,0.2055,21,0.5250,0.5000,6,6,3,0,0,6,3,0.5000
4,220.0000,15,16,970.8847,-89.4878,0.8105,4,0.1000,1.0000,6,8,8,0,0,8,8,0.0000
4,220.0000,15,17,396.5746,-82.3463,-0.2211,38,0.9500,0.4000,5,6,2,0,0,6,2,0.6667
4,220.0000,15,18,1007.4282,-88.5231,-0.1791,6,0.1500,1.0000,8,8,8,0,0,8,8,0.0000
4,220.0000,15,19,321.4113,-81.3250,0.3243,36,0.9000,0.0000,4,4,0,0,0,4,0,1.0000
4,220.0000,15,22,545.2431,-86.0052,0.2251,31,0.7750,0.4000,5,6,3,0,0,6,3,0.5000
4,220.0000,16,0,1018.6783,-88.5435,-0.5933,4,0.1000,1.0000,8,10,10,0,0,10,10,0.0000
4,220.0000,16,1,606.0838,-86.1108,0.1097,32,0.8000,0.5000,6,6,3,0,0,6,3,0.5000
4,220.0000,16,3,1084.4821,-88.5489,-0.1643,3,0.0750,0.5000,2,6,6,0,0,6,6,0.0000
4,220.0000,16,4,837.6049,-88.6107,0.0716,14,0.3500,1.0000,8,8,8,0,0,8,8,0.0000
4,220.0000,16,5,1042.1191,-87.4981,0.1697,3,0.0750,1.0000,8,2,2,0,0,2,2,0.0000
4,220.0000,16,7,709.3236,-88.5693,0.8103,11,0.2750,0.7500,8,6,4,0,0,6,4,0.3333
4,220.0000,16,8,389.4742,-81.8682,-0.7777,33,0.8250,0.5000,6,5,1,0,0,5,1,0.8000
4,220.0000,16,10,738.9458,-86.8086,-0.1766,29,0.7250,0.8571,7,7,6,0,0,7,6,0.1429
4,220.0000,16,11,584.7935,-87.1866,0.1785,25,0.6250,0.8889,9,6,4,0,0,6,4,0.3333
4,220.0000,16,12,550.5748,-86.4309,-0.2489,26,0.6500,0.6667,6,5,2,0,0,5,2,0.6000
4,220.0000,16,13,771.7827,-87.7917,-0.5284,18,0.4500,0.8571,7,7,6,0,0,7,6,0.1429
4,220.0000,16,15,970.8847,-89.3171,-0.0043,4,0.1000,0.7500,4,8,8,0,0,8,8,0.0000
4,220.0000,16,17,883.9293,-88.3171,-0.3730,6,0.1500,1.0000,4,7,6,0,0,7,6,0.1429
4,220.0000,16,19,713.6854,-87.2676,-0.2092,20,0.5000,0.9444,18,8,8,0,0,8,8,0.0000
4,220.0000,16,20,817.1732,-87.8289,-0.1844,16,0.4000,0.6667,6,7,6,0,0,7,6,0.1429
4,220.0000,17,0,848.0450,-88.4398,-0.0822,12,0.3000,0.8571,7,7,6,0,0,7,6,0.1429
4,220.0000,17,7,405.1077,-84.5572,-0.1121,38,0.9500,0.1667,6,4,1,0,0,4,1,0.7500
4,220.0000,17,9,1045.5190,-88.6016,-0.6439,5,0.1250,1.0000,8,4,4,0,0,4,4,0.0000
4,220.0000,17,15,396.5746,-83.3433,0.1368,36,0.9000,0.0000,4,6,3,0,0,6,3,0.5000
4,220.0000,17,19,471.9627,-85.2744,-0.0840,32,0.8000,0.4000,5,6,4,0,0,6,4,0.3333
4,220.0000,17,22,909.9700,-89.1903,0.0726,5,0.1250,1.0000,8,6,6,0,0,6,6,0.0000
4,220.0000,18,0,645.3733,-86.7975,-0.3835,18,0.4500,0.8571,7,8,7,0,0,8,7,0.1250
4,220.0000,18,6,1123.8828,-89.0362,0.1368,5,0.1250,1.0000,6,6,6,0,0,6,6,0.0000
4,220.0000,18,9,1002.2974,-89.0240,-0.5057,11,0.2750,1.0000,8,8,8,0,0,8,8,0.0000
4,220.0000,18,11,747.8270,-88.3482,0.2428,13,0.3250,0.8750,8,8,7,0,0,8,7,0.1250
4,220.0000,18,12,750.5431,-87.5535,0.0416,15,0.3750,0.7500,8,7,6,0,0,7,6,0.1429
4,220.0000,18,13,513.2482,-85.7057,0.9428,24,0.6000,0.9342,76,5,1,0,0,5,1,0.8000
4,220.0000,18,15,1007.4282,-88.3418,0.1208,6,0.1500,1.0000,8,8,8,0,0,8,8,0.0000
4,220.0000,18,19,854.1717,-88.4106,-0.0600,6,0.1500,0.8571,7,8,8,2,2,10,10,0.0000
4,220.0000,18,21,296.2759,-80.5371,0.0245,38,0.9500,0.3333,6,5,1,0,0,5,1,0.8000
4,220.0000,18,22,1034.2768,-89.6388,0.1553,3,0.0750,1.0000,8,2,2,0,0,2,2,0.0000
4,220.0000,18,23,910.4721,-89.1825,0.7009,5,0.1250,1.0000,8,8,8,0,0,8,8,0.0000
4,220.0000,19,0,555.0707,-86.0117,0.1122,27,0.6750,0.7143,7,8,8,0,0,8,8,0.0000
4,220.0000,19,7,590.4552,-86.8704,-0.4395,27,0.6750,0.4000,5,6,4,0,0,6,4,0.3333
4,220.0000,19,8,955.6285,-88.6460,0.0364,4,0.1000,1.0000,8,8,8,0,0,8,8,0.0000
4,220.0000,19,9,886.6384,-88.8029,0.1352,13,0.3250,1.0000,8,8,8,0,0,8,8,0.0000
4,220.0000,19,11,913.8767,-87.9319,0.5902,6,0.1500,1.0000,8,9,7,0,0,9,7,0.2222
4,220.0000,19,12,889.3424,-88.7680,0.0632,8,0.2000,1.0000,8,8,8,0,0,8,8,0.0000
4,220.0000,19,13,867.3604,-88.1053,-0.5644,6,0.1500,1.0000,8,6,6,0,0,6,6,0.0000
4,220.0000,19,15,321.4113,-82.1286,-0.3777,40,1.0000,0.0000,4,4,0,0,0,4,0,1.0000
4,220.0000,19,16,713.6854,-87.6103,0.0284,16,0.4000,0.8571,7,8,8,0,0,8,8,0.0000
4,220.0000,19,17,471.9627,-84.4117,0.2137,34,0.8500,0.0000,4,6,3,0,0,6,3,0.5000
4,220.0000,19,18,854.1717,-87.8601,-0.2988,8,0.2000,0.8571,7,8,8,0,0,8,8,0.0000
4,220.0000,19,21,984.6233,-89.1564,0.0272,4,0.1000,1.0000,8,8,8,0,0,8,8,0.0000
4,220.0000,19,22,767.2035,-88.1763,-0.0620,12,0.3000,0.8571,7,8,8,0,0,8,8,0.0000
4,220.0000,20,1,396.1775,-83.8468,-0.0076,34,0.8500,0.2000,5,4,0,0,0,4,0,1.0000
4,220.0000,20,2,807.8561,-87.9845,-0.4974,16,0.4000,1.0000,8,8,8,0,0,8,8,0.0000
4,220.0000,20,3,756.4378,-88.1641,-0.0037,14,0.3500,0.9286,14,7,6,0,0,7,6,0.1429
4,220.0000,20,4,413.1307,-83.2573,-0.2527,32,0.8000,0.0000,4,4,0,0,0,4,0,1.0000
4,220.0000,20,5,726.0341,-88.0896,0.1623,19,0.4750,0.6667,6,7,5,32,29,39,34,0.1282
4,220.0000,20,8,643.2702,-87.0544,0.0010,25,0.6250,0.3333,6,7,6,0,0,7,6,0.1429
4,220.0000,20,10,298.0873,-80.7932,0.5122,34,0.8500,0.0000,4,4,0,0,0,4,0,1.0000
4,220.0000,20,11,817.9198,-88.4589,0.2651,14,0.3500,0.8571,7,8,8,0,0,8,8,0.0000
4,220.0000,20,12,808.5648,-88.8926,0.0283,14,0.3500,1.0000,8,8,7,0,0,8,7,0.1250
4,220.0000,20,13,1092.3979,-89.0262,0.1161,4,0.1000,1.0000,8,6,6,0,0,6,6,0.0000
4,220.0000,20,14,555.1926,-86.8506,0.5868,24,0.6000,0.8704,54,4,0,0,0,4,0,1.0000
4,220.0000,20,16,817.1732,-88.9289,-0.5021,13,0.3250,0.8571,7,8,8,0,0,8,8,0.0000
4,220.0000,20,24,893.2337,-88.1996,0.2534,8,0.2000,1.0000,8,8,8,0,0,8,8,0.0000
4,220.0000,21,0,906.9884,-88.8914,-0.1338,9,0.2250,1.0000,14,8,8,0,0,8,8,0.0000
4,220.0000,21,3,998.5750,-88.5080,-0.0227,3,0.0750,1.0000,8,7,6,0,0,7,6,0.1429
4,220.0000,21,5,953.5655,-89.2488,0.1962,6,0.1500,1.0000,6,8,8,0,0,8,8,0.0000
4,220.0000,21,11,731.6019,-87.9989,0.3463,17,0.4250,1.0000,8,7,6,36,35,43,41,0.0465
4,220.0000,21,12,729.5846,-87.1866,-0.4969,12,0.3000,0.8750,8,7,5,42,42,49,47,0.0408
4,220.0000,21,13,572.8449,-86.2146,0.0767,20,0.5000,0.7143,7,6,3,0,0,6,3,0.5000
4,220.0000,21,18,296.2759,-79.8114,0.3230,38,0.9500,0.2083,48,4,0,2,2,6,2,0.6667
4,220.0000,21,19,984.6233,-87.7804,1.9591,3,0.0750,1.0000,8,8,8,0,0,8,8,0.0000
4,220.0000,21,23,684.7123,-88.1029,0.1456,11,0.2750,0.8750,8,7,6,0,0,7,6,0.1429
4,220.0000,22,0,596.1759,-86.8109,-0.4243,27,0.6750,0.2000,5,6,3,0,0,6,3,0.5000
4,220.0000,22,6,239.2319,-78.5553,-0.1199,40,1.0000,0.0000,4,4,0,0,0,4,0,1.0000
4,220.0000,22,7,1083.5987,-88.8665,0.0341,6,0.1500,1.0000,8,8,8,0,0,8,8,0.0000
4,220.0000,22,9,260.1744,-79.2463,0.2377,39,0.9750,0.0000,4,4,0,0,0,4,0,1.0000
4,220.0000,22,15,545.2431,-86.6427,0.0283,32,0.8000,0.2000,5,5,2,0,0,5,2,0.6000
4,220.0000,22,17,909.9700,-87.9542,-0.2888,10,0.2500,0.7143,7,8,8,72,72,80,80,0.0000
4,220.0000,22,18,1034.2768,-87.4349,0.9625,3,0.0750,1.0000,8,4,4,0,0,4,4,0.0000
4,220.0000,22,19,767.2035,-88.1150,0.3344,12,0.3000,1.0000,8,7,6,0,0,7,6,0.1429
4,220.0000,23,2,454.8919,-84.9327,-0.2024,34,0.8500,0.0000,4,5,2,0,0,5,2,0.6000
4,220.0000,23,3,413.9347,-82.4885,-0.9722,33,0.8250,0.2000,5,4,0,0,0,4,0,1.0000
4,220.0000,23,4,624.3087,-87.0933,0.4350,25,0.6250,0.4286,7,8,7,0,0,8,7,0.1250
4,220.0000,23,5,409.8342,-83.3715,0.0444,30,0.7500,0.0000,4,8,6,0,0,8,6,0.2500
4,220.0000,23,8,892.8093,-88.9866,0.2117,5,0.1250,1.0000,6,7,6,0,0,7,6,0.1429
4,220.0000,23,10,928.3859,-88.4209,0.8654,7,0.1750,1.0000,8,8,8,0,0,8,8,0.0000
4,220.0000,23,11,709.4646,-88.2718,0.0108,14,0.3500,0.5714,7,7,4,0,0,7,4,0.4286
4,220.0000,23,12,716.3957,-87.8322,0.6024,14,0.3500,0.7143,7,8,7,0,0,8,7,0.1250
4,220.0000,23,13,751.8781,-88.2072,-0.2077,12,0.3000,0.8571,7,8,8,0,0,8,8,0.0000
4,220.0000,23,18,910.4721,-88.5359,-0.0162,4,0.1000,1.0000,8,8,8,0,0,8,8,0.0000
4,220.0000,23,21,684.7123,-87.7128,0.1892,17,0.4250,0.7500,8,7,6,0,0,7,6,0.1429
4,220.0000,23,25,613.2597,-87.1835,0.2342,24,0.6000,0.7143,7,8,8,0,0,8,8,0.0000
4,220.0000,24,2,636.6769,-87.0913,0.1146,16,0.4000,0.9000,10,4,2,0,0,4,2,0.5000
4,220.0000,24,3,700.3800,-88.0270,-0.6629,11,0.2750,1.0000,6,7,4,0,0,7,4,0.4286
4,220.0000,24,4,799.7872,-88.3657,0.6797,8,0.2000,1.0000,8,8,8,0,0,8,8,0.0000
4,220.0000,24,5,922.9866,-88.9598,0.0593,5,0.1250,1.0000,8,8,7,0,0,8,7,0.1250
4,220.0000,24,10,847.3152,-88.2488,-0.5137,5,0.1250,1.0000,2,8,8,0,0,8,8,0.0000
4,220.0000,24,14,432.3291,-84.5527,-0.0832,25,0.6250,0.2000,5,6,2,0,0,6,2,0.6667
4,220.0000,24,20,893.2337,-88.7068,-0.1478,6,0.1500,0.8000,5,8,8,0,0,8,8,0.0000
4,220.0000,24,25,835.5428,-88.6492,0.2748,5,0.1250,0.8571,7,7,6,0,0,7,6,0.1429
4,220.0000,25,2,406.6239,-85.9875,-0.5337,28,0.7000,0.0000,4,5,2,0,0,5,2,0.6000
4,220.0000,25,3,633.6141,-87.2146,0.2707,19,0.4750,0.7500,8,4,2,0,0,4,2,0.5000
4,220.0000,25,4,816.3128,-88.6120,-0.4110,9,0.2250,0.8571,7,7,6,0,0,7,6,0.1429
4,220.0000,25,5,566.2470,-87.4581,-0.0238,20,0.5000,0.2000,5,7,5,0,0,7,5,0.2857
4,220.0000,25,14,878.5989,-87.8798,0.4010,5,0.1250,1.0000,8,8,8,0,0,8,8,0.0000
4,220.0000,25,23,613.2597,-86.4997,0.0897,23,0.5750,0.7143,7,7,4,0,0,7,4,0.4286
4,220.0000,25,24,835.5428,-88.2732,-0.3871,11,0.2750,0.8750,8,8,6,0,0,8,6,0.2500
4,224.0000,0,6,629.9187,-87.6862,-0.3423,22,0.5641,0.7143,7,7,4,0,0,7,4,0.4286
4,224.0000,0,7,851.1677,-87.7022,-0.4313,10,0.2564,1.0000,6,8,8,0,0,8,8,0.0000
4,224.0000,0,9,517.5050,-85.7865,-0.2973,33,0.8462,0.7143,7,5,2,0,0,5,2,0.6000
4,224.0000,0,11,919.4231,-87.4143,-2.6050,4,0.1026,1.0000,6,8,8,0,0,8,8,0.0000
4,224.0000,0,12,951.7193,-88.2657,0.0792,5,0.1282,1.0000,8,4,4,0,0,4,4,0.0000
4,224.0000,0,13,766.5173,-87.6216,-0.2789,16,0.4103,0.8571,7,8,8,0,0,8,8,0.0000
4,224.0000,0,15,607.7172,-86.6076,-0.0610,29,0.7436,0.6667,6,5,1,0,0,5,1,0.8000
4,224.0000,0,16,1081.2102,-89.0951,0.0560,3,0.0769,1.0000,6,4,4,0,0,4,4,0.0000
4,224.0000,0,17,981.1380,-88.9744,-0.3034,7,0.1795,1.0000,8,8,8,0,0,8,8,0.0000
4,224.0000,0,18,727.8929,-87.6515,-0.2697,21,0.5385,0.5000,6,8,7,0,0,8,7,0.1250
4,224.0000,0,19,569.0361,-86.1823,0.1352,30,0.7692,0.6667,6,8,7,0,0,8,7,0.1250
4,224.0000,0,21,998.5462,-88.8018,0.6168,8,0.2051,1.0000,8,6,6,0,0,6,6,0.0000
4,224.0000,0,22,605.2483,-87.1187,-0.0951,25,0.6410,0.6667,6,6,4,0,0,6,4,0.3333
4,224.0000,1,2,967.5497,-88.2599,-0.0582,4,0.1000,1.0000,8,8,8,0,0,8,8,0.0000
4,224.0000,1,3,765.4341,-88.0293,0.1443,16,0.4000,0.8571,7,7,5,0,0,7,5,0.2857
4,224.0000,1,4,497.4644,-85.4208,0.0120,32,0.8000,0.5000,6,7,5,0,0,7,5,0.2857
4,224.0000,1,5,804.3426,-88.3268,-0.2206,12,0.3000,1.0000,8,8,6,0,0,8,6,0.2500
4,224.0000,1,8,467.7135,-83.5989,-0.5911,32,0.8000,0.3333,6,4,0,0,0,4,0,1.0000
4,224.0000,1,10,165.5214,-75.9524,0.4454,37,0.9250,0.2000,5,5,1,0,0,5,1,0.8000
4,224.0000,1,11,872.0150,-88.2891,0.0840,11,0.2750,0.8571,7,8,8,0,0,8,8,0.0000
4,224.0000,1,12,828.7977,-88.2678,0.1876,11,0.2750,0.8750,8,8,8,0,0,8,8,0.0000
4,224.0000,1,14,772.4229,-87.4749,0.0476,13,0.3250,1.0000,8,7,6,0,0,7,6,0.1429
4,224.0000,1,16,755.8584,-87.7844,-0.2483,22,0.5500,0.7500,8,8,7,0,0,8,7,0.1250
4,224.0000,1,20,393.7686,-83.8529,0.5039,33,0.8250,0.2000,5,4,0,0,0,4,0,1.0000
4,224.0000,1,24,868.7274,-88.8281,0.1228,6,0.1500,1.0000,6,7,5,0,0,7,5,0.2857
4,224.0000,2,1,967.5497,-88.5616,-0.3138,4,0.1000,0.8333,6,8,8,0,0,8,8,0.0000
4,224.0000,2,3,255.2935,-79.1932,-0.4199,37,0.9250,0.2000,5,5,1,0,0,5,1,0.8000
4,224.0000,2,4,570.2703,-85.4257,-0.3540,27,0.6750,0.4000,5,6,3,0,0,6,3,0.5000
4,224.0000,2,5,360.5631,-82.3682,0.1459,34,0.8500,0.6667,6,4,0,0,0,4,0,1.0000
4,224.0000,2,8,910.7397,-89.2362,0.1683,5,0.1250,1.0000,8,8,8,0,0,8,8,0.0000
4,224.0000,2,10,860.9821,-88.4129,-0.7758,9,0.2250,0.8750,8,8,7,0,0,8,7,0.1250
4,224.0000,2,11,1007.5333,-89.0734,-0.0477,7,0.1750,1.0000,8,8,8,0,0,8,8,0.0000
4,224.0000,2,12,986.7094,-88.7818,0.0631,7,0.1750,0.8750,8,8,8,0,0,8,8,0.0000
4,224.0000,2,13,1060.7885,-89.3588,-0.1415,4,0.1000,1.0000,6,8,8,0,0,8,8,0.0000
4,224.0000,2,14,841.9445,-87.7780,-0.2657,19,0.4750,0.8571,7,5,4,0,0,5,4,0.2000
4,224.0000,2,20,853.7708,-88.4801,-0.1827,5,0.1250,0.8571,7,8,7,0,0,8,7,0.1250
4,224.0000,2,21,1006.3922,-88.3336,1.5247,3,0.0750,1.0000,4,8,8,0,0,8,8,0.0000
4,224.0000,2,23,464.5436,-84.8969,-0.1246,31,0.7750,0.6667,6,5,1,0,0,5,1,0.8000
4,224.0000,2,24,693.9119,-87.4489,-0.1763,24,0.6000,0.8571,7,8,7,0,0,8,7,0.1250
4,224.0000,2,25,291.2580,-82.7950,0.4362,37,0.9250,0.0000,4,4,0,2,1,6,1,0.8333
4,224.0000,3,1,765.4341,-87.6844,0.0337,18,0.4615,0.7143,7,7,6,0,0,7,6,0.1429
4,224.0000,3,2,255.2935,-79.1476,-0.1170,37,0.9487,0.0000,4,5,1,0,0,5,1,0.8000
4,224.0000,3,4,468.2957,-84.2121,-1.3089,28,0.7179,0.0000,4,5,1,0,0,5,1,0.8000
4,224.0000,3,5,425.5522,-84.1984,-0.4471,33,0.8462,0.4000,5,7,4,0,0,7,4,0.4286
4,224.0000,3,8,747.4290,-88.7112,0.2740,13,0.3333,0.5714,7,8,7,0,0,8,7,0.1250
4,224.0000,3,10,666.1224,-87.5791,-0.4053,23,0.5897,0.6667,6,8,8,0,0,8,8,0.0000
4,224.0000,3,11,975.2356,-89.0645,-0.3870,9,0.2308,0.8750,8,8,8,0,0,8,8,0.0000
4,224.0000,3,12,945.0307,-88.8842,0.1092,10,0.2564,0.8571,7,8,8,0,0,8,8,0.0000
4,224.0000,3,13,1096.5580,-87.9999,-0.1107,3,0.0769,1.0000,6,4,4,0,0,4,4,0.0000
4,224.0000,3,14,758.2664,-87.9628,0.0494,15,0.3846,0.8571,7,8,7,0,0,8,7,0.1250
4,224.0000,3,16,1245.2015,-89.3118,0.2834,3,0.0769,1.0000,4,4,4,0,0,4,4,0.0000
4,224.0000,3,20,728.9340,-88.1576,-0.2911,19,0.4872,0.8750,8,8,7,0,0,8,7,0.1250
4,224.0000,3,21,1019.6973,-88.9923,-0.5379,4,0.1026,1.0000,8,6,6,0,0,6,6,0.0000
4,224.0000,3,23,532.9186,-85.8691,0.0340,33,0.8462,0.4000,5,7,4,0,0,7,4,0.4286
4,224.0000,3,24,577.7851,-86.7961,0.7209,28,0.7179,0.6250,8,6,3,0,0,6,3,0.5000
4,224.0000,3,25,542.2513,-86.9277,-0.0800,26,0.6667,0.5714,7,6,2,17,12,23,14,0.3913
4,224.0000,4,1,497.4644,-86.6979,-0.3902,33,0.8250,0.3333,6,5,2,0,0,5,2,0.6000
4,224.0000,4,2,570.2703,-85.3419,-0.5907,32,0.8000,0.5714,7,7,5,0,0,7,5,0.2857
4,224.0000,4,3,468.2957,-83.8846,-0.4785,32,0.8000,0.2000,5,5,1,0,0,5,1,0.8000
4,224.0000,4,5,328.8492,-81.7706,-0.3315,33,0.8250,0.2000,5,5,1,0,0,5,1,0.8000
4,224.0000,4,8,456.9165,-85.5309,1.0995,31,0.7750,0.7500,8,5,1,0,0,5,1,0.8000
4,224.0000,4,10,441.4424,-84.2213,-0.5614,40,1.0000,0.2000,5,6,2,0,0,6,2,0.6667
4,224.0000,4,11,602.4889,-86.7472,0.0677,25,0.6250,0.4000,5,7,4,0,0,7,4,0.4286
4,224.0000,4,12,568.2136,-86.7273,-0.1429,26,0.6500,0.7143,7,7,5,0,0,7,5,0.2857
4,224.0000,4,13,848.1842,-88.8178,-0.2076,9,0.2250,0.8571,7,8,8,0,0,8,8,0.0000
4,224.0000,4,14,749.2567,-86.9414,-0.5067,20,0.5000,0.6667,6,8,7,0,0,8,7,0.1250
4,224.0000,4,16,846.2174,-88.5765,0.4423,11,0.2750,1.0000,8,8,8,0,0,8,8,0.0000
4,224.0000,4,20,430.6127,-84.5879,0.0590,36,0.9000,0.2000,5,6,4,0,0,6,4,0.3333
4,224.0000,4,23,623.7277,-86.2408,-0.2715,28,0.7000,0.5000,6,7,6,0,0,7,6,0.1429
4,224.0000,4,24,815.6411,-88.9544,-0.1883,14,0.3500,1.0000,6,9,7,0,0,9,7,0.2222
4,224.0000,4,25,780.1203,-88.1820,0.2531,20,0.5000,0.8750,8,8,7,0,0,8,7,0.1250
4,224.0000,5,1,804.3426,-88.2961,0.0305,9,0.2250,1.0000,8,6,4,0,0,6,4,0.3333
4,224.0000,5,2,360.5631,-82.4951,0.3290,39,0.9750,0.6667,6,5,2,0,0,5,2,0.6000
4,224.0000,5,3,425.5522,-84.7560,0.3607,35,0.8750,0.0000,4,4,0,0,0,4,0,1.0000
4,224.0000,5,4,328.8492,-82.6907,0.2579,37,0.9250,0.0000,4,5,2,0,0,5,2,0.6000
4,224.0000,5,8,751.4252,-87.8402,0.3813,9,0.2250,0.7143,7,7,6,0,0,7,6,0.1429
4,224.0000,5,10,709.9311,-87.8122,0.1228,21,0.5250,0.8750,8,7,6,0,0,7,6,0.1429
4,224.0000,5,11,742.1776,-87.1597,0.3465,18,0.4500,0.8000,5,9,8,0,0,9,8,0.1111
4,224.0000,5,12,723.4672,-87.6587,-0.3607,20,0.5000,0.7143,7,8,8,0,0,8,8,0.0000
4,224.0000,5,13,865.2797,-88.5201,-0.1343,11,0.2750,0.8571,7,8,8,0,0,8,8,0.0000
4,224.0000,5,14,763.8432,-87.9383,-0.1956,18,0.4500,0.8571,7,7,6,0,0,7,6,0.1429
4,224.0000,5,20,623.5453,-87.4947,-0.1118,23,0.5750,0.6667,6,6,3,0,0,6,3,0.5000
4,224.0000,5,21,985.1876,-89.4569,0.1187,5,0.1250,1.0000,8,8,8,0,0,8,8,0.0000
4,224.0000,5,23,518.5991,-84.8227,-0.0241,29,0.7250,0.2000,5,3,0,0,0,3,0,1.0000
4,224.0000,5,24,801.0451,-88.7579,0.4654,6,0.1500,1.0000,8,7,5,0,0,7,5,0.2857
4,224.0000,5,25,480.1920,-85.6960,0.0983,33,0.8250,0.1250,8,5,1,0,0,5,1,0.8000
4,224.0000,6,0,629.9187,-87.2457,0.2748,18,0.4615,1.0000,16,6,4,0,0,6,4,0.3333
4,224.0000,6,9,161.8494,-76.1400,0.0942,39,1.0000,0.0000,4,4,0,0,0,4,0,1.0000
4,224.0000,6,15,751.8396,-87.8573,-0.2409,13,0.3333,0.8571,7,7,5,0,0,7,5,0.2857
4,224.0000,6,22,240.1627,-79.4079,0.2321,38,0.9744,0.0476,42,4,0,41,2,45,2,0.9556
4,224.0000,7,0,851.1677,-88.0597,0.0193,13,0.3250,1.0000,8,8,8,0,0,8,8,0.0000
4,224.0000,7,12,948.4887,-88.5354,0.8015,3,0.0750,1.0000,8,8,7,0,0,8,7,0.1250
4,224.0000,7,15,548.5447,-86.6243,0.2539,30,0.7500,0.5000,6,5,2,0,0,5,2,0.6000
4,224.0000,7,16,648.1207,-88.0879,-0.3290,19,0.4750,0.7143,7,8,6,0,0,8,6,0.2500
4,224.0000,7,17,361.8155,-83.0522,0.6091,36,0.9000,0.0000,4,4,0,0,0,4,0,1.0000
4,224.0000,7,19,605.4282,-86.4514,0.2190,21,0.5250,0.8750,8,8,8,0,0,8,8,0.0000
4,224.0000,7,22,1059.5286,-88.8716,0.3244,3,0.0750,1.0000,8,8,8,0,0,8,8,0.0000
4,224.0000,8,1,467.7135,-84.0155,-0.2055,37,0.9250,0.0000,4,4,0,0,0,4,0,1.0000
4,224.0000,8,2,910.7397,-88.1253,0.5953,8,0.2000,1.0000,8,7,6,0,0,7,6,0.1429
4,224.0000,8,3,747.4290,-87.8658,0.0290,15,0.3750,1.0000,8,8,6,2,2,10,8,0.2000
4,224.0000,8,4,456.9165,-85.7221,0.8271,29,0.7250,0.0000,4,5,2,0,0,5,2,0.6000
4,224.0000,8,5,751.4252,-87.8042,-0.0839,16,0.4000,1.0000,8,7,6,0,0,7,6,0.1429
4,224.0000,8,7,1145.8429,-89.5490,-1.0036,3,0.0750,1.0000,8,4,4,0,0,4,4,0.0000
4,224.0000,8,10,556.9319,-84.8693,-0.7697,31,0.7750,0.5714,7,8,6,0,0,8,6,0.2500
4,224.0000,8,11,534.4939,-86.4823,-0.4986,26,0.6500,0.5000,6,6,3,0,0,6,3,0.5000
4,224.0000,8,12,490.6489,-85.7896,0.4015,33,0.8250,0.3333,6,5,2,0,0,5,2,0.6000
4,224.0000,8,13,820.2923,-88.2240,0.1046,14,0.3500,1.0000,8,7,5,0,0,7,5,0.2857
4,224.0000,8,16,527.1974,-83.9353,-0.8374,32,0.8000,0.4286,7,7,6,0,0,7,6,0.1429
4,224.0000,8,20,703.4827,-87.3472,0.1152,24,0.6000,1.0000,5,10,9,0,0,10,9,0.1000
4,224.0000,8,21,871.8000,-88.9544,-0.2626,8,0.2000,1.0000,8,8,8,0,0,8,8,0.0000
4,224.0000,8,23,773.5885,-87.8525,0.3868,12,0.3000,1.0000,8,6,4,0,0,6,4,0.3333
4,224.0000,9,0,517.5050,-85.3266,-0.0287,33,0.8250,0.5000,6,4,0,0,0,4,0,1.0000
4,224.0000,9,6,161.8494,-75.7667,0.0198,40,1.0000,0.0000,4,4,0,6,0,10,0,1.0000
4,224.0000,9,15,772.3715,-87.5729,-0.1744,16,0.4000,0.8571,7,8,8,0,0,8,8,0.0000
4,224.0000,9,19,887.7032,-88.6925,-0.1845,6,0.1500,1.0000,8,8,8,0,0,8,8,0.0000
4,224.0000,9,22,338.1084,-81.1810,-0.6356,38,0.9500,0.0000,4,5,1,402,75,407,76,0.8133
4,224.0000,10,1,165.5214,-76.5816,0.2666,39,0.9750,0.0000,4,4,0,0,0,4,0,1.0000
4,224.0000,10,2,860.9821,-88.3246,-0.5885,12,0.3000,1.0000,8,8,8,0,0,8,8,0.0000
4,224.0000,10,3,666.1224,-87.1417,0.2428,19,0.4750,0.9167,84,8,5,42,38,50,43,0.1400
4,224.0000,10,4,441.4424,-83.8740,0.0974,31,0.7750,0.3333,6,6,2,0,0,6,2,0.6667
4,224.0000,10,5,709.9311,-87.4841,-0.4713,16,0.4000,0.7143,7,7,5,0,0,7,5,0.2857
4,224.0000,10,8,556.9319,-85.3102,-0.4177,33,0.8250,0.5714,70,6,4,69,46,75,50,0.3333
4,224.0000,10,11,918.9590,-87.8037,0.0686,9,0.2250,0.8750,8,8,8,0,0,8,8,0.0000
4,224.0000,10,12,877.4007,-87.9860,0.5122,11,0.2750,1.0000,8,8,8,0,0,8,8,0.0000
4,224.0000,10,14,610.8858,-86.3827,-0.7241,22,0.5500,0.6667,6,7,5,0,0,7,5,0.2857
4,224.0000,10,16,887.9801,-88.5003,-0.2163,19,0.4750,0.8750,8,8,8,0,0,8,8,0.0000
4,224.0000,10,20,281.4667,-80.4101,-0.2009,38,0.9500,0.0000,4,5,2,35,17,40,19,0.5250
4,224.0000,10,23,1009.7909,-88.9773,-0.2181,7,0.1750,1.0000,8,2,2,0,0,2,2,0.0000
4,224.0000,10,24,716.1370,-88.5970,-0.1853,17,0.4250,0.8750,8,7,5,0,0,7,5,0.2857
4,224.0000,11,0,919.4231,-88.4109,0.5875,6,0.1500,1.0000,8,6,6,0,0,6,6,0.0000
4,224.0000,11,1,872.0150,-88.2587,-0.2943,9,0.2250,0.8571,7,10,10,0,0,10,10,0.0000
4,224.0000,11,2,1007.5333,-89.1131,-0.4061,5,0.1250,1.0000,8,8,8,0,0,8,8,0.0000
4,224.0000,11,3,975.2356,-88.8739,0.1370,8,0.2000,1.0000,8,6,6,0,0,6,6,0.0000
4,224.0000,11,4,602.4889,-86.9225,0.3943,20,0.5000,0.8750,8,7,4,0,0,7,4,0.4286
4,224.0000,11,5,742.1776,-87.6999,-0.5544,21,0.5250,1.0000,8,7,6,0,0,7,6,0.1429
4,224.0000,11,7,939.4908,-89.2342,0.2841,6,0.1500,1.0000,6,8,8,0,0,8,8,0.0000
4,224.0000,11,8,534.4939,-85.9874,-0.4732,24,0.6000,0.6364,11,7,5,0,0,7,5,0.2857
4,224.0000,11,10,918.9590,-88.6414,0.5460,9,0.2250,0.8750,8,8,8,0,0,8,8,0.0000
4,224.0000,11,12,44.9242,-62.4078,-0.3106,38,0.9500,0.0370,27,5,1,0,0,5,1,0.8000
4,224.0000,11,13,382.1483,-82.3309,-0.4868,36,0.9000,0.1250,8,6,2,0,0,6,2,0.6667
4,224.0000,11,16,569.5049,-85.9309,0.3401,25,0.6250,0.5000,6,7,5,0,0,7,5,0.2857
4,224.0000,11,18,724.4619,-87.5881,-0.2905,20,0.5000,0.9730,37,8,8,80,80,88,88,0.0000
4,224.0000,11,19,888.1456,-89.1189,0.2020,6,0.1500,1.0000,8,6,6,0,0,6,6,0.0000
4,224.0000,11,20,902.2975,-88.6096,0.1060,7,0.1750,1.0000,6,8,8,0,0,8,8,0.0000
4,224.0000,11,21,737.6889,-87.8545,-0.2657,17,0.4250,0.6667,6,8,8,0,0,8,8,0.0000
4,224.0000,11,23,752.2496,-87.7020,-0.0812,18,0.4500,0.8750,8,8,8,0,0,8,8,0.0000
4,224.0000,12,0,951.7193,-88.2369,-1.3423,3,0.0769,1.0000,8,7,6,0,0,7,6,0.1429
4,224.0000,12,1,828.7977,-88.5032,-0.2614,12,0.3077,0.8571,7,8,8,0,0,8,8,0.0000
4,224.0000,12,2,986.7094,-89.2195,0.0521,7,0.1795,1.0000,8,8,8,0,0,8,8,0.0000
4,224.0000,12,3,945.0307,-88.4046,-0.0452,5,0.1282,1.0000,8,8,8,0,0,8,8,0.0000
4,224.0000,12,4,568.2136,-87.0644,0.0257,22,0.5641,0.4000,5,6,3,0,0,6,3,0.5000
4,224.0000,12,5,723.4672,-87.1891,-0.0015,17,0.4359,0.8750,8,8,8,0,0,8,8,0.0000
4,224.0000,12,7,948.4887,-89.4887,-0.1201,5,0.1282,1.0000,8,8,8,0,0,8,8,0.0000
4,224.0000,12,8,490.6489,-86.8112,-0.3387,22,0.5641,0.5000,6,6,4,0,0,6,4,0.3333
4,224.0000,12,10,877.4007,-88.3672,-0.1697,13,0.3333,1.0000,8,8,8,0,0,8,8,0.0000
4,224.0000,12,11,44.9242,-62.4629,-0.5482,36,0.9231,0.0000,4,4,0,0,0,4,0,1.0000
4,224.0000,12,13,415.0024,-82.7577,-0.3472,33,0.8462,0.5714,7,6,3,0,0,6,3,0.5000
4,224.0000,12,16,546.7327,-85.8262,0.3156,27,0.6923,0.2000,5,8,6,0,0,8,6,0.2500
4,224.0000,12,18,745.4131,-87.2558,-0.6713,17,0.4359,0.8000,10,8,6,0,0,8,6,0.2500
4,224.0000,12,19,896.5614,-88.8647,-0.3545,3,0.0769,1.0000,50,8,8,0,0,8,8,0.0000
4,224.0000,12,20,868.0614,-88.4518,0.7066,6,0.1538,1.0000,8,8,8,0,0,8,8,0.0000
4,224.0000,12,21,742.5149,-87.7894,0.0174,15,0.3846,0.8571,7,8,8,0,0,8,8,0.0000
4,224.0000,12,23,741.2607,-87.7358,-0.4553,20,0.5128,1.0000,6,9,8,0,0,9,8,0.1111
4,224.0000,13,0,766.5173,-88.1106,-0.1627,16,0.4000,0.8750,8,8,8,0,0,8,8,0.0000
4,224.0000,13,2,1060.7885,-88.3866,0.5951,5,0.1250,1.0000,8,4,4,0,0,4,4,0.0000
4,224.0000,13,3,1096.5580,-88.7511,0.1161,3,0.0750,1.0000,8,4,4,0,0,4,4,0.0000
4,224.0000,13,4,848.1842,-88.6459,0.2078,8,0.2000,1.0000,8,8,8,0,0,8,8,0.0000
4,224.0000,13,5,865.2797,-88.5905,0.2879,15,0.3750,0.8571,7,8,8,0,0,8,8,0.0000
4,224.0000,13,8,820.2923,-87.9915,-0.3870,13,0.3250,0.6667,6,8,7,0,0,8,7,0.1250
4,224.0000,13,11,382.1483,-82.1635,-1.1026,38,0.9500,0.0000,4,5,2,0,0,5,2,0.6000
4,224.0000,13,12,415.0024,-83.1487,0.1498,37,0.9250,0.4000,5,6,3,0,0,6,3,0.5000
4,224.0000,13,16,898.9918,-88.2833,-0.5016,13,0.3250,0.8571,7,4,4,0,0,4,4,0.0000
4,224.0000,13,18,412.2218,-84.7777,0.4788,32,0.8000,0.2000,5,4,0,0,0,4,0,1.0000
4,224.0000,13,19,930.9435,-88.5563,-0.0679,11,0.2750,1.0000,8,2,2,0,0,2,2,0.0000
4,224.0000,13,21,516.8668,-86.1542,0.0245,34,0.8500,0.4000,5,6,3,0,0,6,3,0.5000
4,224.0000,13,23,688.5582,-87.9708,0.2364,16,0.4000,0.4000,5,7,6,0,0,7,6,0.1429
4,224.0000,14,1,772.4229,-88.0087,0.1594,10,0.2564,1.0000,8,8,8,0,0,8,8,0.0000
4,224.0000,14,2,841.9445,-88.0570,0.0730,16,0.4103,0.7500,8,8,8,0,0,8,8,0.0000
4,224.0000,14,3,758.2664,-87.2278,-0.0473,18,0.4615,1.0000,8,6,3,0,0,6,3,0.5000
4,224.0000,14,4,749.2567,-87.5524,-0.3504,16,0.4103,0.6667,6,8,7,0,0,8,7,0.1250
4,224.0000,14,5,763.8432,-88.6367,-0.3246,7,0.1795,0.6667,6,7,6,0,0,7,6,0.1429
4,224.0000,14,8,1103.2965,-89.0112,-1.0725,3,0.0769,1.0000,6,4,4,0,0,4,4,0.0000
4,224.0000,14,10,610.8858,-86.6503,0.0646,21,0.5385,0.8750,8,5,2,0,0,5,2,0.6000
4,224.0000,14,20,491.2869,-85.3841,0.3993,30,0.7692,0.6667,6,8,8,0,0,8,8,0.0000
4,224.0000,14,24,418.2814,-84.3474,-0.4561,33,0.8462,0.0000,4,5,2,0,0,5,2,0.6000
4,224.0000,14,25,957.3133,-88.8704,0.0162,8,0.2051,1.0000,8,4,3,0,0,4,3,0.2500
4,224.0000,15,0,607.7172,-86.8263,-0.4020,26,0.6500,0.8750,8,7,5,0,0,7,5,0.2857
4,224.0000,15,6,751.8396,-87.4186,-0.1749,21,0.5250,0.8750,8,6,4,0,0,6,4,0.3333
4,224.0000,15,7,548.5447,-85.6474,0.3328,31,0.7750,0.5000,6,7,5,0,0,7,5,0.2857
4,224.0000,15,9,772.3715,-87.8435,0.0046,19,0.4750,0.5000,6,8,8,0,0,8,8,0.0000
4,224.0000,15,16,965.7586,-89.6926,-0.0108,4,0.1000,1.0000,8,6,6,0,0,6,6,0.0000
4,224.0000,15,17,474.4430,-84.1386,-0.6506,37,0.9250,0.3333,6,5,2,0,0,5,2,0.6000
4,224.0000,15,19,345.1461,-82.0698,-0.2586,37,0.9250,0.0000,4,5,2,0,0,5,2,0.6000
4,224.0000,15,22,550.4409,-86.1443,-0.2310,30,0.7500,0.5000,6,6,2,0,0,6,2,0.6667
4,224.0000,16,1,755.8584,-87.3753,-0.4070,26,0.6500,0.5000,6,8,8,0,0,8,8,0.0000
4,224.0000,16,4,846.2174,-88.4155,0.2934,10,0.2500,1.0000,8,8,8,0,0,8,8,0.0000
4,224.0000,16,7,648.1207,-87.5370,0.6141,22,0.5500,0.6667,6,7,4,0,0,7,4,0.4286
4,224.0000,16,8,527.1974,-84.6022,-0.5191,33,0.8250,0.2000,5,6,3,0,0,6,3,0.5000
4,224.0000,16,10,887.9801,-88.4601,0.1141,15,0.3750,0.8571,7,8,8,0,0,8,8,0.0000
4,224.0000,16,11,569.5049,-86.7881,0.5242,26,0.6500,0.6667,6,6,3,0,0,6,3,0.5000
4,224.0000,16,12,546.7327,-85.8248,-0.0051,25,0.6250,0.4000,5,6,4,0,0,6,4,0.3333
4,224.0000,16,13,898.9918,-88.4720,0.0747,7,0.1750,0.8571,7,8,8,0,0,8,8,0.0000
4,224.0000,16,15,965.7586,-89.1834,0.2161,7,0.1750,1.0000,8,6,6,0,0,6,6,0.0000
4,224.0000,16,17,740.8566,-87.8817,-0.1661,13,0.3250,0.8571,7,6,4,0,0,6,4,0.3333
4,224.0000,16,19,749.0052,-87.6880,-0.2945,17,0.4250,1.0000,8,6,4,0,0,6,4,0.3333
4,224.0000,16,20,955.6818,-89.0296,-0.1852,10,0.2500,0.8571,7,4,4,0,0,4,4,0.0000
4,224.0000,17,0,981.1380,-89.1227,-0.0230,8,0.2000,0.8571,7,8,8,0,0,8,8,0.0000
4,224.0000,17,7,361.8155,-83.3243,-0.1433,37,0.9250,0.2500,4,4,0,0,0,4,0,1.0000
4,224.0000,17,15,474.4430,-84.1852,0.0669,35,0.8750,0.5000,6,6,3,0,0,6,3,0.5000
4,224.0000,17,16,740.8566,-88.0203,0.6118,6,0.1500,1.0000,8,7,6,0,0,7,6,0.1429
4,224.0000,17,19,545.6065,-85.3881,-0.1355,31,0.7750,0.6667,6,8,7,0,0,8,7,0.1250
4,224.0000,17,22,1018.8413,-88.8114,0.0481,9,0.2250,1.0000,6,6,6,0,0,6,6,0.0000
4,224.0000,18,0,727.8929,-87.5954,-0.3521,21,0.5250,0.8750,8,8,8,6,6,14,14,0.0000
4,224.0000,18,9,1105.7904,-89.3072,0.0154,4,0.1000,1.0000,8,4,4,0,0,4,4,0.0000
4,224.0000,18,11,724.4619,-87.6551,0.3251,10,0.2500,0.8750,8,8,7,0,0,8,7,0.1250
4,224.0000,18,12,745.4131,-88.5125,0.2627,11,0.2750,0.8571,7,8,8,0,0,8,8,0.0000
4,224.0000,18,13,412.2218,-84.5559,0.5657,29,0.7250,0.2000,5,4,0,0,0,4,0,1.0000
4,224.0000,18,16,1123.5090,-89.2388,0.1006,4,0.1000,1.0000,8,6,6,0,0,6,6,0.0000
4,224.0000,18,19,910.3984,-88.9025,0.1354,10,0.2500,1.0000,10,6,6,0,0,6,6,0.0000
4,224.0000,18,21,305.2458,-81.4038,-0.6068,38,0.9500,0.2000,5,5,1,0,0,5,1,0.8000
4,224.0000,18,23,777.0487,-88.3439,-0.0308,12,0.3000,1.0000,8,8,8,0,0,8,8,0.0000
4,224.0000,19,0,569.0361,-86.2705,0.0500,32,0.8000,1.0000,8,7,5,0,0,7,5,0.2857
4,224.0000,19,6,906.7288,-89.3674,-0.0824,6,0.1500,1.0000,4,8,6,0,0,8,6,0.2500
4,224.0000,19,7,605.4282,-86.7187,-0.3295,30,0.7500,0.6667,6,7,5,0,0,7,5,0.2857
4,224.0000,19,9,887.7032,-88.4481,-0.0185,10,0.2500,1.0000,8,8,8,0,0,8,8,0.0000
4,224.0000,19,11,888.1456,-88.5837,-0.3067,4,0.1000,0.7778,9,6,5,0,0,6,5,0.1667
4,224.0000,19,12,896.5614,-88.4248,0.0838,8,0.2000,1.0000,8,8,8,0,0,8,8,0.0000
4,224.0000,19,13,930.9435,-88.5157,0.2487,10,0.2500,1.0000,6,8,8,0,0,8,8,0.0000
4,224.0000,19,15,345.1461,-82.4234,0.5304,38,0.9500,0.0000,4,4,0,0,0,4,0,1.0000
4,224.0000,19,16,749.0052,-87.5397,0.3056,22,0.5500,1.0000,8,8,7,0,0,8,7,0.1250
4,224.0000,19,17,545.6065,-85.1889,-0.4944,32,0.8000,0.5000,6,8,7,0,0,8,7,0.1250
4,224.0000,19,18,910.3984,-88.7324,0.3607,10,0.2500,1.0000,8,8,8,0,0,8,8,0.0000
4,224.0000,19,21,1050.9408,-88.9597,-0.1127,4,0.1000,1.0000,8,2,2,0,0,2,2,0.0000
4,224.0000,19,22,722.9913,-88.5720,0.1660,17,0.4250,1.0000,8,10,8,0,0,10,8,0.2000
4,224.0000,20,1,393.7686,-83.1672,0.0448,32,0.8000,0.0000,4,4,0,0,0,4,0,1.0000
4,224.0000,20,2,853.7708,-88.5868,0.1578,9,0.2250,1.0000,8,8,7,6,6,14,13,0.0714
4,224.0000,20,3,728.9340,-87.7248,0.4976,10,0.2500,0.8571,7,7,6,105,97,112,103,0.0804
4,224.0000,20,4,430.6127,-84.1158,-0.2975,31,0.7750,0.0000,4,4,0,0,0,4,0,1.0000
4,224.0000,20,5,623.5453,-88.1085,-0.2793,13,0.3250,0.8718,39,7,5,2,2,9,7,0.2222
4,224.0000,20,8,703.4827,-87.6172,-0.4178,22,0.5500,0.8571,7,5,2,0,0,5,2,0.6000
4,224.0000,20,10,281.4667,-80.2845,-0.2666,38,0.9500,0.0000,4,5,2,0,0,5,2,0.6000
4,224.0000,20,11,902.2975,-88.0155,0.1023,5,0.1250,1.0000,8,8,8,0,0,8,8,0.0000
4,224.0000,20,12,868.0614,-88.6846,0.1037,8,0.2000,0.8750,8,8,8,0,0,8,8,0.0000
4,224.0000,20,14,491.2869,-86.0236,0.3186,35,0.8750,0.0000,4,4,0,0,0,4,0,1.0000
4,224.0000,20,16,955.6818,-88.2412,-0.5995,8,0.2000,1.0000,8,4,4,0,0,4,4,0.0000
4,224.0000,20,23,1041.6392,-89.0337,0.9526,3,0.0750,1.0000,6,2,2,0,0,2,2,0.0000
4,224.0000,20,24,740.6118,-88.2554,0.5507,12,0.3000,1.0000,8,5,2,0,0,5,2,0.6000
4,224.0000,21,0,998.5462,-88.9407,0.2174,5,0.1250,1.0000,8,4,4,0,0,4,4,0.0000
4,224.0000,21,3,1019.6973,-88.8934,0.2197,5,0.1250,0.8571,7,8,8,0,0,8,8,0.0000
4,224.0000,21,5,985.1876,-89.1316,-0.5330,7,0.1750,1.0000,8,8,8,0,0,8,8,0.0000
4,224.0000,21,8,871.8000,-89.3726,-0.2113,7,0.1750,1.0000,8,8,8,0,0,8,8,0.0000
4,224.0000,21,11,737.6889,-88.0859,-0.2784,10,0.2500,0.9535,43,8,7,4,4,12,11,0.0833
4,224.0000,21,12,742.5149,-87.8472,-0.4499,11,0.2750,0.9592,49,7,6,0,0,7,6,0.1429
4,224.0000,21,13,516.8668,-85.9746,0.4922,29,0.7250,0.5000,6,5,2,76,73,81,75,0.0741
4,224.0000,21,18,305.2458,-81.6490,-0.0491,40,1.0000,0.3333,6,5,1,0,0,5,1,0.8000
4,224.0000,21,19,1050.9408,-89.4466,-0.1143,5,0.1250,1.0000,8,4,4,0,0,4,4,0.0000
4,224.0000,21,23,545.1188,-87.4065,0.1374,26,0.6500,0.8571,7,5,1,0,0,5,1,0.8000
4,224.0000,22,0,605.2483,-86.6015,0.1659,23,0.5750,0.5000,6,7,5,0,0,7,5,0.2857
4,224.0000,22,6,240.1627,-79.0104,0.1054,39,0.9750,0.0000,4,4,0,0,0,4,0,1.0000
4,224.0000,22,9,338.1084,-80.5723,-0.4178,40,1.0000,0.0000,4,4,0,403,62,407,62,0.8477
4,224.0000,22,15,550.4409,-85.6339,0.4606,29,0.7250,0.4000,5,6,3,0,0,6,3,0.5000
4,224.0000,22,19,722.9913,-87.9867,-0.3493,15,0.3750,0.8571,7,7,5,0,0,7,5,0.2857
4,224.0000,23,2,464.5436,-85.0387,-0.3439,31,0.7750,0.4000,5,5,1,0,0,5,1,0.8000
4,224.0000,23,3,532.9186,-84.7417,-0.5996,31,0.7750,0.0000,4,6,4,0,0,6,4,0.3333
4,224.0000,23,4,623.7277,-87.0602,0.1858,23,0.5750,0.8750,8,7,6,0,0,7,6,0.1429
4,224.0000,23,5,518.5991,-84.4404,-0.8089,32,0.8000,0.7500,8,8,7,0,0,8,7,0.1250
4,224.0000,23,8,773.5885,-88.7440,1.1592,7,0.1750,0.8571,7,7,6,0,0,7,6,0.1429
4,224.0000,23,10,1009.7909,-88.4810,-0.1475,8,0.2000,1.0000,8,8,8,0,0,8,8,0.0000
4,224.0000,23,11,752.2496,-88.5257,0.4530,17,0.4250,0.5714,7,8,8,0,0,8,8,0.0000
4,224.0000,23,12,741.2607,-88.2362,-0.3955,16,0.4000,0.8750,8,7,6,0,0,7,6,0.1429
4,224.0000,23,13,688.5582,-88.2428,0.2080,14,0.3500,1.0000,8,6,4,0,0,6,4,0.3333
4,224.0000,23,18,777.0487,-89.0986,0.1642,6,0.1500,1.0000,8,8,7,0,0,8,7,0.1250
4,224.0000,23,21,545.1188,-87.4839,0.1457,23,0.5750,0.8571,7,6,2,0,0,6,2,0.6667
4,224.0000,23,25,602.3951,-87.0798,-0.5129,23,0.5750,1.0000,8,5,1,0,0,5,1,0.8000
4,224.0000,24,1,868.7274,-89.0626,-0.2361,5,0.1250,1.0000,8,8,5,0,0,8,5,0.3750
4,224.0000,24,2,693.9119,-87.6283,-0.2634,18,0.4500,0.5000,4,9,7,0,0,9,7,0.2222
4,224.0000,24,3,577.7851,-87.2214,0.6133,20,0.5000,0.5714,7,7,4,0,0,7,4,0.4286
4,224.0000,24,4,815.6411,-88.5075,0.1036,12,0.3000,1.0000,8,7,6,0,0,7,6,0.1429
4,224.0000,24,5,801.0451,-88.6062,-1.1247,5,0.1250,0.8750,8,7,5,0,0,7,5,0.2857
4,224.0000,24,10,716.1370,-88.3395,0.3964,11,0.2750,1.0000,8,8,4,0,0,8,4,0.5000
4,224.0000,24,14,418.2814,-84.4703,0.6784,36,0.9000,0.3333,6,6,3,0,0,6,3,0.5000
4,224.0000,24,20,740.6118,-88.4750,0.3601,11,0.2750,1.0000,8,7,5,0,0,7,5,0.2857
4,224.0000,24,25,849.5720,-88.6329,0.3825,9,0.2250,0.8571,7,7,6,0,0,7,6,0.1429
4,224.0000,25,2,291.2580,-82.6191,1.0717,28,0.7000,0.4000,5,4,0,0,0,4,0,1.0000
4,224.0000,25,3,542.2513,-86.4783,-0.5267,24,0.6000,0.5000,4,7,4,0,0,7,4,0.4286
4,224.0000,25,4,780.1203,-88.4103,-0.3767,8,0.2000,0.8571,7,8,8,0,0,8,8,0.0000
4,224.0000,25,5,480.1920,-85.5027,1.0858,21,0.5250,0.7143,7,4,0,0,0,4,0,1.0000
4,224.0000,25,14,957.3133,-88.8120,0.1325,8,0.2000,1.0000,8,8,8,0,0,8,8,0.0000
4,224.0000,25,23,602.3951,-86.7327,0.2317,25,0.6250,0.5714,7,7,6,0,0,7,6,0.1429
4,224.0000,25,24,849.5720,-88.1091,-0.0517,6,0.1500,0.7500,8,8,8,0,0,8,8,0.0000
4,228.0000,0,6,505.4245,-86.4419,-0.2456,22,0.5500,0.5714,7,5,2,0,0,5,2,0.6000
4,228.0000,0,7,901.4014,-88.0167,-1.0172,7,0.1750,1.0000,8,8,8,0,0,8,8,0.0000
4,228.0000,0,9,515.9010,-85.7148,-0.5377,28,0.7000,0.4000,5,5,1,0,0,5,1,0.8000
4,228.0000,0,11,956.8027,-88.4621,-0.9054,5,0.1250,1.0000,8,4,4,0,0,4,4,0.0000
4,228.0000,0,12,1001.4265,-87.8638,-0.4691,4,0.1000,1.0000,4,2,2,0,0,2,2,0.0000
4,228.0000,0,13,765.4319,-88.0720,0.1417,12,0.3000,1.0000,8,8,7,0,0,8,7,0.1250
4,228.0000,0,15,732.1638,-87.2243,-0.2869,17,0.4250,0.2000,5,7,6,0,0,7,6,0.1429
4,228.0000,0,17,1016.0285,-88.8226,-0.2696,9,0.2250,1.0000,8,2,2,0,0,2,2,0.0000
4,228.0000,0,18,802.5900,-87.7670,0.0939,20,0.5000,0.8750,8,7,6,0,0,7,6,0.1429
4,228.0000,0,19,591.2866,-85.7458,0.6110,21,0.5250,0.8750,8,7,5,0,0,7,5,0.2857
4,228.0000,0,22,656.3161,-86.9447,-0.1910,19,0.4750,0.6667,6,8,8,0,0,8,8,0.0000
4,228.0000,1,2,1004.2268,-88.7234,0.1151,3,0.0750,1.0000,8,6,6,0,0,6,6,0.0000
4,228.0000,1,3,723.6492,-87.5665,0.7334,12,0.3000,0.7143,7,7,5,0,0,7,5,0.2857
4,228.0000,1,4,519.9190,-85.2628,0.1697,30,0.7500,0.7143,7,5,2,0,0,5,2,0.6000
4,228.0000,1,5,717.4910,-87.7371,0.6266,13,0.3250,0.7500,8,8,7,0,0,8,7,0.1250
4,228.0000,1,8,558.0869,-85.8794,-0.1177,26,0.6500,0.0000,4,8,7,0,0,8,7,0.1250
4,228.0000,1,10,156.0772,-74.9844,0.2242,38,0.9500,0.2000,5,5,1,0,0,5,1,0.8000
4,228.0000,1,11,940.1990,-87.9991,-0.5837,8,0.2000,1.0000,8,8,8,0,0,8,8,0.0000
4,228.0000,1,12,889.7840,-88.5247,-0.1421,8,0.2000,1.0000,8,8,8,0,0,8,8,0.0000
4,228.0000,1,14,716.1059,-87.7413,0.4173,16,0.4000,0.8571,7,7,6,0,0,7,6,0.1429
4,228.0000,1,16,912.2783,-88.1789,0.1889,16,0.4000,0.8750,8,8,8,0,0,8,8,0.0000
4,228.0000,1,20,387.0728,-83.9830,-0.4546,38,0.9500,0.0000,4,5,2,0,0,5,2,0.6000
4,228.0000,1,24,703.5943,-87.6754,-0.1216,13,0.3250,0.7143,7,6,3,0,0,6,3,0.5000
4,228.0000,2,3,369.0599,-81.2425,-1.3561,36,0.9000,0.2000,5,5,1,0,0,5,1,0.8000
4,228.0000,2,4,664.3498,-87.2411,-1.0696,18,0.4500,0.5000,6,8,8,0,0,8,8,0.0000
4,228.0000,2,5,467.7771,-83.5208,-0.7373,34,0.8500,0.0000,4,5,1,0,0,5,1,0.8000
4,228.0000,2,8,859.7731,-89.0007,0.2084,7,0.1750,1.0000,8,8,8,0,0,8,8,0.0000
4,228.0000,2,10,968.2217,-88.6255,0.3686,7,0.1750,0.8750,8,2,2,0,0,2,2,0.0000
4,228.0000,2,11,1114.0245,-89.1518,-0.2476,3,0.0750,1.0000,8,8,8,0,0,8,8,0.0000
4,228.0000,2,12,1069.5581,-88.7420,0.4288,7,0.1750,1.0000,8,4,4,0,0,4,4,0.0000
4,228.0000,2,14,973.2934,-88.7423,0.2379,9,0.2250,0.8000,5,6,6,0,0,6,6,0.0000
4,228.0000,2,20,891.8468,-88.9451,-0.1771,10,0.2500,0.8750,8,8,8,0,0,8,8,0.0000
4,228.0000,2,21,871.9415,-89.2416,0.1702,5,0.1250,1.0000,8,8,8,0,0,8,8,0.0000
4,228.0000,2,23,484.7637,-84.1513,0.0001,32,0.8000,0.2000,5,6,4,0,0,6,4,0.3333
4,228.0000,2,24,790.4952,-88.6377,-0.2704,16,0.4000,0.8750,8,8,7,0,0,8,7,0.1250
4,228.0000,2,25,230.6570,-79.3839,0.6082,39,0.9750,0.1667,6,4,0,0,0,4,0,1.0000
4,228.0000,3,1,723.6492,-88.0195,0.1707,14,0.3500,0.8571,7,8,7,0,0,8,7,0.1250
4,228.0000,3,2,369.0599,-81.9083,-0.1251,35,0.8750,0.2000,5,4,0,0,0,4,0,1.0000
4,228.0000,3,4,582.6269,-85.4691,-0.0859,23,0.5750,0.2000,5,8,4,0,0,8,4,0.5000
4,228.0000,3,5,453.5560,-84.1877,-0.0644,27,0.6750,0.5714,7,4,0,0,0,4,0,1.0000
4,228.0000,3,8,756.4033,-87.6575,-0.4907,11,0.2750,0.8750,8,7,6,0,0,7,6,0.1429
4,228.0000,3,10,669.7508,-87.7281,0.4541,19,0.4750,1.0000,8,5,1,0,0,5,1,0.8000
4,228.0000,3,14,713.4604,-88.0641,-1.0987,5,0.1250,0.8750,8,6,3,0,0,6,3,0.5000
4,228.0000,3,20,665.1785,-87.8023,0.1539,13,0.3250,0.8750,8,6,4,0,0,6,4,0.3333
4,228.0000,3,23,694.2166,-86.5479,-0.0390,17,0.4250,0.5714,7,8,7,0,0,8,7,0.1250
4,228.0000,3,24,462.7112,-86.1569,0.9327,25,0.6250,0.5000,6,6,3,0,0,6,3,0.5000
4,228.0000,3,25,514.0550,-84.5146,0.0167,28,0.7000,0.6087,23,7,5,17,13,24,18,0.2500
4,228.0000,4,1,519.9190,-85.4837,0.3724,34,0.8500,0.4000,5,6,2,0,0,6,2,0.6667
4,228.0000,4,2,664.3498,-86.4995,-0.0556,24,0.6000,0.7143,7,7,6,0,0,7,6,0.1429
4,228.0000,4,3,582.6269,-85.5481,-0.1038,31,0.7750,0.2000,5,7,5,0,0,7,5,0.2857
4,228.0000,4,5,359.1943,-81.6254,-0.0048,38,0.9500,0.2000,5,6,4,0,0,6,4,0.3333
4,228.0000,4,8,367.9302,-84.0387,0.7880,38,0.9500,0.2000,5,5,2,0,0,5,2,0.6000
4,228.0000,4,10,550.7703,-85.0706,-0.5286,36,0.9000,0.3333,6,6,3,0,0,6,3,0.5000
4,228.0000,4,11,590.6014,-86.4496,0.4745,25,0.6250,0.5714,7,8,5,0,0,8,5,0.3750
4,228.0000,4,12,538.0238,-85.6488,0.4598,25,0.6250,0.7143,7,6,3,0,0,6,3,0.5000
4,228.0000,4,13,870.8130,-88.6517,-1.0089,6,0.1500,1.0000,8,8,8,0,0,8,8,0.0000
4,228.0000,4,14,854.5719,-88.1316,-0.5858,10,0.2500,0.8750,8,8,7,0,0,8,7,0.1250
4,228.0000,4,16,867.8927,-89.0440,0.2204,5,0.1250,1.0000,8,7,6,0,0,7,6,0.1429
4,228.0000,4,20,479.1156,-85.2868,0.2132,35,0.8750,0.6667,6,7,3,0,0,7,3,0.5714
4,228.0000,4,21,821.7780,-88.7672,-1.1251,6,0.1500,0.7143,7,8,7,0,0,8,7,0.1250
4,228.0000,4,23,606.4934,-87.0097,0.2263,31,0.7750,0.8571,7,8,8,0,0,8,8,0.0000
4,228.0000,4,24,834.5248,-88.3024,-0.0618,14,0.3500,0.7778,9,8,7,0,0,8,7,0.1250
4,228.0000,4,25,722.1818,-87.1213,0.3665,16,0.4000,0.8750,8,7,6,0,0,7,6,0.1429
4,228.0000,5,1,717.4910,-87.2301,-0.3104,18,0.4500,0.6667,6,7,6,0,0,7,6,0.1429
4,228.0000,5,2,467.7771,-84.1711,-0.6033,32,0.8000,0.4000,5,7,5,0,0,7,5,0.2857
4,228.0000,5,3,453.5560,-85.0019,-0.0661,34,0.8500,0.0000,4,6,3,0,0,6,3,0.5000
4,228.0000,5,4,359.1943,-81.2921,-0.2335,36,0.9000,0.4000,5,6,4,0,0,6,4,0.3333
4,228.0000,5,8,704.4071,-88.3642,-0.2114,17,0.4250,0.8571,7,7,5,0,0,7,5,0.2857
4,228.0000,5,10,666.7352,-87.7402,0.2732,26,0.6500,0.8571,7,8,7,0,0,8,7,0.1250
4,228.0000,5,11,867.9833,-87.8117,-0.3433,10,0.2500,0.8889,9,6,6,0,0,6,6,0.0000
4,228.0000,5,12,823.7498,-88.3103,0.2385,15,0.3750,1.0000,8,7,5,0,0,7,5,0.2857
4,228.0000,5,13,1027.7099,-88.9064,-0.1344,5,0.1250,1.0000,8,8,8,0,0,8,8,0.0000
4,228.0000,5,14,694.5165,-87.9130,0.1896,22,0.5500,0.8571,7,6,2,0,0,6,2,0.6667
4,228.0000,5,20,492.8346,-86.0611,0.2346,26,0.6500,0.5000,6,6,2,0,0,6,2,0.6667
4,228.0000,5,21,983.9719,-89.4015,0.0116,3,0.0750,1.0000,8,6,6,0,0,6,6,0.0000
4,228.0000,5,23,648.0849,-86.7262,-0.4326,27,0.6750,0.0000,3,7,6,0,0,7,6,0.1429
4,228.0000,5,24,694.6430,-88.0331,0.6602,16,0.4000,0.7143,7,5,2,0,0,5,2,0.6000
4,228.0000,5,25,436.9483,-85.0013,0.4810,34,0.8500,0.2000,5,5,2,0,0,5,2,0.6000
4,228.0000,6,0,505.4245,-86.2192,0.3499,23,0.5750,0.6667,6,4,0,0,0,4,0,1.0000
4,228.0000,6,9,164.7614,-75.0379,-0.3142,39,0.9750,0.0000,4,4,0,0,0,4,0,1.0000
4,228.0000,6,15,690.3077,-87.9130,-0.2462,14,0.3500,0.7143,7,6,4,34,29,40,33,0.1750
4,228.0000,6,19,754.1291,-88.4389,0.0445,9,0.2250,0.8750,8,3,2,0,0,3,2,0.3333
4,228.0000,6,22,245.6019,-78.6132,0.1389,35,0.8750,0.0444,45,4,0,23,1,27,1,0.9630
4,228.0000,7,0,901.4014,-87.5676,-0.5110,5,0.1282,1.0000,8,8,8,0,0,8,8,0.0000
4,228.0000,7,11,823.5112,-88.5218,-0.1993,4,0.1026,1.0000,8,8,8,0,0,8,8,0.0000
4,228.0000,7,12,862.1127,-88.6622,-0.9109,5,0.1282,0.8750,8,8,7,0,0,8,7,0.1250
4,228.0000,7,15,557.2525,-85.5161,0.0139,22,0.5641,0.4000,5,7,6,0,0,7,6,0.1429
4,228.0000,7,16,572.9973,-87.3674,-0.2512,20,0.5128,0.7500,8,7,5,0,0,7,5,0.2857
4,228.0000,7,17,339.6596,-83.0161,0.4211,33,0.8462,0.0000,4,4,0,0,0,4,0,1.0000
4,228.0000,7,19,617.5987,-87.6742,-0.2314,15,0.3846,1.0000,8,5,2,0,0,5,2,0.6000
4,228.0000,8,1,558.0869,-85.6789,-0.8017,36,0.9000,0.0000,4,6,3,0,0,6,3,0.5000
4,228.0000,8,2,859.7731,-88.4220,0.0405,10,0.2500,0.8571,7,8,8,0,0,8,8,0.0000
4,228.0000,8,3,756.4033,-88.1982,0.0228,16,0.4000,0.8000,10,8,8,0,0,8,8,0.0000
4,228.0000,8,4,367.9302,-83.7737,0.2045,33,0.8250,0.4000,5,6,3,0,0,6,3,0.5000
4,228.0000,8,5,704.4071,-87.4630,0.0559,20,0.5000,0.8571,7,5,2,0,0,5,2,0.6000
4,228.0000,8,10,668.6113,-87.2345,-0.1667,24,0.6000,0.7500,8,7,4,0,0,7,4,0.4286
4,228.0000,8,11,553.3217,-85.4007,0.7344,25,0.6250,0.5000,6,8,6,0,0,8,6,0.2500
4,228.0000,8,12,499.9170,-85.3937,0.2841,32,0.8000,0.4000,5,5,1,0,0,5,1,0.8000
4,228.0000,8,13,850.1019,-88.5206,0.0861,13,0.3250,0.7143,7,8,8,0,0,8,8,0.0000
4,228.0000,8,16,688.3015,-87.2888,-1.0570,25,0.6250,0.8571,7,8,7,0,0,8,7,0.1250
4,228.0000,8,18,882.8684,-88.9457,0.4161,7,0.1750,1.0000,8,8,7,0,0,8,7,0.1250
4,228.0000,8,20,738.8854,-88.0018,0.1342,23,0.5750,0.9000,10,6,6,0,0,6,6,0.0000
4,228.0000,8,21,696.7937,-87.4506,0.6294,14,0.3500,1.0000,8,7,6,0,0,7,6,0.1429
4,228.0000,8,23,648.5926,-87.3333,0.0997,18,0.4500,0.6667,6,7,6,0,0,7,6,0.1429
4,228.0000,8,25,986.1938,-88.9075,-0.1240,3,0.0750,1.0000,6,2,2,0,0,2,2,0.0000
4,228.0000,9,0,515.9010,-85.8041,-0.0753,32,0.8000,0.0000,4,6,3,0,0,6,3,0.5000
4,228.0000,9,6,164.7614,-74.5596,-0.3733,39,0.9750,0.0000,10,5,1,15,0,20,1,0.9500
4,228.0000,9,15,842.7955,-88.3374,-0.0907,11,0.2750,1.0000,8,8,7,0,0,8,7,0.1250
4,228.0000,9,19,875.9666,-88.0563,-0.1875,10,0.2500,1.0000,8,7,6,0,0,7,6,0.1429
4,228.0000,9,22,403.0050,-83.0092,-0.7549,37,0.9250,0.1867,407,4,0,625,73,629,73,0.8839
4,228.0000,10,1,156.0772,-74.8199,-0.1648,37,0.9250,0.0000,4,5,0,0,0,5,0,1.0000
4,228.0000,10,2,968.2217,-89.0831,-0.0871,7,0.1750,1.0000,8,8,8,0,0,8,8,0.0000
4,228.0000,10,3,669.7508,-87.5784,0.0452,23,0.5750,0.8600,50,7,6,72,69,79,75,0.0506
4,228.0000,10,4,550.7703,-85.3432,-0.3863,29,0.7250,0.3333,6,7,5,0,0,7,5,0.2857
4,228.0000,10,5,666.7352,-87.9395,-0.2183,15,0.3750,0.7143,7,5,1,0,0,5,1,0.8000
4,228.0000,10,8,668.6113,-86.2190,-0.4064,22,0.5500,0.6667,75,8,6,78,73,86,79,0.0814
4,228.0000,10,11,1029.6256,-88.8152,1.0249,4,0.1000,1.0000,8,6,6,0,0,6,6,0.0000
4,228.0000,10,12,979.1908,-89.6558,0.0474,4,0.1000,1.0000,8,6,6,0,0,6,6,0.0000
4,228.0000,10,14,561.5792,-86.7459,0.4211,33,0.8250,0.7143,7,7,4,6,5,13,9,0.3077
4,228.0000,10,16,1044.2418,-88.5895,0.2283,4,0.1000,1.0000,8,8,8,0,0,8,8,0.0000
4,228.0000,10,20,285.9643,-80.1185,-0.1784,38,0.9500,0.4750,40,5,1,2,2,7,3,0.5714
4,228.0000,10,23,1084.7955,-89.3147,-0.4089,3,0.0750,1.0000,2,4,4,0,0,4,4,0.0000
4,228.0000,10,24,577.5602,-86.6228,0.5891,23,0.5750,0.7143,7,5,2,0,0,5,2,0.6000
4,228.0000,11,0,956.8027,-88.9667,0.5038,7,0.1750,1.0000,6,8,8,0,0,8,8,0.0000
4,228.0000,11,1,940.1990,-88.3524,0.2346,6,0.1500,1.0000,10,4,4,0,0,4,4,0.0000
4,228.0000,11,2,1114.0245,-89.0797,-0.1476,4,0.1000,1.0000,8,8,8,0,0,8,8,0.0000
4,228.0000,11,4,590.6014,-87.0593,-0.0835,22,0.5500,0.5714,7,8,7,0,0,8,7,0.1250
4,228.0000,11,5,867.9833,-88.6538,0.0804,16,0.4000,0.8571,7,8,8,0,0,8,8,0.0000
4,228.0000,11,7,823.5112,-88.2484,0.2590,9,0.2250,1.0000,8,7,5,0,0,7,5,0.2857
4,228.0000,11,8,553.3217,-85.7539,-0.2034,27,0.6750,0.7143,7,7,6,0,0,7,6,0.1429
4,228.0000,11,10,1029.6256,-88.8374,-0.2190,3,0.0750,1.0000,8,4,4,0,0,4,4,0.0000
4,228.0000,11,12,56.2785,-63.5805,-0.4221,39,0.9750,0.2000,5,4,0,0,0,4,0,1.0000
4,228.0000,11,13,522.1570,-84.5287,-0.9827,35,0.8750,0.3333,6,7,5,32,32,39,37,0.0513
4,228.0000,11,16,541.3463,-85.4383,-0.2591,27,0.6750,0.7143,7,7,5,0,0,7,5,0.2857
4,228.0000,11,18,718.0675,-87.5043,0.5330,19,0.4750,1.0000,88,7,5,32,32,39,37,0.0513
4,228.0000,11,19,881.5815,-88.1689,-0.3539,9,0.2250,1.0000,6,8,8,0,0,8,8,0.0000
4,228.0000,11,20,967.0527,-88.6195,-0.2153,6,0.1500,1.0000,8,8,8,0,0,8,8,0.0000
4,228.0000,11,21,745.5463,-88.0410,0.1510,15,0.3750,1.0000,8,6,4,0,0,6,4,0.3333
4,228.0000,11,23,794.7552,-88.0491,-0.1680,10,0.2500,1.0000,8,5,4,0,0,5,4,0.2000
4,228.0000,12,1,889.7840,-87.8487,0.1610,13,0.3250,1.0000,8,8,8,0,0,8,8,0.0000
4,228.0000,12,2,1069.5581,-88.9849,-0.7732,3,0.0750,1.0000,8,6,6,0,0,6,6,0.0000
4,228.0000,12,3,1090.2413,-89.1954,0.0479,8,0.2000,1.0000,8,4,4,0,0,4,4,0.0000
4,228.0000,12,4,538.0238,-86.3827,0.2656,27,0.6750,0.5000,6,6,2,0,0,6,2,0.6667
4,228.0000,12,5,823.7498,-88.0805,-0.7664,14,0.3500,1.0000,8,8,8,0,0,8,8,0.0000
4,228.0000,12,7,862.1127,-88.6820,-0.9534,4,0.1000,1.0000,8,4,4,0,0,4,4,0.0000
4,228.0000,12,8,499.9170,-85.0754,0.1762,32,0.8000,0.6667,6,7,5,0,0,7,5,0.2857
4,228.0000,12,10,979.1908,-88.3278,0.3326,10,0.2500,1.0000,8,4,4,0,0,4,4,0.0000
4,228.0000,12,11,56.2785,-63.8450,-0.8188,39,0.9750,0.0000,4,4,0,0,0,4,0,1.0000
4,228.0000,12,13,538.8987,-85.0677,-0.1359,34,0.8500,0.5000,6,4,0,0,0,4,0,1.0000
4,228.0000,12,16,542.5485,-86.5331,-0.5450,25,0.6250,0.7500,8,5,2,0,0,5,2,0.6000
4,228.0000,12,18,722.1203,-87.8805,0.5500,16,0.4000,0.7500,8,6,4,0,0,6,4,0.3333
4,228.0000,12,19,911.4204,-88.4150,-0.3228,7,0.1750,1.0000,8,4,4,0,0,4,4,0.0000
4,228.0000,12,20,921.4406,-88.2268,0.5459,4,0.1000,1.0000,8,5,4,0,0,5,4,0.2000
4,228.0000,12,21,725.7036,-87.7370,0.3459,16,0.4000,1.0000,8,8,8,0,0,8,8,0.0000
4,228.0000,12,23,759.1911,-87.6599,-0.0216,10,0.2500,0.8889,9,6,5,0,0,6,5,0.1667
4,228.0000,13,0,765.4319,-88.0050,-0.1697,18,0.4500,1.0000,8,8,8,0,0,8,8,0.0000
4,228.0000,13,2,1088.7335,-89.2011,-1.0586,3,0.0750,1.0000,4,4,4,0,0,4,4,0.0000
4,228.0000,13,4,870.8130,-88.7717,-0.1697,10,0.2500,1.0000,8,8,8,0,0,8,8,0.0000
4,228.0000,13,5,1027.7099,-89.2981,0.2333,4,0.1000,1.0000,8,8,8,0,0,8,8,0.0000
4,228.0000,13,8,850.1019,-88.0618,-0.3159,12,0.3000,0.8750,8,8,8,0,0,8,8,0.0000
4,228.0000,13,11,522.1570,-85.4620,-0.5450,28,0.7000,0.4000,5,7,6,0,0,7,6,0.1429
4,228.0000,13,12,538.8987,-85.1135,0.0029,32,0.8000,0.5000,6,7,4,0,0,7,4,0.4286
4,228.0000,13,16,1010.2262,-88.7940,-0.9210,8,0.2000,1.0000,4,4,4,0,0,4,4,0.0000
4,228.0000,13,18,308.0385,-83.2048,0.3694,37,0.9250,0.0000,4,5,1,0,0,5,1,0.8000
4,228.0000,13,19,962.0491,-88.7607,0.3941,10,0.2500,1.0000,2,4,4,0,0,4,4,0.0000
4,228.0000,13,21,503.4727,-85.6381,0.0151,28,0.7000,0.5000,6,6,3,0,0,6,3,0.5000
4,228.0000,13,23,658.8867,-87.7255,-0.1014,20,0.5000,0.8571,7,7,5,0,0,7,5,0.2857
4,228.0000,13,25,1109.3170,-88.9239,0.3194,3,0.0750,,0,2,2,0,0,2,2,0.0000
4,228.0000,14,1,716.1059,-87.8252,-0.4071,11,0.2750,1.0000,8,7,5,0,0,7,5,0.2857
4,228.0000,14,3,713.4604,-87.9306,-0.2640,13,0.3250,0.5000,6,5,2,2,2,7,4,0.4286
4,228.0000,14,4,854.5719,-88.5612,0.0369,8,0.2000,0.8750,8,8,8,0,0,8,8,0.0000
4,228.0000,14,5,694.5165,-88.0681,0.1957,12,0.3000,0.8571,7,8,6,2,2,10,8,0.2000
4,228.0000,14,10,561.5792,-86.8106,0.6146,24,0.6000,0.4000,5,7,4,0,0,7,4,0.4286
4,228.0000,14,20,452.2009,-85.4109,0.3356,26,0.6500,1.0000,8,6,2,0,0,6,2,0.6667
4,228.0000,14,24,386.3279,-83.9035,0.3767,35,0.8750,0.4000,5,5,2,0,0,5,2,0.6000
4,228.0000,14,25,957.5028,-88.7618,0.8493,4,0.1000,0.7500,4,8,7,0,0,8,7,0.1250
4,228.0000,15,0,732.1638,-87.9100,-0.6366,11,0.2750,0.7143,7,8,6,0,0,8,6,0.2500
4,228.0000,15,6,690.3077,-87.6762,-0.4340,12,0.3000,0.6667,6,6,4,0,0,6,4,0.3333
4,228.0000,15,7,557.2525,-86.2825,0.1398,26,0.6500,0.7143,7,6,4,0,0,6,4,0.3333
4,228.0000,15,9,842.7955,-88.2310,0.2688,8,0.2000,1.0000,8,8,7,0,0,8,7,0.1250
4,228.0000,15,17,493.3098,-85.0126,0.1476,30,0.7500,0.4000,5,7,4,17,11,24,15,0.3750
4,228.0000,15,19,405.4561,-83.1338,0.4232,29,0.7250,0.4000,5,5,2,0,0,5,2,0.6000
4,228.0000,15,22,549.7723,-85.7315,0.6506,24,0.6000,0.3333,6,6,3,0,0,6,3,0.5000
4,228.0000,16,1,912.2783,-87.5313,-1.4846,7,0.1750,1.0000,8,8,8,0,0,8,8,0.0000
4,228.0000,16,4,867.8927,-88.5685,-0.1245,9,0.2250,1.0000,8,4,4,0,0,4,4,0.0000
4,228.0000,16,7,572.9973,-86.3142,0.5736,17,0.4250,0.5714,7,7,5,0,0,7,5,0.2857
4,228.0000,16,8,688.3015,-86.9574,-0.7559,20,0.5000,0.5000,6,8,8,0,0,8,8,0.0000
4,228.0000,16,10,1044.2418,-88.7264,-0.5682,8,0.2000,1.0000,8,2,2,0,0,2,2,0.0000
4,228.0000,16,11,541.3463,-86.1797,0.5026,22,0.5500,0.5000,6,7,5,0,0,7,5,0.2857
4,228.0000,16,12,542.5485,-86.4433,0.2706,24,0.6000,0.6667,6,6,4,0,0,6,4,0.3333
4,228.0000,16,17,582.6875,-87.2520,0.1840,17,0.4250,0.6667,6,6,3,0,0,6,3,0.5000
4,228.0000,16,19,790.9046,-87.5594,-0.1979,11,0.2750,0.6667,6,7,6,0,0,7,6,0.1429
4,228.0000,17,7,339.6596,-82.7367,-0.0775,38,0.9500,0.0000,4,4,0,0,0,4,0,1.0000
4,228.0000,17,12,986.4422,-89.4716,0.0566,3,0.0750,1.0000,2,4,4,0,0,4,4,0.0000
4,228.0000,17,15,493.3098,-84.4572,0.0257,31,0.7750,0.5000,6,6,4,0,0,6,4,0.3333
4,228.0000,17,16,582.6875,-87.3509,0.3802,18,0.4500,0.8571,7,5,1,0,0,5,1,0.8000
4,228.0000,17,19,533.7517,-85.9295,0.2881,24,0.6000,0.8750,8,6,4,0,0,6,4,0.3333
4,228.0000,18,0,802.5900,-87.8776,-0.1273,16,0.4000,1.0000,14,8,7,4,4,12,11,0.0833
4,228.0000,18,2,1105.3629,-89.0914,0.4631,3,0.0750,,0,6,6,0,0,6,6,0.0000
4,228.0000,18,8,882.8684,-89.4836,0.0107,4,0.1000,1.0000,4,8,8,0,0,8,8,0.0000
4,228.0000,18,11,718.0675,-88.3624,0.3089,16,0.4000,0.8750,8,7,6,0,0,7,6,0.1429
4,228.0000,18,12,722.1203,-88.1734,-0.2904,18,0.4500,1.0000,8,6,3,0,0,6,3,0.5000
4,228.0000,18,13,308.0385,-82.4897,0.6136,33,0.8250,0.0000,4,4,0,0,0,4,0,1.0000
4,228.0000,18,19,953.3478,-88.9055,-0.4687,9,0.2250,1.0000,6,6,6,0,0,6,6,0.0000
4,228.0000,18,21,313.8144,-81.5881,-0.4013,36,0.9000,0.2000,5,4,0,0,0,4,0,1.0000
4,228.0000,18,23,625.5199,-87.3649,0.3052,16,0.4000,1.0000,8,5,2,0,0,5,2,0.6000
4,228.0000,19,0,591.2866,-85.0764,0.1321,18,0.4500,0.7143,7,7,5,0,0,7,5,0.2857
4,228.0000,19,6,754.1291,-88.5208,0.8655,3,0.0750,0.7500,8,7,5,0,0,7,5,0.2857
4,228.0000,19,7,617.5987,-86.6472,-0.0370,17,0.4250,0.7143,7,9,7,0,0,9,7,0.2222
4,228.0000,19,9,875.9666,-89.3013,-0.1405,6,0.1500,1.0000,8,8,8,0,0,8,8,0.0000
4,228.0000,19,11,881.5815,-88.8597,-0.5545,4,0.1000,0.8333,6,8,7,0,0,8,7,0.1250
4,228.0000,19,12,911.4204,-88.9133,-0.4084,4,0.1000,1.0000,8,8,8,0,0,8,8,0.0000
4,228.0000,19,15,405.4561,-82.8435,0.0626,28,0.7000,0.0000,4,6,3,0,0,6,3,0.5000
4,228.0000,19,16,790.9046,-88.0599,-0.3405,11,0.2750,0.8750,8,8,8,0,0,8,8,0.0000
4,228.0000,19,17,533.7517,-84.8735,0.0459,25,0.6250,0.8750,8,7,5,0,0,7,5,0.2857
4,228.0000,19,18,953.3478,-88.7457,-0.4075,4,0.1000,1.0000,8,8,8,0,0,8,8,0.0000
4,228.0000,19,22,695.8755,-87.4886,0.1234,11,0.2750,0.8000,10,7,5,0,0,7,5,0.2857
4,228.0000,20,1,387.0728,-83.9846,-0.2369,35,0.8537,0.0000,4,4,0,0,0,4,0,1.0000
4,228.0000,20,2,891.8468,-88.7592,-0.3364,7,0.1707,0.9286,14,7,6,0,0,7,6,0.1429
4,228.0000,20,3,665.1785,-87.5554,-0.1767,18,0.4390,0.9196,112,6,2,46,45,52,47,0.0962
4,228.0000,20,4,479.1156,-84.7822,-0.5139,33,0.8049,0.0000,4,6,2,0,0,6,2,0.6667
4,228.0000,20,5,492.8346,-86.3499,0.5332,30,0.7317,0.7778,9,6,2,0,0,6,2,0.6667
4,228.0000,20,8,738.8854,-88.4043,0.3184,15,0.3659,0.4000,5,8,8,0,0,8,8,0.0000
4,228.0000,20,10,285.9643,-80.5226,-0.1691,40,0.9756,0.4000,5,5,1,0,0,5,1,0.8000
4,228.0000,20,11,967.0527,-89.2352,-0.3624,7,0.1707,1.0000,8,8,8,0,0,8,8,0.0000
4,228.0000,20,12,921.4406,-88.4511,-0.4168,8,0.1951,1.0000,8,8,8,0,0,8,8,0.0000
4,228.0000,20,14,452.2009,-84.8210,0.7158,34,0.8293,0.0000,4,6,2,0,0,6,2,0.6667
4,228.0000,20,16,1085.8970,-89.5316,-0.1025,3,0.0732,1.0000,4,8,8,0,0,8,8,0.0000
4,228.0000,20,23,1038.3639,-89.1128,0.7935,3,0.0732,1.0000,2,8,8,0,0,8,8,0.0000
4,228.0000,20,24,601.3608,-87.2335,0.5016,28,0.6829,0.4000,5,5,2,0,0,5,2,0.6000
4,228.0000,20,25,903.3403,-88.4327,0.1846,6,0.1463,1.0000,6,7,6,34,34,41,40,0.0244
4,228.0000,21,2,871.9415,-88.5332,0.4020,5,0.1250,1.0000,8,8,5,0,0,8,5,0.3750
4,228.0000,21,3,1031.3223,-88.5105,-1.0525,3,0.0750,1.0000,8,2,2,0,0,2,2,0.0000
4,228.0000,21,4,821.7780,-87.8963,-0.1812,8,0.2000,1.0000,8,7,6,0,0,7,6,0.1429
4,228.0000,21,5,983.9719,-88.9588,0.2385,5,0.1250,1.0000,8,8,8,0,0,8,8,0.0000
4,228.0000,21,8,696.7937,-87.4243,0.3327,11,0.2750,1.0000,8,5,2,0,0,5,2,0.6000
4,228.0000,21,11,745.5463,-87.5010,-0.1128,15,0.3750,0.9167,12,7,5,0,0,7,5,0.2857
4,228.0000,21,12,725.7036,-87.9793,0.2721,13,0.3250,0.8571,7,7,4,0,0,7,4,0.4286
4,228.0000,21,13,503.4727,-84.4133,0.3895,29,0.7250,0.9259,81,7,5,79,75,86,80,0.0698
4,228.0000,21,18,313.8144,-81.5700,0.0101,36,0.9000,0.2000,5,4,0,0,0,4,0,1.0000
4,228.0000,21,23,393.6682,-85.1287,0.5368,30,0.7500,0.2000,5,4,0,0,0,4,0,1.0000
4,228.0000,22,0,656.3161,-87.4077,0.3297,22,0.5641,0.7143,7,3,0,0,0,3,0,1.0000
4,228.0000,22,6,245.6019,-78.7936,0.1010,36,0.9231,0.0000,4,4,0,0,0,4,0,1.0000
4,228.0000,22,9,403.0050,-83.2945,-0.1951,33,0.8462,0.1523,407,4,0,655,90,659,90,0.8634
4,228.0000,22,15,549.7723,-85.8187,0.1887,27,0.6923,0.5000,6,6,4,0,0,6,4,0.3333
4,228.0000,22,19,695.8755,-87.9802,-0.3917,10,0.2564,0.7143,7,5,2,0,0,5,2,0.6000
4,228.0000,23,2,484.7637,-85.7457,-0.1507,32,0.8000,0.2000,5,5,2,0,0,5,2,0.6000
4,228.0000,23,3,694.2166,-86.9188,-0.2124,20,0.5000,0.6667,6,7,6,0,0,7,6,0.1429
4,228.0000,23,4,606.4934,-87.0659,0.3134,19,0.4750,0.8571,7,7,5,0,0,7,5,0.2857
4,228.0000,23,5,648.0849,-86.6158,-0.6742,22,0.5500,0.8750,8,6,6,0,0,6,6,0.0000
4,228.0000,23,8,648.5926,-87.5163,0.4269,16,0.4000,0.8571,7,6,3,0,0,6,3,0.5000
4,228.0000,23,11,794.7552,-87.9739,0.2853,6,0.1500,1.0000,8,8,8,0,0,8,8,0.0000
4,228.0000,23,12,759.1911,-88.1597,0.1874,14,0.3500,0.8571,7,8,6,0,0,8,6,0.2500
4,228.0000,23,13,658.8867,-87.2056,0.0847,20,0.5000,0.6667,6,7,6,0,0,7,6,0.1429
4,228.0000,23,18,625.5199,-87.8860,0.3053,12,0.3000,0.8750,8,6,3,0,0,6,3,0.5000
4,228.0000,23,21,393.6682,-84.8226,-0.0834,28,0.7000,0.3333,6,4,0,0,0,4,0,1.0000
4,228.0000,23,25,598.2314,-86.8063,0.2350,23,0.5750,0.2000,5,5,2,0,0,5,2,0.6000
4,228.0000,24,1,703.5943,-88.3733,0.6215,15,0.3750,0.6250,8,7,5,0,0,7,5,0.2857
4,228.0000,24,2,790.4952,-88.2252,-0.2967,16,0.4000,0.7778,9,8,8,0,0,8,8,0.0000
4,228.0000,24,3,462.7112,-85.3770,0.3708,32,0.8000,0.5714,7,4,0,0,0,4,0,1.0000
4,228.0000,24,4,834.5248,-88.2699,0.6361,13,0.3250,0.8571,7,8,7,0,0,8,7,0.1250
4,228.0000,24,5,694.6430,-87.7451,0.8195,12,0.3000,0.7143,7,6,4,0,0,6,4,0.3333
4,228.0000,24,8,1029.2017,-89.1516,-0.1359,4,0.1000,1.0000,6,6,6,0,0,6,6,0.0000
4,228.0000,24,10,577.5602,-86.8537,0.6360,21,0.5250,0.5000,8,5,1,0,0,5,1,0.8000
4,228.0000,24,14,386.3279,-84.3363,1.0348,35,0.8750,0.5000,6,4,0,0,0,4,0,1.0000
4,228.0000,24,20,601.3608,-86.8928,0.4569,21,0.5250,0.7143,7,5,1,0,0,5,1,0.8000
4,228.0000,24,25,853.6067,-88.8996,-0.2487,13,0.3250,0.8571,7,5,4,0,0,5,4,0.2000
4,228.0000,25,2,230.6570,-79.7583,0.6476,37,0.9250,0.0000,4,4,0,0,0,4,0,1.0000
4,228.0000,25,3,514.0550,-85.6815,-0.1908,27,0.6750,0.5714,7,5,2,0,0,5,2,0.6000
4,228.0000,25,4,722.1818,-87.3461,0.0293,15,0.3750,1.0000,8,6,3,0,0,6,3,0.5000
4,228.0000,25,5,436.9483,-84.6692,0.2698,32,0.8000,0.0000,4,6,4,0,0,6,4,0.3333
4,228.0000,25,8,986.1938,-88.3407,-0.0459,3,0.0750,1.0000,6,8,6,0,0,8,6,0.2500
4,228.0000,25,10,1042.1147,-88.4894,-0.1983,3,0.0750,1.0000,4,8,8,0,0,8,8,0.0000
4,228.0000,25,14,957.5028,-88.9584,0.8072,3,0.0750,1.0000,8,8,8,0,0,8,8,0.0000
4,228.0000,25,20,903.3403,-87.9401,-0.2957,4,0.1000,1.0000,6,8,7,0,0,8,7,0.1250
4,228.0000,25,23,598.2314,-86.0268,0.2978,24,0.6000,0.8571,7,6,4,0,0,6,4,0.3333
4,228.0000,25,24,853.6067,-88.7806,0.0205,14,0.3500,1.0000,8,8,8,0,0,8,8,0.0000
4,232.0000,0,6,382.9014,-83.4885,0.0210,22,0.5500,0.4000,5,6,4,0,0,6,4,0.3333
4,232.0000,0,7,939.8015,-87.3452,-1.3273,3,0.0750,1.0000,8,7,6,0,0,7,6,0.1429
4,232.0000,0,9,472.0770,-85.4473,0.6555,26,0.6500,0.2000,5,5,1,0,0,5,1,0.8000
4,232.0000,0,11,1018.6845,-88.8342,-0.0970,5,0.1250,1.0000,4,8,8,0,0,8,8,0.0000
4,232.0000,0,13,805.5674,-87.3946,0.3586,10,0.2500,0.8750,8,8,8,0,0,8,8,0.0000
4,232.0000,0,15,841.4321,-87.7006,-0.8065,13,0.3250,0.8571,7,8,8,0,0,8,8,0.0000
4,232.0000,0,17,1047.4409,-89.0560,0.7478,3,0.0750,1.0000,2,8,8,0,0,8,8,0.0000
4,232.0000,0,18,928.5916,-88.1408,0.2060,7,0.1750,0.8571,7,8,8,0,0,8,8,0.0000
4,232.0000,0,19,613.2718,-87.0819,0.2543,21,0.5250,0.7143,7,8,5,0,0,8,5,0.3750
4,232.0000,0,22,582.6464,-87.7275,0.4654,18,0.4500,1.0000,8,5,1,0,0,5,1,0.8000
4,232.0000,1,2,1093.0206,-89.5903,0.2370,3,0.0750,1.0000,6,2,2,0,0,2,2,0.0000
4,232.0000,1,3,729.6217,-88.3005,0.0249,13,0.3250,0.7143,7,8,7,0,0,8,7,0.1250
4,232.0000,1,4,597.9696,-86.1934,-0.8589,29,0.7250,0.4000,5,8,7,0,0,8,7,0.1250
4,232.0000,1,5,674.3519,-87.7403,0.4654,22,0.5500,0.8750,8,5,4,0,0,5,4,0.2000
4,232.0000,1,8,667.1839,-86.6372,-0.8004,23,0.5750,0.8750,8,6,4,0,0,6,4,0.3333
4,232.0000,1,10,150.6506,-75.1856,-0.0357,39,0.9750,0.2000,5,4,0,0,0,4,0,1.0000
4,232.0000,1,12,989.9720,-88.2969,-0.4019,6,0.1500,1.0000,8,6,6,0,0,6,6,0.0000
4,232.0000,1,14,697.2855,-87.0777,0.2166,21,0.5250,0.8571,7,6,3,0,0,6,3,0.5000
4,232.0000,1,16,1073.3319,-88.5199,-0.0196,3,0.0750,1.0000,8,2,2,0,0,2,2,0.0000
4,232.0000,1,20,397.9418,-83.4214,0.3552,35,0.8750,0.4000,5,5,2,0,0,5,2,0.6000
4,232.0000,1,24,557.3353,-87.1291,0.6512,27,0.6750,0.5000,6,5,1,0,0,5,1,0.8000
4,232.0000,1,25,1033.0671,-88.9255,-0.3954,4,0.1000,0.8571,7,4,4,0,0,4,4,0.0000
4,232.0000,2,3,507.4022,-84.6906,-0.6340,31,0.7750,0.2000,5,8,7,0,0,8,7,0.1250
4,232.0000,2,4,779.2179,-88.0061,0.3567,14,0.3500,1.0000,8,8,8,0,0,8,8,0.0000
4,232.0000,2,5,611.5496,-85.9245,-0.5398,27,0.6750,0.2000,5,8,5,0,0,8,5,0.3750
4,232.0000,2,8,810.6301,-87.9527,-0.2075,10,0.2500,1.0000,8,8,6,0,0,8,6,0.2500
4,232.0000,2,14,983.2084,-88.2964,-0.3321,5,0.1250,1.0000,6,8,8,0,0,8,8,0.0000
4,232.0000,2,20,932.6579,-89.6413,-0.0652,4,0.1000,1.0000,8,7,6,0,0,7,6,0.1429
4,232.0000,2,21,772.3632,-88.5624,0.0514,10,0.2500,1.0000,8,8,8,0,0,8,8,0.0000
4,232.0000,2,23,538.7964,-85.2942,0.1921,26,0.6500,0.6667,6,6,3,0,0,6,3,0.5000
4,232.0000,2,24,859.5507,-88.6231,0.0056,12,0.3000,0.8750,8,8,8,0,0,8,8,0.0000
4,232.0000,2,25,265.8105,-78.1283,-0.3152,36,0.9000,0.0000,4,4,0,0,0,4,0,1.0000
4,232.0000,3,1,729.6217,-88.0167,-0.1457,18,0.4500,0.8750,8,8,8,0,0,8,8,0.0000
4,232.0000,3,2,507.4022,-85.1543,-0.1531,38,0.9500,0.0000,4,5,2,0,0,5,2,0.6000
4,232.0000,3,4,734.9478,-87.0825,-0.3412,24,0.6000,0.5000,8,8,8,0,0,8,8,0.0000
4,232.0000,3,5,484.8580,-85.5412,-0.2825,35,0.8750,0.0000,4,6,3,0,0,6,3,0.5000
4,232.0000,3,8,782.7582,-87.7385,-0.5628,18,0.4500,0.8571,7,6,3,0,0,6,3,0.5000
4,232.0000,3,10,654.7658,-87.2016,-0.2951,21,0.5250,0.2000,5,8,5,0,0,8,5,0.3750
4,232.0000,3,14,586.7549,-87.4904,0.1523,26,0.6500,0.5000,6,5,2,0,0,5,2,0.6000
4,232.0000,3,20,618.4900,-87.2378,0.0385,26,0.6500,0.6667,6,5,1,0,0,5,1,0.8000
4,232.0000,3,23,849.2378,-87.8969,-0.4146,15,0.3750,0.8750,8,8,8,0,0,8,8,0.0000
4,232.0000,3,24,368.9051,-83.7661,0.7878,37,0.9250,0.5000,6,5,1,0,0,5,1,0.8000
4,232.0000,3,25,544.5446,-85.4578,-0.3900,30,0.7500,0.7500,24,6,3,0,0,6,3,0.5000
4,232.0000,4,1,597.9696,-86.6875,-0.8167,33,0.8250,0.3333,6,7,5,0,0,7,5,0.2857
4,232.0000,4,2,779.2179,-88.2479,-0.5009,18,0.4500,0.8571,7,7,6,0,0,7,6,0.1429
4,232.0000,4,3,734.9478,-87.3085,-0.1940,20,0.5000,0.7143,7,8,8,0,0,8,8,0.0000
4,232.0000,4,5,467.6572,-83.7348,-0.7556,34,0.8500,0.6667,6,6,4,0,0,6,4,0.3333
4,232.0000,4,8,318.4463,-82.7498,-0.1976,35,0.8750,0.4000,5,5,1,0,0,5,1,0.8000
4,232.0000,4,10,639.8047,-86.4454,0.1961,32,0.8000,0.5000,6,8,5,0,0,8,5,0.3750
4,232.0000,4,11,596.1755,-86.9375,-0.3277,24,0.6000,0.6250,8,5,2,0,0,5,2,0.6000
4,232.0000,4,12,522.5371,-85.8308,-0.0072,26,0.6500,0.5000,6,7,4,0,0,7,4,0.4286
4,232.0000,4,13,909.6965,-89.0835,-0.1720,4,0.1000,1.0000,8,8,8,0,0,8,8,0.0000
4,232.0000,4,14,917.3476,-88.6868,0.3190,9,0.2250,0.8750,8,6,6,0,0,6,6,0.0000
4,232.0000,4,16,882.7229,-88.9788,0.5000,7,0.1750,0.8571,7,7,6,0,0,7,6,0.1429
4,232.0000,4,18,855.2533,-88.7312,-0.5942,5,0.1250,1.0000,4,8,8,0,0,8,8,0.0000
4,232.0000,4,20,546.4099,-85.5363,-0.0011,30,0.7500,0.4286,7,4,2,0,0,4,2,0.5000
4,232.0000,4,21,717.7477,-87.9047,-0.5655,12,0.3000,0.8750,8,5,2,0,0,5,2,0.6000
4,232.0000,4,23,598.2183,-86.2784,0.1048,23,0.5750,1.0000,8,6,4,0,0,6,4,0.3333
4,232.0000,4,24,829.5572,-88.3813,-0.1321,12,0.3000,0.8750,8,6,4,0,0,6,4,0.3333
4,232.0000,4,25,680.8619,-87.4047,0.0216,21,0.5250,0.8571,7,8,7,0,0,8,7,0.1250
4,232.0000,5,1,674.3519,-87.7436,-0.6050,17,0.4250,0.8571,7,7,5,0,0,7,5,0.2857
4,232.0000,5,2,611.5496,-86.4673,0.2062,26,0.6500,0.7143,7,6,3,0,0,6,3,0.5000
4,232.0000,5,3,484.8580,-85.3319,0.0228,33,0.8250,0.5000,6,5,1,0,0,5,1,0.8000
4,232.0000,5,4,467.6572,-83.6679,-0.5456,31,0.7750,0.6667,6,6,4,0,0,6,4,0.3333
4,232.0000,5,8,704.4612,-87.3483,-0.5653,17,0.4250,0.7143,7,8,8,0,0,8,8,0.0000
4,232.0000,5,10,605.1545,-87.1050,0.1113,20,0.5000,0.8750,8,6,2,0,0,6,2,0.6667
4,232.0000,5,11,1014.9868,-89.0158,-0.1742,5,0.1250,1.0000,6,6,6,0,0,6,6,0.0000
4,232.0000,5,12,947.8467,-88.0316,0.2367,8,0.2000,0.7143,7,8,8,0,0,8,8,0.0000
4,232.0000,5,14,550.7479,-86.9984,0.1014,26,0.6500,0.3333,6,4,0,0,0,4,0,1.0000
4,232.0000,5,20,370.4285,-84.0014,0.7355,29,0.7250,0.3333,6,5,0,0,0,5,0,1.0000
4,232.0000,5,21,997.2325,-88.7777,-0.2940,5,0.1250,1.0000,6,3,2,0,0,3,2,0.3333
4,232.0000,5,23,779.0784,-87.4275,-0.1534,19,0.4750,0.8571,7,8,8,0,0,8,8,0.0000
4,232.0000,5,24,566.7386,-86.8359,0.4752,26,0.6500,0.4000,5,5,2,0,0,5,2,0.6000
4,232.0000,5,25,430.3636,-84.2419,0.0697,35,0.8750,0.4000,5,5,2,0,0,5,2,0.6000
4,232.0000,6,0,382.9014,-84.6526,-0.0206,33,0.8250,0.0000,4,6,2,0,0,6,2,0.6667
4,232.0000,6,9,149.2750,-73.6916,0.5716,39,0.9750,0.0000,4,4,0,0,0,4,0,1.0000
4,232.0000,6,15,692.9021,-87.2029,-0.6051,18,0.4500,0.8250,40,7,6,78,73,85,79,0.0706
4,232.0000,6,19,623.0044,-87.2960,0.5598,18,0.4500,0.6667,3,7,5,0,0,7,5,0.2857
4,232.0000,6,22,261.9157,-79.5532,-0.0470,36,0.9000,0.0370,27,4,0,0,0,4,0,1.0000
4,232.0000,7,0,939.8015,-88.5354,0.2856,6,0.1500,1.0000,8,8,8,0,0,8,8,0.0000
4,232.0000,7,11,703.9367,-88.4552,-0.1761,10,0.2500,1.0000,8,9,7,0,0,9,7,0.2222
4,232.0000,7,12,769.6295,-87.9927,2.6652,3,0.0750,0.8750,8,8,8,0,0,8,8,0.0000
4,232.0000,7,15,578.1206,-86.3218,0.0400,23,0.5750,0.8571,7,5,1,0,0,5,1,0.8000
4,232.0000,7,16,502.7365,-84.8494,0.2565,20,0.5000,0.7143,7,5,1,0,0,5,1,0.8000
4,232.0000,7,17,333.9003,-82.2712,-0.2748,32,0.8000,0.0000,4,4,0,0,0,4,0,1.0000
4,232.0000,7,19,632.8344,-86.8627,-1.0627,18,0.4500,0.4000,5,8,7,0,0,8,7,0.1250
4,232.0000,8,1,667.1839,-86.4085,-0.2457,29,0.7250,0.5000,6,8,8,0,0,8,8,0.0000
4,232.0000,8,2,810.6301,-88.7564,0.0644,11,0.2750,1.0000,8,7,6,0,0,7,6,0.1429
4,232.0000,8,3,782.7582,-88.0556,-0.1031,18,0.4500,1.0000,8,8,7,0,0,8,7,0.1250
4,232.0000,8,4,318.4463,-82.1314,0.4651,35,0.8750,0.5000,6,4,0,0,0,4,0,1.0000
4,232.0000,8,5,704.4612,-88.2115,-0.1126,19,0.4750,0.4000,5,8,7,0,0,8,7,0.1250
4,232.0000,8,10,748.1642,-88.1859,-0.4651,17,0.4250,0.5714,7,7,6,0,0,7,6,0.1429
4,232.0000,8,11,651.9576,-86.6833,-0.3566,33,0.8250,0.7500,8,8,6,0,0,8,6,0.2500
4,232.0000,8,12,580.1461,-85.9495,-0.2954,30,0.7500,0.2000,5,6,4,0,0,6,4,0.3333
4,232.0000,8,13,894.4517,-88.7497,0.1319,14,0.3500,1.0000,8,7,6,0,0,7,6,0.1429
4,232.0000,8,14,1104.2314,-89.2879,0.5774,4,0.1000,1.0000,6,2,2,0,0,2,2,0.0000
4,232.0000,8,16,862.3137,-88.2161,-0.4618,13,0.3250,0.8750,8,8,8,0,0,8,8,0.0000
4,232.0000,8,18,755.3352,-88.1967,0.2110,19,0.4750,0.8750,8,6,3,0,0,6,3,0.5000
4,232.0000,8,20,767.4285,-88.0275,-0.2038,13,0.3250,1.0000,6,7,6,0,0,7,6,0.1429
4,232.0000,8,21,552.2696,-86.8553,0.1876,28,0.7000,0.8571,7,5,1,0,0,5,1,0.8000
4,232.0000,8,23,528.0934,-86.4643,0.2582,22,0.5500,0.8571,7,6,2,0,0,6,2,0.6667
4,232.0000,8,24,924.2554,-88.6671,0.3100,6,0.1500,1.0000,6,8,8,0,0,8,8,0.0000
4,232.0000,8,25,815.4932,-88.3507,-0.2817,5,0.1250,1.0000,2,7,6,0,0,7,6,0.1429
4,232.0000,9,0,472.0770,-85.3446,0.2058,32,0.8000,0.5000,6,5,1,0,0,5,1,0.8000
4,232.0000,9,6,149.2750,-73.2556,0.6421,38,0.9500,0.0500,20,4,0,0,0,4,0,1.0000
4,232.0000,9,15,765.9239,-88.0513,-0.1061,12,0.3000,0.8750,8,8,5,0,0,8,5,0.3750
4,232.0000,9,19,760.7072,-88.4640,0.4039,9,0.2250,0.8571,7,7,5,0,0,7,5,0.2857
4,232.0000,9,22,330.7630,-83.5175,0.2149,37,0.9250,0.1161,629,4,0,0,0,4,0,1.0000
4,232.0000,10,1,150.6506,-74.6470,0.4488,39,0.9750,0.0000,5,4,0,0,0,4,0,1.0000
4,232.0000,10,3,654.7658,-87.5220,-0.0769,21,0.5250,0.9494,79,7,6,78,71,85,77,0.0941
4,232.0000,10,4,639.8047,-86.1811,-0.0877,22,0.5500,0.7143,7,6,3,0,0,6,3,0.5000
4,232.0000,10,5,605.1545,-87.0256,0.3879,18,0.4500,0.2000,5,7,5,0,0,7,5,0.2857
4,232.0000,10,8,748.1642,-87.1306,-0.3239,13,0.3250,0.9186,86,6,5,78,72,84,77,0.0833
4,232.0000,10,14,549.2773,-86.2876,0.2043,26,0.6500,0.6923,13,7,5,0,0,7,5,0.2857
4,232.0000,10,20,301.3705,-81.2038,-0.7112,38,0.9500,0.4286,7,5,1,0,0,5,1,0.8000
4,232.0000,10,24,433.4927,-85.7713,0.2466,31,0.7750,0.4000,5,3,0,0,0,3,0,1.0000
4,232.0000,10,25,979.6867,-89.0786,-0.5289,6,0.1500,1.0000,4,8,8,0,0,8,8,0.0000
4,232.0000,11,1,1053.7322,-89.1444,-1.0369,3,0.0769,1.0000,4,6,6,0,0,6,6,0.0000
4,232.0000,11,4,596.1755,-86.7818,0.0565,20,0.5128,0.8750,8,7,5,0,0,7,5,0.2857
4,232.0000,11,7,703.9367,-88.3687,0.3321,18,0.4615,0.7143,7,6,4,0,0,6,4,0.3333
4,232.0000,11,8,651.9576,-87.0556,-0.0836,21,0.5385,0.8571,7,7,5,0,0,7,5,0.2857
4,232.0000,11,12,75.6168,-65.6861,-0.6800,37,0.9487,0.0000,4,4,0,0,0,4,0,1.0000
4,232.0000,11,13,670.4057,-86.3161,-1.0371,20,0.5128,0.9487,39,6,4,0,0,6,4,0.3333
4,232.0000,11,16,508.6707,-85.9163,0.7823,32,0.8205,0.7143,7,5,1,0,0,5,1,0.8000
4,232.0000,11,17,789.9532,-89.0646,0.0402,8,0.2051,1.0000,8,7,6,32,32,39,38,0.0256
4,232.0000,11,18,727.0344,-88.7376,0.5570,10,0.2564,0.9487,39,8,8,0,0,8,8,0.0000
4,232.0000,11,19,889.9914,-88.6206,-0.3655,9,0.2308,1.0000,8,8,8,0,0,8,8,0.0000
4,232.0000,11,20,1064.6562,-89.6438,0.0063,5,0.1282,1.0000,8,2,2,0,0,2,2,0.0000
4,232.0000,11,21,808.9272,-87.8593,-0.3359,11,0.2821,0.6667,6,8,7,0,0,8,7,0.1250
4,232.0000,11,23,837.6390,-88.0688,-0.0914,11,0.2821,0.8000,5,10,10,0,0,10,10,0.0000
4,232.0000,12,1,989.9720,-88.5435,0.7526,3,0.0750,1.0000,8,6,6,0,0,6,6,0.0000
4,232.0000,12,4,522.5371,-86.2014,-0.8609,16,0.4000,0.3333,6,6,4,0,0,6,4,0.3333
4,232.0000,12,7,769.6295,-87.6851,0.1368,10,0.2500,1.0000,4,8,8,0,0,8,8,0.0000
4,232.0000,12,8,580.1461,-85.8782,-0.3524,19,0.4750,0.7143,7,7,6,0,0,7,6,0.1429
4,232.0000,12,10,1074.4229,-89.7526,0.0702,3,0.0750,1.0000,4,6,6,0,0,6,6,0.0000
4,232.0000,12,11,75.6168,-66.0997,-0.6030,38,0.9500,0.0000,4,4,0,0,0,4,0,1.0000
4,232.0000,12,13,670.3404,-84.9948,-0.6229,12,0.3000,0.0000,4,8,7,0,0,8,7,0.1250
4,232.0000,12,16,531.7527,-85.6959,-0.0071,17,0.4250,0.4000,5,6,3,0,0,6,3,0.5000
4,232.0000,12,18,707.0956,-87.6689,-0.8988,7,0.1750,0.6667,6,7,6,0,0,7,6,0.1429
4,232.0000,12,20,1000.7774,-88.3754,0.6743,4,0.1000,0.8000,5,8,8,0,0,8,8,0.0000
4,232.0000,12,21,762.0811,-86.2149,-0.2114,6,0.1500,1.0000,8,6,4,0,0,6,4,0.3333
4,232.0000,12,23,780.1608,-88.0651,0.0795,7,0.1750,0.8333,6,8,7,0,0,8,7,0.1250
4,232.0000,13,0,805.5674,-88.0574,0.0663,11,0.2750,1.0000,8,7,5,0,0,7,5,0.2857
4,232.0000,13,4,909.6965,-88.5935,-0.3537,7,0.1750,1.0000,8,8,8,0,0,8,8,0.0000
4,232.0000,13,8,894.4517,-88.0580,-0.4481,7,0.1750,1.0000,8,8,8,0,0,8,8,0.0000
4,232.0000,13,11,670.4057,-86.8409,-0.2899,21,0.5250,0.8571,7,8,7,0,0,8,7,0.1250
4,232.0000,13,12,670.3404,-86.5909,-0.5117,18,0.4500,0.5714,7,7,5,0,0,7,5,0.2857
4,232.0000,13,16,1123.7212,-89.1885,-0.4494,3,0.0750,1.0000,4,6,6,0,0,6,6,0.0000
4,232.0000,13,18,270.0956,-80.3922,0.1140,38,0.9500,0.2000,5,4,0,0,0,4,0,1.0000
4,232.0000,13,19,1018.0896,-89.1732,0.2266,4,0.1000,1.0000,4,6,6,0,0,6,6,0.0000
4,232.0000,13,21,561.1842,-85.8402,0.1437,30,0.7500,0.5000,6,5,2,0,0,5,2,0.6000
4,232.0000,13,23,632.3350,-86.8441,0.4344,20,0.5000,0.7143,7,8,7,0,0,8,7,0.1250
4,232.0000,14,1,697.2855,-87.4404,-0.1425,17,0.4250,0.7143,7,8,7,0,0,8,7,0.1250
4,232.0000,14,2,983.2084,-89.4507,0.5349,3,0.0750,1.0000,8,8,8,0,0,8,8,0.0000
4,232.0000,14,3,586.7549,-86.8121,-0.1029,17,0.4250,0.5714,7,6,3,0,0,6,3,0.5000
4,232.0000,14,4,917.3476,-89.2283,0.6151,4,0.1000,1.0000,8,8,8,0,0,8,8,0.0000
4,232.0000,14,5,550.7479,-86.5705,0.5525,22,0.5500,0.8000,10,6,2,0,0,6,2,0.6667
4,232.0000,14,10,549.2773,-86.1999,-0.3197,28,0.7000,0.5714,7,6,2,0,0,6,2,0.6667
4,232.0000,14,20,427.7037,-84.4896,0.2106,32,0.8000,0.3333,6,6,3,0,0,6,3,0.5000
4,232.0000,14,24,332.8497,-82.4311,0.2012,37,0.9250,0.4000,5,4,0,0,0,4,0,1.0000
4,232.0000,14,25,864.6151,-88.1338,0.2581,5,0.1250,0.8750,8,8,6,0,0,8,6,0.2500
4,232.0000,15,0,841.4321,-87.6433,-0.9214,6,0.1500,0.7500,8,7,6,0,0,7,6,0.1429
4,232.0000,15,6,692.9021,-87.5123,-0.5825,15,0.3750,0.6667,6,8,6,0,0,8,6,0.2500
4,232.0000,15,7,578.1206,-86.4189,0.2343,23,0.5750,0.6667,6,6,4,0,0,6,4,0.3333
4,232.0000,15,9,765.9239,-87.7826,-0.2376,10,0.2500,0.8750,8,7,5,0,0,7,5,0.2857
4,232.0000,15,16,964.7309,-88.9915,-7.5128,3,0.0750,1.0000,4,8,8,0,0,8,8,0.0000
4,232.0000,15,17,556.2533,-84.9254,-0.6437,30,0.7500,0.6250,24,7,4,22,11,29,15,0.4828
4,232.0000,15,19,469.1524,-83.6553,-0.6973,28,0.7000,0.4000,5,5,2,0,0,5,2,0.6000
4,232.0000,15,22,494.2723,-85.6339,0.4791,25,0.6250,0.5000,6,7,5,0,0,7,5,0.2857
4,232.0000,16,1,1073.3319,-88.9468,0.6044,4,0.1000,1.0000,8,6,6,0,0,6,6,0.0000
4,232.0000,16,4,882.7229,-87.8959,-0.0413,6,0.1500,1.0000,4,8,8,0,0,8,8,0.0000
4,232.0000,16,7,502.7365,-86.4066,-0.0629,25,0.6250,0.7143,7,4,0,0,0,4,0,1.0000
4,232.0000,16,8,862.3137,-88.4727,0.3046,7,0.1750,1.0000,8,6,6,0,0,6,6,0.0000
4,232.0000,16,11,508.6707,-85.8256,-0.0598,26,0.6500,0.7143,7,4,0,0,0,4,0,1.0000
4,232.0000,16,12,531.7527,-86.6985,-0.5363,22,0.5500,0.6667,6,6,4,0,0,6,4,0.3333
4,232.0000,16,15,964.7309,-88.4020,-0.0311,3,0.0750,1.0000,2,8,8,0,0,8,8,0.0000
4,232.0000,16,17,437.6301,-84.5939,0.7548,26,0.6500,0.5000,6,4,0,0,0,4,0,1.0000
4,232.0000,16,19,828.1781,-87.9630,-0.3460,10,0.2500,0.8571,7,8,8,0,0,8,8,0.0000
4,232.0000,17,0,1047.4409,-88.5127,2.0781,3,0.0750,1.0000,4,8,8,0,0,8,8,0.0000
4,232.0000,17,7,333.9003,-81.4764,-0.4091,34,0.8500,0.0000,4,5,1,0,0,5,1,0.8000
4,232.0000,17,11,789.9532,-89.0406,0.0349,8,0.2000,1.0000,6,6,4,0,0,6,4,0.3333
4,232.0000,17,12,836.4613,-89.1483,0.4194,3,0.0750,1.0000,4,7,6,0,0,7,6,0.1429
4,232.0000,17,15,556.2533,-86.3027,-0.6632,25,0.6250,0.6667,6,5,1,0,0,5,1,0.8000
4,232.0000,17,16,437.6301,-85.1468,1.3053,28,0.7000,0.2000,5,4,0,0,0,4,0,1.0000
4,232.0000,17,19,545.4658,-85.5520,-0.2645,23,0.5750,0.6667,6,6,4,0,0,6,4,0.3333
4,232.0000,17,22,956.0922,-88.2810,0.0044,5,0.1250,1.0000,4,8,8,0,0,8,8,0.0000
4,232.0000,18,0,928.5916,-88.9907,0.5657,8,0.2051,0.9167,12,7,6,0,0,7,6,0.1429
4,232.0000,18,4,855.2533,-89.1243,-0.1389,3,0.0769,1.0000,4,8,8,0,0,8,8,0.0000
4,232.0000,18,8,755.3352,-88.5614,0.2564,9,0.2308,1.0000,8,6,4,0,0,6,4,0.3333
4,232.0000,18,11,727.0344,-87.0619,0.5302,9,0.2308,0.8571,7,8,8,0,0,8,8,0.0000
4,232.0000,18,12,707.0956,-88.3405,-0.4332,10,0.2564,0.5000,6,6,4,0,0,6,4,0.3333
4,232.0000,18,13,270.0956,-80.6439,0.5098,37,0.9487,0.0000,4,4,0,0,0,4,0,1.0000
4,232.0000,18,16,1128.8624,-89.1683,0.3241,3,0.0769,1.0000,6,2,2,0,0,2,2,0.0000
4,232.0000,18,21,321.7290,-82.3272,0.0784,33,0.8462,0.0000,4,5,1,0,0,5,1,0.8000
4,232.0000,18,23,474.7258,-86.2910,0.2703,22,0.5641,0.4000,5,4,0,0,0,4,0,1.0000
4,232.0000,19,0,613.2718,-86.1139,1.2528,10,0.2500,0.7143,7,6,4,0,0,6,4,0.3333
4,232.0000,19,6,623.0044,-87.2853,1.5254,7,0.1750,0.7143,7,5,2,0,0,5,2,0.6000
4,232.0000,19,7,632.8344,-86.3728,-0.0898,12,0.3000,0.7778,9,7,5,0,0,7,5,0.2857
4,232.0000,19,9,760.7072,-88.7926,0.5427,7,0.1750,1.0000,8,5,2,0,0,5,2,0.6000
4,232.0000,19,11,889.9914,-88.9278,-0.3618,4,0.1000,0.8750,8,6,6,0,0,6,6,0.0000
4,232.0000,19,15,469.1524,-84.1471,-0.6077,21,0.5250,0.5000,6,6,2,0,0,6,2,0.6667
4,232.0000,19,16,828.1781,-87.7164,-1.1790,4,0.1000,1.0000,8,7,6,0,0,7,6,0.1429
4,232.0000,19,17,545.4658,-84.7942,0.1931,14,0.3500,0.7143,7,7,3,0,0,7,3,0.5714
4,232.0000,19,22,538.2520,-86.1621,-1.1625,9,0.2250,0.7143,7,4,0,0,0,4,0,1.0000
4,232.0000,20,1,397.9418,-83.5472,0.0252,37,0.9487,0.0000,4,5,1,0,0,5,1,0.8000
4,232.0000,20,2,932.6579,-89.0419,0.2162,12,0.3077,0.8571,7,6,6,0,0,6,6,0.0000
4,232.0000,20,3,618.4900,-87.4521,0.1521,24,0.6154,0.9038,52,5,2,0,0,5,2,0.6000
4,232.0000,20,4,546.4099,-85.8987,-0.6631,22,0.5641,0.3333,6,8,7,0,0,8,7,0.1250
4,232.0000,20,5,370.4285,-84.2605,0.7931,36,0.9231,0.3333,6,5,1,0,0,5,1,0.8000
4,232.0000,20,8,767.4285,-88.7072,0.0598,14,0.3590,1.0000,8,7,6,0,0,7,6,0.1429
4,232.0000,20,10,301.3705,-80.7713,-0.4081,38,0.9744,0.2000,5,5,1,0,0,5,1,0.8000
4,232.0000,20,11,1064.6562,-88.0614,-2.3752,3,0.0769,1.0000,8,8,8,0,0,8,8,0.0000
4,232.0000,20,12,1000.7774,-89.0884,0.2756,5,0.1282,1.0000,8,8,8,0,0,8,8,0.0000
4,232.0000,20,14,427.7037,-84.1103,0.2572,34,0.8718,0.3333,6,5,2,0,0,5,2,0.6000
4,232.0000,20,23,1042.5524,-89.3555,0.2224,6,0.1538,1.0000,8,6,6,0,0,6,6,0.0000
4,232.0000,20,24,464.8433,-86.4934,0.5591,32,0.8205,0.4000,5,4,0,0,0,4,0,1.0000
4,232.0000,20,25,792.9883,-88.2115,0.5813,8,0.2051,0.9756,41,8,8,80,78,88,86,0.0227
4,232.0000,21,2,772.3632,-88.2346,0.5577,7,0.1795,0.6250,8,8,8,0,0,8,8,0.0000
4,232.0000,21,4,717.7477,-87.5152,0.5559,12,0.3077,0.8571,7,7,4,0,0,7,4,0.4286
4,232.0000,21,8,552.2696,-86.1900,0.1863,18,0.4615,0.4000,5,5,1,0,0,5,1,0.8000
4,232.0000,21,11,808.9272,-87.7151,-0.1454,10,0.2564,0.7143,7,8,7,0,0,8,7,0.1250
4,232.0000,21,12,762.0811,-88.1264,0.2042,9,0.2308,0.5714,7,7,6,0,0,7,6,0.1429
4,232.0000,21,13,561.1842,-85.0910,-0.6341,24,0.6154,0.9302,86,6,3,76,66,82,69,0.1585
4,232.0000,21,18,321.7290,-81.3111,-0.4738,34,0.8718,0.0000,4,6,2,0,0,6,2,0.6667
4,232.0000,21,23,258.5319,-80.9940,0.6411,32,0.8205,0.0000,4,4,0,0,0,4,0,1.0000
4,232.0000,21,25,848.9589,-88.3909,0.6455,6,0.1538,0.8571,7,7,6,0,0,7,6,0.1429
4,232.0000,22,0,582.6464,-87.1443,0.3386,19,0.4750,0.0000,3,7,4,0,0,7,4,0.4286
4,232.0000,22,6,261.9157,-79.6080,-0.1239,37,0.9250,0.0000,4,4,0,0,0,4,0,1.0000
4,232.0000,22,7,943.6610,-89.0088,0.3953,4,0.1000,1.0000,2,8,8,0,0,8,8,0.0000
4,232.0000,22,9,330.7630,-83.5015,-0.0738,36,0.9000,0.1366,659,5,1,0,0,5,1,0.8000
4,232.0000,22,15,494.2723,-86.0156,0.3918,30,0.7500,0.6667,6,6,4,0,0,6,4,0.3333
4,232.0000,22,19,538.2520,-87.0816,0.2199,28,0.7000,0.4000,5,5,1,0,0,5,1,0.8000
4,232.0000,23,2,538.7964,-85.5326,-0.6388,32,0.8000,0.4000,5,7,6,0,0,7,6,0.1429
4,232.0000,23,3,849.2378,-88.1286,-0.2525,13,0.3250,0.8571,7,8,7,0,0,8,7,0.1250
4,232.0000,23,4,598.2183,-86.1794,-0.1127,19,0.4750,0.7143,7,6,4,0,0,6,4,0.3333
4,232.0000,23,5,779.0784,-87.7176,-0.4993,14,0.3500,1.0000,6,8,8,0,0,8,8,0.0000
4,232.0000,23,8,528.0934,-86.2823,-0.0160,19,0.4750,0.5000,6,5,2,0,0,5,2,0.6000
4,232.0000,23,11,837.6390,-88.1932,-0.9780,5,0.1250,1.0000,8,7,6,0,0,7,6,0.1429
4,232.0000,23,12,780.1608,-87.3639,-0.1406,13,0.3250,0.7500,8,8,7,0,0,8,7,0.1250
4,232.0000,23,13,632.3350,-86.1982,-0.0027,17,0.4250,0.8571,7,8,7,0,0,8,7,0.1250
4,232.0000,23,18,474.7258,-86.2519,-0.2332,25,0.6250,0.5000,6,5,2,0,0,5,2,0.6000
4,232.0000,23,20,1042.5524,-88.5878,-1.1236,3,0.0750,1.0000,8,8,8,0,0,8,8,0.0000
4,232.0000,23,21,258.5319,-82.1057,0.7160,35,0.8750,0.0000,4,4,0,0,0,4,0,1.0000
4,232.0000,23,25,591.8404,-87.2202,-0.3397,23,0.5750,0.4000,5,7,5,0,0,7,5,0.2857
4,232.0000,24,1,557.3353,-85.9302,0.3061,23,0.5750,0.7143,7,5,2,0,0,5,2,0.6000
4,232.0000,24,2,859.5507,-88.4620,-0.1021,5,0.1250,1.0000,8,8,8,0,0,8,8,0.0000
4,232.0000,24,3,368.9051,-83.9188,1.2257,34,0.8500,0.0000,4,6,2,0,0,6,2,0.6667
4,232.0000,24,4,829.5572,-87.9729,-0.1004,11,0.2750,0.8750,8,8,8,0,0,8,8,0.0000
4,232.0000,24,5,566.7386,-86.8910,0.3160,19,0.4750,0.6667,6,6,3,0,0,6,3,0.5000
4,232.0000,24,8,924.2554,-88.4782,0.5812,3,0.0750,1.0000,6,8,8,0,0,8,8,0.0000
4,232.0000,24,10,433.4927,-85.5263,0.1078,31,0.7750,0.2000,5,4,0,0,0,4,0,1.0000
4,232.0000,24,14,332.8497,-83.0325,0.0121,38,0.9500,0.0000,4,5,1,0,0,5,1,0.8000
4,232.0000,24,20,464.8433,-85.6269,0.1653,32,0.8000,0.2000,5,5,1,0,0,5,1,0.8000
4,232.0000,24,25,825.5913,-87.9379,0.3563,8,0.2000,0.8000,5,8,7,0,0,8,7,0.1250
4,232.0000,25,1,1033.0671,-89.1779,-0.2027,4,0.1000,1.0000,4,8,8,0,0,8,8,0.0000
4,232.0000,25,2,265.8105,-78.5274,0.0365,37,0.9250,0.0000,4,4,0,0,0,4,0,1.0000
4,232.0000,25,3,544.5446,-85.8835,-0.1810,19,0.4750,0.4000,5,6,4,0,0,6,4,0.3333
4,232.0000,25,4,680.8619,-88.0492,-0.0434,10,0.2500,0.5000,6,7,4,0,0,7,4,0.4286
4,232.0000,25,5,430.3636,-84.4042,0.5984,31,0.7750,0.6667,6,5,4,0,0,5,4,0.2000
4,232.0000,25,14,864.6151,-88.7941,0.2312,5,0.1250,1.0000,8,7,6,0,0,7,6,0.1429
4,232.0000,25,20,792.9883,-88.8217,-1.4470,4,0.1000,0.8750,8,8,7,0,0,8,7,0.1250
4,232.0000,25,21,848.9589,-89.1993,-0.8755,3,0.0750,1.0000,8,8,8,0,0,8,8,0.0000
4,232.0000,25,23,591.8404,-87.0464,-0.5178,23,0.5750,0.6667,6,6,4,0,0,6,4,0.3333
4,232.0000,25,24,825.5913,-87.8427,-0.1164,9,0.2250,1.0000,8,8,8,0,0,8,8,0.0000
4,236.0000,0,6,315.3993,-83.1400,0.2104,37,0.9250,0.6667,6,4,0,0,0,4,0,1.0000
4,236.0000,0,7,965.6040,-88.2727,0.2638,5,0.1250,0.8571,7,10,10,0,0,10,10,0.0000
4,236.0000,0,9,522.3620,-85.8574,-0.4240,36,0.9000,0.2000,5,5,2,0,0,5,2,0.6000
4,236.0000,0,11,1047.3462,-88.9196,0.1319,3,0.0750,1.0000,8,8,8,0,0,8,8,0.0000
4,236.0000,0,12,1128.8117,-88.9984,1.5426,3,0.0750,,0,2,2,0,0,2,2,0.0000
4,236.0000,0,13,806.2698,-88.6687,-0.1796,13,0.3250,1.0000,8,8,7,0,0,8,7,0.1250
4,236.0000,0,15,970.8857,-89.4555,0.3229,5,0.1250,1.0000,8,8,8,0,0,8,8,0.0000
4,236.0000,0,18,1047.8211,-89.1432,-1.9938,3,0.0750,1.0000,8,8,8,0,0,8,8,0.0000
4,236.0000,0,19,618.4416,-86.9675,-0.0809,23,0.5750,0.6250,8,6,1,0,0,6,1,0.8333
4,236.0000,0,22,562.4216,-86.4930,0.5618,28,0.7000,0.2000,5,6,3,0,0,6,3,0.5000
4,236.0000,1,2,1161.3212,-88.7361,-0.8302,3,0.0750,1.0000,2,4,4,0,0,4,4,0.0000
4,236.0000,1,3,712.8751,-87.6243,-0.1171,17,0.4250,0.8750,8,7,5,0,0,7,5,0.2857
4,236.0000,1,4,686.0429,-87.0652,-0.3384,26,0.6500,0.8750,8,6,6,0,0,6,6,0.0000
4,236.0000,1,5,623.0535,-87.2886,0.0082,23,0.5750,0.8000,5,5,2,0,0,5,2,0.6000
4,236.0000,1,8,737.7881,-87.6574,-0.1589,18,0.4500,0.6667,6,8,8,0,0,8,8,0.0000
4,236.0000,1,10,151.5416,-73.7219,0.6926,37,0.9250,0.0000,4,4,0,0,0,4,0,1.0000
4,236.0000,1,14,675.9705,-87.6658,0.3062,24,0.6000,0.5000,6,5,1,0,0,5,1,0.8000
4,236.0000,1,20,404.4012,-83.9222,0.2882,35,0.8750,0.4000,5,4,0,0,0,4,0,1.0000
4,236.0000,1,23,1143.6063,-89.3261,0.2823,3,0.0750,1.0000,6,2,2,0,0,2,2,0.0000
4,236.0000,1,24,398.0753,-84.9046,0.4763,33,0.8250,0.2000,5,6,1,0,0,6,1,0.8333
4,236.0000,1,25,965.7585,-89.5633,-0.0669,6,0.1500,1.0000,4,7,6,0,0,7,6,0.1429
4,236.0000,2,3,660.3884,-86.5283,-0.9166,25,0.6250,0.8750,8,8,8,0,0,8,8,0.0000
4,236.0000,2,4,895.5615,-88.2269,-0.1271,12,0.3000,1.0000,8,8,8,0,0,8,8,0.0000
4,236.0000,2,5,771.9343,-87.4381,-0.7065,16,0.4000,0.6250,8,8,8,0,0,8,8,0.0000
4,236.0000,2,8,763.8130,-88.1982,-0.1612,12,0.3000,0.7500,8,7,5,0,0,7,5,0.2857
4,236.0000,2,10,1097.0396,-89.5734,3.2458,3,0.0750,1.0000,4,8,8,0,0,8,8,0.0000
4,236.0000,2,14,974.3573,-88.1097,0.2329,6,0.1500,1.0000,8,8,8,0,0,8,8,0.0000
4,236.0000,2,18,904.4685,-88.7489,0.3380,7,0.1750,1.0000,8,8,8,0,0,8,8,0.0000
4,236.0000,2,21,699.1317,-88.0612,0.3997,11,0.2750,1.0000,8,7,6,0,0,7,6,0.1429
4,236.0000,2,23,602.8279,-85.2011,-0.0684,25,0.6250,0.5000,6,7,6,0,0,7,6,0.1429
4,236.0000,2,24,956.3683,-89.2309,0.0275,5,0.1250,1.0000,8,7,6,0,0,7,6,0.1429
4,236.0000,2,25,373.9998,-81.8994,-0.8415,35,0.8750,0.0000,4,7,5,0,0,7,5,0.2857
4,236.0000,3,1,712.8751,-88.2234,0.0419,15,0.3750,1.0000,8,5,2,0,0,5,2,0.6000
4,236.0000,3,2,660.3884,-86.6001,-0.3891,29,0.7250,0.4000,5,8,7,0,0,8,7,0.1250
4,236.0000,3,4,906.3467,-88.4354,0.2075,16,0.4000,1.0000,8,8,8,0,0,8,8,0.0000
4,236.0000,3,5,518.9988,-86.0952,-0.1582,34,0.8500,0.5000,6,4,0,0,0,4,0,1.0000
4,236.0000,3,8,824.0627,-87.6356,-0.1976,13,0.3250,0.5000,6,8,8,0,0,8,8,0.0000
4,236.0000,3,10,603.0517,-86.2848,0.1460,24,0.6000,0.6250,8,6,4,0,0,6,4,0.3333
4,236.0000,3,14,457.2195,-85.8143,0.6840,32,0.8000,0.4000,5,4,0,0,0,4,0,1.0000
4,236.0000,3,20,588.6547,-87.0636,0.4522,29,0.7250,0.2000,5,6,4,0,0,6,4,0.3333
4,236.0000,3,23,1011.2920,-88.1895,-0.5365,9,0.2250,1.0000,8,4,4,0,0,4,4,0.0000
4,236.0000,3,24,371.3910,-82.5990,0.2500,36,0.9000,0.2000,5,6,2,0,0,6,2,0.6667
4,236.0000,3,25,629.4436,-86.4074,-0.0978,27,0.6750,0.5000,6,7,6,0,0,7,6,0.1429
4,236.0000,4,1,686.0429,-87.0058,0.2122,17,0.4250,0.7143,7,6,4,0,0,6,4,0.3333
4,236.0000,4,2,895.5615,-88.2214,-0.4586,13,0.3250,0.8571,7,8,8,0,0,8,8,0.0000
4,236.0000,4,3,906.3467,-88.3253,-0.0107,12,0.3000,1.0000,8,8,8,0,0,8,8,0.0000
4,236.0000,4,5,618.7972,-85.6194,-0.4912,28,0.7000,0.6667,6,8,7,0,0,8,7,0.1250
4,236.0000,4,8,342.7591,-81.3552,-0.0676,36,0.9000,0.2000,5,4,0,0,0,4,0,1.0000
4,236.0000,4,10,724.4076,-87.3278,0.4742,14,0.3500,0.6250,8,7,5,0,0,7,5,0.2857
4,236.0000,4,11,600.5136,-87.6405,0.4517,19,0.4750,0.4000,5,7,3,0,0,7,3,0.5714
4,236.0000,4,12,493.7487,-85.1278,0.0857,30,0.7500,0.5714,7,5,1,0,0,5,1,0.8000
4,236.0000,4,13,887.4244,-88.8404,-0.8169,4,0.1000,1.0000,8,7,6,0,0,7,6,0.1429
4,236.0000,4,14,975.9600,-89.1822,-0.4299,6,0.1500,1.0000,6,8,8,0,0,8,8,0.0000
4,236.0000,4,16,897.4684,-88.8815,-0.4305,6,0.1500,0.8571,7,8,7,0,0,8,7,0.1250
4,236.0000,4,18,734.1005,-87.8065,0.1143,13,0.3250,1.0000,8,7,6,0,0,7,6,0.1429
4,236.0000,4,20,645.7643,-86.3276,-0.2320,23,0.5750,0.5000,4,7,6,0,0,7,6,0.1429
4,236.0000,4,21,622.6222,-87.7955,0.1176,22,0.5500,0.4000,5,6,4,0,0,6,4,0.3333
4,236.0000,4,23,593.8458,-86.9070,-0.1702,24,0.6000,0.6667,6,8,7,0,0,8,7,0.1250
4,236.0000,4,24,833.6911,-88.5627,-0.1103,15,0.3750,0.6667,6,8,8,0,0,8,8,0.0000
4,236.0000,4,25,648.9297,-87.1372,0.5129,24,0.6000,0.8750,8,7,6,0,0,7,6,0.1429
4,236.0000,5,1,623.0535,-87.2946,-0.1132,17,0.4359,0.7143,7,7,4,0,0,7,4,0.4286
4,236.0000,5,2,771.9343,-87.2793,-0.8148,20,0.5128,0.5000,6,8,8,0,0,8,8,0.0000
4,236.0000,5,3,518.9988,-85.2980,0.3898,30,0.7692,0.2000,5,6,2,0,0,6,2,0.6667
4,236.0000,5,4,618.7972,-85.8877,-0.4725,20,0.5128,0.6667,6,8,4,0,0,8,4,0.5000
4,236.0000,5,8,749.3052,-88.1633,-0.5702,12,0.3077,1.0000,8,7,6,0,0,7,6,0.1429
4,236.0000,5,10,522.2420,-86.1219,0.4095,22,0.5641,0.3333,6,7,3,0,0,7,3,0.5714
4,236.0000,5,14,400.3411,-84.8671,1.6479,34,0.8718,0.0000,4,5,1,0,0,5,1,0.8000
4,236.0000,5,20,265.1090,-80.7990,0.8260,33,0.8462,0.0000,5,6,2,0,0,6,2,0.6667
4,236.0000,5,23,923.0414,-88.1200,0.0085,4,0.1026,1.0000,8,6,6,0,0,6,6,0.0000
4,236.0000,5,24,465.4683,-85.8258,0.4932,28,0.7179,0.4000,5,7,5,0,0,7,5,0.2857
4,236.0000,5,25,470.8430,-84.5800,-0.2879,29,0.7436,0.4000,5,5,2,0,0,5,2,0.6000
4,236.0000,6,0,315.3993,-82.4388,0.7786,38,0.9500,0.3333,6,4,0,0,0,4,0,1.0000
4,236.0000,6,7,932.5104,-88.5796,0.1946,3,0.0750,1.0000,8,8,8,0,0,8,8,0.0000
4,236.0000,6,9,252.9926,-76.8875,-1.1605,36,0.9000,0.0000,4,4,0,0,0,4,0,1.0000
4,236.0000,6,15,749.0141,-87.4312,0.1150,18,0.4500,0.9294,85,7,6,41,39,48,45,0.0625
4,236.0000,6,17,1004.8493,-89.1761,-0.1753,4,0.1000,1.0000,4,8,8,0,0,8,8,0.0000
4,236.0000,6,19,503.8314,-86.0230,0.3544,28,0.7000,0.7143,7,5,1,32,21,37,22,0.4054
4,236.0000,6,22,279.4017,-80.4893,-0.3758,34,0.8500,0.0000,4,4,0,0,0,4,0,1.0000
4,236.0000,7,0,965.6040,-88.7554,0.0653,6,0.1500,1.0000,8,8,8,0,0,8,8,0.0000
4,236.0000,7,6,932.5104,-89.1372,0.4550,5,0.1250,1.0000,8,8,7,0,0,8,7,0.1250
4,236.0000,7,11,615.1084,-87.0004,0.2782,17,0.4250,0.7778,9,8,6,0,0,8,6,0.2500
4,236.0000,7,12,710.3001,-88.0051,-0.2454,16,0.4000,1.0000,8,6,4,0,0,6,4,0.3333
4,236.0000,7,15,603.5729,-86.7479,-0.1376,25,0.6250,0.2000,5,6,4,0,0,6,4,0.3333
4,236.0000,7,16,469.6413,-85.0632,0.0277,29,0.7250,0.2000,5,5,1,0,0,5,1,0.8000
4,236.0000,7,17,342.9057,-81.8794,-0.5166,35,0.8750,0.0000,4,4,0,0,0,4,0,1.0000
4,236.0000,7,19,657.5868,-86.8972,0.0072,22,0.5500,0.8750,8,7,4,29,26,36,30,0.1667
4,236.0000,7,22,823.5453,-88.4123,-0.2754,9,0.2250,0.8571,7,7,5,0,0,7,5,0.2857
4,236.0000,8,1,737.7881,-87.7337,-0.0352,22,0.5500,1.0000,8,5,2,0,0,5,2,0.6000
4,236.0000,8,2,763.8130,-87.5253,0.1436,13,0.3250,0.8571,7,8,8,0,0,8,8,0.0000
4,236.0000,8,3,824.0627,-88.2287,-0.1941,12,0.3000,0.8750,8,8,8,0,0,8,8,0.0000
4,236.0000,8,4,342.7591,-81.4598,-0.1630,38,0.9500,0.0000,4,5,1,0,0,5,1,0.8000
4,236.0000,8,5,749.3052,-87.2652,-0.4552,17,0.4250,0.8750,8,7,3,0,0,7,3,0.5714
4,236.0000,8,10,781.0025,-87.7353,-0.5150,16,0.4000,0.8571,7,7,5,0,0,7,5,0.2857
4,236.0000,8,11,791.7832,-87.4633,-0.5837,18,0.4500,0.7500,8,8,8,0,0,8,8,0.0000
4,236.0000,8,12,694.7981,-87.0545,-0.3393,23,0.5750,0.6667,6,7,6,0,0,7,6,0.1429
4,236.0000,8,13,909.6437,-88.9694,0.0952,9,0.2250,0.8571,7,6,6,0,0,6,6,0.0000
4,236.0000,8,14,1048.1915,-89.6227,0.0022,4,0.1000,1.0000,2,2,2,0,0,2,2,0.0000
4,236.0000,8,16,1044.9891,-89.1704,0.1361,3,0.0750,1.0000,8,8,8,0,0,8,8,0.0000
4,236.0000,8,18,650.3562,-88.0124,-0.1190,23,0.5750,0.5000,6,6,3,0,0,6,3,0.5000
4,236.0000,8,20,789.3919,-88.1592,-0.1076,15,0.3750,0.8571,7,7,6,0,0,7,6,0.1429
4,236.0000,8,21,408.3282,-85.8109,-0.1265,32,0.8000,0.2000,5,4,0,0,0,4,0,1.0000
4,236.0000,8,23,452.6225,-85.5221,0.8314,31,0.7750,0.3333,6,5,1,0,0,5,1,0.8000
4,236.0000,8,24,837.4302,-88.0374,0.1506,10,0.2500,1.0000,8,8,7,0,0,8,7,0.1250
4,236.0000,8,25,666.5235,-87.9110,-0.0909,19,0.4750,0.8571,7,7,5,0,0,7,5,0.2857
4,236.0000,9,0,522.3620,-86.1656,-0.6114,33,0.8250,0.2000,5,6,2,0,0,6,2,0.6667
4,236.0000,9,6,252.9926,-76.4662,-1.3354,39,0.9750,0.0000,4,4,0,0,0,4,0,1.0000
4,236.0000,9,15,698.4138,-88.1752,0.7550,24,0.6000,0.6250,8,8,8,0,0,8,8,0.0000
4,236.0000,9,19,658.8049,-87.3230,0.1563,24,0.6000,0.7143,7,7,5,0,0,7,5,0.2857
4,236.0000,9,22,307.4344,-82.0464,0.0598,38,0.9500,0.0000,4,5,2,0,0,5,2,0.6000
4,236.0000,10,1,151.5416,-74.3647,-0.2237,40,1.0000,0.0000,4,4,0,0,0,4,0,1.0000
4,236.0000,10,3,603.0517,-86.8681,-0.1295,26,0.6500,0.9059,85,7,5,80,70,87,75,0.1379
4,236.0000,10,4,724.4076,-86.9605,-0.1820,18,0.4500,0.5000,6,8,8,0,0,8,8,0.0000
4,236.0000,10,5,522.2420,-86.3008,-0.1104,27,0.6750,0.7143,7,5,1,0,0,5,1,0.8000
4,236.0000,10,8,781.0025,-88.2843,-0.0089,14,0.3500,0.9167,84,7,6,76,71,83,77,0.0723
4,236.0000,10,14,526.0213,-85.2788,0.0646,31,0.7750,0.7143,7,5,2,0,0,5,2,0.6000
4,236.0000,10,20,299.9015,-81.6048,0.2493,38,0.9500,0.2000,5,4,0,0,0,4,0,1.0000
4,236.0000,10,24,262.2301,-81.7743,1.6746,38,0.9500,0.0000,3,4,0,0,0,4,0,1.0000
4,236.0000,10,25,897.4647,-88.2904,-0.4260,5,0.1250,1.0000,8,8,8,0,0,8,8,0.0000
4,236.0000,11,0,1047.3462,-89.0545,0.1709,6,0.1500,1.0000,6,6,6,0,0,6,6,0.0000
4,236.0000,11,1,1177.1190,-89.2551,-0.0411,4,0.1000,1.0000,6,4,4,0,0,4,4,0.0000
4,236.0000,11,4,600.5136,-86.8517,-0.0918,21,0.5250,0.7143,7,7,6,0,0,7,6,0.1429
4,236.0000,11,7,615.1084,-87.4032,0.8007,22,0.5500,0.6667,6,5,2,67,60,72,62,0.1389
4,236.0000,11,8,791.7832,-87.2051,-0.3344,15,0.3750,0.7143,7,8,8,0,0,8,8,0.0000
4,236.0000,11,12,107.7493,-69.2453,-0.8252,37,0.9250,0.0000,4,4,0,0,0,4,0,1.0000
4,236.0000,11,13,714.4382,-86.9784,0.0653,18,0.4500,0.6667,6,7,5,0,0,7,5,0.2857
4,236.0000,11,16,503.6419,-84.8102,0.4207,31,0.7750,0.2000,5,5,1,0,0,5,1,0.8000
4,236.0000,11,17,648.2572,-87.3997,-0.2913,16,0.4000,0.9744,39,6,3,10,10,16,13,0.1875
4,236.0000,11,18,760.3615,-87.9581,0.1255,14,0.3500,1.0000,8,7,6,0,0,7,6,0.1429
4,236.0000,11,19,900.3320,-88.8187,0.0953,12,0.3000,1.0000,8,8,7,0,0,8,7,0.1250
4,236.0000,11,20,1185.0382,-89.5223,-0.1123,4,0.1000,1.0000,2,2,2,0,0,2,2,0.0000
4,236.0000,11,21,870.2984,-88.1691,-0.1557,5,0.1250,0.8750,8,8,8,0,0,8,8,0.0000
4,236.0000,11,23,872.8020,-87.8851,-0.0429,8,0.2000,1.0000,10,8,8,0,0,8,8,0.0000
4,236.0000,12,1,1075.8098,-88.8289,-0.8947,4,0.1000,1.0000,6,4,4,0,0,4,4,0.0000
4,236.0000,12,4,493.7487,-85.8172,-0.3010,27,0.6750,0.6667,6,6,3,0,0,6,3,0.5000
4,236.0000,12,7,710.3001,-87.9385,-0.5578,18,0.4500,1.0000,8,8,6,0,0,8,6,0.2500
4,236.0000,12,8,694.7981,-87.4938,0.0388,22,0.5500,0.8571,7,7,5,0,0,7,5,0.2857
4,236.0000,12,11,107.7493,-69.6770,-0.8288,38,0.9500,0.0000,4,4,0,0,0,4,0,1.0000
4,236.0000,12,13,723.0793,-87.8195,-0.4335,18,0.4500,0.8750,8,6,4,0,0,6,4,0.3333
4,236.0000,12,16,535.4706,-86.0241,0.3613,31,0.7750,0.5000,6,7,4,0,0,7,4,0.4286
4,236.0000,12,17,713.7490,-87.6970,0.0298,16,0.4000,1.0000,8,8,7,0,0,8,7,0.1250
4,236.0000,12,18,728.2516,-87.6951,0.0886,19,0.4750,0.8571,7,8,8,0,0,8,8,0.0000
4,236.0000,12,19,977.9566,-88.6744,0.0121,10,0.2500,1.0000,4,2,2,0,0,2,2,0.0000
4,236.0000,12,20,1082.7576,-88.8912,-0.4567,4,0.1000,1.0000,8,6,6,0,0,6,6,0.0000
4,236.0000,12,21,803.9153,-88.4939,-0.4807,15,0.3750,0.6667,6,7,6,0,0,7,6,0.1429
4,236.0000,12,23,804.1966,-87.9117,0.1845,19,0.4750,0.8750,8,7,6,0,0,7,6,0.1429
4,236.0000,13,0,806.2698,-87.5526,0.1713,12,0.3000,0.7143,7,7,6,0,0,7,6,0.1429
4,236.0000,13,4,887.4244,-88.7420,0.0043,7,0.1750,1.0000,8,7,6,0,0,7,6,0.1429
4,236.0000,13,6,1079.0914,-89.2999,0.1939,3,0.0750,,0,6,6,0,0,6,6,0.0000
4,236.0000,13,8,909.6437,-88.7970,-0.3644,10,0.2500,1.0000,8,8,8,0,0,8,8,0.0000
4,236.0000,13,11,714.4382,-87.4588,-0.8324,12,0.3000,0.8750,8,8,7,0,0,8,7,0.1250
4,236.0000,13,12,723.0793,-87.7700,-0.1647,18,0.4500,0.7143,7,8,6,0,0,8,6,0.2500
4,236.0000,13,16,1169.8925,-89.4780,-0.0259,3,0.0750,1.0000,6,8,8,0,0,8,8,0.0000
4,236.0000,13,18,327.7172,-80.9245,-0.7983,37,0.9250,0.0000,4,5,2,0,0,5,2,0.6000
4,236.0000,13,19,1019.9722,-88.6467,-0.8440,4,0.1000,1.0000,6,4,4,0,0,4,4,0.0000
4,236.0000,13,21,647.4743,-87.0515,-0.8062,30,0.7500,0.4000,5,7,5,0,0,7,5,0.2857
4,236.0000,13,23,607.5921,-86.7657,-0.1364,28,0.7000,0.8750,8,7,6,0,0,7,6,0.1429
4,236.0000,13,25,1055.9672,-89.3565,-0.1115,4,0.1000,1.0000,8,6,6,0,0,6,6,0.0000
4,236.0000,14,1,675.9705,-87.4486,0.0790,26,0.6500,0.8750,8,7,5,0,0,7,5,0.2857
4,236.0000,14,2,974.3573,-88.3286,0.3090,8,0.2000,1.0000,8,8,8,0,0,8,8,0.0000
4,236.0000,14,3,457.2195,-85.9631,0.6113,33,0.8250,0.5000,6,4,0,0,0,4,0,1.0000
4,236.0000,14,4,975.9600,-87.5908,1.2735,3,0.0750,1.0000,8,8,8,0,0,8,8,0.0000
4,236.0000,14,5,400.3411,-84.3829,0.8860,35,0.8750,0.3333,6,5,1,0,0,5,1,0.8000
4,236.0000,14,10,526.0213,-85.8203,0.1002,32,0.8000,0.3333,6,5,2,0,0,5,2,0.6000
4,236.0000,14,20,390.4380,-84.3221,0.5490,37,0.9250,0.5000,6,6,2,0,0,6,2,0.6667
4,236.0000,14,24,349.3700,-81.8347,0.0908,40,1.0000,0.0000,4,6,2,0,0,6,2,0.6667
4,236.0000,14,25,775.8578,-87.7583,0.5738,11,0.2750,0.7500,8,8,8,0,0,8,8,0.0000
4,236.0000,15,0,970.8857,-88.3716,-0.0066,7,0.1707,0.8571,7,8,8,0,0,8,8,0.0000
4,236.0000,15,6,749.0141,-88.1565,-0.5406,18,0.4390,0.7500,8,8,8,0,0,8,8,0.0000
4,236.0000,15,7,603.5729,-86.6802,-0.3712,28,0.6829,0.6667,6,8,6,0,0,8,6,0.2500
4,236.0000,15,9,698.4138,-88.0260,-0.0673,14,0.3415,0.7143,7,6,3,0,0,6,3,0.5000
4,236.0000,15,16,957.6180,-88.0620,0.8907,5,0.1220,1.0000,8,8,8,0,0,8,8,0.0000
4,236.0000,15,17,639.1827,-86.7069,-0.7992,22,0.5366,0.5172,29,7,6,16,16,23,22,0.0435
4,236.0000,15,19,564.5653,-84.6270,-0.7059,35,0.8537,0.4000,5,6,3,0,0,6,3,0.5000
4,236.0000,15,22,500.8152,-85.7777,-0.1572,35,0.8537,0.7143,7,5,2,0,0,5,2,0.6000
4,236.0000,16,4,897.4684,-88.9075,-0.9499,4,0.1000,1.0000,8,8,8,0,0,8,8,0.0000
4,236.0000,16,7,469.6413,-85.1851,0.1695,33,0.8250,0.0000,4,4,0,0,0,4,0,1.0000
4,236.0000,16,8,1044.9891,-88.2970,0.3884,7,0.1750,1.0000,6,8,8,0,0,8,8,0.0000
4,236.0000,16,11,503.6419,-85.6574,0.3684,29,0.7250,0.0000,4,7,5,0,0,7,5,0.2857
4,236.0000,16,12,535.4706,-86.0886,0.1526,31,0.7750,0.6667,6,6,3,0,0,6,3,0.5000
4,236.0000,16,15,957.6180,-88.7323,-0.1548,7,0.1750,1.0000,8,8,8,0,0,8,8,0.0000
4,236.0000,16,17,355.3339,-83.4905,0.6378,34,0.8500,0.0000,4,4,0,0,0,4,0,1.0000
4,236.0000,16,19,888.2891,-87.9622,0.4584,11,0.2750,1.0000,8,7,6,0,0,7,6,0.1429
4,236.0000,17,0,1059.2557,-88.6249,-0.1155,5,0.1250,1.0000,8,6,6,0,0,6,6,0.0000
4,236.0000,17,6,1004.8493,-88.5808,-0.9754,3,0.0750,1.0000,6,8,8,0,0,8,8,0.0000
4,236.0000,17,7,342.9057,-82.3599,0.0803,39,0.9750,0.2000,5,5,1,0,0,5,1,0.8000
4,236.0000,17,11,648.2572,-87.7333,0.0195,15,0.3750,0.6667,6,6,4,0,0,6,4,0.3333
4,236.0000,17,12,713.7490,-87.9670,0.2317,11,0.2750,0.8571,7,7,5,0,0,7,5,0.2857
4,236.0000,17,15,639.1827,-86.8179,0.0572,29,0.7250,0.2000,5,6,3,0,0,6,3,0.5000
4,236.0000,17,16,355.3339,-82.8300,0.1314,36,0.9000,0.0000,4,4,0,0,0,4,0,1.0000
4,236.0000,17,19,574.1884,-85.7977,0.2800,30,0.7500,0.6667,6,6,3,4,3,10,6,0.4000
4,236.0000,17,22,856.4371,-88.7282,-0.0669,9,0.2250,1.0000,8,8,6,0,0,8,6,0.2500
4,236.0000,18,0,1047.8211,-88.3713,0.8108,6,0.1463,0.8571,7,4,4,0,0,4,4,0.0000
4,236.0000,18,2,904.4685,-88.5999,-0.5998,5,0.1220,1.0000,6,8,7,0,0,8,7,0.1250
4,236.0000,18,4,734.1005,-88.2827,0.8110,9,0.2195,1.0000,8,6,4,0,0,6,4,0.3333
4,236.0000,18,8,650.3562,-87.4655,0.9263,11,0.2683,0.6667,6,7,6,0,0,7,6,0.1429
4,236.0000,18,11,760.3615,-87.5359,-0.5672,11,0.2683,1.0000,8,7,6,0,0,7,6,0.1429
4,236.0000,18,12,728.2516,-87.9878,-0.3701,13,0.3171,0.6667,6,8,8,0,0,8,8,0.0000
4,236.0000,18,13,327.7172,-81.0558,0.0599,38,0.9268,0.0000,4,4,0,0,0,4,0,1.0000
4,236.0000,18,21,326.0579,-81.7900,-0.1533,32,0.7805,0.2000,5,5,1,0,0,5,1,0.8000
4,236.0000,18,23,321.3395,-83.4317,1.0355,33,0.8049,0.0000,4,4,0,0,0,4,0,1.0000
4,236.0000,18,25,872.8903,-87.8340,0.1098,5,0.1220,0.0000,1,8,8,0,0,8,8,0.0000
4,236.0000,19,0,618.4416,-86.8514,0.0437,23,0.5750,0.6667,6,6,3,0,0,6,3,0.5000
4,236.0000,19,6,503.8314,-86.5344,0.4695,31,0.7750,0.4000,5,5,1,0,0,5,1,0.8000
4,236.0000,19,7,657.5868,-86.8947,-0.0439,18,0.4500,0.7143,7,6,4,0,0,6,4,0.3333
4,236.0000,19,9,658.8049,-87.3455,0.7450,17,0.4250,0.4000,5,7,4,0,0,7,4,0.4286
4,236.0000,19,11,900.3320,-88.5348,-0.1148,8,0.2000,1.0000,6,7,6,0,0,7,6,0.1429
4,236.0000,19,13,1019.9722,-88.8214,0.0496,3,0.0750,1.0000,8,8,8,0,0,8,8,0.0000
4,236.0000,19,15,564.5653,-85.3901,-0.2125,28,0.7000,0.3333,6,6,3,0,0,6,3,0.5000
4,236.0000,19,16,888.2891,-88.3709,-0.2702,8,0.2000,0.8571,7,7,6,0,0,7,6,0.1429
4,236.0000,19,17,574.1884,-85.7634,0.6181,26,0.6500,0.4286,7,7,5,31,28,38,33,0.1316
4,236.0000,19,22,384.5831,-84.4867,0.2377,31,0.7750,0.0000,4,3,0,0,0,3,0,1.0000
4,236.0000,20,1,404.4012,-83.5026,-0.1426,38,0.9500,0.2000,5,5,2,0,0,5,2,0.6000
4,236.0000,20,2,985.6868,-88.6981,-0.4735,8,0.2000,1.0000,6,6,5,0,0,6,5,0.1667
4,236.0000,20,3,588.6547,-87.2905,-0.0680,29,0.7250,0.4000,5,7,6,0,0,7,6,0.1429
4,236.0000,20,4,645.7643,-86.4060,-0.1889,27,0.6750,0.8750,8,6,4,0,0,6,4,0.3333
4,236.0000,20,5,265.1090,-82.1511,0.2749,39,0.9750,0.2000,5,4,0,0,0,4,0,1.0000
4,236.0000,20,8,789.3919,-88.5609,-0.2636,11,0.2750,0.8571,7,8,8,0,0,8,8,0.0000
4,236.0000,20,10,299.9015,-81.1356,-0.1762,38,0.9500,0.2000,5,4,0,0,0,4,0,1.0000
4,236.0000,20,12,1082.7576,-88.7834,-0.2439,3,0.0750,1.0000,8,8,8,0,0,8,8,0.0000
4,236.0000,20,14,390.4380,-83.9764,0.0482,34,0.8500,0.4000,5,5,1,0,0,5,1,0.8000
4,236.0000,20,23,1071.2332,-88.8810,-0.1412,5,0.1250,1.0000,6,6,6,0,0,6,6,0.0000
4,236.0000,20,24,347.4486,-84.1533,0.8487,37,0.9250,0.0000,4,5,2,0,0,5,2,0.6000
4,236.0000,20,25,712.3674,-87.4676,0.0963,20,0.5000,0.9773,88,6,4,80,73,86,77,0.1047
4,236.0000,21,2,699.1317,-88.9167,0.3442,13,0.3250,1.0000,8,6,4,0,0,6,4,0.3333
4,236.0000,21,4,622.6222,-87.8276,-0.2732,23,0.5750,0.5714,7,6,4,0,0,6,4,0.3333
4,236.0000,21,8,408.3282,-84.9728,1.0310,29,0.7250,0.2000,5,4,0,0,0,4,0,1.0000
4,236.0000,21,11,870.2984,-87.6453,0.0974,9,0.2250,0.8750,8,7,6,0,0,7,6,0.1429
4,236.0000,21,12,803.9153,-88.4419,0.1153,14,0.3500,0.8571,7,7,6,0,0,7,6,0.1429
4,236.0000,21,13,647.4743,-86.5380,0.0022,23,0.5750,0.8415,82,8,7,80,79,88,86,0.0227
4,236.0000,21,18,326.0579,-81.3401,0.5345,38,0.9500,0.3333,6,4,0,0,0,4,0,1.0000
4,236.0000,21,23,168.3682,-76.7905,0.6576,37,0.9250,0.0000,4,4,0,0,0,4,0,1.0000
4,236.0000,21,25,721.2325,-88.4568,-0.0165,19,0.4750,0.8571,7,7,5,0,0,7,5,0.2857
4,236.0000,22,0,562.4216,-85.8807,0.1226,25,0.6250,0.5714,7,6,3,0,0,6,3,0.5000
4,236.0000,22,6,279.4017,-79.7375,-0.6181,39,0.9750,0.0000,4,4,0,0,0,4,0,1.0000
4,236.0000,22,7,823.5453,-88.2742,-0.2403,8,0.2000,1.0000,8,8,8,0,0,8,8,0.0000
4,236.0000,22,9,307.4344,-81.6012,0.1081,38,0.9500,0.2000,5,5,1,0,0,5,1,0.8000
4,236.0000,22,15,500.8152,-86.1151,-0.0344,31,0.7750,0.6667,6,5,1,0,0,5,1,0.8000
4,236.0000,22,17,856.4371,-88.8302,-0.2265,9,0.2250,1.0000,8,7,5,0,0,7,5,0.2857
4,236.0000,22,19,384.5831,-85.2216,0.5073,32,0.8000,0.2000,5,4,0,0,0,4,0,1.0000
4,236.0000,23,2,602.8279,-86.1090,-0.5387,29,0.7250,0.8571,7,6,4,0,0,6,4,0.3333
4,236.0000,23,3,1011.2920,-87.6714,-0.1335,4,0.1000,0.8750,8,6,6,0,0,6,6,0.0000
4,236.0000,23,4,593.8458,-86.7156,-1.0551,26,0.6500,0.6667,6,5,2,0,0,5,2,0.6000
4,236.0000,23,5,923.0414,-88.6924,-0.1286,10,0.2500,1.0000,8,8,8,0,0,8,8,0.0000
4,236.0000,23,8,452.6225,-85.1261,0.0526,34,0.8500,0.4000,5,6,3,0,0,6,3,0.5000
4,236.0000,23,11,872.8020,-87.9491,0.1063,8,0.2000,0.8571,7,8,8,0,0,8,8,0.0000
4,236.0000,23,12,804.1966,-87.9806,0.0734,14,0.3500,0.8750,8,8,8,0,0,8,8,0.0000
4,236.0000,23,13,607.5921,-86.7955,-0.0549,24,0.6000,0.8750,8,7,5,0,0,7,5,0.2857
4,236.0000,23,18,321.3395,-83.7824,1.2739,37,0.9250,0.4000,5,4,0,0,0,4,0,1.0000
4,236.0000,23,21,168.3682,-77.5999,0.6492,39,0.9750,0.0000,4,4,0,0,0,4,0,1.0000
4,236.0000,23,25,591.9854,-86.7124,-0.0355,28,0.7000,0.7143,7,7,3,0,0,7,3,0.5714
4,236.0000,24,1,398.0753,-84.9724,0.2028,29,0.7250,0.4000,5,4,0,0,0,4,0,1.0000
4,236.0000,24,2,956.3683,-88.7346,-0.0786,12,0.3000,1.0000,8,6,6,0,0,6,6,0.0000
4,236.0000,24,3,371.3910,-82.4621,0.1276,36,0.9000,0.3333,6,4,0,0,0,4,0,1.0000
4,236.0000,24,4,833.6911,-88.2709,0.0077,20,0.5000,1.0000,8,8,7,0,0,8,7,0.1250
4,236.0000,24,5,465.4683,-85.4757,0.7050,29,0.7250,0.5000,6,4,0,0,0,4,0,1.0000
4,236.0000,24,8,837.4302,-89.0589,0.0943,10,0.2500,1.0000,8,8,7,0,0,8,7,0.1250
4,236.0000,24,10,262.2301,-82.2323,1.0201,36,0.9000,0.0000,4,4,0,0,0,4,0,1.0000
4,236.0000,24,14,349.3700,-82.7075,-0.2642,39,0.9750,0.2000,5,5,1,0,0,5,1,0.8000
4,236.0000,24,20,347.4486,-83.9805,0.7437,36,0.9000,0.2000,5,4,0,0,0,4,0,1.0000
4,236.0000,24,25,804.8198,-88.9849,-0.0193,9,0.2250,0.8750,8,7,6,0,0,7,6,0.1429
4,236.0000,25,2,373.9998,-81.6387,-0.6915,37,0.9250,0.0000,4,4,0,0,0,4,0,1.0000
4,236.0000,25,3,629.4436,-86.7551,-0.2102,22,0.5500,0.6667,6,7,5,0,0,7,5,0.2857
4,236.0000,25,4,648.9297,-86.6067,-0.6066,15,0.3750,0.5714,7,8,7,0,0,8,7,0.1250
4,236.0000,25,5,470.8430,-84.3302,0.2121,27,0.6750,0.8000,5,5,1,0,0,5,1,0.8000
4,236.0000,25,8,666.5235,-87.8638,0.1872,9,0.2250,0.8750,8,7,6,0,0,7,6,0.1429
4,236.0000,25,10,897.4647,-88.6044,0.5405,9,0.2250,0.8750,8,8,8,0,0,8,8,0.0000
4,236.0000,25,12,1059.0270,-89.3364,-0.2970,3,0.0750,,0,6,6,0,0,6,6,0.0000
4,236.0000,25,13,1055.9672,-89.8549,-0.0228,3,0.0750,1.0000,4,8,8,0,0,8,8,0.0000
4,236.0000,25,14,775.8578,-87.8436,-0.4558,13,0.3250,0.8571,7,8,8,0,0,8,8,0.0000
4,236.0000,25,18,872.8903,-88.2150,1.9759,3,0.0750,1.0000,6,6,4,0,0,6,4,0.3333
4,236.0000,25,20,712.3674,-87.3435,0.6137,9,0.2250,0.8750,8,6,4,0,0,6,4,0.3333
4,236.0000,25,21,721.2325,-87.4194,-0.2882,8,0.2000,1.0000,8,8,8,0,0,8,8,0.0000
4,236.0000,25,23,591.9854,-86.7454,-0.5369,22,0.5500,0.6667,6,6,2,0,0,6,2,0.6667
4,236.0000,25,24,804.8198,-88.9447,-0.2571,9,0.2250,1.0000,8,8,7,0,0,8,7,0.1250
4,240.0000,0,6,195.2493,-79.2472,1.1080,40,1.0000,0.0000,4,4,0,0,0,4,0,1.0000
4,240.0000,0,7,814.5038,-89.0308,0.3066,5,0.1250,1.0000,10,8,6,0,0,8,6,0.2500
4,240.0000,0,9,492.2776,-85.8405,0.3866,31,0.7750,0.4000,5,5,2,0,0,5,2,0.6000
4,240.0000,0,11,997.0062,-89.0190,-0.2000,4,0.1000,1.0000,8,8,8,0,0,8,8,0.0000
4,240.0000,0,13,810.5094,-88.3472,0.8656,9,0.2250,0.8750,8,8,7,0,0,8,7,0.1250
4,240.0000,0,15,930.4205,-89.0809,0.0326,4,0.1000,1.0000,8,7,6,0,0,7,6,0.1429
4,240.0000,0,17,930.0649,-89.3148,-0.1660,4,0.1000,1.0000,8,8,8,0,0,8,8,0.0000
4,240.0000,0,19,510.6753,-86.1843,-0.0350,32,0.8000,0.1667,6,3,0,0,0,3,0,1.0000
4,240.0000,0,22,435.9661,-85.2220,0.7201,37,0.9250,0.5000,6,5,2,0,0,5,2,0.6000
4,240.0000,1,3,680.4831,-87.8687,0.5225,24,0.6000,0.7143,7,7,6,0,0,7,6,0.1429
4,240.0000,1,4,776.3724,-88.0050,0.3373,21,0.5250,1.0000,6,8,8,0,0,8,8,0.0000
4,240.0000,1,5,554.1616,-86.6122,0.1862,26,0.6500,0.4000,5,5,1,0,0,5,1,0.8000
4,240.0000,1,8,803.3882,-88.1197,0.1851,11,0.2750,1.0000,8,8,8,32,32,40,40,0.0000
4,240.0000,1,10,159.5411,-74.6912,0.4794,40,1.0000,0.0000,4,4,0,0,0,4,0,1.0000
4,240.0000,1,14,669.1648,-87.6016,-0.2701,27,0.6750,0.2000,5,5,4,0,0,5,4,0.2000
4,240.0000,1,20,408.4834,-83.7589,0.0602,38,0.9500,0.0000,4,4,0,0,0,4,0,1.0000
4,240.0000,1,21,1055.5573,-89.5651,0.0792,3,0.0750,,0,4,4,0,0,4,4,0.0000
4,240.0000,1,24,251.1451,-82.3879,1.6156,39,0.9750,0.1667,6,4,0,0,0,4,0,1.0000
4,240.0000,1,25,898.5789,-88.4007,0.1712,7,0.1750,0.8571,7,8,7,0,0,8,7,0.1250
4,240.0000,2,1,1145.0512,-89.0169,0.0479,3,0.0750,1.0000,8,8,8,0,0,8,8,0.0000
4,240.0000,2,3,767.7311,-88.1133,-0.7631,18,0.4500,1.0000,8,7,5,0,0,7,5,0.2857
4,240.0000,2,4,945.6679,-88.6007,-0.2688,6,0.1500,1.0000,8,8,7,0,0,8,7,0.1250
4,240.0000,2,5,877.1287,-88.1093,-0.3870,15,0.3750,1.0000,8,8,7,0,0,8,7,0.1250
4,240.0000,2,8,666.1615,-87.7960,0.1555,16,0.4000,0.7143,7,7,5,0,0,7,5,0.2857
4,240.0000,2,10,1069.4120,-88.6504,-1.0836,3,0.0750,1.0000,8,7,6,0,0,7,6,0.1429
4,240.0000,2,14,896.8261,-89.5594,0.0464,7,0.1750,1.0000,8,5,4,0,0,5,4,0.2000
4,240.0000,2,18,815.4698,-88.5838,-0.5280,7,0.1750,1.0000,8,7,5,0,0,7,5,0.2857
4,240.0000,2,20,971.5585,-88.8208,0.3245,4,0.1000,0.8571,7,8,8,0,0,8,8,0.0000
4,240.0000,2,21,624.0705,-87.6649,0.3106,22,0.5500,0.8571,7,6,4,0,0,6,4,0.3333
4,240.0000,2,23,655.3308,-86.8883,-0.4839,26,0.6500,0.8571,7,7,6,0,0,7,6,0.1429
4,240.0000,2,24,1004.5961,-88.3184,-0.4318,5,0.1250,0.8571,7,8,8,0,0,8,8,0.0000
4,240.0000,2,25,449.8495,-84.3185,-0.9532,33,0.8250,0.7143,7,5,2,0,0,5,2,0.6000
4,240.0000,3,1,680.4831,-87.8008,0.1114,30,0.7500,0.4000,5,8,7,0,0,8,7,0.1250
4,240.0000,3,2,767.7311,-88.3266,-0.3289,16,0.4000,0.8750,8,8,8,0,0,8,8,0.0000
4,240.0000,3,4,1074.3407,-89.2583,-0.2937,8,0.2000,1.0000,8,2,2,0,0,2,2,0.0000
4,240.0000,3,5,560.6422,-85.9190,-0.3854,31,0.7750,0.0000,4,5,2,0,0,5,2,0.6000
4,240.0000,3,8,892.6925,-88.4036,0.5128,9,0.2250,1.0000,8,8,8,4,4,12,12,0.0000
4,240.0000,3,10,548.1016,-87.0260,0.8361,31,0.7750,0.6667,6,5,2,0,0,5,2,0.6000
4,240.0000,3,14,362.1689,-83.6850,0.8478,40,1.0000,0.0000,4,4,0,0,0,4,0,1.0000
4,240.0000,3,20,557.6823,-86.0642,0.2485,31,0.7750,0.6667,6,5,2,0,0,5,2,0.6000
4,240.0000,3,24,449.0837,-83.8364,-0.1653,37,0.9250,0.3333,6,5,2,0,0,5,2,0.6000
4,240.0000,3,25,744.8354,-88.2272,-0.0716,22,0.5500,0.8571,7,8,8,0,0,8,8,0.0000
4,240.0000,4,1,776.3724,-87.6359,-0.0909,23,0.5610,0.6667,6,8,8,0,0,8,8,0.0000
4,240.0000,4,2,945.6679,-89.0498,0.1517,7,0.1707,1.0000,8,8,8,0,0,8,8,0.0000
4,240.0000,4,3,1074.3407,-89.0375,0.2965,5,0.1220,1.0000,8,4,4,0,0,4,4,0.0000
4,240.0000,4,5,755.3701,-87.9850,-0.4623,19,0.4634,0.8750,8,8,8,0,0,8,8,0.0000
4,240.0000,4,8,431.9612,-83.3588,-0.7986,36,0.8780,0.0000,4,5,1,9,6,14,7,0.5000
4,240.0000,4,10,821.5504,-88.3225,-0.2239,18,0.4390,0.7143,7,8,8,0,0,8,8,0.0000
4,240.0000,4,11,600.3468,-86.7071,0.0811,29,0.7073,0.4286,7,8,7,0,0,8,7,0.1250
4,240.0000,4,12,468.3338,-85.5027,0.3176,35,0.8537,0.2000,5,4,0,0,0,4,0,1.0000
4,240.0000,4,13,778.7186,-88.5360,0.3706,12,0.2927,0.8571,7,7,6,0,0,7,6,0.1429
4,240.0000,4,16,916.2441,-88.5593,-0.1838,8,0.1951,0.8750,8,8,8,0,0,8,8,0.0000
4,240.0000,4,17,996.6541,-89.4084,-1.1823,4,0.0976,,0,10,10,0,0,10,10,0.0000
4,240.0000,4,18,650.3684,-87.5511,0.3178,20,0.4878,0.8571,7,7,4,0,0,7,4,0.4286
4,240.0000,4,20,763.0058,-87.0895,-0.1563,20,0.4878,0.8571,7,8,8,0,0,8,8,0.0000
4,240.0000,4,21,568.2608,-85.9791,0.3432,31,0.7561,0.6667,6,5,1,0,0,5,1,0.8000
4,240.0000,4,23,575.9817,-86.7652,-0.1149,25,0.6098,0.8750,8,5,2,0,0,5,2,0.6000
4,240.0000,4,24,853.4932,-88.0727,-0.6642,9,0.2195,1.0000,8,8,8,0,0,8,8,0.0000
4,240.0000,4,25,614.3540,-87.2797,0.1498,26,0.6341,0.8571,7,8,6,0,0,8,6,0.2500
4,240.0000,5,1,554.1616,-86.5744,0.2752,23,0.5610,0.5714,7,4,0,0,0,4,0,1.0000
4,240.0000,5,2,877.1287,-87.8731,-0.4527,9,0.2195,1.0000,8,8,8,0,0,8,8,0.0000
4,240.0000,5,3,560.6422,-85.8006,-0.2549,29,0.7073,0.3333,6,6,4,0,0,6,4,0.3333
4,240.0000,5,4,755.3701,-88.0393,-0.6276,12,0.2927,0.5000,8,8,8,0,0,8,8,0.0000
4,240.0000,5,8,822.3503,-88.0937,0.4318,9,0.2195,0.8571,7,8,8,0,0,8,8,0.0000
4,240.0000,5,10,438.7407,-84.3698,0.3976,25,0.6098,0.4286,7,4,0,0,0,4,0,1.0000
4,240.0000,5,14,321.1419,-82.6079,0.3758,35,0.8537,0.2000,5,5,1,0,0,5,1,0.8000
4,240.0000,5,20,159.1953,-77.3923,0.9591,36,0.8780,0.3333,6,3,0,0,0,3,0,1.0000
4,240.0000,5,23,1052.4421,-88.9205,0.2270,3,0.0732,1.0000,6,6,6,0,0,6,6,0.0000
4,240.0000,5,24,405.9528,-83.9911,-0.0107,29,0.7073,0.7143,7,4,0,0,0,4,0,1.0000
4,240.0000,5,25,543.8190,-84.8717,0.5877,25,0.6098,0.4000,5,5,2,0,0,5,2,0.6000
4,240.0000,6,0,195.2493,-78.9068,1.1368,41,1.0000,0.0000,4,4,0,0,0,4,0,1.0000
4,240.0000,6,7,824.2564,-88.3916,0.2050,13,0.3171,1.0000,8,8,7,70,70,78,77,0.0128
4,240.0000,6,9,369.7073,-81.9671,-0.8001,40,0.9756,0.0000,4,5,1,0,0,5,1,0.8000
4,240.0000,6,15,808.8527,-88.1420,-0.2260,13,0.3171,0.9375,48,8,8,0,0,8,8,0.0000
4,240.0000,6,17,908.6237,-88.4592,-0.2258,7,0.1707,1.0000,8,8,8,0,0,8,8,0.0000
4,240.0000,6,19,393.9908,-84.2035,0.5188,36,0.8780,0.5946,37,6,2,9,7,15,9,0.4000
4,240.0000,6,22,270.9257,-80.0946,0.4717,40,0.9756,0.0000,4,5,1,0,0,5,1,0.8000
4,240.0000,7,0,814.5038,-88.3465,0.2334,8,0.2000,1.0000,8,7,3,0,0,7,3,0.5714
4,240.0000,7,4,1119.7296,-89.3426,0.5055,4,0.1000,1.0000,4,6,6,0,0,6,6,0.0000
4,240.0000,7,6,824.2564,-88.2887,-0.2872,10,0.2500,0.8750,8,6,5,0,0,6,5,0.1667
4,240.0000,7,9,871.1427,-88.9397,0.2991,10,0.2500,1.0000,4,7,5,0,0,7,5,0.2857
4,240.0000,7,11,528.4677,-86.8257,-0.0775,32,0.8000,0.7500,8,4,0,0,0,4,0,1.0000
4,240.0000,7,12,655.9270,-87.4268,-0.3637,17,0.4250,0.6667,6,5,1,0,0,5,1,0.8000
4,240.0000,7,15,664.1126,-87.5715,0.2431,27,0.6750,0.6667,6,6,4,0,0,6,4,0.3333
4,240.0000,7,16,465.8252,-84.9631,-0.4602,35,0.8750,0.2000,5,4,0,0,0,4,0,1.0000
4,240.0000,7,17,364.8197,-82.6151,0.0278,39,0.9750,0.0000,4,5,1,1,0,6,1,0.8333
4,240.0000,7,19,680.4309,-86.8513,0.3466,22,0.5500,0.8333,36,6,4,41,34,47,38,0.1915
4,240.0000,7,22,716.8976,-88.1355,0.2462,24,0.6000,0.7143,7,6,4,0,0,6,4,0.3333
4,240.0000,8,1,803.3882,-88.3914,0.2046,16,0.4000,0.4000,5,8,8,0,0,8,8,0.0000
4,240.0000,8,2,666.1615,-87.7236,0.4249,20,0.5000,1.0000,8,4,0,0,0,4,0,1.0000
4,240.0000,8,3,892.6925,-88.0582,0.1239,10,0.2500,1.0000,8,8,8,0,0,8,8,0.0000
4,240.0000,8,4,431.9612,-83.1481,-0.9474,38,0.9500,0.2000,5,5,2,0,0,5,2,0.6000
4,240.0000,8,5,822.3503,-87.9981,-0.3162,14,0.3500,0.4286,7,8,7,0,0,8,7,0.1250
4,240.0000,8,10,825.6836,-88.5408,0.3078,12,0.3000,0.7143,7,8,8,0,0,8,8,0.0000
4,240.0000,8,11,939.0426,-88.9231,0.3347,5,0.1250,1.0000,8,8,8,0,0,8,8,0.0000
4,240.0000,8,12,819.2519,-87.5454,-0.1493,15,0.3750,0.8571,7,8,8,0,0,8,8,0.0000
4,240.0000,8,13,887.2571,-88.3371,0.0820,5,0.1250,1.0000,6,7,6,0,0,7,6,0.1429
4,240.0000,8,14,998.7375,-89.6471,0.0933,4,0.1000,1.0000,2,6,6,0,0,6,6,0.0000
4,240.0000,8,18,551.4201,-86.7576,0.7326,26,0.6500,0.5000,6,5,2,0,0,5,2,0.6000
4,240.0000,8,20,833.0682,-88.8105,-0.1554,12,0.3000,0.8571,7,8,8,0,0,8,8,0.0000
4,240.0000,8,21,254.8673,-81.9862,1.4768,38,0.9500,0.0000,4,4,0,0,0,4,0,1.0000
4,240.0000,8,23,396.7626,-83.7303,0.0694,35,0.8750,0.2000,5,5,2,0,0,5,2,0.6000
4,240.0000,8,24,821.8068,-88.4519,0.5432,11,0.2750,0.8750,8,7,5,0,0,7,5,0.2857
4,240.0000,8,25,552.2533,-87.1439,-0.1643,24,0.6000,0.7143,7,4,0,0,0,4,0,1.0000
4,240.0000,9,0,492.2776,-85.8071,0.5485,31,0.7750,0.3333,6,4,0,0,0,4,0,1.0000
4,240.0000,9,6,369.7073,-81.1299,-0.8753,40,1.0000,0.0000,4,5,1,0,0,5,1,0.8000
4,240.0000,9,7,871.1427,-88.3872,0.1871,4,0.1000,0.8571,7,8,8,0,0,8,8,0.0000
4,240.0000,9,15,625.4129,-87.5775,0.4717,24,0.6000,1.0000,8,8,6,0,0,8,6,0.2500
4,240.0000,9,17,1032.5461,-89.3326,0.6525,3,0.0750,1.0000,6,8,8,0,0,8,8,0.0000
4,240.0000,9,19,595.0455,-86.7312,0.3784,22,0.5500,0.7143,7,8,4,0,0,8,4,0.5000
4,240.0000,9,22,333.5710,-81.6514,-0.0974,38,0.9500,0.4000,5,4,0,0,0,4,0,1.0000
4,240.0000,10,1,159.5411,-74.9883,-0.3741,39,0.9750,0.0000,4,4,0,16,0,20,0,1.0000
4,240.0000,10,2,1069.4120,-88.7125,0.4821,3,0.0750,1.0000,8,8,8,0,0,8,8,0.0000
4,240.0000,10,3,548.1016,-86.2253,0.2277,33,0.8250,0.8621,87,5,1,83,72,88,73,0.1705
4,240.0000,10,4,821.5504,-87.7370,-0.0654,14,0.3500,1.0000,8,10,10,38,38,48,48,0.0000
4,240.0000,10,5,438.7407,-86.0212,0.0670,30,0.7500,0.2000,5,4,0,0,0,4,0,1.0000
4,240.0000,10,8,825.6836,-88.1503,0.1504,17,0.4250,0.9277,83,10,9,6,6,16,15,0.0625
4,240.0000,10,14,512.5842,-86.0959,0.2718,34,0.8500,0.4000,5,4,0,0,0,4,0,1.0000
4,240.0000,10,20,292.8066,-80.6070,-0.1428,38,0.9500,0.0000,4,4,0,0,0,4,0,1.0000
4,240.0000,10,21,1068.1913,-88.8840,-0.2153,4,0.1000,1.0000,2,6,6,0,0,6,6,0.0000
4,240.0000,10,24,100.2177,-75.8100,2.1269,39,0.9750,0.0000,4,4,0,0,0,4,0,1.0000
4,240.0000,10,25,830.5149,-88.3561,0.0599,13,0.3250,1.0000,8,7,5,0,0,7,5,0.2857
4,240.0000,11,0,997.0062,-88.4557,-0.8141,3,0.0750,1.0000,6,8,8,0,0,8,8,0.0000
4,240.0000,11,4,600.3468,-87.5828,0.1367,24,0.6000,0.8571,7,7,5,0,0,7,5,0.2857
4,240.0000,11,6,1076.0810,-88.7644,0.4205,3,0.0750,1.0000,6,6,6,0,0,6,6,0.0000
4,240.0000,11,7,528.4677,-86.3672,0.5997,29,0.7250,0.8611,72,4,0,73,61,77,61,0.2078
4,240.0000,11,8,939.0426,-89.3598,0.3190,8,0.2000,1.0000,8,6,6,0,0,6,6,0.0000
4,240.0000,11,12,132.9592,-72.3504,-0.1216,40,1.0000,0.0000,4,5,1,0,0,5,1,0.8000
4,240.0000,11,13,658.0812,-87.7855,0.4464,19,0.4750,0.7143,7,7,6,0,0,7,6,0.1429
4,240.0000,11,16,488.8194,-85.4231,-0.2076,31,0.7750,0.2000,5,5,2,0,0,5,2,0.6000
4,240.0000,11,17,522.2102,-86.1643,0.4120,24,0.6000,0.8125,16,5,1,0,0,5,1,0.8000
4,240.0000,11,18,850.1330,-87.9924,-0.2514,13,0.3250,0.8571,7,8,8,0,0,8,8,0.0000
4,240.0000,11,19,930.6144,-88.4460,0.0793,11,0.2750,0.8750,8,8,8,0,0,8,8,0.0000
4,240.0000,11,21,970.0183,-88.1201,-0.8586,8,0.2000,1.0000,8,6,6,0,0,6,6,0.0000
4,240.0000,11,23,910.2010,-88.8599,-0.0548,10,0.2500,1.0000,8,8,8,0,0,8,8,0.0000
4,240.0000,12,4,468.3338,-85.1982,-0.2462,34,0.8500,0.5000,6,5,2,0,0,5,2,0.6000
4,240.0000,12,7,655.9270,-87.6780,-0.2355,21,0.5250,0.7500,8,8,8,0,0,8,8,0.0000
4,240.0000,12,8,819.2519,-87.4331,-0.3376,15,0.3750,0.7143,7,7,6,0,0,7,6,0.1429
4,240.0000,12,11,132.9592,-72.0325,-0.5452,38,0.9500,0.0000,4,4,0,0,0,4,0,1.0000
4,240.0000,12,13,653.5724,-87.1494,0.0140,25,0.6250,0.6667,6,8,7,0,0,8,7,0.1250
4,240.0000,12,16,545.8912,-86.2056,-0.3531,36,0.9000,0.5714,7,7,4,0,0,7,4,0.4286
4,240.0000,12,17,604.3412,-87.0347,0.5084,21,0.5250,0.8750,8,5,2,0,0,5,2,0.6000
4,240.0000,12,18,782.0111,-88.0458,0.1906,23,0.5750,1.0000,8,8,8,0,0,8,8,0.0000
4,240.0000,12,19,1021.1778,-89.3231,0.2930,6,0.1500,1.0000,2,6,6,0,0,6,6,0.0000
4,240.0000,12,21,868.3294,-88.7857,-0.1002,12,0.3000,0.8571,7,8,8,0,0,8,8,0.0000
4,240.0000,12,23,819.4880,-88.4090,-0.1124,17,0.4250,0.8571,7,7,6,0,0,7,6,0.1429
4,240.0000,12,25,1029.4542,-88.9114,0.2142,6,0.1500,1.0000,8,8,8,0,0,8,8,0.0000
4,240.0000,13,0,810.5094,-88.2604,-0.0059,17,0.4250,0.8571,7,7,5,0,0,7,5,0.2857
4,240.0000,13,4,778.7186,-88.1557,0.3869,7,0.1750,0.8571,7,7,6,0,0,7,6,0.1429
4,240.0000,13,6,952.0794,-88.4796,-0.9805,4,0.1000,1.0000,6,4,4,0,0,4,4,0.0000
4,240.0000,13,8,887.2571,-88.2239,0.0387,7,0.1750,1.0000,8,8,8,0,0,8,8,0.0000
4,240.0000,13,11,658.0812,-87.4638,-0.1065,24,0.6000,0.8750,8,6,3,0,0,6,3,0.5000
4,240.0000,13,12,653.5724,-87.6882,0.0960,20,0.5000,0.7500,8,7,5,0,0,7,5,0.2857
4,240.0000,13,18,425.4222,-83.1698,-0.0330,35,0.8750,0.4000,5,8,6,0,0,8,6,0.2500
4,240.0000,13,19,955.9951,-89.2543,0.5674,6,0.1500,1.0000,4,8,8,0,0,8,8,0.0000
4,240.0000,13,21,742.8966,-87.0313,0.0744,23,0.5750,0.7143,7,8,7,0,0,8,7,0.1250
4,240.0000,13,23,587.4903,-86.5662,-0.4030,24,0.6000,0.8571,7,4,0,0,0,4,0,1.0000
4,240.0000,13,25,1021.1162,-89.3531,-0.1412,4,0.1000,1.0000,6,8,8,0,0,8,8,0.0000
4,240.0000,14,1,669.1648,-87.6733,0.0496,23,0.5750,0.7143,7,8,8,0,0,8,8,0.0000
4,240.0000,14,2,896.8261,-88.8954,-0.1381,5,0.1250,1.0000,8,7,6,0,0,7,6,0.1429
4,240.0000,14,3,362.1689,-83.7313,0.4592,37,0.9250,0.0000,4,5,1,0,0,5,1,0.8000
4,240.0000,14,5,321.1419,-83.1248,0.1448,37,0.9250,0.2000,5,4,0,0,0,4,0,1.0000
4,240.0000,14,10,512.5842,-85.6920,-0.1494,30,0.7500,0.4000,5,5,1,0,0,5,1,0.8000
4,240.0000,14,20,357.7033,-82.9636,0.5287,35,0.8750,0.3333,6,4,0,0,0,4,0,1.0000
4,240.0000,14,24,431.8766,-83.9793,-1.5710,35,0.8750,0.3333,6,6,2,0,0,6,2,0.6667
4,240.0000,14,25,705.8930,-87.4938,0.6190,17,0.4250,1.0000,8,7,6,0,0,7,6,0.1429
4,240.0000,15,0,930.4205,-88.9020,-0.1205,6,0.1500,1.0000,8,7,5,0,0,7,5,0.2857
4,240.0000,15,6,808.8527,-88.0846,0.0847,19,0.4750,1.0000,8,8,6,0,0,8,6,0.2500
4,240.0000,15,7,664.1126,-86.9915,-0.5468,25,0.6250,0.7500,8,5,1,0,0,5,1,0.8000
4,240.0000,15,9,625.4129,-87.1898,0.1176,23,0.5750,0.5000,6,5,1,0,0,5,1,0.8000
4,240.0000,15,16,970.2765,-88.6825,-0.6632,6,0.1500,1.0000,8,8,8,0,0,8,8,0.0000
4,240.0000,15,17,770.5580,-87.4276,-0.1716,18,0.4500,0.9565,23,6,4,0,0,6,4,0.3333
4,240.0000,15,19,677.2888,-87.1145,-0.2745,31,0.7750,0.5000,6,8,7,0,0,8,7,0.1250
4,240.0000,15,22,563.7756,-85.7399,-0.5661,33,0.8250,0.4000,5,5,2,0,0,5,2,0.6000
4,240.0000,16,4,916.2441,-87.8969,0.1382,7,0.1750,1.0000,8,8,7,0,0,8,7,0.1250
4,240.0000,16,7,465.8252,-84.5420,-0.0473,31,0.7750,0.0000,4,6,4,0,0,6,4,0.3333
4,240.0000,16,11,488.8194,-84.9468,0.0953,25,0.6250,0.7143,7,6,2,0,0,6,2,0.6667
4,240.0000,16,12,545.8912,-86.0825,-0.0762,21,0.5250,0.5000,6,7,5,0,0,7,5,0.2857
4,240.0000,16,13,1102.2352,-89.4819,0.0673,5,0.1250,1.0000,8,8,8,0,0,8,8,0.0000
4,240.0000,16,15,970.2765,-88.6002,-0.0825,8,0.2000,1.0000,8,8,8,0,0,8,8,0.0000
4,240.0000,16,17,351.6712,-82.4742,-0.5032,38,0.9500,0.0000,4,5,2,0,0,5,2,0.6000
4,240.0000,16,19,961.0072,-88.6995,-0.0995,6,0.1500,0.8571,7,6,6,0,0,6,6,0.0000
4,240.0000,16,22,1086.5867,-88.7877,0.3495,3,0.0750,1.0000,2,6,6,0,0,6,6,0.0000
4,240.0000,17,0,930.0649,-89.1475,-0.0388,4,0.1000,1.0000,6,8,8,0,0,8,8,0.0000
4,240.0000,17,6,908.6237,-88.6212,0.0179,10,0.2500,1.0000,8,7,6,0,0,7,6,0.1429
4,240.0000,17,7,364.8197,-83.0712,-0.7367,39,0.9750,0.2000,5,5,1,0,0,5,1,0.8000
4,240.0000,17,9,1032.5461,-89.5994,0.0424,6,0.1500,1.0000,6,6,6,0,0,6,6,0.0000
4,240.0000,17,11,522.2102,-86.2364,0.7304,30,0.7500,0.6667,6,6,3,0,0,6,3,0.5000
4,240.0000,17,12,604.3412,-87.2416,0.7455,23,0.5750,0.7143,7,8,6,0,0,8,6,0.2500
4,240.0000,17,15,770.5580,-87.5915,-0.3079,27,0.6750,0.5000,6,7,6,0,0,7,6,0.1429
4,240.0000,17,16,351.6712,-82.9723,-0.3805,38,0.9500,0.0000,4,5,1,0,0,5,1,0.8000
4,240.0000,17,19,617.5136,-86.8260,0.0860,29,0.7250,0.6000,10,7,6,0,0,7,6,0.1429
4,240.0000,17,22,772.9303,-87.9221,-0.1810,14,0.3500,0.7500,8,7,6,0,0,7,6,0.1429
4,240.0000,18,0,1179.5629,-88.6478,0.2415,3,0.0769,1.0000,4,8,8,0,0,8,8,0.0000
4,240.0000,18,2,815.4698,-88.6950,0.1984,8,0.2051,0.8750,8,7,6,0,0,7,6,0.1429
4,240.0000,18,4,650.3684,-87.1379,0.0904,19,0.4872,0.6667,6,7,4,0,0,7,4,0.4286
4,240.0000,18,8,551.4201,-86.5787,0.4765,21,0.5385,0.8571,7,6,3,0,0,6,3,0.5000
4,240.0000,18,11,850.1330,-88.4824,0.3526,8,0.2051,0.8571,7,8,8,0,0,8,8,0.0000
4,240.0000,18,12,782.0111,-87.5871,-0.1175,11,0.2821,1.0000,8,8,8,0,0,8,8,0.0000
4,240.0000,18,13,425.4222,-82.5605,-1.2173,34,0.8718,0.0000,4,5,2,0,0,5,2,0.6000
4,240.0000,18,21,344.9165,-82.5293,0.5486,34,0.8718,0.2000,5,5,2,0,0,5,2,0.6000
4,240.0000,18,23,185.1036,-79.4549,1.2974,35,0.8974,0.0000,4,4,0,0,0,4,0,1.0000
4,240.0000,18,25,748.7737,-88.2392,-0.2481,14,0.3590,1.0000,8,6,4,0,0,6,4,0.3333
4,240.0000,19,0,510.6753,-85.9463,0.0996,29,0.7073,0.5000,6,5,2,0,0,5,2,0.6000
4,240.0000,19,6,393.9908,-83.3763,0.4816,34,0.8293,0.2000,5,5,2,0,0,5,2,0.6000
4,240.0000,19,7,680.4309,-87.0300,-0.1022,23,0.5610,0.6667,6,8,5,0,0,8,5,0.3750
4,240.0000,19,9,595.0455,-87.1178,-0.3751,24,0.5854,0.5714,7,4,2,0,0,4,2,0.5000
4,240.0000,19,11,930.6144,-88.6223,0.4326,12,0.2927,0.8571,7,8,8,0,0,8,8,0.0000
4,240.0000,19,13,955.9951,-89.3300,0.9728,4,0.0976,1.0000,8,8,8,0,0,8,8,0.0000
4,240.0000,19,15,677.2888,-87.0048,0.2530,22,0.5366,0.5000,6,7,6,0,0,7,6,0.1429
4,240.0000,19,16,961.0072,-88.2395,0.3914,10,0.2439,0.8571,7,6,6,0,0,6,6,0.0000
4,240.0000,19,17,617.5136,-86.8814,0.2765,31,0.7561,0.8684,38,8,7,6,5,14,12,0.1429
4,240.0000,19,22,264.4822,-81.4374,0.7635,39,0.9512,0.0000,3,4,0,0,0,4,0,1.0000
4,240.0000,20,1,408.4834,-84.8849,-0.6502,33,0.8250,0.4000,5,6,2,0,0,6,2,0.6667
4,240.0000,20,2,971.5585,-89.0055,0.4896,5,0.1250,0.8333,6,8,8,0,0,8,8,0.0000
4,240.0000,20,3,557.6823,-86.1299,0.1678,29,0.7250,0.8571,7,7,5,0,0,7,5,0.2857
4,240.0000,20,4,763.0058,-88.0212,-0.2421,19,0.4750,0.6667,6,7,6,0,0,7,6,0.1429
4,240.0000,20,5,159.1953,-77.6185,1.0210,40,1.0000,0.0000,4,4,0,0,0,4,0,1.0000
4,240.0000,20,8,833.0682,-88.3001,0.1997,13,0.3250,1.0000,8,8,7,0,0,8,7,0.1250
4,240.0000,20,10,292.8066,-80.5626,0.2169,38,0.9500,0.0000,4,4,0,0,0,4,0,1.0000
4,240.0000,20,14,357.7033,-82.8366,-0.0319,39,0.9750,0.2000,5,4,0,0,0,4,0,1.0000
4,240.0000,20,24,278.6673,-81.7913,0.2512,40,1.0000,0.4000,5,4,0,0,0,4,0,1.0000
4,240.0000,20,25,657.6102,-87.8101,0.1805,19,0.4750,0.8953,86,7,6,80,79,87,85,0.0230
4,240.0000,21,2,624.0705,-87.5299,-0.3785,23,0.5750,0.6667,6,6,2,0,0,6,2,0.6667
4,240.0000,21,4,568.2608,-86.5873,0.0518,28,0.7000,0.6667,6,5,1,0,0,5,1,0.8000
4,240.0000,21,5,1007.6587,-88.8028,-0.3491,3,0.0750,,0,8,8,0,0,8,8,0.0000
4,240.0000,21,8,254.8673,-82.1037,1.4076,37,0.9250,0.0000,4,4,0,0,0,4,0,1.0000
4,240.0000,21,11,970.0183,-88.2554,0.3828,5,0.1250,0.8571,7,8,8,0,0,8,8,0.0000
4,240.0000,21,12,868.3294,-88.9185,-0.0336,10,0.2500,0.8571,7,8,8,0,0,8,8,0.0000
4,240.0000,21,13,742.8966,-87.3969,0.0120,20,0.5000,0.9773,88,7,6,80,80,87,86,0.0115
4,240.0000,21,18,344.9165,-82.1837,-0.4062,37,0.9250,0.0000,4,5,2,0,0,5,2,0.6000
4,240.0000,21,20,1045.4318,-88.5962,-0.5935,3,0.0750,1.0000,4,6,6,0,0,6,6,0.0000
4,240.0000,21,23,188.9390,-75.4501,-0.4020,39,0.9750,0.0000,4,4,0,0,0,4,0,1.0000
4,240.0000,21,24,1055.8466,-88.6297,0.2918,3,0.0750,,0,4,4,0,0,4,4,0.0000
4,240.0000,21,25,607.7004,-86.7436,-0.2074,23,0.5750,0.7143,7,5,2,0,0,5,2,0.6000
4,240.0000,22,0,435.9661,-85.5936,-0.0308,33,0.8250,0.5000,6,5,1,0,0,5,1,0.8000
4,240.0000,22,6,270.9257,-80.2429,0.3507,40,1.0000,0.0000,4,4,0,0,0,4,0,1.0000
4,240.0000,22,7,716.8976,-87.9375,0.0983,17,0.4250,1.0000,8,7,6,0,0,7,6,0.1429
4,240.0000,22,9,333.5710,-81.5097,0.0303,39,0.9750,0.2000,5,3,0,0,0,3,0,1.0000
4,240.0000,22,15,563.7756,-85.9953,-0.1166,28,0.7000,0.2000,5,6,4,0,0,6,4,0.3333
4,240.0000,22,17,772.9303,-88.4306,0.4162,13,0.3250,0.7143,7,8,7,0,0,8,7,0.1250
4,240.0000,22,19,264.4822,-81.6169,1.2721,40,1.0000,0.0000,4,4,0,0,0,4,0,1.0000
4,240.0000,23,2,655.3308,-87.7197,0.3381,26,0.6500,0.6667,6,8,8,0,0,8,8,0.0000
4,240.0000,23,4,575.9817,-86.4026,0.0500,26,0.6500,0.4000,5,7,6,0,0,7,6,0.1429
4,240.0000,23,8,396.7626,-83.8108,1.1184,32,0.8000,0.5000,6,4,0,0,0,4,0,1.0000
4,240.0000,23,11,910.2010,-88.6877,-0.4631,9,0.2250,1.0000,8,8,8,0,0,8,8,0.0000
4,240.0000,23,12,819.4880,-88.3649,-0.0433,15,0.3750,1.0000,8,8,8,0,0,8,8,0.0000
4,240.0000,23,13,587.4903,-86.5937,0.5093,25,0.6250,0.7143,7,6,4,0,0,6,4,0.3333
4,240.0000,23,18,185.1036,-78.6437,1.2239,39,0.9750,0.0000,4,4,0,0,0,4,0,1.0000
4,240.0000,23,21,188.9390,-75.6816,-0.3508,39,0.9750,0.0000,4,4,0,0,0,4,0,1.0000
4,240.0000,23,25,598.6404,-86.7876,-0.0285,26,0.6500,0.4286,7,5,1,0,0,5,1,0.8000
4,240.0000,24,1,251.1451,-81.8554,1.5624,38,0.9500,0.0000,4,4,0,0,0,4,0,1.0000
4,240.0000,24,2,1004.5961,-88.8022,0.1632,8,0.2000,1.0000,6,10,10,0,0,10,10,0.0000
4,240.0000,24,3,449.0837,-84.0482,-0.5285,37,0.9250,0.0000,4,5,2,0,0,5,2,0.6000
4,240.0000,24,4,853.4932,-88.4757,-0.2450,8,0.2000,0.8750,8,6,4,0,0,6,4,0.3333
4,240.0000,24,5,405.9528,-84.6233,0.5776,37,0.9250,0.0000,4,4,0,0,0,4,0,1.0000
4,240.0000,24,8,821.8068,-88.3012,0.1205,9,0.2250,0.8750,8,6,4,0,0,6,4,0.3333
4,240.0000,24,10,100.2177,-75.3818,1.8333,40,1.0000,0.0000,4,5,1,0,0,5,1,0.8000
4,240.0000,24,14,431.8766,-82.8868,-0.5886,39,0.9750,0.2000,5,7,4,0,0,7,4,0.4286
4,240.0000,24,20,278.6673,-81.0745,0.3736,40,1.0000,0.0000,4,4,0,0,0,4,0,1.0000
4,240.0000,24,23,1163.2161,-89.0276,-0.8004,3,0.0750,1.0000,4,2,2,0,0,2,2,0.0000
4,240.0000,24,25,790.5763,-88.8820,-0.2369,15,0.3750,0.8571,7,7,6,0,0,7,6,0.1429
4,240.0000,25,1,898.5789,-89.0100,-0.1859,6,0.1500,0.8571,7,8,8,0,0,8,8,0.0000
4,240.0000,25,2,449.8495,-84.2619,-0.1763,36,0.9000,0.0000,4,6,3,0,0,6,3,0.5000
4,240.0000,25,3,744.8354,-86.8945,-0.6328,21,0.5250,0.7143,7,8,7,0,0,8,7,0.1250
4,240.0000,25,4,614.3540,-87.3273,0.0762,18,0.4500,0.8750,8,5,2,0,0,5,2,0.6000
4,240.0000,25,5,543.8190,-86.0780,-0.4213,30,0.7500,0.2000,5,7,4,0,0,7,4,0.4286
4,240.0000,25,8,552.2533,-86.2823,0.4556,20,0.5000,0.8571,7,7,5,0,0,7,5,0.2857
4,240.0000,25,10,830.5149,-89.0996,0.4345,8,0.2000,1.0000,8,7,6,0,0,7,6,0.1429
4,240.0000,25,12,1029.4542,-89.1128,-0.0623,4,0.1000,1.0000,6,4,4,0,0,4,4,0.0000
4,240.0000,25,13,1021.1162,-88.6862,0.3411,3,0.0750,1.0000,8,8,8,0,0,8,8,0.0000
4,240.0000,25,14,705.8930,-88.1317,-0.4295,19,0.4750,1.0000,8,6,4,0,0,6,4,0.3333
4,240.0000,25,18,748.7737,-88.0942,0.0622,14,0.3500,0.6667,6,7,5,0,0,7,5,0.2857
4,240.0000,25,20,657.6102,-87.3817,0.1438,22,0.5500,0.6667,6,7,4,0,0,7,4,0.4286
4,240.0000,25,21,607.7004,-87.0209,-0.0734,22,0.5500,1.0000,8,8,8,0,0,8,8,0.0000
4,240.0000,25,23,598.6404,-86.7652,-0.0499,27,0.6750,0.3333,6,8,6,0,0,8,6,0.2500
4,240.0000,25,24,790.5763,-87.8963,-0.2562,13,0.3250,0.8750,8,7,5,0,0,7,5,0.2857
4,244.0000,0,6,159.3566,-75.5904,1.1304,40,1.0000,0.0000,4,4,0,0,0,4,0,1.0000
4,244.0000,0,7,672.5864,-86.8428,0.3182,14,0.3500,0.7500,8,7,6,0,0,7,6,0.1429
4,244.0000,0,9,394.2464,-84.8321,-0.1545,37,0.9250,0.4000,5,4,0,0,0,4,0,1.0000
4,244.0000,0,11,925.0574,-88.5603,0.4186,4,0.1000,1.0000,8,7,6,0,0,7,6,0.1429
4,244.0000,0,12,1050.4071,-89.4802,-0.0066,3,0.0750,1.0000,6,8,8,0,0,8,8,0.0000
4,244.0000,0,13,803.6042,-88.8675,-0.0159,13,0.3250,0.8750,8,8,8,0,0,8,8,0.0000
4,244.0000,0,15,843.0048,-88.7164,0.2462,10,0.2500,0.8571,7,7,6,0,0,7,6,0.1429
4,244.0000,0,17,863.7970,-89.0541,0.1916,8,0.2000,1.0000,8,7,6,0,0,7,6,0.1429
4,244.0000,0,19,451.6161,-85.3156,0.8337,32,0.8000,0.0000,3,7,4,0,0,7,4,0.4286
4,244.0000,0,22,352.7282,-83.9611,0.5724,37,0.9250,0.4000,5,4,0,0,0,4,0,1.0000
4,244.0000,1,2,1006.5006,-89.0089,-0.1242,6,0.1500,1.0000,8,8,7,0,0,8,7,0.1250
4,244.0000,1,3,680.8762,-87.1338,0.2553,23,0.5750,0.8571,7,8,8,0,0,8,8,0.0000
4,244.0000,1,4,877.8006,-88.5910,-0.7703,12,0.3000,1.0000,8,8,8,0,0,8,8,0.0000
4,244.0000,1,5,496.9701,-86.1126,0.2873,30,0.7500,0.2000,5,5,1,0,0,5,1,0.8000
4,244.0000,1,8,871.9858,-88.3856,0.3117,15,0.3750,1.0000,40,8,8,0,0,8,8,0.0000
4,244.0000,1,10,167.4833,-75.1097,0.1463,38,0.9500,0.0000,4,4,0,0,0,4,0,1.0000
4,244.0000,1,14,683.1910,-87.4112,0.1295,20,0.5000,0.8000,5,6,3,0,0,6,3,0.5000
4,244.0000,1,20,407.3442,-83.4786,0.0272,34,0.8500,0.0000,4,5,1,0,0,5,1,0.8000
4,244.0000,1,21,979.1602,-89.0865,-0.4822,3,0.0750,1.0000,4,8,8,0,0,8,8,0.0000
4,244.0000,1,24,121.8964,-76.4189,1.2751,40,1.0000,0.0000,4,3,0,0,0,3,0,1.0000
4,244.0000,1,25,868.3264,-89.3493,-0.4709,4,0.1000,0.8750,8,8,7,0,0,8,7,0.1250
4,244.0000,2,1,1006.5006,-88.7580,-0.2981,3,0.0750,1.0000,8,8,8,0,0,8,8,0.0000
4,244.0000,2,3,765.5752,-88.8452,-0.1385,13,0.3250,0.7143,7,8,6,0,0,8,6,0.2500
4,244.0000,2,4,930.7912,-89.2325,0.1868,8,0.2000,0.8750,8,6,6,0,0,6,6,0.0000
4,244.0000,2,5,868.3352,-88.0265,0.1646,11,0.2750,0.8750,8,8,8,0,0,8,8,0.0000
4,244.0000,2,8,519.2049,-86.8732,0.2893,23,0.5750,0.7143,7,4,0,0,0,4,0,1.0000
4,244.0000,2,10,930.9547,-89.0561,0.0357,6,0.1500,0.8571,7,8,8,0,0,8,8,0.0000
4,244.0000,2,14,730.5792,-88.6042,0.2825,7,0.1750,0.8000,5,7,6,0,0,7,6,0.1429
4,244.0000,2,18,736.6574,-87.3425,-0.1312,13,0.3250,0.7143,7,7,6,0,0,7,6,0.1429
4,244.0000,2,20,849.2312,-88.8618,0.2857,7,0.1750,1.0000,8,8,7,0,0,8,7,0.1250
4,244.0000,2,21,525.3258,-86.1350,0.4228,25,0.6250,0.6667,6,6,2,0,0,6,2,0.6667
4,244.0000,2,23,697.2245,-87.3622,-0.6195,24,0.6000,0.8571,7,7,5,0,0,7,5,0.2857
4,244.0000,2,24,930.4840,-88.9182,-0.0906,9,0.2250,1.0000,8,8,8,0,0,8,8,0.0000
4,244.0000,2,25,442.7581,-84.2665,-0.2224,27,0.6750,0.4000,5,5,1,0,0,5,1,0.8000
4,244.0000,3,1,680.8762,-87.6877,-0.1595,21,0.5250,0.8750,8,8,7,0,0,8,7,0.1250
4,244.0000,3,2,765.5752,-88.3085,-0.0041,13,0.3250,1.0000,8,7,6,0,0,7,6,0.1429
4,244.0000,3,5,631.7882,-87.7011,-0.0052,28,0.7000,0.4000,5,8,6,0,0,8,6,0.2500
4,244.0000,3,8,989.7675,-88.9347,-0.0434,6,0.1500,1.0000,12,6,6,0,0,6,6,0.0000
4,244.0000,3,10,535.0666,-85.9220,0.0041,30,0.7500,0.4000,5,5,1,0,0,5,1,0.8000
4,244.0000,3,14,351.5002,-83.3845,0.0155,35,0.8750,0.0000,4,4,0,0,0,4,0,1.0000
4,244.0000,3,20,563.6073,-85.7032,-0.8225,31,0.7750,0.4000,5,6,4,0,0,6,4,0.3333
4,244.0000,3,21,1072.3046,-88.0564,0.6704,3,0.0750,1.0000,8,8,8,0,0,8,8,0.0000
4,244.0000,3,24,603.4210,-86.1532,-0.1743,28,0.7000,0.4000,5,7,4,0,0,7,4,0.4286
4,244.0000,3,25,897.4143,-89.1618,-0.1954,14,0.3500,1.0000,8,8,8,0,0,8,8,0.0000
4,244.0000,4,1,877.8006,-88.4415,0.3219,16,0.4000,1.0000,8,8,8,0,0,8,8,0.0000
4,244.0000,4,2,930.7912,-88.4376,-0.0064,9,0.2250,1.0000,8,8,8,0,0,8,8,0.0000
4,244.0000,4,5,895.0912,-87.7707,-0.6266,15,0.3750,1.0000,8,8,8,0,0,8,8,0.0000
4,244.0000,4,8,557.3231,-85.2773,-0.5985,32,0.8000,0.5000,14,6,2,1,0,7,2,0.7143
4,244.0000,4,10,940.0516,-88.7804,-0.3636,10,0.2500,1.0000,8,2,2,0,0,2,2,0.0000
4,244.0000,4,11,604.2977,-86.4732,0.0959,31,0.7750,0.8750,8,6,4,0,0,6,4,0.3333
4,244.0000,4,12,451.2649,-85.4425,0.1915,35,0.8750,0.0000,4,6,3,0,0,6,3,0.5000
4,244.0000,4,13,688.9455,-87.5483,0.3233,18,0.4500,0.8571,7,6,2,0,0,6,2,0.6667
4,244.0000,4,16,924.6966,-88.0616,0.2417,9,0.2250,1.0000,8,6,6,0,0,6,6,0.0000
4,244.0000,4,17,838.2027,-88.5757,0.2143,9,0.2250,1.0000,10,7,6,0,0,7,6,0.1429
4,244.0000,4,18,576.7998,-87.2384,0.2595,28,0.7000,0.5714,7,6,4,0,0,6,4,0.3333
4,244.0000,4,20,894.3489,-88.6482,0.2569,9,0.2250,1.0000,8,7,6,0,0,7,6,0.1429
4,244.0000,4,21,584.8662,-86.5415,0.1226,32,0.8000,0.2000,5,5,2,0,0,5,2,0.6000
4,244.0000,4,23,569.4476,-86.4915,0.1432,31,0.7750,0.4000,5,6,2,0,0,6,2,0.6667
4,244.0000,4,24,866.7673,-88.2041,-0.1737,11,0.2750,1.0000,8,8,8,0,0,8,8,0.0000
4,244.0000,4,25,585.9714,-86.6298,0.1329,26,0.6500,0.7500,8,7,6,0,0,7,6,0.1429
4,244.0000,5,1,496.9701,-85.5640,0.3327,36,0.9000,0.0000,4,5,1,0,0,5,1,0.8000
4,244.0000,5,2,868.3352,-88.3785,-0.2641,13,0.3250,1.0000,8,8,8,0,0,8,8,0.0000
4,244.0000,5,3,631.7882,-86.7586,0.0749,30,0.7500,0.6667,6,8,6,0,0,8,6,0.2500
4,244.0000,5,4,895.0912,-87.7188,-0.5323,13,0.3250,1.0000,8,8,8,0,0,8,8,0.0000
4,244.0000,5,8,932.4584,-88.4933,-0.0603,8,0.2000,1.0000,8,8,8,32,32,40,40,0.0000
4,244.0000,5,10,387.5156,-84.1508,0.1695,38,0.9500,0.0000,4,4,0,0,0,4,0,1.0000
4,244.0000,5,14,377.6554,-82.6560,-0.1164,39,0.9750,0.2000,5,4,0,0,0,4,0,1.0000
4,244.0000,5,20,104.3613,-72.7095,0.8036,40,1.0000,0.0000,3,5,0,0,0,5,0,1.0000
4,244.0000,5,21,1014.6663,-87.8172,0.2510,4,0.1000,1.0000,8,4,3,0,0,4,3,0.2500
4,244.0000,5,24,381.7578,-83.7007,0.6870,37,0.9250,0.0000,4,5,1,0,0,5,1,0.8000
4,244.0000,5,25,654.5365,-86.5930,-0.5974,21,0.5250,0.4000,5,7,4,0,0,7,4,0.4286
4,244.0000,6,0,159.3566,-75.5781,0.5618,38,0.9744,0.0000,4,5,1,0,0,5,1,0.8000
4,244.0000,6,7,732.7761,-87.5643,0.2552,15,0.3846,0.9872,78,7,6,4,4,11,10,0.0909
4,244.0000,6,9,430.6189,-84.2689,-0.4346,36,0.9231,0.2000,5,5,2,0,0,5,2,0.6000
4,244.0000,6,11,975.4220,-89.2506,-0.2400,4,0.1026,1.0000,8,8,8,0,0,8,8,0.0000
4,244.0000,6,13,829.6051,-88.5325,0.5080,3,0.0769,1.0000,8,7,5,0,0,7,5,0.2857
4,244.0000,6,15,852.9830,-88.0985,0.1177,11,0.2821,1.0000,8,8,8,0,0,8,8,0.0000
4,244.0000,6,17,855.9526,-88.1497,0.0816,13,0.3333,1.0000,8,8,8,0,0,8,8,0.0000
4,244.0000,6,19,328.3784,-83.3957,0.0054,38,0.9744,0.6000,15,4,0,1,0,5,0,1.0000
4,244.0000,6,22,289.9161,-80.3334,-0.2871,38,0.9744,0.2000,5,4,0,43,6,47,6,0.8723
4,244.0000,7,0,672.5864,-87.5927,0.3732,19,0.4750,0.4286,7,7,5,0,0,7,5,0.2857
4,244.0000,7,4,1048.9749,-89.2314,0.3521,5,0.1250,1.0000,6,4,4,0,0,4,4,0.0000
4,244.0000,7,6,732.7761,-88.0225,0.0091,14,0.3500,0.8333,6,9,6,0,0,9,6,0.3333
4,244.0000,7,9,717.1291,-88.0887,0.1895,14,0.3500,0.7143,7,6,4,0,0,6,4,0.3333
4,244.0000,7,11,455.3079,-85.5680,-0.0046,29,0.7250,0.0000,4,5,1,0,0,5,1,0.8000
4,244.0000,7,12,609.4327,-86.8996,0.0113,26,0.6500,0.2000,5,7,4,0,0,7,4,0.4286
4,244.0000,7,13,822.8688,-89.0791,-0.3784,7,0.1750,0.8750,8,6,3,0,0,6,3,0.5000
4,244.0000,7,15,636.1699,-87.0187,-0.2417,25,0.6250,0.6667,6,8,7,0,0,8,7,0.1250
4,244.0000,7,16,491.5537,-85.4974,-0.6624,35,0.8750,0.0000,4,5,2,0,0,5,2,0.6000
4,244.0000,7,17,411.1954,-83.4877,-0.2367,39,0.9750,0.1667,6,5,1,2,2,7,3,0.5714
4,244.0000,7,19,708.7671,-87.7776,-0.0011,23,0.5750,0.8085,47,7,5,0,0,7,5,0.2857
4,244.0000,7,22,601.8327,-86.9926,0.2959,27,0.6750,0.6667,6,6,2,0,0,6,2,0.6667
4,244.0000,8,1,871.9858,-89.1572,-0.0147,15,0.3750,1.0000,8,8,8,0,0,8,8,0.0000
4,244.0000,8,2,519.2049,-86.9547,0.5625,28,0.7000,0.0000,4,4,0,0,0,4,0,1.0000
4,244.0000,8,3,989.7675,-88.0318,0.0778,7,0.1750,1.0000,8,8,8,0,0,8,8,0.0000
4,244.0000,8,4,557.3231,-85.0943,-0.3803,28,0.7000,0.4000,5,6,4,0,0,6,4,0.3333
4,244.0000,8,5,932.4584,-89.1686,-0.3277,7,0.1750,0.8750,8,8,8,0,0,8,8,0.0000
4,244.0000,8,10,887.4969,-88.4343,0.0669,13,0.3250,1.0000,8,8,8,0,0,8,8,0.0000
4,244.0000,8,12,958.7616,-89.0240,-0.1650,8,0.2000,1.0000,8,8,8,0,0,8,8,0.0000
4,244.0000,8,13,922.5717,-88.9704,0.4223,8,0.2000,0.8571,7,8,8,0,0,8,8,0.0000
4,244.0000,8,18,446.2679,-85.8782,-0.1199,32,0.8000,0.4000,5,5,2,0,0,5,2,0.6000
4,244.0000,8,20,895.0956,-88.5478,0.2055,8,0.2000,1.0000,8,10,9,0,0,10,9,0.1000
4,244.0000,8,21,109.7475,-76.0851,1.5819,36,0.9000,0.0000,4,4,0,0,0,4,0,1.0000
4,244.0000,8,23,388.6397,-82.9973,-0.9374,35,0.8750,0.4000,5,6,3,0,0,6,3,0.5000
4,244.0000,8,24,849.1788,-88.3275,0.5338,13,0.3250,0.7143,7,8,6,0,0,8,6,0.2500
4,244.0000,8,25,489.9302,-85.9978,0.4883,25,0.6250,0.0000,4,7,5,0,0,7,5,0.2857
4,244.0000,9,0,394.2464,-84.4101,0.6600,37,0.9250,0.0000,4,4,0,0,0,4,0,1.0000
4,244.0000,9,6,430.6189,-84.0440,-0.1874,38,0.9500,0.2000,5,5,1,0,0,5,1,0.8000
4,244.0000,9,7,717.1291,-87.8500,0.5983,17,0.4250,1.0000,8,7,4,0,0,7,4,0.4286
4,244.0000,9,15,567.6154,-86.2399,0.7955,28,0.7000,0.7500,8,6,3,0,0,6,3,0.5000
4,244.0000,9,19,526.8915,-86.7722,0.1537,32,0.8000,0.5000,8,5,1,0,0,5,1,0.8000
4,244.0000,9,22,343.8383,-82.5324,0.1666,39,0.9750,0.0000,4,4,0,0,0,4,0,1.0000
4,244.0000,10,1,167.4833,-75.2641,0.3317,39,0.9750,0.0000,20,4,0,0,0,4,0,1.0000
4,244.0000,10,2,930.9547,-88.4261,-0.3290,11,0.2750,1.0000,8,8,7,0,0,8,7,0.1250
4,244.0000,10,3,535.0666,-85.8198,0.0285,31,0.7750,0.8295,88,4,0,78,62,82,62,0.2439
4,244.0000,10,4,940.0516,-88.4091,-0.2251,10,0.2500,1.0000,48,8,8,46,46,54,54,0.0000
4,244.0000,10,5,387.5156,-83.6601,-0.2783,37,0.9250,0.0000,4,5,2,18,2,23,4,0.8261
4,244.0000,10,8,887.4969,-88.1710,-0.4843,12,0.3000,0.9375,16,8,8,0,0,8,8,0.0000
4,244.0000,10,14,523.0806,-86.3437,0.4178,28,0.7000,0.0000,4,6,4,0,0,6,4,0.3333
4,244.0000,10,20,286.7940,-80.9282,-0.2295,39,0.9750,0.0000,4,4,0,1,0,5,0,1.0000
4,244.0000,10,21,991.4958,-88.7315,-0.6566,5,0.1250,1.0000,6,10,10,0,0,10,10,0.0000
4,244.0000,10,24,83.5388,-64.2147,0.6192,39,0.9750,0.0000,4,4,0,0,0,4,0,1.0000
4,244.0000,10,25,821.6934,-88.7320,0.0730,11,0.2750,0.7143,7,8,8,0,0,8,8,0.0000
4,244.0000,11,0,925.0574,-88.9485,0.3690,6,0.1500,1.0000,8,8,8,6,6,14,14,0.0000
4,244.0000,11,4,604.2977,-86.0282,0.0825,22,0.5500,0.7143,7,7,5,0,0,7,5,0.2857
4,244.0000,11,6,975.4220,-89.1580,-0.1259,5,0.1250,1.0000,6,7,6,0,0,7,6,0.1429
4,244.0000,11,7,455.3079,-84.9778,-0.0733,33,0.8250,0.7922,77,5,1,2,2,7,3,0.5714
4,244.0000,11,12,157.6635,-74.0103,-0.4974,39,0.9750,0.2000,5,4,0,0,0,4,0,1.0000
4,244.0000,11,13,592.5103,-86.8724,0.3580,22,0.5500,0.8571,7,5,1,74,74,79,75,0.0506
4,244.0000,11,16,484.0445,-84.8927,-0.3344,34,0.8500,0.4000,5,4,0,0,0,4,0,1.0000
4,244.0000,11,17,415.3874,-84.8129,0.5578,32,0.8000,0.2000,5,5,2,0,0,5,2,0.6000
4,244.0000,11,18,918.1701,-88.5935,-0.2554,7,0.1750,1.0000,8,8,8,0,0,8,8,0.0000
4,244.0000,11,19,967.5055,-88.2973,0.3478,6,0.1500,1.0000,8,8,8,0,0,8,8,0.0000
4,244.0000,11,21,1086.2637,-88.7137,-0.6074,3,0.0750,1.0000,6,6,6,0,0,6,6,0.0000
4,244.0000,11,22,931.8298,-88.9514,-0.2878,8,0.2000,1.0000,8,8,8,0,0,8,8,0.0000
4,244.0000,11,23,942.5993,-88.0512,-0.0746,3,0.0750,1.0000,8,8,8,0,0,8,8,0.0000
4,244.0000,12,0,1050.4071,-89.4769,0.1370,3,0.0750,1.0000,6,8,8,0,0,8,8,0.0000
4,244.0000,12,4,451.2649,-84.3303,-0.0091,34,0.8500,0.4000,5,6,2,0,0,6,2,0.6667
4,244.0000,12,7,609.4327,-87.8192,-0.4143,20,0.5000,1.0000,8,7,4,0,0,7,4,0.4286
4,244.0000,12,8,958.7616,-88.1481,-0.2429,6,0.1500,0.8571,7,8,8,0,0,8,8,0.0000
4,244.0000,12,11,157.6635,-73.9487,-0.4442,38,0.9500,0.0000,4,5,0,0,0,5,0,1.0000
4,244.0000,12,13,591.8607,-87.1137,0.0069,24,0.6000,0.8750,8,7,4,0,0,7,4,0.4286
4,244.0000,12,16,550.1268,-85.9116,0.2656,28,0.7000,0.5714,7,7,5,0,0,7,5,0.2857
4,244.0000,12,17,492.8660,-86.1961,-0.0307,30,0.7500,0.4000,5,5,1,0,0,5,1,0.8000
4,244.0000,12,18,825.4348,-88.6756,0.3503,13,0.3250,1.0000,8,8,8,0,0,8,8,0.0000
4,244.0000,12,21,960.9657,-89.0626,0.2065,5,0.1250,1.0000,8,8,8,0,0,8,8,0.0000
4,244.0000,12,23,843.5494,-88.3255,-0.8462,7,0.1750,0.8571,7,8,8,0,0,8,8,0.0000
4,244.0000,13,0,803.6042,-88.9853,-0.2054,13,0.3250,0.7143,7,7,6,0,0,7,6,0.1429
4,244.0000,13,4,688.9455,-87.9321,1.0665,13,0.3250,0.8571,7,7,5,0,0,7,5,0.2857
4,244.0000,13,6,829.6051,-89.0743,-0.0779,5,0.1250,1.0000,4,7,4,8,8,15,12,0.2000
4,244.0000,13,7,822.8688,-88.3003,-0.0403,10,0.2500,0.7500,4,8,7,0,0,8,7,0.1250
4,244.0000,13,8,922.5717,-88.8970,0.3771,7,0.1750,1.0000,8,8,8,0,0,8,8,0.0000
4,244.0000,13,11,592.5103,-86.6476,0.0754,22,0.5500,0.5000,6,6,3,0,0,6,3,0.5000
4,244.0000,13,12,591.8607,-87.0022,0.0956,21,0.5250,0.7143,7,5,2,0,0,5,2,0.6000
4,244.0000,13,16,1042.7688,-88.1964,0.8391,6,0.1500,1.0000,6,4,4,0,0,4,4,0.0000
4,244.0000,13,17,769.8227,-88.5113,0.6056,11,0.2750,0.8571,7,6,3,0,0,6,3,0.5000
4,244.0000,13,18,539.9655,-84.8123,-0.6494,32,0.8000,0.7500,8,6,3,0,0,6,3,0.5000
4,244.0000,13,19,930.6427,-88.6682,-0.0231,6,0.1500,1.0000,8,8,8,0,0,8,8,0.0000
4,244.0000,13,21,858.5762,-88.1357,-0.2642,13,0.3250,0.8750,8,8,8,0,0,8,8,0.0000
4,244.0000,13,22,955.6681,-88.4983,0.1114,5,0.1250,1.0000,4,7,6,0,0,7,6,0.1429
4,244.0000,13,23,591.9798,-86.4824,-0.0252,22,0.5500,0.0000,4,6,3,0,0,6,3,0.5000
4,244.0000,13,25,977.1941,-88.3301,-0.3285,7,0.1750,1.0000,8,8,8,0,0,8,8,0.0000
4,244.0000,14,1,683.1910,-87.7800,-0.3584,18,0.4500,1.0000,8,7,6,0,0,7,6,0.1429
4,244.0000,14,2,730.5792,-88.0450,-0.1419,11,0.2750,0.8571,7,8,7,0,0,8,7,0.1250
4,244.0000,14,3,351.5002,-82.4901,0.6415,40,1.0000,0.2000,5,4,0,0,0,4,0,1.0000
4,244.0000,14,5,377.6554,-82.4079,-1.0659,36,0.9000,0.0000,4,5,2,0,0,5,2,0.6000
4,244.0000,14,8,978.7148,-88.9918,0.2320,5,0.1250,0.8000,5,6,6,0,0,6,6,0.0000
4,244.0000,14,10,523.0806,-85.6821,-0.3565,30,0.7500,0.2000,5,6,4,0,0,6,4,0.3333
4,244.0000,14,20,363.5431,-82.9367,0.2348,36,0.9000,0.0000,4,4,0,0,0,4,0,1.0000
4,244.0000,14,21,1052.5469,-89.2017,0.1355,3,0.0750,1.0000,8,8,8,0,0,8,8,0.0000
4,244.0000,14,24,567.5469,-85.2772,-0.2264,37,0.9250,0.3333,6,7,5,0,0,7,5,0.2857
4,244.0000,14,25,719.0614,-87.7923,-0.8158,15,0.3750,0.8571,7,7,5,0,0,7,5,0.2857
4,244.0000,15,0,843.0048,-88.1792,-0.9058,8,0.2051,0.7143,7,7,5,0,0,7,5,0.2857
4,244.0000,15,6,852.9830,-88.5753,-0.0374,8,0.2051,0.7500,8,8,8,0,0,8,8,0.0000
4,244.0000,15,7,636.1699,-87.0305,0.2275,24,0.6154,0.2000,5,6,3,0,0,6,3,0.5000
4,244.0000,15,9,567.6154,-86.8919,0.3039,29,0.7436,0.2000,5,5,1,0,0,5,1,0.8000
4,244.0000,15,16,888.5139,-88.9879,0.1008,5,0.1282,1.0000,8,7,6,0,0,7,6,0.1429
4,244.0000,15,17,837.8739,-88.4373,0.2672,11,0.2821,0.6667,6,8,8,0,0,8,8,0.0000
4,244.0000,15,19,726.4786,-87.7497,-0.3180,16,0.4103,0.8750,8,7,6,0,0,7,6,0.1429
4,244.0000,15,22,587.9600,-86.8979,0.8155,28,0.7179,0.4000,5,7,4,0,0,7,4,0.4286
4,244.0000,16,4,924.6966,-89.2318,-0.1636,9,0.2195,0.8750,8,8,8,0,0,8,8,0.0000
4,244.0000,16,7,491.5537,-85.3070,-0.3734,29,0.7073,0.6667,6,5,2,0,0,5,2,0.6000
4,244.0000,16,11,484.0445,-85.2914,-0.1042,29,0.7073,0.3333,6,6,2,0,0,6,2,0.6667
4,244.0000,16,12,550.1268,-86.0677,-0.0529,29,0.7073,0.7143,7,6,3,0,0,6,3,0.5000
4,244.0000,16,15,888.5139,-88.6642,0.1026,6,0.1463,1.0000,8,7,6,0,0,7,6,0.1429
4,244.0000,16,17,406.0509,-82.4822,-0.5096,32,0.7805,0.4000,5,5,1,0,0,5,1,0.8000
4,244.0000,16,19,1050.8121,-89.0936,-1.3092,4,0.0976,1.0000,6,4,4,0,0,4,4,0.0000
4,244.0000,16,22,1001.4916,-88.5238,-0.8360,3,0.0732,1.0000,6,8,7,0,0,8,7,0.1250
4,244.0000,17,0,863.7970,-88.4411,0.3009,9,0.2250,1.0000,8,8,8,0,0,8,8,0.0000
4,244.0000,17,4,838.2027,-88.9454,-0.1223,7,0.1750,0.8571,7,7,6,0,0,7,6,0.1429
4,244.0000,17,6,855.9526,-88.2584,-0.3157,9,0.2250,0.8571,7,7,4,0,0,7,4,0.4286
4,244.0000,17,7,411.1954,-83.0959,-0.4214,37,0.9250,0.2000,5,5,2,0,0,5,2,0.6000
4,244.0000,17,9,973.3200,-88.7404,0.0178,7,0.1750,1.0000,6,6,6,0,0,6,6,0.0000
4,244.0000,17,11,415.3874,-85.0637,0.5779,29,0.7250,0.5000,6,7,4,0,0,7,4,0.4286
4,244.0000,17,12,492.8660,-85.4921,0.2165,25,0.6250,0.7500,8,6,4,0,0,6,4,0.3333
4,244.0000,17,13,769.8227,-88.4176,0.5774,8,0.2000,0.8571,7,7,5,0,0,7,5,0.2857
4,244.0000,17,15,837.8739,-88.1479,-0.2408,15,0.3750,0.8571,7,8,8,0,0,8,8,0.0000
4,244.0000,17,16,406.0509,-82.6580,-0.7040,37,0.9250,0.2000,5,4,0,0,0,4,0,1.0000
4,244.0000,17,19,713.2761,-86.8753,-0.2408,24,0.6000,0.8571,7,7,5,0,0,7,5,0.2857
4,244.0000,17,22,718.6307,-87.7920,0.1631,20,0.5000,0.8571,7,7,5,0,0,7,5,0.2857
4,244.0000,18,2,736.6574,-88.0103,-0.0239,12,0.2927,0.8571,7,8,7,0,0,8,7,0.1250
4,244.0000,18,4,576.7998,-86.7131,-0.0520,24,0.5854,0.5714,7,5,2,0,0,5,2,0.6000
4,244.0000,18,8,446.2679,-85.3335,0.1425,25,0.6098,0.5000,6,7,5,0,0,7,5,0.2857
4,244.0000,18,11,918.1701,-88.9115,0.1470,4,0.0976,1.0000,8,8,8,0,0,8,8,0.0000
4,244.0000,18,12,825.4348,-87.4265,-0.0565,10,0.2439,1.0000,8,8,8,0,0,8,8,0.0000
4,244.0000,18,13,539.9655,-85.1926,-0.2328,32,0.7805,0.4000,5,6,3,4,4,10,7,0.3000
4,244.0000,18,21,355.6508,-82.6153,-0.4033,37,0.9024,0.4000,5,5,1,0,0,5,1,0.8000
4,244.0000,18,23,61.0546,-71.7635,2.8271,40,0.9756,0.0000,4,4,0,0,0,4,0,1.0000
4,244.0000,18,25,606.1293,-87.1813,0.4147,16,0.3902,0.6667,6,5,2,0,0,5,2,0.6000
4,244.0000,19,0,451.6161,-85.7873,-0.2742,35,0.8750,0.4000,5,5,1,0,0,5,1,0.8000
4,244.0000,19,6,328.3784,-83.3035,0.5917,39,0.9750,0.4000,5,5,1,0,0,5,1,0.8000
4,244.0000,19,7,708.7671,-87.4950,0.3573,23,0.5750,0.6250,8,8,8,0,0,8,8,0.0000
4,244.0000,19,9,526.8915,-86.1663,0.2799,35,0.8750,0.5000,4,4,0,0,0,4,0,1.0000
4,244.0000,19,11,967.5055,-88.4097,-0.0029,8,0.2000,1.0000,8,7,6,0,0,7,6,0.1429
4,244.0000,19,13,930.6427,-88.5480,0.0050,6,0.1500,1.0000,8,7,6,0,0,7,6,0.1429
4,244.0000,19,15,726.4786,-87.8711,-0.2982,21,0.5250,0.8571,7,7,6,0,0,7,6,0.1429
4,244.0000,19,16,1050.8121,-87.8263,-0.2705,4,0.1000,1.0000,6,6,6,0,0,6,6,0.0000
4,244.0000,19,17,713.2761,-87.0384,-0.4632,23,0.5750,0.8571,14,7,5,0,0,7,5,0.2857
4,244.0000,19,22,200.0538,-78.5032,0.7492,39,0.9750,0.0000,4,4,0,0,0,4,0,1.0000
4,244.0000,20,1,407.3442,-84.3762,0.6638,34,0.8500,0.3333,6,4,0,0,0,4,0,1.0000
4,244.0000,20,2,849.2312,-89.3139,-0.8017,3,0.0750,1.0000,8,8,7,0,0,8,7,0.1250
4,244.0000,20,3,563.6073,-86.3042,-0.4529,31,0.7750,0.7143,7,6,3,0,0,6,3,0.5000
4,244.0000,20,4,894.3489,-88.1170,0.3147,11,0.2750,0.8571,7,8,8,0,0,8,8,0.0000
4,244.0000,20,5,104.3613,-72.3697,0.8483,39,0.9750,0.0000,4,4,0,0,0,4,0,1.0000
4,244.0000,20,8,895.0956,-88.9618,-0.1397,9,0.2250,0.8750,8,8,8,2,2,10,10,0.0000
4,244.0000,20,10,286.7940,-80.6614,-0.3466,40,1.0000,0.0000,4,4,0,0,0,4,0,1.0000
4,244.0000,20,14,363.5431,-82.8112,0.0099,39,0.9750,0.0000,4,4,0,0,0,4,0,1.0000
4,244.0000,20,24,288.1104,-79.9203,-0.0234,39,0.9750,0.0000,4,5,1,0,0,5,1,0.8000
4,244.0000,20,25,670.5243,-87.6328,-0.3665,23,0.5750,0.9770,87,6,3,80,79,86,82,0.0465
4,244.0000,21,1,979.1602,-88.8163,1.7631,3,0.0750,1.0000,4,8,8,0,0,8,8,0.0000
4,244.0000,21,2,525.3258,-86.1482,0.5277,24,0.6000,0.3333,6,4,1,0,0,4,1,0.7500
4,244.0000,21,3,1072.3046,-89.1205,-0.3785,6,0.1500,1.0000,2,8,8,0,0,8,8,0.0000
4,244.0000,21,4,584.8662,-86.2560,-0.0003,27,0.6750,0.2000,5,8,6,0,0,8,6,0.2500
4,244.0000,21,5,1014.6663,-88.3361,-0.5865,3,0.0750,1.0000,8,6,6,0,0,6,6,0.0000
4,244.0000,21,8,109.7475,-75.7076,1.7238,37,0.9250,0.0000,4,4,0,0,0,4,0,1.0000
4,244.0000,21,10,991.4958,-88.4619,-0.5593,5,0.1250,1.0000,8,8,8,0,0,8,8,0.0000
4,244.0000,21,12,960.9657,-89.1931,0.3209,4,0.1000,1.0000,8,8,8,0,0,8,8,0.0000
4,244.0000,21,13,858.5762,-88.2843,-0.4085,11,0.2750,0.9885,87,8,7,4,4,12,11,0.0833
4,244.0000,21,18,355.6508,-82.4867,0.5010,35,0.8750,0.4000,5,4,0,30,20,34,20,0.4118
4,244.0000,21,20,983.8895,-89.1845,0.1840,3,0.0750,1.0000,6,7,6,0,0,7,6,0.1429
4,244.0000,21,23,295.8583,-79.1067,-0.6110,35,0.8750,0.0000,4,4,0,28,13,32,13,0.5938
4,244.0000,21,25,510.4427,-86.4109,-0.1245,25,0.6250,0.4000,5,6,3,0,0,6,3,0.5000
4,244.0000,22,0,352.7282,-83.7662,0.6255,37,0.9250,0.2000,5,4,0,0,0,4,0,1.0000
4,244.0000,22,6,289.9161,-80.2568,-0.0115,40,1.0000,0.0000,4,4,0,0,0,4,0,1.0000
4,244.0000,22,7,601.8327,-87.0473,-0.1298,19,0.4750,0.8571,7,6,3,0,0,6,3,0.5000
4,244.0000,22,9,343.8383,-82.4457,-0.2887,39,0.9750,0.0000,3,4,0,0,0,4,0,1.0000
4,244.0000,22,11,931.8298,-88.9045,0.3767,6,0.1500,1.0000,6,8,8,0,0,8,8,0.0000
4,244.0000,22,13,955.6681,-89.0766,0.3915,4,0.1000,1.0000,8,8,8,0,0,8,8,0.0000
4,244.0000,22,15,587.9600,-86.6861,-0.1640,30,0.7500,0.6667,6,6,2,0,0,6,2,0.6667
4,244.0000,22,17,718.6307,-87.6340,-0.3023,12,0.3000,0.8750,8,6,5,72,68,78,73,0.0641
4,244.0000,22,19,200.0538,-77.6917,0.7361,39,0.9750,0.0000,4,4,0,0,0,4,0,1.0000
4,244.0000,23,2,697.2245,-87.2797,0.2246,18,0.4500,1.0000,8,8,6,0,0,8,6,0.2500
4,244.0000,23,4,569.4476,-86.0986,-0.4131,25,0.6250,0.8571,7,5,2,0,0,5,2,0.6000
4,244.0000,23,8,388.6397,-83.3217,0.1040,37,0.9250,0.0000,4,6,3,0,0,6,3,0.5000
4,244.0000,23,11,942.5993,-87.9098,0.6975,3,0.0750,1.0000,8,8,8,34,34,42,42,0.0000
4,244.0000,23,12,843.5494,-88.9832,-0.0100,8,0.2000,1.0000,8,7,6,0,0,7,6,0.1429
4,244.0000,23,13,591.9798,-85.8473,-0.1661,21,0.5250,0.6667,6,7,5,0,0,7,5,0.2857
4,244.0000,23,18,61.0546,-72.2403,2.4649,39,0.9750,0.0000,4,4,0,0,0,4,0,1.0000
4,244.0000,23,21,295.8583,-78.6606,-0.9579,36,0.9000,0.0000,4,5,2,0,0,5,2,0.6000
4,244.0000,23,25,585.6651,-86.4115,0.1460,21,0.5250,0.2000,5,5,2,0,0,5,2,0.6000
4,244.0000,24,1,121.8964,-75.2272,1.8849,39,0.9750,0.0000,4,4,0,0,0,4,0,1.0000
4,244.0000,24,2,930.4840,-89.1242,-0.0604,7,0.1750,1.0000,10,8,8,0,0,8,8,0.0000
4,244.0000,24,3,603.4210,-85.8174,-0.4399,32,0.8000,0.4000,5,7,6,0,0,7,6,0.1429
4,244.0000,24,4,866.7673,-88.3298,-0.0128,11,0.2750,0.6667,6,8,8,0,0,8,8,0.0000
4,244.0000,24,5,381.7578,-84.4392,0.6181,37,0.9250,0.0000,4,6,2,0,0,6,2,0.6667
4,244.0000,24,8,849.1788,-88.4402,-0.0107,11,0.2750,0.6667,6,8,8,0,0,8,8,0.0000
4,244.0000,24,10,83.5388,-63.9854,0.5870,39,0.9750,0.2000,5,5,1,0,0,5,1,0.8000
4,244.0000,24,14,567.5469,-85.5526,-0.2845,35,0.8750,0.5714,7,7,5,0,0,7,5,0.2857
4,244.0000,24,20,288.1104,-80.7284,-0.2528,36,0.9000,0.0000,4,4,0,0,0,4,0,1.0000
4,244.0000,24,21,953.2649,-88.6143,-0.1650,3,0.0750,1.0000,8,8,8,0,0,8,8,0.0000
4,244.0000,24,25,788.4169,-88.1152,0.1436,15,0.3750,0.8571,7,10,10,0,0,10,10,0.0000
4,244.0000,25,1,868.3264,-88.4334,0.3277,10,0.2500,1.0000,8,8,8,0,0,8,8,0.0000
4,244.0000,25,2,442.7581,-84.4193,0.3562,35,0.8750,0.5000,6,6,3,0,0,6,3,0.5000
4,244.0000,25,3,897.4143,-88.0988,0.1281,13,0.3250,0.8750,8,6,6,0,0,6,6,0.0000
4,244.0000,25,4,585.9714,-86.7412,0.2517,25,0.6250,0.4000,5,7,3,0,0,7,3,0.5714
4,244.0000,25,5,654.5365,-86.3732,-0.4350,22,0.5500,0.5714,7,7,6,0,0,7,6,0.1429
4,244.0000,25,8,489.9302,-85.2633,-0.3890,29,0.7250,0.7143,7,4,0,0,0,4,0,1.0000
4,244.0000,25,10,821.6934,-88.2107,-0.0199,16,0.4000,0.8571,7,8,8,0,0,8,8,0.0000
4,244.0000,25,12,998.1868,-89.4189,0.1733,3,0.0750,1.0000,4,8,8,0,0,8,8,0.0000
4,244.0000,25,13,977.1941,-89.5575,0.0833,4,0.1000,1.0000,8,8,8,0,0,8,8,0.0000
4,244.0000,25,14,719.0614,-88.1689,0.6946,20,0.5000,0.6667,6,8,7,0,0,8,7,0.1250
4,244.0000,25,18,606.1293,-86.5289,0.7793,17,0.4250,0.7143,7,6,4,0,0,6,4,0.3333
4,244.0000,25,20,670.5243,-87.9540,-0.6577,24,0.6000,0.5714,7,8,5,0,0,8,5,0.3750
4,244.0000,25,21,510.4427,-85.8450,0.5936,31,0.7750,1.0000,8,6,3,0,0,6,3,0.5000
4,244.0000,25,23,585.6651,-87.1888,-0.3277,25,0.6250,0.7500,8,6,4,0,0,6,4,0.3333
4,244.0000,25,24,788.4169,-88.2080,0.6718,8,0.2000,0.7143,7,8,8,0,0,8,8,0.0000
4,248.0000,0,6,245.6680,-76.7222,-0.7984,40,1.0000,0.0000,4,5,1,0,0,5,1,0.8000
4,248.0000,0,7,547.9873,-86.3916,0.6643,23,0.5750,0.8571,7,4,2,0,0,4,2,0.5000
4,248.0000,0,9,294.2374,-83.0168,0.5906,38,0.9500,0.0000,4,4,0,0,0,4,0,1.0000
4,248.0000,0,11,867.2742,-88.6234,0.3214,9,0.2250,0.8571,7,8,7,0,0,8,7,0.1250
4,248.0000,0,13,801.0244,-87.6269,-0.0678,7,0.1750,1.0000,8,7,6,0,0,7,6,0.1429
4,248.0000,0,15,730.2154,-88.4088,0.3421,13,0.3250,0.8571,7,6,4,0,0,6,4,0.3333
4,248.0000,0,17,838.5998,-88.7845,0.0168,12,0.3000,0.8571,7,8,8,0,0,8,8,0.0000
4,248.0000,0,19,462.1631,-85.4103,0.2465,34,0.8500,0.5714,7,6,1,0,0,6,1,0.8333
4,248.0000,0,22,319.3244,-82.0238,0.1674,37,0.9250,0.0000,4,4,0,0,0,4,0,1.0000
4,248.0000,1,2,902.8187,-88.3898,-0.1566,3,0.0750,0.8750,8,8,8,0,0,8,8,0.0000
4,248.0000,1,3,610.3477,-87.1365,0.8321,28,0.7000,1.0000,8,4,0,0,0,4,0,1.0000
4,248.0000,1,4,1006.3216,-88.2077,-1.1145,3,0.0750,1.0000,8,10,10,0,0,10,10,0.0000
4,248.0000,1,5,473.6827,-85.3587,0.4642,33,0.8250,0.2000,5,4,0,0,0,4,0,1.0000
4,248.0000,1,8,982.4902,-88.4322,0.1410,6,0.1500,1.0000,8,6,6,0,0,6,6,0.0000
4,248.0000,1,10,183.3382,-75.7841,-0.1557,40,1.0000,0.0000,4,5,0,0,0,5,0,1.0000
4,248.0000,1,14,723.2613,-87.4125,0.3948,22,0.5500,0.5000,6,7,6,0,0,7,6,0.1429
4,248.0000,1,20,417.4427,-84.6528,-0.3190,37,0.9250,0.2000,5,5,1,0,0,5,1,0.8000
4,248.0000,1,21,919.4840,-89.1331,-0.1068,8,0.2000,1.0000,8,5,4,0,0,5,4,0.2000
4,248.0000,1,24,144.9250,-71.9412,-0.4546,39,0.9750,0.0000,3,4,0,0,0,4,0,1.0000
4,248.0000,1,25,900.3983,-89.1269,-0.3878,8,0.2000,0.8750,8,8,8,0,0,8,8,0.0000
4,248.0000,2,1,902.8187,-88.7735,0.1874,5,0.1250,1.0000,8,8,8,0,0,8,8,0.0000
4,248.0000,2,3,746.9612,-88.6123,-0.2033,18,0.4500,0.7500,8,6,3,0,0,6,3,0.5000
4,248.0000,2,5,864.1328,-88.5828,-0.1474,8,0.2000,1.0000,8,8,7,0,0,8,7,0.1250
4,248.0000,2,8,434.7042,-85.0669,0.6139,31,0.7750,0.0000,4,6,2,0,0,6,2,0.6667
4,248.0000,2,10,802.1295,-88.5412,0.2896,10,0.2500,1.0000,8,6,3,0,0,6,3,0.5000
4,248.0000,2,14,597.6971,-87.2320,0.1194,21,0.5250,0.8571,7,7,5,0,0,7,5,0.2857
4,248.0000,2,18,645.0367,-87.9852,0.3632,22,0.5500,0.8571,7,5,2,0,0,5,2,0.6000
4,248.0000,2,20,731.8414,-88.4051,-0.2350,14,0.3500,0.8750,8,8,7,0,0,8,7,0.1250
4,248.0000,2,21,435.3819,-85.3991,0.2431,31,0.7750,0.3333,6,4,0,0,0,4,0,1.0000
4,248.0000,2,23,749.8208,-87.9060,-0.3255,18,0.4500,0.7143,7,8,7,0,0,8,7,0.1250
4,248.0000,2,24,875.2259,-88.6309,0.1176,9,0.2250,1.0000,8,8,8,0,0,8,8,0.0000
4,248.0000,2,25,454.4414,-84.7949,-0.1888,32,0.8000,0.2000,5,6,1,0,0,6,1,0.8333
4,248.0000,3,1,610.3477,-86.7459,0.3829,21,0.5250,0.8750,8,4,0,0,0,4,0,1.0000
4,248.0000,3,2,746.9612,-88.2956,0.0097,20,0.5000,0.8571,7,6,4,0,0,6,4,0.3333
4,248.0000,3,5,638.5938,-87.2733,-0.2540,24,0.6000,0.7500,8,6,3,0,0,6,3,0.5000
4,248.0000,3,8,1041.9578,-89.4818,0.0566,7,0.1750,1.0000,6,6,6,0,0,6,6,0.0000
4,248.0000,3,10,443.8637,-86.0561,0.1874,33,0.8250,0.2000,5,5,0,0,0,5,0,1.0000
4,248.0000,3,14,367.7440,-82.9715,-0.9195,36,0.9000,0.0000,4,4,0,0,0,4,0,1.0000
4,248.0000,3,20,496.2335,-86.6683,0.2773,27,0.6750,0.6667,6,4,0,0,0,4,0,1.0000
4,248.0000,3,21,1012.3491,-89.7210,-0.2048,3,0.0750,1.0000,8,8,7,0,0,8,7,0.1250
4,248.0000,3,24,686.4553,-87.5015,-0.3398,22,0.5500,0.5714,7,6,4,0,0,6,4,0.3333
4,248.0000,4,1,1006.3216,-88.3610,-0.5254,4,0.1000,1.0000,8,6,6,0,0,6,6,0.0000
4,248.0000,4,2,928.3418,-88.6222,1.3354,4,0.1000,1.0000,8,8,8,0,0,8,8,0.0000
4,248.0000,4,5,1041.7998,-89.0715,-0.2857,4,0.1000,1.0000,8,8,8,0,0,8,8,0.0000
4,248.0000,4,8,694.6324,-87.1461,-0.6777,24,0.6000,0.2857,7,8,8,0,0,8,8,0.0000
4,248.0000,4,11,617.9649,-87.2531,0.4033,26,0.6500,0.6667,6,5,2,0,0,5,2,0.6000
4,248.0000,4,12,437.9693,-84.2996,0.0753,28,0.7000,0.5000,6,5,2,0,0,5,2,0.6000
4,248.0000,4,13,612.7175,-87.0816,-0.0641,23,0.5750,0.3333,6,6,4,1,0,7,4,0.4286
4,248.0000,4,16,934.4289,-88.9982,-0.0179,6,0.1500,1.0000,6,8,8,0,0,8,8,0.0000
4,248.0000,4,17,696.8294,-87.4751,0.9951,14,0.3500,0.8571,7,6,4,0,0,6,4,0.3333
4,248.0000,4,18,573.6704,-86.4902,-0.1532,24,0.6000,0.6667,6,7,5,0,0,7,5,0.2857
4,248.0000,4,20,1026.7276,-88.8548,0.1931,5,0.1250,0.8571,7,6,6,0,0,6,6,0.0000
4,248.0000,4,21,635.8498,-86.5154,-0.7684,25,0.6250,0.4000,5,8,8,0,0,8,8,0.0000
4,248.0000,4,23,567.6067,-86.5862,-0.0001,31,0.7750,0.3333,6,6,3,0,0,6,3,0.5000
4,248.0000,4,24,890.6735,-89.0838,-0.0823,5,0.1250,1.0000,8,8,8,0,0,8,8,0.0000
4,248.0000,4,25,561.1817,-86.3618,0.0777,24,0.6000,0.8571,7,6,3,0,0,6,3,0.5000
4,248.0000,5,1,473.6827,-85.2002,0.5847,36,0.9000,0.2000,5,5,2,0,0,5,2,0.6000
4,248.0000,5,2,864.1328,-88.8675,-0.4395,9,0.2250,1.0000,8,8,8,0,0,8,8,0.0000
4,248.0000,5,3,638.5938,-87.1336,0.0426,31,0.7750,0.7500,8,6,3,0,0,6,3,0.5000
4,248.0000,5,4,1041.7998,-88.7476,-0.2750,9,0.2250,1.0000,8,8,8,0,0,8,8,0.0000
4,248.0000,5,8,1081.3102,-87.9130,0.2464,6,0.1500,1.0000,40,0,0,42,42,42,42,0.0000
4,248.0000,5,10,383.0498,-83.3478,0.6340,38,0.9500,0.0000,4,4,0,0,0,4,0,1.0000
4,248.0000,5,14,510.7899,-84.7544,-0.8780,37,0.9250,0.0000,4,4,0,0,0,4,0,1.0000
4,248.0000,5,20,164.7928,-73.1045,-0.8465,39,0.9750,0.0000,5,5,1,0,0,5,1,0.8000
4,248.0000,5,21,1020.5346,-88.5951,0.0610,3,0.0750,0.7500,4,8,8,0,0,8,8,0.0000
4,248.0000,5,24,409.2644,-83.3848,-0.5812,35,0.8750,0.2000,5,5,1,0,0,5,1,0.8000
4,248.0000,5,25,783.0979,-88.4753,-0.0919,19,0.4750,0.5714,7,7,6,0,0,7,6,0.1429
4,248.0000,6,0,245.6680,-76.6251,-1.2001,40,1.0000,0.2000,5,4,0,0,0,4,0,1.0000
4,248.0000,6,7,635.6469,-87.3542,0.0913,21,0.5250,0.9091,11,6,3,0,0,6,3,0.5000
4,248.0000,6,9,493.5183,-84.5481,-0.2386,35,0.8750,0.4000,5,5,2,0,0,5,2,0.6000
4,248.0000,6,11,889.4473,-89.1912,0.1894,5,0.1250,1.0000,8,8,8,34,34,42,42,0.0000
4,248.0000,6,13,712.7182,-87.7274,0.5335,11,0.2750,0.7143,7,7,5,0,0,7,5,0.2857
4,248.0000,6,15,861.5498,-88.5615,-0.0278,12,0.3000,1.0000,8,7,6,0,0,7,6,0.1429
4,248.0000,6,17,785.2179,-87.4876,-0.2240,15,0.3750,1.0000,8,6,4,0,0,6,4,0.3333
4,248.0000,6,19,321.4945,-81.9904,-0.2459,39,0.9750,0.0000,5,6,2,1,0,7,2,0.7143
4,248.0000,6,22,321.1623,-81.5534,0.1127,40,1.0000,0.1277,47,4,0,28,7,32,7,0.7812
4,248.0000,7,0,547.9873,-86.5478,-0.2429,26,0.6500,0.7143,7,7,5,0,0,7,5,0.2857
4,248.0000,7,4,977.5642,-89.3078,-1.2930,3,0.0750,1.0000,4,6,6,0,0,6,6,0.0000
4,248.0000,7,6,635.6469,-87.8174,0.2002,23,0.5750,0.6667,9,4,2,0,0,4,2,0.5000
4,248.0000,7,9,574.8510,-86.6093,-0.1580,24,0.6000,0.6667,6,5,2,0,0,5,2,0.6000
4,248.0000,7,11,392.5228,-84.5507,0.3800,36,0.9000,0.2000,5,4,0,0,0,4,0,1.0000
4,248.0000,7,12,582.3338,-86.6143,0.2651,32,0.8000,0.5714,7,7,5,0,0,7,5,0.2857
4,248.0000,7,13,675.6351,-87.5410,0.7759,15,0.3750,0.5000,6,7,6,0,0,7,6,0.1429
4,248.0000,7,15,568.8614,-86.8297,0.2093,27,0.6750,0.8750,8,5,2,0,0,5,2,0.6000
4,248.0000,7,16,516.8308,-85.5772,-0.6674,32,0.8000,0.4000,5,5,1,0,0,5,1,0.8000
4,248.0000,7,17,459.3180,-84.5912,-0.5096,33,0.8250,0.4286,7,7,5,0,0,7,5,0.2857
4,248.0000,7,19,742.9807,-87.8935,0.0170,17,0.4250,0.7143,7,7,6,0,0,7,6,0.1429
4,248.0000,7,22,479.7968,-85.6664,0.6274,31,0.7750,0.3333,6,5,2,0,0,5,2,0.6000
4,248.0000,8,1,982.4902,-89.2076,-0.0757,11,0.2750,1.0000,8,6,6,0,0,6,6,0.0000
4,248.0000,8,2,434.7042,-85.5763,0.1157,35,0.8750,0.0000,4,6,2,0,0,6,2,0.6667
4,248.0000,8,4,694.6324,-86.7126,-0.1159,19,0.4750,0.6667,6,8,7,0,0,8,7,0.1250
4,248.0000,8,5,1081.3102,-88.1428,-0.7469,4,0.1000,1.0000,8,4,4,0,0,4,4,0.0000
4,248.0000,8,10,960.3278,-88.7787,-0.1241,8,0.2000,1.0000,8,8,8,0,0,8,8,0.0000
4,248.0000,8,12,1104.7648,-88.4656,1.0033,4,0.1000,1.0000,8,8,8,0,0,8,8,0.0000
4,248.0000,8,13,1005.6091,-89.2959,-0.1449,12,0.3000,1.0000,8,4,4,0,0,4,4,0.0000
4,248.0000,8,14,971.8903,-88.7606,-0.0976,7,0.1750,1.0000,8,8,8,0,0,8,8,0.0000
4,248.0000,8,18,360.3654,-83.7835,0.7624,37,0.9250,0.4000,5,4,0,0,0,4,0,1.0000
4,248.0000,8,20,967.1278,-89.2856,-0.1701,5,0.1250,0.9000,10,6,6,0,0,6,6,0.0000
4,248.0000,8,21,76.7279,-65.6106,0.8705,38,0.9500,0.0000,4,4,0,0,0,4,0,1.0000
4,248.0000,8,23,422.6574,-84.1264,-0.4182,35,0.8750,0.5000,6,7,3,0,0,7,3,0.5714
4,248.0000,8,24,941.6014,-88.8137,0.0827,11,0.2750,0.7500,8,8,8,0,0,8,8,0.0000
4,248.0000,8,25,501.5966,-85.0497,-0.0068,28,0.7000,0.7143,7,7,5,0,0,7,5,0.2857
4,248.0000,9,0,294.2374,-81.5483,-0.3282,34,0.8500,0.0000,4,4,0,0,0,4,0,1.0000
4,248.0000,9,6,493.5183,-84.5062,0.2103,31,0.7750,0.2000,5,4,0,0,0,4,0,1.0000
4,248.0000,9,7,574.8510,-87.1770,0.2133,21,0.5250,0.5714,7,5,1,0,0,5,1,0.8000
4,248.0000,9,11,958.3072,-89.3946,-0.0822,3,0.0750,1.0000,8,7,6,0,0,7,6,0.1429
4,248.0000,9,15,509.9807,-86.2829,0.3068,28,0.7000,0.5000,6,6,3,0,0,6,3,0.5000
4,248.0000,9,17,923.7670,-88.5245,-0.5726,4,0.1000,1.0000,8,8,8,0,0,8,8,0.0000
4,248.0000,9,19,550.6802,-86.5256,-0.1617,28,0.7000,0.2000,5,5,1,0,0,5,1,0.8000
4,248.0000,9,22,355.0497,-82.9108,0.0134,33,0.8250,0.0000,4,4,0,0,0,4,0,1.0000
4,248.0000,10,1,183.3382,-75.2991,-0.1816,39,0.9750,0.0000,4,5,1,0,0,5,1,0.8000
4,248.0000,10,2,802.1295,-87.9596,-0.1262,7,0.1750,0.8750,8,8,8,0,0,8,8,0.0000
4,248.0000,10,3,443.8637,-85.6347,0.8127,35,0.8750,0.7561,82,5,2,66,34,71,36,0.4930
4,248.0000,10,5,383.0498,-83.0434,0.4851,34,0.8500,0.1739,23,4,0,25,4,29,4,0.8621
4,248.0000,10,8,960.3278,-88.6291,-0.3544,8,0.2000,1.0000,8,6,6,38,38,44,44,0.0000
4,248.0000,10,14,546.3978,-85.9782,0.1533,32,0.8000,0.6667,6,7,5,0,0,7,5,0.2857
4,248.0000,10,20,282.4238,-80.6328,-0.2723,38,0.9500,0.0000,5,4,0,0,0,4,0,1.0000
4,248.0000,10,24,247.6810,-75.0473,-2.0541,39,0.9750,0.0000,4,4,0,0,0,4,0,1.0000
4,248.0000,10,25,852.7660,-88.4134,-0.0194,7,0.1750,1.0000,8,8,8,0,0,8,8,0.0000
4,248.0000,11,0,867.2742,-88.6005,-0.0115,9,0.2250,1.0000,14,8,8,0,0,8,8,0.0000
4,248.0000,11,4,617.9649,-86.6223,0.0883,26,0.6500,0.7143,7,7,6,0,0,7,6,0.1429
4,248.0000,11,6,889.4473,-88.6402,0.4140,7,0.1750,0.8571,7,7,6,0,0,7,6,0.1429
4,248.0000,11,7,392.5228,-83.9402,0.5198,36,0.9000,0.4286,7,5,1,0,0,5,1,0.8000
4,248.0000,11,9,958.3072,-89.3097,0.2472,5,0.1250,1.0000,6,8,7,0,0,8,7,0.1250
4,248.0000,11,12,193.6567,-75.8509,-0.3791,38,0.9500,0.0000,4,4,0,0,0,4,0,1.0000
4,248.0000,11,13,540.0824,-86.1632,0.2006,28,0.7000,0.9494,79,6,3,8,8,14,11,0.2143
4,248.0000,11,16,458.1122,-84.8627,-0.1015,34,0.8500,0.0000,4,4,0,0,0,4,0,1.0000
4,248.0000,11,17,378.0999,-83.7901,-0.0596,37,0.9250,0.4000,5,5,2,31,22,36,24,0.3333
4,248.0000,11,18,1044.3323,-88.7048,-0.2975,7,0.1750,1.0000,8,8,8,0,0,8,8,0.0000
4,248.0000,11,19,1016.6910,-89.1542,-0.1800,6,0.1500,1.0000,8,4,4,0,0,4,4,0.0000
4,248.0000,11,22,804.9933,-88.4924,0.3383,14,0.3500,1.0000,8,7,6,40,40,47,46,0.0213
4,248.0000,11,23,987.4544,-89.3057,0.0631,8,0.2000,1.0000,8,4,4,0,0,4,4,0.0000
4,248.0000,12,4,437.9693,-84.9454,-0.5019,32,0.8000,0.3333,6,4,0,0,0,4,0,1.0000
4,248.0000,12,6,1024.4313,-89.5536,0.2234,3,0.0750,1.0000,8,4,4,0,0,4,4,0.0000
4,248.0000,12,7,582.3338,-87.0188,-0.1576,24,0.6000,0.5714,7,6,4,0,0,6,4,0.3333
4,248.0000,12,8,1104.7648,-88.8869,-0.0964,3,0.0750,1.0000,8,2,2,0,0,2,2,0.0000
4,248.0000,12,11,193.6567,-75.8438,-0.3071,39,0.9750,0.0000,5,3,0,0,0,3,0,1.0000
4,248.0000,12,13,543.4442,-86.6995,0.4004,30,0.7500,0.5714,7,6,4,0,0,6,4,0.3333
4,248.0000,12,16,548.4970,-86.6856,0.0483,30,0.7500,0.7143,7,5,1,0,0,5,1,0.8000
4,248.0000,12,17,436.3887,-85.1897,0.6688,34,0.8500,0.2000,5,5,1,0,0,5,1,0.8000
4,248.0000,12,18,919.3039,-88.8838,-0.1219,6,0.1500,1.0000,8,6,6,0,0,6,6,0.0000
4,248.0000,12,22,963.3763,-88.6026,-2.0166,3,0.0750,1.0000,8,8,8,0,0,8,8,0.0000
4,248.0000,12,23,875.8324,-88.7327,0.1296,13,0.3250,1.0000,8,8,8,0,0,8,8,0.0000
4,248.0000,12,25,967.0099,-89.2868,0.0446,4,0.1000,1.0000,8,6,6,0,0,6,6,0.0000
4,248.0000,13,0,801.0244,-88.7739,-0.4743,15,0.3750,0.8571,7,8,6,0,0,8,6,0.2500
4,248.0000,13,4,612.7175,-87.1791,0.2246,22,0.5500,0.7143,7,4,0,0,0,4,0,1.0000
4,248.0000,13,6,712.7182,-88.0098,0.2075,19,0.4750,0.8000,15,8,8,2,2,10,10,0.0000
4,248.0000,13,7,675.6351,-88.3477,-0.3263,18,0.4500,0.8750,8,6,3,0,0,6,3,0.5000
4,248.0000,13,8,1005.6091,-89.2278,-0.0932,4,0.1000,1.0000,8,8,8,0,0,8,8,0.0000
4,248.0000,13,11,540.0824,-86.2464,0.8490,23,0.5750,0.5000,6,4,0,0,0,4,0,1.0000
4,248.0000,13,12,543.4442,-86.0135,0.2920,23,0.5750,0.4000,5,6,4,0,0,6,4,0.3333
4,248.0000,13,16,968.2750,-88.1912,0.1795,5,0.1250,1.0000,4,6,6,0,0,6,6,0.0000
4,248.0000,13,17,596.3191,-87.1808,0.7015,19,0.4750,0.5000,6,6,2,0,0,6,2,0.6667
4,248.0000,13,18,690.4596,-86.6321,-0.4858,22,0.5500,0.5000,6,8,8,0,0,8,8,0.0000
4,248.0000,13,19,919.7166,-89.3651,-0.2362,4,0.1000,1.0000,8,8,8,0,0,8,8,0.0000
4,248.0000,13,21,988.1050,-88.4686,-0.1763,8,0.2000,1.0000,8,8,8,0,0,8,8,0.0000
4,248.0000,13,22,828.9305,-89.0628,-0.1301,6,0.1500,0.8571,7,7,5,0,0,7,5,0.2857
4,248.0000,13,23,617.8486,-85.9924,-0.4845,22,0.5500,0.5000,6,8,7,0,0,8,7,0.1250
4,248.0000,13,25,942.2868,-88.4153,0.3738,5,0.1250,1.0000,8,8,7,0,0,8,7,0.1250
4,248.0000,14,1,723.2613,-87.8064,-0.2685,22,0.5500,0.8571,7,7,6,0,0,7,6,0.1429
4,248.0000,14,2,597.6971,-86.9481,0.4867,22,0.5500,0.8750,8,6,4,0,0,6,4,0.3333
4,248.0000,14,3,367.7440,-83.2188,0.2278,36,0.9000,0.0000,4,4,0,0,0,4,0,1.0000
4,248.0000,14,5,510.7899,-84.3676,-0.8250,35,0.8750,0.4000,5,4,0,0,0,4,0,1.0000
4,248.0000,14,8,971.8903,-89.5530,-0.1503,3,0.0750,1.0000,6,8,8,0,0,8,8,0.0000
4,248.0000,14,10,546.3978,-85.9359,0.0804,29,0.7250,0.6667,6,6,4,0,0,6,4,0.3333
4,248.0000,14,20,388.7162,-83.1817,0.2309,33,0.8250,0.0000,4,5,1,0,0,5,1,0.8000
4,248.0000,14,21,941.3093,-88.7419,0.0262,6,0.1500,1.0000,8,8,8,0,0,8,8,0.0000
4,248.0000,14,24,726.8264,-87.3883,-0.7593,25,0.6250,0.7143,7,8,7,0,0,8,7,0.1250
4,248.0000,14,25,779.6997,-87.4289,0.0331,11,0.2750,0.7143,7,8,8,0,0,8,8,0.0000
4,248.0000,15,0,730.2154,-88.4084,-0.1126,14,0.3500,0.7143,7,8,8,0,0,8,8,0.0000
4,248.0000,15,6,861.5498,-87.9324,0.0732,8,0.2000,1.0000,8,8,7,0,0,8,7,0.1250
4,248.0000,15,7,568.8614,-86.9324,0.1537,24,0.6000,0.5000,6,5,1,0,0,5,1,0.8000
4,248.0000,15,9,509.9807,-86.3289,-0.1647,30,0.7500,0.2000,5,5,1,0,0,5,1,0.8000
4,248.0000,15,11,911.5909,-89.2506,-0.0277,3,0.0750,1.0000,6,8,7,0,0,8,7,0.1250
4,248.0000,15,16,726.9091,-88.0598,0.3271,13,0.3250,0.8571,7,6,3,0,0,6,3,0.5000
4,248.0000,15,17,839.0734,-88.1196,0.1683,8,0.2000,1.0000,8,8,8,0,0,8,8,0.0000
4,248.0000,15,19,791.4727,-87.9192,0.6733,8,0.2000,0.8571,7,7,6,0,0,7,6,0.1429
4,248.0000,15,22,561.5296,-86.0754,-0.6000,29,0.7250,0.5714,7,6,3,0,0,6,3,0.5000
4,248.0000,16,4,934.4289,-88.8969,-0.2846,8,0.2000,1.0000,8,8,7,0,0,8,7,0.1250
4,248.0000,16,6,1108.2563,-88.6928,-0.1908,3,0.0750,1.0000,2,4,4,0,0,4,4,0.0000
4,248.0000,16,7,516.8308,-85.9918,0.1341,30,0.7500,0.4000,5,6,4,0,0,6,4,0.3333
4,248.0000,16,9,1015.4883,-88.8817,-0.1786,4,0.1000,1.0000,4,4,4,0,0,4,4,0.0000
4,248.0000,16,11,458.1122,-84.3908,0.2175,31,0.7750,0.3333,6,5,1,0,0,5,1,0.8000
4,248.0000,16,12,548.4970,-85.9782,-0.4599,22,0.5500,0.5000,6,7,4,0,0,7,4,0.4286
4,248.0000,16,13,968.2750,-88.3333,0.8607,3,0.0750,1.0000,6,6,6,0,0,6,6,0.0000
4,248.0000,16,15,726.9091,-88.5291,0.4704,10,0.2500,0.8571,7,5,2,0,0,5,2,0.6000
4,248.0000,16,17,505.9086,-84.2376,-0.1464,33,0.8250,0.2000,5,6,4,0,0,6,4,0.3333
4,248.0000,16,22,891.5012,-88.7816,0.0330,7,0.1750,0.8750,8,7,6,0,0,7,6,0.1429
4,248.0000,17,0,838.5998,-88.4860,0.1051,16,0.4000,1.0000,8,7,6,0,0,7,6,0.1429
4,248.0000,17,4,696.8294,-88.4009,0.1869,13,0.3250,0.8571,7,4,0,0,0,4,0,1.0000
4,248.0000,17,6,785.2179,-88.4711,0.1924,11,0.2750,0.5714,7,7,5,0,0,7,5,0.2857
4,248.0000,17,7,459.3180,-84.3298,-0.4405,34,0.8500,0.4000,5,4,0,0,0,4,0,1.0000
4,248.0000,17,9,923.7670,-88.5073,0.6849,6,0.1500,1.0000,6,8,8,0,0,8,8,0.0000
4,248.0000,17,11,378.0999,-83.7192,-0.2446,36,0.9000,0.5714,7,5,2,0,0,5,2,0.6000
4,248.0000,17,12,436.3887,-84.4112,-0.3028,34,0.8500,0.6667,6,6,3,0,0,6,3,0.5000
4,248.0000,17,13,596.3191,-87.6750,0.0135,21,0.5250,0.7143,7,6,4,0,0,6,4,0.3333
4,248.0000,17,15,839.0734,-88.6354,-0.2224,9,0.2250,1.0000,8,8,7,0,0,8,7,0.1250
4,248.0000,17,16,505.9086,-84.7734,-0.4074,35,0.8750,0.0000,4,5,2,0,0,5,2,0.6000
4,248.0000,17,19,802.2226,-87.9296,-0.0079,16,0.4000,0.7143,7,8,8,22,22,30,30,0.0000
4,248.0000,17,22,654.9680,-87.3779,-0.0775,21,0.5250,0.7143,7,8,8,0,0,8,8,0.0000
4,248.0000,18,2,645.0367,-87.4666,0.0532,22,0.5500,0.8750,8,8,7,0,0,8,7,0.1250
4,248.0000,18,4,573.6704,-87.0646,0.3424,24,0.6000,0.4000,5,7,5,0,0,7,5,0.2857
4,248.0000,18,8,360.3654,-84.1744,0.2328,37,0.9250,0.7143,7,4,0,0,0,4,0,1.0000
4,248.0000,18,11,1044.3323,-89.0934,-0.2160,5,0.1250,1.0000,8,8,8,0,0,8,8,0.0000
4,248.0000,18,12,919.3039,-88.3206,0.2504,7,0.1750,1.0000,8,8,8,0,0,8,8,0.0000
4,248.0000,18,13,690.4596,-86.8563,-0.4691,27,0.6750,0.7000,10,8,8,0,0,8,8,0.0000
4,248.0000,18,20,1147.7053,-89.4142,0.0604,3,0.0750,,0,4,4,0,0,4,4,0.0000
4,248.0000,18,21,369.5346,-83.8336,-0.2872,35,0.8750,0.2000,5,6,2,0,0,6,2,0.6667
4,248.0000,18,23,113.1983,-66.3430,-2.3456,40,1.0000,0.0000,4,4,0,0,0,4,0,1.0000
4,248.0000,18,25,479.1689,-85.5998,0.5334,29,0.7250,0.4000,5,5,1,0,0,5,1,0.8000
4,248.0000,19,0,462.1631,-84.9289,-0.2210,33,0.8250,0.2000,5,6,3,0,0,6,3,0.5000
4,248.0000,19,6,321.4945,-81.6359,0.1207,40,1.0000,0.2000,5,4,0,0,0,4,0,1.0000
4,248.0000,19,7,742.9807,-87.4189,-0.7343,17,0.4250,1.0000,8,6,4,0,0,6,4,0.3333
4,248.0000,19,9,550.6802,-85.3792,-0.3537,31,0.7750,0.0000,4,6,3,0,0,6,3,0.5000
4,248.0000,19,11,1016.6910,-88.2134,0.5972,5,0.1250,0.8571,7,8,8,0,0,8,8,0.0000
4,248.0000,19,13,919.7166,-88.9984,0.1921,9,0.2250,0.8571,7,8,7,0,0,8,7,0.1250
4,248.0000,19,15,791.4727,-87.5804,0.3784,13,0.3250,0.8571,7,8,8,0,0,8,8,0.0000
4,248.0000,19,17,802.2226,-87.7036,-0.5008,12,0.3000,0.7143,7,8,8,0,0,8,8,0.0000
4,248.0000,19,22,284.3809,-78.1272,-1.0500,39,0.9750,0.0000,4,4,0,0,0,4,0,1.0000
4,248.0000,20,1,417.4427,-84.4564,0.2506,36,0.9000,0.0000,4,4,0,0,0,4,0,1.0000
4,248.0000,20,2,731.8414,-88.7517,-0.3850,11,0.2750,0.8750,8,6,4,0,0,6,4,0.3333
4,248.0000,20,3,496.2335,-85.4345,0.4538,35,0.8750,0.5000,6,5,1,0,0,5,1,0.8000
4,248.0000,20,4,1026.7276,-88.3318,-0.3788,6,0.1500,1.0000,8,8,8,0,0,8,8,0.0000
4,248.0000,20,5,164.7928,-72.7088,-1.1710,40,1.0000,0.0000,4,4,0,0,0,4,0,1.0000
4,248.0000,20,8,967.1278,-88.7631,0.1657,9,0.2250,1.0000,10,8,8,0,0,8,8,0.0000
4,248.0000,20,10,282.4238,-80.3334,-0.4563,39,0.9750,0.0000,4,4,0,0,0,4,0,1.0000
4,248.0000,20,14,388.7162,-83.3580,0.4165,37,0.9250,0.0000,4,6,2,0,0,6,2,0.6667
4,248.0000,20,21,911.0435,-89.6021,-0.0660,4,0.1000,1.0000,8,8,8,0,0,8,8,0.0000
4,248.0000,20,24,380.4218,-82.0231,-0.6748,35,0.8750,0.2000,5,5,1,0,0,5,1,0.8000
4,248.0000,20,25,723.6759,-87.3222,0.0823,18,0.4500,0.9535,86,8,7,79,74,87,81,0.0690
4,248.0000,21,1,919.4840,-88.9182,-0.0060,6,0.1500,1.0000,8,7,6,0,0,7,6,0.1429
4,248.0000,21,2,435.3819,-84.9424,0.9090,32,0.8000,0.2500,4,4,0,0,0,4,0,1.0000
4,248.0000,21,4,635.8498,-86.2704,-0.6830,21,0.5250,0.7500,8,7,6,32,31,39,37,0.0513
4,248.0000,21,8,76.7279,-65.3389,1.1598,37,0.9250,0.0000,4,4,0,0,0,4,0,1.0000
4,248.0000,21,10,903.5045,-88.1927,0.8067,3,0.0750,1.0000,8,8,7,0,0,8,7,0.1250
4,248.0000,21,12,1053.5508,-89.4783,-0.2027,4,0.1000,1.0000,8,6,6,0,0,6,6,0.0000
4,248.0000,21,13,988.1050,-88.7277,0.0832,9,0.2250,0.9167,12,8,8,0,0,8,8,0.0000
4,248.0000,21,14,941.3093,-88.5932,-0.3639,5,0.1250,1.0000,6,8,8,0,0,8,8,0.0000
4,248.0000,21,18,369.5346,-82.1253,-0.0160,36,0.9000,0.5882,34,6,3,1,0,7,3,0.5714
4,248.0000,21,20,911.0435,-88.7752,0.2212,6,0.1500,0.8571,7,8,8,0,0,8,8,0.0000
4,248.0000,21,23,432.7190,-82.5355,-0.7141,35,0.8750,0.4062,32,8,5,0,0,8,5,0.3750
4,248.0000,21,24,873.3348,-88.4690,-0.6184,8,0.2000,1.0000,8,8,7,0,0,8,7,0.1250
4,248.0000,21,25,457.7680,-85.1947,0.8584,32,0.8000,0.5000,6,4,1,0,0,4,1,0.7500
4,248.0000,22,0,319.3244,-82.0107,0.2750,38,0.9500,0.0000,4,6,1,0,0,6,1,0.8333
4,248.0000,22,6,321.1623,-81.7705,-0.5578,37,0.9250,0.0000,4,4,0,0,0,4,0,1.0000
4,248.0000,22,7,479.7968,-86.2084,0.4269,31,0.7750,0.5000,6,6,2,0,0,6,2,0.6667
4,248.0000,22,9,355.0497,-83.1373,0.1365,40,1.0000,0.0000,4,4,0,0,0,4,0,1.0000
4,248.0000,22,11,804.9933,-88.0282,0.4887,9,0.2250,1.0000,8,7,6,0,0,7,6,0.1429
4,248.0000,22,12,963.3763,-88.7950,0.0073,5,0.1250,1.0000,4,8,7,0,0,8,7,0.1250
4,248.0000,22,13,828.9305,-88.7844,-0.0654,8,0.2000,1.0000,8,8,7,0,0,8,7,0.1250
4,248.0000,22,15,561.5296,-86.4545,0.3707,26,0.6500,0.3333,6,5,1,0,0,5,1,0.8000
4,248.0000,22,16,891.5012,-89.5179,0.0675,3,0.0750,1.0000,6,8,8,0,0,8,8,0.0000
4,248.0000,22,17,654.9680,-87.4747,0.0465,16,0.4000,0.9359,78,8,6,42,35,50,41,0.1800
4,248.0000,22,19,284.3809,-78.4661,-0.7786,40,1.0000,0.0000,4,4,0,3,0,7,0,1.0000
4,248.0000,23,2,749.8208,-87.4876,-0.4116,18,0.4500,0.7500,8,8,8,0,0,8,8,0.0000
4,248.0000,23,4,567.6067,-86.4767,-0.4757,30,0.7500,0.4000,5,6,2,0,0,6,2,0.6667
4,248.0000,23,8,422.6574,-83.9478,-0.1038,34,0.8500,0.5000,6,7,4,0,0,7,4,0.4286
4,248.0000,23,11,987.4544,-89.2317,-0.4083,6,0.1500,1.0000,42,8,8,0,0,8,8,0.0000
4,248.0000,23,12,875.8324,-88.4893,0.0010,14,0.3500,0.8571,7,8,8,0,0,8,8,0.0000
4,248.0000,23,13,617.8486,-87.3966,0.0525,25,0.6250,0.7143,7,8,7,0,0,8,7,0.1250
4,248.0000,23,17,937.4759,-89.4417,-1.2818,3,0.0750,1.0000,4,2,2,0,0,2,2,0.0000
4,248.0000,23,18,113.1983,-65.6128,-2.1701,40,1.0000,0.0000,4,4,0,0,0,4,0,1.0000
4,248.0000,23,21,432.7190,-83.5301,-0.2141,39,0.9750,0.4000,5,5,2,0,0,5,2,0.6000
4,248.0000,23,25,575.3270,-86.4667,-0.0882,30,0.7500,0.4000,5,6,4,0,0,6,4,0.3333
4,248.0000,24,1,144.9250,-71.8632,-0.4969,40,1.0000,0.0000,4,4,0,0,0,4,0,1.0000
4,248.0000,24,2,875.2259,-88.8423,-0.3063,7,0.1750,1.0000,8,7,6,0,0,7,6,0.1429
4,248.0000,24,3,686.4553,-86.8514,-0.1367,28,0.7000,0.8571,7,6,3,0,0,6,3,0.5000
4,248.0000,24,4,890.6735,-88.4160,-0.6657,8,0.2000,1.0000,8,8,8,0,0,8,8,0.0000
4,248.0000,24,5,409.2644,-83.3827,-0.3905,39,0.9750,0.3333,6,4,0,0,0,4,0,1.0000
4,248.0000,24,8,941.6014,-88.0522,0.4779,11,0.2750,1.0000,8,8,8,0,0,8,8,0.0000
4,248.0000,24,10,247.6810,-75.0320,-2.5372,39,0.9750,0.2000,5,4,0,0,0,4,0,1.0000
4,248.0000,24,14,726.8264,-87.0268,-0.4577,25,0.6250,0.7143,7,7,6,0,0,7,6,0.1429
4,248.0000,24,20,380.4218,-81.7112,-1.5939,36,0.9000,0.0000,4,6,4,0,0,6,4,0.3333
4,248.0000,24,21,873.3348,-88.1028,-0.5024,8,0.2000,1.0000,8,7,6,0,0,7,6,0.1429
4,248.0000,24,25,805.5044,-87.7878,0.1871,11,0.2750,1.0000,10,6,6,0,0,6,6,0.0000
4,248.0000,25,1,900.3983,-87.9886,0.1649,11,0.2750,1.0000,8,8,8,0,0,8,8,0.0000
4,248.0000,25,2,454.4414,-84.2606,0.2439,35,0.8750,0.5000,6,7,5,0,0,7,5,0.2857
4,248.0000,25,3,997.4949,-88.4024,-1.1292,3,0.0750,1.0000,6,6,6,0,0,6,6,0.0000
4,248.0000,25,4,561.1817,-86.5969,0.0342,26,0.6500,0.4286,7,5,2,0,0,5,2,0.6000
4,248.0000,25,5,783.0979,-87.2732,0.0017,15,0.3750,0.8571,7,8,7,0,0,8,7,0.1250
4,248.0000,25,8,501.5966,-86.0248,0.3557,30,0.7500,0.0000,4,8,6,0,0,8,6,0.2500
4,248.0000,25,10,852.7660,-88.6937,-0.3049,13,0.3250,1.0000,8,8,8,0,0,8,8,0.0000
4,248.0000,25,11,1136.6166,-89.0657,0.0862,4,0.1000,1.0000,2,2,2,0,0,2,2,0.0000
4,248.0000,25,12,967.0099,-89.0440,-0.0337,7,0.1750,1.0000,8,8,8,0,0,8,8,0.0000
4,248.0000,25,13,942.2868,-88.0074,-0.5877,5,0.1250,1.0000,8,8,8,0,0,8,8,0.0000
4,248.0000,25,14,779.6997,-87.5722,-0.1106,11,0.2750,0.8750,8,7,6,0,0,7,6,0.1429
4,248.0000,25,18,479.1689,-85.8771,0.5883,30,0.7500,0.6667,6,6,2,0,0,6,2,0.6667
4,248.0000,25,20,723.6759,-87.5564,-0.3431,17,0.4250,0.6250,8,7,5,0,0,7,5,0.2857
4,248.0000,25,21,457.7680,-85.3741,0.4564,31,0.7750,0.5000,6,4,0,0,0,4,0,1.0000
4,248.0000,25,23,575.3270,-85.8060,0.0024,31,0.7750,0.6667,6,7,6,0,0,7,6,0.1429
4,248.0000,25,24,805.5044,-88.5927,0.3606,12,0.3000,1.0000,8,7,6,0,0,7,6,0.1429
4,252.0000,0,6,370.9419,-81.1891,-0.7640,37,0.9250,0.2000,5,4,0,0,0,4,0,1.0000
4,252.0000,0,7,429.2220,-85.0811,0.4696,33,0.8250,0.5000,4,4,0,0,0,4,0,1.0000
4,252.0000,0,9,231.8449,-80.0764,0.2789,38,0.9500,0.0000,4,4,0,0,0,4,0,1.0000
4,252.0000,0,11,798.9741,-88.3227,0.1351,11,0.2750,0.8750,8,6,4,0,0,6,4,0.3333
4,252.0000,0,12,990.4070,-89.2094,0.6352,4,0.1000,1.0000,4,8,8,0,0,8,8,0.0000
4,252.0000,0,13,780.2900,-88.6162,-0.2870,10,0.2500,0.8571,7,7,6,0,0,7,6,0.1429
4,252.0000,0,15,628.6258,-87.7095,0.2643,23,0.5750,0.6667,6,6,2,0,0,6,2,0.6667
4,252.0000,0,16,936.4603,-88.7250,-0.6476,6,0.1500,1.0000,8,7,6,0,0,7,6,0.1429
4,252.0000,0,17,855.3478,-88.3350,-0.0953,11,0.2750,1.0000,8,8,7,0,0,8,7,0.1250
4,252.0000,0,19,549.1259,-85.2801,-0.2286,38,0.9500,0.1667,6,7,6,2,2,9,8,0.1111
4,252.0000,0,22,337.4577,-82.0539,-0.3033,38,0.9500,0.0000,4,4,0,0,0,4,0,1.0000
4,252.0000,1,2,807.6899,-88.6059,-0.0349,7,0.1750,1.0000,8,8,8,0,0,8,8,0.0000
4,252.0000,1,3,441.8707,-85.6881,0.5542,33,0.8250,0.0000,4,5,1,0,0,5,1,0.8000
4,252.0000,1,4,1156.4097,-88.6931,0.2945,3,0.0750,1.0000,10,4,4,0,0,4,4,0.0000
4,252.0000,1,5,471.3469,-85.5318,0.2241,36,0.9000,0.0000,4,5,1,0,0,5,1,0.8000
4,252.0000,1,10,202.1329,-76.7266,-0.2393,39,0.9750,0.0000,5,3,0,0,0,3,0,1.0000
4,252.0000,1,14,774.6683,-87.7897,0.4276,16,0.4000,0.8571,7,6,4,0,0,6,4,0.3333
4,252.0000,1,20,423.8700,-84.5062,0.7244,34,0.8500,0.2000,5,5,1,0,0,5,1,0.8000
4,252.0000,1,21,869.8216,-89.2911,-0.2893,6,0.1500,0.8000,5,9,8,0,0,9,8,0.1111
4,252.0000,1,24,296.9459,-77.7453,-1.8267,38,0.9500,0.0000,4,4,0,0,0,4,0,1.0000
4,252.0000,1,25,936.5184,-89.1098,-0.1260,5,0.1250,1.0000,8,8,8,0,0,8,8,0.0000
4,252.0000,2,1,807.6899,-88.5169,-0.2163,20,0.5000,1.0000,8,7,6,0,0,7,6,0.1429
4,252.0000,2,3,610.1944,-87.2517,0.6156,19,0.4750,0.5000,6,5,1,0,0,5,1,0.8000
4,252.0000,2,4,958.9774,-88.9344,-0.4086,5,0.1250,1.0000,6,8,8,0,0,8,8,0.0000
4,252.0000,2,5,866.3163,-88.3522,0.1798,7,0.1750,0.8750,8,8,8,0,0,8,8,0.0000
4,252.0000,2,8,473.2909,-84.4996,-0.7578,36,0.9000,0.3333,6,7,5,0,0,7,5,0.2857
4,252.0000,2,10,659.0442,-87.6590,0.6803,19,0.4750,0.5000,6,6,4,0,0,6,4,0.3333
4,252.0000,2,14,497.5765,-86.4108,-0.0883,28,0.7000,0.7143,7,4,0,0,0,4,0,1.0000
4,252.0000,2,18,589.5624,-86.1599,0.6002,28,0.7000,0.4000,5,6,3,0,0,6,3,0.5000
4,252.0000,2,20,622.8772,-87.6346,0.4319,24,0.6000,0.8750,8,6,2,0,0,6,2,0.6667
4,252.0000,2,21,358.7669,-83.3759,0.5358,34,0.8500,0.0000,4,4,0,0,0,4,0,1.0000
4,252.0000,2,23,844.7697,-87.7557,-0.1501,9,0.2250,0.8750,8,8,8,0,0,8,8,0.0000
4,252.0000,2,24,819.6818,-88.1464,0.2223,8,0.2000,1.0000,8,7,5,0,0,7,5,0.2857
4,252.0000,2,25,503.7505,-85.5164,0.4285,30,0.7500,0.1667,6,6,4,0,0,6,4,0.3333
4,252.0000,3,1,441.8707,-85.4695,0.2135,33,0.8250,0.0000,4,4,0,0,0,4,0,1.0000
4,252.0000,3,2,610.1944,-87.1290,0.3160,26,0.6500,0.6667,6,7,6,0,0,7,6,0.1429
4,252.0000,3,5,585.5425,-86.6906,0.0610,26,0.6500,0.5000,6,6,4,0,0,6,4,0.3333
4,252.0000,3,8,1007.7744,-89.5774,-0.0370,3,0.0750,1.0000,6,8,8,0,0,8,8,0.0000
4,252.0000,3,10,257.1601,-82.2776,0.4504,36,0.9000,0.0000,5,4,0,0,0,4,0,1.0000
4,252.0000,3,14,418.7756,-83.1330,-0.0938,36,0.9000,0.0000,4,6,2,0,0,6,2,0.6667
4,252.0000,3,20,360.3810,-83.9440,0.8279,33,0.8250,0.0000,4,4,0,0,0,4,0,1.0000
4,252.0000,3,21,822.8912,-88.8463,-0.3641,6,0.1500,0.8750,8,8,8,0,0,8,8,0.0000
4,252.0000,3,24,663.9369,-87.4124,0.0274,19,0.4750,0.6667,6,8,7,0,0,8,7,0.1250
4,252.0000,3,25,948.8864,-88.7311,-0.2094,6,0.1500,1.0000,8,8,8,0,0,8,8,0.0000
4,252.0000,4,2,958.9774,-88.2769,1.2021,6,0.1500,1.0000,8,2,2,0,0,2,2,0.0000
4,252.0000,4,7,927.3723,-89.1162,0.1023,8,0.2000,1.0000,8,8,8,0,0,8,8,0.0000
4,252.0000,4,8,824.2216,-87.7292,-0.3027,21,0.5250,1.0000,8,8,7,0,0,8,7,0.1250
4,252.0000,4,10,1172.4022,-89.2765,-0.3092,3,0.0750,,0,4,4,0,0,4,4,0.0000
4,252.0000,4,11,636.5380,-86.7648,0.1252,25,0.6250,0.4000,5,7,6,0,0,7,6,0.1429
4,252.0000,4,12,444.3158,-84.5673,0.4896,34,0.8500,0.4000,5,5,1,0,0,5,1,0.8000
4,252.0000,4,13,534.9481,-85.7744,0.6215,26,0.6500,0.5714,7,5,1,4,1,9,2,0.7778
4,252.0000,4,16,944.4435,-88.3162,0.4191,6,0.1500,1.0000,8,6,6,0,0,6,6,0.0000
4,252.0000,4,17,570.2039,-86.9545,0.1655,26,0.6500,0.6667,6,5,1,0,0,5,1,0.8000
4,252.0000,4,18,612.0473,-87.7259,0.2432,28,0.7000,0.7143,7,7,4,0,0,7,4,0.4286
4,252.0000,4,20,1156.9659,-89.3929,-0.0756,4,0.1000,1.0000,6,4,4,0,0,4,4,0.0000
4,252.0000,4,21,729.6867,-87.5762,-0.2711,25,0.6250,1.0000,8,8,7,0,0,8,7,0.1250
4,252.0000,4,23,553.2478,-86.3737,0.1409,32,0.8000,0.5000,6,7,4,0,0,7,4,0.4286
4,252.0000,4,24,910.7231,-88.6936,0.2083,8,0.2000,1.0000,8,8,8,0,0,8,8,0.0000
4,252.0000,4,25,536.6941,-86.2934,0.5684,30,0.7500,0.5000,6,6,3,0,0,6,3,0.5000
4,252.0000,5,1,471.3469,-85.5225,-0.4915,35,0.8750,0.4000,5,5,1,0,0,5,1,0.8000
4,252.0000,5,2,866.3163,-88.3302,0.5308,5,0.1250,1.0000,8,8,7,0,0,8,7,0.1250
4,252.0000,5,3,585.5425,-86.1710,0.1108,32,0.8000,0.5000,6,6,3,0,0,6,3,0.5000
4,252.0000,5,4,1208.2128,-88.8513,-0.6190,4,0.1000,1.0000,8,6,6,0,0,6,6,0.0000
4,252.0000,5,8,1257.7958,-89.4778,-1.0933,3,0.0750,1.0000,42,4,4,0,0,4,4,0.0000
4,252.0000,5,10,432.1580,-83.5398,-0.8748,39,0.9750,0.0000,4,6,1,0,0,6,1,0.8333
4,252.0000,5,14,675.8301,-86.2160,-0.4144,29,0.7250,0.0000,4,7,6,0,0,7,6,0.1429
4,252.0000,5,20,271.0995,-77.7486,-1.2263,40,1.0000,0.2000,5,3,0,0,0,3,0,1.0000
4,252.0000,5,21,1037.8475,-89.3561,-0.3872,5,0.1250,1.0000,8,6,6,0,0,6,6,0.0000
4,252.0000,5,24,486.4250,-84.6787,-0.3880,35,0.8750,0.2000,5,6,3,0,0,6,3,0.5000
4,252.0000,5,25,893.2369,-88.8234,0.3701,11,0.2750,0.8571,7,6,6,0,0,6,6,0.0000
4,252.0000,6,0,370.9419,-80.6722,-1.0785,40,1.0000,0.0000,4,4,0,0,0,4,0,1.0000
4,252.0000,6,7,543.2259,-86.7276,0.2726,24,0.6000,0.5000,6,5,1,0,0,5,1,0.8000
4,252.0000,6,9,568.5233,-85.9184,-0.1247,34,0.8500,0.4000,5,7,5,0,0,7,5,0.2857
4,252.0000,6,11,829.9791,-88.0344,0.3553,8,0.2000,1.0000,42,7,6,44,44,51,50,0.0196
4,252.0000,6,13,619.7917,-86.9535,0.0424,19,0.4750,0.7143,7,7,6,36,36,43,42,0.0233
4,252.0000,6,15,857.2358,-87.9758,0.3211,7,0.1750,0.8571,7,8,8,0,0,8,8,0.0000
4,252.0000,6,17,726.2687,-88.7632,-0.3862,5,0.1250,0.6667,6,9,6,0,0,9,6,0.3333
4,252.0000,6,19,383.3693,-81.8716,-0.0433,38,0.9500,0.2857,7,4,0,3,1,7,1,0.8571
4,252.0000,6,22,319.7766,-81.5056,-0.1977,38,0.9500,0.2188,32,7,3,0,0,7,3,0.5714
4,252.0000,6,23,1082.1265,-89.3229,-0.2088,3,0.0750,,0,6,6,0,0,6,6,0.0000
4,252.0000,7,0,429.2220,-85.5756,0.2378,36,0.9000,0.7143,7,4,0,0,0,4,0,1.0000
4,252.0000,7,4,927.3723,-89.0482,-0.1950,5,0.1250,1.0000,6,8,8,0,0,8,8,0.0000
4,252.0000,7,6,543.2259,-86.7926,0.4376,31,0.7750,0.5000,4,5,1,0,0,5,1,0.8000
4,252.0000,7,9,443.4878,-85.6262,0.4256,33,0.8250,0.4000,5,4,0,0,0,4,0,1.0000
4,252.0000,7,11,381.7084,-83.3787,0.3591,35,0.8750,0.0000,4,5,3,0,0,5,3,0.4000
4,252.0000,7,12,585.5475,-86.6708,0.2818,28,0.7000,0.7143,7,6,2,0,0,6,2,0.6667
4,252.0000,7,13,552.3995,-86.5938,0.5570,27,0.6750,0.8571,7,4,0,0,0,4,0,1.0000
4,252.0000,7,15,506.9473,-85.8414,0.5165,31,0.7750,0.4000,5,6,3,0,0,6,3,0.5000
4,252.0000,7,16,543.0441,-86.0350,0.4556,30,0.7500,0.2000,5,7,4,0,0,7,4,0.4286
4,252.0000,7,17,524.6426,-85.5240,-0.0663,32,0.8000,0.7143,7,7,5,0,0,7,5,0.2857
4,252.0000,7,19,770.0945,-87.9402,0.1979,18,0.4500,0.8571,7,8,8,0,0,8,8,0.0000
4,252.0000,7,22,374.4834,-84.1168,0.2509,37,0.9250,0.4000,5,5,2,0,0,5,2,0.6000
4,252.0000,8,2,473.2909,-84.8832,0.1234,35,0.8750,0.3333,6,6,4,0,0,6,4,0.3333
4,252.0000,8,4,824.2216,-88.2712,0.3058,14,0.3500,0.8750,8,8,8,0,0,8,8,0.0000
4,252.0000,8,10,1014.3824,-89.1072,-0.5894,4,0.1000,1.0000,8,6,6,0,0,6,6,0.0000
4,252.0000,8,13,1126.2285,-88.8205,-0.3341,6,0.1500,1.0000,4,2,2,0,0,2,2,0.0000
4,252.0000,8,14,966.8535,-88.8865,0.4549,7,0.1750,1.0000,8,8,8,0,0,8,8,0.0000
4,252.0000,8,18,310.5957,-82.1157,0.5985,37,0.9250,0.0000,4,4,0,0,0,4,0,1.0000
4,252.0000,8,20,1043.3477,-88.8971,-0.1115,3,0.0750,1.0000,6,8,8,0,0,8,8,0.0000
4,252.0000,8,21,242.0040,-74.8586,-2.8170,38,0.9500,0.0000,4,4,0,0,0,4,0,1.0000
4,252.0000,8,23,497.2620,-84.8388,-0.2600,29,0.7250,0.4286,7,5,1,0,0,5,1,0.8000
4,252.0000,8,24,1052.9297,-89.3069,-0.0573,3,0.0750,1.0000,8,4,4,0,0,4,4,0.0000
4,252.0000,8,25,593.5953,-86.1120,-0.7235,27,0.6750,0.7143,7,8,5,0,0,8,5,0.3750
4,252.0000,9,0,231.8449,-79.9694,1.1328,38,0.9500,0.0000,4,4,0,0,0,4,0,1.0000
4,252.0000,9,6,568.5233,-86.0090,-0.6556,27,0.6750,0.0000,4,5,2,0,0,5,2,0.6000
4,252.0000,9,7,443.4878,-85.6237,0.6232,32,0.8000,0.2000,5,5,1,0,0,5,1,0.8000
4,252.0000,9,11,816.6025,-88.3605,0.2009,6,0.1500,0.8571,7,7,6,0,0,7,6,0.1429
4,252.0000,9,13,922.0650,-89.0267,0.5639,7,0.1750,0.9000,10,5,4,0,0,5,4,0.2000
4,252.0000,9,15,439.7009,-85.0887,-0.0560,34,0.8500,0.5000,6,5,1,0,0,5,1,0.8000
4,252.0000,9,16,848.3489,-88.7995,-0.4386,7,0.1750,0.8750,8,8,7,0,0,8,7,0.1250
4,252.0000,9,17,908.8709,-88.9197,-0.0940,7,0.1750,1.0000,8,8,8,0,0,8,8,0.0000
4,252.0000,9,19,649.2298,-86.9317,-0.1564,31,0.7750,0.2000,5,6,6,0,0,6,6,0.0000
4,252.0000,9,22,400.6881,-82.9555,-0.5283,37,0.9250,0.0000,4,5,1,0,0,5,1,0.8000
4,252.0000,10,1,202.1329,-76.4530,-0.0032,40,1.0000,0.2000,5,4,0,0,0,4,0,1.0000
4,252.0000,10,2,659.0442,-87.7199,0.1318,18,0.4500,1.0000,8,7,5,0,0,7,5,0.2857
4,252.0000,10,3,257.1601,-82.2118,1.3121,39,0.9750,0.5070,71,4,0,52,13,56,13,0.7679
4,252.0000,10,5,432.1580,-83.6336,-0.5975,37,0.9250,0.1379,29,6,3,0,0,6,3,0.5000
4,252.0000,10,14,574.8001,-86.1724,0.2677,29,0.7250,0.7143,7,7,3,0,0,7,3,0.5714
4,252.0000,10,20,277.2197,-80.6294,-0.1529,40,1.0000,0.0000,4,4,0,0,0,4,0,1.0000
4,252.0000,10,21,793.0436,-88.6125,0.1228,13,0.3250,1.0000,8,8,8,0,0,8,8,0.0000
4,252.0000,10,24,412.3457,-82.0366,-0.8307,40,1.0000,0.0000,4,7,3,0,0,7,3,0.5714
4,252.0000,10,25,863.4193,-88.4703,-0.1971,10,0.2500,1.0000,8,8,8,0,0,8,8,0.0000
4,252.0000,11,0,798.9741,-88.5811,0.4335,14,0.3500,1.0000,8,8,8,34,34,42,42,0.0000
4,252.0000,11,4,636.5380,-87.2381,0.2560,24,0.6000,0.8571,7,8,8,0,0,8,8,0.0000
4,252.0000,11,6,829.9791,-88.6284,-0.5613,7,0.1750,0.8571,7,8,7,42,41,50,48,0.0400
4,252.0000,11,7,381.7084,-83.6722,0.2160,36,0.9000,0.2000,5,4,0,0,0,4,0,1.0000
4,252.0000,11,9,816.6025,-88.6116,0.1701,13,0.3250,0.8750,8,7,5,0,0,7,5,0.2857
4,252.0000,11,12,219.3979,-77.7536,-0.4775,38,0.9500,0.0000,4,4,0,0,0,4,0,1.0000
4,252.0000,11,13,484.1284,-85.8609,0.5156,33,0.8250,0.7857,14,5,1,0,0,5,1,0.8000
4,252.0000,11,15,753.3154,-88.0658,0.4398,13,0.3250,0.8571,7,7,5,0,0,7,5,0.2857
4,252.0000,11,16,421.1244,-84.8856,0.1526,35,0.8750,0.0000,4,6,3,0,0,6,3,0.5000
4,252.0000,11,17,425.7794,-83.7901,-0.0616,35,0.8750,0.6667,36,4,0,3,2,7,2,0.7143
4,252.0000,11,19,1085.1856,-88.6608,0.3507,3,0.0750,1.0000,4,8,8,0,0,8,8,0.0000
4,252.0000,11,22,702.4317,-88.1667,-0.0708,15,0.3750,0.9787,47,6,3,0,0,6,3,0.5000
4,252.0000,11,23,1029.3817,-89.6984,-0.1565,3,0.0750,1.0000,4,8,8,0,0,8,8,0.0000
4,252.0000,12,0,990.4070,-89.1795,0.0930,4,0.1000,1.0000,6,6,6,0,0,6,6,0.0000
4,252.0000,12,4,444.3158,-84.5265,-0.2203,33,0.8250,0.0000,4,6,2,0,0,6,2,0.6667
4,252.0000,12,7,585.5475,-87.0418,0.2365,25,0.6250,0.6667,6,7,5,0,0,7,5,0.2857
4,252.0000,12,9,1027.2811,-89.7619,0.0287,3,0.0750,,0,8,8,0,0,8,8,0.0000
4,252.0000,12,11,219.3979,-77.2625,-0.1920,37,0.9250,0.0000,3,5,0,0,0,5,0,1.0000
4,252.0000,12,13,486.6224,-85.8695,0.4593,31,0.7750,0.6667,6,5,1,0,0,5,1,0.8000
4,252.0000,12,15,953.0837,-88.9709,-0.3032,3,0.0750,1.0000,4,7,6,0,0,7,6,0.1429
4,252.0000,12,16,538.5091,-85.9941,-0.1270,29,0.7250,0.2000,5,5,2,0,0,5,2,0.6000
4,252.0000,12,17,431.2953,-84.5569,-0.1790,29,0.7250,0.2000,5,4,0,0,0,4,0,1.0000
4,252.0000,12,18,1031.6379,-89.1193,0.2141,3,0.0750,1.0000,6,6,6,0,0,6,6,0.0000
4,252.0000,12,21,1168.6166,-89.1751,-1.6578,3,0.0750,1.0000,4,4,4,0,0,4,4,0.0000
4,252.0000,12,22,867.7401,-88.5440,0.0485,8,0.2000,1.0000,8,6,4,0,0,6,4,0.3333
4,252.0000,12,23,909.0661,-88.1619,0.0290,9,0.2250,1.0000,8,8,8,0,0,8,8,0.0000
4,252.0000,12,25,945.3471,-89.1323,0.0299,5,0.1250,1.0000,6,8,8,0,0,8,8,0.0000
4,252.0000,13,0,780.2900,-88.2056,0.2019,19,0.4750,0.7500,8,8,8,0,0,8,8,0.0000
4,252.0000,13,4,534.9481,-86.6072,0.4500,27,0.6750,0.0000,4,6,3,0,0,6,3,0.5000
4,252.0000,13,6,619.7917,-87.2866,0.5196,18,0.4500,1.0000,10,8,6,0,0,8,6,0.2500
4,252.0000,13,7,552.3995,-87.3348,0.0562,27,0.6750,0.5000,6,5,1,0,0,5,1,0.8000
4,252.0000,13,9,922.0650,-88.4099,0.6867,7,0.1750,1.0000,4,8,8,0,0,8,8,0.0000
4,252.0000,13,11,484.1284,-85.8293,-0.4452,32,0.8000,0.0000,4,5,2,0,0,5,2,0.6000
4,252.0000,13,12,486.6224,-86.2457,-0.0034,24,0.6000,0.6667,6,5,2,0,0,5,2,0.6000
4,252.0000,13,16,873.5240,-88.6624,-0.5008,6,0.1500,1.0000,6,8,8,0,0,8,8,0.0000
4,252.0000,13,17,461.5569,-85.8658,0.5883,32,0.8000,0.3333,6,5,2,1,0,6,2,0.6667
4,252.0000,13,18,854.7856,-87.6263,-0.3435,11,0.2750,1.0000,8,8,8,0,0,8,8,0.0000
4,252.0000,13,19,950.1836,-88.9639,0.4234,9,0.2250,1.0000,8,6,6,0,0,6,6,0.0000
4,252.0000,13,22,690.4826,-88.4154,-0.7380,13,0.3250,0.7143,7,6,3,0,0,6,3,0.5000
4,252.0000,13,23,656.0067,-87.0187,-0.1723,26,0.6500,0.8750,8,7,5,0,0,7,5,0.2857
4,252.0000,13,25,933.7653,-88.7280,-0.0460,9,0.2250,0.8750,8,8,8,0,0,8,8,0.0000
4,252.0000,14,1,774.6683,-87.7105,0.1819,12,0.3000,0.8571,7,8,8,0,0,8,8,0.0000
4,252.0000,14,2,497.5765,-85.2871,0.3967,24,0.6000,0.6667,6,7,4,0,0,7,4,0.4286
4,252.0000,14,3,418.7756,-82.0289,-0.0747,33,0.8250,0.0000,4,4,0,0,0,4,0,1.0000
4,252.0000,14,5,675.8301,-86.6380,-1.0833,25,0.6250,0.0000,4,7,6,0,0,7,6,0.1429
4,252.0000,14,8,966.8535,-88.7397,-0.4684,6,0.1500,1.0000,8,8,8,0,0,8,8,0.0000
4,252.0000,14,10,574.8001,-86.5498,-0.4113,30,0.7500,0.6667,6,7,5,0,0,7,5,0.2857
4,252.0000,14,20,435.1032,-83.2381,-0.3544,31,0.7750,0.2000,5,5,2,0,0,5,2,0.6000
4,252.0000,14,21,837.4683,-88.1725,0.0260,5,0.1250,1.0000,8,8,8,0,0,8,8,0.0000
4,252.0000,14,24,893.2897,-87.9137,-0.1832,8,0.2000,0.8750,8,6,6,0,0,6,6,0.0000
4,252.0000,14,25,846.0913,-88.2660,-0.0284,10,0.2500,1.0000,8,8,8,0,0,8,8,0.0000
4,252.0000,15,0,628.6258,-86.6882,0.6135,12,0.3000,1.0000,8,4,0,0,0,4,0,1.0000
4,252.0000,15,6,857.2358,-88.3532,-0.2876,7,0.1750,0.8750,8,8,8,0,0,8,8,0.0000
4,252.0000,15,7,506.9473,-85.4202,0.6973,24,0.6000,0.2000,5,5,2,0,0,5,2,0.6000
4,252.0000,15,9,439.7009,-85.5333,0.5068,29,0.7250,0.2000,5,6,3,0,0,6,3,0.5000
4,252.0000,15,11,753.3154,-88.1201,-0.3238,7,0.1750,0.8750,8,7,5,0,0,7,5,0.2857
4,252.0000,15,13,1043.0471,-88.8907,1.5591,3,0.0750,1.0000,4,8,8,0,0,8,8,0.0000
4,252.0000,15,16,562.7719,-86.4670,0.1263,18,0.4500,0.5000,6,5,1,0,0,5,1,0.8000
4,252.0000,15,17,843.1284,-88.4422,-0.0469,8,0.2000,1.0000,8,7,5,0,0,7,5,0.2857
4,252.0000,15,19,870.9238,-88.3696,-0.7648,10,0.2500,0.8571,7,8,8,0,0,8,8,0.0000
4,252.0000,15,22,560.0722,-86.5122,0.2836,24,0.6000,0.5000,6,4,0,0,0,4,0,1.0000
4,252.0000,16,0,936.4603,-89.4433,0.1240,5,0.1250,1.0000,8,8,8,0,0,8,8,0.0000
4,252.0000,16,4,944.4435,-88.8881,-0.2586,3,0.0750,0.8750,8,8,8,0,0,8,8,0.0000
4,252.0000,16,7,543.0441,-85.8329,0.1306,30,0.7500,0.6667,6,7,6,0,0,7,6,0.1429
4,252.0000,16,9,848.3489,-88.9273,0.1075,7,0.1750,1.0000,4,8,7,0,0,8,7,0.1250
4,252.0000,16,11,421.1244,-84.3762,0.5212,39,0.9750,0.2000,5,4,0,0,0,4,0,1.0000
4,252.0000,16,12,538.5091,-85.8959,0.1003,34,0.8500,0.5714,7,8,7,0,0,8,7,0.1250
4,252.0000,16,13,873.5240,-89.1701,0.0420,7,0.1750,1.0000,6,8,7,0,0,8,7,0.1250
4,252.0000,16,15,562.7719,-87.4110,0.2854,24,0.6000,0.4000,5,4,0,0,0,4,0,1.0000
4,252.0000,16,17,608.5412,-86.3859,0.0699,31,0.7750,0.6667,6,6,3,0,0,6,3,0.5000
4,252.0000,16,22,799.7276,-88.8254,0.1730,8,0.2000,0.8571,7,7,6,0,0,7,6,0.1429
4,252.0000,17,0,855.3478,-87.7490,-0.7008,12,0.3000,0.8571,7,8,8,0,0,8,8,0.0000
4,252.0000,17,4,570.2039,-86.9301,-0.3642,23,0.5750,0.0000,4,6,3,0,0,6,3,0.5000
4,252.0000,17,6,726.2687,-88.0195,0.2933,17,0.4250,0.7143,7,6,4,0,0,6,4,0.3333
4,252.0000,17,7,524.6426,-85.5511,-0.3019,33,0.8250,0.0000,4,6,4,0,0,6,4,0.3333
4,252.0000,17,9,908.8709,-88.7669,-0.0784,7,0.1750,1.0000,8,8,8,0,0,8,8,0.0000
4,252.0000,17,11,425.7794,-83.0931,-1.0664,38,0.9500,0.4000,5,4,0,0,0,4,0,1.0000
4,252.0000,17,12,431.2953,-83.4761,-0.3247,33,0.8250,0.5000,6,5,2,0,0,5,2,0.6000
4,252.0000,17,13,461.5569,-85.6187,0.4787,27,0.6750,0.6667,6,7,3,0,0,7,3,0.5714
4,252.0000,17,15,843.1284,-88.5807,-0.5464,13,0.3250,0.8750,8,8,8,0,0,8,8,0.0000
4,252.0000,17,16,608.5412,-86.3807,0.0001,28,0.7000,0.4000,5,6,4,0,0,6,4,0.3333
4,252.0000,17,19,899.7825,-88.2478,-0.0815,11,0.2750,1.0000,30,8,8,4,4,12,12,0.0000
4,252.0000,17,22,607.9687,-87.0106,-0.4016,22,0.5500,1.0000,8,7,5,0,0,7,5,0.2857
4,252.0000,17,23,805.5978,-87.9128,-0.5787,7,0.1750,1.0000,6,6,3,0,0,6,3,0.5000
4,252.0000,18,2,589.5624,-86.2181,0.3230,27,0.6750,0.8750,8,4,0,0,0,4,0,1.0000
4,252.0000,18,4,612.0473,-85.5629,0.3270,21,0.5250,0.7143,7,8,7,0,0,8,7,0.1250
4,252.0000,18,8,310.5957,-82.2340,0.7712,36,0.9000,0.0000,4,4,0,0,0,4,0,1.0000
4,252.0000,18,11,1186.3738,-88.8030,-0.3081,3,0.0750,1.0000,8,4,4,0,0,4,4,0.0000
4,252.0000,18,13,854.7856,-88.3574,0.0842,16,0.4000,1.0000,8,8,8,0,0,8,8,0.0000
4,252.0000,18,21,387.5718,-83.3680,-0.2496,33,0.8250,0.3333,6,6,4,0,0,6,4,0.3333
4,252.0000,18,23,261.7373,-76.6684,-1.5301,39,0.9750,0.0000,4,4,0,0,0,4,0,1.0000
4,252.0000,18,25,428.7401,-84.9810,-0.0264,32,0.8000,0.2000,5,5,1,0,0,5,1,0.8000
4,252.0000,19,0,549.1259,-85.1141,-0.4848,34,0.8500,0.5000,6,6,3,0,0,6,3,0.5000
4,252.0000,19,6,383.3693,-82.6802,-0.5513,37,0.9250,0.0000,4,6,3,0,0,6,3,0.5000
4,252.0000,19,7,770.0945,-87.9079,-0.4938,19,0.4750,0.6667,6,8,8,0,0,8,8,0.0000
4,252.0000,19,9,649.2298,-86.4356,0.1307,31,0.7750,0.5000,6,8,7,0,0,8,7,0.1250
4,252.0000,19,13,950.1836,-88.4311,0.2525,8,0.2000,0.8750,8,8,8,0,0,8,8,0.0000
4,252.0000,19,15,870.9238,-88.5538,-0.1389,10,0.2500,1.0000,8,6,6,0,0,6,6,0.0000
4,252.0000,19,17,899.7825,-87.7575,-0.2025,14,0.3500,1.0000,8,8,8,0,0,8,8,0.0000
4,252.0000,19,22,402.3131,-82.1029,-0.9814,35,0.8750,0.0000,4,5,1,0,0,5,1,0.8000
4,252.0000,20,1,423.8700,-83.5455,0.3296,38,0.9500,0.0000,4,5,1,0,0,5,1,0.8000
4,252.0000,20,2,622.8772,-87.4824,0.1946,21,0.5250,0.6667,6,5,1,0,0,5,1,0.8000
4,252.0000,20,3,360.3810,-84.5763,0.3518,39,0.9750,0.2000,5,5,0,0,0,5,0,1.0000
4,252.0000,20,5,271.0995,-77.5796,-0.7993,40,1.0000,0.0000,4,4,0,0,0,4,0,1.0000
4,252.0000,20,10,277.2197,-80.9832,-0.0792,40,1.0000,0.0000,4,4,0,0,0,4,0,1.0000
4,252.0000,20,14,435.1032,-83.8216,0.5743,37,0.9250,0.3333,6,4,0,0,0,4,0,1.0000
4,252.0000,20,21,835.7648,-88.3186,-0.1054,14,0.3500,1.0000,8,8,7,0,0,8,7,0.1250
4,252.0000,20,24,505.4149,-84.4504,-1.1125,36,0.9000,0.2000,5,7,4,0,0,7,4,0.4286
4,252.0000,20,25,770.6205,-88.4987,-0.0979,12,0.3000,0.9310,87,8,7,80,79,88,86,0.0227
4,252.0000,21,1,869.8216,-88.6239,-0.2017,5,0.1250,0.8571,7,8,8,0,0,8,8,0.0000
4,252.0000,21,2,358.7669,-83.8432,0.2503,36,0.9000,0.0000,4,4,0,0,0,4,0,1.0000
4,252.0000,21,3,822.8912,-88.6183,0.1920,9,0.2250,1.0000,8,7,6,0,0,7,6,0.1429
4,252.0000,21,4,729.6867,-87.1064,0.2962,25,0.6250,0.9487,39,8,8,80,78,88,86,0.0227
4,252.0000,21,5,1037.8475,-88.7389,-0.3418,4,0.1000,1.0000,8,4,4,0,0,4,4,0.0000
4,252.0000,21,8,242.0040,-73.9628,-2.9745,38,0.9500,0.0000,4,4,0,0,0,4,0,1.0000
4,252.0000,21,10,793.0436,-87.8234,0.2061,11,0.2750,0.8750,8,7,6,0,0,7,6,0.1429
4,252.0000,21,13,1133.0180,-89.7600,-0.0643,5,0.1250,1.0000,8,2,2,0,0,2,2,0.0000
4,252.0000,21,14,837.4683,-89.3001,0.4081,10,0.2500,1.0000,8,8,8,0,0,8,8,0.0000
4,252.0000,21,18,387.5718,-83.8639,0.2014,36,0.9000,0.4286,7,4,0,0,0,4,0,1.0000
4,252.0000,21,20,835.7648,-88.6534,0.2267,11,0.2750,1.0000,8,7,6,0,0,7,6,0.1429
4,252.0000,21,23,588.7408,-85.2303,-0.3970,35,0.8750,0.6250,8,7,6,0,0,7,6,0.1429
4,252.0000,21,24,811.2838,-88.1177,-0.1115,12,0.3000,0.8750,8,8,7,0,0,8,7,0.1250
4,252.0000,21,25,472.5585,-84.9548,-0.3252,35,0.8750,0.2500,4,5,2,0,0,5,2,0.6000
4,252.0000,22,0,337.4577,-82.2709,-0.3399,38,0.9744,0.1667,6,4,0,0,0,4,0,1.0000
4,252.0000,22,6,319.7766,-81.6923,-0.1341,39,1.0000,0.0000,4,4,0,0,0,4,0,1.0000
4,252.0000,22,7,374.4834,-84.2321,-0.0625,32,0.8205,0.3333,6,6,3,0,0,6,3,0.5000
4,252.0000,22,9,400.6881,-83.0913,-0.1794,39,1.0000,0.0000,4,5,2,0,0,5,2,0.6000
4,252.0000,22,11,702.4317,-87.1251,0.1628,16,0.4103,0.8571,7,7,5,0,0,7,5,0.2857
4,252.0000,22,12,867.7401,-89.0096,-0.4872,7,0.1795,0.8750,8,8,8,0,0,8,8,0.0000
4,252.0000,22,13,690.4826,-88.1483,0.5694,12,0.3077,0.8750,8,6,4,0,0,6,4,0.3333
4,252.0000,22,15,560.0722,-86.4709,0.2928,35,0.8974,0.2000,5,7,4,0,0,7,4,0.4286
4,252.0000,22,16,799.7276,-88.6735,-0.4626,19,0.4872,1.0000,8,8,7,0,0,8,7,0.1250
4,252.0000,22,17,607.9687,-86.9327,0.0743,24,0.6154,0.8200,50,7,3,0,0,7,3,0.5714
4,252.0000,22,19,402.3131,-81.2523,-0.8321,38,0.9744,0.0000,7,6,2,0,0,6,2,0.6667
4,252.0000,23,2,844.7697,-88.1172,-0.7174,13,0.3250,1.0000,8,8,8,0,0,8,8,0.0000
4,252.0000,23,4,553.2478,-85.5928,-0.1920,29,0.7250,0.3333,6,6,4,0,0,6,4,0.3333
4,252.0000,23,8,497.2620,-85.5496,-0.3456,36,0.9000,0.5714,7,7,4,0,0,7,4,0.4286
4,252.0000,23,12,909.0661,-88.3674,-0.0915,8,0.2000,1.0000,8,8,8,0,0,8,8,0.0000
4,252.0000,23,13,656.0067,-87.2299,-0.1527,26,0.6500,0.8750,8,6,2,0,0,6,2,0.6667
4,252.0000,23,17,805.5978,-89.1773,0.1800,7,0.1750,1.0000,2,8,8,0,0,8,8,0.0000
4,252.0000,23,18,261.7373,-76.6090,-1.9156,37,0.9250,0.0000,4,4,0,0,0,4,0,1.0000
4,252.0000,23,21,588.7408,-85.9197,-0.5414,33,0.8250,0.4000,5,7,6,0,0,7,6,0.1429
4,252.0000,23,25,605.0779,-87.1402,-0.1260,31,0.7750,0.6667,6,4,0,0,0,4,0,1.0000
4,252.0000,24,1,296.9459,-77.9154,-1.9194,40,1.0000,0.0000,4,4,0,0,0,4,0,1.0000
4,252.0000,24,2,819.6818,-88.6292,-0.3824,15,0.3750,0.8571,7,7,6,0,0,7,6,0.1429
4,252.0000,24,3,663.9369,-87.9258,-0.2143,20,0.5000,0.5000,6,5,4,0,0,5,4,0.2000
4,252.0000,24,4,910.7231,-88.9070,-0.1332,9,0.2250,1.0000,8,8,8,0,0,8,8,0.0000
4,252.0000,24,5,486.4250,-84.6758,-0.4407,34,0.8500,0.0000,4,7,4,0,0,7,4,0.4286
4,252.0000,24,8,1052.9297,-88.9968,-0.4083,9,0.2250,1.0000,8,2,2,0,0,2,2,0.0000
4,252.0000,24,10,412.3457,-81.9457,-1.2620,38,0.9500,0.0000,4,5,1,0,0,5,1,0.8000
4,252.0000,24,14,893.2897,-87.9909,-0.1342,16,0.4000,0.8571,7,8,8,0,0,8,8,0.0000
4,252.0000,24,20,505.4149,-84.3523,-0.4273,35,0.8750,0.6667,6,7,5,0,0,7,5,0.2857
4,252.0000,24,21,811.2838,-87.6394,-0.0551,6,0.1500,0.8571,7,8,8,0,0,8,8,0.0000
4,252.0000,24,25,778.0568,-87.3881,0.8133,10,0.2500,1.0000,6,7,4,0,0,7,4,0.4286
4,252.0000,25,1,936.5184,-88.9559,-0.0022,6,0.1500,1.0000,8,8,8,0,0,8,8,0.0000
4,252.0000,25,2,503.7505,-84.6381,-0.5556,33,0.8250,0.7143,7,6,3,0,0,6,3,0.5000
4,252.0000,25,3,948.8864,-88.6518,-0.3053,5,0.1250,1.0000,6,8,8,0,0,8,8,0.0000
4,252.0000,25,4,536.6941,-85.6475,0.1702,28,0.7000,0.4000,5,5,2,0,0,5,2,0.6000
4,252.0000,25,5,893.2369,-89.0692,-0.4405,9,0.2250,0.8750,8,8,8,0,0,8,8,0.0000
4,252.0000,25,8,593.5953,-86.4888,-0.7087,31,0.7750,0.7500,8,5,2,0,0,5,2,0.6000
4,252.0000,25,10,863.4193,-88.8129,-0.1854,11,0.2750,1.0000,8,7,5,0,0,7,5,0.2857
4,252.0000,25,11,1139.0176,-88.8994,0.0963,4,0.1000,1.0000,2,4,4,0,0,4,4,0.0000
4,252.0000,25,12,945.3471,-89.1307,0.0886,6,0.1500,1.0000,8,8,8,0,0,8,8,0.0000
4,252.0000,25,13,933.7653,-88.9566,0.1238,3,0.0750,1.0000,8,8,8,0,0,8,8,0.0000
4,252.0000,25,14,846.0913,-88.2205,0.2292,9,0.2250,0.8571,7,7,5,0,0,7,5,0.2857
4,252.0000,25,18,428.7401,-84.2080,-0.1269,30,0.7500,0.3333,6,4,0,0,0,4,0,1.0000
4,252.0000,25,20,770.6205,-88.0654,0.0069,12,0.3000,0.7143,7,8,8,0,0,8,8,0.0000
4,252.0000,25,21,472.5585,-84.2796,-0.0941,32,0.8000,0.0000,4,6,2,0,0,6,2,0.6667
4,252.0000,25,23,605.0779,-87.0208,-0.2832,24,0.6000,0.8571,7,5,2,0,0,5,2,0.6000
4,252.0000,25,24,778.0568,-87.3134,-0.2848,10,0.2500,0.8571,7,7,5,0,0,7,5,0.2857
4,256.0000,0,6,520.8655,-83.8997,-0.2675,28,0.7000,0.0000,4,7,6,0,0,7,6,0.1429
4,256.0000,0,7,352.3265,-83.0136,0.2181,34,0.8500,0.0000,4,5,2,0,0,5,2,0.6000
4,256.0000,0,9,185.8491,-77.5026,0.0963,38,0.9500,0.0000,4,4,0,0,0,4,0,1.0000
4,256.0000,0,11,705.7174,-87.8461,-0.3112,16,0.4000,0.6667,6,6,4,0,0,6,4,0.3333
4,256.0000,0,12,937.5394,-89.2808,0.3302,7,0.1750,1.0000,8,7,6,0,0,7,6,0.1429
4,256.0000,0,13,783.2641,-88.0299,0.4456,11,0.2750,0.8571,7,7,5,0,0,7,5,0.2857
4,256.0000,0,15,562.7952,-87.0265,0.5085,27,0.6750,0.3333,6,7,6,0,0,7,6,0.1429
4,256.0000,0,16,835.3073,-89.1073,-0.0695,8,0.2000,0.8571,7,8,8,0,0,8,8,0.0000
4,256.0000,0,17,892.4850,-89.1094,0.0072,6,0.1500,0.8750,8,8,8,0,0,8,8,0.0000
4,256.0000,0,19,676.4862,-86.7683,-0.1997,24,0.6000,0.8889,9,5,3,0,0,5,3,0.4000
4,256.0000,0,22,400.0550,-83.4235,-0.0846,31,0.7750,0.0000,4,7,2,0,0,7,2,0.7143
4,256.0000,1,2,721.1454,-88.5171,0.3834,20,0.5000,1.0000,8,6,4,0,0,6,4,0.3333
4,256.0000,1,3,308.3852,-83.9945,0.4834,37,0.9250,0.2000,5,4,0,0,0,4,0,1.0000
4,256.0000,1,5,477.7113,-84.5126,-0.4724,36,0.9000,0.2000,5,4,0,0,0,4,0,1.0000
4,256.0000,1,10,222.4886,-77.9336,-0.5152,39,0.9750,0.0000,3,4,0,0,0,4,0,1.0000
4,256.0000,1,14,830.5162,-88.4870,-0.2181,14,0.3500,0.6667,6,8,7,0,0,8,7,0.1250
4,256.0000,1,20,434.4534,-84.9904,-0.2268,34,0.8500,0.2000,5,4,0,0,0,4,0,1.0000
4,256.0000,1,21,807.9184,-88.3138,0.1508,13,0.3250,0.8889,9,9,9,0,0,9,9,0.0000
4,256.0000,1,24,453.7835,-83.3472,-1.1297,40,1.0000,0.0000,4,7,3,0,0,7,3,0.5714
4,256.0000,1,25,1002.8793,-88.6040,0.0880,4,0.1000,1.0000,8,6,6,0,0,6,6,0.0000
4,256.0000,2,1,721.1454,-88.4109,0.3323,15,0.3750,0.8571,7,7,3,0,0,7,3,0.5714
4,256.0000,2,3,502.5829,-85.2511,0.6994,32,0.8000,0.2000,5,6,3,0,0,6,3,0.5000
4,256.0000,2,5,834.6095,-88.6991,0.2060,7,0.1750,1.0000,8,7,6,0,0,7,6,0.1429
4,256.0000,2,8,578.9188,-86.5392,-0.4648,26,0.6500,0.7143,7,7,4,23,11,30,15,0.5000
4,256.0000,2,10,566.7934,-86.7404,0.3790,23,0.5750,0.6667,6,7,6,0,0,7,6,0.1429
4,256.0000,2,14,517.7625,-86.3092,-0.0519,30,0.7500,0.0000,4,5,2,0,0,5,2,0.6000
4,256.0000,2,18,525.4777,-86.7667,0.5647,27,0.6750,0.5000,6,4,0,0,0,4,0,1.0000
4,256.0000,2,20,541.8237,-86.2150,0.5937,23,0.5750,0.3333,6,4,0,0,0,4,0,1.0000
4,256.0000,2,21,281.4686,-81.9254,0.2580,34,0.8500,0.0000,4,4,0,0,0,4,0,1.0000
4,256.0000,2,23,922.4559,-88.6700,-0.2470,9,0.2250,1.0000,8,8,8,0,0,8,8,0.0000
4,256.0000,2,24,772.3405,-88.0736,-0.0304,14,0.3500,0.7143,7,8,8,0,0,8,8,0.0000
4,256.0000,2,25,541.3052,-85.9547,0.5877,33,0.8250,0.6667,6,6,4,0,0,6,4,0.3333
4,256.0000,3,1,308.3852,-82.9840,0.5978,37,0.9250,0.0000,4,4,0,0,0,4,0,1.0000
4,256.0000,3,2,502.5829,-86.4041,0.3905,24,0.6000,0.8571,7,6,2,21,7,27,9,0.6667
4,256.0000,3,5,542.7266,-85.9225,0.1666,32,0.8000,0.6667,6,6,3,0,0,6,3,0.5000
4,256.0000,3,8,1024.2637,-89.3111,0.6439,3,0.0750,1.0000,8,4,4,0,0,4,4,0.0000
4,256.0000,3,10,94.1427,-75.2346,2.5923,39,0.9750,0.0000,4,4,0,0,0,4,0,1.0000
4,256.0000,3,14,538.6305,-84.9470,0.0021,35,0.8750,0.3333,6,7,4,0,0,7,4,0.4286
4,256.0000,3,18,1005.8352,-89.4039,0.2642,4,0.1000,1.0000,4,8,8,0,0,8,8,0.0000
4,256.0000,3,20,284.4734,-81.3157,0.7401,37,0.9250,0.0000,4,5,1,0,0,5,1,0.8000
4,256.0000,3,21,656.4281,-87.2873,0.4248,19,0.4750,1.0000,8,4,0,0,0,4,0,1.0000
4,256.0000,3,24,640.3168,-87.4264,-0.6272,21,0.5250,0.8750,8,5,1,0,0,5,1,0.8000
4,256.0000,3,25,917.6058,-88.9385,0.6298,4,0.1000,1.0000,8,8,7,0,0,8,7,0.1250
4,256.0000,4,2,993.7229,-88.9835,0.1058,9,0.2250,1.0000,2,6,6,0,0,6,6,0.0000
4,256.0000,4,7,869.4164,-88.7176,-0.3411,11,0.2750,1.0000,8,7,6,0,0,7,6,0.1429
4,256.0000,4,8,973.5405,-88.6884,-0.7718,6,0.1500,0.8750,8,8,8,0,0,8,8,0.0000
4,256.0000,4,11,645.6183,-87.2736,-0.3812,26,0.6500,0.8571,7,7,6,0,0,7,6,0.1429
4,256.0000,4,12,431.9886,-84.1643,-0.3490,32,0.8000,0.2000,5,5,1,0,0,5,1,0.8000
4,256.0000,4,13,455.7091,-85.3098,-0.1706,26,0.6500,0.2222,9,5,2,0,0,5,2,0.6000
4,256.0000,4,17,476.3965,-85.7191,0.6887,28,0.7000,0.2000,5,4,0,0,0,4,0,1.0000
4,256.0000,4,18,706.6219,-87.5996,-0.1294,17,0.4250,0.5714,7,8,7,0,0,8,7,0.1250
4,256.0000,4,21,854.7127,-88.2225,-0.6257,15,0.3750,0.8750,8,8,8,0,0,8,8,0.0000
4,256.0000,4,22,959.1851,-89.5906,0.2005,3,0.0750,1.0000,8,7,6,0,0,7,6,0.1429
4,256.0000,4,23,585.0303,-86.3055,-0.1220,27,0.6750,0.5714,7,5,1,0,0,5,1,0.8000
4,256.0000,4,24,927.5984,-88.8795,-0.1300,11,0.2750,1.0000,8,8,8,0,0,8,8,0.0000
4,256.0000,4,25,530.3513,-86.0516,-0.1429,24,0.6000,0.5000,6,5,2,0,0,5,2,0.6000
4,256.0000,5,1,477.7113,-84.4633,0.2767,34,0.8500,0.2000,5,6,3,0,0,6,3,0.5000
4,256.0000,5,2,834.6095,-88.1931,-0.1757,7,0.1750,0.8750,8,7,5,0,0,7,5,0.2857
4,256.0000,5,3,542.7266,-87.0161,0.2320,26,0.6500,0.5000,6,7,4,0,0,7,4,0.4286
4,256.0000,5,10,477.9404,-84.8396,-0.0507,31,0.7750,0.1667,6,5,1,0,0,5,1,0.8000
4,256.0000,5,14,799.0611,-88.0909,0.4381,14,0.3500,0.8571,7,8,8,0,0,8,8,0.0000
4,256.0000,5,20,344.5324,-82.1723,-1.0177,34,0.8500,0.0000,3,4,0,0,0,4,0,1.0000
4,256.0000,5,24,591.9525,-85.7222,-0.9763,30,0.7500,0.5000,6,7,4,0,0,7,4,0.4286
4,256.0000,5,25,998.3036,-88.6780,-0.2398,6,0.1500,1.0000,6,4,4,0,0,4,4,0.0000
4,256.0000,6,0,520.8655,-84.4786,-0.3613,36,0.9000,0.0000,4,6,3,0,0,6,3,0.5000
4,256.0000,6,7,481.5525,-84.9546,0.6403,32,0.8000,0.2000,5,5,2,0,0,5,2,0.6000
4,256.0000,6,9,659.2206,-86.6776,0.0502,27,0.6750,0.7143,7,8,8,0,0,8,8,0.0000
4,256.0000,6,11,784.2625,-88.4418,-0.1530,16,0.4000,0.9804,51,8,8,0,0,8,8,0.0000
4,256.0000,6,12,911.1722,-88.9612,-0.3725,11,0.2750,1.0000,8,8,8,0,0,8,8,0.0000
4,256.0000,6,13,583.2834,-86.6150,-0.0587,26,0.6500,0.9767,43,6,3,6,6,12,9,0.2500
4,256.0000,6,15,885.7465,-88.3942,-0.4072,11,0.2750,1.0000,8,8,7,0,0,8,7,0.1250
4,256.0000,6,16,1040.8536,-89.7957,0.0189,4,0.1000,1.0000,4,4,4,74,74,78,78,0.0000
4,256.0000,6,17,653.1552,-87.5015,0.2453,22,0.5500,0.6667,9,6,3,0,0,6,3,0.5000
4,256.0000,6,19,491.1075,-84.5851,-0.1823,35,0.8750,0.1429,7,5,1,0,0,5,1,0.8000
4,256.0000,6,22,354.2053,-82.0425,-0.4655,35,0.8750,0.4286,7,4,0,0,0,4,0,1.0000
4,256.0000,6,23,949.5092,-89.1418,0.3171,5,0.1250,1.0000,6,8,8,0,0,8,8,0.0000
4,256.0000,7,0,352.3265,-83.6277,0.4716,36,0.9000,0.0000,4,5,1,0,0,5,1,0.8000
4,256.0000,7,4,869.4164,-88.8828,0.3056,7,0.1750,1.0000,8,8,8,0,0,8,8,0.0000
4,256.0000,7,6,481.5525,-85.1987,0.3433,32,0.8000,0.2000,5,5,1,0,0,5,1,0.8000
4,256.0000,7,9,359.8644,-83.3988,0.0539,38,0.9500,0.0000,4,4,0,0,0,4,0,1.0000
4,256.0000,7,11,377.3935,-83.9968,0.0758,36,0.9000,0.6000,5,4,0,0,0,4,0,1.0000
4,256.0000,7,12,593.6305,-86.1719,0.1691,27,0.6750,0.3333,6,5,1,0,0,5,1,0.8000
4,256.0000,7,13,480.7871,-85.4447,-0.1572,28,0.7000,0.0000,4,4,0,0,0,4,0,1.0000
4,256.0000,7,15,489.9712,-85.7255,0.2357,34,0.8500,0.5000,6,4,0,0,0,4,0,1.0000
4,256.0000,7,16,596.1346,-85.9338,-0.1109,28,0.7000,0.5714,7,8,7,0,0,8,7,0.1250
4,256.0000,7,17,576.7203,-86.6273,-0.7708,26,0.6500,0.7143,7,7,4,0,0,7,4,0.4286
4,256.0000,7,19,796.5456,-88.0526,0.2373,19,0.4750,1.0000,8,8,8,0,0,8,8,0.0000
4,256.0000,7,22,280.7014,-82.2419,0.4006,38,0.9500,0.4000,5,5,0,0,0,5,0,1.0000
4,256.0000,8,2,578.9188,-85.8386,-0.2686,22,0.5500,0.6667,6,6,3,0,0,6,3,0.5000
4,256.0000,8,3,1024.2637,-89.6568,-0.0992,4,0.1000,1.0000,8,8,8,0,0,8,8,0.0000
4,256.0000,8,4,973.5405,-88.9896,-0.1536,11,0.2750,1.0000,8,8,8,0,0,8,8,0.0000
4,256.0000,8,14,983.1406,-88.5857,-0.3539,8,0.2000,1.0000,8,6,6,0,0,6,6,0.0000
4,256.0000,8,18,325.1246,-81.5535,0.4810,36,0.9000,0.0000,4,5,2,0,0,5,2,0.6000
4,256.0000,8,21,415.9717,-81.9006,-1.0994,36,0.9000,0.0000,4,5,2,0,0,5,2,0.6000
4,256.0000,8,23,583.0749,-86.4451,-0.7741,25,0.6250,0.2000,5,7,5,0,0,7,5,0.2857
4,256.0000,8,25,713.1481,-87.7916,-0.5860,16,0.4000,0.6250,8,8,7,0,0,8,7,0.1250
4,256.0000,9,0,185.8491,-76.9007,0.2886,38,0.9500,0.0000,4,4,0,0,0,4,0,1.0000
4,256.0000,9,6,659.2206,-86.9536,-0.0434,25,0.6250,0.4000,5,7,6,0,0,7,6,0.1429
4,256.0000,9,7,359.8644,-82.9077,0.7735,38,0.9500,0.2000,5,5,1,0,0,5,1,0.8000
4,256.0000,9,11,657.8983,-87.9017,0.2752,25,0.6250,0.8571,7,6,2,0,0,6,2,0.6667
4,256.0000,9,12,905.4266,-87.6674,-0.4620,3,0.0750,0.8750,8,8,8,0,0,8,8,0.0000
4,256.0000,9,13,835.2979,-88.3481,-0.0203,10,0.2500,0.8000,5,10,10,0,0,10,10,0.0000
4,256.0000,9,15,396.7973,-83.8592,-0.1035,39,0.9750,0.2000,5,5,2,0,0,5,2,0.6000
4,256.0000,9,16,702.1017,-87.8705,0.3372,16,0.4000,0.8750,8,6,3,0,0,6,3,0.5000
4,256.0000,9,17,905.6011,-89.1519,0.2958,9,0.2250,1.0000,8,8,8,0,0,8,8,0.0000
4,256.0000,9,19,781.6993,-87.2698,0.7444,22,0.5500,1.0000,6,8,8,0,0,8,8,0.0000
4,256.0000,9,22,439.0599,-83.8786,0.0668,34,0.8500,0.2000,5,5,2,0,0,5,2,0.6000
4,256.0000,10,1,222.4886,-78.2508,-0.2092,40,1.0000,0.0000,4,4,0,0,0,4,0,1.0000
4,256.0000,10,2,566.7934,-87.3252,-0.3348,24,0.6000,0.7143,7,5,2,0,0,5,2,0.6000
4,256.0000,10,3,94.1427,-75.4138,2.5850,40,1.0000,0.2321,56,5,0,62,6,67,6,0.9104
4,256.0000,10,5,477.9404,-84.6540,-0.2933,33,0.8250,0.5000,6,6,3,0,0,6,3,0.5000
4,256.0000,10,14,610.8752,-86.5393,-0.0071,28,0.7000,0.4286,7,6,3,0,0,6,3,0.5000
4,256.0000,10,20,278.0247,-80.0236,0.1632,40,1.0000,0.0000,4,4,0,0,0,4,0,1.0000
4,256.0000,10,21,709.6223,-88.4616,0.2055,14,0.3500,1.0000,8,7,4,0,0,7,4,0.4286
4,256.0000,10,24,580.3003,-84.8703,-1.1806,30,0.7500,0.4286,7,7,5,0,0,7,5,0.2857
4,256.0000,10,25,937.9072,-87.9144,-0.1636,9,0.2250,1.0000,8,8,8,46,46,54,54,0.0000
4,256.0000,11,0,705.7174,-88.0351,0.3292,14,0.3500,1.0000,42,5,2,2,2,7,4,0.4286
4,256.0000,11,4,645.6183,-87.0931,-0.4576,22,0.5500,1.0000,8,7,5,0,0,7,5,0.2857
4,256.0000,11,6,784.2625,-88.4084,0.0557,11,0.2750,0.9600,50,8,8,0,0,8,8,0.0000
4,256.0000,11,7,377.3935,-82.8403,0.9211,35,0.8750,0.0000,4,4,2,0,0,4,2,0.5000
4,256.0000,11,9,657.8983,-87.0458,0.5316,20,0.5000,0.7143,7,6,4,0,0,6,4,0.3333
4,256.0000,11,12,253.4240,-78.7223,-0.4947,39,0.9750,0.0000,4,4,0,0,0,4,0,1.0000
4,256.0000,11,13,427.5838,-84.5879,0.1836,34,0.8500,0.2000,5,4,0,0,0,4,0,1.0000
4,256.0000,11,15,590.6552,-87.8730,0.3215,22,0.5500,0.7143,7,5,1,0,0,5,1,0.8000
4,256.0000,11,16,410.7921,-83.5605,0.2229,38,0.9500,0.5000,6,4,0,0,0,4,0,1.0000
4,256.0000,11,17,523.5556,-84.8035,-0.5785,32,0.8000,0.2857,7,7,6,0,0,7,6,0.1429
4,256.0000,11,22,593.1456,-86.6052,0.5327,23,0.5750,0.5000,6,7,5,0,0,7,5,0.2857
4,256.0000,12,0,937.5394,-88.5417,0.4668,4,0.1000,1.0000,6,8,8,0,0,8,8,0.0000
4,256.0000,12,4,431.9886,-84.4448,-0.0783,33,0.8250,0.3333,6,8,3,0,0,8,3,0.6250
4,256.0000,12,6,911.1722,-89.2358,0.2902,3,0.0750,1.0000,8,8,8,0,0,8,8,0.0000
4,256.0000,12,7,593.6305,-86.7446,-0.5132,29,0.7250,0.7143,7,7,5,0,0,7,5,0.2857
4,256.0000,12,9,905.4266,-88.5028,-0.3087,9,0.2250,1.0000,8,8,8,0,0,8,8,0.0000
4,256.0000,12,11,253.4240,-78.5866,-0.5304,38,0.9500,0.0000,5,5,1,0,0,5,1,0.8000
4,256.0000,12,13,411.7972,-84.8151,0.1778,35,0.8750,0.2000,5,5,1,0,0,5,1,0.8000
4,256.0000,12,15,813.8329,-88.5109,-0.1643,15,0.3750,0.8571,7,7,5,0,0,7,5,0.2857
4,256.0000,12,16,549.0930,-86.0105,-0.2018,33,0.8250,0.4000,5,5,1,0,0,5,1,0.8000
4,256.0000,12,17,483.5814,-84.2807,-0.1281,34,0.8500,0.0000,4,5,2,0,0,5,2,0.6000
4,256.0000,12,22,767.5918,-88.4057,0.3152,16,0.4000,0.6667,6,7,5,0,0,7,5,0.2857
4,256.0000,12,23,946.7850,-89.3832,-0.1682,6,0.1500,1.0000,8,10,10,0,0,10,10,0.0000
4,256.0000,12,25,919.5888,-88.9334,-0.6779,3,0.0750,1.0000,8,7,6,0,0,7,6,0.1429
4,256.0000,13,0,783.2641,-87.9977,-0.2643,13,0.3250,1.0000,8,6,3,0,0,6,3,0.5000
4,256.0000,13,4,455.7091,-85.5220,0.8642,31,0.7750,0.5000,6,4,0,0,0,4,0,1.0000
4,256.0000,13,6,583.2834,-86.5153,-0.2328,28,0.7000,0.7500,8,4,0,0,0,4,0,1.0000
4,256.0000,13,7,480.7871,-86.0292,0.1602,34,0.8500,0.2000,5,4,0,0,0,4,0,1.0000
4,256.0000,13,9,835.2979,-89.0847,0.1938,8,0.2000,1.0000,8,7,6,0,0,7,6,0.1429
4,256.0000,13,11,427.5838,-85.7334,-0.1112,36,0.9000,0.4000,5,6,3,0,0,6,3,0.5000
4,256.0000,13,12,411.7972,-84.1318,0.0944,36,0.9000,0.4000,5,4,0,0,0,4,0,1.0000
4,256.0000,13,15,907.0340,-89.3387,0.0302,5,0.1250,1.0000,8,8,7,0,0,8,7,0.1250
4,256.0000,13,16,815.1301,-88.4749,0.2717,14,0.3500,1.0000,8,8,8,0,0,8,8,0.0000
4,256.0000,13,17,395.1812,-84.3243,0.7780,36,0.9000,0.3333,6,6,2,0,0,6,2,0.6667
4,256.0000,13,18,988.4596,-88.6659,-0.2512,8,0.2000,1.0000,8,6,6,0,0,6,6,0.0000
4,256.0000,13,19,1041.2455,-88.9112,0.1978,4,0.1000,1.0000,6,6,6,0,0,6,6,0.0000
4,256.0000,13,22,599.2072,-87.6399,0.2319,25,0.6250,0.5000,6,5,2,0,0,5,2,0.6000
4,256.0000,13,23,697.5200,-87.4103,-0.3323,23,0.5750,0.7143,7,7,6,0,0,7,6,0.1429
4,256.0000,13,25,888.0341,-89.2494,0.2514,13,0.3250,1.0000,8,7,5,0,0,7,5,0.2857
4,256.0000,14,1,830.5162,-88.5699,-0.2206,16,0.4000,1.0000,8,8,8,0,0,8,8,0.0000
4,256.0000,14,2,517.7625,-86.0116,0.3599,35,0.8750,0.5714,7,5,2,0,0,5,2,0.6000
4,256.0000,14,3,538.6305,-85.4292,-0.0843,37,0.9250,0.0000,4,7,5,0,0,7,5,0.2857
4,256.0000,14,5,799.0611,-87.7301,0.1004,25,0.6250,0.8571,7,8,7,0,0,8,7,0.1250
4,256.0000,14,8,983.1406,-89.2791,-0.1434,4,0.1000,1.0000,8,8,8,0,0,8,8,0.0000
4,256.0000,14,10,610.8752,-86.7525,0.2017,31,0.7750,0.7143,7,6,4,0,0,6,4,0.3333
4,256.0000,14,18,980.7744,-87.9716,-0.5910,4,0.1000,1.0000,8,8,8,0,0,8,8,0.0000
4,256.0000,14,20,479.0925,-85.3851,-0.5002,39,0.9750,0.4000,5,5,2,0,0,5,2,0.6000
4,256.0000,14,21,782.1738,-88.2054,0.0409,13,0.3250,1.0000,8,8,7,0,0,8,7,0.1250
4,256.0000,14,24,1064.7577,-88.6238,0.5191,4,0.1000,1.0000,6,6,6,0,0,6,6,0.0000
4,256.0000,14,25,965.5335,-88.8877,-0.1782,9,0.2250,1.0000,8,8,8,0,0,8,8,0.0000
4,256.0000,15,0,562.7952,-86.1432,0.7543,26,0.6341,0.0000,4,4,0,0,0,4,0,1.0000
4,256.0000,15,6,885.7465,-88.6095,-0.3317,11,0.2683,1.0000,8,8,8,0,0,8,8,0.0000
4,256.0000,15,7,489.9712,-85.2857,0.3401,23,0.5610,0.4000,5,6,4,0,0,6,4,0.3333
4,256.0000,15,9,396.7973,-83.4263,0.1900,29,0.7073,0.5000,6,5,1,0,0,5,1,0.8000
4,256.0000,15,11,590.6552,-87.9666,0.0404,21,0.5122,0.7143,7,6,3,0,0,6,3,0.5000
4,256.0000,15,12,813.8329,-88.8760,0.8309,6,0.1463,0.8571,7,8,6,0,0,8,6,0.2500
4,256.0000,15,13,907.0340,-88.7925,0.4844,5,0.1220,1.0000,8,5,3,0,0,5,3,0.4000
4,256.0000,15,16,402.3207,-85.0234,0.0724,33,0.8049,0.2000,5,4,0,0,0,4,0,1.0000
4,256.0000,15,17,849.7141,-88.9413,-0.6478,6,0.1463,0.7143,7,8,7,0,0,8,7,0.1250
4,256.0000,15,19,981.8650,-89.1330,-0.2702,4,0.0976,1.0000,8,8,8,0,0,8,8,0.0000
4,256.0000,15,22,550.9376,-86.4009,0.3088,16,0.3902,0.0000,4,5,1,0,0,5,1,0.8000
4,256.0000,16,0,835.3073,-88.0950,0.1306,10,0.2439,1.0000,8,8,7,0,0,8,7,0.1250
4,256.0000,16,4,945.1180,-88.7776,-0.3050,3,0.0732,1.0000,8,7,6,0,0,7,6,0.1429
4,256.0000,16,7,596.1346,-86.2053,-0.3655,24,0.5854,0.8571,7,6,3,0,0,6,3,0.5000
4,256.0000,16,9,702.1017,-87.3178,0.0068,13,0.3171,0.8750,8,8,8,0,0,8,8,0.0000
4,256.0000,16,11,410.7921,-83.8936,0.5838,34,0.8293,0.0000,4,5,2,0,0,5,2,0.6000
4,256.0000,16,12,549.0930,-85.4904,-0.3786,27,0.6585,0.8750,8,7,4,0,0,7,4,0.4286
4,256.0000,16,13,815.1301,-88.3252,-0.3642,5,0.1220,0.8750,8,7,6,0,0,7,6,0.1429
4,256.0000,16,15,402.3207,-85.7465,0.6980,28,0.6829,0.0000,4,4,0,0,0,4,0,1.0000
4,256.0000,16,17,748.1710,-86.7061,-0.1983,23,0.5610,0.5000,6,8,8,0,0,8,8,0.0000
4,256.0000,16,22,735.8682,-87.8676,-0.0227,19,0.4634,0.8571,7,8,8,0,0,8,8,0.0000
4,256.0000,17,0,892.4850,-88.2761,-0.3495,10,0.2500,1.0000,8,8,8,0,0,8,8,0.0000
4,256.0000,17,4,476.3965,-85.7951,0.3610,33,0.8250,0.5000,6,5,1,0,0,5,1,0.8000
4,256.0000,17,6,653.1552,-87.6944,0.4063,24,0.6000,0.6667,6,6,2,0,0,6,2,0.6667
4,256.0000,17,7,576.7203,-86.5409,-0.1502,31,0.7750,0.6667,6,7,5,0,0,7,5,0.2857
4,256.0000,17,9,905.6011,-87.8020,0.4278,5,0.1250,1.0000,8,8,8,0,0,8,8,0.0000
4,256.0000,17,11,523.5556,-84.2977,0.0220,33,0.8250,0.0000,4,7,3,0,0,7,3,0.5714
4,256.0000,17,12,483.5814,-84.7516,-0.0457,34,0.8500,0.4000,5,5,2,0,0,5,2,0.6000
4,256.0000,17,13,395.1812,-85.1505,0.2274,36,0.9000,0.4286,7,4,0,0,0,4,0,1.0000
4,256.0000,17,15,849.7141,-88.8771,-0.0848,12,0.3000,1.0000,8,7,6,0,0,7,6,0.1429
4,256.0000,17,16,748.1710,-87.4631,-0.0109,24,0.6000,0.6667,6,6,4,0,0,6,4,0.3333
4,256.0000,17,18,996.2354,-89.2123,-0.2544,3,0.0750,1.0000,6,8,8,0,0,8,8,0.0000
4,256.0000,17,19,976.8260,-88.4762,-0.4381,12,0.3000,1.0000,12,8,8,0,0,8,8,0.0000
4,256.0000,17,22,552.0166,-86.3561,0.6050,33,0.8250,0.7143,7,6,3,0,0,6,3,0.5000
4,256.0000,17,23,692.4381,-88.3342,-0.3307,17,0.4250,0.5000,6,7,5,0,0,7,5,0.2857
4,256.0000,17,25,969.8013,-89.7473,0.1167,3,0.0750,1.0000,6,8,8,0,0,8,8,0.0000
4,256.0000,18,2,525.4777,-86.4271,0.4579,32,0.8000,0.0000,4,5,2,0,0,5,2,0.6000
4,256.0000,18,3,1005.8352,-88.6892,-0.2967,4,0.1000,1.0000,6,8,8,0,0,8,8,0.0000
4,256.0000,18,4,706.6219,-86.8309,-0.3522,27,0.6750,0.8750,8,7,6,0,0,7,6,0.1429
4,256.0000,18,8,325.1246,-81.4013,-0.1201,38,0.9500,0.0000,4,4,0,0,0,4,0,1.0000
4,256.0000,18,12,1134.0287,-89.1898,-0.1807,5,0.1250,1.0000,6,6,6,0,0,6,6,0.0000
4,256.0000,18,13,988.4596,-88.2155,-0.2646,8,0.2000,1.0000,8,8,8,0,0,8,8,0.0000
4,256.0000,18,14,980.7744,-88.6175,-0.1943,4,0.1000,1.0000,8,8,8,0,0,8,8,0.0000
4,256.0000,18,17,996.2354,-88.9537,-0.4065,5,0.1250,1.0000,8,2,2,0,0,2,2,0.0000
4,256.0000,18,21,402.8560,-83.5715,-0.4503,38,0.9500,0.6667,6,6,3,0,0,6,3,0.5000
4,256.0000,18,23,411.7402,-81.5948,-1.2268,37,0.9250,0.0000,4,6,3,0,0,6,3,0.5000
4,256.0000,18,24,1034.7344,-89.6244,0.1009,3,0.0750,1.0000,4,8,8,0,0,8,8,0.0000
4,256.0000,18,25,413.6864,-83.9299,0.4970,36,0.9000,0.2000,5,4,0,0,0,4,0,1.0000
4,256.0000,19,0,676.4862,-86.5304,-0.4744,26,0.6500,0.5000,6,7,5,0,0,7,5,0.2857
4,256.0000,19,6,491.1075,-84.3487,-0.7571,32,0.8000,0.5000,6,6,3,0,0,6,3,0.5000
4,256.0000,19,7,796.5456,-88.1492,-0.6254,8,0.2000,1.0000,8,6,6,0,0,6,6,0.0000
4,256.0000,19,9,781.6993,-87.3483,-0.6578,21,0.5250,0.8750,8,8,8,0,0,8,8,0.0000
4,256.0000,19,15,981.8650,-89.3911,-0.2115,8,0.2000,1.0000,6,8,8,0,0,8,8,0.0000
4,256.0000,19,17,976.8260,-89.4230,0.0309,4,0.1000,1.0000,8,8,8,0,0,8,8,0.0000
4,256.0000,19,22,551.9487,-85.3004,-1.0954,32,0.8000,0.2000,5,6,3,0,0,6,3,0.5000
4,256.0000,20,1,434.4534,-84.3840,-0.4102,38,0.9500,0.2000,5,4,0,0,0,4,0,1.0000
4,256.0000,20,2,541.8237,-86.2842,0.2670,31,0.7750,0.2000,5,4,0,0,0,4,0,1.0000
4,256.0000,20,3,284.4734,-81.9890,0.8391,39,0.9750,0.0000,5,3,0,0,0,3,0,1.0000
4,256.0000,20,5,344.5324,-81.7637,-0.7337,39,0.9750,0.0000,4,4,0,0,0,4,0,1.0000
4,256.0000,20,8,1119.0892,-89.7922,-0.0071,3,0.0750,1.0000,6,6,6,0,0,6,6,0.0000
4,256.0000,20,10,278.0247,-80.2787,0.1663,40,1.0000,0.0000,4,5,1,0,0,5,1,0.8000
4,256.0000,20,14,479.0925,-85.1180,-0.5055,36,0.9000,0.0000,4,5,2,0,0,5,2,0.6000
4,256.0000,20,21,763.9804,-88.3571,0.5167,12,0.3000,0.8750,8,7,6,0,0,7,6,0.1429
4,256.0000,20,24,649.8714,-86.3648,-0.7227,24,0.6000,0.5714,7,7,6,32,30,39,36,0.0769
4,256.0000,20,25,858.3485,-88.3818,-0.1722,11,0.2750,0.9773,88,8,8,48,48,56,56,0.0000
4,256.0000,21,1,807.9184,-88.3900,-0.4774,12,0.3000,1.0000,8,7,6,0,0,7,6,0.1429
4,256.0000,21,2,281.4686,-82.1733,1.0450,36,0.9000,0.0000,4,4,0,0,0,4,0,1.0000
4,256.0000,21,3,656.4281,-87.5046,0.5473,24,0.6000,0.8571,7,7,6,0,0,7,6,0.1429
4,256.0000,21,4,854.7127,-88.3029,-0.4150,18,0.4500,0.9773,88,10,10,46,46,56,56,0.0000
4,256.0000,21,5,1019.9155,-89.2769,0.2064,3,0.0750,1.0000,4,7,6,0,0,7,6,0.1429
4,256.0000,21,8,415.9717,-81.5086,-1.0433,40,1.0000,0.0000,4,4,0,0,0,4,0,1.0000
4,256.0000,21,10,709.6223,-88.1312,0.1631,21,0.5250,0.8571,7,5,1,0,0,5,1,0.8000
4,256.0000,21,14,782.1738,-88.1496,0.1239,18,0.4500,1.0000,8,8,8,0,0,8,8,0.0000
4,256.0000,21,18,402.8560,-83.7566,0.1528,37,0.9250,0.0000,4,5,2,0,0,5,2,0.6000
4,256.0000,21,20,763.9804,-88.6730,0.3397,15,0.3750,0.8571,7,8,8,0,0,8,8,0.0000
4,256.0000,21,23,744.0339,-87.8904,-0.2338,24,0.6000,0.8571,7,8,8,34,34,42,42,0.0000
4,256.0000,21,24,783.3716,-88.2174,-0.1235,13,0.3250,0.8750,8,8,8,0,0,8,8,0.0000
4,256.0000,21,25,531.2193,-85.4220,-0.5246,30,0.7500,0.4000,5,7,5,0,0,7,5,0.2857
4,256.0000,22,0,400.0550,-83.0464,-0.6049,37,0.9250,0.0000,4,4,0,0,0,4,0,1.0000
4,256.0000,22,4,959.1851,-89.2653,-0.3822,5,0.1250,1.0000,6,8,8,0,0,8,8,0.0000
4,256.0000,22,6,354.2053,-82.0879,-0.7697,37,0.9250,0.0000,4,5,2,0,0,5,2,0.6000
4,256.0000,22,7,280.7014,-82.0140,0.7233,37,0.9250,0.5000,6,5,2,0,0,5,2,0.6000
4,256.0000,22,9,439.0599,-84.4760,0.1604,38,0.9500,0.4000,5,5,1,0,0,5,1,0.8000
4,256.0000,22,11,593.1456,-86.8083,0.0675,27,0.6750,0.7143,7,4,0,0,0,4,0,1.0000
4,256.0000,22,12,767.5918,-88.7428,0.0682,16,0.4000,1.0000,8,7,4,0,0,7,4,0.4286
4,256.0000,22,13,599.2072,-86.9528,-0.0631,26,0.6500,0.6667,6,7,5,0,0,7,5,0.2857
4,256.0000,22,15,550.9376,-86.3485,0.0531,31,0.7750,0.5714,7,8,6,0,0,8,6,0.2500
4,256.0000,22,16,735.8682,-88.2402,0.2499,17,0.4250,0.8750,8,8,8,0,0,8,8,0.0000
4,256.0000,22,17,552.0166,-86.2914,0.7202,27,0.6750,0.4286,7,6,3,0,0,6,3,0.5000
4,256.0000,22,19,551.9487,-84.5235,-0.8396,31,0.7750,0.3333,6,6,2,0,0,6,2,0.6667
4,256.0000,23,2,922.4559,-88.7153,0.1240,12,0.3000,1.0000,8,8,8,0,0,8,8,0.0000
4,256.0000,23,4,585.0303,-86.4295,-0.4340,29,0.7250,0.6667,6,6,3,0,0,6,3,0.5000
4,256.0000,23,8,583.0749,-86.0698,-0.3170,27,0.6750,0.5714,7,7,6,0,0,7,6,0.1429
4,256.0000,23,11,1075.7817,-88.9138,-0.4296,3,0.0750,1.0000,4,6,6,0,0,6,6,0.0000
4,256.0000,23,12,946.7850,-88.5856,0.0518,6,0.1500,1.0000,8,8,8,0,0,8,8,0.0000
4,256.0000,23,13,697.5200,-87.4294,0.4454,24,0.6000,0.3333,6,7,5,0,0,7,5,0.2857
4,256.0000,23,17,692.4381,-87.7019,0.6045,22,0.5500,1.0000,8,7,5,0,0,7,5,0.2857
4,256.0000,23,18,411.7402,-82.6038,-1.4267,36,0.9000,0.0000,4,6,4,0,0,6,4,0.3333
4,256.0000,23,21,744.0339,-87.6111,-0.2763,23,0.5750,0.8571,7,8,7,0,0,8,7,0.1250
4,256.0000,23,25,631.0702,-86.4684,-0.2383,25,0.6250,0.0000,4,8,7,0,0,8,7,0.1250
4,256.0000,24,1,453.7835,-83.1539,-0.6113,39,0.9750,0.0000,4,6,3,0,0,6,3,0.5000
4,256.0000,24,2,772.3405,-88.3637,0.6405,9,0.2250,0.8571,7,7,5,0,0,7,5,0.2857
4,256.0000,24,3,640.3168,-87.0890,0.0177,25,0.6250,0.8000,5,8,3,0,0,8,3,0.6250
4,256.0000,24,4,927.5984,-88.4146,-0.2561,6,0.1500,1.0000,8,7,6,0,0,7,6,0.1429
4,256.0000,24,5,591.9525,-86.1729,-0.1168,30,0.7500,0.5714,7,7,6,0,0,7,6,0.1429
4,256.0000,24,10,580.3003,-85.4277,-0.2160,32,0.8000,0.2000,5,7,5,0,0,7,5,0.2857
4,256.0000,24,14,1064.7577,-89.5732,-0.1789,3,0.0750,1.0000,8,4,4,0,0,4,4,0.0000
4,256.0000,24,18,1034.7344,-89.4862,0.1175,4,0.1000,1.0000,6,8,8,0,0,8,8,0.0000
4,256.0000,24,20,649.8714,-86.6918,-0.1341,30,0.7500,0.7143,7,7,6,0,0,7,6,0.1429
4,256.0000,24,21,783.3716,-87.6636,-0.1918,9,0.2250,1.0000,8,8,8,0,0,8,8,0.0000
4,256.0000,24,25,773.8500,-88.2479,0.1245,19,0.4750,0.5714,7,7,6,14,14,21,20,0.0476
4,256.0000,25,1,1002.8793,-89.4088,-0.1831,4,0.1000,1.0000,8,8,7,0,0,8,7,0.1250
4,256.0000,25,2,541.3052,-86.0192,-0.0154,30,0.7500,0.5000,6,6,4,0,0,6,4,0.3333
4,256.0000,25,3,917.6058,-88.6009,0.2158,11,0.2750,1.0000,8,8,8,0,0,8,8,0.0000
4,256.0000,25,4,530.3513,-86.8495,-0.0861,25,0.6250,0.4000,5,7,5,0,0,7,5,0.2857
4,256.0000,25,5,998.3036,-88.3388,-1.1191,5,0.1250,1.0000,8,4,4,0,0,4,4,0.0000
4,256.0000,25,8,713.1481,-87.1987,-0.4236,24,0.6000,0.4000,5,8,7,0,0,8,7,0.1250
4,256.0000,25,10,937.9072,-89.0912,0.3004,6,0.1500,0.7143,7,8,8,0,0,8,8,0.0000
4,256.0000,25,12,919.5888,-88.6601,0.3756,12,0.3000,1.0000,8,7,6,0,0,7,6,0.1429
4,256.0000,25,13,888.0341,-88.5732,0.4116,6,0.1500,1.0000,8,8,8,0,0,8,8,0.0000
4,256.0000,25,14,965.5335,-88.5717,0.0023,8,0.2000,0.7143,7,6,6,0,0,6,6,0.0000
4,256.0000,25,17,969.8013,-88.0499,0.7350,3,0.0750,1.0000,6,8,8,0,0,8,8,0.0000
4,256.0000,25,18,413.6864,-83.4448,-0.1443,36,0.9000,0.0000,4,6,2,0,0,6,2,0.6667
4,256.0000,25,20,858.3485,-88.6859,-0.0595,17,0.4250,1.0000,8,8,8,0,0,8,8,0.0000
4,256.0000,25,21,531.2193,-85.3584,-0.4388,32,0.8000,0.3333,6,6,3,0,0,6,3,0.5000
4,256.0000,25,23,631.0702,-87.6613,-0.4460,29,0.7250,0.4000,5,8,6,0,0,8,6,0.2500
4,256.0000,25,24,773.8500,-88.4810,0.4218,12,0.3000,0.7143,7,8,5,0,0,8,5,0.3750
4,260.0000,0,6,676.5876,-86.5153,-0.3734,27,0.6750,0.8571,7,7,5,0,0,7,5,0.2857
4,260.0000,0,7,359.4119,-82.1596,-0.3330,34,0.8500,0.4000,5,4,0,0,0,4,0,1.0000
4,260.0000,0,9,181.4058,-76.9599,0.4947,40,1.0000,0.0000,4,4,0,0,0,4,0,1.0000
4,260.0000,0,11,629.1406,-87.0884,0.2144,20,0.5000,0.6667,6,7,5,0,0,7,5,0.2857
4,260.0000,0,12,880.2138,-88.5192,-0.1055,6,0.1500,0.8571,7,8,8,0,0,8,8,0.0000
4,260.0000,0,13,769.7899,-88.0616,0.0142,12,0.3000,0.7143,7,8,7,0,0,8,7,0.1250
4,260.0000,0,15,530.1135,-86.3684,0.0696,32,0.8000,0.8571,7,5,2,0,0,5,2,0.6000
4,260.0000,0,16,731.0006,-88.3479,-0.2834,12,0.3000,1.0000,8,7,6,0,0,7,6,0.1429
4,260.0000,0,17,980.0858,-88.5403,-0.0171,5,0.1250,1.0000,8,8,8,4,4,12,12,0.0000
4,260.0000,0,19,747.3858,-87.7556,-0.2195,17,0.4250,0.6000,5,7,6,0,0,7,6,0.1429
4,260.0000,0,22,495.0513,-84.4897,-0.1297,32,0.8000,0.2857,7,7,4,0,0,7,4,0.4286
4,260.0000,1,2,665.7198,-87.7891,-0.1888,11,0.2750,0.6667,6,6,4,0,0,6,4,0.3333
4,260.0000,1,3,257.9850,-80.2699,0.2729,32,0.8000,0.0000,4,5,1,0,0,5,1,0.8000
4,260.0000,1,5,467.3221,-84.9814,0.2450,30,0.7500,0.0000,4,4,0,0,0,4,0,1.0000
4,260.0000,1,10,256.4573,-78.6563,-0.3488,34,0.8500,0.0000,4,4,0,0,0,4,0,1.0000
4,260.0000,1,14,899.6763,-88.4882,-0.2326,9,0.2250,0.8750,8,10,9,0,0,10,9,0.1000
4,260.0000,1,20,451.6773,-84.5656,-0.1549,33,0.8250,0.0000,4,5,1,0,0,5,1,0.8000
4,260.0000,1,21,751.8019,-87.8537,0.3617,8,0.2000,1.0000,9,5,4,0,0,5,4,0.2000
4,260.0000,1,24,609.4111,-86.0095,-0.8977,27,0.6750,0.4286,7,6,2,0,0,6,2,0.6667
4,260.0000,2,1,665.7198,-87.7079,0.4242,24,0.6000,0.4286,7,7,4,0,0,7,4,0.4286
4,260.0000,2,3,412.3202,-85.0572,0.3010,36,0.9000,0.5000,6,6,3,0,0,6,3,0.5000
4,260.0000,2,4,1026.8595,-88.6425,-0.6216,3,0.0750,0.8571,7,6,6,0,0,6,6,0.0000
4,260.0000,2,5,727.6774,-88.5067,-0.9845,14,0.3500,0.8571,7,8,7,0,0,8,7,0.1250
4,260.0000,2,8,545.0781,-86.3759,0.2960,32,0.8000,0.5000,30,6,3,49,31,55,34,0.3818
4,260.0000,2,10,512.4311,-86.4354,0.1335,32,0.8000,0.8571,7,5,1,0,0,5,1,0.8000
4,260.0000,2,14,617.6358,-86.1253,-0.0651,30,0.7500,0.4000,5,7,5,0,0,7,5,0.2857
4,260.0000,2,18,482.7560,-84.9689,-0.6291,35,0.8750,0.0000,4,4,0,0,0,4,0,1.0000
4,260.0000,2,20,494.7910,-86.2621,0.3839,26,0.6500,0.0000,4,4,0,0,0,4,0,1.0000
4,260.0000,2,21,238.2754,-79.3440,0.2594,39,0.9750,0.0000,4,4,0,0,0,4,0,1.0000
4,260.0000,2,23,1015.1980,-88.6647,0.0389,4,0.1000,1.0000,8,8,8,0,0,8,8,0.0000
4,260.0000,2,24,721.1799,-87.1976,0.0624,17,0.4250,1.0000,8,7,5,0,0,7,5,0.2857
4,260.0000,2,25,585.7581,-86.1346,-0.3663,31,0.7750,0.6667,6,7,4,2,2,9,6,0.3333
4,260.0000,3,1,257.9850,-80.4022,0.3866,39,0.9750,0.0000,4,4,0,0,0,4,0,1.0000
4,260.0000,3,2,412.3202,-84.8714,0.3078,33,0.8250,0.3333,27,4,0,3,0,7,0,1.0000
4,260.0000,3,5,478.6833,-85.9290,0.0690,36,0.9000,0.5000,6,5,1,0,0,5,1,0.8000
4,260.0000,3,8,896.4899,-88.3382,0.1368,7,0.1750,1.0000,4,8,7,0,0,8,7,0.1250
4,260.0000,3,10,156.2062,-70.2969,-2.3501,39,0.9750,0.0000,4,5,1,0,0,5,1,0.8000
4,260.0000,3,14,704.7823,-86.1350,-0.0918,24,0.6000,0.5714,7,7,5,0,0,7,5,0.2857
4,260.0000,3,18,882.7723,-88.8507,-0.8098,5,0.1250,1.0000,8,8,7,0,0,8,7,0.1250
4,260.0000,3,20,316.4540,-81.1726,-0.9716,40,1.0000,0.2000,5,4,0,0,0,4,0,1.0000
4,260.0000,3,21,521.7055,-86.0751,0.5206,31,0.7750,0.0000,4,6,3,0,0,6,3,0.5000
4,260.0000,3,24,606.2339,-87.5556,0.3027,24,0.6000,0.2000,5,5,2,0,0,5,2,0.6000
4,260.0000,3,25,898.8001,-88.9191,-0.2113,9,0.2250,0.8750,8,8,8,0,0,8,8,0.0000
4,260.0000,4,2,1026.8595,-89.1523,-0.6749,5,0.1250,1.0000,6,4,4,0,0,4,4,0.0000
4,260.0000,4,6,858.2687,-88.1697,-0.4355,12,0.3000,1.0000,6,8,7,0,0,8,7,0.1250
4,260.0000,4,7,809.1204,-88.5836,-0.0988,12,0.3000,0.8571,7,8,7,0,0,8,7,0.1250
4,260.0000,4,8,970.7435,-89.0948,-0.3111,5,0.1250,1.0000,8,8,8,0,0,8,8,0.0000
4,260.0000,4,11,672.4253,-87.5567,-0.2516,26,0.6500,0.8571,7,10,9,0,0,10,9,0.1000
4,260.0000,4,12,453.3118,-84.1622,0.2010,32,0.8000,0.2000,5,6,3,0,0,6,3,0.5000
4,260.0000,4,13,404.1322,-84.4162,0.0129,37,0.9250,0.4000,5,4,0,0,0,4,0,1.0000
4,260.0000,4,15,1040.7771,-88.8788,0.1288,3,0.0750,1.0000,6,4,4,0,0,4,4,0.0000
4,260.0000,4,16,972.1705,-88.7757,-0.1940,7,0.1750,1.0000,4,6,6,0,0,6,6,0.0000
4,260.0000,4,17,398.9045,-84.4712,-0.0875,31,0.7750,0.0000,4,4,0,0,0,4,0,1.0000
4,260.0000,4,18,796.0162,-88.0025,0.6047,18,0.4500,0.8750,8,8,8,0,0,8,8,0.0000
4,260.0000,4,21,972.6286,-87.9423,0.4433,6,0.1500,1.0000,8,8,8,0,0,8,8,0.0000
4,260.0000,4,22,813.8630,-88.2042,-0.2149,7,0.1750,0.8571,7,7,5,0,0,7,5,0.2857
4,260.0000,4,23,570.9290,-86.6510,0.0273,31,0.7750,0.2000,5,6,3,0,0,6,3,0.5000
4,260.0000,4,24,956.1060,-88.4266,-0.0181,11,0.2750,1.0000,8,8,8,0,0,8,8,0.0000
4,260.0000,4,25,512.9433,-86.0657,-0.0974,35,0.8750,0.4000,5,6,3,0,0,6,3,0.5000
4,260.0000,5,1,467.3221,-85.3896,-0.2818,35,0.8750,0.5000,6,5,1,0,0,5,1,0.8000
4,260.0000,5,2,727.6774,-87.6977,0.1897,15,0.3750,0.7143,7,6,4,2,1,8,5,0.3750
4,260.0000,5,3,478.6833,-86.0941,0.2051,33,0.8250,0.5714,7,5,1,0,0,5,1,0.8000
4,260.0000,5,10,462.6050,-85.2449,0.3133,34,0.8500,0.2000,5,6,3,0,0,6,3,0.5000
4,260.0000,5,14,818.6792,-88.2809,-0.4516,12,0.3000,1.0000,8,7,6,0,0,7,6,0.1429
4,260.0000,5,20,314.5772,-82.9768,0.1604,38,0.9500,0.0000,4,5,1,0,0,5,1,0.8000
4,260.0000,5,21,923.3463,-89.1858,-0.0767,7,0.1750,1.0000,8,8,8,0,0,8,8,0.0000
4,260.0000,5,24,724.1170,-88.1566,0.0946,23,0.5750,0.5714,7,7,6,0,0,7,6,0.1429
4,260.0000,6,0,676.5876,-86.7359,-0.0411,30,0.7500,0.5000,6,6,3,5,4,11,7,0.3636
4,260.0000,6,4,858.2687,-88.1828,1.9035,3,0.0750,1.0000,8,6,3,0,0,6,3,0.5000
4,260.0000,6,7,445.2208,-84.7135,0.1404,36,0.9000,0.4000,5,5,1,0,0,5,1,0.8000
4,260.0000,6,9,777.4614,-88.2430,0.4423,17,0.4250,1.0000,8,8,8,0,0,8,8,0.0000
4,260.0000,6,11,798.1350,-88.3487,-0.0579,18,0.4500,1.0000,8,8,7,0,0,8,7,0.1250
4,260.0000,6,12,883.1364,-88.8788,0.2124,8,0.2000,1.0000,8,8,8,0,0,8,8,0.0000
4,260.0000,6,13,592.6457,-87.0385,-0.2377,30,0.7500,0.7500,12,8,7,0,0,8,7,0.1250
4,260.0000,6,15,921.2088,-89.3792,-0.1649,4,0.1000,0.8750,8,6,5,0,0,6,5,0.1667
4,260.0000,6,16,1064.6369,-88.1699,0.7839,3,0.0750,1.0000,78,6,6,4,4,10,10,0.0000
4,260.0000,6,17,603.4381,-86.7401,-0.0430,21,0.5250,0.5000,6,7,6,69,64,76,70,0.0789
4,260.0000,6,19,583.0018,-85.8817,-0.0766,33,0.8250,0.2000,5,6,4,4,3,10,7,0.3000
4,260.0000,6,22,380.0121,-83.3793,-0.4658,37,0.9250,0.0000,4,5,2,0,0,5,2,0.6000
4,260.0000,6,23,810.9276,-88.8137,0.0789,9,0.2250,1.0000,8,6,5,0,0,6,5,0.1667
4,260.0000,7,0,359.4119,-81.9613,0.0149,39,1.0000,0.2000,5,5,1,0,0,5,1,0.8000
4,260.0000,7,4,809.1204,-88.3555,-0.1828,13,0.3333,1.0000,8,7,5,0,0,7,5,0.2857
4,260.0000,7,6,445.2208,-85.1284,0.4574,31,0.7949,0.2000,5,5,1,0,0,5,1,0.8000
4,260.0000,7,9,383.6302,-83.2160,-0.3346,36,0.9231,0.0000,4,4,0,0,0,4,0,1.0000
4,260.0000,7,11,413.1649,-83.2449,0.0363,32,0.8205,0.0000,4,5,1,0,0,5,1,0.8000
4,260.0000,7,12,601.2776,-86.4855,-0.1207,30,0.7692,0.2000,5,6,4,0,0,6,4,0.3333
4,260.0000,7,13,434.6558,-85.0646,-0.0863,33,0.8462,0.0000,4,4,0,0,0,4,0,1.0000
4,260.0000,7,15,519.0252,-85.5008,-0.1988,27,0.6923,0.0000,4,5,1,0,0,5,1,0.8000
4,260.0000,7,16,655.2756,-87.3342,-0.3722,26,0.6667,0.8750,8,6,2,0,0,6,2,0.6667
4,260.0000,7,17,629.8489,-86.8854,0.3624,29,0.7436,0.5714,7,7,5,0,0,7,5,0.2857
4,260.0000,7,19,754.3450,-87.4596,0.6013,12,0.3077,1.0000,8,7,4,0,0,7,4,0.4286
4,260.0000,7,22,234.9374,-79.5238,0.3040,37,0.9487,0.0000,5,3,0,0,0,3,0,1.0000
4,260.0000,8,2,545.0781,-86.7426,0.4485,30,0.7500,0.5000,6,7,5,0,0,7,5,0.2857
4,260.0000,8,3,896.4899,-89.2992,-0.2339,4,0.1000,1.0000,8,8,8,0,0,8,8,0.0000
4,260.0000,8,4,970.7435,-88.6160,0.1776,4,0.1000,1.0000,8,8,8,0,0,8,8,0.0000
4,260.0000,8,10,985.1334,-89.0792,0.4852,8,0.2000,1.0000,4,8,8,0,0,8,8,0.0000
4,260.0000,8,14,920.2851,-88.5215,0.3498,4,0.1000,1.0000,6,8,7,0,0,8,7,0.1250
4,260.0000,8,18,270.7809,-80.8322,1.1529,35,0.8750,0.4000,5,4,0,0,0,4,0,1.0000
4,260.0000,8,21,384.7743,-83.4564,0.3951,36,0.9000,0.4000,5,4,0,0,0,4,0,1.0000
4,260.0000,8,23,676.3264,-86.4590,-0.3188,19,0.4750,0.7143,7,7,5,0,0,7,5,0.2857
4,260.0000,8,25,690.3621,-87.7974,-0.0898,20,0.5000,0.8750,8,8,6,0,0,8,6,0.2500
4,260.0000,9,0,181.4058,-76.2276,-0.2423,40,1.0000,0.0000,4,5,1,0,0,5,1,0.8000
4,260.0000,9,6,777.4614,-87.2240,-0.0283,22,0.5500,0.8571,7,8,7,0,0,8,7,0.1250
4,260.0000,9,7,383.6302,-83.6482,-0.4367,36,0.9000,0.2000,5,5,2,0,0,5,2,0.6000
4,260.0000,9,11,531.8821,-86.4799,0.9243,29,0.7250,0.3333,6,7,4,2,1,9,5,0.4444
4,260.0000,9,12,797.8301,-88.7495,-0.8244,6,0.1500,1.0000,8,6,4,0,0,6,4,0.3333
4,260.0000,9,13,757.9007,-88.4763,0.3594,10,0.2500,1.0000,10,5,2,0,0,5,2,0.6000
4,260.0000,9,15,366.3829,-82.9727,0.2886,38,0.9500,0.4000,5,4,0,0,0,4,0,1.0000
4,260.0000,9,16,563.8148,-86.9772,0.4638,28,0.7000,0.5000,6,4,0,0,0,4,0,1.0000
4,260.0000,9,17,966.8640,-89.2774,0.1465,7,0.1750,1.0000,8,8,8,0,0,8,8,0.0000
4,260.0000,9,19,858.5309,-88.3307,-0.1055,14,0.3500,1.0000,8,10,10,0,0,10,10,0.0000
4,260.0000,9,22,515.4190,-84.8998,0.0802,30,0.7500,0.4000,5,6,2,0,0,6,2,0.6667
4,260.0000,10,1,256.4573,-78.7190,-0.4192,37,0.9250,0.0000,4,4,0,0,0,4,0,1.0000
4,260.0000,10,2,512.4311,-85.6683,0.0994,31,0.7750,0.4000,5,5,2,55,29,60,31,0.4833
4,260.0000,10,3,156.2062,-69.6919,-1.9030,37,0.9250,0.0896,67,3,0,74,35,77,35,0.5455
4,260.0000,10,5,462.6050,-84.7538,-0.5084,33,0.8250,0.5000,6,4,0,0,0,4,0,1.0000
4,260.0000,10,8,985.1334,-88.4881,0.3502,5,0.1250,1.0000,12,8,7,0,0,8,7,0.1250
4,260.0000,10,14,646.8948,-86.8644,-0.5374,25,0.6250,0.5000,6,6,4,23,20,29,24,0.1724
4,260.0000,10,18,988.7021,-89.0849,0.3332,5,0.1250,1.0000,8,7,6,0,0,7,6,0.1429
4,260.0000,10,20,277.7972,-80.6701,0.2941,37,0.9250,0.0000,4,5,1,0,0,5,1,0.8000
4,260.0000,10,21,628.5347,-86.9197,0.3770,25,0.6250,0.5714,7,5,1,0,0,5,1,0.8000
4,260.0000,10,24,742.1191,-86.8729,-0.6431,21,0.5250,0.7143,7,6,4,0,0,6,4,0.3333
4,260.0000,10,25,1034.2221,-89.4598,-0.3204,3,0.0750,1.0000,54,6,6,0,0,6,6,0.0000
4,260.0000,11,0,629.1406,-87.4407,0.5901,21,0.5250,0.5714,7,6,4,0,0,6,4,0.3333
4,260.0000,11,4,672.4253,-88.0767,-0.2523,21,0.5250,0.7143,7,4,0,0,0,4,0,1.0000
4,260.0000,11,6,798.1350,-88.0824,0.0831,13,0.3250,1.0000,8,7,6,36,35,43,41,0.0465
4,260.0000,11,7,413.1649,-84.0898,0.0384,37,0.9250,0.5000,4,6,3,0,0,6,3,0.5000
4,260.0000,11,9,531.8821,-86.9129,0.5679,27,0.6750,0.6667,6,5,1,1,0,6,1,0.8333
4,260.0000,11,12,270.5489,-79.7298,-0.6576,38,0.9500,0.0000,4,4,0,0,0,4,0,1.0000
4,260.0000,11,13,383.5489,-83.7656,-0.3988,31,0.7750,0.0000,4,4,0,0,0,4,0,1.0000
4,260.0000,11,15,444.8263,-85.3015,1.1232,33,0.8250,0.2000,5,6,3,0,0,6,3,0.5000
4,260.0000,11,16,393.6376,-83.7102,-0.2885,35,0.8750,0.0000,4,4,0,0,0,4,0,1.0000
4,260.0000,11,17,655.8621,-86.7457,-0.1799,27,0.6750,0.8571,7,8,7,0,0,8,7,0.1250
4,260.0000,11,22,541.4649,-86.6830,0.3319,26,0.6500,0.7143,7,7,4,0,0,7,4,0.4286
4,260.0000,12,0,880.2138,-88.3347,0.4833,4,0.1026,1.0000,8,8,8,0,0,8,8,0.0000
4,260.0000,12,4,453.3118,-84.3439,-0.2183,34,0.8718,0.3750,8,5,2,0,0,5,2,0.6000
4,260.0000,12,6,883.1364,-88.8993,0.2952,7,0.1795,1.0000,8,8,7,0,0,8,7,0.1250
4,260.0000,12,7,601.2776,-87.2579,-0.3338,27,0.6923,0.7143,7,7,4,0,0,7,4,0.4286
4,260.0000,12,9,797.8301,-88.0016,0.7815,9,0.2308,1.0000,8,8,8,0,0,8,8,0.0000
4,260.0000,12,11,270.5489,-79.8177,-0.1736,39,1.0000,0.2000,5,4,0,0,0,4,0,1.0000
4,260.0000,12,13,333.6572,-83.3021,0.2437,35,0.8974,0.2000,5,4,0,0,0,4,0,1.0000
4,260.0000,12,15,670.9572,-88.1437,0.4852,18,0.4615,0.7143,7,7,5,0,0,7,5,0.2857
4,260.0000,12,16,557.8835,-86.9111,0.2561,25,0.6410,0.2000,5,7,4,0,0,7,4,0.4286
4,260.0000,12,17,564.8238,-85.1681,-0.4856,26,0.6667,0.4000,5,5,1,0,0,5,1,0.8000
4,260.0000,12,22,682.2522,-87.9972,-0.3021,13,0.3333,0.7143,7,7,6,0,0,7,6,0.1429
4,260.0000,12,23,973.5277,-87.9616,-0.3972,5,0.1282,1.0000,10,8,8,0,0,8,8,0.0000
4,260.0000,12,25,901.9605,-88.7705,0.0142,3,0.0769,0.8571,7,8,8,0,0,8,8,0.0000
4,260.0000,13,0,769.7899,-88.6595,0.1355,15,0.3750,0.5000,6,6,3,0,0,6,3,0.5000
4,260.0000,13,4,404.1322,-84.5978,0.0015,36,0.9000,0.0000,4,5,1,0,0,5,1,0.8000
4,260.0000,13,6,592.6457,-86.4639,0.0456,30,0.7500,0.0000,4,6,3,0,0,6,3,0.5000
4,260.0000,13,7,434.6558,-84.5817,0.2136,37,0.9250,0.0000,4,6,2,0,0,6,2,0.6667
4,260.0000,13,9,757.9007,-88.2105,-0.6014,11,0.2750,0.8571,7,7,6,0,0,7,6,0.1429
4,260.0000,13,11,383.5489,-84.6560,0.3611,33,0.8250,0.5000,6,4,0,0,0,4,0,1.0000
4,260.0000,13,12,333.6572,-83.5091,-0.2201,35,0.8750,0.0000,4,4,0,0,0,4,0,1.0000
4,260.0000,13,15,761.7186,-88.4574,0.1209,11,0.2750,0.8750,8,7,5,0,0,7,5,0.2857
4,260.0000,13,16,755.9989,-88.1589,-0.0883,12,0.3000,1.0000,8,6,4,0,0,6,4,0.3333
4,260.0000,13,17,430.4810,-83.6490,-0.0310,35,0.8750,0.3333,6,7,4,0,0,7,4,0.4286
4,260.0000,13,18,1136.1721,-89.8773,0.0951,3,0.0750,1.0000,6,4,4,0,0,4,4,0.0000
4,260.0000,13,22,518.5675,-86.0451,0.4834,29,0.7250,0.4000,5,5,2,0,0,5,2,0.6000
4,260.0000,13,23,756.3065,-87.5733,-0.2372,18,0.4500,0.8571,7,8,7,0,0,8,7,0.1250
4,260.0000,13,25,859.2545,-88.6917,0.3920,9,0.2250,0.7143,7,8,8,0,0,8,8,0.0000
4,260.0000,14,1,899.6763,-88.2526,-0.6167,12,0.3000,1.0000,8,8,8,0,0,8,8,0.0000
4,260.0000,14,2,617.6358,-86.0432,0.0283,30,0.7500,0.4000,5,8,8,0,0,8,8,0.0000
4,260.0000,14,3,704.7823,-86.8992,-0.3957,24,0.6000,0.7143,7,7,6,0,0,7,6,0.1429
4,260.0000,14,5,818.6792,-88.4103,-0.0084,10,0.2500,0.8750,8,8,8,0,0,8,8,0.0000
4,260.0000,14,8,920.2851,-88.8714,0.2325,5,0.1250,1.0000,8,8,8,0,0,8,8,0.0000
4,260.0000,14,10,646.8948,-87.0166,0.1230,26,0.6500,0.6667,6,6,3,0,0,6,3,0.5000
4,260.0000,14,18,915.3950,-88.5548,-0.3308,4,0.1000,1.0000,8,7,6,0,0,7,6,0.1429
4,260.0000,14,20,529.3110,-85.9851,0.2538,32,0.8000,0.4000,5,5,1,0,0,5,1,0.8000
4,260.0000,14,21,769.7035,-88.6529,0.8064,13,0.3250,0.8750,8,8,8,4,2,12,10,0.1667
4,260.0000,15,0,530.1135,-86.2482,0.2720,32,0.8000,0.0000,4,4,0,0,0,4,0,1.0000
4,260.0000,15,6,921.2088,-89.2228,0.7814,7,0.1750,1.0000,8,8,8,0,0,8,8,0.0000
4,260.0000,15,7,519.0252,-84.9500,0.5712,33,0.8250,0.6667,6,6,2,0,0,6,2,0.6667
4,260.0000,15,9,366.3829,-83.0634,-0.3034,35,0.8750,0.2000,5,5,1,0,0,5,1,0.8000
4,260.0000,15,11,444.8263,-85.3090,0.9261,31,0.7750,0.5000,6,4,0,0,0,4,0,1.0000
4,260.0000,15,12,670.9572,-88.0039,0.4818,13,0.3250,0.7500,8,6,2,0,0,6,2,0.6667
4,260.0000,15,13,761.7186,-88.0619,-0.5044,11,0.2750,0.6000,5,7,5,0,0,7,5,0.2857
4,260.0000,15,16,252.9107,-81.9957,1.4217,37,0.9250,0.0000,4,4,0,0,0,4,0,1.0000
4,260.0000,15,17,878.5866,-87.9240,-0.5166,5,0.1250,0.8750,8,8,8,0,0,8,8,0.0000
4,260.0000,15,19,1013.4003,-88.7343,0.9463,3,0.0750,1.0000,8,8,8,0,0,8,8,0.0000
4,260.0000,15,22,559.3380,-86.5367,0.6218,30,0.7500,0.2000,5,6,3,0,0,6,3,0.5000
4,260.0000,16,0,731.0006,-88.0668,0.4004,15,0.3750,0.8750,8,7,5,0,0,7,5,0.2857
4,260.0000,16,6,1064.6369,-89.2119,0.2720,3,0.0750,1.0000,8,6,6,0,0,6,6,0.0000
4,260.0000,16,7,655.2756,-87.5343,0.1704,24,0.6000,0.5000,6,4,0,0,0,4,0,1.0000
4,260.0000,16,9,563.8148,-86.5116,0.4386,22,0.5500,1.0000,8,4,0,0,0,4,0,1.0000
4,260.0000,16,11,393.6376,-83.5755,-0.2398,35,0.8750,0.4000,5,6,2,0,0,6,2,0.6667
4,260.0000,16,12,557.8835,-86.2055,-0.4649,29,0.7250,0.5714,7,5,2,0,0,5,2,0.6000
4,260.0000,16,13,755.9989,-88.4914,0.1133,12,0.3000,0.8571,7,8,8,0,0,8,8,0.0000
4,260.0000,16,15,252.9107,-82.2504,1.3729,37,0.9250,0.0000,4,4,0,0,0,4,0,1.0000
4,260.0000,16,17,893.3232,-88.7338,-0.0636,9,0.2250,1.0000,8,8,8,0,0,8,8,0.0000
4,260.0000,16,22,714.8296,-87.6303,0.5525,15,0.3750,1.0000,8,7,6,0,0,7,6,0.1429
4,260.0000,17,0,980.0858,-88.9085,0.2372,7,0.1750,1.0000,8,8,8,0,0,8,8,0.0000
4,260.0000,17,4,398.9045,-84.1300,0.4022,35,0.8750,0.2000,5,6,3,0,0,6,3,0.5000
4,260.0000,17,6,603.4381,-86.5674,0.1931,20,0.5000,0.3333,6,6,4,0,0,6,4,0.3333
4,260.0000,17,7,629.8489,-87.0095,-0.5046,24,0.6000,0.7143,7,7,6,0,0,7,6,0.1429
4,260.0000,17,9,966.8640,-88.4718,-0.8624,8,0.2000,1.0000,8,8,8,0,0,8,8,0.0000
4,260.0000,17,11,655.8621,-86.1301,0.0043,19,0.4750,0.4286,7,6,3,0,0,6,3,0.5000
4,260.0000,17,12,564.8238,-85.7206,-0.8206,27,0.6750,0.4000,5,5,2,0,0,5,2,0.6000
4,260.0000,17,13,430.4810,-84.0282,-0.6360,32,0.8000,0.0000,4,8,8,0,0,8,8,0.0000
4,260.0000,17,15,878.5866,-89.1719,0.1156,8,0.2000,0.8571,7,6,6,0,0,6,6,0.0000
4,260.0000,17,16,893.3232,-88.3765,-0.5062,10,0.2500,0.6667,6,8,8,0,0,8,8,0.0000
4,260.0000,17,19,1022.0032,-88.8598,0.2870,4,0.1000,1.0000,8,8,8,0,0,8,8,0.0000
4,260.0000,17,22,527.1659,-85.8640,0.2711,27,0.6750,0.5000,6,5,2,0,0,5,2,0.6000
4,260.0000,17,23,563.9002,-87.4018,0.5265,20,0.5000,0.7143,7,5,2,0,0,5,2,0.6000
4,260.0000,17,25,856.0253,-88.7821,0.1794,4,0.1000,1.0000,8,7,6,0,0,7,6,0.1429
4,260.0000,18,2,482.7560,-85.7738,-0.1417,19,0.4872,0.4000,5,5,2,0,0,5,2,0.6000
4,260.0000,18,3,882.7723,-88.7928,1.0468,5,0.1282,1.0000,8,8,7,0,0,8,7,0.1250
4,260.0000,18,4,796.0162,-87.5252,-0.2660,13,0.3333,0.8571,7,8,8,0,0,8,8,0.0000
4,260.0000,18,8,270.7809,-81.1932,0.3663,33,0.8462,0.0000,4,4,0,0,0,4,0,1.0000
4,260.0000,18,10,988.7021,-88.4354,-1.3734,3,0.0769,1.0000,8,8,8,0,0,8,8,0.0000
4,260.0000,18,14,915.3950,-89.0925,0.1654,4,0.1026,1.0000,8,8,7,0,0,8,7,0.1250
4,260.0000,18,17,993.8005,-89.5433,0.0441,3,0.0769,1.0000,2,8,8,0,0,8,8,0.0000
4,260.0000,18,20,961.5947,-88.9228,1.0239,3,0.0769,1.0000,6,8,8,0,0,8,8,0.0000
4,260.0000,18,21,416.9915,-83.2400,0.4898,27,0.6923,0.5000,6,5,1,0,0,5,1,0.8000
4,260.0000,18,23,572.8022,-84.5138,-0.6038,25,0.6410,0.5000,6,7,5,0,0,7,5,0.2857
4,260.0000,18,24,1004.9982,-88.4658,-0.4745,4,0.1026,1.0000,8,8,8,0,0,8,8,0.0000
4,260.0000,18,25,447.7526,-84.3060,-0.7099,26,0.6667,0.0000,4,8,5,0,0,8,5,0.3750
4,260.0000,19,0,747.3858,-87.7976,-0.7078,14,0.3500,0.7143,7,7,6,0,0,7,6,0.1429
4,260.0000,19,6,583.0018,-85.7950,-0.2191,28,0.7000,0.5000,6,7,5,0,0,7,5,0.2857
4,260.0000,19,7,754.3450,-88.4890,-0.3166,9,0.2250,1.0000,6,7,5,0,0,7,5,0.2857
4,260.0000,19,9,858.5309,-88.3164,-0.3080,9,0.2250,1.0000,8,7,6,0,0,7,6,0.1429
4,260.0000,19,13,1091.4631,-89.2239,2.2634,3,0.0750,1.0000,4,8,8,0,0,8,8,0.0000
4,260.0000,19,15,1013.4003,-88.7115,0.0528,4,0.1000,1.0000,8,6,6,0,0,6,6,0.0000
4,260.0000,19,22,619.0449,-86.3619,-0.2876,25,0.6250,0.5000,6,7,6,0,0,7,6,0.1429
4,260.0000,20,1,451.6773,-84.8338,-0.3071,32,0.8205,0.0000,4,5,1,0,0,5,1,0.8000
4,260.0000,20,2,494.7910,-85.4222,0.1285,25,0.6410,0.0000,4,5,2,0,0,5,2,0.6000
4,260.0000,20,3,316.4540,-80.6201,-0.1348,35,0.8974,0.0000,3,5,2,0,0,5,2,0.6000
4,260.0000,20,5,314.5772,-81.3317,0.7201,38,0.9744,0.0000,4,4,0,2,2,6,2,0.6667
4,260.0000,20,8,1019.8481,-88.6141,-0.2899,3,0.0769,1.0000,6,8,8,0,0,8,8,0.0000
4,260.0000,20,10,277.7972,-80.5958,0.1306,37,0.9487,0.2000,5,4,0,32,21,36,21,0.4167
4,260.0000,20,14,529.3110,-85.0187,-0.0908,32,0.8205,0.4000,5,4,0,0,0,4,0,1.0000
4,260.0000,20,18,961.5947,-89.0989,0.2611,3,0.0769,1.0000,4,8,8,0,0,8,8,0.0000
4,260.0000,20,21,694.1868,-87.8170,-0.1396,17,0.4359,0.8571,7,6,4,0,0,6,4,0.3333
4,260.0000,20,24,789.2055,-87.8381,-0.7317,23,0.5897,0.9231,39,8,7,46,46,54,53,0.0185
4,260.0000,20,25,961.0588,-88.3617,-0.5135,12,0.3077,1.0000,56,8,8,0,0,8,8,0.0000
4,260.0000,21,1,751.8019,-87.3790,0.2548,8,0.2000,0.8571,7,8,8,0,0,8,8,0.0000
4,260.0000,21,2,238.2754,-79.7277,0.1241,32,0.8000,0.0000,4,4,0,0,0,4,0,1.0000
4,260.0000,21,3,521.7055,-86.9461,0.0576,22,0.5500,0.8571,7,5,1,0,0,5,1,0.8000
4,260.0000,21,4,972.6286,-88.0899,-0.4128,3,0.0750,1.0000,56,8,8,0,0,8,8,0.0000
4,260.0000,21,5,923.3463,-88.4474,-0.3255,6,0.1500,0.8571,7,8,8,0,0,8,8,0.0000
4,260.0000,21,8,384.7743,-83.7800,0.4284,34,0.8500,0.0000,4,5,1,0,0,5,1,0.8000
4,260.0000,21,10,628.5347,-87.9330,0.1942,17,0.4250,0.2000,5,4,0,0,0,4,0,1.0000
4,260.0000,21,14,769.7035,-87.6550,-0.0085,13,0.3250,1.0000,8,8,8,0,0,8,8,0.0000
4,260.0000,21,18,416.9915,-83.3888,-0.0859,35,0.8750,0.4000,5,4,0,0,0,4,0,1.0000
4,260.0000,21,20,694.1868,-87.6929,0.8468,13,0.3250,1.0000,8,7,4,0,0,7,4,0.4286
4,260.0000,21,23,903.8825,-87.4616,-0.0154,8,0.2000,1.0000,42,8,8,80,80,88,88,0.0000
4,260.0000,21,24,770.1914,-87.6652,-0.1608,9,0.2250,1.0000,8,7,6,0,0,7,6,0.1429
4,260.0000,21,25,619.8287,-86.3083,-0.5171,24,0.6000,0.7143,7,7,5,4,3,11,8,0.2727
4,260.0000,22,0,495.0513,-84.6657,-0.7700,36,0.9000,0.0000,4,5,2,0,0,5,2,0.6000
4,260.0000,22,4,813.8630,-88.7086,1.3698,6,0.1500,1.0000,8,8,5,0,0,8,5,0.3750
4,260.0000,22,6,380.0121,-83.6842,0.6109,39,0.9750,0.4000,5,4,0,0,0,4,0,1.0000
4,260.0000,22,7,234.9374,-79.6198,0.3847,40,1.0000,0.4000,5,4,0,0,0,4,0,1.0000
4,260.0000,22,9,515.4190,-85.4908,-0.4969,38,0.9500,0.2000,5,9,6,0,0,9,6,0.3333
4,260.0000,22,11,541.4649,-86.4485,0.9668,31,0.7750,0.0000,4,6,3,0,0,6,3,0.5000
4,260.0000,22,12,682.2522,-87.5352,0.0976,21,0.5250,0.5714,7,7,4,0,0,7,4,0.4286
4,260.0000,22,13,518.5675,-85.6299,0.1187,33,0.8250,0.7143,7,6,2,0,0,6,2,0.6667
4,260.0000,22,15,559.3380,-86.8104,-0.0229,27,0.6750,0.7500,8,6,3,0,0,6,3,0.5000
4,260.0000,22,16,714.8296,-87.7113,-0.0668,22,0.5500,1.0000,8,8,7,0,0,8,7,0.1250
4,260.0000,22,17,527.1659,-86.3133,-0.0774,35,0.8750,0.5000,6,6,2,0,0,6,2,0.6667
4,260.0000,22,19,619.0449,-86.8862,0.1821,30,0.7500,0.3333,6,6,4,0,0,6,4,0.3333
4,260.0000,22,23,974.0152,-88.6842,0.7564,4,0.1000,1.0000,2,8,8,0,0,8,8,0.0000
4,260.0000,23,2,1015.1980,-88.7806,-0.5586,5,0.1250,1.0000,8,2,2,0,0,2,2,0.0000
4,260.0000,23,4,570.9290,-86.4617,-0.0710,29,0.7250,0.5000,6,4,0,0,0,4,0,1.0000
4,260.0000,23,6,810.9276,-87.9743,-0.1862,7,0.1750,1.0000,8,7,5,0,0,7,5,0.2857
4,260.0000,23,8,676.3264,-86.7962,-0.4568,22,0.5500,0.8571,7,8,6,0,0,8,6,0.2500
4,260.0000,23,12,973.5277,-88.8870,0.4111,3,0.0750,1.0000,8,8,8,0,0,8,8,0.0000
4,260.0000,23,13,756.3065,-88.1590,-0.1152,16,0.4000,0.7143,7,8,7,4,4,12,11,0.0833
4,260.0000,23,17,563.9002,-86.0956,0.4460,18,0.4500,0.7143,7,6,3,0,0,6,3,0.5000
4,260.0000,23,18,572.8022,-85.5488,-0.7582,29,0.7250,0.6667,6,7,5,0,0,7,5,0.2857
4,260.0000,23,21,903.8825,-88.0875,-0.3152,9,0.2250,0.8750,8,8,8,0,0,8,8,0.0000
4,260.0000,23,25,652.8640,-87.2960,-0.4509,22,0.5500,0.8750,8,6,3,0,0,6,3,0.5000
4,260.0000,24,1,609.4111,-86.1482,-0.5977,35,0.8750,0.5000,6,6,3,0,0,6,3,0.5000
4,260.0000,24,2,721.1799,-87.3668,-0.4093,17,0.4250,0.7143,7,7,6,0,0,7,6,0.1429
4,260.0000,24,3,606.2339,-87.0367,0.1805,27,0.6750,0.3750,8,4,0,0,0,4,0,1.0000
4,260.0000,24,4,956.1060,-89.2153,0.5944,7,0.1750,0.8571,7,8,7,0,0,8,7,0.1250
4,260.0000,24,5,724.1170,-87.6159,-0.5119,24,0.6000,0.8571,7,8,8,0,0,8,8,0.0000
4,260.0000,24,8,1103.5067,-89.2659,0.0251,4,0.1000,,0,8,8,0,0,8,8,0.0000
4,260.0000,24,10,742.1191,-86.8921,-0.0355,23,0.5750,0.7143,7,7,6,0,0,7,6,0.1429
4,260.0000,24,18,1004.9982,-88.6682,0.4356,6,0.1500,1.0000,8,8,8,0,0,8,8,0.0000
4,260.0000,24,20,789.2055,-87.5412,-0.4307,22,0.5500,0.8571,7,8,8,0,0,8,8,0.0000
4,260.0000,24,21,770.1914,-88.1477,0.0286,15,0.3750,1.0000,8,8,7,0,0,8,7,0.1250
4,260.0000,24,25,769.6119,-87.7969,0.1325,18,0.4500,0.9524,21,8,8,2,2,10,10,0.0000
4,260.0000,25,2,585.7581,-86.1651,-0.0858,24,0.6000,0.6667,6,7,5,0,0,7,5,0.2857
4,260.0000,25,3,898.8001,-88.6440,-0.1139,7,0.1750,1.0000,8,7,6,0,0,7,6,0.1429
4,260.0000,25,4,512.9433,-85.8492,0.7941,33,0.8250,0.7143,7,6,2,0,0,6,2,0.6667
4,260.0000,25,8,690.3621,-87.0609,-0.2423,18,0.4500,0.8750,8,7,5,0,0,7,5,0.2857
4,260.0000,25,10,1034.2221,-88.8770,-0.2453,7,0.1750,1.0000,8,8,8,0,0,8,8,0.0000
4,260.0000,25,12,901.9605,-88.7784,-0.1793,10,0.2500,0.8571,7,4,4,0,0,4,4,0.0000
4,260.0000,25,13,859.2545,-88.5400,-0.7146,10,0.2500,1.0000,8,8,8,0,0,8,8,0.0000
4,260.0000,25,14,1106.8149,-88.9572,-1.9979,3,0.0750,1.0000,6,6,6,0,0,6,6,0.0000
4,260.0000,25,17,856.0253,-88.2084,0.3853,5,0.1250,1.0000,8,7,6,0,0,7,6,0.1429
4,260.0000,25,18,447.7526,-83.8837,-0.3616,38,0.9500,0.3333,6,6,5,0,0,6,5,0.1667
4,260.0000,25,20,961.0588,-88.7941,0.0669,7,0.1750,1.0000,8,6,6,0,0,6,6,0.0000
4,260.0000,25,21,619.8287,-86.2186,-0.3525,26,0.6500,0.5000,6,7,5,0,0,7,5,0.2857
4,260.0000,25,23,652.8640,-87.0213,0.2130,24,0.6000,0.7500,8,8,7,0,0,8,7,0.1250
4,260.0000,25,24,769.6119,-88.2510,0.1058,17,0.4250,0.6250,8,8,7,0,0,8,7,0.1250
4,264.0000,0,6,837.7919,-87.6492,-0.5176,16,0.4000,0.7143,7,7,6,0,0,7,6,0.1429
4,264.0000,0,7,445.6652,-83.1453,-0.1493,30,0.7500,0.0000,4,5,1,0,0,5,1,0.8000
4,264.0000,0,9,207.2273,-76.1442,-0.8304,37,0.9250,0.0000,4,4,0,0,0,4,0,1.0000
4,264.0000,0,11,562.7174,-87.1416,0.5680,20,0.5000,0.7143,7,6,4,0,0,6,4,0.3333
4,264.0000,0,12,840.9490,-88.6818,-0.3321,8,0.2000,1.0000,8,8,8,0,0,8,8,0.0000
4,264.0000,0,13,757.1295,-88.0100,-0.4800,16,0.4000,0.8750,8,9,8,0,0,9,8,0.1111
4,264.0000,0,15,542.7001,-85.8415,-0.0019,26,0.6500,0.4000,5,7,4,0,0,7,4,0.4286
4,264.0000,0,16,624.0077,-87.1121,0.6655,17,0.4250,0.8571,7,4,0,0,0,4,0,1.0000
4,264.0000,0,17,1090.9164,-88.8783,0.3534,5,0.1250,1.0000,12,4,4,0,0,4,4,0.0000
4,264.0000,0,19,770.7706,-88.4694,-0.3880,14,0.3500,0.8571,7,9,7,0,0,9,7,0.2222
4,264.0000,0,22,612.8281,-86.1675,-0.1657,23,0.5750,0.5714,7,7,5,0,0,7,5,0.2857
4,264.0000,1,2,652.4879,-87.2413,0.1939,15,0.3659,0.6667,6,5,1,0,0,5,1,0.8000
4,264.0000,1,3,360.0940,-81.0516,-1.2607,34,0.8293,0.2000,5,6,1,0,0,6,1,0.8333
4,264.0000,1,5,467.0637,-84.9669,0.1097,28,0.6829,0.0000,4,4,0,0,0,4,0,1.0000
4,264.0000,1,10,318.6174,-81.1200,-0.4890,36,0.8780,0.0000,4,5,0,0,0,5,0,1.0000
4,264.0000,1,14,986.6984,-88.9049,0.2383,4,0.0976,0.9000,10,4,4,0,0,4,4,0.0000
4,264.0000,1,20,487.8576,-85.3565,-0.0398,33,0.8049,0.2000,5,6,2,0,0,6,2,0.6667
4,264.0000,1,21,718.2788,-87.2560,-0.2554,16,0.3902,0.8000,5,7,4,0,0,7,4,0.4286
4,264.0000,1,24,728.4631,-87.1539,-0.0742,19,0.4634,0.3333,6,8,7,0,0,8,7,0.1250
4,264.0000,2,1,652.4879,-87.0654,0.2469,22,0.5500,0.5714,7,7,6,0,0,7,6,0.1429
4,264.0000,2,3,307.6144,-82.6137,-0.0879,30,0.7500,0.5000,6,4,0,0,0,4,0,1.0000
4,264.0000,2,5,637.3011,-87.4955,0.1747,17,0.4250,0.8750,8,5,2,0,0,5,2,0.6000
4,264.0000,2,8,518.8420,-86.1030,0.0614,24,0.6000,0.6182,55,6,3,8,5,14,8,0.4286
4,264.0000,2,10,495.3433,-85.3874,0.0128,25,0.6250,0.2000,5,7,6,0,0,7,6,0.1429
4,264.0000,2,14,758.6607,-87.6366,0.3613,22,0.5500,0.7143,7,8,8,0,0,8,8,0.0000
4,264.0000,2,18,484.5796,-86.0178,0.3069,26,0.6500,0.0000,4,5,2,0,0,5,2,0.6000
4,264.0000,2,20,481.1978,-85.9586,-0.3178,26,0.6500,0.0000,4,5,1,0,0,5,1,0.8000
4,264.0000,2,21,232.0348,-78.1566,0.3363,33,0.8250,0.0000,4,4,0,0,0,4,0,1.0000
4,264.0000,2,24,582.7354,-86.6700,0.1844,22,0.5500,0.7143,7,5,1,0,0,5,1,0.8000
4,264.0000,2,25,659.4869,-86.1881,-0.2711,26,0.6500,0.6667,9,7,5,0,0,7,5,0.2857
4,264.0000,3,1,360.0940,-80.9680,-0.5756,38,0.9500,0.0000,4,4,0,0,0,4,0,1.0000
4,264.0000,3,2,307.6144,-82.5317,0.2042,39,0.9750,0.0000,7,4,0,0,0,4,0,1.0000
4,264.0000,3,5,500.7576,-85.6139,0.0781,34,0.8500,0.2000,5,6,3,0,0,6,3,0.5000
4,264.0000,3,8,760.7973,-88.7275,0.0003,14,0.3500,0.8750,8,6,4,0,0,6,4,0.3333
4,264.0000,3,10,331.7468,-78.7893,-1.9263,40,1.0000,0.2000,5,6,3,0,0,6,3,0.5000
4,264.0000,3,14,874.1593,-87.9377,0.1134,20,0.5000,0.7143,7,8,8,0,0,8,8,0.0000
4,264.0000,3,18,779.4438,-87.7644,0.5384,10,0.2500,0.8750,8,8,8,0,0,8,8,0.0000
4,264.0000,3,20,423.6158,-82.9754,-0.5548,38,0.9500,0.0000,4,5,2,0,0,5,2,0.6000
4,264.0000,3,21,401.3328,-85.0085,0.6773,35,0.8750,0.5000,6,4,0,0,0,4,0,1.0000
4,264.0000,3,24,502.7845,-86.0850,-0.1093,26,0.6500,0.4000,5,5,1,0,0,5,1,0.8000
4,264.0000,3,25,881.0164,-88.4159,0.4514,6,0.1500,1.0000,8,8,8,0,0,8,8,0.0000
4,264.0000,4,6,749.7733,-88.7089,-0.3975,19,0.4750,0.8750,8,6,4,0,0,6,4,0.3333
4,264.0000,4,7,739.6389,-88.3505,0.2185,16,0.4000,0.8750,8,8,7,0,0,8,7,0.1250
4,264.0000,4,8,1020.4065,-88.8853,0.3412,5,0.1250,1.0000,8,8,8,0,0,8,8,0.0000
4,264.0000,4,11,712.0758,-87.6946,0.0149,17,0.4250,0.9000,10,8,8,0,0,8,8,0.0000
4,264.0000,4,12,481.8507,-84.6789,0.2483,36,0.9000,0.5000,6,5,2,0,0,5,2,0.6000
4,264.0000,4,13,396.3394,-84.0726,-0.3578,36,0.9000,0.0000,4,6,3,3,1,9,4,0.5556
4,264.0000,4,15,928.1223,-89.2042,0.1547,5,0.1250,1.0000,4,8,8,0,0,8,8,0.0000
4,264.0000,4,16,988.8281,-88.2916,-0.1842,7,0.1750,1.0000,6,8,8,0,0,8,8,0.0000
4,264.0000,4,17,366.6115,-82.7759,0.1656,38,0.9500,0.0000,4,4,0,0,0,4,0,1.0000
4,264.0000,4,18,911.2850,-88.6421,-0.0230,16,0.4000,1.0000,8,8,8,0,0,8,8,0.0000
4,264.0000,4,21,1102.7260,-89.3209,0.3216,4,0.1000,1.0000,8,2,2,0,0,2,2,0.0000
4,264.0000,4,22,657.8941,-87.7695,0.0866,23,0.5750,0.7143,7,6,2,0,0,6,2,0.6667
4,264.0000,4,23,534.4546,-85.8267,-0.0664,31,0.7750,0.5000,6,5,1,0,0,5,1,0.8000
4,264.0000,4,24,953.4395,-88.9579,-0.2280,3,0.0750,1.0000,8,8,8,0,0,8,8,0.0000
4,264.0000,4,25,498.0075,-85.2664,-0.0053,35,0.8750,0.5000,6,6,3,0,0,6,3,0.5000
4,264.0000,5,1,467.0637,-84.9976,0.0368,34,0.8500,0.2000,5,4,0,0,0,4,0,1.0000
4,264.0000,5,2,637.3011,-87.3361,0.1451,18,0.4500,0.6250,8,6,4,0,0,6,4,0.3333
4,264.0000,5,3,500.7576,-85.2375,-0.2522,33,0.8250,0.2000,5,7,5,0,0,7,5,0.2857
4,264.0000,5,10,442.2300,-85.1559,-0.3911,33,0.8250,0.5000,6,6,4,0,0,6,4,0.3333
4,264.0000,5,14,822.1514,-88.2342,0.5391,9,0.2250,0.8571,7,7,6,0,0,7,6,0.1429
4,264.0000,5,18,1084.1590,-89.7287,-0.0277,3,0.0750,1.0000,6,2,2,0,0,2,2,0.0000
4,264.0000,5,20,278.2278,-81.8036,0.2033,37,0.9250,0.2000,5,4,0,0,0,4,0,1.0000
4,264.0000,5,21,816.7061,-88.4915,-0.3450,5,0.1250,1.0000,8,7,5,0,0,7,5,0.2857
4,264.0000,5,24,820.2325,-88.1515,-0.2766,14,0.3500,0.8571,7,8,8,0,0,8,8,0.0000
4,264.0000,6,0,837.7919,-87.9257,-0.2311,20,0.4878,0.6364,11,8,8,0,0,8,8,0.0000
4,264.0000,6,4,749.7733,-88.5755,0.3592,12,0.2927,0.5000,6,8,7,0,0,8,7,0.1250
4,264.0000,6,7,437.6106,-84.8119,0.4419,34,0.8293,0.2000,5,4,0,0,0,4,0,1.0000
4,264.0000,6,9,889.8890,-88.6449,-0.5607,10,0.2439,1.0000,8,8,8,0,0,8,8,0.0000
4,264.0000,6,11,864.8397,-88.2520,-0.1073,10,0.2439,0.8750,8,8,8,0,0,8,8,0.0000
4,264.0000,6,12,898.4699,-89.3953,-0.0537,7,0.1707,1.0000,8,8,7,0,0,8,7,0.1250
4,264.0000,6,13,663.1701,-86.7122,-0.3085,24,0.5854,0.8750,8,7,6,0,0,7,6,0.1429
4,264.0000,6,15,981.1097,-88.7881,-0.0036,3,0.0732,0.8333,6,8,7,0,0,8,7,0.1250
4,264.0000,6,17,553.1973,-86.7942,0.3652,24,0.5854,0.9211,76,5,2,77,66,82,68,0.1707
4,264.0000,6,19,680.7079,-86.7375,-0.1136,26,0.6341,0.7000,10,8,8,0,0,8,8,0.0000
4,264.0000,6,22,417.6731,-83.0352,0.2270,32,0.7805,0.4000,5,6,3,0,0,6,3,0.5000
4,264.0000,6,23,683.1957,-87.6683,-0.0490,16,0.3902,0.8333,6,7,4,0,0,7,4,0.4286
4,264.0000,7,0,445.6652,-82.8593,-1.1722,39,0.9750,0.2000,5,4,0,0,0,4,0,1.0000
4,264.0000,7,4,739.6389,-88.5283,0.1933,12,0.3000,0.7143,7,8,8,0,0,8,8,0.0000
4,264.0000,7,6,437.6106,-84.9860,-0.3254,38,0.9500,0.2000,5,5,2,0,0,5,2,0.6000
4,264.0000,7,9,457.7798,-84.8522,-0.4156,40,1.0000,0.0000,4,5,1,0,0,5,1,0.8000
4,264.0000,7,11,477.3612,-84.9643,-0.2933,38,0.9500,0.2000,5,5,2,9,5,14,7,0.5000
4,264.0000,7,12,624.1977,-86.7971,0.1652,24,0.6000,0.6667,6,6,4,0,0,6,4,0.3333
4,264.0000,7,13,441.6345,-84.4212,0.5906,33,0.8250,0.0000,4,6,5,0,0,6,5,0.1667
4,264.0000,7,15,585.9451,-86.4170,-0.1917,38,0.9500,0.2000,5,7,4,0,0,7,4,0.4286
4,264.0000,7,16,703.1726,-88.0735,-0.0205,26,0.6500,0.3333,6,8,7,0,0,8,7,0.1250
4,264.0000,7,17,667.0124,-86.9841,0.2299,30,0.7500,0.7143,7,6,4,0,0,6,4,0.3333
4,264.0000,7,19,698.9762,-87.8442,-0.1589,18,0.4500,0.5714,7,7,5,11,10,18,15,0.1667
4,264.0000,7,22,235.5264,-78.7326,-0.6979,40,1.0000,0.0000,3,4,0,0,0,4,0,1.0000
4,264.0000,7,23,955.0088,-89.0104,0.4673,4,0.1000,1.0000,6,10,10,0,0,10,10,0.0000
4,264.0000,8,2,518.8420,-86.3815,0.5548,27,0.6750,0.7143,7,4,0,0,0,4,0,1.0000
4,264.0000,8,3,760.7973,-87.9810,0.9538,10,0.2500,1.0000,8,8,8,0,0,8,8,0.0000
4,264.0000,8,4,1020.4065,-88.0239,-0.6204,4,0.1000,1.0000,8,8,8,0,0,8,8,0.0000
4,264.0000,8,10,877.2279,-88.6053,-0.5846,8,0.2000,1.0000,8,8,8,0,0,8,8,0.0000
4,264.0000,8,14,894.1558,-88.6362,0.2601,7,0.1750,0.8750,8,8,8,0,0,8,8,0.0000
4,264.0000,8,17,1067.2616,-89.5718,-0.8558,3,0.0750,1.0000,4,2,2,0,0,2,2,0.0000
4,264.0000,8,18,244.7244,-79.7337,-0.2237,38,0.9500,0.0000,4,4,0,0,0,4,0,1.0000
4,264.0000,8,20,918.5047,-88.6465,0.4626,7,0.1750,1.0000,8,8,8,0,0,8,8,0.0000
4,264.0000,8,21,362.8953,-82.7421,0.3595,35,0.8750,0.0000,4,7,3,0,0,7,3,0.5714
4,264.0000,8,23,804.4434,-87.6961,-0.0274,18,0.4500,0.7143,7,8,8,0,0,8,8,0.0000
4,264.0000,8,24,939.6276,-89.0117,0.0216,4,0.1000,1.0000,8,8,8,0,0,8,8,0.0000
4,264.0000,8,25,719.5260,-87.5910,0.0087,22,0.5500,0.7500,8,8,7,0,0,8,7,0.1250
4,264.0000,9,0,207.2273,-77.0576,-0.1932,36,0.9231,0.2000,5,4,0,0,0,4,0,1.0000
4,264.0000,9,6,889.8890,-88.8048,-0.3871,8,0.2051,0.8750,8,6,6,0,0,6,6,0.0000
4,264.0000,9,7,457.7798,-84.0904,-0.2357,31,0.7949,0.4000,5,5,1,0,0,5,1,0.8000
4,264.0000,9,11,394.5757,-85.4822,0.4509,31,0.7949,0.5556,9,4,0,0,0,4,0,1.0000
4,264.0000,9,12,687.8389,-87.9649,-0.1623,15,0.3846,0.6667,6,5,2,0,0,5,2,0.6000
4,264.0000,9,13,660.8192,-88.4243,0.1072,20,0.5128,0.4000,5,8,4,0,0,8,4,0.5000
4,264.0000,9,15,351.6029,-82.5871,-0.0950,33,0.8462,0.0000,4,5,1,0,0,5,1,0.8000
4,264.0000,9,16,421.0434,-85.1095,0.8008,32,0.8205,0.0000,4,4,0,0,0,4,0,1.0000
4,264.0000,9,17,1031.8311,-88.7828,0.0214,4,0.1026,1.0000,8,8,8,0,0,8,8,0.0000
4,264.0000,9,19,888.6798,-88.4975,-0.5276,11,0.2821,1.0000,10,6,5,0,0,6,5,0.1667
4,264.0000,9,22,584.0597,-86.4916,-0.1164,23,0.5897,0.3333,6,5,1,0,0,5,1,0.8000
4,264.0000,10,1,318.6174,-80.6801,-0.4726,39,0.9750,0.0000,4,4,0,0,0,4,0,1.0000
4,264.0000,10,2,495.3433,-85.0408,0.6311,32,0.8000,0.5167,60,5,2,6,1,11,3,0.7273
4,264.0000,10,3,331.7468,-79.1309,-1.1270,38,0.9500,0.4545,77,4,0,77,56,81,56,0.3086
4,264.0000,10,5,442.2300,-84.3365,0.4208,35,0.8750,0.0000,4,5,2,0,0,5,2,0.6000
4,264.0000,10,8,877.2279,-88.3544,0.0420,9,0.2250,0.8750,8,8,8,0,0,8,8,0.0000
4,264.0000,10,14,675.4240,-87.1797,0.0630,24,0.6000,0.8276,29,8,7,2,2,10,9,0.1000
4,264.0000,10,18,920.9951,-89.1692,0.0635,7,0.1750,0.8571,7,6,4,0,0,6,4,0.3333
4,264.0000,10,20,274.6993,-79.7594,-0.0343,38,0.9500,0.2000,5,4,0,0,0,4,0,1.0000
4,264.0000,10,21,550.1994,-87.2448,0.2829,25,0.6250,0.2000,5,6,3,55,30,61,33,0.4590
4,264.0000,10,24,829.1809,-88.2069,-0.1271,15,0.3750,0.6667,6,7,6,0,0,7,6,0.1429
4,264.0000,10,25,1145.8131,-89.2861,-0.1737,3,0.0750,1.0000,6,4,4,0,0,4,4,0.0000
4,264.0000,11,0,562.7174,-87.0879,0.6447,27,0.6750,0.6667,6,5,1,0,0,5,1,0.8000
4,264.0000,11,4,712.0758,-87.8955,0.6146,15,0.3750,0.0000,4,7,6,0,0,7,6,0.1429
4,264.0000,11,6,864.8397,-88.6094,-0.5614,13,0.3250,0.9535,43,8,8,6,6,14,14,0.0000
4,264.0000,11,7,477.3612,-84.7303,-0.5123,31,0.7750,0.5000,6,6,4,72,64,78,68,0.1282
4,264.0000,11,9,394.5757,-85.2837,0.1631,34,0.8500,0.1667,6,5,2,0,0,5,2,0.6000
4,264.0000,11,12,297.6491,-81.2561,-0.2359,37,0.9250,0.0000,4,4,0,0,0,4,0,1.0000
4,264.0000,11,13,356.8410,-83.5599,0.4557,32,0.8000,0.0000,4,5,1,0,0,5,1,0.8000
4,264.0000,11,15,321.1786,-83.3737,1.2534,37,0.9250,0.5000,6,4,0,0,0,4,0,1.0000
4,264.0000,11,16,357.6994,-83.6202,0.1414,39,0.9750,0.0000,4,4,0,0,0,4,0,1.0000
4,264.0000,11,17,811.0771,-88.0029,-0.4961,17,0.4250,0.8750,8,7,6,0,0,7,6,0.1429
4,264.0000,11,22,532.7408,-86.2736,0.1919,29,0.7250,0.5714,7,8,4,0,0,8,4,0.5000
4,264.0000,12,0,840.9490,-88.1008,-0.2199,7,0.1707,1.0000,8,8,7,0,0,8,7,0.1250
4,264.0000,12,4,481.8507,-84.7428,0.4954,31,0.7561,0.4000,5,7,5,0,0,7,5,0.2857
4,264.0000,12,6,898.4699,-88.0909,-0.3492,10,0.2439,0.8750,8,8,8,0,0,8,8,0.0000
4,264.0000,12,7,624.1977,-86.9784,-0.3431,23,0.5610,0.5714,7,7,4,0,0,7,4,0.4286
4,264.0000,12,9,687.8389,-87.9791,0.3988,22,0.5366,1.0000,8,7,6,0,0,7,6,0.1429
4,264.0000,12,11,297.6491,-80.8312,-0.1485,38,0.9268,0.0000,4,4,0,0,0,4,0,1.0000
4,264.0000,12,13,260.8176,-80.9877,0.6135,39,0.9512,0.0000,4,4,0,0,0,4,0,1.0000
4,264.0000,12,15,543.5119,-86.5367,0.5290,28,0.6829,0.7143,7,5,1,0,0,5,1,0.8000
4,264.0000,12,16,562.4990,-86.2725,-0.0130,25,0.6098,0.5714,7,6,3,0,0,6,3,0.5000
4,264.0000,12,17,680.0965,-86.4887,-0.8273,27,0.6585,0.2000,5,7,5,0,0,7,5,0.2857
4,264.0000,12,22,613.0700,-87.3280,0.4578,26,0.6341,0.8571,7,7,4,0,0,7,4,0.4286
4,264.0000,12,23,987.2451,-88.9493,-0.1167,4,0.0976,1.0000,8,6,6,0,0,6,6,0.0000
4,264.0000,12,25,874.1318,-88.5043,-0.3576,5,0.1220,1.0000,8,8,8,0,0,8,8,0.0000
4,264.0000,13,0,757.1295,-88.0102,0.1062,12,0.3000,0.5000,6,7,5,0,0,7,5,0.2857
4,264.0000,13,4,396.3394,-83.9297,0.1364,34,0.8500,0.2000,5,5,2,0,0,5,2,0.6000
4,264.0000,13,6,663.1701,-86.9268,0.4468,29,0.7250,0.5000,6,8,6,0,0,8,6,0.2500
4,264.0000,13,7,441.6345,-84.3987,-0.2540,33,0.8250,0.3333,6,4,0,0,0,4,0,1.0000
4,264.0000,13,9,660.8192,-87.6079,0.6084,18,0.4500,0.8571,7,5,2,0,0,5,2,0.6000
4,264.0000,13,11,356.8410,-83.1935,-0.1580,36,0.9000,0.0000,4,4,0,0,0,4,0,1.0000
4,264.0000,13,12,260.8176,-81.8599,0.8929,35,0.8750,0.0000,4,5,1,0,0,5,1,0.8000
4,264.0000,13,15,626.9207,-87.6376,0.2514,18,0.4500,0.7143,7,5,1,0,0,5,1,0.8000
4,264.0000,13,16,690.5720,-87.8430,-0.0127,14,0.3500,0.6667,6,8,8,0,0,8,8,0.0000
4,264.0000,13,17,551.1857,-84.7063,0.0429,30,0.7500,0.5714,7,6,4,0,0,6,4,0.3333
4,264.0000,13,22,462.5219,-85.5697,0.0010,35,0.8750,0.4000,5,4,0,0,0,4,0,1.0000
4,264.0000,13,23,817.7903,-87.7017,0.5158,9,0.2250,0.8750,8,8,8,0,0,8,8,0.0000
4,264.0000,13,25,833.6968,-89.0018,-0.0153,10,0.2500,1.0000,8,8,8,0,0,8,8,0.0000
4,264.0000,14,1,986.6984,-89.3084,0.1729,6,0.1500,1.0000,8,8,8,0,0,8,8,0.0000
4,264.0000,14,2,758.6607,-87.5985,0.3877,19,0.4750,1.0000,8,8,8,0,0,8,8,0.0000
4,264.0000,14,3,874.1593,-88.4294,-0.3725,11,0.2750,0.8571,7,8,8,0,0,8,8,0.0000
4,264.0000,14,5,822.1514,-87.4271,0.0960,6,0.1500,1.0000,8,8,7,0,0,8,7,0.1250
4,264.0000,14,8,894.1558,-89.0561,-0.2627,7,0.1750,1.0000,8,7,5,0,0,7,5,0.2857
4,264.0000,14,10,675.4240,-87.6120,-0.6575,17,0.4250,0.5000,6,6,2,0,0,6,2,0.6667
4,264.0000,14,18,879.7219,-87.9515,-0.1480,5,0.1250,0.8571,7,7,6,0,0,7,6,0.1429
4,264.0000,14,20,572.0709,-86.1321,-0.4361,30,0.7500,0.2000,5,5,2,0,0,5,2,0.6000
4,264.0000,14,21,801.1688,-88.0714,0.3712,17,0.4250,0.8333,12,7,6,2,2,9,8,0.1111
4,264.0000,15,0,542.7001,-85.4983,-0.5553,28,0.7000,0.0000,4,8,6,0,0,8,6,0.2500
4,264.0000,15,4,928.1223,-88.6920,0.0102,3,0.0750,1.0000,10,8,8,0,0,8,8,0.0000
4,264.0000,15,7,585.9451,-86.2433,-0.3431,29,0.7250,0.3333,6,6,3,0,0,6,3,0.5000
4,264.0000,15,9,351.6029,-83.2965,-0.3649,36,0.9000,0.2000,5,4,0,0,0,4,0,1.0000
4,264.0000,15,11,321.1786,-82.5395,1.1693,36,0.9000,0.0000,4,5,1,0,0,5,1,0.8000
4,264.0000,15,12,543.5119,-87.0304,-0.3579,22,0.5500,0.3333,6,4,0,0,0,4,0,1.0000
4,264.0000,15,13,626.9207,-87.1487,0.4224,18,0.4500,0.7143,7,7,2,0,0,7,2,0.7143
4,264.0000,15,16,136.1701,-76.6631,1.2563,40,1.0000,0.0000,4,4,0,0,0,4,0,1.0000
4,264.0000,15,19,1021.7113,-88.1150,-1.0929,3,0.0750,1.0000,8,8,8,0,0,8,8,0.0000
4,264.0000,15,22,581.0057,-85.9478,-0.3458,25,0.6250,0.5000,6,5,2,0,0,5,2,0.6000
4,264.0000,16,0,624.0077,-87.1262,0.5499,22,0.5500,0.7143,7,6,2,0,0,6,2,0.6667
4,264.0000,16,4,988.8281,-88.7244,-0.2111,4,0.1000,1.0000,8,8,8,0,0,8,8,0.0000
4,264.0000,16,7,703.1726,-87.8431,-0.3681,19,0.4750,0.0000,4,7,4,0,0,7,4,0.4286
4,264.0000,16,9,421.0434,-84.8345,0.5502,33,0.8250,0.0000,4,5,2,0,0,5,2,0.6000
4,264.0000,16,11,357.6994,-83.6647,0.2930,35,0.8750,0.3333,6,5,2,0,0,5,2,0.6000
4,264.0000,16,12,562.4990,-86.5181,-0.3219,27,0.6750,0.4000,5,8,7,0,0,8,7,0.1250
4,264.0000,16,13,690.5720,-87.9746,-0.3746,17,0.4250,1.0000,8,8,6,0,0,8,6,0.2500
4,264.0000,16,15,136.1701,-76.6070,1.9098,38,0.9500,0.0000,4,4,0,0,0,4,0,1.0000
4,264.0000,16,17,1027.3109,-88.9627,-0.0614,5,0.1250,1.0000,8,6,6,0,0,6,6,0.0000
4,264.0000,16,22,708.2817,-87.4678,-0.1019,16,0.4000,0.8571,7,8,6,0,0,8,6,0.2500
4,264.0000,17,0,1090.9164,-89.5005,0.2589,4,0.1000,1.0000,8,8,8,0,0,8,8,0.0000
4,264.0000,17,4,366.6115,-82.9908,0.4925,38,0.9500,0.5000,6,4,0,0,0,4,0,1.0000
4,264.0000,17,6,553.1973,-86.4026,-0.1375,32,0.8000,0.6667,6,4,0,0,0,4,0,1.0000
4,264.0000,17,7,667.0124,-87.1390,-0.0469,25,0.6250,0.8571,7,7,6,0,0,7,6,0.1429
4,264.0000,17,9,1031.8311,-88.3133,0.2587,8,0.2000,1.0000,8,8,8,0,0,8,8,0.0000
4,264.0000,17,11,811.0771,-87.7197,-0.1065,23,0.5750,0.5000,6,8,7,0,0,8,7,0.1250
4,264.0000,17,12,680.0965,-87.2306,-0.2524,29,0.7250,0.4000,5,7,6,0,0,7,6,0.1429
4,264.0000,17,13,551.1857,-84.6890,0.0894,32,0.8000,1.0000,8,6,3,0,0,6,3,0.5000
4,264.0000,17,15,930.3953,-88.8256,-0.4082,9,0.2250,1.0000,6,8,8,0,0,8,8,0.0000
4,264.0000,17,16,1027.3109,-88.4787,0.2711,6,0.1500,1.0000,8,8,8,0,0,8,8,0.0000
4,264.0000,17,18,1018.4830,-89.0390,0.1852,9,0.2250,1.0000,8,8,8,0,0,8,8,0.0000
4,264.0000,17,22,498.2453,-85.3760,0.4389,32,0.8000,0.4000,5,5,2,0,0,5,2,0.6000
4,264.0000,17,23,432.5074,-84.7630,0.7551,31,0.7750,0.4000,5,5,2,0,0,5,2,0.6000
4,264.0000,17,25,775.1933,-88.3813,-0.0529,16,0.4000,0.8571,7,8,8,0,0,8,8,0.0000
4,264.0000,18,2,484.5796,-85.4129,-0.0201,36,0.8780,0.4000,5,7,5,0,0,7,5,0.2857
4,264.0000,18,3,779.4438,-88.3435,0.1469,12,0.2927,0.8750,8,8,7,0,0,8,7,0.1250
4,264.0000,18,4,911.2850,-88.6632,0.1350,7,0.1707,1.0000,8,6,6,0,0,6,6,0.0000
4,264.0000,18,8,244.7244,-79.2621,0.0434,40,0.9756,0.0000,4,4,0,0,0,4,0,1.0000
4,264.0000,18,10,920.9951,-88.5226,1.0106,3,0.0732,1.0000,8,8,8,0,0,8,8,0.0000
4,264.0000,18,14,879.7219,-88.4426,0.6634,9,0.2195,0.8750,8,8,8,0,0,8,8,0.0000
4,264.0000,18,17,1018.4830,-88.9027,-1.0613,4,0.0976,1.0000,8,8,8,0,0,8,8,0.0000
4,264.0000,18,20,891.1366,-88.3907,-0.1793,6,0.1463,1.0000,8,8,8,0,0,8,8,0.0000
4,264.0000,18,21,440.7178,-84.3921,-0.5161,38,0.9268,0.2000,5,6,3,0,0,6,3,0.5000
4,264.0000,18,23,724.4661,-87.5110,-0.0032,20,0.4878,0.7143,7,7,6,0,0,7,6,0.1429
4,264.0000,18,24,905.8364,-86.9993,0.9770,4,0.0976,1.0000,8,8,8,0,0,8,8,0.0000
4,264.0000,18,25,544.6603,-84.9135,-0.6631,35,0.8537,0.6250,8,7,4,0,0,7,4,0.4286
4,264.0000,19,0,770.7706,-88.6992,-0.2442,14,0.3415,0.8571,7,6,3,0,0,6,3,0.5000
4,264.0000,19,6,680.7079,-87.4025,0.0010,26,0.6341,0.7143,7,8,6,0,0,8,6,0.2500
4,264.0000,19,7,698.9762,-87.6940,0.4465,14,0.3415,0.7143,7,7,5,0,0,7,5,0.2857
4,264.0000,19,9,888.6798,-88.3921,-0.3097,12,0.2927,0.8571,7,10,10,0,0,10,10,0.0000
4,264.0000,19,13,1115.7343,-89.2385,0.0895,3,0.0732,1.0000,8,4,4,0,0,4,4,0.0000
4,264.0000,19,15,1021.7113,-89.3396,-0.2203,3,0.0732,1.0000,6,8,8,0,0,8,8,0.0000
4,264.0000,19,22,681.2779,-87.0232,-0.7662,23,0.5610,0.8571,7,6,4,0,0,6,4,0.3333
4,264.0000,20,1,487.8576,-85.0735,-0.2568,32,0.8000,0.2000,5,6,2,0,0,6,2,0.6667
4,264.0000,20,2,481.1978,-85.4628,-0.0287,27,0.6750,0.4000,5,4,0,6,6,10,6,0.4000
4,264.0000,20,3,423.6158,-82.7447,-0.6896,34,0.8500,0.4000,5,4,0,0,0,4,0,1.0000
4,264.0000,20,5,278.2278,-81.1673,0.4094,36,0.9000,0.3333,6,4,0,0,0,4,0,1.0000
4,264.0000,20,8,918.5047,-88.9354,0.9390,4,0.1000,1.0000,8,8,8,0,0,8,8,0.0000
4,264.0000,20,10,274.6993,-79.9206,0.1400,36,0.9000,0.5833,36,5,1,4,4,9,5,0.4444
4,264.0000,20,14,572.0709,-86.0821,-0.2711,29,0.7250,0.0000,4,7,5,0,0,7,5,0.2857
4,264.0000,20,18,891.1366,-88.4150,0.0127,5,0.1250,1.0000,8,8,7,0,0,8,7,0.1250
4,264.0000,20,21,626.5545,-86.9984,-0.1662,18,0.4500,0.6667,6,5,1,67,54,72,55,0.2361
4,264.0000,20,24,857.4226,-88.6740,0.1285,5,0.1250,0.9815,54,6,4,0,0,6,4,0.3333
4,264.0000,20,25,1075.6632,-89.0751,0.7687,4,0.1000,1.0000,8,8,8,0,0,8,8,0.0000
4,264.0000,21,1,718.2788,-88.1566,0.0262,16,0.4000,1.0000,8,6,4,0,0,6,4,0.3333
4,264.0000,21,2,232.0348,-79.0356,-0.1430,38,0.9500,0.0000,4,4,0,0,0,4,0,1.0000
4,264.0000,21,3,401.3328,-84.7369,0.4335,33,0.8250,0.2000,5,4,0,0,0,4,0,1.0000
4,264.0000,21,4,1102.7260,-88.4733,-0.0564,4,0.1000,1.0000,8,2,2,4,4,6,6,0.0000
4,264.0000,21,5,816.7061,-88.1157,0.7001,10,0.2500,1.0000,8,5,1,0,0,5,1,0.8000
4,264.0000,21,8,362.8953,-82.7700,-0.5641,37,0.9250,0.2000,5,4,0,30,0,34,0,1.0000
4,264.0000,21,10,550.1994,-87.0731,-0.2429,25,0.6250,0.0000,4,5,1,0,0,5,1,0.8000
4,264.0000,21,14,801.1688,-88.1344,0.1603,20,0.5000,1.0000,8,8,8,0,0,8,8,0.0000
4,264.0000,21,18,440.7178,-83.1339,-0.0902,34,0.8500,0.0000,4,4,0,0,0,4,0,1.0000
4,264.0000,21,20,626.5545,-87.5291,0.5034,24,0.6000,0.5714,7,7,5,0,0,7,5,0.2857
4,264.0000,21,23,1053.8675,-89.3608,0.0922,5,0.1250,1.0000,88,2,2,6,6,8,8,0.0000
4,264.0000,21,24,677.2651,-87.9912,0.6021,18,0.4500,0.8571,7,8,7,0,0,8,7,0.1250
4,264.0000,21,25,735.7828,-87.5744,-0.3913,22,0.5500,0.7273,11,6,4,107,105,113,109,0.0354
4,264.0000,22,0,612.8281,-86.0095,-0.1496,30,0.7500,0.4000,5,5,4,0,0,5,4,0.2000
4,264.0000,22,4,657.8941,-88.0242,0.6786,15,0.3750,0.6250,8,7,5,0,0,7,5,0.2857
4,264.0000,22,6,417.6731,-83.3124,0.1045,34,0.8500,0.0000,4,6,3,0,0,6,3,0.5000
4,264.0000,22,7,235.5264,-78.9215,-0.1548,38,0.9500,0.0000,4,4,0,0,0,4,0,1.0000
4,264.0000,22,9,584.0597,-86.0849,-0.0577,29,0.7250,0.6667,9,5,3,0,0,5,3,0.4000
4,264.0000,22,11,532.7408,-86.4768,0.0306,27,0.6750,0.5000,6,6,3,0,0,6,3,0.5000
4,264.0000,22,12,613.0700,-87.6362,0.6817,24,0.6000,0.5714,7,4,0,0,0,4,0,1.0000
4,264.0000,22,13,462.5219,-84.9552,0.6164,31,0.7750,0.3333,6,4,0,0,0,4,0,1.0000
4,264.0000,22,15,581.0057,-86.6756,-0.2683,33,0.8250,0.5000,6,6,4,0,0,6,4,0.3333
4,264.0000,22,16,708.2817,-87.3560,-0.1371,24,0.6000,0.8750,8,7,6,0,0,7,6,0.1429
4,264.0000,22,17,498.2453,-85.9047,-0.1733,31,0.7750,0.3333,6,5,1,0,0,5,1,0.8000
4,264.0000,22,19,681.2779,-87.1239,0.1954,27,0.6750,0.6667,6,6,4,0,0,6,4,0.3333
4,264.0000,22,23,849.7860,-88.5437,-0.1351,6,0.1500,1.0000,8,5,4,0,0,5,4,0.2000
4,264.0000,23,2,1111.6102,-89.5858,-0.2396,4,0.1000,1.0000,2,8,8,0,0,8,8,0.0000
4,264.0000,23,4,534.4546,-86.0541,0.5371,25,0.6250,0.0000,4,6,3,0,0,6,3,0.5000
4,264.0000,23,6,683.1957,-88.3248,0.1080,9,0.2250,0.7143,7,6,3,0,0,6,3,0.5000
4,264.0000,23,7,955.0088,-88.9590,0.2868,6,0.1500,1.0000,8,6,6,0,0,6,6,0.0000
4,264.0000,23,8,804.4434,-88.6031,-0.1914,12,0.3000,0.7500,8,8,8,0,0,8,8,0.0000
4,264.0000,23,12,987.2451,-89.2617,-0.1122,5,0.1250,1.0000,8,8,8,0,0,8,8,0.0000
4,264.0000,23,13,817.7903,-88.1094,-0.1624,9,0.2250,0.9167,12,8,8,0,0,8,8,0.0000
4,264.0000,23,17,432.5074,-85.1879,-0.1050,27,0.6750,0.5000,6,4,0,0,0,4,0,1.0000
4,264.0000,23,18,724.4661,-87.0548,-0.0826,25,0.6250,0.7143,7,7,5,0,0,7,5,0.2857
4,264.0000,23,21,1053.8675,-89.2284,-0.2036,4,0.1000,1.0000,8,4,4,0,0,4,4,0.0000
4,264.0000,23,22,849.7860,-88.5603,0.5346,8,0.2000,1.0000,8,5,2,0,0,5,2,0.6000
4,264.0000,23,25,658.4358,-87.1462,0.2916,24,0.6000,0.5000,6,6,4,0,0,6,4,0.3333
4,264.0000,24,1,728.4631,-86.8609,-0.0063,26,0.6500,0.5000,6,7,5,0,0,7,5,0.2857
4,264.0000,24,2,582.7354,-87.1021,0.4044,23,0.5750,0.8571,7,7,5,0,0,7,5,0.2857
4,264.0000,24,3,502.7845,-86.5442,-0.1423,30,0.7500,0.0000,4,4,2,0,0,4,2,0.5000
4,264.0000,24,4,953.4395,-89.0490,0.3266,8,0.2000,0.8750,8,8,8,0,0,8,8,0.0000
4,264.0000,24,5,820.2325,-88.2792,0.1378,16,0.4000,1.0000,8,8,8,0,0,8,8,0.0000
4,264.0000,24,8,939.6276,-89.3008,0.2210,6,0.1500,1.0000,8,7,6,0,0,7,6,0.1429
4,264.0000,24,10,829.1809,-88.4960,0.0341,16,0.4000,0.8571,7,8,8,0,0,8,8,0.0000
4,264.0000,24,18,905.8364,-88.4543,0.1295,9,0.2250,1.0000,8,7,6,0,0,7,6,0.1429
4,264.0000,24,20,857.4226,-87.9683,0.4012,15,0.3750,1.0000,8,8,7,0,0,8,7,0.1250
4,264.0000,24,21,677.2651,-87.5949,0.0240,24,0.6000,0.8750,8,7,4,0,0,7,4,0.4286
4,264.0000,24,25,696.7245,-87.2762,0.2190,17,0.4250,1.0000,10,7,5,0,0,7,5,0.2857
4,264.0000,25,2,659.4869,-87.3918,-0.2580,22,0.5500,0.7143,7,7,6,0,0,7,6,0.1429
4,264.0000,25,3,881.0164,-88.2304,-0.2735,7,0.1750,0.8571,7,7,6,0,0,7,6,0.1429
4,264.0000,25,4,498.0075,-85.2461,0.0413,28,0.7000,0.3333,6,7,5,3,2,10,7,0.3000
4,264.0000,25,8,719.5260,-87.6790,0.2681,17,0.4250,0.7143,7,8,8,0,0,8,8,0.0000
4,264.0000,25,12,874.1318,-89.0815,0.1691,9,0.2250,1.0000,4,8,7,0,0,8,7,0.1250
4,264.0000,25,13,833.6968,-88.4677,-0.3338,11,0.2750,1.0000,8,8,6,0,0,8,6,0.2500
4,264.0000,25,17,775.1933,-87.8964,1.0049,9,0.2250,0.8571,7,6,4,0,0,6,4,0.3333
4,264.0000,25,18,544.6603,-85.8514,-0.4239,26,0.6500,0.8333,6,7,4,0,0,7,4,0.4286
4,264.0000,25,21,735.7828,-87.2078,0.3465,17,0.4250,0.7143,7,8,8,0,0,8,8,0.0000
4,264.0000,25,23,658.4358,-87.5445,0.1633,19,0.4750,0.8750,8,7,4,0,0,7,4,0.4286
4,264.0000,25,24,696.7245,-87.6843,0.8589,17,0.4250,0.8750,8,6,4,0,0,6,4,0.3333
4,268.0000,0,6,986.3357,-88.5810,0.0629,7,0.1795,0.8571,7,2,2,0,0,2,2,0.0000
4,268.0000,0,7,565.2118,-85.3120,-0.0887,32,0.8205,0.2000,5,6,4,0,0,6,4,0.3333
4,268.0000,0,9,263.9201,-79.0882,-0.2342,36,0.9231,0.0000,4,5,1,0,0,5,1,0.8000
4,268.0000,0,11,494.3624,-85.4832,0.2713,31,0.7949,0.6667,6,4,0,0,0,4,0,1.0000
4,268.0000,0,12,797.3397,-88.3026,-0.0398,11,0.2821,1.0000,8,8,8,0,0,8,8,0.0000
4,268.0000,0,13,739.7054,-87.6469,0.0032,10,0.2564,0.8889,9,7,5,0,0,7,5,0.2857
4,268.0000,0,15,576.4879,-86.6526,-0.7985,25,0.6410,0.5714,7,7,5,0,0,7,5,0.2857
4,268.0000,0,16,522.1962,-86.2448,-0.8964,23,0.5897,0.0000,4,6,2,0,0,6,2,0.6667
4,268.0000,0,19,790.9912,-87.9115,-0.0751,15,0.3846,0.7778,9,6,6,0,0,6,6,0.0000
4,268.0000,0,22,726.1847,-87.1487,-0.1504,21,0.5385,0.7143,7,8,8,0,0,8,8,0.0000
4,268.0000,1,2,641.8851,-87.1269,-0.0039,29,0.7250,0.2000,5,7,5,0,0,7,5,0.2857
4,268.0000,1,3,519.7330,-84.3983,-0.3135,33,0.8250,0.1667,6,7,4,0,0,7,4,0.4286
4,268.0000,1,5,483.3987,-85.4196,-0.5889,36,0.9000,0.0000,4,5,1,0,0,5,1,0.8000
4,268.0000,1,10,350.9013,-81.9990,0.1609,39,0.9750,0.0000,5,3,0,0,0,3,0,1.0000
4,268.0000,1,14,1053.3703,-88.8823,-2.0099,3,0.0750,1.0000,4,4,4,0,0,4,4,0.0000
4,268.0000,1,20,504.5666,-86.0088,-0.0241,36,0.9000,0.3333,6,6,3,0,0,6,3,0.5000
4,268.0000,1,21,675.2151,-87.2443,-0.2793,18,0.4500,0.5714,7,6,3,0,0,6,3,0.5000
4,268.0000,1,24,881.4612,-87.7769,-0.2246,10,0.2500,0.8750,8,8,8,0,0,8,8,0.0000
4,268.0000,2,1,641.8851,-87.5089,0.1855,28,0.7000,0.8571,7,6,2,0,0,6,2,0.6667
4,268.0000,2,3,205.3763,-79.3301,1.3523,38,0.9500,0.0000,4,4,0,0,0,4,0,1.0000
4,268.0000,2,5,577.3883,-87.2805,-0.0029,29,0.7250,0.4000,5,6,3,0,0,6,3,0.5000
4,268.0000,2,8,497.9537,-85.5611,0.1434,34,0.8500,0.5714,14,6,3,0,0,6,3,0.5000
4,268.0000,2,10,541.5040,-85.7990,-0.4861,32,0.8000,0.8571,7,6,3,0,0,6,3,0.5000
4,268.0000,2,14,870.4678,-87.9516,-0.0886,20,0.5000,1.0000,8,8,8,0,0,8,8,0.0000
4,268.0000,2,18,504.5270,-84.6803,-0.1527,34,0.8500,0.4000,5,7,5,0,0,7,5,0.2857
4,268.0000,2,20,515.5622,-85.4329,0.0138,35,0.8750,0.2000,5,6,3,0,0,6,3,0.5000
4,268.0000,2,21,274.3948,-80.0811,0.0620,39,0.9750,0.0000,4,4,0,0,0,4,0,1.0000
4,268.0000,2,23,1215.7572,-89.1451,-0.1468,3,0.0750,1.0000,4,8,8,0,0,8,8,0.0000
4,268.0000,2,24,510.9283,-86.1783,0.7310,30,0.7500,0.2000,5,5,2,0,0,5,2,0.6000
4,268.0000,2,25,735.2493,-87.5554,-0.1221,18,0.4500,0.7143,7,7,5,0,0,7,5,0.2857
4,268.0000,3,1,519.7330,-84.3349,-0.9602,33,0.8462,0.0000,4,7,5,0,0,7,5,0.2857
4,268.0000,3,2,205.3763,-78.6734,0.2612,36,0.9231,0.0000,4,4,0,0,0,4,0,1.0000
4,268.0000,3,5,593.5172,-86.2113,-0.0705,30,0.7692,0.5000,6,8,6,0,0,8,6,0.2500
4,268.0000,3,8,623.8375,-87.4760,-0.2567,17,0.4359,0.6667,6,4,0,40,31,44,31,0.2955
4,268.0000,3,10,532.3252,-84.4053,-0.4795,32,0.8205,0.5000,6,6,3,0,0,6,3,0.5000
4,268.0000,3,14,1016.1210,-88.9592,0.7533,4,0.1026,1.0000,8,6,6,0,0,6,6,0.0000
4,268.0000,3,18,682.1667,-87.5720,0.5019,7,0.1795,1.0000,8,8,6,0,0,8,6,0.2500
4,268.0000,3,20,572.2749,-85.3316,-0.4628,27,0.6923,0.4000,5,8,8,0,0,8,8,0.0000
4,268.0000,3,21,352.2352,-82.7935,-0.2017,34,0.8718,0.0000,4,4,0,0,0,4,0,1.0000
4,268.0000,3,24,430.8152,-84.8219,-0.4084,31,0.7949,0.2000,5,4,0,0,0,4,0,1.0000
4,268.0000,3,25,835.3194,-88.5140,0.4541,4,0.1026,1.0000,8,7,6,0,0,7,6,0.1429
4,268.0000,4,6,625.2302,-87.3975,-0.5255,22,0.5500,0.6667,6,5,3,0,0,5,3,0.4000
4,268.0000,4,7,679.9303,-87.4741,0.2590,19,0.4750,0.8750,8,5,2,0,0,5,2,0.6000
4,268.0000,4,8,1056.2385,-88.8257,0.3588,6,0.1500,1.0000,8,8,8,0,0,8,8,0.0000
4,268.0000,4,9,948.8099,-88.3646,0.1555,9,0.2250,1.0000,6,8,8,0,0,8,8,0.0000
4,268.0000,4,11,766.1023,-88.2985,-0.2538,18,0.4500,1.0000,8,8,8,0,0,8,8,0.0000
4,268.0000,4,12,527.7248,-85.6555,-0.0032,32,0.8000,0.4000,5,5,1,0,0,5,1,0.8000
4,268.0000,4,13,450.1953,-84.4564,-0.7163,32,0.8000,0.4444,9,5,2,2,2,7,4,0.4286
4,268.0000,4,15,849.2821,-89.6021,-0.2419,5,0.1250,1.0000,8,8,8,0,0,8,8,0.0000
4,268.0000,4,16,1027.4431,-88.8206,0.2073,8,0.2000,1.0000,8,8,8,0,0,8,8,0.0000
4,268.0000,4,17,364.4338,-82.9309,-0.0914,39,0.9750,0.0000,4,5,2,0,0,5,2,0.6000
4,268.0000,4,18,1003.9862,-89.3141,0.1233,6,0.1500,1.0000,8,8,8,0,0,8,8,0.0000
4,268.0000,4,22,517.5706,-86.1427,0.1757,28,0.7000,0.3333,6,4,0,0,0,4,0,1.0000
4,268.0000,4,23,481.5067,-85.5113,0.1907,31,0.7750,0.2000,5,5,1,0,0,5,1,0.8000
4,268.0000,4,24,949.5226,-87.7012,0.2559,3,0.0750,1.0000,8,8,8,0,0,8,8,0.0000
4,268.0000,4,25,494.3169,-85.6543,0.2651,31,0.7750,0.5000,6,7,4,0,0,7,4,0.4286
4,268.0000,5,1,483.3987,-86.0528,-0.1876,36,0.9000,0.0000,4,5,1,0,0,5,1,0.8000
4,268.0000,5,2,577.3883,-86.8581,0.4138,32,0.8000,0.6667,6,4,0,0,0,4,0,1.0000
4,268.0000,5,3,593.5172,-86.0645,-0.1829,27,0.6750,0.7143,7,8,7,0,0,8,7,0.1250
4,268.0000,5,10,417.9570,-84.0818,0.3355,39,0.9750,0.6667,6,4,0,0,0,4,0,1.0000
4,268.0000,5,14,817.3461,-88.2159,-0.5381,9,0.2250,0.8571,7,8,8,0,0,8,8,0.0000
4,268.0000,5,18,969.3676,-88.7023,-0.0096,6,0.1500,1.0000,2,8,8,0,0,8,8,0.0000
4,268.0000,5,20,224.4927,-79.2704,0.8489,38,0.9500,0.0000,4,4,0,0,0,4,0,1.0000
4,268.0000,5,21,715.3024,-88.0573,0.6001,19,0.4750,0.7143,7,8,7,0,0,8,7,0.1250
4,268.0000,5,24,930.8243,-89.0703,-0.3280,8,0.2000,1.0000,8,6,6,0,0,6,6,0.0000
4,268.0000,6,0,986.3357,-88.8886,0.3737,5,0.1250,1.0000,8,6,6,0,0,6,6,0.0000
4,268.0000,6,4,625.2302,-87.6186,0.2659,23,0.5750,0.8750,8,7,6,8,8,15,14,0.0667
4,268.0000,6,7,425.7300,-85.2313,0.5322,35,0.8750,0.0000,4,7,4,0,0,7,4,0.4286
4,268.0000,6,9,968.7463,-88.7482,-0.9198,5,0.1250,1.0000,8,8,8,0,0,8,8,0.0000
4,268.0000,6,11,931.1036,-87.8232,0.1126,9,0.2250,1.0000,8,8,8,0,0,8,8,0.0000
4,268.0000,6,12,902.8302,-87.9480,0.4882,5,0.1250,0.8750,8,7,6,0,0,7,6,0.1429
4,268.0000,6,13,750.7455,-87.8536,-0.0376,24,0.6000,0.8571,7,8,7,0,0,8,7,0.1250
4,268.0000,6,15,1018.4905,-89.1770,0.1109,4,0.1000,0.8750,8,8,8,0,0,8,8,0.0000
4,268.0000,6,16,1153.4133,-89.3581,0.4424,3,0.0750,1.0000,8,8,8,0,0,8,8,0.0000
4,268.0000,6,17,497.3750,-85.3379,-0.0115,34,0.8500,0.8293,82,5,2,55,33,60,35,0.4167
4,268.0000,6,19,797.6515,-88.0340,0.4377,19,0.4750,1.0000,8,7,6,2,2,9,8,0.1111
4,268.0000,6,22,442.6146,-84.2511,-0.0055,36,0.9000,0.5000,6,4,0,58,17,62,17,0.7258
4,268.0000,6,23,548.2562,-86.9438,0.1467,29,0.7250,0.5714,7,5,2,0,0,5,2,0.6000
4,268.0000,6,25,1045.5890,-88.7577,-0.9033,3,0.0750,,0,5,4,0,0,5,4,0.2000
4,268.0000,7,0,565.2118,-85.7006,-0.6447,29,0.7073,0.0000,4,6,4,0,0,6,4,0.3333
4,268.0000,7,4,679.9303,-88.1550,0.4741,19,0.4634,1.0000,8,7,5,0,0,7,5,0.2857
4,268.0000,7,6,425.7300,-84.8816,0.1385,38,0.9268,0.4000,5,5,1,2,2,7,3,0.5714
4,268.0000,7,9,552.5784,-84.9301,-0.0819,35,0.8537,0.2000,5,7,5,0,0,7,5,0.2857
4,268.0000,7,11,565.9392,-86.1771,0.0775,34,0.8293,0.5000,14,6,3,2,1,8,4,0.5000
4,268.0000,7,12,661.3234,-87.5261,0.1767,27,0.6585,0.6667,6,7,5,0,0,7,5,0.2857
4,268.0000,7,13,518.8480,-85.7185,-0.0526,33,0.8049,0.8333,6,8,4,0,0,8,4,0.5000
4,268.0000,7,15,670.8824,-86.9522,0.3659,25,0.6098,0.5714,7,8,7,0,0,8,7,0.1250
4,268.0000,7,16,772.3413,-87.7682,-0.4698,23,0.5610,0.8750,8,7,6,0,0,7,6,0.1429
4,268.0000,7,17,713.7042,-86.8572,0.1386,21,0.5122,0.6667,6,8,6,0,0,8,6,0.2500
4,268.0000,7,19,660.3872,-87.5449,-0.1672,20,0.4878,0.8333,18,6,4,0,0,6,4,0.3333
4,268.0000,7,22,280.3884,-78.7909,-0.3046,38,0.9268,0.0000,4,5,1,0,0,5,1,0.8000
4,268.0000,7,23,869.1914,-88.5774,-0.2985,6,0.1463,1.0000,10,6,6,0,0,6,6,0.0000
4,268.0000,8,2,497.9537,-85.7221,-0.6413,33,0.8250,0.0000,4,6,6,0,0,6,6,0.0000
4,268.0000,8,3,623.8375,-87.2579,0.3407,19,0.4750,1.0000,8,6,3,0,0,6,3,0.5000
4,268.0000,8,4,1056.2385,-89.0801,-0.7984,5,0.1250,1.0000,8,8,8,0,0,8,8,0.0000
4,268.0000,8,5,1000.3055,-89.1366,0.5846,4,0.1000,1.0000,2,6,6,0,0,6,6,0.0000
4,268.0000,8,10,815.3559,-89.0008,0.3134,7,0.1750,1.0000,8,8,7,0,0,8,7,0.1250
4,268.0000,8,14,864.1646,-88.7987,0.2349,10,0.2500,1.0000,8,7,6,0,0,7,6,0.1429
4,268.0000,8,17,1034.6597,-88.7183,-0.4115,4,0.1000,1.0000,2,6,6,0,0,6,6,0.0000
4,268.0000,8,18,236.4544,-78.3156,0.0845,37,0.9250,0.0000,4,4,0,0,0,4,0,1.0000
4,268.0000,8,20,851.0569,-88.5227,0.1763,11,0.2750,1.0000,8,8,8,0,0,8,8,0.0000
4,268.0000,8,21,338.8217,-82.1204,0.2395,38,0.9500,0.4286,7,4,0,0,0,4,0,1.0000
4,268.0000,8,23,913.5374,-87.9991,0.1668,10,0.2500,1.0000,8,8,8,0,0,8,8,0.0000
4,268.0000,8,24,803.2837,-88.0097,0.6209,7,0.1750,1.0000,8,8,8,0,0,8,8,0.0000
4,268.0000,8,25,748.1528,-88.3362,-0.1334,22,0.5500,0.8750,8,8,8,0,0,8,8,0.0000
4,268.0000,9,0,263.9201,-78.8228,-0.0610,40,0.9756,0.0000,4,4,0,0,0,4,0,1.0000
4,268.0000,9,4,948.8099,-89.0859,0.0355,8,0.1951,1.0000,8,8,8,0,0,8,8,0.0000
4,268.0000,9,6,968.7463,-89.0277,-0.4968,10,0.2439,1.0000,6,6,6,0,0,6,6,0.0000
4,268.0000,9,7,552.5784,-85.8220,-0.7216,31,0.7561,0.2000,5,7,5,0,0,7,5,0.2857
4,268.0000,9,11,241.8166,-81.0760,1.2086,38,0.9268,0.0000,4,4,0,0,0,4,0,1.0000
4,268.0000,9,12,558.5971,-87.2274,0.6189,23,0.5610,0.4000,5,6,4,0,0,6,4,0.3333
4,268.0000,9,13,539.2448,-87.0098,0.1600,21,0.5122,0.5000,8,5,2,0,0,5,2,0.6000
4,268.0000,9,15,336.3321,-81.5675,-0.0980,39,0.9512,0.2000,5,6,3,0,0,6,3,0.5000
4,268.0000,9,16,312.0774,-82.8607,0.8780,38,0.9268,0.0000,4,5,1,0,0,5,1,0.8000
4,268.0000,9,17,1104.9124,-88.0067,0.0780,3,0.0732,1.0000,8,4,4,0,0,4,4,0.0000
4,268.0000,9,19,920.5767,-88.7439,-0.1098,11,0.2683,0.8333,6,7,6,0,0,7,6,0.1429
4,268.0000,9,22,626.9171,-86.4884,-0.2733,26,0.6341,0.2000,5,5,1,0,0,5,1,0.8000
4,268.0000,10,1,350.9013,-81.8996,0.1561,40,1.0000,0.0000,4,4,0,0,0,4,0,1.0000
4,268.0000,10,2,541.5040,-85.4754,-0.0341,33,0.8250,0.2727,11,6,3,0,0,6,3,0.5000
4,268.0000,10,3,532.3252,-84.4965,-1.0350,37,0.9250,0.6914,81,8,7,144,119,152,126,0.1711
4,268.0000,10,5,417.9570,-84.6194,-0.4428,37,0.9250,0.4000,5,5,1,0,0,5,1,0.8000
4,268.0000,10,8,815.3559,-88.7882,-0.3687,12,0.3000,1.0000,8,7,5,0,0,7,5,0.2857
4,268.0000,10,14,709.0206,-87.4287,-0.2813,23,0.5750,0.9000,10,7,4,0,0,7,4,0.4286
4,268.0000,10,18,873.7854,-88.5664,-0.5267,11,0.2750,0.6667,6,8,8,0,0,8,8,0.0000
4,268.0000,10,20,275.3390,-80.3021,-0.1757,40,1.0000,0.0000,4,4,0,0,0,4,0,1.0000
4,268.0000,10,21,500.9869,-86.2958,0.2554,34,0.8500,0.5410,61,6,2,4,2,10,4,0.6000
4,268.0000,10,24,960.9353,-88.0901,-0.4819,6,0.1500,0.8571,7,10,10,0,0,10,10,0.0000
4,268.0000,11,0,494.3624,-85.4808,-0.0753,31,0.7750,0.2000,5,5,1,0,0,5,1,0.8000
4,268.0000,11,4,766.1023,-87.9110,-0.5871,16,0.4000,0.8571,7,8,8,0,0,8,8,0.0000
4,268.0000,11,6,931.1036,-89.0387,-0.0676,13,0.3250,1.0000,14,7,6,0,0,7,6,0.1429
4,268.0000,11,7,565.9392,-85.4013,-0.2853,34,0.8500,0.8718,78,7,4,6,5,13,9,0.3077
4,268.0000,11,9,241.8166,-81.5443,1.2952,39,0.9750,0.4000,5,4,0,0,0,4,0,1.0000
4,268.0000,11,12,320.5590,-80.9351,-0.1603,37,0.9250,0.0000,4,4,0,0,0,4,0,1.0000
4,268.0000,11,13,336.5227,-82.7545,-0.4007,37,0.9250,0.2000,5,4,0,0,0,4,0,1.0000
4,268.0000,11,15,249.8989,-80.3620,0.4288,39,0.9750,0.0000,4,4,0,0,0,4,0,1.0000
4,268.0000,11,16,335.3994,-82.2104,-0.3336,40,1.0000,0.0000,4,4,0,0,0,4,0,1.0000
4,268.0000,11,17,972.8329,-87.9593,0.1086,7,0.1750,0.8571,7,6,6,0,0,6,6,0.0000
4,268.0000,11,22,562.3100,-85.7485,0.0218,31,0.7750,0.5000,8,5,2,42,40,47,42,0.1064
4,268.0000,12,0,797.3397,-88.3766,-0.3287,11,0.2821,0.8750,8,8,6,0,0,8,6,0.2500
4,268.0000,12,4,527.7248,-85.3636,-0.0202,27,0.6923,0.7143,7,6,4,0,0,6,4,0.3333
4,268.0000,12,6,902.8302,-88.9908,0.2781,3,0.0769,1.0000,8,8,7,0,0,8,7,0.1250
4,268.0000,12,7,661.3234,-87.1214,-0.0013,24,0.6154,0.5714,7,6,3,0,0,6,3,0.5000
4,268.0000,12,9,558.5971,-87.1067,-0.0477,26,0.6667,0.8571,7,5,1,0,0,5,1,0.8000
4,268.0000,12,11,320.5590,-81.6798,0.3580,36,0.9231,0.0000,4,5,1,0,0,5,1,0.8000
4,268.0000,12,13,177.6474,-77.8485,0.7170,37,0.9487,0.0000,4,4,0,0,0,4,0,1.0000
4,268.0000,12,15,424.3646,-85.4657,-0.0905,32,0.8205,0.2000,5,5,1,0,0,5,1,0.8000
4,268.0000,12,16,577.7432,-86.7531,-0.4354,29,0.7436,0.5000,6,6,3,0,0,6,3,0.5000
4,268.0000,12,17,802.6882,-88.2101,-0.0490,10,0.2564,0.7143,7,8,8,0,0,8,8,0.0000
4,268.0000,12,22,560.4306,-86.3718,-0.0601,26,0.6667,0.5714,7,4,0,0,0,4,0,1.0000
4,268.0000,12,23,993.7345,-89.0946,-0.3504,6,0.1538,1.0000,6,8,8,0,0,8,8,0.0000
4,268.0000,12,25,845.4536,-89.1196,-0.0759,8,0.2051,1.0000,8,8,8,0,0,8,8,0.0000
4,268.0000,13,0,739.7054,-87.5672,0.5240,17,0.4250,0.7143,7,8,6,0,0,8,6,0.2500
4,268.0000,13,4,450.1953,-83.7215,-0.1079,36,0.9000,0.4000,5,6,3,0,0,6,3,0.5000
4,268.0000,13,6,750.7455,-87.3429,-0.3152,20,0.5000,0.7500,8,8,8,0,0,8,8,0.0000
4,268.0000,13,7,518.8480,-85.7921,0.0065,34,0.8500,0.0000,4,6,4,0,0,6,4,0.3333
4,268.0000,13,9,539.2448,-86.4220,0.1468,27,0.6750,0.4000,5,6,3,0,0,6,3,0.5000
4,268.0000,13,11,336.5227,-82.2738,0.5658,37,0.9250,0.0000,4,4,0,0,0,4,0,1.0000
4,268.0000,13,12,177.6474,-78.1107,1.4916,38,0.9500,0.2000,5,4,0,0,0,4,0,1.0000
4,268.0000,13,15,495.1730,-85.7063,0.4813,33,0.8250,0.2000,5,5,1,0,0,5,1,0.8000
4,268.0000,13,16,644.9617,-87.5128,0.7729,22,0.5500,1.0000,8,6,4,0,0,6,4,0.3333
4,268.0000,13,17,719.7918,-86.1166,-0.1281,20,0.5000,0.6667,6,7,6,0,0,7,6,0.1429
4,268.0000,13,22,457.7071,-85.0501,-0.3137,36,0.9000,0.0000,4,6,4,0,0,6,4,0.3333
4,268.0000,13,23,886.7436,-88.0229,-0.2078,11,0.2750,1.0000,8,6,5,0,0,6,5,0.1667
4,268.0000,13,25,819.3740,-88.5846,0.5349,9,0.2250,1.0000,8,8,8,0,0,8,8,0.0000
4,268.0000,14,2,870.4678,-88.4285,-0.1604,13,0.3250,1.0000,8,8,8,0,0,8,8,0.0000
4,268.0000,14,3,1016.1210,-87.9052,-0.7052,5,0.1250,1.0000,8,8,8,0,0,8,8,0.0000
4,268.0000,14,5,817.3461,-88.4732,-0.1534,12,0.3000,0.8750,8,8,7,0,0,8,7,0.1250
4,268.0000,14,8,864.1646,-88.2648,-0.4318,8,0.2000,0.7143,7,8,7,0,0,8,7,0.1250
4,268.0000,14,10,709.0206,-87.4762,0.1394,22,0.5500,0.3333,6,7,5,0,0,7,5,0.2857
4,268.0000,14,18,803.8994,-87.9109,0.2692,10,0.2500,0.8571,7,8,8,0,0,8,8,0.0000
4,268.0000,14,20,618.1942,-86.9407,-0.0181,28,0.7000,0.4000,5,6,4,0,0,6,4,0.3333
4,268.0000,14,21,791.4200,-88.1464,0.1979,16,0.4000,0.8889,9,8,7,0,0,8,7,0.1250
4,268.0000,15,0,576.4879,-86.0449,-0.1435,32,0.8000,0.7500,8,5,2,0,0,5,2,0.6000
4,268.0000,15,4,849.2821,-88.3140,-0.2937,13,0.3250,1.0000,8,8,8,0,0,8,8,0.0000
4,268.0000,15,6,1018.4905,-89.1995,-0.4176,4,0.1000,0.8750,8,6,6,0,0,6,6,0.0000
4,268.0000,15,7,670.8824,-87.7233,-0.4381,20,0.5000,0.5000,6,6,4,0,0,6,4,0.3333
4,268.0000,15,9,336.3321,-82.8102,-0.1310,36,0.9000,0.0000,4,4,0,0,0,4,0,1.0000
4,268.0000,15,11,249.8989,-79.9858,0.8743,35,0.8750,0.2000,5,4,0,0,0,4,0,1.0000
4,268.0000,15,12,424.3646,-85.5427,-0.0919,31,0.7750,0.0000,4,5,1,0,0,5,1,0.8000
4,268.0000,15,13,495.1730,-86.2176,0.1115,30,0.7500,0.2857,7,3,0,0,0,3,0,1.0000
4,268.0000,15,16,185.9401,-74.5873,-0.8505,39,0.9750,0.0000,4,4,0,0,0,4,0,1.0000
4,268.0000,15,17,999.4011,-88.9422,-0.0788,7,0.1750,1.0000,6,6,6,0,0,6,6,0.0000
4,268.0000,15,22,591.9739,-86.7419,0.5449,26,0.6500,0.4000,5,7,5,0,0,7,5,0.2857
4,268.0000,16,0,522.1962,-86.5640,0.3493,34,0.8500,0.3333,6,6,4,0,0,6,4,0.3333
4,268.0000,16,4,1027.4431,-89.5326,0.1902,4,0.1000,1.0000,8,8,8,0,0,8,8,0.0000
4,268.0000,16,6,1153.4133,-88.3883,-1.0742,4,0.1000,1.0000,8,2,2,0,0,2,2,0.0000
4,268.0000,16,7,772.3413,-87.7072,-0.2361,22,0.5500,0.5714,7,8,8,0,0,8,8,0.0000
4,268.0000,16,9,312.0774,-83.9547,1.0118,39,0.9750,0.4000,5,4,0,0,0,4,0,1.0000
4,268.0000,16,11,335.3994,-83.1902,0.3507,37,0.9250,0.4000,5,4,0,0,0,4,0,1.0000
4,268.0000,16,12,577.7432,-86.2212,-0.1190,32,0.8000,0.8750,8,5,2,0,0,5,2,0.6000
4,268.0000,16,13,644.9617,-87.5975,-0.2849,27,0.6750,0.7500,8,6,4,0,0,6,4,0.3333
4,268.0000,16,15,185.9401,-74.3447,-1.2684,37,0.9250,0.0000,4,4,0,0,0,4,0,1.0000
4,268.0000,16,22,739.9216,-87.6543,-0.2524,27,0.6750,0.7500,8,8,8,0,0,8,8,0.0000
4,268.0000,17,4,364.4338,-81.8884,-0.0941,33,0.8049,0.0000,4,5,1,0,0,5,1,0.8000
4,268.0000,17,6,497.3750,-85.5583,0.5290,29,0.7073,0.0000,4,4,0,0,0,4,0,1.0000
4,268.0000,17,7,713.7042,-87.1496,-0.1503,17,0.4146,0.8571,7,8,8,0,0,8,8,0.0000
4,268.0000,17,11,972.8329,-88.7247,0.0308,7,0.1707,0.8750,8,6,6,0,0,6,6,0.0000
4,268.0000,17,12,802.6882,-88.6423,-0.2535,12,0.2927,0.8571,7,8,8,0,0,8,8,0.0000
4,268.0000,17,13,719.7918,-86.6400,-0.3209,23,0.5610,0.5000,6,8,8,2,2,10,10,0.0000
4,268.0000,17,18,1028.6560,-88.7296,0.3373,4,0.0976,1.0000,8,6,6,0,0,6,6,0.0000
4,268.0000,17,19,1121.2070,-88.6832,0.7926,3,0.0732,1.0000,2,8,8,0,0,8,8,0.0000
4,268.0000,17,22,509.9481,-85.2820,0.6049,29,0.7073,0.4000,5,6,3,0,0,6,3,0.5000
4,268.0000,17,23,302.4900,-81.8653,0.9473,36,0.8780,0.4000,5,5,1,0,0,5,1,0.8000
4,268.0000,17,25,730.2600,-88.2719,0.0869,19,0.4634,1.0000,8,9,7,0,0,9,7,0.2222
4,268.0000,18,1,1091.6360,-89.3863,0.4542,3,0.0750,1.0000,2,8,8,0,0,8,8,0.0000
4,268.0000,18,2,504.5270,-85.2899,0.0581,33,0.8250,0.7143,7,4,0,0,0,4,0,1.0000
4,268.0000,18,3,682.1667,-87.1018,0.3628,15,0.3750,0.8750,8,7,5,0,0,7,5,0.2857
4,268.0000,18,4,1003.9862,-88.3526,-0.8352,8,0.2000,1.0000,6,6,6,0,0,6,6,0.0000
4,268.0000,18,5,969.3676,-88.6278,-0.5452,3,0.0750,1.0000,6,8,8,0,0,8,8,0.0000
4,268.0000,18,8,236.4544,-79.0619,0.6329,37,0.9250,0.0000,4,5,1,0,0,5,1,0.8000
4,268.0000,18,10,873.7854,-88.6563,-0.4993,6,0.1500,1.0000,8,8,7,0,0,8,7,0.1250
4,268.0000,18,14,803.8994,-88.4834,0.1144,15,0.3750,1.0000,8,6,4,0,0,6,4,0.3333
4,268.0000,18,17,1028.6560,-89.4439,-0.1994,4,0.1000,1.0000,8,8,8,0,0,8,8,0.0000
4,268.0000,18,20,832.8508,-88.6026,0.1041,14,0.3500,1.0000,8,8,8,0,0,8,8,0.0000
4,268.0000,18,21,453.1286,-85.0699,-0.5987,35,0.8750,0.5000,6,4,0,0,0,4,0,1.0000
4,268.0000,18,23,861.7459,-87.6768,0.1831,20,0.5000,0.8571,7,8,8,0,0,8,8,0.0000
4,268.0000,18,24,831.9320,-89.1510,0.1773,10,0.2500,1.0000,8,8,8,0,0,8,8,0.0000
4,268.0000,18,25,642.4734,-86.5430,-0.8966,24,0.6000,0.5714,7,8,7,0,0,8,7,0.1250
4,268.0000,19,0,790.9912,-88.3369,0.2107,14,0.3500,0.5000,6,7,6,0,0,7,6,0.1429
4,268.0000,19,6,797.6515,-87.7074,-0.6789,11,0.2750,0.7500,8,6,5,0,0,6,5,0.1667
4,268.0000,19,7,660.3872,-86.9783,-0.0826,19,0.4750,0.7143,7,7,4,0,0,7,4,0.4286
4,268.0000,19,9,920.5767,-88.4238,0.0905,7,0.1750,1.0000,10,8,8,0,0,8,8,0.0000
4,268.0000,19,15,1034.6905,-88.9411,-1.0498,5,0.1250,1.0000,8,6,6,0,0,6,6,0.0000
4,268.0000,19,22,752.6729,-87.3681,0.4385,11,0.2750,0.6667,6,7,5,0,0,7,5,0.2857
4,268.0000,20,1,504.5666,-85.1162,-0.2303,32,0.8000,0.3333,6,5,1,0,0,5,1,0.8000
4,268.0000,20,2,515.5622,-85.3801,-0.3343,33,0.8250,0.6000,10,7,6,0,0,7,6,0.1429
4,268.0000,20,3,572.2749,-85.3427,-0.7083,34,0.8500,0.0000,4,6,3,0,0,6,3,0.5000
4,268.0000,20,5,224.4927,-79.2303,0.4435,40,1.0000,0.0000,4,4,0,0,0,4,0,1.0000
4,268.0000,20,8,851.0569,-88.5381,0.1385,8,0.2000,1.0000,8,6,4,0,0,6,4,0.3333
4,268.0000,20,10,275.3390,-80.0797,-0.2118,39,0.9750,0.5556,9,5,1,0,0,5,1,0.8000
4,268.0000,20,14,618.1942,-86.9095,-0.3151,30,0.7500,0.7143,7,6,4,0,0,6,4,0.3333
4,268.0000,20,18,832.8508,-88.5249,-0.1146,11,0.2750,0.8750,8,7,6,0,0,7,6,0.1429
4,268.0000,20,21,577.1719,-87.2033,-0.3149,28,0.7000,0.7639,72,4,0,76,63,80,63,0.2125
4,268.0000,20,24,962.1758,-88.6264,0.1049,5,0.1250,0.6667,6,6,6,0,0,6,6,0.0000
4,268.0000,21,1,675.2151,-87.2873,-0.4562,21,0.5250,0.6667,6,8,6,0,0,8,6,0.2500
4,268.0000,21,2,274.3948,-79.3755,-0.3716,38,0.9500,0.0000,4,4,0,0,0,4,0,1.0000
4,268.0000,21,3,352.2352,-83.7117,0.3536,37,0.9250,0.0000,4,4,0,0,0,4,0,1.0000
4,268.0000,21,5,715.3024,-88.3499,-0.0515,16,0.4000,0.2000,5,6,4,0,0,6,4,0.3333
4,268.0000,21,8,338.8217,-83.1236,0.5041,38,0.9500,0.0000,34,5,1,2,0,7,1,0.8571
4,268.0000,21,10,500.9869,-86.0657,0.7289,34,0.8500,0.2000,5,5,1,0,0,5,1,0.8000
4,268.0000,21,14,791.4200,-88.2273,0.1941,15,0.3750,1.0000,8,8,7,0,0,8,7,0.1250
4,268.0000,21,18,453.1286,-84.6261,-0.4874,38,0.9500,0.0000,4,4,0,0,0,4,0,1.0000
4,268.0000,21,20,577.1719,-86.8562,0.3167,35,0.8750,0.7143,7,4,0,0,0,4,0,1.0000
4,268.0000,21,24,685.5959,-87.3796,-0.1232,18,0.4500,0.8750,8,7,5,0,0,7,5,0.2857
4,268.0000,21,25,869.6824,-88.9390,-0.0781,11,0.2750,0.9646,113,8,8,114,114,122,122,0.0000
4,268.0000,22,0,726.1847,-87.7452,0.0969,17,0.4250,0.8000,5,9,8,0,0,9,8,0.1111
4,268.0000,22,4,517.5706,-86.0889,0.5843,27,0.6750,0.7143,7,5,2,0,0,5,2,0.6000
4,268.0000,22,6,442.6146,-84.4611,-0.0089,35,0.8750,0.5000,6,5,2,60,21,65,23,0.6462
4,268.0000,22,7,280.3884,-79.2748,-0.2010,39,0.9750,0.0000,4,4,0,0,0,4,0,1.0000
4,268.0000,22,9,626.9171,-86.8704,-0.3347,25,0.6250,0.6000,5,4,0,0,0,4,0,1.0000
4,268.0000,22,11,562.3100,-85.9469,-0.3785,33,0.8250,0.5000,6,6,3,0,0,6,3,0.5000
4,268.0000,22,12,560.4306,-86.9423,0.6483,26,0.6500,0.0000,4,5,1,0,0,5,1,0.8000
4,268.0000,22,13,457.7071,-85.2977,0.2516,35,0.8750,0.0000,4,4,1,0,0,4,1,0.7500
4,268.0000,22,15,591.9739,-86.3825,0.5679,31,0.7750,0.6667,6,8,8,0,0,8,8,0.0000
4,268.0000,22,16,739.9216,-87.9948,0.1539,20,0.5000,0.8571,7,8,7,0,0,8,7,0.1250
4,268.0000,22,17,509.9481,-85.0557,-0.1356,31,0.7750,0.2000,5,5,1,0,0,5,1,0.8000
4,268.0000,22,19,752.6729,-87.7919,0.4306,18,0.4500,0.6667,6,8,8,0,0,8,8,0.0000
4,268.0000,22,23,739.2009,-87.1919,0.1179,17,0.4250,0.8000,5,7,6,0,0,7,6,0.1429
4,268.0000,22,25,1011.3315,-88.4854,-0.8027,4,0.1000,,0,8,8,0,0,8,8,0.0000
4,268.0000,23,4,481.5067,-85.1220,-0.2170,27,0.6750,0.5000,6,4,0,0,0,4,0,1.0000
4,268.0000,23,6,548.2562,-87.5065,0.6069,22,0.5500,0.5000,6,4,1,0,0,4,1,0.7500
4,268.0000,23,7,869.1914,-88.9863,-0.2745,6,0.1500,1.0000,6,10,10,0,0,10,10,0.0000
4,268.0000,23,8,913.5374,-88.4002,-0.0409,13,0.3250,1.0000,8,7,6,0,0,7,6,0.1429
4,268.0000,23,12,993.7345,-89.2687,0.3443,5,0.1250,1.0000,8,4,4,0,0,4,4,0.0000
4,268.0000,23,13,886.7436,-88.3149,-0.0906,19,0.4750,1.0000,8,7,6,0,0,7,6,0.1429
4,268.0000,23,17,302.4900,-82.4568,0.6615,32,0.8000,0.0000,4,5,1,0,0,5,1,0.8000
4,268.0000,23,18,861.7459,-88.2761,-0.4522,11,0.2750,0.7143,7,7,6,0,0,7,6,0.1429
4,268.0000,23,22,739.2009,-87.9505,-0.2313,12,0.3000,0.4000,5,7,6,0,0,7,6,0.1429
4,268.0000,23,25,678.5616,-86.8483,-0.2207,21,0.5250,0.6667,6,7,6,0,0,7,6,0.1429
4,268.0000,24,1,881.4612,-87.9533,-0.2427,14,0.3500,0.7143,7,8,8,0,0,8,8,0.0000
4,268.0000,24,2,510.9283,-86.3842,0.3319,25,0.6250,0.7143,7,6,3,0,0,6,3,0.5000
4,268.0000,24,3,430.8152,-84.9689,0.1148,33,0.8250,0.5000,4,5,1,0,0,5,1,0.8000
4,268.0000,24,4,949.5226,-87.7565,-0.2194,5,0.1250,1.0000,8,8,8,0,0,8,8,0.0000
4,268.0000,24,5,930.8243,-88.3754,-0.2113,15,0.3750,1.0000,8,8,8,0,0,8,8,0.0000
4,268.0000,24,8,803.2837,-88.6966,-0.4595,8,0.2000,0.8571,7,6,3,0,0,6,3,0.5000
4,268.0000,24,10,960.9353,-88.6943,-0.3128,13,0.3250,1.0000,8,6,6,0,0,6,6,0.0000
4,268.0000,24,18,831.9320,-87.9874,0.3369,8,0.2000,0.8571,7,8,7,0,0,8,7,0.1250
4,268.0000,24,20,962.1758,-88.3271,-0.7317,10,0.2500,0.8750,8,8,8,0,0,8,8,0.0000
4,268.0000,24,21,685.5959,-87.5141,0.3116,22,0.5500,0.5714,7,8,7,0,0,8,7,0.1250
4,268.0000,24,25,627.2441,-87.2429,0.3734,23,0.5750,0.7143,7,8,8,0,0,8,8,0.0000
4,268.0000,25,2,735.2493,-87.8584,-0.2757,17,0.4250,0.8571,7,8,8,0,0,8,8,0.0000
4,268.0000,25,3,835.3194,-89.0605,-0.0842,7,0.1750,0.8571,7,7,6,0,0,7,6,0.1429
4,268.0000,25,4,494.3169,-85.1894,-0.0324,32,0.8000,0.7000,10,6,4,3,2,9,6,0.3333
4,268.0000,25,8,748.1528,-88.6252,-0.1228,12,0.3000,1.0000,8,8,8,0,0,8,8,0.0000
4,268.0000,25,12,845.4536,-88.0940,-0.3146,11,0.2750,0.8750,8,8,8,0,0,8,8,0.0000
4,268.0000,25,13,819.3740,-88.6304,0.5944,10,0.2500,0.7500,8,8,7,0,0,8,7,0.1250
4,268.0000,25,17,730.2600,-87.8798,0.1673,19,0.4750,0.6667,6,6,4,2,2,8,6,0.2500
4,268.0000,25,18,642.4734,-87.1498,-0.2082,25,0.6250,0.5714,7,6,3,0,0,6,3,0.5000
4,268.0000,25,21,869.6824,-88.5410,0.4679,13,0.3250,1.0000,8,8,8,0,0,8,8,0.0000
4,268.0000,25,23,678.5616,-87.5831,0.0057,27,0.6750,0.5714,7,6,2,0,0,6,2,0.6667
4,268.0000,25,24,627.2441,-87.3403,-0.2682,24,0.6000,0.6667,6,7,6,0,0,7,6,0.1429
4,272.0000,0,6,1131.4313,-88.9501,-0.5176,4,0.1000,1.0000,2,2,2,0,0,2,2,0.0000
4,272.0000,0,7,701.7751,-87.1811,-0.5943,19,0.4750,0.6667,6,8,7,0,0,8,7,0.1250
4,272.0000,0,9,299.3439,-80.4378,-0.0940,34,0.8500,0.2000,5,4,0,0,0,4,0,1.0000
4,272.0000,0,11,425.0031,-84.7487,0.2767,33,0.8250,0.0000,4,5,1,0,0,5,1,0.8000
4,272.0000,0,12,746.3810,-87.9501,-0.2039,10,0.2500,1.0000,8,6,4,0,0,6,4,0.3333
4,272.0000,0,13,699.0965,-87.8992,-0.0639,17,0.4250,0.7143,7,8,7,0,0,8,7,0.1250
4,272.0000,0,15,616.0192,-87.2443,0.5058,20,0.5000,0.7143,7,8,7,0,0,8,7,0.1250
4,272.0000,0,16,402.9407,-85.1326,0.2644,32,0.8000,0.3333,6,5,1,0,0,5,1,0.8000
4,272.0000,0,19,823.2494,-88.1984,0.1189,18,0.4500,1.0000,6,8,8,4,4,12,12,0.0000
4,272.0000,0,22,847.6072,-88.0111,-0.6493,11,0.2750,1.0000,8,6,6,0,0,6,6,0.0000
4,272.0000,1,2,648.4308,-87.4936,-0.1755,22,0.5500,0.7143,7,7,5,0,0,7,5,0.2857
4,272.0000,1,3,699.4187,-86.6088,-0.4954,28,0.7000,0.5714,7,8,7,0,0,8,7,0.1250
4,272.0000,1,5,518.3516,-86.2423,-0.2431,33,0.8250,0.2000,5,6,3,0,0,6,3,0.5000
4,272.0000,1,8,971.9444,-88.9467,0.1233,4,0.1000,1.0000,6,8,8,0,0,8,8,0.0000
4,272.0000,1,10,397.1991,-83.4543,-0.3231,36,0.9000,0.0000,3,6,2,0,0,6,2,0.6667
4,272.0000,1,18,1063.0442,-89.3891,-0.8849,3,0.0750,1.0000,6,2,2,0,0,2,2,0.0000
4,272.0000,1,20,539.2041,-86.3945,-0.2994,33,0.8250,0.5000,6,4,0,0,0,4,0,1.0000
4,272.0000,1,21,627.5126,-87.3290,0.0237,23,0.5750,0.5000,6,5,1,0,0,5,1,0.8000
4,272.0000,1,24,1038.2421,-89.3290,0.1176,3,0.0750,1.0000,8,8,8,0,0,8,8,0.0000
4,272.0000,2,1,648.4308,-87.1928,-0.1906,21,0.5250,0.3333,6,6,3,0,0,6,3,0.5000
4,272.0000,2,3,177.0611,-76.5859,0.6474,38,0.9500,0.0000,4,4,0,0,0,4,0,1.0000
4,272.0000,2,5,570.3766,-85.4617,0.5209,32,0.8000,0.5000,6,8,6,0,0,8,6,0.2500
4,272.0000,2,8,480.8638,-85.1650,-0.1901,32,0.8000,0.5000,6,4,0,0,0,4,0,1.0000
4,272.0000,2,10,613.0203,-86.5088,-0.5128,28,0.7000,0.5000,6,8,7,0,0,8,7,0.1250
4,272.0000,2,14,999.2378,-88.4204,0.5356,7,0.1750,1.0000,8,8,8,0,0,8,8,0.0000
4,272.0000,2,18,552.4037,-85.8002,-0.3066,25,0.6250,0.7143,7,5,2,0,0,5,2,0.6000
4,272.0000,2,20,580.1557,-85.6938,-0.1241,29,0.7250,0.5000,6,7,4,0,0,7,4,0.4286
4,272.0000,2,21,326.2280,-81.0367,0.0843,38,0.9500,0.0000,4,4,0,0,0,4,0,1.0000
4,272.0000,2,24,507.3129,-84.6735,-0.0738,31,0.7750,0.4000,5,6,2,0,0,6,2,0.6667
4,272.0000,2,25,841.5404,-88.5492,0.1094,13,0.3250,0.7143,7,8,8,0,0,8,8,0.0000
4,272.0000,3,1,699.4187,-87.1831,-0.5262,31,0.7561,0.7143,7,6,4,0,0,6,4,0.3333
4,272.0000,3,2,177.0611,-75.7114,0.1736,41,1.0000,0.0000,4,4,0,0,0,4,0,1.0000
4,272.0000,3,5,725.4497,-87.3786,-0.2404,25,0.6098,0.7500,8,8,8,0,0,8,8,0.0000
4,272.0000,3,8,499.1876,-85.7822,0.1854,29,0.7073,0.7045,44,5,1,25,7,30,8,0.7333
4,272.0000,3,10,727.3550,-87.2533,-0.2592,27,0.6585,0.5000,6,8,8,0,0,8,8,0.0000
4,272.0000,3,18,635.4125,-87.1518,-0.0402,21,0.5122,0.7500,8,7,6,0,0,7,6,0.1429
4,272.0000,3,20,738.1767,-87.2318,-0.2494,23,0.5610,1.0000,8,8,8,0,0,8,8,0.0000
4,272.0000,3,21,393.9867,-82.9408,-0.7576,39,0.9512,0.0000,4,5,2,0,0,5,2,0.6000
4,272.0000,3,24,373.8649,-83.1684,-0.0323,39,0.9512,0.0000,4,4,0,0,0,4,0,1.0000
4,272.0000,3,25,802.5743,-88.3501,-0.0781,10,0.2439,0.8571,7,8,7,52,52,60,59,0.0167
4,272.0000,4,6,513.6175,-86.0290,0.4903,28,0.7000,0.6000,5,7,2,0,0,7,2,0.7143
4,272.0000,4,7,620.2307,-86.5498,0.1315,26,0.6500,0.4000,5,8,4,0,0,8,4,0.5000
4,272.0000,4,8,1111.8781,-89.1683,0.2433,3,0.0750,1.0000,8,2,2,0,0,2,2,0.0000
4,272.0000,4,9,934.8265,-88.9936,-0.0430,8,0.2000,1.0000,8,8,8,0,0,8,8,0.0000
4,272.0000,4,11,818.9580,-88.4667,0.0822,13,0.3250,1.0000,8,7,6,0,0,7,6,0.1429
4,272.0000,4,12,569.5547,-86.0333,0.1645,29,0.7250,0.2000,5,6,4,0,0,6,4,0.3333
4,272.0000,4,13,541.0650,-85.7347,-0.1026,33,0.8250,0.5714,7,8,6,4,2,12,8,0.3333
4,272.0000,4,15,829.5571,-88.6294,0.3751,8,0.2000,1.0000,8,7,6,0,0,7,6,0.1429
4,272.0000,4,16,1042.6142,-88.4141,1.0316,4,0.1000,1.0000,8,4,4,0,0,4,4,0.0000
4,272.0000,4,17,407.8233,-83.5108,-0.0817,34,0.8500,0.4000,5,4,0,0,0,4,0,1.0000
4,272.0000,4,18,1139.3584,-89.3173,0.0484,4,0.1000,1.0000,8,4,4,0,0,4,4,0.0000
4,272.0000,4,22,375.5370,-83.9708,0.4895,33,0.8250,0.0000,4,7,3,0,0,7,3,0.5714
4,272.0000,4,23,460.2437,-84.9463,-0.2855,31,0.7750,0.2000,5,7,3,0,0,7,3,0.5714
4,272.0000,4,24,942.4291,-88.2461,-1.1061,4,0.1000,1.0000,8,8,8,0,0,8,8,0.0000
4,272.0000,4,25,493.6093,-85.5101,0.2383,32,0.8000,0.5714,7,4,0,0,0,4,0,1.0000
4,272.0000,5,1,518.3516,-85.1092,-0.1047,30,0.7500,0.2000,5,6,2,0,0,6,2,0.6667
4,272.0000,5,2,570.3766,-86.3535,0.1431,28,0.7000,0.0000,4,7,5,0,0,7,5,0.2857
4,272.0000,5,3,725.4497,-86.8433,-0.4122,22,0.5500,0.8750,8,8,8,0,0,8,8,0.0000
4,272.0000,5,8,898.2806,-89.0623,0.8010,6,0.1500,1.0000,8,7,6,0,0,7,6,0.1429
4,272.0000,5,10,400.2836,-84.8939,1.0164,37,0.9250,0.0000,4,4,0,0,0,4,0,1.0000
4,272.0000,5,14,812.8553,-88.9460,-0.0113,13,0.3250,1.0000,8,6,4,0,0,6,4,0.3333
4,272.0000,5,18,853.3955,-88.7865,-0.1790,7,0.1750,1.0000,8,8,8,0,0,8,8,0.0000
4,272.0000,5,20,185.1042,-78.0442,0.3053,39,0.9750,0.0000,4,4,0,0,0,4,0,1.0000
4,272.0000,5,21,623.3400,-87.0843,0.4411,22,0.5500,0.8750,8,5,1,0,0,5,1,0.8000
4,272.0000,5,24,1048.7971,-88.8294,-0.3901,4,0.1000,1.0000,6,2,2,0,0,2,2,0.0000
4,272.0000,6,4,513.6175,-86.0035,0.9977,24,0.6154,0.9333,15,6,3,0,0,6,3,0.5000
4,272.0000,6,7,434.1062,-84.4496,-0.1560,30,0.7692,0.5714,7,4,0,0,0,4,0,1.0000
4,272.0000,6,11,1018.2335,-88.6996,-0.3264,9,0.2308,1.0000,8,6,6,0,0,6,6,0.0000
4,272.0000,6,12,919.4341,-89.1422,0.1760,8,0.2051,0.8571,7,8,8,0,0,8,8,0.0000
4,272.0000,6,13,853.7149,-88.9212,0.2636,9,0.2308,0.8750,8,8,8,0,0,8,8,0.0000
4,272.0000,6,15,1089.0847,-88.6140,1.4673,3,0.0769,1.0000,8,4,4,0,0,4,4,0.0000
4,272.0000,6,17,459.2614,-86.1959,-0.3262,33,0.8462,0.5833,60,6,2,62,31,68,33,0.5147
4,272.0000,6,19,928.0112,-88.0539,-0.6713,5,0.1282,0.8889,9,8,8,0,0,8,8,0.0000
4,272.0000,6,22,463.4476,-84.6348,-0.2354,30,0.7692,0.2742,62,5,2,0,0,5,2,0.6000
4,272.0000,6,23,426.9063,-85.2131,0.3935,33,0.8462,0.4000,5,4,0,0,0,4,0,1.0000
4,272.0000,6,25,943.1190,-88.8935,-0.7704,3,0.0769,0.8000,5,8,7,0,0,8,7,0.1250
4,272.0000,7,0,701.7751,-87.3179,-0.1878,20,0.5128,0.6667,6,7,6,0,0,7,6,0.1429
4,272.0000,7,4,620.2307,-86.5366,0.3015,21,0.5385,0.7143,7,8,8,0,0,8,8,0.0000
4,272.0000,7,6,434.1062,-84.3331,0.2322,32,0.8205,0.4286,7,4,0,0,0,4,0,1.0000
4,272.0000,7,9,697.4971,-86.4517,-0.0946,22,0.5641,0.7143,7,7,6,0,0,7,6,0.1429
4,272.0000,7,11,668.8638,-86.6932,-1.0302,24,0.6154,0.5000,8,9,7,0,0,9,7,0.2222
4,272.0000,7,12,703.1312,-87.3989,0.0766,16,0.4103,0.7143,7,6,4,0,0,6,4,0.3333
4,272.0000,7,13,623.7799,-86.4215,-0.2418,24,0.6154,0.5000,8,6,4,0,0,6,4,0.3333
4,272.0000,7,15,791.8981,-87.8064,-0.0972,13,0.3333,0.8750,8,8,8,0,0,8,8,0.0000
4,272.0000,7,16,815.4934,-88.2814,-0.6343,9,0.2308,0.8571,7,8,8,0,0,8,8,0.0000
4,272.0000,7,17,771.1955,-88.0841,0.0515,18,0.4615,0.7500,8,7,6,0,0,7,6,0.1429
4,272.0000,7,19,661.5312,-87.5200,0.4564,22,0.5641,0.6667,6,8,7,3,2,11,9,0.1818
4,272.0000,7,22,359.9810,-81.4097,-0.1210,32,0.8205,0.2000,5,4,0,0,0,4,0,1.0000
4,272.0000,7,23,805.4576,-88.3349,-0.3115,9,0.2308,1.0000,6,7,6,0,0,7,6,0.1429
4,272.0000,8,1,971.9444,-89.1298,0.1618,8,0.2000,0.8571,7,10,9,0,0,10,9,0.1000
4,272.0000,8,2,480.8638,-85.8259,-0.3866,33,0.8250,1.0000,6,6,3,0,0,6,3,0.5000
4,272.0000,8,3,499.1876,-86.5413,0.3082,29,0.7250,0.5000,6,6,4,0,0,6,4,0.3333
4,272.0000,8,4,1111.8781,-89.0455,-0.0143,4,0.1000,1.0000,8,4,4,0,0,4,4,0.0000
4,272.0000,8,10,786.8127,-88.1196,-0.2812,18,0.4500,0.8750,8,6,3,0,0,6,3,0.5000
4,272.0000,8,14,896.0280,-88.7425,-0.2095,11,0.2750,0.8571,7,10,9,0,0,10,9,0.1000
4,272.0000,8,17,1020.2711,-89.1653,0.3019,4,0.1000,1.0000,6,8,8,0,0,8,8,0.0000
4,272.0000,8,18,262.5704,-78.9895,-0.6712,40,1.0000,0.0000,4,4,0,0,0,4,0,1.0000
4,272.0000,8,20,811.5533,-88.2080,0.0525,16,0.4000,1.0000,8,8,7,0,0,8,7,0.1250
4,272.0000,8,21,350.2964,-82.2713,-0.0519,36,0.9000,0.0000,4,4,0,0,0,4,0,1.0000
4,272.0000,8,23,1018.0243,-89.1933,0.3956,8,0.2000,1.0000,8,4,4,0,0,4,4,0.0000
4,272.0000,8,24,687.1623,-86.9624,0.3105,16,0.4000,1.0000,8,7,5,0,0,7,5,0.2857
4,272.0000,8,25,789.5180,-87.7494,-0.4662,16,0.4000,1.0000,8,8,8,0,0,8,8,0.0000
4,272.0000,9,0,299.3439,-80.0031,-0.2554,39,0.9750,0.0000,4,4,0,0,0,4,0,1.0000
4,272.0000,9,4,934.8265,-88.7434,-0.3918,7,0.1750,1.0000,8,8,8,0,0,8,8,0.0000
4,272.0000,9,7,697.4971,-86.5192,-0.6406,20,0.5000,0.7143,7,8,8,0,0,8,8,0.0000
4,272.0000,9,11,138.6060,-76.4676,1.0562,39,0.9750,0.0000,4,4,0,0,0,4,0,1.0000
4,272.0000,9,12,475.4544,-85.7735,0.6123,28,0.7000,0.6667,6,5,1,0,0,5,1,0.8000
4,272.0000,9,13,452.5797,-84.3041,0.5526,28,0.7000,0.4000,5,6,2,0,0,6,2,0.6667
4,272.0000,9,15,343.5318,-82.6399,-0.2381,36,0.9000,0.5000,6,5,1,0,0,5,1,0.8000
4,272.0000,9,16,247.0520,-80.0484,0.7933,38,0.9500,0.2000,5,4,0,0,0,4,0,1.0000
4,272.0000,9,19,971.1453,-88.4926,-0.6857,6,0.1500,0.8571,7,9,8,0,0,9,8,0.1111
4,272.0000,9,22,717.3197,-87.4475,-0.1124,19,0.4750,0.2000,5,8,6,0,0,8,6,0.2500
4,272.0000,10,1,397.1991,-83.2321,-0.6697,36,0.9000,0.0000,4,4,0,0,0,4,0,1.0000
4,272.0000,10,2,613.0203,-86.2673,-0.6272,26,0.6500,0.5000,6,7,4,0,0,7,4,0.4286
4,272.0000,10,3,727.3550,-86.9783,-0.2992,26,0.6500,0.8289,152,8,8,158,149,166,157,0.0542
4,272.0000,10,5,400.2836,-83.7305,0.0885,39,0.9750,0.2000,5,6,2,0,0,6,2,0.6667
4,272.0000,10,8,786.8127,-88.1367,-0.4993,14,0.3500,0.7143,7,8,8,0,0,8,8,0.0000
4,272.0000,10,14,747.0505,-87.7870,-0.2434,25,0.6250,0.5714,7,7,6,0,0,7,6,0.1429
4,272.0000,10,18,816.0872,-87.9604,-0.4453,11,0.2750,1.0000,8,7,5,0,0,7,5,0.2857
4,272.0000,10,20,276.4411,-80.2936,-0.0034,40,1.0000,0.0000,4,4,0,0,0,4,0,1.0000
4,272.0000,10,21,458.7497,-85.1231,0.1111,34,0.8500,0.4000,10,6,3,0,0,6,3,0.5000
4,272.0000,10,24,1100.1771,-88.5162,-0.0918,5,0.1250,1.0000,10,4,4,0,0,4,4,0.0000
4,272.0000,11,0,425.0031,-84.5211,-0.0136,37,0.9250,0.2000,5,5,1,2,0,7,1,0.8571
4,272.0000,11,4,818.9580,-87.6674,0.0397,15,0.3750,1.0000,8,8,8,0,0,8,8,0.0000
4,272.0000,11,6,1018.2335,-89.0401,0.5740,6,0.1500,0.8571,7,8,8,0,0,8,8,0.0000
4,272.0000,11,7,668.8638,-86.8556,0.3433,26,0.6500,0.6923,13,6,4,36,36,42,40,0.0476
4,272.0000,11,9,138.6060,-76.1902,1.9929,39,0.9750,0.0000,4,4,0,0,0,4,0,1.0000
4,272.0000,11,12,336.9730,-81.9523,-0.4942,37,0.9250,0.0000,4,4,0,0,0,4,0,1.0000
4,272.0000,11,13,320.9089,-81.8956,-0.2100,36,0.9000,0.0000,4,4,0,0,0,4,0,1.0000
4,272.0000,11,15,263.0049,-79.0434,-0.2793,39,0.9750,0.0000,4,4,0,0,0,4,0,1.0000
4,272.0000,11,16,307.7945,-81.5262,0.1069,40,1.0000,0.0000,4,4,0,0,0,4,0,1.0000
4,272.0000,11,19,1019.8256,-88.5189,-0.0188,5,0.1250,1.0000,8,5,4,0,0,5,4,0.2000
4,272.0000,11,22,634.0661,-87.0101,-0.2617,24,0.6000,0.8936,47,7,6,34,33,41,39,0.0488
4,272.0000,12,0,746.3810,-88.3129,0.0642,17,0.4250,0.7500,8,8,7,0,0,8,7,0.1250
4,272.0000,12,4,569.5547,-86.0703,-0.3835,22,0.5500,0.6667,6,7,6,0,0,7,6,0.1429
4,272.0000,12,6,919.4341,-88.7034,-0.1402,6,0.1500,0.8750,8,8,8,0,0,8,8,0.0000
4,272.0000,12,7,703.1312,-87.5523,-0.0959,17,0.4250,0.5000,6,7,6,0,0,7,6,0.1429
4,272.0000,12,9,475.4544,-85.3257,-0.0798,33,0.8250,0.2000,5,4,0,0,0,4,0,1.0000
4,272.0000,12,11,336.9730,-82.2465,-0.2924,37,0.9250,0.2000,5,4,0,0,0,4,0,1.0000
4,272.0000,12,13,108.9701,-73.7956,1.1659,37,0.9250,0.0000,4,4,0,0,0,4,0,1.0000
4,272.0000,12,15,343.2249,-83.5129,-0.1318,37,0.9250,0.2000,5,4,0,0,0,4,0,1.0000
4,272.0000,12,16,585.9725,-85.9013,0.0400,27,0.6750,0.5000,6,5,2,0,0,5,2,0.6000
4,272.0000,12,17,934.0043,-87.8850,-0.0839,8,0.2000,1.0000,8,6,6,0,0,6,6,0.0000
4,272.0000,12,22,528.1559,-85.5300,0.8114,28,0.7000,0.0000,4,7,6,0,0,7,6,0.1429
4,272.0000,12,25,809.7098,-87.8388,0.1777,11,0.2750,1.0000,8,7,5,0,0,7,5,0.2857
4,272.0000,13,0,699.0965,-87.6906,0.0976,22,0.5500,0.7500,8,7,6,0,0,7,6,0.1429
4,272.0000,13,4,541.0650,-85.2495,-0.1026,33,0.8250,0.5000,6,7,4,0,0,7,4,0.4286
4,272.0000,13,6,853.7149,-88.6059,-0.0623,10,0.2500,1.0000,8,8,7,0,0,8,7,0.1250
4,272.0000,13,7,623.7799,-85.9746,-0.5230,27,0.6750,0.6667,6,7,5,0,0,7,5,0.2857
4,272.0000,13,9,452.5797,-85.6113,0.0382,34,0.8500,0.5000,6,5,2,0,0,5,2,0.6000
4,272.0000,13,11,320.9089,-81.6210,0.7890,38,0.9500,0.0000,4,4,0,0,0,4,0,1.0000
4,272.0000,13,12,108.9701,-73.7961,1.4381,38,0.9500,0.0000,4,4,0,0,0,4,0,1.0000
4,272.0000,13,15,400.0719,-84.6956,0.8864,38,0.9500,0.2000,5,5,1,0,0,5,1,0.8000
4,272.0000,13,16,600.4965,-86.9105,0.7905,26,0.6500,0.6667,6,5,1,0,0,5,1,0.8000
4,272.0000,13,17,914.1394,-88.0206,0.0866,14,0.3500,0.8571,7,8,8,0,0,8,8,0.0000
4,272.0000,13,22,493.3829,-84.7316,-0.6705,34,0.8500,0.6667,6,5,1,0,0,5,1,0.8000
4,272.0000,13,23,985.7308,-88.5325,0.0765,5,0.1250,0.8333,6,3,2,0,0,3,2,0.3333
4,272.0000,13,25,811.3262,-88.3826,0.2897,15,0.3750,1.0000,8,8,5,0,0,8,5,0.3750
4,272.0000,14,2,999.2378,-88.9914,0.0241,4,0.1000,1.0000,8,8,8,0,0,8,8,0.0000
4,272.0000,14,5,812.8553,-87.4398,-0.3306,9,0.2250,0.8750,8,6,4,0,0,6,4,0.3333
4,272.0000,14,8,896.0280,-88.7199,0.1903,4,0.1000,0.8750,8,8,8,0,0,8,8,0.0000
4,272.0000,14,10,747.0505,-87.6196,0.3249,15,0.3750,0.7143,7,7,5,0,0,7,5,0.2857
4,272.0000,14,18,731.1600,-87.6886,-0.6740,11,0.2750,1.0000,8,7,6,0,0,7,6,0.1429
4,272.0000,14,20,657.1253,-87.0857,-0.3442,22,0.5500,0.6667,6,7,5,0,0,7,5,0.2857
4,272.0000,14,21,828.5359,-88.5073,-0.6175,8,0.2000,0.8750,8,6,3,0,0,6,3,0.5000
4,272.0000,15,0,616.0192,-86.7519,0.1274,26,0.6500,0.4000,5,5,1,0,0,5,1,0.8000
4,272.0000,15,4,829.5571,-88.2354,0.5026,12,0.3000,1.0000,8,7,6,0,0,7,6,0.1429
4,272.0000,15,7,791.8981,-88.1425,-0.1252,13,0.3250,0.6667,6,8,8,0,0,8,8,0.0000
4,272.0000,15,9,343.5318,-82.4762,0.2190,38,0.9500,0.0000,4,4,0,0,0,4,0,1.0000
4,272.0000,15,11,263.0049,-79.6028,-0.1940,39,0.9750,0.0000,4,5,1,0,0,5,1,0.8000
4,272.0000,15,12,343.2249,-84.4410,0.4445,34,0.8500,0.2000,5,4,0,0,0,4,0,1.0000
4,272.0000,15,13,400.0719,-85.0045,0.7165,36,0.9000,0.0000,3,4,0,0,0,4,0,1.0000
4,272.0000,15,16,298.8027,-78.3335,-1.2156,40,1.0000,0.0000,4,5,1,0,0,5,1,0.8000
4,272.0000,15,19,1084.3049,-89.9117,-0.0253,3,0.0750,1.0000,8,8,8,0,0,8,8,0.0000
4,272.0000,15,22,643.0844,-87.4344,-0.2808,25,0.6250,0.7143,7,6,3,0,0,6,3,0.5000
4,272.0000,16,0,402.9407,-85.1225,0.5804,37,0.9250,0.6667,6,4,0,0,0,4,0,1.0000
4,272.0000,16,4,1042.6142,-89.3899,-0.0653,5,0.1250,1.0000,8,6,6,0,0,6,6,0.0000
4,272.0000,16,7,815.4934,-88.2213,-0.4209,16,0.4000,1.0000,8,8,8,0,0,8,8,0.0000
4,272.0000,16,9,247.0520,-80.8618,1.1075,40,1.0000,0.0000,4,4,0,0,0,4,0,1.0000
4,272.0000,16,11,307.7945,-81.5497,0.0877,40,1.0000,0.0000,4,4,0,0,0,4,0,1.0000
4,272.0000,16,12,585.9725,-86.1663,0.1837,34,0.8500,0.4000,5,6,4,0,0,6,4,0.3333
4,272.0000,16,13,600.4965,-87.4449,-0.0335,23,0.5750,0.6667,6,6,3,0,0,6,3,0.5000
4,272.0000,16,15,298.8027,-78.4070,-0.9336,39,0.9750,0.0000,4,5,1,0,0,5,1,0.8000
4,272.0000,16,19,951.6820,-89.2527,-0.0104,6,0.1500,1.0000,8,8,8,0,0,8,8,0.0000
4,272.0000,16,22,782.8816,-88.0658,-0.4830,19,0.4750,1.0000,8,7,6,0,0,7,6,0.1429
4,272.0000,17,4,407.8233,-83.1525,-0.2928,30,0.7500,0.2000,5,5,1,5,3,10,4,0.6000
4,272.0000,17,6,459.2614,-84.5181,-0.1281,28,0.7000,0.0000,4,5,1,0,0,5,1,0.8000
4,272.0000,17,7,771.1955,-87.9585,0.3919,15,0.3750,1.0000,8,10,10,0,0,10,10,0.0000
4,272.0000,17,11,1145.5909,-88.5338,-0.3922,5,0.1250,1.0000,6,4,4,0,0,4,4,0.0000
4,272.0000,17,12,934.0043,-88.1915,-1.0198,6,0.1500,1.0000,8,8,8,0,0,8,8,0.0000
4,272.0000,17,13,914.1394,-87.6019,-0.4920,12,0.3000,1.0000,10,6,6,0,0,6,6,0.0000
4,272.0000,17,15,1122.0436,-89.1236,0.8204,4,0.1000,1.0000,6,4,4,0,0,4,4,0.0000
4,272.0000,17,18,1065.8895,-88.7649,0.1854,3,0.0750,1.0000,6,4,4,0,0,4,4,0.0000
4,272.0000,17,22,543.6299,-85.5651,0.0761,24,0.6000,0.5000,6,7,3,0,0,7,3,0.5714
4,272.0000,17,23,209.1391,-79.1160,0.5106,37,0.9250,0.2000,5,4,0,0,0,4,0,1.0000
4,272.0000,17,25,711.3182,-87.5305,-0.0318,19,0.4750,0.7778,9,5,4,0,0,5,4,0.2000
4,272.0000,18,2,552.4037,-85.4320,-0.1766,30,0.7500,0.0000,4,4,0,0,0,4,0,1.0000
4,272.0000,18,3,635.4125,-87.3036,-0.3604,24,0.6000,0.7143,7,8,8,0,0,8,8,0.0000
4,272.0000,18,5,853.3955,-88.3552,0.1890,11,0.2750,1.0000,8,8,8,0,0,8,8,0.0000
4,272.0000,18,8,262.5704,-79.0643,-0.0167,39,0.9750,0.2000,5,5,1,0,0,5,1,0.8000
4,272.0000,18,10,816.0872,-88.5414,0.1610,15,0.3750,0.8750,8,7,5,0,0,7,5,0.2857
4,272.0000,18,14,731.1600,-88.0540,-0.0643,20,0.5000,0.6667,6,8,7,0,0,8,7,0.1250
4,272.0000,18,20,762.8638,-88.3967,0.1044,10,0.2500,1.0000,8,8,8,0,0,8,8,0.0000
4,272.0000,18,21,471.4657,-85.2059,-0.4859,33,0.8250,0.0000,4,5,2,0,0,5,2,0.6000
4,272.0000,18,23,1011.6396,-88.1058,-0.7608,7,0.1750,1.0000,8,8,8,0,0,8,8,0.0000
4,272.0000,18,24,815.8085,-88.0660,-0.0647,13,0.3250,1.0000,8,10,10,0,0,10,10,0.0000
4,272.0000,18,25,785.1973,-87.8144,-0.1233,21,0.5250,0.8750,8,8,8,0,0,8,8,0.0000
4,272.0000,19,0,823.2494,-87.7659,1.3292,8,0.2000,0.8571,7,7,6,0,0,7,6,0.1429
4,272.0000,19,6,928.0112,-88.3821,0.3650,10,0.2500,0.8333,6,6,6,0,0,6,6,0.0000
4,272.0000,19,7,661.5312,-87.1107,-0.6567,19,0.4750,0.5714,7,5,4,0,0,5,4,0.2000
4,272.0000,19,9,971.1453,-88.0939,-0.0545,3,0.0750,1.0000,8,6,6,0,0,6,6,0.0000
4,272.0000,19,11,1019.8256,-88.8484,-0.3199,5,0.1250,1.0000,8,8,8,0,0,8,8,0.0000
4,272.0000,19,15,1084.3049,-89.1355,0.3747,3,0.0750,1.0000,6,6,6,0,0,6,6,0.0000
4,272.0000,19,16,951.6820,-89.0279,-0.3267,3,0.0750,1.0000,8,8,8,0,0,8,8,0.0000
4,272.0000,19,17,1230.1459,-89.3438,-0.2661,3,0.0750,1.0000,4,4,4,0,0,4,4,0.0000
4,272.0000,19,22,854.6754,-87.8181,0.7193,12,0.3000,0.7143,7,8,8,0,0,8,8,0.0000
4,272.0000,20,1,539.2041,-85.6991,-0.2634,33,0.8250,0.2000,5,7,4,0,0,7,4,0.4286
4,272.0000,20,2,580.1557,-85.9519,-0.3205,33,0.8250,0.8571,7,7,4,0,0,7,4,0.4286
4,272.0000,20,3,738.1767,-86.9957,0.0112,27,0.6750,0.5000,6,8,8,72,71,80,79,0.0125
4,272.0000,20,5,185.1042,-77.5491,0.3320,40,1.0000,0.0000,4,4,0,0,0,4,0,1.0000
4,272.0000,20,8,811.5533,-88.2976,0.4924,13,0.3250,0.6667,6,8,7,0,0,8,7,0.1250
4,272.0000,20,10,276.4411,-80.6355,-0.2058,40,1.0000,0.2000,5,4,0,0,0,4,0,1.0000
4,272.0000,20,14,657.1253,-86.7204,-0.0455,28,0.7000,0.6667,6,6,3,0,0,6,3,0.5000
4,272.0000,20,18,762.8638,-88.2309,0.1813,20,0.5000,0.8571,7,7,6,0,0,7,6,0.1429
4,272.0000,20,21,535.7279,-86.2483,-0.1035,29,0.7250,0.7875,80,6,2,8,5,14,7,0.5000
4,272.0000,20,24,1084.6645,-89.1728,0.0489,6,0.1500,1.0000,6,6,6,0,0,6,6,0.0000
4,272.0000,21,1,627.5126,-87.7655,-0.1523,28,0.7000,0.7500,8,7,5,0,0,7,5,0.2857
4,272.0000,21,2,326.2280,-80.6737,-0.4805,40,1.0000,0.0000,4,5,2,2,2,7,4,0.4286
4,272.0000,21,3,393.9867,-83.2717,-0.0710,39,0.9750,0.0000,4,5,1,57,39,62,40,0.3548
4,272.0000,21,5,623.3400,-87.4099,0.3280,23,0.5750,0.6667,6,6,4,0,0,6,4,0.3333
4,272.0000,21,8,350.2964,-82.8787,0.0060,40,1.0000,0.1429,7,5,1,0,0,5,1,0.8000
4,272.0000,21,10,458.7497,-84.7589,-0.3121,36,0.9000,0.2000,5,4,0,0,0,4,0,1.0000
4,272.0000,21,14,828.5359,-88.4837,-0.2346,16,0.4000,0.8750,8,8,6,0,0,8,6,0.2500
4,272.0000,21,18,471.4657,-85.0651,-0.5980,35,0.8750,0.0000,4,5,1,0,0,5,1,0.8000
4,272.0000,21,20,535.7279,-86.3285,0.1009,34,0.8500,0.0000,4,6,2,0,0,6,2,0.6667
4,272.0000,21,24,736.0066,-87.8696,-0.0520,19,0.4750,0.7143,7,7,5,0,0,7,5,0.2857
4,272.0000,21,25,1017.6842,-88.9144,-0.1630,5,0.1250,1.0000,122,6,6,12,12,18,18,0.0000
4,272.0000,22,0,847.6072,-88.1924,0.4572,14,0.3500,0.8889,9,8,8,0,0,8,8,0.0000
4,272.0000,22,4,375.5370,-83.9599,0.9305,32,0.8000,0.4000,5,5,2,0,0,5,2,0.6000
4,272.0000,22,6,463.4476,-85.1661,-0.8828,31,0.7750,0.3538,65,4,0,0,0,4,0,1.0000
4,272.0000,22,7,359.9810,-81.2155,-0.6967,38,0.9500,0.0000,4,6,2,0,0,6,2,0.6667
4,272.0000,22,9,717.3197,-87.8879,-0.2436,25,0.6250,0.0000,4,7,5,0,0,7,5,0.2857
4,272.0000,22,11,634.0661,-86.7918,-0.6480,23,0.5750,0.5000,6,6,3,0,0,6,3,0.5000
4,272.0000,22,12,528.1559,-85.7751,-0.1185,30,0.7500,0.2000,5,4,0,0,0,4,0,1.0000
4,272.0000,22,13,493.3829,-85.9779,-0.6131,31,0.7750,0.2500,4,7,2,0,0,7,2,0.7143
4,272.0000,22,15,643.0844,-86.9820,-0.7317,26,0.6500,1.0000,8,6,3,0,0,6,3,0.5000
4,272.0000,22,16,782.8816,-88.2230,-0.2796,18,0.4500,0.8750,8,7,6,0,0,7,6,0.1429
4,272.0000,22,17,543.6299,-86.4445,-0.1828,32,0.8000,0.2000,5,7,4,0,0,7,4,0.4286
4,272.0000,22,19,854.6754,-88.2067,-0.4275,11,0.2750,1.0000,8,8,8,6,6,14,14,0.0000
4,272.0000,22,23,652.6779,-87.0941,-0.3773,22,0.5500,0.8571,7,6,3,0,0,6,3,0.5000
4,272.0000,22,25,856.9656,-88.0118,0.0648,7,0.1750,1.0000,8,5,2,0,0,5,2,0.6000
4,272.0000,23,4,460.2437,-83.9600,-0.1220,29,0.7250,0.0000,4,6,3,0,0,6,3,0.5000
4,272.0000,23,6,426.9063,-85.3761,1.0567,30,0.7500,0.2500,4,5,1,0,0,5,1,0.8000
4,272.0000,23,7,805.4576,-88.3590,0.0307,13,0.3250,1.0000,10,8,7,0,0,8,7,0.1250
4,272.0000,23,8,1018.0243,-89.2107,-0.2622,6,0.1500,0.8571,7,6,6,0,0,6,6,0.0000
4,272.0000,23,12,1022.4965,-89.0798,-0.1449,3,0.0750,1.0000,4,6,6,0,0,6,6,0.0000
4,272.0000,23,17,209.1391,-79.4712,0.0996,39,0.9750,0.2000,5,4,0,0,0,4,0,1.0000
4,272.0000,23,18,1011.6396,-89.1509,0.3792,4,0.1000,0.8571,7,4,4,0,0,4,4,0.0000
4,272.0000,23,22,652.6779,-87.0486,0.4873,24,0.6000,0.8571,7,6,3,0,0,6,3,0.5000
4,272.0000,23,25,702.2431,-87.8773,-0.4696,23,0.5750,0.8571,7,8,7,0,0,8,7,0.1250
4,272.0000,24,1,1038.2421,-89.0612,0.0299,7,0.1750,1.0000,8,6,6,0,0,6,6,0.0000
4,272.0000,24,2,507.3129,-85.4623,-0.0348,34,0.8500,0.5000,6,7,4,0,0,7,4,0.4286
4,272.0000,24,3,373.8649,-83.6267,0.4452,35,0.8750,0.2000,5,5,1,0,0,5,1,0.8000
4,272.0000,24,4,942.4291,-88.2601,0.2550,4,0.1000,1.0000,8,8,8,0,0,8,8,0.0000
4,272.0000,24,8,687.1623,-88.2088,0.1979,20,0.5000,0.5000,6,6,3,0,0,6,3,0.5000
4,272.0000,24,18,815.8085,-88.1071,0.0625,10,0.2500,0.8750,8,7,6,0,0,7,6,0.1429
4,272.0000,24,20,1084.6645,-88.8973,-0.3820,3,0.0750,1.0000,8,2,2,0,0,2,2,0.0000
4,272.0000,24,21,736.0066,-86.9924,-0.1441,20,0.5000,0.8750,8,8,7,0,0,8,7,0.1250
4,272.0000,24,25,576.5474,-86.7026,-0.1158,21,0.5250,1.0000,8,8,6,0,0,8,6,0.2500
4,272.0000,25,2,841.5404,-88.0343,-0.6148,10,0.2500,1.0000,8,8,8,0,0,8,8,0.0000
4,272.0000,25,3,802.5743,-88.6188,0.4345,10,0.2500,0.8571,7,8,7,0,0,8,7,0.1250
4,272.0000,25,4,493.6093,-85.5143,-0.1895,32,0.8000,0.6667,9,6,4,0,0,6,4,0.3333
4,272.0000,25,6,943.1190,-88.8829,-0.5703,5,0.1250,1.0000,6,8,8,0,0,8,8,0.0000
4,272.0000,25,8,789.5180,-88.1681,-0.2263,22,0.5500,1.0000,8,7,6,0,0,7,6,0.1429
4,272.0000,25,12,809.7098,-88.2213,-0.2041,13,0.3250,1.0000,8,8,8,0,0,8,8,0.0000
4,272.0000,25,13,811.3262,-88.8919,-0.4595,9,0.2250,0.8750,8,8,8,0,0,8,8,0.0000
4,272.0000,25,17,711.3182,-87.4763,-0.3321,20,0.5000,0.7500,8,7,5,11,10,18,15,0.1667
4,272.0000,25,18,785.1973,-87.8978,-0.1681,23,0.5750,0.5000,6,8,8,0,0,8,8,0.0000
4,272.0000,25,21,1017.6842,-88.7605,-0.2841,8,0.2000,1.0000,8,6,6,0,0,6,6,0.0000
4,272.0000,25,22,856.9656,-88.4377,0.0480,7,0.1750,1.0000,8,7,5,0,0,7,5,0.2857
4,272.0000,25,23,702.2431,-87.5015,-0.1911,23,0.5750,0.3333,6,8,7,0,0,8,7,0.1250
4,272.0000,25,24,576.5474,-86.8929,0.5843,27,0.6750,0.8571,7,7,4,0,0,7,4,0.4286
4,276.0000,0,6,1271.4173,-89.8103,-0.0465,3,0.0750,1.0000,2,2,2,0,0,2,2,0.0000
4,276.0000,0,7,858.5516,-88.2584,-0.3582,15,0.3750,0.8750,8,8,8,0,0,8,8,0.0000
4,276.0000,0,9,393.0850,-83.1096,-1.0692,38,0.9500,0.0000,4,5,2,0,0,5,2,0.6000
4,276.0000,0,11,398.9566,-84.4950,-0.6743,32,0.8000,0.2000,5,4,0,0,0,4,0,1.0000
4,276.0000,0,12,739.7145,-87.3818,-0.6057,13,0.3250,0.6667,6,8,8,0,0,8,8,0.0000
4,276.0000,0,13,694.3862,-87.6895,0.1829,18,0.4500,0.8750,8,6,4,0,0,6,4,0.3333
4,276.0000,0,15,721.5068,-86.7566,-0.8079,24,0.6000,0.8750,8,7,6,0,0,7,6,0.1429
4,276.0000,0,16,348.1845,-82.9555,0.3466,38,0.9500,0.2000,5,4,0,0,0,4,0,1.0000
4,276.0000,0,19,823.9749,-89.2688,0.0644,12,0.3000,1.0000,12,7,5,0,0,7,5,0.2857
4,276.0000,0,22,994.7363,-88.2462,-0.4962,5,0.1250,1.0000,6,4,4,0,0,4,4,0.0000
4,276.0000,1,2,578.5810,-87.1986,0.1604,26,0.6500,0.7143,7,4,0,0,0,4,0,1.0000
4,276.0000,1,3,760.6438,-88.2829,-0.2669,15,0.3750,0.8750,8,8,8,0,0,8,8,0.0000
4,276.0000,1,5,553.3875,-86.5190,0.2080,32,0.8000,0.5000,6,6,4,0,0,6,4,0.3333
4,276.0000,1,8,840.3256,-88.8647,-0.1440,11,0.2750,1.0000,8,6,3,0,0,6,3,0.5000
4,276.0000,1,10,421.2981,-83.8282,-0.6312,37,0.9250,0.3333,6,5,3,0,0,5,3,0.4000
4,276.0000,1,20,562.5471,-86.1655,-0.0514,33,0.8250,0.0000,4,4,0,0,0,4,0,1.0000
4,276.0000,1,21,501.7379,-86.4629,0.0794,29,0.7250,0.2000,5,5,2,0,0,5,2,0.6000
4,276.0000,1,24,1085.5291,-89.2369,0.1402,3,0.0750,1.0000,8,6,6,0,0,6,6,0.0000
4,276.0000,2,1,578.5810,-86.5932,0.4608,24,0.6000,0.5000,6,5,1,0,0,5,1,0.8000
4,276.0000,2,3,249.5721,-77.8522,-0.6624,40,1.0000,0.0000,4,5,1,0,0,5,1,0.8000
4,276.0000,2,5,635.0181,-87.0814,0.0576,23,0.5750,0.7500,8,7,5,0,0,7,5,0.2857
4,276.0000,2,8,456.2543,-84.3641,0.2340,32,0.8000,0.0000,4,5,2,10,6,15,8,0.4667
4,276.0000,2,10,611.5222,-86.6877,0.4900,28,0.7000,0.8750,8,7,5,0,0,7,5,0.2857
4,276.0000,2,14,1015.9725,-88.0715,0.0966,4,0.1000,1.0000,8,4,4,0,0,4,4,0.0000
4,276.0000,2,18,625.3490,-85.8433,-0.7293,23,0.5750,0.4000,5,8,6,0,0,8,6,0.2500
4,276.0000,2,20,666.2275,-86.6551,0.1574,28,0.7000,0.5714,7,7,5,0,0,7,5,0.2857
4,276.0000,2,21,411.2162,-82.8165,-0.4959,35,0.8750,0.0000,4,4,0,0,0,4,0,1.0000
4,276.0000,2,24,558.3724,-86.1566,-0.1281,27,0.6750,0.3333,6,6,3,0,0,6,3,0.5000
4,276.0000,2,25,936.5951,-88.3703,0.2531,7,0.1750,1.0000,8,4,4,0,0,4,4,0.0000
4,276.0000,3,1,760.6438,-87.4866,-0.0620,14,0.3500,0.6667,6,8,6,0,0,8,6,0.2500
4,276.0000,3,2,249.5721,-77.7746,-0.6600,39,0.9750,0.0000,4,3,0,0,0,3,0,1.0000
4,276.0000,3,5,877.3931,-88.2586,-0.4865,13,0.3250,1.0000,8,6,6,0,0,6,6,0.0000
4,276.0000,3,8,418.9656,-84.9647,0.5495,38,0.9500,0.2667,30,5,2,9,4,14,6,0.5714
4,276.0000,3,10,804.2638,-88.2171,0.0966,15,0.3750,1.0000,8,8,8,0,0,8,8,0.0000
4,276.0000,3,18,678.5721,-86.8027,0.0242,22,0.5500,0.8571,7,9,7,0,0,9,7,0.2222
4,276.0000,3,20,895.1538,-88.3531,-0.4108,15,0.3750,1.0000,8,8,8,0,0,8,8,0.0000
4,276.0000,3,21,540.5409,-85.2331,-0.6928,36,0.9000,0.4000,5,7,6,0,0,7,6,0.1429
4,276.0000,3,24,333.7779,-82.4359,-0.1647,39,0.9750,0.0000,4,4,0,0,0,4,0,1.0000
4,276.0000,3,25,776.1466,-88.0259,-0.1719,14,0.3500,0.9833,60,6,4,0,0,6,4,0.3333
4,276.0000,4,6,416.0342,-84.5397,0.6457,35,0.8750,0.2857,7,6,3,0,0,6,3,0.5000
4,276.0000,4,7,552.4945,-87.1873,0.1561,26,0.6500,0.5000,8,5,1,0,0,5,1,0.8000
4,276.0000,4,9,939.3195,-88.9150,0.2190,8,0.2000,1.0000,8,7,6,0,0,7,6,0.1429
4,276.0000,4,11,858.2488,-87.6498,0.2833,11,0.2750,0.8571,7,8,7,0,0,8,7,0.1250
4,276.0000,4,12,589.0985,-86.5004,-0.7855,22,0.5500,0.6667,6,5,2,0,0,5,2,0.6000
4,276.0000,4,13,620.6807,-86.8190,-0.1709,24,0.6000,0.6667,12,6,3,0,0,6,3,0.5000
4,276.0000,4,15,779.4523,-87.8755,0.2188,7,0.1750,0.8571,7,8,7,0,0,8,7,0.1250
4,276.0000,4,17,500.0662,-85.1740,-0.2752,33,0.8250,0.0000,4,8,5,0,0,8,5,0.3750
4,276.0000,4,22,243.3063,-81.7583,1.5161,37,0.9250,0.4286,7,4,0,0,0,4,0,1.0000
4,276.0000,4,23,474.8205,-84.8859,0.2391,34,0.8500,0.4286,7,5,2,0,0,5,2,0.6000
4,276.0000,4,24,927.0383,-88.4283,1.0827,6,0.1500,1.0000,8,8,8,0,0,8,8,0.0000
4,276.0000,4,25,510.3742,-85.0579,-0.0218,32,0.8000,0.0000,4,7,3,0,0,7,3,0.5714
4,276.0000,5,1,553.3875,-86.2681,0.2050,30,0.7500,0.3333,6,7,3,0,0,7,3,0.5714
4,276.0000,5,2,635.0181,-86.5982,-0.0445,33,0.8250,0.7143,7,7,5,0,0,7,5,0.2857
4,276.0000,5,3,877.3931,-87.6498,-0.0494,10,0.2500,1.0000,8,8,8,0,0,8,8,0.0000
4,276.0000,5,8,834.1342,-88.3528,0.0349,8,0.2000,0.8571,7,8,8,0,0,8,8,0.0000
4,276.0000,5,10,373.5089,-82.7216,0.5841,37,0.9250,0.0000,4,4,0,0,0,4,0,1.0000
4,276.0000,5,14,668.7585,-87.4906,0.0865,18,0.4500,0.6667,6,6,3,0,0,6,3,0.5000
4,276.0000,5,18,752.6395,-88.1021,-0.3669,16,0.4000,1.0000,8,7,6,0,0,7,6,0.1429
4,276.0000,5,20,137.6462,-75.6254,0.3209,39,0.9750,0.0000,4,4,0,0,0,4,0,1.0000
4,276.0000,5,21,552.2984,-86.6929,-0.1462,28,0.7000,0.2000,5,6,2,0,0,6,2,0.6667
4,276.0000,6,4,416.0342,-84.6586,0.6161,34,0.8293,0.5000,6,6,3,0,0,6,3,0.5000
4,276.0000,6,7,443.2603,-84.4398,-0.0608,33,0.8049,0.0000,4,4,0,0,0,4,0,1.0000
4,276.0000,6,12,925.5786,-88.6856,0.3847,6,0.1463,1.0000,8,8,8,0,0,8,8,0.0000
4,276.0000,6,13,942.1476,-88.4226,-0.6033,8,0.1951,1.0000,8,8,8,0,0,8,8,0.0000
4,276.0000,6,17,424.5234,-84.6205,0.1859,36,0.8780,0.4853,68,5,1,51,17,56,18,0.6786
4,276.0000,6,22,461.7458,-84.8152,-0.0187,32,0.7805,0.4000,5,6,2,0,0,6,2,0.6667
4,276.0000,6,23,306.7038,-82.2669,0.1287,39,0.9512,0.0000,4,4,0,0,0,4,0,1.0000
4,276.0000,6,25,845.8989,-88.0395,-0.2241,10,0.2439,0.8750,8,7,6,0,0,7,6,0.1429
4,276.0000,7,0,858.5516,-87.9630,-0.4314,12,0.3000,0.8571,7,6,6,0,0,6,6,0.0000
4,276.0000,7,4,552.4945,-86.8290,0.4187,26,0.6500,1.0000,8,6,4,0,0,6,4,0.3333
4,276.0000,7,6,443.2603,-84.4613,0.1872,35,0.8750,0.0000,4,4,0,0,0,4,0,1.0000
4,276.0000,7,9,865.0323,-88.0072,-0.3859,13,0.3250,0.8571,7,8,8,0,0,8,8,0.0000
4,276.0000,7,11,776.4412,-87.4192,-0.1162,19,0.4750,0.7778,9,7,5,0,0,7,5,0.2857
4,276.0000,7,12,743.2888,-87.5617,-0.0829,17,0.4250,0.6667,6,6,2,0,0,6,2,0.6667
4,276.0000,7,13,738.0223,-87.5747,-0.3789,20,0.5000,0.6667,6,8,6,0,0,8,6,0.2500
4,276.0000,7,15,888.6625,-88.4804,0.3370,8,0.2000,1.0000,8,7,6,0,0,7,6,0.1429
4,276.0000,7,16,874.4434,-88.1207,0.0388,11,0.2750,1.0000,8,8,8,0,0,8,8,0.0000
4,276.0000,7,17,814.4622,-88.1636,0.0447,15,0.3750,0.8571,7,8,8,0,0,8,8,0.0000
4,276.0000,7,19,641.5790,-87.3588,0.3159,27,0.6750,0.8182,11,7,4,0,0,7,4,0.4286
4,276.0000,7,22,446.2258,-83.6887,-0.5949,34,0.8500,0.0000,4,5,1,0,0,5,1,0.8000
4,276.0000,7,23,737.3722,-87.8327,-0.0922,18,0.4500,0.8571,7,6,4,0,0,6,4,0.3333
4,276.0000,8,1,840.3256,-88.4569,-0.3440,10,0.2500,0.9000,10,6,6,0,0,6,6,0.0000
4,276.0000,8,2,456.2543,-84.4475,-0.2762,37,0.9250,0.5000,6,4,0,0,0,4,0,1.0000
4,276.0000,8,3,418.9656,-85.1900,0.6337,36,0.9000,0.6667,6,4,0,0,0,4,0,1.0000
4,276.0000,8,5,834.1342,-88.5624,0.0572,9,0.2250,0.8000,5,8,7,0,0,8,7,0.1250
4,276.0000,8,10,673.5252,-87.4774,0.5026,18,0.4500,0.5000,6,7,5,0,0,7,5,0.2857
4,276.0000,8,14,880.3284,-88.2587,0.3904,9,0.2250,0.9000,10,8,8,0,0,8,8,0.0000
4,276.0000,8,18,338.8461,-80.9612,-0.1340,39,0.9750,0.0000,4,5,2,0,0,5,2,0.6000
4,276.0000,8,20,791.5832,-88.6881,-0.1467,13,0.3250,0.8750,8,6,3,0,0,6,3,0.5000
4,276.0000,8,21,381.3932,-82.8551,-0.0003,39,0.9750,0.0000,4,7,3,0,0,7,3,0.5714
4,276.0000,8,24,618.0758,-87.4088,0.2587,21,0.5250,0.7143,7,8,7,0,0,8,7,0.1250
4,276.0000,8,25,853.3315,-88.5984,-0.2464,14,0.3500,1.0000,8,8,8,18,18,26,26,0.0000
4,276.0000,9,0,393.0850,-81.5281,-0.3821,39,0.9750,0.0000,4,4,0,0,0,4,0,1.0000
4,276.0000,9,4,939.3195,-88.4755,0.4709,8,0.2000,1.0000,8,8,7,0,0,8,7,0.1250
4,276.0000,9,7,865.0323,-87.6878,0.0138,10,0.2500,1.0000,8,8,8,0,0,8,8,0.0000
4,276.0000,9,11,91.4173,-70.7556,1.4579,39,0.9750,0.0000,4,4,0,0,0,4,0,1.0000
4,276.0000,9,12,408.3560,-84.8538,0.6175,36,0.9000,0.2000,5,4,0,0,0,4,0,1.0000
4,276.0000,9,13,369.9876,-84.2402,0.5224,34,0.8500,0.3333,6,4,0,0,0,4,0,1.0000
4,276.0000,9,15,368.4479,-82.4077,0.0003,37,0.9250,0.2000,5,4,0,0,0,4,0,1.0000
4,276.0000,9,16,293.3078,-80.0603,-0.2042,39,0.9750,0.0000,4,4,0,0,0,4,0,1.0000
4,276.0000,9,22,819.0857,-88.0136,-0.2232,16,0.4000,0.7500,8,7,5,0,0,7,5,0.2857
4,276.0000,10,1,421.2981,-83.8734,0.0254,37,0.9250,0.0000,4,5,1,0,0,5,1,0.8000
4,276.0000,10,2,611.5222,-86.6740,0.0283,27,0.6750,0.5714,7,5,1,0,0,5,1,0.8000
4,276.0000,10,3,804.2638,-87.9484,-0.3069,15,0.3750,0.9458,166,8,8,89,82,97,90,0.0722
4,276.0000,10,5,373.5089,-83.8249,0.4527,38,0.9500,0.3333,6,4,0,0,0,4,0,1.0000
4,276.0000,10,8,673.5252,-87.7401,0.4365,18,0.4500,1.0000,8,5,1,0,0,5,1,0.8000
4,276.0000,10,14,668.6132,-87.7902,-0.5288,20,0.5000,0.8571,7,6,3,2,1,8,4,0.5000
4,276.0000,10,18,673.5350,-87.9942,0.0835,18,0.4500,0.7143,7,5,1,25,15,30,16,0.4667
4,276.0000,10,20,279.4140,-80.4570,-0.3501,40,1.0000,0.0000,4,4,0,19,1,23,1,0.9565
4,276.0000,10,21,308.1212,-83.3124,0.8697,38,0.9500,0.5000,6,4,0,0,0,4,0,1.0000
4,276.0000,11,0,398.9566,-84.1087,0.1424,37,0.9250,0.1429,7,4,0,0,0,4,0,1.0000
4,276.0000,11,4,858.2488,-88.4620,0.1579,14,0.3500,1.0000,8,8,7,0,0,8,7,0.1250
4,276.0000,11,7,776.4412,-88.1589,-0.3263,21,0.5250,0.9524,42,8,8,0,0,8,8,0.0000
4,276.0000,11,9,91.4173,-70.9951,0.8982,39,0.9750,0.0000,4,4,0,0,0,4,0,1.0000
4,276.0000,11,12,355.6427,-82.0661,-0.4673,36,0.9000,0.0000,4,3,0,0,0,3,0,1.0000
4,276.0000,11,13,319.4473,-82.0740,-0.1623,37,0.9250,0.0000,4,4,0,0,0,4,0,1.0000
4,276.0000,11,15,344.8369,-80.6035,-0.6364,38,0.9500,0.0000,4,4,0,0,0,4,0,1.0000
4,276.0000,11,16,293.5382,-81.3645,-0.0708,39,0.9750,0.0000,4,4,0,0,0,4,0,1.0000
4,276.0000,11,19,942.4413,-89.1245,1.7695,4,0.1000,0.8000,5,8,7,0,0,8,7,0.1250
4,276.0000,11,22,732.6234,-87.4945,-0.3752,24,0.6000,0.9512,41,8,8,80,73,88,81,0.0795
4,276.0000,12,0,739.7145,-88.5837,0.1590,18,0.4500,0.8750,8,8,6,0,0,8,6,0.2500
4,276.0000,12,4,589.0985,-86.6355,0.0640,28,0.7000,0.8571,7,6,3,0,0,6,3,0.5000
4,276.0000,12,6,925.5786,-88.3022,0.2599,10,0.2500,1.0000,8,8,8,0,0,8,8,0.0000
4,276.0000,12,7,743.2888,-87.5473,-0.8949,21,0.5250,0.8571,7,6,3,0,0,6,3,0.5000
4,276.0000,12,9,408.3560,-84.0928,0.1088,38,0.9500,0.0000,4,5,1,0,0,5,1,0.8000
4,276.0000,12,11,355.6427,-82.4377,-0.5358,34,0.8500,0.0000,4,5,1,0,0,5,1,0.8000
4,276.0000,12,13,77.5483,-69.1847,1.2842,39,0.9750,0.0000,4,4,0,0,0,4,0,1.0000
4,276.0000,12,15,267.1056,-81.2358,0.3208,38,0.9500,0.0000,4,4,0,0,0,4,0,1.0000
4,276.0000,12,16,595.5106,-86.2745,-0.0854,28,0.7000,0.4000,5,4,0,0,0,4,0,1.0000
4,276.0000,12,17,1064.4656,-88.6475,-0.1173,6,0.1500,1.0000,6,4,4,0,0,4,4,0.0000
4,276.0000,12,22,526.8262,-86.1878,0.1774,29,0.7250,0.8571,7,7,4,0,0,7,4,0.4286
4,276.0000,12,24,1058.3874,-88.8215,-1.6502,5,0.1250,1.0000,8,8,8,0,0,8,8,0.0000
4,276.0000,12,25,784.4293,-88.1591,0.5682,22,0.5500,0.7143,7,6,3,0,0,6,3,0.5000
4,276.0000,13,0,694.3862,-87.9258,-0.0358,27,0.6750,0.8571,7,6,4,0,0,6,4,0.3333
4,276.0000,13,4,620.6807,-86.5807,-0.2165,33,0.8250,0.5714,7,7,4,0,0,7,4,0.4286
4,276.0000,13,6,942.1476,-89.3237,-0.0049,6,0.1500,0.8750,8,8,8,0,0,8,8,0.0000
4,276.0000,13,7,738.0223,-87.2894,-0.2829,20,0.5000,0.7143,7,8,8,0,0,8,8,0.0000
4,276.0000,13,9,369.9876,-84.2997,0.8200,40,1.0000,0.4000,5,4,0,0,0,4,0,1.0000
4,276.0000,13,11,319.4473,-81.3951,0.5290,40,1.0000,0.0000,4,4,0,0,0,4,0,1.0000
4,276.0000,13,12,77.5483,-69.0809,1.2615,39,0.9750,0.0000,4,4,0,0,0,4,0,1.0000
4,276.0000,13,15,308.6739,-82.3448,1.1401,39,0.9750,0.2000,5,6,2,0,0,6,2,0.6667
4,276.0000,13,16,583.7179,-86.9881,-0.4582,30,0.7500,0.2000,5,6,2,0,0,6,2,0.6667
4,276.0000,13,17,1106.2403,-89.6222,-0.5304,4,0.1000,1.0000,8,6,6,0,0,6,6,0.0000
4,276.0000,13,19,1092.7632,-89.1467,-0.8941,3,0.0750,,0,4,4,0,0,4,4,0.0000
4,276.0000,13,22,566.3406,-86.5649,0.0455,36,0.9000,0.2000,5,6,4,0,0,6,4,0.3333
4,276.0000,13,23,1090.6774,-88.2620,0.4978,4,0.1000,0.6667,3,4,4,0,0,4,4,0.0000
4,276.0000,13,24,1110.4172,-88.7775,-0.4578,4,0.1000,,0,8,8,0,0,8,8,0.0000
4,276.0000,13,25,815.9102,-89.0532,0.1149,14,0.3500,0.6250,8,8,8,0,0,8,8,0.0000
4,276.0000,14,5,668.7585,-87.2935,0.3000,14,0.3500,0.6667,6,6,4,0,0,6,4,0.3333
4,276.0000,14,8,880.3284,-88.9883,0.7053,3,0.0750,1.0000,8,7,6,2,2,9,8,0.1111
4,276.0000,14,10,668.6132,-87.8170,0.2094,16,0.4000,0.7143,7,7,5,0,0,7,5,0.2857
4,276.0000,14,18,603.2868,-87.2547,0.5264,14,0.3500,0.8571,7,6,4,0,0,6,4,0.3333
4,276.0000,14,20,569.7470,-87.1004,0.4487,17,0.4250,0.7143,7,5,1,0,0,5,1,0.8000
4,276.0000,14,21,762.9054,-88.2480,-0.1727,12,0.3000,0.5000,6,7,4,0,0,7,4,0.4286
4,276.0000,15,0,721.5068,-87.1527,-0.1275,29,0.7250,0.2000,5,8,7,0,0,8,7,0.1250
4,276.0000,15,4,779.4523,-88.1759,-0.2503,12,0.3000,0.8571,7,8,8,0,0,8,8,0.0000
4,276.0000,15,7,888.6625,-88.2043,0.5344,11,0.2750,1.0000,8,8,8,0,0,8,8,0.0000
4,276.0000,15,9,368.4479,-82.3398,0.1271,38,0.9500,0.0000,4,7,4,0,0,7,4,0.4286
4,276.0000,15,11,344.8369,-80.9888,-1.4479,37,0.9250,0.2000,5,4,0,0,0,4,0,1.0000
4,276.0000,15,12,267.1056,-80.9653,1.0431,37,0.9250,0.0000,4,4,0,0,0,4,0,1.0000
4,276.0000,15,13,308.6739,-83.7025,0.5835,35,0.8750,0.0000,4,4,0,0,0,4,0,1.0000
4,276.0000,15,16,467.4520,-83.2865,-0.6171,34,0.8500,0.2000,5,4,0,0,0,4,0,1.0000
4,276.0000,15,22,656.5236,-87.1013,0.3342,23,0.5750,0.5000,6,7,6,0,0,7,6,0.1429
4,276.0000,16,0,348.1845,-83.3114,0.0341,37,0.9250,0.0000,4,5,0,0,0,5,0,1.0000
4,276.0000,16,7,874.4434,-87.8638,-0.1151,9,0.2250,1.0000,8,6,4,0,0,6,4,0.3333
4,276.0000,16,9,293.3078,-79.8409,-0.4753,38,0.9500,0.0000,4,4,0,0,0,4,0,1.0000
4,276.0000,16,11,293.5382,-81.2875,0.1272,37,0.9250,0.0000,4,5,1,0,0,5,1,0.8000
4,276.0000,16,12,595.5106,-86.8112,0.4483,24,0.6000,0.6667,6,5,2,0,0,5,2,0.6000
4,276.0000,16,13,583.7179,-86.4021,0.0922,24,0.6000,0.5000,6,5,3,0,0,5,3,0.4000
4,276.0000,16,15,467.4520,-82.7606,-0.8230,36,0.9000,0.2000,5,6,2,0,0,6,2,0.6667
4,276.0000,16,19,824.1651,-88.0408,0.7724,7,0.1750,1.0000,8,7,5,0,0,7,5,0.2857
4,276.0000,16,22,862.9332,-88.4550,-0.0322,10,0.2500,0.8571,7,8,8,0,0,8,8,0.0000
4,276.0000,17,4,500.0662,-85.1491,-0.9962,35,0.8750,0.4000,10,7,4,0,0,7,4,0.4286
4,276.0000,17,6,424.5234,-85.0162,0.6798,34,0.8500,0.2000,5,5,2,0,0,5,2,0.6000
4,276.0000,17,7,814.4622,-88.4124,-0.3513,21,0.5250,1.0000,10,7,6,0,0,7,6,0.1429
4,276.0000,17,8,1063.0598,-88.1332,0.1449,3,0.0750,1.0000,6,8,8,0,0,8,8,0.0000
4,276.0000,17,18,1120.9342,-89.5076,0.1896,3,0.0750,1.0000,4,6,6,0,0,6,6,0.0000
4,276.0000,17,22,588.2027,-86.8896,-0.0518,29,0.7250,0.4286,7,6,3,0,0,6,3,0.5000
4,276.0000,17,23,181.9324,-76.0525,0.7768,38,0.9500,0.0000,4,4,0,0,0,4,0,1.0000
4,276.0000,17,25,746.6060,-88.1996,-0.3759,18,0.4500,0.8000,5,8,8,0,0,8,8,0.0000
4,276.0000,18,2,625.3490,-85.7982,-0.2387,24,0.6000,0.0000,4,8,7,0,0,8,7,0.1250
4,276.0000,18,3,678.5721,-86.6074,0.3807,21,0.5250,1.0000,8,8,8,0,0,8,8,0.0000
4,276.0000,18,5,752.6395,-87.9274,0.5672,8,0.2000,1.0000,8,7,6,0,0,7,6,0.1429
4,276.0000,18,8,338.8461,-81.1399,-0.2797,37,0.9250,0.2000,5,7,4,13,2,20,6,0.7000
4,276.0000,18,10,673.5350,-87.7472,0.1963,15,0.3750,0.7143,7,6,2,0,0,6,2,0.6667
4,276.0000,18,14,603.2868,-87.4583,0.4472,23,0.5750,0.8750,8,7,4,0,0,7,4,0.4286
4,276.0000,18,20,696.0983,-88.0827,-0.0058,20,0.5000,1.0000,8,7,5,0,0,7,5,0.2857
4,276.0000,18,21,494.5691,-84.9513,-0.8165,31,0.7750,0.4000,5,6,3,0,0,6,3,0.5000
4,276.0000,18,24,858.0317,-88.5631,0.0974,17,0.4250,1.0000,10,8,8,0,0,8,8,0.0000
4,276.0000,18,25,939.6459,-88.3128,-0.7154,10,0.2500,1.0000,8,8,8,0,0,8,8,0.0000
4,276.0000,19,0,823.9749,-88.0544,-0.0327,12,0.3000,0.8571,7,7,6,0,0,7,6,0.1429
4,276.0000,19,6,993.8015,-88.6198,-0.7433,4,0.1000,1.0000,6,6,6,0,0,6,6,0.0000
4,276.0000,19,7,641.5790,-87.1491,0.1034,20,0.5000,0.8000,5,5,2,0,0,5,2,0.6000
4,276.0000,19,9,1007.0812,-88.6591,-0.0317,7,0.1750,1.0000,6,6,6,0,0,6,6,0.0000
4,276.0000,19,11,942.4413,-88.7695,-1.2300,4,0.1000,1.0000,8,8,7,0,0,8,7,0.1250
4,276.0000,19,15,1087.0691,-89.6221,-0.4360,3,0.0750,1.0000,6,4,4,0,0,4,4,0.0000
4,276.0000,19,16,824.1651,-88.3765,0.1987,10,0.2500,1.0000,8,8,8,0,0,8,8,0.0000
4,276.0000,19,22,898.3016,-88.7629,0.3579,10,0.2500,1.0000,8,8,8,0,0,8,8,0.0000
4,276.0000,20,1,562.5471,-85.9640,-0.0590,34,0.8500,0.5714,7,6,3,0,0,6,3,0.5000
4,276.0000,20,2,666.2275,-87.1704,-0.4823,22,0.5500,0.5714,7,6,4,32,29,38,33,0.1316
4,276.0000,20,3,895.1538,-88.4550,0.0175,14,0.3500,0.9875,80,8,8,76,75,84,83,0.0119
4,276.0000,20,5,137.6462,-75.5309,0.4505,39,0.9750,0.0000,4,4,0,0,0,4,0,1.0000
4,276.0000,20,8,791.5832,-88.1253,0.0646,8,0.2000,0.8750,8,7,5,4,4,11,9,0.1818
4,276.0000,20,10,279.4140,-79.8075,0.0114,39,0.9750,0.0000,4,4,0,0,0,4,0,1.0000
4,276.0000,20,14,569.7470,-87.2094,0.3861,26,0.6500,0.5000,6,5,1,0,0,5,1,0.8000
4,276.0000,20,18,696.0983,-87.8141,0.5179,15,0.3750,0.8571,7,6,3,0,0,6,3,0.5000
4,276.0000,20,21,493.6276,-86.1765,0.2169,34,0.8500,0.5000,14,5,1,4,2,9,3,0.6667
4,276.0000,21,1,501.7379,-86.5524,-0.2627,34,0.8500,0.7143,7,5,1,0,0,5,1,0.8000
4,276.0000,21,2,411.2162,-82.6506,-0.6283,36,0.9000,0.5714,7,6,3,0,0,6,3,0.5000
4,276.0000,21,3,540.5409,-85.1626,-0.8976,33,0.8250,0.6452,62,7,6,0,0,7,6,0.1429
4,276.0000,21,5,552.2984,-86.6138,0.2486,29,0.7250,0.6667,6,6,4,0,0,6,4,0.3333
4,276.0000,21,8,381.3932,-83.1245,-0.2783,37,0.9250,0.2000,5,6,4,3,1,9,5,0.4444
4,276.0000,21,10,308.1212,-84.1681,1.6452,38,0.9500,0.0000,4,4,0,0,0,4,0,1.0000
4,276.0000,21,14,762.9054,-88.5769,0.1723,17,0.4250,0.7500,8,7,4,0,0,7,4,0.4286
4,276.0000,21,18,494.5691,-85.1783,-0.1385,34,0.8500,0.2000,5,5,2,0,0,5,2,0.6000
4,276.0000,21,20,493.6276,-85.9403,0.1689,35,0.8750,0.3333,6,7,4,0,0,7,4,0.4286
4,276.0000,21,24,854.0048,-88.4136,-0.0910,11,0.2750,0.7143,7,7,5,0,0,7,5,0.2857
4,276.0000,22,4,243.3063,-81.4166,0.9288,37,0.9024,0.4000,5,4,0,0,0,4,0,1.0000
4,276.0000,22,6,461.7458,-84.3136,-0.0549,35,0.8537,0.0000,4,4,0,14,7,18,7,0.6111
4,276.0000,22,7,446.2258,-83.1523,-0.8837,35,0.8537,0.3333,6,6,2,0,0,6,2,0.6667
4,276.0000,22,9,819.0857,-88.1383,-0.1397,16,0.3902,0.7143,7,9,7,0,0,9,7,0.2222
4,276.0000,22,11,732.6234,-87.5831,-0.2057,28,0.6829,0.5000,6,8,8,0,0,8,8,0.0000
4,276.0000,22,12,526.8262,-86.1574,-0.0632,27,0.6585,0.0000,4,6,3,0,0,6,3,0.5000
4,276.0000,22,13,566.3406,-85.8566,0.1208,33,0.8049,0.2857,7,7,5,0,0,7,5,0.2857
4,276.0000,22,15,656.5236,-87.1196,0.1159,28,0.6829,0.5000,6,6,2,0,0,6,2,0.6667
4,276.0000,22,16,862.9332,-88.5782,-0.3664,12,0.2927,0.8571,7,7,6,0,0,7,6,0.1429
4,276.0000,22,17,588.2027,-86.2474,-0.4345,31,0.7561,0.5714,7,8,5,0,0,8,5,0.3750
4,276.0000,22,19,898.3016,-88.4716,-0.2958,11,0.2683,1.0000,14,8,8,2,2,10,10,0.0000
4,276.0000,22,23,595.2831,-86.4414,0.8145,25,0.6098,0.5000,6,7,4,0,0,7,4,0.4286
4,276.0000,22,25,717.1322,-88.0543,1.9257,4,0.0976,0.4000,5,8,6,0,0,8,6,0.2500
4,276.0000,23,4,474.8205,-85.3796,0.2854,32,0.8000,0.5000,6,4,0,0,0,4,0,1.0000
4,276.0000,23,6,306.7038,-82.2737,0.6473,38,0.9500,0.2000,5,4,0,0,0,4,0,1.0000
4,276.0000,23,7,737.3722,-88.3277,-0.2798,17,0.4250,0.8750,8,7,5,0,0,7,5,0.2857
4,276.0000,23,13,1090.6774,-88.6285,-1.0043,6,0.1500,1.0000,6,6,6,0,0,6,6,0.0000
4,276.0000,23,17,181.9324,-76.0579,0.3182,40,1.0000,0.0000,4,4,0,0,0,4,0,1.0000
4,276.0000,23,22,595.2831,-87.0130,0.8836,20,0.5000,0.5000,6,7,3,0,0,7,3,0.5714
4,276.0000,23,25,745.3738,-87.8186,-0.6120,19,0.4750,0.8750,8,8,8,0,0,8,8,0.0000
4,276.0000,24,1,1085.5291,-89.1388,0.6217,5,0.1250,1.0000,6,8,8,0,0,8,8,0.0000
4,276.0000,24,2,558.3724,-86.2683,0.5062,27,0.6750,0.5714,7,8,6,0,0,8,6,0.2500
4,276.0000,24,3,333.7779,-82.4038,0.5662,38,0.9500,0.2000,5,4,0,0,0,4,0,1.0000
4,276.0000,24,4,927.0383,-89.1601,-0.3109,7,0.1750,1.0000,8,8,8,0,0,8,8,0.0000
4,276.0000,24,8,618.0758,-87.2085,0.6272,19,0.4750,0.5000,6,6,4,0,0,6,4,0.3333
4,276.0000,24,12,1058.3874,-89.6208,-0.0644,5,0.1250,1.0000,4,4,4,0,0,4,4,0.0000
4,276.0000,24,18,858.0317,-87.9124,-0.3607,13,0.3250,0.8571,7,8,8,0,0,8,8,0.0000
4,276.0000,24,21,854.0048,-88.2218,-0.5379,11,0.2750,0.8750,8,8,8,0,0,8,8,0.0000
4,276.0000,24,25,527.5443,-85.5151,0.5019,30,0.7500,0.7500,8,5,1,0,0,5,1,0.8000
4,276.0000,25,2,936.5951,-89.0377,0.0935,9,0.2250,1.0000,8,8,8,0,0,8,8,0.0000
4,276.0000,25,3,776.1466,-88.7589,-0.1433,13,0.3250,0.8750,8,6,3,0,0,6,3,0.5000
4,276.0000,25,4,510.3742,-84.9493,0.0104,28,0.7000,0.6667,6,6,3,0,0,6,3,0.5000
4,276.0000,25,6,845.8989,-89.2042,0.1048,6,0.1500,1.0000,8,8,8,0,0,8,8,0.0000
4,276.0000,25,7,1040.3894,-88.2040,-0.2832,3,0.0750,1.0000,6,6,6,0,0,6,6,0.0000
4,276.0000,25,8,853.3315,-87.7658,-0.5822,10,0.2500,0.8571,7,8,8,0,0,8,8,0.0000
4,276.0000,25,12,784.4293,-88.2819,-0.0149,14,0.3500,1.0000,8,7,6,0,0,7,6,0.1429
4,276.0000,25,13,815.9102,-88.2706,0.1835,17,0.4250,1.0000,8,7,5,0,0,7,5,0.2857
4,276.0000,25,15,978.3846,-89.5174,0.0305,5,0.1250,1.0000,8,8,8,0,0,8,8,0.0000
4,276.0000,25,17,746.6060,-87.5033,-0.2807,19,0.4750,0.8333,18,7,5,0,0,7,5,0.2857
4,276.0000,25,18,939.6459,-88.2537,0.2056,14,0.3500,1.0000,8,6,6,0,0,6,6,0.0000
4,276.0000,25,22,717.1322,-88.1298,-0.3400,14,0.3500,0.7143,7,6,3,0,0,6,3,0.5000
4,276.0000,25,23,745.3738,-86.9081,0.1679,14,0.3500,0.8750,8,7,6,0,0,7,6,0.1429
4,276.0000,25,24,527.5443,-86.3503,0.4777,28,0.7000,0.5714,7,6,3,0,0,6,3,0.5000
4,280.0000,0,7,1007.0259,-88.2730,-0.5989,5,0.1250,1.0000,8,8,8,0,0,8,8,0.0000
4,280.0000,0,9,449.6402,-84.0256,-0.1118,34,0.8500,0.4000,5,5,1,0,0,5,1,0.8000
4,280.0000,0,11,365.7292,-83.5134,0.1091,34,0.8500,0.0000,4,4,0,0,0,4,0,1.0000
4,280.0000,0,12,726.7268,-88.2482,-0.3862,16,0.4000,1.0000,8,7,5,0,0,7,5,0.2857
4,280.0000,0,13,691.0199,-87.8803,-0.3271,21,0.5250,0.6667,6,8,8,0,0,8,8,0.0000
4,280.0000,0,15,823.6237,-88.0891,-0.2981,13,0.3250,0.8571,7,8,8,0,0,8,8,0.0000
4,280.0000,0,16,317.2779,-82.8681,-0.2634,37,0.9250,0.0000,4,5,1,0,0,5,1,0.8000
4,280.0000,0,19,849.4161,-88.2268,-1.0580,7,0.1750,0.7143,7,7,5,74,70,81,75,0.0741
4,280.0000,1,2,471.1306,-85.5351,0.2398,33,0.8250,0.0000,4,5,1,0,0,5,1,0.8000
4,280.0000,1,3,766.3170,-88.4259,0.1345,18,0.4500,1.0000,8,8,8,0,0,8,8,0.0000
4,280.0000,1,5,620.3535,-86.6728,-0.3988,29,0.7250,0.6667,6,8,4,0,0,8,4,0.5000
4,280.0000,1,8,684.0619,-87.7636,0.3575,20,0.5000,0.5000,6,5,2,0,0,5,2,0.6000
4,280.0000,1,10,470.7002,-84.7704,-0.9014,36,0.9000,0.6000,5,6,3,0,0,6,3,0.5000
4,280.0000,1,18,873.7819,-88.4515,0.0260,6,0.1500,1.0000,8,8,8,0,0,8,8,0.0000
4,280.0000,1,20,605.6332,-87.3691,-0.4282,32,0.8000,0.0000,4,6,2,0,0,6,2,0.6667
4,280.0000,1,21,372.4855,-84.5094,0.8605,36,0.9000,0.4000,5,5,2,0,0,5,2,0.6000
4,280.0000,1,24,1065.8802,-89.0258,-0.0469,4,0.1000,1.0000,6,4,4,0,0,4,4,0.0000
4,280.0000,2,1,471.1306,-86.6337,0.9990,31,0.7949,0.2000,5,6,2,0,0,6,2,0.6667
4,280.0000,2,3,360.9633,-81.7001,-0.8002,37,0.9487,0.2000,5,4,0,0,0,4,0,1.0000
4,280.0000,2,5,686.7831,-87.7406,-0.7946,18,0.4615,0.7143,7,7,6,0,0,7,6,0.1429
4,280.0000,2,8,426.8948,-85.1640,0.6948,34,0.8718,0.5333,15,5,1,1,0,6,1,0.8333
4,280.0000,2,10,619.7966,-87.4471,0.5444,24,0.6154,0.7143,7,5,2,0,0,5,2,0.6000
4,280.0000,2,14,984.9080,-89.1132,0.1461,4,0.1026,1.0000,4,8,8,0,0,8,8,0.0000
4,280.0000,2,18,710.2201,-86.6959,0.3213,26,0.6667,0.7500,8,7,6,0,0,7,6,0.1429
4,280.0000,2,20,678.0222,-87.4853,0.3622,22,0.5641,0.7143,7,6,3,0,0,6,3,0.5000
4,280.0000,2,21,473.4939,-85.4018,-0.9172,32,0.8205,0.0000,4,6,4,0,0,6,4,0.3333
4,280.0000,2,24,644.2941,-86.4807,-1.0954,22,0.5641,0.5000,6,7,5,0,0,7,5,0.2857
4,280.0000,2,25,1047.5608,-88.8811,0.3304,5,0.1282,1.0000,4,2,2,0,0,2,2,0.0000
4,280.0000,3,1,766.3170,-88.1273,0.0915,14,0.3500,0.7500,8,8,8,0,0,8,8,0.0000
4,280.0000,3,2,360.9633,-81.3460,-1.3055,36,0.9000,0.0000,3,6,1,0,0,6,1,0.8333
4,280.0000,3,5,995.3710,-88.8828,-0.1274,7,0.1750,1.0000,6,10,10,0,0,10,10,0.0000
4,280.0000,3,8,397.0453,-83.8606,0.1879,34,0.8500,0.4286,14,4,0,0,0,4,0,1.0000
4,280.0000,3,10,870.0781,-88.2175,0.0920,15,0.3750,1.0000,8,8,8,0,0,8,8,0.0000
4,280.0000,3,18,795.7097,-87.6710,-0.4982,20,0.5000,0.7778,9,8,8,0,0,8,8,0.0000
4,280.0000,3,20,966.8294,-88.7723,0.6494,5,0.1250,1.0000,8,6,5,0,0,6,5,0.1667
4,280.0000,3,21,700.0452,-86.9668,-0.6019,22,0.5500,0.8571,7,8,8,0,0,8,8,0.0000
4,280.0000,3,24,302.9542,-80.7401,-0.1347,37,0.9250,0.0000,4,4,0,0,0,4,0,1.0000
4,280.0000,3,25,768.1047,-88.2109,-0.2427,16,0.4000,0.6667,6,7,6,0,0,7,6,0.1429
4,280.0000,4,6,363.8012,-83.2520,0.2073,34,0.8500,0.5000,6,4,0,0,0,4,0,1.0000
4,280.0000,4,7,513.6901,-85.5547,-0.1956,29,0.7250,0.2000,5,4,0,0,0,4,0,1.0000
4,280.0000,4,9,795.5326,-89.0925,0.3161,7,0.1750,0.8571,7,7,5,0,0,7,5,0.2857
4,280.0000,4,11,901.6639,-87.8896,-0.1815,10,0.2500,0.8750,8,6,5,0,0,6,5,0.1667
4,280.0000,4,12,626.3066,-85.6942,-0.5824,19,0.4750,0.4000,5,7,5,0,0,7,5,0.2857
4,280.0000,4,13,717.7295,-86.5504,-0.9342,22,0.5500,0.5000,6,7,5,0,0,7,5,0.2857
4,280.0000,4,15,740.6835,-87.8384,-0.2579,12,0.3000,0.8750,8,8,8,0,0,8,8,0.0000
4,280.0000,4,17,611.5193,-85.8029,-0.5709,24,0.6000,0.6250,8,8,7,0,0,8,7,0.1250
4,280.0000,4,22,172.9732,-77.2879,0.9932,39,0.9750,0.0000,4,4,0,0,0,4,0,1.0000
4,280.0000,4,23,480.5960,-84.3557,0.1372,30,0.7500,0.4000,5,4,0,0,0,4,0,1.0000
4,280.0000,4,24,922.0279,-88.3646,0.2905,5,0.1250,1.0000,8,8,8,0,0,8,8,0.0000
4,280.0000,4,25,531.2313,-85.1488,-0.3412,26,0.6500,0.4286,7,5,1,0,0,5,1,0.8000
4,280.0000,5,1,620.3535,-86.3619,0.1073,31,0.7949,0.4286,7,5,5,0,0,5,5,0.0000
4,280.0000,5,2,686.7831,-88.2231,-0.0907,23,0.5897,0.7143,7,8,8,0,0,8,8,0.0000
4,280.0000,5,3,995.3710,-88.6605,-0.3297,4,0.1026,1.0000,8,8,8,0,0,8,8,0.0000
4,280.0000,5,8,775.8357,-88.3995,0.2741,19,0.4872,1.0000,8,6,5,0,0,6,5,0.1667
4,280.0000,5,10,367.9341,-83.1083,0.3798,38,0.9744,0.0000,4,4,0,0,0,4,0,1.0000
4,280.0000,5,14,498.7443,-86.3785,0.5776,33,0.8462,0.5000,6,4,0,0,0,4,0,1.0000
4,280.0000,5,18,612.0042,-87.6769,0.7802,23,0.5897,0.8571,7,5,1,0,0,5,1,0.8000
4,280.0000,5,20,108.5820,-72.9277,0.8555,38,0.9744,0.0000,4,4,0,0,0,4,0,1.0000
4,280.0000,5,21,490.7641,-86.7560,0.5562,33,0.8462,0.3333,6,4,0,0,0,4,0,1.0000
4,280.0000,6,4,363.8012,-83.5398,0.0859,36,0.9000,0.5000,6,4,0,0,0,4,0,1.0000
4,280.0000,6,7,492.4250,-84.5759,-0.1763,38,0.9500,0.0000,4,6,3,0,0,6,3,0.5000
4,280.0000,6,12,971.1225,-88.3837,0.2542,8,0.2000,1.0000,8,8,8,0,0,8,8,0.0000
4,280.0000,6,13,1060.6251,-88.9458,0.4355,5,0.1250,1.0000,8,2,2,0,0,2,2,0.0000
4,280.0000,6,17,419.0450,-83.7125,-0.5717,38,0.9500,0.3214,56,4,0,58,23,62,23,0.6290
4,280.0000,6,19,1012.6796,-88.9735,0.1767,8,0.2000,1.0000,22,8,8,0,0,8,8,0.0000
4,280.0000,6,22,471.6747,-84.6544,0.0201,33,0.8250,0.3333,6,4,0,0,0,4,0,1.0000
4,280.0000,6,23,198.6285,-79.2352,1.0536,39,0.9750,0.0000,4,4,0,0,0,4,0,1.0000
4,280.0000,6,25,772.2837,-88.0756,-0.1696,8,0.2000,0.8571,7,6,4,0,0,6,4,0.3333
4,280.0000,7,0,1007.0259,-88.3554,-1.3627,8,0.2000,1.0000,6,8,8,0,0,8,8,0.0000
4,280.0000,7,4,513.6901,-85.9422,-0.3023,28,0.7000,0.6667,6,4,0,0,0,4,0,1.0000
4,280.0000,7,6,492.4250,-85.2123,0.0192,33,0.8250,0.0000,4,6,4,0,0,6,4,0.3333
4,280.0000,7,9,812.5643,-89.1598,0.2251,8,0.2000,1.0000,8,8,7,0,0,8,7,0.1250
4,280.0000,7,11,889.7866,-88.5889,0.2264,12,0.3000,0.7143,7,6,5,0,0,6,5,0.1667
4,280.0000,7,12,817.4349,-88.0908,-0.2019,20,0.5000,0.3333,6,8,8,0,0,8,8,0.0000
4,280.0000,7,13,892.8246,-87.9151,-0.7023,11,0.2750,0.7500,8,8,8,0,0,8,8,0.0000
4,280.0000,7,15,971.9724,-88.7132,-0.6239,6,0.1500,0.8571,7,8,8,0,0,8,8,0.0000
4,280.0000,7,16,953.0932,-89.1902,0.0660,8,0.2000,1.0000,8,8,8,0,0,8,8,0.0000
4,280.0000,7,17,880.0858,-88.2792,-0.1821,9,0.2250,1.0000,8,8,8,0,0,8,8,0.0000
4,280.0000,7,19,593.0275,-86.4662,0.8496,23,0.5750,0.5714,7,7,4,0,0,7,4,0.4286
4,280.0000,7,22,558.8267,-85.6739,-0.2652,30,0.7500,0.2000,5,8,4,0,0,8,4,0.5000
4,280.0000,7,23,680.8610,-87.9513,0.2625,21,0.5250,0.6667,6,5,1,0,0,5,1,0.8000
4,280.0000,7,25,1025.4804,-88.7078,-0.0938,4,0.1000,1.0000,8,6,6,0,0,6,6,0.0000
4,280.0000,8,1,684.0619,-88.1056,0.0779,20,0.5000,1.0000,6,7,6,0,0,7,6,0.1429
4,280.0000,8,2,426.8948,-84.1800,-0.0595,33,0.8250,0.0000,4,5,0,0,0,5,0,1.0000
4,280.0000,8,3,397.0453,-83.2995,0.0361,34,0.8500,0.0000,4,4,0,26,6,30,6,0.8000
4,280.0000,8,5,775.8357,-88.1562,0.1204,15,0.3750,0.8750,8,8,7,0,0,8,7,0.1250
4,280.0000,8,10,576.4893,-86.6573,-0.3424,23,0.5750,0.7143,7,5,2,0,0,5,2,0.6000
4,280.0000,8,14,844.2424,-88.4073,0.5292,12,0.3000,1.0000,8,8,8,0,0,8,8,0.0000
4,280.0000,8,18,446.1281,-82.5874,-0.5229,38,0.9500,0.4000,5,7,5,0,0,7,5,0.2857
4,280.0000,8,20,711.9650,-87.8322,-0.2352,17,0.4250,0.5000,6,6,4,0,0,6,4,0.3333
4,280.0000,8,21,433.3008,-84.1527,0.0062,34,0.8500,0.4286,7,6,2,0,0,6,2,0.6667
4,280.0000,8,24,565.3945,-86.3853,0.3012,29,0.7250,0.8750,8,7,3,0,0,7,3,0.5714
4,280.0000,8,25,922.6191,-87.9597,0.6269,10,0.2500,1.0000,26,6,6,28,28,34,34,0.0000
4,280.0000,9,0,449.6402,-83.3285,-0.3106,36,0.9000,0.0000,4,7,6,0,0,7,6,0.1429
4,280.0000,9,4,795.5326,-88.0433,0.0183,9,0.2250,0.8750,8,7,6,0,0,7,6,0.1429
4,280.0000,9,7,812.5643,-88.2303,0.6464,12,0.3000,1.0000,8,8,6,0,0,8,6,0.2500
4,280.0000,9,11,113.3840,-65.9946,-0.6625,37,0.9250,0.0000,4,4,0,0,0,4,0,1.0000
4,280.0000,9,12,277.3604,-82.4272,1.6282,33,0.8250,0.0000,4,4,0,0,0,4,0,1.0000
4,280.0000,9,13,257.0336,-81.0442,1.5157,37,0.9250,0.0000,4,4,0,0,0,4,0,1.0000
4,280.0000,9,15,414.1302,-83.9200,0.7322,34,0.8500,0.0000,4,5,2,0,0,5,2,0.6000
4,280.0000,9,16,383.5844,-82.1676,-0.4235,37,0.9250,0.0000,4,5,2,0,0,5,2,0.6000
4,280.0000,9,19,855.8968,-89.1069,0.3708,3,0.0750,0.8750,8,6,4,0,0,6,4,0.3333
4,280.0000,9,22,746.8638,-88.8497,-0.4166,9,0.2250,0.7143,7,5,2,0,0,5,2,0.6000
4,280.0000,10,1,470.7002,-84.7601,-0.4010,36,0.9000,0.2000,5,5,1,0,0,5,1,0.8000
4,280.0000,10,2,619.7966,-86.8747,0.0629,27,0.6750,0.2000,5,5,1,0,0,5,1,0.8000
4,280.0000,10,3,870.0781,-88.5164,-0.0523,13,0.3250,0.9278,97,8,8,10,10,18,18,0.0000
4,280.0000,10,5,367.9341,-83.3694,0.3267,38,0.9500,0.0000,4,4,0,0,0,4,0,1.0000
4,280.0000,10,8,576.4893,-87.5575,0.5956,29,0.7250,0.2000,5,5,1,126,84,131,85,0.3511
4,280.0000,10,14,560.1539,-87.1650,0.3536,28,0.7000,0.5000,8,5,2,0,0,5,2,0.6000
4,280.0000,10,18,513.1334,-86.1128,0.6549,28,0.7000,0.5333,30,5,1,3,2,8,3,0.6250
4,280.0000,10,20,277.2382,-80.2400,-0.1900,40,1.0000,0.0435,23,4,0,0,0,4,0,1.0000
4,280.0000,10,21,193.6054,-78.8899,0.6858,37,0.9250,0.0000,4,5,1,0,0,5,1,0.8000
4,280.0000,11,0,365.7292,-83.6499,0.6346,40,1.0000,0.0000,4,5,1,46,8,51,9,0.8235
4,280.0000,11,4,901.6639,-87.8455,0.1042,8,0.2000,0.8750,8,9,8,0,0,9,8,0.1111
4,280.0000,11,7,889.7866,-87.6360,-0.4397,8,0.2000,1.0000,8,8,8,0,0,8,8,0.0000
4,280.0000,11,9,113.3840,-66.5315,-0.7818,40,1.0000,0.0000,4,4,0,0,0,4,0,1.0000
4,280.0000,11,12,371.3347,-83.3749,-0.4740,38,0.9500,0.0000,3,5,2,0,0,5,2,0.6000
4,280.0000,11,13,339.1831,-81.4475,0.3774,39,0.9750,0.0000,4,6,3,0,0,6,3,0.5000
4,280.0000,11,15,463.0769,-83.5303,0.2013,37,0.9250,0.0000,4,4,2,0,0,4,2,0.5000
4,280.0000,11,16,296.8298,-80.3846,-0.1070,40,1.0000,0.0000,4,4,0,0,0,4,0,1.0000
4,280.0000,11,19,864.1340,-88.1648,0.3490,8,0.2000,0.8750,8,8,6,0,0,8,6,0.2500
4,280.0000,11,22,844.6619,-87.8785,0.1041,10,0.2500,0.9205,88,8,8,2,2,10,10,0.0000
4,280.0000,12,0,726.7268,-87.5355,0.1675,15,0.3750,0.7500,8,8,7,0,0,8,7,0.1250
4,280.0000,12,4,626.3066,-86.7317,-0.5551,25,0.6250,0.5000,6,7,6,0,0,7,6,0.1429
4,280.0000,12,6,971.1225,-88.5203,0.3865,7,0.1750,1.0000,8,7,6,0,0,7,6,0.1429
4,280.0000,12,7,817.4349,-88.0939,-0.2482,13,0.3250,0.5000,6,7,6,0,0,7,6,0.1429
4,280.0000,12,9,277.3604,-82.1065,0.9021,38,0.9500,0.2000,5,4,1,0,0,4,1,0.7500
4,280.0000,12,11,371.3347,-83.1623,-0.2378,38,0.9500,0.2000,5,5,1,0,0,5,1,0.8000
4,280.0000,12,13,107.5751,-68.9954,-0.3226,39,0.9750,0.0000,4,4,0,0,0,4,0,1.0000
4,280.0000,12,15,235.0169,-79.2419,-0.1436,38,0.9500,0.0000,4,4,0,0,0,4,0,1.0000
4,280.0000,12,16,612.7136,-87.1777,0.0697,27,0.6750,0.0000,4,6,4,0,0,6,4,0.3333
4,280.0000,12,19,979.7300,-89.7276,0.1014,3,0.0750,1.0000,8,8,8,0,0,8,8,0.0000
4,280.0000,12,22,570.8913,-85.9136,-0.2071,24,0.6000,0.5714,7,5,1,0,0,5,1,0.8000
4,280.0000,12,23,1105.1475,-89.7007,0.3680,3,0.0750,1.0000,8,4,4,0,0,4,4,0.0000
4,280.0000,12,25,766.7477,-88.0041,0.5466,12,0.3000,0.5000,6,8,8,0,0,8,8,0.0000
4,280.0000,13,0,691.0199,-87.2344,0.5636,29,0.7250,0.6667,6,6,4,0,0,6,4,0.3333
4,280.0000,13,4,717.7295,-87.6528,0.1463,21,0.5250,0.5714,7,7,6,0,0,7,6,0.1429
4,280.0000,13,6,1060.6251,-88.6103,0.0829,3,0.0750,1.0000,8,8,8,0,0,8,8,0.0000
4,280.0000,13,7,892.8246,-88.3431,0.3549,13,0.3250,1.0000,8,8,8,0,0,8,8,0.0000
4,280.0000,13,9,257.0336,-80.8523,1.5987,40,1.0000,0.0000,4,4,0,0,0,4,0,1.0000
4,280.0000,13,11,339.1831,-82.2632,0.5010,40,1.0000,0.0000,4,5,2,0,0,5,2,0.6000
4,280.0000,13,12,107.5751,-69.3026,-0.7299,39,0.9750,0.0000,4,4,0,0,0,4,0,1.0000
4,280.0000,13,15,272.4642,-80.5759,0.2707,40,1.0000,0.3333,6,5,1,0,0,5,1,0.8000
4,280.0000,13,16,608.7302,-86.6479,-0.4003,33,0.8250,0.3333,6,8,7,0,0,8,7,0.1250
4,280.0000,13,19,1043.3198,-88.7004,-0.6782,3,0.0750,1.0000,4,4,3,0,0,4,3,0.2500
4,280.0000,13,22,673.5243,-86.7070,-0.1755,22,0.5500,0.6667,6,6,3,0,0,6,3,0.5000
4,280.0000,13,25,819.2838,-88.0400,-0.2992,12,0.3000,1.0000,8,8,7,0,0,8,7,0.1250
4,280.0000,14,5,498.7443,-86.5630,-0.0024,32,0.8000,0.6667,6,4,0,0,0,4,0,1.0000
4,280.0000,14,8,844.2424,-88.5034,0.0207,13,0.3250,0.8889,9,8,8,0,0,8,8,0.0000
4,280.0000,14,10,560.1539,-86.3842,0.4224,31,0.7750,0.7143,7,5,2,0,0,5,2,0.6000
4,280.0000,14,18,441.1435,-85.6561,0.8177,34,0.8500,0.6667,6,4,0,0,0,4,0,1.0000
4,280.0000,14,20,437.9282,-85.2713,0.8567,35,0.8750,0.2000,5,4,0,0,0,4,0,1.0000
4,280.0000,14,21,702.7161,-87.3695,0.1423,21,0.5250,0.5714,7,7,6,0,0,7,6,0.1429
4,280.0000,15,0,823.6237,-88.1753,0.0024,21,0.5250,0.8750,8,8,8,0,0,8,8,0.0000
4,280.0000,15,4,740.6835,-87.8094,0.1925,9,0.2250,1.0000,8,7,6,0,0,7,6,0.1429
4,280.0000,15,6,1091.5623,-89.5077,0.2908,5,0.1250,1.0000,8,4,4,0,0,4,4,0.0000
4,280.0000,15,7,971.9724,-88.0233,-0.6647,4,0.1000,1.0000,8,8,8,0,0,8,8,0.0000
4,280.0000,15,9,414.1302,-83.8423,0.0294,38,0.9500,0.5714,7,5,2,0,0,5,2,0.6000
4,280.0000,15,11,463.0769,-83.8075,-0.2890,39,0.9750,0.0000,4,5,2,0,0,5,2,0.6000
4,280.0000,15,12,235.0169,-79.0803,0.2090,39,0.9750,0.0000,4,4,0,0,0,4,0,1.0000
4,280.0000,15,13,272.4642,-80.3063,-0.0675,39,0.9750,0.0000,4,4,0,0,0,4,0,1.0000
4,280.0000,15,16,635.0845,-85.6123,-0.7830,34,0.8500,0.0000,4,7,4,0,0,7,4,0.4286
4,280.0000,15,22,638.8070,-87.7358,0.1388,21,0.5250,0.8571,7,5,2,0,0,5,2,0.6000
4,280.0000,15,24,1021.4475,-89.1988,1.8424,3,0.0750,1.0000,2,8,8,0,0,8,8,0.0000
4,280.0000,15,25,831.6266,-88.3362,-0.3334,5,0.1250,1.0000,8,8,8,0,0,8,8,0.0000
4,280.0000,16,0,317.2779,-82.3090,0.0072,39,0.9750,0.0000,5,5,1,0,0,5,1,0.8000
4,280.0000,16,7,953.0932,-88.8196,-0.0686,9,0.2250,0.6667,6,8,8,0,0,8,8,0.0000
4,280.0000,16,9,383.5844,-82.0084,-0.6881,38,0.9500,0.0000,4,6,2,0,0,6,2,0.6667
4,280.0000,16,11,296.8298,-80.5362,0.1185,40,1.0000,0.2000,5,5,1,0,0,5,1,0.8000
4,280.0000,16,12,612.7136,-86.0860,-0.3191,21,0.5250,0.4000,5,6,3,0,0,6,3,0.5000
4,280.0000,16,13,608.7302,-86.4591,-0.1539,31,0.7750,0.6000,5,7,5,0,0,7,5,0.2857
4,280.0000,16,15,635.0845,-86.0176,-0.3222,27,0.6750,0.3333,6,7,5,0,0,7,5,0.2857
4,280.0000,16,19,728.3519,-87.9168,0.4094,17,0.4250,0.7143,7,8,8,0,0,8,8,0.0000
4,280.0000,16,22,976.2950,-88.4734,-0.5034,8,0.2000,1.0000,8,8,8,0,0,8,8,0.0000
4,280.0000,17,4,611.5193,-86.2416,-0.3248,26,0.6500,0.5714,7,7,4,0,0,7,4,0.4286
4,280.0000,17,6,419.0450,-83.7334,0.4405,36,0.9000,0.4000,5,4,0,0,0,4,0,1.0000
4,280.0000,17,7,880.0858,-88.3792,0.0183,11,0.2750,0.8571,7,6,6,0,0,6,6,0.0000
4,280.0000,17,22,654.2914,-87.3430,-0.3312,21,0.5250,0.5000,6,8,7,0,0,8,7,0.1250
4,280.0000,17,23,231.5623,-77.7256,-0.7140,40,1.0000,0.0000,4,4,0,0,0,4,0,1.0000
4,280.0000,17,24,1018.7934,-88.6597,-0.4333,3,0.0750,1.0000,4,4,4,0,0,4,4,0.0000
4,280.0000,17,25,815.2708,-88.8692,-0.3301,18,0.4500,1.0000,8,7,6,0,0,7,6,0.1429
4,280.0000,18,1,873.7819,-88.4021,-0.2360,9,0.2250,0.7500,4,8,8,0,0,8,8,0.0000
4,280.0000,18,2,710.2201,-87.1310,-0.2811,22,0.5500,0.8750,8,6,4,0,0,6,4,0.3333
4,280.0000,18,3,795.7097,-87.8694,-0.5093,19,0.4750,1.0000,8,8,8,0,0,8,8,0.0000
4,280.0000,18,5,612.0042,-87.5615,-0.4133,20,0.5000,0.8571,7,7,5,0,0,7,5,0.2857
4,280.0000,18,8,446.1281,-83.6566,-0.6280,36,0.9000,0.3000,20,5,2,4,1,9,3,0.6667
4,280.0000,18,10,513.1334,-86.6190,0.3271,30,0.7500,0.3333,6,5,2,0,0,5,2,0.6000
4,280.0000,18,14,441.1435,-85.4692,0.4640,29,0.7250,0.5714,7,5,2,0,0,5,2,0.6000
4,280.0000,18,17,1183.6992,-89.3458,-0.0895,4,0.1000,1.0000,2,2,2,0,0,2,2,0.0000
4,280.0000,18,20,533.8863,-87.4562,0.2383,27,0.6750,0.7143,7,5,1,0,0,5,1,0.8000
4,280.0000,18,21,526.7238,-85.6627,-0.2657,33,0.8250,0.5000,6,5,1,0,0,5,1,0.8000
4,280.0000,18,24,909.6636,-89.1519,0.3181,14,0.3500,1.0000,8,6,6,0,0,6,6,0.0000
4,280.0000,19,0,849.4161,-88.5541,0.0260,12,0.3000,0.8571,7,8,8,0,0,8,8,0.0000
4,280.0000,19,4,962.5493,-88.1867,0.1912,4,0.1000,1.0000,6,7,6,0,0,7,6,0.1429
4,280.0000,19,6,1012.6796,-88.8963,0.4095,4,0.1000,1.0000,6,8,8,0,0,8,8,0.0000
4,280.0000,19,7,593.0275,-86.6490,-0.2330,31,0.7750,0.4000,5,7,5,0,0,7,5,0.2857
4,280.0000,19,9,855.8968,-88.4433,-0.0595,10,0.2500,1.0000,6,8,8,0,0,8,8,0.0000
4,280.0000,19,11,864.1340,-88.8649,0.7384,7,0.1750,0.8750,8,8,8,0,0,8,8,0.0000
4,280.0000,19,12,979.7300,-89.1861,0.1617,3,0.0750,1.0000,8,5,4,0,0,5,4,0.2000
4,280.0000,19,16,728.3519,-88.2452,-0.2285,19,0.4750,1.0000,8,7,5,0,0,7,5,0.2857
4,280.0000,19,22,901.6312,-88.2378,-0.2847,9,0.2250,1.0000,8,8,8,0,0,8,8,0.0000
4,280.0000,20,1,605.6332,-86.5280,-0.1514,32,0.8000,0.5000,6,8,5,0,0,8,5,0.3750
4,280.0000,20,2,678.0222,-87.6381,-0.0769,23,0.5750,0.8684,38,6,2,2,2,8,4,0.5000
4,280.0000,20,3,966.8294,-88.8876,0.4988,10,0.2500,0.9881,84,8,8,0,0,8,8,0.0000
4,280.0000,20,5,108.5820,-73.1503,0.3232,39,0.9750,0.0000,4,4,0,0,0,4,0,1.0000
4,280.0000,20,8,711.9650,-87.6860,0.0922,17,0.4250,0.8182,11,8,8,76,68,84,76,0.0952
4,280.0000,20,10,277.2382,-80.4441,-0.2805,40,1.0000,0.0000,4,4,0,0,0,4,0,1.0000
4,280.0000,20,14,437.9282,-85.7749,-0.1279,35,0.8750,0.2000,5,4,0,0,0,4,0,1.0000
4,280.0000,20,18,533.8863,-87.1395,0.1868,26,0.6500,0.5000,6,4,0,2,1,6,1,0.8333
4,280.0000,20,21,418.1619,-84.2845,0.2340,33,0.8250,0.3333,9,4,0,0,0,4,0,1.0000
4,280.0000,21,1,372.4855,-84.2143,0.5864,34,0.8500,0.2000,5,5,1,0,0,5,1,0.8000
4,280.0000,21,2,473.4939,-84.8911,-0.7653,36,0.9000,0.5000,6,5,1,0,0,5,1,0.8000
4,280.0000,21,3,700.0452,-86.8924,-0.9015,27,0.6750,0.8571,7,8,8,0,0,8,8,0.0000
4,280.0000,21,5,490.7641,-86.0242,0.2870,33,0.8250,0.6667,6,4,0,0,0,4,0,1.0000
4,280.0000,21,8,433.3008,-84.3522,-0.6973,33,0.8250,0.5556,9,5,1,0,0,5,1,0.8000
4,280.0000,21,10,193.6054,-79.2755,1.2087,38,0.9500,0.0000,4,4,0,0,0,4,0,1.0000
4,280.0000,21,14,702.7161,-88.3257,0.3699,20,0.5000,0.5714,7,7,6,0,0,7,6,0.1429
4,280.0000,21,18,526.7238,-86.3313,-0.2758,34,0.8500,0.4000,5,4,0,0,0,4,0,1.0000
4,280.0000,21,20,418.1619,-84.4306,0.0327,33,0.8250,0.5714,7,4,0,0,0,4,0,1.0000
4,280.0000,21,24,954.4407,-89.2043,-1.0795,5,0.1250,0.7143,7,8,8,0,0,8,8,0.0000
4,280.0000,22,4,172.9732,-76.9679,1.0653,40,1.0000,0.0000,4,4,0,0,0,4,0,1.0000
4,280.0000,22,6,471.6747,-84.5169,-0.5875,33,0.8250,0.3889,18,6,4,0,0,6,4,0.3333
4,280.0000,22,7,558.8267,-85.3003,-0.4028,31,0.7750,0.3333,6,6,4,0,0,6,4,0.3333
4,280.0000,22,9,746.8638,-87.5035,0.9579,15,0.3750,0.7778,9,7,6,0,0,7,6,0.1429
4,280.0000,22,11,844.6619,-88.0711,-0.5471,9,0.2250,1.0000,8,8,8,0,0,8,8,0.0000
4,280.0000,22,12,570.8913,-85.7836,0.0978,30,0.7500,0.5000,6,5,1,0,0,5,1,0.8000
4,280.0000,22,13,673.5243,-87.0478,-0.1669,25,0.6250,0.7143,7,7,4,0,0,7,4,0.4286
4,280.0000,22,15,638.8070,-87.5072,0.2088,29,0.7250,0.3333,6,6,4,0,0,6,4,0.3333
4,280.0000,22,16,976.2950,-88.6745,-0.3208,8,0.2000,0.8571,7,8,7,0,0,8,7,0.1250
4,280.0000,22,17,654.2914,-86.8151,-0.1059,27,0.6750,0.6250,8,7,5,0,0,7,5,0.2857
4,280.0000,22,19,901.6312,-88.8121,0.1679,10,0.2500,1.0000,10,8,8,0,0,8,8,0.0000
4,280.0000,22,23,565.3004,-87.4268,-0.2265,24,0.6000,0.5714,7,5,1,0,0,5,1,0.8000
4,280.0000,22,24,905.0953,-89.3429,-0.1470,5,0.1250,1.0000,6,8,8,0,0,8,8,0.0000
4,280.0000,22,25,586.6204,-87.1550,-0.1647,24,0.6000,0.7500,8,5,2,0,0,5,2,0.6000
4,280.0000,23,4,480.5960,-85.1159,0.1673,35,0.8750,0.0000,4,7,4,0,0,7,4,0.4286
4,280.0000,23,6,198.6285,-79.4272,0.8238,39,0.9750,0.0000,4,4,0,0,0,4,0,1.0000
4,280.0000,23,7,680.8610,-87.8152,-0.1654,27,0.6750,0.7143,7,8,7,0,0,8,7,0.1250
4,280.0000,23,12,1105.1475,-89.8162,-0.0059,3,0.0750,1.0000,8,4,4,0,0,4,4,0.0000
4,280.0000,23,17,231.5623,-76.6769,-0.9638,39,0.9750,0.0000,4,4,0,0,0,4,0,1.0000
4,280.0000,23,22,565.3004,-86.4280,0.4307,30,0.7500,0.4286,7,7,5,0,0,7,5,0.2857
4,280.0000,23,25,787.0286,-87.6699,0.4307,14,0.3500,1.0000,8,7,5,0,0,7,5,0.2857
4,280.0000,24,1,1065.8802,-89.5159,-0.2164,3,0.0750,1.0000,8,4,4,0,0,4,4,0.0000
4,280.0000,24,2,644.2941,-87.2294,-0.6006,27,0.6750,0.7500,8,7,6,0,0,7,6,0.1429
4,280.0000,24,3,302.9542,-81.8553,0.0648,36,0.9000,0.0000,4,5,1,0,0,5,1,0.8000
4,280.0000,24,4,922.0279,-88.4345,-0.3555,7,0.1750,1.0000,8,8,8,0,0,8,8,0.0000
4,280.0000,24,8,565.3945,-86.4414,0.2220,29,0.7250,0.6667,6,6,2,0,0,6,2,0.6667
4,280.0000,24,12,1064.7054,-89.1274,0.5678,4,0.1000,1.0000,4,2,2,0,0,2,2,0.0000
4,280.0000,24,13,1113.5605,-89.5323,-0.0227,3,0.0750,1.0000,6,4,4,0,0,4,4,0.0000
4,280.0000,24,18,909.6636,-88.2175,-0.2175,8,0.2000,1.0000,8,6,6,0,0,6,6,0.0000
4,280.0000,24,21,954.4407,-88.5090,-0.2694,10,0.2500,1.0000,8,6,6,0,0,6,6,0.0000
4,280.0000,24,22,905.0953,-88.9443,-0.2618,4,0.1000,1.0000,6,8,8,0,0,8,8,0.0000
4,280.0000,24,25,492.0990,-85.8477,0.2962,30,0.7500,0.2000,5,6,3,0,0,6,3,0.5000
4,280.0000,25,3,768.1047,-88.8399,-0.0506,14,0.3500,0.5000,6,8,8,0,0,8,8,0.0000
4,280.0000,25,4,531.2313,-85.9451,0.4039,24,0.6000,0.5000,6,5,1,0,0,5,1,0.8000
4,280.0000,25,6,772.2837,-87.6780,-0.3815,7,0.1750,1.0000,8,7,6,0,0,7,6,0.1429
4,280.0000,25,7,1025.4804,-88.8472,0.3480,4,0.1000,1.0000,6,4,4,0,0,4,4,0.0000
4,280.0000,25,8,922.6191,-88.8024,-0.4108,7,0.1750,1.0000,8,6,6,0,0,6,6,0.0000
4,280.0000,25,12,766.7477,-88.1442,-0.5725,7,0.1750,0.8571,7,8,8,0,0,8,8,0.0000
4,280.0000,25,13,819.2838,-88.2855,-0.4965,11,0.2750,0.7143,7,8,8,0,0,8,8,0.0000
4,280.0000,25,15,831.6266,-88.4261,0.4000,9,0.2250,1.0000,8,7,6,0,0,7,6,0.1429
4,280.0000,25,17,815.2708,-88.0794,-0.1170,11,0.2750,0.7143,7,6,4,0,0,6,4,0.3333
4,280.0000,25,18,1102.1272,-88.7943,-0.2396,6,0.1500,1.0000,6,2,2,0,0,2,2,0.0000
4,280.0000,25,22,586.6204,-87.4543,0.2185,21,0.5250,0.5000,6,6,3,0,0,6,3,0.5000
4,280.0000,25,23,787.0286,-87.9981,-0.2542,15,0.3750,0.8571,7,8,8,0,0,8,8,0.0000
4,280.0000,25,24,492.0990,-84.7329,-0.0530,29,0.7250,0.5000,6,4,0,0,0,4,0,1.0000
4,284.0000,0,9,585.1654,-85.5605,-0.7150,26,0.6500,0.2000,5,7,5,0,0,7,5,0.2857
4,284.0000,0,11,352.5017,-82.5054,0.2597,35,0.8750,0.0000,4,6,3,0,0,6,3,0.5000
4,284.0000,0,12,723.9787,-88.1637,0.0215,13,0.3250,0.7143,7,7,4,0,0,7,4,0.4286
4,284.0000,0,13,678.7275,-86.8935,-0.2241,16,0.4000,1.0000,8,6,2,0,0,6,2,0.6667
4,284.0000,0,15,955.8396,-89.2799,-0.0208,7,0.1750,1.0000,8,8,8,0,0,8,8,0.0000
4,284.0000,0,16,306.2789,-81.2555,-0.0123,38,0.9500,0.2000,5,4,0,0,0,4,0,1.0000
4,284.0000,0,19,810.1738,-88.8125,0.3156,7,0.1750,0.9259,81,8,8,40,34,48,42,0.1250
4,284.0000,1,2,389.1390,-84.5211,-0.1672,38,0.9500,0.2000,5,5,1,0,0,5,1,0.8000
4,284.0000,1,3,798.9947,-87.9426,-0.0459,15,0.3750,1.0000,8,8,8,0,0,8,8,0.0000
4,284.0000,1,5,668.5451,-87.7673,0.1148,24,0.6000,0.5000,8,7,5,0,0,7,5,0.2857
4,284.0000,1,8,518.1811,-86.6952,0.7944,29,0.7250,0.4000,5,5,2,0,0,5,2,0.6000
4,284.0000,1,10,512.6610,-85.6394,0.1182,32,0.8000,0.5000,6,6,3,0,0,6,3,0.5000
4,284.0000,1,14,905.9689,-89.0179,0.0272,8,0.2000,1.0000,8,8,8,0,0,8,8,0.0000
4,284.0000,1,18,784.8954,-88.6207,0.2470,15,0.3750,1.0000,8,8,7,0,0,8,7,0.1250
4,284.0000,1,20,626.9431,-86.6624,0.0101,30,0.7500,0.3333,6,6,2,0,0,6,2,0.6667
4,284.0000,1,21,276.3269,-82.3141,0.5748,39,0.9750,0.4000,5,4,0,0,0,4,0,1.0000
4,284.0000,2,1,389.1390,-85.1410,0.3698,28,0.6829,0.3333,6,4,0,0,0,4,0,1.0000
4,284.0000,2,3,501.8618,-84.3102,0.0207,27,0.6585,0.0000,4,6,4,4,4,10,8,0.2000
4,284.0000,2,5,744.4714,-87.7682,-0.5953,18,0.4390,0.8571,7,8,7,0,0,8,7,0.1250
4,284.0000,2,8,408.6992,-84.5222,-0.2127,26,0.6341,0.1667,6,5,1,0,0,5,1,0.8000
4,284.0000,2,10,684.0126,-87.9807,-0.1225,19,0.4634,0.4000,5,8,6,0,0,8,6,0.2500
4,284.0000,2,18,787.9708,-87.3856,-0.6839,13,0.3171,0.8571,7,7,5,0,0,7,5,0.2857
4,284.0000,2,20,719.2595,-87.4990,-0.1266,13,0.3171,0.5000,6,8,8,0,0,8,8,0.0000
4,284.0000,2,21,526.8649,-85.9726,-0.5005,24,0.5854,0.6667,6,6,4,0,0,6,4,0.3333
4,284.0000,2,24,782.3073,-88.1218,-0.6532,14,0.3415,0.7143,7,7,6,0,0,7,6,0.1429
4,284.0000,3,1,798.9947,-88.0858,-0.0505,11,0.2750,1.0000,8,8,8,0,0,8,8,0.0000
4,284.0000,3,2,501.8618,-84.8993,-0.4493,34,0.8500,0.1667,6,5,2,0,0,5,2,0.6000
4,284.0000,3,5,1085.7363,-88.3630,-0.1427,5,0.1250,1.0000,10,8,8,0,0,8,8,0.0000
4,284.0000,3,8,448.0702,-84.0590,-0.3140,39,0.9750,0.0000,4,6,3,0,0,6,3,0.5000
4,284.0000,3,10,958.2094,-88.3709,0.2132,5,0.1250,1.0000,8,6,6,0,0,6,6,0.0000
4,284.0000,3,18,920.0889,-88.7557,0.0847,12,0.3000,1.0000,8,8,8,0,0,8,8,0.0000
4,284.0000,3,20,1043.3296,-88.5346,-0.3209,4,0.1000,0.8333,6,6,6,0,0,6,6,0.0000
4,284.0000,3,21,867.2227,-88.0602,-0.5640,15,0.3750,1.0000,8,8,8,0,0,8,8,0.0000
4,284.0000,3,24,305.3011,-81.4429,-0.1100,39,0.9750,0.0000,4,4,0,0,0,4,0,1.0000
4,284.0000,3,25,730.2594,-87.1911,0.6696,17,0.4250,0.8571,7,6,4,21,20,27,24,0.1111
4,284.0000,4,6,372.4371,-82.5201,0.1712,34,0.8293,0.0000,4,4,0,0,0,4,0,1.0000
4,284.0000,4,7,461.9931,-85.8444,0.3813,29,0.7073,0.0000,4,5,2,0,0,5,2,0.6000
4,284.0000,4,9,664.4558,-87.5736,-0.0337,19,0.4634,0.7143,7,4,1,0,0,4,1,0.7500
4,284.0000,4,11,947.7013,-87.8486,-0.2362,6,0.1463,0.8333,6,6,6,0,0,6,6,0.0000
4,284.0000,4,12,669.1367,-87.0831,-0.2135,18,0.4390,0.7143,7,5,2,0,0,5,2,0.6000
4,284.0000,4,13,759.9836,-88.2546,-0.3021,10,0.2439,0.7143,7,7,3,0,0,7,3,0.5714
4,284.0000,4,15,708.4722,-88.3680,0.6181,22,0.5366,1.0000,8,8,7,0,0,8,7,0.1250
4,284.0000,4,17,667.6323,-86.7572,1.0261,17,0.4146,0.8750,8,7,4,0,0,7,4,0.4286
4,284.0000,4,19,843.3948,-89.6028,0.1617,6,0.1463,0.8000,5,7,4,0,0,7,4,0.4286
4,284.0000,4,22,218.0993,-76.5249,-0.2171,38,0.9268,0.0000,4,4,0,0,0,4,0,1.0000
4,284.0000,4,23,471.4424,-84.8030,0.0180,32,0.7805,0.0000,4,6,3,0,0,6,3,0.5000
4,284.0000,4,24,915.8267,-88.1812,-2.4634,5,0.1220,1.0000,8,7,6,0,0,7,6,0.1429
4,284.0000,4,25,582.6650,-86.3697,-0.1259,24,0.5854,0.2000,5,7,4,0,0,7,4,0.4286
4,284.0000,5,1,668.5451,-87.5100,0.0260,22,0.5366,1.0000,5,8,7,0,0,8,7,0.1250
4,284.0000,5,2,744.4714,-87.5411,-0.0549,21,0.5122,1.0000,8,8,8,0,0,8,8,0.0000
4,284.0000,5,3,1085.7363,-88.8081,0.0988,4,0.0976,1.0000,8,6,6,0,0,6,6,0.0000
4,284.0000,5,8,711.7859,-88.1619,0.4399,15,0.3659,0.8333,6,8,8,0,0,8,8,0.0000
4,284.0000,5,10,361.4808,-83.4240,0.1239,38,0.9268,0.0000,4,5,1,0,0,5,1,0.8000
4,284.0000,5,14,314.9967,-83.7920,1.3651,39,0.9512,0.0000,4,5,2,0,0,5,2,0.6000
4,284.0000,5,18,433.5123,-85.8282,0.7967,31,0.7561,0.2000,5,5,2,0,0,5,2,0.6000
4,284.0000,5,20,87.8788,-69.9125,0.1128,39,0.9512,0.0000,4,4,0,0,0,4,0,1.0000
4,284.0000,5,21,478.0651,-85.5435,0.2141,36,0.8780,0.0000,4,5,2,0,0,5,2,0.6000
4,284.0000,6,4,372.4371,-82.7812,0.4949,34,0.8500,0.0000,4,6,2,0,0,6,2,0.6667
4,284.0000,6,7,536.1039,-85.7988,-0.1488,33,0.8250,0.5000,6,6,3,0,0,6,3,0.5000
4,284.0000,6,9,1028.0869,-89.1723,0.1196,3,0.0750,0.8750,8,6,6,0,0,6,6,0.0000
4,284.0000,6,12,1040.5012,-89.5632,0.2108,5,0.1250,1.0000,8,4,4,0,0,4,4,0.0000
4,284.0000,6,13,1129.2016,-88.7658,0.2494,3,0.0750,1.0000,2,4,4,0,0,4,4,0.0000
4,284.0000,6,15,1061.9201,-88.9585,-0.2811,3,0.0750,1.0000,10,6,6,0,0,6,6,0.0000
4,284.0000,6,17,408.2374,-84.9256,0.0724,36,0.9000,0.3710,62,4,0,59,31,63,31,0.5079
4,284.0000,6,19,1057.4876,-89.4958,-0.1212,4,0.1000,1.0000,8,6,6,0,0,6,6,0.0000
4,284.0000,6,22,479.4644,-84.7811,0.0321,32,0.8000,0.0000,4,5,1,0,0,5,1,0.8000
4,284.0000,6,23,126.3500,-74.0410,1.0825,39,0.9750,0.0000,4,4,0,0,0,4,0,1.0000
4,284.0000,6,24,1026.7534,-89.1630,-0.3040,4,0.1000,1.0000,8,8,8,0,0,8,8,0.0000
4,284.0000,6,25,763.4212,-88.8648,0.1389,9,0.2250,0.6667,6,7,6,0,0,7,6,0.1429
4,284.0000,7,4,461.9931,-85.5860,0.4330,28,0.7000,0.0000,4,6,2,0,0,6,2,0.6667
4,284.0000,7,6,536.1039,-85.9033,-0.2250,35,0.8750,0.6667,6,6,2,0,0,6,2,0.6667
4,284.0000,7,9,790.3867,-88.4769,-0.2473,17,0.4250,0.8750,8,7,5,0,0,7,5,0.2857
4,284.0000,7,11,1008.3445,-88.7195,0.1529,5,0.1250,0.8333,6,4,4,0,0,4,4,0.0000
4,284.0000,7,12,894.9688,-88.6188,-0.4543,6,0.1500,1.0000,8,8,8,0,0,8,8,0.0000
4,284.0000,7,13,968.6127,-88.4880,0.3249,8,0.2000,1.0000,8,8,8,0,0,8,8,0.0000
4,284.0000,7,15,1028.8383,-89.1672,-0.1842,4,0.1000,1.0000,8,8,8,0,0,8,8,0.0000
4,284.0000,7,16,1038.9215,-88.9464,0.0914,4,0.1000,1.0000,8,8,7,0,0,8,7,0.1250
4,284.0000,7,17,909.5674,-88.7714,0.2237,7,0.1750,1.0000,8,8,8,0,0,8,8,0.0000
4,284.0000,7,19,618.1033,-86.2346,-0.1552,34,0.8500,0.5714,7,8,7,0,0,8,7,0.1250
4,284.0000,7,22,649.6028,-87.1740,-0.1037,31,0.7750,0.5000,8,8,6,0,0,8,6,0.2500
4,284.0000,7,23,602.4549,-86.4854,0.3558,28,0.7000,0.2000,5,4,0,0,0,4,0,1.0000
4,284.0000,8,1,518.1811,-86.8735,0.2266,28,0.7000,0.8571,7,4,0,0,0,4,0,1.0000
4,284.0000,8,2,408.6992,-83.9789,-0.0132,37,0.9250,0.0000,5,3,0,0,0,3,0,1.0000
4,284.0000,8,3,448.0702,-83.7629,-0.2560,36,0.9000,0.2000,30,5,1,33,19,38,20,0.4737
4,284.0000,8,5,711.7859,-88.2005,-0.0327,21,0.5250,0.8750,8,8,5,0,0,8,5,0.3750
4,284.0000,8,10,518.5494,-86.5501,-0.0699,35,0.8750,0.4000,5,5,1,0,0,5,1,0.8000
4,284.0000,8,14,795.7395,-89.0457,0.1857,7,0.1750,1.0000,8,8,7,0,0,8,7,0.1250
4,284.0000,8,18,530.4803,-84.4868,-0.1070,36,0.9000,0.7143,7,7,5,0,0,7,5,0.2857
4,284.0000,8,20,650.2604,-87.4675,-0.5622,19,0.4750,0.6667,6,5,1,0,0,5,1,0.8000
4,284.0000,8,21,466.3007,-84.7701,-0.5045,39,0.9750,0.3333,6,6,4,0,0,6,4,0.3333
4,284.0000,8,24,631.1811,-87.3271,-0.3336,29,0.7250,0.4286,7,6,3,0,0,6,3,0.5000
4,284.0000,9,0,585.1654,-85.9435,-0.4366,34,0.8500,0.8571,7,5,2,0,0,5,2,0.6000
4,284.0000,9,4,664.4558,-87.6859,-0.1417,18,0.4500,0.8571,7,4,0,0,0,4,0,1.0000
4,284.0000,9,7,790.3867,-88.3797,0.2073,14,0.3500,0.7500,8,7,6,0,0,7,6,0.1429
4,284.0000,9,11,294.2272,-77.2176,-2.1878,39,0.9750,0.0000,4,4,0,0,0,4,0,1.0000
4,284.0000,9,12,186.5294,-77.9242,0.9582,38,0.9500,0.0000,4,4,0,0,0,4,0,1.0000
4,284.0000,9,13,208.9530,-78.6503,0.2091,38,0.9500,0.0000,4,4,0,0,0,4,0,1.0000
4,284.0000,9,15,450.6425,-84.9432,0.4055,37,0.9250,0.4000,5,6,2,0,0,6,2,0.6667
4,284.0000,9,16,526.1432,-85.0468,-1.2845,36,0.9000,0.4000,5,8,6,0,0,8,6,0.2500
4,284.0000,9,19,740.2946,-88.2172,0.4101,17,0.4250,0.6667,6,8,8,29,24,37,32,0.1351
4,284.0000,9,22,698.7590,-87.6319,0.0910,16,0.4000,0.4000,5,7,5,0,0,7,5,0.2857
4,284.0000,9,25,854.2450,-88.8398,0.4341,9,0.2250,1.0000,6,8,7,0,0,8,7,0.1250
4,284.0000,10,1,512.6610,-85.2584,-0.1253,37,0.9250,0.2000,5,6,3,0,0,6,3,0.5000
4,284.0000,10,2,684.0126,-87.6022,-0.0276,22,0.5500,0.2000,5,7,5,6,6,13,11,0.1538
4,284.0000,10,3,958.2094,-88.5174,-0.4249,7,0.1750,1.0000,18,7,6,0,0,7,6,0.1429
4,284.0000,10,5,361.4808,-83.4093,0.0159,40,1.0000,0.0000,4,5,1,0,0,5,1,0.8000
4,284.0000,10,8,518.5494,-86.6720,0.2113,34,0.8500,0.6489,131,6,4,110,75,116,79,0.3190
4,284.0000,10,14,453.7662,-85.9745,0.0389,36,0.9000,0.4000,5,4,0,0,0,4,0,1.0000
4,284.0000,10,18,362.8422,-83.9570,0.7804,38,0.9500,0.3750,8,4,0,0,0,4,0,1.0000
4,284.0000,10,20,275.9149,-80.4474,0.2785,40,1.0000,0.0000,4,4,0,0,0,4,0,1.0000
4,284.0000,10,21,239.8505,-76.8605,-0.4943,40,1.0000,0.2000,5,4,0,29,16,33,16,0.5152
4,284.0000,11,0,352.5017,-83.1154,-0.0427,40,1.0000,0.1765,51,4,0,29,7,33,7,0.7879
4,284.0000,11,4,947.7013,-88.7305,1.0001,4,0.1000,0.8889,9,6,6,0,0,6,6,0.0000
4,284.0000,11,7,1008.3445,-88.7433,0.0141,5,0.1250,1.0000,8,6,6,0,0,6,6,0.0000
4,284.0000,11,9,294.2272,-77.0308,-2.2707,39,0.9750,0.0000,4,6,4,24,11,30,15,0.5000
4,284.0000,11,12,386.8581,-82.8673,0.2006,35,0.8750,0.4000,5,6,3,0,0,6,3,0.5000
4,284.0000,11,13,342.1331,-82.3196,0.5045,39,0.9750,0.5000,6,4,0,0,0,4,0,1.0000
4,284.0000,11,15,605.7409,-86.5474,-1.2905,30,0.7500,0.5000,4,10,8,0,0,10,8,0.2000
4,284.0000,11,16,316.7712,-81.7987,-0.4186,38,0.9500,0.0000,4,4,0,1,0,5,0,1.0000
4,284.0000,11,19,788.5811,-88.3152,0.1673,12,0.3000,0.7500,8,8,6,0,0,8,6,0.2500
4,284.0000,11,22,971.6795,-88.5858,-0.1584,12,0.3000,1.0000,10,8,8,0,0,8,8,0.0000
4,284.0000,12,0,723.9787,-87.4136,-0.1501,19,0.4750,0.8750,8,6,3,0,0,6,3,0.5000
4,284.0000,12,4,669.1367,-86.5328,-0.4896,21,0.5250,0.8571,7,5,3,0,0,5,3,0.4000
4,284.0000,12,6,1040.5012,-89.0454,0.0787,6,0.1500,0.8571,7,8,8,0,0,8,8,0.0000
4,284.0000,12,7,894.9688,-88.0883,0.2088,10,0.2500,0.8571,7,8,8,0,0,8,8,0.0000
4,284.0000,12,9,186.5294,-79.5814,0.9766,38,0.9500,0.2500,4,4,0,0,0,4,0,1.0000
4,284.0000,12,11,386.8581,-83.3162,0.0601,38,0.9500,0.2000,5,6,2,0,0,6,2,0.6667
4,284.0000,12,13,105.1139,-72.2729,-0.1372,39,0.9750,0.0000,4,5,1,0,0,5,1,0.8000
4,284.0000,12,15,277.4291,-78.8616,-0.0241,39,0.9750,0.0000,4,4,0,0,0,4,0,1.0000
4,284.0000,12,16,639.5175,-86.8568,-0.0505,29,0.7250,0.6667,6,6,3,0,0,6,3,0.5000
4,284.0000,12,19,870.0799,-88.2708,0.6008,7,0.1750,1.0000,8,5,4,0,0,5,4,0.2000
4,284.0000,12,22,650.6171,-86.5428,-0.3234,27,0.6750,0.2000,5,6,2,0,0,6,2,0.6667
4,284.0000,12,25,740.6992,-87.7684,-0.1947,17,0.4250,1.0000,8,7,6,0,0,7,6,0.1429
4,284.0000,13,0,678.7275,-87.7120,-0.3314,22,0.5500,0.6667,6,8,7,0,0,8,7,0.1250
4,284.0000,13,4,759.9836,-88.1949,-0.2642,15,0.3750,0.8571,7,7,5,0,0,7,5,0.2857
4,284.0000,13,7,968.6127,-88.7612,-0.2227,7,0.1750,1.0000,8,8,8,0,0,8,8,0.0000
4,284.0000,13,9,208.9530,-79.4181,0.6505,38,0.9500,0.0000,4,4,0,0,0,4,0,1.0000
4,284.0000,13,11,342.1331,-82.1388,0.1940,37,0.9250,0.4000,5,4,0,0,0,4,0,1.0000
4,284.0000,13,12,105.1139,-72.8837,-0.2177,39,0.9750,0.0000,4,4,0,0,0,4,0,1.0000
4,284.0000,13,15,337.1727,-81.0092,-0.7795,39,0.9750,0.2000,5,4,0,0,0,4,0,1.0000
4,284.0000,13,16,628.1137,-86.5014,0.2085,28,0.7000,0.8750,8,7,4,0,0,7,4,0.4286
4,284.0000,13,19,928.4477,-88.9526,0.6114,4,0.1000,0.7500,4,7,6,0,0,7,6,0.1429
4,284.0000,13,22,749.6806,-87.5780,-0.2164,18,0.4500,0.5000,6,8,8,0,0,8,8,0.0000
4,284.0000,13,25,798.4063,-87.4502,0.3135,13,0.3250,0.8750,8,8,8,0,0,8,8,0.0000
4,284.0000,14,2,956.0149,-89.3240,0.1485,5,0.1250,1.0000,6,4,4,0,0,4,4,0.0000
4,284.0000,14,5,314.9967,-83.9340,0.4908,40,1.0000,0.0000,4,5,1,0,0,5,1,0.8000
4,284.0000,14,8,795.7395,-87.8494,0.2702,10,0.2500,1.0000,8,7,4,0,0,7,4,0.4286
4,284.0000,14,10,453.7662,-86.1158,0.6160,32,0.8000,0.4000,5,4,0,0,0,4,0,1.0000
4,284.0000,14,18,309.5534,-83.3441,0.0631,38,0.9500,0.0000,4,4,0,0,0,4,0,1.0000
4,284.0000,14,20,302.0008,-82.8500,1.1685,35,0.8750,0.0000,4,4,0,0,0,4,0,1.0000
4,284.0000,14,21,665.5305,-87.7133,0.1625,24,0.6000,0.8571,7,6,3,0,0,6,3,0.5000
4,284.0000,15,0,955.8396,-88.1547,-0.0113,11,0.2750,1.0000,8,8,8,0,0,8,8,0.0000
4,284.0000,15,4,708.4722,-88.2992,-0.2564,24,0.6000,0.8571,7,6,3,0,0,6,3,0.5000
4,284.0000,15,6,1061.9201,-88.8006,0.1509,3,0.0750,1.0000,4,8,8,0,0,8,8,0.0000
4,284.0000,15,7,1028.8383,-89.0472,0.3453,6,0.1500,1.0000,8,8,8,0,0,8,8,0.0000
4,284.0000,15,9,450.6425,-85.1272,0.2811,36,0.9000,0.4000,5,4,0,0,0,4,0,1.0000
4,284.0000,15,11,605.7409,-85.6232,-0.5396,33,0.8250,0.4000,5,7,6,0,0,7,6,0.1429
4,284.0000,15,12,277.4291,-78.6745,-0.4962,37,0.9250,0.0000,4,4,0,0,0,4,0,1.0000
4,284.0000,15,13,337.1727,-81.7822,-0.8775,40,1.0000,0.0000,4,4,0,0,0,4,0,1.0000
4,284.0000,15,16,813.2478,-87.7810,-0.1245,21,0.5250,0.5714,7,8,8,0,0,8,8,0.0000
4,284.0000,15,19,1001.9790,-88.9331,-0.0243,3,0.0750,1.0000,6,8,8,0,0,8,8,0.0000
4,284.0000,15,22,602.1501,-87.2082,0.5012,29,0.7250,0.4000,5,6,3,0,0,6,3,0.5000
4,284.0000,15,24,859.3586,-88.3764,0.7985,9,0.2250,1.0000,8,8,7,0,0,8,7,0.1250
4,284.0000,15,25,658.4280,-87.9924,0.2011,20,0.5000,1.0000,8,5,2,0,0,5,2,0.6000
4,284.0000,16,0,306.2789,-81.2821,-0.1844,36,0.9000,0.2000,5,3,0,0,0,3,0,1.0000
4,284.0000,16,7,1038.9215,-89.5998,0.0506,5,0.1250,1.0000,8,8,8,0,0,8,8,0.0000
4,284.0000,16,9,526.1432,-85.0199,-0.5742,33,0.8250,0.3333,6,4,0,0,0,4,0,1.0000
4,284.0000,16,11,316.7712,-81.6835,-0.0153,36,0.9000,0.2000,5,5,2,0,0,5,2,0.6000
4,284.0000,16,12,639.5175,-87.0889,0.0042,29,0.7250,0.5000,6,7,5,0,0,7,5,0.2857
4,284.0000,16,13,628.1137,-87.3122,-0.4788,19,0.4750,0.7143,7,5,2,0,0,5,2,0.6000
4,284.0000,16,15,813.2478,-87.6139,-0.2704,15,0.3750,0.7143,7,8,8,0,0,8,8,0.0000
4,284.0000,16,19,630.9727,-87.2057,-0.5569,23,0.5750,1.0000,8,7,4,1,0,8,4,0.5000
4,284.0000,16,22,1107.0086,-88.7773,-0.2378,4,0.1000,1.0000,8,8,8,0,0,8,8,0.0000
4,284.0000,17,4,667.6323,-87.1072,-0.4518,20,0.5000,0.5714,7,8,7,0,0,8,7,0.1250
4,284.0000,17,6,408.2374,-84.0401,0.0114,38,0.9500,0.0000,4,4,0,0,0,4,0,1.0000
4,284.0000,17,7,909.5674,-88.4318,-0.0264,6,0.1500,1.0000,6,6,6,0,0,6,6,0.0000
4,284.0000,17,22,637.8635,-87.0582,-0.0722,19,0.4750,0.8750,8,8,8,0,0,8,8,0.0000
4,284.0000,17,23,325.7234,-80.6852,-0.8935,39,0.9750,0.0000,4,6,3,0,0,6,3,0.5000
4,284.0000,17,24,923.0888,-88.8018,0.0430,5,0.1250,1.0000,4,5,4,0,0,5,4,0.2000
4,284.0000,17,25,849.8044,-88.1322,-0.3355,10,0.2500,0.8571,7,8,8,0,0,8,8,0.0000
4,284.0000,18,1,784.8954,-88.1517,0.5958,12,0.3000,1.0000,8,10,10,0,0,10,10,0.0000
4,284.0000,18,2,787.9708,-88.2346,0.2509,18,0.4500,0.6667,6,7,6,0,0,7,6,0.1429
4,284.0000,18,3,920.0889,-88.9116,0.0890,9,0.2250,1.0000,8,8,8,0,0,8,8,0.0000
4,284.0000,18,5,433.5123,-86.8778,0.4303,32,0.8000,0.7143,7,4,0,0,0,4,0,1.0000
4,284.0000,18,8,530.4803,-85.4024,-0.2743,34,0.8500,0.3333,9,7,3,2,2,9,5,0.4444
4,284.0000,18,10,362.8422,-84.7378,0.9396,33,0.8250,0.4000,5,5,1,0,0,5,1,0.8000
4,284.0000,18,14,309.5534,-83.6717,0.4795,38,0.9500,0.4000,5,4,0,0,0,4,0,1.0000
4,284.0000,18,20,373.1834,-84.8353,0.8100,33,0.8250,0.2000,5,4,0,0,0,4,0,1.0000
4,284.0000,18,21,553.9603,-86.8793,0.0080,30,0.7500,0.2000,5,5,2,0,0,5,2,0.6000
4,284.0000,18,24,1003.8468,-88.8760,0.3737,3,0.0750,1.0000,6,8,8,0,0,8,8,0.0000
4,284.0000,19,0,810.1738,-88.5064,0.3602,9,0.2250,1.0000,8,8,7,0,0,8,7,0.1250
4,284.0000,19,4,843.3948,-88.5056,-0.3646,7,0.1750,0.8571,7,7,4,0,0,7,4,0.4286
4,284.0000,19,6,1057.4876,-89.2651,0.3928,3,0.0750,1.0000,8,4,4,0,0,4,4,0.0000
4,284.0000,19,7,618.1033,-86.4101,-0.0835,27,0.6750,0.7143,7,6,3,0,0,6,3,0.5000
4,284.0000,19,9,740.2946,-88.4168,0.0097,16,0.4000,1.0000,8,8,6,0,0,8,6,0.2500
4,284.0000,19,11,788.5811,-88.1977,-0.2526,18,0.4500,1.0000,8,8,7,0,0,8,7,0.1250
4,284.0000,19,12,870.0799,-88.9516,-0.4469,9,0.2250,0.8000,5,8,8,0,0,8,8,0.0000
4,284.0000,19,15,1001.9790,-89.3050,0.1620,7,0.1750,1.0000,8,8,8,0,0,8,8,0.0000
4,284.0000,19,16,630.9727,-87.5923,0.5781,20,0.5000,0.7143,7,4,0,0,0,4,0,1.0000
4,284.0000,19,22,918.3295,-89.0823,-0.4291,13,0.3250,1.0000,8,8,8,0,0,8,8,0.0000
4,284.0000,20,1,626.9431,-87.4230,0.2979,29,0.7250,0.6250,8,7,4,32,28,39,32,0.1795
4,284.0000,20,2,719.2595,-87.4846,-0.5844,24,0.6000,0.5000,8,8,8,0,0,8,8,0.0000
4,284.0000,20,5,87.8788,-69.9453,0.5162,40,1.0000,0.0000,4,4,0,0,0,4,0,1.0000
4,284.0000,20,8,650.2604,-87.7224,-0.1981,21,0.5250,0.9048,84,8,6,46,41,54,47,0.1296
4,284.0000,20,10,275.9149,-80.4896,0.1463,39,0.9750,0.0000,4,4,0,0,0,4,0,1.0000
4,284.0000,20,14,302.0008,-83.1027,1.4707,36,0.9000,0.0000,4,4,0,0,0,4,0,1.0000
4,284.0000,20,18,373.1834,-84.3356,0.5546,32,0.8000,0.1667,6,4,0,2,1,6,1,0.8333
4,284.0000,20,21,413.5193,-84.8580,0.2250,38,0.9500,0.0000,4,4,0,0,0,4,0,1.0000
4,284.0000,21,1,276.3269,-81.5056,0.5454,38,0.9500,0.2000,5,5,0,0,0,5,0,1.0000
4,284.0000,21,2,526.8649,-85.2583,0.0269,30,0.7500,0.2000,5,5,1,0,0,5,1,0.8000
4,284.0000,21,3,867.2227,-88.4420,-0.2562,16,0.4000,1.0000,8,8,8,72,71,80,79,0.0125
4,284.0000,21,5,478.0651,-85.1145,-0.4344,37,0.9250,0.0000,4,5,1,0,0,5,1,0.8000
4,284.0000,21,8,466.3007,-85.3299,-0.4619,35,0.8750,0.2000,5,6,4,0,0,6,4,0.3333
4,284.0000,21,10,239.8505,-77.1687,-0.7523,39,0.9750,0.0000,4,4,0,0,0,4,0,1.0000
4,284.0000,21,14,665.5305,-87.2798,-0.0054,20,0.5000,0.8571,7,7,6,0,0,7,6,0.1429
4,284.0000,21,18,553.9603,-85.9967,-0.6288,32,0.8000,0.0000,4,6,2,0,0,6,2,0.6667
4,284.0000,21,20,413.5193,-84.4133,0.0796,38,0.9500,0.0000,4,5,1,0,0,5,1,0.8000
4,284.0000,22,4,218.0993,-76.8582,-0.4365,39,0.9750,0.0000,4,4,0,0,0,4,0,1.0000
4,284.0000,22,6,479.4644,-85.1079,0.3236,35,0.8750,0.6667,6,6,3,0,0,6,3,0.5000
4,284.0000,22,7,649.6028,-86.3586,-0.2524,25,0.6250,0.6667,6,6,3,0,0,6,3,0.5000
4,284.0000,22,9,698.7590,-87.9476,0.0909,25,0.6250,0.8571,7,6,4,0,0,6,4,0.3333
4,284.0000,22,11,971.6795,-88.8089,0.5514,13,0.3250,1.0000,8,8,8,0,0,8,8,0.0000
4,284.0000,22,12,650.6171,-86.4090,-0.3325,33,0.8250,0.2000,5,8,8,0,0,8,8,0.0000
4,284.0000,22,13,749.6806,-88.2076,-0.2485,17,0.4250,0.5714,7,8,8,0,0,8,8,0.0000
4,284.0000,22,15,602.1501,-86.3792,-0.2515,28,0.7000,0.6667,6,5,1,0,0,5,1,0.8000
4,284.0000,22,16,1107.0086,-88.2708,-1.0735,5,0.1250,0.8750,8,8,8,0,0,8,8,0.0000
4,284.0000,22,17,637.8635,-87.5728,-0.0537,23,0.5750,0.7143,7,7,5,0,0,7,5,0.2857
4,284.0000,22,19,918.3295,-89.1194,-0.0568,9,0.2250,1.0000,8,8,8,0,0,8,8,0.0000
4,284.0000,22,23,546.5473,-86.3635,-0.1368,31,0.7750,0.2000,5,6,4,0,0,6,4,0.3333
4,284.0000,22,24,750.0584,-88.1356,-0.0171,18,0.4500,1.0000,8,5,2,0,0,5,2,0.6000
4,284.0000,22,25,498.4787,-85.8165,0.1164,25,0.6250,0.4000,5,4,0,0,0,4,0,1.0000
4,284.0000,23,4,471.4424,-84.8282,-0.0907,28,0.7000,0.5714,7,5,2,0,0,5,2,0.6000
4,284.0000,23,6,126.3500,-74.8180,0.9096,40,1.0000,0.0000,4,5,0,0,0,5,0,1.0000
4,284.0000,23,7,602.4549,-86.9648,0.6717,20,0.5000,0.8750,8,6,2,0,0,6,2,0.6667
4,284.0000,23,17,325.7234,-79.4109,-0.4601,39,0.9750,0.0000,4,4,0,0,0,4,0,1.0000
4,284.0000,23,22,546.5473,-85.6334,-0.2348,22,0.5500,0.7143,7,7,6,0,0,7,6,0.1429
4,284.0000,23,25,847.8488,-88.3977,-0.5636,7,0.1750,0.7143,7,7,5,0,0,7,5,0.2857
4,284.0000,24,2,782.3073,-87.7767,-0.1879,18,0.4500,0.8571,7,8,8,0,0,8,8,0.0000
4,284.0000,24,3,305.3011,-81.2639,-0.6720,38,0.9500,0.2000,5,5,1,0,0,5,1,0.8000
4,284.0000,24,4,915.8267,-88.2980,0.5354,8,0.2000,1.0000,8,8,8,0,0,8,8,0.0000
4,284.0000,24,6,1026.7534,-89.6982,0.1941,3,0.0750,1.0000,8,8,7,0,0,8,7,0.1250
4,284.0000,24,8,631.1811,-86.4224,0.0374,22,0.5500,0.3333,6,8,8,0,0,8,8,0.0000
4,284.0000,24,15,859.3586,-88.4782,0.1804,8,0.2000,1.0000,8,8,6,0,0,8,6,0.2500
4,284.0000,24,18,1003.8468,-88.6990,0.1012,7,0.1750,1.0000,6,6,6,0,0,6,6,0.0000
4,284.0000,24,22,750.0584,-88.4906,-0.0685,6,0.1500,1.0000,8,5,2,0,0,5,2,0.6000
4,284.0000,24,25,454.5162,-85.1689,0.5914,31,0.7750,0.5000,6,5,2,0,0,5,2,0.6000
4,284.0000,25,3,730.2594,-87.6393,0.1993,10,0.2439,1.0000,8,6,6,0,0,6,6,0.0000
4,284.0000,25,4,582.6650,-85.3359,0.3672,25,0.6098,0.2000,5,6,4,0,0,6,4,0.3333
4,284.0000,25,6,763.4212,-88.6600,-0.3587,12,0.2927,0.8571,7,7,6,0,0,7,6,0.1429
4,284.0000,25,9,854.2450,-88.0859,0.7626,4,0.0976,1.0000,8,8,5,0,0,8,5,0.3750
4,284.0000,25,12,740.6992,-88.1580,-0.0238,13,0.3171,1.0000,8,7,6,0,0,7,6,0.1429
4,284.0000,25,13,798.4063,-88.5460,-0.1791,9,0.2195,1.0000,8,6,5,2,2,8,7,0.1250
4,284.0000,25,15,658.4280,-88.0607,0.7172,13,0.3171,0.8571,7,5,2,0,0,5,2,0.6000
4,284.0000,25,17,849.8044,-87.9936,-0.9214,11,0.2683,0.6667,6,8,7,0,0,8,7,0.1250
4,284.0000,25,22,498.4787,-85.8880,0.0495,27,0.6585,0.5000,6,7,6,0,0,7,6,0.1429
4,284.0000,25,23,847.8488,-88.2538,-0.0192,11,0.2683,1.0000,8,8,8,0,0,8,8,0.0000
4,284.0000,25,24,454.5162,-84.3329,-0.0754,30,0.7317,0.0000,4,5,1,0,0,5,1,0.8000
4,288.0000,0,7,1062.8493,-89.5269,0.3841,3,0.0750,1.0000,4,8,8,0,0,8,8,0.0000
4,288.0000,0,9,615.3155,-86.7390,-0.0979,25,0.6250,0.7143,7,7,5,0,0,7,5,0.2857
4,288.0000,0,11,289.2605,-81.7663,0.9340,37,0.9250,0.5000,6,4,0,0,0,4,0,1.0000
4,288.0000,0,12,663.6983,-87.7913,-0.1085,20,0.5000,0.5714,7,5,2,0,0,5,2,0.6000
4,288.0000,0,13,588.3231,-87.6363,0.6109,24,0.6000,0.3333,6,4,0,0,0,4,0,1.0000
4,288.0000,0,15,1014.0908,-89.0998,-0.1087,6,0.1500,1.0000,8,8,8,0,0,8,8,0.0000
4,288.0000,0,16,286.9405,-81.1086,0.1766,39,0.9750,0.0000,4,5,1,0,0,5,1,0.8000
4,288.0000,0,19,679.5044,-88.2024,0.2423,20,0.5000,0.8750,48,6,3,0,0,6,3,0.5000
4,288.0000,1,2,333.3842,-83.7165,0.4675,39,0.9750,0.2000,5,6,2,0,0,6,2,0.6667
4,288.0000,1,3,839.9097,-88.6390,0.0403,12,0.3000,1.0000,8,8,8,0,0,8,8,0.0000
4,288.0000,1,5,729.2004,-87.8715,0.3133,24,0.6000,0.7143,7,8,8,0,0,8,8,0.0000
4,288.0000,1,8,379.8688,-84.7496,0.8607,35,0.8750,0.4000,5,4,0,15,2,19,2,0.8947
4,288.0000,1,10,544.4799,-86.1508,-0.2537,35,0.8750,0.5000,6,5,2,0,0,5,2,0.6000
4,288.0000,1,14,813.7396,-88.2380,0.6584,13,0.3250,1.0000,8,7,5,0,0,7,5,0.2857
4,288.0000,1,18,730.4401,-88.7512,-0.2273,15,0.3750,0.8750,8,6,3,0,0,6,3,0.5000
4,288.0000,1,20,656.3887,-87.2684,-0.1555,21,0.5250,0.3333,6,7,6,0,0,7,6,0.1429
4,288.0000,1,21,284.5756,-80.4381,-0.3183,40,1.0000,0.0000,4,4,0,0,0,4,0,1.0000
4,288.0000,1,24,1075.3462,-89.1646,0.0329,5,0.1250,1.0000,18,4,4,24,24,28,28,0.0000
4,288.0000,2,1,333.3842,-82.7184,0.1974,37,0.9250,0.0000,4,5,1,0,0,5,1,0.8000
4,288.0000,2,3,636.7608,-86.1675,-0.3068,32,0.8000,0.8000,10,8,8,0,0,8,8,0.0000
4,288.0000,2,5,813.8393,-88.3852,0.2448,18,0.4500,0.8750,8,7,5,0,0,7,5,0.2857
4,288.0000,2,8,348.8227,-84.2225,-0.6713,33,0.8250,0.2000,5,4,0,0,0,4,0,1.0000
4,288.0000,2,10,720.6291,-87.3830,0.2099,16,0.4000,0.7500,8,7,6,0,0,7,6,0.1429
4,288.0000,2,14,879.7924,-89.1654,-0.2414,4,0.1000,1.0000,8,7,5,0,0,7,5,0.2857
4,288.0000,2,18,819.1802,-88.6825,-0.0648,18,0.4500,0.7143,7,7,6,0,0,7,6,0.1429
4,288.0000,2,20,752.7317,-87.8029,-0.2083,20,0.5000,1.0000,8,7,6,0,0,7,6,0.1429
4,288.0000,2,21,563.2160,-86.3116,0.0038,29,0.7250,0.6667,6,5,1,0,0,5,1,0.8000
4,288.0000,2,24,900.2711,-88.7570,-0.2540,14,0.3500,0.8571,7,8,8,0,0,8,8,0.0000
4,288.0000,3,1,839.9097,-88.1673,-0.6375,7,0.1750,1.0000,8,8,8,0,0,8,8,0.0000
4,288.0000,3,2,636.7608,-87.0946,-0.6934,26,0.6500,0.4000,5,6,3,0,0,6,3,0.5000
4,288.0000,3,8,525.2439,-84.9463,-0.0868,33,0.8250,0.5000,6,7,4,0,0,7,4,0.4286
4,288.0000,3,10,1032.7675,-89.6611,0.0207,5,0.1250,1.0000,6,6,6,0,0,6,6,0.0000
4,288.0000,3,15,889.8852,-89.2313,-0.1407,4,0.1000,1.0000,4,8,8,0,0,8,8,0.0000
4,288.0000,3,18,1062.5064,-88.5471,0.5974,5,0.1250,1.0000,8,2,2,0,0,2,2,0.0000
4,288.0000,3,22,893.1705,-88.5613,0.1187,7,0.1750,1.0000,8,8,8,0,0,8,8,0.0000
4,288.0000,3,24,320.2305,-81.8659,0.3245,38,0.9500,0.0000,4,5,1,0,0,5,1,0.8000
4,288.0000,3,25,708.1042,-87.3271,-0.1475,20,0.5000,0.8889,27,8,8,14,14,22,22,0.0000
4,288.0000,4,6,445.9565,-83.4482,-0.6478,36,0.9231,0.0000,4,6,4,0,0,6,4,0.3333
4,288.0000,4,7,448.9739,-84.1181,0.1828,34,0.8718,0.4000,5,5,2,0,0,5,2,0.6000
4,288.0000,4,9,526.0064,-86.8282,0.6853,25,0.6410,0.2500,4,7,2,0,0,7,2,0.7143
4,288.0000,4,12,709.3539,-86.8046,0.2069,21,0.5385,0.4000,5,8,5,0,0,8,5,0.3750
4,288.0000,4,13,685.8434,-87.1982,0.4279,19,0.4872,0.4286,7,7,6,0,0,7,6,0.1429
4,288.0000,4,15,688.3453,-87.0835,-0.1140,24,0.6154,0.8750,8,8,8,0,0,8,8,0.0000
4,288.0000,4,16,1076.5008,-89.3510,0.0927,4,0.1026,1.0000,6,6,6,0,0,6,6,0.0000
4,288.0000,4,17,724.8800,-87.5669,-0.0547,20,0.5128,0.5714,7,7,6,0,0,7,6,0.1429
4,288.0000,4,19,738.8487,-88.5763,0.2809,16,0.4103,0.5714,7,6,3,0,0,6,3,0.5000
4,288.0000,4,22,338.4053,-80.2664,-0.9483,36,0.9231,0.0000,4,4,0,0,0,4,0,1.0000
4,288.0000,4,23,470.5563,-84.3839,-0.3699,29,0.7436,0.5000,6,5,2,0,0,5,2,0.6000
4,288.0000,4,24,904.9427,-89.4119,-0.2446,8,0.2051,0.8571,7,6,6,0,0,6,6,0.0000
4,288.0000,4,25,596.2320,-86.2736,-0.3219,24,0.6154,0.5714,7,6,3,0,0,6,3,0.5000
4,288.0000,5,1,729.2004,-87.5591,-0.2397,27,0.6750,0.8750,8,10,10,0,0,10,10,0.0000
4,288.0000,5,2,813.8393,-88.1680,-0.1303,17,0.4250,1.0000,8,7,5,0,0,7,5,0.2857
4,288.0000,5,8,741.2126,-87.8537,-0.0704,15,0.3750,1.0000,8,8,8,0,0,8,8,0.0000
4,288.0000,5,10,360.6184,-82.4965,-0.1308,40,1.0000,0.2000,5,4,1,0,0,4,1,0.7500
4,288.0000,5,14,132.5136,-78.0860,2.0334,40,1.0000,0.4000,5,4,0,0,0,4,0,1.0000
4,288.0000,5,18,270.3430,-82.1569,0.6403,38,0.9500,0.4000,5,5,1,0,0,5,1,0.8000
4,288.0000,5,20,94.1467,-68.9499,0.1978,40,1.0000,0.0000,4,4,0,0,0,4,0,1.0000
4,288.0000,5,21,542.9376,-86.2415,-0.1632,32,0.8000,0.4000,5,6,3,0,0,6,3,0.5000
4,288.0000,6,4,445.9565,-83.4347,-0.1383,36,0.9000,0.3333,6,5,2,0,0,5,2,0.6000
4,288.0000,6,7,617.7974,-86.8936,0.2479,25,0.6250,0.5000,6,7,5,0,0,7,5,0.2857
4,288.0000,6,9,961.8042,-88.8280,0.1188,5,0.1250,1.0000,6,6,6,0,0,6,6,0.0000
4,288.0000,6,12,1128.0088,-88.8606,0.2597,4,0.1000,1.0000,4,6,6,0,0,6,6,0.0000
4,288.0000,6,15,1022.6128,-88.9000,0.7980,4,0.1000,1.0000,6,8,8,0,0,8,8,0.0000
4,288.0000,6,17,390.7236,-84.0771,-0.0394,40,1.0000,0.4921,63,4,0,50,15,54,15,0.7222
4,288.0000,6,19,1109.7277,-88.6654,-0.5119,3,0.0750,1.0000,6,4,4,0,0,4,4,0.0000
4,288.0000,6,22,514.4256,-85.7711,-0.4314,30,0.7500,0.2000,5,6,4,0,0,6,4,0.3333
4,288.0000,6,23,157.1622,-73.7128,-1.1439,40,1.0000,0.0000,4,4,0,0,0,4,0,1.0000
4,288.0000,6,24,907.5320,-88.5327,0.3443,7,0.1750,1.0000,8,7,6,0,0,7,6,0.1429
4,288.0000,6,25,740.9927,-87.7963,0.3117,15,0.3750,0.8571,7,8,7,0,0,8,7,0.1250
4,288.0000,7,4,448.9739,-85.4330,0.1089,36,0.9000,0.3333,6,4,0,0,0,4,0,1.0000
4,288.0000,7,6,617.7974,-86.6218,-0.4462,28,0.7000,0.3333,6,9,6,0,0,9,6,0.3333
4,288.0000,7,9,764.2651,-88.2487,-0.2054,18,0.4500,0.7143,7,8,6,0,0,8,6,0.2500
4,288.0000,7,12,998.0500,-88.7025,-0.0114,6,0.1500,1.0000,8,8,8,0,0,8,8,0.0000
4,288.0000,7,13,939.5459,-88.8479,-0.4644,5,0.1250,1.0000,8,8,8,0,0,8,8,0.0000
4,288.0000,7,15,1086.1718,-89.4189,-0.0197,4,0.1000,1.0000,8,4,4,0,0,4,4,0.0000
4,288.0000,7,17,967.6667,-88.4045,-1.3963,4,0.1000,1.0000,8,8,8,0,0,8,8,0.0000
4,288.0000,7,19,660.3214,-87.2461,-0.3525,29,0.7250,0.8750,8,7,4,0,0,7,4,0.4286
4,288.0000,7,22,772.0083,-87.4669,-0.1492,21,0.5250,0.7500,8,6,6,0,0,6,6,0.0000
4,288.0000,7,23,544.6722,-86.7718,0.1285,32,0.8000,0.0000,4,6,4,0,0,6,4,0.3333
4,288.0000,7,25,1029.1249,-89.2994,0.1546,11,0.2750,1.0000,8,8,8,0,0,8,8,0.0000
4,288.0000,8,1,379.8688,-84.8889,0.3996,35,0.8750,0.0000,4,5,2,0,0,5,2,0.6000
4,288.0000,8,2,348.8227,-83.2926,-0.1414,36,0.9000,0.0000,3,4,0,0,0,4,0,1.0000
4,288.0000,8,3,525.2439,-85.4799,-0.5023,34,0.8500,0.5263,38,5,1,27,23,32,24,0.2500
4,288.0000,8,5,741.2126,-87.9023,-0.2617,19,0.4750,0.6250,8,8,7,0,0,8,7,0.1250
4,288.0000,8,10,535.8462,-86.2266,0.1873,35,0.8750,0.2000,5,8,7,0,0,8,7,0.1250
4,288.0000,8,14,768.2286,-88.0195,-0.3006,10,0.2500,0.8750,8,8,6,0,0,8,6,0.2500
4,288.0000,8,18,633.2218,-86.7664,-0.3432,29,0.7250,0.7143,7,8,7,0,0,8,7,0.1250
4,288.0000,8,20,657.0598,-87.1175,0.2060,28,0.7000,0.2000,5,5,2,0,0,5,2,0.6000
4,288.0000,8,21,532.6502,-85.7886,-0.1585,35,0.8750,0.6667,6,5,1,0,0,5,1,0.8000
4,288.0000,8,24,710.0852,-87.3370,0.0073,19,0.4750,0.5000,6,7,6,0,0,7,6,0.1429
4,288.0000,9,0,615.3155,-86.9198,0.1721,23,0.5750,0.4000,5,7,6,0,0,7,6,0.1429
4,288.0000,9,4,526.0064,-86.5052,0.4614,27,0.6750,0.0000,4,8,4,0,0,8,4,0.5000
4,288.0000,9,6,961.8042,-88.7595,0.4739,3,0.0750,1.0000,8,8,7,0,0,8,7,0.1250
4,288.0000,9,7,764.2651,-87.4787,-0.0448,16,0.4000,0.8571,7,7,6,0,0,7,6,0.1429
4,288.0000,9,11,451.7827,-82.7838,-1.0665,36,0.9000,0.0000,4,5,1,0,0,5,1,0.8000
4,288.0000,9,12,243.9903,-76.6547,-0.3704,39,0.9750,0.0000,4,4,0,0,0,4,0,1.0000
4,288.0000,9,13,176.5375,-76.8331,0.1392,38,0.9500,0.0000,4,4,0,0,0,4,0,1.0000
4,288.0000,9,15,492.0340,-84.4801,-0.1876,35,0.8750,0.3333,6,5,1,0,0,5,1,0.8000
4,288.0000,9,16,666.0874,-86.9515,-0.3988,28,0.7000,0.7500,8,6,3,0,0,6,3,0.5000
4,288.0000,9,19,648.4116,-87.8558,0.6176,16,0.4000,0.8649,37,7,4,4,3,11,7,0.3636
4,288.0000,9,22,642.8415,-87.0330,0.4749,20,0.5000,0.7143,7,8,7,0,0,8,7,0.1250
4,288.0000,9,23,995.8132,-88.5749,-0.0454,3,0.0750,1.0000,6,6,6,0,0,6,6,0.0000
4,288.0000,9,25,696.0271,-88.5824,0.1071,11,0.2750,0.8750,8,8,6,0,0,8,6,0.2500
4,288.0000,10,1,544.4799,-85.8470,-0.4192,30,0.7500,0.5000,6,3,0,0,0,3,0,1.0000
4,288.0000,10,2,720.6291,-87.8417,0.3012,20,0.5000,0.8462,13,8,4,0,0,8,4,0.5000
4,288.0000,10,3,1032.7675,-88.7811,0.3841,3,0.0750,0.8571,7,8,8,0,0,8,8,0.0000
4,288.0000,10,5,360.6184,-82.9273,0.0482,40,1.0000,0.2000,5,5,2,0,0,5,2,0.6000
4,288.0000,10,8,535.8462,-86.1709,-0.3743,29,0.7250,0.6810,116,6,4,72,54,78,58,0.2564
4,288.0000,10,14,389.6998,-84.4203,0.2556,38,0.9500,0.0000,4,4,2,0,0,4,2,0.5000
4,288.0000,10,18,248.9725,-81.1456,0.9157,40,1.0000,0.0000,4,4,0,0,0,4,0,1.0000
4,288.0000,10,20,272.7358,-80.5904,0.1956,40,1.0000,0.0000,4,4,0,0,0,4,0,1.0000
4,288.0000,10,21,362.6828,-81.2241,-1.8062,39,0.9750,0.4848,33,6,2,76,53,82,55,0.3293
4,288.0000,11,0,289.2605,-81.7573,0.3759,38,0.9500,0.2121,33,4,0,0,0,4,0,1.0000
4,288.0000,11,4,952.0759,-88.8787,0.9509,5,0.1250,1.0000,6,8,8,0,0,8,8,0.0000
4,288.0000,11,9,451.7827,-83.9746,-1.0257,34,0.8500,0.5000,30,5,2,3,1,8,3,0.6250
4,288.0000,11,12,411.5460,-83.8738,-0.2293,37,0.9250,0.5000,6,4,0,51,17,55,17,0.6909
4,288.0000,11,13,361.9492,-82.9637,-0.6596,36,0.9000,0.0000,4,5,2,0,0,5,2,0.6000
4,288.0000,11,15,756.5421,-87.4909,-0.6167,18,0.4500,0.8000,10,8,8,0,0,8,8,0.0000
4,288.0000,11,16,318.8996,-82.1971,0.5031,38,0.9500,0.0000,5,4,0,0,0,4,0,1.0000
4,288.0000,11,19,697.7055,-87.9445,0.2562,18,0.4500,0.7500,8,7,6,0,0,7,6,0.1429
4,288.0000,11,22,1062.0457,-89.1651,0.5788,4,0.1000,1.0000,8,6,6,0,0,6,6,0.0000
4,288.0000,12,0,663.6983,-87.7732,0.2524,22,0.5500,0.5000,6,6,4,0,0,6,4,0.3333
4,288.0000,12,4,709.3539,-87.6030,-0.0971,17,0.4250,0.6000,5,7,5,0,0,7,5,0.2857
4,288.0000,12,7,998.0500,-89.2065,-0.2656,7,0.1750,1.0000,8,6,6,0,0,6,6,0.0000
4,288.0000,12,9,243.9903,-76.4777,-0.0375,37,0.9250,0.0000,4,5,0,0,0,5,0,1.0000
4,288.0000,12,11,411.5460,-83.8305,-0.0638,38,0.9500,0.3333,6,4,0,0,0,4,0,1.0000
4,288.0000,12,13,102.3129,-69.2311,-0.0332,40,1.0000,0.2000,5,4,0,0,0,4,0,1.0000
4,288.0000,12,15,365.4135,-82.0307,-0.5630,39,0.9750,0.0000,4,5,1,0,0,5,1,0.8000
4,288.0000,12,16,674.4943,-86.7726,0.0580,24,0.6000,0.5000,6,7,4,0,0,7,4,0.4286
4,288.0000,12,19,792.2802,-88.4846,-0.4752,12,0.3000,0.8000,5,8,7,67,61,75,68,0.0933
4,288.0000,12,22,722.0517,-88.0026,-0.2822,21,0.5250,0.3333,6,8,8,0,0,8,8,0.0000
4,288.0000,12,24,1044.2668,-88.9549,-0.1400,3,0.0750,1.0000,6,8,7,0,0,8,7,0.1250
4,288.0000,12,25,707.8005,-87.8907,-0.6346,14,0.3500,0.8571,7,6,4,0,0,6,4,0.3333
4,288.0000,13,0,588.3231,-87.2200,0.2594,25,0.6098,0.8750,8,4,0,0,0,4,0,1.0000
4,288.0000,13,4,685.8434,-87.1433,0.2383,19,0.4634,0.7143,7,8,6,0,0,8,6,0.2500
4,288.0000,13,7,939.5459,-88.0017,-0.5001,5,0.1220,1.0000,8,8,8,0,0,8,8,0.0000
4,288.0000,13,9,176.5375,-76.6457,0.4800,38,0.9268,0.0000,4,4,0,0,0,4,0,1.0000
4,288.0000,13,11,361.9492,-82.7321,-0.0631,38,0.9268,0.0000,4,6,3,0,0,6,3,0.5000
4,288.0000,13,12,102.3129,-69.0700,0.4115,38,0.9268,0.0000,4,4,0,0,0,4,0,1.0000
4,288.0000,13,15,451.5297,-83.5496,-0.1384,34,0.8293,0.0000,4,6,2,0,0,6,2,0.6667
4,288.0000,13,16,630.8172,-87.0490,0.1088,31,0.7561,0.5714,7,6,2,0,0,6,2,0.6667
4,288.0000,13,19,747.7246,-88.0656,0.3282,13,0.3171,0.8571,7,5,2,0,0,5,2,0.6000
4,288.0000,13,22,745.7659,-88.0944,-0.1140,13,0.3171,1.0000,8,6,4,0,0,6,4,0.3333
4,288.0000,13,25,740.8163,-87.6824,0.4557,6,0.1463,1.0000,8,8,5,0,0,8,5,0.3750
4,288.0000,14,1,813.7396,-88.8582,-0.0726,9,0.2250,0.6667,6,6,3,0,0,6,3,0.5000
4,288.0000,14,2,879.7924,-88.7605,0.1803,6,0.1500,1.0000,4,7,6,0,0,7,6,0.1429
4,288.0000,14,5,132.5136,-77.9006,1.7705,40,1.0000,0.2000,5,4,0,0,0,4,0,1.0000
4,288.0000,14,8,768.2286,-88.0383,0.2342,15,0.3750,0.5714,7,8,7,0,0,8,7,0.1250
4,288.0000,14,10,389.6998,-83.9937,0.3852,37,0.9250,0.0000,4,4,0,0,0,4,0,1.0000
4,288.0000,14,18,210.4873,-79.2094,1.1488,40,1.0000,0.0000,4,4,0,0,0,4,0,1.0000
4,288.0000,14,20,165.2605,-78.6490,1.2713,40,1.0000,0.0000,4,4,0,0,0,4,0,1.0000
4,288.0000,14,21,640.6140,-87.2468,0.0684,26,0.6500,0.5000,6,5,1,0,0,5,1,0.8000
4,288.0000,15,0,1014.0908,-88.4965,0.1866,4,0.1000,1.0000,8,8,8,0,0,8,8,0.0000
4,288.0000,15,4,688.3453,-87.9686,0.5996,21,0.5250,0.5000,6,8,8,0,0,8,8,0.0000
4,288.0000,15,6,1022.6128,-88.9485,0.7374,4,0.1000,1.0000,8,8,8,0,0,8,8,0.0000
4,288.0000,15,7,1086.1718,-89.0294,0.2344,3,0.0750,1.0000,8,6,6,0,0,6,6,0.0000
4,288.0000,15,9,492.0340,-85.0760,-0.4984,28,0.7000,0.0000,4,6,3,0,0,6,3,0.5000
4,288.0000,15,11,756.5421,-87.3699,-0.6353,25,0.6250,0.8571,7,8,8,0,0,8,8,0.0000
4,288.0000,15,12,365.4135,-81.5931,-1.3076,35,0.8750,0.0000,4,6,3,0,0,6,3,0.5000
4,288.0000,15,13,451.5297,-83.8608,-0.6101,34,0.8500,0.0000,4,8,8,0,0,8,8,0.0000
4,288.0000,15,16,973.0548,-88.5639,-1.2852,6,0.1500,1.0000,8,8,8,0,0,8,8,0.0000
4,288.0000,15,19,961.3211,-89.3906,-0.1829,8,0.2000,1.0000,8,6,6,0,0,6,6,0.0000
4,288.0000,15,22,527.0207,-85.7503,-0.1975,26,0.6500,0.5000,6,7,5,0,0,7,5,0.2857
4,288.0000,15,24,719.0621,-88.1248,0.1974,11,0.2750,0.8750,8,5,2,0,0,5,2,0.6000
4,288.0000,15,25,503.6188,-85.7761,0.6446,28,0.7000,0.4000,5,4,0,0,0,4,0,1.0000
4,288.0000,16,0,286.9405,-80.8794,0.1331,39,0.9750,0.0000,3,4,0,0,0,4,0,1.0000
4,288.0000,16,4,1076.5008,-88.9808,0.3088,4,0.1000,1.0000,4,6,6,0,0,6,6,0.0000
4,288.0000,16,9,666.0874,-87.0469,-0.1487,25,0.6250,0.0000,4,8,8,0,0,8,8,0.0000
4,288.0000,16,11,318.8996,-81.8747,0.2204,39,0.9750,0.4000,5,4,0,0,0,4,0,1.0000
4,288.0000,16,12,674.4943,-87.0692,0.3124,20,0.5000,0.7143,7,7,4,0,0,7,4,0.4286
4,288.0000,16,13,630.8172,-87.2532,-0.0570,19,0.4750,0.4000,5,7,5,0,0,7,5,0.2857
4,288.0000,16,15,973.0548,-88.4636,-0.0663,11,0.2750,1.0000,8,8,8,0,0,8,8,0.0000
4,288.0000,16,19,571.7873,-86.7702,0.0209,31,0.7750,0.5000,8,5,1,0,0,5,1,0.8000
4,288.0000,17,4,724.8800,-87.6718,-0.1814,14,0.3590,0.8750,8,8,8,0,0,8,8,0.0000
4,288.0000,17,6,390.7236,-83.4839,-0.0447,33,0.8462,0.0000,4,4,0,0,0,4,0,1.0000
4,288.0000,17,7,967.6667,-89.6971,0.0796,4,0.1026,1.0000,6,8,7,0,0,8,7,0.1250
4,288.0000,17,22,597.0406,-86.7509,0.1012,24,0.6154,1.0000,8,4,0,0,0,4,0,1.0000
4,288.0000,17,23,445.4398,-83.6434,-0.6306,36,0.9231,0.5000,6,5,2,0,0,5,2,0.6000
4,288.0000,17,24,764.8930,-86.4888,1.3639,5,0.1282,0.8000,5,7,4,0,0,7,4,0.4286
4,288.0000,17,25,815.6349,-87.8561,0.9983,7,0.1795,1.0000,8,7,6,0,0,7,6,0.1429
4,288.0000,18,1,730.4401,-88.0203,0.8272,24,0.6000,1.0000,10,7,4,0,0,7,4,0.4286
4,288.0000,18,2,819.1802,-88.9185,-0.2217,16,0.4000,0.8571,7,7,4,0,0,7,4,0.4286
4,288.0000,18,3,1062.5064,-89.2319,-0.1692,5,0.1250,1.0000,8,8,8,0,0,8,8,0.0000
4,288.0000,18,5,270.3430,-82.2504,0.8069,36,0.9000,0.0000,4,4,0,0,0,4,0,1.0000
4,288.0000,18,8,633.2218,-87.0869,0.1152,36,0.9000,0.5556,9,7,5,0,0,7,5,0.2857
4,288.0000,18,10,248.9725,-81.7348,1.1996,40,1.0000,0.2000,5,4,0,0,0,4,0,1.0000
4,288.0000,18,14,210.4873,-79.2227,1.2260,40,1.0000,0.0000,4,4,0,0,0,4,0,1.0000
4,288.0000,18,20,211.7181,-80.6638,1.8319,40,1.0000,0.0000,4,5,1,0,0,5,1,0.8000
4,288.0000,18,21,577.4409,-86.4475,-0.2024,34,0.8500,0.4000,5,6,4,0,0,6,4,0.3333
4,288.0000,18,24,1104.1134,-89.0795,0.5098,3,0.0750,1.0000,8,4,4,0,0,4,4,0.0000
4,288.0000,19,0,679.5044,-87.1164,0.7488,14,0.3500,0.8750,8,6,3,0,0,6,3,0.5000
4,288.0000,19,4,738.8487,-88.1465,1.1922,9,0.2250,0.5714,7,6,3,0,0,6,3,0.5000
4,288.0000,19,6,1109.7277,-89.0251,-0.0987,3,0.0750,1.0000,4,4,4,0,0,4,4,0.0000
4,288.0000,19,7,660.3214,-87.1031,0.2805,33,0.8250,0.5000,6,6,2,0,0,6,2,0.6667
4,288.0000,19,9,648.4116,-87.4999,0.6968,23,0.5750,0.7500,8,7,6,0,0,7,6,0.1429
4,288.0000,19,11,697.7055,-88.3785,0.2983,17,0.4250,0.8750,8,6,3,0,0,6,3,0.5000
4,288.0000,19,12,792.2802,-88.1369,0.1706,17,0.4250,1.0000,8,8,8,0,0,8,8,0.0000
4,288.0000,19,13,747.7246,-88.2573,0.3448,24,0.6000,1.0000,8,6,4,0,0,6,4,0.3333
4,288.0000,19,15,961.3211,-89.3239,0.3792,4,0.1000,1.0000,8,6,6,0,0,6,6,0.0000
4,288.0000,19,16,571.7873,-86.9165,0.4757,28,0.7000,0.0000,4,3,0,0,0,3,0,1.0000
4,288.0000,19,22,938.4676,-89.1781,-0.3831,6,0.1500,1.0000,8,8,8,0,0,8,8,0.0000
4,288.0000,20,1,656.3887,-87.4231,-0.2906,28,0.7000,0.8205,39,8,7,80,73,88,80,0.0909
4,288.0000,20,2,752.7317,-88.2679,-0.0243,16,0.4000,1.0000,8,6,3,0,0,6,3,0.5000
4,288.0000,20,3,1119.5058,-89.3663,0.0398,5,0.1250,1.0000,2,2,2,0,0,2,2,0.0000
4,288.0000,20,5,94.1467,-69.0893,-0.1128,39,0.9750,0.0000,4,5,1,0,0,5,1,0.8000
4,288.0000,20,8,657.0598,-88.0352,0.1412,22,0.5500,0.8704,54,7,6,0,0,7,6,0.1429
4,288.0000,20,10,272.7358,-80.5974,0.5932,38,0.9500,0.0000,4,6,3,0,0,6,3,0.5000
4,288.0000,20,14,165.2605,-78.5215,1.6716,38,0.9500,0.0000,4,4,0,0,0,4,0,1.0000
4,288.0000,20,18,211.7181,-80.5341,1.4577,38,0.9500,0.1667,6,4,0,0,0,4,0,1.0000
4,288.0000,20,21,476.4738,-84.8466,-0.1731,33,0.8250,0.0000,4,5,1,0,0,5,1,0.8000
4,288.0000,21,1,284.5756,-80.3507,-0.3690,39,0.9750,0.0000,5,5,3,34,22,39,25,0.3590
4,288.0000,21,2,563.2160,-86.4013,-0.0270,33,0.8250,0.2000,5,6,3,0,0,6,3,0.5000
4,288.0000,21,3,1050.2806,-89.3150,0.3389,6,0.1500,0.9875,80,6,6,76,76,82,82,0.0000
4,288.0000,21,5,542.9376,-86.3823,-0.2060,34,0.8500,0.2000,5,6,3,0,0,6,3,0.5000
4,288.0000,21,8,532.6502,-85.8845,-1.0702,33,0.8250,0.6667,6,7,6,15,14,22,20,0.0909
4,288.0000,21,10,362.6828,-81.0908,-1.4909,39,0.9750,0.0000,4,5,1,0,0,5,1,0.8000
4,288.0000,21,14,640.6140,-87.0293,0.3667,27,0.6750,0.8571,7,6,4,0,0,6,4,0.3333
4,288.0000,21,18,577.4409,-86.6642,-0.2023,29,0.7250,0.3333,6,8,6,0,0,8,6,0.2500
4,288.0000,21,20,476.4738,-84.7970,-0.2897,38,0.9500,0.2000,5,5,1,0,0,5,1,0.8000
4,288.0000,22,3,893.1705,-88.7144,0.5513,8,0.2000,1.0000,8,8,8,0,0,8,8,0.0000
4,288.0000,22,4,338.4053,-80.3015,-1.3522,39,0.9750,0.0000,4,4,0,0,0,4,0,1.0000
4,288.0000,22,6,514.4256,-85.5151,-0.2931,35,0.8750,0.5000,6,5,1,0,0,5,1,0.8000
4,288.0000,22,7,772.0083,-87.2693,-0.8250,20,0.5000,0.5000,6,8,8,0,0,8,8,0.0000
4,288.0000,22,9,642.8415,-87.4551,-0.3409,21,0.5250,0.6667,6,7,5,0,0,7,5,0.2857
4,288.0000,22,12,722.0517,-87.0176,-0.1749,21,0.5250,1.0000,8,8,8,0,0,8,8,0.0000
4,288.0000,22,13,745.7659,-87.7431,0.3347,14,0.3500,1.0000,8,8,8,0,0,8,8,0.0000
4,288.0000,22,15,527.0207,-86.3511,-0.1205,30,0.7500,0.2000,5,6,3,0,0,6,3,0.5000
4,288.0000,22,17,597.0406,-86.9824,0.1556,26,0.6500,0.7143,7,5,1,0,0,5,1,0.8000
4,288.0000,22,19,938.4676,-88.8382,-0.0389,5,0.1250,1.0000,8,8,8,0,0,8,8,0.0000
4,288.0000,22,23,583.3063,-86.4469,-0.2049,30,0.7500,0.6667,6,4,0,0,0,4,0,1.0000
4,288.0000,22,24,590.0431,-87.5830,0.5476,22,0.5500,0.4000,5,6,3,0,0,6,3,0.5000
4,288.0000,22,25,403.5285,-84.9783,0.6000,34,0.8500,0.0000,4,4,0,0,0,4,0,1.0000
4,288.0000,23,4,470.5563,-84.5708,-0.6981,32,0.7805,0.4000,5,5,1,0,0,5,1,0.8000
4,288.0000,23,6,157.1622,-73.7442,-0.3558,38,0.9268,0.0000,5,4,0,0,0,4,0,1.0000
4,288.0000,23,7,544.6722,-86.8953,0.2370,29,0.7073,0.3333,6,6,4,0,0,6,4,0.3333
4,288.0000,23,17,445.4398,-83.4589,-0.6277,39,0.9512,0.0000,4,7,4,0,0,7,4,0.4286
4,288.0000,23,19,1046.3755,-89.6081,-0.4720,3,0.0732,1.0000,4,5,4,0,0,5,4,0.2000
4,288.0000,23,22,583.3063,-85.9775,-0.7525,28,0.6829,0.8571,7,5,2,0,0,5,2,0.6000
4,288.0000,23,25,864.6272,-88.0554,0.2633,8,0.1951,0.7143,7,8,8,0,0,8,8,0.0000
4,288.0000,24,1,1075.3462,-89.3115,0.2705,3,0.0750,1.0000,8,4,4,0,0,4,4,0.0000
4,288.0000,24,2,900.2711,-88.3147,0.3641,8,0.2000,1.0000,8,8,8,0,0,8,8,0.0000
4,288.0000,24,3,320.2305,-81.7989,0.6497,35,0.8750,0.2000,5,6,1,0,0,6,1,0.8333
4,288.0000,24,4,904.9427,-89.4046,0.1186,5,0.1250,1.0000,8,8,8,0,0,8,8,0.0000
4,288.0000,24,8,710.0852,-88.2102,-0.3100,19,0.4750,1.0000,8,5,3,0,0,5,3,0.4000
4,288.0000,24,9,1076.7484,-88.7327,0.5661,3,0.0750,1.0000,2,6,6,0,0,6,6,0.0000
4,288.0000,24,10,1127.4167,-89.2265,-1.1794,3,0.0750,1.0000,2,2,2,0,0,2,2,0.0000
4,288.0000,24,15,719.0621,-87.9681,0.2271,18,0.4500,0.7500,8,6,2,0,0,6,2,0.6667
4,288.0000,24,17,764.8930,-87.7566,0.2135,8,0.2000,0.8333,6,8,6,0,0,8,6,0.2500
4,288.0000,24,18,1104.1134,-89.2591,-1.3797,3,0.0750,1.0000,6,8,8,0,0,8,8,0.0000
4,288.0000,24,22,590.0431,-87.5282,0.3320,18,0.4500,0.4000,5,5,1,0,0,5,1,0.8000
4,288.0000,24,25,454.3359,-84.4736,0.2507,29,0.7250,0.4000,5,6,3,3,2,9,5,0.4444
4,288.0000,25,3,708.1042,-87.5238,0.0096,23,0.5750,1.0000,6,8,7,0,0,8,7,0.1250
4,288.0000,25,4,596.2320,-86.4708,-0.0299,29,0.7250,0.6667,6,7,4,0,0,7,4,0.4286
4,288.0000,25,6,740.9927,-88.2874,0.1267,14,0.3500,0.8571,7,8,8,0,0,8,8,0.0000
4,288.0000,25,7,1029.1249,-89.1442,0.0250,5,0.1250,1.0000,6,6,6,0,0,6,6,0.0000
4,288.0000,25,9,696.0271,-87.4450,0.1493,15,0.3750,0.6250,8,6,3,0,0,6,3,0.5000
4,288.0000,25,12,707.8005,-87.5633,0.4186,17,0.4250,0.8571,7,6,4,0,0,6,4,0.3333
4,288.0000,25,13,740.8163,-87.8328,-0.1993,15,0.3750,0.8750,8,7,6,7,6,14,12,0.1429
4,288.0000,25,15,503.6188,-86.3655,0.6009,24,0.6000,0.4000,5,5,2,0,0,5,2,0.6000
4,288.0000,25,17,815.6349,-88.6886,-0.3115,13,0.3250,0.8750,8,8,7,0,0,8,7,0.1250
4,288.0000,25,22,403.5285,-84.9496,-0.1678,37,0.9250,0.8571,7,6,3,0,0,6,3,0.5000
4,288.0000,25,23,864.6272,-88.5708,0.0371,10,0.2500,1.0000,8,8,7,0,0,8,7,0.1250
4,288.0000,25,24,454.3359,-85.3952,-0.0816,28,0.7000,0.2000,5,4,0,0,0,4,0,1.0000
4,292.0000,0,4,903.9769,-88.3421,1.0995,7,0.1750,1.0000,6,6,4,0,0,6,4,0.3333
4,292.0000,0,7,1001.8003,-89.2159,0.1588,6,0.1500,1.0000,8,10,10,0,0,10,10,0.0000
4,292.0000,0,9,620.2688,-87.0024,-0.0789,29,0.7250,0.7143,7,8,7,0,0,8,7,0.1250
4,292.0000,0,11,243.7679,-79.3326,0.5065,39,0.9750,0.0000,4,4,0,0,0,4,0,1.0000
4,292.0000,0,12,606.1942,-87.0165,0.1872,27,0.6750,0.4000,5,5,2,0,0,5,2,0.6000
4,292.0000,0,13,488.9691,-86.1023,0.6361,31,0.7750,0.0000,4,4,0,0,0,4,0,1.0000
4,292.0000,0,15,1057.6571,-89.7557,-0.0246,5,0.1250,1.0000,8,6,6,0,0,6,6,0.0000
4,292.0000,0,16,310.9453,-81.2970,-0.4916,39,0.9750,0.2000,5,4,0,0,0,4,0,1.0000
4,292.0000,0,19,560.5493,-86.6589,0.3992,28,0.7000,0.5000,6,7,2,0,0,7,2,0.7143
4,292.0000,1,2,259.8195,-80.7930,0.3345,37,0.9250,0.3333,6,5,1,0,0,5,1,0.8000
4,292.0000,1,3,861.7238,-88.5943,-0.1956,14,0.3500,1.0000,8,8,8,0,0,8,8,0.0000
4,292.0000,1,5,805.9843,-88.2121,-0.1937,14,0.3500,1.0000,8,7,6,0,0,7,6,0.1429
4,292.0000,1,8,261.8797,-82.0721,0.9327,39,0.9750,0.1053,19,4,0,21,1,25,1,0.9600
4,292.0000,1,10,577.7480,-86.2132,-0.8081,32,0.8000,0.4000,5,5,2,0,0,5,2,0.6000
4,292.0000,1,14,723.7206,-87.8313,0.8098,18,0.4500,0.7143,7,7,5,0,0,7,5,0.2857
4,292.0000,1,18,690.8148,-87.7369,-0.1458,23,0.5750,0.5000,6,7,5,0,0,7,5,0.2857
4,292.0000,1,20,675.6970,-87.4890,-0.0879,28,0.7000,0.8571,7,7,5,0,0,7,5,0.2857
4,292.0000,1,21,387.3526,-82.2725,-0.9490,39,0.9750,0.0000,4,4,0,0,0,4,0,1.0000
4,292.0000,2,1,259.8195,-80.2031,0.6821,35,0.8974,0.2000,5,4,0,0,0,4,0,1.0000
4,292.0000,2,3,711.9093,-87.8652,-0.1593,16,0.4103,1.0000,8,8,8,31,29,39,37,0.0513
4,292.0000,2,5,809.1503,-88.3959,0.0149,8,0.2051,0.7143,7,7,6,0,0,7,6,0.1429
4,292.0000,2,8,191.7523,-79.3904,1.2238,35,0.8974,0.0000,4,4,0,1,0,5,0,1.0000
4,292.0000,2,10,655.6691,-87.4208,0.4923,18,0.4615,0.8571,7,6,4,0,0,6,4,0.3333
4,292.0000,2,14,691.2414,-88.0128,0.5894,10,0.2564,0.7143,7,6,3,0,0,6,3,0.5000
4,292.0000,2,18,714.9870,-87.7083,-0.0045,12,0.3077,0.8571,7,8,8,0,0,8,8,0.0000
4,292.0000,2,20,677.8084,-88.2629,0.0342,14,0.3590,0.8571,7,8,7,0,0,8,7,0.1250
4,292.0000,2,21,571.5156,-86.3146,-0.0003,28,0.7179,0.2000,5,6,3,0,0,6,3,0.5000
4,292.0000,2,24,938.8974,-88.6130,0.5027,3,0.0769,1.0000,8,8,8,0,0,8,8,0.0000
4,292.0000,3,1,861.7238,-88.6236,0.0014,11,0.2750,1.0000,8,8,8,0,0,8,8,0.0000
4,292.0000,3,2,711.9093,-87.4358,-0.4977,21,0.5250,0.5000,6,7,6,0,0,7,6,0.1429
4,292.0000,3,4,1232.7275,-89.1613,-0.2654,3,0.0750,,0,4,4,0,0,4,4,0.0000
4,292.0000,3,8,610.3059,-87.2452,0.7335,27,0.6750,0.5714,7,7,6,0,0,7,6,0.1429
4,292.0000,3,10,1121.1216,-88.7356,-0.0200,3,0.0750,1.0000,6,4,3,0,0,4,3,0.2500
4,292.0000,3,15,704.2781,-87.1971,0.1848,11,0.2750,1.0000,8,6,4,0,0,6,4,0.3333
4,292.0000,3,17,971.7518,-88.6445,-0.4261,4,0.1000,1.0000,2,8,7,0,0,8,7,0.1250
4,292.0000,3,22,773.9325,-88.1152,-0.1549,12,0.3000,1.0000,8,6,4,6,6,12,10,0.1667
4,292.0000,3,24,373.1120,-82.2622,-0.3329,36,0.9000,0.2000,5,6,3,0,0,6,3,0.5000
4,292.0000,3,25,701.6230,-87.9950,0.0952,19,0.4750,1.0000,22,7,6,22,22,29,28,0.0345
4,292.0000,4,0,903.9769,-89.2038,-3.0541,4,0.1000,1.0000,4,8,8,0,0,8,8,0.0000
4,292.0000,4,6,542.2033,-85.1248,-1.1323,31,0.7750,0.6667,6,7,4,0,0,7,4,0.4286
4,292.0000,4,7,438.0587,-85.0746,-0.0173,34,0.8500,0.4000,5,5,2,0,0,5,2,0.6000
4,292.0000,4,9,402.0890,-84.3134,0.2668,31,0.7750,0.2857,7,3,0,0,0,3,0,1.0000
4,292.0000,4,11,918.6901,-88.5956,-0.0324,10,0.2500,1.0000,6,10,10,0,0,10,10,0.0000
4,292.0000,4,12,756.0740,-87.6910,0.0942,12,0.3000,0.6250,8,7,5,0,0,7,5,0.2857
4,292.0000,4,13,600.4721,-87.0632,-0.2004,22,0.5500,0.8571,7,7,6,0,0,7,6,0.1429
4,292.0000,4,15,738.0355,-87.0650,0.0076,16,0.4000,1.0000,8,7,6,0,0,7,6,0.1429
4,292.0000,4,16,993.5120,-89.6884,0.0029,3,0.0750,1.0000,6,8,8,0,0,8,8,0.0000
4,292.0000,4,17,807.2949,-87.4087,0.1595,14,0.3500,0.8571,7,8,8,0,0,8,8,0.0000
4,292.0000,4,19,662.7342,-87.6528,-0.2596,20,0.5000,0.5000,6,8,5,0,0,8,5,0.3750
4,292.0000,4,22,480.8488,-82.8061,-1.1774,28,0.7000,0.0000,4,5,1,0,0,5,1,0.8000
4,292.0000,4,23,463.9508,-85.1274,-0.0557,33,0.8250,0.4000,5,5,1,0,0,5,1,0.8000
4,292.0000,4,24,895.3758,-88.4353,0.5032,7,0.1750,1.0000,6,10,10,0,0,10,10,0.0000
4,292.0000,4,25,622.0887,-86.8164,0.4950,17,0.4250,0.5000,6,6,3,0,0,6,3,0.5000
4,292.0000,5,1,805.9843,-88.5776,-0.5429,13,0.3250,1.0000,10,8,7,72,65,80,72,0.1000
4,292.0000,5,2,809.1503,-88.8038,0.1613,7,0.1750,0.7143,7,8,6,0,0,8,6,0.2500
4,292.0000,5,8,855.7683,-88.4466,0.4129,18,0.4500,1.0000,8,8,8,0,0,8,8,0.0000
4,292.0000,5,10,376.9142,-82.7704,-0.4561,38,0.9500,0.2500,4,5,0,2,2,7,2,0.7143
4,292.0000,5,14,145.2990,-71.2941,-0.2012,39,0.9750,0.0000,4,4,0,0,0,4,0,1.0000
4,292.0000,5,18,166.5357,-77.0837,1.2709,39,0.9750,0.2000,5,5,1,0,0,5,1,0.8000
4,292.0000,5,20,144.7180,-72.0146,-0.7930,39,0.9750,0.0000,4,5,0,0,0,5,0,1.0000
4,292.0000,5,21,666.3569,-86.9222,-0.3016,28,0.7000,0.5000,6,8,8,8,6,16,14,0.1250
4,292.0000,6,4,542.2033,-86.4472,-0.0536,29,0.7250,0.4000,5,5,2,0,0,5,2,0.6000
4,292.0000,6,7,693.3806,-86.7192,-0.2427,17,0.4250,0.7143,7,8,7,0,0,8,7,0.1250
4,292.0000,6,9,891.8628,-88.3189,0.6634,5,0.1250,1.0000,6,8,8,0,0,8,8,0.0000
4,292.0000,6,15,1005.8544,-88.8778,-0.3766,4,0.1000,1.0000,8,2,2,0,0,2,2,0.0000
4,292.0000,6,17,395.3307,-82.9812,0.6179,32,0.8000,0.2778,54,4,0,62,31,66,31,0.5303
4,292.0000,6,22,537.9521,-85.5679,0.0424,24,0.6000,0.6667,6,6,4,0,0,6,4,0.3333
4,292.0000,6,23,262.5044,-77.8373,-1.4973,39,0.9750,0.0000,4,4,0,0,0,4,0,1.0000
4,292.0000,6,24,812.9752,-88.5537,0.0570,3,0.0750,0.8571,7,7,6,0,0,7,6,0.1429
4,292.0000,6,25,758.0734,-87.7052,0.9830,10,0.2500,0.8750,8,8,8,0,0,8,8,0.0000
4,292.0000,7,0,1001.8003,-89.4524,0.2444,5,0.1250,1.0000,6,8,8,0,0,8,8,0.0000
4,292.0000,7,4,438.0587,-85.0567,0.1891,31,0.7750,0.0000,4,6,3,0,0,6,3,0.5000
4,292.0000,7,6,693.3806,-87.1799,0.0482,22,0.5500,0.6667,9,5,4,0,0,5,4,0.2000
4,292.0000,7,9,738.4242,-87.9338,0.0127,11,0.2750,0.7500,8,6,4,0,0,6,4,0.3333
4,292.0000,7,13,900.6442,-87.9780,-0.3233,9,0.2250,1.0000,8,8,8,0,0,8,8,0.0000
4,292.0000,7,17,1039.3162,-88.2830,-0.1117,3,0.0750,1.0000,8,2,2,0,0,2,2,0.0000
4,292.0000,7,19,747.3657,-87.8779,0.1668,17,0.4250,0.5714,7,7,5,0,0,7,5,0.2857
4,292.0000,7,22,886.4585,-88.1403,0.7232,11,0.2750,1.0000,6,8,8,0,0,8,8,0.0000
4,292.0000,7,23,480.8570,-85.5890,0.3295,28,0.7000,0.6667,6,5,1,0,0,5,1,0.8000
4,292.0000,8,1,261.8797,-81.2702,1.0205,39,0.9750,0.4000,5,4,0,0,0,4,0,1.0000
4,292.0000,8,2,191.7523,-79.9185,1.6231,38,0.9500,0.0000,4,4,0,17,2,21,2,0.9048
4,292.0000,8,3,610.3059,-86.3321,-0.1236,29,0.7250,0.7500,32,7,5,42,39,49,44,0.1020
4,292.0000,8,5,855.7683,-88.1043,0.0883,14,0.3500,0.8750,8,8,8,0,0,8,8,0.0000
4,292.0000,8,10,625.2447,-87.5545,-0.3751,25,0.6250,0.8750,8,7,5,0,0,7,5,0.2857
4,292.0000,8,14,749.3997,-87.9563,-0.2274,15,0.3750,0.7500,8,7,4,0,0,7,4,0.4286
4,292.0000,8,18,731.9751,-86.8435,0.1796,24,0.6000,0.8750,8,8,8,0,0,8,8,0.0000
4,292.0000,8,20,713.5798,-87.4245,0.1082,19,0.4750,0.4000,5,6,4,0,0,6,4,0.3333
4,292.0000,8,21,623.7086,-86.7921,-0.2132,24,0.6000,0.2000,5,7,5,0,0,7,5,0.2857
4,292.0000,8,24,820.3622,-88.2405,-0.3932,17,0.4250,0.8571,7,7,6,0,0,7,6,0.1429
4,292.0000,9,0,620.2688,-86.8043,0.4371,24,0.6154,0.8571,7,5,2,0,0,5,2,0.6000
4,292.0000,9,4,402.0890,-85.8024,1.0480,36,0.9231,0.5000,8,4,0,0,0,4,0,1.0000
4,292.0000,9,6,891.8628,-88.8439,-0.2904,7,0.1795,0.8750,8,7,5,0,0,7,5,0.2857
4,292.0000,9,7,738.4242,-87.9937,0.0906,16,0.4103,0.8571,7,7,5,0,0,7,5,0.2857
4,292.0000,9,11,575.3846,-85.5652,0.4463,34,0.8718,0.2000,5,6,3,0,0,6,3,0.5000
4,292.0000,9,12,374.6054,-81.5565,-1.0398,36,0.9231,0.0000,4,5,1,0,0,5,1,0.8000
4,292.0000,9,13,207.7488,-76.4165,-0.5033,38,0.9744,0.0000,4,4,0,0,0,4,0,1.0000
4,292.0000,9,15,556.6533,-85.9385,-0.9666,32,0.8205,0.2000,5,8,4,0,0,8,4,0.5000
4,292.0000,9,16,713.9433,-87.7905,0.1047,22,0.5641,0.5000,6,8,7,0,0,8,7,0.1250
4,292.0000,9,19,590.8999,-86.4976,0.2373,28,0.7179,0.6364,11,6,2,0,0,6,2,0.6667
4,292.0000,9,22,613.7209,-87.2275,0.6191,27,0.6923,0.8750,8,6,4,0,0,6,4,0.3333
4,292.0000,9,23,862.7848,-88.7494,-0.3100,8,0.2051,1.0000,6,8,6,0,0,8,6,0.2500
4,292.0000,9,25,554.6150,-87.5197,0.0400,26,0.6667,0.7500,8,5,2,0,0,5,2,0.6000
4,292.0000,10,1,577.7480,-85.3329,-0.2262,32,0.8000,0.0000,3,5,1,38,35,43,36,0.1628
4,292.0000,10,2,655.6691,-86.9110,0.1686,19,0.4750,0.5000,8,5,2,5,4,10,6,0.4000
4,292.0000,10,5,376.9142,-83.4835,-0.7242,36,0.9000,0.4000,5,4,0,29,12,33,12,0.6364
4,292.0000,10,8,625.2447,-86.7123,-0.2120,30,0.7500,0.7436,78,7,6,65,57,72,63,0.1250
4,292.0000,10,14,377.6746,-83.9415,0.2122,39,0.9750,0.5000,4,6,3,0,0,6,3,0.5000
4,292.0000,10,18,213.7717,-78.1767,-0.0491,40,1.0000,0.0000,4,4,0,0,0,4,0,1.0000
4,292.0000,10,20,269.0777,-80.0194,-0.0182,38,0.9500,0.0000,4,4,0,0,0,4,0,1.0000
4,292.0000,10,21,521.5387,-84.7220,-0.9362,34,0.8500,0.6707,82,8,5,10,8,18,13,0.2778
4,292.0000,11,0,243.7679,-80.2639,0.1769,40,1.0000,0.0000,4,4,0,0,0,4,0,1.0000
4,292.0000,11,4,918.6901,-89.1294,-0.4244,9,0.2250,1.0000,8,8,8,0,0,8,8,0.0000
4,292.0000,11,7,1110.6837,-89.3377,-0.3533,3,0.0750,1.0000,2,2,2,0,0,2,2,0.0000
4,292.0000,11,9,575.3846,-86.2570,0.2040,34,0.8500,0.3750,8,6,2,0,0,6,2,0.6667
4,292.0000,11,12,425.6814,-84.8104,0.3943,35,0.8750,0.3091,55,5,1,6,4,11,5,0.5455
4,292.0000,11,13,390.0118,-83.6414,0.1629,36,0.9000,0.4000,5,5,2,0,0,5,2,0.6000
4,292.0000,11,15,896.8579,-87.9741,0.2727,11,0.2750,1.0000,8,6,6,0,0,6,6,0.0000
4,292.0000,11,16,238.0473,-80.3206,1.0142,39,0.9750,0.0000,4,4,0,0,0,4,0,1.0000
4,292.0000,11,19,581.1453,-87.1222,0.4122,20,0.5000,0.8571,7,5,2,54,28,59,30,0.4915
4,292.0000,12,0,606.1942,-86.7731,0.0555,26,0.6500,0.6667,6,7,6,0,0,7,6,0.1429
4,292.0000,12,4,756.0740,-87.2238,-0.0236,17,0.4250,0.7143,7,7,6,0,0,7,6,0.1429
4,292.0000,12,9,374.6054,-81.1415,-1.1349,39,0.9750,0.0000,5,3,0,0,0,3,0,1.0000
4,292.0000,12,11,425.6814,-83.9293,-0.0311,36,0.9000,0.0000,4,4,0,0,0,4,0,1.0000
4,292.0000,12,13,213.4111,-74.0614,-1.9513,40,1.0000,0.0000,4,4,0,0,0,4,0,1.0000
4,292.0000,12,15,488.6702,-84.7279,0.1002,39,0.9750,0.2000,5,5,2,0,0,5,2,0.6000
4,292.0000,12,16,599.8809,-87.6758,0.5774,27,0.6750,0.5714,7,7,3,0,0,7,3,0.5714
4,292.0000,12,19,706.3865,-88.2716,0.6598,18,0.4500,0.9067,75,10,8,4,3,14,11,0.2143
4,292.0000,12,22,812.1088,-88.1008,0.1506,21,0.5250,1.0000,8,8,8,0,0,8,8,0.0000
4,292.0000,12,24,1024.3452,-89.5666,-0.0733,4,0.1000,0.8750,8,8,8,0,0,8,8,0.0000
4,292.0000,12,25,674.6388,-87.8422,-0.2855,23,0.5750,0.6667,6,7,5,0,0,7,5,0.2857
4,292.0000,13,0,488.9691,-86.2048,0.6631,31,0.7949,0.0000,4,4,0,0,0,4,0,1.0000
4,292.0000,13,4,600.4721,-87.3188,0.2430,22,0.5641,0.7500,8,4,0,0,0,4,0,1.0000
4,292.0000,13,7,900.6442,-88.7400,0.2202,11,0.2821,1.0000,8,7,6,0,0,7,6,0.1429
4,292.0000,13,9,207.7488,-76.7745,-0.5984,39,1.0000,0.0000,4,4,0,0,0,4,0,1.0000
4,292.0000,13,11,390.0118,-82.7631,0.2178,36,0.9231,0.5000,6,4,0,0,0,4,0,1.0000
4,292.0000,13,12,213.4111,-74.9149,-1.3900,38,0.9744,0.0000,4,4,0,0,0,4,0,1.0000
4,292.0000,13,15,583.7997,-85.3971,0.2104,28,0.7179,0.3333,6,7,5,0,0,7,5,0.2857
4,292.0000,13,16,559.2575,-87.0763,0.3122,27,0.6923,0.3333,6,6,2,0,0,6,2,0.6667
4,292.0000,13,19,582.3520,-87.1878,0.4657,21,0.5385,0.4000,5,5,1,0,0,5,1,0.8000
4,292.0000,13,22,774.3652,-88.4444,0.2905,12,0.3077,0.6667,6,6,4,0,0,6,4,0.3333
4,292.0000,13,25,674.2379,-88.0820,-0.1307,16,0.4103,0.6250,8,8,8,0,0,8,8,0.0000
4,292.0000,14,1,723.7206,-88.1312,0.3828,17,0.4250,0.5000,6,6,3,0,0,6,3,0.5000
4,292.0000,14,2,691.2414,-88.1121,0.8260,11,0.2750,0.8571,7,7,6,0,0,7,6,0.1429
4,292.0000,14,5,145.2990,-70.7342,-0.2833,39,0.9750,0.0000,4,5,1,0,0,5,1,0.8000
4,292.0000,14,8,749.3997,-87.5122,0.1095,12,0.3000,0.8750,8,6,4,0,0,6,4,0.3333
4,292.0000,14,10,377.6746,-83.2860,-0.1538,34,0.8500,0.0000,4,6,2,0,0,6,2,0.6667
4,292.0000,14,18,187.4183,-76.8575,0.2796,39,0.9750,0.0000,4,4,0,0,0,4,0,1.0000
4,292.0000,14,20,112.0325,-72.4372,0.7428,38,0.9500,0.0000,4,6,2,0,0,6,2,0.6667
4,292.0000,14,21,642.7438,-87.1684,-0.5262,25,0.6250,0.2000,5,4,0,0,0,4,0,1.0000
4,292.0000,15,0,1057.6571,-88.1335,-0.2738,3,0.0732,1.0000,8,6,6,0,0,6,6,0.0000
4,292.0000,15,3,704.2781,-87.4287,0.5506,11,0.2683,0.8750,8,7,6,0,0,7,6,0.1429
4,292.0000,15,4,738.0355,-87.5094,-0.1649,18,0.4390,1.0000,8,6,4,0,0,6,4,0.3333
4,292.0000,15,6,1005.8544,-89.3626,-0.2517,3,0.0732,1.0000,8,4,4,0,0,4,4,0.0000
4,292.0000,15,9,556.6533,-85.5702,-0.4420,29,0.7073,0.5000,6,6,2,0,0,6,2,0.6667
4,292.0000,15,11,896.8579,-88.6106,0.4560,10,0.2439,1.0000,8,6,6,0,0,6,6,0.0000
4,292.0000,15,12,488.6702,-83.6876,-0.3494,37,0.9024,0.5000,6,7,6,0,0,7,6,0.1429
4,292.0000,15,13,583.7997,-86.1069,0.1285,29,0.7073,1.0000,8,5,1,0,0,5,1,0.8000
4,292.0000,15,16,1023.3537,-88.6175,-0.5620,5,0.1220,1.0000,8,8,8,0,0,8,8,0.0000
4,292.0000,15,17,1003.9880,-88.9606,-0.3620,5,0.1220,1.0000,4,8,8,0,0,8,8,0.0000
4,292.0000,15,19,946.0186,-88.6340,-0.0366,3,0.0732,1.0000,6,8,8,0,0,8,8,0.0000
4,292.0000,15,22,486.1858,-84.8451,-0.2773,29,0.7073,0.7143,7,6,2,0,0,6,2,0.6667
4,292.0000,15,24,566.2084,-86.8416,0.4932,21,0.5122,0.4000,5,5,1,0,0,5,1,0.8000
4,292.0000,15,25,384.3959,-84.2167,0.9956,29,0.7073,0.0000,4,4,0,0,0,4,0,1.0000
4,292.0000,16,0,310.9453,-80.8733,-0.2153,39,0.9750,0.0000,4,4,0,0,0,4,0,1.0000
4,292.0000,16,9,713.9433,-87.9533,0.1136,17,0.4250,1.0000,8,8,8,0,0,8,8,0.0000
4,292.0000,16,11,238.0473,-80.6371,0.5798,39,0.9750,0.0000,4,4,0,0,0,4,0,1.0000
4,292.0000,16,12,599.8809,-87.4081,0.2055,25,0.6250,0.5714,7,5,1,0,0,5,1,0.8000
4,292.0000,16,13,559.2575,-86.1760,0.1140,22,0.5500,0.7143,7,5,2,0,0,5,2,0.6000
4,292.0000,16,15,1023.3537,-88.7832,-0.2514,5,0.1250,1.0000,8,8,8,0,0,8,8,0.0000
4,292.0000,16,19,487.3414,-85.8655,0.5703,33,0.8250,0.2000,5,5,1,0,0,5,1,0.8000
4,292.0000,17,4,807.2949,-87.7602,-0.0140,18,0.4500,1.0000,8,8,8,0,0,8,8,0.0000
4,292.0000,17,6,395.3307,-83.6088,0.1837,32,0.8000,0.0000,4,5,2,0,0,5,2,0.6000
4,292.0000,17,7,1039.3162,-88.9453,0.1261,4,0.1000,0.8750,8,8,8,0,0,8,8,0.0000
4,292.0000,17,15,1003.9880,-89.3429,-0.2153,4,0.1000,1.0000,8,6,6,0,0,6,6,0.0000
4,292.0000,17,22,539.9369,-86.9660,0.2372,25,0.6250,0.0000,4,4,0,0,0,4,0,1.0000
4,292.0000,17,23,582.3338,-86.3525,0.4306,30,0.7500,0.4000,5,7,5,0,0,7,5,0.2857
4,292.0000,17,24,635.6408,-87.0869,0.2372,14,0.3500,0.5714,7,6,4,0,0,6,4,0.3333
4,292.0000,17,25,810.6982,-88.9010,0.0430,9,0.2250,0.8571,7,8,8,0,0,8,8,0.0000
4,292.0000,18,1,690.8148,-87.3545,-0.1975,18,0.4615,0.5714,7,7,5,0,0,7,5,0.2857
4,292.0000,18,2,714.9870,-88.1132,-0.0178,9,0.2308,0.5714,7,7,6,0,0,7,6,0.1429
4,292.0000,18,5,166.5357,-77.6422,1.0339,37,0.9487,0.0000,4,4,0,0,0,4,0,1.0000
4,292.0000,18,8,731.9751,-87.8950,-0.3715,17,0.4359,0.7143,7,8,8,0,0,8,8,0.0000
4,292.0000,18,10,213.7717,-78.4880,0.5760,37,0.9487,0.0000,4,4,0,0,0,4,0,1.0000
4,292.0000,18,14,187.4183,-76.5219,0.0337,39,1.0000,0.0000,4,4,0,0,0,4,0,1.0000
4,292.0000,18,20,81.4495,-73.3269,2.4403,37,0.9487,0.2000,5,4,0,0,0,4,0,1.0000
4,292.0000,18,21,591.9284,-86.5111,0.4306,26,0.6667,0.6667,6,6,3,0,0,6,3,0.5000
4,292.0000,19,0,560.5493,-87.1231,0.6455,21,0.5250,0.5000,6,5,1,0,0,5,1,0.8000
4,292.0000,19,4,662.7342,-87.7513,0.0600,20,0.5000,0.5000,6,5,2,0,0,5,2,0.6000
4,292.0000,19,7,747.3657,-88.3685,-0.5663,22,0.5500,0.3333,6,8,8,0,0,8,8,0.0000
4,292.0000,19,9,590.8999,-86.8808,-0.0259,29,0.7250,0.8571,7,5,2,0,0,5,2,0.6000
4,292.0000,19,11,581.1453,-87.2230,-0.1710,24,0.6000,0.5000,6,4,0,0,0,4,0,1.0000
4,292.0000,19,12,706.3865,-87.4958,0.5641,17,0.4250,1.0000,8,8,7,0,0,8,7,0.1250
4,292.0000,19,13,582.3520,-87.8584,0.4934,21,0.5250,0.6667,6,5,1,0,0,5,1,0.8000
4,292.0000,19,15,946.0186,-89.2174,0.1191,7,0.1750,1.0000,6,8,7,0,0,8,7,0.1250
4,292.0000,19,16,487.3414,-85.7840,1.1206,30,0.7500,0.0000,3,5,1,0,0,5,1,0.8000
4,292.0000,19,22,968.9226,-88.6304,-0.3062,6,0.1500,1.0000,8,8,8,0,0,8,8,0.0000
4,292.0000,19,23,1015.6133,-89.2371,-0.3207,4,0.1000,1.0000,8,6,6,0,0,6,6,0.0000
4,292.0000,20,1,675.6970,-87.0748,-0.5296,17,0.4250,0.9091,88,7,3,2,2,9,5,0.4444
4,292.0000,20,2,677.8084,-87.3224,-0.0164,15,0.3750,0.5000,6,5,2,0,0,5,2,0.6000
4,292.0000,20,5,144.7180,-72.3553,-0.9936,40,1.0000,0.2000,5,4,0,27,5,31,5,0.8387
4,292.0000,20,8,713.5798,-87.4533,0.2757,21,0.5250,0.8571,7,8,8,4,4,12,12,0.0000
4,292.0000,20,10,269.0777,-79.9024,-0.1759,35,0.8750,0.5000,6,4,0,0,0,4,0,1.0000
4,292.0000,20,14,112.0325,-72.3739,0.8888,40,1.0000,0.0000,4,4,0,0,0,4,0,1.0000
4,292.0000,20,18,81.4495,-73.1478,2.4015,38,0.9500,0.0000,4,4,0,0,0,4,0,1.0000
4,292.0000,20,21,585.4089,-85.6664,-0.4914,28,0.7000,0.2000,5,5,3,0,0,5,3,0.4000
4,292.0000,21,1,387.3526,-82.2282,-1.0721,37,0.9250,0.6410,39,5,2,2,1,7,3,0.5714
4,292.0000,21,2,571.5156,-86.4925,0.0895,30,0.7500,0.5000,6,4,0,2,2,6,2,0.6667
4,292.0000,21,5,666.3569,-87.1195,-0.4602,24,0.6000,0.5000,6,7,4,0,0,7,4,0.4286
4,292.0000,21,8,623.7086,-85.9359,-0.5553,22,0.5500,0.9091,22,7,5,83,72,90,77,0.1444
4,292.0000,21,10,521.5387,-84.7603,-0.8267,31,0.7750,0.2000,5,6,3,0,0,6,3,0.5000
4,292.0000,21,14,642.7438,-87.1736,-0.4038,27,0.6750,0.6667,6,6,4,0,0,6,4,0.3333
4,292.0000,21,18,591.9284,-85.9079,-0.2761,28,0.7000,0.7500,8,8,6,0,0,8,6,0.2500
4,292.0000,21,20,585.4089,-85.6614,-0.6083,28,0.7000,0.2000,5,6,3,0,0,6,3,0.5000
4,292.0000,22,3,773.9325,-88.1665,-0.0436,15,0.3750,1.0000,8,7,5,0,0,7,5,0.2857
4,292.0000,22,4,480.8488,-83.4427,-0.5751,35,0.8750,0.0000,4,5,2,0,0,5,2,0.6000
4,292.0000,22,6,537.9521,-85.4019,0.3694,35,0.8750,0.2000,5,6,3,0,0,6,3,0.5000
4,292.0000,22,7,886.4585,-88.3671,0.2751,11,0.2750,1.0000,8,8,8,0,0,8,8,0.0000
4,292.0000,22,9,613.7209,-86.4218,-0.1965,31,0.7750,0.7143,7,5,2,0,0,5,2,0.6000
4,292.0000,22,12,812.1088,-87.9904,-0.0494,22,0.5500,1.0000,8,8,7,0,0,8,7,0.1250
4,292.0000,22,13,774.3652,-87.8172,-0.0911,14,0.3500,1.0000,8,8,8,4,4,12,12,0.0000
4,292.0000,22,15,486.1858,-85.7057,0.0137,30,0.7500,0.5000,6,4,0,0,0,4,0,1.0000
4,292.0000,22,17,539.9369,-86.1826,0.0571,29,0.7250,0.2000,5,7,2,0,0,7,2,0.7143
4,292.0000,22,19,968.9226,-89.0572,-0.4759,5,0.1250,1.0000,8,6,6,0,0,6,6,0.0000
4,292.0000,22,23,641.1811,-87.0663,0.1595,33,0.8250,0.0000,4,6,3,0,0,6,3,0.5000
4,292.0000,22,24,427.4334,-85.5433,0.6881,29,0.7250,0.5000,6,5,2,0,0,5,2,0.6000
4,292.0000,22,25,364.2990,-83.7412,0.2544,36,0.9000,0.0000,4,4,0,0,0,4,0,1.0000
4,292.0000,23,4,463.9508,-85.6661,-0.0348,33,0.8250,0.2000,5,4,0,0,0,4,0,1.0000
4,292.0000,23,6,262.5044,-77.4992,-1.1915,38,0.9500,0.0000,4,3,0,0,0,3,0,1.0000
4,292.0000,23,7,480.8570,-85.6071,0.3369,34,0.8500,0.6667,6,4,0,0,0,4,0,1.0000
4,292.0000,23,9,862.7848,-88.8073,0.5766,9,0.2250,1.0000,8,8,8,0,0,8,8,0.0000
4,292.0000,23,13,1063.8390,-89.5750,-0.0953,5,0.1250,1.0000,4,6,6,0,0,6,6,0.0000
4,292.0000,23,15,1077.4882,-89.3951,-0.3845,7,0.1750,1.0000,6,8,8,0,0,8,8,0.0000
4,292.0000,23,17,582.3338,-85.5330,-1.0581,37,0.9250,0.5714,7,7,6,0,0,7,6,0.1429
4,292.0000,23,19,1015.6133,-89.0991,-0.3698,5,0.1250,0.8000,5,4,4,0,0,4,4,0.0000
4,292.0000,23,22,641.1811,-86.9019,-0.3487,28,0.7000,0.4000,5,8,7,0,0,8,7,0.1250
4,292.0000,23,24,997.0504,-88.9643,-0.5000,3,0.0750,1.0000,8,7,6,0,0,7,6,0.1429
4,292.0000,23,25,891.1798,-88.3254,0.3073,6,0.1500,1.0000,8,7,6,0,0,7,6,0.1429
4,292.0000,24,2,938.8974,-89.1191,-0.4495,9,0.2250,1.0000,8,8,8,0,0,8,8,0.0000
4,292.0000,24,3,373.1120,-83.0568,0.1938,36,0.9000,0.1667,6,6,2,0,0,6,2,0.6667
4,292.0000,24,4,895.3758,-88.8303,0.4015,9,0.2250,1.0000,8,8,8,0,0,8,8,0.0000
4,292.0000,24,6,812.9752,-88.8891,0.1503,9,0.2250,1.0000,8,7,4,0,0,7,4,0.4286
4,292.0000,24,8,820.3622,-87.8492,-0.8238,16,0.4000,0.6000,5,7,6,0,0,7,6,0.1429
4,292.0000,24,9,940.0876,-88.9421,0.4452,6,0.1500,1.0000,6,8,8,0,0,8,8,0.0000
4,292.0000,24,13,1058.3206,-89.2136,0.3318,4,0.1000,1.0000,8,2,2,0,0,2,2,0.0000
4,292.0000,24,15,566.2084,-87.4894,0.2267,25,0.6250,0.3333,6,5,1,0,0,5,1,0.8000
4,292.0000,24,17,635.6408,-87.0088,0.3919,23,0.5750,0.7500,8,6,3,0,0,6,3,0.5000
4,292.0000,24,22,427.4334,-85.6924,1.1221,36,0.9000,0.2000,5,5,1,0,0,5,1,0.8000
4,292.0000,24,23,997.0504,-89.0201,-0.1379,5,0.1250,1.0000,8,8,8,0,0,8,8,0.0000
4,292.0000,24,25,449.4845,-84.9724,0.4874,36,0.9000,0.5556,9,7,5,0,0,7,5,0.2857
4,292.0000,25,3,701.6230,-87.2012,0.0573,17,0.4250,0.8750,8,8,6,0,0,8,6,0.2500
4,292.0000,25,4,622.0887,-86.2413,-0.1622,25,0.6250,0.5714,7,8,6,0,0,8,6,0.2500
4,292.0000,25,6,758.0734,-87.9906,0.0203,14,0.3500,1.0000,8,7,6,0,0,7,6,0.1429
4,292.0000,25,7,1042.6160,-88.4485,0.4111,3,0.0750,1.0000,6,6,6,0,0,6,6,0.0000
4,292.0000,25,9,554.6150,-87.2491,-0.1058,20,0.5000,0.5000,6,4,0,0,0,4,0,1.0000
4,292.0000,25,12,674.6388,-87.9243,0.1585,17,0.4250,0.6667,6,7,3,0,0,7,3,0.5714
4,292.0000,25,13,674.2379,-87.9210,-0.0670,23,0.5750,0.8571,14,7,5,6,6,13,11,0.1538
4,292.0000,25,15,384.3959,-85.2075,0.4391,35,0.8750,0.4000,5,6,3,0,0,6,3,0.5000
4,292.0000,25,17,810.6982,-88.9050,-0.3388,9,0.2250,0.8750,8,8,8,0,0,8,8,0.0000
4,292.0000,25,22,364.2990,-82.9598,0.0184,33,0.8250,0.5000,6,5,2,0,0,5,2,0.6000
4,292.0000,25,23,891.1798,-88.4722,0.1958,7,0.1750,0.8750,8,8,8,0,0,8,8,0.0000
4,292.0000,25,24,449.4845,-84.7037,-0.2056,31,0.7750,0.0000,4,6,3,0,0,6,3,0.5000
4,296.0000,0,4,793.7881,-89.1783,0.7205,8,0.2000,0.6667,6,7,6,0,0,7,6,0.1429
4,296.0000,0,7,959.9997,-89.1052,0.3201,4,0.1000,1.0000,10,8,8,0,0,8,8,0.0000
4,296.0000,0,9,644.3375,-86.7674,-0.6839,21,0.5250,0.8750,8,7,5,0,0,7,5,0.2857
4,296.0000,0,11,267.7122,-79.5962,-0.7725,39,0.9750,0.0000,4,5,2,0,0,5,2,0.6000
4,296.0000,0,12,602.0660,-86.7727,-0.4135,28,0.7000,0.4000,5,6,2,0,0,6,2,0.6667
4,296.0000,0,13,401.3046,-84.0846,1.2237,37,0.9250,0.0000,4,4,0,0,0,4,0,1.0000
4,296.0000,0,16,362.0934,-82.1567,-0.1332,39,0.9750,0.0000,4,4,0,0,0,4,0,1.0000
4,296.0000,0,19,491.4129,-85.8986,-0.1151,32,0.8000,0.2857,7,5,1,0,0,5,1,0.8000
4,296.0000,0,25,1025.8457,-89.2804,0.2966,3,0.0750,,0,4,4,0,0,4,4,0.0000
4,296.0000,1,2,213.9258,-78.8319,0.5124,37,0.9250,0.2000,5,4,0,0,0,4,0,1.0000
4,296.0000,1,3,898.3174,-87.9314,-0.1827,5,0.1250,1.0000,8,8,8,0,0,8,8,0.0000
4,296.0000,1,5,844.5388,-88.1608,0.1652,9,0.2250,0.8571,7,8,8,0,0,8,8,0.0000
4,296.0000,1,8,192.3350,-78.4320,1.1885,39,0.9750,0.0400,25,5,0,0,0,5,0,1.0000
4,296.0000,1,10,583.3175,-86.3901,0.1971,24,0.6000,0.4000,5,6,3,0,0,6,3,0.5000
4,296.0000,1,14,642.8496,-87.2992,0.3402,20,0.5000,0.7143,7,6,4,0,0,6,4,0.3333
4,296.0000,1,18,708.9964,-87.2224,0.3729,21,0.5250,0.7143,7,8,7,0,0,8,7,0.1250
4,296.0000,1,20,680.0614,-87.2390,-0.0121,21,0.5250,0.7143,7,6,4,0,0,6,4,0.3333
4,296.0000,1,21,342.5383,-83.4134,0.6489,34,0.8500,0.0000,4,5,1,0,0,5,1,0.8000
4,296.0000,2,1,213.9258,-79.1870,0.7247,37,0.9250,0.0000,4,4,0,0,0,4,0,1.0000
4,296.0000,2,3,837.2575,-88.3510,0.2095,15,0.3750,0.9487,39,7,5,32,32,39,37,0.0513
4,296.0000,2,5,759.6344,-87.8327,-0.0325,18,0.4500,0.8571,7,7,5,0,0,7,5,0.2857
4,296.0000,2,8,207.9533,-76.7279,0.1438,37,0.9250,0.0000,5,4,0,0,0,4,0,1.0000
4,296.0000,2,10,570.3490,-86.8360,0.6486,26,0.6500,0.6667,6,6,3,0,0,6,3,0.5000
4,296.0000,2,14,513.8419,-86.2129,0.3415,30,0.7500,0.5000,6,4,0,0,0,4,0,1.0000
4,296.0000,2,18,658.0351,-87.5553,0.1791,22,0.5500,1.0000,8,5,1,0,0,5,1,0.8000
4,296.0000,2,20,592.2990,-87.4012,-0.0927,25,0.6250,0.8750,8,6,2,0,0,6,2,0.6667
4,296.0000,2,21,440.3289,-85.7946,0.9540,31,0.7750,0.5000,6,4,0,0,0,4,0,1.0000
4,296.0000,2,24,1001.9546,-89.1022,-0.0564,4,0.1000,1.0000,8,5,4,0,0,5,4,0.2000
4,296.0000,3,1,898.3174,-88.4059,-0.0944,12,0.3000,1.0000,8,8,8,0,0,8,8,0.0000
4,296.0000,3,2,837.2575,-88.1307,-0.0718,17,0.4250,0.8571,7,8,8,0,0,8,8,0.0000
4,296.0000,3,8,744.1681,-87.4521,-0.0346,21,0.5250,0.8571,7,7,6,0,0,7,6,0.1429
4,296.0000,3,15,531.8579,-86.6614,0.4364,25,0.6250,0.6667,6,6,2,0,0,6,2,0.6667
4,296.0000,3,17,891.5384,-88.1443,-0.3603,8,0.2000,0.8750,8,8,8,0,0,8,8,0.0000
4,296.0000,3,22,662.8080,-87.8645,-0.0510,15,0.3750,0.8333,12,5,1,4,4,9,5,0.4444
4,296.0000,3,24,414.2601,-83.4423,-0.9289,36,0.9000,0.5000,6,7,4,0,0,7,4,0.4286
4,296.0000,3,25,685.1457,-87.5047,-0.1110,21,0.5250,0.9655,29,4,0,0,0,4,0,1.0000
4,296.0000,4,0,793.7881,-88.5990,-0.0418,16,0.3902,1.0000,8,7,4,0,0,7,4,0.4286
4,296.0000,4,6,628.4348,-86.3030,-0.3025,27,0.6585,0.5714,7,6,4,0,0,6,4,0.3333
4,296.0000,4,7,424.3411,-84.3458,1.0780,35,0.8537,0.4000,5,4,0,0,0,4,0,1.0000
4,296.0000,4,9,343.3460,-83.1674,-0.3326,35,0.8537,0.0000,3,6,3,0,0,6,3,0.5000
4,296.0000,4,11,931.6264,-88.9984,0.5437,7,0.1707,1.0000,10,8,8,0,0,8,8,0.0000
4,296.0000,4,12,830.5583,-88.3752,-0.0529,17,0.4146,0.7143,7,8,8,0,0,8,8,0.0000
4,296.0000,4,13,543.9689,-86.5633,0.3947,30,0.7317,0.8571,7,6,2,0,0,6,2,0.6667
4,296.0000,4,15,803.6429,-88.5855,-0.4692,16,0.3902,0.8571,7,8,8,0,0,8,8,0.0000
4,296.0000,4,16,927.9768,-89.2249,0.1215,5,0.1220,1.0000,8,7,6,0,0,7,6,0.1429
4,296.0000,4,17,898.0039,-88.9076,-0.2391,8,0.1951,1.0000,8,5,4,0,0,5,4,0.2000
4,296.0000,4,19,649.0165,-87.6126,0.1398,22,0.5366,0.6250,8,6,3,0,0,6,3,0.5000
4,296.0000,4,22,623.8755,-86.0925,-0.2715,29,0.7073,0.2000,5,7,6,0,0,7,6,0.1429
4,296.0000,4,23,427.0675,-84.4477,-0.5552,34,0.8293,0.2000,5,5,1,0,0,5,1,0.8000
4,296.0000,4,24,884.2417,-88.8721,0.0137,4,0.0976,1.0000,10,8,8,0,0,8,8,0.0000
4,296.0000,4,25,653.6048,-87.6008,0.1388,23,0.5610,0.5000,6,7,6,0,0,7,6,0.1429
4,296.0000,5,1,844.5388,-88.1539,-0.1061,7,0.1795,0.9000,80,8,8,0,0,8,8,0.0000
4,296.0000,5,2,759.6344,-88.4297,0.3045,9,0.2308,0.7500,8,7,5,0,0,7,5,0.2857
4,296.0000,5,8,954.9280,-89.4255,-0.0397,7,0.1795,1.0000,8,8,8,0,0,8,8,0.0000
4,296.0000,5,10,385.0996,-83.7191,-0.4386,33,0.8462,0.2857,7,4,0,0,0,4,0,1.0000
4,296.0000,5,14,296.8919,-78.1357,-1.6758,36,0.9231,0.0000,4,4,0,0,0,4,0,1.0000
4,296.0000,5,18,187.8879,-75.6588,-0.3210,34,0.8718,0.2000,5,4,0,0,0,4,0,1.0000
4,296.0000,5,20,171.8415,-75.4576,-0.7134,34,0.8718,0.0000,5,5,1,0,0,5,1,0.8000
4,296.0000,5,21,742.6973,-87.5091,-0.0692,18,0.4615,0.8750,16,7,6,0,0,7,6,0.1429
4,296.0000,6,4,628.4348,-87.1684,-0.4860,24,0.5854,0.4000,5,7,6,0,0,7,6,0.1429
4,296.0000,6,7,759.8663,-87.4763,0.1929,17,0.4146,0.8750,8,6,4,0,0,6,4,0.3333
4,296.0000,6,9,826.0423,-88.6402,-0.0577,11,0.2683,1.0000,8,8,7,0,0,8,7,0.1250
4,296.0000,6,17,416.1026,-83.2296,-0.1152,32,0.7805,0.4697,66,5,1,65,40,70,41,0.4143
4,296.0000,6,22,548.4190,-85.4666,-0.5306,26,0.6341,0.6667,6,6,3,0,0,6,3,0.5000
4,296.0000,6,23,382.1227,-81.7621,-1.1184,39,0.9512,0.0000,4,5,1,0,0,5,1,0.8000
4,296.0000,6,24,727.5250,-87.4179,-0.0369,12,0.2927,0.8571,7,7,6,0,0,7,6,0.1429
4,296.0000,6,25,794.6911,-87.9633,-0.5846,9,0.2195,1.0000,8,8,7,0,0,8,7,0.1250
4,296.0000,7,0,959.9997,-89.4046,-0.1409,5,0.1250,1.0000,8,6,6,0,0,6,6,0.0000
4,296.0000,7,4,424.3411,-84.7748,0.3693,35,0.8750,0.5000,6,4,0,0,0,4,0,1.0000
4,296.0000,7,6,759.8663,-87.1547,-0.1890,16,0.4000,0.8000,5,9,7,0,0,9,7,0.2222
4,296.0000,7,9,733.4298,-87.6313,-0.2153,13,0.3250,0.6667,6,8,6,0,0,8,6,0.2500
4,296.0000,7,13,867.6459,-89.0087,-0.2939,6,0.1500,1.0000,8,8,7,0,0,8,7,0.1250
4,296.0000,7,19,867.0778,-87.8257,0.2372,13,0.3250,0.7143,7,8,7,0,0,8,7,0.1250
4,296.0000,7,22,989.5435,-89.0297,-0.3856,3,0.0750,1.0000,8,8,8,0,0,8,8,0.0000
4,296.0000,7,23,411.2895,-84.9487,0.6300,36,0.9000,0.2000,5,5,2,0,0,5,2,0.6000
4,296.0000,7,25,1058.7284,-89.3203,0.5661,3,0.0750,1.0000,8,8,8,0,0,8,8,0.0000
4,296.0000,8,1,192.3350,-78.2701,0.9345,40,1.0000,0.0000,4,4,0,0,0,4,0,1.0000
4,296.0000,8,2,207.9533,-76.9634,0.1107,40,1.0000,0.0952,21,4,0,17,2,21,2,0.9048
4,296.0000,8,3,744.1681,-86.4984,-0.5041,17,0.4250,0.8980,49,7,6,0,0,7,6,0.1429
4,296.0000,8,5,954.9280,-88.6124,-0.1545,4,0.1000,1.0000,8,8,8,0,0,8,8,0.0000
4,296.0000,8,10,717.6065,-87.4850,-0.1463,34,0.8500,0.7143,7,6,3,0,0,6,3,0.5000
4,296.0000,8,14,720.3757,-87.7895,-0.1311,19,0.4750,0.5714,7,8,7,0,0,8,7,0.1250
4,296.0000,8,18,842.4238,-87.5778,-0.3297,16,0.4000,1.0000,8,8,8,0,0,8,8,0.0000
4,296.0000,8,20,785.5355,-88.0079,-0.2308,18,0.4500,0.6667,6,8,6,0,0,8,6,0.2500
4,296.0000,8,21,512.0156,-86.4013,0.2235,34,0.8500,0.7143,7,6,3,0,0,6,3,0.5000
4,296.0000,8,24,975.3223,-88.0909,-0.9906,4,0.1000,0.8571,7,8,8,0,0,8,8,0.0000
4,296.0000,9,0,644.3375,-87.1371,0.2347,24,0.6000,0.4000,5,7,5,0,0,7,5,0.2857
4,296.0000,9,4,343.3460,-83.1053,0.3024,35,0.8750,0.0000,4,6,3,0,0,6,3,0.5000
4,296.0000,9,6,826.0423,-88.1057,-0.0934,10,0.2500,0.7143,7,8,8,0,0,8,8,0.0000
4,296.0000,9,7,733.4298,-88.7095,0.2294,16,0.4000,0.7143,7,7,6,0,0,7,6,0.1429
4,296.0000,9,11,716.0262,-86.4017,-0.1541,21,0.5250,0.5000,6,8,7,0,0,8,7,0.1250
4,296.0000,9,12,516.3062,-83.9667,-1.1516,30,0.7500,0.2000,5,5,1,0,0,5,1,0.8000
4,296.0000,9,13,280.5114,-79.2007,-0.5080,37,0.9250,0.0000,4,4,0,0,0,4,0,1.0000
4,296.0000,9,15,592.1358,-86.4969,-0.4716,25,0.6250,0.5000,8,5,2,0,0,5,2,0.6000
4,296.0000,9,16,741.4359,-88.2147,0.3512,19,0.4750,0.8750,8,8,8,0,0,8,8,0.0000
4,296.0000,9,17,1014.1108,-88.4787,0.1572,4,0.1000,1.0000,6,4,4,0,0,4,4,0.0000
4,296.0000,9,19,598.6264,-86.8537,0.5938,24,0.6000,0.3333,6,7,6,0,0,7,6,0.1429
4,296.0000,9,22,604.5858,-86.9152,-0.6841,21,0.5250,0.6667,6,7,5,0,0,7,5,0.2857
4,296.0000,9,23,743.8930,-87.6712,0.3546,14,0.3500,0.7500,8,8,8,0,0,8,8,0.0000
4,296.0000,9,24,805.6624,-88.4273,-0.4060,7,0.1750,0.8571,7,7,4,0,0,7,4,0.4286
4,296.0000,9,25,434.2383,-85.3703,0.3983,31,0.7750,0.4000,5,5,1,0,0,5,1,0.8000
4,296.0000,10,1,583.3175,-86.7173,0.3748,27,0.6750,0.8372,43,4,0,0,0,4,0,1.0000
4,296.0000,10,2,570.3490,-86.8790,-0.2790,23,0.5750,0.6000,10,5,1,0,0,5,1,0.8000
4,296.0000,10,5,385.0996,-83.2441,0.0151,38,0.9500,0.3636,33,4,0,0,0,4,0,1.0000
4,296.0000,10,8,717.6065,-86.6460,-0.9033,21,0.5250,0.8750,72,8,8,78,71,86,79,0.0814
4,296.0000,10,14,416.7067,-83.5342,-0.1381,38,0.9500,0.5000,6,5,1,0,0,5,1,0.8000
4,296.0000,10,18,301.1043,-79.1912,-0.7570,40,1.0000,0.0000,4,4,0,0,0,4,0,1.0000
4,296.0000,10,20,269.8999,-79.5717,0.1506,40,1.0000,0.0000,4,5,1,0,0,5,1,0.8000
4,296.0000,10,21,558.7444,-86.3210,-0.4545,34,0.8500,0.7222,18,5,1,0,0,5,1,0.8000
4,296.0000,11,0,267.7122,-79.1515,-0.4141,39,0.9750,0.0000,4,3,0,0,0,3,0,1.0000
4,296.0000,11,4,931.6264,-88.0971,0.7218,5,0.1250,1.0000,8,8,8,0,0,8,8,0.0000
4,296.0000,11,9,716.0262,-87.8144,-0.3256,22,0.5500,0.3333,6,7,6,0,0,7,6,0.1429
4,296.0000,11,12,461.9603,-84.7554,-0.0008,35,0.8750,0.4545,11,5,1,0,0,5,1,0.8000
4,296.0000,11,13,435.8878,-84.4887,-0.8153,34,0.8500,0.4000,5,5,2,0,0,5,2,0.6000
4,296.0000,11,16,173.5545,-77.4637,0.8726,39,0.9750,0.0000,4,4,0,0,0,4,0,1.0000
4,296.0000,11,19,508.3326,-85.6198,0.7526,29,0.7250,0.5085,59,5,1,64,36,69,37,0.4638
4,296.0000,11,25,1024.6348,-88.9799,0.1897,3,0.0750,1.0000,6,8,8,0,0,8,8,0.0000
4,296.0000,12,0,602.0660,-86.7832,0.0616,27,0.6750,0.8571,7,6,2,0,0,6,2,0.6667
4,296.0000,12,3,1111.0832,-89.5627,0.3698,3,0.0750,,0,4,4,0,0,4,4,0.0000
4,296.0000,12,4,830.5583,-88.7125,-0.0391,11,0.2750,0.8571,7,7,5,0,0,7,5,0.2857
4,296.0000,12,9,516.3062,-84.9012,-0.8880,35,0.8750,0.0000,3,5,1,0,0,5,1,0.8000
4,296.0000,12,11,461.9603,-84.3915,-0.3989,37,0.9250,0.0000,4,5,1,0,0,5,1,0.8000
4,296.0000,12,13,344.5988,-79.8911,-1.2414,39,0.9750,0.0000,4,4,0,0,0,4,0,1.0000
4,296.0000,12,15,616.7963,-86.1553,-0.6109,30,0.7500,0.4000,5,6,4,0,0,6,4,0.3333
4,296.0000,12,16,489.6127,-86.3553,0.5251,31,0.7750,0.4286,7,5,1,0,0,5,1,0.8000
4,296.0000,12,19,625.9833,-88.0395,0.2082,21,0.5250,0.7857,14,7,4,0,0,7,4,0.4286
4,296.0000,12,22,913.1314,-88.8899,-0.1912,10,0.2500,1.0000,8,8,8,0,0,8,8,0.0000
4,296.0000,12,24,1014.8735,-89.4651,-0.0355,4,0.1000,1.0000,8,6,6,0,0,6,6,0.0000
4,296.0000,12,25,640.9401,-87.2109,0.0884,23,0.5750,0.7143,7,7,5,0,0,7,5,0.2857
4,296.0000,13,0,401.3046,-84.8069,0.4033,28,0.7000,0.0000,4,4,0,0,0,4,0,1.0000
4,296.0000,13,4,543.9689,-86.4705,-0.2230,24,0.6000,0.0000,4,5,1,0,0,5,1,0.8000
4,296.0000,13,7,867.6459,-88.1280,-0.2427,8,0.2000,0.8571,7,8,8,0,0,8,8,0.0000
4,296.0000,13,9,280.5114,-79.1508,-0.4542,37,0.9250,0.0000,4,4,0,0,0,4,0,1.0000
4,296.0000,13,11,435.8878,-84.4527,-0.1141,33,0.8250,0.0000,4,4,0,0,0,4,0,1.0000
4,296.0000,13,12,344.5988,-79.4768,-0.6498,38,0.9500,0.0000,4,5,2,0,0,5,2,0.6000
4,296.0000,13,15,714.8738,-87.0196,0.1787,19,0.4750,0.7143,7,8,8,0,0,8,8,0.0000
4,296.0000,13,16,476.5263,-85.5728,0.8290,31,0.7750,0.3333,6,5,1,0,0,5,1,0.8000
4,296.0000,13,19,454.0005,-85.2224,0.8743,30,0.7500,0.2000,5,4,0,0,0,4,0,1.0000
4,296.0000,13,22,844.4067,-88.5895,0.0079,9,0.2250,0.6667,6,8,8,0,0,8,8,0.0000
4,296.0000,13,23,970.2502,-89.2279,-0.4463,4,0.1000,1.0000,8,8,8,0,0,8,8,0.0000
4,296.0000,13,25,630.4885,-87.0108,-0.2714,17,0.4250,1.0000,8,7,6,0,0,7,6,0.1429
4,296.0000,14,1,642.8496,-88.0051,0.5052,19,0.4750,0.5000,6,6,3,0,0,6,3,0.5000
4,296.0000,14,2,513.8419,-86.9457,0.6834,29,0.7250,0.8571,7,5,1,0,0,5,1,0.8000
4,296.0000,14,5,296.8919,-77.5611,-1.5144,40,1.0000,0.2000,5,4,0,0,0,4,0,1.0000
4,296.0000,14,8,720.3757,-87.5131,-0.0610,13,0.3250,0.6667,6,7,6,0,0,7,6,0.1429
4,296.0000,14,10,416.7067,-83.8759,0.0204,38,0.9500,0.3333,6,4,0,0,0,4,0,1.0000
4,296.0000,14,18,277.6292,-78.5312,-0.8667,39,0.9750,0.0000,4,4,0,0,0,4,0,1.0000
4,296.0000,14,20,191.0697,-74.1387,-1.6079,40,1.0000,0.3333,6,6,2,0,0,6,2,0.6667
4,296.0000,14,21,590.6363,-86.6543,0.0841,32,0.8000,0.0000,4,6,2,0,0,6,2,0.6667
4,296.0000,15,0,1106.8509,-88.1161,0.4691,3,0.0750,1.0000,6,4,4,0,0,4,4,0.0000
4,296.0000,15,3,531.8579,-86.0696,0.8995,18,0.4500,0.8571,7,5,1,0,0,5,1,0.8000
4,296.0000,15,4,803.6429,-88.1095,-0.3023,8,0.2000,0.6667,6,8,7,0,0,8,7,0.1250
4,296.0000,15,9,592.1358,-86.4813,0.1076,23,0.5750,0.3333,6,7,4,0,0,7,4,0.4286
4,296.0000,15,11,1041.5875,-89.2649,0.1602,3,0.0750,1.0000,6,5,4,0,0,5,4,0.2000
4,296.0000,15,12,616.7963,-86.2160,-0.0076,24,0.6000,0.8571,7,8,6,0,0,8,6,0.2500
4,296.0000,15,13,714.8738,-86.3658,-0.1421,18,0.4500,0.2000,5,8,8,0,0,8,8,0.0000
4,296.0000,15,16,1023.4912,-88.8500,-0.0029,4,0.1000,1.0000,8,8,8,0,0,8,8,0.0000
4,296.0000,15,17,886.3918,-89.3554,-0.0259,5,0.1250,1.0000,8,8,7,0,0,8,7,0.1250
4,296.0000,15,19,931.2712,-88.9783,-0.1238,3,0.0750,1.0000,8,8,8,0,0,8,8,0.0000
4,296.0000,15,22,430.1470,-84.3806,1.1363,26,0.6500,0.3333,6,4,0,0,0,4,0,1.0000
4,296.0000,15,23,1057.0182,-88.7205,0.3752,8,0.2000,1.0000,6,8,8,0,0,8,8,0.0000
4,296.0000,15,24,425.8933,-85.0244,0.7323,23,0.5750,0.2000,5,5,1,0,0,5,1,0.8000
4,296.0000,15,25,312.3439,-82.6729,0.6025,30,0.7500,0.0000,4,4,0,0,0,4,0,1.0000
4,296.0000,16,0,362.0934,-82.1137,-0.4502,35,0.8750,0.0000,4,4,0,0,0,4,0,1.0000
4,296.0000,16,4,927.9768,-88.7632,-0.0307,5,0.1250,1.0000,8,8,7,0,0,8,7,0.1250
4,296.0000,16,9,741.4359,-87.1000,-0.2451,21,0.5250,1.0000,8,8,8,0,0,8,8,0.0000
4,296.0000,16,11,173.5545,-77.3362,0.6023,39,0.9750,0.0000,4,5,1,0,0,5,1,0.8000
4,296.0000,16,12,489.6127,-85.5424,0.6738,28,0.7000,0.2000,5,5,2,0,0,5,2,0.6000
4,296.0000,16,13,476.5263,-85.1501,0.1586,32,0.8000,0.4000,5,4,0,0,0,4,0,1.0000
4,296.0000,16,15,1023.4912,-89.2050,0.3187,3,0.0750,1.0000,8,6,6,0,0,6,6,0.0000
4,296.0000,16,19,400.3539,-84.5281,0.3955,35,0.8750,0.2000,5,4,0,0,0,4,0,1.0000
4,296.0000,17,3,891.5384,-88.9543,0.0610,4,0.1000,1.0000,8,8,8,0,0,8,8,0.0000
4,296.0000,17,4,898.0039,-88.6276,0.0177,10,0.2500,1.0000,8,8,8,0,0,8,8,0.0000
4,296.0000,17,6,416.1026,-84.0558,-0.4562,37,0.9250,0.4000,5,5,2,0,0,5,2,0.6000
4,296.0000,17,15,886.3918,-88.1559,0.4765,6,0.1500,1.0000,6,7,6,0,0,7,6,0.1429
4,296.0000,17,22,479.4761,-85.8967,0.3702,30,0.7500,0.0000,4,5,2,0,0,5,2,0.6000
4,296.0000,17,23,723.1101,-87.1759,-0.4678,23,0.5750,0.7143,7,8,7,0,0,8,7,0.1250
4,296.0000,17,24,530.0925,-86.1436,0.4264,23,0.5750,0.6667,6,5,2,0,0,5,2,0.6000
4,296.0000,17,25,833.8625,-88.0739,-0.1241,10,0.2500,1.0000,8,8,8,0,0,8,8,0.0000
4,296.0000,18,1,708.9964,-87.6531,0.6264,15,0.3659,0.7143,7,8,6,0,0,8,6,0.2500
4,296.0000,18,2,658.0351,-87.2043,0.6299,20,0.4878,0.8571,7,8,8,0,0,8,8,0.0000
4,296.0000,18,5,187.8879,-74.7512,0.0341,40,0.9756,0.0000,4,5,1,0,0,5,1,0.8000
4,296.0000,18,8,842.4238,-87.2490,-0.2058,14,0.3415,1.0000,8,6,4,0,0,6,4,0.3333
4,296.0000,18,10,301.1043,-79.7147,-1.2149,38,0.9268,0.0000,4,4,0,0,0,4,0,1.0000
4,296.0000,18,14,277.6292,-78.6282,-1.1439,38,0.9268,0.0000,4,4,0,0,0,4,0,1.0000
4,296.0000,18,20,164.1678,-70.7705,-1.6442,40,0.9756,0.0000,4,4,0,0,0,4,0,1.0000
4,296.0000,18,21,566.3391,-86.4754,0.0871,31,0.7561,0.5000,6,5,2,0,0,5,2,0.6000
4,296.0000,19,0,491.4129,-85.6184,-0.0874,35,0.8750,0.2000,5,6,3,0,0,6,3,0.5000
4,296.0000,19,4,649.0165,-87.2219,0.1187,22,0.5500,0.4000,5,7,5,0,0,7,5,0.2857
4,296.0000,19,7,867.0778,-88.4994,-0.4533,12,0.3000,1.0000,8,10,10,0,0,10,10,0.0000
4,296.0000,19,9,598.6264,-86.9410,0.0640,27,0.6750,0.4000,5,7,5,0,0,7,5,0.2857
4,296.0000,19,11,508.3326,-85.5846,0.5437,34,0.8500,0.0000,4,5,1,0,0,5,1,0.8000
4,296.0000,19,12,625.9833,-87.6973,-0.5256,18,0.4500,0.8750,8,8,3,0,0,8,3,0.6250
4,296.0000,19,13,454.0005,-85.6964,0.5498,31,0.7750,0.2000,5,4,0,0,0,4,0,1.0000
4,296.0000,19,15,931.2712,-88.4910,-0.0023,6,0.1500,0.8750,8,8,8,0,0,8,8,0.0000
4,296.0000,19,16,400.3539,-84.6525,1.0684,35,0.8750,0.2000,5,6,2,0,0,6,2,0.6667
4,296.0000,19,23,1007.8603,-88.8195,0.0690,3,0.0750,1.0000,6,8,8,0,0,8,8,0.0000
4,296.0000,19,25,951.9301,-88.7766,0.2661,6,0.1500,1.0000,6,7,6,0,0,7,6,0.1429
4,296.0000,20,1,680.0614,-87.2842,-0.3192,15,0.3750,0.5556,9,8,8,0,0,8,8,0.0000
4,296.0000,20,2,592.2990,-86.0282,-0.1366,27,0.6750,0.4000,5,5,1,0,0,5,1,0.8000
4,296.0000,20,5,171.8415,-75.3378,-0.0368,40,1.0000,0.1613,31,4,0,0,0,4,0,1.0000
4,296.0000,20,8,785.5355,-88.3842,0.0007,10,0.2500,1.0000,12,8,8,0,0,8,8,0.0000
4,296.0000,20,10,269.8999,-79.4726,0.2552,38,0.9500,0.0000,4,4,0,0,0,4,0,1.0000
4,296.0000,20,14,191.0697,-74.2816,-1.5862,38,0.9500,0.0000,4,4,0,0,0,4,0,1.0000
4,296.0000,20,18,164.1678,-70.7089,-1.9141,38,0.9500,0.0000,4,4,0,0,0,4,0,1.0000
4,296.0000,20,21,618.2969,-86.2013,-0.3576,28,0.7000,0.6000,5,4,0,0,0,4,0,1.0000
4,296.0000,21,1,342.5383,-82.6105,0.9278,35,0.8750,0.4286,7,5,0,0,0,5,0,1.0000
4,296.0000,21,2,440.3289,-85.9025,0.4449,28,0.7000,0.3333,6,5,2,0,0,5,2,0.6000
4,296.0000,21,5,742.6973,-87.5020,0.1184,25,0.6250,0.5714,7,8,7,0,0,8,7,0.1250
4,296.0000,21,8,512.0156,-86.1267,0.4483,28,0.7000,0.8556,90,5,2,35,20,40,22,0.4500
4,296.0000,21,10,558.7444,-86.0974,0.1262,26,0.6500,0.5000,6,4,0,37,32,41,32,0.2195
4,296.0000,21,14,590.6363,-86.9786,0.4753,25,0.6250,0.6667,6,5,2,0,0,5,2,0.6000
4,296.0000,21,18,566.3391,-86.9867,0.1541,26,0.6500,0.7500,8,4,0,0,0,4,0,1.0000
4,296.0000,21,20,618.2969,-87.0815,-0.3561,24,0.6000,0.5000,6,6,3,0,0,6,3,0.5000
4,296.0000,22,3,662.8080,-87.7871,0.7570,20,0.5000,0.7143,7,7,4,0,0,7,4,0.4286
4,296.0000,22,4,623.8755,-86.4822,-0.6831,24,0.6000,0.4000,5,6,3,0,0,6,3,0.5000
4,296.0000,22,6,548.4190,-86.3674,0.0389,30,0.7500,0.5000,6,5,2,0,0,5,2,0.6000
4,296.0000,22,7,989.5435,-88.9069,0.1382,6,0.1500,1.0000,8,8,8,0,0,8,8,0.0000
4,296.0000,22,9,604.5858,-86.8706,-0.2628,20,0.5000,0.4000,5,5,4,0,0,5,4,0.2000
4,296.0000,22,12,913.1314,-88.6478,-0.1219,8,0.2000,0.8750,8,8,8,0,0,8,8,0.0000
4,296.0000,22,13,844.4067,-88.3396,-0.3382,14,0.3500,1.0000,12,8,8,0,0,8,8,0.0000
4,296.0000,22,15,430.1470,-84.5590,0.5777,30,0.7500,0.0000,4,5,1,0,0,5,1,0.8000
4,296.0000,22,17,479.4761,-85.2858,0.8609,28,0.7000,0.2857,7,4,2,0,0,4,2,0.5000
4,296.0000,22,19,1009.8244,-88.8049,0.2599,3,0.0750,1.0000,6,4,4,0,0,4,4,0.0000
4,296.0000,22,23,711.8717,-87.1961,-0.4181,21,0.5250,0.5000,6,7,5,0,0,7,5,0.2857
4,296.0000,22,24,271.8103,-81.9433,1.0124,36,0.9000,0.4000,5,4,0,0,0,4,0,1.0000
4,296.0000,22,25,395.7452,-82.5967,-0.0767,33,0.8250,0.0000,4,6,1,0,0,6,1,0.8333
4,296.0000,23,4,427.0675,-84.8737,-0.0256,32,0.8205,0.0000,4,5,1,0,0,5,1,0.8000
4,296.0000,23,6,382.1227,-81.7393,-0.6134,39,1.0000,0.0000,3,5,1,0,0,5,1,0.8000
4,296.0000,23,7,411.2895,-84.5767,0.5166,33,0.8462,0.0000,4,4,0,0,0,4,0,1.0000
4,296.0000,23,9,743.8930,-88.2553,0.0019,6,0.1538,1.0000,8,7,5,0,0,7,5,0.2857
4,296.0000,23,13,970.2502,-89.0188,0.6410,4,0.1026,1.0000,6,8,8,0,0,8,8,0.0000
4,296.0000,23,17,723.1101,-87.0705,-0.0283,21,0.5385,0.8571,7,7,6,0,0,7,6,0.1429
4,296.0000,23,22,711.8717,-87.2208,-0.7772,19,0.4872,0.8750,8,7,6,0,0,7,6,0.1429
4,296.0000,23,24,962.4735,-89.2062,0.0165,6,0.1538,0.8571,7,8,8,0,0,8,8,0.0000
4,296.0000,23,25,908.8292,-89.1575,-0.3054,6,0.1538,0.8571,7,8,8,0,0,8,8,0.0000
4,296.0000,24,1,1080.4432,-89.6068,-0.2734,3,0.0750,,0,4,4,0,0,4,4,0.0000
4,296.0000,24,2,1001.9546,-89.4485,-0.0745,6,0.1500,1.0000,8,6,6,0,0,6,6,0.0000
4,296.0000,24,3,414.2601,-83.8143,-0.7342,34,0.8500,0.3333,6,4,0,0,0,4,0,1.0000
4,296.0000,24,4,884.2417,-88.4831,-0.4794,9,0.2250,1.0000,8,8,8,0,0,8,8,0.0000
4,296.0000,24,6,727.5250,-88.0717,0.4331,13,0.3250,0.5714,7,7,5,0,0,7,5,0.2857
4,296.0000,24,8,975.3223,-87.9911,0.9293,6,0.1500,0.8571,7,8,8,0,0,8,8,0.0000
4,296.0000,24,9,805.6624,-88.0884,0.3595,12,0.3000,1.0000,8,8,8,0,0,8,8,0.0000
4,296.0000,24,12,1014.8735,-87.9272,1.7256,5,0.1250,1.0000,8,4,4,0,0,4,4,0.0000
4,296.0000,24,15,425.8933,-84.9735,-0.2327,26,0.6500,0.2000,5,5,2,0,0,5,2,0.6000
4,296.0000,24,17,530.0925,-86.5391,0.7832,23,0.5750,0.5000,6,5,1,0,0,5,1,0.8000
4,296.0000,24,22,271.8103,-81.9786,1.9064,33,0.8250,0.2000,5,4,0,0,0,4,0,1.0000
4,296.0000,24,23,962.4735,-88.7453,-0.6724,7,0.1750,1.0000,8,8,8,0,0,8,8,0.0000
4,296.0000,24,25,458.0262,-84.1090,0.0618,30,0.7500,0.7143,7,6,3,0,0,6,3,0.5000
4,296.0000,25,3,685.1457,-87.2761,-0.1180,24,0.6000,0.7500,8,8,7,0,0,8,7,0.1250
4,296.0000,25,4,653.6048,-87.0580,0.4753,19,0.4750,0.7500,8,8,8,0,0,8,8,0.0000
4,296.0000,25,6,794.6911,-87.8886,0.0044,9,0.2250,0.8571,7,8,7,0,0,8,7,0.1250
4,296.0000,25,7,1058.7284,-89.6315,0.2704,4,0.1000,1.0000,6,8,8,0,0,8,8,0.0000
4,296.0000,25,9,434.2383,-85.4547,0.0016,33,0.8250,0.0000,4,4,0,0,0,4,0,1.0000
4,296.0000,25,11,1024.6348,-89.2928,0.1094,3,0.0750,1.0000,6,8,8,0,0,8,8,0.0000
4,296.0000,25,12,640.9401,-87.4739,0.3896,24,0.6000,0.4286,7,6,3,0,0,6,3,0.5000
4,296.0000,25,13,630.4885,-87.2865,-0.0598,29,0.7250,0.8462,13,7,4,0,0,7,4,0.4286
4,296.0000,25,15,312.3439,-83.6043,0.5409,39,0.9750,0.5000,6,5,2,0,0,5,2,0.6000
4,296.0000,25,17,833.8625,-87.9241,0.0687,12,0.3000,1.0000,8,8,8,0,0,8,8,0.0000
4,296.0000,25,19,951.9301,-88.8823,-0.3932,5,0.1250,1.0000,6,8,8,0,0,8,8,0.0000
4,296.0000,25,22,395.7452,-83.4943,-0.4074,35,0.8750,0.4000,5,6,3,0,0,6,3,0.5000
4,296.0000,25,23,908.8292,-89.0326,-0.6779,8,0.2000,1.0000,8,7,6,0,0,7,6,0.1429
4,296.0000,25,24,458.0262,-85.0284,-0.2083,35,0.8750,0.5000,6,5,1,0,0,5,1,0.8000
