seed,t,src,dst,dist_m,rssi_level,rssi_slope,rssi_n,beacon_ratio,retry_rate,tx_attempts,trials_probe,fails_probe,trials_cbr,fails_cbr,trials_future,fails_future,pdr_future
4,4.0000,0,2,624.4242,-85.3180,0.6008,12,0.3000,1.0000,8,7,6,0,0,7,6,0.1429
4,4.0000,0,3,303.3221,-79.4567,0.0169,24,0.6000,0.7143,7,7,6,0,0,7,6,0.1429
4,4.0000,0,4,559.6492,-85.7843,0.6741,11,0.2750,0.6667,6,5,3,0,0,5,3,0.4000
4,4.0000,0,5,889.5352,-86.5361,0.5780,8,0.2000,1.0000,6,8,8,0,0,8,8,0.0000
4,4.0000,0,6,590.0621,-85.0847,-0.4903,14,0.3500,1.0000,8,8,8,0,0,8,8,0.0000
4,4.0000,0,7,112.3579,-68.2164,-0.2892,37,0.9250,0.0000,4,4,0,0,0,4,0,1.0000
4,4.0000,0,9,746.2071,-87.3005,0.4871,10,0.2500,0.8333,6,8,8,0,0,8,8,0.0000
4,4.0000,0,11,326.9651,-79.6811,-0.5246,23,0.5750,0.8750,8,5,1,0,0,5,1,0.8000
4,4.0000,0,14,695.0765,-85.0886,0.6610,12,0.3000,0.8750,8,7,6,0,0,7,6,0.1429
4,4.0000,0,15,368.7816,-81.7486,-0.5375,17,0.4250,0.8000,5,8,5,0,0,8,5,0.3750
4,4.0000,0,17,229.5719,-75.5477,-0.5381,33,0.8250,0.2000,5,5,1,0,0,5,1,0.8000
4,4.0000,0,19,875.3732,-87.5246,-0.3873,6,0.1500,1.0000,4,6,5,0,0,6,5,0.1667
4,4.0000,0,20,573.4685,-85.9428,0.1481,10,0.2500,0.8571,7,8,8,0,0,8,8,0.0000
4,4.0000,0,21,554.7265,-84.4463,-0.9062,15,0.3750,0.8571,7,8,8,0,0,8,8,0.0000
4,4.0000,0,22,581.3657,-86.1015,0.1592,10,0.2500,0.7143,7,6,4,0,0,6,4,0.3333
4,4.0000,0,23,519.5468,-85.1710,0.4284,13,0.3250,0.6667,6,8,7,0,0,8,7,0.1250
4,4.0000,0,24,737.6344,-86.4728,-0.6785,10,0.2500,1.0000,8,6,6,0,0,6,6,0.0000
4,4.0000,0,25,410.3465,-82.8055,1.4738,17,0.4250,0.8571,7,7,6,0,0,7,6,0.1429
4,4.0000,0,27,706.9580,-86.4936,-0.2969,11,0.2750,1.0000,6,8,7,0,0,8,7,0.1250
4,4.0000,0,28,679.5160,-86.2941,-0.6020,10,0.2500,1.0000,2,6,4,0,0,6,4,0.3333
4,4.0000,0,30,681.1413,-86.5665,-0.5167,11,0.2750,0.8750,8,8,8,0,0,8,8,0.0000
4,4.0000,0,31,502.7514,-83.7227,-0.0287,15,0.3750,0.8571,7,8,8,0,0,8,8,0.0000
4,4.0000,0,32,202.0980,-77.5693,0.9841,31,0.7750,0.5000,6,4,0,0,0,4,0,1.0000
4,4.0000,0,33,527.8622,-84.7079,1.6673,13,0.3250,0.7500,8,8,7,0,0,8,7,0.1250
4,4.0000,0,34,745.7998,-85.8860,0.3977,12,0.3000,0.8571,7,6,6,0,0,6,6,0.0000
4,4.0000,0,37,324.7339,-80.6749,-0.2526,21,0.5250,0.6667,6,6,2,0,0,6,2,0.6667
4,4.0000,0,38,665.5629,-86.8758,-0.1455,8,0.2000,1.0000,8,8,8,0,0,8,8,0.0000
4,4.0000,0,39,391.9724,-84.0341,0.8689,16,0.4000,0.7143,7,5,2,0,0,5,2,0.6000
4,4.0000,0,40,853.5056,-87.5499,-1.1512,6,0.1500,0.8571,7,6,6,0,0,6,6,0.0000
4,4.0000,0,41,458.0107,-83.7913,1.0441,16,0.4000,0.8750,8,8,7,0,0,8,7,0.1250
4,4.0000,0,42,794.3172,-87.2203,0.2637,8,0.2000,1.0000,6,6,6,0,0,6,6,0.0000
4,4.0000,0,43,854.1736,-87.3906,0.4901,3,0.0750,1.0000,2,6,5,0,0,6,5,0.1667
4,4.0000,0,44,766.3027,-86.0333,-0.8475,12,0.3000,1.0000,8,8,8,0,0,8,8,0.0000
4,4.0000,0,45,337.0907,-81.4407,0.3935,22,0.5500,0.8571,7,7,5,0,0,7,5,0.2857
4,4.0000,0,46,180.1779,-76.0471,0.6066,31,0.7750,0.7143,7,5,1,0,0,5,1,0.8000
4,4.0000,1,5,420.1109,-81.7739,0.1388,15,0.3659,1.0000,8,6,4,0,0,6,4,0.3333
4,4.0000,1,8,688.1149,-84.7158,0.2351,10,0.2439,1.0000,8,8,8,0,0,8,8,0.0000
4,4.0000,1,10,430.0746,-82.9442,0.4089,27,0.6585,0.5000,6,6,4,0,0,6,4,0.3333
4,4.0000,1,11,1017.6541,-88.4704,0.3718,3,0.0732,1.0000,6,4,4,0,0,4,4,0.0000
4,4.0000,1,12,927.6660,-88.1847,0.3734,4,0.0976,1.0000,6,6,6,0,0,6,6,0.0000
4,4.0000,1,13,132.9592,-70.5719,0.3045,40,0.9756,0.3333,6,4,0,0,0,4,0,1.0000
4,4.0000,1,16,908.3486,-87.8750,-0.3163,3,0.0732,1.0000,4,4,4,0,0,4,4,0.0000
4,4.0000,1,17,1127.7555,-88.2574,-0.5928,3,0.0732,1.0000,8,4,4,0,0,4,4,0.0000
4,4.0000,1,19,547.7627,-83.2153,-0.5581,13,0.3171,1.0000,8,8,8,0,0,8,8,0.0000
4,4.0000,1,20,931.2031,-87.4886,0.3128,4,0.0976,1.0000,6,8,8,0,0,8,8,0.0000
4,4.0000,1,22,993.1671,-89.0803,0.3705,3,0.0732,1.0000,6,8,8,0,0,8,8,0.0000
4,4.0000,1,26,208.9004,-77.7962,1.1718,33,0.8049,0.4000,5,4,0,0,0,4,0,1.0000
4,4.0000,1,27,990.1798,-88.2214,-0.1150,4,0.0976,1.0000,8,8,8,0,0,8,8,0.0000
4,4.0000,1,29,343.0379,-81.2135,0.3480,29,0.7073,0.6667,6,5,2,0,0,5,2,0.6000
4,4.0000,1,31,891.5925,-86.8827,-0.9892,4,0.0976,0.8333,6,8,8,0,0,8,8,0.0000
4,4.0000,1,34,549.9168,-84.0274,0.1464,11,0.2683,1.0000,8,7,6,0,0,7,6,0.1429
4,4.0000,1,35,222.0141,-77.6951,0.3729,36,0.8780,0.2500,4,4,0,0,0,4,0,1.0000
4,4.0000,1,36,229.1188,-76.3610,0.2322,36,0.8780,0.0000,3,5,1,0,0,5,1,0.8000
4,4.0000,1,38,645.6420,-84.0601,-0.3623,8,0.1951,1.0000,8,8,8,0,0,8,8,0.0000
4,4.0000,1,40,587.0074,-84.8934,-0.2460,8,0.1951,1.0000,8,7,6,0,0,7,6,0.1429
4,4.0000,1,43,589.7810,-84.7179,0.1489,11,0.2683,1.0000,8,8,8,0,0,8,8,0.0000
4,4.0000,1,46,1117.2037,-87.7129,-0.9138,4,0.0976,1.0000,8,2,2,0,0,2,2,0.0000
4,4.0000,1,47,413.1824,-83.0228,0.4876,25,0.6098,0.7143,7,5,2,0,0,5,2,0.6000
4,4.0000,2,0,624.4242,-85.0115,0.1587,11,0.2750,1.0000,8,8,8,0,0,8,8,0.0000
4,4.0000,2,1,1020.6025,-88.1790,-0.4505,4,0.1000,1.0000,4,4,4,0,0,4,4,0.0000
4,4.0000,2,3,820.6858,-87.7341,-0.6352,6,0.1500,1.0000,8,8,8,0,0,8,8,0.0000
4,4.0000,2,4,959.5967,-88.9182,0.8884,3,0.0750,1.0000,4,6,6,0,0,6,6,0.0000
4,4.0000,2,5,621.6005,-83.2093,-0.5352,14,0.3500,0.8571,7,8,7,0,0,8,7,0.1250
4,4.0000,2,6,649.2885,-86.2992,0.0441,11,0.2750,1.0000,4,8,6,0,0,8,6,0.2500
4,4.0000,2,7,725.5329,-86.8619,-0.5757,10,0.2500,1.0000,6,8,6,0,0,8,6,0.2500
4,4.0000,2,8,446.3354,-84.3437,0.9851,15,0.3750,1.0000,8,8,7,0,0,8,7,0.1250
4,4.0000,2,9,886.9204,-88.3875,-0.0516,5,0.1250,0.8333,6,2,2,0,0,2,2,0.0000
4,4.0000,2,10,971.1771,-87.7709,0.7035,5,0.1250,1.0000,6,2,2,0,0,2,2,0.0000
4,4.0000,2,11,516.4140,-84.1735,-0.3887,12,0.3000,0.7143,7,8,8,0,0,8,8,0.0000
4,4.0000,2,13,1120.8927,-88.6206,-0.4555,3,0.0750,,0,4,4,0,0,4,4,0.0000
4,4.0000,2,15,866.5333,-87.8875,-0.4851,7,0.1750,1.0000,4,8,8,0,0,8,8,0.0000
4,4.0000,2,17,506.1264,-83.8053,-0.3002,12,0.3000,0.7143,7,8,7,0,0,8,7,0.1250
4,4.0000,2,19,525.4740,-84.0913,0.2796,11,0.2750,1.0000,8,6,3,0,0,6,3,0.5000
4,4.0000,2,20,267.7839,-79.3914,1.0694,28,0.7000,0.5000,6,8,7,0,0,8,7,0.1250
4,4.0000,2,21,544.5646,-83.9340,-1.1085,15,0.3750,0.7143,7,6,4,0,0,6,4,0.3333
4,4.0000,2,22,74.9946,-70.9216,2.9918,37,0.9250,0.0000,4,4,0,0,0,4,0,1.0000
4,4.0000,2,23,155.3166,-68.8037,-3.1774,37,0.9250,0.0000,4,4,0,0,0,4,0,1.0000
4,4.0000,2,25,422.5800,-82.9647,0.0946,12,0.3000,0.8571,7,7,5,0,0,7,5,0.2857
4,4.0000,2,27,134.9364,-72.9220,0.7361,36,0.9000,0.0000,3,5,0,0,0,5,0,1.0000
4,4.0000,2,30,1071.7401,-89.3162,-0.1338,4,0.1000,1.0000,2,4,4,0,0,4,4,0.0000
4,4.0000,2,31,263.9759,-77.0684,-0.2631,31,0.7750,0.5000,6,6,3,0,0,6,3,0.5000
4,4.0000,2,32,660.4167,-86.4664,-0.7927,7,0.1750,1.0000,8,8,7,0,0,8,7,0.1250
4,4.0000,2,33,775.7539,-87.5042,-0.5977,6,0.1500,1.0000,6,8,8,0,0,8,8,0.0000
4,4.0000,2,34,589.9815,-83.5089,-0.8738,15,0.3750,0.8571,7,7,6,0,0,7,6,0.1429
4,4.0000,2,36,982.8705,-87.6084,-0.2301,6,0.1500,1.0000,2,8,8,0,0,8,8,0.0000
4,4.0000,2,37,662.0787,-86.1105,0.2483,11,0.2750,1.0000,6,8,7,0,0,8,7,0.1250
4,4.0000,2,38,637.9225,-85.6682,-0.5056,11,0.2750,0.8750,8,7,6,0,0,7,6,0.1429
4,4.0000,2,39,639.2281,-84.6911,0.0354,9,0.2250,1.0000,8,8,7,0,0,8,7,0.1250
4,4.0000,2,40,586.3248,-84.6595,0.6137,12,0.3000,1.0000,8,8,8,0,0,8,8,0.0000
4,4.0000,2,41,576.6752,-84.4909,-0.2080,11,0.2750,0.6667,6,8,7,0,0,8,7,0.1250
4,4.0000,2,42,1168.4986,-89.1747,0.4071,3,0.0750,1.0000,8,6,6,0,0,6,6,0.0000
4,4.0000,2,43,564.7261,-85.2041,0.0347,10,0.2500,1.0000,8,7,6,0,0,7,6,0.1429
4,4.0000,2,46,544.9676,-83.7332,0.0865,13,0.3250,0.8750,8,8,7,0,0,8,7,0.1250
4,4.0000,3,0,303.3221,-79.8213,0.5834,23,0.5750,0.5714,7,5,2,0,0,5,2,0.6000
4,4.0000,3,2,820.6858,-86.7056,0.2103,5,0.1250,1.0000,8,8,8,0,0,8,8,0.0000
4,4.0000,3,4,280.5482,-80.1012,1.3470,27,0.6750,0.2000,5,4,0,0,0,4,0,1.0000
4,4.0000,3,6,585.4934,-83.0329,-0.4469,12,0.3000,0.8750,8,8,8,0,0,8,8,0.0000
4,4.0000,3,7,316.1878,-80.2791,1.1455,20,0.5000,0.8571,7,6,4,0,0,6,4,0.3333
4,4.0000,3,9,555.3047,-84.5843,-0.8512,17,0.4250,1.0000,8,8,6,0,0,8,6,0.2500
4,4.0000,3,11,588.7781,-84.3571,-0.2511,9,0.2250,1.0000,8,6,6,0,0,6,6,0.0000
4,4.0000,3,14,502.0907,-84.2502,0.7720,21,0.5250,0.8750,8,7,4,0,0,7,4,0.4286
4,4.0000,3,15,125.8452,-69.8525,-0.4671,37,0.9250,0.0000,4,5,2,0,0,5,2,0.6000
4,4.0000,3,17,497.9056,-83.6037,-0.4525,10,0.2500,1.0000,8,6,4,0,0,6,4,0.3333
4,4.0000,3,18,913.3830,-86.6734,0.4797,10,0.2500,1.0000,6,8,8,0,0,8,8,0.0000
4,4.0000,3,20,796.9458,-85.9398,0.5401,4,0.1000,1.0000,6,8,8,0,0,8,8,0.0000
4,4.0000,3,21,831.0892,-86.5078,1.0112,6,0.1500,1.0000,6,8,8,0,0,8,8,0.0000
4,4.0000,3,22,789.3551,-87.2153,0.5396,3,0.0750,0.8571,7,8,8,0,0,8,8,0.0000
4,4.0000,3,23,736.4934,-86.9162,0.2789,7,0.1750,0.5000,4,8,8,0,0,8,8,0.0000
4,4.0000,3,24,491.5279,-84.0045,0.1730,20,0.5000,1.0000,8,7,3,0,0,7,3,0.5714
4,4.0000,3,25,579.8208,-84.0180,-1.9283,8,0.2000,0.8750,8,8,7,0,0,8,7,0.1250
4,4.0000,3,27,900.7958,-86.2128,0.6685,5,0.1250,0.7500,8,6,6,0,0,6,6,0.0000
4,4.0000,3,28,433.1882,-83.1365,0.9402,21,0.5250,0.8750,8,5,3,0,0,5,3,0.4000
4,4.0000,3,30,386.6703,-80.4203,0.4365,24,0.6000,0.3333,6,8,6,0,0,8,6,0.2500
4,4.0000,3,31,756.6029,-86.1982,-0.4178,5,0.1250,1.0000,8,4,4,0,0,4,4,0.0000
4,4.0000,3,32,216.3347,-76.2635,0.3260,33,0.8250,0.2000,5,6,4,0,0,6,4,0.3333
4,4.0000,3,33,335.3126,-78.5071,-0.2980,30,0.7500,0.3333,6,6,4,0,0,6,4,0.3333
4,4.0000,3,34,1046.0604,-87.3148,-4.0745,3,0.0750,1.0000,4,2,2,0,0,2,2,0.0000
4,4.0000,3,37,288.2885,-76.9330,-0.2524,31,0.7750,0.2000,5,4,0,0,0,4,0,1.0000
4,4.0000,3,38,968.4104,-88.8568,0.4300,3,0.0750,1.0000,4,6,6,0,0,6,6,0.0000
4,4.0000,3,39,297.9813,-77.2550,-0.8443,31,0.7750,0.4000,5,6,4,0,0,6,4,0.3333
4,4.0000,3,41,407.3883,-80.1677,0.3460,21,0.5250,0.5714,7,7,5,0,0,7,5,0.2857
4,4.0000,3,42,499.7166,-83.4245,0.0040,24,0.6000,1.0000,6,6,4,0,0,6,4,0.3333
4,4.0000,3,44,471.8927,-82.6173,-0.9874,19,0.4750,0.4286,7,7,4,0,0,7,4,0.4286
4,4.0000,3,45,181.5622,-75.8188,0.2388,33,0.8250,0.0000,4,5,2,0,0,5,2,0.6000
4,4.0000,3,46,463.1251,-83.0490,-0.0399,7,0.1750,0.6667,6,8,7,0,0,8,7,0.1250
4,4.0000,4,0,559.6492,-85.3461,-0.5548,4,0.1000,1.0000,6,7,6,0,0,7,6,0.1429
4,4.0000,4,3,280.5482,-79.3339,0.7464,24,0.6000,0.6667,6,6,3,0,0,6,3,0.5000
4,4.0000,4,6,697.2080,-85.8100,-0.4650,6,0.1500,1.0000,8,7,5,0,0,7,5,0.2857
4,4.0000,4,7,588.6993,-85.3912,0.0286,8,0.2000,0.7143,7,8,8,0,0,8,8,0.0000
4,4.0000,4,9,426.0837,-81.7905,-0.5930,21,0.5250,0.5000,6,7,6,0,0,7,6,0.1429
4,4.0000,4,11,841.8959,-87.4400,0.3110,5,0.1250,1.0000,8,6,6,0,0,6,6,0.0000
4,4.0000,4,14,544.4054,-83.7340,-0.1758,20,0.5000,1.0000,8,8,6,0,0,8,6,0.2500
4,4.0000,4,15,312.5966,-80.1831,-0.0001,22,0.5500,0.7143,7,4,0,0,0,4,0,1.0000
4,4.0000,4,17,710.2142,-86.8588,-0.5615,4,0.1000,0.8750,8,10,10,0,0,10,10,0.0000
4,4.0000,4,18,732.0060,-85.6935,-0.0852,15,0.3750,0.8571,7,7,6,0,0,7,6,0.1429
4,4.0000,4,24,450.9495,-83.1873,0.6232,22,0.5500,0.8571,7,8,7,0,0,8,7,0.1250
4,4.0000,4,25,780.4867,-87.0827,-0.7181,6,0.1500,0.8571,7,8,8,0,0,8,8,0.0000
4,4.0000,4,27,1044.2848,-87.8592,0.6362,3,0.0750,1.0000,4,6,6,0,0,6,6,0.0000
4,4.0000,4,28,395.5645,-81.3755,0.2418,25,0.6250,0.5000,6,6,4,0,0,6,4,0.3333
4,4.0000,4,30,186.8155,-72.6642,-0.9946,34,0.8500,0.0000,4,5,1,0,0,5,1,0.8000
4,4.0000,4,32,398.3397,-80.6253,0.3106,19,0.4750,0.6667,6,7,6,0,0,7,6,0.1429
4,4.0000,4,33,242.4369,-76.2624,-0.1207,25,0.6250,0.5000,6,5,1,0,0,5,1,0.8000
4,4.0000,4,37,470.6950,-83.3997,1.2508,9,0.2250,1.0000,8,7,5,0,0,7,5,0.2857
4,4.0000,4,39,382.6758,-79.6968,-0.4566,18,0.4500,0.5000,6,8,7,0,0,8,7,0.1250
4,4.0000,4,41,471.0211,-85.0273,1.4855,8,0.2000,0.6250,8,7,6,0,0,7,6,0.1429
4,4.0000,4,42,247.0315,-75.5192,-0.8208,34,0.8500,0.0000,4,7,6,0,0,7,6,0.1429
4,4.0000,4,44,361.9035,-78.9431,-0.7473,32,0.8000,0.3333,6,7,6,0,0,7,6,0.1429
4,4.0000,4,45,286.3388,-79.0329,-0.4601,24,0.6000,0.5714,7,5,2,0,0,5,2,0.6000
4,4.0000,4,46,720.3686,-88.3656,-0.2256,5,0.1250,1.0000,6,8,8,0,0,8,8,0.0000
4,4.0000,5,0,889.5352,-87.5598,-0.3265,5,0.1250,1.0000,8,6,6,0,0,6,6,0.0000
4,4.0000,5,1,420.1109,-82.2804,0.4384,29,0.7250,0.6667,6,6,4,0,0,6,4,0.3333
4,4.0000,5,2,621.6005,-83.9550,-1.3336,9,0.2250,0.8571,7,8,8,0,0,8,8,0.0000
4,4.0000,5,7,931.4356,-86.4197,-1.0862,6,0.1500,1.0000,6,6,6,0,0,6,6,0.0000
4,4.0000,5,8,404.9003,-80.2200,-0.6590,30,0.7500,0.8750,8,6,4,0,0,6,4,0.3333
4,4.0000,5,10,575.1528,-85.4035,0.4544,17,0.4250,0.8571,7,8,7,0,0,8,7,0.1250
4,4.0000,5,11,656.9972,-85.0788,0.2229,11,0.2750,1.0000,8,8,8,0,0,8,8,0.0000
4,4.0000,5,12,963.5212,-88.3871,0.1933,7,0.1750,1.0000,6,8,7,0,0,8,7,0.1250
4,4.0000,5,13,511.0283,-84.1839,0.1596,26,0.6500,0.8571,7,5,1,0,0,5,1,0.8000
4,4.0000,5,16,996.6924,-88.1604,-0.2522,6,0.1500,1.0000,4,4,4,0,0,4,4,0.0000
4,4.0000,5,17,726.8141,-86.0234,-0.5938,7,0.1750,1.0000,8,7,6,0,0,7,6,0.1429
4,4.0000,5,19,266.5485,-76.6351,-1.0641,35,0.8750,0.4000,5,9,8,0,0,9,8,0.1111
4,4.0000,5,20,559.1846,-84.7660,-0.2283,10,0.2500,0.6667,6,8,8,0,0,8,8,0.0000
4,4.0000,5,21,504.1216,-83.1355,0.5841,14,0.3500,0.8750,8,7,6,0,0,7,6,0.1429
4,4.0000,5,22,593.4575,-84.5821,-0.6940,14,0.3500,1.0000,8,8,8,0,0,8,8,0.0000
4,4.0000,5,23,602.3470,-83.5851,-0.6305,12,0.3000,0.8750,8,8,8,0,0,8,8,0.0000
4,4.0000,5,25,770.2150,-87.5581,-0.6634,5,0.1250,0.8571,7,8,8,0,0,8,8,0.0000
4,4.0000,5,26,369.0127,-83.3495,1.0271,25,0.6250,0.7500,8,6,4,0,0,6,4,0.3333
4,4.0000,5,27,617.4023,-84.6544,0.0635,11,0.2750,0.8571,7,8,8,68,66,76,74,0.0263
4,4.0000,5,29,577.6123,-85.7783,0.5494,18,0.4500,0.8750,8,8,8,0,0,8,8,0.0000
4,4.0000,5,31,494.7586,-81.8089,0.1775,17,0.4250,0.8571,7,8,6,0,0,8,6,0.2500
4,4.0000,5,32,1023.5764,-88.2428,-0.0127,3,0.0750,1.0000,6,6,6,0,0,6,6,0.0000
4,4.0000,5,34,173.8706,-74.2551,0.0952,31,0.7750,0.2000,5,4,0,0,0,4,0,1.0000
4,4.0000,5,35,639.0731,-86.2814,0.7833,12,0.3000,1.0000,6,6,4,0,0,6,4,0.3333
4,4.0000,5,36,383.3219,-82.1919,0.2023,31,0.7750,0.8571,7,5,2,0,0,5,2,0.6000
4,4.0000,5,37,1061.6159,-88.4123,-0.0974,4,0.1000,1.0000,4,6,6,0,0,6,6,0.0000
4,4.0000,5,38,310.8491,-77.4965,-1.1141,34,0.8500,0.5000,6,5,3,0,0,5,3,0.4000
4,4.0000,5,40,241.6317,-77.9107,-0.1601,33,0.8250,0.0000,4,4,0,0,0,4,0,1.0000
4,4.0000,5,43,236.5863,-78.1241,0.2217,35,0.8750,0.3333,6,7,3,0,0,7,3,0.5714
4,4.0000,5,46,740.3381,-85.4696,-0.2426,6,0.1500,1.0000,8,6,6,0,0,6,6,0.0000
4,4.0000,5,47,566.8649,-85.1518,0.7470,22,0.5500,1.0000,8,8,8,0,0,8,8,0.0000
4,4.0000,6,0,590.0621,-84.3490,-0.0049,8,0.2000,1.0000,8,8,8,0,0,8,8,0.0000
4,4.0000,6,2,649.2885,-84.9270,-0.5253,6,0.1500,0.7500,8,8,7,0,0,8,7,0.1250
4,4.0000,6,3,585.4934,-82.7074,-0.5473,9,0.2250,0.6667,6,8,8,0,0,8,8,0.0000
4,4.0000,6,4,697.2080,-87.0075,0.4174,8,0.2000,0.8750,8,8,8,0,0,8,8,0.0000
4,4.0000,6,5,1095.6272,-88.6417,5.0335,3,0.0750,1.0000,6,4,4,0,0,4,4,0.0000
4,4.0000,6,7,654.4770,-84.8322,-1.2933,3,0.0750,1.0000,8,8,8,0,0,8,8,0.0000
4,4.0000,6,9,507.3203,-84.3080,-0.0385,19,0.4750,1.0000,8,8,8,0,0,8,8,0.0000
4,4.0000,6,11,554.2781,-84.0426,0.3096,10,0.2500,1.0000,8,8,7,0,0,8,7,0.1250
4,4.0000,6,14,1045.4740,-87.9055,-0.9780,3,0.0750,1.0000,2,4,4,0,0,4,4,0.0000
4,4.0000,6,15,527.1163,-83.3965,-0.6697,10,0.2500,0.8750,8,8,8,0,0,8,8,0.0000
4,4.0000,6,17,714.8877,-85.4979,0.0731,7,0.1750,1.0000,6,10,10,0,0,10,10,0.0000
4,4.0000,6,18,969.4434,-87.9584,-1.3527,3,0.0750,1.0000,2,6,6,0,0,6,6,0.0000
4,4.0000,6,19,930.7085,-88.2817,0.1144,4,0.1000,1.0000,6,4,4,0,0,4,4,0.0000
4,4.0000,6,20,548.6705,-83.3505,-1.1561,10,0.2500,0.7500,8,7,6,0,0,7,6,0.1429
4,4.0000,6,21,978.5995,-87.6843,-0.5443,3,0.0750,1.0000,6,8,8,0,0,8,8,0.0000
4,4.0000,6,22,608.7811,-84.6162,-0.1735,6,0.1500,0.8571,7,8,8,0,0,8,8,0.0000
4,4.0000,6,23,684.3245,-85.4922,0.1146,8,0.2000,0.8000,5,8,8,0,0,8,8,0.0000
4,4.0000,6,25,336.4901,-77.2624,-1.1885,21,0.5250,0.8750,8,7,5,0,0,7,5,0.2857
4,4.0000,6,27,638.5891,-84.2148,1.2569,10,0.2500,0.8571,7,8,7,0,0,8,7,0.1250
4,4.0000,6,30,693.0894,-85.1926,0.7907,8,0.2000,1.0000,8,8,8,0,0,8,8,0.0000
4,4.0000,6,31,615.6563,-86.1488,0.0820,7,0.1750,0.7143,7,8,8,0,0,8,8,0.0000
4,4.0000,6,32,618.9462,-85.7728,0.3685,6,0.1500,1.0000,8,8,8,0,0,8,8,0.0000
4,4.0000,6,33,515.0030,-83.9693,0.5994,13,0.3250,1.0000,6,7,6,0,0,7,6,0.1429
4,4.0000,6,37,306.4727,-79.5136,0.3609,21,0.5250,0.5714,7,6,4,0,0,6,4,0.3333
4,4.0000,6,38,1018.1269,-88.9748,-0.4248,3,0.0750,1.0000,8,2,2,0,0,2,2,0.0000
4,4.0000,6,39,347.1816,-80.1477,0.1732,17,0.4250,0.8750,8,8,7,0,0,8,7,0.1250
4,4.0000,6,41,295.8189,-78.6159,-0.5303,19,0.4750,0.4000,5,5,2,0,0,5,2,0.6000
4,4.0000,6,42,819.0824,-88.0228,0.5348,7,0.1750,1.0000,8,8,8,0,0,8,8,0.0000
4,4.0000,6,44,872.5783,-87.6521,-0.1766,9,0.2250,1.0000,8,6,6,0,0,6,6,0.0000
4,4.0000,6,45,718.3303,-87.2452,-0.7548,7,0.1750,1.0000,6,6,6,0,0,6,6,0.0000
4,4.0000,6,46,569.4758,-85.0602,-0.6389,5,0.1250,0.8571,7,7,6,0,0,7,6,0.1429
4,4.0000,7,0,112.3579,-69.4455,-0.9728,38,0.9500,0.0000,4,5,1,0,0,5,1,0.8000
4,4.0000,7,2,725.5329,-85.8086,-1.3401,4,0.1000,1.0000,8,6,6,0,0,6,6,0.0000
4,4.0000,7,3,316.1878,-81.4190,1.5189,15,0.3750,0.0000,3,5,1,0,0,5,1,0.8000
4,4.0000,7,4,588.6993,-86.3623,0.5836,7,0.1750,1.0000,8,7,6,0,0,7,6,0.1429
4,4.0000,7,5,931.4356,-88.0063,-0.1652,5,0.1250,0.8750,8,8,8,0,0,8,8,0.0000
4,4.0000,7,6,654.4770,-86.2945,0.3821,6,0.1500,0.6667,6,8,8,0,0,8,8,0.0000
4,4.0000,7,9,813.6181,-87.5911,-0.9493,3,0.0750,0.8571,7,8,8,0,0,8,8,0.0000
4,4.0000,7,11,362.0670,-79.5493,0.2975,18,0.4500,0.7143,7,6,4,0,0,6,4,0.3333
4,4.0000,7,14,630.0265,-85.2923,-0.0454,14,0.3500,0.8571,7,7,6,0,0,7,6,0.1429
4,4.0000,7,15,371.4835,-82.1531,-0.1948,16,0.4000,0.4000,5,7,5,0,0,7,5,0.2857
4,4.0000,7,17,298.7895,-77.4527,-0.6658,28,0.7000,0.7143,7,6,2,0,0,6,2,0.6667
4,4.0000,7,19,929.6366,-87.2961,-1.2073,3,0.0750,1.0000,8,8,8,0,0,8,8,0.0000
4,4.0000,7,20,652.2709,-86.6162,-0.1518,8,0.2000,0.6667,6,8,8,0,0,8,8,0.0000
4,4.0000,7,21,598.1631,-84.0577,0.3987,11,0.2750,0.7500,8,8,7,0,0,8,7,0.1250
4,4.0000,7,22,678.5731,-86.2871,1.3237,6,0.1500,0.8750,8,6,6,0,0,6,6,0.0000
4,4.0000,7,23,618.4537,-85.6637,-0.9879,4,0.1000,0.8571,7,8,8,0,0,8,8,0.0000
4,4.0000,7,24,693.1816,-87.5025,0.8613,9,0.2250,1.0000,6,7,6,0,0,7,6,0.1429
4,4.0000,7,25,483.9983,-85.0246,1.3472,9,0.2250,0.8571,7,8,7,0,0,8,7,0.1250
4,4.0000,7,27,803.4532,-87.4112,0.6244,4,0.1000,1.0000,8,6,6,0,0,6,6,0.0000
4,4.0000,7,28,640.5569,-86.3387,0.8350,11,0.2750,0.6667,3,8,8,0,0,8,8,0.0000
4,4.0000,7,30,701.1046,-86.4461,0.0751,9,0.2250,0.8750,8,8,7,0,0,8,7,0.1250
4,4.0000,7,31,579.1753,-84.2001,-0.8318,7,0.1750,1.0000,8,7,6,0,0,7,6,0.1429
4,4.0000,7,32,270.4514,-80.0932,0.9239,20,0.5000,0.3333,6,6,3,0,0,6,3,0.5000
4,4.0000,7,33,595.2658,-84.7436,0.8472,10,0.2500,1.0000,8,7,6,0,0,7,6,0.1429
4,4.0000,7,34,779.8460,-86.9540,-0.0183,7,0.1750,1.0000,8,8,8,0,0,8,8,0.0000
4,4.0000,7,36,1138.6287,-89.0005,-0.1904,3,0.0750,,0,4,4,0,0,4,4,0.0000
4,4.0000,7,37,378.7143,-81.3686,0.0025,16,0.4000,0.6667,6,6,4,0,0,6,4,0.3333
4,4.0000,7,38,684.6852,-85.9171,-0.4071,6,0.1500,0.8571,7,7,6,0,0,7,6,0.1429
4,4.0000,7,39,468.6848,-83.7731,1.7492,9,0.2250,1.0000,8,7,5,0,0,7,5,0.2857
4,4.0000,7,40,903.8399,-87.0755,-0.7982,4,0.1000,1.0000,8,8,8,0,0,8,8,0.0000
4,4.0000,7,41,545.8891,-84.8778,-0.4948,10,0.2500,1.0000,8,6,4,0,0,6,4,0.3333
4,4.0000,7,42,815.0095,-86.4810,0.3790,7,0.1750,1.0000,8,8,8,0,0,8,8,0.0000
4,4.0000,7,43,907.5576,-88.2914,0.6369,5,0.1250,,0,2,2,0,0,2,2,0.0000
4,4.0000,7,44,745.8674,-86.2792,-0.3597,9,0.2250,0.8750,8,8,8,0,0,8,8,0.0000
4,4.0000,7,45,360.4225,-81.8898,1.3925,13,0.3250,0.6667,6,7,5,0,0,7,5,0.2857
4,4.0000,7,46,223.9323,-77.1833,0.5016,30,0.7500,0.0000,4,5,2,0,0,5,2,0.6000
4,4.0000,8,1,688.1149,-84.5545,0.0042,9,0.2250,1.0000,8,6,6,0,0,6,6,0.0000
4,4.0000,8,2,446.3354,-83.2320,0.6357,7,0.1750,0.7143,7,6,4,0,0,6,4,0.3333
4,4.0000,8,5,404.9003,-80.6843,-0.3070,20,0.5000,1.0000,8,8,8,0,0,8,8,0.0000
4,4.0000,8,10,583.3318,-84.7564,0.2924,16,0.4000,0.8571,7,6,4,0,0,6,4,0.3333
4,4.0000,8,12,751.3385,-86.4411,0.0846,16,0.4000,0.8750,8,7,6,0,0,7,6,0.1429
4,4.0000,8,13,811.3617,-86.7270,0.0331,12,0.3000,1.0000,8,8,8,0,0,8,8,0.0000
4,4.0000,8,16,813.4206,-86.7596,0.3391,7,0.1750,1.0000,8,6,6,0,0,6,6,0.0000
4,4.0000,8,17,821.8280,-88.5628,-0.0686,4,0.1000,1.0000,8,4,4,0,0,4,4,0.0000
4,4.0000,8,19,319.1876,-79.7952,-0.0286,26,0.6500,0.6667,6,7,5,0,0,7,5,0.2857
4,4.0000,8,20,494.6044,-82.8079,0.3034,10,0.2500,0.8571,7,8,8,0,0,8,8,0.0000
4,4.0000,8,21,673.8479,-86.0708,-0.7439,7,0.1750,1.0000,6,8,8,0,0,8,8,0.0000
4,4.0000,8,22,455.9598,-84.6173,0.4350,7,0.1750,0.8571,7,8,8,0,0,8,8,0.0000
4,4.0000,8,23,518.5093,-82.8340,0.1955,8,0.2000,0.7500,8,7,6,0,0,7,6,0.1429
4,4.0000,8,26,544.5769,-83.1347,-0.6501,17,0.4250,0.8750,8,8,8,0,0,8,8,0.0000
4,4.0000,8,27,396.6224,-82.6039,0.9825,13,0.3250,1.0000,8,8,6,0,0,8,6,0.2500
4,4.0000,8,29,675.7750,-84.7362,0.1977,10,0.2500,1.0000,8,8,8,0,0,8,8,0.0000
4,4.0000,8,31,496.2972,-83.6636,1.3379,7,0.1750,1.0000,8,8,8,0,0,8,8,0.0000
4,4.0000,8,34,505.8937,-82.6395,-0.3475,11,0.2750,1.0000,8,8,8,0,0,8,8,0.0000
4,4.0000,8,35,863.0855,-86.2263,0.3991,6,0.1500,1.0000,8,4,4,0,0,4,4,0.0000
4,4.0000,8,36,741.3516,-86.0720,-0.1817,9,0.2250,1.0000,8,8,8,0,0,8,8,0.0000
4,4.0000,8,38,632.3166,-84.3304,0.0644,9,0.2250,1.0000,8,7,6,0,0,7,6,0.1429
4,4.0000,8,40,441.8083,-82.0054,-0.7208,20,0.5000,0.8571,7,7,6,0,0,7,6,0.1429
4,4.0000,8,43,412.0295,-81.6705,-0.4416,22,0.5500,0.4000,5,6,4,0,0,6,4,0.3333
4,4.0000,8,47,555.9161,-85.5369,0.4774,14,0.3500,0.6000,5,6,4,0,0,6,4,0.3333
4,4.0000,9,0,746.2071,-86.7262,-0.8992,6,0.1500,1.0000,6,8,8,0,0,8,8,0.0000
4,4.0000,9,3,555.3047,-82.6613,0.5980,12,0.3000,0.8750,8,6,6,0,0,6,6,0.0000
4,4.0000,9,4,426.0837,-80.5131,-0.2955,23,0.5750,0.6667,6,6,4,0,0,6,4,0.3333
4,4.0000,9,6,507.3203,-83.9092,1.3615,13,0.3250,0.8750,8,8,6,0,0,8,6,0.2500
4,4.0000,9,7,813.6181,-85.6195,-0.1428,3,0.0750,1.0000,8,8,8,0,0,8,8,0.0000
4,4.0000,9,14,938.8504,-87.6233,-0.5019,8,0.2000,1.0000,6,6,5,0,0,6,5,0.1667
4,4.0000,9,15,525.8699,-84.8231,0.0368,17,0.4250,1.0000,8,7,6,0,0,7,6,0.1429
4,4.0000,9,17,872.9834,-88.9266,0.4549,3,0.0750,1.0000,8,4,4,0,0,4,4,0.0000
4,4.0000,9,18,628.2122,-84.5412,-0.1409,22,0.5500,1.0000,8,7,5,0,0,7,5,0.2857
4,4.0000,9,20,924.2773,-89.4106,0.2518,3,0.0750,1.0000,8,8,8,0,0,8,8,0.0000
4,4.0000,9,22,881.9903,-88.9471,-0.9356,4,0.1000,1.0000,8,8,8,0,0,8,8,0.0000
4,4.0000,9,24,842.4206,-87.1235,0.2149,10,0.2500,0.8333,6,6,6,0,0,6,6,0.0000
4,4.0000,9,25,731.3268,-87.0675,0.5811,6,0.1500,1.0000,6,6,6,0,0,6,6,0.0000
4,4.0000,9,28,798.6687,-86.8883,-0.5738,9,0.2250,1.0000,4,8,8,0,0,8,8,0.0000
4,4.0000,9,30,384.7112,-79.4336,-0.9286,26,0.6500,0.6667,6,7,6,0,0,7,6,0.1429
4,4.0000,9,32,626.1044,-85.3830,1.2100,10,0.2500,1.0000,8,7,6,0,0,7,6,0.1429
4,4.0000,9,33,254.4798,-77.0882,0.3309,23,0.5750,0.3333,6,6,3,0,0,6,3,0.5000
4,4.0000,9,37,495.9866,-84.5767,0.1938,12,0.3000,0.8571,7,8,7,0,0,8,7,0.1250
4,4.0000,9,39,363.6027,-79.2500,-0.3447,22,0.5500,0.5714,7,7,6,0,0,7,6,0.1429
4,4.0000,9,41,351.5499,-81.4758,0.5506,18,0.4500,0.8571,7,8,7,0,0,8,7,0.1250
4,4.0000,9,42,440.9939,-80.5574,-1.3933,25,0.6250,0.6667,6,7,6,0,0,7,6,0.1429
4,4.0000,9,44,647.4131,-84.8855,0.3027,13,0.3250,0.8000,5,7,6,0,0,7,6,0.1429
4,4.0000,9,45,622.9233,-84.8160,0.0960,16,0.4000,0.6667,6,8,8,0,0,8,8,0.0000
4,4.0000,10,1,430.0746,-82.7358,-0.7126,23,0.5897,0.8750,8,8,8,0,0,8,8,0.0000
4,4.0000,10,5,575.1528,-86.4798,0.6278,5,0.1282,1.0000,8,8,8,0,0,8,8,0.0000
4,4.0000,10,8,583.3318,-83.3236,-0.6740,7,0.1795,1.0000,6,8,7,0,0,8,7,0.1250
4,4.0000,10,12,501.9191,-83.4055,0.3611,22,0.5641,1.0000,8,6,3,0,0,6,3,0.5000
4,4.0000,10,13,517.4925,-83.4462,0.0910,23,0.5897,0.6667,6,6,4,0,0,6,4,0.3333
4,4.0000,10,16,487.9021,-84.1212,0.4333,23,0.5897,0.6667,6,7,5,0,0,7,5,0.2857
4,4.0000,10,19,496.6705,-85.6637,-0.2877,6,0.1538,0.8571,7,7,6,0,0,7,6,0.1429
4,4.0000,10,26,257.4946,-75.8936,-1.1136,32,0.8205,0.2000,5,4,2,0,0,4,2,0.5000
4,4.0000,10,29,144.0380,-70.0955,-1.5080,37,0.9487,0.0000,4,6,2,0,0,6,2,0.6667
4,4.0000,10,34,740.3643,-87.2268,1.2118,4,0.1026,1.0000,8,8,8,0,0,8,8,0.0000
4,4.0000,10,35,480.1353,-82.2324,-0.1607,26,0.6667,0.6667,6,7,5,0,0,7,5,0.2857
4,4.0000,10,36,569.4793,-84.6768,0.4189,17,0.4359,0.8571,7,7,6,0,0,7,6,0.1429
4,4.0000,10,38,866.5701,-88.6281,-0.7995,3,0.0769,1.0000,8,8,8,0,0,8,8,0.0000
4,4.0000,10,40,768.6355,-87.5604,0.2395,3,0.0769,1.0000,6,8,8,0,0,8,8,0.0000
4,4.0000,10,43,754.0075,-87.0379,0.8614,5,0.1282,1.0000,8,8,7,0,0,8,7,0.1250
4,4.0000,10,47,129.0149,-71.1481,-0.0532,36,0.9231,0.0000,4,4,0,0,0,4,0,1.0000
4,4.0000,11,0,326.9651,-79.6914,-0.0738,27,0.6750,0.7143,7,8,5,0,0,8,5,0.3750
4,4.0000,11,1,1017.6541,-88.3616,-0.4396,3,0.0750,1.0000,6,4,4,0,0,4,4,0.0000
4,4.0000,11,2,516.4140,-84.3583,-0.3848,18,0.4500,1.0000,8,8,7,0,0,8,7,0.1250
4,4.0000,11,3,588.7781,-85.0126,-0.0726,14,0.3500,0.8571,7,8,7,0,0,8,7,0.1250
4,4.0000,11,4,841.8959,-87.7877,0.3775,7,0.1750,1.0000,8,8,8,0,0,8,8,0.0000
4,4.0000,11,5,656.9972,-86.2737,-0.2650,13,0.3250,1.0000,8,6,4,0,0,6,4,0.3333
4,4.0000,11,6,554.2781,-83.8119,0.1514,19,0.4750,0.5000,6,8,8,0,0,8,8,0.0000
4,4.0000,11,7,362.0670,-80.5717,0.3279,25,0.6250,0.7143,7,7,5,0,0,7,5,0.2857
4,4.0000,11,8,769.9874,-87.6440,-0.1167,13,0.3250,1.0000,2,6,6,0,0,6,6,0.0000
4,4.0000,11,9,906.2465,-87.7310,-0.7704,6,0.1500,1.0000,4,6,6,0,0,6,6,0.0000
4,4.0000,11,13,1064.7393,-88.6158,0.5594,7,0.1750,,0,4,4,0,0,4,4,0.0000
4,4.0000,11,15,604.6060,-85.6202,0.1222,15,0.3750,0.6667,6,8,7,0,0,8,7,0.1250
4,4.0000,11,17,349.7470,-80.0603,0.2032,23,0.5750,0.5000,6,8,5,0,0,8,5,0.3750
4,4.0000,11,19,594.8565,-86.2870,0.4448,18,0.4500,0.8750,8,8,7,0,0,8,7,0.1250
4,4.0000,11,20,341.2062,-81.7978,1.0055,22,0.5500,0.6667,6,6,4,0,0,6,4,0.3333
4,4.0000,11,21,526.0974,-83.5489,-0.1883,22,0.5500,1.0000,8,7,6,0,0,7,6,0.1429
4,4.0000,11,22,447.5028,-84.1120,0.6412,18,0.4500,0.8571,7,8,8,0,0,8,8,0.0000
4,4.0000,11,23,459.8400,-83.9285,-0.2828,20,0.5000,0.7143,7,8,7,0,0,8,7,0.1250
4,4.0000,11,24,1033.2822,-87.9680,-0.2491,7,0.1750,1.0000,8,4,4,0,0,4,4,0.0000
4,4.0000,11,25,249.0182,-78.9274,0.7514,25,0.6250,0.5000,6,5,1,0,0,5,1,0.8000
4,4.0000,11,26,932.4764,-88.7734,-0.5599,5,0.1250,1.0000,4,4,4,0,0,4,4,0.0000
4,4.0000,11,27,547.1095,-84.1628,0.7043,18,0.4500,0.8571,7,8,7,0,0,8,7,0.1250
4,4.0000,11,28,981.5424,-88.1091,0.3758,6,0.1500,1.0000,4,6,6,0,0,6,6,0.0000
4,4.0000,11,29,1089.2856,-88.4894,-0.0740,4,0.1000,1.0000,4,6,6,0,0,6,6,0.0000
4,4.0000,11,30,931.8325,-87.7516,-0.1824,5,0.1250,1.0000,8,4,4,0,0,4,4,0.0000
4,4.0000,11,31,287.5589,-79.2448,0.1862,27,0.6750,0.2000,5,5,2,0,0,5,2,0.6000
4,4.0000,11,32,505.6322,-85.2747,0.5152,15,0.3750,0.8571,7,7,6,0,0,7,6,0.1429
4,4.0000,11,33,746.3939,-86.9624,-0.1874,11,0.2750,1.0000,8,2,2,0,0,2,2,0.0000
4,4.0000,11,34,542.5650,-83.1042,0.0712,17,0.4250,1.0000,8,6,4,0,0,6,4,0.3333
4,4.0000,11,36,871.5576,-87.5879,-0.0783,14,0.3500,1.0000,6,6,6,0,0,6,6,0.0000
4,4.0000,11,37,441.8666,-81.4265,-0.5407,21,0.5250,0.5000,6,6,4,0,0,6,4,0.3333
4,4.0000,11,38,493.8975,-83.8096,-0.3275,18,0.4500,0.5714,7,8,7,0,0,8,7,0.1250
4,4.0000,11,39,552.9501,-84.3682,0.0002,17,0.4250,1.0000,4,8,7,0,0,8,7,0.1250
4,4.0000,11,40,702.6309,-86.3054,0.7802,16,0.4000,1.0000,8,6,6,0,0,6,6,0.0000
4,4.0000,11,41,565.7817,-84.4860,-0.4688,19,0.4750,0.7143,7,7,6,0,0,7,6,0.1429
4,4.0000,11,42,1059.5792,-88.4717,-0.0948,6,0.1500,1.0000,6,8,8,0,0,8,8,0.0000
4,4.0000,11,43,699.4177,-87.1327,0.2789,10,0.2500,1.0000,8,7,6,0,0,7,6,0.1429
4,4.0000,11,44,1030.0029,-88.2975,0.4855,6,0.1500,1.0000,8,6,6,0,0,6,6,0.0000
4,4.0000,11,45,657.9693,-86.9218,0.5319,10,0.2500,1.0000,6,8,8,0,0,8,8,0.0000
4,4.0000,11,46,150.1111,-70.6396,-0.8164,35,0.8750,0.2000,5,5,1,0,0,5,1,0.8000
4,4.0000,12,1,927.6660,-87.1412,0.2252,3,0.0750,1.0000,4,8,8,0,0,8,8,0.0000
4,4.0000,12,8,751.3385,-86.7871,0.0543,6,0.1500,1.0000,8,10,10,0,0,10,10,0.0000
4,4.0000,12,10,501.9191,-83.5985,0.1131,16,0.4000,1.0000,8,5,4,0,0,5,4,0.2000
4,4.0000,12,13,1019.2001,-88.4239,-1.1200,4,0.1000,1.0000,6,8,8,0,0,8,8,0.0000
4,4.0000,12,16,127.3617,-70.3666,-0.3649,35,0.8750,0.0000,3,6,1,0,0,6,1,0.8333
4,4.0000,12,19,786.9012,-86.9343,0.8388,5,0.1250,1.0000,8,8,8,0,0,8,8,0.0000
4,4.0000,12,20,1030.2169,-88.1970,-0.0743,6,0.1500,1.0000,6,6,6,0,0,6,6,0.0000
4,4.0000,12,22,1085.3514,-88.2855,-0.8506,4,0.1000,1.0000,8,6,6,0,0,6,6,0.0000
4,4.0000,12,26,743.2386,-85.8640,0.8424,6,0.1500,1.0000,6,8,8,0,0,8,8,0.0000
4,4.0000,12,29,626.3569,-84.1377,-0.1661,8,0.2000,1.0000,8,8,8,0,0,8,8,0.0000
4,4.0000,12,35,958.0663,-87.5197,-2.1873,3,0.0750,1.0000,6,7,6,0,0,7,6,0.1429
4,4.0000,12,36,1056.9707,-88.7258,0.1438,6,0.1500,1.0000,8,7,6,0,0,7,6,0.1429
4,4.0000,12,47,532.8885,-83.6404,0.1846,13,0.3250,0.8333,6,7,6,0,0,7,6,0.1429
4,4.0000,13,1,132.9592,-71.6487,-0.0133,35,0.8750,0.2000,5,4,0,0,0,4,0,1.0000
4,4.0000,13,5,511.0283,-84.2935,0.6686,9,0.2250,0.6667,6,6,4,0,0,6,4,0.3333
4,4.0000,13,8,811.3617,-84.6342,-0.8567,4,0.1000,0.8571,7,8,8,0,0,8,8,0.0000
4,4.0000,13,10,517.4925,-83.2583,-0.8851,24,0.6000,0.6667,6,6,3,0,0,6,3,0.5000
4,4.0000,13,12,1019.2001,-86.7961,-0.4366,5,0.1250,1.0000,8,8,8,0,0,8,8,0.0000
4,4.0000,13,19,640.7374,-84.9732,-0.1005,8,0.2000,1.0000,8,8,7,0,0,8,7,0.1250
4,4.0000,13,26,311.9818,-79.3662,-0.2276,23,0.5750,0.2000,5,6,4,0,0,6,4,0.3333
4,4.0000,13,29,403.6770,-80.3739,-0.4578,23,0.5750,0.6667,6,7,5,0,0,7,5,0.2857
4,4.0000,13,34,615.8321,-85.7636,0.3862,4,0.1000,1.0000,8,8,8,0,0,8,8,0.0000
4,4.0000,13,35,204.4133,-74.7460,-0.0205,35,0.8750,0.0000,4,4,0,0,0,4,0,1.0000
4,4.0000,13,36,205.2651,-76.7543,0.7993,28,0.7000,0.5714,7,6,2,0,0,6,2,0.6667
4,4.0000,13,38,690.3795,-85.8308,-2.2977,4,0.1000,1.0000,8,8,8,0,0,8,8,0.0000
4,4.0000,13,40,678.5115,-85.2468,1.0567,5,0.1250,0.7143,7,8,8,0,0,8,8,0.0000
4,4.0000,13,43,685.3104,-84.5026,0.1418,4,0.1000,0.8750,8,7,6,0,0,7,6,0.1429
4,4.0000,13,47,517.4414,-84.9590,0.2362,17,0.4250,0.8571,7,6,4,0,0,6,4,0.3333
4,4.0000,14,0,695.0765,-86.1750,-0.7601,7,0.1750,1.0000,8,7,6,0,0,7,6,0.1429
4,4.0000,14,3,502.0907,-85.1639,0.8624,8,0.2000,0.8571,7,8,8,0,0,8,8,0.0000
4,4.0000,14,4,544.4054,-84.7436,-0.1241,13,0.3250,0.8571,7,5,2,0,0,5,2,0.6000
4,4.0000,14,7,630.0265,-84.4006,1.0984,5,0.1250,1.0000,8,7,6,0,0,7,6,0.1429
4,4.0000,14,9,938.8504,-87.2416,-0.6386,4,0.1000,1.0000,8,8,8,0,0,8,8,0.0000
4,4.0000,14,15,520.7856,-83.6205,1.5331,9,0.2250,1.0000,8,8,8,0,0,8,8,0.0000
4,4.0000,14,18,1008.7881,-87.3522,-1.0074,7,0.1750,1.0000,6,8,8,0,0,8,8,0.0000
4,4.0000,14,24,160.5010,-71.9244,-0.7253,35,0.8750,0.3333,6,4,0,0,0,4,0,1.0000
4,4.0000,14,25,1044.0668,-87.2840,-0.6565,3,0.0750,1.0000,8,6,6,0,0,6,6,0.0000
4,4.0000,14,28,175.0420,-75.4738,0.4684,34,0.8500,0.0000,4,5,1,0,0,5,1,0.8000
4,4.0000,14,30,585.8137,-84.6671,-0.3890,12,0.3000,0.7143,7,8,8,0,0,8,8,0.0000
4,4.0000,14,32,641.4800,-85.5294,0.8912,7,0.1750,1.0000,8,8,8,0,0,8,8,0.0000
4,4.0000,14,33,756.3002,-85.5222,-0.9473,6,0.1500,1.0000,8,8,8,0,0,8,8,0.0000
4,4.0000,14,37,760.2776,-85.7217,-0.5940,5,0.1250,1.0000,8,7,6,0,0,7,6,0.1429
4,4.0000,14,39,789.8047,-87.1784,-0.3261,5,0.1250,1.0000,8,8,8,0,0,8,8,0.0000
4,4.0000,14,42,622.7108,-85.5725,-0.5317,9,0.2250,0.8571,7,8,7,0,0,8,7,0.1250
4,4.0000,14,44,402.6265,-81.2278,-0.6196,21,0.5250,1.0000,8,6,4,0,0,6,4,0.3333
4,4.0000,14,45,505.2775,-83.4547,-0.0581,17,0.4250,0.8750,8,8,8,0,0,8,8,0.0000
4,4.0000,15,0,368.7816,-80.6431,0.6473,17,0.4250,0.5714,7,8,8,0,0,8,8,0.0000
4,4.0000,15,3,125.8452,-70.6307,-0.2556,35,0.8750,0.2000,5,4,0,0,0,4,0,1.0000
4,4.0000,15,4,312.5966,-80.8305,0.4285,23,0.5750,0.8750,8,5,2,0,0,5,2,0.6000
4,4.0000,15,6,527.1163,-83.6054,-1.1901,12,0.3000,0.7143,7,8,8,0,0,8,8,0.0000
4,4.0000,15,7,371.4835,-81.2572,0.2731,16,0.4000,0.8571,7,6,4,0,0,6,4,0.3333
4,4.0000,15,9,525.8699,-83.7216,-0.4193,22,0.5500,0.6667,6,8,8,0,0,8,8,0.0000
4,4.0000,15,11,604.6060,-84.4232,0.3271,10,0.2500,0.8571,7,8,8,0,0,8,8,0.0000
4,4.0000,15,14,520.7856,-83.9011,0.7888,20,0.5000,0.4000,5,8,7,0,0,8,7,0.1250
4,4.0000,15,17,583.0566,-84.1710,-1.2535,11,0.2750,1.0000,8,7,6,0,0,7,6,0.1429
4,4.0000,15,18,837.9773,-87.5453,0.1585,10,0.2500,1.0000,8,8,8,0,0,8,8,0.0000
4,4.0000,15,20,814.2221,-88.9895,0.4607,3,0.0750,0.8333,6,8,8,0,0,8,8,0.0000
4,4.0000,15,21,917.3313,-86.0400,-0.5478,3,0.0750,1.0000,6,8,8,0,0,8,8,0.0000
4,4.0000,15,22,829.6409,-88.8388,0.0427,3,0.0750,0.8333,6,8,7,0,0,8,7,0.1250
4,4.0000,15,23,799.3170,-87.6684,-0.5645,3,0.0750,0.8750,8,8,8,0,0,8,8,0.0000
4,4.0000,15,24,503.5310,-85.3021,-0.1433,18,0.4500,0.7500,8,7,6,0,0,7,6,0.1429
4,4.0000,15,25,574.3890,-81.9174,-0.3362,9,0.2250,1.0000,8,8,8,0,0,8,8,0.0000
4,4.0000,15,28,456.8754,-84.2325,0.9674,25,0.6250,0.7143,7,7,5,0,0,7,5,0.2857
4,4.0000,15,30,354.1169,-79.9322,-0.4122,22,0.5500,0.5000,6,6,3,0,0,6,3,0.5000
4,4.0000,15,31,790.7517,-87.2273,0.8603,4,0.1000,0.6667,6,6,6,0,0,6,6,0.0000
4,4.0000,15,32,326.3162,-80.0442,-0.4018,23,0.5750,0.5000,6,7,6,0,0,7,6,0.1429
4,4.0000,15,33,352.1095,-81.1190,-0.7001,23,0.5750,0.4000,5,7,4,0,0,7,4,0.4286
4,4.0000,15,37,249.4567,-76.5611,-0.8697,26,0.6500,0.2000,5,5,2,0,0,5,2,0.6000
4,4.0000,15,38,1026.6004,-89.0044,0.0539,4,0.1000,1.0000,8,4,4,0,0,4,4,0.0000
4,4.0000,15,39,295.5106,-78.3722,0.0738,23,0.5750,0.8750,8,7,6,0,0,7,6,0.1429
4,4.0000,15,41,403.2381,-82.2999,-0.1169,17,0.4250,0.6667,6,6,4,0,0,6,4,0.3333
4,4.0000,15,42,485.9370,-83.5896,-0.4157,22,0.5500,0.8333,6,10,10,0,0,10,10,0.0000
4,4.0000,15,44,430.0362,-82.3491,0.2025,25,0.6250,0.7500,8,7,6,0,0,7,6,0.1429
4,4.0000,15,45,304.6090,-80.5066,-0.8361,25,0.6250,0.7143,7,5,2,0,0,5,2,0.6000
4,4.0000,15,46,499.5853,-84.1385,-0.2081,9,0.2250,0.6667,6,8,6,0,0,8,6,0.2500
4,4.0000,16,8,813.4206,-86.7764,-0.8428,6,0.1500,1.0000,8,8,8,0,0,8,8,0.0000
4,4.0000,16,10,487.9021,-83.8057,-1.0289,16,0.4000,0.7143,7,6,4,0,0,6,4,0.3333
4,4.0000,16,12,127.3617,-70.5836,-0.2536,36,0.9000,0.0000,4,4,0,0,0,4,0,1.0000
4,4.0000,16,13,994.3857,-88.5338,-0.4671,3,0.0750,1.0000,6,4,4,0,0,4,4,0.0000
4,4.0000,16,19,845.5281,-89.0016,-0.0042,3,0.0750,1.0000,8,8,8,0,0,8,8,0.0000
4,4.0000,16,26,740.8067,-86.3701,0.9895,6,0.1500,1.0000,8,6,6,0,0,6,6,0.0000
4,4.0000,16,29,601.0140,-85.4067,-0.5771,14,0.3500,0.8571,7,8,8,0,0,8,8,0.0000
4,4.0000,16,47,507.4214,-84.4603,0.3438,13,0.3250,0.7500,8,8,6,0,0,8,6,0.2500
4,4.0000,17,0,229.5719,-75.8407,-0.7916,34,0.8500,0.4000,5,7,5,0,0,7,5,0.2857
4,4.0000,17,2,506.1264,-83.9264,0.0609,15,0.3750,0.8750,8,6,4,0,0,6,4,0.3333
4,4.0000,17,3,497.9056,-83.4955,-0.8957,19,0.4750,0.6667,6,7,6,0,0,7,6,0.1429
4,4.0000,17,4,710.2142,-86.6223,0.3919,12,0.3000,1.0000,8,6,6,0,0,6,6,0.0000
4,4.0000,17,5,726.8141,-85.4087,-0.1961,9,0.2250,0.8571,7,8,8,0,0,8,8,0.0000
4,4.0000,17,6,714.8877,-86.7511,-0.9766,10,0.2500,0.7778,9,7,7,0,0,7,7,0.0000
4,4.0000,17,7,298.7895,-78.6345,-0.7237,29,0.7250,0.4000,5,8,7,0,0,8,7,0.1250
4,4.0000,17,9,872.9834,-87.8441,0.0828,6,0.1500,1.0000,6,6,6,0,0,6,6,0.0000
4,4.0000,17,11,349.7470,-81.2237,0.0685,22,0.5500,0.7143,7,7,6,0,0,7,6,0.1429
4,4.0000,17,14,864.8253,-87.9840,-0.0536,11,0.2750,1.0000,4,4,4,0,0,4,4,0.0000
4,4.0000,17,15,583.0566,-83.5147,0.1869,17,0.4250,0.6000,5,6,4,0,0,6,4,0.3333
4,4.0000,17,19,756.7966,-85.4421,1.4441,5,0.1250,1.0000,8,6,6,0,0,6,6,0.0000
4,4.0000,17,20,513.7088,-84.4979,-0.1972,15,0.3750,1.0000,6,6,4,0,0,6,4,0.3333
4,4.0000,17,21,335.3394,-79.1330,-0.0081,31,0.7750,0.2000,5,7,6,0,0,7,6,0.1429
4,4.0000,17,22,474.6732,-84.1285,1.3943,17,0.4250,0.8571,7,5,2,0,0,5,2,0.6000
4,4.0000,17,23,367.7366,-81.9152,0.1925,18,0.4500,0.5000,6,6,2,0,0,6,2,0.6667
4,4.0000,17,25,460.2371,-83.4142,1.0128,19,0.4750,0.8571,7,8,8,0,0,8,8,0.0000
4,4.0000,17,27,610.2447,-85.0336,1.6091,10,0.2500,1.0000,8,8,7,0,0,8,7,0.1250
4,4.0000,17,28,848.0140,-87.6373,0.9170,6,0.1500,1.0000,6,4,4,0,0,4,4,0.0000
4,4.0000,17,30,857.3345,-86.6349,-0.0928,9,0.2250,0.8571,7,4,4,0,0,4,4,0.0000
4,4.0000,17,31,406.0950,-82.0696,0.5291,18,0.4500,1.0000,8,6,4,0,0,6,4,0.3333
4,4.0000,17,32,312.3457,-79.9669,0.0136,26,0.6500,0.8571,7,6,3,0,0,6,3,0.5000
4,4.0000,17,33,651.9156,-84.4014,-0.4461,13,0.3250,0.6667,6,2,2,0,0,2,2,0.0000
4,4.0000,17,34,579.6747,-85.0868,0.7425,9,0.2250,1.0000,8,8,8,0,0,8,8,0.0000
4,4.0000,17,37,504.6742,-83.9681,0.4117,21,0.5250,1.0000,8,8,8,0,0,8,8,0.0000
4,4.0000,17,38,506.7530,-85.3398,0.1593,14,0.3500,1.0000,8,8,8,0,0,8,8,0.0000
4,4.0000,17,39,530.1119,-84.7625,0.2568,14,0.3500,1.0000,8,8,8,0,0,8,8,0.0000
4,4.0000,17,40,649.7071,-85.3890,-0.0862,10,0.2500,1.0000,6,8,7,0,0,8,7,0.1250
4,4.0000,17,41,563.1746,-84.2224,0.4444,14,0.3500,1.0000,8,6,4,0,0,6,4,0.3333
4,4.0000,17,42,955.4386,-88.5756,0.5079,6,0.1500,1.0000,4,4,4,0,0,4,4,0.0000
4,4.0000,17,43,651.3963,-86.5971,0.4684,10,0.2500,0.8571,7,7,6,0,0,7,6,0.1429
4,4.0000,17,44,963.6511,-88.1056,-0.1922,8,0.2000,1.0000,6,6,6,0,0,6,6,0.0000
4,4.0000,17,45,461.9937,-83.4016,0.3576,17,0.4250,0.8750,8,8,7,0,0,8,7,0.1250
4,4.0000,17,46,238.5874,-77.0528,0.1675,31,0.7750,0.0000,4,7,4,0,0,7,4,0.4286
4,4.0000,18,3,913.3830,-88.0512,0.2932,3,0.0750,1.0000,8,8,8,0,0,8,8,0.0000
4,4.0000,18,4,732.0060,-86.4294,-0.3268,9,0.2250,1.0000,8,8,7,0,0,8,7,0.1250
4,4.0000,18,9,628.2122,-84.2279,0.2775,16,0.4000,1.0000,8,8,8,0,0,8,8,0.0000
4,4.0000,18,14,1008.7881,-87.6814,-0.0439,3,0.0750,1.0000,8,8,8,0,0,8,8,0.0000
4,4.0000,18,15,837.9773,-87.2005,-0.6380,5,0.1250,1.0000,8,8,8,0,0,8,8,0.0000
4,4.0000,18,28,879.9697,-86.7516,0.3309,5,0.1250,0.8571,7,8,8,0,0,8,8,0.0000
4,4.0000,18,30,552.2230,-84.1095,0.2858,12,0.3000,0.8750,8,8,7,0,0,8,7,0.1250
4,4.0000,18,33,771.2721,-85.9367,-0.3853,6,0.1500,0.8571,7,8,8,0,0,8,8,0.0000
4,4.0000,18,41,920.8959,-86.7006,-1.6834,3,0.0750,1.0000,8,8,8,0,0,8,8,0.0000
4,4.0000,18,42,521.7506,-83.6846,0.1055,17,0.4250,0.8571,7,8,8,0,0,8,8,0.0000
4,4.0000,18,44,607.2226,-84.2021,-0.4192,12,0.3000,1.0000,8,8,7,0,0,8,7,0.1250
4,4.0000,19,1,547.7627,-82.6771,-0.4144,21,0.5250,0.5000,6,7,6,0,0,7,6,0.1429
4,4.0000,19,2,525.4740,-85.2801,1.9287,8,0.2000,0.8571,7,7,5,0,0,7,5,0.2857
4,4.0000,19,5,266.5485,-75.4349,-0.7954,30,0.7500,0.0000,4,5,2,0,0,5,2,0.6000
4,4.0000,19,6,930.7085,-88.6280,1.0208,3,0.0750,1.0000,4,8,8,0,0,8,8,0.0000
4,4.0000,19,7,929.6366,-88.4490,0.3718,4,0.1000,1.0000,8,6,6,0,0,6,6,0.0000
4,4.0000,19,8,319.1876,-79.4951,0.1588,28,0.7000,0.5714,7,7,3,0,0,7,3,0.5714
4,4.0000,19,10,496.6705,-84.0287,0.7523,21,0.5250,1.0000,8,8,6,0,0,8,6,0.2500
4,4.0000,19,11,594.8565,-86.0494,0.5848,8,0.2000,0.8571,7,7,6,0,0,7,6,0.1429
4,4.0000,19,12,786.9012,-86.1986,0.1736,11,0.2750,1.0000,8,8,8,0,0,8,8,0.0000
4,4.0000,19,13,640.7374,-84.8813,-0.4420,22,0.5500,0.5714,7,6,4,0,0,6,4,0.3333
4,4.0000,19,16,845.5281,-87.8846,-0.0737,7,0.1750,0.8750,8,6,6,0,0,6,6,0.0000
4,4.0000,19,17,756.7966,-86.6935,0.0644,5,0.1250,0.8571,7,8,8,0,0,8,8,0.0000
4,4.0000,19,20,401.2868,-83.2872,1.3025,10,0.2500,0.7143,7,7,4,0,0,7,4,0.4286
4,4.0000,19,21,639.7704,-86.4599,0.8384,6,0.1500,0.7143,7,6,4,0,0,6,4,0.3333
4,4.0000,19,22,486.9483,-83.0699,-0.4722,11,0.2750,0.6667,6,6,6,0,0,6,6,0.0000
4,4.0000,19,23,566.3454,-83.8668,-0.0894,8,0.2000,1.0000,8,8,8,0,0,8,8,0.0000
4,4.0000,19,25,636.7897,-85.8488,0.3318,6,0.1500,1.0000,8,7,6,0,0,7,6,0.1429
4,4.0000,19,26,393.7953,-81.0198,0.5500,26,0.6500,0.8750,8,7,4,0,0,7,4,0.4286
4,4.0000,19,27,467.6612,-84.7470,-0.2459,9,0.2250,1.0000,8,8,6,0,0,8,6,0.2500
4,4.0000,19,29,539.4359,-84.9430,0.1693,17,0.4250,0.8000,5,7,6,0,0,7,6,0.1429
4,4.0000,19,31,401.5980,-81.3812,0.5737,8,0.2000,0.7143,7,7,5,0,0,7,5,0.2857
4,4.0000,19,34,359.7490,-80.2320,-0.7871,17,0.4250,0.6667,6,5,2,0,0,5,2,0.6000
4,4.0000,19,35,745.9725,-86.2277,-0.7100,12,0.3000,1.0000,4,8,8,0,0,8,8,0.0000
4,4.0000,19,36,522.8684,-81.2985,-1.0581,23,0.5750,0.5714,7,7,6,0,0,7,6,0.1429
4,4.0000,19,38,474.6268,-81.1319,-0.6724,20,0.5000,0.7143,7,8,8,0,0,8,8,0.0000
4,4.0000,19,40,451.5141,-83.2490,-0.1429,12,0.3000,1.0000,8,7,6,0,0,7,6,0.1429
4,4.0000,19,43,433.4807,-81.5465,-0.4773,20,0.5000,0.0000,4,7,5,0,0,7,5,0.2857
4,4.0000,19,46,711.3558,-85.6430,-1.4151,3,0.0750,1.0000,8,7,6,0,0,7,6,0.1429
4,4.0000,19,47,529.8532,-85.3177,-0.0640,19,0.4750,0.5000,4,8,8,0,0,8,8,0.0000
4,4.0000,20,0,573.4685,-85.2667,1.0408,8,0.2000,0.7143,7,8,8,0,0,8,8,0.0000
4,4.0000,20,1,931.2031,-87.8255,-0.0605,5,0.1250,1.0000,6,4,4,0,0,4,4,0.0000
4,4.0000,20,2,267.7839,-78.2529,0.6269,30,0.7500,0.5000,6,5,1,0,0,5,1,0.8000
4,4.0000,20,3,796.9458,-88.1077,0.3763,7,0.1750,1.0000,8,6,6,0,0,6,6,0.0000
4,4.0000,20,4,989.2929,-88.3016,-0.5711,5,0.1250,1.0000,2,6,6,0,0,6,6,0.0000
4,4.0000,20,5,559.1846,-84.2138,-0.2735,22,0.5500,0.8571,7,8,8,0,0,8,8,0.0000
4,4.0000,20,6,548.6705,-82.3585,-0.7124,16,0.4000,0.6667,6,8,8,0,0,8,8,0.0000
4,4.0000,20,7,652.2709,-87.4807,0.4421,5,0.1250,0.8571,7,7,6,0,0,7,6,0.1429
4,4.0000,20,8,494.6044,-83.6425,0.6287,16,0.4000,0.8750,8,7,4,0,0,7,4,0.4286
4,4.0000,20,9,924.2773,-88.1527,-0.4245,3,0.0750,1.0000,2,8,8,0,0,8,8,0.0000
4,4.0000,20,11,341.2062,-81.9634,0.5994,14,0.3500,1.0000,8,7,5,0,0,7,5,0.2857
4,4.0000,20,13,1012.9109,-87.8819,-3.3446,3,0.0750,1.0000,8,6,6,0,0,6,6,0.0000
4,4.0000,20,15,814.2221,-87.7054,-0.0149,8,0.2000,0.0000,2,8,8,0,0,8,8,0.0000
4,4.0000,20,16,1121.9650,-88.2654,-0.5763,5,0.1250,1.0000,4,4,4,0,0,4,4,0.0000
4,4.0000,20,17,513.7088,-85.8428,0.7595,9,0.2250,0.8571,7,6,4,0,0,6,4,0.3333
4,4.0000,20,19,401.2868,-82.6450,0.8897,19,0.4750,1.0000,8,6,3,0,0,6,3,0.5000
4,4.0000,20,21,585.6936,-85.2191,-0.7531,13,0.3250,1.0000,8,8,8,0,0,8,8,0.0000
4,4.0000,20,22,196.3535,-75.4137,0.2149,33,0.8250,0.0000,4,5,2,0,0,5,2,0.6000
4,4.0000,20,23,320.6262,-80.2363,0.3768,22,0.5500,0.2000,5,8,8,0,0,8,8,0.0000
4,4.0000,20,25,260.4199,-79.3144,0.4978,21,0.5250,1.0000,8,4,0,0,0,4,0,1.0000
4,4.0000,20,26,793.8958,-87.7920,-0.5310,10,0.2500,,0,4,4,0,0,4,4,0.0000
4,4.0000,20,27,230.7864,-75.8676,-0.4611,36,0.9000,0.3333,6,6,3,1,0,7,3,0.5714
4,4.0000,20,29,930.2878,-88.2013,0.0406,5,0.1250,,0,6,6,0,0,6,6,0.0000
4,4.0000,20,30,1076.6971,-88.0401,-0.7879,3,0.0750,1.0000,6,2,2,0,0,2,2,0.0000
4,4.0000,20,31,131.6362,-75.0398,0.9552,30,0.7500,0.2500,4,5,1,0,0,5,1,0.8000
4,4.0000,20,32,679.7380,-86.5764,-0.0370,6,0.1500,0.8750,8,8,8,0,0,8,8,0.0000
4,4.0000,20,33,819.7036,-87.1487,-0.1343,4,0.1000,1.0000,8,4,4,0,0,4,4,0.0000
4,4.0000,20,34,524.9989,-84.9925,-0.4498,13,0.3250,0.8571,7,7,6,0,0,7,6,0.1429
4,4.0000,20,36,856.6166,-87.2714,0.5508,6,0.1500,1.0000,2,6,6,0,0,6,6,0.0000
4,4.0000,20,37,588.6771,-84.9622,-0.1389,12,0.3000,1.0000,8,7,6,0,0,7,6,0.1429
4,4.0000,20,38,563.7665,-86.0653,0.2604,14,0.3500,0.8571,7,5,2,0,0,5,2,0.6000
4,4.0000,20,39,634.4642,-86.1032,-0.4967,10,0.2500,1.0000,8,8,8,0,0,8,8,0.0000
4,4.0000,20,40,619.3361,-85.8289,-0.2804,14,0.3500,0.8750,8,7,5,0,0,7,5,0.2857
4,4.0000,20,41,585.1787,-84.2378,0.6237,14,0.3500,1.0000,8,8,8,0,0,8,8,0.0000
4,4.0000,20,43,601.8142,-86.4939,-0.0049,9,0.2250,1.0000,6,8,6,0,0,8,6,0.2500
4,4.0000,20,45,848.2255,-88.1310,0.2847,4,0.1000,1.0000,6,6,6,0,0,6,6,0.0000
4,4.0000,20,46,435.8275,-81.8664,1.1052,14,0.3500,0.7143,7,7,6,0,0,7,6,0.1429
4,4.0000,20,47,911.8824,-88.0709,0.6168,6,0.1500,,0,4,4,0,0,4,4,0.0000
4,4.0000,21,0,554.7265,-83.4202,-0.3401,9,0.2250,0.8750,8,8,8,0,0,8,8,0.0000
4,4.0000,21,2,544.5646,-81.9667,-0.4105,13,0.3250,1.0000,8,8,8,0,0,8,8,0.0000
4,4.0000,21,3,831.0892,-86.6320,-0.6550,3,0.0750,1.0000,8,5,4,0,0,5,4,0.2000
4,4.0000,21,5,504.1216,-83.3311,-0.2758,13,0.3250,0.8000,5,10,10,0,0,10,10,0.0000
4,4.0000,21,6,978.5995,-88.2061,-0.0888,4,0.1000,1.0000,6,2,2,0,0,2,2,0.0000
4,4.0000,21,7,598.1631,-83.9631,-0.3525,10,0.2500,1.0000,8,8,8,0,0,8,8,0.0000
4,4.0000,21,8,673.8479,-85.7642,0.2351,8,0.2000,1.0000,8,4,4,0,0,4,4,0.0000
4,4.0000,21,11,526.0974,-83.7355,-0.4148,9,0.2250,0.8750,8,6,4,0,0,6,4,0.3333
4,4.0000,21,15,917.3313,-87.0535,-0.6560,6,0.1500,1.0000,4,8,8,0,0,8,8,0.0000
4,4.0000,21,17,335.3394,-79.0299,-0.9305,17,0.4250,0.8571,7,8,8,0,0,8,8,0.0000
4,4.0000,21,19,639.7704,-85.4531,-0.1136,9,0.2250,0.8000,5,8,8,0,0,8,8,0.0000
4,4.0000,21,20,585.6936,-84.6899,1.1858,7,0.1750,1.0000,8,7,6,0,0,7,6,0.1429
4,4.0000,21,22,528.3885,-84.5990,-0.0263,7,0.1750,0.7143,7,8,7,0,0,8,7,0.1250
4,4.0000,21,23,409.3364,-79.9234,0.4818,18,0.4500,1.0000,8,8,7,0,0,8,7,0.1250
4,4.0000,21,25,670.4309,-85.9590,0.4613,6,0.1500,1.0000,6,7,6,0,0,7,6,0.1429
4,4.0000,21,27,641.0435,-85.4639,0.0057,7,0.1750,1.0000,8,8,7,0,0,8,7,0.1250
4,4.0000,21,31,455.5145,-81.6368,-0.9685,15,0.3750,0.8571,7,6,4,0,0,6,4,0.3333
4,4.0000,21,32,637.7527,-86.9305,0.3092,8,0.2000,0.8571,7,8,8,0,0,8,8,0.0000
4,4.0000,21,34,356.6266,-79.9149,0.5948,18,0.4500,0.5000,6,6,3,0,0,6,3,0.5000
4,4.0000,21,36,787.5109,-87.3229,0.4391,5,0.1250,1.0000,4,8,7,0,0,8,7,0.1250
4,4.0000,21,37,820.8087,-86.3253,-0.4336,5,0.1250,0.8571,7,8,8,0,0,8,8,0.0000
4,4.0000,21,38,298.5577,-79.8437,1.0077,19,0.4750,0.4000,5,7,4,0,0,7,4,0.4286
4,4.0000,21,39,843.8084,-87.9369,1.1464,4,0.1000,1.0000,4,7,6,0,0,7,6,0.1429
4,4.0000,21,40,358.9645,-80.9857,-0.0269,25,0.6250,0.8571,7,7,5,0,0,7,5,0.2857
4,4.0000,21,41,854.1024,-85.8690,-0.1659,4,0.1000,0.8571,7,6,6,0,0,6,6,0.0000
4,4.0000,21,43,369.7153,-81.5100,0.5000,19,0.4750,0.8750,8,7,4,0,0,7,4,0.4286
4,4.0000,21,45,773.5313,-86.1149,0.0479,7,0.1750,1.0000,6,6,6,0,0,6,6,0.0000
4,4.0000,21,46,494.0179,-81.6620,-1.5522,13,0.3250,0.8571,7,6,4,0,0,6,4,0.3333
4,4.0000,21,47,1055.6488,-88.3691,0.6178,3,0.0750,1.0000,2,4,4,0,0,4,4,0.0000
4,4.0000,22,0,581.3657,-86.0564,0.1303,12,0.3000,1.0000,8,8,7,0,0,8,7,0.1250
4,4.0000,22,1,993.1671,-88.7705,0.8773,4,0.1000,1.0000,6,2,2,0,0,2,2,0.0000
4,4.0000,22,2,74.9946,-70.1008,3.1160,34,0.8500,0.2000,5,5,2,0,0,5,2,0.6000
4,4.0000,22,3,789.3551,-88.0247,-0.5554,8,0.2000,0.8571,7,8,8,0,0,8,8,0.0000
4,4.0000,22,4,945.7909,-88.6619,-0.3464,6,0.1500,1.0000,6,6,5,0,0,6,5,0.1667
4,4.0000,22,5,593.4575,-85.1787,-0.1764,17,0.4250,1.0000,8,8,8,0,0,8,8,0.0000
4,4.0000,22,6,608.7811,-83.0133,-0.3485,12,0.3000,0.8571,7,7,6,0,0,7,6,0.1429
4,4.0000,22,7,678.5731,-87.1273,-0.0983,9,0.2250,1.0000,8,8,8,0,0,8,8,0.0000
4,4.0000,22,8,455.9598,-83.6448,0.2760,22,0.5500,0.8571,7,7,6,0,0,7,6,0.1429
4,4.0000,22,9,881.9903,-88.0572,1.0047,6,0.1500,1.0000,8,7,6,0,0,7,6,0.1429
4,4.0000,22,10,949.5634,-88.8062,0.8067,5,0.1250,1.0000,4,4,4,0,0,4,4,0.0000
4,4.0000,22,11,447.5028,-83.3240,1.3159,14,0.3500,0.8571,7,7,6,0,0,7,6,0.1429
4,4.0000,22,13,1088.1325,-88.7766,0.6103,5,0.1250,,0,4,4,0,0,4,4,0.0000
4,4.0000,22,15,829.6409,-88.3816,-0.5322,7,0.1750,1.0000,2,8,8,0,0,8,8,0.0000
4,4.0000,22,16,1176.1666,-88.7887,-1.0351,3,0.0750,1.0000,2,2,2,0,0,2,2,0.0000
4,4.0000,22,17,474.6732,-84.8313,-0.4284,16,0.4000,0.5714,7,8,7,0,0,8,7,0.1250
4,4.0000,22,19,486.9483,-83.3360,0.0485,22,0.5500,0.8750,8,8,7,0,0,8,7,0.1250
4,4.0000,22,20,196.3535,-74.8939,-0.2058,32,0.8000,0.5000,6,6,3,0,0,6,3,0.5000
4,4.0000,22,21,528.3885,-84.7336,0.5554,17,0.4250,0.6667,6,7,6,0,0,7,6,0.1429
4,4.0000,22,23,160.7863,-75.2524,1.1844,32,0.8000,0.4286,7,6,2,0,0,6,2,0.6667
4,4.0000,22,25,358.7737,-81.3871,0.9412,21,0.5250,0.5000,6,7,5,0,0,7,5,0.2857
4,4.0000,22,26,866.4809,-87.2807,-0.1450,12,0.3000,,0,6,6,0,0,6,6,0.0000
4,4.0000,22,27,135.8309,-64.1853,-3.3498,39,0.9750,0.6000,5,4,0,0,0,4,0,1.0000
4,4.0000,22,28,1210.0227,-89.6483,0.3582,3,0.0750,,0,6,6,0,0,6,6,0.0000
4,4.0000,22,29,1017.2488,-88.0561,-0.0571,4,0.1000,1.0000,6,8,8,0,0,8,8,0.0000
4,4.0000,22,31,194.3004,-77.2914,0.9739,28,0.7000,0.5000,6,5,1,0,0,5,1,0.8000
4,4.0000,22,32,637.0619,-86.5585,-0.4154,8,0.2000,1.0000,8,8,8,0,0,8,8,0.0000
4,4.0000,22,33,766.9320,-87.6012,-0.0216,7,0.1750,1.0000,6,6,6,0,0,6,6,0.0000
4,4.0000,22,34,554.8888,-85.0093,0.8035,16,0.4000,0.5714,7,8,8,0,0,8,8,0.0000
4,4.0000,22,36,942.4718,-88.1277,0.0418,8,0.2000,1.0000,2,6,6,0,0,6,6,0.0000
4,4.0000,22,37,619.7033,-85.5859,0.6465,14,0.3500,1.0000,8,7,6,0,0,7,6,0.1429
4,4.0000,22,38,597.4922,-85.5924,1.0423,13,0.3250,0.8571,7,8,7,0,0,8,7,0.1250
4,4.0000,22,39,614.8453,-87.3242,-0.7466,12,0.3000,0.6667,3,8,7,0,0,8,7,0.1250
4,4.0000,22,40,579.4403,-85.6992,0.1456,17,0.4250,0.8571,7,5,2,0,0,5,2,0.6000
4,4.0000,22,41,557.1928,-85.3030,0.3621,13,0.3250,0.8571,7,8,8,0,0,8,8,0.0000
4,4.0000,22,43,559.2848,-86.4081,0.1128,17,0.4250,1.0000,8,7,6,0,0,7,6,0.1429
4,4.0000,22,45,803.8061,-87.2982,-0.5299,5,0.1250,1.0000,4,6,6,0,0,6,6,0.0000
4,4.0000,22,46,487.4075,-83.9462,0.0526,18,0.4500,0.6667,6,7,6,0,0,7,6,0.1429
4,4.0000,22,47,961.3584,-88.5397,-0.4337,3,0.0750,,0,4,4,0,0,4,4,0.0000
4,4.0000,23,0,519.5468,-85.9583,-0.5431,7,0.1750,0.8571,7,8,8,0,0,8,8,0.0000
4,4.0000,23,1,1019.2472,-86.9159,0.1827,3,0.0750,1.0000,4,4,4,0,0,4,4,0.0000
4,4.0000,23,2,155.3166,-68.8203,-2.3185,31,0.7750,0.4000,5,5,2,0,0,5,2,0.6000
4,4.0000,23,3,736.4934,-87.4156,-1.1658,4,0.1000,1.0000,8,8,8,0,0,8,8,0.0000
4,4.0000,23,5,602.3470,-83.7068,-0.3057,10,0.2500,0.8750,8,8,7,0,0,8,7,0.1250
4,4.0000,23,6,684.3245,-85.2546,-0.4117,8,0.2000,0.8571,7,8,7,0,0,8,7,0.1250
4,4.0000,23,7,618.4537,-83.1318,0.2093,9,0.2250,0.8750,8,5,4,0,0,5,4,0.2000
4,4.0000,23,8,518.5093,-83.4765,-0.8033,15,0.3750,0.8000,5,7,5,0,0,7,5,0.2857
4,4.0000,23,9,886.1805,-88.3734,0.6219,3,0.0750,1.0000,6,2,2,0,0,2,2,0.0000
4,4.0000,23,11,459.8400,-81.5304,0.9065,14,0.3500,0.8571,7,8,7,0,0,8,7,0.1250
4,4.0000,23,15,799.3170,-86.1166,0.8123,6,0.1500,1.0000,4,8,7,0,0,8,7,0.1250
4,4.0000,23,17,367.7366,-81.4740,1.0135,13,0.3250,0.8571,7,7,6,0,0,7,6,0.1429
4,4.0000,23,19,566.3454,-84.4866,-0.5909,6,0.1500,0.6667,6,7,5,0,0,7,5,0.2857
4,4.0000,23,20,320.6262,-80.3749,-0.2002,20,0.5000,0.7143,7,7,6,0,0,7,6,0.1429
4,4.0000,23,21,409.3364,-81.1766,-0.7835,17,0.4250,0.7143,7,7,6,0,0,7,6,0.1429
4,4.0000,23,22,160.7863,-75.4895,0.9999,29,0.7250,0.3333,6,5,1,0,0,5,1,0.8000
4,4.0000,23,25,427.5102,-82.3814,1.3208,12,0.3000,0.7500,8,6,4,0,0,6,4,0.3333
4,4.0000,23,27,281.5560,-77.4707,-0.3594,27,0.6750,0.0000,4,5,2,9,4,14,6,0.5714
4,4.0000,23,31,250.4507,-76.3469,-0.2141,25,0.6250,0.5000,6,7,5,0,0,7,5,0.2857
4,4.0000,23,32,554.7110,-87.0339,0.0717,7,0.1750,0.8571,7,7,6,0,0,7,6,0.1429
4,4.0000,23,33,734.2261,-86.2395,-0.0676,4,0.1000,0.7500,4,6,6,0,0,6,6,0.0000
4,4.0000,23,34,531.4557,-82.1974,-2.0693,10,0.2500,0.7143,7,8,8,0,0,8,8,0.0000
4,4.0000,23,36,960.5242,-87.5614,-0.9610,4,0.1000,0.7500,4,8,8,0,0,8,8,0.0000
4,4.0000,23,37,624.7780,-85.1221,-1.1577,6,0.1500,1.0000,8,7,6,0,0,7,6,0.1429
4,4.0000,23,38,551.8312,-84.6935,0.0135,9,0.2250,0.8571,7,8,7,0,0,8,7,0.1250
4,4.0000,23,39,604.9752,-85.5811,-0.2175,7,0.1750,0.6667,6,8,8,0,0,8,8,0.0000
4,4.0000,23,40,528.7520,-82.9700,0.8869,10,0.2500,0.8571,7,8,8,0,0,8,8,0.0000
4,4.0000,23,41,566.6357,-84.1822,-0.0165,8,0.2000,0.7143,7,8,8,0,0,8,8,0.0000
4,4.0000,23,43,513.2308,-84.3832,-0.3829,9,0.2250,1.0000,8,7,6,0,0,7,6,0.1429
4,4.0000,23,46,455.9579,-83.9712,-0.4178,14,0.3500,0.7143,7,7,6,0,0,7,6,0.1429
4,4.0000,23,47,1033.2048,-88.8293,0.2442,4,0.1000,1.0000,2,6,6,0,0,6,6,0.0000
4,4.0000,24,0,737.6344,-84.6174,0.8384,6,0.1538,1.0000,8,8,8,0,0,8,8,0.0000
4,4.0000,24,3,491.5279,-84.2364,0.4411,7,0.1795,1.0000,8,7,5,0,0,7,5,0.2857
4,4.0000,24,4,450.9495,-83.0756,0.2785,14,0.3590,0.7143,7,6,4,0,0,6,4,0.3333
4,4.0000,24,7,693.1816,-86.1941,-0.7981,4,0.1026,1.0000,8,8,8,0,0,8,8,0.0000
4,4.0000,24,9,842.4206,-87.7086,-0.6506,4,0.1026,1.0000,8,6,6,0,0,6,6,0.0000
4,4.0000,24,14,160.5010,-72.2969,-1.1639,31,0.7949,0.3333,6,4,0,0,0,4,0,1.0000
4,4.0000,24,15,503.5310,-85.1212,1.8017,8,0.2051,1.0000,8,7,6,0,0,7,6,0.1429
4,4.0000,24,18,875.1173,-87.9439,0.1598,6,0.1538,1.0000,4,8,8,0,0,8,8,0.0000
4,4.0000,24,28,70.1020,-67.2448,2.2251,29,0.7436,0.2000,5,5,1,0,0,5,1,0.8000
4,4.0000,24,30,470.3166,-83.7436,0.1280,14,0.3590,0.8750,8,6,4,0,0,6,4,0.3333
4,4.0000,24,32,647.3614,-83.8607,-0.7527,9,0.2308,1.0000,8,8,8,0,0,8,8,0.0000
4,4.0000,24,33,681.6901,-85.0316,0.2321,6,0.1538,0.8571,7,8,7,0,0,8,7,0.1250
4,4.0000,24,39,752.6118,-86.3236,-0.7636,3,0.0769,1.0000,8,7,6,0,0,7,6,0.1429
4,4.0000,24,42,483.3783,-83.1945,0.5175,13,0.3333,0.8571,7,5,1,0,0,5,1,0.8000
4,4.0000,24,44,276.6709,-79.4706,0.1654,24,0.6154,0.6667,6,5,2,0,0,5,2,0.6000
4,4.0000,24,45,493.4689,-83.2803,-0.0903,13,0.3333,0.8571,7,8,6,0,0,8,6,0.2500
4,4.0000,25,0,410.3465,-82.6599,0.1054,10,0.2564,0.5714,7,7,4,0,0,7,4,0.4286
4,4.0000,25,2,422.5800,-81.5919,-0.1676,10,0.2564,1.0000,8,7,6,0,0,7,6,0.1429
4,4.0000,25,3,579.8208,-83.5680,-0.3384,6,0.1538,0.8571,7,8,7,0,0,8,7,0.1250
4,4.0000,25,4,780.4867,-86.0490,0.3483,4,0.1026,1.0000,8,6,6,0,0,6,6,0.0000
4,4.0000,25,5,770.2150,-86.3265,-0.6790,4,0.1026,1.0000,8,6,5,0,0,6,5,0.1667
4,4.0000,25,6,336.4901,-77.5020,-1.0831,29,0.7436,0.2000,5,7,6,0,0,7,6,0.1429
4,4.0000,25,7,483.9983,-84.0940,0.4057,5,0.1282,0.8571,7,7,6,0,0,7,6,0.1429
4,4.0000,25,8,752.2267,-87.1544,0.0977,4,0.1026,1.0000,4,2,2,0,0,2,2,0.0000
4,4.0000,25,11,249.0182,-78.3747,0.7052,19,0.4872,0.5000,6,6,2,0,0,6,2,0.6667
4,4.0000,25,14,1044.0668,-88.1762,0.4349,4,0.1026,1.0000,4,4,4,0,0,4,4,0.0000
4,4.0000,25,15,574.3890,-83.4691,-0.7739,8,0.2051,0.7143,7,7,6,0,0,7,6,0.1429
4,4.0000,25,17,460.2371,-82.5505,-0.7678,7,0.1795,1.0000,8,7,6,0,0,7,6,0.1429
4,4.0000,25,19,636.7897,-85.7801,0.7301,4,0.1026,1.0000,8,8,7,0,0,8,7,0.1250
4,4.0000,25,20,260.4199,-78.6345,0.8759,18,0.4615,0.5000,6,7,5,0,0,7,5,0.2857
4,4.0000,25,21,670.4309,-85.0834,0.5568,6,0.1538,0.8333,6,8,8,0,0,8,8,0.0000
4,4.0000,25,22,358.7737,-81.5534,-0.1782,11,0.2821,0.6667,6,4,0,0,0,4,0,1.0000
4,4.0000,25,23,427.5102,-82.2622,0.9894,9,0.2308,0.8333,6,7,6,0,0,7,6,0.1429
4,4.0000,25,27,427.6086,-81.2933,0.1142,14,0.3590,0.7143,7,7,3,0,0,7,3,0.5714
4,4.0000,25,30,846.9088,-86.0687,-0.9817,5,0.1282,0.8571,7,4,2,0,0,4,2,0.5000
4,4.0000,25,31,294.8802,-79.9466,0.6144,13,0.3333,0.8571,7,4,0,0,0,4,0,1.0000
4,4.0000,25,32,516.8806,-83.8097,0.8771,8,0.2051,0.8571,7,8,8,0,0,8,8,0.0000
4,4.0000,25,33,624.8899,-87.4958,-2.1291,3,0.0769,0.8000,5,5,4,0,0,5,4,0.2000
4,4.0000,25,34,693.4128,-86.1987,0.2676,4,0.1026,1.0000,8,8,8,0,0,8,8,0.0000
4,4.0000,25,37,340.5256,-77.6532,-1.1310,18,0.4615,0.6667,6,8,8,0,0,8,8,0.0000
4,4.0000,25,39,420.6869,-82.6523,-0.6728,9,0.2308,0.6667,6,7,4,0,0,7,4,0.4286
4,4.0000,25,40,813.9498,-88.3667,-0.9161,4,0.1026,1.0000,6,8,8,0,0,8,8,0.0000
4,4.0000,25,41,391.8044,-78.9077,-0.5770,17,0.4359,0.7500,8,6,4,0,0,6,4,0.3333
4,4.0000,25,42,974.5451,-88.3458,-0.7078,5,0.1282,1.0000,6,8,8,0,0,8,8,0.0000
4,4.0000,25,44,997.3179,-89.2840,-0.0963,3,0.0769,1.0000,4,2,2,0,0,2,2,0.0000
4,4.0000,25,45,670.0210,-86.8799,-0.1528,3,0.0769,0.8333,6,6,6,0,0,6,6,0.0000
4,4.0000,25,46,306.2840,-80.2576,1.5842,14,0.3590,0.8571,7,7,4,0,0,7,4,0.4286
4,4.0000,26,1,208.9004,-78.2537,0.7761,29,0.7250,0.0000,4,6,2,0,0,6,2,0.6667
4,4.0000,26,5,369.0127,-82.1073,1.2088,9,0.2250,1.0000,8,7,4,0,0,7,4,0.4286
4,4.0000,26,8,544.5769,-84.2229,0.5957,7,0.1750,0.6667,6,8,8,0,0,8,8,0.0000
4,4.0000,26,10,257.4946,-76.0954,-1.0942,37,0.9250,0.3333,6,5,1,0,0,5,1,0.8000
4,4.0000,26,12,743.2386,-84.7232,-0.4663,14,0.3500,0.7143,7,8,7,0,0,8,7,0.1250
4,4.0000,26,13,311.9818,-79.3087,0.1378,29,0.7250,0.5714,7,5,1,0,0,5,1,0.8000
4,4.0000,26,16,740.8067,-85.6958,-0.3896,15,0.3750,1.0000,8,6,6,0,0,6,6,0.0000
4,4.0000,26,19,393.7953,-80.9280,-0.0205,11,0.2750,0.8571,7,6,3,0,0,6,3,0.5000
4,4.0000,26,29,214.7054,-76.0608,-0.5445,37,0.9250,0.2000,5,6,3,0,0,6,3,0.5000
4,4.0000,26,34,526.9481,-84.3968,-0.2650,3,0.0750,1.0000,8,6,3,0,0,6,3,0.5000
4,4.0000,26,35,361.2476,-81.7832,-0.2079,30,0.7500,0.5000,6,5,2,0,0,5,2,0.6000
4,4.0000,26,36,324.7787,-80.7228,0.5901,24,0.6000,0.7143,7,5,1,0,0,5,1,0.8000
4,4.0000,26,38,644.5741,-85.2298,-1.4062,3,0.0750,1.0000,6,8,8,0,0,8,8,0.0000
4,4.0000,26,40,575.4358,-84.9980,0.3380,3,0.0750,0.8750,8,7,6,0,0,7,6,0.1429
4,4.0000,26,43,568.1603,-83.2057,-0.0079,6,0.1500,1.0000,8,7,6,0,0,7,6,0.1429
4,4.0000,26,47,271.4111,-78.3118,-0.4081,32,0.8000,0.2000,5,5,1,0,0,5,1,0.8000
4,4.0000,27,0,706.9580,-88.1006,0.6002,6,0.1500,1.0000,8,8,8,0,0,8,8,0.0000
4,4.0000,27,1,990.1798,-88.9672,0.4882,5,0.1250,1.0000,8,4,4,0,0,4,4,0.0000
4,4.0000,27,2,134.9364,-73.6187,0.7803,35,0.8750,0.0000,4,5,1,0,0,5,1,0.8000
4,4.0000,27,3,900.7958,-87.1175,-0.2024,5,0.1250,0.7143,7,8,8,0,0,8,8,0.0000
4,4.0000,27,5,617.4023,-85.3569,0.0498,9,0.2250,0.8571,7,8,8,0,0,8,8,0.0000
4,4.0000,27,6,638.5891,-84.0761,-0.0817,12,0.3000,0.8750,8,8,8,0,0,8,8,0.0000
4,4.0000,27,7,803.4532,-87.7132,0.1086,7,0.1750,1.0000,8,6,6,0,0,6,6,0.0000
4,4.0000,27,8,396.6224,-82.8975,0.2158,19,0.4750,0.8571,7,7,5,0,0,7,5,0.2857
4,4.0000,27,9,930.9220,-88.1825,0.4361,6,0.1500,1.0000,6,6,6,0,0,6,6,0.0000
4,4.0000,27,10,889.6338,-87.4947,-0.2611,7,0.1750,1.0000,4,4,4,0,0,4,4,0.0000
4,4.0000,27,11,547.1095,-85.8320,-1.0155,10,0.2500,0.7143,7,8,8,0,0,8,8,0.0000
4,4.0000,27,12,973.8475,-88.6923,-0.5661,5,0.1250,1.0000,6,4,4,0,0,4,4,0.0000
4,4.0000,27,13,1092.7188,-88.8857,-0.3803,3,0.0750,1.0000,4,2,2,0,0,2,2,0.0000
4,4.0000,27,15,931.2097,-87.5123,-0.3321,7,0.1750,0.8000,5,2,2,0,0,2,2,0.0000
4,4.0000,27,17,610.2447,-86.2611,-0.4151,9,0.2250,0.8571,7,7,6,0,0,7,6,0.1429
4,4.0000,27,19,467.6612,-83.6449,1.0774,16,0.4000,0.8750,8,6,3,0,0,6,3,0.5000
4,4.0000,27,20,230.7864,-75.5230,0.1746,31,0.7750,0.4000,5,6,4,0,0,6,4,0.3333
4,4.0000,27,21,641.0435,-85.1923,-0.2864,10,0.2500,0.8571,7,8,8,0,0,8,8,0.0000
4,4.0000,27,22,135.8309,-63.8312,-3.8475,30,0.7500,0.3333,6,6,2,0,0,6,2,0.6667
4,4.0000,27,23,281.5560,-77.3589,-0.0451,30,0.7500,0.3333,6,7,5,0,0,7,5,0.2857
4,4.0000,27,25,427.6086,-83.4647,-0.3371,16,0.4000,0.7143,7,6,4,0,0,6,4,0.3333
4,4.0000,27,26,842.5261,-87.3102,1.0827,6,0.1500,,0,6,6,0,0,6,6,0.0000
4,4.0000,27,29,972.6133,-88.6898,0.5858,5,0.1250,1.0000,4,5,4,0,0,5,4,0.2000
4,4.0000,27,31,285.3008,-79.2422,0.4238,22,0.5500,0.7143,7,6,4,0,0,6,4,0.3333
4,4.0000,27,32,759.8210,-86.5114,-1.4789,5,0.1250,0.7143,7,5,4,0,0,5,4,0.2000
4,4.0000,27,33,848.1842,-88.8051,-0.2293,8,0.2000,1.0000,8,6,6,0,0,6,6,0.0000
4,4.0000,27,34,615.9876,-85.7101,-0.7072,12,0.3000,0.7143,7,8,8,0,0,8,8,0.0000
4,4.0000,27,36,963.9768,-88.4982,-0.3296,6,0.1500,1.0000,4,6,6,0,0,6,6,0.0000
4,4.0000,27,37,706.9773,-85.9689,0.0021,11,0.2750,0.8750,8,8,8,0,0,8,8,0.0000
4,4.0000,27,38,681.7735,-86.1544,-0.9250,10,0.2500,1.0000,6,8,7,0,0,8,7,0.1250
4,4.0000,27,39,698.2618,-85.8785,0.4458,7,0.1750,1.0000,6,8,8,0,0,8,8,0.0000
4,4.0000,27,40,628.1565,-85.2228,0.0607,11,0.2750,0.8571,7,6,5,0,0,6,5,0.1667
4,4.0000,27,41,625.1045,-84.3155,0.3361,12,0.3000,0.8333,6,8,7,0,0,8,7,0.1250
4,4.0000,27,43,603.7536,-85.4835,0.0743,13,0.3250,1.0000,8,7,6,0,0,7,6,0.1429
4,4.0000,27,45,924.0520,-87.7378,-1.0478,4,0.1000,1.0000,6,8,8,0,0,8,8,0.0000
4,4.0000,27,46,606.3701,-85.5259,-0.8834,11,0.2750,0.8750,8,8,8,0,0,8,8,0.0000
4,4.0000,27,47,902.4583,-88.4372,-0.2334,8,0.2000,1.0000,2,8,8,0,0,8,8,0.0000
4,4.0000,28,3,433.1882,-83.1482,-0.0055,7,0.1750,1.0000,8,8,8,0,0,8,8,0.0000
4,4.0000,28,4,395.5645,-82.1629,1.1102,10,0.2500,0.8571,7,6,4,0,0,6,4,0.3333
4,4.0000,28,14,175.0420,-75.2046,0.1139,30,0.7500,0.0000,4,4,0,0,0,4,0,1.0000
4,4.0000,28,15,456.8754,-83.5596,2.3778,6,0.1500,1.0000,8,6,3,0,0,6,3,0.5000
4,4.0000,28,18,879.9697,-87.1137,-0.0824,6,0.1500,1.0000,6,2,2,0,0,2,2,0.0000
4,4.0000,28,24,70.1020,-67.5750,2.3600,34,0.8500,0.0000,3,4,0,0,0,4,0,1.0000
4,4.0000,28,30,437.1601,-83.4646,1.1509,11,0.2750,0.8750,8,7,6,0,0,7,6,0.1429
4,4.0000,28,32,581.2287,-83.5956,0.5893,7,0.1750,0.8571,7,8,8,0,0,8,8,0.0000
4,4.0000,28,33,625.4303,-84.0739,1.2432,6,0.1500,1.0000,6,8,8,0,0,8,8,0.0000
4,4.0000,28,39,696.5505,-85.0485,0.5651,4,0.1000,1.0000,8,8,8,0,0,8,8,0.0000
4,4.0000,28,42,456.8988,-82.8368,-0.3083,13,0.3250,0.6667,6,7,6,0,0,7,6,0.1429
4,4.0000,28,44,282.3746,-77.8377,-0.1592,26,0.6500,0.2000,5,7,4,0,0,7,4,0.4286
4,4.0000,28,45,424.8058,-81.8311,1.8273,8,0.2000,0.5000,6,6,2,0,0,6,2,0.6667
4,4.0000,29,1,343.0379,-81.4397,-0.4518,22,0.5500,0.5000,6,4,0,0,0,4,0,1.0000
4,4.0000,29,5,577.6123,-85.7110,0.3148,10,0.2500,1.0000,8,7,4,0,0,7,4,0.4286
4,4.0000,29,8,675.7750,-85.9027,-0.1396,11,0.2750,0.8000,5,10,10,0,0,10,10,0.0000
4,4.0000,29,10,144.0380,-69.4313,-0.5508,34,0.8500,0.0000,4,4,0,0,0,4,0,1.0000
4,4.0000,29,12,626.3569,-84.0756,-0.3923,19,0.4750,0.7143,7,7,6,0,0,7,6,0.1429
4,4.0000,29,13,403.6770,-81.4798,0.4210,26,0.6500,0.4286,7,5,2,0,0,5,2,0.6000
4,4.0000,29,16,601.0140,-84.9245,0.2009,16,0.4000,0.8571,7,7,3,0,0,7,3,0.5714
4,4.0000,29,19,539.4359,-84.3587,1.0979,11,0.2750,0.8750,8,8,8,0,0,8,8,0.0000
4,4.0000,29,22,1017.2488,-88.7617,-0.5719,3,0.0750,1.0000,4,4,4,0,0,4,4,0.0000
4,4.0000,29,26,214.7054,-75.9968,-0.0617,28,0.7000,0.0000,4,4,0,0,0,4,0,1.0000
4,4.0000,29,27,972.6133,-88.7585,0.3058,4,0.1000,1.0000,6,10,10,0,0,10,10,0.0000
4,4.0000,29,31,939.0904,-88.2065,0.8468,5,0.1250,1.0000,6,8,8,0,0,8,8,0.0000
4,4.0000,29,34,734.4526,-87.3281,0.0292,7,0.1750,1.0000,8,8,8,0,0,8,8,0.0000
4,4.0000,29,35,369.6546,-81.5985,-0.6407,29,0.7250,0.4000,5,5,1,0,0,5,1,0.8000
4,4.0000,29,36,477.9017,-83.2046,0.4804,16,0.4000,0.7500,8,6,4,0,0,6,4,0.3333
4,4.0000,29,38,849.5013,-87.0356,1.9274,4,0.1000,1.0000,8,8,8,0,0,8,8,0.0000
4,4.0000,29,40,784.4203,-87.9320,-0.4030,5,0.1250,0.8571,7,6,6,0,0,6,6,0.0000
4,4.0000,29,43,774.9217,-86.7543,-0.5462,7,0.1750,1.0000,8,8,8,0,0,8,8,0.0000
4,4.0000,29,46,1214.7639,-88.6984,-0.0746,3,0.0750,1.0000,4,4,4,0,0,4,4,0.0000
4,4.0000,29,47,215.6839,-77.1143,0.1656,34,0.8500,0.3333,6,4,0,0,0,4,0,1.0000
4,4.0000,30,0,681.1413,-86.8276,0.9931,11,0.2750,0.6667,6,8,8,0,0,8,8,0.0000
4,4.0000,30,2,1071.7401,-88.7253,2.0425,3,0.0750,1.0000,8,2,2,0,0,2,2,0.0000
4,4.0000,30,3,386.6703,-80.8928,0.1850,21,0.5250,0.8571,7,7,6,0,0,7,6,0.1429
4,4.0000,30,4,186.8155,-72.0839,-1.9457,37,0.9250,0.2000,5,5,2,0,0,5,2,0.6000
4,4.0000,30,6,693.0894,-86.3612,-0.7699,10,0.2500,1.0000,8,8,7,0,0,8,7,0.1250
4,4.0000,30,7,701.1046,-85.7346,-0.2814,10,0.2500,1.0000,8,8,8,0,0,8,8,0.0000
4,4.0000,30,9,384.7112,-80.4084,-1.0768,32,0.8000,0.3333,6,7,6,0,0,7,6,0.1429
4,4.0000,30,11,931.8325,-86.8164,0.3920,6,0.1500,0.8750,8,4,4,0,0,4,4,0.0000
4,4.0000,30,14,585.8137,-83.6336,0.3371,14,0.3500,0.8571,7,8,8,0,0,8,8,0.0000
4,4.0000,30,15,354.1169,-80.6256,-0.0324,23,0.5750,0.8571,7,7,4,0,0,7,4,0.4286
4,4.0000,30,17,857.3345,-87.5563,1.5218,7,0.1750,1.0000,8,8,8,0,0,8,8,0.0000
4,4.0000,30,18,552.2230,-84.4590,0.1143,30,0.7500,0.7143,7,8,8,0,0,8,8,0.0000
4,4.0000,30,20,1076.6971,-88.6652,-0.7681,3,0.0750,1.0000,6,8,8,0,0,8,8,0.0000
4,4.0000,30,21,1186.6044,-89.1921,-0.1689,3,0.0750,1.0000,4,4,4,0,0,4,4,0.0000
4,4.0000,30,22,1053.6002,-88.3418,0.5517,3,0.0750,1.0000,4,4,4,0,0,4,4,0.0000
4,4.0000,30,23,1019.2309,-88.2280,-0.3383,6,0.1500,,0,2,2,0,0,2,2,0.0000
4,4.0000,30,24,470.3166,-83.5279,0.6754,21,0.5250,0.8571,7,7,5,0,0,7,5,0.2857
4,4.0000,30,25,846.9088,-88.1134,-0.3016,8,0.2000,1.0000,6,8,8,0,0,8,8,0.0000
4,4.0000,30,27,1140.1802,-88.0942,-0.4589,4,0.1000,1.0000,6,6,6,0,0,6,6,0.0000
4,4.0000,30,28,437.1601,-83.1166,-0.3202,24,0.6000,0.2000,5,8,5,0,0,8,5,0.3750
4,4.0000,30,32,550.5712,-84.0580,0.0813,15,0.3750,0.6667,6,8,7,0,0,8,7,0.1250
4,4.0000,30,33,314.8320,-78.4358,-0.8020,31,0.7750,0.7143,7,7,5,0,0,7,5,0.2857
4,4.0000,30,37,515.5052,-83.5221,0.4988,13,0.3250,0.8571,7,7,4,0,0,7,4,0.4286
4,4.0000,30,39,446.3541,-81.2014,-1.3226,20,0.5000,0.5000,6,8,8,0,0,8,8,0.0000
4,4.0000,30,41,525.3163,-84.9041,-0.3643,14,0.3500,0.5000,6,8,8,0,0,8,8,0.0000
4,4.0000,30,42,142.2294,-72.9723,-0.0114,37,0.9250,0.2000,5,4,0,0,0,4,0,1.0000
4,4.0000,30,44,269.5689,-77.7823,-0.3239,35,0.8750,0.0000,4,4,0,0,0,4,0,1.0000
4,4.0000,30,45,453.2394,-80.8161,-1.3179,23,0.5750,0.6250,8,8,7,0,0,8,7,0.1250
4,4.0000,30,46,826.1618,-87.1692,-1.4055,5,0.1250,1.0000,8,8,8,0,0,8,8,0.0000
4,4.0000,31,0,502.7514,-83.9199,-0.2034,17,0.4250,0.8750,8,8,7,0,0,8,7,0.1250
4,4.0000,31,1,891.5925,-88.0759,0.3965,11,0.2750,1.0000,6,5,4,0,0,5,4,0.2000
4,4.0000,31,2,263.9759,-77.9001,0.1132,30,0.7500,0.0000,4,7,4,0,0,7,4,0.4286
4,4.0000,31,3,756.6029,-86.0113,0.2066,10,0.2500,1.0000,8,8,8,0,0,8,8,0.0000
4,4.0000,31,4,961.3491,-88.9521,-0.6284,4,0.1000,1.0000,4,8,8,0,0,8,8,0.0000
4,4.0000,31,5,494.7586,-83.8602,0.1817,24,0.6000,0.2500,4,7,6,0,0,7,6,0.1429
4,4.0000,31,6,615.6563,-85.2610,0.3563,19,0.4750,0.8750,8,8,8,0,0,8,8,0.0000
4,4.0000,31,7,579.1753,-84.8721,-0.2919,15,0.3750,0.8571,7,8,8,0,0,8,8,0.0000
4,4.0000,31,8,496.2972,-84.3703,-0.1818,22,0.5500,0.7143,7,6,3,0,0,6,3,0.5000
4,4.0000,31,10,895.9212,-88.5369,-0.5843,4,0.1000,0.8333,6,2,2,0,0,2,2,0.0000
4,4.0000,31,11,287.5589,-79.5846,0.3098,27,0.6750,0.4000,5,7,4,0,0,7,4,0.4286
4,4.0000,31,12,1102.7588,-88.4401,-0.5213,8,0.2000,,0,2,2,0,0,2,2,0.0000
4,4.0000,31,13,970.1936,-87.9269,-1.1044,12,0.3000,1.0000,8,4,4,0,0,4,4,0.0000
4,4.0000,31,15,790.7517,-86.9157,-0.2691,11,0.2750,0.8333,6,8,8,0,0,8,8,0.0000
4,4.0000,31,17,406.0950,-82.6383,0.0280,23,0.5750,0.8750,8,7,6,0,0,7,6,0.1429
4,4.0000,31,19,401.5980,-82.4702,-0.0604,23,0.5750,0.8571,7,7,4,0,0,7,4,0.4286
4,4.0000,31,20,131.6362,-75.7526,1.9745,34,0.8500,0.0000,4,4,0,0,0,4,0,1.0000
4,4.0000,31,21,455.5145,-81.6756,-0.6626,25,0.6250,0.5000,6,7,6,0,0,7,6,0.1429
4,4.0000,31,22,194.3004,-76.8265,1.5510,33,0.8250,0.0000,4,4,0,0,0,4,0,1.0000
4,4.0000,31,23,250.4507,-77.7014,-0.1606,31,0.7750,0.6667,6,5,2,0,0,5,2,0.6000
4,4.0000,31,25,294.8802,-80.6906,-0.0750,23,0.5750,0.4000,5,5,2,0,0,5,2,0.6000
4,4.0000,31,26,779.1430,-87.3710,0.4045,11,0.2750,,0,6,6,0,0,6,6,0.0000
4,4.0000,31,27,285.3008,-79.4245,0.2894,33,0.8250,0.4000,5,5,1,0,0,5,1,0.8000
4,4.0000,31,29,939.0904,-88.1431,0.3117,7,0.1750,0.8750,8,4,4,0,0,4,4,0.0000
4,4.0000,31,30,1066.8676,-88.2982,0.2694,4,0.1000,1.0000,2,2,2,0,0,2,2,0.0000
4,4.0000,31,32,616.9547,-86.3933,0.6763,13,0.3250,1.0000,8,8,8,0,0,8,8,0.0000
4,4.0000,31,34,428.7670,-81.7921,-1.2385,26,0.6500,0.7143,7,6,4,0,0,6,4,0.3333
4,4.0000,31,36,804.6874,-86.1298,0.4149,15,0.3750,1.0000,4,8,8,0,0,8,8,0.0000
4,4.0000,31,37,589.4050,-84.9148,-0.1856,20,0.5000,0.6667,6,8,8,0,0,8,8,0.0000
4,4.0000,31,38,452.0276,-82.5493,-1.1702,23,0.5750,0.7500,8,7,6,0,0,7,6,0.1429
4,4.0000,31,39,635.1709,-85.4913,-1.3767,11,0.2750,0.8571,7,8,8,0,0,8,8,0.0000
4,4.0000,31,40,524.5497,-85.2231,0.4323,17,0.4250,0.4286,7,6,3,0,0,6,3,0.5000
4,4.0000,31,41,602.9968,-86.3165,-0.5223,16,0.4000,1.0000,8,6,4,0,0,6,4,0.3333
4,4.0000,31,43,510.7087,-85.3581,0.8340,23,0.5750,0.8750,8,7,5,0,0,7,5,0.2857
4,4.0000,31,46,363.0416,-79.9087,0.0623,26,0.6500,0.6667,6,7,5,0,0,7,5,0.2857
4,4.0000,31,47,922.0308,-88.3201,0.1220,11,0.2750,,0,4,4,0,0,4,4,0.0000
4,4.0000,32,0,202.0980,-77.2828,1.0060,30,0.7500,0.3333,6,4,0,0,0,4,0,1.0000
4,4.0000,32,2,660.4167,-86.0784,0.4330,8,0.2000,0.8750,8,7,6,0,0,7,6,0.1429
4,4.0000,32,3,216.3347,-75.5567,0.7549,26,0.6500,0.5714,7,6,2,0,0,6,2,0.6667
4,4.0000,32,4,398.3397,-82.9463,0.7463,13,0.3250,0.5000,6,8,7,0,0,8,7,0.1250
4,4.0000,32,6,618.9462,-86.1787,-0.5131,11,0.2750,1.0000,8,8,8,0,0,8,8,0.0000
4,4.0000,32,7,270.4514,-79.6217,0.7018,21,0.5250,0.5714,7,4,0,0,0,4,0,1.0000
4,4.0000,32,9,626.1044,-85.6574,-0.4780,14,0.3500,1.0000,8,8,6,0,0,8,6,0.2500
4,4.0000,32,11,505.6322,-85.0501,-0.7058,10,0.2500,0.8571,7,8,8,0,0,8,8,0.0000
4,4.0000,32,14,641.4800,-84.3564,-0.8754,12,0.3000,0.6000,5,8,8,0,0,8,8,0.0000
4,4.0000,32,15,326.3162,-79.4484,0.3019,18,0.4500,0.8750,8,8,6,0,0,8,6,0.2500
4,4.0000,32,17,312.3457,-79.8252,-0.1761,17,0.4250,1.0000,8,7,4,0,0,7,4,0.4286
4,4.0000,32,18,1085.9471,-89.0363,0.2982,3,0.0750,1.0000,4,2,2,0,0,2,2,0.0000
4,4.0000,32,19,1010.1357,-88.1987,-0.3935,3,0.0750,1.0000,4,6,6,0,0,6,6,0.0000
4,4.0000,32,20,679.7380,-87.3952,-0.8520,8,0.2000,1.0000,8,8,7,0,0,8,7,0.1250
4,4.0000,32,21,637.7527,-86.1939,-0.4183,9,0.2250,1.0000,6,8,8,0,0,8,8,0.0000
4,4.0000,32,22,637.0619,-87.0241,0.0887,6,0.1500,1.0000,8,7,6,0,0,7,6,0.1429
4,4.0000,32,23,554.7110,-85.7838,0.8938,7,0.1750,1.0000,8,8,7,0,0,8,7,0.1250
4,4.0000,32,24,647.3614,-84.7347,0.1217,10,0.2500,0.8571,7,5,4,0,0,5,4,0.2000
4,4.0000,32,25,516.8806,-85.6816,0.3385,10,0.2500,1.0000,8,7,6,0,0,7,6,0.1429
4,4.0000,32,27,759.8210,-86.2835,-0.1035,4,0.1000,1.0000,8,8,8,0,0,8,8,0.0000
4,4.0000,32,28,581.2287,-83.3883,-0.9583,11,0.2750,0.5714,7,7,5,0,0,7,5,0.2857
4,4.0000,32,30,550.5712,-83.0905,-0.0918,12,0.3000,0.5000,4,7,5,0,0,7,5,0.2857
4,4.0000,32,31,616.9547,-85.1580,0.3993,9,0.2250,0.6667,6,7,5,0,0,7,5,0.2857
4,4.0000,32,33,380.9768,-81.3660,-0.6649,13,0.3250,0.5000,6,7,6,0,0,7,6,0.1429
4,4.0000,32,34,884.4090,-88.5436,0.6296,5,0.1250,1.0000,8,8,8,0,0,8,8,0.0000
4,4.0000,32,37,342.8301,-80.3746,-0.0944,17,0.4250,1.0000,6,7,4,0,0,7,4,0.4286
4,4.0000,32,38,812.7140,-89.1525,0.3670,3,0.0750,1.0000,8,8,8,0,0,8,8,0.0000
4,4.0000,32,39,319.6717,-80.9464,1.2391,19,0.4750,0.4000,5,8,7,0,0,8,7,0.1250
4,4.0000,32,40,952.4294,-87.9215,-1.7984,4,0.1000,1.0000,8,6,6,0,0,6,6,0.0000
4,4.0000,32,41,397.7984,-83.7666,0.3596,15,0.3750,0.8571,7,7,4,0,0,7,4,0.4286
4,4.0000,32,42,643.9713,-85.9072,-0.2731,7,0.1750,1.0000,8,8,7,0,0,8,7,0.1250
4,4.0000,32,44,668.7153,-85.6470,0.2913,11,0.2750,0.8571,7,8,8,0,0,8,8,0.0000
4,4.0000,32,45,171.0247,-73.9434,1.1196,30,0.7500,0.0000,4,5,2,0,0,5,2,0.6000
4,4.0000,32,46,366.7151,-81.9799,0.4625,15,0.3750,0.8750,8,6,3,0,0,6,3,0.5000
4,4.0000,33,0,527.8622,-85.1871,-0.3862,11,0.2750,1.0000,8,7,6,0,0,7,6,0.1429
4,4.0000,33,3,335.3126,-79.1991,-0.3074,22,0.5500,0.2000,5,6,4,0,0,6,4,0.3333
4,4.0000,33,4,242.4369,-76.8521,-0.0598,30,0.7500,0.0000,4,6,2,0,0,6,2,0.6667
4,4.0000,33,6,515.0030,-84.9162,1.1928,10,0.2500,0.8750,8,6,4,0,0,6,4,0.3333
4,4.0000,33,7,595.2658,-84.6022,-0.0787,11,0.2750,0.8571,7,8,7,0,0,8,7,0.1250
4,4.0000,33,9,254.4798,-77.5971,0.5562,34,0.8500,0.5714,7,5,1,0,0,5,1,0.8000
4,4.0000,33,11,746.3939,-86.0555,0.2782,6,0.1500,0.7143,7,8,8,0,0,8,8,0.0000
4,4.0000,33,14,756.3002,-86.3843,-0.5045,11,0.2750,1.0000,8,8,8,0,0,8,8,0.0000
4,4.0000,33,15,352.1095,-80.7753,0.2070,19,0.4750,0.3333,6,6,4,0,0,6,4,0.3333
4,4.0000,33,17,651.9156,-86.3568,1.1549,10,0.2500,0.8750,8,7,6,0,0,7,6,0.1429
4,4.0000,33,18,771.2721,-86.0291,0.6932,14,0.3500,0.8571,7,8,8,0,0,8,8,0.0000
4,4.0000,33,20,819.7036,-86.9785,-0.4404,5,0.1250,1.0000,8,8,8,0,0,8,8,0.0000
4,4.0000,33,21,962.9671,-86.9344,-1.0118,3,0.0750,1.0000,6,6,6,0,0,6,6,0.0000
4,4.0000,33,22,766.9320,-88.1279,0.1788,6,0.1500,0.8750,8,8,8,0,0,8,8,0.0000
4,4.0000,33,23,734.2261,-86.7524,2.9087,4,0.1000,1.0000,6,8,7,0,0,8,7,0.1250
4,4.0000,33,24,681.6901,-85.7358,-0.3051,12,0.3000,0.6667,6,7,6,0,0,7,6,0.1429
4,4.0000,33,25,624.8899,-85.3159,-0.4061,9,0.2250,0.8333,6,8,8,0,0,8,8,0.0000
4,4.0000,33,27,848.1842,-87.8164,-0.9404,5,0.1250,1.0000,8,8,8,0,0,8,8,0.0000
4,4.0000,33,28,625.4303,-85.6470,0.1745,16,0.4000,1.0000,8,8,6,0,0,8,6,0.2500
4,4.0000,33,30,314.8320,-77.9817,-0.3559,30,0.7500,0.0000,4,7,5,0,0,7,5,0.2857
4,4.0000,33,31,813.3386,-88.4313,-0.9260,3,0.0750,1.0000,8,8,8,0,0,8,8,0.0000
4,4.0000,33,32,380.9768,-81.0258,-0.4903,20,0.5000,0.7143,7,8,7,0,0,8,7,0.1250
4,4.0000,33,37,360.8292,-81.5833,0.7211,21,0.5250,1.0000,6,6,4,0,0,6,4,0.3333
4,4.0000,33,39,209.1094,-74.3403,0.0094,30,0.7500,0.0000,4,7,5,0,0,7,5,0.2857
4,4.0000,33,41,258.1013,-78.8622,0.3826,25,0.6250,0.4000,5,5,1,0,0,5,1,0.8000
4,4.0000,33,42,396.7260,-80.9714,-0.2377,27,0.6750,0.8750,8,5,2,0,0,5,2,0.6000
4,4.0000,33,44,558.8530,-83.5242,-0.5127,19,0.4750,0.8571,7,7,6,0,0,7,6,0.1429
4,4.0000,33,45,373.2985,-79.1371,-0.6801,23,0.5750,0.7143,7,8,8,0,0,8,8,0.0000
4,4.0000,33,46,650.4426,-85.3562,-0.0890,6,0.1500,0.8571,7,8,8,0,0,8,8,0.0000
4,4.0000,34,0,745.7998,-86.7554,-1.3593,3,0.0750,0.8571,7,8,8,0,0,8,8,0.0000
4,4.0000,34,1,549.9168,-84.2513,-0.3975,14,0.3500,0.8571,7,8,7,0,0,8,7,0.1250
4,4.0000,34,2,589.9815,-83.6065,-1.9248,10,0.2500,0.6667,6,6,5,0,0,6,5,0.1667
4,4.0000,34,5,173.8706,-74.4936,-0.1354,36,0.9000,0.0000,4,4,0,0,0,4,0,1.0000
4,4.0000,34,7,779.8460,-86.5727,-0.9646,5,0.1250,1.0000,8,6,6,0,0,6,6,0.0000
4,4.0000,34,8,505.8937,-83.5922,0.1259,14,0.3500,0.6667,6,7,5,0,0,7,5,0.2857
4,4.0000,34,10,740.3643,-87.1082,0.1887,6,0.1500,0.8750,8,8,8,0,0,8,8,0.0000
4,4.0000,34,11,542.5650,-85.0356,-1.0101,6,0.1500,0.8571,7,8,7,0,0,8,7,0.1250
4,4.0000,34,13,615.8321,-85.9101,0.4232,13,0.3250,0.8571,7,6,6,0,0,6,6,0.0000
4,4.0000,34,17,579.6747,-86.9865,-0.8940,6,0.1500,0.8571,7,8,8,0,0,8,8,0.0000
4,4.0000,34,19,359.7490,-80.4600,0.3313,20,0.5000,0.5000,6,6,3,0,0,6,3,0.5000
4,4.0000,34,20,524.9989,-85.0038,0.1484,11,0.2750,0.7143,7,7,6,0,0,7,6,0.1429
4,4.0000,34,21,356.6266,-81.0145,-0.3999,19,0.4750,0.6667,6,5,4,0,0,5,4,0.2000
4,4.0000,34,22,554.8888,-83.8845,-0.3860,9,0.2250,0.7500,8,7,6,0,0,7,6,0.1429
4,4.0000,34,23,531.4557,-84.2952,-0.7090,9,0.2250,0.8333,6,6,4,0,0,6,4,0.3333
4,4.0000,34,25,693.4128,-86.0673,0.2573,5,0.1250,0.8750,8,8,8,0,0,8,8,0.0000
4,4.0000,34,26,526.9481,-85.2248,-0.3405,15,0.3750,1.0000,8,8,8,0,0,8,8,0.0000
4,4.0000,34,27,615.9876,-85.3168,0.3182,8,0.2000,1.0000,8,8,8,0,0,8,8,0.0000
4,4.0000,34,29,734.4526,-86.7397,0.2326,9,0.2250,1.0000,8,8,8,0,0,8,8,0.0000
4,4.0000,34,31,428.7670,-80.6326,-1.0117,15,0.3750,1.0000,8,8,8,0,0,8,8,0.0000
4,4.0000,34,32,884.4090,-88.8244,-0.4141,3,0.0750,1.0000,8,4,4,0,0,4,4,0.0000
4,4.0000,34,35,770.6585,-87.8303,0.2689,7,0.1750,1.0000,2,6,6,0,0,6,6,0.0000
4,4.0000,34,36,451.2564,-84.1568,0.1600,17,0.4250,0.7500,8,6,4,0,0,6,4,0.3333
4,4.0000,34,38,140.5753,-68.3952,-0.9391,34,0.8500,0.2000,5,4,0,0,0,4,0,1.0000
4,4.0000,34,39,1012.3143,-88.6830,0.1259,5,0.1250,1.0000,8,4,4,0,0,4,4,0.0000
4,4.0000,34,40,226.9398,-76.9148,0.2339,34,0.8500,0.2000,5,7,3,0,0,7,3,0.5714
4,4.0000,34,43,234.5617,-78.2548,0.8255,31,0.7750,0.2000,5,6,3,0,0,6,3,0.5000
4,4.0000,34,46,605.3914,-82.5571,-0.6385,10,0.2500,0.5000,6,8,8,0,0,8,8,0.0000
4,4.0000,34,47,739.4649,-85.4692,-0.6100,5,0.1250,1.0000,6,7,6,0,0,7,6,0.1429
4,4.0000,35,1,222.0141,-77.1984,0.4971,32,0.8000,0.0000,4,4,0,0,0,4,0,1.0000
4,4.0000,35,5,639.0731,-87.3218,-0.7365,5,0.1250,1.0000,8,7,5,0,0,7,5,0.2857
4,4.0000,35,8,863.0855,-85.3287,0.1260,5,0.1250,1.0000,8,8,8,0,0,8,8,0.0000
4,4.0000,35,10,480.1353,-82.9819,0.1847,18,0.4500,0.4000,5,7,4,0,0,7,4,0.4286
4,4.0000,35,13,204.4133,-75.1322,-0.3508,33,0.8250,0.0000,4,6,2,0,0,6,2,0.6667
4,4.0000,35,16,909.8946,-87.3014,-0.0687,5,0.1250,1.0000,4,6,6,0,0,6,6,0.0000
4,4.0000,35,19,745.9725,-87.2633,-0.7638,3,0.0750,1.0000,8,8,8,0,0,8,8,0.0000
4,4.0000,35,26,361.2476,-81.6104,-0.1131,19,0.4750,0.2000,5,7,6,0,0,7,6,0.1429
4,4.0000,35,29,369.6546,-81.3099,0.3455,21,0.5250,0.4000,5,5,1,0,0,5,1,0.8000
4,4.0000,35,36,403.7027,-81.4601,-0.0878,21,0.5250,0.7143,7,7,4,0,0,7,4,0.4286
4,4.0000,35,43,793.8531,-85.6314,-1.4400,3,0.0750,1.0000,6,8,8,0,0,8,8,0.0000
4,4.0000,35,47,453.6188,-83.4355,-0.2795,17,0.4250,0.8750,8,5,1,0,0,5,1,0.8000
4,4.0000,36,1,229.1188,-76.0456,-0.0749,33,0.8250,0.0000,4,4,0,0,0,4,0,1.0000
4,4.0000,36,5,383.3219,-81.3035,0.1418,17,0.4250,0.6667,6,8,8,0,0,8,8,0.0000
4,4.0000,36,8,741.3516,-84.9239,0.0037,7,0.1750,1.0000,8,8,8,0,0,8,8,0.0000
4,4.0000,36,10,569.4793,-84.2367,-0.4925,19,0.4750,1.0000,8,8,7,0,0,8,7,0.1250
4,4.0000,36,11,871.5576,-86.2155,-0.8721,4,0.1000,1.0000,8,8,8,0,0,8,8,0.0000
4,4.0000,36,12,1056.9707,-87.7635,-0.0564,6,0.1500,1.0000,8,4,4,0,0,4,4,0.0000
4,4.0000,36,13,205.2651,-77.5234,0.7495,34,0.8500,0.4000,5,4,0,0,0,4,0,1.0000
4,4.0000,36,19,522.8684,-81.5398,-1.1841,13,0.3250,0.8571,7,8,8,0,0,8,8,0.0000
4,4.0000,36,23,960.5242,-87.9655,0.4209,3,0.0750,1.0000,8,8,8,0,0,8,8,0.0000
4,4.0000,36,26,324.7787,-80.9680,-0.2491,23,0.5750,0.5000,6,5,1,0,0,5,1,0.8000
4,4.0000,36,27,963.9768,-87.7631,-0.9437,3,0.0750,1.0000,8,8,8,0,0,8,8,0.0000
4,4.0000,36,29,477.9017,-84.1324,-0.5478,22,0.5500,0.7500,8,7,6,0,0,7,6,0.1429
4,4.0000,36,34,451.2564,-81.8538,-0.9168,13,0.3250,0.7143,7,8,8,0,0,8,8,0.0000
4,4.0000,36,35,403.7027,-83.3888,0.1729,27,0.6750,0.2500,4,5,1,0,0,5,1,0.8000
4,4.0000,36,38,508.6973,-82.8224,0.1101,12,0.3000,0.8571,7,7,5,0,0,7,5,0.2857
4,4.0000,36,40,567.2026,-84.8757,-0.4642,10,0.2500,1.0000,8,8,8,0,0,8,8,0.0000
4,4.0000,36,43,576.1926,-83.3485,-0.0115,12,0.3000,0.8750,8,8,8,0,0,8,8,0.0000
4,4.0000,36,47,589.0298,-84.5753,0.3511,17,0.4250,0.6667,6,6,4,0,0,6,4,0.3333
4,4.0000,37,0,324.7339,-79.7289,-0.3585,27,0.6750,0.5714,7,7,6,0,0,7,6,0.1429
4,4.0000,37,2,662.0787,-86.0810,0.0987,10,0.2500,0.7500,8,7,6,0,0,7,6,0.1429
4,4.0000,37,3,288.2885,-77.2476,-0.5606,27,0.6750,0.5714,7,7,4,0,0,7,4,0.4286
4,4.0000,37,4,470.6950,-85.1876,0.0351,22,0.5500,1.0000,8,8,7,0,0,8,7,0.1250
4,4.0000,37,5,1061.6159,-88.7775,0.5392,3,0.0750,1.0000,8,6,6,0,0,6,6,0.0000
4,4.0000,37,6,306.4727,-79.9760,0.4350,29,0.7250,0.4000,5,6,2,0,0,6,2,0.6667
4,4.0000,37,7,378.7143,-81.1623,0.4959,27,0.6750,0.6667,6,8,7,0,0,8,7,0.1250
4,4.0000,37,9,495.9866,-85.3095,0.6487,21,0.5250,0.7143,7,7,4,0,0,7,4,0.4286
4,4.0000,37,11,441.8666,-81.3675,-0.7373,19,0.4750,0.7143,7,6,4,0,0,6,4,0.3333
4,4.0000,37,14,760.2776,-87.0702,-0.2500,12,0.3000,1.0000,8,7,6,0,0,7,6,0.1429
4,4.0000,37,15,249.4567,-76.1055,-0.4680,35,0.8750,0.5000,6,7,4,0,0,7,4,0.4286
4,4.0000,37,17,504.6742,-82.8716,0.3868,21,0.5250,0.5714,7,8,8,0,0,8,8,0.0000
4,4.0000,37,18,940.9170,-87.4898,0.5162,10,0.2500,1.0000,6,8,8,0,0,8,8,0.0000
4,4.0000,37,19,966.1090,-88.7946,-0.0704,4,0.1000,1.0000,4,6,6,0,0,6,6,0.0000
4,4.0000,37,20,588.6771,-85.5947,-0.8413,13,0.3250,0.7143,7,8,8,0,0,8,8,0.0000
4,4.0000,37,21,820.8087,-87.4700,0.6044,12,0.3000,1.0000,6,8,8,0,0,8,8,0.0000
4,4.0000,37,22,619.7033,-84.8747,-1.2655,13,0.3250,1.0000,8,8,8,0,0,8,8,0.0000
4,4.0000,37,23,624.7780,-86.3980,-0.6930,11,0.2750,0.6667,6,8,8,0,0,8,8,0.0000
4,4.0000,37,24,751.2845,-86.4540,-0.2927,16,0.4000,0.6667,3,3,2,0,0,3,2,0.3333
4,4.0000,37,25,340.5256,-78.2215,-0.9089,29,0.7250,0.2000,5,7,6,0,0,7,6,0.1429
4,4.0000,37,27,706.9773,-85.5532,-0.3429,15,0.3750,0.8750,8,8,8,0,0,8,8,0.0000
4,4.0000,37,28,701.2182,-86.4059,-0.3003,15,0.3750,1.0000,4,6,6,0,0,6,6,0.0000
4,4.0000,37,30,515.5052,-84.0324,-0.8871,22,0.5500,0.5000,6,8,8,0,0,8,8,0.0000
4,4.0000,37,31,589.4050,-84.6547,0.2604,14,0.3500,0.8571,7,8,8,0,0,8,8,0.0000
4,4.0000,37,32,342.8301,-80.9722,0.1528,28,0.7000,0.5714,7,6,2,0,0,6,2,0.6667
4,4.0000,37,33,360.8292,-81.5277,-0.0483,24,0.6000,0.7143,7,6,4,0,0,6,4,0.3333
4,4.0000,37,38,902.9397,-87.2329,0.2247,4,0.1000,1.0000,6,4,4,0,0,4,4,0.0000
4,4.0000,37,39,171.0867,-76.6078,1.6900,32,0.8000,0.0000,3,5,1,0,0,5,1,0.8000
4,4.0000,37,40,1062.6491,-88.7584,-2.3453,4,0.1000,1.0000,4,4,4,0,0,4,4,0.0000
4,4.0000,37,41,233.5601,-78.0316,0.7480,32,0.8000,0.6667,6,6,2,0,0,6,2,0.6667
4,4.0000,37,42,649.5278,-85.6747,-0.0304,20,0.5000,0.8571,7,7,6,0,0,7,6,0.1429
4,4.0000,37,44,659.0681,-86.7539,-0.5053,18,0.4500,0.8571,7,8,7,0,0,8,7,0.1250
4,4.0000,37,45,430.2199,-83.4795,-0.1116,21,0.5250,0.6667,6,8,7,0,0,8,7,0.1250
4,4.0000,37,46,378.8857,-81.5163,-0.0679,21,0.5250,0.5714,7,8,8,0,0,8,8,0.0000
4,4.0000,38,0,665.5629,-86.6015,0.3697,7,0.1750,1.0000,6,8,8,0,0,8,8,0.0000
4,4.0000,38,1,645.6420,-84.5750,-0.2689,18,0.4500,0.8750,8,6,6,0,0,6,6,0.0000
4,4.0000,38,2,637.9225,-85.7675,0.3124,13,0.3250,0.8750,8,8,7,0,0,8,7,0.1250
4,4.0000,38,5,310.8491,-77.1348,-0.8787,31,0.7750,0.3333,6,4,2,0,0,4,2,0.5000
4,4.0000,38,6,1018.1269,-89.2549,0.1997,4,0.1000,1.0000,4,6,6,0,0,6,6,0.0000
4,4.0000,38,7,684.6852,-86.3407,-0.3199,9,0.2250,1.0000,8,8,8,0,0,8,8,0.0000
4,4.0000,38,8,632.3166,-85.0065,-0.2051,17,0.4250,1.0000,8,3,2,0,0,3,2,0.3333
4,4.0000,38,10,866.5701,-86.9428,-0.3780,11,0.2750,1.0000,6,8,8,0,0,8,8,0.0000
4,4.0000,38,11,493.8975,-84.0836,0.6198,14,0.3500,0.8571,7,8,8,0,0,8,8,0.0000
4,4.0000,38,13,690.3795,-85.7522,-0.3324,18,0.4500,1.0000,8,8,8,0,0,8,8,0.0000
4,4.0000,38,15,1026.6004,-88.2738,-0.2227,5,0.1250,1.0000,8,8,8,0,0,8,8,0.0000
4,4.0000,38,17,506.7530,-84.4990,0.1641,12,0.3000,1.0000,8,8,8,0,0,8,8,0.0000
4,4.0000,38,19,474.6268,-82.0302,-0.3049,19,0.4750,0.5000,4,8,7,0,0,8,7,0.1250
4,4.0000,38,20,563.7665,-86.0198,-0.0978,12,0.3000,0.8750,8,8,8,0,0,8,8,0.0000
4,4.0000,38,21,298.5577,-80.0937,0.8320,24,0.6000,0.6667,6,6,2,0,0,6,2,0.6667
4,4.0000,38,22,597.4922,-85.8980,0.8665,10,0.2500,1.0000,8,8,8,0,0,8,8,0.0000
4,4.0000,38,23,551.8312,-83.4998,0.6821,15,0.3750,0.6667,6,8,8,0,0,8,8,0.0000
4,4.0000,38,25,682.9393,-86.3575,0.0689,9,0.2250,1.0000,4,8,8,0,0,8,8,0.0000
4,4.0000,38,26,644.5741,-85.3811,0.3752,13,0.3250,0.8000,5,6,4,0,0,6,4,0.3333
4,4.0000,38,27,681.7735,-86.5564,0.8558,7,0.1750,1.0000,8,7,6,0,0,7,6,0.1429
4,4.0000,38,29,849.5013,-87.7301,0.1783,9,0.2250,1.0000,8,8,8,0,0,8,8,0.0000
4,4.0000,38,31,452.0276,-82.5418,-0.3572,13,0.3250,0.5000,6,8,8,0,0,8,8,0.0000
4,4.0000,38,32,812.7140,-89.1557,0.4124,4,0.1000,1.0000,4,7,6,0,0,7,6,0.1429
4,4.0000,38,34,140.5753,-68.3054,-1.2525,35,0.8750,0.2000,5,5,2,0,0,5,2,0.6000
4,4.0000,38,35,862.3108,-87.0232,0.0748,14,0.3500,1.0000,4,6,6,0,0,6,6,0.0000
4,4.0000,38,36,508.6973,-81.2572,-0.7866,24,0.6000,1.0000,8,8,8,0,0,8,8,0.0000
4,4.0000,38,37,902.9397,-86.8365,-2.5053,4,0.1000,1.0000,6,8,8,0,0,8,8,0.0000
4,4.0000,38,39,972.4471,-88.5794,0.0798,3,0.0750,,0,6,6,0,0,6,6,0.0000
4,4.0000,38,40,316.8540,-78.1481,-0.7466,32,0.8000,0.7500,8,7,5,0,0,7,5,0.2857
4,4.0000,38,41,978.1289,-88.7151,-0.1976,6,0.1500,1.0000,6,6,6,0,0,6,6,0.0000
4,4.0000,38,43,331.9831,-79.5132,-0.0143,28,0.7000,0.7143,7,5,2,0,0,5,2,0.6000
4,4.0000,38,46,535.4712,-82.8036,0.1082,10,0.2500,1.0000,8,8,8,0,0,8,8,0.0000
4,4.0000,38,47,871.6727,-87.8238,0.8968,11,0.2750,1.0000,6,2,2,0,0,2,2,0.0000
4,4.0000,39,0,391.9724,-82.8712,-0.8623,9,0.2250,1.0000,8,7,5,0,0,7,5,0.2857
4,4.0000,39,2,639.2281,-84.8498,1.2118,4,0.1000,1.0000,8,8,7,0,0,8,7,0.1250
4,4.0000,39,3,297.9813,-77.5577,-0.3907,23,0.5750,0.4000,5,7,5,0,0,7,5,0.2857
4,4.0000,39,4,382.6758,-80.8788,-0.2781,25,0.6250,0.6667,6,5,2,0,0,5,2,0.6000
4,4.0000,39,6,347.1816,-80.1185,0.9983,19,0.4750,0.7143,7,6,3,0,0,6,3,0.5000
4,4.0000,39,7,468.6848,-83.8691,0.1191,9,0.2250,0.6000,5,7,5,0,0,7,5,0.2857
4,4.0000,39,9,363.6027,-80.0949,-0.4167,28,0.7000,0.0000,4,6,3,0,0,6,3,0.5000
4,4.0000,39,11,552.9501,-84.7276,-0.2476,4,0.1000,0.5000,6,7,6,0,0,7,6,0.1429
4,4.0000,39,14,789.8047,-87.2327,0.1458,7,0.1750,0.8333,6,8,8,0,0,8,8,0.0000
4,4.0000,39,15,295.5106,-78.4242,-0.5519,26,0.6500,0.7143,7,5,2,0,0,5,2,0.6000
4,4.0000,39,17,530.1119,-85.6518,-0.6998,6,0.1500,1.0000,8,8,5,0,0,8,5,0.3750
4,4.0000,39,18,885.8958,-86.2323,-1.3277,8,0.2000,1.0000,2,8,8,0,0,8,8,0.0000
4,4.0000,39,20,634.4642,-87.5856,0.6194,4,0.1000,1.0000,8,8,8,0,0,8,8,0.0000
4,4.0000,39,22,614.8453,-85.3670,1.7981,3,0.0750,1.0000,8,6,4,0,0,6,4,0.3333
4,4.0000,39,23,604.9752,-84.8601,0.2805,3,0.0750,1.0000,8,8,8,0,0,8,8,0.0000
4,4.0000,39,24,752.6118,-87.2165,0.1640,5,0.1250,0.6000,5,7,6,0,0,7,6,0.1429
4,4.0000,39,25,420.6869,-81.4207,-0.4612,9,0.2250,0.7500,8,7,5,0,0,7,5,0.2857
4,4.0000,39,27,698.2618,-86.6852,-0.4194,3,0.0750,1.0000,8,7,6,0,0,7,6,0.1429
4,4.0000,39,28,696.5505,-87.1682,-0.4825,7,0.1750,1.0000,8,7,5,0,0,7,5,0.2857
4,4.0000,39,30,446.3541,-81.6555,-0.9258,21,0.5250,0.2000,5,8,7,0,0,8,7,0.1250
4,4.0000,39,31,635.1709,-86.2067,-0.0159,4,0.1000,0.8000,5,8,7,0,0,8,7,0.1250
4,4.0000,39,32,319.6717,-80.4118,0.8210,16,0.4000,0.7143,7,5,2,0,0,5,2,0.6000
4,4.0000,39,33,209.1094,-75.3418,-0.5685,36,0.9000,0.2000,5,4,0,0,0,4,0,1.0000
4,4.0000,39,37,171.0867,-76.2349,1.1028,25,0.6250,0.3333,6,4,0,0,0,4,0,1.0000
4,4.0000,39,41,110.9750,-72.2921,1.3236,35,0.8750,0.0000,4,5,1,0,0,5,1,0.8000
4,4.0000,39,42,562.9177,-83.1134,0.0408,19,0.4750,0.5000,6,7,6,0,0,7,6,0.1429
4,4.0000,39,44,646.5895,-84.9682,-0.2112,13,0.3250,0.5000,4,8,7,0,0,8,7,0.1250
4,4.0000,39,45,391.7571,-82.5239,0.2237,16,0.4000,0.8571,7,7,6,0,0,7,6,0.1429
4,4.0000,39,46,476.3071,-86.0918,0.8499,7,0.1750,1.0000,8,7,5,0,0,7,5,0.2857
4,4.0000,40,0,853.5056,-87.6796,0.2752,4,0.1000,1.0000,8,6,6,0,0,6,6,0.0000
4,4.0000,40,1,587.0074,-84.6107,0.2708,13,0.3250,1.0000,8,7,4,0,0,7,4,0.4286
4,4.0000,40,2,586.3248,-84.0169,-0.1397,11,0.2750,0.7143,7,7,6,0,0,7,6,0.1429
4,4.0000,40,5,241.6317,-77.9852,0.8224,21,0.5250,0.3333,6,5,1,55,26,60,27,0.5500
4,4.0000,40,7,903.8399,-88.0860,-0.4715,6,0.1500,1.0000,6,8,8,0,0,8,8,0.0000
4,4.0000,40,8,441.8083,-82.7768,0.2218,18,0.4500,0.7143,7,5,4,0,0,5,4,0.2000
4,4.0000,40,10,768.6355,-86.2601,-0.1426,7,0.1750,1.0000,4,8,8,0,0,8,8,0.0000
4,4.0000,40,11,702.6309,-86.0977,-0.5187,6,0.1500,1.0000,8,8,8,0,0,8,8,0.0000
4,4.0000,40,13,678.5115,-84.7823,0.0845,10,0.2500,0.8333,6,8,8,0,0,8,8,0.0000
4,4.0000,40,17,649.7071,-85.2429,0.2366,7,0.1750,1.0000,8,8,8,0,0,8,8,0.0000
4,4.0000,40,19,451.5141,-83.2505,-0.0241,12,0.3000,0.6667,6,8,7,0,0,8,7,0.1250
4,4.0000,40,20,619.3361,-84.5228,-0.3939,8,0.2000,1.0000,6,8,7,2,2,10,9,0.1000
4,4.0000,40,21,358.9645,-80.0861,0.5620,23,0.5750,0.5714,7,7,5,0,0,7,5,0.2857
4,4.0000,40,22,579.4403,-86.0710,1.8636,7,0.1750,1.0000,8,7,6,0,0,7,6,0.1429
4,4.0000,40,23,528.7520,-83.3886,0.5382,14,0.3500,0.8000,5,8,8,52,47,60,55,0.0833
4,4.0000,40,26,575.4358,-85.5689,0.6719,14,0.3500,0.0000,3,7,6,0,0,7,6,0.1429
4,4.0000,40,27,628.1565,-85.5640,1.1825,9,0.2250,1.0000,6,8,8,0,0,8,8,0.0000
4,4.0000,40,29,784.4203,-87.2557,0.1388,5,0.1250,0.7143,7,8,7,0,0,8,7,0.1250
4,4.0000,40,31,524.5497,-84.9158,1.5877,8,0.2000,0.6667,6,8,8,2,2,10,10,0.0000
4,4.0000,40,32,952.4294,-88.4534,0.4337,4,0.1000,1.0000,8,8,8,0,0,8,8,0.0000
4,4.0000,40,34,226.9398,-77.1386,-0.3443,28,0.7000,0.2000,5,4,0,0,0,4,0,1.0000
4,4.0000,40,35,791.0530,-86.7498,0.9462,9,0.2250,,0,6,6,0,0,6,6,0.0000
4,4.0000,40,36,567.2026,-84.3631,0.2816,16,0.4000,1.0000,6,7,5,0,0,7,5,0.2857
4,4.0000,40,38,316.8540,-77.9962,-0.5961,26,0.6500,0.6667,6,5,1,0,0,5,1,0.8000
4,4.0000,40,41,1071.3140,-87.5901,-0.1763,3,0.0750,1.0000,4,2,2,0,0,2,2,0.0000
4,4.0000,40,43,30.4882,-65.7267,3.9462,36,0.9000,0.0000,4,4,0,0,0,4,0,1.0000
4,4.0000,40,46,740.9594,-88.3933,0.7475,5,0.1250,0.8333,6,10,10,0,0,10,10,0.0000
4,4.0000,40,47,730.3710,-86.4911,0.3290,5,0.1250,1.0000,6,7,6,0,0,7,6,0.1429
4,4.0000,41,0,458.0107,-84.5286,0.8329,10,0.2500,0.8750,8,6,4,0,0,6,4,0.3333
4,4.0000,41,2,576.6752,-84.5993,-0.8263,5,0.1250,1.0000,8,8,7,0,0,8,7,0.1250
4,4.0000,41,3,407.3883,-81.7684,1.1552,18,0.4500,0.7143,7,6,4,0,0,6,4,0.3333
4,4.0000,41,4,471.0211,-83.0685,0.7962,17,0.4250,0.8750,8,6,4,0,0,6,4,0.3333
4,4.0000,41,6,295.8189,-78.7441,0.7605,24,0.6000,0.5000,6,6,3,0,0,6,3,0.5000
4,4.0000,41,7,545.8891,-85.3694,0.6934,9,0.2250,0.7143,7,7,5,0,0,7,5,0.2857
4,4.0000,41,9,351.5499,-82.0114,0.4463,21,0.5250,0.3333,6,6,3,0,0,6,3,0.5000
4,4.0000,41,11,565.7817,-83.9678,0.0174,7,0.1750,1.0000,8,8,8,0,0,8,8,0.0000
4,4.0000,41,14,900.5608,-87.3504,-0.5811,6,0.1500,1.0000,2,8,8,0,0,8,8,0.0000
4,4.0000,41,15,403.2381,-80.7386,-0.0159,18,0.4500,1.0000,8,7,5,0,0,7,5,0.2857
4,4.0000,41,17,563.1746,-84.4656,-0.7429,8,0.2000,1.0000,8,8,8,0,0,8,8,0.0000
4,4.0000,41,18,920.8959,-86.2067,-0.3865,8,0.2000,1.0000,6,6,6,0,0,6,6,0.0000
4,4.0000,41,20,585.1787,-83.2370,2.0564,7,0.1750,0.8333,6,8,6,0,0,8,6,0.2500
4,4.0000,41,21,854.1024,-86.9728,-2.2592,4,0.1000,1.0000,6,8,8,0,0,8,8,0.0000
4,4.0000,41,22,557.1928,-84.1504,0.7830,8,0.2000,0.8571,7,8,7,0,0,8,7,0.1250
4,4.0000,41,23,566.6357,-83.6149,0.1369,6,0.1500,1.0000,6,8,8,0,0,8,8,0.0000
4,4.0000,41,25,391.8044,-79.1569,-0.3094,16,0.4000,0.5000,6,7,6,0,0,7,6,0.1429
4,4.0000,41,27,625.1045,-83.2754,-2.0419,9,0.2250,1.0000,8,8,7,0,0,8,7,0.1250
4,4.0000,41,28,804.2353,-88.3119,-0.4626,6,0.1500,1.0000,4,8,8,0,0,8,8,0.0000
4,4.0000,41,30,525.3163,-83.2429,-0.0241,17,0.4250,0.8571,7,8,7,0,0,8,7,0.1250
4,4.0000,41,31,602.9968,-85.2815,-1.1564,4,0.1000,1.0000,8,8,8,0,0,8,8,0.0000
4,4.0000,41,32,397.7984,-82.1873,0.7097,15,0.3750,0.5000,6,5,1,0,0,5,1,0.8000
4,4.0000,41,33,258.1013,-78.8725,0.9721,25,0.6250,0.7143,7,5,2,0,0,5,2,0.6000
4,4.0000,41,37,233.5601,-78.0766,0.2753,28,0.7000,0.0000,3,6,2,0,0,6,2,0.6667
4,4.0000,41,39,110.9750,-72.9689,1.1566,34,0.8500,0.2000,5,5,1,0,0,5,1,0.8000
4,4.0000,41,42,633.9710,-84.9576,0.6006,13,0.3250,1.0000,6,8,8,0,0,8,8,0.0000
4,4.0000,41,44,743.0184,-86.3226,0.2927,8,0.2000,0.8571,7,6,6,0,0,6,6,0.0000
4,4.0000,41,45,487.1818,-84.4920,0.8011,8,0.2000,0.8750,8,8,8,0,0,8,8,0.0000
4,4.0000,41,46,511.6302,-83.6375,0.2099,6,0.1500,0.8750,8,7,6,0,0,7,6,0.1429
4,4.0000,42,0,794.3172,-88.3287,-0.4903,9,0.2250,0.8571,7,8,8,0,0,8,8,0.0000
4,4.0000,42,2,1168.4986,-89.2943,-0.2268,4,0.1000,1.0000,8,6,6,0,0,6,6,0.0000
4,4.0000,42,3,499.7166,-82.4600,-0.0536,16,0.4000,0.8571,7,8,8,0,0,8,8,0.0000
4,4.0000,42,4,247.0315,-74.6021,-1.5518,32,0.8000,0.2500,4,5,1,0,0,5,1,0.8000
4,4.0000,42,6,819.0824,-88.3437,0.6720,6,0.1500,1.0000,8,5,4,0,0,5,4,0.2000
4,4.0000,42,7,815.0095,-88.1691,0.3459,9,0.2250,1.0000,8,8,8,0,0,8,8,0.0000
4,4.0000,42,9,440.9939,-80.9797,-0.7297,24,0.6000,0.5714,7,7,6,0,0,7,6,0.1429
4,4.0000,42,11,1059.5792,-88.2277,-0.0705,3,0.0750,1.0000,8,8,8,0,0,8,8,0.0000
4,4.0000,42,14,622.7108,-85.4709,0.0524,19,0.4750,1.0000,8,8,8,0,0,8,8,0.0000
4,4.0000,42,15,485.9370,-84.2958,0.4946,17,0.4250,0.7143,7,7,6,0,0,7,6,0.1429
4,4.0000,42,18,521.7506,-83.7199,0.6792,23,0.5750,0.5000,6,6,4,0,0,6,4,0.3333
4,4.0000,42,22,1156.8896,-89.5334,-0.0288,3,0.0750,,0,4,4,0,0,4,4,0.0000
4,4.0000,42,24,483.3783,-85.0004,0.2041,25,0.6250,0.8750,8,5,2,0,0,5,2,0.6000
4,4.0000,42,25,974.5451,-87.6763,-1.4043,6,0.1500,1.0000,6,4,4,0,0,4,4,0.0000
4,4.0000,42,28,456.8988,-83.1111,0.3983,31,0.7750,0.8571,7,8,8,0,0,8,8,0.0000
4,4.0000,42,30,142.2294,-72.8235,0.1234,35,0.8750,0.0000,4,4,0,0,0,4,0,1.0000
4,4.0000,42,32,643.9713,-85.6476,-0.1154,15,0.3750,1.0000,8,8,8,0,0,8,8,0.0000
4,4.0000,42,33,396.7260,-80.6200,-0.3950,25,0.6250,0.8750,8,8,7,0,0,8,7,0.1250
4,4.0000,42,37,649.5278,-86.0277,0.0667,10,0.2500,1.0000,8,8,8,0,0,8,8,0.0000
4,4.0000,42,39,562.9177,-83.6565,-0.1834,16,0.4000,0.8571,7,8,8,0,0,8,8,0.0000
4,4.0000,42,41,633.9710,-85.5054,1.5287,10,0.2500,0.8750,8,6,4,0,0,6,4,0.3333
4,4.0000,42,44,295.2384,-79.1408,-0.1131,31,0.7750,0.5000,6,5,1,0,0,5,1,0.8000
4,4.0000,42,45,526.9887,-83.5166,-1.2102,23,0.5750,0.8571,7,8,7,0,0,8,7,0.1250
4,4.0000,42,46,947.8312,-87.6202,-0.3404,6,0.1500,1.0000,6,8,8,0,0,8,8,0.0000
4,4.0000,43,1,589.7810,-82.4044,0.0636,13,0.3250,0.8571,7,7,6,0,0,7,6,0.1429
4,4.0000,43,2,564.7261,-84.2023,0.3417,8,0.2000,1.0000,8,8,8,0,0,8,8,0.0000
4,4.0000,43,5,236.5863,-77.4798,1.0486,27,0.6750,0.4000,5,7,3,0,0,7,3,0.5714
4,4.0000,43,8,412.0295,-81.3452,-0.6411,19,0.4750,0.5000,6,8,7,0,0,8,7,0.1250
4,4.0000,43,10,754.0075,-86.7101,-0.0905,4,0.1000,1.0000,8,7,6,0,0,7,6,0.1429
4,4.0000,43,11,699.4177,-85.7999,0.8225,3,0.0750,1.0000,6,8,8,0,0,8,8,0.0000
4,4.0000,43,13,685.3104,-85.2357,0.2677,12,0.3000,0.8571,7,8,8,0,0,8,8,0.0000
4,4.0000,43,17,651.3963,-86.3529,1.2835,3,0.0750,1.0000,8,8,8,0,0,8,8,0.0000
4,4.0000,43,19,433.4807,-81.6450,0.0510,11,0.2750,0.8571,7,8,7,0,0,8,7,0.1250
4,4.0000,43,20,601.8142,-86.8226,-2.5881,3,0.0750,1.0000,8,7,6,0,0,7,6,0.1429
4,4.0000,43,21,369.7153,-82.3662,1.5037,12,0.3000,1.0000,8,8,5,0,0,8,5,0.3750
4,4.0000,43,22,559.2848,-84.2113,0.7742,8,0.2000,1.0000,8,7,6,0,0,7,6,0.1429
4,4.0000,43,23,513.2308,-84.0048,-0.5378,10,0.2500,0.8000,5,8,8,0,0,8,8,0.0000
4,4.0000,43,26,568.1603,-83.9556,0.3363,12,0.3000,1.0000,8,8,8,0,0,8,8,0.0000
4,4.0000,43,27,603.7536,-85.9323,-0.9030,6,0.1500,1.0000,8,7,6,0,0,7,6,0.1429
4,4.0000,43,29,774.9217,-86.6666,0.2679,6,0.1500,0.8571,7,7,6,0,0,7,6,0.1429
4,4.0000,43,31,510.7087,-85.4675,-0.2029,6,0.1500,0.8750,8,8,8,0,0,8,8,0.0000
4,4.0000,43,34,234.5617,-78.7536,0.3623,20,0.5000,0.2000,5,5,2,0,0,5,2,0.6000
4,4.0000,43,35,793.8531,-86.7145,-0.5065,7,0.1750,1.0000,4,5,4,0,0,5,4,0.2000
4,4.0000,43,36,576.1926,-83.7175,0.2182,11,0.2750,0.8333,6,7,6,0,0,7,6,0.1429
4,4.0000,43,38,331.9831,-79.0710,0.0609,20,0.5000,0.5714,7,7,4,0,0,7,4,0.4286
4,4.0000,43,40,30.4882,-65.6170,3.2364,34,0.8500,0.0000,4,4,0,0,0,4,0,1.0000
4,4.0000,43,46,740.3459,-86.9946,-1.0151,3,0.0750,1.0000,8,7,6,0,0,7,6,0.1429
4,4.0000,43,47,715.5182,-86.3255,-0.1911,9,0.2250,0.8571,7,6,6,0,0,6,6,0.0000
4,4.0000,44,0,766.3027,-87.1083,-0.3709,5,0.1250,1.0000,6,8,8,0,0,8,8,0.0000
4,4.0000,44,3,471.8927,-82.9985,0.1320,13,0.3250,0.6667,6,8,8,0,0,8,8,0.0000
4,4.0000,44,4,361.9035,-81.2777,-0.3587,23,0.5750,0.8571,7,6,3,0,0,6,3,0.5000
4,4.0000,44,6,872.5783,-88.1679,0.1201,4,0.1000,1.0000,8,8,8,0,0,8,8,0.0000
4,4.0000,44,7,745.8674,-87.3913,1.1600,6,0.1500,0.8750,8,8,8,0,0,8,8,0.0000
4,4.0000,44,9,647.4131,-84.5961,-0.1594,12,0.3000,0.7143,7,8,8,0,0,8,8,0.0000
4,4.0000,44,11,1030.0029,-88.3596,0.2178,5,0.1250,1.0000,8,8,8,0,0,8,8,0.0000
4,4.0000,44,14,402.6265,-81.7897,-0.6806,23,0.5750,0.5714,7,7,6,0,0,7,6,0.1429
4,4.0000,44,15,430.0362,-81.8374,-0.5420,13,0.3250,0.4000,5,7,5,0,0,7,5,0.2857
4,4.0000,44,17,963.6511,-87.4067,-1.6459,4,0.1000,1.0000,8,4,4,0,0,4,4,0.0000
4,4.0000,44,18,607.2226,-84.7719,0.0791,27,0.6750,0.8571,7,7,5,0,0,7,5,0.2857
4,4.0000,44,24,276.6709,-80.4109,0.5648,32,0.8000,0.0000,4,5,1,0,0,5,1,0.8000
4,4.0000,44,28,282.3746,-78.5401,-0.2437,32,0.8000,0.0000,4,4,0,0,0,4,0,1.0000
4,4.0000,44,30,269.5689,-77.8057,-0.0577,22,0.5500,0.8750,8,6,3,0,0,6,3,0.5000
4,4.0000,44,32,668.7153,-86.2486,0.2132,8,0.2000,0.8750,8,8,8,0,0,8,8,0.0000
4,4.0000,44,33,558.8530,-83.7159,-0.4834,11,0.2750,0.8750,8,8,7,0,0,8,7,0.1250
4,4.0000,44,37,659.0681,-86.8113,-0.2331,6,0.1500,1.0000,6,8,8,0,0,8,8,0.0000
4,4.0000,44,39,646.5895,-84.4371,-0.2956,10,0.2500,1.0000,8,8,8,0,0,8,8,0.0000
4,4.0000,44,41,743.0184,-85.7296,-0.4125,7,0.1750,0.8571,7,8,8,0,0,8,8,0.0000
4,4.0000,44,42,295.2384,-79.6546,0.4154,29,0.7250,0.3333,6,4,0,0,0,4,0,1.0000
4,4.0000,44,45,539.1323,-82.0634,0.4703,18,0.4500,0.6667,6,8,8,0,0,8,8,0.0000
4,4.0000,45,0,337.0907,-81.3767,0.6492,13,0.3250,0.5000,6,6,4,0,0,6,4,0.3333
4,4.0000,45,2,823.1694,-87.5130,-2.0451,3,0.0750,1.0000,4,8,8,0,0,8,8,0.0000
4,4.0000,45,3,181.5622,-75.8671,0.6811,25,0.6250,0.4000,5,5,1,0,0,5,1,0.8000
4,4.0000,45,4,286.3388,-78.1791,0.2780,22,0.5500,0.4000,5,7,4,0,0,7,4,0.4286
4,4.0000,45,6,718.3303,-88.0187,1.2815,5,0.1250,1.0000,8,8,8,0,0,8,8,0.0000
4,4.0000,45,7,360.4225,-82.7900,1.4152,12,0.3000,0.8571,7,7,6,0,0,7,6,0.1429
4,4.0000,45,9,622.9233,-85.5361,0.0175,9,0.2250,0.8571,7,8,8,0,0,8,8,0.0000
4,4.0000,45,11,657.9693,-86.8518,0.7896,6,0.1500,1.0000,8,8,8,0,0,8,8,0.0000
4,4.0000,45,14,505.2775,-82.3090,-0.5865,24,0.6000,0.8571,7,8,7,0,0,8,7,0.1250
4,4.0000,45,15,304.6090,-79.3009,1.2070,15,0.3750,0.4286,7,7,5,0,0,7,5,0.2857
4,4.0000,45,17,461.9937,-84.2167,0.7559,9,0.2250,0.8571,7,8,8,0,0,8,8,0.0000
4,4.0000,45,20,848.2255,-88.6116,-1.7107,4,0.1000,1.0000,4,8,8,0,0,8,8,0.0000
4,4.0000,45,21,773.5313,-86.5448,-1.0522,4,0.1000,0.7500,8,8,8,0,0,8,8,0.0000
4,4.0000,45,23,717.5725,-86.6889,0.2597,6,0.1500,1.0000,6,8,8,0,0,8,8,0.0000
4,4.0000,45,24,493.4689,-81.8159,-0.1554,20,0.5000,0.8000,5,7,5,0,0,7,5,0.2857
4,4.0000,45,25,670.0210,-87.0509,-0.9355,5,0.1250,1.0000,8,8,8,0,0,8,8,0.0000
4,4.0000,45,27,924.0520,-88.5902,0.4271,5,0.1250,1.0000,8,6,5,0,0,6,5,0.1667
4,4.0000,45,28,424.8058,-82.5944,-0.2385,20,0.5000,0.7143,7,7,6,0,0,7,6,0.1429
4,4.0000,45,30,453.2394,-80.6074,-0.8510,19,0.4750,0.6667,6,7,6,0,0,7,6,0.1429
4,4.0000,45,31,787.7012,-88.4565,5.9750,3,0.0750,1.0000,8,8,8,0,0,8,8,0.0000
4,4.0000,45,32,171.0247,-74.2380,-0.2900,30,0.7500,0.3333,6,6,2,0,0,6,2,0.6667
4,4.0000,45,33,373.2985,-79.6675,-1.2897,15,0.3750,0.6667,6,7,6,0,0,7,6,0.1429
4,4.0000,45,37,430.2199,-82.9372,0.3371,7,0.1750,0.8571,7,7,6,0,0,7,6,0.1429
4,4.0000,45,39,391.7571,-81.3162,-0.3791,11,0.2750,1.0000,8,8,7,0,0,8,7,0.1250
4,4.0000,45,41,487.1818,-82.8744,-0.2171,8,0.2000,0.4000,5,8,8,0,0,8,8,0.0000
4,4.0000,45,42,526.9887,-82.6643,0.1391,18,0.4500,0.7500,8,8,8,0,0,8,8,0.0000
4,4.0000,45,44,539.1323,-82.4522,-0.3357,20,0.5000,0.8571,7,7,5,0,0,7,5,0.2857
4,4.0000,45,46,515.3589,-85.2247,1.5139,7,0.1750,0.8750,8,7,6,0,0,7,6,0.1429
4,4.0000,46,0,180.1779,-75.8468,0.6273,28,0.7000,0.6250,8,6,2,0,0,6,2,0.6667
4,4.0000,46,1,1117.2037,-88.1765,-1.5711,3,0.0750,1.0000,8,6,6,0,0,6,6,0.0000
4,4.0000,46,2,544.9676,-83.3783,0.0257,11,0.2750,0.6667,6,7,6,0,0,7,6,0.1429
4,4.0000,46,3,463.1251,-83.6911,0.1435,11,0.2750,0.6667,6,8,8,0,0,8,8,0.0000
4,4.0000,46,4,720.3686,-86.6483,2.0701,5,0.1250,0.7143,7,8,8,0,0,8,8,0.0000
4,4.0000,46,5,740.3381,-85.2837,-1.8473,11,0.2750,1.0000,8,8,8,0,0,8,8,0.0000
4,4.0000,46,6,569.4758,-85.4462,0.6382,9,0.2250,0.8571,7,7,6,0,0,7,6,0.1429
4,4.0000,46,7,223.9323,-77.7630,0.1594,27,0.6750,0.3333,6,5,1,0,0,5,1,0.8000
4,4.0000,46,8,850.1126,-87.5154,-0.3006,5,0.1250,1.0000,6,2,2,0,0,2,2,0.0000
4,4.0000,46,9,839.5966,-87.6002,0.5638,4,0.1000,1.0000,6,8,8,0,0,8,8,0.0000
4,4.0000,46,11,150.1111,-70.6973,-1.3316,29,0.7250,0.3333,6,5,1,0,0,5,1,0.8000
4,4.0000,46,14,849.8188,-87.5261,0.6037,7,0.1750,,0,8,8,0,0,8,8,0.0000
4,4.0000,46,15,499.5853,-84.7100,0.2585,12,0.3000,1.0000,8,7,6,0,0,7,6,0.1429
4,4.0000,46,17,238.5874,-77.2387,0.4716,27,0.6750,0.2000,5,4,0,0,0,4,0,1.0000
4,4.0000,46,19,711.3558,-86.1362,-0.0555,9,0.2250,1.0000,6,5,4,0,0,5,4,0.2000
4,4.0000,46,20,435.8275,-83.4051,0.6648,15,0.3750,0.8750,8,7,6,0,0,7,6,0.1429
4,4.0000,46,21,494.0179,-81.5621,-0.0173,14,0.3500,0.8571,7,8,7,0,0,8,7,0.1250
4,4.0000,46,22,487.4075,-85.6609,1.7303,11,0.2750,0.8750,8,8,6,0,0,8,6,0.2500
4,4.0000,46,23,455.9579,-81.8855,-0.2813,14,0.3500,0.7143,7,7,6,0,0,7,6,0.1429
4,4.0000,46,24,902.3493,-87.0413,0.7942,3,0.0750,1.0000,6,2,2,0,0,2,2,0.0000
4,4.0000,46,25,306.2840,-79.7240,0.8923,15,0.3750,0.5000,6,7,6,0,0,7,6,0.1429
4,4.0000,46,27,606.3701,-85.8671,-0.0898,10,0.2500,1.0000,6,8,7,0,0,8,7,0.1250
4,4.0000,46,30,826.1618,-87.5995,-0.1662,3,0.0750,1.0000,8,8,8,0,0,8,8,0.0000
4,4.0000,46,31,363.0416,-79.6558,-0.4429,18,0.4500,0.8750,8,8,6,0,0,8,6,0.2500
4,4.0000,46,32,366.7151,-82.3081,1.1502,14,0.3500,1.0000,8,7,6,0,0,7,6,0.1429
4,4.0000,46,33,650.4426,-85.8403,-0.2410,9,0.2250,0.8571,7,8,8,0,0,8,8,0.0000
4,4.0000,46,34,605.3914,-82.9029,-0.8694,15,0.3750,0.8000,5,7,6,0,0,7,6,0.1429
4,4.0000,46,36,969.1055,-88.3066,1.5112,5,0.1250,1.0000,4,4,4,0,0,4,4,0.0000
4,4.0000,46,37,378.8857,-80.7776,-0.4875,14,0.3500,0.8571,7,8,7,0,0,8,7,0.1250
4,4.0000,46,38,535.4712,-82.4302,0.0574,15,0.3750,1.0000,8,8,8,0,0,8,8,0.0000
4,4.0000,46,39,476.3071,-84.9295,1.0632,9,0.2250,0.6667,6,7,4,0,0,7,4,0.4286
4,4.0000,46,40,740.9594,-86.7347,-1.2360,8,0.2000,0.8750,8,7,6,0,0,7,6,0.1429
4,4.0000,46,41,511.6302,-84.1930,0.9998,12,0.3000,1.0000,8,6,3,0,0,6,3,0.5000
4,4.0000,46,42,947.8312,-88.6425,-1.3537,4,0.1000,1.0000,8,8,8,0,0,8,8,0.0000
4,4.0000,46,43,740.3459,-86.4579,0.2430,7,0.1750,1.0000,8,6,6,0,0,6,6,0.0000
4,4.0000,46,44,917.5863,-87.7585,0.3463,5,0.1250,0.8750,8,7,6,0,0,7,6,0.1429
4,4.0000,46,45,515.3589,-85.1453,0.8898,11,0.2750,0.8750,8,7,4,0,0,7,4,0.4286
4,4.0000,47,1,413.1824,-82.3718,0.6918,22,0.5641,0.5714,7,6,3,0,0,6,3,0.5000
4,4.0000,47,5,566.8649,-84.8846,-0.2229,6,0.1538,1.0000,8,7,6,0,0,7,6,0.1429
4,4.0000,47,8,555.9161,-84.6479,0.3236,10,0.2564,0.8750,8,8,7,0,0,8,7,0.1250
4,4.0000,47,10,129.0149,-71.6968,-0.0444,32,0.8205,0.2000,5,5,1,0,0,5,1,0.8000
4,4.0000,47,12,532.8885,-83.0654,-0.0800,22,0.5641,0.7143,7,8,7,0,0,8,7,0.1250
4,4.0000,47,13,517.4414,-83.7208,-0.2468,18,0.4615,0.4000,5,6,4,0,0,6,4,0.3333
4,4.0000,47,16,507.4214,-83.9956,0.1451,24,0.6154,0.4000,5,8,7,0,0,8,7,0.1250
4,4.0000,47,19,529.8532,-85.7162,-0.9112,10,0.2564,1.0000,8,7,4,0,0,7,4,0.4286
4,4.0000,47,26,271.4111,-77.5780,-0.1550,32,0.8205,0.3333,6,4,0,0,0,4,0,1.0000
4,4.0000,47,29,215.6839,-76.9305,0.1417,34,0.8718,0.3333,6,4,0,0,0,4,0,1.0000
4,4.0000,47,34,739.4649,-86.6290,-0.5455,3,0.0769,0.8333,6,7,6,0,0,7,6,0.1429
4,4.0000,47,35,453.6188,-82.9509,0.3375,25,0.6410,0.2000,5,5,2,0,0,5,2,0.6000
4,4.0000,47,36,589.0298,-85.6484,-1.0520,10,0.2564,0.8750,8,8,6,0,0,8,6,0.2500
4,4.0000,47,38,871.6727,-87.0939,-0.3773,3,0.0769,1.0000,8,8,8,0,0,8,8,0.0000
4,4.0000,47,40,730.3710,-87.3463,-1.5591,5,0.1282,1.0000,6,8,8,0,0,8,8,0.0000
4,4.0000,47,43,715.5182,-86.4776,-0.1125,6,0.1538,1.0000,8,8,8,0,0,8,8,0.0000
4,8.0000,0,2,667.8733,-85.7446,-1.0743,7,0.1750,0.8571,7,8,8,0,0,8,8,0.0000
4,8.0000,0,3,334.1386,-79.2826,-0.3123,23,0.5750,0.8571,7,7,5,0,0,7,5,0.2857
4,8.0000,0,4,451.6479,-84.4995,0.3925,15,0.3750,0.6000,5,6,4,0,0,6,4,0.3333
4,8.0000,0,5,1024.3949,-88.7579,-2.0745,3,0.0750,1.0000,8,4,4,0,0,4,4,0.0000
4,8.0000,0,6,562.4992,-84.3773,-0.3103,15,0.3750,1.0000,8,8,8,0,0,8,8,0.0000
4,8.0000,0,7,139.6391,-70.9126,-0.2229,37,0.9250,0.0000,4,5,1,0,0,5,1,0.8000
4,8.0000,0,9,669.4031,-85.7154,0.0741,7,0.1750,1.0000,8,8,6,0,0,8,6,0.2500
4,8.0000,0,11,369.0319,-80.4638,-0.4626,23,0.5750,0.2000,5,7,4,0,0,7,4,0.4286
4,8.0000,0,14,759.7617,-87.0633,0.0370,10,0.2500,0.8571,7,5,4,0,0,5,4,0.2000
4,8.0000,0,15,390.4486,-81.5465,0.3459,21,0.5250,0.6250,8,7,6,0,0,7,6,0.1429
4,8.0000,0,17,282.8124,-78.1314,-0.6618,29,0.7250,0.2000,5,6,4,0,0,6,4,0.3333
4,8.0000,0,20,526.4219,-85.5188,0.0343,8,0.2000,1.0000,8,8,8,0,0,8,8,0.0000
4,8.0000,0,21,683.0842,-85.3480,-0.7524,10,0.2500,1.0000,8,6,5,0,0,6,5,0.1667
4,8.0000,0,22,481.1601,-84.2031,0.9846,10,0.2500,0.6667,6,7,5,0,0,7,5,0.2857
4,8.0000,0,23,480.5576,-83.3208,-0.0481,15,0.3750,0.8750,8,7,6,0,0,7,6,0.1429
4,8.0000,0,24,746.9281,-86.8903,0.0719,11,0.2750,1.0000,6,4,4,0,0,4,4,0.0000
4,8.0000,0,25,414.8108,-80.9327,0.0992,19,0.4750,0.8571,7,8,7,0,0,8,7,0.1250
4,8.0000,0,27,755.4804,-86.8985,-0.6821,7,0.1750,0.8750,8,6,6,0,0,6,6,0.0000
4,8.0000,0,28,595.2334,-86.3435,0.2203,12,0.3000,0.6667,6,8,8,0,0,8,8,0.0000
4,8.0000,0,30,714.2833,-86.6901,-0.3062,10,0.2500,1.0000,8,7,6,0,0,7,6,0.1429
4,8.0000,0,31,513.6757,-83.8210,0.3233,12,0.3000,1.0000,8,7,6,0,0,7,6,0.1429
4,8.0000,0,32,146.5957,-73.5425,1.3202,34,0.8500,0.0000,4,4,0,0,0,4,0,1.0000
4,8.0000,0,33,485.1280,-83.6027,-0.2491,15,0.3750,0.8750,8,8,7,0,0,8,7,0.1250
4,8.0000,0,34,877.2070,-86.6549,1.1255,4,0.1000,1.0000,6,4,4,0,0,4,4,0.0000
4,8.0000,0,37,342.6634,-80.0074,-0.4126,24,0.6000,0.3333,6,5,2,0,0,5,2,0.6000
4,8.0000,0,38,679.6831,-85.2577,-0.1939,11,0.2750,1.0000,8,8,8,0,0,8,8,0.0000
4,8.0000,0,39,242.8209,-79.3369,1.3285,25,0.6250,0.4000,5,3,0,0,0,3,0,1.0000
4,8.0000,0,41,406.3347,-82.1202,0.7517,16,0.4000,0.8750,8,7,5,0,0,7,5,0.2857
4,8.0000,0,42,793.3584,-86.5399,0.7784,8,0.2000,1.0000,6,6,6,0,0,6,6,0.0000
4,8.0000,0,43,818.4856,-87.0353,-1.1352,6,0.1500,0.8333,6,6,6,0,0,6,6,0.0000
4,8.0000,0,44,816.7376,-86.5541,0.0122,11,0.2750,1.0000,8,8,8,0,0,8,8,0.0000
4,8.0000,0,45,262.2143,-78.4119,0.2748,28,0.7000,0.7143,7,5,1,0,0,5,1,0.8000
4,8.0000,0,46,116.1264,-71.7972,1.2263,34,0.8500,0.2000,5,5,1,0,0,5,1,0.8000
4,8.0000,1,5,337.9700,-81.5859,-0.1913,14,0.3500,0.6667,6,7,6,0,0,7,6,0.1429
4,8.0000,1,10,403.4955,-82.4189,-0.4197,24,0.6000,0.6667,6,7,5,0,0,7,5,0.2857
4,8.0000,1,13,132.5420,-71.6748,-0.3477,34,0.8500,0.0000,4,4,0,0,0,4,0,1.0000
4,8.0000,1,16,773.1605,-87.6223,-0.3260,7,0.1750,1.0000,4,8,7,0,0,8,7,0.1250
4,8.0000,1,26,118.6981,-73.3046,1.8594,34,0.8500,0.0000,4,5,1,0,0,5,1,0.8000
4,8.0000,1,29,255.4764,-78.8620,1.2160,30,0.7500,0.4000,5,5,1,0,0,5,1,0.8000
4,8.0000,1,34,495.7017,-82.8659,1.1375,4,0.1000,0.8571,7,6,4,0,0,6,4,0.3333
4,8.0000,1,35,206.8055,-75.9978,0.6216,34,0.8500,0.0000,4,4,0,0,0,4,0,1.0000
4,8.0000,1,36,195.3175,-76.4813,0.0689,34,0.8500,0.2000,5,5,1,0,0,5,1,0.8000
4,8.0000,1,40,571.4417,-82.2630,0.0305,6,0.1500,0.8571,7,8,8,0,0,8,8,0.0000
4,8.0000,1,43,661.9340,-83.7543,0.6285,6,0.1500,1.0000,8,8,8,0,0,8,8,0.0000
4,8.0000,1,47,287.8364,-80.3059,0.5090,25,0.6250,0.4000,5,4,0,0,0,4,0,1.0000
4,8.0000,2,0,667.8733,-86.9807,-0.9351,4,0.1000,1.0000,8,8,8,0,0,8,8,0.0000
4,8.0000,2,3,959.7189,-88.2353,-0.7906,3,0.0750,1.0000,8,2,2,0,0,2,2,0.0000
4,8.0000,2,5,769.2721,-86.7826,0.1673,7,0.1750,0.8750,8,2,2,0,0,2,2,0.0000
4,8.0000,2,6,710.6645,-85.8533,2.5964,5,0.1250,0.7500,8,6,6,0,0,6,6,0.0000
4,8.0000,2,7,802.0431,-86.0285,-1.6397,4,0.1000,0.7500,8,8,8,0,0,8,8,0.0000
4,8.0000,2,8,425.1705,-82.3232,0.4541,17,0.4250,0.8750,8,6,3,0,0,6,3,0.5000
4,8.0000,2,9,814.5911,-87.7839,-0.0898,3,0.0750,1.0000,2,10,10,0,0,10,10,0.0000
4,8.0000,2,10,877.1599,-88.5842,-0.4943,5,0.1250,1.0000,2,8,8,0,0,8,8,0.0000
4,8.0000,2,11,545.2782,-84.2276,-2.8542,7,0.1750,1.0000,8,7,6,0,0,7,6,0.1429
4,8.0000,2,15,989.8895,-87.8925,4.1361,3,0.0750,1.0000,8,2,2,0,0,2,2,0.0000
4,8.0000,2,17,541.1921,-83.6015,-0.5965,7,0.1750,0.8750,8,8,8,0,0,8,8,0.0000
4,8.0000,2,19,502.8301,-83.6833,1.1552,12,0.3000,0.5000,6,8,8,0,0,8,8,0.0000
4,8.0000,2,20,333.5743,-78.7756,-0.0354,26,0.6500,0.8750,8,7,6,0,0,7,6,0.1429
4,8.0000,2,21,690.6778,-85.0185,-0.7499,10,0.2500,0.6667,6,8,8,0,0,8,8,0.0000
4,8.0000,2,22,229.3972,-71.1008,-2.8675,34,0.8500,0.0000,4,7,6,0,0,7,6,0.1429
4,8.0000,2,23,249.3869,-75.4080,-1.0868,32,0.8000,0.0000,4,6,4,0,0,6,4,0.3333
4,8.0000,2,25,416.6165,-81.7932,0.4902,11,0.2750,0.7143,7,7,5,0,0,7,5,0.2857
4,8.0000,2,27,148.6593,-71.9544,-0.1924,34,0.8500,0.0000,5,5,2,0,0,5,2,0.6000
4,8.0000,2,31,298.1838,-78.0984,0.1375,21,0.5250,0.5000,6,10,8,0,0,10,8,0.2000
4,8.0000,2,32,616.4212,-86.3362,1.3862,4,0.1000,0.8750,8,7,6,0,0,7,6,0.1429
4,8.0000,2,33,773.8098,-86.4939,-3.6620,4,0.1000,1.0000,8,8,8,0,0,8,8,0.0000
4,8.0000,2,34,732.1728,-85.8447,-3.9535,4,0.1000,0.8571,7,8,8,0,0,8,8,0.0000
4,8.0000,2,37,722.2733,-85.8288,-0.0712,5,0.1250,0.8750,8,8,8,0,0,8,8,0.0000
4,8.0000,2,38,751.2922,-85.6407,-1.0765,6,0.1500,0.8571,7,8,8,0,0,8,8,0.0000
4,8.0000,2,39,609.5275,-85.3573,0.3003,6,0.1500,0.8750,8,8,8,0,0,8,8,0.0000
4,8.0000,2,40,636.9439,-86.0575,-2.5159,9,0.2250,1.0000,8,8,8,0,0,8,8,0.0000
4,8.0000,2,41,638.0885,-86.0743,1.3557,6,0.1500,0.8750,8,8,8,0,0,8,8,0.0000
4,8.0000,2,43,542.4151,-84.7564,0.4260,11,0.2750,0.8571,7,6,4,0,0,6,4,0.3333
4,8.0000,2,46,652.5446,-85.1699,-1.3242,6,0.1500,0.8750,8,8,8,0,0,8,8,0.0000
4,8.0000,3,0,334.1386,-79.4222,-0.7917,14,0.3500,0.4000,5,6,3,0,0,6,3,0.5000
4,8.0000,3,2,959.7189,-88.7053,0.0464,4,0.1000,1.0000,8,6,6,0,0,6,6,0.0000
4,8.0000,3,4,222.0598,-77.6810,0.5743,30,0.7500,0.0000,4,5,1,0,0,5,1,0.8000
4,8.0000,3,6,673.9174,-86.0431,1.3387,10,0.2500,1.0000,8,8,8,0,0,8,8,0.0000
4,8.0000,3,7,274.1875,-78.7720,0.5718,21,0.5250,0.6667,6,7,4,0,0,7,4,0.4286
4,8.0000,3,9,659.5318,-85.2012,-2.0944,9,0.2250,0.7500,8,8,7,0,0,8,7,0.1250
4,8.0000,3,11,688.5547,-84.8169,-0.9330,9,0.2250,1.0000,6,8,8,0,0,8,8,0.0000
4,8.0000,3,14,448.8508,-83.2909,-0.0765,25,0.6250,0.5714,7,7,5,0,0,7,5,0.2857
4,8.0000,3,15,152.7195,-71.7560,-0.3196,37,0.9250,0.4000,5,5,1,0,0,5,1,0.8000
4,8.0000,3,17,573.2460,-85.5697,-2.0025,6,0.1500,0.6667,6,7,6,0,0,7,6,0.1429
4,8.0000,3,18,871.4023,-87.1972,0.4959,11,0.2750,1.0000,8,6,6,0,0,6,6,0.0000
4,8.0000,3,22,793.2203,-86.6308,1.7445,5,0.1250,1.0000,8,8,8,0,0,8,8,0.0000
4,8.0000,3,23,769.5941,-87.5379,-1.7424,5,0.1250,1.0000,8,8,7,0,0,8,7,0.1250
4,8.0000,3,24,413.8022,-82.9982,-0.0435,28,0.7000,0.4286,7,6,4,0,0,6,4,0.3333
4,8.0000,3,25,728.7770,-84.4162,0.3661,6,0.1500,0.8750,8,8,8,0,0,8,8,0.0000
4,8.0000,3,27,1064.8825,-87.9436,0.3407,4,0.1000,1.0000,6,2,2,0,0,2,2,0.0000
4,8.0000,3,28,272.8534,-80.2838,0.2799,29,0.7250,0.6000,5,4,0,0,0,4,0,1.0000
4,8.0000,3,30,452.7789,-82.6930,0.1358,24,0.6000,0.7500,8,8,7,0,0,8,7,0.1250
4,8.0000,3,32,365.2475,-79.2840,-1.4667,26,0.6500,0.6667,6,7,6,0,0,7,6,0.1429
4,8.0000,3,33,449.5035,-81.5843,-0.3476,23,0.5750,0.6667,6,8,8,0,0,8,8,0.0000
4,8.0000,3,37,417.8243,-80.8199,-0.0972,19,0.4750,0.0000,4,8,8,0,0,8,8,0.0000
4,8.0000,3,39,391.0142,-79.7537,-0.9624,21,0.5250,0.6667,6,7,6,0,0,7,6,0.1429
4,8.0000,3,41,488.1945,-82.5423,-0.8959,17,0.4250,0.7143,7,6,2,0,0,6,2,0.6667
4,8.0000,3,42,516.7551,-84.3673,0.2451,20,0.5000,0.6667,6,8,6,0,0,8,6,0.2500
4,8.0000,3,44,502.1763,-83.0107,-0.3541,29,0.7250,0.5714,7,7,5,0,0,7,5,0.2857
4,8.0000,3,45,232.1942,-75.3089,-0.6074,33,0.8250,0.4000,5,6,3,0,0,6,3,0.5000
4,8.0000,3,46,425.2105,-82.5371,-0.2325,14,0.3500,0.8750,8,8,8,0,0,8,8,0.0000
4,8.0000,4,0,451.6479,-82.9162,0.0174,9,0.2250,0.8571,7,7,6,0,0,7,6,0.1429
4,8.0000,4,3,222.0598,-77.0413,0.7451,26,0.6500,0.5000,6,4,0,0,0,4,0,1.0000
4,8.0000,4,6,670.8440,-84.8587,0.0172,10,0.2500,0.7143,7,8,8,0,0,8,8,0.0000
4,8.0000,4,7,451.8404,-84.2722,0.3689,12,0.3000,1.0000,8,7,6,0,0,7,6,0.1429
4,8.0000,4,9,526.0515,-83.4327,-1.0192,17,0.4250,0.8571,7,7,6,0,0,7,6,0.1429
4,8.0000,4,11,811.6741,-87.8527,-0.2557,4,0.1000,1.0000,6,8,8,0,0,8,8,0.0000
4,8.0000,4,14,535.6184,-83.9316,0.1983,18,0.4500,0.7500,8,7,6,0,0,7,6,0.1429
4,8.0000,4,15,261.6527,-78.6660,0.3694,24,0.6000,0.0000,4,5,1,0,0,5,1,0.8000
4,8.0000,4,17,659.8473,-86.4332,1.0087,3,0.0750,1.0000,10,8,7,0,0,8,7,0.1250
4,8.0000,4,18,759.4599,-87.0365,0.2737,11,0.2750,0.8571,7,3,2,0,0,3,2,0.3333
4,8.0000,4,20,934.5046,-88.1167,-1.0247,3,0.0750,1.0000,8,10,10,0,0,10,10,0.0000
4,8.0000,4,23,783.7788,-87.5386,-0.7906,4,0.1000,1.0000,8,8,8,0,0,8,8,0.0000
4,8.0000,4,24,426.3430,-82.0948,-0.1303,20,0.5000,0.8750,8,6,3,0,0,6,3,0.5000
4,8.0000,4,25,808.7246,-85.8685,0.1909,5,0.1250,1.0000,8,6,6,0,0,6,6,0.0000
4,8.0000,4,28,348.7897,-81.1880,0.4543,26,0.6500,0.6667,6,4,0,0,0,4,0,1.0000
4,8.0000,4,30,323.4128,-77.7741,-1.4973,31,0.7750,0.2000,5,6,4,0,0,6,4,0.3333
4,8.0000,4,31,911.6417,-86.7268,0.5566,5,0.1250,1.0000,8,8,8,0,0,8,8,0.0000
4,8.0000,4,32,418.4676,-81.6444,0.0753,16,0.4000,0.8571,7,8,6,0,0,8,6,0.2500
4,8.0000,4,33,311.5221,-78.0490,-0.7078,23,0.5750,0.2000,5,6,3,0,0,6,3,0.5000
4,8.0000,4,37,441.0327,-83.5343,-0.3456,12,0.3000,0.7143,7,7,6,0,0,7,6,0.1429
4,8.0000,4,39,396.3016,-81.9617,-0.6760,13,0.3250,0.8750,8,8,7,0,0,8,7,0.1250
4,8.0000,4,41,429.5073,-82.5701,-0.5728,12,0.3000,0.8571,7,8,7,0,0,8,7,0.1250
4,8.0000,4,42,363.4706,-79.6583,-1.7024,30,0.7500,0.8571,7,5,2,0,0,5,2,0.6000
4,8.0000,4,44,467.6901,-82.5676,-0.3667,24,0.6000,0.8571,7,8,7,0,0,8,7,0.1250
4,8.0000,4,45,306.3826,-79.1933,-0.6510,23,0.5750,0.4000,5,7,4,0,0,7,4,0.4286
4,8.0000,4,46,562.1847,-85.1300,-0.1237,9,0.2250,1.0000,8,5,2,0,0,5,2,0.6000
4,8.0000,5,0,1024.3949,-87.9628,0.9126,3,0.0750,1.0000,6,4,4,0,0,4,4,0.0000
4,8.0000,5,1,337.9700,-81.1693,0.8445,28,0.7000,0.6667,6,6,2,0,0,6,2,0.6667
4,8.0000,5,2,769.2721,-86.8036,-0.2284,7,0.1750,1.0000,8,6,6,0,0,6,6,0.0000
4,8.0000,5,7,1090.7175,-88.2969,0.5903,4,0.1000,1.0000,6,6,6,0,0,6,6,0.0000
4,8.0000,5,8,536.8620,-83.1639,-0.9831,17,0.4250,0.6667,6,7,6,0,0,7,6,0.1429
4,8.0000,5,10,486.9078,-84.4440,0.8999,21,0.5250,0.8750,8,8,8,0,0,8,8,0.0000
4,8.0000,5,11,737.5620,-85.9415,-0.9445,5,0.1250,1.0000,8,8,8,14,14,22,22,0.0000
4,8.0000,5,12,947.9235,-87.9803,0.5965,4,0.1000,0.8750,8,6,6,0,0,6,6,0.0000
4,8.0000,5,13,396.7423,-82.8983,0.1429,27,0.6750,0.2000,5,6,2,0,0,6,2,0.6667
4,8.0000,5,16,900.3795,-87.6536,0.1977,6,0.1500,1.0000,4,4,4,0,0,4,4,0.0000
4,8.0000,5,17,794.1256,-87.8398,-0.3694,3,0.0750,0.8571,7,8,8,0,0,8,8,0.0000
4,8.0000,5,19,400.4680,-80.5199,-1.4124,21,0.5250,0.8889,9,6,6,0,0,6,6,0.0000
4,8.0000,5,20,604.5743,-85.5989,-0.7567,10,0.2500,1.0000,8,7,6,0,0,7,6,0.1429
4,8.0000,5,21,527.4140,-83.9658,-0.1295,16,0.4000,0.8571,7,8,8,0,0,8,8,0.0000
4,8.0000,5,22,698.9410,-84.9737,-0.5011,8,0.2000,1.0000,8,8,8,0,0,8,8,0.0000
4,8.0000,5,23,764.3002,-85.2763,-0.4196,6,0.1500,1.0000,8,8,8,0,0,8,8,0.0000
4,8.0000,5,26,245.7120,-79.4685,0.7886,29,0.7250,0.6667,6,5,1,0,0,5,1,0.8000
4,8.0000,5,27,681.5986,-85.0964,0.4142,12,0.3000,0.9737,76,8,8,0,0,8,8,0.0000
4,8.0000,5,29,455.1010,-83.9684,0.7779,19,0.4750,1.0000,8,8,5,0,0,8,5,0.3750
4,8.0000,5,31,622.8069,-85.1725,-0.5104,10,0.2500,0.7500,8,8,8,0,0,8,8,0.0000
4,8.0000,5,34,184.6224,-74.2182,-0.6146,33,0.8250,0.0000,4,6,2,0,0,6,2,0.6667
4,8.0000,5,35,541.4374,-83.9250,1.1215,17,0.4250,0.6667,6,7,5,0,0,7,5,0.2857
4,8.0000,5,36,335.0170,-81.0554,0.4357,30,0.7500,0.4000,5,5,2,0,0,5,2,0.6000
4,8.0000,5,38,455.2888,-80.6609,-0.3810,23,0.5750,0.6000,5,8,8,0,0,8,8,0.0000
4,8.0000,5,40,255.4925,-77.3047,-0.1700,34,0.8500,0.0000,4,4,0,0,0,4,0,1.0000
4,8.0000,5,43,331.9113,-79.2960,-0.5455,27,0.6750,0.4286,7,7,6,0,0,7,6,0.1429
4,8.0000,5,46,944.6298,-88.8555,0.2932,4,0.1000,1.0000,6,8,8,0,0,8,8,0.0000
4,8.0000,5,47,398.6084,-83.4076,0.9238,19,0.4750,1.0000,8,7,6,0,0,7,6,0.1429
4,8.0000,6,0,562.4992,-84.1108,-0.0994,4,0.1000,1.0000,8,8,8,0,0,8,8,0.0000
4,8.0000,6,2,710.6645,-85.4374,-2.1082,4,0.1000,0.8750,8,8,8,0,0,8,8,0.0000
4,8.0000,6,3,673.9174,-85.9046,-0.4088,4,0.1000,1.0000,8,7,6,0,0,7,6,0.1429
4,8.0000,6,4,670.8440,-87.4370,0.7632,4,0.1000,1.0000,8,8,8,0,0,8,8,0.0000
4,8.0000,6,7,633.7487,-84.2591,-0.4378,6,0.1500,1.0000,8,8,8,0,0,8,8,0.0000
4,8.0000,6,8,1074.9198,-88.9040,1.7004,4,0.1000,,0,6,6,0,0,6,6,0.0000
4,8.0000,6,9,399.4390,-82.2343,0.3228,12,0.3000,1.0000,8,8,6,0,0,8,6,0.2500
4,8.0000,6,11,622.8963,-84.1038,-1.8907,5,0.1250,0.8750,8,8,8,0,0,8,8,0.0000
4,8.0000,6,15,585.9274,-84.1164,-0.1747,6,0.1500,1.0000,8,8,8,0,0,8,8,0.0000
4,8.0000,6,17,750.1814,-87.1166,-2.6277,3,0.0750,1.0000,10,6,6,0,0,6,6,0.0000
4,8.0000,6,18,809.3559,-87.3066,1.5496,7,0.1750,1.0000,6,4,4,0,0,4,4,0.0000
4,8.0000,6,20,689.4924,-85.6361,-0.6286,4,0.1000,0.8571,7,8,8,0,0,8,8,0.0000
4,8.0000,6,22,690.1640,-85.0320,-0.1293,4,0.1000,1.0000,8,8,8,0,0,8,8,0.0000
4,8.0000,6,23,709.9504,-87.3660,0.7333,4,0.1000,1.0000,8,8,7,0,0,8,7,0.1250
4,8.0000,6,25,504.7154,-81.4245,0.4800,9,0.2250,0.7143,7,8,8,0,0,8,8,0.0000
4,8.0000,6,27,778.6583,-85.1995,-0.7422,4,0.1000,0.8750,8,4,4,0,0,4,4,0.0000
4,8.0000,6,30,720.6219,-87.5644,0.1446,5,0.1250,1.0000,8,8,8,0,0,8,8,0.0000
4,8.0000,6,31,679.9713,-84.5416,-0.9127,6,0.1500,1.0000,8,7,6,0,0,7,6,0.1429
4,8.0000,6,32,606.2438,-83.7613,1.1069,3,0.0750,1.0000,8,8,8,0,0,8,8,0.0000
4,8.0000,6,33,451.7659,-82.9746,0.1989,9,0.2250,0.8571,7,8,8,0,0,8,8,0.0000
4,8.0000,6,37,258.2821,-78.3823,0.7118,16,0.4000,0.6667,6,6,2,0,0,6,2,0.6667
4,8.0000,6,39,379.5940,-80.6321,-0.9788,10,0.2500,0.8750,8,7,6,0,0,7,6,0.1429
4,8.0000,6,41,302.4772,-78.5757,-0.6378,17,0.4250,0.4000,5,6,4,0,0,6,4,0.3333
4,8.0000,6,44,898.3662,-87.0398,0.5305,4,0.1000,1.0000,6,6,6,0,0,6,6,0.0000
4,8.0000,6,45,734.9795,-87.3839,-0.6586,3,0.0750,1.0000,6,8,8,0,0,8,8,0.0000
4,8.0000,6,46,574.9735,-84.2058,-0.9821,6,0.1500,0.8571,7,8,8,0,0,8,8,0.0000
4,8.0000,7,0,139.6391,-70.7925,-0.6075,34,0.8500,0.2000,5,5,2,0,0,5,2,0.6000
4,8.0000,7,2,802.0431,-86.4638,-1.9167,4,0.1000,1.0000,6,6,6,0,0,6,6,0.0000
4,8.0000,7,3,274.1875,-78.1476,-0.5983,19,0.4750,0.2000,5,6,3,0,0,6,3,0.5000
4,8.0000,7,4,451.8404,-83.2103,-0.4059,13,0.3250,0.8571,7,8,8,0,0,8,8,0.0000
4,8.0000,7,6,633.7487,-85.0634,-0.5383,6,0.1500,1.0000,8,7,6,0,0,7,6,0.1429
4,8.0000,7,9,747.9630,-87.1899,0.2040,7,0.1750,1.0000,8,7,6,0,0,7,6,0.1429
4,8.0000,7,11,433.4218,-81.8129,-0.1901,9,0.2250,0.6667,6,8,8,0,0,8,8,0.0000
4,8.0000,7,14,654.3792,-85.8631,0.1834,10,0.2500,0.8571,7,7,6,0,0,7,6,0.1429
4,8.0000,7,15,337.2951,-80.9732,-0.5262,14,0.3500,0.7143,7,7,4,0,0,7,4,0.4286
4,8.0000,7,17,371.2794,-79.6541,-0.2833,17,0.4250,0.3333,6,7,6,0,0,7,6,0.1429
4,8.0000,7,20,629.8172,-85.8294,0.3199,7,0.1750,1.0000,8,8,8,0,0,8,8,0.0000
4,8.0000,7,21,737.4119,-84.9696,0.1641,4,0.1000,0.8750,8,6,6,0,0,6,6,0.0000
4,8.0000,7,22,607.5172,-86.1050,0.1635,6,0.1500,1.0000,6,8,8,0,0,8,8,0.0000
4,8.0000,7,23,611.4196,-83.9067,-1.3101,4,0.1000,1.0000,8,7,6,0,0,7,6,0.1429
4,8.0000,7,24,667.3461,-86.2197,-0.0605,10,0.2500,0.8571,7,8,8,0,0,8,8,0.0000
4,8.0000,7,25,514.4619,-82.7238,0.0053,10,0.2500,0.8750,8,7,6,0,0,7,6,0.1429
4,8.0000,7,28,508.7832,-84.1423,1.3059,14,0.3500,1.0000,8,6,4,0,0,6,4,0.3333
4,8.0000,7,30,697.7658,-84.6295,0.7502,5,0.1250,0.8750,8,8,7,0,0,8,7,0.1250
4,8.0000,7,31,623.3660,-86.0127,0.3930,8,0.2000,0.8571,7,8,8,0,0,8,8,0.0000
4,8.0000,7,32,258.2160,-78.0429,-0.2556,23,0.5750,0.5000,6,7,6,0,0,7,6,0.1429
4,8.0000,7,33,556.2932,-85.6599,0.5151,8,0.2000,0.8571,7,8,7,0,0,8,7,0.1250
4,8.0000,7,37,399.0452,-81.0361,0.4286,15,0.3750,0.6667,6,5,2,0,0,5,2,0.6000
4,8.0000,7,38,711.0118,-87.0947,-0.4782,4,0.1000,0.8571,7,6,6,0,0,6,6,0.0000
4,8.0000,7,39,346.5576,-81.4648,0.4406,14,0.3500,0.7143,7,6,2,0,0,6,2,0.6667
4,8.0000,7,40,1003.2914,-87.6053,0.6124,4,0.1000,1.0000,8,6,6,0,0,6,6,0.0000
4,8.0000,7,41,500.5756,-82.9339,-0.1506,8,0.2000,0.6667,6,8,6,0,0,8,6,0.2500
4,8.0000,7,42,776.7026,-86.4210,-0.4046,8,0.2000,1.0000,8,8,8,0,0,8,8,0.0000
4,8.0000,7,44,754.8298,-85.8578,0.2698,4,0.1000,1.0000,8,6,4,0,0,6,4,0.3333
4,8.0000,7,45,263.2367,-78.4964,-0.0380,22,0.5500,0.7143,7,5,1,0,0,5,1,0.8000
4,8.0000,7,46,174.2726,-75.3362,0.6151,27,0.6750,0.4000,5,4,0,0,0,4,0,1.0000
4,8.0000,8,1,735.5157,-85.4496,1.4019,7,0.1750,1.0000,6,8,8,0,0,8,8,0.0000
4,8.0000,8,2,425.1705,-81.4277,0.2534,7,0.1750,0.6667,6,8,8,0,0,8,8,0.0000
4,8.0000,8,5,536.8620,-83.2831,-1.8430,8,0.2000,1.0000,8,6,4,0,0,6,4,0.3333
4,8.0000,8,10,523.6999,-84.5142,-0.2545,13,0.3250,0.6667,6,8,7,0,0,8,7,0.1250
4,8.0000,8,12,736.9069,-84.8682,-0.9673,6,0.1500,0.8571,7,6,5,0,0,6,5,0.1667
4,8.0000,8,13,842.0069,-85.2994,-1.7796,4,0.1000,1.0000,8,8,7,0,0,8,7,0.1250
4,8.0000,8,16,741.2966,-86.1193,0.3272,12,0.3000,1.0000,6,4,4,0,0,4,4,0.0000
4,8.0000,8,19,334.6279,-78.4997,0.1283,15,0.3750,0.7143,7,3,0,0,0,3,0,1.0000
4,8.0000,8,20,513.5152,-83.0605,-0.3052,5,0.1250,1.0000,8,8,8,0,0,8,8,0.0000
4,8.0000,8,22,535.6202,-82.7890,-1.0724,3,0.0750,1.0000,8,8,8,0,0,8,8,0.0000
4,8.0000,8,26,659.8482,-84.9632,0.0753,9,0.2250,1.0000,8,8,8,0,0,8,8,0.0000
4,8.0000,8,27,304.0317,-79.3027,0.8752,15,0.3750,0.7500,8,6,3,0,0,6,3,0.5000
4,8.0000,8,29,677.6213,-85.9239,-0.1407,13,0.3250,1.0000,8,6,6,0,0,6,6,0.0000
4,8.0000,8,31,507.9730,-83.1380,-0.2127,5,0.1250,1.0000,8,5,2,0,0,5,2,0.6000
4,8.0000,8,34,606.6184,-83.7028,-1.3834,6,0.1500,1.0000,8,8,8,0,0,8,8,0.0000
4,8.0000,8,40,474.3414,-83.0258,1.4593,9,0.2250,0.8571,7,7,6,0,0,7,6,0.1429
4,8.0000,8,43,453.1506,-82.2244,-0.4538,12,0.3000,0.6667,6,8,7,0,0,8,7,0.1250
4,8.0000,8,47,531.4986,-83.3657,-0.2693,13,0.3250,0.6667,6,7,6,0,0,7,6,0.1429
4,8.0000,9,0,669.4031,-88.6984,-1.1103,3,0.0750,1.0000,8,8,8,0,0,8,8,0.0000
4,8.0000,9,3,659.5318,-84.6843,-0.1603,9,0.2250,1.0000,6,7,6,0,0,7,6,0.1429
4,8.0000,9,4,526.0515,-83.3281,-0.9304,14,0.3500,0.6667,6,8,8,0,0,8,8,0.0000
4,8.0000,9,6,399.4390,-82.1769,0.2504,15,0.3750,0.7500,8,8,7,0,0,8,7,0.1250
4,8.0000,9,7,747.9630,-87.5658,1.1895,5,0.1250,1.0000,8,8,8,0,0,8,8,0.0000
4,8.0000,9,11,875.9330,-88.2177,0.8424,4,0.1000,1.0000,6,8,8,0,0,8,8,0.0000
4,8.0000,9,14,1006.4173,-88.1248,-0.7762,5,0.1250,0.8333,6,4,4,0,0,4,4,0.0000
4,8.0000,9,15,596.5431,-83.9631,-0.7696,12,0.3000,0.8571,7,8,8,0,0,8,8,0.0000
4,8.0000,9,17,844.5436,-86.4242,0.7774,3,0.0750,1.0000,4,8,8,0,0,8,8,0.0000
4,8.0000,9,18,629.9109,-85.0927,0.0042,16,0.4000,0.7143,7,8,7,0,0,8,7,0.1250
4,8.0000,9,22,811.6936,-89.0854,0.0139,4,0.1000,1.0000,8,8,8,0,0,8,8,0.0000
4,8.0000,9,24,862.2856,-87.2434,-0.5845,8,0.2000,1.0000,6,8,8,0,0,8,8,0.0000
4,8.0000,9,28,845.8080,-87.1938,-0.2255,7,0.1750,1.0000,8,8,8,0,0,8,8,0.0000
4,8.0000,9,30,529.9435,-82.5156,-1.3403,19,0.4750,0.8571,7,8,7,0,0,8,7,0.1250
4,8.0000,9,32,635.5593,-84.7492,0.2504,8,0.2000,0.8571,7,7,6,0,0,7,6,0.1429
4,8.0000,9,33,232.9191,-76.6311,0.6472,26,0.6500,0.5000,6,6,4,0,0,6,4,0.3333
4,8.0000,9,37,405.8554,-82.7735,-0.2469,13,0.3250,0.8750,8,7,5,0,0,7,5,0.2857
4,8.0000,9,39,432.2534,-81.8536,-0.8820,14,0.3500,0.8571,7,8,8,0,0,8,8,0.0000
4,8.0000,9,41,273.5282,-80.0233,0.3614,17,0.4250,0.8750,8,5,1,0,0,5,1,0.8000
4,8.0000,9,42,600.3379,-83.6837,-0.8389,14,0.3500,0.8571,7,8,8,0,0,8,8,0.0000
4,8.0000,9,44,781.5855,-86.0807,0.0563,7,0.1750,0.8571,7,8,8,0,0,8,8,0.0000
4,8.0000,9,45,705.3111,-86.6676,0.0437,7,0.1750,1.0000,8,8,8,0,0,8,8,0.0000
4,8.0000,9,46,743.5848,-87.4831,0.5027,4,0.1000,1.0000,8,8,8,0,0,8,8,0.0000
4,8.0000,10,1,403.4955,-82.0007,0.2010,24,0.5854,1.0000,8,8,7,0,0,8,7,0.1250
4,8.0000,10,2,877.1599,-88.1423,-1.3164,3,0.0732,1.0000,8,8,8,0,0,8,8,0.0000
4,8.0000,10,5,486.9078,-83.6912,1.4602,13,0.3171,1.0000,8,8,8,0,0,8,8,0.0000
4,8.0000,10,8,523.6999,-84.9102,0.5334,8,0.1951,0.8750,8,8,8,0,0,8,8,0.0000
4,8.0000,10,12,489.7637,-82.9042,-0.2919,31,0.7561,0.5000,6,6,3,0,0,6,3,0.5000
4,8.0000,10,13,496.3985,-83.5530,-0.3913,15,0.3659,0.6667,6,6,4,0,0,6,4,0.3333
4,8.0000,10,16,440.7574,-81.7981,0.0240,32,0.7805,0.7143,7,4,0,0,0,4,0,1.0000
4,8.0000,10,19,425.9075,-83.7654,-0.0729,9,0.2195,0.8571,7,8,8,0,0,8,8,0.0000
4,8.0000,10,26,371.4868,-78.9866,-0.5159,22,0.5366,0.5000,4,8,6,0,0,8,6,0.2500
4,8.0000,10,27,735.1208,-87.0928,1.1318,5,0.1220,1.0000,8,8,7,0,0,8,7,0.1250
4,8.0000,10,29,201.9036,-73.7427,-1.0355,35,0.8537,0.3333,6,4,0,0,0,4,0,1.0000
4,8.0000,10,34,644.1074,-86.4242,0.2383,6,0.1463,1.0000,8,5,4,0,0,5,4,0.2000
4,8.0000,10,35,469.6887,-83.1409,0.2994,20,0.4878,0.7143,7,7,5,0,0,7,5,0.2857
4,8.0000,10,36,503.7694,-84.7968,0.6105,15,0.3659,0.8571,7,7,6,0,0,7,6,0.1429
4,8.0000,10,38,883.1839,-87.8871,1.4034,4,0.0976,1.0000,8,8,8,0,0,8,8,0.0000
4,8.0000,10,40,658.7756,-85.2508,-0.4066,7,0.1707,1.0000,8,8,8,0,0,8,8,0.0000
4,8.0000,10,43,707.5379,-85.6591,1.2084,9,0.2195,0.8750,8,7,5,0,0,7,5,0.2857
4,8.0000,10,47,170.3167,-72.2617,-0.7155,37,0.9024,0.0000,4,5,2,0,0,5,2,0.6000
4,8.0000,11,0,369.0319,-80.4667,-1.1134,15,0.3846,0.6250,8,3,0,0,0,3,0,1.0000
4,8.0000,11,2,545.2782,-83.8355,-0.1952,9,0.2308,0.8750,8,7,5,0,0,7,5,0.2857
4,8.0000,11,3,688.5547,-84.5581,-0.8337,8,0.2051,0.8750,8,2,2,0,0,2,2,0.0000
4,8.0000,11,5,737.5620,-86.3836,-1.4941,7,0.1795,0.6667,6,4,4,0,0,4,4,0.0000
4,8.0000,11,6,622.8963,-83.9490,-0.2222,12,0.3077,1.0000,8,8,7,0,0,8,7,0.1250
4,8.0000,11,7,433.4218,-82.1223,-0.9302,15,0.3846,0.7143,7,7,5,0,0,7,5,0.2857
4,8.0000,11,8,761.9947,-85.7118,-0.6586,3,0.0769,1.0000,6,8,8,0,0,8,8,0.0000
4,8.0000,11,9,875.9330,-88.1182,3.6758,3,0.0769,1.0000,6,8,8,0,0,8,8,0.0000
4,8.0000,11,15,710.9993,-86.1421,0.5794,5,0.1282,0.8750,8,8,8,0,0,8,8,0.0000
4,8.0000,11,17,345.1061,-79.8021,-0.1400,18,0.4615,0.6250,8,8,6,0,0,8,6,0.2500
4,8.0000,11,19,546.7497,-84.6812,-0.7028,9,0.2308,0.8750,8,8,7,0,0,8,7,0.1250
4,8.0000,11,20,252.2997,-78.2337,0.0867,20,0.5128,0.6667,6,4,0,0,0,4,0,1.0000
4,8.0000,11,21,586.9500,-83.7460,-0.3255,8,0.2051,0.8571,7,8,8,0,0,8,8,0.0000
4,8.0000,11,22,370.8796,-81.7535,0.8529,12,0.3077,1.0000,8,7,6,0,0,7,6,0.1429
4,8.0000,11,23,446.6178,-82.1083,-0.6787,14,0.3590,0.8750,8,7,6,0,0,7,6,0.1429
4,8.0000,11,25,182.5756,-76.5847,0.7884,29,0.7436,0.2000,5,4,0,0,0,4,0,1.0000
4,8.0000,11,26,893.3068,-87.1120,-0.6262,5,0.1282,1.0000,4,8,8,0,0,8,8,0.0000
4,8.0000,11,27,559.1084,-84.9174,-0.7473,9,0.2308,0.8750,8,8,8,0,0,8,8,0.0000
4,8.0000,11,31,270.4237,-78.0914,-0.2307,20,0.5128,0.4000,5,8,6,0,0,8,6,0.2500
4,8.0000,11,32,447.6322,-82.7008,-0.0235,12,0.3077,0.8571,7,8,8,0,0,8,8,0.0000
4,8.0000,11,33,760.5781,-86.2282,-0.2002,6,0.1538,1.0000,2,8,8,0,0,8,8,0.0000
4,8.0000,11,34,618.0517,-86.0668,-1.9150,8,0.2051,0.6667,6,8,8,0,0,8,8,0.0000
4,8.0000,11,36,914.9462,-88.8391,0.2264,4,0.1026,1.0000,6,8,8,0,0,8,8,0.0000
4,8.0000,11,37,536.1651,-82.5942,-0.9396,14,0.3590,0.6667,6,6,6,0,0,6,6,0.0000
4,8.0000,11,38,491.4888,-84.2633,-1.0307,11,0.2821,0.8750,8,7,6,0,0,7,6,0.1429
4,8.0000,11,39,483.7110,-84.6422,-0.1690,10,0.2564,0.8750,8,7,5,0,0,7,5,0.2857
4,8.0000,11,40,707.1193,-86.7912,0.1376,8,0.2051,1.0000,6,4,4,0,0,4,4,0.0000
4,8.0000,11,41,610.0588,-84.8946,-0.0873,6,0.1538,0.8571,7,7,5,0,0,7,5,0.2857
4,8.0000,11,42,1136.2146,-88.0639,-0.1134,3,0.0769,1.0000,8,2,2,0,0,2,2,0.0000
4,8.0000,11,43,621.7304,-86.7515,-0.0695,5,0.1282,0.8571,7,5,4,0,0,5,4,0.2000
4,8.0000,11,45,615.7786,-85.1407,-0.7810,8,0.2051,1.0000,8,8,8,0,0,8,8,0.0000
4,8.0000,11,46,265.8285,-75.7760,-1.7452,23,0.5897,0.2000,5,6,3,0,0,6,3,0.5000
4,8.0000,12,1,846.0658,-88.0149,-0.0508,4,0.1000,1.0000,8,8,8,0,0,8,8,0.0000
4,8.0000,12,5,947.9235,-88.1522,0.8788,4,0.1000,1.0000,8,4,4,0,0,4,4,0.0000
4,8.0000,12,8,736.9069,-87.6544,1.4414,5,0.1250,1.0000,10,6,6,0,0,6,6,0.0000
4,8.0000,12,10,489.7637,-83.8002,-0.5174,16,0.4000,0.8000,5,6,4,0,0,6,4,0.3333
4,8.0000,12,16,95.2856,-71.4440,0.5527,40,1.0000,0.1667,6,4,0,0,0,4,0,1.0000
4,8.0000,12,19,795.3150,-86.7172,0.3729,4,0.1000,1.0000,8,8,8,0,0,8,8,0.0000
4,8.0000,12,26,846.5911,-88.1284,-0.6828,4,0.1000,1.0000,8,8,8,0,0,8,8,0.0000
4,8.0000,12,29,640.9994,-85.9661,0.5449,10,0.2500,1.0000,8,7,6,0,0,7,6,0.1429
4,8.0000,12,35,825.4683,-87.8305,0.6299,5,0.1250,0.8571,7,8,8,0,0,8,8,0.0000
4,8.0000,12,47,582.9514,-84.4737,0.7674,9,0.2250,0.8571,7,8,7,0,0,8,7,0.1250
4,8.0000,13,1,132.5420,-72.3760,0.1915,32,0.8000,0.0000,4,4,0,0,0,4,0,1.0000
4,8.0000,13,5,396.7423,-82.5606,0.9687,10,0.2500,0.6667,6,6,4,0,0,6,4,0.3333
4,8.0000,13,8,842.0069,-87.1812,-0.4029,4,0.1000,1.0000,8,6,6,0,0,6,6,0.0000
4,8.0000,13,10,496.3985,-83.0624,-0.3207,18,0.4500,0.5000,6,7,5,0,0,7,5,0.2857
4,8.0000,13,19,667.5877,-85.4338,-0.0344,5,0.1250,0.8750,8,8,8,0,0,8,8,0.0000
4,8.0000,13,26,183.6634,-77.6784,1.2286,31,0.7750,0.6667,6,5,2,0,0,5,2,0.6000
4,8.0000,13,29,318.8533,-80.8900,0.4906,23,0.5750,0.7143,7,7,4,0,0,7,4,0.4286
4,8.0000,13,34,520.2614,-85.0857,-1.0577,6,0.1500,1.0000,8,8,8,0,0,8,8,0.0000
4,8.0000,13,35,236.5319,-76.4652,-0.2682,35,0.8750,0.0000,4,5,1,0,0,5,1,0.8000
4,8.0000,13,36,119.4980,-73.5809,1.3065,36,0.9000,0.3333,6,4,0,0,0,4,0,1.0000
4,8.0000,13,38,744.7221,-85.0598,-1.9390,5,0.1250,1.0000,8,8,8,0,0,8,8,0.0000
4,8.0000,13,40,641.2032,-85.9143,-1.2489,7,0.1750,1.0000,8,8,7,0,0,8,7,0.1250
4,8.0000,13,43,727.4858,-85.1105,-0.5062,7,0.1750,0.8571,7,8,8,0,0,8,8,0.0000
4,8.0000,13,47,407.3334,-82.6398,1.0991,20,0.5000,0.6667,6,5,2,0,0,5,2,0.6000
4,8.0000,14,3,448.8508,-82.4410,0.4600,12,0.3000,1.0000,8,8,8,0,0,8,8,0.0000
4,8.0000,14,4,535.6184,-84.8150,0.3068,12,0.3000,0.4000,5,8,8,0,0,8,8,0.0000
4,8.0000,14,7,654.3792,-85.8558,-0.3455,6,0.1500,0.8571,7,8,8,0,0,8,8,0.0000
4,8.0000,14,15,471.5290,-83.2952,0.4710,9,0.2250,1.0000,8,7,6,0,0,7,6,0.1429
4,8.0000,14,18,943.9637,-87.0970,0.8198,3,0.0750,1.0000,8,2,2,0,0,2,2,0.0000
4,8.0000,14,24,192.0407,-74.3377,-0.7944,31,0.7750,0.0000,4,5,1,0,0,5,1,0.8000
4,8.0000,14,28,196.9161,-73.7910,-0.4724,33,0.8250,0.2000,5,7,5,0,0,7,5,0.2857
4,8.0000,14,30,558.6312,-84.4982,0.8888,13,0.3250,1.0000,8,8,8,0,0,8,8,0.0000
4,8.0000,14,33,824.1791,-87.5576,0.5129,4,0.1000,1.0000,8,8,8,0,0,8,8,0.0000
4,8.0000,14,37,818.5638,-88.7761,0.3119,5,0.1250,0.8571,7,7,6,0,0,7,6,0.1429
4,8.0000,14,39,833.6260,-86.9118,-0.1547,4,0.1000,1.0000,8,8,8,0,0,8,8,0.0000
4,8.0000,14,41,905.2054,-87.8902,0.8866,4,0.1000,0.8750,8,8,8,0,0,8,8,0.0000
4,8.0000,14,42,566.4027,-85.8014,0.3481,11,0.2750,0.8750,8,8,7,0,0,8,7,0.1250
4,8.0000,14,44,377.4452,-81.7157,-0.1766,23,0.5750,0.6667,6,6,4,0,0,6,4,0.3333
4,8.0000,14,45,614.2094,-84.3700,-0.4971,10,0.2500,1.0000,8,8,8,0,0,8,8,0.0000
4,8.0000,14,46,827.3751,-87.5993,3.0320,4,0.1000,1.0000,8,7,6,0,0,7,6,0.1429
4,8.0000,15,0,390.4486,-80.6118,-0.8115,15,0.3750,1.0000,8,7,6,0,0,7,6,0.1429
4,8.0000,15,3,152.7195,-71.7904,-0.5299,31,0.7750,0.0000,4,6,3,0,0,6,3,0.5000
4,8.0000,15,4,261.6527,-78.5190,0.5661,27,0.6750,0.4000,5,5,2,0,0,5,2,0.6000
4,8.0000,15,6,585.9274,-84.7187,-0.3995,11,0.2750,1.0000,8,8,8,0,0,8,8,0.0000
4,8.0000,15,7,337.2951,-80.6548,0.5087,21,0.5250,0.6667,6,6,5,0,0,6,5,0.1667
4,8.0000,15,9,596.5431,-84.6297,-0.2026,12,0.3000,1.0000,8,8,8,0,0,8,8,0.0000
4,8.0000,15,11,710.9993,-86.0856,-1.2133,6,0.1500,1.0000,8,8,8,0,0,8,8,0.0000
4,8.0000,15,14,471.5290,-83.4581,0.1858,21,0.5250,0.8750,8,6,3,0,0,6,3,0.5000
4,8.0000,15,17,661.8516,-86.6453,0.7475,5,0.1250,0.8571,7,8,7,0,0,8,7,0.1250
4,8.0000,15,18,751.9877,-86.0597,0.0413,7,0.1750,1.0000,8,6,6,0,0,6,6,0.0000
4,8.0000,15,20,888.6369,-87.0270,-1.2617,5,0.1250,1.0000,8,8,8,0,0,8,8,0.0000
4,8.0000,15,24,406.0927,-81.9163,0.1191,20,0.5000,0.8571,7,6,3,0,0,6,3,0.5000
4,8.0000,15,25,732.2144,-85.7473,-0.4321,7,0.1750,1.0000,8,8,8,0,0,8,8,0.0000
4,8.0000,15,28,328.9496,-81.8657,0.6872,20,0.5000,0.7143,7,6,2,0,0,6,2,0.6667
4,8.0000,15,30,379.6312,-81.7052,0.0847,22,0.5500,0.5000,6,5,1,0,0,5,1,0.8000
4,8.0000,15,31,876.9477,-88.3659,0.1002,4,0.1000,1.0000,6,8,8,0,0,8,8,0.0000
4,8.0000,15,32,446.5866,-80.0329,-0.3309,15,0.3750,0.8571,7,8,8,0,0,8,8,0.0000
4,8.0000,15,33,422.3459,-80.8056,-1.5409,22,0.5500,0.5714,7,5,2,0,0,5,2,0.6000
4,8.0000,15,37,347.1514,-78.0162,-0.8070,23,0.5750,0.4000,5,6,3,0,0,6,3,0.5000
4,8.0000,15,39,388.1157,-78.8949,-0.6012,17,0.4250,0.8571,7,6,4,0,0,6,4,0.3333
4,8.0000,15,41,451.8975,-81.4930,-0.9052,17,0.4250,0.6667,6,7,6,0,0,7,6,0.1429
4,8.0000,15,42,472.1282,-84.0284,-0.4866,16,0.4000,1.0000,10,4,1,0,0,4,1,0.7500
4,8.0000,15,44,434.9078,-82.6779,-0.5796,20,0.5000,0.8571,7,8,5,0,0,8,5,0.3750
4,8.0000,15,45,368.0244,-78.7905,-0.6836,22,0.5500,0.4000,5,8,7,0,0,8,7,0.1250
4,8.0000,15,46,466.5532,-82.9064,0.7276,11,0.2750,0.7500,8,7,6,0,0,7,6,0.1429
4,8.0000,16,1,773.1605,-86.9098,1.0204,5,0.1250,1.0000,8,7,6,0,0,7,6,0.1429
4,8.0000,16,8,741.2966,-86.8425,6.6051,3,0.0750,1.0000,8,8,6,0,0,8,6,0.2500
4,8.0000,16,10,440.7574,-82.5336,-0.0085,17,0.4250,0.6667,6,7,5,0,0,7,5,0.2857
4,8.0000,16,12,95.2856,-70.8634,0.9931,36,0.9000,0.0000,4,4,0,0,0,4,0,1.0000
4,8.0000,16,13,870.8677,-87.8291,-0.6477,7,0.1750,1.0000,4,8,8,0,0,8,8,0.0000
4,8.0000,16,19,785.6914,-86.0598,0.4203,3,0.0750,1.0000,8,8,8,0,0,8,8,0.0000
4,8.0000,16,26,783.3264,-88.2693,-0.4724,5,0.1250,1.0000,6,6,6,0,0,6,6,0.0000
4,8.0000,16,29,574.5105,-84.4823,0.1608,13,0.3250,1.0000,8,8,8,0,0,8,8,0.0000
4,8.0000,16,35,739.5863,-86.2301,1.0283,7,0.1750,1.0000,8,8,8,0,0,8,8,0.0000
4,8.0000,16,47,520.1744,-84.3255,-0.0328,16,0.4000,0.7500,8,8,8,0,0,8,8,0.0000
4,8.0000,17,0,282.8124,-77.5458,0.0089,21,0.5250,0.7143,7,4,0,0,0,4,0,1.0000
4,8.0000,17,2,541.1921,-84.1962,-0.0724,9,0.2250,0.6667,6,8,8,0,0,8,8,0.0000
4,8.0000,17,3,573.2460,-84.4683,-0.2540,7,0.1750,0.8571,7,8,8,0,0,8,8,0.0000
4,8.0000,17,4,659.8473,-86.0695,0.8776,7,0.1750,1.0000,6,8,8,0,0,8,8,0.0000
4,8.0000,17,5,794.1256,-85.7879,-0.0963,4,0.1000,1.0000,8,6,6,0,0,6,6,0.0000
4,8.0000,17,6,750.1814,-86.6582,-0.0707,4,0.1000,1.0000,7,8,8,0,0,8,8,0.0000
4,8.0000,17,7,371.2794,-80.3554,-0.2707,15,0.3750,0.8750,8,5,2,0,0,5,2,0.6000
4,8.0000,17,11,345.1061,-79.9755,0.2269,20,0.5000,0.8571,7,6,4,0,0,6,4,0.3333
4,8.0000,17,15,661.8516,-85.4619,-1.6224,8,0.2000,0.6667,6,7,6,0,0,7,6,0.1429
4,8.0000,17,19,711.5678,-86.8835,0.7031,4,0.1000,1.0000,6,6,3,0,0,6,3,0.5000
4,8.0000,17,20,399.8708,-81.9144,-0.3339,10,0.2500,0.6667,6,6,4,0,0,6,4,0.3333
4,8.0000,17,21,411.4716,-80.4951,-0.3408,18,0.4500,0.8571,7,8,8,0,0,8,8,0.0000
4,8.0000,17,22,316.8550,-80.3068,1.2743,8,0.2000,0.4000,5,6,2,0,0,6,2,0.6667
4,8.0000,17,23,311.3270,-79.5782,1.3768,13,0.3250,0.3333,6,5,3,0,0,5,3,0.4000
4,8.0000,17,25,410.4927,-81.3743,-0.5550,10,0.2500,1.0000,8,8,7,0,0,8,7,0.1250
4,8.0000,17,27,617.8559,-84.3407,1.1385,6,0.1500,0.8750,8,8,8,0,0,8,8,0.0000
4,8.0000,17,28,805.3286,-87.5217,0.7668,5,0.1250,1.0000,4,8,8,0,0,8,8,0.0000
4,8.0000,17,31,381.1022,-81.2179,0.3937,12,0.3000,0.6667,6,7,5,0,0,7,5,0.2857
4,8.0000,17,32,248.4339,-78.8753,0.0876,22,0.5500,0.5000,6,5,2,0,0,5,2,0.6000
4,8.0000,17,33,669.3348,-85.3979,0.1026,7,0.1750,1.0000,2,8,7,0,0,8,7,0.1250
4,8.0000,17,34,643.1957,-83.8166,-0.3831,8,0.2000,1.0000,8,8,8,0,0,8,8,0.0000
4,8.0000,17,36,1042.5251,-88.1253,-0.5181,3,0.0750,,0,6,6,0,0,6,6,0.0000
4,8.0000,17,37,581.4187,-85.8987,0.4565,8,0.2000,1.0000,8,7,6,0,0,7,6,0.1429
4,8.0000,17,38,460.4475,-83.5494,0.5866,11,0.2750,1.0000,8,8,6,0,0,8,6,0.2500
4,8.0000,17,39,437.0900,-83.6017,-0.0785,9,0.2250,1.0000,8,7,6,0,0,7,6,0.1429
4,8.0000,17,40,658.8336,-85.2243,0.0803,6,0.1500,0.8750,8,8,8,0,0,8,8,0.0000
4,8.0000,17,41,583.8613,-84.3018,0.1854,7,0.1750,0.6667,6,8,7,0,0,8,7,0.1250
4,8.0000,17,43,555.1749,-84.7338,0.4573,4,0.1000,0.8571,7,8,8,0,0,8,8,0.0000
4,8.0000,17,45,396.7712,-81.5527,-0.2377,14,0.3500,0.8750,8,6,3,0,0,6,3,0.5000
4,8.0000,17,46,273.0683,-76.9540,-0.1851,22,0.5500,0.5714,7,6,4,0,0,6,4,0.3333
4,8.0000,18,3,871.4023,-86.8747,0.6683,4,0.1000,1.0000,8,6,6,0,0,6,6,0.0000
4,8.0000,18,4,759.4599,-86.1773,0.5194,6,0.1500,0.8750,8,6,6,0,0,6,6,0.0000
4,8.0000,18,9,629.9109,-85.4897,1.3495,9,0.2250,1.0000,8,7,6,0,0,7,6,0.1429
4,8.0000,18,15,751.9877,-85.8401,-0.4558,3,0.0750,1.0000,8,8,8,0,0,8,8,0.0000
4,8.0000,18,24,769.5664,-87.1514,-0.1122,4,0.1000,1.0000,8,8,8,0,0,8,8,0.0000
4,8.0000,18,30,463.3326,-84.1218,0.2322,15,0.3750,0.8750,8,7,4,0,0,7,4,0.4286
4,8.0000,18,33,704.4560,-86.8308,-0.5068,6,0.1500,1.0000,8,8,8,0,0,8,8,0.0000
4,8.0000,18,37,791.7878,-86.4372,-0.4873,3,0.0750,1.0000,8,8,8,0,0,8,8,0.0000
4,8.0000,18,42,503.1251,-83.3815,0.2779,13,0.3250,1.0000,8,7,5,0,0,7,5,0.2857
4,8.0000,18,44,574.1361,-85.4291,-0.0237,13,0.3250,0.8750,8,7,6,0,0,7,6,0.1429
4,8.0000,19,0,872.6905,-87.7016,0.1014,6,0.1500,1.0000,4,6,6,0,0,6,6,0.0000
4,8.0000,19,1,601.0469,-85.2632,0.1618,17,0.4250,0.8571,7,8,7,0,0,8,7,0.1250
4,8.0000,19,2,502.8301,-83.8968,-0.3750,14,0.3500,0.7143,7,7,5,0,0,7,5,0.2857
4,8.0000,19,5,400.4680,-80.3651,-0.8127,24,0.6000,0.4000,5,7,6,0,0,7,6,0.1429
4,8.0000,19,8,334.6279,-79.2256,-0.8210,29,0.7250,0.4286,7,6,4,0,0,6,4,0.3333
4,8.0000,19,10,425.9075,-81.7198,-0.1783,21,0.5250,0.7500,8,7,5,0,0,7,5,0.2857
4,8.0000,19,11,546.7497,-84.5028,-0.1762,7,0.1750,0.8571,7,8,8,0,0,8,8,0.0000
4,8.0000,19,12,795.3150,-86.6360,-0.3039,9,0.2250,1.0000,8,4,4,0,0,4,4,0.0000
4,8.0000,19,13,667.5877,-85.6065,0.4834,15,0.3750,0.6667,6,8,8,0,0,8,8,0.0000
4,8.0000,19,16,785.6914,-87.1283,-0.0941,7,0.1750,1.0000,6,6,6,0,0,6,6,0.0000
4,8.0000,19,17,711.5678,-86.3545,-0.4247,5,0.1250,1.0000,8,8,8,0,0,8,8,0.0000
4,8.0000,19,20,353.1003,-80.7438,0.4393,21,0.5250,0.5714,7,6,4,0,0,6,4,0.3333
4,8.0000,19,21,664.9018,-86.9734,0.1925,6,0.1500,0.6667,6,7,6,0,0,7,6,0.1429
4,8.0000,19,22,502.2888,-83.5983,-0.7104,10,0.2500,1.0000,6,7,5,0,0,7,5,0.2857
4,8.0000,19,23,593.2931,-85.0745,0.2766,9,0.2250,1.0000,8,8,8,0,0,8,8,0.0000
4,8.0000,19,25,517.2410,-86.4895,0.8411,9,0.2250,0.8571,7,8,8,0,0,8,8,0.0000
4,8.0000,19,26,494.5314,-82.5479,-0.7823,19,0.4750,0.5714,7,7,5,0,0,7,5,0.2857
4,8.0000,19,27,379.1892,-80.9886,0.3618,15,0.3750,0.7500,8,7,5,0,0,7,5,0.2857
4,8.0000,19,29,522.7812,-84.0525,-0.1777,19,0.4750,0.8571,7,8,8,0,0,8,8,0.0000
4,8.0000,19,31,376.9536,-81.9350,0.3924,13,0.3250,0.7143,7,8,7,0,0,8,7,0.1250
4,8.0000,19,32,889.2508,-88.0533,0.8484,3,0.0750,1.0000,8,8,8,0,0,8,8,0.0000
4,8.0000,19,34,441.2602,-81.0640,0.0520,21,0.5250,0.4000,5,7,6,0,0,7,6,0.1429
4,8.0000,19,35,771.1972,-86.7616,-0.0855,12,0.3000,1.0000,8,6,6,0,0,6,6,0.0000
4,8.0000,19,36,597.9113,-84.9189,0.1604,18,0.4500,0.8571,7,6,6,0,0,6,6,0.0000
4,8.0000,19,38,590.7818,-83.6035,-0.5480,14,0.3500,1.0000,8,8,8,0,0,8,8,0.0000
4,8.0000,19,40,459.2679,-82.5277,-0.2603,19,0.4750,0.8571,7,7,6,0,0,7,6,0.1429
4,8.0000,19,43,437.7962,-82.2322,-0.0575,16,0.4000,0.7143,7,8,7,0,0,8,7,0.1250
4,8.0000,19,46,792.2149,-86.3538,-1.1294,6,0.1500,0.8571,7,8,8,0,0,8,8,0.0000
4,8.0000,19,47,475.7225,-83.5748,-0.5305,19,0.4750,1.0000,8,6,3,0,0,6,3,0.5000
4,8.0000,20,0,526.4219,-85.4710,0.6730,13,0.3250,1.0000,8,8,7,0,0,8,7,0.1250
4,8.0000,20,1,889.2994,-88.3206,-1.5722,7,0.1750,1.0000,4,4,4,0,0,4,4,0.0000
4,8.0000,20,2,333.5743,-78.7040,-0.5784,30,0.7500,0.2000,5,6,3,0,0,6,3,0.5000
4,8.0000,20,4,934.5046,-88.8991,-0.1255,7,0.1750,1.0000,6,8,8,0,0,8,8,0.0000
4,8.0000,20,5,604.5743,-84.6732,-0.2332,17,0.4250,1.0000,8,8,7,0,0,8,7,0.1250
4,8.0000,20,6,689.4924,-86.2079,-0.8475,12,0.3000,1.0000,8,4,4,0,0,4,4,0.0000
4,8.0000,20,7,629.8172,-84.7417,0.0563,12,0.3000,0.8571,7,7,6,0,0,7,6,0.1429
4,8.0000,20,8,513.5152,-84.7781,-0.9056,16,0.4000,0.5714,7,5,2,0,0,5,2,0.6000
4,8.0000,20,9,908.4774,-86.7940,0.7198,5,0.1250,1.0000,8,6,6,0,0,6,6,0.0000
4,8.0000,20,10,778.7535,-87.4539,0.7961,7,0.1750,,0,8,8,0,0,8,8,0.0000
4,8.0000,20,11,252.2997,-79.2568,0.5458,22,0.5500,0.7143,7,6,3,0,0,6,3,0.5000
4,8.0000,20,13,933.3521,-88.5765,-0.0438,4,0.1000,1.0000,6,8,8,0,0,8,8,0.0000
4,8.0000,20,15,888.6369,-87.6381,0.3915,9,0.2250,1.0000,8,6,6,0,0,6,6,0.0000
4,8.0000,20,17,399.8708,-81.8868,0.1950,14,0.3500,0.6667,6,8,6,0,0,8,6,0.2500
4,8.0000,20,19,353.1003,-81.3911,0.1204,21,0.5250,0.5000,6,5,1,0,0,5,1,0.8000
4,8.0000,20,21,544.9235,-84.2244,0.7146,15,0.3750,1.0000,8,7,5,0,0,7,5,0.2857
4,8.0000,20,22,213.8717,-75.1157,-0.0466,37,0.9250,0.4000,5,5,2,0,0,5,2,0.6000
4,8.0000,20,23,316.3539,-79.6516,-0.7921,20,0.5000,1.0000,8,5,2,0,0,5,2,0.6000
4,8.0000,20,25,201.1515,-76.4209,0.9449,27,0.6750,0.0000,4,4,0,0,0,4,0,1.0000
4,8.0000,20,26,773.5759,-87.0419,0.0586,6,0.1500,1.0000,4,3,2,0,0,3,2,0.3333
4,8.0000,20,27,317.0399,-78.3047,-1.0758,32,0.8000,0.4286,7,7,5,0,0,7,5,0.2857
4,8.0000,20,29,856.8176,-87.1381,-0.9170,7,0.1750,1.0000,6,4,4,0,0,4,4,0.0000
4,8.0000,20,31,43.4041,-66.0275,2.7061,35,0.8750,0.2000,5,4,0,0,0,4,0,1.0000
4,8.0000,20,32,542.0458,-86.8637,-0.0889,11,0.2750,1.0000,8,8,8,0,0,8,8,0.0000
4,8.0000,20,33,823.2285,-87.9530,0.5714,10,0.2500,1.0000,4,6,6,0,0,6,6,0.0000
4,8.0000,20,34,527.7148,-83.8430,0.0941,17,0.4250,0.8571,7,7,5,0,0,7,5,0.2857
4,8.0000,20,36,838.4695,-87.8772,0.4504,9,0.2250,1.0000,6,6,6,0,0,6,6,0.0000
4,8.0000,20,37,658.3099,-86.0094,-0.3221,11,0.2750,0.8571,7,8,6,0,0,8,6,0.2500
4,8.0000,20,38,504.1874,-84.3322,0.2180,15,0.3750,0.4000,5,7,5,0,0,7,5,0.2857
4,8.0000,20,39,572.8984,-86.0911,0.1237,13,0.3250,1.0000,8,8,7,0,0,8,7,0.1250
4,8.0000,20,40,547.9974,-85.1440,0.6051,12,0.3000,0.7143,7,6,3,0,0,6,3,0.5000
4,8.0000,20,41,665.4179,-86.3811,-0.5863,11,0.2750,1.0000,8,8,7,0,0,8,7,0.1250
4,8.0000,20,43,459.2068,-84.1631,-0.4172,15,0.3750,0.7500,8,8,7,0,0,8,7,0.1250
4,8.0000,20,45,743.6871,-87.4640,0.2121,9,0.2250,1.0000,6,8,8,0,0,8,8,0.0000
4,8.0000,20,46,457.3351,-82.8094,0.0190,14,0.3500,0.8571,7,8,8,0,0,8,8,0.0000
4,8.0000,20,47,814.9655,-88.1356,-0.5930,10,0.2500,1.0000,4,8,8,0,0,8,8,0.0000
4,8.0000,21,0,683.0842,-87.0025,-0.3512,8,0.2000,1.0000,8,8,8,0,0,8,8,0.0000
4,8.0000,21,1,850.6948,-87.7110,0.1381,5,0.1250,1.0000,4,4,4,0,0,4,4,0.0000
4,8.0000,21,2,690.6778,-85.3946,0.1939,9,0.2250,1.0000,8,8,8,0,0,8,8,0.0000
4,8.0000,21,3,949.2910,-88.2260,-0.4841,3,0.0750,0.8000,5,4,4,0,0,4,4,0.0000
4,8.0000,21,5,527.4140,-83.0323,0.5254,15,0.3750,1.0000,10,8,8,0,0,8,8,0.0000
4,8.0000,21,7,737.4119,-86.9114,1.1597,6,0.1500,1.0000,8,8,8,0,0,8,8,0.0000
4,8.0000,21,8,744.7067,-85.5959,-0.1594,8,0.2000,1.0000,4,8,8,0,0,8,8,0.0000
4,8.0000,21,10,970.2444,-87.7810,-0.6118,3,0.0750,1.0000,4,8,7,0,0,8,7,0.1250
4,8.0000,21,11,586.9500,-84.4819,-0.1964,11,0.2750,0.6667,6,8,8,0,0,8,8,0.0000
4,8.0000,21,13,875.8753,-87.9814,-0.4357,7,0.1750,1.0000,4,2,2,0,0,2,2,0.0000
4,8.0000,21,15,1053.9630,-88.2483,-0.4682,3,0.0750,1.0000,8,2,2,0,0,2,2,0.0000
4,8.0000,21,17,411.4716,-81.8862,-0.4974,12,0.3000,1.0000,8,8,8,0,0,8,8,0.0000
4,8.0000,21,19,664.9018,-85.6295,0.4039,9,0.2250,1.0000,8,8,8,0,0,8,8,0.0000
4,8.0000,21,20,544.9235,-84.1098,0.4250,12,0.3000,0.8571,7,8,8,0,0,8,8,0.0000
4,8.0000,21,22,509.2079,-84.1014,-0.0182,9,0.2250,0.8750,8,8,8,0,0,8,8,0.0000
4,8.0000,21,23,518.8306,-82.3946,-0.1413,16,0.4000,0.8750,8,8,7,0,0,8,7,0.1250
4,8.0000,21,25,679.2549,-87.0056,-0.6326,7,0.1750,0.8571,7,8,8,0,0,8,8,0.0000
4,8.0000,21,26,761.8312,-86.5703,-0.2864,7,0.1750,1.0000,8,7,6,0,0,7,6,0.1429
4,8.0000,21,27,708.9733,-86.8158,-0.4070,9,0.2250,0.8750,8,8,8,36,35,44,43,0.0227
4,8.0000,21,29,971.2343,-87.7445,-0.7673,4,0.1000,,0,6,6,0,0,6,6,0.0000
4,8.0000,21,31,538.8441,-83.3918,0.1046,10,0.2500,0.6667,6,7,6,0,0,7,6,0.1429
4,8.0000,21,32,652.2427,-85.8606,-0.1398,6,0.1500,1.0000,8,8,8,0,0,8,8,0.0000
4,8.0000,21,34,366.7816,-80.8079,0.5553,17,0.4250,0.5000,6,8,6,0,0,8,6,0.2500
4,8.0000,21,36,788.9350,-86.8366,0.0939,7,0.1750,0.8750,8,8,8,0,0,8,8,0.0000
4,8.0000,21,37,985.4010,-88.4310,-1.1735,4,0.1000,1.0000,8,4,4,0,0,4,4,0.0000
4,8.0000,21,38,240.1967,-77.5585,0.7003,23,0.5750,0.5714,7,5,1,0,0,5,1,0.8000
4,8.0000,21,39,844.0424,-86.4813,0.2295,5,0.1250,0.8571,7,8,8,0,0,8,8,0.0000
4,8.0000,21,40,367.3559,-80.4812,-0.6031,22,0.5500,0.7143,7,7,4,0,0,7,4,0.4286
4,8.0000,21,43,310.4471,-81.3948,-0.2386,25,0.6250,0.5714,7,8,7,0,0,8,7,0.1250
4,8.0000,21,45,753.4543,-88.0093,0.7421,3,0.0750,1.0000,6,7,6,0,0,7,6,0.1429
4,8.0000,21,46,643.9775,-84.7766,-0.2299,10,0.2500,0.6667,6,10,10,0,0,10,10,0.0000
4,8.0000,21,47,906.1380,-88.2577,-0.2100,3,0.0750,1.0000,4,6,6,0,0,6,6,0.0000
4,8.0000,22,0,481.1601,-85.7651,-0.1525,5,0.1282,0.8750,8,6,4,0,0,6,4,0.3333
4,8.0000,22,1,1012.8050,-87.2198,0.5410,6,0.1538,1.0000,2,4,4,0,0,4,4,0.0000
4,8.0000,22,2,229.3972,-71.7145,-3.2029,36,0.9231,0.4000,5,6,4,0,0,6,4,0.3333
4,8.0000,22,3,793.2203,-86.1280,0.6377,6,0.1538,1.0000,8,2,2,0,0,2,2,0.0000
4,8.0000,22,5,698.9410,-85.2715,-0.0440,10,0.2564,1.0000,8,6,6,0,0,6,6,0.0000
4,8.0000,22,6,690.1640,-84.9444,0.2978,7,0.1795,0.8571,7,2,2,0,0,2,2,0.0000
4,8.0000,22,7,607.5172,-84.7316,-1.3588,6,0.1538,1.0000,8,7,5,0,0,7,5,0.2857
4,8.0000,22,8,535.6202,-83.9722,-0.5365,15,0.3846,0.8571,7,7,5,0,0,7,5,0.2857
4,8.0000,22,9,811.6936,-88.1109,-0.1118,5,0.1282,0.8571,7,7,6,0,0,7,6,0.1429
4,8.0000,22,10,915.7839,-88.7622,2.8077,3,0.0769,1.0000,4,8,8,0,0,8,8,0.0000
4,8.0000,22,11,370.8796,-81.1268,0.8540,10,0.2564,0.8571,7,7,5,0,0,7,5,0.2857
4,8.0000,22,15,842.7006,-87.4073,-0.1373,4,0.1026,1.0000,8,3,2,0,0,3,2,0.3333
4,8.0000,22,17,316.8550,-81.7546,2.0683,12,0.3077,0.8750,8,5,1,0,0,5,1,0.8000
4,8.0000,22,19,502.2888,-84.3135,1.1375,12,0.3077,0.8750,8,8,5,0,0,8,5,0.3750
4,8.0000,22,20,213.8717,-75.7674,-0.2582,35,0.8974,0.5000,6,4,0,0,0,4,0,1.0000
4,8.0000,22,21,509.2079,-83.3919,-0.3220,12,0.3077,0.8571,7,7,5,0,0,7,5,0.2857
4,8.0000,22,23,102.9829,-71.1484,1.4084,35,0.8974,0.3333,6,4,0,0,0,4,0,1.0000
4,8.0000,22,25,303.7213,-79.4676,0.7064,19,0.4872,0.7143,7,6,3,0,0,6,3,0.5000
4,8.0000,22,27,304.5880,-76.1543,-2.2292,35,0.8974,0.0000,4,8,7,0,0,8,7,0.1250
4,8.0000,22,31,171.5069,-73.4797,0.2766,34,0.8718,0.2000,5,6,2,0,0,6,2,0.6667
4,8.0000,22,32,437.9888,-84.6629,-0.2520,9,0.2308,1.0000,8,7,6,0,0,7,6,0.1429
4,8.0000,22,33,710.9857,-85.4157,5.1073,4,0.1026,1.0000,6,7,5,0,0,7,5,0.2857
4,8.0000,22,34,610.6017,-84.4299,0.3248,10,0.2564,1.0000,8,7,5,0,0,7,5,0.2857
4,8.0000,22,36,980.1392,-87.6256,0.7582,5,0.1282,1.0000,6,6,6,0,0,6,6,0.0000
4,8.0000,22,37,627.8371,-86.7870,-0.3868,6,0.1538,0.8571,7,8,8,0,0,8,8,0.0000
4,8.0000,22,38,561.7202,-84.9051,0.6244,10,0.2564,0.8750,8,7,6,0,0,7,6,0.1429
4,8.0000,22,39,495.7788,-84.5285,1.1905,9,0.2308,0.8750,8,8,8,0,0,8,8,0.0000
4,8.0000,22,40,561.3031,-85.6561,-0.9222,10,0.2564,0.4000,5,8,8,0,0,8,8,0.0000
4,8.0000,22,41,580.5355,-83.4304,0.4041,11,0.2821,1.0000,8,8,8,0,0,8,8,0.0000
4,8.0000,22,43,452.2812,-83.3039,1.4853,12,0.3077,0.8571,7,7,5,0,0,7,5,0.2857
4,8.0000,22,45,643.1529,-85.2968,0.4497,7,0.1795,1.0000,6,8,8,0,0,8,8,0.0000
4,8.0000,22,46,457.3345,-83.3873,0.9018,10,0.2564,0.8571,7,8,7,0,0,8,7,0.1250
4,8.0000,23,0,480.5576,-83.2095,0.0693,10,0.2564,1.0000,8,5,2,0,0,5,2,0.6000
4,8.0000,23,2,249.3869,-75.4667,-1.2995,33,0.8462,0.4000,5,5,2,0,0,5,2,0.6000
4,8.0000,23,3,769.5941,-85.9902,-1.4567,4,0.1026,1.0000,8,5,4,0,0,5,4,0.2000
4,8.0000,23,4,783.7788,-88.0890,-0.3194,6,0.1538,1.0000,8,8,8,0,0,8,8,0.0000
4,8.0000,23,5,764.3002,-85.6641,-0.8246,8,0.2051,0.8750,8,6,5,0,0,6,5,0.1667
4,8.0000,23,6,709.9504,-86.9275,0.6994,8,0.2051,0.8750,8,6,5,0,0,6,5,0.1667
4,8.0000,23,7,611.4196,-85.4965,-0.8402,9,0.2308,0.8000,5,8,8,0,0,8,8,0.0000
4,8.0000,23,8,585.0654,-84.2689,-0.8720,14,0.3590,0.7143,7,9,8,0,0,9,8,0.1111
4,8.0000,23,9,778.2968,-87.9269,0.0398,4,0.1026,1.0000,2,8,8,0,0,8,8,0.0000
4,8.0000,23,10,997.7407,-89.0080,-0.0068,3,0.0769,1.0000,2,8,8,0,0,8,8,0.0000
4,8.0000,23,11,446.6178,-82.7413,0.1162,16,0.4103,0.8750,8,6,4,0,0,6,4,0.3333
4,8.0000,23,15,828.7393,-86.4388,-0.1916,5,0.1282,0.8750,8,6,6,0,0,6,6,0.0000
4,8.0000,23,17,311.3270,-79.3411,1.8698,18,0.4615,0.8571,7,7,4,0,0,7,4,0.4286
4,8.0000,23,19,593.2931,-85.1575,1.1170,8,0.2051,0.7143,7,8,8,0,0,8,8,0.0000
4,8.0000,23,20,316.3539,-78.8668,0.5546,25,0.6410,0.8571,7,6,4,0,0,6,4,0.3333
4,8.0000,23,21,518.8306,-83.2234,-1.1705,11,0.2821,0.8571,7,8,8,0,0,8,8,0.0000
4,8.0000,23,22,102.9829,-71.4080,1.1254,31,0.7949,0.2000,5,6,4,0,0,6,4,0.3333
4,8.0000,23,25,383.1051,-81.1973,0.3635,15,0.3846,0.6667,6,7,5,0,0,7,5,0.2857
4,8.0000,23,26,979.1752,-88.2750,0.0229,3,0.0769,1.0000,4,4,4,0,0,4,4,0.0000
4,8.0000,23,27,358.6440,-80.2660,-0.7549,26,0.6667,0.4286,14,6,4,9,4,15,8,0.4667
4,8.0000,23,31,274.1958,-77.9509,-0.3475,26,0.6667,0.7143,7,7,6,0,0,7,6,0.1429
4,8.0000,23,32,407.0800,-83.1928,-0.4379,11,0.2821,0.8571,7,7,4,0,0,7,4,0.4286
4,8.0000,23,33,668.1772,-86.8825,-0.1549,6,0.1538,1.0000,6,6,4,0,0,6,4,0.3333
4,8.0000,23,34,671.2758,-85.1093,-0.4596,13,0.3333,1.0000,8,8,8,0,0,8,8,0.0000
4,8.0000,23,37,631.0555,-85.3663,0.0967,8,0.2051,0.8571,7,7,6,0,0,7,6,0.1429
4,8.0000,23,38,609.3970,-84.9128,-0.5391,12,0.3077,0.8750,8,8,8,0,0,8,8,0.0000
4,8.0000,23,39,480.0526,-85.0602,-0.3528,7,0.1795,1.0000,8,8,8,0,0,8,8,0.0000
4,8.0000,23,40,598.7272,-85.2197,-0.7806,12,0.3077,1.0000,8,7,6,0,0,7,6,0.1429
4,8.0000,23,41,558.6475,-84.6123,0.3390,9,0.2308,1.0000,8,8,8,0,0,8,8,0.0000
4,8.0000,23,43,486.6079,-83.6414,0.1829,17,0.4359,0.8571,7,7,6,0,0,7,6,0.1429
4,8.0000,23,45,603.9974,-85.1387,0.3832,9,0.2308,0.7143,7,8,8,0,0,8,8,0.0000
4,8.0000,23,46,480.6638,-82.9125,-1.3476,11,0.2821,0.8571,7,7,6,0,0,7,6,0.1429
4,8.0000,24,3,413.8022,-81.6698,-0.5678,10,0.2500,0.7143,7,7,5,0,0,7,5,0.2857
4,8.0000,24,4,426.3430,-82.0659,0.1301,15,0.3750,0.6667,6,8,8,0,0,8,8,0.0000
4,8.0000,24,7,667.3461,-85.0647,0.9772,3,0.0750,1.0000,8,8,8,0,0,8,8,0.0000
4,8.0000,24,9,862.2856,-88.9689,-0.2944,3,0.0750,1.0000,6,8,8,0,0,8,8,0.0000
4,8.0000,24,14,192.0407,-73.7773,-0.6395,38,0.9500,0.0000,4,4,0,0,0,4,0,1.0000
4,8.0000,24,15,406.0927,-81.8424,0.3398,7,0.1750,0.8571,7,7,6,0,0,7,6,0.1429
4,8.0000,24,18,769.5664,-86.2385,1.3183,3,0.0750,1.0000,8,6,4,0,0,6,4,0.3333
4,8.0000,24,28,194.9157,-70.8996,-2.6470,33,0.8250,0.2000,5,6,2,0,0,6,2,0.6667
4,8.0000,24,30,378.3775,-82.9425,0.7693,18,0.4500,0.6667,6,5,2,0,0,5,2,0.6000
4,8.0000,24,32,769.8297,-85.7520,-0.4952,4,0.1000,1.0000,8,8,8,0,0,8,8,0.0000
4,8.0000,24,33,697.8926,-85.0427,-1.0867,3,0.0750,0.8750,8,8,8,0,0,8,8,0.0000
4,8.0000,24,37,739.6387,-88.0908,-1.8970,3,0.0750,1.0000,8,8,8,0,0,8,8,0.0000
4,8.0000,24,42,377.3093,-81.4536,-0.0272,16,0.4000,0.2000,5,6,3,0,0,6,3,0.5000
4,8.0000,24,44,205.9340,-76.9783,0.7433,31,0.7750,0.4000,5,4,0,0,0,4,0,1.0000
4,8.0000,24,45,598.3726,-84.4187,0.6168,5,0.1250,0.7500,8,7,6,0,0,7,6,0.1429
4,8.0000,25,0,414.8108,-81.4248,-0.1155,14,0.3500,0.5714,7,8,8,0,0,8,8,0.0000
4,8.0000,25,2,416.6165,-81.2636,0.8626,16,0.4000,0.8571,7,6,4,0,0,6,4,0.3333
4,8.0000,25,3,728.7770,-86.5356,0.2660,8,0.2000,0.8750,8,6,6,0,0,6,6,0.0000
4,8.0000,25,4,808.7246,-87.1733,-1.0677,5,0.1250,1.0000,6,8,8,0,0,8,8,0.0000
4,8.0000,25,5,790.0696,-85.7203,0.7258,4,0.1000,0.8333,6,6,6,0,0,6,6,0.0000
4,8.0000,25,6,504.7154,-81.1843,-0.5831,18,0.4500,0.8571,7,4,4,0,0,4,4,0.0000
4,8.0000,25,7,514.4619,-83.4664,-0.4603,12,0.3000,0.8571,7,7,5,0,0,7,5,0.2857
4,8.0000,25,8,685.0040,-87.0904,-0.2328,7,0.1750,1.0000,2,7,6,0,0,7,6,0.1429
4,8.0000,25,9,764.3209,-87.0807,0.5231,7,0.1750,1.0000,10,6,5,0,0,6,5,0.1667
4,8.0000,25,10,933.5012,-88.3508,-1.0273,3,0.0750,,0,6,6,0,0,6,6,0.0000
4,8.0000,25,11,182.5756,-75.7112,0.6351,31,0.7750,0.3333,6,5,1,0,0,5,1,0.8000
4,8.0000,25,15,732.2144,-86.2507,-0.5672,6,0.1500,0.8571,7,8,8,0,0,8,8,0.0000
4,8.0000,25,17,410.4927,-82.1864,-0.0627,13,0.3250,0.8571,7,4,0,0,0,4,0,1.0000
4,8.0000,25,19,517.2410,-85.2282,1.1932,8,0.2000,0.8750,8,8,6,0,0,8,6,0.2500
4,8.0000,25,20,201.1515,-76.1611,0.8227,31,0.7750,0.7143,7,4,0,0,0,4,0,1.0000
4,8.0000,25,21,679.2549,-85.1869,-0.2574,8,0.2000,1.0000,8,8,8,0,0,8,8,0.0000
4,8.0000,25,22,303.7213,-79.1825,0.0487,22,0.5500,0.0000,4,8,8,0,0,8,8,0.0000
4,8.0000,25,23,383.1051,-82.0274,0.5631,17,0.4250,0.8571,7,7,6,0,0,7,6,0.1429
4,8.0000,25,27,436.6727,-81.3418,0.2534,13,0.3250,0.4286,7,7,6,0,0,7,6,0.1429
4,8.0000,25,28,997.0987,-88.3470,0.6895,6,0.1500,1.0000,2,8,8,0,0,8,8,0.0000
4,8.0000,25,30,1019.8801,-87.3590,-1.0439,4,0.1000,0.5000,4,2,2,0,0,2,2,0.0000
4,8.0000,25,31,206.3858,-76.9295,1.5356,27,0.6750,0.0000,4,4,0,0,0,4,0,1.0000
4,8.0000,25,32,463.5172,-85.3634,-0.0903,10,0.2500,1.0000,8,8,7,0,0,8,7,0.1250
4,8.0000,25,33,687.9283,-85.8246,-0.5144,10,0.2500,0.8000,5,6,6,0,0,6,6,0.0000
4,8.0000,25,34,700.4831,-85.3646,0.1775,6,0.1500,1.0000,8,8,8,0,0,8,8,0.0000
4,8.0000,25,36,991.8297,-87.8610,0.2291,4,0.1000,1.0000,6,4,4,0,0,4,4,0.0000
4,8.0000,25,37,478.2905,-82.4420,0.0169,11,0.2750,1.0000,8,8,8,0,0,8,8,0.0000
4,8.0000,25,38,623.6684,-85.8482,0.1661,8,0.2000,0.8571,7,8,7,0,0,8,7,0.1250
4,8.0000,25,39,430.0248,-82.2626,0.2713,11,0.2750,0.5714,7,8,7,0,0,8,7,0.1250
4,8.0000,25,40,743.0089,-87.4182,2.0560,5,0.1250,1.0000,8,8,8,0,0,8,8,0.0000
4,8.0000,25,41,517.3306,-83.3190,-0.3242,14,0.3500,0.6667,6,8,8,0,0,8,8,0.0000
4,8.0000,25,43,650.6692,-86.9658,0.0815,6,0.1500,0.8750,8,8,6,0,0,8,6,0.2500
4,8.0000,25,45,661.4156,-85.4352,-0.9023,8,0.2000,1.0000,6,8,8,0,0,8,8,0.0000
4,8.0000,25,46,345.7506,-78.6498,-0.6410,25,0.6250,0.5714,7,7,6,0,0,7,6,0.1429
4,8.0000,26,1,118.6981,-72.7687,1.0543,36,0.9000,0.3333,6,4,0,0,0,4,0,1.0000
4,8.0000,26,5,245.7120,-78.6572,1.4046,26,0.6500,0.5714,7,5,1,0,0,5,1,0.8000
4,8.0000,26,8,659.8482,-83.8284,-0.4257,9,0.2250,1.0000,8,8,8,0,0,8,8,0.0000
4,8.0000,26,10,371.4868,-79.0728,0.2069,34,0.8500,0.2000,5,8,7,0,0,8,7,0.1250
4,8.0000,26,12,846.5911,-86.3784,-0.0299,8,0.2000,0.8750,8,4,4,0,0,4,4,0.0000
4,8.0000,26,13,183.6634,-77.2344,2.0346,35,0.8750,0.2000,5,4,0,0,0,4,0,1.0000
4,8.0000,26,16,783.3264,-86.0480,-0.3456,14,0.3500,1.0000,6,4,4,0,0,4,4,0.0000
4,8.0000,26,19,494.5314,-82.1590,-0.8060,11,0.2750,0.5000,6,10,10,0,0,10,10,0.0000
4,8.0000,26,21,761.8312,-85.5757,-1.2193,3,0.0750,1.0000,8,7,6,0,0,7,6,0.1429
4,8.0000,26,27,839.1696,-86.5626,1.2254,3,0.0750,1.0000,8,6,6,0,0,6,6,0.0000
4,8.0000,26,29,251.5131,-76.8625,-0.5064,37,0.9250,0.5000,6,5,1,0,0,5,1,0.8000
4,8.0000,26,34,399.1695,-81.3355,0.7063,12,0.3000,0.5000,6,8,6,0,0,8,6,0.2500
4,8.0000,26,35,318.5221,-80.0215,0.2187,35,0.8750,0.4000,5,5,2,0,0,5,2,0.6000
4,8.0000,26,36,164.9793,-76.1845,1.2669,34,0.8500,0.2000,5,4,0,0,0,4,0,1.0000
4,8.0000,26,40,494.0225,-83.5153,1.5068,14,0.3500,0.8571,7,8,7,0,0,8,7,0.1250
4,8.0000,26,43,573.6505,-85.3605,0.1045,6,0.1500,0.8571,7,8,8,0,0,8,8,0.0000
4,8.0000,26,47,280.5231,-78.6216,0.0131,36,0.9000,0.2000,5,5,1,0,0,5,1,0.8000
4,8.0000,27,0,755.4804,-86.5467,1.9985,5,0.1250,1.0000,8,5,3,0,0,5,3,0.4000
4,8.0000,27,1,938.5844,-87.7418,-0.1538,3,0.0750,1.0000,4,8,8,0,0,8,8,0.0000
4,8.0000,27,2,148.6593,-71.8542,0.2828,36,0.9000,0.2000,5,4,0,0,0,4,0,1.0000
4,8.0000,27,5,681.5986,-86.0311,-0.6245,7,0.1750,1.0000,8,8,8,0,0,8,8,0.0000
4,8.0000,27,6,778.6583,-85.3245,-0.5241,5,0.1250,1.0000,8,4,4,0,0,4,4,0.0000
4,8.0000,27,7,882.0679,-88.2322,2.7980,3,0.0750,1.0000,6,6,6,0,0,6,6,0.0000
4,8.0000,27,8,304.0317,-80.2759,0.2608,26,0.6500,0.7143,7,4,0,0,0,4,0,1.0000
4,8.0000,27,10,735.1208,-86.7742,0.4288,8,0.2000,1.0000,4,8,8,0,0,8,8,0.0000
4,8.0000,27,11,559.1084,-84.4731,-1.4149,7,0.1750,1.0000,8,6,4,0,0,6,4,0.3333
4,8.0000,27,16,974.2439,-87.9084,-0.4885,3,0.0750,1.0000,6,4,4,0,0,4,4,0.0000
4,8.0000,27,17,617.8559,-84.6315,1.2042,8,0.2000,0.8571,7,7,6,0,0,7,6,0.1429
4,8.0000,27,19,379.1892,-81.4686,0.7298,16,0.4000,0.5000,6,7,6,0,0,7,6,0.1429
4,8.0000,27,20,317.0399,-78.1555,-0.9469,20,0.5000,0.6667,6,6,4,0,0,6,4,0.3333
4,8.0000,27,21,708.9733,-85.0372,-0.5059,10,0.2500,1.0000,8,6,6,0,0,6,6,0.0000
4,8.0000,27,22,304.5880,-76.0756,-1.7675,25,0.6250,0.3333,6,6,4,0,0,6,4,0.3333
4,8.0000,27,23,358.6440,-79.6224,-0.3315,20,0.5000,0.7143,7,8,8,0,0,8,8,0.0000
4,8.0000,27,25,436.6727,-81.5183,0.4205,15,0.3750,0.6667,6,8,8,0,0,8,8,0.0000
4,8.0000,27,26,839.1696,-88.3889,0.9289,5,0.1250,1.0000,6,7,6,0,0,7,6,0.1429
4,8.0000,27,31,296.5754,-78.4525,-0.2173,17,0.4250,0.6667,6,8,6,0,0,8,6,0.2500
4,8.0000,27,32,724.2978,-87.6688,0.6111,4,0.1000,0.8000,5,6,6,0,0,6,6,0.0000
4,8.0000,27,33,901.0550,-88.0408,0.6081,3,0.0750,1.0000,6,4,4,0,0,4,4,0.0000
4,8.0000,27,34,673.9627,-85.7279,-0.1506,11,0.2750,1.0000,8,8,8,0,0,8,8,0.0000
4,8.0000,27,36,953.2325,-88.4177,0.4788,4,0.1000,1.0000,6,6,6,0,0,6,6,0.0000
4,8.0000,27,37,812.8481,-86.0047,0.0811,4,0.1000,1.0000,8,5,4,0,0,5,4,0.2000
4,8.0000,27,38,739.2176,-85.2008,0.8615,4,0.1000,0.8750,8,8,8,0,0,8,8,0.0000
4,8.0000,27,39,717.5468,-87.7017,0.3996,3,0.0750,1.0000,8,8,8,0,0,8,8,0.0000
4,8.0000,27,40,586.6899,-85.3908,0.2165,11,0.2750,0.8333,6,7,6,0,0,7,6,0.1429
4,8.0000,27,41,751.7681,-84.7655,-0.0487,4,0.1000,0.8750,8,8,6,0,0,8,6,0.2500
4,8.0000,27,43,509.0632,-83.5489,1.2848,13,0.3250,0.8571,7,8,8,0,0,8,8,0.0000
4,8.0000,27,46,719.5849,-85.1787,-0.4513,6,0.1500,1.0000,8,8,8,0,0,8,8,0.0000
4,8.0000,27,47,775.3364,-86.7554,1.0731,6,0.1500,1.0000,8,8,8,0,0,8,8,0.0000
4,8.0000,28,0,595.2334,-86.0309,1.3578,9,0.2250,1.0000,8,8,8,0,0,8,8,0.0000
4,8.0000,28,3,272.8534,-79.8703,1.3175,22,0.5500,1.0000,8,6,4,0,0,6,4,0.3333
4,8.0000,28,4,348.7897,-81.1070,0.1917,24,0.6000,0.6667,6,5,2,0,0,5,2,0.6000
4,8.0000,28,6,910.6531,-88.0568,-0.3998,3,0.0750,1.0000,8,8,8,0,0,8,8,0.0000
4,8.0000,28,7,508.7832,-84.2634,1.1942,14,0.3500,1.0000,8,8,8,0,0,8,8,0.0000
4,8.0000,28,9,845.8080,-86.7891,0.9619,8,0.2000,1.0000,8,8,7,0,0,8,7,0.1250
4,8.0000,28,11,940.7647,-87.7802,-0.0421,5,0.1250,1.0000,4,10,10,0,0,10,10,0.0000
4,8.0000,28,14,196.9161,-74.2425,-0.4939,38,0.9500,0.0000,4,5,1,0,0,5,1,0.8000
4,8.0000,28,15,328.9496,-81.9135,1.0512,21,0.5250,0.5000,6,5,2,0,0,5,2,0.6000
4,8.0000,28,17,805.3286,-87.3962,-1.8186,3,0.0750,1.0000,8,8,8,0,0,8,8,0.0000
4,8.0000,28,18,889.8595,-87.3212,0.7684,7,0.1750,1.0000,2,8,8,0,0,8,8,0.0000
4,8.0000,28,23,1022.0478,-88.9326,0.3588,5,0.1250,1.0000,2,8,8,0,0,8,8,0.0000
4,8.0000,28,24,194.9157,-70.7438,-2.2299,38,0.9500,0.0000,4,6,2,0,0,6,2,0.6667
4,8.0000,28,25,997.0987,-87.4190,-4.9929,3,0.0750,1.0000,8,4,4,0,0,4,4,0.0000
4,8.0000,28,30,454.3828,-82.6236,-0.1844,19,0.4750,0.8571,7,8,6,0,0,8,6,0.2500
4,8.0000,28,32,616.4721,-85.2070,-0.8518,11,0.2750,1.0000,8,8,8,0,0,8,8,0.0000
4,8.0000,28,33,647.2789,-85.1877,-0.6359,7,0.1750,1.0000,8,8,7,0,0,8,7,0.1250
4,8.0000,28,37,665.8558,-85.8672,0.4129,9,0.2250,0.8750,8,8,8,0,0,8,8,0.0000
4,8.0000,28,39,657.0578,-87.0172,-0.0948,7,0.1750,1.0000,8,8,8,0,0,8,8,0.0000
4,8.0000,28,41,731.4625,-86.7455,0.6611,7,0.1750,1.0000,8,8,8,0,0,8,8,0.0000
4,8.0000,28,42,471.4244,-82.7412,0.0795,23,0.5750,0.8571,7,8,7,0,0,8,7,0.1250
4,8.0000,28,44,372.2080,-80.3755,-0.6656,29,0.7250,0.5714,7,6,4,0,0,6,4,0.3333
4,8.0000,28,45,429.4896,-81.2507,-0.0738,18,0.4500,0.3333,6,8,7,0,0,8,7,0.1250
4,8.0000,28,46,677.5075,-86.7055,0.7227,6,0.1500,1.0000,8,8,8,0,0,8,8,0.0000
4,8.0000,29,1,255.4764,-79.2877,0.7778,31,0.7750,0.0000,4,4,0,0,0,4,0,1.0000
4,8.0000,29,5,455.1010,-83.1061,0.3658,14,0.3500,0.5714,7,6,4,58,53,64,57,0.1094
4,8.0000,29,8,677.6213,-86.8144,0.1976,8,0.2000,1.0000,10,8,7,0,0,8,7,0.1250
4,8.0000,29,10,201.9036,-74.3695,-0.5042,39,0.9750,0.0000,4,5,2,0,0,5,2,0.6000
4,8.0000,29,12,640.9994,-85.2616,0.2093,23,0.5750,0.8571,7,8,7,0,0,8,7,0.1250
4,8.0000,29,13,318.8533,-80.9500,0.3181,35,0.8750,0.4000,5,5,1,2,0,7,1,0.8571
4,8.0000,29,16,574.5105,-84.5880,0.1312,26,0.6500,0.4286,7,7,5,0,0,7,5,0.2857
4,8.0000,29,19,522.7812,-84.2159,0.6674,12,0.3000,1.0000,8,8,8,0,0,8,8,0.0000
4,8.0000,29,26,251.5131,-77.0010,-0.5024,36,0.9000,0.0000,4,8,8,0,0,8,8,0.0000
4,8.0000,29,34,613.1656,-85.4843,0.7877,8,0.2000,1.0000,8,7,6,0,0,7,6,0.1429
4,8.0000,29,35,305.1577,-80.5960,-0.0853,36,0.9000,0.2000,5,4,0,0,0,4,0,1.0000
4,8.0000,29,36,344.5655,-82.4584,0.5396,28,0.7000,0.6667,6,4,0,56,25,60,25,0.5833
4,8.0000,29,38,854.2710,-86.9279,0.4513,3,0.0750,1.0000,8,8,8,0,0,8,8,0.0000
4,8.0000,29,40,680.8124,-86.2550,-0.1294,7,0.1750,1.0000,6,7,6,0,0,7,6,0.1429
4,8.0000,29,43,746.6925,-86.1057,-0.1827,4,0.1000,1.0000,8,8,8,0,0,8,8,0.0000
4,8.0000,29,47,203.7658,-76.0789,0.2584,37,0.9250,0.0000,4,5,1,0,0,5,1,0.8000
4,8.0000,30,3,452.7789,-81.9949,0.0689,17,0.4250,0.8571,7,8,8,0,0,8,8,0.0000
4,8.0000,30,4,323.4128,-77.9406,-1.6186,19,0.4750,0.4000,5,5,2,0,0,5,2,0.6000
4,8.0000,30,6,720.6219,-85.8897,-0.8598,4,0.1000,0.8750,8,8,8,0,0,8,8,0.0000
4,8.0000,30,7,697.7658,-86.7663,0.5696,3,0.0750,1.0000,8,8,8,0,0,8,8,0.0000
4,8.0000,30,9,529.9435,-82.4822,-0.3475,16,0.4000,0.8571,7,8,8,0,0,8,8,0.0000
4,8.0000,30,14,558.6312,-83.8344,0.3395,20,0.5000,1.0000,8,7,6,0,0,7,6,0.1429
4,8.0000,30,15,379.6312,-81.5075,-0.1159,18,0.4500,0.5714,7,8,6,0,0,8,6,0.2500
4,8.0000,30,18,463.3326,-83.2889,0.5128,22,0.5500,1.0000,8,5,1,0,0,5,1,0.8000
4,8.0000,30,24,378.3775,-82.3598,0.8971,28,0.7000,0.7143,7,6,3,0,0,6,3,0.5000
4,8.0000,30,28,454.3828,-82.6895,0.1712,21,0.5250,0.6250,8,8,6,0,0,8,6,0.2500
4,8.0000,30,32,712.5255,-84.0179,-0.4385,5,0.1250,0.8750,8,8,8,0,0,8,8,0.0000
4,8.0000,30,33,431.8504,-81.8398,0.7043,15,0.3750,0.7143,7,8,8,0,0,8,8,0.0000
4,8.0000,30,37,559.8819,-83.0446,-0.1489,10,0.2500,0.5714,7,7,6,0,0,7,6,0.1429
4,8.0000,30,39,607.5122,-83.3347,0.6595,6,0.1500,1.0000,8,7,6,0,0,7,6,0.1429
4,8.0000,30,41,569.7116,-83.9467,-0.3010,6,0.1500,1.0000,8,8,7,0,0,8,7,0.1250
4,8.0000,30,42,124.3262,-70.9303,0.7642,33,0.8250,0.0000,4,4,0,0,0,4,0,1.0000
4,8.0000,30,44,265.0600,-78.1243,-0.4182,34,0.8500,0.0000,4,6,3,0,0,6,3,0.5000
4,8.0000,30,45,620.0478,-83.3099,0.2848,9,0.2250,0.8750,8,7,6,0,0,7,6,0.1429
4,8.0000,30,46,809.1784,-85.7976,-3.0101,3,0.0750,1.0000,8,8,8,0,0,8,8,0.0000
4,8.0000,31,0,513.6757,-84.2274,-1.6906,12,0.3000,0.8750,8,6,4,0,0,6,4,0.3333
4,8.0000,31,1,914.1635,-88.0852,0.1099,4,0.1000,0.8000,5,3,2,0,0,3,2,0.3333
4,8.0000,31,2,298.1838,-78.5602,-0.3573,27,0.6750,0.5714,7,5,4,0,0,5,4,0.2000
4,8.0000,31,4,911.6417,-87.9982,-0.3470,4,0.1000,1.0000,8,4,4,0,0,4,4,0.0000
4,8.0000,31,5,622.8069,-85.0511,-0.8163,12,0.3000,0.8571,7,5,4,0,0,5,4,0.2000
4,8.0000,31,6,679.9713,-85.4955,1.1968,5,0.1250,1.0000,8,8,8,0,0,8,8,0.0000
4,8.0000,31,7,623.3660,-84.3279,0.0675,6,0.1500,1.0000,8,8,8,0,0,8,8,0.0000
4,8.0000,31,8,507.9730,-83.3694,-0.6849,15,0.3750,0.5000,6,7,6,0,0,7,6,0.1429
4,8.0000,31,9,882.2520,-87.6030,-0.4850,6,0.1500,,0,2,2,0,0,2,2,0.0000
4,8.0000,31,11,270.4237,-78.6457,-0.0573,24,0.6000,0.5714,7,4,0,0,0,4,0,1.0000
4,8.0000,31,17,381.1022,-81.2811,-0.4505,16,0.4000,0.8571,7,6,4,0,0,6,4,0.3333
4,8.0000,31,19,376.9536,-82.6563,0.5262,17,0.4250,0.5714,7,6,4,0,0,6,4,0.3333
4,8.0000,31,20,43.4041,-65.8937,2.6747,39,0.9750,0.0000,4,4,0,0,0,4,0,1.0000
4,8.0000,31,21,538.8441,-83.4495,-0.5370,14,0.3500,0.8571,7,8,7,2,2,10,9,0.1000
4,8.0000,31,22,171.5069,-74.2043,0.3322,36,0.9000,0.0000,4,4,0,0,0,4,0,1.0000
4,8.0000,31,23,274.1958,-77.9461,-0.0988,29,0.7250,0.4000,5,6,2,0,0,6,2,0.6667
4,8.0000,31,25,206.3858,-77.2217,0.3898,25,0.6250,0.4000,5,4,0,0,0,4,0,1.0000
4,8.0000,31,26,799.5252,-86.9284,0.2960,5,0.1250,1.0000,6,2,2,0,0,2,2,0.0000
4,8.0000,31,27,296.5754,-78.7196,-0.0043,30,0.7500,0.2000,5,7,4,0,0,7,4,0.4286
4,8.0000,31,29,885.3437,-88.0585,-5.9508,3,0.0750,1.0000,4,6,6,62,61,68,67,0.0147
4,8.0000,31,32,518.7316,-84.6534,0.1942,8,0.2000,1.0000,8,8,8,0,0,8,8,0.0000
4,8.0000,31,33,795.9328,-87.0873,-0.1621,5,0.1250,,0,4,4,0,0,4,4,0.0000
4,8.0000,31,34,544.5859,-84.6675,-0.7897,9,0.2250,0.6667,6,8,8,0,0,8,8,0.0000
4,8.0000,31,37,645.2690,-85.5663,-0.7990,4,0.1000,1.0000,8,8,8,0,0,8,8,0.0000
4,8.0000,31,38,517.2141,-83.0332,-0.6285,14,0.3500,0.8571,7,8,8,0,0,8,8,0.0000
4,8.0000,31,39,551.2257,-85.4533,-0.9767,11,0.2750,1.0000,8,8,7,0,0,8,7,0.1250
4,8.0000,31,40,548.6037,-83.5080,0.1955,16,0.4000,0.5000,6,8,8,0,0,8,8,0.0000
4,8.0000,31,41,641.2961,-86.7053,0.4843,7,0.1750,0.6667,6,8,7,0,0,8,7,0.1250
4,8.0000,31,43,454.5975,-83.5442,0.7516,15,0.3750,0.7143,7,8,8,0,0,8,8,0.0000
4,8.0000,31,45,723.3047,-86.5019,-0.2567,6,0.1500,,0,8,7,0,0,8,7,0.1250
4,8.0000,31,46,452.9486,-81.5778,-0.0053,16,0.4000,0.7143,7,7,5,0,0,7,5,0.2857
4,8.0000,31,47,835.1064,-87.4200,-0.8708,3,0.0750,1.0000,4,4,4,0,0,4,4,0.0000
4,8.0000,32,0,146.5957,-73.9995,0.8685,33,0.8250,0.0000,4,6,2,0,0,6,2,0.6667
4,8.0000,32,2,616.4212,-85.5540,-0.5160,8,0.2000,0.8571,7,6,4,0,0,6,4,0.3333
4,8.0000,32,3,365.2475,-78.2881,-0.7531,26,0.6500,0.3333,6,7,3,0,0,7,3,0.5714
4,8.0000,32,4,418.4676,-81.9323,-0.0828,20,0.5000,0.8750,8,7,5,0,0,7,5,0.2857
4,8.0000,32,6,606.2438,-84.9410,1.3940,7,0.1750,1.0000,8,6,6,0,0,6,6,0.0000
4,8.0000,32,7,258.2160,-77.5363,-0.2425,30,0.7500,0.0000,4,4,1,0,0,4,1,0.7500
4,8.0000,32,9,635.5593,-85.2230,-0.0095,18,0.4500,0.7500,8,8,7,0,0,8,7,0.1250
4,8.0000,32,11,447.6322,-82.6096,-0.0242,14,0.3500,1.0000,8,7,5,0,0,7,5,0.2857
4,8.0000,32,14,798.8940,-86.7134,0.2746,15,0.3750,1.0000,8,6,6,0,0,6,6,0.0000
4,8.0000,32,15,446.5866,-79.7639,-1.0123,21,0.5250,0.7500,8,8,8,0,0,8,8,0.0000
4,8.0000,32,17,248.4339,-78.3308,0.3934,26,0.6500,0.5714,7,7,3,0,0,7,3,0.5714
4,8.0000,32,18,1082.2579,-87.9671,0.0310,3,0.0750,1.0000,2,2,2,0,0,2,2,0.0000
4,8.0000,32,19,889.2508,-88.6768,0.1955,5,0.1250,1.0000,6,4,4,0,0,4,4,0.0000
4,8.0000,32,20,542.0458,-85.6968,0.7844,7,0.1750,0.8750,8,9,8,0,0,9,8,0.1111
4,8.0000,32,21,652.2427,-86.5152,-0.0930,5,0.1250,1.0000,8,8,8,0,0,8,8,0.0000
4,8.0000,32,22,437.9888,-82.3840,1.1477,10,0.2500,0.8571,7,7,5,0,0,7,5,0.2857
4,8.0000,32,23,407.0800,-82.7581,1.3398,10,0.2500,0.8750,8,6,3,0,0,6,3,0.5000
4,8.0000,32,24,769.8297,-86.7747,-0.2326,11,0.2750,0.8000,5,6,6,0,0,6,6,0.0000
4,8.0000,32,25,463.5172,-82.4901,-0.4818,14,0.3500,0.8571,7,6,3,0,0,6,3,0.5000
4,8.0000,32,27,724.2978,-87.3168,-0.7495,5,0.1250,1.0000,8,7,6,0,0,7,6,0.1429
4,8.0000,32,28,616.4721,-84.6886,0.1254,14,0.3500,0.7143,7,7,6,0,0,7,6,0.1429
4,8.0000,32,30,712.5255,-85.3334,-0.0726,14,0.3500,0.7143,7,7,6,0,0,7,6,0.1429
4,8.0000,32,31,518.7316,-84.0853,-0.5132,8,0.2000,0.7143,7,8,7,0,0,8,7,0.1250
4,8.0000,32,33,437.2961,-81.8323,-0.1516,22,0.5500,0.8571,7,7,6,0,0,7,6,0.1429
4,8.0000,32,37,394.0649,-81.7640,-0.5497,19,0.4750,0.5714,7,7,6,0,0,7,6,0.1429
4,8.0000,32,38,700.0278,-87.1226,0.0318,5,0.1250,1.0000,8,8,8,0,0,8,8,0.0000
4,8.0000,32,39,236.8849,-77.4939,0.5460,26,0.6500,0.8750,8,5,1,0,0,5,1,0.8000
4,8.0000,32,40,893.7096,-87.3983,-0.3293,4,0.1000,1.0000,6,4,4,0,0,4,4,0.0000
4,8.0000,32,41,385.8016,-80.9131,-0.5462,20,0.5000,0.5714,7,7,6,0,0,7,6,0.1429
4,8.0000,32,42,775.6560,-86.6751,0.5047,8,0.2000,0.8750,8,6,6,0,0,6,6,0.0000
4,8.0000,32,43,785.2556,-87.9419,-5.5508,3,0.0750,1.0000,6,6,6,0,0,6,6,0.0000
4,8.0000,32,44,843.1530,-86.3100,-0.0564,12,0.3000,1.0000,8,8,8,0,0,8,8,0.0000
4,8.0000,32,45,214.1130,-74.8555,-0.7963,36,0.9000,0.4000,5,5,1,0,0,5,1,0.8000
4,8.0000,32,46,240.4738,-78.3164,0.8457,26,0.6500,0.5000,6,4,0,0,0,4,0,1.0000
4,8.0000,33,0,485.1280,-83.5050,-0.1449,5,0.1282,0.8571,7,7,5,0,0,7,5,0.2857
4,8.0000,33,2,773.8098,-86.6566,0.5914,4,0.1026,1.0000,8,7,6,0,0,7,6,0.1429
4,8.0000,33,3,449.5035,-81.6620,-0.1756,14,0.3590,0.6667,6,7,5,0,0,7,5,0.2857
4,8.0000,33,4,311.5221,-78.7651,-0.9588,32,0.8205,0.3333,6,7,6,0,0,7,6,0.1429
4,8.0000,33,6,451.7659,-82.5180,0.0895,13,0.3333,0.6667,6,7,6,0,0,7,6,0.1429
4,8.0000,33,7,556.2932,-83.2962,-0.9716,6,0.1538,0.8750,8,8,8,0,0,8,8,0.0000
4,8.0000,33,9,232.9191,-77.0393,-0.1368,33,0.8462,0.2000,5,4,0,0,0,4,0,1.0000
4,8.0000,33,14,824.1791,-85.0988,-0.6443,5,0.1282,1.0000,8,8,8,0,0,8,8,0.0000
4,8.0000,33,15,422.3459,-81.2319,-0.6246,18,0.4615,0.6667,6,8,8,0,0,8,8,0.0000
4,8.0000,33,18,704.4560,-86.1945,-0.2207,11,0.2821,1.0000,8,7,5,0,0,7,5,0.2857
4,8.0000,33,24,697.8926,-85.4228,-0.5556,10,0.2564,0.8571,7,6,5,0,0,6,5,0.1667
4,8.0000,33,28,647.2789,-85.1857,-0.1904,13,0.3333,0.7500,8,7,6,0,0,7,6,0.1429
4,8.0000,33,30,431.8504,-81.3382,-1.0211,28,0.7179,0.7143,7,8,7,0,0,8,7,0.1250
4,8.0000,33,32,437.2961,-81.1032,-0.0608,13,0.3333,0.8750,8,6,4,0,0,6,4,0.3333
4,8.0000,33,37,314.0146,-79.2017,0.2303,15,0.3846,0.6667,6,7,3,0,0,7,3,0.5714
4,8.0000,33,39,277.8108,-76.7055,-1.1036,25,0.6410,0.7143,7,6,2,0,0,6,2,0.6667
4,8.0000,33,41,186.0358,-76.3693,0.0963,27,0.6923,0.2000,5,4,0,0,0,4,0,1.0000
4,8.0000,33,42,498.9819,-82.4481,-1.2574,22,0.5641,0.4000,5,8,8,0,0,8,8,0.0000
4,8.0000,33,44,666.2118,-84.8057,-0.8718,13,0.3333,0.8571,7,8,7,0,0,8,7,0.1250
4,8.0000,33,45,476.9571,-81.1876,0.2014,17,0.4359,1.0000,8,8,7,0,0,8,7,0.1250
4,8.0000,33,46,579.2662,-83.6367,-0.6087,3,0.0769,1.0000,8,7,6,0,0,7,6,0.1429
4,8.0000,34,0,877.2070,-87.3367,-1.0733,6,0.1500,1.0000,8,8,8,0,0,8,8,0.0000
4,8.0000,34,1,495.7017,-84.4335,0.0766,19,0.4750,0.8750,8,7,6,0,0,7,6,0.1429
4,8.0000,34,2,732.1728,-87.0531,-0.5988,8,0.2000,0.8333,6,8,8,0,0,8,8,0.0000
4,8.0000,34,5,184.6224,-74.7372,0.1978,37,0.9250,0.0000,4,8,4,0,0,8,4,0.5000
4,8.0000,34,8,606.6184,-82.8926,-0.8082,17,0.4250,0.7143,7,7,6,0,0,7,6,0.1429
4,8.0000,34,10,644.1074,-87.4031,1.2381,11,0.2750,1.0000,8,8,8,0,0,8,8,0.0000
4,8.0000,34,11,618.0517,-85.7062,1.0436,11,0.2750,0.8750,8,8,8,0,0,8,8,0.0000
4,8.0000,34,13,520.2614,-84.0370,0.1626,23,0.5750,1.0000,6,8,7,0,0,8,7,0.1250
4,8.0000,34,17,643.1957,-85.3127,-0.1315,9,0.2250,1.0000,8,8,8,0,0,8,8,0.0000
4,8.0000,34,19,441.2602,-81.8926,-1.3074,23,0.5750,0.5000,6,8,7,0,0,8,7,0.1250
4,8.0000,34,20,527.7148,-83.7313,-1.5778,12,0.3000,0.8571,7,7,5,0,0,7,5,0.2857
4,8.0000,34,21,366.7816,-81.1024,0.5541,23,0.5750,0.8000,5,7,3,0,0,7,3,0.5714
4,8.0000,34,22,610.6017,-85.2364,0.6225,14,0.3500,0.8571,7,8,5,0,0,8,5,0.3750
4,8.0000,34,23,671.2758,-85.7944,-1.4518,12,0.3000,0.6667,6,8,8,0,0,8,8,0.0000
4,8.0000,34,25,700.4831,-86.0323,-0.7106,9,0.2250,1.0000,8,8,8,0,0,8,8,0.0000
4,8.0000,34,26,399.1695,-83.3665,0.8345,21,0.5250,1.0000,8,6,3,0,0,6,3,0.5000
4,8.0000,34,27,673.9627,-86.4390,-0.3571,9,0.2250,1.0000,8,8,8,0,0,8,8,0.0000
4,8.0000,34,29,613.1656,-85.9435,-0.0192,18,0.4500,1.0000,8,7,5,0,0,7,5,0.2857
4,8.0000,34,31,544.5859,-84.2148,-0.8867,14,0.3500,1.0000,8,8,8,0,0,8,8,0.0000
4,8.0000,34,32,886.0431,-88.0982,0.1921,5,0.1250,1.0000,4,8,8,0,0,8,8,0.0000
4,8.0000,34,35,701.4843,-85.8145,-0.4424,13,0.3250,1.0000,6,8,8,0,0,8,8,0.0000
4,8.0000,34,36,431.4857,-82.9558,0.9466,25,0.6250,0.6667,6,6,3,0,0,6,3,0.5000
4,8.0000,34,38,271.4432,-75.3802,-0.7483,33,0.8250,0.0000,4,7,6,0,0,7,6,0.1429
4,8.0000,34,39,1019.8965,-88.3851,-0.3829,3,0.0750,1.0000,4,6,6,0,0,6,6,0.0000
4,8.0000,34,40,238.6738,-76.2543,-0.2445,33,0.8250,0.4286,7,4,0,0,0,4,0,1.0000
4,8.0000,34,43,271.7585,-77.7767,-0.2159,31,0.7750,0.5000,6,6,3,0,0,6,3,0.5000
4,8.0000,34,46,798.9350,-86.9333,-0.3964,9,0.2250,1.0000,8,8,8,0,0,8,8,0.0000
4,8.0000,34,47,577.0550,-85.1241,0.7970,16,0.4000,0.8571,7,7,5,0,0,7,5,0.2857
4,8.0000,35,1,206.8055,-76.2817,-0.5004,28,0.7000,0.0000,4,5,1,0,0,5,1,0.8000
4,8.0000,35,5,541.4374,-83.3891,1.1866,6,0.1500,0.7143,7,7,6,0,0,7,6,0.1429
4,8.0000,35,10,469.6887,-82.6418,0.9139,19,0.4750,0.5714,7,8,8,0,0,8,8,0.0000
4,8.0000,35,12,825.4683,-87.7239,-0.9802,3,0.0750,0.8333,6,8,8,0,0,8,8,0.0000
4,8.0000,35,13,236.5319,-76.4771,-0.1426,30,0.7500,0.3333,6,6,3,0,0,6,3,0.5000
4,8.0000,35,16,739.5863,-86.9475,0.3914,8,0.2000,1.0000,6,7,5,0,0,7,5,0.2857
4,8.0000,35,19,771.1972,-86.2947,0.6918,5,0.1250,1.0000,8,8,8,0,0,8,8,0.0000
4,8.0000,35,26,318.5221,-79.6268,0.2741,20,0.5000,0.8571,7,8,6,0,0,8,6,0.2500
4,8.0000,35,29,305.1577,-79.8011,0.4520,26,0.6500,0.2000,5,4,0,0,0,4,0,1.0000
4,8.0000,35,36,349.2593,-80.6677,0.9364,26,0.6500,0.5714,7,5,1,0,0,5,1,0.8000
4,8.0000,35,47,365.0749,-81.9356,0.2231,25,0.6250,0.2000,5,6,4,0,0,6,4,0.3333
4,8.0000,36,1,195.3175,-75.9155,0.5055,34,0.8500,0.0000,4,4,0,0,0,4,0,1.0000
4,8.0000,36,2,1056.1169,-87.8448,-0.2513,3,0.0750,1.0000,8,6,6,0,0,6,6,0.0000
4,8.0000,36,5,335.0170,-80.4141,0.5769,22,0.5500,1.0000,8,6,2,0,0,6,2,0.6667
4,8.0000,36,8,805.3419,-87.7258,0.3241,5,0.1250,1.0000,8,8,8,0,0,8,8,0.0000
4,8.0000,36,10,503.7694,-83.3211,0.9504,17,0.4250,0.8750,8,5,2,0,0,5,2,0.6000
4,8.0000,36,12,978.3817,-88.2225,0.7554,3,0.0750,1.0000,4,2,2,0,0,2,2,0.0000
4,8.0000,36,13,119.4980,-73.0707,1.8566,36,0.9000,0.0000,4,6,3,0,0,6,3,0.5000
4,8.0000,36,19,597.9113,-83.8557,-0.2219,9,0.2250,1.0000,8,7,6,0,0,7,6,0.1429
4,8.0000,36,20,838.4695,-87.2238,0.6836,3,0.0750,1.0000,8,8,8,0,0,8,8,0.0000
4,8.0000,36,21,788.9350,-85.4096,0.6541,8,0.2000,0.8571,7,8,8,0,0,8,8,0.0000
4,8.0000,36,22,980.1392,-88.9686,0.5060,3,0.0750,1.0000,8,8,8,0,0,8,8,0.0000
4,8.0000,36,23,1058.2771,-87.7883,-2.1089,3,0.0750,1.0000,8,4,4,0,0,4,4,0.0000
4,8.0000,36,25,991.8297,-87.7745,1.4046,3,0.0750,1.0000,6,8,8,0,0,8,8,0.0000
4,8.0000,36,26,164.9793,-77.5252,1.6380,29,0.7250,0.2000,5,4,0,0,0,4,0,1.0000
4,8.0000,36,29,344.5655,-82.7464,0.5194,25,0.6250,0.8571,7,5,1,0,0,5,1,0.8000
4,8.0000,36,34,431.4857,-83.1538,0.8125,18,0.4500,1.0000,8,6,6,0,0,6,6,0.0000
4,8.0000,36,35,349.2593,-81.7054,0.3825,29,0.7250,0.2000,5,5,2,0,0,5,2,0.6000
4,8.0000,36,38,640.2079,-83.9692,-0.5242,8,0.2000,0.7143,7,8,8,0,0,8,8,0.0000
4,8.0000,36,40,584.9894,-84.9975,-0.8275,10,0.2500,1.0000,8,8,8,0,0,8,8,0.0000
4,8.0000,36,43,660.1620,-85.0053,-0.6873,9,0.2250,1.0000,8,8,8,0,0,8,8,0.0000
4,8.0000,36,47,434.2646,-83.9378,0.2868,20,0.5000,0.6667,6,5,2,0,0,5,2,0.6000
4,8.0000,37,0,342.6634,-80.3064,-0.4680,23,0.5750,0.8571,7,8,7,0,0,8,7,0.1250
4,8.0000,37,2,722.2733,-86.5287,-0.3280,11,0.2750,0.8571,7,8,8,0,0,8,8,0.0000
4,8.0000,37,3,417.8243,-80.1962,-0.8872,26,0.6500,0.5714,7,8,8,0,0,8,8,0.0000
4,8.0000,37,4,441.0327,-82.7902,-0.5490,24,0.6000,0.8750,8,6,3,0,0,6,3,0.5000
4,8.0000,37,6,258.2821,-78.5101,0.4722,32,0.8000,0.3333,6,3,0,0,0,3,0,1.0000
4,8.0000,37,7,399.0452,-81.4701,-0.2372,17,0.4250,0.8750,8,8,8,0,0,8,8,0.0000
4,8.0000,37,9,405.8554,-83.1032,0.6652,24,0.6000,0.5714,7,4,0,0,0,4,0,1.0000
4,8.0000,37,11,536.1651,-83.1747,-1.0210,15,0.3750,0.6667,6,8,7,0,0,8,7,0.1250
4,8.0000,37,14,818.5638,-86.3389,-0.0582,14,0.3500,0.8571,7,8,7,0,0,8,7,0.1250
4,8.0000,37,15,347.1514,-79.2704,-1.4274,27,0.6750,0.5714,7,7,6,0,0,7,6,0.1429
4,8.0000,37,17,581.4187,-84.2514,0.1470,14,0.3500,1.0000,8,8,7,0,0,8,7,0.1250
4,8.0000,37,18,791.7878,-87.4533,0.4145,8,0.2000,1.0000,8,6,6,0,0,6,6,0.0000
4,8.0000,37,19,992.5176,-87.8507,-1.2010,6,0.1500,1.0000,6,6,6,0,0,6,6,0.0000
4,8.0000,37,20,658.3099,-85.6831,-0.1970,12,0.3000,1.0000,8,8,7,0,0,8,7,0.1250
4,8.0000,37,21,985.4010,-88.0133,-0.1644,6,0.1500,1.0000,8,6,6,0,0,6,6,0.0000
4,8.0000,37,22,627.8371,-85.3585,-0.1749,11,0.2750,1.0000,8,8,7,0,0,8,7,0.1250
4,8.0000,37,23,631.0555,-85.5746,-0.3273,11,0.2750,1.0000,8,8,7,0,0,8,7,0.1250
4,8.0000,37,24,739.6387,-86.5697,0.3225,10,0.2500,0.6667,3,7,5,0,0,7,5,0.2857
4,8.0000,37,25,478.2905,-81.9804,-1.0038,18,0.4500,0.8571,7,5,2,0,0,5,2,0.6000
4,8.0000,37,27,812.8481,-87.3466,-0.9542,11,0.2750,1.0000,8,6,6,0,0,6,6,0.0000
4,8.0000,37,28,665.8558,-85.8357,-0.2815,14,0.3500,1.0000,6,8,8,0,0,8,8,0.0000
4,8.0000,37,30,559.8819,-84.6691,0.1244,23,0.5750,1.0000,8,8,7,0,0,8,7,0.1250
4,8.0000,37,31,645.2690,-85.1310,-1.1000,11,0.2750,1.0000,8,8,8,0,0,8,8,0.0000
4,8.0000,37,32,394.0649,-80.9084,-0.7617,21,0.5250,0.3333,6,6,4,0,0,6,4,0.3333
4,8.0000,37,33,314.0146,-80.2292,0.3512,29,0.7250,0.6667,6,7,5,0,0,7,5,0.2857
4,8.0000,37,38,971.8948,-88.5962,-0.9365,4,0.1000,1.0000,4,4,4,0,0,4,4,0.0000
4,8.0000,37,39,180.4932,-72.0829,-0.5705,27,0.6750,0.2000,5,5,2,0,0,5,2,0.6000
4,8.0000,37,41,193.4993,-76.2768,0.0025,35,0.8750,0.3333,6,5,1,0,0,5,1,0.8000
4,8.0000,37,42,667.2950,-85.9934,0.0851,15,0.3750,0.8571,7,7,6,0,0,7,6,0.1429
4,8.0000,37,43,1050.5592,-89.0893,0.4300,3,0.0750,1.0000,2,8,8,0,0,8,8,0.0000
4,8.0000,37,44,717.7642,-85.7664,0.0032,16,0.4000,0.8750,8,8,8,0,0,8,8,0.0000
4,8.0000,37,45,487.1462,-82.8225,-0.3506,21,0.5250,0.8750,8,8,8,0,0,8,8,0.0000
4,8.0000,37,46,386.6301,-81.6502,0.0539,18,0.4500,1.0000,8,7,5,0,0,7,5,0.2857
4,8.0000,38,0,679.6831,-85.9182,-1.2564,6,0.1500,1.0000,8,8,8,0,0,8,8,0.0000
4,8.0000,38,1,747.3884,-86.8452,-0.0104,10,0.2500,1.0000,6,6,6,0,0,6,6,0.0000
4,8.0000,38,2,751.2922,-86.0345,0.5178,4,0.1000,0.8750,8,8,8,0,0,8,8,0.0000
4,8.0000,38,3,961.8329,-88.1137,1.0859,4,0.1000,1.0000,8,4,4,0,0,4,4,0.0000
4,8.0000,38,5,455.2888,-81.4865,-1.9617,14,0.3500,0.5000,4,6,4,0,0,6,4,0.3333
4,8.0000,38,8,775.2340,-85.9251,0.4398,7,0.1750,0.6667,3,4,4,0,0,4,4,0.0000
4,8.0000,38,10,883.1839,-86.4904,-1.1541,4,0.1000,1.0000,8,7,6,0,0,7,6,0.1429
4,8.0000,38,11,491.4888,-83.6795,0.3711,8,0.2000,1.0000,8,7,6,0,0,7,6,0.1429
4,8.0000,38,13,744.7221,-87.1604,1.3123,7,0.1750,1.0000,8,7,6,0,0,7,6,0.1429
4,8.0000,38,17,460.4475,-82.7811,0.2425,10,0.2500,1.0000,8,7,6,0,0,7,6,0.1429
4,8.0000,38,19,590.7818,-84.5468,-0.8193,9,0.2250,0.8750,8,8,6,0,0,8,6,0.2500
4,8.0000,38,20,504.1874,-84.6267,0.1826,8,0.2000,1.0000,8,7,6,0,0,7,6,0.1429
4,8.0000,38,21,240.1967,-77.6560,0.5320,28,0.7000,0.3333,6,5,2,0,0,5,2,0.6000
4,8.0000,38,22,561.7202,-85.0422,0.1328,5,0.1250,1.0000,8,8,8,0,0,8,8,0.0000
4,8.0000,38,23,609.3970,-84.7278,-0.8749,9,0.2250,1.0000,8,8,8,0,0,8,8,0.0000
4,8.0000,38,25,623.6684,-86.4365,0.3002,3,0.0750,1.0000,8,8,8,0,0,8,8,0.0000
4,8.0000,38,26,649.1885,-85.4311,0.2499,10,0.2500,0.6667,6,8,7,0,0,8,7,0.1250
4,8.0000,38,27,739.2176,-85.7007,0.5377,6,0.1500,0.8571,7,8,8,0,0,8,8,0.0000
4,8.0000,38,29,854.2710,-87.4981,-0.6147,3,0.0750,1.0000,8,5,4,0,0,5,4,0.2000
4,8.0000,38,31,517.2141,-83.0766,1.0136,11,0.2750,1.0000,8,8,8,0,0,8,8,0.0000
4,8.0000,38,32,700.0278,-86.0046,4.1275,4,0.1000,0.8571,7,8,8,0,0,8,8,0.0000
4,8.0000,38,34,271.4432,-75.2000,-1.5830,31,0.7750,0.4000,5,8,8,0,0,8,8,0.0000
4,8.0000,38,35,950.6459,-88.3165,2.8955,3,0.0750,1.0000,6,4,4,0,0,4,4,0.0000
4,8.0000,38,36,640.2079,-84.3370,-0.5269,11,0.2750,1.0000,8,8,8,0,0,8,8,0.0000
4,8.0000,38,39,864.6367,-87.4276,-0.5580,3,0.0750,1.0000,6,8,7,0,0,8,7,0.1250
4,8.0000,38,40,420.8686,-81.3126,-0.6933,18,0.4500,0.7143,7,8,8,0,0,8,8,0.0000
4,8.0000,38,43,387.7886,-80.6014,-0.7172,17,0.4250,0.4000,5,6,4,0,0,6,4,0.3333
4,8.0000,38,46,605.1053,-84.3960,-1.2184,5,0.1250,1.0000,8,8,8,0,0,8,8,0.0000
4,8.0000,39,0,242.8209,-78.8169,1.3862,21,0.5250,0.7143,7,6,2,0,0,6,2,0.6667
4,8.0000,39,2,609.5275,-84.9239,0.3340,9,0.2250,0.8750,8,5,4,0,0,5,4,0.2000
4,8.0000,39,3,391.0142,-79.8535,-0.4898,20,0.5000,0.7143,7,7,5,0,0,7,5,0.2857
4,8.0000,39,4,396.3016,-81.9868,0.2530,18,0.4500,0.4000,5,6,4,0,0,6,4,0.3333
4,8.0000,39,6,379.5940,-80.5134,-0.0097,18,0.4500,0.5000,6,8,8,0,0,8,8,0.0000
4,8.0000,39,7,346.5576,-80.6169,0.5253,16,0.4000,0.7143,7,6,4,0,0,6,4,0.3333
4,8.0000,39,9,432.2534,-81.0888,0.2303,25,0.6250,0.5000,6,7,6,0,0,7,6,0.1429
4,8.0000,39,11,483.7110,-85.4421,-0.1412,11,0.2750,0.8571,7,8,7,0,0,8,7,0.1250
4,8.0000,39,14,833.6260,-86.8847,-0.4919,6,0.1500,1.0000,8,4,4,0,0,4,4,0.0000
4,8.0000,39,15,388.1157,-80.1727,-0.6003,21,0.5250,0.4000,5,7,4,0,0,7,4,0.4286
4,8.0000,39,17,437.0900,-83.1539,0.6772,12,0.3000,0.6250,8,6,3,0,0,6,3,0.5000
4,8.0000,39,18,902.8199,-88.1014,0.3018,7,0.1750,1.0000,8,2,2,0,0,2,2,0.0000
4,8.0000,39,20,572.8984,-86.1833,-0.7963,4,0.1000,1.0000,8,7,6,0,0,7,6,0.1429
4,8.0000,39,21,844.0424,-86.9284,0.1714,3,0.0750,1.0000,8,6,6,0,0,6,6,0.0000
4,8.0000,39,22,495.7788,-84.4976,0.3577,9,0.2250,0.6667,6,7,6,0,0,7,6,0.1429
4,8.0000,39,23,480.0526,-83.5836,0.4709,8,0.2000,1.0000,8,8,7,0,0,8,7,0.1250
4,8.0000,39,24,763.6838,-86.5539,0.5760,10,0.2500,0.8571,7,6,5,0,0,6,5,0.1667
4,8.0000,39,25,430.0248,-82.7412,0.1273,9,0.2250,0.7143,7,7,5,0,0,7,5,0.2857
4,8.0000,39,27,717.5468,-85.9290,0.5501,7,0.1750,0.8571,7,7,6,0,0,7,6,0.1429
4,8.0000,39,28,657.0578,-85.9216,0.5628,9,0.2250,0.7143,7,6,6,0,0,6,6,0.0000
4,8.0000,39,30,607.5122,-84.0009,-0.7448,19,0.4750,0.8750,8,7,6,0,0,7,6,0.1429
4,8.0000,39,31,551.2257,-84.7807,0.2727,7,0.1750,0.8750,8,8,8,0,0,8,8,0.0000
4,8.0000,39,32,236.8849,-78.7178,1.1643,24,0.6000,0.4000,5,5,0,0,0,5,0,1.0000
4,8.0000,39,33,277.8108,-77.6163,-0.3291,32,0.8000,0.0000,4,6,3,0,0,6,3,0.5000
4,8.0000,39,37,180.4932,-73.3589,-0.2608,35,0.8750,0.0000,4,6,2,0,0,6,2,0.6667
4,8.0000,39,38,864.6367,-86.3747,0.8316,4,0.1000,1.0000,8,4,4,0,0,4,4,0.0000
4,8.0000,39,41,164.0202,-71.4881,-0.9935,33,0.8250,0.2000,5,5,2,0,0,5,2,0.6000
4,8.0000,39,42,693.6053,-85.7532,-0.3240,13,0.3250,0.8571,7,7,6,0,0,7,6,0.1429
4,8.0000,39,44,777.8215,-85.1949,-0.2042,10,0.2500,0.8750,8,6,6,0,0,6,6,0.0000
4,8.0000,39,45,370.6555,-81.3871,0.9655,17,0.4250,0.8571,7,8,5,0,0,8,5,0.3750
4,8.0000,39,46,315.1361,-80.8409,1.4202,16,0.4000,0.7143,7,8,6,0,0,8,6,0.2500
4,8.0000,40,1,571.4417,-85.3149,0.8465,14,0.3500,0.5714,7,7,6,0,0,7,6,0.1429
4,8.0000,40,2,636.9439,-85.7574,-0.3257,8,0.2000,0.8571,7,8,8,0,0,8,8,0.0000
4,8.0000,40,5,255.4925,-77.6434,0.7196,27,0.6750,0.4500,60,5,2,0,0,5,2,0.6000
4,8.0000,40,7,1003.2914,-89.0618,0.2532,4,0.1000,1.0000,8,4,4,0,0,4,4,0.0000
4,8.0000,40,8,474.3414,-83.2502,0.3650,14,0.3500,0.8000,5,9,8,0,0,9,8,0.1111
4,8.0000,40,10,658.7756,-86.6743,1.0595,10,0.2500,1.0000,8,6,4,0,0,6,4,0.3333
4,8.0000,40,11,707.1193,-86.4080,-0.9279,5,0.1250,1.0000,8,7,5,0,0,7,5,0.2857
4,8.0000,40,13,641.2032,-84.8072,0.3959,10,0.2500,1.0000,8,8,7,0,0,8,7,0.1250
4,8.0000,40,17,658.8336,-87.1795,-0.6043,5,0.1250,1.0000,8,8,8,0,0,8,8,0.0000
4,8.0000,40,19,459.2679,-83.5407,0.0965,14,0.3500,0.8750,8,7,6,0,0,7,6,0.1429
4,8.0000,40,20,547.9974,-85.6865,0.2578,11,0.2750,0.9000,10,8,8,0,0,8,8,0.0000
4,8.0000,40,21,367.3559,-81.1237,-0.4170,17,0.4250,0.7143,7,6,4,61,53,67,57,0.1493
4,8.0000,40,22,561.3031,-84.0998,1.2454,10,0.2500,0.8571,7,6,6,8,8,14,14,0.0000
4,8.0000,40,23,598.7272,-84.3028,-1.4552,9,0.2250,0.9167,60,8,8,71,68,79,76,0.0380
4,8.0000,40,25,743.0089,-87.4807,-0.8411,5,0.1250,1.0000,6,8,8,0,0,8,8,0.0000
4,8.0000,40,26,494.0225,-84.5420,0.3479,16,0.4000,0.8571,7,7,6,0,0,7,6,0.1429
4,8.0000,40,27,586.6899,-84.7564,-0.0618,11,0.2750,1.0000,8,8,8,0,0,8,8,0.0000
4,8.0000,40,29,680.8124,-87.3360,0.0933,7,0.1750,0.8750,8,7,6,0,0,7,6,0.1429
4,8.0000,40,31,548.6037,-84.4949,0.7994,8,0.2000,1.0000,10,10,9,0,0,10,9,0.1000
4,8.0000,40,34,238.6738,-77.3129,-0.6678,30,0.7500,0.0000,4,6,2,0,0,6,2,0.6667
4,8.0000,40,35,762.4120,-87.1610,0.0280,9,0.2250,1.0000,6,7,6,0,0,7,6,0.1429
4,8.0000,40,36,584.9894,-85.2654,-0.8428,13,0.3250,0.7143,7,7,6,0,0,7,6,0.1429
4,8.0000,40,38,420.8686,-80.2637,-0.2479,22,0.5500,0.2000,5,8,8,0,0,8,8,0.0000
4,8.0000,40,43,113.3235,-64.2365,-3.2140,34,0.8500,0.0000,4,5,1,0,0,5,1,0.8000
4,8.0000,40,46,865.8276,-87.5011,2.9205,3,0.0750,1.0000,10,7,6,0,0,7,6,0.1429
4,8.0000,40,47,571.0717,-84.7349,0.9672,12,0.3000,0.8571,7,8,7,0,0,8,7,0.1250
4,8.0000,41,0,406.3347,-81.5220,0.5511,11,0.2750,0.6667,6,6,3,0,0,6,3,0.5000
4,8.0000,41,2,638.0885,-86.2413,-0.9611,6,0.1500,0.8750,8,8,7,0,0,8,7,0.1250
4,8.0000,41,3,488.1945,-82.9748,-0.2309,16,0.4000,0.6667,6,6,4,0,0,6,4,0.3333
4,8.0000,41,4,429.5073,-82.1434,-0.4243,15,0.3750,0.6667,6,8,5,0,0,8,5,0.3750
4,8.0000,41,6,302.4772,-79.4100,-0.0017,26,0.6500,0.5000,6,4,0,0,0,4,0,1.0000
4,8.0000,41,7,500.5756,-84.0189,-0.7667,9,0.2250,0.7143,7,8,8,0,0,8,8,0.0000
4,8.0000,41,9,273.5282,-79.3001,0.6466,32,0.8000,0.5000,6,7,5,0,0,7,5,0.2857
4,8.0000,41,11,610.0588,-84.7838,-0.8167,7,0.1750,1.0000,8,6,6,0,0,6,6,0.0000
4,8.0000,41,14,905.2054,-87.3543,-0.3560,5,0.1250,1.0000,8,3,2,0,0,3,2,0.3333
4,8.0000,41,15,451.8975,-81.7513,-0.4609,13,0.3250,0.7143,7,5,4,0,0,5,4,0.2000
4,8.0000,41,17,583.8613,-84.6723,-0.3731,11,0.2750,1.0000,8,8,8,0,0,8,8,0.0000
4,8.0000,41,18,800.0032,-87.3834,0.4365,9,0.2250,1.0000,6,8,7,0,0,8,7,0.1250
4,8.0000,41,20,665.4179,-85.7244,-0.3886,8,0.2000,0.7500,8,10,10,0,0,10,10,0.0000
4,8.0000,41,22,580.5355,-84.7085,0.7242,9,0.2250,0.8750,8,6,5,0,0,6,5,0.1667
4,8.0000,41,23,558.6475,-86.2934,0.2022,7,0.1750,1.0000,8,8,8,0,0,8,8,0.0000
4,8.0000,41,24,803.8905,-88.5425,-0.1678,7,0.1750,1.0000,6,8,8,0,0,8,8,0.0000
4,8.0000,41,25,517.3306,-81.7027,-0.8484,15,0.3750,0.8571,7,8,7,0,0,8,7,0.1250
4,8.0000,41,27,751.7681,-85.8079,0.0961,5,0.1250,0.8750,8,6,6,0,0,6,6,0.0000
4,8.0000,41,28,731.4625,-86.9110,1.0533,9,0.2250,1.0000,8,7,5,0,0,7,5,0.2857
4,8.0000,41,30,569.7116,-84.6905,-0.2544,14,0.3500,0.8750,8,7,6,0,0,7,6,0.1429
4,8.0000,41,31,641.2961,-86.4841,0.4265,6,0.1500,1.0000,8,8,7,0,0,8,7,0.1250
4,8.0000,41,32,385.8016,-81.8288,0.2261,14,0.3500,0.2000,5,7,6,0,0,7,6,0.1429
4,8.0000,41,33,186.0358,-76.0479,1.0002,32,0.8000,0.4000,5,4,0,0,0,4,0,1.0000
4,8.0000,41,37,193.4993,-75.5578,0.6807,30,0.7500,0.3333,6,6,1,0,0,6,1,0.8333
4,8.0000,41,39,164.0202,-70.9727,-1.3156,31,0.7750,0.2000,5,5,1,0,0,5,1,0.8000
4,8.0000,41,42,656.7586,-84.8502,-0.1941,11,0.2750,1.0000,8,8,8,0,0,8,8,0.0000
4,8.0000,41,44,778.9423,-86.0962,-0.7607,9,0.2250,1.0000,6,6,6,0,0,6,6,0.0000
4,8.0000,41,45,498.4961,-83.8029,-0.3315,11,0.2750,1.0000,8,8,8,0,0,8,8,0.0000
4,8.0000,41,46,473.5290,-84.0319,0.6959,11,0.2750,0.8571,7,8,7,0,0,8,7,0.1250
4,8.0000,42,0,793.3584,-86.1502,0.1791,3,0.0750,1.0000,8,8,8,0,0,8,8,0.0000
4,8.0000,42,3,516.7551,-84.6701,0.0132,15,0.3750,1.0000,8,6,3,0,0,6,3,0.5000
4,8.0000,42,4,363.4706,-79.1833,-0.9755,21,0.5250,0.2000,5,7,4,0,0,7,4,0.4286
4,8.0000,42,6,831.3707,-87.3776,0.6694,3,0.0750,0.8000,5,8,8,0,0,8,8,0.0000
4,8.0000,42,7,776.7026,-87.4577,0.0667,6,0.1500,1.0000,8,8,8,0,0,8,8,0.0000
4,8.0000,42,9,600.3379,-83.6707,-1.0052,14,0.3500,0.8571,7,8,8,0,0,8,8,0.0000
4,8.0000,42,11,1136.2146,-87.3630,-0.3999,4,0.1000,1.0000,8,2,2,0,0,2,2,0.0000
4,8.0000,42,14,566.4027,-84.9539,0.1395,14,0.3500,1.0000,8,8,7,0,0,8,7,0.1250
4,8.0000,42,15,472.1282,-83.1099,0.7807,14,0.3500,0.8571,7,7,4,0,0,7,4,0.4286
4,8.0000,42,18,503.1251,-84.4516,-0.7659,20,0.5000,0.6667,6,7,6,0,0,7,6,0.1429
4,8.0000,42,24,377.3093,-82.0923,-0.1346,24,0.6000,0.4000,5,7,4,0,0,7,4,0.4286
4,8.0000,42,28,471.4244,-83.3278,-0.5138,18,0.4500,1.0000,8,7,6,0,0,7,6,0.1429
4,8.0000,42,30,124.3262,-71.7495,0.2098,31,0.7750,0.0000,4,4,0,0,0,4,0,1.0000
4,8.0000,42,32,775.6560,-85.4154,-1.0933,6,0.1500,1.0000,8,8,8,0,0,8,8,0.0000
4,8.0000,42,33,498.9819,-83.0124,-0.8000,14,0.3500,0.8750,8,6,4,0,0,6,4,0.3333
4,8.0000,42,37,667.2950,-86.7357,0.3861,8,0.2000,1.0000,8,8,8,0,0,8,8,0.0000
4,8.0000,42,39,693.6053,-84.9730,-1.8086,9,0.2250,1.0000,8,7,6,0,0,7,6,0.1429
4,8.0000,42,41,656.7586,-83.5932,0.7581,10,0.2500,0.6667,6,8,8,0,0,8,8,0.0000
4,8.0000,42,44,279.0260,-78.7575,-0.1535,33,0.8250,0.2000,5,5,1,0,0,5,1,0.8000
4,8.0000,42,45,663.2476,-84.3169,0.1739,6,0.1500,0.8750,8,8,6,0,0,8,6,0.2500
4,8.0000,43,1,661.9340,-84.6348,-0.2063,11,0.2750,0.8571,7,7,5,0,0,7,5,0.2857
4,8.0000,43,2,542.4151,-84.4250,-0.3799,6,0.1500,1.0000,8,7,6,0,0,7,6,0.1429
4,8.0000,43,5,331.9113,-78.8313,-0.3142,21,0.5250,0.4286,7,7,6,0,0,7,6,0.1429
4,8.0000,43,8,453.1506,-82.0871,-0.6631,20,0.5000,0.8750,8,8,8,0,0,8,8,0.0000
4,8.0000,43,10,707.5379,-85.6462,0.9916,8,0.2000,0.8571,7,8,8,0,0,8,8,0.0000
4,8.0000,43,11,621.7304,-86.2387,-0.1145,3,0.0750,1.0000,8,8,8,0,0,8,8,0.0000
4,8.0000,43,13,727.4858,-85.9467,-0.0538,9,0.2250,1.0000,8,6,6,0,0,6,6,0.0000
4,8.0000,43,17,555.1749,-86.7664,-0.4002,5,0.1250,1.0000,8,8,8,0,0,8,8,0.0000
4,8.0000,43,19,437.7962,-82.4754,-0.3552,15,0.3750,0.8750,8,7,6,0,0,7,6,0.1429
4,8.0000,43,20,459.2068,-82.8525,0.3099,7,0.1750,0.8571,7,6,3,0,0,6,3,0.5000
4,8.0000,43,21,310.4471,-79.4735,0.7490,22,0.5500,0.6250,8,4,0,0,0,4,0,1.0000
4,8.0000,43,22,452.2812,-82.6457,1.4532,6,0.1500,0.8571,7,5,1,0,0,5,1,0.8000
4,8.0000,43,23,486.6079,-83.8672,0.0868,6,0.1500,1.0000,8,6,4,0,0,6,4,0.3333
4,8.0000,43,25,650.6692,-86.8739,1.7343,4,0.1000,1.0000,6,7,6,0,0,7,6,0.1429
4,8.0000,43,26,573.6505,-84.4650,0.2180,11,0.2750,1.0000,8,8,8,0,0,8,8,0.0000
4,8.0000,43,27,509.0632,-84.6169,-0.5787,8,0.2000,0.8571,7,8,8,0,0,8,8,0.0000
4,8.0000,43,29,746.6925,-86.8218,-0.2639,9,0.2250,0.8571,7,8,8,0,0,8,8,0.0000
4,8.0000,43,31,454.5975,-80.8921,1.2894,7,0.1750,1.0000,8,9,6,0,0,9,6,0.3333
4,8.0000,43,34,271.7585,-76.3786,-0.5841,33,0.8250,0.4000,5,7,5,0,0,7,5,0.2857
4,8.0000,43,35,857.3704,-86.8749,3.3827,4,0.1000,0.8000,5,6,6,0,0,6,6,0.0000
4,8.0000,43,36,660.1620,-85.2273,-1.3150,8,0.2000,0.8571,7,8,7,0,0,8,7,0.1250
4,8.0000,43,38,387.7886,-79.6388,0.4760,22,0.5500,0.5714,7,6,4,0,0,6,4,0.3333
4,8.0000,43,40,113.3235,-64.4744,-3.3078,34,0.8500,0.0000,4,5,1,0,0,5,1,0.8000
4,8.0000,43,46,767.9993,-85.3593,0.1623,3,0.0750,0.8571,7,8,8,0,0,8,8,0.0000
4,8.0000,43,47,642.0004,-85.4565,-0.2155,7,0.1750,1.0000,6,7,6,0,0,7,6,0.1429
4,8.0000,44,0,816.7376,-87.5708,0.4694,5,0.1250,1.0000,8,8,8,0,0,8,8,0.0000
4,8.0000,44,3,502.1763,-84.3910,0.5452,11,0.2750,1.0000,8,8,8,0,0,8,8,0.0000
4,8.0000,44,4,467.6901,-81.2173,-0.9409,19,0.4750,0.5000,6,8,7,0,0,8,7,0.1250
4,8.0000,44,7,754.8298,-87.5694,-0.6651,4,0.1000,1.0000,8,8,8,0,0,8,8,0.0000
4,8.0000,44,9,781.5855,-86.1226,-2.3017,9,0.2250,1.0000,8,8,8,0,0,8,8,0.0000
4,8.0000,44,11,1145.4130,-88.0131,-0.0923,3,0.0750,1.0000,8,4,4,0,0,4,4,0.0000
4,8.0000,44,14,377.4452,-80.9621,-0.2879,25,0.6250,0.8571,7,7,3,0,0,7,3,0.5714
4,8.0000,44,15,434.9078,-82.7552,-0.2960,15,0.3750,0.7143,7,8,7,0,0,8,7,0.1250
4,8.0000,44,18,574.1361,-84.5982,-0.4471,19,0.4750,0.7143,7,7,5,0,0,7,5,0.2857
4,8.0000,44,24,205.9340,-76.7008,0.4794,35,0.8750,0.2000,5,4,0,0,0,4,0,1.0000
4,8.0000,44,28,372.2080,-79.8565,-0.9820,32,0.8000,0.0000,4,7,5,0,0,7,5,0.2857
4,8.0000,44,30,265.0600,-78.0782,0.3750,28,0.7000,0.5000,6,5,1,0,0,5,1,0.8000
4,8.0000,44,32,843.1530,-86.4542,-1.6430,5,0.1250,1.0000,8,8,8,0,0,8,8,0.0000
4,8.0000,44,33,666.2118,-85.9648,0.3436,8,0.2000,0.8750,8,8,8,0,0,8,8,0.0000
4,8.0000,44,37,717.7642,-85.7172,-0.5618,6,0.1500,1.0000,8,8,8,0,0,8,8,0.0000
4,8.0000,44,41,778.9423,-86.6376,0.7708,5,0.1250,1.0000,8,8,8,0,0,8,8,0.0000
4,8.0000,44,42,279.0260,-79.0360,-0.8658,28,0.7000,0.0000,4,7,4,0,0,7,4,0.4286
4,8.0000,44,45,707.2107,-86.3860,0.4609,8,0.2000,1.0000,8,8,8,0,0,8,8,0.0000
4,8.0000,44,46,899.2539,-87.3060,-0.1001,3,0.0750,1.0000,8,8,8,0,0,8,8,0.0000
4,8.0000,45,0,262.2143,-78.2013,0.2158,15,0.3750,0.6667,6,5,1,0,0,5,1,0.8000
4,8.0000,45,3,232.1942,-75.1281,-1.0390,28,0.7000,0.2000,5,6,3,0,0,6,3,0.5000
4,8.0000,45,4,306.3826,-78.4828,0.1529,26,0.6500,0.5714,7,6,3,0,0,6,3,0.5000
4,8.0000,45,6,734.9795,-86.5647,-0.2456,7,0.1750,1.0000,8,7,6,0,0,7,6,0.1429
4,8.0000,45,7,263.2367,-78.4841,0.3274,18,0.4500,0.8571,7,5,1,0,0,5,1,0.8000
4,8.0000,45,9,705.3111,-86.3403,-0.5652,8,0.2000,1.0000,8,8,8,0,0,8,8,0.0000
4,8.0000,45,11,615.7786,-85.2879,-0.2898,4,0.1000,1.0000,8,7,5,0,0,7,5,0.2857
4,8.0000,45,14,614.2094,-85.3702,-0.6489,9,0.2250,0.8750,8,8,8,0,0,8,8,0.0000
4,8.0000,45,15,368.0244,-80.2691,-0.6592,20,0.5000,0.7143,7,8,6,0,0,8,6,0.2500
4,8.0000,45,17,396.7712,-82.9023,1.4999,10,0.2500,1.0000,8,6,4,0,0,6,4,0.3333
4,8.0000,45,18,1045.2955,-88.0361,0.2146,4,0.1000,,0,4,4,0,0,4,4,0.0000
4,8.0000,45,20,743.6871,-87.6840,0.0202,3,0.0750,1.0000,8,8,8,0,0,8,8,0.0000
4,8.0000,45,21,753.4543,-85.3580,0.4108,4,0.1000,1.0000,8,6,6,0,0,6,6,0.0000
4,8.0000,45,22,643.1529,-86.4005,-1.2001,3,0.0750,1.0000,8,8,8,0,0,8,8,0.0000
4,8.0000,45,23,603.9974,-85.6668,0.1326,6,0.1500,1.0000,8,8,8,0,0,8,8,0.0000
4,8.0000,45,24,598.3726,-85.2259,-0.5833,15,0.3750,0.7143,7,8,8,0,0,8,8,0.0000
4,8.0000,45,25,661.4156,-86.9378,0.6040,5,0.1250,1.0000,8,8,8,0,0,8,8,0.0000
4,8.0000,45,28,429.4896,-81.8602,-0.0365,19,0.4750,0.8571,7,8,8,0,0,8,8,0.0000
4,8.0000,45,30,620.0478,-83.6338,-1.1353,14,0.3500,0.8571,7,7,5,0,0,7,5,0.2857
4,8.0000,45,32,214.1130,-74.8992,-0.8064,28,0.7000,0.3333,6,8,5,0,0,8,5,0.3750
4,8.0000,45,33,476.9571,-82.8259,0.5981,15,0.3750,0.8571,7,7,6,0,0,7,6,0.1429
4,8.0000,45,37,487.1462,-81.8132,0.0511,14,0.3500,0.8571,7,7,6,0,0,7,6,0.1429
4,8.0000,45,38,807.3632,-88.7966,0.4190,3,0.0750,,0,4,2,0,0,4,2,0.5000
4,8.0000,45,39,370.6555,-82.1093,0.0004,9,0.2250,0.8750,8,6,3,0,0,6,3,0.5000
4,8.0000,45,41,498.4961,-84.2149,-0.0168,10,0.2500,1.0000,8,8,8,0,0,8,8,0.0000
4,8.0000,45,42,663.2476,-84.7373,0.7765,13,0.3250,1.0000,8,8,7,0,0,8,7,0.1250
4,8.0000,45,44,707.2107,-85.0590,-0.7343,14,0.3500,0.7143,7,8,7,0,0,8,7,0.1250
4,8.0000,45,46,365.2331,-82.1988,0.1339,10,0.2500,0.8571,7,7,6,0,0,7,6,0.1429
4,8.0000,46,0,116.1264,-72.6179,1.3327,36,0.9000,0.3333,6,3,0,0,0,3,0,1.0000
4,8.0000,46,2,652.5446,-86.6141,-0.8493,10,0.2500,0.8571,7,8,8,0,0,8,8,0.0000
4,8.0000,46,3,425.2105,-82.9176,0.4318,17,0.4250,1.0000,8,7,5,0,0,7,5,0.2857
4,8.0000,46,4,562.1847,-84.5031,0.5761,12,0.3000,1.0000,8,7,5,0,0,7,5,0.2857
4,8.0000,46,5,944.6298,-88.0441,-1.3911,4,0.1000,1.0000,8,2,2,0,0,2,2,0.0000
4,8.0000,46,6,574.9735,-84.5995,0.0020,13,0.3250,0.8571,7,7,6,0,0,7,6,0.1429
4,8.0000,46,7,174.2726,-75.5480,0.5381,32,0.8000,0.2000,5,6,2,0,0,6,2,0.6667
4,8.0000,46,8,956.1957,-88.3729,-2.6327,3,0.0750,1.0000,2,6,6,0,0,6,6,0.0000
4,8.0000,46,9,743.5848,-87.7718,-0.0900,5,0.1250,1.0000,8,7,6,0,0,7,6,0.1429
4,8.0000,46,11,265.8285,-75.1653,-1.4904,32,0.8000,0.2000,5,7,5,0,0,7,5,0.2857
4,8.0000,46,14,827.3751,-87.9024,0.1504,9,0.2250,1.0000,8,2,2,0,0,2,2,0.0000
4,8.0000,46,15,466.5532,-83.5903,0.7592,16,0.4000,0.8571,7,8,8,0,0,8,8,0.0000
4,8.0000,46,17,273.0683,-76.8109,-0.9681,27,0.6750,0.0000,4,7,6,0,0,7,6,0.1429
4,8.0000,46,19,792.2149,-86.2709,-0.6113,8,0.2000,0.8000,5,7,5,0,0,7,5,0.2857
4,8.0000,46,20,457.3351,-83.3259,0.4530,12,0.3000,0.8571,7,8,7,0,0,8,7,0.1250
4,8.0000,46,21,643.9775,-84.5864,0.1438,9,0.2250,0.8750,8,8,7,0,0,8,7,0.1250
4,8.0000,46,22,457.3345,-83.1803,0.3713,17,0.4250,0.7500,8,7,4,0,0,7,4,0.4286
4,8.0000,46,23,480.6638,-84.3261,0.0245,15,0.3750,0.8571,7,7,5,0,0,7,5,0.2857
4,8.0000,46,24,830.0568,-87.3176,0.2759,9,0.2250,1.0000,2,4,4,0,0,4,4,0.0000
4,8.0000,46,25,345.7506,-79.4871,0.4859,19,0.4750,0.8571,7,7,6,0,0,7,6,0.1429
4,8.0000,46,27,719.5849,-86.4503,0.2373,10,0.2500,0.8750,8,9,8,0,0,9,8,0.1111
4,8.0000,46,28,677.5075,-87.4049,0.1602,10,0.2500,1.0000,8,6,4,0,0,6,4,0.3333
4,8.0000,46,30,809.1784,-87.5251,0.0812,7,0.1750,1.0000,8,6,6,0,0,6,6,0.0000
4,8.0000,46,31,452.9486,-81.8458,-0.6639,17,0.4250,0.7500,8,8,8,0,0,8,8,0.0000
4,8.0000,46,32,240.4738,-79.1537,1.2861,19,0.4750,0.8571,7,6,3,0,0,6,3,0.5000
4,8.0000,46,33,579.2662,-85.4659,-0.1993,15,0.3750,1.0000,8,7,5,0,0,7,5,0.2857
4,8.0000,46,34,798.9350,-86.6173,0.5097,8,0.2000,0.8571,7,6,6,0,0,6,6,0.0000
4,8.0000,46,37,386.6301,-81.4049,-0.4374,21,0.5250,0.8750,8,7,4,0,0,7,4,0.4286
4,8.0000,46,38,605.1053,-85.3833,0.1245,13,0.3250,1.0000,8,8,8,0,0,8,8,0.0000
4,8.0000,46,39,315.1361,-81.6123,0.5880,17,0.4250,0.5714,7,4,0,0,0,4,0,1.0000
4,8.0000,46,40,865.8276,-86.3880,-1.1062,3,0.0750,0.8571,7,4,4,0,0,4,4,0.0000
4,8.0000,46,41,473.5290,-83.5831,0.3765,17,0.4250,0.5000,6,7,4,0,0,7,4,0.4286
4,8.0000,46,42,894.8058,-87.1695,-0.2122,5,0.1250,1.0000,8,8,8,0,0,8,8,0.0000
4,8.0000,46,43,767.9993,-86.5824,0.7020,9,0.2250,1.0000,6,8,8,0,0,8,8,0.0000
4,8.0000,46,44,899.2539,-87.1567,-0.1725,9,0.2250,0.8571,7,8,8,0,0,8,8,0.0000
4,8.0000,46,45,365.2331,-82.0261,0.5163,20,0.5000,0.5714,7,6,3,0,0,6,3,0.5000
4,8.0000,47,1,287.8364,-80.8189,0.5350,26,0.6500,0.5000,6,5,1,0,0,5,1,0.8000
4,8.0000,47,5,398.6084,-82.9029,1.0996,9,0.2250,0.8571,7,7,5,0,0,7,5,0.2857
4,8.0000,47,8,531.4986,-83.9173,0.0764,5,0.1250,0.8750,8,8,8,0,0,8,8,0.0000
4,8.0000,47,10,170.3167,-72.5479,-0.7026,33,0.8250,0.2000,5,6,3,0,0,6,3,0.5000
4,8.0000,47,12,582.9514,-84.7273,-0.2394,14,0.3500,0.8750,8,8,6,0,0,8,6,0.2500
4,8.0000,47,13,407.3334,-82.3101,0.5484,20,0.5000,0.6667,6,4,0,0,0,4,0,1.0000
4,8.0000,47,16,520.1744,-83.5462,-0.7832,23,0.5750,0.8750,8,8,7,0,0,8,7,0.1250
4,8.0000,47,19,475.7225,-83.0584,-0.1798,7,0.1750,0.5714,7,8,8,0,0,8,8,0.0000
4,8.0000,47,20,814.9655,-87.7867,-0.4494,3,0.0750,1.0000,8,8,8,0,0,8,8,0.0000
4,8.0000,47,26,280.5231,-78.4245,-0.5003,28,0.7000,0.0000,4,6,3,0,0,6,3,0.5000
4,8.0000,47,29,203.7658,-76.3208,0.3657,34,0.8500,0.0000,4,6,2,0,0,6,2,0.6667
4,8.0000,47,34,577.0550,-87.3622,1.1110,3,0.0750,0.8571,7,6,4,0,0,6,4,0.3333
4,8.0000,47,35,365.0749,-81.5344,0.4243,30,0.7500,0.4000,5,5,2,0,0,5,2,0.6000
4,8.0000,47,36,434.2646,-82.8331,0.5612,10,0.2500,0.7500,8,7,4,0,0,7,4,0.4286
4,8.0000,47,40,571.0717,-85.2193,0.4069,5,0.1250,1.0000,8,6,4,0,0,6,4,0.3333
4,8.0000,47,43,642.0004,-86.9419,-1.0331,3,0.0750,1.0000,8,8,7,0,0,8,7,0.1250
4,12.0000,0,2,709.6132,-85.9715,0.6183,8,0.2000,1.0000,8,7,6,0,0,7,6,0.1429
4,12.0000,0,3,434.6593,-80.8512,-0.5603,25,0.6250,0.7143,7,7,5,0,0,7,5,0.2857
4,12.0000,0,4,389.8903,-82.5624,-0.0818,23,0.5750,0.6667,6,7,4,0,0,7,4,0.4286
4,12.0000,0,6,550.9890,-84.9839,-0.1479,17,0.4250,1.0000,8,7,6,0,0,7,6,0.1429
4,12.0000,0,7,182.7658,-74.0075,-0.9232,31,0.7750,0.2000,5,4,0,0,0,4,0,1.0000
4,12.0000,0,9,601.3481,-85.5002,0.2887,15,0.3750,0.7500,8,7,5,0,0,7,5,0.2857
4,12.0000,0,11,406.6224,-80.8019,-0.4665,19,0.4750,0.5714,7,6,2,0,0,6,2,0.6667
4,12.0000,0,14,832.0813,-86.7056,-0.3535,8,0.2000,0.8000,5,6,6,0,0,6,6,0.0000
4,12.0000,0,15,456.7979,-82.1820,-0.5854,25,0.6250,0.8571,7,7,6,0,0,7,6,0.1429
4,12.0000,0,17,329.1837,-79.5826,-0.9550,24,0.6000,0.6667,6,5,2,0,0,5,2,0.6000
4,12.0000,0,18,893.3652,-88.5318,0.3920,3,0.0750,1.0000,4,4,4,0,0,4,4,0.0000
4,12.0000,0,19,829.8723,-87.8396,-2.0112,4,0.1000,1.0000,8,7,6,0,0,7,6,0.1429
4,12.0000,0,20,514.1732,-83.1977,0.4076,12,0.3000,1.0000,8,8,8,0,0,8,8,0.0000
4,12.0000,0,21,808.7214,-86.3629,0.0521,10,0.2500,0.8333,6,7,6,0,0,7,6,0.1429
4,12.0000,0,22,394.9081,-82.1468,0.7341,21,0.5250,0.7143,7,7,5,0,0,7,5,0.2857
4,12.0000,0,23,431.9345,-83.2370,0.1837,18,0.4500,0.8571,7,7,6,0,0,7,6,0.1429
4,12.0000,0,24,781.6555,-86.4365,-0.5206,12,0.3000,1.0000,4,4,4,0,0,4,4,0.0000
4,12.0000,0,25,452.6629,-82.0228,-0.0697,20,0.5000,0.8750,8,7,6,0,0,7,6,0.1429
4,12.0000,0,27,807.7592,-86.5838,0.1667,6,0.1500,1.0000,6,8,8,0,0,8,8,0.0000
4,12.0000,0,28,549.5202,-84.8890,-0.0034,16,0.4000,1.0000,8,8,8,0,0,8,8,0.0000
4,12.0000,0,30,769.8131,-86.8806,-0.0002,10,0.2500,0.8571,7,6,4,0,0,6,4,0.3333
4,12.0000,0,31,524.8994,-83.2835,-0.1287,11,0.2750,0.8571,7,8,8,0,0,8,8,0.0000
4,12.0000,0,32,170.4649,-73.4722,-0.6646,31,0.7750,0.0000,4,7,3,0,0,7,3,0.5714
4,12.0000,0,33,447.2329,-81.9082,0.7299,20,0.5000,0.8750,8,7,6,0,0,7,6,0.1429
4,12.0000,0,34,1003.1210,-88.7303,0.0846,4,0.1000,1.0000,4,6,6,0,0,6,6,0.0000
4,12.0000,0,37,365.0379,-80.3943,-0.1551,24,0.6000,0.4000,5,6,4,0,0,6,4,0.3333
4,12.0000,0,38,689.4915,-85.6015,-0.2551,9,0.2250,1.0000,8,4,4,0,0,4,4,0.0000
4,12.0000,0,39,126.2381,-74.8997,1.6951,34,0.8500,0.0000,3,5,1,8,1,13,2,0.8462
4,12.0000,0,40,992.2031,-88.9407,0.1698,6,0.1500,1.0000,4,4,4,0,0,4,4,0.0000
4,12.0000,0,41,374.5296,-81.1026,0.3426,24,0.6000,0.7143,7,6,4,0,0,6,4,0.3333
4,12.0000,0,42,821.6437,-88.0183,-0.2393,6,0.1500,1.0000,6,7,5,0,0,7,5,0.2857
4,12.0000,0,43,765.7368,-87.1309,1.8801,5,0.1250,1.0000,6,8,8,0,0,8,8,0.0000
4,12.0000,0,44,893.9263,-86.6715,-0.7140,6,0.1500,1.0000,8,6,6,0,0,6,6,0.0000
4,12.0000,0,45,264.8499,-78.4825,-0.4107,31,0.7750,0.2000,5,6,3,0,0,6,3,0.5000
4,12.0000,0,46,86.3465,-69.0834,1.0245,34,0.8500,0.2000,5,5,1,0,0,5,1,0.8000
4,12.0000,1,5,307.8251,-79.8342,0.1467,24,0.6000,0.8571,7,7,3,0,0,7,3,0.5714
4,12.0000,1,8,799.0042,-85.4110,-0.3382,6,0.1500,0.8571,7,8,8,0,0,8,8,0.0000
4,12.0000,1,10,447.9522,-81.3417,0.0466,22,0.5500,0.7143,7,8,8,0,0,8,8,0.0000
4,12.0000,1,12,762.4019,-86.9120,0.6487,8,0.2000,0.7500,8,6,6,0,0,6,6,0.0000
4,12.0000,1,13,142.6677,-72.5038,-0.3341,37,0.9250,0.0000,4,4,0,0,0,4,0,1.0000
4,12.0000,1,16,660.2097,-86.3476,0.0277,13,0.3250,0.8750,8,7,5,0,0,7,5,0.2857
4,12.0000,1,19,698.0352,-85.2938,-1.4287,7,0.1750,1.0000,8,8,8,0,0,8,8,0.0000
4,12.0000,1,26,242.4445,-74.3066,-1.5416,33,0.8250,0.2000,5,7,3,0,0,7,3,0.5714
4,12.0000,1,27,912.0168,-87.6542,-0.5097,3,0.0750,1.0000,8,6,6,0,0,6,6,0.0000
4,12.0000,1,29,230.0615,-76.8920,0.3439,35,0.8750,0.2000,5,5,2,0,0,5,2,0.6000
4,12.0000,1,34,465.7532,-83.0665,0.0041,19,0.4750,0.6667,6,6,3,0,0,6,3,0.5000
4,12.0000,1,35,198.7855,-75.8540,-0.1103,37,0.9250,0.0000,4,4,0,0,0,4,0,1.0000
4,12.0000,1,36,160.1696,-74.5397,0.8176,33,0.8250,0.2000,5,4,0,0,0,4,0,1.0000
4,12.0000,1,38,881.8848,-86.6303,0.0443,6,0.1500,1.0000,8,4,4,0,0,4,4,0.0000
4,12.0000,1,40,567.1380,-84.7762,0.1716,12,0.3000,1.0000,8,8,8,0,0,8,8,0.0000
4,12.0000,1,43,771.8705,-86.6633,1.0697,6,0.1500,1.0000,8,8,8,0,0,8,8,0.0000
4,12.0000,1,47,250.5451,-77.7636,0.1008,33,0.8250,0.0000,4,7,5,0,0,7,5,0.2857
4,12.0000,2,0,709.6132,-85.9329,-0.6513,11,0.2750,1.0000,8,8,8,0,0,8,8,0.0000
4,12.0000,2,5,918.7617,-86.3600,-1.2934,6,0.1500,1.0000,2,8,8,0,0,8,8,0.0000
4,12.0000,2,6,794.3132,-86.5525,0.9029,8,0.2000,1.0000,6,8,8,0,0,8,8,0.0000
4,12.0000,2,7,890.9143,-86.9506,-1.1609,6,0.1500,1.0000,8,6,6,0,0,6,6,0.0000
4,12.0000,2,8,419.7364,-80.9696,0.4978,17,0.4250,0.5000,6,7,5,0,0,7,5,0.2857
4,12.0000,2,9,745.7823,-86.9418,0.6161,9,0.2250,1.0000,10,8,8,0,0,8,8,0.0000
4,12.0000,2,10,787.8163,-88.3304,-0.0070,8,0.2000,1.0000,8,8,6,0,0,8,6,0.2500
4,12.0000,2,11,580.3602,-83.5507,-2.2908,11,0.2750,0.8571,7,7,5,0,0,7,5,0.2857
4,12.0000,2,15,1137.8336,-87.9655,0.5513,3,0.0750,1.0000,2,2,2,0,0,2,2,0.0000
4,12.0000,2,16,969.6526,-88.9612,0.0512,3,0.0750,,0,4,4,0,0,4,4,0.0000
4,12.0000,2,17,584.7298,-85.1472,0.4370,8,0.2000,1.0000,8,8,7,0,0,8,7,0.1250
4,12.0000,2,19,467.2265,-83.8882,0.7348,15,0.3750,1.0000,8,8,8,0,0,8,8,0.0000
4,12.0000,2,20,460.7668,-80.6736,0.1175,18,0.4500,0.8571,7,8,7,0,0,8,7,0.1250
4,12.0000,2,21,823.0746,-87.1256,-1.1524,7,0.1750,1.0000,8,8,8,0,0,8,8,0.0000
4,12.0000,2,22,421.4641,-78.7087,-1.8171,20,0.5000,0.8571,7,7,6,0,0,7,6,0.1429
4,12.0000,2,23,351.8560,-78.1064,-0.9108,21,0.5250,0.6667,6,6,3,0,0,6,3,0.5000
4,12.0000,2,25,465.3720,-82.1961,-0.3255,17,0.4250,0.7143,7,7,6,0,0,7,6,0.1429
4,12.0000,2,27,203.2183,-73.0106,-0.3509,34,0.8500,0.4000,5,5,2,0,0,5,2,0.6000
4,12.0000,2,31,336.5931,-78.7202,-0.0128,23,0.5750,0.8000,10,5,3,0,0,5,3,0.4000
4,12.0000,2,32,589.0835,-84.1949,-0.1698,5,0.1250,0.8571,7,8,8,0,0,8,8,0.0000
4,12.0000,2,33,777.0599,-87.6018,1.4087,7,0.1750,1.0000,8,8,8,0,0,8,8,0.0000
4,12.0000,2,34,853.9644,-86.1989,-0.3196,6,0.1500,1.0000,8,6,6,0,0,6,6,0.0000
4,12.0000,2,37,790.3224,-86.4499,0.0737,8,0.2000,1.0000,8,4,4,0,0,4,4,0.0000
4,12.0000,2,38,863.0250,-86.9053,0.8448,6,0.1500,1.0000,8,4,4,0,0,4,4,0.0000
4,12.0000,2,39,619.7423,-85.0144,-0.2691,12,0.3000,1.0000,8,8,8,0,0,8,8,0.0000
4,12.0000,2,40,683.9673,-85.6462,-0.6172,8,0.2000,1.0000,8,8,8,0,0,8,8,0.0000
4,12.0000,2,41,708.7505,-84.8837,-0.0352,11,0.2750,1.0000,8,8,8,0,0,8,8,0.0000
4,12.0000,2,43,522.6698,-83.1865,0.7387,13,0.3250,0.6667,6,7,6,0,0,7,6,0.1429
4,12.0000,2,45,840.8238,-87.0886,1.0600,7,0.1750,1.0000,6,8,8,0,0,8,8,0.0000
4,12.0000,2,46,747.0474,-86.7912,-0.4181,8,0.2000,1.0000,8,8,8,0,0,8,8,0.0000
4,12.0000,2,47,865.7644,-88.7758,4.5324,3,0.0750,1.0000,6,8,8,0,0,8,8,0.0000
4,12.0000,3,0,434.6593,-80.8599,-1.1371,13,0.3250,0.5000,6,8,7,0,0,8,7,0.1250
4,12.0000,3,4,230.9058,-76.6348,-0.1298,31,0.7750,0.2000,5,5,1,0,0,5,1,0.8000
4,12.0000,3,6,786.9159,-87.1012,-0.0539,6,0.1500,1.0000,8,6,6,0,0,6,6,0.0000
4,12.0000,3,7,290.0528,-77.8698,-0.0835,22,0.5500,0.5714,7,6,4,0,0,6,4,0.3333
4,12.0000,3,9,806.8470,-85.6564,0.1337,8,0.2000,0.8750,8,8,8,0,0,8,8,0.0000
4,12.0000,3,14,408.8996,-82.3113,-0.0749,29,0.7250,0.7143,7,6,4,0,0,6,4,0.3333
4,12.0000,3,15,180.9486,-73.5651,-0.1756,34,0.8500,0.2000,5,4,0,0,0,4,0,1.0000
4,12.0000,3,18,800.7591,-87.8817,-0.1909,8,0.2000,1.0000,6,7,6,0,0,7,6,0.1429
4,12.0000,3,24,404.7352,-82.4331,0.3983,27,0.6750,0.6667,6,6,3,0,0,6,3,0.5000
4,12.0000,3,28,115.0811,-74.6122,2.3403,35,0.8750,0.0000,4,4,0,0,0,4,0,1.0000
4,12.0000,3,30,532.4747,-83.3266,0.4519,19,0.4750,0.8750,8,7,5,0,0,7,5,0.2857
4,12.0000,3,32,545.5124,-82.1221,-1.3241,12,0.3000,0.8571,7,7,6,0,0,7,6,0.1429
4,12.0000,3,33,598.6714,-83.8168,-0.8030,15,0.3750,1.0000,8,8,8,0,0,8,8,0.0000
4,12.0000,3,37,575.6697,-82.4495,-0.4448,14,0.3500,1.0000,8,8,8,0,0,8,8,0.0000
4,12.0000,3,39,518.5048,-82.9794,0.0237,9,0.2250,0.8571,7,8,8,0,0,8,8,0.0000
4,12.0000,3,41,601.8804,-84.4080,-1.5164,7,0.1750,0.3333,6,8,7,0,0,8,7,0.1250
4,12.0000,3,42,543.4614,-83.6018,-0.1528,20,0.5000,0.7500,8,8,8,0,0,8,8,0.0000
4,12.0000,3,44,551.6952,-84.5554,0.8874,21,0.5250,0.7143,7,7,5,0,0,7,5,0.2857
4,12.0000,3,45,359.0468,-78.7663,-0.8885,22,0.5500,0.5000,6,8,7,0,0,8,7,0.1250
4,12.0000,3,46,441.0498,-80.8650,0.4046,10,0.2500,1.0000,8,7,6,0,0,7,6,0.1429
4,12.0000,4,0,389.8903,-81.5651,0.5671,14,0.3500,0.8571,7,7,6,0,0,7,6,0.1429
4,12.0000,4,2,996.1727,-88.0952,0.0288,4,0.1000,1.0000,6,8,8,0,0,8,8,0.0000
4,12.0000,4,3,230.9058,-76.7080,0.1039,30,0.7500,0.0000,4,5,2,0,0,5,2,0.6000
4,12.0000,4,6,690.1192,-85.7140,-0.2550,9,0.2250,1.0000,8,7,6,0,0,7,6,0.1429
4,12.0000,4,7,339.9006,-82.5312,0.6766,15,0.3750,0.8571,7,7,5,0,0,7,5,0.2857
4,12.0000,4,9,627.3242,-85.3339,-0.8849,15,0.3750,0.8571,7,6,6,0,0,6,6,0.0000
4,12.0000,4,11,794.8707,-86.0909,-1.1923,6,0.1500,1.0000,8,8,8,0,0,8,8,0.0000
4,12.0000,4,14,562.2157,-84.8188,-0.1378,19,0.4750,0.8571,7,8,8,0,0,8,8,0.0000
4,12.0000,4,15,275.1328,-77.6969,-0.3672,28,0.7000,0.2000,5,5,1,0,0,5,1,0.8000
4,12.0000,4,17,624.0436,-85.9874,-0.0420,10,0.2500,0.8750,8,8,8,0,0,8,8,0.0000
4,12.0000,4,18,720.4562,-86.5075,-0.0608,11,0.2750,0.6667,3,8,8,0,0,8,8,0.0000
4,12.0000,4,20,882.3639,-86.8804,0.7048,4,0.1000,1.0000,10,6,6,0,0,6,6,0.0000
4,12.0000,4,22,699.0665,-87.5658,-1.1821,4,0.1000,1.0000,8,7,6,0,0,7,6,0.1429
4,12.0000,4,23,692.5106,-86.8618,-0.7460,4,0.1000,1.0000,8,6,6,0,0,6,6,0.0000
4,12.0000,4,24,469.2354,-82.6795,0.0481,23,0.5750,0.5000,6,6,3,0,0,6,3,0.5000
4,12.0000,4,28,301.4526,-79.5676,0.6978,30,0.7500,0.0000,4,6,3,0,0,6,3,0.5000
4,12.0000,4,30,466.5058,-80.9483,-0.5556,27,0.6750,0.6667,6,8,8,0,0,8,8,0.0000
4,12.0000,4,32,455.0695,-83.1318,-0.3499,13,0.3250,0.7500,8,6,5,0,0,6,5,0.1667
4,12.0000,4,33,407.7782,-80.2254,-1.1056,21,0.5250,0.5000,6,8,7,0,0,8,7,0.1250
4,12.0000,4,37,483.2429,-83.8241,0.0065,16,0.4000,0.8571,7,8,7,0,0,8,7,0.1250
4,12.0000,4,39,420.9273,-81.3806,1.1610,17,0.4250,0.8750,8,7,5,0,0,7,5,0.2857
4,12.0000,4,41,444.3645,-82.5913,-0.0399,15,0.3750,0.8750,8,7,5,0,0,7,5,0.2857
4,12.0000,4,42,475.9292,-81.4654,-0.3649,28,0.7000,0.4000,5,8,8,0,0,8,8,0.0000
4,12.0000,4,44,592.5016,-83.5663,-0.6036,23,0.5750,0.8750,8,7,5,0,0,7,5,0.2857
4,12.0000,4,45,326.7450,-79.5152,-0.7595,21,0.5250,0.5714,7,7,6,0,0,7,6,0.1429
4,12.0000,4,46,439.3538,-84.4625,0.0231,13,0.3250,0.4000,5,8,7,0,0,8,7,0.1250
4,12.0000,5,1,307.8251,-79.2777,0.1729,34,0.8500,0.3333,6,4,0,0,0,4,0,1.0000
4,12.0000,5,8,691.9137,-84.2596,0.7729,6,0.1500,0.8571,7,8,8,0,0,8,8,0.0000
4,12.0000,5,10,503.0269,-83.2175,0.0336,20,0.5000,1.0000,8,7,6,0,0,7,6,0.1429
4,12.0000,5,13,301.3192,-81.0109,0.5791,26,0.6500,0.3333,6,6,3,0,0,6,3,0.5000
4,12.0000,5,16,799.5574,-87.0010,-1.4142,4,0.1000,1.0000,4,7,6,0,0,7,6,0.1429
4,12.0000,5,19,560.9224,-83.1835,0.2146,15,0.3750,1.0000,6,8,8,0,0,8,8,0.0000
4,12.0000,5,20,673.8692,-85.0939,2.4110,3,0.0750,0.8571,7,8,8,0,0,8,8,0.0000
4,12.0000,5,21,533.7174,-83.2898,0.3910,12,0.3000,1.0000,8,8,8,0,0,8,8,0.0000
4,12.0000,5,26,163.1110,-75.6336,0.8137,34,0.8500,0.2000,5,4,0,0,0,4,0,1.0000
4,12.0000,5,29,374.7534,-81.7916,0.6925,24,0.6000,0.6250,8,6,3,0,0,6,3,0.5000
4,12.0000,5,34,172.1921,-74.5350,0.4555,33,0.8250,0.3333,6,4,0,0,0,4,0,1.0000
4,12.0000,5,35,502.5440,-83.5027,-0.1859,24,0.6000,0.7143,7,7,6,0,0,7,6,0.1429
4,12.0000,5,36,307.6478,-79.2344,1.1543,33,0.8250,0.4000,5,4,0,0,0,4,0,1.0000
4,12.0000,5,38,603.0337,-80.8339,-0.4383,6,0.1500,1.0000,8,8,7,0,0,8,7,0.1250
4,12.0000,5,40,303.4031,-77.9589,0.1452,27,0.6750,0.0000,4,6,3,0,0,6,3,0.5000
4,12.0000,5,43,497.0355,-80.7849,-0.7225,13,0.3250,0.8571,7,8,8,0,0,8,8,0.0000
4,12.0000,5,47,281.7425,-79.8084,0.4647,31,0.7750,0.8571,7,5,2,0,0,5,2,0.6000
4,12.0000,6,0,550.9890,-85.6444,0.5384,6,0.1500,1.0000,8,7,6,0,0,7,6,0.1429
4,12.0000,6,2,794.3132,-86.4573,-1.4838,5,0.1250,1.0000,8,8,8,0,0,8,8,0.0000
4,12.0000,6,3,786.9159,-86.2029,0.5179,3,0.0750,0.8571,7,8,8,0,0,8,8,0.0000
4,12.0000,6,4,690.1192,-85.3400,0.0837,5,0.1250,1.0000,8,8,8,0,0,8,8,0.0000
4,12.0000,6,7,621.7441,-84.5695,0.1396,6,0.1500,1.0000,8,8,8,0,0,8,8,0.0000
4,12.0000,6,9,330.5118,-80.4453,0.7352,22,0.5500,0.7500,8,6,2,0,0,6,2,0.6667
4,12.0000,6,11,710.5462,-84.2241,0.0532,4,0.1000,1.0000,8,8,8,0,0,8,8,0.0000
4,12.0000,6,15,670.2149,-84.3590,-0.1933,7,0.1750,1.0000,8,8,8,0,0,8,8,0.0000
4,12.0000,6,17,806.8842,-86.2643,-0.8974,3,0.0750,1.0000,6,8,8,0,0,8,8,0.0000
4,12.0000,6,18,617.5680,-85.3993,0.3975,9,0.2250,1.0000,4,8,8,0,0,8,8,0.0000
4,12.0000,6,20,830.8200,-87.0755,-2.7393,3,0.0750,1.0000,8,8,8,0,0,8,8,0.0000
4,12.0000,6,24,917.0823,-88.5606,-0.3344,4,0.1000,1.0000,4,4,4,0,0,4,4,0.0000
4,12.0000,6,25,689.1015,-87.3156,-1.2190,3,0.0750,1.0000,8,8,8,0,0,8,8,0.0000
4,12.0000,6,28,879.8128,-87.4202,-0.4990,4,0.1000,1.0000,6,8,8,0,0,8,8,0.0000
4,12.0000,6,30,750.9349,-86.6729,-0.8738,8,0.2000,1.0000,8,8,8,0,0,8,8,0.0000
4,12.0000,6,31,758.7031,-87.3883,-1.0505,3,0.0750,0.8571,7,8,8,0,0,8,8,0.0000
4,12.0000,6,32,625.8255,-87.0797,-0.7597,4,0.1000,1.0000,8,8,8,0,0,8,8,0.0000
4,12.0000,6,33,401.0708,-83.1198,0.0262,13,0.3250,1.0000,8,8,8,0,0,8,8,0.0000
4,12.0000,6,37,215.4745,-77.5285,0.2648,25,0.6250,0.3333,6,4,0,0,0,4,0,1.0000
4,12.0000,6,39,475.4960,-81.7924,-0.5905,7,0.1750,0.8571,7,8,8,0,0,8,8,0.0000
4,12.0000,6,41,306.0970,-78.5235,-1.1852,18,0.4500,0.6667,6,5,2,0,0,5,2,0.6000
4,12.0000,6,42,857.1444,-87.6492,0.6772,5,0.1250,1.0000,6,8,8,0,0,8,8,0.0000
4,12.0000,6,44,939.9421,-87.3605,-0.7006,3,0.0750,1.0000,6,8,8,0,0,8,8,0.0000
4,12.0000,6,45,785.5509,-86.2870,-1.8490,3,0.0750,1.0000,8,8,8,0,0,8,8,0.0000
4,12.0000,6,46,571.5611,-85.6617,1.0787,4,0.1000,1.0000,8,7,6,0,0,7,6,0.1429
4,12.0000,7,0,182.7658,-72.7863,-0.5273,34,0.8500,0.4000,5,6,2,0,0,6,2,0.6667
4,12.0000,7,2,890.9143,-87.5792,-0.3044,5,0.1250,1.0000,6,8,8,0,0,8,8,0.0000
4,12.0000,7,3,290.0528,-77.8024,-0.6155,24,0.6000,0.5000,6,7,4,0,0,7,4,0.4286
4,12.0000,7,4,339.9006,-81.6762,0.8553,23,0.5750,1.0000,8,6,2,0,0,6,2,0.6667
4,12.0000,7,6,621.7441,-85.4369,-0.0255,12,0.3000,0.8571,7,6,4,0,0,6,4,0.3333
4,12.0000,7,9,702.5868,-86.2334,0.2244,7,0.1750,0.8571,7,8,8,0,0,8,8,0.0000
4,12.0000,7,11,516.0306,-82.1964,-0.6502,11,0.2750,1.0000,8,7,5,0,0,7,5,0.2857
4,12.0000,7,14,671.5871,-85.2173,0.0283,11,0.2750,0.8571,7,8,8,0,0,8,8,0.0000
4,12.0000,7,15,318.5472,-79.6488,0.1981,25,0.6250,0.5714,7,7,6,0,0,7,6,0.1429
4,12.0000,7,17,454.5966,-82.1954,-0.3473,10,0.2500,0.8571,7,8,8,0,0,8,8,0.0000
4,12.0000,7,18,857.7148,-88.5171,0.4345,5,0.1250,1.0000,4,8,7,0,0,8,7,0.1250
4,12.0000,7,20,651.3371,-86.3670,1.3593,7,0.1750,1.0000,8,8,8,0,0,8,8,0.0000
4,12.0000,7,21,891.3719,-88.0177,-0.3068,5,0.1250,1.0000,6,4,4,0,0,4,4,0.0000
4,12.0000,7,22,556.8104,-84.6154,-0.7504,9,0.2250,1.0000,8,6,4,0,0,6,4,0.3333
4,12.0000,7,23,606.6350,-85.2475,1.8665,10,0.2500,0.8571,7,8,8,0,0,8,8,0.0000
4,12.0000,7,24,650.1814,-85.9651,-0.5480,13,0.3250,1.0000,8,6,6,0,0,6,6,0.0000
4,12.0000,7,25,590.4682,-84.3071,-0.7357,10,0.2500,0.8571,7,8,8,0,0,8,8,0.0000
4,12.0000,7,27,980.3394,-87.9426,-0.0371,5,0.1250,1.0000,6,8,8,0,0,8,8,0.0000
4,12.0000,7,28,401.1500,-82.4726,1.0839,22,0.5500,0.6667,6,8,8,0,0,8,8,0.0000
4,12.0000,7,30,695.9765,-85.6435,0.2449,13,0.3250,0.8750,8,7,6,0,0,7,6,0.1429
4,12.0000,7,31,683.3837,-86.0401,0.0073,9,0.2250,1.0000,8,8,8,0,0,8,8,0.0000
4,12.0000,7,32,335.4683,-77.6154,-0.1183,21,0.5250,0.8571,7,8,6,0,0,8,6,0.2500
4,12.0000,7,33,527.1334,-83.5446,0.4309,15,0.3750,0.8750,8,8,8,0,0,8,8,0.0000
4,12.0000,7,37,418.7954,-81.2583,-1.3005,17,0.4250,0.4000,5,7,5,0,0,7,5,0.2857
4,12.0000,7,38,739.4780,-86.4523,-0.2837,6,0.1500,1.0000,6,8,8,0,0,8,8,0.0000
4,12.0000,7,39,295.0148,-79.1531,-0.0577,22,0.5500,0.3333,6,8,8,0,0,8,8,0.0000
4,12.0000,7,41,471.5736,-84.3160,0.2590,13,0.3250,0.7500,8,6,4,0,0,6,4,0.3333
4,12.0000,7,42,744.2571,-87.3974,0.2322,11,0.2750,1.0000,8,6,6,0,0,6,6,0.0000
4,12.0000,7,43,903.3188,-87.7779,0.2540,6,0.1500,1.0000,10,6,6,0,0,6,6,0.0000
4,12.0000,7,44,770.7639,-87.2605,0.3479,7,0.1750,0.6667,6,8,7,0,0,8,7,0.1250
4,12.0000,7,45,273.6464,-77.9102,0.0500,35,0.8750,0.2000,5,7,6,0,0,7,6,0.1429
4,12.0000,7,46,157.3076,-73.7836,0.0906,33,0.8250,0.0000,4,5,1,0,0,5,1,0.8000
4,12.0000,8,1,799.0042,-86.7368,0.4311,8,0.2000,1.0000,8,8,8,0,0,8,8,0.0000
4,12.0000,8,2,419.7364,-82.3440,-0.2429,16,0.4000,1.0000,8,7,6,0,0,7,6,0.1429
4,12.0000,8,5,691.9137,-86.1129,-1.2114,8,0.2000,0.6667,6,8,8,0,0,8,8,0.0000
4,12.0000,8,10,472.9168,-83.1497,-0.7726,14,0.3500,0.8750,8,8,8,0,0,8,8,0.0000
4,12.0000,8,11,781.6137,-86.3318,0.5469,4,0.1000,1.0000,9,8,8,0,0,8,8,0.0000
4,12.0000,8,12,727.2193,-86.6001,0.6061,8,0.2000,0.8333,6,8,8,0,0,8,8,0.0000
4,12.0000,8,13,859.2167,-88.3851,-0.9878,5,0.1250,0.8750,8,8,8,0,0,8,8,0.0000
4,12.0000,8,16,592.9742,-85.4137,0.3812,14,0.3500,1.0000,4,8,8,0,0,8,8,0.0000
4,12.0000,8,17,835.5122,-86.5414,-2.5892,3,0.0750,1.0000,8,8,8,0,0,8,8,0.0000
4,12.0000,8,19,378.5471,-80.5051,-0.5843,15,0.3750,0.0000,3,8,6,0,0,8,6,0.2500
4,12.0000,8,20,610.7229,-85.2219,-1.0878,9,0.2250,1.0000,8,8,8,0,0,8,8,0.0000
4,12.0000,8,21,837.0621,-87.2249,-0.6019,6,0.1500,1.0000,8,6,6,0,0,6,6,0.0000
4,12.0000,8,22,695.6118,-84.4379,-0.1768,10,0.2500,1.0000,8,8,8,0,0,8,8,0.0000
4,12.0000,8,23,684.2455,-85.6304,-0.3603,6,0.1500,1.0000,8,8,8,0,0,8,8,0.0000
4,12.0000,8,25,675.2133,-86.5895,-1.1782,5,0.1250,1.0000,8,8,8,0,0,8,8,0.0000
4,12.0000,8,26,802.4124,-85.6766,0.0278,6,0.1500,1.0000,8,2,2,0,0,2,2,0.0000
4,12.0000,8,27,247.3416,-78.1862,0.4999,29,0.7250,0.5000,6,5,1,5,3,10,4,0.6000
4,12.0000,8,29,696.3321,-86.2392,-0.3529,12,0.3000,1.0000,6,8,8,0,0,8,8,0.0000
4,12.0000,8,31,540.8871,-84.7219,0.0204,9,0.2250,0.4000,5,8,8,0,0,8,8,0.0000
4,12.0000,8,32,925.5189,-88.8060,0.8941,3,0.0750,1.0000,8,2,2,0,0,2,2,0.0000
4,12.0000,8,34,708.2767,-86.5559,-0.8420,8,0.2000,1.0000,8,8,8,0,0,8,8,0.0000
4,12.0000,8,35,891.7758,-87.3509,-0.0149,9,0.2250,1.0000,6,6,6,0,0,6,6,0.0000
4,12.0000,8,36,854.7319,-86.7462,0.9546,7,0.1750,1.0000,8,8,8,0,0,8,8,0.0000
4,12.0000,8,40,508.3369,-83.6622,-0.1597,14,0.3500,0.8571,7,8,7,0,0,8,7,0.1250
4,12.0000,8,43,513.2511,-83.7110,-0.0850,13,0.3250,0.8750,8,8,8,0,0,8,8,0.0000
4,12.0000,8,47,551.3276,-84.0621,-0.1877,17,0.4250,0.8571,7,8,8,0,0,8,8,0.0000
4,12.0000,9,0,601.3481,-84.1689,0.2784,11,0.2750,1.0000,8,6,4,0,0,6,4,0.3333
4,12.0000,9,2,745.7823,-86.1851,-1.5991,4,0.1000,1.0000,8,8,8,0,0,8,8,0.0000
4,12.0000,9,3,806.8470,-87.3195,-0.2410,9,0.2250,0.8571,7,4,4,0,0,4,4,0.0000
4,12.0000,9,4,627.3242,-85.1495,-0.1354,13,0.3250,1.0000,8,8,8,0,0,8,8,0.0000
4,12.0000,9,6,330.5118,-79.9261,0.0888,26,0.6500,0.8750,8,7,3,0,0,7,3,0.5714
4,12.0000,9,7,702.5868,-86.0184,-1.5241,6,0.1500,1.0000,8,7,6,0,0,7,6,0.1429
4,12.0000,9,15,724.9457,-85.6863,0.4427,10,0.2500,1.0000,8,8,8,0,0,8,8,0.0000
4,12.0000,9,17,810.1793,-87.8891,-0.5085,5,0.1250,1.0000,8,8,8,0,0,8,8,0.0000
4,12.0000,9,18,619.9750,-85.4880,-0.2793,16,0.4000,0.8750,8,6,4,0,0,6,4,0.3333
4,12.0000,9,23,665.4770,-87.0712,-0.2902,5,0.1250,1.0000,8,8,8,0,0,8,8,0.0000
4,12.0000,9,24,917.8492,-88.0340,0.1102,6,0.1500,1.0000,8,8,8,0,0,8,8,0.0000
4,12.0000,9,25,799.2821,-87.2485,0.5731,4,0.1000,1.0000,8,8,6,0,0,8,6,0.2500
4,12.0000,9,28,892.8603,-87.7710,0.1378,6,0.1500,1.0000,8,4,4,0,0,4,4,0.0000
4,12.0000,9,30,698.7584,-85.1082,-1.1365,18,0.4500,0.8750,8,6,6,0,0,6,6,0.0000
4,12.0000,9,32,609.1013,-84.4267,0.0601,6,0.1500,0.8571,7,8,7,0,0,8,7,0.1250
4,12.0000,9,33,221.2250,-76.2572,-0.1042,31,0.7750,0.6667,6,4,0,0,0,4,0,1.0000
4,12.0000,9,37,350.3709,-81.2814,0.3463,18,0.4500,0.7143,7,6,3,0,0,6,3,0.5000
4,12.0000,9,39,493.6111,-82.8519,-0.3625,12,0.3000,1.0000,8,8,8,0,0,8,8,0.0000
4,12.0000,9,41,231.8693,-77.4602,0.7662,25,0.6250,0.2000,5,5,1,0,0,5,1,0.8000
4,12.0000,9,42,775.3744,-85.8345,0.1652,14,0.3500,1.0000,8,6,6,0,0,6,6,0.0000
4,12.0000,9,44,945.9568,-88.0846,0.1600,12,0.3000,1.0000,8,8,8,0,0,8,8,0.0000
4,12.0000,9,45,760.4465,-87.2399,0.2210,6,0.1500,1.0000,8,8,8,0,0,8,8,0.0000
4,12.0000,9,46,662.6442,-86.9004,-0.0184,6,0.1500,1.0000,8,8,8,0,0,8,8,0.0000
4,12.0000,10,1,447.9522,-82.2598,0.0004,26,0.6500,0.8750,8,6,2,0,0,6,2,0.6667
4,12.0000,10,2,787.8163,-88.5008,-0.4309,3,0.0750,1.0000,8,8,8,0,0,8,8,0.0000
4,12.0000,10,5,503.0269,-84.3200,0.3977,15,0.3750,1.0000,8,8,8,0,0,8,8,0.0000
4,12.0000,10,8,472.9168,-83.8706,0.5536,18,0.4500,1.0000,8,7,5,0,0,7,5,0.2857
4,12.0000,10,12,518.1660,-84.2642,-0.2183,24,0.6000,0.5000,6,7,5,0,0,7,5,0.2857
4,12.0000,10,13,495.0005,-82.9256,0.1561,18,0.4500,0.6667,6,8,7,0,0,8,7,0.1250
4,12.0000,10,16,359.4692,-81.8666,0.5209,30,0.7500,0.0000,4,4,0,0,0,4,0,1.0000
4,12.0000,10,17,1007.5141,-89.2761,0.1213,3,0.0750,1.0000,8,4,4,0,0,4,4,0.0000
4,12.0000,10,19,391.0148,-81.6272,1.0609,13,0.3250,1.0000,8,6,4,0,0,6,4,0.3333
4,12.0000,10,20,712.0121,-86.3721,-0.2389,5,0.1250,1.0000,8,8,8,0,0,8,8,0.0000
4,12.0000,10,21,898.5038,-87.5720,0.0272,5,0.1250,1.0000,2,8,8,0,0,8,8,0.0000
4,12.0000,10,22,921.1571,-87.0393,1.2715,3,0.0750,1.0000,6,8,8,0,0,8,8,0.0000
4,12.0000,10,25,771.2081,-86.5649,0.7158,5,0.1250,1.0000,8,7,6,0,0,7,6,0.1429
4,12.0000,10,26,518.3439,-83.0557,-0.1089,16,0.4000,0.7500,8,5,3,0,0,5,3,0.4000
4,12.0000,10,27,587.5496,-86.4944,0.8328,7,0.1750,0.8750,8,8,8,0,0,8,8,0.0000
4,12.0000,10,29,270.7481,-76.3422,-0.4636,30,0.7500,0.0000,4,4,0,0,0,4,0,1.0000
4,12.0000,10,31,708.0352,-86.7859,-0.3377,3,0.0750,1.0000,8,8,7,0,0,8,7,0.1250
4,12.0000,10,34,584.2885,-84.9450,0.7302,8,0.2000,0.8000,5,8,8,0,0,8,8,0.0000
4,12.0000,10,35,505.8687,-83.1601,-0.3063,20,0.5000,0.7143,7,6,4,0,0,6,4,0.3333
4,12.0000,10,36,484.3078,-83.7025,-0.0098,19,0.4750,0.8571,7,7,5,0,0,7,5,0.2857
4,12.0000,10,38,914.8773,-87.8322,-0.0017,3,0.0750,1.0000,8,6,6,0,0,6,6,0.0000
4,12.0000,10,40,563.6322,-85.3077,-0.0972,9,0.2250,1.0000,8,7,6,0,0,7,6,0.1429
4,12.0000,10,43,678.0700,-85.8554,0.6298,8,0.2000,0.7143,7,8,8,0,0,8,8,0.0000
4,12.0000,10,47,246.3722,-75.6163,-0.5638,31,0.7750,0.4000,5,5,2,0,0,5,2,0.6000
4,12.0000,11,0,406.6224,-80.9769,-0.8763,14,0.3500,0.0000,3,9,6,0,0,9,6,0.3333
4,12.0000,11,1,1035.2556,-88.2780,-0.4632,4,0.1000,1.0000,6,4,4,0,0,4,4,0.0000
4,12.0000,11,2,580.3602,-84.3766,-0.0645,10,0.2500,0.7143,7,8,8,0,0,8,8,0.0000
4,12.0000,11,3,800.5939,-86.4258,-0.9816,8,0.2000,1.0000,2,6,6,0,0,6,6,0.0000
4,12.0000,11,4,794.8707,-89.5806,0.0590,3,0.0750,1.0000,8,6,6,0,0,6,6,0.0000
4,12.0000,11,5,822.8325,-86.2181,0.8970,4,0.1000,1.0000,4,4,4,0,0,4,4,0.0000
4,12.0000,11,6,710.5462,-85.9088,-0.2902,8,0.2000,0.8750,8,4,4,0,0,4,4,0.0000
4,12.0000,11,7,516.0306,-83.6446,-0.9055,11,0.2750,0.7143,7,8,8,0,0,8,8,0.0000
4,12.0000,11,8,781.6137,-87.1887,-0.8258,8,0.2000,1.0000,8,4,4,0,0,4,4,0.0000
4,12.0000,11,9,839.9095,-87.7030,-0.4735,4,0.1000,1.0000,8,2,2,0,0,2,2,0.0000
4,12.0000,11,15,822.0159,-87.1618,-1.4981,5,0.1250,1.0000,8,6,6,0,0,6,6,0.0000
4,12.0000,11,17,342.5378,-79.4643,-0.3626,20,0.5000,0.7500,8,6,4,0,0,6,4,0.3333
4,12.0000,11,19,474.0238,-83.7143,0.4429,15,0.3750,0.8750,8,7,6,0,0,7,6,0.1429
4,12.0000,11,20,204.3989,-75.5672,0.5503,30,0.7500,0.0000,4,4,0,0,0,4,0,1.0000
4,12.0000,11,21,649.0953,-85.2804,-0.2674,10,0.2500,1.0000,8,8,8,0,0,8,8,0.0000
4,12.0000,11,22,348.7963,-80.4592,0.4569,21,0.5250,0.8571,7,7,6,0,0,7,6,0.1429
4,12.0000,11,23,449.4764,-83.2413,0.0018,17,0.4250,0.8571,7,8,7,0,0,8,7,0.1250
4,12.0000,11,25,123.7812,-72.7655,1.8112,33,0.8250,0.0000,4,5,1,0,0,5,1,0.8000
4,12.0000,11,27,574.5463,-84.5683,-1.7692,11,0.2750,1.0000,8,8,8,0,0,8,8,0.0000
4,12.0000,11,28,910.1831,-87.8067,-0.1897,5,0.1250,1.0000,4,8,8,0,0,8,8,0.0000
4,12.0000,11,29,897.5066,-87.4718,0.7034,3,0.0750,1.0000,4,2,2,0,0,2,2,0.0000
4,12.0000,11,31,260.2547,-78.0081,0.1657,31,0.7750,0.7500,8,5,2,0,0,5,2,0.6000
4,12.0000,11,32,402.8073,-80.7242,-0.4450,11,0.2750,1.0000,8,7,6,0,0,7,6,0.1429
4,12.0000,11,33,769.2515,-87.1854,-0.4301,8,0.2000,1.0000,8,8,8,0,0,8,8,0.0000
4,12.0000,11,34,690.6897,-85.7283,0.2577,9,0.2250,1.0000,8,6,6,0,0,6,6,0.0000
4,12.0000,11,36,959.9106,-88.0643,-0.8516,3,0.0750,1.0000,8,2,2,0,0,2,2,0.0000
4,12.0000,11,37,623.9356,-84.2553,-1.0685,7,0.1750,1.0000,6,8,8,0,0,8,8,0.0000
4,12.0000,11,38,502.1861,-82.7683,-0.2089,15,0.3750,0.8571,7,7,6,0,0,7,6,0.1429
4,12.0000,11,39,425.2235,-82.2600,-0.1292,12,0.3000,0.7143,7,7,5,0,0,7,5,0.2857
4,12.0000,11,40,721.8140,-86.5995,1.1926,6,0.1500,1.0000,4,4,4,0,0,4,4,0.0000
4,12.0000,11,41,661.7415,-86.3978,-0.5049,6,0.1500,0.7143,7,8,8,0,0,8,8,0.0000
4,12.0000,11,43,547.2619,-85.6721,0.1089,10,0.2500,0.8000,5,8,8,0,0,8,8,0.0000
4,12.0000,11,45,576.8218,-84.1880,0.3161,11,0.2750,1.0000,8,8,8,0,0,8,8,0.0000
4,12.0000,11,46,368.9870,-80.4207,-1.2105,17,0.4250,0.5000,6,8,7,0,0,8,7,0.1250
4,12.0000,11,47,870.7580,-87.6063,0.4881,5,0.1250,1.0000,4,6,6,0,0,6,6,0.0000
4,12.0000,12,10,518.1660,-82.5718,-0.1697,11,0.2750,0.6667,6,6,4,0,0,6,4,0.3333
4,12.0000,12,16,164.2237,-69.9859,-2.1516,34,0.8500,0.0000,4,5,1,0,0,5,1,0.8000
4,12.0000,12,29,672.9848,-85.7489,0.1894,8,0.2000,0.8571,7,8,8,0,0,8,8,0.0000
4,12.0000,12,35,675.1157,-85.7415,0.4383,8,0.2000,1.0000,8,7,6,0,0,7,6,0.1429
4,12.0000,12,47,654.7371,-83.3962,-0.2095,9,0.2250,0.8750,8,8,8,0,0,8,8,0.0000
4,12.0000,13,1,142.6677,-71.7590,-0.3115,36,0.9000,0.0000,4,4,0,0,0,4,0,1.0000
4,12.0000,13,5,301.3192,-79.8260,1.7902,27,0.6750,0.6667,6,5,1,0,0,5,1,0.8000
4,12.0000,13,8,859.2167,-86.9335,0.7984,3,0.0750,1.0000,6,8,8,0,0,8,8,0.0000
4,12.0000,13,10,495.0005,-84.1256,0.1746,19,0.4750,0.7143,7,8,8,0,0,8,8,0.0000
4,12.0000,13,12,864.3169,-88.7964,0.3605,5,0.1250,1.0000,2,2,2,0,0,2,2,0.0000
4,12.0000,13,16,752.3187,-86.5829,-0.6480,9,0.2250,1.0000,4,8,8,0,0,8,8,0.0000
4,12.0000,13,19,694.1241,-86.0031,0.8636,6,0.1500,1.0000,8,8,8,0,0,8,8,0.0000
4,12.0000,13,26,167.4145,-73.7552,0.2628,36,0.9000,0.4000,5,4,0,0,0,4,0,1.0000
4,12.0000,13,29,237.8492,-78.1381,0.9213,30,0.7500,0.5714,7,5,2,0,0,5,2,0.6000
4,12.0000,13,31,937.7814,-88.4604,-0.4511,3,0.0750,1.0000,4,8,8,0,0,8,8,0.0000
4,12.0000,13,34,424.3451,-82.8674,-0.1417,14,0.3500,1.0000,8,7,6,0,0,7,6,0.1429
4,12.0000,13,35,298.3995,-77.6890,-0.7850,38,0.9500,0.2000,5,7,4,0,0,7,4,0.4286
4,12.0000,13,36,27.2531,-64.2316,3.1743,38,0.9500,0.0000,4,4,0,0,0,4,0,1.0000
4,12.0000,13,38,808.3643,-86.4781,-0.7087,5,0.1250,1.0000,8,8,8,0,0,8,8,0.0000
4,12.0000,13,40,591.2709,-86.4837,0.5438,6,0.1500,0.8750,8,7,6,0,0,7,6,0.1429
4,12.0000,13,43,771.7957,-86.6718,0.3309,5,0.1250,1.0000,8,8,8,0,0,8,8,0.0000
4,12.0000,13,47,318.2153,-80.5768,0.7192,27,0.6750,0.4000,5,6,4,0,0,6,4,0.3333
4,12.0000,14,0,832.0813,-87.5693,-0.6604,3,0.0750,1.0000,8,8,8,0,0,8,8,0.0000
4,12.0000,14,3,408.8996,-81.7990,0.4772,13,0.3250,1.0000,8,8,7,0,0,8,7,0.1250
4,12.0000,14,4,562.2157,-84.0200,0.4652,9,0.2250,1.0000,8,8,8,0,0,8,8,0.0000
4,12.0000,14,7,671.5871,-84.3550,-1.4147,5,0.1250,1.0000,8,8,8,0,0,8,8,0.0000
4,12.0000,14,15,408.7647,-82.7355,0.2863,10,0.2500,0.8571,7,6,4,0,0,6,4,0.3333
4,12.0000,14,18,831.6065,-87.8101,0.1334,5,0.1250,1.0000,2,6,6,0,0,6,6,0.0000
4,12.0000,14,24,227.5489,-76.2341,-0.4675,30,0.7500,0.2000,5,4,0,0,0,4,0,1.0000
4,12.0000,14,28,305.8877,-77.1862,-1.2334,26,0.6500,0.7143,7,7,5,0,0,7,5,0.2857
4,12.0000,14,30,525.7843,-84.2064,0.0910,14,0.3500,1.0000,8,8,7,0,0,8,7,0.1250
4,12.0000,14,33,900.3521,-87.0346,0.7885,3,0.0750,1.0000,8,4,4,0,0,4,4,0.0000
4,12.0000,14,42,499.9677,-84.4458,0.0783,15,0.3750,0.8750,8,7,6,0,0,7,6,0.1429
4,12.0000,14,44,342.4638,-80.5854,-0.1043,29,0.7250,0.6667,6,4,0,0,0,4,0,1.0000
4,12.0000,14,45,757.7603,-86.0482,-0.4699,5,0.1250,1.0000,8,8,8,0,0,8,8,0.0000
4,12.0000,15,0,456.7979,-81.6395,-0.5387,13,0.3250,0.8571,7,8,7,0,0,8,7,0.1250
4,12.0000,15,3,180.9486,-72.9361,-0.3802,32,0.8000,0.5000,6,5,1,0,0,5,1,0.8000
4,12.0000,15,4,275.1328,-78.4888,0.8784,28,0.7000,0.4000,5,8,4,0,0,8,4,0.5000
4,12.0000,15,6,670.2149,-85.5668,-0.7990,11,0.2750,1.0000,8,8,8,0,0,8,8,0.0000
4,12.0000,15,7,318.5472,-79.2547,0.2180,19,0.4750,0.8333,6,6,3,0,0,6,3,0.5000
4,12.0000,15,9,724.9457,-85.4606,-1.5495,10,0.2500,1.0000,8,7,6,0,0,7,6,0.1429
4,12.0000,15,11,822.0159,-86.8236,-0.7084,6,0.1500,1.0000,8,6,6,0,0,6,6,0.0000
4,12.0000,15,14,408.7647,-83.0245,0.1895,27,0.6750,0.5000,6,7,5,0,0,7,5,0.2857
4,12.0000,15,17,750.6211,-86.4429,-0.4001,4,0.1000,0.8750,8,8,8,0,0,8,8,0.0000
4,12.0000,15,18,641.3510,-86.4143,0.1826,11,0.2750,1.0000,6,8,8,0,0,8,8,0.0000
4,12.0000,15,22,841.0792,-88.3518,-0.4502,3,0.0750,1.0000,8,8,8,0,0,8,8,0.0000
4,12.0000,15,23,860.2857,-85.8986,0.1490,3,0.0750,1.0000,6,6,6,0,0,6,6,0.0000
4,12.0000,15,24,340.5600,-81.6417,0.1594,31,0.7750,0.5000,6,5,1,0,0,5,1,0.8000
4,12.0000,15,25,887.1737,-87.8989,1.2573,4,0.1000,1.0000,8,8,8,0,0,8,8,0.0000
4,12.0000,15,28,228.6998,-78.5789,0.7557,34,0.8500,0.3333,6,6,2,0,0,6,2,0.6667
4,12.0000,15,30,418.9159,-81.2685,-0.4110,29,0.7250,0.2000,5,7,5,0,0,7,5,0.2857
4,12.0000,15,32,594.6157,-83.2360,-2.0645,8,0.2000,1.0000,8,8,7,0,0,8,7,0.1250
4,12.0000,15,33,538.8711,-82.5879,0.1138,16,0.4000,0.4000,5,7,5,0,0,7,5,0.2857
4,12.0000,15,37,474.5770,-81.6808,-0.7797,16,0.4000,0.5000,6,6,4,0,0,6,4,0.3333
4,12.0000,15,39,519.3891,-82.8845,-0.9861,12,0.3000,0.6667,6,8,8,0,0,8,8,0.0000
4,12.0000,15,41,535.7669,-83.8529,-0.3900,15,0.3750,0.8571,7,8,7,0,0,8,7,0.1250
4,12.0000,15,42,466.5457,-83.3378,0.1359,25,0.6250,0.2500,4,8,6,0,0,8,6,0.2500
4,12.0000,15,44,452.7153,-82.7833,-0.2721,30,0.7500,0.6250,8,6,4,0,0,6,4,0.3333
4,12.0000,15,45,478.3915,-81.7610,-0.4335,15,0.3750,0.8750,8,7,6,0,0,7,6,0.1429
4,12.0000,15,46,459.8868,-82.0797,-0.4076,14,0.3500,0.8571,7,8,8,0,0,8,8,0.0000
4,12.0000,16,1,660.2097,-85.5395,0.3956,8,0.2000,0.8571,7,8,8,0,0,8,8,0.0000
4,12.0000,16,8,592.9742,-84.9349,-4.4452,3,0.0750,0.7500,8,8,8,0,0,8,8,0.0000
4,12.0000,16,10,359.4692,-81.0681,0.5903,15,0.3750,0.7143,7,6,3,0,0,6,3,0.5000
4,12.0000,16,12,164.2237,-69.6237,-1.3458,35,0.8750,0.0000,4,4,0,0,0,4,0,1.0000
4,12.0000,16,29,544.6847,-85.5004,-0.5146,10,0.2500,1.0000,8,7,6,0,0,7,6,0.1429
4,12.0000,16,35,610.0814,-85.7497,0.9858,7,0.1750,1.0000,8,6,4,0,0,6,4,0.3333
4,12.0000,16,36,748.2583,-86.2952,-2.3846,4,0.1000,0.8571,7,8,8,0,0,8,8,0.0000
4,12.0000,16,47,519.2620,-83.1683,-1.0810,11,0.2750,1.0000,8,8,8,0,0,8,8,0.0000
4,12.0000,17,0,329.1837,-79.2261,-0.8397,24,0.6000,0.0000,4,5,2,0,0,5,2,0.6000
4,12.0000,17,2,584.7298,-85.1814,-0.3866,11,0.2750,1.0000,8,7,6,0,0,7,6,0.1429
4,12.0000,17,3,669.3245,-85.9642,-0.5227,10,0.2500,1.0000,8,8,8,0,0,8,8,0.0000
4,12.0000,17,4,624.0436,-86.0372,-0.1849,12,0.3000,1.0000,8,8,8,0,0,8,8,0.0000
4,12.0000,17,5,868.6967,-87.0229,-0.7015,8,0.2000,1.0000,6,6,6,0,0,6,6,0.0000
4,12.0000,17,6,806.8842,-85.8245,1.7793,5,0.1250,1.0000,8,4,2,0,0,4,2,0.5000
4,12.0000,17,7,454.5966,-81.6997,0.2576,20,0.5000,0.4000,5,7,5,0,0,7,5,0.2857
4,12.0000,17,8,835.5122,-87.7746,0.3015,7,0.1750,1.0000,6,6,6,0,0,6,6,0.0000
4,12.0000,17,9,810.1793,-87.5295,-0.6776,6,0.1500,1.0000,8,7,6,0,0,7,6,0.1429
4,12.0000,17,11,342.5378,-81.0569,0.0385,22,0.5500,0.6667,6,7,6,0,0,7,6,0.1429
4,12.0000,17,15,750.6211,-86.7681,-0.1486,9,0.2250,0.8571,7,10,10,0,0,10,10,0.0000
4,12.0000,17,19,643.9272,-86.9861,0.4849,9,0.2250,0.5000,6,7,6,0,0,7,6,0.1429
4,12.0000,17,20,312.7216,-80.1527,0.4330,17,0.4250,0.6667,6,6,3,0,0,6,3,0.5000
4,12.0000,17,21,492.0908,-82.5818,-0.9939,20,0.5000,1.0000,8,8,7,0,0,8,7,0.1250
4,12.0000,17,22,164.6156,-76.6851,1.2420,27,0.6750,0.3333,6,3,0,0,0,3,0,1.0000
4,12.0000,17,23,277.1072,-78.7707,0.2598,23,0.5750,0.6000,5,8,7,0,0,8,7,0.1250
4,12.0000,17,25,369.9941,-82.0707,1.0300,14,0.3500,0.8750,8,6,4,0,0,6,4,0.3333
4,12.0000,17,27,631.2964,-85.1403,-0.3025,8,0.2000,1.0000,8,7,6,0,0,7,6,0.1429
4,12.0000,17,28,772.2477,-86.9377,-0.5257,9,0.2250,1.0000,8,5,4,0,0,5,4,0.2000
4,12.0000,17,31,368.3784,-81.5805,-0.3566,18,0.4500,0.7143,7,8,7,0,0,8,7,0.1250
4,12.0000,17,32,215.9081,-76.2100,-0.0400,32,0.8000,0.4000,5,5,1,0,0,5,1,0.8000
4,12.0000,17,33,681.1088,-85.7328,-0.0403,9,0.2250,0.8750,8,8,7,0,0,8,7,0.1250
4,12.0000,17,34,716.1156,-85.5747,0.5199,5,0.1250,1.0000,8,7,6,0,0,7,6,0.1429
4,12.0000,17,37,659.0893,-85.8573,0.2547,10,0.2500,0.8571,7,8,8,0,0,8,8,0.0000
4,12.0000,17,38,433.6107,-83.3538,0.7972,14,0.3500,0.7500,8,6,3,0,0,6,3,0.5000
4,12.0000,17,39,354.8653,-81.9048,1.1269,18,0.4500,0.8571,7,7,5,0,0,7,5,0.2857
4,12.0000,17,40,685.2519,-86.4632,0.7153,8,0.2000,1.0000,8,8,8,0,0,8,8,0.0000
4,12.0000,17,41,620.4671,-85.4080,-1.3465,16,0.4000,0.8750,8,7,6,0,0,7,6,0.1429
4,12.0000,17,42,1094.2661,-87.6140,-0.8291,3,0.0750,,0,4,4,0,0,4,4,0.0000
4,12.0000,17,43,457.3625,-83.7195,0.5231,13,0.3250,1.0000,8,8,7,0,0,8,7,0.1250
4,12.0000,17,45,337.4210,-80.5082,0.3764,26,0.6500,0.5000,6,7,5,0,0,7,5,0.2857
4,12.0000,17,46,345.9142,-78.9514,-0.3229,30,0.7500,0.6667,6,7,5,0,0,7,5,0.2857
4,12.0000,18,6,617.5680,-86.4787,0.6422,4,0.1000,1.0000,8,8,7,0,0,8,7,0.1250
4,12.0000,18,9,619.9750,-83.5362,0.0553,4,0.1000,0.8571,7,8,7,0,0,8,7,0.1250
4,12.0000,18,24,622.2375,-85.7808,1.1645,6,0.1500,1.0000,8,8,8,0,0,8,8,0.0000
4,12.0000,18,28,821.4456,-85.4321,2.0004,3,0.0750,1.0000,8,8,8,0,0,8,8,0.0000
4,12.0000,18,30,368.0585,-81.1067,0.7873,18,0.4500,0.5714,7,7,6,0,0,7,6,0.1429
4,12.0000,18,33,601.6713,-84.8731,0.6895,4,0.1000,1.0000,8,8,8,0,0,8,8,0.0000
4,12.0000,18,37,600.9630,-83.0846,-2.6754,4,0.1000,1.0000,8,7,6,0,0,7,6,0.1429
4,12.0000,18,41,641.2630,-86.6783,-1.7875,3,0.0750,1.0000,8,8,8,0,0,8,8,0.0000
4,12.0000,18,42,477.3177,-83.4668,-0.2386,19,0.4750,0.7143,7,7,5,0,0,7,5,0.2857
4,12.0000,18,44,541.2074,-84.3539,-0.5060,12,0.3000,0.8571,7,7,6,0,0,7,6,0.1429
4,12.0000,19,0,829.8723,-86.5364,0.0299,3,0.0750,1.0000,6,4,4,0,0,4,4,0.0000
4,12.0000,19,1,698.0352,-85.5172,-0.3024,11,0.2750,0.8750,8,8,8,0,0,8,8,0.0000
4,12.0000,19,2,467.2265,-83.1539,-0.6507,8,0.2000,0.7143,7,8,7,0,0,8,7,0.1250
4,12.0000,19,5,560.9224,-81.8103,-0.6198,11,0.2750,0.8571,7,7,6,0,0,7,6,0.1429
4,12.0000,19,8,378.5471,-79.7917,-0.7922,18,0.4500,0.6667,6,8,7,0,0,8,7,0.1250
4,12.0000,19,10,391.0148,-81.9786,0.5809,15,0.3750,0.7143,7,7,5,0,0,7,5,0.2857
4,12.0000,19,11,474.0238,-84.4671,0.8704,9,0.2250,1.0000,8,7,6,0,0,7,6,0.1429
4,12.0000,19,12,852.2030,-87.2345,-0.0080,6,0.1500,1.0000,4,2,2,0,0,2,2,0.0000
4,12.0000,19,13,694.1241,-86.2611,1.6115,5,0.1250,1.0000,8,8,8,0,0,8,8,0.0000
4,12.0000,19,16,688.9439,-87.2428,0.3682,6,0.1500,1.0000,6,8,8,0,0,8,8,0.0000
4,12.0000,19,17,643.9272,-85.7864,-0.7135,4,0.1000,1.0000,8,8,7,0,0,8,7,0.1250
4,12.0000,19,20,341.1185,-80.0905,-0.3742,15,0.3750,0.6667,6,7,6,0,0,7,6,0.1429
4,12.0000,19,21,688.2770,-87.9956,0.4174,4,0.1000,0.8571,7,8,8,0,0,8,8,0.0000
4,12.0000,19,22,548.3214,-86.1572,-0.1101,7,0.1750,0.7143,7,8,7,0,0,8,7,0.1250
4,12.0000,19,23,601.4501,-83.3156,-1.7434,3,0.0750,1.0000,8,8,8,0,0,8,8,0.0000
4,12.0000,19,25,390.5206,-81.9764,1.0372,9,0.2250,1.0000,8,6,4,0,0,6,4,0.3333
4,12.0000,19,26,622.8808,-85.0674,-0.8200,11,0.2750,0.7143,7,8,7,0,0,8,7,0.1250
4,12.0000,19,27,299.6220,-80.0771,0.5617,15,0.3750,0.7143,7,5,2,0,0,5,2,0.6000
4,12.0000,19,29,539.2713,-83.5252,0.0938,13,0.3250,1.0000,8,7,6,0,0,7,6,0.1429
4,12.0000,19,31,318.2038,-80.6335,0.7223,13,0.3250,0.8750,8,7,5,0,0,7,5,0.2857
4,12.0000,19,34,522.9061,-83.9419,-0.8734,8,0.2000,0.8571,7,7,5,0,0,7,5,0.2857
4,12.0000,19,35,831.1317,-87.8102,-0.4340,4,0.1000,1.0000,6,8,7,0,0,8,7,0.1250
4,12.0000,19,36,679.7627,-84.5764,0.4796,9,0.2250,1.0000,6,9,9,0,0,9,9,0.0000
4,12.0000,19,37,989.5521,-89.0884,-0.4116,3,0.0750,0.8571,7,6,6,0,0,6,6,0.0000
4,12.0000,19,38,671.5816,-84.9894,-0.6461,6,0.1500,1.0000,8,8,8,0,0,8,8,0.0000
4,12.0000,19,40,470.4357,-82.3894,0.8912,11,0.2750,0.8571,7,8,8,0,0,8,8,0.0000
4,12.0000,19,41,983.8819,-87.7160,0.2345,3,0.0750,1.0000,8,6,6,0,0,6,6,0.0000
4,12.0000,19,43,428.4882,-81.9559,0.3944,11,0.2750,0.8750,8,10,9,0,0,10,9,0.1000
4,12.0000,19,46,818.8736,-87.3726,0.4451,4,0.1000,1.0000,8,6,6,0,0,6,6,0.0000
4,12.0000,19,47,475.4345,-82.9892,0.4229,13,0.3250,0.5000,6,8,7,0,0,8,7,0.1250
4,12.0000,20,0,514.1732,-83.8785,-0.2082,10,0.2500,0.8750,8,7,5,58,55,65,60,0.0769
4,12.0000,20,1,904.6719,-87.4831,0.5577,6,0.1500,1.0000,4,4,4,0,0,4,4,0.0000
4,12.0000,20,2,460.7668,-81.1018,-1.4890,21,0.5250,0.5000,6,8,7,0,0,8,7,0.1250
4,12.0000,20,5,673.8692,-85.7690,-0.1618,12,0.3000,0.8750,8,8,8,0,0,8,8,0.0000
4,12.0000,20,6,830.8200,-86.9988,-0.2286,6,0.1500,1.0000,4,8,8,0,0,8,8,0.0000
4,12.0000,20,7,651.3371,-85.4900,0.2651,8,0.2000,0.8571,7,8,5,0,0,8,5,0.3750
4,12.0000,20,8,610.7229,-84.3999,0.0930,16,0.4000,0.4000,5,8,8,0,0,8,8,0.0000
4,12.0000,20,10,712.0121,-85.9369,0.7070,10,0.2500,1.0000,8,6,6,0,0,6,6,0.0000
4,12.0000,20,11,204.3989,-75.9875,0.9935,35,0.8750,0.5000,6,5,1,0,0,5,1,0.8000
4,12.0000,20,13,867.2451,-87.4321,0.5500,6,0.1500,1.0000,8,4,4,0,0,4,4,0.0000
4,12.0000,20,15,961.8202,-87.2186,-0.5016,3,0.0750,1.0000,6,2,2,0,0,2,2,0.0000
4,12.0000,20,17,312.7216,-80.8131,1.0656,21,0.5250,0.7500,8,6,4,0,0,6,4,0.3333
4,12.0000,20,19,341.1185,-80.5168,0.6088,28,0.7000,0.2000,5,6,4,0,0,6,4,0.3333
4,12.0000,20,21,517.5932,-83.5536,0.0863,15,0.3750,0.7143,7,6,3,0,0,6,3,0.5000
4,12.0000,20,22,260.0298,-76.8541,-0.1605,34,0.8500,0.4000,5,6,3,0,0,6,3,0.5000
4,12.0000,20,23,364.3702,-80.1710,-0.3658,22,0.5500,0.4000,5,6,3,0,0,6,3,0.5000
4,12.0000,20,25,163.7108,-74.8625,0.3531,34,0.8500,0.0000,4,4,0,2,0,6,0,1.0000
4,12.0000,20,27,420.5169,-80.8141,-0.1289,26,0.6500,0.7143,7,7,6,0,0,7,6,0.1429
4,12.0000,20,29,786.6258,-86.7074,-0.2053,3,0.0750,1.0000,4,8,8,0,0,8,8,0.0000
4,12.0000,20,31,136.4988,-66.6762,-2.9700,36,0.9000,0.0000,4,8,5,0,0,8,5,0.3750
4,12.0000,20,32,438.5050,-83.8857,0.2607,11,0.2750,1.0000,8,6,3,0,0,6,3,0.5000
4,12.0000,20,33,838.1291,-85.6087,-0.5392,5,0.1250,1.0000,6,6,6,0,0,6,6,0.0000
4,12.0000,20,34,549.5568,-84.5096,0.1521,14,0.3500,0.7143,7,6,4,0,0,6,4,0.3333
4,12.0000,20,37,751.3448,-85.2813,-1.1423,9,0.2250,0.7500,8,8,8,0,0,8,8,0.0000
4,12.0000,20,38,447.2109,-82.4202,1.0083,14,0.3500,0.7143,7,7,5,0,0,7,5,0.2857
4,12.0000,20,39,509.0059,-83.6921,0.5351,11,0.2750,0.8750,8,8,7,64,61,72,68,0.0556
4,12.0000,20,40,530.4194,-83.7652,-0.4572,17,0.4250,0.5000,6,7,6,0,0,7,6,0.1429
4,12.0000,20,41,744.1692,-85.4922,-0.1638,6,0.1500,0.8750,8,7,6,0,0,7,6,0.1429
4,12.0000,20,43,349.9405,-81.5140,0.6137,18,0.4500,0.8750,8,6,3,0,0,6,3,0.5000
4,12.0000,20,45,630.4286,-86.3829,-1.5726,6,0.1500,1.0000,8,8,7,0,0,8,7,0.1250
4,12.0000,20,46,503.1539,-82.8545,-0.0354,14,0.3500,1.0000,8,6,6,0,0,6,6,0.0000
4,12.0000,20,47,722.4002,-86.4333,0.6427,6,0.1500,1.0000,8,8,8,0,0,8,8,0.0000
4,12.0000,21,0,808.7214,-86.8556,-1.1075,3,0.0750,1.0000,8,8,8,0,0,8,8,0.0000
4,12.0000,21,2,823.0746,-85.8724,-0.5821,5,0.1250,1.0000,8,8,8,0,0,8,8,0.0000
4,12.0000,21,3,1066.7769,-87.9701,-0.2571,3,0.0750,1.0000,4,4,4,0,0,4,4,0.0000
4,12.0000,21,5,533.7174,-84.5145,-0.5307,13,0.3250,1.0000,8,7,6,0,0,7,6,0.1429
4,12.0000,21,7,891.3719,-88.3504,0.2227,4,0.1000,1.0000,8,8,8,0,0,8,8,0.0000
4,12.0000,21,8,837.0621,-86.6543,-0.0799,6,0.1500,1.0000,8,8,8,0,0,8,8,0.0000
4,12.0000,21,10,898.5038,-87.3466,-0.9295,3,0.0750,0.8750,8,6,5,0,0,6,5,0.1667
4,12.0000,21,11,649.0953,-85.9518,-0.1233,7,0.1750,1.0000,8,8,8,0,0,8,8,0.0000
4,12.0000,21,13,803.7014,-87.1476,-0.3427,8,0.2000,1.0000,2,8,8,0,0,8,8,0.0000
4,12.0000,21,17,492.0908,-82.1588,-1.1175,11,0.2750,1.0000,8,8,8,0,0,8,8,0.0000
4,12.0000,21,19,688.2770,-86.4172,-0.5140,7,0.1750,1.0000,8,9,8,0,0,9,8,0.1111
4,12.0000,21,20,517.5932,-84.3898,0.4758,8,0.2000,1.0000,8,7,5,0,0,7,5,0.2857
4,12.0000,21,22,538.6385,-83.1324,-0.4932,12,0.3000,1.0000,8,6,6,0,0,6,6,0.0000
4,12.0000,21,23,641.1883,-86.0117,-0.7177,5,0.1250,0.8750,8,8,8,0,0,8,8,0.0000
4,12.0000,21,25,672.3253,-85.2233,1.4217,8,0.2000,1.0000,8,8,8,0,0,8,8,0.0000
4,12.0000,21,26,636.9486,-85.7379,-0.5427,12,0.3000,0.8571,7,8,8,0,0,8,8,0.0000
4,12.0000,21,27,758.7784,-86.7683,-0.7409,6,0.1500,0.9773,44,8,8,23,22,31,30,0.0323
4,12.0000,21,29,857.7183,-87.9820,-0.0334,5,0.1250,1.0000,6,6,6,0,0,6,6,0.0000
4,12.0000,21,31,621.8619,-85.1522,-0.6368,6,0.1500,0.8571,7,8,8,0,0,8,8,0.0000
4,12.0000,21,32,705.5222,-86.2922,-0.4049,4,0.1000,1.0000,8,8,8,0,0,8,8,0.0000
4,12.0000,21,34,383.4420,-80.8005,0.3014,20,0.5000,0.7500,8,8,8,0,0,8,8,0.0000
4,12.0000,21,35,1036.2495,-88.5098,1.0372,3,0.0750,,0,8,8,0,0,8,8,0.0000
4,12.0000,21,36,803.6159,-86.4523,-0.4890,9,0.2250,1.0000,8,8,8,0,0,8,8,0.0000
4,12.0000,21,38,260.1991,-76.8295,-0.3489,31,0.7750,0.2000,5,5,2,0,0,5,2,0.6000
4,12.0000,21,39,846.3296,-87.6474,-0.9893,4,0.1000,1.0000,8,8,8,0,0,8,8,0.0000
4,12.0000,21,40,405.6802,-81.4021,-0.9870,19,0.4750,0.5714,7,7,6,0,0,7,6,0.1429
4,12.0000,21,43,332.1624,-79.2643,-0.1448,18,0.4500,0.8750,8,7,6,0,0,7,6,0.1429
4,12.0000,21,45,738.5927,-87.9280,0.4546,5,0.1250,0.8571,7,8,8,0,0,8,8,0.0000
4,12.0000,21,46,803.5254,-86.0739,-1.2051,6,0.1500,1.0000,10,6,6,0,0,6,6,0.0000
4,12.0000,21,47,754.4224,-86.8841,0.3083,6,0.1500,1.0000,6,8,8,0,0,8,8,0.0000
4,12.0000,22,0,394.9081,-82.8275,-0.2997,18,0.4500,0.6667,6,5,2,0,0,5,2,0.6000
4,12.0000,22,1,1106.1959,-87.6802,3.7684,3,0.0750,1.0000,4,4,4,0,0,4,4,0.0000
4,12.0000,22,2,421.4641,-78.9792,-1.2083,30,0.7500,0.6667,6,7,6,0,0,7,6,0.1429
4,12.0000,22,3,782.1957,-87.7861,0.3523,7,0.1750,1.0000,2,4,4,0,0,4,4,0.0000
4,12.0000,22,4,699.0665,-88.1101,-0.4468,11,0.2750,1.0000,8,8,8,0,0,8,8,0.0000
4,12.0000,22,6,769.1298,-87.1886,-0.4503,12,0.3000,1.0000,2,8,7,0,0,8,7,0.1250
4,12.0000,22,7,556.8104,-85.4593,0.0324,15,0.3750,0.7143,7,8,6,0,0,8,6,0.2500
4,12.0000,22,8,695.6118,-85.7859,-0.7065,17,0.4250,0.7143,7,6,6,0,0,6,6,0.0000
4,12.0000,22,9,750.5828,-86.5990,0.5754,11,0.2750,0.8571,7,8,7,0,0,8,7,0.1250
4,12.0000,22,10,921.1571,-88.1061,-0.1424,4,0.1000,1.0000,8,6,6,0,0,6,6,0.0000
4,12.0000,22,11,348.7963,-80.4416,0.2151,25,0.6250,0.7143,7,7,5,0,0,7,5,0.2857
4,12.0000,22,13,1081.1844,-88.4825,0.3210,3,0.0750,,0,4,4,0,0,4,4,0.0000
4,12.0000,22,15,841.0792,-87.8081,0.1976,10,0.2500,0.6667,3,6,6,0,0,6,6,0.0000
4,12.0000,22,17,164.6156,-76.3108,1.7660,31,0.7750,0.2000,5,4,1,0,0,4,1,0.7500
4,12.0000,22,19,548.3214,-83.6994,-0.0311,21,0.5250,0.6250,8,6,6,0,0,6,6,0.0000
4,12.0000,22,20,260.0298,-76.9243,-0.3012,34,0.8500,0.0000,4,4,0,0,0,4,0,1.0000
4,12.0000,22,21,538.6385,-84.9995,0.2190,17,0.4250,0.7143,7,8,6,0,0,8,6,0.2500
4,12.0000,22,23,135.9173,-69.9045,-0.7021,33,0.8250,0.0000,4,5,1,0,0,5,1,0.8000
4,12.0000,22,25,317.7267,-79.4286,0.7370,28,0.7000,0.5000,6,6,2,0,0,6,2,0.6667
4,12.0000,22,27,481.8542,-81.2262,-1.0693,21,0.5250,0.8750,8,8,8,0,0,8,8,0.0000
4,12.0000,22,28,889.7598,-88.3608,-0.1923,8,0.2000,1.0000,6,7,6,0,0,7,6,0.1429
4,12.0000,22,29,1013.5193,-88.1839,-0.1022,5,0.1250,1.0000,2,4,4,0,0,4,4,0.0000
4,12.0000,22,31,258.6938,-75.6066,-0.7879,35,0.8750,0.3333,6,7,3,0,0,7,3,0.5714
4,12.0000,22,32,251.0722,-79.9097,1.3545,25,0.6250,0.8571,7,5,1,0,0,5,1,0.8000
4,12.0000,22,33,660.1501,-85.9493,-0.2899,14,0.3500,0.7143,7,8,8,0,0,8,8,0.0000
4,12.0000,22,34,712.6537,-87.3300,-0.2955,12,0.3000,0.7143,7,8,8,0,0,8,8,0.0000
4,12.0000,22,36,1071.2030,-87.9022,-0.4592,4,0.1000,1.0000,6,2,2,0,0,2,2,0.0000
4,12.0000,22,37,655.6973,-87.0612,-0.6395,12,0.3000,1.0000,8,6,6,0,0,6,6,0.0000
4,12.0000,22,38,527.3063,-84.1708,0.5911,17,0.4250,0.8571,7,7,5,0,0,7,5,0.2857
4,12.0000,22,39,366.2562,-81.5765,0.1740,19,0.4750,1.0000,8,8,7,0,0,8,7,0.1250
4,12.0000,22,40,630.1529,-85.2237,-0.4838,16,0.4000,1.0000,8,6,6,0,0,6,6,0.0000
4,12.0000,22,41,594.9734,-85.8363,-0.3706,15,0.3750,1.0000,8,7,6,0,0,7,6,0.1429
4,12.0000,22,43,393.6900,-82.1319,-0.4756,20,0.5000,0.7143,7,7,4,0,0,7,4,0.4286
4,12.0000,22,45,457.8686,-86.0676,-0.5314,15,0.3750,1.0000,8,7,6,0,0,7,6,0.1429
4,12.0000,22,46,426.3859,-82.8662,-0.1149,17,0.4250,0.8750,8,7,5,0,0,7,5,0.2857
4,12.0000,22,47,917.2519,-87.3482,0.8190,5,0.1250,,0,2,2,0,0,2,2,0.0000
4,12.0000,23,0,431.9345,-82.7941,1.1225,7,0.1750,0.4000,5,7,5,0,0,7,5,0.2857
4,12.0000,23,2,351.8560,-79.0068,-0.7977,27,0.6750,0.4000,5,4,0,0,0,4,0,1.0000
4,12.0000,23,3,813.0065,-87.8602,-2.8776,4,0.1000,0.8000,5,8,8,0,0,8,8,0.0000
4,12.0000,23,4,692.5106,-86.6578,0.5575,3,0.0750,1.0000,8,8,7,0,0,8,7,0.1250
4,12.0000,23,5,935.0953,-86.6733,-0.1279,4,0.1000,0.8333,6,2,2,0,0,2,2,0.0000
4,12.0000,23,6,732.6393,-86.0544,0.9468,5,0.1250,0.8333,6,8,8,0,0,8,8,0.0000
4,12.0000,23,7,606.6350,-86.4379,-0.0393,3,0.0750,1.0000,8,8,8,0,0,8,8,0.0000
4,12.0000,23,8,684.2455,-85.7366,-1.4004,6,0.1500,0.8889,9,2,0,0,0,2,0,1.0000
4,12.0000,23,9,665.4770,-85.0325,1.3607,6,0.1500,1.0000,8,8,8,0,0,8,8,0.0000
4,12.0000,23,11,449.4764,-81.7768,1.3207,7,0.1750,0.6667,6,8,8,0,0,8,8,0.0000
4,12.0000,23,17,277.1072,-78.3334,0.3109,18,0.4500,0.5714,7,7,5,0,0,7,5,0.2857
4,12.0000,23,19,601.4501,-83.6518,0.4921,5,0.1250,1.0000,8,7,4,0,0,7,4,0.4286
4,12.0000,23,20,364.3702,-79.3605,-0.7961,13,0.3250,0.6667,6,7,5,0,0,7,5,0.2857
4,12.0000,23,21,641.1883,-85.1763,-0.2497,10,0.2500,1.0000,8,8,8,0,0,8,8,0.0000
4,12.0000,23,22,135.9173,-69.7192,-0.2144,35,0.8750,0.6667,6,5,2,0,0,5,2,0.6000
4,12.0000,23,25,394.7990,-81.2916,0.5092,11,0.2750,0.7143,7,8,6,0,0,8,6,0.2500
4,12.0000,23,27,464.1186,-81.6551,-0.1114,16,0.4000,0.5333,15,8,8,0,0,8,8,0.0000
4,12.0000,23,28,920.0636,-87.6484,0.5856,5,0.1250,1.0000,4,6,6,0,0,6,6,0.0000
4,12.0000,23,31,314.5609,-79.0982,-0.7845,21,0.5250,0.8571,7,7,4,0,0,7,4,0.4286
4,12.0000,23,32,274.2034,-79.6592,1.0452,14,0.3500,0.5714,7,6,4,0,0,6,4,0.3333
4,12.0000,23,33,593.2897,-83.9446,4.9402,4,0.1000,0.6667,6,8,8,0,0,8,8,0.0000
4,12.0000,23,34,815.0522,-86.1922,-1.1116,4,0.1000,1.0000,8,6,6,0,0,6,6,0.0000
4,12.0000,23,37,633.9356,-84.7104,0.1726,6,0.1500,0.8571,7,8,8,0,0,8,8,0.0000
4,12.0000,23,38,658.0702,-83.8040,1.8688,4,0.1000,1.0000,8,8,8,0,0,8,8,0.0000
4,12.0000,23,39,366.5070,-82.1507,0.5960,9,0.2250,1.0000,8,7,6,0,0,7,6,0.1429
4,12.0000,23,40,694.8602,-84.9371,0.5807,6,0.1500,0.8571,7,4,4,0,0,4,4,0.0000
4,12.0000,23,41,540.8009,-82.8671,0.3076,6,0.1500,1.0000,8,8,8,0,0,8,8,0.0000
4,12.0000,23,43,460.5406,-83.3253,-0.0659,8,0.2000,0.8571,7,8,7,0,0,8,7,0.1250
4,12.0000,23,45,499.7744,-85.0016,-0.5263,7,0.1750,1.0000,8,7,5,0,0,7,5,0.2857
4,12.0000,23,46,483.3546,-83.3392,0.1651,8,0.2000,0.8571,7,7,6,0,0,7,6,0.1429
4,12.0000,24,3,404.7352,-80.9556,0.1622,15,0.3750,0.7143,7,6,4,0,0,6,4,0.3333
4,12.0000,24,4,469.2354,-83.2098,1.0197,18,0.4500,1.0000,8,8,8,0,0,8,8,0.0000
4,12.0000,24,7,650.1814,-86.1612,0.5559,5,0.1250,1.0000,8,7,6,0,0,7,6,0.1429
4,12.0000,24,9,917.8492,-86.5486,-0.7909,4,0.1000,1.0000,8,8,8,0,0,8,8,0.0000
4,12.0000,24,14,227.5489,-75.9652,-0.5447,35,0.8750,0.0000,4,5,1,0,0,5,1,0.8000
4,12.0000,24,15,340.5600,-80.7800,0.9402,17,0.4250,0.8571,7,6,4,0,0,6,4,0.3333
4,12.0000,24,18,622.2375,-85.9138,0.3467,11,0.2750,0.6667,6,8,7,0,0,8,7,0.1250
4,12.0000,24,28,336.0093,-77.5180,-1.3594,25,0.6250,0.3333,6,6,3,0,0,6,3,0.5000
4,12.0000,24,30,299.7589,-80.1816,0.4012,25,0.6250,0.4000,5,4,0,0,0,4,0,1.0000
4,12.0000,24,33,741.1952,-85.8806,-0.0380,10,0.2500,1.0000,8,8,8,0,0,8,8,0.0000
4,12.0000,24,37,749.1147,-86.3127,0.1927,4,0.1000,1.0000,8,8,8,0,0,8,8,0.0000
4,12.0000,24,39,830.7033,-86.8104,0.7028,3,0.0750,0.8571,7,8,8,0,0,8,8,0.0000
4,12.0000,24,41,784.0060,-86.5154,0.4462,5,0.1250,1.0000,8,7,6,0,0,7,6,0.1429
4,12.0000,24,42,280.2762,-80.3417,0.7271,31,0.7750,0.5000,6,4,0,0,0,4,0,1.0000
4,12.0000,24,44,161.6313,-74.2295,0.5298,36,0.9000,0.0000,4,4,0,0,0,4,0,1.0000
4,12.0000,24,45,742.8915,-86.2116,0.9657,7,0.1750,0.8571,7,8,8,0,0,8,8,0.0000
4,12.0000,25,0,452.6629,-81.4311,-0.6814,11,0.2750,1.0000,8,8,8,0,0,8,8,0.0000
4,12.0000,25,1,1011.8823,-88.0666,0.0033,4,0.1000,1.0000,4,4,4,0,0,4,4,0.0000
4,12.0000,25,2,465.3720,-81.5792,-0.5845,18,0.4500,0.6667,6,7,6,0,0,7,6,0.1429
4,12.0000,25,3,873.2768,-88.7193,0.5701,5,0.1250,1.0000,6,8,7,0,0,8,7,0.1250
4,12.0000,25,4,837.4431,-86.7060,-0.7741,4,0.1000,1.0000,8,6,6,0,0,6,6,0.0000
4,12.0000,25,5,808.4894,-87.4191,-0.1397,6,0.1500,1.0000,6,4,4,0,0,4,4,0.0000
4,12.0000,25,6,689.1015,-85.2928,-0.2434,7,0.1750,1.0000,4,8,8,0,0,8,8,0.0000
4,12.0000,25,7,590.4682,-84.3909,-1.1102,8,0.2000,0.7143,7,8,8,0,0,8,8,0.0000
4,12.0000,25,8,675.2133,-86.2484,0.0909,11,0.2750,0.8571,7,5,4,0,0,5,4,0.2000
4,12.0000,25,9,799.2821,-87.3912,-0.1081,6,0.1500,0.8333,6,10,10,0,0,10,10,0.0000
4,12.0000,25,10,771.2081,-87.8265,0.3020,4,0.1000,1.0000,6,4,4,0,0,4,4,0.0000
4,12.0000,25,11,123.7812,-73.1500,1.2137,38,0.9500,0.2000,5,4,0,0,0,4,0,1.0000
4,12.0000,25,15,887.1737,-88.0370,-0.5527,3,0.0750,1.0000,8,4,4,0,0,4,4,0.0000
4,12.0000,25,17,369.9941,-81.7948,0.1807,16,0.4000,0.0000,4,7,5,0,0,7,5,0.2857
4,12.0000,25,19,390.5206,-82.5932,0.3057,15,0.3750,0.7500,8,6,4,0,0,6,4,0.3333
4,12.0000,25,20,163.7108,-74.5887,0.6110,38,0.9500,0.0000,4,5,1,0,0,5,1,0.8000
4,12.0000,25,21,672.3253,-85.2419,-0.1143,7,0.1750,1.0000,8,7,6,0,0,7,6,0.1429
4,12.0000,25,22,317.7267,-79.5290,-0.1893,20,0.5000,1.0000,8,8,5,0,0,8,5,0.3750
4,12.0000,25,23,394.7990,-80.7181,-0.2169,15,0.3750,0.8571,7,6,4,0,0,6,4,0.3333
4,12.0000,25,26,863.3790,-87.5802,-0.4236,5,0.1250,1.0000,4,2,2,0,0,2,2,0.0000
4,12.0000,25,27,459.6863,-82.4659,-0.2988,18,0.4500,0.8571,7,7,6,0,0,7,6,0.1429
4,12.0000,25,29,865.8207,-87.6685,0.0931,4,0.1000,1.0000,2,8,8,0,0,8,8,0.0000
4,12.0000,25,31,155.0246,-74.3236,0.9066,35,0.8750,0.0000,4,6,3,0,0,6,3,0.5000
4,12.0000,25,32,417.5443,-81.8068,0.0391,13,0.3250,0.8750,8,8,7,0,0,8,7,0.1250
4,12.0000,25,33,755.1771,-86.6904,-0.2221,7,0.1750,1.0000,6,6,6,0,0,6,6,0.0000
4,12.0000,25,34,691.8870,-85.5438,0.1100,5,0.1250,1.0000,8,8,8,0,0,8,8,0.0000
4,12.0000,25,36,952.6604,-88.2932,0.8304,5,0.1250,1.0000,4,2,2,0,0,2,2,0.0000
4,12.0000,25,37,628.9557,-85.9501,0.2046,6,0.1500,1.0000,8,6,5,0,0,6,5,0.1667
4,12.0000,25,38,567.3902,-84.4201,0.3185,11,0.2750,0.8750,8,7,5,0,0,7,5,0.2857
4,12.0000,25,39,436.3511,-82.5284,-1.2936,11,0.2750,0.8750,8,8,7,3,2,11,9,0.1818
4,12.0000,25,40,682.7630,-84.7574,0.1973,7,0.1750,1.0000,8,6,6,0,0,6,6,0.0000
4,12.0000,25,41,646.7379,-84.6425,-0.3905,5,0.1250,1.0000,8,8,8,0,0,8,8,0.0000
4,12.0000,25,43,507.0912,-84.2967,0.2412,12,0.3000,0.7500,8,6,5,0,0,6,5,0.1667
4,12.0000,25,45,632.4057,-86.0708,-0.0336,6,0.1500,1.0000,8,7,6,0,0,7,6,0.1429
4,12.0000,25,46,434.8339,-81.5454,-0.6133,14,0.3500,0.8571,7,6,6,0,0,6,6,0.0000
4,12.0000,25,47,824.7951,-87.6905,-0.5012,5,0.1250,1.0000,6,8,8,0,0,8,8,0.0000
4,12.0000,26,1,242.4445,-73.4224,-1.6877,33,0.8250,0.0000,4,6,3,0,0,6,3,0.5000
4,12.0000,26,5,163.1110,-75.3223,0.7579,31,0.7750,0.2000,5,4,0,0,0,4,0,1.0000
4,12.0000,26,8,802.4124,-86.2201,-0.3827,4,0.1000,1.0000,8,2,2,0,0,2,2,0.0000
4,12.0000,26,10,518.3439,-81.5240,-1.0177,15,0.3750,0.8750,8,8,8,0,0,8,8,0.0000
4,12.0000,26,12,945.4915,-87.3216,0.8593,6,0.1500,1.0000,4,6,6,0,0,6,6,0.0000
4,12.0000,26,13,167.4145,-73.8083,0.5438,37,0.9250,0.0000,4,4,0,0,0,4,0,1.0000
4,12.0000,26,16,817.9209,-87.5350,-1.5305,3,0.0750,1.0000,4,8,8,0,0,8,8,0.0000
4,12.0000,26,19,622.8808,-83.1526,-3.1506,7,0.1750,1.0000,10,6,6,0,0,6,6,0.0000
4,12.0000,26,21,636.9486,-84.9914,0.9724,3,0.0750,0.8571,7,8,8,0,0,8,8,0.0000
4,12.0000,26,29,312.4056,-78.1015,-0.6743,32,0.8000,0.2000,5,6,4,0,0,6,4,0.3333
4,12.0000,26,34,261.0827,-79.9871,0.9436,20,0.5000,0.7500,8,5,2,0,0,5,2,0.6000
4,12.0000,26,35,436.4318,-81.3651,-0.1727,31,0.7750,0.4000,5,7,6,0,0,7,6,0.1429
4,12.0000,26,36,169.8201,-71.4764,-0.0987,39,0.9750,0.0000,4,5,1,0,0,5,1,0.8000
4,12.0000,26,40,459.7862,-82.5429,0.5726,12,0.3000,0.8750,8,7,6,0,0,7,6,0.1429
4,12.0000,26,43,630.1880,-85.5195,0.9944,5,0.1250,1.0000,8,8,7,0,0,8,7,0.1250
4,12.0000,26,47,316.0304,-79.3216,0.3037,30,0.7500,0.2000,5,5,2,0,0,5,2,0.6000
4,12.0000,27,0,807.7592,-86.9449,0.1778,6,0.1500,0.6000,5,10,10,0,0,10,10,0.0000
4,12.0000,27,1,912.0168,-88.5053,-0.7467,4,0.1000,1.0000,8,8,8,0,0,8,8,0.0000
4,12.0000,27,2,203.2183,-73.6454,-1.0290,33,0.8250,0.0000,4,6,3,0,0,6,3,0.5000
4,12.0000,27,4,1132.5829,-88.3731,-0.1265,4,0.1000,1.0000,4,4,4,0,0,4,4,0.0000
4,12.0000,27,5,748.7176,-87.0714,-0.6497,10,0.2500,1.0000,8,6,6,0,0,6,6,0.0000
4,12.0000,27,7,980.3394,-87.3879,0.1759,4,0.1000,1.0000,6,5,4,0,0,5,4,0.2000
4,12.0000,27,8,247.3416,-78.2279,0.6812,28,0.7000,0.0000,4,6,2,0,0,6,2,0.6667
4,12.0000,27,10,587.5496,-85.6343,-0.5461,13,0.3250,1.0000,8,6,4,0,0,6,4,0.3333
4,12.0000,27,11,574.5463,-84.2079,0.7571,10,0.2500,0.6667,6,8,8,0,0,8,8,0.0000
4,12.0000,27,12,929.4856,-87.6065,0.3317,4,0.1000,,0,6,5,0,0,6,5,0.1667
4,12.0000,27,13,937.1818,-88.6051,0.4844,4,0.1000,1.0000,6,8,8,0,0,8,8,0.0000
4,12.0000,27,16,782.6236,-87.1873,1.5916,5,0.1250,1.0000,4,5,4,0,0,5,4,0.2000
4,12.0000,27,17,631.2964,-85.4485,-0.8994,10,0.2500,0.8571,7,8,8,0,0,8,8,0.0000
4,12.0000,27,19,299.6220,-79.2884,0.0536,21,0.5250,0.8571,7,6,4,0,0,6,4,0.3333
4,12.0000,27,20,420.5169,-80.4859,-0.7826,14,0.3500,0.6667,6,8,7,0,0,8,7,0.1250
4,12.0000,27,21,758.7784,-87.2188,-0.9649,5,0.1250,1.0000,6,8,7,0,0,8,7,0.1250
4,12.0000,27,22,481.8542,-80.9172,-0.8848,13,0.3250,0.6667,6,7,5,0,0,7,5,0.2857
4,12.0000,27,23,464.1186,-83.9597,-1.5276,10,0.2500,1.0000,8,8,8,0,0,8,8,0.0000
4,12.0000,27,25,459.6863,-81.8069,0.4437,16,0.4000,1.0000,8,7,6,0,0,7,6,0.1429
4,12.0000,27,26,853.5668,-88.1624,0.0994,3,0.0750,0.8571,7,2,2,0,0,2,2,0.0000
4,12.0000,27,29,785.8163,-88.4929,1.0566,6,0.1500,1.0000,2,7,6,0,0,7,6,0.1429
4,12.0000,27,31,320.4071,-78.8464,0.2960,18,0.4500,0.7500,8,8,7,0,0,8,7,0.1250
4,12.0000,27,32,693.5897,-85.8739,0.9192,6,0.1500,1.0000,6,9,8,0,0,9,8,0.1111
4,12.0000,27,34,707.8240,-86.8680,-0.3016,11,0.2750,1.0000,8,8,8,0,0,8,8,0.0000
4,12.0000,27,35,1035.7669,-88.9807,-0.4440,3,0.0750,1.0000,4,8,8,0,0,8,8,0.0000
4,12.0000,27,36,928.0483,-88.0071,0.2470,6,0.1500,1.0000,6,8,8,0,0,8,8,0.0000
4,12.0000,27,37,927.3386,-87.8572,0.4612,8,0.2000,0.8000,5,8,8,0,0,8,8,0.0000
4,12.0000,27,38,804.9362,-86.1801,-0.2742,8,0.2000,1.0000,8,6,5,0,0,6,5,0.1667
4,12.0000,27,39,740.1663,-86.6281,-0.1407,10,0.2500,1.0000,8,8,8,0,0,8,8,0.0000
4,12.0000,27,40,540.6662,-84.4577,0.2357,11,0.2750,0.8571,7,5,2,0,0,5,2,0.6000
4,12.0000,27,41,871.3901,-87.7470,-0.2073,6,0.1500,0.7500,8,8,8,0,0,8,8,0.0000
4,12.0000,27,43,435.5781,-83.2925,1.2291,12,0.3000,1.0000,8,8,8,0,0,8,8,0.0000
4,12.0000,27,45,934.7739,-89.0980,0.6761,3,0.0750,1.0000,2,6,6,0,0,6,6,0.0000
4,12.0000,27,46,827.7905,-87.0376,-0.8955,8,0.2000,1.0000,8,2,2,0,0,2,2,0.0000
4,12.0000,27,47,668.0543,-86.3679,-0.6136,5,0.1250,1.0000,8,8,8,0,0,8,8,0.0000
4,12.0000,28,0,549.5202,-85.2735,0.6832,8,0.2000,1.0000,8,7,6,0,0,7,6,0.1429
4,12.0000,28,3,115.0811,-74.6122,1.7611,30,0.7500,0.6667,6,5,1,0,0,5,1,0.8000
4,12.0000,28,4,301.4526,-79.2722,0.6103,19,0.4750,0.4000,5,5,2,0,0,5,2,0.6000
4,12.0000,28,7,401.1500,-81.4307,0.2978,12,0.3000,1.0000,8,8,8,0,0,8,8,0.0000
4,12.0000,28,14,305.8877,-77.9771,-0.5572,37,0.9250,0.2000,5,6,3,0,0,6,3,0.5000
4,12.0000,28,15,228.6998,-78.1152,0.7763,24,0.6000,0.4000,5,4,0,0,0,4,0,1.0000
4,12.0000,28,18,821.4456,-86.8205,0.2580,9,0.2250,1.0000,8,8,8,0,0,8,8,0.0000
4,12.0000,28,22,889.7598,-87.2566,0.5706,3,0.0750,1.0000,8,8,8,0,0,8,8,0.0000
4,12.0000,28,24,336.0093,-77.7334,-1.6529,32,0.8000,0.3333,6,5,1,0,0,5,1,0.8000
4,12.0000,28,30,521.2563,-83.1092,0.3875,17,0.4250,0.7500,8,6,4,0,0,6,4,0.3333
4,12.0000,28,32,655.7410,-84.9830,-0.1297,7,0.1750,1.0000,8,8,8,0,0,8,8,0.0000
4,12.0000,28,33,683.8193,-86.1284,-1.4334,7,0.1750,0.8750,8,10,10,0,0,10,10,0.0000
4,12.0000,28,37,672.6984,-86.2412,-1.0373,6,0.1500,1.0000,8,8,8,0,0,8,8,0.0000
4,12.0000,28,39,632.1371,-86.0882,-1.8452,3,0.0750,1.0000,8,8,7,0,0,8,7,0.1250
4,12.0000,28,41,698.8556,-85.6815,-0.6945,7,0.1750,1.0000,8,6,3,0,0,6,3,0.5000
4,12.0000,28,42,513.4890,-83.6630,0.0113,17,0.4250,0.8750,8,8,8,0,0,8,8,0.0000
4,12.0000,28,44,493.2386,-82.5691,-0.4397,27,0.6750,0.6667,6,7,6,0,0,7,6,0.1429
4,12.0000,28,45,451.9638,-81.2679,-0.1204,13,0.3250,0.8750,8,9,7,0,0,9,7,0.2222
4,12.0000,28,46,554.1989,-84.6292,0.8524,7,0.1750,1.0000,8,7,5,0,0,7,5,0.2857
4,12.0000,29,1,230.0615,-76.8074,0.3992,34,0.8500,0.0000,4,4,0,0,0,4,0,1.0000
4,12.0000,29,5,374.7534,-81.1743,-0.0048,16,0.4000,0.8906,64,6,4,14,12,20,16,0.2000
4,12.0000,29,10,270.7481,-76.8143,-0.6812,34,0.8500,0.4000,5,5,1,0,0,5,1,0.8000
4,12.0000,29,12,672.9848,-85.8168,-0.5639,12,0.3000,0.8750,8,7,6,0,0,7,6,0.1429
4,12.0000,29,13,237.8492,-78.2336,0.7090,34,0.8500,0.1429,7,4,0,0,0,4,0,1.0000
4,12.0000,29,16,544.6847,-84.3819,0.0610,21,0.5250,0.7143,7,6,4,0,0,6,4,0.3333
4,12.0000,29,19,539.2713,-83.8407,0.3881,6,0.1500,1.0000,8,8,8,0,0,8,8,0.0000
4,12.0000,29,26,312.4056,-78.4408,-0.5735,30,0.7500,1.0000,8,5,2,0,0,5,2,0.6000
4,12.0000,29,34,484.6834,-82.8666,0.8369,8,0.2000,0.8571,7,8,8,0,0,8,8,0.0000
4,12.0000,29,35,320.8825,-79.6147,0.0351,36,0.9000,0.0000,4,5,2,0,0,5,2,0.6000
4,12.0000,29,36,224.0650,-78.6154,0.6805,29,0.7250,0.4167,60,4,0,78,17,82,17,0.7927
4,12.0000,29,40,578.2649,-83.7478,1.7790,4,0.1000,0.8571,7,8,8,0,0,8,8,0.0000
4,12.0000,29,43,734.0463,-85.6266,-1.5083,3,0.0750,1.0000,8,7,6,0,0,7,6,0.1429
4,12.0000,29,47,200.0016,-75.4878,0.5637,32,0.8000,0.2000,5,5,1,0,0,5,1,0.8000
4,12.0000,30,0,769.8131,-87.9072,-0.2560,3,0.0750,1.0000,8,7,6,0,0,7,6,0.1429
4,12.0000,30,3,532.4747,-83.6014,-0.4272,12,0.3000,1.0000,8,7,6,0,0,7,6,0.1429
4,12.0000,30,4,466.5058,-82.1774,-1.4102,14,0.3500,0.4000,5,6,4,0,0,6,4,0.3333
4,12.0000,30,6,750.9349,-85.7567,-0.3947,6,0.1500,1.0000,8,8,8,0,0,8,8,0.0000
4,12.0000,30,7,695.9765,-85.5687,-0.1733,5,0.1250,1.0000,8,8,8,0,0,8,8,0.0000
4,12.0000,30,9,698.7584,-84.0713,-0.8156,11,0.2750,1.0000,8,8,7,0,0,8,7,0.1250
4,12.0000,30,14,525.7843,-83.6348,-0.4040,13,0.3250,0.8571,7,8,8,0,0,8,8,0.0000
4,12.0000,30,15,418.9159,-81.5068,-0.1228,20,0.5000,0.7500,8,8,7,0,0,8,7,0.1250
4,12.0000,30,18,368.0585,-82.3562,0.0222,29,0.7250,0.2000,5,8,6,0,0,8,6,0.2500
4,12.0000,30,24,299.7589,-80.2336,0.1767,27,0.6750,0.5000,6,5,1,0,0,5,1,0.8000
4,12.0000,30,28,521.2563,-83.2754,-0.4011,17,0.4250,0.7500,8,7,6,0,0,7,6,0.1429
4,12.0000,30,32,867.5297,-86.6171,-0.1438,3,0.0750,1.0000,8,8,8,0,0,8,8,0.0000
4,12.0000,30,33,562.0947,-83.1331,-0.2244,11,0.2750,1.0000,8,7,6,0,0,7,6,0.1429
4,12.0000,30,37,623.0714,-84.2735,-0.2207,10,0.2500,0.8571,7,8,8,0,0,8,8,0.0000
4,12.0000,30,39,772.6870,-86.1983,-0.8899,5,0.1250,0.8571,7,8,8,0,0,8,8,0.0000
4,12.0000,30,41,629.4539,-85.6676,-0.7638,7,0.1750,0.8750,8,7,5,0,0,7,5,0.2857
4,12.0000,30,42,125.3807,-71.1426,0.3772,34,0.8500,0.0000,4,4,0,0,0,4,0,1.0000
4,12.0000,30,44,270.3472,-78.2069,-0.4648,34,0.8500,0.5000,6,4,0,0,0,4,0,1.0000
4,12.0000,30,45,788.1811,-86.6285,0.0015,4,0.1000,0.8571,7,8,8,0,0,8,8,0.0000
4,12.0000,30,46,804.0422,-86.2502,1.0232,4,0.1000,1.0000,8,8,8,0,0,8,8,0.0000
4,12.0000,31,0,524.8994,-85.1865,-0.1980,13,0.3250,0.6667,6,7,5,0,0,7,5,0.2857
4,12.0000,31,1,960.2391,-88.4071,-0.7297,4,0.1000,0.6667,3,4,4,0,0,4,4,0.0000
4,12.0000,31,2,336.5931,-79.7834,-0.6789,31,0.7750,0.8000,5,7,2,0,0,7,2,0.7143
4,12.0000,31,3,951.3612,-88.2591,-1.5283,4,0.1000,,0,4,4,0,0,4,4,0.0000
4,12.0000,31,4,887.2144,-88.6680,-0.4937,6,0.1500,1.0000,4,6,6,0,0,6,6,0.0000
4,12.0000,31,5,748.0399,-85.7103,-1.2008,9,0.2250,0.8000,5,6,6,0,0,6,6,0.0000
4,12.0000,31,6,758.7031,-85.7144,0.2438,11,0.2750,1.0000,8,4,4,0,0,4,4,0.0000
4,12.0000,31,7,683.3837,-85.1072,0.2309,14,0.3500,1.0000,8,8,8,0,0,8,8,0.0000
4,12.0000,31,8,540.8871,-83.3866,0.4423,15,0.3750,0.8571,7,8,8,0,0,8,8,0.0000
4,12.0000,31,9,813.3942,-87.9565,-0.3332,7,0.1750,1.0000,2,8,7,0,0,8,7,0.1250
4,12.0000,31,10,708.0352,-87.1997,0.7665,6,0.1500,0.8571,7,8,8,0,0,8,8,0.0000
4,12.0000,31,11,260.2547,-78.4434,0.3188,31,0.7750,0.0000,4,4,0,0,0,4,0,1.0000
4,12.0000,31,12,1152.3073,-89.0101,0.3266,4,0.1000,1.0000,2,2,2,0,0,2,2,0.0000
4,12.0000,31,13,937.7814,-87.2161,0.6693,4,0.1000,1.0000,4,6,5,0,0,6,5,0.1667
4,12.0000,31,15,977.7017,-88.1219,-0.1554,8,0.2000,1.0000,6,8,8,0,0,8,8,0.0000
4,12.0000,31,17,368.3784,-82.0200,-0.1247,20,0.5000,0.6667,6,8,6,0,0,8,6,0.2500
4,12.0000,31,19,318.2038,-79.9132,1.1185,19,0.4750,0.6667,6,5,2,0,0,5,2,0.6000
4,12.0000,31,20,136.4988,-66.3829,-2.4686,36,0.9000,0.0000,4,6,3,0,0,6,3,0.5000
4,12.0000,31,21,621.8619,-85.6454,0.0951,11,0.2750,0.9000,10,6,6,0,0,6,6,0.0000
4,12.0000,31,22,258.6938,-75.7539,-1.9179,30,0.7500,0.0000,4,4,0,0,0,4,0,1.0000
4,12.0000,31,23,314.5609,-79.3013,-0.9072,29,0.7250,0.3333,6,4,0,0,0,4,0,1.0000
4,12.0000,31,25,155.0246,-74.6481,0.6083,37,0.9250,0.0000,4,4,0,0,0,4,0,1.0000
4,12.0000,31,26,827.8008,-86.4883,0.5525,7,0.1750,1.0000,2,5,4,0,0,5,4,0.2000
4,12.0000,31,27,320.4071,-78.9922,0.2145,29,0.7250,0.5714,7,8,7,0,0,8,7,0.1250
4,12.0000,31,29,827.6636,-87.3713,0.8260,6,0.1500,0.9853,68,5,4,14,14,19,18,0.0526
4,12.0000,31,32,439.1198,-84.3704,-0.4074,15,0.3750,1.0000,8,7,4,0,0,7,4,0.4286
4,12.0000,31,33,780.2395,-87.7724,0.6830,5,0.1250,1.0000,4,6,6,0,0,6,6,0.0000
4,12.0000,31,34,643.5565,-85.0724,-0.6135,11,0.2750,1.0000,8,7,5,130,128,137,133,0.0292
4,12.0000,31,36,924.1220,-88.6227,-0.4538,5,0.1250,0.8750,8,6,6,0,0,6,6,0.0000
4,12.0000,31,37,705.2926,-86.3393,-0.4542,11,0.2750,1.0000,8,4,3,0,0,4,3,0.2500
4,12.0000,31,38,579.5182,-85.5120,0.0477,8,0.2000,1.0000,8,8,8,0,0,8,8,0.0000
4,12.0000,31,39,486.9863,-84.1787,0.3356,11,0.2750,0.8750,8,7,6,0,0,7,6,0.1429
4,12.0000,31,40,578.1365,-84.8838,-0.7189,10,0.2500,1.0000,8,7,6,0,0,7,6,0.1429
4,12.0000,31,41,684.6088,-85.7156,-0.1788,8,0.2000,0.8750,8,8,6,0,0,8,6,0.2500
4,12.0000,31,43,394.8557,-81.8900,1.2028,18,0.4500,1.0000,8,7,5,0,0,7,5,0.2857
4,12.0000,31,45,670.2239,-86.1900,0.0083,7,0.1750,0.8750,8,8,8,0,0,8,8,0.0000
4,12.0000,31,46,528.3763,-83.6976,-0.7928,13,0.3250,0.7143,7,6,5,0,0,6,5,0.1667
4,12.0000,31,47,753.8341,-88.3838,0.2172,11,0.2750,1.0000,4,6,6,0,0,6,6,0.0000
4,12.0000,32,0,170.4649,-72.4479,-0.9941,34,0.8500,0.3333,6,6,2,0,0,6,2,0.6667
4,12.0000,32,2,589.0835,-83.9539,-0.0575,12,0.3000,0.6667,6,7,6,0,0,7,6,0.1429
4,12.0000,32,3,545.5124,-83.1699,-0.0243,21,0.5250,0.4286,7,8,8,0,0,8,8,0.0000
4,12.0000,32,4,455.0695,-82.3583,0.0487,22,0.5500,0.7143,7,7,5,0,0,7,5,0.2857
4,12.0000,32,6,625.8255,-86.3483,0.1200,13,0.3250,1.0000,6,8,7,0,0,8,7,0.1250
4,12.0000,32,7,335.4683,-78.6890,-0.2049,24,0.6000,0.2500,4,8,5,0,0,8,5,0.3750
4,12.0000,32,8,925.5189,-87.3417,0.1922,4,0.1000,1.0000,6,4,3,0,0,4,3,0.2500
4,12.0000,32,9,609.1013,-86.0668,0.0967,14,0.3500,0.8750,8,6,6,0,0,6,6,0.0000
4,12.0000,32,11,402.8073,-82.0429,0.4087,22,0.5500,0.7143,7,8,7,0,0,8,7,0.1250
4,12.0000,32,15,594.6157,-83.9393,-1.3828,17,0.4250,1.0000,8,8,8,0,0,8,8,0.0000
4,12.0000,32,17,215.9081,-76.2182,0.2612,25,0.6250,0.4286,7,4,0,0,0,4,0,1.0000
4,12.0000,32,19,753.4441,-84.3482,0.9018,3,0.0750,1.0000,4,7,6,0,0,7,6,0.1429
4,12.0000,32,20,438.5050,-83.0597,-0.0313,12,0.3000,0.8889,9,6,2,0,0,6,2,0.6667
4,12.0000,32,21,705.5222,-85.7610,0.1153,10,0.2500,1.0000,8,8,8,0,0,8,8,0.0000
4,12.0000,32,22,251.0722,-79.3078,1.2321,20,0.5000,0.7143,7,5,3,0,0,5,3,0.4000
4,12.0000,32,23,274.2034,-80.5546,1.2176,23,0.5750,0.5000,6,5,1,0,0,5,1,0.8000
4,12.0000,32,24,897.3347,-88.6257,-0.4519,8,0.2000,1.0000,6,2,2,0,0,2,2,0.0000
4,12.0000,32,25,417.5443,-82.8334,0.1847,14,0.3500,0.5000,6,5,4,0,0,5,4,0.2000
4,12.0000,32,27,693.5897,-86.5569,0.7303,6,0.1500,0.8571,7,8,8,0,0,8,8,0.0000
4,12.0000,32,28,655.7410,-84.9254,-0.8389,15,0.3750,0.8571,7,8,8,0,0,8,8,0.0000
4,12.0000,32,30,867.5297,-87.7309,1.0746,7,0.1750,0.8571,7,4,4,0,0,4,4,0.0000
4,12.0000,32,31,439.1198,-83.8194,1.4275,14,0.3500,0.8750,8,8,8,0,0,8,8,0.0000
4,12.0000,32,33,467.1990,-82.9561,-0.4931,21,0.5250,0.8571,7,8,8,0,0,8,8,0.0000
4,12.0000,32,34,918.8918,-88.6709,0.5830,4,0.1000,1.0000,8,5,4,0,0,5,4,0.2000
4,12.0000,32,37,463.6738,-82.6384,-0.5738,19,0.4750,0.8571,7,8,8,0,0,8,8,0.0000
4,12.0000,32,38,637.3688,-86.1212,0.3276,11,0.2750,1.0000,8,8,8,0,0,8,8,0.0000
4,12.0000,32,39,155.2480,-74.9416,1.1254,29,0.7250,0.2000,5,4,0,0,0,4,0,1.0000
4,12.0000,32,41,409.9038,-81.3968,-0.5354,21,0.5250,0.8571,7,7,4,0,0,7,4,0.4286
4,12.0000,32,43,635.5791,-87.5400,0.9228,5,0.1250,1.0000,6,8,8,0,0,8,8,0.0000
4,12.0000,32,44,1014.0415,-87.5233,-0.1708,9,0.2250,1.0000,8,2,2,0,0,2,2,0.0000
4,12.0000,32,45,264.1700,-77.2777,-0.7001,29,0.7250,0.2000,5,4,0,0,0,4,0,1.0000
4,12.0000,32,46,234.3098,-76.0064,-0.2425,31,0.7750,0.0000,4,8,7,0,0,8,7,0.1250
4,12.0000,33,0,447.2329,-83.1643,0.6522,11,0.2750,0.7143,7,8,7,0,0,8,7,0.1250
4,12.0000,33,2,777.0599,-87.5318,0.1340,5,0.1250,0.8571,7,8,8,0,0,8,8,0.0000
4,12.0000,33,3,598.6714,-83.6436,0.5219,11,0.2750,0.7143,7,7,6,0,0,7,6,0.1429
4,12.0000,33,4,407.7782,-80.6964,-1.2111,19,0.4750,0.8571,7,7,6,0,0,7,6,0.1429
4,12.0000,33,6,401.0708,-81.7023,1.0812,19,0.4750,0.8571,7,7,6,0,0,7,6,0.1429
4,12.0000,33,7,527.1334,-84.3353,0.7590,14,0.3500,1.0000,8,8,8,0,0,8,8,0.0000
4,12.0000,33,9,221.2250,-75.9596,0.0802,36,0.9000,0.0000,4,4,0,0,0,4,0,1.0000
4,12.0000,33,11,769.2515,-86.3838,1.9782,5,0.1250,1.0000,8,8,8,0,0,8,8,0.0000
4,12.0000,33,14,900.3521,-87.6623,1.3329,5,0.1250,1.0000,8,2,2,0,0,2,2,0.0000
4,12.0000,33,15,538.8711,-83.4181,0.1776,18,0.4500,1.0000,8,6,5,0,0,6,5,0.1667
4,12.0000,33,17,681.1088,-85.5853,-0.3073,5,0.1250,1.0000,8,8,8,0,0,8,8,0.0000
4,12.0000,33,18,601.6713,-85.2414,-0.1171,10,0.2500,0.7143,7,7,6,0,0,7,6,0.1429
4,12.0000,33,20,838.1291,-84.3561,1.4816,3,0.0750,1.0000,8,8,8,0,0,8,8,0.0000
4,12.0000,33,22,660.1501,-86.6844,0.7316,4,0.1000,1.0000,8,8,8,0,0,8,8,0.0000
4,12.0000,33,23,593.2897,-85.1875,1.0649,6,0.1500,1.0000,8,8,7,0,0,8,7,0.1250
4,12.0000,33,24,741.1952,-86.4331,-0.0584,14,0.3500,0.8333,6,7,6,0,0,7,6,0.1429
4,12.0000,33,25,755.1771,-85.0130,-0.4812,3,0.0750,1.0000,8,8,8,0,0,8,8,0.0000
4,12.0000,33,28,683.8193,-85.4004,0.4367,10,0.2500,0.8571,7,8,7,0,0,8,7,0.1250
4,12.0000,33,30,562.0947,-85.1252,0.4170,17,0.4250,0.8750,8,8,8,0,0,8,8,0.0000
4,12.0000,33,31,780.2395,-86.8237,-1.5731,3,0.0750,1.0000,8,8,8,0,0,8,8,0.0000
4,12.0000,33,32,467.1990,-83.9049,-0.3679,16,0.4000,0.6667,6,8,8,0,0,8,8,0.0000
4,12.0000,33,37,285.4743,-79.4116,0.5003,24,0.6000,0.4286,7,7,2,0,0,7,2,0.7143
4,12.0000,33,39,360.9977,-79.3154,0.2511,17,0.4250,0.3333,6,6,4,0,0,6,4,0.3333
4,12.0000,33,41,128.6428,-73.5762,0.2980,36,0.9000,0.0000,4,4,0,0,0,4,0,1.0000
4,12.0000,33,42,623.9683,-83.8906,0.0341,19,0.4750,1.0000,8,7,6,0,0,7,6,0.1429
4,12.0000,33,44,796.0045,-86.3240,-0.5626,10,0.2500,0.8750,8,6,6,0,0,6,6,0.0000
4,12.0000,33,45,564.0997,-84.5155,0.4460,14,0.3500,0.8750,8,8,7,0,0,8,7,0.1250
4,12.0000,33,46,517.0695,-84.5854,0.9100,10,0.2500,0.8571,7,7,6,0,0,7,6,0.1429
4,12.0000,34,1,465.7532,-83.3557,-0.9005,16,0.4000,0.8571,7,8,7,0,0,8,7,0.1250
4,12.0000,34,2,853.9644,-87.6954,-1.2750,3,0.0750,1.0000,8,8,8,0,0,8,8,0.0000
4,12.0000,34,5,172.1921,-74.3979,0.1074,31,0.7750,0.5000,8,5,1,0,0,5,1,0.8000
4,12.0000,34,8,708.2767,-86.0795,-1.1079,6,0.1500,0.8571,7,8,8,0,0,8,8,0.0000
4,12.0000,34,10,584.2885,-84.0087,0.4694,7,0.1750,1.0000,8,8,8,0,0,8,8,0.0000
4,12.0000,34,11,690.6897,-84.7740,-0.4473,4,0.1000,1.0000,8,8,8,0,0,8,8,0.0000
4,12.0000,34,13,424.3451,-82.5153,0.2651,17,0.4250,0.8750,8,7,4,6,4,13,8,0.3846
4,12.0000,34,17,716.1156,-85.4084,-1.2450,4,0.1000,1.0000,8,8,8,0,0,8,8,0.0000
4,12.0000,34,19,522.9061,-83.6877,-2.2491,11,0.2750,0.8750,8,8,8,0,0,8,8,0.0000
4,12.0000,34,20,549.5568,-83.6138,-0.0332,6,0.1500,0.7143,7,8,7,0,0,8,7,0.1250
4,12.0000,34,21,383.4420,-80.9809,-0.2196,21,0.5250,0.4286,7,6,4,0,0,6,4,0.3333
4,12.0000,34,22,712.6537,-86.9245,-0.1723,4,0.1000,0.6250,8,8,8,0,0,8,8,0.0000
4,12.0000,34,23,815.0522,-87.5739,0.1252,4,0.1000,1.0000,8,4,4,0,0,4,4,0.0000
4,12.0000,34,25,691.8870,-86.8379,-0.3476,4,0.1000,1.0000,8,8,8,0,0,8,8,0.0000
4,12.0000,34,26,261.0827,-79.6318,0.9282,19,0.4750,0.5000,6,4,0,0,0,4,0,1.0000
4,12.0000,34,27,707.8240,-86.1466,1.4192,5,0.1250,1.0000,8,7,6,0,0,7,6,0.1429
4,12.0000,34,29,484.6834,-85.1723,0.5897,14,0.3500,0.7143,7,8,7,0,0,8,7,0.1250
4,12.0000,34,31,643.5565,-85.7418,-0.8668,4,0.1000,1.0000,8,8,8,0,0,8,8,0.0000
4,12.0000,34,32,918.8918,-88.4627,0.5586,3,0.0750,1.0000,8,5,4,0,0,5,4,0.2000
4,12.0000,34,35,663.5589,-86.8102,-0.1892,9,0.2250,1.0000,8,8,8,0,0,8,8,0.0000
4,12.0000,34,36,423.3875,-81.9123,-0.5420,20,0.5000,0.5000,6,7,5,0,0,7,5,0.2857
4,12.0000,34,38,431.0911,-80.4291,-1.5051,19,0.4750,0.8571,7,7,6,0,0,7,6,0.1429
4,12.0000,34,40,275.5000,-77.5529,-0.2530,25,0.6250,0.0000,4,6,4,0,0,6,4,0.3333
4,12.0000,34,43,395.3645,-79.8343,-1.2503,18,0.4500,0.5000,6,8,7,0,0,8,7,0.1250
4,12.0000,34,47,407.4934,-83.4953,1.4292,11,0.2750,0.7143,7,6,3,0,0,6,3,0.5000
4,12.0000,35,1,198.7855,-75.6801,-0.4160,35,0.8750,0.2000,5,5,1,0,0,5,1,0.8000
4,12.0000,35,5,502.5440,-83.8272,0.6408,10,0.2500,0.8571,7,7,5,0,0,7,5,0.2857
4,12.0000,35,8,891.7758,-86.6524,6.6594,3,0.0750,1.0000,8,8,8,0,0,8,8,0.0000
4,12.0000,35,10,505.8687,-82.8888,0.0202,17,0.4250,1.0000,8,8,8,0,0,8,8,0.0000
4,12.0000,35,12,675.1157,-85.6525,1.3160,9,0.2250,1.0000,8,7,5,0,0,7,5,0.2857
4,12.0000,35,13,298.3995,-77.8945,-0.9680,35,0.8750,0.5000,6,4,0,0,0,4,0,1.0000
4,12.0000,35,16,610.0814,-85.1701,0.1785,10,0.2500,0.7143,7,8,8,0,0,8,8,0.0000
4,12.0000,35,19,831.1317,-86.1549,0.5108,3,0.0750,1.0000,8,8,8,0,0,8,8,0.0000
4,12.0000,35,26,436.4318,-80.5756,-1.3060,22,0.5500,0.7500,8,8,7,0,0,8,7,0.1250
4,12.0000,35,29,320.8825,-79.8177,-0.5403,29,0.7250,0.0000,4,6,3,0,0,6,3,0.5000
4,12.0000,35,34,663.5589,-86.0110,0.6294,5,0.1250,1.0000,8,6,4,0,0,6,4,0.3333
4,12.0000,35,36,311.2640,-79.3730,0.1322,27,0.6750,0.2000,5,5,1,0,0,5,1,0.8000
4,12.0000,35,40,738.4628,-85.4211,-0.1330,7,0.1750,1.0000,8,8,8,0,0,8,8,0.0000
4,12.0000,35,47,375.0786,-80.0769,-0.4412,21,0.5250,0.6667,6,6,3,0,0,6,3,0.5000
4,12.0000,36,1,160.1696,-74.2710,0.8803,31,0.7750,0.0000,4,5,1,0,0,5,1,0.8000
4,12.0000,36,5,307.6478,-80.2850,0.7076,25,0.6250,0.3333,6,5,1,0,0,5,1,0.8000
4,12.0000,36,8,854.7319,-87.1558,-0.2027,4,0.1000,1.0000,8,8,8,0,0,8,8,0.0000
4,12.0000,36,10,484.3078,-83.0355,-0.7593,15,0.3750,0.4000,5,5,4,0,0,5,4,0.2000
4,12.0000,36,11,959.9106,-89.0718,0.7593,3,0.0750,1.0000,74,6,6,0,0,6,6,0.0000
4,12.0000,36,12,862.6754,-87.5491,-0.3315,4,0.1000,1.0000,2,5,4,0,0,5,4,0.2000
4,12.0000,36,13,27.2531,-63.8797,3.4694,35,0.8750,0.5000,6,4,0,0,0,4,0,1.0000
4,12.0000,36,16,748.2583,-87.2278,-0.0126,10,0.2500,1.0000,2,8,8,0,0,8,8,0.0000
4,12.0000,36,19,679.7627,-85.1800,-0.8616,9,0.2250,0.8571,7,8,8,0,0,8,8,0.0000
4,12.0000,36,21,803.6159,-85.9432,1.5291,4,0.1000,1.0000,8,8,8,0,0,8,8,0.0000
4,12.0000,36,26,169.8201,-71.7663,-0.2841,31,0.7750,0.0000,4,5,1,0,0,5,1,0.8000
4,12.0000,36,27,928.0483,-88.2113,1.1972,4,0.1000,1.0000,8,8,8,0,0,8,8,0.0000
4,12.0000,36,29,224.0650,-78.1425,1.1294,34,0.8500,0.2000,5,5,1,0,0,5,1,0.8000
4,12.0000,36,31,924.1220,-87.5625,-0.3133,4,0.1000,1.0000,8,8,8,0,0,8,8,0.0000
4,12.0000,36,34,423.3875,-81.5054,0.3800,15,0.3750,1.0000,6,8,8,0,0,8,8,0.0000
4,12.0000,36,35,311.2640,-80.3728,0.2741,29,0.7250,0.4000,5,4,0,0,0,4,0,1.0000
4,12.0000,36,38,800.6558,-86.4504,0.3662,5,0.1250,1.0000,8,8,8,0,0,8,8,0.0000
4,12.0000,36,40,594.4446,-84.7719,-0.4869,13,0.3250,1.0000,8,8,8,0,0,8,8,0.0000
4,12.0000,36,43,768.8492,-85.6891,1.1308,6,0.1500,1.0000,8,8,8,0,0,8,8,0.0000
4,12.0000,36,47,317.6291,-80.5187,0.5647,26,0.6500,0.4000,5,7,4,0,0,7,4,0.4286
4,12.0000,37,0,365.0379,-79.7339,-0.5395,14,0.3500,0.8750,8,7,6,0,0,7,6,0.1429
4,12.0000,37,2,790.3224,-87.6537,-1.3823,4,0.1000,1.0000,8,8,8,0,0,8,8,0.0000
4,12.0000,37,3,575.6697,-84.2364,-2.2824,7,0.1750,1.0000,8,8,6,0,0,8,6,0.2500
4,12.0000,37,4,483.2429,-82.9480,0.7848,13,0.3250,0.5000,6,7,6,0,0,7,6,0.1429
4,12.0000,37,6,215.4745,-76.4245,0.0577,34,0.8500,0.0000,3,4,0,0,0,4,0,1.0000
4,12.0000,37,7,418.7954,-82.1075,-0.1749,12,0.3000,1.0000,8,8,6,0,0,8,6,0.2500
4,12.0000,37,9,350.3709,-81.0091,-0.0582,22,0.5500,0.0000,4,6,3,0,0,6,3,0.5000
4,12.0000,37,11,623.9356,-85.8177,-0.0102,9,0.2250,0.8750,8,8,8,0,0,8,8,0.0000
4,12.0000,37,15,474.5770,-81.6127,-1.4413,12,0.3000,0.8571,7,7,6,0,0,7,6,0.1429
4,12.0000,37,17,659.0893,-85.3491,-0.2164,8,0.2000,0.8750,8,8,8,0,0,8,8,0.0000
4,12.0000,37,18,600.9630,-85.6978,0.6755,11,0.2750,1.0000,6,7,5,0,0,7,5,0.2857
4,12.0000,37,20,751.3448,-88.1003,0.1095,6,0.1500,0.8750,8,8,8,0,0,8,8,0.0000
4,12.0000,37,22,655.6973,-85.0416,0.3046,6,0.1500,0.8750,8,8,8,0,0,8,8,0.0000
4,12.0000,37,23,633.9356,-84.6696,0.3671,7,0.1750,0.8750,8,8,8,0,0,8,8,0.0000
4,12.0000,37,24,749.1147,-86.6997,-1.0838,8,0.2000,0.7143,7,8,8,0,0,8,8,0.0000
4,12.0000,37,25,628.9557,-84.1921,-0.1903,9,0.2250,0.4000,5,8,7,0,0,8,7,0.1250
4,12.0000,37,28,672.6984,-85.2140,-1.6592,6,0.1500,1.0000,8,8,8,0,0,8,8,0.0000
4,12.0000,37,30,623.0714,-85.2641,-0.3962,12,0.3000,0.8750,8,7,6,0,0,7,6,0.1429
4,12.0000,37,31,705.2926,-86.8453,1.7878,5,0.1250,1.0000,8,8,8,0,0,8,8,0.0000
4,12.0000,37,32,463.6738,-81.2448,-0.3398,14,0.3500,0.6667,6,8,8,0,0,8,8,0.0000
4,12.0000,37,33,285.4743,-79.2475,0.2994,25,0.6250,0.7143,7,4,0,0,0,4,0,1.0000
4,12.0000,37,39,309.1431,-76.1113,-1.1279,23,0.5750,0.4000,5,6,3,0,0,6,3,0.5000
4,12.0000,37,41,182.7913,-74.1992,0.4045,32,0.8000,0.2000,5,4,0,0,0,4,0,1.0000
4,12.0000,37,42,717.0566,-85.7404,-1.2025,6,0.1500,0.8571,7,8,8,0,0,8,8,0.0000
4,12.0000,37,44,799.7842,-86.5499,-1.2623,6,0.1500,1.0000,8,8,8,0,0,8,8,0.0000
4,12.0000,37,45,582.8011,-84.0404,-0.9776,12,0.3000,1.0000,8,8,8,0,0,8,8,0.0000
4,12.0000,37,46,392.4657,-81.8980,-0.7261,12,0.3000,0.7143,7,7,6,0,0,7,6,0.1429
4,12.0000,38,0,689.4915,-86.7697,-0.2072,6,0.1500,1.0000,8,8,8,0,0,8,8,0.0000
4,12.0000,38,1,881.8848,-86.7173,-0.9859,9,0.2250,1.0000,6,4,4,0,0,4,4,0.0000
4,12.0000,38,2,863.0250,-86.5021,0.2967,3,0.0750,1.0000,8,8,8,0,0,8,8,0.0000
4,12.0000,38,3,933.9496,-88.1338,0.3435,4,0.1000,1.0000,4,4,4,0,0,4,4,0.0000
4,12.0000,38,5,603.0337,-84.2691,-0.4581,10,0.2500,0.6667,6,8,8,0,0,8,8,0.0000
4,12.0000,38,7,739.4780,-86.4277,-1.4620,3,0.0750,0.8571,7,8,8,0,0,8,8,0.0000
4,12.0000,38,8,924.7515,-87.1475,0.5946,4,0.1000,1.0000,4,2,2,0,0,2,2,0.0000
4,12.0000,38,10,914.8773,-87.2856,-0.4003,7,0.1750,0.8571,7,6,6,0,0,6,6,0.0000
4,12.0000,38,11,502.1861,-84.6911,0.6662,10,0.2500,0.8571,7,8,8,0,0,8,8,0.0000
4,12.0000,38,13,808.3643,-86.1896,-1.1444,7,0.1750,0.8571,7,8,8,0,0,8,8,0.0000
4,12.0000,38,17,433.6107,-82.4161,0.1495,14,0.3500,0.8571,7,8,8,0,0,8,8,0.0000
4,12.0000,38,19,671.5816,-85.3678,-0.0869,8,0.2000,0.7500,8,7,6,0,0,7,6,0.1429
4,12.0000,38,20,447.2109,-84.0337,-0.9440,11,0.2750,0.8571,7,8,8,0,0,8,8,0.0000
4,12.0000,38,21,260.1991,-77.2662,0.0925,33,0.8250,0.4000,5,6,2,0,0,6,2,0.6667
4,12.0000,38,22,527.3063,-85.8407,0.6761,8,0.2000,1.0000,8,8,8,0,0,8,8,0.0000
4,12.0000,38,23,658.0702,-84.9148,-0.0572,9,0.2250,1.0000,8,8,7,0,0,8,7,0.1250
4,12.0000,38,25,567.3902,-84.6657,0.3644,9,0.2250,1.0000,8,8,7,0,0,8,7,0.1250
4,12.0000,38,26,651.7140,-85.1997,0.2068,8,0.2000,0.8750,8,4,4,0,0,4,4,0.0000
4,12.0000,38,27,804.9362,-87.0935,-0.4062,4,0.1000,1.0000,8,8,8,0,0,8,8,0.0000
4,12.0000,38,29,855.2217,-87.1993,-0.5853,6,0.1500,0.8000,5,8,7,0,0,8,7,0.1250
4,12.0000,38,31,579.5182,-83.4371,-0.0312,10,0.2500,1.0000,8,8,8,0,0,8,8,0.0000
4,12.0000,38,32,637.3688,-85.0615,-0.7207,7,0.1750,1.0000,8,8,8,0,0,8,8,0.0000
4,12.0000,38,34,431.0911,-80.4774,-0.7043,21,0.5250,1.0000,8,8,8,0,0,8,8,0.0000
4,12.0000,38,35,1079.0751,-87.3034,-1.2487,4,0.1000,1.0000,4,4,4,0,0,4,4,0.0000
4,12.0000,38,36,800.6558,-86.1442,-0.7731,9,0.2250,1.0000,8,8,8,0,0,8,8,0.0000
4,12.0000,38,37,1029.9348,-87.8505,0.6240,3,0.0750,1.0000,2,2,2,0,0,2,2,0.0000
4,12.0000,38,39,754.4118,-87.6320,0.9216,3,0.0750,0.8750,8,8,8,0,0,8,8,0.0000
4,12.0000,38,40,556.4503,-83.9310,0.1321,16,0.4000,1.0000,8,8,7,0,0,8,7,0.1250
4,12.0000,38,43,456.9548,-81.7028,-0.6659,17,0.4250,0.6667,6,8,8,0,0,8,8,0.0000
4,12.0000,38,45,653.6421,-85.9091,1.3699,5,0.1250,1.0000,8,8,7,0,0,8,7,0.1250
4,12.0000,38,46,658.8059,-85.4679,-1.0265,8,0.2000,1.0000,8,8,8,0,0,8,8,0.0000
4,12.0000,38,47,806.4671,-87.9984,0.4200,7,0.1750,1.0000,8,6,6,0,0,6,6,0.0000
4,12.0000,39,0,126.2381,-74.5382,0.9642,33,0.8250,0.3333,6,5,2,0,0,5,2,0.6000
4,12.0000,39,2,619.7423,-84.1154,-0.6662,11,0.2750,0.8000,5,8,7,0,0,8,7,0.1250
4,12.0000,39,3,518.5048,-82.4428,0.4005,18,0.4500,0.7143,7,8,7,0,0,8,7,0.1250
4,12.0000,39,4,420.9273,-82.4165,0.1305,19,0.4750,0.6667,6,8,6,0,0,8,6,0.2500
4,12.0000,39,6,475.4960,-81.5826,-0.7321,25,0.6250,1.0000,8,7,6,0,0,7,6,0.1429
4,12.0000,39,7,295.0148,-79.3047,0.2873,27,0.6750,0.6667,6,4,0,0,0,4,0,1.0000
4,12.0000,39,9,493.6111,-82.5692,-0.6556,20,0.5000,0.8571,7,7,4,0,0,7,4,0.4286
4,12.0000,39,11,425.2235,-83.0977,1.4093,13,0.3250,0.8750,8,7,6,0,0,7,6,0.1429
4,12.0000,39,15,519.3891,-84.2141,-0.4421,15,0.3750,0.5714,7,7,6,0,0,7,6,0.1429
4,12.0000,39,17,354.8653,-81.0387,0.2861,17,0.4250,0.5000,6,6,3,0,0,6,3,0.5000
4,12.0000,39,18,862.4915,-88.2150,0.0524,4,0.1000,1.0000,2,4,4,0,0,4,4,0.0000
4,12.0000,39,19,800.4194,-87.7219,0.2805,8,0.2000,1.0000,6,7,6,0,0,7,6,0.1429
4,12.0000,39,20,509.0059,-85.1650,0.3366,10,0.2500,0.8571,7,8,7,0,0,8,7,0.1250
4,12.0000,39,21,846.3296,-88.1259,0.3080,5,0.1250,1.0000,6,6,6,0,0,6,6,0.0000
4,12.0000,39,22,366.2562,-81.1510,0.3978,15,0.3750,0.8571,7,5,1,0,0,5,1,0.8000
4,12.0000,39,23,366.5070,-81.9671,0.5437,16,0.4000,0.8750,8,5,2,0,0,5,2,0.6000
4,12.0000,39,25,436.3511,-82.7517,0.8758,18,0.4500,0.7143,7,8,6,0,0,8,6,0.2500
4,12.0000,39,27,740.1663,-86.7236,1.1951,7,0.1750,0.8571,7,8,7,0,0,8,7,0.1250
4,12.0000,39,28,632.1371,-85.9509,-0.4749,11,0.2750,1.0000,6,7,5,0,0,7,5,0.2857
4,12.0000,39,30,772.6870,-86.5273,-0.5451,12,0.3000,0.8571,7,8,8,0,0,8,8,0.0000
4,12.0000,39,31,486.9863,-84.6624,0.6085,12,0.3000,1.0000,8,7,5,0,0,7,5,0.2857
4,12.0000,39,32,155.2480,-75.3201,1.1266,33,0.8250,0.0000,5,3,0,0,0,3,0,1.0000
4,12.0000,39,33,360.9977,-79.1853,-0.1655,27,0.6750,0.5000,6,7,6,0,0,7,6,0.1429
4,12.0000,39,37,309.1431,-77.1789,-0.8482,32,0.8000,0.3333,6,7,5,0,0,7,5,0.2857
4,12.0000,39,38,754.4118,-87.4603,0.5158,4,0.1000,1.0000,4,8,8,0,0,8,8,0.0000
4,12.0000,39,40,986.5030,-88.9555,-0.6778,4,0.1000,1.0000,8,6,6,0,0,6,6,0.0000
4,12.0000,39,41,278.8436,-75.6653,-1.5053,31,0.7750,0.4000,5,7,4,0,0,7,4,0.4286
4,12.0000,39,42,829.6955,-86.8004,-0.5343,10,0.2500,0.8571,7,6,6,0,0,6,6,0.0000
4,12.0000,39,43,755.4521,-87.9174,0.0854,6,0.1500,1.0000,6,8,8,0,0,8,8,0.0000
4,12.0000,39,44,930.5387,-86.9771,-0.7261,7,0.1750,1.0000,6,8,8,0,0,8,8,0.0000
4,12.0000,39,45,341.1914,-80.0792,0.4274,27,0.6750,0.6250,8,6,3,0,0,6,3,0.5000
4,12.0000,39,46,196.8199,-77.3090,1.1620,28,0.7000,0.7500,8,5,1,0,0,5,1,0.8000
4,12.0000,40,1,567.1380,-83.8147,0.1171,15,0.3750,0.8571,7,8,7,0,0,8,7,0.1250
4,12.0000,40,2,683.9673,-85.2279,-1.9154,6,0.1500,1.0000,8,8,8,0,0,8,8,0.0000
4,12.0000,40,5,303.4031,-78.2022,-0.7696,32,0.8000,0.4000,5,6,3,0,0,6,3,0.5000
4,12.0000,40,8,508.3369,-83.7458,0.0159,14,0.3500,0.8889,9,8,5,68,66,76,71,0.0658
4,12.0000,40,10,563.6322,-84.2718,0.6607,13,0.3250,0.6667,6,8,7,0,0,8,7,0.1250
4,12.0000,40,13,591.2709,-85.7995,0.5651,16,0.4000,0.8750,8,7,6,0,0,7,6,0.1429
4,12.0000,40,17,685.2519,-86.1141,-0.6364,6,0.1500,1.0000,8,8,7,0,0,8,7,0.1250
4,12.0000,40,19,470.4357,-82.2243,-0.1915,15,0.3750,0.8571,7,7,6,0,0,7,6,0.1429
4,12.0000,40,20,530.4194,-84.4762,0.4519,9,0.2250,1.0000,8,8,8,0,0,8,8,0.0000
4,12.0000,40,21,405.6802,-80.9895,-0.3610,16,0.4000,0.8507,67,6,4,75,70,81,74,0.0864
4,12.0000,40,22,630.1529,-86.2419,1.2140,7,0.1750,1.0000,14,7,6,0,0,7,6,0.1429
4,12.0000,40,23,694.8602,-85.9761,-0.6047,6,0.1500,0.9620,79,7,6,0,0,7,6,0.1429
4,12.0000,40,25,682.7630,-88.5366,-1.3591,4,0.1000,1.0000,8,8,8,0,0,8,8,0.0000
4,12.0000,40,26,459.7862,-83.6416,0.7479,18,0.4500,0.8571,7,7,4,0,0,7,4,0.4286
4,12.0000,40,27,540.6662,-82.8729,-0.3800,7,0.1750,1.0000,8,7,6,0,0,7,6,0.1429
4,12.0000,40,29,578.2649,-85.7343,0.6466,13,0.3250,0.8571,7,8,8,0,0,8,8,0.0000
4,12.0000,40,31,578.1365,-85.0107,0.2378,6,0.1500,0.9000,10,7,6,0,0,7,6,0.1429
4,12.0000,40,34,275.5000,-77.9898,-0.3342,29,0.7250,0.3333,6,6,3,0,0,6,3,0.5000
4,12.0000,40,35,738.4628,-86.6554,0.9142,12,0.3000,0.8571,7,8,8,0,0,8,8,0.0000
4,12.0000,40,36,594.4446,-85.2844,-0.0639,13,0.3250,0.8571,7,8,7,0,0,8,7,0.1250
4,12.0000,40,38,556.4503,-83.8449,-0.2995,10,0.2500,1.0000,8,8,8,0,0,8,8,0.0000
4,12.0000,40,43,240.1816,-73.8849,-1.8045,31,0.7750,0.2000,5,7,6,0,0,7,6,0.1429
4,12.0000,40,47,415.2091,-83.6085,1.0184,18,0.4500,0.8750,8,7,5,0,0,7,5,0.2857
4,12.0000,41,0,374.5296,-81.3564,-0.2969,19,0.4750,0.5000,6,7,5,0,0,7,5,0.2857
4,12.0000,41,2,708.7505,-86.6424,-0.3833,7,0.1750,0.8750,8,8,7,0,0,8,7,0.1250
4,12.0000,41,3,601.8804,-83.7352,-0.0230,16,0.4000,0.6667,6,8,8,0,0,8,8,0.0000
4,12.0000,41,4,444.3645,-83.1289,-0.2302,16,0.4000,0.6250,8,7,6,0,0,7,6,0.1429
4,12.0000,41,6,306.0970,-79.0073,0.0669,27,0.6750,0.0000,4,6,3,0,0,6,3,0.5000
4,12.0000,41,7,471.5736,-83.0093,0.5679,16,0.4000,1.0000,8,7,5,0,0,7,5,0.2857
4,12.0000,41,9,231.8693,-76.7516,0.4432,34,0.8500,0.7143,7,4,0,0,0,4,0,1.0000
4,12.0000,41,11,661.7415,-85.6686,-1.1116,6,0.1500,1.0000,6,8,8,0,0,8,8,0.0000
4,12.0000,41,14,925.9169,-87.6105,0.0215,5,0.1250,0.6667,3,4,4,0,0,4,4,0.0000
4,12.0000,41,15,535.7669,-82.8460,-0.0985,16,0.4000,0.8000,5,7,6,0,0,7,6,0.1429
4,12.0000,41,17,620.4671,-84.5676,0.7738,7,0.1750,1.0000,8,8,8,0,0,8,8,0.0000
4,12.0000,41,18,641.2630,-86.3973,0.6075,17,0.4250,0.8750,8,8,7,0,0,8,7,0.1250
4,12.0000,41,20,744.1692,-85.8745,-1.4544,6,0.1500,1.0000,10,7,6,0,0,7,6,0.1429
4,12.0000,41,22,594.9734,-84.5083,-0.3177,8,0.2000,0.8333,6,8,8,0,0,8,8,0.0000
4,12.0000,41,23,540.8009,-85.0148,0.9635,8,0.2000,1.0000,8,8,6,0,0,8,6,0.2500
4,12.0000,41,24,784.0060,-86.0587,-0.3426,12,0.3000,1.0000,8,6,6,0,0,6,6,0.0000
4,12.0000,41,25,646.7379,-84.2827,-0.3047,5,0.1250,0.8750,8,8,7,0,0,8,7,0.1250
4,12.0000,41,27,871.3901,-87.3198,-0.6202,4,0.1000,1.0000,6,8,8,0,0,8,8,0.0000
4,12.0000,41,28,698.8556,-86.1264,0.2516,11,0.2750,0.7143,7,8,7,0,0,8,7,0.1250
4,12.0000,41,30,629.4539,-84.5867,-0.1522,19,0.4750,0.8571,7,7,6,0,0,7,6,0.1429
4,12.0000,41,31,684.6088,-86.2665,-0.4936,6,0.1500,0.8750,8,8,8,0,0,8,8,0.0000
4,12.0000,41,32,409.9038,-81.0192,-0.4468,17,0.4250,0.8571,7,8,8,0,0,8,8,0.0000
4,12.0000,41,33,128.6428,-73.1589,0.8944,38,0.9500,0.0000,4,3,0,0,0,3,0,1.0000
4,12.0000,41,37,182.7913,-74.9484,-0.3196,35,0.8750,0.1667,6,4,0,0,0,4,0,1.0000
4,12.0000,41,39,278.8436,-75.9608,-1.6957,30,0.7500,0.2000,5,6,4,0,0,6,4,0.3333
4,12.0000,41,42,703.8153,-86.1532,-0.4779,15,0.3750,1.0000,8,8,8,0,0,8,8,0.0000
4,12.0000,41,44,842.9407,-87.3983,0.1974,7,0.1750,1.0000,6,8,8,0,0,8,8,0.0000
4,12.0000,41,45,546.6712,-84.5676,-0.7519,15,0.3750,1.0000,8,6,4,0,0,6,4,0.3333
4,12.0000,41,46,435.5180,-83.1326,-0.3839,13,0.3250,0.8750,8,8,7,0,0,8,7,0.1250
4,12.0000,42,0,821.6437,-88.5177,0.3572,3,0.0750,1.0000,8,8,7,0,0,8,7,0.1250
4,12.0000,42,3,543.4614,-85.0094,0.1121,10,0.2500,0.5000,6,8,8,0,0,8,8,0.0000
4,12.0000,42,4,475.9292,-82.3281,-2.0169,16,0.4000,0.5714,7,7,6,0,0,7,6,0.1429
4,12.0000,42,6,857.1444,-86.7448,-1.1001,3,0.0750,1.0000,8,2,2,0,0,2,2,0.0000
4,12.0000,42,7,744.2571,-86.1524,-0.2731,6,0.1500,1.0000,8,8,8,0,0,8,8,0.0000
4,12.0000,42,9,775.3744,-85.7638,-0.6534,3,0.0750,1.0000,8,8,8,0,0,8,8,0.0000
4,12.0000,42,14,499.9677,-84.9568,-0.0308,16,0.4000,0.8750,8,8,8,0,0,8,8,0.0000
4,12.0000,42,15,466.5457,-83.0478,0.3788,12,0.3000,0.5714,7,8,8,0,0,8,8,0.0000
4,12.0000,42,18,477.3177,-83.2406,-0.1033,24,0.6000,0.8571,7,7,5,0,0,7,5,0.2857
4,12.0000,42,24,280.2762,-79.4445,-0.3304,26,0.6500,0.5714,7,4,0,0,0,4,0,1.0000
4,12.0000,42,28,513.4890,-83.6990,-0.7963,14,0.3500,0.8571,7,8,8,0,0,8,8,0.0000
4,12.0000,42,30,125.3807,-70.5614,0.0688,32,0.8000,0.0000,4,6,3,0,0,6,3,0.5000
4,12.0000,42,33,623.9683,-85.2031,-0.9783,9,0.2250,0.6667,6,8,8,0,0,8,8,0.0000
4,12.0000,42,37,717.0566,-84.8929,-0.3900,7,0.1750,1.0000,8,8,8,0,0,8,8,0.0000
4,12.0000,42,39,829.6955,-87.0257,-1.3129,5,0.1250,0.8571,7,8,8,0,0,8,8,0.0000
4,12.0000,42,41,703.8153,-86.6348,-0.7678,6,0.1500,1.0000,8,8,8,0,0,8,8,0.0000
4,12.0000,42,44,267.6439,-78.5408,-0.5823,32,0.8000,0.2000,5,4,0,0,0,4,0,1.0000
4,12.0000,42,45,800.0778,-86.4673,-1.0599,5,0.1250,0.7500,8,6,6,0,0,6,6,0.0000
4,12.0000,43,0,765.7368,-87.7927,0.9298,4,0.1000,1.0000,8,4,3,0,0,4,3,0.2500
4,12.0000,43,1,771.8705,-86.5766,-0.2774,10,0.2500,0.7143,7,8,7,0,0,8,7,0.1250
4,12.0000,43,2,522.6698,-84.2130,-0.0329,11,0.2750,0.8571,7,8,8,0,0,8,8,0.0000
4,12.0000,43,5,497.0355,-81.1141,-0.7022,18,0.4500,0.8571,7,7,6,0,0,7,6,0.1429
4,12.0000,43,7,903.3188,-88.2393,-0.0156,3,0.0750,0.8750,8,8,8,0,0,8,8,0.0000
4,12.0000,43,8,513.2511,-83.5839,-0.5016,15,0.3750,1.0000,8,8,6,0,0,8,6,0.2500
4,12.0000,43,10,678.0700,-87.0061,-0.3037,6,0.1500,1.0000,8,8,8,0,0,8,8,0.0000
4,12.0000,43,11,547.2619,-84.7462,3.4086,7,0.1750,1.0000,8,8,8,0,0,8,8,0.0000
4,12.0000,43,13,771.7957,-86.8029,0.6225,10,0.2500,1.0000,6,8,8,0,0,8,8,0.0000
4,12.0000,43,16,966.6391,-86.7850,0.5999,3,0.0750,,0,8,8,0,0,8,8,0.0000
4,12.0000,43,17,457.3625,-83.5874,-2.4521,8,0.2000,1.0000,8,6,4,0,0,6,4,0.3333
4,12.0000,43,19,428.4882,-82.4203,1.1936,12,0.3000,0.8571,7,8,8,0,0,8,8,0.0000
4,12.0000,43,20,349.9405,-82.1909,0.8276,13,0.3250,0.5000,6,7,6,0,0,7,6,0.1429
4,12.0000,43,21,332.1624,-78.9284,0.2686,31,0.7750,0.0000,4,5,2,0,0,5,2,0.6000
4,12.0000,43,22,393.6900,-83.2014,1.2434,10,0.2500,0.2000,5,8,7,0,0,8,7,0.1250
4,12.0000,43,23,460.5406,-84.6526,0.8205,8,0.2000,0.6667,6,8,7,0,0,8,7,0.1250
4,12.0000,43,25,507.0912,-84.8008,1.7429,8,0.2000,0.8571,7,8,8,0,0,8,8,0.0000
4,12.0000,43,26,630.1880,-84.1371,0.3877,14,0.3500,1.0000,8,6,6,0,0,6,6,0.0000
4,12.0000,43,27,435.5781,-83.4814,0.2727,15,0.3750,1.0000,8,5,2,0,0,5,2,0.6000
4,12.0000,43,29,734.0463,-86.5184,-0.4909,10,0.2500,1.0000,8,8,7,0,0,8,7,0.1250
4,12.0000,43,31,394.8557,-82.8812,-0.0711,11,0.2750,0.6667,9,5,2,0,0,5,2,0.6000
4,12.0000,43,32,635.5791,-88.0908,-0.3513,5,0.1250,1.0000,8,7,6,0,0,7,6,0.1429
4,12.0000,43,34,395.3645,-78.6651,-1.0987,25,0.6250,0.7143,7,7,6,0,0,7,6,0.1429
4,12.0000,43,35,947.9784,-87.6999,-0.6270,5,0.1250,1.0000,6,6,6,0,0,6,6,0.0000
4,12.0000,43,36,768.8492,-86.3535,-0.7705,9,0.2250,0.8750,8,8,8,0,0,8,8,0.0000
4,12.0000,43,37,1035.7641,-89.2554,-0.3497,3,0.0750,1.0000,6,2,2,0,0,2,2,0.0000
4,12.0000,43,38,456.9548,-82.0579,0.2101,14,0.3500,0.6667,6,6,4,0,0,6,4,0.3333
4,12.0000,43,39,755.4521,-87.8782,1.4451,4,0.1000,1.0000,8,8,8,0,0,8,8,0.0000
4,12.0000,43,40,240.1816,-74.1591,-1.6717,35,0.8750,0.2000,5,6,4,0,0,6,4,0.3333
4,12.0000,43,45,781.0647,-87.4962,-2.2807,3,0.0750,1.0000,6,8,8,0,0,8,8,0.0000
4,12.0000,43,46,775.2030,-86.7606,1.2024,3,0.0750,1.0000,8,6,6,0,0,6,6,0.0000
4,12.0000,43,47,596.5803,-85.7199,0.4612,12,0.3000,0.8571,7,6,4,0,0,6,4,0.3333
4,12.0000,44,0,893.9263,-87.6519,-1.0269,4,0.1000,1.0000,8,6,6,0,0,6,6,0.0000
4,12.0000,44,3,551.6952,-83.5970,0.1836,9,0.2250,1.0000,8,7,5,0,0,7,5,0.2857
4,12.0000,44,4,592.5016,-82.9530,-0.5851,12,0.3000,0.8750,8,8,8,0,0,8,8,0.0000
4,12.0000,44,7,770.7639,-86.3701,-1.7977,3,0.0750,1.0000,8,8,8,0,0,8,8,0.0000
4,12.0000,44,9,945.9568,-86.2905,-1.1713,3,0.0750,1.0000,8,6,6,0,0,6,6,0.0000
4,12.0000,44,14,342.4638,-81.0228,0.0467,28,0.7000,0.4286,7,5,1,0,0,5,1,0.8000
4,12.0000,44,15,452.7153,-82.9410,1.1322,14,0.3500,0.8750,8,7,6,0,0,7,6,0.1429
4,12.0000,44,18,541.2074,-83.4866,-0.3014,17,0.4250,0.7143,7,7,4,0,0,7,4,0.4286
4,12.0000,44,24,161.6313,-74.3591,0.7455,37,0.9250,0.0000,4,5,1,0,0,5,1,0.8000
4,12.0000,44,28,493.2386,-82.2688,-1.2591,20,0.5000,0.7143,7,6,3,0,0,6,3,0.5000
4,12.0000,44,30,270.3472,-78.7317,0.1207,29,0.7250,0.2000,5,5,1,0,0,5,1,0.8000
4,12.0000,44,33,796.0045,-88.5114,-0.0923,3,0.0750,1.0000,8,8,8,0,0,8,8,0.0000
4,12.0000,44,37,799.7842,-87.3858,-0.7707,3,0.0750,1.0000,8,8,8,0,0,8,8,0.0000
4,12.0000,44,41,842.9407,-87.3166,0.0251,4,0.1000,1.0000,8,8,8,0,0,8,8,0.0000
4,12.0000,44,42,267.6439,-78.2224,0.1750,31,0.7750,0.5714,7,7,2,0,0,7,2,0.7143
4,12.0000,44,45,883.8317,-86.1373,-0.7030,4,0.1000,1.0000,8,8,8,0,0,8,8,0.0000
4,12.0000,45,0,264.8499,-77.2741,-0.0498,21,0.5250,0.2000,5,8,5,0,0,8,5,0.3750
4,12.0000,45,2,840.8238,-87.0729,-4.0302,3,0.0750,1.0000,6,10,10,0,0,10,10,0.0000
4,12.0000,45,3,359.0468,-79.1584,-0.7174,27,0.6750,0.5000,6,6,4,0,0,6,4,0.3333
4,12.0000,45,4,326.7450,-80.0873,0.2536,19,0.4750,0.5000,6,4,2,0,0,4,2,0.5000
4,12.0000,45,6,785.5509,-86.3535,0.0587,5,0.1250,0.8571,7,6,6,0,0,6,6,0.0000
4,12.0000,45,7,273.6464,-77.9614,-0.4534,29,0.7250,0.2000,5,7,6,0,0,7,6,0.1429
4,12.0000,45,9,760.4465,-86.1860,1.0912,6,0.1500,1.0000,8,8,7,0,0,8,7,0.1250
4,12.0000,45,11,576.8218,-85.7433,-0.6326,8,0.2000,0.7143,7,7,6,0,0,7,6,0.1429
4,12.0000,45,14,757.7603,-86.4928,-0.8458,9,0.2250,1.0000,8,6,6,0,0,6,6,0.0000
4,12.0000,45,15,478.3915,-81.6150,0.3130,12,0.3000,0.7500,8,8,7,0,0,8,7,0.1250
4,12.0000,45,17,337.4210,-80.9981,1.0130,16,0.4000,0.6667,6,6,4,0,0,6,4,0.3333
4,12.0000,45,18,1006.4246,-87.1856,1.5706,3,0.0750,1.0000,4,4,4,0,0,4,4,0.0000
4,12.0000,45,20,630.4286,-84.7574,0.5789,5,0.1250,1.0000,8,8,8,0,0,8,8,0.0000
4,12.0000,45,21,738.5927,-86.0045,-0.5153,9,0.2250,1.0000,6,8,8,0,0,8,8,0.0000
4,12.0000,45,22,457.8686,-85.0776,1.1174,6,0.1500,1.0000,8,8,6,0,0,8,6,0.2500
4,12.0000,45,23,499.7744,-83.3966,0.2042,10,0.2500,1.0000,8,6,4,0,0,6,4,0.3333
4,12.0000,45,24,742.8915,-85.4150,-1.1623,12,0.3000,1.0000,8,2,2,0,0,2,2,0.0000
4,12.0000,45,25,632.4057,-85.4655,0.9520,6,0.1500,1.0000,8,8,7,0,0,8,7,0.1250
4,12.0000,45,28,451.9638,-82.4182,-0.4296,21,0.5250,1.0000,8,7,5,0,0,7,5,0.2857
4,12.0000,45,30,788.1811,-86.0998,-0.5472,9,0.2250,0.7143,7,6,6,0,0,6,6,0.0000
4,12.0000,45,31,670.2239,-85.7625,1.5044,5,0.1250,1.0000,8,8,8,0,0,8,8,0.0000
4,12.0000,45,32,264.1700,-76.9112,-0.7577,24,0.6000,0.6250,8,7,5,0,0,7,5,0.2857
4,12.0000,45,33,564.0997,-82.9159,-0.7996,14,0.3500,0.8571,7,6,4,0,0,6,4,0.3333
4,12.0000,45,37,582.8011,-83.7761,-0.9855,10,0.2500,0.8571,7,8,8,0,0,8,8,0.0000
4,12.0000,45,38,653.6421,-87.9523,0.4173,4,0.1000,0.5000,4,8,8,0,0,8,8,0.0000
4,12.0000,45,39,341.1914,-80.6777,1.5057,16,0.4000,0.5000,6,6,4,0,0,6,4,0.3333
4,12.0000,45,41,546.6712,-84.5559,0.2146,11,0.2750,1.0000,8,7,5,0,0,7,5,0.2857
4,12.0000,45,42,800.0778,-86.7859,0.1455,9,0.2250,0.8750,8,8,8,0,0,8,8,0.0000
4,12.0000,45,44,883.8317,-87.5031,-0.6358,4,0.1000,0.8750,8,8,8,0,0,8,8,0.0000
4,12.0000,45,46,301.0422,-80.4501,-0.0901,18,0.4500,0.8571,7,6,3,0,0,6,3,0.5000
4,12.0000,46,0,86.3465,-68.3700,0.8552,35,0.8750,0.0000,3,4,0,0,0,4,0,1.0000
4,12.0000,46,2,747.0474,-87.1534,-1.6633,5,0.1250,1.0000,8,8,8,0,0,8,8,0.0000
4,12.0000,46,3,441.0498,-82.8731,0.3102,18,0.4500,0.7143,7,7,6,0,0,7,6,0.1429
4,12.0000,46,4,439.3538,-84.2803,0.5428,15,0.3750,0.7143,7,7,6,0,0,7,6,0.1429
4,12.0000,46,5,1133.5350,-87.5804,-2.0385,3,0.0750,1.0000,2,4,4,0,0,4,4,0.0000
4,12.0000,46,6,571.5611,-85.1362,-0.8546,11,0.2750,0.8571,7,8,7,0,0,8,7,0.1250
4,12.0000,46,7,157.3076,-73.6692,-0.3302,36,0.9000,0.3333,6,5,1,0,0,5,1,0.8000
4,12.0000,46,8,1062.3972,-88.5950,-1.4345,3,0.0750,1.0000,6,6,6,0,0,6,6,0.0000
4,12.0000,46,9,662.6442,-86.3864,0.6767,7,0.1750,0.8571,7,7,6,0,0,7,6,0.1429
4,12.0000,46,11,368.9870,-78.9617,-0.8281,19,0.4750,0.7143,7,7,5,0,0,7,5,0.2857
4,12.0000,46,14,828.1877,-86.6079,0.2751,9,0.2250,1.0000,2,6,6,0,0,6,6,0.0000
4,12.0000,46,15,459.8868,-82.7151,-0.2579,15,0.3750,1.0000,8,7,6,0,0,7,6,0.1429
4,12.0000,46,17,345.9142,-79.2500,-0.6280,22,0.5500,0.8571,7,7,6,0,0,7,6,0.1429
4,12.0000,46,19,818.8736,-86.6457,0.2485,4,0.1000,0.7143,7,8,8,0,0,8,8,0.0000
4,12.0000,46,20,503.1539,-82.1271,0.3964,9,0.2250,0.8750,8,7,6,0,0,7,6,0.1429
4,12.0000,46,21,803.5254,-85.9423,-1.3952,7,0.1750,0.8750,8,8,8,0,0,8,8,0.0000
4,12.0000,46,22,426.3859,-82.0766,1.7034,10,0.2500,0.5714,7,8,7,0,0,8,7,0.1250
4,12.0000,46,23,483.3546,-83.7433,-1.8557,8,0.2000,0.7143,7,8,7,0,0,8,7,0.1250
4,12.0000,46,24,794.8497,-86.3690,0.4272,9,0.2250,1.0000,4,4,4,0,0,4,4,0.0000
4,12.0000,46,25,434.8339,-80.5858,-0.0063,16,0.4000,0.8571,7,7,6,0,0,7,6,0.1429
4,12.0000,46,27,827.7905,-85.2665,-0.6501,5,0.1250,0.8889,9,6,6,0,0,6,6,0.0000
4,12.0000,46,28,554.1989,-85.3976,0.5054,14,0.3500,0.6667,6,8,8,0,0,8,8,0.0000
4,12.0000,46,30,804.0422,-87.3893,0.2846,6,0.1500,1.0000,6,8,8,0,0,8,8,0.0000
4,12.0000,46,31,528.3763,-84.0095,-1.6181,9,0.2250,1.0000,8,8,8,0,0,8,8,0.0000
4,12.0000,46,32,234.3098,-76.4109,0.4804,31,0.7750,0.5000,6,5,1,0,0,5,1,0.8000
4,12.0000,46,33,517.0695,-84.0949,-0.1507,13,0.3250,0.7143,7,6,4,0,0,6,4,0.3333
4,12.0000,46,37,392.4657,-81.4722,0.1625,20,0.5000,0.5714,7,7,6,0,0,7,6,0.1429
4,12.0000,46,38,658.8059,-85.0559,0.7010,9,0.2250,1.0000,8,8,8,0,0,8,8,0.0000
4,12.0000,46,39,196.8199,-77.5090,0.6886,26,0.6500,0.0000,4,4,0,0,0,4,0,1.0000
4,12.0000,46,41,435.5180,-82.2829,-0.1298,18,0.4500,0.5714,7,8,7,0,0,8,7,0.1250
4,12.0000,46,42,859.9062,-87.5792,-1.0542,4,0.1000,1.0000,8,6,5,0,0,6,5,0.1667
4,12.0000,46,43,775.2030,-86.3645,0.5309,4,0.1000,1.0000,8,8,7,0,0,8,7,0.1250
4,12.0000,46,44,907.5679,-87.9002,-0.3903,5,0.1250,1.0000,8,6,6,0,0,6,6,0.0000
4,12.0000,46,45,301.0422,-80.0116,1.0064,24,0.6000,0.5000,6,4,0,0,0,4,0,1.0000
4,12.0000,47,1,250.5451,-77.0266,0.4279,35,0.8750,0.2000,5,4,0,0,0,4,0,1.0000
4,12.0000,47,2,865.7644,-88.3932,0.9248,3,0.0750,1.0000,6,8,8,0,0,8,8,0.0000
4,12.0000,47,5,281.7425,-80.1151,0.8346,25,0.6250,0.7143,7,6,4,0,0,6,4,0.3333
4,12.0000,47,8,551.3276,-84.1166,-0.4595,15,0.3750,1.0000,8,7,6,0,0,7,6,0.1429
4,12.0000,47,10,246.3722,-75.5564,-0.7173,32,0.8000,0.5000,6,5,1,0,0,5,1,0.8000
4,12.0000,47,12,654.7371,-85.4339,-0.0528,18,0.4500,0.7500,8,8,6,0,0,8,6,0.2500
4,12.0000,47,13,318.2153,-80.0531,0.1526,32,0.8000,0.0000,4,7,3,0,0,7,3,0.5714
4,12.0000,47,16,519.2620,-83.5072,0.4231,23,0.5750,0.8750,8,7,5,0,0,7,5,0.2857
4,12.0000,47,19,475.4345,-82.2973,-0.8313,13,0.3250,1.0000,8,8,8,0,0,8,8,0.0000
4,12.0000,47,20,722.4002,-86.7831,0.3030,6,0.1500,1.0000,8,7,6,0,0,7,6,0.1429
4,12.0000,47,21,754.4224,-87.4508,1.8711,3,0.0750,1.0000,8,7,6,0,0,7,6,0.1429
4,12.0000,47,25,824.7951,-88.2214,-0.8711,3,0.0750,0.8571,7,8,8,0,0,8,8,0.0000
4,12.0000,47,26,316.0304,-79.7677,-0.8973,31,0.7750,0.5000,6,6,3,0,0,6,3,0.5000
4,12.0000,47,27,668.0543,-86.8949,-0.3472,5,0.1250,1.0000,8,8,8,0,0,8,8,0.0000
4,12.0000,47,29,200.0016,-75.6475,0.1726,38,0.9500,0.3333,6,4,0,0,0,4,0,1.0000
4,12.0000,47,31,753.8341,-86.6875,0.8406,4,0.1000,1.0000,8,8,8,0,0,8,8,0.0000
4,12.0000,47,34,407.4934,-82.1416,0.7538,14,0.3500,0.6667,6,6,3,0,0,6,3,0.5000
4,12.0000,47,35,375.0786,-81.1409,0.4666,34,0.8500,0.4000,5,5,2,0,0,5,2,0.6000
4,12.0000,47,36,317.6291,-81.3173,0.7876,32,0.8000,0.5714,7,7,5,0,0,7,5,0.2857
4,12.0000,47,38,806.4671,-87.1624,0.7917,9,0.2250,1.0000,6,8,8,0,0,8,8,0.0000
4,12.0000,47,40,415.2091,-82.0082,1.6762,18,0.4500,0.6667,6,8,5,0,0,8,5,0.3750
4,12.0000,47,43,596.5803,-85.6365,0.3796,6,0.1500,0.8750,8,8,8,0,0,8,8,0.0000
4,16.0000,0,2,761.6298,-86.0615,-1.5440,7,0.1750,0.8571,7,6,6,0,0,6,6,0.0000
4,16.0000,0,3,555.3502,-83.4578,-1.4742,11,0.2750,0.7143,7,4,2,0,0,4,2,0.5000
4,16.0000,0,4,364.8547,-81.4296,0.3640,20,0.5000,0.5714,7,8,7,0,0,8,7,0.1250
4,16.0000,0,6,494.6697,-84.4004,-0.2242,18,0.4500,0.8571,7,6,3,0,0,6,3,0.5000
4,16.0000,0,7,222.1661,-75.9297,-0.6949,31,0.7750,0.0000,4,6,3,0,0,6,3,0.5000
4,16.0000,0,9,450.0664,-83.7679,0.3600,13,0.3250,0.7143,7,6,2,0,0,6,2,0.6667
4,16.0000,0,11,451.5264,-83.0140,-0.3215,10,0.2500,0.3333,6,8,8,0,0,8,8,0.0000
4,16.0000,0,15,544.3087,-83.1827,-0.8406,17,0.4250,0.8571,7,6,6,0,0,6,6,0.0000
4,16.0000,0,17,377.6688,-81.1017,-0.6536,20,0.5000,0.4000,5,6,3,0,0,6,3,0.5000
4,16.0000,0,18,718.3213,-86.7863,-0.0970,9,0.2250,1.0000,4,7,6,0,0,7,6,0.1429
4,16.0000,0,19,804.9311,-87.2838,-0.8180,3,0.0750,0.8571,7,8,8,0,0,8,8,0.0000
4,16.0000,0,20,581.3917,-83.7655,-1.1822,10,0.2500,1.0000,8,8,7,0,0,8,7,0.1250
4,16.0000,0,22,384.4516,-81.8855,-0.0621,12,0.3000,0.7143,7,8,8,0,0,8,8,0.0000
4,16.0000,0,23,390.7807,-82.0316,-0.2256,18,0.4500,0.8571,7,5,2,0,0,5,2,0.6000
4,16.0000,0,24,833.8738,-87.2457,-0.2798,6,0.1500,1.0000,4,8,8,0,0,8,8,0.0000
4,16.0000,0,25,533.2286,-83.0413,-1.5175,9,0.2250,0.8571,7,8,8,0,0,8,8,0.0000
4,16.0000,0,27,864.1490,-87.9640,-0.7946,5,0.1250,1.0000,8,4,4,0,0,4,4,0.0000
4,16.0000,0,28,504.8351,-84.7453,-0.4282,14,0.3500,1.0000,8,7,6,0,0,7,6,0.1429
4,16.0000,0,31,523.7260,-83.8328,-0.2962,11,0.2750,1.0000,8,6,4,0,0,6,4,0.3333
4,16.0000,0,32,251.4898,-75.5976,-0.9863,34,0.8500,0.4286,7,8,5,0,0,8,5,0.3750
4,16.0000,0,33,422.2755,-81.2870,-0.3520,23,0.5750,0.8571,7,7,4,0,0,7,4,0.4286
4,16.0000,0,37,382.7816,-80.7081,-0.0717,24,0.6000,0.6667,6,8,7,0,0,8,7,0.1250
4,16.0000,0,38,701.5708,-86.5977,2.7317,4,0.1000,1.0000,4,8,8,0,0,8,8,0.0000
4,16.0000,0,39,127.4597,-69.8175,0.1294,34,0.8500,0.1538,13,6,2,0,0,6,2,0.6667
4,16.0000,0,40,1068.7434,-88.8000,0.1964,3,0.0750,1.0000,4,4,4,0,0,4,4,0.0000
4,16.0000,0,41,332.6999,-80.9314,0.1211,20,0.5000,0.6667,6,6,3,0,0,6,3,0.5000
4,16.0000,0,42,854.5998,-86.8330,-0.6268,6,0.1500,0.7143,7,6,6,0,0,6,6,0.0000
4,16.0000,0,43,721.3455,-86.6042,-3.1816,5,0.1250,1.0000,8,7,6,0,0,7,6,0.1429
4,16.0000,0,45,345.3585,-78.4338,-0.6783,25,0.6250,0.5000,6,8,7,0,0,8,7,0.1250
4,16.0000,0,46,130.9273,-68.9011,-1.0880,38,0.9500,0.2000,5,4,0,0,0,4,0,1.0000
4,16.0000,1,5,302.7589,-78.7145,0.6309,30,0.7500,0.4286,7,5,1,0,0,5,1,0.8000
4,16.0000,1,8,878.6828,-87.0486,-0.3708,5,0.1250,1.0000,8,6,6,0,0,6,6,0.0000
4,16.0000,1,10,537.8526,-82.9537,-0.0920,17,0.4250,1.0000,8,8,7,0,0,8,7,0.1250
4,16.0000,1,12,668.6489,-86.0034,-0.0612,12,0.3000,1.0000,6,7,6,0,0,7,6,0.1429
4,16.0000,1,13,198.9527,-73.9106,-1.0013,35,0.8750,0.0000,4,6,3,0,0,6,3,0.5000
4,16.0000,1,16,596.7326,-85.4166,0.4808,13,0.3250,0.7143,7,8,8,0,0,8,8,0.0000
4,16.0000,1,19,815.1873,-85.2249,-2.3920,3,0.0750,1.0000,8,8,8,0,0,8,8,0.0000
4,16.0000,1,21,845.6229,-86.4902,0.3337,4,0.1000,1.0000,8,8,8,0,0,8,8,0.0000
4,16.0000,1,26,402.5967,-79.6727,-0.9165,26,0.6500,0.4286,7,7,4,0,0,7,4,0.4286
4,16.0000,1,27,916.6198,-88.8968,-0.2563,3,0.0750,1.0000,6,4,4,0,0,4,4,0.0000
4,16.0000,1,29,304.1142,-77.1339,-1.0901,27,0.6750,0.4000,5,6,4,0,0,6,4,0.3333
4,16.0000,1,34,450.0535,-81.8880,0.0971,14,0.3500,0.5000,6,7,4,48,39,55,43,0.2182
4,16.0000,1,35,199.4569,-76.1580,0.1871,38,0.9500,0.0000,4,4,0,0,0,4,0,1.0000
4,16.0000,1,36,148.3234,-72.4027,-0.0441,33,0.8250,0.0000,4,4,0,0,0,4,0,1.0000
4,16.0000,1,40,578.6023,-84.2754,0.8715,12,0.3000,1.0000,8,7,5,0,0,7,5,0.2857
4,16.0000,1,43,898.4485,-87.3125,-1.4657,3,0.0750,1.0000,8,8,8,0,0,8,8,0.0000
4,16.0000,1,47,342.5256,-79.4690,-1.4207,24,0.6000,0.7143,7,7,6,0,0,7,6,0.1429
4,16.0000,2,0,761.6298,-86.7121,-0.2204,10,0.2500,1.0000,8,8,7,0,0,8,7,0.1250
4,16.0000,2,4,1050.7485,-89.4748,0.1684,3,0.0750,1.0000,6,6,6,0,0,6,6,0.0000
4,16.0000,2,6,888.0841,-88.0524,-0.4660,8,0.2000,1.0000,8,2,2,0,0,2,2,0.0000
4,16.0000,2,7,982.9561,-88.8652,-0.0353,7,0.1750,1.0000,6,8,8,0,0,8,8,0.0000
4,16.0000,2,8,398.3557,-82.6884,0.3256,22,0.5500,0.7143,7,7,5,0,0,7,5,0.2857
4,16.0000,2,9,685.6810,-87.1332,-0.0865,13,0.3250,1.0000,8,6,6,0,0,6,6,0.0000
4,16.0000,2,10,706.1197,-86.6561,0.0670,8,0.2000,0.7500,8,2,2,0,0,2,2,0.0000
4,16.0000,2,11,619.9953,-85.0179,-0.4988,12,0.3000,0.7143,7,8,8,0,0,8,8,0.0000
4,16.0000,2,12,1012.1010,-88.6301,-2.5845,3,0.0750,,0,4,4,0,0,4,4,0.0000
4,16.0000,2,16,840.8573,-87.9835,-0.0020,7,0.1750,1.0000,4,7,6,0,0,7,6,0.1429
4,16.0000,2,17,635.7491,-86.2604,-0.3535,9,0.2250,0.8750,8,8,8,0,0,8,8,0.0000
4,16.0000,2,19,432.4998,-82.7424,0.8314,16,0.4000,1.0000,8,8,7,0,0,8,7,0.1250
4,16.0000,2,20,604.4537,-83.7606,-0.9862,15,0.3750,0.8750,8,8,8,0,0,8,8,0.0000
4,16.0000,2,21,956.0860,-87.9406,-0.0857,8,0.2000,1.0000,8,6,6,0,0,6,6,0.0000
4,16.0000,2,22,621.1993,-82.4750,-1.3530,14,0.3500,0.8571,7,8,8,0,0,8,8,0.0000
4,16.0000,2,23,462.4422,-81.8852,-1.2542,21,0.5250,0.5000,6,6,4,0,0,6,4,0.3333
4,16.0000,2,25,548.7274,-84.3319,-0.2397,14,0.3500,0.8571,7,8,8,0,0,8,8,0.0000
4,16.0000,2,26,1148.8368,-88.5401,-0.3017,4,0.1000,,0,4,4,0,0,4,4,0.0000
4,16.0000,2,27,250.2290,-76.0646,-0.2589,29,0.7250,0.4000,5,6,3,0,0,6,3,0.5000
4,16.0000,2,29,957.8414,-88.6366,0.1953,7,0.1750,1.0000,4,2,2,0,0,2,2,0.0000
4,16.0000,2,31,384.9149,-79.9096,-1.0216,20,0.5000,0.6000,5,9,8,0,0,9,8,0.1111
4,16.0000,2,32,575.5321,-83.8362,0.5089,15,0.3750,1.0000,8,8,8,0,0,8,8,0.0000
4,16.0000,2,33,799.9366,-86.5164,-0.3410,11,0.2750,1.0000,8,6,6,0,0,6,6,0.0000
4,16.0000,2,34,950.5852,-87.8830,1.6755,6,0.1500,1.0000,6,2,2,0,0,2,2,0.0000
4,16.0000,2,37,862.7318,-87.6601,0.1336,9,0.2250,1.0000,4,8,7,0,0,8,7,0.1250
4,16.0000,2,38,957.6203,-88.7936,-0.2633,5,0.1250,1.0000,4,5,4,0,0,5,4,0.2000
4,16.0000,2,39,662.9338,-85.7828,0.1859,11,0.2750,1.0000,8,8,8,0,0,8,8,0.0000
4,16.0000,2,40,718.5149,-86.7446,-0.1275,10,0.2500,1.0000,8,8,8,0,0,8,8,0.0000
4,16.0000,2,41,809.0755,-86.6362,-0.2634,10,0.2500,1.0000,8,8,8,0,0,8,8,0.0000
4,16.0000,2,43,511.1940,-83.9787,0.9877,13,0.3250,0.8571,7,8,8,0,0,8,8,0.0000
4,16.0000,2,45,883.0092,-87.1560,-0.2334,7,0.1750,1.0000,8,8,8,0,0,8,8,0.0000
4,16.0000,2,46,880.9306,-87.3015,-0.5008,9,0.2250,1.0000,8,8,8,0,0,8,8,0.0000
4,16.0000,2,47,842.1388,-88.1051,0.0198,7,0.1750,1.0000,8,8,8,0,0,8,8,0.0000
4,16.0000,3,0,555.3502,-85.1426,-1.6887,10,0.2500,0.8750,8,7,6,0,0,7,6,0.1429
4,16.0000,3,4,290.0313,-77.4917,-0.8540,29,0.7250,0.2000,5,5,2,0,0,5,2,0.6000
4,16.0000,3,6,857.1371,-87.5605,1.2241,5,0.1250,1.0000,6,6,6,0,0,6,6,0.0000
4,16.0000,3,7,365.1201,-79.9276,-0.9987,21,0.5250,0.6667,6,7,6,0,0,7,6,0.1429
4,16.0000,3,9,876.4260,-88.8371,-0.6328,3,0.0750,1.0000,8,6,6,0,0,6,6,0.0000
4,16.0000,3,11,906.2365,-87.8546,-1.8424,3,0.0750,1.0000,8,8,8,0,0,8,8,0.0000
4,16.0000,3,14,401.1667,-81.8749,0.3033,26,0.6500,0.6667,6,6,2,0,0,6,2,0.6667
4,16.0000,3,15,207.4979,-74.7268,-0.5424,34,0.8500,0.0000,4,4,0,0,0,4,0,1.0000
4,16.0000,3,17,760.9503,-87.3767,1.3954,7,0.1750,1.0000,8,8,8,0,0,8,8,0.0000
4,16.0000,3,18,753.9624,-87.5097,-1.1795,7,0.1750,0.8571,7,8,8,0,0,8,8,0.0000
4,16.0000,3,20,990.2042,-88.5790,-0.6301,3,0.0750,1.0000,8,6,6,0,0,6,6,0.0000
4,16.0000,3,22,766.0337,-86.2028,-2.6220,6,0.1500,1.0000,8,8,8,0,0,8,8,0.0000
4,16.0000,3,23,857.9142,-87.3466,0.6008,3,0.0750,1.0000,4,8,8,0,0,8,8,0.0000
4,16.0000,3,24,482.9340,-82.4501,0.1364,27,0.6750,0.5000,6,8,7,0,0,8,7,0.1250
4,16.0000,3,25,998.5672,-87.1393,0.2354,4,0.1000,1.0000,6,2,2,0,0,2,2,0.0000
4,16.0000,3,28,52.9602,-60.6145,4.2503,33,0.8250,0.0000,4,7,2,0,0,7,2,0.7143
4,16.0000,3,30,616.3610,-84.5705,-0.7253,21,0.5250,0.7143,7,8,8,0,0,8,8,0.0000
4,16.0000,3,32,730.7713,-87.6599,-0.9438,7,0.1750,0.8571,7,8,8,0,0,8,8,0.0000
4,16.0000,3,33,767.6877,-86.8080,-0.6821,5,0.1250,1.0000,8,8,8,0,0,8,8,0.0000
4,16.0000,3,37,742.7241,-84.5585,-0.4883,7,0.1750,1.0000,8,8,7,0,0,8,7,0.1250
4,16.0000,3,39,641.8180,-85.8885,0.1725,6,0.1500,1.0000,8,8,8,0,0,8,8,0.0000
4,16.0000,3,41,693.5895,-86.7059,-0.1908,8,0.2000,0.8750,8,8,8,0,0,8,8,0.0000
4,16.0000,3,42,593.4492,-84.3379,-0.2680,17,0.4250,1.0000,8,7,6,0,0,7,6,0.1429
4,16.0000,3,44,510.1489,-83.4322,0.4177,16,0.4000,0.7143,7,8,7,0,0,8,7,0.1250
4,16.0000,3,45,500.1761,-83.1758,-0.3119,11,0.2750,0.8750,8,8,8,0,0,8,8,0.0000
4,16.0000,3,46,457.5797,-83.1052,-0.6789,10,0.2500,0.8571,7,8,8,0,0,8,8,0.0000
4,16.0000,4,0,364.8547,-80.3419,-0.1465,16,0.4103,0.8571,7,6,3,0,0,6,3,0.5000
4,16.0000,4,2,1050.7485,-88.6521,-0.5879,4,0.1026,1.0000,8,8,8,0,0,8,8,0.0000
4,16.0000,4,3,290.0313,-77.6749,-0.9261,31,0.7949,0.4000,5,6,4,0,0,6,4,0.3333
4,16.0000,4,6,699.7859,-85.3038,0.0203,10,0.2564,0.8571,7,7,6,0,0,7,6,0.1429
4,16.0000,4,7,280.2764,-79.0511,0.1238,19,0.4872,0.7143,7,7,4,0,0,7,4,0.4286
4,16.0000,4,9,628.6402,-85.1603,-0.3017,13,0.3333,1.0000,6,10,10,0,0,10,10,0.0000
4,16.0000,4,11,776.4161,-86.6162,1.0016,4,0.1026,1.0000,8,8,8,0,0,8,8,0.0000
4,16.0000,4,14,607.6164,-85.3363,-0.5030,20,0.5128,1.0000,8,8,8,0,0,8,8,0.0000
4,16.0000,4,15,342.3396,-79.3085,-1.0271,30,0.7692,0.2000,5,6,4,0,0,6,4,0.3333
4,16.0000,4,17,583.6865,-84.9267,-0.3915,8,0.2051,1.0000,8,8,8,0,0,8,8,0.0000
4,16.0000,4,18,679.8330,-86.5976,0.0132,12,0.3077,1.0000,8,8,8,0,0,8,8,0.0000
4,16.0000,4,20,849.6005,-88.5402,-1.1555,3,0.0769,1.0000,6,8,8,0,0,8,8,0.0000
4,16.0000,4,22,573.1642,-86.5805,-0.8602,7,0.1795,0.8571,7,7,6,0,0,7,6,0.1429
4,16.0000,4,23,609.5711,-86.9032,-0.8647,6,0.1538,1.0000,6,8,8,0,0,8,8,0.0000
4,16.0000,4,24,585.4034,-83.3030,-0.4156,21,0.5385,0.5000,6,8,8,0,0,8,8,0.0000
4,16.0000,4,28,247.3340,-77.9071,0.5720,30,0.7692,0.5000,6,4,0,0,0,4,0,1.0000
4,16.0000,4,30,610.1428,-83.4547,-0.7192,24,0.6154,1.0000,8,8,8,0,0,8,8,0.0000
4,16.0000,4,31,844.5167,-87.4652,0.3532,3,0.0769,1.0000,8,8,8,0,0,8,8,0.0000
4,16.0000,4,32,515.5470,-83.8284,-0.5895,10,0.2564,0.8333,6,8,8,0,0,8,8,0.0000
4,16.0000,4,33,522.8145,-83.2384,-0.7771,15,0.3846,0.8750,8,8,8,0,0,8,8,0.0000
4,16.0000,4,37,572.2962,-85.1678,-0.3048,11,0.2821,0.8750,8,10,10,0,0,10,10,0.0000
4,16.0000,4,38,830.2964,-87.9555,-0.3474,3,0.0769,1.0000,4,8,8,0,0,8,8,0.0000
4,16.0000,4,39,441.8130,-83.2122,0.0777,11,0.2821,0.7143,7,8,7,0,0,8,7,0.1250
4,16.0000,4,41,467.1871,-83.0353,0.1678,14,0.3590,0.7143,7,7,6,0,0,7,6,0.1429
4,16.0000,4,42,597.3214,-84.1815,-0.9933,21,0.5385,1.0000,8,8,8,0,0,8,8,0.0000
4,16.0000,4,43,943.9662,-88.8565,1.0600,3,0.0769,1.0000,4,8,8,0,0,8,8,0.0000
4,16.0000,4,44,606.3166,-84.9416,0.0043,19,0.4872,0.7143,7,8,7,0,0,8,7,0.1250
4,16.0000,4,45,355.4205,-81.2362,-0.4248,15,0.3846,0.8571,7,7,5,0,0,7,5,0.2857
4,16.0000,4,46,331.6979,-81.5622,0.1379,15,0.3846,0.8750,8,7,5,0,0,7,5,0.2857
4,16.0000,5,1,302.7589,-78.9992,0.2370,29,0.7436,0.0000,4,7,5,0,0,7,5,0.2857
4,16.0000,5,2,1046.8324,-88.5942,-0.6620,3,0.0769,1.0000,8,8,8,0,0,8,8,0.0000
4,16.0000,5,8,832.7132,-88.9324,1.0854,3,0.0769,1.0000,8,6,6,0,0,6,6,0.0000
4,16.0000,5,10,571.7637,-83.1455,-0.9731,14,0.3590,0.8571,7,8,8,0,0,8,8,0.0000
4,16.0000,5,13,259.4758,-77.9459,0.4373,36,0.9231,0.5000,6,4,0,0,0,4,0,1.0000
4,16.0000,5,16,727.9936,-87.1019,-2.8305,6,0.1538,0.8571,7,7,6,0,0,7,6,0.1429
4,16.0000,5,19,721.9009,-85.1804,-1.1820,6,0.1538,1.0000,8,10,10,0,0,10,10,0.0000
4,16.0000,5,20,716.9932,-86.5768,2.1209,4,0.1026,1.0000,8,8,8,0,0,8,8,0.0000
4,16.0000,5,21,546.7977,-84.0840,-0.2174,8,0.2051,1.0000,8,7,6,0,0,7,6,0.1429
4,16.0000,5,26,211.0129,-74.2346,-0.6115,37,0.9487,0.0000,4,5,1,0,0,5,1,0.8000
4,16.0000,5,27,814.8563,-86.3672,-9.0113,3,0.0769,1.0000,8,8,8,0,0,8,8,0.0000
4,16.0000,5,29,351.6496,-80.1901,0.3187,23,0.5897,0.5000,6,6,3,0,0,6,3,0.5000
4,16.0000,5,34,176.1326,-73.9171,0.0379,33,0.8462,0.0000,4,5,1,0,0,5,1,0.8000
4,16.0000,5,35,494.4410,-83.3298,-0.1762,23,0.5897,0.8571,7,7,6,0,0,7,6,0.1429
4,16.0000,5,36,309.9131,-79.3236,-0.1081,31,0.7949,0.0000,4,5,2,0,0,5,2,0.6000
4,16.0000,5,38,762.9336,-84.9398,-0.1736,5,0.1282,0.8750,8,8,8,0,0,8,8,0.0000
4,16.0000,5,40,373.3717,-79.9673,-0.3051,24,0.6154,0.5000,6,7,5,0,0,7,5,0.2857
4,16.0000,5,43,674.8832,-85.0700,0.2421,8,0.2051,1.0000,8,8,8,9,8,17,16,0.0588
4,16.0000,5,47,259.5665,-77.6011,0.2939,32,0.8205,0.4000,5,5,1,0,0,5,1,0.8000
4,16.0000,6,0,494.6697,-83.9156,0.9676,5,0.1220,0.8571,7,7,4,0,0,7,4,0.4286
4,16.0000,6,2,888.0841,-86.0517,-0.8429,3,0.0732,1.0000,8,8,8,0,0,8,8,0.0000
4,16.0000,6,3,857.1371,-87.8180,-2.5572,4,0.0976,1.0000,8,8,8,0,0,8,8,0.0000
4,16.0000,6,4,699.7859,-86.5242,-2.2238,6,0.1463,1.0000,8,6,4,0,0,6,4,0.3333
4,16.0000,6,7,555.2730,-84.1395,4.0484,6,0.1463,1.0000,8,7,5,0,0,7,5,0.2857
4,16.0000,6,9,340.2056,-80.6091,-0.4677,24,0.5854,0.3333,6,7,6,0,0,7,6,0.1429
4,16.0000,6,15,721.3265,-86.0015,0.0944,8,0.1951,1.0000,8,8,8,0,0,8,8,0.0000
4,16.0000,6,17,827.8290,-86.1849,0.0743,3,0.0732,1.0000,8,8,8,0,0,8,8,0.0000
4,16.0000,6,18,462.9845,-83.8872,-0.3024,13,0.3171,1.0000,8,7,5,0,0,7,5,0.2857
4,16.0000,6,20,956.8149,-88.1197,-0.7703,3,0.0732,1.0000,8,4,4,0,0,4,4,0.0000
4,16.0000,6,22,830.7316,-88.4890,-1.6584,3,0.0732,1.0000,6,8,8,0,0,8,8,0.0000
4,16.0000,6,23,724.0896,-85.9998,-0.6458,5,0.1220,1.0000,6,8,8,0,0,8,8,0.0000
4,16.0000,6,24,867.7571,-87.7534,0.2711,6,0.1463,1.0000,4,8,8,0,0,8,8,0.0000
4,16.0000,6,25,838.0666,-87.1793,0.8332,5,0.1220,1.0000,8,8,8,0,0,8,8,0.0000
4,16.0000,6,28,807.3143,-86.2799,5.2385,3,0.0732,1.0000,8,6,6,0,0,6,6,0.0000
4,16.0000,6,30,759.1209,-86.7301,1.3319,7,0.1707,1.0000,8,8,8,0,0,8,8,0.0000
4,16.0000,6,31,796.1109,-87.1744,2.0892,3,0.0732,1.0000,8,8,8,0,0,8,8,0.0000
4,16.0000,6,32,664.6420,-85.9659,0.5099,5,0.1220,1.0000,8,8,7,0,0,8,7,0.1250
4,16.0000,6,33,353.5659,-80.9358,-0.0156,16,0.3902,1.0000,8,5,2,0,0,5,2,0.6000
4,16.0000,6,37,128.9301,-74.6015,1.0116,30,0.7317,0.0000,4,4,0,0,0,4,0,1.0000
4,16.0000,6,39,573.1802,-84.8695,5.1043,5,0.1220,1.0000,8,8,8,0,0,8,8,0.0000
4,16.0000,6,41,295.7615,-80.0206,-0.3040,16,0.3902,0.4000,5,5,1,0,0,5,1,0.8000
4,16.0000,6,42,851.3174,-88.2047,-5.7193,3,0.0732,1.0000,8,8,8,0,0,8,8,0.0000
4,16.0000,6,44,834.8038,-86.7704,-0.0269,4,0.0976,1.0000,8,8,6,0,0,8,6,0.2500
4,16.0000,6,45,835.1296,-87.4931,-4.7873,4,0.0976,1.0000,8,8,8,0,0,8,8,0.0000
4,16.0000,6,46,540.3484,-85.0159,1.9535,9,0.2195,0.8571,7,8,5,0,0,8,5,0.3750
4,16.0000,7,0,222.1661,-75.4164,-0.2672,27,0.6750,0.3333,6,4,0,0,0,4,0,1.0000
4,16.0000,7,2,982.9561,-88.4048,-1.3618,3,0.0750,1.0000,8,8,8,0,0,8,8,0.0000
4,16.0000,7,3,365.1201,-79.7117,-0.2536,27,0.6750,0.5714,7,8,8,0,0,8,8,0.0000
4,16.0000,7,4,280.2764,-79.2674,0.1313,26,0.6500,0.3333,6,5,1,0,0,5,1,0.8000
4,16.0000,7,6,555.2730,-85.6932,0.4315,9,0.2250,0.6667,6,5,2,0,0,5,2,0.6000
4,16.0000,7,9,595.9846,-86.0052,0.7789,6,0.1500,1.0000,8,8,7,0,0,8,7,0.1250
4,16.0000,7,11,594.5993,-84.1843,-1.0385,10,0.2500,0.7143,7,8,8,0,0,8,8,0.0000
4,16.0000,7,14,665.0489,-86.4123,0.5188,11,0.2750,1.0000,8,7,6,0,0,7,6,0.1429
4,16.0000,7,15,338.6698,-79.8237,-0.2090,25,0.6250,0.8571,7,6,3,0,0,6,3,0.5000
4,16.0000,7,17,529.3471,-83.9123,0.2386,10,0.2500,1.0000,8,8,8,0,0,8,8,0.0000
4,16.0000,7,18,647.3103,-86.7032,0.4230,11,0.2750,0.8750,8,4,2,0,0,4,2,0.5000
4,16.0000,7,20,729.9424,-86.7531,-1.3791,5,0.1250,1.0000,8,8,8,0,0,8,8,0.0000
4,16.0000,7,21,1048.9116,-88.2221,0.6726,3,0.0750,1.0000,4,4,4,0,0,4,4,0.0000
4,16.0000,7,22,542.6393,-84.7328,1.4662,10,0.2500,0.6667,6,10,10,0,0,10,10,0.0000
4,16.0000,7,23,597.4928,-85.5745,-0.2268,10,0.2500,1.0000,8,8,8,0,0,8,8,0.0000
4,16.0000,7,24,659.3357,-85.7273,-0.2370,15,0.3750,1.0000,6,8,8,0,0,8,8,0.0000
4,16.0000,7,25,693.8196,-86.2253,-0.8991,7,0.1750,1.0000,8,8,8,0,0,8,8,0.0000
4,16.0000,7,28,315.7690,-80.1774,-0.1835,22,0.5500,1.0000,8,4,0,0,0,4,0,1.0000
4,16.0000,7,30,693.6896,-85.9859,0.7281,8,0.2000,0.8571,7,6,5,0,0,6,5,0.1667
4,16.0000,7,31,720.3633,-86.1602,0.2425,7,0.1750,1.0000,8,7,6,0,0,7,6,0.1429
4,16.0000,7,32,450.1776,-82.9254,-1.0297,13,0.3250,0.7500,8,8,8,0,0,8,8,0.0000
4,16.0000,7,33,526.1549,-84.8177,0.7505,11,0.2750,1.0000,8,8,8,0,0,8,8,0.0000
4,16.0000,7,37,442.3973,-81.8677,0.0986,15,0.3750,0.7143,7,7,6,0,0,7,6,0.1429
4,16.0000,7,38,754.4697,-87.3923,0.1584,4,0.1000,1.0000,8,8,8,0,0,8,8,0.0000
4,16.0000,7,39,331.4578,-79.1887,-0.9702,16,0.4000,1.0000,8,7,5,0,0,7,5,0.2857
4,16.0000,7,41,425.3828,-83.7903,0.4660,19,0.4750,0.6667,6,6,3,0,0,6,3,0.5000
4,16.0000,7,42,725.1244,-88.0217,0.2037,12,0.3000,1.0000,6,4,4,0,0,4,4,0.0000
4,16.0000,7,43,897.5182,-87.2148,-0.0997,4,0.1000,1.0000,6,8,8,0,0,8,8,0.0000
4,16.0000,7,44,657.1115,-86.0823,0.6471,13,0.3250,0.8750,8,8,8,0,0,8,8,0.0000
4,16.0000,7,45,381.5337,-79.4490,-0.7742,18,0.4500,0.8571,7,7,6,0,0,7,6,0.1429
4,16.0000,7,46,110.1899,-71.6702,0.6260,33,0.8250,0.2000,5,4,0,0,0,4,0,1.0000
4,16.0000,8,1,878.6828,-88.4770,0.5712,4,0.1000,1.0000,8,6,6,0,0,6,6,0.0000
4,16.0000,8,2,398.3557,-80.7479,0.2015,15,0.3750,0.8571,7,5,2,0,0,5,2,0.6000
4,16.0000,8,10,454.9805,-82.4382,0.1396,13,0.3250,1.0000,8,8,8,0,0,8,8,0.0000
4,16.0000,8,12,642.5140,-86.1498,0.3927,7,0.1750,1.0000,8,7,5,0,0,7,5,0.2857
4,16.0000,8,13,872.8786,-86.7573,-0.8216,4,0.1000,1.0000,8,8,8,0,0,8,8,0.0000
4,16.0000,8,16,492.2815,-83.9848,0.3100,18,0.4500,1.0000,8,7,6,0,0,7,6,0.1429
4,16.0000,8,19,417.3787,-82.7916,-1.2676,6,0.1500,0.7500,8,6,6,0,0,6,6,0.0000
4,16.0000,8,20,714.1396,-86.5441,0.5881,3,0.0750,1.0000,8,8,8,0,0,8,8,0.0000
4,16.0000,8,27,224.6569,-76.5356,-0.0354,29,0.7250,0.4000,10,5,1,1,0,6,1,0.8333
4,16.0000,8,29,735.3820,-86.6459,-0.2750,6,0.1500,1.0000,8,6,6,0,0,6,6,0.0000
4,16.0000,8,31,591.2355,-85.1414,-2.4622,4,0.1000,1.0000,8,8,8,0,0,8,8,0.0000
4,16.0000,8,34,800.4369,-85.4755,1.1225,4,0.1000,1.0000,8,6,6,0,0,6,6,0.0000
4,16.0000,8,35,898.7921,-87.3708,0.4751,5,0.1250,1.0000,6,8,8,0,0,8,8,0.0000
4,16.0000,8,36,882.3823,-87.4174,-0.9174,3,0.0750,1.0000,8,8,8,0,0,8,8,0.0000
4,16.0000,8,40,543.5925,-84.2824,-0.1949,9,0.2250,0.8750,8,8,8,0,0,8,8,0.0000
4,16.0000,8,43,574.2169,-84.1402,1.3617,6,0.1500,1.0000,8,8,8,0,0,8,8,0.0000
4,16.0000,8,47,615.0640,-83.2931,-0.6978,10,0.2500,1.0000,8,8,8,0,0,8,8,0.0000
4,16.0000,9,0,450.0664,-84.4412,0.4339,7,0.1707,0.6667,6,5,2,0,0,5,2,0.6000
4,16.0000,9,2,685.6810,-87.5661,0.9761,4,0.0976,1.0000,8,8,8,0,0,8,8,0.0000
4,16.0000,9,3,876.4260,-87.5656,-2.1634,3,0.0732,1.0000,4,10,10,0,0,10,10,0.0000
4,16.0000,9,4,628.6402,-86.0335,-0.6495,4,0.0976,1.0000,8,8,8,0,0,8,8,0.0000
4,16.0000,9,6,340.2056,-79.5516,0.5898,24,0.5854,0.4286,7,6,4,0,0,6,4,0.3333
4,16.0000,9,7,595.9846,-85.2462,0.5050,4,0.0976,0.8571,7,7,6,0,0,7,6,0.1429
4,16.0000,9,15,800.1693,-86.4347,-0.4786,3,0.0732,1.0000,8,8,8,0,0,8,8,0.0000
4,16.0000,9,18,619.8862,-85.2781,-0.8186,9,0.2195,0.6667,6,8,8,0,0,8,8,0.0000
4,16.0000,9,22,675.9017,-86.2056,1.5897,6,0.1463,1.0000,8,8,8,0,0,8,8,0.0000
4,16.0000,9,23,501.2999,-84.6249,0.6340,5,0.1220,1.0000,8,7,5,0,0,7,5,0.2857
4,16.0000,9,25,784.7970,-87.1047,0.0334,5,0.1220,0.7500,8,4,4,0,0,4,4,0.0000
4,16.0000,9,27,893.7044,-87.9625,-0.5061,3,0.0732,1.0000,8,2,2,0,0,2,2,0.0000
4,16.0000,9,30,821.3225,-84.9371,0.1089,9,0.2195,1.0000,6,8,8,0,0,8,8,0.0000
4,16.0000,9,31,685.8030,-87.0625,2.7110,3,0.0732,1.0000,8,8,7,0,0,8,7,0.1250
4,16.0000,9,32,519.6787,-85.7395,-2.0593,6,0.1463,0.8750,8,7,5,0,0,7,5,0.2857
4,16.0000,9,33,141.7707,-74.1462,1.3035,28,0.6829,0.0000,4,5,1,2,0,7,1,0.8571
4,16.0000,9,37,290.4646,-78.5206,-0.0072,20,0.4878,0.5000,6,6,4,0,0,6,4,0.3333
4,16.0000,9,39,481.5921,-83.7588,1.3734,6,0.1463,1.0000,8,8,7,0,0,8,7,0.1250
4,16.0000,9,41,193.9871,-76.2169,0.2111,28,0.6829,0.2000,5,5,2,0,0,5,2,0.6000
4,16.0000,9,42,877.7706,-86.7194,-0.5685,9,0.2195,1.0000,6,2,2,0,0,2,2,0.0000
4,16.0000,9,45,728.6588,-85.1919,0.7046,6,0.1463,1.0000,8,8,8,0,0,8,8,0.0000
4,16.0000,9,46,555.4275,-85.7947,-0.7206,6,0.1463,1.0000,8,8,8,0,0,8,8,0.0000
4,16.0000,10,1,537.8526,-83.6156,-0.5746,18,0.4500,0.3333,6,8,8,0,0,8,8,0.0000
4,16.0000,10,5,571.7637,-83.8493,-0.4451,14,0.3500,1.0000,8,7,6,0,0,7,6,0.1429
4,16.0000,10,8,454.9805,-82.9887,0.2853,13,0.3250,0.7143,7,7,5,0,0,7,5,0.2857
4,16.0000,10,12,492.1204,-83.5332,-0.3535,26,0.6500,0.7143,7,7,5,0,0,7,5,0.2857
4,16.0000,10,13,491.6856,-83.4955,0.0830,14,0.3500,0.8750,8,7,6,0,0,7,6,0.1429
4,16.0000,10,16,291.4334,-79.5144,-0.0307,31,0.7750,0.0000,4,5,1,0,0,5,1,0.8000
4,16.0000,10,19,355.7376,-81.0771,0.1833,14,0.3500,0.6667,6,8,7,0,0,8,7,0.1250
4,16.0000,10,26,672.9110,-85.0767,-0.1567,11,0.2750,0.6000,5,8,8,0,0,8,8,0.0000
4,16.0000,10,27,472.0373,-83.8327,0.3426,8,0.2000,1.0000,8,7,5,22,21,29,26,0.1034
4,16.0000,10,29,323.0251,-79.0738,-0.2866,27,0.6750,0.0000,4,7,5,0,0,7,5,0.2857
4,16.0000,10,31,640.4933,-84.3577,1.4831,3,0.0750,0.8750,8,8,8,0,0,8,8,0.0000
4,16.0000,10,34,562.9928,-83.5706,0.0099,10,0.2500,1.0000,8,8,6,0,0,8,6,0.2500
4,16.0000,10,35,557.0282,-83.9105,-1.1962,18,0.4500,0.6667,6,6,4,0,0,6,4,0.3333
4,16.0000,10,36,492.8111,-83.2924,-0.0625,13,0.3250,0.7143,7,8,8,0,0,8,8,0.0000
4,16.0000,10,40,497.5769,-83.6648,0.7220,9,0.2250,0.8571,7,5,2,0,0,5,2,0.6000
4,16.0000,10,43,648.9954,-84.7475,1.1286,6,0.1500,1.0000,8,8,7,0,0,8,7,0.1250
4,16.0000,10,47,315.2730,-78.1938,-0.6121,25,0.6250,0.4000,5,8,8,0,0,8,8,0.0000
4,16.0000,11,0,451.5264,-82.7426,-0.1042,19,0.4750,0.6667,9,8,6,0,0,8,6,0.2500
4,16.0000,11,2,619.9953,-85.1703,0.0841,11,0.2750,1.0000,8,7,6,0,0,7,6,0.1429
4,16.0000,11,4,776.4161,-87.3542,-0.8254,6,0.1500,1.0000,6,8,8,0,0,8,8,0.0000
4,16.0000,11,6,762.6422,-86.1916,0.6815,9,0.2250,1.0000,4,8,7,0,0,8,7,0.1250
4,16.0000,11,7,594.5993,-84.8208,0.1968,11,0.2750,1.0000,8,7,6,0,0,7,6,0.1429
4,16.0000,11,8,804.2876,-87.0910,0.5145,5,0.1250,1.0000,4,6,6,0,0,6,6,0.0000
4,16.0000,11,9,742.8529,-87.2143,-0.1463,6,0.1500,1.0000,2,7,6,0,0,7,6,0.1429
4,16.0000,11,10,734.1515,-86.6747,-0.0353,6,0.1500,1.0000,8,2,2,0,0,2,2,0.0000
4,16.0000,11,13,923.5339,-86.5143,-1.2652,4,0.1000,1.0000,2,8,8,0,0,8,8,0.0000
4,16.0000,11,15,927.9857,-86.5025,-0.0515,4,0.1000,1.0000,6,8,8,0,0,8,8,0.0000
4,16.0000,11,17,340.8594,-81.1525,-0.2673,17,0.4250,0.6667,6,8,8,0,0,8,8,0.0000
4,16.0000,11,19,425.0454,-82.5082,-0.1774,10,0.2500,0.8571,7,7,6,0,0,7,6,0.1429
4,16.0000,11,20,235.9371,-76.6516,-0.5800,26,0.6500,0.0000,4,5,2,0,0,5,2,0.6000
4,16.0000,11,21,720.7788,-85.5307,-0.4467,6,0.1500,1.0000,8,8,7,0,0,8,7,0.1250
4,16.0000,11,22,385.5336,-79.3461,-0.0516,17,0.4250,0.8571,7,7,6,0,0,7,6,0.1429
4,16.0000,11,23,468.6473,-82.0812,-0.6557,19,0.4750,0.8750,8,8,8,0,0,8,8,0.0000
4,16.0000,11,25,116.9855,-70.0387,0.3894,35,0.8750,0.2000,5,4,0,0,0,4,0,1.0000
4,16.0000,11,26,890.5057,-87.9003,0.2035,3,0.0750,,0,4,4,0,0,4,4,0.0000
4,16.0000,11,27,591.3727,-83.9675,-0.5217,10,0.2500,1.0000,8,5,4,0,0,5,4,0.2000
4,16.0000,11,28,865.7204,-87.1615,-1.3150,5,0.1250,1.0000,8,2,2,0,0,2,2,0.0000
4,16.0000,11,29,805.8887,-88.1010,0.2540,3,0.0750,1.0000,2,4,4,0,0,4,4,0.0000
4,16.0000,11,31,243.2535,-77.8170,0.5255,24,0.6000,0.4000,5,7,4,0,0,7,4,0.4286
4,16.0000,11,32,354.8528,-80.6997,0.2983,18,0.4500,0.8571,7,5,2,0,0,5,2,0.6000
4,16.0000,11,33,789.7834,-86.4243,0.1804,9,0.2250,1.0000,8,8,8,0,0,8,8,0.0000
4,16.0000,11,34,754.1245,-85.5658,0.2016,7,0.1750,1.0000,6,6,6,0,0,6,6,0.0000
4,16.0000,11,37,707.3637,-84.7213,-0.6615,9,0.2250,1.0000,8,8,8,0,0,8,8,0.0000
4,16.0000,11,38,511.0531,-82.7829,-0.8322,15,0.3750,0.8571,7,8,7,0,0,8,7,0.1250
4,16.0000,11,39,365.4187,-81.5956,1.0116,19,0.4750,0.7143,7,6,4,0,0,6,4,0.3333
4,16.0000,11,40,740.3125,-87.9931,0.0582,6,0.1500,1.0000,4,8,8,0,0,8,8,0.0000
4,16.0000,11,41,715.2388,-86.7395,-0.9282,7,0.1750,1.0000,8,6,6,0,0,6,6,0.0000
4,16.0000,11,43,484.9830,-83.6588,-0.3779,10,0.2500,1.0000,8,7,6,0,0,7,6,0.1429
4,16.0000,11,45,544.4846,-85.0475,-0.0970,10,0.2500,1.0000,8,6,4,0,0,6,4,0.3333
4,16.0000,11,46,489.9062,-81.6953,-1.6149,13,0.3250,0.8750,8,7,6,0,0,7,6,0.1429
4,16.0000,11,47,761.4529,-87.1040,0.1034,6,0.1500,1.0000,6,8,7,0,0,8,7,0.1250
4,16.0000,12,1,668.6489,-86.5350,-0.1991,8,0.1951,1.0000,8,8,8,0,0,8,8,0.0000
4,16.0000,12,8,642.5140,-87.3531,-0.5617,5,0.1220,1.0000,8,8,8,0,0,8,8,0.0000
4,16.0000,12,10,492.1204,-83.2163,-0.4858,8,0.1951,0.6667,6,8,7,0,0,8,7,0.1250
4,16.0000,12,16,205.5532,-75.2098,0.0434,34,0.8293,0.2000,5,4,0,0,0,4,0,1.0000
4,16.0000,12,19,803.4768,-88.6339,-0.0066,3,0.0732,1.0000,8,8,8,0,0,8,8,0.0000
4,16.0000,12,27,804.1821,-87.6154,-1.3895,3,0.0732,1.0000,8,8,8,0,0,8,8,0.0000
4,16.0000,12,29,658.6923,-84.5657,-0.8637,4,0.0976,1.0000,8,8,8,0,0,8,8,0.0000
4,16.0000,12,34,931.0253,-87.6499,0.5263,3,0.0732,1.0000,8,6,6,0,0,6,6,0.0000
4,16.0000,12,35,539.3302,-83.8652,-0.1146,12,0.2927,0.8571,7,7,6,0,0,7,6,0.1429
4,16.0000,12,36,707.8330,-86.7156,0.7741,4,0.0976,1.0000,8,8,7,0,0,8,7,0.1250
4,16.0000,12,40,828.6750,-88.1235,0.8269,4,0.0976,0.8000,5,8,8,0,0,8,8,0.0000
4,16.0000,12,47,671.3942,-85.6898,-1.1219,6,0.1463,1.0000,8,8,8,0,0,8,8,0.0000
4,16.0000,13,1,198.9527,-74.0267,-0.6437,36,0.9000,0.0000,4,4,0,0,0,4,0,1.0000
4,16.0000,13,5,259.4758,-78.2732,0.7150,31,0.7750,0.2000,5,5,1,0,0,5,1,0.8000
4,16.0000,13,8,872.8786,-87.4178,3.5718,3,0.0750,1.0000,8,8,8,0,0,8,8,0.0000
4,16.0000,13,10,491.6856,-83.6699,-0.8585,18,0.4500,1.0000,8,8,8,0,0,8,8,0.0000
4,16.0000,13,12,758.0232,-85.8917,-0.4413,7,0.1750,1.0000,2,8,8,0,0,8,8,0.0000
4,16.0000,13,16,640.9079,-86.6870,0.6735,12,0.3000,1.0000,8,7,6,0,0,7,6,0.1429
4,16.0000,13,19,715.7907,-86.6717,0.0806,3,0.0750,1.0000,8,8,8,0,0,8,8,0.0000
4,16.0000,13,26,273.2892,-75.7466,-1.1748,34,0.8500,0.0000,4,5,2,0,0,5,2,0.6000
4,16.0000,13,27,863.0365,-87.1115,1.2888,3,0.0750,1.0000,8,8,8,0,0,8,8,0.0000
4,16.0000,13,29,180.5297,-75.9347,0.2082,31,0.7750,0.4000,5,6,2,0,0,6,2,0.6667
4,16.0000,13,34,340.6612,-81.3454,-0.2126,19,0.4750,0.8571,7,6,3,0,0,6,3,0.5000
4,16.0000,13,35,357.9482,-80.1403,-0.0228,34,0.8500,0.5714,7,7,5,0,0,7,5,0.2857
4,16.0000,13,36,80.0508,-59.3834,-3.4499,36,0.9000,0.0000,4,4,0,0,0,4,0,1.0000
4,16.0000,13,38,868.3157,-87.1805,-0.4390,3,0.0750,1.0000,8,7,6,0,0,7,6,0.1429
4,16.0000,13,40,544.6628,-84.4355,1.0754,13,0.3250,0.8571,7,8,8,0,0,8,8,0.0000
4,16.0000,13,43,808.0504,-86.3440,0.2705,4,0.1000,1.0000,8,8,8,0,0,8,8,0.0000
4,16.0000,13,47,274.5265,-79.9201,-0.0126,26,0.6500,0.6667,6,6,3,0,0,6,3,0.5000
4,16.0000,14,3,401.1667,-81.4714,0.2750,16,0.4000,0.8750,8,7,5,0,0,7,5,0.2857
4,16.0000,14,4,607.6164,-82.7665,1.0360,4,0.1000,1.0000,8,8,8,0,0,8,8,0.0000
4,16.0000,14,7,665.0489,-85.6754,0.5872,4,0.1000,1.0000,8,8,8,0,0,8,8,0.0000
4,16.0000,14,15,327.3305,-81.5675,1.6834,16,0.4000,0.6667,6,6,2,0,0,6,2,0.6667
4,16.0000,14,18,697.6446,-86.3814,0.4357,7,0.1750,1.0000,6,8,8,0,0,8,8,0.0000
4,16.0000,14,24,223.1545,-75.8394,-0.0773,28,0.7000,0.0000,4,4,0,0,0,4,0,1.0000
4,16.0000,14,28,425.9477,-79.7709,-0.4842,19,0.4750,0.7143,7,8,8,0,0,8,8,0.0000
4,16.0000,14,30,454.7795,-83.0054,0.5120,17,0.4250,0.8750,8,7,5,0,0,7,5,0.2857
4,16.0000,14,42,426.2071,-82.3986,0.4270,19,0.4750,0.8571,7,6,3,0,0,6,3,0.5000
4,16.0000,14,44,253.6978,-78.5272,0.9793,30,0.7500,0.0000,4,6,2,0,0,6,2,0.6667
4,16.0000,15,0,544.3087,-84.2724,-1.9132,11,0.2750,0.8750,8,8,8,0,0,8,8,0.0000
4,16.0000,15,3,207.4979,-75.0348,-0.2629,34,0.8500,0.2000,5,4,0,0,0,4,0,1.0000
4,16.0000,15,4,342.3396,-79.6525,-0.8466,26,0.6500,0.5000,8,6,4,0,0,6,4,0.3333
4,16.0000,15,6,721.3265,-85.9350,0.4494,6,0.1500,1.0000,8,10,9,0,0,10,9,0.1000
4,16.0000,15,7,338.6698,-80.0593,-0.5418,22,0.5500,0.5000,6,6,4,0,0,6,4,0.3333
4,16.0000,15,9,800.1693,-86.4188,1.2074,8,0.2000,0.8571,7,8,8,0,0,8,8,0.0000
4,16.0000,15,14,327.3305,-81.7887,0.8645,33,0.8250,0.7143,7,5,1,0,0,5,1,0.8000
4,16.0000,15,17,836.2787,-88.2734,1.1130,4,0.1000,1.0000,8,8,8,0,0,8,8,0.0000
4,16.0000,15,18,567.8733,-84.9803,0.0278,17,0.4250,1.0000,8,7,6,0,0,7,6,0.1429
4,16.0000,15,23,894.6037,-88.2401,0.2275,3,0.0750,1.0000,6,8,8,0,0,8,8,0.0000
4,16.0000,15,24,348.5769,-80.8164,0.0839,31,0.7750,0.2000,5,7,4,0,0,7,4,0.4286
4,16.0000,15,28,189.0986,-75.8507,0.8043,35,0.8750,0.3333,6,5,1,0,0,5,1,0.8000
4,16.0000,15,30,466.0377,-82.7565,-0.0573,31,0.7750,0.7143,7,5,2,0,0,5,2,0.6000
4,16.0000,15,32,767.2541,-85.7722,-0.7790,5,0.1250,0.8750,8,8,8,0,0,8,8,0.0000
4,16.0000,15,33,686.7777,-85.0195,-1.4379,8,0.2000,0.7143,7,8,7,0,0,8,7,0.1250
4,16.0000,15,37,620.9235,-84.0789,-0.2467,12,0.3000,0.6667,6,8,8,0,0,8,8,0.0000
4,16.0000,15,39,657.5378,-84.4514,-1.1501,8,0.2000,1.0000,8,8,7,0,0,8,7,0.1250
4,16.0000,15,41,606.9206,-84.4398,-0.4788,12,0.3000,0.8750,8,8,8,0,0,8,8,0.0000
4,16.0000,15,42,478.3839,-82.3246,-0.2785,26,0.6500,0.7500,8,7,5,0,0,7,5,0.2857
4,16.0000,15,44,354.9825,-81.8926,0.6975,34,0.8500,0.6667,6,6,3,0,0,6,3,0.5000
4,16.0000,15,45,614.1811,-84.5520,-1.2917,7,0.1750,0.8571,7,8,8,0,0,8,8,0.0000
4,16.0000,15,46,448.4927,-83.5755,-0.8441,11,0.2750,1.0000,8,8,8,0,0,8,8,0.0000
4,16.0000,16,1,596.7326,-84.9531,-0.0280,10,0.2500,1.0000,8,8,8,0,0,8,8,0.0000
4,16.0000,16,5,727.9936,-86.1057,1.0077,5,0.1250,1.0000,8,8,7,0,0,8,7,0.1250
4,16.0000,16,8,492.2815,-83.7845,0.6380,9,0.2250,1.0000,8,7,5,0,0,7,5,0.2857
4,16.0000,16,10,291.4334,-80.5421,0.5710,18,0.4500,0.5000,6,6,2,0,0,6,2,0.6667
4,16.0000,16,12,205.5532,-74.7005,-0.3986,36,0.9000,0.0000,4,4,0,0,0,4,0,1.0000
4,16.0000,16,13,640.9079,-85.4446,0.5177,5,0.1250,1.0000,8,7,5,0,0,7,5,0.2857
4,16.0000,16,19,599.5176,-86.4572,-0.1631,4,0.1000,1.0000,8,8,8,0,0,8,8,0.0000
4,16.0000,16,26,866.2678,-87.8308,-1.7168,3,0.0750,1.0000,8,8,7,0,0,8,7,0.1250
4,16.0000,16,27,621.9161,-86.3934,-0.1324,3,0.0750,1.0000,8,8,7,0,0,8,7,0.1250
4,16.0000,16,29,511.1726,-84.5039,-0.3788,7,0.1750,0.8571,7,8,8,0,0,8,8,0.0000
4,16.0000,16,34,775.9812,-87.0792,0.7188,5,0.1250,1.0000,8,8,7,0,0,8,7,0.1250
4,16.0000,16,35,522.0443,-84.1021,0.7252,20,0.5000,0.6667,6,6,4,0,0,6,4,0.3333
4,16.0000,16,36,607.5470,-85.8647,0.5017,9,0.2250,1.0000,8,5,2,0,0,5,2,0.6000
4,16.0000,16,40,669.3813,-86.7529,1.2460,3,0.0750,1.0000,8,8,4,0,0,8,4,0.5000
4,16.0000,16,43,874.3876,-86.9921,1.3459,3,0.0750,1.0000,8,8,8,0,0,8,8,0.0000
4,16.0000,16,47,510.8861,-82.6689,-0.4529,9,0.2250,1.0000,8,8,8,0,0,8,8,0.0000
4,16.0000,17,0,377.6688,-80.6167,-0.3098,19,0.4750,0.4000,5,6,2,0,0,6,2,0.6667
4,16.0000,17,2,635.7491,-85.4033,0.5908,6,0.1500,0.8571,7,6,3,0,0,6,3,0.5000
4,16.0000,17,3,760.9503,-85.9336,-0.1532,8,0.2000,1.0000,8,6,6,0,0,6,6,0.0000
4,16.0000,17,4,583.6865,-84.9405,0.3081,12,0.3000,1.0000,8,8,8,0,0,8,8,0.0000
4,16.0000,17,5,955.3796,-88.8485,1.5327,3,0.0750,1.0000,6,4,4,0,0,4,4,0.0000
4,16.0000,17,6,827.8290,-87.9066,-0.6065,6,0.1500,0.5000,4,8,8,0,0,8,8,0.0000
4,16.0000,17,7,529.3471,-83.7288,-0.4905,14,0.3500,0.7143,7,8,7,0,0,8,7,0.1250
4,16.0000,17,8,864.7488,-87.8142,0.2402,6,0.1500,1.0000,6,4,4,0,0,4,4,0.0000
4,16.0000,17,9,694.4941,-87.4038,-0.0482,4,0.1000,0.8571,7,6,4,0,0,6,4,0.3333
4,16.0000,17,10,911.9420,-87.6530,0.5553,4,0.1000,1.0000,2,2,2,0,0,2,2,0.0000
4,16.0000,17,11,340.8594,-80.5274,0.1591,24,0.6000,0.8571,7,5,2,0,0,5,2,0.6000
4,16.0000,17,15,836.2787,-86.6940,-0.7510,6,0.1500,1.0000,10,6,6,0,0,6,6,0.0000
4,16.0000,17,19,601.6172,-86.7329,0.3256,11,0.2750,0.8571,7,7,6,0,0,7,6,0.1429
4,16.0000,17,20,289.5038,-78.7242,0.1051,28,0.7000,0.5000,6,5,2,0,0,5,2,0.6000
4,16.0000,17,21,584.9027,-83.9765,-0.2264,20,0.5000,0.8750,8,8,7,0,0,8,7,0.1250
4,16.0000,17,22,54.8751,-67.9154,2.9962,37,0.9250,0.0000,3,6,1,0,0,6,1,0.8333
4,16.0000,17,23,270.9615,-78.3474,0.5373,31,0.7750,0.8750,8,5,1,0,0,5,1,0.8000
4,16.0000,17,25,351.3909,-80.2853,0.7839,24,0.6000,0.6667,6,5,1,0,0,5,1,0.8000
4,16.0000,17,26,956.7177,-88.6175,-0.1193,3,0.0750,,0,8,8,0,0,8,8,0.0000
4,16.0000,17,27,650.1553,-85.4720,-0.5406,13,0.3250,0.8571,7,5,4,0,0,5,4,0.2000
4,16.0000,17,28,723.5196,-86.1494,0.4199,11,0.2750,0.8000,5,7,6,0,0,7,6,0.1429
4,16.0000,17,31,345.8093,-80.2798,-0.0301,25,0.6250,0.8750,8,8,8,0,0,8,8,0.0000
4,16.0000,17,32,175.6549,-74.9613,0.4419,32,0.8000,0.2000,5,5,1,0,0,5,1,0.8000
4,16.0000,17,33,706.2551,-86.3347,-0.8137,12,0.3000,0.8750,8,8,8,0,0,8,8,0.0000
4,16.0000,17,34,788.8625,-87.9557,0.0899,9,0.2250,0.8571,7,8,8,0,0,8,8,0.0000
4,16.0000,17,37,731.1983,-86.7798,-0.3362,8,0.2000,1.0000,8,8,8,0,0,8,8,0.0000
4,16.0000,17,38,417.7783,-82.2087,0.2367,24,0.6000,0.5000,6,8,7,0,0,8,7,0.1250
4,16.0000,17,39,262.1486,-78.8875,0.1475,25,0.6250,0.7143,7,5,2,0,0,5,2,0.6000
4,16.0000,17,40,719.4662,-87.3809,-0.0773,8,0.2000,1.0000,8,7,5,0,0,7,5,0.2857
4,16.0000,17,41,654.3469,-86.7966,0.5242,11,0.2750,0.8571,7,5,4,0,0,5,4,0.2000
4,16.0000,17,43,374.8108,-82.9675,0.3536,20,0.5000,0.8750,8,7,6,0,0,7,6,0.1429
4,16.0000,17,45,284.4538,-79.2797,0.1496,26,0.6500,0.7143,7,6,2,0,0,6,2,0.6667
4,16.0000,17,46,434.6074,-81.6730,-1.8566,16,0.4000,0.7143,7,7,5,0,0,7,5,0.2857
4,16.0000,18,0,718.3213,-86.4247,-1.5069,3,0.0750,1.0000,8,8,8,0,0,8,8,0.0000
4,16.0000,18,3,753.9624,-86.9442,0.3373,7,0.1750,1.0000,10,6,6,0,0,6,6,0.0000
4,16.0000,18,4,679.8330,-85.6977,-0.2762,5,0.1250,1.0000,8,7,6,0,0,7,6,0.1429
4,16.0000,18,6,462.9845,-84.1185,-0.3100,9,0.2250,0.8750,8,7,5,0,0,7,5,0.2857
4,16.0000,18,7,647.3103,-85.7156,-0.2104,7,0.1750,1.0000,8,8,8,0,0,8,8,0.0000
4,16.0000,18,9,619.8862,-86.4649,0.5830,7,0.1750,0.8750,8,8,8,0,0,8,8,0.0000
4,16.0000,18,14,697.6446,-86.0555,0.8400,11,0.2750,1.0000,8,7,5,0,0,7,5,0.2857
4,16.0000,18,15,567.8733,-83.9998,0.0815,10,0.2500,1.0000,8,8,7,0,0,8,7,0.1250
4,16.0000,18,24,514.0390,-84.0086,0.0494,16,0.4000,1.0000,8,6,4,0,0,6,4,0.3333
4,16.0000,18,28,719.8847,-85.8414,0.4964,6,0.1500,1.0000,8,7,6,0,0,7,6,0.1429
4,16.0000,18,30,354.4478,-80.9749,-0.6379,23,0.5750,0.8571,7,7,6,0,0,7,6,0.1429
4,16.0000,18,33,521.6191,-83.6605,0.7283,12,0.3000,1.0000,8,7,5,0,0,7,5,0.2857
4,16.0000,18,37,445.0568,-84.4927,1.9763,10,0.2500,0.8571,7,8,5,0,0,8,5,0.3750
4,16.0000,18,41,493.0698,-84.1156,1.8457,9,0.2250,1.0000,8,8,7,0,0,8,7,0.1250
4,16.0000,18,42,471.0705,-83.6328,-0.1202,23,0.5750,0.7143,7,7,6,0,0,7,6,0.1429
4,16.0000,18,44,471.0627,-84.2498,0.1371,19,0.4750,0.8571,7,6,4,0,0,6,4,0.3333
4,16.0000,18,45,973.2453,-88.3799,-0.8855,3,0.0750,0.8000,5,8,8,0,0,8,8,0.0000
4,16.0000,18,46,707.9294,-87.1142,0.3292,4,0.1000,1.0000,8,8,8,0,0,8,8,0.0000
4,16.0000,19,0,804.9311,-86.5000,0.0620,4,0.1000,1.0000,4,8,8,0,0,8,8,0.0000
4,16.0000,19,1,815.1873,-87.1111,0.2572,9,0.2250,1.0000,8,8,8,0,0,8,8,0.0000
4,16.0000,19,2,432.4998,-83.4169,0.3967,17,0.4250,0.8750,8,7,6,0,0,7,6,0.1429
4,16.0000,19,5,721.9009,-85.1213,-0.2710,11,0.2750,0.8571,7,8,8,0,0,8,8,0.0000
4,16.0000,19,7,990.6356,-89.0204,-0.2099,3,0.0750,1.0000,6,10,9,0,0,10,9,0.1000
4,16.0000,19,8,417.3787,-82.1323,0.1610,26,0.6500,0.8750,8,8,7,0,0,8,7,0.1250
4,16.0000,19,9,930.2481,-89.2780,-0.0329,4,0.1000,1.0000,2,8,8,0,0,8,8,0.0000
4,16.0000,19,10,355.7376,-80.8252,-0.5737,25,0.6250,0.7143,7,7,5,0,0,7,5,0.2857
4,16.0000,19,11,425.0454,-84.6933,0.3209,9,0.2250,0.8571,7,8,7,0,0,8,7,0.1250
4,16.0000,19,12,803.4768,-87.2911,-0.1772,10,0.2500,1.0000,2,8,8,0,0,8,8,0.0000
4,16.0000,19,13,715.7907,-85.0977,-1.2508,7,0.1750,1.0000,8,8,8,0,0,8,8,0.0000
4,16.0000,19,16,599.5176,-85.1710,0.1275,14,0.3500,1.0000,8,8,8,0,0,8,8,0.0000
4,16.0000,19,17,601.6172,-86.0101,-1.1836,6,0.1500,0.8750,8,7,6,0,0,7,6,0.1429
4,16.0000,19,20,380.9012,-80.4661,-0.9011,14,0.3500,0.8571,7,6,2,0,0,6,2,0.6667
4,16.0000,19,21,761.6095,-86.8513,0.6975,7,0.1750,1.0000,8,8,8,0,0,8,8,0.0000
4,16.0000,19,22,621.8763,-85.0896,-1.0393,10,0.2500,0.8750,8,7,6,0,0,7,6,0.1429
4,16.0000,19,23,617.3826,-85.1985,-0.4344,6,0.1500,1.0000,8,8,8,0,0,8,8,0.0000
4,16.0000,19,25,318.8500,-80.4455,0.3750,16,0.4000,0.6667,6,7,4,0,0,7,4,0.4286
4,16.0000,19,26,787.8741,-86.1282,-1.1553,11,0.2750,0.8750,8,4,4,0,0,4,4,0.0000
4,16.0000,19,27,260.4011,-78.2912,-0.0568,25,0.6250,0.4000,5,5,1,0,0,5,1,0.8000
4,16.0000,19,29,559.0463,-83.9934,0.2054,21,0.5250,0.8571,7,6,3,0,0,6,3,0.5000
4,16.0000,19,31,290.8510,-78.7849,0.0133,20,0.5000,0.7143,7,6,4,0,0,6,4,0.3333
4,16.0000,19,32,624.8712,-85.4520,0.0384,7,0.1750,0.8750,8,8,6,0,0,8,6,0.2500
4,16.0000,19,34,624.7334,-83.8517,-0.1052,12,0.3000,0.7143,7,8,7,0,0,8,7,0.1250
4,16.0000,19,35,885.8841,-87.7920,-0.6460,6,0.1500,0.8750,8,5,4,0,0,5,4,0.2000
4,16.0000,19,36,750.7248,-85.4786,0.2528,11,0.2750,1.0000,9,5,5,0,0,5,5,0.0000
4,16.0000,19,38,744.2328,-86.6309,-0.7918,6,0.1500,1.0000,8,8,8,0,0,8,8,0.0000
4,16.0000,19,39,696.4270,-86.5384,-0.0365,6,0.1500,0.8571,7,8,8,0,0,8,8,0.0000
4,16.0000,19,40,509.1840,-83.2744,-0.1250,18,0.4500,1.0000,8,8,8,0,0,8,8,0.0000
4,16.0000,19,43,423.5349,-82.2319,0.4791,15,0.3750,0.9000,10,7,4,0,0,7,4,0.4286
4,16.0000,19,45,878.8540,-87.6102,-0.0794,5,0.1250,0.8571,7,8,8,0,0,8,8,0.0000
4,16.0000,19,46,881.0119,-88.2065,-0.8638,4,0.1000,1.0000,6,6,6,0,0,6,6,0.0000
4,16.0000,19,47,492.6072,-83.6789,-0.5430,16,0.4000,0.8750,8,6,3,0,0,6,3,0.5000
4,16.0000,20,0,581.3917,-85.0769,-0.4435,16,0.4000,0.9231,65,8,6,0,0,8,6,0.2500
4,16.0000,20,1,922.6804,-87.7699,0.2241,8,0.2000,1.0000,4,4,4,0,0,4,4,0.0000
4,16.0000,20,2,604.4537,-83.7507,-0.2633,21,0.5250,0.8750,8,7,6,0,0,7,6,0.1429
4,16.0000,20,3,990.2042,-88.2800,-0.5885,7,0.1750,1.0000,6,2,2,0,0,2,2,0.0000
4,16.0000,20,4,849.6005,-88.0944,0.1843,7,0.1750,1.0000,8,6,6,0,0,6,6,0.0000
4,16.0000,20,5,716.9932,-85.9581,-0.1160,14,0.3500,1.0000,8,7,6,0,0,7,6,0.1429
4,16.0000,20,6,956.8149,-87.8004,1.1059,7,0.1750,1.0000,8,2,2,0,0,2,2,0.0000
4,16.0000,20,7,729.9424,-87.4301,0.3032,8,0.2000,0.6250,8,6,4,0,0,6,4,0.3333
4,16.0000,20,8,714.1396,-85.5176,-0.2246,16,0.4000,1.0000,8,8,8,0,0,8,8,0.0000
4,16.0000,20,10,649.0474,-86.3357,0.3693,17,0.4250,1.0000,6,4,3,0,0,4,3,0.2500
4,16.0000,20,11,235.9371,-76.1992,0.0518,31,0.7750,0.2000,5,5,2,1,0,6,2,0.6667
4,16.0000,20,13,780.6075,-87.0022,-0.3217,7,0.1750,1.0000,4,6,6,0,0,6,6,0.0000
4,16.0000,20,15,1054.1243,-88.3608,0.2066,6,0.1500,1.0000,2,4,4,0,0,4,4,0.0000
4,16.0000,20,16,924.4308,-89.1349,-0.0712,3,0.0750,,0,4,4,0,0,4,4,0.0000
4,16.0000,20,17,289.5038,-78.9575,0.4372,24,0.6000,0.6667,6,6,3,0,0,6,3,0.5000
4,16.0000,20,19,380.9012,-81.2597,-0.7300,24,0.6000,0.6667,6,6,3,0,0,6,3,0.5000
4,16.0000,20,21,499.6329,-83.3433,0.1106,23,0.5750,0.5000,6,8,7,0,0,8,7,0.1250
4,16.0000,20,22,327.8771,-78.6325,-0.6089,23,0.5750,0.5000,6,6,4,0,0,6,4,0.3333
4,16.0000,20,23,460.7085,-81.4255,0.3353,17,0.4250,0.5000,6,8,8,0,0,8,8,0.0000
4,16.0000,20,25,168.0599,-73.9750,-0.5217,35,0.8750,0.0000,6,6,2,0,0,6,2,0.6667
4,16.0000,20,26,717.0430,-86.9559,-0.2471,12,0.3000,,0,3,2,0,0,3,2,0.3333
4,16.0000,20,27,515.1181,-82.8342,-0.1291,22,0.5500,0.8571,7,6,6,0,0,6,6,0.0000
4,16.0000,20,28,954.7167,-88.2429,-0.4713,3,0.0750,1.0000,4,2,2,0,0,2,2,0.0000
4,16.0000,20,29,686.1172,-86.6890,1.0816,15,0.3750,1.0000,8,6,3,0,0,6,3,0.5000
4,16.0000,20,31,252.4939,-75.5732,-1.2907,35,0.8750,0.6250,8,7,5,0,0,7,5,0.2857
4,16.0000,20,32,396.6732,-80.6511,-0.2119,17,0.4250,0.5000,6,8,7,0,0,8,7,0.1250
4,16.0000,20,33,913.9461,-87.9539,0.2242,9,0.2250,1.0000,6,4,4,0,0,4,4,0.0000
4,16.0000,20,34,554.7459,-84.0155,-0.1692,19,0.4750,0.6667,6,7,5,0,0,7,5,0.2857
4,16.0000,20,35,1058.3195,-87.3528,-0.5719,4,0.1000,1.0000,2,6,6,0,0,6,6,0.0000
4,16.0000,20,37,888.2429,-87.8624,0.1513,8,0.2000,1.0000,8,8,8,0,0,8,8,0.0000
4,16.0000,20,38,379.9650,-81.7496,-0.6772,21,0.5250,0.7143,7,6,3,0,0,6,3,0.5000
4,16.0000,20,39,467.2440,-83.6036,-0.0264,17,0.4250,0.9444,72,8,8,144,138,152,146,0.0395
4,16.0000,20,40,527.6322,-84.4479,-0.0791,24,0.6000,0.8571,7,7,6,0,0,7,6,0.1429
4,16.0000,20,41,855.8568,-88.3312,0.2455,9,0.2250,0.8571,7,4,4,0,0,4,4,0.0000
4,16.0000,20,43,283.4933,-79.3399,0.6619,26,0.6500,0.5000,6,5,1,0,0,5,1,0.8000
4,16.0000,20,45,543.8088,-85.5051,0.5605,16,0.4000,0.8750,8,7,6,0,0,7,6,0.1429
4,16.0000,20,46,626.8492,-85.9656,-0.9956,14,0.3500,1.0000,6,8,8,0,0,8,8,0.0000
4,16.0000,20,47,598.0197,-86.4866,0.0729,14,0.3500,1.0000,8,6,4,0,0,6,4,0.3333
4,16.0000,21,0,949.5460,-86.4851,-0.0131,4,0.1000,1.0000,8,6,6,0,0,6,6,0.0000
4,16.0000,21,1,845.6229,-85.9405,-0.6461,7,0.1750,1.0000,8,8,8,0,0,8,8,0.0000
4,16.0000,21,2,956.0860,-88.3473,0.1029,4,0.1000,1.0000,8,8,8,0,0,8,8,0.0000
4,16.0000,21,5,546.7977,-83.8906,-0.0865,10,0.2500,0.8571,7,7,6,0,0,7,6,0.1429
4,16.0000,21,8,944.6049,-88.4143,-5.8296,3,0.0750,1.0000,8,4,4,0,0,4,4,0.0000
4,16.0000,21,10,864.9061,-87.2508,0.0857,4,0.1000,0.8333,6,4,4,0,0,4,4,0.0000
4,16.0000,21,11,720.7788,-85.8462,-1.6755,4,0.1000,1.0000,8,7,6,16,15,23,21,0.0870
4,16.0000,21,13,742.5672,-87.3366,0.6880,7,0.1750,1.0000,8,8,8,0,0,8,8,0.0000
4,16.0000,21,17,584.9027,-84.7279,-0.8640,9,0.2250,1.0000,8,8,8,0,0,8,8,0.0000
4,16.0000,21,19,761.6095,-86.5913,-0.6338,5,0.1250,0.8889,9,8,8,0,0,8,8,0.0000
4,16.0000,21,20,499.6329,-83.5552,0.4934,8,0.2000,0.7143,7,7,5,0,0,7,5,0.2857
4,16.0000,21,22,597.6527,-85.0658,0.7706,5,0.1250,1.0000,6,8,8,0,0,8,8,0.0000
4,16.0000,21,23,779.3421,-86.6048,0.2854,5,0.1250,1.0000,8,8,8,0,0,8,8,0.0000
4,16.0000,21,25,666.2977,-86.1495,-0.3086,4,0.1000,1.0000,8,7,5,0,0,7,5,0.2857
4,16.0000,21,26,541.0978,-85.4542,0.3003,13,0.3250,1.0000,8,8,7,0,0,8,7,0.1250
4,16.0000,21,27,820.1147,-88.1939,-0.2418,5,0.1250,0.9677,31,6,6,0,0,6,6,0.0000
4,16.0000,21,29,760.2655,-87.0645,-1.0304,4,0.1000,1.0000,6,6,6,0,0,6,6,0.0000
4,16.0000,21,31,715.4278,-85.0558,1.8729,4,0.1000,1.0000,8,8,8,0,0,8,8,0.0000
4,16.0000,21,32,755.9860,-89.2666,0.0335,3,0.0750,1.0000,8,4,3,0,0,4,3,0.2500
4,16.0000,21,34,405.0730,-80.8962,-0.1314,22,0.5500,1.0000,8,7,6,0,0,7,6,0.1429
4,16.0000,21,35,1030.6873,-86.7180,1.4460,4,0.1000,1.0000,8,4,4,0,0,4,4,0.0000
4,16.0000,21,36,815.4726,-86.8126,-0.0215,6,0.1500,1.0000,8,6,6,0,0,6,6,0.0000
4,16.0000,21,38,356.8733,-79.4681,-0.6872,21,0.5250,0.4000,5,8,8,0,0,8,8,0.0000
4,16.0000,21,40,464.0397,-81.5092,-0.0528,14,0.3500,0.8571,7,7,6,0,0,7,6,0.1429
4,16.0000,21,43,445.3197,-81.4542,-1.1815,14,0.3500,0.8571,7,7,5,0,0,7,5,0.2857
4,16.0000,21,45,720.8984,-85.3300,0.1649,4,0.1000,1.0000,8,8,8,0,0,8,8,0.0000
4,16.0000,21,47,624.4021,-86.4331,0.7478,8,0.2000,1.0000,8,8,8,0,0,8,8,0.0000
4,16.0000,22,0,384.4516,-81.7215,-0.9276,12,0.2927,0.4000,5,6,4,0,0,6,4,0.3333
4,16.0000,22,2,621.1993,-83.5676,-1.5163,14,0.3415,0.8571,7,7,6,0,0,7,6,0.1429
4,16.0000,22,3,766.0337,-86.8219,-0.8377,6,0.1463,1.0000,4,6,6,0,0,6,6,0.0000
4,16.0000,22,4,573.1642,-84.2573,0.7437,9,0.2195,1.0000,8,8,8,0,0,8,8,0.0000
4,16.0000,22,5,977.7933,-87.2293,-1.7302,3,0.0732,,0,2,2,0,0,2,2,0.0000
4,16.0000,22,7,542.6393,-84.7930,0.0847,8,0.1951,0.7500,8,8,8,0,0,8,8,0.0000
4,16.0000,22,8,860.6536,-87.0766,-0.1580,6,0.1463,1.0000,6,4,4,0,0,4,4,0.0000
4,16.0000,22,9,675.9017,-87.2192,-0.6513,5,0.1220,0.8750,8,7,6,0,0,7,6,0.1429
4,16.0000,22,11,385.5336,-80.5215,-2.2341,16,0.3902,0.7143,7,8,7,0,0,8,7,0.1250
4,16.0000,22,17,54.8751,-68.6077,2.8233,35,0.8537,0.2500,4,4,0,0,0,4,0,1.0000
4,16.0000,22,19,621.8763,-83.8535,0.6165,7,0.1707,1.0000,6,7,6,0,0,7,6,0.1429
4,16.0000,22,20,327.8771,-79.1506,-0.7080,20,0.4878,0.0000,4,6,3,0,0,6,3,0.5000
4,16.0000,22,21,597.6527,-84.6101,0.1482,11,0.2683,0.7500,8,6,4,0,0,6,4,0.3333
4,16.0000,22,23,234.0708,-74.2621,-1.1728,31,0.7561,0.2000,5,5,2,0,0,5,2,0.6000
4,16.0000,22,25,389.9866,-80.6262,-0.6887,16,0.3902,0.3333,6,8,7,0,0,8,7,0.1250
4,16.0000,22,27,648.3232,-84.9867,-0.4913,10,0.2439,1.0000,8,10,10,0,0,10,10,0.0000
4,16.0000,22,28,728.2187,-85.8013,-0.0339,6,0.1463,0.8571,7,6,6,0,0,6,6,0.0000
4,16.0000,22,29,1001.7478,-87.8293,-0.0605,3,0.0732,1.0000,4,4,4,0,0,4,4,0.0000
4,16.0000,22,31,362.6121,-78.6519,-0.5012,20,0.4878,0.4286,7,7,6,0,0,7,6,0.1429
4,16.0000,22,32,167.8983,-75.1583,0.7350,30,0.7317,0.2000,5,7,6,0,0,7,6,0.1429
4,16.0000,22,33,686.5462,-85.9000,-1.2478,9,0.2195,1.0000,8,7,6,0,0,7,6,0.1429
4,16.0000,22,34,813.9531,-86.9638,-1.5289,7,0.1707,1.0000,8,3,2,0,0,3,2,0.3333
4,16.0000,22,37,731.7416,-86.6565,-0.1163,6,0.1463,1.0000,6,8,7,0,0,8,7,0.1250
4,16.0000,22,38,454.6714,-82.5452,-0.2528,14,0.3415,0.7143,7,7,5,0,0,7,5,0.2857
4,16.0000,22,39,269.0388,-79.2991,-0.2647,21,0.5122,0.8750,8,5,1,0,0,5,1,0.8000
4,16.0000,22,40,726.1587,-86.6138,-0.8641,6,0.1463,1.0000,6,8,7,0,0,8,7,0.1250
4,16.0000,22,41,642.2497,-84.2954,1.5209,10,0.2439,0.8571,7,8,8,0,0,8,8,0.0000
4,16.0000,22,43,372.3690,-80.2811,0.2120,16,0.3902,0.5714,7,7,6,0,0,7,6,0.1429
4,16.0000,22,45,283.7835,-80.4966,0.3868,19,0.4634,0.8571,7,5,1,0,0,5,1,0.8000
4,16.0000,22,46,450.7398,-82.3149,0.2604,17,0.4146,0.7143,7,8,7,0,0,8,7,0.1250
4,16.0000,22,47,886.0153,-87.4013,-0.0579,3,0.0732,1.0000,2,8,8,0,0,8,8,0.0000
4,16.0000,23,0,390.7807,-82.0048,0.9844,8,0.2000,0.7143,7,6,4,0,0,6,4,0.3333
4,16.0000,23,2,462.4422,-80.2664,-0.2374,16,0.4000,0.0000,4,7,6,0,0,7,6,0.1429
4,16.0000,23,4,609.5711,-83.6196,0.3120,8,0.2000,0.8750,8,7,6,0,0,7,6,0.1429
4,16.0000,23,7,597.4928,-85.2313,-0.6008,5,0.1250,1.0000,8,8,8,0,0,8,8,0.0000
4,16.0000,23,8,781.0224,-87.8038,-0.4361,3,0.0750,0.0000,2,6,6,0,0,6,6,0.0000
4,16.0000,23,9,501.2999,-84.8121,1.7816,7,0.1750,1.0000,8,7,5,6,5,13,10,0.2308
4,16.0000,23,11,468.6473,-82.5860,-0.3351,11,0.2750,1.0000,8,8,8,0,0,8,8,0.0000
4,16.0000,23,15,894.6037,-87.9678,0.5739,5,0.1250,1.0000,8,8,8,0,0,8,8,0.0000
4,16.0000,23,17,270.9615,-77.7172,0.3632,20,0.5000,0.7143,7,6,3,0,0,6,3,0.5000
4,16.0000,23,19,617.3826,-85.6135,1.0371,6,0.1500,0.5714,7,9,7,0,0,9,7,0.2222
4,16.0000,23,20,460.7085,-80.9326,-0.5176,11,0.2750,0.7143,7,8,7,0,0,8,7,0.1250
4,16.0000,23,21,779.3421,-84.7188,-0.9598,5,0.1250,1.0000,8,8,8,0,0,8,8,0.0000
4,16.0000,23,22,234.0708,-73.6049,-1.2205,27,0.6750,0.4000,5,8,7,0,0,8,7,0.1250
4,16.0000,23,25,460.8499,-82.2153,-1.5305,12,0.3000,0.7500,8,8,7,0,0,8,7,0.1250
4,16.0000,23,27,573.1012,-82.9897,-0.5107,8,0.2000,1.0000,8,8,8,0,0,8,8,0.0000
4,16.0000,23,28,812.8750,-88.1964,-6.5362,3,0.0750,1.0000,6,4,3,0,0,4,3,0.2500
4,16.0000,23,31,348.2581,-79.6803,0.2361,18,0.4500,0.5714,7,6,3,0,0,6,3,0.5000
4,16.0000,23,32,175.9406,-75.7387,0.7178,25,0.6250,0.6667,6,5,1,0,0,5,1,0.8000
4,16.0000,23,33,540.1907,-83.2813,0.3985,12,0.3000,1.0000,8,8,8,0,0,8,8,0.0000
4,16.0000,23,37,636.4801,-85.5384,-0.6392,7,0.1750,1.0000,8,8,8,0,0,8,8,0.0000
4,16.0000,23,38,682.5612,-86.7185,0.5048,6,0.1500,1.0000,8,6,5,0,0,6,5,0.1667
4,16.0000,23,39,285.7540,-79.4919,0.2250,12,0.3000,0.8571,7,7,6,56,45,63,51,0.1905
4,16.0000,23,40,796.1823,-86.1334,-1.7181,5,0.1250,1.0000,4,8,6,0,0,8,6,0.2500
4,16.0000,23,41,526.3257,-84.8210,-0.6105,9,0.2250,1.0000,8,7,5,0,0,7,5,0.2857
4,16.0000,23,43,436.4152,-82.4683,0.6015,8,0.2000,0.8750,8,7,5,0,0,7,5,0.2857
4,16.0000,23,45,441.0236,-82.2280,0.9384,13,0.3250,0.7143,7,7,4,0,0,7,4,0.4286
4,16.0000,23,46,505.7280,-84.3926,-0.1019,8,0.2000,0.8571,7,7,5,0,0,7,5,0.2857
4,16.0000,24,0,833.8738,-87.1666,3.5754,3,0.0732,0.8571,7,8,8,0,0,8,8,0.0000
4,16.0000,24,3,482.9340,-83.6744,0.1776,10,0.2439,0.6667,6,7,6,0,0,7,6,0.1429
4,16.0000,24,4,585.4034,-84.1412,-0.2316,10,0.2439,1.0000,8,8,8,0,0,8,8,0.0000
4,16.0000,24,7,659.3357,-86.0887,-2.7503,3,0.0732,0.8571,7,8,8,0,0,8,8,0.0000
4,16.0000,24,9,950.8334,-88.4868,-2.9986,4,0.0976,1.0000,8,8,8,0,0,8,8,0.0000
4,16.0000,24,14,223.1545,-76.5159,0.2651,37,0.9024,0.2000,5,4,0,0,0,4,0,1.0000
4,16.0000,24,15,348.5769,-79.9871,0.1921,20,0.4878,0.6667,6,8,7,0,0,8,7,0.1250
4,16.0000,24,18,514.0390,-84.5125,-0.0801,15,0.3659,0.8750,8,7,6,0,0,7,6,0.1429
4,16.0000,24,28,486.0118,-81.6784,-0.7229,18,0.4390,0.5000,6,7,6,0,0,7,6,0.1429
4,16.0000,24,30,233.4986,-78.5648,0.7405,34,0.8293,0.0000,4,4,0,0,0,4,0,1.0000
4,16.0000,24,33,817.9557,-86.7792,-5.3143,4,0.0976,1.0000,8,8,8,0,0,8,8,0.0000
4,16.0000,24,42,221.5511,-78.2182,0.3798,36,0.8780,0.0000,4,4,0,0,0,4,0,1.0000
4,16.0000,24,44,61.6325,-69.9194,2.7130,34,0.8293,0.0000,4,4,0,0,0,4,0,1.0000
4,16.0000,25,0,533.2286,-83.3291,-1.0337,10,0.2500,1.0000,8,8,8,0,0,8,8,0.0000
4,16.0000,25,1,984.3765,-88.2485,-7.1892,4,0.1000,1.0000,4,4,4,0,0,4,4,0.0000
4,16.0000,25,2,548.7274,-83.9829,0.1677,10,0.2500,0.8571,7,8,8,0,0,8,8,0.0000
4,16.0000,25,3,998.5672,-87.3945,-0.6314,4,0.1000,0.8750,8,2,2,0,0,2,2,0.0000
4,16.0000,25,4,852.6150,-88.2358,-0.3248,4,0.1000,1.0000,6,8,8,0,0,8,8,0.0000
4,16.0000,25,5,819.5140,-88.3701,-0.4235,5,0.1250,1.0000,4,4,4,0,0,4,4,0.0000
4,16.0000,25,6,838.0666,-86.4614,-0.6283,7,0.1750,1.0000,8,4,4,0,0,4,4,0.0000
4,16.0000,25,7,693.8196,-85.8156,-0.6092,10,0.2500,1.0000,8,8,8,0,0,8,8,0.0000
4,16.0000,25,8,696.5857,-85.9102,-0.0613,9,0.2250,0.8000,5,6,5,0,0,6,5,0.1667
4,16.0000,25,9,784.7970,-87.1519,-0.1160,11,0.2750,1.0000,10,7,5,0,0,7,5,0.2857
4,16.0000,25,10,630.8348,-87.8777,0.1172,5,0.1250,1.0000,4,4,3,0,0,4,3,0.2500
4,16.0000,25,11,116.9855,-69.7079,-0.0724,36,0.9000,0.0000,4,5,1,0,0,5,1,0.8000
4,16.0000,25,13,839.5146,-87.7398,-0.2113,5,0.1250,,0,6,6,0,0,6,6,0.0000
4,16.0000,25,15,1029.3276,-86.9240,0.9702,4,0.1000,1.0000,4,8,8,0,0,8,8,0.0000
4,16.0000,25,17,351.3909,-79.7758,-0.5040,17,0.4250,0.7143,7,5,4,0,0,5,4,0.2000
4,16.0000,25,19,318.8500,-80.0981,0.8925,18,0.4500,0.6667,6,7,6,0,0,7,6,0.1429
4,16.0000,25,20,168.0599,-74.1152,0.0548,32,0.8000,0.2000,5,5,1,0,0,5,1,0.8000
4,16.0000,25,21,666.2977,-86.4289,0.2832,7,0.1750,0.8571,7,8,8,0,0,8,8,0.0000
4,16.0000,25,22,389.9866,-80.3991,-0.6799,18,0.4500,0.6250,8,5,2,0,0,5,2,0.6000
4,16.0000,25,23,460.8499,-80.9350,-0.3359,14,0.3500,0.6667,6,8,7,0,0,8,7,0.1250
4,16.0000,25,26,819.8200,-86.6142,0.3415,7,0.1750,1.0000,2,6,6,0,0,6,6,0.0000
4,16.0000,25,27,487.7550,-83.3366,0.7873,11,0.2750,0.8571,7,7,6,0,0,7,6,0.1429
4,16.0000,25,29,717.0329,-87.6417,-0.5050,7,0.1750,1.0000,8,8,7,0,0,8,7,0.1250
4,16.0000,25,31,170.6286,-72.7710,-0.1746,34,0.8500,0.5000,6,6,2,0,0,6,2,0.6667
4,16.0000,25,32,385.8340,-82.0189,0.6209,15,0.3750,0.8750,8,7,5,0,0,7,5,0.2857
4,16.0000,25,33,843.8837,-86.8364,0.9183,7,0.1750,1.0000,6,5,4,0,0,5,4,0.2000
4,16.0000,25,34,669.3844,-86.9173,0.4749,8,0.2000,1.0000,8,7,6,0,0,7,6,0.1429
4,16.0000,25,37,785.9592,-86.0969,-0.2707,10,0.2500,0.8333,6,8,6,0,0,8,6,0.2500
4,16.0000,25,38,514.3555,-84.0153,0.5416,12,0.3000,0.7143,7,8,8,0,0,8,8,0.0000
4,16.0000,25,39,430.4280,-81.5487,-0.0115,14,0.3500,0.8182,11,8,8,0,0,8,8,0.0000
4,16.0000,25,40,632.5862,-86.1771,0.8472,6,0.1500,1.0000,6,8,8,0,0,8,8,0.0000
4,16.0000,25,41,780.9656,-86.2799,-0.7680,9,0.2250,1.0000,8,2,2,0,0,2,2,0.0000
4,16.0000,25,43,395.3973,-82.2438,0.6161,16,0.4000,0.8333,6,6,3,0,0,6,3,0.5000
4,16.0000,25,45,597.4073,-86.0507,-0.0607,12,0.3000,0.8571,7,7,6,0,0,7,6,0.1429
4,16.0000,25,46,586.4374,-83.8357,-0.6523,13,0.3250,1.0000,6,5,4,0,0,5,4,0.2000
4,16.0000,25,47,658.8170,-86.7340,0.8194,5,0.1250,1.0000,8,8,8,0,0,8,8,0.0000
4,16.0000,26,1,402.5967,-80.1716,-0.9275,28,0.7000,0.5000,6,7,6,0,0,7,6,0.1429
4,16.0000,26,5,211.0129,-73.6824,-0.9352,38,0.9500,0.0000,4,4,0,0,0,4,0,1.0000
4,16.0000,26,10,672.9110,-84.2127,-0.8063,11,0.2750,1.0000,8,6,6,0,0,6,6,0.0000
4,16.0000,26,12,999.5543,-87.5909,1.9241,4,0.1000,1.0000,6,6,6,0,0,6,6,0.0000
4,16.0000,26,13,273.2892,-76.2623,-1.2649,35,0.8750,0.0000,4,4,0,0,0,4,0,1.0000
4,16.0000,26,16,866.2678,-85.8109,-0.5678,5,0.1250,1.0000,8,8,8,0,0,8,8,0.0000
4,16.0000,26,19,787.8741,-84.8421,-4.0419,4,0.1000,1.0000,6,8,8,0,0,8,8,0.0000
4,16.0000,26,21,541.0978,-82.9854,0.1388,9,0.2250,1.0000,8,8,8,0,0,8,8,0.0000
4,16.0000,26,29,393.8643,-81.3753,-1.3345,23,0.5750,0.6667,6,7,6,0,0,7,6,0.1429
4,16.0000,26,34,215.8770,-76.6406,0.0941,30,0.7500,0.4000,5,4,0,0,0,4,0,1.0000
4,16.0000,26,35,597.1631,-83.5168,-0.4413,26,0.6500,0.8571,7,8,7,0,0,8,7,0.1250
4,16.0000,26,36,344.3331,-77.6134,-1.9877,31,0.7750,0.2000,5,5,1,0,0,5,1,0.8000
4,16.0000,26,40,524.7715,-81.6358,0.4082,12,0.3000,0.8571,7,8,8,0,0,8,8,0.0000
4,16.0000,26,47,384.2230,-80.1624,-0.4779,25,0.6250,0.4000,5,6,4,0,0,6,4,0.3333
4,16.0000,27,0,864.1490,-88.0056,2.1909,3,0.0750,1.0000,10,8,8,0,0,8,8,0.0000
4,16.0000,27,2,250.2290,-76.5561,-1.2904,32,0.8000,0.5000,6,6,3,0,0,6,3,0.5000
4,16.0000,27,5,814.8563,-86.6338,-0.0847,5,0.1250,1.0000,6,2,2,0,0,2,2,0.0000
4,16.0000,27,7,1074.4091,-86.8828,-2.2893,3,0.0750,0.8000,5,2,2,0,0,2,2,0.0000
4,16.0000,27,8,224.6569,-77.2437,0.0746,33,0.8250,0.3333,6,5,1,0,0,5,1,0.8000
4,16.0000,27,9,893.7044,-87.2757,-2.0250,3,0.0750,1.0000,8,8,7,0,0,8,7,0.1250
4,16.0000,27,10,472.0373,-83.6930,-0.0984,18,0.4500,0.6667,6,7,6,0,0,7,6,0.1429
4,16.0000,27,11,591.3727,-83.3545,1.1944,8,0.2000,1.0000,8,8,8,0,0,8,8,0.0000
4,16.0000,27,12,804.1821,-86.7846,1.4253,7,0.1750,0.8333,6,8,8,0,0,8,8,0.0000
4,16.0000,27,13,863.0365,-88.5592,0.4433,6,0.1500,1.0000,8,8,8,0,0,8,8,0.0000
4,16.0000,27,16,621.9161,-85.4701,1.9548,7,0.1750,0.8000,5,8,8,0,0,8,8,0.0000
4,16.0000,27,17,650.1553,-85.4435,-4.4842,4,0.1000,1.0000,8,8,8,0,0,8,8,0.0000
4,16.0000,27,19,260.4011,-78.3401,0.1427,32,0.8000,0.6667,6,6,4,0,0,6,4,0.3333
4,16.0000,27,20,515.1181,-81.5162,-0.2856,10,0.2500,0.8750,8,8,8,0,0,8,8,0.0000
4,16.0000,27,21,820.1147,-86.7557,-0.6623,8,0.2000,0.8750,8,4,4,0,0,4,4,0.0000
4,16.0000,27,22,648.3232,-84.1149,0.3858,5,0.1250,0.7143,7,7,6,0,0,7,6,0.1429
4,16.0000,27,23,573.1012,-85.0883,0.2712,6,0.1500,1.0000,8,8,8,0,0,8,8,0.0000
4,16.0000,27,25,487.7550,-81.9451,0.7231,9,0.2250,0.8571,7,8,8,0,0,8,8,0.0000
4,16.0000,27,26,929.6074,-87.2579,0.2401,4,0.1000,1.0000,2,6,6,0,0,6,6,0.0000
4,16.0000,27,29,720.5665,-86.6620,0.5930,7,0.1750,0.8571,7,9,9,0,0,9,9,0.0000
4,16.0000,27,31,368.6205,-79.1327,-0.8397,17,0.4250,0.8750,8,8,7,0,0,8,7,0.1250
4,16.0000,27,32,652.4487,-85.9793,1.9408,4,0.1000,0.8889,9,8,8,0,0,8,8,0.0000
4,16.0000,27,33,997.8456,-88.0146,1.9172,3,0.0750,,0,6,6,0,0,6,6,0.0000
4,16.0000,27,34,736.4302,-86.3487,-0.4573,5,0.1250,1.0000,8,7,5,0,0,7,5,0.2857
4,16.0000,27,36,890.8158,-87.5992,0.9738,5,0.1250,1.0000,8,4,4,0,0,4,4,0.0000
4,16.0000,27,38,870.4031,-86.5523,-0.3638,4,0.1000,0.8333,6,8,8,0,0,8,8,0.0000
4,16.0000,27,39,749.5342,-86.7675,2.0385,4,0.1000,1.0000,8,7,6,0,0,7,6,0.1429
4,16.0000,27,40,506.1205,-83.9499,0.0393,12,0.3000,0.4000,5,7,5,0,0,7,5,0.2857
4,16.0000,27,43,407.2299,-82.0028,-0.0110,15,0.3750,1.0000,8,8,7,0,0,8,7,0.1250
4,16.0000,27,46,965.5810,-88.0779,-1.2162,3,0.0750,1.0000,2,6,6,0,0,6,6,0.0000
4,16.0000,27,47,600.0075,-84.7022,0.1733,14,0.3500,1.0000,8,8,7,0,0,8,7,0.1250
4,16.0000,28,0,504.8351,-84.5285,-0.8760,8,0.2000,0.8571,7,8,6,0,0,8,6,0.2500
4,16.0000,28,3,52.9602,-59.4515,3.5608,32,0.8000,0.2000,5,4,0,0,0,4,0,1.0000
4,16.0000,28,4,247.3340,-77.8152,0.3060,29,0.7250,0.4000,5,6,2,0,0,6,2,0.6667
4,16.0000,28,7,315.7690,-80.1366,0.6436,16,0.4000,1.0000,8,6,4,0,0,6,4,0.3333
4,16.0000,28,14,425.9477,-81.1347,-1.0977,28,0.7000,0.5000,6,7,5,0,0,7,5,0.2857
4,16.0000,28,15,189.0986,-74.9457,0.5102,32,0.8000,0.0000,4,6,2,0,0,6,2,0.6667
4,16.0000,28,17,723.5196,-87.1053,-1.7557,5,0.1250,1.0000,8,7,6,0,0,7,6,0.1429
4,16.0000,28,18,719.8847,-85.1531,0.7428,12,0.3000,1.0000,8,8,8,0,0,8,8,0.0000
4,16.0000,28,20,954.7167,-88.2434,1.0743,3,0.0750,1.0000,6,8,8,0,0,8,8,0.0000
4,16.0000,28,22,728.2187,-86.9782,0.3042,4,0.1000,1.0000,8,8,8,0,0,8,8,0.0000
4,16.0000,28,23,812.8750,-88.1165,-1.0141,4,0.1000,1.0000,4,7,5,0,0,7,5,0.2857
4,16.0000,28,24,486.0118,-81.7105,-1.2829,30,0.7500,0.2000,5,5,3,0,0,5,3,0.4000
4,16.0000,28,30,602.1012,-84.2996,-0.0648,20,0.5000,0.6667,6,7,6,0,0,7,6,0.1429
4,16.0000,28,32,685.6600,-86.3637,-1.1310,5,0.1250,1.0000,8,8,8,0,0,8,8,0.0000
4,16.0000,28,33,717.4267,-86.1753,-0.9894,12,0.3000,1.0000,10,8,8,0,0,8,8,0.0000
4,16.0000,28,37,691.8011,-85.8086,0.2123,8,0.2000,1.0000,8,8,8,0,0,8,8,0.0000
4,16.0000,28,38,865.0331,-87.0739,4.0062,3,0.0750,1.0000,2,8,8,0,0,8,8,0.0000
4,16.0000,28,39,594.1469,-85.2979,-0.4447,7,0.1750,0.8750,8,7,6,0,0,7,6,0.1429
4,16.0000,28,41,641.9117,-87.1556,-1.4238,8,0.2000,0.5000,6,8,8,0,0,8,8,0.0000
4,16.0000,28,42,586.2587,-83.9092,-0.2025,22,0.5500,1.0000,8,6,3,0,0,6,3,0.5000
4,16.0000,28,44,509.4034,-83.9614,-0.1606,22,0.5500,0.8571,7,8,8,0,0,8,8,0.0000
4,16.0000,28,45,469.4332,-82.3195,-0.6350,11,0.2750,0.7778,9,6,4,0,0,6,4,0.3333
4,16.0000,28,46,409.0793,-83.6196,1.4481,11,0.2750,0.7143,7,7,4,0,0,7,4,0.4286
4,16.0000,29,1,304.1142,-77.8563,-1.2152,31,0.7561,0.0000,4,6,2,54,37,60,39,0.3500
4,16.0000,29,5,351.6496,-80.7468,-0.0756,25,0.6098,0.8000,20,8,8,0,0,8,8,0.0000
4,16.0000,29,8,735.3820,-85.3981,0.2099,4,0.0976,1.0000,6,8,8,0,0,8,8,0.0000
4,16.0000,29,10,323.0251,-79.4333,-1.3123,27,0.6585,0.2000,5,7,6,62,58,69,64,0.0725
4,16.0000,29,12,658.6923,-86.0950,0.3097,14,0.3415,0.8571,7,7,5,0,0,7,5,0.2857
4,16.0000,29,13,180.5297,-75.8381,0.8968,36,0.8780,0.0000,4,5,1,0,0,5,1,0.8000
4,16.0000,29,16,511.1726,-83.6982,0.8064,19,0.4634,0.6667,6,5,2,0,0,5,2,0.6000
4,16.0000,29,19,559.0463,-86.4797,0.3323,7,0.1707,1.0000,8,7,6,0,0,7,6,0.1429
4,16.0000,29,25,717.0329,-86.2717,0.6190,3,0.0732,1.0000,8,8,8,0,0,8,8,0.0000
4,16.0000,29,26,393.8643,-81.0967,-0.6100,26,0.6341,0.4000,5,5,1,0,0,5,1,0.8000
4,16.0000,29,27,720.5665,-86.5373,1.2618,7,0.1707,1.0000,8,8,8,0,0,8,8,0.0000
4,16.0000,29,34,376.2691,-82.2436,-0.0283,18,0.4390,1.0000,8,7,5,0,0,7,5,0.2857
4,16.0000,29,35,400.8111,-80.2967,-0.7996,30,0.7317,0.4000,5,7,5,0,0,7,5,0.2857
4,16.0000,29,36,198.9830,-75.5313,0.0838,36,0.8780,0.2073,82,5,2,10,2,15,4,0.7333
4,16.0000,29,38,847.9367,-86.5665,-0.2851,4,0.0976,1.0000,2,6,5,0,0,6,5,0.1667
4,16.0000,29,40,503.6288,-84.9222,-0.2532,9,0.2195,1.0000,8,6,4,0,0,6,4,0.3333
4,16.0000,29,43,726.6382,-85.0035,0.4343,4,0.0976,0.8571,7,8,8,0,0,8,8,0.0000
4,16.0000,29,47,201.5972,-75.9042,0.0177,31,0.7561,0.2000,5,5,1,0,0,5,1,0.8000
4,16.0000,30,0,819.7408,-85.9339,0.0868,3,0.0750,0.8571,7,8,8,0,0,8,8,0.0000
4,16.0000,30,3,616.3610,-84.4321,-0.6105,10,0.2500,0.8571,7,7,6,0,0,7,6,0.1429
4,16.0000,30,4,610.1428,-83.6778,-1.4064,7,0.1750,0.6667,6,8,8,0,0,8,8,0.0000
4,16.0000,30,7,693.6896,-85.8247,0.9457,4,0.1000,1.0000,8,8,8,0,0,8,8,0.0000
4,16.0000,30,14,454.7795,-83.5628,0.4323,21,0.5250,1.0000,8,7,5,0,0,7,5,0.2857
4,16.0000,30,15,466.0377,-81.9901,0.3049,13,0.3250,0.8750,8,8,8,0,0,8,8,0.0000
4,16.0000,30,18,354.4478,-80.2953,0.1391,27,0.6750,0.7500,8,8,7,0,0,8,7,0.1250
4,16.0000,30,24,233.4986,-78.4717,0.8786,32,0.8000,0.2000,5,4,0,0,0,4,0,1.0000
4,16.0000,30,28,602.1012,-83.6130,-0.1153,9,0.2250,0.8571,7,7,5,0,0,7,5,0.2857
4,16.0000,30,33,687.5393,-84.9711,-1.0315,7,0.1750,0.8571,7,7,6,0,0,7,6,0.1429
4,16.0000,30,37,693.4544,-85.2321,-1.8425,3,0.0750,1.0000,8,8,8,0,0,8,8,0.0000
4,16.0000,30,41,666.4888,-86.5567,-0.3940,5,0.1250,0.7143,7,7,6,0,0,7,6,0.1429
4,16.0000,30,42,123.6496,-70.7004,0.0026,36,0.9000,0.0000,4,4,0,0,0,4,0,1.0000
4,16.0000,30,44,219.5419,-77.6969,0.8184,32,0.8000,0.0000,4,6,2,0,0,6,2,0.6667
4,16.0000,31,0,523.7260,-83.9973,-0.2901,9,0.2250,0.7143,7,8,6,0,0,8,6,0.2500
4,16.0000,31,2,384.9149,-80.8985,-0.6789,25,0.6250,0.2857,7,5,4,0,0,5,4,0.2000
4,16.0000,31,3,1033.6801,-87.5754,-0.3747,5,0.1250,1.0000,4,4,4,0,0,4,4,0.0000
4,16.0000,31,4,844.5167,-87.4364,-0.3759,5,0.1250,1.0000,6,8,8,0,0,8,8,0.0000
4,16.0000,31,6,796.1109,-87.3745,0.0808,6,0.1500,1.0000,4,4,4,0,0,4,4,0.0000
4,16.0000,31,7,720.3633,-86.2273,0.5175,9,0.2250,1.0000,8,7,6,0,0,7,6,0.1429
4,16.0000,31,8,591.2355,-83.8868,0.1424,12,0.3000,1.0000,8,7,6,0,0,7,6,0.1429
4,16.0000,31,9,685.8030,-86.6476,0.5030,7,0.1750,0.8750,8,8,8,0,0,8,8,0.0000
4,16.0000,31,10,640.4933,-86.8983,0.1539,9,0.2250,1.0000,8,7,5,0,0,7,5,0.2857
4,16.0000,31,11,243.2535,-77.6007,0.2358,29,0.7250,0.0000,4,6,3,0,0,6,3,0.5000
4,16.0000,31,12,1086.3099,-89.2032,-0.3791,5,0.1250,1.0000,2,2,2,0,0,2,2,0.0000
4,16.0000,31,13,918.6757,-87.5218,-0.4042,6,0.1500,0.8333,6,4,4,0,0,4,4,0.0000
4,16.0000,31,15,1057.3040,-88.7135,-0.3498,6,0.1500,1.0000,8,8,8,0,0,8,8,0.0000
4,16.0000,31,16,884.2408,-87.9397,0.2977,6,0.1500,1.0000,8,8,8,0,0,8,8,0.0000
4,16.0000,31,17,345.8093,-81.2469,0.2619,17,0.4250,0.7500,8,7,5,0,0,7,5,0.2857
4,16.0000,31,19,290.8510,-79.2126,-0.0671,22,0.5500,0.4000,5,8,6,0,0,8,6,0.2500
4,16.0000,31,20,252.4939,-74.8078,-1.1087,31,0.7750,0.5000,6,6,4,0,0,6,4,0.3333
4,16.0000,31,21,715.4278,-86.9452,0.0881,11,0.2750,1.0000,6,6,5,0,0,6,5,0.1667
4,16.0000,31,22,362.6121,-78.7071,-0.7615,21,0.5250,0.0000,4,8,7,0,0,8,7,0.1250
4,16.0000,31,23,348.2581,-79.1107,0.0231,27,0.6750,0.0000,4,8,7,0,0,8,7,0.1250
4,16.0000,31,25,170.6286,-72.7975,-0.4954,34,0.8500,0.0000,4,4,0,0,0,4,0,1.0000
4,16.0000,31,26,913.6817,-87.6603,-1.0391,6,0.1500,0.8000,5,4,4,0,0,4,4,0.0000
4,16.0000,31,27,368.6205,-80.3111,-0.6784,22,0.5500,0.8750,8,7,6,0,0,7,6,0.1429
4,16.0000,31,29,787.3877,-88.1189,-0.2592,8,0.2000,0.9474,19,8,8,4,4,12,12,0.0000
4,16.0000,31,32,335.7739,-81.3513,0.0189,16,0.4000,0.5714,7,5,2,0,0,5,2,0.6000
4,16.0000,31,33,760.8029,-88.0812,-0.4593,9,0.2250,1.0000,6,8,8,0,0,8,8,0.0000
4,16.0000,31,34,737.4398,-86.4610,-0.2801,8,0.2000,0.9708,137,6,6,86,86,92,92,0.0000
4,16.0000,31,36,969.7476,-87.6984,1.9229,5,0.1250,1.0000,6,2,2,0,0,2,2,0.0000
4,16.0000,31,37,745.5059,-87.2782,0.5660,8,0.2000,0.7500,4,5,4,0,0,5,4,0.2000
4,16.0000,31,38,617.1864,-84.9248,-0.4163,13,0.3250,1.0000,8,7,6,0,0,7,6,0.1429
4,16.0000,31,39,410.1502,-83.5664,0.9669,16,0.4000,0.8571,7,8,8,0,0,8,8,0.0000
4,16.0000,31,40,622.4162,-84.9188,1.3294,11,0.2750,0.8571,7,8,8,54,54,62,62,0.0000
4,16.0000,31,41,717.6838,-85.2298,-0.1672,9,0.2250,0.7500,8,4,4,0,0,4,4,0.0000
4,16.0000,31,43,344.3112,-80.9914,-0.2141,20,0.5000,0.7143,7,7,3,0,0,7,3,0.5714
4,16.0000,31,45,613.2774,-86.7297,-1.1629,8,0.2000,1.0000,8,7,6,0,0,7,6,0.1429
4,16.0000,31,46,610.2430,-84.7157,0.5859,9,0.2250,0.8333,6,7,6,0,0,7,6,0.1429
4,16.0000,31,47,699.7351,-85.7602,0.0467,9,0.2250,1.0000,6,8,7,0,0,8,7,0.1250
4,16.0000,32,0,251.4898,-75.7903,-0.8263,27,0.6750,0.3333,6,7,5,0,0,7,5,0.2857
4,16.0000,32,2,575.5321,-85.0256,0.6741,8,0.2000,0.8571,7,7,5,0,0,7,5,0.2857
4,16.0000,32,3,730.7713,-85.0927,-0.4320,10,0.2500,1.0000,8,2,2,0,0,2,2,0.0000
4,16.0000,32,4,515.5470,-82.6537,0.2891,15,0.3750,0.7143,7,8,8,0,0,8,8,0.0000
4,16.0000,32,6,664.6420,-84.2870,0.3284,8,0.2000,0.8750,8,7,6,0,0,7,6,0.1429
4,16.0000,32,7,450.1776,-80.5919,-0.4496,18,0.4500,0.6250,8,8,7,0,0,8,7,0.1250
4,16.0000,32,9,519.6787,-84.3081,0.1229,11,0.2750,1.0000,6,8,5,0,0,8,5,0.3750
4,16.0000,32,11,354.8528,-80.6532,0.1600,9,0.2250,0.8750,8,7,6,0,0,7,6,0.1429
4,16.0000,32,15,767.2541,-85.6653,-0.7786,12,0.3000,1.0000,8,8,8,0,0,8,8,0.0000
4,16.0000,32,17,175.6549,-75.2782,0.5414,28,0.7000,0.0000,4,5,1,0,0,5,1,0.8000
4,16.0000,32,18,942.1901,-87.4508,-0.4762,4,0.1000,1.0000,2,8,8,0,0,8,8,0.0000
4,16.0000,32,19,624.8712,-84.8298,0.7598,4,0.1000,0.8571,7,7,6,0,0,7,6,0.1429
4,16.0000,32,20,396.6732,-82.0015,0.8426,12,0.3000,0.3333,6,7,6,0,0,7,6,0.1429
4,16.0000,32,21,755.9860,-86.1801,-0.8225,4,0.1000,1.0000,8,8,8,0,0,8,8,0.0000
4,16.0000,32,22,167.8983,-75.1817,0.5390,29,0.7250,0.6000,5,6,2,0,0,6,2,0.6667
4,16.0000,32,23,175.9406,-76.0106,0.4254,29,0.7250,0.2000,5,6,2,0,0,6,2,0.6667
4,16.0000,32,25,385.8340,-82.0015,0.6778,15,0.3750,0.8000,5,6,4,0,0,6,4,0.3333
4,16.0000,32,27,652.4487,-86.4398,1.6435,5,0.1250,1.0000,8,5,4,0,0,5,4,0.2000
4,16.0000,32,28,685.6600,-85.4670,-0.3212,9,0.2250,1.0000,8,8,7,0,0,8,7,0.1250
4,16.0000,32,30,1036.4995,-87.7920,1.0186,5,0.1250,1.0000,4,4,4,0,0,4,4,0.0000
4,16.0000,32,31,335.7739,-80.7003,0.2410,9,0.2250,1.0000,8,6,3,0,0,6,3,0.5000
4,16.0000,32,33,537.0590,-82.9896,-0.2893,17,0.4250,1.0000,8,6,4,0,0,6,4,0.3333
4,16.0000,32,37,568.7824,-83.6413,-1.0017,15,0.3750,1.0000,8,6,3,0,0,6,3,0.5000
4,16.0000,32,38,581.7510,-84.2784,1.5934,7,0.1750,1.0000,8,7,5,0,0,7,5,0.2857
4,16.0000,32,39,128.2135,-71.9461,0.5167,32,0.8000,0.0000,4,5,1,0,0,5,1,0.8000
4,16.0000,32,40,834.5101,-88.1344,0.5797,4,0.1000,1.0000,2,8,8,0,0,8,8,0.0000
4,16.0000,32,41,487.2781,-81.8650,0.1346,19,0.4750,0.5714,7,5,3,0,0,5,3,0.4000
4,16.0000,32,43,477.7561,-84.0265,1.1477,8,0.2000,1.0000,8,7,6,0,0,7,6,0.1429
4,16.0000,32,45,324.1819,-78.6381,-0.3469,27,0.6750,0.0000,4,7,5,0,0,7,5,0.2857
4,16.0000,32,46,350.2498,-78.3867,-0.9980,23,0.5750,0.8750,8,8,5,0,0,8,5,0.3750
4,16.0000,33,0,422.2755,-82.6226,-0.1963,14,0.3500,0.8750,8,8,8,0,0,8,8,0.0000
4,16.0000,33,2,799.9366,-88.3843,0.0760,5,0.1250,1.0000,8,7,6,0,0,7,6,0.1429
4,16.0000,33,3,767.6877,-85.5820,-1.5980,7,0.1750,0.8571,7,8,8,0,0,8,8,0.0000
4,16.0000,33,4,522.8145,-82.8817,0.2252,19,0.4750,0.8571,7,8,8,0,0,8,8,0.0000
4,16.0000,33,6,353.5659,-81.7658,0.7857,23,0.5750,0.8571,7,7,4,0,0,7,4,0.4286
4,16.0000,33,7,526.1549,-84.4411,-0.0643,11,0.2750,1.0000,8,8,8,0,0,8,8,0.0000
4,16.0000,33,9,141.7707,-73.8053,1.5040,36,0.9000,0.0000,4,5,1,0,0,5,1,0.8000
4,16.0000,33,11,789.7834,-86.4183,0.9238,7,0.1750,1.0000,8,8,8,0,0,8,8,0.0000
4,16.0000,33,15,686.7777,-84.9611,-0.0995,11,0.2750,0.8333,6,8,8,0,0,8,8,0.0000
4,16.0000,33,17,706.2551,-86.1679,0.5552,5,0.1250,1.0000,8,8,8,0,0,8,8,0.0000
4,16.0000,33,18,521.6191,-84.4826,0.6368,25,0.6250,0.8571,7,8,7,0,0,8,7,0.1250
4,16.0000,33,19,1023.9992,-88.5949,-0.7899,3,0.0750,1.0000,6,8,8,0,0,8,8,0.0000
4,16.0000,33,20,913.9461,-88.0794,-0.6098,3,0.0750,1.0000,8,8,8,0,0,8,8,0.0000
4,16.0000,33,22,686.5462,-84.0286,0.0470,8,0.2000,1.0000,8,8,8,0,0,8,8,0.0000
4,16.0000,33,23,540.1907,-85.9126,0.3922,9,0.2250,0.8750,8,8,8,0,0,8,8,0.0000
4,16.0000,33,24,817.9557,-87.2695,-0.0615,5,0.1250,0.8571,7,10,9,0,0,10,9,0.1000
4,16.0000,33,25,843.8837,-86.6453,0.6312,5,0.1250,1.0000,8,6,6,0,0,6,6,0.0000
4,16.0000,33,28,717.4267,-87.2343,0.1166,8,0.2000,0.8750,8,8,8,0,0,8,8,0.0000
4,16.0000,33,30,687.5393,-85.2203,-0.5935,16,0.4000,1.0000,8,6,6,0,0,6,6,0.0000
4,16.0000,33,31,760.8029,-87.6008,1.1756,6,0.1500,1.0000,8,7,6,0,0,7,6,0.1429
4,16.0000,33,32,537.0590,-84.3968,-0.7725,9,0.2250,1.0000,8,8,7,0,0,8,7,0.1250
4,16.0000,33,37,270.1194,-78.1733,0.3712,31,0.7750,0.2857,7,6,3,0,0,6,3,0.5000
4,16.0000,33,39,481.3030,-80.9331,-0.1108,13,0.3250,0.6667,6,7,6,0,0,7,6,0.1429
4,16.0000,33,41,113.7140,-70.1400,0.1620,35,0.8750,0.0000,4,5,2,0,0,5,2,0.6000
4,16.0000,33,42,738.6629,-85.8150,-0.5223,13,0.3250,0.8571,7,8,8,0,0,8,8,0.0000
4,16.0000,33,44,807.2222,-87.0506,-0.5752,7,0.1750,1.0000,6,6,6,0,0,6,6,0.0000
4,16.0000,33,45,683.6028,-85.6083,0.0644,9,0.2250,0.8750,8,8,8,0,0,8,8,0.0000
4,16.0000,33,46,508.7382,-83.7171,-0.0560,12,0.3000,0.8571,7,8,8,0,0,8,8,0.0000
4,16.0000,34,1,450.0535,-82.3394,0.4295,28,0.7000,0.8750,8,6,3,0,0,6,3,0.5000
4,16.0000,34,5,176.1326,-74.2021,0.1838,33,0.8250,0.2000,5,4,0,0,0,4,0,1.0000
4,16.0000,34,8,800.4369,-85.6555,0.2141,7,0.1750,1.0000,8,6,6,0,0,6,6,0.0000
4,16.0000,34,10,562.9928,-83.1367,-0.1984,14,0.3500,1.0000,8,8,8,0,0,8,8,0.0000
4,16.0000,34,12,931.0253,-87.7021,0.1009,4,0.1000,1.0000,6,6,5,0,0,6,5,0.1667
4,16.0000,34,13,340.6612,-81.3439,0.9520,27,0.6750,0.6154,13,5,4,3,2,8,6,0.2500
4,16.0000,34,16,775.9812,-86.3131,-0.2785,6,0.1500,1.0000,8,8,7,0,0,8,7,0.1250
4,16.0000,34,17,788.8625,-87.1170,-1.9265,3,0.0750,1.0000,8,8,8,0,0,8,8,0.0000
4,16.0000,34,19,624.7334,-84.4182,-1.6190,10,0.2500,1.0000,8,7,6,0,0,7,6,0.1429
4,16.0000,34,20,554.7459,-85.0963,-0.2806,6,0.1500,0.8750,8,7,6,0,0,7,6,0.1429
4,16.0000,34,21,405.0730,-80.8786,-0.0506,20,0.5000,0.6667,6,6,4,17,12,23,16,0.3043
4,16.0000,34,22,813.9531,-87.3570,-3.2793,3,0.0750,1.0000,8,6,6,0,0,6,6,0.0000
4,16.0000,34,26,215.8770,-76.6595,0.7083,37,0.9250,0.0000,4,4,0,0,0,4,0,1.0000
4,16.0000,34,27,736.4302,-85.0196,-0.7164,3,0.0750,0.8571,7,8,8,2,2,10,10,0.0000
4,16.0000,34,29,376.2691,-82.0750,0.6568,22,0.5500,0.8750,8,6,4,0,0,6,4,0.3333
4,16.0000,34,31,737.4398,-86.4873,-2.3651,4,0.1000,1.0000,8,8,8,0,0,8,8,0.0000
4,16.0000,34,35,634.7024,-85.4879,-0.0845,20,0.5000,1.0000,8,7,6,0,0,7,6,0.1429
4,16.0000,34,36,411.2939,-82.5407,0.5308,26,0.6500,0.7143,7,6,3,0,0,6,3,0.5000
4,16.0000,34,38,590.0134,-83.0255,-2.1361,13,0.3250,0.8571,7,7,6,0,0,7,6,0.1429
4,16.0000,34,40,318.6617,-78.6717,-0.2307,32,0.8000,0.6667,6,5,2,0,0,5,2,0.6000
4,16.0000,34,43,539.8540,-82.5455,-0.5445,12,0.3000,0.8750,8,8,8,0,0,8,8,0.0000
4,16.0000,34,47,265.8611,-80.5529,-0.0959,25,0.6250,0.5000,6,4,0,0,0,4,0,1.0000
4,16.0000,35,1,199.4569,-75.6554,-0.6234,34,0.8500,0.2000,5,7,3,0,0,7,3,0.5714
4,16.0000,35,5,494.4410,-83.2541,-0.1971,15,0.3750,0.7143,7,7,6,0,0,7,6,0.1429
4,16.0000,35,8,898.7921,-88.2232,1.2727,3,0.0750,1.0000,8,6,6,0,0,6,6,0.0000
4,16.0000,35,10,557.0282,-85.1963,-1.1882,10,0.2500,1.0000,8,7,6,0,0,7,6,0.1429
4,16.0000,35,12,539.3302,-84.6250,0.3447,19,0.4750,0.7143,7,7,6,0,0,7,6,0.1429
4,16.0000,35,13,357.9482,-79.5755,-0.3368,27,0.6750,0.0000,4,6,4,0,0,6,4,0.3333
4,16.0000,35,16,522.0443,-84.3052,-0.2753,18,0.4500,1.0000,8,7,6,0,0,7,6,0.1429
4,16.0000,35,21,1030.6873,-88.9108,-0.0282,3,0.0750,1.0000,6,6,6,0,0,6,6,0.0000
4,16.0000,35,26,597.1631,-84.7834,-0.2821,16,0.4000,0.8750,8,10,10,0,0,10,10,0.0000
4,16.0000,35,29,400.8111,-81.3281,-0.1595,18,0.4500,0.5000,6,7,6,0,0,7,6,0.1429
4,16.0000,35,34,634.7024,-86.1061,1.0958,8,0.2000,0.6667,6,8,8,0,0,8,8,0.0000
4,16.0000,35,36,283.0752,-78.8232,0.3178,30,0.7500,0.2000,5,4,0,0,0,4,0,1.0000
4,16.0000,35,40,711.2376,-87.3818,0.9076,4,0.1000,1.0000,8,10,10,0,0,10,10,0.0000
4,16.0000,35,47,468.8462,-82.5082,-0.6737,18,0.4500,0.5000,6,6,4,0,0,6,4,0.3333
4,16.0000,36,1,148.3234,-73.4440,-0.1257,39,0.9750,0.2000,5,4,0,0,0,4,0,1.0000
4,16.0000,36,5,309.9131,-79.9423,0.0357,25,0.6250,0.2000,5,6,3,14,9,20,12,0.4000
4,16.0000,36,8,882.3823,-87.2858,-0.7620,4,0.1000,1.0000,8,6,6,0,0,6,6,0.0000
4,16.0000,36,10,492.8111,-82.9977,0.5132,15,0.3750,0.8000,5,8,8,0,0,8,8,0.0000
4,16.0000,36,12,707.8330,-86.3048,0.4652,9,0.2250,0.8000,5,8,8,0,0,8,8,0.0000
4,16.0000,36,13,80.0508,-59.0071,-3.6619,36,0.9000,0.0000,4,4,0,0,0,4,0,1.0000
4,16.0000,36,16,607.5470,-87.0568,0.7633,7,0.1750,1.0000,8,8,6,0,0,8,6,0.2500
4,16.0000,36,19,750.7248,-88.3732,1.4844,4,0.1000,1.0000,8,8,8,0,0,8,8,0.0000
4,16.0000,36,21,815.4726,-88.1545,-0.3260,3,0.0750,1.0000,8,8,8,0,0,8,8,0.0000
4,16.0000,36,26,344.3331,-77.0843,-1.3531,31,0.7750,0.2000,5,6,2,0,0,6,2,0.6667
4,16.0000,36,29,198.9830,-75.9576,0.6385,34,0.8500,0.2000,5,4,0,0,0,4,0,1.0000
4,16.0000,36,34,411.2939,-81.2841,0.1513,16,0.4000,1.0000,8,7,4,0,0,7,4,0.4286
4,16.0000,36,35,283.0752,-78.8023,-0.4731,33,0.8250,0.0000,4,6,2,0,0,6,2,0.6667
4,16.0000,36,38,946.7607,-87.6643,3.3291,3,0.0750,1.0000,8,8,8,0,0,8,8,0.0000
4,16.0000,36,40,587.8615,-84.1589,-1.4997,9,0.2250,1.0000,8,7,6,0,0,7,6,0.1429
4,16.0000,36,47,309.7108,-80.1550,-0.2526,23,0.5750,0.5714,7,5,1,0,0,5,1,0.8000
4,16.0000,37,0,382.7816,-80.9560,0.6734,15,0.3846,0.8571,7,7,6,0,0,7,6,0.1429
4,16.0000,37,3,742.7241,-85.7218,-0.5930,10,0.2564,0.7500,8,8,8,0,0,8,8,0.0000
4,16.0000,37,4,572.2962,-85.0608,-0.9536,12,0.3077,0.8571,7,8,8,0,0,8,8,0.0000
4,16.0000,37,6,128.9301,-74.8827,0.8194,36,0.9231,0.0000,4,5,1,0,0,5,1,0.8000
4,16.0000,37,7,442.3973,-83.6132,-1.1685,11,0.2821,0.7500,8,6,3,0,0,6,3,0.5000
4,16.0000,37,9,290.4646,-79.6291,0.0267,33,0.8462,0.5000,6,5,2,0,0,5,2,0.6000
4,16.0000,37,11,707.3637,-87.0449,-0.3459,5,0.1282,1.0000,8,8,8,0,0,8,8,0.0000
4,16.0000,37,14,902.9191,-87.4906,0.1420,6,0.1538,,0,4,4,0,0,4,4,0.0000
4,16.0000,37,15,620.9235,-84.9504,-0.7228,14,0.3590,0.8571,7,8,8,0,0,8,8,0.0000
4,16.0000,37,17,731.1983,-86.3859,2.8390,6,0.1538,1.0000,8,8,8,0,0,8,8,0.0000
4,16.0000,37,18,445.0568,-84.1347,0.2125,19,0.4872,0.7143,7,8,8,0,0,8,8,0.0000
4,16.0000,37,22,731.7416,-86.5494,-1.4384,6,0.1538,1.0000,8,8,7,0,0,8,7,0.1250
4,16.0000,37,23,636.4801,-84.7608,-0.3617,6,0.1538,1.0000,8,8,8,0,0,8,8,0.0000
4,16.0000,37,24,789.7348,-87.2526,-0.3094,12,0.3077,1.0000,8,8,8,0,0,8,8,0.0000
4,16.0000,37,25,785.9592,-88.0834,-1.4885,3,0.0769,0.8750,8,8,8,0,0,8,8,0.0000
4,16.0000,37,28,691.8011,-86.8183,-0.3073,9,0.2308,1.0000,8,10,10,0,0,10,10,0.0000
4,16.0000,37,30,693.4544,-85.7861,-0.1886,18,0.4615,0.8571,7,8,8,0,0,8,8,0.0000
4,16.0000,37,32,568.7824,-83.3834,-1.0848,11,0.2821,1.0000,8,8,8,0,0,8,8,0.0000
4,16.0000,37,33,270.1194,-78.0480,0.0087,22,0.5641,0.0000,4,7,4,0,0,7,4,0.4286
4,16.0000,37,39,471.5877,-82.3048,-0.8256,16,0.4103,0.5000,6,7,6,0,0,7,6,0.1429
4,16.0000,37,41,185.4534,-74.6393,-0.3309,32,0.8205,0.0000,4,4,0,0,0,4,0,1.0000
4,16.0000,37,42,773.9075,-86.2643,-0.7381,13,0.3333,1.0000,8,6,6,0,0,6,6,0.0000
4,16.0000,37,44,763.5523,-87.8342,-0.6055,8,0.2051,1.0000,8,7,6,0,0,7,6,0.1429
4,16.0000,37,45,715.9578,-85.2735,0.0091,9,0.2308,1.0000,8,8,8,0,0,8,8,0.0000
4,16.0000,37,46,429.8927,-82.5752,-0.2906,17,0.4359,0.8571,7,7,6,0,0,7,6,0.1429
4,16.0000,38,4,830.2964,-87.5690,-0.3206,3,0.0750,1.0000,6,8,8,0,0,8,8,0.0000
4,16.0000,38,5,762.9336,-85.5223,-1.2314,8,0.2000,1.0000,8,8,8,0,0,8,8,0.0000
4,16.0000,38,7,754.4697,-86.9819,0.8365,5,0.1250,1.0000,8,8,8,0,0,8,8,0.0000
4,16.0000,38,11,511.0531,-83.3516,-0.6258,8,0.2000,1.0000,8,7,6,0,0,7,6,0.1429
4,16.0000,38,13,868.3157,-87.1080,-0.4622,5,0.1250,1.0000,8,8,7,0,0,8,7,0.1250
4,16.0000,38,17,417.7783,-81.6894,-0.4468,7,0.1750,1.0000,8,8,8,0,0,8,8,0.0000
4,16.0000,38,19,744.2328,-86.3536,0.6375,6,0.1500,0.8571,7,6,6,0,0,6,6,0.0000
4,16.0000,38,20,379.9650,-80.6164,-0.2898,12,0.3000,1.0000,8,6,6,0,0,6,6,0.0000
4,16.0000,38,21,356.8733,-79.2390,-0.6065,26,0.6500,0.3333,6,7,6,0,0,7,6,0.1429
4,16.0000,38,22,454.6714,-83.5339,0.4731,9,0.2250,1.0000,8,8,8,0,0,8,8,0.0000
4,16.0000,38,23,682.5612,-87.5476,0.5231,4,0.1000,0.8750,8,8,7,0,0,8,7,0.1250
4,16.0000,38,25,514.3555,-84.1148,1.2345,9,0.2250,0.8750,8,8,8,0,0,8,8,0.0000
4,16.0000,38,26,688.2817,-85.5816,0.8137,6,0.1500,1.0000,4,8,8,0,0,8,8,0.0000
4,16.0000,38,27,870.4031,-88.1191,-0.3992,3,0.0750,1.0000,8,4,4,0,0,4,4,0.0000
4,16.0000,38,31,617.1864,-86.4929,-0.1140,5,0.1250,1.0000,8,6,6,0,0,6,6,0.0000
4,16.0000,38,32,581.7510,-84.0511,0.9747,5,0.1250,1.0000,8,8,8,0,0,8,8,0.0000
4,16.0000,38,34,590.0134,-84.3253,-0.5553,8,0.2000,1.0000,8,8,8,0,0,8,8,0.0000
4,16.0000,38,36,946.7607,-86.7457,-0.6062,5,0.1250,1.0000,8,2,2,0,0,2,2,0.0000
4,16.0000,38,39,620.9142,-85.8965,0.3750,5,0.1250,1.0000,8,7,6,0,0,7,6,0.1429
4,16.0000,38,40,690.6306,-87.2356,-0.3061,8,0.2000,0.8750,8,6,5,0,0,6,5,0.1667
4,16.0000,38,43,519.0021,-82.5832,-0.0978,7,0.1750,1.0000,8,8,8,0,0,8,8,0.0000
4,16.0000,38,45,488.1208,-84.0725,0.4657,10,0.2500,0.8750,8,8,7,0,0,8,7,0.1250
4,16.0000,38,46,686.6310,-86.3450,-1.2529,3,0.0750,1.0000,8,6,3,0,0,6,3,0.5000
4,16.0000,38,47,770.6137,-86.9212,-0.9895,4,0.1000,1.0000,6,7,6,0,0,7,6,0.1429
4,16.0000,39,0,127.4597,-69.8541,0.1399,36,0.9000,0.4000,5,7,4,0,0,7,4,0.4286
4,16.0000,39,2,662.9338,-86.0364,0.0606,11,0.2750,0.8750,8,8,7,0,0,8,7,0.1250
4,16.0000,39,3,641.8180,-85.3865,-0.2486,17,0.4250,0.8750,8,8,8,0,0,8,8,0.0000
4,16.0000,39,4,441.8130,-83.0893,0.5464,19,0.4750,0.7500,8,7,5,0,0,7,5,0.2857
4,16.0000,39,6,573.1802,-85.6097,-0.5377,17,0.4250,0.8571,7,8,8,0,0,8,8,0.0000
4,16.0000,39,7,331.4578,-79.8296,-0.6107,26,0.6500,0.0000,4,8,6,0,0,8,6,0.2500
4,16.0000,39,9,481.5921,-84.6564,-0.5325,19,0.4750,0.5714,7,5,2,0,0,5,2,0.6000
4,16.0000,39,11,365.4187,-81.5720,0.0783,18,0.4500,0.8571,7,8,5,0,0,8,5,0.3750
4,16.0000,39,15,657.5378,-85.4846,-0.1755,14,0.3500,0.8571,7,8,8,0,0,8,8,0.0000
4,16.0000,39,17,262.1486,-79.4319,0.8258,19,0.4750,0.5000,6,3,0,0,0,3,0,1.0000
4,16.0000,39,18,835.9222,-88.0539,0.7996,9,0.2250,1.0000,4,6,5,0,0,6,5,0.1667
4,16.0000,39,19,696.4270,-87.0470,-0.0668,8,0.2000,0.8571,7,8,8,0,0,8,8,0.0000
4,16.0000,39,20,467.2440,-82.6189,-0.2985,12,0.3000,0.8750,8,7,5,0,0,7,5,0.2857
4,16.0000,39,21,842.5883,-87.9229,-0.1763,4,0.1000,1.0000,6,4,4,0,0,4,4,0.0000
4,16.0000,39,22,269.0388,-79.9075,0.1088,21,0.5250,0.2000,5,7,4,0,0,7,4,0.4286
4,16.0000,39,23,285.7540,-79.6983,0.3701,24,0.6000,0.4000,5,4,0,0,0,4,0,1.0000
4,16.0000,39,24,952.1596,-88.3022,-0.5996,6,0.1500,,0,6,6,0,0,6,6,0.0000
4,16.0000,39,25,430.4280,-82.3608,-0.4098,15,0.3750,0.7500,8,7,6,0,0,7,6,0.1429
4,16.0000,39,27,749.5342,-87.3593,-0.6666,8,0.2000,0.8750,8,4,4,0,0,4,4,0.0000
4,16.0000,39,28,594.1469,-85.3731,-0.9906,16,0.4000,0.7143,7,8,7,0,0,8,7,0.1250
4,16.0000,39,30,937.3596,-86.6350,-0.5614,6,0.1500,1.0000,8,6,6,0,0,6,6,0.0000
4,16.0000,39,31,410.1502,-82.6640,1.8311,16,0.4000,0.7143,7,7,5,0,0,7,5,0.2857
4,16.0000,39,32,128.2135,-71.8299,0.4497,31,0.7750,0.0000,3,5,1,0,0,5,1,0.8000
4,16.0000,39,33,481.3030,-82.1140,-0.1293,23,0.5750,0.8571,7,8,8,28,25,36,33,0.0833
4,16.0000,39,34,1014.4489,-88.4325,0.8233,3,0.0750,1.0000,4,4,4,0,0,4,4,0.0000
4,16.0000,39,37,471.5877,-81.4648,0.2927,22,0.5500,0.7143,7,8,7,0,0,8,7,0.1250
4,16.0000,39,38,620.9142,-86.2948,0.3120,9,0.2250,1.0000,8,8,8,0,0,8,8,0.0000
4,16.0000,39,40,943.0271,-88.6816,-0.2975,4,0.1000,1.0000,6,4,4,0,0,4,4,0.0000
4,16.0000,39,41,409.7997,-80.6874,-0.9318,21,0.5250,0.5714,7,6,4,0,0,6,4,0.3333
4,16.0000,39,43,594.2828,-87.1900,0.2934,10,0.2500,1.0000,8,7,5,0,0,7,5,0.2857
4,16.0000,39,44,952.1261,-88.9639,-0.2802,9,0.2250,1.0000,8,6,6,0,0,6,6,0.0000
4,16.0000,39,45,315.2797,-79.6696,-0.7711,24,0.6000,0.5000,6,6,3,0,0,6,3,0.5000
4,16.0000,39,46,228.4891,-75.5140,-0.5822,35,0.8750,0.2000,5,6,4,0,0,6,4,0.3333
4,16.0000,39,47,1054.9831,-89.0619,-0.4749,3,0.0750,1.0000,4,2,2,0,0,2,2,0.0000
4,16.0000,40,1,578.6023,-84.0103,-0.2181,17,0.4250,0.8750,8,7,5,0,0,7,5,0.2857
4,16.0000,40,2,718.5149,-85.8315,-0.1012,8,0.2000,1.0000,8,8,7,0,0,8,7,0.1250
4,16.0000,40,5,373.3717,-80.2684,-0.3215,26,0.6500,0.5000,6,8,8,0,0,8,8,0.0000
4,16.0000,40,8,543.5925,-83.1357,0.2480,13,0.3250,0.9342,76,7,5,10,10,17,15,0.1176
4,16.0000,40,10,497.5769,-84.1799,0.3730,16,0.4000,0.8750,8,7,5,62,56,69,61,0.1159
4,16.0000,40,11,740.3125,-85.4871,0.7934,4,0.1000,1.0000,8,8,8,0,0,8,8,0.0000
4,16.0000,40,12,828.6750,-87.8980,0.0052,3,0.0750,1.0000,6,6,6,0,0,6,6,0.0000
4,16.0000,40,13,544.6628,-84.4928,-0.7818,14,0.3500,0.8571,7,10,9,0,0,10,9,0.1000
4,16.0000,40,16,669.3813,-87.0407,0.0910,6,0.1500,1.0000,8,7,6,0,0,7,6,0.1429
4,16.0000,40,17,719.4662,-88.1257,0.4460,4,0.1000,0.8750,8,8,8,0,0,8,8,0.0000
4,16.0000,40,19,509.1840,-82.7249,-0.8295,12,0.3000,0.8571,7,7,6,0,0,7,6,0.1429
4,16.0000,40,20,527.6322,-85.5902,-0.7620,7,0.1750,1.0000,8,7,6,0,0,7,6,0.1429
4,16.0000,40,21,464.0397,-82.0892,-0.7838,16,0.4000,0.9136,81,6,4,0,0,6,4,0.3333
4,16.0000,40,22,726.1587,-86.2796,-0.9134,5,0.1250,0.8571,7,9,8,0,0,9,8,0.1111
4,16.0000,40,25,632.5862,-84.3798,0.3363,4,0.1000,1.0000,8,8,8,2,2,10,10,0.0000
4,16.0000,40,26,524.7715,-83.2155,0.1110,19,0.4750,0.5714,7,8,8,0,0,8,8,0.0000
4,16.0000,40,27,506.1205,-83.4469,0.4853,13,0.3250,0.8571,7,10,10,0,0,10,10,0.0000
4,16.0000,40,29,503.6288,-84.7070,0.3113,16,0.4000,1.0000,8,6,3,0,0,6,3,0.5000
4,16.0000,40,31,622.4162,-84.9562,-0.8390,11,0.2750,0.8571,7,7,6,0,0,7,6,0.1429
4,16.0000,40,34,318.6617,-79.8235,0.1621,28,0.7000,0.5000,6,6,4,4,4,10,8,0.2000
4,16.0000,40,35,711.2376,-85.7975,0.4143,10,0.2500,1.0000,8,7,5,0,0,7,5,0.2857
4,16.0000,40,36,587.8615,-85.7900,0.3472,15,0.3750,0.8750,8,8,7,0,0,8,7,0.1250
4,16.0000,40,38,690.6306,-85.5935,-0.8272,8,0.2000,1.0000,8,8,8,0,0,8,8,0.0000
4,16.0000,40,43,365.1120,-78.2347,-0.7334,23,0.5750,0.8571,7,7,6,63,61,70,67,0.0429
4,16.0000,40,45,968.8232,-88.7732,0.1403,4,0.1000,1.0000,8,8,8,0,0,8,8,0.0000
4,16.0000,40,47,304.3142,-80.7709,0.5607,22,0.5500,0.7143,7,6,4,0,0,6,4,0.3333
4,16.0000,41,0,332.6999,-80.6352,0.6431,23,0.5750,0.7143,7,7,6,0,0,7,6,0.1429
4,16.0000,41,2,809.0755,-86.7009,1.5431,4,0.1000,0.8750,8,6,6,0,0,6,6,0.0000
4,16.0000,41,3,693.5895,-84.5656,-0.5295,12,0.3000,1.0000,8,7,6,0,0,7,6,0.1429
4,16.0000,41,4,467.1871,-83.1485,0.1492,14,0.3500,0.8571,7,7,6,0,0,7,6,0.1429
4,16.0000,41,6,295.7615,-79.2080,0.0089,33,0.8250,0.5000,6,5,2,0,0,5,2,0.6000
4,16.0000,41,7,425.3828,-84.3069,0.2995,16,0.4000,0.7143,7,5,2,0,0,5,2,0.6000
4,16.0000,41,9,193.9871,-75.8765,0.6305,37,0.9250,0.0000,4,6,4,0,0,6,4,0.3333
4,16.0000,41,11,715.2388,-87.4479,0.2662,4,0.1000,1.0000,8,5,4,0,0,5,4,0.2000
4,16.0000,41,14,889.7520,-86.9767,0.4069,3,0.0750,1.0000,4,4,4,0,0,4,4,0.0000
4,16.0000,41,15,606.9206,-84.6819,0.2123,13,0.3250,0.8571,7,8,8,0,0,8,8,0.0000
4,16.0000,41,17,654.3469,-86.9330,-0.4187,6,0.1500,1.0000,8,7,6,0,0,7,6,0.1429
4,16.0000,41,18,493.0698,-84.3349,0.4936,15,0.3750,0.8750,8,6,3,0,0,6,3,0.5000
4,16.0000,41,20,855.8568,-86.0298,-1.1528,5,0.1250,0.8571,7,8,8,0,0,8,8,0.0000
4,16.0000,41,22,642.2497,-84.9602,-0.2236,6,0.1500,1.0000,8,8,8,0,0,8,8,0.0000
4,16.0000,41,23,526.3257,-83.4328,0.8346,8,0.2000,0.7500,8,8,8,0,0,8,8,0.0000
4,16.0000,41,24,771.9937,-86.7235,-0.5724,5,0.1250,1.0000,6,8,8,0,0,8,8,0.0000
4,16.0000,41,25,780.9656,-85.2604,-0.1960,6,0.1500,0.8750,8,4,4,0,0,4,4,0.0000
4,16.0000,41,28,641.9117,-85.8993,1.0704,9,0.2250,0.8750,8,8,8,0,0,8,8,0.0000
4,16.0000,41,30,666.4888,-86.1548,0.0033,14,0.3500,0.8571,7,8,8,0,0,8,8,0.0000
4,16.0000,41,31,717.6838,-86.0291,-1.7736,4,0.1000,1.0000,8,7,6,0,0,7,6,0.1429
4,16.0000,41,32,487.2781,-82.1670,-0.5096,11,0.2750,1.0000,8,8,8,0,0,8,8,0.0000
4,16.0000,41,33,113.7140,-70.5720,0.3003,38,0.9500,0.0000,3,5,1,0,0,5,1,0.8000
4,16.0000,41,37,185.4534,-74.5707,-0.4640,32,0.8000,0.0000,4,4,0,0,0,4,0,1.0000
4,16.0000,41,39,409.7997,-79.6632,-0.8304,20,0.5000,0.6667,6,6,4,0,0,6,4,0.3333
4,16.0000,41,42,723.1284,-86.0459,-0.2394,12,0.3000,1.0000,8,4,2,0,0,4,2,0.5000
4,16.0000,41,44,758.7837,-86.9244,-0.8260,6,0.1500,1.0000,8,8,7,0,0,8,7,0.1250
4,16.0000,41,45,622.8540,-85.3184,-0.2299,6,0.1500,0.6667,6,8,7,0,0,8,7,0.1250
4,16.0000,41,46,408.7132,-81.6061,-0.1431,16,0.4000,0.8750,8,7,6,0,0,7,6,0.1429
4,16.0000,42,0,854.5998,-86.7060,-0.6067,3,0.0750,0.8750,8,8,8,0,0,8,8,0.0000
4,16.0000,42,3,593.4492,-84.8731,-0.6283,8,0.2000,1.0000,8,7,5,0,0,7,5,0.2857
4,16.0000,42,4,597.3214,-84.0595,-0.5752,12,0.3000,0.8571,7,8,8,0,0,8,8,0.0000
4,16.0000,42,6,851.3174,-87.0193,-0.2369,6,0.1500,1.0000,2,8,8,0,0,8,8,0.0000
4,16.0000,42,14,426.2071,-83.2399,0.1314,23,0.5750,1.0000,8,7,6,0,0,7,6,0.1429
4,16.0000,42,15,478.3839,-83.1077,-0.5181,14,0.3500,1.0000,8,7,6,0,0,7,6,0.1429
4,16.0000,42,18,471.0705,-82.9609,-0.3428,22,0.5500,0.7143,7,7,6,0,0,7,6,0.1429
4,16.0000,42,24,221.5511,-77.5414,0.1178,33,0.8250,0.0000,4,5,1,0,0,5,1,0.8000
4,16.0000,42,28,586.2587,-84.1208,-0.9882,12,0.3000,1.0000,8,8,8,0,0,8,8,0.0000
4,16.0000,42,30,123.6496,-70.2774,-0.1593,32,0.8000,0.5000,6,4,0,0,0,4,0,1.0000
4,16.0000,42,33,738.6629,-85.9306,-1.6356,8,0.2000,1.0000,8,8,8,0,0,8,8,0.0000
4,16.0000,42,37,773.9075,-85.5244,0.2620,6,0.1500,1.0000,8,8,7,0,0,8,7,0.1250
4,16.0000,42,41,723.1284,-86.3728,1.0436,5,0.1250,1.0000,8,7,6,0,0,7,6,0.1429
4,16.0000,42,44,240.0059,-78.0098,0.4850,30,0.7500,0.0000,4,5,1,0,0,5,1,0.8000
4,16.0000,42,46,816.6606,-88.5287,-0.5694,3,0.0750,1.0000,8,8,8,0,0,8,8,0.0000
4,16.0000,43,0,721.3455,-87.2955,-0.3723,6,0.1500,0.7500,4,8,8,0,0,8,8,0.0000
4,16.0000,43,1,898.4485,-89.1224,-0.1818,3,0.0750,0.8750,8,4,4,0,0,4,4,0.0000
4,16.0000,43,2,511.1940,-83.7977,0.9941,13,0.3250,1.0000,8,6,3,0,0,6,3,0.5000
4,16.0000,43,5,674.8832,-85.6123,-0.2615,12,0.3000,0.8571,7,8,8,0,0,8,8,0.0000
4,16.0000,43,6,1090.3539,-89.0393,-0.1973,3,0.0750,,0,2,2,0,0,2,2,0.0000
4,16.0000,43,7,897.5182,-88.4893,0.4525,4,0.1000,1.0000,8,8,7,0,0,8,7,0.1250
4,16.0000,43,8,574.2169,-83.8907,-0.3533,17,0.4250,0.7500,8,8,8,0,0,8,8,0.0000
4,16.0000,43,10,648.9954,-85.2235,-0.3926,15,0.3750,1.0000,8,8,8,0,0,8,8,0.0000
4,16.0000,43,11,484.9830,-83.8297,-0.3627,11,0.2750,1.0000,8,7,5,0,0,7,5,0.2857
4,16.0000,43,13,808.0504,-87.8033,0.7063,4,0.1000,1.0000,8,8,8,0,0,8,8,0.0000
4,16.0000,43,16,874.3876,-87.4042,1.1179,3,0.0750,1.0000,8,6,6,0,0,6,6,0.0000
4,16.0000,43,17,374.8108,-83.1108,-0.5536,15,0.3750,0.6667,6,5,2,0,0,5,2,0.6000
4,16.0000,43,19,423.5349,-82.0094,0.1501,18,0.4500,1.0000,8,7,6,0,0,7,6,0.1429
4,16.0000,43,20,283.4933,-79.1392,0.3585,21,0.5250,0.8571,7,5,2,1,0,6,2,0.6667
4,16.0000,43,21,445.3197,-81.5028,-0.5855,22,0.5500,0.4000,5,6,4,0,0,6,4,0.3333
4,16.0000,43,22,372.3690,-81.7157,-0.2593,15,0.3750,0.8750,8,8,7,0,0,8,7,0.1250
4,16.0000,43,23,436.4152,-81.6248,0.1926,12,0.3000,0.8750,8,8,6,0,0,8,6,0.2500
4,16.0000,43,25,395.3973,-82.1153,0.7503,10,0.2500,1.0000,8,6,3,0,0,6,3,0.5000
4,16.0000,43,26,747.2663,-85.8313,-0.2906,12,0.3000,1.0000,6,6,6,0,0,6,6,0.0000
4,16.0000,43,27,407.2299,-81.9272,0.1190,23,0.5750,0.4000,5,7,6,5,4,12,10,0.1667
4,16.0000,43,29,726.6382,-86.5226,-1.9169,5,0.1250,0.8750,8,6,5,0,0,6,5,0.1667
4,16.0000,43,31,344.3112,-80.3904,0.2112,16,0.4000,0.4000,5,5,4,0,0,5,4,0.2000
4,16.0000,43,32,477.7561,-83.9861,0.4642,8,0.2000,0.8571,7,8,6,0,0,8,6,0.2500
4,16.0000,43,34,539.8540,-82.5785,-0.4275,20,0.5000,0.8571,7,7,6,0,0,7,6,0.1429
4,16.0000,43,35,1030.1830,-88.5128,0.1316,4,0.1000,1.0000,6,4,4,0,0,4,4,0.0000
4,16.0000,43,36,865.0063,-85.8614,-0.3783,7,0.1750,1.0000,8,6,6,0,0,6,6,0.0000
4,16.0000,43,38,519.0021,-84.4711,0.6940,12,0.3000,0.6667,6,7,6,0,0,7,6,0.1429
4,16.0000,43,39,594.2828,-86.1038,-0.3561,6,0.1500,1.0000,8,8,8,0,0,8,8,0.0000
4,16.0000,43,40,365.1120,-78.1405,-0.6567,29,0.7250,0.6667,6,7,4,0,0,7,4,0.4286
4,16.0000,43,45,636.8799,-86.8698,-2.4113,4,0.1000,1.0000,8,8,8,0,0,8,8,0.0000
4,16.0000,43,46,796.1837,-86.7509,-1.4722,5,0.1250,1.0000,6,8,8,0,0,8,8,0.0000
4,16.0000,43,47,570.1164,-84.9091,0.0749,12,0.3000,0.6667,6,8,7,0,0,8,7,0.1250
4,16.0000,44,3,510.1489,-85.1360,0.4660,12,0.3000,0.7143,7,8,8,0,0,8,8,0.0000
4,16.0000,44,4,606.3166,-85.4846,0.8186,12,0.3000,1.0000,8,8,8,0,0,8,8,0.0000
4,16.0000,44,6,834.8038,-87.6721,0.1992,6,0.1500,1.0000,8,4,4,0,0,4,4,0.0000
4,16.0000,44,7,657.1115,-84.8193,0.7905,3,0.0750,1.0000,8,8,7,0,0,8,7,0.1250
4,16.0000,44,9,937.1499,-88.6709,0.0673,3,0.0750,1.0000,6,8,8,0,0,8,8,0.0000
4,16.0000,44,14,253.6978,-79.5295,1.2186,36,0.9000,0.2000,5,4,0,0,0,4,0,1.0000
4,16.0000,44,15,354.9825,-82.1036,0.6731,19,0.4750,0.8571,7,5,2,0,0,5,2,0.6000
4,16.0000,44,18,471.0627,-83.9942,0.5320,24,0.6000,0.5714,7,7,5,0,0,7,5,0.2857
4,16.0000,44,24,61.6325,-69.9867,2.4834,36,0.9000,0.2000,5,4,0,0,0,4,0,1.0000
4,16.0000,44,28,509.4034,-82.8404,0.1500,18,0.4500,0.5000,6,7,6,0,0,7,6,0.1429
4,16.0000,44,30,219.5419,-77.8666,0.2571,35,0.8750,0.2000,5,6,2,0,0,6,2,0.6667
4,16.0000,44,33,807.2222,-87.1870,2.0433,4,0.1000,1.0000,8,8,8,0,0,8,8,0.0000
4,16.0000,44,37,763.5523,-85.9468,-0.3356,5,0.1250,1.0000,8,8,7,0,0,8,7,0.1250
4,16.0000,44,41,758.7837,-87.9572,1.0947,6,0.1500,1.0000,8,8,8,0,0,8,8,0.0000
4,16.0000,44,42,240.0059,-77.5959,0.3589,37,0.9250,0.2857,7,4,0,0,0,4,0,1.0000
4,16.0000,44,45,937.9326,-88.0967,-0.4284,4,0.1000,1.0000,8,8,8,0,0,8,8,0.0000
4,16.0000,44,46,761.6314,-87.8762,0.4642,6,0.1500,1.0000,8,8,8,0,0,8,8,0.0000
4,16.0000,45,0,345.3585,-78.3635,0.0288,18,0.4500,0.6250,8,6,2,0,0,6,2,0.6667
4,16.0000,45,2,883.0092,-88.4581,-1.4793,4,0.1000,1.0000,10,4,4,0,0,4,4,0.0000
4,16.0000,45,3,500.1761,-82.7822,0.3113,20,0.5000,0.6667,6,8,7,0,0,8,7,0.1250
4,16.0000,45,4,355.4205,-79.7556,-0.0392,24,0.6000,0.5000,4,7,5,0,0,7,5,0.2857
4,16.0000,45,6,835.1296,-87.0380,-1.2066,4,0.1000,1.0000,6,8,7,0,0,8,7,0.1250
4,16.0000,45,7,381.5337,-79.4522,-0.4471,19,0.4750,0.8571,7,10,8,0,0,10,8,0.2000
4,16.0000,45,9,728.6588,-85.3760,0.9597,7,0.1750,0.8750,8,8,8,0,0,8,8,0.0000
4,16.0000,45,11,544.4846,-86.2396,-0.3178,6,0.1500,0.8571,7,8,7,0,0,8,7,0.1250
4,16.0000,45,15,614.1811,-84.6626,-0.1526,15,0.3750,0.8750,8,7,5,0,0,7,5,0.2857
4,16.0000,45,17,284.4538,-80.1546,1.1902,14,0.3500,0.6667,6,7,5,0,0,7,5,0.2857
4,16.0000,45,19,878.8540,-87.8053,0.7513,3,0.0750,0.8000,5,8,8,0,0,8,8,0.0000
4,16.0000,45,20,543.8088,-85.0868,1.2082,8,0.2000,1.0000,8,8,7,0,0,8,7,0.1250
4,16.0000,45,21,720.8984,-86.2910,-0.4841,9,0.2250,1.0000,8,8,7,0,0,8,7,0.1250
4,16.0000,45,22,283.7835,-81.1623,1.3171,11,0.2750,0.7500,8,6,3,0,0,6,3,0.5000
4,16.0000,45,23,441.0236,-82.4006,0.0831,12,0.3000,0.6667,6,8,8,0,0,8,8,0.0000
4,16.0000,45,24,919.3650,-86.8501,0.1829,4,0.1000,1.0000,2,6,6,0,0,6,6,0.0000
4,16.0000,45,25,597.4073,-85.5099,0.4198,7,0.1750,0.8750,8,8,7,0,0,8,7,0.1250
4,16.0000,45,27,929.2750,-89.2854,-0.7202,3,0.0750,1.0000,6,3,3,0,0,3,3,0.0000
4,16.0000,45,28,469.4332,-81.9452,0.1840,17,0.4250,0.7143,7,7,6,0,0,7,6,0.1429
4,16.0000,45,30,960.3832,-87.9595,0.5121,5,0.1250,1.0000,6,4,4,0,0,4,4,0.0000
4,16.0000,45,31,613.2774,-85.3495,-1.4104,6,0.1500,1.0000,8,8,8,0,0,8,8,0.0000
4,16.0000,45,32,324.1819,-78.5736,0.1284,18,0.4500,0.7143,7,7,5,0,0,7,5,0.2857
4,16.0000,45,33,683.6028,-86.1618,-1.0110,9,0.2250,0.6667,6,8,8,0,0,8,8,0.0000
4,16.0000,45,34,1000.9435,-88.4536,0.6911,4,0.1000,,0,4,4,0,0,4,4,0.0000
4,16.0000,45,37,715.9578,-85.7055,-0.3862,9,0.2250,1.0000,8,8,8,0,0,8,8,0.0000
4,16.0000,45,38,488.1208,-84.7492,1.1810,12,0.3000,1.0000,8,8,7,0,0,8,7,0.1250
4,16.0000,45,39,315.2797,-80.4903,1.3216,14,0.3500,0.6667,6,8,8,0,0,8,8,0.0000
4,16.0000,45,41,622.8540,-84.5006,0.4259,10,0.2500,0.7143,7,4,4,0,0,4,4,0.0000
4,16.0000,45,42,952.2544,-88.0477,0.5798,4,0.1000,1.0000,8,2,2,0,0,2,2,0.0000
4,16.0000,45,43,636.8799,-86.7501,0.0279,8,0.2000,1.0000,6,7,6,0,0,7,6,0.1429
4,16.0000,45,44,937.9326,-87.9528,-0.1737,7,0.1750,1.0000,8,4,4,0,0,4,4,0.0000
4,16.0000,45,46,338.0150,-77.6213,-0.0847,18,0.4500,0.5000,6,6,3,0,0,6,3,0.5000
4,16.0000,45,47,1116.2486,-89.0861,-0.5548,3,0.0750,1.0000,8,4,4,0,0,4,4,0.0000
4,16.0000,46,0,130.9273,-68.9976,-1.1544,36,0.9000,0.0000,4,6,1,0,0,6,1,0.8333
4,16.0000,46,3,457.5797,-82.5894,0.0985,22,0.5500,0.8571,7,7,6,0,0,7,6,0.1429
4,16.0000,46,4,331.6979,-81.6055,0.0975,19,0.4750,0.8571,7,5,1,0,0,5,1,0.8000
4,16.0000,46,6,540.3484,-84.4893,0.0075,13,0.3250,0.8750,8,6,3,0,0,6,3,0.5000
4,16.0000,46,7,110.1899,-71.3491,0.9200,37,0.9250,0.2000,5,4,0,0,0,4,0,1.0000
4,16.0000,46,9,555.4275,-84.4827,0.2169,9,0.2250,0.8571,7,8,7,0,0,8,7,0.1250
4,16.0000,46,11,489.9062,-81.9541,-0.8880,12,0.3000,0.7143,7,8,8,0,0,8,8,0.0000
4,16.0000,46,14,774.6189,-88.8957,0.3353,4,0.1000,1.0000,6,7,6,0,0,7,6,0.1429
4,16.0000,46,15,448.4927,-82.5354,-0.6248,21,0.5250,0.8571,7,8,7,0,0,8,7,0.1250
4,16.0000,46,17,434.6074,-81.4655,-0.8642,15,0.3750,0.8571,7,8,8,0,0,8,8,0.0000
4,16.0000,46,18,707.9294,-86.9220,0.3663,10,0.2500,0.8333,6,7,6,0,0,7,6,0.1429
4,16.0000,46,19,881.0119,-86.8170,1.4689,3,0.0750,1.0000,8,4,4,0,0,4,4,0.0000
4,16.0000,46,20,626.8492,-84.0155,0.5225,4,0.1000,0.8571,7,8,8,0,0,8,8,0.0000
4,16.0000,46,22,450.7398,-82.7460,0.3596,10,0.2500,0.8750,8,8,8,0,0,8,8,0.0000
4,16.0000,46,23,505.7280,-83.2033,-0.5776,11,0.2750,0.8750,8,7,5,0,0,7,5,0.2857
4,16.0000,46,24,764.4506,-87.4888,-0.2226,8,0.2000,1.0000,4,8,7,0,0,8,7,0.1250
4,16.0000,46,25,586.4374,-84.4353,-1.1873,6,0.1500,0.8571,7,4,4,0,0,4,4,0.0000
4,16.0000,46,28,409.0793,-83.8661,-0.6860,19,0.4750,1.0000,8,6,3,0,0,6,3,0.5000
4,16.0000,46,30,783.3674,-87.1063,-1.2287,8,0.2000,1.0000,8,4,4,0,0,4,4,0.0000
4,16.0000,46,31,610.2430,-85.0011,-0.0168,5,0.1250,1.0000,8,8,8,0,0,8,8,0.0000
4,16.0000,46,32,350.2498,-78.4664,-0.9812,20,0.5000,0.2000,5,8,6,0,0,8,6,0.2500
4,16.0000,46,33,508.7382,-83.8801,-0.4016,15,0.3750,0.6667,6,7,5,0,0,7,5,0.2857
4,16.0000,46,37,429.8927,-81.6420,-0.2110,20,0.5000,0.8571,7,8,8,0,0,8,8,0.0000
4,16.0000,46,38,686.6310,-85.0949,0.3009,6,0.1500,1.0000,8,7,6,0,0,7,6,0.1429
4,16.0000,46,39,228.4891,-75.0374,-0.4955,31,0.7750,0.0000,4,8,6,0,0,8,6,0.2500
4,16.0000,46,41,408.7132,-82.1694,0.1597,17,0.4250,0.8750,8,6,4,0,0,6,4,0.3333
4,16.0000,46,42,816.6606,-87.4947,0.7713,3,0.0750,0.8333,6,4,3,0,0,4,3,0.2500
4,16.0000,46,44,761.6314,-86.6199,-1.2729,4,0.1000,1.0000,6,8,8,0,0,8,8,0.0000
4,16.0000,46,45,338.0150,-79.7460,0.2370,25,0.6250,0.0000,4,8,8,0,0,8,8,0.0000
4,16.0000,47,1,342.5256,-78.3821,-1.0423,33,0.8250,0.0000,4,7,5,0,0,7,5,0.2857
4,16.0000,47,5,259.5665,-77.5615,0.4411,34,0.8500,0.6667,6,5,2,0,0,5,2,0.6000
4,16.0000,47,8,615.0640,-83.5029,0.4458,9,0.2250,0.8571,7,7,6,0,0,7,6,0.1429
4,16.0000,47,10,315.2730,-78.3538,-0.2569,30,0.7500,0.2000,5,8,6,0,0,8,6,0.2500
4,16.0000,47,12,671.3942,-86.5367,-0.5452,11,0.2750,0.7500,8,7,6,0,0,7,6,0.1429
4,16.0000,47,13,274.5265,-78.5264,0.6321,37,0.9250,0.4286,7,6,2,0,0,6,2,0.6667
4,16.0000,47,16,510.8861,-83.5611,0.0300,14,0.3500,0.7143,7,8,8,0,0,8,8,0.0000
4,16.0000,47,19,492.6072,-82.6964,-0.0328,10,0.2500,1.0000,8,8,8,0,0,8,8,0.0000
4,16.0000,47,20,598.0197,-84.4249,-0.6071,3,0.0750,0.8571,7,8,8,0,0,8,8,0.0000
4,16.0000,47,21,624.4021,-86.4295,-0.2126,4,0.1000,0.8571,7,7,6,0,0,7,6,0.1429
4,16.0000,47,26,384.2230,-80.5652,-0.1071,28,0.7000,0.5000,6,4,0,0,0,4,0,1.0000
4,16.0000,47,27,600.0075,-85.3119,0.3694,5,0.1250,1.0000,8,7,6,0,0,7,6,0.1429
4,16.0000,47,29,201.5972,-75.7601,-0.2468,38,0.9500,0.0000,4,5,1,0,0,5,1,0.8000
4,16.0000,47,31,699.7351,-86.0822,-1.7382,3,0.0750,1.0000,8,8,8,0,0,8,8,0.0000
4,16.0000,47,34,265.8611,-79.6739,1.3488,25,0.6250,0.5000,6,4,0,0,0,4,0,1.0000
4,16.0000,47,35,468.8462,-82.7880,-0.4231,29,0.7250,0.4000,5,7,5,0,0,7,5,0.2857
4,16.0000,47,36,309.7108,-79.4441,-0.7205,28,0.7000,0.7143,7,5,1,0,0,5,1,0.8000
4,16.0000,47,40,304.3142,-80.1986,0.7542,18,0.4500,0.6250,8,5,1,0,0,5,1,0.8000
4,16.0000,47,43,570.1164,-83.9855,-0.0828,4,0.1000,1.0000,8,8,8,0,0,8,8,0.0000
4,20.0000,0,2,770.9711,-86.1285,-0.1360,9,0.2250,1.0000,6,6,6,0,0,6,6,0.0000
4,20.0000,0,4,395.4317,-81.6864,-0.1615,20,0.5000,0.8750,8,7,5,0,0,7,5,0.2857
4,20.0000,0,6,360.6701,-82.3300,0.3796,29,0.7250,0.5000,6,8,7,0,0,8,7,0.1250
4,20.0000,0,7,240.9155,-77.1363,-0.0540,30,0.7500,0.5000,6,5,1,0,0,5,1,0.8000
4,20.0000,0,9,304.2038,-80.8859,0.6988,25,0.6250,0.3333,6,6,3,0,0,6,3,0.5000
4,20.0000,0,10,1108.0328,-89.3359,-0.1979,4,0.1000,0.0000,1,7,7,0,0,7,7,0.0000
4,20.0000,0,11,505.4683,-83.4940,-0.2114,14,0.3500,1.0000,8,8,8,0,0,8,8,0.0000
4,20.0000,0,15,653.0988,-85.6142,-0.3878,15,0.3750,1.0000,6,9,7,0,0,9,7,0.2222
4,20.0000,0,17,427.4950,-81.7111,-0.4130,16,0.4000,0.5000,6,8,6,0,0,8,6,0.2500
4,20.0000,0,18,545.5085,-85.4960,0.4647,18,0.4500,0.8571,7,6,3,0,0,6,3,0.5000
4,20.0000,0,19,801.6358,-86.7210,-1.2205,4,0.1000,1.0000,8,8,6,0,0,8,6,0.2500
4,20.0000,0,20,686.9987,-85.9191,-0.0444,11,0.2750,0.8750,8,8,7,0,0,8,7,0.1250
4,20.0000,0,21,1067.2317,-88.1092,-0.3948,4,0.1000,1.0000,2,8,8,0,0,8,8,0.0000
4,20.0000,0,22,452.0421,-82.8498,-0.2846,14,0.3500,1.0000,8,8,7,0,0,8,7,0.1250
4,20.0000,0,23,360.1605,-81.2446,0.1449,20,0.5000,0.4000,5,8,7,0,0,8,7,0.1250
4,20.0000,0,24,855.6083,-86.9423,0.3267,7,0.1750,1.0000,8,7,6,0,0,7,6,0.1429
4,20.0000,0,25,647.7152,-85.5985,-0.5054,8,0.2000,1.0000,8,8,6,0,0,8,6,0.2500
4,20.0000,0,27,938.2335,-86.9574,1.8645,4,0.1000,1.0000,4,8,6,0,0,8,6,0.2500
4,20.0000,0,28,494.7564,-83.9012,0.0502,19,0.4750,0.8571,7,7,4,0,0,7,4,0.4286
4,20.0000,0,31,523.1529,-84.4516,0.1674,12,0.3000,0.6667,6,8,8,0,0,8,8,0.0000
4,20.0000,0,32,335.3148,-79.5503,-0.7157,21,0.5250,0.6250,8,6,4,0,0,6,4,0.3333
4,20.0000,0,33,401.2971,-82.2555,-0.2085,23,0.5750,0.5714,7,7,5,0,0,7,5,0.2857
4,20.0000,0,37,397.9920,-81.6385,-0.0495,25,0.6250,0.8750,8,8,5,0,0,8,5,0.3750
4,20.0000,0,38,748.6291,-85.5884,0.5253,9,0.2250,1.0000,8,8,8,0,0,8,8,0.0000
4,20.0000,0,39,255.4227,-74.8342,-1.8058,30,0.7500,0.3333,6,8,7,0,0,8,7,0.1250
4,20.0000,0,41,305.5143,-80.3793,0.4518,30,0.7500,0.5000,6,7,5,0,0,7,5,0.2857
4,20.0000,0,42,874.5874,-87.3618,0.0628,9,0.2250,1.0000,6,2,2,0,0,2,2,0.0000
4,20.0000,0,43,701.8944,-85.8886,-0.5135,4,0.1000,0.8571,7,8,8,0,0,8,8,0.0000
4,20.0000,0,44,721.1721,-86.8470,0.5677,11,0.2750,0.0000,1,8,8,0,0,8,8,0.0000
4,20.0000,0,45,503.9307,-82.8180,-0.0043,15,0.3750,0.8750,8,8,8,0,0,8,8,0.0000
4,20.0000,0,46,220.6657,-73.7659,-0.7833,30,0.7500,0.0000,4,6,2,0,0,6,2,0.6667
4,20.0000,1,5,316.7677,-79.8518,-0.5812,26,0.6500,0.2000,5,4,0,0,0,4,0,1.0000
4,20.0000,1,10,640.6793,-85.6745,-0.9300,8,0.2000,0.8750,8,7,6,0,0,7,6,0.1429
4,20.0000,1,12,566.0013,-84.7172,0.6362,12,0.3000,0.8571,7,7,5,0,0,7,5,0.2857
4,20.0000,1,13,267.7335,-76.4078,-0.6880,30,0.7500,0.5000,6,5,2,0,0,5,2,0.6000
4,20.0000,1,16,511.6657,-84.1646,1.1186,13,0.3250,1.0000,8,7,6,0,0,7,6,0.1429
4,20.0000,1,19,908.0084,-86.9516,-0.2119,5,0.1250,1.0000,8,6,6,0,0,6,6,0.0000
4,20.0000,1,21,841.7355,-87.3292,0.5280,4,0.1000,1.0000,8,8,8,0,0,8,8,0.0000
4,20.0000,1,26,499.2995,-82.3832,-0.3118,21,0.5250,0.5714,7,8,8,0,0,8,8,0.0000
4,20.0000,1,29,402.0511,-80.8679,-0.3306,26,0.6500,0.6667,6,7,5,0,0,7,5,0.2857
4,20.0000,1,34,429.1930,-82.4123,0.0544,19,0.4750,0.7818,55,7,6,0,0,7,6,0.1429
4,20.0000,1,35,223.3030,-75.9305,-0.3667,35,0.8750,0.0000,4,5,1,0,0,5,1,0.8000
4,20.0000,1,36,131.4710,-71.9634,-0.0676,36,0.9000,0.0000,4,5,1,0,0,5,1,0.8000
4,20.0000,1,40,588.5089,-84.2515,-0.5633,6,0.1500,0.7143,7,8,8,0,0,8,8,0.0000
4,20.0000,1,43,998.1635,-87.4640,1.1958,3,0.0750,1.0000,8,8,8,0,0,8,8,0.0000
4,20.0000,1,47,461.1124,-82.0947,-0.2524,17,0.4250,0.8571,7,6,3,0,0,6,3,0.5000
4,20.0000,2,5,1129.0304,-89.0057,0.5764,3,0.0750,,0,4,4,0,0,4,4,0.0000
4,20.0000,2,8,379.2903,-81.0780,-0.0615,17,0.4250,0.7143,7,7,6,0,0,7,6,0.1429
4,20.0000,2,9,635.7807,-84.8375,0.4893,4,0.1000,1.0000,6,8,7,0,0,8,7,0.1250
4,20.0000,2,10,613.5671,-85.6751,0.2874,5,0.1250,1.0000,2,7,6,0,0,7,6,0.1429
4,20.0000,2,11,598.2124,-88.2167,-0.5128,4,0.1000,1.0000,8,8,8,0,0,8,8,0.0000
4,20.0000,2,16,772.1334,-87.5190,0.1278,5,0.1250,0.8571,7,4,4,0,0,4,4,0.0000
4,20.0000,2,17,601.8396,-86.1636,-0.3893,5,0.1250,1.0000,8,7,6,0,0,7,6,0.1429
4,20.0000,2,19,372.1645,-81.5768,0.1557,11,0.2750,0.8750,8,6,4,0,0,6,4,0.3333
4,20.0000,2,20,678.3377,-87.0541,-0.7847,4,0.1000,1.0000,8,6,4,0,0,6,4,0.3333
4,20.0000,2,22,744.5882,-87.0739,-0.7225,3,0.0750,1.0000,8,8,7,0,0,8,7,0.1250
4,20.0000,2,23,514.9956,-83.0348,-0.6422,5,0.1250,0.6667,6,7,5,0,0,7,5,0.2857
4,20.0000,2,25,575.9068,-83.7092,0.1884,6,0.1500,1.0000,8,7,6,0,0,7,6,0.1429
4,20.0000,2,27,281.1474,-78.7293,-0.6923,16,0.4000,0.5000,6,7,3,0,0,7,3,0.5714
4,20.0000,2,31,377.5935,-80.8241,1.3074,11,0.2750,0.8889,9,6,3,0,0,6,3,0.5000
4,20.0000,2,32,501.3836,-84.3623,0.2114,4,0.1000,1.0000,8,7,6,0,0,7,6,0.1429
4,20.0000,2,33,809.4434,-85.5900,1.2555,3,0.0750,1.0000,6,8,8,0,0,8,8,0.0000
4,20.0000,2,37,911.5167,-87.6759,-0.7111,3,0.0750,0.8750,8,8,8,0,0,8,8,0.0000
4,20.0000,2,39,658.9666,-86.4814,-1.4512,4,0.1000,1.0000,8,8,8,0,0,8,8,0.0000
4,20.0000,2,40,689.1978,-86.8452,-0.4203,6,0.1500,1.0000,8,8,8,0,0,8,8,0.0000
4,20.0000,2,43,424.5741,-81.6285,-0.7696,10,0.2500,1.0000,8,6,4,0,0,6,4,0.3333
4,20.0000,2,47,817.7058,-86.1132,-1.7931,3,0.0750,1.0000,8,8,8,0,0,8,8,0.0000
4,20.0000,3,4,373.7948,-81.9089,-1.0303,12,0.3000,0.4000,5,8,8,0,0,8,8,0.0000
4,20.0000,3,6,830.7388,-86.8910,-0.2961,3,0.0750,1.0000,6,6,6,0,0,6,6,0.0000
4,20.0000,3,7,496.2735,-80.5608,-0.6713,12,0.3000,0.8571,7,8,7,0,0,8,7,0.1250
4,20.0000,3,14,436.0527,-82.5565,-0.1140,23,0.5750,0.3333,6,7,5,0,0,7,5,0.2857
4,20.0000,3,15,234.3506,-76.3824,-0.2077,32,0.8000,0.0000,4,4,0,0,0,4,0,1.0000
4,20.0000,3,18,723.6074,-85.5712,-1.3097,3,0.0750,1.0000,8,8,8,0,0,8,8,0.0000
4,20.0000,3,24,578.4267,-83.4994,-0.5936,16,0.4000,0.8750,8,7,6,0,0,7,6,0.1429
4,20.0000,3,28,204.0028,-70.2629,-2.7578,31,0.7750,0.2857,7,6,3,0,0,6,3,0.5000
4,20.0000,3,30,687.3328,-85.8374,-0.5865,11,0.2750,1.0000,8,8,8,0,0,8,8,0.0000
4,20.0000,3,38,847.2709,-86.6061,1.8225,3,0.0750,1.0000,8,8,8,0,0,8,8,0.0000
4,20.0000,3,39,772.3836,-86.2675,-0.4640,3,0.0750,1.0000,8,8,8,0,0,8,8,0.0000
4,20.0000,3,41,809.9540,-87.0786,0.3859,4,0.1000,1.0000,8,8,8,0,0,8,8,0.0000
4,20.0000,3,42,623.3520,-84.4245,0.9524,13,0.3250,0.8571,7,7,6,0,0,7,6,0.1429
4,20.0000,3,44,465.2092,-83.3015,0.7415,18,0.4500,0.8750,8,7,5,0,0,7,5,0.2857
4,20.0000,3,45,638.6008,-82.9123,-1.2558,6,0.1500,1.0000,8,8,8,0,0,8,8,0.0000
4,20.0000,3,46,494.1182,-82.9198,0.3196,7,0.1750,1.0000,8,8,8,0,0,8,8,0.0000
4,20.0000,4,0,395.4317,-81.1477,0.3865,17,0.4250,0.5000,6,8,7,0,0,8,7,0.1250
4,20.0000,4,3,373.7948,-79.9731,0.1133,32,0.8000,0.6667,6,5,2,0,0,5,2,0.6000
4,20.0000,4,6,642.0887,-85.9219,0.0009,13,0.3250,0.8571,7,8,8,0,0,8,8,0.0000
4,20.0000,4,7,318.0770,-78.7514,0.1820,28,0.7000,0.5714,7,4,0,0,0,4,0,1.0000
4,20.0000,4,9,610.3643,-86.2894,0.5545,11,0.2750,1.0000,10,8,8,0,0,8,8,0.0000
4,20.0000,4,11,770.3563,-86.8036,1.3996,5,0.1250,1.0000,8,8,8,0,0,8,8,0.0000
4,20.0000,4,14,689.6362,-85.2864,0.0757,15,0.3750,1.0000,8,8,7,0,0,8,7,0.1250
4,20.0000,4,15,438.8612,-80.7684,-0.4614,28,0.7000,0.6667,6,7,6,0,0,7,6,0.1429
4,20.0000,4,17,560.0331,-85.2794,0.6636,9,0.2250,1.0000,8,8,8,0,0,8,8,0.0000
4,20.0000,4,18,634.9652,-85.4715,0.2271,13,0.3250,1.0000,8,7,6,0,0,7,6,0.1429
4,20.0000,4,22,457.6227,-83.0476,1.2511,17,0.4250,0.8571,7,8,7,0,0,8,7,0.1250
4,20.0000,4,23,552.3244,-84.1695,0.2313,10,0.2500,1.0000,8,8,8,0,0,8,8,0.0000
4,20.0000,4,24,705.2317,-85.2762,-0.4109,16,0.4000,1.0000,8,8,7,0,0,8,7,0.1250
4,20.0000,4,25,872.4665,-87.4905,0.4978,5,0.1250,1.0000,6,6,6,0,0,6,6,0.0000
4,20.0000,4,28,211.4835,-76.4323,0.4133,34,0.8500,0.0000,4,5,1,0,0,5,1,0.8000
4,20.0000,4,30,737.7683,-86.0799,-0.0672,17,0.4250,1.0000,8,2,2,0,0,2,2,0.0000
4,20.0000,4,31,807.9830,-87.6942,-1.3933,3,0.0750,1.0000,8,8,8,0,0,8,8,0.0000
4,20.0000,4,32,578.3176,-83.7259,-1.0734,9,0.2250,1.0000,8,8,8,0,0,8,8,0.0000
4,20.0000,4,33,642.6372,-84.4371,-0.6434,13,0.3250,1.0000,8,7,6,0,0,7,6,0.1429
4,20.0000,4,37,693.6116,-85.3227,0.1115,14,0.3500,1.0000,10,8,8,0,0,8,8,0.0000
4,20.0000,4,38,701.2888,-86.5409,1.7208,6,0.1500,1.0000,8,8,8,0,0,8,8,0.0000
4,20.0000,4,39,464.8515,-81.9228,0.3277,15,0.3750,0.8750,8,8,8,0,0,8,8,0.0000
4,20.0000,4,41,541.0471,-83.4143,0.6628,16,0.4000,0.8571,7,8,8,0,0,8,8,0.0000
4,20.0000,4,42,697.0892,-85.2225,-0.2848,15,0.3750,1.0000,8,3,2,0,0,3,2,0.3333
4,20.0000,4,44,579.4994,-85.3235,0.5177,19,0.4750,0.8750,8,8,8,0,0,8,8,0.0000
4,20.0000,4,45,394.8594,-81.2658,0.4036,21,0.5250,0.7143,7,7,6,0,0,7,6,0.1429
4,20.0000,4,46,294.5375,-78.8226,-0.2662,28,0.7000,0.7143,7,6,4,0,0,6,4,0.3333
4,20.0000,5,1,316.7677,-79.8826,-0.3076,34,0.8500,0.7143,7,5,1,0,0,5,1,0.8000
4,20.0000,5,10,713.8052,-84.2318,0.2881,6,0.1500,1.0000,8,7,6,0,0,7,6,0.1429
4,20.0000,5,12,787.3932,-87.2564,-0.7701,12,0.3000,1.0000,8,8,8,0,0,8,8,0.0000
4,20.0000,5,13,297.3873,-77.9000,-0.7537,30,0.7500,0.0000,4,5,2,0,0,5,2,0.6000
4,20.0000,5,16,666.0679,-86.0089,-0.2580,9,0.2250,0.8571,7,8,8,0,0,8,8,0.0000
4,20.0000,5,19,890.3166,-85.8584,0.8915,3,0.0750,1.0000,10,6,6,0,0,6,6,0.0000
4,20.0000,5,20,765.7115,-84.1831,0.0045,3,0.0750,1.0000,8,8,7,0,0,8,7,0.1250
4,20.0000,5,21,556.1822,-83.9878,-0.4594,12,0.3000,0.8571,7,8,8,0,0,8,8,0.0000
4,20.0000,5,25,836.5569,-86.4454,0.2084,3,0.0750,1.0000,8,8,8,0,0,8,8,0.0000
4,20.0000,5,26,282.8320,-76.6450,-0.8562,32,0.8000,0.2000,5,7,5,0,0,7,5,0.2857
4,20.0000,5,29,404.6310,-81.5459,-0.1555,16,0.4000,0.5000,6,6,4,0,0,6,4,0.3333
4,20.0000,5,34,184.8077,-74.1541,-0.1342,28,0.7000,0.2000,5,4,0,0,0,4,0,1.0000
4,20.0000,5,35,533.7969,-83.7531,-0.4937,18,0.4500,0.8571,7,8,8,0,0,8,8,0.0000
4,20.0000,5,36,356.8543,-80.5747,0.0364,30,0.7500,0.4000,5,6,5,0,0,6,5,0.1667
4,20.0000,5,38,928.9878,-87.2187,0.1923,3,0.0750,1.0000,8,8,8,0,0,8,8,0.0000
4,20.0000,5,40,469.8227,-82.8669,-0.8955,17,0.4250,0.7143,7,8,8,0,0,8,8,0.0000
4,20.0000,5,47,348.3579,-79.0145,-0.8347,21,0.5250,0.2000,5,7,5,0,0,7,5,0.2857
4,20.0000,6,0,360.6701,-82.0853,1.8862,7,0.1750,0.5714,7,7,4,0,0,7,4,0.4286
4,20.0000,6,4,642.0887,-85.6757,-0.8007,3,0.0750,0.6667,6,8,7,0,0,8,7,0.1250
4,20.0000,6,7,367.3632,-82.9395,0.4609,10,0.2500,0.7143,7,6,2,0,0,6,2,0.6667
4,20.0000,6,9,403.7228,-80.8474,-0.5927,18,0.4500,0.8571,7,8,8,0,0,8,8,0.0000
4,20.0000,6,11,749.5491,-87.1883,-0.2980,3,0.0750,1.0000,8,8,8,0,0,8,8,0.0000
4,20.0000,6,14,869.4892,-87.2953,0.2439,5,0.1250,0.6667,3,2,2,0,0,2,2,0.0000
4,20.0000,6,15,687.0908,-86.3047,-0.8506,5,0.1250,1.0000,8,8,7,0,0,8,7,0.1250
4,20.0000,6,18,314.5219,-81.5400,1.2431,22,0.5500,0.7143,7,5,1,0,0,5,1,0.8000
4,20.0000,6,24,753.3427,-88.0485,0.6041,5,0.1250,1.0000,8,7,6,0,0,7,6,0.1429
4,20.0000,6,30,724.9120,-85.5288,-4.5810,3,0.0750,1.0000,8,6,6,0,0,6,6,0.0000
4,20.0000,6,32,650.4948,-84.5521,-0.1722,4,0.1000,0.8750,8,8,7,0,0,8,7,0.1250
4,20.0000,6,33,357.9878,-80.6123,0.0399,19,0.4750,0.4000,5,8,7,0,0,8,7,0.1250
4,20.0000,6,37,125.9116,-67.9748,0.1804,34,0.8500,0.0000,4,4,0,0,0,4,0,1.0000
4,20.0000,6,41,253.7180,-77.7721,-0.0003,20,0.5000,0.2000,5,5,2,0,0,5,2,0.6000
4,20.0000,6,42,801.4140,-87.4494,1.4361,3,0.0750,1.0000,8,6,6,0,0,6,6,0.0000
4,20.0000,6,44,645.0015,-83.1842,-2.8485,3,0.0750,0.7500,8,7,6,0,0,7,6,0.1429
4,20.0000,6,46,398.8136,-83.5030,1.3170,9,0.2250,0.6250,8,8,8,0,0,8,8,0.0000
4,20.0000,7,0,240.9155,-76.5788,0.1417,26,0.6500,0.0000,4,5,1,0,0,5,1,0.8000
4,20.0000,7,2,1010.2689,-88.8754,-0.0824,5,0.1250,1.0000,8,4,4,0,0,4,4,0.0000
4,20.0000,7,3,496.2735,-80.7975,-1.2636,19,0.4750,1.0000,8,8,8,0,0,8,8,0.0000
4,20.0000,7,4,318.0770,-79.0774,0.4175,25,0.6250,0.2000,5,6,3,0,0,6,3,0.5000
4,20.0000,7,6,367.3632,-81.9398,1.8036,17,0.4250,0.4000,5,5,2,0,0,5,2,0.6000
4,20.0000,7,9,502.9475,-85.0771,0.0399,16,0.4000,0.8750,8,7,6,0,0,7,6,0.1429
4,20.0000,7,11,664.0516,-86.2696,0.3521,9,0.2250,1.0000,8,8,8,0,0,8,8,0.0000
4,20.0000,7,14,680.5313,-85.8732,0.5007,12,0.3000,0.8571,7,8,8,0,0,8,8,0.0000
4,20.0000,7,15,423.6220,-81.3768,-0.6637,24,0.6000,0.5000,6,6,4,0,0,6,4,0.3333
4,20.0000,7,17,596.6697,-85.4300,-0.0678,8,0.2000,1.0000,8,7,6,0,0,7,6,0.1429
4,20.0000,7,18,429.8633,-84.0602,-0.1627,16,0.4000,0.5000,4,7,3,0,0,7,3,0.5714
4,20.0000,7,20,828.1148,-86.6976,-0.4278,5,0.1250,1.0000,8,4,4,0,0,4,4,0.0000
4,20.0000,7,22,570.4342,-84.5735,0.3501,9,0.2250,1.0000,10,8,8,0,0,8,8,0.0000
4,20.0000,7,23,577.7875,-85.2654,0.5948,7,0.1750,1.0000,8,7,6,0,0,7,6,0.1429
4,20.0000,7,24,658.3320,-85.5388,0.0488,14,0.3500,1.0000,8,6,4,0,0,6,4,0.3333
4,20.0000,7,25,811.8222,-87.6079,-0.8448,6,0.1500,1.0000,8,8,8,0,0,8,8,0.0000
4,20.0000,7,28,320.8938,-79.2208,-0.4594,28,0.7000,0.0000,4,6,2,0,0,6,2,0.6667
4,20.0000,7,30,689.5853,-87.9714,-0.6121,7,0.1750,0.8333,6,4,4,0,0,4,4,0.0000
4,20.0000,7,31,736.1362,-87.6573,-0.2811,7,0.1750,0.8571,7,8,8,0,0,8,8,0.0000
4,20.0000,7,32,552.6708,-82.9269,-1.8125,9,0.2250,1.0000,8,8,8,0,0,8,8,0.0000
4,20.0000,7,33,523.5372,-84.0879,0.7587,11,0.2750,1.0000,8,8,7,0,0,8,7,0.1250
4,20.0000,7,37,455.1921,-82.9958,-0.4686,20,0.5000,0.8571,7,7,4,0,0,7,4,0.4286
4,20.0000,7,38,790.0699,-87.2460,0.2699,7,0.1750,1.0000,8,8,8,0,0,8,8,0.0000
4,20.0000,7,39,427.3562,-80.9931,-0.4442,11,0.2750,0.7143,7,8,8,0,0,8,8,0.0000
4,20.0000,7,41,386.5451,-81.7979,0.9374,15,0.3750,0.5000,6,5,2,0,0,5,2,0.6000
4,20.0000,7,42,708.1885,-86.1393,-0.3318,9,0.2250,1.0000,4,7,6,0,0,7,6,0.1429
4,20.0000,7,43,903.4741,-87.3301,0.3166,5,0.1250,1.0000,8,4,4,0,0,4,4,0.0000
4,20.0000,7,44,511.5897,-84.6009,0.5435,11,0.2750,1.0000,8,6,3,0,0,6,3,0.5000
4,20.0000,7,45,551.3385,-83.4579,-1.9329,10,0.2500,0.8571,7,8,8,0,0,8,8,0.0000
4,20.0000,7,46,49.1839,-65.9939,2.4697,36,0.9000,0.0000,4,5,1,0,0,5,1,0.8000
4,20.0000,8,2,379.2903,-81.4033,-0.1620,17,0.4250,0.4000,5,7,6,0,0,7,6,0.1429
4,20.0000,8,10,437.8974,-82.6632,1.0359,12,0.3000,1.0000,8,8,8,0,0,8,8,0.0000
4,20.0000,8,12,588.1607,-84.6902,0.7154,13,0.3250,0.7143,7,7,6,0,0,7,6,0.1429
4,20.0000,8,13,877.5742,-85.9562,-1.0743,5,0.1250,1.0000,8,2,2,0,0,2,2,0.0000
4,20.0000,8,16,486.6537,-82.6438,-0.4203,14,0.3500,0.8571,7,7,5,0,0,7,5,0.2857
4,20.0000,8,19,432.8084,-82.7498,0.9204,9,0.2250,1.0000,6,8,5,0,0,8,5,0.3750
4,20.0000,8,20,810.6398,-86.1991,0.6759,4,0.1000,1.0000,8,7,6,0,0,7,6,0.1429
4,20.0000,8,25,716.6608,-85.7589,-2.5679,4,0.1000,0.8750,8,8,8,0,0,8,8,0.0000
4,20.0000,8,27,205.8343,-76.0101,-0.0201,24,0.6000,0.1667,6,5,1,0,0,5,1,0.8000
4,20.0000,8,29,786.7291,-86.6896,0.5122,4,0.1000,1.0000,6,8,8,0,0,8,8,0.0000
4,20.0000,8,31,630.6459,-85.1686,-0.1130,5,0.1250,1.0000,8,8,8,0,0,8,8,0.0000
4,20.0000,8,36,915.0304,-88.0224,-0.7590,3,0.0750,1.0000,8,4,4,0,0,4,4,0.0000
4,20.0000,8,40,554.4784,-83.6777,0.3682,9,0.2250,1.0000,8,8,8,0,0,8,8,0.0000
4,20.0000,8,43,588.7854,-85.5402,-1.9397,4,0.1000,1.0000,8,8,7,0,0,8,7,0.1250
4,20.0000,8,47,709.5095,-87.0490,0.0732,5,0.1250,1.0000,8,8,8,0,0,8,8,0.0000
4,20.0000,9,0,304.2038,-81.2596,0.4234,14,0.3500,0.4000,5,4,1,0,0,4,1,0.7500
4,20.0000,9,2,635.7807,-85.4195,-0.4972,6,0.1500,1.0000,8,6,5,0,0,6,5,0.1667
4,20.0000,9,3,939.0477,-88.5857,-0.3779,4,0.1000,1.0000,10,8,8,0,0,8,8,0.0000
4,20.0000,9,4,610.3643,-85.0800,-0.5562,9,0.2250,1.0000,8,8,8,0,0,8,8,0.0000
4,20.0000,9,6,403.7228,-81.4682,-1.3475,20,0.5000,0.6667,6,8,8,0,0,8,8,0.0000
4,20.0000,9,7,502.9475,-83.6293,1.8391,9,0.2250,0.8571,7,8,8,0,0,8,8,0.0000
4,20.0000,9,15,878.0359,-86.5329,-0.1029,8,0.2000,1.0000,8,4,4,0,0,4,4,0.0000
4,20.0000,9,17,556.8807,-85.8369,0.6570,5,0.1250,0.7143,7,7,6,0,0,7,6,0.1429
4,20.0000,9,18,606.1635,-84.0577,-0.2819,13,0.3250,1.0000,8,8,8,0,0,8,8,0.0000
4,20.0000,9,22,619.7236,-84.9327,-0.7896,6,0.1500,1.0000,8,8,8,0,0,8,8,0.0000
4,20.0000,9,23,334.4322,-81.1182,1.3738,13,0.3250,0.7143,7,7,5,0,0,7,5,0.2857
4,20.0000,9,24,981.1116,-88.1681,0.4965,5,0.1250,1.0000,8,4,4,0,0,4,4,0.0000
4,20.0000,9,25,759.6121,-87.7525,0.5313,5,0.1250,1.0000,4,7,6,0,0,7,6,0.1429
4,20.0000,9,27,872.0447,-88.1047,0.3028,3,0.0750,1.0000,2,8,8,0,0,8,8,0.0000
4,20.0000,9,28,756.0572,-86.1192,0.1260,5,0.1250,1.0000,6,7,6,0,0,7,6,0.1429
4,20.0000,9,30,926.3570,-87.1667,0.0066,4,0.1000,1.0000,8,4,4,0,0,4,4,0.0000
4,20.0000,9,31,549.6397,-87.0054,1.9363,4,0.1000,0.8750,8,8,8,0,0,8,8,0.0000
4,20.0000,9,32,398.7917,-81.4443,0.6952,11,0.2750,0.7143,7,7,6,0,0,7,6,0.1429
4,20.0000,9,33,193.7910,-73.5529,-0.5626,38,0.9500,0.1429,7,6,2,0,0,6,2,0.6667
4,20.0000,9,37,340.0342,-79.7842,-0.5118,23,0.5750,0.6667,6,7,4,0,0,7,4,0.4286
4,20.0000,9,39,445.8844,-83.0748,0.6201,8,0.2000,0.8750,8,8,8,0,0,8,8,0.0000
4,20.0000,9,41,234.1878,-76.1861,-0.2065,28,0.7000,0.4000,5,6,3,0,0,6,3,0.5000
4,20.0000,9,42,962.7745,-86.9667,-0.6278,3,0.0750,1.0000,2,4,4,0,0,4,4,0.0000
4,20.0000,9,43,723.3872,-88.3967,0.7033,3,0.0750,1.0000,8,8,8,0,0,8,8,0.0000
4,20.0000,9,44,877.1545,-86.5661,0.0255,4,0.1000,1.0000,4,7,6,0,0,7,6,0.1429
4,20.0000,9,45,721.4189,-85.9331,-0.6104,7,0.1750,1.0000,8,8,8,0,0,8,8,0.0000
4,20.0000,9,46,499.6960,-84.8629,-0.0324,11,0.2750,1.0000,8,8,7,0,0,8,7,0.1250
4,20.0000,10,1,640.6793,-83.9712,0.0306,13,0.3250,1.0000,8,8,8,0,0,8,8,0.0000
4,20.0000,10,2,613.5671,-85.2936,-0.8029,3,0.0750,0.8571,7,7,6,0,0,7,6,0.1429
4,20.0000,10,5,713.8052,-85.7364,-1.2562,10,0.2500,0.8571,7,6,6,0,0,6,6,0.0000
4,20.0000,10,8,437.8974,-83.0651,-0.7031,12,0.3000,0.7143,7,6,3,0,0,6,3,0.5000
4,20.0000,10,12,446.9174,-82.4929,0.1663,24,0.6000,0.7143,7,5,2,0,0,5,2,0.6000
4,20.0000,10,13,519.7851,-82.7098,0.3513,15,0.3750,0.8571,7,8,8,0,0,8,8,0.0000
4,20.0000,10,16,236.6094,-78.1395,0.3582,31,0.7750,0.2000,5,6,2,0,0,6,2,0.6667
4,20.0000,10,19,319.3316,-80.5496,-1.1352,8,0.2000,0.8750,8,7,6,0,0,7,6,0.1429
4,20.0000,10,20,642.4921,-85.0370,-2.7969,4,0.1000,0.8571,7,8,8,0,0,8,8,0.0000
4,20.0000,10,26,672.7222,-85.4739,-0.5764,5,0.1250,1.0000,8,10,10,0,0,10,10,0.0000
4,20.0000,10,27,368.4908,-82.6887,-0.1349,11,0.2750,0.8966,29,6,2,4,4,10,6,0.4000
4,20.0000,10,29,404.8011,-80.4190,-1.0544,22,0.5500,0.7143,7,4,0,0,0,4,0,1.0000
4,20.0000,10,31,595.5831,-85.1928,-3.6659,4,0.1000,1.0000,8,8,8,0,0,8,8,0.0000
4,20.0000,10,34,623.7225,-84.8775,-0.4899,8,0.2000,0.7500,8,8,8,0,0,8,8,0.0000
4,20.0000,10,35,630.7345,-84.5789,0.2750,20,0.5000,0.6667,6,6,3,0,0,6,3,0.5000
4,20.0000,10,36,575.0394,-84.2420,-0.6407,19,0.4750,1.0000,8,8,8,0,0,8,8,0.0000
4,20.0000,10,40,479.4772,-82.3562,0.4908,14,0.3500,0.4000,5,7,6,0,0,7,6,0.1429
4,20.0000,10,43,617.2962,-86.1251,-0.7909,4,0.1000,0.8750,8,8,8,0,0,8,8,0.0000
4,20.0000,10,47,425.1484,-80.6736,-1.0781,22,0.5500,1.0000,8,8,8,0,0,8,8,0.0000
4,20.0000,11,0,505.4683,-83.4808,-0.5546,17,0.4250,0.7500,8,7,6,0,0,7,6,0.1429
4,20.0000,11,2,598.2124,-85.8009,0.0728,10,0.2500,0.8571,7,7,4,0,0,7,4,0.4286
4,20.0000,11,4,770.3563,-86.7378,-0.5013,6,0.1500,1.0000,8,6,6,0,0,6,6,0.0000
4,20.0000,11,6,749.5491,-86.0221,0.3132,11,0.2750,0.8750,8,7,6,0,0,7,6,0.1429
4,20.0000,11,7,664.0516,-86.6826,0.0103,9,0.2250,0.8571,7,8,8,0,0,8,8,0.0000
4,20.0000,11,8,807.4655,-85.9553,0.0884,4,0.1000,1.0000,6,6,4,0,0,6,4,0.3333
4,20.0000,11,9,640.0108,-86.5608,0.0455,8,0.2000,0.8571,7,7,6,0,0,7,6,0.1429
4,20.0000,11,10,650.4085,-85.3984,0.6204,9,0.2250,1.0000,2,8,8,0,0,8,8,0.0000
4,20.0000,11,13,873.5824,-88.1248,0.5818,7,0.1750,1.0000,8,4,4,0,0,4,4,0.0000
4,20.0000,11,15,1048.0731,-88.9656,0.4447,4,0.1000,1.0000,8,4,4,0,0,4,4,0.0000
4,20.0000,11,16,878.9031,-88.0270,-0.2159,7,0.1750,,0,4,4,0,0,4,4,0.0000
4,20.0000,11,17,338.6017,-80.2001,0.7479,21,0.5250,1.0000,8,9,7,0,0,9,7,0.2222
4,20.0000,11,19,398.4215,-82.4569,-0.0332,15,0.3750,0.8571,7,8,7,0,0,8,7,0.1250
4,20.0000,11,20,308.4598,-78.4657,-0.4057,25,0.6250,0.4000,5,5,1,0,0,5,1,0.8000
4,20.0000,11,21,765.1833,-86.6931,0.6702,7,0.1750,0.8750,8,8,7,0,0,8,7,0.1250
4,20.0000,11,22,468.6788,-82.2807,-0.1887,15,0.3750,0.8571,7,8,8,0,0,8,8,0.0000
4,20.0000,11,23,502.1530,-83.1160,0.0318,13,0.3250,1.0000,8,8,8,0,0,8,8,0.0000
4,20.0000,11,25,172.2301,-71.8917,-0.6248,34,0.8500,0.0000,4,6,3,0,0,6,3,0.5000
4,20.0000,11,26,794.0198,-87.3835,-1.1787,3,0.0750,1.0000,4,8,8,0,0,8,8,0.0000
4,20.0000,11,27,609.4916,-86.0811,0.8564,9,0.2250,0.8000,5,8,6,0,0,8,6,0.2500
4,20.0000,11,28,829.8613,-87.5444,0.1758,8,0.2000,1.0000,2,2,2,0,0,2,2,0.0000
4,20.0000,11,29,724.6337,-87.2854,0.7955,8,0.2000,1.0000,4,4,4,0,0,4,4,0.0000
4,20.0000,11,31,226.3578,-77.4805,0.0571,28,0.7000,0.5714,7,5,1,0,0,5,1,0.8000
4,20.0000,11,32,331.8775,-79.4478,0.5919,23,0.5750,0.4000,5,6,2,0,0,6,2,0.6667
4,20.0000,11,33,814.6197,-87.3244,0.5964,8,0.2000,1.0000,8,8,8,0,0,8,8,0.0000
4,20.0000,11,34,827.0235,-86.6003,-0.6443,8,0.2000,1.0000,6,6,6,0,0,6,6,0.0000
4,20.0000,11,36,1028.8198,-88.8559,0.1943,4,0.1000,1.0000,2,2,2,0,0,2,2,0.0000
4,20.0000,11,37,784.6510,-87.1555,0.9285,7,0.1750,1.0000,8,6,6,0,0,6,6,0.0000
4,20.0000,11,38,568.5337,-83.9569,0.3115,15,0.3750,0.8750,8,8,8,0,0,8,8,0.0000
4,20.0000,11,39,323.6999,-80.4093,0.0620,19,0.4750,0.6667,6,7,4,0,0,7,4,0.4286
4,20.0000,11,40,750.7710,-86.0901,0.0223,10,0.2500,1.0000,8,8,7,0,0,8,7,0.1250
4,20.0000,11,41,767.2386,-87.4433,0.7770,7,0.1750,1.0000,6,6,5,0,0,6,5,0.1667
4,20.0000,11,43,445.2643,-83.1950,-0.1555,14,0.3500,0.8571,7,9,6,0,0,9,6,0.3333
4,20.0000,11,45,563.2024,-85.1802,-0.2640,13,0.3250,0.6667,6,8,7,0,0,8,7,0.1250
4,20.0000,11,46,628.3894,-85.3034,-0.2539,15,0.3750,0.8571,7,8,8,0,0,8,8,0.0000
4,20.0000,11,47,674.8438,-87.1186,0.1563,11,0.2750,0.8750,8,4,4,0,0,4,4,0.0000
4,20.0000,12,1,566.0013,-85.0111,0.3779,14,0.3590,1.0000,8,6,4,0,0,6,4,0.3333
4,20.0000,12,5,787.3932,-86.0192,-0.9569,4,0.1026,1.0000,6,8,8,0,0,8,8,0.0000
4,20.0000,12,8,588.1607,-85.2001,0.4276,8,0.2051,1.0000,8,8,8,0,0,8,8,0.0000
4,20.0000,12,10,446.9174,-84.2569,-0.2239,11,0.2821,0.8750,8,8,6,0,0,8,6,0.2500
4,20.0000,12,13,640.7584,-85.6471,0.9737,11,0.2821,1.0000,8,8,8,0,0,8,8,0.0000
4,20.0000,12,16,223.2483,-75.8511,0.0346,30,0.7692,0.0000,4,5,1,0,0,5,1,0.8000
4,20.0000,12,27,666.7744,-88.1441,0.7851,3,0.0769,1.0000,8,7,6,0,0,7,6,0.1429
4,20.0000,12,29,632.0651,-86.1816,-0.0720,9,0.2308,1.0000,8,8,8,0,0,8,8,0.0000
4,20.0000,12,34,802.2518,-86.1619,-2.0654,3,0.0769,1.0000,6,7,5,0,0,7,5,0.2857
4,20.0000,12,35,417.9158,-83.1088,0.0836,15,0.3846,0.8571,7,6,4,0,0,6,4,0.3333
4,20.0000,12,36,558.5250,-85.9972,0.5646,12,0.3077,0.8750,8,7,6,0,0,7,6,0.1429
4,20.0000,12,40,671.2571,-85.8196,0.5024,6,0.1538,1.0000,8,7,6,0,0,7,6,0.1429
4,20.0000,12,47,678.1553,-86.2708,0.9752,8,0.2051,1.0000,8,8,6,0,0,8,6,0.2500
4,20.0000,13,1,267.7335,-77.0529,-0.7275,34,0.8500,0.0000,4,5,1,0,0,5,1,0.8000
4,20.0000,13,5,297.3873,-77.9150,-0.3726,34,0.8500,0.2000,5,5,2,0,0,5,2,0.6000
4,20.0000,13,8,877.5742,-87.0690,-0.0961,4,0.1000,1.0000,8,8,7,0,0,8,7,0.1250
4,20.0000,13,10,519.7851,-82.6564,-0.0688,17,0.4250,1.0000,8,6,4,0,0,6,4,0.3333
4,20.0000,13,11,873.5824,-87.8836,0.5068,4,0.1000,1.0000,8,8,8,0,0,8,8,0.0000
4,20.0000,13,12,640.7584,-86.5152,0.8565,9,0.2250,1.0000,8,8,7,0,0,8,7,0.1250
4,20.0000,13,16,496.8109,-84.7597,0.5823,15,0.3750,0.8571,7,8,6,0,0,8,6,0.2500
4,20.0000,13,19,737.3073,-86.4799,0.9287,6,0.1500,1.0000,8,8,6,0,0,8,6,0.2500
4,20.0000,13,20,710.9818,-86.4938,0.2706,4,0.1000,1.0000,8,8,8,0,0,8,8,0.0000
4,20.0000,13,21,689.8496,-87.3585,-0.0681,6,0.1500,0.8571,7,8,8,0,0,8,8,0.0000
4,20.0000,13,25,717.2582,-86.1885,0.3648,3,0.0750,1.0000,8,6,6,0,0,6,6,0.0000
4,20.0000,13,26,296.6491,-78.6792,-0.3688,30,0.7500,0.4000,5,7,6,0,0,7,6,0.1429
4,20.0000,13,27,790.2532,-87.4011,1.0973,6,0.1500,1.0000,8,8,8,0,0,8,8,0.0000
4,20.0000,13,29,157.0670,-73.2759,0.1540,36,0.9000,0.3333,6,5,1,0,0,5,1,0.8000
4,20.0000,13,34,286.6063,-79.5395,0.1932,28,0.7000,0.5000,6,5,1,0,0,5,1,0.8000
4,20.0000,13,35,420.3929,-81.9277,-0.5840,26,0.6500,0.7143,7,7,4,0,0,7,4,0.4286
4,20.0000,13,36,181.7317,-70.9725,-2.0440,33,0.8250,0.0000,4,4,0,0,0,4,0,1.0000
4,20.0000,13,40,512.6840,-83.6108,0.7317,14,0.3500,1.0000,8,8,8,0,0,8,8,0.0000
4,20.0000,13,43,833.5214,-87.0562,-0.2768,4,0.1000,1.0000,8,8,8,0,0,8,8,0.0000
4,20.0000,13,47,272.0177,-77.3755,-0.0340,26,0.6500,0.5000,6,6,2,0,0,6,2,0.6667
4,20.0000,14,3,436.0527,-82.4100,-0.1584,21,0.5250,0.7143,7,8,8,0,0,8,8,0.0000
4,20.0000,14,4,689.6362,-85.7667,0.0166,7,0.1750,1.0000,8,8,8,0,0,8,8,0.0000
4,20.0000,14,7,680.5313,-84.2000,-1.8973,5,0.1250,1.0000,8,8,8,0,0,8,8,0.0000
4,20.0000,14,15,281.2812,-78.9210,0.2258,26,0.6500,0.3333,6,5,1,0,0,5,1,0.8000
4,20.0000,14,18,627.6705,-84.7729,-0.0344,6,0.1500,1.0000,8,8,8,0,0,8,8,0.0000
4,20.0000,14,24,249.5999,-76.4676,-0.5019,29,0.7250,0.0000,4,4,0,0,0,4,0,1.0000
4,20.0000,14,28,559.5497,-83.6556,-0.9816,12,0.3000,1.0000,8,8,7,0,0,8,7,0.1250
4,20.0000,14,30,411.2396,-82.4132,0.4232,23,0.5750,0.7143,7,7,5,0,0,7,5,0.2857
4,20.0000,14,41,892.4090,-85.7367,-0.0415,3,0.0750,1.0000,6,8,8,0,0,8,8,0.0000
4,20.0000,14,42,368.5210,-81.9095,0.2891,25,0.6250,0.5000,6,4,0,0,0,4,0,1.0000
4,20.0000,14,44,242.0045,-77.0222,0.0116,28,0.7000,0.3333,6,5,2,0,0,5,2,0.6000
4,20.0000,14,46,709.4804,-84.8551,0.4155,4,0.1000,1.0000,8,8,8,0,0,8,8,0.0000
4,20.0000,15,0,653.0988,-86.0174,-0.2992,11,0.2750,1.0000,8,7,6,0,0,7,6,0.1429
4,20.0000,15,3,234.3506,-76.7878,-0.3503,36,0.9000,0.0000,4,5,1,0,0,5,1,0.8000
4,20.0000,15,4,438.8612,-81.4776,-1.3051,21,0.5250,0.6667,6,6,3,0,0,6,3,0.5000
4,20.0000,15,6,687.0908,-86.3709,-0.5632,14,0.3500,0.9000,10,7,7,0,0,7,7,0.0000
4,20.0000,15,7,423.6220,-81.4447,-0.0495,20,0.5000,0.6667,6,7,6,0,0,7,6,0.1429
4,20.0000,15,9,878.0359,-86.9205,1.0084,6,0.1500,1.0000,8,8,8,0,0,8,8,0.0000
4,20.0000,15,11,1048.0731,-87.9575,-0.6380,3,0.0750,1.0000,8,8,8,0,0,8,8,0.0000
4,20.0000,15,14,281.2812,-79.3882,0.0794,36,0.9000,0.2000,5,5,1,0,0,5,1,0.8000
4,20.0000,15,17,941.1419,-88.2639,-1.1305,4,0.1000,1.0000,8,4,4,0,0,4,4,0.0000
4,20.0000,15,18,528.5111,-84.2298,1.2049,19,0.4750,0.8571,7,8,7,0,0,8,7,0.1250
4,20.0000,15,22,857.3428,-87.6267,-1.0258,6,0.1500,1.0000,8,8,8,0,0,8,8,0.0000
4,20.0000,15,23,940.6626,-87.4668,-0.6630,5,0.1250,1.0000,8,6,6,0,0,6,6,0.0000
4,20.0000,15,24,381.7012,-81.3906,0.0577,34,0.8500,0.5714,7,7,5,0,0,7,5,0.2857
4,20.0000,15,28,289.7775,-76.3035,-1.2147,32,0.8000,0.2000,5,7,6,0,0,7,6,0.1429
4,20.0000,15,30,499.5794,-82.8968,-0.0610,29,0.7250,0.4000,5,5,2,0,0,5,2,0.6000
4,20.0000,15,32,939.9345,-87.2645,0.0875,6,0.1500,1.0000,8,6,6,0,0,6,6,0.0000
4,20.0000,15,33,837.6641,-87.5340,-1.1310,8,0.2000,0.8750,8,8,8,0,0,8,8,0.0000
4,20.0000,15,37,776.8057,-87.5471,-0.2083,10,0.2500,1.0000,8,8,8,0,0,8,8,0.0000
4,20.0000,15,38,991.0915,-88.6645,-0.3975,4,0.1000,1.0000,2,8,7,0,0,8,7,0.1250
4,20.0000,15,39,803.1202,-86.2834,-0.0133,7,0.1750,0.8750,8,7,6,0,0,7,6,0.1429
4,20.0000,15,41,704.5126,-85.2128,-0.1170,11,0.2750,1.0000,8,8,8,0,0,8,8,0.0000
4,20.0000,15,42,470.1160,-82.8476,0.1537,26,0.6500,0.7143,7,7,3,0,0,7,3,0.5714
4,20.0000,15,44,248.5128,-79.1229,0.5734,36,0.9000,0.5000,6,6,3,0,0,6,3,0.5000
4,20.0000,15,45,767.2141,-87.1351,-0.9898,9,0.2250,1.0000,8,8,7,0,0,8,7,0.1250
4,20.0000,15,46,444.8503,-81.7527,-0.3373,14,0.3500,1.0000,8,7,6,0,0,7,6,0.1429
4,20.0000,16,1,511.6657,-83.7956,-0.2677,12,0.3000,1.0000,8,8,8,0,0,8,8,0.0000
4,20.0000,16,5,666.0679,-85.2549,-0.5928,6,0.1500,0.8750,8,8,7,0,0,8,7,0.1250
4,20.0000,16,8,486.6537,-82.9982,0.1535,11,0.2750,0.7143,7,8,7,0,0,8,7,0.1250
4,20.0000,16,10,236.6094,-77.2726,0.5526,25,0.6250,0.3333,6,5,1,0,0,5,1,0.8000
4,20.0000,16,12,223.2483,-76.1797,-0.1990,37,0.9250,0.0000,4,5,2,0,0,5,2,0.6000
4,20.0000,16,13,496.8109,-85.1150,-0.1554,7,0.1750,0.7143,7,7,4,0,0,7,4,0.4286
4,20.0000,16,19,541.7592,-85.3243,-1.4626,8,0.2000,1.0000,8,8,8,0,0,8,8,0.0000
4,20.0000,16,20,826.5899,-86.1661,0.9397,4,0.1000,0.8750,8,6,6,0,0,6,6,0.0000
4,20.0000,16,25,744.3858,-87.0919,-1.6465,4,0.1000,1.0000,8,8,8,0,0,8,8,0.0000
4,20.0000,16,26,717.0372,-85.9281,-0.6754,3,0.0750,0.8750,8,7,6,0,0,7,6,0.1429
4,20.0000,16,27,501.4079,-83.1726,0.0532,11,0.2750,0.8750,8,6,2,0,0,6,2,0.6667
4,20.0000,16,29,448.8458,-82.0967,0.2989,11,0.2750,1.0000,8,8,8,0,0,8,8,0.0000
4,20.0000,16,31,814.1546,-85.6894,1.0365,4,0.1000,1.0000,8,7,6,0,0,7,6,0.1429
4,20.0000,16,34,637.4603,-85.8278,-0.8070,5,0.1250,0.8750,8,8,8,0,0,8,8,0.0000
4,20.0000,16,35,445.4694,-82.6796,-0.2701,21,0.5250,0.6667,6,10,9,0,0,10,9,0.1000
4,20.0000,16,36,476.3156,-84.3327,0.0439,13,0.3250,0.4000,5,7,5,0,0,7,5,0.2857
4,20.0000,16,40,502.5753,-84.4734,0.0387,8,0.2000,0.5000,8,8,7,0,0,8,7,0.1250
4,20.0000,16,47,482.4573,-83.4735,-0.7357,11,0.2750,1.0000,8,7,6,0,0,7,6,0.1429
4,20.0000,17,0,427.4950,-81.9889,-0.2351,19,0.4750,0.3333,6,7,6,0,0,7,6,0.1429
4,20.0000,17,2,601.8396,-85.9164,-0.6155,11,0.2750,0.5000,6,6,4,0,0,6,4,0.3333
4,20.0000,17,3,874.1674,-88.0117,-0.3638,7,0.1750,1.0000,6,8,8,0,0,8,8,0.0000
4,20.0000,17,4,560.0331,-85.2499,-0.5311,14,0.3500,1.0000,8,8,8,0,0,8,8,0.0000
4,20.0000,17,6,773.7295,-87.1455,0.9119,7,0.1750,1.0000,8,8,8,0,0,8,8,0.0000
4,20.0000,17,7,596.6697,-84.5936,-1.1550,9,0.2250,0.8750,8,8,8,0,0,8,8,0.0000
4,20.0000,17,8,866.7441,-88.9836,-0.1216,6,0.1500,1.0000,4,8,7,0,0,8,7,0.1250
4,20.0000,17,9,556.8807,-85.2489,0.4202,13,0.3250,0.6667,6,7,6,0,0,7,6,0.1429
4,20.0000,17,10,836.6358,-87.9226,1.0011,4,0.1000,1.0000,2,8,8,0,0,8,8,0.0000
4,20.0000,17,11,338.6017,-81.0974,0.0010,27,0.6750,0.4000,5,8,4,0,0,8,4,0.5000
4,20.0000,17,13,1014.5973,-88.8885,-0.1336,3,0.0750,1.0000,4,10,10,0,0,10,10,0.0000
4,20.0000,17,15,941.1419,-86.4584,-0.5081,5,0.1250,1.0000,6,2,2,0,0,2,2,0.0000
4,20.0000,17,19,576.0535,-85.9823,0.6830,8,0.2000,0.8571,7,7,6,0,0,7,6,0.1429
4,20.0000,17,20,318.3003,-79.0964,0.0815,26,0.6500,0.4000,5,8,7,0,0,8,7,0.1250
4,20.0000,17,21,652.9587,-84.5994,-0.1896,10,0.2500,0.8750,8,8,8,0,0,8,8,0.0000
4,20.0000,17,22,160.1083,-67.7701,-3.0624,37,0.9250,0.1667,6,5,2,0,0,5,2,0.6000
4,20.0000,17,23,279.5757,-78.9316,-0.4445,24,0.6000,0.2000,5,5,2,0,0,5,2,0.6000
4,20.0000,17,25,363.9413,-80.6342,0.0303,22,0.5500,0.2000,5,6,3,0,0,6,3,0.5000
4,20.0000,17,26,867.1883,-87.9236,1.4256,5,0.1250,1.0000,8,4,3,0,0,4,3,0.2500
4,20.0000,17,27,669.3222,-85.9577,1.4491,8,0.2000,0.8000,5,8,8,0,0,8,8,0.0000
4,20.0000,17,28,681.7528,-85.5910,0.6081,10,0.2500,0.8571,7,8,8,0,0,8,8,0.0000
4,20.0000,17,29,889.1466,-88.5118,-0.4912,4,0.1000,1.0000,5,3,3,0,0,3,3,0.0000
4,20.0000,17,31,314.2661,-79.7673,0.5329,23,0.5750,1.0000,8,5,2,0,0,5,2,0.6000
4,20.0000,17,32,175.5850,-73.8428,-0.0357,35,0.8750,0.2000,5,5,1,0,0,5,1,0.8000
4,20.0000,17,33,728.1824,-87.1560,-1.0486,8,0.2000,1.0000,8,6,6,0,0,6,6,0.0000
4,20.0000,17,34,872.2620,-86.9957,-0.1108,6,0.1500,1.0000,8,4,4,0,0,4,4,0.0000
4,20.0000,17,37,793.9830,-87.4786,0.0554,9,0.2250,1.0000,8,7,6,0,0,7,6,0.1429
4,20.0000,17,38,461.7283,-81.2977,-0.1884,19,0.4750,0.8750,8,8,7,0,0,8,7,0.1250
4,20.0000,17,39,183.1670,-76.4188,0.8168,31,0.7750,0.4000,5,5,1,0,0,5,1,0.8000
4,20.0000,17,40,744.4255,-86.8548,0.4219,8,0.2000,0.7143,7,6,6,0,0,6,6,0.0000
4,20.0000,17,41,689.4144,-84.3630,0.5988,13,0.3250,0.8000,5,6,6,0,0,6,6,0.0000
4,20.0000,17,43,323.0334,-80.7808,0.6175,22,0.5500,0.8571,7,5,2,0,0,5,2,0.6000
4,20.0000,17,45,310.3580,-79.0972,0.4145,25,0.6250,0.3333,6,6,3,0,0,6,3,0.5000
4,20.0000,17,46,552.0249,-83.8563,1.2150,14,0.3500,0.7143,7,8,7,0,0,8,7,0.1250
4,20.0000,17,47,764.8492,-87.5250,-1.0480,6,0.1500,0.8333,6,4,3,0,0,4,3,0.2500
4,20.0000,18,0,545.5085,-84.8208,0.5985,6,0.1500,1.0000,8,7,6,0,0,7,6,0.1429
4,20.0000,18,3,723.6074,-86.6185,-0.4170,7,0.1750,1.0000,6,8,8,0,0,8,8,0.0000
4,20.0000,18,4,634.9652,-86.6802,0.5012,7,0.1750,0.8571,7,8,8,0,0,8,8,0.0000
4,20.0000,18,6,314.5219,-80.0972,1.2380,23,0.5750,0.7143,7,4,0,0,0,4,0,1.0000
4,20.0000,18,7,429.8633,-83.4765,0.0188,9,0.2250,1.0000,8,6,2,0,0,6,2,0.6667
4,20.0000,18,9,606.1635,-84.9347,-0.2122,7,0.1750,1.0000,8,8,8,0,0,8,8,0.0000
4,20.0000,18,14,627.6705,-85.3119,0.0151,12,0.3000,0.7143,7,7,4,0,0,7,4,0.4286
4,20.0000,18,15,528.5111,-83.7450,0.7356,13,0.3250,0.8750,8,6,4,0,0,6,4,0.3333
4,20.0000,18,24,462.5151,-83.1780,0.0315,21,0.5250,0.6667,6,8,7,0,0,8,7,0.1250
4,20.0000,18,28,639.1982,-86.9234,-0.2422,5,0.1250,0.8571,7,8,8,0,0,8,8,0.0000
4,20.0000,18,30,418.5097,-81.4856,0.1139,25,0.6250,0.8571,7,7,5,0,0,7,5,0.2857
4,20.0000,18,32,871.7277,-89.4815,0.1329,3,0.0750,1.0000,4,8,8,0,0,8,8,0.0000
4,20.0000,18,33,482.9872,-83.2525,-0.4354,14,0.3500,0.7143,7,7,6,0,0,7,6,0.1429
4,20.0000,18,37,358.6308,-80.4565,0.2516,19,0.4750,0.6250,8,5,1,0,0,5,1,0.8000
4,20.0000,18,39,797.3025,-87.0204,1.3450,3,0.0750,1.0000,8,8,8,0,0,8,8,0.0000
4,20.0000,18,41,375.4115,-81.0502,-0.5844,16,0.4000,0.8750,8,5,2,0,0,5,2,0.6000
4,20.0000,18,42,512.6941,-82.7997,-0.5552,18,0.4500,0.8571,7,6,3,0,0,6,3,0.5000
4,20.0000,18,44,389.2230,-82.1582,-0.0900,23,0.5750,0.6667,6,6,4,0,0,6,4,0.3333
4,20.0000,18,46,476.9089,-82.9948,1.6624,7,0.1750,1.0000,8,6,3,0,0,6,3,0.5000
4,20.0000,19,0,801.6358,-87.9765,1.1146,6,0.1500,1.0000,8,8,8,0,0,8,8,0.0000
4,20.0000,19,1,908.0084,-86.9424,0.2803,7,0.1750,1.0000,8,4,3,0,0,4,3,0.2500
4,20.0000,19,2,372.1645,-81.7904,0.0912,20,0.5000,0.8571,7,6,3,0,0,6,3,0.5000
4,20.0000,19,5,890.3166,-86.9881,-0.9546,4,0.1000,1.0000,8,2,2,0,0,2,2,0.0000
4,20.0000,19,7,1008.9452,-87.6079,-0.5693,5,0.1250,0.9000,10,4,4,0,0,4,4,0.0000
4,20.0000,19,8,432.8084,-81.9834,-0.5899,19,0.4750,0.8750,8,7,6,0,0,7,6,0.1429
4,20.0000,19,9,793.6322,-86.7022,0.7316,5,0.1250,1.0000,8,6,5,0,0,6,5,0.1667
4,20.0000,19,10,319.3316,-79.2656,0.1769,18,0.4500,0.7143,7,5,1,0,0,5,1,0.8000
4,20.0000,19,11,398.4215,-81.3724,0.7817,14,0.3500,0.8750,8,8,8,0,0,8,8,0.0000
4,20.0000,19,12,741.5025,-86.9844,-0.0470,10,0.2500,1.0000,8,8,8,0,0,8,8,0.0000
4,20.0000,19,13,737.3073,-85.9032,0.2112,9,0.2250,1.0000,8,8,7,0,0,8,7,0.1250
4,20.0000,19,16,541.7592,-85.0720,0.3560,16,0.4000,1.0000,8,8,8,0,0,8,8,0.0000
4,20.0000,19,17,576.0535,-84.5770,1.1740,5,0.1250,0.8571,7,7,6,0,0,7,6,0.1429
4,20.0000,19,20,482.9835,-82.2829,-0.6888,15,0.3750,0.3333,6,8,8,0,0,8,8,0.0000
4,20.0000,19,21,826.7111,-86.6856,0.4965,5,0.1250,1.0000,8,6,6,0,0,6,6,0.0000
4,20.0000,19,22,732.0644,-86.0094,-0.8211,7,0.1750,0.8571,7,8,8,0,0,8,8,0.0000
4,20.0000,19,23,649.9528,-85.3319,-1.9083,6,0.1500,1.0000,8,8,8,0,0,8,8,0.0000
4,20.0000,19,25,326.2524,-79.8363,0.0445,17,0.4250,0.5714,7,8,6,0,0,8,6,0.2500
4,20.0000,19,26,778.0983,-86.0833,0.8766,9,0.2250,1.0000,4,6,5,0,0,6,5,0.1667
4,20.0000,19,27,260.4631,-76.9561,0.8089,29,0.7250,0.2000,5,5,2,0,0,5,2,0.6000
4,20.0000,19,29,593.6550,-84.6130,-0.1053,10,0.2500,0.5000,6,8,8,0,0,8,8,0.0000
4,20.0000,19,31,291.2319,-78.5695,-0.1371,19,0.4750,0.6667,6,6,3,0,0,6,3,0.5000
4,20.0000,19,32,533.8067,-84.6206,0.2581,10,0.2500,0.7500,8,8,7,0,0,8,7,0.1250
4,20.0000,19,34,748.7115,-86.4480,-1.2464,8,0.2000,0.8750,8,8,8,0,0,8,8,0.0000
4,20.0000,19,35,936.6699,-88.8326,1.1302,4,0.1000,0.8000,5,2,2,0,0,2,2,0.0000
4,20.0000,19,37,996.3593,-88.8603,-0.3010,4,0.1000,,0,2,2,0,0,2,2,0.0000
4,20.0000,19,39,633.8145,-86.9352,-0.7666,6,0.1500,1.0000,8,8,8,0,0,8,8,0.0000
4,20.0000,19,40,552.7154,-83.9779,-0.3845,15,0.3750,1.0000,8,8,8,0,0,8,8,0.0000
4,20.0000,19,43,413.4624,-81.7927,-0.4084,14,0.3500,0.5714,7,8,8,0,0,8,8,0.0000
4,20.0000,19,45,868.7245,-88.6031,1.0300,4,0.1000,1.0000,8,3,2,0,0,3,2,0.3333
4,20.0000,19,47,548.4098,-83.8322,0.0148,11,0.2750,0.5000,6,7,6,0,0,7,6,0.1429
4,20.0000,20,0,686.9987,-84.8445,-0.6547,8,0.2000,0.7500,8,8,8,0,0,8,8,0.0000
4,20.0000,20,2,678.3377,-85.9242,0.2697,10,0.2500,0.8571,7,8,8,0,0,8,8,0.0000
4,20.0000,20,4,821.4435,-88.5072,0.0189,4,0.1000,1.0000,6,2,2,0,0,2,2,0.0000
4,20.0000,20,5,765.7115,-88.0864,-0.8958,5,0.1250,0.8571,7,4,4,0,0,4,4,0.0000
4,20.0000,20,7,828.1148,-87.3273,0.0900,5,0.1250,0.6667,6,5,5,0,0,5,5,0.0000
4,20.0000,20,8,810.6398,-86.6270,-1.1413,11,0.2750,1.0000,8,8,8,0,0,8,8,0.0000
4,20.0000,20,10,642.4921,-85.1999,0.6778,11,0.2750,0.7500,4,4,3,0,0,4,3,0.2500
4,20.0000,20,11,308.4598,-77.7202,0.3440,22,0.5500,0.3333,6,6,4,0,0,6,4,0.3333
4,20.0000,20,13,710.9818,-85.2938,0.8008,9,0.2250,1.0000,6,7,6,0,0,7,6,0.1429
4,20.0000,20,16,826.5899,-88.0274,-0.4172,9,0.2250,1.0000,4,8,8,0,0,8,8,0.0000
4,20.0000,20,17,318.3003,-78.8439,-0.6013,18,0.4500,0.5000,6,6,4,0,0,6,4,0.3333
4,20.0000,20,19,482.9835,-81.9997,-0.8508,18,0.4500,0.5000,6,6,6,0,0,6,6,0.0000
4,20.0000,20,21,456.8585,-82.5820,0.2574,22,0.5500,0.8750,8,7,6,0,0,7,6,0.1429
4,20.0000,20,22,400.8604,-80.9605,-0.4720,15,0.3750,0.6667,6,7,6,0,0,7,6,0.1429
4,20.0000,20,23,574.9811,-83.5951,-1.0186,9,0.2250,1.0000,8,8,8,0,0,8,8,0.0000
4,20.0000,20,25,194.9668,-74.7677,-0.7528,31,0.7750,0.3333,6,6,3,0,0,6,3,0.5000
4,20.0000,20,26,557.7594,-85.4216,0.2798,12,0.3000,0.6667,3,6,3,0,0,6,3,0.5000
4,20.0000,20,27,609.3807,-84.9373,0.1979,15,0.3750,1.0000,6,7,6,0,0,7,6,0.1429
4,20.0000,20,29,590.6758,-86.2038,0.1178,13,0.3250,0.5000,6,7,6,0,0,7,6,0.1429
4,20.0000,20,31,371.0314,-78.8127,-0.9577,20,0.5000,0.7143,7,8,8,0,0,8,8,0.0000
4,20.0000,20,32,437.3161,-81.3853,-0.9775,14,0.3500,0.8750,8,8,8,0,0,8,8,0.0000
4,20.0000,20,33,1011.4488,-88.7126,-0.1510,6,0.1500,1.0000,4,4,4,0,0,4,4,0.0000
4,20.0000,20,34,581.4710,-83.9650,1.1366,17,0.4250,0.7143,7,8,7,0,0,8,7,0.1250
4,20.0000,20,35,1068.1026,-88.2744,-0.2369,3,0.0750,1.0000,6,6,6,0,0,6,6,0.0000
4,20.0000,20,38,375.2373,-81.0921,-0.3093,21,0.5250,0.5000,6,8,8,0,0,8,8,0.0000
4,20.0000,20,39,436.9212,-82.7619,0.1447,12,0.3000,0.9605,152,7,6,141,133,148,139,0.0608
4,20.0000,20,40,548.4155,-84.6708,-1.1074,16,0.4000,0.8571,7,8,8,0,0,8,8,0.0000
4,20.0000,20,41,968.4761,-89.0462,0.4296,4,0.1000,1.0000,4,8,8,0,0,8,8,0.0000
4,20.0000,20,43,329.1737,-78.9582,-0.8482,23,0.5750,0.2000,5,6,4,18,13,24,17,0.2917
4,20.0000,20,45,482.8336,-83.7913,0.7923,9,0.2250,0.8571,7,7,4,0,0,7,4,0.4286
4,20.0000,20,46,782.6474,-87.3032,-0.6141,5,0.1250,1.0000,8,8,8,0,0,8,8,0.0000
4,20.0000,20,47,478.7634,-83.3601,0.9102,17,0.4250,0.6667,6,7,6,0,0,7,6,0.1429
4,20.0000,21,1,841.7355,-87.5928,0.7613,5,0.1250,1.0000,8,8,8,0,0,8,8,0.0000
4,20.0000,21,5,556.1822,-83.8675,-0.2501,17,0.4250,0.8571,7,8,7,0,0,8,7,0.1250
4,20.0000,21,8,995.4214,-88.3273,1.1976,3,0.0750,1.0000,4,7,6,0,0,7,6,0.1429
4,20.0000,21,10,859.1827,-87.5510,-0.5364,3,0.0750,1.0000,4,6,6,0,0,6,6,0.0000
4,20.0000,21,11,765.1833,-86.2333,0.8384,4,0.1000,0.9130,23,8,8,0,0,8,8,0.0000
4,20.0000,21,13,689.8496,-85.6279,-0.8124,8,0.2000,1.0000,8,7,6,0,0,7,6,0.1429
4,20.0000,21,17,652.9587,-85.8918,-3.6567,3,0.0750,1.0000,8,8,8,0,0,8,8,0.0000
4,20.0000,21,19,826.7111,-86.3379,-1.6475,4,0.1000,1.0000,8,8,8,0,0,8,8,0.0000
4,20.0000,21,20,456.8585,-82.9712,1.1040,8,0.2000,0.7143,7,8,8,0,0,8,8,0.0000
4,20.0000,21,22,648.0778,-84.0575,-2.6351,4,0.1000,1.0000,8,8,8,0,0,8,8,0.0000
4,20.0000,21,25,631.3945,-86.8696,1.7423,4,0.1000,0.7143,7,8,8,0,0,8,8,0.0000
4,20.0000,21,26,439.7375,-83.2076,0.2830,14,0.3500,0.8750,8,8,6,0,0,8,6,0.2500
4,20.0000,21,29,662.7607,-86.6584,1.5732,6,0.1500,1.0000,6,8,8,0,0,8,8,0.0000
4,20.0000,21,31,779.2394,-86.1271,1.1925,4,0.1000,1.0000,8,8,8,0,0,8,8,0.0000
4,20.0000,21,32,808.1248,-87.3030,0.0971,3,0.0750,0.7500,4,8,8,0,0,8,8,0.0000
4,20.0000,21,34,419.4461,-80.9022,-0.7042,16,0.4000,0.8571,7,8,8,0,0,8,8,0.0000
4,20.0000,21,35,1031.6576,-88.1341,-1.2604,4,0.1000,1.0000,4,6,6,0,0,6,6,0.0000
4,20.0000,21,36,840.2090,-86.7524,-0.7045,5,0.1250,1.0000,6,4,4,0,0,4,4,0.0000
4,20.0000,21,38,478.1019,-81.9328,-0.4882,18,0.4500,1.0000,8,6,4,0,0,6,4,0.3333
4,20.0000,21,40,499.4149,-82.1521,0.0517,15,0.3750,0.8571,7,7,6,0,0,7,6,0.1429
4,20.0000,21,43,559.7890,-84.0325,-0.4640,7,0.1750,0.7143,7,8,8,0,0,8,8,0.0000
4,20.0000,21,45,678.0761,-85.5569,-0.8144,6,0.1500,1.0000,8,8,8,0,0,8,8,0.0000
4,20.0000,21,47,491.5556,-83.7947,0.1114,11,0.2750,1.0000,8,8,8,0,0,8,8,0.0000
4,20.0000,22,0,452.0421,-82.0252,-0.6818,14,0.3500,0.6667,6,8,7,0,0,8,7,0.1250
4,20.0000,22,2,744.5882,-86.4929,-1.5372,5,0.1250,0.8571,7,6,6,0,0,6,6,0.0000
4,20.0000,22,3,760.0838,-86.7731,-0.4237,5,0.1250,1.0000,6,8,8,0,0,8,8,0.0000
4,20.0000,22,4,457.6227,-83.1626,0.6781,13,0.3250,1.0000,8,8,6,0,0,8,6,0.2500
4,20.0000,22,5,1111.2018,-88.7908,0.4351,3,0.0750,1.0000,2,2,2,0,0,2,2,0.0000
4,20.0000,22,6,812.2750,-87.8059,0.0188,6,0.1500,0.8571,7,8,8,0,0,8,8,0.0000
4,20.0000,22,7,570.4342,-84.6460,-0.3503,9,0.2250,1.0000,8,8,8,0,0,8,8,0.0000
4,20.0000,22,9,619.7236,-84.8762,-0.5252,7,0.1750,0.8571,7,7,6,0,0,7,6,0.1429
4,20.0000,22,11,468.6788,-82.2365,-1.2588,15,0.3750,0.8750,8,8,8,0,0,8,8,0.0000
4,20.0000,22,15,857.3428,-86.4187,-0.3903,6,0.1500,1.0000,8,6,6,0,0,6,6,0.0000
4,20.0000,22,17,160.1083,-67.7820,-3.0128,37,0.9250,0.0000,4,6,4,0,0,6,4,0.3333
4,20.0000,22,18,959.6795,-87.1602,-0.8389,3,0.0750,1.0000,6,6,5,0,0,6,5,0.1667
4,20.0000,22,19,732.0644,-85.9836,-0.7367,3,0.0750,0.8571,7,8,8,0,0,8,8,0.0000
4,20.0000,22,20,400.8604,-80.8825,-0.8219,19,0.4750,0.5000,6,7,6,0,0,7,6,0.1429
4,20.0000,22,21,648.0778,-85.5480,-0.3166,10,0.2500,0.6667,6,8,8,0,0,8,8,0.0000
4,20.0000,22,23,346.1753,-79.2838,-1.3254,27,0.6750,0.4000,5,7,6,0,0,7,6,0.1429
4,20.0000,22,25,494.8299,-81.8378,-0.7395,15,0.3750,0.8750,8,7,6,0,0,7,6,0.1429
4,20.0000,22,27,813.9437,-87.6693,-0.2432,6,0.1500,1.0000,10,6,6,0,0,6,6,0.0000
4,20.0000,22,28,581.1829,-85.7382,0.4433,8,0.2000,1.0000,6,6,6,0,0,6,6,0.0000
4,20.0000,22,31,474.1336,-81.8627,-0.9626,15,0.3750,0.8571,7,8,8,0,0,8,8,0.0000
4,20.0000,22,32,300.7681,-76.1236,-1.4185,32,0.8000,0.8571,7,7,6,0,0,7,6,0.1429
4,20.0000,22,34,932.4858,-86.9697,0.1938,4,0.1000,0.6667,3,4,4,0,0,4,4,0.0000
4,20.0000,22,37,842.2719,-87.0495,0.1694,6,0.1500,0.8750,8,8,8,0,0,8,8,0.0000
4,20.0000,22,38,399.5192,-82.1557,0.2902,15,0.3750,0.7143,7,7,5,0,0,7,5,0.2857
4,20.0000,22,39,246.3528,-77.3762,0.0724,26,0.6500,0.2000,5,6,3,0,0,6,3,0.5000
4,20.0000,22,40,835.0057,-86.8525,-1.2921,5,0.1250,0.8750,8,2,2,0,0,2,2,0.0000
4,20.0000,22,41,713.5675,-86.3536,-0.0929,9,0.2250,1.0000,8,6,5,0,0,6,5,0.1667
4,20.0000,22,43,438.0680,-81.0040,-0.6880,18,0.4500,0.8571,7,7,6,0,0,7,6,0.1429
4,20.0000,22,44,1011.8567,-89.1921,-0.1617,4,0.1000,1.0000,2,8,8,0,0,8,8,0.0000
4,20.0000,22,45,163.6085,-75.5910,1.1495,34,0.8500,0.2000,5,5,1,0,0,5,1,0.8000
4,20.0000,22,46,523.1355,-83.1958,-0.7816,15,0.3750,0.8750,8,7,6,0,0,7,6,0.1429
4,20.0000,22,47,855.5276,-87.3813,-0.3515,7,0.1750,1.0000,8,8,7,0,0,8,7,0.1250
4,20.0000,23,0,360.1605,-81.3339,0.0498,19,0.4634,0.6667,6,8,8,0,0,8,8,0.0000
4,20.0000,23,2,514.9956,-85.5552,-0.0066,9,0.2195,0.8571,7,7,6,0,0,7,6,0.1429
4,20.0000,23,3,917.5488,-86.6300,-0.0712,4,0.0976,1.0000,4,6,5,0,0,6,5,0.1667
4,20.0000,23,4,552.3244,-85.2878,-0.7140,11,0.2683,0.8571,7,7,4,0,0,7,4,0.4286
4,20.0000,23,6,662.4596,-86.1078,0.8819,8,0.1951,0.8571,7,7,6,0,0,7,6,0.1429
4,20.0000,23,7,577.7875,-84.8086,-0.0167,10,0.2439,1.0000,8,7,6,0,0,7,6,0.1429
4,20.0000,23,8,859.6563,-87.8671,0.4044,5,0.1220,1.0000,6,6,6,0,0,6,6,0.0000
4,20.0000,23,9,334.4322,-81.3017,0.8688,14,0.3415,0.7692,13,6,2,0,0,6,2,0.6667
4,20.0000,23,10,948.9481,-87.7289,-0.3443,5,0.1220,,0,6,6,0,0,6,6,0.0000
4,20.0000,23,11,502.1530,-82.8593,-0.2546,9,0.2195,1.0000,8,7,6,0,0,7,6,0.1429
4,20.0000,23,15,940.6626,-87.1911,2.0276,3,0.0732,1.0000,8,4,4,0,0,4,4,0.0000
4,20.0000,23,17,279.5757,-79.2915,-0.3820,21,0.5122,0.5000,6,7,6,0,0,7,6,0.1429
4,20.0000,23,18,848.4313,-86.6938,-0.3409,4,0.0976,1.0000,2,8,8,0,0,8,8,0.0000
4,20.0000,23,19,649.9528,-85.9716,0.3923,7,0.1707,0.7778,9,7,6,0,0,7,6,0.1429
4,20.0000,23,20,574.9811,-85.4562,0.3289,8,0.1951,0.8750,8,8,8,0,0,8,8,0.0000
4,20.0000,23,22,346.1753,-78.3746,-0.7893,20,0.4878,0.8750,8,6,3,0,0,6,3,0.5000
4,20.0000,23,25,562.4191,-85.6522,-0.4703,9,0.2195,0.8750,8,8,8,0,0,8,8,0.0000
4,20.0000,23,27,693.3653,-86.1091,-1.5271,7,0.1707,1.0000,8,8,7,0,0,8,7,0.1250
4,20.0000,23,28,725.0794,-85.9599,-0.9970,6,0.1463,0.7500,4,5,4,0,0,5,4,0.2000
4,20.0000,23,31,380.1708,-80.9610,-0.4068,13,0.3171,0.5000,6,8,8,0,0,8,8,0.0000
4,20.0000,23,32,170.9244,-73.7261,-0.0016,29,0.7073,0.2000,5,6,2,0,0,6,2,0.6667
4,20.0000,23,33,504.0108,-84.1713,-0.2035,13,0.3171,1.0000,8,7,5,137,129,144,134,0.0694
4,20.0000,23,37,641.8969,-86.2354,-0.9584,8,0.1951,1.0000,8,8,8,0,0,8,8,0.0000
4,20.0000,23,38,728.1584,-87.2644,1.2289,4,0.0976,0.8333,6,6,4,0,0,6,4,0.3333
4,20.0000,23,39,279.0855,-78.0280,0.0787,19,0.4634,0.8095,63,7,6,4,4,11,10,0.0909
4,20.0000,23,40,890.3498,-88.3974,-0.1825,8,0.1951,0.7500,8,8,8,0,0,8,8,0.0000
4,20.0000,23,41,508.3134,-83.5527,-0.3521,14,0.3415,0.7143,7,7,6,0,0,7,6,0.1429
4,20.0000,23,43,431.8661,-82.1162,-0.3615,11,0.2683,0.7143,7,7,5,0,0,7,5,0.2857
4,20.0000,23,45,487.1460,-83.1420,-0.5486,14,0.3415,0.5714,7,8,8,0,0,8,8,0.0000
4,20.0000,23,46,546.7730,-83.9608,-0.4083,8,0.1951,0.7143,7,8,8,0,0,8,8,0.0000
4,20.0000,23,47,968.8605,-87.9324,0.4054,3,0.0732,1.0000,2,4,4,0,0,4,4,0.0000
4,20.0000,24,0,855.6083,-88.2985,0.4440,7,0.1750,1.0000,8,8,8,0,0,8,8,0.0000
4,20.0000,24,3,578.4267,-83.8699,-0.0518,19,0.4750,0.8571,7,8,8,0,0,8,8,0.0000
4,20.0000,24,4,705.2317,-85.7788,0.6152,5,0.1250,1.0000,8,8,8,0,0,8,8,0.0000
4,20.0000,24,6,753.3427,-86.6020,1.2699,9,0.2250,1.0000,8,8,8,0,0,8,8,0.0000
4,20.0000,24,7,658.3320,-85.4057,-0.5220,4,0.1000,1.0000,8,8,8,0,0,8,8,0.0000
4,20.0000,24,9,981.1116,-88.4733,0.2199,3,0.0750,1.0000,8,8,8,0,0,8,8,0.0000
4,20.0000,24,14,249.5999,-76.9970,0.0100,34,0.8500,0.0000,4,4,0,0,0,4,0,1.0000
4,20.0000,24,15,381.7012,-80.3874,-0.6676,28,0.7000,0.8750,8,7,5,0,0,7,5,0.2857
4,20.0000,24,18,462.5151,-83.4808,-0.3691,18,0.4500,0.8571,7,7,4,0,0,7,4,0.4286
4,20.0000,24,28,636.7480,-84.3819,0.1382,12,0.3000,0.8571,7,7,6,0,0,7,6,0.1429
4,20.0000,24,30,165.8621,-75.2709,1.2097,34,0.8500,0.0000,4,4,0,0,0,4,0,1.0000
4,20.0000,24,33,866.0256,-88.1825,-1.3669,3,0.0750,1.0000,8,8,8,0,0,8,8,0.0000
4,20.0000,24,37,810.4510,-86.5172,0.0520,4,0.1000,1.0000,8,8,8,0,0,8,8,0.0000
4,20.0000,24,39,1065.7692,-89.0814,-0.2297,4,0.1000,1.0000,8,6,6,0,0,6,6,0.0000
4,20.0000,24,41,759.7271,-86.5351,0.4437,6,0.1500,1.0000,8,8,8,0,0,8,8,0.0000
4,20.0000,24,42,180.2027,-75.4673,0.0893,38,0.9500,0.0000,4,6,2,0,0,6,2,0.6667
4,20.0000,24,44,155.3429,-68.6963,-2.9101,35,0.8750,0.0000,4,5,1,0,0,5,1,0.8000
4,20.0000,24,46,696.6736,-86.8306,0.7612,5,0.1250,1.0000,8,7,6,0,0,7,6,0.1429
4,20.0000,25,0,647.7152,-85.4846,1.1501,6,0.1500,1.0000,8,8,8,0,0,8,8,0.0000
4,20.0000,25,2,575.9068,-84.1949,0.6462,10,0.2500,1.0000,8,8,7,0,0,8,7,0.1250
4,20.0000,25,5,836.5569,-87.0193,4.2756,5,0.1250,1.0000,4,6,6,0,0,6,6,0.0000
4,20.0000,25,6,914.2316,-87.0034,1.9949,3,0.0750,1.0000,4,4,4,0,0,4,4,0.0000
4,20.0000,25,7,811.8222,-87.2678,0.6816,3,0.0750,1.0000,8,8,8,0,0,8,8,0.0000
4,20.0000,25,8,716.6608,-87.2722,0.7683,7,0.1750,0.8333,6,6,4,0,0,6,4,0.3333
4,20.0000,25,10,529.2735,-84.7093,0.9801,12,0.3000,0.7500,4,7,6,0,0,7,6,0.1429
4,20.0000,25,11,172.2301,-72.3169,-1.4753,33,0.8250,0.2000,5,4,0,0,0,4,0,1.0000
4,20.0000,25,12,965.8915,-87.7068,-0.0038,5,0.1250,1.0000,4,6,6,0,0,6,6,0.0000
4,20.0000,25,13,717.2582,-87.6910,-0.2965,8,0.2000,1.0000,6,8,8,0,0,8,8,0.0000
4,20.0000,25,16,744.3858,-87.1067,0.4916,5,0.1250,1.0000,4,5,4,0,0,5,4,0.2000
4,20.0000,25,17,363.9413,-79.9295,0.2478,16,0.4000,0.8000,5,7,6,0,0,7,6,0.1429
4,20.0000,25,19,326.2524,-80.1767,0.3497,20,0.5000,0.8571,7,7,5,0,0,7,5,0.2857
4,20.0000,25,20,194.9668,-74.9402,-0.5030,33,0.8250,0.2000,5,4,0,0,0,4,0,1.0000
4,20.0000,25,21,631.3945,-86.2681,-0.0465,6,0.1500,1.0000,8,7,6,0,0,7,6,0.1429
4,20.0000,25,22,494.8299,-81.7286,0.5467,12,0.3000,0.4000,5,10,9,0,0,10,9,0.1000
4,20.0000,25,23,562.4191,-81.7553,-0.5772,7,0.1750,0.8750,8,8,7,0,0,8,7,0.1250
4,20.0000,25,26,639.5968,-85.8293,0.5779,5,0.1250,1.0000,6,8,8,0,0,8,8,0.0000
4,20.0000,25,27,515.3412,-82.9523,1.5414,9,0.2250,0.8571,7,8,5,0,0,8,5,0.3750
4,20.0000,25,29,572.5308,-84.6920,0.5401,8,0.2000,0.8750,8,6,4,0,0,6,4,0.3333
4,20.0000,25,31,247.0415,-76.2756,-0.4768,27,0.6750,0.3333,6,6,4,0,0,6,4,0.3333
4,20.0000,25,32,403.9593,-80.1514,0.3119,12,0.3000,0.7143,7,7,5,0,0,7,5,0.2857
4,20.0000,25,33,944.5573,-88.2315,6.8478,3,0.0750,0.8000,5,6,6,0,0,6,6,0.0000
4,20.0000,25,34,660.0827,-85.0399,0.8421,8,0.2000,0.8571,7,7,6,0,0,7,6,0.1429
4,20.0000,25,36,873.5168,-86.5885,1.2485,4,0.1000,1.0000,8,2,2,0,0,2,2,0.0000
4,20.0000,25,37,941.7866,-87.4319,0.0860,3,0.0750,0.7500,8,6,6,0,0,6,6,0.0000
4,20.0000,25,38,538.9712,-83.2136,0.4604,13,0.3250,1.0000,8,7,5,0,0,7,5,0.2857
4,20.0000,25,39,428.4040,-81.9143,-0.3450,12,0.3000,1.0000,8,7,6,0,0,7,6,0.1429
4,20.0000,25,40,586.1510,-84.4579,0.8508,11,0.2750,1.0000,8,7,6,0,0,7,6,0.1429
4,20.0000,25,43,353.7002,-80.6939,0.5405,18,0.4500,0.5000,6,6,3,0,0,6,3,0.5000
4,20.0000,25,45,597.7839,-83.0471,0.0738,6,0.1500,0.8571,7,7,6,0,0,7,6,0.1429
4,20.0000,25,47,505.1149,-85.7184,0.6600,10,0.2500,1.0000,8,8,7,0,0,8,7,0.1250
4,20.0000,26,1,499.2995,-82.5519,-0.4951,23,0.5610,0.8571,7,8,7,0,0,8,7,0.1250
4,20.0000,26,5,282.8320,-76.5848,-0.7278,36,0.8780,0.0000,4,6,3,0,0,6,3,0.5000
4,20.0000,26,8,978.2302,-88.8281,0.0646,3,0.0732,1.0000,6,6,5,0,0,6,5,0.1667
4,20.0000,26,10,672.7222,-86.2944,0.2150,5,0.1220,1.0000,6,8,8,0,0,8,8,0.0000
4,20.0000,26,11,794.0198,-87.7181,0.5455,3,0.0732,1.0000,8,8,8,0,0,8,8,0.0000
4,20.0000,26,12,891.7220,-87.8475,0.1815,5,0.1220,1.0000,6,6,6,0,0,6,6,0.0000
4,20.0000,26,13,296.6491,-78.5191,-0.4994,33,0.8049,0.0000,4,7,6,0,0,7,6,0.1429
4,20.0000,26,16,717.0372,-87.4438,0.1470,4,0.0976,1.0000,8,10,9,0,0,10,9,0.1000
4,20.0000,26,17,867.1883,-88.2506,0.9371,3,0.0732,1.0000,8,8,8,0,0,8,8,0.0000
4,20.0000,26,21,439.7375,-81.8693,0.0797,14,0.3415,1.0000,8,7,5,0,0,7,5,0.2857
4,20.0000,26,25,639.5968,-85.3405,1.2460,3,0.0732,1.0000,8,8,7,0,0,8,7,0.1250
4,20.0000,26,27,844.6221,-87.7626,1.4421,3,0.0732,1.0000,6,6,6,0,0,6,6,0.0000
4,20.0000,26,29,313.5321,-80.3879,0.1924,24,0.5854,0.8571,7,4,0,0,0,4,0,1.0000
4,20.0000,26,34,157.5457,-73.5550,0.8835,34,0.8293,0.0000,4,4,0,0,0,4,0,1.0000
4,20.0000,26,35,695.4232,-84.5325,-0.2078,16,0.3902,0.8750,8,8,8,0,0,8,8,0.0000
4,20.0000,26,36,459.9264,-81.7370,-0.1528,28,0.6829,0.2000,5,8,6,0,0,8,6,0.2500
4,20.0000,26,38,691.0816,-85.7211,0.6278,9,0.2195,0.8750,8,8,8,0,0,8,8,0.0000
4,20.0000,26,40,503.5254,-82.8653,-0.1248,10,0.2439,1.0000,8,8,8,0,0,8,8,0.0000
4,20.0000,26,47,269.9888,-79.3670,1.2443,21,0.5122,0.6667,6,7,6,0,0,7,6,0.1429
4,20.0000,27,0,938.2335,-87.9976,-0.3432,3,0.0750,1.0000,8,8,8,0,0,8,8,0.0000
4,20.0000,27,1,896.7790,-87.4309,-1.5879,4,0.1000,0.7500,4,8,8,0,0,8,8,0.0000
4,20.0000,27,2,281.1474,-78.4057,-0.0191,29,0.7250,0.5000,6,6,2,0,0,6,2,0.6667
4,20.0000,27,5,882.6181,-86.4842,-1.0283,4,0.1000,1.0000,2,6,6,0,0,6,6,0.0000
4,20.0000,27,8,205.8343,-76.9508,-0.5605,37,0.9250,0.2000,5,6,2,0,0,6,2,0.6667
4,20.0000,27,10,368.4908,-82.4200,0.1295,19,0.4750,0.8571,7,6,3,0,0,6,3,0.5000
4,20.0000,27,11,609.4916,-85.9220,-1.5961,5,0.1250,1.0000,8,7,6,0,0,7,6,0.1429
4,20.0000,27,12,666.7744,-85.8381,0.1004,12,0.3000,1.0000,8,7,6,0,0,7,6,0.1429
4,20.0000,27,13,790.2532,-85.9972,-0.5226,5,0.1250,1.0000,8,8,8,0,0,8,8,0.0000
4,20.0000,27,16,501.4079,-84.8201,-0.0001,13,0.3250,1.0000,8,7,6,0,0,7,6,0.1429
4,20.0000,27,17,669.3222,-85.3768,0.0478,7,0.1750,1.0000,8,7,6,0,0,7,6,0.1429
4,20.0000,27,19,260.4631,-77.3666,0.2572,30,0.7500,0.6667,6,7,6,0,0,7,6,0.1429
4,20.0000,27,20,609.3807,-85.6355,1.4694,5,0.1250,1.0000,8,8,8,0,0,8,8,0.0000
4,20.0000,27,21,838.4320,-88.2260,1.4964,4,0.1000,1.0000,4,8,7,0,0,8,7,0.1250
4,20.0000,27,22,813.9437,-85.0168,-0.6650,4,0.1000,0.8571,7,8,8,0,0,8,8,0.0000
4,20.0000,27,23,693.3653,-86.6068,-2.1514,5,0.1250,1.0000,8,6,6,0,0,6,6,0.0000
4,20.0000,27,25,515.3412,-84.5890,-1.0398,10,0.2500,1.0000,8,10,10,0,0,10,10,0.0000
4,20.0000,27,26,844.6221,-87.7317,-0.7289,3,0.0750,1.0000,6,7,6,0,0,7,6,0.1429
4,20.0000,27,29,678.3908,-86.0978,-0.7653,7,0.1750,1.0000,9,3,2,0,0,3,2,0.3333
4,20.0000,27,31,436.1762,-80.8894,-0.1112,15,0.3750,0.8750,8,6,4,0,0,6,4,0.3333
4,20.0000,27,32,631.2814,-84.6989,-1.4008,5,0.1250,1.0000,8,8,8,0,0,8,8,0.0000
4,20.0000,27,34,767.0661,-85.2976,-0.5965,5,0.1250,0.7143,7,6,6,0,0,6,6,0.0000
4,20.0000,27,36,866.4761,-87.9833,-0.5679,5,0.1250,1.0000,4,2,2,0,0,2,2,0.0000
4,20.0000,27,39,766.8077,-86.1419,1.5266,4,0.1000,0.8571,7,8,8,0,0,8,8,0.0000
4,20.0000,27,40,459.6730,-82.5979,-0.6615,12,0.3000,0.7143,7,6,4,0,0,6,4,0.3333
4,20.0000,27,43,401.3954,-81.1798,-0.0478,12,0.3000,0.8750,8,7,6,0,0,7,6,0.1429
4,20.0000,27,47,585.0002,-84.9410,-0.6422,8,0.2000,0.8750,8,8,8,0,0,8,8,0.0000
4,20.0000,28,0,494.7564,-82.7374,-0.7387,6,0.1500,0.7500,8,8,8,0,0,8,8,0.0000
4,20.0000,28,3,204.0028,-70.2048,-2.7131,36,0.9000,0.0000,4,5,1,0,0,5,1,0.8000
4,20.0000,28,4,211.4835,-76.5917,0.1694,29,0.7250,0.3333,6,4,0,0,0,4,0,1.0000
4,20.0000,28,6,679.3704,-86.3880,0.7365,4,0.1000,0.8000,5,7,6,0,0,7,6,0.1429
4,20.0000,28,7,320.8938,-79.2011,-0.0300,19,0.4750,0.6667,6,7,6,0,0,7,6,0.1429
4,20.0000,28,14,559.5497,-84.0259,-0.6413,18,0.4500,0.7143,7,8,8,0,0,8,8,0.0000
4,20.0000,28,15,289.7775,-76.6996,-0.4756,36,0.9000,0.3333,6,6,4,0,0,6,4,0.3333
4,20.0000,28,18,639.1982,-85.5044,-1.0320,8,0.2000,1.0000,8,6,5,0,0,6,5,0.1667
4,20.0000,28,24,636.7480,-84.1036,0.2752,17,0.4250,0.6000,5,10,9,0,0,10,9,0.1000
4,20.0000,28,30,714.5930,-85.4988,0.6576,9,0.2250,0.8571,7,5,4,0,0,5,4,0.2000
4,20.0000,28,37,761.1961,-85.3777,-0.8636,5,0.1250,1.0000,8,8,8,0,0,8,8,0.0000
4,20.0000,28,39,570.1742,-85.7119,2.0262,3,0.0750,0.8571,7,8,8,0,0,8,8,0.0000
4,20.0000,28,41,651.7310,-85.1786,-0.2655,6,0.1500,1.0000,8,5,4,0,0,5,4,0.2000
4,20.0000,28,42,675.2961,-85.4091,-0.2030,12,0.3000,0.5000,6,8,8,0,0,8,8,0.0000
4,20.0000,28,44,498.1084,-83.1705,0.7449,19,0.4750,1.0000,8,8,7,0,0,8,7,0.1250
4,20.0000,28,45,479.0928,-83.0894,0.2134,11,0.2750,0.6667,6,8,7,0,0,8,7,0.1250
4,20.0000,28,46,307.4173,-80.2180,-0.3003,12,0.3000,0.5714,7,8,8,0,0,8,8,0.0000
4,20.0000,29,1,402.0511,-80.1525,-0.7433,25,0.6410,0.6500,60,7,5,0,0,7,5,0.2857
4,20.0000,29,5,404.6310,-80.8512,-0.3889,21,0.5385,1.0000,8,7,6,0,0,7,6,0.1429
4,20.0000,29,10,404.8011,-81.2722,0.2837,15,0.3846,0.9275,69,8,8,81,78,89,86,0.0337
4,20.0000,29,11,724.6337,-86.6632,-0.4018,3,0.0769,1.0000,8,8,8,0,0,8,8,0.0000
4,20.0000,29,12,632.0651,-84.6530,-1.0002,12,0.3077,0.7143,7,7,6,0,0,7,6,0.1429
4,20.0000,29,13,157.0670,-73.3561,0.7422,32,0.8205,0.2000,5,4,0,0,0,4,0,1.0000
4,20.0000,29,16,448.8458,-82.8234,0.1581,19,0.4872,0.4000,5,7,6,0,0,7,6,0.1429
4,20.0000,29,17,889.1466,-87.9093,0.5304,4,0.1026,1.0000,8,8,8,0,0,8,8,0.0000
4,20.0000,29,19,593.6550,-85.7334,-1.1271,6,0.1538,0.8571,7,7,6,0,0,7,6,0.1429
4,20.0000,29,20,590.6758,-85.0359,0.4410,6,0.1538,0.8571,7,7,6,0,0,7,6,0.1429
4,20.0000,29,21,662.7607,-85.4037,1.3223,5,0.1282,0.8571,7,7,6,0,0,7,6,0.1429
4,20.0000,29,25,572.5308,-85.0069,0.8779,4,0.1026,1.0000,8,8,8,0,0,8,8,0.0000
4,20.0000,29,26,313.5321,-79.9947,0.3082,25,0.6410,0.2000,5,6,3,0,0,6,3,0.5000
4,20.0000,29,27,678.3908,-86.8715,-1.8633,6,0.1538,1.0000,8,8,8,0,0,8,8,0.0000
4,20.0000,29,31,765.4062,-86.1658,0.8075,5,0.1282,1.0000,8,7,6,0,0,7,6,0.1429
4,20.0000,29,34,319.8930,-80.2809,0.5287,21,0.5385,0.7143,7,4,0,0,0,4,0,1.0000
4,20.0000,29,35,513.6773,-82.2043,-0.5542,24,0.6154,0.7143,7,7,5,0,0,7,5,0.2857
4,20.0000,29,36,308.0452,-77.3285,-1.2814,31,0.7949,0.2667,15,5,1,0,0,5,1,0.8000
4,20.0000,29,38,851.2883,-86.9220,-0.9983,3,0.0769,0.8333,6,4,4,0,0,4,4,0.0000
4,20.0000,29,40,471.7972,-82.9434,1.3513,12,0.3077,0.6667,6,8,8,0,0,8,8,0.0000
4,20.0000,29,43,721.2580,-85.7276,0.0494,3,0.0769,1.0000,8,6,6,0,0,6,6,0.0000
4,20.0000,29,47,204.5179,-75.6392,-0.0745,29,0.7436,0.2000,5,6,2,52,31,58,33,0.4310
4,20.0000,30,3,687.3328,-84.1636,-0.5447,7,0.1750,0.8571,7,8,8,0,0,8,8,0.0000
4,20.0000,30,4,737.7683,-85.3966,-0.5946,5,0.1250,1.0000,8,8,8,0,0,8,8,0.0000
4,20.0000,30,6,724.9120,-85.9775,-0.3336,4,0.1000,1.0000,4,8,8,0,0,8,8,0.0000
4,20.0000,30,7,689.5853,-84.8749,0.9989,4,0.1000,1.0000,8,8,8,0,0,8,8,0.0000
4,20.0000,30,14,411.2396,-82.5314,0.8619,25,0.6250,0.7143,7,5,1,0,0,5,1,0.8000
4,20.0000,30,15,499.5794,-83.2901,-0.0560,11,0.2750,1.0000,8,6,3,0,0,6,3,0.5000
4,20.0000,30,18,418.5097,-80.8003,-0.0708,19,0.4750,0.8750,8,7,5,0,0,7,5,0.2857
4,20.0000,30,24,165.8621,-75.5044,0.6488,34,0.8500,0.0000,4,4,0,0,0,4,0,1.0000
4,20.0000,30,28,714.5930,-86.0760,0.7732,6,0.1500,0.7143,7,8,8,0,0,8,8,0.0000
4,20.0000,30,33,787.5090,-83.9563,2.4539,4,0.1000,0.8571,7,8,8,0,0,8,8,0.0000
4,20.0000,30,37,757.5378,-85.2306,-1.5069,3,0.0750,1.0000,8,8,8,0,0,8,8,0.0000
4,20.0000,30,41,701.5952,-85.0519,-0.5729,5,0.1250,0.8571,7,8,8,0,0,8,8,0.0000
4,20.0000,30,42,137.6245,-71.4057,-0.5215,36,0.9000,0.0000,4,5,0,0,0,5,0,1.0000
4,20.0000,30,44,264.0195,-77.1240,-0.3002,29,0.7250,0.3333,6,5,1,0,0,5,1,0.8000
4,20.0000,31,0,523.1529,-83.8990,-0.8517,15,0.3659,0.7500,8,7,6,0,0,7,6,0.1429
4,20.0000,31,2,377.5935,-81.2176,-0.6234,24,0.5854,0.8000,5,5,2,0,0,5,2,0.6000
4,20.0000,31,4,807.9830,-87.5314,-0.5102,8,0.1951,1.0000,8,8,8,0,0,8,8,0.0000
4,20.0000,31,6,774.0915,-87.0577,0.2275,10,0.2439,1.0000,4,7,5,0,0,7,5,0.2857
4,20.0000,31,7,736.1362,-86.8295,-0.6446,11,0.2683,0.8571,7,6,6,0,0,6,6,0.0000
4,20.0000,31,8,630.6459,-85.3498,0.0886,17,0.4146,0.8571,7,7,6,0,0,7,6,0.1429
4,20.0000,31,9,549.6397,-86.1903,0.2266,10,0.2439,1.0000,8,8,7,0,0,8,7,0.1250
4,20.0000,31,10,595.5831,-85.1572,0.4248,15,0.3659,0.7143,7,8,6,0,0,8,6,0.2500
4,20.0000,31,11,226.3578,-77.2428,0.4171,31,0.7561,0.5000,6,5,1,0,0,5,1,0.8000
4,20.0000,31,13,909.9985,-88.2209,0.1357,6,0.1463,1.0000,4,6,6,0,0,6,6,0.0000
4,20.0000,31,15,1139.5160,-89.4474,0.3277,3,0.0732,1.0000,8,4,4,0,0,4,4,0.0000
4,20.0000,31,16,814.1546,-87.9408,-0.0358,7,0.1707,1.0000,8,8,8,0,0,8,8,0.0000
4,20.0000,31,17,314.2661,-79.7223,0.2225,21,0.5122,0.7143,7,6,3,0,0,6,3,0.5000
4,20.0000,31,18,1041.3994,-88.5933,-1.4612,4,0.0976,,0,4,4,0,0,4,4,0.0000
4,20.0000,31,19,291.2319,-79.2774,0.4055,30,0.7317,0.7500,8,4,0,0,0,4,0,1.0000
4,20.0000,31,20,371.0314,-79.7832,-1.2040,21,0.5122,0.6667,6,6,3,67,60,73,63,0.1370
4,20.0000,31,21,779.2394,-87.3518,0.1762,11,0.2683,0.8333,6,8,8,0,0,8,8,0.0000
4,20.0000,31,22,474.1336,-82.3834,-1.0300,17,0.4146,0.8750,8,8,8,0,0,8,8,0.0000
4,20.0000,31,23,380.1708,-81.2551,-0.0810,19,0.4634,0.8750,8,7,6,0,0,7,6,0.1429
4,20.0000,31,25,247.0415,-74.9072,-0.6273,34,0.8293,0.0000,4,8,6,0,0,8,6,0.2500
4,20.0000,31,26,856.4868,-87.6516,0.5509,8,0.1951,1.0000,4,8,8,0,0,8,8,0.0000
4,20.0000,31,27,436.1762,-82.4954,-0.4559,22,0.5366,0.8571,7,8,6,0,0,8,6,0.2500
4,20.0000,31,28,917.6765,-88.8247,0.9050,3,0.0732,1.0000,2,6,6,0,0,6,6,0.0000
4,20.0000,31,29,765.4062,-87.8448,0.8662,6,0.1463,1.0000,12,7,6,0,0,7,6,0.1429
4,20.0000,31,32,244.9067,-78.3049,0.6283,27,0.6585,0.4000,5,5,1,0,0,5,1,0.8000
4,20.0000,31,33,741.2023,-87.5679,0.1704,10,0.2439,1.0000,8,6,6,0,0,6,6,0.0000
4,20.0000,31,34,847.4380,-87.9647,-0.1362,9,0.2195,1.0000,92,6,6,0,0,6,6,0.0000
4,20.0000,31,36,1048.0270,-86.6983,0.5907,5,0.1220,1.0000,2,2,2,0,0,2,2,0.0000
4,20.0000,31,37,773.3631,-86.1540,-0.4769,10,0.2439,0.8000,5,8,8,0,0,8,8,0.0000
4,20.0000,31,38,683.7245,-85.9438,0.4388,12,0.2927,0.8571,7,8,8,0,0,8,8,0.0000
4,20.0000,31,39,349.0894,-80.0926,0.9261,21,0.5122,1.0000,8,7,5,0,0,7,5,0.2857
4,20.0000,31,40,668.5796,-85.4882,-0.3878,11,0.2683,1.0000,62,7,6,16,15,23,21,0.0870
4,20.0000,31,41,733.1577,-87.8314,-0.4357,10,0.2439,1.0000,4,8,8,0,0,8,8,0.0000
4,20.0000,31,43,304.5821,-80.1276,-0.2044,25,0.6098,0.4286,7,6,2,50,33,56,35,0.3750
4,20.0000,31,44,1240.3229,-89.3949,0.3025,3,0.0732,,0,4,4,0,0,4,4,0.0000
4,20.0000,31,45,615.5776,-85.4994,-0.4009,11,0.2683,0.8571,7,8,8,0,0,8,8,0.0000
4,20.0000,31,46,702.3100,-85.8103,-0.6956,15,0.3659,0.8571,7,7,6,0,0,7,6,0.1429
4,20.0000,31,47,680.1881,-86.5070,-0.3196,8,0.1951,0.8750,8,7,5,0,0,7,5,0.2857
4,20.0000,32,0,335.3148,-78.8704,-0.0611,24,0.6000,0.7143,7,7,6,0,0,7,6,0.1429
4,20.0000,32,2,501.3836,-85.2663,-0.0024,9,0.2250,0.7143,7,8,8,0,0,8,8,0.0000
4,20.0000,32,3,914.7287,-87.6646,-0.8659,8,0.2000,1.0000,2,4,4,0,0,4,4,0.0000
4,20.0000,32,4,578.3176,-84.9910,0.4883,15,0.3750,1.0000,8,8,6,0,0,8,6,0.2500
4,20.0000,32,5,1161.0701,-89.2455,-0.1326,3,0.0750,,0,6,6,0,0,6,6,0.0000
4,20.0000,32,6,650.4948,-86.3552,0.0134,13,0.3250,0.8571,7,8,7,0,0,8,7,0.1250
4,20.0000,32,7,552.6708,-83.2335,-0.6293,17,0.4250,0.8750,8,8,8,0,0,8,8,0.0000
4,20.0000,32,8,817.8920,-86.1086,-0.4121,6,0.1500,1.0000,6,8,8,0,0,8,8,0.0000
4,20.0000,32,9,398.7917,-83.1466,0.2959,18,0.4500,0.6250,8,6,5,0,0,6,5,0.1667
4,20.0000,32,11,331.8775,-80.0882,0.3037,22,0.5500,0.8571,7,5,1,0,0,5,1,0.8000
4,20.0000,32,15,939.9345,-87.5959,1.7757,7,0.1750,1.0000,8,4,4,0,0,4,4,0.0000
4,20.0000,32,17,175.5850,-73.8571,-0.3127,35,0.8750,0.2000,5,4,0,0,0,4,0,1.0000
4,20.0000,32,19,533.8067,-86.2882,-0.7761,8,0.2000,0.8571,7,8,8,0,0,8,8,0.0000
4,20.0000,32,20,437.3161,-82.9402,0.9235,15,0.3750,0.8571,7,6,4,0,0,6,4,0.3333
4,20.0000,32,21,808.1248,-87.7501,-1.1373,4,0.1000,1.0000,8,8,8,0,0,8,8,0.0000
4,20.0000,32,22,300.7681,-75.8406,-1.7096,32,0.8000,0.3333,6,8,8,0,0,8,8,0.0000
4,20.0000,32,23,170.9244,-73.8352,0.3757,36,0.9000,0.3333,6,5,1,0,0,5,1,0.8000
4,20.0000,32,25,403.9593,-81.4727,0.1993,17,0.4250,0.6667,6,7,5,0,0,7,5,0.2857
4,20.0000,32,27,631.2814,-85.6897,-1.1168,10,0.2500,0.8000,5,6,4,0,0,6,4,0.3333
4,20.0000,32,28,713.5492,-86.8371,0.4179,7,0.1750,0.8750,8,7,6,0,0,7,6,0.1429
4,20.0000,32,29,957.9930,-88.4860,0.7507,4,0.1000,1.0000,4,4,4,0,0,4,4,0.0000
4,20.0000,32,31,244.9067,-78.9313,-0.1880,21,0.5250,0.5000,6,6,2,0,0,6,2,0.6667
4,20.0000,32,33,581.9404,-83.7996,0.4223,15,0.3750,0.6667,6,6,4,0,0,6,4,0.3333
4,20.0000,32,37,652.7217,-85.7287,-0.5543,14,0.3500,0.5000,6,8,8,0,0,8,8,0.0000
4,20.0000,32,38,625.6818,-85.8422,0.3898,9,0.2250,0.7143,7,7,6,0,0,7,6,0.1429
4,20.0000,32,39,164.1625,-71.7870,-0.5223,35,0.8750,0.2000,5,5,1,0,0,5,1,0.8000
4,20.0000,32,40,814.4985,-88.0001,1.4314,6,0.1500,1.0000,8,8,8,0,0,8,8,0.0000
4,20.0000,32,41,559.6964,-84.4483,0.2311,14,0.3500,0.6000,5,6,4,0,0,6,4,0.3333
4,20.0000,32,43,368.9295,-82.2541,0.9385,12,0.3000,0.8571,7,6,3,0,0,6,3,0.5000
4,20.0000,32,45,444.1684,-81.1861,-0.4414,21,0.5250,0.7143,7,8,7,0,0,8,7,0.1250
4,20.0000,32,46,516.4354,-81.8279,-0.6177,15,0.3750,0.6250,8,6,5,0,0,6,5,0.1667
4,20.0000,32,47,848.8536,-89.1125,1.4226,3,0.0750,0.8571,7,8,8,0,0,8,8,0.0000
4,20.0000,33,0,401.2971,-81.8291,-0.2585,12,0.3000,1.0000,8,8,7,0,0,8,7,0.1250
4,20.0000,33,2,809.4434,-85.3617,-4.3634,3,0.0750,0.8571,7,8,8,0,0,8,8,0.0000
4,20.0000,33,3,935.1433,-87.6246,0.5509,5,0.1250,1.0000,8,8,8,0,0,8,8,0.0000
4,20.0000,33,4,642.6372,-84.2506,-0.8074,9,0.2250,1.0000,8,8,8,0,0,8,8,0.0000
4,20.0000,33,6,357.9878,-79.9515,-0.6444,21,0.5250,0.5714,7,4,1,0,0,4,1,0.7500
4,20.0000,33,7,523.5372,-83.1926,-0.0114,15,0.3750,1.0000,8,7,6,0,0,7,6,0.1429
4,20.0000,33,9,193.7910,-73.7706,-0.6171,30,0.7500,0.2000,5,6,4,0,0,6,4,0.3333
4,20.0000,33,11,814.6197,-87.8168,1.9507,3,0.0750,1.0000,8,8,8,0,0,8,8,0.0000
4,20.0000,33,15,837.6641,-87.8060,-0.9654,5,0.1250,1.0000,8,8,8,0,0,8,8,0.0000
4,20.0000,33,17,728.1824,-86.7649,0.3277,5,0.1250,1.0000,8,8,7,0,0,8,7,0.1250
4,20.0000,33,18,482.9872,-83.3880,0.4040,22,0.5500,0.8750,8,6,4,0,0,6,4,0.3333
4,20.0000,33,22,766.6088,-86.5818,-1.1155,4,0.1000,1.0000,8,8,8,0,0,8,8,0.0000
4,20.0000,33,23,504.0108,-85.4309,1.0175,8,0.2000,1.0000,8,8,8,0,0,8,8,0.0000
4,20.0000,33,24,866.0256,-86.5594,0.6868,6,0.1500,0.9000,10,5,5,0,0,5,5,0.0000
4,20.0000,33,28,776.5505,-85.4111,0.6615,6,0.1500,1.0000,8,8,8,0,0,8,8,0.0000
4,20.0000,33,30,787.5090,-86.0438,-0.0981,12,0.3000,1.0000,6,2,2,0,0,2,2,0.0000
4,20.0000,33,31,741.2023,-87.1875,0.4490,4,0.1000,0.8571,7,7,6,0,0,7,6,0.1429
4,20.0000,33,32,581.9404,-84.4129,-0.6905,8,0.2000,0.8750,8,8,8,0,0,8,8,0.0000
4,20.0000,33,37,265.2677,-78.2046,-0.1644,36,0.9000,0.5000,6,6,2,0,0,6,2,0.6667
4,20.0000,33,39,602.6137,-83.5531,-1.7001,9,0.2250,0.8571,7,8,8,0,0,8,8,0.0000
4,20.0000,33,41,143.8728,-70.7612,-0.7190,33,0.8250,0.4000,5,5,2,0,0,5,2,0.6000
4,20.0000,33,42,836.6927,-87.1100,-0.2001,12,0.3000,1.0000,8,2,2,0,0,2,2,0.0000
4,20.0000,33,44,784.1943,-87.2198,-0.0367,10,0.2500,1.0000,6,8,8,0,0,8,8,0.0000
4,20.0000,33,45,844.7512,-87.2020,-0.3860,7,0.1750,1.0000,8,8,8,0,0,8,8,0.0000
4,20.0000,33,46,536.8945,-85.1791,-0.7386,10,0.2500,1.0000,8,8,8,0,0,8,8,0.0000
4,20.0000,34,1,429.1930,-82.4934,0.2998,23,0.5750,0.5000,6,6,4,0,0,6,4,0.3333
4,20.0000,34,5,184.8077,-74.3414,-0.0936,37,0.9250,0.0000,4,4,0,0,0,4,0,1.0000
4,20.0000,34,8,882.1963,-87.8280,-1.3634,3,0.0750,1.0000,6,8,8,0,0,8,8,0.0000
4,20.0000,34,10,623.7225,-85.1294,0.7152,14,0.3500,1.0000,8,8,7,0,0,8,7,0.1250
4,20.0000,34,12,802.2518,-86.9582,-3.4947,3,0.0750,0.8333,6,8,8,0,0,8,8,0.0000
4,20.0000,34,13,286.6063,-79.2952,0.1186,29,0.7250,0.7500,8,5,1,0,0,5,1,0.8000
4,20.0000,34,16,637.4603,-85.2379,1.0605,10,0.2500,0.8750,8,7,6,0,0,7,6,0.1429
4,20.0000,34,17,872.2620,-87.9008,-0.1489,4,0.1000,1.0000,8,6,5,0,0,6,5,0.1667
4,20.0000,34,19,748.7115,-85.1060,-1.1899,7,0.1750,0.8571,7,6,6,0,0,6,6,0.0000
4,20.0000,34,20,581.4710,-84.4997,-0.6162,11,0.2750,0.8571,7,8,7,0,0,8,7,0.1250
4,20.0000,34,21,419.4461,-80.8228,0.2855,25,0.6250,0.6957,23,7,4,0,0,7,4,0.4286
4,20.0000,34,25,660.0827,-85.8023,-0.4093,4,0.1000,1.0000,8,8,8,0,0,8,8,0.0000
4,20.0000,34,26,157.5457,-74.5208,0.9144,35,0.8750,0.0000,4,5,1,0,0,5,1,0.8000
4,20.0000,34,27,767.0661,-86.4784,-0.0104,6,0.1500,1.0000,10,8,8,0,0,8,8,0.0000
4,20.0000,34,29,319.8930,-79.8358,-0.1474,24,0.6000,0.6667,6,5,2,0,0,5,2,0.6000
4,20.0000,34,31,847.4380,-87.7475,-0.6662,3,0.0750,1.0000,8,8,8,0,0,8,8,0.0000
4,20.0000,34,35,625.4899,-86.0180,-0.4811,17,0.4250,0.8571,7,8,7,0,0,8,7,0.1250
4,20.0000,34,36,422.5446,-81.4459,-0.1277,25,0.6250,0.5000,6,7,5,0,0,7,5,0.2857
4,20.0000,34,38,757.8572,-85.3160,-1.4096,5,0.1250,0.8571,7,8,8,0,0,8,8,0.0000
4,20.0000,34,40,375.8228,-80.6183,0.1274,24,0.6000,0.4000,5,6,4,0,0,6,4,0.3333
4,20.0000,34,43,691.9967,-85.9758,-0.8377,7,0.1750,1.0000,8,8,8,0,0,8,8,0.0000
4,20.0000,34,47,206.9807,-76.3514,0.3682,26,0.6500,0.0000,4,5,2,0,0,5,2,0.6000
4,20.0000,35,1,223.3030,-75.5935,0.2457,37,0.9250,0.4286,7,6,2,0,0,6,2,0.6667
4,20.0000,35,5,533.7969,-82.7660,-0.5444,17,0.4250,0.8571,7,7,5,0,0,7,5,0.2857
4,20.0000,35,8,904.1349,-88.0513,-0.1487,9,0.2250,1.0000,6,8,8,0,0,8,8,0.0000
4,20.0000,35,10,630.7345,-85.2283,0.2617,11,0.2750,0.8571,7,8,8,0,0,8,8,0.0000
4,20.0000,35,11,1193.6909,-88.3958,0.4387,3,0.0750,1.0000,8,6,6,0,0,6,6,0.0000
4,20.0000,35,12,417.9158,-82.8928,0.5831,24,0.6000,0.8571,7,4,0,0,0,4,0,1.0000
4,20.0000,35,13,420.3929,-81.0815,-0.1901,27,0.6750,0.6667,6,8,8,0,0,8,8,0.0000
4,20.0000,35,16,445.4694,-83.6038,0.8400,21,0.5250,0.8571,7,8,8,0,0,8,8,0.0000
4,20.0000,35,19,936.6699,-88.6250,0.3167,3,0.0750,1.0000,8,4,4,0,0,4,4,0.0000
4,20.0000,35,21,1031.6576,-87.2609,-0.2184,3,0.0750,1.0000,6,6,6,0,0,6,6,0.0000
4,20.0000,35,26,695.4232,-85.9218,-0.0998,17,0.4250,1.0000,10,8,8,0,0,8,8,0.0000
4,20.0000,35,27,912.5661,-87.7477,0.5137,9,0.2250,,0,8,8,0,0,8,8,0.0000
4,20.0000,35,29,513.6773,-81.9312,-0.4111,24,0.6000,0.8571,7,7,6,0,0,7,6,0.1429
4,20.0000,35,34,625.4899,-86.5334,-0.1275,17,0.4250,1.0000,8,8,8,0,0,8,8,0.0000
4,20.0000,35,36,251.1449,-77.8382,0.0937,35,0.8750,0.0000,4,4,0,0,0,4,0,1.0000
4,20.0000,35,40,697.2854,-86.5644,-0.0539,12,0.3000,1.0000,10,8,7,0,0,8,7,0.1250
4,20.0000,35,47,601.5697,-84.0782,-0.7911,13,0.3250,0.6667,6,8,8,0,0,8,8,0.0000
4,20.0000,36,1,131.4710,-72.0214,0.6688,38,0.9500,0.0000,4,4,0,0,0,4,0,1.0000
4,20.0000,36,5,356.8543,-79.6280,0.4227,26,0.6500,0.6000,20,7,6,0,0,7,6,0.1429
4,20.0000,36,10,575.0394,-83.0764,0.0921,13,0.3250,1.0000,8,8,8,0,0,8,8,0.0000
4,20.0000,36,12,558.5250,-85.0245,0.8302,16,0.4000,1.0000,8,8,7,0,0,8,7,0.1250
4,20.0000,36,13,181.7317,-70.9494,-2.2201,34,0.8500,0.0000,4,4,0,0,0,4,0,1.0000
4,20.0000,36,16,476.3156,-83.1246,-0.1051,17,0.4250,0.7500,8,6,4,0,0,6,4,0.3333
4,20.0000,36,21,840.2090,-86.3995,-0.1428,4,0.1000,1.0000,8,8,8,0,0,8,8,0.0000
4,20.0000,36,26,459.9264,-81.3315,0.0609,22,0.5500,0.3333,6,8,8,0,0,8,8,0.0000
4,20.0000,36,29,308.0452,-77.0511,-1.0491,30,0.7500,0.0000,4,5,2,0,0,5,2,0.6000
4,20.0000,36,34,422.5446,-81.4616,-0.1892,18,0.4500,0.5714,7,8,5,0,0,8,5,0.3750
4,20.0000,36,35,251.1449,-78.0763,-0.2696,39,0.9750,0.3333,6,5,1,0,0,5,1,0.8000
4,20.0000,36,40,600.3270,-83.8680,0.1219,13,0.3250,0.8571,7,8,8,0,0,8,8,0.0000
4,20.0000,36,47,419.6036,-80.8978,-0.7884,22,0.5500,0.2000,5,8,7,0,0,8,7,0.1250
4,20.0000,37,0,397.9920,-81.7595,0.4198,19,0.4634,0.8571,7,7,5,0,0,7,5,0.2857
4,20.0000,37,3,915.4502,-87.1739,-0.7709,7,0.1707,1.0000,8,4,4,0,0,4,4,0.0000
4,20.0000,37,4,693.6116,-85.2373,-2.0191,9,0.2195,1.0000,8,8,8,0,0,8,8,0.0000
4,20.0000,37,6,125.9116,-68.0679,0.2456,39,0.9512,0.2000,5,4,0,0,0,4,0,1.0000
4,20.0000,37,7,455.1921,-82.6160,-0.0212,12,0.2927,0.5000,6,7,5,0,0,7,5,0.2857
4,20.0000,37,9,340.0342,-79.4222,-0.5571,29,0.7073,0.4000,5,8,7,0,0,8,7,0.1250
4,20.0000,37,11,784.6510,-86.4626,1.2873,4,0.0976,1.0000,8,8,8,0,0,8,8,0.0000
4,20.0000,37,14,949.7880,-87.9641,-0.2489,4,0.0976,1.0000,4,4,4,0,0,4,4,0.0000
4,20.0000,37,15,776.8057,-85.7094,-0.3248,12,0.2927,1.0000,8,6,6,0,0,6,6,0.0000
4,20.0000,37,17,793.9830,-88.6734,-0.7603,3,0.0732,1.0000,8,10,10,0,0,10,10,0.0000
4,20.0000,37,18,358.6308,-81.9483,0.1715,30,0.7317,1.0000,8,6,3,0,0,6,3,0.5000
4,20.0000,37,22,842.2719,-87.1415,-0.4603,3,0.0732,0.8750,8,8,8,0,0,8,8,0.0000
4,20.0000,37,23,641.8969,-84.9983,-0.6552,9,0.2195,1.0000,8,8,8,0,0,8,8,0.0000
4,20.0000,37,24,810.4510,-86.2618,-0.3143,7,0.1707,1.0000,8,8,8,0,0,8,8,0.0000
4,20.0000,37,28,761.1961,-85.6437,0.7494,5,0.1220,1.0000,10,8,8,0,0,8,8,0.0000
4,20.0000,37,30,757.5378,-86.2181,-0.3316,16,0.3902,1.0000,8,8,8,0,0,8,8,0.0000
4,20.0000,37,32,652.7217,-86.6224,-1.0311,3,0.0732,1.0000,8,8,8,0,0,8,8,0.0000
4,20.0000,37,33,265.2677,-78.2217,0.2896,34,0.8293,0.5714,7,5,2,0,0,5,2,0.6000
4,20.0000,37,39,630.9356,-84.0842,-0.8839,8,0.1951,0.8571,7,10,10,0,0,10,10,0.0000
4,20.0000,37,41,205.8620,-75.5204,-0.0153,36,0.8780,0.0000,4,5,1,0,0,5,1,0.8000
4,20.0000,37,42,835.7316,-86.2342,0.0446,9,0.2195,1.0000,6,2,2,0,0,2,2,0.0000
4,20.0000,37,44,716.0463,-85.8721,0.5805,14,0.3415,0.8571,7,7,6,0,0,7,6,0.1429
4,20.0000,37,45,899.7939,-86.8608,-1.2334,5,0.1220,1.0000,8,8,8,0,0,8,8,0.0000
4,20.0000,37,46,482.2084,-82.2781,-0.6704,18,0.4390,0.8571,7,4,2,0,0,4,2,0.5000
4,20.0000,38,0,748.6291,-87.1094,0.1962,6,0.1500,1.0000,8,8,8,0,0,8,8,0.0000
4,20.0000,38,3,847.2709,-86.0881,1.4677,3,0.0750,1.0000,6,6,6,0,0,6,6,0.0000
4,20.0000,38,4,701.2888,-87.5486,1.0513,5,0.1250,1.0000,8,8,8,0,0,8,8,0.0000
4,20.0000,38,5,928.9878,-87.0436,1.8410,4,0.1000,1.0000,8,4,4,0,0,4,4,0.0000
4,20.0000,38,7,790.0699,-87.8022,0.2097,6,0.1500,1.0000,8,6,6,0,0,6,6,0.0000
4,20.0000,38,11,568.5337,-83.8342,-1.3373,7,0.1750,0.8571,7,8,8,0,0,8,8,0.0000
4,20.0000,38,13,937.2788,-87.8580,0.0797,4,0.1000,0.8750,8,6,6,0,0,6,6,0.0000
4,20.0000,38,17,461.7283,-83.1112,-0.3069,13,0.3250,1.0000,8,8,8,0,0,8,8,0.0000
4,20.0000,38,19,853.0940,-87.7705,-0.7856,5,0.1250,1.0000,6,4,4,0,0,4,4,0.0000
4,20.0000,38,20,375.2373,-80.5159,1.1123,16,0.4000,1.0000,6,7,5,0,0,7,5,0.2857
4,20.0000,38,21,478.1019,-80.9693,-1.6090,20,0.5000,0.8571,7,7,6,0,0,7,6,0.1429
4,20.0000,38,22,399.5192,-81.8515,0.4759,11,0.2750,1.0000,8,8,8,0,0,8,8,0.0000
4,20.0000,38,23,728.1584,-86.7484,-0.2925,5,0.1250,0.8750,8,8,8,0,0,8,8,0.0000
4,20.0000,38,25,538.9712,-82.3688,-1.2887,8,0.2000,1.0000,8,8,8,0,0,8,8,0.0000
4,20.0000,38,26,691.0816,-85.4226,2.0775,5,0.1250,1.0000,8,8,8,0,0,8,8,0.0000
4,20.0000,38,27,973.9212,-88.1891,-0.4221,7,0.1750,1.0000,4,8,8,0,0,8,8,0.0000
4,20.0000,38,28,715.3509,-87.2745,1.1813,5,0.1250,1.0000,4,9,7,0,0,9,7,0.2222
4,20.0000,38,31,683.7245,-84.4004,-0.1316,5,0.1250,1.0000,6,8,8,0,0,8,8,0.0000
4,20.0000,38,32,625.6818,-85.1960,0.1527,7,0.1750,1.0000,8,8,7,0,0,8,7,0.1250
4,20.0000,38,34,757.8572,-85.9655,0.6501,9,0.2250,1.0000,8,8,8,0,0,8,8,0.0000
4,20.0000,38,36,1117.1671,-86.7310,1.9284,3,0.0750,1.0000,2,2,2,0,0,2,2,0.0000
4,20.0000,38,39,536.7494,-84.0853,1.2192,6,0.1500,0.8571,7,7,6,0,0,7,6,0.1429
4,20.0000,38,40,833.8872,-87.9335,0.5956,5,0.1250,0.8333,6,6,6,0,0,6,6,0.0000
4,20.0000,38,43,626.2593,-84.4478,-0.5324,9,0.2250,1.0000,8,8,8,0,0,8,8,0.0000
4,20.0000,38,45,335.5266,-80.9518,1.0226,12,0.3000,0.8750,8,8,8,0,0,8,8,0.0000
4,20.0000,38,46,742.3503,-86.5442,0.3131,6,0.1500,0.5000,6,8,8,0,0,8,8,0.0000
4,20.0000,38,47,747.1266,-87.7839,-0.8655,5,0.1250,0.8571,7,6,6,0,0,6,6,0.0000
4,20.0000,39,0,255.4227,-75.0617,-1.6377,32,0.8000,0.5714,7,6,4,0,0,6,4,0.3333
4,20.0000,39,2,658.9666,-85.8022,-0.1807,9,0.2250,0.8750,8,5,4,0,0,5,4,0.2000
4,20.0000,39,3,772.3836,-86.6832,-0.3403,12,0.3000,1.0000,8,8,8,0,0,8,8,0.0000
4,20.0000,39,4,464.8515,-82.3983,-0.3967,21,0.5250,0.7143,7,6,4,0,0,6,4,0.3333
4,20.0000,39,6,598.5000,-85.7105,-0.7279,11,0.2750,1.0000,8,8,8,0,0,8,8,0.0000
4,20.0000,39,7,427.3562,-80.8839,0.0758,27,0.6750,0.7500,8,6,3,0,0,6,3,0.5000
4,20.0000,39,8,961.2892,-86.7249,1.1331,3,0.0750,,0,6,6,0,0,6,6,0.0000
4,20.0000,39,9,445.8844,-83.7845,0.2066,20,0.5000,0.4000,5,7,3,0,0,7,3,0.5714
4,20.0000,39,10,919.8011,-89.2120,0.5923,4,0.1000,,0,2,2,0,0,2,2,0.0000
4,20.0000,39,11,323.6999,-79.5041,0.0365,19,0.4750,0.6250,8,5,2,0,0,5,2,0.6000
4,20.0000,39,14,1077.1468,-87.3931,0.3823,4,0.1000,,0,4,4,0,0,4,4,0.0000
4,20.0000,39,15,803.1202,-85.9746,-1.9287,9,0.2250,1.0000,8,7,6,0,0,7,6,0.1429
4,20.0000,39,17,183.1670,-76.7256,1.2114,27,0.6750,0.0000,3,4,0,0,0,4,0,1.0000
4,20.0000,39,18,797.3025,-87.7934,-0.4090,10,0.2500,0.8333,6,6,6,0,0,6,6,0.0000
4,20.0000,39,19,633.8145,-86.8516,0.1385,8,0.2000,1.0000,8,8,8,0,0,8,8,0.0000
4,20.0000,39,20,436.9212,-83.3926,0.2613,13,0.3250,0.7143,7,8,8,0,0,8,8,0.0000
4,20.0000,39,21,815.6869,-87.9435,0.1491,5,0.1250,1.0000,4,6,4,0,0,6,4,0.3333
4,20.0000,39,22,246.3528,-77.3392,0.1291,27,0.6750,0.5714,7,6,4,0,0,6,4,0.3333
4,20.0000,39,23,279.0855,-78.3162,0.0256,28,0.7000,0.0000,4,5,2,0,0,5,2,0.6000
4,20.0000,39,25,428.4040,-82.7633,-1.1301,15,0.3750,0.8571,7,6,6,0,0,6,6,0.0000
4,20.0000,39,27,766.8077,-87.2827,0.5500,7,0.1750,1.0000,4,7,6,0,0,7,6,0.1429
4,20.0000,39,28,570.1742,-85.3189,-0.5109,14,0.3500,0.8750,8,7,6,0,0,7,6,0.1429
4,20.0000,39,29,992.6434,-88.1894,2.4587,3,0.0750,,0,8,8,0,0,8,8,0.0000
4,20.0000,39,31,349.0894,-80.1135,-0.4072,15,0.3750,0.7143,7,8,8,0,0,8,8,0.0000
4,20.0000,39,32,164.1625,-72.3005,-0.9565,29,0.7250,0.2000,5,5,1,0,0,5,1,0.8000
4,20.0000,39,33,602.6137,-85.1429,-0.9126,17,0.4250,0.9167,36,4,4,2,2,6,6,0.0000
4,20.0000,39,37,630.9356,-85.3343,-1.2035,14,0.3500,0.8750,8,8,7,0,0,8,7,0.1250
4,20.0000,39,38,536.7494,-85.2017,-0.4928,12,0.3000,1.0000,8,8,8,0,0,8,8,0.0000
4,20.0000,39,40,902.3414,-88.3225,0.6415,4,0.1000,1.0000,4,8,8,0,0,8,8,0.0000
4,20.0000,39,41,541.0560,-83.5773,0.0288,14,0.3500,0.6667,6,6,4,0,0,6,4,0.3333
4,20.0000,39,43,478.9987,-84.1463,-0.0290,11,0.2750,0.7143,7,8,6,0,0,8,6,0.2500
4,20.0000,39,44,924.5535,-88.0756,-0.3443,6,0.1500,1.0000,6,6,6,0,0,6,6,0.0000
4,20.0000,39,45,342.2965,-80.3253,-0.2852,24,0.6000,0.5000,6,7,5,0,0,7,5,0.2857
4,20.0000,39,46,385.3846,-78.8406,-1.1574,25,0.6250,0.6667,6,6,4,0,0,6,4,0.3333
4,20.0000,39,47,895.6358,-88.1845,0.6158,6,0.1500,1.0000,2,6,6,0,0,6,6,0.0000
4,20.0000,40,1,588.5089,-85.1776,0.3889,12,0.3000,0.7143,7,7,5,0,0,7,5,0.2857
4,20.0000,40,2,689.1978,-88.2196,0.4681,3,0.0750,0.8750,8,7,6,0,0,7,6,0.1429
4,20.0000,40,5,469.8227,-82.0112,-0.8360,21,0.5250,1.0000,8,7,6,0,0,7,6,0.1429
4,20.0000,40,8,554.4784,-84.3158,0.3796,15,0.3750,0.8824,17,6,4,0,0,6,4,0.3333
4,20.0000,40,10,479.4772,-82.3263,0.4971,15,0.3750,0.8841,69,7,6,16,15,23,21,0.0870
4,20.0000,40,11,750.7710,-85.3959,-1.2340,3,0.0750,1.0000,8,8,8,0,0,8,8,0.0000
4,20.0000,40,12,671.2571,-86.2524,0.4089,10,0.2500,1.0000,6,7,6,0,0,7,6,0.1429
4,20.0000,40,13,512.6840,-84.7658,-0.4164,16,0.4000,0.9000,10,7,6,2,2,9,8,0.1111
4,20.0000,40,16,502.5753,-85.0541,1.6417,11,0.2750,0.8571,7,8,8,0,0,8,8,0.0000
4,20.0000,40,17,744.4255,-86.6919,-0.8123,3,0.0750,1.0000,8,6,6,0,0,6,6,0.0000
4,20.0000,40,19,552.7154,-82.9145,-0.5127,9,0.2250,0.8571,7,8,8,0,0,8,8,0.0000
4,20.0000,40,20,548.4155,-84.9138,-0.1474,9,0.2250,0.8571,7,8,6,0,0,8,6,0.2500
4,20.0000,40,21,499.4149,-83.3111,-0.4095,17,0.4250,0.6667,6,7,6,0,0,7,6,0.1429
4,20.0000,40,23,890.3498,-89.2108,0.3028,3,0.0750,1.0000,8,4,4,0,0,4,4,0.0000
4,20.0000,40,25,586.1510,-84.8787,0.2698,5,0.1250,1.0000,10,7,6,0,0,7,6,0.1429
4,20.0000,40,26,503.5254,-83.6243,1.1210,14,0.3500,1.0000,8,8,8,0,0,8,8,0.0000
4,20.0000,40,27,459.6730,-82.7758,-0.1028,14,0.3500,1.0000,10,7,4,0,0,7,4,0.4286
4,20.0000,40,29,471.7972,-83.1837,-0.4626,11,0.2750,0.5000,6,8,7,0,0,8,7,0.1250
4,20.0000,40,31,668.5796,-86.0441,0.0932,7,0.1750,0.8571,7,8,8,128,128,136,136,0.0000
4,20.0000,40,32,814.4985,-85.9662,-0.0253,4,0.1000,1.0000,8,7,6,0,0,7,6,0.1429
4,20.0000,40,34,375.8228,-80.1849,-0.3751,17,0.4250,0.8000,10,5,1,0,0,5,1,0.8000
4,20.0000,40,35,697.2854,-85.7935,-0.4641,13,0.3250,0.7143,7,7,6,0,0,7,6,0.1429
4,20.0000,40,36,600.3270,-84.9387,0.1795,13,0.3250,0.8750,8,8,8,0,0,8,8,0.0000
4,20.0000,40,43,459.0563,-81.9003,-1.9871,8,0.2000,0.9571,70,8,8,0,0,8,8,0.0000
4,20.0000,40,47,289.9701,-78.0577,-0.2585,28,0.7000,0.6667,6,5,1,0,0,5,1,0.8000
4,20.0000,41,0,305.5143,-79.4066,0.6861,15,0.3750,0.8571,7,7,6,0,0,7,6,0.1429
4,20.0000,41,4,541.0471,-82.6646,-1.2115,12,0.3000,0.8571,7,8,8,0,0,8,8,0.0000
4,20.0000,41,6,253.7180,-78.5612,0.1050,28,0.7000,0.4000,5,6,3,0,0,6,3,0.5000
4,20.0000,41,7,386.5451,-81.2910,0.2986,11,0.2750,0.4000,5,7,6,0,0,7,6,0.1429
4,20.0000,41,9,234.1878,-75.2034,-0.0070,30,0.7500,0.6667,6,6,3,0,0,6,3,0.5000
4,20.0000,41,14,892.4090,-85.7542,0.7846,3,0.0750,1.0000,4,2,2,0,0,2,2,0.0000
4,20.0000,41,15,704.5126,-84.9221,0.5763,8,0.2000,1.0000,8,8,8,0,0,8,8,0.0000
4,20.0000,41,18,375.4115,-81.6235,1.6202,21,0.5250,0.5000,6,6,2,0,0,6,2,0.6667
4,20.0000,41,22,713.5675,-84.0900,-0.2636,4,0.1000,1.0000,8,10,10,0,0,10,10,0.0000
4,20.0000,41,23,508.3134,-83.0438,0.6724,6,0.1500,1.0000,8,8,8,0,0,8,8,0.0000
4,20.0000,41,24,759.7271,-87.0515,-0.0296,6,0.1500,1.0000,8,8,8,0,0,8,8,0.0000
4,20.0000,41,28,651.7310,-83.9380,-0.4059,5,0.1250,1.0000,8,8,8,0,0,8,8,0.0000
4,20.0000,41,30,701.5952,-85.6083,-0.1791,6,0.1500,1.0000,8,4,4,0,0,4,4,0.0000
4,20.0000,41,33,143.8728,-71.9198,-0.7423,36,0.9000,0.2000,5,5,1,0,0,5,1,0.8000
4,20.0000,41,37,205.8620,-75.1768,-0.9425,33,0.8250,0.0000,4,5,1,0,0,5,1,0.8000
4,20.0000,41,39,541.0560,-81.5389,-0.4692,6,0.1500,0.6667,6,7,6,0,0,7,6,0.1429
4,20.0000,41,42,750.6789,-86.3234,-0.6921,7,0.1750,0.5000,4,2,2,0,0,2,2,0.0000
4,20.0000,41,44,663.7234,-85.1066,-1.1376,7,0.1750,0.8750,8,8,8,0,0,8,8,0.0000
4,20.0000,41,46,405.0496,-81.1615,-0.1760,11,0.2750,0.8571,7,8,8,0,0,8,8,0.0000
4,20.0000,42,3,623.3520,-84.6239,0.2322,9,0.2250,0.7143,7,8,8,0,0,8,8,0.0000
4,20.0000,42,4,697.0892,-85.5982,0.7310,7,0.1750,1.0000,8,8,8,0,0,8,8,0.0000
4,20.0000,42,6,801.4140,-87.2509,-1.3591,3,0.0750,1.0000,8,8,8,0,0,8,8,0.0000
4,20.0000,42,7,708.1885,-87.3602,2.0258,4,0.1000,1.0000,8,7,6,0,0,7,6,0.1429
4,20.0000,42,14,368.5210,-80.8989,0.5114,22,0.5500,0.8571,7,7,3,0,0,7,3,0.5714
4,20.0000,42,15,470.1160,-83.7023,1.0232,12,0.3000,0.8571,7,5,2,0,0,5,2,0.6000
4,20.0000,42,18,512.6941,-83.1453,-0.8015,15,0.3750,0.8571,7,6,4,0,0,6,4,0.3333
4,20.0000,42,24,180.2027,-75.3670,0.4088,34,0.8500,0.2000,5,4,0,0,0,4,0,1.0000
4,20.0000,42,28,675.2961,-85.7824,-0.9385,7,0.1750,1.0000,8,8,8,0,0,8,8,0.0000
4,20.0000,42,30,137.6245,-71.6044,-0.4490,39,0.9750,0.0000,4,6,2,0,0,6,2,0.6667
4,20.0000,42,44,277.2593,-77.8070,-0.5148,33,0.8250,0.2000,5,5,2,0,0,5,2,0.6000
4,20.0000,43,0,701.8944,-87.1646,0.6318,5,0.1250,1.0000,8,8,8,0,0,8,8,0.0000
4,20.0000,43,1,998.1635,-88.0383,-0.3438,7,0.1750,1.0000,4,4,4,0,0,4,4,0.0000
4,20.0000,43,2,424.5741,-83.0621,0.0531,15,0.3750,0.5000,6,8,6,0,0,8,6,0.2500
4,20.0000,43,5,852.6788,-85.8639,1.0813,8,0.2000,1.0000,8,4,4,0,0,4,4,0.0000
4,20.0000,43,6,1012.2061,-87.0859,0.7303,4,0.1000,1.0000,2,4,3,0,0,4,3,0.2500
4,20.0000,43,7,903.4741,-88.6256,0.4992,3,0.0750,0.8750,8,8,8,0,0,8,8,0.0000
4,20.0000,43,8,588.7854,-84.6229,0.8326,14,0.3500,1.0000,8,8,8,0,0,8,8,0.0000
4,20.0000,43,9,723.3872,-87.0103,1.1001,6,0.1500,1.0000,8,8,8,0,0,8,8,0.0000
4,20.0000,43,10,617.2962,-85.8798,0.8169,11,0.2750,1.0000,8,5,4,0,0,5,4,0.2000
4,20.0000,43,11,445.2643,-81.0459,0.7835,8,0.2000,0.7143,7,7,6,0,0,7,6,0.1429
4,20.0000,43,13,833.5214,-87.5989,-0.8399,4,0.1000,1.0000,8,8,7,0,0,8,7,0.1250
4,20.0000,43,16,779.7610,-86.8632,-0.2818,6,0.1500,1.0000,6,8,8,0,0,8,8,0.0000
4,20.0000,43,17,323.0334,-81.0741,-0.3677,15,0.3750,0.4000,5,6,4,0,0,6,4,0.3333
4,20.0000,43,19,413.4624,-82.7291,0.2891,10,0.2500,0.8571,7,6,3,0,0,6,3,0.5000
4,20.0000,43,20,329.1737,-79.1257,-0.3002,20,0.5000,0.3333,6,6,4,0,0,6,4,0.3333
4,20.0000,43,21,559.7890,-82.9891,-0.0961,14,0.3500,0.6667,6,8,7,0,0,8,7,0.1250
4,20.0000,43,22,438.0680,-80.8460,0.1990,14,0.3500,0.8750,8,8,8,0,0,8,8,0.0000
4,20.0000,43,23,431.8661,-81.6031,-0.0426,16,0.4000,0.7500,8,7,5,0,0,7,5,0.2857
4,20.0000,43,25,353.7002,-80.4180,1.0763,14,0.3500,0.5000,6,7,5,0,0,7,5,0.2857
4,20.0000,43,26,740.4698,-86.8015,-0.1973,6,0.1500,1.0000,6,8,7,0,0,8,7,0.1250
4,20.0000,43,27,401.3954,-82.3536,0.3882,16,0.4000,0.8333,12,7,5,0,0,7,5,0.2857
4,20.0000,43,29,721.2580,-84.7460,2.0534,7,0.1750,0.8333,6,8,8,0,0,8,8,0.0000
4,20.0000,43,31,304.5821,-79.7468,-0.3964,24,0.6000,0.8000,5,8,4,0,0,8,4,0.5000
4,20.0000,43,32,368.9295,-81.9926,1.3921,15,0.3750,0.7500,8,6,3,0,0,6,3,0.5000
4,20.0000,43,33,912.2929,-88.9700,-0.2481,4,0.1000,1.0000,8,2,1,0,0,2,1,0.5000
4,20.0000,43,34,691.9967,-84.8259,0.8318,9,0.2250,0.8571,7,4,4,0,0,4,4,0.0000
4,20.0000,43,37,1006.4131,-88.2778,0.4792,3,0.0750,1.0000,2,4,4,0,0,4,4,0.0000
4,20.0000,43,38,626.2593,-84.7923,1.0784,11,0.2750,0.8571,7,8,8,0,0,8,8,0.0000
4,20.0000,43,39,478.9987,-85.3964,0.0706,10,0.2500,1.0000,8,7,6,0,0,7,6,0.1429
4,20.0000,43,40,459.0563,-82.3175,-0.3882,15,0.3750,0.5714,7,8,8,0,0,8,8,0.0000
4,20.0000,43,45,586.6771,-85.4510,-0.2847,6,0.1500,1.0000,8,7,5,0,0,7,5,0.2857
4,20.0000,43,47,565.6807,-85.0767,0.6269,12,0.3000,0.8750,8,8,8,48,41,56,49,0.1250
4,20.0000,44,3,465.2092,-83.1974,-0.0827,18,0.4500,1.0000,8,8,6,0,0,8,6,0.2500
4,20.0000,44,4,579.4994,-85.2046,0.7173,10,0.2500,1.0000,8,7,6,0,0,7,6,0.1429
4,20.0000,44,6,645.0015,-85.5401,0.5381,8,0.2000,1.0000,4,8,8,0,0,8,8,0.0000
4,20.0000,44,7,511.5897,-83.9337,0.2769,10,0.2500,0.8750,8,7,5,0,0,7,5,0.2857
4,20.0000,44,14,242.0045,-76.6516,0.4408,38,0.9500,0.0000,4,4,0,0,0,4,0,1.0000
4,20.0000,44,15,248.5128,-78.8029,0.7125,29,0.7250,0.4000,5,7,3,0,0,7,3,0.5714
4,20.0000,44,18,389.2230,-82.4623,0.4563,20,0.5000,0.7143,7,7,5,0,0,7,5,0.2857
4,20.0000,44,24,155.3429,-68.0732,-2.7939,38,0.9500,0.0000,4,5,1,0,0,5,1,0.8000
4,20.0000,44,28,498.1084,-83.7001,0.2499,17,0.4250,0.8571,7,7,4,0,0,7,4,0.4286
4,20.0000,44,30,264.0195,-76.3868,-0.7211,38,0.9500,0.3333,6,4,0,0,0,4,0,1.0000
4,20.0000,44,33,784.1943,-87.2932,-1.8345,4,0.1000,1.0000,8,8,8,0,0,8,8,0.0000
4,20.0000,44,37,716.0463,-86.5338,-0.2679,5,0.1250,0.8750,8,8,8,0,0,8,8,0.0000
4,20.0000,44,41,663.7234,-86.7518,0.1535,4,0.1000,1.0000,8,8,8,0,0,8,8,0.0000
4,20.0000,44,42,277.2593,-77.4235,-0.3028,36,0.9000,0.0000,4,5,1,0,0,5,1,0.8000
4,20.0000,44,46,549.2917,-84.4659,2.4718,6,0.1500,1.0000,8,6,3,0,0,6,3,0.5000
4,20.0000,45,0,503.9307,-82.9730,-0.9082,14,0.3500,0.3333,6,8,8,0,0,8,8,0.0000
4,20.0000,45,2,906.3987,-87.4753,-0.6752,3,0.0750,1.0000,4,6,6,0,0,6,6,0.0000
4,20.0000,45,3,638.6008,-84.8491,-0.0944,16,0.4000,0.8750,8,7,6,0,0,7,6,0.1429
4,20.0000,45,4,394.8594,-80.5605,-0.4712,16,0.4000,0.7143,7,8,7,0,0,8,7,0.1250
4,20.0000,45,7,551.3385,-82.9029,-1.1511,16,0.4000,0.8000,10,8,8,0,0,8,8,0.0000
4,20.0000,45,9,721.4189,-86.5192,0.4341,6,0.1500,1.0000,8,8,7,0,0,8,7,0.1250
4,20.0000,45,11,563.2024,-84.9122,-0.3001,10,0.2500,0.8750,8,8,8,0,0,8,8,0.0000
4,20.0000,45,15,767.2141,-85.4726,-0.1517,9,0.2250,0.7143,7,6,6,0,0,6,6,0.0000
4,20.0000,45,17,310.3580,-78.9837,-0.1938,21,0.5250,0.7143,7,8,7,0,0,8,7,0.1250
4,20.0000,45,18,959.4046,-87.9312,-0.5568,7,0.1750,0.8000,5,4,4,0,0,4,4,0.0000
4,20.0000,45,19,868.7245,-87.2917,-0.2079,6,0.1500,1.0000,8,2,2,0,0,2,2,0.0000
4,20.0000,45,20,482.8336,-83.1136,0.6908,8,0.2000,0.8750,8,7,6,0,0,7,6,0.1429
4,20.0000,45,21,678.0761,-85.4955,-0.2797,6,0.1500,0.8750,8,8,8,0,0,8,8,0.0000
4,20.0000,45,22,163.6085,-75.7744,1.3102,26,0.6500,0.5000,6,6,2,0,0,6,2,0.6667
4,20.0000,45,23,487.1460,-83.5588,-0.2352,12,0.3000,1.0000,8,8,7,0,0,8,7,0.1250
4,20.0000,45,25,597.7839,-84.6928,-0.1427,9,0.2250,0.8750,8,8,8,0,0,8,8,0.0000
4,20.0000,45,28,479.0928,-83.5773,-0.0263,14,0.3500,0.8571,7,8,8,0,0,8,8,0.0000
4,20.0000,45,30,1128.2147,-88.2780,-0.6591,3,0.0750,1.0000,4,2,2,0,0,2,2,0.0000
4,20.0000,45,31,615.5776,-84.8177,-0.0189,9,0.2250,1.0000,8,8,8,0,0,8,8,0.0000
4,20.0000,45,32,444.1684,-81.0235,-0.0521,15,0.3750,0.7143,7,7,6,0,0,7,6,0.1429
4,20.0000,45,33,844.7512,-86.0671,-0.2575,5,0.1250,1.0000,8,4,4,0,0,4,4,0.0000
4,20.0000,45,37,899.7939,-86.9292,0.0324,6,0.1500,1.0000,8,8,8,0,0,8,8,0.0000
4,20.0000,45,38,335.5266,-81.8691,1.1156,18,0.4500,0.8750,8,5,2,0,0,5,2,0.6000
4,20.0000,45,39,342.2965,-79.6672,0.1278,19,0.4750,1.0000,8,6,4,0,0,6,4,0.3333
4,20.0000,45,40,946.9070,-87.7166,-2.5628,5,0.1250,1.0000,6,6,6,0,0,6,6,0.0000
4,20.0000,45,41,770.0947,-87.3500,-0.8391,5,0.1250,1.0000,4,4,4,0,0,4,4,0.0000
4,20.0000,45,43,586.6771,-85.9887,0.5355,7,0.1750,0.8571,7,7,5,0,0,7,5,0.2857
4,20.0000,45,44,949.8128,-88.2888,0.4579,4,0.1000,1.0000,4,4,4,0,0,4,4,0.0000
4,20.0000,45,46,503.4860,-82.4865,-1.1500,11,0.2750,0.5000,6,8,8,0,0,8,8,0.0000
4,20.0000,45,47,939.7440,-87.7256,1.7137,3,0.0750,1.0000,4,8,7,0,0,8,7,0.1250
4,20.0000,46,0,220.6657,-73.8228,-0.7802,33,0.8250,0.1667,6,5,1,0,0,5,1,0.8000
4,20.0000,46,3,494.1182,-82.4694,-0.4004,18,0.4500,0.8571,7,7,6,0,0,7,6,0.1429
4,20.0000,46,4,294.5375,-79.3260,0.1663,22,0.5500,0.2000,5,7,5,0,0,7,5,0.2857
4,20.0000,46,6,398.8136,-82.9117,0.6412,21,0.5250,0.5000,6,6,3,0,0,6,3,0.5000
4,20.0000,46,7,49.1839,-65.8781,1.7589,35,0.8750,0.0000,4,4,0,0,0,4,0,1.0000
4,20.0000,46,9,499.6960,-83.4749,-0.1850,15,0.3750,0.8750,8,7,6,0,0,7,6,0.1429
4,20.0000,46,11,628.3894,-84.5502,-0.5207,9,0.2250,1.0000,8,8,8,0,0,8,8,0.0000
4,20.0000,46,14,709.4804,-85.8675,0.5058,11,0.2750,0.8571,7,7,6,0,0,7,6,0.1429
4,20.0000,46,15,444.8503,-83.7057,-0.3573,17,0.4250,0.8750,8,7,5,0,0,7,5,0.2857
4,20.0000,46,17,552.0249,-83.7880,0.1621,9,0.2250,1.0000,8,8,8,0,0,8,8,0.0000
4,20.0000,46,18,476.9089,-85.2877,0.9903,11,0.2750,0.8571,7,6,4,0,0,6,4,0.3333
4,20.0000,46,19,977.1663,-88.5967,-1.1556,3,0.0750,1.0000,4,8,8,0,0,8,8,0.0000
4,20.0000,46,20,782.6474,-86.0250,-0.5369,5,0.1250,1.0000,8,8,8,0,0,8,8,0.0000
4,20.0000,46,22,523.1355,-82.3613,-0.4847,14,0.3500,1.0000,8,8,8,0,0,8,8,0.0000
4,20.0000,46,23,546.7730,-84.0651,0.3652,8,0.2000,0.7143,7,8,7,0,0,8,7,0.1250
4,20.0000,46,24,696.6736,-87.2993,0.9369,9,0.2250,0.8750,8,8,7,0,0,8,7,0.1250
4,20.0000,46,25,772.2239,-87.0595,-0.9333,5,0.1250,1.0000,4,8,7,0,0,8,7,0.1250
4,20.0000,46,28,307.4173,-80.2733,-0.2058,25,0.6250,0.5000,6,4,0,0,0,4,0,1.0000
4,20.0000,46,30,729.5629,-86.3786,0.1091,4,0.1000,1.0000,4,7,6,0,0,7,6,0.1429
4,20.0000,46,31,702.3100,-86.8457,0.4067,6,0.1500,1.0000,8,8,8,0,0,8,8,0.0000
4,20.0000,46,32,516.4354,-83.0205,0.2500,9,0.2250,0.7500,8,7,6,0,0,7,6,0.1429
4,20.0000,46,33,536.8945,-83.7740,0.6034,14,0.3500,0.7143,7,8,7,0,0,8,7,0.1250
4,20.0000,46,37,482.2084,-82.9037,-0.5140,20,0.5000,1.0000,8,7,4,0,0,7,4,0.4286
4,20.0000,46,38,742.3503,-85.2423,-0.5643,8,0.2000,0.8571,7,6,6,0,0,6,6,0.0000
4,20.0000,46,39,385.3846,-78.9441,-1.1998,21,0.5250,0.7500,8,7,6,0,0,7,6,0.1429
4,20.0000,46,41,405.0496,-81.9525,0.7795,16,0.4000,0.6667,6,8,8,0,0,8,8,0.0000
4,20.0000,46,42,742.1748,-86.9226,0.1914,10,0.2500,0.7500,4,4,4,0,0,4,4,0.0000
4,20.0000,46,43,861.9463,-86.8766,0.6860,6,0.1500,1.0000,8,6,6,0,0,6,6,0.0000
4,20.0000,46,44,549.2917,-84.0942,0.3395,13,0.3250,1.0000,8,8,7,0,0,8,7,0.1250
4,20.0000,46,45,503.4860,-81.3106,-1.3880,16,0.4000,1.0000,8,8,8,0,0,8,8,0.0000
4,20.0000,47,1,461.1124,-81.6102,-0.9469,31,0.7561,0.7143,7,7,6,0,0,7,6,0.1429
4,20.0000,47,2,817.7058,-87.2247,-0.0060,4,0.0976,0.8333,6,8,8,0,0,8,8,0.0000
4,20.0000,47,5,348.3579,-78.5180,-0.6833,32,0.7805,0.4000,5,7,5,0,0,7,5,0.2857
4,20.0000,47,8,709.5095,-85.0527,-0.8167,5,0.1220,0.8571,7,8,8,0,0,8,8,0.0000
4,20.0000,47,10,425.1484,-80.7454,-0.7570,24,0.5854,0.7500,8,6,5,0,0,6,5,0.1667
4,20.0000,47,11,674.8438,-86.0519,0.4500,6,0.1463,1.0000,8,8,8,47,44,55,52,0.0545
4,20.0000,47,12,678.1553,-85.9168,0.0289,15,0.3659,0.8571,7,8,8,0,0,8,8,0.0000
4,20.0000,47,13,272.0177,-78.1886,0.1896,37,0.9024,0.3333,6,5,1,13,2,18,3,0.8333
4,20.0000,47,16,482.4573,-83.8221,0.1446,17,0.4146,1.0000,8,7,6,0,0,7,6,0.1429
4,20.0000,47,17,764.8492,-88.1646,-0.4211,3,0.0732,1.0000,6,7,6,0,0,7,6,0.1429
4,20.0000,47,19,548.4098,-83.4906,-0.4495,10,0.2439,1.0000,8,7,6,0,0,7,6,0.1429
4,20.0000,47,20,478.7634,-84.5492,1.2275,9,0.2195,1.0000,8,7,6,0,0,7,6,0.1429
4,20.0000,47,21,491.5556,-84.1052,-0.3188,14,0.3415,0.8571,7,7,6,0,0,7,6,0.1429
4,20.0000,47,22,855.5276,-87.8999,-0.7317,5,0.1220,0.8750,8,8,8,0,0,8,8,0.0000
4,20.0000,47,25,505.1149,-84.9699,0.3368,8,0.1951,1.0000,8,7,5,0,0,7,5,0.2857
4,20.0000,47,26,269.9888,-79.6705,0.4676,32,0.7805,0.0000,4,4,0,0,0,4,0,1.0000
4,20.0000,47,27,585.0002,-84.2160,0.4676,9,0.2195,0.8571,7,8,8,0,0,8,8,0.0000
4,20.0000,47,29,204.5179,-75.6535,-0.0012,37,0.9024,0.2000,5,5,1,0,0,5,1,0.8000
4,20.0000,47,31,680.1881,-85.6159,0.2903,7,0.1707,1.0000,8,10,10,0,0,10,10,0.0000
4,20.0000,47,32,848.8536,-86.6363,-1.7384,4,0.0976,1.0000,8,6,6,0,0,6,6,0.0000
4,20.0000,47,34,206.9807,-76.6718,0.8210,36,0.8780,0.0000,4,5,2,0,0,5,2,0.6000
4,20.0000,47,35,601.5697,-83.9258,-1.5571,30,0.7317,0.7143,7,6,4,0,0,6,4,0.3333
4,20.0000,47,36,419.6036,-80.8378,-1.2708,33,0.8049,0.2000,5,7,5,0,0,7,5,0.2857
4,20.0000,47,38,747.1266,-87.1128,-0.1600,5,0.1220,0.8571,7,8,8,0,0,8,8,0.0000
4,20.0000,47,40,289.9701,-78.4456,-0.3624,28,0.6829,0.2000,5,6,2,0,0,6,2,0.6667
4,20.0000,47,43,565.6807,-85.3507,0.9786,13,0.3171,1.0000,8,7,6,0,0,7,6,0.1429
4,24.0000,0,2,777.6633,-86.6615,-1.0330,4,0.1000,1.0000,6,6,6,0,0,6,6,0.0000
4,24.0000,0,3,833.6243,-85.9738,-0.4588,11,0.2750,0.0000,1,8,8,0,0,8,8,0.0000
4,24.0000,0,4,492.8207,-81.6626,0.2646,18,0.4500,0.7143,7,7,6,0,0,7,6,0.1429
4,24.0000,0,6,286.5959,-79.1822,0.9833,28,0.7000,0.8750,8,7,5,0,0,7,5,0.2857
4,24.0000,0,7,272.3429,-77.6086,-0.2763,30,0.7500,0.2000,5,8,6,0,0,8,6,0.2500
4,24.0000,0,9,194.4625,-77.0885,2.0097,28,0.7000,0.5000,6,7,5,0,0,7,5,0.2857
4,24.0000,0,11,550.2644,-84.0616,-0.4298,11,0.2750,1.0000,8,8,8,0,0,8,8,0.0000
4,24.0000,0,14,927.0004,-87.7018,-0.4515,5,0.1250,,0,4,3,0,0,4,3,0.2500
4,24.0000,0,15,779.1149,-86.8922,-0.5321,10,0.2500,0.7778,9,2,2,0,0,2,2,0.0000
4,24.0000,0,17,496.5792,-83.0745,0.9876,10,0.2500,0.7500,8,8,8,0,0,8,8,0.0000
4,24.0000,0,18,387.4718,-82.1019,1.4444,22,0.5500,0.5000,6,4,0,0,0,4,0,1.0000
4,24.0000,0,19,796.9918,-87.8240,1.3594,6,0.1500,0.7500,8,8,8,0,0,8,8,0.0000
4,24.0000,0,20,817.7005,-87.1614,-0.3726,5,0.1250,0.8750,8,6,6,0,0,6,6,0.0000
4,24.0000,0,21,1188.3984,-88.8520,-0.7573,3,0.0750,1.0000,8,2,2,0,0,2,2,0.0000
4,24.0000,0,22,563.7485,-84.0235,-0.8959,12,0.3000,0.8750,8,8,8,0,0,8,8,0.0000
4,24.0000,0,23,342.8667,-81.2131,0.1430,15,0.3750,0.8750,8,7,5,0,0,7,5,0.2857
4,24.0000,0,24,831.3359,-86.1136,0.1528,10,0.2500,0.8571,7,6,6,0,0,6,6,0.0000
4,24.0000,0,25,779.6203,-87.4045,-0.3592,7,0.1750,0.7500,8,4,4,0,0,4,4,0.0000
4,24.0000,0,27,1023.9988,-89.2059,0.0626,3,0.0750,0.7500,8,8,8,0,0,8,8,0.0000
4,24.0000,0,28,508.3135,-82.8603,0.2245,17,0.4250,0.5714,7,6,4,0,0,6,4,0.3333
4,24.0000,0,30,741.4176,-87.2493,0.0768,8,0.2000,0.0000,1,8,8,0,0,8,8,0.0000
4,24.0000,0,31,535.5146,-84.8715,0.3534,12,0.3000,1.0000,8,7,6,0,0,7,6,0.1429
4,24.0000,0,32,416.4867,-80.4987,-0.1685,15,0.3750,0.6667,6,8,8,0,0,8,8,0.0000
4,24.0000,0,33,285.2800,-80.7432,1.0621,28,0.7000,0.7143,7,4,0,0,0,4,0,1.0000
4,24.0000,0,37,333.5073,-81.0335,0.1211,23,0.5750,0.6250,8,7,5,0,0,7,5,0.2857
4,24.0000,0,38,792.4929,-86.8627,-2.2884,7,0.1750,1.0000,8,4,4,0,0,4,4,0.0000
4,24.0000,0,39,405.5832,-80.2595,-1.7224,16,0.4000,0.8750,8,7,5,0,0,7,5,0.2857
4,24.0000,0,41,278.4785,-78.6634,0.1664,32,0.8000,0.7143,7,5,1,0,0,5,1,0.8000
4,24.0000,0,42,804.9026,-87.7910,-0.5382,5,0.1250,1.0000,2,6,6,0,0,6,6,0.0000
4,24.0000,0,43,674.5902,-86.8784,0.8616,8,0.2000,1.0000,8,8,8,0,0,8,8,0.0000
4,24.0000,0,44,626.5114,-85.4441,0.4072,13,0.3250,1.0000,8,7,6,0,0,7,6,0.1429
4,24.0000,0,45,657.4259,-83.5913,-0.2670,13,0.3250,1.0000,8,8,7,0,0,8,7,0.1250
4,24.0000,0,46,298.1517,-77.2671,-0.3940,32,0.8000,0.3333,6,6,3,0,0,6,3,0.5000
4,24.0000,0,47,1111.1221,-87.6039,1.7693,3,0.0750,1.0000,6,4,4,0,0,4,4,0.0000
4,24.0000,1,5,339.0199,-79.8830,0.2857,26,0.6500,0.0000,4,6,2,0,0,6,2,0.6667
4,24.0000,1,8,885.3270,-86.3173,0.1801,3,0.0750,1.0000,8,8,8,0,0,8,8,0.0000
4,24.0000,1,10,768.4477,-85.6481,-0.4019,3,0.0750,0.8571,7,8,8,0,0,8,8,0.0000
4,24.0000,1,12,520.3618,-83.8020,-0.3451,17,0.4250,0.7143,7,7,5,0,0,7,5,0.2857
4,24.0000,1,13,342.0132,-79.8505,-0.2832,25,0.6250,0.4000,5,7,6,0,0,7,6,0.1429
4,24.0000,1,16,508.6476,-83.9641,0.0610,15,0.3750,0.8571,7,10,10,0,0,10,10,0.0000
4,24.0000,1,21,841.0967,-85.8121,0.0065,5,0.1250,1.0000,8,8,8,0,0,8,8,0.0000
4,24.0000,1,26,626.0048,-84.1606,0.2181,15,0.3750,1.0000,8,7,6,0,0,7,6,0.1429
4,24.0000,1,29,525.9165,-82.2659,-0.9027,17,0.4250,0.7143,7,7,6,0,0,7,6,0.1429
4,24.0000,1,34,407.3187,-81.2494,0.6158,17,0.4250,0.8571,7,8,7,0,0,8,7,0.1250
4,24.0000,1,35,263.9044,-77.1191,-0.2277,37,0.9250,0.2000,5,5,1,0,0,5,1,0.8000
4,24.0000,1,36,143.5298,-72.2998,-0.2051,34,0.8500,0.2000,5,5,1,0,0,5,1,0.8000
4,24.0000,1,40,603.8873,-83.2783,-0.1875,7,0.1750,1.0000,8,8,8,0,0,8,8,0.0000
4,24.0000,1,47,617.8602,-84.3319,-0.4513,9,0.2250,0.5000,6,8,8,0,0,8,8,0.0000
4,24.0000,2,8,300.6868,-80.7001,1.0536,23,0.5750,0.8571,7,5,1,0,0,5,1,0.8000
4,24.0000,2,9,628.4672,-86.8024,0.4625,4,0.1000,0.8750,8,8,8,0,0,8,8,0.0000
4,24.0000,2,10,483.2723,-84.0669,1.1899,7,0.1750,0.8571,7,8,7,0,0,8,7,0.1250
4,24.0000,2,11,508.8605,-85.0117,-0.8896,4,0.1000,1.0000,8,6,4,0,0,6,4,0.3333
4,24.0000,2,12,809.8637,-86.9395,1.3435,7,0.1750,0.6667,3,6,6,0,0,6,6,0.0000
4,24.0000,2,16,651.3580,-86.2569,1.0869,5,0.1250,1.0000,4,6,4,0,0,6,4,0.3333
4,24.0000,2,17,465.4422,-84.7735,0.9644,7,0.1750,0.8571,7,8,8,0,0,8,8,0.0000
4,24.0000,2,19,298.0651,-79.1299,1.1081,15,0.3750,0.6667,6,7,4,0,0,7,4,0.4286
4,24.0000,2,20,639.1684,-84.7309,-0.1771,4,0.1000,0.6667,6,8,8,0,0,8,8,0.0000
4,24.0000,2,23,529.2029,-82.7108,-0.4472,7,0.1750,0.7143,7,8,8,0,0,8,8,0.0000
4,24.0000,2,25,498.6299,-83.9000,1.0024,7,0.1750,0.8571,7,8,8,0,0,8,8,0.0000
4,24.0000,2,27,279.8854,-78.0200,-0.3456,23,0.5750,0.4286,7,6,4,0,0,6,4,0.3333
4,24.0000,2,29,793.5111,-85.4526,0.7612,3,0.0750,1.0000,4,6,6,0,0,6,6,0.0000
4,24.0000,2,31,316.0464,-78.9417,0.4287,15,0.3750,0.5000,6,7,4,0,0,7,4,0.4286
4,24.0000,2,32,379.5408,-82.4673,1.3969,8,0.2000,0.8571,7,5,2,0,0,5,2,0.6000
4,24.0000,2,33,831.2792,-86.4295,1.1040,3,0.0750,1.0000,8,8,8,0,0,8,8,0.0000
4,24.0000,2,39,597.4462,-85.9456,-1.8646,3,0.0750,1.0000,8,8,8,0,0,8,8,0.0000
4,24.0000,2,40,567.2706,-83.8129,0.7025,5,0.1250,1.0000,8,7,5,0,0,7,5,0.2857
4,24.0000,2,41,950.4782,-86.7152,-1.1308,3,0.0750,0.8750,8,2,2,0,0,2,2,0.0000
4,24.0000,2,43,248.2790,-80.5395,1.7028,13,0.3250,0.6667,6,5,2,0,0,5,2,0.6000
4,24.0000,2,47,675.4197,-86.2001,-0.1390,4,0.1000,1.0000,8,8,8,0,0,8,8,0.0000
4,24.0000,3,4,446.4942,-80.7594,-0.0240,17,0.4250,1.0000,8,8,7,0,0,8,7,0.1250
4,24.0000,3,6,801.4858,-87.3260,2.5663,3,0.0750,1.0000,6,8,8,0,0,8,8,0.0000
4,24.0000,3,7,626.6141,-84.0036,-0.6809,9,0.2250,0.8750,8,8,8,0,0,8,8,0.0000
4,24.0000,3,9,966.8360,-88.3412,-0.1724,3,0.0750,1.0000,6,4,4,0,0,4,4,0.0000
4,24.0000,3,14,491.4244,-82.8580,-0.4356,28,0.7000,0.7143,7,6,3,0,0,6,3,0.5000
4,24.0000,3,15,272.9714,-77.9675,-0.7296,32,0.8000,0.0000,4,5,2,0,0,5,2,0.6000
4,24.0000,3,17,1007.0730,-87.0858,1.9878,3,0.0750,1.0000,8,6,6,0,0,6,6,0.0000
4,24.0000,3,18,734.7263,-85.8890,0.6055,8,0.2000,1.0000,8,8,8,0,0,8,8,0.0000
4,24.0000,3,22,746.2508,-87.5520,-2.7797,4,0.1000,1.0000,8,8,8,0,0,8,8,0.0000
4,24.0000,3,24,675.8270,-84.5106,-0.3963,9,0.2250,0.8571,7,7,6,0,0,7,6,0.1429
4,24.0000,3,28,356.9534,-78.2730,-1.1112,24,0.6000,0.5000,6,6,4,0,0,6,4,0.3333
4,24.0000,3,30,683.7663,-86.2807,-0.0776,9,0.2250,1.0000,8,8,8,0,0,8,8,0.0000
4,24.0000,3,39,883.0821,-87.2350,-0.9845,4,0.1000,1.0000,8,6,6,0,0,6,6,0.0000
4,24.0000,3,42,587.5304,-85.2139,0.6847,14,0.3500,0.8571,7,7,6,0,0,7,6,0.1429
4,24.0000,3,44,493.8533,-82.1377,0.4699,23,0.5750,0.7143,7,8,8,0,0,8,8,0.0000
4,24.0000,3,45,790.6765,-86.5633,-0.6240,5,0.1250,1.0000,8,6,6,0,0,6,6,0.0000
4,24.0000,3,46,573.7954,-85.0896,0.8716,8,0.2000,1.0000,8,8,8,0,0,8,8,0.0000
4,24.0000,4,0,492.8207,-82.5840,-0.4448,9,0.2250,0.8750,8,8,8,0,0,8,8,0.0000
4,24.0000,4,3,446.4942,-80.9201,-0.7734,22,0.5500,0.4000,5,6,2,0,0,6,2,0.6667
4,24.0000,4,6,609.2859,-85.5414,0.4670,7,0.1750,1.0000,8,7,6,0,0,7,6,0.1429
4,24.0000,4,7,426.9476,-80.3482,-0.0903,23,0.5750,0.0000,4,6,4,0,0,6,4,0.3333
4,24.0000,4,9,570.7634,-84.9833,0.0210,8,0.2000,1.0000,8,8,8,0,0,8,8,0.0000
4,24.0000,4,11,783.9491,-86.2628,0.3784,4,0.1000,1.0000,8,8,8,0,0,8,8,0.0000
4,24.0000,4,14,759.5701,-86.3978,-0.0700,9,0.2250,0.8750,8,7,6,0,0,7,6,0.1429
4,24.0000,4,15,544.9747,-83.5778,0.4026,17,0.4250,0.8571,7,7,6,0,0,7,6,0.1429
4,24.0000,4,17,590.4929,-85.2353,0.1932,5,0.1250,1.0000,8,8,8,0,0,8,8,0.0000
4,24.0000,4,18,600.5548,-83.7044,0.8783,10,0.2500,0.8571,7,8,8,0,0,8,8,0.0000
4,24.0000,4,22,356.1895,-81.1535,0.1122,13,0.3250,0.8750,8,7,6,0,0,7,6,0.1429
4,24.0000,4,23,568.7436,-84.1235,0.2952,10,0.2500,1.0000,8,7,6,0,0,7,6,0.1429
4,24.0000,4,24,793.4539,-86.1369,-0.6344,4,0.1000,0.8750,8,2,2,0,0,2,2,0.0000
4,24.0000,4,28,176.1352,-75.3872,0.8875,33,0.8250,0.2000,5,4,0,0,0,4,0,1.0000
4,24.0000,4,30,725.3280,-85.3430,0.0543,8,0.2000,1.0000,2,8,7,0,0,8,7,0.1250
4,24.0000,4,31,814.4824,-87.5990,0.3490,3,0.0750,1.0000,8,6,6,0,0,6,6,0.0000
4,24.0000,4,32,674.7690,-85.2514,-0.5036,4,0.1000,1.0000,8,8,8,0,0,8,8,0.0000
4,24.0000,4,33,672.5598,-84.1760,0.3874,9,0.2250,0.8571,7,8,8,0,0,8,8,0.0000
4,24.0000,4,37,726.0394,-86.2105,0.4044,7,0.1750,1.0000,8,8,8,0,0,8,8,0.0000
4,24.0000,4,38,579.4947,-87.5208,1.9034,4,0.1000,1.0000,8,7,5,0,0,7,5,0.2857
4,24.0000,4,39,492.7601,-82.8204,-0.5200,7,0.1750,1.0000,8,8,8,0,0,8,8,0.0000
4,24.0000,4,41,641.8146,-84.8875,-1.2496,11,0.2750,1.0000,8,6,6,0,0,6,6,0.0000
4,24.0000,4,42,681.6341,-86.1383,0.0725,8,0.2000,0.6667,3,8,8,0,0,8,8,0.0000
4,24.0000,4,44,562.1117,-84.3685,0.9968,12,0.3000,1.0000,8,8,8,0,0,8,8,0.0000
4,24.0000,4,45,445.1631,-82.6021,-0.9203,12,0.3000,0.8571,7,8,8,0,0,8,8,0.0000
4,24.0000,4,46,377.0339,-79.4466,-0.1589,24,0.6000,0.6667,6,8,7,0,0,8,7,0.1250
4,24.0000,5,1,339.0199,-80.2171,-0.9819,27,0.6750,0.2000,5,7,5,0,0,7,5,0.2857
4,24.0000,5,12,762.3860,-87.9704,-0.0877,5,0.1250,1.0000,8,7,6,0,0,7,6,0.1429
4,24.0000,5,13,392.0256,-80.3281,-1.1899,18,0.4500,0.4000,5,8,7,0,0,8,7,0.1250
4,24.0000,5,16,656.4879,-85.9646,0.5412,7,0.1750,1.0000,8,8,8,0,0,8,8,0.0000
4,24.0000,5,21,582.8034,-84.2751,0.2837,8,0.2000,1.0000,8,8,8,0,0,8,8,0.0000
4,24.0000,5,26,456.9870,-79.6277,-1.1880,22,0.5500,0.7143,7,8,8,0,0,8,8,0.0000
4,24.0000,5,29,508.5189,-83.2051,-0.4361,11,0.2750,0.6667,6,8,8,0,0,8,8,0.0000
4,24.0000,5,34,212.4629,-75.0225,-0.7590,26,0.6500,0.0000,4,4,0,0,0,4,0,1.0000
4,24.0000,5,35,592.0608,-83.6403,0.1136,14,0.3500,1.0000,8,8,8,0,0,8,8,0.0000
4,24.0000,5,36,427.5702,-81.6345,0.0231,22,0.5500,0.8333,6,6,4,0,0,6,4,0.3333
4,24.0000,5,40,572.8196,-84.0548,0.2786,10,0.2500,1.0000,8,8,7,0,0,8,7,0.1250
4,24.0000,5,47,514.6189,-82.7251,-0.4846,12,0.3000,0.7143,7,8,8,0,0,8,8,0.0000
4,24.0000,6,0,286.5959,-79.7775,1.1300,21,0.5250,0.5714,7,6,4,0,0,6,4,0.3333
4,24.0000,6,3,801.4858,-86.6001,0.1682,8,0.2000,0.8000,5,7,6,0,0,7,6,0.1429
4,24.0000,6,4,609.2859,-84.5187,0.1498,10,0.2500,0.8750,8,8,8,0,0,8,8,0.0000
4,24.0000,6,7,189.9570,-77.6151,1.3622,26,0.6500,0.3333,6,4,0,0,0,4,0,1.0000
4,24.0000,6,9,463.0833,-82.2223,0.3330,14,0.3500,1.0000,8,8,8,0,0,8,8,0.0000
4,24.0000,6,11,746.6424,-86.7541,0.0312,5,0.1250,1.0000,8,7,6,0,0,7,6,0.1429
4,24.0000,6,14,759.0852,-86.5852,0.0398,7,0.1750,1.0000,2,6,3,0,0,6,3,0.5000
4,24.0000,6,15,660.9875,-85.8921,0.0349,12,0.3000,0.8750,8,7,6,0,0,7,6,0.1429
4,24.0000,6,17,762.7357,-87.7065,-0.1395,5,0.1250,1.0000,8,8,7,0,0,8,7,0.1250
4,24.0000,6,18,164.4114,-76.7475,1.3893,38,0.9500,0.2000,5,5,1,0,0,5,1,0.8000
4,24.0000,6,22,783.1041,-87.3379,1.5898,3,0.0750,1.0000,8,8,8,0,0,8,8,0.0000
4,24.0000,6,23,625.5386,-87.2619,-0.0271,6,0.1500,0.8750,8,8,7,0,0,8,7,0.1250
4,24.0000,6,24,642.2961,-86.1352,-0.0900,14,0.3500,0.8571,7,8,8,0,0,8,8,0.0000
4,24.0000,6,28,553.6834,-85.5700,-0.0517,11,0.2750,1.0000,8,8,8,0,0,8,8,0.0000
4,24.0000,6,30,581.0511,-84.9036,-0.9059,13,0.3250,1.0000,6,6,4,0,0,6,4,0.3333
4,24.0000,6,31,776.6943,-86.6347,-0.7295,4,0.1000,1.0000,8,4,4,0,0,4,4,0.0000
4,24.0000,6,32,687.1370,-84.7428,-0.8145,7,0.1750,0.8750,8,8,8,0,0,8,8,0.0000
4,24.0000,6,33,404.3928,-80.8592,0.2834,26,0.6500,0.8750,8,8,4,0,0,8,4,0.5000
4,24.0000,6,37,191.7941,-73.8317,-0.9826,41,1.0250,0.0000,4,5,1,0,0,5,1,0.8000
4,24.0000,6,39,643.5635,-85.9107,0.0010,7,0.1750,0.8750,8,8,8,0,0,8,8,0.0000
4,24.0000,6,41,287.0326,-78.3190,-0.7820,34,0.8500,0.4000,5,6,3,0,0,6,3,0.5000
4,24.0000,6,42,683.2876,-87.0362,0.3379,13,0.3250,1.0000,6,7,6,0,0,7,6,0.1429
4,24.0000,6,44,463.1056,-84.7904,0.1080,20,0.5000,0.8571,7,6,3,0,0,6,3,0.5000
4,24.0000,6,46,246.3471,-80.3423,1.4645,20,0.5000,1.0000,8,5,1,0,0,5,1,0.8000
4,24.0000,7,0,272.3429,-77.9263,-0.5041,31,0.7750,0.2000,5,4,0,0,0,4,0,1.0000
4,24.0000,7,3,626.6141,-84.2239,-0.0020,17,0.4250,1.0000,8,8,8,0,0,8,8,0.0000
4,24.0000,7,4,426.9476,-80.9744,-0.0130,19,0.4750,0.5000,6,7,6,0,0,7,6,0.1429
4,24.0000,7,6,189.9570,-77.9016,1.3396,31,0.7750,0.4000,5,6,2,0,0,6,2,0.6667
4,24.0000,7,9,456.3625,-82.3820,1.0546,9,0.2250,0.8571,7,7,6,0,0,7,6,0.1429
4,24.0000,7,11,731.7592,-86.0981,0.9832,3,0.0750,1.0000,8,8,8,0,0,8,8,0.0000
4,24.0000,7,14,668.0980,-85.2101,0.0222,10,0.2500,1.0000,8,8,7,0,0,8,7,0.1250
4,24.0000,7,15,524.3989,-84.1279,-0.1016,17,0.4250,0.6667,6,7,5,0,0,7,5,0.2857
4,24.0000,7,17,690.2482,-83.7121,0.0039,4,0.1000,0.8571,7,8,8,0,0,8,8,0.0000
4,24.0000,7,18,210.9097,-79.5094,1.1611,24,0.6000,0.4286,7,3,0,0,0,3,0,1.0000
4,24.0000,7,22,641.0371,-84.2389,-0.9666,5,0.1250,1.0000,8,8,8,0,0,8,8,0.0000
4,24.0000,7,23,582.7612,-84.8847,0.1653,6,0.1500,0.8571,7,8,8,0,0,8,8,0.0000
4,24.0000,7,24,603.4080,-84.3287,0.2889,16,0.4000,0.6667,6,7,5,0,0,7,5,0.2857
4,24.0000,7,25,955.0596,-87.2523,-0.4190,4,0.1000,1.0000,8,3,2,0,0,3,2,0.3333
4,24.0000,7,28,366.4515,-80.3470,0.2413,25,0.6250,0.3333,6,7,5,0,0,7,5,0.2857
4,24.0000,7,30,540.9384,-85.6471,0.4400,13,0.3250,1.0000,4,7,6,0,0,7,6,0.1429
4,24.0000,7,31,773.0500,-86.3623,1.2121,3,0.0750,1.0000,8,8,8,0,0,8,8,0.0000
4,24.0000,7,32,662.3179,-83.6731,-0.3931,6,0.1500,1.0000,8,8,8,0,0,8,8,0.0000
4,24.0000,7,33,454.6833,-83.9562,-0.0332,11,0.2750,0.8750,8,6,3,0,0,6,3,0.5000
4,24.0000,7,37,346.1153,-81.2821,0.8697,23,0.5750,0.5714,7,5,1,0,0,5,1,0.8000
4,24.0000,7,39,560.2611,-85.2162,-1.2722,5,0.1250,1.0000,8,7,6,0,0,7,6,0.1429
4,24.0000,7,41,353.6703,-81.6145,1.0241,22,0.5500,0.4000,5,6,4,0,0,6,4,0.3333
4,24.0000,7,42,600.1149,-85.4663,0.4308,12,0.3000,0.8571,7,7,6,0,0,7,6,0.1429
4,24.0000,7,44,373.6035,-82.6607,0.8524,19,0.4750,0.5000,6,7,5,0,0,7,5,0.2857
4,24.0000,7,45,728.0936,-85.9100,-0.6861,6,0.1500,1.0000,8,8,8,0,0,8,8,0.0000
4,24.0000,7,46,56.7558,-61.7445,-0.4749,35,0.8750,0.2000,5,5,1,0,0,5,1,0.8000
4,24.0000,8,1,885.3270,-88.0445,0.7527,4,0.1000,0.8571,7,8,8,0,0,8,8,0.0000
4,24.0000,8,2,300.6868,-79.8601,0.2542,20,0.5000,0.8571,7,6,4,0,0,6,4,0.3333
4,24.0000,8,5,945.7152,-87.7890,-1.1846,7,0.1750,1.0000,6,4,4,0,0,4,4,0.0000
4,24.0000,8,9,926.2640,-87.4211,-0.9008,3,0.0750,1.0000,6,3,2,0,0,3,2,0.3333
4,24.0000,8,10,357.8158,-81.8759,-0.4647,20,0.5000,1.0000,8,7,5,0,0,7,5,0.2857
4,24.0000,8,11,695.6408,-86.4355,1.2801,5,0.1250,1.0000,4,8,8,0,0,8,8,0.0000
4,24.0000,8,12,539.7689,-83.9218,-0.5485,18,0.4500,0.8571,7,8,8,0,0,8,8,0.0000
4,24.0000,8,13,744.2839,-87.4690,-1.1688,5,0.1250,1.0000,2,8,7,0,0,8,7,0.1250
4,24.0000,8,16,436.5328,-82.2694,0.2146,20,0.5000,0.7143,7,8,6,0,0,8,6,0.2500
4,24.0000,8,19,379.9268,-82.0468,0.6425,14,0.3500,0.6250,8,8,6,0,0,8,6,0.2500
4,24.0000,8,20,744.5715,-86.2025,0.5087,6,0.1500,0.8571,7,8,8,0,0,8,8,0.0000
4,24.0000,8,21,848.9019,-87.8281,-0.2794,4,0.1000,1.0000,6,6,6,0,0,6,6,0.0000
4,24.0000,8,22,1003.6261,-87.5017,-1.1958,4,0.1000,1.0000,4,6,6,0,0,6,6,0.0000
4,24.0000,8,23,826.7974,-88.0465,0.1268,3,0.0750,1.0000,8,8,8,0,0,8,8,0.0000
4,24.0000,8,25,589.9656,-86.8938,-0.5366,7,0.1750,1.0000,8,8,7,0,0,8,7,0.1250
4,24.0000,8,26,809.7533,-88.2883,0.5874,6,0.1500,1.0000,8,8,8,0,0,8,8,0.0000
4,24.0000,8,27,72.7896,-71.1416,2.7670,34,0.8500,0.2000,5,4,0,0,0,4,0,1.0000
4,24.0000,8,29,705.0099,-85.3138,0.5728,8,0.2000,1.0000,8,5,4,0,0,5,4,0.2000
4,24.0000,8,31,556.2011,-84.9020,0.4192,5,0.1250,1.0000,8,8,8,0,0,8,8,0.0000
4,24.0000,8,32,661.1796,-87.3057,0.2456,5,0.1250,1.0000,8,7,6,0,0,7,6,0.1429
4,24.0000,8,34,787.5492,-87.2482,-0.6626,7,0.1750,1.0000,8,6,4,0,0,6,4,0.3333
4,24.0000,8,35,825.7731,-87.1167,-0.7880,6,0.1500,0.8571,7,4,4,0,0,4,4,0.0000
4,24.0000,8,36,839.3580,-86.9395,0.7281,6,0.1500,1.0000,4,3,2,0,0,3,2,0.3333
4,24.0000,8,39,841.7959,-87.4901,0.5793,4,0.1000,1.0000,8,8,8,0,0,8,8,0.0000
4,24.0000,8,40,396.2640,-81.7173,1.1810,16,0.4000,1.0000,8,7,4,0,0,7,4,0.4286
4,24.0000,8,43,476.5759,-84.1168,1.4892,9,0.2250,0.8750,8,7,6,0,0,7,6,0.1429
4,24.0000,8,47,621.8603,-86.6119,-0.7755,10,0.2500,1.0000,8,8,8,0,0,8,8,0.0000
4,24.0000,9,0,194.4625,-76.6254,1.1904,26,0.6667,0.2500,4,7,3,0,0,7,3,0.5714
4,24.0000,9,2,628.4672,-84.9460,1.0869,11,0.2821,0.8333,6,7,6,0,0,7,6,0.1429
4,24.0000,9,4,570.7634,-85.5100,1.3523,11,0.2821,1.0000,8,7,6,0,0,7,6,0.1429
4,24.0000,9,6,463.0833,-82.7335,-0.9824,14,0.3590,1.0000,8,6,4,0,0,6,4,0.3333
4,24.0000,9,7,456.3625,-83.3547,0.2244,12,0.3077,1.0000,8,7,6,0,0,7,6,0.1429
4,24.0000,9,11,536.3686,-84.3279,-0.2866,9,0.2308,0.8571,7,6,3,0,0,6,3,0.5000
4,24.0000,9,15,937.3271,-88.8734,0.0087,3,0.0769,1.0000,4,4,4,0,0,4,4,0.0000
4,24.0000,9,17,424.9145,-83.2893,1.4770,7,0.1795,0.8571,7,8,7,0,0,8,7,0.1250
4,24.0000,9,18,550.4529,-84.2860,0.3263,14,0.3590,1.0000,8,10,10,0,0,10,10,0.0000
4,24.0000,9,19,703.4238,-87.1877,-1.6413,4,0.1026,1.0000,8,8,8,0,0,8,8,0.0000
4,24.0000,9,22,561.4569,-85.3081,0.1772,6,0.1538,1.0000,8,7,6,0,0,7,6,0.1429
4,24.0000,9,23,178.5351,-77.3564,1.2376,28,0.7179,0.7143,7,6,2,0,0,6,2,0.6667
4,24.0000,9,24,973.5497,-86.9468,0.1888,6,0.1538,1.0000,4,6,6,0,0,6,6,0.0000
4,24.0000,9,25,738.9614,-85.4974,-0.5968,5,0.1282,0.8571,7,8,8,0,0,8,8,0.0000
4,24.0000,9,28,635.5146,-86.0049,0.4607,8,0.2051,0.8571,7,8,8,0,0,8,8,0.0000
4,24.0000,9,30,867.4583,-87.3656,0.7315,6,0.1538,1.0000,4,8,8,0,0,8,8,0.0000
4,24.0000,9,31,446.8649,-83.2547,-0.2805,11,0.2821,1.0000,8,7,6,0,0,7,6,0.1429
4,24.0000,9,32,303.4007,-79.5654,0.3571,16,0.4103,0.8571,7,7,6,0,0,7,6,0.1429
4,24.0000,9,33,251.5146,-76.2798,-0.6220,32,0.8205,0.3333,6,5,1,0,0,5,1,0.8000
4,24.0000,9,37,446.8329,-81.9613,-0.5540,22,0.5641,0.5714,7,8,7,0,0,8,7,0.1250
4,24.0000,9,39,400.4836,-81.4558,0.2178,14,0.3590,1.0000,8,7,4,0,0,7,4,0.4286
4,24.0000,9,41,340.0795,-79.1734,-1.1724,23,0.5897,0.5000,6,6,4,0,0,6,4,0.3333
4,24.0000,9,42,923.5337,-87.3207,0.5962,5,0.1282,1.0000,4,8,8,0,0,8,8,0.0000
4,24.0000,9,43,546.6392,-84.6764,0.5598,6,0.1538,1.0000,8,6,3,0,0,6,3,0.5000
4,24.0000,9,44,785.7694,-87.1845,0.7022,8,0.2051,0.8571,7,8,8,0,0,8,8,0.0000
4,24.0000,9,45,659.1871,-85.7991,-0.3492,6,0.1538,1.0000,8,8,8,0,0,8,8,0.0000
4,24.0000,9,46,475.6923,-83.4264,0.4567,14,0.3590,0.8750,8,8,8,0,0,8,8,0.0000
4,24.0000,10,1,768.4477,-85.6375,-0.4349,11,0.2750,1.0000,8,8,8,0,0,8,8,0.0000
4,24.0000,10,2,483.2723,-85.0229,0.4718,9,0.2250,0.8571,7,8,8,0,0,8,8,0.0000
4,24.0000,10,5,880.9063,-87.2428,0.3026,4,0.1000,1.0000,6,2,2,0,0,2,2,0.0000
4,24.0000,10,8,357.8158,-80.8989,-0.0306,18,0.4500,0.5000,6,5,2,0,0,5,2,0.6000
4,24.0000,10,11,576.1741,-86.0322,-0.7523,3,0.0750,1.0000,20,8,7,0,0,8,7,0.1250
4,24.0000,10,12,438.1927,-83.3332,-0.3290,23,0.5750,0.4000,5,8,7,0,0,8,7,0.1250
4,24.0000,10,13,555.7584,-82.9387,-0.2155,14,0.3500,1.0000,8,8,7,0,0,8,7,0.1250
4,24.0000,10,16,268.7329,-77.3941,-0.5044,30,0.7500,0.3333,6,7,5,0,0,7,5,0.2857
4,24.0000,10,17,745.6889,-88.1975,0.6003,4,0.1000,1.0000,8,7,6,0,0,7,6,0.1429
4,24.0000,10,19,282.8785,-79.2079,-0.5784,20,0.5000,0.8571,7,4,0,0,0,4,0,1.0000
4,24.0000,10,21,876.2926,-88.2420,-0.7628,4,0.1000,1.0000,4,8,8,0,0,8,8,0.0000
4,24.0000,10,25,463.1599,-83.6946,-0.4682,8,0.2000,0.6667,6,8,8,0,0,8,8,0.0000
4,24.0000,10,26,685.1341,-84.4476,1.2627,5,0.1250,1.0000,10,6,5,0,0,6,5,0.1667
4,24.0000,10,27,296.6701,-79.5419,0.2439,22,0.5500,0.6000,10,7,5,0,0,7,5,0.2857
4,24.0000,10,29,497.3695,-82.5198,-1.4757,17,0.4250,0.0000,4,6,4,6,6,12,10,0.1667
4,24.0000,10,31,540.1149,-85.2528,-0.9595,4,0.1000,1.0000,8,8,7,0,0,8,7,0.1250
4,24.0000,10,32,703.3689,-84.8159,-0.1872,3,0.0750,1.0000,8,8,8,0,0,8,8,0.0000
4,24.0000,10,34,713.1374,-85.5505,-0.6981,9,0.2250,1.0000,8,8,8,0,0,8,8,0.0000
4,24.0000,10,35,686.5443,-85.4781,-0.6239,15,0.3750,0.5000,6,7,6,0,0,7,6,0.1429
4,24.0000,10,36,672.2360,-85.8342,-0.5619,16,0.4000,1.0000,8,7,6,0,0,7,6,0.1429
4,24.0000,10,38,1035.4878,-88.5744,-0.0067,4,0.1000,,0,6,6,0,0,6,6,0.0000
4,24.0000,10,40,496.5798,-82.8475,-0.1958,13,0.3250,0.8571,7,8,8,0,0,8,8,0.0000
4,24.0000,10,43,599.2804,-86.0094,0.7252,7,0.1750,1.0000,8,6,3,0,0,6,3,0.5000
4,24.0000,10,47,520.2186,-83.1884,-0.8355,16,0.4000,1.0000,8,8,7,0,0,8,7,0.1250
4,24.0000,11,0,550.2644,-84.2295,-2.3775,7,0.1750,0.8571,7,8,8,0,0,8,8,0.0000
4,24.0000,11,2,508.8605,-84.3168,1.7270,10,0.2500,0.5714,7,6,5,0,0,6,5,0.1667
4,24.0000,11,4,783.9491,-87.4642,0.6965,6,0.1500,1.0000,6,8,8,0,0,8,8,0.0000
4,24.0000,11,6,746.6424,-86.5395,0.4746,4,0.1000,0.8571,7,6,6,0,0,6,6,0.0000
4,24.0000,11,7,731.7592,-86.6708,-0.9967,6,0.1500,1.0000,8,6,6,0,0,6,6,0.0000
4,24.0000,11,8,695.6408,-86.6713,0.6073,6,0.1500,0.6667,6,4,4,0,0,4,4,0.0000
4,24.0000,11,9,536.3686,-84.7676,0.2509,6,0.1500,0.8571,7,8,8,0,0,8,8,0.0000
4,24.0000,11,10,576.1741,-84.6703,0.9233,12,0.3000,1.0000,8,4,4,0,0,4,4,0.0000
4,24.0000,11,12,997.5993,-88.5733,3.7976,3,0.0750,,0,4,4,0,0,4,4,0.0000
4,24.0000,11,13,847.9157,-86.5639,-1.4336,6,0.1500,1.0000,4,4,3,0,0,4,3,0.2500
4,24.0000,11,16,769.3606,-86.6870,-1.0714,8,0.2000,1.0000,4,6,6,0,0,6,6,0.0000
4,24.0000,11,17,330.1638,-80.5678,-0.3000,15,0.3750,0.7778,9,8,7,0,0,8,7,0.1250
4,24.0000,11,18,890.8207,-88.9813,1.8712,4,0.1000,1.0000,4,6,6,0,0,6,6,0.0000
4,24.0000,11,19,382.2573,-81.4139,-0.2497,20,0.5000,0.8750,8,9,6,0,0,9,6,0.3333
4,24.0000,11,20,417.4377,-79.3531,-0.8850,21,0.5250,0.2000,5,8,7,0,0,8,7,0.1250
4,24.0000,11,21,822.5504,-87.1435,-1.5241,4,0.1000,0.8750,8,6,6,0,0,6,6,0.0000
4,24.0000,11,22,575.7904,-84.3859,-1.0125,10,0.2500,1.0000,8,7,6,0,0,7,6,0.1429
4,24.0000,11,23,529.9989,-83.6321,-1.2451,9,0.2250,1.0000,8,7,6,0,0,7,6,0.1429
4,24.0000,11,25,263.0011,-76.3295,-1.1679,31,0.7750,0.5000,6,7,6,0,0,7,6,0.1429
4,24.0000,11,26,719.4923,-87.0396,-0.0523,8,0.2000,1.0000,8,8,8,0,0,8,8,0.0000
4,24.0000,11,27,637.8101,-85.4947,-0.3513,13,0.3250,0.7500,8,7,6,0,0,7,6,0.1429
4,24.0000,11,28,788.1006,-88.5655,-0.3078,3,0.0750,1.0000,2,8,8,0,0,8,8,0.0000
4,24.0000,11,29,676.8145,-84.2054,-0.1169,5,0.1250,1.0000,4,4,4,0,0,4,4,0.0000
4,24.0000,11,31,215.3711,-76.4026,-0.2114,28,0.7000,0.2000,5,5,1,0,0,5,1,0.8000
4,24.0000,11,32,312.6236,-79.0708,0.2559,16,0.4000,0.3333,6,6,3,0,0,6,3,0.5000
4,24.0000,11,33,759.8020,-87.1867,-2.2049,4,0.1000,1.0000,8,7,6,0,0,7,6,0.1429
4,24.0000,11,34,915.2528,-87.8613,-1.2174,3,0.0750,1.0000,6,8,8,0,0,8,8,0.0000
4,24.0000,11,37,817.9287,-87.9959,-0.2150,4,0.1000,1.0000,6,8,8,0,0,8,8,0.0000
4,24.0000,11,38,614.8881,-84.8492,0.0943,9,0.2250,1.0000,8,7,5,0,0,7,5,0.2857
4,24.0000,11,39,307.8026,-80.1143,0.1428,16,0.4000,0.5714,7,6,2,0,0,6,2,0.6667
4,24.0000,11,40,783.7615,-86.3892,0.0729,8,0.2000,0.8750,8,7,6,0,0,7,6,0.1429
4,24.0000,11,41,806.9709,-86.5315,-1.2133,4,0.1000,0.8333,6,8,8,0,0,8,8,0.0000
4,24.0000,11,43,420.3837,-81.8471,-0.1281,13,0.3250,0.6667,9,6,6,0,0,6,6,0.0000
4,24.0000,11,45,577.8956,-83.6030,-1.1525,11,0.2750,0.8750,8,7,5,0,0,7,5,0.2857
4,24.0000,11,46,738.9846,-84.9297,-0.0145,6,0.1500,1.0000,8,8,8,0,0,8,8,0.0000
4,24.0000,11,47,613.2119,-85.4230,-0.4148,7,0.1750,1.0000,4,7,6,0,0,7,6,0.1429
4,24.0000,12,1,520.3618,-84.4389,1.1283,14,0.3500,0.6667,6,6,4,0,0,6,4,0.3333
4,24.0000,12,5,762.3860,-85.6682,-0.7203,5,0.1250,1.0000,8,8,8,0,0,8,8,0.0000
4,24.0000,12,8,539.7689,-84.2455,0.1414,8,0.2000,1.0000,8,7,4,0,0,7,4,0.4286
4,24.0000,12,10,438.1927,-82.5507,-0.1056,13,0.3250,0.7500,8,7,6,0,0,7,6,0.1429
4,24.0000,12,13,535.1153,-85.3933,0.4578,9,0.2250,1.0000,8,5,2,0,0,5,2,0.6000
4,24.0000,12,16,252.8457,-77.3099,-1.1891,29,0.7250,0.2000,5,7,4,0,0,7,4,0.4286
4,24.0000,12,19,705.2018,-87.0847,1.1991,4,0.1000,1.0000,8,8,7,0,0,8,7,0.1250
4,24.0000,12,26,815.9778,-87.6456,0.4055,3,0.0750,1.0000,8,8,8,0,0,8,8,0.0000
4,24.0000,12,27,535.2440,-84.4489,0.9144,7,0.1750,0.8571,7,8,7,0,0,8,7,0.1250
4,24.0000,12,29,622.5121,-84.1269,1.5301,5,0.1250,1.0000,8,8,8,0,0,8,8,0.0000
4,24.0000,12,34,691.7945,-86.3849,0.3901,4,0.1000,0.7143,7,8,7,0,0,8,7,0.1250
4,24.0000,12,35,337.3158,-81.7410,0.2490,24,0.6000,0.6667,6,6,2,0,0,6,2,0.6667
4,24.0000,12,36,449.7777,-83.3503,0.6197,15,0.3750,0.8571,7,7,6,0,0,7,6,0.1429
4,24.0000,12,40,529.5372,-83.2929,0.6231,6,0.1500,0.8571,7,6,4,0,0,6,4,0.3333
4,24.0000,12,47,686.9569,-86.3280,0.5702,7,0.1750,0.7500,8,8,8,0,0,8,8,0.0000
4,24.0000,13,1,342.0132,-80.0405,-0.2746,33,0.8250,0.2000,5,5,1,0,0,5,1,0.8000
4,24.0000,13,2,892.8873,-87.4750,1.8880,3,0.0750,1.0000,4,6,6,0,0,6,6,0.0000
4,24.0000,13,5,392.0256,-80.0612,-0.6398,31,0.7750,0.4000,5,7,4,0,0,7,4,0.4286
4,24.0000,13,10,555.7584,-83.0003,-0.8538,10,0.2500,0.6667,6,8,8,0,0,8,8,0.0000
4,24.0000,13,11,847.9157,-86.8824,-0.5551,3,0.0750,1.0000,8,8,8,0,0,8,8,0.0000
4,24.0000,13,12,535.1153,-86.1526,0.4532,13,0.3250,0.8750,8,7,6,0,0,7,6,0.1429
4,24.0000,13,16,368.5103,-81.8545,0.7528,19,0.4750,0.7500,8,7,6,0,0,7,6,0.1429
4,24.0000,13,19,767.2155,-86.3199,-0.3965,3,0.0750,0.7500,8,8,8,0,0,8,8,0.0000
4,24.0000,13,20,673.0116,-86.6204,-0.3536,6,0.1500,1.0000,8,7,6,0,0,7,6,0.1429
4,24.0000,13,21,654.4474,-86.2817,-0.0390,8,0.2000,1.0000,8,8,8,0,0,8,8,0.0000
4,24.0000,13,25,606.5735,-85.7358,0.9896,7,0.1750,1.0000,6,10,10,0,0,10,10,0.0000
4,24.0000,13,26,347.6770,-80.2309,-0.1706,32,0.8000,0.8571,7,5,1,0,0,5,1,0.8000
4,24.0000,13,27,721.4442,-86.9760,-0.2446,4,0.1000,1.0000,8,8,8,0,0,8,8,0.0000
4,24.0000,13,29,185.9172,-74.4952,-0.3659,35,0.8750,0.2000,5,5,1,0,0,5,1,0.8000
4,24.0000,13,31,904.5210,-86.9337,-0.4393,4,0.1000,1.0000,8,8,8,0,0,8,8,0.0000
4,24.0000,13,34,276.4649,-78.1790,0.3927,36,0.9000,0.2000,5,6,3,0,0,6,3,0.5000
4,24.0000,13,35,453.4754,-82.3933,-0.0225,28,0.7000,0.5714,7,8,7,0,0,8,7,0.1250
4,24.0000,13,36,272.3647,-77.0630,-0.6617,34,0.8500,0.0000,4,5,2,0,0,5,2,0.6000
4,24.0000,13,38,993.1004,-88.3820,-0.3955,3,0.0750,1.0000,8,4,4,0,0,4,4,0.0000
4,24.0000,13,39,1032.1736,-88.7912,-0.3635,3,0.0750,1.0000,8,10,10,0,0,10,10,0.0000
4,24.0000,13,40,490.4079,-82.5067,0.7970,12,0.3000,1.0000,8,7,4,0,0,7,4,0.4286
4,24.0000,13,47,332.1098,-78.2605,0.1878,26,0.6500,0.3333,6,5,4,0,0,5,4,0.2000
4,24.0000,14,3,491.4244,-82.4820,-0.3140,14,0.3590,1.0000,8,5,2,0,0,5,2,0.6000
4,24.0000,14,4,759.5701,-84.6163,-0.7763,5,0.1282,1.0000,8,8,8,0,0,8,8,0.0000
4,24.0000,14,7,668.0980,-85.2465,0.1917,5,0.1282,1.0000,8,8,8,0,0,8,8,0.0000
4,24.0000,14,15,247.0957,-78.3348,-0.0593,26,0.6667,0.2000,5,4,0,0,0,4,0,1.0000
4,24.0000,14,18,624.1393,-86.0034,0.4221,5,0.1282,1.0000,8,8,7,0,0,8,7,0.1250
4,24.0000,14,24,277.6222,-77.6607,0.0828,29,0.7436,0.0000,4,4,0,0,0,4,0,1.0000
4,24.0000,14,28,667.4003,-87.2118,-0.4738,7,0.1795,0.8750,8,8,8,0,0,8,8,0.0000
4,24.0000,14,30,374.4215,-81.4999,-0.2130,22,0.5641,0.7143,7,8,6,0,0,8,6,0.2500
4,24.0000,14,42,315.9861,-80.3354,1.0828,27,0.6923,0.0000,4,5,1,0,0,5,1,0.8000
4,24.0000,14,44,305.9015,-77.5487,-0.2431,25,0.6410,0.4000,5,7,6,0,0,7,6,0.1429
4,24.0000,14,46,645.5332,-84.2710,1.3944,4,0.1026,1.0000,8,8,7,0,0,8,7,0.1250
4,24.0000,15,0,779.1149,-87.5114,-0.6272,4,0.1000,0.8571,7,8,8,0,0,8,8,0.0000
4,24.0000,15,3,272.9714,-77.4491,-0.7963,32,0.8000,0.2000,5,5,2,0,0,5,2,0.6000
4,24.0000,15,4,544.9747,-82.9619,-0.9386,13,0.3250,0.5000,6,8,7,0,0,8,7,0.1250
4,24.0000,15,6,660.9875,-86.1051,-0.4885,7,0.1750,1.0000,7,8,8,0,0,8,8,0.0000
4,24.0000,15,7,524.3989,-82.8599,-0.3885,14,0.3500,0.8571,7,7,6,0,0,7,6,0.1429
4,24.0000,15,14,247.0957,-78.4073,0.2492,34,0.8500,0.2000,5,6,3,0,0,6,3,0.5000
4,24.0000,15,18,560.0095,-84.5809,-0.8545,10,0.2500,0.8750,8,7,6,0,0,7,6,0.1429
4,24.0000,15,24,424.2407,-82.0817,-0.3902,28,0.7000,0.7143,7,8,7,0,0,8,7,0.1250
4,24.0000,15,28,434.6064,-79.9517,-0.9792,21,0.5250,0.8571,7,7,6,0,0,7,6,0.1429
4,24.0000,15,30,459.8041,-82.4547,-0.1605,23,0.5750,0.4000,5,5,2,0,0,5,2,0.6000
4,24.0000,15,33,914.6800,-87.6992,-0.2862,6,0.1500,1.0000,8,8,8,0,0,8,8,0.0000
4,24.0000,15,37,797.9239,-86.0323,1.7285,4,0.1000,1.0000,8,8,8,0,0,8,8,0.0000
4,24.0000,15,41,799.2343,-86.2018,-1.1430,4,0.1000,1.0000,8,8,7,0,0,8,7,0.1250
4,24.0000,15,42,395.7826,-81.4511,0.5758,28,0.7000,0.4286,7,5,2,0,0,5,2,0.6000
4,24.0000,15,44,263.2030,-77.1121,0.2682,31,0.7750,0.5000,6,6,3,0,0,6,3,0.5000
4,24.0000,15,46,486.6040,-84.0388,0.5198,11,0.2750,0.8571,7,8,8,0,0,8,8,0.0000
4,24.0000,16,1,508.6476,-83.2466,0.0337,23,0.5750,1.0000,8,7,6,0,0,7,6,0.1429
4,24.0000,16,2,651.3580,-85.8463,2.0858,4,0.1000,1.0000,8,8,8,0,0,8,8,0.0000
4,24.0000,16,5,656.4879,-85.7131,0.5669,11,0.2750,0.8750,8,7,6,0,0,7,6,0.1429
4,24.0000,16,8,436.5328,-82.8198,0.0907,14,0.3500,0.8750,8,8,7,0,0,8,7,0.1250
4,24.0000,16,10,268.7329,-77.5319,-0.1498,35,0.8750,0.2000,5,7,6,0,0,7,6,0.1429
4,24.0000,16,11,769.3606,-87.7703,1.1196,3,0.0750,1.0000,8,8,8,0,0,8,8,0.0000
4,24.0000,16,12,252.8457,-76.9716,-0.4105,37,0.9250,0.4000,5,5,1,0,0,5,1,0.8000
4,24.0000,16,13,368.5103,-81.9431,0.8286,21,0.5250,0.5714,7,7,5,0,0,7,5,0.2857
4,24.0000,16,19,530.1634,-84.5257,-0.4451,7,0.1750,1.0000,8,6,4,0,0,6,4,0.3333
4,24.0000,16,20,736.3718,-87.7745,1.6182,4,0.1000,1.0000,6,7,6,0,0,7,6,0.1429
4,24.0000,16,21,798.2772,-86.4698,-1.2584,3,0.0750,1.0000,2,8,7,0,0,8,7,0.1250
4,24.0000,16,25,577.2961,-84.0458,1.7280,4,0.1000,1.0000,8,8,7,0,0,8,7,0.1250
4,24.0000,16,26,592.1637,-84.8882,-0.0589,9,0.2250,0.8571,7,7,6,0,0,7,6,0.1429
4,24.0000,16,27,413.3056,-82.7718,-0.2768,16,0.4000,0.3333,6,5,2,49,34,54,36,0.3333
4,24.0000,16,29,399.5972,-81.6354,-0.0682,18,0.4500,1.0000,8,7,5,0,0,7,5,0.2857
4,24.0000,16,31,749.3053,-86.6748,0.2955,3,0.0750,0.8571,7,8,8,0,0,8,8,0.0000
4,24.0000,16,34,526.1008,-84.1763,-0.0687,10,0.2500,1.0000,8,7,6,0,0,7,6,0.1429
4,24.0000,16,35,438.7232,-82.9526,-0.2013,29,0.7250,0.9000,10,8,7,0,0,8,7,0.1250
4,24.0000,16,36,426.0265,-81.9545,-0.3375,25,0.6250,0.7143,7,7,5,0,0,7,5,0.2857
4,24.0000,16,40,372.2054,-81.6018,1.4722,20,0.5000,0.8750,8,6,3,0,0,6,3,0.5000
4,24.0000,16,43,731.9451,-87.1567,-0.4478,3,0.0750,1.0000,8,8,8,0,0,8,8,0.0000
4,24.0000,16,47,448.5398,-83.2856,-0.3497,10,0.2500,0.8571,7,6,4,0,0,6,4,0.3333
4,24.0000,17,0,496.5792,-84.4300,-1.0195,13,0.3250,0.8571,7,6,4,0,0,6,4,0.3333
4,24.0000,17,2,465.4422,-84.7617,1.2247,12,0.3000,0.6667,6,6,4,0,0,6,4,0.3333
4,24.0000,17,4,590.4929,-85.1623,-0.5452,12,0.3000,1.0000,8,8,8,0,0,8,8,0.0000
4,24.0000,17,6,762.7357,-86.8614,0.5180,9,0.2250,1.0000,8,8,8,0,0,8,8,0.0000
4,24.0000,17,7,690.2482,-85.1614,-0.1548,7,0.1750,1.0000,8,8,8,0,0,8,8,0.0000
4,24.0000,17,8,708.8386,-88.2175,-0.4470,4,0.1000,0.8750,8,6,6,0,0,6,6,0.0000
4,24.0000,17,9,424.9145,-83.1824,1.7541,13,0.3250,0.8571,7,7,6,0,0,7,6,0.1429
4,24.0000,17,10,745.6889,-87.2335,1.1939,8,0.2000,1.0000,8,6,6,0,0,6,6,0.0000
4,24.0000,17,11,330.1638,-79.9220,0.1543,28,0.7000,0.5000,8,7,4,0,0,7,4,0.4286
4,24.0000,17,16,893.0752,-87.3655,0.6710,6,0.1500,1.0000,4,8,7,0,0,8,7,0.1250
4,24.0000,17,18,865.7148,-87.2339,-0.1106,4,0.1000,1.0000,4,6,6,0,0,6,6,0.0000
4,24.0000,17,19,541.1780,-83.8476,0.5370,14,0.3500,0.8571,7,8,8,0,0,8,8,0.0000
4,24.0000,17,20,381.0913,-80.5797,0.5793,22,0.5500,0.8750,8,7,6,0,0,7,6,0.1429
4,24.0000,17,21,707.4740,-84.9843,0.8579,11,0.2750,1.0000,8,6,3,0,0,6,3,0.5000
4,24.0000,17,22,322.7201,-76.3084,-1.5682,29,0.7250,0.4000,5,6,6,0,0,6,6,0.0000
4,24.0000,17,23,321.8148,-78.8618,0.4854,25,0.6250,0.4000,5,7,6,0,0,7,6,0.1429
4,24.0000,17,25,392.4398,-80.1772,0.3644,20,0.5000,0.5000,6,7,5,0,0,7,5,0.2857
4,24.0000,17,26,766.5748,-87.6041,0.2804,6,0.1500,0.7500,4,5,2,0,0,5,2,0.6000
4,24.0000,17,27,678.2188,-85.5380,0.3969,8,0.2000,1.0000,8,8,7,0,0,8,7,0.1250
4,24.0000,17,28,663.7367,-84.7296,0.7024,8,0.2000,1.0000,8,8,8,0,0,8,8,0.0000
4,24.0000,17,29,808.4299,-88.4604,0.0396,4,0.1000,1.0000,3,6,6,0,0,6,6,0.0000
4,24.0000,17,31,285.7381,-79.8339,0.7272,25,0.6250,0.4000,5,5,1,0,0,5,1,0.8000
4,24.0000,17,32,199.7257,-76.0558,0.2189,29,0.7250,0.2000,5,6,3,0,0,6,3,0.5000
4,24.0000,17,33,675.3138,-86.5973,-0.2593,9,0.2250,1.0000,6,8,8,0,0,8,8,0.0000
4,24.0000,17,34,941.1975,-88.0807,-6.8001,4,0.1000,1.0000,4,4,4,0,0,4,4,0.0000
4,24.0000,17,37,823.1085,-86.5410,-0.3501,7,0.1750,0.8571,7,2,2,0,0,2,2,0.0000
4,24.0000,17,38,501.6130,-82.8557,0.0211,14,0.3500,0.8750,8,7,6,0,0,7,6,0.1429
4,24.0000,17,39,161.6166,-74.3908,0.5578,33,0.8250,0.2000,5,5,1,0,0,5,1,0.8000
4,24.0000,17,40,760.0658,-86.3974,2.1448,6,0.1500,1.0000,6,7,5,0,0,7,5,0.2857
4,24.0000,17,41,744.3069,-86.3715,-0.5487,8,0.2000,1.0000,6,8,8,0,0,8,8,0.0000
4,24.0000,17,43,250.3154,-78.4747,0.7053,25,0.6250,0.4000,5,6,2,0,0,6,2,0.6667
4,24.0000,17,45,356.2291,-79.2163,-0.2367,26,0.6500,0.5000,6,7,6,0,0,7,6,0.1429
4,24.0000,17,46,681.9459,-85.2722,-0.4128,13,0.3250,0.8750,8,8,8,0,0,8,8,0.0000
4,24.0000,17,47,659.6304,-85.2730,1.4216,6,0.1500,0.7500,4,8,8,0,0,8,8,0.0000
4,24.0000,18,0,387.4718,-83.6945,0.3261,10,0.2500,0.8571,7,5,2,0,0,5,2,0.6000
4,24.0000,18,3,734.7263,-86.0722,0.8449,8,0.2000,1.0000,8,6,6,0,0,6,6,0.0000
4,24.0000,18,4,600.5548,-84.5590,0.1967,8,0.2000,1.0000,8,8,8,0,0,8,8,0.0000
4,24.0000,18,6,164.4114,-76.8883,1.8903,31,0.7750,0.0000,4,3,0,0,0,3,0,1.0000
4,24.0000,18,7,210.9097,-78.6236,1.5330,19,0.4750,0.3333,6,6,3,0,0,6,3,0.5000
4,24.0000,18,9,550.4529,-83.7289,-0.7786,7,0.1750,1.0000,8,8,8,0,0,8,8,0.0000
4,24.0000,18,14,624.1393,-86.0053,-0.3900,14,0.3500,0.5714,7,8,7,0,0,8,7,0.1250
4,24.0000,18,15,560.0095,-83.9598,-0.3198,14,0.3500,0.6667,6,8,8,0,0,8,8,0.0000
4,24.0000,18,22,839.1889,-88.0171,1.8671,3,0.0750,1.0000,8,8,8,0,0,8,8,0.0000
4,24.0000,18,23,702.2494,-87.1397,-1.0990,4,0.1000,1.0000,8,8,8,0,0,8,8,0.0000
4,24.0000,18,24,482.6407,-82.9230,-0.0170,23,0.5750,0.8750,8,6,3,0,0,6,3,0.5000
4,24.0000,18,28,547.1163,-85.6425,2.6491,6,0.1500,1.0000,8,7,6,0,0,7,6,0.1429
4,24.0000,18,30,417.2554,-82.1400,-0.0169,27,0.6750,0.7143,7,5,2,0,0,5,2,0.6000
4,24.0000,18,32,803.7395,-87.4309,-0.6064,4,0.1000,1.0000,8,8,8,0,0,8,8,0.0000
4,24.0000,18,33,444.3973,-83.2295,0.0681,16,0.4000,0.8571,7,7,5,0,0,7,5,0.2857
4,24.0000,18,37,241.7955,-78.6646,0.4418,27,0.6750,0.2000,5,6,4,0,0,6,4,0.3333
4,24.0000,18,41,301.0230,-80.2161,1.1383,26,0.6500,0.4000,5,7,4,0,0,7,4,0.4286
4,24.0000,18,42,527.2519,-83.0837,0.3245,16,0.4000,0.5000,6,7,6,0,0,7,6,0.1429
4,24.0000,18,44,327.7295,-80.8785,0.5812,26,0.6500,0.6667,6,6,3,0,0,6,3,0.5000
4,24.0000,18,45,932.5044,-87.7750,-0.0679,3,0.0750,1.0000,8,8,8,0,0,8,8,0.0000
4,24.0000,18,46,251.7074,-79.3633,1.4609,16,0.4000,0.5000,6,4,0,0,0,4,0,1.0000
4,24.0000,19,2,298.0651,-79.8879,0.2840,23,0.5750,0.5000,6,8,7,0,0,8,7,0.1250
4,24.0000,19,8,379.9268,-81.7454,0.5119,21,0.5250,0.8571,7,6,4,0,0,6,4,0.3333
4,24.0000,19,9,703.4238,-86.3754,-1.3050,3,0.0750,0.8333,6,6,6,0,0,6,6,0.0000
4,24.0000,19,10,282.8785,-78.5923,-0.0566,26,0.6500,0.2000,5,8,7,0,0,8,7,0.1250
4,24.0000,19,11,382.2573,-81.1518,0.3006,7,0.1750,1.0000,8,6,3,0,0,6,3,0.5000
4,24.0000,19,12,705.2018,-87.0894,-1.3290,7,0.1750,1.0000,8,8,8,0,0,8,8,0.0000
4,24.0000,19,13,767.2155,-87.1540,-0.7286,4,0.1000,0.8750,8,4,4,0,0,4,4,0.0000
4,24.0000,19,16,530.1634,-83.5354,-0.5380,14,0.3500,1.0000,8,8,8,0,0,8,8,0.0000
4,24.0000,19,17,541.1780,-84.3887,-1.0100,3,0.0750,0.8571,7,8,8,0,0,8,8,0.0000
4,24.0000,19,20,618.5242,-84.2527,0.9845,3,0.0750,1.0000,8,6,4,0,0,6,4,0.3333
4,24.0000,19,21,902.7116,-88.1410,-4.9415,3,0.0750,1.0000,6,8,8,0,0,8,8,0.0000
4,24.0000,19,23,665.8860,-85.0258,0.8089,3,0.0750,1.0000,8,8,7,0,0,8,7,0.1250
4,24.0000,19,25,390.8100,-79.7794,-0.4869,13,0.3250,0.7500,8,8,8,0,0,8,8,0.0000
4,24.0000,19,27,310.7372,-78.4375,-0.4180,31,0.7750,0.4000,5,6,3,0,0,6,3,0.5000
4,24.0000,19,29,655.1429,-84.1188,-1.0483,5,0.1250,1.0000,8,8,7,0,0,8,7,0.1250
4,24.0000,19,31,285.5316,-79.0831,0.0202,19,0.4750,0.5000,6,7,5,0,0,7,5,0.2857
4,24.0000,19,32,448.6104,-83.6722,-4.6685,3,0.0750,0.8750,8,8,7,0,0,8,7,0.1250
4,24.0000,19,36,931.3398,-87.8925,-1.1698,5,0.1250,,0,6,6,0,0,6,6,0.0000
4,24.0000,19,39,616.2571,-86.1175,-6.6277,3,0.0750,1.0000,8,8,7,0,0,8,7,0.1250
4,24.0000,19,40,615.5322,-84.9298,0.0845,11,0.2750,1.0000,8,7,6,0,0,7,6,0.1429
4,24.0000,19,43,419.2502,-81.7322,-1.1643,7,0.1750,1.0000,8,7,6,0,0,7,6,0.1429
4,24.0000,19,47,613.8242,-84.2702,-1.5240,9,0.2250,0.8571,7,7,6,0,0,7,6,0.1429
4,24.0000,20,0,817.7005,-85.4310,-1.1135,9,0.2308,1.0000,8,8,8,0,0,8,8,0.0000
4,24.0000,20,2,639.1684,-86.8124,-0.5178,4,0.1026,1.0000,8,7,6,0,0,7,6,0.1429
4,24.0000,20,3,1138.2894,-88.4098,-0.4361,4,0.1026,,0,4,4,0,0,4,4,0.0000
4,24.0000,20,4,804.5770,-87.7909,-0.4653,7,0.1795,1.0000,2,8,8,0,0,8,8,0.0000
4,24.0000,20,5,828.9894,-86.2962,0.0484,6,0.1538,1.0000,4,6,6,0,0,6,6,0.0000
4,24.0000,20,8,744.5715,-86.1967,-0.0581,4,0.1026,1.0000,8,8,8,0,0,8,8,0.0000
4,24.0000,20,9,790.6607,-87.4071,-0.8276,3,0.0769,1.0000,6,4,4,0,0,4,4,0.0000
4,24.0000,20,10,683.8377,-85.6070,-0.9138,7,0.1795,0.7500,4,4,4,0,0,4,4,0.0000
4,24.0000,20,11,417.4377,-81.0445,-1.4546,16,0.4103,0.6667,6,8,7,0,0,8,7,0.1250
4,24.0000,20,13,673.0116,-87.3708,-0.2712,5,0.1282,0.8571,7,10,10,0,0,10,10,0.0000
4,24.0000,20,16,736.3718,-86.0793,-0.8553,3,0.0769,1.0000,8,6,6,0,0,6,6,0.0000
4,24.0000,20,17,381.0913,-80.3054,-0.1738,18,0.4615,0.6667,6,7,6,0,0,7,6,0.1429
4,24.0000,20,19,618.5242,-84.3292,0.2964,10,0.2564,1.0000,6,8,8,0,0,8,8,0.0000
4,24.0000,20,21,424.2437,-82.1594,-0.1440,17,0.4359,0.8571,7,7,6,0,0,7,6,0.1429
4,24.0000,20,22,476.8824,-82.1673,-1.0176,17,0.4359,0.8571,7,6,4,73,68,79,72,0.0886
4,24.0000,20,23,702.9036,-84.9100,0.4208,10,0.2564,1.0000,8,8,8,0,0,8,8,0.0000
4,24.0000,20,25,248.5027,-75.9303,-0.3171,25,0.6410,0.5000,6,7,4,0,0,7,4,0.4286
4,24.0000,20,26,406.2492,-82.8592,1.0614,12,0.3077,0.5000,6,7,5,0,0,7,5,0.2857
4,24.0000,20,27,712.8008,-85.4568,-1.7431,4,0.1026,0.8571,7,8,8,0,0,8,8,0.0000
4,24.0000,20,28,836.9567,-87.3675,1.4811,4,0.1026,1.0000,8,8,8,0,0,8,8,0.0000
4,24.0000,20,29,508.1327,-83.7687,0.7879,8,0.2051,0.8571,7,8,8,0,0,8,8,0.0000
4,24.0000,20,31,500.8852,-83.4023,-1.2410,11,0.2821,1.0000,8,7,6,0,0,7,6,0.1429
4,24.0000,20,32,537.5280,-82.9905,-0.7401,11,0.2821,1.0000,8,8,7,54,54,62,61,0.0161
4,24.0000,20,34,624.5541,-85.9850,0.3721,7,0.1795,0.8750,8,8,8,0,0,8,8,0.0000
4,24.0000,20,35,1080.2604,-88.4877,-0.3350,3,0.0769,1.0000,6,6,6,0,0,6,6,0.0000
4,24.0000,20,38,365.9675,-80.8130,-0.1182,22,0.5641,1.0000,8,6,4,0,0,6,4,0.3333
4,24.0000,20,39,416.2758,-82.4532,0.8307,12,0.3077,0.9392,148,8,8,14,13,22,21,0.0455
4,24.0000,20,40,612.2664,-85.1057,-0.6283,6,0.1538,1.0000,8,7,6,0,0,7,6,0.1429
4,24.0000,20,43,447.9544,-80.8352,-0.2861,14,0.3590,0.7083,24,8,7,0,0,8,7,0.1250
4,24.0000,20,45,398.7768,-82.3726,0.6969,16,0.4103,0.5714,7,6,4,0,0,6,4,0.3333
4,24.0000,20,46,936.0641,-88.0009,-1.6878,6,0.1538,1.0000,8,6,6,0,0,6,6,0.0000
4,24.0000,20,47,359.2130,-81.6625,-0.4880,12,0.3077,0.8571,7,6,4,0,0,6,4,0.3333
4,24.0000,21,0,1188.3984,-89.0883,0.2600,3,0.0750,1.0000,8,6,6,0,0,6,6,0.0000
4,24.0000,21,1,841.0967,-87.3202,-4.2319,3,0.0750,1.0000,8,7,6,0,0,7,6,0.1429
4,24.0000,21,5,582.8034,-84.9466,0.3227,9,0.2250,0.8750,8,6,6,0,0,6,6,0.0000
4,24.0000,21,11,822.5504,-87.0639,1.2561,5,0.1250,1.0000,8,6,6,0,0,6,6,0.0000
4,24.0000,21,13,654.4474,-86.4125,-0.3458,7,0.1750,0.8571,7,6,3,0,0,6,3,0.5000
4,24.0000,21,16,798.2772,-87.1273,-0.6631,5,0.1250,1.0000,8,8,8,0,0,8,8,0.0000
4,24.0000,21,17,707.4740,-85.6972,-0.8841,5,0.1250,1.0000,8,7,6,0,0,7,6,0.1429
4,24.0000,21,20,424.2437,-83.1928,0.8881,13,0.3250,1.0000,8,6,3,0,0,6,3,0.5000
4,24.0000,21,22,729.7978,-84.8398,0.4097,6,0.1500,1.0000,8,8,8,0,0,8,8,0.0000
4,24.0000,21,25,599.7571,-85.9247,-0.9579,6,0.1500,1.0000,8,7,6,0,0,7,6,0.1429
4,24.0000,21,26,372.9829,-81.1115,0.3987,18,0.4500,0.7500,8,8,7,0,0,8,7,0.1250
4,24.0000,21,27,849.9279,-87.3792,1.0517,5,0.1250,0.8571,7,8,8,0,0,8,8,0.0000
4,24.0000,21,29,582.7158,-86.0939,1.1191,8,0.2000,1.0000,8,8,7,0,0,8,7,0.1250
4,24.0000,21,31,848.0527,-87.8137,-0.2123,5,0.1250,1.0000,8,8,8,0,0,8,8,0.0000
4,24.0000,21,32,872.7531,-86.7422,0.4692,6,0.1500,1.0000,8,6,5,0,0,6,5,0.1667
4,24.0000,21,34,440.2520,-81.4101,0.1950,16,0.4000,1.0000,8,8,7,0,0,8,7,0.1250
4,24.0000,21,36,866.2594,-87.5642,-0.0833,6,0.1500,1.0000,4,4,4,0,0,4,4,0.0000
4,24.0000,21,38,597.0376,-84.7635,-0.7285,13,0.3250,0.6667,6,8,8,0,0,8,8,0.0000
4,24.0000,21,39,788.3571,-86.2793,-0.3368,4,0.1000,1.0000,8,8,8,0,0,8,8,0.0000
4,24.0000,21,40,536.2253,-85.1535,0.3348,12,0.3000,0.8571,7,8,7,0,0,8,7,0.1250
4,24.0000,21,43,677.0249,-85.0078,0.1180,7,0.1750,1.0000,8,8,8,0,0,8,8,0.0000
4,24.0000,21,45,635.1291,-85.6183,1.7774,6,0.1500,1.0000,8,8,8,0,0,8,8,0.0000
4,24.0000,21,47,397.8301,-81.2574,0.6700,16,0.4000,1.0000,8,7,6,0,0,7,6,0.1429
4,24.0000,22,0,563.7485,-83.7316,0.0578,11,0.2750,0.8750,8,8,8,0,0,8,8,0.0000
4,24.0000,22,3,746.2508,-86.1571,0.9054,10,0.2500,1.0000,8,6,5,0,0,6,5,0.1667
4,24.0000,22,4,356.1895,-81.6583,0.8047,19,0.4750,0.7500,8,5,1,0,0,5,1,0.8000
4,24.0000,22,6,783.1041,-87.2263,-0.5090,6,0.1500,1.0000,8,8,8,0,0,8,8,0.0000
4,24.0000,22,7,641.0371,-85.7429,0.9781,11,0.2750,1.0000,8,8,8,0,0,8,8,0.0000
4,24.0000,22,9,561.4569,-84.8256,0.3616,12,0.3000,0.8571,7,8,8,0,0,8,8,0.0000
4,24.0000,22,11,575.7904,-83.8667,-1.6762,11,0.2750,1.0000,8,8,8,0,0,8,8,0.0000
4,24.0000,22,15,879.5915,-87.2442,-0.0209,3,0.0750,1.0000,6,2,2,0,0,2,2,0.0000
4,24.0000,22,17,322.7201,-76.8624,-1.0926,23,0.5750,0.6667,6,7,6,0,0,7,6,0.1429
4,24.0000,22,18,839.1889,-88.1616,0.2944,6,0.1500,0.8333,6,4,4,0,0,4,4,0.0000
4,24.0000,22,19,857.0689,-87.7542,0.5947,4,0.1000,1.0000,8,6,6,0,0,6,6,0.0000
4,24.0000,22,20,476.8824,-82.7523,-1.1366,8,0.2000,0.8571,7,6,6,0,0,6,6,0.0000
4,24.0000,22,21,729.7978,-85.3777,-0.0442,7,0.1750,1.0000,8,8,8,0,0,8,8,0.0000
4,24.0000,22,23,475.7748,-81.6361,0.1688,15,0.3750,0.8571,7,8,7,0,0,8,7,0.1250
4,24.0000,22,25,619.0944,-83.2807,0.1422,7,0.1750,0.8571,7,8,8,0,0,8,8,0.0000
4,24.0000,22,27,980.3579,-88.1903,-0.5579,3,0.0750,1.0000,6,2,2,0,0,2,2,0.0000
4,24.0000,22,28,450.5269,-83.9168,0.7766,14,0.3500,1.0000,6,7,5,0,0,7,5,0.2857
4,24.0000,22,30,1055.5735,-87.7192,-0.0749,4,0.1000,,0,4,4,0,0,4,4,0.0000
4,24.0000,22,31,599.4299,-82.7396,-0.5773,8,0.2000,1.0000,8,7,6,0,0,7,6,0.1429
4,24.0000,22,32,488.5101,-80.2425,-1.5531,11,0.2750,0.8571,7,7,6,0,0,7,6,0.1429
4,24.0000,22,33,768.3423,-86.8011,1.3428,6,0.1500,,0,8,8,0,0,8,8,0.0000
4,24.0000,22,37,885.0500,-86.9742,-0.9514,7,0.1750,1.0000,8,2,2,0,0,2,2,0.0000
4,24.0000,22,38,331.2464,-81.7676,0.0893,23,0.5750,0.7143,7,6,4,0,0,6,4,0.3333
4,24.0000,22,39,285.8659,-77.7090,-0.2946,22,0.5500,0.5000,6,6,4,10,5,16,9,0.4375
4,24.0000,22,40,973.1744,-89.1228,0.1853,3,0.0750,1.0000,2,8,8,0,0,8,8,0.0000
4,24.0000,22,41,795.9919,-86.2410,-0.3609,9,0.2250,0.8333,6,6,6,0,0,6,6,0.0000
4,24.0000,22,43,536.6953,-82.9569,-0.7837,9,0.2250,0.8571,7,8,8,0,0,8,8,0.0000
4,24.0000,22,44,889.9920,-87.9554,0.1374,4,0.1000,1.0000,8,6,6,0,0,6,6,0.0000
4,24.0000,22,45,119.8659,-70.7607,0.6274,35,0.8750,0.2000,5,5,1,0,0,5,1,0.8000
4,24.0000,22,46,607.4443,-84.8474,0.6248,9,0.2250,0.8571,7,7,6,0,0,7,6,0.1429
4,24.0000,22,47,821.8905,-86.3151,-0.0839,4,0.1000,0.8750,8,8,8,0,0,8,8,0.0000
4,24.0000,23,0,342.8667,-80.3011,-0.5560,18,0.4500,1.0000,8,7,6,0,0,7,6,0.1429
4,24.0000,23,2,529.2029,-83.4508,0.1159,11,0.2750,0.8571,7,8,8,0,0,8,8,0.0000
4,24.0000,23,4,568.7436,-85.3915,-0.2051,12,0.3000,0.5714,7,8,7,0,0,8,7,0.1250
4,24.0000,23,6,625.5386,-85.6140,-0.0601,8,0.2000,0.8571,7,8,8,6,6,14,14,0.0000
4,24.0000,23,7,582.7612,-84.7334,-0.7411,12,0.3000,0.8571,7,8,7,0,0,8,7,0.1250
4,24.0000,23,8,826.7974,-87.6546,-0.2292,3,0.0750,1.0000,6,5,4,0,0,5,4,0.2000
4,24.0000,23,9,178.5351,-78.4130,1.2411,26,0.6500,0.3333,6,6,2,0,0,6,2,0.6667
4,24.0000,23,11,529.9989,-83.8002,-0.0369,8,0.2000,0.8571,7,8,8,0,0,8,8,0.0000
4,24.0000,23,15,1017.3768,-88.1939,0.4325,3,0.0750,1.0000,4,2,2,0,0,2,2,0.0000
4,24.0000,23,17,321.8148,-78.9206,-1.0198,24,0.6000,0.8571,7,8,6,0,0,8,6,0.2500
4,24.0000,23,18,702.2494,-87.3370,-0.3641,7,0.1750,1.0000,8,4,4,0,0,4,4,0.0000
4,24.0000,23,19,665.8860,-86.2203,0.5633,7,0.1750,0.8571,7,8,8,0,0,8,8,0.0000
4,24.0000,23,20,702.9036,-85.1415,-1.2299,5,0.1250,1.0000,8,6,6,0,0,6,6,0.0000
4,24.0000,23,22,475.7748,-81.8774,-1.1175,12,0.3000,0.5000,6,7,6,0,0,7,6,0.1429
4,24.0000,23,25,677.0092,-85.5246,-0.5536,8,0.2000,1.0000,8,8,8,0,0,8,8,0.0000
4,24.0000,23,27,802.8745,-88.6462,-0.3003,3,0.0750,0.8750,8,8,8,0,0,8,8,0.0000
4,24.0000,23,28,669.7806,-86.5018,0.6285,7,0.1750,0.8000,5,5,4,0,0,5,4,0.2000
4,24.0000,23,31,406.4269,-80.9413,0.3391,15,0.3750,1.0000,8,7,6,0,0,7,6,0.1429
4,24.0000,23,32,236.5118,-75.6716,-0.0480,32,0.8000,0.3333,6,6,3,0,0,6,3,0.5000
4,24.0000,23,33,395.9241,-83.1592,0.6119,17,0.4250,0.9306,144,6,3,111,78,117,81,0.3077
4,24.0000,23,34,1236.7863,-89.1746,0.5409,3,0.0750,1.0000,2,2,2,0,0,2,2,0.0000
4,24.0000,23,37,621.5406,-85.7848,-0.7223,8,0.2000,1.0000,8,8,8,0,0,8,8,0.0000
4,24.0000,23,38,760.0214,-87.5594,-0.2941,5,0.1250,0.6667,6,4,4,0,0,4,4,0.0000
4,24.0000,23,39,358.5602,-79.6109,-0.5767,25,0.6250,0.9091,11,7,6,0,0,7,6,0.1429
4,24.0000,23,41,498.1829,-83.7645,-0.5509,17,0.4250,0.8571,7,8,8,8,8,16,16,0.0000
4,24.0000,23,43,414.3691,-82.0344,-0.1066,12,0.3000,0.7143,7,7,6,0,0,7,6,0.1429
4,24.0000,23,44,897.1585,-89.3024,-0.3640,3,0.0750,1.0000,6,6,6,0,0,6,6,0.0000
4,24.0000,23,45,571.0104,-84.4168,-0.3917,11,0.2750,1.0000,8,8,8,0,0,8,8,0.0000
4,24.0000,23,46,588.0397,-84.9888,-0.1112,12,0.3000,1.0000,8,7,6,0,0,7,6,0.1429
4,24.0000,23,47,958.7944,-87.8083,-0.7903,3,0.0750,1.0000,4,4,4,0,0,4,4,0.0000
4,24.0000,24,3,675.8270,-85.3222,-0.5787,10,0.2500,1.0000,8,8,8,0,0,8,8,0.0000
4,24.0000,24,4,793.4539,-86.3914,-0.2020,4,0.1000,1.0000,8,8,8,0,0,8,8,0.0000
4,24.0000,24,6,642.2961,-87.8386,-0.0850,4,0.1000,1.0000,8,7,6,0,0,7,6,0.1429
4,24.0000,24,7,603.4080,-85.0804,0.1392,6,0.1500,1.0000,8,8,8,0,0,8,8,0.0000
4,24.0000,24,14,277.6222,-78.2107,-0.3945,33,0.8250,0.0000,4,6,2,0,0,6,2,0.6667
4,24.0000,24,15,424.2407,-81.9122,-0.0590,17,0.4250,0.7143,7,8,7,0,0,8,7,0.1250
4,24.0000,24,18,482.6407,-82.8220,1.0011,13,0.3250,0.5714,7,7,5,0,0,7,5,0.2857
4,24.0000,24,28,732.9622,-86.5482,-1.8305,4,0.1000,0.8571,7,8,8,0,0,8,8,0.0000
4,24.0000,24,30,138.7257,-72.2342,0.7480,36,0.9000,0.0000,4,4,0,0,0,4,0,1.0000
4,24.0000,24,37,688.0580,-85.3332,1.4642,4,0.1000,1.0000,8,7,6,0,0,7,6,0.1429
4,24.0000,24,41,704.9483,-86.5314,-0.0663,4,0.1000,1.0000,8,8,8,0,0,8,8,0.0000
4,24.0000,24,42,207.3097,-74.7101,0.0766,33,0.8250,0.3333,6,4,0,0,0,4,0,1.0000
4,24.0000,24,44,262.2912,-75.6797,-0.8071,28,0.7000,0.2000,5,5,1,0,0,5,1,0.8000
4,24.0000,24,46,600.8435,-86.8972,0.5248,3,0.0750,0.8571,7,7,6,0,0,7,6,0.1429
4,24.0000,25,0,779.6203,-86.0527,-0.2838,9,0.2250,1.0000,8,8,8,0,0,8,8,0.0000
4,24.0000,25,1,921.4570,-86.6415,0.2643,6,0.1500,,0,4,4,0,0,4,4,0.0000
4,24.0000,25,2,498.6299,-85.6488,1.1710,9,0.2250,0.8750,8,7,6,0,0,7,6,0.1429
4,24.0000,25,4,911.5409,-88.6991,-0.7350,3,0.0750,1.0000,6,4,4,0,0,4,4,0.0000
4,24.0000,25,5,864.0770,-86.5263,-0.3031,5,0.1250,1.0000,6,4,4,0,0,4,4,0.0000
4,24.0000,25,6,994.9744,-88.2977,1.3296,3,0.0750,1.0000,4,8,8,0,0,8,8,0.0000
4,24.0000,25,7,955.0596,-87.7196,-0.3066,6,0.1500,1.0000,8,8,8,0,0,8,8,0.0000
4,24.0000,25,8,589.9656,-87.8994,-1.8179,4,0.1000,0.6667,6,5,2,0,0,5,2,0.6000
4,24.0000,25,9,738.9614,-86.6246,0.8862,10,0.2500,1.0000,8,6,6,0,0,6,6,0.0000
4,24.0000,25,10,463.1599,-82.6893,-0.5011,6,0.1500,0.8571,7,6,3,0,0,6,3,0.5000
4,24.0000,25,11,263.0011,-76.5469,-1.0586,31,0.7750,0.0000,4,6,3,29,20,35,23,0.3429
4,24.0000,25,12,824.6501,-87.5686,-1.7617,4,0.1000,1.0000,6,8,8,0,0,8,8,0.0000
4,24.0000,25,13,606.5735,-85.7655,0.4127,7,0.1750,1.0000,8,8,8,0,0,8,8,0.0000
4,24.0000,25,16,577.2961,-85.8472,0.5213,7,0.1750,0.8000,5,6,4,0,0,6,4,0.3333
4,24.0000,25,17,392.4398,-80.1164,0.6177,18,0.4500,0.8571,7,6,3,0,0,6,3,0.5000
4,24.0000,25,19,390.8100,-79.7142,-0.2896,20,0.5000,0.7143,7,6,4,0,0,6,4,0.3333
4,24.0000,25,20,248.5027,-76.2175,-0.2587,30,0.7500,0.0000,4,4,0,0,0,4,0,1.0000
4,24.0000,25,21,599.7571,-84.8753,0.6721,8,0.2000,0.8571,7,6,4,0,0,6,4,0.3333
4,24.0000,25,22,619.0944,-84.0914,0.4619,7,0.1750,0.9000,10,8,8,0,0,8,8,0.0000
4,24.0000,25,23,677.0092,-84.6676,0.4907,14,0.3500,0.8750,8,8,8,0,0,8,8,0.0000
4,24.0000,25,26,468.4748,-84.4889,1.4186,10,0.2500,1.0000,8,7,6,0,0,7,6,0.1429
4,24.0000,25,27,540.7050,-84.1408,0.2122,13,0.3250,0.6250,8,7,6,0,0,7,6,0.1429
4,24.0000,25,28,933.3897,-87.7018,0.6303,4,0.1000,1.0000,6,8,8,0,0,8,8,0.0000
4,24.0000,25,29,437.0736,-83.1025,0.9386,11,0.2750,0.6667,6,8,6,0,0,8,6,0.2500
4,24.0000,25,31,346.1263,-78.2205,-0.6900,24,0.6000,0.6667,6,5,2,0,0,5,2,0.6000
4,24.0000,25,32,457.2732,-82.4667,0.0706,18,0.4500,0.7143,7,7,4,0,0,7,4,0.4286
4,24.0000,25,34,652.5345,-86.4220,-0.1656,10,0.2500,0.8571,7,7,6,0,0,7,6,0.1429
4,24.0000,25,35,966.8759,-88.0074,-0.3992,4,0.1000,1.0000,6,4,4,0,0,4,4,0.0000
4,24.0000,25,36,852.3174,-86.0020,0.9042,4,0.1000,1.0000,2,8,8,0,0,8,8,0.0000
4,24.0000,25,38,575.3913,-84.7729,0.6526,9,0.2250,0.7143,7,8,8,0,0,8,8,0.0000
4,24.0000,25,39,436.9081,-82.5784,0.7565,16,0.4000,0.8571,7,7,6,0,0,7,6,0.1429
4,24.0000,25,40,561.0507,-84.1633,0.5649,13,0.3250,0.8571,7,7,6,0,0,7,6,0.1429
4,24.0000,25,43,393.0865,-81.3537,0.6088,18,0.4500,0.5000,6,7,4,0,0,7,4,0.4286
4,24.0000,25,45,577.8364,-84.8921,0.2570,13,0.3250,0.8571,7,7,6,0,0,7,6,0.1429
4,24.0000,25,46,952.5449,-87.2869,-0.1936,6,0.1500,1.0000,10,4,4,0,0,4,4,0.0000
4,24.0000,25,47,350.2743,-81.6487,0.4919,15,0.3750,0.8750,8,4,0,0,0,4,0,1.0000
4,24.0000,26,1,626.0048,-84.5562,-0.7060,17,0.4250,0.8750,8,9,8,0,0,9,8,0.1111
4,24.0000,26,5,456.9870,-81.1838,-1.0595,30,0.7500,0.5000,6,7,6,0,0,7,6,0.1429
4,24.0000,26,8,809.7533,-87.0964,-1.6907,3,0.0750,0.8333,6,6,6,0,0,6,6,0.0000
4,24.0000,26,10,685.1341,-84.0023,0.7475,4,0.1000,1.0000,8,7,6,0,0,7,6,0.1429
4,24.0000,26,11,719.4923,-86.7724,1.8418,3,0.0750,1.0000,8,7,6,0,0,7,6,0.1429
4,24.0000,26,12,815.9778,-87.3873,0.0330,3,0.0750,1.0000,6,8,8,0,0,8,8,0.0000
4,24.0000,26,13,347.6770,-80.1864,-0.5718,29,0.7250,0.8571,7,8,7,0,0,8,7,0.1250
4,24.0000,26,16,592.1637,-84.8216,0.2437,8,0.2000,0.9000,10,8,8,0,0,8,8,0.0000
4,24.0000,26,19,782.1688,-86.0717,0.0966,4,0.1000,1.0000,8,8,8,0,0,8,8,0.0000
4,24.0000,26,20,406.2492,-83.0825,-1.4250,5,0.1250,1.0000,8,6,4,0,0,6,4,0.3333
4,24.0000,26,21,372.9829,-81.9288,0.1164,18,0.4500,0.7143,7,5,2,0,0,5,2,0.6000
4,24.0000,26,25,468.4748,-83.0342,0.5521,6,0.1500,0.8750,8,8,7,0,0,8,7,0.1250
4,24.0000,26,27,786.8814,-85.7806,-0.9475,4,0.1000,1.0000,6,8,8,0,0,8,8,0.0000
4,24.0000,26,29,247.0551,-78.4091,1.0906,30,0.7500,0.0000,4,5,1,0,0,5,1,0.8000
4,24.0000,26,32,892.1768,-87.0929,0.3748,4,0.1000,1.0000,8,8,8,0,0,8,8,0.0000
4,24.0000,26,34,271.0674,-75.1973,-1.3734,36,0.9000,0.0000,4,7,5,0,0,7,5,0.2857
4,24.0000,26,35,787.8453,-85.1032,-0.1789,9,0.2250,1.0000,8,8,8,0,0,8,8,0.0000
4,24.0000,26,36,604.2272,-84.3755,0.4771,23,0.5750,0.7500,8,7,6,0,0,7,6,0.1429
4,24.0000,26,38,673.8518,-86.9972,-0.2789,5,0.1250,1.0000,8,8,7,0,0,8,7,0.1250
4,24.0000,26,40,522.5178,-82.9528,0.0444,10,0.2500,1.0000,8,8,8,0,0,8,8,0.0000
4,24.0000,26,43,740.6506,-87.6347,1.5875,4,0.1000,1.0000,8,8,8,0,0,8,8,0.0000
4,24.0000,26,45,772.4250,-87.2098,1.2969,3,0.0750,0.8000,5,7,5,0,0,7,5,0.2857
4,24.0000,26,47,188.6477,-76.3422,0.6828,31,0.7750,0.8571,7,5,1,0,0,5,1,0.8000
4,24.0000,27,1,884.7692,-86.9338,-0.4904,5,0.1250,1.0000,8,6,5,0,0,6,5,0.1667
4,24.0000,27,2,279.8854,-77.6545,0.2945,22,0.5500,0.3333,6,8,7,0,0,8,7,0.1250
4,24.0000,27,8,72.7896,-71.1310,2.3809,29,0.7250,0.3333,6,4,0,0,0,4,0,1.0000
4,24.0000,27,9,892.2755,-86.4668,1.3385,3,0.0750,1.0000,6,4,4,0,0,4,4,0.0000
4,24.0000,27,10,296.6701,-79.0001,0.7107,22,0.5500,0.5000,6,6,3,0,0,6,3,0.5000
4,24.0000,27,11,637.8101,-82.9830,-1.0840,8,0.2000,0.8571,7,8,8,0,0,8,8,0.0000
4,24.0000,27,12,535.2440,-84.2521,-0.3119,15,0.3750,0.8571,7,5,2,0,0,5,2,0.6000
4,24.0000,27,13,721.4442,-85.9066,1.0862,9,0.2250,1.0000,8,7,6,0,0,7,6,0.1429
4,24.0000,27,16,413.3056,-82.3743,0.9275,16,0.4000,0.8571,7,7,5,0,0,7,5,0.2857
4,24.0000,27,17,678.2188,-86.4363,0.6104,4,0.1000,0.8571,7,8,8,0,0,8,8,0.0000
4,24.0000,27,19,310.7372,-78.1840,0.1116,21,0.5250,0.8571,7,7,5,0,0,7,5,0.2857
4,24.0000,27,20,712.8008,-85.0681,-8.5253,3,0.0750,1.0000,8,7,6,0,0,7,6,0.1429
4,24.0000,27,23,802.8745,-86.7495,2.3833,4,0.1000,1.0000,6,8,8,0,0,8,8,0.0000
4,24.0000,27,25,540.7050,-83.6113,0.5518,9,0.2250,1.0000,10,6,3,0,0,6,3,0.5000
4,24.0000,27,26,786.8814,-87.3293,0.5196,4,0.1000,0.8571,7,8,8,0,0,8,8,0.0000
4,24.0000,27,29,670.7608,-86.3588,0.1988,6,0.1500,0.6667,3,6,6,0,0,6,6,0.0000
4,24.0000,27,31,506.0177,-82.1749,0.0678,9,0.2250,0.6667,6,8,8,0,0,8,8,0.0000
4,24.0000,27,32,624.0078,-84.7997,0.5373,5,0.1250,1.0000,8,8,8,0,0,8,8,0.0000
4,24.0000,27,34,783.4978,-86.9399,0.7893,5,0.1250,1.0000,6,8,8,0,0,8,8,0.0000
4,24.0000,27,35,822.0753,-87.8367,-0.1754,5,0.1250,1.0000,8,8,8,0,0,8,8,0.0000
4,24.0000,27,36,828.3590,-88.3844,0.3707,5,0.1250,1.0000,2,8,8,0,0,8,8,0.0000
4,24.0000,27,39,802.9301,-87.1168,-1.1624,4,0.1000,1.0000,8,8,8,0,0,8,8,0.0000
4,24.0000,27,40,416.3326,-82.2445,1.0199,13,0.3250,0.6667,6,7,6,0,0,7,6,0.1429
4,24.0000,27,43,458.5008,-81.8387,0.3138,11,0.2750,0.8571,7,7,6,0,0,7,6,0.1429
4,24.0000,27,47,598.6593,-85.3999,0.5321,9,0.2250,1.0000,8,8,8,0,0,8,8,0.0000
4,24.0000,28,0,508.3135,-84.5909,0.7958,9,0.2250,1.0000,8,7,6,0,0,7,6,0.1429
4,24.0000,28,3,356.9534,-79.1526,-1.5225,32,0.8000,0.2000,5,6,2,0,0,6,2,0.6667
4,24.0000,28,4,176.1352,-75.4679,0.1167,33,0.8250,0.0000,4,4,0,0,0,4,0,1.0000
4,24.0000,28,6,553.6834,-84.9482,0.4210,9,0.2250,0.8571,7,6,3,0,0,6,3,0.5000
4,24.0000,28,7,366.4515,-79.8560,-0.4427,20,0.5000,0.8571,7,7,6,0,0,7,6,0.1429
4,24.0000,28,9,635.5146,-86.9213,0.7882,6,0.1500,1.0000,8,7,5,0,0,7,5,0.2857
4,24.0000,28,11,788.1006,-86.6321,2.9451,3,0.0750,1.0000,6,8,8,0,0,8,8,0.0000
4,24.0000,28,14,667.4003,-85.0650,-1.5377,15,0.3750,1.0000,8,8,8,0,0,8,8,0.0000
4,24.0000,28,15,434.6064,-80.7496,-0.7661,28,0.7000,0.6667,6,8,8,0,0,8,8,0.0000
4,24.0000,28,17,663.7367,-85.6615,-0.4624,5,0.1250,0.8571,7,8,8,0,0,8,8,0.0000
4,24.0000,28,18,547.1163,-85.2621,-0.7607,13,0.3250,0.8333,6,7,6,0,0,7,6,0.1429
4,24.0000,28,20,836.9567,-88.4049,-0.1851,3,0.0750,1.0000,8,8,8,0,0,8,8,0.0000
4,24.0000,28,22,450.5269,-84.1021,0.2112,10,0.2500,0.8571,7,8,7,0,0,8,7,0.1250
4,24.0000,28,23,669.7806,-85.2557,0.7607,5,0.1250,0.8000,5,8,8,0,0,8,8,0.0000
4,24.0000,28,24,732.9622,-85.5757,-1.5120,11,0.2750,0.9000,10,7,5,0,0,7,5,0.2857
4,24.0000,28,25,933.3897,-87.6445,-0.4413,4,0.1000,1.0000,8,2,2,0,0,2,2,0.0000
4,24.0000,28,30,691.0196,-85.5954,-0.3387,10,0.2500,0.8000,5,7,6,0,0,7,6,0.1429
4,24.0000,28,31,858.3633,-86.8153,1.1498,3,0.0750,1.0000,8,8,8,0,0,8,8,0.0000
4,24.0000,28,32,740.0506,-86.8323,-0.4629,7,0.1750,0.8571,7,7,6,0,0,7,6,0.1429
4,24.0000,28,33,723.7493,-86.3405,0.8598,8,0.2000,1.0000,8,7,6,0,0,7,6,0.1429
4,24.0000,28,37,705.4058,-87.0026,-1.8670,6,0.1500,1.0000,8,7,6,0,0,7,6,0.1429
4,24.0000,28,38,589.1205,-85.0039,0.5301,8,0.2000,1.0000,8,8,8,0,0,8,8,0.0000
4,24.0000,28,39,533.0110,-85.9676,1.4464,6,0.1500,1.0000,8,8,7,0,0,8,7,0.1250
4,24.0000,28,41,663.6911,-85.9784,0.3410,7,0.1750,0.8000,5,10,10,0,0,10,10,0.0000
4,24.0000,28,42,658.0259,-85.6838,-0.8002,10,0.2500,1.0000,8,8,8,0,0,8,8,0.0000
4,24.0000,28,44,480.9739,-84.6881,-0.7749,15,0.3750,0.8750,8,5,2,0,0,5,2,0.6000
4,24.0000,28,45,514.4640,-83.5564,0.0081,13,0.3250,0.8750,8,7,6,0,0,7,6,0.1429
4,24.0000,28,46,310.8100,-79.7149,0.0983,21,0.5250,1.0000,8,7,5,0,0,7,5,0.2857
4,24.0000,29,1,525.9165,-82.7568,-0.1445,24,0.5854,0.7143,7,5,2,0,0,5,2,0.6000
4,24.0000,29,5,508.5189,-82.3266,-1.3708,21,0.5122,0.8571,7,8,8,0,0,8,8,0.0000
4,24.0000,29,8,705.0099,-86.6528,0.4048,5,0.1220,1.0000,10,8,8,0,0,8,8,0.0000
4,24.0000,29,10,497.3695,-82.1707,-1.1603,12,0.2927,0.9663,89,5,2,0,0,5,2,0.6000
4,24.0000,29,12,622.5121,-84.8666,0.5601,14,0.3415,0.8571,7,7,4,0,0,7,4,0.4286
4,24.0000,29,13,185.9172,-73.6568,-0.5259,38,0.9268,0.0000,4,4,0,1,0,5,0,1.0000
4,24.0000,29,16,399.5972,-81.4622,0.2123,15,0.3659,0.8571,7,8,7,0,0,8,7,0.1250
4,24.0000,29,19,655.1429,-84.6620,-2.4801,3,0.0732,0.8571,7,8,8,0,0,8,8,0.0000
4,24.0000,29,20,508.1327,-84.9031,-0.0146,6,0.1463,0.8571,7,7,6,0,0,7,6,0.1429
4,24.0000,29,21,582.7158,-85.5995,0.1268,7,0.1707,0.8571,7,7,6,0,0,7,6,0.1429
4,24.0000,29,25,437.0736,-83.4615,1.6038,4,0.0976,1.0000,8,8,8,133,119,141,127,0.0993
4,24.0000,29,26,247.0551,-78.6548,1.0303,32,0.7805,0.5000,6,4,0,0,0,4,0,1.0000
4,24.0000,29,34,332.7561,-80.1085,-0.3611,28,0.6829,0.0000,4,7,6,0,0,7,6,0.1429
4,24.0000,29,35,617.4137,-84.4985,-0.0201,19,0.4634,0.7143,7,8,8,0,0,8,8,0.0000
4,24.0000,29,36,453.2829,-80.5961,-0.7997,28,0.6829,0.2000,5,7,6,0,0,7,6,0.1429
4,24.0000,29,39,859.5503,-86.7643,0.8584,3,0.0732,1.0000,8,8,8,0,0,8,8,0.0000
4,24.0000,29,40,490.7313,-82.7178,0.0210,10,0.2439,1.0000,8,7,5,0,0,7,5,0.2857
4,24.0000,29,43,748.0051,-86.7653,0.7181,3,0.0732,1.0000,6,8,8,0,0,8,8,0.0000
4,24.0000,29,47,214.1559,-75.7165,-0.2354,29,0.7073,0.5690,58,6,3,5,2,11,5,0.5455
4,24.0000,30,3,683.7663,-85.7906,-0.6294,7,0.1750,1.0000,8,8,8,0,0,8,8,0.0000
4,24.0000,30,4,725.3280,-87.1124,-9.3273,3,0.0750,1.0000,8,8,8,0,0,8,8,0.0000
4,24.0000,30,6,581.0511,-84.4045,0.2718,8,0.2000,1.0000,8,7,5,0,0,7,5,0.2857
4,24.0000,30,7,540.9384,-84.8460,0.1268,7,0.1750,1.0000,8,8,8,0,0,8,8,0.0000
4,24.0000,30,14,374.4215,-81.5448,0.2862,31,0.7750,0.2000,5,5,1,0,0,5,1,0.8000
4,24.0000,30,15,459.8041,-83.5949,0.8211,17,0.4250,0.5000,6,7,6,0,0,7,6,0.1429
4,24.0000,30,18,417.2554,-82.2502,-0.2514,22,0.5500,0.7143,7,7,6,0,0,7,6,0.1429
4,24.0000,30,24,138.7257,-72.5703,0.6381,37,0.9250,0.0000,4,5,1,0,0,5,1,0.8000
4,24.0000,30,28,691.0196,-87.8926,0.0797,5,0.1250,1.0000,8,8,8,0,0,8,8,0.0000
4,24.0000,30,33,724.6106,-86.9982,0.8509,3,0.0750,1.0000,8,8,8,0,0,8,8,0.0000
4,24.0000,30,37,605.3444,-85.7109,0.2884,6,0.1500,1.0000,8,8,6,0,0,8,6,0.2500
4,24.0000,30,41,596.3970,-85.2325,1.8078,7,0.1750,1.0000,8,7,6,0,0,7,6,0.1429
4,24.0000,30,42,165.4769,-72.4980,-0.4578,38,0.9500,0.0000,5,5,1,0,0,5,1,0.8000
4,24.0000,30,44,254.5309,-77.9232,-0.3505,33,0.8250,0.2000,5,6,3,0,0,6,3,0.5000
4,24.0000,30,46,540.8335,-85.3052,0.0494,5,0.1250,1.0000,8,8,8,0,0,8,8,0.0000
4,24.0000,31,0,535.5146,-83.1523,0.3297,11,0.2821,0.8571,7,8,8,0,0,8,8,0.0000
4,24.0000,31,2,316.0464,-80.2173,1.0629,26,0.6667,0.4000,5,8,5,0,0,8,5,0.3750
4,24.0000,31,4,814.4824,-85.8335,0.6287,4,0.1026,1.0000,8,6,6,0,0,6,6,0.0000
4,24.0000,31,6,776.6943,-87.8074,0.6787,5,0.1282,0.7143,7,5,4,0,0,5,4,0.2000
4,24.0000,31,7,773.0500,-87.8402,0.6053,5,0.1282,1.0000,6,6,6,0,0,6,6,0.0000
4,24.0000,31,8,556.2011,-84.5169,0.3383,10,0.2564,0.8571,7,7,6,0,0,7,6,0.1429
4,24.0000,31,9,446.8649,-82.9987,0.7437,16,0.4103,0.8750,8,8,7,0,0,8,7,0.1250
4,24.0000,31,10,540.1149,-84.7522,0.1601,16,0.4103,0.7500,8,7,6,33,32,40,38,0.0500
4,24.0000,31,11,215.3711,-75.6979,-0.2113,33,0.8462,0.2000,5,6,2,0,0,6,2,0.6667
4,24.0000,31,12,955.8622,-87.9287,0.2877,3,0.0769,1.0000,4,8,8,0,0,8,8,0.0000
4,24.0000,31,13,904.5210,-86.7679,-0.5554,4,0.1026,1.0000,6,4,4,0,0,4,4,0.0000
4,24.0000,31,16,749.3053,-86.3629,-0.0234,10,0.2564,1.0000,8,7,6,0,0,7,6,0.1429
4,24.0000,31,17,285.7381,-79.0833,0.2084,20,0.5128,0.5000,6,5,1,0,0,5,1,0.8000
4,24.0000,31,18,912.1570,-87.8833,0.1528,6,0.1538,1.0000,4,4,4,0,0,4,4,0.0000
4,24.0000,31,19,285.5316,-79.0713,-0.0788,26,0.6667,0.0000,4,6,3,0,0,6,3,0.5000
4,24.0000,31,20,500.8852,-82.7074,-1.9903,11,0.2821,0.8630,73,8,8,0,0,8,8,0.0000
4,24.0000,31,21,848.0527,-87.2859,-0.7055,6,0.1538,1.0000,8,8,8,0,0,8,8,0.0000
4,24.0000,31,22,599.4299,-83.3144,-1.2804,9,0.2308,1.0000,8,8,8,0,0,8,8,0.0000
4,24.0000,31,23,406.4269,-81.2559,0.8257,18,0.4615,0.8571,7,8,6,0,0,8,6,0.2500
4,24.0000,31,25,346.1263,-79.0593,-1.2227,25,0.6410,0.7500,8,7,5,0,0,7,5,0.2857
4,24.0000,31,26,803.5196,-88.0982,-0.3958,7,0.1795,1.0000,8,4,4,0,0,4,4,0.0000
4,24.0000,31,27,506.0177,-83.1742,0.2316,19,0.4872,0.7500,8,8,8,0,0,8,8,0.0000
4,24.0000,31,28,858.3633,-87.3813,-1.1326,4,0.1026,1.0000,6,8,8,0,0,8,8,0.0000
4,24.0000,31,29,755.3648,-86.2930,0.2102,6,0.1538,0.8571,7,3,1,0,0,3,1,0.6667
4,24.0000,31,32,173.4193,-75.7976,0.9709,31,0.7949,0.2000,5,4,0,0,0,4,0,1.0000
4,24.0000,31,33,674.4667,-86.4114,0.5414,7,0.1795,1.0000,6,7,5,0,0,7,5,0.2857
4,24.0000,31,34,953.2793,-87.5021,-1.5295,4,0.1026,1.0000,6,8,8,0,0,8,8,0.0000
4,24.0000,31,37,802.2715,-87.1474,-0.6181,6,0.1538,1.0000,8,8,8,0,0,8,8,0.0000
4,24.0000,31,38,724.4001,-85.4120,-0.6259,10,0.2564,1.0000,8,8,8,0,0,8,8,0.0000
4,24.0000,31,39,347.1580,-80.3829,0.2684,17,0.4359,0.7143,7,8,6,0,0,8,6,0.2500
4,24.0000,31,40,723.8128,-86.0511,-0.5156,10,0.2564,0.9130,23,8,8,0,0,8,8,0.0000
4,24.0000,31,41,758.1209,-85.7210,0.1354,5,0.1282,1.0000,8,8,8,0,0,8,8,0.0000
4,24.0000,31,43,274.2858,-78.0511,0.6373,26,0.6667,0.6250,56,6,3,9,7,15,10,0.3333
4,24.0000,31,45,626.3878,-85.6480,0.0311,8,0.2051,1.0000,8,8,8,0,0,8,8,0.0000
4,24.0000,31,46,784.8959,-87.2636,0.9227,5,0.1282,0.8571,7,6,6,0,0,6,6,0.0000
4,24.0000,31,47,659.9604,-85.9544,-0.0149,7,0.1795,0.7143,7,8,8,0,0,8,8,0.0000
4,24.0000,32,0,416.4867,-81.6627,-0.7866,16,0.4000,0.8571,7,7,6,0,0,7,6,0.1429
4,24.0000,32,2,379.5408,-81.9865,0.8860,18,0.4500,1.0000,8,7,5,0,0,7,5,0.2857
4,24.0000,32,4,674.7690,-86.0020,-0.3125,12,0.3000,0.7500,8,6,5,0,0,6,5,0.1667
4,24.0000,32,6,687.1370,-86.3666,0.7311,11,0.2750,0.8750,8,7,6,0,0,7,6,0.1429
4,24.0000,32,7,662.3179,-85.8186,0.5359,11,0.2750,1.0000,8,7,6,0,0,7,6,0.1429
4,24.0000,32,8,661.1796,-87.2490,-0.1952,11,0.2750,1.0000,8,8,8,0,0,8,8,0.0000
4,24.0000,32,9,303.4007,-80.2749,0.7483,22,0.5500,0.8333,6,7,5,0,0,7,5,0.2857
4,24.0000,32,10,703.3689,-87.5292,0.0966,10,0.2500,1.0000,8,7,6,0,0,7,6,0.1429
4,24.0000,32,11,312.6236,-80.0960,-0.4596,23,0.5750,0.2000,5,8,8,0,0,8,8,0.0000
4,24.0000,32,13,1036.5202,-89.3740,0.3058,3,0.0750,1.0000,4,4,4,0,0,4,4,0.0000
4,24.0000,32,17,199.7257,-75.2903,-0.3257,31,0.7750,0.0000,4,3,0,0,0,3,0,1.0000
4,24.0000,32,18,803.7395,-87.2957,1.2471,5,0.1250,1.0000,8,6,5,0,0,6,5,0.1667
4,24.0000,32,19,448.6104,-83.0958,0.3444,20,0.5000,1.0000,8,6,3,0,0,6,3,0.5000
4,24.0000,32,20,537.5280,-82.9438,-0.0090,19,0.4750,0.6667,6,7,6,0,0,7,6,0.1429
4,24.0000,32,21,872.7531,-87.7713,-0.9471,9,0.2250,1.0000,8,6,6,0,0,6,6,0.0000
4,24.0000,32,22,488.5101,-82.0864,-0.5999,23,0.5750,1.0000,8,6,4,0,0,6,4,0.3333
4,24.0000,32,23,236.5118,-75.4649,-0.6826,33,0.8250,0.2000,5,8,6,0,0,8,6,0.2500
4,24.0000,32,25,457.2732,-83.0157,-0.9903,20,0.5000,0.7143,7,6,3,0,0,6,3,0.5000
4,24.0000,32,26,892.1768,-88.0616,-0.5350,5,0.1250,1.0000,6,6,6,0,0,6,6,0.0000
4,24.0000,32,27,624.0078,-84.3379,0.1305,11,0.2750,0.6667,6,8,7,0,0,8,7,0.1250
4,24.0000,32,28,740.0506,-87.4744,-0.4998,12,0.3000,0.8571,7,7,5,0,0,7,5,0.2857
4,24.0000,32,29,883.6004,-88.1574,0.4250,10,0.2500,1.0000,4,6,6,0,0,6,6,0.0000
4,24.0000,32,31,173.4193,-75.8029,0.9802,32,0.8000,0.3333,6,4,0,0,0,4,0,1.0000
4,24.0000,32,33,547.3776,-85.1915,0.8908,14,0.3500,0.6667,6,7,5,0,0,7,5,0.2857
4,24.0000,32,37,709.2239,-86.2424,0.4260,11,0.2750,1.0000,8,8,8,0,0,8,8,0.0000
4,24.0000,32,38,685.4925,-86.0635,-0.7573,14,0.3500,0.8571,7,6,3,0,0,6,3,0.5000
4,24.0000,32,39,264.1970,-75.4984,-0.9887,30,0.7500,0.2000,5,6,4,2,1,8,5,0.3750
4,24.0000,32,40,815.3596,-87.6933,0.7716,9,0.2250,1.0000,8,8,8,0,0,8,8,0.0000
4,24.0000,32,41,635.8425,-85.0423,0.0424,14,0.3500,0.6667,6,10,10,0,0,10,10,0.0000
4,24.0000,32,43,268.8272,-79.8010,0.6676,27,0.6750,0.5000,6,5,1,0,0,5,1,0.8000
4,24.0000,32,45,543.5782,-82.8999,0.1143,15,0.3750,0.8750,8,8,8,0,0,8,8,0.0000
4,24.0000,32,46,670.2562,-85.6152,-0.7668,13,0.3250,0.8333,6,7,6,0,0,7,6,0.1429
4,24.0000,32,47,760.3533,-86.0539,0.2803,7,0.1750,1.0000,8,8,8,0,0,8,8,0.0000
4,24.0000,33,0,285.2800,-79.3247,0.3260,19,0.4750,0.8750,8,5,1,0,0,5,1,0.8000
4,24.0000,33,4,672.5598,-85.9795,-0.6842,6,0.1500,1.0000,8,8,8,0,0,8,8,0.0000
4,24.0000,33,6,404.3928,-80.5144,0.2790,20,0.5000,0.2500,4,7,4,0,0,7,4,0.4286
4,24.0000,33,7,454.6833,-83.2731,0.5224,12,0.3000,0.8571,7,8,7,0,0,8,7,0.1250
4,24.0000,33,9,251.5146,-76.6185,-0.2587,30,0.7500,0.6667,6,7,4,0,0,7,4,0.4286
4,24.0000,33,11,759.8020,-87.8924,0.3043,4,0.1000,1.0000,8,8,8,0,0,8,8,0.0000
4,24.0000,33,14,1007.3364,-87.3777,-0.1921,4,0.1000,,0,4,4,0,0,4,4,0.0000
4,24.0000,33,15,914.6800,-86.7354,-1.0724,4,0.1000,1.0000,8,6,6,0,0,6,6,0.0000
4,24.0000,33,18,444.3973,-82.6825,1.4431,13,0.3250,0.6667,6,7,3,0,0,7,3,0.5714
4,24.0000,33,19,902.7708,-88.7001,-0.4214,3,0.0750,1.0000,4,4,4,0,0,4,4,0.0000
4,24.0000,33,23,395.9241,-82.6546,0.6813,10,0.2500,1.0000,8,8,7,0,0,8,7,0.1250
4,24.0000,33,24,840.5857,-86.2482,1.2263,4,0.1000,1.0000,5,7,7,0,0,7,7,0.0000
4,24.0000,33,28,723.7493,-87.7296,-0.5933,3,0.0750,1.0000,8,8,7,0,0,8,7,0.1250
4,24.0000,33,30,724.6106,-87.1998,0.0050,8,0.2000,1.0000,2,8,8,0,0,8,8,0.0000
4,24.0000,33,32,547.3776,-84.9652,-0.5405,5,0.1250,1.0000,8,8,8,0,0,8,8,0.0000
4,24.0000,33,37,296.4774,-78.6810,-0.0927,31,0.7750,0.3333,6,8,6,0,0,8,6,0.2500
4,24.0000,33,39,637.3363,-85.5117,-1.1135,4,0.1000,1.0000,8,8,8,0,0,8,8,0.0000
4,24.0000,33,41,148.9927,-73.3020,0.2878,36,0.9000,0.4000,5,4,0,0,0,4,0,1.0000
4,24.0000,33,42,809.0364,-86.2327,0.0284,7,0.1750,1.0000,2,8,8,0,0,8,8,0.0000
4,24.0000,33,44,709.1114,-86.5250,-0.6377,10,0.2500,1.0000,8,8,8,0,0,8,8,0.0000
4,24.0000,33,46,489.2437,-83.9213,-0.1946,11,0.2750,1.0000,8,8,8,0,0,8,8,0.0000
4,24.0000,34,1,407.3187,-82.2621,0.2741,26,0.6500,0.6667,6,6,4,0,0,6,4,0.3333
4,24.0000,34,5,212.4629,-75.0733,-0.1714,34,0.8500,0.0000,4,6,2,0,0,6,2,0.6667
4,24.0000,34,10,713.1374,-85.6304,0.6677,6,0.1500,0.8750,8,8,8,0,0,8,8,0.0000
4,24.0000,34,12,691.7945,-85.9085,0.7841,8,0.2000,1.0000,8,7,6,0,0,7,6,0.1429
4,24.0000,34,13,276.4649,-78.3178,0.1810,30,0.7500,0.2000,5,6,3,0,0,6,3,0.5000
4,24.0000,34,16,526.1008,-84.8274,0.5103,7,0.1750,0.8571,7,7,5,0,0,7,5,0.2857
4,24.0000,34,19,874.3652,-85.9168,-1.1299,4,0.1000,1.0000,6,8,8,0,0,8,8,0.0000
4,24.0000,34,20,624.5541,-86.0614,-1.1764,4,0.1000,0.8750,8,8,8,0,0,8,8,0.0000
4,24.0000,34,21,440.2520,-81.9581,-0.6491,11,0.2750,0.5714,7,8,7,0,0,8,7,0.1250
4,24.0000,34,25,652.5345,-86.3618,0.6745,4,0.1000,1.0000,8,8,7,0,0,8,7,0.1250
4,24.0000,34,26,271.0674,-75.8164,-1.5079,31,0.7750,0.2000,5,5,2,0,0,5,2,0.6000
4,24.0000,34,29,332.7561,-79.6921,-0.9504,22,0.5500,0.4000,5,6,4,0,0,6,4,0.3333
4,24.0000,34,35,608.2194,-84.5701,-0.0925,15,0.3750,0.8750,8,8,8,0,0,8,8,0.0000
4,24.0000,34,36,436.1759,-82.1469,0.0877,26,0.6500,0.7143,7,5,2,0,0,5,2,0.6000
4,24.0000,34,40,426.6341,-80.9479,-0.4454,16,0.4000,0.6667,6,8,8,0,0,8,8,0.0000
4,24.0000,34,47,302.5229,-77.1076,-0.9085,25,0.6250,0.4000,5,8,7,0,0,8,7,0.1250
4,24.0000,35,1,263.9044,-76.8552,-0.1344,33,0.8250,0.3333,6,5,2,0,0,5,2,0.6000
4,24.0000,35,5,592.0608,-83.8713,0.9337,11,0.2750,0.7143,7,8,8,0,0,8,8,0.0000
4,24.0000,35,8,825.7731,-87.8409,-0.5969,3,0.0750,1.0000,8,8,8,0,0,8,8,0.0000
4,24.0000,35,10,686.5443,-85.2433,0.2193,8,0.2000,1.0000,8,8,8,0,0,8,8,0.0000
4,24.0000,35,12,337.3158,-81.4410,0.0827,27,0.6750,0.0000,4,6,3,0,0,6,3,0.5000
4,24.0000,35,13,453.4754,-82.5661,-0.6310,15,0.3750,1.0000,8,7,6,0,0,7,6,0.1429
4,24.0000,35,16,438.7232,-82.4415,-0.2006,17,0.4250,1.0000,8,8,7,0,0,8,7,0.1250
4,24.0000,35,20,1080.2604,-88.1908,0.1042,3,0.0750,1.0000,8,8,8,0,0,8,8,0.0000
4,24.0000,35,26,787.8453,-86.6477,-0.8312,7,0.1750,1.0000,8,6,6,0,0,6,6,0.0000
4,24.0000,35,29,617.4137,-84.8061,-0.3759,9,0.2250,0.8571,7,8,8,0,0,8,8,0.0000
4,24.0000,35,34,608.2194,-84.8334,0.0689,9,0.2250,1.0000,8,8,8,0,0,8,8,0.0000
4,24.0000,35,36,212.9106,-76.7483,0.2050,33,0.8250,0.0000,4,5,1,0,0,5,1,0.8000
4,24.0000,35,40,658.2547,-86.1997,0.7169,7,0.1750,0.8750,8,7,6,0,0,7,6,0.1429
4,24.0000,35,47,730.4583,-85.8992,-0.5598,9,0.2250,1.0000,8,6,4,0,0,6,4,0.3333
4,24.0000,36,1,143.5298,-71.9329,0.2983,36,0.9000,0.0000,4,4,0,0,0,4,0,1.0000
4,24.0000,36,5,427.5702,-81.0734,-0.2329,22,0.5500,0.8571,7,6,4,0,0,6,4,0.3333
4,24.0000,36,10,672.2360,-85.5102,-0.7506,5,0.1250,1.0000,8,8,8,0,0,8,8,0.0000
4,24.0000,36,12,449.7777,-84.0673,0.5881,12,0.3000,0.8750,8,8,8,0,0,8,8,0.0000
4,24.0000,36,13,272.3647,-75.8066,-0.9003,32,0.8000,0.0000,4,6,2,0,0,6,2,0.6667
4,24.0000,36,16,426.0265,-82.6355,-0.5481,17,0.4250,0.6667,6,8,8,0,0,8,8,0.0000
4,24.0000,36,26,604.2272,-83.1798,-2.0336,12,0.3000,1.0000,8,7,6,0,0,7,6,0.1429
4,24.0000,36,29,453.2829,-81.0257,-0.9048,13,0.3250,0.4000,5,8,8,0,0,8,8,0.0000
4,24.0000,36,34,436.1759,-81.9598,0.0559,15,0.3750,0.6250,8,4,1,0,0,4,1,0.7500
4,24.0000,36,35,212.9106,-77.4580,0.3556,37,0.9250,0.2000,5,4,0,0,0,4,0,1.0000
4,24.0000,36,40,604.3051,-86.1103,-1.3253,5,0.1250,1.0000,8,8,8,0,0,8,8,0.0000
4,24.0000,36,47,582.7745,-83.2635,-0.9928,10,0.2500,0.8750,8,8,7,0,0,8,7,0.1250
4,24.0000,37,0,333.5073,-80.8811,0.0978,20,0.5000,0.7143,7,6,2,0,0,6,2,0.6667
4,24.0000,37,3,950.1007,-87.7044,0.1649,3,0.0750,1.0000,4,6,6,0,0,6,6,0.0000
4,24.0000,37,4,726.0394,-85.0654,-0.5432,6,0.1500,1.0000,8,8,7,0,0,8,7,0.1250
4,24.0000,37,6,191.7941,-73.9306,-0.9551,35,0.8750,0.0000,4,4,0,0,0,4,0,1.0000
4,24.0000,37,7,346.1153,-81.3532,0.8896,18,0.4500,0.7143,7,5,1,0,0,5,1,0.8000
4,24.0000,37,9,446.8329,-81.8091,-0.0128,21,0.5250,0.8750,8,6,4,0,0,6,4,0.3333
4,24.0000,37,14,861.0206,-86.3594,1.0391,5,0.1250,1.0000,4,4,4,0,0,4,4,0.0000
4,24.0000,37,15,797.9239,-86.0178,0.6512,5,0.1250,1.0000,6,8,8,0,0,8,8,0.0000
4,24.0000,37,17,823.1085,-87.9432,-0.1277,3,0.0750,1.0000,10,8,8,0,0,8,8,0.0000
4,24.0000,37,18,241.7955,-79.3880,0.8235,28,0.7000,0.5000,6,6,2,0,0,6,2,0.6667
4,24.0000,37,23,621.5406,-85.7519,0.2187,7,0.1750,1.0000,8,8,8,0,0,8,8,0.0000
4,24.0000,37,24,688.0580,-87.4189,-0.2664,7,0.1750,1.0000,8,8,8,0,0,8,8,0.0000
4,24.0000,37,28,705.4058,-86.2436,-0.4499,6,0.1500,1.0000,8,6,6,0,0,6,6,0.0000
4,24.0000,37,30,605.3444,-85.7565,0.5821,12,0.3000,1.0000,8,7,5,0,0,7,5,0.2857
4,24.0000,37,31,802.2715,-86.8115,0.6155,3,0.0750,0.8750,8,8,8,0,0,8,8,0.0000
4,24.0000,37,32,709.2239,-85.4423,0.6565,5,0.1250,1.0000,8,8,8,0,0,8,8,0.0000
4,24.0000,37,33,296.4774,-78.3706,-0.7205,29,0.7250,0.4000,5,6,4,0,0,6,4,0.3333
4,24.0000,37,39,733.1262,-85.1730,-1.0257,6,0.1500,1.0000,10,8,8,0,0,8,8,0.0000
4,24.0000,37,41,178.4918,-75.2273,0.3713,32,0.8000,0.2000,5,5,1,0,0,5,1,0.8000
4,24.0000,37,42,728.1496,-86.7139,0.5116,8,0.2000,1.0000,2,8,7,0,0,8,7,0.1250
4,24.0000,37,44,566.2702,-85.9131,0.4628,14,0.3500,0.8571,7,8,7,0,0,8,7,0.1250
4,24.0000,37,46,400.2613,-82.2563,0.1991,17,0.4250,0.5000,4,7,3,0,0,7,3,0.5714
4,24.0000,38,0,792.4929,-86.0800,0.6727,5,0.1250,1.0000,8,8,8,0,0,8,8,0.0000
4,24.0000,38,3,825.2626,-88.1073,0.0985,6,0.1500,1.0000,6,6,6,0,0,6,6,0.0000
4,24.0000,38,4,579.4947,-86.2257,0.2522,10,0.2500,1.0000,8,7,5,0,0,7,5,0.2857
4,24.0000,38,7,827.5380,-87.3254,-0.1961,5,0.1250,1.0000,6,6,6,0,0,6,6,0.0000
4,24.0000,38,11,614.8881,-86.0518,0.5027,9,0.2250,1.0000,8,8,8,0,0,8,8,0.0000
4,24.0000,38,13,993.1004,-88.2279,-1.0275,5,0.1250,1.0000,6,2,2,0,0,2,2,0.0000
4,24.0000,38,15,995.6454,-87.6823,-1.0242,4,0.1000,1.0000,6,2,2,0,0,2,2,0.0000
4,24.0000,38,17,501.6130,-82.8153,-0.1981,11,0.2750,1.0000,8,8,8,0,0,8,8,0.0000
4,24.0000,38,19,924.6550,-88.1912,-0.3955,4,0.1000,1.0000,4,4,4,0,0,4,4,0.0000
4,24.0000,38,20,365.9675,-82.2793,-0.0846,13,0.3250,0.7143,7,8,6,0,0,8,6,0.2500
4,24.0000,38,21,597.0376,-83.7198,-0.2465,14,0.3500,0.8571,7,8,8,0,0,8,8,0.0000
4,24.0000,38,22,331.2464,-80.2773,0.7512,16,0.4000,1.0000,8,8,6,0,0,8,6,0.2500
4,24.0000,38,23,760.0214,-87.5501,0.6157,4,0.1000,1.0000,8,8,8,0,0,8,8,0.0000
4,24.0000,38,25,575.3913,-83.5291,0.5394,8,0.2000,1.0000,8,8,8,0,0,8,8,0.0000
4,24.0000,38,26,673.8518,-85.7677,0.1747,8,0.2000,1.0000,8,8,8,0,0,8,8,0.0000
4,24.0000,38,28,589.1205,-86.2174,-0.1670,5,0.1250,0.7778,9,8,8,0,0,8,8,0.0000
4,24.0000,38,29,828.6055,-88.1707,-0.3884,3,0.0750,1.0000,4,6,6,0,0,6,6,0.0000
4,24.0000,38,31,724.4001,-85.8270,1.0160,5,0.1250,1.0000,8,8,8,0,0,8,8,0.0000
4,24.0000,38,32,685.4925,-88.5671,-0.6744,5,0.1250,0.8750,8,8,8,0,0,8,8,0.0000
4,24.0000,38,34,911.2955,-87.1560,0.0228,6,0.1500,1.0000,8,4,4,0,0,4,4,0.0000
4,24.0000,38,39,446.4493,-82.2175,1.1738,10,0.2500,0.8571,7,7,5,0,0,7,5,0.2857
4,24.0000,38,40,953.6634,-87.9986,-0.1828,7,0.1750,1.0000,6,6,6,0,0,6,6,0.0000
4,24.0000,38,43,686.8585,-85.9868,1.1267,6,0.1500,1.0000,8,7,6,0,0,7,6,0.1429
4,24.0000,38,45,223.2167,-77.6341,0.6994,25,0.6250,1.0000,8,5,1,0,0,5,1,0.8000
4,24.0000,38,46,791.6898,-87.0878,-0.4933,3,0.0750,1.0000,8,8,8,0,0,8,8,0.0000
4,24.0000,38,47,697.9771,-86.8993,0.4618,5,0.1250,1.0000,6,8,8,0,0,8,8,0.0000
4,24.0000,39,0,405.5832,-80.4270,-1.3270,26,0.6500,0.6667,6,8,8,0,0,8,8,0.0000
4,24.0000,39,2,597.4462,-85.3256,-0.1755,15,0.3750,0.8000,5,5,4,0,0,5,4,0.2000
4,24.0000,39,3,883.0821,-88.1133,-0.7348,7,0.1750,1.0000,8,4,4,0,0,4,4,0.0000
4,24.0000,39,4,492.7601,-84.1895,0.4442,17,0.4250,0.6667,6,6,4,0,0,6,4,0.3333
4,24.0000,39,6,643.5635,-84.8044,-0.0393,16,0.4000,1.0000,8,8,8,0,0,8,8,0.0000
4,24.0000,39,7,560.2611,-83.4022,-1.1338,20,0.5000,0.5000,6,8,8,0,0,8,8,0.0000
4,24.0000,39,8,841.7959,-88.0559,0.3742,5,0.1250,1.0000,6,4,4,0,0,4,4,0.0000
4,24.0000,39,9,400.4836,-83.2783,0.1253,20,0.5000,0.4286,7,6,5,0,0,6,5,0.1667
4,24.0000,39,10,826.6919,-87.6202,0.1766,6,0.1500,1.0000,2,6,6,0,0,6,6,0.0000
4,24.0000,39,11,307.8026,-78.9162,0.8119,25,0.6250,0.4000,5,7,5,0,0,7,5,0.2857
4,24.0000,39,13,1032.1736,-88.2823,0.4707,4,0.1000,1.0000,6,2,2,0,0,2,2,0.0000
4,24.0000,39,15,945.8923,-87.6721,-0.4467,8,0.2000,0.8571,7,2,2,0,0,2,2,0.0000
4,24.0000,39,16,986.9535,-88.3596,-0.1132,5,0.1250,1.0000,4,4,4,0,0,4,4,0.0000
4,24.0000,39,17,161.6166,-73.7708,0.5797,37,0.9250,0.0000,4,4,0,0,0,4,0,1.0000
4,24.0000,39,18,748.4867,-86.6693,-0.9302,7,0.1750,1.0000,6,2,2,0,0,2,2,0.0000
4,24.0000,39,19,616.2571,-85.5688,-0.0021,11,0.2750,1.0000,8,4,4,0,0,4,4,0.0000
4,24.0000,39,20,416.2758,-83.3874,-0.1379,16,0.4000,1.0000,8,8,7,0,0,8,7,0.1250
4,24.0000,39,21,788.3571,-86.2707,0.9207,7,0.1750,0.6667,6,8,8,0,0,8,8,0.0000
4,24.0000,39,22,285.8659,-78.2803,-0.4608,30,0.7500,0.6667,6,8,7,0,0,8,7,0.1250
4,24.0000,39,23,358.5602,-80.1165,-0.6402,27,0.6750,0.4000,5,7,5,0,0,7,5,0.2857
4,24.0000,39,25,436.9081,-82.5080,0.5230,14,0.3500,1.0000,6,8,7,0,0,8,7,0.1250
4,24.0000,39,26,815.5450,-87.3925,0.2704,5,0.1250,1.0000,2,8,8,0,0,8,8,0.0000
4,24.0000,39,27,802.9301,-86.6558,0.2821,6,0.1500,0.8571,7,6,5,0,0,6,5,0.1667
4,24.0000,39,28,533.0110,-84.9299,0.1789,16,0.4000,0.8571,7,8,8,0,0,8,8,0.0000
4,24.0000,39,29,859.5503,-88.8211,-0.1944,5,0.1250,1.0000,8,8,8,0,0,8,8,0.0000
4,24.0000,39,30,1062.4902,-88.7011,5.9922,3,0.0750,,0,5,4,0,0,5,4,0.2000
4,24.0000,39,31,347.1580,-80.4626,-0.0255,23,0.5750,1.0000,8,6,4,0,0,6,4,0.3333
4,24.0000,39,32,264.1970,-75.6709,-1.1386,35,0.8750,0.2000,5,8,6,0,0,8,6,0.2500
4,24.0000,39,33,637.3363,-85.2162,-0.6466,12,0.3000,1.0000,6,10,10,0,0,10,10,0.0000
4,24.0000,39,37,733.1262,-86.6336,-1.3476,14,0.3500,0.8750,8,4,4,0,0,4,4,0.0000
4,24.0000,39,38,446.4493,-83.4153,1.1740,16,0.4000,1.0000,8,7,6,0,0,7,6,0.1429
4,24.0000,39,40,888.9758,-88.5083,-0.1799,6,0.1500,1.0000,8,8,8,0,0,8,8,0.0000
4,24.0000,39,41,675.6207,-85.7087,-0.4130,18,0.4500,0.6667,6,7,6,0,0,7,6,0.1429
4,24.0000,39,43,405.1635,-82.2877,0.3656,21,0.5250,0.7500,8,8,6,0,0,8,6,0.2500
4,24.0000,39,44,895.8681,-88.5584,-0.2953,9,0.2250,1.0000,6,4,4,0,0,4,4,0.0000
4,24.0000,39,45,327.0718,-79.9134,0.3980,24,0.6000,0.7143,7,4,0,0,0,4,0,1.0000
4,24.0000,39,46,549.3656,-82.9431,-0.8154,19,0.4750,0.6667,6,7,6,0,0,7,6,0.1429
4,24.0000,39,47,733.8156,-87.8876,1.3617,4,0.1000,1.0000,6,3,1,0,0,3,1,0.6667
4,24.0000,40,1,603.8873,-84.7206,0.1939,18,0.4500,0.7143,7,6,4,0,0,6,4,0.3333
4,24.0000,40,2,567.2706,-85.2045,0.5798,13,0.3250,0.8571,7,7,5,0,0,7,5,0.2857
4,24.0000,40,5,572.8196,-84.3590,-0.7647,21,0.5250,0.8571,7,8,8,0,0,8,8,0.0000
4,24.0000,40,8,396.2640,-83.1232,1.5874,20,0.5000,0.6667,6,7,4,0,0,7,4,0.4286
4,24.0000,40,10,496.5798,-83.2315,-0.8679,17,0.4250,0.9130,23,7,5,0,0,7,5,0.2857
4,24.0000,40,11,783.7615,-86.8414,-0.4033,7,0.1750,1.0000,8,8,8,0,0,8,8,0.0000
4,24.0000,40,12,529.5372,-85.0598,0.3993,17,0.4250,0.8571,7,7,6,0,0,7,6,0.1429
4,24.0000,40,13,490.4079,-83.8821,0.4510,22,0.5500,0.8889,9,8,7,0,0,8,7,0.1250
4,24.0000,40,16,372.2054,-83.1973,0.2453,22,0.5500,1.0000,8,7,5,134,122,141,127,0.0993
4,24.0000,40,17,760.0658,-86.1576,-0.5099,5,0.1250,1.0000,6,8,8,0,0,8,8,0.0000
4,24.0000,40,19,615.5322,-83.6774,-0.2063,10,0.2500,1.0000,8,8,8,0,0,8,8,0.0000
4,24.0000,40,20,612.2664,-84.3838,-0.1012,11,0.2750,0.7500,8,8,8,0,0,8,8,0.0000
4,24.0000,40,21,536.2253,-84.3553,0.0955,14,0.3500,0.8571,7,8,7,0,0,8,7,0.1250
4,24.0000,40,23,986.7357,-88.4313,-0.0536,4,0.1000,1.0000,4,4,4,0,0,4,4,0.0000
4,24.0000,40,25,561.0507,-84.6081,-0.1378,9,0.2250,0.8571,7,7,6,0,0,7,6,0.1429
4,24.0000,40,26,522.5178,-83.1684,-0.2863,15,0.3750,1.0000,8,7,6,0,0,7,6,0.1429
4,24.0000,40,27,416.3326,-82.3333,0.3575,21,0.5250,0.5714,7,8,7,0,0,8,7,0.1250
4,24.0000,40,29,490.7313,-83.1589,0.0071,19,0.4750,0.8750,8,6,4,0,0,6,4,0.3333
4,24.0000,40,31,723.8128,-86.8615,-0.4922,6,0.1500,1.0000,136,8,8,6,6,14,14,0.0000
4,24.0000,40,32,815.3596,-87.5028,-0.4730,5,0.1250,0.8571,7,8,8,0,0,8,8,0.0000
4,24.0000,40,34,426.6341,-81.5463,0.2596,25,0.6250,0.2000,5,7,6,0,0,7,6,0.1429
4,24.0000,40,35,658.2547,-85.5473,-0.0890,22,0.5500,0.8571,7,8,6,0,0,8,6,0.2500
4,24.0000,40,36,604.3051,-85.4242,0.1763,20,0.5000,1.0000,8,5,2,0,0,5,2,0.6000
4,24.0000,40,38,953.6634,-85.8883,-2.3318,4,0.1000,1.0000,8,6,6,0,0,6,6,0.0000
4,24.0000,40,39,888.9758,-87.7977,-0.7477,3,0.0750,1.0000,8,8,8,0,0,8,8,0.0000
4,24.0000,40,43,572.5246,-83.3549,-1.0956,11,0.2750,1.0000,8,8,8,0,0,8,8,0.0000
4,24.0000,40,47,367.4927,-79.7471,0.0919,26,0.6500,0.2000,5,7,6,0,0,7,6,0.1429
4,24.0000,41,0,278.4785,-78.8809,-0.4266,24,0.6000,0.8571,7,6,4,0,0,6,4,0.3333
4,24.0000,41,2,950.4782,-88.1522,-0.7794,4,0.1000,1.0000,6,6,6,0,0,6,6,0.0000
4,24.0000,41,3,919.6632,-88.0600,0.0863,5,0.1250,1.0000,8,4,4,0,0,4,4,0.0000
4,24.0000,41,4,641.8146,-84.8442,-0.2730,10,0.2500,1.0000,8,8,7,0,0,8,7,0.1250
4,24.0000,41,6,287.0326,-77.9963,-0.3059,33,0.8250,0.5000,6,5,1,0,0,5,1,0.8000
4,24.0000,41,7,353.6703,-81.2276,0.0343,20,0.5000,0.8571,7,7,5,0,0,7,5,0.2857
4,24.0000,41,9,340.0795,-78.3520,-0.7261,28,0.7000,0.5000,6,8,8,0,0,8,8,0.0000
4,24.0000,41,11,806.9709,-87.8597,-0.9020,4,0.1000,1.0000,6,8,8,0,0,8,8,0.0000
4,24.0000,41,14,877.0311,-87.5267,0.6071,8,0.2000,1.0000,2,4,4,0,0,4,4,0.0000
4,24.0000,41,15,799.2343,-84.7792,-0.9072,10,0.2500,1.0000,8,8,8,0,0,8,8,0.0000
4,24.0000,41,17,744.3069,-86.7804,0.0137,6,0.1500,1.0000,8,8,8,0,0,8,8,0.0000
4,24.0000,41,18,301.0230,-80.4766,-0.1804,23,0.5750,0.3333,6,6,2,0,0,6,2,0.6667
4,24.0000,41,20,1088.8307,-88.1026,-0.8943,4,0.1000,1.0000,6,4,4,0,0,4,4,0.0000
4,24.0000,41,22,795.9919,-87.1547,4.6776,3,0.0750,1.0000,10,8,8,0,0,8,8,0.0000
4,24.0000,41,23,498.1829,-83.7223,0.4338,14,0.3500,1.0000,8,8,7,0,0,8,7,0.1250
4,24.0000,41,24,704.9483,-86.9927,-0.8594,9,0.2250,1.0000,8,6,4,0,0,6,4,0.3333
4,24.0000,41,28,663.6911,-85.5668,0.4100,9,0.2250,1.0000,8,7,6,0,0,7,6,0.1429
4,24.0000,41,30,596.3970,-86.2642,0.0907,13,0.3250,1.0000,4,8,7,0,0,8,7,0.1250
4,24.0000,41,31,758.1209,-86.4044,-0.8673,3,0.0750,0.8750,8,8,8,0,0,8,8,0.0000
4,24.0000,41,32,635.8425,-85.1932,-0.7228,7,0.1750,0.8571,7,6,6,0,0,6,6,0.0000
4,24.0000,41,33,148.9927,-72.9253,-0.0206,36,0.9000,0.2000,5,6,2,0,0,6,2,0.6667
4,24.0000,41,37,178.4918,-75.6395,0.3858,35,0.8750,0.2000,5,4,0,0,0,4,0,1.0000
4,24.0000,41,39,675.6207,-86.8256,-0.7011,8,0.2000,0.8571,7,8,8,0,0,8,8,0.0000
4,24.0000,41,42,694.2248,-85.8970,0.7954,14,0.3500,1.0000,2,8,8,0,0,8,8,0.0000
4,24.0000,41,43,886.6423,-87.1252,0.1325,4,0.1000,1.0000,6,8,8,0,0,8,8,0.0000
4,24.0000,41,44,578.1824,-85.7166,0.3810,10,0.2500,1.0000,8,7,6,0,0,7,6,0.1429
4,24.0000,41,45,902.4239,-87.3561,0.9979,4,0.1000,1.0000,8,6,6,0,0,6,6,0.0000
4,24.0000,41,46,394.4958,-82.1324,0.3774,15,0.3750,1.0000,8,8,7,0,0,8,7,0.1250
4,24.0000,42,3,587.5304,-83.8555,0.4671,6,0.1500,1.0000,8,8,8,0,0,8,8,0.0000
4,24.0000,42,6,683.2876,-86.1066,-0.3345,3,0.0750,1.0000,8,7,5,0,0,7,5,0.2857
4,24.0000,42,7,600.1149,-84.2733,-0.2162,3,0.0750,0.8571,7,8,8,0,0,8,8,0.0000
4,24.0000,42,14,315.9861,-79.8647,-0.1461,27,0.6750,0.4286,7,4,0,0,0,4,0,1.0000
4,24.0000,42,15,395.7826,-81.4212,0.5938,14,0.3500,0.4000,5,5,1,0,0,5,1,0.8000
4,24.0000,42,18,527.2519,-83.3261,-0.3303,9,0.2250,0.6667,6,6,4,0,0,6,4,0.3333
4,24.0000,42,24,207.3097,-75.0744,-0.3076,37,0.9250,0.0000,4,4,0,0,0,4,0,1.0000
4,24.0000,42,28,658.0259,-85.3106,-0.8898,4,0.1000,1.0000,8,8,8,0,0,8,8,0.0000
4,24.0000,42,30,165.4769,-72.7103,-0.7711,35,0.8750,0.3333,6,6,2,0,0,6,2,0.6667
4,24.0000,42,44,284.7635,-78.3723,0.0455,31,0.7750,0.4000,5,6,4,0,0,6,4,0.3333
4,24.0000,42,46,584.6504,-85.5637,-0.3246,4,0.1000,1.0000,8,8,8,0,0,8,8,0.0000
4,24.0000,43,0,674.5902,-85.9820,0.2513,4,0.1000,1.0000,8,7,6,0,0,7,6,0.1429
4,24.0000,43,2,248.2790,-79.5437,0.3554,26,0.6500,0.7500,8,5,2,0,0,5,2,0.6000
4,24.0000,43,4,820.3284,-85.9805,-0.7512,4,0.1000,1.0000,6,6,6,0,0,6,6,0.0000
4,24.0000,43,6,950.7081,-87.7242,-0.5153,6,0.1500,0.7500,4,2,2,0,0,2,2,0.0000
4,24.0000,43,8,476.5759,-83.2059,0.0264,15,0.3750,1.0000,8,8,7,0,0,8,7,0.1250
4,24.0000,43,9,546.6392,-84.2612,0.9692,6,0.1500,1.0000,8,8,8,0,0,8,8,0.0000
4,24.0000,43,10,599.2804,-85.4716,-1.0910,9,0.2250,0.8000,5,9,8,0,0,9,8,0.1111
4,24.0000,43,11,420.3837,-82.2071,0.3096,15,0.3750,0.8571,7,5,1,0,0,5,1,0.8000
4,24.0000,43,13,875.3846,-87.5995,1.1457,5,0.1250,0.8750,8,2,2,0,0,2,2,0.0000
4,24.0000,43,16,731.9451,-86.3281,-0.5977,6,0.1500,1.0000,8,5,4,0,0,5,4,0.2000
4,24.0000,43,17,250.3154,-77.8158,0.0730,21,0.5250,0.6667,6,7,3,0,0,7,3,0.5714
4,24.0000,43,19,419.2502,-82.0331,0.4265,16,0.4000,0.5000,6,7,6,0,0,7,6,0.1429
4,24.0000,43,20,447.9544,-81.6811,-0.4862,9,0.2250,0.6667,6,8,8,0,0,8,8,0.0000
4,24.0000,43,21,677.0249,-86.1082,-0.8709,6,0.1500,0.8750,8,8,8,0,0,8,8,0.0000
4,24.0000,43,22,536.6953,-84.7761,-2.5226,11,0.2750,1.0000,8,8,7,0,0,8,7,0.1250
4,24.0000,43,23,414.3691,-81.9910,0.6028,14,0.3500,0.7143,7,8,8,0,0,8,8,0.0000
4,24.0000,43,25,393.0865,-80.7349,-0.5790,14,0.3500,0.7143,7,7,5,0,0,7,5,0.2857
4,24.0000,43,26,740.6506,-87.2040,-0.0958,4,0.1000,0.8750,8,8,8,0,0,8,8,0.0000
4,24.0000,43,27,458.5008,-82.0241,-0.0232,15,0.3750,0.7143,7,7,5,0,0,7,5,0.2857
4,24.0000,43,28,908.9080,-87.7382,-0.2115,5,0.1250,,0,4,4,0,0,4,4,0.0000
4,24.0000,43,29,748.0051,-86.1906,-0.2047,5,0.1250,1.0000,8,6,6,0,0,6,6,0.0000
4,24.0000,43,31,274.2858,-78.9606,0.3492,25,0.6250,0.5000,8,6,4,0,0,6,4,0.3333
4,24.0000,43,32,268.8272,-79.4210,0.3964,19,0.4750,0.5000,6,5,1,0,0,5,1,0.8000
4,24.0000,43,33,784.7331,-87.6817,0.5350,5,0.1250,0.5000,2,8,8,0,0,8,8,0.0000
4,24.0000,43,34,849.2773,-87.8312,1.6328,3,0.0750,1.0000,4,7,6,0,0,7,6,0.1429
4,24.0000,43,37,974.2817,-87.8763,0.7877,3,0.0750,1.0000,4,6,6,0,0,6,6,0.0000
4,24.0000,43,38,686.8585,-84.8278,-0.1505,5,0.1250,1.0000,8,6,6,0,0,6,6,0.0000
4,24.0000,43,39,405.1635,-82.7083,1.1667,11,0.2750,0.8571,7,6,3,0,0,6,3,0.5000
4,24.0000,43,40,572.5246,-82.8678,-1.6668,14,0.3500,1.0000,8,7,6,0,0,7,6,0.1429
4,24.0000,43,45,553.9223,-82.8614,1.0089,8,0.2000,0.7143,7,8,8,0,0,8,8,0.0000
4,24.0000,43,46,905.2213,-88.4912,-0.8302,3,0.0750,0.8000,5,4,3,0,0,4,3,0.2500
4,24.0000,43,47,589.1668,-85.3285,-0.1133,8,0.2000,0.8750,56,8,8,2,2,10,10,0.0000
4,24.0000,44,0,626.5114,-85.5555,-0.4481,4,0.1000,1.0000,8,8,6,0,0,8,6,0.2500
4,24.0000,44,3,493.8533,-83.2304,-0.1601,20,0.5000,0.7500,8,6,4,0,0,6,4,0.3333
4,24.0000,44,4,562.1117,-85.9544,0.0269,6,0.1500,0.8571,7,6,4,0,0,6,4,0.3333
4,24.0000,44,6,463.1056,-84.9439,1.0170,7,0.1750,1.0000,8,5,2,0,0,5,2,0.6000
4,24.0000,44,7,373.6035,-82.2313,0.6321,14,0.3500,0.7143,7,6,3,0,0,6,3,0.5000
4,24.0000,44,14,305.9015,-78.0456,-0.2260,34,0.8500,0.0000,4,5,1,0,0,5,1,0.8000
4,24.0000,44,15,263.2030,-77.6418,-0.0706,32,0.8000,0.4286,7,6,3,0,0,6,3,0.5000
4,24.0000,44,18,327.7295,-81.3092,0.5458,23,0.5750,0.7143,7,7,3,0,0,7,3,0.5714
4,24.0000,44,24,262.2912,-75.8168,-0.8636,34,0.8500,0.2000,5,4,0,0,0,4,0,1.0000
4,24.0000,44,28,480.9739,-83.1973,0.0762,12,0.3000,0.5714,7,7,6,0,0,7,6,0.1429
4,24.0000,44,30,254.5309,-77.4671,-0.0451,34,0.8500,0.0000,4,4,0,0,0,4,0,1.0000
4,24.0000,44,33,709.1114,-87.5748,-0.7324,5,0.1250,1.0000,8,8,8,0,0,8,8,0.0000
4,24.0000,44,37,566.2702,-85.0083,-0.2460,6,0.1500,1.0000,8,7,5,0,0,7,5,0.2857
4,24.0000,44,41,578.1824,-84.9937,0.3089,5,0.1250,1.0000,8,8,8,0,0,8,8,0.0000
4,24.0000,44,42,284.7635,-79.2393,-0.0123,34,0.8500,0.2000,5,5,1,0,0,5,1,0.8000
4,24.0000,44,46,359.1584,-82.3544,1.4520,11,0.2750,0.5000,6,7,4,0,0,7,4,0.4286
4,24.0000,45,0,657.4259,-86.6317,-0.0230,5,0.1250,1.0000,8,8,8,0,0,8,8,0.0000
4,24.0000,45,2,797.2199,-86.2471,0.9002,3,0.0750,1.0000,6,8,8,0,0,8,8,0.0000
4,24.0000,45,3,790.6765,-86.2820,-0.0255,9,0.2250,0.8571,7,6,6,0,0,6,6,0.0000
4,24.0000,45,4,445.1631,-81.8518,-0.7654,15,0.3750,0.8750,8,7,6,0,0,7,6,0.1429
4,24.0000,45,7,728.0936,-84.3341,-1.1869,6,0.1500,1.0000,8,8,8,0,0,8,8,0.0000
4,24.0000,45,9,659.1871,-86.5167,-0.7842,4,0.1000,0.8750,8,8,8,0,0,8,8,0.0000
4,24.0000,45,11,577.8956,-84.5932,0.5559,5,0.1250,1.0000,8,7,6,0,0,7,6,0.1429
4,24.0000,45,15,944.0034,-87.2844,-0.5752,5,0.1250,1.0000,6,2,2,0,0,2,2,0.0000
4,24.0000,45,17,356.2291,-80.3395,-0.8868,12,0.3000,0.8750,8,8,6,0,0,8,6,0.2500
4,24.0000,45,18,932.5044,-88.9311,1.7435,3,0.0750,1.0000,4,4,4,0,0,4,4,0.0000
4,24.0000,45,20,398.7768,-81.1776,1.2366,9,0.2250,0.8571,7,7,5,0,0,7,5,0.2857
4,24.0000,45,21,635.1291,-85.1676,-0.3181,9,0.2250,1.0000,8,8,6,0,0,8,6,0.2500
4,24.0000,45,22,119.8659,-70.7737,0.4920,32,0.8000,0.3333,6,4,0,0,0,4,0,1.0000
4,24.0000,45,23,571.0104,-83.8908,-0.8581,8,0.2000,0.8750,8,7,6,0,0,7,6,0.1429
4,24.0000,45,25,577.8364,-84.2727,0.0277,5,0.1250,1.0000,8,8,7,0,0,8,7,0.1250
4,24.0000,45,26,772.4250,-86.6703,-1.3275,4,0.1000,1.0000,6,6,6,0,0,6,6,0.0000
4,24.0000,45,28,514.4640,-83.2471,-0.9830,11,0.2750,1.0000,8,8,8,0,0,8,8,0.0000
4,24.0000,45,29,906.2095,-87.8546,-0.2746,3,0.0750,1.0000,4,6,6,0,0,6,6,0.0000
4,24.0000,45,31,626.3878,-86.2606,-1.7197,6,0.1500,1.0000,8,8,8,0,0,8,8,0.0000
4,24.0000,45,32,543.5782,-83.5377,0.0277,8,0.2000,0.8571,7,8,8,0,0,8,8,0.0000
4,24.0000,45,38,223.2167,-78.0065,1.2768,28,0.7000,0.4000,5,5,1,0,0,5,1,0.8000
4,24.0000,45,39,327.0718,-79.6702,0.0743,15,0.3750,0.6667,6,7,5,0,0,7,5,0.2857
4,24.0000,45,41,902.4239,-88.5843,-0.7699,4,0.1000,1.0000,4,4,4,0,0,4,4,0.0000
4,24.0000,45,42,1125.1013,-87.7319,-2.4886,4,0.1000,1.0000,2,4,4,0,0,4,4,0.0000
4,24.0000,45,43,553.9223,-84.6127,-0.0907,8,0.2000,0.7143,7,8,8,0,0,8,8,0.0000
4,24.0000,45,46,693.6059,-84.6888,-2.0430,8,0.2000,1.0000,8,6,6,0,0,6,6,0.0000
4,24.0000,45,47,745.6435,-86.7607,-0.2106,3,0.0750,0.8750,8,6,6,0,0,6,6,0.0000
4,24.0000,46,0,298.1517,-77.8910,-0.3938,27,0.6750,0.2000,5,7,6,0,0,7,6,0.1429
4,24.0000,46,2,1047.6148,-88.4037,0.9523,3,0.0750,1.0000,4,8,8,0,0,8,8,0.0000
4,24.0000,46,3,573.7954,-84.5316,-0.8657,22,0.5500,0.8571,7,8,8,0,0,8,8,0.0000
4,24.0000,46,4,377.0339,-79.2398,-0.7764,24,0.6000,0.7143,7,8,7,0,0,8,7,0.1250
4,24.0000,46,6,246.3471,-79.3232,1.9452,30,0.7500,0.5000,6,4,0,0,0,4,0,1.0000
4,24.0000,46,7,56.7558,-61.8621,-0.4622,37,0.9250,0.0000,4,4,0,0,0,4,0,1.0000
4,24.0000,46,9,475.6923,-82.2392,-0.0017,16,0.4000,0.8571,7,8,7,0,0,8,7,0.1250
4,24.0000,46,11,738.9846,-85.7078,0.2672,7,0.1750,1.0000,8,8,8,0,0,8,8,0.0000
4,24.0000,46,14,645.5332,-85.6661,0.5063,18,0.4500,0.8571,7,8,6,0,0,8,6,0.2500
4,24.0000,46,15,486.6040,-83.2120,-0.1442,27,0.6750,0.7143,7,8,8,0,0,8,8,0.0000
4,24.0000,46,17,681.9459,-85.1837,-1.0003,11,0.2750,1.0000,8,8,8,0,0,8,8,0.0000
4,24.0000,46,18,251.7074,-81.1503,1.4644,26,0.6500,0.6667,6,5,1,0,0,5,1,0.8000
4,24.0000,46,19,1051.7292,-89.0802,-0.6316,4,0.1000,1.0000,8,4,4,0,0,4,4,0.0000
4,24.0000,46,20,936.0641,-87.2367,0.8672,6,0.1500,1.0000,8,2,2,0,0,2,2,0.0000
4,24.0000,46,22,607.4443,-84.5391,-0.1629,13,0.3250,1.0000,8,7,5,0,0,7,5,0.2857
4,24.0000,46,23,588.0397,-85.5462,-0.1380,10,0.2500,0.8750,8,8,8,0,0,8,8,0.0000
4,24.0000,46,24,600.8435,-86.0177,0.3426,17,0.4250,0.8750,8,6,4,0,0,6,4,0.3333
4,24.0000,46,25,952.5449,-88.3386,0.6492,4,0.1000,0.8750,8,5,4,0,0,5,4,0.2000
4,24.0000,46,28,310.8100,-79.3930,-1.0473,30,0.7500,0.0000,4,7,4,0,0,7,4,0.4286
4,24.0000,46,30,540.8335,-86.4611,1.2827,17,0.4250,0.8571,7,7,3,0,0,7,3,0.5714
4,24.0000,46,31,784.8959,-86.9397,0.4292,6,0.1500,1.0000,8,8,8,0,0,8,8,0.0000
4,24.0000,46,32,670.2562,-84.6022,0.1556,14,0.3500,0.8571,7,8,6,0,0,8,6,0.2500
4,24.0000,46,33,489.2437,-83.7678,0.5651,21,0.5250,0.8750,8,6,3,0,0,6,3,0.5000
4,24.0000,46,37,400.2613,-83.9245,0.7246,20,0.5000,0.5714,7,6,3,0,0,6,3,0.5000
4,24.0000,46,38,791.6898,-86.7214,0.1363,4,0.1000,1.0000,6,4,4,0,0,4,4,0.0000
4,24.0000,46,39,549.3656,-83.6238,-0.5716,13,0.3250,0.8571,7,8,8,0,0,8,8,0.0000
4,24.0000,46,41,394.4958,-82.0317,0.1197,24,0.6000,1.0000,8,5,2,0,0,5,2,0.6000
4,24.0000,46,42,584.6504,-85.7293,0.5123,17,0.4250,1.0000,4,8,8,0,0,8,8,0.0000
4,24.0000,46,44,359.1584,-82.6554,0.6307,25,0.6250,0.8750,8,4,0,0,0,4,0,1.0000
4,24.0000,46,45,693.6059,-85.3850,0.2505,11,0.2750,1.0000,8,8,8,0,0,8,8,0.0000
4,24.0000,47,0,1111.1221,-88.2613,0.9986,3,0.0750,1.0000,6,4,4,0,0,4,4,0.0000
4,24.0000,47,1,617.8602,-84.3882,-1.4515,26,0.6500,0.8571,7,4,4,0,0,4,4,0.0000
4,24.0000,47,2,675.4197,-85.1806,-0.0036,5,0.1250,1.0000,8,4,2,0,0,4,2,0.5000
4,24.0000,47,5,514.6189,-82.0715,-1.3146,30,0.7500,0.7143,7,6,6,0,0,6,6,0.0000
4,24.0000,47,8,621.8603,-85.8375,-0.6830,7,0.1750,1.0000,8,7,6,0,0,7,6,0.1429
4,24.0000,47,10,520.2186,-83.5529,0.1490,15,0.3750,0.8333,6,7,6,0,0,7,6,0.1429
4,24.0000,47,11,613.2119,-84.1972,-1.6760,5,0.1250,0.9455,55,8,8,6,6,14,14,0.0000
4,24.0000,47,12,686.9569,-86.0724,-0.1056,15,0.3750,1.0000,8,7,6,0,0,7,6,0.1429
4,24.0000,47,13,332.1098,-78.8767,-0.8741,35,0.8750,0.1667,18,6,2,0,0,6,2,0.6667
4,24.0000,47,16,448.5398,-82.3938,0.6529,22,0.5500,0.8571,7,7,6,0,0,7,6,0.1429
4,24.0000,47,19,613.8242,-84.7212,-1.1743,9,0.2250,0.8571,7,8,8,0,0,8,8,0.0000
4,24.0000,47,20,359.2130,-81.5212,0.1165,11,0.2750,0.8571,7,7,5,0,0,7,5,0.2857
4,24.0000,47,21,397.8301,-83.1663,0.5937,17,0.4250,0.8571,7,6,3,0,0,6,3,0.5000
4,24.0000,47,25,350.2743,-80.8707,1.4512,13,0.3250,0.7143,7,5,1,0,0,5,1,0.8000
4,24.0000,47,26,188.6477,-76.3598,0.5852,35,0.8750,0.0000,4,6,2,0,0,6,2,0.6667
4,24.0000,47,27,598.6593,-85.0518,-0.5393,10,0.2500,1.0000,8,7,5,0,0,7,5,0.2857
4,24.0000,47,29,214.1559,-76.0383,0.2462,38,0.9500,0.2000,5,4,0,0,0,4,0,1.0000
4,24.0000,47,31,659.9604,-83.6805,-0.7086,5,0.1250,1.0000,10,7,6,0,0,7,6,0.1429
4,24.0000,47,34,302.5229,-77.3151,-0.9412,32,0.8000,0.4000,5,6,4,0,0,6,4,0.3333
4,24.0000,47,35,730.4583,-85.0369,-0.3839,12,0.3000,0.6667,6,7,6,0,0,7,6,0.1429
4,24.0000,47,36,582.7745,-83.5625,-1.0193,26,0.6500,0.7143,7,8,7,0,0,8,7,0.1250
4,24.0000,47,40,367.4927,-79.5841,-1.2230,26,0.6500,0.3333,6,8,8,0,0,8,8,0.0000
4,24.0000,47,43,589.1668,-85.4795,0.6519,6,0.1500,0.8571,7,8,8,0,0,8,8,0.0000
4,28.0000,0,2,849.4575,-87.3898,0.7297,7,0.1750,1.0000,6,8,8,0,0,8,8,0.0000
4,28.0000,0,3,940.5900,-86.4738,1.5320,5,0.1250,1.0000,8,6,6,0,0,6,6,0.0000
4,28.0000,0,4,623.2633,-85.2612,-0.3315,12,0.3000,0.8571,7,7,6,0,0,7,6,0.1429
4,28.0000,0,6,347.2116,-78.9964,-0.5071,29,0.7250,0.7143,7,7,6,0,0,7,6,0.1429
4,28.0000,0,7,333.1579,-79.0889,-0.1501,29,0.7250,0.7500,8,6,4,0,0,6,4,0.3333
4,28.0000,0,8,1092.8387,-89.3774,-0.0227,3,0.0750,,0,4,4,0,0,4,4,0.0000
4,28.0000,0,9,252.4754,-75.2814,0.0270,35,0.8750,0.7143,7,6,3,0,0,6,3,0.5000
4,28.0000,0,11,594.2415,-85.0702,0.7024,11,0.2750,1.0000,8,7,5,0,0,7,5,0.2857
4,28.0000,0,14,876.6500,-88.5101,0.0542,9,0.2250,0.7500,4,4,4,0,0,4,4,0.0000
4,28.0000,0,15,906.4852,-87.3015,-0.7984,11,0.2750,1.0000,2,6,6,0,0,6,6,0.0000
4,28.0000,0,17,569.1846,-83.7886,-0.0899,12,0.3000,1.0000,8,8,8,0,0,8,8,0.0000
4,28.0000,0,18,296.3738,-80.0214,0.6276,30,0.7500,0.0000,4,5,1,0,0,5,1,0.8000
4,28.0000,0,19,781.7806,-86.8945,0.8670,5,0.1250,1.0000,8,8,8,0,0,8,8,0.0000
4,28.0000,0,20,966.9886,-87.6052,-0.3273,5,0.1250,1.0000,6,6,6,0,0,6,6,0.0000
4,28.0000,0,22,690.8344,-85.0093,-0.6452,11,0.2750,1.0000,8,8,8,0,0,8,8,0.0000
4,28.0000,0,23,321.1154,-79.4228,0.2662,27,0.6750,0.7143,7,6,4,0,0,6,4,0.3333
4,28.0000,0,24,752.1097,-86.9739,-0.3326,11,0.2750,1.0000,6,6,6,0,0,6,6,0.0000
4,28.0000,0,25,916.7871,-87.1868,0.0929,8,0.2000,1.0000,4,4,4,0,0,4,4,0.0000
4,28.0000,0,28,561.5062,-84.2121,0.4183,18,0.4500,0.6667,6,8,8,0,0,8,8,0.0000
4,28.0000,0,30,652.8003,-86.2324,0.1769,11,0.2750,1.0000,8,8,7,0,0,8,7,0.1250
4,28.0000,0,31,552.6243,-84.5284,-0.2497,12,0.3000,0.8571,7,8,8,0,0,8,8,0.0000
4,28.0000,0,32,489.5499,-83.0217,-0.2763,17,0.4250,1.0000,8,8,7,0,0,8,7,0.1250
4,28.0000,0,33,152.6738,-75.6739,1.8983,37,0.9250,0.0000,4,4,0,0,0,4,0,1.0000
4,28.0000,0,37,297.1808,-79.3518,-0.0208,31,0.7750,0.7143,7,6,3,0,0,6,3,0.5000
4,28.0000,0,38,844.7338,-87.4447,-1.0034,7,0.1750,1.0000,4,6,6,0,0,6,6,0.0000
4,28.0000,0,39,550.3777,-83.5156,-0.9227,14,0.3500,0.7143,7,7,4,0,0,7,4,0.4286
4,28.0000,0,41,261.0940,-77.9395,0.6408,32,0.8000,0.2000,5,4,0,0,0,4,0,1.0000
4,28.0000,0,42,777.9764,-86.8545,0.4068,10,0.2500,1.0000,6,8,8,0,0,8,8,0.0000
4,28.0000,0,43,651.4233,-86.4302,0.3499,10,0.2500,1.0000,8,8,8,0,0,8,8,0.0000
4,28.0000,0,44,575.5881,-86.5063,-0.3064,13,0.3250,0.8571,7,8,8,0,0,8,8,0.0000
4,28.0000,0,45,817.8891,-87.1863,-0.2207,8,0.2000,0.8750,8,4,4,0,0,4,4,0.0000
4,28.0000,0,46,367.6901,-80.7437,-0.4972,26,0.6500,0.5000,6,6,4,0,0,6,4,0.3333
4,28.0000,0,47,1095.7230,-88.9313,-0.2775,4,0.1000,1.0000,4,2,2,0,0,2,2,0.0000
4,28.0000,1,2,1035.7309,-88.9570,-0.5120,3,0.0769,1.0000,8,8,8,0,0,8,8,0.0000
4,28.0000,1,5,370.8496,-80.9895,-0.4090,28,0.7179,0.3333,6,6,3,0,0,6,3,0.5000
4,28.0000,1,8,825.6488,-87.3554,-0.4464,4,0.1026,1.0000,8,8,8,0,0,8,8,0.0000
4,28.0000,1,12,505.5882,-84.1969,-0.6993,15,0.3846,0.7143,7,8,7,0,0,8,7,0.1250
4,28.0000,1,13,415.9793,-80.9800,-0.6614,21,0.5385,0.8571,7,8,7,0,0,8,7,0.1250
4,28.0000,1,16,580.8815,-84.9373,1.6913,6,0.1538,1.0000,10,6,4,0,0,6,4,0.3333
4,28.0000,1,21,828.5358,-89.1961,0.1798,3,0.0769,1.0000,8,8,8,0,0,8,8,0.0000
4,28.0000,1,25,889.4526,-87.4768,-0.3077,3,0.0769,1.0000,8,8,8,0,0,8,8,0.0000
4,28.0000,1,26,747.9250,-86.1793,-2.4971,4,0.1026,0.8571,7,7,6,0,0,7,6,0.1429
4,28.0000,1,27,862.2991,-87.9189,2.0663,4,0.1026,1.0000,8,8,8,0,0,8,8,0.0000
4,28.0000,1,29,652.6400,-84.5327,0.3721,9,0.2308,0.8571,7,8,8,0,0,8,8,0.0000
4,28.0000,1,34,410.0034,-82.3020,-0.8779,16,0.4103,0.8750,8,7,5,0,0,7,5,0.2857
4,28.0000,1,35,318.5436,-79.0361,-0.5449,30,0.7692,0.2000,5,6,3,0,0,6,3,0.5000
4,28.0000,1,36,147.8575,-72.2813,0.2055,34,0.8718,0.2000,5,5,1,0,0,5,1,0.8000
4,28.0000,1,40,611.7961,-84.7061,-4.7650,5,0.1282,1.0000,8,8,7,0,0,8,7,0.1250
4,28.0000,1,47,773.5879,-86.4615,0.6359,3,0.0769,1.0000,8,8,8,0,0,8,8,0.0000
4,28.0000,2,0,849.4575,-87.8913,-0.7850,3,0.0750,0.8571,7,6,6,0,0,6,6,0.0000
4,28.0000,2,1,1035.7309,-88.0956,0.2475,3,0.0750,1.0000,6,6,6,0,0,6,6,0.0000
4,28.0000,2,4,1012.4136,-88.5829,-0.6836,3,0.0750,1.0000,4,8,8,0,0,8,8,0.0000
4,28.0000,2,8,252.5892,-77.9770,0.4117,29,0.7250,0.2000,5,5,2,0,0,5,2,0.6000
4,28.0000,2,9,644.7677,-85.6939,0.3043,9,0.2250,1.0000,8,8,8,0,0,8,8,0.0000
4,28.0000,2,10,413.6335,-83.2779,-0.0601,18,0.4500,0.8750,8,8,7,0,0,8,7,0.1250
4,28.0000,2,11,478.8268,-83.5839,0.0326,13,0.3250,0.6667,6,8,7,0,0,8,7,0.1250
4,28.0000,2,12,682.7161,-87.1699,0.3651,12,0.3000,1.0000,6,8,8,0,0,8,8,0.0000
4,28.0000,2,13,749.4321,-87.6214,-0.0666,5,0.1250,1.0000,8,4,4,0,0,4,4,0.0000
4,28.0000,2,16,506.7857,-84.3691,0.7917,13,0.3250,0.6667,6,8,8,0,0,8,8,0.0000
4,28.0000,2,17,380.7315,-82.9352,-0.4692,15,0.3750,1.0000,8,8,6,0,0,8,6,0.2500
4,28.0000,2,19,352.4570,-79.0145,-0.4051,26,0.6500,0.5714,7,7,6,0,0,7,6,0.1429
4,28.0000,2,20,610.6282,-85.2445,1.0508,10,0.2500,1.0000,8,7,6,0,0,7,6,0.1429
4,28.0000,2,21,734.7277,-86.7268,0.2531,8,0.2000,1.0000,8,8,8,0,0,8,8,0.0000
4,28.0000,2,22,836.0723,-87.1840,0.6947,5,0.1250,1.0000,6,6,6,0,0,6,6,0.0000
4,28.0000,2,23,629.7927,-84.8937,-0.6054,11,0.2750,1.0000,8,8,8,0,0,8,8,0.0000
4,28.0000,2,25,442.4198,-84.6290,-0.3386,14,0.3500,1.0000,8,7,6,2,2,9,8,0.1111
4,28.0000,2,26,670.6363,-87.5777,0.1682,7,0.1750,1.0000,8,8,8,0,0,8,8,0.0000
4,28.0000,2,27,324.0581,-78.7451,-0.8005,26,0.6500,0.6667,6,5,2,0,0,5,2,0.6000
4,28.0000,2,29,681.1738,-86.7790,-0.3121,11,0.2750,1.0000,6,8,8,0,0,8,8,0.0000
4,28.0000,2,31,348.3908,-80.5065,-0.0782,20,0.5000,0.5714,7,6,4,0,0,6,4,0.3333
4,28.0000,2,32,362.6344,-80.6243,-0.5447,18,0.4500,0.4000,5,8,7,0,0,8,7,0.1250
4,28.0000,2,33,847.8242,-87.5627,-0.0457,5,0.1250,1.0000,8,4,4,0,0,4,4,0.0000
4,28.0000,2,34,875.4476,-87.5939,0.0314,6,0.1500,1.0000,8,8,8,0,0,8,8,0.0000
4,28.0000,2,36,1009.6906,-87.8855,0.2319,8,0.2000,,0,6,6,0,0,6,6,0.0000
4,28.0000,2,38,878.2964,-88.0557,-0.2671,3,0.0750,1.0000,4,7,6,0,0,7,6,0.1429
4,28.0000,2,39,562.5495,-85.4314,-0.1316,8,0.2000,1.0000,8,7,6,0,0,7,6,0.1429
4,28.0000,2,40,472.3517,-84.2595,0.5601,17,0.4250,0.7143,7,8,8,0,0,8,8,0.0000
4,28.0000,2,43,220.7323,-75.9361,0.6426,30,0.7500,0.4000,5,8,5,0,0,8,5,0.3750
4,28.0000,2,45,715.2335,-87.7839,-0.1213,5,0.1250,1.0000,6,8,7,0,0,8,7,0.1250
4,28.0000,2,47,554.3394,-85.4247,0.9049,7,0.1750,1.0000,8,7,5,0,0,7,5,0.2857
4,28.0000,3,0,940.5900,-88.4704,2.1070,3,0.0750,1.0000,8,6,6,0,0,6,6,0.0000
4,28.0000,3,4,496.5518,-81.9364,0.0170,11,0.2750,0.8750,8,8,8,0,0,8,8,0.0000
4,28.0000,3,6,720.6602,-87.4744,0.3480,4,0.1000,1.0000,8,8,8,0,0,8,8,0.0000
4,28.0000,3,7,683.8013,-86.3585,1.0201,7,0.1750,1.0000,8,8,7,0,0,8,7,0.1250
4,28.0000,3,14,489.1297,-83.5070,0.4210,19,0.4750,0.5000,6,6,4,0,0,6,4,0.3333
4,28.0000,3,15,281.6231,-79.0771,-0.0978,27,0.6750,0.4000,5,5,1,0,0,5,1,0.8000
4,28.0000,3,18,735.8711,-86.0537,5.6437,3,0.0750,1.0000,8,8,8,0,0,8,8,0.0000
4,28.0000,3,22,709.9473,-87.5945,0.6793,3,0.0750,1.0000,8,8,8,0,0,8,8,0.0000
4,28.0000,3,24,709.3774,-86.0027,-0.1765,6,0.1500,0.8571,7,8,8,0,0,8,8,0.0000
4,28.0000,3,28,473.6963,-81.5949,-0.6321,18,0.4500,0.6667,6,6,6,0,0,6,6,0.0000
4,28.0000,3,30,665.4472,-86.3578,0.1550,7,0.1750,1.0000,8,7,5,0,0,7,5,0.2857
4,28.0000,3,37,865.1354,-86.4830,0.9294,3,0.0750,1.0000,8,8,7,0,0,8,7,0.1250
4,28.0000,3,38,800.0592,-88.2332,2.9699,3,0.0750,1.0000,8,8,8,0,0,8,8,0.0000
4,28.0000,3,42,520.3738,-84.9610,0.6005,11,0.2750,0.8571,7,6,3,0,0,6,3,0.5000
4,28.0000,3,44,484.7268,-83.4012,-0.2367,15,0.3750,1.0000,8,7,5,0,0,7,5,0.2857
4,28.0000,3,45,920.4584,-88.0559,0.5483,5,0.1250,1.0000,6,6,6,0,0,6,6,0.0000
4,28.0000,3,46,639.4400,-85.0701,-1.3683,8,0.2000,1.0000,8,8,8,0,0,8,8,0.0000
4,28.0000,4,0,623.2633,-84.6433,-0.6549,9,0.2195,1.0000,8,8,8,0,0,8,8,0.0000
4,28.0000,4,3,496.5518,-83.1792,-0.1139,25,0.6098,0.3333,6,8,8,0,0,8,8,0.0000
4,28.0000,4,6,598.3168,-84.1529,0.4185,9,0.2195,0.8571,7,8,8,0,0,8,8,0.0000
4,28.0000,4,7,548.3333,-83.7231,-0.2195,15,0.3659,0.6667,6,8,8,0,0,8,8,0.0000
4,28.0000,4,9,531.9313,-85.3073,0.1743,11,0.2683,1.0000,8,8,7,0,0,8,7,0.1250
4,28.0000,4,11,818.6217,-86.9050,-1.1555,5,0.1220,1.0000,8,8,8,0,0,8,8,0.0000
4,28.0000,4,14,772.2565,-87.5509,0.0486,7,0.1707,0.8571,7,8,8,0,0,8,8,0.0000
4,28.0000,4,15,653.5337,-84.3766,-0.4214,16,0.3902,0.8571,7,7,6,0,0,7,6,0.1429
4,28.0000,4,17,640.6707,-85.0378,0.0721,6,0.1463,1.0000,8,8,8,0,0,8,8,0.0000
4,28.0000,4,18,580.8946,-86.4948,-0.3306,9,0.2195,1.0000,8,7,5,0,0,7,5,0.2857
4,28.0000,4,20,796.1628,-87.3397,0.4066,4,0.0976,1.0000,6,8,8,0,0,8,8,0.0000
4,28.0000,4,21,1095.8946,-88.9783,0.9088,3,0.0732,1.0000,4,4,4,0,0,4,4,0.0000
4,28.0000,4,22,246.5525,-78.8024,1.1050,24,0.5854,0.8571,7,5,1,0,0,5,1,0.8000
4,28.0000,4,23,614.4355,-85.6195,0.4020,8,0.1951,0.8571,7,8,8,0,0,8,8,0.0000
4,28.0000,4,24,839.0872,-88.2994,0.2838,6,0.1463,1.0000,2,4,4,0,0,4,4,0.0000
4,28.0000,4,28,176.0807,-74.3713,-0.0460,36,0.8780,0.0000,4,4,0,0,0,4,0,1.0000
4,28.0000,4,30,727.8631,-86.6730,0.4171,9,0.2195,0.8750,8,8,8,0,0,8,8,0.0000
4,28.0000,4,31,842.9298,-86.6035,0.1151,3,0.0732,1.0000,6,8,7,0,0,8,7,0.1250
4,28.0000,4,32,782.3508,-86.0542,-1.3662,4,0.0976,1.0000,8,7,5,0,0,7,5,0.2857
4,28.0000,4,33,647.5049,-85.4933,-0.1635,9,0.2195,1.0000,8,8,7,0,0,8,7,0.1250
4,28.0000,4,37,712.9399,-85.4117,0.7149,9,0.2195,1.0000,8,8,8,0,0,8,8,0.0000
4,28.0000,4,38,453.7838,-83.7838,0.0694,12,0.2927,0.7143,7,7,6,0,0,7,6,0.1429
4,28.0000,4,39,509.9242,-83.2196,0.4048,9,0.2195,1.0000,8,8,8,0,0,8,8,0.0000
4,28.0000,4,41,746.7001,-85.7841,0.2086,10,0.2439,1.0000,6,10,10,0,0,10,10,0.0000
4,28.0000,4,42,672.9737,-86.8773,0.3914,10,0.2439,1.0000,8,8,8,0,0,8,8,0.0000
4,28.0000,4,44,542.4212,-85.3922,1.2654,18,0.4390,1.0000,8,7,6,0,0,7,6,0.1429
4,28.0000,4,45,486.3741,-83.7641,-0.4050,10,0.2439,1.0000,8,8,8,0,0,8,8,0.0000
4,28.0000,4,46,522.3811,-83.1298,-1.1982,14,0.3415,0.8750,8,8,7,0,0,8,7,0.1250
4,28.0000,5,1,370.8496,-80.9341,-0.7343,29,0.7250,0.7143,7,5,2,0,0,5,2,0.6000
4,28.0000,5,12,761.7031,-87.0146,-0.8095,8,0.2000,0.8571,7,8,7,0,0,8,7,0.1250
4,28.0000,5,13,500.8425,-82.1034,-0.3328,16,0.4000,0.8750,8,6,4,0,0,6,4,0.3333
4,28.0000,5,16,712.4331,-85.3222,0.4493,7,0.1750,1.0000,8,8,8,0,0,8,8,0.0000
4,28.0000,5,21,598.8069,-85.5207,0.0222,5,0.1250,1.0000,8,7,6,0,0,7,6,0.1429
4,28.0000,5,26,634.2652,-82.6195,-0.4493,8,0.2000,1.0000,8,8,8,0,0,8,8,0.0000
4,28.0000,5,29,628.6018,-83.9133,-0.1240,10,0.2500,1.0000,8,8,8,0,0,8,8,0.0000
4,28.0000,5,34,215.9847,-75.7166,-0.4852,32,0.8000,0.0000,4,6,2,0,0,6,2,0.6667
4,28.0000,5,35,678.2499,-85.8080,-0.5742,14,0.3500,1.0000,8,7,6,0,0,7,6,0.1429
4,28.0000,5,36,494.8475,-82.8698,-0.3154,19,0.4750,0.6667,6,8,7,0,0,8,7,0.1250
4,28.0000,5,40,667.7459,-84.9157,0.1673,6,0.1500,0.8750,8,8,8,0,0,8,8,0.0000
4,28.0000,5,47,687.0431,-85.8383,-0.7518,5,0.1250,1.0000,8,8,8,0,0,8,8,0.0000
4,28.0000,6,0,347.2116,-78.9937,-0.8826,20,0.5000,0.6667,6,7,6,0,0,7,6,0.1429
4,28.0000,6,3,720.6602,-86.0938,0.5144,9,0.2250,0.8571,7,7,6,0,0,7,6,0.1429
4,28.0000,6,4,598.3168,-85.6279,0.9537,9,0.2250,1.0000,8,8,8,0,0,8,8,0.0000
4,28.0000,6,7,79.6442,-70.8934,2.1798,35,0.8750,0.0000,4,4,0,0,0,4,0,1.0000
4,28.0000,6,9,533.3772,-83.0011,-0.4087,9,0.2250,1.0000,8,7,6,0,0,7,6,0.1429
4,28.0000,6,11,798.6241,-88.0052,-0.0056,4,0.1000,0.8571,7,8,8,0,0,8,8,0.0000
4,28.0000,6,14,578.4495,-85.2364,0.3273,11,0.2750,0.5000,6,7,5,0,0,7,5,0.2857
4,28.0000,6,15,621.8404,-85.1912,0.0272,10,0.2500,0.8571,7,7,5,0,0,7,5,0.2857
4,28.0000,6,17,812.3577,-87.3822,-0.8514,3,0.0750,0.8750,8,8,8,0,0,8,8,0.0000
4,28.0000,6,18,63.7324,-68.6676,3.1736,31,0.7750,0.2000,5,4,0,0,0,4,0,1.0000
4,28.0000,6,22,754.0127,-87.8979,0.1913,5,0.1250,1.0000,8,8,8,0,0,8,8,0.0000
4,28.0000,6,23,632.3750,-85.9336,0.1271,6,0.1500,0.8750,8,8,7,0,0,8,7,0.1250
4,28.0000,6,24,501.1889,-84.3912,-0.1397,18,0.4500,1.0000,8,7,5,0,0,7,5,0.2857
4,28.0000,6,28,474.4918,-82.7596,0.2287,15,0.3750,1.0000,8,6,4,0,0,6,4,0.3333
4,28.0000,6,30,443.3617,-83.3733,0.1867,17,0.4250,0.6667,6,6,3,0,0,6,3,0.5000
4,28.0000,6,31,831.2054,-87.5904,-4.8674,3,0.0750,1.0000,4,4,4,0,0,4,4,0.0000
4,28.0000,6,32,792.6070,-86.6255,0.2044,5,0.1250,1.0000,8,4,3,0,0,4,3,0.2500
4,28.0000,6,33,450.0206,-82.2329,0.3851,17,0.4250,0.5000,8,8,8,0,0,8,8,0.0000
4,28.0000,6,37,193.3306,-74.9326,-0.1176,34,0.8500,0.2000,5,4,0,0,0,4,0,1.0000
4,28.0000,6,39,710.9725,-84.6021,-1.2485,5,0.1250,1.0000,8,8,7,0,0,8,7,0.1250
4,28.0000,6,41,366.8320,-80.1386,-0.7672,24,0.6000,0.5000,6,7,4,0,0,7,4,0.4286
4,28.0000,6,42,569.4323,-85.0945,0.8906,9,0.2250,0.8571,7,6,4,0,0,6,4,0.3333
4,28.0000,6,44,294.4166,-80.8413,1.1071,27,0.6750,0.5000,6,5,1,0,0,5,1,0.8000
4,28.0000,6,46,116.8882,-73.9705,1.5640,31,0.7750,0.2000,5,4,0,0,0,4,0,1.0000
4,28.0000,7,0,333.1579,-80.1307,-0.2031,25,0.6250,0.0000,4,7,3,0,0,7,3,0.5714
4,28.0000,7,3,683.8013,-85.1848,-0.9980,14,0.3500,1.0000,8,8,7,0,0,8,7,0.1250
4,28.0000,7,4,548.3333,-83.3164,-0.7915,15,0.3750,0.8571,7,8,8,0,0,8,8,0.0000
4,28.0000,7,6,79.6442,-70.5547,2.6173,36,0.9000,0.3333,6,4,0,0,0,4,0,1.0000
4,28.0000,7,9,505.5234,-82.7177,-0.5740,18,0.4500,0.8571,7,6,4,0,0,6,4,0.3333
4,28.0000,7,11,814.6349,-85.9302,-1.4161,3,0.0750,1.0000,8,8,8,0,0,8,8,0.0000
4,28.0000,7,14,554.3059,-85.1364,0.2417,22,0.5500,0.8750,8,4,0,0,0,4,0,1.0000
4,28.0000,7,15,594.0504,-84.8296,-0.0662,16,0.4000,0.7143,7,7,5,0,0,7,5,0.2857
4,28.0000,7,17,796.0260,-86.3836,-1.2470,5,0.1250,1.0000,8,8,8,0,0,8,8,0.0000
4,28.0000,7,18,55.5332,-69.9774,3.7726,38,0.9500,0.0000,3,6,1,0,0,6,1,0.8333
4,28.0000,7,22,715.2905,-86.0544,-0.2622,8,0.2000,1.0000,8,8,8,0,0,8,8,0.0000
4,28.0000,7,23,595.6439,-84.6455,-0.6644,11,0.2750,1.0000,8,7,5,0,0,7,5,0.2857
4,28.0000,7,24,473.1815,-84.5554,-0.0215,21,0.5250,0.7143,7,8,8,0,0,8,8,0.0000
4,28.0000,7,28,441.2790,-82.5486,-0.3830,18,0.4500,0.7143,7,7,6,0,0,7,6,0.1429
4,28.0000,7,30,395.9945,-82.9298,0.4092,23,0.5750,0.8571,7,6,3,0,0,6,3,0.5000
4,28.0000,7,31,833.8256,-86.1170,0.7305,3,0.0750,1.0000,8,4,4,0,0,4,4,0.0000
4,28.0000,7,32,784.3912,-85.9826,-0.0674,7,0.1750,1.0000,8,8,8,0,0,8,8,0.0000
4,28.0000,7,33,414.8737,-82.1861,0.2204,23,0.5750,0.5000,6,7,5,0,0,7,5,0.2857
4,28.0000,7,37,193.7379,-78.1344,1.4731,33,0.8250,0.2000,5,6,2,0,0,6,2,0.6667
4,28.0000,7,38,854.0351,-89.0496,0.2477,5,0.1250,1.0000,4,6,6,0,0,6,6,0.0000
4,28.0000,7,39,699.7445,-86.2753,-1.7434,7,0.1750,0.8571,7,8,8,0,0,8,8,0.0000
4,28.0000,7,41,338.1085,-80.0256,0.6929,26,0.6500,0.6667,6,5,2,0,0,5,2,0.6000
4,28.0000,7,42,513.3239,-84.5505,0.1715,21,0.5250,0.8571,7,6,2,0,0,6,2,0.6667
4,28.0000,7,44,256.2858,-79.1276,0.7199,29,0.7250,0.7143,7,4,0,0,0,4,0,1.0000
4,28.0000,7,45,897.5102,-86.6587,-1.4326,4,0.1000,1.0000,8,6,6,0,0,6,6,0.0000
4,28.0000,7,46,48.4069,-63.0804,0.1590,36,0.9000,0.2000,5,5,1,0,0,5,1,0.8000
4,28.0000,8,1,825.6488,-87.2479,-0.0650,7,0.1750,1.0000,8,8,8,0,0,8,8,0.0000
4,28.0000,8,2,252.5892,-77.5700,-0.1876,24,0.6000,0.6667,6,5,1,0,0,5,1,0.8000
4,28.0000,8,5,908.0373,-88.4872,-0.7282,3,0.0750,1.0000,4,4,4,0,0,4,4,0.0000
4,28.0000,8,10,377.1420,-80.7782,-0.2644,15,0.3750,0.7143,7,8,6,0,0,8,6,0.2500
4,28.0000,8,11,650.7217,-86.5291,0.6122,5,0.1250,1.0000,8,7,6,0,0,7,6,0.1429
4,28.0000,8,12,462.8280,-84.2342,0.3672,14,0.3500,1.0000,8,8,8,0,0,8,8,0.0000
4,28.0000,8,13,611.0839,-85.6097,0.0300,8,0.2000,0.8750,8,8,7,0,0,8,7,0.1250
4,28.0000,8,16,353.9241,-80.5217,0.8100,19,0.4750,0.7500,8,5,2,0,0,5,2,0.6000
4,28.0000,8,17,611.2056,-86.3677,0.2499,3,0.0750,1.0000,8,7,6,0,0,7,6,0.1429
4,28.0000,8,19,454.4109,-81.4928,-0.0372,15,0.3750,0.7500,8,8,8,0,0,8,8,0.0000
4,28.0000,8,20,694.4866,-86.0135,0.4650,6,0.1500,1.0000,8,8,8,0,0,8,8,0.0000
4,28.0000,8,21,707.7472,-86.7352,-0.5403,7,0.1750,1.0000,6,7,6,0,0,7,6,0.1429
4,28.0000,8,23,881.8316,-85.6681,-0.1593,3,0.0750,1.0000,8,6,6,0,0,6,6,0.0000
4,28.0000,8,25,500.8682,-84.9141,0.0326,9,0.2250,0.8750,8,8,8,0,0,8,8,0.0000
4,28.0000,8,26,654.2004,-88.2316,0.4147,4,0.1000,1.0000,8,8,8,0,0,8,8,0.0000
4,28.0000,8,27,163.0387,-69.2384,-1.9664,34,0.8500,0.0000,4,5,2,38,21,43,23,0.4651
4,28.0000,8,29,629.0527,-87.3866,-0.3702,8,0.2000,0.8000,5,8,8,0,0,8,8,0.0000
4,28.0000,8,31,561.8649,-85.5765,-0.3167,8,0.2000,1.0000,8,7,6,0,0,7,6,0.1429
4,28.0000,8,32,603.4641,-85.9078,0.2577,7,0.1750,0.8571,7,8,7,0,0,8,7,0.1250
4,28.0000,8,34,734.7713,-86.2983,-0.1924,7,0.1750,0.6667,6,8,8,0,0,8,8,0.0000
4,28.0000,8,35,770.7864,-86.5002,0.1416,9,0.2250,1.0000,4,8,7,0,0,8,7,0.1250
4,28.0000,8,36,801.9679,-88.6689,-0.0587,4,0.1000,0.6667,3,8,7,0,0,8,7,0.1250
4,28.0000,8,38,1039.5427,-88.1569,0.4346,4,0.1000,,0,8,8,0,0,8,8,0.0000
4,28.0000,8,40,258.2079,-79.4845,0.8138,20,0.5000,0.5714,7,5,1,0,0,5,1,0.8000
4,28.0000,8,43,472.3408,-82.5823,0.0970,8,0.2000,0.8571,7,7,6,0,0,7,6,0.1429
4,28.0000,8,45,879.3104,-88.3754,-0.3378,3,0.0750,1.0000,4,4,4,0,0,4,4,0.0000
4,28.0000,8,47,551.8108,-85.1280,1.0229,11,0.2750,1.0000,8,6,3,0,0,6,3,0.5000
4,28.0000,9,0,252.4754,-75.5322,0.0074,28,0.7000,0.4286,7,7,5,0,0,7,5,0.2857
4,28.0000,9,2,644.7677,-85.5358,2.2125,6,0.1500,0.8571,7,8,7,0,0,8,7,0.1250
4,28.0000,9,4,531.9313,-84.1878,0.3722,9,0.2250,0.8571,7,8,8,0,0,8,8,0.0000
4,28.0000,9,6,533.3772,-84.2593,-0.4255,14,0.3500,0.6667,6,6,6,0,0,6,6,0.0000
4,28.0000,9,7,505.5234,-82.7941,0.2959,13,0.3250,0.8571,7,7,6,0,0,7,6,0.1429
4,28.0000,9,11,477.0037,-85.5882,-2.1629,7,0.1750,0.5000,6,8,8,0,0,8,8,0.0000
4,28.0000,9,17,338.6237,-80.6086,0.6621,10,0.2500,0.8750,8,6,4,0,0,6,4,0.3333
4,28.0000,9,18,486.6531,-84.2295,-0.1287,11,0.2750,1.0000,10,6,4,0,0,6,4,0.3333
4,28.0000,9,19,666.7721,-87.9005,-0.7383,4,0.1000,1.0000,8,7,6,0,0,7,6,0.1429
4,28.0000,9,22,517.8414,-82.7552,-0.1910,7,0.1750,0.8571,7,6,4,0,0,6,4,0.3333
4,28.0000,9,23,149.4254,-72.7396,-0.1218,33,0.8250,0.3333,6,4,0,0,0,4,0,1.0000
4,28.0000,9,25,736.9371,-87.1457,-2.3206,3,0.0750,1.0000,8,6,6,0,0,6,6,0.0000
4,28.0000,9,28,521.1094,-85.1288,0.0208,8,0.2000,1.0000,8,5,4,0,0,5,4,0.2000
4,28.0000,9,31,404.4450,-81.3083,-0.1009,9,0.2250,0.8571,7,8,7,0,0,8,7,0.1250
4,28.0000,9,32,314.9542,-79.2117,0.3721,19,0.4750,0.8571,7,6,4,0,0,6,4,0.3333
4,28.0000,9,33,259.7145,-77.8878,0.5318,27,0.6750,0.2000,5,8,7,0,0,8,7,0.1250
4,28.0000,9,37,533.0238,-83.6046,-0.6702,14,0.3500,0.8750,8,7,6,0,0,7,6,0.1429
4,28.0000,9,38,686.8675,-88.2008,-0.8014,3,0.0750,1.0000,4,8,8,0,0,8,8,0.0000
4,28.0000,9,39,357.5828,-79.8224,0.4372,12,0.3000,0.5714,7,6,4,0,0,6,4,0.3333
4,28.0000,9,41,475.7466,-82.3316,-1.0949,15,0.3750,0.6667,6,6,4,0,0,6,4,0.3333
4,28.0000,9,43,431.4980,-83.8658,1.7416,7,0.1750,0.5000,6,5,2,0,0,5,2,0.6000
4,28.0000,9,44,706.4287,-87.2325,0.7914,6,0.1500,1.0000,8,7,6,0,0,7,6,0.1429
4,28.0000,9,45,611.2931,-84.2822,-0.1834,8,0.2000,1.0000,8,4,2,0,0,4,2,0.5000
4,28.0000,9,46,524.7047,-83.6690,0.0455,9,0.2250,1.0000,8,8,7,0,0,8,7,0.1250
4,28.0000,10,1,885.1109,-87.0806,0.3068,10,0.2439,1.0000,8,4,4,0,0,4,4,0.0000
4,28.0000,10,2,413.6335,-82.4620,0.7553,13,0.3171,1.0000,8,6,4,0,0,6,4,0.3333
4,28.0000,10,8,377.1420,-80.5586,-0.1733,16,0.3902,0.4000,5,7,6,0,0,7,6,0.1429
4,28.0000,10,11,480.0762,-85.3076,0.7084,4,0.0976,0.8750,8,8,7,0,0,8,7,0.1250
4,28.0000,10,12,458.5022,-82.1490,0.3319,23,0.5610,0.8750,8,8,7,0,0,8,7,0.1250
4,28.0000,10,13,582.1288,-84.4998,-0.0316,13,0.3171,0.8750,8,6,6,0,0,6,6,0.0000
4,28.0000,10,16,324.1825,-79.6387,-0.3480,25,0.6098,0.7143,7,7,6,0,0,7,6,0.1429
4,28.0000,10,19,242.4364,-78.1897,0.5575,22,0.5366,0.0000,4,4,0,0,0,4,0,1.0000
4,28.0000,10,20,735.5618,-88.0776,1.0033,3,0.0732,0.8571,7,8,8,0,0,8,8,0.0000
4,28.0000,10,21,899.0913,-87.5673,0.7980,3,0.0732,1.0000,8,8,8,0,0,8,8,0.0000
4,28.0000,10,23,895.2154,-86.8689,1.0291,3,0.0732,1.0000,4,8,8,0,0,8,8,0.0000
4,28.0000,10,25,446.0145,-82.4606,0.5994,8,0.1951,1.0000,8,8,8,0,0,8,8,0.0000
4,28.0000,10,26,676.4415,-86.1047,-0.1086,4,0.0976,0.8333,6,10,9,0,0,10,9,0.1000
4,28.0000,10,27,301.1848,-78.7071,-0.1524,33,0.8049,0.7143,7,5,3,0,0,5,3,0.4000
4,28.0000,10,29,575.4743,-84.0019,-0.7496,9,0.2195,0.8333,12,7,6,0,0,7,6,0.1429
4,28.0000,10,31,463.4223,-83.6008,0.2886,8,0.1951,0.8750,8,7,6,0,0,7,6,0.1429
4,28.0000,10,32,567.0503,-84.8722,-0.8154,5,0.1220,1.0000,8,7,6,0,0,7,6,0.1429
4,28.0000,10,34,851.2445,-86.3592,-0.1659,8,0.1951,1.0000,8,8,8,0,0,8,8,0.0000
4,28.0000,10,35,759.8436,-86.4358,-0.4416,9,0.2195,0.8571,7,8,8,0,0,8,8,0.0000
4,28.0000,10,36,804.1657,-86.0269,0.2562,9,0.2195,0.8571,7,8,8,0,0,8,8,0.0000
4,28.0000,10,40,535.2321,-84.3551,0.4739,10,0.2439,1.0000,8,8,8,0,0,8,8,0.0000
4,28.0000,10,43,558.1801,-83.2563,-0.0927,4,0.0976,0.5000,6,8,8,0,0,8,8,0.0000
4,28.0000,10,47,595.7393,-85.2637,0.2538,6,0.1463,0.8750,8,7,6,0,0,7,6,0.1429
4,28.0000,11,0,594.2415,-84.7625,-0.4321,14,0.3500,1.0000,8,8,8,0,0,8,8,0.0000
4,28.0000,11,2,478.8268,-84.2996,0.8035,11,0.2750,0.8333,6,6,4,0,0,6,4,0.3333
4,28.0000,11,4,818.6217,-86.1787,-0.2134,8,0.2000,1.0000,8,8,8,0,0,8,8,0.0000
4,28.0000,11,6,798.6241,-87.2396,-1.2265,7,0.1750,1.0000,6,6,6,0,0,6,6,0.0000
4,28.0000,11,7,814.6349,-86.1376,-0.3310,11,0.2750,1.0000,6,6,6,0,0,6,6,0.0000
4,28.0000,11,8,650.7217,-84.6777,-1.2714,8,0.2000,1.0000,4,7,6,0,0,7,6,0.1429
4,28.0000,11,9,477.0037,-83.1525,0.3342,11,0.2750,1.0000,8,6,4,0,0,6,4,0.3333
4,28.0000,11,10,480.0762,-84.0313,-0.9343,12,0.3000,1.0000,4,6,3,0,0,6,3,0.5000
4,28.0000,11,13,815.0519,-87.6006,-0.4779,5,0.1250,0.7500,4,4,4,0,0,4,4,0.0000
4,28.0000,11,16,655.2712,-87.3759,0.0793,7,0.1750,1.0000,6,8,7,0,0,8,7,0.1250
4,28.0000,11,17,328.5944,-80.2182,-0.4730,20,0.5000,0.8750,8,8,7,0,0,8,7,0.1250
4,28.0000,11,18,783.0373,-87.8140,-0.3812,9,0.2250,1.0000,6,4,4,0,0,4,4,0.0000
4,28.0000,11,19,360.9699,-80.3134,-0.5441,22,0.5500,0.6667,9,4,1,0,0,4,1,0.7500
4,28.0000,11,20,542.5452,-82.8880,-0.7717,15,0.3750,0.8750,8,7,6,0,0,7,6,0.1429
4,28.0000,11,22,702.5573,-84.7324,-1.2819,9,0.2250,0.8571,7,6,6,0,0,6,6,0.0000
4,28.0000,11,23,568.7813,-83.7097,-0.1075,13,0.3250,0.8571,7,8,8,0,0,8,8,0.0000
4,28.0000,11,25,365.5671,-79.6689,-0.7924,23,0.5750,0.8571,7,8,8,0,0,8,8,0.0000
4,28.0000,11,26,656.0958,-86.2894,1.3563,6,0.1500,1.0000,8,8,7,0,0,8,7,0.1250
4,28.0000,11,27,666.5249,-86.1001,0.8652,8,0.2000,0.8571,7,8,8,0,0,8,8,0.0000
4,28.0000,11,28,758.0139,-87.0815,0.9169,8,0.2000,1.0000,8,6,5,0,0,6,5,0.1667
4,28.0000,11,29,645.1743,-86.1341,-0.7116,8,0.2000,1.0000,4,7,6,0,0,7,6,0.1429
4,28.0000,11,31,206.7515,-76.0703,-0.3469,33,0.8250,0.2000,5,6,2,0,0,6,2,0.6667
4,28.0000,11,32,306.7636,-79.6593,-0.2564,25,0.6250,0.5000,6,5,4,0,0,5,4,0.2000
4,28.0000,11,33,678.1031,-85.0639,-0.5204,12,0.3000,0.8571,7,9,7,0,0,9,7,0.2222
4,28.0000,11,34,1020.7054,-88.2829,0.5827,3,0.0750,1.0000,8,8,8,0,0,8,8,0.0000
4,28.0000,11,37,845.0284,-88.9140,-0.5068,3,0.0750,1.0000,8,4,4,0,0,4,4,0.0000
4,28.0000,11,38,681.5630,-85.3609,-1.2755,12,0.3000,0.7143,7,6,6,0,0,6,6,0.0000
4,28.0000,11,39,341.0739,-79.9792,-1.3488,21,0.5250,0.3333,6,8,7,0,0,8,7,0.1250
4,28.0000,11,40,815.2197,-87.1866,-0.4394,6,0.1500,0.8571,7,8,8,0,0,8,8,0.0000
4,28.0000,11,41,850.9988,-87.0829,0.2070,9,0.2250,1.0000,8,6,6,0,0,6,6,0.0000
4,28.0000,11,43,408.7469,-82.0882,-0.6356,17,0.4250,1.0000,6,8,6,0,0,8,6,0.2500
4,28.0000,11,44,1026.2056,-88.2624,1.5107,4,0.1000,1.0000,8,6,6,0,0,6,6,0.0000
4,28.0000,11,45,630.9962,-85.0289,1.1935,9,0.2250,0.7143,7,7,6,0,0,7,6,0.1429
4,28.0000,11,46,843.8544,-87.8010,-0.5887,7,0.1750,1.0000,8,4,4,0,0,4,4,0.0000
4,28.0000,11,47,577.3773,-85.3915,0.2980,11,0.2750,0.8571,7,8,8,0,0,8,8,0.0000
4,28.0000,12,1,505.5882,-83.6399,-0.0493,19,0.4750,0.6667,6,8,7,0,0,8,7,0.1250
4,28.0000,12,2,682.7161,-87.3252,1.0367,4,0.1000,1.0000,8,8,7,0,0,8,7,0.1250
4,28.0000,12,5,761.7031,-87.0367,0.5935,7,0.1750,1.0000,8,6,4,0,0,6,4,0.3333
4,28.0000,12,8,462.8280,-82.8021,0.2419,17,0.4250,0.5714,7,8,7,0,0,8,7,0.1250
4,28.0000,12,10,458.5022,-82.0118,1.2400,15,0.3750,0.8571,7,7,6,0,0,7,6,0.1429
4,28.0000,12,13,433.7663,-82.7120,0.7092,21,0.5250,0.4000,5,5,2,0,0,5,2,0.6000
4,28.0000,12,16,283.2025,-78.6820,0.1955,25,0.6250,0.5714,7,7,6,0,0,7,6,0.1429
4,28.0000,12,17,986.9751,-88.2351,-0.3266,3,0.0750,1.0000,4,8,8,0,0,8,8,0.0000
4,28.0000,12,19,684.9018,-87.1977,0.0261,7,0.1750,0.8750,8,8,8,0,0,8,8,0.0000
4,28.0000,12,20,919.4827,-87.3724,-1.0916,3,0.0750,1.0000,6,8,8,0,0,8,8,0.0000
4,28.0000,12,25,687.5381,-87.8038,-3.2253,4,0.1000,0.8571,7,7,5,0,0,7,5,0.2857
4,28.0000,12,26,739.2852,-86.0066,0.0694,6,0.1500,1.0000,8,8,8,0,0,8,8,0.0000
4,28.0000,12,27,419.1569,-83.1023,1.0788,13,0.3250,0.8750,8,7,6,0,0,7,6,0.1429
4,28.0000,12,29,615.1340,-85.8183,0.5296,11,0.2750,1.0000,8,8,8,0,0,8,8,0.0000
4,28.0000,12,31,885.0218,-87.7606,1.0658,3,0.0750,1.0000,8,8,8,0,0,8,8,0.0000
4,28.0000,12,32,970.9822,-88.8886,-0.0128,3,0.0750,1.0000,6,8,8,0,0,8,8,0.0000
4,28.0000,12,34,651.4814,-85.8511,-0.3761,11,0.2750,0.8750,8,8,8,0,0,8,8,0.0000
4,28.0000,12,35,328.8587,-80.4165,0.3924,30,0.7500,0.3333,6,5,1,0,0,5,1,0.8000
4,28.0000,12,36,424.7259,-81.6870,-0.1179,24,0.6000,0.8571,7,7,6,0,0,7,6,0.1429
4,28.0000,12,40,399.3108,-83.3598,0.8568,17,0.4250,0.6667,6,5,2,0,0,5,2,0.6000
4,28.0000,12,43,890.7605,-88.7542,-1.1322,4,0.1000,1.0000,6,8,8,0,0,8,8,0.0000
4,28.0000,12,47,695.6039,-86.7824,0.2413,5,0.1250,1.0000,8,10,10,0,0,10,10,0.0000
4,28.0000,13,1,415.9793,-81.2382,-0.2816,31,0.7750,0.2000,5,7,5,0,0,7,5,0.2857
4,28.0000,13,5,500.8425,-82.2818,-0.1931,21,0.5250,0.5714,7,7,6,0,0,7,6,0.1429
4,28.0000,13,8,611.0839,-87.1802,-0.5590,4,0.1000,1.0000,8,8,8,0,0,8,8,0.0000
4,28.0000,13,10,582.1288,-84.5330,-0.0301,6,0.1500,1.0000,8,8,8,0,0,8,8,0.0000
4,28.0000,13,12,433.7663,-82.6412,0.8269,20,0.5000,0.8571,7,7,6,0,0,7,6,0.1429
4,28.0000,13,16,288.8688,-79.5918,0.6741,25,0.6250,0.8571,7,6,4,0,0,6,4,0.3333
4,28.0000,13,20,645.9676,-85.5771,0.1388,3,0.0750,0.8571,7,8,7,0,0,8,7,0.1250
4,28.0000,13,21,623.1638,-84.5766,1.0571,7,0.1750,1.0000,8,8,8,0,0,8,8,0.0000
4,28.0000,13,25,495.8515,-82.9628,0.5526,6,0.1500,1.0000,10,7,6,0,0,7,6,0.1429
4,28.0000,13,26,392.2008,-80.7285,0.7198,16,0.4000,0.2000,5,6,4,0,0,6,4,0.3333
4,28.0000,13,27,659.2223,-85.9112,-0.0863,4,0.1000,1.0000,8,8,8,0,0,8,8,0.0000
4,28.0000,13,29,251.0129,-75.4367,-1.6878,33,0.8250,0.2000,5,5,2,0,0,5,2,0.6000
4,28.0000,13,34,342.0861,-79.3429,-0.7527,27,0.6750,0.5000,6,7,5,0,0,7,5,0.2857
4,28.0000,13,35,500.2560,-82.1119,-0.2810,23,0.5750,0.8750,8,6,4,0,0,6,4,0.3333
4,28.0000,13,36,379.3920,-79.4419,-0.6988,28,0.7000,0.4000,5,7,5,0,0,7,5,0.2857
4,28.0000,13,40,477.9031,-84.2232,-0.5850,8,0.2000,0.5714,7,8,7,0,0,8,7,0.1250
4,28.0000,13,47,412.8872,-80.1164,-1.7523,11,0.2750,0.8000,5,9,7,0,0,9,7,0.2222
4,28.0000,14,3,489.1297,-82.8555,0.4385,20,0.4878,0.4000,5,7,4,0,0,7,4,0.4286
4,28.0000,14,4,772.2565,-86.9096,0.2188,5,0.1220,1.0000,8,8,8,0,0,8,8,0.0000
4,28.0000,14,6,578.4495,-86.2092,-1.2256,4,0.0976,1.0000,8,8,8,0,0,8,8,0.0000
4,28.0000,14,7,554.3059,-84.5169,0.4480,8,0.1951,1.0000,8,8,7,0,0,8,7,0.1250
4,28.0000,14,15,217.1212,-76.4486,1.0058,39,0.9512,0.0000,4,5,1,0,0,5,1,0.8000
4,28.0000,14,18,601.4091,-86.0772,0.8170,7,0.1707,0.8750,8,8,8,0,0,8,8,0.0000
4,28.0000,14,24,284.5325,-78.2914,-0.0928,35,0.8537,0.0000,4,5,1,0,0,5,1,0.8000
4,28.0000,14,28,699.5122,-86.8024,0.9269,4,0.0976,1.0000,8,8,8,0,0,8,8,0.0000
4,28.0000,14,30,335.0463,-80.5308,0.0804,27,0.6585,0.7500,8,6,3,0,0,6,3,0.5000
4,28.0000,14,37,658.8852,-85.4021,-0.1104,5,0.1220,1.0000,8,8,8,0,0,8,8,0.0000
4,28.0000,14,42,271.7181,-79.1914,0.0293,31,0.7561,0.2000,5,5,1,0,0,5,1,0.8000
4,28.0000,14,44,311.4819,-79.2904,-0.8432,25,0.6098,0.8571,7,6,4,0,0,6,4,0.3333
4,28.0000,14,46,515.5378,-85.1590,-0.7131,9,0.2195,0.8750,8,7,6,0,0,7,6,0.1429
4,28.0000,15,3,281.6231,-78.5660,-0.6401,34,0.8500,0.4000,5,6,2,0,0,6,2,0.6667
4,28.0000,15,4,653.5337,-86.1307,-0.5148,6,0.1500,0.8750,8,8,8,0,0,8,8,0.0000
4,28.0000,15,6,621.8404,-85.6661,-0.8249,9,0.2250,1.0000,8,7,5,0,0,7,5,0.2857
4,28.0000,15,7,594.0504,-84.6808,-0.3271,13,0.3250,0.8571,7,7,6,0,0,7,6,0.1429
4,28.0000,15,14,217.1212,-77.0504,0.6952,36,0.9000,0.5000,6,5,1,0,0,5,1,0.8000
4,28.0000,15,18,646.2355,-85.1292,-0.9158,9,0.2250,0.8571,7,8,8,0,0,8,8,0.0000
4,28.0000,15,24,476.4717,-82.8242,-1.2482,27,0.6750,0.8750,8,6,4,0,0,6,4,0.3333
4,28.0000,15,28,588.0965,-83.8377,-0.6645,11,0.2750,0.8571,7,7,6,0,0,7,6,0.1429
4,28.0000,15,30,478.6415,-84.0112,-0.1394,22,0.5500,0.4000,5,8,8,0,0,8,8,0.0000
4,28.0000,15,41,871.5467,-85.1059,0.8749,5,0.1250,0.8750,8,8,8,0,0,8,8,0.0000
4,28.0000,15,42,357.1924,-81.6732,-0.3710,30,0.7500,0.4000,5,5,2,0,0,5,2,0.6000
4,28.0000,15,44,344.6491,-79.0439,-0.5129,25,0.6250,0.5000,6,8,7,0,0,8,7,0.1250
4,28.0000,15,46,550.0635,-82.9660,-0.4177,14,0.3500,1.0000,8,8,7,0,0,8,7,0.1250
4,28.0000,16,1,580.8815,-83.5282,-0.2224,24,0.6000,0.8571,7,7,6,0,0,7,6,0.1429
4,28.0000,16,2,506.7857,-84.1378,0.1031,9,0.2250,1.0000,8,7,4,0,0,7,4,0.4286
4,28.0000,16,5,712.4331,-85.8735,0.1349,16,0.4000,0.8571,7,6,6,0,0,6,6,0.0000
4,28.0000,16,8,353.9241,-80.6784,-0.3310,21,0.5250,0.8750,8,6,3,0,0,6,3,0.5000
4,28.0000,16,10,324.1825,-78.7150,-0.2342,30,0.7500,0.8571,7,7,5,0,0,7,5,0.2857
4,28.0000,16,12,283.2025,-78.5299,0.0201,36,0.9000,0.2000,5,4,2,0,0,4,2,0.5000
4,28.0000,16,13,288.8688,-79.8878,0.8281,29,0.7250,0.7143,7,5,2,0,0,5,2,0.6000
4,28.0000,16,19,535.5585,-84.2911,-0.1246,9,0.2250,0.6667,6,7,6,0,0,7,6,0.1429
4,28.0000,16,21,679.2246,-86.1541,0.9630,7,0.1750,0.8750,8,8,8,0,0,8,8,0.0000
4,28.0000,16,25,406.0758,-83.8607,2.1266,11,0.2750,0.8750,8,8,8,0,0,8,8,0.0000
4,28.0000,16,26,481.5246,-84.3640,1.0050,15,0.3750,0.8571,7,8,5,0,0,8,5,0.3750
4,28.0000,16,27,375.1497,-81.2914,1.2957,22,0.5500,0.6667,54,7,5,38,29,45,34,0.2444
4,28.0000,16,29,368.4289,-80.6563,-0.0225,20,0.5000,0.7143,7,6,3,0,0,6,3,0.5000
4,28.0000,16,31,674.1934,-86.4199,1.1873,4,0.1000,1.0000,8,8,8,0,0,8,8,0.0000
4,28.0000,16,34,537.4836,-83.3561,0.2309,18,0.4500,0.8571,7,7,6,0,0,7,6,0.1429
4,28.0000,16,35,535.3876,-82.7086,0.1121,26,0.6500,0.8750,8,8,7,0,0,8,7,0.1250
4,28.0000,16,36,524.6365,-82.7295,-0.4708,26,0.6500,0.7143,7,7,6,0,0,7,6,0.1429
4,28.0000,16,40,322.3107,-80.8868,-0.1181,28,0.7000,0.5000,6,6,2,0,0,6,2,0.6667
4,28.0000,16,43,687.0131,-85.6886,2.0526,4,0.1000,1.0000,8,8,8,0,0,8,8,0.0000
4,28.0000,16,47,426.2669,-83.0119,0.8066,20,0.5000,0.6667,6,7,6,0,0,7,6,0.1429
4,28.0000,17,0,569.1846,-84.1336,0.3789,15,0.3750,0.6667,6,8,8,0,0,8,8,0.0000
4,28.0000,17,2,380.7315,-82.9328,0.9421,20,0.5000,0.6667,6,6,3,0,0,6,3,0.5000
4,28.0000,17,3,1116.9084,-88.4814,0.1020,3,0.0750,,0,4,4,0,0,4,4,0.0000
4,28.0000,17,4,640.6707,-85.8531,-0.7693,10,0.2500,1.0000,8,8,8,0,0,8,8,0.0000
4,28.0000,17,6,812.3577,-87.0766,-0.1036,10,0.2500,1.0000,8,4,3,0,0,4,3,0.2500
4,28.0000,17,7,796.0260,-86.5064,0.2631,6,0.1500,1.0000,8,6,6,0,0,6,6,0.0000
4,28.0000,17,8,611.2056,-85.7596,1.3555,11,0.2750,1.0000,6,7,5,0,0,7,5,0.2857
4,28.0000,17,9,338.6237,-81.7468,0.7994,20,0.5000,0.8571,7,5,2,0,0,5,2,0.6000
4,28.0000,17,10,639.9119,-86.8531,-0.2529,9,0.2250,1.0000,6,8,8,0,0,8,8,0.0000
4,28.0000,17,11,328.5944,-79.3523,-0.1864,20,0.5000,0.5714,7,7,6,0,0,7,6,0.1429
4,28.0000,17,13,908.8902,-87.6951,-0.8195,3,0.0750,,0,4,4,0,0,4,4,0.0000
4,28.0000,17,16,743.3263,-87.1183,0.6848,8,0.2000,0.8750,8,8,8,0,0,8,8,0.0000
4,28.0000,17,18,779.5334,-86.7675,-0.4140,11,0.2750,1.0000,6,7,6,0,0,7,6,0.1429
4,28.0000,17,19,508.5558,-83.6522,0.3339,12,0.3000,1.0000,8,7,5,0,0,7,5,0.2857
4,28.0000,17,20,472.2572,-81.9410,0.1079,19,0.4750,0.8571,7,7,6,0,0,7,6,0.1429
4,28.0000,17,21,759.2310,-86.3766,0.1482,13,0.3250,0.5000,6,4,4,0,0,4,4,0.0000
4,28.0000,17,22,485.4036,-80.8761,-0.3272,20,0.5000,1.0000,6,6,3,0,0,6,3,0.5000
4,28.0000,17,23,388.7523,-80.7809,-0.1986,24,0.6000,0.8571,7,8,6,0,0,8,6,0.2500
4,28.0000,17,25,433.5461,-80.9984,-0.1304,19,0.4750,0.7143,7,7,5,0,0,7,5,0.2857
4,28.0000,17,26,671.3123,-86.9044,0.8963,8,0.2000,0.4000,5,8,8,0,0,8,8,0.0000
4,28.0000,17,27,686.0530,-86.8701,-0.3200,9,0.2250,0.8750,8,7,5,0,0,7,5,0.2857
4,28.0000,17,28,652.0619,-85.9048,-0.3599,8,0.2000,1.0000,8,8,8,0,0,8,8,0.0000
4,28.0000,17,29,736.4502,-86.2609,0.2332,9,0.2250,1.0000,6,2,2,0,0,2,2,0.0000
4,28.0000,17,31,269.2389,-78.0922,-0.3195,29,0.7250,0.2000,5,5,2,0,0,5,2,0.6000
4,28.0000,17,32,232.8353,-75.7514,-0.2481,37,0.9250,0.5000,6,5,2,0,0,5,2,0.6000
4,28.0000,17,33,591.6831,-85.8884,0.6952,9,0.2250,1.0000,8,8,7,0,0,8,7,0.1250
4,28.0000,17,37,850.0157,-86.9697,0.5241,7,0.1750,1.0000,2,8,8,0,0,8,8,0.0000
4,28.0000,17,38,562.0473,-83.7263,-0.8228,20,0.5000,0.8571,7,7,6,0,0,7,6,0.1429
4,28.0000,17,39,201.6899,-74.6032,-0.8350,33,0.8250,0.2000,5,7,6,0,0,7,6,0.1429
4,28.0000,17,40,769.9532,-87.6979,0.1409,4,0.1000,0.7143,7,7,6,0,0,7,6,0.1429
4,28.0000,17,41,811.0489,-86.2070,-0.3117,7,0.1750,1.0000,8,6,6,0,0,6,6,0.0000
4,28.0000,17,43,206.7275,-76.7979,0.8845,33,0.8250,0.3333,6,5,2,0,0,5,2,0.6000
4,28.0000,17,44,975.6006,-88.3177,0.3649,3,0.0750,1.0000,6,2,2,0,0,2,2,0.0000
4,28.0000,17,45,426.6878,-82.1383,0.0762,26,0.6500,0.8571,7,8,5,0,0,8,5,0.3750
4,28.0000,17,46,812.1690,-86.5718,-0.0074,11,0.2750,1.0000,8,10,10,0,0,10,10,0.0000
4,28.0000,17,47,571.7783,-85.8921,1.2608,10,0.2500,1.0000,8,8,8,0,0,8,8,0.0000
4,28.0000,18,0,296.3738,-79.2584,0.8884,17,0.4250,0.4000,5,6,3,0,0,6,3,0.5000
4,28.0000,18,3,735.8711,-86.3340,-0.3239,10,0.2500,1.0000,6,7,6,0,0,7,6,0.1429
4,28.0000,18,4,580.8946,-84.1349,0.1875,8,0.2000,1.0000,8,5,2,0,0,5,2,0.6000
4,28.0000,18,6,63.7324,-67.6629,3.3827,35,0.8750,0.0000,3,5,1,0,0,5,1,0.8000
4,28.0000,18,7,55.5332,-69.7579,3.8433,37,0.9250,0.5000,6,4,0,0,0,4,0,1.0000
4,28.0000,18,9,486.6531,-82.7064,0.6352,7,0.1750,1.0000,8,8,8,0,0,8,8,0.0000
4,28.0000,18,14,601.4091,-85.0645,-0.3949,17,0.4250,0.8750,8,7,6,0,0,7,6,0.1429
4,28.0000,18,15,646.2355,-84.4505,-0.9304,18,0.4500,1.0000,8,6,5,0,0,6,5,0.1667
4,28.0000,18,17,779.5334,-87.1034,3.0790,4,0.1000,1.0000,8,8,7,0,0,8,7,0.1250
4,28.0000,18,22,733.4315,-87.3417,-4.3688,3,0.0750,1.0000,8,7,6,0,0,7,6,0.1429
4,28.0000,18,23,577.7701,-83.9829,3.6531,4,0.1000,1.0000,8,8,8,0,0,8,8,0.0000
4,28.0000,18,24,506.7058,-83.3467,-0.2142,23,0.5750,0.5000,6,7,6,0,0,7,6,0.1429
4,28.0000,18,28,471.6165,-83.5108,-0.3616,14,0.3500,0.8571,7,7,6,0,0,7,6,0.1429
4,28.0000,18,30,433.7218,-82.2729,-0.4842,25,0.6250,0.4000,5,6,3,0,0,6,3,0.5000
4,28.0000,18,31,800.8141,-87.4403,0.2362,3,0.0750,1.0000,8,6,6,0,0,6,6,0.0000
4,28.0000,18,33,389.6881,-81.1910,0.7782,14,0.3500,0.7143,7,7,5,0,0,7,5,0.2857
4,28.0000,18,37,158.6724,-75.1893,0.7011,36,0.9000,0.6667,6,4,0,0,0,4,0,1.0000
4,28.0000,18,39,689.9908,-86.2149,-3.0109,4,0.1000,1.0000,8,6,4,0,0,6,4,0.3333
4,28.0000,18,41,311.6896,-79.4096,-0.0418,26,0.6500,0.5714,7,7,5,0,0,7,5,0.2857
4,28.0000,18,42,562.9091,-85.0053,-0.3356,18,0.4500,0.8571,7,8,7,0,0,8,7,0.1250
4,28.0000,18,43,906.6150,-88.5584,-0.2337,3,0.0750,1.0000,8,6,6,0,0,6,6,0.0000
4,28.0000,18,44,308.9063,-79.7126,0.1994,28,0.7000,0.5000,6,4,0,0,0,4,0,1.0000
4,28.0000,18,46,103.9079,-73.4666,1.8425,36,0.9000,0.0000,4,4,0,0,0,4,0,1.0000
4,28.0000,19,0,781.7806,-86.6910,2.7554,4,0.1000,1.0000,8,4,4,0,0,4,4,0.0000
4,28.0000,19,2,352.4570,-79.6320,-0.5837,19,0.4750,0.8750,8,8,7,0,0,8,7,0.1250
4,28.0000,19,6,1061.2658,-88.2560,-1.5956,3,0.0750,,0,8,8,0,0,8,8,0.0000
4,28.0000,19,8,454.4109,-81.4831,0.0467,17,0.4250,0.6667,6,7,6,0,0,7,6,0.1429
4,28.0000,19,9,666.7721,-86.6888,1.0665,7,0.1750,1.0000,6,8,8,0,0,8,8,0.0000
4,28.0000,19,10,242.4364,-78.0026,-0.3369,25,0.6250,0.8750,8,4,0,0,0,4,0,1.0000
4,28.0000,19,11,360.9699,-80.2354,0.0726,14,0.3500,0.5000,6,6,3,0,0,6,3,0.5000
4,28.0000,19,12,684.9018,-86.8164,-0.4983,11,0.2750,1.0000,8,8,8,0,0,8,8,0.0000
4,28.0000,19,13,789.4908,-86.8036,0.3913,5,0.1250,1.0000,4,6,6,0,0,6,6,0.0000
4,28.0000,19,16,535.5585,-83.7708,-0.2065,15,0.3750,1.0000,8,7,6,0,0,7,6,0.1429
4,28.0000,19,17,508.5558,-84.3892,1.6961,6,0.1500,1.0000,8,6,4,0,0,6,4,0.3333
4,28.0000,19,20,757.3353,-86.1164,-0.1078,9,0.2250,0.6667,6,8,8,0,0,8,8,0.0000
4,28.0000,19,22,983.1155,-87.8988,0.5831,3,0.0750,1.0000,8,6,6,0,0,6,6,0.0000
4,28.0000,19,23,684.5460,-85.0523,-1.8913,9,0.2250,0.8750,8,8,7,0,0,8,7,0.1250
4,28.0000,19,25,498.3001,-82.5649,-0.8869,10,0.2500,1.0000,8,7,5,0,0,7,5,0.2857
4,28.0000,19,26,785.1754,-86.5303,0.5249,9,0.2250,0.9000,10,6,6,0,0,6,6,0.0000
4,28.0000,19,27,390.9160,-81.2155,-1.5657,21,0.5250,0.5000,6,6,4,0,0,6,4,0.3333
4,28.0000,19,29,725.6448,-85.5198,0.2888,6,0.1500,0.8750,8,8,8,0,0,8,8,0.0000
4,28.0000,19,31,272.5469,-78.4909,-0.0140,21,0.5250,0.7143,7,7,6,0,0,7,6,0.1429
4,28.0000,19,32,366.2902,-81.9396,-0.0959,12,0.3000,0.8750,8,4,0,0,0,4,0,1.0000
4,28.0000,19,34,1028.5211,-87.0461,-1.3336,3,0.0750,1.0000,4,6,6,0,0,6,6,0.0000
4,28.0000,19,35,997.5312,-88.6043,-0.0284,3,0.0750,1.0000,4,4,4,0,0,4,4,0.0000
4,28.0000,19,36,1040.4572,-88.4032,0.3707,4,0.1000,1.0000,6,4,4,0,0,4,4,0.0000
4,28.0000,19,39,635.9102,-84.5157,0.3913,4,0.1000,0.8750,8,7,6,0,0,7,6,0.1429
4,28.0000,19,40,677.4350,-85.5160,-0.3588,11,0.2750,0.8571,7,8,8,0,0,8,8,0.0000
4,28.0000,19,43,414.6687,-82.6299,1.0162,16,0.4000,0.8571,7,8,7,0,0,8,7,0.1250
4,28.0000,19,45,892.4045,-87.5965,-0.9673,3,0.0750,1.0000,4,4,4,0,0,4,4,0.0000
4,28.0000,19,47,688.9315,-86.7819,0.5635,8,0.2000,0.8571,7,8,8,0,0,8,8,0.0000
4,28.0000,20,2,610.6282,-84.8584,0.3858,9,0.2250,0.8571,7,8,8,0,0,8,8,0.0000
4,28.0000,20,5,874.1742,-87.0034,0.3318,7,0.1750,1.0000,6,8,8,0,0,8,8,0.0000
4,28.0000,20,8,694.4866,-85.6372,0.3672,5,0.1250,1.0000,8,7,6,0,0,7,6,0.1429
4,28.0000,20,9,765.6095,-86.5007,0.3429,5,0.1250,1.0000,4,8,8,0,0,8,8,0.0000
4,28.0000,20,10,735.5618,-85.3383,-0.3900,6,0.1500,1.0000,4,8,8,0,0,8,8,0.0000
4,28.0000,20,11,542.5452,-82.7699,0.0464,8,0.2000,0.8750,8,8,8,0,0,8,8,0.0000
4,28.0000,20,13,645.9676,-85.9876,1.0019,8,0.2000,1.0000,10,6,6,0,0,6,6,0.0000
4,28.0000,20,16,642.5754,-85.3156,-0.6741,11,0.2750,1.0000,6,6,6,0,0,6,6,0.0000
4,28.0000,20,17,472.2572,-81.4350,-0.3254,15,0.3750,0.8571,7,8,7,0,0,8,7,0.1250
4,28.0000,20,19,757.3353,-86.7911,0.0432,4,0.1000,1.0000,8,8,8,0,0,8,8,0.0000
4,28.0000,20,21,411.3601,-81.3587,0.8053,18,0.4500,0.8571,7,7,5,0,0,7,5,0.2857
4,28.0000,20,22,571.9269,-82.9197,-0.4551,9,0.2250,0.9114,79,8,7,0,0,8,7,0.1250
4,28.0000,20,23,845.8244,-87.0622,-1.0481,3,0.0750,1.0000,8,6,6,0,0,6,6,0.0000
4,28.0000,20,25,295.7294,-77.8481,-0.7706,22,0.5500,0.5714,7,8,6,0,0,8,6,0.2500
4,28.0000,20,26,276.0905,-79.6272,0.7720,27,0.6750,0.7143,7,6,3,0,0,6,3,0.5000
4,28.0000,20,27,811.0257,-87.0334,1.1565,5,0.1250,1.0000,8,8,8,0,0,8,8,0.0000
4,28.0000,20,28,801.0696,-88.2032,1.9662,3,0.0750,1.0000,8,6,6,0,0,6,6,0.0000
4,28.0000,20,29,423.1761,-82.3338,1.0103,20,0.5000,1.0000,8,6,3,0,0,6,3,0.5000
4,28.0000,20,31,630.4670,-84.3213,-1.8950,8,0.2000,0.8571,7,8,8,0,0,8,8,0.0000
4,28.0000,20,32,669.5687,-85.6306,-0.6833,5,0.1250,0.9839,62,8,7,84,84,92,91,0.0109
4,28.0000,20,34,669.1768,-85.5040,-0.6187,10,0.2500,1.0000,8,8,8,0,0,8,8,0.0000
4,28.0000,20,38,417.6077,-81.0778,0.4809,22,0.5500,0.6667,6,7,5,0,0,7,5,0.2857
4,28.0000,20,39,420.1289,-81.5144,0.5853,9,0.2250,0.9545,22,7,6,60,60,67,66,0.0149
4,28.0000,20,40,692.7152,-85.7455,-0.3595,6,0.1500,0.8571,7,7,6,0,0,7,6,0.1429
4,28.0000,20,43,595.6759,-84.8645,-0.6874,10,0.2500,0.8750,8,8,8,0,0,8,8,0.0000
4,28.0000,20,45,342.1030,-81.1204,-0.0466,22,0.5500,0.6667,6,6,3,0,0,6,3,0.5000
4,28.0000,20,47,239.7681,-78.7980,1.0102,26,0.6500,0.6667,6,5,1,0,0,5,1,0.8000
4,28.0000,21,1,828.5358,-86.8182,-0.4886,8,0.2000,0.8571,7,8,8,0,0,8,8,0.0000
4,28.0000,21,2,734.7277,-87.2785,1.8313,4,0.1000,1.0000,8,8,8,0,0,8,8,0.0000
4,28.0000,21,5,598.8069,-84.7743,-0.1706,14,0.3500,1.0000,6,8,7,0,0,8,7,0.1250
4,28.0000,21,8,707.7472,-86.9033,0.4575,5,0.1250,1.0000,8,8,8,0,0,8,8,0.0000
4,28.0000,21,10,899.0913,-87.5942,0.5830,4,0.1000,0.8000,5,8,8,0,0,8,8,0.0000
4,28.0000,21,11,888.1089,-87.4855,0.2364,3,0.0750,1.0000,6,8,8,0,0,8,8,0.0000
4,28.0000,21,13,623.1638,-86.4887,0.3972,10,0.2500,0.5000,6,7,6,0,0,7,6,0.1429
4,28.0000,21,16,679.2246,-87.2038,0.4451,5,0.1250,1.0000,8,8,8,0,0,8,8,0.0000
4,28.0000,21,17,759.2310,-85.3935,0.7864,4,0.1000,0.8571,7,8,8,0,0,8,8,0.0000
4,28.0000,21,20,411.3601,-81.4541,-0.1203,15,0.3750,0.5000,6,7,6,0,0,7,6,0.1429
4,28.0000,21,22,850.1728,-88.0571,0.2010,3,0.0750,1.0000,8,6,6,0,0,6,6,0.0000
4,28.0000,21,25,562.8142,-85.6042,-1.4933,4,0.1000,0.8571,7,8,7,0,0,8,7,0.1250
4,28.0000,21,26,371.3847,-80.3538,0.1706,22,0.5500,0.8750,8,6,4,0,0,6,4,0.3333
4,28.0000,21,27,858.2337,-87.0837,-0.5050,3,0.0750,1.0000,8,8,8,0,0,8,8,0.0000
4,28.0000,21,29,526.1728,-84.5954,0.4817,13,0.3250,0.8750,8,6,4,0,0,6,4,0.3333
4,28.0000,21,31,918.5852,-86.7758,-1.7814,3,0.0750,1.0000,8,8,8,0,0,8,8,0.0000
4,28.0000,21,34,439.4091,-82.8052,0.3520,16,0.4000,0.8750,8,8,6,0,0,8,6,0.2500
4,28.0000,21,36,892.8621,-88.0143,0.3231,6,0.1500,1.0000,4,8,8,0,0,8,8,0.0000
4,28.0000,21,38,734.7300,-87.0497,0.9775,6,0.1500,1.0000,8,8,8,0,0,8,8,0.0000
4,28.0000,21,39,779.4924,-87.5454,-0.4622,5,0.1250,1.0000,8,8,8,0,0,8,8,0.0000
4,28.0000,21,40,574.0025,-84.9070,0.0124,11,0.2750,0.8750,8,6,5,0,0,6,5,0.1667
4,28.0000,21,43,799.1241,-86.6922,-1.2984,5,0.1250,1.0000,8,8,8,0,0,8,8,0.0000
4,28.0000,21,45,611.8705,-86.5387,0.2823,7,0.1750,1.0000,8,8,7,0,0,8,7,0.1250
4,28.0000,21,47,367.7808,-81.3852,0.3164,14,0.3500,0.8571,7,5,1,0,0,5,1,0.8000
4,28.0000,22,0,690.8344,-85.5171,-0.6877,10,0.2500,1.0000,8,6,6,0,0,6,6,0.0000
4,28.0000,22,2,836.0723,-87.6973,0.4462,5,0.1250,1.0000,8,8,8,0,0,8,8,0.0000
4,28.0000,22,3,709.9473,-86.3716,0.0718,8,0.2000,0.8333,6,3,2,0,0,3,2,0.3333
4,28.0000,22,4,246.5525,-78.6462,1.6645,21,0.5250,0.2000,5,6,3,0,0,6,3,0.5000
4,28.0000,22,6,754.0127,-86.1127,-0.7482,7,0.1750,1.0000,8,6,4,0,0,6,4,0.3333
4,28.0000,22,7,715.2905,-85.3697,-0.3223,9,0.2250,1.0000,8,10,10,0,0,10,10,0.0000
4,28.0000,22,8,1039.7585,-88.4335,0.5809,3,0.0750,1.0000,6,8,8,0,0,8,8,0.0000
4,28.0000,22,9,517.8414,-85.1336,-0.1501,11,0.2750,1.0000,8,7,6,0,0,7,6,0.1429
4,28.0000,22,11,702.5573,-86.2624,-0.2592,6,0.1500,1.0000,8,8,8,0,0,8,8,0.0000
4,28.0000,22,14,1012.6393,-87.7945,0.4411,4,0.1000,1.0000,8,4,4,0,0,4,4,0.0000
4,28.0000,22,17,485.4036,-81.1219,-1.5749,12,0.3000,0.8571,7,8,7,0,0,8,7,0.1250
4,28.0000,22,18,733.4315,-86.9723,-0.7838,8,0.2000,1.0000,4,8,8,0,0,8,8,0.0000
4,28.0000,22,19,983.1155,-88.8188,-0.5500,5,0.1250,1.0000,6,8,8,0,0,8,8,0.0000
4,28.0000,22,20,571.9269,-85.0193,-0.2682,11,0.2750,1.0000,6,8,6,0,0,8,6,0.2500
4,28.0000,22,21,850.1728,-87.0938,0.1358,6,0.1500,1.0000,8,2,2,0,0,2,2,0.0000
4,28.0000,22,23,596.3694,-84.2624,-1.2684,12,0.3000,0.8750,8,8,7,0,0,8,7,0.1250
4,28.0000,22,25,749.1036,-84.8123,0.0489,6,0.1500,1.0000,8,8,8,0,0,8,8,0.0000
4,28.0000,22,26,848.0097,-86.5474,1.1072,3,0.0750,0.8571,7,5,4,0,0,5,4,0.2000
4,28.0000,22,28,339.8011,-80.9303,1.0831,13,0.3250,0.7143,7,5,1,0,0,5,1,0.8000
4,28.0000,22,29,981.1734,-87.0749,4.4184,3,0.0750,1.0000,6,4,4,0,0,4,4,0.0000
4,28.0000,22,31,728.1123,-86.9056,-0.7270,8,0.2000,0.8571,7,8,8,0,0,8,8,0.0000
4,28.0000,22,32,679.0610,-84.4255,-0.6344,10,0.2500,0.8571,7,6,6,0,0,6,6,0.0000
4,28.0000,22,33,714.8602,-86.4473,0.3209,5,0.1250,1.0000,8,8,8,0,0,8,8,0.0000
4,28.0000,22,38,282.7550,-79.4617,0.1712,24,0.6000,0.6667,6,6,3,0,0,6,3,0.5000
4,28.0000,22,39,362.5731,-79.1511,-0.4454,17,0.4250,0.5625,16,8,8,0,0,8,8,0.0000
4,28.0000,22,41,871.7431,-86.7029,1.4465,3,0.0750,1.0000,6,4,3,0,0,4,3,0.2500
4,28.0000,22,42,914.4884,-88.7750,0.7263,5,0.1250,,0,4,4,0,0,4,4,0.0000
4,28.0000,22,43,665.1816,-85.3174,-0.0310,7,0.1750,1.0000,8,7,5,0,0,7,5,0.2857
4,28.0000,22,44,765.2556,-87.3546,1.1777,6,0.1500,1.0000,6,8,8,0,0,8,8,0.0000
4,28.0000,22,45,244.8104,-74.1395,-1.7510,34,0.8500,0.2000,5,7,5,0,0,7,5,0.2857
4,28.0000,22,46,701.8996,-86.5872,-0.4355,7,0.1750,0.8571,7,8,8,0,0,8,8,0.0000
4,28.0000,22,47,795.7201,-87.4875,0.3164,6,0.1500,1.0000,8,8,8,0,0,8,8,0.0000
4,28.0000,23,0,321.1154,-80.5382,-0.6000,17,0.4250,0.8571,7,7,3,0,0,7,3,0.5714
4,28.0000,23,2,629.7927,-84.7471,-0.1911,8,0.2000,1.0000,8,8,8,0,0,8,8,0.0000
4,28.0000,23,4,614.4355,-84.2463,-0.5498,7,0.1750,0.8750,8,8,7,0,0,8,7,0.1250
4,28.0000,23,6,632.3750,-84.9210,-0.1551,10,0.2500,1.0000,14,8,7,0,0,8,7,0.1250
4,28.0000,23,7,595.6439,-83.3478,-1.5491,6,0.1500,0.8750,8,8,8,0,0,8,8,0.0000
4,28.0000,23,8,881.8316,-88.4898,-0.8312,3,0.0750,0.8000,5,4,4,0,0,4,4,0.0000
4,28.0000,23,9,149.4254,-72.3730,0.2879,35,0.8750,0.3333,6,5,1,0,0,5,1,0.8000
4,28.0000,23,11,568.7813,-83.9500,-0.5954,8,0.2000,1.0000,8,8,8,0,0,8,8,0.0000
4,28.0000,23,17,388.7523,-80.4110,-0.9413,12,0.3000,0.7500,8,8,8,0,0,8,8,0.0000
4,28.0000,23,18,577.7701,-84.7675,1.4356,11,0.2750,1.0000,4,7,6,0,0,7,6,0.1429
4,28.0000,23,19,684.5460,-85.7988,-0.1679,5,0.1250,1.0000,8,8,8,0,0,8,8,0.0000
4,28.0000,23,20,845.8244,-87.7435,-0.6051,3,0.0750,1.0000,6,8,8,0,0,8,8,0.0000
4,28.0000,23,22,596.3694,-84.5378,-0.1737,9,0.2250,0.8571,7,7,6,0,0,7,6,0.1429
4,28.0000,23,25,808.4231,-86.4579,-0.8118,5,0.1250,1.0000,8,6,6,0,0,6,6,0.0000
4,28.0000,23,27,919.1537,-86.3678,-0.7818,4,0.1000,1.0000,8,4,4,0,0,4,4,0.0000
4,28.0000,23,28,634.4812,-85.6135,0.2310,7,0.1750,0.8000,5,10,10,0,0,10,10,0.0000
4,28.0000,23,30,853.6605,-86.6426,2.7150,3,0.0750,1.0000,8,2,2,0,0,2,2,0.0000
4,28.0000,23,31,444.8897,-81.9807,-0.8348,12,0.3000,0.8571,7,7,6,0,0,7,6,0.1429
4,28.0000,23,32,328.9324,-79.0361,0.2536,22,0.5500,0.5000,6,6,4,0,0,6,4,0.3333
4,28.0000,23,33,251.6846,-78.4341,1.0569,23,0.5750,0.6923,117,6,2,88,22,94,24,0.7447
4,28.0000,23,37,593.9051,-85.2903,-0.7134,10,0.2500,1.0000,8,8,7,0,0,8,7,0.1250
4,28.0000,23,38,793.5256,-85.9790,0.2863,4,0.1000,1.0000,4,6,6,0,0,6,6,0.0000
4,28.0000,23,39,465.3107,-81.8180,0.4045,14,0.3500,0.8571,7,7,6,0,0,7,6,0.1429
4,28.0000,23,41,486.2857,-82.6116,0.7542,12,0.3000,1.0000,16,7,5,0,0,7,5,0.2857
4,28.0000,23,42,931.5684,-87.6412,-0.1451,3,0.0750,,0,6,6,0,0,6,6,0.0000
4,28.0000,23,43,415.5462,-82.6611,-0.9052,12,0.3000,0.8571,7,7,5,0,0,7,5,0.2857
4,28.0000,23,44,789.1740,-87.4145,-0.6295,5,0.1250,1.0000,6,7,5,0,0,7,5,0.2857
4,28.0000,23,45,687.7308,-85.1094,-0.4953,6,0.1500,1.0000,8,8,8,0,0,8,8,0.0000
4,28.0000,23,46,613.0416,-86.3050,-0.6091,8,0.2000,0.8571,7,7,5,0,0,7,5,0.2857
4,28.0000,24,0,752.1097,-88.3246,0.0840,4,0.1000,1.0000,8,8,8,0,0,8,8,0.0000
4,28.0000,24,3,709.3774,-85.6347,-0.1565,9,0.2250,1.0000,8,8,8,0,0,8,8,0.0000
4,28.0000,24,6,501.1889,-83.8964,0.7700,14,0.3500,0.8571,7,8,8,0,0,8,8,0.0000
4,28.0000,24,7,473.1815,-84.4424,-0.1226,10,0.2500,1.0000,8,6,4,0,0,6,4,0.3333
4,28.0000,24,9,931.0634,-88.8742,-0.0063,4,0.1000,1.0000,8,8,8,0,0,8,8,0.0000
4,28.0000,24,14,284.5325,-78.4569,0.0684,34,0.8500,0.3333,6,6,3,0,0,6,3,0.5000
4,28.0000,24,15,476.4717,-82.6886,0.0921,25,0.6250,0.8750,8,7,5,0,0,7,5,0.2857
4,28.0000,24,18,506.7058,-83.8654,0.2352,15,0.3750,0.7143,7,8,8,0,0,8,8,0.0000
4,28.0000,24,28,772.7759,-86.9127,-0.0697,6,0.1500,1.0000,8,8,8,0,0,8,8,0.0000
4,28.0000,24,30,143.6627,-71.7442,-0.0738,36,0.9000,0.0000,4,4,0,0,0,4,0,1.0000
4,28.0000,24,33,769.4725,-86.8503,0.2217,5,0.1250,0.8750,8,7,6,0,0,7,6,0.1429
4,28.0000,24,37,494.4954,-85.0573,0.3740,15,0.3750,0.8571,7,7,5,0,0,7,5,0.2857
4,28.0000,24,41,589.9834,-86.1096,-0.2989,8,0.2000,1.0000,8,7,6,0,0,7,6,0.1429
4,28.0000,24,42,274.4097,-77.8286,-0.7933,33,0.8250,0.0000,4,4,2,0,0,4,2,0.5000
4,28.0000,24,44,330.9212,-79.1872,-0.4187,25,0.6250,0.2000,5,7,5,0,0,7,5,0.2857
4,28.0000,24,46,447.7714,-84.6390,1.1566,13,0.3250,0.8571,7,7,5,0,0,7,5,0.2857
4,28.0000,25,1,889.4526,-87.9228,0.1163,7,0.1795,1.0000,4,8,8,0,0,8,8,0.0000
4,28.0000,25,2,442.4198,-83.0496,-0.6152,11,0.2821,0.8571,7,7,6,0,0,7,6,0.1429
4,28.0000,25,4,944.9605,-87.5776,0.2345,3,0.0769,1.0000,4,8,8,0,0,8,8,0.0000
4,28.0000,25,5,873.0999,-85.3500,0.0212,7,0.1795,1.0000,4,8,8,0,0,8,8,0.0000
4,28.0000,25,8,500.8682,-85.1709,0.5575,8,0.2051,0.4000,5,7,6,0,0,7,6,0.1429
4,28.0000,25,9,736.9371,-86.4260,-0.8452,5,0.1282,1.0000,6,8,6,0,0,8,6,0.2500
4,28.0000,25,10,446.0145,-81.9225,0.4475,15,0.3846,0.5000,6,8,7,0,0,8,7,0.1250
4,28.0000,25,11,365.5671,-79.2989,-1.0275,17,0.4359,0.6571,35,6,4,0,0,6,4,0.3333
4,28.0000,25,12,687.5381,-87.0606,-0.4573,9,0.2308,1.0000,8,8,8,0,0,8,8,0.0000
4,28.0000,25,13,495.8515,-84.9466,0.8195,12,0.3077,1.0000,8,8,8,0,0,8,8,0.0000
4,28.0000,25,16,406.0758,-83.9111,1.4128,15,0.3846,0.6667,6,7,5,0,0,7,5,0.2857
4,28.0000,25,17,433.5461,-81.1690,0.6433,11,0.2821,0.5000,6,7,6,0,0,7,6,0.1429
4,28.0000,25,19,498.3001,-82.9686,0.0516,14,0.3590,0.6667,6,8,7,0,0,8,7,0.1250
4,28.0000,25,20,295.7294,-78.2736,-0.5508,28,0.7179,0.0000,4,5,1,0,0,5,1,0.8000
4,28.0000,25,21,562.8142,-84.6474,0.3485,13,0.3333,0.6667,6,7,6,0,0,7,6,0.1429
4,28.0000,25,22,749.1036,-86.1908,-1.7269,3,0.0769,1.0000,8,7,6,0,0,7,6,0.1429
4,28.0000,25,26,303.6619,-80.7579,1.4240,23,0.5897,0.8571,7,6,3,0,0,6,3,0.5000
4,28.0000,25,27,576.3063,-84.5657,0.3107,9,0.2308,0.8571,7,8,8,0,0,8,8,0.0000
4,28.0000,25,29,308.8891,-80.3449,0.3328,24,0.6154,0.7500,8,5,2,0,0,5,2,0.6000
4,28.0000,25,31,455.0188,-81.7738,0.6499,10,0.2564,0.4000,5,8,7,0,0,8,7,0.1250
4,28.0000,25,32,537.8061,-82.9563,0.5791,5,0.1282,0.5714,7,8,7,0,0,8,7,0.1250
4,28.0000,25,34,658.1684,-85.5251,0.8244,9,0.2308,0.8571,7,7,6,0,0,7,6,0.1429
4,28.0000,25,36,858.6470,-87.3286,-0.4976,4,0.1026,1.0000,8,6,6,0,0,6,6,0.0000
4,28.0000,25,38,644.0872,-83.6015,0.0916,4,0.1026,1.0000,8,8,8,0,0,8,8,0.0000
4,28.0000,25,39,455.3192,-82.0047,0.2791,9,0.2308,0.8571,7,7,5,21,19,28,24,0.1429
4,28.0000,25,40,552.8626,-83.9856,0.0286,14,0.3590,0.8571,7,8,8,0,0,8,8,0.0000
4,28.0000,25,43,490.2637,-81.9060,-0.9692,9,0.2308,0.5714,7,8,7,0,0,8,7,0.1250
4,28.0000,25,45,563.7322,-83.8286,0.5611,5,0.1282,0.8571,7,7,6,0,0,7,6,0.1429
4,28.0000,25,46,1130.4160,-87.0463,2.8815,3,0.0769,1.0000,4,4,4,0,0,4,4,0.0000
4,28.0000,25,47,218.0479,-78.4402,1.0041,25,0.6410,0.0000,4,4,0,2,0,6,0,1.0000
4,28.0000,26,1,747.9250,-86.3576,-0.0629,17,0.4359,0.8889,9,6,3,0,0,6,3,0.5000
4,28.0000,26,2,670.6363,-86.3332,0.1796,7,0.1795,0.8750,8,8,8,0,0,8,8,0.0000
4,28.0000,26,5,634.2652,-84.1702,-0.3089,24,0.6154,0.8571,7,7,6,0,0,7,6,0.1429
4,28.0000,26,8,654.2004,-85.4568,-0.0610,10,0.2564,1.0000,6,7,5,0,0,7,5,0.2857
4,28.0000,26,10,676.4415,-86.2232,-0.5768,7,0.1795,0.8571,7,8,8,0,0,8,8,0.0000
4,28.0000,26,11,656.0958,-86.0104,0.1735,4,0.1026,0.8571,7,8,8,0,0,8,8,0.0000
4,28.0000,26,12,739.2852,-86.5897,-0.3592,8,0.2051,1.0000,8,7,6,0,0,7,6,0.1429
4,28.0000,26,13,392.2008,-80.7002,-0.1898,28,0.7179,0.8750,8,7,6,0,0,7,6,0.1429
4,28.0000,26,16,481.5246,-84.0492,0.7867,16,0.4103,1.0000,8,8,7,0,0,8,7,0.1250
4,28.0000,26,19,785.1754,-86.7744,0.1593,6,0.1538,1.0000,8,7,6,0,0,7,6,0.1429
4,28.0000,26,20,276.0905,-79.9577,1.4629,24,0.6154,0.6667,6,6,2,0,0,6,2,0.6667
4,28.0000,26,21,371.3847,-80.1735,-0.2431,29,0.7436,0.4000,5,8,6,0,0,8,6,0.2500
4,28.0000,26,22,848.0097,-87.3565,-1.2398,3,0.0769,1.0000,6,8,8,0,0,8,8,0.0000
4,28.0000,26,25,303.6619,-80.7454,1.2734,21,0.5385,0.8750,8,4,0,0,0,4,0,1.0000
4,28.0000,26,27,759.2620,-87.6730,-0.1930,5,0.1282,1.0000,8,8,8,0,0,8,8,0.0000
4,28.0000,26,29,185.3445,-76.9983,1.4388,31,0.7949,0.2000,5,5,1,0,0,5,1,0.8000
4,28.0000,26,34,427.5360,-81.2539,-1.3047,32,0.8205,0.7143,7,8,8,0,0,8,8,0.0000
4,28.0000,26,35,881.5562,-87.6470,-0.2399,8,0.2051,1.0000,8,8,8,0,0,8,8,0.0000
4,28.0000,26,36,755.0111,-85.4659,0.8660,16,0.4103,0.8571,7,6,6,0,0,6,6,0.0000
4,28.0000,26,38,673.5764,-85.9043,1.5418,4,0.1026,0.8750,8,8,8,0,0,8,8,0.0000
4,28.0000,26,39,656.8942,-84.9798,0.6739,3,0.0769,1.0000,8,9,7,0,0,9,7,0.2222
4,28.0000,26,40,575.9621,-83.8101,0.2372,17,0.4359,1.0000,8,7,6,0,0,7,6,0.1429
4,28.0000,26,43,739.3213,-86.1804,0.2763,9,0.2308,1.0000,8,8,8,0,0,8,8,0.0000
4,28.0000,26,47,117.4223,-72.6153,1.5993,34,0.8718,0.2000,5,5,1,0,0,5,1,0.8000
4,28.0000,27,0,1105.9294,-88.4619,-0.1248,4,0.1000,0.8571,7,6,6,0,0,6,6,0.0000
4,28.0000,27,1,862.2991,-88.0051,-0.2808,7,0.1750,0.8333,6,8,8,0,0,8,8,0.0000
4,28.0000,27,2,324.0581,-78.6828,0.0872,26,0.6500,0.8750,8,8,6,0,0,8,6,0.2500
4,28.0000,27,8,163.0387,-68.9852,-2.4256,34,0.8500,0.0000,4,7,5,0,0,7,5,0.2857
4,28.0000,27,9,934.4693,-87.6520,-1.0576,3,0.0750,1.0000,4,6,6,0,0,6,6,0.0000
4,28.0000,27,10,301.1848,-78.2065,-0.0241,30,0.7500,0.5000,6,6,4,0,0,6,4,0.3333
4,28.0000,27,11,666.5249,-86.4740,-0.7054,7,0.1750,1.0000,8,8,8,0,0,8,8,0.0000
4,28.0000,27,12,419.1569,-83.4024,-0.2702,20,0.5000,0.4000,5,7,6,0,0,7,6,0.1429
4,28.0000,27,13,659.2223,-85.8330,-0.3738,11,0.2750,0.8571,7,7,6,0,0,7,6,0.1429
4,28.0000,27,16,375.1497,-82.0029,0.7673,18,0.4500,0.7143,7,8,7,0,0,8,7,0.1250
4,28.0000,27,17,686.0530,-86.5955,0.2834,9,0.2250,1.0000,8,8,8,0,0,8,8,0.0000
4,28.0000,27,19,390.9160,-80.3797,-0.1160,23,0.5750,0.7143,7,6,4,0,0,6,4,0.3333
4,28.0000,27,20,811.0257,-86.4179,-0.4637,6,0.1500,0.8571,7,8,8,0,0,8,8,0.0000
4,28.0000,27,21,858.2337,-87.2091,-0.2069,5,0.1250,0.8000,5,4,2,0,0,4,2,0.5000
4,28.0000,27,23,919.1537,-87.8012,-0.7461,6,0.1500,1.0000,8,6,6,0,0,6,6,0.0000
4,28.0000,27,25,576.3063,-85.6495,0.2979,8,0.2000,0.5000,6,8,6,0,0,8,6,0.2500
4,28.0000,27,26,759.2620,-86.1804,0.6480,9,0.2250,1.0000,8,6,4,0,0,6,4,0.3333
4,28.0000,27,29,700.2633,-85.4201,-0.0545,10,0.2500,1.0000,6,8,8,0,0,8,8,0.0000
4,28.0000,27,31,570.6524,-84.4090,-0.5534,10,0.2500,1.0000,8,8,7,0,0,8,7,0.1250
4,28.0000,27,32,624.7520,-83.9616,-0.8419,7,0.1750,1.0000,8,5,4,0,0,5,4,0.2000
4,28.0000,27,34,836.9845,-87.6721,0.4668,4,0.1000,1.0000,8,8,8,0,0,8,8,0.0000
4,28.0000,27,35,745.4438,-87.3643,0.3958,10,0.2500,1.0000,8,7,6,0,0,7,6,0.1429
4,28.0000,27,36,813.8474,-87.9177,0.3003,5,0.1250,1.0000,8,3,2,0,0,3,2,0.3333
4,28.0000,27,39,847.4157,-86.2559,0.4496,3,0.0750,1.0000,8,8,8,0,0,8,8,0.0000
4,28.0000,27,40,370.3174,-82.4369,0.1860,19,0.4750,0.8571,7,6,3,0,0,6,3,0.5000
4,28.0000,27,43,534.7472,-83.2196,0.1331,9,0.2250,0.8571,7,8,8,0,0,8,8,0.0000
4,28.0000,27,45,999.2818,-88.5573,-0.2033,5,0.1250,1.0000,8,4,4,0,0,4,4,0.0000
4,28.0000,27,47,662.1382,-84.3827,-0.9096,8,0.2000,1.0000,8,7,6,0,0,7,6,0.1429
4,28.0000,28,0,561.5062,-84.2119,-0.4077,20,0.5000,0.8571,7,7,6,0,0,7,6,0.1429
4,28.0000,28,3,473.6963,-83.0051,-0.5349,30,0.7500,0.3333,6,7,6,0,0,7,6,0.1429
4,28.0000,28,4,176.0807,-73.3204,-0.1988,36,0.9000,0.0000,4,5,1,0,0,5,1,0.8000
4,28.0000,28,6,474.4918,-83.7639,0.4346,23,0.5750,0.5000,6,7,6,0,0,7,6,0.1429
4,28.0000,28,7,441.2790,-81.7708,-0.2636,26,0.6500,0.8571,7,8,8,0,0,8,8,0.0000
4,28.0000,28,9,521.1094,-84.6515,0.4567,13,0.3250,0.7143,7,8,6,0,0,8,6,0.2500
4,28.0000,28,11,758.0139,-88.5147,-0.2658,8,0.2000,1.0000,8,8,8,0,0,8,8,0.0000
4,28.0000,28,14,699.5122,-85.9948,0.4150,17,0.4250,1.0000,8,8,8,0,0,8,8,0.0000
4,28.0000,28,15,588.0965,-82.8844,-0.7263,24,0.6000,1.0000,8,8,8,0,0,8,8,0.0000
4,28.0000,28,17,652.0619,-86.2076,-0.6107,10,0.2500,1.0000,8,7,6,0,0,7,6,0.1429
4,28.0000,28,18,471.6165,-84.3325,0.4189,24,0.6000,0.8571,7,6,4,0,0,6,4,0.3333
4,28.0000,28,20,801.0696,-87.4378,-0.6040,8,0.2000,1.0000,8,8,7,0,0,8,7,0.1250
4,28.0000,28,22,339.8011,-81.2572,0.5315,25,0.6250,0.8750,8,6,4,0,0,6,4,0.3333
4,28.0000,28,23,634.4812,-86.1642,-0.0489,10,0.2500,1.0000,8,8,8,0,0,8,8,0.0000
4,28.0000,28,24,772.7759,-87.0173,0.0943,16,0.4000,0.7143,7,4,4,0,0,4,4,0.0000
4,28.0000,28,25,921.9008,-87.9583,-0.0706,6,0.1500,1.0000,2,6,6,0,0,6,6,0.0000
4,28.0000,28,30,679.1373,-86.6408,-0.4387,19,0.4750,0.8571,7,6,6,0,0,6,6,0.0000
4,28.0000,28,31,813.8088,-87.2651,0.8635,7,0.1750,1.0000,8,8,8,0,0,8,8,0.0000
4,28.0000,28,32,771.2639,-86.3335,0.4087,9,0.2250,0.8571,7,8,8,0,0,8,8,0.0000
4,28.0000,28,33,624.7032,-85.7638,0.1685,16,0.4000,0.8571,7,8,8,0,0,8,8,0.0000
4,28.0000,28,37,620.9326,-86.4166,-0.1273,17,0.4250,0.8571,7,8,7,0,0,8,7,0.1250
4,28.0000,28,38,458.8665,-84.8810,0.0886,18,0.4500,1.0000,8,7,4,0,0,7,4,0.4286
4,28.0000,28,39,492.2277,-84.8076,0.3840,12,0.3000,0.8750,8,7,6,0,0,7,6,0.1429
4,28.0000,28,41,696.2486,-85.4783,-0.2264,15,0.3750,1.0000,10,4,4,0,0,4,4,0.0000
4,28.0000,28,42,653.3855,-86.1225,-0.0915,20,0.5000,1.0000,8,7,5,0,0,7,5,0.2857
4,28.0000,28,43,839.9350,-88.3543,0.3045,3,0.0750,1.0000,6,8,8,0,0,8,8,0.0000
4,28.0000,28,44,449.6809,-83.1941,-0.3419,25,0.6250,0.4000,5,8,7,0,0,8,7,0.1250
4,28.0000,28,45,540.3402,-84.1883,-0.0752,14,0.3500,0.8571,7,7,7,0,0,7,7,0.0000
4,28.0000,28,46,419.0004,-80.8219,-0.3011,28,0.7000,0.7143,7,8,7,0,0,8,7,0.1250
4,28.0000,29,1,652.6400,-86.3520,-0.3204,11,0.2750,0.4000,5,8,8,0,0,8,8,0.0000
4,28.0000,29,2,681.1738,-86.5065,2.5441,8,0.2000,1.0000,8,7,6,5,4,12,10,0.1667
4,28.0000,29,5,628.6018,-84.5694,-0.8179,22,0.5500,1.0000,8,8,8,0,0,8,8,0.0000
4,28.0000,29,8,629.0527,-85.0777,-0.5858,13,0.3250,1.0000,8,8,8,0,0,8,8,0.0000
4,28.0000,29,10,575.4743,-84.5784,1.0551,10,0.2500,0.4000,5,7,4,0,0,7,4,0.4286
4,28.0000,29,11,645.1743,-85.6683,-2.6713,4,0.1000,1.0000,8,8,8,0,0,8,8,0.0000
4,28.0000,29,12,615.1340,-85.6970,-0.1675,14,0.3500,0.5714,7,7,6,0,0,7,6,0.1429
4,28.0000,29,13,251.0129,-75.8948,-0.3118,33,0.8250,0.0000,5,8,5,0,0,8,5,0.3750
4,28.0000,29,16,368.4289,-80.5903,0.1488,19,0.4750,0.8750,8,5,2,0,0,5,2,0.6000
4,28.0000,29,17,736.4502,-87.6813,-0.1682,5,0.1250,1.0000,8,8,8,0,0,8,8,0.0000
4,28.0000,29,19,725.6448,-85.3463,-0.2779,8,0.2000,1.0000,8,7,6,0,0,7,6,0.1429
4,28.0000,29,20,423.1761,-82.0474,0.0464,12,0.3000,0.8571,7,6,3,0,0,6,3,0.5000
4,28.0000,29,21,526.1728,-83.7196,0.4452,13,0.3250,0.8571,7,8,8,0,0,8,8,0.0000
4,28.0000,29,22,981.1734,-88.3103,-0.8761,4,0.1000,1.0000,6,2,2,0,0,2,2,0.0000
4,28.0000,29,25,308.8891,-82.2380,1.6095,12,0.3000,0.9007,141,6,4,96,71,102,75,0.2647
4,28.0000,29,26,185.3445,-76.1860,0.2458,31,0.7750,0.0000,4,4,0,0,0,4,0,1.0000
4,28.0000,29,27,700.2633,-85.1999,-0.0023,10,0.2500,1.0000,8,7,6,30,30,37,36,0.0270
4,28.0000,29,31,751.2006,-87.7647,2.4294,5,0.1250,1.0000,6,8,8,0,0,8,8,0.0000
4,28.0000,29,32,841.8155,-88.4842,0.2954,3,0.0750,1.0000,6,6,6,0,0,6,6,0.0000
4,28.0000,29,34,429.8019,-81.8864,-0.6138,30,0.7500,0.8571,7,7,5,0,0,7,5,0.2857
4,28.0000,29,35,745.2115,-85.3909,-0.1226,15,0.3750,1.0000,8,8,8,0,0,8,8,0.0000
4,28.0000,29,36,628.7795,-84.5715,-1.0277,19,0.4750,0.8571,7,6,4,0,0,6,4,0.3333
4,28.0000,29,38,811.0507,-87.0664,-0.2000,3,0.0750,1.0000,8,8,8,0,0,8,8,0.0000
4,28.0000,29,39,736.8390,-87.3303,-0.9333,5,0.1250,1.0000,8,8,7,0,0,8,7,0.1250
4,28.0000,29,40,556.7041,-84.4253,-0.5820,14,0.3500,0.7143,7,8,8,0,0,8,8,0.0000
4,28.0000,29,43,780.3905,-87.9064,0.5782,6,0.1500,1.0000,8,8,8,0,0,8,8,0.0000
4,28.0000,29,47,223.8091,-76.0990,-0.5444,31,0.7750,0.4545,11,5,1,0,0,5,1,0.8000
4,28.0000,30,0,652.8003,-86.3104,0.6211,5,0.1250,0.7143,7,8,8,0,0,8,8,0.0000
4,28.0000,30,3,665.4472,-86.4663,-0.0366,7,0.1750,1.0000,8,6,3,0,0,6,3,0.5000
4,28.0000,30,4,727.8631,-86.2010,-0.2790,6,0.1500,1.0000,8,8,8,0,0,8,8,0.0000
4,28.0000,30,6,443.3617,-84.2160,0.5588,14,0.3500,0.7143,7,5,1,0,0,5,1,0.8000
4,28.0000,30,7,395.9945,-82.3390,0.7148,16,0.4000,1.0000,8,7,5,0,0,7,5,0.2857
4,28.0000,30,9,813.3855,-87.0617,-0.5422,3,0.0750,1.0000,8,8,8,0,0,8,8,0.0000
4,28.0000,30,14,335.0463,-80.8919,-0.5574,31,0.7750,0.2000,5,3,0,0,0,3,0,1.0000
4,28.0000,30,15,478.6415,-83.0187,-0.5147,21,0.5250,0.8571,7,5,2,0,0,5,2,0.6000
4,28.0000,30,18,433.7218,-81.9166,-0.5543,17,0.4250,0.8571,7,6,3,0,0,6,3,0.5000
4,28.0000,30,23,853.6605,-89.1943,-0.0981,3,0.0750,1.0000,8,8,8,0,0,8,8,0.0000
4,28.0000,30,24,143.6627,-71.4531,-0.2877,30,0.7500,0.2000,5,4,0,0,0,4,0,1.0000
4,28.0000,30,28,679.1373,-86.7918,0.4897,9,0.2250,1.0000,8,7,5,0,0,7,5,0.2857
4,28.0000,30,33,655.2632,-86.1188,0.4666,8,0.2000,1.0000,8,8,8,0,0,8,8,0.0000
4,28.0000,30,37,429.4490,-84.2149,-0.3969,14,0.3500,0.7500,8,8,7,0,0,8,7,0.1250
4,28.0000,30,39,1041.3046,-87.8926,0.5145,4,0.1000,1.0000,8,8,8,0,0,8,8,0.0000
4,28.0000,30,41,497.1733,-85.8811,0.1227,8,0.2000,0.8571,7,8,8,0,0,8,8,0.0000
4,28.0000,30,42,210.6745,-74.6101,-1.3212,36,0.9000,0.2000,5,6,3,0,0,6,3,0.5000
4,28.0000,30,44,273.5035,-77.5338,0.4884,29,0.7250,0.5000,6,4,0,0,0,4,0,1.0000
4,28.0000,30,46,366.3815,-82.1850,1.7455,15,0.3750,1.0000,8,6,3,0,0,6,3,0.5000
4,28.0000,31,0,552.6243,-84.3517,0.0877,7,0.1750,1.0000,8,8,7,0,0,8,7,0.1250
4,28.0000,31,2,348.3908,-79.2416,-0.4675,29,0.7250,0.6250,8,5,4,0,0,5,4,0.2000
4,28.0000,31,4,842.9298,-87.7675,2.0747,3,0.0750,1.0000,6,6,5,0,0,6,5,0.1667
4,28.0000,31,7,833.8256,-87.4948,0.4090,6,0.1500,1.0000,6,8,8,0,0,8,8,0.0000
4,28.0000,31,8,561.8649,-84.5425,-0.0060,14,0.3500,0.8571,7,7,6,0,0,7,6,0.1429
4,28.0000,31,9,404.4450,-82.5544,0.5842,13,0.3250,0.8750,8,7,6,0,0,7,6,0.1429
4,28.0000,31,10,463.4223,-83.6331,0.1798,19,0.4750,0.9500,40,6,3,0,0,6,3,0.5000
4,28.0000,31,11,206.7515,-76.4163,-0.1565,33,0.8250,0.3333,6,4,0,0,0,4,0,1.0000
4,28.0000,31,12,885.0218,-87.1952,-0.0261,6,0.1500,1.0000,8,8,8,0,0,8,8,0.0000
4,28.0000,31,13,886.8734,-88.5564,-0.4603,4,0.1000,1.0000,4,8,8,0,0,8,8,0.0000
4,28.0000,31,16,674.1934,-86.2616,-1.1515,7,0.1750,0.8571,7,8,8,0,0,8,8,0.0000
4,28.0000,31,17,269.2389,-78.5210,0.3810,26,0.6500,0.2000,5,5,1,0,0,5,1,0.8000
4,28.0000,31,18,800.8141,-88.0331,-0.5809,4,0.1000,1.0000,4,8,8,0,0,8,8,0.0000
4,28.0000,31,19,272.5469,-78.1067,0.4714,30,0.7500,0.5000,6,4,0,0,0,4,0,1.0000
4,28.0000,31,20,630.4670,-83.6173,-1.3525,8,0.2000,1.0000,8,7,6,0,0,7,6,0.1429
4,28.0000,31,22,728.1123,-84.8954,0.6948,5,0.1250,1.0000,8,8,8,0,0,8,8,0.0000
4,28.0000,31,23,444.8897,-81.8993,-0.0648,15,0.3750,0.7500,8,7,6,0,0,7,6,0.1429
4,28.0000,31,25,455.0188,-81.1986,-1.6467,12,0.3000,0.7143,7,8,8,60,59,68,67,0.0147
4,28.0000,31,27,570.6524,-84.0993,-0.2182,13,0.3250,1.0000,8,8,7,0,0,8,7,0.1250
4,28.0000,31,28,813.8088,-87.5924,1.5006,4,0.1000,1.0000,8,6,6,0,0,6,6,0.0000
4,28.0000,31,32,125.6854,-72.3757,0.5900,36,0.9000,0.0000,4,4,0,0,0,4,0,1.0000
4,28.0000,31,33,593.5647,-85.3283,0.7914,6,0.1500,0.7143,7,6,4,0,0,6,4,0.3333
4,28.0000,31,34,1073.9266,-87.1855,-1.1109,4,0.1000,1.0000,8,4,4,0,0,4,4,0.0000
4,28.0000,31,37,836.3858,-87.8530,-0.1720,6,0.1500,1.0000,8,8,8,0,0,8,8,0.0000
4,28.0000,31,39,389.9999,-80.0813,1.0767,12,0.3000,0.7500,8,8,6,0,0,8,6,0.2500
4,28.0000,31,40,771.2791,-85.3365,0.3163,4,0.1000,1.0000,8,8,7,0,0,8,7,0.1250
4,28.0000,31,41,793.6460,-87.9992,-0.3709,5,0.1250,1.0000,8,6,6,0,0,6,6,0.0000
4,28.0000,31,43,251.1791,-77.6692,0.3609,28,0.7000,0.6667,15,6,3,0,0,6,3,0.5000
4,28.0000,31,45,675.5063,-86.1165,0.7246,4,0.1000,1.0000,8,8,8,0,0,8,8,0.0000
4,28.0000,31,47,652.3343,-85.2341,-0.8185,8,0.2000,1.0000,8,8,6,0,0,8,6,0.2500
4,28.0000,32,0,489.5499,-82.3404,-0.2519,15,0.3750,0.8571,7,8,8,0,0,8,8,0.0000
4,28.0000,32,2,362.6344,-80.3513,0.0031,24,0.6000,0.7143,7,7,6,0,0,7,6,0.1429
4,28.0000,32,4,782.3508,-87.2602,1.9241,5,0.1250,0.8333,6,8,7,0,0,8,7,0.1250
4,28.0000,32,6,792.6070,-86.8359,-0.2663,9,0.2250,0.8571,7,4,4,0,0,4,4,0.0000
4,28.0000,32,7,784.3912,-86.7297,-0.6869,7,0.1750,0.8571,7,8,8,0,0,8,8,0.0000
4,28.0000,32,8,603.4641,-85.7592,0.9512,9,0.2250,1.0000,8,7,6,0,0,7,6,0.1429
4,28.0000,32,9,314.9542,-80.1114,0.5910,27,0.6750,0.7143,7,7,4,0,0,7,4,0.4286
4,28.0000,32,10,567.0503,-84.7687,1.4044,9,0.2250,0.8571,7,6,3,0,0,6,3,0.5000
4,28.0000,32,11,306.7636,-79.5212,-0.4416,24,0.6000,1.0000,8,5,2,0,0,5,2,0.6000
4,28.0000,32,12,970.9822,-87.4033,0.3781,3,0.0750,1.0000,4,2,2,0,0,2,2,0.0000
4,28.0000,32,16,764.9511,-87.0066,-0.0089,6,0.1500,1.0000,6,8,8,0,0,8,8,0.0000
4,28.0000,32,17,232.8353,-75.6393,-0.3603,35,0.8750,0.0000,3,6,1,0,0,6,1,0.8333
4,28.0000,32,18,754.4924,-86.6859,0.3219,6,0.1500,0.8333,6,8,8,0,0,8,8,0.0000
4,28.0000,32,19,366.2902,-82.2016,0.1253,16,0.4000,0.5000,6,8,7,0,0,8,7,0.1250
4,28.0000,32,20,669.5687,-85.1359,-0.9059,8,0.2000,0.8571,7,8,7,0,0,8,7,0.1250
4,28.0000,32,22,679.0610,-84.3345,-0.2324,12,0.3000,0.6667,6,7,6,0,0,7,6,0.1429
4,28.0000,32,23,328.9324,-78.9352,-0.8601,32,0.8000,0.7500,8,8,5,0,0,8,5,0.3750
4,28.0000,32,25,537.8061,-83.5420,-1.1363,12,0.3000,0.5000,6,7,6,0,0,7,6,0.1429
4,28.0000,32,27,624.7520,-85.4272,1.2337,13,0.3250,0.8750,8,7,6,0,0,7,6,0.1429
4,28.0000,32,28,771.2639,-86.1283,-0.9658,8,0.2000,0.7143,7,4,3,0,0,4,3,0.2500
4,28.0000,32,29,841.8155,-87.8250,-0.3052,4,0.1000,1.0000,6,6,6,0,0,6,6,0.0000
4,28.0000,32,31,125.6854,-72.6734,0.6329,37,0.9250,0.0000,4,5,1,0,0,5,1,0.8000
4,28.0000,32,33,503.9010,-83.7414,0.5741,17,0.4250,0.7143,7,7,5,0,0,7,5,0.2857
4,28.0000,32,37,784.2242,-86.4020,0.2732,8,0.2000,1.0000,8,8,8,0,0,8,8,0.0000
4,28.0000,32,38,771.9602,-85.2491,0.3975,11,0.2750,0.5000,6,6,6,0,0,6,6,0.0000
4,28.0000,32,39,380.4610,-79.0497,-0.0877,24,0.6000,0.6250,8,8,8,2,2,10,10,0.0000
4,28.0000,32,40,819.0026,-87.1713,0.0905,7,0.1750,1.0000,8,8,8,0,0,8,8,0.0000
4,28.0000,32,41,719.5611,-86.4433,1.0543,5,0.1250,1.0000,10,6,6,0,0,6,6,0.0000
4,28.0000,32,43,197.2733,-76.3912,0.5880,34,0.8500,0.2000,5,5,1,0,0,5,1,0.8000
4,28.0000,32,44,1003.6091,-88.4869,-4.5956,3,0.0750,1.0000,6,8,8,0,0,8,8,0.0000
4,28.0000,32,45,656.0186,-83.9162,-1.2589,10,0.2500,1.0000,8,6,6,0,0,6,6,0.0000
4,28.0000,32,46,811.4809,-86.9500,0.6135,9,0.2250,0.8571,7,8,8,0,0,8,8,0.0000
4,28.0000,32,47,717.1960,-86.7933,0.1176,7,0.1750,1.0000,8,8,8,0,0,8,8,0.0000
4,28.0000,33,0,152.6738,-75.9300,1.4727,31,0.7750,0.2000,5,4,0,0,0,4,0,1.0000
4,28.0000,33,2,847.8242,-88.8638,0.1330,4,0.1000,1.0000,8,8,8,0,0,8,8,0.0000
4,28.0000,33,4,647.5049,-85.4529,0.3125,10,0.2500,1.0000,8,8,7,0,0,8,7,0.1250
4,28.0000,33,6,450.0206,-82.4612,-0.4562,20,0.5000,0.5714,7,6,4,0,0,6,4,0.3333
4,28.0000,33,7,414.8737,-82.7773,-0.3815,20,0.5000,0.8750,8,7,3,0,0,7,3,0.5714
4,28.0000,33,9,259.7145,-77.5687,0.0133,26,0.6500,0.5714,7,6,3,0,0,6,3,0.5000
4,28.0000,33,11,678.1031,-86.9070,-0.3687,6,0.1500,1.0000,8,8,8,0,0,8,8,0.0000
4,28.0000,33,14,916.3154,-88.0031,2.1091,6,0.1500,1.0000,4,8,8,0,0,8,8,0.0000
4,28.0000,33,15,953.8723,-86.8287,0.5911,5,0.1250,1.0000,6,6,6,0,0,6,6,0.0000
4,28.0000,33,17,591.6831,-86.4861,1.1125,5,0.1250,1.0000,8,8,7,0,0,8,7,0.1250
4,28.0000,33,18,389.6881,-82.1353,0.5209,21,0.5250,0.4286,7,7,5,0,0,7,5,0.2857
4,28.0000,33,22,714.8602,-85.9294,0.3803,6,0.1500,0.8571,7,8,8,0,0,8,8,0.0000
4,28.0000,33,23,251.6846,-79.9706,1.0769,18,0.4500,0.8750,8,7,4,0,0,7,4,0.4286
4,28.0000,33,24,769.4725,-86.9855,-0.0939,8,0.2000,1.0000,7,6,5,0,0,6,5,0.1667
4,28.0000,33,25,979.8893,-88.8328,-0.2716,3,0.0750,1.0000,4,6,6,0,0,6,6,0.0000
4,28.0000,33,28,624.7032,-85.7233,0.0885,5,0.1250,0.8750,8,8,8,0,0,8,8,0.0000
4,28.0000,33,30,655.2632,-86.2500,0.7294,13,0.3250,1.0000,8,8,8,0,0,8,8,0.0000
4,28.0000,33,31,593.5647,-84.9609,-0.4854,7,0.1750,0.5000,4,9,8,0,0,9,8,0.1111
4,28.0000,33,32,503.9010,-84.0623,-0.7747,7,0.1750,1.0000,8,8,6,0,0,8,6,0.2500
4,28.0000,33,37,361.4776,-80.2628,-0.6337,24,0.6000,0.7500,8,8,7,0,0,8,7,0.1250
4,28.0000,33,39,609.3683,-84.5796,0.2806,8,0.2000,1.0000,8,7,6,0,0,7,6,0.1429
4,28.0000,33,41,235.2993,-75.2762,-1.1497,33,0.8250,0.0000,4,6,3,0,0,6,3,0.5000
4,28.0000,33,42,774.3891,-86.1659,0.2868,8,0.2000,1.0000,8,8,8,0,0,8,8,0.0000
4,28.0000,33,43,642.3222,-85.4543,1.0266,5,0.1250,1.0000,8,8,8,0,0,8,8,0.0000
4,28.0000,33,44,628.0947,-85.9187,0.7487,14,0.3500,1.0000,8,8,8,0,0,8,8,0.0000
4,28.0000,33,45,852.2235,-88.4889,-0.3591,5,0.1250,1.0000,8,4,4,0,0,4,4,0.0000
4,28.0000,33,46,439.4354,-83.0546,-0.0917,18,0.4500,1.0000,8,7,6,0,0,7,6,0.1429
4,28.0000,34,1,410.0034,-82.1155,1.2219,23,0.5750,0.6667,6,6,4,0,0,6,4,0.3333
4,28.0000,34,2,875.4476,-88.0615,0.1594,4,0.1000,1.0000,4,8,8,0,0,8,8,0.0000
4,28.0000,34,5,215.9847,-76.1953,0.1730,35,0.8750,0.3333,6,5,2,0,0,5,2,0.6000
4,28.0000,34,8,734.7713,-87.3304,-2.6501,5,0.1250,1.0000,8,8,8,0,0,8,8,0.0000
4,28.0000,34,10,851.2445,-86.6086,-0.0304,6,0.1500,1.0000,8,6,6,0,0,6,6,0.0000
4,28.0000,34,11,1020.7054,-88.8469,-0.2863,3,0.0750,1.0000,8,4,4,0,0,4,4,0.0000
4,28.0000,34,12,651.4814,-85.6290,0.4295,10,0.2500,0.8571,7,8,8,0,0,8,8,0.0000
4,28.0000,34,13,342.0861,-78.7608,-0.1719,27,0.6750,0.5000,6,7,5,0,0,7,5,0.2857
4,28.0000,34,16,537.4836,-83.2268,-0.0419,12,0.3000,0.7143,7,5,4,0,0,5,4,0.2000
4,28.0000,34,17,1015.4718,-88.8447,-0.1381,3,0.0750,1.0000,6,8,8,0,0,8,8,0.0000
4,28.0000,34,20,669.1768,-84.2849,-0.1320,5,0.1250,1.0000,8,8,8,0,0,8,8,0.0000
4,28.0000,34,21,439.4091,-82.0130,0.3283,20,0.5000,0.8750,8,8,7,0,0,8,7,0.1250
4,28.0000,34,25,658.1684,-86.0283,0.6374,6,0.1500,0.8750,8,8,8,0,0,8,8,0.0000
4,28.0000,34,26,427.5360,-79.8618,-0.9473,13,0.3250,0.4000,5,7,6,0,0,7,6,0.1429
4,28.0000,34,27,836.9845,-87.4954,1.4948,4,0.1000,1.0000,8,8,8,0,0,8,8,0.0000
4,28.0000,34,29,429.8019,-80.9771,-0.6138,16,0.4000,0.6667,6,8,8,0,0,8,8,0.0000
4,28.0000,34,31,1073.9266,-88.7573,0.8091,4,0.1000,1.0000,8,6,6,0,0,6,6,0.0000
4,28.0000,34,35,657.7334,-86.4487,-0.6886,9,0.2250,1.0000,8,6,6,0,0,6,6,0.0000
4,28.0000,34,36,489.8370,-84.0031,-0.2871,18,0.4500,0.4000,5,8,7,0,0,8,7,0.1250
4,28.0000,34,40,517.1705,-83.1863,-0.6219,11,0.2750,1.0000,8,8,8,0,0,8,8,0.0000
4,28.0000,34,43,1017.5060,-88.4058,-0.1885,3,0.0750,1.0000,8,8,8,0,0,8,8,0.0000
4,28.0000,34,47,472.3815,-78.6902,-1.1572,12,0.3000,0.8750,8,7,5,0,0,7,5,0.2857
4,28.0000,35,1,318.5436,-79.2556,-1.1223,30,0.7692,0.4000,5,5,2,0,0,5,2,0.6000
4,28.0000,35,5,678.2499,-84.7045,-1.0256,11,0.2821,1.0000,8,8,8,0,0,8,8,0.0000
4,28.0000,35,10,759.8436,-86.2912,-1.1404,4,0.1026,1.0000,8,8,8,0,0,8,8,0.0000
4,28.0000,35,12,328.8587,-79.9224,0.0888,23,0.5897,0.5000,6,7,6,0,0,7,6,0.1429
4,28.0000,35,13,500.2560,-83.0920,-1.0222,12,0.3077,0.8571,7,8,7,0,0,8,7,0.1250
4,28.0000,35,16,535.3876,-83.7141,-2.2170,6,0.1538,0.8750,8,7,6,0,0,7,6,0.1429
4,28.0000,35,26,881.5562,-87.9821,0.1254,5,0.1282,1.0000,6,8,8,0,0,8,8,0.0000
4,28.0000,35,27,745.4438,-86.7194,-0.0285,4,0.1026,1.0000,8,8,8,0,0,8,8,0.0000
4,28.0000,35,29,745.2115,-86.2287,0.8887,5,0.1282,1.0000,8,8,8,0,0,8,8,0.0000
4,28.0000,35,34,657.7334,-85.8693,-0.8044,8,0.2051,1.0000,8,8,8,0,0,8,8,0.0000
4,28.0000,35,36,211.2409,-75.5867,0.1115,35,0.8974,0.2000,5,5,1,0,0,5,1,0.8000
4,28.0000,35,40,629.6155,-85.5801,-0.0368,5,0.1282,0.8571,7,8,7,0,0,8,7,0.1250
4,28.0000,35,47,877.9345,-87.5904,1.0704,3,0.0769,0.6667,6,8,8,0,0,8,8,0.0000
4,28.0000,36,1,147.8575,-72.8003,-0.4176,39,0.9750,0.0000,4,5,1,0,0,5,1,0.8000
4,28.0000,36,5,494.8475,-83.0957,-0.4400,25,0.6250,0.6667,6,6,3,0,0,6,3,0.5000
4,28.0000,36,10,804.1657,-85.8672,-0.9533,6,0.1500,1.0000,8,8,8,0,0,8,8,0.0000
4,28.0000,36,12,424.7259,-81.9692,-0.3088,20,0.5000,1.0000,8,7,5,0,0,7,5,0.2857
4,28.0000,36,13,379.3920,-80.1547,-0.9248,24,0.6000,0.3333,6,7,6,0,0,7,6,0.1429
4,28.0000,36,16,524.6365,-83.0513,-0.6940,13,0.3250,1.0000,8,8,8,0,0,8,8,0.0000
4,28.0000,36,25,858.6470,-86.2094,1.5414,3,0.0750,1.0000,6,8,8,0,0,8,8,0.0000
4,28.0000,36,26,755.0111,-86.2639,-0.5788,7,0.1750,0.8571,7,8,8,0,0,8,8,0.0000
4,28.0000,36,27,813.8474,-86.7201,-0.6009,6,0.1500,1.0000,8,8,8,0,0,8,8,0.0000
4,28.0000,36,29,628.7795,-84.3666,-1.6337,10,0.2500,1.0000,8,8,8,0,0,8,8,0.0000
4,28.0000,36,34,489.8370,-82.6126,-0.2613,18,0.4500,0.2500,4,7,5,0,0,7,5,0.2857
4,28.0000,36,35,211.2409,-76.3734,-0.2581,39,0.9750,0.0000,4,5,1,0,0,5,1,0.8000
4,28.0000,36,40,622.6910,-84.8278,0.4440,7,0.1750,1.0000,8,8,7,0,0,8,7,0.1250
4,28.0000,36,47,775.2746,-86.5030,-0.8431,8,0.2000,0.8750,8,8,8,0,0,8,8,0.0000
4,28.0000,37,0,297.1808,-79.1920,0.0485,23,0.5750,0.3333,6,4,0,0,0,4,0,1.0000
4,28.0000,37,3,865.1354,-87.5058,0.8728,4,0.1000,1.0000,6,8,8,0,0,8,8,0.0000
4,28.0000,37,4,712.9399,-85.4728,1.0316,4,0.1000,0.8750,8,8,8,0,0,8,8,0.0000
4,28.0000,37,6,193.3306,-75.2876,-0.0428,36,0.9000,0.0000,4,5,1,0,0,5,1,0.8000
4,28.0000,37,7,193.7379,-78.0481,1.3563,24,0.6000,0.2000,5,4,0,0,0,4,0,1.0000
4,28.0000,37,9,533.0238,-83.3937,-1.1219,11,0.2750,0.6667,6,8,8,0,0,8,8,0.0000
4,28.0000,37,11,845.0284,-88.1504,-0.4318,3,0.0750,1.0000,8,6,6,0,0,6,6,0.0000
4,28.0000,37,14,658.8852,-86.0247,0.9543,8,0.2000,1.0000,4,8,7,0,0,8,7,0.1250
4,28.0000,37,15,745.5745,-85.4859,-0.6428,6,0.1500,1.0000,8,8,8,0,0,8,8,0.0000
4,28.0000,37,18,158.6724,-74.2058,0.8195,36,0.9000,0.3333,6,5,1,0,0,5,1,0.8000
4,28.0000,37,22,859.6695,-86.4995,-3.2014,3,0.0750,1.0000,6,8,8,0,0,8,8,0.0000
4,28.0000,37,23,593.9051,-85.1580,0.1700,7,0.1750,1.0000,8,7,6,0,0,7,6,0.1429
4,28.0000,37,24,494.4954,-84.2940,0.9502,15,0.3750,1.0000,8,6,4,0,0,6,4,0.3333
4,28.0000,37,28,620.9326,-86.2733,-0.4363,7,0.1750,1.0000,6,8,8,0,0,8,8,0.0000
4,28.0000,37,30,429.4490,-83.7064,0.6329,21,0.5250,0.7143,7,4,0,0,0,4,0,1.0000
4,28.0000,37,32,784.2242,-87.0495,-2.1568,3,0.0750,1.0000,8,6,6,0,0,6,6,0.0000
4,28.0000,37,33,361.4776,-80.4226,-0.9257,26,0.6500,0.6667,6,6,4,0,0,6,4,0.3333
4,28.0000,37,41,199.4974,-74.4765,-0.2263,36,0.9000,0.2000,5,4,0,0,0,4,0,1.0000
4,28.0000,37,42,601.4513,-85.7020,1.2462,13,0.3250,0.8750,8,8,8,0,0,8,8,0.0000
4,28.0000,37,44,403.3038,-83.2122,0.6634,18,0.4500,0.8750,8,6,3,0,0,6,3,0.5000
4,28.0000,37,46,230.3275,-79.1990,1.2128,26,0.6500,0.4286,7,6,3,0,0,6,3,0.5000
4,28.0000,38,3,800.0592,-85.7672,0.5292,6,0.1500,1.0000,6,2,2,0,0,2,2,0.0000
4,28.0000,38,4,453.7838,-83.8757,-0.0103,10,0.2500,0.7143,7,6,3,0,0,6,3,0.5000
4,28.0000,38,9,686.8675,-87.0068,-0.4354,3,0.0750,1.0000,8,8,8,0,0,8,8,0.0000
4,28.0000,38,15,995.0224,-87.5033,-1.0682,3,0.0750,1.0000,2,4,4,0,0,4,4,0.0000
4,28.0000,38,17,562.0473,-83.7361,-2.3415,3,0.0750,1.0000,8,8,8,0,0,8,8,0.0000
4,28.0000,38,20,417.6077,-81.0913,-0.0404,12,0.3000,0.7500,8,6,4,0,0,6,4,0.3333
4,28.0000,38,21,734.7300,-86.1373,-0.4424,7,0.1750,1.0000,8,8,8,0,0,8,8,0.0000
4,28.0000,38,22,282.7550,-79.0797,-0.1643,22,0.5500,0.7500,8,6,2,0,0,6,2,0.6667
4,28.0000,38,25,644.0872,-84.4696,0.6944,6,0.1500,1.0000,8,8,8,0,0,8,8,0.0000
4,28.0000,38,26,673.5764,-86.8784,-0.5238,7,0.1750,1.0000,8,8,8,0,0,8,8,0.0000
4,28.0000,38,28,458.8665,-83.2980,0.5978,12,0.3000,1.0000,8,8,8,0,0,8,8,0.0000
4,28.0000,38,29,811.0507,-87.5382,0.5458,4,0.1000,1.0000,6,7,6,0,0,7,6,0.1429
4,28.0000,38,31,775.7170,-85.7691,-0.8021,3,0.0750,1.0000,8,8,8,0,0,8,8,0.0000
4,28.0000,38,32,771.9602,-86.7596,0.0124,6,0.1500,1.0000,8,8,8,0,0,8,8,0.0000
4,28.0000,38,39,394.5313,-81.7424,0.6006,7,0.1750,0.7143,7,6,4,0,0,6,4,0.3333
4,28.0000,38,43,756.9531,-86.2096,-0.0152,3,0.0750,0.8571,7,8,8,0,0,8,8,0.0000
4,28.0000,38,44,905.1229,-87.1617,0.2157,3,0.0750,1.0000,6,8,8,0,0,8,8,0.0000
4,28.0000,38,45,213.8319,-75.2346,0.6328,29,0.7250,0.2000,5,5,2,0,0,5,2,0.6000
4,28.0000,38,47,655.9004,-85.5472,0.2283,3,0.0750,1.0000,8,7,6,0,0,7,6,0.1429
4,28.0000,39,0,550.3777,-82.0908,-0.7647,15,0.3750,1.0000,8,8,8,0,0,8,8,0.0000
4,28.0000,39,2,562.5495,-85.6565,0.7173,14,0.3500,0.8000,5,7,6,0,0,7,6,0.1429
4,28.0000,39,4,509.9242,-83.4144,0.4519,14,0.3500,0.6667,6,6,4,0,0,6,4,0.3333
4,28.0000,39,6,710.9725,-84.7613,-0.6970,10,0.2500,1.0000,8,4,4,0,0,4,4,0.0000
4,28.0000,39,7,699.7445,-85.0829,-0.8432,14,0.3500,1.0000,8,8,8,0,0,8,8,0.0000
4,28.0000,39,8,770.9468,-86.3984,-0.2528,6,0.1500,1.0000,4,8,8,0,0,8,8,0.0000
4,28.0000,39,9,357.5828,-80.4433,0.1781,18,0.4500,0.8333,6,6,4,0,0,6,4,0.3333
4,28.0000,39,10,749.8790,-86.1682,0.6087,5,0.1250,1.0000,6,8,8,0,0,8,8,0.0000
4,28.0000,39,11,341.0739,-80.0764,-1.0414,22,0.5500,0.7143,7,8,6,0,0,8,6,0.2500
4,28.0000,39,13,947.9173,-88.4579,-0.4215,6,0.1500,1.0000,2,4,4,0,0,4,4,0.0000
4,28.0000,39,16,832.7797,-87.2646,0.3525,5,0.1250,1.0000,4,4,4,0,0,4,4,0.0000
4,28.0000,39,17,201.6899,-73.5719,-0.9471,34,0.8500,0.0000,4,6,3,0,0,6,3,0.5000
4,28.0000,39,18,689.9908,-85.9423,-0.3595,9,0.2250,1.0000,2,7,6,0,0,7,6,0.1429
4,28.0000,39,19,635.9102,-85.7995,0.7699,13,0.3250,1.0000,4,8,8,0,0,8,8,0.0000
4,28.0000,39,20,420.1289,-82.6427,0.8500,15,0.3750,0.8750,8,7,5,0,0,7,5,0.2857
4,28.0000,39,21,779.4924,-87.3032,-0.3079,9,0.2250,1.0000,8,3,2,0,0,3,2,0.3333
4,28.0000,39,22,362.5731,-79.4384,-0.9205,30,0.7500,0.8750,8,7,5,0,0,7,5,0.2857
4,28.0000,39,23,465.3107,-81.3894,-0.6431,22,0.5500,0.7143,7,7,5,0,0,7,5,0.2857
4,28.0000,39,24,1148.1759,-89.1371,-0.1848,3,0.0750,,0,4,4,0,0,4,4,0.0000
4,28.0000,39,25,455.3192,-82.9969,-0.3269,13,0.3250,0.8750,8,7,6,8,8,15,14,0.0667
4,28.0000,39,26,656.8942,-85.7562,0.5888,6,0.1500,1.0000,8,8,8,0,0,8,8,0.0000
4,28.0000,39,27,847.4157,-87.2442,0.0315,7,0.1750,0.8333,6,6,6,0,0,6,6,0.0000
4,28.0000,39,28,492.2277,-83.6979,-0.4326,19,0.4750,1.0000,8,8,7,0,0,8,7,0.1250
4,28.0000,39,29,736.8390,-86.9459,-0.1174,7,0.1750,1.0000,8,8,7,0,0,8,7,0.1250
4,28.0000,39,31,389.9999,-81.1185,0.3719,19,0.4750,0.6667,6,8,8,0,0,8,8,0.0000
4,28.0000,39,32,380.4610,-79.3758,-0.6835,21,0.5250,0.7500,8,6,5,0,0,6,5,0.1667
4,28.0000,39,33,609.3683,-85.3402,-0.0815,9,0.2250,1.0000,10,8,8,0,0,8,8,0.0000
4,28.0000,39,37,791.7098,-86.2056,-0.6840,4,0.1000,1.0000,4,8,8,0,0,8,8,0.0000
4,28.0000,39,38,394.5313,-82.1971,0.5408,24,0.6000,0.8571,7,7,3,0,0,7,3,0.5714
4,28.0000,39,40,897.7366,-87.7177,-0.1581,6,0.1500,1.0000,8,6,6,0,0,6,6,0.0000
4,28.0000,39,41,797.9715,-86.7736,0.0127,12,0.3000,0.8571,7,2,2,0,0,2,2,0.0000
4,28.0000,39,43,407.6119,-81.4745,-0.7905,16,0.4000,0.7500,8,7,6,0,0,7,6,0.1429
4,28.0000,39,44,854.9196,-86.5616,-0.5929,7,0.1750,1.0000,4,5,4,0,0,5,4,0.2000
4,28.0000,39,45,324.1089,-79.4012,0.2852,23,0.5750,0.0000,4,6,3,0,0,6,3,0.5000
4,28.0000,39,46,711.0490,-84.7618,-0.5772,17,0.4250,0.8571,7,7,6,0,0,7,6,0.1429
4,28.0000,39,47,582.6652,-86.1814,1.2465,5,0.1250,0.3333,3,8,7,0,0,8,7,0.1250
4,28.0000,40,1,611.7961,-86.1476,0.3563,17,0.4250,0.6667,6,8,8,0,0,8,8,0.0000
4,28.0000,40,2,472.3517,-84.0372,0.5304,11,0.2750,0.7143,7,8,8,0,0,8,8,0.0000
4,28.0000,40,5,667.7459,-85.7753,-0.4358,20,0.5000,1.0000,8,6,4,0,0,6,4,0.3333
4,28.0000,40,8,258.2079,-79.9149,1.4018,26,0.6500,0.5714,7,6,3,55,31,61,34,0.4426
4,28.0000,40,10,535.2321,-83.9447,0.4346,15,0.3750,0.7143,7,8,8,0,0,8,8,0.0000
4,28.0000,40,11,815.2197,-87.3746,-0.5092,7,0.1750,1.0000,8,8,8,0,0,8,8,0.0000
4,28.0000,40,12,399.3108,-83.9402,0.5661,22,0.5500,0.8571,7,6,4,0,0,6,4,0.3333
4,28.0000,40,13,477.9031,-83.4490,0.1890,23,0.5750,0.8750,8,5,3,0,0,5,3,0.4000
4,28.0000,40,16,322.3107,-80.4335,0.0829,24,0.6000,0.9007,141,7,5,67,55,74,60,0.1892
4,28.0000,40,17,769.9532,-87.0498,1.5892,4,0.1000,1.0000,8,8,8,0,0,8,8,0.0000
4,28.0000,40,19,677.4350,-84.8650,0.2749,12,0.3000,1.0000,8,8,7,0,0,8,7,0.1250
4,28.0000,40,20,692.7152,-86.1141,-0.1448,7,0.1750,1.0000,8,8,8,0,0,8,8,0.0000
4,28.0000,40,21,574.0025,-84.8200,0.0290,17,0.4250,0.8750,8,7,6,0,0,7,6,0.1429
4,28.0000,40,22,1128.8526,-88.1762,-1.0243,4,0.1000,1.0000,4,4,4,0,0,4,4,0.0000
4,28.0000,40,25,552.8626,-84.3919,1.1924,13,0.3250,0.8571,7,8,8,0,0,8,8,0.0000
4,28.0000,40,26,575.9621,-85.1083,0.3349,14,0.3500,0.8571,7,7,6,0,0,7,6,0.1429
4,28.0000,40,27,370.3174,-81.2466,1.0125,25,0.6250,0.8750,8,5,2,0,0,5,2,0.6000
4,28.0000,40,29,556.7041,-83.4429,-0.6738,17,0.4250,0.6667,6,8,7,0,0,8,7,0.1250
4,28.0000,40,31,771.2791,-87.2965,-1.4607,6,0.1500,1.0000,14,8,8,0,0,8,8,0.0000
4,28.0000,40,32,819.0026,-87.9448,0.0356,5,0.1250,1.0000,8,8,8,0,0,8,8,0.0000
4,28.0000,40,34,517.1705,-83.9133,-0.9689,17,0.4250,0.8571,7,8,7,0,0,8,7,0.1250
4,28.0000,40,35,629.6155,-85.8922,-0.3544,15,0.3750,0.7500,8,6,4,0,0,6,4,0.3333
4,28.0000,40,36,622.6910,-86.1116,0.2051,15,0.3750,0.4000,5,7,6,0,0,7,6,0.1429
4,28.0000,40,38,1083.9658,-89.0793,0.5530,3,0.0750,1.0000,6,4,4,0,0,4,4,0.0000
4,28.0000,40,39,897.7366,-86.4686,0.1566,3,0.0750,1.0000,8,8,8,0,0,8,8,0.0000
4,28.0000,40,43,672.7111,-84.7859,-0.9048,8,0.2000,1.0000,8,8,8,0,0,8,8,0.0000
4,28.0000,40,45,929.1044,-87.7046,1.1654,3,0.0750,0.8571,7,2,2,0,0,2,2,0.0000
4,28.0000,40,47,502.4687,-82.2122,0.2369,18,0.4500,0.8571,7,8,8,0,0,8,8,0.0000
4,28.0000,41,0,261.0940,-78.0636,0.4034,25,0.6250,0.6667,6,6,3,0,0,6,3,0.5000
4,28.0000,41,4,746.7001,-85.2262,-0.1635,3,0.0750,0.8750,8,6,6,0,0,6,6,0.0000
4,28.0000,41,6,366.8320,-79.6093,-0.0969,26,0.6500,0.2000,5,8,7,0,0,8,7,0.1250
4,28.0000,41,7,338.1085,-79.5936,0.2548,23,0.5750,0.7143,7,6,3,0,0,6,3,0.5000
4,28.0000,41,9,475.7466,-82.4687,-0.4295,11,0.2750,1.0000,8,8,8,0,0,8,8,0.0000
4,28.0000,41,14,785.0401,-86.7673,0.0284,8,0.2000,1.0000,4,8,8,0,0,8,8,0.0000
4,28.0000,41,15,871.5467,-87.0439,-0.3057,5,0.1250,1.0000,8,8,8,0,0,8,8,0.0000
4,28.0000,41,17,811.0489,-85.8997,0.6400,3,0.0750,1.0000,8,8,7,0,0,8,7,0.1250
4,28.0000,41,18,311.6896,-78.5778,-0.0543,27,0.6750,0.3333,6,6,4,0,0,6,4,0.3333
4,28.0000,41,23,486.2857,-83.6528,-0.1331,10,0.2500,0.8750,8,6,4,0,0,6,4,0.3333
4,28.0000,41,24,589.9834,-84.7509,0.8311,10,0.2500,0.6667,6,7,6,0,0,7,6,0.1429
4,28.0000,41,28,696.2486,-85.6107,0.1833,6,0.1500,0.8571,7,6,5,0,0,6,5,0.1667
4,28.0000,41,30,497.1733,-83.7031,0.3290,19,0.4750,0.8750,8,8,8,0,0,8,8,0.0000
4,28.0000,41,31,793.6460,-85.6113,-0.6838,3,0.0750,1.0000,8,8,8,0,0,8,8,0.0000
4,28.0000,41,32,719.5611,-85.0820,1.5160,4,0.1000,1.0000,6,8,8,0,0,8,8,0.0000
4,28.0000,41,33,235.2993,-75.0511,-1.4971,30,0.7500,0.3333,6,7,3,0,0,7,3,0.5714
4,28.0000,41,37,199.4974,-74.7877,-0.4722,30,0.7500,0.0000,4,5,1,0,0,5,1,0.8000
4,28.0000,41,42,661.9907,-84.8989,-0.1103,12,0.3000,1.0000,8,7,6,0,0,7,6,0.1429
4,28.0000,41,44,533.4864,-84.7910,0.3397,13,0.3250,0.8571,7,7,6,0,0,7,6,0.1429
4,28.0000,41,46,364.8063,-81.9204,0.3414,17,0.4250,0.8750,8,6,4,0,0,6,4,0.3333
4,28.0000,42,0,777.9764,-87.4167,0.9137,4,0.1000,1.0000,8,5,4,0,0,5,4,0.2000
4,28.0000,42,3,520.3738,-84.2822,0.7657,15,0.3750,1.0000,8,6,3,0,0,6,3,0.5000
4,28.0000,42,4,672.9737,-84.9081,-0.6934,9,0.2250,0.8571,7,6,4,0,0,6,4,0.3333
4,28.0000,42,6,569.4323,-84.7499,0.1847,13,0.3250,0.7143,7,7,6,0,0,7,6,0.1429
4,28.0000,42,7,513.3239,-85.1397,-0.1387,16,0.4000,1.0000,8,7,5,0,0,7,5,0.2857
4,28.0000,42,14,271.7181,-79.0786,0.0562,35,0.8750,0.0000,4,6,3,0,0,6,3,0.5000
4,28.0000,42,15,357.1924,-81.3582,0.0358,26,0.6500,0.2000,5,8,5,0,0,8,5,0.3750
4,28.0000,42,18,562.9091,-84.0179,-0.4127,15,0.3750,0.6667,6,8,8,0,0,8,8,0.0000
4,28.0000,42,24,274.4097,-76.8345,-0.8672,36,0.9000,0.0000,4,7,4,0,0,7,4,0.4286
4,28.0000,42,28,653.3855,-86.0853,0.4367,9,0.2250,1.0000,8,8,8,0,0,8,8,0.0000
4,28.0000,42,30,210.6745,-74.7709,-0.4623,38,0.9500,0.3333,6,6,2,0,0,6,2,0.6667
4,28.0000,42,33,774.3891,-86.1666,0.7405,4,0.1000,1.0000,8,8,8,0,0,8,8,0.0000
4,28.0000,42,37,601.4513,-85.3457,-0.4213,9,0.2250,0.7143,7,8,7,0,0,8,7,0.1250
4,28.0000,42,41,661.9907,-86.1529,0.6103,6,0.1500,1.0000,8,8,7,0,0,8,7,0.1250
4,28.0000,42,44,310.2229,-78.7016,-0.4644,28,0.7000,0.6667,6,6,4,0,0,6,4,0.3333
4,28.0000,42,46,470.8001,-83.4903,0.3712,17,0.4250,1.0000,8,6,4,0,0,6,4,0.3333
4,28.0000,43,0,651.4233,-86.2417,-0.5911,9,0.2250,0.8571,7,7,6,0,0,7,6,0.1429
4,28.0000,43,2,220.7323,-76.2855,0.1555,29,0.7250,0.4000,5,5,2,0,0,5,2,0.6000
4,28.0000,43,4,815.9140,-87.9690,-0.7561,5,0.1250,1.0000,6,8,8,0,0,8,8,0.0000
4,28.0000,43,6,946.5445,-87.2746,-0.1072,3,0.0750,1.0000,2,2,2,0,0,2,2,0.0000
4,28.0000,43,7,928.9598,-87.2643,-0.8118,3,0.0750,,0,4,4,0,0,4,4,0.0000
4,28.0000,43,8,472.3408,-83.0861,0.3431,13,0.3250,0.8750,8,8,8,0,0,8,8,0.0000
4,28.0000,43,9,431.4980,-83.8455,-0.0727,15,0.3750,1.0000,8,7,5,0,0,7,5,0.2857
4,28.0000,43,10,558.1801,-85.3868,0.5815,9,0.2250,0.8889,9,8,8,0,0,8,8,0.0000
4,28.0000,43,11,408.7469,-82.1560,0.2565,17,0.4250,0.2000,5,7,5,0,0,7,5,0.2857
4,28.0000,43,12,890.7605,-88.3835,0.6714,5,0.1250,1.0000,8,7,6,0,0,7,6,0.1429
4,28.0000,43,16,687.0131,-87.3666,0.1298,6,0.1500,0.8000,5,7,6,0,0,7,6,0.1429
4,28.0000,43,17,206.7275,-75.8685,0.3543,28,0.7000,0.4286,7,5,1,0,0,5,1,0.8000
4,28.0000,43,18,906.6150,-88.3995,0.8167,4,0.1000,1.0000,4,6,6,0,0,6,6,0.0000
4,28.0000,43,19,414.6687,-82.1084,0.7752,18,0.4500,0.8571,7,8,7,0,0,8,7,0.1250
4,28.0000,43,20,595.6759,-83.4956,-0.8177,13,0.3250,1.0000,8,8,8,0,0,8,8,0.0000
4,28.0000,43,21,799.1241,-86.7813,-0.6550,9,0.2250,1.0000,8,8,7,0,0,8,7,0.1250
4,28.0000,43,22,665.1816,-85.5916,-0.7007,8,0.2000,0.8750,8,8,8,0,0,8,8,0.0000
4,28.0000,43,23,415.5462,-82.4401,0.5704,14,0.3500,1.0000,8,6,4,0,0,6,4,0.3333
4,28.0000,43,25,490.2637,-83.1618,-1.4059,15,0.3750,0.7143,7,6,4,0,0,6,4,0.3333
4,28.0000,43,26,739.3213,-88.4733,-0.2315,6,0.1500,1.0000,8,8,8,0,0,8,8,0.0000
4,28.0000,43,27,534.7472,-83.3411,-0.8807,14,0.3500,0.7143,7,7,6,0,0,7,6,0.1429
4,28.0000,43,28,839.9350,-87.8566,6.3900,4,0.1000,1.0000,4,6,6,0,0,6,6,0.0000
4,28.0000,43,29,780.3905,-88.0652,-0.0956,8,0.2000,1.0000,6,2,2,0,0,2,2,0.0000
4,28.0000,43,31,251.1791,-77.8716,0.6641,25,0.6250,0.6667,6,5,1,0,0,5,1,0.8000
4,28.0000,43,32,197.2733,-75.9485,0.4634,35,0.8750,0.2000,5,4,0,0,0,4,0,1.0000
4,28.0000,43,33,642.3222,-85.9827,0.9938,6,0.1500,1.0000,8,7,6,0,0,7,6,0.1429
4,28.0000,43,34,1017.5060,-86.5747,0.3490,6,0.1500,0.8571,7,8,8,0,0,8,8,0.0000
4,28.0000,43,36,1199.7313,-88.2587,2.9405,3,0.0750,,0,4,4,0,0,4,4,0.0000
4,28.0000,43,37,947.5664,-88.1593,-0.7533,5,0.1250,1.0000,6,8,8,0,0,8,8,0.0000
4,28.0000,43,38,756.9531,-87.3886,-0.4043,8,0.2000,1.0000,6,8,8,0,0,8,8,0.0000
4,28.0000,43,39,407.6119,-81.9886,-0.0355,17,0.4250,0.5000,6,8,6,0,0,8,6,0.2500
4,28.0000,43,40,672.7111,-85.4105,-0.5409,13,0.3250,0.8571,7,8,8,0,0,8,8,0.0000
4,28.0000,43,41,872.2701,-88.8736,-0.7370,5,0.1250,0.0000,1,6,5,0,0,6,5,0.1667
4,28.0000,43,45,597.7678,-84.6705,0.5262,13,0.3250,1.0000,8,8,7,0,0,8,7,0.1250
4,28.0000,43,46,949.3468,-88.1140,-1.2078,5,0.1250,0.7500,4,8,8,0,0,8,8,0.0000
4,28.0000,43,47,625.8113,-84.9095,0.5551,9,0.2250,1.0000,10,6,6,0,0,6,6,0.0000
4,28.0000,44,0,575.5881,-84.6862,-1.0384,13,0.3250,0.7500,8,8,8,0,0,8,8,0.0000
4,28.0000,44,3,484.7268,-84.6495,0.0427,20,0.5000,0.6667,6,6,4,0,0,6,4,0.3333
4,28.0000,44,4,542.4212,-83.9263,0.3857,16,0.4000,0.6667,6,7,5,0,0,7,5,0.2857
4,28.0000,44,6,294.4166,-81.0329,1.0071,22,0.5500,0.4000,5,4,0,0,0,4,0,1.0000
4,28.0000,44,7,256.2858,-79.5526,0.6068,21,0.5250,0.5000,6,4,0,0,0,4,0,1.0000
4,28.0000,44,9,706.4287,-87.0976,0.2000,9,0.2250,1.0000,8,8,8,0,0,8,8,0.0000
4,28.0000,44,11,1026.2056,-88.5571,2.7877,4,0.1000,1.0000,4,8,8,0,0,8,8,0.0000
4,28.0000,44,14,311.4819,-79.6291,-0.1482,37,0.9250,0.2000,5,6,3,0,0,6,3,0.5000
4,28.0000,44,15,344.6491,-79.1820,-0.7711,36,0.9000,0.5000,6,5,1,0,0,5,1,0.8000
4,28.0000,44,17,975.6006,-89.2317,-0.2158,3,0.0750,1.0000,8,4,4,0,0,4,4,0.0000
4,28.0000,44,18,308.9063,-79.7599,-0.3113,24,0.6000,0.4286,7,4,0,0,0,4,0,1.0000
4,28.0000,44,22,765.2556,-87.3252,0.5503,7,0.1750,1.0000,8,8,8,0,0,8,8,0.0000
4,28.0000,44,23,789.1740,-87.7126,0.1882,7,0.1750,1.0000,8,7,6,0,0,7,6,0.1429
4,28.0000,44,24,330.9212,-79.3674,-0.6872,35,0.8750,0.0000,4,7,6,0,0,7,6,0.1429
4,28.0000,44,28,449.6809,-83.3777,0.0956,17,0.4250,0.8571,7,6,4,0,0,6,4,0.3333
4,28.0000,44,30,273.5035,-78.2157,0.0426,37,0.9250,0.0000,4,5,1,0,0,5,1,0.8000
4,28.0000,44,33,628.0947,-85.1450,0.6508,12,0.3000,1.0000,8,8,7,0,0,8,7,0.1250
4,28.0000,44,37,403.3038,-83.2948,1.0335,17,0.4250,0.7143,7,5,1,0,0,5,1,0.8000
4,28.0000,44,38,905.1229,-87.5380,-0.5192,4,0.1000,1.0000,8,8,8,0,0,8,8,0.0000
4,28.0000,44,39,854.9196,-87.0551,1.1314,8,0.2000,0.8750,8,6,6,0,0,6,6,0.0000
4,28.0000,44,41,533.4864,-83.7136,-0.0265,14,0.3500,1.0000,8,7,6,0,0,7,6,0.1429
4,28.0000,44,42,310.2229,-79.1243,-0.2945,36,0.9000,0.2000,5,6,3,0,0,6,3,0.5000
4,28.0000,44,46,212.4629,-78.4130,1.9784,26,0.6500,0.5714,7,4,0,0,0,4,0,1.0000
4,28.0000,45,2,715.2335,-87.2823,2.6412,3,0.0750,1.0000,8,8,8,0,0,8,8,0.0000
4,28.0000,45,4,486.3741,-82.7143,-1.4142,15,0.3750,0.8571,7,6,4,0,0,6,4,0.3333
4,28.0000,45,6,922.9444,-86.8726,0.3083,3,0.0750,1.0000,8,6,6,0,0,6,6,0.0000
4,28.0000,45,7,897.5102,-87.1036,-1.3611,3,0.0750,1.0000,8,4,4,0,0,4,4,0.0000
4,28.0000,45,8,879.3104,-88.7297,-0.4128,3,0.0750,1.0000,6,8,8,0,0,8,8,0.0000
4,28.0000,45,11,630.9962,-84.3953,0.3740,5,0.1250,0.8571,7,8,8,0,0,8,8,0.0000
4,28.0000,45,17,426.6878,-81.1787,-0.2009,10,0.2500,0.7500,8,7,5,0,0,7,5,0.2857
4,28.0000,45,18,905.2692,-88.3594,0.3901,3,0.0750,1.0000,4,8,8,0,0,8,8,0.0000
4,28.0000,45,20,342.1030,-80.5355,-0.0126,14,0.3500,0.7143,7,5,1,0,0,5,1,0.8000
4,28.0000,45,21,611.8705,-85.2330,0.7456,8,0.2000,0.7500,8,8,8,0,0,8,8,0.0000
4,28.0000,45,22,244.8104,-73.7026,-1.4934,31,0.7750,0.0000,4,6,3,0,0,6,3,0.5000
4,28.0000,45,23,687.7308,-85.3885,-1.4918,4,0.1000,0.8571,7,8,8,0,0,8,8,0.0000
4,28.0000,45,25,563.7322,-85.1349,-0.8302,5,0.1250,0.8750,8,7,6,0,0,7,6,0.1429
4,28.0000,45,26,615.6526,-85.1262,0.4900,4,0.1000,1.0000,6,4,2,0,0,4,2,0.5000
4,28.0000,45,27,999.2818,-89.0419,-0.3368,3,0.0750,1.0000,8,4,4,0,0,4,4,0.0000
4,28.0000,45,28,540.3402,-83.6428,-0.4234,8,0.2000,1.0000,8,8,7,0,0,8,7,0.1250
4,28.0000,45,29,762.8144,-88.4289,0.2493,4,0.1000,1.0000,6,4,3,0,0,4,3,0.2500
4,28.0000,45,31,675.5063,-85.9761,2.3828,3,0.0750,1.0000,8,8,8,0,0,8,8,0.0000
4,28.0000,45,32,656.0186,-85.1378,2.2897,4,0.1000,1.0000,8,7,6,0,0,7,6,0.1429
4,28.0000,45,33,852.2235,-86.8611,-1.4495,4,0.1000,1.0000,8,6,6,0,0,6,6,0.0000
4,28.0000,45,34,975.8935,-88.4343,-1.2930,3,0.0750,1.0000,6,8,8,0,0,8,8,0.0000
4,28.0000,45,38,213.8319,-75.8936,-0.0312,35,0.8750,0.2000,5,6,2,0,0,6,2,0.6667
4,28.0000,45,39,324.1089,-79.2478,0.2148,12,0.3000,0.7143,7,7,5,0,0,7,5,0.2857
4,28.0000,45,40,929.1044,-86.9564,1.2019,3,0.0750,1.0000,8,8,8,0,0,8,8,0.0000
4,28.0000,45,43,597.7678,-83.4687,-1.0477,4,0.1000,1.0000,8,8,8,0,0,8,8,0.0000
4,28.0000,45,46,892.8922,-85.1132,-1.3712,3,0.0750,1.0000,6,4,4,0,0,4,4,0.0000
4,28.0000,45,47,568.6220,-86.5106,0.7060,6,0.1500,1.0000,6,6,4,0,0,6,4,0.3333
4,28.0000,46,0,367.6901,-79.9187,-0.4951,21,0.5250,0.8571,7,8,6,0,0,8,6,0.2500
4,28.0000,46,3,639.4400,-85.5165,-0.4130,15,0.3750,1.0000,8,7,6,0,0,7,6,0.1429
4,28.0000,46,4,522.3811,-82.9906,-1.2466,14,0.3500,0.8750,8,6,4,0,0,6,4,0.3333
4,28.0000,46,6,116.8882,-74.2504,2.0491,35,0.8750,0.0000,4,4,0,0,0,4,0,1.0000
4,28.0000,46,7,48.4069,-63.2780,0.4047,35,0.8750,0.0000,4,4,0,0,0,4,0,1.0000
4,28.0000,46,9,524.7047,-82.3485,-0.9272,11,0.2750,0.8750,8,7,5,0,0,7,5,0.2857
4,28.0000,46,11,843.8544,-86.5955,5.2713,3,0.0750,1.0000,8,8,8,0,0,8,8,0.0000
4,28.0000,46,14,515.5378,-85.0151,0.2415,19,0.4750,0.7500,8,6,4,0,0,6,4,0.3333
4,28.0000,46,15,550.0635,-83.6897,0.1272,21,0.5250,1.0000,8,7,5,0,0,7,5,0.2857
4,28.0000,46,17,812.1690,-87.2726,-0.7875,5,0.1250,1.0000,8,8,7,0,0,8,7,0.1250
4,28.0000,46,18,103.9079,-73.2843,2.0539,35,0.8750,0.2000,5,6,3,0,0,6,3,0.5000
4,28.0000,46,20,1105.4013,-89.1189,-1.2758,3,0.0750,1.0000,2,4,4,0,0,4,4,0.0000
4,28.0000,46,22,701.8996,-86.6767,-0.4119,8,0.2000,0.7143,7,8,8,0,0,8,8,0.0000
4,28.0000,46,23,613.0416,-83.5686,-0.2760,9,0.2250,1.0000,8,7,6,0,0,7,6,0.1429
4,28.0000,46,24,447.7714,-83.8678,0.5866,17,0.4250,0.6667,6,6,4,0,0,6,4,0.3333
4,28.0000,46,28,419.0004,-80.6698,-0.3600,20,0.5000,0.5714,7,8,8,0,0,8,8,0.0000
4,28.0000,46,30,366.3815,-82.3389,1.1708,23,0.5750,0.4286,7,5,2,0,0,5,2,0.6000
4,28.0000,46,31,863.6077,-86.7301,-0.7320,3,0.0750,1.0000,8,5,4,0,0,5,4,0.2000
4,28.0000,46,32,811.4809,-85.9546,1.0522,5,0.1250,0.7500,8,8,8,0,0,8,8,0.0000
4,28.0000,46,33,439.4354,-82.9795,1.0965,15,0.3750,0.5000,6,7,5,0,0,7,5,0.2857
4,28.0000,46,37,230.3275,-79.3091,1.1035,30,0.7500,0.5000,6,5,2,0,0,5,2,0.6000
4,28.0000,46,38,845.7621,-87.4728,-0.4961,5,0.1250,1.0000,4,4,4,0,0,4,4,0.0000
4,28.0000,46,39,711.0490,-85.9813,-0.7298,7,0.1750,1.0000,8,8,8,0,0,8,8,0.0000
4,28.0000,46,41,364.8063,-80.5689,-0.0314,24,0.6000,0.4000,5,7,4,0,0,7,4,0.4286
4,28.0000,46,42,470.8001,-84.2580,-0.3546,21,0.5250,1.0000,8,8,8,0,0,8,8,0.0000
4,28.0000,46,44,212.4629,-78.4681,0.9243,32,0.8000,0.0000,4,5,1,0,0,5,1,0.8000
4,28.0000,46,45,892.8922,-85.9878,-8.0217,4,0.1000,1.0000,8,4,4,0,0,4,4,0.0000
4,28.0000,47,1,773.5879,-85.6966,-0.1982,13,0.3250,1.0000,4,8,8,0,0,8,8,0.0000
4,28.0000,47,2,554.3394,-84.3133,0.1957,6,0.1500,0.5000,4,8,7,0,0,8,7,0.1250
4,28.0000,47,5,687.0431,-83.9732,-1.1351,19,0.4750,1.0000,6,6,4,0,0,6,4,0.3333
4,28.0000,47,8,551.8108,-84.3092,-0.5405,10,0.2500,0.8571,7,8,8,0,0,8,8,0.0000
4,28.0000,47,9,895.9160,-87.3569,-0.2106,3,0.0750,1.0000,6,8,8,0,0,8,8,0.0000
4,28.0000,47,10,595.7393,-84.6399,-1.2180,12,0.3000,0.8571,7,7,6,0,0,7,6,0.1429
4,28.0000,47,11,577.3773,-83.9865,-0.9492,8,0.2000,1.0000,14,8,7,0,0,8,7,0.1250
4,28.0000,47,12,695.6039,-86.1971,-0.3973,14,0.3500,0.8571,7,8,8,0,0,8,8,0.0000
4,28.0000,47,13,412.8872,-81.2600,-0.9440,26,0.6500,0.3333,6,7,5,4,4,11,9,0.1818
4,28.0000,47,16,426.2669,-82.7129,0.0703,20,0.5000,0.8571,7,7,6,0,0,7,6,0.1429
4,28.0000,47,17,571.7783,-84.8463,0.5575,5,0.1250,0.8571,7,7,5,0,0,7,5,0.2857
4,28.0000,47,19,688.9315,-84.5340,0.2964,8,0.2000,1.0000,8,7,6,0,0,7,6,0.1429
4,28.0000,47,20,239.7681,-78.3827,0.9949,27,0.6750,0.7143,7,6,2,0,0,6,2,0.6667
4,28.0000,47,21,367.7808,-81.9131,0.8208,25,0.6250,0.5000,6,8,8,0,0,8,8,0.0000
4,28.0000,47,22,795.7201,-86.7214,-1.3530,3,0.0750,1.0000,8,8,8,0,0,8,8,0.0000
4,28.0000,47,25,218.0479,-78.5861,1.2776,29,0.7250,0.2000,5,4,0,0,0,4,0,1.0000
4,28.0000,47,26,117.4223,-73.4251,0.7805,37,0.9250,0.3333,6,5,1,0,0,5,1,0.8000
4,28.0000,47,27,662.1382,-86.1606,0.2419,11,0.2750,0.7143,7,8,7,0,0,8,7,0.1250
4,28.0000,47,29,223.8091,-76.0039,-0.8664,33,0.8250,0.0000,4,5,1,0,0,5,1,0.8000
4,28.0000,47,31,652.3343,-87.0351,0.0135,5,0.1250,0.8571,7,8,8,0,0,8,8,0.0000
4,28.0000,47,32,717.1960,-86.1004,0.3359,6,0.1500,1.0000,8,6,6,0,0,6,6,0.0000
4,28.0000,47,34,472.3815,-81.2486,-1.3191,31,0.7750,0.6667,6,6,3,0,0,6,3,0.5000
4,28.0000,47,35,877.9345,-87.8870,-0.6098,10,0.2500,0.8571,7,8,8,0,0,8,8,0.0000
4,28.0000,47,36,775.2746,-85.9542,0.0295,13,0.3250,0.8750,8,6,6,0,0,6,6,0.0000
4,28.0000,47,38,655.9004,-85.2509,-0.4170,9,0.2250,0.8000,5,8,8,0,0,8,8,0.0000
4,28.0000,47,39,582.6652,-85.6548,-1.8494,6,0.1500,1.0000,8,8,8,0,0,8,8,0.0000
4,28.0000,47,40,502.4687,-81.7276,-1.0733,23,0.5750,1.0000,8,6,4,0,0,6,4,0.3333
4,28.0000,47,43,625.8113,-84.8276,-0.9838,10,0.2500,1.0000,8,8,8,0,0,8,8,0.0000
4,28.0000,47,45,568.6220,-84.7008,1.0638,4,0.1000,1.0000,8,7,6,0,0,7,6,0.1429
4,32.0000,0,3,1011.7423,-87.5874,-0.9137,3,0.0732,1.0000,6,6,6,0,0,6,6,0.0000
4,32.0000,0,4,771.2218,-86.9299,0.1795,7,0.1707,0.8571,7,7,6,0,0,7,6,0.1429
4,32.0000,0,6,496.2334,-81.7508,-0.8668,18,0.4390,0.8571,7,8,6,0,0,8,6,0.2500
4,32.0000,0,7,378.1206,-80.2980,-0.8373,24,0.5854,0.6667,6,5,1,0,0,5,1,0.8000
4,32.0000,0,9,423.1064,-79.2905,-1.1666,18,0.4390,0.5000,6,8,8,0,0,8,8,0.0000
4,32.0000,0,11,643.2730,-85.2113,-0.7348,6,0.1463,0.7143,7,8,8,0,0,8,8,0.0000
4,32.0000,0,14,837.8216,-87.8941,-0.0340,8,0.1951,1.0000,4,4,3,0,0,4,3,0.2500
4,32.0000,0,17,629.8089,-84.6358,-1.4965,4,0.0976,1.0000,8,8,8,0,0,8,8,0.0000
4,32.0000,0,18,361.6999,-78.5892,-0.0069,23,0.5610,0.2000,5,7,5,0,0,7,5,0.2857
4,32.0000,0,19,760.3991,-86.1673,-0.6424,3,0.0732,1.0000,8,6,6,0,0,6,6,0.0000
4,32.0000,0,22,836.1997,-86.9198,3.2509,3,0.0732,1.0000,8,4,4,0,0,4,4,0.0000
4,32.0000,0,23,310.4011,-79.2509,-0.0314,21,0.5122,0.6667,6,5,2,0,0,5,2,0.6000
4,32.0000,0,24,701.7805,-86.4823,0.5678,8,0.1951,1.0000,6,8,7,0,0,8,7,0.1250
4,32.0000,0,28,645.2020,-85.8807,-0.2440,10,0.2439,1.0000,8,6,4,0,0,6,4,0.3333
4,32.0000,0,30,592.0881,-85.0043,0.2030,17,0.4146,0.8750,8,7,6,0,0,7,6,0.1429
4,32.0000,0,31,563.3256,-85.1053,0.5725,7,0.1707,1.0000,8,8,8,0,0,8,8,0.0000
4,32.0000,0,32,561.2750,-84.1600,0.1440,9,0.2195,0.8750,8,8,8,0,0,8,8,0.0000
4,32.0000,0,33,201.2494,-72.7012,-1.1323,34,0.8293,0.0000,4,7,4,0,0,7,4,0.4286
4,32.0000,0,37,389.5815,-79.6952,-0.7840,26,0.6341,0.5000,6,8,8,0,0,8,8,0.0000
4,32.0000,0,39,706.1321,-85.6801,-1.0806,6,0.1463,0.5714,7,8,8,0,0,8,8,0.0000
4,32.0000,0,41,259.4855,-78.4444,-0.2315,33,0.8049,0.0000,4,7,3,0,0,7,3,0.5714
4,32.0000,0,42,793.2943,-86.9683,-0.4720,9,0.2195,1.0000,8,8,8,0,0,8,8,0.0000
4,32.0000,0,43,600.9767,-85.1200,-0.9443,3,0.0732,1.0000,8,8,8,0,0,8,8,0.0000
4,32.0000,0,44,563.0472,-84.4432,-0.6794,14,0.3415,1.0000,8,7,6,0,0,7,6,0.1429
4,32.0000,0,46,463.6428,-81.7263,-0.4507,20,0.4878,0.6667,6,8,8,0,0,8,8,0.0000
4,32.0000,1,5,399.0223,-81.0027,0.2144,28,0.7000,0.5000,6,6,4,0,0,6,4,0.3333
4,32.0000,1,8,727.1090,-86.7059,0.1409,4,0.1000,1.0000,8,8,8,0,0,8,8,0.0000
4,32.0000,1,12,467.5438,-83.7897,-0.3853,11,0.2750,0.8750,8,7,6,0,0,7,6,0.1429
4,32.0000,1,13,382.5039,-81.0251,0.3636,15,0.3750,0.8750,8,7,5,0,0,7,5,0.2857
4,32.0000,1,16,624.7302,-86.0610,-1.3038,10,0.2500,0.6667,6,8,8,0,0,8,8,0.0000
4,32.0000,1,21,739.5454,-87.7456,1.1118,3,0.0750,1.0000,8,8,8,0,0,8,8,0.0000
4,32.0000,1,25,769.6449,-86.4030,0.7020,4,0.1000,1.0000,8,7,6,0,0,7,6,0.1429
4,32.0000,1,26,747.6664,-86.5881,-0.1679,8,0.2000,0.8571,7,8,8,0,0,8,8,0.0000
4,32.0000,1,27,761.7296,-87.9685,0.7990,6,0.1500,1.0000,8,7,4,0,0,7,4,0.4286
4,32.0000,1,29,685.1164,-84.7403,-0.4573,6,0.1500,1.0000,8,8,8,0,0,8,8,0.0000
4,32.0000,1,34,364.7892,-81.6664,0.8499,19,0.4750,0.7143,7,6,3,0,0,6,3,0.5000
4,32.0000,1,35,381.9609,-80.2510,-0.5720,29,0.7250,0.5000,6,6,3,0,0,6,3,0.5000
4,32.0000,1,36,189.1279,-73.9633,-0.6992,38,0.9500,0.2000,5,4,0,0,0,4,0,1.0000
4,32.0000,1,40,546.1749,-84.8557,-0.1385,8,0.2000,0.8750,8,8,8,0,0,8,8,0.0000
4,32.0000,1,47,835.1521,-87.3260,-0.1572,4,0.1000,1.0000,8,7,6,0,0,7,6,0.1429
4,32.0000,2,0,918.4207,-87.1556,-0.4240,3,0.0750,1.0000,6,2,2,0,0,2,2,0.0000
4,32.0000,2,1,937.0836,-88.2041,-0.4089,6,0.1500,1.0000,6,2,1,0,0,2,1,0.5000
4,32.0000,2,4,945.4539,-87.8857,-0.8896,4,0.1000,1.0000,8,8,7,0,0,8,7,0.1250
4,32.0000,2,8,239.4329,-77.9245,0.3158,29,0.7250,0.4000,5,6,3,0,0,6,3,0.5000
4,32.0000,2,9,580.8935,-84.8886,-1.5815,8,0.2000,1.0000,8,8,7,0,0,8,7,0.1250
4,32.0000,2,10,459.6475,-82.7449,-0.3512,21,0.5250,0.8750,8,8,6,0,0,8,6,0.2500
4,32.0000,2,11,475.6810,-83.5105,0.1826,15,0.3750,0.8750,8,7,5,0,0,7,5,0.2857
4,32.0000,2,12,613.4542,-85.3012,-0.3922,17,0.4250,1.0000,8,8,8,0,0,8,8,0.0000
4,32.0000,2,13,664.7034,-86.6155,-1.0119,11,0.2750,1.0000,4,6,6,0,0,6,6,0.0000
4,32.0000,2,16,397.5359,-82.5476,1.0363,24,0.6000,1.0000,8,4,0,0,0,4,0,1.0000
4,32.0000,2,17,315.4960,-80.1823,0.5143,19,0.4750,0.7500,8,6,4,0,0,6,4,0.3333
4,32.0000,2,19,437.1466,-81.9424,-0.7056,24,0.6000,0.8571,7,8,8,0,0,8,8,0.0000
4,32.0000,2,20,581.2370,-84.9048,-0.2901,12,0.3000,0.8571,7,7,6,0,0,7,6,0.1429
4,32.0000,2,21,628.3717,-85.2828,1.2859,10,0.2500,1.0000,8,7,5,0,0,7,5,0.2857
4,32.0000,2,22,874.1087,-87.9942,-1.2082,4,0.1000,1.0000,6,8,8,0,0,8,8,0.0000
4,32.0000,2,23,732.6031,-84.9448,-0.4397,8,0.2000,1.0000,8,6,4,0,0,6,4,0.3333
4,32.0000,2,25,392.0928,-81.3973,0.4150,19,0.4750,0.8889,9,7,6,0,0,7,6,0.1429
4,32.0000,2,26,497.9537,-84.3321,0.8460,14,0.3500,1.0000,8,6,4,0,0,6,4,0.3333
4,32.0000,2,27,452.5135,-80.4970,-1.5360,27,0.6750,0.4000,5,7,5,0,0,7,5,0.2857
4,32.0000,2,28,917.9953,-89.5321,-0.0975,4,0.1000,,0,6,6,0,0,6,6,0.0000
4,32.0000,2,29,594.7201,-85.6631,-0.1437,12,0.3000,1.0000,8,8,8,0,0,8,8,0.0000
4,32.0000,2,31,419.5089,-81.1967,-0.6938,18,0.4500,0.6667,6,8,7,0,0,8,7,0.1250
4,32.0000,2,32,411.4532,-80.8644,0.7745,14,0.3500,0.8750,8,7,5,0,0,7,5,0.2857
4,32.0000,2,33,812.8408,-88.6137,-2.0567,3,0.0750,1.0000,4,8,8,0,0,8,8,0.0000
4,32.0000,2,34,873.3152,-87.0002,0.4675,8,0.2000,1.0000,8,6,6,0,0,6,6,0.0000
4,32.0000,2,35,990.6418,-87.5032,0.1358,6,0.1500,1.0000,4,8,8,0,0,8,8,0.0000
4,32.0000,2,36,970.0707,-88.3046,0.5791,6,0.1500,1.0000,6,2,2,0,0,2,2,0.0000
4,32.0000,2,38,826.8345,-88.5695,0.1284,4,0.1000,0.8571,7,7,6,0,0,7,6,0.1429
4,32.0000,2,39,496.4265,-85.0333,0.2804,8,0.2000,0.8571,7,8,7,0,0,8,7,0.1250
4,32.0000,2,40,494.8073,-84.5284,0.2671,16,0.4000,1.0000,8,7,6,0,0,7,6,0.1429
4,32.0000,2,43,340.4408,-77.2259,-0.8879,30,0.7500,0.6250,8,8,8,0,0,8,8,0.0000
4,32.0000,2,45,596.4528,-85.9711,-0.0097,8,0.2000,0.8750,8,8,7,0,0,8,7,0.1250
4,32.0000,2,47,461.7199,-85.1565,0.4552,16,0.4000,0.7143,7,7,5,0,0,7,5,0.2857
4,32.0000,3,4,559.8338,-84.5397,0.0370,11,0.2750,1.0000,8,8,8,0,0,8,8,0.0000
4,32.0000,3,6,602.4974,-85.4279,0.0600,6,0.1500,1.0000,8,8,7,0,0,8,7,0.1250
4,32.0000,3,7,712.5831,-85.9503,-0.0492,9,0.2250,0.8750,8,6,4,0,0,6,4,0.3333
4,32.0000,3,14,444.1235,-82.3401,0.3469,27,0.6750,0.6667,6,6,3,0,0,6,3,0.5000
4,32.0000,3,15,249.8753,-78.2979,0.1730,35,0.8750,0.2000,5,5,1,0,0,5,1,0.8000
4,32.0000,3,18,696.3021,-85.5599,0.6729,6,0.1500,1.0000,8,8,8,0,0,8,8,0.0000
4,32.0000,3,22,668.4828,-83.9574,0.5736,3,0.0750,1.0000,8,8,8,0,0,8,8,0.0000
4,32.0000,3,24,716.7084,-86.7386,-0.1301,11,0.2750,1.0000,8,8,7,0,0,8,7,0.1250
4,32.0000,3,28,577.3618,-83.3585,-0.1833,12,0.3000,1.0000,6,8,8,0,0,8,8,0.0000
4,32.0000,3,30,588.1747,-85.2532,1.3241,6,0.1500,0.7143,7,8,8,0,0,8,8,0.0000
4,32.0000,3,42,403.0663,-82.9384,0.0611,21,0.5250,0.5000,6,7,5,0,0,7,5,0.2857
4,32.0000,3,44,477.8514,-83.4155,-0.2417,15,0.3750,0.7143,7,7,6,0,0,7,6,0.1429
4,32.0000,3,46,643.2889,-85.1012,0.5219,7,0.1750,1.0000,8,8,8,0,0,8,8,0.0000
4,32.0000,4,0,771.2218,-86.6602,0.2358,4,0.1000,1.0000,8,8,8,0,0,8,8,0.0000
4,32.0000,4,2,945.4539,-88.0619,-1.0050,3,0.0750,1.0000,8,7,6,0,0,7,6,0.1429
4,32.0000,4,3,559.8338,-83.9074,-0.5325,11,0.2750,1.0000,8,6,4,0,0,6,4,0.3333
4,32.0000,4,6,636.6326,-85.0528,-0.6991,7,0.1750,1.0000,8,6,4,0,0,6,4,0.3333
4,32.0000,4,7,689.0589,-84.6384,-0.4014,6,0.1500,1.0000,8,7,6,0,0,7,6,0.1429
4,32.0000,4,9,518.5423,-84.4255,-0.3246,5,0.1250,0.8750,8,7,6,0,0,7,6,0.1429
4,32.0000,4,11,869.6827,-86.5495,-0.1063,4,0.1000,1.0000,8,8,8,0,0,8,8,0.0000
4,32.0000,4,14,793.0842,-85.8373,-1.9632,3,0.0750,1.0000,8,6,6,0,0,6,6,0.0000
4,32.0000,4,15,771.6486,-85.6370,-0.5591,7,0.1750,0.8571,7,8,8,0,0,8,8,0.0000
4,32.0000,4,17,691.3214,-87.2887,0.5483,6,0.1500,1.0000,8,8,8,0,0,8,8,0.0000
4,32.0000,4,18,545.2948,-85.5335,1.6083,7,0.1750,0.7143,7,8,8,0,0,8,8,0.0000
4,32.0000,4,20,750.3063,-86.7556,-0.5665,7,0.1750,1.0000,8,4,4,0,0,4,4,0.0000
4,32.0000,4,22,127.8664,-74.1766,1.2211,31,0.7750,0.2000,5,4,0,0,0,4,0,1.0000
4,32.0000,4,23,644.6785,-85.2648,0.2745,7,0.1750,1.0000,8,8,7,0,0,8,7,0.1250
4,32.0000,4,24,923.2656,-86.6530,-0.2549,3,0.0750,1.0000,4,4,4,0,0,4,4,0.0000
4,32.0000,4,25,969.7775,-87.8635,0.5308,5,0.1250,1.0000,8,8,8,0,0,8,8,0.0000
4,32.0000,4,28,206.0069,-74.7911,-0.5430,26,0.6500,0.0000,4,6,3,0,0,6,3,0.5000
4,32.0000,4,30,715.6381,-84.5180,-1.4925,4,0.1000,1.0000,8,8,8,0,0,8,8,0.0000
4,32.0000,4,31,877.2457,-88.4028,1.0013,3,0.0750,0.8750,8,6,6,0,0,6,6,0.0000
4,32.0000,4,32,902.5858,-88.2300,0.3668,5,0.1250,0.7143,7,8,8,0,0,8,8,0.0000
4,32.0000,4,33,615.0962,-84.3526,0.4075,7,0.1750,0.8750,8,8,8,0,0,8,8,0.0000
4,32.0000,4,37,727.0676,-86.3967,0.3611,5,0.1250,1.0000,8,6,5,0,0,6,5,0.1667
4,32.0000,4,38,330.3932,-81.3786,2.2663,17,0.4250,0.8571,7,6,3,0,0,6,3,0.5000
4,32.0000,4,39,513.1918,-84.7615,-0.1527,7,0.1750,1.0000,8,7,6,0,0,7,6,0.1429
4,32.0000,4,41,849.6535,-85.3807,0.5477,3,0.0750,1.0000,10,2,2,0,0,2,2,0.0000
4,32.0000,4,42,664.2022,-85.5900,-0.0292,7,0.1750,1.0000,8,8,8,0,0,8,8,0.0000
4,32.0000,4,43,806.2413,-87.7964,0.8007,4,0.1000,1.0000,8,6,6,0,0,6,6,0.0000
4,32.0000,4,44,544.5655,-84.9415,-0.6688,8,0.2000,0.8571,7,8,6,0,0,8,6,0.2500
4,32.0000,4,45,528.4941,-83.7318,-0.4618,8,0.2000,1.0000,8,8,8,0,0,8,8,0.0000
4,32.0000,4,46,686.0520,-84.1556,-0.0171,5,0.1250,0.8750,8,8,8,0,0,8,8,0.0000
4,32.0000,5,1,399.0223,-81.4530,-0.4566,26,0.6500,0.4000,5,7,6,0,0,7,6,0.1429
4,32.0000,5,12,801.4946,-86.1013,0.3264,5,0.1250,0.8750,8,8,8,0,0,8,8,0.0000
4,32.0000,5,13,621.1587,-84.2511,-1.3046,11,0.2750,0.6667,6,8,8,0,0,8,8,0.0000
4,32.0000,5,16,851.8172,-88.7668,-0.6178,3,0.0750,1.0000,8,7,6,0,0,7,6,0.1429
4,32.0000,5,20,968.4521,-87.9790,0.2474,5,0.1250,1.0000,8,8,8,0,0,8,8,0.0000
4,32.0000,5,21,632.4354,-85.1847,-0.5957,10,0.2500,0.8571,7,7,6,0,0,7,6,0.1429
4,32.0000,5,26,809.6241,-86.1479,-0.1986,6,0.1500,1.0000,8,8,8,0,0,8,8,0.0000
4,32.0000,5,29,770.9208,-86.8427,-0.5936,7,0.1750,1.0000,8,8,8,0,0,8,8,0.0000
4,32.0000,5,34,226.4911,-76.2986,0.3094,33,0.8250,0.3333,6,5,1,0,0,5,1,0.8000
4,32.0000,5,35,776.3298,-86.1697,-0.0208,8,0.2000,0.8571,7,6,6,0,0,6,6,0.0000
4,32.0000,5,36,582.9018,-83.6009,-0.5828,15,0.3750,0.8750,8,7,6,0,0,7,6,0.1429
4,32.0000,5,40,758.4470,-85.9828,-0.3444,8,0.2000,1.0000,8,8,8,0,0,8,8,0.0000
4,32.0000,5,47,876.0994,-86.7044,-0.8330,6,0.1500,1.0000,8,8,8,0,0,8,8,0.0000
4,32.0000,6,0,496.2334,-82.7274,-1.3663,16,0.4000,0.8571,7,8,7,0,0,8,7,0.1250
4,32.0000,6,3,602.4974,-84.5961,0.9511,14,0.3500,0.8571,7,7,5,0,0,7,5,0.2857
4,32.0000,6,4,636.6326,-85.7584,-0.4431,10,0.2500,1.0000,8,6,6,0,0,6,6,0.0000
4,32.0000,6,7,147.6858,-68.5154,-1.8715,37,0.9250,0.0000,4,6,3,0,0,6,3,0.5000
4,32.0000,6,9,661.8854,-86.6292,0.1650,5,0.1250,0.8571,7,5,4,0,0,5,4,0.2000
4,32.0000,6,14,391.0806,-82.3227,0.1368,29,0.7250,0.7143,7,7,4,0,0,7,4,0.4286
4,32.0000,6,15,593.5811,-85.5291,0.2809,16,0.4000,0.7143,7,7,6,0,0,7,6,0.1429
4,32.0000,6,18,207.0606,-70.0589,-3.0149,34,0.8500,0.0000,4,5,2,0,0,5,2,0.6000
4,32.0000,6,22,748.8412,-86.8694,-0.0102,3,0.0750,1.0000,8,8,8,0,0,8,8,0.0000
4,32.0000,6,23,658.8401,-86.2401,-0.0655,7,0.1750,0.8750,8,8,8,0,0,8,8,0.0000
4,32.0000,6,24,411.9225,-82.8835,0.2305,23,0.5750,0.7143,7,7,4,0,0,7,4,0.4286
4,32.0000,6,28,489.7343,-83.2164,-1.0410,12,0.3000,0.6667,6,8,8,0,0,8,8,0.0000
4,32.0000,6,30,304.6507,-80.1569,0.6410,30,0.7500,0.5000,6,6,3,0,0,6,3,0.5000
4,32.0000,6,31,924.4220,-88.5386,0.0896,4,0.1000,1.0000,4,8,8,0,0,8,8,0.0000
4,32.0000,6,33,523.2227,-84.0592,-1.2755,12,0.3000,1.0000,8,8,8,0,0,8,8,0.0000
4,32.0000,6,37,176.8246,-75.0701,0.0512,36,0.9000,0.0000,4,4,0,0,0,4,0,1.0000
4,32.0000,6,38,809.1503,-86.9378,-0.4365,6,0.1500,1.0000,6,8,8,0,0,8,8,0.0000
4,32.0000,6,39,822.5926,-88.1556,-1.7104,3,0.0750,0.8750,8,8,8,0,0,8,8,0.0000
4,32.0000,6,41,451.2729,-82.2588,-0.4393,27,0.6750,0.5714,7,7,5,0,0,7,5,0.2857
4,32.0000,6,42,453.7459,-84.0182,-0.4799,24,0.6000,0.6667,6,8,7,0,0,8,7,0.1250
4,32.0000,6,43,966.3806,-86.9814,0.3232,3,0.0750,1.0000,4,8,8,0,0,8,8,0.0000
4,32.0000,6,44,141.4405,-75.2126,1.7633,34,0.8500,0.2000,5,5,1,0,0,5,1,0.8000
4,32.0000,6,46,136.4244,-70.4947,-0.3223,39,0.9750,0.0000,4,4,0,0,0,4,0,1.0000
4,32.0000,7,0,378.1206,-80.9678,0.0964,24,0.6000,0.4286,7,7,6,0,0,7,6,0.1429
4,32.0000,7,3,712.5831,-85.6450,-0.0901,17,0.4250,0.8750,8,9,8,0,0,9,8,0.1111
4,32.0000,7,4,689.0589,-85.9381,-1.5124,12,0.3000,1.0000,8,8,8,0,0,8,8,0.0000
4,32.0000,7,6,147.6858,-68.8218,-1.9290,40,1.0000,0.0000,4,5,1,0,0,5,1,0.8000
4,32.0000,7,9,620.5186,-85.0622,-1.4458,12,0.3000,0.6667,6,7,6,0,0,7,6,0.1429
4,32.0000,7,11,884.7739,-87.9957,1.7589,5,0.1250,1.0000,8,8,8,0,0,8,8,0.0000
4,32.0000,7,14,469.0442,-83.6380,-0.0380,31,0.7750,0.0000,4,5,2,0,0,5,2,0.6000
4,32.0000,7,15,702.0032,-85.6994,-0.4557,17,0.4250,0.7143,7,8,8,0,0,8,8,0.0000
4,32.0000,7,17,873.8390,-88.3105,-6.1767,3,0.0750,1.0000,8,8,8,0,0,8,8,0.0000
4,32.0000,7,18,210.4834,-69.5792,-2.9319,38,0.9500,0.1667,6,6,3,0,0,6,3,0.5000
4,32.0000,7,22,796.0756,-86.2512,-0.8596,8,0.2000,1.0000,8,6,6,0,0,6,6,0.0000
4,32.0000,7,23,569.1458,-84.1273,0.7403,12,0.3000,0.7143,7,8,8,0,0,8,8,0.0000
4,32.0000,7,24,386.3074,-81.9729,0.5161,30,0.7500,1.0000,8,6,3,0,0,6,3,0.5000
4,32.0000,7,28,551.7283,-83.5993,-1.1665,17,0.4250,0.8571,7,7,6,0,0,7,6,0.1429
4,32.0000,7,30,283.5836,-80.0486,0.3405,37,0.9250,0.5000,6,4,0,0,0,4,0,1.0000
4,32.0000,7,31,866.8458,-87.0800,0.0218,3,0.0750,1.0000,4,7,6,0,0,7,6,0.1429
4,32.0000,7,32,889.7598,-87.6148,-0.6593,5,0.1250,1.0000,8,6,6,0,0,6,6,0.0000
4,32.0000,7,33,431.7258,-82.4067,-0.5218,24,0.6000,0.7143,7,8,8,0,0,8,8,0.0000
4,32.0000,7,37,46.7345,-69.5955,3.0958,39,0.9750,0.3333,6,6,2,0,0,6,2,0.6667
4,32.0000,7,38,874.0130,-88.1140,-0.6992,5,0.1250,1.0000,6,6,6,0,0,6,6,0.0000
4,32.0000,7,39,832.0147,-88.4567,0.0489,7,0.1750,1.0000,8,6,6,0,0,6,6,0.0000
4,32.0000,7,41,304.1166,-79.5675,0.0638,32,0.8000,0.4000,5,5,1,0,0,5,1,0.8000
4,32.0000,7,42,491.0953,-83.4694,-0.1081,28,0.7000,0.3333,6,8,7,0,0,8,7,0.1250
4,32.0000,7,43,902.8950,-88.7032,0.5031,4,0.1000,1.0000,8,4,4,0,0,4,4,0.0000
4,32.0000,7,44,236.2489,-76.4337,0.3463,37,0.9250,0.0000,4,6,3,0,0,6,3,0.5000
4,32.0000,7,46,97.2329,-63.9272,-1.9320,37,0.9250,0.2000,5,4,0,0,0,4,0,1.0000
4,32.0000,8,1,727.1090,-86.3543,1.0483,8,0.2000,1.0000,8,8,7,0,0,8,7,0.1250
4,32.0000,8,2,239.4329,-77.5173,0.4226,26,0.6500,0.2000,5,6,3,0,0,6,3,0.5000
4,32.0000,8,5,900.8537,-88.2850,0.0479,4,0.1000,1.0000,4,2,2,0,0,2,2,0.0000
4,32.0000,8,9,818.1034,-87.6907,0.1063,5,0.1250,1.0000,8,8,8,0,0,8,8,0.0000
4,32.0000,8,10,480.3365,-82.1455,-0.7696,18,0.4500,0.7500,8,8,8,0,0,8,8,0.0000
4,32.0000,8,11,636.0311,-86.0245,-0.1024,10,0.2500,0.8571,7,8,8,0,0,8,8,0.0000
4,32.0000,8,12,421.7523,-82.2709,-0.1937,21,0.5250,1.0000,8,6,4,0,0,6,4,0.3333
4,32.0000,8,13,517.9023,-83.6722,1.1585,14,0.3500,0.8750,8,7,6,0,0,7,6,0.1429
4,32.0000,8,16,303.8653,-80.1325,0.4090,20,0.5000,0.4000,5,6,4,0,0,6,4,0.3333
4,32.0000,8,17,550.1174,-84.2530,-0.7065,9,0.2250,0.8571,7,8,7,0,0,8,7,0.1250
4,32.0000,8,19,539.5578,-83.0417,-0.2738,18,0.4500,1.0000,8,7,5,0,0,7,5,0.2857
4,32.0000,8,20,661.2452,-85.8523,-0.5306,5,0.1250,1.0000,8,6,6,0,0,6,6,0.0000
4,32.0000,8,21,561.9933,-84.4576,0.5066,11,0.2750,0.8571,7,7,4,0,0,7,4,0.4286
4,32.0000,8,25,415.6869,-83.3017,0.6475,14,0.3500,1.0000,8,7,6,0,0,7,6,0.1429
4,32.0000,8,26,500.5344,-84.0905,0.8295,9,0.2250,1.0000,8,8,7,0,0,8,7,0.1250
4,32.0000,8,27,312.7941,-76.6359,-1.6236,32,0.8000,0.5349,43,6,4,2,2,8,6,0.2500
4,32.0000,8,29,567.1890,-85.4227,-0.2180,13,0.3250,1.0000,8,8,7,0,0,8,7,0.1250
4,32.0000,8,31,609.0687,-84.3854,-0.4697,9,0.2250,0.8571,7,8,7,0,0,8,7,0.1250
4,32.0000,8,32,605.7577,-85.4132,-0.3137,11,0.2750,0.8750,8,8,7,0,0,8,7,0.1250
4,32.0000,8,34,707.5861,-86.5790,0.6325,7,0.1750,1.0000,8,7,6,0,0,7,6,0.1429
4,32.0000,8,35,781.5290,-86.7601,0.6459,11,0.2750,0.8750,8,8,8,0,0,8,8,0.0000
4,32.0000,8,36,762.1984,-87.0751,0.5120,9,0.2250,0.8750,8,6,6,0,0,6,6,0.0000
4,32.0000,8,39,696.5984,-86.6118,0.4401,5,0.1250,1.0000,8,8,8,0,0,8,8,0.0000
4,32.0000,8,40,255.7532,-77.4719,0.1615,30,0.7500,0.2000,5,7,5,0,0,7,5,0.2857
4,32.0000,8,43,565.5981,-83.4166,-1.5446,12,0.3000,0.8571,7,7,6,0,0,7,6,0.1429
4,32.0000,8,45,743.1978,-87.1068,0.8027,5,0.1250,1.0000,4,8,8,0,0,8,8,0.0000
4,32.0000,8,47,505.2554,-84.2272,0.2071,9,0.2250,0.5000,6,7,6,0,0,7,6,0.1429
4,32.0000,9,0,423.1064,-79.6283,-0.6610,24,0.5854,0.7143,7,6,3,0,0,6,3,0.5000
4,32.0000,9,2,580.8935,-85.5062,0.4155,7,0.1707,0.8750,8,8,6,0,0,8,6,0.2500
4,32.0000,9,4,518.5423,-83.9702,0.8115,13,0.3171,1.0000,8,7,6,0,0,7,6,0.1429
4,32.0000,9,6,661.8854,-84.8087,-1.2256,13,0.3171,1.0000,6,8,8,0,0,8,8,0.0000
4,32.0000,9,7,620.5186,-84.4943,0.1529,10,0.2439,0.8571,7,6,6,0,0,6,6,0.0000
4,32.0000,9,8,818.1034,-88.3785,0.1451,3,0.0732,1.0000,8,8,8,0,0,8,8,0.0000
4,32.0000,9,10,763.7597,-88.2152,-0.3070,5,0.1220,1.0000,6,7,6,0,0,7,6,0.1429
4,32.0000,9,11,452.8447,-81.7507,0.7569,10,0.2439,1.0000,8,8,6,0,0,8,6,0.2500
4,32.0000,9,15,1107.9171,-88.6865,0.7464,3,0.0732,,0,4,4,0,0,4,4,0.0000
4,32.0000,9,16,856.3547,-87.5442,-0.0860,4,0.0976,1.0000,4,8,8,0,0,8,8,0.0000
4,32.0000,9,17,269.1588,-78.2989,1.0208,22,0.5366,0.6667,6,7,6,0,0,7,6,0.1429
4,32.0000,9,18,463.6280,-83.1762,-0.2645,14,0.3415,0.6667,6,8,8,0,0,8,8,0.0000
4,32.0000,9,19,619.0101,-85.4881,-0.2143,5,0.1220,0.8571,7,8,8,0,0,8,8,0.0000
4,32.0000,9,22,524.0488,-83.3640,-1.5777,14,0.3415,0.6667,6,6,4,0,0,6,4,0.3333
4,32.0000,9,23,256.2331,-74.3106,-1.2336,33,0.8049,0.0000,4,6,2,0,0,6,2,0.6667
4,32.0000,9,25,719.1459,-86.9577,0.6837,7,0.1707,1.0000,6,8,8,0,0,8,8,0.0000
4,32.0000,9,26,803.5546,-86.9123,0.6950,4,0.0976,,0,8,8,0,0,8,8,0.0000
4,32.0000,9,27,964.6328,-88.3003,0.5001,3,0.0732,1.0000,8,6,6,0,0,6,6,0.0000
4,32.0000,9,28,443.2294,-83.1380,0.6202,17,0.4146,0.8000,5,7,5,0,0,7,5,0.2857
4,32.0000,9,29,901.6906,-88.4508,-0.0530,3,0.0732,,0,6,6,0,0,6,6,0.0000
4,32.0000,9,31,385.7189,-81.2572,-0.0126,15,0.3659,0.8750,8,8,7,0,0,8,7,0.1250
4,32.0000,9,32,394.2988,-79.0690,-0.8657,19,0.4634,0.6667,6,7,5,0,0,7,5,0.2857
4,32.0000,9,33,272.9887,-77.9023,-0.3382,26,0.6341,0.8750,8,6,3,0,0,6,3,0.5000
4,32.0000,9,37,655.3170,-84.6559,-0.3130,13,0.3171,0.8571,7,5,4,0,0,5,4,0.2000
4,32.0000,9,38,572.5539,-84.5944,-0.2587,15,0.3659,1.0000,8,8,7,0,0,8,7,0.1250
4,32.0000,9,39,322.6243,-79.8726,1.2000,17,0.4146,0.6667,6,6,3,0,0,6,3,0.5000
4,32.0000,9,41,629.0496,-84.3991,-0.6427,15,0.3659,0.6667,6,6,4,0,0,6,4,0.3333
4,32.0000,9,42,890.2962,-86.6646,-0.3793,4,0.0976,1.0000,4,8,7,0,0,8,7,0.1250
4,32.0000,9,43,328.9506,-81.1631,0.0553,16,0.3902,0.4000,5,7,6,0,0,7,6,0.1429
4,32.0000,9,44,664.5907,-86.1551,-0.6598,9,0.2195,0.8571,7,7,6,0,0,7,6,0.1429
4,32.0000,9,45,577.0142,-84.4523,-0.3026,13,0.3171,0.5000,4,7,5,0,0,7,5,0.2857
4,32.0000,9,46,683.1373,-85.1811,-0.1436,12,0.2927,0.8750,8,8,7,0,0,8,7,0.1250
4,32.0000,9,47,726.3680,-86.8616,0.1198,7,0.1707,1.0000,6,8,6,0,0,8,6,0.2500
4,32.0000,10,0,934.1196,-87.9590,-1.0428,3,0.0769,1.0000,4,6,6,0,0,6,6,0.0000
4,32.0000,10,1,924.7952,-88.1772,0.1011,5,0.1282,1.0000,4,6,6,0,0,6,6,0.0000
4,32.0000,10,2,459.6475,-81.2439,-0.5068,13,0.3333,0.6667,6,7,6,0,0,7,6,0.1429
4,32.0000,10,5,1204.3739,-88.6074,-1.2134,3,0.0769,1.0000,4,4,4,0,0,4,4,0.0000
4,32.0000,10,8,480.3365,-81.4993,-0.7229,18,0.4615,0.8571,7,8,8,0,0,8,8,0.0000
4,32.0000,10,9,763.7597,-86.9130,1.0543,4,0.1026,1.0000,8,8,8,0,0,8,8,0.0000
4,32.0000,10,11,382.1236,-82.9209,-0.1546,11,0.2821,0.8750,8,7,5,0,0,7,5,0.2857
4,32.0000,10,12,490.8756,-83.4207,-0.0805,20,0.5128,0.8750,8,8,7,0,0,8,7,0.1250
4,32.0000,10,13,618.4071,-85.5302,0.4505,12,0.3077,1.0000,6,10,10,0,0,10,10,0.0000
4,32.0000,10,16,364.5440,-80.2135,-0.5963,20,0.5128,0.8571,7,7,5,0,0,7,5,0.2857
4,32.0000,10,17,553.2421,-83.8306,0.4494,7,0.1795,1.0000,8,7,6,0,0,7,6,0.1429
4,32.0000,10,19,183.1315,-76.1633,0.6911,33,0.8462,0.0000,4,6,2,0,0,6,2,0.6667
4,32.0000,10,20,841.3455,-86.5124,-1.4918,3,0.0769,1.0000,8,8,8,0,0,8,8,0.0000
4,32.0000,10,21,944.3786,-87.4501,-0.4211,4,0.1026,1.0000,8,3,2,0,0,3,2,0.3333
4,32.0000,10,25,499.4549,-83.4045,0.6861,11,0.2821,1.0000,8,8,8,0,0,8,8,0.0000
4,32.0000,10,26,649.1018,-86.3557,0.7415,5,0.1282,0.9000,10,5,4,0,0,5,4,0.2000
4,32.0000,10,27,382.2662,-79.8242,-0.4751,29,0.7436,0.6000,5,5,1,0,0,5,1,0.8000
4,32.0000,10,29,657.0991,-85.6822,-0.2488,9,0.2308,0.8571,7,8,8,0,0,8,8,0.0000
4,32.0000,10,31,395.7139,-81.7641,0.8579,10,0.2564,0.8571,7,8,7,0,0,8,7,0.1250
4,32.0000,10,32,435.6859,-83.3924,0.0430,10,0.2564,0.8571,7,6,4,0,0,6,4,0.3333
4,32.0000,10,35,827.8844,-87.2862,-0.3137,8,0.2051,1.0000,8,7,6,0,0,7,6,0.1429
4,32.0000,10,36,868.9617,-86.7872,-0.0996,4,0.1026,1.0000,8,2,2,0,0,2,2,0.0000
4,32.0000,10,39,718.6253,-84.5978,-0.1589,3,0.0769,1.0000,8,8,8,0,0,8,8,0.0000
4,32.0000,10,40,614.9800,-84.2480,-0.3929,12,0.3077,1.0000,8,7,6,0,0,7,6,0.1429
4,32.0000,10,43,544.4483,-83.9465,-0.7338,7,0.1795,1.0000,8,8,8,0,0,8,8,0.0000
4,32.0000,10,47,675.4739,-84.8829,1.2060,5,0.1282,0.8571,7,8,8,0,0,8,8,0.0000
4,32.0000,11,0,643.2730,-85.7180,-0.6812,12,0.3000,1.0000,8,8,7,0,0,8,7,0.1250
4,32.0000,11,2,475.6810,-84.7560,-0.8781,8,0.2000,0.6667,6,7,6,0,0,7,6,0.1429
4,32.0000,11,4,869.6827,-88.2593,-0.1068,4,0.1000,1.0000,8,8,8,0,0,8,8,0.0000
4,32.0000,11,6,914.7384,-88.1353,0.1745,7,0.1750,1.0000,6,6,6,0,0,6,6,0.0000
4,32.0000,11,7,884.7739,-87.4723,-0.4679,5,0.1250,1.0000,6,4,4,0,0,4,4,0.0000
4,32.0000,11,8,636.0311,-85.6684,0.7114,6,0.1500,0.8571,7,7,6,0,0,7,6,0.1429
4,32.0000,11,9,452.8447,-83.2887,0.7061,13,0.3250,0.6667,6,8,8,0,0,8,8,0.0000
4,32.0000,11,10,382.1236,-82.4011,1.0547,13,0.3250,0.5000,6,6,4,0,0,6,4,0.3333
4,32.0000,11,12,794.8267,-88.4553,0.1171,3,0.0750,0.0000,1,8,8,0,0,8,8,0.0000
4,32.0000,11,13,786.2205,-86.8632,0.6961,8,0.2000,1.0000,4,4,4,0,0,4,4,0.0000
4,32.0000,11,16,532.8659,-85.3102,-0.0726,8,0.2000,0.8750,8,8,7,0,0,8,7,0.1250
4,32.0000,11,17,330.7718,-79.5182,-1.0962,22,0.5500,0.8750,8,6,4,0,0,6,4,0.3333
4,32.0000,11,18,715.5928,-87.1225,-0.5527,8,0.2000,1.0000,4,8,8,0,0,8,8,0.0000
4,32.0000,11,19,291.4874,-81.1275,-0.3607,18,0.4500,0.2500,4,6,2,0,0,6,2,0.6667
4,32.0000,11,20,671.1856,-86.7966,-1.4528,8,0.2000,0.8571,7,8,8,0,0,8,8,0.0000
4,32.0000,11,22,848.6933,-86.6273,-0.7983,8,0.2000,1.0000,6,6,6,0,0,6,6,0.0000
4,32.0000,11,23,628.8281,-84.9742,0.8620,11,0.2750,1.0000,8,8,8,0,0,8,8,0.0000
4,32.0000,11,25,461.9237,-82.9442,-1.2187,11,0.2750,1.0000,8,7,6,0,0,7,6,0.1429
4,32.0000,11,26,593.7057,-85.2447,0.9891,8,0.2000,0.8750,8,7,6,0,0,7,6,0.1429
4,32.0000,11,27,699.1649,-86.2022,0.7848,7,0.1750,1.0000,8,8,8,0,0,8,8,0.0000
4,32.0000,11,28,741.8642,-86.4624,-0.9704,5,0.1250,0.8333,6,8,8,0,0,8,8,0.0000
4,32.0000,11,29,635.3238,-84.6920,-0.3354,10,0.2500,0.8571,7,8,8,0,0,8,8,0.0000
4,32.0000,11,31,200.8055,-75.7522,-0.0834,34,0.8500,0.3333,6,5,1,0,0,5,1,0.8000
4,32.0000,11,32,311.5400,-79.2315,-0.4771,27,0.6750,0.8000,5,5,2,0,0,5,2,0.6000
4,32.0000,11,33,625.0808,-86.2491,0.0223,14,0.3500,0.7778,9,8,8,0,0,8,8,0.0000
4,32.0000,11,37,920.0989,-86.0760,-0.1169,4,0.1000,1.0000,4,4,4,0,0,4,4,0.0000
4,32.0000,11,38,752.7645,-85.8838,0.2380,5,0.1250,1.0000,6,4,4,0,0,4,4,0.0000
4,32.0000,11,39,414.7459,-80.5771,-1.0758,11,0.2750,0.8750,8,7,6,0,0,7,6,0.1429
4,32.0000,11,40,853.1277,-87.8564,-0.2149,4,0.1000,1.0000,8,6,6,0,0,6,6,0.0000
4,32.0000,11,41,900.3712,-85.7461,-0.1642,5,0.1250,1.0000,6,4,4,0,0,4,4,0.0000
4,32.0000,11,43,404.9650,-81.6202,-0.4894,17,0.4250,0.7500,8,7,6,0,0,7,6,0.1429
4,32.0000,11,45,702.1152,-85.4460,-1.5470,9,0.2250,0.8571,7,8,8,0,0,8,8,0.0000
4,32.0000,11,46,969.9068,-87.1682,-0.0993,6,0.1500,1.0000,4,4,4,0,0,4,4,0.0000
4,32.0000,11,47,574.7846,-84.5568,-0.6882,8,0.2000,1.0000,8,8,8,0,0,8,8,0.0000
4,32.0000,12,1,467.5438,-82.5986,0.3135,18,0.4500,0.8750,8,7,4,0,0,7,4,0.4286
4,32.0000,12,2,613.4542,-84.0407,-0.4423,5,0.1250,0.8750,8,8,8,0,0,8,8,0.0000
4,32.0000,12,5,801.4946,-86.7916,-0.2743,8,0.2000,0.6667,6,8,7,0,0,8,7,0.1250
4,32.0000,12,8,421.7523,-81.9714,0.2252,16,0.4000,0.8750,8,5,2,0,0,5,2,0.6000
4,32.0000,12,10,490.8756,-82.6710,-0.0654,18,0.4500,0.8571,7,6,3,0,0,6,3,0.5000
4,32.0000,12,13,331.6581,-80.6280,0.0339,18,0.4500,0.4000,5,5,1,0,0,5,1,0.8000
4,32.0000,12,16,313.9226,-77.7278,-0.4897,28,0.7000,0.8571,7,6,4,0,0,6,4,0.3333
4,32.0000,12,19,655.0172,-84.6287,-0.9498,5,0.1250,1.0000,8,7,6,0,0,7,6,0.1429
4,32.0000,12,20,898.2061,-87.4586,1.0822,3,0.0750,1.0000,8,4,4,0,0,4,4,0.0000
4,32.0000,12,21,778.6154,-87.7922,0.5332,4,0.1000,1.0000,8,8,8,0,0,8,8,0.0000
4,32.0000,12,25,562.6119,-85.9898,0.4928,6,0.1500,0.7143,7,8,8,0,0,8,8,0.0000
4,32.0000,12,26,638.0642,-86.6210,-0.8611,4,0.1000,1.0000,8,7,6,0,0,7,6,0.1429
4,32.0000,12,27,326.2809,-80.4529,0.7429,26,0.6500,0.8571,7,7,4,0,0,7,4,0.4286
4,32.0000,12,29,608.6256,-85.0925,1.0676,7,0.1750,1.0000,8,8,8,0,0,8,8,0.0000
4,32.0000,12,34,654.6683,-85.9967,-0.3212,11,0.2750,1.0000,8,7,5,0,0,7,5,0.2857
4,32.0000,12,35,381.2648,-81.2388,-0.4731,31,0.7750,0.2000,5,5,1,0,0,5,1,0.8000
4,32.0000,12,36,408.4326,-82.5217,0.0826,26,0.6500,0.8571,7,6,3,0,0,6,3,0.5000
4,32.0000,12,40,310.8109,-80.6783,0.9786,23,0.5750,0.4000,5,7,5,0,0,7,5,0.2857
4,32.0000,12,47,707.8428,-86.3656,1.8048,3,0.0750,1.0000,10,6,6,0,0,6,6,0.0000
4,32.0000,13,1,382.5039,-81.6874,0.2135,31,0.7750,0.7143,7,6,4,0,0,6,4,0.3333
4,32.0000,13,2,664.7034,-86.0488,4.5530,4,0.1000,1.0000,8,8,8,0,0,8,8,0.0000
4,32.0000,13,5,621.1587,-84.3331,-0.8523,14,0.3500,0.8571,7,6,3,0,0,6,3,0.5000
4,32.0000,13,8,517.9023,-83.9595,2.3416,7,0.1750,1.0000,8,6,3,0,0,6,3,0.5000
4,32.0000,13,10,618.4071,-85.2407,0.1132,8,0.2000,1.0000,8,8,8,0,0,8,8,0.0000
4,32.0000,13,12,331.6581,-80.9498,0.6491,23,0.5750,0.8571,7,6,3,0,0,6,3,0.5000
4,32.0000,13,16,295.4909,-78.5144,-0.6990,25,0.6250,0.6667,6,8,7,0,0,8,7,0.1250
4,32.0000,13,19,768.4654,-88.7125,-1.0397,3,0.0750,0.8750,8,7,5,0,0,7,5,0.2857
4,32.0000,13,20,698.0276,-85.1707,-0.7233,5,0.1250,0.8750,8,6,6,0,0,6,6,0.0000
4,32.0000,13,21,612.9781,-84.9278,-0.4371,8,0.2000,1.0000,8,8,7,0,0,8,7,0.1250
4,32.0000,13,25,416.4984,-83.2510,1.4202,11,0.2750,0.8571,7,6,4,0,0,6,4,0.3333
4,32.0000,13,26,423.0335,-80.8479,0.6150,15,0.3750,0.6667,6,8,7,0,0,8,7,0.1250
4,32.0000,13,27,595.3201,-84.8652,1.5364,10,0.2500,1.0000,8,7,6,0,0,7,6,0.1429
4,32.0000,13,29,345.9792,-78.7366,-0.0670,24,0.6000,0.4000,5,8,8,0,0,8,8,0.0000
4,32.0000,13,31,883.0071,-86.6258,0.7720,6,0.1500,1.0000,8,8,8,0,0,8,8,0.0000
4,32.0000,13,34,441.0530,-80.8108,0.1393,28,0.7000,0.7143,7,6,4,0,0,6,4,0.3333
4,32.0000,13,35,524.1162,-83.5410,-0.2814,25,0.6250,0.6667,6,6,4,0,0,6,4,0.3333
4,32.0000,13,36,405.8467,-81.6788,-0.0832,30,0.7500,0.7143,7,6,4,0,0,6,4,0.3333
4,32.0000,13,40,475.5101,-83.9598,-0.1858,14,0.3500,0.8750,8,6,4,0,0,6,4,0.3333
4,32.0000,13,45,919.0374,-88.6081,-3.2175,3,0.0750,1.0000,4,6,6,0,0,6,6,0.0000
4,32.0000,13,47,520.6790,-82.6039,-0.3506,13,0.3250,0.7778,9,6,6,0,0,6,6,0.0000
4,32.0000,14,3,444.1235,-82.2190,-0.0035,20,0.5000,0.5714,7,7,5,0,0,7,5,0.2857
4,32.0000,14,4,793.0842,-87.0072,-0.4101,5,0.1250,1.0000,8,6,6,0,0,6,6,0.0000
4,32.0000,14,6,391.0806,-82.5427,0.9569,11,0.2750,1.0000,8,8,7,0,0,8,7,0.1250
4,32.0000,14,7,469.0442,-83.6436,0.4105,13,0.3250,0.8750,8,7,4,0,0,7,4,0.4286
4,32.0000,14,15,291.9092,-77.2973,-0.4950,32,0.8000,0.2000,5,5,1,0,0,5,1,0.8000
4,32.0000,14,18,581.5885,-85.3189,1.2248,10,0.2500,1.0000,8,8,8,0,0,8,8,0.0000
4,32.0000,14,24,309.7921,-78.9665,-0.3952,32,0.8000,0.2000,5,6,2,0,0,6,2,0.6667
4,32.0000,14,28,722.3161,-85.0448,0.4111,7,0.1750,1.0000,8,8,7,0,0,8,7,0.1250
4,32.0000,14,30,300.3209,-80.0887,0.7101,25,0.6250,0.5000,6,6,2,0,0,6,2,0.6667
4,32.0000,14,33,840.4698,-86.9284,1.5339,4,0.1000,1.0000,6,8,8,0,0,8,8,0.0000
4,32.0000,14,37,461.3619,-83.9049,0.6818,12,0.3000,1.0000,8,5,2,0,0,5,2,0.6000
4,32.0000,14,41,698.4749,-86.2382,-0.2409,8,0.2000,1.0000,8,7,5,0,0,7,5,0.2857
4,32.0000,14,42,263.0479,-77.4916,0.3219,28,0.7000,0.2000,5,8,5,0,0,8,5,0.3750
4,32.0000,14,44,331.2141,-80.5289,0.2916,21,0.5250,0.6667,6,7,4,0,0,7,4,0.4286
4,32.0000,14,46,376.3089,-82.2197,0.8409,16,0.4000,0.8571,7,6,3,0,0,6,3,0.5000
4,32.0000,15,3,249.8753,-78.4920,0.2818,34,0.8293,0.3333,6,6,3,0,0,6,3,0.5000
4,32.0000,15,4,771.6486,-85.5591,-0.4150,6,0.1463,1.0000,8,8,8,0,0,8,8,0.0000
4,32.0000,15,6,593.5811,-84.8264,1.1714,6,0.1463,0.7143,7,7,6,0,0,7,6,0.1429
4,32.0000,15,7,702.0032,-84.6744,0.7035,6,0.1463,0.8571,7,8,7,0,0,8,7,0.1250
4,32.0000,15,14,291.9092,-76.6312,-0.4955,26,0.6341,0.2000,5,6,3,0,0,6,3,0.5000
4,32.0000,15,18,749.2923,-85.9990,-1.4447,3,0.0732,1.0000,8,8,8,0,0,8,8,0.0000
4,32.0000,15,24,593.6071,-82.6440,-0.8999,12,0.2927,0.6667,6,8,8,0,0,8,8,0.0000
4,32.0000,15,28,747.9111,-84.8427,-0.2738,3,0.0732,0.8571,7,8,8,0,0,8,8,0.0000
4,32.0000,15,30,540.3008,-82.9887,-0.4224,13,0.3171,1.0000,8,7,6,0,0,7,6,0.1429
4,32.0000,15,37,707.4341,-83.2534,0.7141,5,0.1220,1.0000,8,8,7,0,0,8,7,0.1250
4,32.0000,15,41,949.4512,-89.0234,-0.3857,3,0.0732,1.0000,8,6,6,0,0,6,6,0.0000
4,32.0000,15,42,369.8041,-81.4611,0.2926,19,0.4634,0.4000,5,3,0,0,0,3,0,1.0000
4,32.0000,15,44,495.3776,-82.8024,0.0536,12,0.2927,0.8750,8,8,8,0,0,8,8,0.0000
4,32.0000,15,46,616.5588,-84.7041,0.2494,5,0.1220,0.8750,8,7,5,0,0,7,5,0.2857
4,32.0000,16,1,624.7302,-86.6786,-0.0202,18,0.4500,0.8571,7,6,6,0,0,6,6,0.0000
4,32.0000,16,2,397.5359,-83.0420,0.1864,17,0.4250,0.5714,7,8,7,0,0,8,7,0.1250
4,32.0000,16,5,851.8172,-86.8233,-0.7114,10,0.2500,1.0000,6,6,5,0,0,6,5,0.1667
4,32.0000,16,8,303.8653,-80.0244,0.4133,24,0.6000,0.5000,6,6,3,0,0,6,3,0.5000
4,32.0000,16,10,364.5440,-80.3831,-0.1807,23,0.5750,0.7143,7,7,4,0,0,7,4,0.4286
4,32.0000,16,11,532.8659,-85.9650,0.7237,8,0.2000,0.8571,7,8,8,0,0,8,8,0.0000
4,32.0000,16,12,313.9226,-78.9264,-0.2433,33,0.8250,0.5000,4,7,4,0,0,7,4,0.4286
4,32.0000,16,13,295.4909,-78.4194,-0.0372,33,0.8250,0.4000,5,4,0,0,0,4,0,1.0000
4,32.0000,16,17,603.0330,-85.6194,0.4219,7,0.1750,1.0000,8,6,4,0,0,6,4,0.3333
4,32.0000,16,19,490.0128,-83.6861,1.0268,11,0.2750,0.8571,7,7,5,0,0,7,5,0.2857
4,32.0000,16,20,612.6121,-86.2946,-0.3335,10,0.2500,0.7143,7,7,5,0,0,7,5,0.2857
4,32.0000,16,21,619.4682,-85.8210,0.1839,13,0.3250,1.0000,8,8,7,0,0,8,7,0.1250
4,32.0000,16,25,255.9451,-79.1278,0.9571,18,0.4500,1.0000,8,4,0,0,0,4,0,1.0000
4,32.0000,16,26,362.9141,-82.3537,0.1956,19,0.4750,0.6250,8,7,4,0,0,7,4,0.4286
4,32.0000,16,27,397.2523,-81.1608,-0.3961,25,0.6250,0.7556,45,5,1,0,0,5,1,0.8000
4,32.0000,16,29,361.9539,-80.9438,-0.5402,25,0.6250,0.5000,6,7,5,0,0,7,5,0.2857
4,32.0000,16,31,598.3863,-85.7985,-0.2634,8,0.2000,1.0000,8,7,6,0,0,7,6,0.1429
4,32.0000,16,32,645.4459,-86.0582,-0.5615,5,0.1250,1.0000,8,8,8,0,0,8,8,0.0000
4,32.0000,16,34,646.7152,-84.4843,-0.3372,20,0.5000,0.8571,7,8,8,0,0,8,8,0.0000
4,32.0000,16,35,667.7834,-85.4257,-0.2235,21,0.5250,0.8750,8,6,6,0,0,6,6,0.0000
4,32.0000,16,36,627.1331,-84.5970,-0.1505,20,0.5000,0.8571,7,7,5,0,0,7,5,0.2857
4,32.0000,16,40,396.8468,-80.6791,-0.8318,25,0.6250,0.3333,6,8,8,0,0,8,8,0.0000
4,32.0000,16,43,666.8105,-86.0830,-0.7363,9,0.2250,1.0000,8,6,6,0,0,6,6,0.0000
4,32.0000,16,45,773.4363,-86.8300,0.6664,4,0.1000,1.0000,4,6,6,0,0,6,6,0.0000
4,32.0000,16,47,420.9150,-82.8445,0.1031,18,0.4500,0.8571,7,7,6,0,0,7,6,0.1429
4,32.0000,17,0,629.8089,-85.5349,1.2568,7,0.1750,1.0000,8,7,6,0,0,7,6,0.1429
4,32.0000,17,2,315.4960,-80.6321,0.3601,20,0.5000,0.5000,6,6,4,0,0,6,4,0.3333
4,32.0000,17,4,691.3214,-85.9652,1.0350,6,0.1500,1.0000,8,8,8,0,0,8,8,0.0000
4,32.0000,17,6,910.5938,-88.6252,1.2653,4,0.1000,0.7500,4,8,8,0,0,8,8,0.0000
4,32.0000,17,7,873.8390,-87.9890,-1.3536,4,0.1000,1.0000,6,4,4,0,0,4,4,0.0000
4,32.0000,17,8,550.1174,-84.7207,-0.8404,9,0.2250,0.7143,7,8,7,0,0,8,7,0.1250
4,32.0000,17,9,269.1588,-78.6041,0.8403,19,0.4750,0.4000,5,6,3,0,0,6,3,0.5000
4,32.0000,17,10,553.2421,-85.2910,0.7259,12,0.3000,1.0000,8,4,2,0,0,4,2,0.5000
4,32.0000,17,11,330.7718,-79.5878,0.3599,19,0.4750,0.8571,7,7,5,0,0,7,5,0.2857
4,32.0000,17,12,870.1731,-87.2772,0.5181,4,0.1000,1.0000,4,6,4,0,0,6,4,0.3333
4,32.0000,17,13,873.0895,-88.3090,-0.3524,7,0.1750,1.0000,4,4,4,46,46,50,50,0.0000
4,32.0000,17,16,603.0330,-85.7653,0.7168,9,0.2250,1.0000,8,8,8,0,0,8,8,0.0000
4,32.0000,17,18,705.5321,-87.1712,-4.0831,3,0.0750,0.8571,7,8,8,0,0,8,8,0.0000
4,32.0000,17,19,441.2538,-83.6816,0.1663,11,0.2750,0.7143,7,8,7,0,0,8,7,0.1250
4,32.0000,17,20,580.9811,-83.6096,-1.3693,8,0.2000,0.8571,7,7,6,0,0,7,6,0.1429
4,32.0000,17,21,812.6189,-86.5851,-1.8142,7,0.1750,1.0000,4,6,6,0,0,6,6,0.0000
4,32.0000,17,22,649.8636,-83.4709,0.0547,11,0.2750,0.5000,6,5,3,0,0,5,3,0.4000
4,32.0000,17,23,457.5081,-82.8253,-0.8404,9,0.2250,0.7500,8,8,7,0,0,8,7,0.1250
4,32.0000,17,25,495.4273,-83.6135,1.1100,11,0.2750,0.7143,7,7,6,0,0,7,6,0.1429
4,32.0000,17,26,597.9115,-84.7916,-0.1584,9,0.2250,1.0000,8,8,8,0,0,8,8,0.0000
4,32.0000,17,27,711.2337,-86.8715,0.0968,7,0.1750,0.7143,7,5,4,0,0,5,4,0.2000
4,32.0000,17,28,635.5600,-86.9501,0.3849,6,0.1500,1.0000,8,8,7,0,0,8,7,0.1250
4,32.0000,17,29,698.7462,-86.0752,0.0740,8,0.2000,1.0000,2,8,7,0,0,8,7,0.1250
4,32.0000,17,31,259.1819,-77.8125,0.0947,28,0.7000,0.4000,5,6,3,0,0,6,3,0.5000
4,32.0000,17,32,272.4410,-77.5356,-0.2985,29,0.7250,0.4000,5,6,3,0,0,6,3,0.5000
4,32.0000,17,33,514.1877,-84.5575,0.7122,8,0.2000,0.8750,8,6,4,0,0,6,4,0.3333
4,32.0000,17,38,631.7323,-85.2754,0.6473,7,0.1750,0.8571,7,8,8,0,0,8,8,0.0000
4,32.0000,17,39,278.0568,-76.3643,-0.1998,27,0.6750,0.8571,7,7,6,0,0,7,6,0.1429
4,32.0000,17,40,804.8314,-86.7396,0.3598,8,0.2000,0.8571,7,6,6,0,0,6,6,0.0000
4,32.0000,17,41,864.5574,-88.6916,-0.8310,4,0.1000,1.0000,6,8,8,0,0,8,8,0.0000
4,32.0000,17,43,181.4072,-75.2656,0.6496,33,0.8250,0.4000,5,4,0,0,0,4,0,1.0000
4,32.0000,17,45,509.3602,-83.2216,-0.0514,17,0.4250,0.6250,8,8,7,0,0,8,7,0.1250
4,32.0000,17,47,531.7656,-84.0336,0.9407,12,0.3000,1.0000,8,8,8,6,6,14,14,0.0000
4,32.0000,18,0,361.6999,-79.2296,-0.4360,26,0.6500,0.5000,6,6,2,0,0,6,2,0.6667
4,32.0000,18,3,696.3021,-86.1832,-0.0132,11,0.2750,0.8571,7,8,7,0,0,8,7,0.1250
4,32.0000,18,4,545.2948,-84.6262,-0.1435,13,0.3250,0.4000,5,8,8,0,0,8,8,0.0000
4,32.0000,18,6,207.0606,-70.5532,-3.2591,38,0.9500,0.2000,5,5,2,0,0,5,2,0.6000
4,32.0000,18,7,210.4834,-69.8873,-3.6571,38,0.9500,0.0000,4,5,2,0,0,5,2,0.6000
4,32.0000,18,9,463.6280,-83.4058,-0.4139,9,0.2250,1.0000,8,6,4,0,0,6,4,0.3333
4,32.0000,18,14,581.5885,-84.8058,0.4327,24,0.6000,0.8571,7,6,4,0,0,6,4,0.3333
4,32.0000,18,15,749.2923,-85.5926,-0.3907,16,0.4000,0.8333,6,6,5,0,0,6,5,0.1667
4,32.0000,18,17,705.5321,-85.8064,-1.1250,4,0.1000,0.8750,8,8,8,0,0,8,8,0.0000
4,32.0000,18,19,937.2016,-88.6639,-0.1670,3,0.0750,1.0000,8,6,6,0,0,6,6,0.0000
4,32.0000,18,22,637.2668,-86.1261,-1.0460,8,0.2000,0.8571,7,8,8,0,0,8,8,0.0000
4,32.0000,18,23,495.6211,-84.1452,0.2763,13,0.3250,1.0000,8,8,7,0,0,8,7,0.1250
4,32.0000,18,24,580.5728,-84.2578,-0.7115,18,0.4500,0.8571,7,7,4,0,0,7,4,0.4286
4,32.0000,18,28,377.4525,-82.1707,0.4282,24,0.6000,0.8571,7,6,4,0,0,6,4,0.3333
4,32.0000,18,30,436.5265,-82.5230,-0.0146,25,0.6250,0.5000,6,7,4,0,0,7,4,0.4286
4,32.0000,18,31,721.8588,-87.8876,0.2485,5,0.1250,1.0000,6,8,8,0,0,8,8,0.0000
4,32.0000,18,32,759.8934,-85.8430,0.4634,7,0.1750,1.0000,6,8,7,0,0,8,7,0.1250
4,32.0000,18,33,361.4937,-81.2745,0.2039,26,0.6500,0.7143,7,7,5,0,0,7,5,0.2857
4,32.0000,18,37,256.6356,-74.6776,-1.2990,36,0.9000,0.0000,4,7,5,0,0,7,5,0.2857
4,32.0000,18,38,681.3385,-87.6499,-0.2779,4,0.1000,0.7143,7,7,6,0,0,7,6,0.1429
4,32.0000,18,39,631.7473,-86.1409,0.3550,8,0.2000,0.6667,6,8,8,0,0,8,8,0.0000
4,32.0000,18,41,426.1522,-81.5688,-0.1775,28,0.7000,0.7143,7,8,7,0,0,8,7,0.1250
4,32.0000,18,42,580.5842,-84.1221,-0.6555,22,0.5500,0.8750,8,8,8,0,0,8,8,0.0000
4,32.0000,18,43,765.6179,-86.3807,1.3524,4,0.1000,1.0000,6,4,4,0,0,4,4,0.0000
4,32.0000,18,44,263.8588,-78.3210,0.6752,34,0.8500,0.0000,4,6,4,0,0,6,4,0.3333
4,32.0000,18,45,872.0494,-89.0257,0.3312,4,0.1000,1.0000,4,8,8,0,0,8,8,0.0000
4,32.0000,18,46,271.0015,-74.0774,-2.1110,34,0.8500,0.0000,4,7,5,0,0,7,5,0.2857
4,32.0000,19,0,760.3991,-86.3744,-0.3681,7,0.1750,1.0000,4,7,6,0,0,7,6,0.1429
4,32.0000,19,2,437.1466,-82.4358,-1.3217,17,0.4250,0.8750,8,8,6,0,0,8,6,0.2500
4,32.0000,19,7,1076.5432,-88.9785,-0.0122,5,0.1250,1.0000,2,2,2,0,0,2,2,0.0000
4,32.0000,19,8,539.5578,-82.8902,-0.4750,14,0.3500,0.8571,7,10,9,0,0,10,9,0.1000
4,32.0000,19,9,619.0101,-85.5360,0.1258,11,0.2750,1.0000,8,8,8,0,0,8,8,0.0000
4,32.0000,19,10,183.1315,-76.2871,0.5175,29,0.7250,0.0000,4,5,2,0,0,5,2,0.6000
4,32.0000,19,11,291.4874,-79.7485,0.2921,18,0.4500,0.5000,6,4,0,0,0,4,0,1.0000
4,32.0000,19,12,655.0172,-85.6583,0.0634,11,0.2750,1.0000,8,6,5,0,0,6,5,0.1667
4,32.0000,19,13,768.4654,-86.2929,0.4471,4,0.1000,1.0000,6,4,4,49,48,53,52,0.0189
4,32.0000,19,16,490.0128,-84.0997,0.3032,13,0.3250,0.8571,7,6,4,0,0,6,4,0.3333
4,32.0000,19,17,441.2538,-82.9154,0.2693,15,0.3750,0.6667,6,8,7,0,0,8,7,0.1250
4,32.0000,19,18,937.2016,-87.5601,0.0691,4,0.1000,1.0000,6,8,8,0,0,8,8,0.0000
4,32.0000,19,20,849.2022,-86.7112,-0.8741,6,0.1500,1.0000,8,6,6,0,0,6,6,0.0000
4,32.0000,19,23,719.7872,-85.3381,0.2509,7,0.1750,0.8750,8,8,8,0,0,8,8,0.0000
4,32.0000,19,25,557.8637,-85.0350,-0.4104,11,0.2750,0.7143,7,6,4,0,0,6,4,0.3333
4,32.0000,19,26,710.3813,-87.2239,-0.1007,8,0.2000,1.0000,6,8,7,0,0,8,7,0.1250
4,32.0000,19,27,482.3827,-83.0302,-1.3032,20,0.5000,0.6667,6,8,7,0,0,8,7,0.1250
4,32.0000,19,28,993.1793,-89.3546,-0.2108,3,0.0750,1.0000,2,8,8,0,0,8,8,0.0000
4,32.0000,19,29,744.2967,-86.4922,-0.8317,6,0.1500,1.0000,8,8,7,0,0,8,7,0.1250
4,32.0000,19,31,235.3488,-77.8003,0.2799,25,0.6250,0.8571,7,5,1,0,0,5,1,0.8000
4,32.0000,19,32,265.8009,-79.6132,1.6475,23,0.5750,0.0000,4,4,0,0,0,4,0,1.0000
4,32.0000,19,33,755.6709,-87.0077,-0.2040,6,0.1500,1.0000,4,6,6,0,0,6,6,0.0000
4,32.0000,19,34,1131.7350,-87.3229,-0.0311,3,0.0750,1.0000,6,2,2,0,0,2,2,0.0000
4,32.0000,19,39,641.0698,-85.7030,-0.3663,10,0.2500,0.8571,7,8,7,0,0,8,7,0.1250
4,32.0000,19,40,722.3264,-86.5237,-1.2976,10,0.2500,1.0000,8,8,8,0,0,8,8,0.0000
4,32.0000,19,43,403.2287,-82.1864,-0.8236,17,0.4250,0.8750,8,8,8,0,0,8,8,0.0000
4,32.0000,19,45,889.0703,-88.8688,-0.5228,3,0.0750,1.0000,4,4,4,0,0,4,4,0.0000
4,32.0000,19,46,1166.2789,-88.6207,0.6738,3,0.0750,,0,4,4,0,0,4,4,0.0000
4,32.0000,19,47,710.4385,-87.5115,-0.5125,5,0.1250,1.0000,8,8,8,0,0,8,8,0.0000
4,32.0000,20,2,581.2370,-85.6178,-0.8040,10,0.2500,1.0000,8,8,8,0,0,8,8,0.0000
4,32.0000,20,4,750.3063,-87.0300,-0.6006,7,0.1750,0.8571,7,8,8,0,0,8,8,0.0000
4,32.0000,20,5,968.4521,-88.8751,-0.1010,6,0.1500,1.0000,8,4,4,0,0,4,4,0.0000
4,32.0000,20,8,661.2452,-86.6098,-0.5843,8,0.2000,0.8571,7,8,8,0,0,8,8,0.0000
4,32.0000,20,9,718.8410,-88.6146,-0.0033,5,0.1250,1.0000,8,8,8,0,0,8,8,0.0000
4,32.0000,20,10,841.3455,-85.8891,-0.0770,6,0.1500,1.0000,8,8,8,0,0,8,8,0.0000
4,32.0000,20,11,671.1856,-84.3177,0.4555,10,0.2500,1.0000,8,8,8,34,32,42,40,0.0476
4,32.0000,20,12,898.2061,-87.7154,1.2244,3,0.0750,1.0000,4,8,8,0,0,8,8,0.0000
4,32.0000,20,13,698.0276,-85.4237,-1.0892,7,0.1750,1.0000,6,6,6,0,0,6,6,0.0000
4,32.0000,20,16,612.6121,-85.7682,0.2970,8,0.2000,1.0000,6,8,8,0,0,8,8,0.0000
4,32.0000,20,17,580.9811,-82.8513,0.3095,10,0.2500,0.8750,8,10,10,0,0,10,10,0.0000
4,32.0000,20,19,849.2022,-87.3889,-0.5958,8,0.2000,1.0000,8,8,8,0,0,8,8,0.0000
4,32.0000,20,21,444.0086,-83.1316,0.0084,18,0.4500,0.7143,7,7,5,0,0,7,5,0.2857
4,32.0000,20,22,647.4043,-86.1209,-0.6539,12,0.3000,0.8750,8,8,7,0,0,8,7,0.1250
4,32.0000,20,23,964.8036,-86.8180,0.3267,5,0.1250,1.0000,6,8,8,0,0,8,8,0.0000
4,32.0000,20,25,370.5438,-80.1001,-1.1082,17,0.4250,0.7500,8,8,7,0,0,8,7,0.1250
4,32.0000,20,26,280.2354,-78.0360,0.3886,28,0.7000,0.5000,6,7,5,0,0,7,5,0.2857
4,32.0000,20,27,933.5498,-87.5086,0.7660,7,0.1750,1.0000,8,6,6,0,0,6,6,0.0000
4,32.0000,20,28,741.7805,-87.3006,-0.3665,6,0.1500,1.0000,6,8,8,0,0,8,8,0.0000
4,32.0000,20,29,388.0850,-81.4567,0.7077,18,0.4500,0.5000,6,6,2,0,0,6,2,0.6667
4,32.0000,20,31,762.9525,-86.6380,0.2528,7,0.1750,1.0000,8,8,8,0,0,8,8,0.0000
4,32.0000,20,32,820.9716,-86.4245,-0.4963,6,0.1500,0.9891,92,8,8,0,0,8,8,0.0000
4,32.0000,20,34,754.8152,-86.2123,-0.4130,7,0.1750,1.0000,8,8,8,0,0,8,8,0.0000
4,32.0000,20,36,1084.4521,-88.4137,-0.1830,3,0.0750,,0,2,2,0,0,2,2,0.0000
4,32.0000,20,38,466.4532,-82.3000,0.4588,16,0.4000,0.7143,7,6,4,0,0,6,4,0.3333
4,32.0000,20,39,405.2488,-81.7315,0.6357,12,0.3000,0.9851,67,8,7,140,131,148,138,0.0676
4,32.0000,20,40,831.5786,-87.3309,-0.3830,9,0.2250,0.8571,7,6,6,0,0,6,6,0.0000
4,32.0000,20,43,748.6543,-85.3100,-0.1534,5,0.1250,1.0000,8,4,3,0,0,4,3,0.2500
4,32.0000,20,45,262.2127,-79.3030,0.8254,25,0.6250,0.5000,6,5,1,0,0,5,1,0.8000
4,32.0000,20,47,192.8786,-76.0172,0.1880,32,0.8000,0.2000,5,5,1,0,0,5,1,0.8000
4,32.0000,21,1,739.5454,-86.5492,-0.1291,7,0.1750,1.0000,8,8,7,0,0,8,7,0.1250
4,32.0000,21,2,628.3717,-86.8350,0.7302,5,0.1250,1.0000,8,10,10,0,0,10,10,0.0000
4,32.0000,21,5,632.4354,-85.1939,0.2209,13,0.3250,0.8750,8,6,6,0,0,6,6,0.0000
4,32.0000,21,8,561.9933,-85.1321,1.1523,7,0.1750,1.0000,8,8,7,0,0,8,7,0.1250
4,32.0000,21,10,944.3786,-88.1676,0.3019,3,0.0750,1.0000,8,8,8,0,0,8,8,0.0000
4,32.0000,21,12,778.6154,-87.6910,0.3105,3,0.0750,0.8750,8,8,8,0,0,8,8,0.0000
4,32.0000,21,13,612.9781,-85.6718,-0.2554,8,0.2000,0.8571,7,8,8,0,0,8,8,0.0000
4,32.0000,21,16,619.4682,-85.9374,-0.2205,7,0.1750,1.0000,8,8,8,0,0,8,8,0.0000
4,32.0000,21,20,444.0086,-82.1755,-0.4604,11,0.2750,0.8571,7,8,8,0,0,8,8,0.0000
4,32.0000,21,25,524.0814,-84.3069,0.1566,7,0.1750,0.8750,8,7,6,0,0,7,6,0.1429
4,32.0000,21,26,427.1290,-80.9364,-0.6765,15,0.3750,0.6667,6,7,5,0,0,7,5,0.2857
4,32.0000,21,29,506.2201,-83.7559,1.2905,8,0.2000,0.6667,6,8,7,0,0,8,7,0.1250
4,32.0000,21,34,447.9146,-81.6124,0.6728,17,0.4250,0.7500,8,7,5,0,0,7,5,0.2857
4,32.0000,21,36,883.8283,-87.8623,1.1427,4,0.1000,1.0000,8,8,8,0,0,8,8,0.0000
4,32.0000,21,38,872.0073,-85.5531,-2.1987,3,0.0750,1.0000,8,6,6,0,0,6,6,0.0000
4,32.0000,21,40,612.2805,-85.2617,-0.3530,9,0.2250,0.8333,6,8,6,0,0,8,6,0.2500
4,32.0000,21,45,581.8030,-84.2616,-0.1814,10,0.2500,0.8750,8,7,6,0,0,7,6,0.1429
4,32.0000,21,47,412.8963,-80.5349,0.3792,15,0.3750,0.2000,5,8,7,0,0,8,7,0.1250
4,32.0000,22,0,836.1997,-85.9863,-0.8156,6,0.1500,1.0000,6,6,6,0,0,6,6,0.0000
4,32.0000,22,3,668.4828,-86.7397,0.9089,9,0.2250,0.6667,3,8,7,0,0,8,7,0.1250
4,32.0000,22,4,127.8664,-74.4966,1.6843,34,0.8500,0.5000,6,4,0,0,0,4,0,1.0000
4,32.0000,22,6,748.8412,-85.0417,0.2504,7,0.1750,0.6667,6,7,5,0,0,7,5,0.2857
4,32.0000,22,7,796.0756,-86.9622,-1.1084,4,0.1000,1.0000,10,8,8,0,0,8,8,0.0000
4,32.0000,22,9,524.0488,-82.1654,-0.1663,9,0.2250,0.8571,7,8,8,0,0,8,8,0.0000
4,32.0000,22,15,889.8327,-87.6725,-0.6011,5,0.1250,1.0000,2,4,4,0,0,4,4,0.0000
4,32.0000,22,17,649.8636,-83.9586,-1.8856,8,0.2000,0.8750,8,8,8,0,0,8,8,0.0000
4,32.0000,22,18,637.2668,-85.7487,2.4147,6,0.1500,1.0000,8,8,8,0,0,8,8,0.0000
4,32.0000,22,20,647.4043,-86.6352,-0.0562,5,0.1250,0.7500,8,4,4,0,0,4,4,0.0000
4,32.0000,22,23,679.1430,-85.9247,-0.9149,7,0.1750,0.8750,8,8,8,0,0,8,8,0.0000
4,32.0000,22,25,891.3608,-87.1695,0.3170,8,0.2000,1.0000,8,8,8,0,0,8,8,0.0000
4,32.0000,22,28,281.9243,-79.1700,0.2802,25,0.6250,0.2000,5,6,4,0,0,6,4,0.3333
4,32.0000,22,30,838.0552,-86.7176,-0.2151,5,0.1250,1.0000,2,8,7,0,0,8,7,0.1250
4,32.0000,22,31,860.2682,-86.5409,-0.8426,4,0.1000,1.0000,8,8,8,0,0,8,8,0.0000
4,32.0000,22,32,885.7669,-86.9235,-0.5936,5,0.1250,1.0000,6,6,6,0,0,6,6,0.0000
4,32.0000,22,33,670.0720,-86.0764,0.4063,6,0.1500,1.0000,8,8,8,0,0,8,8,0.0000
4,32.0000,22,37,835.4948,-88.4204,-1.2825,5,0.1250,1.0000,8,8,8,0,0,8,8,0.0000
4,32.0000,22,38,259.9215,-78.4454,-0.2244,31,0.7750,0.5000,6,6,3,0,0,6,3,0.5000
4,32.0000,22,39,459.0581,-82.0637,-0.6375,14,0.3500,1.0000,8,8,8,0,0,8,8,0.0000
4,32.0000,22,42,789.7076,-87.0958,-0.9212,3,0.0750,1.0000,4,8,8,0,0,8,8,0.0000
4,32.0000,22,43,776.7458,-86.0774,-0.6883,6,0.1500,0.7143,7,6,6,0,0,6,6,0.0000
4,32.0000,22,44,665.6223,-86.4726,0.4047,6,0.1500,1.0000,8,8,8,0,0,8,8,0.0000
4,32.0000,22,45,414.0288,-78.9255,-2.0090,20,0.5000,0.7143,7,7,5,0,0,7,5,0.2857
4,32.0000,22,46,801.2791,-86.6819,-0.4459,5,0.1250,1.0000,8,8,8,0,0,8,8,0.0000
4,32.0000,22,47,783.6449,-87.6678,-0.4007,3,0.0750,1.0000,8,8,8,0,0,8,8,0.0000
4,32.0000,23,0,310.4011,-79.6038,-0.6297,25,0.6250,0.4286,7,5,1,0,0,5,1,0.8000
4,32.0000,23,2,732.6031,-83.6399,-1.0944,3,0.0750,1.0000,8,8,8,0,0,8,8,0.0000
4,32.0000,23,3,1015.9520,-88.0658,0.0705,3,0.0750,1.0000,6,4,4,0,0,4,4,0.0000
4,32.0000,23,4,644.6785,-85.4430,-0.2515,11,0.2750,0.8750,8,8,8,0,0,8,8,0.0000
4,32.0000,23,6,658.8401,-85.3392,-0.8760,9,0.2250,0.8750,8,7,6,0,0,7,6,0.1429
4,32.0000,23,7,569.1458,-84.8483,0.0051,14,0.3500,1.0000,8,6,6,0,0,6,6,0.0000
4,32.0000,23,9,256.2331,-74.4475,-0.9398,30,0.7500,0.2000,5,7,6,0,0,7,6,0.1429
4,32.0000,23,11,628.8281,-85.1108,0.8654,7,0.1750,1.0000,8,8,8,0,0,8,8,0.0000
4,32.0000,23,14,957.1680,-88.4685,-1.2067,6,0.1500,1.0000,6,3,2,0,0,3,2,0.3333
4,32.0000,23,17,457.5081,-81.3934,-0.7887,11,0.2750,1.0000,8,8,8,0,0,8,8,0.0000
4,32.0000,23,18,495.6211,-84.0151,-0.5759,16,0.4000,0.8571,7,8,8,0,0,8,8,0.0000
4,32.0000,23,19,719.7872,-85.8201,0.1594,4,0.1000,1.0000,8,8,7,0,0,8,7,0.1250
4,32.0000,23,22,679.1430,-85.4748,-1.3441,8,0.2000,0.8571,7,8,8,0,0,8,8,0.0000
4,32.0000,23,24,865.3196,-88.8504,0.3118,4,0.1000,1.0000,6,6,5,0,0,6,5,0.1667
4,32.0000,23,25,944.7235,-88.0979,-0.9898,3,0.0750,1.0000,6,8,8,0,0,8,8,0.0000
4,32.0000,23,28,592.0786,-84.6828,-0.1730,11,0.2750,1.0000,10,6,6,0,0,6,6,0.0000
4,32.0000,23,30,699.2367,-87.1893,-0.1101,8,0.2000,1.0000,2,8,8,0,0,8,8,0.0000
4,32.0000,23,31,500.6203,-82.8537,-1.1725,12,0.3000,0.8571,7,7,5,0,0,7,5,0.2857
4,32.0000,23,32,461.5584,-81.2021,-1.1605,15,0.3750,0.6667,6,8,8,0,0,8,8,0.0000
4,32.0000,23,33,142.7607,-74.5637,1.6159,32,0.8000,0.2553,94,5,1,88,21,93,22,0.7634
4,32.0000,23,37,588.6370,-85.7241,-0.4390,12,0.3000,0.8750,8,7,5,0,0,7,5,0.2857
4,32.0000,23,38,791.4740,-86.8641,1.2604,3,0.0750,1.0000,6,6,6,0,0,6,6,0.0000
4,32.0000,23,39,577.1088,-82.2624,-0.5420,11,0.2750,0.8571,7,8,7,0,0,8,7,0.1250
4,32.0000,23,41,465.0161,-82.8922,-0.7620,19,0.4750,0.7143,7,8,6,0,0,8,6,0.2500
4,32.0000,23,42,832.1205,-87.8245,-0.3656,6,0.1500,1.0000,6,6,6,0,0,6,6,0.0000
4,32.0000,23,43,409.1101,-82.0315,-0.5656,12,0.3000,0.7143,7,7,5,0,0,7,5,0.2857
4,32.0000,23,44,663.2390,-86.6782,0.3594,11,0.2750,0.7143,7,8,8,0,0,8,8,0.0000
4,32.0000,23,45,802.7814,-84.9781,0.0097,7,0.1750,1.0000,8,7,6,0,0,7,6,0.1429
4,32.0000,23,46,627.8940,-86.1965,-1.1973,14,0.3500,0.7143,7,8,8,0,0,8,8,0.0000
4,32.0000,24,3,716.7084,-85.3118,-0.5147,9,0.2250,1.0000,8,7,6,0,0,7,6,0.1429
4,32.0000,24,6,411.9225,-82.2084,0.9423,13,0.3250,1.0000,8,8,7,0,0,8,7,0.1250
4,32.0000,24,7,386.3074,-80.3611,1.0484,8,0.2000,0.6667,6,6,2,0,0,6,2,0.6667
4,32.0000,24,14,309.7921,-79.0300,-0.0770,29,0.7250,0.5000,6,5,1,0,0,5,1,0.8000
4,32.0000,24,15,593.6071,-83.4905,-0.0303,15,0.3750,0.7143,7,8,7,0,0,8,7,0.1250
4,32.0000,24,18,580.5728,-83.7763,-0.7809,7,0.1750,1.0000,8,8,7,0,0,8,7,0.1250
4,32.0000,24,30,216.0166,-73.8520,-0.9507,30,0.7500,0.0000,4,5,1,0,0,5,1,0.8000
4,32.0000,24,37,350.1882,-81.0140,0.1632,15,0.3750,0.7143,7,6,3,0,0,6,3,0.5000
4,32.0000,24,41,492.8567,-83.7685,-0.1797,6,0.1500,0.8571,7,7,6,0,0,7,6,0.1429
4,32.0000,24,42,378.5418,-79.7325,-0.4558,23,0.5750,0.5000,4,7,3,0,0,7,3,0.5714
4,32.0000,24,44,415.7073,-81.7619,0.3766,15,0.3750,0.7143,7,8,5,0,0,8,5,0.3750
4,32.0000,24,46,309.6000,-81.0823,1.3282,16,0.4000,0.7143,7,6,2,0,0,6,2,0.6667
4,32.0000,25,1,769.6449,-87.9097,0.1006,4,0.1000,1.0000,8,6,6,0,0,6,6,0.0000
4,32.0000,25,2,392.0928,-82.2736,0.4251,17,0.4250,0.8571,7,7,5,0,0,7,5,0.2857
4,32.0000,25,4,969.7775,-87.9623,0.7256,4,0.1000,1.0000,8,4,4,0,0,4,4,0.0000
4,32.0000,25,5,895.9650,-87.6175,-0.0030,6,0.1500,1.0000,8,2,2,0,0,2,2,0.0000
4,32.0000,25,8,415.6869,-82.4695,-0.3263,17,0.4250,0.8571,7,5,4,0,0,5,4,0.2000
4,32.0000,25,9,719.1459,-87.3147,0.2000,4,0.1000,0.7500,8,8,8,0,0,8,8,0.0000
4,32.0000,25,10,499.4549,-83.6456,0.3782,11,0.2750,0.8750,8,8,6,0,0,8,6,0.2500
4,32.0000,25,11,461.9237,-80.9678,-0.6190,16,0.4000,0.6667,6,7,5,8,7,15,12,0.2000
4,32.0000,25,12,562.6119,-85.4447,0.4889,10,0.2500,1.0000,8,8,7,0,0,8,7,0.1250
4,32.0000,25,13,416.4984,-83.5439,0.1565,21,0.5250,1.0000,8,5,2,0,0,5,2,0.6000
4,32.0000,25,16,255.9451,-79.1573,0.6473,26,0.6500,0.7143,7,5,2,0,0,5,2,0.6000
4,32.0000,25,17,495.4273,-82.7383,-0.1499,10,0.2500,0.8571,7,7,6,0,0,7,6,0.1429
4,32.0000,25,18,1049.8074,-88.6502,-0.4732,3,0.0750,1.0000,4,6,6,0,0,6,6,0.0000
4,32.0000,25,19,557.8637,-84.7355,-0.4269,15,0.3750,0.8750,8,8,8,0,0,8,8,0.0000
4,32.0000,25,20,370.5438,-80.0961,-0.3306,27,0.6750,0.2000,5,6,4,0,0,6,4,0.3333
4,32.0000,25,21,524.0814,-83.8679,-0.6002,17,0.4250,0.8571,7,6,4,0,0,6,4,0.3333
4,32.0000,25,22,891.3608,-86.9133,-0.6816,4,0.1000,0.8571,7,4,3,0,0,4,3,0.2500
4,32.0000,25,23,944.7235,-88.6154,-1.0299,5,0.1250,0.8571,7,4,4,0,0,4,4,0.0000
4,32.0000,25,26,153.0114,-75.3026,1.4803,33,0.8250,0.5000,6,4,0,0,0,4,0,1.0000
4,32.0000,25,27,614.3457,-85.3358,-0.5427,8,0.2000,1.0000,8,8,8,0,0,8,8,0.0000
4,32.0000,25,29,214.6735,-77.5623,1.1358,33,0.8250,0.4000,5,4,0,0,0,4,0,1.0000
4,32.0000,25,31,566.1007,-84.0437,-1.2094,9,0.2250,0.8750,8,7,6,0,0,7,6,0.1429
4,32.0000,25,32,632.2887,-85.0431,-0.3499,9,0.2250,0.8750,8,7,6,0,0,7,6,0.1429
4,32.0000,25,34,671.2627,-85.3433,-0.1288,14,0.3500,0.8571,7,5,3,0,0,5,3,0.4000
4,32.0000,25,35,893.1573,-87.8436,-0.7433,4,0.1000,,0,4,4,0,0,4,4,0.0000
4,32.0000,25,36,812.0282,-86.8456,-0.5002,10,0.2500,1.0000,6,8,8,0,0,8,8,0.0000
4,32.0000,25,38,732.5267,-85.7787,-0.5861,9,0.2250,1.0000,8,8,8,0,0,8,8,0.0000
4,32.0000,25,39,474.6669,-83.3627,-0.3306,13,0.3250,0.8571,28,7,5,0,0,7,5,0.2857
4,32.0000,25,40,578.1786,-84.8286,-0.2407,16,0.4000,1.0000,8,7,6,0,0,7,6,0.1429
4,32.0000,25,43,621.9415,-85.2066,-1.0345,9,0.2250,0.8750,8,8,8,0,0,8,8,0.0000
4,32.0000,25,45,546.2963,-84.3326,-0.4085,11,0.2750,0.8571,7,8,7,0,0,8,7,0.1250
4,32.0000,25,47,186.0774,-75.0296,0.5500,33,0.8250,0.0000,6,5,1,0,0,5,1,0.8000
4,32.0000,26,1,747.6664,-86.3009,-0.6631,9,0.2250,0.5000,6,3,2,0,0,3,2,0.3333
4,32.0000,26,2,497.9537,-83.6209,0.0713,10,0.2500,1.0000,8,7,5,0,0,7,5,0.2857
4,32.0000,26,5,809.6241,-87.5835,-0.0881,12,0.3000,0.8571,7,6,6,0,0,6,6,0.0000
4,32.0000,26,8,500.5344,-85.4779,-0.5669,9,0.2250,0.7143,7,8,7,0,0,8,7,0.1250
4,32.0000,26,10,649.1018,-86.9363,-0.7860,8,0.2000,1.0000,8,8,8,0,0,8,8,0.0000
4,32.0000,26,11,593.7057,-85.3657,-0.2718,8,0.2000,1.0000,8,8,8,0,0,8,8,0.0000
4,32.0000,26,12,638.0642,-86.7003,-0.3968,13,0.3250,0.8571,7,8,7,0,0,8,7,0.1250
4,32.0000,26,13,423.0335,-82.1215,0.0608,19,0.4750,0.8571,7,5,1,0,0,5,1,0.8000
4,32.0000,26,16,362.9141,-82.3505,0.3147,16,0.4000,0.8750,8,4,2,0,0,4,2,0.5000
4,32.0000,26,17,597.9115,-86.4179,-1.1772,7,0.1750,1.0000,8,7,6,0,0,7,6,0.1429
4,32.0000,26,19,710.3813,-86.7838,2.2464,4,0.1000,0.8571,7,8,7,0,0,8,7,0.1250
4,32.0000,26,20,280.2354,-78.8129,-0.2390,25,0.6250,0.3333,6,6,4,0,0,6,4,0.3333
4,32.0000,26,21,427.1290,-81.5240,-0.1105,21,0.5250,0.7500,8,5,2,0,0,5,2,0.6000
4,32.0000,26,22,884.5719,-88.3582,-0.6905,3,0.0750,1.0000,8,8,8,0,0,8,8,0.0000
4,32.0000,26,25,153.0114,-75.5226,1.2454,28,0.7000,0.0000,4,5,1,0,0,5,1,0.8000
4,32.0000,26,27,729.8713,-87.4111,0.8840,6,0.1500,1.0000,8,8,7,0,0,8,7,0.1250
4,32.0000,26,29,136.1073,-73.7398,0.4073,35,0.8750,0.2000,5,4,0,0,0,4,0,1.0000
4,32.0000,26,31,703.5401,-87.9555,-0.1050,7,0.1750,1.0000,8,8,8,0,0,8,8,0.0000
4,32.0000,26,34,585.0089,-82.8029,-1.0142,16,0.4000,1.0000,8,8,8,0,0,8,8,0.0000
4,32.0000,26,35,933.6335,-87.5286,-0.4584,6,0.1500,1.0000,8,8,8,0,0,8,8,0.0000
4,32.0000,26,36,819.8410,-86.7632,0.2360,7,0.1750,1.0000,6,8,8,0,0,8,8,0.0000
4,32.0000,26,38,705.1276,-87.6166,-2.0591,5,0.1250,1.0000,8,8,8,0,0,8,8,0.0000
4,32.0000,26,39,520.1159,-85.4933,-0.4663,10,0.2500,0.7778,9,7,5,0,0,7,5,0.2857
4,32.0000,26,40,631.7550,-85.5103,-1.7579,11,0.2750,0.8571,7,8,7,0,0,8,7,0.1250
4,32.0000,26,43,739.1913,-86.4417,0.5621,8,0.2000,1.0000,8,3,2,0,0,3,2,0.3333
4,32.0000,26,45,508.0039,-84.0066,-0.2601,11,0.2750,0.8571,7,6,2,0,0,6,2,0.6667
4,32.0000,26,47,106.6110,-69.1274,0.1714,35,0.8750,0.2000,5,4,0,0,0,4,0,1.0000
4,32.0000,27,1,761.7296,-88.0568,-0.4824,6,0.1500,1.0000,8,8,8,0,0,8,8,0.0000
4,32.0000,27,2,452.5135,-81.0691,-1.0539,16,0.4000,0.7500,8,8,7,0,0,8,7,0.1250
4,32.0000,27,5,1044.8883,-89.1489,-0.6053,4,0.1000,,0,4,4,0,0,4,4,0.0000
4,32.0000,27,8,312.7941,-75.6727,-1.8242,23,0.5750,0.7143,7,7,6,0,0,7,6,0.1429
4,32.0000,27,9,964.6328,-88.8618,0.4940,3,0.0750,1.0000,6,6,6,0,0,6,6,0.0000
4,32.0000,27,10,382.2662,-80.1615,-0.5576,20,0.5000,0.6667,6,7,6,0,0,7,6,0.1429
4,32.0000,27,11,699.1649,-84.3129,0.0044,6,0.1500,1.0000,8,8,8,0,0,8,8,0.0000
4,32.0000,27,12,326.2809,-80.7891,0.7424,23,0.5750,0.8571,7,6,3,0,0,6,3,0.5000
4,32.0000,27,13,595.3201,-85.2608,-0.2192,6,0.1500,0.8571,7,8,8,0,0,8,8,0.0000
4,32.0000,27,16,397.2523,-81.3213,-0.4600,17,0.4250,0.8750,8,7,6,0,0,7,6,0.1429
4,32.0000,27,17,711.2337,-86.3086,-0.1805,3,0.0750,1.0000,8,8,8,0,0,8,8,0.0000
4,32.0000,27,19,482.3827,-82.2210,-0.4024,12,0.3000,0.6667,6,8,8,0,0,8,8,0.0000
4,32.0000,27,20,933.5498,-86.9572,-1.8317,3,0.0750,1.0000,8,2,2,0,0,2,2,0.0000
4,32.0000,27,21,852.2699,-86.8255,-0.4181,3,0.0750,0.5000,4,7,6,0,0,7,6,0.1429
4,32.0000,27,25,614.3457,-84.8091,-0.4359,5,0.1250,0.7500,8,8,8,0,0,8,8,0.0000
4,32.0000,27,29,754.2038,-85.9551,-2.6843,4,0.1000,1.0000,8,8,8,0,0,8,8,0.0000
4,32.0000,27,31,652.6909,-85.7705,0.5136,4,0.1000,0.8750,8,8,8,0,0,8,8,0.0000
4,32.0000,27,32,638.6337,-83.6320,-0.7954,5,0.1250,0.8000,5,9,7,0,0,9,7,0.2222
4,32.0000,27,34,880.6380,-88.0380,-0.3831,5,0.1250,1.0000,8,6,6,0,0,6,6,0.0000
4,32.0000,27,35,655.3923,-86.1675,-0.8171,9,0.2250,0.8571,7,8,8,0,0,8,8,0.0000
4,32.0000,27,36,721.9961,-86.4271,0.4412,10,0.2500,0.6667,3,8,8,0,0,8,8,0.0000
4,32.0000,27,40,321.9015,-80.3489,0.3492,24,0.6000,0.5000,6,7,5,0,0,7,5,0.2857
4,32.0000,27,43,668.7574,-84.1930,-1.5639,9,0.2250,1.0000,8,8,8,0,0,8,8,0.0000
4,32.0000,27,47,758.6272,-86.2835,-0.5797,3,0.0750,0.8571,7,8,8,0,0,8,8,0.0000
4,32.0000,28,0,645.2020,-85.8798,-0.6153,4,0.1000,0.8571,7,8,7,0,0,8,7,0.1250
4,32.0000,28,3,577.3618,-83.6905,-0.4697,16,0.4000,0.8571,7,8,8,0,0,8,8,0.0000
4,32.0000,28,4,206.0069,-75.0788,-1.1934,32,0.8000,0.2000,5,5,1,0,0,5,1,0.8000
4,32.0000,28,6,489.7343,-82.9545,-0.2749,9,0.2250,0.8571,7,8,8,0,0,8,8,0.0000
4,32.0000,28,7,551.7283,-83.8699,-1.0572,9,0.2250,1.0000,8,8,8,0,0,8,8,0.0000
4,32.0000,28,9,443.2294,-83.5420,-2.2090,3,0.0750,0.7500,8,8,7,0,0,8,7,0.1250
4,32.0000,28,14,722.3161,-85.7268,0.6596,8,0.2000,1.0000,8,6,5,0,0,6,5,0.1667
4,32.0000,28,15,747.9111,-85.7344,-1.7362,10,0.2500,1.0000,8,8,8,0,0,8,8,0.0000
4,32.0000,28,17,635.5600,-84.4374,-1.0740,4,0.1000,0.8571,7,8,7,0,0,8,7,0.1250
4,32.0000,28,18,377.4525,-81.5652,0.3178,12,0.3000,0.6667,6,7,6,0,0,7,6,0.1429
4,32.0000,28,20,741.7805,-86.0575,-0.3656,3,0.0750,0.8750,8,7,6,0,0,7,6,0.1429
4,32.0000,28,22,281.9243,-78.3667,0.6710,20,0.5000,0.6667,6,4,0,0,0,4,0,1.0000
4,32.0000,28,23,592.0786,-85.2265,-0.2485,5,0.1250,1.0000,8,8,8,0,0,8,8,0.0000
4,32.0000,28,24,838.7339,-87.9177,-0.7722,5,0.1250,1.0000,4,4,4,0,0,4,4,0.0000
4,32.0000,28,30,646.6841,-86.3552,-0.2674,7,0.1750,1.0000,6,8,7,0,0,8,7,0.1250
4,32.0000,28,33,526.5230,-85.6735,0.1245,5,0.1250,1.0000,8,7,4,0,0,7,4,0.4286
4,32.0000,28,37,595.1533,-84.6029,-0.5713,7,0.1750,0.8750,8,8,7,0,0,8,7,0.1250
4,32.0000,28,38,332.0731,-81.2361,0.9998,14,0.3500,0.5714,7,6,2,0,0,6,2,0.6667
4,32.0000,28,39,447.6080,-82.2899,-0.4221,6,0.1500,0.8571,7,7,6,0,0,7,6,0.1429
4,32.0000,28,42,652.1622,-85.2519,-0.4886,10,0.2500,0.7143,7,8,8,0,0,8,8,0.0000
4,32.0000,28,44,432.0345,-81.4956,-0.0964,15,0.3750,0.8750,8,6,4,0,0,6,4,0.3333
4,32.0000,28,45,569.7249,-82.6785,-0.9393,7,0.1750,1.0000,7,10,9,0,0,10,9,0.1000
4,32.0000,28,46,565.3079,-83.4752,-1.6321,8,0.2000,0.8750,8,7,6,0,0,7,6,0.1429
4,32.0000,29,1,685.1164,-85.5307,0.3809,16,0.4000,1.0000,8,8,6,0,0,8,6,0.2500
4,32.0000,29,2,594.7201,-84.9534,-0.2330,10,0.2500,0.8333,12,8,8,0,0,8,8,0.0000
4,32.0000,29,5,770.9208,-85.6633,-0.3242,11,0.2750,1.0000,8,8,8,0,0,8,8,0.0000
4,32.0000,29,8,567.1890,-84.5891,0.8888,8,0.2000,1.0000,8,8,8,0,0,8,8,0.0000
4,32.0000,29,10,657.0991,-85.6197,-0.7574,11,0.2750,0.5714,7,8,8,0,0,8,8,0.0000
4,32.0000,29,11,635.3238,-84.9326,1.3061,5,0.1250,1.0000,8,8,8,0,0,8,8,0.0000
4,32.0000,29,12,608.6256,-85.3155,0.7758,11,0.2750,0.8571,7,7,6,0,0,7,6,0.1429
4,32.0000,29,13,345.9792,-79.1390,-0.3384,24,0.6000,0.6250,8,8,7,0,0,8,7,0.1250
4,32.0000,29,16,361.9539,-81.5236,0.7593,12,0.3000,0.4000,5,6,3,0,0,6,3,0.5000
4,32.0000,29,19,744.2967,-85.8685,0.2116,4,0.1000,0.8571,7,5,4,0,0,5,4,0.2000
4,32.0000,29,20,388.0850,-80.6124,0.4276,17,0.4250,0.5000,6,6,4,57,49,63,53,0.1587
4,32.0000,29,21,506.2201,-83.4058,-0.4280,14,0.3500,1.0000,8,8,7,0,0,8,7,0.1250
4,32.0000,29,22,994.7425,-88.7093,0.4813,3,0.0750,1.0000,2,4,4,0,0,4,4,0.0000
4,32.0000,29,25,214.6735,-77.3741,1.0579,23,0.5750,0.7353,102,6,2,5,1,11,3,0.7273
4,32.0000,29,26,136.1073,-73.2855,1.4124,35,0.8750,0.0000,4,5,1,0,0,5,1,0.8000
4,32.0000,29,27,754.2038,-86.2845,0.1485,7,0.1750,0.9730,37,8,8,18,18,26,26,0.0000
4,32.0000,29,31,767.0501,-87.0248,-0.2047,4,0.1000,1.0000,8,8,8,0,0,8,8,0.0000
4,32.0000,29,32,840.9671,-87.8510,-0.4602,3,0.0750,1.0000,6,5,4,0,0,5,4,0.2000
4,32.0000,29,34,554.4050,-83.9241,0.3262,18,0.4500,0.7143,7,8,8,0,0,8,8,0.0000
4,32.0000,29,35,868.4946,-87.7363,-0.6581,10,0.2500,1.0000,8,6,6,0,0,6,6,0.0000
4,32.0000,29,36,745.4084,-85.9310,-0.0291,10,0.2500,0.6667,6,7,6,0,0,7,6,0.1429
4,32.0000,29,38,797.3371,-87.5873,-1.1935,3,0.0750,1.0000,8,8,8,0,0,8,8,0.0000
4,32.0000,29,39,621.7473,-85.4655,0.6045,5,0.1250,0.8750,8,7,6,0,0,7,6,0.1429
4,32.0000,29,40,660.5231,-85.5547,-0.5475,11,0.2750,1.0000,8,7,6,0,0,7,6,0.1429
4,32.0000,29,45,630.4900,-83.7730,0.6618,3,0.0750,1.0000,4,8,8,0,0,8,8,0.0000
4,32.0000,29,47,238.4939,-76.8267,0.1209,29,0.7250,0.2000,5,5,2,51,33,56,35,0.3750
4,32.0000,30,0,592.0881,-86.6968,-2.5273,3,0.0750,1.0000,8,8,8,0,0,8,8,0.0000
4,32.0000,30,3,588.1747,-83.9450,-0.3419,10,0.2500,0.5000,6,7,5,0,0,7,5,0.2857
4,32.0000,30,4,715.6381,-85.4387,-0.7044,3,0.0750,1.0000,8,8,8,0,0,8,8,0.0000
4,32.0000,30,6,304.6507,-79.5303,0.8314,16,0.4000,0.2000,5,7,4,0,0,7,4,0.4286
4,32.0000,30,7,283.5836,-80.1106,1.1371,18,0.4500,0.7143,7,4,0,0,0,4,0,1.0000
4,32.0000,30,14,300.3209,-79.9243,0.3298,28,0.7000,0.0000,3,6,3,0,0,6,3,0.5000
4,32.0000,30,15,540.3008,-82.9640,-0.9215,15,0.3750,0.4000,5,5,3,0,0,5,3,0.4000
4,32.0000,30,18,436.5265,-80.9607,0.9231,14,0.3500,0.5000,6,7,5,0,0,7,5,0.2857
4,32.0000,30,24,216.0166,-74.0462,-1.3733,35,0.8750,0.0000,4,5,1,0,0,5,1,0.8000
4,32.0000,30,33,590.8269,-83.5297,0.3254,6,0.1500,1.0000,8,8,8,0,0,8,8,0.0000
4,32.0000,30,37,265.2931,-80.4064,1.3927,18,0.4500,0.8750,8,4,0,0,0,4,0,1.0000
4,32.0000,30,41,426.1840,-82.8819,0.5572,13,0.3250,1.0000,8,7,6,0,0,7,6,0.1429
4,32.0000,30,42,246.4508,-76.6181,0.1884,31,0.7750,0.5000,6,4,0,0,0,4,0,1.0000
4,32.0000,30,44,257.1879,-77.8706,0.0604,23,0.5750,0.0000,4,5,1,0,0,5,1,0.8000
4,32.0000,30,46,197.0105,-78.0947,1.1810,21,0.5250,0.5000,6,4,0,0,0,4,0,1.0000
4,32.0000,31,0,563.3256,-84.8440,-0.2790,19,0.4750,0.8750,8,7,6,0,0,7,6,0.1429
4,32.0000,31,2,419.5089,-80.9978,-0.0989,17,0.4250,0.8000,5,9,8,0,0,9,8,0.1111
4,32.0000,31,4,877.2457,-87.7735,-0.7563,4,0.1000,0.8333,6,8,8,0,0,8,8,0.0000
4,32.0000,31,6,924.4220,-87.6495,-0.7178,3,0.0750,1.0000,6,8,8,0,0,8,8,0.0000
4,32.0000,31,7,866.8458,-87.3583,-0.6762,5,0.1250,1.0000,8,2,2,0,0,2,2,0.0000
4,32.0000,31,8,609.0687,-86.0606,-2.0017,8,0.2000,0.8571,7,8,8,0,0,8,8,0.0000
4,32.0000,31,9,385.7189,-80.5689,0.6805,24,0.6000,0.8571,7,6,3,0,0,6,3,0.5000
4,32.0000,31,10,395.7139,-82.8635,0.6124,20,0.5000,0.5000,6,6,4,0,0,6,4,0.3333
4,32.0000,31,11,200.8055,-75.3819,0.3283,31,0.7750,0.0000,4,6,2,0,0,6,2,0.6667
4,32.0000,31,12,828.3206,-87.6833,-0.2177,5,0.1250,1.0000,8,4,4,0,0,4,4,0.0000
4,32.0000,31,13,883.0071,-87.6673,0.7490,5,0.1250,1.0000,8,3,2,0,0,3,2,0.3333
4,32.0000,31,16,598.3863,-84.9685,-0.3856,10,0.2500,1.0000,8,7,6,0,0,7,6,0.1429
4,32.0000,31,17,259.1819,-77.7237,0.3419,25,0.6250,0.2000,5,7,4,65,40,72,44,0.3889
4,32.0000,31,18,721.8588,-86.6538,-0.2969,9,0.2250,1.0000,8,7,5,0,0,7,5,0.2857
4,32.0000,31,19,235.3488,-78.1507,0.0096,26,0.6500,0.0000,4,4,0,39,15,43,15,0.6512
4,32.0000,31,20,762.9525,-86.9751,-0.8171,9,0.2250,0.8571,7,6,6,0,0,6,6,0.0000
4,32.0000,31,22,860.2682,-86.8335,-1.3698,7,0.1750,1.0000,8,6,6,0,0,6,6,0.0000
4,32.0000,31,23,500.6203,-83.1742,-0.9134,20,0.5000,0.8571,7,8,7,0,0,8,7,0.1250
4,32.0000,31,25,566.1007,-83.9649,1.0994,11,0.2750,0.9853,68,6,3,12,12,18,15,0.1667
4,32.0000,31,26,703.5401,-86.6046,-0.6376,9,0.2250,1.0000,4,7,6,0,0,7,6,0.1429
4,32.0000,31,27,652.6909,-85.8074,-0.9123,11,0.2750,0.8750,8,7,6,0,0,7,6,0.1429
4,32.0000,31,28,773.6789,-86.0786,0.6663,6,0.1500,1.0000,6,4,4,0,0,4,4,0.0000
4,32.0000,31,29,767.0501,-86.7393,0.3834,7,0.1750,0.8571,7,8,8,0,0,8,8,0.0000
4,32.0000,31,32,111.5364,-70.3665,0.0414,38,0.9500,0.0000,4,4,0,0,0,4,0,1.0000
4,32.0000,31,33,531.3112,-84.4341,0.8763,13,0.3250,0.6667,6,8,8,0,0,8,8,0.0000
4,32.0000,31,37,896.8786,-87.8702,0.4916,5,0.1250,1.0000,8,7,6,0,0,7,6,0.1429
4,32.0000,31,38,822.4106,-86.7791,-0.6987,8,0.2000,0.8000,5,6,6,0,0,6,6,0.0000
4,32.0000,31,39,464.8114,-82.9025,-1.0564,14,0.3500,0.7500,8,8,8,0,0,8,8,0.0000
4,32.0000,31,40,839.3396,-87.5928,-0.3742,7,0.1750,0.8750,8,8,8,0,0,8,8,0.0000
4,32.0000,31,41,820.0692,-86.0787,0.1127,7,0.1750,1.0000,6,6,6,0,0,6,6,0.0000
4,32.0000,31,43,240.4795,-77.7692,0.2868,34,0.8500,0.5000,6,6,4,0,0,6,4,0.3333
4,32.0000,31,44,972.2094,-87.9087,0.4044,3,0.0750,1.0000,2,8,8,0,0,8,8,0.0000
4,32.0000,31,45,743.5727,-86.5713,0.3373,8,0.2000,1.0000,8,8,8,0,0,8,8,0.0000
4,32.0000,31,46,952.3565,-88.0269,-1.3149,8,0.2000,0.8333,6,8,8,0,0,8,8,0.0000
4,32.0000,31,47,670.7649,-86.9854,-0.2917,5,0.1250,0.7500,8,8,8,0,0,8,8,0.0000
4,32.0000,32,0,561.2750,-83.7383,-0.2446,13,0.3333,1.0000,8,8,7,0,0,8,7,0.1250
4,32.0000,32,2,411.4532,-80.4661,0.4427,13,0.3333,0.8571,7,7,5,0,0,7,5,0.2857
4,32.0000,32,4,902.5858,-86.7486,-0.0225,5,0.1282,0.8750,8,8,8,0,0,8,8,0.0000
4,32.0000,32,6,959.9929,-88.6847,0.0365,3,0.0769,1.0000,4,4,4,0,0,4,4,0.0000
4,32.0000,32,7,889.7598,-86.8409,-0.4182,3,0.0769,1.0000,8,6,6,0,0,6,6,0.0000
4,32.0000,32,8,605.7577,-85.2955,-0.4123,7,0.1795,0.8571,7,8,7,0,0,8,7,0.1250
4,32.0000,32,9,394.2988,-79.8733,-1.2489,17,0.4359,0.5714,7,8,7,0,0,8,7,0.1250
4,32.0000,32,10,435.6859,-84.0302,0.2782,12,0.3077,0.5000,6,8,6,0,0,8,6,0.2500
4,32.0000,32,11,311.5400,-79.2780,-0.4074,18,0.4615,0.4000,5,7,6,0,0,7,6,0.1429
4,32.0000,32,12,853.1198,-87.4013,2.4853,4,0.1026,1.0000,2,6,6,0,0,6,6,0.0000
4,32.0000,32,13,938.0213,-88.6522,0.3922,4,0.1026,1.0000,6,4,4,0,0,4,4,0.0000
4,32.0000,32,16,645.4459,-86.9776,-0.5052,7,0.1795,1.0000,8,8,8,0,0,8,8,0.0000
4,32.0000,32,17,272.4410,-77.7304,0.0554,23,0.5897,0.1667,6,5,2,0,0,5,2,0.6000
4,32.0000,32,18,759.8934,-85.2159,1.5048,3,0.0769,1.0000,8,8,8,0,0,8,8,0.0000
4,32.0000,32,19,265.8009,-78.7944,1.9226,20,0.5128,0.8750,8,5,2,0,0,5,2,0.6000
4,32.0000,32,20,820.9716,-87.7331,0.2191,4,0.1026,0.8750,8,2,2,0,0,2,2,0.0000
4,32.0000,32,22,885.7669,-85.8522,0.1831,5,0.1282,0.8571,7,2,2,0,0,2,2,0.0000
4,32.0000,32,23,461.5584,-81.0784,-1.0984,20,0.5128,0.6250,8,8,8,0,0,8,8,0.0000
4,32.0000,32,25,632.2887,-86.7174,-0.2769,6,0.1538,0.8571,7,8,8,0,0,8,8,0.0000
4,32.0000,32,26,768.6982,-87.5569,-0.4946,5,0.1282,1.0000,2,8,8,0,0,8,8,0.0000
4,32.0000,32,27,638.6337,-84.2057,-0.6392,9,0.2308,0.8571,7,7,6,0,0,7,6,0.1429
4,32.0000,32,28,816.4559,-86.0549,-0.6290,6,0.1538,0.7500,4,6,6,0,0,6,6,0.0000
4,32.0000,32,30,1099.7162,-87.6933,-1.2465,3,0.0769,,0,4,4,0,0,4,4,0.0000
4,32.0000,32,31,111.5364,-70.3023,-0.0842,30,0.7692,0.2000,5,5,1,0,0,5,1,0.8000
4,32.0000,32,33,518.0002,-82.5957,-0.5887,10,0.2564,0.7143,7,8,8,0,0,8,8,0.0000
4,32.0000,32,38,876.5673,-87.0338,-0.3463,4,0.1026,1.0000,6,6,6,0,0,6,6,0.0000
4,32.0000,32,39,520.6867,-81.2791,-0.5536,9,0.2308,1.0000,10,8,8,0,0,8,8,0.0000
4,32.0000,32,40,836.1678,-85.7397,-0.3082,3,0.0769,1.0000,8,8,8,0,0,8,8,0.0000
4,32.0000,32,41,808.7191,-86.8919,-0.2787,4,0.1026,1.0000,6,4,4,0,0,4,4,0.0000
4,32.0000,32,43,174.8734,-73.8359,1.1169,33,0.8462,0.2000,5,5,1,0,0,5,1,0.8000
4,32.0000,32,45,780.2341,-85.2601,-0.6916,4,0.1026,1.0000,6,5,4,0,0,5,4,0.2000
4,32.0000,32,46,973.2528,-88.0170,-0.3484,4,0.1026,1.0000,8,8,8,0,0,8,8,0.0000
4,32.0000,32,47,730.9822,-85.4617,0.3078,4,0.1026,1.0000,8,8,8,0,0,8,8,0.0000
4,32.0000,33,0,201.2494,-72.8090,-0.3559,32,0.8000,0.0000,4,5,1,0,0,5,1,0.8000
4,32.0000,33,3,931.5276,-87.6100,1.9034,4,0.1000,1.0000,2,4,4,0,0,4,4,0.0000
4,32.0000,33,4,615.0962,-84.5715,-0.9632,8,0.2000,0.8750,8,7,6,0,0,7,6,0.1429
4,32.0000,33,6,523.2227,-82.1034,-0.4032,16,0.4000,0.6667,6,6,4,0,0,6,4,0.3333
4,32.0000,33,7,431.7258,-81.3203,-0.2516,21,0.5250,0.4286,7,5,2,0,0,5,2,0.6000
4,32.0000,33,9,272.9887,-77.8404,-0.1124,28,0.7000,0.5000,6,5,2,0,0,5,2,0.6000
4,32.0000,33,11,625.0808,-87.5949,-0.3277,4,0.1000,1.0000,8,8,6,0,0,8,6,0.2500
4,32.0000,33,14,840.4698,-87.7201,-0.5740,4,0.1000,1.0000,8,8,7,0,0,8,7,0.1250
4,32.0000,33,15,1015.3187,-87.7459,-1.6883,3,0.0750,1.0000,6,4,4,0,0,4,4,0.0000
4,32.0000,33,17,514.1877,-86.3336,1.7489,3,0.0750,0.8750,8,6,4,0,0,6,4,0.3333
4,32.0000,33,18,361.4937,-81.0094,-0.3077,20,0.5000,0.7143,7,6,4,0,0,6,4,0.3333
4,32.0000,33,22,670.0720,-84.7268,0.3534,4,0.1000,1.0000,8,6,6,0,0,6,6,0.0000
4,32.0000,33,23,142.7607,-75.1030,0.8756,30,0.7500,0.5714,7,5,1,0,0,5,1,0.8000
4,32.0000,33,24,750.3827,-85.8173,-0.1067,12,0.3000,0.8333,6,6,3,0,0,6,3,0.5000
4,32.0000,33,28,526.5230,-84.1230,-0.4238,11,0.2750,1.0000,8,6,4,0,0,6,4,0.3333
4,32.0000,33,30,590.8269,-84.8984,-0.5739,13,0.3250,1.0000,8,8,8,0,0,8,8,0.0000
4,32.0000,33,31,531.3112,-84.1513,1.0066,6,0.1500,0.8889,9,8,8,0,0,8,8,0.0000
4,32.0000,33,32,518.0002,-81.7724,-0.7775,10,0.2500,0.7500,8,8,8,0,0,8,8,0.0000
4,32.0000,33,37,453.2781,-82.2509,-0.2684,21,0.5250,0.8750,8,7,5,0,0,7,5,0.2857
4,32.0000,33,38,767.7133,-86.9591,1.4803,3,0.0750,1.0000,8,7,5,0,0,7,5,0.2857
4,32.0000,33,39,583.3511,-83.5424,-0.2534,4,0.1000,0.8571,7,8,8,0,0,8,8,0.0000
4,32.0000,33,41,362.6819,-78.3236,-0.4125,30,0.7500,0.5000,6,8,7,0,0,8,7,0.1250
4,32.0000,33,42,743.2031,-85.4605,0.5223,6,0.1500,1.0000,8,8,8,0,0,8,8,0.0000
4,32.0000,33,43,498.1633,-83.6147,0.2090,5,0.1250,1.0000,8,6,3,0,0,6,3,0.5000
4,32.0000,33,44,541.9683,-84.2092,0.0827,13,0.3250,1.0000,8,5,1,0,0,5,1,0.8000
4,32.0000,33,46,496.9782,-83.0025,0.2397,18,0.4500,0.8571,7,7,6,0,0,7,6,0.1429
4,32.0000,34,1,364.7892,-81.0807,0.2667,27,0.6750,0.6667,6,6,4,0,0,6,4,0.3333
4,32.0000,34,2,873.3152,-87.7988,0.9644,3,0.0750,1.0000,8,8,8,0,0,8,8,0.0000
4,32.0000,34,5,226.4911,-76.6585,0.0397,35,0.8750,0.4000,5,5,1,0,0,5,1,0.8000
4,32.0000,34,8,707.5861,-86.1031,-0.9327,7,0.1750,1.0000,8,8,8,0,0,8,8,0.0000
4,32.0000,34,10,1007.5806,-87.6019,0.0175,4,0.1000,1.0000,6,8,8,0,0,8,8,0.0000
4,32.0000,34,11,1123.4072,-88.8522,-0.5823,3,0.0750,1.0000,4,4,4,0,0,4,4,0.0000
4,32.0000,34,12,654.6683,-85.8729,-0.7158,8,0.2000,1.0000,8,8,8,0,0,8,8,0.0000
4,32.0000,34,13,441.0530,-81.2392,-0.0731,19,0.4750,0.7143,7,8,8,0,0,8,8,0.0000
4,32.0000,34,16,646.7152,-84.4755,0.4146,12,0.3000,0.8000,5,9,8,0,0,9,8,0.1111
4,32.0000,34,20,754.8152,-86.1911,-0.6632,4,0.1000,1.0000,8,8,8,0,0,8,8,0.0000
4,32.0000,34,21,447.9146,-81.9969,0.5744,17,0.4250,0.8750,8,7,6,0,0,7,6,0.1429
4,32.0000,34,25,671.2627,-85.3178,0.5329,5,0.1250,1.0000,8,8,8,0,0,8,8,0.0000
4,32.0000,34,26,585.0089,-82.9368,0.6861,11,0.2750,0.8571,7,8,8,0,0,8,8,0.0000
4,32.0000,34,27,880.6380,-86.9298,-0.0662,5,0.1250,1.0000,8,6,6,0,0,6,6,0.0000
4,32.0000,34,29,554.4050,-83.8344,-0.6168,11,0.2750,1.0000,8,7,5,0,0,7,5,0.2857
4,32.0000,34,35,729.3229,-86.5946,1.0799,11,0.2750,1.0000,6,10,10,0,0,10,10,0.0000
4,32.0000,34,36,541.9615,-84.6151,-0.4349,17,0.4250,0.8750,8,7,6,0,0,7,6,0.1429
4,32.0000,34,40,607.9663,-84.8500,0.8909,10,0.2500,1.0000,8,7,6,0,0,7,6,0.1429
4,32.0000,34,43,1202.1697,-88.4447,-1.6645,3,0.0750,1.0000,8,2,2,0,0,2,2,0.0000
4,32.0000,34,45,970.3838,-88.9720,0.1215,3,0.0750,1.0000,4,4,4,0,0,4,4,0.0000
4,32.0000,34,47,651.6298,-86.0651,-1.5611,7,0.1750,0.7143,7,8,7,0,0,8,7,0.1250
4,32.0000,35,1,381.9609,-80.3077,-0.9840,28,0.7000,0.4000,5,6,3,0,0,6,3,0.5000
4,32.0000,35,5,776.3298,-85.7277,-0.1985,13,0.3250,1.0000,8,7,6,0,0,7,6,0.1429
4,32.0000,35,8,781.5290,-86.7171,0.4404,4,0.1000,1.0000,8,8,8,0,0,8,8,0.0000
4,32.0000,35,10,827.8844,-87.3205,1.4748,3,0.0750,1.0000,8,8,8,0,0,8,8,0.0000
4,32.0000,35,12,381.2648,-81.1685,-0.9009,18,0.4500,0.8571,7,5,1,0,0,5,1,0.8000
4,32.0000,35,13,524.1162,-83.3077,0.1454,18,0.4500,0.8750,8,7,6,0,0,7,6,0.1429
4,32.0000,35,16,667.7834,-84.6626,-0.4623,9,0.2250,0.8571,7,7,6,0,0,7,6,0.1429
4,32.0000,35,26,933.6335,-87.2413,0.3837,4,0.1000,1.0000,8,8,8,0,0,8,8,0.0000
4,32.0000,35,27,655.3923,-85.6323,1.4783,5,0.1250,1.0000,8,8,7,0,0,8,7,0.1250
4,32.0000,35,29,868.4946,-85.7863,0.2127,6,0.1500,1.0000,8,8,8,0,0,8,8,0.0000
4,32.0000,35,34,729.3229,-86.2946,0.2108,10,0.2500,1.0000,8,8,8,0,0,8,8,0.0000
4,32.0000,35,36,211.9411,-76.2280,0.7496,33,0.8250,0.2000,5,5,1,0,0,5,1,0.8000
4,32.0000,35,40,590.3328,-86.1063,-0.6721,10,0.2500,0.8750,8,8,7,0,0,8,7,0.1250
4,32.0000,36,1,189.1279,-73.8139,-0.0161,35,0.8750,0.2000,5,4,0,0,0,4,0,1.0000
4,32.0000,36,5,582.9018,-84.3014,0.2179,16,0.4000,0.5000,6,8,7,0,0,8,7,0.1250
4,32.0000,36,8,762.1984,-86.8786,0.8820,4,0.1000,1.0000,8,8,8,0,0,8,8,0.0000
4,32.0000,36,10,868.9617,-86.9925,-0.9219,5,0.1250,1.0000,8,8,8,0,0,8,8,0.0000
4,32.0000,36,12,408.4326,-82.0239,0.1898,17,0.4250,0.7143,7,5,2,0,0,5,2,0.6000
4,32.0000,36,13,405.8467,-81.4610,0.5145,15,0.3750,0.8571,7,6,4,0,0,6,4,0.3333
4,32.0000,36,16,627.1331,-84.3245,-0.7509,10,0.2500,1.0000,8,8,8,0,0,8,8,0.0000
4,32.0000,36,21,883.8283,-85.5256,-0.4499,3,0.0750,1.0000,8,6,6,0,0,6,6,0.0000
4,32.0000,36,29,745.4084,-86.0028,-0.3115,4,0.1000,1.0000,8,8,8,0,0,8,8,0.0000
4,32.0000,36,34,541.9615,-84.3526,-0.2030,13,0.3250,0.7143,7,8,7,0,0,8,7,0.1250
4,32.0000,36,35,211.9411,-76.8952,0.1773,37,0.9250,0.2000,5,5,1,0,0,5,1,0.8000
4,32.0000,36,40,580.2928,-84.6170,1.5079,9,0.2250,0.8750,8,8,8,0,0,8,8,0.0000
4,32.0000,37,0,389.5815,-80.5960,-0.4085,23,0.5750,0.0000,4,8,8,0,0,8,8,0.0000
4,32.0000,37,3,731.1530,-86.3258,0.3511,5,0.1250,1.0000,8,8,8,0,0,8,8,0.0000
4,32.0000,37,4,727.0676,-86.7756,0.6840,6,0.1500,1.0000,8,6,6,0,0,6,6,0.0000
4,32.0000,37,6,176.8246,-74.7234,0.4924,35,0.8750,0.2000,5,5,1,0,0,5,1,0.8000
4,32.0000,37,7,46.7345,-69.6303,3.4161,35,0.8750,0.0000,4,4,0,0,0,4,0,1.0000
4,32.0000,37,9,655.3170,-85.5658,-2.4526,4,0.1000,1.0000,8,8,7,0,0,8,7,0.1250
4,32.0000,37,14,461.3619,-83.7633,1.1597,29,0.7250,0.8750,8,6,3,0,0,6,3,0.5000
4,32.0000,37,15,707.4341,-85.9533,-0.1101,13,0.3250,1.0000,8,8,8,0,0,8,8,0.0000
4,32.0000,37,18,256.6356,-74.8775,-0.7469,29,0.7250,0.2000,5,6,3,0,0,6,3,0.5000
4,32.0000,37,22,835.4948,-87.6001,0.8127,4,0.1000,1.0000,8,8,7,0,0,8,7,0.1250
4,32.0000,37,23,588.6370,-83.5394,0.9919,7,0.1750,0.8571,7,7,6,0,0,7,6,0.1429
4,32.0000,37,24,350.1882,-81.4224,0.4537,28,0.7000,0.6667,6,6,2,0,0,6,2,0.6667
4,32.0000,37,28,595.1533,-85.6893,1.6783,5,0.1250,1.0000,8,7,6,0,0,7,6,0.1429
4,32.0000,37,30,265.2931,-80.7276,1.7339,32,0.8000,0.0000,4,4,0,0,0,4,0,1.0000
4,32.0000,37,31,896.8786,-87.2984,-1.8874,3,0.0750,1.0000,8,8,8,0,0,8,8,0.0000
4,32.0000,37,32,916.5088,-86.8767,0.3129,6,0.1500,1.0000,6,8,8,0,0,8,8,0.0000
4,32.0000,37,33,453.2781,-80.5498,-0.2611,17,0.4250,0.6667,6,7,6,0,0,7,6,0.1429
4,32.0000,37,39,874.9757,-86.3383,-0.1869,4,0.1000,1.0000,7,7,7,0,0,7,7,0.0000
4,32.0000,37,41,283.6021,-77.7622,-0.4935,32,0.8000,0.0000,4,5,2,0,0,5,2,0.6000
4,32.0000,37,42,487.1718,-84.2299,0.7103,20,0.5000,1.0000,8,7,6,0,0,7,6,0.1429
4,32.0000,37,43,931.4965,-88.5822,0.3183,3,0.0750,1.0000,8,5,4,0,0,5,4,0.2000
4,32.0000,37,44,260.6552,-80.4935,0.9039,28,0.7000,0.5000,6,4,0,0,0,4,0,1.0000
4,32.0000,37,46,92.3636,-72.6512,2.4329,35,0.8750,0.5000,6,4,0,0,0,4,0,1.0000
4,32.0000,38,3,783.3620,-86.1258,0.4663,5,0.1250,1.0000,2,8,8,0,0,8,8,0.0000
4,32.0000,38,4,330.3932,-82.2695,0.3834,19,0.4750,0.5000,6,5,1,0,0,5,1,0.8000
4,32.0000,38,9,572.5539,-85.2116,0.2451,7,0.1750,1.0000,8,7,6,0,0,7,6,0.1429
4,32.0000,38,17,631.7323,-83.7585,-0.1317,8,0.2000,1.0000,8,8,8,0,0,8,8,0.0000
4,32.0000,38,18,681.3385,-87.2410,0.4670,5,0.1250,1.0000,8,7,6,0,0,7,6,0.1429
4,32.0000,38,20,466.4532,-82.3582,0.9853,11,0.2750,0.6667,6,7,5,0,0,7,5,0.2857
4,32.0000,38,21,872.0073,-86.0309,1.0964,6,0.1500,1.0000,8,2,2,0,0,2,2,0.0000
4,32.0000,38,22,259.9215,-78.2751,0.3586,28,0.7000,0.3333,6,6,3,0,0,6,3,0.5000
4,32.0000,38,25,732.5267,-85.5713,0.4736,3,0.0750,1.0000,8,8,8,0,0,8,8,0.0000
4,32.0000,38,26,705.1276,-85.6270,0.3463,5,0.1250,1.0000,8,6,5,0,0,6,5,0.1667
4,32.0000,38,28,332.0731,-81.5341,1.8249,16,0.4000,1.0000,8,4,0,0,0,4,0,1.0000
4,32.0000,38,29,797.3371,-85.9355,-0.5953,4,0.1000,0.8571,7,9,9,0,0,9,9,0.0000
4,32.0000,38,33,767.7133,-87.9076,1.2257,5,0.1250,1.0000,4,8,8,0,0,8,8,0.0000
4,32.0000,38,39,367.7599,-80.6793,0.1050,13,0.3250,0.6667,6,8,8,0,0,8,8,0.0000
4,32.0000,38,43,796.4463,-85.4938,2.4404,3,0.0750,1.0000,8,4,4,0,0,4,4,0.0000
4,32.0000,38,45,316.6131,-77.1187,-1.1030,28,0.7000,0.4000,5,8,8,0,0,8,8,0.0000
4,32.0000,38,47,614.8997,-85.2724,0.7844,5,0.1250,0.8571,7,8,7,0,0,8,7,0.1250
4,32.0000,39,0,706.1321,-86.2822,0.0579,12,0.3000,1.0000,8,6,6,0,0,6,6,0.0000
4,32.0000,39,2,496.4265,-83.9320,0.5225,15,0.3750,0.8571,7,7,6,0,0,7,6,0.1429
4,32.0000,39,4,513.1918,-84.1163,0.2687,17,0.4250,0.6667,6,7,5,0,0,7,5,0.2857
4,32.0000,39,6,822.5926,-87.2816,1.0693,10,0.2500,1.0000,4,8,7,0,0,8,7,0.1250
4,32.0000,39,7,832.0147,-87.8124,-0.5516,11,0.2750,1.0000,8,6,6,0,0,6,6,0.0000
4,32.0000,39,8,696.5984,-87.2168,0.8294,8,0.2000,1.0000,8,8,8,0,0,8,8,0.0000
4,32.0000,39,9,322.6243,-80.7574,-0.7248,17,0.4250,0.6667,6,9,6,0,0,9,6,0.3333
4,32.0000,39,10,718.6253,-86.2435,-0.4214,13,0.3250,1.0000,8,8,8,0,0,8,8,0.0000
4,32.0000,39,11,414.7459,-81.2234,-0.1280,23,0.5750,0.7500,8,7,6,0,0,7,6,0.1429
4,32.0000,39,13,891.1552,-88.1039,-0.7339,8,0.2000,1.0000,4,4,4,0,0,4,4,0.0000
4,32.0000,39,16,679.8035,-86.8820,0.4356,12,0.3000,1.0000,4,8,8,0,0,8,8,0.0000
4,32.0000,39,17,278.0568,-77.3399,-0.9548,30,0.7500,0.5000,6,9,6,0,0,9,6,0.3333
4,32.0000,39,18,631.7473,-86.7034,-0.2014,12,0.3000,0.8571,7,7,5,0,0,7,5,0.2857
4,32.0000,39,19,641.0698,-85.6741,0.7037,16,0.4000,1.0000,8,8,7,0,0,8,7,0.1250
4,32.0000,39,20,405.2488,-81.8598,0.5991,19,0.4750,0.7143,7,6,4,0,0,6,4,0.3333
4,32.0000,39,21,765.3469,-85.8458,0.1054,9,0.2250,0.6667,3,2,2,0,0,2,2,0.0000
4,32.0000,39,22,459.0581,-82.1338,-1.0525,25,0.6250,0.7143,7,8,7,0,0,8,7,0.1250
4,32.0000,39,23,577.1088,-83.8519,-0.1754,13,0.3250,0.7143,7,8,8,0,0,8,8,0.0000
4,32.0000,39,25,474.6669,-83.2526,-0.5603,18,0.4500,0.9333,15,10,8,0,0,10,8,0.2000
4,32.0000,39,26,520.1159,-85.2914,0.1018,14,0.3500,1.0000,8,7,5,0,0,7,5,0.2857
4,32.0000,39,27,906.8397,-87.9867,0.2675,9,0.2250,1.0000,6,6,6,0,0,6,6,0.0000
4,32.0000,39,28,447.6080,-83.4151,-0.1958,17,0.4250,0.8750,8,7,5,0,0,7,5,0.2857
4,32.0000,39,29,621.7473,-87.0278,0.5837,11,0.2750,0.8750,8,7,5,0,0,7,5,0.2857
4,32.0000,39,30,1003.5545,-88.0055,-0.6730,8,0.2000,1.0000,2,6,6,0,0,6,6,0.0000
4,32.0000,39,31,464.8114,-82.4485,-1.2332,19,0.4750,1.0000,8,8,8,0,0,8,8,0.0000
4,32.0000,39,32,520.6867,-83.1520,-0.6240,16,0.4000,0.8333,6,8,7,0,0,8,7,0.1250
4,32.0000,39,33,583.3511,-86.1370,0.9492,12,0.3000,1.0000,8,7,5,0,0,7,5,0.2857
4,32.0000,39,37,874.9757,-88.0553,-0.2660,7,0.1750,1.0000,8,8,8,0,0,8,8,0.0000
4,32.0000,39,38,367.7599,-80.5812,0.7135,23,0.5750,0.4286,7,8,6,0,0,8,6,0.2500
4,32.0000,39,40,937.4637,-88.6212,0.3224,7,0.1750,1.0000,6,6,6,0,0,6,6,0.0000
4,32.0000,39,41,917.7635,-87.6720,-0.3254,8,0.2000,1.0000,2,8,8,0,0,8,8,0.0000
4,32.0000,39,42,1062.3685,-88.8321,-0.4539,4,0.1000,1.0000,2,8,8,0,0,8,8,0.0000
4,32.0000,39,43,454.9517,-82.0484,-0.9505,16,0.4000,0.8571,7,7,5,0,0,7,5,0.2857
4,32.0000,39,44,816.6907,-87.8242,-0.4487,10,0.2500,0.8000,5,4,3,0,0,4,3,0.2500
4,32.0000,39,45,318.5159,-79.4115,0.2339,27,0.6750,0.5000,6,4,0,0,0,4,0,1.0000
4,32.0000,39,46,887.4019,-87.5138,-0.6630,10,0.2500,0.8571,7,6,6,0,0,6,6,0.0000
4,32.0000,39,47,435.4431,-84.4716,-0.1254,16,0.4000,0.8750,8,6,3,0,0,6,3,0.5000
4,32.0000,40,1,546.1749,-84.9477,-0.7675,15,0.3750,1.0000,8,8,8,0,0,8,8,0.0000
4,32.0000,40,2,494.8073,-82.9833,-1.3646,13,0.3250,1.0000,8,8,6,0,0,8,6,0.2500
4,32.0000,40,5,758.4470,-85.4838,0.0292,12,0.3000,0.6667,6,7,5,0,0,7,5,0.2857
4,32.0000,40,8,255.7532,-76.9754,0.2030,26,0.6500,0.5574,61,7,5,2,1,9,6,0.3333
4,32.0000,40,10,614.9800,-85.1541,-1.8853,10,0.2500,1.0000,8,8,8,0,0,8,8,0.0000
4,32.0000,40,11,853.1277,-87.4802,-0.7285,7,0.1750,1.0000,8,6,6,0,0,6,6,0.0000
4,32.0000,40,12,310.8109,-80.8243,0.9252,25,0.6250,0.6667,6,6,3,0,0,6,3,0.5000
4,32.0000,40,13,475.5101,-82.8429,0.7249,14,0.3500,0.6000,5,9,7,0,0,9,7,0.2222
4,32.0000,40,16,396.8468,-79.4388,-1.1908,22,0.5500,0.8108,74,8,8,0,0,8,8,0.0000
4,32.0000,40,17,804.8314,-86.6513,-2.3891,3,0.0750,1.0000,8,8,8,0,0,8,8,0.0000
4,32.0000,40,19,722.3264,-86.3176,-1.0114,6,0.1500,0.8750,8,7,6,0,0,7,6,0.1429
4,32.0000,40,20,831.5786,-87.7435,-0.1449,6,0.1500,1.0000,8,2,2,0,0,2,2,0.0000
4,32.0000,40,21,612.2805,-85.6403,-0.1992,12,0.3000,0.8571,7,7,6,0,0,7,6,0.1429
4,32.0000,40,25,578.1786,-83.1744,-0.2101,8,0.2000,1.0000,8,8,8,0,0,8,8,0.0000
4,32.0000,40,26,631.7550,-84.7554,-1.3782,7,0.1750,0.8571,7,7,6,0,0,7,6,0.1429
4,32.0000,40,27,321.9015,-79.8378,0.8005,24,0.6000,0.4000,5,6,2,107,61,113,63,0.4425
4,32.0000,40,29,660.5231,-85.3139,-1.1322,10,0.2500,0.8750,8,7,6,0,0,7,6,0.1429
4,32.0000,40,31,839.3396,-87.5553,1.0495,4,0.1000,1.0000,8,8,8,0,0,8,8,0.0000
4,32.0000,40,32,836.1678,-87.5340,-0.2668,6,0.1500,1.0000,8,8,8,0,0,8,8,0.0000
4,32.0000,40,34,607.9663,-83.9926,-0.5203,14,0.3500,0.8750,8,8,8,0,0,8,8,0.0000
4,32.0000,40,35,590.3328,-84.4365,-0.1709,15,0.3750,0.6667,6,7,6,0,0,7,6,0.1429
4,32.0000,40,36,580.2928,-85.8565,-0.2621,16,0.4000,0.8571,7,8,8,0,0,8,8,0.0000
4,32.0000,40,43,811.6980,-87.1682,-0.4493,6,0.1500,1.0000,8,6,6,0,0,6,6,0.0000
4,32.0000,40,45,951.5686,-88.4747,-0.4578,4,0.1000,1.0000,2,4,4,0,0,4,4,0.0000
4,32.0000,40,47,667.0025,-84.9876,0.3256,9,0.2250,1.0000,8,8,7,0,0,8,7,0.1250
4,32.0000,41,0,259.4855,-77.8055,0.5028,26,0.6500,0.5000,6,5,2,0,0,5,2,0.6000
4,32.0000,41,3,957.0192,-89.4317,0.0741,4,0.1000,1.0000,4,7,6,0,0,7,6,0.1429
4,32.0000,41,4,849.6535,-87.2489,-0.7485,6,0.1500,1.0000,6,6,6,0,0,6,6,0.0000
4,32.0000,41,6,451.2729,-82.8107,-0.9530,16,0.4000,0.8750,8,5,2,0,0,5,2,0.6000
4,32.0000,41,7,304.1166,-79.9363,-0.8578,22,0.5500,0.5000,6,5,1,0,0,5,1,0.8000
4,32.0000,41,9,629.0496,-85.7946,-0.9053,7,0.1750,1.0000,8,7,6,0,0,7,6,0.1429
4,32.0000,41,11,900.3712,-89.2194,-0.0672,3,0.0750,1.0000,8,8,8,0,0,8,8,0.0000
4,32.0000,41,14,698.4749,-87.4875,0.3061,11,0.2750,1.0000,8,8,7,0,0,8,7,0.1250
4,32.0000,41,15,949.4512,-88.3024,-0.1918,5,0.1250,1.0000,8,8,8,0,0,8,8,0.0000
4,32.0000,41,18,426.1522,-79.8230,-0.9777,20,0.5000,0.6667,6,7,6,0,0,7,6,0.1429
4,32.0000,41,19,1015.0144,-88.4696,0.7621,4,0.1000,1.0000,6,8,8,0,0,8,8,0.0000
4,32.0000,41,22,940.4066,-89.2210,-0.1660,3,0.0750,1.0000,6,10,10,0,0,10,10,0.0000
4,32.0000,41,23,465.0161,-83.3212,-0.0070,13,0.3250,0.6667,6,7,6,0,0,7,6,0.1429
4,32.0000,41,24,492.8567,-83.8346,-0.0144,18,0.4500,0.8571,7,7,6,0,0,7,6,0.1429
4,32.0000,41,28,744.4725,-86.2590,6.7816,5,0.1250,0.8333,6,7,6,0,0,7,6,0.1429
4,32.0000,41,30,426.1840,-83.5167,-0.3320,22,0.5500,1.0000,8,5,1,0,0,5,1,0.8000
4,32.0000,41,31,820.0692,-87.5748,-1.4071,3,0.0750,1.0000,8,8,8,0,0,8,8,0.0000
4,32.0000,41,32,808.7191,-86.7750,-1.2365,5,0.1250,1.0000,8,8,8,0,0,8,8,0.0000
4,32.0000,41,33,362.6819,-78.8863,-1.0180,22,0.5500,0.4286,7,8,8,0,0,8,8,0.0000
4,32.0000,41,37,283.6021,-76.5575,-0.6208,29,0.7250,0.2000,5,5,2,0,0,5,2,0.6000
4,32.0000,41,39,917.7635,-86.0112,2.8320,3,0.0750,1.0000,8,8,8,0,0,8,8,0.0000
4,32.0000,41,42,655.1573,-85.3317,0.5347,11,0.2750,0.8571,7,6,3,0,0,6,3,0.5000
4,32.0000,41,43,830.6341,-89.2542,-0.0761,3,0.0750,1.0000,8,8,8,0,0,8,8,0.0000
4,32.0000,41,44,508.1282,-84.7280,-0.4415,14,0.3500,0.8571,7,7,4,0,0,7,4,0.4286
4,32.0000,41,46,354.2054,-81.1527,-0.3729,22,0.5500,0.6667,6,6,3,0,0,6,3,0.5000
4,32.0000,42,0,793.2943,-86.8819,0.7963,4,0.1000,0.8000,5,8,8,0,0,8,8,0.0000
4,32.0000,42,3,403.0663,-82.7780,0.5726,24,0.6000,0.5000,6,7,4,0,0,7,4,0.4286
4,32.0000,42,4,664.2022,-85.4810,-0.2338,7,0.1750,0.6667,6,8,8,0,0,8,8,0.0000
4,32.0000,42,6,453.7459,-83.0135,0.2454,14,0.3500,0.8571,7,6,4,0,0,6,4,0.3333
4,32.0000,42,7,491.0953,-82.6341,-0.1514,14,0.3500,0.7143,7,8,5,0,0,8,5,0.3750
4,32.0000,42,14,263.0479,-77.9588,0.1860,38,0.9500,0.5000,6,5,2,0,0,5,2,0.6000
4,32.0000,42,15,369.8041,-80.9363,-0.5256,33,0.8250,0.6250,8,6,3,0,0,6,3,0.5000
4,32.0000,42,18,580.5842,-83.8259,-0.0001,9,0.2250,1.0000,8,8,8,0,0,8,8,0.0000
4,32.0000,42,23,832.1205,-86.5129,0.9007,4,0.1000,1.0000,8,8,7,0,0,8,7,0.1250
4,32.0000,42,24,378.5418,-79.4033,-1.0995,34,0.8500,0.5714,7,8,8,0,0,8,8,0.0000
4,32.0000,42,28,652.1622,-85.9153,-0.4890,6,0.1500,1.0000,8,8,7,0,0,8,7,0.1250
4,32.0000,42,30,246.4508,-76.6921,0.1373,36,0.9000,0.3333,6,5,2,0,0,5,2,0.6000
4,32.0000,42,33,743.2031,-87.7489,-0.4113,3,0.0750,1.0000,8,8,8,0,0,8,8,0.0000
4,32.0000,42,37,487.1718,-84.0967,0.0784,14,0.3500,0.8750,8,6,4,0,0,6,4,0.3333
4,32.0000,42,41,655.1573,-87.6826,0.0820,3,0.0750,0.8750,8,7,5,0,0,7,5,0.2857
4,32.0000,42,44,338.8884,-79.8076,-0.7626,23,0.5750,0.6667,6,6,4,0,0,6,4,0.3333
4,32.0000,42,46,401.9682,-81.9536,0.3761,18,0.4500,0.6667,6,6,4,0,0,6,4,0.3333
4,32.0000,43,0,600.9767,-84.8050,0.5537,10,0.2439,0.8571,7,8,8,0,0,8,8,0.0000
4,32.0000,43,2,340.4408,-78.0984,-1.1458,33,0.8049,0.4000,5,8,7,0,0,8,7,0.1250
4,32.0000,43,4,806.2413,-87.0599,0.1365,4,0.0976,1.0000,8,8,7,0,0,8,7,0.1250
4,32.0000,43,7,902.8950,-88.1935,0.5113,5,0.1220,1.0000,4,4,4,0,0,4,4,0.0000
4,32.0000,43,8,565.5981,-83.6986,-0.5135,16,0.3902,1.0000,8,8,8,0,0,8,8,0.0000
4,32.0000,43,9,328.9506,-80.6017,0.6027,22,0.5366,0.7143,7,8,6,0,0,8,6,0.2500
4,32.0000,43,10,544.4483,-84.8815,0.6733,16,0.3902,1.0000,8,6,4,0,0,6,4,0.3333
4,32.0000,43,11,404.9650,-82.1923,0.1419,17,0.4146,0.7143,7,8,7,0,0,8,7,0.1250
4,32.0000,43,12,888.3836,-87.4014,0.2853,4,0.0976,0.8571,7,6,6,0,0,6,6,0.0000
4,32.0000,43,16,666.8105,-86.4301,0.3015,12,0.2927,0.8571,7,8,8,0,0,8,8,0.0000
4,32.0000,43,17,181.4072,-75.0215,0.4580,33,0.8049,0.2000,5,8,5,0,0,8,5,0.3750
4,32.0000,43,18,765.6179,-87.8885,-1.5833,3,0.0732,1.0000,6,8,8,0,0,8,8,0.0000
4,32.0000,43,19,403.2287,-82.0565,0.6533,21,0.5122,0.8750,8,7,6,0,0,7,6,0.1429
4,32.0000,43,20,748.6543,-85.4206,-1.1120,10,0.2439,1.0000,8,2,2,0,0,2,2,0.0000
4,32.0000,43,22,776.7458,-86.7978,-0.4673,6,0.1463,1.0000,8,2,2,0,0,2,2,0.0000
4,32.0000,43,23,409.1101,-80.9235,-0.0301,18,0.4390,0.6667,6,7,6,0,0,7,6,0.1429
4,32.0000,43,25,621.9415,-84.0508,-0.5152,15,0.3659,0.6667,6,8,7,0,0,8,7,0.1250
4,32.0000,43,26,739.1913,-86.6970,0.1728,7,0.1707,1.0000,8,8,8,0,0,8,8,0.0000
4,32.0000,43,27,668.7574,-85.3851,-0.6314,14,0.3415,0.8571,7,6,6,0,0,6,6,0.0000
4,32.0000,43,28,757.1650,-88.0031,-0.3983,5,0.1220,1.0000,6,8,8,0,0,8,8,0.0000
4,32.0000,43,29,834.6814,-87.0902,-0.0746,7,0.1707,1.0000,2,8,8,0,0,8,8,0.0000
4,32.0000,43,31,240.4795,-77.0998,0.3402,31,0.7561,0.2000,5,4,2,0,0,4,2,0.5000
4,32.0000,43,32,174.8734,-74.0068,0.4966,36,0.8780,0.0000,4,6,2,0,0,6,2,0.6667
4,32.0000,43,33,498.1633,-85.1442,-0.2755,8,0.1951,0.8571,7,8,8,0,0,8,8,0.0000
4,32.0000,43,37,931.4965,-87.1244,0.3637,3,0.0732,1.0000,8,8,8,0,0,8,8,0.0000
4,32.0000,43,38,796.4463,-86.3302,-1.3550,7,0.1707,1.0000,8,8,8,0,0,8,8,0.0000
4,32.0000,43,39,454.9517,-82.1831,-0.1907,15,0.3659,0.7500,8,7,6,0,0,7,6,0.1429
4,32.0000,43,40,811.6980,-86.9229,-0.2550,9,0.2195,1.0000,8,6,6,0,0,6,6,0.0000
4,32.0000,43,41,830.6341,-87.4014,0.2010,3,0.0732,0.8333,6,6,6,0,0,6,6,0.0000
4,32.0000,43,44,983.4480,-88.3436,-0.0242,3,0.0732,1.0000,4,6,6,0,0,6,6,0.0000
4,32.0000,43,45,669.3413,-84.2723,0.0953,11,0.2683,0.8750,8,6,6,0,0,6,6,0.0000
4,32.0000,43,46,975.6617,-88.6226,0.2011,4,0.0976,1.0000,8,4,4,0,0,4,4,0.0000
4,32.0000,43,47,682.5911,-85.7817,-0.2978,10,0.2439,1.0000,6,7,6,0,0,7,6,0.1429
4,32.0000,44,0,563.0472,-83.9548,-0.5256,15,0.3750,1.0000,8,7,6,0,0,7,6,0.1429
4,32.0000,44,3,477.8514,-83.2820,-0.1793,25,0.6250,0.6667,6,7,6,0,0,7,6,0.1429
4,32.0000,44,4,544.5655,-84.4325,-0.3561,14,0.3500,0.7143,7,8,7,0,0,8,7,0.1250
4,32.0000,44,6,141.4405,-76.0021,2.1318,35,0.8750,0.0000,4,4,0,0,0,4,0,1.0000
4,32.0000,44,7,236.2489,-77.1660,0.1939,32,0.8000,0.0000,4,5,2,0,0,5,2,0.6000
4,32.0000,44,9,664.5907,-87.7091,0.5407,3,0.0750,1.0000,8,7,6,0,0,7,6,0.1429
4,32.0000,44,11,969.4780,-88.5277,-0.6197,3,0.0750,1.0000,8,6,6,0,0,6,6,0.0000
4,32.0000,44,14,331.2141,-80.0331,0.5349,33,0.8250,0.5000,6,4,0,0,0,4,0,1.0000
4,32.0000,44,15,495.3776,-82.2400,-0.8655,30,0.7500,0.2000,5,8,7,0,0,8,7,0.1250
4,32.0000,44,18,263.8588,-78.3425,0.8083,26,0.6500,0.0000,4,4,0,0,0,4,0,1.0000
4,32.0000,44,22,665.6223,-86.8522,0.4623,6,0.1500,1.0000,8,8,7,0,0,8,7,0.1250
4,32.0000,44,23,663.2390,-86.6368,0.3735,6,0.1500,0.8571,7,8,8,0,0,8,8,0.0000
4,32.0000,44,24,415.7073,-81.9263,-0.8094,31,0.7750,0.8571,7,5,1,0,0,5,1,0.8000
4,32.0000,44,28,432.0345,-82.4479,0.1482,14,0.3500,0.6667,6,7,4,0,0,7,4,0.4286
4,32.0000,44,30,257.1879,-78.2410,0.4621,36,0.9000,0.2000,5,4,0,0,0,4,0,1.0000
4,32.0000,44,33,541.9683,-84.1843,0.3703,11,0.2750,0.8750,8,8,8,0,0,8,8,0.0000
4,32.0000,44,37,260.6552,-79.4490,0.1793,22,0.5500,0.2000,5,5,1,0,0,5,1,0.8000
4,32.0000,44,38,758.2106,-85.6561,0.7541,4,0.1000,1.0000,8,6,6,0,0,6,6,0.0000
4,32.0000,44,39,816.6907,-86.2881,-0.5316,3,0.0750,1.0000,6,8,8,0,0,8,8,0.0000
4,32.0000,44,41,508.1282,-84.1769,0.0547,16,0.4000,0.8571,7,7,4,0,0,7,4,0.4286
4,32.0000,44,42,338.8884,-79.8531,0.0064,29,0.7250,0.5000,6,5,2,0,0,5,2,0.6000
4,32.0000,44,46,183.8272,-74.2766,0.3358,34,0.8500,0.0000,4,4,0,0,0,4,0,1.0000
4,32.0000,45,2,596.4528,-83.5125,1.2797,4,0.1000,1.0000,8,7,6,0,0,7,6,0.1429
4,32.0000,45,3,1060.9743,-89.0814,-0.5388,3,0.0750,1.0000,4,4,4,0,0,4,4,0.0000
4,32.0000,45,4,528.4941,-83.5271,-0.3528,7,0.1750,0.6667,6,8,8,0,0,8,8,0.0000
4,32.0000,45,9,577.0142,-84.6921,-0.1617,4,0.1000,1.0000,8,7,5,0,0,7,5,0.2857
4,32.0000,45,10,931.4747,-88.1186,0.2496,3,0.0750,1.0000,4,6,6,0,0,6,6,0.0000
4,32.0000,45,11,702.1152,-83.7732,-0.0423,5,0.1250,1.0000,8,8,8,0,0,8,8,0.0000
4,32.0000,45,17,509.3602,-82.5793,0.1365,8,0.2000,0.7143,7,8,8,0,0,8,8,0.0000
4,32.0000,45,20,262.2127,-79.2668,-0.0171,23,0.5750,0.2000,5,5,1,0,0,5,1,0.8000
4,32.0000,45,21,581.8030,-84.3949,-0.0645,9,0.2250,1.0000,8,8,8,0,0,8,8,0.0000
4,32.0000,45,22,414.0288,-79.3131,-0.8566,21,0.5250,0.5000,6,8,8,0,0,8,8,0.0000
4,32.0000,45,23,802.7814,-87.1558,-0.2146,3,0.0750,1.0000,8,8,8,0,0,8,8,0.0000
4,32.0000,45,25,546.2963,-83.3980,-0.6513,8,0.2000,0.8571,7,7,6,0,0,7,6,0.1429
4,32.0000,45,26,508.0039,-83.6549,-0.1266,4,0.1000,0.5000,4,8,7,0,0,8,7,0.1250
4,32.0000,45,28,569.7249,-84.4465,0.3326,7,0.1750,0.8750,8,8,8,0,0,8,8,0.0000
4,32.0000,45,29,630.4900,-86.9042,0.4059,3,0.0750,0.7500,4,8,8,0,0,8,8,0.0000
4,32.0000,45,31,743.5727,-84.5325,-0.4789,3,0.0750,1.0000,8,8,8,0,0,8,8,0.0000
4,32.0000,45,38,316.6131,-77.5700,-0.6351,28,0.7000,0.3333,6,7,4,0,0,7,4,0.4286
4,32.0000,45,39,318.5159,-79.3461,-0.1596,11,0.2750,0.7143,7,7,6,0,0,7,6,0.1429
4,32.0000,45,43,669.3413,-84.9420,0.1627,6,0.1500,1.0000,8,8,7,0,0,8,7,0.1250
4,32.0000,45,47,402.8996,-81.8373,-0.0756,10,0.2500,0.6667,6,8,8,0,0,8,8,0.0000
4,32.0000,46,0,463.6428,-82.3933,-0.2563,23,0.5750,0.7500,8,7,6,0,0,7,6,0.1429
4,32.0000,46,3,643.2889,-85.1085,-0.6193,11,0.2750,0.8571,7,8,8,0,0,8,8,0.0000
4,32.0000,46,4,686.0520,-84.6338,-1.7138,17,0.4250,0.6667,6,8,8,0,0,8,8,0.0000
4,32.0000,46,6,136.4244,-69.7752,-1.1641,34,0.8500,0.0000,4,4,0,0,0,4,0,1.0000
4,32.0000,46,7,97.2329,-64.1057,-1.8308,31,0.7750,0.0000,4,4,0,0,0,4,0,1.0000
4,32.0000,46,9,683.1373,-84.3850,-0.1272,9,0.2250,0.7143,7,8,8,0,0,8,8,0.0000
4,32.0000,46,14,376.3089,-83.5632,0.2287,28,0.7000,0.6667,6,6,2,0,0,6,2,0.6667
4,32.0000,46,15,616.5588,-84.0102,-0.0551,18,0.4500,0.7143,7,7,5,0,0,7,5,0.2857
4,32.0000,46,17,942.9289,-87.0240,-0.3690,5,0.1250,0.8750,8,8,8,0,0,8,8,0.0000
4,32.0000,46,18,271.0015,-72.7232,-2.1290,32,0.8000,0.5000,6,7,5,0,0,7,5,0.2857
4,32.0000,46,22,801.2791,-88.2328,-0.4435,5,0.1250,1.0000,8,7,6,0,0,7,6,0.1429
4,32.0000,46,23,627.8940,-84.7692,0.6336,13,0.3250,0.8571,7,8,7,0,0,8,7,0.1250
4,32.0000,46,24,309.6000,-82.2088,1.2939,33,0.8250,0.6667,6,4,0,0,0,4,0,1.0000
4,32.0000,46,28,565.3079,-83.8397,-0.9510,15,0.3750,1.0000,8,8,8,0,0,8,8,0.0000
4,32.0000,46,30,197.0105,-78.6322,1.6119,32,0.8000,0.4000,5,4,0,0,0,4,0,1.0000
4,32.0000,46,31,952.3565,-86.5404,1.0195,3,0.0750,0.8000,5,8,7,0,0,8,7,0.1250
4,32.0000,46,32,973.2528,-88.1123,0.9831,3,0.0750,1.0000,8,8,8,0,0,8,8,0.0000
4,32.0000,46,33,496.9782,-82.6400,-1.2049,15,0.3750,0.7143,7,8,8,0,0,8,8,0.0000
4,32.0000,46,37,92.3636,-72.6095,2.4455,35,0.8750,0.4000,5,4,0,0,0,4,0,1.0000
4,32.0000,46,39,887.4019,-86.3751,-2.0487,3,0.0750,1.0000,8,6,6,0,0,6,6,0.0000
4,32.0000,46,41,354.2054,-80.8504,0.8898,30,0.7500,0.5714,7,6,2,0,0,6,2,0.6667
4,32.0000,46,42,401.9682,-82.9134,0.8949,30,0.7500,1.0000,8,4,0,0,0,4,0,1.0000
4,32.0000,46,44,183.8272,-74.8274,0.1162,34,0.8500,0.2000,5,5,1,0,0,5,1,0.8000
4,32.0000,47,1,835.1521,-86.7460,-0.0200,7,0.1750,1.0000,8,4,4,0,0,4,4,0.0000
4,32.0000,47,2,461.7199,-82.9336,1.8695,11,0.2750,0.8750,8,6,4,0,0,6,4,0.3333
4,32.0000,47,4,876.9812,-88.2978,-0.2102,3,0.0750,,0,5,4,0,0,5,4,0.2000
4,32.0000,47,5,876.0994,-86.3241,0.1514,11,0.2750,0.6667,6,6,6,0,0,6,6,0.0000
4,32.0000,47,8,505.2554,-83.9922,0.6043,10,0.2500,1.0000,8,7,6,0,0,7,6,0.1429
4,32.0000,47,9,726.3680,-85.7970,0.9244,3,0.0750,1.0000,8,8,8,0,0,8,8,0.0000
4,32.0000,47,10,675.4739,-84.8479,-3.8572,6,0.1500,0.8571,7,8,7,0,0,8,7,0.1250
4,32.0000,47,11,574.7846,-84.1614,-0.5995,6,0.1500,0.8750,8,8,8,37,35,45,43,0.0444
4,32.0000,47,12,707.8428,-86.7682,-0.4065,7,0.1750,1.0000,8,8,8,0,0,8,8,0.0000
4,32.0000,47,13,520.6790,-83.1359,-0.3198,16,0.4000,0.8182,11,8,8,0,0,8,8,0.0000
4,32.0000,47,16,420.9150,-81.6176,0.0677,19,0.4750,0.8571,7,8,6,0,0,8,6,0.2500
4,32.0000,47,17,531.7656,-83.5815,-0.4636,9,0.2250,0.7143,7,8,8,0,0,8,8,0.0000
4,32.0000,47,19,710.4385,-86.3684,0.7047,5,0.1250,0.8571,7,8,7,0,0,8,7,0.1250
4,32.0000,47,20,192.8786,-75.3038,0.2492,33,0.8250,0.3333,6,4,0,0,0,4,0,1.0000
4,32.0000,47,21,412.8963,-81.7065,0.0397,24,0.6000,1.0000,8,8,7,0,0,8,7,0.1250
4,32.0000,47,22,783.6449,-86.6313,0.9976,3,0.0750,1.0000,8,8,8,0,0,8,8,0.0000
4,32.0000,47,25,186.0774,-75.4326,0.1090,31,0.7750,0.0000,4,5,1,0,0,5,1,0.8000
4,32.0000,47,26,106.6110,-68.9671,-0.1687,33,0.8250,0.2000,5,4,0,0,0,4,0,1.0000
4,32.0000,47,27,758.6272,-85.5584,-0.4119,10,0.2500,0.8750,8,8,8,0,0,8,8,0.0000
4,32.0000,47,29,238.4939,-76.7677,0.2052,32,0.8000,0.2000,5,5,1,0,0,5,1,0.8000
4,32.0000,47,31,670.7649,-85.2013,0.1634,6,0.1500,1.0000,8,7,6,0,0,7,6,0.1429
4,32.0000,47,32,730.9822,-87.3181,0.7162,4,0.1000,1.0000,6,8,8,0,0,8,8,0.0000
4,32.0000,47,34,651.6298,-84.1087,-0.9546,16,0.4000,0.5000,6,6,6,0,0,6,6,0.0000
4,32.0000,47,38,614.8997,-84.0526,-0.1174,8,0.2000,1.0000,8,7,6,0,0,7,6,0.1429
4,32.0000,47,39,435.4431,-83.9950,1.6727,11,0.2750,1.0000,8,7,6,0,0,7,6,0.1429
4,32.0000,47,40,667.0025,-83.6286,-0.4913,14,0.3500,0.6667,6,8,6,0,0,8,6,0.2500
4,32.0000,47,43,682.5911,-84.8175,-0.8715,4,0.1000,1.0000,8,4,4,0,0,4,4,0.0000
4,32.0000,47,45,402.8996,-82.8476,-0.1276,10,0.2500,0.8571,7,7,4,0,0,7,4,0.4286
4,36.0000,0,4,785.3736,-86.3327,0.1967,3,0.0750,0.8571,7,8,8,0,0,8,8,0.0000
4,36.0000,0,6,580.2247,-84.7980,0.1313,13,0.3250,0.7500,8,7,6,0,0,7,6,0.1429
4,36.0000,0,7,385.5936,-81.5676,-0.6085,17,0.4250,0.2000,5,7,6,0,0,7,6,0.1429
4,36.0000,0,9,506.1249,-83.9705,-1.2377,5,0.1250,1.0000,8,8,7,0,0,8,7,0.1250
4,36.0000,0,11,641.3498,-85.6220,0.0860,4,0.1000,1.0000,8,8,8,0,0,8,8,0.0000
4,36.0000,0,14,744.8127,-87.2344,0.3355,7,0.1750,0.7500,4,5,4,0,0,5,4,0.2000
4,36.0000,0,15,1106.1695,-88.3091,0.6137,3,0.0750,,0,8,8,0,0,8,8,0.0000
4,36.0000,0,17,626.8825,-86.6868,-0.9047,5,0.1250,1.0000,8,8,8,0,0,8,8,0.0000
4,36.0000,0,18,385.9446,-82.0884,-1.2332,14,0.3500,0.7143,7,8,7,0,0,8,7,0.1250
4,36.0000,0,19,744.7985,-85.9405,0.9570,3,0.0750,1.0000,6,6,5,0,0,6,5,0.1667
4,36.0000,0,23,263.2586,-77.8280,-0.0620,22,0.5500,0.4000,5,4,0,0,0,4,0,1.0000
4,36.0000,0,24,623.1616,-85.4811,-0.1137,11,0.2750,0.8750,8,8,8,0,0,8,8,0.0000
4,36.0000,0,28,608.5142,-85.5065,0.9865,5,0.1250,0.6667,6,7,5,0,0,7,5,0.2857
4,36.0000,0,30,498.5756,-84.0395,1.2354,10,0.2500,0.8571,7,7,4,0,0,7,4,0.4286
4,36.0000,0,32,631.3649,-85.4512,0.5664,5,0.1250,1.0000,8,7,6,0,0,7,6,0.1429
4,36.0000,0,33,247.6857,-76.7682,-0.4084,26,0.6500,0.5714,7,5,2,0,0,5,2,0.6000
4,36.0000,0,37,469.1854,-81.9459,0.0830,17,0.4250,1.0000,8,7,5,0,0,7,5,0.2857
4,36.0000,0,41,317.0083,-79.5156,-1.0379,29,0.7250,0.4286,7,8,6,0,0,8,6,0.2500
4,36.0000,0,42,742.4887,-86.9011,0.3963,7,0.1750,1.0000,8,7,6,0,0,7,6,0.1429
4,36.0000,0,43,502.4107,-83.0487,0.7140,8,0.2000,1.0000,8,6,4,0,0,6,4,0.3333
4,36.0000,0,44,473.6620,-84.5037,0.7157,11,0.2750,0.8571,7,6,4,0,0,6,4,0.3333
4,36.0000,0,46,522.6820,-83.3183,0.2306,11,0.2750,1.0000,8,6,3,0,0,6,3,0.5000
4,36.0000,1,5,457.6099,-82.6382,-0.5198,22,0.5500,0.6667,6,6,3,0,0,6,3,0.5000
4,36.0000,1,8,622.0446,-87.0252,1.7643,4,0.1000,1.0000,8,8,8,0,0,8,8,0.0000
4,36.0000,1,12,424.9186,-82.7519,-0.0331,13,0.3250,0.8571,7,6,3,0,0,6,3,0.5000
4,36.0000,1,13,322.8102,-80.0401,-0.0557,21,0.5250,0.7143,7,4,0,0,0,4,0,1.0000
4,36.0000,1,16,653.3596,-83.9271,0.7186,8,0.2000,1.0000,8,8,8,0,0,8,8,0.0000
4,36.0000,1,21,637.3125,-85.5147,1.3106,6,0.1500,1.0000,8,8,8,0,0,8,8,0.0000
4,36.0000,1,25,645.3924,-87.8205,0.6598,4,0.1000,0.8571,7,7,6,0,0,7,6,0.1429
4,36.0000,1,26,750.5612,-86.3916,-2.2210,4,0.1000,1.0000,8,8,8,0,0,8,8,0.0000
4,36.0000,1,27,671.5187,-86.2366,-0.1408,6,0.1500,0.5714,7,8,7,0,0,8,7,0.1250
4,36.0000,1,29,702.8754,-85.5299,-0.6274,4,0.1000,1.0000,8,8,8,0,0,8,8,0.0000
4,36.0000,1,34,364.7524,-80.5363,-0.3825,28,0.7000,0.5000,6,6,3,0,0,6,3,0.5000
4,36.0000,1,35,467.8202,-82.3713,-1.1657,26,0.6500,0.5000,6,5,2,0,0,5,2,0.6000
4,36.0000,1,36,254.3108,-76.5199,-1.1518,34,0.8500,0.0000,4,5,1,0,0,5,1,0.8000
4,36.0000,1,40,503.9355,-84.3399,0.6336,10,0.2500,1.0000,8,8,6,0,0,8,6,0.2500
4,36.0000,2,0,934.7806,-88.2813,0.3342,9,0.2250,1.0000,2,4,4,0,0,4,4,0.0000
4,36.0000,2,1,869.4440,-86.9428,-0.3077,9,0.2250,0.5000,2,8,8,0,0,8,8,0.0000
4,36.0000,2,4,843.4430,-87.2198,0.3777,5,0.1250,0.8750,8,8,7,0,0,8,7,0.1250
4,36.0000,2,5,1019.7085,-89.4212,0.2906,3,0.0750,,0,4,4,0,0,4,4,0.0000
4,36.0000,2,8,281.8842,-78.3601,-0.9737,25,0.6250,0.5000,6,6,3,0,0,6,3,0.5000
4,36.0000,2,9,477.5942,-84.5695,0.6202,11,0.2750,0.8750,8,8,8,0,0,8,8,0.0000
4,36.0000,2,10,564.8076,-84.6659,-0.5330,15,0.3750,0.7500,8,7,5,0,0,7,5,0.2857
4,36.0000,2,11,525.9450,-84.2474,1.1752,17,0.4250,0.7143,7,7,6,14,14,21,20,0.0476
4,36.0000,2,12,587.8485,-85.5333,0.0172,16,0.4000,1.0000,8,8,8,0,0,8,8,0.0000
4,36.0000,2,13,656.7194,-85.1406,-0.0540,11,0.2750,1.0000,6,8,8,0,0,8,8,0.0000
4,36.0000,2,16,342.3882,-80.5292,0.1941,17,0.4250,0.0000,4,6,3,0,0,6,3,0.5000
4,36.0000,2,17,313.6630,-79.3539,-0.1837,19,0.4750,0.6667,6,8,5,0,0,8,5,0.3750
4,36.0000,2,18,906.1449,-88.8611,0.6882,5,0.1250,1.0000,4,4,4,0,0,4,4,0.0000
4,36.0000,2,19,454.2215,-82.1734,-0.1146,13,0.3250,1.0000,8,7,6,0,0,7,6,0.1429
4,36.0000,2,20,540.6298,-84.7044,-0.2007,12,0.3000,0.8571,7,7,4,0,0,7,4,0.4286
4,36.0000,2,21,553.8543,-84.7197,0.1883,16,0.4000,0.7143,7,7,6,0,0,7,6,0.1429
4,36.0000,2,22,891.4096,-88.1284,0.4548,7,0.1750,1.0000,8,2,2,0,0,2,2,0.0000
4,36.0000,2,23,833.0051,-86.8253,-1.2304,9,0.2250,0.6667,6,4,4,0,0,4,4,0.0000
4,36.0000,2,25,374.9643,-81.2751,0.0103,16,0.4000,0.8571,7,4,0,0,0,4,0,1.0000
4,36.0000,2,26,365.0506,-82.8574,0.1682,15,0.3750,0.6667,6,6,4,0,0,6,4,0.3333
4,36.0000,2,27,613.4812,-83.3833,-2.2442,15,0.3750,0.7143,7,6,6,0,0,6,6,0.0000
4,36.0000,2,28,784.4178,-87.4910,1.8316,5,0.1250,1.0000,6,5,4,0,0,5,4,0.2000
4,36.0000,2,29,534.6489,-84.1648,-0.3742,12,0.3000,1.0000,8,7,6,0,0,7,6,0.1429
4,36.0000,2,31,523.5836,-82.6938,-0.6211,16,0.4000,0.8750,8,7,6,0,0,7,6,0.1429
4,36.0000,2,32,513.8867,-84.4596,-0.0925,17,0.4250,0.7143,7,8,7,0,0,8,7,0.1250
4,36.0000,2,33,756.8758,-86.8915,1.2792,10,0.2500,1.0000,8,7,6,0,0,7,6,0.1429
4,36.0000,2,34,906.9982,-87.8205,0.3113,7,0.1750,1.0000,6,8,8,0,0,8,8,0.0000
4,36.0000,2,36,944.2173,-88.2881,0.2628,7,0.1750,1.0000,2,8,8,0,0,8,8,0.0000
4,36.0000,2,38,788.2782,-87.2930,0.1429,7,0.1750,0.8571,7,8,8,0,0,8,8,0.0000
4,36.0000,2,39,390.5959,-82.1729,0.1044,20,0.5000,0.8750,8,7,5,0,0,7,5,0.2857
4,36.0000,2,40,600.0929,-83.8660,-0.6026,16,0.4000,0.8571,7,7,5,0,0,7,5,0.2857
4,36.0000,2,43,510.3301,-81.7373,-1.2808,16,0.4000,1.0000,8,8,8,0,0,8,8,0.0000
4,36.0000,2,45,446.7588,-83.5415,0.1624,15,0.3750,0.8750,8,8,7,0,0,8,7,0.1250
4,36.0000,2,47,404.2400,-82.0647,0.8078,15,0.3750,0.7143,7,7,5,0,0,7,5,0.2857
4,36.0000,3,0,978.2359,-87.5697,-1.0950,3,0.0769,1.0000,6,8,8,0,0,8,8,0.0000
4,36.0000,3,4,660.9763,-85.5722,0.7862,9,0.2308,1.0000,8,7,6,0,0,7,6,0.1429
4,36.0000,3,6,476.5962,-84.2382,0.5077,11,0.2821,0.8750,8,6,4,0,0,6,4,0.3333
4,36.0000,3,7,736.0043,-87.1680,0.0339,5,0.1282,0.6667,6,8,8,0,0,8,8,0.0000
4,36.0000,3,14,434.4774,-82.2467,0.6705,22,0.5641,0.5000,6,6,4,0,0,6,4,0.3333
4,36.0000,3,15,246.3472,-78.0358,-0.0989,37,0.9487,0.2000,5,5,1,0,0,5,1,0.8000
4,36.0000,3,18,721.2167,-85.1077,-0.8720,4,0.1026,1.0000,8,8,8,0,0,8,8,0.0000
4,36.0000,3,22,651.3099,-85.6636,-1.0457,6,0.1538,1.0000,8,7,6,0,0,7,6,0.1429
4,36.0000,3,24,728.2282,-86.4830,-0.1468,8,0.2051,0.8750,8,7,6,0,0,7,6,0.1429
4,36.0000,3,28,700.2471,-84.3621,-0.0121,9,0.2308,1.0000,8,9,8,0,0,9,8,0.1111
4,36.0000,3,30,562.6024,-84.8653,0.7935,14,0.3590,1.0000,8,7,6,0,0,7,6,0.1429
4,36.0000,3,37,594.2395,-85.6933,0.5137,12,0.3077,1.0000,8,8,8,0,0,8,8,0.0000
4,36.0000,3,38,770.5248,-87.6959,-0.5713,4,0.1026,1.0000,8,8,8,0,0,8,8,0.0000
4,36.0000,3,41,872.8441,-89.0002,0.2798,4,0.1026,1.0000,6,8,8,0,0,8,8,0.0000
4,36.0000,3,42,320.3965,-80.5335,0.3755,24,0.6154,0.7143,7,5,1,0,0,5,1,0.8000
4,36.0000,3,44,521.7511,-82.9243,0.2377,16,0.4103,0.8571,7,7,5,0,0,7,5,0.2857
4,36.0000,3,46,632.8368,-85.7140,1.1913,12,0.3077,1.0000,8,8,8,0,0,8,8,0.0000
4,36.0000,4,0,785.3736,-87.9181,-0.5423,3,0.0750,1.0000,8,8,8,0,0,8,8,0.0000
4,36.0000,4,2,843.4430,-86.4070,0.6512,4,0.1000,0.8571,7,8,8,0,0,8,8,0.0000
4,36.0000,4,3,660.9763,-84.9386,0.4048,14,0.3500,0.6667,6,8,8,0,0,8,8,0.0000
4,36.0000,4,6,678.3621,-84.8536,0.7756,7,0.1750,0.6667,6,8,8,0,0,8,8,0.0000
4,36.0000,4,7,834.0370,-86.6245,0.5532,4,0.1000,0.8571,7,6,5,0,0,6,5,0.1667
4,36.0000,4,9,516.7495,-82.8451,0.6961,5,0.1250,0.8571,7,8,8,0,0,8,8,0.0000
4,36.0000,4,11,916.8936,-88.2740,-1.2897,3,0.0750,1.0000,8,6,6,0,0,6,6,0.0000
4,36.0000,4,14,844.5879,-87.5630,0.1099,4,0.1000,1.0000,6,7,5,0,0,7,5,0.2857
4,36.0000,4,15,901.9837,-87.3142,0.1280,5,0.1250,1.0000,8,8,8,0,0,8,8,0.0000
4,36.0000,4,17,744.1521,-86.4635,1.5115,4,0.1000,1.0000,8,4,4,0,0,4,4,0.0000
4,36.0000,4,18,513.4349,-84.0164,-0.0299,7,0.1750,1.0000,8,7,4,0,0,7,4,0.4286
4,36.0000,4,20,693.7119,-85.6229,-0.0687,5,0.1250,1.0000,4,8,8,0,0,8,8,0.0000
4,36.0000,4,22,77.1158,-67.0439,1.3098,36,0.9000,0.0000,4,4,0,0,0,4,0,1.0000
4,36.0000,4,23,699.0030,-85.0559,0.6169,5,0.1250,0.8750,8,8,8,0,0,8,8,0.0000
4,36.0000,4,28,247.7023,-76.7220,-0.9604,29,0.7250,0.5000,6,4,0,0,0,4,0,1.0000
4,36.0000,4,30,727.4037,-86.2186,1.0190,7,0.1750,1.0000,8,8,8,0,0,8,8,0.0000
4,36.0000,4,31,926.4758,-87.2329,0.5922,3,0.0750,1.0000,6,4,4,0,0,4,4,0.0000
4,36.0000,4,32,1001.3386,-88.5924,-0.7632,3,0.0750,1.0000,8,8,8,0,0,8,8,0.0000
4,36.0000,4,33,579.1518,-83.0689,-0.5963,4,0.1000,1.0000,8,7,6,0,0,7,6,0.1429
4,36.0000,4,37,747.8571,-86.4373,0.3255,3,0.0750,0.8333,6,8,8,0,0,8,8,0.0000
4,36.0000,4,38,226.4374,-78.0902,0.6503,25,0.6250,0.5000,6,5,2,0,0,5,2,0.6000
4,36.0000,4,39,530.1662,-84.3173,0.5706,10,0.2500,0.8571,7,8,8,0,0,8,8,0.0000
4,36.0000,4,42,659.4098,-85.4394,0.0352,7,0.1750,1.0000,8,8,8,0,0,8,8,0.0000
4,36.0000,4,43,822.2702,-87.6606,-0.0437,4,0.1000,1.0000,6,6,6,0,0,6,6,0.0000
4,36.0000,4,44,552.9828,-85.5654,0.7089,7,0.1750,0.7500,8,7,6,0,0,7,6,0.1429
4,36.0000,4,45,564.3613,-84.3510,-0.5561,11,0.2750,1.0000,8,8,8,0,0,8,8,0.0000
4,36.0000,4,46,848.5645,-88.0914,-0.6480,6,0.1500,1.0000,8,8,8,0,0,8,8,0.0000
4,36.0000,4,47,741.9348,-88.0902,0.5422,3,0.0750,0.8571,7,8,8,0,0,8,8,0.0000
4,36.0000,5,1,457.6099,-82.7342,-0.3944,15,0.3750,0.8571,7,7,6,0,0,7,6,0.1429
4,36.0000,5,13,664.3979,-85.2786,-1.4034,5,0.1250,1.0000,8,8,8,0,0,8,8,0.0000
4,36.0000,5,21,539.0500,-86.2351,-0.0997,4,0.1000,0.8571,7,7,6,0,0,7,6,0.1429
4,36.0000,5,29,785.2720,-88.2702,-0.5606,3,0.0750,1.0000,8,8,8,0,0,8,8,0.0000
4,36.0000,5,34,124.7003,-74.2649,1.3728,34,0.8500,0.2000,5,5,1,0,0,5,1,0.8000
4,36.0000,5,35,911.6271,-85.4339,-0.3591,3,0.0750,1.0000,6,6,6,0,0,6,6,0.0000
4,36.0000,5,36,706.6215,-85.6190,-0.5193,11,0.2750,0.8571,7,8,8,0,0,8,8,0.0000
4,36.0000,5,40,811.6820,-88.2389,0.0073,4,0.1000,1.0000,8,8,8,0,0,8,8,0.0000
4,36.0000,6,0,580.2247,-85.0606,-1.6147,8,0.2000,0.8750,8,7,6,0,0,7,6,0.1429
4,36.0000,6,3,476.5962,-83.5611,0.7700,16,0.4000,0.7143,7,6,4,0,0,6,4,0.3333
4,36.0000,6,4,678.3621,-84.9138,-0.8846,8,0.2000,1.0000,6,8,7,0,0,8,7,0.1250
4,36.0000,6,7,298.7576,-76.0298,-1.6607,34,0.8500,0.5000,6,7,5,0,0,7,5,0.2857
4,36.0000,6,9,801.3488,-87.6471,-1.1122,4,0.1000,0.8000,5,8,8,0,0,8,8,0.0000
4,36.0000,6,14,246.6280,-79.5805,0.5943,34,0.8500,0.5714,7,4,0,0,0,4,0,1.0000
4,36.0000,6,15,556.9845,-84.6411,0.3351,17,0.4250,0.8571,7,7,6,0,0,7,6,0.1429
4,36.0000,6,18,374.4208,-78.4048,-1.3114,23,0.5750,0.4000,5,7,5,0,0,7,5,0.2857
4,36.0000,6,22,721.2562,-85.3851,-0.1863,3,0.0750,1.0000,8,7,6,0,0,7,6,0.1429
4,36.0000,6,23,694.3432,-86.6030,-1.6739,3,0.0750,1.0000,8,8,8,0,0,8,8,0.0000
4,36.0000,6,24,417.6955,-82.2970,0.2302,34,0.8500,0.5714,7,7,4,0,0,7,4,0.4286
4,36.0000,6,28,550.9395,-82.5305,0.6531,13,0.3250,1.0000,8,8,8,0,0,8,8,0.0000
4,36.0000,6,30,264.6830,-77.5906,0.0516,34,0.8500,0.5000,6,5,1,0,0,5,1,0.8000
4,36.0000,6,33,609.5652,-85.4384,0.0516,9,0.2250,1.0000,8,6,4,0,0,6,4,0.3333
4,36.0000,6,37,171.3918,-74.1288,0.1684,36,0.9000,0.0000,4,5,2,0,0,5,2,0.6000
4,36.0000,6,38,739.2179,-86.3591,1.7329,3,0.0750,1.0000,8,6,6,0,0,6,6,0.0000
4,36.0000,6,39,940.6783,-89.0705,-0.3109,4,0.1000,1.0000,8,8,7,0,0,8,7,0.1250
4,36.0000,6,41,494.7138,-82.7585,-0.4744,18,0.4500,0.7143,7,8,8,0,0,8,8,0.0000
4,36.0000,6,42,356.1930,-81.8734,0.1275,26,0.6500,0.8750,8,6,2,0,0,6,2,0.6667
4,36.0000,6,44,161.5368,-71.3754,-0.1803,38,0.9500,0.2000,5,4,0,0,0,4,0,1.0000
4,36.0000,6,46,256.1313,-74.8125,-1.5522,38,0.9500,0.0000,4,6,4,0,0,6,4,0.3333
4,36.0000,7,0,385.5936,-80.6754,-0.0810,21,0.5250,0.8571,7,6,4,0,0,6,4,0.3333
4,36.0000,7,3,736.0043,-86.3853,-0.2329,12,0.3000,0.8889,9,9,9,0,0,9,9,0.0000
4,36.0000,7,4,834.0370,-86.4807,-0.3478,6,0.1500,1.0000,8,6,6,0,0,6,6,0.0000
4,36.0000,7,6,298.7576,-76.5433,-1.5339,37,0.9250,0.2000,5,5,2,0,0,5,2,0.6000
4,36.0000,7,14,392.6706,-82.4898,-0.0706,28,0.7000,0.4000,5,5,2,0,0,5,2,0.6000
4,36.0000,7,15,796.0509,-86.7859,-0.8755,10,0.2500,1.0000,8,7,6,0,0,7,6,0.1429
4,36.0000,7,18,422.0639,-79.0374,-1.6428,23,0.5750,0.5000,6,6,4,0,0,6,4,0.3333
4,36.0000,7,22,890.2262,-85.5668,0.1224,5,0.1250,1.0000,6,4,4,0,0,4,4,0.0000
4,36.0000,7,23,551.8893,-84.5991,-0.5499,6,0.1500,1.0000,8,8,8,0,0,8,8,0.0000
4,36.0000,7,24,276.8766,-80.5929,0.5714,34,0.8500,0.5000,6,5,2,0,0,5,2,0.6000
4,36.0000,7,28,678.4690,-85.3940,-1.0949,7,0.1750,0.8571,7,8,8,0,0,8,8,0.0000
4,36.0000,7,30,232.6537,-78.2859,0.9787,33,0.8250,0.0000,4,4,0,0,0,4,0,1.0000
4,36.0000,7,33,521.7576,-83.4640,-0.2308,9,0.2250,1.0000,8,8,8,0,0,8,8,0.0000
4,36.0000,7,37,142.1660,-66.3042,-3.0582,35,0.8750,0.3333,6,5,1,0,0,5,1,0.8000
4,36.0000,7,41,226.1457,-78.2112,0.4949,31,0.7750,0.2000,5,5,1,0,0,5,1,0.8000
4,36.0000,7,42,504.1533,-83.3028,-0.3479,21,0.5250,0.8750,8,7,6,0,0,7,6,0.1429
4,36.0000,7,44,305.7818,-78.7955,-0.9589,30,0.7500,0.5000,6,7,5,0,0,7,5,0.2857
4,36.0000,7,46,154.2911,-71.2229,-0.8798,37,0.9250,0.0000,4,4,0,0,0,4,0,1.0000
4,36.0000,8,1,622.0446,-86.1030,0.1665,15,0.3750,0.8750,8,7,6,0,0,7,6,0.1429
4,36.0000,8,2,281.8842,-77.8474,-0.6933,30,0.7500,0.5000,6,5,1,0,0,5,1,0.8000
4,36.0000,8,5,805.9270,-87.8861,-0.2870,11,0.2750,1.0000,2,7,5,0,0,7,5,0.2857
4,36.0000,8,9,755.3596,-86.5855,0.6065,10,0.2500,1.0000,8,6,6,0,0,6,6,0.0000
4,36.0000,8,10,619.2835,-83.9349,-0.9234,18,0.4500,1.0000,8,8,7,0,0,8,7,0.1250
4,36.0000,8,11,691.2248,-87.0537,-0.4555,11,0.2750,1.0000,8,7,6,0,0,7,6,0.1429
4,36.0000,8,12,388.7112,-81.1941,-0.2037,25,0.6250,0.6667,6,7,5,0,0,7,5,0.2857
4,36.0000,8,13,478.0093,-83.5311,-0.6302,20,0.5000,0.8571,7,8,8,0,0,8,8,0.0000
4,36.0000,8,16,326.5400,-80.6574,0.1595,24,0.6000,0.6667,6,6,4,0,0,6,4,0.3333
4,36.0000,8,17,564.1640,-84.4747,-0.1620,13,0.3250,0.8750,8,8,8,0,0,8,8,0.0000
4,36.0000,8,19,576.2699,-84.6159,-0.5179,10,0.2500,0.7143,7,7,5,0,0,7,5,0.2857
4,36.0000,8,20,653.7110,-86.0448,0.1678,14,0.3500,1.0000,6,7,6,0,0,7,6,0.1429
4,36.0000,8,21,426.9883,-82.6481,0.3421,23,0.5750,0.5714,7,6,3,0,0,6,3,0.5000
4,36.0000,8,25,367.4883,-81.0162,-0.1459,23,0.5750,0.8571,7,7,6,0,0,7,6,0.1429
4,36.0000,8,26,430.9822,-82.5809,0.3929,19,0.4750,0.8750,8,6,4,0,0,6,4,0.3333
4,36.0000,8,27,449.9356,-81.2760,-0.6219,28,0.7000,0.7500,8,7,6,0,0,7,6,0.1429
4,36.0000,8,28,1050.4994,-88.6528,0.2680,4,0.1000,,0,2,2,0,0,2,2,0.0000
4,36.0000,8,29,543.6059,-84.7719,0.5137,18,0.4500,0.8750,8,7,5,0,0,7,5,0.2857
4,36.0000,8,31,708.5549,-86.3297,0.6678,10,0.2500,0.8750,8,8,8,0,0,8,8,0.0000
4,36.0000,8,32,674.0275,-85.8390,0.4861,9,0.2250,0.8750,8,8,8,0,0,8,8,0.0000
4,36.0000,8,34,691.2890,-86.2998,-0.3089,17,0.4250,0.8571,7,7,5,0,0,7,5,0.2857
4,36.0000,8,35,829.8194,-87.2441,-0.4898,13,0.3250,1.0000,8,8,8,0,0,8,8,0.0000
4,36.0000,8,36,707.9570,-85.7962,-0.2879,19,0.4750,1.0000,6,7,5,0,0,7,5,0.2857
4,36.0000,8,38,1027.5099,-88.0822,0.1773,4,0.1000,1.0000,6,4,4,0,0,4,4,0.0000
4,36.0000,8,39,633.4624,-85.6713,-0.0004,8,0.2000,1.0000,8,7,4,0,0,7,4,0.4286
4,36.0000,8,40,343.9757,-78.6581,-0.9620,30,0.7500,0.7143,7,7,5,0,0,7,5,0.2857
4,36.0000,8,43,739.3961,-86.0575,-0.7990,11,0.2750,0.8571,7,8,8,0,0,8,8,0.0000
4,36.0000,8,45,623.7847,-86.1044,-0.0555,10,0.2500,1.0000,8,8,8,0,0,8,8,0.0000
4,36.0000,8,47,521.0315,-83.9612,-0.3281,15,0.3750,0.8571,7,8,8,0,0,8,8,0.0000
4,36.0000,9,0,506.1249,-83.1354,-1.1331,14,0.3500,0.5000,6,7,6,0,0,7,6,0.1429
4,36.0000,9,2,477.5942,-83.9088,-0.4193,9,0.2250,0.7500,8,6,4,0,0,6,4,0.3333
4,36.0000,9,4,516.7495,-84.0981,0.2557,17,0.4250,0.8571,7,8,8,0,0,8,8,0.0000
4,36.0000,9,7,783.4359,-86.1775,-0.8163,8,0.2000,1.0000,6,2,2,0,0,2,2,0.0000
4,36.0000,9,8,755.3596,-86.9926,-0.0710,5,0.1250,1.0000,8,8,8,0,0,8,8,0.0000
4,36.0000,9,10,679.8665,-85.1913,-0.3718,5,0.1250,0.8571,7,6,6,0,0,6,6,0.0000
4,36.0000,9,11,453.1412,-82.6575,-0.5082,11,0.2750,0.7500,8,8,8,0,0,8,8,0.0000
4,36.0000,9,12,979.4888,-88.2295,-0.9239,3,0.0750,1.0000,4,4,4,0,0,4,4,0.0000
4,36.0000,9,13,1027.5769,-87.7644,0.0677,6,0.1500,,0,6,6,0,0,6,6,0.0000
4,36.0000,9,14,1014.1581,-88.8010,-0.6618,3,0.0750,,0,8,8,0,0,8,8,0.0000
4,36.0000,9,16,662.5546,-87.7720,-0.3773,5,0.1250,1.0000,8,7,6,0,0,7,6,0.1429
4,36.0000,9,17,247.1393,-77.5716,-0.2069,28,0.7000,0.8571,7,6,2,0,0,6,2,0.6667
4,36.0000,9,18,452.5504,-83.1110,-0.0920,12,0.3000,1.0000,8,6,4,0,0,6,4,0.3333
4,36.0000,9,19,519.8979,-83.4733,0.7324,10,0.2500,1.0000,8,8,8,0,0,8,8,0.0000
4,36.0000,9,20,668.5253,-85.0587,-0.5340,8,0.2000,,0,4,4,0,0,4,4,0.0000
4,36.0000,9,22,586.9097,-83.9789,-0.7334,13,0.3250,0.6667,6,6,4,0,0,6,4,0.3333
4,36.0000,9,23,422.5093,-80.0140,-1.1077,26,0.6500,0.3333,6,8,8,0,0,8,8,0.0000
4,36.0000,9,25,686.2142,-86.6070,-0.3868,7,0.1750,1.0000,8,8,8,0,0,8,8,0.0000
4,36.0000,9,26,609.7028,-85.6574,0.5043,9,0.2250,1.0000,8,8,8,0,0,8,8,0.0000
4,36.0000,9,28,390.4852,-82.0087,-0.3090,15,0.3750,0.7143,7,7,6,0,0,7,6,0.1429
4,36.0000,9,29,767.8170,-87.6171,0.1864,6,0.1500,1.0000,6,8,8,0,0,8,8,0.0000
4,36.0000,9,30,795.6928,-86.6708,-0.6424,6,0.1500,1.0000,8,8,8,0,0,8,8,0.0000
4,36.0000,9,31,417.0517,-81.3710,0.0091,16,0.4000,0.8750,8,6,4,0,0,6,4,0.3333
4,36.0000,9,32,484.6004,-83.9625,-0.4233,16,0.4000,0.7143,7,8,7,0,0,8,7,0.1250
4,36.0000,9,33,298.9592,-78.9441,0.1100,23,0.5750,0.5000,6,6,3,0,0,6,3,0.5000
4,36.0000,9,37,785.5678,-85.5855,-0.5071,9,0.2250,0.8000,5,8,8,0,0,8,8,0.0000
4,36.0000,9,38,522.9451,-84.0730,-0.4386,12,0.3000,0.8750,8,7,5,0,0,7,5,0.2857
4,36.0000,9,39,290.6009,-78.7552,-0.1556,20,0.5000,0.5000,6,7,5,0,0,7,5,0.2857
4,36.0000,9,41,770.5662,-86.4375,0.1418,8,0.2000,0.6667,6,8,8,0,0,8,8,0.0000
4,36.0000,9,42,905.6643,-88.2141,-0.6433,3,0.0750,0.8750,8,8,7,0,0,8,7,0.1250
4,36.0000,9,43,327.2108,-79.2212,-0.0357,25,0.6250,0.8571,7,6,3,0,0,6,3,0.5000
4,36.0000,9,44,645.2406,-86.4109,-0.2090,7,0.1750,0.8571,7,7,6,0,0,7,6,0.1429
4,36.0000,9,45,531.0503,-84.6263,-0.0752,8,0.2000,0.7143,7,6,3,0,0,6,3,0.5000
4,36.0000,9,46,882.3693,-87.4845,-0.2210,5,0.1250,0.8750,8,4,4,0,0,4,4,0.0000
4,36.0000,9,47,580.0675,-85.5943,0.7599,8,0.2000,0.7500,8,7,6,0,0,7,6,0.1429
4,36.0000,10,0,860.6015,-88.1438,0.8341,4,0.1000,1.0000,6,8,8,0,0,8,8,0.0000
4,36.0000,10,1,947.0563,-88.1427,0.8071,7,0.1750,1.0000,6,4,4,0,0,4,4,0.0000
4,36.0000,10,2,564.8076,-84.4495,-0.2644,11,0.2750,0.8571,7,8,8,0,0,8,8,0.0000
4,36.0000,10,8,619.2835,-84.4051,-1.9477,10,0.2500,1.0000,8,8,7,0,0,8,7,0.1250
4,36.0000,10,9,679.8665,-87.1872,0.1984,4,0.1000,1.0000,8,8,8,0,0,8,8,0.0000
4,36.0000,10,11,292.0128,-80.7378,0.7369,22,0.5500,0.7143,7,5,1,0,0,5,1,0.8000
4,36.0000,10,12,535.6099,-84.5576,0.2120,18,0.4500,0.8750,8,8,7,0,0,8,7,0.1250
4,36.0000,10,13,663.5249,-85.8328,1.1061,14,0.3500,1.0000,10,8,8,0,0,8,8,0.0000
4,36.0000,10,16,429.5443,-82.1574,-0.3569,16,0.4000,0.7143,7,8,8,0,0,8,8,0.0000
4,36.0000,10,17,471.1850,-83.7625,-0.3266,11,0.2750,0.8571,7,8,6,0,0,8,6,0.2500
4,36.0000,10,19,160.4762,-72.8121,0.0747,33,0.8250,0.3333,6,5,1,0,0,5,1,0.8000
4,36.0000,10,20,947.3660,-87.7749,-1.2681,5,0.1250,1.0000,8,2,2,0,0,2,2,0.0000
4,36.0000,10,21,994.6003,-87.7453,-0.2196,4,0.1000,0.6667,3,6,6,0,0,6,6,0.0000
4,36.0000,10,23,890.4009,-88.1019,0.8983,5,0.1250,1.0000,8,8,8,0,0,8,8,0.0000
4,36.0000,10,25,591.8204,-83.7039,-1.5350,12,0.3000,1.0000,8,8,8,0,0,8,8,0.0000
4,36.0000,10,26,618.3763,-87.0268,-0.3462,10,0.2500,0.8000,5,8,8,0,0,8,8,0.0000
4,36.0000,10,27,500.4003,-82.2581,-0.2582,23,0.5750,0.2000,5,8,8,0,0,8,8,0.0000
4,36.0000,10,29,746.8559,-86.2308,0.3867,11,0.2750,1.0000,8,8,8,0,0,8,8,0.0000
4,36.0000,10,31,319.8350,-81.1687,0.8091,19,0.4750,0.8750,8,5,1,0,0,5,1,0.8000
4,36.0000,10,32,312.3385,-81.2485,1.9130,19,0.4750,0.6667,6,7,4,0,0,7,4,0.4286
4,36.0000,10,33,831.1555,-86.5733,-0.7283,3,0.0750,1.0000,6,8,8,0,0,8,8,0.0000
4,36.0000,10,35,896.4672,-86.6899,-0.0291,10,0.2500,0.8571,7,4,4,0,0,4,4,0.0000
4,36.0000,10,36,870.9583,-88.5894,0.2928,6,0.1500,1.0000,2,4,4,0,0,4,4,0.0000
4,36.0000,10,39,697.2574,-87.0659,0.5563,5,0.1250,1.0000,8,8,8,0,0,8,8,0.0000
4,36.0000,10,40,696.8364,-85.9736,0.3105,14,0.3500,0.8571,7,8,8,0,0,8,8,0.0000
4,36.0000,10,43,537.2869,-84.4922,0.1708,10,0.2500,1.0000,8,7,6,0,0,7,6,0.1429
4,36.0000,10,45,920.0543,-87.6931,0.0421,3,0.0750,1.0000,4,7,5,0,0,7,5,0.2857
4,36.0000,10,47,764.6816,-87.2882,-0.7858,8,0.2000,1.0000,8,6,5,0,0,6,5,0.1667
4,36.0000,11,0,641.3498,-85.5658,0.2131,12,0.3000,0.8750,8,8,8,0,0,8,8,0.0000
4,36.0000,11,2,525.9450,-83.0602,0.1504,15,0.3750,0.8571,7,7,6,0,0,7,6,0.1429
4,36.0000,11,4,916.8936,-88.2142,-0.0037,6,0.1500,1.0000,8,5,4,0,0,5,4,0.2000
4,36.0000,11,7,957.0646,-88.4767,-0.3920,7,0.1750,1.0000,4,6,6,0,0,6,6,0.0000
4,36.0000,11,8,691.2248,-86.2880,-0.9618,9,0.2250,0.8571,7,8,8,0,0,8,8,0.0000
4,36.0000,11,9,453.1412,-82.3723,0.3350,16,0.4000,1.0000,8,6,4,0,0,6,4,0.3333
4,36.0000,11,10,292.0128,-80.7269,0.8464,26,0.6500,0.6667,6,4,0,0,0,4,0,1.0000
4,36.0000,11,12,717.9441,-86.9168,-0.0515,5,0.1250,1.0000,8,8,8,0,0,8,8,0.0000
4,36.0000,11,13,777.5499,-86.4596,-0.6984,9,0.2250,1.0000,4,9,8,0,0,9,8,0.1111
4,36.0000,11,16,457.5748,-83.5037,-0.4203,13,0.3250,0.8750,8,6,4,0,0,6,4,0.3333
4,36.0000,11,17,329.0442,-80.4883,0.5722,19,0.4750,0.6667,6,4,0,0,0,4,0,1.0000
4,36.0000,11,18,670.5513,-86.9266,-0.7256,9,0.2250,1.0000,8,7,6,0,0,7,6,0.1429
4,36.0000,11,19,177.9264,-76.0769,1.2135,31,0.7750,0.3333,6,4,0,0,0,4,0,1.0000
4,36.0000,11,20,798.2835,-86.4524,0.4018,5,0.1250,1.0000,8,6,6,0,0,6,6,0.0000
4,36.0000,11,21,995.2041,-88.4643,-0.6643,6,0.1500,,0,6,6,0,0,6,6,0.0000
4,36.0000,11,23,697.5720,-86.0205,0.0020,10,0.2500,1.0000,8,8,8,0,0,8,8,0.0000
4,36.0000,11,25,561.2690,-82.6224,-1.0295,13,0.3250,0.8571,7,8,8,0,0,8,8,0.0000
4,36.0000,11,26,533.4899,-84.1403,0.2009,13,0.3250,0.8571,7,6,4,0,0,6,4,0.3333
4,36.0000,11,27,741.2589,-85.8271,-0.1024,10,0.2500,1.0000,8,6,6,0,0,6,6,0.0000
4,36.0000,11,28,724.3688,-86.7012,0.4522,7,0.1750,1.0000,8,8,8,0,0,8,8,0.0000
4,36.0000,11,29,671.4496,-86.2979,0.4730,12,0.3000,1.0000,8,8,8,0,0,8,8,0.0000
4,36.0000,11,31,201.4752,-75.2617,0.2007,34,0.8500,0.2000,5,5,1,0,0,5,1,0.8000
4,36.0000,11,32,308.2293,-78.9485,0.2456,23,0.5750,0.4000,5,7,2,0,0,7,2,0.7143
4,36.0000,11,33,598.8900,-85.1607,-0.6350,16,0.4000,1.0000,8,5,1,0,0,5,1,0.8000
4,36.0000,11,36,1062.1615,-87.8723,0.4533,4,0.1000,1.0000,4,4,4,0,0,4,4,0.0000
4,36.0000,11,37,1005.6871,-88.0541,-0.6894,4,0.1000,1.0000,4,6,6,0,0,6,6,0.0000
4,36.0000,11,38,837.3795,-86.8866,0.3229,6,0.1500,1.0000,4,9,8,0,0,9,8,0.1111
4,36.0000,11,39,484.7153,-82.2826,0.0687,13,0.3250,0.8571,7,8,7,0,0,8,7,0.1250
4,36.0000,11,40,882.8840,-87.0364,-0.8109,4,0.1000,1.0000,6,4,4,0,0,4,4,0.0000
4,36.0000,11,41,956.0205,-87.0765,-0.2543,8,0.2000,1.0000,4,6,6,0,0,6,6,0.0000
4,36.0000,11,43,425.8747,-81.7796,0.2763,22,0.5500,0.8571,7,6,4,0,0,6,4,0.3333
4,36.0000,11,44,908.8305,-89.0167,-0.3933,4,0.1000,1.0000,4,8,8,0,0,8,8,0.0000
4,36.0000,11,45,761.1070,-86.4323,-0.6422,9,0.2250,1.0000,8,8,8,0,0,8,8,0.0000
4,36.0000,11,47,632.7271,-84.3863,-0.3618,11,0.2750,1.0000,8,8,8,0,0,8,8,0.0000
4,36.0000,12,1,424.9186,-82.5266,0.0066,28,0.6829,0.5714,7,3,0,0,0,3,0,1.0000
4,36.0000,12,2,587.8485,-85.4691,-0.1421,9,0.2195,1.0000,8,8,8,0,0,8,8,0.0000
4,36.0000,12,5,807.1598,-87.0396,0.0262,6,0.1463,0.8750,8,6,6,0,0,6,6,0.0000
4,36.0000,12,8,388.7112,-80.8295,0.2104,17,0.4146,0.4000,5,7,6,0,0,7,6,0.1429
4,36.0000,12,10,535.6099,-84.1176,0.0008,11,0.2683,0.5000,6,8,8,0,0,8,8,0.0000
4,36.0000,12,11,717.9441,-87.1523,1.2967,7,0.1707,1.0000,8,8,8,0,0,8,8,0.0000
4,36.0000,12,13,240.5775,-78.7691,1.3910,33,0.8049,0.2000,5,4,0,0,0,4,0,1.0000
4,36.0000,12,16,355.0865,-81.4418,-0.4105,20,0.4878,0.6667,6,6,4,0,0,6,4,0.3333
4,36.0000,12,17,762.2191,-88.0729,0.7485,4,0.0976,1.0000,8,6,6,0,0,6,6,0.0000
4,36.0000,12,19,592.2362,-85.2317,0.7269,8,0.1951,0.8571,7,8,8,0,0,8,8,0.0000
4,36.0000,12,21,676.6395,-87.0987,0.7923,8,0.1951,1.0000,8,7,6,0,0,7,6,0.1429
4,36.0000,12,25,458.6730,-84.3234,0.6060,11,0.2683,1.0000,8,6,4,0,0,6,4,0.3333
4,36.0000,12,26,562.3391,-85.0404,-0.8460,9,0.2195,0.8571,7,8,8,0,0,8,8,0.0000
4,36.0000,12,27,306.2173,-79.3972,0.3903,27,0.6585,0.5714,7,6,4,0,0,6,4,0.3333
4,36.0000,12,29,611.5972,-84.4609,-0.9187,11,0.2683,1.0000,8,8,7,0,0,8,7,0.1250
4,36.0000,12,31,782.0387,-86.9070,0.5729,3,0.0732,1.0000,8,8,8,0,0,8,8,0.0000
4,36.0000,12,32,752.4146,-87.1263,1.7998,5,0.1220,1.0000,8,8,8,0,0,8,8,0.0000
4,36.0000,12,34,687.4455,-86.0172,-0.0986,13,0.3171,0.7143,7,8,8,0,0,8,8,0.0000
4,36.0000,12,35,477.3556,-82.8130,-0.5418,29,0.7073,0.2000,5,8,8,0,0,8,8,0.0000
4,36.0000,12,36,380.6507,-81.9875,-0.4566,33,0.8049,0.5000,6,5,1,0,0,5,1,0.8000
4,36.0000,12,40,297.0347,-78.5546,0.3373,28,0.6829,0.7143,7,6,3,0,0,6,3,0.5000
4,36.0000,12,43,916.8102,-88.5860,1.7775,4,0.0976,1.0000,2,8,8,0,0,8,8,0.0000
4,36.0000,12,47,725.8853,-86.4162,2.2390,6,0.1463,1.0000,6,8,8,0,0,8,8,0.0000
4,36.0000,13,1,322.8102,-80.9127,-0.0493,29,0.7250,0.6667,6,5,1,0,0,5,1,0.8000
4,36.0000,13,2,656.7194,-84.7570,-0.6630,7,0.1750,1.0000,8,8,8,0,0,8,8,0.0000
4,36.0000,13,5,664.3979,-85.5249,-0.3054,16,0.4000,0.5000,6,8,5,0,0,8,5,0.3750
4,36.0000,13,8,478.0093,-82.8868,-0.1030,12,0.3000,0.5000,6,8,7,0,0,8,7,0.1250
4,36.0000,13,10,663.5249,-84.6907,-0.3383,6,0.1500,1.0000,8,7,6,0,0,7,6,0.1429
4,36.0000,13,12,240.5775,-78.5505,1.3735,28,0.7000,0.5000,6,5,1,0,0,5,1,0.8000
4,36.0000,13,16,366.6272,-79.5523,-0.3018,21,0.5250,0.8750,8,8,7,0,0,8,7,0.1250
4,36.0000,13,19,698.5985,-85.7347,-4.0747,5,0.1250,0.7143,7,8,8,0,0,8,8,0.0000
4,36.0000,13,20,790.8374,-86.3005,-1.1058,3,0.0750,1.0000,6,8,8,0,0,8,8,0.0000
4,36.0000,13,21,614.0174,-83.9960,0.4224,7,0.1750,0.8750,8,6,4,0,0,6,4,0.3333
4,36.0000,13,25,385.4565,-81.9275,-1.0306,12,0.3000,0.6667,6,8,8,0,0,8,8,0.0000
4,36.0000,13,26,491.8408,-82.6834,-0.4212,10,0.2500,0.8750,8,8,7,0,0,8,7,0.1250
4,36.0000,13,27,546.3858,-84.3976,0.2939,13,0.3250,0.8571,7,6,4,0,0,6,4,0.3333
4,36.0000,13,29,468.3601,-81.4517,-1.0215,18,0.4500,1.0000,8,8,8,0,0,8,8,0.0000
4,36.0000,13,34,545.2972,-83.5872,-1.1921,24,0.6000,0.6667,6,6,4,0,0,6,4,0.3333
4,36.0000,13,35,540.7928,-84.0993,-0.0273,24,0.6000,0.6667,6,7,4,0,0,7,4,0.4286
4,36.0000,13,36,360.5910,-81.2807,0.1468,30,0.7500,0.6667,6,5,1,0,0,5,1,0.8000
4,36.0000,13,40,480.1758,-83.0247,-0.2154,17,0.4250,0.6667,6,5,2,0,0,5,2,0.6000
4,36.0000,13,47,649.3291,-82.1998,-0.9138,8,0.2000,1.0000,6,8,8,0,0,8,8,0.0000
4,36.0000,14,3,434.4774,-82.6491,0.7448,26,0.6500,0.7143,7,5,2,0,0,5,2,0.6000
4,36.0000,14,6,246.6280,-79.1626,1.4475,28,0.7000,0.8750,8,5,1,0,0,5,1,0.8000
4,36.0000,14,7,392.6706,-81.4783,0.0358,20,0.5000,0.5714,7,5,2,0,0,5,2,0.6000
4,36.0000,14,15,417.1954,-81.3037,-0.6399,33,0.8250,0.2000,5,6,4,0,0,6,4,0.3333
4,36.0000,14,18,612.0525,-84.7946,0.4823,6,0.1500,1.0000,8,6,4,0,0,6,4,0.3333
4,36.0000,14,24,321.3764,-79.6118,-0.0058,32,0.8000,0.3333,6,4,0,0,0,4,0,1.0000
4,36.0000,14,28,765.9529,-85.3817,1.8570,3,0.0750,0.8750,8,8,8,0,0,8,8,0.0000
4,36.0000,14,30,288.9645,-78.8715,-0.1285,27,0.6750,0.3333,6,6,2,0,0,6,2,0.6667
4,36.0000,14,33,793.0824,-86.9808,0.5033,4,0.1000,1.0000,8,8,8,0,0,8,8,0.0000
4,36.0000,14,37,277.9045,-80.7879,0.4008,30,0.7500,0.4000,5,6,2,0,0,6,2,0.6667
4,36.0000,14,41,554.2024,-85.7980,0.3842,10,0.2500,0.7143,7,7,6,0,0,7,6,0.1429
4,36.0000,14,42,294.8842,-78.1440,-0.4420,34,0.8500,0.6250,8,4,0,0,0,4,0,1.0000
4,36.0000,14,44,375.6250,-80.1446,-0.7266,22,0.5500,0.5714,7,6,4,0,0,6,4,0.3333
4,36.0000,14,46,254.5377,-79.7699,0.5719,31,0.7750,0.5000,6,4,0,0,0,4,0,1.0000
4,36.0000,15,3,246.3472,-77.4768,-0.2699,32,0.8205,0.5000,6,5,1,0,0,5,1,0.8000
4,36.0000,15,4,901.9837,-87.5396,-1.1142,3,0.0769,1.0000,8,8,8,0,0,8,8,0.0000
4,36.0000,15,6,556.9845,-84.4458,0.0644,11,0.2821,0.8571,7,8,8,0,0,8,8,0.0000
4,36.0000,15,7,796.0509,-88.0847,0.1944,4,0.1026,0.8750,8,8,8,0,0,8,8,0.0000
4,36.0000,15,14,417.1954,-80.1560,-0.6889,27,0.6923,0.5000,6,8,5,0,0,8,5,0.3750
4,36.0000,15,18,879.8853,-86.7946,-1.9214,4,0.1026,1.0000,8,8,8,0,0,8,8,0.0000
4,36.0000,15,22,895.9584,-88.4565,-0.7425,4,0.1026,1.0000,6,8,7,0,0,8,7,0.1250
4,36.0000,15,24,717.3447,-86.1845,-0.1753,15,0.3846,1.0000,8,8,8,0,0,8,8,0.0000
4,36.0000,15,28,913.6098,-87.7622,-0.9478,4,0.1026,1.0000,8,8,8,0,0,8,8,0.0000
4,36.0000,15,30,643.7689,-84.8004,-0.2943,17,0.4359,0.8571,7,8,8,0,0,8,8,0.0000
4,36.0000,15,37,662.8441,-87.4082,-1.2463,5,0.1282,0.8750,8,7,6,0,0,7,6,0.1429
4,36.0000,15,38,997.7648,-87.1542,-0.4006,3,0.0769,1.0000,6,7,6,0,0,7,6,0.1429
4,36.0000,15,41,947.0555,-87.9073,0.7597,5,0.1282,1.0000,6,8,8,0,0,8,8,0.0000
4,36.0000,15,42,432.5522,-82.8794,-0.4155,23,0.5897,0.0000,3,7,3,0,0,7,3,0.5714
4,36.0000,15,44,657.7575,-84.0130,-2.3827,9,0.2308,1.0000,8,7,6,0,0,7,6,0.1429
4,36.0000,15,46,665.7820,-85.3025,-0.5830,12,0.3077,0.7143,7,8,8,0,0,8,8,0.0000
4,36.0000,16,1,653.3596,-85.3785,-0.7312,14,0.3415,1.0000,6,8,5,0,0,8,5,0.3750
4,36.0000,16,2,342.3882,-80.5449,1.0150,20,0.4878,0.8750,8,7,6,0,0,7,6,0.1429
4,36.0000,16,5,897.5104,-87.3865,-0.7856,8,0.1951,0.8333,6,8,8,0,0,8,8,0.0000
4,36.0000,16,8,326.5400,-79.0779,0.2182,30,0.7317,0.5000,6,5,2,0,0,5,2,0.6000
4,36.0000,16,9,662.5546,-85.9194,0.8780,7,0.1707,1.0000,8,8,8,0,0,8,8,0.0000
4,36.0000,16,10,429.5443,-81.7475,-0.2170,18,0.4390,0.5714,7,7,5,0,0,7,5,0.2857
4,36.0000,16,11,457.5748,-83.7786,1.0281,13,0.3171,1.0000,8,7,5,0,0,7,5,0.2857
4,36.0000,16,12,355.0865,-80.0959,0.0969,28,0.6829,0.5714,7,8,5,0,0,8,5,0.3750
4,36.0000,16,13,366.6272,-79.9457,-0.6250,26,0.6341,0.0000,4,7,5,1,0,8,5,0.3750
4,36.0000,16,17,485.0283,-84.4142,-0.0889,9,0.2195,0.6667,6,6,4,0,0,6,4,0.3333
4,36.0000,16,18,998.4977,-88.1114,-0.2812,3,0.0732,,0,5,4,0,0,5,4,0.2000
4,36.0000,16,19,390.6784,-82.3782,0.8263,15,0.3659,0.7143,7,7,5,0,0,7,5,0.2857
4,36.0000,16,20,590.4399,-84.9894,-0.3816,12,0.2927,0.7143,7,8,7,0,0,8,7,0.1250
4,36.0000,16,21,591.2987,-84.7155,-0.3700,15,0.3659,0.8750,8,7,5,0,0,7,5,0.2857
4,36.0000,16,25,173.1351,-76.2806,0.7677,31,0.7561,0.0000,4,7,4,0,0,7,4,0.4286
4,36.0000,16,26,240.0766,-78.8795,1.2439,22,0.5366,0.5714,7,5,1,0,0,5,1,0.8000
4,36.0000,16,27,518.4159,-82.4998,-1.0250,23,0.5610,0.2000,5,7,6,0,0,7,6,0.1429
4,36.0000,16,29,356.8366,-80.9164,-0.5355,21,0.5122,0.7143,7,6,4,0,0,6,4,0.3333
4,36.0000,16,31,558.1992,-84.4786,0.2419,12,0.2927,0.8571,7,8,8,0,0,8,8,0.0000
4,36.0000,16,32,575.3294,-85.3306,0.0388,10,0.2439,1.0000,8,8,8,0,0,8,8,0.0000
4,36.0000,16,33,926.9693,-88.7159,0.0269,3,0.0732,1.0000,6,8,8,0,0,8,8,0.0000
4,36.0000,16,34,774.3296,-85.2661,-0.8826,10,0.2439,1.0000,8,8,8,0,0,8,8,0.0000
4,36.0000,16,35,819.0426,-86.0685,-0.8072,10,0.2439,1.0000,6,6,6,0,0,6,6,0.0000
4,36.0000,16,36,690.6602,-85.8239,-0.4920,16,0.3902,0.7143,7,8,8,0,0,8,8,0.0000
4,36.0000,16,39,508.8350,-84.9489,0.3098,8,0.1951,1.0000,8,8,7,0,0,8,7,0.1250
4,36.0000,16,40,532.9512,-82.5660,-0.4458,23,0.5610,1.0000,8,5,2,0,0,5,2,0.6000
4,36.0000,16,43,686.8097,-86.7166,-0.2322,8,0.1951,1.0000,6,8,8,0,0,8,8,0.0000
4,36.0000,16,45,615.2276,-86.0010,-1.3024,5,0.1220,1.0000,6,8,7,0,0,8,7,0.1250
4,36.0000,16,47,410.5021,-82.0363,-0.5103,15,0.3659,0.8571,7,7,5,0,0,7,5,0.2857
4,36.0000,17,0,626.8825,-85.2303,-0.4485,9,0.2250,0.8571,7,8,8,0,0,8,8,0.0000
4,36.0000,17,2,313.6630,-78.6106,0.2833,18,0.4500,0.6667,6,6,3,0,0,6,3,0.5000
4,36.0000,17,4,744.1521,-85.3628,-0.9025,9,0.2250,1.0000,8,8,8,0,0,8,8,0.0000
4,36.0000,17,6,1020.9977,-89.0119,-0.7676,4,0.1000,1.0000,8,4,4,0,0,4,4,0.0000
4,36.0000,17,7,963.6445,-87.9122,-0.7037,4,0.1000,1.0000,4,2,2,0,0,2,2,0.0000
4,36.0000,17,8,564.1640,-84.0866,0.0930,16,0.4000,0.8750,8,8,8,0,0,8,8,0.0000
4,36.0000,17,9,247.1393,-77.6235,0.7803,23,0.5750,0.5000,6,5,2,0,0,5,2,0.6000
4,36.0000,17,10,471.1850,-84.2866,0.9560,13,0.3250,0.5000,4,6,4,0,0,6,4,0.3333
4,36.0000,17,11,329.0442,-79.4922,-0.3438,24,0.6000,0.7143,7,5,1,0,0,5,1,0.8000
4,36.0000,17,12,762.2191,-87.0101,-0.0118,9,0.2250,0.6667,6,8,8,0,0,8,8,0.0000
4,36.0000,17,16,485.0283,-84.2708,1.3044,12,0.3000,1.0000,8,8,8,0,0,8,8,0.0000
4,36.0000,17,18,659.9175,-85.3269,-0.4095,7,0.1750,1.0000,8,8,8,0,0,8,8,0.0000
4,36.0000,17,19,315.6941,-82.4536,1.1784,19,0.4750,0.8750,8,5,1,0,0,5,1,0.8000
4,36.0000,17,20,690.8118,-84.9395,-0.1380,9,0.2250,0.8571,7,8,8,0,0,8,8,0.0000
4,36.0000,17,21,856.5263,-87.5144,-1.6034,8,0.2000,1.0000,6,6,6,0,0,6,6,0.0000
4,36.0000,17,22,809.4356,-85.5369,0.1520,8,0.2000,0.6000,5,4,4,0,0,4,4,0.0000
4,36.0000,17,23,551.3089,-82.2079,-0.7780,13,0.3250,0.8750,8,8,7,0,0,8,7,0.1250
4,36.0000,17,25,558.2785,-83.7866,0.6554,12,0.3000,0.8571,7,8,8,0,0,8,8,0.0000
4,36.0000,17,26,516.3093,-83.1731,1.9736,7,0.1750,1.0000,8,7,4,0,0,7,4,0.4286
4,36.0000,17,27,737.0699,-86.0800,0.6303,9,0.2250,0.8000,5,7,6,0,0,7,6,0.1429
4,36.0000,17,28,623.5704,-85.1789,0.1295,10,0.2500,0.8750,8,7,6,0,0,7,6,0.1429
4,36.0000,17,29,693.4310,-86.6721,-1.8554,4,0.1000,0.8750,8,8,8,0,0,8,8,0.0000
4,36.0000,17,31,263.8080,-78.1464,-0.0831,29,0.7250,0.5000,6,5,1,0,0,5,1,0.8000
4,36.0000,17,32,292.1909,-79.3846,-0.4297,32,0.8000,0.5000,6,5,1,0,0,5,1,0.8000
4,36.0000,17,33,475.4298,-83.3112,-0.4571,15,0.3750,0.6667,6,6,4,0,0,6,4,0.3333
4,36.0000,17,37,990.3759,-88.4369,0.1985,4,0.1000,1.0000,2,4,4,0,0,4,4,0.0000
4,36.0000,17,38,720.9837,-84.9251,-0.4316,6,0.1500,1.0000,8,8,8,0,0,8,8,0.0000
4,36.0000,17,39,352.3546,-78.6980,-0.8157,20,0.5000,0.8571,7,7,6,0,0,7,6,0.1429
4,36.0000,17,40,823.2317,-86.5058,1.0858,7,0.1750,1.0000,6,7,6,0,0,7,6,0.1429
4,36.0000,17,41,924.9200,-87.5374,0.5219,4,0.1000,1.0000,8,8,8,0,0,8,8,0.0000
4,36.0000,17,43,231.4756,-74.9992,-0.4254,32,0.8000,0.0000,4,5,2,0,0,5,2,0.6000
4,36.0000,17,44,870.0036,-87.3163,0.5125,5,0.1250,1.0000,4,6,6,0,0,6,6,0.0000
4,36.0000,17,45,575.6848,-84.3946,-0.5103,9,0.2250,0.8750,8,8,8,0,0,8,8,0.0000
4,36.0000,17,46,1080.6058,-87.6598,0.7789,3,0.0750,1.0000,8,2,2,0,0,2,2,0.0000
4,36.0000,17,47,552.7187,-84.1046,0.9464,14,0.3500,1.0000,14,8,8,0,0,8,8,0.0000
4,36.0000,18,0,385.9446,-81.1375,-0.5235,21,0.5250,0.3333,6,7,6,0,0,7,6,0.1429
4,36.0000,18,3,721.2167,-85.8625,0.1332,9,0.2250,0.8750,8,8,7,0,0,8,7,0.1250
4,36.0000,18,4,513.4349,-84.4466,-0.0572,9,0.2250,1.0000,8,7,6,0,0,7,6,0.1429
4,36.0000,18,6,374.4208,-78.4660,-1.2558,25,0.6250,0.4000,5,7,6,0,0,7,6,0.1429
4,36.0000,18,7,422.0639,-79.4138,-2.2654,30,0.7500,0.4000,5,8,8,0,0,8,8,0.0000
4,36.0000,18,9,452.5504,-82.4117,0.5514,7,0.1750,0.6667,6,8,6,0,0,8,6,0.2500
4,36.0000,18,11,670.5513,-84.9921,-0.7777,6,0.1500,1.0000,8,8,8,0,0,8,8,0.0000
4,36.0000,18,14,612.0525,-84.7500,-0.8910,13,0.3250,0.6667,6,7,6,0,0,7,6,0.1429
4,36.0000,18,15,879.8853,-86.3289,-0.4342,8,0.2000,0.8333,6,6,6,0,0,6,6,0.0000
4,36.0000,18,17,659.9175,-86.1786,-0.0523,5,0.1250,1.0000,8,8,8,0,0,8,8,0.0000
4,36.0000,18,19,817.5386,-89.0920,0.3174,3,0.0750,1.0000,6,8,8,0,0,8,8,0.0000
4,36.0000,18,22,583.5273,-85.0303,-0.0114,9,0.2250,1.0000,8,8,7,0,0,8,7,0.1250
4,36.0000,18,23,487.7290,-83.1165,-0.7482,15,0.3750,0.8750,8,7,5,0,0,7,5,0.2857
4,36.0000,18,24,673.2951,-84.4834,-0.9260,11,0.2750,0.5714,7,8,7,0,0,8,7,0.1250
4,36.0000,18,28,293.0111,-79.5634,0.0912,24,0.6000,0.6667,6,6,4,0,0,6,4,0.3333
4,36.0000,18,30,464.4980,-81.6076,-0.0625,18,0.4500,0.5714,7,8,7,0,0,8,7,0.1250
4,36.0000,18,31,686.3661,-85.9570,0.0696,4,0.1000,1.0000,8,8,8,0,0,8,8,0.0000
4,36.0000,18,32,794.8193,-86.5114,-0.8509,6,0.1500,0.8750,8,5,3,0,0,5,3,0.4000
4,36.0000,18,33,337.2741,-80.8482,-0.0450,18,0.4500,0.7143,7,6,2,0,0,6,2,0.6667
4,36.0000,18,37,394.3495,-79.4858,-0.8863,30,0.7500,0.7143,7,6,4,0,0,6,4,0.3333
4,36.0000,18,38,521.6174,-84.0368,0.4805,10,0.2500,0.8571,7,8,7,0,0,8,7,0.1250
4,36.0000,18,39,589.0713,-84.0601,0.1294,5,0.1250,1.0000,8,6,4,0,0,6,4,0.3333
4,36.0000,18,41,530.2778,-82.8481,-0.3984,20,0.5000,0.8750,8,7,6,0,0,7,6,0.1429
4,36.0000,18,42,600.7526,-84.4279,-0.6694,10,0.2500,1.0000,8,7,6,0,0,7,6,0.1429
4,36.0000,18,43,666.4964,-85.8707,0.6181,6,0.1500,1.0000,4,8,8,0,0,8,8,0.0000
4,36.0000,18,44,246.0571,-77.9924,0.0672,32,0.8000,0.6667,6,6,3,0,0,6,3,0.5000
4,36.0000,18,45,829.7521,-88.1084,0.6062,3,0.0750,1.0000,8,6,6,0,0,6,6,0.0000
4,36.0000,18,46,506.2228,-81.0355,-1.6347,21,0.5250,0.7143,7,7,6,0,0,7,6,0.1429
4,36.0000,19,0,744.7985,-85.7502,0.8744,3,0.0750,0.8571,7,8,8,0,0,8,8,0.0000
4,36.0000,19,2,454.2215,-81.1405,-1.0154,10,0.2500,0.7500,8,8,8,0,0,8,8,0.0000
4,36.0000,19,8,576.2699,-83.5196,-0.6965,7,0.1750,0.9000,10,5,4,0,0,5,4,0.2000
4,36.0000,19,9,519.8979,-84.8321,1.3341,9,0.2250,1.0000,8,8,8,0,0,8,8,0.0000
4,36.0000,19,10,160.4762,-73.6995,0.2393,34,0.8500,0.4000,5,6,2,0,0,6,2,0.6667
4,36.0000,19,11,177.9264,-76.3876,1.4304,25,0.6250,0.0000,4,4,0,0,0,4,0,1.0000
4,36.0000,19,12,592.2362,-84.8442,0.3446,10,0.2500,0.8333,6,8,7,0,0,8,7,0.1250
4,36.0000,19,13,698.5985,-86.5073,-0.0180,6,0.1500,0.9811,53,7,5,17,16,24,21,0.1250
4,36.0000,19,16,390.6784,-82.0377,1.1305,10,0.2500,0.6667,6,7,5,0,0,7,5,0.2857
4,36.0000,19,17,315.6941,-80.8841,0.1743,15,0.3750,0.8750,8,4,0,0,0,4,0,1.0000
4,36.0000,19,20,833.4555,-88.4622,-0.0501,3,0.0750,1.0000,6,2,2,0,0,2,2,0.0000
4,36.0000,19,21,932.7635,-86.9841,-1.6879,3,0.0750,,0,8,8,0,0,8,8,0.0000
4,36.0000,19,23,757.1928,-85.9436,-0.7647,5,0.1250,1.0000,8,8,8,0,0,8,8,0.0000
4,36.0000,19,25,533.1813,-84.8219,-0.2069,6,0.1500,0.6667,6,7,5,0,0,7,5,0.2857
4,36.0000,19,26,535.1673,-83.9402,0.8572,7,0.1750,0.8750,8,7,6,0,0,7,6,0.1429
4,36.0000,19,27,572.0265,-83.6183,-0.1715,12,0.3000,0.8750,8,8,8,0,0,8,8,0.0000
4,36.0000,19,29,684.9941,-86.6825,1.3122,4,0.1000,0.8750,8,8,8,0,0,8,8,0.0000
4,36.0000,19,31,197.6381,-75.6227,0.4938,30,0.7500,0.2000,5,5,2,0,0,5,2,0.6000
4,36.0000,19,32,222.2922,-76.4831,0.2849,31,0.7750,0.0000,4,5,1,0,0,5,1,0.8000
4,36.0000,19,33,687.2810,-85.8316,0.3179,4,0.1000,1.0000,6,7,6,0,0,7,6,0.1429
4,36.0000,19,39,550.5409,-84.8782,-0.2005,5,0.1250,0.8750,8,7,6,0,0,7,6,0.1429
4,36.0000,19,40,730.3272,-86.1370,0.1548,8,0.2000,1.0000,8,8,8,0,0,8,8,0.0000
4,36.0000,19,41,1061.2521,-87.5036,-1.0132,3,0.0750,1.0000,2,8,8,0,0,8,8,0.0000
4,36.0000,19,43,407.1470,-80.6553,-0.2385,18,0.4500,1.0000,8,7,6,0,0,7,6,0.1429
4,36.0000,19,44,1049.4447,-88.3904,1.3048,3,0.0750,,0,3,2,0,0,3,2,0.3333
4,36.0000,19,45,786.7588,-87.0619,-0.7248,3,0.0750,1.0000,4,7,5,0,0,7,5,0.2857
4,36.0000,19,47,657.1034,-85.3855,0.7744,7,0.1750,1.0000,8,9,8,0,0,9,8,0.1111
4,36.0000,20,2,540.6298,-83.8511,0.4920,4,0.1000,1.0000,8,8,8,0,0,8,8,0.0000
4,36.0000,20,13,790.8374,-86.1527,-0.1057,3,0.0750,1.0000,6,8,8,0,0,8,8,0.0000
4,36.0000,20,16,590.4399,-84.1453,0.1159,3,0.0750,1.0000,8,7,6,0,0,7,6,0.1429
4,36.0000,20,17,690.8118,-84.3079,0.6845,3,0.0750,1.0000,10,6,5,0,0,6,5,0.1667
4,36.0000,20,21,519.2234,-81.5421,-0.1418,15,0.3750,0.7143,7,8,8,0,0,8,8,0.0000
4,36.0000,20,22,714.0599,-85.4983,1.7377,4,0.1000,0.8750,8,7,6,0,0,7,6,0.1429
4,36.0000,20,25,442.8729,-80.3964,-0.0785,12,0.3000,0.8750,8,8,7,0,0,8,7,0.1250
4,36.0000,20,26,359.7814,-78.8450,-0.3415,16,0.4000,0.7143,7,7,6,0,0,7,6,0.1429
4,36.0000,20,29,364.7902,-80.8066,0.2488,17,0.4250,0.3333,6,6,3,0,0,6,3,0.5000
4,36.0000,20,38,534.7078,-82.9253,-0.2140,11,0.2750,0.6667,6,8,7,0,0,8,7,0.1250
4,36.0000,20,39,389.2669,-80.9647,-0.2318,12,0.3000,0.9324,148,7,5,177,163,184,168,0.0870
4,36.0000,20,45,209.2411,-76.7369,0.3277,30,0.7500,0.2000,5,7,3,0,0,7,3,0.5714
4,36.0000,20,47,185.1318,-74.9550,0.0021,30,0.7500,0.2000,5,5,1,0,0,5,1,0.8000
4,36.0000,21,1,637.3125,-86.2199,-0.3689,11,0.2750,0.8750,8,7,5,0,0,7,5,0.2857
4,36.0000,21,2,553.8543,-86.4529,-0.9837,4,0.1000,1.0000,10,4,2,0,0,4,2,0.5000
4,36.0000,21,5,539.0500,-83.3318,-0.8604,14,0.3500,1.0000,6,6,4,0,0,6,4,0.3333
4,36.0000,21,8,426.9883,-82.1482,0.3934,8,0.2000,0.8750,8,7,6,0,0,7,6,0.1429
4,36.0000,21,12,676.6395,-83.9773,1.3106,6,0.1500,1.0000,8,8,7,0,0,8,7,0.1250
4,36.0000,21,13,614.0174,-84.6065,-0.3129,10,0.2500,1.0000,8,7,6,0,0,7,6,0.1429
4,36.0000,21,16,591.2987,-84.8567,-1.0588,5,0.1250,1.0000,8,8,8,0,0,8,8,0.0000
4,36.0000,21,20,519.2234,-81.9943,0.6628,7,0.1750,1.0000,8,8,7,0,0,8,7,0.1250
4,36.0000,21,25,485.3845,-82.1080,-0.3409,6,0.1500,0.8571,7,8,8,0,0,8,8,0.0000
4,36.0000,21,26,519.2666,-83.9047,-0.7945,8,0.2000,0.7143,7,7,6,0,0,7,6,0.1429
4,36.0000,21,27,838.8319,-87.2931,-0.0793,5,0.1250,1.0000,8,8,8,0,0,8,8,0.0000
4,36.0000,21,29,520.7558,-82.2110,-0.4818,8,0.2000,0.8750,8,8,8,0,0,8,8,0.0000
4,36.0000,21,34,459.5622,-82.4290,-0.2317,21,0.5250,0.7143,7,7,6,0,0,7,6,0.1429
4,36.0000,21,35,1031.5293,-88.3423,-3.3844,3,0.0750,1.0000,6,6,6,0,0,6,6,0.0000
4,36.0000,21,36,844.5691,-87.5891,0.1897,4,0.1000,1.0000,8,8,8,0,0,8,8,0.0000
4,36.0000,21,40,642.0544,-85.7020,0.2356,7,0.1750,0.7500,8,8,8,0,0,8,8,0.0000
4,36.0000,21,45,561.2839,-84.1491,-1.0542,5,0.1250,0.8571,7,7,5,0,0,7,5,0.2857
4,36.0000,21,47,503.8042,-82.9165,-1.0394,11,0.2750,0.8750,8,8,8,0,0,8,8,0.0000
4,36.0000,22,0,856.2888,-86.0529,-1.5781,3,0.0750,1.0000,6,8,8,0,0,8,8,0.0000
4,36.0000,22,3,651.3099,-85.7062,0.1740,13,0.3250,0.8750,8,8,7,0,0,8,7,0.1250
4,36.0000,22,4,77.1158,-67.8385,1.3872,33,0.8250,0.0000,4,4,0,0,0,4,0,1.0000
4,36.0000,22,6,721.2562,-86.5227,-0.2920,7,0.1750,0.7143,7,7,6,0,0,7,6,0.1429
4,36.0000,22,9,586.9097,-84.3007,0.1671,9,0.2250,1.0000,8,8,8,0,0,8,8,0.0000
4,36.0000,22,14,873.0011,-86.4966,0.1700,3,0.0750,1.0000,6,8,8,0,0,8,8,0.0000
4,36.0000,22,15,895.9584,-87.0538,-1.1388,4,0.1000,1.0000,4,8,8,0,0,8,8,0.0000
4,36.0000,22,18,583.5273,-85.3869,-0.0426,4,0.1000,1.0000,8,8,7,0,0,8,7,0.1250
4,36.0000,22,20,714.0599,-84.8160,0.3300,6,0.1500,1.0000,4,8,8,0,0,8,8,0.0000
4,36.0000,22,23,762.5973,-85.1433,-0.8122,7,0.1750,1.0000,8,8,8,0,0,8,8,0.0000
4,36.0000,22,26,921.3735,-87.4670,-0.3704,3,0.0750,1.0000,8,8,8,0,0,8,8,0.0000
4,36.0000,22,28,320.3056,-78.6934,-0.2337,23,0.5750,0.6667,6,7,5,0,0,7,5,0.2857
4,36.0000,22,30,769.8053,-87.4391,-0.2499,5,0.1250,0.8750,8,8,8,0,0,8,8,0.0000
4,36.0000,22,33,649.8089,-86.0737,-0.6933,4,0.1000,1.0000,8,8,8,0,0,8,8,0.0000
4,36.0000,22,37,797.1071,-86.8004,-0.2840,10,0.2500,1.0000,8,6,5,0,0,6,5,0.1667
4,36.0000,22,38,258.3605,-77.2884,-0.0790,34,0.8500,0.5000,6,6,2,0,0,6,2,0.6667
4,36.0000,22,39,587.0708,-83.0797,-0.6786,7,0.1750,1.0000,8,8,8,0,0,8,8,0.0000
4,36.0000,22,41,953.6374,-88.1883,-0.4664,3,0.0750,1.0000,2,8,8,0,0,8,8,0.0000
4,36.0000,22,42,674.4544,-86.2659,-0.4492,5,0.1250,1.0000,8,8,7,0,0,8,7,0.1250
4,36.0000,22,44,604.6093,-84.7299,0.9954,8,0.2000,1.0000,8,8,8,0,0,8,8,0.0000
4,36.0000,22,45,586.5726,-83.7106,-1.7802,6,0.1500,0.7143,7,8,8,0,0,8,8,0.0000
4,36.0000,22,46,894.5352,-86.9641,0.0511,6,0.1500,1.0000,8,4,4,0,0,4,4,0.0000
4,36.0000,22,47,779.0072,-87.7173,0.9337,3,0.0750,1.0000,8,8,8,0,0,8,8,0.0000
4,36.0000,23,0,263.2586,-79.0163,0.4926,29,0.7436,0.2000,5,6,4,0,0,6,4,0.3333
4,36.0000,23,2,833.0051,-86.7083,0.8641,4,0.1026,1.0000,8,8,8,0,0,8,8,0.0000
4,36.0000,23,4,699.0030,-85.5326,-1.0707,7,0.1795,1.0000,8,8,8,0,0,8,8,0.0000
4,36.0000,23,6,694.3432,-85.3333,-0.1185,12,0.3077,0.8571,7,8,7,0,0,8,7,0.1250
4,36.0000,23,7,551.8893,-84.5673,0.3080,13,0.3333,1.0000,6,8,7,0,0,8,7,0.1250
4,36.0000,23,9,422.5093,-80.4685,-1.2125,16,0.4103,0.8571,7,6,6,0,0,6,6,0.0000
4,36.0000,23,10,890.4009,-88.6403,0.5049,5,0.1282,1.0000,8,7,6,0,0,7,6,0.1429
4,36.0000,23,11,697.5720,-86.5898,-0.2743,5,0.1282,1.0000,8,6,6,0,0,6,6,0.0000
4,36.0000,23,14,838.9915,-87.5421,0.3144,6,0.1538,0.6667,3,8,8,0,0,8,8,0.0000
4,36.0000,23,17,551.3089,-84.4672,1.3945,8,0.2051,1.0000,8,8,8,0,0,8,8,0.0000
4,36.0000,23,18,487.7290,-83.7254,0.9421,14,0.3590,1.0000,8,8,6,0,0,8,6,0.2500
4,36.0000,23,19,757.1928,-87.3979,-0.5526,5,0.1282,0.8750,8,6,3,0,0,6,3,0.5000
4,36.0000,23,22,762.5973,-85.9344,-0.7280,10,0.2564,1.0000,8,4,4,0,0,4,4,0.0000
4,36.0000,23,24,739.4729,-86.6920,0.7320,7,0.1795,0.8333,6,8,8,0,0,8,8,0.0000
4,36.0000,23,28,593.1149,-83.4047,-0.4292,9,0.2308,1.0000,6,8,8,0,0,8,8,0.0000
4,36.0000,23,30,559.0962,-85.3815,0.8333,12,0.3077,1.0000,8,8,7,0,0,8,7,0.1250
4,36.0000,23,31,571.3350,-83.5810,-0.5774,11,0.2821,0.7143,7,7,6,0,0,7,6,0.1429
4,36.0000,23,32,607.9378,-84.2146,-0.8314,12,0.3077,1.0000,8,7,6,0,0,7,6,0.1429
4,36.0000,23,33,172.4615,-72.7590,-0.3308,32,0.8205,0.2366,93,7,4,109,53,116,57,0.5086
4,36.0000,23,37,594.1274,-85.3206,-0.3213,10,0.2564,0.7143,7,8,7,0,0,8,7,0.1250
4,36.0000,23,38,804.6997,-87.4648,0.2277,5,0.1282,1.0000,6,8,8,0,0,8,8,0.0000
4,36.0000,23,39,710.3741,-85.8085,0.6999,7,0.1795,0.8750,8,7,6,0,0,7,6,0.1429
4,36.0000,23,41,432.8878,-81.9147,-0.1970,20,0.5128,0.7500,8,7,5,0,0,7,5,0.2857
4,36.0000,23,42,739.9848,-86.9095,1.1259,8,0.2051,1.0000,6,8,8,0,0,8,8,0.0000
4,36.0000,23,43,400.5202,-80.8964,0.2394,13,0.3333,0.7143,7,8,8,0,0,8,8,0.0000
4,36.0000,23,44,556.4911,-85.2636,0.1966,12,0.3077,1.0000,8,7,6,0,0,7,6,0.1429
4,36.0000,23,45,927.5126,-87.1895,1.6562,4,0.1026,0.8571,7,6,6,0,0,6,6,0.0000
4,36.0000,23,46,647.5283,-85.8736,0.4629,11,0.2821,1.0000,8,8,7,0,0,8,7,0.1250
4,36.0000,24,0,623.1616,-86.0894,0.0332,7,0.1750,0.8571,7,7,6,0,0,7,6,0.1429
4,36.0000,24,3,728.2282,-86.1806,0.8041,5,0.1250,0.8571,7,8,6,0,0,8,6,0.2500
4,36.0000,24,6,417.6955,-82.0498,-0.2754,19,0.4750,0.8750,8,8,7,0,0,8,7,0.1250
4,36.0000,24,7,276.8766,-80.5503,1.0097,24,0.6000,0.3333,6,4,0,0,0,4,0,1.0000
4,36.0000,24,14,321.3764,-79.2921,0.2138,28,0.7000,0.2000,5,6,4,0,0,6,4,0.3333
4,36.0000,24,15,717.3447,-85.9601,-0.3366,14,0.3500,0.8750,8,7,6,0,0,7,6,0.1429
4,36.0000,24,18,673.2951,-86.0472,0.0768,7,0.1750,0.8750,8,8,8,0,0,8,8,0.0000
4,36.0000,24,23,739.4729,-86.6807,-0.3504,3,0.0750,1.0000,8,8,8,0,0,8,8,0.0000
4,36.0000,24,30,277.3751,-77.3128,-0.0310,32,0.8000,0.2000,5,6,3,0,0,6,3,0.5000
4,36.0000,24,33,748.9410,-87.7590,-0.9570,3,0.0750,0.8571,7,8,8,0,0,8,8,0.0000
4,36.0000,24,37,288.6248,-79.1751,0.6074,27,0.6750,0.5000,6,6,2,0,0,6,2,0.6667
4,36.0000,24,41,340.5722,-80.8568,1.3112,22,0.5500,0.8571,7,5,2,0,0,5,2,0.6000
4,36.0000,24,42,476.0928,-81.9197,-0.3688,25,0.6250,0.4286,7,5,3,0,0,5,3,0.4000
4,36.0000,24,44,486.6688,-83.0213,-0.0568,16,0.4000,0.6250,8,7,6,0,0,7,6,0.1429
4,36.0000,24,46,173.4305,-76.9296,1.8126,31,0.7750,0.3333,6,6,3,0,0,6,3,0.5000
4,36.0000,25,1,645.3924,-86.8616,0.5417,15,0.3750,1.0000,6,7,6,0,0,7,6,0.1429
4,36.0000,25,2,374.9643,-81.0538,0.4892,21,0.5250,0.7143,7,6,3,0,0,6,3,0.5000
4,36.0000,25,4,979.0584,-88.3325,-0.5273,4,0.1000,1.0000,4,2,2,0,0,2,2,0.0000
4,36.0000,25,5,805.1934,-86.6398,3.0855,5,0.1250,1.0000,2,4,4,0,0,4,4,0.0000
4,36.0000,25,8,367.4883,-81.4378,0.5617,23,0.5750,0.8000,5,7,5,0,0,7,5,0.2857
4,36.0000,25,9,686.2142,-86.3984,0.4778,5,0.1250,1.0000,8,7,4,0,0,7,4,0.4286
4,36.0000,25,10,591.8204,-84.4489,-0.1534,14,0.3500,0.7500,8,8,8,0,0,8,8,0.0000
4,36.0000,25,11,561.2690,-84.6198,-0.0219,11,0.2750,0.8000,15,8,8,0,0,8,8,0.0000
4,36.0000,25,12,458.6730,-84.5957,-0.5588,19,0.4750,0.8750,8,8,7,0,0,8,7,0.1250
4,36.0000,25,13,385.4565,-81.7869,-0.2533,27,0.6750,0.4000,5,7,6,0,0,7,6,0.1429
4,36.0000,25,16,173.1351,-75.7442,0.7241,33,0.8250,0.4000,5,4,0,0,0,4,0,1.0000
4,36.0000,25,17,558.2785,-84.9417,-0.6780,10,0.2500,0.8571,7,6,6,0,0,6,6,0.0000
4,36.0000,25,19,533.1813,-84.7396,0.3891,19,0.4750,1.0000,8,7,6,0,0,7,6,0.1429
4,36.0000,25,20,442.8729,-81.5718,-1.1436,21,0.5250,0.6667,6,8,8,0,0,8,8,0.0000
4,36.0000,25,21,485.3845,-82.8351,0.2343,22,0.5500,0.6667,6,6,4,0,0,6,4,0.3333
4,36.0000,25,22,1025.1313,-88.2513,-2.2139,3,0.0750,0.7500,4,2,2,0,0,2,2,0.0000
4,36.0000,25,26,110.2742,-69.1133,1.3418,38,0.9500,0.0000,4,5,1,0,0,5,1,0.8000
4,36.0000,25,27,662.1897,-85.0854,0.1001,16,0.4000,1.0000,8,6,6,0,0,6,6,0.0000
4,36.0000,25,28,883.7830,-88.3237,1.1559,5,0.1250,1.0000,8,5,4,0,0,5,4,0.2000
4,36.0000,25,29,196.9843,-75.7449,0.0041,36,0.9000,0.0000,4,4,0,0,0,4,0,1.0000
4,36.0000,25,31,677.4459,-85.6476,0.2341,11,0.2750,0.8571,7,8,8,0,0,8,8,0.0000
4,36.0000,25,32,709.9580,-85.4861,0.5103,10,0.2500,0.8571,7,8,8,0,0,8,8,0.0000
4,36.0000,25,34,687.7632,-86.4008,-0.0603,17,0.4250,0.6000,5,8,8,0,0,8,8,0.0000
4,36.0000,25,36,738.2383,-86.8960,0.5766,12,0.3000,1.0000,8,7,6,0,0,7,6,0.1429
4,36.0000,25,38,838.1211,-87.4053,0.5369,6,0.1500,1.0000,8,8,8,0,0,8,8,0.0000
4,36.0000,25,39,466.7957,-83.0310,0.0710,11,0.2750,0.7143,7,7,5,0,0,7,5,0.2857
4,36.0000,25,40,618.5114,-85.3628,-0.4878,19,0.4750,0.8571,7,8,8,0,0,8,8,0.0000
4,36.0000,25,43,781.5803,-86.1641,-0.7487,9,0.2250,1.0000,8,7,6,0,0,7,6,0.1429
4,36.0000,25,45,509.4273,-85.8160,0.2531,13,0.3250,0.8750,8,8,7,0,0,8,7,0.1250
4,36.0000,25,47,275.5389,-76.1147,-0.8427,32,0.8000,0.2000,5,6,4,0,0,6,4,0.3333
4,36.0000,26,1,750.5612,-86.6237,-0.2466,7,0.1750,0.6667,3,8,8,0,0,8,8,0.0000
4,36.0000,26,2,365.0506,-82.0683,1.1812,18,0.4500,0.7143,7,5,2,0,0,5,2,0.6000
4,36.0000,26,4,875.1823,-86.8799,0.9233,4,0.1000,1.0000,6,4,4,0,0,4,4,0.0000
4,36.0000,26,5,876.6772,-87.3642,0.3102,7,0.1750,1.0000,6,8,8,0,0,8,8,0.0000
4,36.0000,26,8,430.9822,-82.7635,0.7054,12,0.3000,0.8750,8,7,5,0,0,7,5,0.2857
4,36.0000,26,9,609.7028,-86.3191,1.2123,6,0.1500,1.0000,8,8,8,0,0,8,8,0.0000
4,36.0000,26,10,618.3763,-85.4471,-0.8544,10,0.2500,1.0000,8,8,7,0,0,8,7,0.1250
4,36.0000,26,11,533.4899,-85.5429,1.5546,7,0.1750,1.0000,8,7,5,0,0,7,5,0.2857
4,36.0000,26,12,562.3391,-85.4824,-0.2733,11,0.2750,0.8750,8,8,8,0,0,8,8,0.0000
4,36.0000,26,13,491.8408,-83.1362,-0.6138,18,0.4500,0.2000,5,7,6,0,0,7,6,0.1429
4,36.0000,26,16,240.0766,-78.3566,1.0706,28,0.7000,0.5000,4,6,4,0,0,6,4,0.3333
4,36.0000,26,17,516.3093,-84.4774,0.4811,10,0.2500,0.8571,7,7,5,0,0,7,5,0.2857
4,36.0000,26,19,535.1673,-85.3559,0.2915,9,0.2250,0.8750,8,7,5,0,0,7,5,0.2857
4,36.0000,26,20,359.7814,-79.2223,-0.7167,30,0.7500,0.6667,6,7,4,0,0,7,4,0.4286
4,36.0000,26,21,519.2666,-83.1995,-1.1388,17,0.4250,0.4000,5,8,7,0,0,8,7,0.1250
4,36.0000,26,22,921.3735,-87.5705,0.2426,5,0.1250,1.0000,8,2,2,0,0,2,2,0.0000
4,36.0000,26,23,1020.3899,-88.0977,-5.0904,3,0.0750,1.0000,4,4,4,0,0,4,4,0.0000
4,36.0000,26,25,110.2742,-69.6539,0.8977,38,0.9500,0.2000,5,4,0,0,0,4,0,1.0000
4,36.0000,26,27,745.5040,-86.4540,0.3206,13,0.3250,0.8750,8,5,3,0,0,5,3,0.4000
4,36.0000,26,28,779.5949,-87.7573,6.7555,3,0.0750,0.8000,5,4,4,0,0,4,4,0.0000
4,36.0000,26,29,180.4375,-72.5243,-0.9744,39,0.9750,0.0000,4,4,0,0,0,4,0,1.0000
4,36.0000,26,31,654.0985,-86.3742,0.8826,8,0.2000,1.0000,8,7,5,0,0,7,5,0.2857
4,36.0000,26,32,701.3892,-86.5528,1.6701,7,0.1750,1.0000,6,6,6,0,0,6,6,0.0000
4,36.0000,26,33,894.2592,-88.8117,-0.2304,3,0.0750,1.0000,4,8,7,0,0,8,7,0.1250
4,36.0000,26,34,764.2191,-85.8083,-0.8038,13,0.3250,1.0000,8,8,8,0,0,8,8,0.0000
4,36.0000,26,35,1009.3327,-88.1290,0.0172,4,0.1000,1.0000,8,4,4,0,0,4,4,0.0000
4,36.0000,26,36,847.2354,-86.5711,-0.3696,9,0.2250,1.0000,8,6,6,0,0,6,6,0.0000
4,36.0000,26,38,728.9975,-86.3325,-3.3903,4,0.1000,1.0000,8,8,8,0,0,8,8,0.0000
4,36.0000,26,39,368.8276,-81.9821,0.4127,15,0.3750,0.7143,7,4,2,0,0,4,2,0.5000
4,36.0000,26,40,712.3324,-86.9295,0.4969,12,0.3000,0.8750,8,8,8,0,0,8,8,0.0000
4,36.0000,26,43,745.6951,-85.1275,-0.1444,6,0.1500,0.6667,3,7,6,0,0,7,6,0.1429
4,36.0000,26,45,424.6628,-82.9417,0.5926,15,0.3750,0.3333,6,5,2,0,0,5,2,0.6000
4,36.0000,26,47,181.0789,-72.6148,-1.2921,36,0.9000,0.0000,4,6,3,0,0,6,3,0.5000
4,36.0000,27,1,671.5187,-85.7117,-0.7428,9,0.2195,1.0000,8,8,7,0,0,8,7,0.1250
4,36.0000,27,2,613.4812,-84.2557,0.0718,6,0.1463,0.8750,8,8,8,0,0,8,8,0.0000
4,36.0000,27,8,449.9356,-81.0076,-1.3432,14,0.3415,0.8571,7,8,8,0,0,8,8,0.0000
4,36.0000,27,10,500.4003,-81.6890,-0.0901,13,0.3171,0.8571,7,8,7,0,0,8,7,0.1250
4,36.0000,27,11,741.2589,-86.9695,-1.3193,3,0.0732,1.0000,8,7,6,0,0,7,6,0.1429
4,36.0000,27,12,306.2173,-78.1108,-0.6217,19,0.4634,0.5000,6,6,2,0,0,6,2,0.6667
4,36.0000,27,13,546.3858,-84.5238,0.5875,9,0.2195,1.0000,8,7,6,0,0,7,6,0.1429
4,36.0000,27,16,518.4159,-83.2507,-1.0423,11,0.2683,0.8571,7,8,7,0,0,8,7,0.1250
4,36.0000,27,17,737.0699,-86.3651,1.8308,4,0.0976,1.0000,8,8,7,0,0,8,7,0.1250
4,36.0000,27,19,572.0265,-83.3927,-0.9959,9,0.2195,1.0000,8,8,8,0,0,8,8,0.0000
4,36.0000,27,21,838.8319,-86.7426,0.0688,5,0.1220,0.8571,7,8,8,0,0,8,8,0.0000
4,36.0000,27,25,662.1897,-84.6607,-0.3558,5,0.1220,1.0000,8,8,8,0,0,8,8,0.0000
4,36.0000,27,26,745.5040,-86.9018,-0.7404,4,0.0976,0.8571,7,8,8,0,0,8,8,0.0000
4,36.0000,27,29,847.6443,-85.7299,-0.4288,3,0.0732,1.0000,8,8,8,0,0,8,8,0.0000
4,36.0000,27,31,726.4411,-86.4317,-0.8029,6,0.1463,1.0000,8,7,6,0,0,7,6,0.1429
4,36.0000,27,32,649.3628,-86.1704,-0.3731,7,0.1707,0.7778,9,8,8,0,0,8,8,0.0000
4,36.0000,27,34,925.7699,-86.7627,0.4161,3,0.0732,1.0000,6,8,8,0,0,8,8,0.0000
4,36.0000,27,35,578.7909,-85.0982,-0.1016,11,0.2683,1.0000,8,7,4,0,0,7,4,0.4286
4,36.0000,27,36,587.9820,-86.5095,-0.3909,11,0.2683,1.0000,8,8,6,0,0,8,6,0.2500
4,36.0000,27,40,266.8245,-78.5985,0.6049,30,0.7317,0.7143,7,4,0,0,0,4,0,1.0000
4,36.0000,27,43,822.9934,-86.8673,0.5021,3,0.0732,1.0000,8,6,6,0,0,6,6,0.0000
4,36.0000,27,47,893.2110,-86.9870,-1.6032,4,0.0976,1.0000,8,8,8,0,0,8,8,0.0000
4,36.0000,28,0,608.5142,-85.3845,-0.0516,13,0.3250,0.8750,8,8,8,0,0,8,8,0.0000
4,36.0000,28,2,784.4178,-87.0179,-0.6505,3,0.0750,1.0000,8,8,7,0,0,8,7,0.1250
4,36.0000,28,3,700.2471,-85.0731,-0.5493,15,0.3750,1.0000,8,5,4,0,0,5,4,0.2000
4,36.0000,28,4,247.7023,-76.2425,-1.0667,35,0.8750,0.2000,5,8,5,0,0,8,5,0.3750
4,36.0000,28,6,550.9395,-84.0291,-0.5444,14,0.3500,1.0000,8,8,7,0,0,8,7,0.1250
4,36.0000,28,7,678.4690,-84.3782,0.0596,13,0.3250,1.0000,8,6,6,0,0,6,6,0.0000
4,36.0000,28,9,390.4852,-81.7054,0.7841,14,0.3500,0.8750,8,7,5,0,0,7,5,0.2857
4,36.0000,28,11,724.3688,-86.6688,0.5126,4,0.1000,1.0000,8,8,7,0,0,8,7,0.1250
4,36.0000,28,14,765.9529,-86.0937,-0.5857,8,0.2000,0.8333,6,5,3,0,0,5,3,0.4000
4,36.0000,28,15,913.6098,-86.8957,-0.1958,9,0.2250,1.0000,8,4,4,0,0,4,4,0.0000
4,36.0000,28,17,623.5704,-85.3051,0.3374,6,0.1500,0.8750,8,8,8,0,0,8,8,0.0000
4,36.0000,28,18,293.0111,-79.8234,0.9607,23,0.5750,0.8571,7,4,0,0,0,4,0,1.0000
4,36.0000,28,20,687.5048,-85.9098,-0.3838,5,0.1250,0.8571,7,4,4,0,0,4,4,0.0000
4,36.0000,28,22,320.3056,-78.2753,-0.5683,30,0.7500,0.0000,4,4,0,0,0,4,0,1.0000
4,36.0000,28,23,593.1149,-84.6689,0.4013,9,0.2250,1.0000,8,8,8,0,0,8,8,0.0000
4,36.0000,28,24,892.8849,-87.4018,0.6659,9,0.2250,1.0000,4,8,8,0,0,8,8,0.0000
4,36.0000,28,25,883.7830,-86.6241,-1.0217,3,0.0750,1.0000,6,7,6,0,0,7,6,0.1429
4,36.0000,28,29,879.0756,-88.3301,0.7978,4,0.1000,,0,10,10,0,0,10,10,0.0000
4,36.0000,28,30,637.3991,-85.5016,-0.0339,13,0.3250,0.8750,8,7,5,0,0,7,5,0.2857
4,36.0000,28,31,754.4862,-86.3245,0.3974,3,0.0750,1.0000,8,8,8,0,0,8,8,0.0000
4,36.0000,28,33,436.9573,-83.5094,0.7854,13,0.3250,0.5714,7,6,5,0,0,6,5,0.1667
4,36.0000,28,37,614.2587,-85.2522,-0.2172,17,0.4250,0.8750,8,8,8,0,0,8,8,0.0000
4,36.0000,28,38,239.8358,-78.2684,1.2695,29,0.7250,0.3333,6,4,0,0,0,4,0,1.0000
4,36.0000,28,39,428.3367,-81.2113,0.0938,12,0.3000,0.8571,7,8,7,0,0,8,7,0.1250
4,36.0000,28,41,762.2271,-86.6919,-0.9366,10,0.2500,1.0000,8,7,5,0,0,7,5,0.2857
4,36.0000,28,42,658.4681,-85.9693,0.2601,8,0.2000,1.0000,8,7,5,0,0,7,5,0.2857
4,36.0000,28,43,700.3387,-87.2476,1.4098,4,0.1000,0.8333,6,8,7,0,0,8,7,0.1250
4,36.0000,28,44,415.8757,-81.4137,-0.3686,18,0.4500,0.6667,6,7,6,0,0,7,6,0.1429
4,36.0000,28,45,589.4351,-85.3553,-1.0171,7,0.1750,0.9000,10,8,8,0,0,8,8,0.0000
4,36.0000,28,46,726.4193,-85.3619,-0.4609,13,0.3250,0.8571,7,8,8,0,0,8,8,0.0000
4,36.0000,28,47,683.7860,-86.8805,1.2282,4,0.1000,1.0000,6,8,8,0,0,8,8,0.0000
4,36.0000,29,1,702.8754,-86.3407,-0.4313,11,0.2750,0.7500,8,8,8,0,0,8,8,0.0000
4,36.0000,29,2,534.6489,-84.0008,0.3172,8,0.2000,1.0000,8,7,4,0,0,7,4,0.4286
4,36.0000,29,5,785.2720,-86.4629,0.1811,10,0.2500,1.0000,8,4,4,0,0,4,4,0.0000
4,36.0000,29,8,543.6059,-83.2836,0.1089,12,0.3000,1.0000,8,7,6,0,0,7,6,0.1429
4,36.0000,29,10,746.8559,-85.3006,0.5210,4,0.1000,1.0000,8,8,8,0,0,8,8,0.0000
4,36.0000,29,11,671.4496,-86.5334,0.8516,6,0.1500,1.0000,8,8,8,0,0,8,8,0.0000
4,36.0000,29,12,611.5972,-86.8255,0.3288,9,0.2250,0.8571,7,8,7,0,0,8,7,0.1250
4,36.0000,29,13,468.3601,-81.4702,-0.4500,20,0.5000,0.8750,8,7,6,0,0,7,6,0.1429
4,36.0000,29,16,356.8366,-81.2463,-0.0920,19,0.4750,0.5000,6,6,3,0,0,6,3,0.5000
4,36.0000,29,17,693.4310,-86.5272,-0.6156,3,0.0750,1.0000,8,6,6,0,0,6,6,0.0000
4,36.0000,29,19,684.9941,-87.3753,-0.0659,4,0.1000,0.8000,5,8,8,0,0,8,8,0.0000
4,36.0000,29,20,364.7902,-80.8455,0.4463,18,0.4500,0.8413,63,7,5,139,120,146,125,0.1438
4,36.0000,29,21,520.7558,-82.9000,-0.2158,17,0.4250,0.8750,8,8,8,0,0,8,8,0.0000
4,36.0000,29,25,196.9843,-75.1662,0.5380,29,0.7250,0.2727,11,5,1,0,0,5,1,0.8000
4,36.0000,29,26,180.4375,-73.0701,-0.9474,29,0.7250,0.2000,5,6,3,0,0,6,3,0.5000
4,36.0000,29,27,847.6443,-86.9708,-0.0178,6,0.1500,1.0000,26,8,8,0,0,8,8,0.0000
4,36.0000,29,31,814.7363,-86.7584,0.4575,3,0.0750,1.0000,8,8,8,0,0,8,8,0.0000
4,36.0000,29,34,681.1718,-85.2751,-0.2663,14,0.3500,1.0000,8,6,6,0,0,6,6,0.0000
4,36.0000,29,36,823.0806,-86.0423,0.4543,7,0.1750,0.8571,7,6,6,0,0,6,6,0.0000
4,36.0000,29,38,794.2264,-87.2064,-0.5287,4,0.1000,1.0000,8,10,10,0,0,10,10,0.0000
4,36.0000,29,39,503.3534,-84.7023,0.5628,7,0.1750,0.8571,7,7,5,0,0,7,5,0.2857
4,36.0000,29,40,786.9343,-85.5739,-0.8145,7,0.1750,0.8571,7,8,8,0,0,8,8,0.0000
4,36.0000,29,45,506.2509,-83.1916,0.7151,10,0.2500,1.0000,8,10,9,0,0,10,9,0.1000
4,36.0000,29,47,249.3784,-77.0044,0.0346,22,0.5500,0.6250,56,5,1,0,0,5,1,0.8000
4,36.0000,30,0,498.5756,-84.2509,1.1001,16,0.4000,1.0000,8,8,8,0,0,8,8,0.0000
4,36.0000,30,3,562.6024,-84.7393,-0.8743,14,0.3500,0.7143,7,7,5,0,0,7,5,0.2857
4,36.0000,30,4,727.4037,-87.7653,0.4972,7,0.1750,1.0000,8,6,6,0,0,6,6,0.0000
4,36.0000,30,6,264.6830,-78.4452,-0.0207,33,0.8250,0.5714,7,6,3,0,0,6,3,0.5000
4,36.0000,30,7,232.6537,-77.2520,0.8629,34,0.8500,0.0000,4,5,2,0,0,5,2,0.6000
4,36.0000,30,9,795.6928,-87.1887,1.3564,3,0.0750,1.0000,6,8,8,0,0,8,8,0.0000
4,36.0000,30,14,288.9645,-79.1274,-0.2940,37,0.9250,0.5000,6,7,3,0,0,7,3,0.5714
4,36.0000,30,15,643.7689,-84.7155,-0.3036,26,0.6500,0.6000,5,8,8,0,0,8,8,0.0000
4,36.0000,30,18,464.4980,-83.6414,-0.1415,13,0.3250,0.7143,7,8,7,0,0,8,7,0.1250
4,36.0000,30,22,769.8053,-86.7568,0.2059,4,0.1000,1.0000,6,8,8,0,0,8,8,0.0000
4,36.0000,30,23,559.0962,-86.0475,0.7888,6,0.1500,0.8571,7,6,3,0,0,6,3,0.5000
4,36.0000,30,24,277.3751,-77.3883,-0.3895,38,0.9500,0.2000,5,4,0,0,0,4,0,1.0000
4,36.0000,30,28,637.3991,-84.7769,-0.2914,7,0.1750,1.0000,8,7,6,0,0,7,6,0.1429
4,36.0000,30,33,539.9926,-84.4788,0.3275,10,0.2500,1.0000,8,8,8,0,0,8,8,0.0000
4,36.0000,30,37,151.6486,-75.3546,1.7934,35,0.8750,0.0000,4,4,0,0,0,4,0,1.0000
4,36.0000,30,39,1000.2021,-89.1185,-0.5409,3,0.0750,1.0000,8,8,8,0,0,8,8,0.0000
4,36.0000,30,41,312.0923,-81.2929,-0.0158,32,0.8000,0.8571,7,6,3,0,0,6,3,0.5000
4,36.0000,30,42,285.0390,-78.2424,-0.1337,36,0.9000,0.0000,4,4,0,0,0,4,0,1.0000
4,36.0000,30,44,258.1905,-77.3863,0.0785,29,0.7250,0.2000,5,5,1,0,0,5,1,0.8000
4,36.0000,30,46,161.3800,-73.6911,0.0272,39,0.9750,0.0000,4,5,1,0,0,5,1,0.8000
4,36.0000,31,0,557.7106,-83.9048,0.8481,11,0.2750,0.8571,7,8,7,0,0,8,7,0.1250
4,36.0000,31,2,523.5836,-81.6439,-0.7866,13,0.3250,0.8889,9,7,6,0,0,7,6,0.1429
4,36.0000,31,7,919.2911,-88.0274,0.5922,4,0.1000,1.0000,2,8,8,0,0,8,8,0.0000
4,36.0000,31,8,708.5549,-85.8833,-1.4073,9,0.2250,1.0000,8,8,8,0,0,8,8,0.0000
4,36.0000,31,9,417.0517,-81.2381,-0.9735,15,0.3750,0.5000,6,7,6,0,0,7,6,0.1429
4,36.0000,31,10,319.8350,-80.6101,-0.1713,26,0.6500,0.6667,6,4,0,2,2,6,2,0.6667
4,36.0000,31,11,201.4752,-74.8800,-0.0473,31,0.7750,0.3333,6,4,0,0,0,4,0,1.0000
4,36.0000,31,12,782.0387,-85.8490,0.1706,4,0.1000,1.0000,4,8,7,0,0,8,7,0.1250
4,36.0000,31,13,889.3914,-88.4245,-0.8133,4,0.1000,0.6667,3,2,2,0,0,2,2,0.0000
4,36.0000,31,16,558.1992,-85.1728,-0.0666,10,0.2500,0.8571,7,8,8,62,62,70,70,0.0000
4,36.0000,31,17,263.8080,-77.7760,-0.4101,28,0.7000,0.6111,72,5,2,0,0,5,2,0.6000
4,36.0000,31,18,686.3661,-86.3398,-0.5395,7,0.1750,0.7143,7,8,8,0,0,8,8,0.0000
4,36.0000,31,19,197.6381,-75.7354,0.4169,33,0.8250,0.3488,43,5,1,11,2,16,3,0.8125
4,36.0000,31,22,999.0475,-87.9317,-1.6906,4,0.1000,1.0000,6,2,2,0,0,2,2,0.0000
4,36.0000,31,23,571.3350,-84.0247,-0.2158,12,0.3000,0.8750,8,8,8,0,0,8,8,0.0000
4,36.0000,31,25,677.4459,-84.6284,-0.9328,7,0.1750,0.8333,18,7,6,0,0,7,6,0.1429
4,36.0000,31,26,654.0985,-86.4408,0.6263,6,0.1500,0.8571,7,7,5,0,0,7,5,0.2857
4,36.0000,31,27,726.4411,-87.2078,-0.5697,7,0.1750,0.8571,7,8,8,0,0,8,8,0.0000
4,36.0000,31,28,754.4862,-87.4106,-0.5938,6,0.1500,1.0000,4,8,8,0,0,8,8,0.0000
4,36.0000,31,29,814.7363,-86.5437,-1.8011,4,0.1000,1.0000,8,6,6,0,0,6,6,0.0000
4,36.0000,31,30,1019.8907,-89.2771,-0.1310,3,0.0750,1.0000,4,2,2,0,0,2,2,0.0000
4,36.0000,31,32,130.2563,-70.7425,-1.3735,36,0.9000,0.0000,4,5,1,0,0,5,1,0.8000
4,36.0000,31,33,516.5293,-84.5063,-0.5551,8,0.2000,1.0000,8,8,8,0,0,8,8,0.0000
4,36.0000,31,38,895.0220,-87.6573,0.4714,6,0.1500,1.0000,6,6,6,0,0,6,6,0.0000
4,36.0000,31,39,549.1795,-83.6560,-0.4351,9,0.2250,1.0000,8,7,6,0,0,7,6,0.1429
4,36.0000,31,40,887.9501,-86.7430,-0.4339,5,0.1250,1.0000,8,6,6,0,0,6,6,0.0000
4,36.0000,31,41,871.8617,-88.6118,0.2280,4,0.1000,1.0000,6,8,8,0,0,8,8,0.0000
4,36.0000,31,43,254.5971,-76.4883,-0.2134,30,0.7500,0.6667,6,6,3,0,0,6,3,0.5000
4,36.0000,31,44,902.2555,-88.7966,0.6485,3,0.0750,1.0000,8,8,8,0,0,8,8,0.0000
4,36.0000,31,45,813.5280,-86.8126,0.8774,4,0.1000,1.0000,8,6,6,0,0,6,6,0.0000
4,36.0000,31,47,736.9851,-87.6400,-0.5088,5,0.1250,1.0000,8,8,8,62,62,70,70,0.0000
4,36.0000,32,0,631.3649,-85.7901,0.8047,6,0.1500,0.8750,8,8,8,0,0,8,8,0.0000
4,36.0000,32,2,513.8867,-82.0742,-2.4239,9,0.2250,0.7143,7,7,5,0,0,7,5,0.2857
4,36.0000,32,8,674.0275,-85.1604,-0.4457,5,0.1250,0.8750,8,8,8,0,0,8,8,0.0000
4,36.0000,32,9,484.6004,-83.2059,-0.2586,6,0.1500,0.8750,8,7,5,0,0,7,5,0.2857
4,36.0000,32,10,312.3385,-80.8010,0.2804,21,0.5250,0.7500,8,4,0,0,0,4,0,1.0000
4,36.0000,32,11,308.2293,-78.7285,-0.7050,28,0.7000,0.8571,7,6,3,0,0,6,3,0.5000
4,36.0000,32,16,575.3294,-84.8642,-0.8183,6,0.1500,1.0000,8,7,6,0,0,7,6,0.1429
4,36.0000,32,17,292.1909,-77.8556,-1.0566,27,0.6750,0.4000,5,5,1,0,0,5,1,0.8000
4,36.0000,32,18,794.8193,-86.8150,-0.1218,4,0.1000,1.0000,8,8,8,0,0,8,8,0.0000
4,36.0000,32,19,222.2922,-76.2791,0.8148,31,0.7750,0.4000,5,4,0,0,0,4,0,1.0000
4,36.0000,32,20,951.4523,-87.4737,-1.5894,5,0.1250,1.0000,2,4,4,0,0,4,4,0.0000
4,36.0000,32,23,607.9378,-83.2293,-1.2352,11,0.2750,1.0000,8,8,8,0,0,8,8,0.0000
4,36.0000,32,25,709.9580,-86.8619,-0.0244,4,0.1000,1.0000,8,8,8,0,0,8,8,0.0000
4,36.0000,32,26,701.3892,-88.0261,-2.5385,3,0.0750,1.0000,8,8,7,0,0,8,7,0.1250
4,36.0000,32,27,649.3628,-85.4420,0.6091,5,0.1250,0.8571,7,8,8,0,0,8,8,0.0000
4,36.0000,32,28,849.8738,-87.5011,0.8947,3,0.0750,1.0000,6,3,2,0,0,3,2,0.3333
4,36.0000,32,31,130.2563,-70.4912,-0.8976,33,0.8250,0.2000,5,4,0,0,0,4,0,1.0000
4,36.0000,32,33,584.1316,-84.4195,-0.5436,9,0.2250,1.0000,8,8,8,0,0,8,8,0.0000
4,36.0000,32,39,622.4297,-84.9084,1.7845,5,0.1250,1.0000,8,7,6,0,0,7,6,0.1429
4,36.0000,32,40,823.2148,-87.3851,1.1248,5,0.1250,1.0000,8,8,8,0,0,8,8,0.0000
4,36.0000,32,43,241.0312,-75.1508,-0.9874,34,0.8500,0.2000,5,7,5,0,0,7,5,0.2857
4,36.0000,32,45,858.7339,-86.7174,0.0774,5,0.1250,0.8000,5,6,6,0,0,6,6,0.0000
4,36.0000,32,46,1145.0492,-87.6616,-0.2088,3,0.0750,1.0000,8,6,6,0,0,6,6,0.0000
4,36.0000,32,47,791.0385,-86.6850,-2.3975,3,0.0750,1.0000,8,8,8,0,0,8,8,0.0000
4,36.0000,33,0,247.6857,-77.4940,-0.2433,29,0.7250,0.2000,5,5,2,0,0,5,2,0.6000
4,36.0000,33,2,756.8758,-86.1621,0.4329,5,0.1250,1.0000,6,8,8,0,0,8,8,0.0000
4,36.0000,33,3,912.5351,-89.7271,-0.1702,4,0.1000,1.0000,4,5,4,0,0,5,4,0.2000
4,36.0000,33,4,579.1518,-84.9850,-0.3100,13,0.3250,0.8571,7,8,8,0,0,8,8,0.0000
4,36.0000,33,6,609.5652,-84.9183,-0.6049,15,0.3750,0.6667,6,8,6,0,0,8,6,0.2500
4,36.0000,33,7,521.7576,-83.1471,-0.6514,21,0.5250,0.4000,5,7,6,0,0,7,6,0.1429
4,36.0000,33,9,298.9592,-78.3211,-0.8521,25,0.6250,0.4000,5,6,4,0,0,6,4,0.3333
4,36.0000,33,10,831.1555,-87.6496,-0.4732,4,0.1000,1.0000,10,6,5,0,0,6,5,0.1667
4,36.0000,33,11,598.8900,-84.1868,1.4372,9,0.2250,0.7500,8,6,3,0,0,6,3,0.5000
4,36.0000,33,14,793.0824,-86.7396,0.2951,9,0.2250,0.8750,8,7,6,0,0,7,6,0.1429
4,36.0000,33,16,926.9693,-87.4042,-0.7721,4,0.1000,1.0000,4,8,8,0,0,8,8,0.0000
4,36.0000,33,17,475.4298,-83.6928,0.2947,11,0.2750,0.6667,6,7,5,0,0,7,5,0.2857
4,36.0000,33,18,337.2741,-80.0196,-0.1242,24,0.6000,0.6667,6,7,6,0,0,7,6,0.1429
4,36.0000,33,19,687.2810,-87.2498,0.3151,6,0.1500,0.8750,8,6,6,0,0,6,6,0.0000
4,36.0000,33,22,649.8089,-85.2562,0.1981,9,0.2250,1.0000,6,2,2,0,0,2,2,0.0000
4,36.0000,33,23,172.4615,-71.8067,-1.0561,34,0.8500,0.2000,5,5,1,0,0,5,1,0.8000
4,36.0000,33,24,748.9410,-86.9317,-0.1347,9,0.2250,0.5000,6,8,8,0,0,8,8,0.0000
4,36.0000,33,28,436.9573,-82.7722,0.6684,14,0.3500,0.6667,6,8,6,0,0,8,6,0.2500
4,36.0000,33,30,539.9926,-85.3057,0.2757,16,0.4000,1.0000,8,5,1,0,0,5,1,0.8000
4,36.0000,33,31,516.5293,-83.6275,-1.2034,9,0.2250,1.0000,8,7,6,0,0,7,6,0.1429
4,36.0000,33,32,584.1316,-85.6001,-0.0558,11,0.2750,1.0000,8,8,8,0,0,8,8,0.0000
4,36.0000,33,37,544.2349,-83.5120,-0.7398,16,0.4000,0.7143,7,7,5,0,0,7,5,0.2857
4,36.0000,33,38,654.3675,-87.1123,-0.2897,6,0.1500,0.7143,7,8,8,0,0,8,8,0.0000
4,36.0000,33,39,570.5223,-85.4531,-1.1081,9,0.2250,1.0000,8,8,7,0,0,8,7,0.1250
4,36.0000,33,41,475.4043,-81.6040,-0.3147,23,0.5750,0.8750,8,7,6,0,0,7,6,0.1429
4,36.0000,33,42,706.0360,-86.8302,0.2445,9,0.2250,1.0000,8,8,8,0,0,8,8,0.0000
4,36.0000,33,43,393.4806,-83.0318,0.7937,13,0.3250,0.5000,6,7,5,0,0,7,5,0.2857
4,36.0000,33,44,459.3571,-83.9676,0.7928,16,0.4000,0.2000,5,5,3,0,0,5,3,0.4000
4,36.0000,33,45,805.8935,-87.3145,-0.6906,5,0.1250,1.0000,8,4,4,0,0,4,4,0.0000
4,36.0000,33,46,623.6460,-85.2980,-0.3853,16,0.4000,0.8571,7,7,6,0,0,7,6,0.1429
4,36.0000,34,1,364.7524,-80.7638,-0.2152,26,0.6500,0.6667,6,5,2,0,0,5,2,0.6000
4,36.0000,34,2,906.9982,-88.8213,-0.5483,4,0.1000,1.0000,8,8,8,0,0,8,8,0.0000
4,36.0000,34,5,124.7003,-74.5119,1.4119,38,0.9500,0.2000,5,4,0,0,0,4,0,1.0000
4,36.0000,34,8,691.2890,-85.6393,1.1822,6,0.1500,1.0000,8,8,8,0,0,8,8,0.0000
4,36.0000,34,12,687.4455,-86.5987,0.5022,7,0.1750,1.0000,8,8,8,0,0,8,8,0.0000
4,36.0000,34,13,545.2972,-83.0977,-0.9920,12,0.3000,1.0000,8,8,7,0,0,8,7,0.1250
4,36.0000,34,16,774.3296,-86.5361,-2.1009,4,0.1000,0.8889,9,6,6,0,0,6,6,0.0000
4,36.0000,34,20,851.7319,-87.7823,0.0712,4,0.1000,1.0000,8,4,4,0,0,4,4,0.0000
4,36.0000,34,21,459.5622,-82.3214,0.5665,13,0.3250,0.8571,7,7,6,0,0,7,6,0.1429
4,36.0000,34,25,687.7632,-85.7942,0.5635,4,0.1000,1.0000,8,8,8,0,0,8,8,0.0000
4,36.0000,34,26,764.2191,-86.0000,-1.6738,6,0.1500,1.0000,8,8,8,0,0,8,8,0.0000
4,36.0000,34,29,681.1718,-84.3835,2.4574,5,0.1250,0.7143,7,8,8,0,0,8,8,0.0000
4,36.0000,34,35,829.3947,-86.1634,-1.3760,6,0.1500,1.0000,10,8,8,0,0,8,8,0.0000
4,36.0000,34,36,618.6430,-84.3845,-0.1911,12,0.3000,0.8571,7,7,6,0,0,7,6,0.1429
4,36.0000,34,40,705.9522,-84.6191,-1.0947,7,0.1750,0.8571,7,8,8,0,0,8,8,0.0000
4,36.0000,34,47,816.3884,-87.0848,-0.2423,3,0.0750,0.8750,8,8,8,0,0,8,8,0.0000
4,36.0000,35,1,467.8202,-82.2128,-0.0471,22,0.5366,0.5000,6,8,7,0,0,8,7,0.1250
4,36.0000,35,5,911.6271,-86.2822,-1.2895,6,0.1463,0.8571,7,8,8,0,0,8,8,0.0000
4,36.0000,35,8,829.8194,-87.6613,-0.4389,3,0.0732,1.0000,8,8,8,0,0,8,8,0.0000
4,36.0000,35,10,896.4672,-85.7169,0.1959,3,0.0732,1.0000,8,8,8,0,0,8,8,0.0000
4,36.0000,35,12,477.3556,-82.5105,-0.1473,19,0.4634,0.2000,5,7,6,0,0,7,6,0.1429
4,36.0000,35,13,540.7928,-84.7849,-1.1753,7,0.1707,0.8571,7,8,8,0,0,8,8,0.0000
4,36.0000,35,27,578.7909,-84.5117,0.8745,7,0.1707,0.8750,8,6,4,0,0,6,4,0.3333
4,36.0000,35,34,829.3947,-86.7457,-0.5076,7,0.1707,1.0000,8,8,7,0,0,8,7,0.1250
4,36.0000,35,36,225.0634,-76.1554,-0.1071,39,0.9512,0.2000,5,6,2,0,0,6,2,0.6667
4,36.0000,35,40,567.0042,-85.1781,0.6049,12,0.2927,0.8750,8,8,7,0,0,8,7,0.1250
4,36.0000,36,1,254.3108,-76.1175,-1.1309,32,0.8000,0.0000,4,5,2,0,0,5,2,0.6000
4,36.0000,36,5,706.6215,-85.4105,-1.6933,10,0.2500,0.8750,8,8,8,0,0,8,8,0.0000
4,36.0000,36,12,380.6507,-80.6466,0.3635,14,0.3500,0.4000,5,6,4,0,0,6,4,0.3333
4,36.0000,36,13,360.5910,-81.5399,-0.2005,13,0.3250,0.6667,6,6,4,0,0,6,4,0.3333
4,36.0000,36,16,690.6602,-86.1292,-0.3641,5,0.1250,1.0000,8,8,8,0,0,8,8,0.0000
4,36.0000,36,21,844.5691,-86.3149,-0.4033,5,0.1250,1.0000,6,8,8,0,0,8,8,0.0000
4,36.0000,36,25,738.2383,-86.5985,-0.9894,3,0.0750,1.0000,8,8,8,0,0,8,8,0.0000
4,36.0000,36,26,847.2354,-86.8603,-0.1368,3,0.0750,1.0000,8,8,8,0,0,8,8,0.0000
4,36.0000,36,27,587.9820,-86.0280,0.2290,6,0.1500,0.8571,7,7,6,0,0,7,6,0.1429
4,36.0000,36,29,823.0806,-87.0617,-0.6963,3,0.0750,1.0000,8,8,8,0,0,8,8,0.0000
4,36.0000,36,34,618.6430,-84.6278,-0.5630,15,0.3750,0.8750,8,8,8,0,0,8,8,0.0000
4,36.0000,36,35,225.0634,-76.2796,-0.2778,37,0.9250,0.2000,5,4,0,0,0,4,0,1.0000
4,36.0000,36,40,509.2922,-83.7712,-0.2190,11,0.2750,1.0000,8,6,4,0,0,6,4,0.3333
4,36.0000,36,47,1000.7738,-87.4641,-0.9833,3,0.0750,1.0000,6,4,4,0,0,4,4,0.0000
4,36.0000,37,0,469.1854,-82.5703,-0.3004,14,0.3500,1.0000,8,7,5,0,0,7,5,0.2857
4,36.0000,37,3,594.2395,-85.6674,0.5550,17,0.4250,1.0000,8,8,7,0,0,8,7,0.1250
4,36.0000,37,6,171.3918,-75.0164,0.0623,34,0.8500,0.2000,5,5,1,0,0,5,1,0.8000
4,36.0000,37,7,142.1660,-65.5706,-2.6190,36,0.9000,0.0000,4,4,0,0,0,4,0,1.0000
4,36.0000,37,9,785.5678,-85.8358,-1.7645,5,0.1250,0.8750,8,6,6,0,0,6,6,0.0000
4,36.0000,37,14,277.9045,-81.5649,0.7055,31,0.7750,0.5000,6,4,0,0,0,4,0,1.0000
4,36.0000,37,15,662.8441,-85.4985,0.3120,11,0.2750,1.0000,8,7,6,0,0,7,6,0.1429
4,36.0000,37,18,394.3495,-78.8995,-0.4909,20,0.5000,0.5000,6,6,4,0,0,6,4,0.3333
4,36.0000,37,22,797.1071,-86.1517,0.8822,4,0.1000,0.8750,8,8,7,0,0,8,7,0.1250
4,36.0000,37,23,594.1274,-85.1759,1.0381,11,0.2750,0.8571,7,8,7,0,0,8,7,0.1250
4,36.0000,37,24,288.6248,-80.1386,0.2270,36,0.9000,0.3333,6,5,2,0,0,5,2,0.6000
4,36.0000,37,28,614.2587,-86.3989,1.1531,7,0.1750,0.8571,7,7,6,0,0,7,6,0.1429
4,36.0000,37,30,151.6486,-75.9775,1.3068,35,0.8750,0.0000,4,4,0,0,0,4,0,1.0000
4,36.0000,37,31,980.1257,-88.4527,1.0977,3,0.0750,1.0000,8,6,6,0,0,6,6,0.0000
4,36.0000,37,33,544.2349,-82.5866,1.0024,12,0.3000,0.8571,7,8,8,0,0,8,8,0.0000
4,36.0000,37,38,829.8873,-87.5371,-0.3140,4,0.1000,1.0000,6,10,10,0,0,10,10,0.0000
4,36.0000,37,41,327.5000,-78.6930,-0.5000,30,0.7500,0.4000,5,8,7,0,0,8,7,0.1250
4,36.0000,37,42,379.6938,-82.3090,0.7733,26,0.6500,0.8571,7,6,2,0,0,6,2,0.6667
4,36.0000,37,44,204.9193,-76.4003,0.0058,31,0.7750,0.0000,4,5,2,0,0,5,2,0.6000
4,36.0000,37,46,115.6393,-66.9108,-0.3143,38,0.9500,0.0000,4,5,1,0,0,5,1,0.8000
4,36.0000,38,2,788.2782,-86.9301,1.3748,6,0.1500,0.8571,7,8,8,0,0,8,8,0.0000
4,36.0000,38,3,770.5248,-87.0438,-0.1051,8,0.2000,1.0000,8,7,6,0,0,7,6,0.1429
4,36.0000,38,4,226.4374,-78.3592,0.6674,27,0.6750,0.2000,5,5,1,0,0,5,1,0.8000
4,36.0000,38,6,739.2179,-87.5432,-0.6511,7,0.1750,1.0000,8,2,2,0,0,2,2,0.0000
4,36.0000,38,8,1027.5099,-88.5806,0.3501,4,0.1000,1.0000,6,8,8,0,0,8,8,0.0000
4,36.0000,38,9,522.9451,-85.0052,0.4940,9,0.2250,0.8571,7,7,6,0,0,7,6,0.1429
4,36.0000,38,11,837.3795,-87.4015,-0.4030,3,0.0750,1.0000,6,8,8,0,0,8,8,0.0000
4,36.0000,38,15,997.7648,-88.0223,-0.4292,6,0.1500,1.0000,2,8,7,0,0,8,7,0.1250
4,36.0000,38,16,917.9667,-88.5773,0.4386,5,0.1250,1.0000,6,6,6,0,0,6,6,0.0000
4,36.0000,38,17,720.9837,-85.1969,0.1873,6,0.1500,1.0000,8,6,6,0,0,6,6,0.0000
4,36.0000,38,18,521.6174,-86.0420,0.0470,10,0.2500,0.8571,7,6,4,0,0,6,4,0.3333
4,36.0000,38,19,945.0275,-88.6015,0.3372,3,0.0750,1.0000,6,4,4,0,0,4,4,0.0000
4,36.0000,38,20,534.7078,-84.3218,0.3596,14,0.3500,0.7143,7,7,6,0,0,7,6,0.1429
4,36.0000,38,21,1017.7175,-88.5123,0.2957,3,0.0750,1.0000,2,2,2,0,0,2,2,0.0000
4,36.0000,38,22,258.3605,-78.2274,-0.5773,32,0.8000,0.5000,6,5,1,0,0,5,1,0.8000
4,36.0000,38,23,804.6997,-87.1056,-0.2422,5,0.1250,1.0000,8,8,8,0,0,8,8,0.0000
4,36.0000,38,24,1107.7826,-88.3697,0.6541,3,0.0750,1.0000,4,4,4,0,0,4,4,0.0000
4,36.0000,38,25,838.1211,-88.0918,1.2685,4,0.1000,1.0000,8,8,8,0,0,8,8,0.0000
4,36.0000,38,26,728.9975,-86.5317,0.1950,7,0.1750,0.8333,6,8,8,0,0,8,8,0.0000
4,36.0000,38,28,239.8358,-78.5010,0.3918,26,0.6500,0.0000,4,5,1,0,0,5,1,0.8000
4,36.0000,38,29,794.2264,-87.8066,0.4031,7,0.1750,1.0000,9,8,8,0,0,8,8,0.0000
4,36.0000,38,30,848.3906,-88.0268,-1.0061,6,0.1500,1.0000,6,8,8,0,0,8,8,0.0000
4,36.0000,38,31,895.0220,-87.1166,-0.6703,4,0.1000,0.8571,7,6,6,0,0,6,6,0.0000
4,36.0000,38,33,654.3675,-85.9967,0.4931,8,0.2000,1.0000,8,8,7,0,0,8,7,0.1250
4,36.0000,38,37,829.8873,-88.5530,0.4961,5,0.1250,1.0000,6,8,8,0,0,8,8,0.0000
4,36.0000,38,39,425.8107,-82.3998,0.2426,13,0.3250,1.0000,8,8,8,0,0,8,8,0.0000
4,36.0000,38,41,998.9353,-88.4599,4.6346,3,0.0750,1.0000,4,4,4,0,0,4,4,0.0000
4,36.0000,38,42,810.6986,-87.9138,-0.7825,6,0.1500,1.0000,8,4,4,0,0,4,4,0.0000
4,36.0000,38,43,850.0532,-87.1243,-1.0110,5,0.1250,1.0000,4,4,4,0,0,4,4,0.0000
4,36.0000,38,44,625.4627,-86.3699,1.2681,8,0.2000,1.0000,8,7,6,0,0,7,6,0.1429
4,36.0000,38,45,464.7543,-81.6439,0.0961,19,0.4750,1.0000,8,8,8,0,0,8,8,0.0000
4,36.0000,38,47,590.7115,-85.5529,-0.4269,10,0.2500,0.8750,8,8,8,0,0,8,8,0.0000
4,36.0000,39,0,758.3159,-86.3354,-0.1818,10,0.2500,1.0000,6,6,6,0,0,6,6,0.0000
4,36.0000,39,2,390.5959,-82.5495,1.1474,17,0.4250,0.8571,7,6,4,12,7,18,11,0.3889
4,36.0000,39,4,530.1662,-83.8234,0.1601,13,0.3250,0.7143,7,8,8,0,0,8,8,0.0000
4,36.0000,39,6,940.6783,-87.5426,0.0102,4,0.1000,0.8750,8,2,2,0,0,2,2,0.0000
4,36.0000,39,7,989.2574,-88.2434,-0.3100,4,0.1000,1.0000,6,2,2,0,0,2,2,0.0000
4,36.0000,39,8,633.4624,-86.0302,0.1955,10,0.2500,1.0000,8,7,6,0,0,7,6,0.1429
4,36.0000,39,9,290.6009,-79.0489,-0.0801,24,0.6000,0.6667,9,7,5,0,0,7,5,0.2857
4,36.0000,39,10,697.2574,-86.6719,0.1153,10,0.2500,1.0000,8,8,8,0,0,8,8,0.0000
4,36.0000,39,11,484.7153,-83.3957,0.3797,13,0.3250,0.8571,7,6,4,0,0,6,4,0.3333
4,36.0000,39,12,856.6901,-88.3241,0.3631,5,0.1250,1.0000,6,5,4,0,0,5,4,0.2000
4,36.0000,39,13,844.1131,-87.4629,0.0813,7,0.1750,1.0000,4,4,4,0,0,4,4,0.0000
4,36.0000,39,16,508.8350,-85.6463,1.2853,11,0.2750,1.0000,8,6,3,0,0,6,3,0.5000
4,36.0000,39,17,352.3546,-79.6261,-0.6199,22,0.5500,0.6667,9,5,4,0,0,5,4,0.2000
4,36.0000,39,18,589.0713,-85.3204,0.7087,9,0.2250,0.7143,7,7,6,0,0,7,6,0.1429
4,36.0000,39,19,550.5409,-84.4273,-0.3347,12,0.3000,0.8750,8,7,6,0,0,7,6,0.1429
4,36.0000,39,20,389.2669,-81.5345,0.0611,18,0.4500,0.6667,6,7,5,0,0,7,5,0.2857
4,36.0000,39,21,744.2410,-87.7945,-0.2936,8,0.2000,1.0000,2,8,8,0,0,8,8,0.0000
4,36.0000,39,22,587.0708,-83.8953,-0.5664,13,0.3250,0.8750,8,6,6,0,0,6,6,0.0000
4,36.0000,39,23,710.3741,-85.7838,-0.6130,9,0.2250,1.0000,8,8,8,0,0,8,8,0.0000
4,36.0000,39,25,466.7957,-83.6704,-0.2185,14,0.3500,0.8000,10,7,5,0,0,7,5,0.2857
4,36.0000,39,26,368.8276,-83.8637,0.0011,12,0.3000,0.7143,7,6,3,0,0,6,3,0.5000
4,36.0000,39,27,944.1906,-88.5084,0.4497,3,0.0750,1.0000,6,6,6,0,0,6,6,0.0000
4,36.0000,39,28,428.3367,-82.6560,0.9570,15,0.3750,0.7143,7,7,6,0,0,7,6,0.1429
4,36.0000,39,29,503.3534,-84.4944,0.1703,12,0.3000,0.7143,7,6,4,0,0,6,4,0.3333
4,36.0000,39,30,1000.2021,-88.5278,0.2027,3,0.0750,1.0000,6,4,4,0,0,4,4,0.0000
4,36.0000,39,31,549.1795,-83.7051,-1.3247,12,0.3000,1.0000,8,8,7,0,0,8,7,0.1250
4,36.0000,39,32,622.4297,-85.6813,-0.0772,8,0.2000,0.8750,8,8,7,0,0,8,7,0.1250
4,36.0000,39,33,570.5223,-85.8446,-0.3795,9,0.2250,0.7143,7,6,4,0,0,6,4,0.3333
4,36.0000,39,37,970.6604,-87.3472,0.4072,5,0.1250,1.0000,8,4,4,0,0,4,4,0.0000
4,36.0000,39,38,425.8107,-81.4774,-0.1203,20,0.5000,0.7500,8,8,7,0,0,8,7,0.1250
4,36.0000,39,40,956.3322,-88.5554,0.0987,5,0.1250,1.0000,6,4,4,0,0,4,4,0.0000
4,36.0000,39,41,1021.6372,-88.2348,-0.4459,5,0.1250,1.0000,8,4,4,0,0,4,4,0.0000
4,36.0000,39,43,551.4985,-83.5448,0.4496,15,0.3750,0.7143,7,7,6,0,0,7,6,0.1429
4,36.0000,39,44,798.2918,-87.1406,0.3182,8,0.2000,0.7500,4,8,8,0,0,8,8,0.0000
4,36.0000,39,45,303.7342,-79.3461,-0.3356,25,0.6250,0.0000,4,5,2,0,0,5,2,0.6000
4,36.0000,39,47,300.3621,-79.9411,0.4401,22,0.5500,0.5000,6,4,0,0,0,4,0,1.0000
4,36.0000,40,1,503.9355,-83.3279,-0.1853,16,0.4000,1.0000,8,7,6,0,0,7,6,0.1429
4,36.0000,40,2,600.0929,-84.2639,-0.8482,12,0.3000,0.7500,8,8,8,0,0,8,8,0.0000
4,36.0000,40,5,811.6820,-87.4069,-0.3028,10,0.2500,0.7143,7,7,6,0,0,7,6,0.1429
4,36.0000,40,8,343.9757,-79.2972,-0.6519,25,0.6250,0.6667,9,7,6,0,0,7,6,0.1429
4,36.0000,40,10,696.8364,-86.2156,0.4196,9,0.2250,1.0000,8,7,5,0,0,7,5,0.2857
4,36.0000,40,11,882.8840,-87.8852,0.6464,3,0.0750,1.0000,6,6,6,0,0,6,6,0.0000
4,36.0000,40,12,297.0347,-78.5566,0.0120,29,0.7250,0.5000,6,6,3,0,0,6,3,0.5000
4,36.0000,40,13,480.1758,-82.6302,0.2098,18,0.4500,0.7778,9,6,5,0,0,6,5,0.1667
4,36.0000,40,16,532.9512,-81.8168,-0.5866,14,0.3500,1.0000,8,8,8,0,0,8,8,0.0000
4,36.0000,40,17,823.2317,-86.9562,0.9028,5,0.1250,1.0000,8,8,8,0,0,8,8,0.0000
4,36.0000,40,19,730.3272,-87.1088,-0.6573,4,0.1000,0.8571,7,8,8,0,0,8,8,0.0000
4,36.0000,40,21,642.0544,-86.7261,0.9214,8,0.2000,0.8571,7,8,8,0,0,8,8,0.0000
4,36.0000,40,25,618.5114,-86.0510,-0.1806,8,0.2000,1.0000,8,8,8,0,0,8,8,0.0000
4,36.0000,40,26,712.3324,-86.3307,-0.8238,10,0.2500,0.8571,7,8,8,0,0,8,8,0.0000
4,36.0000,40,27,266.8245,-78.7388,-0.2270,30,0.7500,0.5575,113,6,3,97,33,103,36,0.6505
4,36.0000,40,29,786.9343,-87.1261,-0.4283,9,0.2250,0.8571,7,8,8,0,0,8,8,0.0000
4,36.0000,40,31,887.9501,-86.8696,-4.0529,3,0.0750,1.0000,8,8,8,0,0,8,8,0.0000
4,36.0000,40,32,823.2148,-88.3120,-0.2763,5,0.1250,1.0000,8,8,8,0,0,8,8,0.0000
4,36.0000,40,34,705.9522,-85.9227,-0.4041,11,0.2750,1.0000,8,8,8,0,0,8,8,0.0000
4,36.0000,40,35,567.0042,-84.8411,-0.6738,18,0.4500,0.8571,7,6,3,0,0,6,3,0.5000
4,36.0000,40,36,509.2922,-84.1523,-0.1532,23,0.5750,1.0000,8,6,3,0,0,6,3,0.5000
4,36.0000,40,39,956.3322,-87.4750,0.5292,5,0.1250,1.0000,8,8,8,0,0,8,8,0.0000
4,36.0000,40,43,951.3700,-86.6756,1.1495,4,0.1000,1.0000,6,8,8,0,0,8,8,0.0000
4,36.0000,40,45,965.7290,-87.5961,0.0114,6,0.1500,1.0000,4,7,6,0,0,7,6,0.1429
4,36.0000,40,47,837.2529,-85.7572,-0.3189,5,0.1250,0.8750,8,8,8,0,0,8,8,0.0000
4,36.0000,41,0,317.0083,-79.4971,-0.2724,25,0.6250,0.4000,5,5,2,0,0,5,2,0.6000
4,36.0000,41,6,494.7138,-83.2796,-0.0160,17,0.4250,0.4000,5,8,8,0,0,8,8,0.0000
4,36.0000,41,7,226.1457,-77.7682,0.4732,27,0.6750,0.2000,5,6,2,0,0,6,2,0.6667
4,36.0000,41,9,770.5662,-84.7291,-1.0779,3,0.0750,0.8571,7,6,6,0,0,6,6,0.0000
4,36.0000,41,14,554.2024,-86.3276,0.5464,12,0.3000,0.8750,8,8,7,0,0,8,7,0.1250
4,36.0000,41,18,530.2778,-83.9087,-0.9284,9,0.2250,0.8571,7,8,8,0,0,8,8,0.0000
4,36.0000,41,23,432.8878,-82.2417,0.9631,12,0.3000,0.8571,7,8,7,0,0,8,7,0.1250
4,36.0000,41,24,340.5722,-81.2077,0.7215,29,0.7250,0.8571,7,5,2,0,0,5,2,0.6000
4,36.0000,41,30,312.0923,-81.0286,1.1415,22,0.5500,0.2000,5,5,1,0,0,5,1,0.8000
4,36.0000,41,33,475.4043,-80.1315,-0.6862,14,0.3500,1.0000,8,6,3,0,0,6,3,0.5000
4,36.0000,41,37,327.5000,-79.2589,-0.3530,29,0.7250,0.4000,5,7,3,0,0,7,3,0.5714
4,36.0000,41,42,588.0861,-84.4627,0.8901,10,0.2500,0.5000,6,8,8,0,0,8,8,0.0000
4,36.0000,41,44,453.6816,-81.9303,0.9325,11,0.2750,0.5714,7,8,5,0,0,8,5,0.3750
4,36.0000,41,46,308.3499,-79.8241,0.6156,24,0.6000,0.5000,6,5,2,0,0,5,2,0.6000
4,36.0000,42,0,742.4887,-87.9552,0.8761,6,0.1500,1.0000,8,8,8,0,0,8,8,0.0000
4,36.0000,42,3,320.3965,-81.1978,0.5804,33,0.8250,0.5714,7,6,3,0,0,6,3,0.5000
4,36.0000,42,4,659.4098,-86.1064,1.1199,7,0.1750,1.0000,8,5,4,0,0,5,4,0.2000
4,36.0000,42,6,356.1930,-81.4708,1.1942,21,0.5250,0.6667,6,8,5,0,0,8,5,0.3750
4,36.0000,42,7,504.1533,-83.9817,0.7599,19,0.4750,0.6250,8,7,6,0,0,7,6,0.1429
4,36.0000,42,9,905.6643,-88.0425,-0.7959,3,0.0750,1.0000,8,6,6,0,0,6,6,0.0000
4,36.0000,42,14,294.8842,-78.5144,-0.5368,34,0.8500,0.4000,5,6,3,0,0,6,3,0.5000
4,36.0000,42,15,432.5522,-81.6296,0.4321,32,0.8000,0.5000,6,6,3,0,0,6,3,0.5000
4,36.0000,42,18,600.7526,-84.8399,0.0114,12,0.3000,1.0000,8,8,8,0,0,8,8,0.0000
4,36.0000,42,22,674.4544,-86.2795,1.2910,6,0.1500,1.0000,8,8,7,0,0,8,7,0.1250
4,36.0000,42,23,739.9848,-85.9905,0.2048,5,0.1250,0.8750,8,8,8,0,0,8,8,0.0000
4,36.0000,42,24,476.0928,-82.3198,-0.4310,26,0.6500,1.0000,8,7,6,0,0,7,6,0.1429
4,36.0000,42,28,658.4681,-85.1745,0.0450,9,0.2250,0.8750,8,8,7,0,0,8,7,0.1250
4,36.0000,42,30,285.0390,-78.0737,-0.1952,31,0.7750,0.4000,5,6,4,0,0,6,4,0.3333
4,36.0000,42,33,706.0360,-87.4869,-1.1598,5,0.1250,1.0000,8,8,8,0,0,8,8,0.0000
4,36.0000,42,37,379.6938,-82.6633,1.6146,21,0.5250,0.6667,6,6,3,0,0,6,3,0.5000
4,36.0000,42,41,588.0861,-86.0203,0.2294,9,0.2250,0.7143,7,8,7,0,0,8,7,0.1250
4,36.0000,42,44,369.7716,-80.0896,-0.1697,25,0.6250,0.6667,6,7,5,0,0,7,5,0.2857
4,36.0000,42,46,396.6664,-81.6455,-0.1976,23,0.5750,0.6667,6,5,2,0,0,5,2,0.6000
4,36.0000,43,0,502.4107,-83.0163,0.9855,8,0.2000,1.0000,8,6,4,0,0,6,4,0.3333
4,36.0000,43,2,510.3301,-82.1924,0.3788,10,0.2500,0.8750,8,7,6,0,0,7,6,0.1429
4,36.0000,43,8,739.3961,-84.5225,-0.1732,5,0.1250,1.0000,8,8,8,0,0,8,8,0.0000
4,36.0000,43,9,327.2108,-79.7138,0.0839,20,0.5000,0.7500,8,6,3,0,0,6,3,0.5000
4,36.0000,43,10,537.2869,-83.3970,0.0664,11,0.2750,0.6667,6,8,7,0,0,8,7,0.1250
4,36.0000,43,11,425.8747,-80.6569,0.1491,18,0.4500,0.8750,8,7,6,0,0,7,6,0.1429
4,36.0000,43,17,231.4756,-75.6948,-1.0469,37,0.9250,0.6250,8,6,3,0,0,6,3,0.5000
4,36.0000,43,19,407.1470,-82.3183,0.4583,14,0.3500,0.8571,7,8,7,0,0,8,7,0.1250
4,36.0000,43,23,400.5202,-81.3446,-1.1857,12,0.3000,0.8571,7,8,6,0,0,8,6,0.2500
4,36.0000,43,25,781.5803,-86.6884,0.0481,4,0.1000,0.8750,8,6,6,0,0,6,6,0.0000
4,36.0000,43,27,822.9934,-85.8060,-0.4729,5,0.1250,1.0000,6,4,4,0,0,4,4,0.0000
4,36.0000,43,28,700.3387,-84.4735,0.7353,4,0.1000,1.0000,8,8,7,0,0,8,7,0.1250
4,36.0000,43,31,254.5971,-77.5527,0.1521,32,0.8000,0.5000,4,5,1,0,0,5,1,0.8000
4,36.0000,43,32,241.0312,-75.9760,-1.1429,33,0.8250,0.3333,6,6,4,0,0,6,4,0.3333
4,36.0000,43,33,393.4806,-83.0590,-0.2338,8,0.2000,1.0000,8,6,2,0,0,6,2,0.6667
4,36.0000,43,39,551.4985,-84.5932,2.4005,3,0.0750,0.8571,7,7,6,0,0,7,6,0.1429
4,36.0000,43,41,786.8061,-86.0402,0.2480,4,0.1000,1.0000,6,8,8,0,0,8,8,0.0000
4,36.0000,43,45,774.7224,-85.4920,-0.2458,4,0.1000,1.0000,6,6,6,0,0,6,6,0.0000
4,36.0000,44,0,473.6620,-84.5465,1.4997,14,0.3500,0.8571,7,5,2,0,0,5,2,0.6000
4,36.0000,44,3,521.7511,-83.4407,-0.5348,24,0.6000,0.8571,7,8,7,0,0,8,7,0.1250
4,36.0000,44,4,552.9828,-85.3461,-0.0057,9,0.2250,0.8750,8,8,8,0,0,8,8,0.0000
4,36.0000,44,6,161.5368,-71.4279,-0.7591,37,0.9250,0.0000,4,4,0,0,0,4,0,1.0000
4,36.0000,44,7,305.7818,-77.5194,-0.3786,29,0.7250,0.4000,5,6,3,0,0,6,3,0.5000
4,36.0000,44,9,645.2406,-85.8922,0.8144,7,0.1750,0.8571,7,8,7,0,0,8,7,0.1250
4,36.0000,44,11,908.8305,-88.5822,-0.5382,3,0.0750,1.0000,6,8,8,0,0,8,8,0.0000
4,36.0000,44,14,375.6250,-80.5219,-0.6741,31,0.7750,0.0000,4,7,6,0,0,7,6,0.1429
4,36.0000,44,15,657.7575,-84.5579,-0.5312,19,0.4750,0.8750,8,7,6,0,0,7,6,0.1429
4,36.0000,44,18,246.0571,-77.5359,-0.2827,25,0.6250,0.0000,4,7,5,0,0,7,5,0.2857
4,36.0000,44,22,604.6093,-86.1943,0.0217,12,0.3000,0.8750,8,8,8,0,0,8,8,0.0000
4,36.0000,44,23,556.4911,-84.7986,-1.0531,11,0.2750,1.0000,8,7,6,0,0,7,6,0.1429
4,36.0000,44,24,486.6688,-83.0133,0.4692,27,0.6750,0.2000,5,7,5,0,0,7,5,0.2857
4,36.0000,44,28,415.8757,-81.4555,-0.8685,16,0.4000,0.5714,7,8,8,0,0,8,8,0.0000
4,36.0000,44,30,258.1905,-78.0107,-0.1396,34,0.8500,0.0000,4,4,0,0,0,4,0,1.0000
4,36.0000,44,33,459.3571,-83.6562,0.6868,10,0.2500,1.0000,8,7,6,0,0,7,6,0.1429
4,36.0000,44,37,204.9193,-76.8026,0.3126,35,0.8750,0.2000,5,6,2,0,0,6,2,0.6667
4,36.0000,44,38,625.4627,-86.2299,0.5354,8,0.2000,1.0000,6,6,6,0,0,6,6,0.0000
4,36.0000,44,41,453.6816,-83.5412,0.5777,18,0.4500,0.5714,7,7,5,0,0,7,5,0.2857
4,36.0000,44,42,369.7716,-81.2889,0.5461,30,0.7500,0.4000,5,6,3,0,0,6,3,0.5000
4,36.0000,44,45,999.4870,-87.1722,-2.1572,3,0.0750,1.0000,4,4,4,0,0,4,4,0.0000
4,36.0000,44,46,316.6336,-76.9692,-1.2543,35,0.8750,0.0000,4,5,2,0,0,5,2,0.6000
4,36.0000,45,2,446.7588,-82.6432,-0.1770,9,0.2250,0.8571,7,6,4,0,0,6,4,0.3333
4,36.0000,45,4,564.3613,-84.4156,-0.2596,13,0.3250,1.0000,8,7,5,0,0,7,5,0.2857
4,36.0000,45,8,623.7847,-86.8672,1.7032,5,0.1250,0.8571,7,8,7,0,0,8,7,0.1250
4,36.0000,45,9,531.0503,-84.2873,0.7319,6,0.1500,0.7143,7,7,6,0,0,7,6,0.1429
4,36.0000,45,11,761.1070,-86.6837,-0.5805,3,0.0750,1.0000,8,4,4,0,0,4,4,0.0000
4,36.0000,45,13,878.0909,-88.1456,-0.0900,4,0.1000,1.0000,4,4,4,0,0,4,4,0.0000
4,36.0000,45,16,615.2276,-85.7798,1.3604,8,0.2000,1.0000,6,7,5,0,0,7,5,0.2857
4,36.0000,45,17,575.6848,-85.0402,-0.1728,6,0.1500,1.0000,8,7,5,0,0,7,5,0.2857
4,36.0000,45,18,829.7521,-88.3453,-1.2206,3,0.0750,1.0000,8,8,8,0,0,8,8,0.0000
4,36.0000,45,20,209.2411,-76.6805,0.3264,32,0.8000,0.2000,5,5,1,0,0,5,1,0.8000
4,36.0000,45,21,561.2839,-84.4482,-0.8182,10,0.2500,1.0000,8,7,6,0,0,7,6,0.1429
4,36.0000,45,22,586.5726,-82.9873,-0.9980,14,0.3500,1.0000,8,6,5,0,0,6,5,0.1667
4,36.0000,45,25,509.4273,-83.0107,0.1622,9,0.2250,0.8571,7,7,5,0,0,7,5,0.2857
4,36.0000,45,26,424.6628,-82.5428,-0.6276,16,0.4000,0.8750,8,7,6,0,0,7,6,0.1429
4,36.0000,45,28,589.4351,-85.8764,-0.6132,9,0.2250,1.0000,8,8,8,0,0,8,8,0.0000
4,36.0000,45,29,506.2509,-83.4595,0.7321,13,0.3250,1.0000,8,7,6,0,0,7,6,0.1429
4,36.0000,45,31,813.5280,-87.3231,-0.8801,3,0.0750,1.0000,8,8,8,0,0,8,8,0.0000
4,36.0000,45,32,858.7339,-86.9917,-1.5675,3,0.0750,1.0000,8,8,8,0,0,8,8,0.0000
4,36.0000,45,33,805.8935,-87.0665,0.1161,3,0.0750,1.0000,8,8,8,0,0,8,8,0.0000
4,36.0000,45,38,464.7543,-79.9196,-1.3419,24,0.6000,0.5714,7,8,7,0,0,8,7,0.1250
4,36.0000,45,39,303.7342,-78.8927,0.3464,17,0.4250,0.8571,7,7,5,0,0,7,5,0.2857
4,36.0000,45,43,774.7224,-87.5411,3.6201,3,0.0750,0.8750,8,4,3,0,0,4,3,0.2500
4,36.0000,45,47,262.7856,-79.4817,1.7385,19,0.4750,1.0000,8,5,1,0,0,5,1,0.8000
4,36.0000,46,0,522.6820,-84.0230,-0.8940,17,0.4250,0.8571,7,6,6,0,0,6,6,0.0000
4,36.0000,46,3,632.8368,-84.9250,0.1168,17,0.4250,1.0000,8,7,6,0,0,7,6,0.1429
4,36.0000,46,4,848.5645,-87.8194,-0.0575,6,0.1500,1.0000,8,2,2,0,0,2,2,0.0000
4,36.0000,46,6,256.1313,-74.3749,-0.8119,30,0.7500,0.0000,4,6,3,0,0,6,3,0.5000
4,36.0000,46,7,154.2911,-71.6292,-1.0429,34,0.8500,0.0000,4,5,1,0,0,5,1,0.8000
4,36.0000,46,9,882.3693,-86.3926,-0.6710,9,0.2250,1.0000,8,8,8,0,0,8,8,0.0000
4,36.0000,46,11,1094.5917,-88.6226,0.6064,3,0.0750,1.0000,6,2,2,0,0,2,2,0.0000
4,36.0000,46,14,254.5377,-78.8790,0.7598,33,0.8250,0.3333,6,5,1,0,0,5,1,0.8000
4,36.0000,46,15,665.7820,-85.1959,-0.7433,19,0.4750,0.7143,7,8,8,0,0,8,8,0.0000
4,36.0000,46,17,1080.6058,-89.2133,-0.2222,3,0.0750,1.0000,8,6,6,0,0,6,6,0.0000
4,36.0000,46,18,506.2228,-81.4145,-0.9414,17,0.4250,0.7143,7,8,8,0,0,8,8,0.0000
4,36.0000,46,22,894.5352,-89.0586,-0.4782,5,0.1250,0.8571,7,4,4,0,0,4,4,0.0000
4,36.0000,46,23,647.5283,-87.0883,-0.1877,8,0.2000,0.8750,8,8,8,0,0,8,8,0.0000
4,36.0000,46,24,173.4305,-77.1260,1.2547,37,0.9250,0.0000,4,4,0,0,0,4,0,1.0000
4,36.0000,46,28,726.4193,-85.8161,-0.5185,10,0.2500,1.0000,8,8,8,0,0,8,8,0.0000
4,36.0000,46,30,161.3800,-73.1673,0.5220,36,0.9000,0.0000,4,6,3,0,0,6,3,0.5000
4,36.0000,46,33,623.6460,-84.6845,-0.3697,11,0.2750,1.0000,8,7,5,0,0,7,5,0.2857
4,36.0000,46,37,115.6393,-67.0450,-0.7251,34,0.8500,0.0000,4,6,3,0,0,6,3,0.5000
4,36.0000,46,38,941.1887,-87.4476,0.3477,4,0.1000,1.0000,4,6,6,0,0,6,6,0.0000
4,36.0000,46,41,308.3499,-79.7639,-0.4354,26,0.6500,0.3333,6,7,3,0,0,7,3,0.5714
4,36.0000,46,42,396.6664,-81.2298,-0.0245,18,0.4500,0.0000,4,7,6,0,0,7,6,0.1429
4,36.0000,46,44,316.6336,-77.2405,-1.7408,31,0.7750,0.2000,5,7,6,0,0,7,6,0.1429
4,36.0000,47,1,873.7103,-87.6712,0.7581,8,0.2000,1.0000,4,4,4,0,0,4,4,0.0000
4,36.0000,47,2,404.2400,-83.4268,0.0104,19,0.4750,0.6667,6,8,6,0,0,8,6,0.2500
4,36.0000,47,4,741.9348,-88.5583,0.7881,4,0.1000,0.8000,5,8,7,0,0,8,7,0.1250
4,36.0000,47,5,916.2093,-88.4140,0.0543,5,0.1250,1.0000,6,8,8,0,0,8,8,0.0000
4,36.0000,47,8,521.0315,-84.2500,-0.3221,14,0.3500,0.8571,7,8,7,0,0,8,7,0.1250
4,36.0000,47,9,580.0675,-86.7664,0.5932,8,0.2000,1.0000,8,6,3,0,0,6,3,0.5000
4,36.0000,47,10,764.6816,-86.9200,0.4203,8,0.2000,0.8750,8,6,6,0,0,6,6,0.0000
4,36.0000,47,11,632.7271,-85.5263,-0.2403,9,0.2250,0.9556,45,8,8,0,0,8,8,0.0000
4,36.0000,47,12,725.8853,-86.4491,-0.0371,13,0.3250,1.0000,8,8,8,0,0,8,8,0.0000
4,36.0000,47,13,649.3291,-84.2934,-0.7457,16,0.4000,1.0000,8,8,8,0,0,8,8,0.0000
4,36.0000,47,16,410.5021,-81.9173,0.0131,18,0.4500,0.7500,8,7,6,0,0,7,6,0.1429
4,36.0000,47,17,552.7187,-84.4855,-0.2499,10,0.2500,1.0000,8,8,8,0,0,8,8,0.0000
4,36.0000,47,18,865.7900,-88.9701,-0.4121,4,0.1000,1.0000,6,6,6,0,0,6,6,0.0000
4,36.0000,47,19,657.1034,-85.7680,-0.3710,8,0.2000,0.8750,8,8,8,0,0,8,8,0.0000
4,36.0000,47,20,185.1318,-75.0693,-0.1829,34,0.8500,0.0000,4,4,0,0,0,4,0,1.0000
4,36.0000,47,21,503.8042,-82.5826,0.0382,26,0.6500,0.8750,8,8,8,0,0,8,8,0.0000
4,36.0000,47,22,779.0072,-87.4773,1.2839,7,0.1750,1.0000,8,8,8,0,0,8,8,0.0000
4,36.0000,47,23,1002.5377,-88.8615,0.2934,6,0.1500,1.0000,4,2,2,0,0,2,2,0.0000
4,36.0000,47,25,275.5389,-76.2053,-0.9434,34,0.8500,0.2000,5,7,5,0,0,7,5,0.2857
4,36.0000,47,26,181.0789,-72.3843,-1.4427,36,0.9000,0.0000,4,6,2,0,0,6,2,0.6667
4,36.0000,47,27,893.2110,-87.1099,-0.4945,5,0.1250,1.0000,8,8,8,0,0,8,8,0.0000
4,36.0000,47,28,683.7860,-88.5311,-1.1717,5,0.1250,1.0000,8,8,8,0,0,8,8,0.0000
4,36.0000,47,29,249.3784,-77.1434,-0.2751,33,0.8250,0.2000,5,5,1,0,0,5,1,0.8000
4,36.0000,47,31,736.9851,-86.8264,-0.1726,7,0.1750,0.8571,7,7,6,0,0,7,6,0.1429
4,36.0000,47,32,791.0385,-86.2217,0.2700,8,0.2000,1.0000,8,5,4,0,0,5,4,0.2000
4,36.0000,47,34,816.3884,-86.2119,0.0336,9,0.2250,1.0000,6,8,8,0,0,8,8,0.0000
4,36.0000,47,35,1172.8174,-88.9750,-0.3984,6,0.1500,,0,4,4,0,0,4,4,0.0000
4,36.0000,47,36,1000.7738,-86.9619,-0.0511,7,0.1750,1.0000,6,6,6,0,0,6,6,0.0000
4,36.0000,47,38,590.7115,-84.6815,-0.4637,11,0.2750,0.8571,7,7,6,0,0,7,6,0.1429
4,36.0000,47,39,300.3621,-81.4777,1.4259,13,0.3250,0.8571,7,5,2,0,0,5,2,0.6000
4,36.0000,47,40,837.2529,-86.5319,0.0379,13,0.3250,0.7500,8,8,8,0,0,8,8,0.0000
4,36.0000,47,43,781.4141,-87.0006,-0.7434,8,0.2000,1.0000,4,6,6,0,0,6,6,0.0000
4,36.0000,47,45,262.7856,-79.3746,0.6094,29,0.7250,0.5714,7,5,2,0,0,5,2,0.6000
4,40.0000,0,3,875.6184,-85.9861,0.6185,4,0.1000,0.8750,8,6,6,0,0,6,6,0.0000
4,40.0000,0,4,730.0691,-87.8457,-0.7203,4,0.1000,1.0000,8,8,8,0,0,8,8,0.0000
4,40.0000,0,6,590.2242,-84.9119,0.5943,15,0.3750,0.8571,7,6,4,0,0,6,4,0.3333
4,40.0000,0,7,400.0310,-81.3037,0.3760,21,0.5250,0.8571,7,6,4,0,0,6,4,0.3333
4,40.0000,0,9,582.1207,-84.0649,-0.0856,6,0.1500,0.8750,8,8,8,0,0,8,8,0.0000
4,40.0000,0,10,817.5691,-86.3285,0.9317,4,0.1000,1.0000,8,8,7,0,0,8,7,0.1250
4,40.0000,0,11,689.5422,-85.4242,0.6541,6,0.1500,1.0000,8,8,8,0,0,8,8,0.0000
4,40.0000,0,14,573.3880,-86.2520,0.3449,13,0.3250,0.8000,5,6,4,0,0,6,4,0.3333
4,40.0000,0,17,646.3350,-85.1188,-0.5807,6,0.1500,1.0000,8,8,8,0,0,8,8,0.0000
4,40.0000,0,18,384.6068,-81.1157,-0.6446,24,0.6000,0.8750,8,6,4,0,0,6,4,0.3333
4,40.0000,0,19,753.7270,-86.1477,-0.0663,3,0.0750,0.8333,6,8,8,0,0,8,8,0.0000
4,40.0000,0,22,804.4607,-87.3999,0.4321,5,0.1250,1.0000,8,7,6,0,0,7,6,0.1429
4,40.0000,0,23,252.1435,-77.7952,0.6513,31,0.7750,0.0000,4,5,2,0,0,5,2,0.6000
4,40.0000,0,24,520.0328,-84.2751,0.8629,12,0.3000,1.0000,8,8,7,0,0,8,7,0.1250
4,40.0000,0,28,530.7563,-84.0014,-1.9660,9,0.2250,0.7143,7,8,7,0,0,8,7,0.1250
4,40.0000,0,30,338.6069,-82.7201,1.6390,18,0.4500,0.5714,7,5,2,0,0,5,2,0.6000
4,40.0000,0,31,627.0686,-84.5160,0.7597,8,0.2000,1.0000,8,6,6,0,0,6,6,0.0000
4,40.0000,0,32,735.3550,-86.1163,0.3115,7,0.1750,0.8571,7,4,4,0,0,4,4,0.0000
4,40.0000,0,33,263.4894,-77.8014,-0.3433,29,0.7250,0.4000,5,5,2,0,0,5,2,0.6000
4,40.0000,0,37,483.1393,-83.0376,-0.2068,14,0.3500,0.7143,7,8,7,0,0,8,7,0.1250
4,40.0000,0,38,702.2332,-87.6219,0.9453,5,0.1250,1.0000,6,10,9,0,0,10,9,0.1000
4,40.0000,0,41,354.4387,-80.6681,0.1731,29,0.7250,0.7500,8,7,6,0,0,7,6,0.1429
4,40.0000,0,42,613.7552,-86.5480,0.5705,9,0.2250,0.8571,7,7,3,0,0,7,3,0.5714
4,40.0000,0,43,480.1205,-82.8053,0.9579,12,0.3000,0.6667,6,8,8,0,0,8,8,0.0000
4,40.0000,0,44,321.5280,-80.9220,0.5689,20,0.5000,0.6667,6,5,2,0,0,5,2,0.6000
4,40.0000,0,46,552.8046,-83.7972,0.1842,15,0.3750,0.5000,6,8,8,0,0,8,8,0.0000
4,40.0000,1,2,785.6065,-87.4148,1.2715,5,0.1250,0.8571,7,8,8,0,0,8,8,0.0000
4,40.0000,1,5,443.7710,-82.5842,0.0548,24,0.6000,0.5000,6,7,5,0,0,7,5,0.2857
4,40.0000,1,8,561.3618,-86.1365,0.6350,6,0.1500,1.0000,8,6,4,0,0,6,4,0.3333
4,40.0000,1,12,385.2003,-80.9164,0.0052,16,0.4000,0.5000,6,8,8,0,0,8,8,0.0000
4,40.0000,1,13,285.8225,-80.0039,0.3968,26,0.6500,0.0000,4,5,2,0,0,5,2,0.6000
4,40.0000,1,16,664.6452,-87.3560,-0.8400,4,0.1000,1.0000,8,7,6,0,0,7,6,0.1429
4,40.0000,1,21,543.4643,-84.5203,0.0004,8,0.2000,1.0000,8,5,2,0,0,5,2,0.6000
4,40.0000,1,25,511.1392,-82.9213,-0.0674,7,0.1750,0.8571,7,6,4,0,0,6,4,0.3333
4,40.0000,1,26,759.7231,-85.8272,0.0388,3,0.0750,1.0000,8,8,8,0,0,8,8,0.0000
4,40.0000,1,27,606.5034,-85.1121,0.8876,10,0.2500,0.8750,8,7,5,0,0,7,5,0.2857
4,40.0000,1,29,710.2899,-86.0626,-1.2253,7,0.1750,1.0000,8,8,8,0,0,8,8,0.0000
4,40.0000,1,34,401.6757,-80.8052,-0.1074,27,0.6750,0.5000,6,6,2,0,0,6,2,0.6667
4,40.0000,1,35,575.7282,-83.7729,0.2493,21,0.5250,0.4000,5,8,8,0,0,8,8,0.0000
4,40.0000,1,36,341.9382,-78.8025,-0.6898,34,0.8500,0.2000,5,9,6,0,0,9,6,0.3333
4,40.0000,1,40,479.1892,-83.1620,-0.4038,14,0.3500,0.7500,8,8,6,0,0,8,6,0.2500
4,40.0000,2,0,985.7315,-88.4267,-0.9428,4,0.1000,1.0000,4,6,6,0,0,6,6,0.0000
4,40.0000,2,1,785.6065,-87.2141,0.2715,10,0.2500,1.0000,8,3,2,0,0,3,2,0.3333
4,40.0000,2,4,760.2053,-87.3975,1.4732,5,0.1250,0.8750,8,8,8,0,0,8,8,0.0000
4,40.0000,2,5,858.8330,-88.0008,1.3736,5,0.1250,1.0000,4,6,6,0,0,6,6,0.0000
4,40.0000,2,8,262.9724,-77.6048,0.5707,27,0.6750,0.5000,6,6,2,0,0,6,2,0.6667
4,40.0000,2,9,413.2596,-82.9492,-0.8609,12,0.3000,1.0000,8,8,8,0,0,8,8,0.0000
4,40.0000,2,10,615.4789,-84.6062,-0.4058,16,0.4000,0.7143,7,8,8,22,21,30,29,0.0333
4,40.0000,2,11,640.6210,-85.8211,-1.6789,10,0.2500,0.9524,21,8,7,4,4,12,11,0.0833
4,40.0000,2,12,551.9528,-84.8868,-0.3241,16,0.4000,1.0000,8,8,6,0,0,8,6,0.2500
4,40.0000,2,13,667.5912,-85.1562,0.2329,11,0.2750,1.0000,8,10,9,0,0,10,9,0.1000
4,40.0000,2,16,312.4080,-80.2185,-0.2144,20,0.5000,0.5000,6,7,6,0,0,7,6,0.1429
4,40.0000,2,17,438.6992,-79.8080,-0.7100,18,0.4500,0.6250,8,8,7,0,0,8,7,0.1250
4,40.0000,2,18,829.3517,-86.2991,2.2926,5,0.1250,1.0000,4,8,8,0,0,8,8,0.0000
4,40.0000,2,19,488.6565,-82.8720,-0.3439,14,0.3500,0.8571,7,8,8,0,0,8,8,0.0000
4,40.0000,2,20,473.7719,-85.0094,-0.9853,13,0.3250,0.5714,7,7,6,0,0,7,6,0.1429
4,40.0000,2,21,512.3612,-83.8550,-0.2833,17,0.4250,0.8571,7,7,6,0,0,7,6,0.1429
4,40.0000,2,22,934.8816,-88.6494,2.0443,3,0.0750,1.0000,2,4,4,0,0,4,4,0.0000
4,40.0000,2,25,372.5065,-81.4161,0.9615,23,0.5750,0.0000,4,7,5,0,0,7,5,0.2857
4,40.0000,2,26,314.9335,-79.7773,0.1964,21,0.5250,0.6667,6,6,3,0,0,6,3,0.5000
4,40.0000,2,27,764.0043,-85.5742,-0.9026,13,0.3250,1.0000,6,8,8,0,0,8,8,0.0000
4,40.0000,2,28,696.2992,-86.0054,-0.9886,6,0.1500,0.8000,5,8,8,0,0,8,8,0.0000
4,40.0000,2,29,466.2285,-83.3566,0.1223,15,0.3750,0.8571,7,8,7,0,0,8,7,0.1250
4,40.0000,2,31,675.5922,-84.2547,-1.2426,10,0.2500,0.8571,7,6,6,0,0,6,6,0.0000
4,40.0000,2,32,519.2286,-83.6290,-0.6238,15,0.3750,0.8750,8,7,5,0,0,7,5,0.2857
4,40.0000,2,33,754.7679,-86.4485,-0.0083,4,0.1000,0.8571,7,2,2,0,0,2,2,0.0000
4,40.0000,2,34,922.9477,-88.1555,0.0087,7,0.1750,1.0000,8,8,8,0,0,8,8,0.0000
4,40.0000,2,36,954.8533,-87.5816,0.8033,4,0.1000,1.0000,8,6,6,0,0,6,6,0.0000
4,40.0000,2,38,795.4632,-87.8842,3.3381,4,0.1000,1.0000,8,8,8,0,0,8,8,0.0000
4,40.0000,2,39,310.8925,-80.5099,-0.2304,18,0.4500,0.7143,7,7,3,0,0,7,3,0.5714
4,40.0000,2,40,735.6120,-86.0210,-0.3988,13,0.3250,0.7143,7,8,7,0,0,8,7,0.1250
4,40.0000,2,43,731.6174,-85.1333,-1.6781,9,0.2250,1.0000,8,6,6,0,0,6,6,0.0000
4,40.0000,2,45,328.6551,-80.9833,1.6289,20,0.5000,0.8750,8,5,2,0,0,5,2,0.6000
4,40.0000,2,47,368.6051,-81.3331,0.4381,22,0.5500,0.7143,7,7,4,0,0,7,4,0.4286
4,40.0000,3,0,875.6184,-88.1865,-0.8797,3,0.0750,1.0000,8,8,8,0,0,8,8,0.0000
4,40.0000,3,4,780.0594,-86.6930,-0.9265,8,0.2000,0.8571,7,8,8,0,0,8,8,0.0000
4,40.0000,3,6,365.9249,-82.4624,0.8571,24,0.6000,0.6667,6,5,1,0,0,5,1,0.8000
4,40.0000,3,7,766.3586,-87.5076,0.6907,6,0.1500,1.0000,8,8,8,0,0,8,8,0.0000
4,40.0000,3,14,452.1111,-82.5144,-0.2846,24,0.6000,0.6667,6,6,4,0,0,6,4,0.3333
4,40.0000,3,15,137.3699,-73.9942,1.4698,35,0.8750,0.2000,5,4,0,0,0,4,0,1.0000
4,40.0000,3,18,792.4446,-85.8044,0.2282,3,0.0750,1.0000,8,8,8,0,0,8,8,0.0000
4,40.0000,3,22,653.9144,-85.2402,0.0177,8,0.2000,0.8571,7,8,8,0,0,8,8,0.0000
4,40.0000,3,23,974.3120,-87.6641,0.3909,4,0.1000,1.0000,6,8,8,0,0,8,8,0.0000
4,40.0000,3,24,756.4754,-85.3202,0.5285,9,0.2250,0.8571,7,8,8,0,0,8,8,0.0000
4,40.0000,3,28,826.7108,-86.6191,-0.4167,5,0.1250,0.8889,9,7,7,0,0,7,7,0.0000
4,40.0000,3,30,589.0013,-84.7326,0.2684,13,0.3250,0.8571,7,8,8,0,0,8,8,0.0000
4,40.0000,3,33,901.9910,-86.0696,-0.0773,4,0.1000,1.0000,8,8,8,0,0,8,8,0.0000
4,40.0000,3,37,457.8407,-83.6817,1.3694,15,0.3750,1.0000,8,6,3,0,0,6,3,0.5000
4,40.0000,3,38,752.2966,-88.9164,0.1990,3,0.0750,1.0000,8,7,6,0,0,7,6,0.1429
4,40.0000,3,41,784.1079,-86.9177,0.1316,7,0.1750,1.0000,8,8,8,0,0,8,8,0.0000
4,40.0000,3,42,302.2241,-80.3991,-0.0841,27,0.6750,0.2000,5,6,3,0,0,6,3,0.5000
4,40.0000,3,44,600.2635,-84.9254,-0.3976,10,0.2500,0.7143,7,8,8,0,0,8,8,0.0000
4,40.0000,3,46,643.3975,-86.2387,0.5170,8,0.2000,1.0000,8,8,6,0,0,8,6,0.2500
4,40.0000,4,0,730.0691,-84.7681,0.2341,5,0.1250,1.0000,8,8,8,0,0,8,8,0.0000
4,40.0000,4,3,780.0594,-84.5682,-2.4813,3,0.0750,1.0000,8,4,4,0,0,4,4,0.0000
4,40.0000,4,6,744.5143,-87.6172,-0.4956,3,0.0750,1.0000,8,6,4,0,0,6,4,0.3333
4,40.0000,4,7,983.0430,-87.8245,-0.5714,3,0.0750,0.8333,6,2,2,0,0,2,2,0.0000
4,40.0000,4,9,503.1793,-82.9045,-0.5626,8,0.2000,1.0000,8,8,8,0,0,8,8,0.0000
4,40.0000,4,15,877.8037,-86.1712,1.0942,4,0.1000,1.0000,8,4,4,0,0,4,4,0.0000
4,40.0000,4,17,790.7917,-86.2791,-0.3092,3,0.0750,1.0000,4,8,8,0,0,8,8,0.0000
4,40.0000,4,18,473.7271,-82.0830,-0.0864,7,0.1750,0.5714,7,7,6,0,0,7,6,0.1429
4,40.0000,4,20,643.0271,-84.8075,1.0624,6,0.1500,1.0000,8,8,8,0,0,8,8,0.0000
4,40.0000,4,22,180.5327,-70.1690,-2.1154,31,0.7750,0.0000,4,5,2,0,0,5,2,0.6000
4,40.0000,4,23,775.9826,-86.3882,-2.4970,4,0.1000,1.0000,8,8,8,0,0,8,8,0.0000
4,40.0000,4,26,776.5372,-87.1089,2.2241,3,0.0750,1.0000,8,8,8,0,0,8,8,0.0000
4,40.0000,4,28,284.3424,-77.0406,-1.1660,24,0.6000,0.0000,4,7,6,0,0,7,6,0.1429
4,40.0000,4,30,754.0516,-86.5844,-0.8278,4,0.1000,1.0000,8,8,7,0,0,8,7,0.1250
4,40.0000,4,33,525.0108,-84.1329,2.3911,7,0.1750,0.8571,7,8,8,0,0,8,8,0.0000
4,40.0000,4,37,776.8447,-86.0498,0.4823,4,0.1000,1.0000,8,8,7,0,0,8,7,0.1250
4,40.0000,4,38,181.2037,-74.7541,0.1709,30,0.7500,0.4000,5,4,0,0,0,4,0,1.0000
4,40.0000,4,39,550.0635,-83.4616,-0.9288,6,0.1500,1.0000,8,8,8,0,0,8,8,0.0000
4,40.0000,4,42,664.7572,-84.7091,-0.8487,5,0.1250,1.0000,8,8,8,0,0,8,8,0.0000
4,40.0000,4,44,560.1078,-84.8189,-0.4654,12,0.3000,0.8571,7,8,7,0,0,8,7,0.1250
4,40.0000,4,45,596.5350,-83.7524,-0.0136,6,0.1500,1.0000,8,8,8,0,0,8,8,0.0000
4,40.0000,4,47,608.9343,-85.4258,-0.5279,4,0.1000,1.0000,8,8,8,0,0,8,8,0.0000
4,40.0000,5,1,443.7710,-81.6883,-0.5140,14,0.3500,0.8571,7,6,4,0,0,6,4,0.3333
4,40.0000,5,8,658.0373,-87.2285,-1.0801,4,0.1000,1.0000,8,7,6,0,0,7,6,0.1429
4,40.0000,5,12,732.6499,-87.6552,0.2357,6,0.1500,1.0000,8,8,8,0,0,8,8,0.0000
4,40.0000,5,13,660.7902,-85.8861,-1.4061,6,0.1500,1.0000,8,8,8,0,0,8,8,0.0000
4,40.0000,5,16,842.6764,-87.8985,-0.1690,4,0.1000,0.8571,7,8,8,0,0,8,8,0.0000
4,40.0000,5,20,841.8042,-87.9948,0.1005,5,0.1250,1.0000,8,7,6,0,0,7,6,0.1429
4,40.0000,5,21,395.9606,-82.5113,0.6037,13,0.3250,0.8571,7,7,5,0,0,7,5,0.2857
4,40.0000,5,25,659.5748,-87.5770,0.5265,5,0.1250,0.8571,7,8,8,0,0,8,8,0.0000
4,40.0000,5,29,745.4599,-86.2581,7.7352,3,0.0750,1.0000,8,8,7,0,0,8,7,0.1250
4,40.0000,5,34,112.4719,-68.7693,0.6433,33,0.8250,0.2000,5,6,2,0,0,6,2,0.6667
4,40.0000,5,36,779.9807,-86.9722,-1.8076,6,0.1500,1.0000,8,7,6,0,0,7,6,0.1429
4,40.0000,5,40,800.7359,-86.6197,0.0379,5,0.1250,1.0000,8,7,6,0,0,7,6,0.1429
4,40.0000,5,45,867.8049,-87.4303,4.2555,3,0.0750,1.0000,4,7,6,0,0,7,6,0.1429
4,40.0000,5,47,891.0583,-87.0855,-0.4120,4,0.1000,1.0000,8,8,8,0,0,8,8,0.0000
4,40.0000,6,0,590.2242,-84.3076,-1.0702,10,0.2500,0.8571,7,10,10,0,0,10,10,0.0000
4,40.0000,6,3,365.9249,-82.2282,0.2810,24,0.6000,0.6667,6,5,1,0,0,5,1,0.8000
4,40.0000,6,4,744.5143,-85.8924,-0.8890,4,0.1000,0.8750,8,8,8,0,0,8,8,0.0000
4,40.0000,6,7,460.2344,-81.3729,-1.1984,20,0.5000,0.7143,7,5,2,0,0,5,2,0.6000
4,40.0000,6,14,188.0768,-75.8065,0.6791,36,0.9000,0.0000,4,5,2,0,0,5,2,0.6000
4,40.0000,6,15,410.7137,-82.7947,0.3587,28,0.7000,0.8571,7,4,0,0,0,4,0,1.0000
4,40.0000,6,18,539.5489,-82.1887,-0.3246,11,0.2750,0.7143,7,7,6,0,0,7,6,0.1429
4,40.0000,6,22,698.3454,-85.3850,0.0419,6,0.1500,0.8571,7,8,8,0,0,8,8,0.0000
4,40.0000,6,23,756.4395,-85.6061,0.4152,4,0.1000,1.0000,8,8,7,0,0,8,7,0.1250
4,40.0000,6,24,503.7747,-82.4187,-0.5092,19,0.4750,0.5714,7,8,8,0,0,8,8,0.0000
4,40.0000,6,28,659.1250,-85.5552,-3.0090,3,0.0750,1.0000,8,8,8,0,0,8,8,0.0000
4,40.0000,6,30,342.0512,-79.2145,-0.8315,31,0.7750,0.2000,5,6,4,0,0,6,4,0.3333
4,40.0000,6,33,684.6356,-83.0495,-1.8995,4,0.1000,0.6667,6,8,8,0,0,8,8,0.0000
4,40.0000,6,37,155.1704,-73.4019,0.6110,35,0.8750,0.4000,5,4,0,0,0,4,0,1.0000
4,40.0000,6,41,529.7677,-83.4415,-0.2975,16,0.4000,1.0000,8,8,8,0,0,8,8,0.0000
4,40.0000,6,42,301.8683,-80.0448,0.4021,30,0.7500,0.3333,6,5,2,0,0,5,2,0.6000
4,40.0000,6,44,321.4295,-76.4248,-1.7561,26,0.6500,0.0000,4,6,4,0,0,6,4,0.3333
4,40.0000,6,46,399.0997,-79.8946,-0.4977,30,0.7500,0.6667,6,7,4,0,0,7,4,0.4286
4,40.0000,7,0,400.0310,-81.5880,0.8054,12,0.3000,0.6667,6,8,8,0,0,8,8,0.0000
4,40.0000,7,3,766.3586,-87.2890,0.6718,6,0.1500,1.0000,9,6,6,0,0,6,6,0.0000
4,40.0000,7,6,460.2344,-80.5821,0.1477,23,0.5750,0.4000,5,5,2,0,0,5,2,0.6000
4,40.0000,7,14,330.0491,-80.3191,1.5269,22,0.5500,0.4000,5,7,4,0,0,7,4,0.4286
4,40.0000,7,15,826.8495,-86.9300,0.7012,5,0.1250,0.8571,7,8,8,0,0,8,8,0.0000
4,40.0000,7,18,639.9242,-82.8550,-0.3686,7,0.1750,0.6667,6,7,6,0,0,7,6,0.1429
4,40.0000,7,23,546.3173,-83.5454,-0.0737,10,0.2500,1.0000,8,8,8,0,0,8,8,0.0000
4,40.0000,7,24,153.0894,-75.7753,1.4533,36,0.9000,0.4000,5,4,0,0,0,4,0,1.0000
4,40.0000,7,30,265.8222,-76.9052,-0.3640,29,0.7250,0.0000,4,5,1,0,0,5,1,0.8000
4,40.0000,7,33,638.8491,-83.9999,1.0196,4,0.1000,1.0000,8,8,8,0,0,8,8,0.0000
4,40.0000,7,37,320.8570,-76.8823,-1.4658,30,0.7500,0.2000,5,6,4,0,0,6,4,0.3333
4,40.0000,7,41,178.8709,-75.8383,0.9480,32,0.8000,0.2000,5,5,1,0,0,5,1,0.8000
4,40.0000,7,42,558.0217,-82.9104,0.2324,15,0.3750,0.8571,7,8,8,0,0,8,8,0.0000
4,40.0000,7,44,439.2239,-79.6882,-0.5514,20,0.5000,0.7143,7,7,6,0,0,7,6,0.1429
4,40.0000,7,46,198.2731,-73.8429,-1.2347,35,0.8750,0.0000,4,5,2,0,0,5,2,0.6000
4,40.0000,8,1,561.3618,-85.2634,-1.0759,16,0.4000,0.8571,7,8,6,0,0,8,6,0.2500
4,40.0000,8,2,262.9724,-78.4769,0.7601,30,0.7500,0.2000,5,4,0,0,0,4,0,1.0000
4,40.0000,8,5,658.0373,-86.9217,0.8995,13,0.3250,0.7143,7,7,5,0,0,7,5,0.2857
4,40.0000,8,9,665.3961,-86.2305,-1.4413,9,0.2250,1.0000,6,8,8,0,0,8,8,0.0000
4,40.0000,8,10,690.9909,-86.3698,1.0244,7,0.1750,0.8750,8,8,7,0,0,8,7,0.1250
4,40.0000,8,11,763.6512,-87.9255,0.2576,6,0.1500,0.8571,7,8,8,0,0,8,8,0.0000
4,40.0000,8,12,397.5916,-81.8168,0.6790,24,0.6000,0.7143,7,8,7,0,0,8,7,0.1250
4,40.0000,8,13,510.1827,-83.2857,-0.5374,17,0.4250,1.0000,8,8,7,0,0,8,7,0.1250
4,40.0000,8,16,375.3209,-79.7670,-0.4291,20,0.5000,0.6667,6,7,6,0,0,7,6,0.1429
4,40.0000,8,17,615.6089,-84.8126,0.3553,11,0.2750,1.0000,8,8,7,0,0,8,7,0.1250
4,40.0000,8,19,605.9754,-85.8164,0.0451,9,0.2250,0.7143,7,8,8,0,0,8,8,0.0000
4,40.0000,8,20,601.9565,-85.2844,-0.4083,13,0.3250,0.8571,7,8,8,0,0,8,8,0.0000
4,40.0000,8,21,334.4298,-80.9793,0.6174,27,0.6750,0.5000,6,7,6,0,0,7,6,0.1429
4,40.0000,8,25,323.7114,-81.6347,0.9502,23,0.5750,0.8571,7,7,6,0,0,7,6,0.1429
4,40.0000,8,26,442.9050,-82.5589,1.0311,17,0.4250,0.6667,6,8,7,0,0,8,7,0.1250
4,40.0000,8,27,606.5935,-84.3857,-0.3187,19,0.4750,0.8571,7,8,8,0,0,8,8,0.0000
4,40.0000,8,28,950.8264,-88.7844,0.0508,6,0.1500,1.0000,2,8,8,0,0,8,8,0.0000
4,40.0000,8,29,521.1926,-83.4204,-0.0107,15,0.3750,0.7143,7,7,5,0,0,7,5,0.2857
4,40.0000,8,31,808.5364,-87.5010,-1.2677,6,0.1500,1.0000,8,8,8,0,0,8,8,0.0000
4,40.0000,8,32,634.5718,-85.4633,-0.8509,6,0.1500,1.0000,8,7,5,0,0,7,5,0.2857
4,40.0000,8,34,704.1208,-85.4119,0.4048,16,0.4000,0.7143,7,8,7,0,0,8,7,0.1250
4,40.0000,8,35,945.8337,-87.6824,-0.1993,9,0.2250,1.0000,8,4,4,0,0,4,4,0.0000
4,40.0000,8,36,753.8655,-86.2307,-0.5710,16,0.4000,0.7143,7,8,8,0,0,8,8,0.0000
4,40.0000,8,39,541.4287,-86.0057,-0.0835,8,0.2000,0.5714,7,8,8,0,0,8,8,0.0000
4,40.0000,8,40,518.0072,-82.3558,-1.8710,25,0.6250,0.7143,7,7,6,0,0,7,6,0.1429
4,40.0000,8,43,912.3419,-88.7602,0.5435,3,0.0750,1.0000,8,8,8,0,0,8,8,0.0000
4,40.0000,8,45,494.7242,-84.7638,-0.3197,14,0.3500,1.0000,8,7,6,0,0,7,6,0.1429
4,40.0000,8,47,536.7759,-84.2239,-1.0948,15,0.3750,1.0000,8,8,8,0,0,8,8,0.0000
4,40.0000,9,0,582.1207,-84.1628,-1.2965,10,0.2500,0.8571,7,8,8,0,0,8,8,0.0000
4,40.0000,9,2,413.2596,-83.5195,0.0319,9,0.2250,0.6667,6,8,8,0,0,8,8,0.0000
4,40.0000,9,4,503.1793,-82.4732,0.6233,12,0.3000,1.0000,8,5,4,0,0,5,4,0.2000
4,40.0000,9,6,948.1553,-88.9705,-0.4111,3,0.0750,,0,8,8,0,0,8,8,0.0000
4,40.0000,9,7,965.6281,-87.5384,-0.5443,8,0.2000,1.0000,2,6,6,0,0,6,6,0.0000
4,40.0000,9,8,665.3961,-87.4395,-0.2660,5,0.1250,1.0000,8,6,4,0,0,6,4,0.3333
4,40.0000,9,10,569.8397,-86.5524,0.0498,7,0.1750,1.0000,6,6,3,0,0,6,3,0.5000
4,40.0000,9,11,500.4046,-83.7894,-0.1570,10,0.2500,1.0000,8,8,8,0,0,8,8,0.0000
4,40.0000,9,12,829.9760,-87.3699,1.1269,6,0.1500,1.0000,4,8,8,0,0,8,8,0.0000
4,40.0000,9,13,941.1958,-86.1760,0.1273,3,0.0750,1.0000,6,10,9,0,0,10,9,0.1000
4,40.0000,9,16,489.8282,-84.7777,0.8387,8,0.2000,0.8571,7,5,1,0,0,5,1,0.8000
4,40.0000,9,17,291.1878,-77.3814,-0.3383,23,0.5750,0.3333,6,9,7,0,0,9,7,0.2222
4,40.0000,9,18,445.6631,-81.7240,-0.0488,13,0.3250,0.6667,6,6,5,0,0,6,5,0.1667
4,40.0000,9,19,427.0606,-82.6256,0.3833,13,0.3250,1.0000,8,7,6,0,0,7,6,0.1429
4,40.0000,9,20,608.9325,-85.9083,0.3114,6,0.1500,1.0000,4,7,6,0,0,7,6,0.1429
4,40.0000,9,22,674.2209,-84.8705,0.2160,8,0.2000,0.6667,6,7,6,0,0,7,6,0.1429
4,40.0000,9,23,602.4458,-84.2643,0.1590,15,0.3750,1.0000,8,7,6,0,0,7,6,0.1429
4,40.0000,9,25,648.9209,-86.0935,-0.3042,6,0.1500,1.0000,8,6,4,0,0,6,4,0.3333
4,40.0000,9,26,423.4241,-83.1077,-0.0741,10,0.2500,1.0000,8,8,8,0,0,8,8,0.0000
4,40.0000,9,28,349.9241,-79.8476,1.2917,15,0.3750,0.8571,7,7,5,0,0,7,5,0.2857
4,40.0000,9,29,632.7512,-86.1690,0.5155,4,0.1000,1.0000,8,7,6,0,0,7,6,0.1429
4,40.0000,9,30,820.5742,-87.8921,2.0132,3,0.0750,1.0000,8,5,4,0,0,5,4,0.2000
4,40.0000,9,31,504.3384,-82.2132,-0.1809,12,0.3000,0.6667,6,6,6,0,0,6,6,0.0000
4,40.0000,9,32,448.7057,-82.4754,-0.8806,11,0.2750,0.8750,8,6,4,0,0,6,4,0.3333
4,40.0000,9,33,347.6617,-80.1033,-0.7758,15,0.3750,0.5000,6,6,4,0,0,6,4,0.3333
4,40.0000,9,38,518.1547,-84.3923,-0.3296,8,0.2000,0.7143,7,8,8,0,0,8,8,0.0000
4,40.0000,9,39,250.9827,-77.9446,0.3462,24,0.6000,0.7143,7,6,4,0,0,6,4,0.3333
4,40.0000,9,43,470.3782,-81.4162,-0.7470,20,0.5000,0.5000,6,7,6,0,0,7,6,0.1429
4,40.0000,9,44,638.5649,-85.0764,-0.7191,10,0.2500,0.8571,7,8,7,0,0,8,7,0.1250
4,40.0000,9,45,500.8873,-84.2034,0.4907,10,0.2500,0.5000,6,6,3,0,0,6,3,0.5000
4,40.0000,9,47,457.0043,-82.4078,-0.2144,10,0.2500,0.8571,7,8,5,0,0,8,5,0.3750
4,40.0000,10,0,817.5691,-87.8092,0.2000,3,0.0750,1.0000,8,8,8,0,0,8,8,0.0000
4,40.0000,10,2,615.4789,-84.9939,0.2624,7,0.1750,1.0000,8,8,8,0,0,8,8,0.0000
4,40.0000,10,8,690.9909,-86.6132,-0.0914,9,0.2250,0.8750,8,8,8,0,0,8,8,0.0000
4,40.0000,10,9,569.8397,-85.1222,0.2621,8,0.2000,1.0000,8,8,7,0,0,8,7,0.1250
4,40.0000,10,11,149.9644,-76.3460,2.5624,29,0.7250,0.2000,5,4,0,2,0,6,0,1.0000
4,40.0000,10,12,542.3761,-84.7712,0.3384,12,0.3000,0.8750,8,8,8,0,0,8,8,0.0000
4,40.0000,10,13,650.7834,-85.8822,0.0753,12,0.3000,1.0000,8,7,6,0,0,7,6,0.1429
4,40.0000,10,16,434.5424,-82.5640,-0.5273,14,0.3500,1.0000,8,7,6,0,0,7,6,0.1429
4,40.0000,10,17,346.7467,-82.1516,0.6645,13,0.3250,0.7500,8,5,2,0,0,5,2,0.6000
4,40.0000,10,18,803.0716,-86.6822,-0.6823,5,0.1250,1.0000,8,8,8,0,0,8,8,0.0000
4,40.0000,10,19,150.5393,-73.1769,0.2215,34,0.8500,0.2000,5,5,1,0,0,5,1,0.8000
4,40.0000,10,20,931.2702,-87.6900,2.9884,3,0.0750,1.0000,2,8,8,0,0,8,8,0.0000
4,40.0000,10,21,997.8174,-88.4958,-0.8537,3,0.0750,1.0000,6,2,2,0,0,2,2,0.0000
4,40.0000,10,23,863.1797,-86.4143,-0.2617,5,0.1250,1.0000,8,8,8,0,0,8,8,0.0000
4,40.0000,10,25,591.1312,-84.3433,-0.4011,11,0.2750,1.0000,8,8,8,0,0,8,8,0.0000
4,40.0000,10,26,492.3517,-85.3636,1.3829,8,0.2000,1.0000,8,6,4,0,0,6,4,0.3333
4,40.0000,10,27,645.0825,-84.1895,-0.6798,17,0.4250,1.0000,8,8,8,0,0,8,8,0.0000
4,40.0000,10,28,830.2671,-88.7877,0.2780,3,0.0750,1.0000,4,8,8,0,0,8,8,0.0000
4,40.0000,10,29,718.4990,-86.2408,-0.2900,7,0.1750,1.0000,8,8,8,0,0,8,8,0.0000
4,40.0000,10,31,238.1461,-78.2120,1.2142,26,0.6500,0.2000,5,4,0,0,0,4,0,1.0000
4,40.0000,10,32,221.4539,-77.8351,0.5097,28,0.7000,0.5714,7,6,3,0,0,6,3,0.5000
4,40.0000,10,33,736.9993,-87.2633,0.1191,6,0.1500,1.0000,8,6,6,0,0,6,6,0.0000
4,40.0000,10,35,966.2523,-86.5966,0.2630,5,0.1250,1.0000,4,6,6,0,0,6,6,0.0000
4,40.0000,10,36,867.8567,-87.8768,-0.1980,6,0.1500,1.0000,4,6,6,0,0,6,6,0.0000
4,40.0000,10,39,598.3125,-85.7580,0.3593,6,0.1500,1.0000,8,7,6,0,0,7,6,0.1429
4,40.0000,10,40,794.8634,-87.1586,-0.5135,9,0.2250,1.0000,8,8,8,0,0,8,8,0.0000
4,40.0000,10,43,524.1555,-83.4922,0.1393,11,0.2750,0.8571,7,7,6,0,0,7,6,0.1429
4,40.0000,10,45,864.7748,-87.5883,-0.0651,4,0.1000,0.7143,7,4,4,0,0,4,4,0.0000
4,40.0000,10,47,752.0334,-87.8625,0.2589,5,0.1250,0.8333,6,9,8,0,0,9,8,0.1111
4,40.0000,11,0,689.5422,-86.3333,0.3353,5,0.1250,1.0000,8,8,8,0,0,8,8,0.0000
4,40.0000,11,2,640.6210,-84.9810,0.7711,6,0.1500,0.8571,7,10,10,0,0,10,10,0.0000
4,40.0000,11,8,763.6512,-85.0583,0.8243,5,0.1250,1.0000,8,8,8,0,0,8,8,0.0000
4,40.0000,11,9,500.4046,-82.8830,1.5759,8,0.2000,0.6667,6,8,7,0,0,8,7,0.1250
4,40.0000,11,10,149.9644,-75.7730,1.3612,30,0.7500,0.0000,4,5,1,0,0,5,1,0.8000
4,40.0000,11,12,659.4576,-86.7741,0.4155,10,0.2500,1.0000,8,8,6,0,0,8,6,0.2500
4,40.0000,11,13,753.5972,-87.9007,-0.8339,4,0.1000,0.8889,9,6,6,0,0,6,6,0.0000
4,40.0000,11,16,465.8448,-82.3618,0.2490,12,0.3000,0.6667,6,8,8,0,0,8,8,0.0000
4,40.0000,11,17,328.3701,-79.4623,0.3018,17,0.4250,0.0000,4,6,3,0,0,6,3,0.5000
4,40.0000,11,18,667.7327,-85.3213,0.3567,6,0.1500,0.8571,7,8,8,0,0,8,8,0.0000
4,40.0000,11,19,159.8192,-73.6034,0.2786,31,0.7750,0.0000,4,6,2,0,0,6,2,0.6667
4,40.0000,11,25,640.1599,-84.6599,-0.6092,6,0.1500,1.0000,8,7,6,0,0,7,6,0.1429
4,40.0000,11,26,485.6705,-82.6821,-0.3943,9,0.2250,0.6667,6,8,8,0,0,8,8,0.0000
4,40.0000,11,27,792.1088,-86.4784,-0.1055,10,0.2500,1.0000,6,7,6,0,0,7,6,0.1429
4,40.0000,11,28,717.6967,-86.2391,1.2541,4,0.1000,1.0000,8,8,7,0,0,8,7,0.1250
4,40.0000,11,29,713.8404,-85.9692,0.5292,5,0.1250,1.0000,8,8,8,0,0,8,8,0.0000
4,40.0000,11,30,1014.0557,-89.1316,2.0615,3,0.0750,1.0000,4,4,4,0,0,4,4,0.0000
4,40.0000,11,31,203.2439,-75.6339,0.3116,32,0.8000,0.2000,5,5,1,0,0,5,1,0.8000
4,40.0000,11,32,261.1743,-78.4430,0.1687,26,0.6500,0.2857,7,4,1,0,0,4,1,0.7500
4,40.0000,11,33,626.1945,-84.6717,0.3377,5,0.1250,0.2000,5,8,8,0,0,8,8,0.0000
4,40.0000,11,38,911.3387,-87.5104,-6.6406,3,0.0750,0.8889,9,6,6,0,0,6,6,0.0000
4,40.0000,11,39,551.0986,-82.4420,-0.6218,10,0.2500,0.8750,8,8,8,0,0,8,8,0.0000
4,40.0000,11,40,931.6676,-88.9046,0.3102,4,0.1000,1.0000,4,6,6,0,0,6,6,0.0000
4,40.0000,11,43,473.3703,-82.5338,0.1466,14,0.3500,0.6667,6,7,4,0,0,7,4,0.4286
4,40.0000,11,44,859.0596,-87.9372,2.5485,4,0.1000,1.0000,8,2,2,0,0,2,2,0.0000
4,40.0000,11,47,720.0678,-83.7215,-2.3213,4,0.1000,1.0000,8,8,8,0,0,8,8,0.0000
4,40.0000,12,1,385.2003,-82.0233,0.0450,24,0.6000,0.0000,3,7,6,0,0,7,6,0.1429
4,40.0000,12,2,551.9528,-83.7372,-1.3126,7,0.1750,1.0000,8,8,8,0,0,8,8,0.0000
4,40.0000,12,5,732.6499,-86.2153,-0.1756,6,0.1500,1.0000,6,6,6,0,0,6,6,0.0000
4,40.0000,12,8,397.5916,-80.3356,-0.5793,17,0.4250,0.8571,7,7,6,0,0,7,6,0.1429
4,40.0000,12,10,542.3761,-84.3830,-1.9759,10,0.2500,1.0000,8,8,8,0,0,8,8,0.0000
4,40.0000,12,11,659.4576,-85.8884,-2.5156,5,0.1250,1.0000,8,8,8,0,0,8,8,0.0000
4,40.0000,12,13,185.6775,-76.1334,0.4699,36,0.9000,0.0000,4,4,0,0,0,4,0,1.0000
4,40.0000,12,16,390.4707,-82.2124,1.6595,11,0.2750,0.6667,6,7,6,0,0,7,6,0.1429
4,40.0000,12,17,680.7289,-86.3232,-1.1572,3,0.0750,1.0000,6,7,6,0,0,7,6,0.1429
4,40.0000,12,19,542.4343,-84.3287,0.1176,9,0.2250,1.0000,8,7,6,0,0,7,6,0.1429
4,40.0000,12,20,847.1367,-87.7985,-0.6968,5,0.1250,1.0000,8,7,6,0,0,7,6,0.1429
4,40.0000,12,21,608.5628,-87.3538,-0.5095,4,0.1000,0.8571,7,6,3,0,0,6,3,0.5000
4,40.0000,12,25,341.0676,-80.3158,1.3359,14,0.3500,0.6667,6,8,5,0,0,8,5,0.3750
4,40.0000,12,26,513.7250,-85.7301,1.6973,5,0.1250,1.0000,8,8,8,0,0,8,8,0.0000
4,40.0000,12,27,367.7821,-79.8366,-0.5022,31,0.7750,0.6667,6,8,6,0,0,8,6,0.2500
4,40.0000,12,29,597.6309,-84.4041,0.6578,7,0.1750,0.8750,8,6,4,0,0,6,4,0.3333
4,40.0000,12,31,745.3418,-86.8331,2.3725,4,0.1000,1.0000,8,6,6,0,0,6,6,0.0000
4,40.0000,12,32,606.3512,-85.7070,2.2758,4,0.1000,1.0000,8,6,3,0,0,6,3,0.5000
4,40.0000,12,34,732.1044,-85.5288,1.0737,8,0.2000,1.0000,8,8,8,0,0,8,8,0.0000
4,40.0000,12,35,597.4859,-83.4042,0.4813,24,0.6000,1.0000,8,8,8,0,0,8,8,0.0000
4,40.0000,12,36,414.6807,-80.6252,-0.3695,29,0.7250,0.2000,5,5,2,0,0,5,2,0.6000
4,40.0000,12,39,714.7835,-86.5667,0.1952,4,0.1000,1.0000,8,6,6,0,0,6,6,0.0000
4,40.0000,12,40,373.3133,-79.6721,0.0825,30,0.7500,0.5000,6,7,5,0,0,7,5,0.2857
4,40.0000,12,45,797.8248,-88.3685,-0.8670,4,0.1000,1.0000,6,7,6,0,0,7,6,0.1429
4,40.0000,12,47,737.0369,-86.7653,0.8918,6,0.1500,1.0000,8,7,5,0,0,7,5,0.2857
4,40.0000,13,1,285.8225,-79.7246,0.1330,32,0.8000,0.2000,5,5,2,0,0,5,2,0.6000
4,40.0000,13,2,667.5912,-85.2689,1.0414,5,0.1250,1.0000,8,10,10,0,0,10,10,0.0000
4,40.0000,13,5,660.7902,-85.8041,-0.4054,14,0.3500,0.6250,8,7,6,0,0,7,6,0.1429
4,40.0000,13,8,510.1827,-83.5160,-0.4047,12,0.3000,0.8750,8,6,3,0,0,6,3,0.5000
4,40.0000,13,9,941.1958,-88.5049,-0.6868,3,0.0750,1.0000,6,8,8,0,0,8,8,0.0000
4,40.0000,13,10,650.7834,-84.3213,0.5155,5,0.1250,0.8571,7,8,8,0,0,8,8,0.0000
4,40.0000,13,11,753.5972,-88.0891,0.5963,3,0.0750,1.0000,6,8,8,0,0,8,8,0.0000
4,40.0000,13,12,185.6775,-75.2820,0.5727,30,0.7500,0.2000,5,6,2,0,0,6,2,0.6667
4,40.0000,13,16,460.7791,-81.5994,-0.0410,15,0.3750,0.8750,8,7,6,0,0,7,6,0.1429
4,40.0000,13,19,655.2004,-85.2794,1.0473,6,0.1500,1.0000,8,8,8,0,0,8,8,0.0000
4,40.0000,13,20,866.8998,-86.2468,-1.9495,5,0.1250,1.0000,8,8,8,0,0,8,8,0.0000
4,40.0000,13,21,635.8385,-86.0391,-0.5275,9,0.2250,0.6667,6,8,7,0,0,8,7,0.1250
4,40.0000,13,25,360.1262,-82.1006,0.5814,18,0.4500,1.0000,8,8,8,0,0,8,8,0.0000
4,40.0000,13,26,568.0473,-83.1387,-0.2451,13,0.3250,0.8750,8,8,8,0,0,8,8,0.0000
4,40.0000,13,27,502.1102,-83.7497,0.1013,18,0.4500,0.6667,6,6,4,0,0,6,4,0.3333
4,40.0000,13,29,579.3422,-84.3350,-0.1514,14,0.3500,1.0000,8,7,5,0,0,7,5,0.2857
4,40.0000,13,34,651.7962,-85.3449,0.5925,18,0.4500,0.6667,6,6,4,0,0,6,4,0.3333
4,40.0000,13,35,561.3370,-83.6058,0.1806,26,0.6500,0.5714,7,6,4,0,0,6,4,0.3333
4,40.0000,13,36,340.7948,-80.9187,-0.5867,27,0.6750,0.2000,5,6,2,0,0,6,2,0.6667
4,40.0000,13,39,789.9566,-88.4518,-0.1055,3,0.0750,1.0000,8,8,8,0,0,8,8,0.0000
4,40.0000,13,40,484.9518,-83.9412,-0.1571,17,0.4250,0.4000,5,7,6,0,0,7,6,0.1429
4,40.0000,13,45,857.4007,-86.3688,1.9637,5,0.1250,1.0000,8,6,6,0,0,6,6,0.0000
4,40.0000,13,47,773.3325,-85.7752,-1.2437,7,0.1750,1.0000,8,8,8,0,0,8,8,0.0000
4,40.0000,14,0,573.3880,-85.3426,-0.4552,10,0.2564,1.0000,8,6,3,0,0,6,3,0.5000
4,40.0000,14,3,452.1111,-82.3882,-0.1291,26,0.6667,0.4000,5,7,6,0,0,7,6,0.1429
4,40.0000,14,4,878.3019,-87.9071,-0.8067,4,0.1026,1.0000,6,8,8,0,0,8,8,0.0000
4,40.0000,14,6,188.0768,-75.5238,0.4871,37,0.9487,0.2000,5,4,0,0,0,4,0,1.0000
4,40.0000,14,7,330.0491,-79.8290,0.2185,23,0.5897,0.4000,5,4,0,0,0,4,0,1.0000
4,40.0000,14,15,498.9066,-82.3513,-0.7704,32,0.8205,0.6667,6,8,7,0,0,8,7,0.1250
4,40.0000,14,17,1184.0358,-89.4303,0.1325,3,0.0769,1.0000,4,6,6,0,0,6,6,0.0000
4,40.0000,14,18,641.5161,-84.8542,-0.9368,8,0.2051,0.6667,6,8,8,0,0,8,8,0.0000
4,40.0000,14,22,836.8597,-87.1545,-0.1117,6,0.1538,1.0000,4,6,6,0,0,6,6,0.0000
4,40.0000,14,23,719.2541,-88.9574,0.0520,4,0.1026,0.8750,8,8,7,0,0,8,7,0.1250
4,40.0000,14,24,333.4753,-80.1838,-0.2804,32,0.8205,0.0000,4,7,4,0,0,7,4,0.4286
4,40.0000,14,28,781.2423,-87.6010,-0.9167,6,0.1538,1.0000,8,8,7,0,0,8,7,0.1250
4,40.0000,14,30,275.2513,-78.3426,0.1261,31,0.7949,0.3333,6,5,1,0,0,5,1,0.8000
4,40.0000,14,33,723.6884,-86.2796,1.2255,4,0.1026,1.0000,8,8,8,0,0,8,8,0.0000
4,40.0000,14,37,111.9801,-74.5108,2.4502,33,0.8462,0.3333,6,4,0,0,0,4,0,1.0000
4,40.0000,14,38,820.8686,-87.7913,0.4990,4,0.1026,1.0000,8,8,8,0,0,8,8,0.0000
4,40.0000,14,41,403.9435,-82.8246,0.0341,21,0.5385,0.8571,7,5,1,0,0,5,1,0.8000
4,40.0000,14,42,332.1207,-79.2503,0.2422,33,0.8462,0.0000,4,5,2,0,0,5,2,0.6000
4,40.0000,14,44,396.4457,-81.6118,-0.1355,16,0.4103,0.6667,6,4,0,0,0,4,0,1.0000
4,40.0000,14,46,218.2140,-76.2066,0.2028,35,0.8974,0.0000,4,4,0,0,0,4,0,1.0000
4,40.0000,15,3,137.3699,-74.0512,1.2617,33,0.8049,0.2000,5,4,0,0,0,4,0,1.0000
4,40.0000,15,6,410.7137,-81.4844,-0.1534,10,0.2439,1.0000,8,6,4,0,0,6,4,0.3333
4,40.0000,15,7,826.8495,-86.6739,0.5201,3,0.0732,1.0000,8,8,7,0,0,8,7,0.1250
4,40.0000,15,14,498.9066,-82.2332,-1.3413,12,0.2927,0.6250,8,6,4,0,0,6,4,0.3333
4,40.0000,15,24,815.1533,-86.1254,0.7663,5,0.1220,1.0000,8,8,8,0,0,8,8,0.0000
4,40.0000,15,30,681.9832,-86.4309,-1.1820,4,0.0976,1.0000,8,7,6,0,0,7,6,0.1429
4,40.0000,15,37,523.8297,-85.2534,1.5000,8,0.1951,0.8571,7,7,6,0,0,7,6,0.1429
4,40.0000,15,41,868.3802,-87.4780,7.3520,3,0.0732,1.0000,8,8,8,0,0,8,8,0.0000
4,40.0000,15,42,426.0190,-82.3472,1.2680,15,0.3659,0.4286,7,8,8,0,0,8,8,0.0000
4,40.0000,15,44,683.5592,-86.7795,-0.3993,5,0.1220,0.8571,7,8,8,0,0,8,8,0.0000
4,40.0000,15,46,694.8542,-86.7637,1.3300,6,0.1463,1.0000,8,8,8,0,0,8,8,0.0000
4,40.0000,16,1,664.6452,-85.5620,0.4915,14,0.3500,0.6250,8,6,3,0,0,6,3,0.5000
4,40.0000,16,2,312.4080,-80.2645,0.4100,26,0.6500,0.8571,7,6,2,0,0,6,2,0.6667
4,40.0000,16,4,885.3088,-89.1584,-0.0582,3,0.0750,1.0000,6,2,2,0,0,2,2,0.0000
4,40.0000,16,5,842.6764,-87.1817,0.8699,10,0.2500,1.0000,8,5,4,0,0,5,4,0.2000
4,40.0000,16,8,375.3209,-80.5338,-0.5145,25,0.6250,0.4000,5,7,6,0,0,7,6,0.1429
4,40.0000,16,9,489.8282,-84.8416,0.4276,7,0.1750,1.0000,8,8,8,0,0,8,8,0.0000
4,40.0000,16,10,434.5424,-81.7230,0.9045,20,0.5000,0.7143,7,6,4,0,0,6,4,0.3333
4,40.0000,16,11,465.8448,-83.0939,-0.3206,19,0.4750,0.7143,7,8,8,0,0,8,8,0.0000
4,40.0000,16,12,390.4707,-80.9233,0.2597,24,0.6000,0.6250,8,6,3,0,0,6,3,0.5000
4,40.0000,16,13,460.7791,-81.8243,-0.2596,27,0.6750,0.6250,8,7,6,0,0,7,6,0.1429
4,40.0000,16,17,451.1287,-82.5163,0.5868,13,0.3250,0.6667,6,8,8,0,0,8,8,0.0000
4,40.0000,16,19,334.8250,-80.9960,0.5126,24,0.6000,0.7143,7,6,2,0,0,6,2,0.6667
4,40.0000,16,20,538.3131,-85.5032,-0.3961,10,0.2500,0.8750,8,7,6,0,0,7,6,0.1429
4,40.0000,16,21,614.2822,-84.7592,0.6147,19,0.4750,0.7143,7,8,6,0,0,8,6,0.2500
4,40.0000,16,25,187.6623,-73.2757,-0.4846,34,0.8500,0.5714,7,6,2,0,0,6,2,0.6667
4,40.0000,16,26,126.0103,-74.0730,1.5619,33,0.8250,0.2000,5,5,1,0,0,5,1,0.8000
4,40.0000,16,27,688.3173,-85.6822,-0.0488,16,0.4000,0.8571,7,7,6,0,0,7,6,0.1429
4,40.0000,16,28,732.1030,-88.5714,-0.1748,3,0.0750,1.0000,8,8,8,0,0,8,8,0.0000
4,40.0000,16,29,316.6250,-80.3625,0.6876,24,0.6000,0.6667,6,5,1,0,0,5,1,0.8000
4,40.0000,16,31,584.9515,-85.6657,0.4086,11,0.2750,1.0000,8,8,7,0,0,8,7,0.1250
4,40.0000,16,32,462.7482,-84.4484,0.2541,11,0.2750,1.0000,8,7,6,0,0,7,6,0.1429
4,40.0000,16,33,806.6333,-89.3207,-0.2473,3,0.0750,1.0000,8,8,8,0,0,8,8,0.0000
4,40.0000,16,34,891.7189,-87.2571,-0.7793,11,0.2750,1.0000,8,4,4,0,0,4,4,0.0000
4,40.0000,16,35,973.5458,-88.1241,0.8793,5,0.1250,1.0000,6,6,6,0,0,6,6,0.0000
4,40.0000,16,36,783.6361,-86.2941,-0.1734,15,0.3750,1.0000,8,7,6,0,0,7,6,0.1429
4,40.0000,16,38,855.8061,-88.2155,0.7700,4,0.1000,1.0000,8,8,8,0,0,8,8,0.0000
4,40.0000,16,39,335.3259,-83.5870,0.7816,10,0.2500,0.8750,8,6,3,0,0,6,3,0.5000
4,40.0000,16,40,709.3929,-85.2350,-0.7510,13,0.3250,0.4000,5,8,7,0,0,8,7,0.1250
4,40.0000,16,43,759.8767,-85.8429,-0.5614,6,0.1500,1.0000,8,8,8,0,0,8,8,0.0000
4,40.0000,16,45,496.7315,-84.9094,0.3834,13,0.3250,0.8750,8,8,7,0,0,8,7,0.1250
4,40.0000,16,47,384.4325,-82.3009,0.6834,19,0.4750,0.7143,7,7,6,0,0,7,6,0.1429
4,40.0000,17,0,646.3350,-85.9184,-0.0291,7,0.1750,1.0000,8,8,8,0,0,8,8,0.0000
4,40.0000,17,2,438.6992,-80.6680,-1.2790,19,0.4750,0.5000,6,8,8,0,0,8,8,0.0000
4,40.0000,17,4,790.7917,-89.1745,-1.3042,3,0.0750,1.0000,8,4,4,0,0,4,4,0.0000
4,40.0000,17,8,615.6089,-85.5961,0.4976,10,0.2500,1.0000,8,8,7,0,0,8,7,0.1250
4,40.0000,17,9,291.1878,-77.5740,-0.2306,23,0.5750,0.4000,5,8,7,0,0,8,7,0.1250
4,40.0000,17,10,346.7467,-80.8535,0.2399,20,0.5000,0.6667,6,5,1,0,0,5,1,0.8000
4,40.0000,17,11,328.3701,-80.1901,-1.1220,23,0.5750,0.2000,5,8,6,0,0,8,6,0.2500
4,40.0000,17,12,680.7289,-86.5457,-0.4012,5,0.1250,1.0000,8,8,8,0,0,8,8,0.0000
4,40.0000,17,13,822.3302,-87.4164,-1.2108,5,0.1250,1.0000,8,7,6,0,0,7,6,0.1429
4,40.0000,17,16,451.1287,-82.8065,-0.1527,10,0.2500,1.0000,8,7,5,0,0,7,5,0.2857
4,40.0000,17,18,641.4235,-86.2559,-0.5842,8,0.2000,1.0000,8,7,6,0,0,7,6,0.1429
4,40.0000,17,19,238.7868,-77.5416,0.4121,26,0.6500,0.2000,5,4,0,0,0,4,0,1.0000
4,40.0000,17,20,795.8317,-88.1113,-0.3500,5,0.1250,1.0000,8,8,8,0,0,8,8,0.0000
4,40.0000,17,21,928.7264,-88.5282,1.1565,5,0.1250,1.0000,6,6,6,0,0,6,6,0.0000
4,40.0000,17,23,629.0733,-84.4308,-0.0582,7,0.1750,0.8750,8,10,9,0,0,10,9,0.1000
4,40.0000,17,25,626.6053,-85.9280,0.6896,7,0.1750,1.0000,8,7,6,0,0,7,6,0.1429
4,40.0000,17,26,459.4237,-82.8887,-1.2039,11,0.2750,0.5714,7,7,6,0,0,7,6,0.1429
4,40.0000,17,27,781.6157,-87.4286,-0.5728,8,0.2000,0.8571,7,6,6,0,0,6,6,0.0000
4,40.0000,17,28,615.8089,-84.8061,-0.5251,8,0.2000,0.8571,7,8,8,0,0,8,8,0.0000
4,40.0000,17,29,715.2370,-86.0873,-0.2100,5,0.1250,1.0000,8,8,8,0,0,8,8,0.0000
4,40.0000,17,31,266.0721,-77.6544,-0.0495,36,0.9000,0.2000,5,6,4,0,0,6,4,0.3333
4,40.0000,17,32,165.8959,-75.8853,0.9127,28,0.7000,0.2000,5,5,1,0,0,5,1,0.8000
4,40.0000,17,33,482.9389,-83.6898,-0.0717,9,0.2250,0.6667,6,8,8,0,0,8,8,0.0000
4,40.0000,17,38,801.9923,-86.8515,-1.1418,5,0.1250,1.0000,8,8,8,0,0,8,8,0.0000
4,40.0000,17,39,428.1058,-81.6880,-1.4823,9,0.2250,0.8571,7,8,8,0,0,8,8,0.0000
4,40.0000,17,40,875.4253,-87.6245,-1.2514,4,0.1000,0.8571,7,8,8,0,0,8,8,0.0000
4,40.0000,17,41,986.1032,-87.3504,-0.4811,3,0.0750,1.0000,8,2,2,0,0,2,2,0.0000
4,40.0000,17,43,314.5180,-77.8552,-1.1006,30,0.7500,0.4000,5,7,6,0,0,7,6,0.1429
4,40.0000,17,44,816.3545,-86.0045,-0.2956,4,0.1000,1.0000,6,7,6,0,0,7,6,0.1429
4,40.0000,17,45,677.6563,-85.0506,1.2478,5,0.1250,1.0000,8,6,5,0,0,6,5,0.1667
4,40.0000,17,47,627.5697,-84.9320,-0.9015,7,0.1750,1.0000,8,8,8,0,0,8,8,0.0000
4,40.0000,18,0,384.6068,-81.5745,0.8869,21,0.5250,0.8571,7,7,6,0,0,7,6,0.1429
4,40.0000,18,2,829.3517,-86.9424,-1.8056,4,0.1000,0.8000,5,8,7,0,0,8,7,0.1250
4,40.0000,18,3,792.4446,-87.0881,0.2957,11,0.2750,0.8750,8,4,4,0,0,4,4,0.0000
4,40.0000,18,4,473.7271,-82.6429,-0.3546,12,0.3000,0.8571,7,7,6,0,0,7,6,0.1429
4,40.0000,18,6,539.5489,-83.3681,-0.7747,19,0.4750,0.8571,7,8,6,0,0,8,6,0.2500
4,40.0000,18,7,639.9242,-83.6954,-0.0296,20,0.5000,1.0000,8,8,8,0,0,8,8,0.0000
4,40.0000,18,9,445.6631,-83.1789,-0.7212,9,0.2250,0.7500,8,7,6,0,0,7,6,0.1429
4,40.0000,18,10,803.0716,-87.4580,0.4083,4,0.1000,1.0000,8,8,8,0,0,8,8,0.0000
4,40.0000,18,11,667.7327,-86.0030,1.1767,8,0.2000,1.0000,8,8,8,0,0,8,8,0.0000
4,40.0000,18,14,641.5161,-85.2864,0.3183,13,0.3250,0.8571,7,8,7,0,0,8,7,0.1250
4,40.0000,18,15,868.7558,-87.6335,-0.0557,10,0.2500,1.0000,6,4,4,0,0,4,4,0.0000
4,40.0000,18,16,806.1542,-87.4888,0.2804,3,0.0750,1.0000,6,8,8,0,0,8,8,0.0000
4,40.0000,18,17,641.4235,-87.0432,-0.9677,6,0.1500,1.0000,8,8,8,0,0,8,8,0.0000
4,40.0000,18,19,697.5839,-86.5558,-0.3977,6,0.1500,1.0000,8,7,6,0,0,7,6,0.1429
4,40.0000,18,20,824.9890,-87.8729,1.2562,5,0.1250,1.0000,4,7,6,0,0,7,6,0.1429
4,40.0000,18,22,572.6376,-85.1483,0.6672,13,0.3250,0.8750,8,7,6,0,0,7,6,0.1429
4,40.0000,18,23,565.8674,-84.2238,-1.3404,14,0.3500,0.7143,7,8,7,0,0,8,7,0.1250
4,40.0000,18,24,768.3801,-85.7015,-0.3537,13,0.3250,0.8750,8,7,6,0,0,7,6,0.1429
4,40.0000,18,25,962.5933,-88.3354,-0.4085,4,0.1000,1.0000,2,4,4,0,0,4,4,0.0000
4,40.0000,18,26,710.1260,-88.0056,0.9392,3,0.0750,1.0000,6,8,8,0,0,8,8,0.0000
4,40.0000,18,28,214.1109,-77.8069,1.1538,28,0.7000,0.6667,6,4,0,0,0,4,0,1.0000
4,40.0000,18,29,851.5957,-89.0343,-0.1258,4,0.1000,1.0000,6,8,8,0,0,8,8,0.0000
4,40.0000,18,30,511.6292,-82.9785,-0.1222,14,0.3500,0.8750,8,5,1,0,0,5,1,0.8000
4,40.0000,18,31,705.7389,-86.7337,0.0289,7,0.1750,1.0000,8,8,7,0,0,8,7,0.1250
4,40.0000,18,32,759.3201,-88.1097,-0.1533,4,0.1000,0.6000,5,7,6,0,0,7,6,0.1429
4,40.0000,18,33,315.5030,-79.4340,0.1092,23,0.5750,0.3333,6,8,8,0,0,8,8,0.0000
4,40.0000,18,37,534.9946,-83.2307,-0.6193,20,0.5000,0.6667,6,8,8,0,0,8,8,0.0000
4,40.0000,18,38,373.5949,-82.5585,0.1121,18,0.4500,0.8750,8,6,4,0,0,6,4,0.3333
4,40.0000,18,39,552.3537,-86.1052,-1.1725,6,0.1500,0.6667,6,7,6,0,0,7,6,0.1429
4,40.0000,18,41,657.4693,-84.3244,-0.0529,15,0.3750,0.8571,7,7,6,0,0,7,6,0.1429
4,40.0000,18,42,622.0599,-85.5915,-0.9078,12,0.3000,0.8571,7,7,6,0,0,7,6,0.1429
4,40.0000,18,43,662.9843,-86.6790,-0.7302,8,0.2000,1.0000,8,7,6,0,0,7,6,0.1429
4,40.0000,18,44,254.5482,-77.8098,0.2313,27,0.6750,0.5000,6,7,6,0,0,7,6,0.1429
4,40.0000,18,45,802.1305,-87.5369,-1.0152,6,0.1500,1.0000,6,6,6,0,0,6,6,0.0000
4,40.0000,18,46,741.6187,-85.1149,-1.0571,16,0.4000,0.8571,7,4,4,0,0,4,4,0.0000
4,40.0000,18,47,695.1529,-86.5794,0.6958,6,0.1500,1.0000,8,4,4,0,0,4,4,0.0000
4,40.0000,19,0,753.7270,-86.8423,-1.1475,7,0.1750,1.0000,8,6,6,0,0,6,6,0.0000
4,40.0000,19,2,488.6565,-83.5107,0.7491,16,0.4000,1.0000,8,8,7,0,0,8,7,0.1250
4,40.0000,19,8,605.9754,-85.6939,0.1470,15,0.3750,0.8000,5,7,6,0,0,7,6,0.1429
4,40.0000,19,9,427.0606,-84.0106,0.3360,13,0.3250,1.0000,8,8,8,0,0,8,8,0.0000
4,40.0000,19,10,150.5393,-73.0922,-0.3502,35,0.8750,0.3333,6,5,2,0,0,5,2,0.6000
4,40.0000,19,11,159.8192,-72.9599,0.1387,32,0.8000,0.0000,4,5,1,0,0,5,1,0.8000
4,40.0000,19,12,542.4343,-84.4262,-0.3219,18,0.4500,0.8750,8,7,6,0,0,7,6,0.1429
4,40.0000,19,13,655.2004,-86.3518,0.8999,16,0.4000,0.8750,24,7,6,0,0,7,6,0.1429
4,40.0000,19,16,334.8250,-80.4631,0.3768,19,0.4750,0.7143,7,5,3,0,0,5,3,0.4000
4,40.0000,19,17,238.7868,-78.5906,1.3464,22,0.5500,0.0000,4,5,1,0,0,5,1,0.8000
4,40.0000,19,18,697.5839,-88.0661,0.3114,6,0.1500,1.0000,8,8,8,0,0,8,8,0.0000
4,40.0000,19,20,795.6992,-87.9088,0.0682,9,0.2250,1.0000,2,10,9,0,0,10,9,0.1000
4,40.0000,19,21,909.4550,-88.2498,0.3306,10,0.2500,1.0000,8,6,5,0,0,6,5,0.1667
4,40.0000,19,23,798.5400,-87.0459,-0.5967,6,0.1500,1.0000,8,8,8,0,0,8,8,0.0000
4,40.0000,19,25,512.5958,-85.1540,0.7327,13,0.3250,0.7143,7,6,4,0,0,6,4,0.3333
4,40.0000,19,26,370.9970,-82.7211,1.2737,17,0.4250,0.8571,7,6,4,0,0,6,4,0.3333
4,40.0000,19,27,694.9422,-86.0085,-0.0750,18,0.4500,1.0000,8,8,8,0,0,8,8,0.0000
4,40.0000,19,28,698.9216,-86.5211,1.1873,5,0.1250,1.0000,6,8,8,0,0,8,8,0.0000
4,40.0000,19,29,615.4126,-86.3797,1.0750,16,0.4000,1.0000,8,7,6,0,0,7,6,0.1429
4,40.0000,19,31,253.5515,-76.3472,-0.2738,30,0.7500,0.4000,5,5,2,0,0,5,2,0.6000
4,40.0000,19,32,184.0927,-75.6215,-0.1850,31,0.7750,0.2000,5,4,0,0,0,4,0,1.0000
4,40.0000,19,33,634.2866,-84.7497,2.0116,9,0.2250,0.8571,7,8,8,0,0,8,8,0.0000
4,40.0000,19,35,1040.7597,-88.4515,0.0710,4,0.1000,,0,6,6,0,0,6,6,0.0000
4,40.0000,19,36,913.5910,-89.0130,-0.1406,5,0.1250,,0,4,4,0,0,4,4,0.0000
4,40.0000,19,38,881.5077,-88.2100,0.4517,5,0.1250,1.0000,6,4,4,0,0,4,4,0.0000
4,40.0000,19,39,450.8491,-83.5495,0.0676,14,0.3500,0.8571,7,8,8,0,0,8,8,0.0000
4,40.0000,19,40,808.7631,-87.0770,0.4292,12,0.3000,1.0000,8,8,8,0,0,8,8,0.0000
4,40.0000,19,43,482.5380,-83.2029,0.3961,15,0.3750,0.8571,7,7,6,0,0,7,6,0.1429
4,40.0000,19,44,904.8977,-87.9947,-1.2300,4,0.1000,0.6667,3,8,8,0,0,8,8,0.0000
4,40.0000,19,45,723.0275,-87.1684,-0.0793,9,0.2250,0.7143,7,6,6,0,0,6,6,0.0000
4,40.0000,19,47,615.1312,-86.6377,-0.7149,8,0.2000,0.8889,9,5,4,0,0,5,4,0.2000
4,40.0000,20,1,941.7987,-88.7168,1.3945,3,0.0750,1.0000,2,2,2,0,0,2,2,0.0000
4,40.0000,20,2,473.7719,-83.9941,0.2310,12,0.3000,1.0000,8,7,5,0,0,7,5,0.2857
4,40.0000,20,4,643.0271,-85.9349,-0.5652,7,0.1750,0.7500,8,6,5,0,0,6,5,0.1667
4,40.0000,20,5,841.8042,-88.4920,0.3310,9,0.2250,1.0000,4,8,8,0,0,8,8,0.0000
4,40.0000,20,8,601.9565,-84.6208,0.0678,10,0.2500,1.0000,8,8,8,0,0,8,8,0.0000
4,40.0000,20,9,608.9325,-86.7920,1.3031,3,0.0750,0.8571,7,8,8,0,0,8,8,0.0000
4,40.0000,20,11,905.1317,-86.6358,-0.2655,4,0.1000,0.9773,44,6,6,0,0,6,6,0.0000
4,40.0000,20,12,847.1367,-86.6496,-0.1141,6,0.1500,1.0000,6,8,8,0,0,8,8,0.0000
4,40.0000,20,13,866.8998,-87.5455,-0.0252,6,0.1500,1.0000,8,7,6,0,0,7,6,0.1429
4,40.0000,20,16,538.3131,-84.6247,0.8444,9,0.2250,0.8571,7,8,8,0,0,8,8,0.0000
4,40.0000,20,18,824.9890,-87.2045,0.0248,3,0.0750,1.0000,6,8,7,0,0,8,7,0.1250
4,40.0000,20,19,795.6992,-88.4923,-1.2426,4,0.1000,1.0000,8,7,6,0,0,7,6,0.1429
4,40.0000,20,21,598.0035,-84.4715,-0.6659,19,0.4750,1.0000,8,7,5,0,0,7,5,0.2857
4,40.0000,20,22,788.0465,-85.1875,0.3504,5,0.1250,0.8571,7,8,8,0,0,8,8,0.0000
4,40.0000,20,25,516.7753,-83.6025,-0.6158,13,0.3250,0.8750,8,8,8,0,0,8,8,0.0000
4,40.0000,20,26,446.7792,-81.7332,-1.4681,14,0.3500,0.8571,7,7,6,0,0,7,6,0.1429
4,40.0000,20,28,651.3570,-85.6203,0.0879,4,0.1000,1.0000,8,7,6,0,0,7,6,0.1429
4,40.0000,20,29,341.6181,-80.1731,-0.0537,21,0.5250,0.5000,6,4,2,0,0,4,2,0.5000
4,40.0000,20,32,898.8930,-86.9587,-0.3847,3,0.0750,1.0000,6,2,2,0,0,2,2,0.0000
4,40.0000,20,34,940.5985,-88.7712,0.1364,5,0.1250,1.0000,8,6,6,0,0,6,6,0.0000
4,40.0000,20,38,630.2246,-83.9671,-0.8933,7,0.1750,0.8750,8,8,8,0,0,8,8,0.0000
4,40.0000,20,39,385.7766,-81.2320,-0.0030,13,0.3250,0.9130,184,8,7,143,120,151,127,0.1589
4,40.0000,20,45,192.0920,-75.2253,0.2102,32,0.8000,0.4286,7,6,2,0,0,6,2,0.6667
4,40.0000,20,47,185.7596,-74.9787,-0.2027,30,0.7500,0.2000,5,6,3,0,0,6,3,0.5000
4,40.0000,21,1,543.4643,-86.0236,-0.4467,12,0.3000,0.7143,7,8,8,0,0,8,8,0.0000
4,40.0000,21,2,512.3612,-82.9435,0.7629,6,0.1500,0.5000,4,10,9,0,0,10,9,0.1000
4,40.0000,21,5,395.9606,-83.0007,0.6524,25,0.6250,0.6667,6,5,2,0,0,5,2,0.6000
4,40.0000,21,8,334.4298,-79.6778,0.9299,18,0.4500,0.8571,7,6,4,0,0,6,4,0.3333
4,40.0000,21,12,608.5628,-85.8508,-0.7607,10,0.2500,0.8750,8,6,4,0,0,6,4,0.3333
4,40.0000,21,13,635.8385,-85.5626,-0.1245,11,0.2750,0.8571,7,8,7,0,0,8,7,0.1250
4,40.0000,21,16,614.2822,-85.5523,0.3592,7,0.1750,1.0000,8,8,7,0,0,8,7,0.1250
4,40.0000,21,17,928.7264,-87.0761,1.1611,3,0.0750,1.0000,6,8,8,0,0,8,8,0.0000
4,40.0000,21,20,598.0035,-83.8829,-0.6950,9,0.2250,0.8750,8,7,6,0,0,7,6,0.1429
4,40.0000,21,25,477.4612,-82.7784,-0.0018,11,0.2750,1.0000,8,7,6,0,0,7,6,0.1429
4,40.0000,21,26,649.4008,-85.2267,-2.0522,7,0.1750,0.8571,7,8,8,0,0,8,8,0.0000
4,40.0000,21,27,841.8890,-86.6757,-0.4955,4,0.1000,1.0000,8,8,8,0,0,8,8,0.0000
4,40.0000,21,29,587.2484,-84.5617,-0.3912,10,0.2500,1.0000,8,8,7,0,0,8,7,0.1250
4,40.0000,21,34,469.8739,-82.7342,-0.0552,25,0.6250,0.8571,7,8,5,0,0,8,5,0.3750
4,40.0000,21,36,845.2281,-88.3509,1.3917,3,0.0750,1.0000,8,8,8,0,0,8,8,0.0000
4,40.0000,21,39,735.8643,-86.6424,-1.0119,4,0.1000,0.8750,8,8,8,0,0,8,8,0.0000
4,40.0000,21,40,681.2316,-85.7754,0.2644,11,0.2750,1.0000,8,8,7,0,0,8,7,0.1250
4,40.0000,21,45,548.9042,-83.7790,-1.2045,9,0.2250,0.7143,7,8,8,0,0,8,8,0.0000
4,40.0000,21,47,631.4586,-85.5320,0.0966,6,0.1500,1.0000,8,8,8,0,0,8,8,0.0000
4,40.0000,22,3,653.9144,-84.2865,0.7566,9,0.2308,0.8750,8,8,7,0,0,8,7,0.1250
4,40.0000,22,4,180.5327,-70.0667,-2.2387,31,0.7949,0.0000,4,8,5,0,0,8,5,0.3750
4,40.0000,22,6,698.3454,-85.0995,0.2416,6,0.1538,0.8571,7,8,8,0,0,8,8,0.0000
4,40.0000,22,9,674.2209,-85.8665,-0.7180,5,0.1282,1.0000,8,8,8,0,0,8,8,0.0000
4,40.0000,22,15,751.9986,-86.7505,-0.4707,8,0.2051,1.0000,8,6,6,0,0,6,6,0.0000
4,40.0000,22,18,572.6376,-83.8049,0.5543,8,0.2051,0.8750,8,8,8,0,0,8,8,0.0000
4,40.0000,22,20,788.0465,-86.0467,-1.0779,5,0.1282,1.0000,8,8,8,0,0,8,8,0.0000
4,40.0000,22,28,422.8100,-79.7935,-1.7515,16,0.4103,0.7143,7,8,8,0,0,8,8,0.0000
4,40.0000,22,30,749.9960,-87.0407,0.2788,8,0.2051,1.0000,8,6,6,0,0,6,6,0.0000
4,40.0000,22,37,747.8432,-86.4200,-0.0840,6,0.1538,0.8333,6,7,6,0,0,7,6,0.1429
4,40.0000,22,38,277.1417,-77.7195,-0.0541,28,0.7179,0.3333,6,5,2,0,0,5,2,0.6000
4,40.0000,22,39,729.6046,-84.9034,-1.4401,5,0.1282,1.0000,8,3,2,0,0,3,2,0.3333
4,40.0000,22,42,583.7402,-84.8668,0.2536,9,0.2308,0.8750,8,7,6,0,0,7,6,0.1429
4,40.0000,22,44,589.3971,-84.2328,0.2033,7,0.1795,1.0000,8,8,8,0,0,8,8,0.0000
4,40.0000,22,45,753.7089,-84.5002,-5.9542,5,0.1282,1.0000,8,8,8,0,0,8,8,0.0000
4,40.0000,22,47,775.4395,-87.1634,-0.3566,4,0.1026,1.0000,8,8,8,0,0,8,8,0.0000
4,40.0000,23,0,252.1435,-77.2853,0.9401,30,0.7500,0.6667,6,6,4,0,0,6,4,0.3333
4,40.0000,23,3,974.3120,-89.1518,-0.8210,3,0.0750,1.0000,6,8,8,0,0,8,8,0.0000
4,40.0000,23,4,775.9826,-87.0002,-0.1874,5,0.1250,1.0000,8,7,6,0,0,7,6,0.1429
4,40.0000,23,6,756.4395,-86.9045,1.2481,7,0.1750,0.8750,8,8,8,0,0,8,8,0.0000
4,40.0000,23,7,546.3173,-84.9215,0.1083,11,0.2750,0.8750,8,7,6,0,0,7,6,0.1429
4,40.0000,23,9,602.4458,-83.1964,-0.6855,11,0.2750,1.0000,6,10,10,0,0,10,10,0.0000
4,40.0000,23,10,863.1797,-87.2756,-0.9871,3,0.0750,0.8571,7,8,8,0,0,8,8,0.0000
4,40.0000,23,11,765.5114,-86.0454,-1.6523,6,0.1500,1.0000,6,7,6,0,0,7,6,0.1429
4,40.0000,23,14,719.2541,-86.3710,1.4395,6,0.1500,1.0000,8,7,6,0,0,7,6,0.1429
4,40.0000,23,17,629.0733,-84.7371,-0.3159,3,0.0750,1.0000,8,8,8,0,0,8,8,0.0000
4,40.0000,23,18,565.8674,-83.8928,-1.3737,11,0.2750,0.7500,8,8,7,0,0,8,7,0.1250
4,40.0000,23,19,798.5400,-87.5589,0.0937,4,0.1000,0.5000,6,8,7,0,0,8,7,0.1250
4,40.0000,23,22,847.7832,-86.2450,0.5011,3,0.0750,1.0000,4,4,4,0,0,4,4,0.0000
4,40.0000,23,24,617.4097,-85.7068,-0.5604,15,0.3750,1.0000,8,7,6,0,0,7,6,0.1429
4,40.0000,23,28,640.8602,-84.5180,-0.0808,9,0.2250,1.0000,8,7,6,0,0,7,6,0.1429
4,40.0000,23,30,446.2119,-83.9834,0.2601,13,0.3250,0.8750,8,7,4,0,0,7,4,0.4286
4,40.0000,23,31,643.6690,-84.6022,0.4566,7,0.1750,0.8571,7,6,6,0,0,6,6,0.0000
4,40.0000,23,32,724.0353,-85.4883,-1.1417,6,0.1500,0.8571,7,8,8,0,0,8,8,0.0000
4,40.0000,23,33,298.5613,-76.8106,-1.0947,27,0.6750,0.4914,116,7,6,136,125,143,131,0.0839
4,40.0000,23,37,635.6999,-85.6059,1.2889,12,0.3000,0.8750,8,8,7,0,0,8,7,0.1250
4,40.0000,23,38,805.6753,-86.2872,-1.5649,4,0.1000,1.0000,8,8,8,0,0,8,8,0.0000
4,40.0000,23,41,418.4722,-82.3218,-0.3199,22,0.5500,0.7143,7,8,7,0,0,8,7,0.1250
4,40.0000,23,42,679.8202,-86.7093,-0.6785,9,0.2250,1.0000,8,8,7,0,0,8,7,0.1250
4,40.0000,23,43,392.6947,-81.8404,1.1980,14,0.3500,1.0000,8,7,5,0,0,7,5,0.2857
4,40.0000,23,44,505.0714,-83.7808,-0.8474,11,0.2750,0.8571,7,6,4,0,0,6,4,0.3333
4,40.0000,23,46,669.4062,-86.5928,0.4828,10,0.2500,0.8750,8,8,8,0,0,8,8,0.0000
4,40.0000,24,0,520.0328,-84.5523,-0.0493,6,0.1500,0.8571,7,7,6,0,0,7,6,0.1429
4,40.0000,24,3,756.4754,-87.1075,-0.4614,6,0.1500,0.7500,8,8,8,0,0,8,8,0.0000
4,40.0000,24,6,503.7747,-82.1874,-1.1588,14,0.3500,0.8750,8,8,8,0,0,8,8,0.0000
4,40.0000,24,7,153.0894,-75.9857,1.0166,28,0.7000,0.0000,4,5,1,0,0,5,1,0.8000
4,40.0000,24,14,333.4753,-80.3032,1.0868,30,0.7500,0.6667,6,4,0,0,0,4,0,1.0000
4,40.0000,24,15,815.1533,-86.3922,-0.0745,9,0.2250,0.8571,7,4,4,0,0,4,4,0.0000
4,40.0000,24,18,768.3801,-84.9476,-1.1943,4,0.1000,1.0000,8,8,8,0,0,8,8,0.0000
4,40.0000,24,23,617.4097,-85.7452,-0.1338,6,0.1500,1.0000,8,8,8,0,0,8,8,0.0000
4,40.0000,24,30,315.5501,-78.6047,-0.1643,22,0.5500,0.5000,6,7,5,0,0,7,5,0.2857
4,40.0000,24,33,746.2591,-87.6198,1.2475,3,0.0750,1.0000,8,8,8,0,0,8,8,0.0000
4,40.0000,24,37,362.1331,-80.1110,-0.3245,25,0.6250,0.3333,6,8,7,0,0,8,7,0.1250
4,40.0000,24,41,199.4776,-78.0192,1.3423,25,0.6250,0.4000,5,4,0,0,0,4,0,1.0000
4,40.0000,24,42,557.7699,-84.1291,0.0889,18,0.4500,0.6000,5,8,7,0,0,8,7,0.1250
4,40.0000,24,44,545.6243,-82.2392,0.4079,12,0.3000,0.8571,7,8,8,0,0,8,8,0.0000
4,40.0000,24,46,124.2922,-71.1950,0.9562,30,0.7500,0.5000,6,4,0,0,0,4,0,1.0000
4,40.0000,25,1,511.1392,-84.5622,0.0976,16,0.4000,0.8571,7,6,2,0,0,6,2,0.6667
4,40.0000,25,2,372.5065,-79.5691,-0.6993,17,0.4250,0.5000,6,6,3,0,0,6,3,0.5000
4,40.0000,25,5,659.5748,-86.2597,-0.2164,11,0.2750,1.0000,4,5,2,0,0,5,2,0.6000
4,40.0000,25,8,323.7114,-79.4713,0.2591,22,0.5500,0.7143,7,7,6,0,0,7,6,0.1429
4,40.0000,25,9,648.9209,-86.0744,0.5878,8,0.2000,0.5714,7,8,7,0,0,8,7,0.1250
4,40.0000,25,10,591.1312,-85.4665,-0.2151,9,0.2250,1.0000,8,8,8,0,0,8,8,0.0000
4,40.0000,25,11,640.1599,-87.2601,-0.3454,7,0.1750,1.0000,8,6,4,44,41,50,45,0.1000
4,40.0000,25,12,341.0676,-81.6976,0.3970,22,0.5500,0.8750,8,6,4,0,0,6,4,0.3333
4,40.0000,25,13,360.1262,-80.5395,0.3025,24,0.6000,0.8571,7,6,3,0,0,6,3,0.5000
4,40.0000,25,16,187.6623,-74.0577,0.0745,27,0.6750,0.0000,4,7,6,0,0,7,6,0.1429
4,40.0000,25,17,626.6053,-84.9690,0.9880,6,0.1500,1.0000,6,8,7,0,0,8,7,0.1250
4,40.0000,25,19,512.5958,-81.4524,-0.3787,12,0.3000,0.8571,7,8,8,0,0,8,8,0.0000
4,40.0000,25,20,516.7753,-83.6008,-0.7369,15,0.3750,1.0000,8,6,3,0,0,6,3,0.5000
4,40.0000,25,21,477.4612,-82.5523,-0.5347,20,0.5000,0.6667,6,6,4,0,0,6,4,0.3333
4,40.0000,25,26,252.6878,-73.7856,-2.6801,29,0.7250,0.2000,5,7,5,0,0,7,5,0.2857
4,40.0000,25,27,688.1009,-86.2918,0.1536,10,0.2500,1.0000,6,7,6,0,0,7,6,0.1429
4,40.0000,25,28,869.3926,-87.3182,0.3370,4,0.1000,0.8000,5,8,8,0,0,8,8,0.0000
4,40.0000,25,29,264.0527,-76.9545,-0.9577,31,0.7750,0.0000,4,7,5,0,0,7,5,0.2857
4,40.0000,25,31,762.6794,-86.2809,-0.2206,4,0.1000,1.0000,8,6,6,0,0,6,6,0.0000
4,40.0000,25,32,630.6476,-85.7559,0.1886,7,0.1750,1.0000,8,8,8,4,4,12,12,0.0000
4,40.0000,25,34,709.0775,-85.6999,-0.2403,12,0.3000,1.0000,8,8,7,0,0,8,7,0.1250
4,40.0000,25,35,909.2391,-86.8967,-0.0584,7,0.1750,,0,5,4,0,0,5,4,0.2000
4,40.0000,25,36,692.6028,-85.8118,-0.9558,11,0.2750,0.8571,7,8,8,0,0,8,8,0.0000
4,40.0000,25,38,963.4017,-88.7621,-0.8228,3,0.0750,1.0000,8,6,6,0,0,6,6,0.0000
4,40.0000,25,39,455.8199,-83.0203,-0.5538,14,0.3500,0.7143,7,7,6,0,0,7,6,0.1429
4,40.0000,25,40,657.1304,-86.0449,-0.3018,12,0.3000,1.0000,8,8,7,0,0,8,7,0.1250
4,40.0000,25,43,939.1245,-88.6234,-0.1858,3,0.0750,0.8571,7,8,8,0,0,8,8,0.0000
4,40.0000,25,45,504.9824,-82.2145,-1.6276,15,0.3750,0.8750,8,7,6,0,0,7,6,0.1429
4,40.0000,25,47,415.5058,-79.5452,-1.0447,23,0.5750,0.6667,6,8,7,0,0,8,7,0.1250
4,40.0000,26,0,924.9429,-88.3889,-0.1197,4,0.1000,,0,8,8,0,0,8,8,0.0000
4,40.0000,26,1,759.7231,-86.8039,-0.2869,13,0.3250,1.0000,8,4,3,0,0,4,3,0.2500
4,40.0000,26,2,314.9335,-79.2505,-0.3168,18,0.4500,0.4000,5,6,3,0,0,6,3,0.5000
4,40.0000,26,4,776.5372,-88.5812,0.3108,6,0.1500,1.0000,4,4,4,0,0,4,4,0.0000
4,40.0000,26,5,887.9169,-86.2531,0.0005,5,0.1250,1.0000,8,7,6,0,0,7,6,0.1429
4,40.0000,26,8,442.9050,-82.6774,-0.1878,18,0.4500,0.7143,7,8,8,0,0,8,8,0.0000
4,40.0000,26,9,423.4241,-83.1052,0.6931,8,0.2000,1.0000,8,6,3,0,0,6,3,0.5000
4,40.0000,26,10,492.3517,-84.7821,0.0344,14,0.3500,0.8750,8,8,5,0,0,8,5,0.3750
4,40.0000,26,11,485.6705,-82.3239,-0.8485,9,0.2250,0.7143,7,8,6,0,0,8,6,0.2500
4,40.0000,26,12,513.7250,-83.5878,0.2292,17,0.4250,1.0000,8,6,3,0,0,6,3,0.5000
4,40.0000,26,13,568.0473,-84.0063,-0.1753,18,0.4500,0.8571,7,8,8,0,0,8,8,0.0000
4,40.0000,26,16,126.0103,-74.7532,1.4300,35,0.8750,0.6667,6,4,0,0,0,4,0,1.0000
4,40.0000,26,17,459.4237,-82.7583,0.3926,15,0.3750,0.7143,7,6,4,0,0,6,4,0.3333
4,40.0000,26,18,710.1260,-87.0206,-0.1424,6,0.1500,0.8571,7,8,8,0,0,8,8,0.0000
4,40.0000,26,19,370.9970,-81.9447,1.1997,13,0.3250,0.7143,7,5,2,0,0,5,2,0.6000
4,40.0000,26,20,446.7792,-81.6707,-0.2567,22,0.5500,0.5714,7,7,6,0,0,7,6,0.1429
4,40.0000,26,21,649.4008,-84.5967,-0.3514,20,0.5000,0.8750,8,8,8,0,0,8,8,0.0000
4,40.0000,26,22,954.5092,-88.1684,1.0208,4,0.1000,1.0000,2,6,6,0,0,6,6,0.0000
4,40.0000,26,25,252.6878,-75.0049,-2.1297,35,0.8750,0.0000,4,8,6,0,0,8,6,0.2500
4,40.0000,26,27,812.1580,-86.9542,-1.0999,7,0.1750,0.6000,5,4,3,0,0,4,3,0.2500
4,40.0000,26,28,624.7234,-85.8343,0.4693,6,0.1500,1.0000,4,7,6,0,0,7,6,0.1429
4,40.0000,26,29,257.2658,-76.2417,-0.8263,34,0.8500,0.0000,4,8,7,0,0,8,7,0.1250
4,40.0000,26,31,610.6283,-84.5920,-0.4975,8,0.2000,0.7143,7,7,6,0,0,7,6,0.1429
4,40.0000,26,32,507.4393,-85.5758,0.8548,6,0.1500,1.0000,6,6,4,0,0,6,4,0.3333
4,40.0000,26,33,740.7951,-86.9225,-26.2600,3,0.0750,0.8750,8,5,4,0,0,5,4,0.2000
4,40.0000,26,34,948.9823,-87.3052,-0.8176,3,0.0750,1.0000,8,6,6,0,0,6,6,0.0000
4,40.0000,26,38,737.6830,-85.5831,-0.0793,8,0.2000,1.0000,8,4,4,0,0,4,4,0.0000
4,40.0000,26,39,230.6542,-78.8263,1.1231,24,0.6000,0.5000,4,5,1,0,0,5,1,0.8000
4,40.0000,26,40,828.7598,-86.9657,-0.1292,10,0.2500,1.0000,8,8,8,0,0,8,8,0.0000
4,40.0000,26,43,758.9969,-86.1804,-0.4304,6,0.1500,0.8571,7,8,7,0,0,8,7,0.1250
4,40.0000,26,44,956.9228,-89.2015,-0.2326,5,0.1250,1.0000,6,8,8,0,0,8,8,0.0000
4,40.0000,26,45,421.3131,-81.3785,0.0578,19,0.4750,0.4000,5,7,4,0,0,7,4,0.4286
4,40.0000,26,47,277.0525,-76.1092,-0.8849,33,0.8250,0.5000,6,7,4,0,0,7,4,0.4286
4,40.0000,27,1,606.5034,-84.9323,0.1154,9,0.2308,0.8750,8,8,8,0,0,8,8,0.0000
4,40.0000,27,2,764.0043,-85.6474,-0.9594,5,0.1282,1.0000,8,8,8,0,0,8,8,0.0000
4,40.0000,27,8,606.5935,-83.1039,-1.3821,8,0.2051,1.0000,8,8,8,0,0,8,8,0.0000
4,40.0000,27,10,645.0825,-83.9193,0.0333,6,0.1538,0.8750,8,8,8,0,0,8,8,0.0000
4,40.0000,27,12,367.7821,-79.4323,-0.3586,18,0.4615,0.3333,6,7,6,0,0,7,6,0.1429
4,40.0000,27,13,502.1102,-84.8659,0.3867,7,0.1795,0.8571,7,8,8,0,0,8,8,0.0000
4,40.0000,27,16,688.3173,-86.7958,0.6881,5,0.1282,0.8750,8,6,5,0,0,6,5,0.1667
4,40.0000,27,17,781.6157,-86.7615,-1.5490,3,0.0769,0.8750,8,8,8,0,0,8,8,0.0000
4,40.0000,27,19,694.9422,-83.5728,-1.5796,4,0.1026,1.0000,8,8,8,0,0,8,8,0.0000
4,40.0000,27,21,841.8890,-86.5944,0.1194,5,0.1282,1.0000,8,8,8,0,0,8,8,0.0000
4,40.0000,27,25,688.1009,-85.2807,0.2407,3,0.0769,1.0000,8,8,8,0,0,8,8,0.0000
4,40.0000,27,29,947.8809,-86.6586,-0.2504,4,0.1026,1.0000,8,8,8,0,0,8,8,0.0000
4,40.0000,27,31,796.7755,-86.1249,-0.6313,3,0.0769,0.8571,7,6,6,0,0,6,6,0.0000
4,40.0000,27,32,665.2965,-83.7075,0.1149,5,0.1282,1.0000,8,7,6,0,0,7,6,0.1429
4,40.0000,27,34,952.9905,-88.5052,-0.3791,4,0.1026,1.0000,8,6,6,0,0,6,6,0.0000
4,40.0000,27,35,504.4541,-84.0556,0.5814,18,0.4615,0.5714,7,6,3,0,0,6,3,0.5000
4,40.0000,27,36,469.8344,-83.3347,0.4636,20,0.5128,0.7500,8,4,1,0,0,4,1,0.7500
4,40.0000,27,40,230.7098,-76.9063,0.2057,33,0.8462,0.0000,4,4,0,0,0,4,0,1.0000
4,40.0000,28,0,530.7563,-84.5099,0.5209,13,0.3250,1.0000,8,8,8,0,0,8,8,0.0000
4,40.0000,28,2,696.2992,-86.5790,2.0290,4,0.1000,0.8750,8,7,6,0,0,7,6,0.1429
4,40.0000,28,3,826.7108,-86.2638,-0.5194,8,0.2000,0.8000,5,4,4,0,0,4,4,0.0000
4,40.0000,28,4,284.3424,-78.6913,-0.2620,31,0.7750,0.6250,8,5,1,0,0,5,1,0.8000
4,40.0000,28,6,659.1250,-85.5036,-0.9188,12,0.3000,0.8750,8,7,6,0,0,7,6,0.1429
4,40.0000,28,9,349.9241,-82.0418,0.4483,15,0.3750,0.7143,7,8,8,0,0,8,8,0.0000
4,40.0000,28,10,830.2671,-88.1674,-0.0628,3,0.0750,1.0000,6,8,8,0,0,8,8,0.0000
4,40.0000,28,11,717.6967,-85.4385,0.3296,4,0.1000,0.8750,8,6,6,0,0,6,6,0.0000
4,40.0000,28,14,781.2423,-86.9993,-0.7207,10,0.2500,0.6000,5,8,8,0,0,8,8,0.0000
4,40.0000,28,15,913.6225,-87.3349,-0.3360,5,0.1250,1.0000,4,6,6,0,0,6,6,0.0000
4,40.0000,28,17,615.8089,-86.5151,0.1705,8,0.2000,1.0000,8,6,4,0,0,6,4,0.3333
4,40.0000,28,18,214.1109,-76.9691,0.6007,30,0.7500,0.0000,4,4,0,0,0,4,0,1.0000
4,40.0000,28,19,698.9216,-86.1842,0.5344,5,0.1250,1.0000,4,8,8,0,0,8,8,0.0000
4,40.0000,28,20,651.3570,-85.7057,-1.2267,8,0.2000,1.0000,4,8,7,0,0,8,7,0.1250
4,40.0000,28,22,422.8100,-80.7580,-0.6295,29,0.7250,0.0000,4,6,4,0,0,6,4,0.3333
4,40.0000,28,23,640.8602,-85.9472,0.7632,8,0.2000,1.0000,8,7,6,0,0,7,6,0.1429
4,40.0000,28,26,624.7234,-84.5782,3.1924,3,0.0750,1.0000,8,8,8,0,0,8,8,0.0000
4,40.0000,28,29,745.7717,-87.4473,1.8325,3,0.0750,1.0000,10,8,6,0,0,8,6,0.2500
4,40.0000,28,30,641.1309,-86.0119,-0.2671,14,0.3500,0.7143,7,8,8,0,0,8,8,0.0000
4,40.0000,28,31,756.5045,-87.0625,0.7612,6,0.1500,1.0000,8,2,2,0,0,2,2,0.0000
4,40.0000,28,33,350.8072,-81.6769,-0.1403,17,0.4250,0.8333,6,7,4,0,0,7,4,0.4286
4,40.0000,28,37,671.9886,-86.1487,-0.3965,13,0.3250,1.0000,8,8,8,0,0,8,8,0.0000
4,40.0000,28,38,209.2554,-76.6709,0.3829,36,0.9000,0.0000,4,6,3,0,0,6,3,0.5000
4,40.0000,28,39,423.6437,-81.5155,-1.1358,16,0.4000,0.8750,8,7,6,0,0,7,6,0.1429
4,40.0000,28,41,806.1612,-86.4297,-0.7277,9,0.2250,0.7143,7,8,8,0,0,8,8,0.0000
4,40.0000,28,42,671.7938,-85.5603,-0.6357,15,0.3750,0.7143,7,6,4,0,0,6,4,0.3333
4,40.0000,28,43,701.4823,-86.2266,-1.5848,9,0.2250,0.8750,8,8,8,0,0,8,8,0.0000
4,40.0000,28,44,398.5610,-81.3166,-0.2506,21,0.5250,0.8571,7,7,4,0,0,7,4,0.4286
4,40.0000,28,45,618.3404,-84.8612,-0.2053,7,0.1750,1.0000,8,6,6,0,0,6,6,0.0000
4,40.0000,28,46,899.2893,-86.8196,-0.4692,8,0.2000,1.0000,8,4,4,0,0,4,4,0.0000
4,40.0000,28,47,544.3577,-85.2695,0.1572,6,0.1500,1.0000,8,8,8,0,0,8,8,0.0000
4,40.0000,29,1,710.2899,-86.4686,-0.2263,12,0.3077,1.0000,8,8,8,0,0,8,8,0.0000
4,40.0000,29,2,466.2285,-83.1977,0.6229,12,0.3077,0.5714,7,4,2,0,0,4,2,0.5000
4,40.0000,29,4,855.2358,-88.1529,-1.2874,4,0.1026,0.7500,4,6,6,0,0,6,6,0.0000
4,40.0000,29,5,745.4599,-86.7020,-0.5907,11,0.2821,1.0000,4,8,8,0,0,8,8,0.0000
4,40.0000,29,8,521.1926,-85.2647,-0.1090,17,0.4359,0.8571,7,6,5,0,0,6,5,0.1667
4,40.0000,29,9,632.7512,-86.5995,0.5187,6,0.1538,1.0000,8,7,6,0,0,7,6,0.1429
4,40.0000,29,10,718.4990,-87.2546,-0.3815,6,0.1538,1.0000,8,8,8,0,0,8,8,0.0000
4,40.0000,29,11,713.8404,-86.3811,-0.9105,7,0.1795,1.0000,8,8,8,0,0,8,8,0.0000
4,40.0000,29,12,597.6309,-84.9356,0.0612,12,0.3077,0.8750,8,7,6,0,0,7,6,0.1429
4,40.0000,29,13,579.3422,-84.1689,-1.0717,16,0.4103,0.8571,7,7,6,0,0,7,6,0.1429
4,40.0000,29,16,316.6250,-79.9794,-0.1649,19,0.4872,0.5000,6,6,2,0,0,6,2,0.6667
4,40.0000,29,17,715.2370,-86.1253,-0.4165,8,0.2051,1.0000,6,8,8,0,0,8,8,0.0000
4,40.0000,29,18,851.5957,-88.2560,1.9718,4,0.1026,1.0000,6,8,8,0,0,8,8,0.0000
4,40.0000,29,19,615.4126,-85.1546,0.4898,10,0.2564,1.0000,8,7,6,0,0,7,6,0.1429
4,40.0000,29,20,341.6181,-81.1090,0.4126,24,0.6154,0.8562,146,6,3,11,9,17,12,0.2941
4,40.0000,29,21,587.2484,-83.3901,0.0911,19,0.4872,1.0000,8,7,6,0,0,7,6,0.1429
4,40.0000,29,25,264.0527,-76.1333,-0.9055,28,0.7179,0.2000,5,5,2,63,43,68,45,0.3382
4,40.0000,29,26,257.2658,-76.4374,-0.4584,27,0.6923,0.5000,6,8,7,0,0,8,7,0.1250
4,40.0000,29,27,947.8809,-88.1629,1.1174,4,0.1026,1.0000,8,8,8,0,0,8,8,0.0000
4,40.0000,29,28,745.7717,-88.5511,0.9081,4,0.1026,1.0000,6,8,8,0,0,8,8,0.0000
4,40.0000,29,31,859.9969,-87.0048,0.1617,7,0.1795,1.0000,8,6,6,0,0,6,6,0.0000
4,40.0000,29,32,760.8971,-87.4714,-0.0784,6,0.1538,1.0000,6,8,8,0,0,8,8,0.0000
4,40.0000,29,34,819.2853,-87.0739,-0.6399,10,0.2564,1.0000,6,4,4,0,0,4,4,0.0000
4,40.0000,29,35,1140.1366,-88.7046,0.7103,3,0.0769,,0,2,2,0,0,2,2,0.0000
4,40.0000,29,36,916.8549,-87.3836,-1.3855,8,0.2051,1.0000,6,6,6,0,0,6,6,0.0000
4,40.0000,29,38,798.8036,-85.8859,-0.9598,6,0.1538,1.0000,10,6,6,0,0,6,6,0.0000
4,40.0000,29,39,389.1762,-81.4181,0.4448,15,0.3846,0.7143,7,6,3,0,0,6,3,0.5000
4,40.0000,29,40,919.5652,-87.1356,-1.3229,6,0.1538,1.0000,8,8,8,0,0,8,8,0.0000
4,40.0000,29,43,1012.0990,-87.6034,-0.0645,3,0.0769,1.0000,6,6,6,0,0,6,6,0.0000
4,40.0000,29,45,420.2704,-82.8442,-0.4033,16,0.4103,0.9000,10,8,8,0,0,8,8,0.0000
4,40.0000,29,47,259.7720,-77.5512,-0.2314,28,0.7179,0.2000,5,6,3,52,29,58,32,0.4483
4,40.0000,30,0,338.6069,-82.4900,0.0965,22,0.5500,1.0000,8,5,2,0,0,5,2,0.6000
4,40.0000,30,3,589.0013,-84.4323,-0.4092,20,0.5000,0.7143,7,8,8,0,0,8,8,0.0000
4,40.0000,30,4,754.0516,-85.9903,-0.9453,7,0.1750,1.0000,6,8,8,0,0,8,8,0.0000
4,40.0000,30,6,342.0512,-79.0506,-0.4136,31,0.7750,0.5000,6,6,4,0,0,6,4,0.3333
4,40.0000,30,7,265.8222,-77.1491,-0.5570,33,0.8250,0.4000,5,5,1,0,0,5,1,0.8000
4,40.0000,30,9,820.5742,-87.5268,-1.1574,4,0.1000,1.0000,8,8,8,0,0,8,8,0.0000
4,40.0000,30,14,275.2513,-78.7306,0.9124,35,0.8750,0.4286,7,6,2,0,0,6,2,0.6667
4,40.0000,30,15,681.9832,-85.3564,-0.2556,19,0.4750,1.0000,8,7,6,0,0,7,6,0.1429
4,40.0000,30,17,952.9747,-88.4168,0.3894,3,0.0750,1.0000,4,6,6,0,0,6,6,0.0000
4,40.0000,30,18,511.6292,-83.1782,-0.3353,14,0.3500,0.8750,8,8,8,0,0,8,8,0.0000
4,40.0000,30,22,749.9960,-86.1351,-0.2426,6,0.1500,1.0000,8,4,4,0,0,4,4,0.0000
4,40.0000,30,23,446.2119,-83.6589,0.8905,17,0.4250,0.5000,6,7,4,0,0,7,4,0.4286
4,40.0000,30,24,315.5501,-79.0411,-0.1560,33,0.8250,0.0000,4,7,4,0,0,7,4,0.4286
4,40.0000,30,28,641.1309,-85.5891,-0.2195,10,0.2500,0.8571,7,8,6,0,0,8,6,0.2500
4,40.0000,30,33,487.1373,-83.6460,-0.0857,13,0.3250,1.0000,8,7,6,0,0,7,6,0.1429
4,40.0000,30,37,200.1807,-73.4956,-0.9898,33,0.8250,0.0000,4,4,0,0,0,4,0,1.0000
4,40.0000,30,38,730.7427,-87.3218,-0.5274,6,0.1500,1.0000,8,8,8,0,0,8,8,0.0000
4,40.0000,30,41,225.1850,-77.5540,0.9010,31,0.7750,0.5000,6,5,1,0,0,5,1,0.8000
4,40.0000,30,42,327.2580,-79.6645,-0.8050,30,0.7500,0.0000,4,6,3,0,0,6,3,0.5000
4,40.0000,30,43,792.6540,-87.6994,0.0398,5,0.1250,1.0000,8,8,8,0,0,8,8,0.0000
4,40.0000,30,44,273.7819,-78.4725,-0.1995,30,0.7500,0.2000,5,7,4,0,0,7,4,0.4286
4,40.0000,30,46,288.0473,-76.4871,-1.4027,37,0.9250,0.2000,5,6,3,0,0,6,3,0.5000
4,40.0000,31,0,627.0686,-84.3189,-0.7875,8,0.2000,0.8750,8,8,8,0,0,8,8,0.0000
4,40.0000,31,2,675.5922,-84.0789,0.0160,11,0.2750,0.8571,7,8,8,0,0,8,8,0.0000
4,40.0000,31,7,982.9428,-88.1561,-0.1315,3,0.0750,1.0000,8,8,8,0,0,8,8,0.0000
4,40.0000,31,8,808.5364,-85.4004,-0.5524,5,0.1250,1.0000,8,8,8,0,0,8,8,0.0000
4,40.0000,31,9,504.3384,-82.8726,-1.0001,8,0.2000,0.8571,7,8,8,0,0,8,8,0.0000
4,40.0000,31,10,238.1461,-78.7178,0.7127,27,0.6750,0.3333,6,5,2,0,0,5,2,0.6000
4,40.0000,31,11,203.2439,-75.4628,0.0896,29,0.7250,0.0000,4,4,0,0,0,4,0,1.0000
4,40.0000,31,12,745.3418,-86.9698,1.1113,8,0.2000,0.8750,8,8,8,64,64,72,72,0.0000
4,40.0000,31,13,873.1238,-85.9723,-0.2041,5,0.1250,1.0000,2,8,8,0,0,8,8,0.0000
4,40.0000,31,16,584.9515,-83.6916,-0.4530,8,0.2000,1.0000,70,7,6,6,6,13,12,0.0769
4,40.0000,31,17,266.0721,-77.7145,-0.0518,22,0.5500,0.4000,5,6,3,0,0,6,3,0.5000
4,40.0000,31,18,705.7389,-86.0126,0.6894,6,0.1500,1.0000,8,8,8,0,0,8,8,0.0000
4,40.0000,31,19,253.5515,-76.4260,0.1766,30,0.7500,0.1875,16,7,5,0,0,7,5,0.2857
4,40.0000,31,23,643.6690,-85.4205,-0.7717,6,0.1500,1.0000,8,8,8,0,0,8,8,0.0000
4,40.0000,31,25,762.6794,-86.4715,1.2116,8,0.2000,0.8571,7,8,8,0,0,8,8,0.0000
4,40.0000,31,26,610.6283,-84.5696,2.4738,8,0.2000,0.7143,7,8,8,74,74,82,82,0.0000
4,40.0000,31,27,796.7755,-85.4408,-0.0869,10,0.2500,1.0000,8,6,6,0,0,6,6,0.0000
4,40.0000,31,28,756.5045,-87.2746,0.0836,4,0.1000,1.0000,8,8,8,0,0,8,8,0.0000
4,40.0000,31,29,859.9969,-88.0849,-1.4284,4,0.1000,1.0000,6,8,8,0,0,8,8,0.0000
4,40.0000,31,32,182.7226,-72.3037,-0.5125,30,0.7500,0.2000,5,7,4,0,0,7,4,0.4286
4,40.0000,31,33,572.0887,-84.4249,1.2797,7,0.1750,1.0000,8,8,8,0,0,8,8,0.0000
4,40.0000,31,39,630.6919,-84.1831,-0.6722,7,0.1750,0.8571,7,7,6,0,0,7,6,0.1429
4,40.0000,31,40,949.3013,-88.2821,0.0656,4,0.1000,1.0000,6,6,6,0,0,6,6,0.0000
4,40.0000,31,41,947.5441,-86.5033,0.4517,3,0.0750,1.0000,8,6,6,0,0,6,6,0.0000
4,40.0000,31,43,300.4445,-77.9090,-0.3948,30,0.7500,0.5000,6,8,8,0,0,8,8,0.0000
4,40.0000,31,44,856.2795,-87.2709,-1.5183,4,0.1000,1.0000,8,8,8,0,0,8,8,0.0000
4,40.0000,31,45,914.6720,-87.9099,-0.3769,3,0.0750,1.0000,6,6,6,0,0,6,6,0.0000
4,40.0000,31,47,824.7522,-88.0844,0.9432,5,0.1250,1.0000,70,7,6,0,0,7,6,0.1429
4,40.0000,32,0,735.3550,-87.1018,0.9436,7,0.1750,1.0000,8,6,6,0,0,6,6,0.0000
4,40.0000,32,2,519.2286,-82.3965,0.0887,15,0.3750,0.7143,7,7,6,0,0,7,6,0.1429
4,40.0000,32,4,950.6753,-88.5427,0.9836,3,0.0750,1.0000,4,4,4,0,0,4,4,0.0000
4,40.0000,32,8,634.5718,-85.8268,1.3424,4,0.1000,1.0000,8,8,8,0,0,8,8,0.0000
4,40.0000,32,9,448.7057,-81.6412,0.0874,9,0.2250,0.7143,7,8,7,0,0,8,7,0.1250
4,40.0000,32,10,221.4539,-77.5649,1.4704,29,0.7250,0.0000,4,5,1,0,0,5,1,0.8000
4,40.0000,32,11,261.1743,-78.6550,0.9577,27,0.6750,0.5000,6,6,4,0,0,6,4,0.3333
4,40.0000,32,12,606.3512,-88.0626,0.6079,4,0.1000,1.0000,8,8,8,0,0,8,8,0.0000
4,40.0000,32,13,752.5259,-87.2529,-1.2642,4,0.1000,1.0000,6,4,4,0,0,4,4,0.0000
4,40.0000,32,16,462.7482,-83.7685,-0.3725,11,0.2750,0.8571,7,6,4,0,0,6,4,0.3333
4,40.0000,32,17,165.8959,-76.2982,0.9141,28,0.7000,0.2000,5,5,1,0,0,5,1,0.8000
4,40.0000,32,18,759.3201,-86.0320,1.1739,3,0.0750,1.0000,8,8,6,0,0,8,6,0.2500
4,40.0000,32,19,184.0927,-75.7079,0.6950,33,0.8250,0.0000,4,5,1,0,0,5,1,0.8000
4,40.0000,32,21,961.6621,-89.2247,0.0944,3,0.0750,1.0000,4,8,8,0,0,8,8,0.0000
4,40.0000,32,23,724.0353,-86.1439,0.4174,8,0.2000,1.0000,8,6,6,0,0,6,6,0.0000
4,40.0000,32,25,630.6476,-86.3174,-1.6494,7,0.1750,1.0000,8,8,8,0,0,8,8,0.0000
4,40.0000,32,26,507.4393,-84.7699,-0.4980,6,0.1500,0.8750,8,5,2,0,0,5,2,0.6000
4,40.0000,32,27,665.2965,-85.6546,-0.6781,8,0.2000,1.0000,8,8,8,0,0,8,8,0.0000
4,40.0000,32,28,758.9489,-87.2049,0.7988,6,0.1500,0.6667,3,6,3,0,0,6,3,0.5000
4,40.0000,32,31,182.7226,-72.3397,-1.1194,35,0.8750,0.0000,4,5,2,0,0,5,2,0.6000
4,40.0000,32,33,615.9355,-85.4646,0.6396,9,0.2250,1.0000,8,4,4,0,0,4,4,0.0000
4,40.0000,32,39,543.8495,-84.3651,1.8733,6,0.1500,0.8571,7,8,8,0,0,8,8,0.0000
4,40.0000,32,40,793.3192,-87.2275,-0.1909,4,0.1000,1.0000,8,8,8,0,0,8,8,0.0000
4,40.0000,32,41,1068.4770,-88.2503,1.1789,3,0.0750,1.0000,8,4,4,0,0,4,4,0.0000
4,40.0000,32,43,358.4153,-78.4658,-1.2163,29,0.7250,0.7143,7,7,6,0,0,7,6,0.1429
4,40.0000,32,44,933.9975,-86.9191,-0.0692,4,0.1000,1.0000,4,2,2,0,0,2,2,0.0000
4,40.0000,32,45,791.8587,-87.5279,0.6817,3,0.0750,1.0000,6,8,8,0,0,8,8,0.0000
4,40.0000,32,47,726.2425,-86.6505,-0.4997,7,0.1750,1.0000,8,8,8,0,0,8,8,0.0000
4,40.0000,33,0,263.4894,-77.0096,-0.2219,34,0.8500,0.4000,5,5,1,0,0,5,1,0.8000
4,40.0000,33,2,754.7679,-86.6502,-0.0597,8,0.2000,1.0000,8,7,6,0,0,7,6,0.1429
4,40.0000,33,3,901.9910,-87.8646,0.5968,10,0.2500,0.8000,5,4,4,0,0,4,4,0.0000
4,40.0000,33,4,525.0108,-85.4505,-0.2393,15,0.3750,1.0000,8,8,6,0,0,8,6,0.2500
4,40.0000,33,6,684.6356,-85.3408,0.2770,11,0.2750,0.7500,8,8,8,0,0,8,8,0.0000
4,40.0000,33,7,638.8491,-85.6865,-0.1437,20,0.5000,0.8571,7,8,8,0,0,8,8,0.0000
4,40.0000,33,9,347.6617,-80.6868,-0.5324,21,0.5250,0.6667,6,6,4,0,0,6,4,0.3333
4,40.0000,33,10,736.9993,-88.6545,0.6188,7,0.1750,0.8333,6,6,4,0,0,6,4,0.3333
4,40.0000,33,11,626.1945,-86.0582,-0.1697,12,0.3000,0.5000,6,6,6,0,0,6,6,0.0000
4,40.0000,33,14,723.6884,-86.7799,-0.3907,16,0.4000,0.8571,7,8,7,0,0,8,7,0.1250
4,40.0000,33,16,806.6333,-87.9387,0.5451,7,0.1750,1.0000,8,8,8,0,0,8,8,0.0000
4,40.0000,33,17,482.9389,-82.7560,0.5569,13,0.3250,0.7143,7,8,8,0,0,8,8,0.0000
4,40.0000,33,18,315.5030,-79.7411,-0.4805,25,0.6250,0.8571,7,8,7,0,0,8,7,0.1250
4,40.0000,33,19,634.2866,-85.8955,0.3956,10,0.2500,1.0000,6,8,8,0,0,8,8,0.0000
4,40.0000,33,22,633.8625,-86.0587,0.0502,13,0.3250,1.0000,2,8,8,0,0,8,8,0.0000
4,40.0000,33,23,298.5613,-76.6265,-1.0148,34,0.8500,0.2000,5,7,5,0,0,7,5,0.2857
4,40.0000,33,24,746.2591,-86.5808,-0.1972,13,0.3250,1.0000,8,8,7,0,0,8,7,0.1250
4,40.0000,33,26,740.7951,-87.8819,0.2828,6,0.1500,1.0000,6,7,5,0,0,7,5,0.2857
4,40.0000,33,28,350.8072,-81.1050,0.2747,18,0.4500,0.7500,8,6,3,0,0,6,3,0.5000
4,40.0000,33,30,487.1373,-83.6145,-0.0389,20,0.5000,0.2000,5,6,3,0,0,6,3,0.5000
4,40.0000,33,31,572.0887,-84.5561,-0.4752,14,0.3500,0.8571,7,7,6,0,0,7,6,0.1429
4,40.0000,33,32,615.9355,-85.5824,0.3659,12,0.3000,1.0000,8,8,8,0,0,8,8,0.0000
4,40.0000,33,37,616.2828,-84.9809,0.8936,17,0.4250,0.7143,7,8,8,0,0,8,8,0.0000
4,40.0000,33,38,533.7514,-85.7953,0.6108,12,0.3000,1.0000,8,6,4,0,0,6,4,0.3333
4,40.0000,33,39,573.0341,-85.6298,-0.1897,10,0.2500,0.8750,8,8,8,0,0,8,8,0.0000
4,40.0000,33,41,573.4545,-84.2123,-0.0754,21,0.5250,0.8571,7,7,6,0,0,7,6,0.1429
4,40.0000,33,42,648.0972,-86.1755,0.7112,15,0.3750,1.0000,8,7,6,0,0,7,6,0.1429
4,40.0000,33,43,411.6010,-81.7229,-0.8528,19,0.4750,0.7143,7,8,7,0,0,8,7,0.1250
4,40.0000,33,44,372.0277,-81.8533,0.5746,23,0.5750,0.6000,5,5,2,0,0,5,2,0.6000
4,40.0000,33,45,813.7744,-87.5075,-1.0321,6,0.1500,1.0000,4,4,4,0,0,4,4,0.0000
4,40.0000,33,46,757.2240,-85.7912,-0.3319,14,0.3500,0.8571,7,4,4,0,0,4,4,0.0000
4,40.0000,33,47,765.6106,-87.4262,0.8037,6,0.1500,0.8750,8,8,8,0,0,8,8,0.0000
4,40.0000,34,1,401.6757,-80.9496,-0.4537,23,0.5750,0.4000,5,6,3,0,0,6,3,0.5000
4,40.0000,34,2,922.9477,-88.0513,-0.9528,5,0.1250,1.0000,8,8,8,0,0,8,8,0.0000
4,40.0000,34,5,112.4719,-68.2950,0.2083,38,0.9500,0.0000,4,4,0,0,0,4,0,1.0000
4,40.0000,34,8,704.1208,-85.7319,-0.6307,5,0.1250,1.0000,8,8,8,0,0,8,8,0.0000
4,40.0000,34,12,732.1044,-85.8321,-0.2206,9,0.2250,1.0000,8,8,8,0,0,8,8,0.0000
4,40.0000,34,13,651.7962,-84.9522,-0.7906,13,0.3250,0.8750,8,10,10,0,0,10,10,0.0000
4,40.0000,34,16,891.7189,-87.0128,1.5690,4,0.1000,1.0000,6,10,9,0,0,10,9,0.1000
4,40.0000,34,21,469.8739,-83.0911,0.3924,16,0.4000,0.8571,7,7,5,0,0,7,5,0.2857
4,40.0000,34,25,709.0775,-87.4340,0.3038,7,0.1750,1.0000,8,8,8,0,0,8,8,0.0000
4,40.0000,34,26,948.9823,-88.6742,-0.7103,4,0.1000,1.0000,8,4,4,0,0,4,4,0.0000
4,40.0000,34,27,952.9905,-87.8977,-0.1956,6,0.1500,1.0000,8,6,6,0,0,6,6,0.0000
4,40.0000,34,29,819.2853,-87.2679,-2.4061,3,0.0750,1.0000,8,8,8,0,0,8,8,0.0000
4,40.0000,34,35,933.2287,-87.7516,0.4071,6,0.1500,1.0000,8,8,8,0,0,8,8,0.0000
4,40.0000,34,36,721.4458,-86.4394,-1.0045,12,0.3000,0.8571,7,8,8,0,0,8,8,0.0000
4,40.0000,34,40,768.9881,-86.6211,0.1164,7,0.1750,1.0000,8,8,8,0,0,8,8,0.0000
4,40.0000,34,45,960.5242,-88.4740,-0.2919,4,0.1000,1.0000,8,8,8,0,0,8,8,0.0000
4,40.0000,34,47,977.3068,-87.3455,-0.0529,4,0.1000,1.0000,8,2,2,0,0,2,2,0.0000
4,40.0000,35,1,575.7282,-83.3968,-0.7547,16,0.4103,0.8750,8,7,5,0,0,7,5,0.2857
4,40.0000,35,5,1002.3976,-87.5585,-0.5199,5,0.1282,1.0000,8,8,8,0,0,8,8,0.0000
4,40.0000,35,8,945.8337,-86.1531,-0.1638,3,0.0769,1.0000,8,2,2,0,0,2,2,0.0000
4,40.0000,35,12,597.4859,-83.2058,-0.0810,5,0.1282,0.8571,7,8,8,0,0,8,8,0.0000
4,40.0000,35,13,561.3370,-84.4009,0.2095,8,0.2051,1.0000,8,7,5,0,0,7,5,0.2857
4,40.0000,35,27,504.4541,-83.3740,1.7086,9,0.2308,0.6667,6,7,6,0,0,7,6,0.1429
4,40.0000,35,34,933.2287,-87.1734,1.4185,5,0.1282,0.8750,8,6,6,0,0,6,6,0.0000
4,40.0000,35,36,243.2161,-77.1299,-0.3159,31,0.7949,0.3333,6,6,3,0,0,6,3,0.5000
4,40.0000,35,40,536.6023,-83.7033,0.4042,13,0.3333,0.8750,8,7,6,0,0,7,6,0.1429
4,40.0000,36,1,341.9382,-79.2561,-1.1834,27,0.6750,0.4000,5,6,4,0,0,6,4,0.3333
4,40.0000,36,5,779.9807,-86.6948,0.0846,7,0.1750,1.0000,8,8,8,0,0,8,8,0.0000
4,40.0000,36,8,753.8655,-86.4740,-0.0048,5,0.1250,0.8750,8,8,8,0,0,8,8,0.0000
4,40.0000,36,12,414.6807,-80.1381,-1.0327,14,0.3500,0.6667,6,8,8,0,0,8,8,0.0000
4,40.0000,36,13,340.7948,-80.6251,-0.2324,20,0.5000,0.6667,6,7,5,0,0,7,5,0.2857
4,40.0000,36,16,783.6361,-86.4294,1.3076,4,0.1000,1.0000,8,8,8,0,0,8,8,0.0000
4,40.0000,36,21,845.2281,-87.3169,0.6455,4,0.1000,1.0000,8,8,8,0,0,8,8,0.0000
4,40.0000,36,25,692.6028,-85.1352,0.4099,5,0.1250,1.0000,8,8,8,0,0,8,8,0.0000
4,40.0000,36,27,469.8344,-83.6977,0.3621,13,0.3250,0.8571,7,7,6,0,0,7,6,0.1429
4,40.0000,36,34,721.4458,-84.9090,-0.5605,11,0.2750,1.0000,8,8,8,0,0,8,8,0.0000
4,40.0000,36,35,243.2161,-77.6064,-0.2078,37,0.9250,0.0000,4,4,0,0,0,4,0,1.0000
4,40.0000,36,40,447.0745,-83.2100,0.8770,17,0.4250,0.6667,6,4,0,0,0,4,0,1.0000
4,40.0000,37,0,483.1393,-83.0249,-0.2395,16,0.4000,0.7143,7,8,7,0,0,8,7,0.1250
4,40.0000,37,3,457.8407,-84.5861,0.9660,17,0.4250,0.8750,8,5,1,0,0,5,1,0.8000
4,40.0000,37,4,776.8447,-87.6269,-1.7731,5,0.1250,1.0000,8,8,8,0,0,8,8,0.0000
4,40.0000,37,6,155.1704,-73.8509,-0.0720,33,0.8250,0.2000,5,4,0,0,0,4,0,1.0000
4,40.0000,37,7,320.8570,-76.5390,-2.1462,32,0.8000,0.0000,4,5,1,0,0,5,1,0.8000
4,40.0000,37,9,917.1957,-87.6666,1.0729,3,0.0750,1.0000,6,2,2,0,0,2,2,0.0000
4,40.0000,37,11,1108.8417,-87.7707,0.2935,3,0.0750,,0,4,4,0,0,4,4,0.0000
4,40.0000,37,14,111.9801,-74.3979,2.4858,37,0.9250,0.0000,4,4,0,0,0,4,0,1.0000
4,40.0000,37,15,523.8297,-83.9642,0.6472,16,0.4000,0.8571,7,7,6,0,0,7,6,0.1429
4,40.0000,37,18,534.9946,-81.9223,-0.3009,13,0.3250,0.6667,6,8,8,0,0,8,8,0.0000
4,40.0000,37,22,747.8432,-86.9509,0.7101,5,0.1250,0.8750,8,8,8,0,0,8,8,0.0000
4,40.0000,37,23,635.6999,-85.1677,-0.4399,9,0.2250,0.8750,8,8,8,0,0,8,8,0.0000
4,40.0000,37,24,362.1331,-79.8533,-0.7807,34,0.8500,0.4000,5,6,3,0,0,6,3,0.5000
4,40.0000,37,28,671.9886,-85.1159,1.3926,5,0.1250,0.8571,7,7,6,0,0,7,6,0.1429
4,40.0000,37,30,200.1807,-73.0794,-1.3658,32,0.8000,0.0000,4,6,3,0,0,6,3,0.5000
4,40.0000,37,33,616.2828,-83.7678,-0.9107,7,0.1750,1.0000,8,8,7,0,0,8,7,0.1250
4,40.0000,37,38,720.7221,-87.0021,-1.5540,4,0.1000,1.0000,10,6,6,0,0,6,6,0.0000
4,40.0000,37,41,375.3571,-80.6104,0.2670,29,0.7250,0.8750,8,5,2,0,0,5,2,0.6000
4,40.0000,37,42,289.1777,-79.9141,-0.1483,30,0.7500,0.3333,6,5,2,0,0,5,2,0.6000
4,40.0000,37,44,286.2579,-76.5674,-1.2827,27,0.6750,0.4000,5,8,6,0,0,8,6,0.2500
4,40.0000,37,46,270.4621,-75.1535,-2.2073,37,0.9250,0.2000,5,7,4,0,0,7,4,0.4286
4,40.0000,38,0,702.2332,-86.5855,-0.9009,7,0.1707,1.0000,8,8,7,0,0,8,7,0.1250
4,40.0000,38,2,795.4632,-86.3797,-0.0277,6,0.1463,1.0000,8,8,8,0,0,8,8,0.0000
4,40.0000,38,3,752.2966,-87.2405,0.4700,9,0.2195,0.8571,7,8,8,0,0,8,8,0.0000
4,40.0000,38,4,181.2037,-75.2062,0.0552,35,0.8537,0.2000,5,6,2,0,0,6,2,0.6667
4,40.0000,38,6,668.3388,-86.8984,0.4406,8,0.1951,1.0000,2,6,6,0,0,6,6,0.0000
4,40.0000,38,7,932.1553,-88.3516,-0.1384,3,0.0732,,0,8,8,0,0,8,8,0.0000
4,40.0000,38,9,518.1547,-83.2250,-1.0256,8,0.1951,0.8571,7,7,6,0,0,7,6,0.1429
4,40.0000,38,11,911.3387,-87.7359,0.0659,3,0.0732,1.0000,8,4,4,0,0,4,4,0.0000
4,40.0000,38,14,820.8686,-88.2320,-0.3659,4,0.0976,1.0000,6,8,8,0,0,8,8,0.0000
4,40.0000,38,15,830.4711,-87.2147,0.3854,4,0.0976,0.8750,8,8,8,0,0,8,8,0.0000
4,40.0000,38,17,801.9923,-86.7860,0.3131,4,0.0976,1.0000,6,4,4,0,0,4,4,0.0000
4,40.0000,38,18,373.5949,-83.4326,1.0379,10,0.2439,0.6667,6,7,3,0,0,7,3,0.5714
4,40.0000,38,20,630.2246,-86.6473,-0.7885,8,0.1951,0.8571,7,8,8,0,0,8,8,0.0000
4,40.0000,38,22,277.1417,-77.8159,-0.0639,33,0.8049,0.2000,5,6,2,0,0,6,2,0.6667
4,40.0000,38,23,805.6753,-85.6310,-1.0828,5,0.1220,1.0000,8,8,8,0,0,8,8,0.0000
4,40.0000,38,24,1030.7894,-87.8425,-0.7024,4,0.0976,1.0000,4,2,2,0,0,2,2,0.0000
4,40.0000,38,26,737.6830,-87.3807,0.0457,5,0.1220,1.0000,8,8,8,0,0,8,8,0.0000
4,40.0000,38,28,209.2554,-76.2896,0.4751,28,0.6829,0.2000,5,5,1,0,0,5,1,0.8000
4,40.0000,38,29,798.8036,-85.9818,-0.8946,4,0.0976,1.0000,8,8,8,0,0,8,8,0.0000
4,40.0000,38,30,730.7427,-87.6757,0.2775,7,0.1707,1.0000,8,8,8,0,0,8,8,0.0000
4,40.0000,38,32,949.4144,-88.4499,0.7908,3,0.0732,1.0000,6,4,4,0,0,4,4,0.0000
4,40.0000,38,33,533.7514,-85.2268,0.1976,6,0.1463,0.8750,8,7,6,0,0,7,6,0.1429
4,40.0000,38,37,720.7221,-88.3204,0.1652,7,0.1707,1.0000,8,8,8,0,0,8,8,0.0000
4,40.0000,38,39,530.8217,-82.8629,0.1076,11,0.2683,1.0000,8,7,6,0,0,7,6,0.1429
4,40.0000,38,42,665.1940,-86.9247,-0.2610,8,0.1951,1.0000,4,8,7,0,0,8,7,0.1250
4,40.0000,38,43,900.3058,-86.7116,3.0471,3,0.0732,1.0000,4,8,8,0,0,8,8,0.0000
4,40.0000,38,44,493.1456,-83.6159,0.1062,10,0.2439,0.8571,7,8,7,0,0,8,7,0.1250
4,40.0000,38,45,628.6798,-84.6868,-0.5205,12,0.2927,1.0000,8,8,7,0,0,8,7,0.1250
4,40.0000,38,46,975.9966,-88.6771,-0.1246,5,0.1220,1.0000,8,2,2,0,0,2,2,0.0000
4,40.0000,38,47,580.3225,-84.7470,-0.1111,10,0.2439,1.0000,8,8,6,0,0,8,6,0.2500
4,40.0000,39,0,789.5948,-85.6017,-2.6294,5,0.1250,1.0000,6,8,8,0,0,8,8,0.0000
4,40.0000,39,1,961.1159,-89.0566,0.0136,6,0.1500,,0,2,2,0,0,2,2,0.0000
4,40.0000,39,2,310.8925,-80.4403,0.3017,21,0.5250,0.6111,18,5,2,4,2,9,4,0.5556
4,40.0000,39,4,550.0635,-84.4341,0.2860,10,0.2500,1.0000,8,8,8,0,0,8,8,0.0000
4,40.0000,39,6,1072.6401,-87.1948,-0.2777,4,0.1000,1.0000,2,8,8,0,0,8,8,0.0000
4,40.0000,39,8,541.4287,-84.3611,0.4195,12,0.3000,0.8571,7,6,4,0,0,6,4,0.3333
4,40.0000,39,9,250.9827,-77.8611,-0.1809,25,0.6250,0.7143,7,3,0,0,0,3,0,1.0000
4,40.0000,39,10,598.3125,-86.1065,0.0712,9,0.2250,1.0000,8,7,5,0,0,7,5,0.2857
4,40.0000,39,11,551.0986,-84.7588,0.9931,12,0.3000,0.6667,6,8,8,0,0,8,8,0.0000
4,40.0000,39,12,714.7835,-86.4089,0.5489,9,0.2250,0.8000,5,8,8,0,0,8,8,0.0000
4,40.0000,39,13,789.9566,-87.8227,-0.2989,6,0.1500,1.0000,4,8,7,0,0,8,7,0.1250
4,40.0000,39,16,335.3259,-83.1207,1.0805,17,0.4250,0.5000,6,7,4,0,0,7,4,0.4286
4,40.0000,39,17,428.1058,-81.5933,-0.4397,14,0.3500,0.8000,5,6,4,0,0,6,4,0.3333
4,40.0000,39,18,552.3537,-84.7096,-1.6561,7,0.1750,0.8571,7,7,6,0,0,7,6,0.1429
4,40.0000,39,19,450.8491,-83.6934,-0.5346,12,0.3000,0.8571,7,6,4,0,0,6,4,0.3333
4,40.0000,39,20,385.7766,-82.1928,0.0923,18,0.4500,0.7143,7,6,3,0,0,6,3,0.5000
4,40.0000,39,21,735.8643,-86.3644,0.1792,10,0.2500,1.0000,8,6,6,0,0,6,6,0.0000
4,40.0000,39,22,729.6046,-85.3681,-1.0561,7,0.1750,1.0000,6,6,6,0,0,6,6,0.0000
4,40.0000,39,23,846.3554,-85.7580,-0.3456,4,0.1000,1.0000,8,6,6,0,0,6,6,0.0000
4,40.0000,39,25,455.8199,-82.1589,0.2873,15,0.3750,0.7143,7,7,6,0,0,7,6,0.1429
4,40.0000,39,26,230.6542,-77.9399,0.5864,26,0.6500,0.5000,6,5,2,0,0,5,2,0.6000
4,40.0000,39,27,972.7432,-87.5026,-0.0586,7,0.1750,1.0000,6,4,4,0,0,4,4,0.0000
4,40.0000,39,28,423.6437,-81.7077,0.1381,16,0.4000,0.8571,7,6,3,0,0,6,3,0.5000
4,40.0000,39,29,389.1762,-82.9115,1.4054,17,0.4250,0.6667,6,5,2,0,0,5,2,0.6000
4,40.0000,39,31,630.6919,-85.2491,1.0228,8,0.2000,0.8750,8,8,8,0,0,8,8,0.0000
4,40.0000,39,32,543.8495,-84.2731,0.4977,11,0.2750,0.8750,8,10,10,0,0,10,10,0.0000
4,40.0000,39,33,573.0341,-86.4240,-0.3519,6,0.1500,0.6667,6,8,7,0,0,8,7,0.1250
4,40.0000,39,37,1072.1700,-88.4597,2.6067,3,0.0750,1.0000,4,4,4,0,0,4,4,0.0000
4,40.0000,39,38,530.8217,-83.9035,-0.6506,12,0.3000,0.8750,8,7,6,0,0,7,6,0.1429
4,40.0000,39,40,986.6354,-88.2242,-3.5140,3,0.0750,1.0000,4,4,4,0,0,4,4,0.0000
4,40.0000,39,43,688.1932,-84.9304,-1.2255,8,0.2000,0.8571,7,8,7,0,0,8,7,0.1250
4,40.0000,39,44,786.7989,-86.9540,0.1369,6,0.1500,1.0000,8,6,6,0,0,6,6,0.0000
4,40.0000,39,45,320.0227,-78.8396,0.1076,24,0.6000,0.4000,5,7,4,0,0,7,4,0.4286
4,40.0000,39,47,213.7761,-77.4561,1.0748,30,0.7500,0.0000,4,6,3,0,0,6,3,0.5000
4,40.0000,40,1,479.1892,-83.2045,-0.8154,26,0.6500,0.8571,7,8,8,0,0,8,8,0.0000
4,40.0000,40,2,735.6120,-86.1732,-0.6930,3,0.0750,1.0000,8,8,8,0,0,8,8,0.0000
4,40.0000,40,5,800.7359,-87.4756,-1.1982,4,0.1000,0.8571,7,9,9,0,0,9,9,0.0000
4,40.0000,40,8,518.0072,-82.3250,-0.9821,17,0.4250,0.8571,7,8,8,0,0,8,8,0.0000
4,40.0000,40,10,794.8634,-86.4641,-1.0333,3,0.0750,0.7143,7,8,8,0,0,8,8,0.0000
4,40.0000,40,12,373.3133,-79.8206,-1.1206,24,0.6000,0.5000,6,7,6,0,0,7,6,0.1429
4,40.0000,40,13,484.9518,-82.7755,-0.2208,18,0.4500,0.8333,6,7,5,0,0,7,5,0.2857
4,40.0000,40,16,709.3929,-85.6801,-1.4762,6,0.1500,1.0000,8,8,8,0,0,8,8,0.0000
4,40.0000,40,17,875.4253,-87.2957,-1.0247,4,0.1000,1.0000,8,8,8,0,0,8,8,0.0000
4,40.0000,40,19,808.7631,-86.3006,0.7252,4,0.1000,1.0000,8,8,8,0,0,8,8,0.0000
4,40.0000,40,21,681.2316,-86.6780,0.2940,7,0.1750,1.0000,8,8,8,0,0,8,8,0.0000
4,40.0000,40,25,657.1304,-85.4007,-0.0421,8,0.2000,1.0000,8,8,8,0,0,8,8,0.0000
4,40.0000,40,26,828.7598,-86.5180,-0.6060,5,0.1250,1.0000,8,8,8,0,0,8,8,0.0000
4,40.0000,40,27,230.7098,-77.3649,0.5896,31,0.7750,0.3495,103,3,0,84,13,87,13,0.8506
4,40.0000,40,29,919.5652,-87.4808,1.4282,3,0.0750,1.0000,8,8,8,0,0,8,8,0.0000
4,40.0000,40,32,793.3192,-88.3677,1.1535,3,0.0750,1.0000,8,8,8,0,0,8,8,0.0000
4,40.0000,40,34,768.9881,-86.8132,-1.4575,7,0.1750,1.0000,8,8,8,0,0,8,8,0.0000
4,40.0000,40,35,536.6023,-84.3062,0.0063,23,0.5750,0.5000,6,7,6,0,0,7,6,0.1429
4,40.0000,40,36,447.0745,-82.7386,0.6632,22,0.5500,0.5000,6,7,6,0,0,7,6,0.1429
4,40.0000,41,0,354.4387,-80.0289,0.8101,18,0.4500,0.4000,5,6,4,0,0,6,4,0.3333
4,40.0000,41,3,784.1079,-86.1425,0.8185,12,0.3000,1.0000,8,8,8,0,0,8,8,0.0000
4,40.0000,41,4,944.9524,-87.1612,0.0493,5,0.1250,1.0000,4,6,6,0,0,6,6,0.0000
4,40.0000,41,6,529.7677,-83.8342,0.2581,16,0.4000,1.0000,8,7,6,0,0,7,6,0.1429
4,40.0000,41,7,178.8709,-75.9035,0.5248,30,0.7500,0.3333,6,4,0,0,0,4,0,1.0000
4,40.0000,41,9,917.5490,-87.1733,-1.5021,3,0.0750,1.0000,6,6,6,0,0,6,6,0.0000
4,40.0000,41,11,1026.2121,-88.7886,-1.5305,3,0.0750,1.0000,4,8,8,0,0,8,8,0.0000
4,40.0000,41,14,403.9435,-83.6277,1.1167,23,0.5750,0.8750,8,5,1,0,0,5,1,0.8000
4,40.0000,41,15,868.3802,-87.0056,0.0297,10,0.2500,1.0000,8,6,6,0,0,6,6,0.0000
4,40.0000,41,17,986.1032,-88.5994,0.2715,5,0.1250,1.0000,8,8,8,0,0,8,8,0.0000
4,40.0000,41,18,657.4693,-84.6100,-0.9225,10,0.2500,1.0000,8,8,8,0,0,8,8,0.0000
4,40.0000,41,19,1101.6820,-88.0520,-0.6433,3,0.0750,1.0000,2,2,2,0,0,2,2,0.0000
4,40.0000,41,22,957.6514,-87.6864,0.7524,3,0.0750,1.0000,4,2,2,0,0,2,2,0.0000
4,40.0000,41,23,418.4722,-81.7381,0.8705,18,0.4500,0.8750,8,6,3,0,0,6,3,0.5000
4,40.0000,41,24,199.4776,-77.6904,0.7759,36,0.9000,0.4000,5,5,1,0,0,5,1,0.8000
4,40.0000,41,28,806.1612,-88.4943,0.6580,5,0.1250,0.8750,8,8,8,0,0,8,8,0.0000
4,40.0000,41,30,225.1850,-78.1365,0.8159,26,0.6500,0.2000,5,6,2,0,0,6,2,0.6667
4,40.0000,41,31,947.5441,-87.9703,0.2380,7,0.1750,1.0000,8,6,6,0,0,6,6,0.0000
4,40.0000,41,33,573.4545,-82.2844,-0.2420,8,0.2000,0.5000,6,8,8,0,0,8,8,0.0000
4,40.0000,41,37,375.3571,-80.7469,-0.3448,26,0.6500,0.4286,7,7,5,0,0,7,5,0.2857
4,40.0000,41,42,527.4443,-84.3238,0.9542,20,0.5000,1.0000,8,6,3,0,0,6,3,0.5000
4,40.0000,41,43,766.2502,-86.2643,0.7354,5,0.1250,1.0000,8,8,8,0,0,8,8,0.0000
4,40.0000,41,44,456.9043,-82.5680,0.8521,17,0.4250,0.6250,8,3,0,0,0,3,0,1.0000
4,40.0000,41,46,270.1460,-78.7172,0.0883,31,0.7750,0.4000,5,4,0,0,0,4,0,1.0000
4,40.0000,42,0,613.7552,-85.3321,0.7641,5,0.1250,1.0000,8,8,7,0,0,8,7,0.1250
4,40.0000,42,3,302.2241,-79.5174,0.0282,32,0.8000,0.5000,6,5,1,0,0,5,1,0.8000
4,40.0000,42,4,664.7572,-85.6697,1.4131,4,0.1000,0.8000,5,8,8,0,0,8,8,0.0000
4,40.0000,42,6,301.8683,-79.8079,0.9194,28,0.7000,0.6250,8,6,3,0,0,6,3,0.5000
4,40.0000,42,7,558.0217,-84.2493,-0.4562,12,0.3000,0.8571,7,6,6,0,0,6,6,0.0000
4,40.0000,42,14,332.1207,-79.3267,0.0557,29,0.7250,0.5000,6,7,6,0,0,7,6,0.1429
4,40.0000,42,15,426.0190,-81.5175,-0.0888,29,0.7250,0.5000,6,7,3,0,0,7,3,0.5714
4,40.0000,42,18,622.0599,-84.6307,0.4460,6,0.1500,1.0000,8,8,8,0,0,8,8,0.0000
4,40.0000,42,22,583.7402,-84.6814,0.9384,9,0.2250,0.8750,8,7,6,0,0,7,6,0.1429
4,40.0000,42,23,679.8202,-84.9602,-0.4465,6,0.1500,1.0000,8,8,7,0,0,8,7,0.1250
4,40.0000,42,24,557.7699,-83.7998,-0.2689,21,0.5250,0.8571,7,7,6,0,0,7,6,0.1429
4,40.0000,42,28,671.7938,-85.7160,-0.2082,3,0.0750,0.8750,8,8,8,0,0,8,8,0.0000
4,40.0000,42,30,327.2580,-79.0294,0.2353,25,0.6250,0.6667,6,7,4,0,0,7,4,0.4286
4,40.0000,42,33,648.0972,-85.5023,0.3317,6,0.1500,1.0000,8,8,8,0,0,8,8,0.0000
4,40.0000,42,37,289.1777,-80.2202,0.6111,27,0.6750,0.5000,6,7,4,0,0,7,4,0.4286
4,40.0000,42,41,527.4443,-84.4008,-0.0121,11,0.2750,0.8750,8,8,8,0,0,8,8,0.0000
4,40.0000,42,44,399.5869,-81.5794,0.1373,14,0.3500,0.7143,7,6,3,0,0,6,3,0.5000
4,40.0000,42,46,473.6324,-81.7281,-0.2384,21,0.5250,0.4000,5,8,7,0,0,8,7,0.1250
4,40.0000,43,0,480.1205,-83.8413,-0.8510,11,0.2821,0.6667,6,8,6,0,0,8,6,0.2500
4,40.0000,43,2,731.6174,-85.3332,-0.7365,6,0.1538,0.8571,7,6,6,0,0,6,6,0.0000
4,40.0000,43,7,850.2051,-87.1445,0.4488,5,0.1282,0.8000,5,6,6,0,0,6,6,0.0000
4,40.0000,43,8,912.3419,-87.4828,-0.5345,6,0.1538,1.0000,8,4,4,0,0,4,4,0.0000
4,40.0000,43,9,470.3782,-81.0316,-0.7100,17,0.4359,0.5000,6,8,8,0,0,8,8,0.0000
4,40.0000,43,10,524.1555,-83.1927,0.1473,14,0.3590,0.8750,8,7,5,0,0,7,5,0.2857
4,40.0000,43,11,473.3703,-82.3056,0.2401,14,0.3590,0.8571,7,10,9,0,0,10,9,0.1000
4,40.0000,43,12,960.2771,-88.4839,-1.6060,3,0.0769,1.0000,4,4,4,0,0,4,4,0.0000
4,40.0000,43,16,759.8767,-86.4014,0.1897,5,0.1282,1.0000,8,8,8,0,0,8,8,0.0000
4,40.0000,43,17,314.5180,-77.7233,-0.3136,25,0.6410,0.5000,6,7,6,0,0,7,6,0.1429
4,40.0000,43,18,662.9843,-84.7047,-0.0691,7,0.1795,1.0000,8,8,8,0,0,8,8,0.0000
4,40.0000,43,19,482.5380,-82.5514,-0.2154,11,0.2821,0.8750,8,8,8,0,0,8,8,0.0000
4,40.0000,43,23,392.6947,-81.6605,0.3999,17,0.4359,0.7500,8,7,5,0,0,7,5,0.2857
4,40.0000,43,25,939.1245,-86.7394,-0.1512,3,0.0769,1.0000,6,6,6,0,0,6,6,0.0000
4,40.0000,43,26,758.9969,-88.9566,0.1599,5,0.1282,1.0000,10,6,6,0,0,6,6,0.0000
4,40.0000,43,27,983.4814,-86.8426,-0.5138,3,0.0769,1.0000,4,8,8,0,0,8,8,0.0000
4,40.0000,43,28,701.4823,-84.7386,0.4490,6,0.1538,0.8750,8,8,8,0,0,8,8,0.0000
4,40.0000,43,30,792.6540,-87.5891,0.4185,6,0.1538,0.8571,7,8,8,0,0,8,8,0.0000
4,40.0000,43,31,300.4445,-78.1109,-0.4767,31,0.7949,0.2000,5,6,2,0,0,6,2,0.6667
4,40.0000,43,32,358.4153,-78.1197,-0.9403,27,0.6923,0.6667,6,6,4,0,0,6,4,0.3333
4,40.0000,43,33,411.6010,-81.1006,-0.1548,15,0.3846,0.3333,6,8,8,0,0,8,8,0.0000
4,40.0000,43,39,688.1932,-85.0573,1.1858,6,0.1538,0.8571,7,8,8,0,0,8,8,0.0000
4,40.0000,43,41,766.2502,-87.2805,-0.5811,8,0.2051,1.0000,8,8,8,0,0,8,8,0.0000
4,40.0000,43,44,745.4501,-87.5000,-0.6574,5,0.1282,0.8750,8,4,4,0,0,4,4,0.0000
4,40.0000,43,45,941.2348,-87.7161,-0.2981,3,0.0769,1.0000,6,6,6,0,0,6,6,0.0000
4,40.0000,43,47,900.5266,-87.7196,0.4642,3,0.0769,0.8571,7,6,6,0,0,6,6,0.0000
4,40.0000,44,0,321.5280,-81.4120,0.5891,17,0.4250,0.4000,5,7,4,0,0,7,4,0.4286
4,40.0000,44,3,600.2635,-84.4222,0.0996,16,0.4000,0.8750,8,8,7,0,0,8,7,0.1250
4,40.0000,44,4,560.1078,-84.1022,0.8387,13,0.3250,1.0000,8,7,5,0,0,7,5,0.2857
4,40.0000,44,6,321.4295,-76.4742,-1.6949,33,0.8250,0.0000,4,6,4,0,0,6,4,0.3333
4,40.0000,44,7,439.2239,-81.4632,-0.6252,25,0.6250,0.5000,6,7,5,0,0,7,5,0.2857
4,40.0000,44,9,638.5649,-86.8694,-0.7565,5,0.1250,0.8750,8,7,6,0,0,7,6,0.1429
4,40.0000,44,11,859.0596,-89.2852,0.0695,4,0.1000,1.0000,8,8,8,0,0,8,8,0.0000
4,40.0000,44,14,396.4457,-81.3868,-0.4022,24,0.6000,0.8571,7,6,3,0,0,6,3,0.5000
4,40.0000,44,15,683.5592,-86.1102,0.0656,15,0.3750,0.8571,7,7,6,0,0,7,6,0.1429
4,40.0000,44,18,254.5482,-77.5218,-0.7207,26,0.6500,0.7143,7,6,3,0,0,6,3,0.5000
4,40.0000,44,22,589.3971,-85.0437,-0.5578,11,0.2750,1.0000,8,9,8,0,0,9,8,0.1111
4,40.0000,44,23,505.0714,-83.6404,-0.4711,14,0.3500,0.8571,7,7,6,0,0,7,6,0.1429
4,40.0000,44,24,545.6243,-83.8468,0.3924,23,0.5750,0.7143,7,7,6,0,0,7,6,0.1429
4,40.0000,44,28,398.5610,-81.5237,-0.2265,17,0.4250,1.0000,8,7,6,0,0,7,6,0.1429
4,40.0000,44,30,273.7819,-77.7120,0.0121,29,0.7250,0.0000,4,7,6,0,0,7,6,0.1429
4,40.0000,44,31,856.2795,-86.5180,0.8644,4,0.1000,1.0000,8,8,8,0,0,8,8,0.0000
4,40.0000,44,33,372.0277,-81.8388,0.2307,17,0.4250,0.8571,7,7,5,0,0,7,5,0.2857
4,40.0000,44,37,286.2579,-76.6827,-0.8525,28,0.7000,0.3333,6,6,3,0,0,6,3,0.5000
4,40.0000,44,38,493.1456,-83.5416,1.6430,12,0.3000,1.0000,6,7,6,0,0,7,6,0.1429
4,40.0000,44,39,786.7989,-86.9296,-1.3304,4,0.1000,1.0000,8,8,8,0,0,8,8,0.0000
4,40.0000,44,41,456.9043,-82.0960,-0.4043,26,0.6500,0.7143,7,7,6,0,0,7,6,0.1429
4,40.0000,44,42,399.5869,-80.7443,-0.1074,25,0.6250,0.5000,6,7,6,0,0,7,6,0.1429
4,40.0000,44,43,745.4501,-87.2484,0.7981,3,0.0750,1.0000,8,8,8,0,0,8,8,0.0000
4,40.0000,44,45,1013.3811,-89.0555,1.3323,3,0.0750,1.0000,4,4,4,0,0,4,4,0.0000
4,40.0000,44,46,503.2143,-81.1859,-0.6520,28,0.7000,0.4000,5,8,8,0,0,8,8,0.0000
4,40.0000,45,1,936.2671,-88.6211,0.1218,6,0.1500,1.0000,8,6,6,0,0,6,6,0.0000
4,40.0000,45,2,328.6551,-81.9760,0.9918,14,0.3500,0.6667,6,8,7,0,0,8,7,0.1250
4,40.0000,45,4,596.5350,-85.2774,-0.5927,9,0.2250,0.7143,7,7,5,0,0,7,5,0.2857
4,40.0000,45,8,494.7242,-83.0040,0.4356,13,0.3250,0.8750,8,8,8,0,0,8,8,0.0000
4,40.0000,45,9,500.8873,-83.5569,1.4065,9,0.2250,0.8571,7,8,7,0,0,8,7,0.1250
4,40.0000,45,10,864.7748,-88.9750,-0.2338,3,0.0750,1.0000,10,8,8,0,0,8,8,0.0000
4,40.0000,45,11,848.5731,-87.5094,-1.0334,5,0.1250,1.0000,4,6,6,0,0,6,6,0.0000
4,40.0000,45,12,797.8248,-87.5358,0.7109,3,0.0750,1.0000,8,8,8,0,0,8,8,0.0000
4,40.0000,45,13,857.4007,-88.4355,0.2921,5,0.1250,1.0000,4,8,7,0,0,8,7,0.1250
4,40.0000,45,16,496.7315,-84.6596,0.5463,11,0.2750,0.7143,7,6,3,0,0,6,3,0.5000
4,40.0000,45,17,677.6563,-85.0265,-0.2379,8,0.2000,0.7143,7,5,4,0,0,5,4,0.2000
4,40.0000,45,18,802.1305,-86.8496,0.2026,4,0.1000,1.0000,8,8,8,0,0,8,8,0.0000
4,40.0000,45,19,723.0275,-86.3478,0.1958,5,0.1250,0.7500,8,8,8,0,0,8,8,0.0000
4,40.0000,45,20,192.0920,-75.3949,-0.0704,35,0.8750,0.2000,5,5,1,0,0,5,1,0.8000
4,40.0000,45,21,548.9042,-84.1108,-0.0960,17,0.4250,0.8571,7,8,8,0,0,8,8,0.0000
4,40.0000,45,22,753.7089,-84.8647,-0.3388,8,0.2000,0.8333,6,6,6,0,0,6,6,0.0000
4,40.0000,45,25,504.9824,-83.9351,-0.1648,13,0.3250,0.7143,7,6,4,0,0,6,4,0.3333
4,40.0000,45,26,421.3131,-82.4146,-0.3733,15,0.3750,0.8571,7,6,4,0,0,6,4,0.3333
4,40.0000,45,28,618.3404,-84.6924,0.5113,7,0.1750,1.0000,8,8,8,0,0,8,8,0.0000
4,40.0000,45,29,420.2704,-82.3361,0.9241,17,0.4250,0.8571,7,6,3,0,0,6,3,0.5000
4,40.0000,45,33,813.7744,-87.3075,-0.8553,3,0.0750,1.0000,8,4,4,0,0,4,4,0.0000
4,40.0000,45,34,960.5242,-87.8314,1.1657,3,0.0750,0.8571,7,6,6,0,0,6,6,0.0000
4,40.0000,45,38,628.6798,-83.5746,0.5523,12,0.3000,0.8750,8,8,8,0,0,8,8,0.0000
4,40.0000,45,39,320.0227,-78.1746,0.5710,21,0.5250,0.7143,7,6,2,0,0,6,2,0.6667
4,40.0000,45,40,1010.2783,-87.6761,0.2085,3,0.0750,1.0000,8,4,4,0,0,4,4,0.0000
4,40.0000,45,43,941.2348,-88.5874,0.1770,3,0.0750,0.7500,4,6,6,0,0,6,6,0.0000
4,40.0000,45,47,212.4881,-77.0533,0.1234,30,0.7500,0.2000,5,6,2,0,0,6,2,0.6667
4,40.0000,46,0,552.8046,-83.9763,-0.6257,7,0.1750,1.0000,6,8,7,0,0,8,7,0.1250
4,40.0000,46,3,643.3975,-85.4679,0.1378,12,0.3000,0.8571,7,8,6,0,0,8,6,0.2500
4,40.0000,46,6,399.0997,-79.1684,-1.2029,23,0.5750,0.5000,6,8,7,0,0,8,7,0.1250
4,40.0000,46,7,198.2731,-73.6378,-0.3091,35,0.8750,0.2000,5,4,0,0,0,4,0,1.0000
4,40.0000,46,14,218.2140,-76.6355,0.4752,35,0.8750,0.2000,5,6,2,0,0,6,2,0.6667
4,40.0000,46,15,694.8542,-85.3580,0.0815,10,0.2500,1.0000,8,8,8,0,0,8,8,0.0000
4,40.0000,46,18,741.6187,-84.3304,-1.4057,6,0.1500,1.0000,8,8,8,0,0,8,8,0.0000
4,40.0000,46,24,124.2922,-70.6470,1.3578,36,0.9000,0.0000,4,4,0,0,0,4,0,1.0000
4,40.0000,46,30,288.0473,-76.1078,-1.2331,32,0.8000,0.5000,6,6,4,0,0,6,4,0.3333
4,40.0000,46,37,270.4621,-74.3373,-2.1414,31,0.7750,0.5000,6,6,3,0,0,6,3,0.5000
4,40.0000,46,41,270.1460,-78.0237,0.3461,33,0.8250,0.4286,7,5,1,0,0,5,1,0.8000
4,40.0000,46,42,473.6324,-81.6586,-0.6465,18,0.4500,0.8571,7,8,6,0,0,8,6,0.2500
4,40.0000,46,44,503.2143,-79.9143,-1.3870,13,0.3250,0.8571,7,7,6,0,0,7,6,0.1429
4,40.0000,47,2,368.6051,-81.1623,0.5292,21,0.5250,0.7500,8,7,6,48,41,55,47,0.1455
4,40.0000,47,4,608.9343,-86.3996,-1.1849,5,0.1250,0.8750,8,6,4,0,0,6,4,0.3333
4,40.0000,47,5,891.0583,-86.9722,0.1684,6,0.1500,1.0000,8,6,6,0,0,6,6,0.0000
4,40.0000,47,8,536.7759,-83.5587,-0.1874,14,0.3500,0.8750,8,7,6,0,0,7,6,0.1429
4,40.0000,47,9,457.0043,-83.1612,0.8840,11,0.2750,0.5000,6,7,5,0,0,7,5,0.2857
4,40.0000,47,10,752.0334,-86.6062,-0.8260,7,0.1750,1.0000,6,8,8,0,0,8,8,0.0000
4,40.0000,47,11,720.0678,-85.6685,-1.2438,7,0.1750,1.0000,8,6,6,0,0,6,6,0.0000
4,40.0000,47,12,737.0369,-86.0755,-0.5053,8,0.2000,1.0000,8,8,8,0,0,8,8,0.0000
4,40.0000,47,13,773.3325,-87.0897,0.0519,6,0.1500,1.0000,8,7,6,0,0,7,6,0.1429
4,40.0000,47,16,384.4325,-81.8395,0.3083,14,0.3500,0.8571,7,8,6,0,0,8,6,0.2500
4,40.0000,47,17,627.5697,-85.0554,-0.2561,9,0.2250,1.0000,8,8,7,0,0,8,7,0.1250
4,40.0000,47,18,695.1529,-86.7814,0.7834,4,0.1000,1.0000,6,8,8,0,0,8,8,0.0000
4,40.0000,47,19,615.1312,-85.8143,-0.0251,9,0.2250,1.0000,8,8,7,0,0,8,7,0.1250
4,40.0000,47,20,185.7596,-74.6903,-0.0680,36,0.9000,0.0000,4,4,0,0,0,4,0,1.0000
4,40.0000,47,21,631.4586,-84.5611,0.0227,18,0.4500,1.0000,8,8,7,0,0,8,7,0.1250
4,40.0000,47,22,775.4395,-86.8817,-0.1075,6,0.1500,1.0000,8,8,8,0,0,8,8,0.0000
4,40.0000,47,23,1048.5431,-88.4070,0.8823,3,0.0750,1.0000,2,6,6,0,0,6,6,0.0000
4,40.0000,47,25,415.5058,-79.6245,-0.9723,24,0.6000,0.7143,7,8,7,0,0,8,7,0.1250
4,40.0000,47,26,277.0525,-75.5163,-0.9704,27,0.6750,0.3333,6,7,5,0,0,7,5,0.2857
4,40.0000,47,27,1041.8226,-88.7311,0.3139,3,0.0750,1.0000,8,6,6,0,0,6,6,0.0000
4,40.0000,47,28,544.3577,-85.4537,-0.4065,11,0.2750,1.0000,8,8,7,0,0,8,7,0.1250
4,40.0000,47,29,259.7720,-77.9915,0.2696,36,0.9000,0.2000,5,5,1,0,0,5,1,0.8000
4,40.0000,47,31,824.7522,-87.3282,0.1460,5,0.1250,0.8571,7,2,2,0,0,2,2,0.0000
4,40.0000,47,32,726.2425,-85.5491,-0.3140,9,0.2250,0.8000,5,4,3,0,0,4,3,0.2500
4,40.0000,47,33,765.6106,-87.3870,-0.3705,5,0.1250,0.8750,8,8,8,0,0,8,8,0.0000
4,40.0000,47,34,977.3068,-86.6246,-1.2039,4,0.1000,1.0000,8,4,4,0,0,4,4,0.0000
4,40.0000,47,38,580.3225,-84.2291,0.0759,10,0.2500,0.8571,7,8,8,0,0,8,8,0.0000
4,40.0000,47,39,213.7761,-77.9154,0.6216,25,0.6250,0.4000,5,5,1,0,0,5,1,0.8000
4,40.0000,47,40,1015.9959,-87.9761,-0.6209,3,0.0750,1.0000,8,4,4,0,0,4,4,0.0000
4,40.0000,47,43,900.5266,-86.8689,-1.3102,4,0.1000,1.0000,6,8,8,0,0,8,8,0.0000
4,40.0000,47,45,212.4881,-76.4064,0.3946,35,0.8750,0.4000,5,4,0,0,0,4,0,1.0000
4,44.0000,0,3,780.5484,-87.0323,-0.3267,10,0.2564,1.0000,6,4,3,0,0,4,3,0.2500
4,44.0000,0,4,695.5475,-86.5146,-0.5655,5,0.1282,1.0000,8,7,6,0,0,7,6,0.1429
4,44.0000,0,6,614.1952,-84.5600,0.0174,12,0.3077,0.6667,6,8,6,0,0,8,6,0.2500
4,44.0000,0,7,490.5491,-82.3306,-0.9740,24,0.6154,0.6667,6,7,6,0,0,7,6,0.1429
4,44.0000,0,9,665.1933,-87.2856,-0.0145,4,0.1026,1.0000,8,8,8,0,0,8,8,0.0000
4,44.0000,0,10,773.1927,-88.3878,0.2244,3,0.0769,0.8750,8,8,8,0,0,8,8,0.0000
4,44.0000,0,11,793.0273,-88.0859,0.0587,4,0.1026,1.0000,8,8,8,0,0,8,8,0.0000
4,44.0000,0,14,442.4860,-83.7535,0.7705,18,0.4615,0.6667,6,7,6,0,0,7,6,0.1429
4,44.0000,0,15,831.1707,-87.5973,0.3669,5,0.1282,1.0000,6,8,8,0,0,8,8,0.0000
4,44.0000,0,17,713.2567,-85.4832,2.5624,5,0.1282,1.0000,8,4,4,0,0,4,4,0.0000
4,44.0000,0,18,411.4487,-81.4033,0.5314,14,0.3590,0.6667,6,8,6,0,0,8,6,0.2500
4,44.0000,0,19,748.0767,-86.5365,-1.6534,3,0.0769,1.0000,8,8,8,0,0,8,8,0.0000
4,44.0000,0,22,764.6405,-85.6676,-0.3195,6,0.1538,0.8571,7,6,6,0,0,6,6,0.0000
4,44.0000,0,23,312.5074,-78.1802,-0.4879,31,0.7949,0.4000,5,7,3,0,0,7,3,0.5714
4,44.0000,0,24,490.9937,-83.5094,-0.0099,23,0.5897,0.8750,8,7,3,0,0,7,3,0.5714
4,44.0000,0,28,483.6660,-84.1458,-0.5196,8,0.2051,0.8750,8,8,8,0,0,8,8,0.0000
4,44.0000,0,30,194.4228,-77.6188,1.3434,30,0.7692,0.4000,5,6,2,0,0,6,2,0.6667
4,44.0000,0,31,668.9085,-85.1426,0.6644,4,0.1026,1.0000,6,7,5,0,0,7,5,0.2857
4,44.0000,0,32,843.7004,-88.0908,-0.2567,3,0.0769,1.0000,4,6,6,0,0,6,6,0.0000
4,44.0000,0,33,293.7785,-78.7044,-0.2590,26,0.6667,0.4000,5,6,4,0,0,6,4,0.3333
4,44.0000,0,37,492.2858,-83.4498,0.4199,22,0.5641,0.8750,8,8,7,0,0,8,7,0.1250
4,44.0000,0,38,574.1839,-85.7560,1.0176,8,0.2051,0.9000,10,8,8,0,0,8,8,0.0000
4,44.0000,0,39,830.6726,-86.0038,-0.0603,4,0.1026,1.0000,8,8,8,0,0,8,8,0.0000
4,44.0000,0,41,386.8470,-81.1563,0.3163,26,0.6667,0.8571,7,7,5,0,0,7,5,0.2857
4,44.0000,0,42,498.9940,-85.1925,0.3039,13,0.3333,0.4286,7,8,8,0,0,8,8,0.0000
4,44.0000,0,43,465.6154,-82.0921,0.4864,10,0.2564,1.0000,8,7,5,0,0,7,5,0.2857
4,44.0000,0,44,205.6747,-77.8142,1.8958,30,0.7692,0.4000,5,5,1,0,0,5,1,0.8000
4,44.0000,0,46,629.6304,-84.5857,-0.0010,15,0.3846,1.0000,8,8,8,0,0,8,8,0.0000
4,44.0000,0,47,891.8892,-88.0227,-0.4153,3,0.0769,1.0000,2,4,4,0,0,4,4,0.0000
4,44.0000,1,5,431.3878,-82.5049,-0.4312,21,0.5122,0.7143,7,6,3,0,0,6,3,0.5000
4,44.0000,1,8,545.3008,-84.4284,0.6581,7,0.1707,0.6667,6,7,6,0,0,7,6,0.1429
4,44.0000,1,12,366.9963,-81.0400,0.1583,16,0.3902,1.0000,8,7,6,0,0,7,6,0.1429
4,44.0000,1,13,263.5489,-78.2865,0.3794,27,0.6585,0.4000,5,5,1,0,0,5,1,0.8000
4,44.0000,1,16,681.8797,-86.5148,-0.6946,3,0.0732,0.8571,7,7,6,0,0,7,6,0.1429
4,44.0000,1,21,481.6320,-83.8276,0.6262,10,0.2439,0.4000,5,7,6,0,0,7,6,0.1429
4,44.0000,1,25,394.6413,-82.3238,-0.8037,8,0.1951,0.6667,6,8,8,0,0,8,8,0.0000
4,44.0000,1,27,561.3539,-83.4305,0.7368,11,0.2683,0.7143,7,7,5,0,0,7,5,0.2857
4,44.0000,1,29,724.9236,-85.0218,0.6313,3,0.0732,1.0000,8,8,8,0,0,8,8,0.0000
4,44.0000,1,34,480.3326,-81.7001,-0.4921,16,0.3902,0.3333,6,8,8,0,0,8,8,0.0000
4,44.0000,1,35,468.3124,-83.1578,1.0298,24,0.5854,1.0000,8,5,1,0,0,5,1,0.8000
4,44.0000,1,36,420.3316,-81.1393,-0.5734,21,0.5122,0.6667,9,5,1,0,0,5,1,0.8000
4,44.0000,1,40,479.4657,-83.3473,0.0407,17,0.4146,0.7500,8,7,6,0,0,7,6,0.1429
4,44.0000,2,1,705.2124,-87.1985,0.5054,11,0.2750,0.6667,3,5,4,0,0,5,4,0.2000
4,44.0000,2,4,719.5548,-86.1265,-0.3986,6,0.1500,1.0000,8,7,6,0,0,7,6,0.1429
4,44.0000,2,5,683.0787,-87.1815,-0.0187,9,0.2250,1.0000,6,6,5,0,0,6,5,0.1667
4,44.0000,2,8,204.2131,-76.2843,0.4332,33,0.8250,0.3333,6,4,0,0,0,4,0,1.0000
4,44.0000,2,9,391.3128,-81.5224,-0.0263,18,0.4500,1.0000,8,8,7,0,0,8,7,0.1250
4,44.0000,2,10,677.9863,-84.9779,0.2948,11,0.2750,0.9667,30,7,6,0,0,7,6,0.1429
4,44.0000,2,11,759.8505,-85.9241,-0.0033,8,0.2000,0.9167,12,8,8,0,0,8,8,0.0000
4,44.0000,2,12,516.9493,-84.2499,-0.0008,16,0.4000,0.7500,8,7,6,0,0,7,6,0.1429
4,44.0000,2,13,705.4441,-84.8615,-0.1314,10,0.2500,0.9000,10,8,8,0,0,8,8,0.0000
4,44.0000,2,16,324.0076,-79.7096,0.4959,22,0.5500,0.8571,7,7,6,0,0,7,6,0.1429
4,44.0000,2,17,593.1497,-83.2636,-1.0090,16,0.4000,0.8750,8,8,8,0,0,8,8,0.0000
4,44.0000,2,18,781.9089,-87.1777,0.2327,6,0.1500,1.0000,8,8,8,0,0,8,8,0.0000
4,44.0000,2,19,536.2675,-83.2505,-1.3445,14,0.3500,1.0000,8,7,6,0,0,7,6,0.1429
4,44.0000,2,20,344.9444,-81.8263,0.5138,22,0.5500,0.8571,7,7,5,0,0,7,5,0.2857
4,44.0000,2,21,481.6137,-83.4835,0.6984,18,0.4500,0.8571,7,7,5,0,0,7,5,0.2857
4,44.0000,2,22,1016.3786,-88.7368,0.0014,6,0.1500,1.0000,4,4,4,0,0,4,4,0.0000
4,44.0000,2,25,384.1284,-81.5528,0.6279,25,0.6250,0.7143,7,6,3,0,0,6,3,0.5000
4,44.0000,2,26,401.8710,-79.8424,0.0546,24,0.6000,0.5000,6,8,8,0,0,8,8,0.0000
4,44.0000,2,27,886.0217,-87.0636,-0.6198,13,0.3250,1.0000,8,6,6,0,0,6,6,0.0000
4,44.0000,2,28,667.1226,-86.3373,0.1885,8,0.2000,1.0000,8,8,8,0,0,8,8,0.0000
4,44.0000,2,29,427.5357,-81.6110,0.9308,16,0.4000,0.8750,8,8,7,0,0,8,7,0.1250
4,44.0000,2,31,747.0754,-86.1730,-0.4416,6,0.1500,1.0000,6,7,5,0,0,7,5,0.2857
4,44.0000,2,32,525.2946,-84.2178,-0.0002,12,0.3000,0.7143,7,8,7,0,0,8,7,0.1250
4,44.0000,2,33,777.4375,-86.2727,-0.2850,7,0.1750,1.0000,2,8,8,0,0,8,8,0.0000
4,44.0000,2,34,892.7689,-87.6239,0.2302,9,0.2250,1.0000,8,6,6,0,0,6,6,0.0000
4,44.0000,2,35,1092.0985,-88.8632,-0.3805,3,0.0750,1.0000,6,4,4,0,0,4,4,0.0000
4,44.0000,2,36,991.3968,-87.1162,0.5079,4,0.1000,1.0000,6,8,8,0,0,8,8,0.0000
4,44.0000,2,38,878.2363,-88.6219,0.1055,6,0.1500,1.0000,8,8,8,0,0,8,8,0.0000
4,44.0000,2,39,295.9616,-79.0614,-0.0280,22,0.5500,0.4286,7,6,3,0,0,6,3,0.5000
4,44.0000,2,40,853.1867,-88.5865,-0.2716,11,0.2750,0.8750,8,2,2,0,0,2,2,0.0000
4,44.0000,2,43,853.5943,-87.5429,-1.5108,4,0.1000,1.0000,6,8,8,0,0,8,8,0.0000
4,44.0000,2,45,246.4498,-77.8908,0.5326,25,0.6250,0.4000,5,6,3,0,0,6,3,0.5000
4,44.0000,2,47,394.4573,-81.9247,-0.3524,19,0.4750,0.5714,7,8,8,0,0,8,8,0.0000
4,44.0000,3,6,261.4877,-79.2849,0.2203,34,0.8500,0.2000,5,4,0,0,0,4,0,1.0000
4,44.0000,3,7,782.6700,-88.0413,0.1945,3,0.0750,1.0000,8,6,5,0,0,6,5,0.1667
4,44.0000,3,14,494.6237,-82.2581,0.4713,17,0.4250,0.6667,6,6,4,0,0,6,4,0.3333
4,44.0000,3,15,187.2257,-72.7372,-0.6811,39,0.9750,0.0000,4,4,0,0,0,4,0,1.0000
4,44.0000,3,22,689.1888,-85.4757,-0.3352,10,0.2500,1.0000,8,8,8,0,0,8,8,0.0000
4,44.0000,3,24,758.2224,-85.8663,-0.8418,6,0.1500,1.0000,8,8,8,0,0,8,8,0.0000
4,44.0000,3,30,637.4457,-84.4570,-0.3738,7,0.1750,1.0000,8,8,8,0,0,8,8,0.0000
4,44.0000,3,37,328.8403,-80.3256,1.2754,27,0.6750,0.5000,6,6,2,0,0,6,2,0.6667
4,44.0000,3,38,732.9463,-85.9402,-0.5493,3,0.0750,0.8571,7,7,5,0,0,7,5,0.2857
4,44.0000,3,41,681.4822,-85.8666,0.5107,5,0.1250,1.0000,8,8,7,0,0,8,7,0.1250
4,44.0000,3,42,327.0480,-79.8487,-0.3269,28,0.7000,0.5000,6,7,5,0,0,7,5,0.2857
4,44.0000,3,44,699.2652,-85.6239,-0.0844,3,0.0750,1.0000,8,8,8,0,0,8,8,0.0000
4,44.0000,3,46,646.9246,-85.5041,0.7756,12,0.3000,0.7500,8,8,6,0,0,8,6,0.2500
4,44.0000,4,0,695.5475,-86.5609,0.1722,6,0.1500,1.0000,8,8,7,0,0,8,7,0.1250
4,44.0000,4,2,719.5548,-85.1976,-2.1144,3,0.0750,1.0000,8,8,8,0,0,8,8,0.0000
4,44.0000,4,3,906.8878,-87.4185,-1.0385,4,0.1000,1.0000,4,4,4,0,0,4,4,0.0000
4,44.0000,4,9,504.7407,-83.0849,-1.6837,7,0.1750,1.0000,8,8,8,0,0,8,8,0.0000
4,44.0000,4,14,938.5342,-87.6379,-1.8423,4,0.1000,1.0000,4,6,6,0,0,6,6,0.0000
4,44.0000,4,15,855.0102,-86.6276,-1.0677,6,0.1500,1.0000,4,4,3,0,0,4,3,0.2500
4,44.0000,4,18,469.4325,-83.9595,-1.0980,11,0.2750,0.8571,7,8,8,0,0,8,8,0.0000
4,44.0000,4,19,818.2383,-88.0556,0.6243,3,0.0750,1.0000,8,8,6,0,0,8,6,0.2500
4,44.0000,4,20,569.7776,-85.9051,4.2963,5,0.1250,1.0000,8,8,7,0,0,8,7,0.1250
4,44.0000,4,22,301.2854,-76.7283,-1.2318,37,0.9250,0.4000,5,7,5,0,0,7,5,0.2857
4,44.0000,4,23,873.1783,-86.8033,-1.0867,4,0.1000,1.0000,8,5,4,0,0,5,4,0.2000
4,44.0000,4,28,335.2532,-79.5269,-0.5848,18,0.4500,0.8571,7,8,8,0,0,8,8,0.0000
4,44.0000,4,29,741.7086,-86.0684,3.3638,3,0.0750,0.8750,8,8,8,0,0,8,8,0.0000
4,44.0000,4,30,783.3771,-87.3691,-0.7509,6,0.1500,0.8750,8,6,6,0,0,6,6,0.0000
4,44.0000,4,33,478.1386,-84.0262,-1.2986,9,0.2250,1.0000,8,7,6,0,0,7,6,0.1429
4,44.0000,4,37,822.2546,-86.8361,-0.6662,6,0.1500,0.8750,8,8,8,0,0,8,8,0.0000
4,44.0000,4,38,244.0440,-75.4565,-1.3936,33,0.8250,0.0000,4,5,2,0,0,5,2,0.6000
4,44.0000,4,39,560.7294,-85.5891,-0.2833,6,0.1500,1.0000,8,8,8,0,0,8,8,0.0000
4,44.0000,4,42,670.7866,-84.1565,1.1131,8,0.2000,1.0000,8,8,8,0,0,8,8,0.0000
4,44.0000,4,43,837.2981,-87.9668,-0.5752,3,0.0750,1.0000,8,8,8,0,0,8,8,0.0000
4,44.0000,4,44,567.2675,-85.2798,-0.3281,4,0.1000,0.8750,8,8,8,0,0,8,8,0.0000
4,44.0000,4,45,625.3677,-85.8107,-0.3741,4,0.1000,1.0000,8,6,4,0,0,6,4,0.3333
4,44.0000,4,46,1195.7108,-88.1756,-0.5831,3,0.0750,1.0000,2,2,2,0,0,2,2,0.0000
4,44.0000,4,47,475.5089,-84.6073,1.2823,3,0.0750,1.0000,8,8,8,0,0,8,8,0.0000
4,44.0000,5,1,431.3878,-82.5946,0.2945,15,0.3750,0.6667,6,5,2,0,0,5,2,0.6000
4,44.0000,5,2,683.0787,-87.3705,0.5842,3,0.0750,1.0000,8,6,6,0,0,6,6,0.0000
4,44.0000,5,8,526.6093,-85.1174,0.6781,7,0.1750,0.8571,7,7,6,0,0,7,6,0.1429
4,44.0000,5,13,657.6323,-87.3390,1.4013,6,0.1500,1.0000,8,8,8,0,0,8,8,0.0000
4,44.0000,5,16,778.7943,-88.7094,-0.1469,3,0.0750,1.0000,8,6,6,0,0,6,6,0.0000
4,44.0000,5,20,754.9684,-86.1145,0.8770,6,0.1500,0.8571,7,8,8,0,0,8,8,0.0000
4,44.0000,5,21,287.0164,-79.6146,1.4354,24,0.6000,0.7143,7,6,1,0,0,6,1,0.8333
4,44.0000,5,25,503.9107,-83.7214,1.0776,9,0.2250,1.0000,8,7,5,0,0,7,5,0.2857
4,44.0000,5,26,891.7407,-87.9110,0.5158,3,0.0750,1.0000,8,8,8,0,0,8,8,0.0000
4,44.0000,5,27,931.8882,-87.7936,0.4730,3,0.0750,1.0000,6,8,8,0,0,8,8,0.0000
4,44.0000,5,29,727.7990,-87.8155,0.0269,4,0.1000,0.8750,8,8,8,0,0,8,8,0.0000
4,44.0000,5,34,228.4730,-75.4322,-2.2682,39,0.9750,0.3333,6,5,1,0,0,5,1,0.8000
4,44.0000,5,35,870.6167,-86.8154,-0.2955,6,0.1500,1.0000,8,8,8,0,0,8,8,0.0000
4,44.0000,5,36,846.5206,-86.7646,1.4969,5,0.1250,0.8571,7,8,8,0,0,8,8,0.0000
4,44.0000,5,40,794.9051,-85.9185,-0.3164,4,0.1000,0.8571,7,8,8,0,0,8,8,0.0000
4,44.0000,5,45,691.1575,-87.7652,0.5769,4,0.1000,0.8571,7,7,6,0,0,7,6,0.1429
4,44.0000,6,0,614.1952,-85.6415,-0.0237,8,0.2000,1.0000,10,7,6,0,0,7,6,0.1429
4,44.0000,6,3,261.4877,-79.6425,0.9690,35,0.8750,0.2000,5,5,1,0,0,5,1,0.8000
4,44.0000,6,4,831.6168,-85.6081,0.2145,6,0.1500,1.0000,8,6,6,0,0,6,6,0.0000
4,44.0000,6,7,634.6737,-84.2232,-1.6411,18,0.4500,0.4000,5,8,8,0,0,8,8,0.0000
4,44.0000,6,14,325.8212,-77.3222,-0.9764,30,0.7500,0.4000,5,6,4,0,0,6,4,0.3333
4,44.0000,6,15,268.3976,-80.5951,1.2990,35,0.8750,0.0000,4,6,4,0,0,6,4,0.3333
4,44.0000,6,18,723.4894,-85.2699,-0.2204,9,0.2250,0.8571,7,8,8,0,0,8,8,0.0000
4,44.0000,6,22,687.8068,-85.2161,-0.5321,9,0.2250,1.0000,8,8,8,0,0,8,8,0.0000
4,44.0000,6,23,839.2142,-86.3680,0.8458,6,0.1500,0.8750,8,8,8,0,0,8,8,0.0000
4,44.0000,6,24,630.9686,-84.9165,-0.5373,16,0.4000,1.0000,8,8,8,0,0,8,8,0.0000
4,44.0000,6,28,792.2404,-85.1924,-1.4171,4,0.1000,1.0000,8,8,8,0,0,8,8,0.0000
4,44.0000,6,30,495.0995,-82.4283,-0.5723,20,0.5000,0.6667,6,8,8,0,0,8,8,0.0000
4,44.0000,6,33,773.3332,-86.7528,-0.7348,6,0.1500,1.0000,8,7,6,0,0,7,6,0.1429
4,44.0000,6,37,152.3981,-72.2048,-0.1369,28,0.7000,0.0000,4,5,1,0,0,5,1,0.8000
4,44.0000,6,38,616.3422,-86.5751,1.1711,6,0.1500,0.8571,7,8,7,0,0,8,7,0.1250
4,44.0000,6,41,572.6326,-84.3628,-0.2975,17,0.4250,1.0000,8,7,6,0,0,7,6,0.1429
4,44.0000,6,42,315.5153,-79.7602,0.0103,28,0.7000,0.4000,5,6,4,0,0,6,4,0.3333
4,44.0000,6,44,509.1941,-80.8146,-0.0526,14,0.3500,0.6667,6,10,10,0,0,10,10,0.0000
4,44.0000,6,46,557.7813,-82.4025,-1.3379,22,0.5500,0.5714,7,8,8,0,0,8,8,0.0000
4,44.0000,7,0,490.5491,-81.3466,-0.1646,9,0.2308,1.0000,8,8,7,0,0,8,7,0.1250
4,44.0000,7,3,782.6700,-87.5345,1.1946,5,0.1282,1.0000,6,2,2,0,0,2,2,0.0000
4,44.0000,7,6,634.6737,-83.5691,-1.0633,12,0.3077,0.4000,5,7,5,0,0,7,5,0.2857
4,44.0000,7,14,309.6315,-80.5803,0.4278,22,0.5641,0.5714,7,7,4,0,0,7,4,0.4286
4,44.0000,7,15,887.3766,-87.3803,0.1066,6,0.1538,1.0000,8,8,8,0,0,8,8,0.0000
4,44.0000,7,23,545.2499,-83.5615,-0.3381,8,0.2051,1.0000,8,6,3,0,0,6,3,0.5000
4,44.0000,7,24,70.9643,-69.9434,2.2291,33,0.8462,0.0000,4,4,0,0,0,4,0,1.0000
4,44.0000,7,30,366.7696,-79.6702,-1.4140,21,0.5385,0.2000,5,7,6,0,0,7,6,0.1429
4,44.0000,7,33,783.4767,-85.4595,-0.5113,4,0.1026,1.0000,8,8,8,0,0,8,8,0.0000
4,44.0000,7,37,502.2770,-81.2822,-1.4519,17,0.4359,0.6667,6,8,8,0,0,8,8,0.0000
4,44.0000,7,41,210.9862,-75.1541,-0.7842,33,0.8462,0.2000,5,5,1,0,0,5,1,0.8000
4,44.0000,7,42,656.1159,-84.5907,0.0311,5,0.1282,1.0000,8,7,6,0,0,7,6,0.1429
4,44.0000,7,43,834.9061,-87.3297,0.8876,4,0.1026,0.8571,7,8,8,0,0,8,8,0.0000
4,44.0000,7,44,598.6887,-83.2040,-1.0365,6,0.1538,0.8571,7,8,6,0,0,8,6,0.2500
4,44.0000,7,46,233.4062,-76.6536,-0.4203,32,0.8205,0.4000,5,4,0,0,0,4,0,1.0000
4,44.0000,8,1,545.3008,-83.6590,1.0452,12,0.3000,0.7500,8,7,5,0,0,7,5,0.2857
4,44.0000,8,2,204.2131,-76.6567,0.3139,26,0.6500,0.0000,4,5,1,0,0,5,1,0.8000
4,44.0000,8,5,526.6093,-86.0888,-0.7884,8,0.2000,0.7143,7,7,5,0,0,7,5,0.2857
4,44.0000,8,9,575.7599,-84.0023,0.4073,8,0.2000,1.0000,8,7,6,0,0,7,6,0.1429
4,44.0000,8,10,756.3187,-86.8790,-0.1592,4,0.1000,0.8750,8,8,8,0,0,8,8,0.0000
4,44.0000,8,11,831.0880,-89.0199,-0.1959,3,0.0750,1.0000,8,4,4,0,0,4,4,0.0000
4,44.0000,8,12,435.2494,-82.3498,-0.8185,16,0.4000,0.8750,8,5,2,0,0,5,2,0.6000
4,44.0000,8,13,599.3634,-84.3721,-1.1407,9,0.2250,0.8750,8,8,8,0,0,8,8,0.0000
4,44.0000,8,16,426.0059,-80.7578,-0.1838,10,0.2500,0.8571,7,6,4,0,0,6,4,0.3333
4,44.0000,8,17,691.8761,-86.0665,-2.3993,3,0.0750,0.8750,8,6,6,0,0,6,6,0.0000
4,44.0000,8,19,637.2699,-86.1795,1.7757,5,0.1250,1.0000,8,8,8,0,0,8,8,0.0000
4,44.0000,8,20,485.5872,-85.3558,1.0444,10,0.2500,1.0000,8,7,6,0,0,7,6,0.1429
4,44.0000,8,21,300.8742,-78.8190,0.6605,23,0.5750,0.8571,7,10,8,0,0,10,8,0.2000
4,44.0000,8,25,324.4221,-78.5424,-0.5877,15,0.3750,0.8571,7,8,8,0,0,8,8,0.0000
4,44.0000,8,26,520.6465,-82.4175,-1.2729,8,0.2000,0.8750,8,8,7,0,0,8,7,0.1250
4,44.0000,8,27,760.0975,-85.7662,-0.5821,10,0.2500,1.0000,8,6,6,0,0,6,6,0.0000
4,44.0000,8,29,517.8657,-84.6469,0.4542,5,0.1250,0.7143,7,8,7,0,0,8,7,0.1250
4,44.0000,8,31,843.1865,-89.0209,-0.0662,3,0.0750,1.0000,8,5,4,0,0,5,4,0.2000
4,44.0000,8,32,589.6886,-84.9128,-1.4964,7,0.1750,0.7143,7,8,8,0,0,8,8,0.0000
4,44.0000,8,34,717.9027,-85.1943,-0.4969,6,0.1500,0.8750,8,7,6,0,0,7,6,0.1429
4,44.0000,8,36,857.4497,-87.3098,-0.4566,6,0.1500,1.0000,8,2,2,0,0,2,2,0.0000
4,44.0000,8,39,469.5548,-84.1610,2.5748,6,0.1500,1.0000,8,8,7,0,0,8,7,0.1250
4,44.0000,8,40,691.0747,-84.9466,-0.0793,16,0.4000,0.8571,7,8,8,0,0,8,8,0.0000
4,44.0000,8,45,372.9515,-80.9065,0.8702,12,0.3000,0.8571,7,7,4,0,0,7,4,0.4286
4,44.0000,8,47,565.3222,-84.4121,1.6194,6,0.1500,1.0000,8,8,7,0,0,8,7,0.1250
4,44.0000,9,0,665.1933,-85.8080,-1.4513,9,0.2250,1.0000,8,7,6,0,0,7,6,0.1429
4,44.0000,9,1,977.8702,-87.8061,-0.7365,3,0.0750,1.0000,2,6,5,0,0,6,5,0.1667
4,44.0000,9,2,391.3128,-80.9835,-0.3377,24,0.6000,1.0000,8,7,5,0,0,7,5,0.2857
4,44.0000,9,4,504.7407,-82.9565,-0.0355,16,0.4000,0.8000,5,6,4,0,0,6,4,0.3333
4,44.0000,9,6,1101.8992,-88.7345,0.1291,4,0.1000,1.0000,8,6,6,0,0,6,6,0.0000
4,44.0000,9,8,575.7599,-86.4272,0.7339,10,0.2500,0.6667,6,7,6,0,0,7,6,0.1429
4,44.0000,9,10,487.1360,-85.3208,-0.4623,15,0.3750,0.5000,6,7,5,0,0,7,5,0.2857
4,44.0000,9,11,566.4279,-84.1645,-0.0283,14,0.3500,1.0000,8,8,8,22,20,30,28,0.0667
4,44.0000,9,12,677.5750,-85.9877,0.8848,10,0.2500,1.0000,8,8,8,0,0,8,8,0.0000
4,44.0000,9,13,876.5938,-87.5774,-0.0136,7,0.1750,0.9000,10,6,6,0,0,6,6,0.0000
4,44.0000,9,16,340.3380,-82.3206,1.0936,17,0.4250,0.2000,5,6,2,0,0,6,2,0.6667
4,44.0000,9,17,379.9207,-79.4104,-0.4201,21,0.5250,0.7778,9,5,3,0,0,5,3,0.4000
4,44.0000,9,18,429.3962,-82.1547,0.0490,14,0.3500,0.8333,6,8,6,0,0,8,6,0.2500
4,44.0000,9,19,343.7159,-80.3626,0.9160,18,0.4500,0.8571,7,6,4,0,0,6,4,0.3333
4,44.0000,9,20,461.3615,-83.9692,0.5348,15,0.3750,0.8571,7,8,7,0,0,8,7,0.1250
4,44.0000,9,21,867.0001,-88.4925,-0.1073,6,0.1500,1.0000,4,4,3,0,0,4,3,0.2500
4,44.0000,9,22,788.7815,-86.4677,-0.5868,9,0.2250,0.8571,7,2,2,0,0,2,2,0.0000
4,44.0000,9,23,777.5020,-86.0504,-0.0673,10,0.2500,0.8571,7,8,7,0,0,8,7,0.1250
4,44.0000,9,25,616.5942,-86.6353,0.1696,12,0.3000,0.6667,6,8,8,0,0,8,8,0.0000
4,44.0000,9,26,291.7445,-80.5143,1.6441,22,0.5500,1.0000,8,6,3,0,0,6,3,0.5000
4,44.0000,9,27,1042.3687,-88.9742,-0.0552,5,0.1250,1.0000,2,2,2,0,0,2,2,0.0000
4,44.0000,9,28,327.4376,-80.2253,0.4599,24,0.6000,0.7143,7,8,4,0,0,8,4,0.5000
4,44.0000,9,29,491.6618,-85.7960,0.4802,11,0.2750,0.8571,7,8,8,0,0,8,8,0.0000
4,44.0000,9,30,841.8200,-86.2583,-1.5406,4,0.1000,0.8000,5,4,3,0,0,4,3,0.2500
4,44.0000,9,31,496.8497,-83.1480,-0.2500,13,0.3250,1.0000,6,7,4,0,0,7,4,0.4286
4,44.0000,9,32,411.1644,-82.3175,-0.6918,19,0.4750,0.6667,6,8,5,0,0,8,5,0.3750
4,44.0000,9,33,394.1346,-79.8942,-1.1561,15,0.3750,0.6667,6,6,4,0,0,6,4,0.3333
4,44.0000,9,38,594.4459,-85.1253,-0.2787,9,0.2250,1.0000,8,7,6,0,0,7,6,0.1429
4,44.0000,9,39,217.5423,-76.7640,0.5579,30,0.7500,0.6667,6,4,0,0,0,4,0,1.0000
4,44.0000,9,40,1083.5538,-88.2916,-1.5454,3,0.0750,1.0000,2,6,6,0,0,6,6,0.0000
4,44.0000,9,41,1045.1196,-87.8025,0.1322,6,0.1500,1.0000,8,6,6,0,0,6,6,0.0000
4,44.0000,9,43,527.2851,-83.1183,-0.4262,16,0.4000,0.8571,7,7,6,0,0,7,6,0.1429
4,44.0000,9,44,630.1222,-86.2121,0.6466,9,0.2250,0.8750,8,8,8,0,0,8,8,0.0000
4,44.0000,9,45,487.0833,-83.8452,0.1756,18,0.4500,0.5000,6,8,7,0,0,8,7,0.1250
4,44.0000,9,47,361.9737,-80.7553,0.6901,22,0.5500,0.6250,8,7,6,0,0,7,6,0.1429
4,44.0000,10,0,773.1927,-85.5548,-1.0672,4,0.1000,1.0000,8,6,6,0,0,6,6,0.0000
4,44.0000,10,2,677.9863,-85.1004,0.8388,6,0.1500,1.0000,8,7,6,0,0,7,6,0.1429
4,44.0000,10,8,756.3187,-87.0775,-0.5505,6,0.1500,1.0000,8,7,6,0,0,7,6,0.1429
4,44.0000,10,9,487.1360,-84.0380,1.2061,5,0.1250,0.8750,8,7,5,0,0,7,5,0.2857
4,44.0000,10,11,84.0869,-67.7018,1.2056,35,0.8750,0.0000,6,4,0,0,0,4,0,1.0000
4,44.0000,10,12,531.1707,-83.9757,-0.3436,15,0.3750,1.0000,8,8,7,0,0,8,7,0.1250
4,44.0000,10,13,674.7865,-86.6629,-0.4172,5,0.1250,0.8571,7,7,6,0,0,7,6,0.1429
4,44.0000,10,16,448.0794,-83.1367,-0.0798,11,0.2750,0.8571,7,7,4,0,0,7,4,0.4286
4,44.0000,10,17,268.2128,-79.5691,0.2819,23,0.5750,0.4000,5,7,4,0,0,7,4,0.4286
4,44.0000,10,18,635.6069,-85.3900,1.4317,8,0.2000,1.0000,8,9,7,0,0,9,7,0.2222
4,44.0000,10,19,156.4508,-72.8138,-0.5493,34,0.8500,0.2000,5,4,0,0,0,4,0,1.0000
4,44.0000,10,20,804.3662,-87.8807,1.1835,4,0.1000,1.0000,8,8,8,0,0,8,8,0.0000
4,44.0000,10,23,849.7344,-87.4853,-1.0368,5,0.1250,1.0000,8,6,6,0,0,6,6,0.0000
4,44.0000,10,25,642.4196,-86.4823,0.6996,6,0.1500,1.0000,8,7,6,0,0,7,6,0.1429
4,44.0000,10,26,357.6851,-81.8607,1.3343,11,0.2750,0.6667,6,9,8,0,0,9,8,0.1111
4,44.0000,10,27,808.5976,-86.0454,-0.5279,9,0.2250,1.0000,8,4,4,0,0,4,4,0.0000
4,44.0000,10,29,646.8183,-84.9985,0.0764,8,0.2000,1.0000,8,8,8,0,0,8,8,0.0000
4,44.0000,10,31,182.1217,-75.6139,0.1370,32,0.8000,0.0000,4,5,1,0,0,5,1,0.8000
4,44.0000,10,32,230.8623,-76.2974,-0.1971,32,0.8000,0.5000,6,7,6,0,0,7,6,0.1429
4,44.0000,10,33,648.9405,-86.3061,-0.8786,5,0.1250,1.0000,6,8,8,0,0,8,8,0.0000
4,44.0000,10,36,895.4872,-87.2584,0.9584,7,0.1750,1.0000,6,6,6,0,0,6,6,0.0000
4,44.0000,10,39,534.5254,-84.3527,0.9765,9,0.2250,0.8571,7,8,8,0,0,8,8,0.0000
4,44.0000,10,40,934.8884,-87.1810,0.2172,4,0.1000,1.0000,8,6,6,0,0,6,6,0.0000
4,44.0000,10,43,514.2920,-84.6046,-0.7373,9,0.2250,0.8571,7,8,8,0,0,8,8,0.0000
4,44.0000,10,44,804.0625,-87.8981,0.6994,4,0.1000,1.0000,4,8,8,0,0,8,8,0.0000
4,44.0000,10,45,850.8425,-87.3833,0.2662,6,0.1500,1.0000,4,6,6,0,0,6,6,0.0000
4,44.0000,10,47,715.9030,-85.4078,2.3145,5,0.1250,0.8889,9,2,2,0,0,2,2,0.0000
4,44.0000,11,0,793.0273,-86.5452,-0.0259,7,0.1795,1.0000,8,8,8,0,0,8,8,0.0000
4,44.0000,11,1,926.2386,-89.2309,-0.4316,3,0.0769,1.0000,6,8,8,0,0,8,8,0.0000
4,44.0000,11,2,759.8505,-87.9277,-1.0625,6,0.1538,1.0000,10,8,8,0,0,8,8,0.0000
4,44.0000,11,4,1020.4669,-86.9914,-0.6739,4,0.1026,1.0000,6,8,8,0,0,8,8,0.0000
4,44.0000,11,8,831.0880,-87.1830,-0.1738,6,0.1538,1.0000,8,7,6,0,0,7,6,0.1429
4,44.0000,11,9,566.4279,-83.2329,0.4227,6,0.1538,0.8750,8,8,8,0,0,8,8,0.0000
4,44.0000,11,10,84.0869,-68.1726,2.1422,37,0.9487,0.2000,5,5,1,0,0,5,1,0.8000
4,44.0000,11,12,574.6418,-86.3090,1.1179,9,0.2308,0.7500,8,8,7,0,0,8,7,0.1250
4,44.0000,11,13,698.7386,-87.0183,0.4859,4,0.1026,1.0000,6,8,8,0,0,8,8,0.0000
4,44.0000,11,16,522.2817,-83.7038,0.7293,8,0.2051,1.0000,8,8,8,0,0,8,8,0.0000
4,44.0000,11,17,326.3962,-80.1794,-0.2925,19,0.4872,0.5000,6,5,2,0,0,5,2,0.6000
4,44.0000,11,18,679.4397,-87.0402,0.0213,5,0.1282,1.0000,8,7,5,0,0,7,5,0.2857
4,44.0000,11,19,238.5755,-74.6760,-0.8958,29,0.7436,0.3333,6,10,7,0,0,10,7,0.3000
4,44.0000,11,20,881.3559,-86.3250,0.6159,4,0.1026,1.0000,8,6,6,0,0,6,6,0.0000
4,44.0000,11,23,864.5667,-86.8700,-0.1867,8,0.2051,0.8571,7,8,7,0,0,8,7,0.1250
4,44.0000,11,25,702.7450,-86.5585,1.3854,6,0.1538,0.8571,7,8,8,0,0,8,8,0.0000
4,44.0000,11,26,432.4341,-82.1459,0.7625,7,0.1795,1.0000,8,8,8,0,0,8,8,0.0000
4,44.0000,11,27,821.5005,-87.9626,-0.9770,4,0.1026,0.8571,7,8,8,0,0,8,8,0.0000
4,44.0000,11,28,717.7416,-87.9407,-0.3647,3,0.0769,0.8750,8,8,8,0,0,8,8,0.0000
4,44.0000,11,29,711.4323,-86.3952,1.3634,4,0.1026,1.0000,8,8,8,0,0,8,8,0.0000
4,44.0000,11,31,194.8122,-75.2728,1.0202,30,0.7692,0.2000,5,5,1,0,0,5,1,0.8000
4,44.0000,11,32,297.8740,-77.9067,-0.0468,26,0.6667,0.2500,4,10,10,0,0,10,10,0.0000
4,44.0000,11,33,697.3735,-86.5834,1.7096,4,0.1026,1.0000,8,8,8,0,0,8,8,0.0000
4,44.0000,11,35,1036.0098,-87.8573,0.5145,3,0.0769,1.0000,4,4,4,0,0,4,4,0.0000
4,44.0000,11,36,898.6777,-88.0208,2.3481,3,0.0769,1.0000,6,4,4,0,0,4,4,0.0000
4,44.0000,11,37,1241.1703,-88.7484,0.1722,3,0.0769,1.0000,2,6,6,0,0,6,6,0.0000
4,44.0000,11,39,613.9185,-84.9618,0.7333,6,0.1538,1.0000,8,8,8,0,0,8,8,0.0000
4,44.0000,11,43,538.3786,-83.7474,0.6612,10,0.2564,0.5714,7,8,8,0,0,8,8,0.0000
4,44.0000,11,44,833.2113,-87.9016,0.0269,5,0.1282,1.0000,2,8,8,0,0,8,8,0.0000
4,44.0000,11,47,790.7188,-86.2842,-0.5479,4,0.1026,1.0000,8,4,4,0,0,4,4,0.0000
4,44.0000,12,1,366.9963,-80.8309,0.2438,30,0.7500,0.8571,7,7,5,0,0,7,5,0.2857
4,44.0000,12,2,516.9493,-83.2584,0.3456,14,0.3500,1.0000,8,8,8,0,0,8,8,0.0000
4,44.0000,12,5,670.3588,-87.1904,0.4198,14,0.3500,1.0000,6,8,6,0,0,8,6,0.2500
4,44.0000,12,8,435.2494,-81.2552,-0.5758,16,0.4000,0.8571,7,7,6,0,0,7,6,0.1429
4,44.0000,12,9,677.5750,-86.9909,-0.1951,3,0.0750,1.0000,8,8,8,0,0,8,8,0.0000
4,44.0000,12,10,531.1707,-83.8951,0.2670,10,0.2500,1.0000,8,8,6,0,0,8,6,0.2500
4,44.0000,12,11,574.6418,-85.0999,0.4987,9,0.2250,1.0000,8,6,4,0,0,6,4,0.3333
4,44.0000,12,13,221.1954,-76.0031,-0.5731,33,0.8250,0.0000,4,5,2,5,4,10,6,0.4000
4,44.0000,12,16,420.5674,-81.1187,0.2858,17,0.4250,0.8571,7,7,6,0,0,7,6,0.1429
4,44.0000,12,17,597.7724,-84.3350,0.0090,6,0.1500,0.8571,7,7,6,0,0,7,6,0.1429
4,44.0000,12,19,492.7559,-83.8599,-0.1224,9,0.2250,0.8571,7,8,8,0,0,8,8,0.0000
4,44.0000,12,20,726.6316,-87.7311,0.9598,5,0.1250,0.8571,7,8,6,0,0,8,6,0.2500
4,44.0000,12,21,584.1246,-85.1214,0.3743,17,0.4250,0.5000,6,8,7,0,0,8,7,0.1250
4,44.0000,12,25,282.3593,-79.5228,0.5128,24,0.6000,0.6250,8,6,4,0,0,6,4,0.3333
4,44.0000,12,26,470.5541,-83.0345,0.3587,11,0.2750,1.0000,8,8,8,0,0,8,8,0.0000
4,44.0000,12,27,471.3947,-82.2845,-0.7209,29,0.7250,0.7500,8,8,7,0,0,8,7,0.1250
4,44.0000,12,29,568.6312,-84.2893,0.3837,11,0.2750,0.6667,6,7,6,0,0,7,6,0.1429
4,44.0000,12,31,668.0484,-84.4525,-0.2299,5,0.1250,1.0000,6,6,4,0,0,6,4,0.3333
4,44.0000,12,32,440.9115,-83.9749,0.6157,12,0.3000,0.5000,6,7,6,0,0,7,6,0.1429
4,44.0000,12,34,799.5959,-86.4709,0.6255,7,0.1750,1.0000,8,8,8,0,0,8,8,0.0000
4,44.0000,12,35,613.2391,-85.1110,-0.4460,21,0.5250,1.0000,8,8,7,0,0,8,7,0.1250
4,44.0000,12,36,494.4394,-82.4387,-0.2178,29,0.7250,0.4000,5,8,7,0,0,8,7,0.1250
4,44.0000,12,39,586.5828,-85.9060,1.0609,7,0.1750,1.0000,6,7,6,0,0,7,6,0.1429
4,44.0000,12,40,503.6084,-82.4978,-0.2111,29,0.7250,0.7143,7,7,6,0,0,7,6,0.1429
4,44.0000,12,45,709.5276,-86.8784,0.3878,7,0.1750,0.8571,7,8,8,0,0,8,8,0.0000
4,44.0000,12,47,742.9758,-87.9746,0.9118,4,0.1000,0.7143,7,2,2,0,0,2,2,0.0000
4,44.0000,13,1,263.5489,-78.4939,0.7861,30,0.7500,0.4000,5,6,4,0,0,6,4,0.3333
4,44.0000,13,2,705.4441,-86.6407,0.3086,5,0.1250,1.0000,10,6,6,0,0,6,6,0.0000
4,44.0000,13,5,657.6323,-85.3872,-0.5494,13,0.3250,0.8571,7,8,8,0,0,8,8,0.0000
4,44.0000,13,8,599.3634,-84.4771,-1.7430,11,0.2750,0.5000,6,7,6,0,0,7,6,0.1429
4,44.0000,13,10,674.7865,-86.2504,-0.7209,5,0.1250,1.0000,8,8,8,0,0,8,8,0.0000
4,44.0000,13,11,698.7386,-86.0936,0.4392,5,0.1250,1.0000,8,8,8,0,0,8,8,0.0000
4,44.0000,13,12,221.1954,-75.4229,-1.0046,26,0.6500,0.3333,6,7,6,0,0,7,6,0.1429
4,44.0000,13,16,582.3798,-84.5291,-0.5808,8,0.2000,0.8571,7,8,8,0,0,8,8,0.0000
4,44.0000,13,17,792.5573,-85.9044,0.8164,3,0.0750,1.0000,8,3,2,0,0,3,2,0.3333
4,44.0000,13,19,662.7867,-85.0047,0.3338,6,0.1500,1.0000,8,8,8,0,0,8,8,0.0000
4,44.0000,13,20,867.2416,-86.4284,-0.9097,4,0.1000,1.0000,8,8,8,0,0,8,8,0.0000
4,44.0000,13,21,659.7407,-85.3388,1.4894,11,0.2750,0.8750,8,7,6,0,0,7,6,0.1429
4,44.0000,13,25,379.2011,-82.4424,-0.6951,14,0.3500,1.0000,8,4,0,0,0,4,0,1.0000
4,44.0000,13,26,634.6510,-85.8976,-0.0280,8,0.2000,1.0000,8,8,8,0,0,8,8,0.0000
4,44.0000,13,27,476.0129,-83.9628,-0.4094,16,0.4000,0.6667,6,8,6,0,0,8,6,0.2500
4,44.0000,13,29,672.2130,-85.7122,0.0492,10,0.2500,0.7143,7,8,8,0,0,8,8,0.0000
4,44.0000,13,32,635.0612,-85.8303,-1.9887,5,0.1250,1.0000,8,8,8,0,0,8,8,0.0000
4,44.0000,13,34,738.7352,-86.7047,-2.1194,9,0.2250,0.6667,6,4,4,0,0,4,4,0.0000
4,44.0000,13,35,441.9676,-83.4033,0.7503,19,0.4750,0.6667,6,6,4,0,0,6,4,0.3333
4,44.0000,13,36,329.1125,-80.3598,-0.1183,32,0.8000,0.3333,6,5,1,0,0,5,1,0.8000
4,44.0000,13,39,761.2591,-86.6539,-0.2449,5,0.1250,1.0000,8,8,7,0,0,8,7,0.1250
4,44.0000,13,40,502.7810,-83.9676,-0.0969,15,0.3750,0.8571,7,7,5,0,0,7,5,0.2857
4,44.0000,13,45,865.6826,-86.4770,0.7969,6,0.1500,1.0000,6,8,7,0,0,8,7,0.1250
4,44.0000,13,47,893.7050,-88.0763,-0.6017,4,0.1000,1.0000,8,8,8,0,0,8,8,0.0000
4,44.0000,14,0,442.4860,-82.8714,0.2293,15,0.3750,0.5000,6,6,4,0,0,6,4,0.3333
4,44.0000,14,3,494.6237,-83.7080,-0.2999,29,0.7250,0.8571,7,6,3,0,0,6,3,0.5000
4,44.0000,14,4,938.5342,-87.5726,-3.3117,4,0.1000,1.0000,8,6,6,0,0,6,6,0.0000
4,44.0000,14,6,325.8212,-77.8528,-1.2896,29,0.7250,0.0000,4,6,3,0,0,6,3,0.5000
4,44.0000,14,7,309.6315,-80.2214,0.3064,35,0.8750,0.0000,4,4,0,0,0,4,0,1.0000
4,44.0000,14,15,580.9045,-83.3483,-0.3061,27,0.6750,0.8750,8,7,6,0,0,7,6,0.1429
4,44.0000,14,18,712.6483,-86.5851,-0.7341,7,0.1750,1.0000,8,8,8,0,0,8,8,0.0000
4,44.0000,14,23,615.2674,-85.8629,-0.2768,7,0.1750,0.8750,8,8,7,0,0,8,7,0.1250
4,44.0000,14,24,307.8460,-80.5274,-0.5894,31,0.7750,0.5714,7,5,1,0,0,5,1,0.8000
4,44.0000,14,28,807.3550,-86.5540,0.1029,4,0.1000,0.8750,8,8,8,0,0,8,8,0.0000
4,44.0000,14,30,282.0877,-78.5355,-0.0721,27,0.6750,0.2000,5,6,4,0,0,6,4,0.3333
4,44.0000,14,33,698.2746,-85.2264,-0.2126,8,0.2000,1.0000,8,8,8,0,0,8,8,0.0000
4,44.0000,14,37,195.4489,-71.4536,-1.0815,30,0.7500,0.0000,4,6,3,0,0,6,3,0.5000
4,44.0000,14,38,743.8018,-86.4775,0.0910,7,0.1750,1.0000,8,8,8,0,0,8,8,0.0000
4,44.0000,14,41,276.6382,-80.7705,0.7559,29,0.7250,0.2000,5,4,0,0,0,4,0,1.0000
4,44.0000,14,42,399.1087,-81.3986,-0.7665,25,0.6250,0.4000,5,6,3,0,0,6,3,0.5000
4,44.0000,14,43,892.8249,-86.6639,-1.2926,3,0.0750,1.0000,6,6,6,0,0,6,6,0.0000
4,44.0000,14,44,447.7642,-82.4885,-1.2124,19,0.4750,0.0000,4,7,6,0,0,7,6,0.1429
4,44.0000,14,46,284.8510,-77.0062,-0.8818,36,0.9000,0.0000,4,5,2,0,0,5,2,0.6000
4,44.0000,15,3,187.2257,-72.8858,-1.0899,34,0.8718,0.0000,4,6,3,0,0,6,3,0.5000
4,44.0000,15,6,268.3976,-80.0851,0.6385,27,0.6923,0.6667,6,5,1,0,0,5,1,0.8000
4,44.0000,15,7,887.3766,-88.1149,-0.0389,6,0.1538,0.8750,8,8,8,0,0,8,8,0.0000
4,44.0000,15,14,580.9045,-84.2941,-0.5985,15,0.3846,0.6667,6,8,7,0,0,8,7,0.1250
4,44.0000,15,22,632.3923,-85.6950,-0.5547,9,0.2308,1.0000,8,6,6,0,0,6,6,0.0000
4,44.0000,15,24,874.6044,-87.0625,1.3032,5,0.1282,1.0000,8,8,8,0,0,8,8,0.0000
4,44.0000,15,30,719.9948,-85.1012,-0.2658,6,0.1538,0.8571,7,7,6,0,0,7,6,0.1429
4,44.0000,15,37,395.6632,-82.9909,0.5372,21,0.5385,0.8571,7,7,3,0,0,7,3,0.5714
4,44.0000,15,38,666.8613,-84.9353,0.3290,4,0.1026,1.0000,10,8,8,0,0,8,8,0.0000
4,44.0000,15,42,408.6827,-81.6307,0.9038,21,0.5385,1.0000,8,5,3,0,0,5,3,0.4000
4,44.0000,15,44,706.3596,-85.7158,-1.9502,4,0.1026,1.0000,8,6,5,0,0,6,5,0.1667
4,44.0000,15,46,777.2278,-86.1448,-1.5428,8,0.2051,1.0000,8,8,8,0,0,8,8,0.0000
4,44.0000,16,0,926.7518,-88.2686,2.3888,4,0.1000,1.0000,6,8,8,0,0,8,8,0.0000
4,44.0000,16,1,681.8797,-85.3695,-0.0779,11,0.2750,0.5000,6,7,6,0,0,7,6,0.1429
4,44.0000,16,2,324.0076,-79.7844,-1.0769,22,0.5500,0.3333,6,5,1,0,0,5,1,0.8000
4,44.0000,16,4,743.2281,-87.7282,-0.3964,4,0.1000,1.0000,2,8,7,0,0,8,7,0.1250
4,44.0000,16,5,778.7943,-88.0101,-0.0470,7,0.1750,0.8000,5,4,4,0,0,4,4,0.0000
4,44.0000,16,8,426.0059,-81.1804,-0.2636,19,0.4750,0.8571,7,7,5,0,0,7,5,0.2857
4,44.0000,16,9,340.3380,-81.2064,1.2645,12,0.3000,1.0000,8,6,2,0,0,6,2,0.6667
4,44.0000,16,10,448.0794,-81.6109,-0.4149,17,0.4250,0.6667,6,8,7,0,0,8,7,0.1250
4,44.0000,16,11,522.2817,-82.8922,-0.4062,17,0.4250,1.0000,8,8,8,0,0,8,8,0.0000
4,44.0000,16,12,420.5674,-82.3998,-0.4568,23,0.5750,0.5000,6,7,5,0,0,7,5,0.2857
4,44.0000,16,13,582.3798,-84.0872,-1.8711,14,0.3500,0.8571,7,8,7,0,0,8,7,0.1250
4,44.0000,16,17,491.7380,-83.6275,-0.4143,15,0.3750,1.0000,8,7,6,0,0,7,6,0.1429
4,44.0000,16,18,613.5843,-86.2212,-0.2429,10,0.2500,1.0000,8,5,2,72,68,77,70,0.0909
4,44.0000,16,19,309.9594,-79.2726,-0.1399,21,0.5250,0.3333,6,6,4,0,0,6,4,0.3333
4,44.0000,16,20,380.7242,-82.2928,1.0370,17,0.4250,0.8571,7,5,2,0,0,5,2,0.6000
4,44.0000,16,21,672.9965,-86.1110,-0.4989,14,0.3500,0.7500,8,8,8,0,0,8,8,0.0000
4,44.0000,16,25,304.3543,-76.9053,-1.6076,31,0.7750,0.3333,6,7,6,0,0,7,6,0.1429
4,44.0000,16,26,115.3144,-69.0831,0.4329,39,0.9750,0.2000,5,4,0,0,0,4,0,1.0000
4,44.0000,16,27,868.1697,-86.1361,0.1215,4,0.1000,0.8571,7,2,2,0,0,2,2,0.0000
4,44.0000,16,28,557.2609,-86.3130,0.3103,8,0.2000,1.0000,8,7,6,62,54,69,60,0.1304
4,44.0000,16,29,237.2526,-78.0646,0.6188,29,0.7250,0.2000,5,4,0,0,0,4,0,1.0000
4,44.0000,16,31,569.9524,-84.7059,-0.6672,10,0.2500,0.8750,8,8,7,0,0,8,7,0.1250
4,44.0000,16,32,404.1691,-82.0179,-0.1630,19,0.4750,0.8571,7,7,6,0,0,7,6,0.1429
4,44.0000,16,33,697.7828,-85.5747,-0.4967,5,0.1250,1.0000,8,6,4,0,0,6,4,0.3333
4,44.0000,16,34,981.0423,-87.8767,-0.5886,11,0.2750,1.0000,4,6,6,0,0,6,6,0.0000
4,44.0000,16,35,1018.1830,-87.7081,0.7587,5,0.1250,1.0000,6,4,4,0,0,4,4,0.0000
4,44.0000,16,36,898.4937,-87.2598,-0.7585,11,0.2750,0.8571,7,8,7,0,0,8,7,0.1250
4,44.0000,16,38,814.0365,-88.0672,-0.7837,8,0.2000,1.0000,8,5,4,0,0,5,4,0.2000
4,44.0000,16,39,185.3150,-76.5961,0.9757,27,0.6750,0.5000,6,5,1,0,0,5,1,0.8000
4,44.0000,16,40,895.9556,-87.2646,-0.4097,10,0.2500,0.8750,8,6,6,0,0,6,6,0.0000
4,44.0000,16,43,768.2105,-86.6192,-0.3434,9,0.2250,1.0000,8,8,7,0,0,8,7,0.1250
4,44.0000,16,44,869.9188,-88.1283,0.5491,4,0.1000,1.0000,4,8,8,0,0,8,8,0.0000
4,44.0000,16,45,435.5628,-82.8479,0.5072,16,0.4000,0.8750,8,7,6,0,0,7,6,0.1429
4,44.0000,16,47,342.1279,-80.5712,-0.1207,20,0.5000,0.8571,7,6,3,0,0,6,3,0.5000
4,44.0000,17,0,713.2567,-85.1099,0.0825,10,0.2500,1.0000,8,8,8,0,0,8,8,0.0000
4,44.0000,17,1,959.4037,-88.8131,-0.1489,3,0.0750,1.0000,4,8,8,0,0,8,8,0.0000
4,44.0000,17,2,593.1497,-84.5922,-0.3574,9,0.2250,1.0000,8,7,6,0,0,7,6,0.1429
4,44.0000,17,4,854.5309,-87.2598,-1.1311,5,0.1250,1.0000,4,6,6,0,0,6,6,0.0000
4,44.0000,17,8,691.8761,-85.0540,-0.3795,12,0.3000,0.8750,8,8,8,0,0,8,8,0.0000
4,44.0000,17,9,379.9207,-79.9484,-0.3550,16,0.4000,0.8750,8,8,8,0,0,8,8,0.0000
4,44.0000,17,10,268.2128,-77.9664,0.6314,20,0.5000,0.2000,5,6,4,0,0,6,4,0.3333
4,44.0000,17,11,326.3962,-79.7556,0.6689,24,0.6000,0.7500,8,5,2,0,0,5,2,0.6000
4,44.0000,17,12,597.7724,-85.2121,0.7285,9,0.2250,1.0000,8,9,8,0,0,9,8,0.1111
4,44.0000,17,13,792.5573,-86.4209,0.0787,6,0.1500,0.8571,7,8,8,0,0,8,8,0.0000
4,44.0000,17,16,491.7380,-82.8525,0.0412,13,0.3250,0.7143,7,8,7,0,0,8,7,0.1250
4,44.0000,17,18,640.5891,-85.3430,-0.6762,9,0.2250,0.8571,7,8,8,0,0,8,8,0.0000
4,44.0000,17,19,246.4542,-77.2465,0.6031,27,0.6750,0.0000,4,5,2,0,0,5,2,0.6000
4,44.0000,17,20,786.2221,-88.3659,0.0627,5,0.1250,1.0000,8,8,8,0,0,8,8,0.0000
4,44.0000,17,23,719.1869,-86.2499,-0.0232,11,0.2750,0.9000,10,8,8,0,0,8,8,0.0000
4,44.0000,17,24,1135.7728,-89.0302,-0.1872,3,0.0750,1.0000,4,4,4,0,0,4,4,0.0000
4,44.0000,17,25,700.9000,-85.5710,0.1988,11,0.2750,0.8571,7,8,7,0,0,8,7,0.1250
4,44.0000,17,26,416.6331,-82.5674,-0.1734,13,0.3250,0.8571,7,8,7,0,0,8,7,0.1250
4,44.0000,17,27,824.8694,-87.3069,0.3586,7,0.1750,1.0000,6,2,2,0,0,2,2,0.0000
4,44.0000,17,28,615.6315,-86.2944,-0.0864,8,0.2000,1.0000,8,8,8,0,0,8,8,0.0000
4,44.0000,17,29,719.1222,-86.2392,0.0453,8,0.2000,1.0000,8,8,8,0,0,8,8,0.0000
4,44.0000,17,30,900.6008,-89.0398,-0.1326,4,0.1000,1.0000,6,8,8,0,0,8,8,0.0000
4,44.0000,17,31,194.9825,-76.4613,0.2104,32,0.8000,0.6667,6,5,1,0,0,5,1,0.8000
4,44.0000,17,32,158.0408,-72.6128,-0.4376,36,0.9000,0.2000,5,4,0,0,0,4,0,1.0000
4,44.0000,17,33,537.0681,-83.7566,-0.4688,11,0.2750,1.0000,8,8,7,0,0,8,7,0.1250
4,44.0000,17,38,903.0575,-86.6275,-0.4140,5,0.1250,1.0000,8,6,6,0,0,6,6,0.0000
4,44.0000,17,39,512.5464,-83.4830,-0.8256,11,0.2750,1.0000,8,8,8,0,0,8,8,0.0000
4,44.0000,17,41,1054.0775,-88.8905,0.0470,3,0.0750,1.0000,2,4,4,0,0,4,4,0.0000
4,44.0000,17,43,348.3023,-80.1308,0.0664,19,0.4750,0.8571,7,5,4,0,0,5,4,0.2000
4,44.0000,17,44,773.6749,-87.0516,0.4756,4,0.1000,0.8571,7,8,8,0,0,8,8,0.0000
4,44.0000,17,45,788.0918,-87.1787,-0.0999,6,0.1500,0.8333,6,4,4,0,0,4,4,0.0000
4,44.0000,17,47,705.0875,-85.9470,-0.5760,10,0.2500,1.0000,8,4,4,0,0,4,4,0.0000
4,44.0000,18,0,411.4487,-81.7842,-0.3009,19,0.4750,0.8571,7,7,5,0,0,7,5,0.2857
4,44.0000,18,2,781.9089,-88.2376,-0.3645,6,0.1500,0.8750,8,8,8,0,0,8,8,0.0000
4,44.0000,18,3,915.2852,-86.8412,-0.6618,7,0.1750,1.0000,4,4,4,0,0,4,4,0.0000
4,44.0000,18,4,469.4325,-81.7980,0.0170,17,0.4250,0.8571,7,10,10,0,0,10,10,0.0000
4,44.0000,18,6,723.4894,-85.4335,-0.9203,17,0.4250,0.7500,8,6,6,0,0,6,6,0.0000
4,44.0000,18,7,843.8531,-86.7303,-0.4953,12,0.3000,1.0000,8,4,4,0,0,4,4,0.0000
4,44.0000,18,8,967.7677,-89.4673,-0.0517,3,0.0750,1.0000,2,8,8,0,0,8,8,0.0000
4,44.0000,18,9,429.3962,-83.2424,1.5521,10,0.2500,0.8571,7,7,5,0,0,7,5,0.2857
4,44.0000,18,10,635.6069,-86.1230,-1.4537,6,0.1500,1.0000,8,8,8,0,0,8,8,0.0000
4,44.0000,18,11,679.4397,-86.1805,0.0390,7,0.1750,1.0000,8,5,3,0,0,5,3,0.4000
4,44.0000,18,14,712.6483,-86.4150,0.2299,14,0.3500,0.8750,8,7,6,0,0,7,6,0.1429
4,44.0000,18,15,879.8191,-88.0800,0.6625,6,0.1500,1.0000,4,6,6,0,0,6,6,0.0000
4,44.0000,18,16,613.5843,-85.8916,1.1862,5,0.1250,1.0000,8,7,6,0,0,7,6,0.1429
4,44.0000,18,17,640.5891,-85.2635,-0.5679,6,0.1500,1.0000,8,7,6,0,0,7,6,0.1429
4,44.0000,18,19,551.2587,-84.9480,0.9894,8,0.2000,0.8571,7,8,8,0,0,8,8,0.0000
4,44.0000,18,20,675.6659,-85.6409,1.6153,4,0.1000,0.8571,7,6,6,0,0,6,6,0.0000
4,44.0000,18,22,645.8069,-85.4029,-0.0206,12,0.3000,0.8571,7,4,4,0,0,4,4,0.0000
4,44.0000,18,23,675.8469,-85.0677,-0.5369,12,0.3000,0.8750,8,8,8,0,0,8,8,0.0000
4,44.0000,18,24,860.8892,-86.7026,-0.2614,9,0.2250,0.8571,7,4,4,0,0,4,4,0.0000
4,44.0000,18,26,527.9728,-85.4287,-0.5614,7,0.1750,1.0000,8,8,7,0,0,8,7,0.1250
4,44.0000,18,28,158.9720,-74.8841,0.2891,29,0.7250,0.0000,4,5,1,0,0,5,1,0.8000
4,44.0000,18,29,658.3414,-87.4579,-0.7948,6,0.1500,1.0000,8,7,6,0,0,7,6,0.1429
4,44.0000,18,30,560.1020,-83.9719,-0.5406,17,0.4250,0.2000,5,8,8,0,0,8,8,0.0000
4,44.0000,18,31,629.1170,-87.4281,0.8438,6,0.1500,0.8750,8,8,8,0,0,8,8,0.0000
4,44.0000,18,32,708.3111,-87.3380,1.3401,6,0.1500,0.8571,7,6,4,0,0,6,4,0.3333
4,44.0000,18,33,300.0555,-78.3437,-0.0109,24,0.6000,1.0000,8,7,5,0,0,7,5,0.2857
4,44.0000,18,37,678.5642,-84.7839,-0.4201,13,0.3250,1.0000,8,8,8,0,0,8,8,0.0000
4,44.0000,18,38,351.5208,-80.7839,-0.5298,21,0.5250,0.6667,6,6,2,0,0,6,2,0.6667
4,44.0000,18,39,506.2733,-84.4820,-0.0134,6,0.1500,0.8571,7,5,4,0,0,5,4,0.2000
4,44.0000,18,41,773.4444,-85.9641,-0.5743,9,0.2250,0.8571,7,8,8,0,0,8,8,0.0000
4,44.0000,18,42,667.8605,-86.2077,0.4630,10,0.2500,0.8571,7,8,7,0,0,8,7,0.1250
4,44.0000,18,43,605.2034,-85.3560,0.2218,11,0.2750,0.8571,7,7,6,0,0,7,6,0.1429
4,44.0000,18,44,275.7014,-78.0963,0.3015,30,0.7500,0.8571,7,6,3,13,6,19,9,0.5263
4,44.0000,18,47,522.3851,-85.1622,0.8225,6,0.1500,1.0000,4,7,6,0,0,7,6,0.1429
4,44.0000,19,0,748.0767,-86.2726,-0.0712,8,0.2000,1.0000,6,4,4,0,0,4,4,0.0000
4,44.0000,19,1,842.5582,-87.9107,-0.1663,7,0.1750,0.0000,1,8,7,0,0,8,7,0.1250
4,44.0000,19,2,536.2675,-83.2687,0.0892,16,0.4000,0.8750,8,8,6,0,0,8,6,0.2500
4,44.0000,19,4,818.2383,-87.1646,0.0269,6,0.1500,1.0000,4,8,8,0,0,8,8,0.0000
4,44.0000,19,8,637.2699,-85.9315,0.3444,13,0.3250,0.8571,7,8,8,0,0,8,8,0.0000
4,44.0000,19,9,343.7159,-81.1408,0.7658,21,0.5250,1.0000,8,6,3,0,0,6,3,0.5000
4,44.0000,19,10,156.4508,-73.2400,0.1977,37,0.9250,0.4000,5,4,0,0,0,4,0,1.0000
4,44.0000,19,11,238.5755,-75.1051,-0.8686,37,0.9250,0.2000,5,6,2,0,0,6,2,0.6667
4,44.0000,19,12,492.7559,-83.9338,0.1937,16,0.4000,0.8571,7,7,4,0,0,7,4,0.4286
4,44.0000,19,13,662.7867,-85.7657,0.5442,10,0.2500,0.8571,7,8,8,0,0,8,8,0.0000
4,44.0000,19,16,309.9594,-79.0237,0.9016,20,0.5000,0.6000,5,7,6,0,0,7,6,0.1429
4,44.0000,19,17,246.4542,-77.1297,0.2303,34,0.8500,0.2000,5,5,2,0,0,5,2,0.6000
4,44.0000,19,18,551.2587,-84.9253,0.5529,9,0.2250,1.0000,8,7,6,0,0,7,6,0.1429
4,44.0000,19,20,652.2395,-87.2416,0.6987,9,0.2250,0.9000,10,7,5,0,0,7,5,0.2857
4,44.0000,19,23,847.1970,-88.7325,-0.3800,6,0.1500,1.0000,8,7,6,0,0,7,6,0.1429
4,44.0000,19,25,545.1914,-84.9190,-0.0764,13,0.3250,0.6667,6,5,2,0,0,5,2,0.6000
4,44.0000,19,26,214.2223,-77.8473,1.3249,28,0.7000,0.6667,6,4,0,0,0,4,0,1.0000
4,44.0000,19,27,835.3586,-86.9954,-0.0424,12,0.3000,1.0000,8,2,2,0,0,2,2,0.0000
4,44.0000,19,28,545.5109,-85.3677,0.0482,12,0.3000,1.0000,8,7,6,0,0,7,6,0.1429
4,44.0000,19,29,518.2598,-85.2793,0.4310,16,0.4000,0.8571,7,6,4,0,0,6,4,0.3333
4,44.0000,19,30,942.4135,-88.4063,1.2350,4,0.1000,1.0000,6,2,2,0,0,2,2,0.0000
4,44.0000,19,31,262.7977,-78.4368,-0.1792,34,0.8500,0.4000,5,6,3,0,0,6,3,0.5000
4,44.0000,19,32,199.5145,-74.4851,0.0806,36,0.9000,0.0000,4,5,1,0,0,5,1,0.8000
4,44.0000,19,33,573.4850,-86.8138,0.7228,10,0.2500,1.0000,8,8,6,0,0,8,6,0.2500
4,44.0000,19,35,1057.1928,-89.1208,-0.1519,6,0.1500,1.0000,6,2,2,0,0,2,2,0.0000
4,44.0000,19,36,922.9218,-87.3876,-0.1618,9,0.2250,1.0000,4,8,8,0,0,8,8,0.0000
4,44.0000,19,38,841.8687,-88.0057,1.5013,4,0.1000,1.0000,4,2,2,0,0,2,2,0.0000
4,44.0000,19,39,379.2192,-82.2719,0.3082,13,0.3250,1.0000,8,7,5,0,0,7,5,0.2857
4,44.0000,19,40,929.4807,-87.8327,0.0988,8,0.2000,1.0000,8,2,2,0,0,2,2,0.0000
4,44.0000,19,43,518.8887,-84.0845,-0.0600,18,0.4500,0.8571,7,8,8,0,0,8,8,0.0000
4,44.0000,19,44,751.4252,-87.7931,2.8954,3,0.0750,1.0000,8,8,8,0,0,8,8,0.0000
4,44.0000,19,45,698.0397,-86.9829,0.9333,10,0.2500,1.0000,6,6,6,0,0,6,6,0.0000
4,44.0000,19,47,564.8285,-84.6987,0.2095,13,0.3250,0.8000,5,8,7,0,0,8,7,0.1250
4,44.0000,20,0,1037.4748,-88.0823,1.6026,3,0.0750,1.0000,2,2,2,0,0,2,2,0.0000
4,44.0000,20,1,866.1400,-87.5035,0.0618,7,0.1750,1.0000,2,8,8,0,0,8,8,0.0000
4,44.0000,20,2,344.9444,-82.5660,0.8544,16,0.4000,0.7143,7,7,5,0,0,7,5,0.2857
4,44.0000,20,4,569.7776,-84.3592,1.8296,8,0.2000,0.8333,6,8,6,0,0,8,6,0.2500
4,44.0000,20,5,754.9684,-88.1989,-0.1391,6,0.1500,1.0000,8,6,6,0,0,6,6,0.0000
4,44.0000,20,8,485.5872,-84.8037,1.4753,14,0.3500,1.0000,8,8,7,0,0,8,7,0.1250
4,44.0000,20,9,461.3615,-84.4450,1.0241,11,0.2750,1.0000,8,7,6,0,0,7,6,0.1429
4,44.0000,20,10,804.3662,-88.4537,0.6177,3,0.0750,0.8000,5,8,7,0,0,8,7,0.1250
4,44.0000,20,11,881.3559,-87.3820,0.3487,5,0.1250,1.0000,6,6,6,0,0,6,6,0.0000
4,44.0000,20,12,726.6316,-86.7450,0.1013,7,0.1750,1.0000,8,8,8,0,0,8,8,0.0000
4,44.0000,20,13,867.2416,-87.1003,0.0670,7,0.1750,0.8571,7,8,8,0,0,8,8,0.0000
4,44.0000,20,16,380.7242,-83.6479,1.1916,11,0.2750,1.0000,8,7,4,0,0,7,4,0.4286
4,44.0000,20,17,786.2221,-88.2417,-0.3209,8,0.2000,1.0000,6,8,8,0,0,8,8,0.0000
4,44.0000,20,18,675.6659,-86.8510,0.0635,9,0.2250,0.8750,8,7,6,0,0,7,6,0.1429
4,44.0000,20,19,652.2395,-87.0173,0.6638,7,0.1750,0.8571,7,7,6,0,0,7,6,0.1429
4,44.0000,20,21,658.1027,-85.8065,0.3159,18,0.4500,0.7143,7,6,4,0,0,6,4,0.3333
4,44.0000,20,22,849.6296,-86.7309,1.5932,6,0.1500,1.0000,8,6,6,0,0,6,6,0.0000
4,44.0000,20,25,494.1467,-84.5991,0.8773,14,0.3500,1.0000,8,8,7,0,0,8,7,0.1250
4,44.0000,20,26,449.9021,-81.3513,0.5381,14,0.3500,0.8571,7,5,2,0,0,5,2,0.6000
4,44.0000,20,28,564.9669,-85.5589,1.1542,9,0.2250,0.8571,7,7,5,0,0,7,5,0.2857
4,44.0000,20,29,279.7638,-79.8671,0.8802,22,0.5500,0.5000,4,5,2,0,0,5,2,0.6000
4,44.0000,20,31,892.4421,-88.5127,0.4501,4,0.1000,1.0000,4,4,4,0,0,4,4,0.0000
4,44.0000,20,32,738.4161,-87.8831,0.7090,6,0.1500,1.0000,2,6,6,0,0,6,6,0.0000
4,44.0000,20,33,779.4025,-87.9771,-1.6946,6,0.1500,1.0000,6,8,8,0,0,8,8,0.0000
4,44.0000,20,36,1188.4984,-89.1254,-0.5047,3,0.0750,,0,4,4,0,0,4,4,0.0000
4,44.0000,20,38,699.4073,-86.6227,0.4673,12,0.3000,1.0000,8,8,8,0,0,8,8,0.0000
4,44.0000,20,39,281.5836,-80.9773,0.5564,20,0.5000,0.8411,151,4,0,122,76,126,76,0.3968
4,44.0000,20,43,987.7047,-89.3699,-0.1165,3,0.0750,1.0000,4,8,8,0,0,8,8,0.0000
4,44.0000,20,45,178.6841,-73.8641,-0.0701,34,0.8500,0.3333,6,6,2,0,0,6,2,0.6667
4,44.0000,20,47,153.7635,-74.0115,0.5352,35,0.8750,0.5000,6,6,2,0,0,6,2,0.6667
4,44.0000,21,1,481.6320,-84.1401,-0.3505,16,0.4000,1.0000,8,7,6,0,0,7,6,0.1429
4,44.0000,21,2,481.6137,-83.4249,-0.8372,8,0.2000,0.9000,10,8,8,0,0,8,8,0.0000
4,44.0000,21,5,287.0164,-80.0591,1.0982,31,0.7750,0.4000,5,5,2,0,0,5,2,0.6000
4,44.0000,21,8,300.8742,-79.0994,0.8231,21,0.5250,0.6667,6,7,5,0,0,7,5,0.2857
4,44.0000,21,12,584.1246,-85.4672,-0.9235,10,0.2500,0.6667,6,8,8,0,0,8,8,0.0000
4,44.0000,21,13,659.7407,-85.2594,-1.9376,8,0.2000,0.8750,8,8,8,0,0,8,8,0.0000
4,44.0000,21,16,672.9965,-84.1638,-0.3170,3,0.0750,0.8750,8,8,8,0,0,8,8,0.0000
4,44.0000,21,20,658.1027,-85.6892,0.6455,6,0.1500,0.8571,7,7,5,0,0,7,5,0.2857
4,44.0000,21,25,452.9629,-84.8397,-1.0867,9,0.2250,0.8571,7,7,6,0,0,7,6,0.1429
4,44.0000,21,26,781.0796,-87.4626,0.7242,3,0.0750,1.0000,8,8,8,0,0,8,8,0.0000
4,44.0000,21,27,829.4946,-87.6628,-0.5761,4,0.1000,1.0000,8,8,8,0,0,8,8,0.0000
4,44.0000,21,29,690.6117,-87.6290,-1.0394,5,0.1250,0.8750,8,8,8,0,0,8,8,0.0000
4,44.0000,21,32,864.8219,-88.0395,0.8213,4,0.1000,1.0000,6,6,6,0,0,6,6,0.0000
4,44.0000,21,34,452.2493,-82.5044,0.0934,19,0.4750,0.6250,8,7,5,0,0,7,5,0.2857
4,44.0000,21,35,910.7800,-88.1998,1.4014,5,0.1250,1.0000,6,2,2,0,0,2,2,0.0000
4,44.0000,21,36,864.2746,-86.5007,0.6402,4,0.1000,1.0000,8,6,6,0,0,6,6,0.0000
4,44.0000,21,39,731.3476,-87.4133,0.5778,4,0.1000,1.0000,8,8,8,0,0,8,8,0.0000
4,44.0000,21,40,692.5494,-86.1345,-0.3378,8,0.2000,0.8750,8,8,8,0,0,8,8,0.0000
4,44.0000,21,45,541.1036,-83.3611,0.1182,11,0.2750,1.0000,8,8,8,0,0,8,8,0.0000
4,44.0000,21,47,778.4236,-86.5598,-0.5284,5,0.1250,1.0000,8,8,8,0,0,8,8,0.0000
4,44.0000,22,0,764.6405,-86.1109,0.1732,4,0.0976,1.0000,8,8,8,0,0,8,8,0.0000
4,44.0000,22,3,689.1888,-86.5597,0.8023,7,0.1707,0.8750,8,8,8,0,0,8,8,0.0000
4,44.0000,22,4,301.2854,-76.2276,-1.0378,27,0.6585,0.6250,8,7,6,0,0,7,6,0.1429
4,44.0000,22,6,687.8068,-86.1074,0.3608,8,0.1951,1.0000,8,8,8,0,0,8,8,0.0000
4,44.0000,22,9,788.7815,-86.3262,0.0194,5,0.1220,1.0000,8,8,8,0,0,8,8,0.0000
4,44.0000,22,15,632.3923,-85.2074,-0.2232,12,0.2927,1.0000,6,6,4,0,0,6,4,0.3333
4,44.0000,22,18,645.8069,-85.7608,-1.0031,3,0.0732,1.0000,8,8,8,0,0,8,8,0.0000
4,44.0000,22,20,849.6296,-86.9795,0.0100,3,0.0732,1.0000,8,6,6,0,0,6,6,0.0000
4,44.0000,22,28,560.7249,-81.6096,-0.4949,5,0.1220,1.0000,8,8,8,0,0,8,8,0.0000
4,44.0000,22,33,640.6139,-84.8532,0.4174,3,0.0732,0.8571,7,8,8,0,0,8,8,0.0000
4,44.0000,22,37,709.5036,-86.7737,0.1943,3,0.0732,0.8571,7,7,6,0,0,7,6,0.1429
4,44.0000,22,38,309.4728,-79.5157,-0.7672,21,0.5122,0.4000,5,5,2,0,0,5,2,0.6000
4,44.0000,22,42,522.8759,-84.1508,0.0171,9,0.2195,0.8571,7,8,7,0,0,8,7,0.1250
4,44.0000,22,47,760.8690,-86.0128,-0.3969,3,0.0732,1.0000,8,8,8,0,0,8,8,0.0000
4,44.0000,23,0,312.5074,-77.8525,-0.6652,24,0.6000,0.6667,6,7,5,0,0,7,5,0.2857
4,44.0000,23,4,873.1783,-87.6257,0.0409,4,0.1000,0.8571,7,8,8,0,0,8,8,0.0000
4,44.0000,23,6,839.2142,-86.8089,-1.3182,6,0.1500,1.0000,8,8,8,0,0,8,8,0.0000
4,44.0000,23,7,545.2499,-84.5117,-0.4022,16,0.4000,0.8571,7,7,6,0,0,7,6,0.1429
4,44.0000,23,9,777.5020,-85.9475,-0.3754,5,0.1250,1.0000,10,8,8,0,0,8,8,0.0000
4,44.0000,23,10,849.7344,-87.5296,-1.1925,3,0.0750,1.0000,8,8,8,0,0,8,8,0.0000
4,44.0000,23,11,864.5667,-87.3785,-0.8044,5,0.1250,0.8571,7,8,8,0,0,8,8,0.0000
4,44.0000,23,14,615.2674,-85.7576,-0.8107,12,0.3000,0.8571,7,7,6,0,0,7,6,0.1429
4,44.0000,23,17,719.1869,-85.8766,-0.1394,7,0.1750,1.0000,8,8,8,0,0,8,8,0.0000
4,44.0000,23,18,675.8469,-83.7248,-1.2511,7,0.1750,0.8750,8,8,8,0,0,8,8,0.0000
4,44.0000,23,19,847.1970,-87.8331,-0.4515,4,0.1000,0.8750,8,8,8,0,0,8,8,0.0000
4,44.0000,23,22,940.4504,-88.5433,0.4838,4,0.1000,1.0000,4,2,2,0,0,2,2,0.0000
4,44.0000,23,24,519.1351,-84.1939,0.3945,13,0.3250,0.8571,7,7,6,0,0,7,6,0.1429
4,44.0000,23,26,968.2408,-88.7859,-0.2548,3,0.0750,1.0000,6,8,8,0,0,8,8,0.0000
4,44.0000,23,28,705.1468,-86.3309,0.9979,6,0.1500,0.8571,7,10,10,0,0,10,10,0.0000
4,44.0000,23,30,351.6731,-81.3999,0.9868,19,0.4750,0.5714,7,7,4,0,0,7,4,0.4286
4,44.0000,23,31,694.4662,-86.1671,0.9705,6,0.1500,1.0000,6,8,8,0,0,8,8,0.0000
4,44.0000,23,33,440.1557,-80.5608,-1.0759,13,0.3250,0.9161,143,8,8,144,142,152,150,0.0132
4,44.0000,23,37,696.2632,-85.5440,0.3827,13,0.3250,0.8750,8,8,5,0,0,8,5,0.3750
4,44.0000,23,38,816.8938,-86.3634,-1.4089,3,0.0750,1.0000,8,6,6,0,0,6,6,0.0000
4,44.0000,23,41,407.2664,-82.3527,0.8159,23,0.5750,0.8750,8,7,5,0,0,7,5,0.2857
4,44.0000,23,42,652.2134,-86.5167,-0.2888,11,0.2750,0.8750,8,8,8,0,0,8,8,0.0000
4,44.0000,23,43,379.5267,-80.8990,-0.0332,17,0.4250,0.7143,7,6,4,0,0,6,4,0.3333
4,44.0000,23,44,508.5389,-84.1177,-0.7491,11,0.2750,0.6667,6,8,8,0,0,8,8,0.0000
4,44.0000,23,46,685.8367,-85.7822,0.5852,13,0.3250,1.0000,8,7,6,0,0,7,6,0.1429
4,44.0000,24,0,490.9937,-84.4510,0.6248,9,0.2250,0.8571,7,8,8,0,0,8,8,0.0000
4,44.0000,24,3,758.2224,-86.9332,0.3471,9,0.2250,1.0000,8,8,8,0,0,8,8,0.0000
4,44.0000,24,6,630.9686,-85.1058,-1.0726,15,0.3750,1.0000,8,7,6,0,0,7,6,0.1429
4,44.0000,24,7,70.9643,-69.6175,1.8224,34,0.8500,0.2000,5,4,0,0,0,4,0,1.0000
4,44.0000,24,14,307.8460,-80.4483,-0.6013,23,0.5750,0.0000,4,5,1,0,0,5,1,0.8000
4,44.0000,24,15,874.6044,-87.0666,-1.2773,4,0.1000,1.0000,4,8,8,0,0,8,8,0.0000
4,44.0000,24,18,860.8892,-87.8363,-1.0017,4,0.1000,1.0000,8,8,8,0,0,8,8,0.0000
4,44.0000,24,23,519.1351,-85.4161,0.3601,7,0.1750,1.0000,8,8,5,0,0,8,5,0.3750
4,44.0000,24,30,350.3017,-80.8289,0.5743,17,0.4250,0.7143,7,6,4,0,0,6,4,0.3333
4,44.0000,24,37,492.7714,-82.9096,-0.6950,16,0.4000,0.8750,8,7,6,0,0,7,6,0.1429
4,44.0000,24,41,161.0766,-74.4020,0.2389,34,0.8500,0.0000,4,5,1,0,0,5,1,0.8000
4,44.0000,24,42,626.7844,-85.6916,0.0577,13,0.3250,0.8750,8,10,10,0,0,10,10,0.0000
4,44.0000,24,43,832.7682,-88.2850,0.0865,3,0.0750,1.0000,8,8,8,0,0,8,8,0.0000
4,44.0000,24,44,607.0313,-83.9354,-0.0584,8,0.2000,1.0000,8,8,8,0,0,8,8,0.0000
4,44.0000,24,46,205.7726,-73.4768,-1.1500,35,0.8750,0.0000,4,5,2,0,0,5,2,0.6000
4,44.0000,25,1,394.6413,-83.5726,0.7244,25,0.6250,0.3333,6,5,2,0,0,5,2,0.6000
4,44.0000,25,2,384.1284,-81.7519,0.2519,22,0.5500,0.5000,6,7,6,0,0,7,6,0.1429
4,44.0000,25,5,503.9107,-85.0451,-0.0871,22,0.5500,0.4000,5,5,1,0,0,5,1,0.8000
4,44.0000,25,8,324.4221,-79.5259,-0.3642,27,0.6750,0.8571,7,6,4,0,0,6,4,0.3333
4,44.0000,25,9,616.5942,-85.8536,-0.2436,12,0.3000,0.8750,8,10,9,0,0,10,9,0.1000
4,44.0000,25,10,642.4196,-85.3753,-0.3609,14,0.3500,1.0000,8,8,8,0,0,8,8,0.0000
4,44.0000,25,11,702.7450,-86.8918,0.0826,11,0.2750,0.9000,50,8,8,17,16,25,24,0.0400
4,44.0000,25,12,282.3593,-79.4958,0.7837,28,0.7000,0.6667,6,6,4,0,0,6,4,0.3333
4,44.0000,25,13,379.2011,-82.2644,-0.2071,29,0.7250,0.5000,6,6,4,0,0,6,4,0.3333
4,44.0000,25,16,304.3543,-77.3457,-0.8887,31,0.7750,0.8571,7,8,7,0,0,8,7,0.1250
4,44.0000,25,17,700.9000,-86.7736,-0.3632,9,0.2250,0.8750,8,7,6,0,0,7,6,0.1429
4,44.0000,25,18,913.6238,-89.2466,0.2382,3,0.0750,1.0000,4,8,8,0,0,8,8,0.0000
4,44.0000,25,19,545.1914,-84.6585,0.1051,14,0.3500,1.0000,8,8,8,0,0,8,8,0.0000
4,44.0000,25,20,494.1467,-83.3836,0.5820,17,0.4250,0.5000,6,6,4,0,0,6,4,0.3333
4,44.0000,25,21,452.9629,-83.1221,0.4549,23,0.5750,0.6667,6,7,5,0,0,7,5,0.2857
4,44.0000,25,26,406.3972,-79.3119,-1.4210,23,0.5750,0.7143,7,7,6,0,0,7,6,0.1429
4,44.0000,25,27,731.1344,-86.9590,0.3975,17,0.4250,0.8571,7,5,4,0,0,5,4,0.2000
4,44.0000,25,28,852.8625,-88.3024,0.2434,9,0.2250,1.0000,8,6,6,0,0,6,6,0.0000
4,44.0000,25,29,345.8929,-78.7308,-0.5962,33,0.8250,0.7143,7,7,5,0,0,7,5,0.2857
4,44.0000,25,31,786.6640,-87.2034,-2.1699,6,0.1500,1.0000,6,6,6,0,0,6,6,0.0000
4,44.0000,25,32,567.1033,-85.3142,0.6927,14,0.3500,1.0000,12,8,7,0,0,8,7,0.1250
4,44.0000,25,33,994.8853,-88.5380,-0.5719,5,0.1250,,0,4,4,0,0,4,4,0.0000
4,44.0000,25,34,688.3853,-86.7793,-0.6957,10,0.2500,0.8750,8,5,4,0,0,5,4,0.2000
4,44.0000,25,35,795.4564,-87.0478,0.7273,12,0.3000,0.8000,5,8,6,0,0,8,6,0.2500
4,44.0000,25,36,696.9692,-86.4096,-0.5548,20,0.5000,1.0000,8,8,8,0,0,8,8,0.0000
4,44.0000,25,39,449.5155,-83.0960,-0.2789,16,0.4000,0.8571,7,8,6,0,0,8,6,0.2500
4,44.0000,25,40,707.6489,-85.7666,0.1263,17,0.4250,0.8750,8,6,6,0,0,6,6,0.0000
4,44.0000,25,45,494.8386,-83.1730,0.4333,17,0.4250,0.8571,7,7,5,0,0,7,5,0.2857
4,44.0000,25,47,544.4850,-82.9021,-0.8947,17,0.4250,0.8750,8,8,8,0,0,8,8,0.0000
4,44.0000,26,0,825.3066,-88.4127,-0.1875,4,0.1000,1.0000,8,5,3,0,0,5,3,0.4000
4,44.0000,26,1,766.5326,-87.1090,0.8681,8,0.2000,0.7500,4,5,4,0,0,5,4,0.2000
4,44.0000,26,2,401.8710,-79.8340,-0.9429,18,0.4500,0.5000,6,6,4,0,0,6,4,0.3333
4,44.0000,26,4,719.4168,-87.1197,0.7975,5,0.1250,1.0000,4,8,8,0,0,8,8,0.0000
4,44.0000,26,8,520.6465,-81.9435,-0.6419,14,0.3500,1.0000,8,8,8,0,0,8,8,0.0000
4,44.0000,26,9,291.7445,-80.4981,0.0101,14,0.3500,0.5000,6,6,3,0,0,6,3,0.5000
4,44.0000,26,10,357.6851,-81.8460,0.8175,15,0.3750,0.6250,8,6,4,0,0,6,4,0.3333
4,44.0000,26,11,432.4341,-82.5875,0.5293,15,0.3750,0.7500,8,6,4,0,0,6,4,0.3333
4,44.0000,26,12,470.5541,-83.8623,0.2402,17,0.4250,0.5000,6,7,5,0,0,7,5,0.2857
4,44.0000,26,13,634.6510,-84.4316,-0.0735,10,0.2500,1.0000,8,8,7,0,0,8,7,0.1250
4,44.0000,26,16,115.3144,-69.0413,0.4054,34,0.8500,0.0000,4,4,0,0,0,4,0,1.0000
4,44.0000,26,17,416.6331,-82.2940,1.4340,11,0.2750,0.6667,6,8,6,0,0,8,6,0.2500
4,44.0000,26,18,527.9728,-85.5382,1.6623,7,0.1750,1.0000,8,6,4,0,0,6,4,0.3333
4,44.0000,26,19,214.2223,-78.6371,1.6118,27,0.6750,0.4000,5,6,2,0,0,6,2,0.6667
4,44.0000,26,20,449.9021,-82.6971,0.7837,16,0.4000,0.8571,7,7,6,0,0,7,6,0.1429
4,44.0000,26,21,781.0796,-85.7153,-0.9873,13,0.3250,1.0000,8,2,2,0,0,2,2,0.0000
4,44.0000,26,25,406.3972,-80.0432,-0.8877,22,0.5500,0.7500,8,7,6,0,0,7,6,0.1429
4,44.0000,26,27,896.3495,-87.0905,-1.0739,4,0.1000,0.7500,4,2,2,0,0,2,2,0.0000
4,44.0000,26,28,490.0579,-82.8132,1.5869,9,0.2250,0.8571,7,7,5,0,0,7,5,0.2857
4,44.0000,26,29,308.1101,-78.3921,-0.1602,26,0.6500,0.8750,8,4,2,0,0,4,2,0.5000
4,44.0000,26,31,473.2293,-83.8923,0.6051,8,0.2000,0.8571,7,7,6,0,0,7,6,0.1429
4,44.0000,26,32,350.3672,-81.6782,2.1985,14,0.3500,0.6667,6,5,1,0,0,5,1,0.8000
4,44.0000,26,33,612.1747,-85.4818,0.6445,6,0.1500,0.8000,5,6,6,0,0,6,6,0.0000
4,44.0000,26,36,939.5661,-87.2240,0.8991,3,0.0750,,0,4,4,0,0,4,4,0.0000
4,44.0000,26,38,765.1049,-86.2723,1.1222,5,0.1250,1.0000,4,8,8,0,0,8,8,0.0000
4,44.0000,26,39,200.9881,-75.1256,0.1265,27,0.6750,0.2000,5,6,4,0,0,6,4,0.3333
4,44.0000,26,40,948.0378,-88.6867,-0.1161,3,0.0750,1.0000,8,4,4,0,0,4,4,0.0000
4,44.0000,26,43,674.1599,-86.4119,0.2682,7,0.1750,0.8750,8,8,8,0,0,8,8,0.0000
4,44.0000,26,44,777.1251,-88.5272,0.7600,3,0.0750,1.0000,8,8,7,0,0,8,7,0.1250
4,44.0000,26,45,517.0278,-82.0869,-0.2096,16,0.4000,0.5714,7,5,5,0,0,5,5,0.0000
4,44.0000,26,47,373.3537,-81.4084,-1.0331,18,0.4500,0.5714,7,6,4,0,0,6,4,0.3333
4,44.0000,27,1,561.3539,-84.0630,1.0363,15,0.3750,1.0000,8,7,6,0,0,7,6,0.1429
4,44.0000,27,2,886.0217,-87.1698,-0.7334,6,0.1500,1.0000,8,8,8,0,0,8,8,0.0000
4,44.0000,27,5,931.8882,-88.0188,-0.3512,5,0.1250,1.0000,8,6,6,0,0,6,6,0.0000
4,44.0000,27,8,760.0975,-86.6166,-0.7911,8,0.2000,1.0000,8,7,6,0,0,7,6,0.1429
4,44.0000,27,10,808.5976,-86.8712,-0.8243,6,0.1500,1.0000,8,8,8,0,0,8,8,0.0000
4,44.0000,27,11,821.5005,-87.4894,-1.4884,4,0.1000,1.0000,8,6,6,0,0,6,6,0.0000
4,44.0000,27,12,471.3947,-81.5132,-0.3670,17,0.4250,0.8571,7,7,6,0,0,7,6,0.1429
4,44.0000,27,13,476.0129,-83.3925,0.4448,14,0.3500,1.0000,8,7,5,0,0,7,5,0.2857
4,44.0000,27,16,868.1697,-88.0661,0.2971,4,0.1000,0.8333,6,8,8,0,0,8,8,0.0000
4,44.0000,27,17,824.8694,-88.3293,-0.8304,3,0.0750,1.0000,8,8,8,0,0,8,8,0.0000
4,44.0000,27,19,835.3586,-86.9269,0.6603,5,0.1250,1.0000,8,8,8,0,0,8,8,0.0000
4,44.0000,27,21,829.4946,-87.5012,-0.5852,7,0.1750,1.0000,8,8,8,0,0,8,8,0.0000
4,44.0000,27,25,731.1344,-86.9858,-0.1605,6,0.1500,1.0000,8,8,8,0,0,8,8,0.0000
4,44.0000,27,29,1038.2863,-87.1191,-0.8923,4,0.1000,1.0000,8,8,8,0,0,8,8,0.0000
4,44.0000,27,31,885.6174,-87.9611,-3.2902,3,0.0750,1.0000,6,6,6,0,0,6,6,0.0000
4,44.0000,27,32,694.6927,-85.4649,-0.5844,5,0.1250,0.8571,7,7,7,0,0,7,7,0.0000
4,44.0000,27,34,965.6953,-87.4303,0.2167,3,0.0750,1.0000,6,6,6,0,0,6,6,0.0000
4,44.0000,27,35,444.9115,-82.8201,-0.2814,24,0.6000,0.5000,6,5,1,0,0,5,1,0.8000
4,44.0000,27,36,374.2877,-82.3680,0.3367,29,0.7250,0.2500,4,7,5,0,0,7,5,0.2857
4,44.0000,27,40,212.3351,-76.6729,0.0588,34,0.8500,0.0000,4,4,0,0,0,4,0,1.0000
4,44.0000,27,43,1140.9262,-87.0203,-0.9176,3,0.0750,1.0000,8,4,4,0,0,4,4,0.0000
4,44.0000,28,0,483.6660,-84.7095,0.0788,14,0.3500,1.0000,8,7,6,0,0,7,6,0.1429
4,44.0000,28,2,667.1226,-86.2161,-0.8730,10,0.2500,0.8571,7,7,6,0,0,7,6,0.1429
4,44.0000,28,4,335.2532,-79.4824,0.1898,28,0.7000,0.2000,5,6,4,0,0,6,4,0.3333
4,44.0000,28,6,792.2404,-86.8154,-0.4342,12,0.3000,0.8571,7,2,2,0,0,2,2,0.0000
4,44.0000,28,7,950.0598,-87.4575,0.0747,8,0.2000,,0,4,4,0,0,4,4,0.0000
4,44.0000,28,8,863.0564,-87.5640,0.3373,3,0.0750,1.0000,8,2,2,0,0,2,2,0.0000
4,44.0000,28,9,327.4376,-80.7156,-0.0912,15,0.3750,1.0000,8,6,4,0,0,6,4,0.3333
4,44.0000,28,10,658.7992,-87.2948,0.3555,9,0.2250,1.0000,8,8,7,0,0,8,7,0.1250
4,44.0000,28,11,717.7416,-86.5905,-0.3970,8,0.2000,1.0000,6,8,8,0,0,8,8,0.0000
4,44.0000,28,14,807.3550,-87.6104,-0.6247,10,0.2500,1.0000,8,7,6,0,0,7,6,0.1429
4,44.0000,28,15,913.3336,-87.5348,-0.4448,8,0.2000,1.0000,6,6,6,0,0,6,6,0.0000
4,44.0000,28,16,557.2609,-86.9088,0.2078,7,0.1750,0.7143,7,8,7,0,0,8,7,0.1250
4,44.0000,28,17,615.6315,-85.7406,-0.9601,8,0.2000,0.6667,6,8,8,0,0,8,8,0.0000
4,44.0000,28,18,158.9720,-74.3126,0.8455,36,0.9000,0.0000,4,4,0,0,0,4,0,1.0000
4,44.0000,28,19,545.5109,-85.2430,0.7371,8,0.2000,1.0000,8,6,4,0,0,6,4,0.3333
4,44.0000,28,20,564.9669,-85.3925,0.1106,12,0.3000,0.8750,8,9,7,0,0,9,7,0.2222
4,44.0000,28,22,560.7249,-82.8654,-0.6961,18,0.4500,0.6667,6,4,3,0,0,4,3,0.2500
4,44.0000,28,23,705.1468,-86.0808,-0.5628,11,0.2750,0.8571,7,10,10,0,0,10,10,0.0000
4,44.0000,28,24,957.7007,-88.2821,-0.3702,4,0.1000,,0,8,8,0,0,8,8,0.0000
4,44.0000,28,25,852.8625,-88.0403,0.6006,4,0.1000,1.0000,8,8,7,0,0,8,7,0.1250
4,44.0000,28,26,490.0579,-84.6254,0.6096,13,0.3250,1.0000,8,7,6,0,0,7,6,0.1429
4,44.0000,28,29,604.3405,-85.9741,0.0235,10,0.2500,0.7500,8,8,8,0,0,8,8,0.0000
4,44.0000,28,30,630.0256,-86.1745,0.8328,12,0.3000,1.0000,8,8,8,0,0,8,8,0.0000
4,44.0000,28,31,652.8840,-85.8415,-0.1569,9,0.2250,1.0000,2,7,6,0,0,7,6,0.1429
4,44.0000,28,32,679.2049,-85.7998,0.0261,5,0.1250,1.0000,8,8,8,0,0,8,8,0.0000
4,44.0000,28,33,273.2413,-79.1951,0.7241,25,0.6250,0.5714,7,4,0,0,0,4,0,1.0000
4,44.0000,28,37,751.0650,-86.6196,-0.6916,12,0.3000,1.0000,8,7,6,0,0,7,6,0.1429
4,44.0000,28,38,297.3443,-77.5742,-0.5674,32,0.8000,0.5000,6,7,4,0,0,7,4,0.4286
4,44.0000,28,39,413.9736,-81.9341,0.0588,15,0.3750,0.8571,7,6,4,0,0,6,4,0.3333
4,44.0000,28,41,850.5764,-88.6714,-0.2788,9,0.2250,1.0000,8,8,8,0,0,8,8,0.0000
4,44.0000,28,42,685.4625,-86.8502,-0.2160,9,0.2250,0.6667,6,6,6,0,0,6,6,0.0000
4,44.0000,28,43,609.0624,-86.5563,0.7866,12,0.3000,1.0000,8,7,6,0,0,7,6,0.1429
4,44.0000,28,44,363.8307,-81.1798,1.2848,21,0.5250,0.5714,7,8,5,15,8,23,13,0.4348
4,44.0000,28,45,659.0312,-85.3632,0.6004,11,0.2750,1.0000,6,7,6,0,0,7,6,0.1429
4,44.0000,28,47,417.7562,-83.1110,1.1915,15,0.3750,1.0000,8,5,2,0,0,5,2,0.6000
4,44.0000,29,1,724.9236,-86.0330,0.0472,9,0.2250,1.0000,8,8,8,0,0,8,8,0.0000
4,44.0000,29,2,427.5357,-81.7513,-0.1320,22,0.5500,0.5000,4,8,7,0,0,8,7,0.1250
4,44.0000,29,4,741.7086,-86.6950,-1.6004,5,0.1250,1.0000,6,6,6,0,0,6,6,0.0000
4,44.0000,29,5,727.7990,-87.0781,0.2515,12,0.3000,1.0000,8,2,2,0,0,2,2,0.0000
4,44.0000,29,8,517.8657,-84.4219,0.2814,15,0.3750,0.8333,6,8,6,0,0,8,6,0.2500
4,44.0000,29,9,491.6618,-84.4932,0.9653,12,0.3000,0.8571,7,8,7,58,51,66,58,0.1212
4,44.0000,29,10,646.8183,-84.8255,-0.5535,7,0.1750,1.0000,8,8,8,0,0,8,8,0.0000
4,44.0000,29,11,711.4323,-86.1426,-0.1791,12,0.3000,1.0000,8,8,7,0,0,8,7,0.1250
4,44.0000,29,12,568.6312,-85.1041,0.4092,12,0.3000,0.8571,7,7,6,0,0,7,6,0.1429
4,44.0000,29,13,672.2130,-84.7435,-0.0349,10,0.2500,0.8571,7,8,8,0,0,8,8,0.0000
4,44.0000,29,16,237.2526,-78.1485,0.7279,23,0.5750,0.3333,6,7,4,0,0,7,4,0.4286
4,44.0000,29,17,719.1222,-86.6142,-0.3610,6,0.1500,1.0000,8,10,10,0,0,10,10,0.0000
4,44.0000,29,18,658.3414,-87.0732,-0.6219,6,0.1500,1.0000,8,8,8,0,0,8,8,0.0000
4,44.0000,29,19,518.2598,-84.5303,0.0904,12,0.3000,0.8571,7,8,7,0,0,8,7,0.1250
4,44.0000,29,20,279.7638,-79.9466,0.6684,28,0.7000,0.7059,17,6,2,0,0,6,2,0.6667
4,44.0000,29,21,690.6117,-86.3472,-0.4137,9,0.2250,0.8571,7,8,8,0,0,8,8,0.0000
4,44.0000,29,25,345.8929,-78.3100,-1.0854,28,0.7000,0.6618,68,7,4,19,12,26,16,0.3846
4,44.0000,29,26,308.1101,-78.2527,-0.2065,23,0.5750,0.8750,8,6,4,0,0,6,4,0.3333
4,44.0000,29,27,1038.2863,-88.9220,0.1852,5,0.1250,1.0000,8,4,4,0,0,4,4,0.0000
4,44.0000,29,28,604.3405,-85.9689,0.6493,7,0.1750,1.0000,8,8,8,0,0,8,8,0.0000
4,44.0000,29,31,778.5698,-87.1662,-1.8335,4,0.1000,1.0000,6,4,4,0,0,4,4,0.0000
4,44.0000,29,32,639.2470,-85.8616,0.5544,8,0.2000,1.0000,8,7,6,6,6,13,12,0.0769
4,44.0000,29,33,814.5737,-87.7049,-0.2470,6,0.1500,1.0000,2,7,6,0,0,7,6,0.1429
4,44.0000,29,36,1001.3204,-89.2657,-0.1312,6,0.1500,1.0000,6,4,4,0,0,4,4,0.0000
4,44.0000,29,38,800.4675,-87.1731,0.5409,6,0.1500,1.0000,6,6,6,0,0,6,6,0.0000
4,44.0000,29,39,279.7651,-79.5092,1.4460,19,0.4750,0.5000,6,7,3,48,31,55,34,0.3818
4,44.0000,29,40,1041.1564,-87.6037,0.0327,6,0.1500,1.0000,8,2,2,0,0,2,2,0.0000
4,44.0000,29,44,932.7251,-87.6940,0.2684,5,0.1250,,0,6,6,0,0,6,6,0.0000
4,44.0000,29,45,404.5252,-81.9026,-0.0386,16,0.4000,1.0000,8,8,7,0,0,8,7,0.1250
4,44.0000,29,47,273.7405,-78.5879,-0.3820,23,0.5750,0.5517,58,5,2,0,0,5,2,0.6000
4,44.0000,30,0,194.4228,-77.5333,1.8546,23,0.5750,0.4000,5,5,1,0,0,5,1,0.8000
4,44.0000,30,3,637.4457,-84.8965,-0.4299,13,0.3250,1.0000,8,8,6,0,0,8,6,0.2500
4,44.0000,30,4,783.3771,-86.6145,-1.5435,5,0.1250,1.0000,8,7,6,0,0,7,6,0.1429
4,44.0000,30,6,495.0995,-81.6709,-0.5450,21,0.5250,0.6667,6,6,3,0,0,6,3,0.5000
4,44.0000,30,7,366.7696,-79.6223,-1.0813,32,0.8000,0.2000,5,8,8,0,0,8,8,0.0000
4,44.0000,30,14,282.0877,-78.4967,0.0297,32,0.8000,0.3333,6,6,4,0,0,6,4,0.3333
4,44.0000,30,15,719.9948,-87.0579,-0.2752,11,0.2750,0.8571,7,7,5,0,0,7,5,0.2857
4,44.0000,30,18,560.1020,-82.9613,0.8420,8,0.2000,1.0000,8,7,6,0,0,7,6,0.1429
4,44.0000,30,22,778.2093,-87.0400,-2.7824,3,0.0750,1.0000,4,4,4,0,0,4,4,0.0000
4,44.0000,30,23,351.6731,-82.1620,-0.2573,16,0.4000,0.5714,7,5,1,0,0,5,1,0.8000
4,44.0000,30,24,350.3017,-80.1755,-0.1110,34,0.8500,0.5714,7,6,2,0,0,6,2,0.6667
4,44.0000,30,28,630.0256,-86.2935,-1.9502,4,0.1000,0.7500,8,7,6,0,0,7,6,0.1429
4,44.0000,30,33,453.8854,-83.3317,-1.3911,6,0.1500,0.8571,7,7,6,0,0,7,6,0.1429
4,44.0000,30,37,351.5939,-78.1498,-1.1520,30,0.7500,0.0000,4,6,4,0,0,6,4,0.3333
4,44.0000,30,38,639.1069,-86.4397,-2.2988,4,0.1000,1.0000,8,8,7,0,0,8,7,0.1250
4,44.0000,30,41,222.6404,-76.8201,0.1915,36,0.9000,0.2000,5,5,2,0,0,5,2,0.6000
4,44.0000,30,42,383.7910,-81.2471,-0.8093,24,0.6000,0.5000,6,6,3,0,0,6,3,0.5000
4,44.0000,30,43,624.8065,-86.3547,-0.9666,4,0.1000,1.0000,8,8,8,0,0,8,8,0.0000
4,44.0000,30,44,295.2531,-78.1145,0.1898,21,0.5250,0.5714,7,6,2,0,0,6,2,0.6667
4,44.0000,30,46,455.6478,-81.2880,-1.3471,20,0.5000,0.5000,6,6,3,0,0,6,3,0.5000
4,44.0000,31,0,668.9085,-85.3898,0.0400,3,0.0750,1.0000,8,8,5,0,0,8,5,0.3750
4,44.0000,31,8,843.1865,-86.9899,-0.0072,4,0.1000,1.0000,8,6,6,0,0,6,6,0.0000
4,44.0000,31,9,496.8497,-82.7583,-1.3364,6,0.1500,1.0000,8,8,8,0,0,8,8,0.0000
4,44.0000,31,10,182.1217,-76.0426,0.2544,30,0.7500,0.4000,5,5,1,0,0,5,1,0.8000
4,44.0000,31,11,194.8122,-75.3435,0.3115,34,0.8500,0.0000,4,6,2,0,0,6,2,0.6667
4,44.0000,31,12,668.0484,-87.7535,-0.5025,4,0.1000,1.0000,72,8,8,144,143,152,151,0.0066
4,44.0000,31,13,829.2955,-87.3918,-1.0515,4,0.1000,1.0000,8,6,6,0,0,6,6,0.0000
4,44.0000,31,16,569.9524,-85.1000,-0.0434,5,0.1250,0.9231,13,8,7,0,0,8,7,0.1250
4,44.0000,31,17,194.9825,-76.0114,0.6437,25,0.6250,0.5000,6,5,1,0,0,5,1,0.8000
4,44.0000,31,18,629.1170,-85.8970,0.2703,3,0.0750,1.0000,8,8,8,0,0,8,8,0.0000
4,44.0000,31,19,262.7977,-77.2357,-0.0622,20,0.5000,0.7143,7,4,0,0,0,4,0,1.0000
4,44.0000,31,23,694.4662,-85.8659,-0.0908,3,0.0750,1.0000,8,8,8,0,0,8,8,0.0000
4,44.0000,31,26,473.2293,-82.5304,0.3846,5,0.1250,1.0000,82,6,4,0,0,6,4,0.3333
4,44.0000,31,27,885.6174,-86.7037,-0.3245,4,0.1000,1.0000,6,2,2,0,0,2,2,0.0000
4,44.0000,31,32,266.9491,-76.1323,-1.2810,25,0.6250,0.5714,7,5,2,0,0,5,2,0.6000
4,44.0000,31,33,567.7758,-83.7483,0.0998,3,0.0750,1.0000,8,6,4,0,0,6,4,0.3333
4,44.0000,31,43,348.2236,-79.3818,-0.0635,21,0.5250,1.0000,8,8,8,0,0,8,8,0.0000
4,44.0000,31,44,741.8088,-86.2261,-0.7999,3,0.0750,1.0000,8,8,8,0,0,8,8,0.0000
4,44.0000,32,1,804.5906,-87.3255,-2.8419,4,0.1000,1.0000,2,8,8,0,0,8,8,0.0000
4,44.0000,32,2,525.2946,-82.9298,1.5929,9,0.2250,0.8571,7,8,8,0,0,8,8,0.0000
4,44.0000,32,8,589.6886,-85.0841,-0.5884,7,0.1750,1.0000,8,7,6,0,0,7,6,0.1429
4,44.0000,32,9,411.1644,-82.0859,-0.1770,10,0.2500,0.8750,8,9,7,0,0,9,7,0.2222
4,44.0000,32,10,230.8623,-76.2704,-0.1806,32,0.8000,0.2000,5,5,1,0,0,5,1,0.8000
4,44.0000,32,11,297.8740,-78.2124,-0.0718,29,0.7250,0.6667,6,7,6,0,0,7,6,0.1429
4,44.0000,32,12,440.9115,-82.6282,1.9640,11,0.2750,1.0000,8,8,8,0,0,8,8,0.0000
4,44.0000,32,13,635.0612,-85.8770,-1.6066,7,0.1750,1.0000,4,10,10,0,0,10,10,0.0000
4,44.0000,32,16,404.1691,-82.5747,-0.1426,11,0.2750,0.6667,6,6,4,0,0,6,4,0.3333
4,44.0000,32,17,158.0408,-72.5780,0.2687,30,0.7500,0.2000,5,4,0,0,0,4,0,1.0000
4,44.0000,32,18,708.3111,-87.9716,-0.7585,4,0.1000,0.7500,8,8,8,0,0,8,8,0.0000
4,44.0000,32,19,199.5145,-74.5568,0.1116,35,0.8750,0.2000,5,5,2,0,0,5,2,0.6000
4,44.0000,32,21,864.8219,-88.2003,-3.7526,4,0.1000,1.0000,8,6,6,0,0,6,6,0.0000
4,44.0000,32,23,873.9186,-86.2436,-1.3746,5,0.1250,1.0000,6,4,4,0,0,4,4,0.0000
4,44.0000,32,25,567.1033,-85.2729,0.1826,7,0.1750,1.0000,8,8,6,0,0,8,6,0.2500
4,44.0000,32,26,350.3672,-83.4148,-0.3438,9,0.2250,0.4000,5,6,4,0,0,6,4,0.3333
4,44.0000,32,27,694.6927,-85.5123,-0.5581,12,0.3000,1.0000,8,8,8,0,0,8,8,0.0000
4,44.0000,32,28,679.2049,-86.7460,-0.8339,5,0.1250,0.5000,6,8,8,0,0,8,8,0.0000
4,44.0000,32,29,639.2470,-86.6655,-1.4637,5,0.1250,1.0000,8,7,6,0,0,7,6,0.1429
4,44.0000,32,31,266.9491,-76.9789,-0.7741,33,0.8250,0.4000,5,6,4,0,0,6,4,0.3333
4,44.0000,32,33,655.8361,-86.7450,0.1873,4,0.1000,1.0000,4,8,8,0,0,8,8,0.0000
4,44.0000,32,35,985.2653,-88.4987,-0.1673,4,0.1000,,0,4,4,0,0,4,4,0.0000
4,44.0000,32,36,854.4986,-87.7862,0.9649,6,0.1500,1.0000,6,6,6,0,0,6,6,0.0000
4,44.0000,32,39,476.7396,-83.1061,-1.3324,8,0.2000,1.0000,8,7,6,0,0,7,6,0.1429
4,44.0000,32,40,793.3095,-85.1716,0.9234,3,0.0750,1.0000,8,6,5,0,0,6,5,0.1667
4,44.0000,32,43,505.0976,-82.2790,-0.0230,18,0.4500,0.8571,7,6,4,0,0,6,4,0.3333
4,44.0000,32,45,736.8215,-86.2688,0.8234,3,0.0750,1.0000,8,4,4,0,0,4,4,0.0000
4,44.0000,33,0,293.7785,-78.3386,-0.0202,26,0.6500,0.2000,5,8,4,0,0,8,4,0.5000
4,44.0000,33,3,912.3754,-86.4474,-0.6738,5,0.1250,1.0000,4,6,6,0,0,6,6,0.0000
4,44.0000,33,4,478.1386,-83.0261,-0.1577,13,0.3250,0.7500,8,7,6,0,0,7,6,0.1429
4,44.0000,33,6,773.3332,-85.9714,-0.2790,12,0.3000,1.0000,8,4,3,0,0,4,3,0.2500
4,44.0000,33,7,783.4767,-86.6142,-0.3729,9,0.2250,1.0000,8,6,6,0,0,6,6,0.0000
4,44.0000,33,9,394.1346,-81.2407,-0.7654,12,0.3000,0.6667,6,6,3,0,0,6,3,0.5000
4,44.0000,33,11,697.3735,-87.0015,-1.9302,3,0.0750,1.0000,6,6,6,0,0,6,6,0.0000
4,44.0000,33,14,698.2746,-86.0495,-0.1193,10,0.2500,0.8750,8,8,8,0,0,8,8,0.0000
4,44.0000,33,15,930.7942,-88.3505,-0.2508,4,0.1000,0.8000,5,4,4,0,0,4,4,0.0000
4,44.0000,33,16,697.7828,-87.4555,0.2796,3,0.0750,1.0000,8,8,8,0,0,8,8,0.0000
4,44.0000,33,17,537.0681,-82.9221,-0.7679,7,0.1750,1.0000,8,8,8,0,0,8,8,0.0000
4,44.0000,33,18,300.0555,-79.0476,-0.0751,22,0.5500,0.8750,8,7,5,0,0,7,5,0.2857
4,44.0000,33,19,573.4850,-84.5111,0.6414,6,0.1500,1.0000,8,8,8,0,0,8,8,0.0000
4,44.0000,33,20,779.4025,-86.9166,0.3749,4,0.1000,1.0000,8,8,8,0,0,8,8,0.0000
4,44.0000,33,22,640.6139,-84.7485,-0.2419,10,0.2500,1.0000,8,6,6,0,0,6,6,0.0000
4,44.0000,33,23,440.1557,-80.1739,-0.6882,22,0.5500,0.7143,7,6,4,0,0,6,4,0.3333
4,44.0000,33,24,779.5464,-87.0432,0.3734,3,0.0750,0.8750,8,4,4,0,0,4,4,0.0000
4,44.0000,33,26,612.1747,-84.3026,1.9647,3,0.0750,0.7143,7,7,6,0,0,7,6,0.1429
4,44.0000,33,28,273.2413,-78.8691,0.6289,23,0.5750,0.5000,6,6,2,0,0,6,2,0.6667
4,44.0000,33,30,453.8854,-81.6243,-0.1388,16,0.4000,0.5000,6,8,7,0,0,8,7,0.1250
4,44.0000,33,31,567.7758,-84.0841,0.0457,6,0.1500,0.8571,7,6,5,0,0,6,5,0.1667
4,44.0000,33,37,684.2931,-85.2080,0.0578,15,0.3750,1.0000,8,8,8,0,0,8,8,0.0000
4,44.0000,33,38,450.1935,-83.1285,0.4675,16,0.4000,0.6667,6,7,5,0,0,7,5,0.2857
4,44.0000,33,39,576.7969,-82.8169,-0.0133,5,0.1250,1.0000,8,7,5,0,0,7,5,0.2857
4,44.0000,33,41,658.7337,-85.5419,-0.7171,11,0.2750,0.8571,7,10,10,0,0,10,10,0.0000
4,44.0000,33,42,601.9309,-85.6563,0.0796,14,0.3500,0.8571,7,6,5,0,0,6,5,0.1667
4,44.0000,33,43,391.5710,-81.9109,0.3075,14,0.3500,0.8750,8,7,6,0,0,7,6,0.1429
4,44.0000,33,44,300.5971,-79.4610,0.3205,27,0.6750,0.4000,5,6,2,0,0,6,2,0.6667
4,44.0000,33,46,908.6841,-87.9267,0.2269,5,0.1250,1.0000,4,2,2,0,0,2,2,0.0000
4,44.0000,34,1,480.3326,-82.3445,-0.7496,18,0.4500,0.5000,6,6,3,0,0,6,3,0.5000
4,44.0000,34,5,228.4730,-74.2140,-2.0964,39,0.9750,0.0000,4,6,2,0,0,6,2,0.6667
4,44.0000,34,8,717.9027,-84.8422,0.4465,6,0.1500,1.0000,8,8,8,0,0,8,8,0.0000
4,44.0000,34,12,799.5959,-87.5895,0.9159,4,0.1000,1.0000,8,8,8,0,0,8,8,0.0000
4,44.0000,34,21,452.2493,-82.4388,0.0044,16,0.4000,0.7143,7,7,5,0,0,7,5,0.2857
4,44.0000,34,25,688.3853,-86.0987,-1.2634,5,0.1250,1.0000,8,8,8,0,0,8,8,0.0000
4,44.0000,34,36,844.2609,-88.3945,0.6172,5,0.1250,1.0000,8,8,8,0,0,8,8,0.0000
4,44.0000,34,40,805.2051,-86.8699,-0.2900,9,0.2250,1.0000,8,8,8,0,0,8,8,0.0000
4,44.0000,35,1,468.3124,-83.7557,-0.0719,20,0.4878,0.7143,7,8,7,0,0,8,7,0.1250
4,44.0000,35,2,1092.0985,-89.2058,0.5875,3,0.0732,1.0000,4,6,6,0,0,6,6,0.0000
4,44.0000,35,5,870.6167,-87.4784,-0.3438,3,0.0732,1.0000,8,8,8,0,0,8,8,0.0000
4,44.0000,35,10,1032.5911,-87.9980,-0.4098,3,0.0732,1.0000,6,4,4,0,0,4,4,0.0000
4,44.0000,35,12,613.2391,-85.6722,0.0366,11,0.2683,1.0000,8,8,8,0,0,8,8,0.0000
4,44.0000,35,13,441.9676,-83.5528,0.9536,15,0.3659,0.7143,7,6,4,0,0,6,4,0.3333
4,44.0000,35,16,1018.1830,-87.0067,0.7172,3,0.0732,1.0000,8,6,6,0,0,6,6,0.0000
4,44.0000,35,19,1057.1928,-88.6610,-0.7593,4,0.0976,1.0000,8,6,6,0,0,6,6,0.0000
4,44.0000,35,25,795.4564,-86.9119,0.3848,4,0.0976,1.0000,8,8,8,0,0,8,8,0.0000
4,44.0000,35,27,444.9115,-83.1354,0.2127,15,0.3659,0.8571,7,8,6,0,0,8,6,0.2500
4,44.0000,35,34,831.5236,-86.6003,1.2478,4,0.0976,1.0000,6,7,6,0,0,7,6,0.1429
4,44.0000,35,36,137.4640,-73.6723,1.1687,36,0.8780,0.5000,6,4,0,0,0,4,0,1.0000
4,44.0000,35,40,451.1116,-83.1237,0.4280,21,0.5122,0.8571,7,8,8,0,0,8,8,0.0000
4,44.0000,36,1,420.3316,-80.6786,-0.5139,23,0.5897,0.6667,6,8,7,0,0,8,7,0.1250
4,44.0000,36,5,846.5206,-87.3468,-0.4053,7,0.1795,1.0000,8,2,2,0,0,2,2,0.0000
4,44.0000,36,8,857.4497,-86.7860,-1.2286,3,0.0769,1.0000,8,8,8,0,0,8,8,0.0000
4,44.0000,36,10,895.4872,-87.1368,-0.7717,3,0.0769,1.0000,8,8,8,0,0,8,8,0.0000
4,44.0000,36,11,898.6777,-88.2797,-0.2942,4,0.1026,1.0000,8,8,8,0,0,8,8,0.0000
4,44.0000,36,12,494.4394,-83.2278,0.1702,14,0.3590,1.0000,8,7,6,0,0,7,6,0.1429
4,44.0000,36,13,329.1125,-81.2343,-0.3226,23,0.5897,0.7143,7,7,6,0,0,7,6,0.1429
4,44.0000,36,16,898.4937,-88.6981,-0.1379,3,0.0769,1.0000,8,8,8,0,0,8,8,0.0000
4,44.0000,36,21,864.2746,-88.3655,-1.0344,5,0.1282,1.0000,8,8,8,0,0,8,8,0.0000
4,44.0000,36,25,696.9692,-86.3722,-1.2455,6,0.1538,1.0000,8,8,8,0,0,8,8,0.0000
4,44.0000,36,27,374.2877,-81.4372,0.2975,21,0.5385,0.8571,7,6,2,0,0,6,2,0.6667
4,44.0000,36,34,844.2609,-86.0101,-0.5145,13,0.3333,1.0000,8,8,8,0,0,8,8,0.0000
4,44.0000,36,35,137.4640,-73.8567,1.1718,38,0.9744,0.0000,4,4,0,0,0,4,0,1.0000
4,44.0000,36,40,420.6993,-81.8502,0.6346,24,0.6154,0.0000,4,6,4,0,0,6,4,0.3333
4,44.0000,37,0,492.2858,-84.0396,0.2442,18,0.4500,0.8750,8,8,8,0,0,8,8,0.0000
4,44.0000,37,3,328.8403,-81.3503,0.5917,30,0.7500,0.2000,5,5,2,0,0,5,2,0.6000
4,44.0000,37,4,822.2546,-87.4634,-0.0079,9,0.2250,1.0000,8,8,8,0,0,8,8,0.0000
4,44.0000,37,6,152.3981,-72.9077,-0.4888,36,0.9000,0.0000,4,4,0,0,0,4,0,1.0000
4,44.0000,37,7,502.2770,-82.5024,-0.8297,26,0.6500,0.2000,5,6,4,0,0,6,4,0.3333
4,44.0000,37,9,1040.8395,-88.0357,0.6144,3,0.0750,1.0000,2,4,4,0,0,4,4,0.0000
4,44.0000,37,14,195.4489,-71.1627,-1.7681,34,0.8500,0.0000,4,4,0,0,0,4,0,1.0000
4,44.0000,37,15,395.6632,-83.1753,0.7355,26,0.6500,0.8571,7,5,1,0,0,5,1,0.8000
4,44.0000,37,18,678.5642,-85.9428,-0.4650,14,0.3500,1.0000,8,8,8,0,0,8,8,0.0000
4,44.0000,37,20,1289.1159,-89.5466,-0.7747,3,0.0750,,0,6,6,0,0,6,6,0.0000
4,44.0000,37,22,709.5036,-85.7237,-0.6138,14,0.3500,1.0000,8,8,7,0,0,8,7,0.1250
4,44.0000,37,23,696.2632,-86.2200,-0.7222,11,0.2750,1.0000,8,8,8,0,0,8,8,0.0000
4,44.0000,37,24,492.7714,-82.7286,-1.3581,29,0.7250,0.5000,6,7,5,0,0,7,5,0.2857
4,44.0000,37,28,751.0650,-86.4924,-0.8145,9,0.2250,0.8571,7,8,8,0,0,8,8,0.0000
4,44.0000,37,30,351.5939,-77.9194,-1.5983,29,0.7250,0.5000,6,8,7,0,0,8,7,0.1250
4,44.0000,37,33,684.2931,-86.2064,-0.1688,13,0.3250,0.8750,8,8,8,0,0,8,8,0.0000
4,44.0000,37,38,620.8988,-85.8241,0.7035,12,0.3000,1.0000,6,8,8,0,0,8,8,0.0000
4,44.0000,37,41,422.1297,-81.0758,-0.4870,25,0.6250,0.4000,5,8,7,0,0,8,7,0.1250
4,44.0000,37,42,256.4851,-78.9164,0.1724,29,0.7250,0.4000,5,5,1,0,0,5,1,0.8000
4,44.0000,37,43,952.8496,-88.1100,0.2185,4,0.1000,1.0000,2,8,8,0,0,8,8,0.0000
4,44.0000,37,44,428.8408,-79.8326,-0.3318,18,0.4500,0.7500,8,8,7,0,0,8,7,0.1250
4,44.0000,37,46,444.1260,-80.6254,-1.2407,32,0.8000,0.5714,7,7,6,0,0,7,6,0.1429
4,44.0000,38,0,574.1839,-85.9173,1.1359,8,0.2000,0.8750,8,8,7,0,0,8,7,0.1250
4,44.0000,38,2,878.2363,-87.5411,0.2905,6,0.1500,1.0000,8,8,8,0,0,8,8,0.0000
4,44.0000,38,3,732.9463,-86.1544,-0.0333,11,0.2750,1.0000,8,2,2,0,0,2,2,0.0000
4,44.0000,38,4,244.0440,-75.4625,-0.9768,33,0.8250,0.3333,6,6,3,0,0,6,3,0.5000
4,44.0000,38,6,616.3422,-85.0071,-0.6076,12,0.3000,1.0000,6,8,7,0,0,8,7,0.1250
4,44.0000,38,7,970.0061,-87.6776,0.3829,7,0.1750,1.0000,8,4,4,0,0,4,4,0.0000
4,44.0000,38,9,594.4459,-83.7151,-1.8599,8,0.2000,0.8571,7,8,8,0,0,8,8,0.0000
4,44.0000,38,11,1008.6396,-88.2881,-0.0027,3,0.0750,1.0000,4,4,4,0,0,4,4,0.0000
4,44.0000,38,14,743.8018,-87.3878,-1.4147,8,0.2000,1.0000,8,7,6,0,0,7,6,0.1429
4,44.0000,38,15,666.8613,-86.9714,0.4510,8,0.2000,1.0000,8,8,8,0,0,8,8,0.0000
4,44.0000,38,16,814.0365,-88.0719,0.3075,4,0.1000,1.0000,8,8,8,0,0,8,8,0.0000
4,44.0000,38,17,903.0575,-86.8776,-1.2234,6,0.1500,1.0000,4,8,8,0,0,8,8,0.0000
4,44.0000,38,18,351.5208,-79.1617,0.3262,19,0.4750,0.4286,7,8,8,0,0,8,8,0.0000
4,44.0000,38,20,699.4073,-84.7024,-0.5391,6,0.1500,1.0000,8,7,6,0,0,7,6,0.1429
4,44.0000,38,22,309.4728,-78.2733,-0.4789,33,0.8250,0.3333,6,5,2,0,0,5,2,0.6000
4,44.0000,38,24,969.4077,-88.6629,0.7593,3,0.0750,1.0000,2,4,4,0,0,4,4,0.0000
4,44.0000,38,26,765.1049,-88.0999,2.3449,3,0.0750,1.0000,8,8,8,0,0,8,8,0.0000
4,44.0000,38,28,297.3443,-76.7370,-0.6783,27,0.6750,0.2000,5,6,3,0,0,6,3,0.5000
4,44.0000,38,29,800.4675,-86.4064,-0.1748,6,0.1500,1.0000,8,8,8,0,0,8,8,0.0000
4,44.0000,38,30,639.1069,-85.0047,0.3493,8,0.2000,1.0000,8,7,6,0,0,7,6,0.1429
4,44.0000,38,31,939.8974,-87.5012,1.0631,4,0.1000,1.0000,6,2,2,0,0,2,2,0.0000
4,44.0000,38,33,450.1935,-83.6822,0.0887,10,0.2500,0.8571,7,8,8,0,0,8,8,0.0000
4,44.0000,38,37,620.8988,-84.9080,-0.3560,11,0.2750,1.0000,8,8,8,0,0,8,8,0.0000
4,44.0000,38,39,652.4506,-84.5083,-1.0388,6,0.1500,0.8571,7,8,8,0,0,8,8,0.0000
4,44.0000,38,41,853.4438,-87.8589,0.3460,6,0.1500,,0,4,4,0,0,4,4,0.0000
4,44.0000,38,42,523.7333,-84.3378,0.5627,14,0.3500,0.8750,8,7,6,0,0,7,6,0.1429
4,44.0000,38,43,839.5347,-87.4865,0.2828,4,0.1000,1.0000,8,8,8,0,0,8,8,0.0000
4,44.0000,38,44,399.4223,-82.2786,0.3763,17,0.4250,0.8750,8,7,5,0,0,7,5,0.2857
4,44.0000,38,45,798.5411,-87.5314,-2.1576,3,0.0750,0.8750,8,4,4,0,0,4,4,0.0000
4,44.0000,38,47,572.8541,-85.2025,-0.5253,9,0.2250,0.7500,8,7,5,0,0,7,5,0.2857
4,44.0000,39,0,830.6726,-86.9545,-0.9957,8,0.2000,1.0000,8,8,8,0,0,8,8,0.0000
4,44.0000,39,2,295.9616,-79.3773,0.1054,28,0.7000,0.4444,9,6,2,0,0,6,2,0.6667
4,44.0000,39,4,560.7294,-84.1780,-0.3883,13,0.3250,1.0000,8,8,8,0,0,8,8,0.0000
4,44.0000,39,8,469.5548,-82.9653,0.7628,16,0.4000,0.6667,6,6,3,0,0,6,3,0.5000
4,44.0000,39,9,217.5423,-76.4305,0.6932,30,0.7500,0.0000,3,5,1,0,0,5,1,0.8000
4,44.0000,39,10,534.5254,-83.5210,-0.2240,6,0.1500,0.7143,7,7,6,0,0,7,6,0.1429
4,44.0000,39,11,613.9185,-84.3837,0.0240,12,0.3000,1.0000,8,7,6,42,41,49,47,0.0408
4,44.0000,39,12,586.5828,-84.9551,-0.0854,5,0.1250,1.0000,8,7,6,0,0,7,6,0.1429
4,44.0000,39,13,761.2591,-87.3981,-0.1174,6,0.1500,0.8750,8,7,6,0,0,7,6,0.1429
4,44.0000,39,16,185.3150,-77.7140,0.8125,28,0.7000,0.5714,7,4,0,0,0,4,0,1.0000
4,44.0000,39,17,512.5464,-83.8033,-0.3769,14,0.3500,0.6667,6,8,6,0,0,8,6,0.2500
4,44.0000,39,18,506.2733,-83.8065,0.3092,11,0.2750,0.8571,7,7,6,0,0,7,6,0.1429
4,44.0000,39,19,379.2192,-80.8584,0.5274,14,0.3500,0.6667,6,6,4,0,0,6,4,0.3333
4,44.0000,39,20,281.5836,-79.9739,0.0955,26,0.6500,0.5000,6,5,2,0,0,5,2,0.6000
4,44.0000,39,21,731.3476,-86.6792,-0.8385,7,0.1750,1.0000,6,8,8,0,0,8,8,0.0000
4,44.0000,39,22,858.4431,-87.7159,-0.0905,6,0.1500,1.0000,6,4,4,0,0,4,4,0.0000
4,44.0000,39,23,980.4198,-86.7339,2.3403,3,0.0750,1.0000,6,4,4,0,0,4,4,0.0000
4,44.0000,39,25,449.5155,-83.5748,0.3371,15,0.3750,0.8571,7,7,4,0,0,7,4,0.4286
4,44.0000,39,26,200.9881,-75.7068,0.2871,36,0.9000,0.4000,5,7,3,0,0,7,3,0.5714
4,44.0000,39,27,1012.9984,-88.2489,-0.7548,5,0.1250,1.0000,4,2,2,0,0,2,2,0.0000
4,44.0000,39,28,413.9736,-81.7694,0.4059,17,0.4250,0.5000,6,7,5,0,0,7,5,0.2857
4,44.0000,39,29,279.7651,-79.0811,0.6361,29,0.7250,0.4000,5,6,2,0,0,6,2,0.6667
4,44.0000,39,30,1005.8646,-87.7641,-0.7647,3,0.0750,1.0000,2,2,2,0,0,2,2,0.0000
4,44.0000,39,31,611.3500,-85.0901,-0.1696,9,0.2250,1.0000,8,8,8,0,0,8,8,0.0000
4,44.0000,39,32,476.7396,-83.1220,-0.3281,12,0.3000,1.0000,10,6,6,0,0,6,6,0.0000
4,44.0000,39,33,576.7969,-83.4956,0.0213,11,0.2750,0.8750,8,7,6,0,0,7,6,0.1429
4,44.0000,39,38,652.4506,-85.6547,0.0515,10,0.2500,0.8571,7,8,8,0,0,8,8,0.0000
4,44.0000,39,40,1031.3417,-87.8756,-0.9643,5,0.1250,1.0000,4,4,4,0,0,4,4,0.0000
4,44.0000,39,43,724.7978,-85.3684,0.9212,7,0.1750,0.8750,8,8,8,0,0,8,8,0.0000
4,44.0000,39,44,757.5384,-86.9922,-0.8601,4,0.1000,1.0000,6,8,8,0,0,8,8,0.0000
4,44.0000,39,45,346.4003,-79.7462,-0.9950,28,0.7000,0.5714,7,5,1,0,0,5,1,0.8000
4,44.0000,39,47,201.9686,-75.5762,0.5702,36,0.9000,0.5000,6,5,2,0,0,5,2,0.6000
4,44.0000,40,1,479.4657,-83.7267,0.1877,18,0.4500,1.0000,8,8,8,0,0,8,8,0.0000
4,44.0000,40,2,853.1867,-85.2318,1.0287,6,0.1500,1.0000,8,6,6,0,0,6,6,0.0000
4,44.0000,40,5,794.9051,-86.5998,0.2484,9,0.2250,1.0000,9,7,6,0,0,7,6,0.1429
4,44.0000,40,8,691.0747,-84.4525,0.0888,10,0.2500,1.0000,8,8,8,0,0,8,8,0.0000
4,44.0000,40,10,934.8884,-86.7906,-1.6656,3,0.0750,1.0000,8,4,4,0,0,4,4,0.0000
4,44.0000,40,12,503.6084,-82.2608,-0.0839,16,0.4000,0.8571,7,8,7,0,0,8,7,0.1250
4,44.0000,40,13,502.7810,-83.8618,-0.3776,15,0.3750,0.7143,7,8,8,0,0,8,8,0.0000
4,44.0000,40,16,895.9556,-86.2240,-1.3509,7,0.1750,1.0000,8,10,10,0,0,10,10,0.0000
4,44.0000,40,19,929.4807,-87.1050,-1.0416,4,0.1000,1.0000,8,8,8,0,0,8,8,0.0000
4,44.0000,40,21,692.5494,-86.4830,1.6334,5,0.1250,1.0000,8,8,8,0,0,8,8,0.0000
4,44.0000,40,25,707.6489,-85.4792,-1.7206,7,0.1750,1.0000,8,8,8,0,0,8,8,0.0000
4,44.0000,40,26,948.0378,-86.9082,-0.7202,4,0.1000,1.0000,8,8,8,0,0,8,8,0.0000
4,44.0000,40,27,212.3351,-76.4910,0.0807,33,0.8250,0.1494,87,7,2,81,10,88,12,0.8636
4,44.0000,40,29,1041.1564,-88.3570,0.8998,4,0.1000,1.0000,8,6,6,0,0,6,6,0.0000
4,44.0000,40,31,1019.1716,-89.1340,-0.2491,3,0.0750,1.0000,4,4,4,0,0,4,4,0.0000
4,44.0000,40,32,793.3095,-87.6608,1.5977,3,0.0750,1.0000,8,8,8,0,0,8,8,0.0000
4,44.0000,40,34,805.2051,-86.7424,-0.2272,8,0.2000,1.0000,8,8,8,0,0,8,8,0.0000
4,44.0000,40,35,451.1116,-83.0151,0.5826,23,0.5750,0.8571,7,4,0,0,0,4,0,1.0000
4,44.0000,40,36,420.6993,-82.6002,0.6440,27,0.6750,0.8571,7,5,1,0,0,5,1,0.8000
4,44.0000,41,0,386.8470,-81.7609,-0.3647,18,0.4500,0.6667,6,5,4,0,0,5,4,0.2000
4,44.0000,41,3,681.4822,-86.7055,-0.4157,10,0.2500,1.0000,8,8,8,0,0,8,8,0.0000
4,44.0000,41,6,572.6326,-83.9109,-0.2160,20,0.5000,0.8571,7,8,8,0,0,8,8,0.0000
4,44.0000,41,7,210.9862,-75.1918,-0.4332,37,0.9250,0.0000,4,4,0,0,0,4,0,1.0000
4,44.0000,41,9,1045.1196,-87.9136,1.0764,3,0.0750,1.0000,6,4,4,0,0,4,4,0.0000
4,44.0000,41,14,276.6382,-79.8560,0.5922,29,0.7250,0.2000,5,5,1,0,0,5,1,0.8000
4,44.0000,41,15,801.8914,-86.2343,2.0581,5,0.1250,1.0000,6,6,6,0,0,6,6,0.0000
4,44.0000,41,18,773.4444,-87.3669,0.9895,5,0.1250,1.0000,8,8,8,0,0,8,8,0.0000
4,44.0000,41,22,966.2383,-87.5545,-4.4016,3,0.0750,1.0000,2,4,4,0,0,4,4,0.0000
4,44.0000,41,23,407.2664,-81.4859,0.1450,18,0.4500,0.5000,6,7,5,0,0,7,5,0.2857
4,44.0000,41,24,161.0766,-75.1317,0.5738,38,0.9500,0.2000,5,4,0,0,0,4,0,1.0000
4,44.0000,41,28,850.5764,-89.1390,-0.4532,3,0.0750,1.0000,8,8,8,0,0,8,8,0.0000
4,44.0000,41,30,222.6404,-76.2249,0.0450,30,0.7500,0.3333,6,6,3,0,0,6,3,0.5000
4,44.0000,41,33,658.7337,-85.2912,0.2187,6,0.1500,1.0000,8,8,8,0,0,8,8,0.0000
4,44.0000,41,37,422.1297,-82.8911,0.5929,19,0.4750,0.7143,7,6,3,0,0,6,3,0.5000
4,44.0000,41,42,499.5938,-82.6733,0.4042,18,0.4500,0.5000,6,8,8,0,0,8,8,0.0000
4,44.0000,41,43,744.6851,-87.4550,-0.3029,6,0.1500,1.0000,8,8,8,0,0,8,8,0.0000
4,44.0000,41,44,510.3104,-83.1920,1.0084,13,0.3250,0.0000,3,7,6,0,0,7,6,0.1429
4,44.0000,41,46,280.9053,-78.8342,-0.5220,36,0.9000,0.0000,4,5,2,0,0,5,2,0.6000
4,44.0000,42,0,498.9940,-84.7623,1.2379,12,0.3000,0.8750,8,7,5,0,0,7,5,0.2857
4,44.0000,42,3,327.0480,-79.8493,-0.5066,34,0.8500,0.2000,5,6,2,0,0,6,2,0.6667
4,44.0000,42,4,670.7866,-85.0256,0.5877,7,0.1750,1.0000,8,8,8,0,0,8,8,0.0000
4,44.0000,42,6,315.5153,-79.9446,0.1812,29,0.7250,0.5000,6,6,3,0,0,6,3,0.5000
4,44.0000,42,7,656.1159,-84.3762,-0.2475,16,0.4000,1.0000,6,8,8,0,0,8,8,0.0000
4,44.0000,42,14,399.1087,-81.1107,0.0670,28,0.7000,0.8571,7,7,6,0,0,7,6,0.1429
4,44.0000,42,15,408.6827,-82.5077,-0.1130,30,0.7500,0.4286,7,6,6,0,0,6,6,0.0000
4,44.0000,42,18,667.8605,-85.4179,0.0208,9,0.2250,1.0000,8,8,8,0,0,8,8,0.0000
4,44.0000,42,22,522.8759,-83.3362,0.7072,11,0.2750,0.8571,7,7,3,0,0,7,3,0.5714
4,44.0000,42,23,652.2134,-85.9674,0.3849,8,0.2000,0.8750,8,8,8,0,0,8,8,0.0000
4,44.0000,42,24,626.7844,-85.1830,-0.6120,12,0.3000,0.8571,7,8,8,0,0,8,8,0.0000
4,44.0000,42,28,685.4625,-85.9226,0.2392,6,0.1500,1.0000,8,8,8,0,0,8,8,0.0000
4,44.0000,42,30,383.7910,-81.1635,0.0122,20,0.5000,0.5714,7,8,8,0,0,8,8,0.0000
4,44.0000,42,33,601.9309,-84.9174,0.1573,8,0.2000,1.0000,8,8,8,0,0,8,8,0.0000
4,44.0000,42,37,256.4851,-78.0161,0.4718,29,0.7250,0.5714,7,4,0,0,0,4,0,1.0000
4,44.0000,42,38,523.7333,-86.3530,0.1784,9,0.2250,1.0000,8,8,8,0,0,8,8,0.0000
4,44.0000,42,41,499.5938,-83.9293,-0.0230,19,0.4750,1.0000,8,7,6,0,0,7,6,0.1429
4,44.0000,42,44,441.2674,-82.3064,-0.4806,16,0.4000,0.5000,6,6,4,0,0,6,4,0.3333
4,44.0000,42,46,605.8503,-83.7137,-0.8295,22,0.5500,0.8750,8,8,7,0,0,8,7,0.1250
4,44.0000,43,0,465.6154,-82.7566,0.4032,12,0.2927,0.7500,8,8,6,0,0,8,6,0.2500
4,44.0000,43,2,853.5943,-86.6423,-0.1540,5,0.1220,1.0000,6,8,8,0,0,8,8,0.0000
4,44.0000,43,7,834.9061,-87.6133,-0.2155,6,0.1463,1.0000,6,8,8,0,0,8,8,0.0000
4,44.0000,43,8,990.7387,-88.0221,0.8288,3,0.0732,1.0000,4,4,4,0,0,4,4,0.0000
4,44.0000,43,9,527.2851,-83.1713,-0.4942,13,0.3171,1.0000,8,8,8,0,0,8,8,0.0000
4,44.0000,43,10,514.2920,-83.8819,0.6620,14,0.3415,0.7143,7,7,6,0,0,7,6,0.1429
4,44.0000,43,11,538.3786,-84.0502,-0.4638,14,0.3415,0.9000,10,8,8,0,0,8,8,0.0000
4,44.0000,43,12,944.8711,-88.4701,-0.1819,4,0.0976,1.0000,4,8,8,0,0,8,8,0.0000
4,44.0000,43,16,768.2105,-86.0766,0.3746,4,0.0976,1.0000,8,8,8,0,0,8,8,0.0000
4,44.0000,43,17,348.3023,-80.0024,0.7857,22,0.5366,0.8571,7,7,5,0,0,7,5,0.2857
4,44.0000,43,18,605.2034,-84.9993,-0.6606,7,0.1707,1.0000,8,8,8,0,0,8,8,0.0000
4,44.0000,43,19,518.8887,-84.3359,0.1482,14,0.3415,1.0000,8,7,6,0,0,7,6,0.1429
4,44.0000,43,20,987.7047,-88.5473,-0.3908,3,0.0732,1.0000,8,8,8,0,0,8,8,0.0000
4,44.0000,43,23,379.5267,-80.2603,0.1169,22,0.5366,0.7143,7,7,6,0,0,7,6,0.1429
4,44.0000,43,24,832.7682,-87.7911,0.2753,5,0.1220,1.0000,6,7,6,0,0,7,6,0.1429
4,44.0000,43,25,1023.3155,-89.1091,-0.2172,3,0.0732,1.0000,6,4,4,0,0,4,4,0.0000
4,44.0000,43,26,674.1599,-86.1615,0.6661,8,0.1951,1.0000,6,8,8,0,0,8,8,0.0000
4,44.0000,43,28,609.0624,-86.3069,-0.7953,5,0.1220,1.0000,8,7,6,0,0,7,6,0.1429
4,44.0000,43,30,624.8065,-85.3539,1.5426,8,0.1951,1.0000,8,8,7,0,0,8,7,0.1250
4,44.0000,43,31,348.2236,-79.7575,-0.4746,23,0.5610,0.3333,6,5,2,0,0,5,2,0.6000
4,44.0000,43,32,505.0976,-82.6691,-1.3466,15,0.3659,0.6667,6,7,6,0,0,7,6,0.1429
4,44.0000,43,33,391.5710,-82.3882,-0.0709,15,0.3659,1.0000,8,7,6,0,0,7,6,0.1429
4,44.0000,43,38,839.5347,-88.0253,0.4658,5,0.1220,1.0000,8,8,8,0,0,8,8,0.0000
4,44.0000,43,39,724.7978,-86.1843,-0.2435,7,0.1707,1.0000,8,8,7,0,0,8,7,0.1250
4,44.0000,43,41,744.6851,-87.2241,0.5014,8,0.1951,1.0000,8,7,6,0,0,7,6,0.1429
4,44.0000,43,42,903.4910,-87.5367,2.4544,3,0.0732,,0,4,4,0,0,4,4,0.0000
4,44.0000,43,44,602.4206,-85.6819,0.3845,7,0.1707,1.0000,4,6,4,0,0,6,4,0.3333
4,44.0000,43,47,875.3746,-86.9947,1.0929,4,0.0976,1.0000,6,8,8,0,0,8,8,0.0000
4,44.0000,44,0,205.6747,-77.6649,1.3446,28,0.7000,0.5714,7,4,0,0,0,4,0,1.0000
4,44.0000,44,3,699.2652,-85.9144,-0.3391,17,0.4250,0.8750,8,4,4,0,0,4,4,0.0000
4,44.0000,44,4,567.2675,-84.2278,-0.5367,10,0.2500,0.7143,7,7,4,0,0,7,4,0.4286
4,44.0000,44,6,509.1941,-82.3030,-1.5631,25,0.6250,0.6667,6,8,8,0,0,8,8,0.0000
4,44.0000,44,7,598.6887,-83.9533,-1.1969,20,0.5000,0.7143,7,4,4,0,0,4,4,0.0000
4,44.0000,44,9,630.1222,-85.2332,-0.1081,3,0.0750,0.8571,7,8,8,0,0,8,8,0.0000
4,44.0000,44,10,804.0625,-87.0533,1.1413,4,0.1000,0.8333,6,8,8,0,0,8,8,0.0000
4,44.0000,44,14,447.7642,-82.5107,-0.4765,22,0.5500,0.5000,6,6,4,0,0,6,4,0.3333
4,44.0000,44,15,706.3596,-85.2278,-0.9361,12,0.3000,0.8571,7,6,6,0,0,6,6,0.0000
4,44.0000,44,17,773.6749,-87.7112,1.2926,4,0.1000,1.0000,4,8,8,0,0,8,8,0.0000
4,44.0000,44,18,275.7014,-77.5704,-0.4705,29,0.7250,0.5000,6,5,2,0,0,5,2,0.6000
4,44.0000,44,22,628.5904,-84.9357,0.3509,9,0.2250,0.8889,9,3,1,0,0,3,1,0.6667
4,44.0000,44,23,508.5389,-83.7914,-0.5639,16,0.4000,0.8571,7,7,5,0,0,7,5,0.2857
4,44.0000,44,24,607.0313,-85.2057,0.0726,17,0.4250,0.8571,7,8,6,0,0,8,6,0.2500
4,44.0000,44,26,777.1251,-87.3255,0.9823,6,0.1500,1.0000,8,8,8,0,0,8,8,0.0000
4,44.0000,44,28,363.8307,-80.2642,-0.3085,17,0.4250,0.8571,7,6,3,0,0,6,3,0.5000
4,44.0000,44,30,295.2531,-78.9149,0.4712,28,0.7000,0.8571,7,7,5,0,0,7,5,0.2857
4,44.0000,44,31,741.8088,-86.1203,-0.0518,5,0.1250,1.0000,8,8,7,0,0,8,7,0.1250
4,44.0000,44,33,300.5971,-80.5632,0.9749,21,0.5250,0.7143,7,6,4,0,0,6,4,0.3333
4,44.0000,44,37,428.8408,-80.7082,-1.5004,27,0.6750,0.5000,6,8,8,0,0,8,8,0.0000
4,44.0000,44,38,399.4223,-82.3897,-0.4006,12,0.3000,0.8571,7,7,4,0,0,7,4,0.4286
4,44.0000,44,39,757.5384,-87.0909,3.3477,3,0.0750,1.0000,8,8,8,0,0,8,8,0.0000
4,44.0000,44,41,510.3104,-83.5022,0.0157,15,0.3750,0.8571,7,8,8,0,0,8,8,0.0000
4,44.0000,44,42,441.2674,-82.5231,-0.6389,21,0.5250,0.8571,7,8,8,0,0,8,8,0.0000
4,44.0000,44,43,602.4206,-85.7751,0.8580,4,0.1000,1.0000,8,8,7,0,0,8,7,0.1250
4,44.0000,44,46,700.3483,-85.3997,-0.9668,16,0.4000,1.0000,8,6,6,0,0,6,6,0.0000
4,44.0000,44,47,776.6169,-89.0052,-0.0845,3,0.0750,1.0000,2,8,8,0,0,8,8,0.0000
4,44.0000,45,1,831.8997,-87.6598,-0.0175,5,0.1220,1.0000,6,8,8,0,0,8,8,0.0000
4,44.0000,45,2,246.4498,-79.2344,0.1912,25,0.6098,0.8750,8,5,1,0,0,5,1,0.8000
4,44.0000,45,4,625.3677,-84.5709,0.1031,10,0.2439,0.7143,7,8,8,0,0,8,8,0.0000
4,44.0000,45,5,691.1575,-86.3782,-0.9928,4,0.0976,1.0000,10,4,4,0,0,4,4,0.0000
4,44.0000,45,8,372.9515,-81.9410,1.1904,16,0.3902,1.0000,8,5,2,0,0,5,2,0.6000
4,44.0000,45,9,487.0833,-83.2793,0.8007,9,0.2195,0.8750,8,7,6,0,0,7,6,0.1429
4,44.0000,45,10,850.8425,-86.9021,0.5728,3,0.0732,1.0000,8,6,6,0,0,6,6,0.0000
4,44.0000,45,11,932.2716,-86.2846,0.4936,3,0.0732,1.0000,6,4,4,0,0,4,4,0.0000
4,44.0000,45,12,709.5276,-86.3834,-0.1964,6,0.1463,1.0000,8,6,6,0,0,6,6,0.0000
4,44.0000,45,13,865.6826,-87.9470,-0.5488,4,0.0976,0.8750,8,8,8,0,0,8,8,0.0000
4,44.0000,45,16,435.5628,-81.9815,0.3361,14,0.3415,0.5000,6,7,6,0,0,7,6,0.1429
4,44.0000,45,17,788.0918,-86.3462,5.1552,4,0.0976,0.8000,5,6,6,0,0,6,6,0.0000
4,44.0000,45,19,698.0397,-86.1659,0.5339,3,0.0732,1.0000,8,8,8,0,0,8,8,0.0000
4,44.0000,45,20,178.6841,-73.9186,0.2698,35,0.8537,0.2000,5,5,1,0,0,5,1,0.8000
4,44.0000,45,21,541.1036,-83.9643,0.0582,18,0.4390,1.0000,8,8,8,0,0,8,8,0.0000
4,44.0000,45,25,494.8386,-83.8467,1.0359,13,0.3171,0.6667,6,8,8,0,0,8,8,0.0000
4,44.0000,45,26,517.0278,-83.3059,-0.8845,9,0.2195,0.6667,6,7,6,0,0,7,6,0.1429
4,44.0000,45,28,659.0312,-86.1935,-0.7827,3,0.0732,1.0000,8,8,8,0,0,8,8,0.0000
4,44.0000,45,29,404.5252,-82.6044,0.2885,20,0.4878,0.5000,6,6,4,0,0,6,4,0.3333
4,44.0000,45,31,925.4503,-88.2416,-0.4789,3,0.0732,1.0000,2,2,2,0,0,2,2,0.0000
4,44.0000,45,32,736.8215,-87.2708,-0.0900,4,0.0976,1.0000,6,8,8,0,0,8,8,0.0000
4,44.0000,45,34,916.7505,-87.0713,-0.0521,8,0.1951,1.0000,6,4,4,0,0,4,4,0.0000
4,44.0000,45,38,798.5411,-86.0753,-0.3418,6,0.1463,1.0000,8,2,2,0,0,2,2,0.0000
4,44.0000,45,39,346.4003,-80.1784,-0.5902,16,0.3902,0.3333,6,6,4,0,0,6,4,0.3333
4,44.0000,45,47,297.5214,-77.9700,-0.1977,30,0.7317,0.3333,6,8,7,0,0,8,7,0.1250
4,44.0000,46,0,629.6304,-84.7333,-0.2716,10,0.2500,0.8750,8,8,8,0,0,8,8,0.0000
4,44.0000,46,3,646.9246,-84.8326,0.5564,16,0.4000,0.7500,8,6,4,0,0,6,4,0.3333
4,44.0000,46,6,557.7813,-83.1137,-0.4588,18,0.4500,0.8750,8,8,8,0,0,8,8,0.0000
4,44.0000,46,7,233.4062,-75.9817,-0.6170,33,0.8250,0.0000,4,4,0,0,0,4,0,1.0000
4,44.0000,46,14,284.8510,-76.5148,-0.3690,30,0.7500,0.3333,6,5,1,0,0,5,1,0.8000
4,44.0000,46,15,777.2278,-86.9746,0.8516,7,0.1750,1.0000,8,8,8,0,0,8,8,0.0000
4,44.0000,46,18,967.5390,-86.0412,-4.3887,3,0.0750,1.0000,8,4,4,0,0,4,4,0.0000
4,44.0000,46,23,685.8367,-85.5445,-1.3611,11,0.2750,0.7143,7,8,8,0,0,8,8,0.0000
4,44.0000,46,24,205.7726,-73.5787,-1.4260,37,0.9250,0.0000,4,5,2,0,0,5,2,0.6000
4,44.0000,46,30,455.6478,-81.0080,-1.1084,23,0.5750,0.6667,6,8,7,0,0,8,7,0.1250
4,44.0000,46,33,908.6841,-85.6852,1.4697,3,0.0750,1.0000,8,6,6,0,0,6,6,0.0000
4,44.0000,46,37,444.1260,-81.4852,-1.1256,22,0.5500,0.5000,6,7,6,0,0,7,6,0.1429
4,44.0000,46,41,280.9053,-78.3829,0.0617,34,0.8500,0.2000,5,7,5,0,0,7,5,0.2857
4,44.0000,46,42,605.8503,-84.1509,-0.6293,19,0.4750,0.7500,8,8,7,0,0,8,7,0.1250
4,44.0000,46,43,1015.5803,-86.5543,-1.8758,3,0.0750,1.0000,4,6,6,0,0,6,6,0.0000
4,44.0000,46,44,700.3483,-84.9483,0.5219,9,0.2250,0.8571,7,8,8,0,0,8,8,0.0000
4,44.0000,47,1,935.6485,-87.0998,-1.6564,8,0.2000,,0,6,6,0,0,6,6,0.0000
4,44.0000,47,2,394.4573,-81.4150,-0.6554,20,0.5000,0.8545,55,7,5,0,0,7,5,0.2857
4,44.0000,47,4,475.5089,-82.4151,-0.1075,13,0.3250,0.6667,6,7,6,0,0,7,6,0.1429
4,44.0000,47,8,565.3222,-84.1990,-0.7360,11,0.2750,0.8571,7,8,8,0,0,8,8,0.0000
4,44.0000,47,9,361.9737,-79.9735,1.1870,15,0.3750,0.7143,7,7,4,0,0,7,4,0.4286
4,44.0000,47,10,715.9030,-86.2687,-0.7835,8,0.2000,1.0000,8,8,8,0,0,8,8,0.0000
4,44.0000,47,11,790.7188,-85.7797,-0.8246,7,0.1750,1.0000,6,6,6,0,0,6,6,0.0000
4,44.0000,47,12,742.9758,-87.3880,-1.3761,6,0.1500,1.0000,8,8,7,0,0,8,7,0.1250
4,44.0000,47,13,893.7050,-86.4694,-1.5807,7,0.1750,0.8571,7,4,4,0,0,4,4,0.0000
4,44.0000,47,16,342.1279,-79.7453,0.2677,20,0.5000,0.7500,8,7,5,0,0,7,5,0.2857
4,44.0000,47,17,705.0875,-84.0209,-0.5538,7,0.1750,0.8750,8,7,6,0,0,7,6,0.1429
4,44.0000,47,18,522.3851,-84.3203,4.5167,5,0.1250,1.0000,8,9,6,0,0,9,6,0.3333
4,44.0000,47,19,564.8285,-85.3236,-2.7943,7,0.1750,0.8750,8,8,7,0,0,8,7,0.1250
4,44.0000,47,20,153.7635,-73.3427,0.5045,37,0.9250,0.0000,4,4,0,0,0,4,0,1.0000
4,44.0000,47,21,778.4236,-87.2715,-1.1460,9,0.2250,0.8750,8,6,5,0,0,6,5,0.1667
4,44.0000,47,22,760.8690,-87.6648,-0.6933,5,0.1250,1.0000,8,6,6,0,0,6,6,0.0000
4,44.0000,47,25,544.4850,-83.2637,-0.8109,17,0.4250,0.8750,8,8,7,0,0,8,7,0.1250
4,44.0000,47,26,373.3537,-78.8576,-0.9008,24,0.6000,0.7143,7,7,6,0,0,7,6,0.1429
4,44.0000,47,28,417.7562,-83.8614,0.0954,10,0.2500,0.8750,8,8,8,0,0,8,8,0.0000
4,44.0000,47,29,273.7405,-78.0911,0.0793,29,0.7250,0.2000,5,5,1,0,0,5,1,0.8000
4,44.0000,47,32,678.1183,-85.7124,-0.5708,8,0.2000,0.7500,4,7,6,0,0,7,6,0.1429
4,44.0000,47,33,645.1663,-85.3076,-0.4354,7,0.1750,1.0000,8,8,8,0,0,8,8,0.0000
4,44.0000,47,34,1107.0964,-89.2238,1.3176,3,0.0750,1.0000,4,4,4,0,0,4,4,0.0000
4,44.0000,47,38,572.8541,-85.0134,-0.9215,5,0.1250,1.0000,8,8,8,0,0,8,8,0.0000
4,44.0000,47,39,201.9686,-75.3783,0.2921,32,0.8000,0.2000,5,7,4,0,0,7,4,0.4286
4,44.0000,47,43,875.3746,-87.9506,6.3422,4,0.1000,1.0000,8,8,8,0,0,8,8,0.0000
4,44.0000,47,44,776.6169,-87.9058,7.4863,3,0.0750,1.0000,6,8,8,0,0,8,8,0.0000
4,44.0000,47,45,297.5214,-77.2595,-0.8735,35,0.8750,0.0000,4,7,4,0,0,7,4,0.4286
4,48.0000,0,3,742.2575,-86.0857,0.7732,11,0.2750,0.7500,4,4,4,0,0,4,4,0.0000
4,48.0000,0,4,676.1225,-85.9029,0.0667,7,0.1750,0.8571,7,8,6,0,0,8,6,0.2500
4,48.0000,0,6,650.3035,-85.8376,0.5636,16,0.4000,0.7500,8,8,8,0,0,8,8,0.0000
4,48.0000,0,7,536.4630,-83.8517,0.7536,21,0.5250,0.8571,7,6,3,0,0,6,3,0.5000
4,48.0000,0,9,738.4151,-86.6145,1.1072,3,0.0750,1.0000,8,8,8,0,0,8,8,0.0000
4,48.0000,0,14,403.9171,-81.1859,0.2703,19,0.4750,0.8571,7,7,5,0,0,7,5,0.2857
4,48.0000,0,15,686.6577,-86.5592,0.3807,10,0.2500,1.0000,8,8,7,0,0,8,7,0.1250
4,48.0000,0,16,843.9626,-88.6733,-2.9767,3,0.0750,1.0000,8,8,8,0,0,8,8,0.0000
4,48.0000,0,17,793.1255,-85.4562,-1.0401,3,0.0750,1.0000,4,4,4,0,0,4,4,0.0000
4,48.0000,0,18,471.4086,-82.1343,-0.5022,13,0.3250,0.7500,8,8,8,0,0,8,8,0.0000
4,48.0000,0,22,604.7228,-87.6161,1.6375,7,0.1750,1.0000,6,5,4,0,0,5,4,0.2000
4,48.0000,0,23,435.9318,-80.6027,-1.0843,23,0.5750,0.4286,7,7,6,0,0,7,6,0.1429
4,48.0000,0,24,441.0144,-82.3598,0.1684,20,0.5000,0.4286,7,7,4,0,0,7,4,0.4286
4,48.0000,0,28,479.8896,-83.3023,-1.3159,5,0.1250,1.0000,8,7,5,0,0,7,5,0.2857
4,48.0000,0,30,154.4025,-73.3231,-0.1275,32,0.8000,0.3333,6,5,1,0,0,5,1,0.8000
4,48.0000,0,31,689.0191,-85.6775,1.5940,7,0.1750,0.7143,7,8,8,0,0,8,8,0.0000
4,48.0000,0,33,330.0349,-79.4819,-0.6247,17,0.4250,0.6667,6,6,4,19,18,25,22,0.1200
4,48.0000,0,37,510.3137,-83.0744,0.8262,17,0.4250,0.8750,8,8,8,0,0,8,8,0.0000
4,48.0000,0,38,455.2268,-83.0553,1.3521,12,0.3000,1.0000,8,7,5,0,0,7,5,0.2857
4,48.0000,0,39,869.1984,-87.6486,0.4342,3,0.0750,1.0000,8,10,10,0,0,10,10,0.0000
4,48.0000,0,41,440.0719,-81.9482,-0.6912,28,0.7000,0.7143,7,8,8,0,0,8,8,0.0000
4,48.0000,0,42,388.5332,-82.6102,0.4850,21,0.5250,1.0000,8,5,2,0,0,5,2,0.6000
4,48.0000,0,43,424.8507,-82.0677,-0.1287,18,0.4500,0.7143,7,7,6,0,0,7,6,0.1429
4,48.0000,0,44,186.3242,-74.2441,0.2793,31,0.7750,0.2000,5,4,0,0,0,4,0,1.0000
4,48.0000,0,46,753.8246,-85.9470,-0.7218,13,0.3250,1.0000,8,7,5,0,0,7,5,0.2857
4,48.0000,1,2,683.1522,-86.9159,-0.6285,5,0.1250,1.0000,8,8,8,0,0,8,8,0.0000
4,48.0000,1,5,416.2762,-82.2160,0.1535,24,0.6000,0.5000,6,8,6,0,0,8,6,0.2500
4,48.0000,1,8,583.0195,-84.1874,-1.0145,7,0.1750,0.8571,7,8,8,0,0,8,8,0.0000
4,48.0000,1,11,841.8862,-87.5411,-2.7163,3,0.0750,1.0000,6,6,6,0,0,6,6,0.0000
4,48.0000,1,12,367.6893,-79.1972,-0.5955,21,0.5250,0.8571,7,7,5,0,0,7,5,0.2857
4,48.0000,1,13,271.6340,-77.7401,0.1851,34,0.8500,0.2000,5,6,3,0,0,6,3,0.5000
4,48.0000,1,16,735.9011,-86.2093,3.0662,5,0.1250,0.8571,7,8,8,0,0,8,8,0.0000
4,48.0000,1,19,805.9478,-87.7901,-1.3473,3,0.0750,0.8571,7,8,8,0,0,8,8,0.0000
4,48.0000,1,20,804.2430,-87.4788,1.2998,4,0.1000,1.0000,8,8,8,0,0,8,8,0.0000
4,48.0000,1,21,452.5713,-83.0852,0.3026,19,0.4750,0.8571,7,5,2,0,0,5,2,0.6000
4,48.0000,1,25,303.4186,-79.7019,0.9786,20,0.5000,1.0000,8,7,5,0,0,7,5,0.2857
4,48.0000,1,26,789.9495,-88.1634,1.1220,4,0.1000,1.0000,8,8,8,0,0,8,8,0.0000
4,48.0000,1,27,535.8335,-84.0598,-0.0705,17,0.4250,0.7143,7,6,3,0,0,6,3,0.5000
4,48.0000,1,29,748.5217,-86.5838,-0.2924,6,0.1500,1.0000,8,6,6,0,0,6,6,0.0000
4,48.0000,1,32,641.4303,-87.5412,-1.5299,4,0.1000,1.0000,8,8,8,0,0,8,8,0.0000
4,48.0000,1,34,515.7130,-84.1230,0.2958,18,0.4500,1.0000,8,8,7,0,0,8,7,0.1250
4,48.0000,1,35,373.1107,-81.9513,0.7130,28,0.7000,0.2000,5,5,1,0,0,5,1,0.8000
4,48.0000,1,36,468.5455,-82.5777,-0.7456,20,0.5000,0.2000,5,6,6,0,0,6,6,0.0000
4,48.0000,1,39,741.7100,-87.2130,-0.4631,4,0.1000,1.0000,8,8,8,0,0,8,8,0.0000
4,48.0000,1,40,521.9667,-83.2722,-0.0318,21,0.5250,0.8571,7,8,7,0,0,8,7,0.1250
4,48.0000,1,45,765.7713,-85.2662,1.4381,3,0.0750,0.8750,8,8,8,0,0,8,8,0.0000
4,48.0000,2,1,683.1522,-86.6090,-0.2461,8,0.2000,0.8000,5,8,8,0,0,8,8,0.0000
4,48.0000,2,4,695.8153,-85.6022,-0.5931,8,0.2000,0.8571,7,4,4,0,0,4,4,0.0000
4,48.0000,2,5,531.2671,-84.6127,0.5540,11,0.2750,0.8333,6,8,8,0,0,8,8,0.0000
4,48.0000,2,8,142.6046,-74.1131,0.5640,29,0.7250,0.0000,4,4,0,0,0,4,0,1.0000
4,48.0000,2,9,375.3777,-81.3854,-0.0823,14,0.3500,0.8750,8,8,7,0,0,8,7,0.1250
4,48.0000,2,10,754.9163,-86.6806,-1.1166,4,0.1000,0.8571,7,6,6,0,0,6,6,0.0000
4,48.0000,2,11,888.0319,-88.7927,0.1426,3,0.0750,1.0000,8,8,8,0,0,8,8,0.0000
4,48.0000,2,12,532.5335,-83.4672,-0.9234,7,0.1750,0.8571,7,7,6,0,0,7,6,0.1429
4,48.0000,2,13,776.9759,-84.7294,-0.2497,6,0.1500,1.0000,8,8,8,0,0,8,8,0.0000
4,48.0000,2,16,386.5628,-79.9305,-0.4104,17,0.4250,0.8571,7,7,6,0,0,7,6,0.1429
4,48.0000,2,17,758.9137,-84.9426,-1.3529,4,0.1000,1.0000,8,8,8,0,0,8,8,0.0000
4,48.0000,2,18,734.2914,-86.6142,2.4178,4,0.1000,1.0000,8,8,8,0,0,8,8,0.0000
4,48.0000,2,19,592.6714,-85.8603,-0.4272,8,0.2000,0.8571,7,8,8,0,0,8,8,0.0000
4,48.0000,2,20,278.2723,-78.9311,1.4566,22,0.5500,0.7143,7,6,4,0,0,6,4,0.3333
4,48.0000,2,21,490.2107,-84.0169,0.0895,14,0.3500,0.7143,7,6,2,0,0,6,2,0.6667
4,48.0000,2,25,426.3436,-81.9946,0.5656,11,0.2750,0.5000,6,8,8,0,0,8,8,0.0000
4,48.0000,2,26,561.5098,-84.4539,-0.6938,9,0.2250,1.0000,8,8,8,0,0,8,8,0.0000
4,48.0000,2,27,996.0490,-87.1446,0.9737,4,0.1000,1.0000,6,4,4,0,0,4,4,0.0000
4,48.0000,2,28,655.5018,-84.7820,0.0956,9,0.2250,1.0000,8,8,7,0,0,8,7,0.1250
4,48.0000,2,29,447.5282,-81.0619,-0.1838,15,0.3750,0.8750,8,7,5,0,0,7,5,0.2857
4,48.0000,2,31,802.2009,-87.9076,-0.4154,6,0.1500,0.7143,7,10,10,0,0,10,10,0.0000
4,48.0000,2,32,535.1464,-84.3281,0.9433,7,0.1750,0.8750,8,8,8,0,0,8,8,0.0000
4,48.0000,2,33,780.7810,-86.7091,-1.0180,4,0.1000,1.0000,8,8,8,0,0,8,8,0.0000
4,48.0000,2,34,751.8705,-87.7640,-0.1756,7,0.1750,1.0000,6,4,4,0,0,4,4,0.0000
4,48.0000,2,39,300.9810,-79.4136,-0.1460,22,0.5500,0.5000,6,8,7,0,0,8,7,0.1250
4,48.0000,2,43,967.3965,-87.7894,0.5349,4,0.1000,1.0000,8,6,5,0,0,6,5,0.1667
4,48.0000,2,45,173.4086,-75.8702,0.3524,33,0.8250,0.5000,6,5,1,0,0,5,1,0.8000
4,48.0000,2,47,468.0823,-82.1061,-0.7920,18,0.4500,1.0000,8,8,8,0,0,8,8,0.0000
4,48.0000,3,6,230.9410,-76.8352,0.1974,31,0.7750,0.0000,4,5,1,0,0,5,1,0.8000
4,48.0000,3,14,579.4044,-83.3414,1.0907,12,0.3000,0.6667,6,8,7,0,0,8,7,0.1250
4,48.0000,3,15,307.1725,-77.4065,-1.2484,31,0.7750,0.0000,4,7,4,0,0,7,4,0.4286
4,48.0000,3,22,695.1667,-85.8633,0.1518,5,0.1250,1.0000,8,8,8,0,0,8,8,0.0000
4,48.0000,3,24,674.2389,-85.2982,1.5117,6,0.1500,1.0000,8,8,7,0,0,8,7,0.1250
4,48.0000,3,30,741.2685,-84.6217,-0.7543,5,0.1250,1.0000,8,7,6,0,0,7,6,0.1429
4,48.0000,3,37,272.0461,-79.2329,0.1714,24,0.6000,0.3333,6,6,2,0,0,6,2,0.6667
4,48.0000,3,41,604.2129,-84.7423,0.0344,9,0.2250,0.8750,8,8,6,0,0,8,6,0.2500
4,48.0000,3,42,420.5952,-81.3374,-0.2503,15,0.3750,0.7143,7,7,5,0,0,7,5,0.2857
4,48.0000,3,46,700.8545,-85.0610,-1.0630,8,0.2000,0.7500,8,8,8,0,0,8,8,0.0000
4,48.0000,4,0,676.1225,-85.5935,-0.0736,9,0.2250,0.8750,8,8,7,0,0,8,7,0.1250
4,48.0000,4,2,695.8153,-85.8309,0.7053,3,0.0750,1.0000,8,8,8,0,0,8,8,0.0000
4,48.0000,4,6,930.5233,-87.0851,-0.6470,4,0.1000,1.0000,4,6,6,0,0,6,6,0.0000
4,48.0000,4,9,513.2891,-86.4414,0.3980,7,0.1750,1.0000,8,8,8,0,0,8,8,0.0000
4,48.0000,4,15,820.6334,-87.6490,0.0442,3,0.0750,0.7500,4,6,6,0,0,6,6,0.0000
4,48.0000,4,16,622.4009,-86.3130,-0.3809,5,0.1250,0.8571,7,8,8,0,0,8,8,0.0000
4,48.0000,4,18,496.5726,-82.6801,-0.8046,11,0.2750,1.0000,8,8,8,0,0,8,8,0.0000
4,48.0000,4,19,750.3594,-85.8950,-0.3470,4,0.1000,0.7500,8,8,8,0,0,8,8,0.0000
4,48.0000,4,20,530.5063,-85.0567,-0.7638,7,0.1750,0.8750,8,6,6,0,0,6,6,0.0000
4,48.0000,4,22,378.6372,-80.1747,-0.4000,24,0.6000,0.7143,7,8,7,0,0,8,7,0.1250
4,48.0000,4,26,721.8339,-87.5924,-0.0916,4,0.1000,1.0000,8,7,6,0,0,7,6,0.1429
4,48.0000,4,28,401.5666,-80.5039,-0.8057,15,0.3750,1.0000,8,7,6,0,0,7,6,0.1429
4,48.0000,4,29,660.2864,-84.8125,-1.0416,4,0.1000,1.0000,8,8,8,0,0,8,8,0.0000
4,48.0000,4,30,823.5123,-87.3619,-0.9790,6,0.1500,1.0000,6,6,6,0,0,6,6,0.0000
4,48.0000,4,31,907.0157,-88.0465,0.0151,5,0.1250,,0,8,8,0,0,8,8,0.0000
4,48.0000,4,33,456.2646,-84.1725,0.9334,8,0.2000,0.8571,7,7,6,0,0,7,6,0.1429
4,48.0000,4,37,866.3826,-86.3812,-0.1363,4,0.1000,1.0000,8,6,6,0,0,6,6,0.0000
4,48.0000,4,38,349.4744,-78.2216,-0.3866,25,0.6250,0.4000,5,8,7,0,0,8,7,0.1250
4,48.0000,4,39,581.9946,-85.2239,-1.4494,4,0.1000,1.0000,8,8,7,0,0,8,7,0.1250
4,48.0000,4,42,673.8733,-85.8440,0.4066,6,0.1500,1.0000,8,8,8,0,0,8,8,0.0000
4,48.0000,4,43,810.4692,-87.7642,5.6619,3,0.0750,1.0000,8,8,8,0,0,8,8,0.0000
4,48.0000,4,44,578.5541,-85.5042,0.8143,9,0.2250,1.0000,8,8,8,0,0,8,8,0.0000
4,48.0000,4,45,673.3908,-88.3833,1.6404,4,0.1000,0.6667,6,8,8,0,0,8,8,0.0000
4,48.0000,4,47,363.8863,-81.5697,1.1011,11,0.2750,1.0000,8,8,6,0,0,8,6,0.2500
4,48.0000,5,1,416.2762,-82.9910,0.9121,19,0.4750,0.4000,5,6,4,0,0,6,4,0.3333
4,48.0000,5,2,531.2671,-82.5574,-0.0103,5,0.1250,1.0000,6,10,9,0,0,10,9,0.1000
4,48.0000,5,8,426.1141,-82.5677,1.2457,5,0.1250,0.8571,7,6,4,0,0,6,4,0.3333
4,48.0000,5,12,604.5462,-86.1366,1.9844,3,0.0750,1.0000,8,7,6,0,0,7,6,0.1429
4,48.0000,5,13,658.6031,-85.3753,0.3457,6,0.1500,1.0000,8,7,6,0,0,7,6,0.1429
4,48.0000,5,20,669.3885,-85.6192,-0.6388,3,0.0750,1.0000,8,8,8,0,0,8,8,0.0000
4,48.0000,5,21,247.5427,-78.1254,0.4072,30,0.7500,0.1667,6,4,1,0,0,4,1,0.7500
4,48.0000,5,25,351.7705,-82.5714,0.3390,9,0.2250,0.7143,7,5,2,0,0,5,2,0.6000
4,48.0000,5,34,232.2411,-76.8713,0.1807,38,0.9500,0.2000,5,4,0,0,0,4,0,1.0000
4,48.0000,5,35,739.9849,-87.2622,-0.8356,3,0.0750,1.0000,8,7,6,0,0,7,6,0.1429
4,48.0000,5,40,828.3767,-85.6579,-0.7610,5,0.1250,1.0000,8,5,4,0,0,5,4,0.2000
4,48.0000,5,45,525.2215,-83.8765,0.3290,4,0.1000,0.8571,7,7,6,0,0,7,6,0.1429
4,48.0000,6,0,650.3035,-86.7901,-0.0930,4,0.1000,0.8571,7,8,8,0,0,8,8,0.0000
4,48.0000,6,3,230.9410,-76.8205,0.1543,30,0.7500,0.2000,5,5,1,0,0,5,1,0.8000
4,48.0000,6,7,658.5120,-86.7281,-0.5531,11,0.2750,1.0000,8,8,7,0,0,8,7,0.1250
4,48.0000,6,14,516.2109,-81.3261,-0.9891,17,0.4250,0.6667,6,8,7,0,0,8,7,0.1250
4,48.0000,6,15,180.3765,-75.8799,1.1260,37,0.9250,0.6667,6,7,3,0,0,7,3,0.5714
4,48.0000,6,22,637.7920,-84.9882,1.4768,6,0.1500,1.0000,8,8,7,0,0,8,7,0.1250
4,48.0000,6,23,952.7542,-88.1112,0.7090,3,0.0750,1.0000,8,6,6,0,0,6,6,0.0000
4,48.0000,6,24,645.6181,-86.3953,0.5980,7,0.1750,1.0000,8,8,8,0,0,8,8,0.0000
4,48.0000,6,30,677.6761,-84.1912,-1.1323,8,0.2000,1.0000,8,8,8,0,0,8,8,0.0000
4,48.0000,6,37,149.4077,-72.5086,-0.1527,33,0.8250,0.2000,5,5,1,0,0,5,1,0.8000
4,48.0000,6,38,595.5848,-83.9741,1.1203,5,0.1250,0.8750,8,7,5,0,0,7,5,0.2857
4,48.0000,6,41,612.8094,-83.9320,0.2519,10,0.2500,0.8571,7,6,4,0,0,6,4,0.3333
4,48.0000,6,42,391.6828,-79.8742,-1.1342,22,0.5500,0.6667,6,7,6,0,0,7,6,0.1429
4,48.0000,6,44,700.6698,-86.2062,-0.3061,5,0.1250,1.0000,10,8,7,0,0,8,7,0.1250
4,48.0000,6,46,735.7314,-84.4990,-0.7583,11,0.2750,1.0000,8,7,5,0,0,7,5,0.2857
4,48.0000,7,0,536.4630,-83.5725,0.3277,9,0.2195,0.8750,8,8,8,0,0,8,8,0.0000
4,48.0000,7,3,685.2040,-85.3746,0.2694,10,0.2439,1.0000,2,7,5,0,0,7,5,0.2857
4,48.0000,7,6,658.5120,-84.2616,0.0741,14,0.3415,0.7143,7,8,8,0,0,8,8,0.0000
4,48.0000,7,14,179.0959,-77.0995,1.6084,31,0.7561,0.5714,7,4,0,0,0,4,0,1.0000
4,48.0000,7,15,806.8594,-85.9617,0.3962,3,0.0732,1.0000,8,8,8,0,0,8,8,0.0000
4,48.0000,7,23,541.1456,-84.5151,-0.0578,13,0.3171,0.5000,6,7,6,0,0,7,6,0.1429
4,48.0000,7,24,106.8140,-67.3276,-1.0122,39,0.9512,0.0000,4,5,1,0,0,5,1,0.8000
4,48.0000,7,30,412.5651,-80.8926,-0.6377,20,0.4878,0.8571,7,7,6,0,0,7,6,0.1429
4,48.0000,7,37,546.0389,-83.4431,-0.7144,16,0.3902,1.0000,8,8,7,0,0,8,7,0.1250
4,48.0000,7,41,202.5926,-76.5552,0.2125,37,0.9024,0.2000,5,4,0,0,0,4,0,1.0000
4,48.0000,7,42,632.2948,-83.5719,-0.1899,6,0.1463,0.8571,7,7,6,0,0,7,6,0.1429
4,48.0000,7,44,674.1116,-84.1089,2.5265,3,0.0732,0.7500,8,8,8,0,0,8,8,0.0000
4,48.0000,7,46,241.6371,-77.3068,-0.0903,39,0.9512,0.0000,4,4,0,0,0,4,0,1.0000
4,48.0000,8,1,583.0195,-85.1382,-0.2104,13,0.3250,0.7143,7,7,5,0,0,7,5,0.2857
4,48.0000,8,2,142.6046,-74.1552,1.1117,31,0.7750,0.2000,5,4,0,0,0,4,0,1.0000
4,48.0000,8,4,837.7668,-87.7248,0.9442,3,0.0750,,0,4,4,0,0,4,4,0.0000
4,48.0000,8,5,426.1141,-82.5757,0.9337,21,0.5250,0.7143,7,7,6,0,0,7,6,0.1429
4,48.0000,8,9,487.7330,-84.4934,0.5957,9,0.2250,0.8571,7,8,8,0,0,8,8,0.0000
4,48.0000,8,10,811.1257,-87.0208,-0.1513,5,0.1250,1.0000,8,4,4,0,0,4,4,0.0000
4,48.0000,8,11,912.9504,-88.1082,0.5845,4,0.1000,1.0000,4,6,6,0,0,6,6,0.0000
4,48.0000,8,12,493.6045,-83.8952,-0.0227,6,0.1500,0.4000,5,8,8,0,0,8,8,0.0000
4,48.0000,8,13,710.9673,-86.5727,-0.8720,10,0.2500,1.0000,8,8,8,1,0,9,8,0.1111
4,48.0000,8,16,478.3018,-82.0505,-0.5898,10,0.2500,0.6667,6,8,7,0,0,8,7,0.1250
4,48.0000,8,17,795.8406,-85.4390,0.1547,5,0.1250,1.0000,6,10,10,0,0,10,10,0.0000
4,48.0000,8,18,853.5398,-88.5208,0.9568,3,0.0750,1.0000,6,8,7,0,0,8,7,0.1250
4,48.0000,8,19,660.7977,-85.2436,-0.4176,7,0.1750,1.0000,8,7,6,0,0,7,6,0.1429
4,48.0000,8,20,400.6307,-82.6555,0.5500,13,0.3250,0.8571,7,7,6,0,0,7,6,0.1429
4,48.0000,8,21,351.0575,-79.6036,-0.0309,28,0.7000,0.8000,10,6,3,0,0,6,3,0.5000
4,48.0000,8,25,367.7562,-79.9733,-0.8665,16,0.4000,1.0000,8,5,2,0,0,5,2,0.6000
4,48.0000,8,26,634.4675,-85.4881,0.2525,7,0.1750,0.8750,8,8,8,0,0,8,8,0.0000
4,48.0000,8,27,899.0911,-86.9664,-0.4284,7,0.1750,1.0000,6,6,6,0,0,6,6,0.0000
4,48.0000,8,29,532.4250,-83.7119,0.6173,9,0.2250,0.8750,8,6,4,0,0,6,4,0.3333
4,48.0000,8,31,857.0915,-87.0534,-0.4743,4,0.1000,0.8000,5,7,6,0,0,7,6,0.1429
4,48.0000,8,32,549.9303,-83.5911,-0.3312,10,0.2500,1.0000,8,7,6,0,0,7,6,0.1429
4,48.0000,8,34,638.2374,-86.3588,-0.2562,9,0.2250,0.8571,7,8,6,0,0,8,6,0.2500
4,48.0000,8,35,941.3509,-87.8940,0.2408,6,0.1500,,0,7,6,0,0,7,6,0.1429
4,48.0000,8,39,406.5971,-82.2211,0.0879,12,0.3000,0.8750,8,7,6,0,0,7,6,0.1429
4,48.0000,8,40,874.0213,-87.3773,-0.0935,6,0.1500,1.0000,8,6,6,0,0,6,6,0.0000
4,48.0000,8,45,251.9421,-78.9926,0.2628,26,0.6500,0.5714,7,6,2,0,0,6,2,0.6667
4,48.0000,8,47,602.0957,-84.5603,0.2705,8,0.2000,0.8750,8,8,8,0,0,8,8,0.0000
4,48.0000,9,0,738.4151,-86.3170,0.0304,7,0.1750,0.8571,7,7,6,0,0,7,6,0.1429
4,48.0000,9,1,859.9747,-87.5461,1.8388,4,0.1000,0.8333,6,8,8,0,0,8,8,0.0000
4,48.0000,9,2,375.3777,-81.6060,0.2987,19,0.4750,0.7143,7,7,4,0,0,7,4,0.4286
4,48.0000,9,4,513.2891,-84.4485,-0.6236,15,0.3750,0.6667,6,7,5,0,0,7,5,0.2857
4,48.0000,9,5,846.5394,-86.9777,2.0412,4,0.1000,,0,3,2,0,0,3,2,0.3333
4,48.0000,9,8,487.7330,-82.8509,0.5878,13,0.3250,0.8571,7,7,6,0,0,7,6,0.1429
4,48.0000,9,10,469.1853,-82.9094,0.4443,12,0.3000,0.7143,7,7,5,0,0,7,5,0.2857
4,48.0000,9,11,660.3079,-86.3174,-0.7116,11,0.2750,0.9333,30,8,8,2,2,10,10,0.0000
4,48.0000,9,12,556.2936,-84.1556,0.1732,9,0.2250,1.0000,8,7,4,0,0,7,4,0.4286
4,48.0000,9,13,831.9017,-87.9679,-0.0939,8,0.2000,1.0000,6,7,6,0,0,7,6,0.1429
4,48.0000,9,16,226.6778,-78.1958,1.1778,24,0.6000,0.3333,6,7,5,0,0,7,5,0.2857
4,48.0000,9,17,506.9053,-82.9153,-0.7540,14,0.3500,0.6000,5,8,7,0,0,8,7,0.1250
4,48.0000,9,18,400.3085,-83.4230,-1.2660,11,0.2750,0.7500,8,8,6,0,0,8,6,0.2500
4,48.0000,9,19,309.4028,-80.2350,-0.9445,20,0.5000,0.6667,6,6,3,0,0,6,3,0.5000
4,48.0000,9,20,309.7605,-80.4865,0.7349,21,0.5250,0.8750,8,6,2,0,0,6,2,0.6667
4,48.0000,9,21,821.8934,-85.4771,-0.2861,7,0.1750,0.7500,4,6,5,0,0,6,5,0.1667
4,48.0000,9,22,829.9874,-87.2384,-0.6097,5,0.1250,1.0000,2,6,6,0,0,6,6,0.0000
4,48.0000,9,25,599.3093,-84.8912,0.0770,11,0.2750,1.0000,8,8,8,0,0,8,8,0.0000
4,48.0000,9,26,289.3106,-78.0498,-0.0363,25,0.6250,0.5000,6,7,6,0,0,7,6,0.1429
4,48.0000,9,27,1075.3589,-89.0039,0.8839,3,0.0750,1.0000,2,4,3,0,0,4,3,0.2500
4,48.0000,9,28,313.4964,-79.2282,0.0820,20,0.5000,0.5000,8,6,4,0,0,6,4,0.3333
4,48.0000,9,29,384.7932,-81.5343,-0.1622,20,0.5000,1.0000,8,7,4,0,0,7,4,0.4286
4,48.0000,9,30,859.5504,-87.9448,0.2362,6,0.1500,0.7500,4,3,2,0,0,3,2,0.3333
4,48.0000,9,31,502.4389,-83.9050,-0.0562,12,0.3000,0.5714,7,7,5,0,0,7,5,0.2857
4,48.0000,9,32,394.8237,-81.3164,0.5315,17,0.4250,0.6250,8,8,8,0,0,8,8,0.0000
4,48.0000,9,33,421.6407,-82.4843,-0.3993,15,0.3750,0.6667,6,7,5,0,0,7,5,0.2857
4,48.0000,9,35,1188.4137,-89.0760,-0.0369,3,0.0750,1.0000,6,2,2,0,0,2,2,0.0000
4,48.0000,9,36,1112.7597,-89.3011,0.1340,4,0.1000,1.0000,2,2,2,0,0,2,2,0.0000
4,48.0000,9,38,695.2981,-85.4439,-0.7008,9,0.2250,0.8571,7,8,8,0,0,8,8,0.0000
4,48.0000,9,39,187.1043,-75.1569,0.5747,33,0.8250,0.0000,4,4,0,0,0,4,0,1.0000
4,48.0000,9,43,616.6262,-84.0976,-0.2461,14,0.3500,0.8571,7,7,6,0,0,7,6,0.1429
4,48.0000,9,44,615.2325,-86.4335,0.7085,9,0.2250,1.0000,8,7,6,0,0,7,6,0.1429
4,48.0000,9,45,477.2434,-83.1985,0.2874,15,0.3750,0.8750,8,6,5,0,0,6,5,0.1667
4,48.0000,9,47,329.9335,-79.9602,0.1259,24,0.6000,0.8571,7,6,4,0,0,6,4,0.3333
4,48.0000,10,0,719.5038,-86.4105,-0.4762,7,0.1750,1.0000,6,6,6,0,0,6,6,0.0000
4,48.0000,10,2,754.9163,-86.5697,0.9897,5,0.1250,0.8571,7,6,6,0,0,6,6,0.0000
4,48.0000,10,4,882.3842,-88.5071,0.6113,6,0.1500,1.0000,4,2,2,0,0,2,2,0.0000
4,48.0000,10,8,811.1257,-86.0918,-0.5425,3,0.0750,0.8571,7,6,6,0,0,6,6,0.0000
4,48.0000,10,9,469.1853,-83.3578,1.6121,9,0.2250,0.7143,7,7,6,0,0,7,6,0.1429
4,48.0000,10,11,225.5309,-71.3425,-2.5760,34,0.8500,0.0000,4,8,7,2,1,10,8,0.2000
4,48.0000,10,12,518.1885,-84.4839,-0.0010,9,0.2250,0.8750,8,7,4,2,2,9,6,0.3333
4,48.0000,10,13,705.3797,-86.0509,0.1318,11,0.2750,0.8571,7,6,6,0,0,6,6,0.0000
4,48.0000,10,16,451.2359,-82.3724,-0.1242,9,0.2250,0.5714,7,8,6,0,0,8,6,0.2500
4,48.0000,10,17,283.7560,-78.2191,-0.3566,27,0.6750,0.5714,7,7,5,0,0,7,5,0.2857
4,48.0000,10,18,470.8549,-84.5538,0.8534,9,0.2250,0.7778,9,6,4,0,0,6,4,0.3333
4,48.0000,10,19,171.8915,-73.8669,-0.2118,29,0.7250,0.0000,4,5,1,0,0,5,1,0.8000
4,48.0000,10,20,685.0607,-86.6391,1.0945,4,0.1000,1.0000,8,6,6,0,0,6,6,0.0000
4,48.0000,10,23,844.2464,-87.4260,-0.6349,5,0.1250,1.0000,6,6,5,0,0,6,5,0.1667
4,48.0000,10,24,1031.4273,-88.1453,0.7383,3,0.0750,1.0000,8,3,1,0,0,3,1,0.6667
4,48.0000,10,25,715.2658,-86.6964,-0.0572,5,0.1250,0.8571,7,8,8,0,0,8,8,0.0000
4,48.0000,10,26,223.1418,-78.9968,1.3834,14,0.3500,0.8889,9,4,0,0,0,4,0,1.0000
4,48.0000,10,27,959.2780,-87.5213,0.5679,8,0.2000,1.0000,4,4,4,0,0,4,4,0.0000
4,48.0000,10,28,499.6783,-85.0813,2.3698,9,0.2250,1.0000,8,8,7,0,0,8,7,0.1250
4,48.0000,10,29,578.7970,-87.5176,0.6078,4,0.1000,1.0000,8,8,8,7,6,15,14,0.0667
4,48.0000,10,30,782.9350,-86.9685,0.5517,7,0.1750,,0,4,4,0,0,4,4,0.0000
4,48.0000,10,31,141.5239,-73.1802,0.6209,33,0.8250,0.2000,5,4,0,0,0,4,0,1.0000
4,48.0000,10,32,329.8674,-77.7605,-0.5124,24,0.6000,0.8571,7,4,0,0,0,4,0,1.0000
4,48.0000,10,33,554.5267,-85.1133,0.0370,9,0.2250,1.0000,8,8,8,0,0,8,8,0.0000
4,48.0000,10,36,927.1775,-85.6713,0.6598,4,0.1000,1.0000,6,4,4,0,0,4,4,0.0000
4,48.0000,10,39,516.7005,-83.2843,0.3599,9,0.2250,1.0000,8,8,7,0,0,8,7,0.1250
4,48.0000,10,43,516.5149,-83.1095,-0.8644,11,0.2750,1.0000,8,7,6,0,0,7,6,0.1429
4,48.0000,10,44,615.0200,-86.7044,0.3018,7,0.1750,1.0000,8,8,7,0,0,8,7,0.1250
4,48.0000,10,45,877.8030,-86.9250,2.2226,3,0.0750,1.0000,6,2,2,0,0,2,2,0.0000
4,48.0000,10,47,684.1815,-85.7075,1.2936,5,0.1250,1.0000,2,8,8,0,0,8,8,0.0000
4,48.0000,11,0,904.8940,-87.4959,0.5079,7,0.1750,1.0000,8,8,8,0,0,8,8,0.0000
4,48.0000,11,2,888.0319,-87.6928,-1.0388,5,0.1250,1.0000,8,8,8,0,0,8,8,0.0000
4,48.0000,11,8,912.9504,-87.0016,1.5047,3,0.0750,0.8571,7,8,8,0,0,8,8,0.0000
4,48.0000,11,9,660.3079,-85.7921,-0.0384,9,0.2250,1.0000,8,8,8,0,0,8,8,0.0000
4,48.0000,11,10,225.5309,-71.6409,-2.6321,34,0.8500,0.2000,5,6,4,0,0,6,4,0.3333
4,48.0000,11,12,512.3372,-85.4522,-0.7116,10,0.2500,0.8750,8,7,6,0,0,7,6,0.1429
4,48.0000,11,13,620.1560,-86.3903,-0.1809,12,0.3000,1.0000,8,8,7,0,0,8,7,0.1250
4,48.0000,11,16,621.4600,-84.5353,0.7184,7,0.1750,1.0000,8,8,8,0,0,8,8,0.0000
4,48.0000,11,17,326.6196,-80.1043,0.5347,22,0.5500,0.4000,5,5,2,0,0,5,2,0.6000
4,48.0000,11,18,690.9826,-87.4939,-0.6970,8,0.2000,0.7143,7,8,8,0,0,8,8,0.0000
4,48.0000,11,19,366.4727,-78.3969,-0.8466,20,0.5000,0.7000,10,6,4,0,0,6,4,0.3333
4,48.0000,11,20,857.8851,-89.0637,-0.8433,5,0.1250,1.0000,6,8,8,0,0,8,8,0.0000
4,48.0000,11,23,958.3314,-87.1816,-0.0156,7,0.1750,0.8750,8,6,6,0,0,6,6,0.0000
4,48.0000,11,25,758.3841,-87.5587,0.9158,9,0.2250,1.0000,8,6,6,0,0,6,6,0.0000
4,48.0000,11,26,412.2372,-82.5462,1.2909,13,0.3250,1.0000,8,8,7,0,0,8,7,0.1250
4,48.0000,11,27,833.2700,-87.7993,-0.3586,10,0.2500,1.0000,8,8,7,0,0,8,7,0.1250
4,48.0000,11,28,725.0876,-87.4858,-0.8063,5,0.1250,1.0000,8,8,8,0,0,8,8,0.0000
4,48.0000,11,29,735.2056,-86.1807,-0.9172,6,0.1500,1.0000,8,9,7,0,0,9,7,0.2222
4,48.0000,11,30,943.3400,-87.8947,-1.7505,4,0.1000,1.0000,4,6,6,0,0,6,6,0.0000
4,48.0000,11,31,253.0009,-76.8929,-0.5737,33,0.8250,0.2000,5,7,3,0,0,7,3,0.5714
4,48.0000,11,32,384.3447,-79.1876,-1.0822,20,0.5000,1.0000,10,7,6,0,0,7,6,0.1429
4,48.0000,11,33,768.2499,-86.5110,0.6344,7,0.1750,1.0000,8,8,8,0,0,8,8,0.0000
4,48.0000,11,35,988.5705,-88.7406,-1.2610,3,0.0750,1.0000,4,6,6,0,0,6,6,0.0000
4,48.0000,11,36,780.3967,-87.6186,0.6302,5,0.1250,1.0000,4,8,8,0,0,8,8,0.0000
4,48.0000,11,39,686.9106,-85.9031,0.5641,8,0.2000,1.0000,8,8,8,0,0,8,8,0.0000
4,48.0000,11,43,653.9119,-84.5907,-0.0765,13,0.3250,1.0000,8,8,8,0,0,8,8,0.0000
4,48.0000,11,44,817.9785,-87.1697,1.6193,8,0.2000,1.0000,8,6,6,0,0,6,6,0.0000
4,48.0000,11,45,1023.2805,-88.7875,0.2560,3,0.0750,1.0000,6,2,2,0,0,2,2,0.0000
4,48.0000,11,47,888.1944,-88.5495,0.0029,6,0.1500,1.0000,4,8,8,0,0,8,8,0.0000
4,48.0000,12,1,367.6893,-80.0091,0.2243,23,0.5750,0.7143,7,6,3,0,0,6,3,0.5000
4,48.0000,12,2,532.5335,-84.3107,-0.3585,10,0.2500,1.0000,8,7,6,0,0,7,6,0.1429
4,48.0000,12,5,604.5462,-85.6020,0.8939,10,0.2500,0.7500,8,8,7,0,0,8,7,0.1250
4,48.0000,12,8,493.6045,-82.6640,-0.4775,10,0.2500,0.8571,7,7,6,0,0,7,6,0.1429
4,48.0000,12,9,556.2936,-85.6036,0.3272,8,0.2000,1.0000,8,7,6,0,0,7,6,0.1429
4,48.0000,12,10,518.1885,-83.4865,-0.4479,10,0.2500,0.7500,8,7,6,0,0,7,6,0.1429
4,48.0000,12,11,512.3372,-85.0594,-0.2092,10,0.2500,0.6667,6,6,4,0,0,6,4,0.3333
4,48.0000,12,13,281.6197,-78.1801,-0.4963,33,0.8250,0.6000,10,7,4,1,0,8,4,0.5000
4,48.0000,12,16,460.3905,-82.9614,-0.8633,11,0.2750,0.8571,7,8,8,0,0,8,8,0.0000
4,48.0000,12,17,545.9951,-84.6636,0.1005,6,0.1500,0.8571,7,8,8,0,0,8,8,0.0000
4,48.0000,12,18,805.8630,-87.6514,-0.0058,3,0.0750,1.0000,6,7,6,0,0,7,6,0.1429
4,48.0000,12,19,451.6483,-82.7464,0.8448,9,0.2250,1.0000,8,7,6,0,0,7,6,0.1429
4,48.0000,12,20,609.8293,-86.4622,-0.2290,6,0.1500,0.7500,8,7,5,0,0,7,5,0.2857
4,48.0000,12,21,593.6506,-85.0145,0.3548,12,0.3000,0.8750,8,8,7,0,0,8,7,0.1250
4,48.0000,12,23,1303.8441,-89.1216,-0.3225,3,0.0750,,0,2,2,0,0,2,2,0.0000
4,48.0000,12,25,281.7968,-78.7065,0.4418,23,0.5750,0.6667,6,6,4,0,0,6,4,0.3333
4,48.0000,12,26,447.8459,-83.5402,0.4401,11,0.2750,1.0000,8,7,6,0,0,7,6,0.1429
4,48.0000,12,27,582.9874,-83.5626,-0.4965,21,0.5250,0.8750,8,8,8,0,0,8,8,0.0000
4,48.0000,12,29,541.0817,-84.0123,1.2118,11,0.2750,0.8571,7,8,8,0,0,8,8,0.0000
4,48.0000,12,31,584.9077,-82.8655,-0.2010,3,0.0750,0.6667,6,8,8,0,0,8,8,0.0000
4,48.0000,12,32,281.6931,-81.1220,1.5648,16,0.4000,0.8571,7,3,0,0,0,3,0,1.0000
4,48.0000,12,33,909.5740,-87.9976,0.1017,4,0.1000,1.0000,8,8,8,0,0,8,8,0.0000
4,48.0000,12,34,792.2800,-86.9079,0.1666,7,0.1750,1.0000,8,6,6,0,0,6,6,0.0000
4,48.0000,12,35,640.7788,-84.8999,0.1346,16,0.4000,0.8750,8,6,6,0,0,6,6,0.0000
4,48.0000,12,36,562.8978,-84.1176,0.4876,17,0.4250,0.8750,8,8,7,0,0,8,7,0.1250
4,48.0000,12,39,482.5352,-83.9267,1.1044,8,0.2000,0.8571,7,7,5,0,0,7,5,0.2857
4,48.0000,12,40,647.4097,-84.2350,-0.1611,15,0.3750,0.8571,7,8,8,0,0,8,8,0.0000
4,48.0000,12,43,939.7206,-89.0692,0.3793,3,0.0750,1.0000,8,6,6,0,0,6,6,0.0000
4,48.0000,12,45,664.1352,-85.8575,-0.7626,5,0.1250,1.0000,8,7,5,0,0,7,5,0.2857
4,48.0000,12,47,758.1299,-86.2704,-0.7595,6,0.1500,1.0000,2,5,4,0,0,5,4,0.2000
4,48.0000,13,1,271.6340,-78.2095,0.1709,30,0.7500,0.6667,6,7,5,0,0,7,5,0.2857
4,48.0000,13,2,776.9759,-86.4294,-0.8520,5,0.1250,1.0000,6,8,8,0,0,8,8,0.0000
4,48.0000,13,5,658.6031,-84.9894,0.1861,10,0.2500,1.0000,8,6,6,0,0,6,6,0.0000
4,48.0000,13,8,710.9673,-85.3480,-0.5502,6,0.1500,0.8571,7,8,8,0,0,8,8,0.0000
4,48.0000,13,9,831.9017,-88.7389,0.4014,3,0.0750,1.0000,8,8,8,0,0,8,8,0.0000
4,48.0000,13,10,705.3797,-86.9615,0.6253,4,0.1000,1.0000,8,8,8,0,0,8,8,0.0000
4,48.0000,13,11,620.1560,-86.0514,0.2211,8,0.2000,1.0000,8,8,8,0,0,8,8,0.0000
4,48.0000,13,12,281.6197,-77.6739,-0.5875,23,0.5750,0.8571,7,4,1,0,0,4,1,0.7500
4,48.0000,13,16,705.7312,-86.1574,0.6730,4,0.1000,1.0000,8,8,8,0,0,8,8,0.0000
4,48.0000,13,17,749.9355,-87.6234,0.6762,3,0.0750,0.6667,3,8,7,0,0,8,7,0.1250
4,48.0000,13,18,1036.0110,-89.5458,-0.1090,3,0.0750,1.0000,4,2,2,0,0,2,2,0.0000
4,48.0000,13,19,683.6253,-86.3371,1.3540,6,0.1500,1.0000,8,8,8,0,0,8,8,0.0000
4,48.0000,13,20,849.7135,-88.6753,0.9459,6,0.1500,1.0000,8,6,6,0,0,6,6,0.0000
4,48.0000,13,21,683.4406,-85.7471,-0.9368,7,0.1750,0.8571,7,8,7,0,0,8,7,0.1250
4,48.0000,13,25,407.0514,-80.3389,0.0418,13,0.3250,0.0000,4,8,8,0,0,8,8,0.0000
4,48.0000,13,26,680.9531,-87.4994,-0.1270,5,0.1250,1.0000,8,8,8,0,0,8,8,0.0000
4,48.0000,13,27,467.0002,-82.9278,0.3157,22,0.5500,0.7500,8,7,5,0,0,7,5,0.2857
4,48.0000,13,29,743.5372,-85.9381,0.3796,5,0.1250,1.0000,8,8,8,0,0,8,8,0.0000
4,48.0000,13,31,778.2951,-87.2097,-0.5942,3,0.0750,1.0000,2,8,8,0,0,8,8,0.0000
4,48.0000,13,32,531.1846,-85.5459,0.6540,9,0.2250,1.0000,8,8,7,0,0,8,7,0.1250
4,48.0000,13,34,782.9231,-85.9292,-0.6931,7,0.1750,1.0000,4,6,6,0,0,6,6,0.0000
4,48.0000,13,35,396.0309,-82.1701,0.4393,27,0.6750,0.6667,6,6,2,0,0,6,2,0.6667
4,48.0000,13,36,314.4751,-79.8646,0.6407,30,0.7500,0.2000,5,4,0,0,0,4,0,1.0000
4,48.0000,13,39,739.9663,-87.7670,0.3709,6,0.1500,0.8750,8,7,6,0,0,7,6,0.1429
4,48.0000,13,40,543.2559,-84.3093,0.1045,17,0.4250,0.7143,7,8,8,0,0,8,8,0.0000
4,48.0000,13,45,886.9149,-87.4173,0.8000,5,0.1250,0.8750,8,7,6,0,0,7,6,0.1429
4,48.0000,14,0,403.9171,-81.0534,0.8178,14,0.3415,0.6667,6,8,5,0,0,8,5,0.3750
4,48.0000,14,3,579.4044,-84.6684,-0.1908,25,0.6098,0.5000,6,8,7,0,0,8,7,0.1250
4,48.0000,14,6,516.2109,-81.9212,-1.0443,25,0.6098,0.5000,6,7,6,0,0,7,6,0.1429
4,48.0000,14,7,179.0959,-77.3758,1.1505,37,0.9024,0.0000,4,4,0,0,0,4,0,1.0000
4,48.0000,14,15,651.0796,-85.6983,-0.4864,19,0.4634,0.8571,7,8,7,0,0,8,7,0.1250
4,48.0000,14,18,812.3787,-86.8553,-0.2900,4,0.0976,1.0000,8,6,6,0,0,6,6,0.0000
4,48.0000,14,22,842.2384,-87.7811,-0.6697,6,0.1463,,0,4,4,0,0,4,4,0.0000
4,48.0000,14,23,544.9906,-84.6751,0.5692,13,0.3171,0.8750,8,8,8,0,0,8,8,0.0000
4,48.0000,14,24,147.0945,-76.6163,2.0543,33,0.8049,0.2000,5,4,0,0,0,4,0,1.0000
4,48.0000,14,28,855.2340,-87.1386,0.6032,5,0.1220,1.0000,8,8,8,0,0,8,8,0.0000
4,48.0000,14,30,316.4539,-80.0726,-0.3436,26,0.6341,0.6667,6,7,5,0,0,7,5,0.2857
4,48.0000,14,33,733.3816,-86.2425,2.1024,4,0.0976,1.0000,8,7,6,0,0,7,6,0.1429
4,48.0000,14,37,392.4773,-79.0301,-1.9787,31,0.7561,0.5000,6,5,2,0,0,5,2,0.6000
4,48.0000,14,38,720.2033,-87.0964,-0.5445,7,0.1707,1.0000,8,8,8,0,0,8,8,0.0000
4,48.0000,14,41,203.2208,-77.0428,0.7063,35,0.8537,0.0000,4,5,1,0,0,5,1,0.8000
4,48.0000,14,42,480.8009,-81.5934,-0.5158,22,0.5366,0.5000,6,7,5,0,0,7,5,0.2857
4,48.0000,14,43,739.2587,-86.5171,-0.4164,3,0.0732,1.0000,6,8,8,0,0,8,8,0.0000
4,48.0000,14,44,529.4051,-82.7669,-0.5771,13,0.3171,0.8571,7,8,8,0,0,8,8,0.0000
4,48.0000,14,46,383.4055,-81.3051,-1.1340,39,0.9512,0.4000,5,7,5,0,0,7,5,0.2857
4,48.0000,15,0,686.6577,-86.9639,0.5012,3,0.0750,1.0000,8,8,7,0,0,8,7,0.1250
4,48.0000,15,3,307.1725,-77.6650,-0.6741,36,0.9000,0.5000,6,5,2,0,0,5,2,0.6000
4,48.0000,15,6,180.3765,-75.7812,0.7012,35,0.8750,0.2000,5,4,0,0,0,4,0,1.0000
4,48.0000,15,14,651.0796,-84.2157,-0.5418,12,0.3000,0.8750,8,8,7,0,0,8,7,0.1250
4,48.0000,15,22,511.4694,-84.6435,0.6735,12,0.3000,1.0000,6,7,6,0,0,7,6,0.1429
4,48.0000,15,24,777.5134,-86.5772,0.9341,6,0.1500,1.0000,8,7,6,0,0,7,6,0.1429
4,48.0000,15,30,746.5713,-85.0011,0.3854,7,0.1750,0.8571,7,8,8,0,0,8,8,0.0000
4,48.0000,15,37,261.3356,-80.2615,0.8510,30,0.7500,0.4286,7,5,1,0,0,5,1,0.8000
4,48.0000,15,38,509.7735,-84.3399,1.1332,8,0.2000,1.0000,8,6,3,0,0,6,3,0.5000
4,48.0000,15,41,733.9678,-85.5536,-0.0048,6,0.1500,1.0000,8,8,8,0,0,8,8,0.0000
4,48.0000,15,42,381.6661,-81.3022,0.8037,19,0.4750,0.6000,5,8,5,0,0,8,5,0.3750
4,48.0000,15,44,711.3760,-87.0340,-0.5492,3,0.0750,0.8333,6,7,6,0,0,7,6,0.1429
4,48.0000,15,46,898.4633,-87.3148,-0.3279,7,0.1750,1.0000,8,8,8,0,0,8,8,0.0000
4,48.0000,16,0,843.9626,-88.4051,-0.3160,5,0.1282,1.0000,8,8,7,0,0,8,7,0.1250
4,48.0000,16,1,735.9011,-86.0733,-0.5535,14,0.3590,0.8571,7,3,2,0,0,3,2,0.3333
4,48.0000,16,2,386.5628,-80.9195,-0.3478,31,0.7949,0.2000,5,6,2,0,0,6,2,0.6667
4,48.0000,16,4,622.4009,-86.1559,-0.4182,13,0.3333,0.8750,8,6,6,0,0,6,6,0.0000
4,48.0000,16,5,734.9630,-87.0998,-0.1258,13,0.3333,1.0000,4,6,6,0,0,6,6,0.0000
4,48.0000,16,8,478.3018,-82.8026,0.4331,19,0.4872,0.7143,7,6,4,0,0,6,4,0.3333
4,48.0000,16,9,226.6778,-77.5342,0.8137,27,0.6923,0.3333,6,7,3,0,0,7,3,0.5714
4,48.0000,16,10,451.2359,-82.4735,-0.4734,21,0.5385,0.8750,8,8,8,2,2,10,10,0.0000
4,48.0000,16,11,621.4600,-84.1803,-0.2103,19,0.4872,1.0000,8,7,7,0,0,7,7,0.0000
4,48.0000,16,12,460.3905,-82.4605,0.0824,22,0.5641,0.7143,7,7,6,0,0,7,6,0.1429
4,48.0000,16,13,705.7312,-85.5261,-0.7720,16,0.4103,0.8750,8,8,8,0,0,8,8,0.0000
4,48.0000,16,17,583.9562,-84.8706,-0.8994,17,0.4359,0.8571,7,7,6,0,0,7,6,0.1429
4,48.0000,16,18,410.7784,-83.4250,0.4136,17,0.4359,0.9091,77,6,3,0,0,6,3,0.5000
4,48.0000,16,19,284.8245,-79.2554,0.1752,27,0.6923,0.6667,6,7,6,0,0,7,6,0.1429
4,48.0000,16,20,240.7569,-79.4712,1.4859,30,0.7692,0.4000,5,5,2,0,0,5,2,0.6000
4,48.0000,16,21,771.8053,-85.3964,-0.4032,12,0.3077,1.0000,8,4,4,0,0,4,4,0.0000
4,48.0000,16,23,1101.6513,-88.3061,-0.1604,4,0.1026,,0,6,6,0,0,6,6,0.0000
4,48.0000,16,25,457.3335,-81.1199,-0.2469,23,0.5897,0.8571,7,8,8,0,0,8,8,0.0000
4,48.0000,16,26,228.7906,-73.4252,-1.8635,32,0.8205,0.0000,4,5,1,0,0,5,1,0.8000
4,48.0000,16,28,385.7704,-83.3174,1.6961,15,0.3846,0.8696,69,5,2,16,15,21,17,0.1905
4,48.0000,16,29,177.5490,-76.1022,1.1061,35,0.8974,0.0000,4,5,1,0,0,5,1,0.8000
4,48.0000,16,30,968.3032,-88.1233,0.5576,7,0.1795,1.0000,4,4,4,0,0,4,4,0.0000
4,48.0000,16,31,541.7759,-85.8197,0.2285,16,0.4103,0.8750,8,7,4,0,0,7,4,0.4286
4,48.0000,16,32,404.0248,-82.1787,-0.7022,22,0.5641,0.8571,7,6,4,0,0,6,4,0.3333
4,48.0000,16,33,567.0790,-85.5538,-0.2893,12,0.3077,0.6667,6,8,8,65,61,73,69,0.0548
4,48.0000,16,34,965.1751,-87.8407,0.1609,9,0.2308,1.0000,6,2,2,0,0,2,2,0.0000
4,48.0000,16,36,1008.7610,-88.8427,-0.0973,9,0.2308,0.8750,8,2,2,0,0,2,2,0.0000
4,48.0000,16,38,772.9130,-87.7008,-0.5183,7,0.1795,0.8000,5,8,8,0,0,8,8,0.0000
4,48.0000,16,39,95.6082,-71.2855,1.9598,33,0.8462,0.2000,5,4,0,44,17,48,17,0.6458
4,48.0000,16,40,1087.5388,-86.7336,-0.4972,4,0.1026,1.0000,6,8,8,0,0,8,8,0.0000
4,48.0000,16,42,1086.8976,-88.5354,-1.1527,4,0.1026,,0,4,4,0,0,4,4,0.0000
4,48.0000,16,43,762.1115,-87.6774,0.0433,11,0.2821,0.8750,8,7,6,0,0,7,6,0.1429
4,48.0000,16,44,688.2476,-86.9942,-0.2287,6,0.1538,1.0000,8,8,8,0,0,8,8,0.0000
4,48.0000,16,45,457.4424,-83.3334,1.0807,26,0.6667,0.8571,7,7,6,0,0,7,6,0.1429
4,48.0000,16,47,308.1031,-79.9577,0.2723,28,0.7179,0.5000,6,5,1,0,0,5,1,0.8000
4,48.0000,17,2,758.9137,-86.5854,-2.3926,4,0.1000,0.8571,7,6,6,0,0,6,6,0.0000
4,48.0000,17,8,795.8406,-86.1385,-0.6679,3,0.0750,1.0000,8,8,8,0,0,8,8,0.0000
4,48.0000,17,9,506.9053,-83.3692,-1.8263,6,0.1500,1.0000,8,8,8,0,0,8,8,0.0000
4,48.0000,17,10,283.7560,-77.3750,-0.0265,29,0.7250,0.6667,6,6,2,0,0,6,2,0.6667
4,48.0000,17,11,326.6196,-78.7288,-0.1369,24,0.6000,0.4000,5,7,4,0,0,7,4,0.4286
4,48.0000,17,12,545.9951,-83.6696,0.1255,6,0.1500,0.8889,9,8,8,0,0,8,8,0.0000
4,48.0000,17,16,583.9562,-86.8899,-1.4452,4,0.1000,0.8750,8,8,8,0,0,8,8,0.0000
4,48.0000,17,19,338.4219,-78.4059,-0.9646,22,0.5500,0.4000,5,7,6,0,0,7,6,0.1429
4,48.0000,17,20,780.6935,-87.6980,1.4601,4,0.1000,1.0000,8,8,7,0,0,8,7,0.1250
4,48.0000,17,23,794.2159,-86.6627,-0.7105,6,0.1500,1.0000,8,7,6,0,0,7,6,0.1429
4,48.0000,17,25,781.5445,-88.3891,0.3663,3,0.0750,0.8750,8,7,6,0,0,7,6,0.1429
4,48.0000,17,26,400.1059,-80.5658,0.0645,11,0.2750,0.8750,8,7,6,0,0,7,6,0.1429
4,48.0000,17,27,860.0400,-87.1605,0.0163,3,0.0750,1.0000,2,4,4,0,0,4,4,0.0000
4,48.0000,17,28,624.3644,-85.0680,0.0142,6,0.1500,1.0000,8,8,8,0,0,8,8,0.0000
4,48.0000,17,29,748.6706,-85.4072,-0.8595,7,0.1750,1.0000,8,8,8,0,0,8,8,0.0000
4,48.0000,17,30,834.9590,-86.1536,-0.4442,3,0.0750,1.0000,8,4,4,0,0,4,4,0.0000
4,48.0000,17,31,179.2348,-74.8423,0.6507,33,0.8250,0.2000,5,5,2,0,0,5,2,0.6000
4,48.0000,17,32,281.5793,-75.0150,-1.7373,22,0.5500,0.0000,4,7,5,0,0,7,5,0.2857
4,48.0000,17,33,599.8362,-85.4996,0.2752,8,0.2000,0.8750,8,8,7,0,0,8,7,0.1250
4,48.0000,17,39,609.9952,-84.1916,-1.1121,8,0.2000,1.0000,8,8,8,0,0,8,8,0.0000
4,48.0000,17,43,445.9960,-81.1289,-0.0497,15,0.3750,0.8000,5,8,6,0,0,8,6,0.2500
4,48.0000,17,44,739.3257,-87.7042,-0.5456,4,0.1000,1.0000,8,8,8,0,0,8,8,0.0000
4,48.0000,17,47,809.0125,-87.5494,0.5233,4,0.1000,1.0000,4,6,6,0,0,6,6,0.0000
4,48.0000,18,0,471.4086,-82.2831,-1.2564,13,0.3250,0.7143,7,7,6,0,0,7,6,0.1429
4,48.0000,18,2,734.2914,-86.5279,0.6841,7,0.1750,1.0000,8,6,5,0,0,6,5,0.1667
4,48.0000,18,4,496.5726,-83.3263,-0.1625,15,0.3750,1.0000,10,5,4,0,0,5,4,0.2000
4,48.0000,18,6,923.2970,-86.8790,-1.0561,9,0.2250,1.0000,6,4,4,0,0,4,4,0.0000
4,48.0000,18,8,853.5398,-87.4191,-0.4103,4,0.1000,1.0000,8,2,2,0,0,2,2,0.0000
4,48.0000,18,9,400.3085,-82.3349,0.8217,11,0.2750,0.7143,7,6,2,0,0,6,2,0.6667
4,48.0000,18,10,470.8549,-84.3350,0.7598,8,0.2000,1.0000,8,8,7,0,0,8,7,0.1250
4,48.0000,18,11,690.9826,-87.0186,0.3101,5,0.1250,0.6000,5,8,8,0,0,8,8,0.0000
4,48.0000,18,14,812.3787,-85.2817,-0.0875,7,0.1750,0.8571,7,4,4,0,0,4,4,0.0000
4,48.0000,18,16,410.7784,-83.1726,0.6616,8,0.2000,0.8571,7,7,6,0,0,7,6,0.1429
4,48.0000,18,17,647.4191,-85.0970,0.2989,6,0.1500,0.8571,7,6,4,0,0,6,4,0.3333
4,48.0000,18,19,391.7461,-84.0721,1.5166,8,0.2000,1.0000,8,8,6,0,0,8,6,0.2500
4,48.0000,18,20,530.3820,-85.6505,0.3205,9,0.2250,1.0000,6,8,7,0,0,8,7,0.1250
4,48.0000,18,22,684.6116,-85.1716,0.2412,5,0.1250,1.0000,4,6,6,0,0,6,6,0.0000
4,48.0000,18,23,818.7352,-86.2566,0.0155,6,0.1500,1.0000,8,2,2,0,0,2,2,0.0000
4,48.0000,18,24,874.0995,-87.9359,-0.3135,7,0.1750,1.0000,4,4,4,0,0,4,4,0.0000
4,48.0000,18,25,861.3369,-87.6966,0.1832,3,0.0750,1.0000,8,8,7,0,0,8,7,0.1250
4,48.0000,18,26,368.1227,-82.2489,0.2855,10,0.2500,0.8750,8,6,4,0,0,6,4,0.3333
4,48.0000,18,28,129.0743,-71.8867,0.6382,33,0.8250,0.2000,5,5,1,0,0,5,1,0.8000
4,48.0000,18,29,472.2015,-84.3545,1.5427,9,0.2250,0.8571,7,7,6,0,0,7,6,0.1429
4,48.0000,18,30,606.2981,-84.5795,-0.7685,12,0.3000,1.0000,8,6,6,0,0,6,6,0.0000
4,48.0000,18,31,529.4371,-83.9199,1.1260,8,0.2000,1.0000,8,5,2,0,0,5,2,0.6000
4,48.0000,18,32,645.2034,-88.1502,0.9716,5,0.1250,0.6667,6,8,6,0,0,8,6,0.2500
4,48.0000,18,33,301.1982,-78.5852,-0.6777,24,0.6000,0.7143,7,8,6,0,0,8,6,0.2500
4,48.0000,18,37,828.0518,-85.3406,-0.3182,7,0.1750,1.0000,8,8,8,0,0,8,8,0.0000
4,48.0000,18,38,447.8168,-81.7891,-0.5654,14,0.3500,0.3333,6,6,4,0,0,6,4,0.3333
4,48.0000,18,39,454.1169,-83.9657,1.6621,11,0.2750,0.8000,5,9,8,0,0,9,8,0.1111
4,48.0000,18,41,901.3541,-87.4846,-0.3764,5,0.1250,1.0000,8,8,8,0,0,8,8,0.0000
4,48.0000,18,42,720.7397,-85.1683,0.1215,8,0.2000,0.8750,8,8,7,0,0,8,7,0.1250
4,48.0000,18,43,569.2593,-85.4049,-0.7906,7,0.1750,0.8571,7,7,5,0,0,7,5,0.2857
4,48.0000,18,44,293.9617,-78.1963,-0.3917,26,0.6500,0.4737,19,6,3,0,0,6,3,0.5000
4,48.0000,18,45,780.5617,-87.6281,-0.5073,5,0.1250,1.0000,4,7,6,0,0,7,6,0.1429
4,48.0000,18,47,383.6937,-84.4783,0.9370,10,0.2500,0.8571,7,8,6,0,0,8,6,0.2500
4,48.0000,19,0,724.2374,-86.5928,-0.5687,11,0.2750,1.0000,4,8,8,0,0,8,8,0.0000
4,48.0000,19,1,805.9478,-88.0456,0.3164,6,0.1500,0.8750,8,2,2,0,0,2,2,0.0000
4,48.0000,19,2,592.6714,-85.0263,-0.4452,9,0.2250,0.7500,8,7,6,0,0,7,6,0.1429
4,48.0000,19,4,750.3594,-86.5719,0.2822,4,0.1000,1.0000,8,6,5,0,0,6,5,0.1667
4,48.0000,19,5,928.4321,-89.0863,0.2917,3,0.0750,,0,2,2,0,0,2,2,0.0000
4,48.0000,19,8,660.7977,-85.2045,0.1727,9,0.2250,1.0000,8,9,8,0,0,9,8,0.1111
4,48.0000,19,9,309.4028,-79.5080,0.4931,22,0.5500,0.5000,6,6,2,0,0,6,2,0.6667
4,48.0000,19,10,171.8915,-73.4451,0.0283,35,0.8750,0.0000,4,5,1,0,0,5,1,0.8000
4,48.0000,19,11,366.4727,-78.9280,-0.6957,28,0.7000,0.3333,6,7,6,0,0,7,6,0.1429
4,48.0000,19,12,451.6483,-83.3328,0.2681,12,0.3000,0.5714,7,7,6,0,0,7,6,0.1429
4,48.0000,19,13,683.6253,-85.8066,0.1847,15,0.3750,1.0000,8,6,2,0,0,6,2,0.6667
4,48.0000,19,16,284.8245,-79.3197,0.1032,24,0.6000,0.8571,7,6,3,0,0,6,3,0.5000
4,48.0000,19,17,338.4219,-78.6214,-0.5406,28,0.7000,0.4000,5,6,3,0,0,6,3,0.5000
4,48.0000,19,18,391.7461,-83.3562,1.4534,14,0.3500,0.8571,7,6,3,0,0,6,3,0.5000
4,48.0000,19,20,514.5346,-85.1535,0.5783,12,0.3000,0.7143,7,6,4,0,0,6,4,0.3333
4,48.0000,19,21,928.5671,-88.8290,0.0394,5,0.1250,,0,3,2,0,0,3,2,0.3333
4,48.0000,19,23,903.6324,-87.1836,0.1818,7,0.1750,0.8571,7,2,2,0,0,2,2,0.0000
4,48.0000,19,24,1089.9286,-88.4404,0.2156,3,0.0750,1.0000,6,6,6,0,0,6,6,0.0000
4,48.0000,19,25,600.1516,-84.6299,1.0552,10,0.2500,0.4000,5,8,8,0,0,8,8,0.0000
4,48.0000,19,26,63.8526,-70.7941,2.7585,33,0.8250,0.0000,4,5,1,0,0,5,1,0.8000
4,48.0000,19,27,962.3833,-87.3974,-0.8459,3,0.0750,1.0000,2,6,6,0,0,6,6,0.0000
4,48.0000,19,28,394.7979,-83.8996,0.9223,14,0.3500,0.8571,7,6,3,0,0,6,3,0.5000
4,48.0000,19,29,429.5301,-82.5533,0.7812,17,0.4250,0.6667,6,8,5,0,0,8,5,0.3750
4,48.0000,19,30,815.9112,-87.7876,-0.0845,8,0.2000,1.0000,2,4,4,0,0,4,4,0.0000
4,48.0000,19,31,259.9520,-77.4718,0.0098,34,0.8500,0.5000,6,6,3,0,0,6,3,0.5000
4,48.0000,19,32,270.8419,-77.0490,-0.3138,29,0.7250,0.2000,5,7,4,0,0,7,4,0.4286
4,48.0000,19,33,494.4121,-84.5594,0.4453,13,0.3250,0.7500,8,7,6,0,0,7,6,0.1429
4,48.0000,19,35,1074.4699,-89.4003,0.0723,3,0.0750,1.0000,2,4,4,0,0,4,4,0.0000
4,48.0000,19,36,943.8163,-87.7775,0.7994,7,0.1750,1.0000,8,2,2,0,0,2,2,0.0000
4,48.0000,19,38,815.5172,-88.0227,-0.4039,8,0.2000,1.0000,2,8,8,0,0,8,8,0.0000
4,48.0000,19,39,345.3944,-80.8379,0.1838,23,0.5750,0.7143,7,7,5,0,0,7,5,0.2857
4,48.0000,19,40,1055.4330,-88.2883,0.2459,5,0.1250,1.0000,2,6,6,0,0,6,6,0.0000
4,48.0000,19,42,1044.5288,-88.4268,0.9971,3,0.0750,1.0000,6,4,4,0,0,4,4,0.0000
4,48.0000,19,43,555.9901,-84.2996,-0.1026,16,0.4000,1.0000,8,8,8,0,0,8,8,0.0000
4,48.0000,19,44,597.3632,-85.8094,0.5039,10,0.2500,1.0000,8,8,7,0,0,8,7,0.1250
4,48.0000,19,45,708.8827,-85.4315,-1.4451,8,0.2000,1.0000,6,4,4,0,0,4,4,0.0000
4,48.0000,19,47,526.8152,-84.0870,-0.1831,11,0.2750,0.8750,8,7,4,0,0,7,4,0.4286
4,48.0000,20,0,950.4714,-88.3156,-0.8932,3,0.0750,1.0000,2,4,4,0,0,4,4,0.0000
4,48.0000,20,1,804.2430,-86.8171,0.3982,11,0.2750,1.0000,8,6,6,0,0,6,6,0.0000
4,48.0000,20,2,278.2723,-78.0334,0.6519,29,0.7250,0.7143,7,6,2,0,0,6,2,0.6667
4,48.0000,20,4,530.5063,-84.4793,0.3227,10,0.2500,0.7500,8,6,5,0,0,6,5,0.1667
4,48.0000,20,5,669.3885,-86.4684,0.3706,12,0.3000,1.0000,6,7,6,0,0,7,6,0.1429
4,48.0000,20,8,400.6307,-82.1674,0.5686,19,0.4750,0.8750,8,7,4,0,0,7,4,0.4286
4,48.0000,20,9,309.7605,-82.2375,0.9389,15,0.3750,0.8571,7,6,3,0,0,6,3,0.5000
4,48.0000,20,10,685.0607,-86.4595,1.2466,8,0.2000,0.8750,8,8,8,0,0,8,8,0.0000
4,48.0000,20,11,857.8851,-87.8645,-0.7125,3,0.0750,1.0000,6,6,6,0,0,6,6,0.0000
4,48.0000,20,12,609.8293,-85.2682,0.9148,7,0.1750,1.0000,8,7,5,0,0,7,5,0.2857
4,48.0000,20,13,849.7135,-88.0848,-0.0627,5,0.1250,1.0000,8,4,4,0,0,4,4,0.0000
4,48.0000,20,16,240.7569,-78.7523,0.6022,24,0.6000,0.5714,7,4,0,0,0,4,0,1.0000
4,48.0000,20,17,780.6935,-86.9871,0.6807,6,0.1500,1.0000,8,5,4,0,0,5,4,0.2000
4,48.0000,20,18,530.3820,-86.8629,-0.3292,6,0.1500,0.8571,7,7,5,0,0,7,5,0.2857
4,48.0000,20,19,514.5346,-85.0900,0.2090,9,0.2250,0.8571,7,7,6,0,0,7,6,0.1429
4,48.0000,20,21,714.2443,-86.8661,0.7453,11,0.2750,0.6667,6,7,6,0,0,7,6,0.1429
4,48.0000,20,25,503.1709,-83.0816,-0.1325,17,0.4250,0.8750,8,7,5,0,0,7,5,0.2857
4,48.0000,20,26,463.1361,-82.0064,0.6046,13,0.3250,0.4000,5,6,4,0,0,6,4,0.3333
4,48.0000,20,28,472.9875,-84.1610,0.1219,10,0.2500,0.7143,7,7,6,0,0,7,6,0.1429
4,48.0000,20,29,234.6085,-77.6808,0.8429,32,0.8000,0.4000,5,6,3,0,0,6,3,0.5000
4,48.0000,20,31,761.1057,-87.8253,0.3456,4,0.1000,1.0000,4,8,8,0,0,8,8,0.0000
4,48.0000,20,32,589.1675,-86.0371,1.2058,10,0.2500,1.0000,6,8,7,0,0,8,7,0.1250
4,48.0000,20,33,654.6369,-85.9542,0.0862,7,0.1750,1.0000,8,8,8,0,0,8,8,0.0000
4,48.0000,20,34,895.5072,-87.8607,0.1790,7,0.1750,,0,6,6,0,0,6,6,0.0000
4,48.0000,20,38,766.7274,-86.5840,0.2179,6,0.1500,1.0000,8,7,6,0,0,7,6,0.1429
4,48.0000,20,39,175.1460,-75.9091,1.3487,30,0.7500,0.6032,126,5,2,98,31,103,33,0.6796
4,48.0000,20,43,913.2224,-86.4638,-0.1551,5,0.1250,1.0000,8,6,6,0,0,6,6,0.0000
4,48.0000,20,44,796.9206,-88.9304,0.5623,4,0.1000,1.0000,8,8,7,0,0,8,7,0.1250
4,48.0000,20,45,262.0716,-76.4757,-0.3170,36,0.9000,0.3333,6,5,2,0,0,5,2,0.6000
4,48.0000,20,47,213.6559,-74.6921,-1.1304,35,0.8750,0.3333,6,6,2,0,0,6,2,0.6667
4,48.0000,21,1,452.5713,-82.5213,-1.1574,17,0.4250,0.8571,7,8,6,0,0,8,6,0.2500
4,48.0000,21,2,490.2107,-83.2584,0.3516,12,0.3000,1.0000,8,7,6,0,0,7,6,0.1429
4,48.0000,21,5,247.5427,-78.2904,0.5224,32,0.8000,0.4000,5,5,1,0,0,5,1,0.8000
4,48.0000,21,8,351.0575,-78.8585,0.4943,20,0.5000,0.7143,7,6,3,0,0,6,3,0.5000
4,48.0000,21,12,593.6506,-86.0147,-0.2910,6,0.1500,1.0000,8,7,6,0,0,7,6,0.1429
4,48.0000,21,13,683.4406,-85.7003,-0.2543,8,0.2000,1.0000,8,8,8,0,0,8,8,0.0000
4,48.0000,21,20,714.2443,-84.6099,-0.4765,5,0.1250,0.7143,7,8,8,0,0,8,8,0.0000
4,48.0000,21,25,425.9485,-82.6375,-0.5834,12,0.3000,0.8571,7,8,8,0,0,8,8,0.0000
4,48.0000,21,27,791.9046,-87.3196,0.4456,5,0.1250,1.0000,8,7,6,0,0,7,6,0.1429
4,48.0000,21,34,360.8356,-81.2916,1.0387,27,0.6750,0.7143,7,6,2,0,0,6,2,0.6667
4,48.0000,21,36,875.5666,-88.1240,-0.3703,5,0.1250,1.0000,6,2,2,0,0,2,2,0.0000
4,48.0000,21,39,721.7262,-85.1792,-0.5077,3,0.0750,1.0000,8,8,8,0,0,8,8,0.0000
4,48.0000,21,40,707.1501,-86.2734,-0.4644,9,0.2250,1.0000,8,6,6,0,0,6,6,0.0000
4,48.0000,21,45,534.8319,-84.1120,0.2882,7,0.1750,1.0000,8,7,6,0,0,7,6,0.1429
4,48.0000,22,3,695.1667,-84.8248,0.1906,8,0.2000,1.0000,8,5,4,0,0,5,4,0.2000
4,48.0000,22,4,378.6372,-79.5867,-0.2978,21,0.5250,0.8571,7,7,6,0,0,7,6,0.1429
4,48.0000,22,6,637.7920,-84.3859,1.2689,6,0.1500,1.0000,8,8,7,0,0,8,7,0.1250
4,48.0000,22,15,511.4694,-83.9605,0.7293,8,0.2000,0.6667,6,8,8,0,0,8,8,0.0000
4,48.0000,22,37,590.4010,-85.4547,0.4677,5,0.1250,0.8571,7,8,8,0,0,8,8,0.0000
4,48.0000,22,38,275.6850,-78.4939,0.0030,20,0.5000,0.4000,5,4,0,0,0,4,0,1.0000
4,48.0000,22,42,390.3361,-81.7040,-0.2664,9,0.2250,0.8750,8,5,2,0,0,5,2,0.6000
4,48.0000,23,0,435.9318,-80.4164,-0.3099,18,0.4500,0.7143,7,7,6,127,123,134,129,0.0373
4,48.0000,23,3,959.6703,-86.9698,-1.0958,4,0.1000,,0,4,4,0,0,4,4,0.0000
4,48.0000,23,6,952.7542,-87.8979,1.2057,7,0.1750,1.0000,8,8,8,0,0,8,8,0.0000
4,48.0000,23,7,541.1456,-83.9679,0.0263,20,0.5000,0.8571,7,8,7,0,0,8,7,0.1250
4,48.0000,23,14,544.9906,-85.1183,-0.0949,14,0.3500,0.8571,7,7,5,0,0,7,5,0.2857
4,48.0000,23,15,1023.1708,-88.5651,0.1276,3,0.0750,1.0000,6,8,8,0,0,8,8,0.0000
4,48.0000,23,17,794.2159,-85.9571,0.7716,4,0.1000,1.0000,8,8,8,0,0,8,8,0.0000
4,48.0000,23,18,818.7352,-87.3102,8.8412,3,0.0750,1.0000,8,6,6,0,0,6,6,0.0000
4,48.0000,23,22,934.4776,-89.4953,0.5297,3,0.0750,1.0000,2,8,8,0,0,8,8,0.0000
4,48.0000,23,24,448.5967,-83.1869,-0.1955,21,0.5250,0.8571,7,8,7,0,0,8,7,0.1250
4,48.0000,23,28,806.3832,-86.2367,-1.5077,5,0.1250,1.0000,10,8,8,0,0,8,8,0.0000
4,48.0000,23,30,322.7429,-79.8844,0.8068,26,0.6500,0.5714,7,7,4,0,0,7,4,0.4286
4,48.0000,23,31,746.0221,-86.3363,-1.8696,4,0.1000,1.0000,8,8,8,0,0,8,8,0.0000
4,48.0000,23,33,603.3650,-84.0107,-3.5545,7,0.1750,0.9868,152,8,8,16,16,24,24,0.0000
4,48.0000,23,37,804.0421,-86.9426,1.2960,8,0.2000,0.6250,8,8,8,0,0,8,8,0.0000
4,48.0000,23,38,863.0369,-88.2184,-0.3052,4,0.1000,1.0000,6,5,4,0,0,5,4,0.2000
4,48.0000,23,41,427.7868,-82.4980,0.5721,20,0.5000,0.7143,7,7,6,0,0,7,6,0.1429
4,48.0000,23,42,673.7049,-86.6544,-0.4020,7,0.1750,1.0000,8,7,6,0,0,7,6,0.1429
4,48.0000,23,43,369.6264,-81.0115,0.8595,16,0.4000,0.6667,6,7,4,0,0,7,4,0.4286
4,48.0000,23,44,590.8464,-84.4873,0.0292,11,0.2750,1.0000,8,8,8,0,0,8,8,0.0000
4,48.0000,23,46,695.7681,-86.0101,-1.0459,11,0.2750,0.8571,7,8,8,0,0,8,8,0.0000
4,48.0000,24,0,441.0144,-83.8672,-0.0870,10,0.2500,1.0000,8,7,6,0,0,7,6,0.1429
4,48.0000,24,3,674.2389,-86.7551,1.4800,7,0.1750,1.0000,8,6,5,0,0,6,5,0.1667
4,48.0000,24,6,645.6181,-85.5555,0.0202,10,0.2500,0.8571,7,8,8,0,0,8,8,0.0000
4,48.0000,24,7,106.8140,-66.9992,-0.6407,36,0.9000,0.0000,4,4,1,0,0,4,1,0.7500
4,48.0000,24,14,147.0945,-75.8073,1.7392,28,0.7000,0.2000,5,6,2,0,0,6,2,0.6667
4,48.0000,24,15,777.5134,-87.1389,-0.4734,5,0.1250,1.0000,8,8,8,0,0,8,8,0.0000
4,48.0000,24,23,448.5967,-83.1797,0.1915,11,0.2750,0.6250,8,7,6,0,0,7,6,0.1429
4,48.0000,24,28,909.4353,-87.9310,0.9988,3,0.0750,1.0000,6,8,7,0,0,8,7,0.1250
4,48.0000,24,30,310.4985,-80.2353,0.6149,19,0.4750,0.6667,6,8,6,0,0,8,6,0.2500
4,48.0000,24,31,983.6539,-87.9143,1.0724,3,0.0750,1.0000,8,6,6,0,0,6,6,0.0000
4,48.0000,24,33,763.6941,-86.9918,-0.0189,3,0.0750,1.0000,8,8,8,0,0,8,8,0.0000
4,48.0000,24,37,517.4937,-84.0537,-0.2236,14,0.3500,0.8571,7,9,8,0,0,9,8,0.1111
4,48.0000,24,41,131.0017,-72.4882,1.1403,36,0.9000,0.2000,5,4,0,0,0,4,0,1.0000
4,48.0000,24,42,560.3343,-84.0238,-0.3305,8,0.2000,1.0000,10,5,4,0,0,5,4,0.2000
4,48.0000,24,43,698.8473,-86.4331,-0.9427,3,0.0750,1.0000,8,8,8,0,0,8,8,0.0000
4,48.0000,24,44,590.3957,-86.9070,0.1392,6,0.1500,1.0000,8,8,8,0,0,8,8,0.0000
4,48.0000,24,46,322.8296,-76.8820,-1.4850,34,0.8500,0.4000,5,5,2,0,0,5,2,0.6000
4,48.0000,25,1,303.4186,-81.2980,0.8048,26,0.6500,0.4000,5,6,3,0,0,6,3,0.5000
4,48.0000,25,2,426.3436,-81.2395,-1.6762,14,0.3500,0.8571,7,7,5,0,0,7,5,0.2857
4,48.0000,25,4,1020.2929,-89.5039,-0.0654,3,0.0750,1.0000,6,4,4,0,0,4,4,0.0000
4,48.0000,25,5,351.7705,-82.0470,0.5327,22,0.5500,0.2000,5,6,3,0,0,6,3,0.5000
4,48.0000,25,8,367.7562,-79.7122,-0.7325,21,0.5250,0.6667,6,8,6,0,0,8,6,0.2500
4,48.0000,25,9,599.3093,-84.7641,0.9186,9,0.2250,0.9000,10,7,6,0,0,7,6,0.1429
4,48.0000,25,10,715.2658,-84.1400,-0.5239,7,0.1750,1.0000,8,7,6,0,0,7,6,0.1429
4,48.0000,25,11,758.3841,-86.8167,1.6090,6,0.1500,0.9600,25,8,8,0,0,8,8,0.0000
4,48.0000,25,12,281.7968,-77.8709,0.3872,25,0.6250,0.6667,6,5,2,0,0,5,2,0.6000
4,48.0000,25,13,407.0514,-81.1355,-0.5334,23,0.5750,0.6667,6,5,2,0,0,5,2,0.6000
4,48.0000,25,16,457.3335,-82.1782,-0.2436,13,0.3250,0.8750,8,7,6,0,0,7,6,0.1429
4,48.0000,25,17,781.5445,-86.6917,0.0374,6,0.1500,0.8571,7,7,6,0,0,7,6,0.1429
4,48.0000,25,19,600.1516,-84.8185,0.8067,7,0.1750,1.0000,8,8,7,0,0,8,7,0.1250
4,48.0000,25,20,503.1709,-83.4510,-0.6128,15,0.3750,0.6667,6,7,5,0,0,7,5,0.2857
4,48.0000,25,21,425.9485,-82.5809,-0.3419,21,0.5250,0.7143,7,7,6,0,0,7,6,0.1429
4,48.0000,25,26,568.0378,-83.0024,0.1765,10,0.2500,0.8571,7,8,8,0,0,8,8,0.0000
4,48.0000,25,27,746.5382,-85.8105,0.3006,9,0.2250,0.8000,5,8,8,0,0,8,8,0.0000
4,48.0000,25,28,841.1343,-86.0275,-1.2441,3,0.0750,1.0000,6,8,8,0,0,8,8,0.0000
4,48.0000,25,29,458.4312,-81.2631,-0.9997,16,0.4000,0.7143,7,8,8,0,0,8,8,0.0000
4,48.0000,25,31,802.7663,-88.1791,0.6871,4,0.1000,1.0000,6,6,6,0,0,6,6,0.0000
4,48.0000,25,32,501.8621,-85.4853,1.3450,10,0.2500,0.8750,8,6,3,0,0,6,3,0.5000
4,48.0000,25,34,558.7510,-85.2011,0.3050,14,0.3500,0.8000,5,9,8,0,0,9,8,0.1111
4,48.0000,25,35,668.6201,-86.0103,0.6046,14,0.3500,0.7500,8,8,8,0,0,8,8,0.0000
4,48.0000,25,36,702.0025,-86.2114,0.3260,13,0.3250,1.0000,8,6,6,0,0,6,6,0.0000
4,48.0000,25,39,455.7529,-82.6056,0.3983,9,0.2250,0.7500,8,8,8,0,0,8,8,0.0000
4,48.0000,25,40,753.7720,-85.7298,1.3547,7,0.1750,1.0000,6,4,4,0,0,4,4,0.0000
4,48.0000,25,45,497.5226,-82.6808,0.4712,17,0.4250,0.7143,7,8,8,0,0,8,8,0.0000
4,48.0000,25,47,692.6108,-85.8505,-0.2987,9,0.2250,1.0000,8,8,8,0,0,8,8,0.0000
4,48.0000,26,0,738.4075,-87.5415,0.1041,15,0.3750,0.6000,5,4,4,0,0,4,4,0.0000
4,48.0000,26,1,789.9495,-86.8798,-0.2026,12,0.3000,0.8000,5,6,5,0,0,6,5,0.1667
4,48.0000,26,2,561.5098,-82.8881,-0.7632,26,0.6500,0.6667,6,8,8,0,0,8,8,0.0000
4,48.0000,26,4,721.8339,-86.8127,-0.2518,16,0.4000,1.0000,8,6,6,0,0,6,6,0.0000
4,48.0000,26,8,634.4675,-85.1152,-0.0382,23,0.5750,1.0000,8,7,6,0,0,7,6,0.1429
4,48.0000,26,9,289.3106,-78.4274,0.5703,29,0.7250,0.5000,6,6,4,0,0,6,4,0.3333
4,48.0000,26,10,223.1418,-78.4620,1.2536,30,0.7500,0.6667,6,4,0,0,0,4,0,1.0000
4,48.0000,26,11,412.2372,-81.8825,-0.1384,25,0.6250,0.6667,6,5,2,10,8,15,10,0.3333
4,48.0000,26,12,447.8459,-83.3379,0.8503,29,0.7250,0.7143,7,8,8,0,0,8,8,0.0000
4,48.0000,26,13,680.9531,-85.9914,-1.0664,17,0.4250,0.8750,8,8,8,0,0,8,8,0.0000
4,48.0000,26,14,1087.5799,-89.1858,-0.2676,3,0.0750,,0,4,4,0,0,4,4,0.0000
4,48.0000,26,16,228.7906,-74.1311,-1.5453,33,0.8250,0.0000,4,7,5,0,0,7,5,0.2857
4,48.0000,26,17,400.1059,-82.7681,-0.0307,25,0.6250,0.7500,8,7,6,0,0,7,6,0.1429
4,48.0000,26,18,368.1227,-83.8249,0.9900,20,0.5000,0.6667,6,6,3,0,0,6,3,0.5000
4,48.0000,26,19,63.8526,-71.7282,2.7117,32,0.8000,0.3333,6,5,1,0,0,5,1,0.8000
4,48.0000,26,20,463.1361,-82.9233,-0.5712,23,0.5750,0.8571,7,8,8,0,0,8,8,0.0000
4,48.0000,26,21,906.1669,-88.3351,-0.0455,11,0.2750,1.0000,2,6,6,0,0,6,6,0.0000
4,48.0000,26,23,944.7292,-87.4682,0.3164,6,0.1500,1.0000,2,6,6,0,0,6,6,0.0000
4,48.0000,26,25,568.0378,-84.3492,-0.5422,24,0.6000,0.8571,7,6,4,0,0,6,4,0.3333
4,48.0000,26,27,983.0668,-87.6849,-0.2975,11,0.2750,1.0000,2,8,8,0,0,8,8,0.0000
4,48.0000,26,28,374.1937,-83.2079,0.9678,23,0.5750,0.7143,7,6,3,0,0,6,3,0.5000
4,48.0000,26,29,366.7284,-79.5842,-0.9437,28,0.7000,0.5000,4,7,6,0,0,7,6,0.1429
4,48.0000,26,30,838.7852,-88.0003,0.1176,7,0.1750,1.0000,2,4,4,0,0,4,4,0.0000
4,48.0000,26,31,322.0033,-82.3290,0.9751,26,0.6500,0.8571,7,6,2,0,0,6,2,0.6667
4,48.0000,26,32,300.4668,-79.4607,1.0722,30,0.7500,0.2000,5,7,5,0,0,7,5,0.2857
4,48.0000,26,33,502.0661,-85.3485,0.5182,17,0.4250,1.0000,6,8,6,0,0,8,6,0.2500
4,48.0000,26,35,1071.1086,-88.4097,0.5726,6,0.1500,1.0000,4,2,2,0,0,2,2,0.0000
4,48.0000,26,38,794.9126,-86.7174,0.1532,11,0.2750,1.0000,8,8,8,0,0,8,8,0.0000
4,48.0000,26,39,298.2081,-77.1840,-0.9499,29,0.7250,0.6667,6,8,6,0,0,8,6,0.2500
4,48.0000,26,40,1069.8401,-88.8180,0.1226,8,0.2000,1.0000,4,4,4,0,0,4,4,0.0000
4,48.0000,26,43,601.5416,-85.6739,0.4678,15,0.3750,1.0000,8,8,8,0,0,8,8,0.0000
4,48.0000,26,44,599.5896,-86.4602,1.0037,11,0.2750,0.8750,8,7,6,0,0,7,6,0.1429
4,48.0000,26,45,667.2510,-85.3997,-0.1490,22,0.5500,1.0000,5,5,4,0,0,5,4,0.2000
4,48.0000,26,47,476.4488,-82.2956,-1.1135,27,0.6750,0.6667,6,7,6,0,0,7,6,0.1429
4,48.0000,27,1,535.8335,-84.2684,1.7668,10,0.2500,0.8571,7,7,5,0,0,7,5,0.2857
4,48.0000,27,11,833.2700,-85.7928,0.4776,3,0.0750,1.0000,6,8,8,0,0,8,8,0.0000
4,48.0000,27,12,582.9874,-84.2979,0.2359,9,0.2250,0.8571,7,8,8,0,0,8,8,0.0000
4,48.0000,27,13,467.0002,-82.7067,-0.2691,17,0.4250,0.7143,7,8,8,0,0,8,8,0.0000
4,48.0000,27,21,791.9046,-86.7401,0.9061,4,0.1000,1.0000,8,8,8,0,0,8,8,0.0000
4,48.0000,27,32,718.2471,-85.3871,0.0661,4,0.1000,1.0000,7,8,8,0,0,8,8,0.0000
4,48.0000,27,34,961.2223,-87.6392,0.0207,3,0.0750,1.0000,6,8,7,0,0,8,7,0.1250
4,48.0000,27,35,442.2767,-83.1706,0.1911,24,0.6000,0.2000,5,5,2,0,0,5,2,0.6000
4,48.0000,27,36,331.2219,-80.0570,0.7653,30,0.7500,0.7143,7,6,1,0,0,6,1,0.8333
4,48.0000,27,40,175.7957,-75.7834,0.2460,35,0.8750,0.0000,4,4,0,0,0,4,0,1.0000
4,48.0000,28,0,479.8896,-83.5812,0.7977,15,0.3750,0.8571,7,6,4,0,0,6,4,0.3333
4,48.0000,28,2,655.5018,-85.4325,0.2372,12,0.3000,0.8571,7,7,6,0,0,7,6,0.1429
4,48.0000,28,4,401.5666,-79.5371,-0.1070,25,0.6250,0.6667,6,7,5,0,0,7,5,0.2857
4,48.0000,28,6,949.2412,-87.5243,0.1544,8,0.2000,1.0000,2,6,6,0,0,6,6,0.0000
4,48.0000,28,8,781.2598,-86.8435,0.8035,5,0.1250,1.0000,2,7,6,0,0,7,6,0.1429
4,48.0000,28,9,313.4964,-79.9840,-0.2798,22,0.5500,0.6667,6,8,7,0,0,8,7,0.1250
4,48.0000,28,10,499.6783,-84.4568,0.6695,11,0.2750,0.8750,8,8,8,0,0,8,8,0.0000
4,48.0000,28,11,725.0876,-86.7868,0.3279,7,0.1750,1.0000,8,8,8,0,0,8,8,0.0000
4,48.0000,28,12,792.3062,-87.9101,-1.3325,4,0.1000,1.0000,6,8,7,0,0,8,7,0.1250
4,48.0000,28,14,855.2340,-86.8396,-0.5143,7,0.1750,0.8571,7,6,6,0,0,6,6,0.0000
4,48.0000,28,15,908.3316,-88.0711,0.5901,6,0.1500,1.0000,6,4,4,0,0,4,4,0.0000
4,48.0000,28,16,385.7704,-84.0392,1.5823,10,0.2500,0.8750,8,6,4,0,0,6,4,0.3333
4,48.0000,28,17,624.3644,-85.0413,0.0462,12,0.3000,1.0000,8,7,6,0,0,7,6,0.1429
4,48.0000,28,18,129.0743,-71.9204,0.5432,37,0.9250,0.0000,4,4,0,0,0,4,0,1.0000
4,48.0000,28,19,394.7979,-82.6807,0.6526,10,0.2500,0.6667,6,6,4,0,0,6,4,0.3333
4,48.0000,28,20,472.9875,-84.3747,0.4116,11,0.2750,0.7778,9,8,8,0,0,8,8,0.0000
4,48.0000,28,22,623.4479,-85.2395,-0.3900,17,0.4250,0.7500,4,4,3,0,0,4,3,0.2500
4,48.0000,28,23,806.3832,-86.0551,-0.6664,8,0.2000,1.0000,10,8,8,0,0,8,8,0.0000
4,48.0000,28,24,909.4353,-87.6664,0.0934,7,0.1750,1.0000,8,2,1,0,0,2,1,0.5000
4,48.0000,28,26,374.1937,-82.5788,0.7550,15,0.3750,0.8571,7,8,5,0,0,8,5,0.3750
4,48.0000,28,29,473.1611,-84.1775,0.3236,13,0.3250,1.0000,8,4,2,0,0,4,2,0.5000
4,48.0000,28,30,620.3848,-86.4421,-0.6848,12,0.3000,1.0000,8,3,2,0,0,3,2,0.3333
4,48.0000,28,31,538.2184,-85.7392,-0.2683,13,0.3250,0.8571,7,7,6,0,0,7,6,0.1429
4,48.0000,28,32,615.6031,-85.5635,-1.0503,6,0.1500,1.0000,8,7,6,0,0,7,6,0.1429
4,48.0000,28,33,227.2466,-77.2652,0.0593,33,0.8250,0.0000,4,7,3,0,0,7,3,0.5714
4,48.0000,28,37,850.3699,-87.2335,0.7983,14,0.3500,0.8571,7,6,4,0,0,6,4,0.3333
4,48.0000,28,38,424.3754,-80.4587,-1.4785,20,0.5000,0.5714,7,7,5,0,0,7,5,0.2857
4,48.0000,28,39,403.0667,-81.2959,-0.3080,16,0.4000,0.6667,6,6,4,0,0,6,4,0.3333
4,48.0000,28,41,919.8273,-87.7895,0.2216,7,0.1750,1.0000,8,8,8,0,0,8,8,0.0000
4,48.0000,28,42,702.6901,-87.0836,-0.1929,8,0.2000,1.0000,6,8,8,0,0,8,8,0.0000
4,48.0000,28,43,538.7742,-84.3020,1.0108,12,0.3000,0.8571,7,7,6,0,0,7,6,0.1429
4,48.0000,28,44,326.2674,-81.1216,0.0778,19,0.4750,0.5652,23,5,2,2,2,7,4,0.4286
4,48.0000,28,45,705.5354,-87.5139,0.1630,5,0.1250,0.8571,7,6,6,0,0,6,6,0.0000
4,48.0000,28,47,327.8856,-80.0815,1.1208,16,0.4000,0.4000,5,6,3,0,0,6,3,0.5000
4,48.0000,29,0,937.6228,-88.1003,0.0711,3,0.0750,,0,6,6,0,0,6,6,0.0000
4,48.0000,29,1,748.5217,-86.4175,1.2336,11,0.2750,1.0000,8,8,8,0,0,8,8,0.0000
4,48.0000,29,2,447.5282,-82.4282,-0.8990,16,0.4000,0.8750,8,8,7,0,0,8,7,0.1250
4,48.0000,29,4,660.2864,-87.1690,-0.1211,12,0.3000,1.0000,6,4,4,0,0,4,4,0.0000
4,48.0000,29,5,701.2213,-86.0681,-0.4216,12,0.3000,1.0000,2,8,6,0,0,8,6,0.2500
4,48.0000,29,8,532.4250,-83.0121,0.6243,14,0.3500,0.7500,8,6,5,1,0,7,5,0.2857
4,48.0000,29,9,384.7932,-82.6426,0.3843,17,0.4250,0.8788,66,6,4,2,1,8,5,0.3750
4,48.0000,29,10,578.7970,-85.7542,0.1105,14,0.3500,1.0000,8,8,7,72,71,80,78,0.0250
4,48.0000,29,11,735.2056,-86.3636,-0.3929,11,0.2750,0.8750,8,7,6,0,0,7,6,0.1429
4,48.0000,29,12,541.0817,-84.2886,-0.0929,12,0.3000,0.8571,7,7,6,0,0,7,6,0.1429
4,48.0000,29,13,743.5372,-87.7113,-0.6086,6,0.1500,1.0000,8,7,6,0,0,7,6,0.1429
4,48.0000,29,16,177.5490,-75.5337,0.2847,29,0.7250,0.5714,7,3,0,0,0,3,0,1.0000
4,48.0000,29,17,748.6706,-87.2136,-0.6689,7,0.1750,1.0000,10,8,7,0,0,8,7,0.1250
4,48.0000,29,18,472.2015,-84.4093,0.6216,11,0.2750,1.0000,8,7,6,0,0,7,6,0.1429
4,48.0000,29,19,429.5301,-84.1726,-0.4544,17,0.4250,0.8750,8,7,6,16,16,23,22,0.0435
4,48.0000,29,20,234.6085,-77.7105,0.0104,34,0.8500,0.3333,6,6,2,0,0,6,2,0.6667
4,48.0000,29,21,792.6578,-87.7407,-0.0333,8,0.2000,1.0000,8,6,6,0,0,6,6,0.0000
4,48.0000,29,25,458.4312,-82.1307,-1.1133,19,0.4750,0.6154,26,8,8,0,0,8,8,0.0000
4,48.0000,29,26,366.7284,-81.1376,-0.7762,19,0.4750,0.6667,6,8,7,52,49,60,56,0.0667
4,48.0000,29,27,1121.7589,-88.6541,0.0522,5,0.1250,1.0000,4,8,8,0,0,8,8,0.0000
4,48.0000,29,28,473.1611,-84.1361,0.4278,14,0.3500,1.0000,8,8,8,0,0,8,8,0.0000
4,48.0000,29,31,688.6951,-86.3507,0.6801,11,0.2750,1.0000,4,8,8,0,0,8,8,0.0000
4,48.0000,29,32,556.6474,-85.2414,0.4094,10,0.2500,0.9231,13,7,6,0,0,7,6,0.1429
4,48.0000,29,33,685.1961,-86.2047,-0.3924,7,0.1750,0.8571,7,8,8,0,0,8,8,0.0000
4,48.0000,29,34,922.7622,-88.2037,-0.1870,8,0.2000,,0,4,4,0,0,4,4,0.0000
4,48.0000,29,38,803.2297,-86.3753,-0.4892,11,0.2750,1.0000,6,8,8,0,0,8,8,0.0000
4,48.0000,29,39,219.1267,-77.1052,0.8436,31,0.7750,0.6182,55,5,1,0,0,5,1,0.8000
4,48.0000,29,43,914.1336,-88.4094,-0.7349,4,0.1000,1.0000,4,8,8,0,0,8,8,0.0000
4,48.0000,29,44,765.5066,-88.2797,0.4345,5,0.1250,1.0000,6,8,8,0,0,8,8,0.0000
4,48.0000,29,45,457.5784,-81.6666,-0.0939,24,0.6000,0.8750,8,7,6,0,0,7,6,0.1429
4,48.0000,29,47,299.9829,-78.4967,0.2441,25,0.6250,0.4000,5,6,4,0,0,6,4,0.3333
4,48.0000,30,0,154.4025,-73.5858,0.1821,30,0.7500,0.2000,5,6,3,0,0,6,3,0.5000
4,48.0000,30,3,741.2685,-85.2805,-2.0156,6,0.1500,0.7500,8,8,8,0,0,8,8,0.0000
4,48.0000,30,6,677.6761,-85.5462,-0.1605,14,0.3500,0.5000,6,7,6,0,0,7,6,0.1429
4,48.0000,30,7,412.5651,-80.5199,-0.3855,32,0.8000,1.0000,8,8,8,0,0,8,8,0.0000
4,48.0000,30,9,859.5504,-87.3955,-0.6015,3,0.0750,1.0000,8,8,8,0,0,8,8,0.0000
4,48.0000,30,14,316.4539,-79.1258,-0.3392,27,0.6750,0.6667,6,7,6,0,0,7,6,0.1429
4,48.0000,30,15,746.5713,-84.8727,0.3700,12,0.3000,0.7143,7,8,8,0,0,8,8,0.0000
4,48.0000,30,17,834.9590,-87.1090,-1.0690,3,0.0750,1.0000,8,6,6,0,0,6,6,0.0000
4,48.0000,30,18,606.2981,-85.4304,0.9460,5,0.1250,0.8571,7,8,8,0,0,8,8,0.0000
4,48.0000,30,22,722.7331,-85.9379,0.1649,7,0.1750,1.0000,4,7,6,0,0,7,6,0.1429
4,48.0000,30,23,322.7429,-80.3398,0.4829,25,0.6250,0.2000,5,6,2,0,0,6,2,0.6667
4,48.0000,30,24,310.4985,-80.0282,0.5894,30,0.7500,0.3333,6,5,2,0,0,5,2,0.6000
4,48.0000,30,28,620.3848,-85.3280,0.1057,4,0.1000,0.8571,7,8,8,0,0,8,8,0.0000
4,48.0000,30,31,733.9400,-87.9854,-0.6716,3,0.0750,1.0000,4,8,8,0,0,8,8,0.0000
4,48.0000,30,33,456.1906,-82.9784,0.5845,9,0.2250,0.8571,7,8,7,0,0,8,7,0.1250
4,48.0000,30,37,530.3235,-83.2993,-1.1313,19,0.4750,0.6667,6,8,8,0,0,8,8,0.0000
4,48.0000,30,38,597.9784,-84.5279,0.3266,4,0.1000,0.8750,8,8,7,0,0,8,7,0.1250
4,48.0000,30,41,314.4477,-77.9028,-1.0670,32,0.8000,0.4000,5,7,6,0,0,7,6,0.1429
4,48.0000,30,42,440.4421,-81.7940,-0.4437,23,0.5750,0.5000,6,7,5,0,0,7,5,0.2857
4,48.0000,30,43,431.2496,-83.3818,0.8908,11,0.2750,1.0000,8,7,6,0,0,7,6,0.1429
4,48.0000,30,44,326.2120,-79.2152,-0.6628,22,0.5500,0.3333,6,8,5,0,0,8,5,0.3750
4,48.0000,30,46,627.5269,-84.6113,-1.3699,15,0.3750,0.5000,6,8,8,0,0,8,8,0.0000
4,48.0000,30,47,937.8070,-86.6057,0.9001,4,0.1000,,0,10,10,0,0,10,10,0.0000
4,48.0000,31,0,689.0191,-84.0106,-1.2874,5,0.1250,0.6250,8,8,8,0,0,8,8,0.0000
4,48.0000,31,1,949.9450,-88.1774,0.0844,5,0.1250,1.0000,4,8,8,0,0,8,8,0.0000
4,48.0000,31,2,802.2009,-86.6506,1.2172,5,0.1250,0.8571,7,8,7,0,0,8,7,0.1250
4,48.0000,31,8,857.0915,-86.3426,-1.4769,3,0.0750,1.0000,6,8,8,0,0,8,8,0.0000
4,48.0000,31,9,502.4389,-83.4503,-0.1752,9,0.2250,1.0000,8,8,8,0,0,8,8,0.0000
4,48.0000,31,10,141.5239,-73.4821,0.6623,32,0.8000,0.2000,5,4,0,6,1,10,1,0.9000
4,48.0000,31,11,253.0009,-76.5952,-0.4539,32,0.8000,0.3333,6,7,6,0,0,7,6,0.1429
4,48.0000,31,12,584.9077,-85.1610,1.8575,9,0.2250,0.9934,152,5,4,8,8,13,12,0.0769
4,48.0000,31,16,541.7759,-83.8982,-0.7307,8,0.2000,0.8750,8,7,6,0,0,7,6,0.1429
4,48.0000,31,17,179.2348,-74.3228,0.2875,32,0.8000,0.2000,5,4,0,0,0,4,0,1.0000
4,48.0000,31,18,529.4371,-85.9978,-0.2363,6,0.1500,1.0000,8,8,8,0,0,8,8,0.0000
4,48.0000,31,19,259.9520,-78.2015,-0.1767,22,0.5500,0.0000,4,6,2,0,0,6,2,0.6667
4,48.0000,31,23,746.0221,-86.4523,-0.5192,7,0.1750,1.0000,8,6,6,0,0,6,6,0.0000
4,48.0000,31,26,322.0033,-81.3854,0.8518,15,0.3750,0.6667,6,6,4,0,0,6,4,0.3333
4,48.0000,31,28,538.2184,-83.9845,0.4583,6,0.1500,1.0000,8,8,6,0,0,8,6,0.2500
4,48.0000,31,32,348.1199,-79.5484,-0.7196,26,0.6500,0.4000,5,8,8,0,0,8,8,0.0000
4,48.0000,31,33,534.6525,-83.5445,-0.0803,6,0.1500,0.6667,6,8,8,0,0,8,8,0.0000
4,48.0000,31,36,974.0223,-88.0043,-0.9308,4,0.1000,1.0000,4,8,7,0,0,8,7,0.1250
4,48.0000,31,39,590.7280,-84.7280,-1.3949,5,0.1250,1.0000,8,8,8,126,124,134,132,0.0149
4,48.0000,31,43,412.7249,-80.4747,-1.2344,21,0.5250,1.0000,8,7,6,0,0,7,6,0.1429
4,48.0000,31,44,618.4376,-84.4092,2.6002,3,0.0750,1.0000,8,10,9,0,0,10,9,0.1000
4,48.0000,32,1,641.4303,-85.4989,0.5110,6,0.1500,1.0000,8,6,6,0,0,6,6,0.0000
4,48.0000,32,2,535.1464,-83.3339,-0.3510,7,0.1750,1.0000,8,8,8,0,0,8,8,0.0000
4,48.0000,32,8,549.9303,-85.3464,-0.8416,8,0.2000,0.8571,7,8,7,0,0,8,7,0.1250
4,48.0000,32,9,394.8237,-80.5066,0.1163,10,0.2500,0.7778,9,7,6,0,0,7,6,0.1429
4,48.0000,32,10,329.8674,-78.7945,-0.8299,22,0.5500,0.2000,5,7,6,0,0,7,6,0.1429
4,48.0000,32,11,384.3447,-80.1781,-0.3881,26,0.6500,0.8571,7,6,4,0,0,6,4,0.3333
4,48.0000,32,12,281.6931,-80.6426,1.0386,11,0.2750,1.0000,8,5,2,0,0,5,2,0.6000
4,48.0000,32,13,531.1846,-85.3742,-0.0314,8,0.2000,1.0000,10,5,4,0,0,5,4,0.2000
4,48.0000,32,16,404.0248,-81.0273,-0.4916,11,0.2750,0.6667,6,7,6,0,0,7,6,0.1429
4,48.0000,32,17,281.5793,-76.0129,-1.1413,32,0.8000,0.0000,4,7,5,0,0,7,5,0.2857
4,48.0000,32,18,645.2034,-86.5468,0.2242,5,0.1250,1.0000,8,8,7,0,0,8,7,0.1250
4,48.0000,32,19,270.8419,-76.2969,-1.2914,25,0.6250,0.4000,5,6,4,0,0,6,4,0.3333
4,48.0000,32,20,589.1675,-84.0621,0.0912,5,0.1250,1.0000,8,7,6,0,0,7,6,0.1429
4,48.0000,32,21,760.8530,-87.1299,-0.5035,3,0.0750,1.0000,6,2,2,0,0,2,2,0.0000
4,48.0000,32,25,501.8621,-84.2881,-1.0625,8,0.2000,0.7500,8,8,8,0,0,8,8,0.0000
4,48.0000,32,26,300.4668,-78.7877,0.4265,17,0.4250,0.6667,6,7,6,0,0,7,6,0.1429
4,48.0000,32,27,718.2471,-85.1415,-0.1711,10,0.2500,1.0000,8,7,6,0,0,7,6,0.1429
4,48.0000,32,28,615.6031,-85.8616,1.0367,4,0.1000,1.0000,8,5,2,0,0,5,2,0.6000
4,48.0000,32,29,556.6474,-83.6476,-0.2160,6,0.1500,0.8571,7,8,7,0,0,8,7,0.1250
4,48.0000,32,31,348.1199,-78.9407,-0.3821,19,0.4750,0.6667,6,7,6,0,0,7,6,0.1429
4,48.0000,32,33,679.0368,-84.6780,-0.6977,4,0.1000,1.0000,8,8,8,0,0,8,8,0.0000
4,48.0000,32,35,892.4840,-88.7789,0.1916,4,0.1000,1.0000,4,5,4,0,0,5,4,0.2000
4,48.0000,32,36,763.0711,-87.8961,-0.8336,5,0.1250,1.0000,6,4,4,0,0,4,4,0.0000
4,48.0000,32,39,422.6120,-81.5731,0.5986,8,0.2000,0.8571,7,8,7,0,0,8,7,0.1250
4,48.0000,32,40,803.7018,-87.2057,-0.3739,6,0.1500,0.8333,6,8,8,0,0,8,8,0.0000
4,48.0000,32,43,665.7149,-83.9875,-0.9734,10,0.2500,0.6667,6,7,6,0,0,7,6,0.1429
4,48.0000,32,44,835.3305,-86.8203,0.0459,5,0.1250,0.8000,5,7,6,0,0,7,6,0.1429
4,48.0000,32,45,691.3896,-87.1808,0.0167,4,0.1000,1.0000,4,6,6,0,0,6,6,0.0000
4,48.0000,32,47,681.1166,-86.8461,-0.1949,5,0.1250,1.0000,4,8,8,0,0,8,8,0.0000
4,48.0000,33,0,330.0349,-79.7889,0.0016,25,0.6250,0.5000,8,6,4,0,0,6,4,0.3333
4,48.0000,33,2,780.7810,-86.7407,0.9518,5,0.1250,1.0000,8,4,4,0,0,4,4,0.0000
4,48.0000,33,4,456.2646,-82.4921,-0.7890,12,0.3000,0.8571,7,7,6,0,0,7,6,0.1429
4,48.0000,33,6,884.5021,-86.1266,-1.0337,4,0.1000,0.7500,4,4,4,0,0,4,4,0.0000
4,48.0000,33,8,901.8371,-88.4020,0.1855,3,0.0750,1.0000,8,4,4,0,0,4,4,0.0000
4,48.0000,33,9,421.6407,-80.6113,0.9245,11,0.2750,0.5000,6,6,4,0,0,6,4,0.3333
4,48.0000,33,10,554.5267,-85.0970,0.8437,7,0.1750,1.0000,8,8,8,0,0,8,8,0.0000
4,48.0000,33,11,768.2499,-85.5565,-1.4461,5,0.1250,1.0000,6,8,8,0,0,8,8,0.0000
4,48.0000,33,12,909.5740,-88.2638,-1.0419,3,0.0750,1.0000,8,8,8,0,0,8,8,0.0000
4,48.0000,33,14,733.3816,-87.3401,-0.9288,9,0.2250,1.0000,8,2,2,0,0,2,2,0.0000
4,48.0000,33,16,567.0790,-86.4227,0.9378,7,0.1750,1.0000,8,7,5,0,0,7,5,0.2857
4,48.0000,33,17,599.8362,-84.6367,0.0198,8,0.2000,1.0000,8,7,5,0,0,7,5,0.2857
4,48.0000,33,18,301.1982,-79.1968,0.0548,20,0.5000,0.7143,7,6,4,0,0,6,4,0.3333
4,48.0000,33,19,494.4121,-85.9004,-0.5290,6,0.1500,1.0000,8,8,6,0,0,8,6,0.2500
4,48.0000,33,20,654.6369,-88.0351,0.9734,5,0.1250,1.0000,8,7,5,0,0,7,5,0.2857
4,48.0000,33,22,569.8267,-84.5508,0.7359,13,0.3250,1.0000,6,8,8,0,0,8,8,0.0000
4,48.0000,33,23,603.3650,-84.0856,-0.1445,17,0.4250,0.6667,6,4,4,0,0,4,4,0.0000
4,48.0000,33,24,763.6941,-85.6254,1.7170,6,0.1500,1.0000,4,4,4,0,0,4,4,0.0000
4,48.0000,33,26,502.0661,-84.5217,0.1628,8,0.2000,0.8571,7,8,7,0,0,8,7,0.1250
4,48.0000,33,28,227.2466,-76.1551,0.3652,20,0.5000,0.3333,6,4,0,0,0,4,0,1.0000
4,48.0000,33,29,685.1961,-86.8063,1.0554,3,0.0750,0.8571,7,7,6,0,0,7,6,0.1429
4,48.0000,33,30,456.1906,-82.6427,0.1721,16,0.4000,0.8750,8,6,3,0,0,6,3,0.5000
4,48.0000,33,31,534.6525,-83.9004,0.8300,8,0.2000,0.8333,6,6,4,0,0,6,4,0.3333
4,48.0000,33,32,679.0368,-85.9868,0.2820,7,0.1750,0.7143,7,7,6,0,0,7,6,0.1429
4,48.0000,33,37,763.7253,-85.6124,-0.1225,6,0.1500,1.0000,8,8,8,0,0,8,8,0.0000
4,48.0000,33,38,428.2847,-81.7454,-0.6748,14,0.3500,0.7143,7,7,6,0,0,7,6,0.1429
4,48.0000,33,39,571.6454,-84.4905,0.2465,8,0.2000,0.7143,7,7,6,0,0,7,6,0.1429
4,48.0000,33,41,755.0952,-85.6280,0.5284,13,0.3250,1.0000,10,8,8,0,0,8,8,0.0000
4,48.0000,33,42,574.4476,-84.4543,0.8059,11,0.2750,0.8333,6,7,6,0,0,7,6,0.1429
4,48.0000,33,43,366.6892,-81.1764,0.5841,18,0.4500,0.8571,7,5,2,0,0,5,2,0.6000
4,48.0000,33,44,261.5180,-78.6600,0.0544,24,0.6000,0.3333,6,5,1,9,0,14,1,0.9286
4,48.0000,33,45,852.5249,-87.0780,-0.1825,7,0.1750,,0,8,8,0,0,8,8,0.0000
4,48.0000,33,47,524.0285,-84.6131,0.8208,8,0.2000,1.0000,8,5,2,0,0,5,2,0.6000
4,48.0000,34,1,515.7130,-84.1279,-0.3981,14,0.3500,0.5000,6,8,8,0,0,8,8,0.0000
4,48.0000,34,2,751.8705,-88.6697,0.3434,3,0.0750,1.0000,8,7,6,0,0,7,6,0.1429
4,48.0000,34,5,232.2411,-77.2695,0.1925,32,0.8000,0.3333,6,4,0,0,0,4,0,1.0000
4,48.0000,34,8,638.2374,-85.9443,0.1591,6,0.1500,1.0000,8,8,8,0,0,8,8,0.0000
4,48.0000,34,12,792.2800,-86.2725,-0.6822,6,0.1500,1.0000,8,8,8,0,0,8,8,0.0000
4,48.0000,34,13,782.9231,-85.5821,0.4335,5,0.1250,0.8750,8,8,8,0,0,8,8,0.0000
4,48.0000,34,21,360.8356,-80.6011,-0.1383,17,0.4250,0.7143,7,8,7,0,0,8,7,0.1250
4,48.0000,34,25,558.7510,-86.0491,-0.5624,6,0.1500,1.0000,8,8,8,0,0,8,8,0.0000
4,48.0000,34,27,961.2223,-88.6615,-0.1159,4,0.1000,1.0000,6,8,8,0,0,8,8,0.0000
4,48.0000,34,35,745.3463,-87.1212,1.2071,8,0.2000,0.8571,7,8,8,0,0,8,8,0.0000
4,48.0000,34,36,947.9842,-86.7454,-0.1642,6,0.1500,1.0000,8,2,2,0,0,2,2,0.0000
4,48.0000,35,1,373.1107,-81.5699,1.1590,16,0.4000,0.8750,8,8,8,0,0,8,8,0.0000
4,48.0000,35,5,739.9849,-86.5544,-0.2428,5,0.1250,1.0000,8,6,6,0,0,6,6,0.0000
4,48.0000,35,12,640.7788,-83.7725,-0.7474,4,0.1000,1.0000,8,7,6,0,0,7,6,0.1429
4,48.0000,35,13,396.0309,-80.6675,-0.0483,18,0.4500,0.6667,6,6,4,0,0,6,4,0.3333
4,48.0000,35,21,755.6796,-86.2834,3.0579,3,0.0750,1.0000,4,8,8,0,0,8,8,0.0000
4,48.0000,35,25,668.6201,-85.2993,1.0003,4,0.1000,1.0000,8,10,10,0,0,10,10,0.0000
4,48.0000,35,27,442.2767,-82.1074,-0.5120,19,0.4750,0.7500,8,6,4,0,0,6,4,0.3333
4,48.0000,35,34,745.3463,-86.4584,-0.3936,8,0.2000,0.8571,7,7,6,0,0,7,6,0.1429
4,48.0000,35,36,276.0425,-75.1658,-1.7359,37,0.9250,0.0000,4,6,3,0,0,6,3,0.5000
4,48.0000,35,40,433.9752,-82.2390,0.2521,25,0.6250,1.0000,8,6,3,0,0,6,3,0.5000
4,48.0000,36,1,468.5455,-82.8987,-0.0690,18,0.4390,0.8750,8,6,3,0,0,6,3,0.5000
4,48.0000,36,2,1057.0643,-88.3125,-3.9026,3,0.0732,1.0000,2,6,6,0,0,6,6,0.0000
4,48.0000,36,5,883.5865,-88.1614,-0.9457,8,0.1951,1.0000,2,8,8,0,0,8,8,0.0000
4,48.0000,36,11,780.3967,-89.0001,-1.1076,3,0.0732,1.0000,8,8,8,0,0,8,8,0.0000
4,48.0000,36,12,562.8978,-84.8543,-0.1163,7,0.1707,0.8571,7,8,8,0,0,8,8,0.0000
4,48.0000,36,13,314.4751,-79.5298,-0.2588,23,0.5610,0.8571,7,6,2,0,0,6,2,0.6667
4,48.0000,36,21,875.5666,-86.0978,0.1129,3,0.0732,1.0000,8,8,8,0,0,8,8,0.0000
4,48.0000,36,25,702.0025,-85.4585,-1.4011,5,0.1220,1.0000,8,8,8,0,0,8,8,0.0000
4,48.0000,36,27,331.2219,-80.6036,0.2536,32,0.7805,0.3333,6,5,1,0,0,5,1,0.8000
4,48.0000,36,32,763.0711,-86.7173,-1.9897,3,0.0732,1.0000,6,8,8,0,0,8,8,0.0000
4,48.0000,36,35,276.0425,-75.2476,-2.1967,37,0.9024,0.0000,4,5,1,0,0,5,1,0.8000
4,48.0000,36,40,434.1430,-82.1894,-0.6080,27,0.6585,0.6667,6,6,4,0,0,6,4,0.3333
4,48.0000,37,0,510.3137,-83.4852,-0.0399,12,0.3000,1.0000,8,7,6,0,0,7,6,0.1429
4,48.0000,37,3,272.0461,-79.6907,0.5317,36,0.9000,0.4000,5,6,2,0,0,6,2,0.6667
4,48.0000,37,4,866.3826,-88.3864,0.3834,5,0.1250,1.0000,8,6,6,0,0,6,6,0.0000
4,48.0000,37,6,149.4077,-73.3191,0.1137,39,0.9750,0.0000,4,6,1,0,0,6,1,0.8333
4,48.0000,37,7,546.0389,-84.0339,0.1736,21,0.5250,0.6667,6,8,8,0,0,8,8,0.0000
4,48.0000,37,14,392.4773,-78.7986,-1.2806,33,0.8250,0.0000,4,8,7,0,0,8,7,0.1250
4,48.0000,37,15,261.3356,-79.8310,0.8321,35,0.8750,0.2000,5,4,0,0,0,4,0,1.0000
4,48.0000,37,17,1298.3807,-88.1700,-3.5361,3,0.0750,1.0000,6,2,2,0,0,2,2,0.0000
4,48.0000,37,18,828.0518,-86.5990,-1.1904,7,0.1750,1.0000,8,8,8,0,0,8,8,0.0000
4,48.0000,37,22,590.4010,-85.5088,0.0776,11,0.2750,0.8750,8,8,8,0,0,8,8,0.0000
4,48.0000,37,23,804.0421,-86.2503,-0.0143,10,0.2500,1.0000,8,8,8,0,0,8,8,0.0000
4,48.0000,37,24,517.4937,-83.3413,-0.0999,20,0.5000,0.7143,7,6,3,0,0,6,3,0.5000
4,48.0000,37,28,850.3699,-86.8487,-1.0110,7,0.1750,1.0000,8,8,8,0,0,8,8,0.0000
4,48.0000,37,30,530.3235,-82.8258,-0.8771,22,0.5500,0.8750,8,8,8,0,0,8,8,0.0000
4,48.0000,37,33,763.7253,-86.2537,-0.7252,6,0.1500,1.0000,8,8,8,0,0,8,8,0.0000
4,48.0000,37,38,531.6509,-85.4584,0.1482,10,0.2500,1.0000,8,8,6,0,0,8,6,0.2500
4,48.0000,37,41,480.5521,-82.3157,-0.3973,22,0.5500,0.8750,8,7,6,0,0,7,6,0.1429
4,48.0000,37,42,278.7889,-77.7873,-0.3631,28,0.7000,0.2000,5,5,2,0,0,5,2,0.6000
4,48.0000,37,43,926.7815,-87.5402,0.5432,7,0.1750,1.0000,8,8,8,0,0,8,8,0.0000
4,48.0000,37,44,581.5057,-83.1635,0.5116,13,0.3250,0.8750,8,8,8,0,0,8,8,0.0000
4,48.0000,37,46,652.0346,-83.6607,-0.9344,25,0.6250,0.8571,7,8,7,0,0,8,7,0.1250
4,48.0000,38,0,455.2268,-84.7942,-0.1923,14,0.3500,0.8750,8,8,7,0,0,8,7,0.1250
4,48.0000,38,3,730.5913,-86.7202,-1.4627,5,0.1250,1.0000,2,6,6,0,0,6,6,0.0000
4,48.0000,38,4,349.4744,-78.3756,-0.7506,27,0.6750,0.5000,6,7,5,0,0,7,5,0.2857
4,48.0000,38,6,595.5848,-85.9230,-0.5571,12,0.3000,0.8750,8,8,6,0,0,8,6,0.2500
4,48.0000,38,7,893.7827,-87.9861,0.3262,3,0.0750,1.0000,4,4,4,0,0,4,4,0.0000
4,48.0000,38,9,695.2981,-87.2556,-0.3191,4,0.1000,1.0000,8,8,8,0,0,8,8,0.0000
4,48.0000,38,14,720.2033,-86.5361,-0.9613,7,0.1750,0.8571,7,7,6,0,0,7,6,0.1429
4,48.0000,38,15,509.7735,-84.1814,0.0110,21,0.5250,1.0000,8,8,8,0,0,8,8,0.0000
4,48.0000,38,16,772.9130,-87.7071,-2.0479,3,0.0750,1.0000,8,8,8,0,0,8,8,0.0000
4,48.0000,38,17,1010.1523,-88.0182,-0.8602,3,0.0750,1.0000,8,6,6,0,0,6,6,0.0000
4,48.0000,38,18,447.8168,-80.4819,-1.5675,19,0.4750,1.0000,8,8,8,0,0,8,8,0.0000
4,48.0000,38,19,815.5172,-86.6037,-1.4737,3,0.0750,1.0000,8,8,8,0,0,8,8,0.0000
4,48.0000,38,20,766.7274,-85.6056,-1.8214,6,0.1500,0.8571,7,8,8,0,0,8,8,0.0000
4,48.0000,38,22,275.6850,-78.7737,0.0632,36,0.9000,0.4000,5,6,2,0,0,6,2,0.6667
4,48.0000,38,23,863.0369,-87.1811,0.5311,4,0.1000,1.0000,8,4,4,0,0,4,4,0.0000
4,48.0000,38,24,818.1029,-87.2812,-1.5666,7,0.1750,1.0000,4,4,4,0,0,4,4,0.0000
4,48.0000,38,26,794.9126,-88.0566,-1.6310,4,0.1000,1.0000,8,8,8,0,0,8,8,0.0000
4,48.0000,38,28,424.3754,-81.0218,-1.5981,18,0.4500,0.5000,6,8,8,0,0,8,8,0.0000
4,48.0000,38,29,803.2297,-86.3320,1.6853,4,0.1000,1.0000,8,4,4,0,0,4,4,0.0000
4,48.0000,38,30,597.9784,-85.3843,0.2981,15,0.3750,0.8571,7,8,8,0,0,8,8,0.0000
4,48.0000,38,33,428.2847,-82.0655,-0.4731,17,0.4250,1.0000,8,7,6,0,0,7,6,0.1429
4,48.0000,38,37,531.6509,-85.0321,0.0257,14,0.3500,1.0000,8,8,7,0,0,8,7,0.1250
4,48.0000,38,39,773.5719,-85.2986,-0.5034,6,0.1500,1.0000,8,8,8,0,0,8,8,0.0000
4,48.0000,38,41,794.4352,-87.0947,0.2119,4,0.1000,1.0000,4,8,8,0,0,8,8,0.0000
4,48.0000,38,42,399.0054,-82.8879,0.3300,21,0.5250,0.8571,7,7,5,0,0,7,5,0.2857
4,48.0000,38,43,762.1665,-87.3306,0.4679,6,0.1500,1.0000,8,8,8,0,0,8,8,0.0000
4,48.0000,38,44,375.9434,-80.7660,-0.4709,20,0.5000,0.7143,7,7,5,0,0,7,5,0.2857
4,48.0000,38,47,560.0299,-85.5896,-0.4362,6,0.1500,0.7143,7,8,8,0,0,8,8,0.0000
4,48.0000,39,0,869.1984,-86.8436,-0.4813,5,0.1250,1.0000,8,4,4,0,0,4,4,0.0000
4,48.0000,39,1,741.7100,-86.1554,0.3809,14,0.3500,0.6667,6,5,4,0,0,5,4,0.2000
4,48.0000,39,2,300.9810,-79.3624,0.6562,31,0.7750,0.3333,6,5,2,0,0,5,2,0.6000
4,48.0000,39,4,581.9946,-83.9124,0.2723,17,0.4250,1.0000,8,5,3,0,0,5,3,0.4000
4,48.0000,39,5,701.4256,-87.1560,0.4162,9,0.2250,,0,8,8,0,0,8,8,0.0000
4,48.0000,39,8,406.5971,-82.2095,0.2110,25,0.6250,0.5000,6,6,3,0,0,6,3,0.5000
4,48.0000,39,9,187.1043,-74.9882,0.4459,34,0.8500,0.2000,5,4,0,0,0,4,0,1.0000
4,48.0000,39,10,516.7005,-83.9562,-0.0347,16,0.4000,0.8571,7,8,6,0,0,8,6,0.2500
4,48.0000,39,11,686.9106,-86.7728,0.3607,11,0.2750,0.9592,49,7,5,0,0,7,5,0.2857
4,48.0000,39,12,482.5352,-84.6220,-0.2928,18,0.4500,0.8571,7,6,4,6,5,12,9,0.2500
4,48.0000,39,13,739.9663,-87.1290,0.4742,9,0.2250,0.8571,7,8,8,0,0,8,8,0.0000
4,48.0000,39,16,95.6082,-71.2078,1.5388,39,0.9750,0.0000,4,4,0,0,0,4,0,1.0000
4,48.0000,39,17,609.9952,-84.7651,0.5064,12,0.3000,0.7500,8,9,8,0,0,9,8,0.1111
4,48.0000,39,18,454.1169,-83.2537,0.0248,10,0.2500,0.8571,7,7,6,0,0,7,6,0.1429
4,48.0000,39,19,345.3944,-80.8020,0.2380,22,0.5500,0.6667,6,6,4,0,0,6,4,0.3333
4,48.0000,39,20,175.1460,-76.6045,0.9757,34,0.8500,0.4000,5,4,0,0,0,4,0,1.0000
4,48.0000,39,21,721.7262,-85.8939,-0.2230,13,0.3250,1.0000,8,8,8,0,0,8,8,0.0000
4,48.0000,39,22,928.7057,-88.1520,-1.2815,5,0.1250,1.0000,4,6,6,0,0,6,6,0.0000
4,48.0000,39,23,1121.3409,-89.3484,-0.6079,3,0.0750,1.0000,4,2,2,0,0,2,2,0.0000
4,48.0000,39,25,455.7529,-82.5837,0.4995,19,0.4750,0.5714,7,7,6,2,2,9,8,0.1111
4,48.0000,39,26,298.2081,-76.9192,-0.8480,29,0.7250,0.4286,7,7,6,0,0,7,6,0.1429
4,48.0000,39,27,1042.4948,-89.2462,-0.4257,3,0.0750,1.0000,2,8,8,0,0,8,8,0.0000
4,48.0000,39,28,403.0667,-81.3060,0.3513,11,0.2750,0.7143,7,6,3,0,0,6,3,0.5000
4,48.0000,39,29,219.1267,-76.7986,0.9012,33,0.8250,0.3333,6,6,3,0,0,6,3,0.5000
4,48.0000,39,31,590.7280,-86.1197,0.6918,10,0.2500,1.0000,8,8,7,0,0,8,7,0.1250
4,48.0000,39,32,422.6120,-83.2234,0.6975,15,0.3750,1.0000,6,8,7,0,0,8,7,0.1250
4,48.0000,39,33,571.6454,-84.5468,0.1754,11,0.2750,0.8571,7,8,8,0,0,8,8,0.0000
4,48.0000,39,34,933.5449,-87.5680,0.3583,5,0.1250,,0,8,8,0,0,8,8,0.0000
4,48.0000,39,37,1247.7690,-89.0415,-0.2641,3,0.0750,1.0000,4,6,6,0,0,6,6,0.0000
4,48.0000,39,38,773.5719,-86.2746,0.6006,7,0.1750,1.0000,8,8,8,0,0,8,8,0.0000
4,48.0000,39,40,1082.9216,-89.0922,-0.3472,4,0.1000,1.0000,4,4,4,0,0,4,4,0.0000
4,48.0000,39,42,1090.8044,-88.8659,0.1234,3,0.0750,,0,2,2,0,0,2,2,0.0000
4,48.0000,39,43,779.6902,-87.2004,-0.5612,6,0.1500,1.0000,8,8,7,0,0,8,7,0.1250
4,48.0000,39,44,720.9180,-87.7209,-0.3226,9,0.2250,1.0000,8,8,8,52,47,60,55,0.0833
4,48.0000,39,45,374.7264,-80.5105,-0.3092,30,0.7500,0.2000,5,8,7,0,0,8,7,0.1250
4,48.0000,39,47,281.3871,-76.8659,-0.7147,38,0.9500,0.4000,5,5,2,0,0,5,2,0.6000
4,48.0000,40,1,521.9667,-83.4252,-1.2185,12,0.3000,1.0000,8,7,6,0,0,7,6,0.1429
4,48.0000,40,5,828.3767,-85.2765,-3.1268,3,0.0750,0.8571,7,6,6,0,0,6,6,0.0000
4,48.0000,40,12,647.4097,-84.5123,-1.5106,6,0.1500,0.8750,8,8,8,0,0,8,8,0.0000
4,48.0000,40,13,543.2559,-83.7477,-0.4908,12,0.3000,1.0000,8,8,8,0,0,8,8,0.0000
4,48.0000,40,21,707.1501,-87.2719,-0.4230,5,0.1250,1.0000,8,7,6,0,0,7,6,0.1429
4,48.0000,40,25,753.7720,-87.0675,-5.4289,3,0.0750,1.0000,8,8,8,0,0,8,8,0.0000
4,48.0000,40,27,175.7957,-75.6707,0.6128,31,0.7750,0.1364,88,4,1,76,4,80,5,0.9375
4,48.0000,40,34,866.1463,-88.2197,-4.5249,3,0.0750,1.0000,8,6,6,0,0,6,6,0.0000
4,48.0000,40,35,433.9752,-82.2210,-0.4659,22,0.5500,0.0000,4,7,5,0,0,7,5,0.2857
4,48.0000,40,36,434.1430,-82.2421,-0.0401,22,0.5500,0.2000,5,8,5,0,0,8,5,0.3750
4,48.0000,41,0,440.0719,-82.8054,-0.7098,15,0.3750,0.8000,5,6,4,0,0,6,4,0.3333
4,48.0000,41,3,604.2129,-85.9419,-0.1429,11,0.2750,1.0000,8,7,5,0,0,7,5,0.2857
4,48.0000,41,6,612.8094,-85.0813,1.2652,10,0.2500,1.0000,8,8,8,0,0,8,8,0.0000
4,48.0000,41,7,202.5926,-75.8897,0.4394,37,0.9250,0.0000,4,6,2,0,0,6,2,0.6667
4,48.0000,41,14,203.2208,-76.9762,0.6769,34,0.8500,0.2000,5,4,0,0,0,4,0,1.0000
4,48.0000,41,15,733.9678,-87.4222,-1.0139,6,0.1500,1.0000,6,10,10,0,0,10,10,0.0000
4,48.0000,41,18,901.3541,-88.1354,1.3355,3,0.0750,1.0000,8,6,6,0,0,6,6,0.0000
4,48.0000,41,23,427.7868,-81.4906,-0.8128,19,0.4750,0.7143,7,6,3,0,0,6,3,0.5000
4,48.0000,41,24,131.0017,-72.0594,0.7597,35,0.8750,0.0000,4,4,0,0,0,4,0,1.0000
4,48.0000,41,28,919.8273,-87.6209,-0.4118,3,0.0750,1.0000,8,6,6,0,0,6,6,0.0000
4,48.0000,41,30,314.4477,-77.6732,-0.6865,29,0.7250,0.5000,6,4,0,0,0,4,0,1.0000
4,48.0000,41,33,755.0952,-86.8101,-0.0256,3,0.0750,1.0000,8,8,8,0,0,8,8,0.0000
4,48.0000,41,37,480.5521,-82.5281,0.3726,17,0.4250,0.5000,6,7,5,0,0,7,5,0.2857
4,48.0000,41,42,488.4886,-82.8173,-0.5346,16,0.4000,1.0000,8,8,7,0,0,8,7,0.1250
4,48.0000,41,43,703.7150,-85.4038,0.2383,5,0.1250,1.0000,8,8,8,0,0,8,8,0.0000
4,48.0000,41,44,609.3145,-85.9573,-0.7049,4,0.1000,0.8571,7,8,7,0,0,8,7,0.1250
4,48.0000,41,46,337.4020,-79.7625,-0.3800,35,0.8750,0.4000,5,6,3,0,0,6,3,0.5000
4,48.0000,42,0,388.5332,-82.9825,0.6998,7,0.1707,0.7143,7,8,5,0,0,8,5,0.3750
4,48.0000,42,3,420.5952,-80.4878,-0.3760,32,0.7805,0.3333,6,7,4,0,0,7,4,0.4286
4,48.0000,42,4,673.8733,-85.0606,0.0670,5,0.1220,1.0000,8,8,8,0,0,8,8,0.0000
4,48.0000,42,6,391.6828,-80.4042,0.1700,30,0.7317,0.5000,6,7,6,0,0,7,6,0.1429
4,48.0000,42,7,632.2948,-85.6638,0.4470,8,0.1951,1.0000,8,10,10,0,0,10,10,0.0000
4,48.0000,42,14,480.8009,-82.4497,-0.5064,23,0.5610,0.8571,7,6,3,0,0,6,3,0.5000
4,48.0000,42,15,381.6661,-81.8116,-0.5225,29,0.7073,1.0000,6,6,3,0,0,6,3,0.5000
4,48.0000,42,22,390.3361,-82.2687,0.6171,18,0.4390,0.4286,7,6,3,0,0,6,3,0.5000
4,48.0000,42,23,673.7049,-84.5535,0.2706,7,0.1707,1.0000,8,8,8,0,0,8,8,0.0000
4,48.0000,42,24,560.3343,-84.3049,0.2643,13,0.3171,1.0000,8,7,5,0,0,7,5,0.2857
4,48.0000,42,30,440.4421,-81.6495,-0.2213,19,0.4634,1.0000,8,8,7,0,0,8,7,0.1250
4,48.0000,42,37,278.7889,-78.0150,-0.0045,32,0.7805,0.0000,4,6,3,0,0,6,3,0.5000
4,48.0000,42,38,399.0054,-83.1066,0.2329,12,0.2927,1.0000,8,6,3,0,0,6,3,0.5000
4,48.0000,42,41,488.4886,-83.1041,0.0870,21,0.5122,0.8571,7,8,8,0,0,8,8,0.0000
4,48.0000,42,43,756.5910,-86.8183,0.1965,3,0.0732,1.0000,6,7,6,0,0,7,6,0.1429
4,48.0000,42,44,479.7234,-82.0822,0.0776,11,0.2683,0.6667,6,8,7,0,0,8,7,0.1250
4,48.0000,42,46,765.1174,-85.8096,-0.2966,10,0.2439,0.8750,8,8,7,0,0,8,7,0.1250
4,48.0000,43,0,424.8507,-83.2571,-1.2229,7,0.1795,0.7500,8,8,8,0,0,8,8,0.0000
4,48.0000,43,2,967.3965,-86.7451,0.5186,3,0.0769,1.0000,8,6,6,0,0,6,6,0.0000
4,48.0000,43,7,796.8626,-86.8019,0.2114,4,0.1026,1.0000,8,8,8,0,0,8,8,0.0000
4,48.0000,43,9,616.6262,-84.8046,-0.8137,5,0.1282,1.0000,8,8,8,0,0,8,8,0.0000
4,48.0000,43,10,516.5149,-83.6758,1.1838,10,0.2564,0.8571,7,7,6,0,0,7,6,0.1429
4,48.0000,43,11,653.9119,-84.0486,-0.2703,9,0.2308,1.0000,8,6,6,0,0,6,6,0.0000
4,48.0000,43,12,939.7206,-86.0829,2.5498,3,0.0769,1.0000,8,6,6,0,0,6,6,0.0000
4,48.0000,43,14,739.2587,-85.7717,0.3535,4,0.1026,0.8750,8,8,7,0,0,8,7,0.1250
4,48.0000,43,16,762.1115,-85.6130,-0.0958,3,0.0769,1.0000,8,8,8,0,0,8,8,0.0000
4,48.0000,43,17,445.9960,-81.1984,-0.9789,15,0.3846,0.7143,7,7,6,0,0,7,6,0.1429
4,48.0000,43,18,569.2593,-83.8111,0.4357,7,0.1795,1.0000,8,8,8,0,0,8,8,0.0000
4,48.0000,43,19,555.9901,-84.3748,0.2138,7,0.1795,0.8571,7,7,6,0,0,7,6,0.1429
4,48.0000,43,23,369.6264,-81.2820,0.5137,20,0.5128,0.8571,7,5,2,0,0,5,2,0.6000
4,48.0000,43,24,698.8473,-85.4919,-0.0447,4,0.1026,0.8571,7,8,8,0,0,8,8,0.0000
4,48.0000,43,26,601.5416,-86.3801,1.4791,4,0.1026,1.0000,8,8,8,0,0,8,8,0.0000
4,48.0000,43,28,538.7742,-81.9288,0.3912,10,0.2564,0.8571,7,8,7,0,0,8,7,0.1250
4,48.0000,43,30,431.2496,-83.5973,0.6050,12,0.3077,0.8750,8,6,2,0,0,6,2,0.6667
4,48.0000,43,31,412.7249,-79.9114,-0.3264,18,0.4615,0.4000,5,7,4,0,0,7,4,0.4286
4,48.0000,43,32,665.7149,-84.1103,0.6394,10,0.2564,0.8571,7,8,7,0,0,8,7,0.1250
4,48.0000,43,33,366.6892,-79.8712,0.3068,13,0.3333,0.8571,7,8,8,0,0,8,8,0.0000
4,48.0000,43,38,762.1665,-85.5220,3.1042,4,0.1026,1.0000,8,8,8,0,0,8,8,0.0000
4,48.0000,43,41,703.7150,-86.6409,1.9047,4,0.1026,0.8571,7,6,4,0,0,6,4,0.3333
4,48.0000,43,44,467.7850,-83.5770,1.0732,10,0.2564,0.6667,6,8,8,0,0,8,8,0.0000
4,48.0000,44,0,186.3242,-74.6427,0.2703,34,0.8500,0.0000,4,4,0,0,0,4,0,1.0000
4,48.0000,44,3,835.1353,-86.9715,-0.5885,10,0.2500,1.0000,4,3,2,0,0,3,2,0.3333
4,48.0000,44,4,578.5541,-85.2720,-0.4552,12,0.3000,0.5714,7,7,6,0,0,7,6,0.1429
4,48.0000,44,6,700.6698,-85.6789,0.0928,11,0.2750,1.0000,8,8,8,0,0,8,8,0.0000
4,48.0000,44,7,674.1116,-85.7019,-0.2021,16,0.4000,1.0000,4,8,8,0,0,8,8,0.0000
4,48.0000,44,9,615.2325,-86.1506,0.0656,4,0.1000,1.0000,8,8,7,0,0,8,7,0.1250
4,48.0000,44,10,615.0200,-86.0544,0.3654,5,0.1250,1.0000,8,8,8,0,0,8,8,0.0000
4,48.0000,44,11,817.9785,-87.8954,-0.9070,5,0.1250,1.0000,8,8,8,0,0,8,8,0.0000
4,48.0000,44,14,529.4051,-83.6081,0.4344,25,0.6250,0.6667,6,6,3,0,0,6,3,0.5000
4,48.0000,44,15,711.3760,-86.1448,0.5423,13,0.3250,1.0000,6,4,4,0,0,4,4,0.0000
4,48.0000,44,16,688.2476,-87.7874,-0.3960,5,0.1250,1.0000,8,8,8,0,0,8,8,0.0000
4,48.0000,44,17,739.3257,-87.1348,-0.0319,8,0.2000,1.0000,8,8,8,0,0,8,8,0.0000
4,48.0000,44,18,293.9617,-78.9058,0.3810,24,0.6000,0.4000,5,7,5,0,0,7,5,0.2857
4,48.0000,44,19,597.3632,-86.4370,0.1728,6,0.1500,1.0000,8,7,6,0,0,7,6,0.1429
4,48.0000,44,20,796.9206,-87.0443,0.6250,6,0.1500,0.8571,7,8,8,0,0,8,8,0.0000
4,48.0000,44,22,591.8301,-85.6184,-0.4450,12,0.3000,0.3333,3,7,5,0,0,7,5,0.2857
4,48.0000,44,23,590.8464,-84.7936,-0.3101,17,0.4250,0.7143,7,8,8,0,0,8,8,0.0000
4,48.0000,44,24,590.3957,-84.5577,-0.3277,13,0.3250,0.7500,8,8,8,0,0,8,8,0.0000
4,48.0000,44,26,599.5896,-86.2737,0.2887,7,0.1750,1.0000,8,8,7,0,0,8,7,0.1250
4,48.0000,44,28,326.2674,-79.8808,0.1351,18,0.4500,0.5000,6,5,1,0,0,5,1,0.8000
4,48.0000,44,29,765.5066,-87.9706,0.7268,4,0.1000,1.0000,8,6,6,0,0,6,6,0.0000
4,48.0000,44,30,326.2120,-79.5607,-0.5346,27,0.6750,0.7143,7,7,5,0,0,7,5,0.2857
4,48.0000,44,31,618.4376,-86.0977,-0.7831,10,0.2500,0.8750,8,8,7,0,0,8,7,0.1250
4,48.0000,44,32,835.3305,-86.6073,0.3790,4,0.1000,1.0000,8,8,8,0,0,8,8,0.0000
4,48.0000,44,33,261.5180,-78.3449,0.5614,25,0.6250,0.6667,6,5,2,0,0,5,2,0.6000
4,48.0000,44,37,581.5057,-82.9480,-0.0138,17,0.4250,1.0000,8,8,8,0,0,8,8,0.0000
4,48.0000,44,38,375.9434,-81.4952,0.8677,25,0.6250,0.5714,7,7,6,0,0,7,6,0.1429
4,48.0000,44,39,720.9180,-87.1777,-0.9698,5,0.1250,1.0000,8,7,5,0,0,7,5,0.2857
4,48.0000,44,41,609.3145,-83.8637,-0.4457,16,0.4000,1.0000,8,8,7,0,0,8,7,0.1250
4,48.0000,44,42,479.7234,-83.2888,-1.0043,22,0.5500,1.0000,8,6,4,0,0,6,4,0.3333
4,48.0000,44,43,467.7850,-86.0478,1.0993,13,0.3250,0.8750,8,8,7,0,0,8,7,0.1250
4,48.0000,44,47,631.4092,-86.3341,1.0201,6,0.1500,1.0000,8,7,5,0,0,7,5,0.2857
4,48.0000,45,1,765.7713,-85.2832,1.5549,4,0.1026,1.0000,8,6,6,0,0,6,6,0.0000
4,48.0000,45,2,173.4086,-75.9755,0.9001,31,0.7949,0.2000,5,5,1,0,0,5,1,0.8000
4,48.0000,45,4,673.3908,-86.0390,0.7630,5,0.1282,1.0000,8,4,4,0,0,4,4,0.0000
4,48.0000,45,5,525.2215,-85.2092,1.2419,8,0.2051,1.0000,4,6,4,0,0,6,4,0.3333
4,48.0000,45,8,251.9421,-79.4999,0.8421,22,0.5641,0.4000,5,7,3,0,0,7,3,0.5714
4,48.0000,45,9,477.2434,-83.7276,-0.8045,7,0.1795,0.8571,7,7,5,0,0,7,5,0.2857
4,48.0000,45,12,664.1352,-84.8123,0.8406,4,0.1026,1.0000,6,8,8,0,0,8,8,0.0000
4,48.0000,45,13,886.9149,-88.4346,-0.5275,3,0.0769,1.0000,8,8,8,0,0,8,8,0.0000
4,48.0000,45,16,457.4424,-81.8401,-0.3099,10,0.2564,0.8571,7,8,8,0,0,8,8,0.0000
4,48.0000,45,20,262.0716,-75.5101,-1.5209,32,0.8205,0.2000,5,5,2,0,0,5,2,0.6000
4,48.0000,45,21,534.8319,-83.3468,0.6058,12,0.3077,1.0000,8,8,7,0,0,8,7,0.1250
4,48.0000,45,25,497.5226,-83.0783,0.4054,7,0.1795,1.0000,8,7,5,0,0,7,5,0.2857
4,48.0000,45,26,667.2510,-87.1531,-1.3527,3,0.0769,0.8571,7,8,8,0,0,8,8,0.0000
4,48.0000,45,28,705.5354,-86.0758,0.6206,4,0.1026,1.0000,8,8,8,0,0,8,8,0.0000
4,48.0000,45,29,457.5784,-82.0310,0.6641,9,0.2308,0.6667,6,8,8,0,0,8,8,0.0000
4,48.0000,45,34,733.9238,-86.2212,0.4081,8,0.2051,1.0000,4,8,7,0,0,8,7,0.1250
4,48.0000,45,38,970.1831,-87.2277,-0.3893,3,0.0769,1.0000,2,7,7,0,0,7,7,0.0000
4,48.0000,45,39,374.7264,-80.6346,1.0191,10,0.2564,0.6667,6,8,6,0,0,8,6,0.2500
4,48.0000,45,47,446.0577,-79.9575,-2.1287,11,0.2821,0.8750,8,8,8,0,0,8,8,0.0000
4,48.0000,46,0,753.8246,-86.0169,-0.2024,3,0.0750,1.0000,8,8,8,0,0,8,8,0.0000
4,48.0000,46,3,700.8545,-85.6450,0.2136,10,0.2500,0.6667,6,7,5,0,0,7,5,0.2857
4,48.0000,46,6,735.7314,-86.1604,-0.2616,11,0.2750,1.0000,8,8,8,0,0,8,8,0.0000
4,48.0000,46,7,241.6371,-76.7900,-0.3705,35,0.8750,0.0000,4,4,0,0,0,4,0,1.0000
4,48.0000,46,14,383.4055,-79.3312,-0.0366,22,0.5500,0.2000,5,7,6,0,0,7,6,0.1429
4,48.0000,46,15,898.4633,-86.0288,0.4231,4,0.1000,1.0000,8,8,8,0,0,8,8,0.0000
4,48.0000,46,23,695.7681,-85.4961,0.8390,5,0.1250,1.0000,8,7,6,0,0,7,6,0.1429
4,48.0000,46,24,322.8296,-76.9612,-0.9635,33,0.8250,0.4000,5,5,2,0,0,5,2,0.6000
4,48.0000,46,30,627.5269,-83.8620,-0.4534,11,0.2750,0.8750,8,8,8,0,0,8,8,0.0000
4,48.0000,46,37,652.0346,-83.4447,-0.8181,10,0.2500,0.8571,7,8,7,0,0,8,7,0.1250
4,48.0000,46,41,337.4020,-78.5447,-0.0918,24,0.6000,0.7143,7,4,0,0,0,4,0,1.0000
4,48.0000,46,42,765.1174,-84.0510,1.0335,6,0.1500,0.8750,8,8,7,0,0,8,7,0.1250
4,48.0000,47,2,468.0823,-80.9715,-0.9631,15,0.3750,0.7143,7,8,8,0,0,8,8,0.0000
4,48.0000,47,4,363.8863,-81.2733,0.3547,16,0.4000,0.8571,7,5,1,0,0,5,1,0.8000
4,48.0000,47,5,878.7397,-85.6193,1.1661,3,0.0750,,0,6,6,0,0,6,6,0.0000
4,48.0000,47,8,602.0957,-84.7699,0.1183,7,0.1750,1.0000,8,8,8,0,0,8,8,0.0000
4,48.0000,47,9,329.9335,-79.6894,-0.8756,14,0.3500,0.5714,7,7,5,0,0,7,5,0.2857
4,48.0000,47,10,684.1815,-85.6767,-3.8916,3,0.0750,1.0000,8,8,8,0,0,8,8,0.0000
4,48.0000,47,13,1001.8331,-88.2734,0.4999,3,0.0750,1.0000,4,7,6,0,0,7,6,0.1429
4,48.0000,47,16,308.1031,-79.8120,0.0970,17,0.4250,0.7143,7,7,5,0,0,7,5,0.2857
4,48.0000,47,18,383.6937,-81.9704,1.2496,8,0.2000,0.6667,9,6,4,0,0,6,4,0.3333
4,48.0000,47,19,526.8152,-83.4536,-0.2780,5,0.1250,0.8750,8,8,7,0,0,8,7,0.1250
4,48.0000,47,20,213.6559,-74.2294,-0.8970,31,0.7750,0.0000,4,6,4,0,0,6,4,0.3333
4,48.0000,47,21,926.6495,-86.5117,-2.3919,3,0.0750,0.8333,6,4,4,0,0,4,4,0.0000
4,48.0000,47,22,713.0301,-87.1495,1.0229,4,0.1000,1.0000,6,3,2,0,0,3,2,0.3333
4,48.0000,47,25,692.6108,-85.0511,-1.5192,9,0.2250,0.8750,8,7,6,0,0,7,6,0.1429
4,48.0000,47,26,476.4488,-82.3863,-1.0086,10,0.2500,0.8571,7,7,5,0,0,7,5,0.2857
4,48.0000,47,28,327.8856,-79.6995,0.1976,12,0.3000,1.0000,8,6,3,0,0,6,3,0.5000
4,48.0000,47,29,299.9829,-79.0116,-0.7028,29,0.7250,0.2000,5,7,6,0,0,7,6,0.1429
4,48.0000,47,31,755.9449,-86.1728,-0.6782,4,0.1000,0.7500,4,7,6,0,0,7,6,0.1429
4,48.0000,47,32,681.1166,-83.7175,0.5678,3,0.0750,0.8571,7,7,6,0,0,7,6,0.1429
4,48.0000,47,33,524.0285,-85.0931,0.2605,4,0.1000,1.0000,8,8,7,0,0,8,7,0.1250
4,48.0000,47,38,560.0299,-83.8948,1.0179,9,0.2250,1.0000,8,8,8,0,0,8,8,0.0000
4,48.0000,47,39,281.3871,-77.3123,-0.8468,24,0.6000,0.5714,7,6,4,0,0,6,4,0.3333
4,48.0000,47,43,837.8211,-87.7563,0.6830,4,0.1000,1.0000,8,8,8,0,0,8,8,0.0000
4,48.0000,47,44,631.4092,-86.3912,0.2733,7,0.1750,1.0000,8,7,6,0,0,7,6,0.1429
4,48.0000,47,45,446.0577,-81.5868,-1.2578,21,0.5250,0.5714,7,8,8,0,0,8,8,0.0000
4,52.0000,0,2,1199.8037,-89.6763,0.5441,3,0.0750,,0,2,2,0,0,2,2,0.0000
4,52.0000,0,3,656.7895,-86.0783,1.1956,12,0.3000,1.0000,4,7,5,0,0,7,5,0.2857
4,52.0000,0,4,676.3200,-85.6439,0.4340,8,0.2000,0.7500,8,8,8,0,0,8,8,0.0000
4,52.0000,0,6,654.7673,-85.4980,-0.0214,12,0.3000,1.0000,8,8,8,0,0,8,8,0.0000
4,52.0000,0,7,557.1764,-83.6953,0.4545,20,0.5000,0.5000,6,6,3,0,0,6,3,0.5000
4,52.0000,0,9,848.3323,-87.2245,0.6951,5,0.1250,1.0000,8,8,8,0,0,8,8,0.0000
4,52.0000,0,10,697.3213,-86.6050,0.2035,6,0.1500,1.0000,4,8,8,0,0,8,8,0.0000
4,52.0000,0,11,1032.1178,-89.1866,0.3187,4,0.1000,1.0000,6,6,6,0,0,6,6,0.0000
4,52.0000,0,14,437.8209,-81.9433,0.0602,22,0.5500,0.7143,7,7,6,0,0,7,6,0.1429
4,52.0000,0,15,545.4882,-85.2125,1.2494,13,0.3250,0.8750,8,5,2,0,0,5,2,0.6000
4,52.0000,0,16,812.9166,-86.7553,0.1874,8,0.2000,1.0000,8,8,7,0,0,8,7,0.1250
4,52.0000,0,17,924.4224,-89.3515,-0.0442,3,0.0750,1.0000,4,6,6,0,0,6,6,0.0000
4,52.0000,0,18,603.6401,-84.0654,-1.5290,9,0.2250,1.0000,8,8,8,0,0,8,8,0.0000
4,52.0000,0,19,748.2867,-86.4197,0.0061,8,0.2000,1.0000,8,7,6,0,0,7,6,0.1429
4,52.0000,0,20,930.8696,-88.2643,-0.9398,3,0.0750,1.0000,6,8,8,0,0,8,8,0.0000
4,52.0000,0,22,460.5089,-83.6316,1.1602,20,0.5000,0.8000,5,7,5,0,0,7,5,0.2857
4,52.0000,0,23,495.8481,-83.1380,-0.2463,22,0.5500,0.8571,7,8,7,0,0,8,7,0.1250
4,52.0000,0,24,375.0556,-81.7623,-0.0924,28,0.7000,0.5714,7,6,4,0,0,6,4,0.3333
4,52.0000,0,26,717.6956,-86.0044,1.5276,5,0.1250,1.0000,8,8,8,0,0,8,8,0.0000
4,52.0000,0,28,567.9174,-83.9231,-0.6404,9,0.2250,0.7143,7,8,8,0,0,8,8,0.0000
4,52.0000,0,29,888.9969,-88.9937,-5.9576,3,0.0750,0.8571,7,6,6,0,0,6,6,0.0000
4,52.0000,0,30,254.5094,-74.9952,-1.1517,35,0.8750,0.2000,5,5,2,0,0,5,2,0.6000
4,52.0000,0,31,748.8695,-85.9017,-0.7773,8,0.2000,1.0000,8,8,8,0,0,8,8,0.0000
4,52.0000,0,33,395.8725,-80.1205,-1.3316,18,0.4500,0.8800,25,7,5,2,2,9,7,0.2222
4,52.0000,0,37,526.8818,-83.1137,-0.9239,19,0.4750,1.0000,8,8,8,0,0,8,8,0.0000
4,52.0000,0,38,359.2228,-82.2990,1.3266,20,0.5000,0.7143,7,6,3,0,0,6,3,0.5000
4,52.0000,0,39,964.2651,-88.4992,-0.7648,4,0.1000,1.0000,10,6,6,0,0,6,6,0.0000
4,52.0000,0,41,471.7415,-82.8974,-0.4896,23,0.5750,1.0000,8,8,7,0,0,8,7,0.1250
4,52.0000,0,42,271.3642,-80.1874,0.3068,26,0.6500,0.4000,5,5,2,0,0,5,2,0.6000
4,52.0000,0,43,411.3177,-81.3908,-0.0988,16,0.4000,0.8571,7,8,8,0,0,8,8,0.0000
4,52.0000,0,44,294.9255,-76.2857,-1.4519,28,0.7000,0.0000,4,8,7,0,0,8,7,0.1250
4,52.0000,0,46,744.4068,-86.2613,-0.2782,12,0.3000,0.7143,7,8,7,0,0,8,7,0.1250
4,52.0000,1,2,696.5887,-84.7969,-1.7262,3,0.0769,1.0000,8,8,7,0,0,8,7,0.1250
4,52.0000,1,5,393.3951,-81.5158,0.0354,19,0.4872,0.7500,8,7,6,0,0,7,6,0.1429
4,52.0000,1,8,655.7170,-83.2519,0.5094,6,0.1538,1.0000,8,8,8,0,0,8,8,0.0000
4,52.0000,1,12,376.1790,-80.2101,0.0670,17,0.4359,0.7143,7,7,6,0,0,7,6,0.1429
4,52.0000,1,13,286.8450,-77.7544,-0.3890,31,0.7949,0.5000,6,6,2,0,0,6,2,0.6667
4,52.0000,1,20,733.6661,-87.3090,1.3783,3,0.0769,1.0000,8,8,7,0,0,8,7,0.1250
4,52.0000,1,21,463.4676,-81.7418,0.3192,19,0.4872,0.4000,5,6,4,0,0,6,4,0.3333
4,52.0000,1,25,229.0049,-77.7446,1.0912,28,0.7179,0.7143,7,6,3,0,0,6,3,0.5000
4,52.0000,1,27,524.2114,-83.4746,0.6363,21,0.5385,0.5000,6,7,6,0,0,7,6,0.1429
4,52.0000,1,29,774.8810,-86.5861,0.4785,3,0.0769,1.0000,6,8,8,0,0,8,8,0.0000
4,52.0000,1,31,864.7182,-87.0559,-0.1404,3,0.0769,1.0000,4,8,8,0,0,8,8,0.0000
4,52.0000,1,32,477.6952,-83.0130,1.4696,4,0.1026,1.0000,8,7,6,0,0,7,6,0.1429
4,52.0000,1,34,566.0505,-84.0423,0.5266,12,0.3077,0.8750,8,8,8,0,0,8,8,0.0000
4,52.0000,1,35,313.2387,-80.6711,0.4465,29,0.7436,0.2000,5,6,3,0,0,6,3,0.5000
4,52.0000,1,36,383.8879,-82.1006,1.2100,25,0.6410,1.0000,6,6,3,0,0,6,3,0.5000
4,52.0000,1,40,583.1866,-83.8592,0.3867,19,0.4872,0.8750,8,8,8,0,0,8,8,0.0000
4,52.0000,1,45,716.9269,-89.0583,-0.1941,3,0.0769,1.0000,8,8,8,0,0,8,8,0.0000
4,52.0000,2,1,696.5887,-86.7158,0.3316,6,0.1500,1.0000,8,8,8,0,0,8,8,0.0000
4,52.0000,2,4,673.6178,-85.5183,-0.3139,6,0.1500,1.0000,4,8,8,0,0,8,8,0.0000
4,52.0000,2,5,424.6893,-83.7811,-0.0985,19,0.4750,1.0000,8,7,6,0,0,7,6,0.1429
4,52.0000,2,8,72.1788,-68.5423,1.6409,36,0.9000,0.0000,4,5,1,0,0,5,1,0.8000
4,52.0000,2,9,382.5897,-80.7573,-0.2954,16,0.4000,0.8750,8,8,8,0,0,8,8,0.0000
4,52.0000,2,10,851.4560,-86.3115,-0.9192,3,0.0750,1.0000,6,4,4,0,0,4,4,0.0000
4,52.0000,2,11,986.5396,-88.9129,-0.9508,3,0.0750,1.0000,8,4,4,0,0,4,4,0.0000
4,52.0000,2,12,576.8830,-83.8386,-0.2432,11,0.2750,0.8571,7,8,8,0,0,8,8,0.0000
4,52.0000,2,13,888.3782,-87.5480,-0.3722,6,0.1500,1.0000,8,4,4,0,0,4,4,0.0000
4,52.0000,2,16,472.8913,-83.0480,-1.3361,13,0.3250,0.8571,7,7,6,0,0,7,6,0.1429
4,52.0000,2,17,928.7222,-86.9546,-0.0883,4,0.1000,1.0000,8,8,8,0,0,8,8,0.0000
4,52.0000,2,18,712.1712,-87.3812,-1.9866,3,0.0750,1.0000,8,8,8,0,0,8,8,0.0000
4,52.0000,2,19,648.8763,-85.1436,-0.0939,7,0.1750,1.0000,8,8,8,0,0,8,8,0.0000
4,52.0000,2,20,323.7091,-79.1931,-0.5061,24,0.6000,0.6667,6,6,4,0,0,6,4,0.3333
4,52.0000,2,21,534.0539,-84.1242,-0.0885,17,0.4250,0.3333,6,7,6,0,0,7,6,0.1429
4,52.0000,2,25,495.5244,-83.1632,0.2646,16,0.4000,1.0000,8,8,7,0,0,8,7,0.1250
4,52.0000,2,26,745.8132,-85.8023,-0.6148,8,0.2000,1.0000,8,6,6,0,0,6,6,0.0000
4,52.0000,2,28,668.6258,-86.3777,-1.8232,4,0.1000,0.8750,8,7,6,0,0,7,6,0.1429
4,52.0000,2,29,521.7454,-82.2692,-0.4896,11,0.2750,0.7143,7,8,7,0,0,8,7,0.1250
4,52.0000,2,31,863.5463,-87.1440,-0.4803,5,0.1250,1.0000,10,6,6,0,0,6,6,0.0000
4,52.0000,2,32,568.9448,-83.6933,0.4458,9,0.2250,1.0000,8,8,8,0,0,8,8,0.0000
4,52.0000,2,34,609.6348,-85.4995,-0.4536,12,0.3000,1.0000,4,3,0,0,0,3,0,1.0000
4,52.0000,2,35,982.2291,-88.1781,-1.1113,3,0.0750,1.0000,6,4,4,0,0,4,4,0.0000
4,52.0000,2,39,339.2606,-79.6629,0.0471,22,0.5500,0.8750,8,7,5,0,0,7,5,0.2857
4,52.0000,2,40,1118.6717,-88.0582,0.4530,3,0.0750,1.0000,4,2,2,0,0,2,2,0.0000
4,52.0000,2,45,98.0244,-71.9191,1.3573,38,0.9500,0.2000,5,4,0,0,0,4,0,1.0000
4,52.0000,2,47,572.5280,-83.5864,0.0377,10,0.2500,1.0000,8,8,7,0,0,8,7,0.1250
4,52.0000,3,6,282.2418,-77.3280,-1.1235,36,0.9000,0.2000,5,5,2,0,0,5,2,0.6000
4,52.0000,3,7,539.5370,-85.1125,0.3531,14,0.3500,0.8571,7,7,5,0,0,7,5,0.2857
4,52.0000,3,14,629.3347,-85.0020,-0.1011,6,0.1500,0.8750,8,7,6,0,0,7,6,0.1429
4,52.0000,3,15,431.6391,-81.1409,-0.1370,26,0.6500,0.5714,7,7,5,0,0,7,5,0.2857
4,52.0000,3,24,576.5437,-84.1031,1.0003,10,0.2500,0.8750,8,7,5,0,0,7,5,0.2857
4,52.0000,3,30,811.8946,-85.2492,-0.0197,3,0.0750,0.8571,7,8,8,0,0,8,8,0.0000
4,52.0000,3,37,220.7110,-77.6630,0.0021,32,0.8000,0.3333,6,5,1,0,0,5,1,0.8000
4,52.0000,3,38,691.3837,-86.9639,-2.1882,3,0.0750,1.0000,8,8,8,0,0,8,8,0.0000
4,52.0000,3,41,488.3202,-84.4495,-0.6939,11,0.2750,0.7500,8,7,4,0,0,7,4,0.4286
4,52.0000,3,42,487.1021,-82.1900,-0.5692,15,0.3750,0.7143,7,7,6,0,0,7,6,0.1429
4,52.0000,3,46,574.8975,-85.2238,0.3194,17,0.4250,1.0000,8,8,6,0,0,8,6,0.2500
4,52.0000,4,0,676.3200,-86.0364,-0.8195,5,0.1250,0.8750,8,5,4,0,0,5,4,0.2000
4,52.0000,4,2,673.6178,-85.7799,-0.9230,4,0.1000,1.0000,8,8,8,0,0,8,8,0.0000
4,52.0000,4,8,738.6355,-85.9924,-1.6180,3,0.0750,1.0000,6,8,8,0,0,8,8,0.0000
4,52.0000,4,9,496.4721,-81.7643,-0.1555,7,0.1750,1.0000,8,6,6,0,0,6,6,0.0000
4,52.0000,4,15,798.9646,-87.2203,-1.9140,5,0.1250,1.0000,6,6,5,0,0,6,5,0.1667
4,52.0000,4,16,487.1184,-84.6892,9.0876,4,0.1000,1.0000,8,7,6,0,0,7,6,0.1429
4,52.0000,4,18,504.5444,-82.3960,0.2402,7,0.1750,1.0000,8,8,7,0,0,8,7,0.1250
4,52.0000,4,19,656.1847,-84.4624,0.9758,3,0.0750,1.0000,8,8,8,0,0,8,8,0.0000
4,52.0000,4,22,505.5020,-82.6942,-0.5639,16,0.4000,0.8750,8,7,6,0,0,7,6,0.1429
4,52.0000,4,28,425.2702,-85.4371,-1.6494,6,0.1500,0.8571,7,8,7,0,0,8,7,0.1250
4,52.0000,4,29,575.1455,-84.2516,-0.8056,5,0.1250,1.0000,8,7,6,0,0,7,6,0.1429
4,52.0000,4,30,840.8426,-86.6967,-1.5735,4,0.1000,1.0000,6,8,8,0,0,8,8,0.0000
4,52.0000,4,31,849.0752,-88.2631,2.5531,3,0.0750,1.0000,8,8,8,0,0,8,8,0.0000
4,52.0000,4,33,396.3543,-82.9622,-1.2373,7,0.1750,0.8571,7,6,3,0,0,6,3,0.5000
4,52.0000,4,38,466.6640,-81.3374,-1.1053,16,0.4000,0.8750,8,7,6,0,0,7,6,0.1429
4,52.0000,4,42,674.2214,-86.1679,-0.1976,5,0.1250,1.0000,8,8,8,0,0,8,8,0.0000
4,52.0000,4,44,589.4849,-84.8191,0.3467,5,0.1250,1.0000,8,8,8,0,0,8,8,0.0000
4,52.0000,4,45,710.4591,-85.9521,-2.6401,3,0.0750,1.0000,8,5,4,0,0,5,4,0.2000
4,52.0000,4,47,265.4733,-78.4971,0.3038,13,0.3250,0.7500,8,5,1,0,0,5,1,0.8000
4,52.0000,5,1,393.3951,-80.9051,-0.0593,24,0.6000,0.6667,6,6,4,0,0,6,4,0.3333
4,52.0000,5,2,424.6893,-83.2293,0.4831,11,0.2750,0.9000,10,7,5,0,0,7,5,0.2857
4,52.0000,5,8,383.6958,-81.4012,0.3481,17,0.4250,0.6667,6,8,8,0,0,8,8,0.0000
4,52.0000,5,9,669.6456,-85.4051,0.4473,4,0.1000,1.0000,8,8,8,0,0,8,8,0.0000
4,52.0000,5,12,531.0775,-82.1995,-0.5320,4,0.1000,0.8571,7,8,8,0,0,8,8,0.0000
4,52.0000,5,13,662.2825,-85.4295,-0.2379,7,0.1750,0.8571,7,8,8,0,0,8,8,0.0000
4,52.0000,5,16,702.5099,-86.7112,-0.7076,3,0.0750,1.0000,10,8,8,0,0,8,8,0.0000
4,52.0000,5,20,586.2335,-86.2566,-0.2419,4,0.1000,1.0000,8,7,6,0,0,7,6,0.1429
4,52.0000,5,21,284.5981,-77.8320,-0.7043,33,0.8250,0.2500,4,6,3,0,0,6,3,0.5000
4,52.0000,5,25,229.3986,-78.4765,0.8517,21,0.5250,0.4000,5,5,1,0,0,5,1,0.8000
4,52.0000,5,27,848.7520,-86.5760,-0.5976,6,0.1500,1.0000,6,6,6,0,0,6,6,0.0000
4,52.0000,5,29,682.0862,-86.2535,-0.9777,5,0.1250,1.0000,8,8,8,0,0,8,8,0.0000
4,52.0000,5,32,603.2607,-86.8433,-0.0597,3,0.0750,1.0000,8,8,8,0,0,8,8,0.0000
4,52.0000,5,34,262.2635,-77.3035,-0.7993,32,0.8000,0.0000,4,6,2,0,0,6,2,0.6667
4,52.0000,5,35,611.9267,-86.1466,0.8943,9,0.2250,0.8571,7,7,6,0,0,7,6,0.1429
4,52.0000,5,39,537.0569,-83.7451,-0.7219,3,0.0750,1.0000,8,8,8,0,0,8,8,0.0000
4,52.0000,5,40,872.8828,-87.1907,-0.7319,6,0.1500,0.8000,5,4,4,0,0,4,4,0.0000
4,52.0000,5,45,400.7170,-81.9114,0.4798,7,0.1750,0.8571,7,7,4,0,0,7,4,0.4286
4,52.0000,6,0,654.7673,-85.6939,-0.7887,6,0.1500,1.0000,8,7,6,0,0,7,6,0.1429
4,52.0000,6,3,282.2418,-77.1849,-0.1829,35,0.8750,0.2000,5,5,3,0,0,5,3,0.4000
4,52.0000,6,7,679.2223,-85.4651,-0.0467,15,0.3750,0.8750,8,8,7,0,0,8,7,0.1250
4,52.0000,6,14,721.1327,-85.4957,-0.2769,12,0.3000,0.8750,8,8,8,0,0,8,8,0.0000
4,52.0000,6,15,222.1696,-75.0701,-0.0315,38,0.9500,0.4286,7,5,1,0,0,5,1,0.8000
4,52.0000,6,22,591.4483,-85.3498,0.6361,12,0.3000,0.8750,8,8,8,0,0,8,8,0.0000
4,52.0000,6,23,1007.6274,-88.7053,0.3769,4,0.1000,1.0000,6,2,2,0,0,2,2,0.0000
4,52.0000,6,24,678.8994,-86.0697,-0.2456,12,0.3000,1.0000,8,8,7,0,0,8,7,0.1250
4,52.0000,6,30,860.8233,-88.1192,1.6578,7,0.1750,1.0000,8,8,8,0,0,8,8,0.0000
4,52.0000,6,33,960.4198,-87.6118,1.9342,3,0.0750,1.0000,8,8,8,0,0,8,8,0.0000
4,52.0000,6,37,150.7257,-73.3281,0.2467,36,0.9000,0.2000,5,4,0,0,0,4,0,1.0000
4,52.0000,6,38,564.3642,-85.2193,0.0585,8,0.2000,0.7143,7,7,6,0,0,7,6,0.1429
4,52.0000,6,41,662.0349,-84.4885,-0.2882,10,0.2500,0.6667,6,8,8,0,0,8,8,0.0000
4,52.0000,6,42,483.8408,-81.6147,0.0656,20,0.5000,0.8571,7,7,6,0,0,7,6,0.1429
4,52.0000,6,44,875.9335,-86.6436,-1.7500,5,0.1250,0.8750,8,8,8,0,0,8,8,0.0000
4,52.0000,6,46,768.6898,-86.5873,0.3504,9,0.2250,0.7143,7,8,7,0,0,8,7,0.1250
4,52.0000,7,0,557.1764,-84.5630,-0.5147,8,0.2051,1.0000,8,8,8,0,0,8,8,0.0000
4,52.0000,7,3,539.5370,-84.6800,0.0177,12,0.3077,0.7143,7,7,6,0,0,7,6,0.1429
4,52.0000,7,6,679.2223,-86.4128,-0.0980,9,0.2308,1.0000,8,8,7,0,0,8,7,0.1250
4,52.0000,7,14,176.9541,-74.0349,-0.4316,33,0.8462,0.0000,4,5,1,0,0,5,1,0.8000
4,52.0000,7,15,753.1891,-87.8161,-0.5909,4,0.1026,1.0000,8,8,7,0,0,8,7,0.1250
4,52.0000,7,23,554.6226,-84.0084,0.5363,10,0.2564,0.8571,7,8,7,0,0,8,7,0.1250
4,52.0000,7,24,197.6049,-72.3035,-1.1265,32,0.8205,0.2000,5,5,1,0,0,5,1,0.8000
4,52.0000,7,30,529.1395,-82.3676,-0.6447,11,0.2821,0.8571,7,7,6,0,0,7,6,0.1429
4,52.0000,7,37,550.7936,-83.8542,0.7725,13,0.3333,0.8750,8,7,4,0,0,7,4,0.4286
4,52.0000,7,41,194.5634,-75.0904,-0.0976,36,0.9231,0.0000,4,5,1,0,0,5,1,0.8000
4,52.0000,7,42,628.0648,-85.5098,-0.5924,8,0.2051,0.8571,7,8,8,0,0,8,8,0.0000
4,52.0000,7,43,794.4000,-87.5448,1.3001,4,0.1026,1.0000,8,6,6,0,0,6,6,0.0000
4,52.0000,7,44,770.8024,-86.9790,-0.8514,6,0.1538,1.0000,8,8,8,0,0,8,8,0.0000
4,52.0000,7,46,206.7074,-76.6421,0.2345,36,0.9231,0.0000,4,4,0,0,0,4,0,1.0000
4,52.0000,8,1,655.7170,-85.1736,0.3889,12,0.3000,0.7143,7,8,8,0,0,8,8,0.0000
4,52.0000,8,2,72.1788,-68.8169,1.6952,32,0.8000,0.0000,4,5,1,0,0,5,1,0.8000
4,52.0000,8,5,383.6958,-81.9538,0.3606,26,0.6500,0.8571,7,6,4,0,0,6,4,0.3333
4,52.0000,8,9,419.9544,-82.4190,0.7871,11,0.2750,1.0000,8,8,7,0,0,8,7,0.1250
4,52.0000,8,11,985.4823,-87.6956,-0.3027,4,0.1000,1.0000,6,5,4,0,0,5,4,0.2000
4,52.0000,8,12,562.8978,-83.1440,-0.5525,11,0.2750,1.0000,8,8,7,0,0,8,7,0.1250
4,52.0000,8,13,857.7393,-85.6758,-0.1525,7,0.1750,0.8889,9,4,4,0,0,4,4,0.0000
4,52.0000,8,16,522.4616,-84.8336,-1.6646,7,0.1750,0.8750,8,8,8,0,0,8,8,0.0000
4,52.0000,8,17,926.0096,-87.5048,-0.1826,3,0.0750,1.0000,10,8,8,0,0,8,8,0.0000
4,52.0000,8,19,676.9967,-87.6195,-0.5321,4,0.1000,0.8571,7,8,8,0,0,8,8,0.0000
4,52.0000,8,20,375.3091,-81.2360,0.0888,17,0.4250,0.8571,7,7,6,0,0,7,6,0.1429
4,52.0000,8,21,466.6950,-81.3385,-0.7634,23,0.5750,0.5000,6,6,5,0,0,6,5,0.1667
4,52.0000,8,25,465.4726,-82.8025,0.1128,13,0.3250,0.4000,5,8,8,0,0,8,8,0.0000
4,52.0000,8,26,771.4837,-87.4465,1.7952,3,0.0750,1.0000,8,6,6,0,0,6,6,0.0000
4,52.0000,8,27,1033.4076,-87.5868,-0.6128,7,0.1750,1.0000,6,4,4,0,0,4,4,0.0000
4,52.0000,8,28,717.3847,-86.6767,-1.1390,6,0.1500,0.8571,7,8,8,0,0,8,8,0.0000
4,52.0000,8,29,570.4302,-83.9599,-0.2184,9,0.2250,0.6667,6,8,8,0,0,8,8,0.0000
4,52.0000,8,31,878.2335,-88.2763,-0.5664,4,0.1000,0.8571,7,4,4,0,0,4,4,0.0000
4,52.0000,8,32,554.4328,-84.3091,-0.6340,8,0.2000,0.8571,7,8,8,0,0,8,8,0.0000
4,52.0000,8,34,567.7931,-84.8979,-0.1638,16,0.4000,0.7500,8,7,6,0,0,7,6,0.1429
4,52.0000,8,39,372.7050,-80.9109,0.3188,15,0.3750,0.8571,7,8,7,0,0,8,7,0.1250
4,52.0000,8,45,128.9107,-74.5620,1.4056,34,0.8500,0.3333,6,4,0,0,0,4,0,1.0000
4,52.0000,8,47,640.2154,-85.5954,0.5653,7,0.1750,1.0000,8,8,8,0,0,8,8,0.0000
4,52.0000,9,0,848.3323,-87.4407,2.7995,4,0.1000,0.8571,7,2,2,0,0,2,2,0.0000
4,52.0000,9,1,761.7207,-87.5731,0.4538,6,0.1500,1.0000,8,8,8,0,0,8,8,0.0000
4,52.0000,9,2,382.5897,-80.7866,-0.0017,25,0.6250,0.5714,7,8,6,0,0,8,6,0.2500
4,52.0000,9,4,496.4721,-83.2092,0.0808,19,0.4750,0.7143,7,8,6,0,0,8,6,0.2500
4,52.0000,9,5,669.6456,-87.5316,1.2788,5,0.1250,0.6667,3,8,7,0,0,8,7,0.1250
4,52.0000,9,8,419.9544,-83.4426,0.2154,20,0.5000,0.8571,7,6,3,0,0,6,3,0.5000
4,52.0000,9,10,496.8723,-83.3166,0.2109,17,0.4250,0.7143,7,7,5,0,0,7,5,0.2857
4,52.0000,9,11,714.5442,-87.6719,-0.2874,5,0.1250,1.0000,10,6,6,0,0,6,6,0.0000
4,52.0000,9,12,454.6025,-83.7221,1.5373,11,0.2750,0.5714,7,7,4,0,0,7,4,0.4286
4,52.0000,9,16,205.7518,-76.0059,0.4325,36,0.9000,0.7143,7,7,4,0,0,7,4,0.4286
4,52.0000,9,17,632.9365,-83.5753,0.2543,12,0.3000,0.8750,8,8,8,0,0,8,8,0.0000
4,52.0000,9,18,376.4260,-80.6904,0.6947,18,0.4500,0.7500,8,7,5,0,0,7,5,0.2857
4,52.0000,9,19,302.1398,-79.1705,0.3052,27,0.6750,0.5000,6,7,4,0,0,7,4,0.4286
4,52.0000,9,20,174.9981,-76.7612,1.1580,35,0.8750,0.3333,6,5,1,0,0,5,1,0.8000
4,52.0000,9,21,799.9702,-87.4885,-0.1110,7,0.1750,0.8333,6,4,4,0,0,4,4,0.0000
4,52.0000,9,22,917.1906,-87.5288,-2.9007,3,0.0750,1.0000,6,2,2,0,0,2,2,0.0000
4,52.0000,9,25,596.6346,-85.3980,-0.6469,11,0.2750,1.0000,8,8,7,0,0,8,7,0.1250
4,52.0000,9,26,394.4658,-80.4667,-0.4838,17,0.4250,0.8571,7,7,5,0,0,7,5,0.2857
4,52.0000,9,28,311.9846,-79.0487,0.3096,26,0.6500,0.6667,6,8,7,0,0,8,7,0.1250
4,52.0000,9,29,335.0744,-80.8067,0.8923,24,0.6000,0.5714,7,4,0,0,0,4,0,1.0000
4,52.0000,9,30,878.0423,-86.7362,2.3946,3,0.0750,0.6667,3,10,10,0,0,10,10,0.0000
4,52.0000,9,31,517.1566,-83.0008,0.1315,11,0.2750,0.7143,7,7,5,0,0,7,5,0.2857
4,52.0000,9,32,403.5791,-81.5871,-0.2398,19,0.4750,1.0000,8,6,2,0,0,6,2,0.6667
4,52.0000,9,33,461.7241,-81.9166,0.2999,14,0.3500,0.7143,7,8,8,0,0,8,8,0.0000
4,52.0000,9,38,819.4420,-86.1066,0.2995,4,0.1000,1.0000,8,4,4,0,0,4,4,0.0000
4,52.0000,9,39,171.9341,-74.6137,0.3458,35,0.8750,0.0000,4,4,0,0,0,4,0,1.0000
4,52.0000,9,42,985.9542,-86.8041,2.2319,4,0.1000,1.0000,2,2,2,0,0,2,2,0.0000
4,52.0000,9,43,696.8680,-85.8121,0.6862,6,0.1500,0.8571,7,7,6,0,0,7,6,0.1429
4,52.0000,9,44,614.9798,-84.4907,-0.3150,9,0.2250,0.8571,7,5,1,0,0,5,1,0.8000
4,52.0000,9,45,459.7149,-83.3033,0.0039,19,0.4750,0.8333,6,8,7,0,0,8,7,0.1250
4,52.0000,9,47,387.5202,-80.4079,0.1728,28,0.7000,0.6667,6,7,5,0,0,7,5,0.2857
4,52.0000,10,0,697.3213,-84.9729,-0.0197,3,0.0750,1.0000,6,4,1,0,0,4,1,0.7500
4,52.0000,10,1,878.5348,-87.1808,0.5868,4,0.1000,,0,4,4,0,0,4,4,0.0000
4,52.0000,10,9,496.8723,-82.7077,0.6184,6,0.1500,0.8571,7,7,6,0,0,7,6,0.1429
4,52.0000,10,11,359.3153,-79.0706,-1.4585,24,0.6000,0.8000,10,6,4,0,0,6,4,0.3333
4,52.0000,10,12,513.4710,-83.0122,0.4107,7,0.1750,0.6667,9,7,6,0,0,7,6,0.1429
4,52.0000,10,13,776.2277,-85.4665,0.1473,7,0.1750,1.0000,6,7,6,0,0,7,6,0.1429
4,52.0000,10,14,909.6846,-87.8262,0.0035,3,0.0750,1.0000,4,8,8,0,0,8,8,0.0000
4,52.0000,10,16,470.8436,-83.2099,0.8786,7,0.1750,0.7500,8,7,6,0,0,7,6,0.1429
4,52.0000,10,17,378.8993,-79.7991,-0.0780,22,0.5500,0.7143,7,8,8,0,0,8,8,0.0000
4,52.0000,10,18,351.4815,-81.0234,0.2432,10,0.2500,0.6667,6,8,5,0,0,8,5,0.3750
4,52.0000,10,19,208.8037,-75.0455,-0.1268,27,0.6750,0.2000,5,6,2,0,0,6,2,0.6667
4,52.0000,10,20,582.6614,-84.3371,0.5541,7,0.1750,1.0000,6,8,6,0,0,8,6,0.2500
4,52.0000,10,23,831.7669,-87.4100,0.6844,3,0.0750,0.8333,6,4,4,0,0,4,4,0.0000
4,52.0000,10,25,808.9637,-86.1368,-1.5153,4,0.1000,1.0000,8,6,6,0,0,6,6,0.0000
4,52.0000,10,26,108.9920,-72.4669,1.6767,31,0.7750,0.0000,4,4,0,0,0,4,0,1.0000
4,52.0000,10,28,374.0036,-79.5952,0.8351,10,0.2500,0.8750,8,6,4,0,0,6,4,0.3333
4,52.0000,10,29,523.8057,-85.7771,0.9440,5,0.1250,0.9333,15,7,5,0,0,7,5,0.2857
4,52.0000,10,30,607.9476,-85.3874,-0.1621,4,0.1000,1.0000,4,8,8,0,0,8,8,0.0000
4,52.0000,10,31,138.2852,-71.9409,0.1919,34,0.8500,0.0000,4,4,0,0,0,4,0,1.0000
4,52.0000,10,32,476.8096,-81.8665,-1.8692,10,0.2500,0.0000,4,6,4,0,0,6,4,0.3333
4,52.0000,10,33,491.6931,-84.5358,-0.7853,4,0.1000,1.0000,8,8,8,0,0,8,8,0.0000
4,52.0000,10,36,964.8500,-88.7738,-0.1272,3,0.0750,1.0000,4,0,0,92,90,92,90,0.0217
4,52.0000,10,39,530.9860,-82.8427,-0.8996,4,0.1000,0.8750,8,8,8,0,0,8,8,0.0000
4,52.0000,10,43,498.0914,-82.0856,1.1303,6,0.1500,0.8571,7,7,6,0,0,7,6,0.1429
4,52.0000,10,44,424.8212,-84.0440,0.0341,8,0.2000,0.8750,8,6,4,0,0,6,4,0.3333
4,52.0000,10,47,670.7360,-85.8734,0.5632,6,0.1500,1.0000,8,8,8,0,0,8,8,0.0000
4,52.0000,11,1,739.2627,-87.6574,-0.2422,3,0.0732,,0,7,6,0,0,7,6,0.1429
4,52.0000,11,5,984.9870,-88.8748,0.2172,4,0.0976,1.0000,6,4,4,0,0,4,4,0.0000
4,52.0000,11,9,714.5442,-88.2587,-1.9689,4,0.0976,1.0000,8,8,8,0,0,8,8,0.0000
4,52.0000,11,10,359.3153,-78.3533,-1.0166,23,0.5610,0.6667,6,8,8,0,0,8,8,0.0000
4,52.0000,11,12,458.8965,-83.0270,0.6950,14,0.3415,0.8571,7,8,7,0,0,8,7,0.1250
4,52.0000,11,13,538.4460,-85.2761,-0.8873,9,0.2195,0.8750,8,7,5,0,0,7,5,0.2857
4,52.0000,11,16,720.0432,-84.8926,-0.1368,6,0.1463,1.0000,8,8,8,0,0,8,8,0.0000
4,52.0000,11,17,322.8083,-79.7830,-0.6572,27,0.6585,0.4000,5,7,5,0,0,7,5,0.2857
4,52.0000,11,18,679.5948,-86.0413,0.7394,5,0.1220,1.0000,8,8,8,0,0,8,8,0.0000
4,52.0000,11,19,469.3850,-81.8323,-0.2711,11,0.2683,0.6667,6,8,8,0,0,8,8,0.0000
4,52.0000,11,25,768.5954,-84.2303,0.3223,4,0.0976,1.0000,6,8,8,0,0,8,8,0.0000
4,52.0000,11,26,406.8443,-81.9050,-0.6318,15,0.3659,0.8750,8,7,5,0,0,7,5,0.2857
4,52.0000,11,27,864.5722,-88.1075,0.3629,5,0.1220,0.8750,8,4,3,0,0,4,3,0.2500
4,52.0000,11,28,708.4909,-87.1985,-0.3031,5,0.1220,1.0000,8,7,6,0,0,7,6,0.1429
4,52.0000,11,29,745.1113,-86.3787,-2.8227,5,0.1220,0.7778,9,8,8,0,0,8,8,0.0000
4,52.0000,11,30,892.0345,-88.6287,-1.0002,3,0.0732,1.0000,6,8,8,0,0,8,8,0.0000
4,52.0000,11,31,313.3743,-79.0997,-1.0569,25,0.6098,0.4286,7,7,6,0,0,7,6,0.1429
4,52.0000,11,32,450.4281,-80.3502,-0.5749,14,0.3415,0.8571,7,8,8,0,0,8,8,0.0000
4,52.0000,11,33,835.3367,-86.9923,-1.7796,6,0.1463,1.0000,8,8,8,0,0,8,8,0.0000
4,52.0000,11,35,944.1937,-89.0533,-1.0734,3,0.0732,1.0000,6,2,2,0,0,2,2,0.0000
4,52.0000,11,36,689.2909,-86.5807,-0.1845,9,0.2195,1.0000,8,8,7,0,0,8,7,0.1250
4,52.0000,11,39,698.6634,-85.4237,-1.1732,4,0.0976,1.0000,8,8,7,0,0,8,7,0.1250
4,52.0000,11,43,765.5859,-85.8302,0.7272,4,0.0976,1.0000,8,6,6,0,0,6,6,0.0000
4,52.0000,11,44,776.2622,-86.7439,0.3330,5,0.1220,1.0000,6,8,8,0,0,8,8,0.0000
4,52.0000,11,45,1054.8314,-86.3092,1.0477,3,0.0732,1.0000,2,2,2,0,0,2,2,0.0000
4,52.0000,12,1,376.1790,-80.9312,-0.6348,23,0.5897,0.5000,6,7,4,0,0,7,4,0.4286
4,52.0000,12,2,576.8830,-83.7144,0.2999,11,0.2821,0.8571,7,6,4,0,0,6,4,0.3333
4,52.0000,12,4,942.1623,-87.9666,1.1222,3,0.0769,1.0000,2,8,7,0,0,8,7,0.1250
4,52.0000,12,5,531.0775,-85.1437,0.2502,12,0.3077,0.8750,8,7,6,0,0,7,6,0.1429
4,52.0000,12,8,562.8978,-82.6766,-0.2764,13,0.3333,0.8571,7,8,8,0,0,8,8,0.0000
4,52.0000,12,9,454.6025,-84.2052,0.1970,12,0.3077,0.8571,7,6,3,0,0,6,3,0.5000
4,52.0000,12,10,513.4710,-83.6979,0.0080,12,0.3077,0.8571,7,6,5,0,0,6,5,0.1667
4,52.0000,12,11,458.8965,-83.9923,-0.0705,15,0.3846,0.6667,6,8,8,0,0,8,8,0.0000
4,52.0000,12,13,377.2655,-79.7108,-1.1250,29,0.7436,0.5000,8,6,4,0,0,6,4,0.3333
4,52.0000,12,16,496.1397,-82.8210,0.0499,13,0.3333,1.0000,8,6,4,0,0,6,4,0.3333
4,52.0000,12,17,526.2023,-84.6822,0.6986,8,0.2051,1.0000,8,8,6,0,0,8,6,0.2500
4,52.0000,12,18,624.6355,-84.8943,0.6638,4,0.1026,0.8571,7,7,6,0,0,7,6,0.1429
4,52.0000,12,19,405.2641,-82.2664,-0.5708,15,0.3846,0.8571,7,6,4,0,0,6,4,0.3333
4,52.0000,12,20,479.3681,-83.5134,0.1975,11,0.2821,0.7143,7,7,5,0,0,7,5,0.2857
4,52.0000,12,21,646.3544,-85.3615,0.5079,13,0.3333,0.8750,8,8,8,0,0,8,8,0.0000
4,52.0000,12,25,330.4845,-79.2725,-0.0975,25,0.6410,0.6667,6,6,4,0,0,6,4,0.3333
4,52.0000,12,26,447.9798,-83.7810,0.9640,11,0.2821,0.8571,7,8,8,0,0,8,8,0.0000
4,52.0000,12,27,709.8853,-85.6066,-0.3874,9,0.2308,1.0000,8,8,8,0,0,8,8,0.0000
4,52.0000,12,28,633.6119,-86.0166,1.1230,7,0.1795,0.8571,7,8,8,0,0,8,8,0.0000
4,52.0000,12,29,515.4993,-83.7448,-0.4348,15,0.3846,1.0000,8,8,7,0,0,8,7,0.1250
4,52.0000,12,31,499.4330,-84.3650,0.3704,10,0.2564,1.0000,8,7,5,0,0,7,5,0.2857
4,52.0000,12,32,143.2978,-75.6205,1.4435,31,0.7949,0.0000,3,4,0,0,0,4,0,1.0000
4,52.0000,12,33,817.9294,-86.3079,-0.5967,4,0.1026,1.0000,8,8,8,0,0,8,8,0.0000
4,52.0000,12,34,785.6185,-87.2182,-0.3461,5,0.1282,1.0000,6,6,6,0,0,6,6,0.0000
4,52.0000,12,35,670.5667,-85.9451,-0.0972,15,0.3846,1.0000,6,8,7,0,0,8,7,0.1250
4,52.0000,12,36,571.2782,-85.0771,-0.3056,18,0.4615,0.8750,8,7,6,0,0,7,6,0.1429
4,52.0000,12,39,368.7488,-81.6612,0.2890,14,0.3590,0.7143,7,8,8,0,0,8,8,0.0000
4,52.0000,12,40,790.6064,-86.2613,-0.3469,13,0.3333,1.0000,8,8,7,0,0,8,7,0.1250
4,52.0000,12,43,914.8704,-87.9613,0.1101,5,0.1282,1.0000,6,4,4,0,0,4,4,0.0000
4,52.0000,12,45,634.6548,-85.7376,0.5104,12,0.3077,0.7143,7,8,6,0,0,8,6,0.2500
4,52.0000,12,47,773.4630,-87.1396,0.0626,9,0.2308,0.8000,5,8,7,0,0,8,7,0.1250
4,52.0000,13,1,286.8450,-78.9454,-0.0048,28,0.7179,0.7143,7,8,6,0,0,8,6,0.2500
4,52.0000,13,2,888.3782,-86.7952,1.5499,5,0.1282,1.0000,8,8,8,0,0,8,8,0.0000
4,52.0000,13,5,662.2825,-85.7777,0.3049,11,0.2821,1.0000,6,8,8,0,0,8,8,0.0000
4,52.0000,13,8,857.7393,-86.2420,-0.7546,6,0.1538,1.0000,8,6,6,0,0,6,6,0.0000
4,52.0000,13,9,831.5091,-86.5425,0.3627,3,0.0769,1.0000,8,8,8,0,0,8,8,0.0000
4,52.0000,13,11,538.4460,-85.5540,-0.5568,6,0.1538,1.0000,8,8,7,0,0,8,7,0.1250
4,52.0000,13,12,377.2655,-79.6257,-0.5441,20,0.5128,0.2500,4,6,3,0,0,6,3,0.5000
4,52.0000,13,16,850.5208,-86.3770,0.4414,4,0.1026,1.0000,8,8,8,0,0,8,8,0.0000
4,52.0000,13,17,714.3501,-86.6964,1.7303,4,0.1026,0.8750,8,6,6,0,0,6,6,0.0000
4,52.0000,13,19,736.7763,-84.5982,-0.4818,3,0.0769,1.0000,8,8,8,0,0,8,8,0.0000
4,52.0000,13,21,730.1600,-86.1576,0.1540,8,0.2051,0.8750,8,8,8,0,0,8,8,0.0000
4,52.0000,13,25,453.1381,-81.7631,-0.0287,19,0.4872,1.0000,8,7,5,0,0,7,5,0.2857
4,52.0000,13,26,747.9136,-86.0490,1.1810,4,0.1026,1.0000,8,6,6,0,0,6,6,0.0000
4,52.0000,13,27,473.3891,-82.1976,-0.6120,24,0.6154,0.7143,7,8,8,0,0,8,8,0.0000
4,52.0000,13,29,834.4490,-87.7946,0.1978,3,0.0769,1.0000,8,8,8,0,0,8,8,0.0000
4,52.0000,13,31,750.9338,-85.7180,0.1891,3,0.0769,1.0000,8,8,8,0,0,8,8,0.0000
4,52.0000,13,32,470.3577,-83.7115,0.3531,11,0.2821,0.8750,8,7,6,0,0,7,6,0.1429
4,52.0000,13,34,850.0986,-88.0695,-1.1796,5,0.1282,1.0000,6,4,4,0,0,4,4,0.0000
4,52.0000,13,35,406.8547,-82.6482,-0.0117,27,0.6923,0.3333,6,8,7,0,0,8,7,0.1250
4,52.0000,13,36,205.8335,-78.8532,1.3054,34,0.8718,0.0000,4,4,0,0,0,4,0,1.0000
4,52.0000,13,39,729.2965,-87.4369,-0.2286,4,0.1026,0.8571,7,8,8,0,0,8,8,0.0000
4,52.0000,13,40,575.0420,-84.4888,0.1751,23,0.5897,1.0000,8,7,6,0,0,7,6,0.1429
4,52.0000,13,45,926.8434,-88.1842,-0.0284,3,0.0769,0.8571,7,6,6,0,0,6,6,0.0000
4,52.0000,14,0,437.8209,-82.8365,0.8156,16,0.4000,0.6250,8,8,8,0,0,8,8,0.0000
4,52.0000,14,3,629.3347,-84.7461,0.6693,20,0.5000,0.8750,8,8,7,0,0,8,7,0.1250
4,52.0000,14,6,721.1327,-85.4982,0.5001,13,0.3250,0.8571,7,8,8,0,0,8,8,0.0000
4,52.0000,14,7,176.9541,-73.1937,0.4471,36,0.9000,0.0000,4,4,0,0,0,4,0,1.0000
4,52.0000,14,15,745.0049,-85.6617,0.0646,14,0.3500,0.8750,8,6,6,0,0,6,6,0.0000
4,52.0000,14,23,462.8452,-83.1639,0.1073,12,0.3000,1.0000,8,4,0,0,0,4,0,1.0000
4,52.0000,14,24,92.8346,-68.3110,1.5625,34,0.8500,0.0000,4,4,0,0,0,4,0,1.0000
4,52.0000,14,30,373.4984,-79.3704,-0.4425,21,0.5250,0.7143,7,8,6,0,0,8,6,0.2500
4,52.0000,14,31,952.2005,-88.3374,1.5208,3,0.0750,1.0000,6,8,8,0,0,8,8,0.0000
4,52.0000,14,37,584.9914,-83.4894,-0.4561,15,0.3750,0.4000,5,8,7,0,0,8,7,0.1250
4,52.0000,14,38,739.4258,-85.6732,0.4291,3,0.0750,1.0000,8,8,8,0,0,8,8,0.0000
4,52.0000,14,41,244.1310,-75.9786,-0.2192,35,0.8750,0.2000,5,6,3,0,0,6,3,0.5000
4,52.0000,14,42,579.0781,-84.0560,-0.6379,12,0.3000,0.7143,7,7,5,0,0,7,5,0.2857
4,52.0000,14,43,646.1683,-84.9061,-0.2291,4,0.1000,1.0000,8,8,8,0,0,8,8,0.0000
4,52.0000,14,44,613.3072,-85.6142,-1.3480,6,0.1500,1.0000,8,8,8,0,0,8,8,0.0000
4,52.0000,14,46,374.2902,-81.6513,0.2174,31,0.7750,0.7143,7,6,4,0,0,6,4,0.3333
4,52.0000,15,0,545.4882,-84.3723,-0.1193,4,0.1000,0.8750,8,8,8,0,0,8,8,0.0000
4,52.0000,15,3,431.6391,-80.6855,-0.5768,30,0.7500,0.4000,5,8,7,0,0,8,7,0.1250
4,52.0000,15,6,222.1696,-74.6191,-0.4825,36,0.9000,0.0000,4,5,1,0,0,5,1,0.8000
4,52.0000,15,7,753.1891,-86.8542,0.5044,9,0.2250,1.0000,8,7,5,0,0,7,5,0.2857
4,52.0000,15,14,745.0049,-87.2374,-0.6506,6,0.1500,0.8750,8,8,7,0,0,8,7,0.1250
4,52.0000,15,18,924.2681,-87.9055,-0.2689,3,0.0750,1.0000,8,8,8,0,0,8,8,0.0000
4,52.0000,15,22,406.2934,-82.8370,0.1794,16,0.4000,0.8571,7,7,6,0,0,7,6,0.1429
4,52.0000,15,24,692.4151,-86.0627,0.4135,9,0.2250,0.8571,7,8,8,0,0,8,8,0.0000
4,52.0000,15,28,911.1329,-86.2485,4.2823,3,0.0750,1.0000,8,8,8,0,0,8,8,0.0000
4,52.0000,15,30,785.1717,-87.2780,0.6862,3,0.0750,1.0000,8,8,8,0,0,8,8,0.0000
4,52.0000,15,37,240.8648,-77.0558,0.5787,33,0.8250,0.2000,5,5,2,0,0,5,2,0.6000
4,52.0000,15,38,360.6269,-81.9532,0.9277,13,0.3250,0.5000,6,6,4,0,0,6,4,0.3333
4,52.0000,15,41,707.7290,-87.0454,0.1495,5,0.1250,1.0000,8,8,8,0,0,8,8,0.0000
4,52.0000,15,42,363.2553,-81.3011,0.0663,20,0.5000,0.6250,8,6,3,0,0,6,3,0.5000
4,52.0000,15,43,944.9482,-88.7490,1.3637,3,0.0750,1.0000,2,6,6,0,0,6,6,0.0000
4,52.0000,15,44,733.2075,-88.0708,-1.3372,3,0.0750,0.8571,7,7,6,0,0,7,6,0.1429
4,52.0000,15,46,882.8961,-88.3477,0.4028,6,0.1500,1.0000,8,8,8,0,0,8,8,0.0000
4,52.0000,16,0,812.9166,-88.6023,-0.7995,3,0.0732,0.8750,8,2,2,0,0,2,2,0.0000
4,52.0000,16,1,794.2036,-87.2271,0.4476,7,0.1707,0.6667,3,3,2,0,0,3,2,0.3333
4,52.0000,16,2,472.8913,-81.7511,-0.5924,25,0.6098,0.3333,6,5,4,0,0,5,4,0.2000
4,52.0000,16,4,487.1184,-84.5008,0.2766,16,0.3902,1.0000,6,8,6,0,0,8,6,0.2500
4,52.0000,16,5,702.5099,-86.4892,0.1077,11,0.2683,1.0000,6,7,6,0,0,7,6,0.1429
4,52.0000,16,8,522.4616,-82.8466,-0.6463,15,0.3659,0.6667,6,6,4,0,0,6,4,0.3333
4,52.0000,16,9,205.7518,-75.8036,0.4051,35,0.8537,0.4286,7,5,2,0,0,5,2,0.6000
4,52.0000,16,10,470.8436,-82.3051,-0.3519,14,0.3415,1.0000,10,7,6,0,0,7,6,0.1429
4,52.0000,16,11,720.0432,-86.2769,-0.3049,11,0.2683,1.0000,7,6,5,0,0,6,5,0.1667
4,52.0000,16,12,496.1397,-83.5727,0.0167,17,0.4146,0.8571,7,9,8,0,0,9,8,0.1111
4,52.0000,16,13,850.5208,-86.7855,0.2759,9,0.2195,1.0000,8,4,4,0,0,4,4,0.0000
4,52.0000,16,17,717.1093,-85.3111,-1.1320,11,0.2683,0.8571,7,8,8,0,0,8,8,0.0000
4,52.0000,16,18,246.8811,-79.5353,1.0266,17,0.4146,0.5000,6,4,0,0,0,4,0,1.0000
4,52.0000,16,19,272.6972,-78.7714,-1.0934,23,0.5610,0.8571,7,5,2,0,0,5,2,0.6000
4,52.0000,16,20,149.8026,-75.0205,1.3109,37,0.9024,0.4000,5,5,1,44,13,49,14,0.7143
4,52.0000,16,21,892.8207,-87.5758,-0.3207,10,0.2439,1.0000,4,6,6,0,0,6,6,0.0000
4,52.0000,16,22,897.1139,-87.8201,0.2386,5,0.1220,,0,8,8,0,0,8,8,0.0000
4,52.0000,16,25,614.5862,-83.9645,0.0363,13,0.3171,1.0000,8,7,6,0,0,7,6,0.1429
4,52.0000,16,26,365.6176,-78.7298,-1.9255,23,0.5610,0.2000,5,8,8,0,0,8,8,0.0000
4,52.0000,16,28,249.5448,-79.2024,1.1374,25,0.6098,0.8095,21,5,1,47,30,52,31,0.4038
4,52.0000,16,29,142.2769,-72.8318,0.4441,36,0.8780,0.2000,5,4,0,0,0,4,0,1.0000
4,52.0000,16,30,866.1650,-88.4002,0.9274,4,0.0976,1.0000,4,7,6,0,0,7,6,0.1429
4,52.0000,16,31,543.2207,-85.2180,-0.8204,10,0.2439,0.5714,7,8,8,0,0,8,8,0.0000
4,52.0000,16,32,496.1639,-82.1269,0.1259,17,0.4146,0.6667,6,7,6,0,0,7,6,0.1429
4,52.0000,16,33,468.7540,-84.3339,0.1356,12,0.2927,0.9452,73,7,5,0,0,7,5,0.2857
4,52.0000,16,38,751.1644,-86.8185,0.1619,7,0.1707,1.0000,8,4,4,0,0,4,4,0.0000
4,52.0000,16,39,184.1451,-70.8605,-2.0356,35,0.8537,0.3542,48,6,4,8,4,14,8,0.4286
4,52.0000,16,43,743.3777,-87.8475,-1.1120,5,0.1220,0.8571,7,2,1,0,0,2,1,0.5000
4,52.0000,16,44,555.7897,-86.5588,0.7064,7,0.1707,1.0000,8,8,8,0,0,8,8,0.0000
4,52.0000,16,45,518.7136,-83.6351,-0.2136,21,0.5122,0.8571,7,7,6,0,0,7,6,0.1429
4,52.0000,16,47,281.2126,-78.5540,-0.0264,28,0.6829,0.2000,5,6,3,8,4,14,7,0.5000
4,52.0000,17,0,924.4224,-87.0201,-2.6290,3,0.0750,1.0000,8,4,4,0,0,4,4,0.0000
4,52.0000,17,1,849.2067,-88.2182,-0.8598,3,0.0750,1.0000,4,4,3,0,0,4,3,0.2500
4,52.0000,17,2,928.7222,-88.0803,-0.8925,3,0.0750,1.0000,6,4,4,0,0,4,4,0.0000
4,52.0000,17,8,926.0096,-86.6121,-0.9293,4,0.1000,1.0000,8,8,8,0,0,8,8,0.0000
4,52.0000,17,9,632.9365,-84.5635,0.5529,5,0.1250,1.0000,8,8,8,0,0,8,8,0.0000
4,52.0000,17,10,378.8993,-78.6730,-0.3130,20,0.5000,0.3333,6,6,4,0,0,6,4,0.3333
4,52.0000,17,11,322.8083,-79.7428,-0.1774,22,0.5500,0.5714,7,8,8,0,0,8,8,0.0000
4,52.0000,17,12,526.2023,-83.8995,-1.3933,7,0.1750,1.0000,8,6,6,0,0,6,6,0.0000
4,52.0000,17,13,714.3501,-85.5823,-4.9433,3,0.0750,0.8000,5,8,7,0,0,8,7,0.1250
4,52.0000,17,16,717.1093,-86.2952,0.7264,3,0.0750,1.0000,8,8,8,0,0,8,8,0.0000
4,52.0000,17,18,682.7286,-84.2619,0.6701,3,0.0750,1.0000,8,6,6,0,0,6,6,0.0000
4,52.0000,17,19,468.1490,-81.6150,-1.6122,10,0.2500,0.8571,7,7,6,0,0,7,6,0.1429
4,52.0000,17,23,870.3243,-87.6224,0.7128,3,0.0750,0.8571,7,4,4,0,0,4,4,0.0000
4,52.0000,17,25,851.6315,-87.7479,1.0632,6,0.1500,0.8571,7,8,8,0,0,8,8,0.0000
4,52.0000,17,26,416.6549,-81.5753,0.4710,12,0.3000,0.8571,7,5,4,0,0,5,4,0.2000
4,52.0000,17,27,913.3389,-88.4426,0.7427,5,0.1250,1.0000,4,4,4,0,0,4,4,0.0000
4,52.0000,17,28,653.0811,-85.4925,-1.5915,5,0.1250,1.0000,8,8,8,0,0,8,8,0.0000
4,52.0000,17,29,798.8761,-85.5292,-0.2892,4,0.1000,1.0000,8,8,7,0,0,8,7,0.1250
4,52.0000,17,30,772.2249,-84.7621,-0.3463,4,0.1000,1.0000,4,8,7,0,0,8,7,0.1250
4,52.0000,17,31,242.9986,-76.5049,-0.7133,30,0.7500,0.4000,5,6,4,0,0,6,4,0.3333
4,52.0000,17,32,426.7880,-79.5006,-0.7576,12,0.3000,0.7143,7,8,6,0,0,8,6,0.2500
4,52.0000,17,33,703.6295,-84.7516,-0.7760,4,0.1000,0.8750,8,8,8,0,0,8,8,0.0000
4,52.0000,17,36,856.5756,-87.9942,0.8596,3,0.0750,,0,2,2,0,0,2,2,0.0000
4,52.0000,17,39,689.7113,-85.9880,0.2558,4,0.1000,1.0000,8,8,8,0,0,8,8,0.0000
4,52.0000,17,43,568.9481,-82.9710,-1.6553,10,0.2500,0.7500,8,8,8,0,0,8,8,0.0000
4,52.0000,17,44,715.2030,-85.2366,-2.1774,4,0.1000,1.0000,8,8,7,0,0,8,7,0.1250
4,52.0000,17,45,1015.7415,-87.5247,4.5806,3,0.0750,1.0000,4,4,4,0,0,4,4,0.0000
4,52.0000,17,47,938.4439,-87.4197,-0.3210,4,0.1000,1.0000,6,8,8,0,0,8,8,0.0000
4,52.0000,18,0,603.6401,-84.5671,-2.1313,14,0.3500,0.8571,7,8,8,0,0,8,8,0.0000
4,52.0000,18,1,963.3597,-88.5894,-0.3731,3,0.0750,1.0000,4,4,4,0,0,4,4,0.0000
4,52.0000,18,2,712.1712,-87.5733,-0.3557,9,0.2250,0.8333,6,9,8,0,0,9,8,0.1111
4,52.0000,18,4,504.5444,-83.2801,0.4496,15,0.3750,0.8000,5,7,3,0,0,7,3,0.5714
4,52.0000,18,7,1089.3677,-89.5542,0.0726,5,0.1250,,0,2,2,0,0,2,2,0.0000
4,52.0000,18,8,760.9837,-87.2814,-1.0861,10,0.2500,1.0000,2,7,6,0,0,7,6,0.1429
4,52.0000,18,9,376.4260,-82.0229,-0.1823,17,0.4250,0.3333,6,7,5,0,0,7,5,0.2857
4,52.0000,18,10,351.4815,-81.8007,0.6744,21,0.5250,0.8750,8,8,8,0,0,8,8,0.0000
4,52.0000,18,11,679.5948,-86.6195,0.3194,12,0.3000,1.0000,8,7,6,0,0,7,6,0.1429
4,52.0000,18,12,624.6355,-84.7507,-1.0194,8,0.2000,1.0000,6,7,6,0,0,7,6,0.1429
4,52.0000,18,14,930.2997,-88.5730,0.0718,4,0.1000,1.0000,4,6,6,0,0,6,6,0.0000
4,52.0000,18,15,924.2681,-87.4770,-0.1115,5,0.1250,1.0000,6,2,2,0,0,2,2,0.0000
4,52.0000,18,16,246.8811,-79.4785,0.9570,22,0.5500,0.8571,7,4,0,0,0,4,0,1.0000
4,52.0000,18,17,682.7286,-85.9426,0.0681,10,0.2500,0.6667,6,8,8,0,0,8,8,0.0000
4,52.0000,18,19,249.4932,-79.3449,0.7129,20,0.5000,0.7500,8,4,0,0,0,4,0,1.0000
4,52.0000,18,20,393.7679,-82.4109,-0.2302,16,0.4000,0.8750,8,7,6,0,0,7,6,0.1429
4,52.0000,18,22,777.7213,-86.5841,-0.2747,8,0.2000,1.0000,6,8,8,0,0,8,8,0.0000
4,52.0000,18,23,931.9405,-86.4316,-0.2553,5,0.1250,1.0000,2,2,1,0,0,2,1,0.5000
4,52.0000,18,24,908.7405,-88.5319,-0.4725,4,0.1000,1.0000,4,2,2,0,0,2,2,0.0000
4,52.0000,18,25,814.1549,-86.7458,-0.5818,6,0.1500,0.8750,8,8,8,0,0,8,8,0.0000
4,52.0000,18,26,283.3898,-78.9860,0.2183,21,0.5250,0.6667,6,7,4,0,0,7,4,0.4286
4,52.0000,18,28,125.9745,-70.6426,-0.1449,39,0.9750,0.2000,5,4,0,0,0,4,0,1.0000
4,52.0000,18,29,295.9719,-80.5069,0.4236,19,0.4750,0.8571,7,5,2,0,0,5,2,0.6000
4,52.0000,18,30,653.1336,-85.8452,-1.2366,8,0.2000,1.0000,6,8,7,0,0,8,7,0.1250
4,52.0000,18,31,459.0088,-83.8221,0.0067,18,0.4500,0.4000,5,5,2,0,0,5,2,0.6000
4,52.0000,18,32,611.1030,-85.7694,-0.5831,11,0.2750,0.7500,8,8,7,0,0,8,7,0.1250
4,52.0000,18,33,338.2622,-80.1460,-0.8652,20,0.5000,0.7500,8,6,4,0,0,6,4,0.3333
4,52.0000,18,37,1023.5114,-86.8611,-0.2262,3,0.0750,1.0000,8,2,2,0,0,2,2,0.0000
4,52.0000,18,38,595.8139,-83.6796,-1.0548,17,0.4250,0.6667,6,6,4,0,0,6,4,0.3333
4,52.0000,18,39,412.0343,-82.3666,0.4585,18,0.4500,0.8889,9,6,3,0,0,6,3,0.5000
4,52.0000,18,42,780.1425,-85.9591,-0.3502,11,0.2750,0.8750,8,6,6,0,0,6,6,0.0000
4,52.0000,18,43,588.0484,-85.0332,-0.7215,12,0.3000,0.7143,7,7,6,0,0,7,6,0.1429
4,52.0000,18,44,328.0725,-79.6429,-0.5896,22,0.5500,0.5000,6,7,5,0,0,7,5,0.2857
4,52.0000,18,45,762.4114,-86.5610,-0.1711,8,0.2000,0.8571,7,6,5,0,0,6,5,0.1667
4,52.0000,18,47,341.5125,-80.1688,0.4627,23,0.5750,0.7500,8,6,3,0,0,6,3,0.5000
4,52.0000,19,0,748.2867,-86.9354,0.5655,9,0.2195,1.0000,8,2,2,0,0,2,2,0.0000
4,52.0000,19,1,770.5335,-87.8664,-0.2706,11,0.2683,1.0000,2,5,4,0,0,5,4,0.2000
4,52.0000,19,2,648.8763,-86.2275,-0.4033,13,0.3171,0.8571,7,8,8,0,0,8,8,0.0000
4,52.0000,19,4,656.1847,-87.4138,-0.2528,9,0.2195,0.8333,6,7,6,0,0,7,6,0.1429
4,52.0000,19,5,811.3312,-88.6398,0.5282,7,0.1707,1.0000,2,4,2,0,0,4,2,0.5000
4,52.0000,19,8,676.9967,-85.4644,-0.3257,12,0.2927,0.8889,9,8,8,0,0,8,8,0.0000
4,52.0000,19,9,302.1398,-79.4882,0.8194,24,0.5854,0.3333,6,8,6,0,0,8,6,0.2500
4,52.0000,19,10,208.8037,-74.7054,-0.5073,35,0.8537,0.2000,5,4,0,0,0,4,0,1.0000
4,52.0000,19,11,469.3850,-81.6068,-0.3325,24,0.5854,0.8571,7,6,3,0,0,6,3,0.5000
4,52.0000,19,12,405.2641,-81.5519,-0.6192,18,0.4390,0.8571,7,8,6,0,0,8,6,0.2500
4,52.0000,19,13,736.7763,-86.9051,-0.0754,13,0.3171,0.3333,6,4,3,0,0,4,3,0.2500
4,52.0000,19,14,1038.0933,-88.8177,-0.2257,4,0.0976,,0,4,4,0,0,4,4,0.0000
4,52.0000,19,15,1147.0159,-87.8652,-0.6174,3,0.0732,,0,4,4,0,0,4,4,0.0000
4,52.0000,19,16,272.6972,-78.2993,-0.2130,24,0.5854,0.5000,6,7,4,0,0,7,4,0.4286
4,52.0000,19,17,468.1490,-81.6841,-0.4442,22,0.5366,0.5000,6,7,5,0,0,7,5,0.2857
4,52.0000,19,18,249.4932,-79.3459,1.0384,24,0.5854,0.5000,6,7,3,0,0,7,3,0.5714
4,52.0000,19,20,374.3811,-82.4277,0.3464,16,0.3902,0.6667,6,4,0,0,0,4,0,1.0000
4,52.0000,19,23,955.1933,-87.2625,1.2044,4,0.0976,1.0000,2,4,4,0,0,4,4,0.0000
4,52.0000,19,25,658.1277,-85.7474,0.4114,11,0.2683,1.0000,8,8,8,0,0,8,8,0.0000
4,52.0000,19,26,99.8885,-62.0198,-2.3120,39,0.9512,0.2000,5,4,0,0,0,4,0,1.0000
4,52.0000,19,28,258.7466,-80.4639,0.5531,18,0.4390,0.5000,6,5,1,0,0,5,1,0.8000
4,52.0000,19,29,342.8006,-81.5774,-0.2956,18,0.4390,0.6250,8,5,1,0,0,5,1,0.8000
4,52.0000,19,30,720.7678,-87.0884,1.1001,10,0.2439,1.0000,4,7,6,0,0,7,6,0.1429
4,52.0000,19,31,274.2769,-77.6165,-0.5111,32,0.7805,0.5000,6,6,4,0,0,6,4,0.3333
4,52.0000,19,32,376.2333,-80.4201,-1.1081,22,0.5366,0.5714,7,8,6,10,7,18,13,0.2778
4,52.0000,19,33,445.9106,-82.0877,0.2898,11,0.2683,0.8571,7,7,6,0,0,7,6,0.1429
4,52.0000,19,35,1065.0932,-88.2610,-0.2266,5,0.1220,1.0000,4,4,4,0,0,4,4,0.0000
4,52.0000,19,36,937.4483,-88.2571,-0.4543,7,0.1707,1.0000,2,2,2,0,0,2,2,0.0000
4,52.0000,19,38,811.2796,-87.6864,-0.2306,7,0.1707,1.0000,8,8,8,0,0,8,8,0.0000
4,52.0000,19,39,324.6387,-79.7204,1.0319,17,0.4146,0.7143,7,7,5,0,0,7,5,0.2857
4,52.0000,19,41,1165.2961,-87.9894,0.4931,4,0.0976,1.0000,4,2,2,0,0,2,2,0.0000
4,52.0000,19,43,582.2798,-85.0777,0.1367,12,0.2927,1.0000,8,5,4,0,0,5,4,0.2000
4,52.0000,19,44,466.0955,-82.7277,-0.4582,12,0.2927,0.8750,8,7,5,0,0,7,5,0.2857
4,52.0000,19,45,715.7079,-85.8374,-0.2233,12,0.2927,1.0000,4,8,8,0,0,8,8,0.0000
4,52.0000,19,47,507.0790,-83.8240,0.0189,15,0.3659,0.5714,7,7,6,0,0,7,6,0.1429
4,52.0000,20,1,733.6661,-88.0612,-0.2926,5,0.1250,1.0000,6,6,5,0,0,6,5,0.1667
4,52.0000,20,2,323.7091,-79.3116,-0.4262,31,0.7750,0.3333,6,6,3,0,0,6,3,0.5000
4,52.0000,20,4,508.1158,-83.5291,-0.4940,11,0.2750,0.8333,6,8,8,0,0,8,8,0.0000
4,52.0000,20,5,586.2335,-85.5135,1.0281,13,0.3250,0.8571,7,7,6,0,0,7,6,0.1429
4,52.0000,20,8,375.3091,-81.1451,-0.3219,21,0.5250,0.5714,7,7,5,0,0,7,5,0.2857
4,52.0000,20,9,174.9981,-76.9276,1.2963,26,0.6500,0.5000,6,4,0,0,0,4,0,1.0000
4,52.0000,20,10,582.6614,-86.3064,-0.3992,8,0.2000,1.0000,8,8,8,0,0,8,8,0.0000
4,52.0000,20,11,789.5451,-86.9852,0.4738,9,0.2250,1.0000,6,8,7,0,0,8,7,0.1250
4,52.0000,20,12,479.3681,-84.1562,-0.0429,13,0.3250,0.7143,7,7,5,0,0,7,5,0.2857
4,52.0000,20,13,837.0637,-86.0262,-1.2397,4,0.1000,1.0000,4,8,8,0,0,8,8,0.0000
4,52.0000,20,16,149.8026,-73.7767,1.6062,27,0.6750,0.0000,4,6,2,0,0,6,2,0.6667
4,52.0000,20,17,768.2917,-87.6551,1.0200,4,0.1000,0.8000,5,8,8,0,0,8,8,0.0000
4,52.0000,20,18,393.7679,-84.1409,0.5443,12,0.3000,0.7143,7,7,6,0,0,7,6,0.1429
4,52.0000,20,19,374.3811,-81.1858,0.6423,15,0.3750,0.8571,7,8,6,0,0,8,6,0.2500
4,52.0000,20,21,767.2911,-85.6165,-0.0461,8,0.2000,0.8571,7,4,3,0,0,4,3,0.2500
4,52.0000,20,22,968.1383,-88.4284,-1.7007,4,0.1000,1.0000,4,6,6,0,0,6,6,0.0000
4,52.0000,20,25,535.7798,-84.0900,-0.0131,15,0.3750,0.7143,7,8,5,0,0,8,5,0.3750
4,52.0000,20,26,473.9251,-83.6022,0.1115,15,0.3750,0.6667,6,8,8,0,0,8,8,0.0000
4,52.0000,20,28,372.5570,-83.3174,0.8751,9,0.2250,0.8571,7,6,4,0,0,6,4,0.3333
4,52.0000,20,29,221.1148,-76.6141,-0.5292,29,0.7250,0.5000,6,7,3,0,0,7,3,0.5714
4,52.0000,20,30,986.7587,-87.7132,0.3769,5,0.1250,1.0000,4,4,4,0,0,4,4,0.0000
4,52.0000,20,31,631.7014,-86.5063,1.7028,4,0.1000,1.0000,8,5,2,0,0,5,2,0.6000
4,52.0000,20,32,479.1540,-83.8789,1.2901,13,0.3250,0.8750,8,7,6,0,0,7,6,0.1429
4,52.0000,20,33,561.8813,-85.2597,-0.3800,9,0.2250,1.0000,8,6,3,0,0,6,3,0.5000
4,52.0000,20,34,816.1948,-87.2516,-0.4955,6,0.1500,1.0000,6,2,2,0,0,2,2,0.0000
4,52.0000,20,38,848.8132,-88.1514,0.2358,4,0.1000,0.8571,7,4,4,0,0,4,4,0.0000
4,52.0000,20,39,110.7056,-71.1921,1.0969,32,0.8000,0.3204,103,5,1,95,26,100,27,0.7300
4,52.0000,20,42,1055.3199,-87.8626,-0.0242,3,0.0750,1.0000,6,2,2,0,0,2,2,0.0000
4,52.0000,20,43,837.4797,-87.6686,-2.0035,5,0.1250,1.0000,6,6,5,0,0,6,5,0.1667
4,52.0000,20,44,688.0795,-86.5021,-0.3617,8,0.2000,0.8750,8,8,8,62,60,70,68,0.0286
4,52.0000,20,45,369.9600,-80.4815,-1.2372,32,0.8000,0.4000,5,6,4,0,0,6,4,0.3333
4,52.0000,20,47,327.2803,-77.1401,-0.5457,32,0.8000,0.3333,6,6,4,0,0,6,4,0.3333
4,52.0000,21,1,463.4676,-82.3681,-0.3697,15,0.3750,0.7500,8,6,4,0,0,6,4,0.3333
4,52.0000,21,2,534.0539,-83.6807,-0.8057,12,0.3000,0.8571,7,7,6,0,0,7,6,0.1429
4,52.0000,21,5,284.5981,-77.8678,0.2718,32,0.8000,0.2000,5,7,6,0,0,7,6,0.1429
4,52.0000,21,8,466.6950,-81.9951,-0.5802,13,0.3250,0.5000,6,8,7,0,0,8,7,0.1250
4,52.0000,21,12,646.3544,-85.1750,-1.0854,6,0.1500,0.8571,7,8,8,0,0,8,8,0.0000
4,52.0000,21,13,730.1600,-86.8303,-0.1517,7,0.1750,1.0000,8,8,8,0,0,8,8,0.0000
4,52.0000,21,20,767.2911,-86.8136,-0.8822,6,0.1500,1.0000,8,8,8,0,0,8,8,0.0000
4,52.0000,21,25,416.6103,-81.9174,-0.0597,16,0.4000,1.0000,8,8,8,0,0,8,8,0.0000
4,52.0000,21,27,742.2457,-87.4457,-0.0957,8,0.2000,0.8571,7,8,8,0,0,8,8,0.0000
4,52.0000,21,29,906.8204,-86.2206,-0.4695,4,0.1000,1.0000,8,8,8,0,0,8,8,0.0000
4,52.0000,21,32,676.3043,-87.2868,1.5324,3,0.0750,1.0000,8,7,6,0,0,7,6,0.1429
4,52.0000,21,34,337.2208,-79.7574,-0.0379,29,0.7250,0.3333,6,4,0,0,0,4,0,1.0000
4,52.0000,21,35,616.6162,-85.8728,0.2723,12,0.3000,1.0000,8,7,6,0,0,7,6,0.1429
4,52.0000,21,36,793.8333,-86.3387,0.6836,5,0.1250,1.0000,2,4,4,0,0,4,4,0.0000
4,52.0000,21,39,711.5880,-87.0957,1.2639,5,0.1250,1.0000,8,8,8,0,0,8,8,0.0000
4,52.0000,21,40,731.5646,-86.0903,1.0881,7,0.1750,1.0000,6,7,6,0,0,7,6,0.1429
4,52.0000,21,45,532.4550,-83.6890,-0.6279,10,0.2500,0.8571,7,5,4,0,0,5,4,0.2000
4,52.0000,22,0,460.5089,-83.7935,1.0249,12,0.3000,1.0000,8,5,2,0,0,5,2,0.6000
4,52.0000,22,3,659.3971,-84.9963,0.1734,11,0.2750,0.8000,5,6,4,0,0,6,4,0.3333
4,52.0000,22,4,505.5020,-82.6515,-1.5737,11,0.2750,0.8571,7,8,8,0,0,8,8,0.0000
4,52.0000,22,6,591.4483,-86.3466,0.0969,13,0.3250,0.8750,8,7,6,0,0,7,6,0.1429
4,52.0000,22,7,888.9000,-87.3345,0.0666,3,0.0750,1.0000,2,7,6,0,0,7,6,0.1429
4,52.0000,22,9,917.1906,-87.8968,-0.3071,3,0.0750,1.0000,6,8,8,0,0,8,8,0.0000
4,52.0000,22,14,834.3857,-88.3552,0.0785,3,0.0750,1.0000,6,6,6,0,0,6,6,0.0000
4,52.0000,22,15,406.2934,-82.1116,0.3273,21,0.5250,1.0000,8,8,6,0,0,8,6,0.2500
4,52.0000,22,18,777.7213,-84.6581,-1.0882,3,0.0750,1.0000,8,8,8,0,0,8,8,0.0000
4,52.0000,22,23,850.8316,-87.1632,0.4539,6,0.1500,1.0000,8,8,8,0,0,8,8,0.0000
4,52.0000,22,24,756.6018,-86.5739,-0.0124,6,0.1500,1.0000,8,8,8,0,0,8,8,0.0000
4,52.0000,22,28,712.5447,-86.5087,-0.5182,4,0.1000,1.0000,8,8,8,0,0,8,8,0.0000
4,52.0000,22,30,695.3798,-85.6939,0.4757,7,0.1750,0.8571,7,8,8,0,0,8,8,0.0000
4,52.0000,22,33,534.8831,-84.6178,0.6933,7,0.1750,0.8571,7,8,8,0,0,8,8,0.0000
4,52.0000,22,37,535.0233,-84.4745,1.0412,17,0.4250,1.0000,8,4,0,0,0,4,0,1.0000
4,52.0000,22,38,250.6448,-77.7172,0.5285,27,0.6750,0.0000,4,5,1,0,0,5,1,0.8000
4,52.0000,22,41,768.1369,-86.9575,0.6995,6,0.1500,1.0000,8,6,6,0,0,6,6,0.0000
4,52.0000,22,42,261.7265,-79.0404,1.1194,25,0.6250,0.4000,5,7,2,0,0,7,2,0.7143
4,52.0000,22,43,736.4741,-87.5548,0.7641,6,0.1500,1.0000,6,8,8,0,0,8,8,0.0000
4,52.0000,22,44,618.6886,-84.9942,0.2361,10,0.2500,0.8750,8,8,8,0,0,8,8,0.0000
4,52.0000,22,47,697.6880,-85.6523,1.6963,3,0.0750,1.0000,8,8,8,0,0,8,8,0.0000
4,52.0000,23,0,495.8481,-82.3514,-0.0253,13,0.3250,0.9627,134,7,6,8,8,15,14,0.0667
4,52.0000,23,3,871.2470,-88.4432,-0.4234,5,0.1250,1.0000,4,9,7,0,0,9,7,0.2222
4,52.0000,23,7,554.6226,-84.3616,0.0289,16,0.4000,0.8750,8,7,6,0,0,7,6,0.1429
4,52.0000,23,14,462.8452,-83.7923,0.5687,19,0.4750,0.7143,7,6,4,0,0,6,4,0.3333
4,52.0000,23,17,870.3243,-86.7869,1.8852,3,0.0750,1.0000,8,6,6,0,0,6,6,0.0000
4,52.0000,23,22,850.8316,-87.0079,0.4064,4,0.1000,1.0000,8,8,8,0,0,8,8,0.0000
4,52.0000,23,24,417.3317,-82.1496,0.4264,19,0.4750,0.8750,8,7,5,0,0,7,5,0.2857
4,52.0000,23,28,879.5514,-87.0235,0.1377,3,0.0750,1.0000,8,8,8,0,0,8,8,0.0000
4,52.0000,23,30,312.0108,-78.6598,0.1871,18,0.4500,0.5714,7,6,3,0,0,6,3,0.5000
4,52.0000,23,33,701.9589,-86.9185,0.7655,3,0.0750,1.0000,24,8,8,0,0,8,8,0.0000
4,52.0000,23,37,857.3002,-88.0304,0.5234,5,0.1250,1.0000,8,7,6,0,0,7,6,0.1429
4,52.0000,23,41,435.1742,-82.5273,0.2980,21,0.5250,0.8571,7,7,5,0,0,7,5,0.2857
4,52.0000,23,42,648.1284,-86.0764,0.1520,7,0.1750,0.8571,7,10,9,136,134,146,143,0.0205
4,52.0000,23,43,392.7545,-80.8414,-0.1427,18,0.4500,0.5714,7,8,8,0,0,8,8,0.0000
4,52.0000,23,44,634.9319,-86.1596,1.0586,5,0.1250,1.0000,8,8,8,0,0,8,8,0.0000
4,52.0000,23,46,662.2576,-86.4807,-0.1490,7,0.1750,1.0000,8,8,8,0,0,8,8,0.0000
4,52.0000,24,0,375.0556,-81.2391,0.6549,10,0.2500,0.8571,7,7,6,0,0,7,6,0.1429
4,52.0000,24,3,576.5437,-84.7906,-0.6305,12,0.3000,0.8333,6,7,5,0,0,7,5,0.2857
4,52.0000,24,6,678.8994,-84.4980,-0.0266,5,0.1250,1.0000,8,8,8,0,0,8,8,0.0000
4,52.0000,24,7,197.6049,-73.0668,-1.5066,36,0.9000,0.2500,4,6,1,0,0,6,1,0.8333
4,52.0000,24,14,92.8346,-68.2904,1.7439,32,0.8000,0.3333,6,5,1,0,0,5,1,0.8000
4,52.0000,24,15,692.4151,-87.2644,0.8436,3,0.0750,1.0000,8,8,5,0,0,8,5,0.3750
4,52.0000,24,22,756.6018,-87.7435,0.2089,3,0.0750,1.0000,8,8,8,0,0,8,8,0.0000
4,52.0000,24,23,417.3317,-81.9215,0.9804,20,0.5000,0.8571,7,7,4,0,0,7,4,0.4286
4,52.0000,24,30,334.9916,-79.8139,-0.5307,18,0.4500,0.7500,8,8,6,0,0,8,6,0.2500
4,52.0000,24,37,535.5811,-84.5351,0.3060,10,0.2500,0.8889,9,6,6,0,0,6,6,0.0000
4,52.0000,24,41,182.6897,-73.4909,-1.4599,33,0.8250,0.0000,4,4,0,0,0,4,0,1.0000
4,52.0000,24,42,499.1219,-85.0669,1.2835,6,0.1500,0.8000,5,8,8,0,0,8,8,0.0000
4,52.0000,24,43,602.1146,-84.5756,0.1402,4,0.1000,1.0000,8,8,8,0,0,8,8,0.0000
4,52.0000,24,44,584.5378,-83.6213,1.7000,4,0.1000,1.0000,8,7,5,0,0,7,5,0.2857
4,52.0000,24,46,389.4394,-81.3120,-0.3401,33,0.8250,0.4000,5,8,7,0,0,8,7,0.1250
4,52.0000,25,1,229.0049,-78.1385,0.7787,29,0.7250,0.5000,6,6,3,0,0,6,3,0.5000
4,52.0000,25,2,495.5244,-83.4306,-0.4586,15,0.3750,0.7143,7,7,6,0,0,7,6,0.1429
4,52.0000,25,5,229.3986,-78.7238,0.2290,31,0.7750,0.5000,6,4,2,0,0,4,2,0.5000
4,52.0000,25,8,465.4726,-81.5103,0.4380,20,0.5000,0.7500,8,6,4,0,0,6,4,0.3333
4,52.0000,25,9,596.6346,-85.3019,-0.1113,8,0.2000,0.8571,7,9,9,0,0,9,9,0.0000
4,52.0000,25,10,808.9637,-87.5954,0.6747,7,0.1750,0.8571,7,4,4,0,0,4,4,0.0000
4,52.0000,25,11,768.5954,-86.3943,-0.1972,8,0.2000,1.0000,8,8,8,0,0,8,8,0.0000
4,52.0000,25,12,330.4845,-78.7253,0.0430,25,0.6250,0.4000,5,6,4,0,0,6,4,0.3333
4,52.0000,25,13,453.1381,-81.9745,0.0335,20,0.5000,0.4000,5,8,8,0,0,8,8,0.0000
4,52.0000,25,16,614.5862,-83.1684,-0.3990,9,0.2250,0.8571,7,8,8,0,0,8,8,0.0000
4,52.0000,25,17,851.6315,-86.4414,0.0234,8,0.2000,0.8571,7,6,6,0,0,6,6,0.0000
4,52.0000,25,18,814.1549,-87.4825,0.2558,3,0.0750,1.0000,8,8,8,0,0,8,8,0.0000
4,52.0000,25,19,658.1277,-85.6988,-0.7256,10,0.2500,0.8750,8,8,8,0,0,8,8,0.0000
4,52.0000,25,20,535.7798,-83.6955,-0.9916,11,0.2750,0.7143,7,8,8,0,0,8,8,0.0000
4,52.0000,25,21,416.6103,-82.8172,-0.0576,24,0.6000,0.8571,7,8,7,0,0,8,7,0.1250
4,52.0000,25,26,726.0612,-87.4296,-0.6286,9,0.2250,1.0000,8,6,5,0,0,6,5,0.1667
4,52.0000,25,27,730.2507,-85.9390,0.8513,11,0.2750,1.0000,8,7,6,0,0,7,6,0.1429
4,52.0000,25,28,830.1371,-88.4805,0.0114,6,0.1500,1.0000,8,8,8,0,0,8,8,0.0000
4,52.0000,25,29,589.8567,-83.5739,0.0974,10,0.2500,1.0000,8,8,8,0,0,8,8,0.0000
4,52.0000,25,31,817.6694,-87.6684,-0.9978,5,0.1250,1.0000,6,8,8,0,0,8,8,0.0000
4,52.0000,25,32,433.7334,-84.0089,-0.5692,12,0.3000,0.5000,6,8,8,0,0,8,8,0.0000
4,52.0000,25,34,465.8282,-83.7583,0.1372,20,0.5000,0.8889,9,5,2,0,0,5,2,0.6000
4,52.0000,25,35,515.5337,-84.3885,1.0898,20,0.5000,1.0000,8,5,1,0,0,5,1,0.8000
4,52.0000,25,36,598.2531,-85.0348,0.9400,12,0.3000,1.0000,6,8,7,2,2,10,9,0.1000
4,52.0000,25,39,453.4365,-82.4358,0.3631,13,0.3250,1.0000,8,8,8,0,0,8,8,0.0000
4,52.0000,25,40,782.0848,-85.8611,-0.3941,9,0.2250,1.0000,4,6,6,0,0,6,6,0.0000
4,52.0000,25,45,506.3816,-83.2596,-0.5360,17,0.4250,1.0000,8,8,5,0,0,8,5,0.3750
4,52.0000,25,47,850.0454,-88.0598,0.4746,6,0.1500,1.0000,8,6,6,0,0,6,6,0.0000
4,52.0000,26,0,717.6956,-86.6703,0.3867,8,0.2000,1.0000,4,4,4,0,0,4,4,0.0000
4,52.0000,26,1,816.7415,-87.4563,0.1723,6,0.1500,0.8333,6,6,6,2,2,8,8,0.0000
4,52.0000,26,2,745.8132,-86.3776,-1.3733,9,0.2250,1.0000,8,8,8,0,0,8,8,0.0000
4,52.0000,26,4,718.8698,-87.0313,0.3306,9,0.2250,1.0000,6,8,8,0,0,8,8,0.0000
4,52.0000,26,5,893.0604,-87.8862,-0.3982,5,0.1250,,0,2,0,0,0,2,0,1.0000
4,52.0000,26,7,1146.8972,-89.3092,-0.0915,4,0.1000,,0,4,4,0,0,4,4,0.0000
4,52.0000,26,8,771.4837,-86.0973,0.6179,6,0.1500,0.8571,7,6,6,0,0,6,6,0.0000
4,52.0000,26,9,394.4658,-80.2948,-0.9778,22,0.5500,0.6667,6,6,4,0,0,6,4,0.3333
4,52.0000,26,10,108.9920,-73.3705,1.9435,34,0.8500,0.0000,4,4,0,0,0,4,0,1.0000
4,52.0000,26,11,406.8443,-82.5085,0.2108,22,0.5500,0.6667,15,8,7,0,0,8,7,0.1250
4,52.0000,26,12,447.9798,-82.3859,0.9008,15,0.3750,1.0000,8,7,5,0,0,7,5,0.2857
4,52.0000,26,13,747.9136,-86.0784,-0.8873,12,0.3000,1.0000,8,6,6,0,0,6,6,0.0000
4,52.0000,26,16,365.6176,-79.5865,-1.5028,23,0.5750,0.7143,7,10,9,0,0,10,9,0.1000
4,52.0000,26,17,416.6549,-81.3496,-1.3402,25,0.6250,0.8571,7,7,5,0,0,7,5,0.2857
4,52.0000,26,18,283.3898,-79.2281,0.4727,30,0.7500,0.5000,6,7,4,0,0,7,4,0.4286
4,52.0000,26,19,99.8885,-61.8419,-1.8646,37,0.9250,0.2000,5,4,0,0,0,4,0,1.0000
4,52.0000,26,20,473.9251,-82.4603,-0.1462,19,0.4750,1.0000,8,7,6,0,0,7,6,0.1429
4,52.0000,26,21,1040.6645,-89.1220,0.2483,3,0.0750,1.0000,6,2,2,0,0,2,2,0.0000
4,52.0000,26,23,893.8854,-88.2225,-1.3087,5,0.1250,1.0000,6,4,4,0,0,4,4,0.0000
4,52.0000,26,25,726.0612,-85.6537,-0.7081,11,0.2750,0.6667,6,8,8,0,0,8,8,0.0000
4,52.0000,26,27,1099.7969,-88.8254,0.1843,4,0.1000,1.0000,8,6,6,0,0,6,6,0.0000
4,52.0000,26,28,302.1115,-80.0507,0.4775,24,0.6000,0.5000,6,5,1,0,0,5,1,0.8000
4,52.0000,26,29,424.9578,-81.8836,0.4271,19,0.4750,0.8571,7,8,7,0,0,8,7,0.1250
4,52.0000,26,30,662.1522,-85.8639,-0.4058,7,0.1750,1.0000,4,7,6,0,0,7,6,0.1429
4,52.0000,26,31,195.2828,-77.6261,1.2880,32,0.8000,0.3333,6,5,1,0,0,5,1,0.8000
4,52.0000,26,32,415.0369,-80.2215,-1.1692,25,0.6250,0.7143,7,8,6,1,0,9,6,0.3333
4,52.0000,26,33,458.0829,-82.8055,0.3639,23,0.5750,0.7500,8,5,4,0,0,5,4,0.2000
4,52.0000,26,36,944.2733,-88.3380,-0.2447,5,0.1250,,0,2,2,0,0,2,2,0.0000
4,52.0000,26,38,821.9461,-86.4645,-0.0313,11,0.2750,1.0000,8,5,4,0,0,5,4,0.2000
4,52.0000,26,39,422.9813,-80.8862,-0.6031,21,0.5250,0.7500,8,8,7,8,7,16,14,0.1250
4,52.0000,26,43,535.6349,-83.7066,0.0234,17,0.4250,1.0000,8,8,8,0,0,8,8,0.0000
4,52.0000,26,44,434.9784,-84.5245,0.6471,17,0.4250,0.8571,7,8,7,0,0,8,7,0.1250
4,52.0000,26,45,814.1281,-87.0608,-1.0826,6,0.1500,0.8000,5,5,4,0,0,5,4,0.2000
4,52.0000,26,47,581.6679,-84.0371,0.0644,16,0.4000,0.8571,7,7,6,0,0,7,6,0.1429
4,52.0000,27,1,524.2114,-84.2837,0.1896,14,0.3500,0.7143,7,8,8,0,0,8,8,0.0000
4,52.0000,27,5,848.7520,-87.7246,-2.8917,3,0.0750,0.8750,8,8,8,0,0,8,8,0.0000
4,52.0000,27,11,864.5722,-88.1589,-0.1535,3,0.0750,1.0000,8,8,8,0,0,8,8,0.0000
4,52.0000,27,12,709.8853,-85.1407,-0.0134,6,0.1500,1.0000,8,8,8,0,0,8,8,0.0000
4,52.0000,27,13,473.3891,-84.4879,0.0069,13,0.3250,1.0000,8,7,5,0,0,7,5,0.2857
4,52.0000,27,19,1086.0841,-89.5631,0.1749,3,0.0750,1.0000,6,8,8,0,0,8,8,0.0000
4,52.0000,27,21,742.2457,-88.1421,0.1609,5,0.1250,1.0000,8,8,8,0,0,8,8,0.0000
4,52.0000,27,25,730.2507,-86.7891,-0.8313,4,0.1000,1.0000,8,8,7,0,0,8,7,0.1250
4,52.0000,27,26,1099.7969,-88.3578,0.2170,4,0.1000,1.0000,8,8,8,0,0,8,8,0.0000
4,52.0000,27,32,728.9619,-86.6289,0.1916,3,0.0750,1.0000,8,10,10,0,0,10,10,0.0000
4,52.0000,27,34,967.4286,-88.3094,-0.5777,4,0.1000,0.8750,8,6,6,0,0,6,6,0.0000
4,52.0000,27,35,464.5333,-83.6450,-0.0548,18,0.4500,0.4000,5,7,6,0,0,7,6,0.1429
4,52.0000,27,36,353.2664,-79.7087,-0.0106,32,0.8000,0.1667,6,7,4,0,0,7,4,0.4286
4,52.0000,27,40,116.0610,-71.8625,1.3006,37,0.9250,0.0000,4,4,0,0,0,4,0,1.0000
4,52.0000,28,0,567.9174,-84.5824,-0.1395,11,0.2750,0.6667,6,4,4,0,0,4,4,0.0000
4,52.0000,28,2,668.6258,-87.3334,0.1760,6,0.1500,0.8571,7,8,6,0,0,8,6,0.2500
4,52.0000,28,4,425.2702,-81.0443,-0.0481,18,0.4500,0.7143,7,6,3,0,0,6,3,0.5000
4,52.0000,28,5,935.3495,-88.4793,0.2111,3,0.0750,,0,4,4,0,0,4,4,0.0000
4,52.0000,28,8,717.3847,-87.6748,0.3339,4,0.1000,0.8571,7,8,8,0,0,8,8,0.0000
4,52.0000,28,9,311.9846,-79.0042,0.0026,14,0.3500,0.8750,8,5,2,0,0,5,2,0.6000
4,52.0000,28,10,374.0036,-82.5994,0.2964,15,0.3750,1.0000,8,6,3,0,0,6,3,0.5000
4,52.0000,28,11,708.4909,-86.1927,-0.4931,7,0.1750,1.0000,8,8,7,61,56,69,63,0.0870
4,52.0000,28,12,633.6119,-86.9500,1.1751,5,0.1250,0.8750,8,8,8,0,0,8,8,0.0000
4,52.0000,28,14,929.1036,-87.9842,0.5007,7,0.1750,1.0000,6,4,4,0,0,4,4,0.0000
4,52.0000,28,15,911.1329,-87.0759,0.2174,5,0.1250,1.0000,4,6,6,0,0,6,6,0.0000
4,52.0000,28,16,249.5448,-78.2300,0.2412,18,0.4500,0.6667,6,5,1,0,0,5,1,0.8000
4,52.0000,28,17,653.0811,-84.9947,-0.9656,8,0.2000,0.8571,7,8,8,0,0,8,8,0.0000
4,52.0000,28,18,125.9745,-71.3423,-0.1028,34,0.8500,0.0000,4,4,0,0,0,4,0,1.0000
4,52.0000,28,19,258.7466,-79.3649,0.6121,18,0.4500,0.6667,6,4,0,0,0,4,0,1.0000
4,52.0000,28,20,372.5570,-81.9129,1.0670,12,0.3000,1.0000,8,6,4,0,0,6,4,0.3333
4,52.0000,28,22,712.5447,-84.8991,-0.4897,13,0.3250,0.7500,4,8,8,0,0,8,8,0.0000
4,52.0000,28,23,879.5514,-88.2642,-0.9473,6,0.1500,1.0000,8,4,4,0,0,4,4,0.0000
4,52.0000,28,25,830.1371,-87.2848,0.0718,4,0.1000,0.8571,7,8,8,0,0,8,8,0.0000
4,52.0000,28,26,302.1115,-80.4977,-0.1105,14,0.3500,0.6250,8,8,7,0,0,8,7,0.1250
4,52.0000,28,29,349.5036,-81.0281,0.6186,15,0.3750,0.5000,4,7,4,0,0,7,4,0.4286
4,52.0000,28,30,621.7693,-85.7600,-1.4625,9,0.2250,0.6667,3,5,4,0,0,5,4,0.2000
4,52.0000,28,31,450.8772,-84.2207,0.2878,13,0.3250,0.8571,7,8,6,0,0,8,6,0.2500
4,52.0000,28,32,593.9880,-83.7860,0.8178,10,0.2500,0.8571,7,6,6,0,0,6,6,0.0000
4,52.0000,28,33,237.3179,-76.7058,-0.3947,30,0.7500,0.4286,7,6,3,0,0,6,3,0.5000
4,52.0000,28,38,563.6894,-83.5994,-0.8720,13,0.3250,0.7143,7,8,5,0,0,8,5,0.3750
4,52.0000,28,39,398.6714,-82.2613,-0.0528,16,0.4000,0.6667,6,6,4,0,0,6,4,0.3333
4,52.0000,28,42,730.8070,-85.7819,1.3881,4,0.1000,1.0000,8,5,4,0,0,5,4,0.2000
4,52.0000,28,43,518.4620,-83.4780,0.1408,14,0.3500,0.8571,7,7,6,0,0,7,6,0.1429
4,52.0000,28,44,316.3902,-79.7706,-1.0350,18,0.4500,0.5714,7,6,3,28,14,34,17,0.5000
4,52.0000,28,45,728.6952,-87.0114,0.5020,9,0.2250,1.0000,6,7,6,0,0,7,6,0.1429
4,52.0000,28,47,318.4025,-78.4623,0.3768,21,0.5250,0.5000,6,5,1,0,0,5,1,0.8000
4,52.0000,29,0,888.9969,-87.4437,-0.0479,3,0.0750,1.0000,6,2,2,0,0,2,2,0.0000
4,52.0000,29,1,774.8810,-87.1297,-0.0737,5,0.1250,1.0000,8,2,2,0,0,2,2,0.0000
4,52.0000,29,2,521.7454,-82.4892,-0.2652,10,0.2500,0.8750,8,8,7,0,0,8,7,0.1250
4,52.0000,29,4,575.1455,-85.2183,0.4893,7,0.1750,1.0000,4,8,8,0,0,8,8,0.0000
4,52.0000,29,5,682.0862,-84.5985,-1.1134,7,0.1750,0.7500,8,6,3,0,0,6,3,0.5000
4,52.0000,29,8,570.4302,-83.8483,-0.1038,9,0.2250,0.7143,7,8,8,0,0,8,8,0.0000
4,52.0000,29,9,335.0744,-80.6641,0.8501,13,0.3250,0.6250,8,6,3,0,0,6,3,0.5000
4,52.0000,29,10,523.8057,-85.0323,-0.8395,7,0.1750,0.9750,80,8,8,0,0,8,8,0.0000
4,52.0000,29,11,745.1113,-84.8807,0.5036,7,0.1750,0.8571,7,6,6,0,0,6,6,0.0000
4,52.0000,29,12,515.4993,-83.6603,-0.1566,13,0.3250,0.8571,7,8,8,0,0,8,8,0.0000
4,52.0000,29,13,834.4490,-87.5246,-0.4485,5,0.1250,0.8571,7,4,4,0,0,4,4,0.0000
4,52.0000,29,16,142.2769,-73.0536,0.7093,30,0.7500,0.0000,3,4,0,0,0,4,0,1.0000
4,52.0000,29,17,798.8761,-85.2497,1.6321,5,0.1250,0.8750,8,6,6,0,0,6,6,0.0000
4,52.0000,29,18,295.9719,-81.8545,1.5254,11,0.2750,0.8571,7,4,0,0,0,4,0,1.0000
4,52.0000,29,19,342.8006,-80.2260,1.3461,12,0.3000,0.9565,23,7,6,0,0,7,6,0.1429
4,52.0000,29,20,221.1148,-77.3019,-0.0778,27,0.6750,0.3333,6,5,2,0,0,5,2,0.6000
4,52.0000,29,21,906.8204,-86.5984,-0.9662,7,0.1750,1.0000,6,6,6,0,0,6,6,0.0000
4,52.0000,29,22,978.4192,-87.8676,-0.2196,3,0.0750,1.0000,4,3,2,0,0,3,2,0.3333
4,52.0000,29,25,589.8567,-83.6638,0.1512,9,0.2250,1.0000,8,8,8,0,0,8,8,0.0000
4,52.0000,29,26,424.9578,-81.3027,-0.0173,14,0.3500,0.9333,60,8,5,10,10,18,15,0.1667
4,52.0000,29,28,349.5036,-80.7949,0.7484,12,0.3000,1.0000,8,6,4,121,97,127,101,0.2047
4,52.0000,29,31,614.6950,-84.8442,0.1516,5,0.1250,1.0000,8,8,8,0,0,8,8,0.0000
4,52.0000,29,32,553.0879,-83.5629,-0.3005,7,0.1750,0.8571,7,7,6,0,0,7,6,0.1429
4,52.0000,29,33,579.8335,-83.9021,0.1782,9,0.2250,1.0000,8,6,4,0,0,6,4,0.3333
4,52.0000,29,35,1067.1150,-88.4308,0.4521,3,0.0750,1.0000,2,4,4,0,0,4,4,0.0000
4,52.0000,29,38,809.0921,-86.5367,0.4277,3,0.0750,1.0000,8,6,6,0,0,6,6,0.0000
4,52.0000,29,39,244.4771,-76.1409,-0.3954,24,0.6000,0.2000,5,5,1,0,0,5,1,0.8000
4,52.0000,29,43,851.6855,-87.3557,-0.0907,5,0.1250,1.0000,8,6,6,0,0,6,6,0.0000
4,52.0000,29,44,623.3975,-85.9180,0.7285,5,0.1250,1.0000,8,8,8,0,0,8,8,0.0000
4,52.0000,29,45,545.7378,-83.3249,0.5860,14,0.3500,0.8571,7,8,6,0,0,8,6,0.2500
4,52.0000,29,47,327.6111,-79.3749,0.6375,22,0.5500,0.6667,6,5,2,0,0,5,2,0.6000
4,52.0000,30,0,254.5094,-75.3001,-0.9278,34,0.8500,0.5000,6,6,4,0,0,6,4,0.3333
4,52.0000,30,3,811.8946,-87.1291,-1.2894,4,0.1000,1.0000,8,8,8,0,0,8,8,0.0000
4,52.0000,30,6,860.8233,-86.9359,-0.1496,11,0.2750,0.8571,7,6,6,0,0,6,6,0.0000
4,52.0000,30,7,529.1395,-83.4496,-0.8982,24,0.6000,1.0000,8,8,8,0,0,8,8,0.0000
4,52.0000,30,14,373.4984,-79.9428,-0.8477,27,0.6750,0.8571,7,6,6,0,0,6,6,0.0000
4,52.0000,30,15,785.1717,-86.1249,0.1398,9,0.2250,1.0000,8,8,8,0,0,8,8,0.0000
4,52.0000,30,18,653.1336,-85.8362,-1.5926,3,0.0750,1.0000,8,8,8,0,0,8,8,0.0000
4,52.0000,30,22,695.3798,-86.5707,-1.0028,7,0.1750,0.8571,7,8,8,0,0,8,8,0.0000
4,52.0000,30,23,312.0108,-79.1930,0.3481,29,0.7250,0.3333,6,7,4,0,0,7,4,0.4286
4,52.0000,30,24,334.9916,-78.7660,-0.0401,28,0.7000,0.4000,5,7,6,0,0,7,6,0.1429
4,52.0000,30,31,629.2856,-86.9634,-0.4808,4,0.1000,1.0000,8,7,6,0,0,7,6,0.1429
4,52.0000,30,33,474.8938,-82.0155,0.2049,12,0.3000,0.8750,8,8,8,0,0,8,8,0.0000
4,52.0000,30,37,720.7051,-84.9865,-1.1754,18,0.4500,1.0000,8,8,8,0,0,8,8,0.0000
4,52.0000,30,38,605.2859,-85.0949,0.1656,7,0.1750,0.8750,8,8,8,0,0,8,8,0.0000
4,52.0000,30,41,458.7626,-81.2352,-1.4698,26,0.6500,0.8571,7,6,2,0,0,6,2,0.6667
4,52.0000,30,42,500.3755,-81.8255,-0.4884,24,0.6000,0.7143,7,8,8,0,0,8,8,0.0000
4,52.0000,30,43,276.2296,-80.1137,0.8509,18,0.4500,0.8571,7,4,0,0,0,4,0,1.0000
4,52.0000,30,44,337.8794,-78.7716,0.4737,18,0.4500,0.6250,8,7,4,0,0,7,4,0.4286
4,52.0000,30,46,709.9326,-86.1265,-0.2124,13,0.3250,1.0000,8,8,8,0,0,8,8,0.0000
4,52.0000,31,0,748.8695,-85.6775,-3.0112,4,0.1000,1.0000,8,4,4,0,0,4,4,0.0000
4,52.0000,31,2,863.5463,-86.5083,-2.0261,3,0.0750,0.8750,8,6,6,0,0,6,6,0.0000
4,52.0000,31,4,849.0752,-87.3165,0.6311,3,0.0750,1.0000,4,8,8,0,0,8,8,0.0000
4,52.0000,31,9,517.1566,-83.6217,-1.4518,9,0.2250,1.0000,8,8,8,0,0,8,8,0.0000
4,52.0000,31,10,138.2852,-71.9219,0.2465,33,0.8250,0.1000,10,5,1,65,18,70,19,0.7286
4,52.0000,31,11,313.3743,-78.4454,-0.7300,26,0.6500,0.8571,7,6,3,0,0,6,3,0.5000
4,52.0000,31,12,499.4330,-83.7021,0.8221,9,0.2250,0.9231,13,9,8,0,0,9,8,0.1111
4,52.0000,31,13,750.9338,-85.6905,-0.5519,4,0.1000,1.0000,4,6,5,0,0,6,5,0.1667
4,52.0000,31,16,543.2207,-85.0716,-1.1799,7,0.1750,0.8571,7,7,6,0,0,7,6,0.1429
4,52.0000,31,17,242.9986,-75.8729,-0.6105,32,0.8000,0.0000,4,4,0,0,0,4,0,1.0000
4,52.0000,31,18,459.0088,-82.4479,1.0845,13,0.3250,1.0000,8,8,8,0,0,8,8,0.0000
4,52.0000,31,19,274.2769,-77.4372,0.0687,23,0.5750,0.3333,6,6,3,25,20,31,23,0.2581
4,52.0000,31,20,631.7014,-85.3679,3.5654,3,0.0750,1.0000,8,8,6,0,0,8,6,0.2500
4,52.0000,31,23,807.3535,-86.2355,-2.1831,4,0.1000,1.0000,6,5,4,0,0,5,4,0.2000
4,52.0000,31,25,817.6694,-87.4443,-0.7318,4,0.1000,1.0000,8,6,6,0,0,6,6,0.0000
4,52.0000,31,26,195.2828,-77.2128,1.3916,23,0.5750,0.6667,6,5,1,11,6,16,7,0.5625
4,52.0000,31,27,1051.7783,-88.1215,0.9199,4,0.1000,1.0000,6,4,4,0,0,4,4,0.0000
4,52.0000,31,28,450.8772,-82.6683,0.1236,10,0.2500,0.7500,8,8,8,0,0,8,8,0.0000
4,52.0000,31,29,614.6950,-86.1578,1.3497,5,0.1250,0.8750,8,7,6,0,0,7,6,0.1429
4,52.0000,31,30,629.2856,-86.3547,0.3293,5,0.1250,1.0000,8,8,8,0,0,8,8,0.0000
4,52.0000,31,32,432.5461,-81.4195,-0.9817,16,0.4000,1.0000,8,7,5,0,0,7,5,0.2857
4,52.0000,31,33,532.6721,-83.4978,-0.3849,10,0.2500,1.0000,8,8,8,0,0,8,8,0.0000
4,52.0000,31,36,927.7052,-88.3821,-0.1222,3,0.0750,0.8750,8,4,4,0,0,4,4,0.0000
4,52.0000,31,39,568.8564,-85.3565,-0.8353,5,0.1250,0.9851,134,7,5,4,4,11,9,0.1818
4,52.0000,31,43,471.9261,-82.8523,-0.0963,11,0.2750,0.8571,7,8,8,0,0,8,8,0.0000
4,52.0000,31,44,503.1268,-84.7662,0.5218,10,0.2500,0.9000,10,6,3,0,0,6,3,0.5000
4,52.0000,31,47,751.8976,-85.4681,-0.8627,6,0.1500,1.0000,6,8,8,0,0,8,8,0.0000
4,52.0000,32,1,477.6952,-84.7040,1.5425,13,0.3250,1.0000,6,7,6,0,0,7,6,0.1429
4,52.0000,32,2,568.9448,-84.8701,-0.4033,13,0.3250,1.0000,8,6,6,0,0,6,6,0.0000
4,52.0000,32,4,895.0724,-86.3700,-0.2828,3,0.0750,,0,8,8,0,0,8,8,0.0000
4,52.0000,32,5,603.2607,-86.7715,-0.1897,7,0.1750,1.0000,6,5,3,0,0,5,3,0.4000
4,52.0000,32,8,554.4328,-84.3886,-0.1753,12,0.3000,0.8750,8,8,7,0,0,8,7,0.1250
4,52.0000,32,9,403.5791,-81.5084,-0.0483,13,0.3250,0.8571,7,7,6,0,0,7,6,0.1429
4,52.0000,32,10,476.8096,-81.4767,-0.7429,15,0.3750,0.8571,7,7,6,0,0,7,6,0.1429
4,52.0000,32,11,450.4281,-82.5463,-0.4300,19,0.4750,0.6667,6,8,8,0,0,8,8,0.0000
4,52.0000,32,12,143.2978,-75.6665,1.8751,36,0.9000,0.4000,5,5,1,0,0,5,1,0.8000
4,52.0000,32,13,470.3577,-82.9612,1.2017,18,0.4500,0.8000,5,10,9,8,6,18,15,0.1667
4,52.0000,32,16,496.1639,-83.4079,-0.8571,12,0.3000,0.8571,7,7,5,0,0,7,5,0.2857
4,52.0000,32,17,426.7880,-79.7216,-0.7178,24,0.6000,0.7143,7,7,6,0,0,7,6,0.1429
4,52.0000,32,18,611.1030,-84.5876,0.2118,6,0.1500,0.8750,8,8,8,0,0,8,8,0.0000
4,52.0000,32,19,376.2333,-80.4250,-2.0573,16,0.4000,0.6667,6,7,4,0,0,7,4,0.4286
4,52.0000,32,20,479.1540,-84.1454,0.2106,11,0.2750,0.8571,7,6,4,0,0,6,4,0.3333
4,52.0000,32,21,676.3043,-85.4823,-0.3413,8,0.2000,1.0000,2,8,8,0,0,8,8,0.0000
4,52.0000,32,25,433.7334,-82.2843,0.5668,13,0.3250,1.0000,8,6,6,0,0,6,6,0.0000
4,52.0000,32,26,415.0369,-80.3365,-0.2520,19,0.4750,0.8571,7,6,6,0,0,6,6,0.0000
4,52.0000,32,27,728.9619,-86.1893,-1.0961,12,0.3000,0.8571,7,3,2,0,0,3,2,0.3333
4,52.0000,32,28,593.9880,-83.6153,0.4317,8,0.2000,0.4000,5,7,6,0,0,7,6,0.1429
4,52.0000,32,29,553.0879,-84.5085,-0.0999,9,0.2250,0.8750,8,8,6,0,0,8,6,0.2500
4,52.0000,32,31,432.5461,-80.8919,-0.3522,18,0.4500,0.8571,7,7,6,0,0,7,6,0.1429
4,52.0000,32,33,746.8368,-85.8532,0.3936,7,0.1750,1.0000,8,8,8,0,0,8,8,0.0000
4,52.0000,32,34,860.0260,-88.2877,-0.1819,4,0.1000,1.0000,8,4,4,0,0,4,4,0.0000
4,52.0000,32,35,767.7206,-87.9388,0.3209,6,0.1500,0.8000,5,8,8,0,0,8,8,0.0000
4,52.0000,32,36,648.5087,-86.0036,0.8701,8,0.2000,1.0000,4,8,8,0,0,8,8,0.0000
4,52.0000,32,39,373.6867,-81.3686,0.4257,14,0.3500,0.8750,8,8,8,0,0,8,8,0.0000
4,52.0000,32,40,804.1963,-86.8461,-0.2604,10,0.2500,1.0000,8,2,2,0,0,2,2,0.0000
4,52.0000,32,43,817.7294,-86.2720,-0.5104,5,0.1250,0.8571,7,6,6,0,0,6,6,0.0000
4,52.0000,32,44,821.8402,-86.0141,-0.6676,6,0.1500,0.8571,7,8,8,0,0,8,8,0.0000
4,52.0000,32,45,643.6643,-85.7530,-0.0111,11,0.2750,1.0000,6,8,8,0,0,8,8,0.0000
4,52.0000,32,47,762.1656,-85.2997,-1.2896,7,0.1750,1.0000,8,8,8,0,0,8,8,0.0000
4,52.0000,33,0,395.8725,-79.9434,0.8718,21,0.5122,0.6667,6,8,6,0,0,8,6,0.2500
4,52.0000,33,2,809.6657,-87.5961,-0.9620,6,0.1463,1.0000,4,7,6,0,0,7,6,0.1429
4,52.0000,33,4,396.3543,-82.5849,0.4279,16,0.3902,0.8571,7,8,7,0,0,8,7,0.1250
4,52.0000,33,7,940.4648,-88.0791,0.3285,6,0.1463,,0,10,10,0,0,10,10,0.0000
4,52.0000,33,8,857.8235,-87.5408,0.1805,7,0.1707,1.0000,4,7,6,0,0,7,6,0.1429
4,52.0000,33,9,461.7241,-82.1857,-0.5939,14,0.3415,0.6667,6,7,6,0,0,7,6,0.1429
4,52.0000,33,10,491.6931,-83.8083,0.3093,13,0.3171,1.0000,8,8,8,0,0,8,8,0.0000
4,52.0000,33,11,835.3367,-87.5996,-1.0955,8,0.1951,1.0000,8,8,8,0,0,8,8,0.0000
4,52.0000,33,12,817.9294,-86.7715,0.0464,6,0.1463,1.0000,8,8,8,0,0,8,8,0.0000
4,52.0000,33,14,798.5357,-87.1569,-0.9289,9,0.2195,1.0000,2,6,6,0,0,6,6,0.0000
4,52.0000,33,15,784.5218,-87.6293,-0.3287,7,0.1707,1.0000,4,6,6,0,0,6,6,0.0000
4,52.0000,33,16,468.7540,-84.3518,0.4015,13,0.3171,0.7143,7,6,3,0,0,6,3,0.5000
4,52.0000,33,17,703.6295,-86.7465,-0.4901,10,0.2439,0.7143,7,6,6,0,0,6,6,0.0000
4,52.0000,33,18,338.2622,-78.7544,-0.2151,17,0.4146,0.6667,6,7,5,0,0,7,5,0.2857
4,52.0000,33,19,445.9106,-83.2716,1.2850,16,0.3902,0.7500,8,7,6,0,0,7,6,0.1429
4,52.0000,33,20,561.8813,-84.9624,0.4725,9,0.2195,0.7143,7,7,6,0,0,7,6,0.1429
4,52.0000,33,22,534.8831,-84.2421,-0.2206,12,0.2927,1.0000,8,7,6,0,0,7,6,0.1429
4,52.0000,33,23,701.9589,-85.8503,-0.3209,13,0.3171,1.0000,4,6,5,0,0,6,5,0.1667
4,52.0000,33,24,747.5662,-87.0947,0.8169,8,0.1951,1.0000,4,2,2,0,0,2,2,0.0000
4,52.0000,33,25,1033.7985,-87.7109,-1.4958,3,0.0732,1.0000,4,6,6,0,0,6,6,0.0000
4,52.0000,33,26,458.0829,-82.9940,0.3661,13,0.3171,0.8750,8,8,7,0,0,8,7,0.1250
4,52.0000,33,28,237.3179,-75.9603,0.1305,29,0.7073,0.0000,4,8,6,0,0,8,6,0.2500
4,52.0000,33,29,579.8335,-85.9166,0.2822,12,0.2927,0.8571,7,7,6,0,0,7,6,0.1429
4,52.0000,33,30,474.8938,-83.7035,-0.6463,12,0.2927,0.5000,6,8,6,0,0,8,6,0.2500
4,52.0000,33,31,532.6721,-83.2905,-0.4440,17,0.4146,0.6667,6,7,6,0,0,7,6,0.1429
4,52.0000,33,32,746.8368,-85.8130,-0.0118,8,0.1951,0.8571,7,5,4,0,0,5,4,0.2000
4,52.0000,33,37,861.4210,-87.6437,-0.1360,9,0.2195,1.0000,8,2,2,0,0,2,2,0.0000
4,52.0000,33,38,440.2467,-81.3829,0.8464,19,0.4634,0.8571,7,6,4,0,0,6,4,0.3333
4,52.0000,33,39,596.4211,-84.8697,0.2883,13,0.3171,0.8571,7,8,8,0,0,8,8,0.0000
4,52.0000,33,41,848.9295,-87.0658,-0.0337,8,0.1951,1.0000,8,2,2,0,0,2,2,0.0000
4,52.0000,33,42,537.7815,-85.4905,0.7460,13,0.3171,0.8571,7,7,5,0,0,7,5,0.2857
4,52.0000,33,43,367.4202,-80.8130,-0.1248,21,0.5122,0.4000,5,8,5,0,0,8,5,0.3750
4,52.0000,33,44,255.4192,-77.1349,-0.2094,32,0.7805,0.0714,14,5,1,0,0,5,1,0.8000
4,52.0000,33,45,877.7586,-86.8043,0.0810,4,0.0976,1.0000,8,8,8,0,0,8,8,0.0000
4,52.0000,33,47,440.6531,-82.2848,0.7344,11,0.2683,0.4000,5,6,3,0,0,6,3,0.5000
4,52.0000,34,1,566.0505,-82.9821,-1.4775,8,0.1951,1.0000,8,8,8,0,0,8,8,0.0000
4,52.0000,34,5,262.2635,-76.8569,-0.2553,28,0.6829,0.0000,4,6,3,0,0,6,3,0.5000
4,52.0000,34,8,567.7931,-85.9306,-0.3063,4,0.0976,1.0000,8,7,5,0,0,7,5,0.2857
4,52.0000,34,21,337.2208,-80.2768,0.3422,24,0.5854,0.8750,8,6,4,0,0,6,4,0.3333
4,52.0000,34,25,465.8282,-81.3779,-0.0731,6,0.1463,1.0000,8,7,5,0,0,7,5,0.2857
4,52.0000,34,35,672.3212,-86.2377,-0.0437,8,0.1951,1.0000,8,7,5,0,0,7,5,0.2857
4,52.0000,35,1,313.2387,-79.5464,0.1982,24,0.6000,1.0000,8,8,7,0,0,8,7,0.1250
4,52.0000,35,5,611.9267,-85.1788,2.0822,6,0.1500,1.0000,6,7,6,0,0,7,6,0.1429
4,52.0000,35,8,935.0742,-85.9194,-0.7489,5,0.1250,1.0000,6,6,6,0,0,6,6,0.0000
4,52.0000,35,12,670.5667,-85.9476,-1.7120,4,0.1000,0.8571,7,8,8,0,0,8,8,0.0000
4,52.0000,35,13,406.8547,-81.4709,-0.0483,20,0.5000,0.6667,6,5,2,0,0,5,2,0.6000
4,52.0000,35,21,616.6162,-85.0550,0.3948,11,0.2750,1.0000,8,6,4,0,0,6,4,0.3333
4,52.0000,35,25,515.5337,-83.2564,0.0497,7,0.1750,1.0000,10,7,5,0,0,7,5,0.2857
4,52.0000,35,27,464.5333,-82.4390,0.2172,28,0.7000,0.6667,6,7,5,0,0,7,5,0.2857
4,52.0000,35,32,767.7206,-87.8782,-0.3864,4,0.1000,1.0000,8,8,8,0,0,8,8,0.0000
4,52.0000,35,34,672.3212,-85.6189,-0.1888,12,0.3000,0.8571,7,8,8,0,0,8,8,0.0000
4,52.0000,35,36,332.4775,-79.3945,0.4622,32,0.8000,0.5000,6,7,5,0,0,7,5,0.2857
4,52.0000,35,40,501.7380,-82.2278,0.2580,24,0.6000,0.5000,6,7,6,0,0,7,6,0.1429
4,52.0000,36,1,383.8879,-81.2270,0.1668,10,0.2500,0.5000,6,5,2,0,0,5,2,0.6000
4,52.0000,36,12,571.2782,-82.6361,-0.4169,5,0.1250,1.0000,8,8,8,0,0,8,8,0.0000
4,52.0000,36,13,205.8335,-78.0731,1.0462,21,0.5250,0.3333,6,4,0,6,0,10,0,1.0000
4,52.0000,36,25,598.2531,-82.6753,2.2026,3,0.0750,1.0000,8,7,5,0,0,7,5,0.2857
4,52.0000,36,27,353.2664,-80.1020,0.7007,27,0.6750,0.2000,5,7,4,0,0,7,4,0.4286
4,52.0000,36,35,332.4775,-79.6272,-0.7797,26,0.6500,0.2000,5,6,3,0,0,6,3,0.5000
4,52.0000,36,40,454.4167,-82.5525,0.0151,24,0.6000,0.6667,6,6,4,0,0,6,4,0.3333
4,52.0000,37,0,526.8818,-83.6327,-1.0232,10,0.2500,0.8571,7,8,7,0,0,8,7,0.1250
4,52.0000,37,3,220.7110,-77.7222,0.3273,38,0.9500,0.3333,6,4,0,0,0,4,0,1.0000
4,52.0000,37,4,966.4117,-87.0354,4.6600,3,0.0750,1.0000,6,4,4,0,0,4,4,0.0000
4,52.0000,37,6,150.7257,-72.2784,-0.2154,38,0.9500,0.1667,6,4,0,0,0,4,0,1.0000
4,52.0000,37,7,550.7936,-84.2997,0.9321,15,0.3750,1.0000,8,7,5,0,0,7,5,0.2857
4,52.0000,37,14,584.9914,-82.5207,-1.5116,20,0.5000,0.8750,8,8,8,0,0,8,8,0.0000
4,52.0000,37,15,240.8648,-76.3085,-0.0903,36,0.9000,0.0000,4,6,3,0,0,6,3,0.5000
4,52.0000,37,22,535.0233,-83.8466,-0.1314,14,0.3500,1.0000,8,7,6,0,0,7,6,0.1429
4,52.0000,37,23,857.3002,-87.8590,-0.6656,5,0.1250,1.0000,8,8,8,0,0,8,8,0.0000
4,52.0000,37,24,535.5811,-83.4175,-1.2030,16,0.4000,0.5000,6,4,2,0,0,4,2,0.5000
4,52.0000,37,28,1010.5287,-88.9811,-0.4559,4,0.1000,1.0000,8,6,6,0,0,6,6,0.0000
4,52.0000,37,30,720.7051,-85.2656,-1.3751,10,0.2500,1.0000,8,8,8,0,0,8,8,0.0000
4,52.0000,37,33,861.4210,-87.2019,-0.7923,6,0.1500,1.0000,8,8,8,0,0,8,8,0.0000
4,52.0000,37,38,506.6687,-85.7340,-1.4838,8,0.2000,0.7500,8,9,8,0,0,9,8,0.1111
4,52.0000,37,41,517.7423,-83.4193,0.0866,17,0.4250,0.8571,7,6,4,0,0,6,4,0.3333
4,52.0000,37,42,371.3703,-79.3415,-0.4966,28,0.7000,0.4000,5,7,6,0,0,7,6,0.1429
4,52.0000,37,43,927.1418,-88.6160,0.3750,6,0.1500,1.0000,8,6,6,0,0,6,6,0.0000
4,52.0000,37,44,770.0870,-85.9217,-0.3439,8,0.2000,1.0000,8,8,8,0,0,8,8,0.0000
4,52.0000,37,46,655.2103,-85.7407,-1.0214,15,0.3750,0.8750,8,8,8,0,0,8,8,0.0000
4,52.0000,38,0,359.2228,-81.7164,0.2321,18,0.4500,0.8750,8,6,2,0,0,6,2,0.6667
4,52.0000,38,3,691.3837,-87.2424,-0.5417,5,0.1250,1.0000,6,4,4,0,0,4,4,0.0000
4,52.0000,38,4,466.6640,-81.3746,-0.5443,15,0.3750,0.7143,7,7,5,0,0,7,5,0.2857
4,52.0000,38,6,564.3642,-84.8362,-0.6836,11,0.2750,0.7500,8,8,7,0,0,8,7,0.1250
4,52.0000,38,7,822.9629,-87.7386,0.3870,4,0.1000,1.0000,4,6,6,0,0,6,6,0.0000
4,52.0000,38,9,819.4420,-86.4556,0.1681,3,0.0750,1.0000,8,8,8,0,0,8,8,0.0000
4,52.0000,38,10,846.0846,-86.0475,-0.0350,3,0.0750,,0,6,6,0,0,6,6,0.0000
4,52.0000,38,14,739.4258,-86.5266,0.7370,4,0.1000,0.8571,7,8,8,0,0,8,8,0.0000
4,52.0000,38,15,360.6269,-82.2042,0.5828,20,0.5000,1.0000,8,7,4,0,0,7,4,0.4286
4,52.0000,38,16,751.1644,-88.1674,0.4699,3,0.0750,1.0000,8,7,6,0,0,7,6,0.1429
4,52.0000,38,18,595.8139,-83.2815,0.1768,10,0.2500,1.0000,8,8,8,0,0,8,8,0.0000
4,52.0000,38,19,811.2796,-86.8401,1.3625,3,0.0750,1.0000,8,8,8,0,0,8,8,0.0000
4,52.0000,38,20,848.8132,-87.2672,2.6116,3,0.0750,1.0000,8,8,8,0,0,8,8,0.0000
4,52.0000,38,22,250.6448,-78.0284,0.5409,31,0.7750,0.3333,6,5,1,0,0,5,1,0.8000
4,52.0000,38,24,680.7326,-85.9193,0.3965,5,0.1250,1.0000,4,8,8,0,0,8,8,0.0000
4,52.0000,38,26,821.9461,-88.1934,-0.0790,4,0.1000,1.0000,8,8,8,0,0,8,8,0.0000
4,52.0000,38,28,563.6894,-82.7275,-0.8646,10,0.2500,1.0000,8,8,8,0,0,8,8,0.0000
4,52.0000,38,29,809.0921,-87.4912,1.0849,3,0.0750,1.0000,4,8,8,0,0,8,8,0.0000
4,52.0000,38,30,605.2859,-86.1031,1.4944,8,0.2000,1.0000,8,8,8,0,0,8,8,0.0000
4,52.0000,38,33,440.2467,-81.8722,0.1236,16,0.4000,0.8571,7,8,8,0,0,8,8,0.0000
4,52.0000,38,37,506.6687,-83.5007,0.0564,16,0.4000,0.8750,8,7,5,0,0,7,5,0.2857
4,52.0000,38,39,919.1091,-89.1581,0.3001,3,0.0750,1.0000,8,6,6,0,0,6,6,0.0000
4,52.0000,38,41,747.9978,-86.4550,0.2175,10,0.2500,1.0000,8,7,6,0,0,7,6,0.1429
4,52.0000,38,42,289.1705,-80.0393,0.3811,20,0.5000,0.7143,7,5,2,0,0,5,2,0.6000
4,52.0000,38,43,681.4181,-85.1768,-0.7123,6,0.1500,1.0000,8,6,4,0,0,6,4,0.3333
4,52.0000,38,44,447.5932,-81.7486,0.0676,14,0.3500,0.7143,7,7,5,0,0,7,5,0.2857
4,52.0000,38,47,565.2975,-84.0400,0.1443,11,0.2750,1.0000,8,8,8,0,0,8,8,0.0000
4,52.0000,39,0,964.2651,-86.9397,-0.7820,3,0.0750,1.0000,4,4,4,0,0,4,4,0.0000
4,52.0000,39,1,637.3157,-86.4244,-0.9002,12,0.3000,0.8000,5,8,8,0,0,8,8,0.0000
4,52.0000,39,2,339.2606,-80.1087,-0.2522,26,0.6500,0.4000,5,7,3,0,0,7,3,0.5714
4,52.0000,39,4,601.4976,-85.6863,-0.9904,11,0.2750,0.6000,5,8,8,0,0,8,8,0.0000
4,52.0000,39,5,537.0569,-85.3470,-0.1633,15,0.3750,1.0000,8,8,8,0,0,8,8,0.0000
4,52.0000,39,8,372.7050,-81.2834,0.2836,25,0.6250,0.5000,6,7,5,0,0,7,5,0.2857
4,52.0000,39,9,171.9341,-73.8731,0.1307,33,0.8250,0.0000,4,5,1,0,0,5,1,0.8000
4,52.0000,39,10,530.9860,-83.5264,0.2029,15,0.3750,0.7500,8,8,8,0,0,8,8,0.0000
4,52.0000,39,11,698.6634,-86.9245,-0.1667,12,0.3000,0.7143,7,5,4,0,0,5,4,0.2000
4,52.0000,39,12,368.7488,-82.4172,0.1631,20,0.5000,0.7500,12,8,7,0,0,8,7,0.1250
4,52.0000,39,13,729.2965,-86.6094,0.5747,12,0.3000,1.0000,8,4,3,0,0,4,3,0.2500
4,52.0000,39,16,184.1451,-71.1116,-1.6530,32,0.8000,0.0000,4,5,2,0,0,5,2,0.6000
4,52.0000,39,17,689.7113,-85.5300,-0.8780,15,0.3750,0.8889,9,8,8,0,0,8,8,0.0000
4,52.0000,39,18,412.0343,-81.7312,-0.4193,15,0.3750,0.8571,7,5,2,0,0,5,2,0.6000
4,52.0000,39,19,324.6387,-79.8626,0.1173,24,0.6000,0.6667,6,7,5,0,0,7,5,0.2857
4,52.0000,39,20,110.7056,-71.6988,0.7815,34,0.8500,0.0000,4,6,2,0,0,6,2,0.6667
4,52.0000,39,21,711.5880,-86.9254,0.3083,12,0.3000,1.0000,8,8,8,0,0,8,8,0.0000
4,52.0000,39,22,1042.9845,-88.1758,-0.1648,4,0.1000,1.0000,6,4,4,0,0,4,4,0.0000
4,52.0000,39,25,453.4365,-83.2391,-0.2022,22,0.5500,0.8889,9,6,4,1,0,7,4,0.4286
4,52.0000,39,26,422.9813,-81.5004,-0.6494,21,0.5250,0.8571,7,8,8,0,0,8,8,0.0000
4,52.0000,39,27,1042.8992,-88.9458,0.0099,5,0.1250,1.0000,8,4,3,0,0,4,3,0.2500
4,52.0000,39,28,398.6714,-82.1223,-0.6329,15,0.3750,0.5000,6,8,8,0,0,8,8,0.0000
4,52.0000,39,29,244.4771,-76.5660,0.1283,34,0.8500,0.5000,6,7,4,0,0,7,4,0.4286
4,52.0000,39,30,992.1443,-88.1163,-0.2896,5,0.1250,,0,4,4,0,0,4,4,0.0000
4,52.0000,39,31,568.8564,-84.8357,0.1764,12,0.3000,0.8750,8,7,6,0,0,7,6,0.1429
4,52.0000,39,32,373.6867,-81.6098,0.1116,19,0.4750,0.8750,8,9,5,0,0,9,5,0.4444
4,52.0000,39,33,596.4211,-84.0687,-0.8201,13,0.3250,1.0000,8,7,6,0,0,7,6,0.1429
4,52.0000,39,34,783.5133,-88.2196,0.4261,6,0.1500,1.0000,8,2,2,0,0,2,2,0.0000
4,52.0000,39,35,947.8456,-88.4061,0.3021,6,0.1500,,0,2,2,0,0,2,2,0.0000
4,52.0000,39,38,919.1091,-87.0885,0.1638,4,0.1000,1.0000,8,2,2,0,0,2,2,0.0000
4,52.0000,39,43,830.8423,-86.9990,-0.5819,9,0.2250,0.8750,8,6,6,0,0,6,6,0.0000
4,52.0000,39,44,706.3149,-87.6124,-0.7023,7,0.1750,0.9167,60,8,8,8,8,16,16,0.0000
4,52.0000,39,45,395.3008,-81.1980,-0.2742,26,0.6500,0.8750,8,5,1,0,0,5,1,0.8000
4,52.0000,39,47,424.6252,-80.3915,-0.3134,21,0.5250,0.4000,5,8,8,0,0,8,8,0.0000
4,52.0000,40,1,583.1866,-85.4427,-0.4759,5,0.1250,0.8571,7,7,5,0,0,7,5,0.2857
4,52.0000,40,12,790.6064,-86.3931,0.6158,3,0.0750,1.0000,8,10,10,0,0,10,10,0.0000
4,52.0000,40,13,575.0420,-84.7451,1.4441,6,0.1500,1.0000,8,8,8,0,0,8,8,0.0000
4,52.0000,40,21,731.5646,-86.4635,-0.9959,4,0.1000,0.8571,7,8,8,0,0,8,8,0.0000
4,52.0000,40,27,116.0610,-72.4682,0.7874,35,0.8750,0.0625,80,5,0,81,9,86,9,0.8953
4,52.0000,40,35,501.7380,-83.0798,-0.8973,24,0.6000,0.7143,7,8,8,0,0,8,8,0.0000
4,52.0000,40,36,454.4167,-82.8100,0.5210,23,0.5750,0.6250,8,6,4,0,0,6,4,0.3333
4,52.0000,41,0,471.7415,-83.4328,-0.7107,12,0.3000,0.6667,6,8,7,0,0,8,7,0.1250
4,52.0000,41,3,488.3202,-84.9041,0.4315,18,0.4500,0.7143,7,6,3,0,0,6,3,0.5000
4,52.0000,41,6,662.0349,-85.8598,-0.4444,13,0.3250,1.0000,8,7,3,0,0,7,3,0.5714
4,52.0000,41,7,194.5634,-75.5257,0.2367,39,0.9750,0.3333,6,5,2,0,0,5,2,0.6000
4,52.0000,41,14,244.1310,-75.6595,-0.1578,35,0.8750,0.0000,4,6,4,0,0,6,4,0.3333
4,52.0000,41,15,707.7290,-86.3226,-1.1494,9,0.2250,1.0000,10,8,8,0,0,8,8,0.0000
4,52.0000,41,22,768.1369,-86.6921,-1.0544,6,0.1500,1.0000,8,7,6,0,0,7,6,0.1429
4,52.0000,41,23,435.1742,-81.4775,-0.1529,19,0.4750,0.5000,6,7,5,0,0,7,5,0.2857
4,52.0000,41,24,182.6897,-72.6599,-0.9929,34,0.8500,0.0000,4,5,1,0,0,5,1,0.8000
4,52.0000,41,28,1025.4217,-89.5580,-0.1048,3,0.0750,1.0000,6,8,8,0,0,8,8,0.0000
4,52.0000,41,30,458.7626,-81.7279,-0.1308,15,0.3750,0.0000,4,6,6,0,0,6,6,0.0000
4,52.0000,41,33,848.9295,-85.9314,-1.0970,4,0.1000,1.0000,8,8,8,0,0,8,8,0.0000
4,52.0000,41,37,517.7423,-83.5762,0.7810,18,0.4500,0.7143,7,8,8,0,0,8,8,0.0000
4,52.0000,41,38,747.9978,-87.6499,-0.7006,9,0.2250,1.0000,8,8,8,0,0,8,8,0.0000
4,52.0000,41,42,509.7841,-82.5042,-0.8724,19,0.4750,0.8750,8,7,5,0,0,7,5,0.2857
4,52.0000,41,43,694.2854,-85.6607,1.9605,4,0.1000,1.0000,8,8,8,0,0,8,8,0.0000
4,52.0000,41,44,725.1621,-86.6746,1.4286,4,0.1000,0.8750,8,8,8,0,0,8,8,0.0000
4,52.0000,41,46,300.3653,-80.2536,0.1112,36,0.9000,0.5000,6,4,0,0,0,4,0,1.0000
4,52.0000,42,0,271.3642,-79.4271,0.8863,24,0.6000,0.6250,8,6,2,0,0,6,2,0.6667
4,52.0000,42,3,487.1021,-82.9483,-0.3341,28,0.7000,0.5714,7,8,7,0,0,8,7,0.1250
4,52.0000,42,4,674.2214,-85.6848,0.3402,5,0.1250,1.0000,8,6,4,0,0,6,4,0.3333
4,52.0000,42,6,483.8408,-82.5545,0.0128,25,0.6250,0.8571,7,6,4,0,0,6,4,0.3333
4,52.0000,42,7,628.0648,-84.5636,-0.1561,13,0.3250,1.0000,10,8,7,0,0,8,7,0.1250
4,52.0000,42,10,939.5548,-88.2504,0.2995,3,0.0750,,0,8,8,0,0,8,8,0.0000
4,52.0000,42,14,579.0781,-83.2374,-0.5626,24,0.6000,0.5000,6,8,8,0,0,8,8,0.0000
4,52.0000,42,15,363.2553,-81.8402,-0.4488,27,0.6750,0.5000,6,7,5,0,0,7,5,0.2857
4,52.0000,42,18,780.1425,-86.4664,-0.5809,5,0.1250,1.0000,8,8,8,0,0,8,8,0.0000
4,52.0000,42,22,261.7265,-79.7117,0.9585,31,0.7750,0.5000,6,6,2,0,0,6,2,0.6667
4,52.0000,42,23,648.1284,-86.3985,1.4080,9,0.2250,1.0000,8,6,4,0,0,6,4,0.3333
4,52.0000,42,24,499.1219,-84.1673,0.4302,19,0.4750,0.7143,7,8,7,0,0,8,7,0.1250
4,52.0000,42,28,730.8070,-86.8467,-2.1066,4,0.1000,1.0000,8,7,6,0,0,7,6,0.1429
4,52.0000,42,30,500.3755,-83.1073,0.3821,17,0.4250,0.8750,8,8,7,0,0,8,7,0.1250
4,52.0000,42,33,537.7815,-83.8472,-1.3981,7,0.1750,0.7500,8,7,5,4,4,11,9,0.1818
4,52.0000,42,37,371.3703,-79.2983,-0.3251,30,0.7500,0.5000,6,6,4,0,0,6,4,0.3333
4,52.0000,42,38,289.1705,-80.6795,0.8189,23,0.5750,0.5000,6,5,1,0,0,5,1,0.8000
4,52.0000,42,41,509.7841,-83.3277,-0.0717,22,0.5500,1.0000,8,8,8,0,0,8,8,0.0000
4,52.0000,42,43,622.6620,-85.1488,0.3179,8,0.2000,0.8571,7,10,10,0,0,10,10,0.0000
4,52.0000,42,44,526.0199,-82.7586,-0.7271,7,0.1750,0.8750,8,8,8,10,10,18,18,0.0000
4,52.0000,42,46,776.2915,-86.3751,0.1099,12,0.3000,0.8750,8,8,8,0,0,8,8,0.0000
4,52.0000,43,0,411.3177,-80.4750,0.7046,14,0.3500,1.0000,8,7,6,0,0,7,6,0.1429
4,52.0000,43,3,1020.9732,-88.6341,-3.9609,3,0.0750,,0,4,4,0,0,4,4,0.0000
4,52.0000,43,4,751.1928,-87.5028,0.1849,3,0.0750,1.0000,2,8,8,0,0,8,8,0.0000
4,52.0000,43,9,696.8680,-85.1918,-1.2720,3,0.0750,1.0000,8,8,8,0,0,8,8,0.0000
4,52.0000,43,10,498.0914,-84.6898,-0.1611,8,0.2000,0.8571,7,7,6,0,0,7,6,0.1429
4,52.0000,43,11,765.5859,-86.5142,-0.3788,8,0.2000,1.0000,6,6,6,0,0,6,6,0.0000
4,52.0000,43,14,646.1683,-87.7021,-0.5807,5,0.1250,0.8750,8,8,8,0,0,8,8,0.0000
4,52.0000,43,16,743.3777,-86.0761,-0.4210,8,0.2000,1.0000,8,8,8,0,0,8,8,0.0000
4,52.0000,43,17,568.9481,-82.5483,-0.0840,13,0.3250,0.8571,7,8,8,0,0,8,8,0.0000
4,52.0000,43,18,588.0484,-84.8096,-1.0653,7,0.1750,1.0000,8,7,6,0,0,7,6,0.1429
4,52.0000,43,19,582.2798,-83.2743,1.0305,9,0.2250,0.8571,7,8,8,0,0,8,8,0.0000
4,52.0000,43,22,736.4741,-87.4290,-0.0102,4,0.1000,1.0000,8,8,8,0,0,8,8,0.0000
4,52.0000,43,23,392.7545,-81.4288,0.1795,19,0.4750,0.4000,5,6,4,0,0,6,4,0.3333
4,52.0000,43,24,602.1146,-87.3974,-0.0599,7,0.1750,1.0000,8,8,7,0,0,8,7,0.1250
4,52.0000,43,26,535.6349,-84.6271,0.2068,7,0.1750,1.0000,8,8,8,0,0,8,8,0.0000
4,52.0000,43,28,518.4620,-83.5627,0.3584,8,0.2000,0.8750,8,8,8,0,0,8,8,0.0000
4,52.0000,43,29,851.6855,-87.1548,-0.1433,3,0.0750,0.8750,8,6,6,0,0,6,6,0.0000
4,52.0000,43,30,276.2296,-79.4508,0.2822,18,0.4500,0.3333,6,6,3,0,0,6,3,0.5000
4,52.0000,43,31,471.9261,-81.9251,-0.3138,17,0.4250,0.5714,7,8,8,0,0,8,8,0.0000
4,52.0000,43,32,817.7294,-85.2753,0.2973,4,0.1000,0.8750,8,4,4,0,0,4,4,0.0000
4,52.0000,43,33,367.4202,-80.3967,0.0974,12,0.3000,1.0000,8,8,6,0,0,8,6,0.2500
4,52.0000,43,37,927.1418,-86.7197,0.1860,5,0.1250,1.0000,8,4,4,0,0,4,4,0.0000
4,52.0000,43,38,681.4181,-86.4154,0.7096,7,0.1750,1.0000,8,7,5,0,0,7,5,0.2857
4,52.0000,43,39,830.8423,-87.6286,-2.1188,3,0.0750,1.0000,8,8,8,0,0,8,8,0.0000
4,52.0000,43,41,694.2854,-85.6935,-0.6871,9,0.2250,0.6667,6,6,6,0,0,6,6,0.0000
4,52.0000,43,42,622.6620,-85.4328,0.5636,7,0.1750,1.0000,8,8,7,0,0,8,7,0.1250
4,52.0000,43,44,369.0843,-80.9180,0.7680,12,0.3000,1.0000,8,7,5,0,0,7,5,0.2857
4,52.0000,43,46,960.8939,-86.7622,-0.3335,3,0.0750,1.0000,4,4,4,0,0,4,4,0.0000
4,52.0000,43,47,796.6991,-88.1013,-0.1582,4,0.1000,1.0000,8,8,8,0,0,8,8,0.0000
4,52.0000,44,0,294.9255,-76.8255,-1.1149,30,0.7500,0.0000,4,7,5,0,0,7,5,0.2857
4,52.0000,44,2,982.1640,-87.5395,0.0368,4,0.1000,0.8000,5,8,8,0,0,8,8,0.0000
4,52.0000,44,4,589.4849,-86.0461,0.2351,12,0.3000,0.8571,7,8,8,0,0,8,8,0.0000
4,52.0000,44,6,875.9335,-87.8857,0.7851,6,0.1500,1.0000,8,2,2,0,0,2,2,0.0000
4,52.0000,44,7,770.8024,-87.0286,-0.1534,10,0.2500,1.0000,8,8,8,0,0,8,8,0.0000
4,52.0000,44,9,614.9798,-85.9849,1.0640,10,0.2500,0.8750,8,8,8,0,0,8,8,0.0000
4,52.0000,44,10,424.8212,-83.9580,0.6410,11,0.2750,1.0000,8,8,6,0,0,8,6,0.2500
4,52.0000,44,11,776.2622,-86.6195,0.8269,5,0.1250,1.0000,8,4,4,0,0,4,4,0.0000
4,52.0000,44,12,870.0068,-87.5679,0.4884,4,0.1000,,0,6,6,0,0,6,6,0.0000
4,52.0000,44,14,613.3072,-85.2502,-0.3592,16,0.4000,0.5000,6,8,7,0,0,8,7,0.1250
4,52.0000,44,15,733.2075,-86.4144,-1.1768,12,0.3000,1.0000,4,4,4,0,0,4,4,0.0000
4,52.0000,44,16,555.7897,-86.7895,0.9791,8,0.2000,1.0000,8,8,8,0,0,8,8,0.0000
4,52.0000,44,17,715.2030,-88.2579,0.2710,8,0.2000,1.0000,8,6,6,0,0,6,6,0.0000
4,52.0000,44,18,328.0725,-78.8410,-0.3905,21,0.5250,0.7143,7,8,7,0,0,8,7,0.1250
4,52.0000,44,19,466.0955,-84.0439,1.1031,9,0.2250,0.8571,7,8,8,0,0,8,8,0.0000
4,52.0000,44,20,688.0795,-87.6572,0.9496,7,0.1750,1.0000,8,8,8,0,0,8,8,0.0000
4,52.0000,44,22,618.6886,-85.6987,-1.2385,11,0.2750,0.7143,7,8,7,0,0,8,7,0.1250
4,52.0000,44,23,634.9319,-85.8917,-0.0367,14,0.3500,1.0000,8,8,8,0,0,8,8,0.0000
4,52.0000,44,24,584.5378,-85.7856,-0.5606,18,0.4500,1.0000,8,7,4,0,0,7,4,0.4286
4,52.0000,44,26,434.9784,-82.6765,0.4423,10,0.2500,0.8750,8,7,6,0,0,7,6,0.1429
4,52.0000,44,28,316.3902,-79.6613,-0.6330,17,0.4250,0.2000,5,6,2,0,0,6,2,0.6667
4,52.0000,44,29,623.3975,-86.4389,0.7669,9,0.2250,1.0000,6,8,8,0,0,8,8,0.0000
4,52.0000,44,30,337.8794,-80.3862,0.2640,23,0.5750,0.7143,7,7,5,0,0,7,5,0.2857
4,52.0000,44,31,503.1268,-85.1534,0.1281,10,0.2500,0.8750,8,7,6,0,0,7,6,0.1429
4,52.0000,44,32,821.8402,-88.1144,0.3255,5,0.1250,1.0000,8,5,4,0,0,5,4,0.2000
4,52.0000,44,33,255.4192,-77.2882,-0.2183,30,0.7500,0.4000,5,4,0,0,0,4,0,1.0000
4,52.0000,44,37,770.0870,-86.5612,-0.5139,14,0.3500,1.0000,8,8,8,0,0,8,8,0.0000
4,52.0000,44,38,447.5932,-82.2245,-0.4469,20,0.5000,0.8571,7,8,6,0,0,8,6,0.2500
4,52.0000,44,39,706.3149,-85.9947,0.4091,7,0.1750,0.7143,7,8,7,0,0,8,7,0.1250
4,52.0000,44,41,725.1621,-86.0698,-0.1972,8,0.2000,0.8750,8,8,8,0,0,8,8,0.0000
4,52.0000,44,42,526.0199,-84.5098,0.1132,19,0.4750,0.6667,6,7,6,0,0,7,6,0.1429
4,52.0000,44,43,369.0843,-82.1800,0.0098,21,0.5250,0.8750,8,7,6,0,0,7,6,0.1429
4,52.0000,44,45,1043.9780,-88.7080,0.5437,5,0.1250,1.0000,4,4,4,0,0,4,4,0.0000
4,52.0000,44,46,972.2631,-87.5273,-0.6066,9,0.2250,,0,2,2,0,0,2,2,0.0000
4,52.0000,44,47,560.1067,-86.0881,0.5737,8,0.2000,0.7143,7,8,7,0,0,8,7,0.1250
4,52.0000,45,1,716.9269,-86.3155,0.5430,8,0.1951,1.0000,6,10,10,0,0,10,10,0.0000
4,52.0000,45,2,98.0244,-71.5328,1.5164,32,0.7805,0.2000,5,4,0,0,0,4,0,1.0000
4,52.0000,45,5,400.7170,-82.5214,0.9729,20,0.4878,0.6667,6,6,3,0,0,6,3,0.5000
4,52.0000,45,8,128.9107,-74.9603,1.7848,31,0.7561,0.4286,7,4,0,0,0,4,0,1.0000
4,52.0000,45,9,459.7149,-82.2961,0.3886,5,0.1220,0.7143,7,8,7,0,0,8,7,0.1250
4,52.0000,45,12,634.6548,-85.1336,0.6360,6,0.1463,1.0000,8,8,8,0,0,8,8,0.0000
4,52.0000,45,16,518.7136,-82.8427,1.0904,7,0.1707,1.0000,8,7,6,0,0,7,6,0.1429
4,52.0000,45,18,762.4114,-86.1543,1.3121,3,0.0732,1.0000,8,8,8,0,0,8,8,0.0000
4,52.0000,45,19,715.7079,-85.4801,0.5121,3,0.0732,0.8571,7,8,7,0,0,8,7,0.1250
4,52.0000,45,20,369.9600,-79.5044,-0.5880,16,0.3902,0.4000,5,7,6,0,0,7,6,0.1429
4,52.0000,45,21,532.4550,-83.8004,0.2343,16,0.3902,0.8750,8,7,6,0,0,7,6,0.1429
4,52.0000,45,25,506.3816,-83.8890,-0.8241,8,0.1951,0.7143,7,8,8,0,0,8,8,0.0000
4,52.0000,45,29,545.7378,-83.3611,-0.7045,9,0.2195,1.0000,8,9,8,0,0,9,8,0.1111
4,52.0000,45,33,877.7586,-87.5975,0.5837,3,0.0732,1.0000,6,6,6,0,0,6,6,0.0000
4,52.0000,45,34,556.1082,-84.9860,0.6776,14,0.3415,0.8750,8,8,8,0,0,8,8,0.0000
4,52.0000,45,39,395.3008,-81.2485,-0.4651,8,0.1951,0.7500,8,8,8,0,0,8,8,0.0000
4,52.0000,45,47,597.2692,-84.7418,-0.0786,5,0.1220,1.0000,8,8,8,0,0,8,8,0.0000
4,52.0000,46,0,744.4068,-86.8049,1.4473,5,0.1250,1.0000,8,8,8,0,0,8,8,0.0000
4,52.0000,46,3,574.8975,-86.3273,1.1564,10,0.2500,0.7143,7,8,8,0,0,8,8,0.0000
4,52.0000,46,6,768.6898,-87.4480,-0.0605,6,0.1500,1.0000,8,7,6,0,0,7,6,0.1429
4,52.0000,46,7,206.7074,-77.4098,0.2197,34,0.8500,0.0000,4,4,0,0,0,4,0,1.0000
4,52.0000,46,14,374.2902,-82.4307,-0.3379,15,0.3750,0.8571,7,7,5,0,0,7,5,0.2857
4,52.0000,46,23,662.2576,-85.6719,0.1803,4,0.1000,0.8571,7,7,6,0,0,7,6,0.1429
4,52.0000,46,24,389.4394,-80.7095,-0.0870,19,0.4750,0.4000,5,6,4,0,0,6,4,0.3333
4,52.0000,46,30,709.9326,-85.6221,-1.5090,5,0.1250,1.0000,8,8,8,0,0,8,8,0.0000
4,52.0000,46,37,655.2103,-83.5015,-0.6651,6,0.1500,0.8750,8,8,7,0,0,8,7,0.1250
4,52.0000,46,41,300.3653,-79.7316,0.7825,22,0.5500,0.0000,4,6,2,0,0,6,2,0.6667
4,52.0000,46,42,776.2915,-87.8453,-0.3195,4,0.1000,0.8750,8,8,7,0,0,8,7,0.1250
4,52.0000,47,0,743.4500,-86.6081,0.9222,6,0.1500,1.0000,4,4,4,0,0,4,4,0.0000
4,52.0000,47,2,572.5280,-83.0583,-0.1876,12,0.3000,1.0000,8,8,7,0,0,8,7,0.1250
4,52.0000,47,4,265.4733,-78.7100,0.8038,24,0.6000,0.2000,5,5,1,0,0,5,1,0.8000
4,52.0000,47,5,885.2036,-87.9444,-0.3175,4,0.1000,1.0000,6,4,4,0,0,4,4,0.0000
4,52.0000,47,8,640.2154,-85.6489,-0.3539,9,0.2250,1.0000,8,6,4,0,0,6,4,0.3333
4,52.0000,47,9,387.5202,-79.5240,0.3539,18,0.4500,0.7143,7,8,7,0,0,8,7,0.1250
4,52.0000,47,10,670.7360,-85.8527,0.6753,7,0.1750,1.0000,8,8,8,0,0,8,8,0.0000
4,52.0000,47,12,773.4630,-86.8852,0.3917,4,0.1000,0.8750,8,8,8,0,0,8,8,0.0000
4,52.0000,47,15,898.8701,-88.9488,1.8105,3,0.0750,1.0000,4,2,2,0,0,2,2,0.0000
4,52.0000,47,16,281.2126,-78.3902,0.4639,19,0.4750,0.7143,7,6,4,0,0,6,4,0.3333
4,52.0000,47,17,938.4439,-88.1595,-0.1145,3,0.0750,1.0000,8,4,4,0,0,4,4,0.0000
4,52.0000,47,18,341.5125,-80.3346,-0.4369,15,0.3750,0.6667,6,5,3,0,0,5,3,0.4000
4,52.0000,47,19,507.0790,-84.4575,0.3790,12,0.3000,0.8750,8,8,8,0,0,8,8,0.0000
4,52.0000,47,20,327.2803,-77.8563,-1.0144,26,0.6500,0.6667,6,7,6,0,0,7,6,0.1429
4,52.0000,47,22,697.6880,-87.2268,-0.0673,7,0.1750,0.6667,3,8,8,0,0,8,8,0.0000
4,52.0000,47,25,850.0454,-87.6644,-0.8944,4,0.1000,0.8571,7,8,8,0,0,8,8,0.0000
4,52.0000,47,26,581.6679,-83.7756,-0.9845,10,0.2500,0.7143,7,8,7,0,0,8,7,0.1250
4,52.0000,47,28,318.4025,-78.9568,-0.7004,16,0.4000,0.5000,6,7,5,0,0,7,5,0.2857
4,52.0000,47,29,327.6111,-79.9737,-0.2708,16,0.4000,0.8571,7,5,2,0,0,5,2,0.6000
4,52.0000,47,30,876.3594,-88.5831,1.2066,4,0.1000,1.0000,4,8,8,0,0,8,8,0.0000
4,52.0000,47,31,751.8976,-85.6434,0.9445,3,0.0750,0.8571,7,8,8,0,0,8,8,0.0000
4,52.0000,47,32,762.1656,-86.1896,-0.7230,7,0.1750,0.8571,7,8,8,0,0,8,8,0.0000
4,52.0000,47,33,440.6531,-83.7284,0.0605,10,0.2500,0.8750,8,7,5,0,0,7,5,0.2857
4,52.0000,47,38,565.2975,-83.9147,-0.7388,12,0.3000,1.0000,8,8,8,0,0,8,8,0.0000
4,52.0000,47,39,424.6252,-80.2524,-0.3590,16,0.4000,0.6667,6,6,4,0,0,6,4,0.3333
4,52.0000,47,43,796.6991,-87.3334,0.2439,3,0.0750,1.0000,8,8,8,0,0,8,8,0.0000
4,52.0000,47,44,560.1067,-85.7755,0.7989,4,0.1000,0.8571,7,8,8,11,10,19,18,0.0526
4,52.0000,47,45,597.2692,-83.7002,-0.4263,14,0.3500,1.0000,8,8,8,0,0,8,8,0.0000
4,56.0000,0,3,536.5728,-84.1108,0.4242,17,0.4250,0.7143,7,4,0,0,0,4,0,1.0000
4,56.0000,0,6,665.7440,-85.9841,-0.1146,11,0.2750,1.0000,8,6,5,0,0,6,5,0.1667
4,56.0000,0,7,558.5537,-84.1645,-0.2456,17,0.4250,0.5000,6,7,5,0,0,7,5,0.2857
4,56.0000,0,14,536.8146,-82.9430,-0.2220,18,0.4500,0.8571,7,8,5,0,0,8,5,0.3750
4,56.0000,0,15,447.6741,-81.8667,0.9200,19,0.4750,0.4000,5,6,4,0,0,6,4,0.3333
4,56.0000,0,18,751.6252,-85.2793,-1.9559,3,0.0750,1.0000,8,8,8,0,0,8,8,0.0000
4,56.0000,0,22,339.3670,-81.0490,0.1322,19,0.4750,0.7143,7,5,1,0,0,5,1,0.8000
4,56.0000,0,23,547.9617,-83.2479,-0.3254,7,0.1750,0.8750,8,7,6,0,0,7,6,0.1429
4,56.0000,0,24,316.4453,-80.1059,-0.4798,19,0.4750,0.6667,6,6,2,0,0,6,2,0.6667
4,56.0000,0,30,409.5321,-79.0058,-2.0401,21,0.5250,0.4000,5,7,6,0,0,7,6,0.1429
4,56.0000,0,33,466.4060,-81.7328,-2.1225,4,0.1000,0.7778,9,8,7,0,0,8,7,0.1250
4,56.0000,0,37,541.2173,-83.9375,-0.6798,15,0.3750,1.0000,8,6,4,0,0,6,4,0.3333
4,56.0000,0,38,231.1055,-79.2391,0.3830,27,0.6750,0.5000,6,4,1,0,0,4,1,0.7500
4,56.0000,0,41,505.2181,-82.9491,-0.7110,18,0.4500,0.8750,8,7,6,0,0,7,6,0.1429
4,56.0000,0,42,164.9097,-76.1762,1.4379,35,0.8750,0.4000,5,5,1,0,0,5,1,0.8000
4,56.0000,0,43,393.0864,-79.9573,0.1492,11,0.2750,1.0000,8,7,5,0,0,7,5,0.2857
4,56.0000,0,44,440.0572,-79.5735,-0.5407,13,0.3250,0.8750,8,8,8,0,0,8,8,0.0000
4,56.0000,0,46,641.9510,-84.6321,0.2296,10,0.2500,0.8750,8,7,6,0,0,7,6,0.1429
4,56.0000,1,2,716.3389,-85.9924,-0.6475,6,0.1500,0.8750,8,7,6,0,0,7,6,0.1429
4,56.0000,1,5,353.5710,-81.0846,-0.2733,19,0.4750,0.8571,7,8,7,0,0,8,7,0.1250
4,56.0000,1,8,742.8513,-85.8603,1.9448,5,0.1250,1.0000,8,8,8,0,0,8,8,0.0000
4,56.0000,1,9,640.8290,-84.7293,-1.8526,3,0.0750,0.8750,8,7,6,0,0,7,6,0.1429
4,56.0000,1,11,618.6462,-83.9105,0.4723,3,0.0750,1.0000,8,8,7,0,0,8,7,0.1250
4,56.0000,1,12,392.1668,-80.7747,0.3126,15,0.3750,0.8571,7,8,8,0,0,8,8,0.0000
4,56.0000,1,13,319.3713,-79.3452,0.0952,29,0.7250,0.3333,6,6,4,0,0,6,4,0.3333
4,56.0000,1,16,851.2488,-86.9281,2.2204,3,0.0750,1.0000,8,4,4,0,0,4,4,0.0000
4,56.0000,1,17,769.2978,-86.8335,-0.0708,3,0.0750,1.0000,8,8,7,0,0,8,7,0.1250
4,56.0000,1,19,726.3705,-85.5004,2.3779,3,0.0750,1.0000,8,8,8,0,0,8,8,0.0000
4,56.0000,1,21,496.1310,-82.9407,0.1411,18,0.4500,0.6667,6,8,8,0,0,8,8,0.0000
4,56.0000,1,25,217.2844,-75.8118,-0.3312,29,0.7250,0.5000,6,6,3,0,0,6,3,0.5000
4,56.0000,1,27,550.4516,-83.2283,0.2157,17,0.4250,0.8571,7,8,8,0,0,8,8,0.0000
4,56.0000,1,32,353.2226,-81.5437,0.8802,13,0.3250,0.8571,7,7,6,0,0,7,6,0.1429
4,56.0000,1,34,600.3347,-84.7257,-0.5897,14,0.3500,1.0000,8,8,8,0,0,8,8,0.0000
4,56.0000,1,35,348.4175,-79.9600,-0.2635,27,0.6750,0.5000,6,5,1,0,0,5,1,0.8000
4,56.0000,1,36,275.0100,-79.2506,0.4015,27,0.6750,0.5000,6,4,0,0,0,4,0,1.0000
4,56.0000,1,39,542.4717,-84.8496,-0.4049,7,0.1750,0.8750,8,8,8,0,0,8,8,0.0000
4,56.0000,1,40,655.6317,-85.2334,0.3059,14,0.3500,1.0000,8,8,6,0,0,8,6,0.2500
4,56.0000,1,45,682.2904,-86.2284,1.9702,7,0.1750,1.0000,8,8,8,0,0,8,8,0.0000
4,56.0000,2,1,716.3389,-85.7533,2.2152,5,0.1250,1.0000,8,8,8,0,0,8,8,0.0000
4,56.0000,2,4,639.0467,-86.4502,1.1726,5,0.1250,1.0000,8,8,8,0,0,8,8,0.0000
4,56.0000,2,5,410.9457,-80.9745,0.2894,17,0.4250,0.8571,7,6,3,0,0,6,3,0.5000
4,56.0000,2,8,47.6155,-62.3475,1.2732,36,0.9000,0.2000,5,4,0,0,0,4,0,1.0000
4,56.0000,2,9,363.3807,-81.3697,-1.0026,11,0.2750,1.0000,8,6,4,0,0,6,4,0.3333
4,56.0000,2,11,996.6216,-88.5300,-0.3278,3,0.0750,1.0000,4,4,4,0,0,4,4,0.0000
4,56.0000,2,12,607.3385,-85.8205,-2.1041,6,0.1500,1.0000,8,7,6,0,0,7,6,0.1429
4,56.0000,2,16,533.3408,-83.1077,0.3872,8,0.2000,0.8571,7,8,8,0,0,8,8,0.0000
4,56.0000,2,18,658.3670,-85.2330,-0.0419,4,0.1000,1.0000,8,8,7,0,0,8,7,0.1250
4,56.0000,2,19,640.1881,-85.5831,-0.3014,3,0.0750,1.0000,8,8,8,0,0,8,8,0.0000
4,56.0000,2,20,408.6027,-80.0044,-0.3600,14,0.3500,0.6667,6,8,8,0,0,8,8,0.0000
4,56.0000,2,21,608.5042,-84.3619,0.5098,10,0.2500,0.8571,7,8,7,0,0,8,7,0.1250
4,56.0000,2,25,554.8069,-86.2005,-0.6253,4,0.1000,0.8750,8,7,5,0,0,7,5,0.2857
4,56.0000,2,28,658.9173,-85.5437,-0.0013,3,0.0750,0.8571,7,7,6,0,0,7,6,0.1429
4,56.0000,2,29,597.0330,-83.9874,-0.2036,4,0.1000,0.8750,8,8,8,0,0,8,8,0.0000
4,56.0000,2,31,882.2181,-88.7459,-0.2241,3,0.0750,1.0000,6,9,7,0,0,9,7,0.2222
4,56.0000,2,32,531.0574,-84.3601,-0.7686,7,0.1750,1.0000,8,7,5,0,0,7,5,0.2857
4,56.0000,2,33,793.5082,-88.4659,0.0507,3,0.0750,1.0000,8,8,7,0,0,8,7,0.1250
4,56.0000,2,34,515.9954,-84.6450,-0.0624,12,0.3000,0.0000,3,7,5,0,0,7,5,0.2857
4,56.0000,2,35,929.9192,-87.6915,0.0175,4,0.1000,1.0000,4,6,6,0,0,6,6,0.0000
4,56.0000,2,39,350.9251,-80.0778,-0.1075,13,0.3250,0.7143,7,7,5,0,0,7,5,0.2857
4,56.0000,2,44,950.3268,-88.1256,-0.6136,4,0.1000,1.0000,8,8,8,0,0,8,8,0.0000
4,56.0000,2,45,127.3123,-68.3686,-1.2276,37,0.9250,0.0000,4,5,1,0,0,5,1,0.8000
4,56.0000,2,47,676.8913,-84.9309,0.2501,4,0.1000,0.8750,8,8,8,0,0,8,8,0.0000
4,56.0000,3,0,536.5728,-84.2677,-0.0108,7,0.1750,1.0000,8,7,5,0,0,7,5,0.2857
4,56.0000,3,6,391.3835,-80.6087,-0.4159,28,0.7000,0.4000,5,7,5,0,0,7,5,0.2857
4,56.0000,3,7,369.5733,-82.5746,0.5900,20,0.5000,0.7143,7,6,3,0,0,6,3,0.5000
4,56.0000,3,14,643.1758,-86.7714,-0.3518,7,0.1750,0.8571,7,8,8,0,0,8,8,0.0000
4,56.0000,3,15,520.9129,-82.6919,-0.7395,14,0.3500,0.7143,7,5,1,0,0,5,1,0.8000
4,56.0000,3,22,563.7736,-85.8466,-0.0732,6,0.1500,0.6667,6,6,4,0,0,6,4,0.3333
4,56.0000,3,23,726.0423,-87.1516,0.1789,6,0.1500,1.0000,8,8,8,0,0,8,8,0.0000
4,56.0000,3,24,472.9861,-83.4716,0.1647,10,0.2500,0.7143,7,7,5,0,0,7,5,0.2857
4,56.0000,3,30,830.5682,-87.4888,-1.2352,3,0.0750,1.0000,8,8,8,0,0,8,8,0.0000
4,56.0000,3,37,243.8042,-76.0496,-0.4832,31,0.7750,0.2000,5,6,4,0,0,6,4,0.3333
4,56.0000,3,38,583.4528,-86.3885,-1.5469,5,0.1250,1.0000,8,7,5,0,0,7,5,0.2857
4,56.0000,3,41,350.9374,-81.3623,1.0325,20,0.5000,0.5714,7,5,1,0,0,5,1,0.8000
4,56.0000,3,42,500.3694,-83.2031,-0.7501,11,0.2750,0.8571,7,6,4,0,0,6,4,0.3333
4,56.0000,3,46,456.6875,-83.7198,0.3863,18,0.4500,0.7500,8,6,3,0,0,6,3,0.5000
4,56.0000,4,0,703.7481,-85.9150,-1.2390,5,0.1250,0.8000,5,8,8,0,0,8,8,0.0000
4,56.0000,4,2,639.0467,-84.2241,-1.2560,5,0.1250,1.0000,8,7,6,0,0,7,6,0.1429
4,56.0000,4,8,662.3085,-85.0406,0.8555,8,0.2000,1.0000,8,8,8,0,0,8,8,0.0000
4,56.0000,4,9,532.9482,-82.3857,0.2649,9,0.2250,1.0000,6,8,8,0,0,8,8,0.0000
4,56.0000,4,12,844.6505,-88.5086,-0.3546,5,0.1250,1.0000,4,8,8,0,0,8,8,0.0000
4,56.0000,4,15,778.4885,-87.4749,-0.5749,6,0.1500,0.8333,6,4,4,0,0,4,4,0.0000
4,56.0000,4,16,372.2400,-82.6555,0.9105,13,0.3250,0.8571,7,6,4,0,0,6,4,0.3333
4,56.0000,4,18,518.3573,-84.1619,0.2505,12,0.3000,0.8750,8,7,6,0,0,7,6,0.1429
4,56.0000,4,19,574.2260,-84.0180,-0.6134,7,0.1750,1.0000,8,8,7,0,0,8,7,0.1250
4,56.0000,4,20,508.3398,-83.7688,0.3971,9,0.2250,1.0000,8,8,8,0,0,8,8,0.0000
4,56.0000,4,22,640.4607,-85.3904,-1.1146,11,0.2750,0.8571,7,8,8,0,0,8,8,0.0000
4,56.0000,4,25,1062.2105,-87.6576,0.2202,3,0.0750,1.0000,4,8,8,0,0,8,8,0.0000
4,56.0000,4,26,771.3675,-85.1028,0.7763,4,0.1000,0.8571,7,8,8,0,0,8,8,0.0000
4,56.0000,4,28,457.6213,-83.0708,0.3985,9,0.2250,0.8750,8,7,6,0,0,7,6,0.1429
4,56.0000,4,29,513.6212,-83.0391,1.1119,10,0.2500,0.8571,7,7,6,0,0,7,6,0.1429
4,56.0000,4,30,859.1386,-88.0959,0.5508,4,0.1000,1.0000,8,6,6,0,0,6,6,0.0000
4,56.0000,4,31,803.2950,-87.9158,0.4332,3,0.0750,1.0000,8,8,8,0,0,8,8,0.0000
4,56.0000,4,32,858.3488,-86.9529,-0.4218,3,0.0750,1.0000,6,8,8,0,0,8,8,0.0000
4,56.0000,4,33,341.2713,-81.4911,0.6332,17,0.4250,0.5000,6,7,5,0,0,7,5,0.2857
4,56.0000,4,38,598.0857,-83.4753,-0.1141,15,0.3750,0.8571,7,7,6,0,0,7,6,0.1429
4,56.0000,4,39,622.2508,-85.2355,0.8164,10,0.2500,0.8750,8,8,8,0,0,8,8,0.0000
4,56.0000,4,42,677.5946,-86.2224,0.5177,8,0.2000,1.0000,8,6,6,0,0,6,6,0.0000
4,56.0000,4,43,718.1311,-87.1745,-1.0695,7,0.1750,1.0000,8,8,8,0,0,8,8,0.0000
4,56.0000,4,44,595.6149,-85.0080,-0.9220,8,0.2000,1.0000,8,8,8,0,0,8,8,0.0000
4,56.0000,4,45,756.0110,-86.4255,-0.1746,4,0.1000,0.8000,5,5,4,0,0,5,4,0.2000
4,56.0000,4,47,219.8839,-76.8741,0.0677,30,0.7500,0.2000,5,7,6,0,0,7,6,0.1429
4,56.0000,5,1,353.5710,-80.7181,0.8026,19,0.4750,0.6667,6,5,2,0,0,5,2,0.6000
4,56.0000,5,2,410.9457,-81.9582,0.0853,15,0.3750,0.7143,7,6,4,0,0,6,4,0.3333
4,56.0000,5,8,430.0338,-81.3160,-0.3952,20,0.5000,1.0000,8,7,5,0,0,7,5,0.2857
4,56.0000,5,9,503.4686,-85.3756,1.4654,7,0.1750,1.0000,8,8,7,0,0,8,7,0.1250
4,56.0000,5,12,471.8938,-84.4972,-0.5860,12,0.3000,1.0000,8,7,6,0,0,7,6,0.1429
4,56.0000,5,13,665.7532,-86.7622,0.6408,10,0.2500,1.0000,8,8,8,0,0,8,8,0.0000
4,56.0000,5,16,709.4769,-86.6044,-0.0429,6,0.1500,1.0000,8,8,8,0,0,8,8,0.0000
4,56.0000,5,19,697.2431,-87.9976,0.7586,3,0.0750,0.8571,7,8,8,0,0,8,8,0.0000
4,56.0000,5,20,526.8156,-84.8151,0.1322,8,0.2000,0.8571,7,8,8,0,0,8,8,0.0000
4,56.0000,5,21,363.5724,-80.0601,-0.5255,31,0.7750,0.5000,6,7,4,0,0,7,4,0.4286
4,56.0000,5,25,154.4905,-74.5042,1.0403,33,0.8250,0.2000,5,4,0,0,0,4,0,1.0000
4,56.0000,5,27,812.3303,-87.2738,-0.0062,8,0.2000,1.0000,6,5,4,0,0,5,4,0.2000
4,56.0000,5,29,687.9441,-85.6106,0.0766,6,0.1500,1.0000,8,8,8,0,0,8,8,0.0000
4,56.0000,5,32,392.2196,-81.9558,1.3274,11,0.2750,1.0000,8,6,3,0,0,6,3,0.5000
4,56.0000,5,34,308.8159,-78.8079,-0.4274,34,0.8500,0.3333,6,5,1,0,0,5,1,0.8000
4,56.0000,5,35,521.5995,-84.3308,0.3438,20,0.5000,0.8571,7,6,3,0,0,6,3,0.5000
4,56.0000,5,36,622.9584,-86.1651,0.6003,9,0.2250,1.0000,6,7,6,0,0,7,6,0.1429
4,56.0000,5,39,391.0422,-82.3100,0.4256,11,0.2750,1.0000,8,7,3,0,0,7,3,0.5714
4,56.0000,5,40,900.0287,-88.4438,-0.0854,10,0.2500,1.0000,4,6,6,0,0,6,6,0.0000
4,56.0000,5,45,345.3325,-80.6927,0.6438,18,0.4500,0.5714,7,6,4,0,0,6,4,0.3333
4,56.0000,6,0,665.7440,-85.3423,-1.0253,6,0.1500,0.8571,7,8,8,0,0,8,8,0.0000
4,56.0000,6,3,391.3835,-79.7649,-0.9832,22,0.5500,0.6000,5,6,3,0,0,6,3,0.5000
4,56.0000,6,7,687.5911,-83.4679,-0.1804,6,0.1500,0.8750,8,8,8,0,0,8,8,0.0000
4,56.0000,6,15,339.1883,-78.4500,-0.7193,31,0.7750,0.2000,5,8,6,0,0,8,6,0.2500
4,56.0000,6,22,585.6962,-84.9412,-1.5861,5,0.1250,1.0000,8,8,8,0,0,8,8,0.0000
4,56.0000,6,24,731.2616,-85.4829,-1.0131,5,0.1250,0.8750,8,8,8,0,0,8,8,0.0000
4,56.0000,6,30,1044.7025,-87.9559,-3.4557,3,0.0750,1.0000,8,8,8,0,0,8,8,0.0000
4,56.0000,6,37,161.8377,-73.4064,-0.4357,28,0.7000,0.0000,4,5,1,0,0,5,1,0.8000
4,56.0000,6,38,566.2554,-84.2455,-0.0760,7,0.1750,0.8571,7,10,9,0,0,10,9,0.1000
4,56.0000,6,41,717.8214,-85.8792,0.6077,7,0.1750,1.0000,8,8,8,0,0,8,8,0.0000
4,56.0000,6,42,595.5851,-84.0793,-1.3830,7,0.1750,0.8571,7,8,8,0,0,8,8,0.0000
4,56.0000,6,46,798.3477,-86.5577,-0.0324,5,0.1250,0.8750,8,8,8,0,0,8,8,0.0000
4,56.0000,7,0,558.5537,-84.0991,-0.5044,13,0.3250,1.0000,8,8,8,0,0,8,8,0.0000
4,56.0000,7,3,369.5733,-83.5109,1.1496,24,0.6000,0.8571,7,6,4,0,0,6,4,0.3333
4,56.0000,7,6,687.5911,-86.2632,-0.4424,16,0.4000,0.8750,8,8,7,0,0,8,7,0.1250
4,56.0000,7,14,324.9663,-76.9171,-1.2986,32,0.8000,0.2000,5,6,3,0,0,6,3,0.5000
4,56.0000,7,15,739.0276,-86.3722,-0.9526,9,0.2250,0.8750,8,8,8,0,0,8,8,0.0000
4,56.0000,7,22,766.8952,-87.9493,-1.5018,4,0.1000,1.0000,8,8,7,0,0,8,7,0.1250
4,56.0000,7,23,557.9293,-84.7320,0.4622,15,0.3750,0.8750,8,7,6,0,0,7,6,0.1429
4,56.0000,7,24,290.4477,-76.7420,-0.6813,33,0.8250,0.2000,5,7,5,0,0,7,5,0.2857
4,56.0000,7,30,665.6587,-84.8127,-1.4591,10,0.2500,0.8571,7,8,8,0,0,8,8,0.0000
4,56.0000,7,33,1005.4986,-86.9820,-1.5221,4,0.1000,1.0000,8,6,6,0,0,6,6,0.0000
4,56.0000,7,37,542.4516,-84.2719,0.5399,16,0.4000,0.5714,7,5,2,0,0,5,2,0.6000
4,56.0000,7,38,707.1468,-86.6054,0.2401,9,0.2250,1.0000,8,8,8,0,0,8,8,0.0000
4,56.0000,7,41,188.7671,-75.6833,-0.2571,31,0.7750,0.2000,5,4,0,0,0,4,0,1.0000
4,56.0000,7,42,625.7444,-85.2793,-0.0059,14,0.3500,1.0000,8,8,8,0,0,8,8,0.0000
4,56.0000,7,43,778.8847,-87.4298,-0.7962,6,0.1500,1.0000,6,6,6,0,0,6,6,0.0000
4,56.0000,7,44,877.3303,-86.3201,-0.8307,4,0.1000,1.0000,8,8,8,0,0,8,8,0.0000
4,56.0000,7,46,122.0721,-73.6662,1.1983,37,0.9250,0.0000,4,6,2,0,0,6,2,0.6667
4,56.0000,8,1,742.8513,-85.7374,1.4602,7,0.1750,1.0000,8,8,8,0,0,8,8,0.0000
4,56.0000,8,2,47.6155,-62.8418,1.5578,30,0.7500,0.2000,5,4,0,0,0,4,0,1.0000
4,56.0000,8,4,662.3085,-87.0326,-1.0084,5,0.1250,1.0000,8,8,8,0,0,8,8,0.0000
4,56.0000,8,5,430.0338,-82.0682,1.5790,12,0.3000,0.6667,6,8,8,0,0,8,8,0.0000
4,56.0000,8,9,405.4356,-81.8898,-0.5401,11,0.2750,0.8750,8,9,6,0,0,9,6,0.3333
4,56.0000,8,12,648.0028,-85.5168,1.7364,5,0.1250,0.8750,8,8,8,0,0,8,8,0.0000
4,56.0000,8,16,576.0790,-84.4170,-0.9523,12,0.3000,1.0000,8,7,6,0,0,7,6,0.1429
4,56.0000,8,17,1032.5178,-87.8811,0.8525,3,0.0750,1.0000,8,4,4,0,0,4,4,0.0000
4,56.0000,8,18,704.2924,-86.6132,-0.2334,3,0.0750,1.0000,8,8,8,0,0,8,8,0.0000
4,56.0000,8,19,685.7315,-85.4776,1.6785,4,0.1000,1.0000,8,8,7,0,0,8,7,0.1250
4,56.0000,8,20,454.7155,-82.1156,0.3962,13,0.3250,0.8571,7,8,8,0,0,8,8,0.0000
4,56.0000,8,21,601.4345,-83.1422,0.2389,14,0.3500,0.8333,6,9,8,0,0,9,8,0.1111
4,56.0000,8,25,577.9099,-83.3197,-0.6816,11,0.2750,1.0000,8,8,7,0,0,8,7,0.1250
4,56.0000,8,26,937.8489,-87.9954,0.2214,3,0.0750,1.0000,6,6,6,0,0,6,6,0.0000
4,56.0000,8,28,701.9782,-86.2085,-1.7839,4,0.1000,1.0000,8,7,6,0,0,7,6,0.1429
4,56.0000,8,29,642.8067,-84.5361,-0.8957,8,0.2000,1.0000,8,6,4,0,0,6,4,0.3333
4,56.0000,8,32,565.7870,-85.0817,-1.3096,7,0.1750,1.0000,8,8,8,0,0,8,8,0.0000
4,56.0000,8,33,827.7311,-86.8366,0.7010,5,0.1250,0.8750,8,8,8,0,0,8,8,0.0000
4,56.0000,8,34,510.8796,-84.2155,-0.0490,15,0.3750,0.8571,7,5,2,0,0,5,2,0.6000
4,56.0000,8,39,397.5134,-81.3458,-0.3071,8,0.2000,0.8750,8,5,2,0,0,5,2,0.6000
4,56.0000,8,45,118.2387,-69.4078,0.4321,32,0.8000,0.0000,4,4,0,0,0,4,0,1.0000
4,56.0000,8,47,710.1713,-85.3281,-0.1808,7,0.1750,1.0000,8,8,8,0,0,8,8,0.0000
4,56.0000,9,1,640.8290,-87.2623,0.4642,12,0.3000,1.0000,8,7,6,0,0,7,6,0.1429
4,56.0000,9,2,363.3807,-81.2374,-0.3027,29,0.7250,0.7500,8,7,5,0,0,7,5,0.2857
4,56.0000,9,4,532.9482,-83.8848,-0.7661,16,0.4000,0.7500,8,8,8,0,0,8,8,0.0000
4,56.0000,9,5,503.4686,-85.0477,0.4332,13,0.3250,0.8750,8,7,5,0,0,7,5,0.2857
4,56.0000,9,8,405.4356,-82.1871,0.0476,27,0.6750,0.5000,6,5,2,0,0,5,2,0.6000
4,56.0000,9,10,556.9295,-83.5991,0.4601,15,0.3750,0.7143,7,7,6,0,0,7,6,0.1429
4,56.0000,9,11,685.3285,-86.6485,0.1330,7,0.1750,1.0000,6,8,8,0,0,8,8,0.0000
4,56.0000,9,12,345.0111,-81.9581,0.8143,24,0.6000,0.5714,7,7,5,0,0,7,5,0.2857
4,56.0000,9,16,310.3288,-77.3573,-1.1048,31,0.7750,0.5714,7,6,4,0,0,6,4,0.3333
4,56.0000,9,17,670.6520,-84.8442,0.5167,11,0.2750,1.0000,8,8,7,0,0,8,7,0.1250
4,56.0000,9,18,364.0530,-80.8403,-0.0887,25,0.6250,0.7143,7,8,7,0,0,8,7,0.1250
4,56.0000,9,19,299.3933,-78.7992,0.5980,25,0.6250,0.5714,7,6,3,0,0,6,3,0.5000
4,56.0000,9,20,121.4935,-71.8256,1.5525,36,0.9000,0.2000,5,6,2,0,0,6,2,0.6667
4,56.0000,9,21,761.5612,-86.9678,0.2050,10,0.2500,1.0000,4,2,2,0,0,2,2,0.0000
4,56.0000,9,23,1219.4819,-88.3391,0.0308,3,0.0750,,0,4,4,0,0,4,4,0.0000
4,56.0000,9,25,574.2229,-85.3297,0.2428,17,0.4250,0.8750,8,8,7,0,0,8,7,0.1250
4,56.0000,9,26,534.5910,-83.1680,-0.7156,19,0.4750,0.7143,7,8,8,0,0,8,8,0.0000
4,56.0000,9,28,335.2407,-80.0232,0.0595,20,0.5000,0.8750,8,6,6,0,0,6,6,0.0000
4,56.0000,9,29,373.5393,-79.7689,-0.5230,26,0.6500,0.0000,4,7,5,0,0,7,5,0.2857
4,56.0000,9,30,894.5867,-87.7674,-0.2214,6,0.1500,1.0000,10,8,8,0,0,8,8,0.0000
4,56.0000,9,31,521.0865,-83.2406,0.3489,17,0.4250,0.7143,7,7,6,0,0,7,6,0.1429
4,56.0000,9,32,327.9845,-81.1544,-0.3213,24,0.6000,0.3333,6,5,1,0,0,5,1,0.8000
4,56.0000,9,33,522.1403,-82.9248,-0.6291,16,0.4000,1.0000,8,8,8,0,0,8,8,0.0000
4,56.0000,9,34,753.8991,-86.5661,0.2833,9,0.2250,,0,8,8,0,0,8,8,0.0000
4,56.0000,9,36,878.1699,-88.8563,-0.0813,6,0.1500,,0,5,4,0,0,5,4,0.2000
4,56.0000,9,39,159.7823,-74.1656,-0.8863,37,0.9250,0.0000,4,5,1,0,0,5,1,0.8000
4,56.0000,9,43,791.9831,-87.6921,0.2841,5,0.1250,0.8571,7,6,6,0,0,6,6,0.0000
4,56.0000,9,44,622.3175,-86.1707,-0.8354,8,0.2000,0.2000,5,8,8,0,0,8,8,0.0000
4,56.0000,9,45,457.6809,-83.0277,-0.0388,25,0.6250,0.8750,8,8,7,0,0,8,7,0.1250
4,56.0000,9,47,527.2183,-82.4043,-0.3869,19,0.4750,0.7143,7,7,7,0,0,7,7,0.0000
4,56.0000,10,0,684.5536,-86.0170,-0.1928,9,0.2250,0.2500,4,7,6,0,0,7,6,0.1429
4,56.0000,10,4,743.8682,-87.5664,0.6603,4,0.1000,0.8571,7,7,5,0,0,7,5,0.2857
4,56.0000,10,9,556.9295,-83.2148,-0.2257,6,0.1500,0.8571,7,8,7,0,0,8,7,0.1250
4,56.0000,10,11,451.4654,-80.7611,-0.1391,14,0.3500,0.6667,6,8,8,0,0,8,8,0.0000
4,56.0000,10,12,506.9588,-83.4402,1.0870,5,0.1250,0.8571,7,7,5,0,0,7,5,0.2857
4,56.0000,10,13,859.8243,-85.9671,-1.1178,3,0.0750,0.8571,7,6,6,0,0,6,6,0.0000
4,56.0000,10,14,810.4792,-86.2104,1.3336,5,0.1250,1.0000,8,7,5,0,0,7,5,0.2857
4,56.0000,10,16,500.2950,-82.7083,0.5684,8,0.2000,0.8571,7,5,3,0,0,5,3,0.4000
4,56.0000,10,17,473.0952,-81.7282,-0.5582,15,0.3750,1.0000,8,7,6,0,0,7,6,0.1429
4,56.0000,10,18,340.1677,-79.9280,-0.0340,12,0.3000,0.6250,8,6,5,0,0,6,5,0.1667
4,56.0000,10,19,280.9779,-77.0186,-0.5676,24,0.6000,0.3333,6,5,2,0,0,5,2,0.6000
4,56.0000,10,20,512.1984,-84.5672,-0.4259,10,0.2500,0.7500,8,10,10,0,0,10,10,0.0000
4,56.0000,10,24,777.2455,-87.3916,-0.1450,4,0.1000,1.0000,4,8,8,0,0,8,8,0.0000
4,56.0000,10,26,69.2337,-65.6859,2.0786,33,0.8250,0.0000,4,5,1,0,0,5,1,0.8000
4,56.0000,10,28,308.7269,-80.6326,0.7746,15,0.3750,0.6667,6,6,4,0,0,6,4,0.3333
4,56.0000,10,29,475.3630,-84.8289,0.5126,11,0.2750,0.7143,7,8,5,0,0,8,5,0.3750
4,56.0000,10,30,452.9976,-83.7524,1.8996,10,0.2500,1.0000,8,7,5,0,0,7,5,0.2857
4,56.0000,10,31,170.0524,-73.1033,-0.7054,32,0.8000,0.0000,4,6,3,0,0,6,3,0.5000
4,56.0000,10,32,620.7064,-84.9887,-0.1676,10,0.2500,0.6667,6,6,6,0,0,6,6,0.0000
4,56.0000,10,33,464.7732,-83.3663,-0.4942,10,0.2500,1.0000,8,7,6,0,0,7,6,0.1429
4,56.0000,10,38,783.2217,-87.1246,-1.4083,4,0.1000,,0,3,2,0,0,3,2,0.3333
4,56.0000,10,39,599.6317,-84.5110,0.0394,9,0.2250,1.0000,8,8,8,0,0,8,8,0.0000
4,56.0000,10,42,812.7763,-87.7717,1.1141,6,0.1500,1.0000,6,6,6,0,0,6,6,0.0000
4,56.0000,10,43,487.3173,-83.4103,-0.1858,14,0.3500,0.8571,7,7,6,0,0,7,6,0.1429
4,56.0000,10,44,258.9839,-80.3074,0.7424,18,0.4500,0.6667,6,6,2,9,0,15,2,0.8667
4,56.0000,10,47,646.1578,-84.3379,1.9995,3,0.0750,1.0000,8,8,8,0,0,8,8,0.0000
4,56.0000,11,1,618.6462,-86.3868,-1.0882,7,0.1750,0.8571,7,8,8,0,0,8,8,0.0000
4,56.0000,11,10,451.4654,-80.9792,-0.2562,7,0.1750,1.0000,8,8,7,0,0,8,7,0.1250
4,56.0000,11,12,395.0604,-82.3114,1.6324,14,0.3500,0.8750,8,6,4,0,0,6,4,0.3333
4,56.0000,11,13,463.7588,-82.7285,0.8874,14,0.3500,0.7143,7,10,9,73,59,83,68,0.1807
4,56.0000,11,16,784.1461,-88.1224,2.6661,3,0.0750,1.0000,8,8,8,0,0,8,8,0.0000
4,56.0000,11,17,327.4209,-80.0687,0.6212,16,0.4000,0.7143,7,5,1,0,0,5,1,0.8000
4,56.0000,11,19,528.9646,-81.9337,2.1644,4,0.1000,1.0000,8,6,4,0,0,6,4,0.3333
4,56.0000,11,25,760.2200,-87.4989,-0.5654,4,0.1000,1.0000,8,8,8,0,0,8,8,0.0000
4,56.0000,11,26,390.5477,-81.5608,0.0442,8,0.2000,0.7143,7,6,4,0,0,6,4,0.3333
4,56.0000,11,27,903.5985,-88.0915,-0.0302,5,0.1250,0.7500,4,4,4,0,0,4,4,0.0000
4,56.0000,11,31,349.8297,-78.6567,0.0775,12,0.3000,0.8571,7,7,5,0,0,7,5,0.2857
4,56.0000,11,32,503.4444,-83.6699,-0.3630,7,0.1750,1.0000,8,7,5,0,0,7,5,0.2857
4,56.0000,11,36,627.0091,-85.0826,0.0546,11,0.2750,0.8750,8,7,6,0,0,7,6,0.1429
4,56.0000,11,40,996.3612,-88.3742,0.0528,4,0.1000,,0,4,4,0,0,4,4,0.0000
4,56.0000,12,1,392.1668,-81.7600,-0.5528,28,0.6829,0.5714,7,7,5,0,0,7,5,0.2857
4,56.0000,12,2,607.3385,-85.9303,-0.2515,10,0.2439,0.6667,6,5,2,0,0,5,2,0.6000
4,56.0000,12,5,471.8938,-84.1635,-0.0732,15,0.3659,0.8571,7,6,3,0,0,6,3,0.5000
4,56.0000,12,8,648.0028,-85.0317,-0.0513,9,0.2195,1.0000,8,6,4,0,0,6,4,0.3333
4,56.0000,12,9,345.0111,-80.8094,-0.2999,10,0.2439,0.5000,6,8,7,0,0,8,7,0.1250
4,56.0000,12,10,506.9588,-83.4318,0.0121,8,0.1951,0.8333,6,7,5,2,2,9,7,0.2222
4,56.0000,12,11,395.0604,-82.4056,0.5649,18,0.4390,1.0000,8,6,4,0,0,6,4,0.3333
4,56.0000,12,13,484.6134,-82.0615,-0.2200,22,0.5366,0.6667,6,8,7,0,0,8,7,0.1250
4,56.0000,12,16,532.1394,-84.8402,0.4658,7,0.1707,0.6667,6,8,8,0,0,8,8,0.0000
4,56.0000,12,17,492.8362,-84.0799,0.4216,15,0.3659,0.7500,8,7,5,0,0,7,5,0.2857
4,56.0000,12,18,459.4911,-82.7101,0.9084,7,0.1707,0.8571,7,6,2,0,0,6,2,0.6667
4,56.0000,12,19,350.8931,-81.0218,0.8756,15,0.3659,0.6667,6,8,7,0,0,8,7,0.1250
4,56.0000,12,20,353.2544,-82.3170,0.6496,18,0.4390,0.7143,7,6,3,0,0,6,3,0.5000
4,56.0000,12,21,722.9227,-86.8106,-0.5408,13,0.3171,1.0000,8,6,6,0,0,6,6,0.0000
4,56.0000,12,25,440.0409,-81.4540,-0.8267,26,0.6341,0.6667,6,6,5,0,0,6,5,0.1667
4,56.0000,12,26,454.7918,-82.7644,0.1261,10,0.2439,1.0000,8,6,3,0,0,6,3,0.5000
4,56.0000,12,28,479.1037,-84.8844,1.8488,5,0.1220,1.0000,8,8,8,0,0,8,8,0.0000
4,56.0000,12,29,494.8746,-84.3660,0.0979,10,0.2439,0.8750,8,8,7,0,0,8,7,0.1250
4,56.0000,12,31,421.9432,-83.3385,0.1028,13,0.3171,0.7143,7,7,5,0,0,7,5,0.2857
4,56.0000,12,32,144.5317,-71.1509,0.7376,38,0.9268,0.0000,4,6,2,0,0,6,2,0.6667
4,56.0000,12,33,734.3331,-87.5364,-0.0682,5,0.1220,1.0000,8,8,8,0,0,8,8,0.0000
4,56.0000,12,34,778.7325,-87.1222,-0.1222,12,0.2927,1.0000,6,7,6,0,0,7,6,0.1429
4,56.0000,12,35,737.7364,-85.7096,0.3054,13,0.3171,0.8750,8,4,4,0,0,4,4,0.0000
4,56.0000,12,36,572.4666,-84.6008,0.1186,22,0.5366,0.8571,7,7,4,0,0,7,4,0.4286
4,56.0000,12,39,301.5741,-79.8351,0.1300,21,0.5122,1.0000,8,7,5,0,0,7,5,0.2857
4,56.0000,12,43,890.5980,-87.4403,-0.9966,4,0.0976,1.0000,4,8,8,0,0,8,8,0.0000
4,56.0000,12,45,645.4741,-85.4368,-0.0933,15,0.3659,0.7500,8,6,6,0,0,6,6,0.0000
4,56.0000,12,47,783.7623,-87.1474,-1.1319,5,0.1220,0.8750,8,4,4,0,0,4,4,0.0000
4,56.0000,13,1,319.3713,-79.2871,-0.7982,23,0.5750,0.7500,8,7,6,0,0,7,6,0.1429
4,56.0000,13,5,665.7532,-84.2884,-1.1190,8,0.2000,1.0000,8,8,8,0,0,8,8,0.0000
4,56.0000,13,10,859.8243,-86.6591,-0.7978,3,0.0750,1.0000,8,8,8,0,0,8,8,0.0000
4,56.0000,13,11,463.7588,-84.5801,-0.1094,7,0.1750,0.8750,8,8,7,0,0,8,7,0.1250
4,56.0000,13,12,484.6134,-81.9324,-1.3653,11,0.2750,0.5000,6,10,10,0,0,10,10,0.0000
4,56.0000,13,17,665.9480,-86.2445,-0.5247,5,0.1250,1.0000,6,8,8,0,0,8,8,0.0000
4,56.0000,13,21,778.7797,-86.2210,-0.8260,5,0.1250,1.0000,8,6,6,0,0,6,6,0.0000
4,56.0000,13,25,531.0148,-84.0861,-0.5108,10,0.2500,0.7143,7,8,8,0,0,8,8,0.0000
4,56.0000,13,27,512.4826,-83.4576,-0.5934,20,0.5000,1.0000,8,6,3,0,0,6,3,0.5000
4,56.0000,13,32,507.9853,-82.7782,-1.2256,10,0.2500,0.8571,7,8,8,0,0,8,8,0.0000
4,56.0000,13,34,916.9018,-87.9814,-0.0044,6,0.1500,1.0000,4,6,6,0,0,6,6,0.0000
4,56.0000,13,35,511.2616,-82.4149,-0.6562,19,0.4750,0.8750,8,7,6,0,0,7,6,0.1429
4,56.0000,13,36,169.2029,-74.4191,0.3911,35,0.8750,0.0000,4,5,1,0,0,5,1,0.8000
4,56.0000,13,40,618.2181,-84.1307,0.1544,18,0.4500,0.8571,7,8,8,0,0,8,8,0.0000
4,56.0000,14,0,536.8146,-82.6681,-0.2106,10,0.2500,1.0000,8,8,8,0,0,8,8,0.0000
4,56.0000,14,3,643.1758,-85.4305,0.6685,18,0.4500,0.8750,8,6,4,0,0,6,4,0.3333
4,56.0000,14,6,925.8633,-86.8320,-1.4659,8,0.2000,1.0000,8,4,4,0,0,4,4,0.0000
4,56.0000,14,7,324.9663,-77.0706,-1.1451,37,0.9250,0.0000,4,6,2,0,0,6,2,0.6667
4,56.0000,14,10,810.4792,-87.6445,0.1285,3,0.0750,1.0000,8,8,8,0,0,8,8,0.0000
4,56.0000,14,15,866.9049,-86.5233,-0.9248,7,0.1750,1.0000,6,4,4,0,0,4,4,0.0000
4,56.0000,14,22,840.6277,-86.9053,-0.5578,4,0.1000,1.0000,10,6,6,0,0,6,6,0.0000
4,56.0000,14,23,415.0522,-83.0008,0.7878,23,0.5750,0.0000,4,8,6,0,0,8,6,0.2500
4,56.0000,14,24,238.1350,-72.4145,-2.0425,37,0.9250,0.0000,4,6,4,0,0,6,4,0.3333
4,56.0000,14,30,429.5029,-81.3190,0.5233,13,0.3250,0.7500,8,8,8,0,0,8,8,0.0000
4,56.0000,14,37,778.9717,-84.8181,-0.3847,12,0.3000,0.8750,8,8,8,0,0,8,8,0.0000
4,56.0000,14,38,740.4019,-85.6855,0.7820,8,0.2000,1.0000,8,8,8,0,0,8,8,0.0000
4,56.0000,14,41,361.5864,-79.1718,-0.9638,32,0.8000,0.5000,6,7,6,0,0,7,6,0.1429
4,56.0000,14,42,667.0133,-85.6931,0.4222,8,0.2000,0.7143,7,7,6,0,0,7,6,0.1429
4,56.0000,14,43,603.2230,-85.0908,1.7077,7,0.1750,1.0000,8,8,8,0,0,8,8,0.0000
4,56.0000,14,46,317.0523,-80.4856,-0.1912,36,0.9000,0.6667,6,4,0,0,0,4,0,1.0000
4,56.0000,15,0,447.6741,-83.7098,-0.4049,9,0.2250,1.0000,8,8,7,0,0,8,7,0.1250
4,56.0000,15,3,520.9129,-83.1353,-1.0451,22,0.5500,0.8750,8,7,6,0,0,7,6,0.1429
4,56.0000,15,6,339.1883,-78.5146,-0.6221,37,0.9250,0.2000,5,8,7,0,0,8,7,0.1250
4,56.0000,15,7,739.0276,-85.2213,0.1689,4,0.1000,0.7143,7,8,7,0,0,8,7,0.1250
4,56.0000,15,14,866.9049,-84.7838,0.6325,3,0.0750,0.8750,8,2,2,0,0,2,2,0.0000
4,56.0000,15,22,356.5082,-81.4290,0.7850,17,0.4250,0.8571,7,7,4,0,0,7,4,0.4286
4,56.0000,15,24,643.2984,-85.3360,-0.0948,7,0.1750,1.0000,8,8,8,0,0,8,8,0.0000
4,56.0000,15,37,328.4963,-79.1287,-0.6299,30,0.7500,0.4000,5,8,6,0,0,8,6,0.2500
4,56.0000,15,38,266.1377,-78.5319,0.7010,24,0.6000,0.6667,6,6,3,0,0,6,3,0.5000
4,56.0000,15,41,739.9911,-85.7911,-0.2876,3,0.0750,1.0000,8,8,8,0,0,8,8,0.0000
4,56.0000,15,42,373.7934,-80.7516,-1.0095,23,0.5750,0.5000,6,7,6,0,0,7,6,0.1429
4,56.0000,15,46,854.9353,-87.2891,1.3596,5,0.1250,1.0000,8,6,6,0,0,6,6,0.0000
4,56.0000,16,0,785.5138,-87.1189,0.5720,11,0.2750,1.0000,2,6,6,0,0,6,6,0.0000
4,56.0000,16,1,851.2488,-86.8497,0.3493,11,0.2750,0.6667,3,2,2,0,0,2,2,0.0000
4,56.0000,16,2,533.3408,-83.9541,-0.3616,18,0.4500,0.8000,5,8,8,0,0,8,8,0.0000
4,56.0000,16,4,372.2400,-81.9045,1.1774,19,0.4750,0.7500,8,7,3,0,0,7,3,0.5714
4,56.0000,16,5,709.4769,-86.6626,-0.6132,13,0.3250,0.8571,7,7,5,0,0,7,5,0.2857
4,56.0000,16,8,576.0790,-84.2586,0.3207,18,0.4500,0.6667,6,8,7,0,0,8,7,0.1250
4,56.0000,16,9,310.3288,-77.6203,-0.7991,34,0.8500,0.4000,5,7,6,0,0,7,6,0.1429
4,56.0000,16,10,500.2950,-83.7357,0.4276,16,0.4000,0.8571,7,7,6,0,0,7,6,0.1429
4,56.0000,16,11,784.1461,-87.6889,0.5597,11,0.2750,0.8333,6,6,6,0,0,6,6,0.0000
4,56.0000,16,12,532.1394,-83.6754,-0.4055,19,0.4750,0.8889,9,5,4,0,0,5,4,0.2000
4,56.0000,16,13,998.9220,-87.9140,-0.3302,7,0.1750,1.0000,4,8,8,0,0,8,8,0.0000
4,56.0000,16,15,942.5703,-87.9936,-0.6033,5,0.1250,1.0000,2,6,6,0,0,6,6,0.0000
4,56.0000,16,17,818.1680,-86.7015,-0.5776,10,0.2500,1.0000,8,6,6,0,0,6,6,0.0000
4,56.0000,16,18,182.6682,-75.9700,0.6431,35,0.8750,0.0000,4,5,1,106,61,111,62,0.4414
4,56.0000,16,19,262.4773,-78.3796,0.0168,27,0.6750,0.4000,5,6,3,0,0,6,3,0.5000
4,56.0000,16,20,213.3251,-74.0177,-1.1659,34,0.8500,0.2857,49,7,6,0,0,7,6,0.1429
4,56.0000,16,21,1023.7456,-86.9894,-0.4214,4,0.1000,1.0000,6,2,2,0,0,2,2,0.0000
4,56.0000,16,22,872.5275,-87.6932,-1.1055,8,0.2000,1.0000,8,4,4,0,0,4,4,0.0000
4,56.0000,16,24,1024.7961,-88.9658,-0.0703,4,0.1000,,0,6,6,0,0,6,6,0.0000
4,56.0000,16,25,771.9559,-86.3226,-0.5023,12,0.3000,0.8571,7,8,7,0,0,8,7,0.1250
4,56.0000,16,26,516.6549,-82.0610,-0.9860,21,0.5250,1.0000,8,8,8,0,0,8,8,0.0000
4,56.0000,16,28,209.2637,-76.1683,0.7358,35,0.8750,0.5962,52,7,5,13,9,20,14,0.3000
4,56.0000,16,29,151.7335,-72.1775,0.2922,38,0.9500,0.0000,4,4,0,0,0,4,0,1.0000
4,56.0000,16,30,799.9970,-87.6770,-0.1427,9,0.2250,0.8571,7,8,8,0,0,8,8,0.0000
4,56.0000,16,31,562.5479,-84.7404,0.1444,14,0.3500,1.0000,8,8,8,0,0,8,8,0.0000
4,56.0000,16,32,583.5254,-85.0824,-0.3977,17,0.4250,0.8571,7,8,8,0,0,8,8,0.0000
4,56.0000,16,33,377.2641,-82.6175,0.1509,22,0.5500,0.7143,7,6,4,0,0,6,4,0.3333
4,56.0000,16,34,920.4284,-87.6798,0.0657,4,0.1000,,0,4,4,0,0,4,4,0.0000
4,56.0000,16,36,1075.6460,-88.7836,-1.1411,3,0.0750,1.0000,2,4,4,0,0,4,4,0.0000
4,56.0000,16,38,738.7772,-85.7929,0.4082,13,0.3250,1.0000,4,4,4,0,0,4,4,0.0000
4,56.0000,16,39,332.6559,-77.5965,-1.7689,29,0.7250,0.5714,14,8,8,0,0,8,8,0.0000
4,56.0000,16,42,836.1682,-87.9312,-0.3987,9,0.2250,,0,6,6,0,0,6,6,0.0000
4,56.0000,16,43,724.4896,-86.6024,-0.6737,12,0.3000,0.5000,2,7,5,0,0,7,5,0.2857
4,56.0000,16,44,464.3584,-85.3580,0.4535,16,0.4000,1.0000,8,6,3,0,0,6,3,0.5000
4,56.0000,16,45,627.2105,-84.6682,-0.5804,19,0.4750,0.8571,7,5,4,0,0,5,4,0.2000
4,56.0000,16,47,255.1690,-77.9156,0.2996,36,0.9000,0.5000,14,6,2,0,0,6,2,0.6667
4,56.0000,17,0,1042.9957,-88.0395,-0.4293,3,0.0750,1.0000,4,4,4,0,0,4,4,0.0000
4,56.0000,17,1,769.2978,-87.2374,0.1442,8,0.2000,0.7500,4,6,6,0,0,6,6,0.0000
4,56.0000,17,8,1032.5178,-87.8970,1.7018,3,0.0750,1.0000,8,8,8,0,0,8,8,0.0000
4,56.0000,17,9,670.6520,-85.4568,0.8733,5,0.1250,1.0000,8,8,8,0,0,8,8,0.0000
4,56.0000,17,10,473.0952,-81.8681,0.8981,11,0.2750,0.6667,6,8,7,0,0,8,7,0.1250
4,56.0000,17,11,327.4209,-79.7845,-0.0745,19,0.4750,1.0000,8,7,5,0,0,7,5,0.2857
4,56.0000,17,12,492.8362,-84.7660,-0.1217,7,0.1750,1.0000,6,8,8,0,0,8,8,0.0000
4,56.0000,17,13,665.9480,-86.9804,0.2822,5,0.1250,0.8750,8,8,8,0,0,8,8,0.0000
4,56.0000,17,16,818.1680,-85.9379,1.9499,3,0.0750,1.0000,8,8,8,0,0,8,8,0.0000
4,56.0000,17,18,702.3794,-86.3544,0.8342,5,0.1250,1.0000,6,10,10,0,0,10,10,0.0000
4,56.0000,17,19,570.3967,-83.2123,-0.1785,7,0.1750,0.8571,7,7,5,0,0,7,5,0.2857
4,56.0000,17,26,410.8447,-81.4409,0.4263,12,0.3000,0.8000,5,10,10,0,0,10,10,0.0000
4,56.0000,17,27,962.9435,-87.8277,0.0298,6,0.1500,1.0000,4,4,4,0,0,4,4,0.0000
4,56.0000,17,28,644.7110,-85.4084,-2.8834,4,0.1000,1.0000,8,8,8,0,0,8,8,0.0000
4,56.0000,17,30,706.9765,-87.2433,1.2575,4,0.1000,0.8750,8,6,6,0,0,6,6,0.0000
4,56.0000,17,31,308.5356,-78.6509,-0.4630,22,0.5500,0.6667,6,8,7,0,0,8,7,0.1250
4,56.0000,17,32,542.1015,-82.7736,0.2591,7,0.1750,0.7500,8,7,6,0,0,7,6,0.1429
4,56.0000,17,33,785.7645,-89.1548,-1.4688,3,0.0750,1.0000,8,8,8,0,0,8,8,0.0000
4,56.0000,17,39,729.1619,-86.7455,-1.3078,5,0.1250,1.0000,8,8,8,0,0,8,8,0.0000
4,56.0000,17,43,699.1890,-83.9541,0.7852,6,0.1500,1.0000,8,7,6,0,0,7,6,0.1429
4,56.0000,17,44,684.8381,-86.8508,1.6420,3,0.0750,0.8750,8,8,7,0,0,8,7,0.1250
4,56.0000,17,45,1065.1497,-88.4459,0.1093,4,0.1000,1.0000,4,4,4,0,0,4,4,0.0000
4,56.0000,18,0,751.6252,-86.6305,0.3498,5,0.1250,1.0000,8,8,8,0,0,8,8,0.0000
4,56.0000,18,1,808.0066,-87.5584,2.7537,4,0.1000,1.0000,4,2,2,0,0,2,2,0.0000
4,56.0000,18,2,658.3670,-86.0127,1.4410,6,0.1500,0.8889,9,7,6,0,0,7,6,0.1429
4,56.0000,18,4,518.3573,-83.6448,-0.9472,11,0.2750,0.4286,7,5,3,0,0,5,3,0.4000
4,56.0000,18,5,744.4104,-87.0733,-1.6277,3,0.0750,1.0000,2,7,6,0,0,7,6,0.1429
4,56.0000,18,8,704.2924,-87.6717,0.1236,4,0.1000,0.8571,7,7,6,0,0,7,6,0.1429
4,56.0000,18,9,364.0530,-81.0308,1.3148,15,0.3750,0.7143,7,6,4,0,0,6,4,0.3333
4,56.0000,18,10,340.1677,-79.6308,0.9894,18,0.4500,1.0000,8,5,1,32,26,37,27,0.2703
4,56.0000,18,11,635.2010,-85.1134,0.9957,5,0.1250,0.8571,7,3,2,0,0,3,2,0.3333
4,56.0000,18,12,459.4911,-83.7980,1.5042,9,0.2250,0.8571,7,7,4,0,0,7,4,0.4286
4,56.0000,18,13,901.0838,-87.6778,0.3456,4,0.1000,1.0000,4,2,2,0,0,2,2,0.0000
4,56.0000,18,16,182.6682,-74.8446,1.0597,29,0.7250,0.0000,4,4,0,0,0,4,0,1.0000
4,56.0000,18,17,702.3794,-85.8557,-2.5994,3,0.0750,1.0000,8,5,4,0,0,5,4,0.2000
4,56.0000,18,19,140.2706,-75.2952,0.9412,32,0.8000,0.0000,4,6,2,0,0,6,2,0.6667
4,56.0000,18,20,263.6477,-78.9577,0.9944,20,0.5000,0.8571,7,7,4,0,0,7,4,0.4286
4,56.0000,18,22,908.5033,-87.4986,0.9984,4,0.1000,1.0000,8,5,4,0,0,5,4,0.2000
4,56.0000,18,25,771.5144,-86.9858,0.3110,4,0.1000,1.0000,8,4,3,0,0,4,3,0.2500
4,56.0000,18,26,358.9248,-78.5856,-0.2468,22,0.5500,0.5714,7,8,8,0,0,8,8,0.0000
4,56.0000,18,28,141.2459,-71.9589,-0.5613,36,0.9000,0.0000,4,4,0,0,0,4,0,1.0000
4,56.0000,18,29,140.6655,-75.5992,1.3310,33,0.8250,0.4000,5,6,2,0,0,6,2,0.6667
4,56.0000,18,30,696.1863,-86.3651,-3.9700,4,0.1000,0.8750,8,6,4,0,0,6,4,0.3333
4,56.0000,18,31,422.8732,-81.6805,0.6457,11,0.2750,0.4000,5,8,5,0,0,8,5,0.3750
4,56.0000,18,32,550.7537,-85.0725,0.1354,6,0.1500,0.8750,8,8,6,0,0,8,6,0.2500
4,56.0000,18,33,395.9007,-80.6878,0.0407,15,0.3750,0.6667,6,7,6,0,0,7,6,0.1429
4,56.0000,18,38,747.9020,-85.8378,-0.8682,6,0.1500,0.6667,6,7,6,0,0,7,6,0.1429
4,56.0000,18,39,370.0107,-80.9287,0.0700,11,0.2750,0.5000,6,7,7,0,0,7,7,0.0000
4,56.0000,18,42,836.3261,-87.5057,-0.5430,5,0.1250,1.0000,6,6,6,0,0,6,6,0.0000
4,56.0000,18,43,662.8639,-84.6328,-1.5261,9,0.2250,0.8571,7,4,4,0,0,4,4,0.0000
4,56.0000,18,44,360.0054,-78.5604,-0.4871,19,0.4750,0.7143,7,7,6,60,44,67,50,0.2537
4,56.0000,18,45,741.7140,-86.5746,1.2260,5,0.1250,0.8333,6,8,7,0,0,8,7,0.1250
4,56.0000,18,47,380.5182,-80.6912,-0.3194,22,0.5500,0.5000,6,8,8,0,0,8,8,0.0000
4,56.0000,19,0,792.1485,-86.2194,-0.0296,6,0.1500,1.0000,2,6,5,0,0,6,5,0.1667
4,56.0000,19,1,726.3705,-86.1418,0.4299,6,0.1500,0.8000,5,6,6,0,0,6,6,0.0000
4,56.0000,19,2,640.1881,-85.6377,-0.0737,11,0.2750,1.0000,8,8,8,0,0,8,8,0.0000
4,56.0000,19,4,574.2260,-84.8318,0.0474,12,0.3000,0.8571,7,7,6,0,0,7,6,0.1429
4,56.0000,19,5,697.2431,-85.9188,1.1788,8,0.2000,0.5000,4,8,6,0,0,8,6,0.2500
4,56.0000,19,8,685.7315,-85.9414,0.3601,10,0.2500,1.0000,8,5,3,0,0,5,3,0.4000
4,56.0000,19,9,299.3933,-79.8090,-0.2436,24,0.6000,0.7500,8,6,4,0,0,6,4,0.3333
4,56.0000,19,10,280.9779,-77.1223,-0.5502,34,0.8500,0.0000,4,7,3,0,0,7,3,0.5714
4,56.0000,19,11,528.9646,-83.7202,0.1592,17,0.4250,0.5000,6,8,8,105,93,113,101,0.1062
4,56.0000,19,12,350.8931,-81.0748,0.4575,23,0.5750,0.7500,8,6,3,0,0,6,3,0.5000
4,56.0000,19,13,804.2972,-87.5754,-0.1069,7,0.1750,0.7500,4,8,8,0,0,8,8,0.0000
4,56.0000,19,16,262.4773,-78.0984,0.1956,29,0.7250,0.5714,7,5,2,0,0,5,2,0.6000
4,56.0000,19,17,570.3967,-84.0841,-0.5864,17,0.4250,0.7143,7,8,8,0,0,8,8,0.0000
4,56.0000,19,18,140.2706,-74.3034,1.2590,31,0.7750,0.4286,7,4,0,0,0,4,0,1.0000
4,56.0000,19,20,233.4001,-78.7307,0.5260,22,0.5500,0.0000,4,5,2,0,0,5,2,0.6000
4,56.0000,19,23,1038.0336,-87.5497,-0.8697,5,0.1250,1.0000,4,7,6,0,0,7,6,0.1429
4,56.0000,19,25,715.3942,-86.3671,-0.0063,13,0.3250,1.0000,8,8,8,0,0,8,8,0.0000
4,56.0000,19,26,275.0577,-74.8747,-2.2256,30,0.7500,0.0000,4,5,2,0,0,5,2,0.6000
4,56.0000,19,28,138.8956,-74.7828,1.5657,28,0.7000,0.2000,5,4,0,0,0,4,0,1.0000
4,56.0000,19,29,250.8008,-78.1482,0.7032,28,0.7000,0.2000,5,7,3,0,0,7,3,0.5714
4,56.0000,19,30,671.5274,-86.9609,0.4473,7,0.1750,0.8571,7,8,8,0,0,8,8,0.0000
4,56.0000,19,31,311.4142,-78.7625,-0.0376,29,0.7250,0.6667,6,7,4,0,0,7,4,0.4286
4,56.0000,19,32,442.2886,-81.4323,0.3530,20,0.5000,0.7222,18,6,4,3,2,9,6,0.3333
4,56.0000,19,33,415.1924,-82.0926,0.3277,12,0.3000,0.8571,7,7,4,0,0,7,4,0.4286
4,56.0000,19,34,968.2784,-88.9031,0.0603,3,0.0750,,0,6,6,0,0,6,6,0.0000
4,56.0000,19,36,909.0664,-88.5228,1.5322,3,0.0750,1.0000,2,5,4,0,0,5,4,0.2000
4,56.0000,19,38,820.2486,-87.4692,1.0105,5,0.1250,1.0000,8,4,4,0,0,4,4,0.0000
4,56.0000,19,39,329.1362,-79.7123,-0.3972,25,0.6250,0.7143,7,6,4,0,0,6,4,0.3333
4,56.0000,19,42,881.9873,-88.8956,0.0116,4,0.1000,,0,4,4,0,0,4,4,0.0000
4,56.0000,19,43,629.5145,-86.1214,-0.9505,7,0.1750,0.8000,5,7,6,0,0,7,6,0.1429
4,56.0000,19,44,375.9288,-82.4109,1.1515,14,0.3500,0.7143,7,6,4,0,0,6,4,0.3333
4,56.0000,19,45,724.2821,-86.8940,0.4643,10,0.2500,1.0000,8,6,6,0,0,6,6,0.0000
4,56.0000,19,47,480.8813,-83.5810,-1.0468,16,0.4000,0.8571,7,6,3,0,0,6,3,0.5000
4,56.0000,20,1,659.7291,-87.1042,0.2878,11,0.2750,0.8333,6,6,4,0,0,6,4,0.3333
4,56.0000,20,2,408.6027,-81.2970,-1.0249,25,0.6250,0.5000,6,6,4,0,0,6,4,0.3333
4,56.0000,20,4,508.3398,-83.8754,0.0872,19,0.4750,1.0000,8,7,6,0,0,7,6,0.1429
4,56.0000,20,5,526.8156,-85.7742,0.4400,14,0.3500,0.8571,7,7,6,0,0,7,6,0.1429
4,56.0000,20,8,454.7155,-82.1169,-0.8170,24,0.6000,0.7143,7,8,7,0,0,8,7,0.1250
4,56.0000,20,9,121.4935,-71.7091,0.8594,36,0.9000,0.0000,4,4,0,0,0,4,0,1.0000
4,56.0000,20,10,512.1984,-84.5587,0.0678,14,0.3500,1.0000,8,7,6,0,0,7,6,0.1429
4,56.0000,20,11,675.1922,-85.9909,0.5581,14,0.3500,0.8750,8,4,3,0,0,4,3,0.2500
4,56.0000,20,12,353.2544,-81.2728,1.1235,23,0.5750,0.7143,7,6,2,0,0,6,2,0.6667
4,56.0000,20,13,827.8375,-86.8897,-1.1412,7,0.1750,1.0000,8,8,8,0,0,8,8,0.0000
4,56.0000,20,16,213.3251,-73.7825,-1.0364,35,0.8750,0.3333,6,6,3,0,0,6,3,0.5000
4,56.0000,20,17,704.9548,-87.0009,-0.4558,10,0.2500,1.0000,8,6,5,0,0,6,5,0.1667
4,56.0000,20,18,263.6477,-79.5588,0.9099,21,0.5250,0.8571,7,5,2,0,0,5,2,0.6000
4,56.0000,20,19,233.4001,-78.1191,0.4701,24,0.6000,0.7500,8,4,0,0,0,4,0,1.0000
4,56.0000,20,21,825.9824,-87.1544,0.5190,9,0.2250,0.7500,4,2,2,0,0,2,2,0.0000
4,56.0000,20,22,1034.5177,-88.4299,0.4423,4,0.1000,1.0000,6,6,6,0,0,6,6,0.0000
4,56.0000,20,25,587.2371,-84.0966,-0.7562,10,0.2500,0.6250,8,7,5,0,0,7,5,0.2857
4,56.0000,20,26,499.4521,-82.6327,-0.4088,13,0.3250,1.0000,8,6,4,0,0,6,4,0.3333
4,56.0000,20,28,273.3072,-80.6483,1.6084,21,0.5250,0.6667,6,5,1,0,0,5,1,0.8000
4,56.0000,20,29,253.7830,-76.4519,-0.1627,30,0.7500,0.4286,7,7,4,0,0,7,4,0.4286
4,56.0000,20,30,870.8028,-87.8158,-1.2976,5,0.1250,1.0000,4,7,6,0,0,7,6,0.1429
4,56.0000,20,31,510.1092,-84.2733,0.6596,12,0.3000,0.4000,5,7,5,0,0,7,5,0.2857
4,56.0000,20,32,378.0063,-81.9297,0.6014,18,0.4500,0.8571,7,6,3,0,0,6,3,0.5000
4,56.0000,20,33,495.2347,-83.6521,0.5263,13,0.3250,0.5000,6,9,6,0,0,9,6,0.3333
4,56.0000,20,34,771.1662,-87.1608,0.7422,10,0.2500,1.0000,2,8,8,0,0,8,8,0.0000
4,56.0000,20,35,968.3564,-86.3904,4.2108,3,0.0750,,0,4,4,0,0,4,4,0.0000
4,56.0000,20,36,893.7188,-87.1893,-0.6214,3,0.0750,1.0000,2,7,6,0,0,7,6,0.1429
4,56.0000,20,38,920.5214,-88.2929,-0.4482,4,0.1000,1.0000,4,2,2,0,0,2,2,0.0000
4,56.0000,20,39,136.7757,-70.1782,-0.6135,33,0.8250,0.2700,100,5,1,100,33,105,34,0.6762
4,56.0000,20,43,788.0629,-87.7530,-0.1903,10,0.2500,0.8333,6,4,4,0,0,4,4,0.0000
4,56.0000,20,44,568.1641,-85.8934,-1.0935,15,0.3750,0.9714,70,7,5,0,0,7,5,0.2857
4,56.0000,20,45,494.4536,-82.2949,-1.5825,23,0.5750,0.6667,6,8,8,0,0,8,8,0.0000
4,56.0000,20,47,455.1306,-81.3176,-0.9011,24,0.6000,0.6667,6,6,4,0,0,6,4,0.3333
4,56.0000,21,1,496.1310,-82.2915,0.3514,11,0.2750,0.6667,6,7,5,0,0,7,5,0.2857
4,56.0000,21,5,363.5724,-79.2703,-0.6056,24,0.6000,0.8571,7,6,3,0,0,6,3,0.5000
4,56.0000,21,8,601.4345,-83.6688,0.0185,10,0.2500,0.8750,8,7,6,0,0,7,6,0.1429
4,56.0000,21,12,722.9227,-86.3461,-1.6249,3,0.0750,1.0000,8,8,8,0,0,8,8,0.0000
4,56.0000,21,13,778.7797,-88.1067,-0.6756,3,0.0750,1.0000,8,7,6,0,0,7,6,0.1429
4,56.0000,21,16,1023.7456,-87.5424,-1.3374,3,0.0750,1.0000,8,4,4,0,0,4,4,0.0000
4,56.0000,21,25,401.9899,-80.6534,0.8293,16,0.4000,1.0000,8,8,8,0,0,8,8,0.0000
4,56.0000,21,27,671.4095,-85.9141,-0.2192,7,0.1750,1.0000,8,8,7,0,0,8,7,0.1250
4,56.0000,21,32,599.2240,-84.8807,-2.7948,3,0.0750,0.8571,7,6,4,0,0,6,4,0.3333
4,56.0000,21,34,383.6131,-80.4822,0.1251,29,0.7250,0.0000,4,8,6,0,0,8,6,0.2500
4,56.0000,21,35,513.0376,-84.7278,0.7928,13,0.3250,0.8571,7,7,5,0,0,7,5,0.2857
4,56.0000,21,36,685.3200,-85.1050,0.8259,7,0.1750,1.0000,4,6,4,0,0,6,4,0.3333
4,56.0000,21,39,701.3493,-86.8793,-0.5470,3,0.0750,1.0000,8,8,8,0,0,8,8,0.0000
4,56.0000,21,40,724.0692,-85.7904,-0.2475,12,0.3000,0.8571,7,7,4,0,0,7,4,0.4286
4,56.0000,21,45,526.8580,-83.9747,-0.3889,6,0.1500,0.8000,5,10,10,0,0,10,10,0.0000
4,56.0000,22,0,339.3670,-81.7509,-0.1180,13,0.3250,0.4000,5,6,4,0,0,6,4,0.3333
4,56.0000,22,3,563.7736,-85.2515,0.7818,11,0.2750,0.6667,6,7,5,0,0,7,5,0.2857
4,56.0000,22,4,640.4607,-84.8077,-1.0209,8,0.2000,1.0000,8,8,8,0,0,8,8,0.0000
4,56.0000,22,6,585.6962,-84.4467,-0.0793,15,0.3750,0.8571,7,7,6,0,0,7,6,0.1429
4,56.0000,22,7,766.8952,-87.0829,-0.3135,7,0.1750,0.8571,7,9,9,0,0,9,9,0.0000
4,56.0000,22,14,840.6277,-87.7357,-1.8159,5,0.1250,1.0000,6,2,2,0,0,2,2,0.0000
4,56.0000,22,15,356.5082,-80.4187,0.4811,23,0.5750,0.7500,8,5,2,0,0,5,2,0.6000
4,56.0000,22,18,908.5033,-87.8680,-3.2002,3,0.0750,1.0000,8,6,6,0,0,6,6,0.0000
4,56.0000,22,24,605.5209,-85.4871,-0.0489,6,0.1500,1.0000,8,8,7,0,0,8,7,0.1250
4,56.0000,22,33,559.0864,-83.9174,0.2260,3,0.0750,1.0000,8,8,8,0,0,8,8,0.0000
4,56.0000,22,37,504.3568,-83.3464,0.7875,17,0.4250,0.0000,4,8,8,0,0,8,8,0.0000
4,56.0000,22,38,247.1559,-77.3991,0.1564,31,0.7750,0.2000,5,5,1,0,0,5,1,0.8000
4,56.0000,22,41,681.4592,-87.0884,-1.0546,4,0.1000,1.0000,6,8,7,0,0,8,7,0.1250
4,56.0000,22,42,178.6618,-76.5862,0.5247,33,0.8250,0.2857,7,6,2,0,0,6,2,0.6667
4,56.0000,22,43,610.5207,-85.0910,1.3105,3,0.0750,1.0000,8,8,8,0,0,8,8,0.0000
4,56.0000,22,44,684.6205,-85.6907,3.4221,3,0.0750,1.0000,8,8,8,0,0,8,8,0.0000
4,56.0000,22,46,855.0930,-87.9111,0.9680,5,0.1250,1.0000,6,8,8,0,0,8,8,0.0000
4,56.0000,23,0,547.9617,-83.9092,0.2392,12,0.3000,0.9333,15,8,7,0,0,8,7,0.1250
4,56.0000,23,3,726.0423,-85.4611,-0.0453,7,0.1750,0.7778,9,8,8,0,0,8,8,0.0000
4,56.0000,23,7,557.9293,-84.5738,0.0960,16,0.4000,0.8571,7,6,4,0,0,6,4,0.3333
4,56.0000,23,14,415.0522,-82.3698,0.2384,18,0.4500,0.6667,6,8,8,0,0,8,8,0.0000
4,56.0000,23,22,764.5543,-86.2448,0.6245,6,0.1500,1.0000,8,8,8,0,0,8,8,0.0000
4,56.0000,23,24,408.6994,-81.7340,0.1639,22,0.5500,0.7143,7,7,5,0,0,7,5,0.2857
4,56.0000,23,30,390.4380,-80.2259,-0.8048,22,0.5500,0.5000,6,7,6,0,0,7,6,0.1429
4,56.0000,23,37,893.2142,-87.0294,0.6218,7,0.1750,0.8571,7,8,8,0,0,8,8,0.0000
4,56.0000,23,38,772.5502,-86.1588,2.1636,5,0.1250,1.0000,6,8,8,0,0,8,8,0.0000
4,56.0000,23,41,424.2200,-82.4634,0.0762,25,0.6250,0.7143,7,6,4,0,0,6,4,0.3333
4,56.0000,23,42,624.4620,-84.6568,1.3684,10,0.2500,0.9795,146,6,4,80,80,86,84,0.0233
4,56.0000,23,43,432.2144,-81.8511,-0.4337,13,0.3250,1.0000,8,7,6,63,60,70,66,0.0571
4,56.0000,23,44,720.7115,-83.7960,-0.4690,5,0.1250,1.0000,8,6,6,0,0,6,6,0.0000
4,56.0000,23,46,528.6402,-84.6362,0.3053,13,0.3250,1.0000,8,7,6,0,0,7,6,0.1429
4,56.0000,24,0,316.4453,-80.2129,0.8104,18,0.4500,0.8571,7,7,6,0,0,7,6,0.1429
4,56.0000,24,3,472.9861,-83.8166,0.2930,25,0.6250,0.7143,7,5,1,0,0,5,1,0.8000
4,56.0000,24,6,731.2616,-85.5521,-1.1254,7,0.1750,1.0000,8,4,4,0,0,4,4,0.0000
4,56.0000,24,7,290.4477,-77.5946,-0.5510,38,0.9500,0.1667,6,5,3,0,0,5,3,0.4000
4,56.0000,24,10,777.2455,-89.4387,0.8843,3,0.0750,1.0000,8,8,7,0,0,8,7,0.1250
4,56.0000,24,14,238.1350,-73.3443,-2.2368,32,0.8000,0.2000,5,4,0,0,0,4,0,1.0000
4,56.0000,24,15,643.2984,-85.6226,-0.2455,11,0.2750,0.6250,8,7,6,0,0,7,6,0.1429
4,56.0000,24,22,605.5209,-85.5390,0.2067,9,0.2250,1.0000,8,8,7,0,0,8,7,0.1250
4,56.0000,24,23,408.6994,-81.9073,0.9077,24,0.6000,0.5714,7,8,7,0,0,8,7,0.1250
4,56.0000,24,26,834.5271,-86.5531,-1.6377,3,0.0750,1.0000,8,8,8,0,0,8,8,0.0000
4,56.0000,24,28,881.3738,-87.4493,2.1263,3,0.0750,1.0000,8,6,6,0,0,6,6,0.0000
4,56.0000,24,30,390.9268,-80.2106,-1.1284,17,0.4250,0.7500,8,6,4,0,0,6,4,0.3333
4,56.0000,24,37,581.1920,-84.3048,0.4021,20,0.5000,1.0000,6,8,7,0,0,8,7,0.1250
4,56.0000,24,38,514.7305,-84.7212,1.4709,5,0.1250,1.0000,8,6,3,0,0,6,3,0.5000
4,56.0000,24,41,277.1146,-76.4139,-0.7636,37,0.9250,0.0000,4,6,2,0,0,6,2,0.6667
4,56.0000,24,42,433.7278,-83.2637,0.2486,15,0.3750,1.0000,8,8,7,0,0,8,7,0.1250
4,56.0000,24,43,501.0380,-83.7646,-0.0186,12,0.3000,1.0000,8,8,8,0,0,8,8,0.0000
4,56.0000,24,44,593.9224,-84.3889,0.3163,7,0.1750,0.7143,7,8,8,0,0,8,8,0.0000
4,56.0000,24,46,351.9640,-80.8319,0.0864,36,0.9000,0.8750,8,5,2,0,0,5,2,0.6000
4,56.0000,25,1,217.2844,-76.1172,0.3263,36,0.9000,0.5000,6,6,2,0,0,6,2,0.6667
4,56.0000,25,2,554.8069,-84.0337,0.6418,12,0.3000,0.8571,7,8,7,0,0,8,7,0.1250
4,56.0000,25,5,154.4905,-74.7188,0.5821,32,0.8000,0.5000,4,4,0,0,0,4,0,1.0000
4,56.0000,25,8,577.9099,-83.7076,-0.9993,16,0.4000,0.6667,6,7,6,0,0,7,6,0.1429
4,56.0000,25,9,574.2229,-85.7388,-0.4612,9,0.2250,1.0000,9,6,5,0,0,6,5,0.1667
4,56.0000,25,11,760.2200,-87.2650,-0.1423,8,0.2000,1.0000,8,7,6,0,0,7,6,0.1429
4,56.0000,25,12,440.0409,-80.8308,0.0851,17,0.4250,0.6667,6,8,8,0,0,8,8,0.0000
4,56.0000,25,13,531.0148,-82.8568,-0.0699,18,0.4500,1.0000,8,8,7,0,0,8,7,0.1250
4,56.0000,25,16,771.9559,-85.8126,-1.1459,8,0.2000,1.0000,8,8,7,0,0,8,7,0.1250
4,56.0000,25,17,893.6150,-87.7642,-1.1247,5,0.1250,1.0000,6,4,4,0,0,4,4,0.0000
4,56.0000,25,18,771.5144,-86.5779,0.8067,5,0.1250,1.0000,8,8,8,0,0,8,8,0.0000
4,56.0000,25,19,715.3942,-86.5865,0.1354,6,0.1500,1.0000,8,8,7,0,0,8,7,0.1250
4,56.0000,25,20,587.2371,-85.8505,0.9652,8,0.2000,1.0000,8,8,8,0,0,8,8,0.0000
4,56.0000,25,21,401.9899,-82.2692,-0.5784,26,0.6500,0.8750,8,7,5,0,0,7,5,0.2857
4,56.0000,25,26,883.1232,-86.7419,0.4357,8,0.2000,0.8333,6,6,6,0,0,6,6,0.0000
4,56.0000,25,27,710.0634,-86.3758,0.3801,14,0.3500,0.8571,7,7,4,0,0,7,4,0.4286
4,56.0000,25,28,825.6641,-89.3181,-0.1600,4,0.1000,1.0000,8,8,8,0,0,8,8,0.0000
4,56.0000,25,29,726.0106,-86.6776,-0.6600,7,0.1750,1.0000,8,10,10,0,0,10,10,0.0000
4,56.0000,25,31,861.1167,-87.6152,-0.2763,3,0.0750,1.0000,8,6,6,0,0,6,6,0.0000
4,56.0000,25,32,381.6803,-82.2730,0.5215,20,0.5000,1.0000,8,7,5,0,0,7,5,0.2857
4,56.0000,25,34,396.2381,-82.8858,0.2519,28,0.7000,0.4000,5,5,1,0,0,5,1,0.8000
4,56.0000,25,35,395.0842,-83.1358,-0.5734,25,0.6250,0.2000,5,5,4,0,0,5,4,0.2000
4,56.0000,25,36,478.2701,-84.3488,0.6218,19,0.4750,0.9000,10,7,6,0,0,7,6,0.1429
4,56.0000,25,39,452.7664,-82.9641,0.2150,15,0.3750,1.0000,8,8,8,0,0,8,8,0.0000
4,56.0000,25,45,498.2985,-84.8475,0.1713,10,0.2500,0.6250,8,6,4,0,0,6,4,0.3333
4,56.0000,26,0,744.2336,-87.5302,-0.0247,4,0.0976,1.0000,4,7,6,0,0,7,6,0.1429
4,56.0000,26,1,828.4729,-87.9051,-0.5627,5,0.1220,1.0000,8,5,4,0,0,5,4,0.2000
4,56.0000,26,2,893.8460,-86.3633,-0.3085,4,0.0976,1.0000,8,6,6,0,0,6,6,0.0000
4,56.0000,26,4,771.3675,-86.5397,0.5211,7,0.1707,1.0000,8,8,8,0,0,8,8,0.0000
4,56.0000,26,5,899.4750,-88.1588,0.1272,4,0.0976,0.0000,2,8,8,0,0,8,8,0.0000
4,56.0000,26,8,937.8489,-86.4952,1.1805,5,0.1220,1.0000,6,6,6,0,0,6,6,0.0000
4,56.0000,26,9,534.5910,-81.7679,-1.0003,13,0.3171,0.6667,6,8,6,0,0,8,6,0.2500
4,56.0000,26,10,69.2337,-65.8304,1.4160,38,0.9268,0.0000,4,5,1,0,0,5,1,0.8000
4,56.0000,26,11,390.5477,-81.0163,0.5182,21,0.5122,0.8750,8,8,8,0,0,8,8,0.0000
4,56.0000,26,12,454.7918,-82.4573,0.2734,12,0.2927,0.7143,7,8,8,0,0,8,8,0.0000
4,56.0000,26,13,798.8633,-87.9704,0.7674,5,0.1220,1.0000,6,8,8,0,0,8,8,0.0000
4,56.0000,26,16,516.6549,-82.5318,-0.5616,15,0.3659,0.9000,10,6,5,0,0,6,5,0.1667
4,56.0000,26,17,410.8447,-82.1395,-0.0848,16,0.3902,0.7143,7,7,4,0,0,7,4,0.4286
4,56.0000,26,18,358.9248,-79.4606,-0.2352,22,0.5366,0.5714,7,8,8,0,0,8,8,0.0000
4,56.0000,26,19,275.0577,-73.6871,-2.6661,28,0.6829,0.0000,4,4,0,0,0,4,0,1.0000
4,56.0000,26,20,499.4521,-83.6642,-0.3986,11,0.2683,0.8571,7,7,5,0,0,7,5,0.2857
4,56.0000,26,23,866.4680,-87.9282,0.2641,4,0.0976,1.0000,4,4,4,0,0,4,4,0.0000
4,56.0000,26,25,883.1232,-85.2937,-0.8239,4,0.0976,1.0000,8,8,8,0,0,8,8,0.0000
4,56.0000,26,28,327.0461,-79.1089,-0.5530,22,0.5366,0.2000,5,7,6,0,0,7,6,0.1429
4,56.0000,26,29,490.7857,-82.6748,-0.6128,11,0.2683,0.8750,8,8,7,0,0,8,7,0.1250
4,56.0000,26,30,494.6370,-84.7826,0.7803,9,0.2195,0.8571,7,8,5,0,0,8,5,0.3750
4,56.0000,26,31,107.9047,-73.1685,1.6010,36,0.8780,0.2000,5,6,2,0,0,6,2,0.6667
4,56.0000,26,32,568.0652,-83.7912,0.1349,12,0.2927,0.6667,9,10,10,0,0,10,10,0.0000
4,56.0000,26,33,501.4954,-81.7418,0.8398,11,0.2683,0.8000,5,7,6,0,0,7,6,0.1429
4,56.0000,26,36,940.0072,-87.1205,0.0004,4,0.0976,1.0000,2,6,6,0,0,6,6,0.0000
4,56.0000,26,38,844.5660,-87.5183,0.0633,6,0.1463,0.8000,5,4,4,0,0,4,4,0.0000
4,56.0000,26,39,575.8058,-83.4445,-0.7748,10,0.2439,0.8750,16,8,8,0,0,8,8,0.0000
4,56.0000,26,41,1090.1087,-87.1221,0.3019,3,0.0732,,0,6,6,0,0,6,6,0.0000
4,56.0000,26,43,519.9585,-83.2465,0.1873,9,0.2195,1.0000,8,7,4,0,0,7,4,0.4286
4,56.0000,26,44,321.1042,-79.3818,1.1286,20,0.4878,0.8750,8,8,6,0,0,8,6,0.2500
4,56.0000,26,45,975.9858,-87.5628,0.6059,7,0.1707,0.8000,5,4,4,0,0,4,4,0.0000
4,56.0000,26,47,682.5079,-85.0110,-0.5261,8,0.1951,0.8571,7,8,8,0,0,8,8,0.0000
4,56.0000,27,1,550.4516,-83.1162,-0.6847,10,0.2500,1.0000,8,7,6,0,0,7,6,0.1429
4,56.0000,27,13,512.4826,-83.3718,-0.0844,11,0.2750,0.7143,7,7,6,0,0,7,6,0.1429
4,56.0000,27,21,671.4095,-86.5982,0.4596,5,0.1250,1.0000,8,8,8,0,0,8,8,0.0000
4,56.0000,27,25,710.0634,-85.8410,2.0386,4,0.1000,0.8750,8,8,7,0,0,8,7,0.1250
4,56.0000,27,35,516.9907,-83.1779,0.4252,13,0.3250,0.8571,7,8,8,0,0,8,8,0.0000
4,56.0000,27,36,414.0855,-80.7036,-0.1000,20,0.5000,0.5714,7,8,7,0,0,8,7,0.1250
4,56.0000,27,40,110.5025,-70.3146,-1.0232,37,0.9250,0.0000,4,5,1,0,0,5,1,0.8000
4,56.0000,28,0,676.2800,-86.1083,-0.6976,11,0.2750,1.0000,4,8,8,0,0,8,8,0.0000
4,56.0000,28,1,853.3045,-87.9928,0.8261,4,0.1000,1.0000,4,4,4,0,0,4,4,0.0000
4,56.0000,28,2,658.9173,-86.1560,-0.1624,10,0.2500,0.7500,8,8,7,0,0,8,7,0.1250
4,56.0000,28,4,457.6213,-82.1349,-0.5489,25,0.6250,0.5000,6,8,5,0,0,8,5,0.3750
4,56.0000,28,5,788.4435,-88.1806,0.6022,6,0.1500,1.0000,4,6,5,0,0,6,5,0.1667
4,56.0000,28,7,1165.5912,-88.5854,-0.0122,4,0.1000,1.0000,2,2,2,0,0,2,2,0.0000
4,56.0000,28,8,701.9782,-86.8443,-0.3346,8,0.2000,1.0000,8,6,6,0,0,6,6,0.0000
4,56.0000,28,9,335.2407,-80.5054,0.0695,19,0.4750,0.4000,5,6,3,0,0,6,3,0.5000
4,56.0000,28,10,308.7269,-79.6726,-0.1092,20,0.5000,0.5000,6,6,3,0,0,6,3,0.5000
4,56.0000,28,11,646.2616,-86.3120,-0.0282,9,0.2250,0.9130,69,2,0,0,0,2,0,1.0000
4,56.0000,28,12,479.1037,-85.0690,0.5789,12,0.3000,1.0000,8,7,6,0,0,7,6,0.1429
4,56.0000,28,13,940.9104,-88.0847,-0.0978,5,0.1250,1.0000,6,4,4,0,0,4,4,0.0000
4,56.0000,28,15,927.9575,-87.6293,0.1624,4,0.1000,1.0000,6,2,2,0,0,2,2,0.0000
4,56.0000,28,16,209.2637,-76.2566,0.7366,33,0.8250,0.2000,5,5,1,0,0,5,1,0.8000
4,56.0000,28,17,644.7110,-86.3437,-0.8749,10,0.2500,1.0000,8,6,5,0,0,6,5,0.1667
4,56.0000,28,18,141.2459,-72.0489,-0.1980,36,0.9000,0.0000,4,4,0,0,0,4,0,1.0000
4,56.0000,28,19,138.8956,-75.4517,2.2521,33,0.8250,0.0000,4,5,2,0,0,5,2,0.6000
4,56.0000,28,20,273.3072,-79.6952,0.5279,25,0.6250,0.6667,6,5,1,0,0,5,1,0.8000
4,56.0000,28,22,824.8210,-87.5832,-0.4155,7,0.1750,1.0000,8,6,6,0,0,6,6,0.0000
4,56.0000,28,23,965.5605,-86.9315,-0.6767,5,0.1250,1.0000,4,2,2,0,0,2,2,0.0000
4,56.0000,28,24,881.3738,-86.5477,0.0966,7,0.1750,1.0000,4,8,8,0,0,8,8,0.0000
4,56.0000,28,25,825.6641,-86.5198,-0.1454,7,0.1750,1.0000,8,7,6,0,0,7,6,0.1429
4,56.0000,28,26,327.0461,-79.4193,-0.3151,23,0.5750,0.8750,8,6,3,0,0,6,3,0.5000
4,56.0000,28,29,258.7300,-79.2379,0.6596,26,0.6500,0.5714,7,8,5,0,0,8,5,0.3750
4,56.0000,28,30,611.2711,-85.1539,0.6609,11,0.2750,0.8000,5,7,6,0,0,7,6,0.1429
4,56.0000,28,31,371.9514,-81.6654,0.1960,17,0.4250,0.7500,8,8,6,0,0,8,6,0.2500
4,56.0000,28,32,552.3751,-84.8586,-0.2665,11,0.2750,1.0000,6,7,6,0,0,7,6,0.1429
4,56.0000,28,33,280.8764,-77.4329,-0.5867,31,0.7750,0.5000,6,6,3,0,0,6,3,0.5000
4,56.0000,28,38,691.3917,-86.3562,0.1523,10,0.2500,0.6250,8,8,8,0,0,8,8,0.0000
4,56.0000,28,39,400.6996,-81.9267,-0.4912,20,0.5000,0.6667,6,6,3,0,0,6,3,0.5000
4,56.0000,28,42,754.2300,-85.6418,-0.1275,6,0.1500,0.8000,5,6,6,0,0,6,6,0.0000
4,56.0000,28,43,546.4341,-83.6796,0.3123,12,0.3000,0.8571,7,7,6,0,0,7,6,0.1429
4,56.0000,28,44,295.7918,-78.7492,-0.6142,27,0.6750,0.5000,34,5,1,8,4,13,5,0.6154
4,56.0000,28,45,758.1467,-86.0973,0.4865,8,0.2000,0.8571,7,6,6,0,0,6,6,0.0000
4,56.0000,28,47,371.5559,-79.6717,-0.3528,27,0.6750,0.2000,5,7,3,0,0,7,3,0.5714
4,56.0000,29,0,843.6520,-86.8695,0.0384,3,0.0750,1.0000,2,8,8,0,0,8,8,0.0000
4,56.0000,29,1,795.6627,-87.5331,0.5634,9,0.2250,1.0000,2,4,4,0,0,4,4,0.0000
4,56.0000,29,2,597.0330,-84.2651,-0.3056,15,0.3750,0.8750,8,8,8,0,0,8,8,0.0000
4,56.0000,29,4,513.6212,-84.7659,0.2588,15,0.3750,1.0000,8,8,8,0,0,8,8,0.0000
4,56.0000,29,5,687.9441,-86.6757,-0.5666,11,0.2750,0.5000,6,8,7,0,0,8,7,0.1250
4,56.0000,29,8,642.8067,-85.5389,-0.3919,16,0.4000,1.0000,8,8,8,0,0,8,8,0.0000
4,56.0000,29,9,373.5393,-80.3965,-1.2301,20,0.5000,0.5000,6,7,6,0,0,7,6,0.1429
4,56.0000,29,10,475.3630,-83.6347,1.3950,16,0.4000,1.0000,8,7,6,0,0,7,6,0.1429
4,56.0000,29,11,721.8263,-86.1464,0.0679,11,0.2750,1.0000,6,3,2,0,0,3,2,0.3333
4,56.0000,29,12,494.8746,-83.4414,-0.3197,14,0.3500,1.0000,8,6,4,0,0,6,4,0.3333
4,56.0000,29,13,926.4785,-87.1787,-0.2987,9,0.2250,1.0000,4,6,6,0,0,6,6,0.0000
4,56.0000,29,15,998.0341,-88.7200,0.7304,5,0.1250,,0,2,2,0,0,2,2,0.0000
4,56.0000,29,16,151.7335,-72.4865,-0.3381,35,0.8750,0.0000,4,7,4,0,0,7,4,0.4286
4,56.0000,29,17,815.9175,-87.2545,-0.4951,7,0.1750,1.0000,6,6,6,0,0,6,6,0.0000
4,56.0000,29,18,140.6655,-75.9259,1.8133,28,0.7000,0.0000,4,4,0,0,0,4,0,1.0000
4,56.0000,29,19,250.8008,-79.0439,1.3313,24,0.6000,0.8571,7,8,5,119,71,127,76,0.4016
4,56.0000,29,20,253.7830,-76.4978,-0.4918,26,0.6500,0.4000,5,7,6,0,0,7,6,0.1429
4,56.0000,29,21,1027.3366,-88.1469,-0.0032,5,0.1250,1.0000,6,2,2,0,0,2,2,0.0000
4,56.0000,29,25,726.0106,-85.7612,-0.9147,14,0.3500,1.0000,8,8,8,0,0,8,8,0.0000
4,56.0000,29,26,490.7857,-82.9137,-0.8609,16,0.4000,0.8333,18,7,5,0,0,7,5,0.2857
4,56.0000,29,28,258.7300,-78.4636,0.2415,23,0.5750,0.7953,127,5,1,4,4,9,5,0.4444
4,56.0000,29,30,828.8277,-87.5365,1.5377,4,0.1000,1.0000,6,5,4,0,0,5,4,0.2000
4,56.0000,29,31,551.4100,-84.0628,1.1374,12,0.3000,1.0000,8,6,4,0,0,6,4,0.3333
4,56.0000,29,32,573.4085,-84.7359,-0.2252,13,0.3250,0.8571,7,7,6,0,0,7,6,0.1429
4,56.0000,29,33,482.7463,-85.3371,1.1920,12,0.3000,0.6667,6,8,7,0,0,8,7,0.1250
4,56.0000,29,34,905.0168,-88.2780,0.6557,8,0.2000,1.0000,2,6,6,0,0,6,6,0.0000
4,56.0000,29,36,1005.4517,-88.4952,-0.7161,5,0.1250,1.0000,2,8,8,0,0,8,8,0.0000
4,56.0000,29,38,805.4895,-87.5714,-0.0983,8,0.2000,1.0000,6,8,8,0,0,8,8,0.0000
4,56.0000,29,39,336.1141,-78.0928,-0.9317,27,0.6750,0.2000,5,8,8,0,0,8,8,0.0000
4,56.0000,29,42,914.6193,-88.1391,0.0610,3,0.0750,1.0000,6,2,2,0,0,2,2,0.0000
4,56.0000,29,43,790.5240,-86.6931,-0.6558,5,0.1250,1.0000,6,2,2,0,0,2,2,0.0000
4,56.0000,29,44,484.2412,-85.9392,0.4150,11,0.2750,1.0000,8,7,4,0,0,7,4,0.4286
4,56.0000,29,45,668.8577,-83.8154,-0.1885,11,0.2750,0.7500,8,4,4,0,0,4,4,0.0000
4,56.0000,29,47,355.9292,-79.3895,-0.9854,19,0.4750,0.4000,5,7,5,0,0,7,5,0.2857
4,56.0000,30,0,409.5321,-80.2830,-0.6047,28,0.7000,0.6667,6,7,5,0,0,7,5,0.2857
4,56.0000,30,3,830.5682,-86.7295,0.2933,9,0.2250,1.0000,8,8,8,0,0,8,8,0.0000
4,56.0000,30,4,859.1386,-88.5367,-1.2840,3,0.0750,1.0000,8,8,7,0,0,8,7,0.1250
4,56.0000,30,6,1044.7025,-88.5084,0.9708,4,0.1000,1.0000,6,2,2,0,0,2,2,0.0000
4,56.0000,30,7,665.6587,-86.0834,-0.0827,20,0.5000,1.0000,8,8,8,0,0,8,8,0.0000
4,56.0000,30,9,894.5867,-88.1613,-0.8525,4,0.1000,1.0000,8,8,8,0,0,8,8,0.0000
4,56.0000,30,10,452.9976,-85.0569,-0.2610,9,0.2250,0.8571,7,8,6,0,0,8,6,0.2500
4,56.0000,30,11,821.3143,-86.7107,0.1686,5,0.1250,1.0000,8,4,4,0,0,4,4,0.0000
4,56.0000,30,12,928.5526,-89.4810,-0.0787,3,0.0750,1.0000,2,8,8,0,0,8,8,0.0000
4,56.0000,30,14,429.5029,-81.4446,-0.5207,29,0.7250,1.0000,6,8,8,0,0,8,8,0.0000
4,56.0000,30,15,847.4193,-87.0982,-0.1558,8,0.2000,1.0000,8,4,4,0,0,4,4,0.0000
4,56.0000,30,16,799.9970,-86.8248,-0.7764,4,0.1000,1.0000,8,7,6,0,0,7,6,0.1429
4,56.0000,30,17,706.9765,-87.6883,-0.4934,7,0.1750,1.0000,8,7,6,0,0,7,6,0.1429
4,56.0000,30,18,696.1863,-84.2025,0.2845,9,0.2250,1.0000,8,8,8,0,0,8,8,0.0000
4,56.0000,30,19,671.5274,-85.8949,-2.3438,4,0.1000,1.0000,8,8,7,0,0,8,7,0.1250
4,56.0000,30,22,711.1675,-86.2896,-0.4453,11,0.2750,1.0000,8,7,6,0,0,7,6,0.1429
4,56.0000,30,23,390.4380,-80.0213,-1.4327,35,0.8750,0.5714,7,7,5,0,0,7,5,0.2857
4,56.0000,30,24,390.9268,-80.6225,-0.5633,30,0.7500,0.8571,7,5,2,0,0,5,2,0.6000
4,56.0000,30,26,494.6370,-83.1616,0.2685,8,0.2000,0.8571,7,8,6,0,0,8,6,0.2500
4,56.0000,30,28,611.2711,-86.3300,0.1057,7,0.1750,1.0000,8,8,8,0,0,8,8,0.0000
4,56.0000,30,29,828.8277,-86.9834,-0.7911,3,0.0750,1.0000,8,8,8,0,0,8,8,0.0000
4,56.0000,30,31,523.7441,-83.9562,-0.5707,9,0.2250,0.8571,7,7,6,0,0,7,6,0.1429
4,56.0000,30,33,521.6654,-84.5750,0.1741,11,0.2750,1.0000,8,8,8,0,0,8,8,0.0000
4,56.0000,30,37,906.0273,-86.9604,-0.2638,9,0.2250,1.0000,8,4,4,0,0,4,4,0.0000
4,56.0000,30,38,615.5548,-86.1784,-0.3376,13,0.3250,1.0000,8,8,8,0,0,8,8,0.0000
4,56.0000,30,41,611.8166,-84.5268,-0.4093,23,0.5750,0.3333,6,8,8,0,0,8,8,0.0000
4,56.0000,30,42,550.4126,-84.5160,-0.6524,19,0.4750,1.0000,8,5,4,0,0,5,4,0.2000
4,56.0000,30,43,214.9943,-76.2189,0.2955,29,0.7250,0.0000,4,5,1,0,0,5,1,0.8000
4,56.0000,30,44,350.9658,-79.6388,0.1688,21,0.5250,0.5714,7,6,4,0,0,6,4,0.3333
4,56.0000,30,46,690.1880,-85.5352,-0.0304,14,0.3500,1.0000,8,8,8,0,0,8,8,0.0000
4,56.0000,30,47,816.2621,-88.1637,-0.4498,6,0.1500,1.0000,6,8,8,0,0,8,8,0.0000
4,56.0000,31,1,792.6233,-86.9857,-0.5753,4,0.1000,1.0000,4,5,4,0,0,5,4,0.2000
4,56.0000,31,2,882.2181,-86.7156,0.3183,3,0.0750,1.0000,6,8,7,0,0,8,7,0.1250
4,56.0000,31,4,803.2950,-86.1751,0.9641,4,0.1000,1.0000,8,8,8,0,0,8,8,0.0000
4,56.0000,31,9,521.0865,-83.8527,0.2138,10,0.2500,1.0000,8,8,6,0,0,8,6,0.2500
4,56.0000,31,10,170.0524,-72.7762,-0.6507,30,0.7500,0.2714,70,5,1,0,0,5,1,0.8000
4,56.0000,31,11,349.8297,-79.0666,0.1083,28,0.7000,0.5000,6,3,0,122,103,125,103,0.1760
4,56.0000,31,12,421.9432,-82.4409,0.1324,12,0.3000,0.8889,9,7,6,0,0,7,6,0.1429
4,56.0000,31,13,755.3107,-87.8849,-0.5322,7,0.1750,0.8333,6,3,2,0,0,3,2,0.3333
4,56.0000,31,16,562.5479,-84.0194,0.0241,8,0.2000,0.8571,7,7,6,0,0,7,6,0.1429
4,56.0000,31,17,308.5356,-78.4092,-0.7779,31,0.7750,0.0000,4,7,4,0,0,7,4,0.4286
4,56.0000,31,18,422.8732,-82.9191,0.5898,12,0.3000,1.0000,8,6,4,0,0,6,4,0.3333
4,56.0000,31,19,311.4142,-79.4495,0.3777,19,0.4750,0.7419,31,8,7,2,2,10,9,0.1000
4,56.0000,31,20,510.1092,-84.4388,0.0886,8,0.2000,0.7500,8,6,6,0,0,6,6,0.0000
4,56.0000,31,22,1034.3992,-88.9653,1.2103,3,0.0750,1.0000,2,8,8,0,0,8,8,0.0000
4,56.0000,31,23,871.8354,-87.2572,0.4957,8,0.2000,0.8000,5,4,4,0,0,4,4,0.0000
4,56.0000,31,25,861.1167,-87.0040,0.1876,6,0.1500,1.0000,6,8,8,0,0,8,8,0.0000
4,56.0000,31,26,107.9047,-72.9722,1.4916,29,0.7250,0.4375,16,4,0,0,0,4,0,1.0000
4,56.0000,31,28,371.9514,-82.5626,0.0949,12,0.3000,1.0000,8,7,6,0,0,7,6,0.1429
4,56.0000,31,29,551.4100,-84.9622,0.6593,8,0.2000,0.8571,7,8,8,0,0,8,8,0.0000
4,56.0000,31,30,523.7441,-83.4504,0.7691,7,0.1750,1.0000,8,8,8,0,0,8,8,0.0000
4,56.0000,31,32,520.6586,-83.3176,-0.5002,13,0.3250,0.7143,7,8,7,0,0,8,7,0.1250
4,56.0000,31,33,536.5080,-83.8323,-0.2623,11,0.2750,1.0000,8,8,7,0,0,8,7,0.1250
4,56.0000,31,36,897.3845,-86.8895,1.0163,3,0.0750,1.0000,4,6,6,0,0,6,6,0.0000
4,56.0000,31,39,575.5095,-83.7465,-0.6888,6,0.1500,0.8182,11,8,6,0,0,8,6,0.2500
4,56.0000,31,41,1132.3946,-87.9248,0.2390,3,0.0750,,0,4,4,0,0,4,4,0.0000
4,56.0000,31,43,527.7114,-83.3353,-0.2066,16,0.4000,1.0000,8,7,6,0,0,7,6,0.1429
4,56.0000,31,44,395.4301,-82.6607,0.5806,12,0.3000,0.5000,6,4,2,0,0,4,2,0.5000
4,56.0000,31,45,963.8849,-87.1215,0.3280,5,0.1250,1.0000,4,6,6,0,0,6,6,0.0000
4,56.0000,31,47,739.5432,-86.4432,-0.0446,4,0.1000,1.0000,8,8,8,0,0,8,8,0.0000
4,56.0000,32,1,353.2226,-82.1025,0.9316,22,0.5500,0.8571,7,6,3,0,0,6,3,0.5000
4,56.0000,32,2,531.0574,-85.5469,0.0732,6,0.1500,1.0000,6,8,4,0,0,8,4,0.5000
4,56.0000,32,4,858.3488,-86.5897,0.7295,6,0.1500,1.0000,8,8,8,0,0,8,8,0.0000
4,56.0000,32,5,392.2196,-82.7098,0.1380,18,0.4500,0.6000,5,7,3,0,0,7,3,0.5714
4,56.0000,32,8,565.7870,-84.7348,0.5500,10,0.2500,0.8750,8,6,4,0,0,6,4,0.3333
4,56.0000,32,9,327.9845,-81.0232,-0.4138,14,0.3500,0.8571,7,6,3,0,0,6,3,0.5000
4,56.0000,32,10,620.7064,-85.2532,-0.6660,6,0.1500,0.8571,7,8,8,0,0,8,8,0.0000
4,56.0000,32,11,503.4444,-83.3776,-0.3577,17,0.4250,1.0000,8,8,7,0,0,8,7,0.1250
4,56.0000,32,12,144.5317,-70.6451,-0.3454,35,0.8750,0.2000,5,5,1,1,0,6,1,0.8333
4,56.0000,32,13,507.9853,-82.7457,-0.7955,22,0.5500,0.8333,18,7,6,0,0,7,6,0.1429
4,56.0000,32,16,583.5254,-84.5417,-0.3137,5,0.1250,0.7143,7,8,7,0,0,8,7,0.1250
4,56.0000,32,17,542.1015,-82.9984,0.7883,10,0.2500,0.8571,7,8,8,0,0,8,8,0.0000
4,56.0000,32,18,550.7537,-85.5631,0.2111,5,0.1250,1.0000,8,6,4,0,0,6,4,0.3333
4,56.0000,32,19,442.2886,-81.3625,-0.5289,10,0.2500,0.5714,7,8,7,0,0,8,7,0.1250
4,56.0000,32,20,378.0063,-82.4680,-0.2013,12,0.3000,0.6667,6,8,8,0,0,8,8,0.0000
4,56.0000,32,21,599.2240,-84.1224,0.2492,15,0.3750,1.0000,8,6,4,0,0,6,4,0.3333
4,56.0000,32,25,381.6803,-81.4369,0.2018,20,0.5000,1.0000,6,5,2,0,0,5,2,0.6000
4,56.0000,32,26,568.0652,-83.2298,-0.9468,12,0.3000,1.0000,6,10,9,0,0,10,9,0.1000
4,56.0000,32,27,768.0630,-86.1178,-0.2314,10,0.2500,0.6667,3,6,6,0,0,6,6,0.0000
4,56.0000,32,28,552.3751,-84.4700,-1.0062,3,0.0750,0.8571,7,8,8,0,0,8,8,0.0000
4,56.0000,32,29,573.4085,-83.7343,0.3121,6,0.1500,0.7500,8,8,8,0,0,8,8,0.0000
4,56.0000,32,30,1016.1528,-88.8078,0.2407,4,0.1000,1.0000,8,2,2,0,0,2,2,0.0000
4,56.0000,32,31,520.6586,-84.5434,-0.5835,8,0.2000,0.8571,7,8,7,0,0,8,7,0.1250
4,56.0000,32,34,698.1965,-86.6692,-0.5902,7,0.1750,1.0000,4,8,8,0,0,8,8,0.0000
4,56.0000,32,35,691.2356,-86.2612,0.1862,11,0.2750,1.0000,8,8,8,0,0,8,8,0.0000
4,56.0000,32,36,564.1172,-84.7255,0.3858,15,0.3750,1.0000,8,7,6,0,0,7,6,0.1429
4,56.0000,32,39,299.6346,-80.5741,0.8972,18,0.4500,1.0000,8,8,6,0,0,8,6,0.2500
4,56.0000,32,45,561.9768,-84.8940,0.3415,12,0.3000,1.0000,8,7,6,0,0,7,6,0.1429
4,56.0000,32,47,829.4018,-86.0548,-0.1198,5,0.1250,1.0000,8,4,4,0,0,4,4,0.0000
4,56.0000,33,0,466.4060,-82.1306,-1.0839,18,0.4615,0.7500,8,6,4,0,0,6,4,0.3333
4,56.0000,33,2,793.5082,-87.4459,0.2268,3,0.0769,0.8571,7,6,6,0,0,6,6,0.0000
4,56.0000,33,4,341.2713,-80.3661,-0.3929,21,0.5385,0.8750,8,7,4,0,0,7,4,0.4286
4,56.0000,33,5,1016.6384,-87.6347,1.2905,3,0.0769,,0,8,8,0,0,8,8,0.0000
4,56.0000,33,6,1040.0309,-88.5533,-0.0511,3,0.0769,,0,4,4,0,0,4,4,0.0000
4,56.0000,33,7,1005.4986,-88.3885,0.1424,4,0.1026,1.0000,10,2,2,0,0,2,2,0.0000
4,56.0000,33,8,827.7311,-87.1661,0.4424,7,0.1795,0.8571,7,6,6,0,0,6,6,0.0000
4,56.0000,33,9,522.1403,-83.2126,-0.9719,13,0.3333,0.8571,7,3,2,0,0,3,2,0.3333
4,56.0000,33,10,464.7732,-82.5797,1.0042,15,0.3846,1.0000,8,8,7,0,0,8,7,0.1250
4,56.0000,33,11,868.7526,-88.4620,-0.1664,3,0.0769,1.0000,8,6,6,0,0,6,6,0.0000
4,56.0000,33,12,734.3331,-87.9892,-0.7123,3,0.0769,1.0000,8,7,6,0,0,7,6,0.1429
4,56.0000,33,15,726.8233,-86.3831,-0.2382,11,0.2821,1.0000,6,7,6,0,0,7,6,0.1429
4,56.0000,33,16,377.2641,-82.3842,-0.0608,12,0.3077,0.5000,6,5,2,0,0,5,2,0.6000
4,56.0000,33,17,785.7645,-87.6837,0.4819,3,0.0769,1.0000,6,6,6,0,0,6,6,0.0000
4,56.0000,33,18,395.9007,-81.1335,-0.0286,18,0.4615,0.7143,7,7,6,0,0,7,6,0.1429
4,56.0000,33,19,415.1924,-81.9627,-0.3776,16,0.4103,0.8571,7,8,6,0,0,8,6,0.2500
4,56.0000,33,20,495.2347,-83.8228,0.3644,8,0.2051,0.8571,7,7,6,0,0,7,6,0.1429
4,56.0000,33,22,559.0864,-83.6610,-1.0777,16,0.4103,0.8571,7,8,8,0,0,8,8,0.0000
4,56.0000,33,23,805.9507,-86.2403,-0.4508,9,0.2308,0.8333,6,4,4,0,0,4,4,0.0000
4,56.0000,33,24,727.0163,-86.8102,0.6775,7,0.1795,1.0000,2,7,6,0,0,7,6,0.1429
4,56.0000,33,26,501.4954,-82.4429,-0.1145,11,0.2821,0.8750,8,8,8,0,0,8,8,0.0000
4,56.0000,33,28,280.8764,-78.2623,-0.3231,27,0.6923,0.7500,8,6,4,0,0,6,4,0.3333
4,56.0000,33,29,482.7463,-83.6135,-0.2150,7,0.1795,0.8571,7,8,7,0,0,8,7,0.1250
4,56.0000,33,30,521.6654,-82.8517,-0.0483,17,0.4359,0.7500,8,7,6,0,0,7,6,0.1429
4,56.0000,33,31,536.5080,-83.9203,0.1393,12,0.3077,0.8571,7,8,8,0,0,8,8,0.0000
4,56.0000,33,32,784.1947,-86.7588,-0.4452,4,0.1026,0.8000,5,6,6,0,0,6,6,0.0000
4,56.0000,33,38,473.8627,-82.6717,0.0769,20,0.5128,0.6667,6,8,8,0,0,8,8,0.0000
4,56.0000,33,39,630.9000,-84.0839,-0.2870,8,0.2051,1.0000,8,8,8,0,0,8,8,0.0000
4,56.0000,33,41,943.2688,-87.2133,-0.5933,5,0.1282,1.0000,2,6,6,0,0,6,6,0.0000
4,56.0000,33,42,506.5244,-84.5734,0.2825,13,0.3333,0.7143,7,5,3,0,0,5,3,0.4000
4,56.0000,33,43,393.0430,-80.8583,-0.1152,18,0.4615,0.6250,8,7,4,0,0,7,4,0.4286
4,56.0000,33,44,287.6344,-77.2999,-0.1328,29,0.7436,0.2000,5,8,7,0,0,8,7,0.1250
4,56.0000,33,45,911.7342,-87.7875,0.8765,4,0.1026,1.0000,8,2,2,0,0,2,2,0.0000
4,56.0000,33,47,342.5180,-82.1255,0.6571,20,0.5128,0.5000,6,6,3,0,0,6,3,0.5000
4,56.0000,34,1,600.3347,-85.0418,-0.6993,7,0.1750,1.0000,8,8,8,0,0,8,8,0.0000
4,56.0000,34,2,515.9954,-85.1307,-2.3322,6,0.1500,1.0000,8,7,5,0,0,7,5,0.2857
4,56.0000,34,5,308.8159,-78.9199,-0.3477,20,0.5000,0.5000,6,7,4,0,0,7,4,0.4286
4,56.0000,34,8,510.8796,-84.3800,-0.3508,6,0.1500,0.7143,7,8,7,0,0,8,7,0.1250
4,56.0000,34,21,383.6131,-80.3985,0.2753,21,0.5250,0.6667,6,7,5,0,0,7,5,0.2857
4,56.0000,34,25,396.2381,-81.5628,0.1464,11,0.2750,0.7143,7,6,3,0,0,6,3,0.5000
4,56.0000,34,35,597.9941,-84.6500,-0.4366,12,0.3000,0.7143,7,6,3,0,0,6,3,0.5000
4,56.0000,34,45,393.9985,-82.3337,0.0815,12,0.3000,0.8571,7,6,3,0,0,6,3,0.5000
4,56.0000,35,1,348.4175,-79.8739,-0.2137,23,0.5750,0.8750,8,6,3,0,0,6,3,0.5000
4,56.0000,35,5,521.5995,-84.2992,1.0905,9,0.2250,0.8571,7,8,8,0,0,8,8,0.0000
4,56.0000,35,12,737.7364,-86.2879,-1.5102,4,0.1000,1.0000,8,8,8,0,0,8,8,0.0000
4,56.0000,35,13,511.2616,-82.6195,0.6920,14,0.3500,0.4000,5,8,6,0,0,8,6,0.2500
4,56.0000,35,21,513.0376,-83.8268,0.9682,14,0.3500,0.6667,6,7,5,0,0,7,5,0.2857
4,56.0000,35,25,395.0842,-82.5828,1.4127,12,0.3000,0.7143,7,8,8,0,0,8,8,0.0000
4,56.0000,35,27,516.9907,-83.2701,-0.1554,19,0.4750,0.7143,7,7,5,0,0,7,5,0.2857
4,56.0000,35,32,691.2356,-86.1679,-0.7023,3,0.0750,1.0000,8,8,8,0,0,8,8,0.0000
4,56.0000,35,34,597.9941,-86.9094,-0.1324,5,0.1250,1.0000,8,8,7,0,0,8,7,0.1250
4,56.0000,35,36,356.6347,-80.8080,-0.4359,25,0.6250,0.7143,7,8,7,0,0,8,7,0.1250
4,56.0000,35,39,838.6284,-87.7779,-0.0404,3,0.0750,1.0000,8,8,8,0,0,8,8,0.0000
4,56.0000,35,40,603.9323,-84.0941,-0.6280,18,0.4500,0.8571,7,8,8,0,0,8,8,0.0000
4,56.0000,36,1,275.0100,-79.8523,0.5305,19,0.4750,0.4000,5,4,0,0,0,4,0,1.0000
4,56.0000,36,11,627.0091,-83.7787,-1.7313,3,0.0750,0.8889,9,8,8,0,0,8,8,0.0000
4,56.0000,36,13,169.2029,-73.7978,0.5724,33,0.8250,0.0000,10,5,2,0,0,5,2,0.6000
4,56.0000,36,21,685.3200,-85.1771,-0.2299,3,0.0750,0.8571,7,8,8,0,0,8,8,0.0000
4,56.0000,36,25,478.2701,-83.2551,-0.4793,9,0.2250,0.7143,7,8,8,0,0,8,8,0.0000
4,56.0000,36,27,414.0855,-81.3952,-0.7800,27,0.6750,0.5714,7,7,6,0,0,7,6,0.1429
4,56.0000,36,32,564.1172,-85.4770,-0.4978,3,0.0750,1.0000,8,7,6,0,0,7,6,0.1429
4,56.0000,36,35,356.6347,-79.9184,-0.6532,28,0.7000,0.5000,6,4,0,0,0,4,0,1.0000
4,56.0000,36,40,523.3182,-83.1620,-0.2602,25,0.6250,0.6667,6,7,6,0,0,7,6,0.1429
4,56.0000,37,0,541.2173,-84.1111,-0.1262,10,0.2500,0.8750,8,8,8,0,0,8,8,0.0000
4,56.0000,37,3,243.8042,-76.3827,0.3707,36,0.9000,0.0000,4,5,2,0,0,5,2,0.6000
4,56.0000,37,6,161.8377,-73.5550,0.0434,39,0.9750,0.0000,4,5,1,0,0,5,1,0.8000
4,56.0000,37,7,542.4516,-84.0924,0.2315,21,0.5250,0.7143,7,8,7,0,0,8,7,0.1250
4,56.0000,37,14,778.9717,-85.3773,-1.2536,10,0.2500,1.0000,8,6,6,0,0,6,6,0.0000
4,56.0000,37,15,328.4963,-78.7574,-0.8169,36,0.9000,0.5000,6,6,2,0,0,6,2,0.6667
4,56.0000,37,22,504.3568,-83.8255,0.4331,13,0.3250,0.8571,7,8,6,0,0,8,6,0.2500
4,56.0000,37,23,893.2142,-87.2786,1.0360,3,0.0750,1.0000,8,8,8,0,0,8,8,0.0000
4,56.0000,37,24,581.1920,-83.7829,0.5567,13,0.3250,0.5000,4,8,8,0,0,8,8,0.0000
4,56.0000,37,30,906.0273,-87.1403,0.8868,4,0.1000,1.0000,8,8,8,0,0,8,8,0.0000
4,56.0000,37,38,489.2563,-82.9780,-0.0666,14,0.3500,0.8889,9,5,4,0,0,5,4,0.2000
4,56.0000,37,41,558.7592,-83.1426,-0.4294,18,0.4500,0.6667,6,8,8,0,0,8,8,0.0000
4,56.0000,37,42,481.4967,-81.8174,-0.0536,19,0.4750,0.8571,7,8,7,0,0,8,7,0.1250
4,56.0000,37,46,652.1081,-85.6348,0.0527,13,0.3250,1.0000,8,7,6,0,0,7,6,0.1429
4,56.0000,38,0,231.1055,-78.8119,1.4499,23,0.5750,0.3333,6,5,1,0,0,5,1,0.8000
4,56.0000,38,3,583.4528,-85.7196,0.0159,15,0.3750,1.0000,4,8,7,0,0,8,7,0.1250
4,56.0000,38,4,598.0857,-83.8395,-1.2423,6,0.1500,0.7143,7,8,8,0,0,8,8,0.0000
4,56.0000,38,6,566.2554,-84.5005,-0.5253,19,0.4750,0.8750,8,6,4,0,0,6,4,0.3333
4,56.0000,38,7,707.1468,-86.8118,0.6172,6,0.1500,1.0000,6,8,8,0,0,8,8,0.0000
4,56.0000,38,14,740.4019,-86.9674,0.7120,5,0.1250,1.0000,8,8,8,0,0,8,8,0.0000
4,56.0000,38,15,266.1377,-79.1345,0.3797,32,0.8000,0.5714,7,4,0,0,0,4,0,1.0000
4,56.0000,38,18,747.9020,-86.0280,-0.8655,4,0.1000,1.0000,8,8,8,0,0,8,8,0.0000
4,56.0000,38,19,820.2486,-85.7553,-0.4312,3,0.0750,1.0000,8,8,8,0,0,8,8,0.0000
4,56.0000,38,22,247.1559,-77.3604,-0.0589,35,0.8750,0.2000,5,4,0,0,0,4,0,1.0000
4,56.0000,38,23,772.5502,-87.6400,0.0062,5,0.1250,0.8571,7,7,6,0,0,7,6,0.1429
4,56.0000,38,24,514.7305,-83.8134,0.4651,10,0.2500,1.0000,8,7,6,0,0,7,6,0.1429
4,56.0000,38,26,844.5660,-89.1117,-0.3502,3,0.0750,1.0000,8,8,8,0,0,8,8,0.0000
4,56.0000,38,28,691.3917,-85.7803,0.2623,6,0.1500,1.0000,8,5,4,0,0,5,4,0.2000
4,56.0000,38,30,615.5548,-84.3315,-0.3926,6,0.1500,1.0000,8,8,8,0,0,8,8,0.0000
4,56.0000,38,33,473.8627,-82.1638,-0.9984,10,0.2500,1.0000,8,7,6,0,0,7,6,0.1429
4,56.0000,38,37,489.2563,-82.9081,-0.0723,20,0.5000,0.7143,7,6,3,0,0,6,3,0.5000
4,56.0000,38,41,674.8776,-86.4906,-0.0172,9,0.2250,0.8571,7,7,6,0,0,7,6,0.1429
4,56.0000,38,42,187.9730,-76.6245,1.0354,32,0.8000,0.4000,5,5,1,0,0,5,1,0.8000
4,56.0000,38,43,569.7149,-82.7111,0.5024,6,0.1500,0.6667,6,6,4,0,0,6,4,0.3333
4,56.0000,38,44,524.3414,-83.7587,-0.2664,8,0.2000,0.7143,7,8,7,0,0,8,7,0.1250
4,56.0000,38,46,809.1382,-87.4245,0.0135,6,0.1500,1.0000,4,7,6,0,0,7,6,0.1429
4,56.0000,38,47,560.0904,-84.7077,0.2520,7,0.1750,1.0000,8,6,4,0,0,6,4,0.3333
4,56.0000,39,1,542.4717,-85.6011,0.4965,19,0.4634,1.0000,8,8,7,0,0,8,7,0.1250
4,56.0000,39,2,350.9251,-80.9757,-0.2373,31,0.7561,0.4286,7,6,4,0,0,6,4,0.3333
4,56.0000,39,4,622.2508,-85.3149,0.0933,15,0.3659,1.0000,8,7,5,0,0,7,5,0.2857
4,56.0000,39,5,391.0422,-83.1069,1.3589,23,0.5610,1.0000,8,5,1,0,0,5,1,0.8000
4,56.0000,39,8,397.5134,-81.0702,-0.1938,30,0.7317,0.7143,7,6,3,0,0,6,3,0.5000
4,56.0000,39,9,159.7823,-73.7513,0.6124,36,0.8780,0.2000,5,5,1,0,0,5,1,0.8000
4,56.0000,39,10,599.6317,-85.1773,0.2296,13,0.3171,1.0000,8,8,8,0,0,8,8,0.0000
4,56.0000,39,11,671.9365,-86.9667,1.0043,12,0.2927,0.8000,5,3,1,0,0,3,1,0.6667
4,56.0000,39,12,301.5741,-80.3362,1.3292,28,0.6829,0.8750,8,6,3,0,0,6,3,0.5000
4,56.0000,39,13,744.8370,-87.9328,0.0822,14,0.3415,0.7500,4,8,8,0,0,8,8,0.0000
4,56.0000,39,16,332.6559,-76.8564,-1.0644,29,0.7073,0.4000,5,7,5,0,0,7,5,0.2857
4,56.0000,39,17,729.1619,-86.1461,0.0366,12,0.2927,1.0000,8,4,4,0,0,4,4,0.0000
4,56.0000,39,18,370.0107,-81.7706,-0.2485,23,0.5610,0.4000,5,7,6,0,0,7,6,0.1429
4,56.0000,39,19,329.1362,-79.5955,0.0089,20,0.4878,0.7143,7,7,5,0,0,7,5,0.2857
4,56.0000,39,20,136.7757,-70.7282,-0.7389,38,0.9268,0.3333,6,5,1,0,0,5,1,0.8000
4,56.0000,39,21,701.3493,-86.0672,-0.1785,16,0.3902,1.0000,8,2,2,0,0,2,2,0.0000
4,56.0000,39,25,452.7664,-83.7852,0.1242,19,0.4634,0.5714,7,5,2,0,0,5,2,0.6000
4,56.0000,39,26,575.8058,-84.5511,-0.1667,18,0.4390,1.0000,8,7,6,0,0,7,6,0.1429
4,56.0000,39,27,1036.1081,-88.3827,0.1483,8,0.1951,0.7500,4,2,2,0,0,2,2,0.0000
4,56.0000,39,28,400.6996,-81.2808,-0.1246,21,0.5122,1.0000,8,6,3,0,0,6,3,0.5000
4,56.0000,39,29,336.1141,-79.0690,0.0352,28,0.6829,0.5714,7,7,5,0,0,7,5,0.2857
4,56.0000,39,31,575.5095,-85.2688,-0.3396,15,0.3659,0.8571,7,8,8,0,0,8,8,0.0000
4,56.0000,39,32,299.6346,-80.4220,1.2688,24,0.5854,0.5556,9,4,2,0,0,4,2,0.5000
4,56.0000,39,33,630.9000,-84.7177,-0.1770,11,0.2683,0.8571,7,7,6,0,0,7,6,0.1429
4,56.0000,39,34,645.4442,-86.3730,0.7212,17,0.4146,1.0000,2,5,2,0,0,5,2,0.6000
4,56.0000,39,35,838.6284,-88.1458,0.2910,11,0.2683,1.0000,2,8,8,0,0,8,8,0.0000
4,56.0000,39,36,791.1021,-87.4951,-0.1444,6,0.1463,1.0000,2,8,6,0,0,8,6,0.2500
4,56.0000,39,38,1055.6434,-87.5412,3.1577,4,0.0976,1.0000,2,4,4,0,0,4,4,0.0000
4,56.0000,39,43,909.0306,-86.8567,0.4510,9,0.2195,1.0000,6,6,6,0,0,6,6,0.0000
4,56.0000,39,44,690.5271,-86.6055,0.3403,12,0.2927,1.0000,16,8,8,0,0,8,8,0.0000
4,56.0000,39,45,409.2384,-81.6622,-0.0523,26,0.6341,0.2000,5,7,4,0,0,7,4,0.4286
4,56.0000,39,47,572.4302,-83.9371,-0.8784,19,0.4634,1.0000,8,8,7,0,0,8,7,0.1250
4,56.0000,40,1,655.6317,-84.6116,-0.8267,6,0.1500,0.7143,7,8,7,0,0,8,7,0.1250
4,56.0000,40,13,618.2181,-84.5770,-0.3535,11,0.2750,1.0000,8,8,8,0,0,8,8,0.0000
4,56.0000,40,21,724.0692,-86.1909,-1.9545,4,0.1000,1.0000,8,8,8,0,0,8,8,0.0000
4,56.0000,40,27,110.5025,-69.6334,0.0664,38,0.9500,0.1047,86,4,1,81,9,85,10,0.8824
4,56.0000,40,35,603.9323,-83.9145,-0.2693,16,0.4000,1.0000,8,8,8,0,0,8,8,0.0000
4,56.0000,40,36,523.3182,-82.9530,-0.1961,22,0.5500,0.6667,6,7,5,0,0,7,5,0.2857
4,56.0000,41,0,505.2181,-81.9682,0.6098,8,0.2000,0.8750,8,8,8,0,0,8,8,0.0000
4,56.0000,41,3,350.9374,-80.9963,0.2861,23,0.5750,0.5000,6,5,2,0,0,5,2,0.6000
4,56.0000,41,6,717.8214,-85.4591,-0.3772,12,0.3000,0.4286,7,8,7,0,0,8,7,0.1250
4,56.0000,41,7,188.7671,-74.7935,0.1294,38,0.9500,0.4000,5,5,1,0,0,5,1,0.8000
4,56.0000,41,14,361.5864,-79.0888,-0.8430,34,0.8500,0.6667,6,7,6,0,0,7,6,0.1429
4,56.0000,41,15,739.9911,-86.3573,-1.5769,6,0.1500,1.0000,8,6,4,0,0,6,4,0.3333
4,56.0000,41,22,681.4592,-85.6084,1.3259,5,0.1250,0.8571,7,7,6,0,0,7,6,0.1429
4,56.0000,41,23,424.2200,-81.8771,0.2107,20,0.5000,0.7143,7,8,4,0,0,8,4,0.5000
4,56.0000,41,24,277.1146,-76.1268,-0.5535,35,0.8750,0.2000,5,6,4,0,0,6,4,0.3333
4,56.0000,41,30,611.8166,-82.6847,-1.1179,6,0.1500,1.0000,6,9,8,0,0,9,8,0.1111
4,56.0000,41,37,558.7592,-83.2277,0.1998,17,0.4250,1.0000,8,7,6,0,0,7,6,0.1429
4,56.0000,41,38,674.8776,-86.7005,-1.7251,4,0.1000,1.0000,8,5,2,0,0,5,2,0.6000
4,56.0000,41,42,549.1687,-84.2425,-0.0851,13,0.3250,0.7143,7,8,8,0,0,8,8,0.0000
4,56.0000,41,43,685.3085,-84.0981,-0.1133,3,0.0750,1.0000,8,8,8,0,0,8,8,0.0000
4,56.0000,41,44,853.7840,-85.6278,-0.7055,3,0.0750,1.0000,8,6,6,0,0,6,6,0.0000
4,56.0000,41,46,201.1166,-77.9641,0.7427,37,0.9250,0.0000,4,4,0,0,0,4,0,1.0000
4,56.0000,42,0,164.9097,-76.2925,0.5797,26,0.6500,0.3333,6,4,0,0,0,4,0,1.0000
4,56.0000,42,3,500.3694,-83.6517,0.1397,20,0.5000,0.8750,8,7,5,0,0,7,5,0.2857
4,56.0000,42,6,595.5851,-83.1271,-0.2625,18,0.4500,0.6667,6,8,7,0,0,8,7,0.1250
4,56.0000,42,7,625.7444,-84.5163,-0.8279,12,0.3000,0.8750,8,8,6,0,0,8,6,0.2500
4,56.0000,42,14,667.0133,-85.1218,-0.2017,12,0.3000,1.0000,8,8,7,0,0,8,7,0.1250
4,56.0000,42,15,373.7934,-81.0843,0.5772,26,0.6500,0.7143,7,7,6,0,0,7,6,0.1429
4,56.0000,42,22,178.6618,-75.7202,0.9775,35,0.8750,0.3333,6,4,0,0,0,4,0,1.0000
4,56.0000,42,23,624.4620,-84.6896,0.0358,9,0.2250,0.6667,6,8,7,0,0,8,7,0.1250
4,56.0000,42,24,433.7278,-82.7584,0.0821,18,0.4500,0.8750,8,6,2,0,0,6,2,0.6667
4,56.0000,42,30,550.4126,-83.0504,-0.0851,12,0.3000,0.8750,8,8,7,0,0,8,7,0.1250
4,56.0000,42,33,506.5244,-84.6441,0.9104,3,0.0750,0.8182,11,7,6,0,0,7,6,0.1429
4,56.0000,42,37,481.4967,-82.5424,-0.4022,23,0.5750,0.6667,6,7,5,0,0,7,5,0.2857
4,56.0000,42,38,187.9730,-77.1266,1.0018,30,0.7500,0.2000,5,5,2,0,0,5,2,0.6000
4,56.0000,42,41,549.1687,-83.8292,-0.2796,18,0.4500,1.0000,8,7,6,0,0,7,6,0.1429
4,56.0000,42,43,484.8395,-83.8859,0.5270,9,0.2250,1.0000,10,6,6,0,0,6,6,0.0000
4,56.0000,42,44,562.0853,-83.7065,0.4581,6,0.1500,1.0000,18,8,8,4,4,12,12,0.0000
4,56.0000,42,46,712.5135,-86.8248,0.3616,9,0.2250,1.0000,8,7,6,0,0,7,6,0.1429
4,56.0000,43,0,393.0864,-80.5396,0.0633,21,0.5250,0.8571,7,9,7,0,0,9,7,0.2222
4,56.0000,43,4,718.1311,-86.1303,-0.4679,3,0.0750,1.0000,8,8,8,0,0,8,8,0.0000
4,56.0000,43,7,778.8847,-86.8326,-0.8321,6,0.1500,1.0000,8,8,8,0,0,8,8,0.0000
4,56.0000,43,10,487.3173,-83.2317,0.8441,10,0.2500,0.8571,7,8,8,0,0,8,8,0.0000
4,56.0000,43,14,603.2230,-83.2511,-0.4237,12,0.3000,1.0000,8,6,4,0,0,6,4,0.3333
4,56.0000,43,17,699.1890,-85.4910,-0.0616,6,0.1500,1.0000,8,4,4,0,0,4,4,0.0000
4,56.0000,43,18,662.8639,-84.1093,2.3644,4,0.1000,0.8571,7,8,8,0,0,8,8,0.0000
4,56.0000,43,22,610.5207,-85.1020,-0.0758,11,0.2750,1.0000,8,8,7,0,0,8,7,0.1250
4,56.0000,43,23,432.2144,-81.6923,-0.0688,26,0.6500,0.6667,6,7,5,0,0,7,5,0.2857
4,56.0000,43,24,501.0380,-83.9103,-0.2679,11,0.2750,0.8750,8,7,6,0,0,7,6,0.1429
4,56.0000,43,26,519.9585,-82.9034,-1.0711,8,0.2000,1.0000,8,8,8,0,0,8,8,0.0000
4,56.0000,43,28,546.4341,-83.7808,0.0041,5,0.1250,1.0000,8,8,8,0,0,8,8,0.0000
4,56.0000,43,30,214.9943,-76.0979,0.5991,31,0.7750,0.5000,6,6,3,0,0,6,3,0.5000
4,56.0000,43,31,527.7114,-82.6038,-0.8372,11,0.2750,1.0000,8,7,5,0,0,7,5,0.2857
4,56.0000,43,33,393.0430,-80.4489,0.3803,11,0.2750,0.7500,8,8,7,12,12,20,19,0.0500
4,56.0000,43,38,569.7149,-84.6903,0.9582,9,0.2250,0.7143,7,7,6,0,0,7,6,0.1429
4,56.0000,43,41,685.3085,-85.2690,0.2428,10,0.2500,1.0000,6,8,7,0,0,8,7,0.1250
4,56.0000,43,42,484.8395,-82.8973,0.2674,12,0.3000,0.8750,8,8,7,0,0,8,7,0.1250
4,56.0000,43,44,355.4469,-80.7472,-0.5909,13,0.3250,0.7143,7,7,6,0,0,7,6,0.1429
4,56.0000,43,46,811.0730,-86.9854,-1.4046,4,0.1000,1.0000,4,6,6,0,0,6,6,0.0000
4,56.0000,44,0,440.0572,-81.0169,-0.9917,19,0.4750,0.7143,7,7,6,0,0,7,6,0.1429
4,56.0000,44,2,950.3268,-88.3765,-0.7694,7,0.1750,1.0000,8,7,6,0,0,7,6,0.1429
4,56.0000,44,3,961.0442,-87.8715,-0.1378,9,0.2250,,0,6,6,0,0,6,6,0.0000
4,56.0000,44,4,595.6149,-85.3233,0.5892,11,0.2750,1.0000,8,7,6,0,0,7,6,0.1429
4,56.0000,44,5,1071.0355,-87.5945,0.4505,3,0.0750,,0,8,8,0,0,8,8,0.0000
4,56.0000,44,6,1047.3138,-88.1128,0.4863,4,0.1000,1.0000,2,2,2,0,0,2,2,0.0000
4,56.0000,44,7,877.3303,-87.7126,-0.4715,8,0.2000,1.0000,8,6,6,0,0,6,6,0.0000
4,56.0000,44,9,622.3175,-86.0689,-0.2916,13,0.3250,1.0000,8,8,8,0,0,8,8,0.0000
4,56.0000,44,10,258.9839,-79.6288,1.1904,21,0.5250,0.7500,8,4,0,0,0,4,0,1.0000
4,56.0000,44,11,710.1593,-87.7091,0.4533,6,0.1500,1.0000,4,4,4,0,0,4,4,0.0000
4,56.0000,44,12,699.2907,-86.2765,-0.9027,5,0.1250,1.0000,6,8,7,0,0,8,7,0.1250
4,56.0000,44,15,768.4199,-86.6552,-0.1848,11,0.2750,1.0000,4,2,2,0,0,2,2,0.0000
4,56.0000,44,16,464.3584,-83.1154,-0.1945,14,0.3500,1.0000,8,8,6,0,0,8,6,0.2500
4,56.0000,44,17,684.8381,-86.7084,0.1632,10,0.2500,1.0000,6,6,4,0,0,6,4,0.3333
4,56.0000,44,18,360.0054,-80.8687,-0.6201,19,0.4750,0.8750,8,6,4,0,0,6,4,0.3333
4,56.0000,44,19,375.9288,-82.6532,0.6618,14,0.3500,1.0000,8,6,3,0,0,6,3,0.5000
4,56.0000,44,20,568.1641,-85.1402,0.1062,10,0.2500,1.0000,8,7,5,0,0,7,5,0.2857
4,56.0000,44,22,684.6205,-85.8737,-0.3650,11,0.2750,0.8750,8,8,8,0,0,8,8,0.0000
4,56.0000,44,23,720.7115,-85.4649,-0.0711,14,0.3500,1.0000,8,4,4,0,0,4,4,0.0000
4,56.0000,44,24,593.9224,-85.4501,-1.2413,14,0.3500,0.5714,7,6,6,0,0,6,6,0.0000
4,56.0000,44,26,321.1042,-81.1986,2.6633,16,0.4000,0.8571,7,4,0,0,0,4,0,1.0000
4,56.0000,44,28,295.7918,-79.4841,-0.1567,19,0.4750,0.3333,6,7,6,0,0,7,6,0.1429
4,56.0000,44,29,484.2412,-84.3860,0.7052,10,0.2500,1.0000,8,8,8,0,0,8,8,0.0000
4,56.0000,44,30,350.9658,-80.3328,0.0834,22,0.5500,0.7143,7,5,2,0,0,5,2,0.6000
4,56.0000,44,31,395.4301,-82.3387,-0.0881,15,0.3750,0.8571,7,7,5,0,0,7,5,0.2857
4,56.0000,44,32,794.1369,-87.7718,0.0731,5,0.1250,0.8000,5,6,6,0,0,6,6,0.0000
4,56.0000,44,33,287.6344,-78.4552,-0.8997,27,0.6750,0.0000,4,6,2,0,0,6,2,0.6667
4,56.0000,44,38,524.3414,-82.2836,-1.0487,18,0.4500,0.7500,8,7,6,0,0,7,6,0.1429
4,56.0000,44,39,690.5271,-86.8557,-0.5454,5,0.1250,0.8750,8,8,8,0,0,8,8,0.0000
4,56.0000,44,41,853.7840,-88.4956,-0.8105,4,0.1000,1.0000,8,8,8,0,0,8,8,0.0000
4,56.0000,44,42,562.0853,-84.0801,-0.3255,17,0.4250,0.8571,7,6,6,0,0,6,6,0.0000
4,56.0000,44,43,355.4469,-81.2858,0.4082,18,0.4500,0.8571,7,8,6,0,0,8,6,0.2500
4,56.0000,44,46,939.2972,-88.4250,0.1144,8,0.2000,1.0000,2,4,4,0,0,4,4,0.0000
4,56.0000,44,47,500.9435,-83.8352,0.8109,12,0.3000,0.8750,8,8,6,0,0,8,6,0.2500
4,56.0000,45,1,682.2904,-85.8090,0.9842,9,0.2250,1.0000,10,6,4,0,0,6,4,0.3333
4,56.0000,45,2,127.3123,-68.8465,-0.8702,37,0.9250,0.0000,4,6,2,0,0,6,2,0.6667
4,56.0000,45,4,756.0110,-85.9908,-0.7888,9,0.2250,1.0000,8,8,8,0,0,8,8,0.0000
4,56.0000,45,5,345.3325,-81.3767,0.2122,20,0.5000,0.5000,6,7,4,0,0,7,4,0.4286
4,56.0000,45,8,118.2387,-69.4457,0.1220,38,0.9500,0.0000,4,6,2,0,0,6,2,0.6667
4,56.0000,45,9,457.6809,-82.9268,-0.6937,11,0.2750,0.8750,8,8,8,0,0,8,8,0.0000
4,56.0000,45,12,645.4741,-86.0192,0.8544,7,0.1750,1.0000,8,8,7,0,0,8,7,0.1250
4,56.0000,45,16,627.2105,-85.7395,-0.1424,10,0.2500,0.8571,7,7,6,0,0,7,6,0.1429
4,56.0000,45,18,741.7140,-87.0569,-1.3843,6,0.1500,1.0000,8,8,8,0,0,8,8,0.0000
4,56.0000,45,19,724.2821,-87.4639,0.3025,3,0.0750,0.8750,8,8,8,0,0,8,8,0.0000
4,56.0000,45,20,494.4536,-82.3114,0.1642,14,0.3500,0.8571,7,8,8,0,0,8,8,0.0000
4,56.0000,45,21,526.8580,-84.4878,0.2072,18,0.4500,0.8571,7,7,5,0,0,7,5,0.2857
4,56.0000,45,25,498.2985,-82.7191,0.1161,14,0.3500,1.0000,8,8,8,0,0,8,8,0.0000
4,56.0000,45,28,758.1467,-86.9455,0.6396,6,0.1500,1.0000,8,8,8,0,0,8,8,0.0000
4,56.0000,45,29,668.8577,-83.8975,-1.1551,5,0.1250,0.8889,9,7,6,0,0,7,6,0.1429
4,56.0000,45,31,963.8849,-87.7187,0.1511,3,0.0750,1.0000,8,8,8,0,0,8,8,0.0000
4,56.0000,45,32,561.9768,-84.6526,0.1764,10,0.2500,1.0000,6,8,8,0,0,8,8,0.0000
4,56.0000,45,34,393.9985,-83.1637,1.0201,19,0.4750,1.0000,8,5,1,0,0,5,1,0.8000
4,56.0000,45,35,853.9555,-86.7248,-0.4608,5,0.1250,1.0000,6,8,7,0,0,8,7,0.1250
4,56.0000,45,36,955.7869,-87.6167,1.4615,3,0.0750,,0,8,8,0,0,8,8,0.0000
4,56.0000,45,39,409.2384,-80.3779,-0.1650,16,0.4000,1.0000,8,8,7,0,0,8,7,0.1250
4,56.0000,45,44,1052.8992,-88.8640,-0.6381,4,0.1000,1.0000,4,4,4,0,0,4,4,0.0000
4,56.0000,45,47,778.9170,-85.5885,-1.2514,7,0.1750,1.0000,8,8,8,0,0,8,8,0.0000
4,56.0000,46,0,641.9510,-85.7265,-0.3783,4,0.1000,1.0000,8,8,8,0,0,8,8,0.0000
4,56.0000,46,3,456.6875,-83.2113,0.4509,19,0.4750,1.0000,8,6,3,0,0,6,3,0.5000
4,56.0000,46,6,798.3477,-86.8043,0.7103,10,0.2500,0.8571,7,6,6,0,0,6,6,0.0000
4,56.0000,46,7,122.0721,-73.2157,0.6698,37,0.9250,0.0000,4,4,0,0,0,4,0,1.0000
4,56.0000,46,14,317.0523,-79.7592,0.1129,26,0.6500,0.7143,7,6,3,0,0,6,3,0.5000
4,56.0000,46,15,854.9353,-86.6609,1.9763,5,0.1250,1.0000,8,8,8,0,0,8,8,0.0000
4,56.0000,46,22,855.0930,-87.1848,-0.4800,4,0.1000,1.0000,6,8,8,0,0,8,8,0.0000
4,56.0000,46,23,528.6402,-84.6775,-0.0752,17,0.4250,0.8571,7,7,4,0,0,7,4,0.4286
4,56.0000,46,24,351.9640,-80.3239,0.2084,23,0.5750,0.6667,6,7,4,0,0,7,4,0.4286
4,56.0000,46,30,690.1880,-85.6129,-0.2628,9,0.2250,1.0000,8,5,4,0,0,5,4,0.2000
4,56.0000,46,33,1074.9557,-88.0817,-0.2152,3,0.0750,1.0000,6,8,8,0,0,8,8,0.0000
4,56.0000,46,37,652.1081,-85.6843,-0.4154,16,0.4000,0.8750,8,8,8,0,0,8,8,0.0000
4,56.0000,46,38,809.1382,-87.2604,2.0128,3,0.0750,1.0000,8,8,7,0,0,8,7,0.1250
4,56.0000,46,41,201.1166,-77.4664,0.5358,33,0.8250,0.3333,6,4,0,0,0,4,0,1.0000
4,56.0000,46,42,712.5135,-87.1601,-0.3553,5,0.1250,0.8750,8,8,8,0,0,8,8,0.0000
4,56.0000,47,0,671.1943,-88.6746,4.4495,3,0.0769,1.0000,4,8,8,0,0,8,8,0.0000
4,56.0000,47,2,676.8913,-84.9758,-1.1071,9,0.2308,0.8750,8,7,6,0,0,7,6,0.1429
4,56.0000,47,4,219.8839,-76.6500,0.3336,33,0.8462,0.2000,5,5,3,0,0,5,3,0.4000
4,56.0000,47,8,710.1713,-85.4401,-0.8127,5,0.1282,0.6667,6,6,6,0,0,6,6,0.0000
4,56.0000,47,9,527.2183,-81.9306,-1.8677,10,0.2564,0.8750,8,8,8,0,0,8,8,0.0000
4,56.0000,47,10,646.1578,-84.7829,3.4968,5,0.1282,1.0000,8,8,8,0,0,8,8,0.0000
4,56.0000,47,12,783.7623,-88.3714,0.7571,3,0.0769,1.0000,8,8,8,0,0,8,8,0.0000
4,56.0000,47,14,1121.0627,-88.6993,0.9070,3,0.0769,1.0000,4,4,4,0,0,4,4,0.0000
4,56.0000,47,15,731.4641,-86.7650,1.8969,5,0.1282,1.0000,2,7,6,0,0,7,6,0.1429
4,56.0000,47,16,255.1690,-78.0632,0.8313,19,0.4872,0.6667,6,7,3,0,0,7,3,0.5714
4,56.0000,47,18,380.5182,-80.3275,0.6022,15,0.3846,0.6000,5,8,6,0,0,8,6,0.2500
4,56.0000,47,19,480.8813,-82.9550,1.5761,9,0.2308,1.0000,8,8,7,0,0,8,7,0.1250
4,56.0000,47,20,455.1306,-80.6685,-0.6277,12,0.3077,0.8571,7,8,8,0,0,8,8,0.0000
4,56.0000,47,22,684.4142,-85.8908,-0.8076,9,0.2308,1.0000,8,8,8,0,0,8,8,0.0000
4,56.0000,47,26,682.5079,-86.7863,-1.4532,4,0.1026,0.8750,8,7,6,0,0,7,6,0.1429
4,56.0000,47,28,371.5559,-80.0818,0.0497,15,0.3846,0.7143,7,8,7,0,0,8,7,0.1250
4,56.0000,47,29,355.9292,-79.9131,0.8254,18,0.4615,0.4000,5,8,5,0,0,8,5,0.3750
4,56.0000,47,31,739.5432,-87.2613,1.7744,6,0.1538,1.0000,8,8,8,0,0,8,8,0.0000
4,56.0000,47,33,342.5180,-80.7355,-0.0565,13,0.3333,0.7143,7,8,6,0,0,8,6,0.2500
4,56.0000,47,34,1102.6825,-88.3328,1.6883,4,0.1026,1.0000,2,6,6,0,0,6,6,0.0000
4,56.0000,47,38,560.0904,-85.9154,0.6279,10,0.2564,1.0000,8,8,7,0,0,8,7,0.1250
4,56.0000,47,39,572.4302,-83.3326,-0.7349,11,0.2821,0.6667,6,5,4,0,0,5,4,0.2000
4,56.0000,47,42,682.7335,-85.3805,0.1799,5,0.1282,1.0000,8,6,6,0,0,6,6,0.0000
4,56.0000,47,43,725.8810,-86.6957,5.8654,3,0.0769,1.0000,8,4,4,0,0,4,4,0.0000
4,56.0000,47,44,500.9435,-84.3967,0.8882,5,0.1282,0.9474,19,7,5,0,0,7,5,0.2857
4,56.0000,47,45,778.9170,-84.1938,-3.2775,5,0.1282,1.0000,8,6,6,0,0,6,6,0.0000
4,60.0000,0,3,474.1884,-83.4735,0.2097,25,0.6250,0.0000,4,8,8,0,0,8,8,0.0000
4,60.0000,0,4,716.2152,-84.6758,-0.2213,6,0.1500,1.0000,8,8,8,0,0,8,8,0.0000
4,60.0000,0,6,690.0554,-85.9233,-0.0267,19,0.4750,0.8333,6,6,6,0,0,6,6,0.0000
4,60.0000,0,7,571.9905,-84.0359,0.0387,20,0.5000,0.7143,7,6,4,0,0,6,4,0.3333
4,60.0000,0,10,657.9467,-84.9794,-0.0243,6,0.1500,1.0000,8,7,6,0,0,7,6,0.1429
4,60.0000,0,14,666.2533,-84.8697,0.2234,15,0.3750,0.6250,8,8,8,0,0,8,8,0.0000
4,60.0000,0,15,355.5545,-81.4616,-0.0163,27,0.6750,0.6667,6,6,3,0,0,6,3,0.5000
4,60.0000,0,16,712.4834,-88.6788,1.1827,3,0.0750,0.8571,7,6,6,0,0,6,6,0.0000
4,60.0000,0,18,885.9461,-87.5388,0.2565,6,0.1500,1.0000,8,8,8,0,0,8,8,0.0000
4,60.0000,0,22,238.1142,-78.7723,0.9467,34,0.8500,0.2000,5,5,1,0,0,5,1,0.8000
4,60.0000,0,23,609.5981,-84.7713,-0.2625,15,0.3750,0.8571,7,8,7,0,0,8,7,0.1250
4,60.0000,0,24,304.7781,-79.4802,0.3991,26,0.6500,0.3333,6,6,4,0,0,6,4,0.3333
4,60.0000,0,26,785.3860,-88.6438,0.8231,3,0.0750,1.0000,8,8,8,0,0,8,8,0.0000
4,60.0000,0,28,791.4592,-87.7488,-0.4654,4,0.1000,0.8571,7,6,6,0,0,6,6,0.0000
4,60.0000,0,29,787.1952,-86.3062,0.1689,3,0.0750,1.0000,8,8,8,0,0,8,8,0.0000
4,60.0000,0,30,550.9104,-83.1466,-0.1161,18,0.4500,0.8571,7,8,8,0,0,8,8,0.0000
4,60.0000,0,33,499.4605,-83.1114,0.4092,10,0.2500,0.8750,8,8,7,0,0,8,7,0.1250
4,60.0000,0,37,564.0719,-84.4957,-0.3739,20,0.5000,0.6667,6,8,7,0,0,8,7,0.1250
4,60.0000,0,38,136.2791,-74.4772,0.8298,34,0.8500,0.2500,4,4,0,0,0,4,0,1.0000
4,60.0000,0,41,561.5747,-84.6761,-0.0203,19,0.4750,0.8571,7,5,2,0,0,5,2,0.6000
4,60.0000,0,42,97.4775,-70.2876,1.3974,35,0.8750,0.2000,5,4,0,0,0,4,0,1.0000
4,60.0000,0,43,365.6066,-82.2457,-0.0878,21,0.5250,0.7143,7,8,7,0,0,8,7,0.1250
4,60.0000,0,44,574.9991,-82.9323,-1.4792,9,0.2250,1.0000,8,8,8,0,0,8,8,0.0000
4,60.0000,0,46,578.7012,-85.4752,-0.3489,15,0.3750,0.8571,7,7,5,0,0,7,5,0.2857
4,60.0000,0,47,572.2411,-85.3477,0.6899,5,0.1250,1.0000,8,8,8,0,0,8,8,0.0000
4,60.0000,1,2,606.5069,-85.4742,0.7582,7,0.1750,0.8571,7,8,8,0,0,8,8,0.0000
4,60.0000,1,5,315.6501,-80.3719,0.5596,19,0.4750,0.8750,8,7,3,0,0,7,3,0.5714
4,60.0000,1,8,661.4171,-87.0541,1.0996,4,0.1000,1.0000,8,7,6,0,0,7,6,0.1429
4,60.0000,1,9,555.5110,-84.5722,0.0860,5,0.1250,0.8571,7,6,4,0,0,6,4,0.3333
4,60.0000,1,10,896.7311,-85.7106,-0.4366,3,0.0750,1.0000,6,6,6,0,0,6,6,0.0000
4,60.0000,1,11,493.6251,-82.4462,0.7308,7,0.1750,0.8750,8,8,8,0,0,8,8,0.0000
4,60.0000,1,12,428.8343,-81.7545,-0.3735,9,0.2250,1.0000,8,5,2,0,0,5,2,0.6000
4,60.0000,1,13,356.5127,-80.8419,0.1985,25,0.6250,0.6667,6,8,6,0,0,8,6,0.2500
4,60.0000,1,17,655.4158,-87.0234,-0.4919,3,0.0750,0.8750,8,7,6,0,0,7,6,0.1429
4,60.0000,1,19,704.8862,-88.3024,0.0258,3,0.0750,1.0000,8,7,6,0,0,7,6,0.1429
4,60.0000,1,20,592.3263,-85.0050,-0.7535,5,0.1250,0.8571,7,8,8,0,0,8,8,0.0000
4,60.0000,1,21,549.1545,-84.3319,0.6196,10,0.2500,1.0000,8,7,5,0,0,7,5,0.2857
4,60.0000,1,25,287.6465,-77.3546,-1.2348,30,0.7500,0.5000,6,6,4,0,0,6,4,0.3333
4,60.0000,1,27,585.1601,-83.8681,-0.0504,18,0.4500,1.0000,8,6,3,0,0,6,3,0.5000
4,60.0000,1,31,714.8030,-85.8112,-0.4329,3,0.0750,1.0000,6,7,6,0,0,7,6,0.1429
4,60.0000,1,32,312.8034,-79.6124,-0.4480,18,0.4500,0.8571,7,8,7,0,0,8,7,0.1250
4,60.0000,1,34,607.1470,-85.2446,0.0899,9,0.2250,1.0000,8,8,8,0,0,8,8,0.0000
4,60.0000,1,35,424.1675,-81.1892,-0.5592,28,0.7000,0.2000,5,7,6,0,0,7,6,0.1429
4,60.0000,1,36,175.1784,-76.4103,0.9997,36,0.9000,0.0000,4,4,0,0,0,4,0,1.0000
4,60.0000,1,39,465.4034,-83.1139,1.5279,7,0.1750,1.0000,8,8,8,0,0,8,8,0.0000
4,60.0000,1,40,600.6955,-84.3558,0.2016,17,0.4250,0.7500,8,6,4,0,0,6,4,0.3333
4,60.0000,1,45,667.2562,-85.4678,-0.8415,6,0.1500,1.0000,8,7,5,0,0,7,5,0.2857
4,60.0000,2,1,606.5069,-84.6082,-0.2486,11,0.2750,1.0000,8,8,8,0,0,8,8,0.0000
4,60.0000,2,4,639.0957,-86.3637,-1.0064,7,0.1750,1.0000,8,8,8,0,0,8,8,0.0000
4,60.0000,2,5,321.6452,-80.2371,0.8625,18,0.4500,0.5000,6,7,5,0,0,7,5,0.2857
4,60.0000,2,8,62.2475,-61.2533,-0.8248,34,0.8500,0.0000,4,4,0,0,0,4,0,1.0000
4,60.0000,2,9,221.8007,-77.7111,0.9491,17,0.4250,0.6667,6,6,2,0,0,6,2,0.6667
4,60.0000,2,10,881.4422,-89.1963,0.3882,3,0.0750,1.0000,8,8,8,0,0,8,8,0.0000
4,60.0000,2,11,849.5307,-86.7941,-0.0875,4,0.1000,1.0000,4,7,6,0,0,7,6,0.1429
4,60.0000,2,12,515.9877,-86.5171,0.8522,8,0.2000,0.8571,7,8,8,0,0,8,8,0.0000
4,60.0000,2,16,623.2338,-84.2868,-1.0112,8,0.2000,1.0000,8,8,8,0,0,8,8,0.0000
4,60.0000,2,18,547.5208,-85.5127,0.2653,6,0.1500,0.8750,8,6,4,0,0,6,4,0.3333
4,60.0000,2,19,557.4076,-84.1634,-0.3805,9,0.2250,1.0000,8,9,8,0,0,9,8,0.1111
4,60.0000,2,20,409.1850,-82.1848,0.0114,10,0.2500,1.0000,8,8,8,0,0,8,8,0.0000
4,60.0000,2,21,601.0293,-84.7747,0.0853,14,0.3500,0.8750,8,7,6,0,0,7,6,0.1429
4,60.0000,2,25,500.1047,-84.3531,0.6125,14,0.3500,0.7143,7,8,8,0,0,8,8,0.0000
4,60.0000,2,26,931.6793,-89.2737,0.1598,3,0.0750,1.0000,4,8,8,0,0,8,8,0.0000
4,60.0000,2,28,581.3981,-84.5557,0.2966,7,0.1750,0.8571,7,8,8,0,0,8,8,0.0000
4,60.0000,2,29,650.3301,-85.2777,0.5147,8,0.2000,1.0000,8,8,8,0,0,8,8,0.0000
4,60.0000,2,31,765.3435,-87.0054,1.0311,5,0.1250,0.7778,9,7,7,0,0,7,7,0.0000
4,60.0000,2,32,328.0388,-80.5680,2.2169,15,0.3750,0.7143,7,6,3,0,0,6,3,0.5000
4,60.0000,2,33,776.3049,-88.0495,-0.4596,4,0.1000,0.8750,8,2,2,0,0,2,2,0.0000
4,60.0000,2,34,420.4018,-83.2398,1.5270,13,0.3250,0.7143,7,8,8,0,0,8,8,0.0000
4,60.0000,2,35,778.7527,-87.2418,0.0565,8,0.2000,1.0000,6,6,6,0,0,6,6,0.0000
4,60.0000,2,39,266.7629,-79.2959,0.8387,18,0.4500,0.7143,7,6,3,0,0,6,3,0.5000
4,60.0000,2,40,1010.0815,-88.3715,0.1668,5,0.1250,1.0000,2,6,6,0,0,6,6,0.0000
4,60.0000,2,44,842.3037,-87.7620,0.4724,4,0.1000,1.0000,8,10,10,0,0,10,10,0.0000
4,60.0000,2,45,224.8455,-73.7196,-1.2770,33,0.8250,0.2000,5,5,1,0,0,5,1,0.8000
4,60.0000,2,47,811.7341,-87.1610,-1.0704,6,0.1500,1.0000,8,4,4,0,0,4,4,0.0000
4,60.0000,3,0,474.1884,-84.2566,-0.1759,13,0.3250,0.7143,7,7,6,0,0,7,6,0.1429
4,60.0000,3,6,545.1077,-83.2330,-0.7439,26,0.6500,0.7143,7,7,6,0,0,7,6,0.1429
4,60.0000,3,7,223.6539,-78.7581,0.8338,34,0.8500,0.5000,6,4,0,0,0,4,0,1.0000
4,60.0000,3,14,638.8485,-86.1962,0.1690,10,0.2500,1.0000,8,6,4,0,0,6,4,0.3333
4,60.0000,3,15,603.6691,-84.0739,-0.5340,14,0.3500,0.2000,5,7,6,0,0,7,6,0.1429
4,60.0000,3,22,475.8690,-84.0799,0.4605,13,0.3250,0.6667,6,5,2,0,0,5,2,0.6000
4,60.0000,3,23,582.6629,-85.1019,-0.2605,12,0.3000,1.0000,8,7,6,0,0,7,6,0.1429
4,60.0000,3,24,430.5065,-83.1667,0.4345,15,0.3750,0.7143,7,5,2,0,0,5,2,0.6000
4,60.0000,3,30,838.8235,-86.7645,1.9574,4,0.1000,1.0000,8,8,8,0,0,8,8,0.0000
4,60.0000,3,37,363.7958,-79.0381,-1.2156,34,0.8500,0.6667,6,5,2,0,0,5,2,0.6000
4,60.0000,3,38,481.6763,-85.0817,0.9864,11,0.2750,0.7143,7,7,6,0,0,7,6,0.1429
4,60.0000,3,41,232.4934,-79.3958,1.3742,31,0.7750,0.2000,5,4,0,0,0,4,0,1.0000
4,60.0000,3,42,520.2132,-83.9789,0.7542,11,0.2750,0.6667,6,8,8,0,0,8,8,0.0000
4,60.0000,3,43,711.8569,-85.8109,0.0463,3,0.0750,1.0000,8,8,8,0,0,8,8,0.0000
4,60.0000,3,46,359.4052,-81.7190,0.6087,28,0.7000,0.5000,6,4,0,0,0,4,0,1.0000
4,60.0000,4,0,716.2152,-86.6296,0.5223,10,0.2500,1.0000,8,7,6,0,0,7,6,0.1429
4,60.0000,4,2,639.0957,-85.9724,-0.1319,6,0.1500,0.8571,7,7,6,0,0,7,6,0.1429
4,60.0000,4,5,872.7887,-87.2927,0.8755,4,0.1000,1.0000,6,10,10,0,0,10,10,0.0000
4,60.0000,4,8,591.1506,-85.0929,1.1592,10,0.2500,1.0000,8,8,8,0,0,8,8,0.0000
4,60.0000,4,9,543.9055,-85.7710,0.7458,10,0.2500,1.0000,8,6,4,0,0,6,4,0.3333
4,60.0000,4,10,672.8707,-87.1366,-0.3405,6,0.1500,1.0000,8,8,7,0,0,8,7,0.1250
4,60.0000,4,12,727.2727,-86.9909,-0.1312,4,0.1000,1.0000,8,8,7,0,0,8,7,0.1250
4,60.0000,4,15,755.9861,-86.8170,-0.1456,11,0.2750,1.0000,4,8,8,0,0,8,8,0.0000
4,60.0000,4,16,277.1014,-79.8635,0.2318,18,0.4500,0.6667,6,6,3,0,0,6,3,0.5000
4,60.0000,4,17,953.6254,-87.4311,1.0468,4,0.1000,1.0000,4,4,4,0,0,4,4,0.0000
4,60.0000,4,18,513.8776,-84.4309,0.0812,12,0.3000,0.8571,7,5,1,0,0,5,1,0.8000
4,60.0000,4,19,473.1079,-84.3058,0.2592,12,0.3000,0.8750,8,6,4,0,0,6,4,0.3333
4,60.0000,4,20,505.0243,-85.1153,-0.3223,8,0.2000,1.0000,8,6,4,0,0,6,4,0.3333
4,60.0000,4,22,762.2600,-85.8027,0.1037,11,0.2750,1.0000,8,7,6,0,0,7,6,0.1429
4,60.0000,4,24,938.1888,-87.0821,-3.2243,3,0.0750,,0,8,8,0,0,8,8,0.0000
4,60.0000,4,25,1066.5437,-88.1609,-0.0574,4,0.1000,1.0000,8,6,6,0,0,6,6,0.0000
4,60.0000,4,26,813.0436,-87.8644,0.1212,6,0.1500,1.0000,8,8,8,0,0,8,8,0.0000
4,60.0000,4,28,476.9715,-82.2563,-1.0346,11,0.2750,0.8571,7,7,5,0,0,7,5,0.2857
4,60.0000,4,29,465.8053,-83.5569,-0.4562,15,0.3750,0.8571,7,7,5,0,0,7,5,0.2857
4,60.0000,4,30,826.5037,-87.2148,0.4060,5,0.1250,1.0000,6,8,8,0,0,8,8,0.0000
4,60.0000,4,31,725.9315,-86.8093,0.2517,5,0.1250,1.0000,8,8,8,0,0,8,8,0.0000
4,60.0000,4,32,792.2054,-88.5409,1.8209,5,0.1250,1.0000,8,8,8,0,0,8,8,0.0000
4,60.0000,4,33,281.8484,-79.2702,0.6395,18,0.4500,0.7143,7,5,1,0,0,5,1,0.8000
4,60.0000,4,34,989.5909,-87.1772,1.0070,4,0.1000,1.0000,8,6,6,0,0,6,6,0.0000
4,60.0000,4,38,726.4685,-85.7304,-1.0349,9,0.2250,0.8571,7,6,6,0,0,6,6,0.0000
4,60.0000,4,39,633.2935,-86.7392,0.9212,5,0.1250,1.0000,8,8,8,0,0,8,8,0.0000
4,60.0000,4,42,670.3750,-86.4646,0.3710,9,0.2250,1.0000,6,8,7,0,0,8,7,0.1250
4,60.0000,4,43,680.1922,-86.2662,0.8459,7,0.1750,1.0000,8,7,6,0,0,7,6,0.1429
4,60.0000,4,44,558.5019,-84.7392,-0.3906,9,0.2250,1.0000,8,7,6,0,0,7,6,0.1429
4,60.0000,4,45,803.9095,-86.8493,-0.8809,5,0.1250,0.8000,5,6,6,0,0,6,6,0.0000
4,60.0000,4,47,260.6378,-77.0118,-0.8227,29,0.7250,0.8571,7,7,6,0,0,7,6,0.1429
4,60.0000,5,1,315.6501,-80.6087,0.9738,23,0.5750,0.4000,5,5,2,0,0,5,2,0.6000
4,60.0000,5,2,321.6452,-81.1105,-0.2205,24,0.6000,0.6667,6,4,0,0,0,4,0,1.0000
4,60.0000,5,4,872.7887,-88.2438,0.9435,5,0.1250,1.0000,8,6,6,0,0,6,6,0.0000
4,60.0000,5,8,381.9612,-81.9503,-0.4105,21,0.5250,0.7143,7,7,4,0,0,7,4,0.4286
4,60.0000,5,9,351.6743,-82.0323,0.1887,17,0.4250,0.8750,8,5,2,0,0,5,2,0.6000
4,60.0000,5,11,684.9387,-86.3462,1.2993,7,0.1750,1.0000,4,7,6,0,0,7,6,0.1429
4,60.0000,5,12,435.1893,-83.2846,0.4418,12,0.3000,0.8571,7,8,7,0,0,8,7,0.1250
4,60.0000,5,13,669.0103,-86.3703,0.1066,10,0.2500,1.0000,8,6,6,0,0,6,6,0.0000
4,60.0000,5,16,759.8451,-86.3844,-1.2424,6,0.1500,1.0000,8,8,8,0,0,8,8,0.0000
4,60.0000,5,17,772.9995,-86.7413,-0.3202,5,0.1250,1.0000,4,8,8,0,0,8,8,0.0000
4,60.0000,5,18,568.5115,-86.1347,1.2277,7,0.1750,1.0000,8,7,6,0,0,7,6,0.1429
4,60.0000,5,19,607.3926,-84.8142,1.4004,6,0.1500,1.0000,8,8,8,0,0,8,8,0.0000
4,60.0000,5,20,465.2360,-83.9304,0.7468,11,0.2750,1.0000,8,8,8,0,0,8,8,0.0000
4,60.0000,5,21,464.2544,-81.5205,-0.3112,28,0.7000,0.5714,7,7,6,0,0,7,6,0.1429
4,60.0000,5,25,199.3658,-74.1527,-0.7983,35,0.8750,0.0000,4,5,2,0,0,5,2,0.6000
4,60.0000,5,27,782.9213,-87.6091,-0.5042,9,0.2250,0.8000,5,7,6,0,0,7,6,0.1429
4,60.0000,5,28,638.4775,-87.5915,0.0063,4,0.1000,1.0000,8,8,8,0,0,8,8,0.0000
4,60.0000,5,29,701.1849,-86.8860,-0.7281,6,0.1500,1.0000,8,8,8,0,0,8,8,0.0000
4,60.0000,5,32,197.5040,-78.1068,1.5100,26,0.6500,0.5000,6,4,0,0,0,4,0,1.0000
4,60.0000,5,34,341.4824,-80.2048,-0.3182,33,0.8250,0.2000,5,6,4,0,0,6,4,0.3333
4,60.0000,5,35,485.0794,-83.3591,0.2034,30,0.7500,0.5000,6,8,7,0,0,8,7,0.1250
4,60.0000,5,36,476.3015,-83.9996,0.7683,16,0.4000,0.8571,7,6,3,0,0,6,3,0.5000
4,60.0000,5,39,257.2288,-80.7555,1.0079,20,0.5000,0.4286,7,4,0,0,0,4,0,1.0000
4,60.0000,5,40,791.8629,-86.8660,-0.1215,3,0.0750,1.0000,6,4,4,0,0,4,4,0.0000
4,60.0000,5,44,899.3100,-88.3182,0.5496,3,0.0750,1.0000,8,6,6,0,0,6,6,0.0000
4,60.0000,5,45,357.9415,-80.6377,0.2848,25,0.6250,0.6667,6,6,3,0,0,6,3,0.5000
4,60.0000,5,47,982.2319,-88.4241,0.0154,3,0.0750,1.0000,4,8,8,0,0,8,8,0.0000
4,60.0000,6,0,690.0554,-86.0478,1.0961,4,0.1000,1.0000,8,8,8,0,0,8,8,0.0000
4,60.0000,6,3,545.1077,-82.4027,-0.3450,24,0.6000,0.5000,6,9,8,0,0,9,8,0.1111
4,60.0000,6,7,693.1518,-85.7947,-0.7550,6,0.1500,1.0000,8,6,4,0,0,6,4,0.3333
4,60.0000,6,15,480.0906,-81.0158,-0.5782,22,0.5500,0.7500,8,8,7,0,0,8,7,0.1250
4,60.0000,6,22,629.3488,-83.8354,0.6705,9,0.2250,1.0000,8,8,8,0,0,8,8,0.0000
4,60.0000,6,23,1097.0182,-88.7955,0.6798,3,0.0750,1.0000,8,4,4,0,0,4,4,0.0000
4,60.0000,6,24,823.9750,-86.0156,0.5586,5,0.1250,1.0000,8,8,8,0,0,8,8,0.0000
4,60.0000,6,37,181.9693,-74.0667,-0.1885,35,0.8750,0.2000,5,5,1,0,0,5,1,0.8000
4,60.0000,6,38,580.7083,-84.3284,0.3980,10,0.2500,0.9000,10,8,8,0,0,8,8,0.0000
4,60.0000,6,41,776.4575,-86.8708,-1.7651,6,0.1500,1.0000,8,8,8,0,0,8,8,0.0000
4,60.0000,6,42,735.0804,-86.0627,-0.6896,8,0.2000,1.0000,8,8,7,0,0,8,7,0.1250
4,60.0000,6,46,863.3534,-87.9375,2.6609,5,0.1250,1.0000,8,8,8,0,0,8,8,0.0000
4,60.0000,7,0,571.9905,-84.4480,0.1269,10,0.2500,1.0000,8,8,8,0,0,8,8,0.0000
4,60.0000,7,3,223.6539,-78.6408,1.2500,35,0.8750,0.6667,6,4,0,0,0,4,0,1.0000
4,60.0000,7,6,693.1518,-86.2230,-0.0224,15,0.3750,0.8750,8,7,6,0,0,7,6,0.1429
4,60.0000,7,14,487.1196,-81.4373,-1.0590,21,0.5250,0.5000,6,7,6,0,0,7,6,0.1429
4,60.0000,7,15,734.0117,-86.5874,0.1750,11,0.2750,1.0000,8,7,6,0,0,7,6,0.1429
4,60.0000,7,22,648.1273,-85.5641,0.3255,11,0.2750,0.8750,8,8,8,0,0,8,8,0.0000
4,60.0000,7,23,560.4304,-84.0740,-0.3694,11,0.2750,0.8571,7,8,8,0,0,8,8,0.0000
4,60.0000,7,24,400.7905,-80.5488,-0.4210,23,0.5750,0.7143,7,7,6,0,0,7,6,0.1429
4,60.0000,7,30,805.1177,-86.6532,-0.8169,6,0.1500,1.0000,8,8,8,0,0,8,8,0.0000
4,60.0000,7,37,524.6968,-83.0793,-0.2633,26,0.6500,0.4000,5,7,6,0,0,7,6,0.1429
4,60.0000,7,38,602.3688,-86.1045,-0.4561,8,0.2000,1.0000,8,7,5,0,0,7,5,0.2857
4,60.0000,7,41,196.1504,-74.4387,0.4595,39,0.9750,0.0000,4,5,1,0,0,5,1,0.8000
4,60.0000,7,42,635.7153,-84.6336,0.2847,13,0.3250,1.0000,8,8,8,0,0,8,8,0.0000
4,60.0000,7,43,758.4763,-87.2265,-2.3724,4,0.1000,1.0000,6,8,8,0,0,8,8,0.0000
4,60.0000,7,46,194.2618,-72.3117,-1.1625,36,0.9000,0.3333,6,5,1,0,0,5,1,0.8000
4,60.0000,8,1,661.4171,-86.4467,0.2970,8,0.2000,1.0000,8,8,7,0,0,8,7,0.1250
4,60.0000,8,2,62.2475,-61.3805,-0.1601,32,0.8000,0.0000,4,4,0,0,0,4,0,1.0000
4,60.0000,8,4,591.1506,-84.5735,-0.2151,5,0.1250,1.0000,8,7,6,0,0,7,6,0.1429
4,60.0000,8,5,381.9612,-81.6433,-0.0879,19,0.4750,1.0000,8,8,7,0,0,8,7,0.1250
4,60.0000,8,9,226.4959,-77.5063,1.5119,18,0.4500,0.6667,9,3,0,0,0,3,0,1.0000
4,60.0000,8,10,874.9373,-88.6984,0.2185,5,0.1250,1.0000,8,8,8,0,0,8,8,0.0000
4,60.0000,8,12,538.3950,-83.6367,1.1759,8,0.2000,1.0000,8,8,8,0,0,8,8,0.0000
4,60.0000,8,16,597.6842,-83.9972,1.6119,4,0.1000,0.8571,7,7,6,0,0,7,6,0.1429
4,60.0000,8,17,843.9319,-87.6869,-0.5781,4,0.1000,1.0000,4,6,6,0,0,6,6,0.0000
4,60.0000,8,18,548.8748,-86.5949,0.1454,5,0.1250,1.0000,8,8,7,0,0,8,7,0.1250
4,60.0000,8,19,551.8589,-84.2631,0.1488,3,0.0750,0.8750,8,6,4,0,0,6,4,0.3333
4,60.0000,8,20,409.9214,-84.1064,-1.2723,11,0.2750,1.0000,8,7,6,0,0,7,6,0.1429
4,60.0000,8,21,652.0426,-85.5949,-0.5747,13,0.3250,0.8889,9,5,3,0,0,5,3,0.4000
4,60.0000,8,25,562.2338,-83.9946,0.4202,14,0.3500,0.8750,8,7,6,0,0,7,6,0.1429
4,60.0000,8,26,932.3562,-87.8885,0.2066,3,0.0750,1.0000,6,6,6,0,0,6,6,0.0000
4,60.0000,8,28,573.4054,-84.9923,-0.1188,3,0.0750,0.8571,7,7,6,0,0,7,6,0.1429
4,60.0000,8,29,642.6091,-85.4791,-0.4280,5,0.1250,0.6667,6,8,7,0,0,8,7,0.1250
4,60.0000,8,32,372.7139,-82.9552,-0.1767,11,0.2750,1.0000,8,6,4,0,0,6,4,0.3333
4,60.0000,8,33,739.9040,-87.0263,0.4529,3,0.0750,1.0000,8,8,7,0,0,8,7,0.1250
4,60.0000,8,34,468.9997,-83.3089,0.0184,23,0.5750,0.4000,5,7,4,0,0,7,4,0.4286
4,60.0000,8,35,840.9037,-87.7927,-0.2806,4,0.1000,1.0000,6,6,6,0,0,6,6,0.0000
4,60.0000,8,36,833.9784,-87.0748,0.4830,6,0.1500,1.0000,4,10,10,0,0,10,10,0.0000
4,60.0000,8,39,297.5089,-80.3466,0.4676,19,0.4750,0.4000,5,6,2,0,0,6,2,0.6667
4,60.0000,8,44,828.1920,-86.5563,-1.4231,3,0.0750,1.0000,10,5,4,0,0,5,4,0.2000
4,60.0000,8,45,256.3769,-74.7163,-1.8016,34,0.8500,0.0000,4,6,3,0,0,6,3,0.5000
4,60.0000,8,47,775.8725,-86.9991,-1.1318,3,0.0750,1.0000,8,4,4,0,0,4,4,0.0000
4,60.0000,9,1,555.5110,-84.6922,1.0555,9,0.2308,0.8571,7,8,7,0,0,8,7,0.1250
4,60.0000,9,2,221.8007,-78.7021,1.1490,25,0.6410,0.7143,7,4,0,0,0,4,0,1.0000
4,60.0000,9,4,543.9055,-83.2409,0.2317,7,0.1795,1.0000,8,5,4,0,0,5,4,0.2000
4,60.0000,9,5,351.6743,-81.4990,0.9383,20,0.5128,0.7143,7,7,6,0,0,7,6,0.1429
4,60.0000,9,8,226.4959,-79.3647,1.2002,27,0.6923,0.4000,5,5,2,0,0,5,2,0.6000
4,60.0000,9,10,661.4378,-83.8630,0.1009,7,0.1795,0.8571,7,7,6,0,0,7,6,0.1429
4,60.0000,9,11,671.7314,-85.5122,0.4571,7,0.1795,1.0000,8,6,6,0,0,6,6,0.0000
4,60.0000,9,12,321.8847,-78.4417,-0.0996,17,0.4359,0.7143,7,7,5,0,0,7,5,0.2857
4,60.0000,9,13,840.4730,-87.0628,0.3394,6,0.1538,0.0000,1,4,3,0,0,4,3,0.2500
4,60.0000,9,16,470.5583,-80.5875,0.3908,12,0.3077,0.6667,6,5,2,0,0,5,2,0.6000
4,60.0000,9,17,649.9994,-84.8827,1.0526,9,0.2308,0.8750,8,8,8,0,0,8,8,0.0000
4,60.0000,9,18,356.4030,-80.5785,1.1450,14,0.3590,0.8750,8,8,8,0,0,8,8,0.0000
4,60.0000,9,19,349.0546,-79.7957,0.2420,15,0.3846,0.5000,6,8,7,0,0,8,7,0.1250
4,60.0000,9,20,192.8063,-72.8422,-1.1494,32,0.8205,0.3333,6,6,4,0,0,6,4,0.3333
4,60.0000,9,21,730.0374,-86.6567,0.5186,8,0.2051,1.0000,2,4,4,0,0,4,4,0.0000
4,60.0000,9,25,550.6293,-85.2109,0.9748,14,0.3590,0.8750,8,7,5,0,0,7,5,0.2857
4,60.0000,9,26,710.7422,-84.8211,-1.2137,4,0.1026,1.0000,8,5,4,0,0,5,4,0.2000
4,60.0000,9,28,366.2182,-81.7178,0.6013,10,0.2564,1.0000,6,9,7,0,0,9,7,0.2222
4,60.0000,9,29,474.4651,-81.4251,0.0637,11,0.2821,0.7143,7,8,8,0,0,8,8,0.0000
4,60.0000,9,31,546.6223,-83.4686,1.3761,11,0.2821,0.8571,7,8,8,0,0,8,8,0.0000
4,60.0000,9,32,252.4591,-79.2288,0.3832,27,0.6923,0.2000,5,5,1,0,0,5,1,0.8000
4,60.0000,9,33,610.0017,-83.8691,-11.9468,4,0.1026,1.0000,8,6,5,0,0,6,5,0.1667
4,60.0000,9,34,575.8170,-86.3651,1.1925,8,0.2051,1.0000,8,7,6,0,0,7,6,0.1429
4,60.0000,9,36,729.4283,-86.3548,0.3515,4,0.1026,0.8000,5,8,8,0,0,8,8,0.0000
4,60.0000,9,39,151.1115,-73.2179,0.5821,33,0.8462,0.2000,5,4,0,0,0,4,0,1.0000
4,60.0000,9,40,1026.7070,-87.7134,0.7993,4,0.1026,,0,4,4,0,0,4,4,0.0000
4,60.0000,9,43,918.5193,-86.9149,0.2837,5,0.1282,1.0000,6,8,8,0,0,8,8,0.0000
4,60.0000,9,44,629.3681,-84.4972,1.2208,4,0.1026,1.0000,8,7,6,0,0,7,6,0.1429
4,60.0000,9,45,432.2767,-82.0575,0.6922,24,0.6154,0.8750,8,6,2,0,0,6,2,0.6667
4,60.0000,9,47,681.1854,-85.3849,-0.0496,5,0.1282,1.0000,7,8,7,0,0,8,7,0.1250
4,60.0000,10,0,657.9467,-86.8186,-0.2825,8,0.2000,0.8571,7,5,3,0,0,5,3,0.4000
4,60.0000,10,2,881.4422,-87.0403,0.0186,4,0.1000,1.0000,6,4,3,0,0,4,3,0.2500
4,60.0000,10,4,672.8707,-86.6847,0.1237,8,0.2000,0.7143,7,7,6,0,0,7,6,0.1429
4,60.0000,10,5,897.7471,-86.3994,-0.3956,4,0.1000,1.0000,8,6,6,0,0,6,6,0.0000
4,60.0000,10,7,1020.4422,-88.4227,-0.2662,5,0.1250,1.0000,6,8,8,0,0,8,8,0.0000
4,60.0000,10,8,874.9373,-87.7979,-0.3184,4,0.1000,1.0000,8,8,8,0,0,8,8,0.0000
4,60.0000,10,9,661.4378,-85.1396,-0.1984,8,0.2000,0.8750,8,8,8,0,0,8,8,0.0000
4,60.0000,10,11,560.3153,-83.1706,-0.0673,14,0.3500,1.0000,8,7,6,0,0,7,6,0.1429
4,60.0000,10,12,488.3707,-83.1447,0.0196,11,0.2750,0.7143,7,7,6,0,0,7,6,0.1429
4,60.0000,10,14,741.6661,-86.4705,0.0825,8,0.2000,0.7143,7,4,4,0,0,4,4,0.0000
4,60.0000,10,15,883.6018,-88.2705,0.2125,5,0.1250,1.0000,2,4,2,0,0,4,2,0.5000
4,60.0000,10,16,486.0277,-84.1851,-1.2153,10,0.2500,0.6000,5,9,8,0,0,9,8,0.1111
4,60.0000,10,17,538.1325,-82.9384,0.2811,14,0.3500,0.8571,7,8,7,0,0,8,7,0.1250
4,60.0000,10,18,413.0228,-81.4269,-0.2942,14,0.3500,0.8333,6,8,7,0,0,8,7,0.1250
4,60.0000,10,19,347.8565,-79.4421,0.3294,18,0.4500,0.4000,5,7,6,0,0,7,6,0.1429
4,60.0000,10,20,476.3044,-84.5494,0.1633,10,0.2500,1.0000,10,7,6,0,0,7,6,0.1429
4,60.0000,10,22,857.3379,-86.8958,-0.7703,8,0.2000,1.0000,4,6,6,0,0,6,6,0.0000
4,60.0000,10,23,842.2760,-85.7267,0.6904,5,0.1250,,0,5,3,0,0,5,3,0.4000
4,60.0000,10,24,627.6110,-87.0285,-0.1500,8,0.2000,1.0000,8,8,7,0,0,8,7,0.1250
4,60.0000,10,25,1051.6687,-88.0839,0.8143,3,0.0750,,0,4,4,0,0,4,4,0.0000
4,60.0000,10,26,176.0439,-70.5106,-1.9432,37,0.9250,0.2000,5,5,1,0,0,5,1,0.8000
4,60.0000,10,28,306.0503,-78.5213,0.0601,19,0.4750,0.6667,6,5,2,0,0,5,2,0.6000
4,60.0000,10,29,410.0203,-81.7438,0.6232,12,0.3000,0.6250,8,6,4,0,0,6,4,0.3333
4,60.0000,10,30,327.7254,-80.9551,0.2838,17,0.4250,0.7143,7,7,5,0,0,7,5,0.2857
4,60.0000,10,31,234.0994,-74.9273,-1.0125,31,0.7750,0.5000,6,7,5,0,0,7,5,0.2857
4,60.0000,10,32,749.2482,-86.8798,-1.3456,8,0.2000,1.0000,6,4,4,0,0,4,4,0.0000
4,60.0000,10,33,445.8686,-84.0177,0.5787,12,0.3000,0.8571,7,8,7,0,0,8,7,0.1250
4,60.0000,10,36,1006.9944,-87.9436,0.3450,5,0.1250,1.0000,6,2,2,0,0,2,2,0.0000
4,60.0000,10,38,746.2677,-86.3789,0.7030,9,0.2250,0.6667,3,8,8,0,0,8,8,0.0000
4,60.0000,10,39,683.2891,-84.1365,-2.0106,10,0.2500,1.0000,8,8,8,0,0,8,8,0.0000
4,60.0000,10,42,668.8167,-86.2907,-0.9085,6,0.1500,1.0000,6,4,2,0,0,4,2,0.5000
4,60.0000,10,43,483.7515,-82.3520,0.2864,19,0.4750,0.8571,7,6,4,0,0,6,4,0.3333
4,60.0000,10,44,125.3757,-75.2239,1.0440,31,0.7750,0.1333,15,5,1,0,0,5,1,0.8000
4,60.0000,10,47,597.1563,-84.9683,0.5624,11,0.2750,1.0000,8,7,6,0,0,7,6,0.1429
4,60.0000,11,1,493.6251,-83.8830,1.0289,9,0.2250,1.0000,8,8,8,0,0,8,8,0.0000
4,60.0000,11,5,684.9387,-88.1554,0.2590,3,0.0750,1.0000,8,8,8,0,0,8,8,0.0000
4,60.0000,11,9,671.7314,-85.3951,0.1151,5,0.1250,0.8571,7,7,6,0,0,7,6,0.1429
4,60.0000,11,10,560.3153,-83.5210,-0.5908,10,0.2500,0.8750,8,8,8,0,0,8,8,0.0000
4,60.0000,11,12,353.1214,-80.3989,0.9664,10,0.2500,0.6667,6,6,4,0,0,6,4,0.3333
4,60.0000,11,13,414.0350,-81.3915,0.2662,18,0.4500,0.8193,83,5,2,33,23,38,25,0.3421
4,60.0000,11,17,331.0603,-80.0808,-0.1715,26,0.6500,0.2000,5,7,6,0,0,7,6,0.1429
4,60.0000,11,18,597.5049,-84.8390,1.5069,4,0.1000,1.0000,8,8,8,0,0,8,8,0.0000
4,60.0000,11,19,584.6129,-83.2228,-1.9238,6,0.1500,0.6667,6,8,8,0,0,8,8,0.0000
4,60.0000,11,20,570.1774,-84.6446,0.3512,3,0.0750,0.8750,8,8,8,0,0,8,8,0.0000
4,60.0000,11,25,754.0067,-86.6007,-1.7373,4,0.1000,1.0000,8,8,7,0,0,8,7,0.1250
4,60.0000,11,26,446.9945,-81.0967,0.2382,15,0.3750,0.6667,6,7,6,0,0,7,6,0.1429
4,60.0000,11,28,567.8479,-86.3865,-1.0409,4,0.1000,1.0000,8,8,8,0,0,8,8,0.0000
4,60.0000,11,29,711.2664,-85.9568,-2.8533,3,0.0750,1.0000,8,8,8,0,0,8,8,0.0000
4,60.0000,11,31,381.7719,-80.2361,-0.1181,12,0.3000,0.7143,7,8,8,0,0,8,8,0.0000
4,60.0000,11,32,547.8728,-84.2529,0.0102,7,0.1750,0.7143,7,7,6,0,0,7,6,0.1429
4,60.0000,11,35,900.8430,-87.1452,-2.3373,3,0.0750,1.0000,8,5,4,0,0,5,4,0.2000
4,60.0000,11,36,532.3066,-84.4932,0.2944,10,0.2500,0.8571,7,7,5,0,0,7,5,0.2857
4,60.0000,11,39,631.7626,-85.3556,0.7783,3,0.0750,1.0000,8,6,4,0,0,6,4,0.3333
4,60.0000,11,44,656.2189,-86.4924,1.7218,3,0.0750,0.8571,7,8,8,0,0,8,8,0.0000
4,60.0000,12,1,428.8343,-81.4589,-0.6172,23,0.5897,0.7143,7,8,7,0,0,8,7,0.1250
4,60.0000,12,2,515.9877,-84.7553,0.1114,10,0.2564,0.4000,5,7,6,0,0,7,6,0.1429
4,60.0000,12,4,727.2727,-86.6130,0.9441,7,0.1795,0.8571,7,6,4,0,0,6,4,0.3333
4,60.0000,12,5,435.1893,-82.4625,0.2599,17,0.4359,0.5000,6,7,5,0,0,7,5,0.2857
4,60.0000,12,8,538.3950,-83.9080,0.9640,14,0.3590,0.6667,6,7,5,0,0,7,5,0.2857
4,60.0000,12,9,321.8847,-79.4530,0.4707,22,0.5641,0.8750,8,7,6,0,0,7,6,0.1429
4,60.0000,12,10,488.3707,-82.8386,0.0454,11,0.2821,0.7778,9,8,7,0,0,8,7,0.1250
4,60.0000,12,11,353.1214,-81.0017,-0.4041,19,0.4872,0.6667,6,6,3,0,0,6,3,0.5000
4,60.0000,12,13,600.9602,-84.0938,-0.1343,18,0.4615,0.8750,8,6,6,29,27,35,33,0.0571
4,60.0000,12,16,559.0570,-85.5409,-0.5884,7,0.1795,1.0000,8,7,6,0,0,7,6,0.1429
4,60.0000,12,17,409.3810,-82.0371,0.1344,20,0.5128,0.7143,7,6,4,0,0,6,4,0.3333
4,60.0000,12,18,323.0269,-80.9180,0.8875,16,0.4103,0.3333,6,6,3,0,0,6,3,0.5000
4,60.0000,12,19,309.1521,-79.3471,0.2301,19,0.4872,0.8750,8,7,6,0,0,7,6,0.1429
4,60.0000,12,20,230.8507,-78.9366,1.0234,21,0.5385,0.5000,6,5,1,0,0,5,1,0.8000
4,60.0000,12,21,830.5974,-88.1755,0.7555,6,0.1538,1.0000,6,4,4,0,0,4,4,0.0000
4,60.0000,12,25,580.9035,-83.8924,-1.4525,13,0.3333,0.8333,6,10,9,0,0,10,9,0.1000
4,60.0000,12,26,476.1622,-83.2118,-0.3521,14,0.3590,0.5000,6,8,7,0,0,8,7,0.1250
4,60.0000,12,27,955.7571,-87.3680,-0.6492,6,0.1538,,0,4,4,0,0,4,4,0.0000
4,60.0000,12,28,306.2828,-81.3451,0.4801,14,0.3590,1.0000,8,5,2,0,0,5,2,0.6000
4,60.0000,12,29,466.0260,-83.2160,-0.2954,10,0.2564,0.8750,8,8,8,0,0,8,8,0.0000
4,60.0000,12,30,754.4627,-89.2338,-0.1353,4,0.1026,0.8000,5,10,10,0,0,10,10,0.0000
4,60.0000,12,31,318.0053,-80.2986,-0.2854,12,0.3077,0.7143,7,5,2,0,0,5,2,0.6000
4,60.0000,12,32,275.2610,-75.1149,-1.5766,33,0.8462,0.3333,6,5,3,0,0,5,3,0.4000
4,60.0000,12,33,665.9743,-86.9255,-0.2075,7,0.1795,1.0000,8,7,6,0,0,7,6,0.1429
4,60.0000,12,34,756.4921,-86.8303,0.4718,11,0.2821,0.8571,7,8,7,0,0,8,7,0.1250
4,60.0000,12,35,818.2615,-87.5588,-0.7163,8,0.2051,1.0000,4,4,4,0,0,4,4,0.0000
4,60.0000,12,36,569.4665,-84.2044,0.1438,11,0.2821,0.5714,7,7,5,0,0,7,5,0.2857
4,60.0000,12,39,298.8910,-79.0941,0.4447,19,0.4872,0.7143,7,7,6,0,0,7,6,0.1429
4,60.0000,12,40,942.8662,-87.3409,-0.6595,6,0.1538,,0,4,4,0,0,4,4,0.0000
4,60.0000,12,43,864.2286,-86.2473,0.8057,4,0.1026,1.0000,8,4,4,0,0,4,4,0.0000
4,60.0000,12,44,519.4979,-84.8353,0.9102,7,0.1795,0.7778,9,5,5,0,0,5,5,0.0000
4,60.0000,12,45,694.1870,-86.3356,0.0643,10,0.2564,1.0000,6,6,6,0,0,6,6,0.0000
4,60.0000,12,47,780.1389,-87.4404,1.2917,6,0.1538,1.0000,4,8,8,0,0,8,8,0.0000
4,60.0000,13,1,356.5127,-80.1086,-0.6787,21,0.5250,0.8571,7,6,4,0,0,6,4,0.3333
4,60.0000,13,2,935.9117,-87.4906,0.8954,3,0.0750,1.0000,2,8,8,0,0,8,8,0.0000
4,60.0000,13,5,669.0103,-85.5960,0.2531,7,0.1750,1.0000,8,10,10,0,0,10,10,0.0000
4,60.0000,13,11,414.0350,-82.4867,0.4695,12,0.3000,0.8750,8,6,4,0,0,6,4,0.3333
4,60.0000,13,12,600.9602,-84.3901,-0.9503,8,0.2000,1.0000,10,8,8,0,0,8,8,0.0000
4,60.0000,13,19,894.0917,-89.2273,-0.0365,3,0.0750,1.0000,8,8,8,0,0,8,8,0.0000
4,60.0000,13,21,821.8497,-86.6733,-0.0080,7,0.1750,1.0000,6,4,4,0,0,4,4,0.0000
4,60.0000,13,25,626.3795,-83.4818,-0.7307,8,0.2000,1.0000,8,7,6,0,0,7,6,0.1429
4,60.0000,13,26,859.7536,-86.9906,1.2288,3,0.0750,1.0000,8,3,2,0,0,3,2,0.3333
4,60.0000,13,27,567.2028,-84.1340,-0.4578,19,0.4750,0.5000,6,6,3,0,0,6,3,0.5000
4,60.0000,13,32,613.2649,-85.4106,-1.8713,7,0.1750,1.0000,8,8,8,0,0,8,8,0.0000
4,60.0000,13,35,643.0871,-83.7214,-1.1281,15,0.3750,0.8571,7,8,8,0,0,8,8,0.0000
4,60.0000,13,36,249.7810,-75.0242,-1.0675,32,0.8000,0.2000,5,5,1,0,0,5,1,0.8000
4,60.0000,13,39,767.9519,-85.8775,2.0466,4,0.1000,1.0000,8,8,8,0,0,8,8,0.0000
4,60.0000,13,40,579.6923,-84.4687,-0.0802,23,0.5750,1.0000,8,6,4,0,0,6,4,0.3333
4,60.0000,14,0,666.2533,-84.0324,-0.9045,6,0.1500,1.0000,8,7,6,0,0,7,6,0.1429
4,60.0000,14,3,638.8485,-85.2421,-0.4781,9,0.2250,0.6667,6,8,7,0,0,8,7,0.1250
4,60.0000,14,7,487.1196,-80.8504,-0.1251,22,0.5500,0.3333,6,6,4,0,0,6,4,0.3333
4,60.0000,14,23,425.9653,-82.0648,0.0871,20,0.5000,0.7500,8,8,8,0,0,8,8,0.0000
4,60.0000,14,24,363.6026,-78.9498,-1.2652,26,0.6500,0.6667,6,7,6,0,0,7,6,0.1429
4,60.0000,14,30,490.4396,-81.6472,0.1563,8,0.2000,1.0000,8,8,8,0,0,8,8,0.0000
4,60.0000,14,41,484.4260,-82.6119,-0.2765,23,0.5750,0.8571,7,7,6,0,0,7,6,0.1429
4,60.0000,14,42,716.9285,-86.3107,-0.4108,4,0.1000,0.8571,7,8,8,0,0,8,8,0.0000
4,60.0000,14,43,622.3866,-85.8399,0.0636,4,0.1000,1.0000,8,8,8,0,0,8,8,0.0000
4,60.0000,14,46,306.0552,-79.2644,0.2184,31,0.7750,0.0000,4,6,4,0,0,6,4,0.3333
4,60.0000,15,0,355.5545,-81.3204,1.1736,17,0.4146,0.8750,8,7,6,0,0,7,6,0.1429
4,60.0000,15,3,603.6691,-85.2177,-0.5070,14,0.3415,0.8571,7,5,4,0,0,5,4,0.2000
4,60.0000,15,4,755.9861,-86.4402,1.2510,3,0.0732,1.0000,8,8,8,0,0,8,8,0.0000
4,60.0000,15,6,480.0906,-82.0464,-0.4892,31,0.7561,0.8750,8,8,8,0,0,8,8,0.0000
4,60.0000,15,7,734.0117,-85.3543,-0.4432,8,0.1951,0.8750,8,8,8,0,0,8,8,0.0000
4,60.0000,15,22,378.3199,-79.7016,-0.4391,19,0.4634,0.5714,7,7,5,0,0,7,5,0.2857
4,60.0000,15,24,600.1250,-85.0996,0.6487,5,0.1220,1.0000,8,8,8,0,0,8,8,0.0000
4,60.0000,15,37,449.1368,-80.4892,-0.1596,26,0.6341,0.7500,8,4,2,0,0,4,2,0.5000
4,60.0000,15,38,221.4058,-77.0085,0.2173,29,0.7073,0.5000,6,5,1,0,0,5,1,0.8000
4,60.0000,15,41,784.8544,-86.0616,1.0482,7,0.1707,1.0000,8,8,8,0,0,8,8,0.0000
4,60.0000,15,42,394.2051,-81.4570,-0.5798,15,0.3659,0.8571,7,7,6,0,0,7,6,0.1429
4,60.0000,15,46,817.6737,-88.2053,-0.7593,4,0.0976,1.0000,6,8,8,0,0,8,8,0.0000
4,60.0000,15,47,560.1534,-83.6613,1.5410,3,0.0732,1.0000,8,7,5,0,0,7,5,0.2857
4,60.0000,16,2,623.2338,-84.3339,0.4352,11,0.2821,1.0000,8,8,8,0,0,8,8,0.0000
4,60.0000,16,4,277.1014,-79.7622,0.6286,22,0.5641,0.4286,7,6,3,0,0,6,3,0.5000
4,60.0000,16,5,759.8451,-85.8081,-0.6327,7,0.1795,0.7143,7,8,8,0,0,8,8,0.0000
4,60.0000,16,8,597.6842,-84.1011,0.3502,11,0.2821,0.8750,8,7,5,0,0,7,5,0.2857
4,60.0000,16,9,470.5583,-81.1802,-0.8537,13,0.3333,0.8571,7,7,6,0,0,7,6,0.1429
4,60.0000,16,10,486.0277,-82.1357,1.1353,9,0.2308,0.8571,7,8,8,0,0,8,8,0.0000
4,60.0000,16,12,559.0570,-85.3510,0.7021,6,0.1538,0.8000,5,7,5,0,0,7,5,0.2857
4,60.0000,16,15,768.1727,-87.1262,-0.3275,4,0.1026,1.0000,6,8,8,0,0,8,8,0.0000
4,60.0000,16,17,835.1432,-87.3896,0.8096,3,0.0769,1.0000,6,4,4,0,0,4,4,0.0000
4,60.0000,16,18,274.4977,-75.2012,-0.8698,29,0.7436,0.5586,111,8,7,14,11,22,18,0.1818
4,60.0000,16,19,260.3367,-76.9366,-0.4449,21,0.5385,0.5000,6,6,3,0,0,6,3,0.5000
4,60.0000,16,20,353.4175,-77.1013,-1.4477,22,0.5641,0.8571,7,8,7,0,0,8,7,0.1250
4,60.0000,16,25,940.3061,-87.5842,-1.1244,3,0.0769,0.8750,8,4,4,0,0,4,4,0.0000
4,60.0000,16,26,637.3869,-84.4776,0.2548,9,0.2308,1.0000,8,7,6,0,0,7,6,0.1429
4,60.0000,16,28,289.1080,-76.7655,-0.6046,26,0.6667,0.7000,20,7,5,61,59,68,64,0.0588
4,60.0000,16,29,190.9616,-74.6905,-0.4287,34,0.8718,0.0000,4,5,1,0,0,5,1,0.8000
4,60.0000,16,30,724.8725,-86.9034,0.2494,3,0.0769,1.0000,8,8,8,0,0,8,8,0.0000
4,60.0000,16,31,562.5909,-83.6714,0.3448,6,0.1538,1.0000,8,8,8,0,0,8,8,0.0000
4,60.0000,16,32,681.5153,-85.9613,-0.9034,5,0.1282,1.0000,8,7,6,0,0,7,6,0.1429
4,60.0000,16,33,288.9981,-79.4367,0.2457,22,0.5641,0.6667,6,5,1,47,14,52,15,0.7115
4,60.0000,16,34,920.4601,-88.0617,-6.9237,4,0.1026,1.0000,4,2,2,0,0,2,2,0.0000
4,60.0000,16,38,731.9282,-86.6226,0.1638,7,0.1795,1.0000,4,4,4,0,0,4,4,0.0000
4,60.0000,16,39,504.4079,-81.0393,-1.0851,12,0.3077,1.0000,8,8,7,0,0,8,7,0.1250
4,60.0000,16,42,699.2081,-87.4777,4.4186,4,0.1026,1.0000,6,8,8,0,0,8,8,0.0000
4,60.0000,16,43,675.1166,-86.9830,1.0376,5,0.1282,0.7143,7,8,8,0,0,8,8,0.0000
4,60.0000,16,44,385.8312,-81.3894,0.4798,11,0.2821,0.5000,6,8,8,0,0,8,8,0.0000
4,60.0000,16,45,790.1370,-86.9488,-0.8760,7,0.1795,0.8000,5,4,4,0,0,4,4,0.0000
4,60.0000,16,47,231.1819,-77.3546,0.5235,32,0.8205,0.3333,6,5,1,0,0,5,1,0.8000
4,60.0000,17,1,655.4158,-85.9903,-0.1571,9,0.2250,1.0000,6,8,8,0,0,8,8,0.0000
4,60.0000,17,5,772.9995,-88.2022,-0.9114,4,0.1000,1.0000,6,8,8,0,0,8,8,0.0000
4,60.0000,17,9,649.9994,-86.1118,-0.4784,7,0.1750,1.0000,8,8,7,0,0,8,7,0.1250
4,60.0000,17,10,538.1325,-83.1976,-1.0545,10,0.2500,0.8750,8,8,8,0,0,8,8,0.0000
4,60.0000,17,11,331.0603,-79.5206,0.3213,28,0.7000,0.7143,7,5,2,0,0,5,2,0.6000
4,60.0000,17,12,409.3810,-82.4906,0.6702,11,0.2750,1.0000,8,6,4,0,0,6,4,0.3333
4,60.0000,17,13,627.5514,-85.8993,-0.4015,6,0.1500,1.0000,8,8,8,0,0,8,8,0.0000
4,60.0000,17,16,835.1432,-88.6871,0.0932,3,0.0750,1.0000,8,5,4,0,0,5,4,0.2000
4,60.0000,17,18,661.3070,-87.0817,1.0588,5,0.1250,1.0000,10,8,8,0,0,8,8,0.0000
4,60.0000,17,19,598.4688,-85.0885,-0.8970,6,0.1500,0.7143,7,7,6,0,0,7,6,0.1429
4,60.0000,17,20,570.4819,-86.2698,1.7590,4,0.1000,0.8750,8,7,5,0,0,7,5,0.2857
4,60.0000,17,26,409.0039,-81.3609,0.5348,13,0.3250,1.0000,10,8,7,0,0,8,7,0.1250
4,60.0000,17,28,550.4851,-85.1235,0.0916,7,0.1750,1.0000,8,8,8,0,0,8,8,0.0000
4,60.0000,17,29,769.2604,-86.3145,0.1456,5,0.1250,1.0000,8,7,6,0,0,7,6,0.1429
4,60.0000,17,30,632.5319,-85.6416,0.1977,8,0.2000,1.0000,6,8,8,0,0,8,8,0.0000
4,60.0000,17,31,316.2445,-78.8409,-0.1128,18,0.4500,0.8750,8,6,4,0,0,6,4,0.3333
4,60.0000,17,32,584.6369,-83.8081,0.2671,8,0.2000,0.8571,7,8,8,0,0,8,8,0.0000
4,60.0000,17,33,802.3919,-87.2160,0.0100,4,0.1000,1.0000,8,7,6,0,0,7,6,0.1429
4,60.0000,17,36,733.1887,-87.0253,-0.6726,8,0.2000,1.0000,8,8,8,0,0,8,8,0.0000
4,60.0000,17,39,685.2453,-86.8233,2.7440,3,0.0750,1.0000,8,8,8,0,0,8,8,0.0000
4,60.0000,17,43,799.6739,-87.1480,-0.1670,4,0.1000,0.8571,7,8,8,0,0,8,8,0.0000
4,60.0000,17,44,613.9938,-85.7032,-1.2839,5,0.1250,0.8750,8,8,7,0,0,8,7,0.1250
4,60.0000,17,47,1010.2931,-88.1444,0.3638,5,0.1250,1.0000,6,6,6,0,0,6,6,0.0000
4,60.0000,18,0,885.9461,-87.6057,0.5899,11,0.2750,1.0000,8,6,6,0,0,6,6,0.0000
4,60.0000,18,1,675.1472,-86.9782,0.1255,11,0.2750,1.0000,2,8,7,0,0,8,7,0.1250
4,60.0000,18,2,547.5208,-85.0405,-0.0621,11,0.2750,0.8571,7,8,7,0,0,8,7,0.1250
4,60.0000,18,4,513.8776,-83.5011,-0.7034,19,0.4750,0.6000,5,7,7,0,0,7,7,0.0000
4,60.0000,18,5,568.5115,-86.5146,0.7978,9,0.2250,0.8571,7,6,4,0,0,6,4,0.3333
4,60.0000,18,8,548.8748,-85.0468,0.1687,13,0.3250,0.8571,7,6,4,0,0,6,4,0.3333
4,60.0000,18,9,356.4030,-80.6865,0.4930,23,0.5750,0.6667,6,5,2,0,0,5,2,0.6000
4,60.0000,18,10,413.0228,-80.1465,-0.2042,20,0.5000,0.7297,37,8,8,2,2,10,10,0.0000
4,60.0000,18,11,597.5049,-85.4235,-0.2055,10,0.2500,0.6667,3,7,5,0,0,7,5,0.2857
4,60.0000,18,12,323.0269,-81.0654,0.6638,20,0.5000,0.5714,7,7,5,0,0,7,5,0.2857
4,60.0000,18,15,991.4859,-88.2620,1.3655,3,0.0750,1.0000,2,2,2,0,0,2,2,0.0000
4,60.0000,18,16,274.4977,-76.0946,-1.1677,34,0.8500,0.0000,4,5,2,0,0,5,2,0.6000
4,60.0000,18,17,661.3070,-85.8160,0.3084,12,0.3000,0.8000,5,8,8,0,0,8,8,0.0000
4,60.0000,18,19,104.8339,-70.5515,0.7103,36,0.9000,0.3333,6,4,0,0,0,4,0,1.0000
4,60.0000,18,20,187.3719,-76.0320,1.0199,32,0.8000,0.5714,7,5,1,0,0,5,1,0.8000
4,60.0000,18,21,1020.4461,-88.8404,0.2824,3,0.0750,1.0000,2,4,4,0,0,4,4,0.0000
4,60.0000,18,22,1046.3370,-89.7713,0.0107,3,0.0750,0.8000,5,8,8,0,0,8,8,0.0000
4,60.0000,18,25,731.8375,-86.5311,-0.4021,8,0.2000,0.7500,4,8,8,0,0,8,8,0.0000
4,60.0000,18,26,513.9040,-83.2421,0.0589,14,0.3500,1.0000,8,8,7,0,0,8,7,0.1250
4,60.0000,18,28,171.9460,-73.0592,-0.3629,34,0.8500,0.0000,4,6,2,12,4,18,6,0.6667
4,60.0000,18,29,148.8278,-70.8019,-0.1237,33,0.8250,0.3333,6,5,2,0,0,5,2,0.6000
4,60.0000,18,30,722.0667,-86.3347,0.3476,7,0.1750,0.6667,6,8,8,0,0,8,8,0.0000
4,60.0000,18,31,410.7981,-80.9541,0.0677,22,0.5500,0.6250,8,6,6,0,0,6,6,0.0000
4,60.0000,18,32,482.5235,-83.9998,-0.0938,13,0.3250,0.7500,8,6,4,0,0,6,4,0.3333
4,60.0000,18,33,476.2014,-82.6663,-0.2775,14,0.3500,0.8571,7,8,8,4,4,12,12,0.0000
4,60.0000,18,34,794.4749,-87.7668,0.5587,4,0.1000,,0,6,6,0,0,6,6,0.0000
4,60.0000,18,35,986.9290,-86.8468,-0.6277,3,0.0750,1.0000,4,4,4,0,0,4,4,0.0000
4,60.0000,18,36,819.1751,-88.9736,0.1014,4,0.1000,1.0000,2,8,8,0,0,8,8,0.0000
4,60.0000,18,38,929.5038,-88.0548,0.1950,8,0.2000,0.8571,7,6,6,0,0,6,6,0.0000
4,60.0000,18,39,329.4875,-80.1888,0.2204,24,0.6000,1.0000,7,6,4,0,0,6,4,0.3333
4,60.0000,18,42,882.4257,-87.0593,0.7604,10,0.2500,1.0000,6,8,8,0,0,8,8,0.0000
4,60.0000,18,43,774.6112,-88.1695,0.0387,7,0.1750,1.0000,4,3,2,0,0,3,2,0.3333
4,60.0000,18,44,380.7067,-81.9012,-0.2575,17,0.4250,0.7463,67,8,6,0,0,8,6,0.2500
4,60.0000,18,45,714.7358,-86.4647,1.0915,14,0.3500,0.8750,8,5,4,0,0,5,4,0.2000
4,60.0000,18,47,497.8775,-82.1994,-1.0214,21,0.5250,1.0000,8,8,7,0,0,8,7,0.1250
4,60.0000,19,0,821.8493,-87.5587,1.2704,7,0.1750,0.8333,6,4,4,0,0,4,4,0.0000
4,60.0000,19,1,704.8862,-86.2310,-0.6706,8,0.2000,1.0000,6,7,5,0,0,7,5,0.2857
4,60.0000,19,2,557.4076,-85.2432,0.1303,13,0.3250,1.0000,8,6,4,0,0,6,4,0.3333
4,60.0000,19,4,473.1079,-83.7160,0.4098,16,0.4000,0.8571,7,8,7,0,0,8,7,0.1250
4,60.0000,19,5,607.3926,-85.0484,-0.7566,9,0.2250,0.7500,8,7,6,0,0,7,6,0.1429
4,60.0000,19,8,551.8589,-86.0720,-0.4683,9,0.2250,0.6000,5,6,3,0,0,6,3,0.5000
4,60.0000,19,9,349.0546,-79.4218,-0.2958,22,0.5500,0.6667,6,7,4,0,0,7,4,0.4286
4,60.0000,19,10,347.8565,-79.2904,-0.1751,26,0.6500,0.4286,7,7,6,0,0,7,6,0.1429
4,60.0000,19,11,584.6129,-84.1195,-0.0127,16,0.4000,0.8938,113,8,8,56,49,64,57,0.1094
4,60.0000,19,12,309.1521,-79.9363,0.0938,23,0.5750,0.5000,6,4,0,0,0,4,0,1.0000
4,60.0000,19,13,894.0917,-87.8410,0.5885,10,0.2500,1.0000,8,2,2,0,0,2,2,0.0000
4,60.0000,19,14,1077.6992,-87.2224,1.8119,4,0.1000,1.0000,2,2,2,0,0,2,2,0.0000
4,60.0000,19,15,957.0611,-89.2980,2.0752,3,0.0750,1.0000,2,8,8,0,0,8,8,0.0000
4,60.0000,19,16,260.3367,-77.9619,0.6909,27,0.6750,0.4000,5,5,2,0,0,5,2,0.6000
4,60.0000,19,17,598.4688,-84.9521,-0.0317,17,0.4250,1.0000,8,4,0,0,0,4,0,1.0000
4,60.0000,19,18,104.8339,-70.5494,0.6343,36,0.9000,0.0000,4,4,0,0,0,4,0,1.0000
4,60.0000,19,20,162.0901,-74.7217,0.9397,36,0.9000,0.4000,5,6,3,0,0,6,3,0.5000
4,60.0000,19,22,977.5987,-86.8361,1.4430,4,0.1000,,0,6,6,0,0,6,6,0.0000
4,60.0000,19,24,900.1740,-88.6616,-0.0943,6,0.1500,1.0000,4,6,6,0,0,6,6,0.0000
4,60.0000,19,25,780.9320,-86.7663,-0.1245,9,0.2250,1.0000,8,8,8,0,0,8,8,0.0000
4,60.0000,19,26,450.1477,-80.1515,-1.4284,21,0.5250,0.4000,5,7,5,0,0,7,5,0.2857
4,60.0000,19,28,68.7911,-67.6416,2.2875,35,0.8750,0.0000,4,5,1,0,0,5,1,0.8000
4,60.0000,19,29,187.3436,-76.5445,0.6238,30,0.7500,0.4286,7,5,1,0,0,5,1,0.8000
4,60.0000,19,30,639.0247,-86.4184,0.4910,11,0.2750,1.0000,8,8,8,0,0,8,8,0.0000
4,60.0000,19,31,339.3248,-79.2087,-0.0268,24,0.6000,0.5714,7,4,0,0,0,4,0,1.0000
4,60.0000,19,32,491.4992,-83.3864,0.3726,12,0.3000,0.6667,9,8,8,0,0,8,8,0.0000
4,60.0000,19,33,400.2445,-81.1131,-0.1621,18,0.4500,0.5714,7,7,6,0,0,7,6,0.1429
4,60.0000,19,34,849.6538,-87.7558,-0.9622,5,0.1250,1.0000,6,4,4,0,0,4,4,0.0000
4,60.0000,19,35,1041.6828,-87.4144,-1.0844,5,0.1250,,0,4,4,0,0,4,4,0.0000
4,60.0000,19,36,851.5842,-87.3735,0.1398,7,0.1750,0.8000,5,6,6,0,0,6,6,0.0000
4,60.0000,19,38,876.1770,-87.3437,-0.5472,7,0.1750,1.0000,4,2,2,0,0,2,2,0.0000
4,60.0000,19,39,363.1871,-80.9652,0.6717,15,0.3750,0.6667,6,8,7,0,0,8,7,0.1250
4,60.0000,19,42,811.7592,-88.7129,-0.0707,6,0.1500,1.0000,4,6,5,0,0,6,5,0.1667
4,60.0000,19,43,682.4786,-86.4281,0.3082,7,0.1750,0.8571,7,7,5,0,0,7,5,0.2857
4,60.0000,19,44,307.4849,-80.0299,0.6382,23,0.5750,0.6667,6,6,4,0,0,6,4,0.3333
4,60.0000,19,45,746.5424,-86.7992,1.7856,9,0.2250,1.0000,6,4,4,0,0,4,4,0.0000
4,60.0000,19,47,475.3435,-83.9251,0.6064,14,0.3500,0.5000,6,8,6,0,0,8,6,0.2500
4,60.0000,20,0,954.3578,-88.6896,0.0334,5,0.1250,0.8000,5,2,2,0,0,2,2,0.0000
4,60.0000,20,1,592.3263,-85.6089,-0.0426,18,0.4500,0.6667,6,7,3,0,0,7,3,0.5714
4,60.0000,20,2,409.1850,-81.2100,-0.4940,25,0.6250,0.6667,6,6,3,0,0,6,3,0.5000
4,60.0000,20,4,505.0243,-83.0013,-0.1827,14,0.3500,0.8571,7,8,8,0,0,8,8,0.0000
4,60.0000,20,5,465.2360,-83.7105,1.4224,23,0.5750,0.8571,7,7,5,0,0,7,5,0.2857
4,60.0000,20,8,409.9214,-82.5866,-0.0626,18,0.4500,0.8750,8,8,5,0,0,8,5,0.3750
4,60.0000,20,9,192.8063,-72.4328,-1.1471,37,0.9250,0.0000,4,6,3,0,0,6,3,0.5000
4,60.0000,20,10,476.3044,-82.5621,1.1387,12,0.3000,0.8571,7,4,0,0,0,4,0,1.0000
4,60.0000,20,11,570.1774,-85.2452,0.5791,15,0.3750,0.7500,4,7,6,0,0,7,6,0.1429
4,60.0000,20,12,230.8507,-78.5785,0.8948,31,0.7750,0.3333,6,4,0,0,0,4,0,1.0000
4,60.0000,20,13,822.1290,-86.7071,-0.3971,14,0.3500,1.0000,8,2,2,0,0,2,2,0.0000
4,60.0000,20,16,353.4175,-77.6971,-1.0003,26,0.6500,0.5000,6,5,4,0,0,5,4,0.2000
4,60.0000,20,17,570.4819,-86.3458,-0.0447,12,0.3000,0.8333,6,7,5,0,0,7,5,0.2857
4,60.0000,20,18,187.3719,-75.7279,0.9031,30,0.7500,0.4000,5,6,2,0,0,6,2,0.6667
4,60.0000,20,19,162.0901,-74.7311,0.9428,31,0.7750,0.0000,4,5,1,0,0,5,1,0.8000
4,60.0000,20,21,885.7613,-86.8570,0.1715,8,0.2000,1.0000,2,4,4,0,0,4,4,0.0000
4,60.0000,20,22,1091.0145,-88.5938,-0.6339,4,0.1000,1.0000,6,2,2,0,0,2,2,0.0000
4,60.0000,20,24,1040.5784,-89.6723,-0.0274,3,0.0750,,0,4,4,0,0,4,4,0.0000
4,60.0000,20,25,649.7401,-86.0647,-0.4512,15,0.3750,0.7143,7,8,8,0,0,8,8,0.0000
4,60.0000,20,26,539.7753,-83.0545,0.0367,15,0.3750,0.6667,6,7,6,0,0,7,6,0.1429
4,60.0000,20,28,181.5401,-76.9313,0.6991,28,0.7000,0.2000,5,4,0,0,0,4,0,1.0000
4,60.0000,20,29,315.5023,-77.8522,-0.3688,28,0.7000,0.5714,7,6,4,0,0,6,4,0.3333
4,60.0000,20,30,748.2055,-88.6352,-0.4413,4,0.1000,0.8571,7,7,6,0,0,7,6,0.1429
4,60.0000,20,31,389.8188,-82.4596,0.1367,17,0.4250,0.7143,7,5,1,0,0,5,1,0.8000
4,60.0000,20,32,341.9582,-80.3650,0.8191,26,0.6500,0.5000,6,7,4,0,0,7,4,0.4286
4,60.0000,20,33,494.0575,-83.5120,0.3902,15,0.3750,0.6667,9,7,5,0,0,7,5,0.2857
4,60.0000,20,34,718.3543,-86.2876,0.1111,16,0.4000,1.0000,8,7,6,0,0,7,6,0.1429
4,60.0000,20,35,921.0053,-87.9600,-0.1341,5,0.1250,1.0000,4,4,4,0,0,4,4,0.0000
4,60.0000,20,36,752.8848,-87.0096,-0.0142,9,0.2250,0.8571,7,8,8,0,0,8,8,0.0000
4,60.0000,20,39,223.4814,-73.9668,-1.4225,36,0.9000,0.3238,105,5,1,117,70,122,71,0.4180
4,60.0000,20,42,933.2629,-88.8063,-0.4210,5,0.1250,,0,6,6,0,0,6,6,0.0000
4,60.0000,20,43,783.7895,-86.5508,-0.2816,8,0.2000,1.0000,4,8,8,0,0,8,8,0.0000
4,60.0000,20,44,448.8251,-84.3462,1.1957,10,0.2500,0.7143,7,7,5,0,0,7,5,0.2857
4,60.0000,20,45,606.2286,-85.0687,-0.5630,22,0.5500,1.0000,8,6,4,0,0,6,4,0.3333
4,60.0000,20,47,577.2433,-83.3167,-1.0357,18,0.4500,0.6667,6,6,6,0,0,6,6,0.0000
4,60.0000,21,1,549.1545,-82.5828,-0.1880,9,0.2250,0.7143,7,8,8,0,0,8,8,0.0000
4,60.0000,21,2,601.0293,-84.5161,0.1365,7,0.1750,0.8571,7,8,8,0,0,8,8,0.0000
4,60.0000,21,5,464.2544,-80.5929,-0.3475,13,0.3250,0.5000,6,8,8,0,0,8,8,0.0000
4,60.0000,21,8,652.0426,-84.5490,-0.7482,4,0.1000,0.8571,7,8,8,0,0,8,8,0.0000
4,60.0000,21,13,821.8497,-85.5062,-0.4055,5,0.1250,0.8571,7,7,6,0,0,7,6,0.1429
4,60.0000,21,25,391.6109,-80.8031,-0.5202,15,0.3750,1.0000,8,6,4,0,0,6,4,0.3333
4,60.0000,21,27,568.7197,-84.0924,-0.0372,12,0.3000,0.8750,8,7,5,0,0,7,5,0.2857
4,60.0000,21,32,563.7907,-83.0999,-0.5203,7,0.1750,0.6667,6,8,8,0,0,8,8,0.0000
4,60.0000,21,34,463.6403,-82.0814,0.0538,23,0.5750,0.7500,8,8,7,0,0,8,7,0.1250
4,60.0000,21,35,450.3102,-82.0670,0.3500,22,0.5500,0.7143,7,7,6,0,0,7,6,0.1429
4,60.0000,21,36,618.1038,-85.1622,-0.0449,6,0.1500,0.6667,6,8,8,0,0,8,8,0.0000
4,60.0000,21,40,575.8693,-83.9763,0.6084,15,0.3750,0.5714,7,7,5,0,0,7,5,0.2857
4,60.0000,21,45,519.9397,-82.7320,-0.8011,9,0.2250,1.0000,10,7,6,0,0,7,6,0.1429
4,60.0000,22,0,238.1142,-78.4991,0.3149,26,0.6500,0.6667,6,6,2,0,0,6,2,0.6667
4,60.0000,22,3,475.8690,-83.2925,0.6752,19,0.4750,0.7143,7,7,5,0,0,7,5,0.2857
4,60.0000,22,4,762.2600,-86.9091,0.2740,6,0.1500,1.0000,8,8,8,0,0,8,8,0.0000
4,60.0000,22,6,629.3488,-85.0630,0.5258,16,0.4000,0.8571,7,5,2,0,0,5,2,0.6000
4,60.0000,22,7,648.1273,-86.8155,0.0776,9,0.2250,1.0000,9,7,5,0,0,7,5,0.2857
4,60.0000,22,14,835.3107,-85.8644,0.1122,3,0.0750,1.0000,2,8,8,0,0,8,8,0.0000
4,60.0000,22,15,378.3199,-79.6746,-0.0463,27,0.6750,0.4000,5,7,6,0,0,7,6,0.1429
4,60.0000,22,18,1046.3370,-89.0391,0.4214,3,0.0750,1.0000,6,4,4,0,0,4,4,0.0000
4,60.0000,22,23,669.8060,-87.6221,0.3396,6,0.1500,1.0000,8,7,5,0,0,7,5,0.2857
4,60.0000,22,24,490.8979,-85.0150,0.3755,12,0.3000,0.8750,8,6,4,0,0,6,4,0.3333
4,60.0000,22,29,951.0671,-87.9436,-0.8074,3,0.0750,1.0000,8,6,6,0,0,6,6,0.0000
4,60.0000,22,30,731.4699,-86.8841,-1.0914,4,0.1000,1.0000,8,8,8,0,0,8,8,0.0000
4,60.0000,22,31,1024.9213,-88.7474,0.4936,4,0.1000,1.0000,6,6,6,0,0,6,6,0.0000
4,60.0000,22,33,601.4087,-83.6860,-0.0132,7,0.1750,1.0000,8,8,8,0,0,8,8,0.0000
4,60.0000,22,37,512.4459,-83.1884,-0.0442,21,0.5250,1.0000,8,8,6,0,0,8,6,0.2500
4,60.0000,22,38,233.6349,-77.1659,-0.1443,28,0.7000,0.2000,5,5,1,0,0,5,1,0.8000
4,60.0000,22,41,598.4871,-85.4987,0.1072,10,0.2500,0.8750,8,8,8,0,0,8,8,0.0000
4,60.0000,22,42,190.0242,-74.5194,0.2175,33,0.8250,0.3333,6,5,1,0,0,5,1,0.8000
4,60.0000,22,43,480.1600,-85.0262,2.1916,7,0.1750,1.0000,8,7,6,0,0,7,6,0.1429
4,60.0000,22,44,764.0848,-86.8983,0.7466,5,0.1250,1.0000,8,8,8,0,0,8,8,0.0000
4,60.0000,22,46,688.7933,-85.9124,1.0708,7,0.1750,1.0000,8,8,7,0,0,8,7,0.1250
4,60.0000,22,47,666.7223,-86.2945,-0.3296,8,0.2000,1.0000,8,8,8,0,0,8,8,0.0000
4,60.0000,23,0,609.5981,-84.8466,-0.0833,9,0.2250,0.8750,8,8,8,0,0,8,8,0.0000
4,60.0000,23,3,582.6629,-87.0114,0.3127,11,0.2750,1.0000,8,6,3,0,0,6,3,0.5000
4,60.0000,23,7,560.4304,-84.6038,-0.0684,16,0.4000,0.6667,6,8,7,0,0,8,7,0.1250
4,60.0000,23,14,425.9653,-82.3855,0.6286,24,0.6000,1.0000,8,6,4,0,0,6,4,0.3333
4,60.0000,23,15,945.0322,-87.8573,0.8913,3,0.0750,1.0000,4,4,4,0,0,4,4,0.0000
4,60.0000,23,22,669.8060,-85.9597,0.6986,7,0.1750,1.0000,8,8,7,0,0,8,7,0.1250
4,60.0000,23,24,434.5551,-81.9353,0.9204,17,0.4250,0.7143,7,7,5,0,0,7,5,0.2857
4,60.0000,23,30,523.8899,-82.2580,-0.3927,14,0.3500,0.8571,7,8,8,0,0,8,8,0.0000
4,60.0000,23,37,918.6794,-87.3269,-0.5826,5,0.1250,1.0000,8,8,8,0,0,8,8,0.0000
4,60.0000,23,38,728.7559,-86.2285,0.1846,5,0.1250,1.0000,8,8,7,0,0,8,7,0.1250
4,60.0000,23,41,407.2883,-82.4425,0.3767,26,0.6500,0.6667,6,7,5,0,0,7,5,0.2857
4,60.0000,23,42,604.7565,-85.1812,-0.0516,8,0.2000,0.9767,86,8,7,0,0,8,7,0.1250
4,60.0000,23,43,479.2641,-82.5233,-0.8036,13,0.3250,0.9429,70,8,8,144,143,152,151,0.0066
4,60.0000,23,46,417.2388,-82.6438,0.8656,18,0.4500,0.8571,7,6,4,0,0,6,4,0.3333
4,60.0000,24,0,304.7781,-79.4154,-0.4684,19,0.4872,0.8571,7,8,7,0,0,8,7,0.1250
4,60.0000,24,3,430.5065,-82.5452,-0.2507,24,0.6154,0.2000,5,8,5,0,0,8,5,0.3750
4,60.0000,24,6,823.9750,-86.3827,0.1610,7,0.1795,1.0000,4,8,7,0,0,8,7,0.1250
4,60.0000,24,7,400.7905,-80.8808,-1.1744,33,0.8462,0.6000,5,9,7,0,0,9,7,0.2222
4,60.0000,24,14,363.6026,-79.3705,-0.6951,30,0.7692,0.0000,4,6,3,0,0,6,3,0.5000
4,60.0000,24,15,600.1250,-84.8659,-0.4136,8,0.2051,0.8571,7,8,8,0,0,8,8,0.0000
4,60.0000,24,22,490.8979,-83.3876,0.2398,8,0.2051,0.8750,8,5,2,0,0,5,2,0.6000
4,60.0000,24,23,434.5551,-81.7562,-0.1711,27,0.6923,0.8750,8,7,5,0,0,7,5,0.2857
4,60.0000,24,26,704.6597,-86.9566,0.2286,3,0.0769,1.0000,8,8,8,0,0,8,8,0.0000
4,60.0000,24,30,427.7767,-81.2680,0.3683,13,0.3333,0.6667,6,7,6,0,0,7,6,0.1429
4,60.0000,24,37,667.4122,-84.3399,0.2189,15,0.3846,0.8750,8,10,8,0,0,10,8,0.2000
4,60.0000,24,38,404.0588,-81.9208,1.9378,13,0.3333,0.5000,6,5,2,0,0,5,2,0.6000
4,60.0000,24,41,402.2840,-79.5525,-0.2657,31,0.7949,0.3333,6,6,3,0,0,6,3,0.5000
4,60.0000,24,42,366.3915,-80.4228,0.7225,21,0.5385,0.8750,8,5,2,0,0,5,2,0.6000
4,60.0000,24,43,396.9535,-82.3621,0.9498,9,0.2308,1.0000,8,7,5,0,0,7,5,0.2857
4,60.0000,24,46,327.3459,-81.1132,-0.3094,32,0.8205,0.4000,5,8,5,0,0,8,5,0.3750
4,60.0000,25,1,287.6465,-77.1329,-0.6102,29,0.7436,0.3333,6,7,4,0,0,7,4,0.4286
4,60.0000,25,2,500.1047,-83.5068,-0.0314,15,0.3846,0.8750,8,8,8,0,0,8,8,0.0000
4,60.0000,25,5,199.3658,-73.1276,-0.5114,32,0.8205,0.0000,4,6,4,0,0,6,4,0.3333
4,60.0000,25,8,562.2338,-84.0990,-0.4034,8,0.2051,0.8571,7,8,8,0,0,8,8,0.0000
4,60.0000,25,9,550.6293,-84.1430,-0.5899,8,0.2051,0.8333,6,8,7,0,0,8,7,0.1250
4,60.0000,25,11,754.0067,-84.9356,0.5839,4,0.1026,0.8571,7,8,8,0,0,8,8,0.0000
4,60.0000,25,12,580.9035,-84.0351,-2.8912,4,0.1026,1.0000,8,8,8,0,0,8,8,0.0000
4,60.0000,25,13,626.3795,-84.1489,-0.5436,12,0.3077,0.8750,8,6,6,0,0,6,6,0.0000
4,60.0000,25,20,649.7401,-84.8374,-1.3175,4,0.1026,1.0000,8,8,6,0,0,8,6,0.2500
4,60.0000,25,21,391.6109,-81.6954,-0.3568,25,0.6410,0.7143,7,7,3,0,0,7,3,0.5714
4,60.0000,25,27,670.2750,-85.1930,0.4950,8,0.2051,0.5714,7,8,8,0,0,8,8,0.0000
4,60.0000,25,32,362.8293,-81.2861,-0.5060,16,0.4103,0.7143,7,5,2,0,0,5,2,0.6000
4,60.0000,25,34,337.1941,-80.3843,0.3017,29,0.7436,0.2000,5,7,4,0,0,7,4,0.4286
4,60.0000,25,35,286.4733,-81.0597,0.1336,29,0.7436,0.8000,5,6,1,0,0,6,1,0.8333
4,60.0000,25,36,390.2136,-81.9374,0.2002,20,0.5128,0.8571,7,6,3,0,0,6,3,0.5000
4,60.0000,25,39,445.6621,-82.3852,-0.3403,9,0.2308,1.0000,8,7,6,0,0,7,6,0.1429
4,60.0000,25,40,699.2837,-87.0387,0.7615,9,0.2308,,0,7,6,0,0,7,6,0.1429
4,60.0000,25,45,464.1620,-82.6429,-0.1148,11,0.2821,0.6667,6,8,6,0,0,8,6,0.2500
4,60.0000,26,0,785.3860,-85.9203,-0.7314,6,0.1500,0.8571,7,8,8,0,0,8,8,0.0000
4,60.0000,26,1,852.5238,-87.9496,-0.4239,7,0.1750,0.8000,5,2,2,0,0,2,2,0.0000
4,60.0000,26,2,931.6793,-88.2120,-0.0064,5,0.1250,1.0000,6,8,8,0,0,8,8,0.0000
4,60.0000,26,4,813.0436,-87.4496,-0.1752,6,0.1500,1.0000,8,4,4,0,0,4,4,0.0000
4,60.0000,26,5,909.7279,-87.9442,-0.8032,6,0.1500,1.0000,8,8,8,0,0,8,8,0.0000
4,60.0000,26,8,932.3562,-88.2467,1.4612,3,0.0750,1.0000,6,8,8,0,0,8,8,0.0000
4,60.0000,26,9,710.7422,-86.0283,-1.1782,8,0.2000,0.7500,8,8,8,0,0,8,8,0.0000
4,60.0000,26,10,176.0439,-70.3532,-2.1229,34,0.8500,0.2000,5,6,4,0,0,6,4,0.3333
4,60.0000,26,11,446.9945,-82.1394,0.0214,17,0.4250,1.0000,8,7,5,0,0,7,5,0.2857
4,60.0000,26,12,476.1622,-83.3022,-0.7707,11,0.2750,1.0000,8,7,6,0,0,7,6,0.1429
4,60.0000,26,13,859.7536,-87.2948,-0.6560,6,0.1500,1.0000,8,6,6,0,0,6,6,0.0000
4,60.0000,26,14,737.4273,-87.0752,0.6125,7,0.1750,,0,2,0,0,0,2,0,1.0000
4,60.0000,26,15,1041.3692,-89.0842,0.2767,4,0.1000,1.0000,2,2,2,0,0,2,2,0.0000
4,60.0000,26,16,637.3869,-84.7465,-1.0995,8,0.2000,0.8333,6,8,8,0,0,8,8,0.0000
4,60.0000,26,17,409.0039,-81.3622,-0.0143,20,0.5000,0.5714,7,9,8,0,0,9,8,0.1111
4,60.0000,26,18,513.9040,-82.3795,-0.2963,11,0.2750,1.0000,8,8,8,0,0,8,8,0.0000
4,60.0000,26,19,450.1477,-80.6724,-1.1929,16,0.4000,0.0000,4,8,8,0,0,8,8,0.0000
4,60.0000,26,20,539.7753,-84.8388,1.2768,8,0.2000,0.7143,7,8,8,0,0,8,8,0.0000
4,60.0000,26,23,846.4829,-87.5842,0.9516,4,0.1000,1.0000,4,4,4,0,0,4,4,0.0000
4,60.0000,26,24,704.6597,-86.4767,0.4157,6,0.1500,1.0000,8,7,6,0,0,7,6,0.1429
4,60.0000,26,25,1048.1491,-89.2161,0.4216,3,0.0750,1.0000,8,2,2,0,0,2,2,0.0000
4,60.0000,26,28,402.4823,-80.4132,-0.4946,14,0.3500,0.8571,7,8,8,0,0,8,8,0.0000
4,60.0000,26,29,549.4504,-83.3658,-0.8306,12,0.3000,0.8750,8,7,6,0,0,7,6,0.1429
4,60.0000,26,30,328.3566,-81.2950,1.4169,21,0.5250,0.6250,8,5,1,0,0,5,1,0.8000
4,60.0000,26,31,175.0754,-71.2703,-1.2732,34,0.8500,0.3333,6,6,3,0,0,6,3,0.5000
4,60.0000,26,32,745.9723,-85.5168,-0.1113,10,0.2500,1.0000,10,8,8,0,0,8,8,0.0000
4,60.0000,26,33,589.8329,-84.0300,-1.7191,10,0.2500,0.8571,7,8,8,0,0,8,8,0.0000
4,60.0000,26,36,943.2622,-88.2077,-2.5739,3,0.0750,1.0000,6,8,8,0,0,8,8,0.0000
4,60.0000,26,38,887.4626,-88.0476,-0.4131,6,0.1500,1.0000,4,6,6,0,0,6,6,0.0000
4,60.0000,26,39,729.3600,-86.2453,0.3297,8,0.2000,1.0000,8,7,6,0,0,7,6,0.1429
4,60.0000,26,42,793.1742,-86.6036,-0.5527,6,0.1500,1.0000,4,8,8,0,0,8,8,0.0000
4,60.0000,26,43,554.8593,-83.1694,1.1288,10,0.2500,0.5714,7,8,7,0,0,8,7,0.1250
4,60.0000,26,44,293.0741,-79.2167,0.5568,20,0.5000,0.7500,8,8,5,0,0,8,5,0.3750
4,60.0000,26,47,765.8649,-87.6292,0.6563,7,0.1750,1.0000,8,2,2,0,0,2,2,0.0000
4,60.0000,27,1,585.1601,-83.7939,-0.3259,6,0.1500,0.8571,7,8,7,0,0,8,7,0.1250
4,60.0000,27,5,782.9213,-87.7392,0.4569,3,0.0750,1.0000,8,8,8,0,0,8,8,0.0000
4,60.0000,27,13,567.2028,-83.7322,-0.8328,11,0.2750,0.8571,7,7,5,0,0,7,5,0.2857
4,60.0000,27,21,568.7197,-84.8183,0.5000,6,0.1500,1.0000,8,8,7,0,0,8,7,0.1250
4,60.0000,27,25,670.2750,-86.4542,-2.6863,3,0.0750,0.8750,8,8,8,0,0,8,8,0.0000
4,60.0000,27,35,566.7046,-83.7576,-0.1682,14,0.3500,1.0000,8,8,8,0,0,8,8,0.0000
4,60.0000,27,36,501.2343,-82.5776,-0.1319,20,0.5000,0.8750,8,8,8,0,0,8,8,0.0000
4,60.0000,27,40,90.6513,-67.1997,0.6918,39,0.9750,0.2000,5,4,0,0,0,4,0,1.0000
4,60.0000,28,0,791.4592,-86.7395,-1.7094,8,0.2000,1.0000,8,4,4,0,0,4,4,0.0000
4,60.0000,28,1,721.4499,-85.9781,0.7795,9,0.2250,1.0000,4,8,7,0,0,8,7,0.1250
4,60.0000,28,2,581.3981,-85.1237,0.3859,14,0.3500,0.8750,8,7,5,0,0,7,5,0.2857
4,60.0000,28,4,476.9715,-83.0421,0.4208,20,0.5000,0.6250,8,4,1,0,0,4,1,0.7500
4,60.0000,28,5,638.4775,-86.2236,0.8957,10,0.2500,0.8333,6,5,2,0,0,5,2,0.6000
4,60.0000,28,8,573.4054,-86.1080,0.6749,11,0.2750,1.0000,6,7,5,0,0,7,5,0.2857
4,60.0000,28,9,366.2182,-80.7526,-0.2430,24,0.6000,0.5000,6,8,7,0,0,8,7,0.1250
4,60.0000,28,10,306.0503,-78.3679,0.3397,22,0.5500,0.5000,6,6,4,0,0,6,4,0.3333
4,60.0000,28,11,567.8479,-85.7802,-0.1601,11,0.2750,0.0000,2,7,6,0,0,7,6,0.1429
4,60.0000,28,12,306.2828,-81.2474,1.2815,22,0.5500,0.8571,7,5,1,0,0,5,1,0.8000
4,60.0000,28,13,894.1196,-87.3237,3.0559,3,0.0750,1.0000,4,5,4,0,0,5,4,0.2000
4,60.0000,28,15,950.3798,-87.6189,-0.5749,3,0.0750,1.0000,2,2,2,0,0,2,2,0.0000
4,60.0000,28,16,289.1080,-76.6150,-1.0303,32,0.8000,0.2000,5,7,6,0,0,7,6,0.1429
4,60.0000,28,17,550.4851,-84.6673,0.3572,11,0.2750,0.8333,6,7,5,0,0,7,5,0.2857
4,60.0000,28,18,171.9460,-73.8871,0.2924,37,0.9250,0.0000,4,6,2,13,4,19,6,0.6842
4,60.0000,28,19,68.7911,-67.3214,1.9137,35,0.8750,0.4000,5,4,0,0,0,4,0,1.0000
4,60.0000,28,20,181.5401,-76.6547,0.8787,31,0.7750,0.2000,5,5,1,0,0,5,1,0.8000
4,60.0000,28,21,1060.4160,-88.7370,0.6124,6,0.1500,1.0000,2,6,6,0,0,6,6,0.0000
4,60.0000,28,24,861.5096,-86.2318,0.0549,5,0.1250,1.0000,8,3,2,0,0,3,2,0.3333
4,60.0000,28,25,814.1655,-88.2629,-0.0549,7,0.1750,0.8571,7,7,6,0,0,7,6,0.1429
4,60.0000,28,26,402.4823,-80.4143,-0.0697,23,0.5750,0.5000,6,7,6,0,0,7,6,0.1429
4,60.0000,28,29,239.8272,-76.8780,0.1222,34,0.8500,0.6250,8,5,1,0,0,5,1,0.8000
4,60.0000,28,30,582.5620,-85.1588,-0.8467,10,0.2500,0.8571,7,7,5,0,0,7,5,0.2857
4,60.0000,28,31,287.2922,-81.1807,0.5569,18,0.4500,0.7500,8,5,2,0,0,5,2,0.6000
4,60.0000,28,32,504.8682,-85.0124,0.1429,13,0.3250,0.8571,7,7,5,0,0,7,5,0.2857
4,60.0000,28,33,372.8972,-79.2444,-0.1648,18,0.4500,0.5000,6,6,3,6,5,12,8,0.3333
4,60.0000,28,34,893.2683,-88.2538,-0.9811,6,0.1500,0.5000,2,8,7,0,0,8,7,0.1250
4,60.0000,28,36,866.6297,-88.3696,-0.7419,3,0.0750,1.0000,4,6,5,0,0,6,5,0.1667
4,60.0000,28,39,399.5531,-82.3525,0.2919,21,0.5250,0.5000,6,8,7,0,0,8,7,0.1250
4,60.0000,28,42,777.9481,-86.3259,-0.7749,10,0.2500,1.0000,6,8,7,0,0,8,7,0.1250
4,60.0000,28,43,627.7929,-84.4793,-0.3253,12,0.3000,0.8571,7,8,8,0,0,8,8,0.0000
4,60.0000,28,44,267.4104,-78.4502,0.5634,24,0.6000,0.3846,13,4,0,0,0,4,0,1.0000
4,60.0000,28,45,781.0159,-86.6353,-0.1082,7,0.1750,1.0000,6,6,6,0,0,6,6,0.0000
4,60.0000,28,47,488.2365,-81.6125,-0.9936,18,0.4500,0.4286,7,8,6,0,0,8,6,0.2500
4,60.0000,29,0,787.1952,-88.0110,-0.3752,5,0.1250,1.0000,8,8,8,0,0,8,8,0.0000
4,60.0000,29,1,818.6863,-86.7336,0.2271,5,0.1250,1.0000,4,7,6,0,0,7,6,0.1429
4,60.0000,29,2,650.3301,-84.7566,-0.5114,7,0.1750,1.0000,8,7,6,0,0,7,6,0.1429
4,60.0000,29,4,465.8053,-82.7736,-0.0174,12,0.3000,1.0000,8,6,4,0,0,6,4,0.3333
4,60.0000,29,5,701.1849,-86.3743,1.1124,5,0.1250,0.8750,8,7,6,0,0,7,6,0.1429
4,60.0000,29,8,642.6091,-85.6959,-0.1428,8,0.2000,1.0000,8,7,6,0,0,7,6,0.1429
4,60.0000,29,9,474.4651,-81.2420,-0.8091,11,0.2750,0.8571,7,6,3,0,0,6,3,0.5000
4,60.0000,29,10,410.0203,-81.7401,-0.5305,10,0.2500,0.8571,7,6,3,0,0,6,3,0.5000
4,60.0000,29,11,711.2664,-85.0938,-0.6405,7,0.1750,0.6667,3,8,8,0,0,8,8,0.0000
4,60.0000,29,12,466.0260,-82.5180,0.1904,8,0.2000,0.6667,6,8,8,0,0,8,8,0.0000
4,60.0000,29,15,859.9820,-88.7753,-0.9479,3,0.0750,1.0000,2,8,8,0,0,8,8,0.0000
4,60.0000,29,16,190.9616,-73.5862,-0.5526,32,0.8000,0.5714,7,3,0,0,0,3,0,1.0000
4,60.0000,29,17,769.2604,-85.5534,-3.1812,4,0.1000,1.0000,6,8,8,0,0,8,8,0.0000
4,60.0000,29,18,148.8278,-70.5299,0.1158,30,0.7500,0.0000,4,7,5,0,0,7,5,0.2857
4,60.0000,29,19,187.3436,-75.6656,0.4227,23,0.5750,0.5984,127,6,2,57,26,63,28,0.5556
4,60.0000,29,20,315.5023,-78.4832,-0.2807,17,0.4250,0.8571,7,7,6,0,0,7,6,0.1429
4,60.0000,29,25,862.2491,-87.0253,-0.0753,5,0.1250,1.0000,8,6,6,0,0,6,6,0.0000
4,60.0000,29,26,549.4504,-83.3288,-0.5686,7,0.1750,0.7143,7,8,8,0,0,8,8,0.0000
4,60.0000,29,28,239.8272,-76.5578,0.0475,27,0.6750,0.5556,9,7,6,0,0,7,6,0.1429
4,60.0000,29,30,706.5386,-87.0176,0.5444,4,0.1000,0.8000,5,8,6,0,0,8,6,0.2500
4,60.0000,29,31,484.7808,-83.7871,1.0235,10,0.2500,0.6667,6,8,7,66,62,74,69,0.0676
4,60.0000,29,32,627.2845,-86.1362,1.7057,6,0.1500,0.8571,7,8,8,0,0,8,8,0.0000
4,60.0000,29,33,418.3927,-81.4618,0.1500,11,0.2750,0.8750,8,7,5,0,0,7,5,0.2857
4,60.0000,29,34,893.7039,-88.4231,-0.5606,5,0.1250,1.0000,6,2,2,0,0,2,2,0.0000
4,60.0000,29,38,815.8199,-86.6355,-0.0327,8,0.2000,1.0000,8,8,8,0,0,8,8,0.0000
4,60.0000,29,39,458.2586,-80.6859,-1.3642,11,0.2750,1.0000,8,8,8,0,0,8,8,0.0000
4,60.0000,29,43,734.4744,-86.5932,0.2665,6,0.1500,1.0000,2,8,8,0,0,8,8,0.0000
4,60.0000,29,44,348.9805,-81.5482,0.1722,11,0.2750,0.5714,7,6,4,0,0,6,4,0.3333
4,60.0000,29,45,808.6717,-85.5876,-0.2800,5,0.1250,1.0000,4,4,4,0,0,4,4,0.0000
4,60.0000,29,47,383.0983,-81.0771,-0.5912,20,0.5000,0.7143,7,7,6,0,0,7,6,0.1429
4,60.0000,30,0,550.9104,-83.9494,-0.6437,16,0.4000,0.7143,7,7,6,0,0,7,6,0.1429
4,60.0000,30,3,838.8235,-87.9356,0.5647,6,0.1500,1.0000,8,2,2,0,0,2,2,0.0000
4,60.0000,30,4,826.5037,-87.1618,-0.6264,6,0.1500,0.8750,8,8,8,0,0,8,8,0.0000
4,60.0000,30,7,805.1177,-87.5823,-0.2297,12,0.3000,1.0000,8,8,8,0,0,8,8,0.0000
4,60.0000,30,9,910.5177,-87.9404,-2.1750,5,0.1250,1.0000,8,6,6,0,0,6,6,0.0000
4,60.0000,30,10,327.7254,-81.1962,0.7548,14,0.3500,0.7500,8,8,8,0,0,8,8,0.0000
4,60.0000,30,11,764.9737,-89.4854,0.0334,3,0.0750,1.0000,4,8,8,0,0,8,8,0.0000
4,60.0000,30,12,754.4627,-86.2667,0.4088,5,0.1250,1.0000,8,7,6,0,0,7,6,0.1429
4,60.0000,30,14,490.4396,-82.7125,-0.6723,23,0.5750,1.0000,8,9,7,0,0,9,7,0.2222
4,60.0000,30,15,871.0691,-87.0983,0.5185,6,0.1500,1.0000,4,8,8,0,0,8,8,0.0000
4,60.0000,30,16,724.8725,-86.6710,0.9692,7,0.1750,0.8571,7,6,6,0,0,6,6,0.0000
4,60.0000,30,17,632.5319,-85.0882,0.4240,9,0.2250,0.8571,7,6,6,0,0,6,6,0.0000
4,60.0000,30,18,722.0667,-86.2677,-1.0486,9,0.2250,1.0000,8,8,8,0,0,8,8,0.0000
4,60.0000,30,19,639.0247,-85.8759,-0.5095,9,0.2250,0.8750,8,7,6,0,0,7,6,0.1429
4,60.0000,30,20,748.2055,-88.0019,-0.1286,7,0.1750,0.8571,7,8,8,0,0,8,8,0.0000
4,60.0000,30,22,731.4699,-85.9396,0.8300,8,0.2000,0.8571,7,8,8,0,0,8,8,0.0000
4,60.0000,30,23,523.8899,-83.0081,-0.7376,22,0.5500,0.7143,7,8,8,0,0,8,8,0.0000
4,60.0000,30,24,427.7767,-82.0338,-0.8766,22,0.5500,0.4000,5,8,8,0,0,8,8,0.0000
4,60.0000,30,26,328.3566,-81.3554,0.6516,17,0.4250,0.7500,8,7,6,0,0,7,6,0.1429
4,60.0000,30,28,582.5620,-85.4305,0.6144,12,0.3000,1.0000,8,6,5,0,0,6,5,0.1667
4,60.0000,30,29,706.5386,-88.1814,0.6564,7,0.1750,1.0000,8,8,8,0,0,8,8,0.0000
4,60.0000,30,31,443.7944,-82.8371,-0.7093,15,0.3750,0.8571,7,7,6,0,0,7,6,0.1429
4,60.0000,30,32,1004.2615,-88.5729,0.1391,4,0.1000,1.0000,8,6,6,0,0,6,6,0.0000
4,60.0000,30,33,550.1589,-84.3863,0.0348,12,0.3000,1.0000,8,8,8,0,0,8,8,0.0000
4,60.0000,30,38,676.2301,-85.7559,0.6626,13,0.3250,1.0000,8,8,8,0,0,8,8,0.0000
4,60.0000,30,39,965.6884,-88.5206,0.6639,5,0.1250,0.8571,7,8,8,0,0,8,8,0.0000
4,60.0000,30,41,760.0262,-86.2777,-0.9287,16,0.4000,1.0000,8,4,4,0,0,4,4,0.0000
4,60.0000,30,42,555.9411,-84.6211,-0.6826,15,0.3750,0.8000,5,7,6,0,0,7,6,0.1429
4,60.0000,30,43,294.6994,-77.4501,-0.5530,31,0.7750,0.2000,5,7,5,0,0,7,5,0.2857
4,60.0000,30,44,357.9243,-80.6076,-0.5730,19,0.4750,0.6667,6,7,6,0,0,7,6,0.1429
4,60.0000,30,46,668.3153,-86.2316,-0.2008,17,0.4250,1.0000,8,8,8,0,0,8,8,0.0000
4,60.0000,30,47,760.3111,-88.2945,-0.0126,8,0.2000,1.0000,8,6,6,0,0,6,6,0.0000
4,60.0000,31,0,850.6704,-87.4904,-0.5830,7,0.1750,,0,4,4,0,0,4,4,0.0000
4,60.0000,31,1,714.8030,-86.8800,1.6561,5,0.1250,0.8000,5,8,8,0,0,8,8,0.0000
4,60.0000,31,2,765.3435,-87.3318,0.1869,5,0.1250,0.8750,8,6,6,0,0,6,6,0.0000
4,60.0000,31,4,725.9315,-86.3731,-0.4338,4,0.1000,1.0000,8,8,8,0,0,8,8,0.0000
4,60.0000,31,5,750.4337,-87.3103,-0.1118,9,0.2250,0.7500,8,8,8,0,0,8,8,0.0000
4,60.0000,31,8,767.7776,-88.2153,0.6802,3,0.0750,1.0000,6,6,6,0,0,6,6,0.0000
4,60.0000,31,9,546.6223,-84.9821,-0.7105,10,0.2500,0.7500,8,8,8,0,0,8,8,0.0000
4,60.0000,31,10,234.0994,-75.2451,-0.1146,28,0.7000,0.2000,5,6,2,0,0,6,2,0.6667
4,60.0000,31,11,381.7719,-81.2844,-0.1065,26,0.6500,0.8240,125,6,4,61,51,67,55,0.1791
4,60.0000,31,12,318.0053,-81.5649,0.9182,15,0.3750,0.8571,7,7,4,68,57,75,61,0.1867
4,60.0000,31,13,770.8575,-87.0242,0.3794,5,0.1250,0.6667,3,5,4,0,0,5,4,0.2000
4,60.0000,31,14,896.3162,-87.8306,-0.2577,4,0.1000,,0,2,2,0,0,2,2,0.0000
4,60.0000,31,16,562.5909,-85.2246,-0.7008,11,0.2750,0.8571,7,8,8,0,0,8,8,0.0000
4,60.0000,31,17,316.2445,-79.5112,0.1580,29,0.7250,0.5714,7,6,3,0,0,6,3,0.5000
4,60.0000,31,18,410.7981,-83.1609,0.8604,14,0.3500,0.6667,6,6,4,0,0,6,4,0.3333
4,60.0000,31,19,339.3248,-79.3872,-0.3232,18,0.4500,0.9000,10,7,6,0,0,7,6,0.1429
4,60.0000,31,20,389.8188,-81.5541,0.1126,14,0.3500,1.0000,6,7,5,0,0,7,5,0.2857
4,60.0000,31,22,1024.9213,-87.3710,-0.1859,3,0.0750,1.0000,8,5,4,0,0,5,4,0.2000
4,60.0000,31,23,953.6357,-88.0257,0.7237,5,0.1250,1.0000,4,4,4,0,0,4,4,0.0000
4,60.0000,31,24,824.1264,-87.6851,0.4043,5,0.1250,1.0000,6,7,6,0,0,7,6,0.1429
4,60.0000,31,25,897.8319,-88.8249,-0.1854,3,0.0750,1.0000,8,6,6,0,0,6,6,0.0000
4,60.0000,31,26,175.0754,-70.6550,-1.6900,33,0.8250,0.0000,4,5,1,0,0,5,1,0.8000
4,60.0000,31,28,287.2922,-79.4512,0.9923,19,0.4750,0.8571,7,6,4,0,0,6,4,0.3333
4,60.0000,31,29,484.7808,-84.7819,0.0943,9,0.2250,1.0000,8,6,4,0,0,6,4,0.3333
4,60.0000,31,30,443.7944,-83.4418,0.3829,14,0.3500,1.0000,8,7,5,0,0,7,5,0.2857
4,60.0000,31,32,578.9273,-84.4919,-0.1204,11,0.2750,0.8750,8,8,8,0,0,8,8,0.0000
4,60.0000,31,33,546.0939,-84.6483,0.0646,9,0.2250,0.8750,8,7,6,0,0,7,6,0.1429
4,60.0000,31,35,1123.4704,-89.3793,0.4148,3,0.0750,1.0000,4,2,2,0,0,2,2,0.0000
4,60.0000,31,36,824.2004,-89.0056,-0.6779,3,0.0750,1.0000,6,6,6,0,0,6,6,0.0000
4,60.0000,31,39,573.6640,-85.2719,1.1211,7,0.1750,0.7500,8,8,6,12,12,20,18,0.1000
4,60.0000,31,42,843.1155,-88.2805,-1.0448,5,0.1250,,0,10,10,0,0,10,10,0.0000
4,60.0000,31,43,602.9982,-84.5010,0.2490,13,0.3250,0.8571,7,7,5,0,0,7,5,0.2857
4,60.0000,31,44,307.5069,-81.5687,1.1417,23,0.5750,0.5000,4,7,5,0,0,7,5,0.2857
4,60.0000,31,45,970.1614,-87.2764,-0.0926,5,0.1250,1.0000,6,4,4,0,0,4,4,0.0000
4,60.0000,31,47,726.9356,-86.6691,0.8691,7,0.1750,1.0000,8,8,8,0,0,8,8,0.0000
4,60.0000,32,1,312.8034,-79.6775,0.5334,31,0.7750,0.5000,6,7,5,0,0,7,5,0.2857
4,60.0000,32,2,328.0388,-82.1453,0.8855,19,0.4750,0.5000,8,4,0,0,0,4,0,1.0000
4,60.0000,32,4,792.2054,-87.8162,-0.1845,4,0.1000,1.0000,8,8,8,0,0,8,8,0.0000
4,60.0000,32,5,197.5040,-78.6365,1.9497,28,0.7000,0.4286,7,5,1,0,0,5,1,0.8000
4,60.0000,32,8,372.7139,-82.4585,0.4917,18,0.4500,0.6667,6,5,4,0,0,5,4,0.2000
4,60.0000,32,9,252.4591,-78.4263,0.6555,26,0.6500,0.5000,6,4,0,0,0,4,0,1.0000
4,60.0000,32,11,547.8728,-83.9178,0.0897,11,0.2750,0.8750,8,8,6,0,0,8,6,0.2500
4,60.0000,32,12,275.2610,-76.2492,-1.2758,32,0.8000,0.1667,6,8,7,0,0,8,7,0.1250
4,60.0000,32,13,613.2649,-83.8845,-0.5625,12,0.3000,0.8571,7,6,6,0,0,6,6,0.0000
4,60.0000,32,16,681.5153,-84.7614,1.9834,5,0.1250,0.8750,8,8,7,0,0,8,7,0.1250
4,60.0000,32,17,584.6369,-83.7977,-0.0333,9,0.2250,1.0000,8,8,8,0,0,8,8,0.0000
4,60.0000,32,18,482.5235,-83.9220,0.5530,7,0.1750,0.6667,6,5,2,0,0,5,2,0.6000
4,60.0000,32,19,491.4992,-83.5400,-0.3900,10,0.2500,0.8750,8,7,6,0,0,7,6,0.1429
4,60.0000,32,20,341.9582,-79.9128,0.9165,13,0.3250,1.0000,8,6,4,0,0,6,4,0.3333
4,60.0000,32,21,563.7907,-84.4158,0.4053,22,0.5500,0.6667,6,5,4,0,0,5,4,0.2000
4,60.0000,32,25,362.8293,-80.4440,0.8516,24,0.6000,0.4000,5,7,5,0,0,7,5,0.2857
4,60.0000,32,26,745.9723,-86.3088,-0.8876,5,0.1250,0.9000,10,8,8,0,0,8,8,0.0000
4,60.0000,32,27,797.8014,-86.4639,0.6200,9,0.2250,1.0000,6,4,4,0,0,4,4,0.0000
4,60.0000,32,28,504.8682,-84.5352,-0.4034,8,0.2000,1.0000,8,8,8,0,0,8,8,0.0000
4,60.0000,32,29,627.2845,-87.6556,1.1447,5,0.1250,1.0000,8,8,8,0,0,8,8,0.0000
4,60.0000,32,31,578.9273,-85.0456,-0.1800,8,0.2000,0.8750,8,8,8,0,0,8,8,0.0000
4,60.0000,32,33,820.3030,-88.7848,0.5315,3,0.0750,1.0000,8,2,2,0,0,2,2,0.0000
4,60.0000,32,34,524.3291,-84.4094,0.7976,10,0.2500,1.0000,8,7,5,0,0,7,5,0.2857
4,60.0000,32,35,627.0545,-85.4591,-0.1729,14,0.3500,1.0000,8,3,2,0,0,3,2,0.3333
4,60.0000,32,36,486.7187,-83.7509,0.7253,21,0.5250,0.8571,7,5,2,0,0,5,2,0.6000
4,60.0000,32,39,213.4994,-77.7196,0.9009,30,0.7500,0.7500,8,6,2,0,0,6,2,0.6667
4,60.0000,32,40,788.2333,-87.0338,0.0136,9,0.2250,,0,8,8,0,0,8,8,0.0000
4,60.0000,32,44,757.8894,-87.1049,1.0436,6,0.1500,1.0000,8,7,5,0,0,7,5,0.2857
4,60.0000,32,45,467.0626,-83.9578,0.0309,18,0.4500,0.8571,7,6,3,0,0,6,3,0.5000
4,60.0000,32,47,905.9056,-88.2497,-0.5255,3,0.0750,1.0000,4,7,5,0,0,7,5,0.2857
4,60.0000,33,0,499.4605,-84.7858,-0.6520,18,0.4390,0.6667,6,7,6,0,0,7,6,0.1429
4,60.0000,33,2,776.3049,-86.7284,-0.5577,7,0.1707,1.0000,6,8,8,0,0,8,8,0.0000
4,60.0000,33,4,281.8484,-79.4084,0.1753,29,0.7073,0.5714,7,6,3,0,0,6,3,0.5000
4,60.0000,33,8,739.9040,-85.6799,-0.0882,3,0.0732,1.0000,6,8,8,0,0,8,8,0.0000
4,60.0000,33,9,610.0017,-84.5656,-1.4420,9,0.2195,0.6667,3,8,8,0,0,8,8,0.0000
4,60.0000,33,10,445.8686,-83.0865,-0.1512,18,0.4390,0.8750,8,7,4,0,0,7,4,0.4286
4,60.0000,33,11,906.6343,-87.7788,-0.6171,3,0.0732,1.0000,6,8,8,0,0,8,8,0.0000
4,60.0000,33,12,665.9743,-85.6971,-1.8466,5,0.1220,0.8571,7,8,7,0,0,8,7,0.1250
4,60.0000,33,14,951.1518,-88.2132,0.0032,6,0.1463,,0,2,2,0,0,2,2,0.0000
4,60.0000,33,15,650.1826,-85.7654,-0.3986,9,0.2195,0.8571,7,8,8,0,0,8,8,0.0000
4,60.0000,33,16,288.9981,-80.0438,-0.4286,19,0.4634,0.4000,5,5,2,0,0,5,2,0.6000
4,60.0000,33,17,802.3919,-86.6005,-0.5637,3,0.0732,1.0000,6,8,8,0,0,8,8,0.0000
4,60.0000,33,18,476.2014,-82.8566,-0.3035,17,0.4146,0.8571,7,8,8,12,11,20,19,0.0500
4,60.0000,33,19,400.2445,-81.6997,0.2058,15,0.3659,0.7500,8,7,4,0,0,7,4,0.4286
4,60.0000,33,20,494.0575,-82.9094,-0.3244,12,0.2927,0.8571,7,8,8,0,0,8,8,0.0000
4,60.0000,33,22,601.4087,-85.5885,-0.3646,16,0.3902,1.0000,8,5,2,0,0,5,2,0.6000
4,60.0000,33,24,675.7294,-86.3161,-0.6676,12,0.2927,0.8571,7,7,6,0,0,7,6,0.1429
4,60.0000,33,26,589.8329,-84.8205,-0.4695,13,0.3171,1.0000,8,8,8,0,0,8,8,0.0000
4,60.0000,33,28,372.8972,-80.6295,-1.1859,20,0.4878,0.6667,6,8,6,0,0,8,6,0.2500
4,60.0000,33,29,418.3927,-81.9062,-0.2390,16,0.3902,0.8750,8,7,6,0,0,7,6,0.1429
4,60.0000,33,30,550.1589,-84.6735,0.0984,16,0.3902,0.8571,7,5,4,0,0,5,4,0.2000
4,60.0000,33,31,546.0939,-85.0326,0.3373,9,0.2195,1.0000,8,8,7,0,0,8,7,0.1250
4,60.0000,33,32,820.3030,-88.0492,-0.1633,5,0.1220,1.0000,6,8,7,0,0,8,7,0.1250
4,60.0000,33,38,550.0359,-84.2402,-0.8548,17,0.4146,1.0000,8,8,8,0,0,8,8,0.0000
4,60.0000,33,39,693.4941,-86.0017,0.0792,10,0.2439,1.0000,8,8,8,0,0,8,8,0.0000
4,60.0000,33,41,1016.1805,-89.1060,0.2245,5,0.1220,1.0000,6,4,4,0,0,4,4,0.0000
4,60.0000,33,42,460.5093,-83.4464,-0.2669,18,0.4390,0.6000,5,8,7,0,0,8,7,0.1250
4,60.0000,33,43,414.3579,-81.7429,0.0134,21,0.5122,0.5714,7,7,5,0,0,7,5,0.2857
4,60.0000,33,44,325.5807,-79.4677,-0.9723,23,0.5610,0.8750,8,7,4,4,4,11,8,0.2727
4,60.0000,33,47,274.1713,-78.6385,0.1862,28,0.6829,0.5000,6,4,0,0,0,4,0,1.0000
4,60.0000,34,1,607.1470,-85.5481,-0.1421,7,0.1750,1.0000,8,8,7,0,0,8,7,0.1250
4,60.0000,34,2,420.4018,-82.7659,0.9455,14,0.3500,0.7143,7,5,2,0,0,5,2,0.6000
4,60.0000,34,5,341.4824,-79.7131,-0.1361,26,0.6500,0.5714,7,8,7,0,0,8,7,0.1250
4,60.0000,34,8,468.9997,-83.6239,0.2416,17,0.4250,0.8750,8,6,4,0,0,6,4,0.3333
4,60.0000,34,9,575.8170,-85.2577,-0.5837,7,0.1750,1.0000,8,8,7,0,0,8,7,0.1250
4,60.0000,34,12,756.4921,-88.0514,-4.7251,3,0.0750,0.8750,8,7,6,0,0,7,6,0.1429
4,60.0000,34,16,920.4601,-88.1559,0.2955,3,0.0750,0.8571,7,6,6,0,0,6,6,0.0000
4,60.0000,34,20,718.3543,-86.9344,-1.5466,4,0.1000,1.0000,8,7,6,0,0,7,6,0.1429
4,60.0000,34,21,463.6403,-81.7280,-0.0511,26,0.6500,0.7143,7,5,1,0,0,5,1,0.8000
4,60.0000,34,25,337.1941,-81.0262,0.2372,22,0.5500,0.5000,6,7,6,0,0,7,6,0.1429
4,60.0000,34,27,941.1784,-87.5767,0.3973,4,0.1000,1.0000,8,2,2,0,0,2,2,0.0000
4,60.0000,34,32,524.3291,-84.5200,1.4670,8,0.2000,1.0000,8,10,8,0,0,10,8,0.2000
4,60.0000,34,35,518.3039,-84.1339,1.0579,19,0.4750,0.5000,6,8,8,0,0,8,8,0.0000
4,60.0000,34,36,726.9893,-86.7649,-0.5229,4,0.1000,1.0000,8,7,6,0,0,7,6,0.1429
4,60.0000,34,39,498.5195,-84.3641,-0.6700,8,0.2000,0.8571,7,7,6,0,0,7,6,0.1429
4,60.0000,34,45,245.7702,-79.0773,1.0677,28,0.7000,0.5000,6,5,2,0,0,5,2,0.6000
4,60.0000,35,1,424.1675,-80.5582,-0.5300,19,0.4750,0.5000,6,8,8,0,0,8,8,0.0000
4,60.0000,35,5,485.0794,-83.3080,-0.2803,13,0.3250,1.0000,8,10,10,0,0,10,10,0.0000
4,60.0000,35,11,900.8430,-88.2592,0.9842,3,0.0750,1.0000,8,8,8,0,0,8,8,0.0000
4,60.0000,35,13,643.0871,-82.7637,0.0090,11,0.2750,0.7500,8,8,8,0,0,8,8,0.0000
4,60.0000,35,21,450.3102,-82.9673,0.3541,20,0.5000,0.7143,7,8,7,0,0,8,7,0.1250
4,60.0000,35,25,286.4733,-80.0922,0.6385,25,0.6250,1.0000,8,4,0,0,0,4,0,1.0000
4,60.0000,35,27,566.7046,-83.7804,0.4538,20,0.5000,0.7143,7,8,7,0,0,8,7,0.1250
4,60.0000,35,34,518.3039,-84.0638,-0.0329,15,0.3750,0.8750,8,8,7,0,0,8,7,0.1250
4,60.0000,35,36,401.4074,-80.7176,-1.1752,21,0.5250,0.8750,8,7,5,0,0,7,5,0.2857
4,60.0000,35,40,628.3608,-85.5466,-0.1881,20,0.5000,1.0000,8,8,8,0,0,8,8,0.0000
4,60.0000,35,45,705.3107,-86.6708,1.2738,4,0.1000,1.0000,8,7,6,0,0,7,6,0.1429
4,60.0000,36,1,175.1784,-76.6941,1.2689,34,0.8500,0.0000,4,4,0,0,0,4,0,1.0000
4,60.0000,36,2,777.8514,-87.6903,0.6307,4,0.1000,1.0000,6,8,8,0,0,8,8,0.0000
4,60.0000,36,5,476.3015,-84.9211,0.9716,10,0.2500,0.7143,7,8,7,0,0,8,7,0.1250
4,60.0000,36,8,833.9784,-86.8887,-0.1722,6,0.1500,1.0000,8,8,8,0,0,8,8,0.0000
4,60.0000,36,9,729.4283,-86.0877,0.7154,5,0.1250,1.0000,8,8,8,0,0,8,8,0.0000
4,60.0000,36,11,532.3066,-84.9379,-0.1944,12,0.3000,1.0000,8,6,6,0,0,6,6,0.0000
4,60.0000,36,12,569.4665,-84.1957,-0.4114,10,0.2500,0.8750,8,8,8,0,0,8,8,0.0000
4,60.0000,36,13,249.7810,-75.6074,-0.8684,36,0.9000,0.4000,5,5,2,0,0,5,2,0.6000
4,60.0000,36,17,733.1887,-87.4394,-0.3168,6,0.1500,1.0000,8,6,6,0,0,6,6,0.0000
4,60.0000,36,20,752.8848,-87.9343,0.6250,6,0.1500,1.0000,8,8,8,0,0,8,8,0.0000
4,60.0000,36,21,618.1038,-84.9496,0.6214,14,0.3500,1.0000,8,8,7,0,0,8,7,0.1250
4,60.0000,36,25,390.2136,-83.0011,0.3911,21,0.5250,1.0000,8,7,5,0,0,7,5,0.2857
4,60.0000,36,26,943.2622,-88.7617,-0.8031,3,0.0750,1.0000,8,6,6,0,0,6,6,0.0000
4,60.0000,36,27,501.2343,-83.1775,-0.1239,28,0.7000,0.8571,7,7,5,0,0,7,5,0.2857
4,60.0000,36,28,866.6297,-88.1320,-0.0958,3,0.0750,1.0000,8,7,6,0,0,7,6,0.1429
4,60.0000,36,29,958.3468,-88.3118,-0.0353,5,0.1250,1.0000,2,8,8,0,0,8,8,0.0000
4,60.0000,36,31,824.2004,-86.5979,0.2989,5,0.1250,1.0000,8,4,4,0,0,4,4,0.0000
4,60.0000,36,32,486.7187,-83.6168,0.4822,12,0.3000,0.8571,7,8,8,0,0,8,8,0.0000
4,60.0000,36,34,726.9893,-87.3467,-0.4616,8,0.2000,1.0000,8,7,6,0,0,7,6,0.1429
4,60.0000,36,35,401.4074,-81.9985,-0.3555,26,0.6500,0.0000,4,6,4,0,0,6,4,0.3333
4,60.0000,36,39,635.5288,-85.4546,-0.1256,7,0.1750,1.0000,8,8,8,0,0,8,8,0.0000
4,60.0000,36,40,533.3529,-84.1739,0.3890,28,0.7000,0.8571,7,8,8,0,0,8,8,0.0000
4,60.0000,36,45,820.1226,-87.5850,0.3657,5,0.1250,1.0000,6,6,6,0,0,6,6,0.0000
4,60.0000,37,0,564.0719,-82.9262,0.1519,8,0.2000,1.0000,8,8,8,0,0,8,8,0.0000
4,60.0000,37,3,363.7958,-79.0253,-1.1778,31,0.7750,0.4000,5,8,7,0,0,8,7,0.1250
4,60.0000,37,6,181.9693,-74.0153,-0.3082,38,0.9500,0.2000,5,4,0,0,0,4,0,1.0000
4,60.0000,37,7,524.6968,-84.6062,0.3781,17,0.4250,0.8750,8,7,5,0,0,7,5,0.2857
4,60.0000,37,14,944.4231,-87.2032,-1.0171,5,0.1250,1.0000,6,6,6,0,0,6,6,0.0000
4,60.0000,37,15,449.1368,-80.2363,-0.6015,21,0.5250,0.3333,6,8,8,0,0,8,8,0.0000
4,60.0000,37,22,512.4459,-83.4709,-0.1659,10,0.2500,0.7500,8,6,4,0,0,6,4,0.3333
4,60.0000,37,23,918.6794,-88.8586,-0.4309,3,0.0750,1.0000,8,8,8,0,0,8,8,0.0000
4,60.0000,37,24,667.4122,-84.6165,-0.2540,8,0.2000,1.0000,8,8,7,0,0,8,7,0.1250
4,60.0000,37,38,477.9272,-83.7608,0.5563,10,0.2500,0.8000,5,8,6,0,0,8,6,0.2500
4,60.0000,37,41,595.7899,-84.7341,-0.7564,13,0.3250,1.0000,8,6,3,0,0,6,3,0.5000
4,60.0000,37,42,611.5133,-83.1036,0.3369,10,0.2500,0.8750,8,8,8,0,0,8,8,0.0000
4,60.0000,37,46,690.7372,-85.6619,-0.2942,9,0.2250,0.8571,7,7,6,0,0,7,6,0.1429
4,60.0000,38,0,136.2791,-73.7823,1.1003,31,0.7750,0.2000,5,5,1,0,0,5,1,0.8000
4,60.0000,38,3,481.6763,-84.4277,1.0835,16,0.4000,0.8750,8,6,4,0,0,6,4,0.3333
4,60.0000,38,4,726.4685,-85.6830,-0.0774,4,0.1000,1.0000,8,7,6,0,0,7,6,0.1429
4,60.0000,38,6,580.7083,-85.0074,0.4365,17,0.4250,0.6667,6,8,7,0,0,8,7,0.1250
4,60.0000,38,7,602.3688,-85.4444,0.5207,8,0.2000,1.0000,8,8,7,0,0,8,7,0.1250
4,60.0000,38,14,766.5699,-85.8200,-0.2540,5,0.1250,1.0000,8,6,6,0,0,6,6,0.0000
4,60.0000,38,15,221.4058,-77.4997,0.3679,33,0.8250,0.0000,4,4,0,0,0,4,0,1.0000
4,60.0000,38,22,233.6349,-77.6221,-0.2303,31,0.7750,0.0000,4,4,0,0,0,4,0,1.0000
4,60.0000,38,24,404.0588,-82.4658,0.9215,14,0.3500,0.8571,7,7,6,0,0,7,6,0.1429
4,60.0000,38,30,676.2301,-84.4695,-1.4967,3,0.0750,1.0000,8,8,8,0,0,8,8,0.0000
4,60.0000,38,33,550.0359,-81.2564,-1.1133,4,0.1000,0.8571,7,8,8,0,0,8,8,0.0000
4,60.0000,38,37,477.9272,-82.8120,-0.4894,20,0.5000,0.5000,6,6,3,0,0,6,3,0.5000
4,60.0000,38,41,619.1094,-85.7789,0.2629,8,0.2000,0.8571,7,7,6,0,0,7,6,0.1429
4,60.0000,38,42,188.4946,-74.3970,0.1993,33,0.8250,0.2000,5,4,0,0,0,4,0,1.0000
4,60.0000,38,43,494.4432,-84.0286,-0.5540,6,0.1500,0.6667,6,8,7,0,0,8,7,0.1250
4,60.0000,38,46,648.3456,-85.6715,0.1014,5,0.1250,0.8571,7,6,4,0,0,6,4,0.3333
4,60.0000,38,47,558.5785,-84.1253,-1.2105,3,0.0750,0.6667,6,7,6,0,0,7,6,0.1429
4,60.0000,39,1,465.4034,-83.8761,-0.0608,22,0.5500,0.8750,8,7,5,0,0,7,5,0.2857
4,60.0000,39,2,266.7629,-79.0116,0.9207,32,0.8000,0.6667,6,4,0,0,0,4,0,1.0000
4,60.0000,39,4,633.2935,-85.6783,-1.7056,5,0.1250,0.7143,7,7,6,0,0,7,6,0.1429
4,60.0000,39,5,257.2288,-79.8175,0.5367,28,0.7000,0.2000,5,6,3,0,0,6,3,0.5000
4,60.0000,39,8,297.5089,-80.4117,1.0967,26,0.6500,0.5000,6,6,3,0,0,6,3,0.5000
4,60.0000,39,9,151.1115,-73.0907,0.2262,38,0.9500,0.2000,5,5,1,0,0,5,1,0.8000
4,60.0000,39,10,683.2891,-85.7821,-0.7914,8,0.2000,1.0000,8,8,7,0,0,8,7,0.1250
4,60.0000,39,11,631.7626,-85.7703,-0.1542,11,0.2750,0.3333,3,10,10,0,0,10,10,0.0000
4,60.0000,39,12,298.8910,-78.2857,0.2337,24,0.6000,0.5000,6,7,3,0,0,7,3,0.5714
4,60.0000,39,13,767.9519,-86.8950,-0.9722,9,0.2250,1.0000,8,8,8,0,0,8,8,0.0000
4,60.0000,39,16,504.4079,-80.6362,-0.8021,16,0.4000,0.7143,7,7,5,0,0,7,5,0.2857
4,60.0000,39,17,685.2453,-86.9906,0.7031,6,0.1500,1.0000,4,8,8,0,0,8,8,0.0000
4,60.0000,39,18,329.4875,-81.8318,0.6566,17,0.4250,0.8571,7,8,6,0,0,8,6,0.2500
4,60.0000,39,19,363.1871,-79.4826,-0.3526,19,0.4750,0.7143,7,8,6,0,0,8,6,0.2500
4,60.0000,39,20,223.4814,-73.7868,-0.8441,30,0.7500,0.2000,5,8,5,0,0,8,5,0.3750
4,60.0000,39,21,697.0214,-85.5911,-0.4365,15,0.3750,1.0000,2,6,6,0,0,6,6,0.0000
4,60.0000,39,25,445.6621,-82.6689,-0.3480,23,0.5750,0.4000,5,7,6,0,0,7,6,0.1429
4,60.0000,39,26,729.3600,-85.1683,-0.9735,8,0.2000,0.8571,7,8,8,0,0,8,8,0.0000
4,60.0000,39,27,994.2365,-88.5258,-0.0683,6,0.1500,1.0000,2,6,6,0,0,6,6,0.0000
4,60.0000,39,28,399.5531,-82.3563,0.0629,12,0.3000,0.5000,6,7,6,0,0,7,6,0.1429
4,60.0000,39,29,458.2586,-82.4204,-0.9954,16,0.4000,0.7143,7,8,7,0,0,8,7,0.1250
4,60.0000,39,30,965.6884,-89.2217,0.0602,3,0.0750,1.0000,8,6,6,0,0,6,6,0.0000
4,60.0000,39,31,573.6640,-84.5090,-0.3606,8,0.2000,1.0000,8,7,5,0,0,7,5,0.2857
4,60.0000,39,32,213.4994,-77.8666,1.2149,28,0.7000,0.5000,4,4,0,0,0,4,0,1.0000
4,60.0000,39,33,693.4941,-85.1586,-0.2609,7,0.1750,0.8571,7,8,8,0,0,8,8,0.0000
4,60.0000,39,34,498.5195,-84.4646,0.3993,19,0.4750,0.4000,5,7,5,0,0,7,5,0.2857
4,60.0000,39,35,725.8605,-87.4523,-0.0579,10,0.2500,1.0000,8,8,8,0,0,8,8,0.0000
4,60.0000,39,36,635.5288,-86.5354,0.1654,15,0.3750,0.7500,8,8,7,0,0,8,7,0.1250
4,60.0000,39,40,991.9218,-88.0177,0.1185,4,0.1000,1.0000,4,6,5,0,0,6,5,0.1667
4,60.0000,39,43,1005.1641,-88.9592,-0.2415,3,0.0750,1.0000,6,6,6,0,0,6,6,0.0000
4,60.0000,39,44,665.0934,-87.4012,0.5209,8,0.2000,1.0000,8,8,7,0,0,8,7,0.1250
4,60.0000,39,45,418.7311,-82.5436,-0.7367,21,0.5250,0.5714,7,7,4,0,0,7,4,0.4286
4,60.0000,39,47,728.7251,-85.5061,-0.2420,8,0.2000,0.8750,8,8,8,0,0,8,8,0.0000
4,60.0000,40,1,600.6955,-85.0157,-0.5937,8,0.2000,0.8750,8,8,8,0,0,8,8,0.0000
4,60.0000,40,13,579.6923,-84.0153,0.0354,11,0.2750,1.0000,8,9,8,0,0,9,8,0.1111
4,60.0000,40,21,575.8693,-84.6032,0.2178,10,0.2500,1.0000,8,7,6,0,0,7,6,0.1429
4,60.0000,40,27,90.6513,-67.4955,0.4958,39,0.9750,0.1176,85,5,0,80,8,85,8,0.9059
4,60.0000,40,35,628.3608,-84.9915,0.2054,16,0.4000,1.0000,8,8,8,0,0,8,8,0.0000
4,60.0000,40,36,533.3529,-83.5733,0.5252,12,0.3000,0.7143,7,7,5,0,0,7,5,0.2857
4,60.0000,41,0,561.5747,-83.9206,-0.4671,8,0.2051,1.0000,8,8,8,0,0,8,8,0.0000
4,60.0000,41,3,232.4934,-78.8054,0.8957,29,0.7436,0.4000,5,4,0,0,0,4,0,1.0000
4,60.0000,41,6,776.4575,-85.7624,-1.2482,8,0.2051,0.8750,8,7,6,0,0,7,6,0.1429
4,60.0000,41,7,196.1504,-75.2594,-0.4216,36,0.9231,0.2000,5,6,2,0,0,6,2,0.6667
4,60.0000,41,14,484.4260,-81.5401,-0.8355,26,0.6667,0.8571,7,8,8,0,0,8,8,0.0000
4,60.0000,41,15,784.8544,-87.2704,-1.0779,5,0.1282,0.6667,6,8,8,0,0,8,8,0.0000
4,60.0000,41,22,598.4871,-84.7857,0.9874,8,0.2051,0.8571,7,7,6,0,0,7,6,0.1429
4,60.0000,41,23,407.2883,-81.4464,0.1199,25,0.6410,0.5000,8,6,4,0,0,6,4,0.3333
4,60.0000,41,24,402.2840,-80.2038,-0.5155,26,0.6667,0.6667,6,6,4,0,0,6,4,0.3333
4,60.0000,41,30,760.0262,-87.5915,-0.7103,5,0.1282,0.8889,9,8,8,0,0,8,8,0.0000
4,60.0000,41,37,595.7899,-84.2404,-0.6466,12,0.3077,0.8571,7,8,8,0,0,8,8,0.0000
4,60.0000,41,38,619.1094,-85.6020,0.4262,7,0.1795,0.4000,5,7,6,0,0,7,6,0.1429
4,60.0000,41,42,598.6655,-85.2593,-0.2672,11,0.2821,1.0000,8,8,8,0,0,8,8,0.0000
4,60.0000,41,43,681.5610,-86.0679,-0.0824,5,0.1282,1.0000,8,8,8,0,0,8,8,0.0000
4,60.0000,41,44,991.2067,-87.6350,0.1668,3,0.0769,1.0000,6,8,8,0,0,8,8,0.0000
4,60.0000,41,46,203.3121,-75.4133,0.2762,37,0.9487,0.0000,4,6,3,0,0,6,3,0.5000
4,60.0000,42,0,97.4775,-71.1018,1.5827,34,0.8500,0.0000,4,4,0,0,0,4,0,1.0000
4,60.0000,42,3,520.2132,-83.1929,0.5806,15,0.3750,0.7143,7,8,6,0,0,8,6,0.2500
4,60.0000,42,4,670.3750,-85.6555,2.4494,4,0.1000,0.9333,15,8,8,0,0,8,8,0.0000
4,60.0000,42,6,735.0804,-85.7642,-0.1099,13,0.3250,0.8750,8,8,8,0,0,8,8,0.0000
4,60.0000,42,7,635.7153,-85.0570,0.4314,7,0.1750,0.7500,8,8,8,0,0,8,8,0.0000
4,60.0000,42,10,668.8167,-85.8806,0.2130,4,0.1000,1.0000,8,8,8,0,0,8,8,0.0000
4,60.0000,42,14,716.9285,-85.6450,0.3993,9,0.2250,0.8750,8,7,6,0,0,7,6,0.1429
4,60.0000,42,15,394.2051,-80.7082,-0.5750,25,0.6250,0.8571,7,7,6,0,0,7,6,0.1429
4,60.0000,42,16,699.2081,-86.2001,-1.1125,3,0.0750,1.0000,8,5,2,0,0,5,2,0.6000
4,60.0000,42,18,882.4257,-87.5990,-0.8737,3,0.0750,1.0000,8,6,6,0,0,6,6,0.0000
4,60.0000,42,22,190.0242,-74.2239,-0.4244,34,0.8500,0.0000,4,4,0,0,0,4,0,1.0000
4,60.0000,42,23,604.7565,-85.0262,-0.2647,13,0.3250,0.8750,8,8,8,0,0,8,8,0.0000
4,60.0000,42,24,366.3915,-81.5644,0.5715,16,0.4000,0.3333,6,7,6,0,0,7,6,0.1429
4,60.0000,42,29,791.9175,-88.1207,-0.4731,3,0.0750,1.0000,4,8,8,0,0,8,8,0.0000
4,60.0000,42,30,555.9411,-84.2023,-0.8467,5,0.1250,0.8750,8,8,8,0,0,8,8,0.0000
4,60.0000,42,33,460.5093,-83.6177,0.2187,6,0.1500,0.8571,7,8,8,0,0,8,8,0.0000
4,60.0000,42,37,611.5133,-84.6352,-0.8096,17,0.4250,0.7143,7,7,6,0,0,7,6,0.1429
4,60.0000,42,38,188.4946,-74.2660,0.0867,32,0.8000,0.4000,5,5,2,0,0,5,2,0.6000
4,60.0000,42,41,598.6655,-83.9685,-0.8948,14,0.3500,0.8571,7,8,8,0,0,8,8,0.0000
4,60.0000,42,43,325.5549,-82.3947,1.7483,10,0.2500,1.0000,6,6,3,0,0,6,3,0.5000
4,60.0000,42,44,579.2939,-84.3335,0.4465,5,0.1250,1.0000,12,7,6,0,0,7,6,0.1429
4,60.0000,42,46,634.5208,-84.7668,0.1640,12,0.3000,0.8571,7,8,7,0,0,8,7,0.1250
4,60.0000,42,47,558.9215,-83.8951,0.3645,6,0.1500,1.0000,8,7,6,0,0,7,6,0.1429
4,60.0000,43,0,365.6066,-80.3680,0.2214,19,0.4750,0.7778,9,5,3,0,0,5,3,0.4000
4,60.0000,43,3,711.8569,-86.6198,0.0288,6,0.1500,1.0000,8,8,8,0,0,8,8,0.0000
4,60.0000,43,4,680.1922,-86.7951,-0.7631,3,0.0750,1.0000,8,8,8,0,0,8,8,0.0000
4,60.0000,43,6,1045.9125,-88.3581,0.4510,4,0.1000,,0,4,4,0,0,4,4,0.0000
4,60.0000,43,7,758.4763,-86.9549,-0.5771,3,0.0750,1.0000,8,6,6,0,0,6,6,0.0000
4,60.0000,43,9,918.5193,-87.9480,4.4350,3,0.0750,0.8750,8,2,2,0,0,2,2,0.0000
4,60.0000,43,10,483.7515,-82.4799,0.0400,8,0.2000,1.0000,8,7,6,0,0,7,6,0.1429
4,60.0000,43,11,974.0032,-87.3612,-0.5198,5,0.1250,,0,6,6,0,0,6,6,0.0000
4,60.0000,43,12,864.2286,-87.0202,-0.3818,3,0.0750,1.0000,6,8,8,0,0,8,8,0.0000
4,60.0000,43,14,622.3866,-84.6102,-0.8603,11,0.2750,0.6667,6,6,6,0,0,6,6,0.0000
4,60.0000,43,15,699.3947,-87.1374,-0.6325,3,0.0750,1.0000,4,8,8,0,0,8,8,0.0000
4,60.0000,43,16,675.1166,-86.3292,0.6291,4,0.1000,1.0000,8,7,6,0,0,7,6,0.1429
4,60.0000,43,17,799.6739,-86.8627,-0.7573,4,0.1000,1.0000,4,6,6,0,0,6,6,0.0000
4,60.0000,43,19,682.4786,-84.9228,-0.3669,5,0.1250,0.8571,7,8,8,0,0,8,8,0.0000
4,60.0000,43,20,783.7895,-88.4928,0.2527,3,0.0750,1.0000,8,8,8,0,0,8,8,0.0000
4,60.0000,43,22,480.1600,-84.5352,0.2018,13,0.3250,0.8750,8,8,7,0,0,8,7,0.1250
4,60.0000,43,23,479.2641,-82.6999,0.1763,21,0.5250,0.7143,7,6,4,0,0,6,4,0.3333
4,60.0000,43,24,396.9535,-82.8025,1.1142,16,0.4000,0.8571,7,6,4,0,0,6,4,0.3333
4,60.0000,43,26,554.8593,-82.4978,-0.1727,4,0.1000,1.0000,8,10,9,0,0,10,9,0.1000
4,60.0000,43,28,627.7929,-85.8060,-0.9309,5,0.1250,1.0000,8,8,8,0,0,8,8,0.0000
4,60.0000,43,30,294.6994,-77.3859,-0.1183,27,0.6750,0.5000,6,7,5,0,0,7,5,0.2857
4,60.0000,43,31,602.9982,-84.7423,-0.0274,6,0.1500,0.7143,7,8,8,0,0,8,8,0.0000
4,60.0000,43,33,414.3579,-81.9996,0.0093,8,0.2000,0.9500,20,6,2,15,14,21,16,0.2381
4,60.0000,43,38,494.4432,-84.3332,-1.1342,11,0.2750,0.8571,7,7,5,0,0,7,5,0.2857
4,60.0000,43,41,681.5610,-85.7755,0.6784,10,0.2500,0.8750,8,7,6,0,0,7,6,0.1429
4,60.0000,43,42,325.5549,-81.0750,0.9969,20,0.5000,0.8750,8,8,5,0,0,8,5,0.3750
4,60.0000,43,44,429.8727,-80.6717,-0.1107,9,0.2250,0.8571,7,8,8,0,0,8,8,0.0000
4,60.0000,43,46,668.9755,-85.3415,0.0432,9,0.2250,1.0000,6,8,8,0,0,8,8,0.0000
4,60.0000,43,47,640.2734,-87.7381,0.0031,3,0.0750,0.8750,8,7,6,0,0,7,6,0.1429
4,60.0000,44,0,574.9991,-83.3567,-1.2333,21,0.5250,0.8571,7,7,5,0,0,7,5,0.2857
4,60.0000,44,2,842.3037,-86.5852,1.2670,6,0.1500,0.8571,7,8,8,0,0,8,8,0.0000
4,60.0000,44,3,993.3243,-88.3374,-1.6875,3,0.0750,1.0000,6,2,2,0,0,2,2,0.0000
4,60.0000,44,4,558.5019,-84.9984,-0.4094,16,0.4000,0.8571,7,6,3,0,0,6,3,0.5000
4,60.0000,44,5,899.3100,-87.7791,0.3513,3,0.0750,1.0000,8,8,7,0,0,8,7,0.1250
4,60.0000,44,7,995.9976,-88.3205,-0.5284,5,0.1250,1.0000,6,8,8,0,0,8,8,0.0000
4,60.0000,44,8,828.1920,-88.7611,0.6815,4,0.1000,1.0000,4,8,8,0,0,8,8,0.0000
4,60.0000,44,9,629.3681,-85.5078,0.4272,9,0.2250,1.0000,8,8,8,0,0,8,8,0.0000
4,60.0000,44,10,125.3757,-74.0556,1.1812,33,0.8250,0.0000,4,4,0,0,0,4,0,1.0000
4,60.0000,44,11,656.2189,-87.7799,1.0802,7,0.1750,1.0000,4,8,7,0,0,8,7,0.1250
4,60.0000,44,12,519.4979,-86.8984,0.1096,11,0.2750,0.8750,8,8,7,0,0,8,7,0.1250
4,60.0000,44,14,775.0019,-85.7964,-0.1370,11,0.2750,,0,2,1,0,0,2,1,0.5000
4,60.0000,44,15,783.3665,-85.9477,0.3215,12,0.3000,1.0000,2,8,8,0,0,8,8,0.0000
4,60.0000,44,16,385.8312,-83.1406,0.6022,15,0.3750,0.7500,8,5,2,0,0,5,2,0.6000
4,60.0000,44,17,613.9938,-86.2017,0.0514,10,0.2500,0.6667,6,7,5,0,0,7,5,0.2857
4,60.0000,44,18,380.7067,-80.3377,-0.6899,21,0.5250,0.6667,6,8,8,0,0,8,8,0.0000
4,60.0000,44,19,307.4849,-80.4481,-0.0335,18,0.4500,0.5000,6,7,6,0,0,7,6,0.1429
4,60.0000,44,20,448.8251,-83.4426,0.4398,16,0.4000,0.7143,7,8,7,0,0,8,7,0.1250
4,60.0000,44,22,764.0848,-86.6743,-0.1396,14,0.3500,1.0000,8,6,6,0,0,6,6,0.0000
4,60.0000,44,23,838.3520,-87.6462,-1.1988,10,0.2500,1.0000,4,3,2,0,0,3,2,0.3333
4,60.0000,44,24,599.9913,-85.5829,-0.1969,19,0.4750,1.0000,6,8,8,0,0,8,8,0.0000
4,60.0000,44,26,293.0741,-79.0277,0.0309,27,0.6750,0.0000,4,6,3,0,0,6,3,0.5000
4,60.0000,44,28,267.4104,-78.3885,0.3576,22,0.5500,0.8571,7,5,2,0,0,5,2,0.6000
4,60.0000,44,29,348.9805,-81.4064,1.3393,20,0.5000,1.0000,8,7,5,0,0,7,5,0.2857
4,60.0000,44,30,357.9243,-79.9872,-0.1188,26,0.6500,0.4000,5,5,2,0,0,5,2,0.6000
4,60.0000,44,31,307.5069,-79.8225,0.2880,19,0.4750,0.7143,7,7,5,0,0,7,5,0.2857
4,60.0000,44,32,757.8894,-87.4039,-0.0201,8,0.2000,1.0000,6,7,6,0,0,7,6,0.1429
4,60.0000,44,33,325.5807,-79.1440,0.0644,26,0.6500,0.3333,6,7,4,0,0,7,4,0.4286
4,60.0000,44,37,1112.0217,-88.8610,0.4665,3,0.0750,,0,6,6,0,0,6,6,0.0000
4,60.0000,44,38,654.7204,-84.3750,-0.7068,18,0.4500,0.8571,7,8,8,0,0,8,8,0.0000
4,60.0000,44,39,665.0934,-86.0057,-0.0803,14,0.3500,1.0000,8,9,6,0,0,9,6,0.3333
4,60.0000,44,41,991.2067,-88.5459,0.5201,3,0.0750,1.0000,8,8,8,0,0,8,8,0.0000
4,60.0000,44,42,579.2939,-84.2036,-0.5302,15,0.3750,1.0000,6,8,8,0,0,8,8,0.0000
4,60.0000,44,43,429.8727,-81.7864,-1.1121,21,0.5250,0.7500,8,7,6,0,0,7,6,0.1429
4,60.0000,44,46,909.8233,-87.1232,0.6787,11,0.2750,1.0000,4,2,2,0,0,2,2,0.0000
4,60.0000,44,47,476.8218,-83.8254,-0.4933,17,0.4250,0.7500,8,7,6,0,0,7,6,0.1429
4,60.0000,45,1,667.2562,-86.7932,0.2659,6,0.1538,0.6667,6,6,4,0,0,6,4,0.3333
4,60.0000,45,2,224.8455,-73.3048,-1.4408,32,0.8205,0.3333,6,6,2,0,0,6,2,0.6667
4,60.0000,45,4,803.9095,-86.3834,2.2785,5,0.1282,1.0000,8,8,8,0,0,8,8,0.0000
4,60.0000,45,5,357.9415,-80.1779,0.2232,23,0.5897,0.5714,7,8,7,0,0,8,7,0.1250
4,60.0000,45,8,256.3769,-73.9234,-1.3487,33,0.8462,0.3333,6,8,8,0,0,8,8,0.0000
4,60.0000,45,9,432.2767,-83.2410,-0.2214,7,0.1795,1.0000,8,6,6,0,0,6,6,0.0000
4,60.0000,45,12,694.1870,-85.5377,3.0090,4,0.1026,0.8750,8,8,8,0,0,8,8,0.0000
4,60.0000,45,16,790.1370,-85.5979,3.5423,4,0.1026,0.8571,7,8,8,0,0,8,8,0.0000
4,60.0000,45,18,714.7358,-86.5814,1.3341,3,0.0769,1.0000,8,8,8,0,0,8,8,0.0000
4,60.0000,45,20,606.2286,-84.1765,0.3108,5,0.1282,1.0000,8,7,6,0,0,7,6,0.1429
4,60.0000,45,21,519.9397,-84.9487,1.1721,13,0.3333,0.7143,7,8,8,0,0,8,8,0.0000
4,60.0000,45,25,464.1620,-83.0225,0.8300,15,0.3846,1.0000,8,8,8,0,0,8,8,0.0000
4,60.0000,45,29,808.6717,-85.2488,3.7619,4,0.1026,0.8571,7,8,8,0,0,8,8,0.0000
4,60.0000,45,32,467.0626,-83.2651,0.6611,7,0.1795,1.0000,8,6,4,0,0,6,4,0.3333
4,60.0000,45,34,245.7702,-79.4128,1.2163,32,0.8205,0.2000,5,4,0,0,0,4,0,1.0000
4,60.0000,45,35,705.3107,-86.1114,-0.7017,5,0.1282,0.8750,8,7,6,0,0,7,6,0.1429
4,60.0000,45,36,820.1226,-89.1701,0.6364,3,0.0769,1.0000,8,8,8,0,0,8,8,0.0000
4,60.0000,45,39,418.7311,-81.3527,-0.5867,12,0.3077,0.8750,8,7,6,0,0,7,6,0.1429
4,60.0000,46,0,578.7012,-84.6544,0.4181,11,0.2750,1.0000,8,7,6,0,0,7,6,0.1429
4,60.0000,46,3,359.4052,-81.6607,0.1043,30,0.7500,0.5000,6,6,3,0,0,6,3,0.5000
4,60.0000,46,6,863.3534,-85.8150,0.0554,5,0.1250,1.0000,6,8,8,0,0,8,8,0.0000
4,60.0000,46,7,194.2618,-73.1488,-0.8851,38,0.9500,0.0000,4,5,2,0,0,5,2,0.6000
4,60.0000,46,14,306.0552,-80.2434,-0.2434,30,0.7500,0.5000,6,5,1,0,0,5,1,0.8000
4,60.0000,46,15,817.6737,-85.8311,-0.2315,5,0.1250,1.0000,8,8,8,0,0,8,8,0.0000
4,60.0000,46,22,688.7933,-86.0710,0.6304,6,0.1500,1.0000,8,8,8,0,0,8,8,0.0000
4,60.0000,46,23,417.2388,-82.2302,0.3964,19,0.4750,0.5714,7,5,2,0,0,5,2,0.6000
4,60.0000,46,24,327.3459,-79.7806,-0.1046,25,0.6250,0.5714,7,7,5,0,0,7,5,0.2857
4,60.0000,46,30,668.3153,-85.4465,-0.4028,5,0.1250,0.8000,5,9,8,0,0,9,8,0.1111
4,60.0000,46,37,690.7372,-85.3412,-0.3875,13,0.3250,1.0000,8,8,7,0,0,8,7,0.1250
4,60.0000,46,38,648.3456,-86.5140,1.1659,5,0.1250,0.8750,8,5,4,0,0,5,4,0.2000
4,60.0000,46,41,203.3121,-75.0753,-0.1450,37,0.9250,0.0000,4,6,3,0,0,6,3,0.5000
4,60.0000,46,42,634.5208,-85.9364,0.5146,7,0.1750,1.0000,8,8,8,0,0,8,8,0.0000
4,60.0000,47,0,572.2411,-86.3492,0.5000,8,0.2000,1.0000,8,8,8,0,0,8,8,0.0000
4,60.0000,47,2,811.7341,-87.6669,-0.6252,6,0.1500,0.8571,7,8,8,0,0,8,8,0.0000
4,60.0000,47,4,260.6378,-77.1045,-0.7354,35,0.8750,0.6000,5,9,7,0,0,9,7,0.2222
4,60.0000,47,8,775.8725,-87.4128,-0.2413,4,0.1000,1.0000,6,8,8,0,0,8,8,0.0000
4,60.0000,47,9,681.1854,-86.1081,-1.6955,6,0.1500,1.0000,8,6,6,0,0,6,6,0.0000
4,60.0000,47,10,597.1563,-85.1219,0.2848,7,0.1750,1.0000,8,8,8,0,0,8,8,0.0000
4,60.0000,47,15,560.1534,-85.6223,-0.1170,7,0.1750,0.8571,7,8,6,0,0,8,6,0.2500
4,60.0000,47,16,231.1819,-77.3529,0.8289,21,0.5250,0.4286,7,6,2,0,0,6,2,0.6667
4,60.0000,47,18,497.8775,-82.0895,-0.0547,12,0.3000,0.7500,8,8,8,0,0,8,8,0.0000
4,60.0000,47,19,475.3435,-82.1333,0.7780,11,0.2750,0.8750,8,8,8,0,0,8,8,0.0000
4,60.0000,47,20,577.2433,-84.6969,-0.4719,8,0.2000,1.0000,8,8,8,0,0,8,8,0.0000
4,60.0000,47,22,666.7223,-86.3734,0.0508,7,0.1750,1.0000,8,8,8,0,0,8,8,0.0000
4,60.0000,47,26,765.8649,-86.3125,1.4839,3,0.0750,0.8571,7,8,8,0,0,8,8,0.0000
4,60.0000,47,28,488.2365,-81.3673,-1.5297,10,0.2500,0.8750,8,8,8,0,0,8,8,0.0000
4,60.0000,47,29,383.0983,-81.7676,0.5532,12,0.3000,0.6250,8,7,5,0,0,7,5,0.2857
4,60.0000,47,30,760.3111,-86.7110,-0.3521,4,0.1000,1.0000,8,7,6,0,0,7,6,0.1429
4,60.0000,47,31,726.9356,-87.0331,0.2979,6,0.1500,1.0000,8,8,8,0,0,8,8,0.0000
4,60.0000,47,33,274.1713,-78.8762,0.5404,20,0.5000,0.7500,8,6,3,0,0,6,3,0.5000
4,60.0000,47,38,558.5785,-85.2378,-0.5535,8,0.2000,0.8750,8,8,8,0,0,8,8,0.0000
4,60.0000,47,39,728.7251,-86.1659,-1.3540,5,0.1250,0.8000,5,8,8,0,0,8,8,0.0000
4,60.0000,47,42,558.9215,-85.3112,0.5597,11,0.2750,1.0000,6,7,6,0,0,7,6,0.1429
4,60.0000,47,43,640.2734,-84.8116,0.4227,5,0.1250,1.0000,4,7,6,0,0,7,6,0.1429
4,60.0000,47,44,476.8218,-81.1025,-0.2205,10,0.2500,0.7143,7,8,8,0,0,8,8,0.0000
4,60.0000,47,45,968.2251,-86.2789,-0.2777,4,0.1000,1.0000,6,4,4,0,0,4,4,0.0000
4,64.0000,0,3,464.7800,-82.6404,-0.1382,22,0.5500,1.0000,8,6,2,0,0,6,2,0.6667
4,64.0000,0,4,744.2030,-85.7418,-1.4708,3,0.0750,1.0000,8,8,8,0,0,8,8,0.0000
4,64.0000,0,6,570.6206,-85.4039,0.1128,17,0.4250,1.0000,6,6,4,0,0,6,4,0.3333
4,64.0000,0,7,596.4140,-84.2003,-0.4556,21,0.5250,0.6667,6,8,8,0,0,8,8,0.0000
4,64.0000,0,10,626.3029,-86.4716,-2.9850,3,0.0750,0.8571,7,8,8,0,0,8,8,0.0000
4,64.0000,0,14,682.1256,-86.2794,0.5765,8,0.2000,1.0000,8,8,8,0,0,8,8,0.0000
4,64.0000,0,15,290.9049,-79.2839,0.4175,29,0.7250,0.5000,6,5,1,0,0,5,1,0.8000
4,64.0000,0,16,646.5748,-86.1027,2.4887,3,0.0750,1.0000,6,7,6,0,0,7,6,0.1429
4,64.0000,0,22,233.0921,-76.9919,0.0149,34,0.8500,0.2000,5,5,1,0,0,5,1,0.8000
4,64.0000,0,23,653.7207,-85.6136,-1.3209,11,0.2750,0.8750,8,8,7,0,0,8,7,0.1250
4,64.0000,0,24,321.5337,-80.4266,-0.2285,27,0.6750,0.6667,6,4,0,0,0,4,0,1.0000
4,64.0000,0,29,748.7677,-86.9372,0.7215,3,0.0750,1.0000,8,8,8,0,0,8,8,0.0000
4,64.0000,0,30,707.4697,-85.1832,-0.2658,9,0.2250,1.0000,8,7,6,0,0,7,6,0.1429
4,64.0000,0,33,554.9695,-83.8846,-1.9852,8,0.2000,0.8750,8,7,6,0,0,7,6,0.1429
4,64.0000,0,37,580.2975,-84.5294,-0.0269,18,0.4500,0.8750,8,7,6,0,0,7,6,0.1429
4,64.0000,0,38,112.7881,-70.6560,0.5209,39,0.9750,0.0000,4,4,0,0,0,4,0,1.0000
4,64.0000,0,41,619.9170,-84.5858,-0.5606,19,0.4750,0.4000,5,8,8,0,0,8,8,0.0000
4,64.0000,0,42,168.6885,-70.7355,-1.5161,35,0.8750,0.0000,4,5,1,0,0,5,1,0.8000
4,64.0000,0,43,343.4824,-81.1392,0.5995,19,0.4750,0.8750,8,8,6,0,0,8,6,0.2500
4,64.0000,0,46,551.8399,-84.4506,0.5821,18,0.4500,0.7143,7,6,4,0,0,6,4,0.3333
4,64.0000,0,47,483.5109,-83.6930,1.3865,9,0.2250,1.0000,8,8,8,0,0,8,8,0.0000
4,64.0000,1,2,518.9282,-83.4987,0.8930,10,0.2500,1.0000,8,8,8,0,0,8,8,0.0000
4,64.0000,1,5,305.1618,-79.8118,-0.3823,17,0.4250,0.4286,7,6,3,0,0,6,3,0.5000
4,64.0000,1,8,620.1329,-86.5906,-0.5047,4,0.1000,0.8571,7,8,8,0,0,8,8,0.0000
4,64.0000,1,9,533.5447,-84.7624,0.3160,6,0.1500,0.6667,6,8,8,0,0,8,8,0.0000
4,64.0000,1,11,370.2349,-82.5650,1.0010,15,0.3750,1.0000,8,6,3,0,0,6,3,0.5000
4,64.0000,1,12,479.8579,-82.7928,-1.1165,9,0.2250,0.4000,5,7,4,0,0,7,4,0.4286
4,64.0000,1,13,336.5003,-80.8114,0.3001,30,0.7500,0.7500,8,7,5,0,0,7,5,0.2857
4,64.0000,1,17,559.0240,-84.3085,0.4846,9,0.2250,0.8571,7,8,8,0,0,8,8,0.0000
4,64.0000,1,18,574.3492,-85.1543,-2.0408,3,0.0750,1.0000,8,8,8,0,0,8,8,0.0000
4,64.0000,1,19,728.1752,-85.9663,1.2459,4,0.1000,0.8571,7,8,8,0,0,8,8,0.0000
4,64.0000,1,20,532.1898,-83.3069,-1.4889,7,0.1750,1.0000,8,8,8,0,0,8,8,0.0000
4,64.0000,1,21,627.8764,-85.1537,-0.3008,13,0.3250,0.7143,7,7,6,0,0,7,6,0.1429
4,64.0000,1,25,387.5232,-80.6771,-1.0846,25,0.6250,0.6667,6,8,8,0,0,8,8,0.0000
4,64.0000,1,27,545.5627,-84.8757,0.5132,21,0.5250,0.5000,6,7,6,0,0,7,6,0.1429
4,64.0000,1,28,602.5446,-85.1659,1.1335,4,0.1000,1.0000,8,8,8,0,0,8,8,0.0000
4,64.0000,1,29,843.3262,-88.4406,0.9351,3,0.0750,1.0000,8,8,8,0,0,8,8,0.0000
4,64.0000,1,30,1009.8081,-89.0233,-0.4372,3,0.0750,,0,6,6,0,0,6,6,0.0000
4,64.0000,1,31,649.8089,-86.7808,0.1916,5,0.1250,0.8571,7,8,8,0,0,8,8,0.0000
4,64.0000,1,32,370.7742,-79.8531,0.4574,18,0.4500,0.8750,8,8,8,0,0,8,8,0.0000
4,64.0000,1,34,642.1333,-85.0136,-0.8986,11,0.2750,1.0000,8,7,5,0,0,7,5,0.2857
4,64.0000,1,35,535.0265,-82.1571,-0.0309,21,0.5250,0.8571,7,6,6,0,0,6,6,0.0000
4,64.0000,1,36,110.8648,-71.6711,1.1850,38,0.9500,0.0000,4,4,0,0,0,4,0,1.0000
4,64.0000,1,39,428.3700,-82.0602,-0.2762,12,0.3000,1.0000,8,7,6,0,0,7,6,0.1429
4,64.0000,1,40,540.7866,-84.5705,0.4221,17,0.4250,0.6667,6,6,4,0,0,6,4,0.3333
4,64.0000,1,45,659.2968,-85.1469,-0.7751,10,0.2500,0.7143,7,8,7,0,0,8,7,0.1250
4,64.0000,2,1,518.9282,-84.8550,-0.4411,11,0.2821,1.0000,8,7,6,0,0,7,6,0.1429
4,64.0000,2,4,635.3963,-85.8869,0.9325,6,0.1538,1.0000,8,8,8,0,0,8,8,0.0000
4,64.0000,2,5,243.9229,-78.9819,0.8534,24,0.6154,0.7143,7,4,0,0,0,4,0,1.0000
4,64.0000,2,8,141.5783,-68.7603,-1.7129,34,0.8718,0.0000,4,5,1,0,0,5,1,0.8000
4,64.0000,2,9,116.9933,-73.1129,1.4387,31,0.7949,0.3333,6,4,0,0,0,4,0,1.0000
4,64.0000,2,11,699.0273,-87.3458,0.2866,5,0.1282,0.8571,7,7,6,0,0,7,6,0.1429
4,64.0000,2,12,440.3653,-83.1872,0.1862,12,0.3077,1.0000,8,7,6,0,0,7,6,0.1429
4,64.0000,2,13,837.1010,-87.4774,0.5291,6,0.1538,1.0000,2,2,2,0,0,2,2,0.0000
4,64.0000,2,16,747.4414,-87.9641,-0.4187,3,0.0769,1.0000,8,7,6,0,0,7,6,0.1429
4,64.0000,2,17,669.2630,-87.4124,-0.3470,6,0.1538,0.8750,8,7,6,0,0,7,6,0.1429
4,64.0000,2,18,456.2963,-84.6620,1.4177,8,0.2051,0.6667,6,8,8,0,0,8,8,0.0000
4,64.0000,2,19,539.1489,-83.9063,-2.8044,4,0.1026,0.8889,9,7,6,0,0,7,6,0.1429
4,64.0000,2,20,396.3232,-82.2682,-0.0734,10,0.2564,1.0000,8,7,6,0,0,7,6,0.1429
4,64.0000,2,21,622.2994,-85.6882,-0.1614,10,0.2564,0.8571,7,8,8,0,0,8,8,0.0000
4,64.0000,2,25,489.9679,-83.1432,0.1379,18,0.4615,1.0000,8,8,8,0,0,8,8,0.0000
4,64.0000,2,27,850.9703,-88.4452,0.3948,4,0.1026,1.0000,6,4,3,0,0,4,3,0.2500
4,64.0000,2,28,494.9011,-83.9668,0.3425,7,0.1795,1.0000,8,7,6,0,0,7,6,0.1429
4,64.0000,2,29,717.4126,-84.8263,1.2262,5,0.1282,1.0000,8,7,6,0,0,7,6,0.1429
4,64.0000,2,32,159.3896,-76.3489,1.3178,25,0.6410,0.5000,6,5,1,0,0,5,1,0.8000
4,64.0000,2,33,769.7928,-87.3747,0.0425,5,0.1282,1.0000,2,6,5,0,0,6,5,0.1667
4,64.0000,2,34,386.0269,-81.2727,0.4850,23,0.5897,1.0000,8,7,5,0,0,7,5,0.2857
4,64.0000,2,35,690.0648,-85.6658,-0.2567,8,0.2051,1.0000,6,8,8,0,0,8,8,0.0000
4,64.0000,2,36,585.2193,-86.5849,0.4142,7,0.1795,0.6667,3,7,6,0,0,7,6,0.1429
4,64.0000,2,39,213.9822,-76.4710,0.3276,26,0.6667,0.5000,6,4,0,0,0,4,0,1.0000
4,64.0000,2,40,806.3522,-88.0397,0.0118,6,0.1538,1.0000,6,7,6,0,0,7,6,0.1429
4,64.0000,2,44,747.8865,-88.4938,0.7636,4,0.1026,1.0000,10,8,7,0,0,8,7,0.1250
4,64.0000,2,45,310.2850,-78.6578,-0.2767,31,0.7949,0.2000,5,6,4,0,0,6,4,0.3333
4,64.0000,2,47,948.1406,-87.2768,-0.3910,3,0.0769,1.0000,4,8,8,0,0,8,8,0.0000
4,64.0000,3,0,464.7800,-82.6861,0.2108,12,0.3000,0.8571,7,6,4,0,0,6,4,0.3333
4,64.0000,3,6,543.5804,-84.0414,-0.0375,19,0.4750,0.8571,7,8,6,0,0,8,6,0.2500
4,64.0000,3,7,184.5361,-74.2555,0.4339,35,0.8750,0.0000,4,5,1,0,0,5,1,0.8000
4,64.0000,3,14,546.3630,-85.5864,0.3083,8,0.2000,0.6667,6,7,6,0,0,7,6,0.1429
4,64.0000,3,15,676.8877,-85.4051,0.3273,7,0.1750,0.8571,7,8,8,0,0,8,8,0.0000
4,64.0000,3,22,385.9888,-82.7236,0.5326,12,0.3000,0.4000,5,5,1,0,0,5,1,0.8000
4,64.0000,3,23,441.5216,-82.3481,-0.0545,15,0.3750,0.8571,7,7,5,0,0,7,5,0.2857
4,64.0000,3,24,408.3078,-82.3229,0.3033,14,0.3500,0.4000,5,8,6,0,0,8,6,0.2500
4,64.0000,3,37,540.3761,-81.6055,-1.0289,25,0.6250,0.4000,5,8,8,0,0,8,8,0.0000
4,64.0000,3,38,402.9431,-81.6162,-0.0473,15,0.3750,0.8571,7,7,5,0,0,7,5,0.2857
4,64.0000,3,41,168.2252,-74.8287,1.1676,36,0.9000,0.0000,4,4,0,0,0,4,0,1.0000
4,64.0000,3,42,538.5958,-83.8373,0.7877,8,0.2000,1.0000,8,8,8,0,0,8,8,0.0000
4,64.0000,3,43,585.7761,-87.4790,0.5456,4,0.1000,1.0000,8,7,6,0,0,7,6,0.1429
4,64.0000,3,46,283.2570,-80.4998,0.1369,28,0.7000,0.0000,4,6,2,0,0,6,2,0.6667
4,64.0000,3,47,937.0780,-89.1672,-0.0067,3,0.0750,1.0000,6,8,8,0,0,8,8,0.0000
4,64.0000,4,0,744.2030,-86.2500,-0.1013,8,0.2000,0.8571,7,3,2,0,0,3,2,0.3333
4,64.0000,4,2,635.3963,-85.2558,0.1679,5,0.1250,0.8571,7,8,8,0,0,8,8,0.0000
4,64.0000,4,5,763.8818,-87.3173,0.1345,4,0.1000,1.0000,10,6,6,0,0,6,6,0.0000
4,64.0000,4,8,500.4401,-83.3616,1.1931,9,0.2250,1.0000,8,7,6,0,0,7,6,0.1429
4,64.0000,4,9,545.0093,-82.1063,0.6484,5,0.1250,0.6667,6,8,8,0,0,8,8,0.0000
4,64.0000,4,10,607.6725,-85.2522,0.3199,3,0.0750,0.8750,8,7,6,0,0,7,6,0.1429
4,64.0000,4,12,578.1909,-85.6758,0.9694,4,0.1000,0.8750,8,8,8,0,0,8,8,0.0000
4,64.0000,4,15,739.6563,-86.2175,-0.0323,6,0.1500,1.0000,8,6,6,0,0,6,6,0.0000
4,64.0000,4,16,253.9806,-77.3679,0.1935,27,0.6750,0.5000,6,8,8,0,0,8,8,0.0000
4,64.0000,4,18,515.5017,-82.8955,-0.2033,7,0.1750,0.2000,5,8,7,0,0,8,7,0.1250
4,64.0000,4,19,362.2322,-81.2393,1.5756,7,0.1750,0.6667,6,7,4,0,0,7,4,0.4286
4,64.0000,4,20,496.7992,-84.0565,-0.5432,8,0.2000,0.6667,6,7,6,0,0,7,6,0.1429
4,64.0000,4,22,890.0635,-86.8358,-0.3526,6,0.1500,0.8571,7,6,6,0,0,6,6,0.0000
4,64.0000,4,24,860.0550,-87.5012,0.6720,4,0.1000,1.0000,8,6,6,0,0,6,6,0.0000
4,64.0000,4,28,477.8186,-81.6218,-0.2057,10,0.2500,0.7143,7,7,5,0,0,7,5,0.2857
4,64.0000,4,29,447.0510,-82.7313,0.2459,14,0.3500,0.7143,7,7,6,0,0,7,6,0.1429
4,64.0000,4,31,623.4245,-85.0990,-0.0308,5,0.1250,1.0000,8,7,5,0,0,7,5,0.2857
4,64.0000,4,33,213.0329,-76.8281,0.9235,26,0.6500,0.2000,5,6,3,0,0,6,3,0.5000
4,64.0000,4,34,852.5879,-87.9247,0.4335,4,0.1000,1.0000,6,6,5,0,0,6,5,0.1667
4,64.0000,4,38,846.0259,-86.7295,-0.5324,6,0.1500,1.0000,6,4,4,0,0,4,4,0.0000
4,64.0000,4,39,636.9083,-84.6150,-0.3742,7,0.1750,1.0000,8,7,5,0,0,7,5,0.2857
4,64.0000,4,42,645.3006,-85.8157,-0.6568,8,0.2000,0.8750,8,8,7,0,0,8,7,0.1250
4,64.0000,4,43,666.8259,-86.6605,-0.9405,5,0.1250,0.8571,7,8,8,0,0,8,8,0.0000
4,64.0000,4,44,533.3980,-84.3155,-0.3935,5,0.1250,0.8571,7,8,8,0,0,8,8,0.0000
4,64.0000,4,45,841.6008,-88.1633,-0.4020,3,0.0750,1.0000,6,7,6,0,0,7,6,0.1429
4,64.0000,4,47,363.5500,-79.9786,-1.3103,25,0.6250,0.8571,7,7,6,0,0,7,6,0.1429
4,64.0000,5,1,305.1618,-78.9898,0.1413,31,0.7750,0.4000,5,5,1,0,0,5,1,0.8000
4,64.0000,5,2,243.9229,-79.3499,1.1646,29,0.7250,0.0000,4,3,0,0,0,3,0,1.0000
4,64.0000,5,4,763.8818,-87.9848,0.0216,5,0.1250,1.0000,6,8,8,0,0,8,8,0.0000
4,64.0000,5,8,347.5905,-80.9184,-0.3875,24,0.6000,0.5714,7,7,6,0,0,7,6,0.1429
4,64.0000,5,9,247.6494,-79.1327,1.0266,26,0.6500,0.4000,5,5,1,0,0,5,1,0.8000
4,64.0000,5,10,870.8067,-87.5487,0.2094,5,0.1250,1.0000,6,8,8,0,0,8,8,0.0000
4,64.0000,5,11,532.6023,-84.2396,0.6297,13,0.3250,0.8571,7,8,7,0,0,8,7,0.1250
4,64.0000,5,12,377.7188,-83.4138,0.2579,18,0.4500,0.8750,8,7,5,0,0,7,5,0.2857
4,64.0000,5,13,637.6231,-85.5519,-0.0301,11,0.2750,1.0000,6,3,2,0,0,3,2,0.3333
4,64.0000,5,16,802.8005,-87.2967,0.1620,7,0.1750,1.0000,8,8,8,0,0,8,8,0.0000
4,64.0000,5,17,617.9551,-86.2049,1.1531,11,0.2750,1.0000,8,8,8,0,0,8,8,0.0000
4,64.0000,5,18,393.8728,-83.1483,0.4059,12,0.3000,0.8571,7,6,4,0,0,6,4,0.3333
4,64.0000,5,19,545.1852,-84.2039,0.2256,9,0.2250,1.0000,8,8,8,0,0,8,8,0.0000
4,64.0000,5,20,377.2923,-83.5078,0.1722,15,0.3750,1.0000,8,6,4,0,0,6,4,0.3333
4,64.0000,5,21,598.1109,-83.9258,-0.2451,27,0.6750,0.8571,7,8,7,0,0,8,7,0.1250
4,64.0000,5,25,339.0185,-78.6857,-0.8042,32,0.8000,0.4000,5,5,2,0,0,5,2,0.6000
4,64.0000,5,26,911.2499,-88.3262,0.0432,5,0.1250,1.0000,8,4,4,0,0,4,4,0.0000
4,64.0000,5,27,731.8133,-86.7495,-0.0427,20,0.5000,0.8571,7,8,8,0,0,8,8,0.0000
4,64.0000,5,28,470.6191,-83.9287,1.4030,11,0.2750,1.0000,8,7,6,0,0,7,6,0.1429
4,64.0000,5,29,695.0262,-87.3865,-0.3074,6,0.1500,1.0000,8,7,6,0,0,7,6,0.1429
4,64.0000,5,31,611.2151,-85.9103,0.0875,9,0.2250,0.8750,8,10,10,0,0,10,10,0.0000
4,64.0000,5,32,86.0072,-70.1712,1.9607,34,0.8500,0.0000,4,4,0,0,0,4,0,1.0000
4,64.0000,5,33,858.3895,-87.6561,-0.8578,8,0.2000,1.0000,6,8,8,0,0,8,8,0.0000
4,64.0000,5,34,391.4674,-80.6911,-0.5332,28,0.7000,0.6667,6,8,7,0,0,8,7,0.1250
4,64.0000,5,35,538.3732,-84.2427,-0.0462,29,0.7250,0.8750,8,6,3,0,0,6,3,0.5000
4,64.0000,5,36,358.1530,-82.0265,0.1714,29,0.7250,0.5000,6,8,8,0,0,8,8,0.0000
4,64.0000,5,39,141.6790,-74.7359,1.5732,29,0.7250,0.0000,4,6,3,0,0,6,3,0.5000
4,64.0000,5,40,708.8410,-86.5172,-0.7215,13,0.3250,1.0000,4,8,8,0,0,8,8,0.0000
4,64.0000,5,43,1206.8073,-88.3255,-0.7492,3,0.0750,,0,4,4,0,0,4,4,0.0000
4,64.0000,5,44,725.0884,-87.9090,0.2641,4,0.1000,1.0000,6,8,8,0,0,8,8,0.0000
4,64.0000,5,45,404.6596,-80.6316,-0.4887,27,0.6750,0.5000,6,7,6,0,0,7,6,0.1429
4,64.0000,6,0,570.6206,-85.4191,0.4189,5,0.1250,1.0000,8,5,3,0,0,5,3,0.4000
4,64.0000,6,3,543.5804,-84.6201,-0.2397,17,0.4250,0.8889,9,6,5,0,0,6,5,0.1667
4,64.0000,6,7,530.3582,-84.7637,0.5422,11,0.2750,0.6667,6,6,4,0,0,6,4,0.3333
4,64.0000,6,14,1000.3876,-88.6528,0.9679,3,0.0750,1.0000,4,6,6,0,0,6,6,0.0000
4,64.0000,6,15,526.5206,-84.1232,-1.0152,12,0.3000,0.8750,8,8,8,0,0,8,8,0.0000
4,64.0000,6,22,558.6673,-83.9864,0.3574,10,0.2500,1.0000,8,8,7,0,0,8,7,0.1250
4,64.0000,6,24,739.3327,-86.6993,-0.6350,5,0.1250,1.0000,8,8,8,0,0,8,8,0.0000
4,64.0000,6,37,75.7167,-70.0754,2.8469,33,0.8250,0.2000,5,4,0,0,0,4,0,1.0000
4,64.0000,6,38,463.2489,-84.2396,0.3853,11,0.2750,1.0000,8,5,2,0,0,5,2,0.6000
4,64.0000,6,41,670.3949,-87.0469,0.7725,9,0.2250,1.0000,8,7,6,0,0,7,6,0.1429
4,64.0000,6,42,735.2835,-84.9578,-0.3842,4,0.1000,0.8750,8,8,8,0,0,8,8,0.0000
4,64.0000,6,43,889.8825,-88.0560,-2.4403,3,0.0750,1.0000,8,8,8,0,0,8,8,0.0000
4,64.0000,6,46,769.2354,-87.7355,-0.4370,6,0.1500,1.0000,8,6,4,0,0,6,4,0.3333
4,64.0000,6,47,921.9947,-89.0660,-0.2808,3,0.0750,1.0000,4,8,8,0,0,8,8,0.0000
4,64.0000,7,0,596.4140,-84.9811,-0.3908,7,0.1750,1.0000,8,8,8,0,0,8,8,0.0000
4,64.0000,7,3,184.5361,-75.1923,0.4796,31,0.7750,0.0000,4,4,0,0,0,4,0,1.0000
4,64.0000,7,6,530.3582,-85.4907,0.2254,18,0.4500,0.8571,7,8,7,0,0,8,7,0.1250
4,64.0000,7,10,987.9611,-89.4398,-0.0228,3,0.0750,1.0000,8,6,6,0,0,6,6,0.0000
4,64.0000,7,14,588.7497,-83.9178,0.6055,18,0.4500,0.8571,7,7,6,0,0,7,6,0.1429
4,64.0000,7,15,759.1614,-86.3240,-0.2185,5,0.1250,0.8571,7,8,8,0,0,8,8,0.0000
4,64.0000,7,22,550.0016,-84.1006,-0.0046,12,0.3000,1.0000,8,7,6,0,0,7,6,0.1429
4,64.0000,7,23,573.2955,-84.9348,0.6109,13,0.3250,1.0000,8,8,8,0,0,8,8,0.0000
4,64.0000,7,24,514.2198,-82.1820,-1.3237,13,0.3250,0.8571,7,8,7,0,0,8,7,0.1250
4,64.0000,7,30,968.0588,-87.5880,-2.3266,3,0.0750,1.0000,8,6,6,0,0,6,6,0.0000
4,64.0000,7,37,539.7688,-83.9159,-0.1486,15,0.3750,0.8571,7,7,5,0,0,7,5,0.2857
4,64.0000,7,38,515.3529,-83.7549,-0.8632,10,0.2500,0.7143,7,7,6,0,0,7,6,0.1429
4,64.0000,7,41,220.4886,-75.5679,-0.4848,31,0.7750,0.2000,5,4,0,0,0,4,0,1.0000
4,64.0000,7,42,690.4793,-86.5841,0.7848,5,0.1250,1.0000,8,8,8,0,0,8,8,0.0000
4,64.0000,7,43,748.0678,-88.1562,-1.5764,3,0.0750,1.0000,8,8,8,36,36,44,44,0.0000
4,64.0000,7,46,329.7338,-77.3854,-1.2349,29,0.7250,0.2000,5,7,5,0,0,7,5,0.2857
4,64.0000,8,1,620.1329,-85.0384,1.0490,8,0.2000,0.8750,8,6,6,0,0,6,6,0.0000
4,64.0000,8,2,141.5783,-68.8613,-2.2785,33,0.8250,0.0000,4,5,1,0,0,5,1,0.8000
4,64.0000,8,4,500.4401,-83.3320,-0.4882,7,0.1750,0.8571,7,6,4,0,0,6,4,0.3333
4,64.0000,8,5,347.5905,-80.1196,0.6262,20,0.5000,0.8750,8,6,3,0,0,6,3,0.5000
4,64.0000,8,9,114.1242,-72.6136,1.6194,30,0.7500,0.0000,3,4,0,0,0,4,0,1.0000
4,64.0000,8,10,814.1976,-88.6814,-0.3006,4,0.1000,1.0000,8,8,7,0,0,8,7,0.1250
4,64.0000,8,11,735.6393,-85.5266,0.3464,6,0.1500,0.8571,7,5,4,0,0,5,4,0.2000
4,64.0000,8,12,417.0813,-82.9654,0.3834,10,0.2500,1.0000,8,6,4,0,0,6,4,0.3333
4,64.0000,8,16,635.5717,-85.3883,-0.0420,7,0.1750,0.8571,7,7,6,0,0,7,6,0.1429
4,64.0000,8,17,664.4386,-86.8825,-0.7431,4,0.1000,1.0000,6,7,6,0,0,7,6,0.1429
4,64.0000,8,18,424.1377,-83.7145,1.3351,10,0.2500,0.8750,8,7,6,0,0,7,6,0.1429
4,64.0000,8,19,457.6649,-83.5594,1.0997,8,0.2000,0.6667,6,8,6,0,0,8,6,0.2500
4,64.0000,8,20,351.1013,-81.0230,0.1963,13,0.3250,0.8571,7,6,3,0,0,6,3,0.5000
4,64.0000,8,21,756.8981,-86.3683,0.8692,10,0.2500,0.6000,5,8,8,0,0,8,8,0.0000
4,64.0000,8,25,624.4423,-85.8392,0.6131,10,0.2500,0.8571,7,8,8,0,0,8,8,0.0000
4,64.0000,8,26,923.4977,-87.2496,0.3035,3,0.0750,1.0000,6,4,4,0,0,4,4,0.0000
4,64.0000,8,28,437.4451,-83.8542,0.0091,7,0.1750,0.8571,7,7,6,0,0,7,6,0.1429
4,64.0000,8,29,640.2486,-84.0444,-0.3102,5,0.1250,0.8750,8,8,8,0,0,8,8,0.0000
4,64.0000,8,32,273.5034,-79.9867,0.2346,22,0.5500,0.6667,6,8,5,0,0,8,5,0.3750
4,64.0000,8,33,642.6892,-86.2457,1.3806,5,0.1250,0.8750,8,6,4,0,0,6,4,0.3333
4,64.0000,8,34,471.5388,-82.4606,0.0634,18,0.4500,0.5714,7,6,4,0,0,6,4,0.3333
4,64.0000,8,35,822.6365,-85.6778,0.4380,5,0.1250,1.0000,6,8,8,0,0,8,8,0.0000
4,64.0000,8,36,695.0666,-86.9566,-0.1780,6,0.1500,1.0000,10,8,8,0,0,8,8,0.0000
4,64.0000,8,39,268.6897,-78.7704,0.3307,25,0.6250,0.3333,6,7,4,0,0,7,4,0.4286
4,64.0000,8,44,673.7042,-87.6196,-0.4387,4,0.1000,0.8000,5,7,6,0,0,7,6,0.1429
4,64.0000,8,45,403.8219,-79.8098,-1.2082,27,0.6750,0.5000,6,8,8,0,0,8,8,0.0000
4,64.0000,8,47,827.2664,-86.9017,0.4683,3,0.0750,1.0000,4,8,8,0,0,8,8,0.0000
4,64.0000,9,1,533.5447,-84.0533,0.4476,14,0.3500,0.8750,8,8,6,0,0,8,6,0.2500
4,64.0000,9,2,116.9933,-73.4437,1.8231,33,0.8250,0.0000,4,4,0,0,0,4,0,1.0000
4,64.0000,9,4,545.0093,-85.1166,0.0977,11,0.2750,0.8000,5,7,6,0,0,7,6,0.1429
4,64.0000,9,5,247.6494,-78.7527,0.8153,27,0.6750,0.8571,7,6,3,0,0,6,3,0.5000
4,64.0000,9,8,114.1242,-72.9633,1.2068,33,0.8250,0.4000,5,6,2,0,0,6,2,0.6667
4,64.0000,9,10,796.6449,-86.6700,-1.3696,6,0.1500,0.8571,7,8,8,0,0,8,8,0.0000
4,64.0000,9,11,665.5758,-85.1402,-0.5381,7,0.1750,1.0000,6,8,7,0,0,8,7,0.1250
4,64.0000,9,12,362.3850,-80.6690,-0.3653,16,0.4000,0.7143,7,8,6,0,0,8,6,0.2500
4,64.0000,9,13,848.9667,-86.9740,-0.8178,7,0.1750,0.7500,4,4,4,0,0,4,4,0.0000
4,64.0000,9,16,636.4639,-84.4097,-0.9071,10,0.2500,0.4000,5,8,8,0,0,8,8,0.0000
4,64.0000,9,17,646.4365,-84.6858,0.2786,9,0.2250,1.0000,8,8,8,0,0,8,8,0.0000
4,64.0000,9,18,347.7689,-80.0595,0.2948,17,0.4250,1.0000,8,7,6,0,0,7,6,0.1429
4,64.0000,9,19,426.0526,-81.3816,-0.8644,14,0.3500,0.8750,8,7,6,0,0,7,6,0.1429
4,64.0000,9,20,306.3018,-77.1961,-1.1917,23,0.5750,0.6667,6,7,5,0,0,7,5,0.2857
4,64.0000,9,21,724.3842,-86.9642,-0.6674,10,0.2500,1.0000,4,6,6,0,0,6,6,0.0000
4,64.0000,9,25,539.4597,-84.5173,-0.7596,19,0.4750,0.7143,7,8,8,0,0,8,8,0.0000
4,64.0000,9,27,928.7902,-87.4002,0.3921,3,0.0750,1.0000,8,6,6,0,0,6,6,0.0000
4,64.0000,9,28,399.1962,-80.7999,0.0369,16,0.4000,0.7778,9,6,4,0,0,6,4,0.3333
4,64.0000,9,29,603.1588,-83.9511,0.3912,7,0.1750,1.0000,8,6,6,0,0,6,6,0.0000
4,64.0000,9,30,927.9981,-87.3311,-0.2956,4,0.1000,1.0000,6,6,6,0,0,6,6,0.0000
4,64.0000,9,31,580.7629,-83.4646,0.2591,8,0.2000,1.0000,8,7,6,0,0,7,6,0.1429
4,64.0000,9,32,184.9503,-75.5439,0.5237,26,0.6500,0.2000,5,5,2,0,0,5,2,0.6000
4,64.0000,9,33,672.5837,-87.0835,-0.0268,5,0.1250,0.8333,6,8,8,0,0,8,8,0.0000
4,64.0000,9,34,408.9555,-83.6330,0.5075,21,0.5250,0.8571,7,7,5,0,0,7,5,0.2857
4,64.0000,9,35,736.5623,-86.9050,0.1536,11,0.2750,1.0000,4,4,2,0,0,4,2,0.5000
4,64.0000,9,36,601.5607,-85.4814,0.7240,11,0.2750,1.0000,8,8,8,0,0,8,8,0.0000
4,64.0000,9,39,154.7203,-72.7652,0.3208,34,0.8500,0.0000,4,5,1,0,0,5,1,0.8000
4,64.0000,9,40,888.6442,-88.5358,0.4258,6,0.1500,1.0000,4,6,6,0,0,6,6,0.0000
4,64.0000,9,42,1097.9638,-89.2912,-0.0722,3,0.0750,1.0000,2,6,6,0,0,6,6,0.0000
4,64.0000,9,44,652.1528,-84.8629,-0.4089,7,0.1750,0.8571,7,7,6,0,0,7,6,0.1429
4,64.0000,9,45,378.8833,-81.9656,0.4398,22,0.5500,0.3333,6,6,4,0,0,6,4,0.3333
4,64.0000,9,47,841.0255,-86.7243,0.0305,4,0.1000,0.8750,8,6,6,0,0,6,6,0.0000
4,64.0000,10,0,626.3029,-85.4134,-0.9283,10,0.2500,0.6000,5,8,7,0,0,8,7,0.1250
4,64.0000,10,2,893.6717,-88.3475,-1.2203,3,0.0750,0.7500,4,6,6,0,0,6,6,0.0000
4,64.0000,10,3,887.2273,-89.1803,0.5796,3,0.0750,1.0000,2,6,6,0,0,6,6,0.0000
4,64.0000,10,4,607.6725,-84.7352,0.7657,10,0.2500,0.8571,7,8,8,0,0,8,8,0.0000
4,64.0000,10,8,814.1976,-86.7306,1.4685,5,0.1250,1.0000,8,8,8,0,0,8,8,0.0000
4,64.0000,10,9,796.6449,-86.0327,-1.1835,6,0.1500,1.0000,8,8,8,0,0,8,8,0.0000
4,64.0000,10,11,680.5806,-84.9550,0.2759,8,0.2000,0.8571,7,4,4,0,0,4,4,0.0000
4,64.0000,10,12,500.0642,-84.6580,0.3029,7,0.1750,0.8571,7,8,7,0,0,8,7,0.1250
4,64.0000,10,14,606.6096,-85.3760,0.8329,9,0.2250,1.0000,4,8,8,0,0,8,8,0.0000
4,64.0000,10,16,475.8964,-82.8477,0.6483,10,0.2500,0.8889,9,8,7,0,0,8,7,0.1250
4,64.0000,10,17,613.6347,-84.2173,-0.2213,11,0.2750,0.8750,8,8,8,0,0,8,8,0.0000
4,64.0000,10,18,551.8690,-82.5293,-0.5000,9,0.2250,0.8750,8,10,10,0,0,10,10,0.0000
4,64.0000,10,19,420.7582,-81.9978,0.1297,11,0.2750,0.8571,7,7,6,0,0,7,6,0.1429
4,64.0000,10,20,506.8483,-84.7858,0.3383,10,0.2500,0.8571,7,8,7,0,0,8,7,0.1250
4,64.0000,10,22,797.9274,-86.6953,0.7658,6,0.1500,1.0000,6,8,8,0,0,8,8,0.0000
4,64.0000,10,23,826.0400,-86.8357,0.2528,5,0.1250,0.6000,5,8,8,0,0,8,8,0.0000
4,64.0000,10,24,480.3105,-83.8605,0.7624,16,0.4000,0.8750,8,7,6,0,0,7,6,0.1429
4,64.0000,10,26,313.2021,-77.5777,-1.0179,32,0.8000,0.2000,5,7,6,0,0,7,6,0.1429
4,64.0000,10,28,406.9146,-79.9815,-0.4152,12,0.3000,0.4000,5,8,7,0,0,8,7,0.1250
4,64.0000,10,29,338.1578,-81.9311,0.4811,10,0.2500,0.6667,6,5,2,0,0,5,2,0.6000
4,64.0000,10,30,272.7778,-78.3635,0.6658,35,0.8750,0.7143,7,7,6,0,0,7,6,0.1429
4,64.0000,10,31,320.5103,-77.0779,-0.2989,23,0.5750,0.7143,7,8,7,0,0,8,7,0.1250
4,64.0000,10,33,440.9206,-82.7237,-0.2801,12,0.3000,0.8750,8,7,6,0,0,7,6,0.1429
4,64.0000,10,38,705.6179,-86.5022,1.5999,7,0.1750,1.0000,8,8,8,0,0,8,8,0.0000
4,64.0000,10,39,796.0433,-86.2270,-0.6166,3,0.0750,1.0000,8,8,8,0,0,8,8,0.0000
4,64.0000,10,42,522.5199,-85.3487,0.5739,11,0.2750,0.5000,4,6,4,0,0,6,4,0.3333
4,64.0000,10,43,474.0499,-83.2656,0.7715,15,0.3750,0.6667,6,7,6,0,0,7,6,0.1429
4,64.0000,10,44,147.6971,-69.7464,-0.5113,34,0.8500,0.2000,5,6,3,0,0,6,3,0.5000
4,64.0000,10,46,736.5908,-86.4736,0.7505,6,0.1500,1.0000,8,6,6,0,0,6,6,0.0000
4,64.0000,10,47,550.9971,-86.1945,0.2298,6,0.1500,0.8571,7,8,8,0,0,8,8,0.0000
4,64.0000,11,1,370.2349,-83.0050,0.6873,17,0.4250,1.0000,8,6,3,0,0,6,3,0.5000
4,64.0000,11,2,699.0273,-86.6609,-0.1538,4,0.1000,1.0000,8,7,6,0,0,7,6,0.1429
4,64.0000,11,5,532.6023,-85.8969,-0.0101,7,0.1750,1.0000,8,8,7,0,0,8,7,0.1250
4,64.0000,11,8,735.6393,-88.4297,0.2789,5,0.1250,1.0000,8,7,6,0,0,7,6,0.1429
4,64.0000,11,9,665.5758,-87.6821,2.1465,4,0.1000,0.8571,7,8,8,0,0,8,8,0.0000
4,64.0000,11,10,680.5806,-85.2287,-1.2729,8,0.2000,1.0000,8,8,8,0,0,8,8,0.0000
4,64.0000,11,12,384.7476,-81.3154,-0.2742,14,0.3500,0.6667,6,7,6,0,0,7,6,0.1429
4,64.0000,11,13,375.6307,-81.9793,1.0268,26,0.6500,0.6579,38,6,3,3,2,9,5,0.4444
4,64.0000,11,16,913.2774,-88.2808,0.8303,4,0.1000,1.0000,8,6,6,0,0,6,6,0.0000
4,64.0000,11,17,339.9420,-79.7192,0.0940,24,0.6000,0.8571,7,5,2,0,0,5,2,0.6000
4,64.0000,11,18,551.4776,-84.9900,-0.1027,7,0.1750,1.0000,8,6,4,0,0,6,4,0.3333
4,64.0000,11,19,641.3188,-84.6302,-0.4006,5,0.1250,1.0000,8,8,8,0,0,8,8,0.0000
4,64.0000,11,20,472.2498,-85.4099,1.6808,4,0.1000,1.0000,8,7,6,0,0,7,6,0.1429
4,64.0000,11,21,978.3432,-89.2626,-0.5748,3,0.0750,1.0000,4,5,4,0,0,5,4,0.2000
4,64.0000,11,25,741.9062,-86.1989,-0.0789,6,0.1500,0.8750,8,7,5,0,0,7,5,0.2857
4,64.0000,11,26,548.1779,-85.0117,-0.6331,9,0.2250,0.8571,7,7,6,0,0,7,6,0.1429
4,64.0000,11,27,827.9953,-86.5726,0.0439,10,0.2500,0.8000,5,8,8,0,0,8,8,0.0000
4,64.0000,11,28,483.5099,-85.7677,-0.0342,5,0.1250,1.0000,8,8,8,0,0,8,8,0.0000
4,64.0000,11,29,701.5555,-86.9414,-0.5677,5,0.1250,1.0000,8,6,5,0,0,6,5,0.1667
4,64.0000,11,30,704.4049,-87.2042,-0.2258,4,0.1000,1.0000,8,6,6,0,0,6,6,0.0000
4,64.0000,11,31,408.4996,-81.2642,-0.6481,10,0.2500,1.0000,8,8,7,0,0,8,7,0.1250
4,64.0000,11,32,585.3698,-84.8903,-0.3958,9,0.2250,0.8571,7,8,8,0,0,8,8,0.0000
4,64.0000,11,36,441.3647,-82.5752,0.2672,18,0.4500,0.7143,7,6,6,0,0,6,6,0.0000
4,64.0000,11,39,584.1244,-84.8213,0.0355,7,0.1750,0.6667,6,7,6,0,0,7,6,0.1429
4,64.0000,11,40,810.9966,-86.9713,1.1695,6,0.1500,1.0000,4,4,4,0,0,4,4,0.0000
4,64.0000,11,44,579.7896,-85.5451,-0.3627,5,0.1250,1.0000,8,4,2,0,0,4,2,0.5000
4,64.0000,11,45,934.4106,-88.5392,0.6110,4,0.1000,1.0000,6,8,8,0,0,8,8,0.0000
4,64.0000,12,0,1045.5927,-88.4089,-0.6891,4,0.1000,1.0000,2,6,6,0,0,6,6,0.0000
4,64.0000,12,1,479.8579,-82.4153,0.7606,21,0.5250,0.8750,8,8,5,0,0,8,5,0.3750
4,64.0000,12,2,440.3653,-82.7391,0.6009,18,0.4500,0.8571,7,7,5,0,0,7,5,0.2857
4,64.0000,12,4,578.1909,-86.4646,-1.4320,6,0.1500,0.6667,6,8,7,0,0,8,7,0.1250
4,64.0000,12,5,377.7188,-81.4102,0.3844,17,0.4250,0.7143,7,7,6,0,0,7,6,0.1429
4,64.0000,12,8,417.0813,-82.8557,0.5627,18,0.4500,0.7143,7,5,2,0,0,5,2,0.6000
4,64.0000,12,9,362.3850,-79.5380,-0.4244,23,0.5750,0.8571,7,6,3,0,0,6,3,0.5000
4,64.0000,12,10,500.0642,-83.4093,1.1874,10,0.2500,0.8750,8,7,5,0,0,7,5,0.2857
4,64.0000,12,11,384.7476,-80.4375,-0.7741,26,0.6500,0.5000,6,7,5,0,0,7,5,0.2857
4,64.0000,12,13,694.6856,-85.2259,-0.5835,10,0.2500,0.9429,35,4,3,0,0,4,3,0.2500
4,64.0000,12,16,565.3446,-83.2581,0.2143,11,0.2750,0.8571,7,6,5,0,0,6,5,0.1667
4,64.0000,12,17,386.4257,-80.7141,1.0231,19,0.4750,0.6667,6,6,3,0,0,6,3,0.5000
4,64.0000,12,18,237.3155,-78.8754,0.4745,28,0.7000,0.5000,6,5,1,0,0,5,1,0.8000
4,64.0000,12,19,286.0275,-78.8531,0.0325,24,0.6000,0.8571,7,5,2,0,0,5,2,0.6000
4,64.0000,12,20,88.4676,-72.4180,2.0075,32,0.8000,0.2000,5,5,1,0,0,5,1,0.8000
4,64.0000,12,21,946.1530,-87.1135,-0.0385,6,0.1500,1.0000,4,4,4,0,0,4,4,0.0000
4,64.0000,12,24,969.8577,-89.4625,-0.1700,3,0.0750,1.0000,4,6,6,0,0,6,6,0.0000
4,64.0000,12,25,704.8417,-86.1330,-0.8067,13,0.3250,0.9000,10,6,6,0,0,6,6,0.0000
4,64.0000,12,26,550.7826,-83.2119,-0.3312,9,0.2250,0.8750,8,2,2,0,0,2,2,0.0000
4,64.0000,12,27,981.0233,-88.3439,0.6389,6,0.1500,1.0000,4,4,4,0,0,4,4,0.0000
4,64.0000,12,28,126.2456,-75.2910,2.4886,27,0.6750,0.4000,5,5,1,0,0,5,1,0.8000
4,64.0000,12,29,411.8120,-82.5553,0.2963,15,0.3750,1.0000,8,8,7,0,0,8,7,0.1250
4,64.0000,12,30,615.6468,-86.2266,0.3043,10,0.2500,1.0000,10,6,4,0,0,6,4,0.3333
4,64.0000,12,31,240.0457,-77.4769,0.1542,23,0.5750,0.4000,5,5,1,0,0,5,1,0.8000
4,64.0000,12,32,390.7149,-79.9341,-0.3867,23,0.5750,0.6000,5,7,6,0,0,7,6,0.1429
4,64.0000,12,33,583.5676,-85.0466,0.1146,10,0.2500,0.8571,7,7,5,0,0,7,5,0.2857
4,64.0000,12,34,705.4665,-85.6374,-0.3138,9,0.2250,0.8750,8,8,8,0,0,8,8,0.0000
4,64.0000,12,35,892.4373,-87.2679,-0.0758,7,0.1750,1.0000,4,6,6,0,0,6,6,0.0000
4,64.0000,12,36,567.9865,-84.6310,0.1751,17,0.4250,0.7143,7,8,8,0,0,8,8,0.0000
4,64.0000,12,39,333.0710,-79.2417,0.0995,21,0.5250,0.8571,7,7,4,0,0,7,4,0.4286
4,64.0000,12,43,858.2588,-89.2326,-0.3747,5,0.1250,1.0000,4,4,4,0,0,4,4,0.0000
4,64.0000,12,44,354.6896,-81.4471,0.7023,14,0.3500,1.0000,5,8,7,0,0,8,7,0.1250
4,64.0000,12,45,717.7368,-85.5544,1.1219,11,0.2750,1.0000,6,8,8,0,0,8,8,0.0000
4,64.0000,12,47,763.6897,-86.9713,1.4014,4,0.1000,1.0000,8,8,8,0,0,8,8,0.0000
4,64.0000,13,1,336.5003,-80.7377,0.2270,12,0.3000,0.6667,6,5,2,0,0,5,2,0.6000
4,64.0000,13,11,375.6307,-81.4883,-1.1312,8,0.2000,0.6667,6,6,4,0,0,6,4,0.3333
4,64.0000,13,12,694.6856,-84.2085,5.1426,3,0.0750,1.0000,8,8,8,0,0,8,8,0.0000
4,64.0000,13,17,608.7660,-82.7772,0.1272,4,0.1000,1.0000,8,7,6,0,0,7,6,0.1429
4,64.0000,13,21,845.1409,-87.4789,0.8844,5,0.1250,1.0000,4,8,8,0,0,8,8,0.0000
4,64.0000,13,27,549.4628,-84.3909,0.0976,16,0.4000,0.5000,6,6,3,0,0,6,3,0.5000
4,64.0000,13,28,813.5852,-85.3428,0.2656,3,0.0750,1.0000,6,8,8,0,0,8,8,0.0000
4,64.0000,13,31,773.3505,-85.6360,2.2549,3,0.0750,1.0000,7,8,8,0,0,8,8,0.0000
4,64.0000,13,35,756.6155,-86.0445,1.7660,4,0.1000,1.0000,8,8,7,0,0,8,7,0.1250
4,64.0000,13,36,338.4640,-79.1438,-0.6671,19,0.4750,0.2000,5,8,8,0,0,8,8,0.0000
4,64.0000,13,40,563.3556,-84.0454,0.5578,15,0.3750,0.6667,6,8,8,0,0,8,8,0.0000
4,64.0000,14,0,682.1256,-86.1288,-0.9027,5,0.1250,0.8571,7,8,7,0,0,8,7,0.1250
4,64.0000,14,3,546.3630,-84.1280,0.2393,10,0.2500,0.8750,8,8,6,0,0,8,6,0.2500
4,64.0000,14,7,588.7497,-84.8346,-0.4739,11,0.2750,0.6667,6,8,8,0,0,8,8,0.0000
4,64.0000,14,22,736.7461,-85.9136,-0.3729,4,0.1000,1.0000,8,8,8,0,0,8,8,0.0000
4,64.0000,14,23,455.8714,-82.6196,-1.0493,15,0.3750,1.0000,8,8,7,0,0,8,7,0.1250
4,64.0000,14,24,365.4086,-79.7372,-0.1253,13,0.3250,0.8571,7,8,7,0,0,8,7,0.1250
4,64.0000,14,26,577.4874,-85.3695,-2.5302,3,0.0750,1.0000,8,8,7,0,0,8,7,0.1250
4,64.0000,14,30,492.7189,-84.0718,0.2891,5,0.1250,1.0000,8,7,6,0,0,7,6,0.1429
4,64.0000,14,38,691.0212,-87.2171,0.3584,3,0.0750,1.0000,8,8,7,0,0,8,7,0.1250
4,64.0000,14,41,560.2108,-83.7205,-0.7658,20,0.5000,0.8571,7,7,6,0,0,7,6,0.1429
4,64.0000,14,42,647.3892,-85.7888,0.1029,5,0.1250,1.0000,8,8,8,0,0,8,8,0.0000
4,64.0000,14,43,582.6165,-84.7998,-0.7798,3,0.0750,1.0000,8,8,8,0,0,8,8,0.0000
4,64.0000,14,46,268.8066,-78.8138,0.3525,28,0.7000,0.6667,6,5,2,0,0,5,2,0.6000
4,64.0000,15,0,290.9049,-78.9859,-0.1006,25,0.6250,0.8571,7,7,5,0,0,7,5,0.2857
4,64.0000,15,3,676.8877,-85.4549,-0.9081,14,0.3500,0.8000,5,6,6,0,0,6,6,0.0000
4,64.0000,15,4,739.6563,-86.5613,-0.0169,3,0.0750,1.0000,8,8,8,0,0,8,8,0.0000
4,64.0000,15,6,526.5206,-83.6962,-0.3793,28,0.7000,1.0000,8,8,7,0,0,8,7,0.1250
4,64.0000,15,7,759.1614,-86.6265,-0.1325,12,0.3000,1.0000,8,8,8,0,0,8,8,0.0000
4,64.0000,15,14,904.1858,-86.3442,5.0087,3,0.0750,1.0000,4,8,8,0,0,8,8,0.0000
4,64.0000,15,16,603.5310,-86.7214,0.0388,6,0.1500,1.0000,7,9,8,0,0,9,8,0.1111
4,64.0000,15,22,465.7155,-81.9561,-0.4658,23,0.5750,0.7143,7,8,8,0,0,8,8,0.0000
4,64.0000,15,23,939.4550,-89.0639,-0.3470,4,0.1000,1.0000,6,4,4,0,0,4,4,0.0000
4,64.0000,15,24,548.2771,-84.2772,0.4378,10,0.2500,1.0000,8,7,5,0,0,7,5,0.2857
4,64.0000,15,29,744.7611,-87.7703,-0.0803,4,0.1000,1.0000,8,8,8,0,0,8,8,0.0000
4,64.0000,15,30,906.8248,-87.5577,-0.7057,5,0.1250,1.0000,8,8,8,0,0,8,8,0.0000
4,64.0000,15,33,596.9182,-85.8923,-0.2739,8,0.2000,1.0000,8,8,8,0,0,8,8,0.0000
4,64.0000,15,37,554.6635,-83.3771,0.0838,26,0.6500,0.5000,4,7,6,0,0,7,6,0.1429
4,64.0000,15,38,284.0217,-77.6035,-0.4843,29,0.7250,0.2000,5,7,5,0,0,7,5,0.2857
4,64.0000,15,42,413.9431,-81.0877,-0.1867,22,0.5500,0.8571,7,7,5,0,0,7,5,0.2857
4,64.0000,15,43,598.1234,-86.6565,-0.3870,7,0.1750,1.0000,8,8,7,0,0,8,7,0.1250
4,64.0000,15,44,823.4692,-87.2667,0.3451,4,0.1000,1.0000,8,8,8,0,0,8,8,0.0000
4,64.0000,15,46,780.8901,-86.8181,-0.0528,6,0.1500,1.0000,8,8,8,0,0,8,8,0.0000
4,64.0000,15,47,398.4097,-81.5334,0.3234,12,0.3000,0.7143,7,5,1,0,0,5,1,0.8000
4,64.0000,16,0,646.5748,-86.1363,0.5131,10,0.2500,1.0000,8,8,8,0,0,8,8,0.0000
4,64.0000,16,2,747.4414,-86.4921,0.3413,6,0.1500,1.0000,8,7,6,0,0,7,6,0.1429
4,64.0000,16,4,253.9806,-77.3079,0.3728,28,0.7000,0.5000,6,6,4,0,0,6,4,0.3333
4,64.0000,16,5,802.8005,-87.5750,1.6770,4,0.1000,1.0000,8,8,8,0,0,8,8,0.0000
4,64.0000,16,8,635.5717,-85.5329,0.9122,9,0.2250,0.7143,7,8,8,0,0,8,8,0.0000
4,64.0000,16,9,636.4639,-84.2714,-0.0642,11,0.2750,0.8571,7,8,8,0,0,8,8,0.0000
4,64.0000,16,10,475.8964,-83.1428,1.1149,9,0.2250,1.0000,8,8,8,0,0,8,8,0.0000
4,64.0000,16,11,913.2774,-87.0561,0.3507,4,0.1000,1.0000,8,2,2,0,0,2,2,0.0000
4,64.0000,16,12,565.3446,-85.6352,-0.9779,6,0.1500,0.7143,7,8,8,0,0,8,8,0.0000
4,64.0000,16,15,603.5310,-85.6861,0.9981,8,0.2000,1.0000,8,6,6,0,0,6,6,0.0000
4,64.0000,16,17,865.1179,-87.0746,1.7982,4,0.1000,1.0000,4,6,6,0,0,6,6,0.0000
4,64.0000,16,18,452.6020,-79.7646,-0.6033,14,0.3500,0.8182,22,8,7,0,0,8,7,0.1250
4,64.0000,16,19,285.4877,-78.0418,-0.6408,17,0.4250,0.5000,6,7,5,0,0,7,5,0.2857
4,64.0000,16,20,502.8293,-81.6749,0.1361,10,0.2500,0.8750,8,7,6,0,0,7,6,0.1429
4,64.0000,16,22,841.5384,-87.4901,-0.7873,7,0.1750,0.8750,8,8,8,0,0,8,8,0.0000
4,64.0000,16,24,732.2638,-86.1625,0.8840,4,0.1000,1.0000,8,8,8,0,0,8,8,0.0000
4,64.0000,16,26,765.9824,-86.0204,-1.5800,7,0.1750,0.8571,7,6,6,0,0,6,6,0.0000
4,64.0000,16,28,445.4262,-79.9223,0.0501,12,0.3000,0.9412,68,8,8,0,0,8,8,0.0000
4,64.0000,16,29,257.4161,-75.7088,-0.5409,26,0.6500,0.2000,5,7,5,0,0,7,5,0.2857
4,64.0000,16,30,708.0706,-85.5811,0.7971,4,0.1000,1.0000,8,8,8,0,0,8,8,0.0000
4,64.0000,16,31,580.1383,-84.1626,-0.7579,8,0.2000,1.0000,8,8,8,0,0,8,8,0.0000
4,64.0000,16,32,786.8697,-87.3178,-0.7086,5,0.1250,0.8571,7,8,8,0,0,8,8,0.0000
4,64.0000,16,33,214.0215,-77.1930,0.6513,26,0.6500,0.2885,52,5,1,1,0,6,1,0.8333
4,64.0000,16,34,914.2401,-88.5903,-0.6643,5,0.1250,1.0000,2,8,8,0,0,8,8,0.0000
4,64.0000,16,38,733.7696,-85.8980,-0.4772,7,0.1750,1.0000,4,6,6,0,0,6,6,0.0000
4,64.0000,16,39,672.9744,-84.8461,-1.2794,7,0.1750,0.8750,8,8,8,0,0,8,8,0.0000
4,64.0000,16,42,580.4755,-85.3444,0.1014,6,0.1500,1.0000,8,6,4,0,0,6,4,0.3333
4,64.0000,16,43,636.8330,-86.6492,0.2967,6,0.1500,1.0000,8,8,7,0,0,8,7,0.1250
4,64.0000,16,44,430.9709,-80.4216,-0.3661,13,0.3250,1.0000,8,7,6,141,138,148,144,0.0270
4,64.0000,16,45,950.7596,-87.0102,-0.2204,3,0.0750,1.0000,4,4,4,0,0,4,4,0.0000
4,64.0000,16,47,215.3977,-76.2896,0.2645,30,0.7500,0.2000,5,4,0,0,0,4,0,1.0000
4,64.0000,17,1,559.0240,-86.1782,0.7029,6,0.1500,1.0000,8,7,6,0,0,7,6,0.1429
4,64.0000,17,2,669.2630,-86.3644,-0.5868,5,0.1250,1.0000,8,8,8,0,0,8,8,0.0000
4,64.0000,17,5,617.9551,-85.3777,-0.4166,6,0.1500,1.0000,8,8,8,0,0,8,8,0.0000
4,64.0000,17,9,646.4365,-86.0817,-0.6349,5,0.1250,0.8750,8,8,8,0,0,8,8,0.0000
4,64.0000,17,10,613.6347,-85.2220,1.0404,6,0.1500,1.0000,8,8,7,0,0,8,7,0.1250
4,64.0000,17,11,339.9420,-80.2223,-0.0100,15,0.3750,0.4000,5,7,6,0,0,7,6,0.1429
4,64.0000,17,12,386.4257,-81.1903,-0.5753,10,0.2500,0.6667,6,8,8,0,0,8,8,0.0000
4,64.0000,17,13,608.7660,-86.3952,-0.6694,5,0.1250,1.0000,8,6,6,92,87,98,93,0.0510
4,64.0000,17,18,622.7150,-84.4837,0.7548,8,0.2000,1.0000,8,8,7,0,0,8,7,0.1250
4,64.0000,17,19,628.3849,-84.9627,-0.7578,4,0.1000,0.8571,7,8,8,0,0,8,8,0.0000
4,64.0000,17,20,444.9646,-83.8390,0.4348,8,0.2000,0.7143,7,7,6,0,0,7,6,0.1429
4,64.0000,17,25,890.7962,-87.7991,-0.7843,4,0.1000,1.0000,8,6,6,0,0,6,6,0.0000
4,64.0000,17,26,462.3487,-81.9578,0.0983,9,0.2250,0.8750,8,8,7,0,0,8,7,0.1250
4,64.0000,17,27,922.7138,-87.2175,1.1755,4,0.1000,1.0000,4,4,4,0,0,4,4,0.0000
4,64.0000,17,28,454.6882,-83.7279,0.3154,5,0.1250,1.0000,8,10,10,0,0,10,10,0.0000
4,64.0000,17,29,719.8597,-88.3521,-0.3847,5,0.1250,0.8571,7,8,8,0,0,8,8,0.0000
4,64.0000,17,30,546.9334,-84.6905,0.1567,6,0.1500,1.0000,8,8,8,0,0,8,8,0.0000
4,64.0000,17,31,318.5089,-79.2124,0.5763,13,0.3250,0.6667,6,7,6,0,0,7,6,0.1429
4,64.0000,17,32,625.3226,-84.2626,0.7261,8,0.2000,1.0000,8,8,8,0,0,8,8,0.0000
4,64.0000,17,33,801.8460,-87.4831,0.3743,3,0.0750,0.8571,7,6,6,0,0,6,6,0.0000
4,64.0000,17,36,663.6873,-86.2406,0.1572,5,0.1250,1.0000,8,8,8,0,0,8,8,0.0000
4,64.0000,17,39,644.3869,-85.7674,-0.1827,4,0.1000,1.0000,8,6,4,0,0,6,4,0.3333
4,64.0000,17,43,891.8632,-86.9983,0.1274,4,0.1000,1.0000,8,6,6,0,0,6,6,0.0000
4,64.0000,17,44,516.2051,-84.7338,0.7847,6,0.1500,0.8750,8,8,8,0,0,8,8,0.0000
4,64.0000,18,0,1030.7011,-88.6025,0.1928,6,0.1500,1.0000,6,2,2,0,0,2,2,0.0000
4,64.0000,18,1,574.3492,-85.8928,0.2107,12,0.3000,0.8750,8,6,5,0,0,6,5,0.1667
4,64.0000,18,2,456.2963,-83.9027,0.8997,20,0.5000,0.8750,8,7,6,0,0,7,6,0.1429
4,64.0000,18,4,515.5017,-82.4727,0.3460,17,0.4250,1.0000,7,6,4,0,0,6,4,0.3333
4,64.0000,18,5,393.8728,-83.3113,0.4686,17,0.4250,0.6667,6,5,3,0,0,5,3,0.4000
4,64.0000,18,8,424.1377,-82.1534,0.0905,18,0.4500,0.6667,6,7,5,0,0,7,5,0.2857
4,64.0000,18,9,347.7689,-79.9952,-0.1666,20,0.5000,0.4000,5,5,1,0,0,5,1,0.8000
4,64.0000,18,10,551.8690,-82.6044,0.3069,14,0.3500,1.0000,10,8,7,0,0,8,7,0.1250
4,64.0000,18,11,551.4776,-84.6956,0.4472,16,0.4000,0.7143,7,6,4,0,0,6,4,0.3333
4,64.0000,18,12,237.3155,-78.1808,0.7822,28,0.7000,0.7143,7,6,4,0,0,6,4,0.3333
4,64.0000,18,13,830.6886,-87.4825,-0.4539,6,0.1500,1.0000,8,2,2,0,0,2,2,0.0000
4,64.0000,18,15,1030.0746,-87.4060,0.7106,4,0.1000,1.0000,2,4,4,0,0,4,4,0.0000
4,64.0000,18,16,452.6020,-79.6237,-0.8850,20,0.5000,0.4000,5,8,7,0,0,8,7,0.1250
4,64.0000,18,17,622.7150,-86.7267,0.1269,10,0.2500,1.0000,8,8,8,0,0,8,8,0.0000
4,64.0000,18,19,193.2141,-71.1867,-1.3545,33,0.8250,0.0000,4,5,1,0,0,5,1,0.8000
4,64.0000,18,20,205.8655,-74.7956,0.7781,31,0.7750,0.2000,5,7,6,0,0,7,6,0.1429
4,64.0000,18,21,987.5340,-88.2257,0.0193,3,0.0750,1.0000,4,8,8,0,0,8,8,0.0000
4,64.0000,18,25,691.3954,-86.3072,-0.3683,13,0.3250,1.0000,8,6,6,0,0,6,6,0.0000
4,64.0000,18,26,696.9193,-84.3553,-0.0947,13,0.3250,0.8750,8,4,4,0,0,4,4,0.0000
4,64.0000,18,28,214.2388,-75.4000,-0.8408,32,0.8000,0.3333,18,7,4,0,0,7,4,0.4286
4,64.0000,18,29,307.3026,-75.5159,-1.6337,31,0.7750,0.4000,5,8,6,0,0,8,6,0.2500
4,64.0000,18,30,748.3261,-86.5831,1.9334,6,0.1500,1.0000,8,7,6,0,0,7,6,0.1429
4,64.0000,18,31,414.2485,-81.4674,0.5818,17,0.4250,1.0000,6,10,9,0,0,10,9,0.1000
4,64.0000,18,32,412.0419,-82.5604,0.6386,17,0.4250,0.6667,6,7,6,0,0,7,6,0.1429
4,64.0000,18,33,554.5813,-83.2366,-0.0620,14,0.3500,1.0000,12,8,7,0,0,8,7,0.1250
4,64.0000,18,34,604.3973,-85.8741,0.9472,12,0.3000,1.0000,6,8,5,0,0,8,5,0.3750
4,64.0000,18,35,859.9051,-87.2713,0.7424,8,0.2000,1.0000,4,8,8,0,0,8,8,0.0000
4,64.0000,18,36,631.5337,-86.4115,0.9110,7,0.1750,1.0000,8,8,6,0,0,8,6,0.2500
4,64.0000,18,39,288.5962,-79.4974,-0.7019,26,0.6500,0.6667,6,5,1,0,0,5,1,0.8000
4,64.0000,18,44,420.8863,-81.3017,-0.4029,19,0.4750,0.7500,8,7,6,0,0,7,6,0.1429
4,64.0000,18,45,666.1993,-85.4245,0.0251,9,0.2250,0.8000,5,8,7,0,0,8,7,0.1250
4,64.0000,18,47,665.0507,-84.3374,-0.9572,11,0.2750,0.8750,8,8,8,0,0,8,8,0.0000
4,64.0000,19,0,845.3703,-88.3001,-0.4963,7,0.1750,1.0000,4,2,2,0,0,2,2,0.0000
4,64.0000,19,1,728.1752,-86.2057,-0.6301,11,0.2750,0.7143,7,8,7,0,0,8,7,0.1250
4,64.0000,19,2,539.1489,-84.5291,-0.4043,16,0.4000,0.6667,6,8,8,0,0,8,8,0.0000
4,64.0000,19,4,362.2322,-80.7253,0.2983,18,0.4500,0.8750,8,6,3,0,0,6,3,0.5000
4,64.0000,19,5,545.1852,-85.2434,-0.1252,9,0.2250,0.8571,7,7,6,0,0,7,6,0.1429
4,64.0000,19,8,457.6649,-82.7498,0.6966,17,0.4250,0.5000,6,7,5,0,0,7,5,0.2857
4,64.0000,19,9,426.0526,-82.2463,-0.8055,15,0.3750,0.5714,7,8,7,0,0,8,7,0.1250
4,64.0000,19,10,420.7582,-81.4644,-0.0817,19,0.4750,0.8571,7,8,8,0,0,8,8,0.0000
4,64.0000,19,11,641.3188,-85.1331,-1.0481,20,0.5000,0.8906,64,8,8,0,0,8,8,0.0000
4,64.0000,19,12,286.0275,-79.1752,0.2165,23,0.5750,0.0000,4,8,8,0,0,8,8,0.0000
4,64.0000,19,14,1025.6031,-87.7783,0.5033,3,0.0750,1.0000,2,6,6,0,0,6,6,0.0000
4,64.0000,19,15,858.0630,-88.9329,-0.0467,5,0.1250,1.0000,8,6,6,0,0,6,6,0.0000
4,64.0000,19,16,285.4877,-77.8778,-0.4735,27,0.6750,0.4000,5,6,2,0,0,6,2,0.6667
4,64.0000,19,17,628.3849,-86.1846,-1.0105,13,0.3250,0.0000,4,8,8,0,0,8,8,0.0000
4,64.0000,19,18,193.2141,-72.4384,-2.0283,35,0.8750,0.0000,4,7,3,0,0,7,3,0.5714
4,64.0000,19,20,229.2442,-74.6562,-0.9624,28,0.7000,0.5000,6,5,2,0,0,5,2,0.6000
4,64.0000,19,22,1031.1259,-87.8636,-0.5726,4,0.1000,1.0000,6,6,6,0,0,6,6,0.0000
4,64.0000,19,23,1188.4537,-88.4086,-0.3661,4,0.1000,,0,4,4,0,0,4,4,0.0000
4,64.0000,19,24,836.1949,-87.3207,0.2863,5,0.1250,1.0000,6,8,8,0,0,8,8,0.0000
4,64.0000,19,25,863.7241,-87.2048,0.2380,8,0.2000,1.0000,8,6,6,0,0,6,6,0.0000
4,64.0000,19,26,627.1173,-83.6264,-0.9502,16,0.4000,0.7143,7,2,2,0,0,2,2,0.0000
4,64.0000,19,28,176.7111,-69.5458,-2.1951,34,0.8500,0.2000,5,5,2,0,0,5,2,0.6000
4,64.0000,19,29,183.6404,-74.8316,0.1740,34,0.8500,0.2000,5,7,5,0,0,7,5,0.2857
4,64.0000,19,30,631.3474,-85.6090,0.4565,11,0.2750,1.0000,8,7,5,0,0,7,5,0.2857
4,64.0000,19,31,364.6900,-81.1757,-1.7131,21,0.5250,0.0000,4,7,6,0,0,7,6,0.1429
4,64.0000,19,32,541.7868,-84.1113,-1.1222,12,0.3000,1.0000,8,8,8,0,0,8,8,0.0000
4,64.0000,19,33,364.0952,-81.4271,0.1773,21,0.5250,0.8571,7,5,2,0,0,5,2,0.6000
4,64.0000,19,34,741.6534,-87.0568,0.6238,6,0.1500,1.0000,4,7,6,0,0,7,6,0.1429
4,64.0000,19,36,799.3372,-87.6964,-0.7870,7,0.1750,1.0000,6,7,6,0,0,7,6,0.1429
4,64.0000,19,39,431.3111,-81.3593,-0.2464,16,0.4000,0.8750,8,8,8,0,0,8,8,0.0000
4,64.0000,19,42,745.1616,-86.6874,-2.1964,7,0.1750,0.8333,6,8,8,0,0,8,8,0.0000
4,64.0000,19,43,735.8511,-85.9263,-0.3455,9,0.2250,0.7143,7,3,2,0,0,3,2,0.3333
4,64.0000,19,44,299.9884,-78.4139,0.5856,27,0.6750,0.6667,6,5,2,0,0,5,2,0.6000
4,64.0000,19,45,777.8660,-86.1383,0.7474,6,0.1500,1.0000,4,8,8,0,0,8,8,0.0000
4,64.0000,19,47,493.1269,-82.8928,0.5202,18,0.4500,0.7500,8,7,6,0,0,7,6,0.1429
4,64.0000,20,1,532.1898,-84.4974,0.1466,17,0.4250,0.4286,7,8,8,0,0,8,8,0.0000
4,64.0000,20,2,396.3232,-82.2853,1.0790,23,0.5750,0.5000,6,7,5,0,0,7,5,0.2857
4,64.0000,20,4,496.7992,-83.1894,-0.5649,21,0.5250,1.0000,8,8,8,0,0,8,8,0.0000
4,64.0000,20,5,377.2923,-82.2583,0.2446,21,0.5250,0.7143,7,7,6,0,0,7,6,0.1429
4,64.0000,20,8,351.1013,-81.1427,0.8640,23,0.5750,0.6250,8,8,7,0,0,8,7,0.1250
4,64.0000,20,9,306.3018,-77.4678,-0.8344,30,0.7500,0.5000,6,6,4,0,0,6,4,0.3333
4,64.0000,20,10,506.8483,-83.1069,-0.1790,17,0.4250,0.0000,4,8,8,0,0,8,8,0.0000
4,64.0000,20,11,472.2498,-83.7940,0.1885,15,0.3750,0.8571,7,5,4,0,0,5,4,0.2000
4,64.0000,20,12,88.4676,-72.7243,2.2948,33,0.8250,0.0000,4,5,1,0,0,5,1,0.8000
4,64.0000,20,14,1093.9142,-89.4841,-0.0776,3,0.0750,,0,4,4,0,0,4,4,0.0000
4,64.0000,20,16,502.8293,-82.3866,-0.4809,23,0.5750,0.8000,5,7,6,0,0,7,6,0.1429
4,64.0000,20,17,444.9646,-83.5710,0.6146,16,0.4000,0.7143,7,5,2,0,0,5,2,0.6000
4,64.0000,20,18,205.8655,-74.5906,-0.3363,34,0.8500,0.3333,6,5,2,0,0,5,2,0.6000
4,64.0000,20,19,229.2442,-74.4596,-0.9280,34,0.8500,0.2000,5,6,2,0,0,6,2,0.6667
4,64.0000,20,21,946.4695,-88.4907,-0.4018,3,0.0750,1.0000,4,6,6,0,0,6,6,0.0000
4,64.0000,20,24,962.7523,-87.4386,0.7601,4,0.1000,1.0000,4,7,6,0,0,7,6,0.1429
4,64.0000,20,25,713.4140,-86.2031,0.2659,9,0.2250,1.0000,8,8,8,0,0,8,8,0.0000
4,64.0000,20,26,598.5433,-85.4209,-0.6674,14,0.3500,0.8571,7,2,0,0,0,2,0,1.0000
4,64.0000,20,28,102.2534,-72.3202,1.2640,36,0.9000,0.0000,4,4,0,0,0,4,0,1.0000
4,64.0000,20,29,383.3077,-79.9910,-0.8433,26,0.6500,0.6667,6,5,2,0,0,5,2,0.6000
4,64.0000,20,30,638.8180,-87.1778,0.7475,10,0.2500,0.8571,7,7,6,0,0,7,6,0.1429
4,64.0000,20,31,282.2037,-79.2787,0.5648,23,0.5750,0.2000,5,5,1,0,0,5,1,0.8000
4,64.0000,20,32,374.6258,-80.0816,-0.3290,22,0.5500,0.5714,7,8,8,0,0,8,8,0.0000
4,64.0000,20,33,521.6718,-83.9170,-0.4176,16,0.4000,0.7143,7,7,6,0,0,7,6,0.1429
4,64.0000,20,34,669.1540,-85.4795,0.0694,12,0.3000,0.8571,7,7,6,0,0,7,6,0.1429
4,64.0000,20,35,905.0971,-87.5771,0.2718,8,0.2000,1.0000,4,8,8,0,0,8,8,0.0000
4,64.0000,20,36,618.3732,-86.5979,-0.0768,16,0.4000,1.0000,8,8,7,0,0,8,7,0.1250
4,64.0000,20,39,304.4340,-78.0961,-0.6127,26,0.6500,0.5820,122,7,5,136,113,143,118,0.1748
4,64.0000,20,40,983.1585,-88.3148,0.4235,4,0.1000,,0,4,4,0,0,4,4,0.0000
4,64.0000,20,42,887.7920,-87.8956,0.0683,8,0.2000,1.0000,6,8,8,0,0,8,8,0.0000
4,64.0000,20,43,833.9845,-87.7012,0.3346,7,0.1750,1.0000,8,6,6,0,0,6,6,0.0000
4,64.0000,20,44,359.3132,-81.2482,0.5335,20,0.5000,0.7143,7,8,8,0,0,8,8,0.0000
4,64.0000,20,45,676.3650,-85.8682,0.1114,16,0.4000,0.6667,6,7,5,0,0,7,5,0.2857
4,64.0000,20,47,704.9829,-85.5978,-1.0104,14,0.3500,1.0000,6,9,7,0,0,9,7,0.2222
4,64.0000,21,1,627.8764,-84.7306,0.5328,5,0.1250,1.0000,8,8,8,0,0,8,8,0.0000
4,64.0000,21,2,622.2994,-87.5934,0.5468,4,0.1000,1.0000,8,8,8,0,0,8,8,0.0000
4,64.0000,21,5,598.1109,-83.2114,-0.3864,10,0.2500,1.0000,8,8,8,0,0,8,8,0.0000
4,64.0000,21,25,393.9256,-80.9536,-0.3850,17,0.4250,0.6667,6,8,7,0,0,8,7,0.1250
4,64.0000,21,27,470.4939,-83.8746,0.0711,14,0.3500,0.7143,7,5,2,0,0,5,2,0.6000
4,64.0000,21,32,584.1126,-85.7119,-0.1981,3,0.0750,1.0000,8,8,8,0,0,8,8,0.0000
4,64.0000,21,34,587.8928,-83.0403,0.2210,13,0.3250,0.8750,8,9,8,0,0,9,8,0.1111
4,64.0000,21,35,447.5669,-84.0452,0.3252,15,0.3750,0.8571,7,7,5,0,0,7,5,0.2857
4,64.0000,21,36,616.7429,-85.0890,0.1101,6,0.1500,1.0000,8,8,8,0,0,8,8,0.0000
4,64.0000,21,39,704.6616,-87.8102,0.3519,3,0.0750,1.0000,8,8,8,0,0,8,8,0.0000
4,64.0000,21,40,454.7007,-83.6509,0.7893,15,0.3750,0.7143,7,7,5,0,0,7,5,0.2857
4,64.0000,21,45,499.6113,-84.3611,0.6458,9,0.2250,0.8571,7,8,8,0,0,8,8,0.0000
4,64.0000,22,0,233.0921,-76.2527,0.3538,32,0.8000,0.3333,6,5,2,0,0,5,2,0.6000
4,64.0000,22,3,385.9888,-82.1989,0.3460,28,0.7000,0.7143,7,5,2,0,0,5,2,0.6000
4,64.0000,22,6,558.6673,-85.1396,0.2042,18,0.4500,0.4000,5,6,4,0,0,6,4,0.3333
4,64.0000,22,7,550.0016,-85.2530,0.6050,14,0.3500,0.7143,7,8,7,0,0,8,7,0.1250
4,64.0000,22,14,736.7461,-84.5304,-0.2579,3,0.0750,1.0000,8,8,8,0,0,8,8,0.0000
4,64.0000,22,15,465.7155,-81.2988,-1.2665,19,0.4750,0.8571,7,8,6,0,0,8,6,0.2500
4,64.0000,22,23,559.0053,-85.4523,0.9556,11,0.2750,0.7143,7,8,8,0,0,8,8,0.0000
4,64.0000,22,24,432.4270,-82.2370,-0.2111,13,0.3250,0.6667,6,6,3,0,0,6,3,0.5000
4,64.0000,22,33,712.0178,-84.6409,0.6994,4,0.1000,1.0000,8,8,8,0,0,8,8,0.0000
4,64.0000,22,37,539.0297,-83.9202,-0.0217,25,0.6250,0.7500,8,7,4,0,0,7,4,0.4286
4,64.0000,22,38,237.3796,-76.5419,-0.2731,33,0.8250,0.2000,5,6,3,0,0,6,3,0.5000
4,64.0000,22,41,512.9725,-83.9895,1.1192,14,0.3500,1.0000,8,8,7,0,0,8,7,0.1250
4,64.0000,22,42,290.1377,-77.1903,-0.9817,29,0.7250,0.2000,5,7,5,0,0,7,5,0.2857
4,64.0000,22,43,392.3594,-81.6341,1.1675,13,0.3250,0.8571,7,6,3,0,0,6,3,0.5000
4,64.0000,22,46,554.8749,-85.0143,1.0777,8,0.2000,0.8750,8,8,7,0,0,8,7,0.1250
4,64.0000,22,47,679.7237,-86.4390,1.3856,4,0.1000,1.0000,8,8,8,0,0,8,8,0.0000
4,64.0000,23,0,653.7207,-85.7278,-0.2804,8,0.2000,1.0000,8,8,8,0,0,8,8,0.0000
4,64.0000,23,3,441.5216,-83.9863,0.1956,22,0.5500,0.5000,6,6,3,0,0,6,3,0.5000
4,64.0000,23,6,964.1668,-88.4027,-0.3620,4,0.1000,1.0000,6,8,8,0,0,8,8,0.0000
4,64.0000,23,7,573.2955,-84.7318,0.4629,15,0.3750,0.8750,8,7,6,87,77,94,83,0.1170
4,64.0000,23,10,826.0400,-88.1541,0.6468,3,0.0750,1.0000,8,8,8,0,0,8,8,0.0000
4,64.0000,23,14,455.8714,-82.6539,0.1534,18,0.4500,0.6667,6,7,6,0,0,7,6,0.1429
4,64.0000,23,22,559.0053,-85.1309,0.3237,14,0.3500,0.8750,8,8,8,0,0,8,8,0.0000
4,64.0000,23,24,490.1680,-82.3864,-0.6284,12,0.3000,0.7143,7,7,6,43,39,50,45,0.1000
4,64.0000,23,30,665.0377,-84.4378,-0.4196,10,0.2500,1.0000,8,8,8,0,0,8,8,0.0000
4,64.0000,23,31,1029.3713,-88.5820,-0.4213,4,0.1000,1.0000,8,6,6,0,0,6,6,0.0000
4,64.0000,23,37,952.3540,-87.2466,-0.4235,7,0.1750,1.0000,8,6,6,0,0,6,6,0.0000
4,64.0000,23,38,669.4727,-85.0991,0.5022,5,0.1250,0.8750,8,7,6,0,0,7,6,0.1429
4,64.0000,23,41,392.8571,-81.4616,1.0899,31,0.7750,0.7143,7,6,3,0,0,6,3,0.5000
4,64.0000,23,42,600.9262,-84.0472,-1.2146,9,0.2250,0.8750,8,8,8,0,0,8,8,0.0000
4,64.0000,23,43,503.3090,-82.6922,0.1632,10,0.2500,0.9934,152,8,8,8,8,16,16,0.0000
4,64.0000,23,46,369.5483,-81.1760,0.6376,31,0.7750,0.6667,6,5,3,0,0,5,3,0.4000
4,64.0000,24,0,321.5337,-79.8129,-0.8522,25,0.6250,0.8750,8,6,3,0,0,6,3,0.5000
4,64.0000,24,3,408.3078,-82.4073,-0.2567,28,0.7000,0.6250,8,4,1,0,0,4,1,0.7500
4,64.0000,24,4,860.0550,-88.2605,-0.0041,4,0.1000,1.0000,8,8,8,0,0,8,8,0.0000
4,64.0000,24,6,739.3327,-87.3702,0.1334,8,0.2000,0.8750,8,8,8,0,0,8,8,0.0000
4,64.0000,24,7,514.2198,-82.6044,-1.4337,21,0.5250,0.7778,9,8,7,0,0,8,7,0.1250
4,64.0000,24,10,480.3105,-84.6096,0.2606,7,0.1750,1.0000,8,8,7,0,0,8,7,0.1250
4,64.0000,24,14,365.4086,-81.0530,-0.3380,28,0.7000,0.5000,6,7,5,0,0,7,5,0.2857
4,64.0000,24,15,548.2771,-84.3953,0.2686,19,0.4750,1.0000,8,8,6,0,0,8,6,0.2500
4,64.0000,24,16,732.2638,-86.6988,-0.6070,5,0.1250,1.0000,10,8,8,0,0,8,8,0.0000
4,64.0000,24,19,836.1949,-87.4357,-1.4372,3,0.0750,1.0000,8,8,8,0,0,8,8,0.0000
4,64.0000,24,22,432.4270,-83.0093,0.6013,20,0.5000,0.4000,5,6,3,0,0,6,3,0.5000
4,64.0000,24,23,490.1680,-83.1186,0.3129,23,0.5750,0.7143,7,8,6,0,0,8,6,0.2500
4,64.0000,24,26,636.5259,-86.3863,1.4182,6,0.1500,1.0000,8,4,4,0,0,4,4,0.0000
4,64.0000,24,30,493.6945,-82.6880,-0.7892,13,0.3250,0.8571,7,8,8,0,0,8,8,0.0000
4,64.0000,24,33,647.2672,-85.0850,-0.1864,6,0.1500,1.0000,8,7,6,0,0,7,6,0.1429
4,64.0000,24,37,761.1054,-86.0083,-0.0173,15,0.3750,0.8000,10,7,6,0,0,7,6,0.1429
4,64.0000,24,38,345.7176,-80.8174,0.6932,28,0.7000,0.4000,5,5,2,0,0,5,2,0.6000
4,64.0000,24,41,523.0594,-83.0415,0.0858,25,0.6250,0.5000,6,8,7,0,0,8,7,0.1250
4,64.0000,24,42,307.2164,-80.0793,0.3276,25,0.6250,0.4000,5,8,5,0,0,8,5,0.3750
4,64.0000,24,43,326.7231,-80.5460,0.1363,24,0.6000,0.7143,7,5,2,8,6,13,8,0.3846
4,64.0000,24,44,617.5454,-85.9093,-0.5434,7,0.1750,1.0000,8,8,7,0,0,8,7,0.1250
4,64.0000,24,46,309.5202,-79.1242,-0.0822,31,0.7750,0.6250,8,5,2,0,0,5,2,0.6000
4,64.0000,24,47,646.1349,-87.0961,0.1414,5,0.1250,0.7500,8,8,7,0,0,8,7,0.1250
4,64.0000,25,1,387.5232,-79.8029,-1.4126,21,0.5250,0.5714,7,7,6,0,0,7,6,0.1429
4,64.0000,25,2,489.9679,-83.1839,-0.4309,14,0.3500,1.0000,8,7,6,0,0,7,6,0.1429
4,64.0000,25,5,339.0185,-77.4787,-1.2710,24,0.6000,0.6667,6,8,8,0,0,8,8,0.0000
4,64.0000,25,8,624.4423,-84.5661,0.1007,8,0.2000,1.0000,8,7,6,0,0,7,6,0.1429
4,64.0000,25,9,539.4597,-83.0642,-0.3437,7,0.1750,0.8750,8,10,10,0,0,10,10,0.0000
4,64.0000,25,11,741.9062,-87.1472,0.9880,3,0.0750,1.0000,8,8,8,0,0,8,8,0.0000
4,64.0000,25,12,704.8417,-87.9806,-0.8023,4,0.1000,1.0000,8,8,8,0,0,8,8,0.0000
4,64.0000,25,13,670.9681,-85.4412,0.3077,10,0.2500,1.0000,6,8,8,0,0,8,8,0.0000
4,64.0000,25,18,691.3954,-86.8914,0.9432,5,0.1250,0.8750,8,8,8,0,0,8,8,0.0000
4,64.0000,25,19,863.7241,-86.8213,2.0370,3,0.0750,1.0000,8,8,8,0,0,8,8,0.0000
4,64.0000,25,20,713.4140,-87.4838,1.1390,3,0.0750,0.7500,8,7,6,0,0,7,6,0.1429
4,64.0000,25,21,393.9256,-81.0974,0.3475,34,0.8500,0.4286,7,7,4,0,0,7,4,0.4286
4,64.0000,25,27,581.3403,-84.8631,-0.1152,18,0.4500,1.0000,8,8,8,0,0,8,8,0.0000
4,64.0000,25,28,801.9641,-88.0627,-0.2352,3,0.0750,1.0000,8,8,8,0,0,8,8,0.0000
4,64.0000,25,31,930.7049,-88.4458,0.0400,3,0.0750,1.0000,8,8,8,0,0,8,8,0.0000
4,64.0000,25,32,374.7624,-80.9537,-0.3997,13,0.3250,0.4000,5,4,2,0,0,4,2,0.5000
4,64.0000,25,34,373.7522,-80.5792,-0.2446,29,0.7250,0.5714,7,6,4,0,0,6,4,0.3333
4,64.0000,25,35,207.1218,-76.7299,0.3664,39,0.9750,0.1667,6,3,0,0,0,3,0,1.0000
4,64.0000,25,36,346.6606,-80.7193,0.2051,24,0.6000,0.5000,6,7,5,0,0,7,5,0.2857
4,64.0000,25,39,443.8922,-82.6084,0.0727,12,0.3000,0.8571,7,7,6,0,0,7,6,0.1429
4,64.0000,25,40,594.1003,-85.9831,-0.1188,7,0.1750,0.8571,7,8,7,0,0,8,7,0.1250
4,64.0000,25,45,415.1440,-82.6892,0.3893,20,0.5000,0.7500,8,5,2,0,0,5,2,0.6000
4,64.0000,26,0,864.9131,-87.1956,0.6219,4,0.1000,1.0000,8,6,6,0,0,6,6,0.0000
4,64.0000,26,1,884.5408,-87.7079,-0.6314,5,0.1250,1.0000,2,4,4,0,0,4,4,0.0000
4,64.0000,26,5,911.2499,-88.7260,-0.2508,6,0.1500,1.0000,8,6,6,0,0,6,6,0.0000
4,64.0000,26,8,923.4977,-88.2162,-0.3402,3,0.0750,1.0000,8,8,8,0,0,8,8,0.0000
4,64.0000,26,9,899.2346,-86.4577,-1.2137,3,0.0750,1.0000,8,6,6,0,0,6,6,0.0000
4,64.0000,26,10,313.2021,-76.5982,-1.3850,25,0.6250,0.6667,6,7,5,0,0,7,5,0.2857
4,64.0000,26,11,548.1779,-82.6032,-0.7893,11,0.2750,0.7143,7,8,8,12,12,20,20,0.0000
4,64.0000,26,12,550.7826,-84.9231,1.3109,7,0.1750,0.8571,7,8,8,0,0,8,8,0.0000
4,64.0000,26,14,577.4874,-84.2869,0.5732,10,0.2500,0.0000,2,8,6,0,0,8,6,0.2500
4,64.0000,26,16,765.9824,-86.2533,-0.9964,6,0.1500,1.0000,8,10,10,0,0,10,10,0.0000
4,64.0000,26,17,462.3487,-82.7777,-0.6447,15,0.3750,0.8889,9,8,8,0,0,8,8,0.0000
4,64.0000,26,18,696.9193,-84.4785,-0.9028,7,0.1750,1.0000,8,7,5,0,0,7,5,0.2857
4,64.0000,26,19,627.1173,-84.4386,-0.4272,10,0.2500,1.0000,8,8,8,0,0,8,8,0.0000
4,64.0000,26,20,598.5433,-85.5034,-0.5397,7,0.1750,1.0000,8,8,8,0,0,8,8,0.0000
4,64.0000,26,23,830.3468,-87.0255,-0.7717,5,0.1250,1.0000,4,6,6,0,0,6,6,0.0000
4,64.0000,26,24,636.5259,-86.8925,0.1794,5,0.1250,0.8571,7,8,8,0,0,8,8,0.0000
4,64.0000,26,28,523.2598,-82.8043,0.4519,11,0.2750,1.0000,8,8,8,0,0,8,8,0.0000
4,64.0000,26,29,593.5750,-85.5317,-0.4207,7,0.1750,0.8571,7,10,10,0,0,10,10,0.0000
4,64.0000,26,30,195.2643,-76.9127,0.9971,26,0.6500,0.2000,5,4,0,0,0,4,0,1.0000
4,64.0000,26,31,318.4745,-76.1461,-0.6915,20,0.5000,0.5000,6,7,5,0,0,7,5,0.2857
4,64.0000,26,32,930.9708,-87.9085,-0.8872,4,0.1000,1.0000,8,4,4,0,0,4,4,0.0000
4,64.0000,26,33,708.4091,-85.3541,0.0369,8,0.2000,1.0000,8,8,8,0,0,8,8,0.0000
4,64.0000,26,36,968.6328,-88.9751,0.5225,3,0.0750,1.0000,8,6,6,0,0,6,6,0.0000
4,64.0000,26,38,937.2332,-88.3807,0.4529,3,0.0750,1.0000,6,6,6,0,0,6,6,0.0000
4,64.0000,26,39,882.9810,-88.9059,-0.0987,3,0.0750,0.8571,7,4,4,0,0,4,4,0.0000
4,64.0000,26,41,1068.0500,-87.4882,-0.6984,3,0.0750,,0,8,8,0,0,8,8,0.0000
4,64.0000,26,42,747.5424,-88.0161,-0.5622,3,0.0750,1.0000,8,8,8,0,0,8,8,0.0000
4,64.0000,26,43,635.7731,-85.5778,0.0041,10,0.2500,0.8750,8,6,6,0,0,6,6,0.0000
4,64.0000,26,44,342.5394,-79.9199,0.0402,17,0.4250,0.6250,8,7,6,0,0,7,6,0.1429
4,64.0000,26,46,793.4766,-87.7678,0.0125,4,0.1000,1.0000,6,8,8,0,0,8,8,0.0000
4,64.0000,26,47,859.2137,-87.8068,-0.4888,4,0.1000,1.0000,2,8,8,0,0,8,8,0.0000
4,64.0000,27,1,545.5627,-83.5094,-0.8092,9,0.2250,0.8750,8,8,7,0,0,8,7,0.1250
4,64.0000,27,5,731.8133,-87.4253,-0.1450,4,0.1000,1.0000,8,6,6,0,0,6,6,0.0000
4,64.0000,27,11,827.9953,-86.4729,0.5971,3,0.0750,1.0000,6,8,8,0,0,8,8,0.0000
4,64.0000,27,13,549.4628,-83.6924,0.1912,8,0.2000,0.7143,7,8,8,0,0,8,8,0.0000
4,64.0000,27,21,470.4939,-83.7969,0.4842,15,0.3750,0.8750,8,6,4,0,0,6,4,0.3333
4,64.0000,27,25,581.3403,-84.1173,0.1936,8,0.2000,1.0000,8,5,2,0,0,5,2,0.6000
4,64.0000,27,35,614.0935,-84.1738,-0.4229,10,0.2500,1.0000,8,8,8,0,0,8,8,0.0000
4,64.0000,27,36,524.3438,-84.4990,-0.3310,10,0.2500,1.0000,8,8,8,0,0,8,8,0.0000
4,64.0000,27,40,97.9206,-68.1256,0.0577,37,0.9250,0.0000,4,4,0,0,0,4,0,1.0000
4,64.0000,28,1,602.5446,-85.5816,0.1086,10,0.2500,0.8750,8,7,6,0,0,7,6,0.1429
4,64.0000,28,2,494.9011,-84.6617,-0.1936,14,0.3500,0.7143,7,6,3,0,0,6,3,0.5000
4,64.0000,28,4,477.8186,-83.7252,-0.5734,13,0.3250,0.2500,4,8,8,0,0,8,8,0.0000
4,64.0000,28,5,470.6191,-83.4768,0.5977,14,0.3500,0.4000,5,4,2,0,0,4,2,0.5000
4,64.0000,28,8,437.4451,-83.3090,0.4627,14,0.3500,0.7143,7,7,4,0,0,7,4,0.4286
4,64.0000,28,9,399.1962,-80.5612,-0.5272,19,0.4750,0.8750,8,8,7,0,0,8,7,0.1250
4,64.0000,28,10,406.9146,-79.7565,-0.4889,27,0.6750,0.6667,6,6,3,0,0,6,3,0.5000
4,64.0000,28,11,483.5099,-84.0158,0.2221,15,0.3750,0.8571,7,7,6,0,0,7,6,0.1429
4,64.0000,28,12,126.2456,-75.3210,2.0245,33,0.8250,0.2000,5,4,0,0,0,4,0,1.0000
4,64.0000,28,13,813.5852,-87.9319,0.3644,6,0.1500,0.8000,5,8,7,0,0,8,7,0.1250
4,64.0000,28,14,999.8209,-87.8935,0.3564,4,0.1000,1.0000,2,6,6,0,0,6,6,0.0000
4,64.0000,28,16,445.4262,-81.7281,-1.1697,21,0.5250,0.8571,7,7,6,0,0,7,6,0.1429
4,64.0000,28,17,454.6882,-83.3376,0.4485,14,0.3500,0.7143,7,6,4,0,0,6,4,0.3333
4,64.0000,28,18,214.2388,-75.2785,-0.2284,32,0.8000,0.3158,19,5,1,0,0,5,1,0.8000
4,64.0000,28,19,176.7111,-70.4298,-2.8946,35,0.8750,0.0000,4,5,2,0,0,5,2,0.6000
4,64.0000,28,20,102.2534,-71.6824,1.1324,34,0.8500,0.2000,5,4,0,0,0,4,0,1.0000
4,64.0000,28,21,1046.7324,-88.5092,-1.7637,4,0.1000,1.0000,6,8,8,0,0,8,8,0.0000
4,64.0000,28,24,866.3343,-87.1605,1.8150,3,0.0750,0.6667,3,6,6,0,0,6,6,0.0000
4,64.0000,28,25,801.9641,-88.1457,-0.2372,6,0.1500,0.8571,7,4,4,0,0,4,4,0.0000
4,64.0000,28,26,523.2598,-82.0079,-0.4511,14,0.3500,0.8571,7,7,6,0,0,7,6,0.1429
4,64.0000,28,29,301.3675,-77.8722,-0.6788,29,0.7250,0.2000,5,7,6,0,0,7,6,0.1429
4,64.0000,28,30,557.9534,-86.1584,0.4447,6,0.1500,0.7143,7,8,8,0,0,8,8,0.0000
4,64.0000,28,31,219.6030,-77.4468,0.1507,29,0.7250,0.4000,5,5,2,0,0,5,2,0.6000
4,64.0000,28,32,473.9227,-82.8985,0.2649,17,0.4250,0.7143,7,8,8,0,0,8,8,0.0000
4,64.0000,28,33,464.0552,-81.7226,-1.0030,11,0.2750,0.6667,12,8,8,0,0,8,8,0.0000
4,64.0000,28,34,752.8372,-86.8891,1.2095,7,0.1750,0.8750,8,6,3,0,0,6,3,0.5000
4,64.0000,28,35,988.1612,-86.6180,-0.3304,3,0.0750,1.0000,2,2,2,0,0,2,2,0.0000
4,64.0000,28,36,686.3287,-85.8018,0.4443,11,0.2750,0.8333,6,7,6,0,0,7,6,0.1429
4,64.0000,28,39,393.4554,-82.0755,0.1178,20,0.5000,0.8750,8,6,4,0,0,6,4,0.3333
4,64.0000,28,42,805.5308,-87.5405,-1.4040,4,0.1000,0.8750,8,4,4,0,0,4,4,0.0000
4,64.0000,28,43,755.6329,-86.0329,-0.6283,9,0.2250,1.0000,8,4,4,0,0,4,4,0.0000
4,64.0000,28,44,260.0077,-77.8670,-0.3364,30,0.7500,0.0000,4,5,2,0,0,5,2,0.6000
4,64.0000,28,45,770.0535,-87.1466,-0.5482,8,0.2000,1.0000,6,6,5,0,0,6,5,0.1667
4,64.0000,28,47,639.2882,-85.3143,-1.3895,9,0.2250,0.7500,8,8,8,0,0,8,8,0.0000
4,64.0000,29,0,748.7677,-86.7482,0.0399,7,0.1750,1.0000,8,5,4,0,0,5,4,0.2000
4,64.0000,29,1,843.3262,-87.8380,-0.6325,5,0.1250,0.8571,7,8,8,0,0,8,8,0.0000
4,64.0000,29,2,717.4126,-87.0255,0.0688,12,0.3000,0.8571,7,8,7,0,0,8,7,0.1250
4,64.0000,29,4,447.0510,-82.3589,-0.4866,18,0.4500,0.6667,6,7,6,0,0,7,6,0.1429
4,64.0000,29,5,695.0262,-86.7260,0.4372,7,0.1750,0.8571,7,6,6,0,0,6,6,0.0000
4,64.0000,29,8,640.2486,-86.0065,-0.5059,9,0.2250,0.8571,7,8,7,0,0,8,7,0.1250
4,64.0000,29,9,603.1588,-84.5458,-1.1946,14,0.3500,0.5000,6,8,8,0,0,8,8,0.0000
4,64.0000,29,10,338.1578,-80.9286,0.7604,20,0.5000,0.5000,6,5,2,0,0,5,2,0.6000
4,64.0000,29,11,701.5555,-86.5791,0.3989,11,0.2750,1.0000,8,2,2,0,0,2,2,0.0000
4,64.0000,29,12,411.8120,-82.9884,1.3969,15,0.3750,1.0000,8,8,8,0,0,8,8,0.0000
4,64.0000,29,14,919.3200,-88.9823,-0.0989,4,0.1000,1.0000,2,6,5,0,0,6,5,0.1667
4,64.0000,29,15,744.7611,-86.6519,-0.7207,8,0.2000,1.0000,8,6,6,0,0,6,6,0.0000
4,64.0000,29,16,257.4161,-75.9576,-0.9383,34,0.8500,0.0000,3,6,2,0,0,6,2,0.6667
4,64.0000,29,17,719.8597,-86.8642,0.7819,5,0.1250,1.0000,8,8,8,0,0,8,8,0.0000
4,64.0000,29,18,307.3026,-76.8214,-1.5892,29,0.7250,0.7143,7,8,8,0,0,8,8,0.0000
4,64.0000,29,19,183.6404,-74.4967,-0.1445,32,0.8000,0.4444,63,7,5,0,0,7,5,0.2857
4,64.0000,29,20,383.3077,-79.7055,-0.8187,17,0.4250,0.8571,7,6,4,0,0,6,4,0.3333
4,64.0000,29,24,723.2904,-87.8548,1.0880,6,0.1500,0.8750,8,8,7,0,0,8,7,0.1250
4,64.0000,29,25,998.1352,-88.6410,-0.1928,4,0.1000,1.0000,6,4,4,0,0,4,4,0.0000
4,64.0000,29,26,593.5750,-85.8004,-0.4321,13,0.3250,1.0000,8,4,4,60,57,64,61,0.0469
4,64.0000,29,28,301.3675,-77.8485,-0.2424,24,0.6000,0.8571,7,7,5,0,0,7,5,0.2857
4,64.0000,29,30,596.4467,-85.8854,0.0415,10,0.2500,0.7500,8,10,8,0,0,10,8,0.2000
4,64.0000,29,31,413.5892,-82.5853,-0.1144,14,0.3500,0.9324,74,8,6,80,68,88,74,0.1591
4,64.0000,29,32,704.7681,-85.7738,0.3605,8,0.2000,1.0000,8,8,6,0,0,8,6,0.2500
4,64.0000,29,33,377.6112,-82.3260,0.0093,19,0.4750,0.7143,7,7,4,0,0,7,4,0.4286
4,64.0000,29,34,883.2458,-87.2047,-0.0561,4,0.1000,1.0000,2,8,8,0,0,8,8,0.0000
4,64.0000,29,36,905.9717,-88.1646,0.8954,4,0.1000,1.0000,4,8,8,0,0,8,8,0.0000
4,64.0000,29,38,828.5299,-87.0350,-0.1090,9,0.2250,1.0000,8,6,6,0,0,6,6,0.0000
4,64.0000,29,39,586.9076,-83.9856,0.3139,13,0.3250,1.0000,8,8,8,0,0,8,8,0.0000
4,64.0000,29,42,674.0344,-86.5274,0.4830,12,0.3000,1.0000,6,7,6,0,0,7,6,0.1429
4,64.0000,29,43,691.2001,-87.1605,-0.2364,12,0.3000,1.0000,8,6,6,0,0,6,6,0.0000
4,64.0000,29,44,271.5122,-80.5241,1.0913,20,0.5000,0.6667,6,8,7,0,0,8,7,0.1250
4,64.0000,29,45,941.2994,-87.2460,-0.1717,7,0.1750,1.0000,4,4,4,0,0,4,4,0.0000
4,64.0000,29,47,425.1223,-81.4355,0.2799,22,0.5500,0.8571,7,7,5,0,0,7,5,0.2857
4,64.0000,30,0,707.4697,-84.3065,-0.3878,10,0.2500,0.8571,7,6,6,0,0,6,6,0.0000
4,64.0000,30,3,855.6034,-88.2448,0.2036,8,0.2000,1.0000,2,7,6,0,0,7,6,0.1429
4,64.0000,30,4,775.3321,-87.6927,-0.8671,3,0.0750,1.0000,8,7,6,0,0,7,6,0.1429
4,64.0000,30,7,968.0588,-88.0808,0.2439,7,0.1750,1.0000,8,6,6,0,0,6,6,0.0000
4,64.0000,30,10,272.7778,-79.1045,0.7418,18,0.4500,1.0000,8,7,4,0,0,7,4,0.4286
4,64.0000,30,11,704.4049,-85.6527,-0.4007,5,0.1250,1.0000,8,8,8,0,0,8,8,0.0000
4,64.0000,30,12,615.6468,-85.4344,1.9487,5,0.1250,0.8571,7,8,8,0,0,8,8,0.0000
4,64.0000,30,14,492.7189,-82.5297,-0.3309,18,0.4500,0.7778,9,7,6,0,0,7,6,0.1429
4,64.0000,30,15,906.8248,-88.6221,-0.4695,4,0.1000,1.0000,8,6,6,0,0,6,6,0.0000
4,64.0000,30,16,708.0706,-85.8706,0.8012,8,0.2000,1.0000,6,8,8,0,0,8,8,0.0000
4,64.0000,30,17,546.9334,-86.0954,0.1764,9,0.2250,1.0000,6,7,6,0,0,7,6,0.1429
4,64.0000,30,18,748.3261,-84.9092,2.4880,6,0.1500,1.0000,8,8,8,0,0,8,8,0.0000
4,64.0000,30,19,631.3474,-85.0377,-0.2246,5,0.1250,0.8571,7,8,8,0,0,8,8,0.0000
4,64.0000,30,20,638.8180,-86.8276,2.5888,5,0.1250,1.0000,8,8,8,0,0,8,8,0.0000
4,64.0000,30,22,812.7840,-87.7090,-0.7816,10,0.2500,1.0000,8,8,8,0,0,8,8,0.0000
4,64.0000,30,23,665.0377,-83.9781,-0.0450,15,0.3750,1.0000,8,6,4,0,0,6,4,0.3333
4,64.0000,30,24,493.6945,-83.2116,-0.0060,15,0.3750,1.0000,8,7,5,0,0,7,5,0.2857
4,64.0000,30,26,195.2643,-77.7544,0.9278,25,0.6250,0.8571,7,5,1,0,0,5,1,0.8000
4,64.0000,30,28,557.9534,-83.7165,1.2898,5,0.1250,0.8333,6,8,8,0,0,8,8,0.0000
4,64.0000,30,29,596.4467,-85.2803,-0.0866,9,0.2250,1.0000,8,8,8,0,0,8,8,0.0000
4,64.0000,30,31,379.8075,-82.4775,-0.9886,10,0.2500,0.8571,7,7,6,0,0,7,6,0.1429
4,64.0000,30,33,606.7103,-84.1566,-0.9629,9,0.2250,1.0000,8,8,8,0,0,8,8,0.0000
4,64.0000,30,38,785.0219,-87.1703,0.4673,7,0.1750,1.0000,8,6,6,0,0,6,6,0.0000
4,64.0000,30,39,941.2967,-88.3251,1.5517,3,0.0750,1.0000,8,8,8,0,0,8,8,0.0000
4,64.0000,30,41,916.9679,-87.8429,-0.1222,7,0.1750,1.0000,4,4,4,0,0,4,4,0.0000
4,64.0000,30,42,578.3315,-85.1560,0.3966,12,0.3000,0.8571,7,8,8,0,0,8,8,0.0000
4,64.0000,30,43,448.6965,-80.4937,-0.6869,18,0.4500,0.7143,7,8,8,0,0,8,8,0.0000
4,64.0000,30,44,340.1813,-80.9729,-0.2477,16,0.4000,0.8571,7,7,6,0,0,7,6,0.1429
4,64.0000,30,46,666.5394,-86.7581,0.0133,9,0.2250,1.0000,8,8,8,0,0,8,8,0.0000
4,64.0000,30,47,764.3125,-85.9150,0.3286,10,0.2500,1.0000,6,8,8,0,0,8,8,0.0000
4,64.0000,31,0,906.6228,-88.2911,0.3896,3,0.0750,1.0000,4,6,6,0,0,6,6,0.0000
4,64.0000,31,1,649.8089,-86.0271,-0.0878,10,0.2500,1.0000,8,8,7,0,0,8,7,0.1250
4,64.0000,31,2,655.7986,-84.9052,-0.6774,8,0.2000,1.0000,6,9,8,0,0,9,8,0.1111
4,64.0000,31,4,623.4245,-87.0937,-0.2413,8,0.2000,1.0000,8,8,7,0,0,8,7,0.1250
4,64.0000,31,5,611.2151,-86.6882,0.0232,6,0.1500,1.0000,8,8,8,0,0,8,8,0.0000
4,64.0000,31,8,608.4981,-86.6403,0.2152,7,0.1750,1.0000,6,8,8,0,0,8,8,0.0000
4,64.0000,31,9,580.7629,-84.8221,0.8150,9,0.2250,1.0000,8,8,7,0,0,8,7,0.1250
4,64.0000,31,10,320.5103,-78.5827,-0.8180,25,0.6250,0.3333,6,7,5,0,0,7,5,0.2857
4,64.0000,31,11,408.4996,-80.9660,0.0318,16,0.4000,0.8209,67,6,4,34,29,40,33,0.1750
4,64.0000,31,12,240.0457,-77.9790,0.1105,20,0.5000,0.8133,75,5,1,0,0,5,1,0.8000
4,64.0000,31,13,773.3505,-87.4640,0.2302,6,0.1500,0.8000,5,10,10,0,0,10,10,0.0000
4,64.0000,31,14,844.1285,-88.0352,0.1500,7,0.1750,1.0000,2,8,8,0,0,8,8,0.0000
4,64.0000,31,16,580.1383,-85.4130,0.0509,9,0.2250,1.0000,8,8,8,0,0,8,8,0.0000
4,64.0000,31,17,318.5089,-79.6726,0.4666,28,0.7000,0.5000,6,6,4,122,94,128,98,0.2344
4,64.0000,31,18,414.2485,-81.4687,0.1927,14,0.3500,0.6667,6,8,7,0,0,8,7,0.1250
4,64.0000,31,19,364.6900,-80.5358,-0.0145,17,0.4250,0.8571,7,6,4,0,0,6,4,0.3333
4,64.0000,31,20,282.2037,-79.4797,0.5470,19,0.4750,0.7143,7,6,4,0,0,6,4,0.3333
4,64.0000,31,23,1029.3713,-88.4728,-0.5561,4,0.1000,1.0000,4,4,4,0,0,4,4,0.0000
4,64.0000,31,24,779.4250,-86.2521,0.4696,6,0.1500,0.8571,7,8,8,0,0,8,8,0.0000
4,64.0000,31,25,930.7049,-87.2439,-1.1881,4,0.1000,1.0000,6,6,6,0,0,6,6,0.0000
4,64.0000,31,26,318.4745,-76.9513,-1.1547,30,0.7500,0.2000,5,8,7,0,0,8,7,0.1250
4,64.0000,31,28,219.6030,-77.1256,0.1236,26,0.6500,0.6667,6,5,1,0,0,5,1,0.8000
4,64.0000,31,29,413.5892,-81.7318,0.1543,13,0.3250,0.6667,6,6,4,0,0,6,4,0.3333
4,64.0000,31,30,379.8075,-81.9726,0.9358,18,0.4500,0.7143,7,5,2,0,0,5,2,0.6000
4,64.0000,31,32,622.3368,-86.0791,-0.3329,11,0.2750,1.0000,8,8,8,0,0,8,8,0.0000
4,64.0000,31,33,546.1636,-84.2996,-0.0017,11,0.2750,0.8571,7,8,8,0,0,8,8,0.0000
4,64.0000,31,35,1114.5175,-89.3802,-0.0248,3,0.0750,1.0000,2,2,2,0,0,2,2,0.0000
4,64.0000,31,36,741.9067,-87.1949,-1.0794,4,0.1000,1.0000,6,7,5,0,0,7,5,0.2857
4,64.0000,31,39,572.1217,-84.1946,0.6879,11,0.2750,0.9000,20,8,8,0,0,8,8,0.0000
4,64.0000,31,42,775.4686,-87.2934,0.2244,5,0.1250,1.0000,10,8,8,0,0,8,8,0.0000
4,64.0000,31,43,686.7328,-85.5047,0.5346,9,0.2250,0.7143,7,4,4,0,0,4,4,0.0000
4,64.0000,31,44,202.8356,-77.0696,0.3269,28,0.7000,0.7143,7,6,2,0,0,6,2,0.6667
4,64.0000,31,45,948.4995,-86.8399,0.6661,3,0.0750,1.0000,4,4,4,0,0,4,4,0.0000
4,64.0000,31,47,735.5640,-86.6171,0.1658,11,0.2750,1.0000,8,8,8,0,0,8,8,0.0000
4,64.0000,32,1,370.7742,-80.4839,-0.6698,29,0.7250,0.7143,7,6,2,0,0,6,2,0.6667
4,64.0000,32,2,159.3896,-76.3523,2.2276,30,0.7500,0.0000,4,5,1,0,0,5,1,0.8000
4,64.0000,32,4,721.9530,-88.3280,1.4467,3,0.0750,1.0000,8,4,4,0,0,4,4,0.0000
4,64.0000,32,5,86.0072,-70.4718,2.2429,34,0.8500,0.2000,5,6,2,0,0,6,2,0.6667
4,64.0000,32,8,273.5034,-78.1913,0.6975,22,0.5500,0.8000,5,6,3,0,0,6,3,0.5000
4,64.0000,32,9,184.9503,-75.7927,1.0313,32,0.8000,0.0000,4,6,2,0,0,6,2,0.6667
4,64.0000,32,11,585.3698,-84.3344,-0.2529,13,0.3250,0.7500,8,8,8,0,0,8,8,0.0000
4,64.0000,32,12,390.7149,-79.6924,-0.2865,17,0.4250,0.8750,8,7,5,0,0,7,5,0.2857
4,64.0000,32,13,699.1750,-86.4190,0.5096,10,0.2500,1.0000,6,2,2,0,0,2,2,0.0000
4,64.0000,32,16,786.8697,-87.1684,-0.7272,3,0.0750,0.8750,8,8,8,0,0,8,8,0.0000
4,64.0000,32,17,625.3226,-85.8710,-0.5229,8,0.2000,1.0000,8,8,7,0,0,8,7,0.1250
4,64.0000,32,18,412.0419,-83.5929,0.4784,8,0.2000,0.4000,5,6,4,0,0,6,4,0.3333
4,64.0000,32,19,541.7868,-84.2980,-1.6805,6,0.1500,0.8571,7,8,8,0,0,8,8,0.0000
4,64.0000,32,20,374.6258,-79.3204,-0.0117,10,0.2500,0.6667,6,6,4,0,0,6,4,0.3333
4,64.0000,32,21,584.1126,-84.5290,-0.3170,17,0.4250,0.8000,5,8,8,0,0,8,8,0.0000
4,64.0000,32,25,374.7624,-81.1460,0.2933,27,0.6750,0.7143,7,7,5,0,0,7,5,0.2857
4,64.0000,32,26,930.9708,-85.8556,-0.5003,3,0.0750,1.0000,8,2,2,0,0,2,2,0.0000
4,64.0000,32,27,755.3136,-87.1985,0.1473,10,0.2500,1.0000,4,8,8,0,0,8,8,0.0000
4,64.0000,32,28,473.9227,-83.3882,0.9208,8,0.2000,1.0000,8,8,8,0,0,8,8,0.0000
4,64.0000,32,29,704.7681,-84.2007,2.5691,4,0.1000,1.0000,8,7,6,0,0,7,6,0.1429
4,64.0000,32,31,622.3368,-83.9148,0.6029,6,0.1500,1.0000,8,8,8,0,0,8,8,0.0000
4,64.0000,32,34,373.7741,-82.2856,1.5318,20,0.5000,0.7143,7,5,1,0,0,5,1,0.8000
4,64.0000,32,35,579.0087,-84.6368,0.9900,13,0.3250,0.6667,3,8,6,0,0,8,6,0.2500
4,64.0000,32,36,430.7015,-82.3271,0.3566,18,0.4500,0.4000,5,8,8,0,0,8,8,0.0000
4,64.0000,32,39,137.3100,-73.6568,0.7458,35,0.8750,0.3333,6,5,1,0,0,5,1,0.8000
4,64.0000,32,40,723.3100,-85.8472,0.0091,11,0.2750,1.0000,8,8,7,0,0,8,7,0.1250
4,64.0000,32,44,732.4882,-88.5707,0.1311,3,0.0750,0.7143,7,8,8,0,0,8,8,0.0000
4,64.0000,32,45,353.6989,-81.7932,0.3010,24,0.6000,0.5000,6,6,3,0,0,6,3,0.5000
4,64.0000,33,0,554.9695,-83.7292,-0.4581,11,0.2750,0.8571,7,8,8,0,0,8,8,0.0000
4,64.0000,33,4,213.0329,-77.6021,0.2106,29,0.7250,0.5000,6,4,0,0,0,4,0,1.0000
4,64.0000,33,8,642.6892,-85.3483,0.0935,4,0.1000,1.0000,8,8,7,0,0,8,7,0.1250
4,64.0000,33,10,440.9206,-81.7980,0.4037,12,0.3000,0.5714,7,8,8,0,0,8,8,0.0000
4,64.0000,33,12,583.5676,-84.5476,-0.5380,3,0.0750,0.8750,8,8,8,0,0,8,8,0.0000
4,64.0000,33,15,596.9182,-85.8100,-0.0588,9,0.2250,1.0000,8,6,6,0,0,6,6,0.0000
4,64.0000,33,16,214.0215,-77.1647,0.6035,26,0.6500,0.4000,5,5,1,0,0,5,1,0.8000
4,64.0000,33,17,801.8460,-86.9948,-3.1716,3,0.0750,1.0000,8,8,8,0,0,8,8,0.0000
4,64.0000,33,18,554.5813,-84.8112,-1.8238,6,0.1500,0.9500,20,8,8,0,0,8,8,0.0000
4,64.0000,33,19,364.0952,-80.9438,-0.3628,10,0.2500,0.5714,7,7,6,0,0,7,6,0.1429
4,64.0000,33,20,521.6718,-83.8195,0.0988,3,0.0750,1.0000,8,6,4,0,0,6,4,0.3333
4,64.0000,33,22,712.0178,-84.4576,-1.5578,8,0.2000,0.4000,5,6,6,0,0,6,6,0.0000
4,64.0000,33,23,970.0327,-87.7721,-1.1362,5,0.1250,,0,4,4,0,0,4,4,0.0000
4,64.0000,33,24,647.2672,-85.2962,0.3295,10,0.2500,0.8571,7,8,8,0,0,8,8,0.0000
4,64.0000,33,26,708.4091,-85.1008,-1.2109,7,0.1750,1.0000,8,4,4,0,0,4,4,0.0000
4,64.0000,33,28,464.0552,-82.2606,-0.1924,12,0.3000,0.7500,8,7,6,0,0,7,6,0.1429
4,64.0000,33,29,377.6112,-80.1981,0.3623,16,0.4000,0.8571,7,7,5,0,0,7,5,0.2857
4,64.0000,33,30,606.7103,-85.2123,2.0348,8,0.2000,0.8000,5,10,10,0,0,10,10,0.0000
4,64.0000,33,31,546.1636,-83.4224,2.3891,6,0.1500,0.8750,8,7,6,0,0,7,6,0.1429
4,64.0000,33,38,659.6500,-85.0202,-0.1814,8,0.2000,1.0000,8,6,6,0,0,6,6,0.0000
4,64.0000,33,39,740.9947,-85.1453,0.0703,4,0.1000,1.0000,8,8,8,0,0,8,8,0.0000
4,64.0000,33,42,446.8578,-82.6821,-1.3494,12,0.3000,0.8750,8,8,8,0,0,8,8,0.0000
4,64.0000,33,43,469.7936,-82.7559,-1.0581,14,0.3500,0.7143,7,8,8,0,0,8,8,0.0000
4,64.0000,33,44,408.8018,-80.7424,-1.1292,18,0.4500,0.7273,11,7,6,0,0,7,6,0.1429
4,64.0000,33,47,263.6678,-77.4968,0.0664,26,0.6500,0.0000,4,6,2,0,0,6,2,0.6667
4,64.0000,34,1,642.1333,-84.4872,0.3951,9,0.2308,0.8750,8,8,8,0,0,8,8,0.0000
4,64.0000,34,2,386.0269,-81.4216,0.2554,19,0.4872,0.4000,5,8,8,0,0,8,8,0.0000
4,64.0000,34,4,852.5879,-87.5585,-1.2566,3,0.0769,1.0000,6,8,8,0,0,8,8,0.0000
4,64.0000,34,5,391.4674,-79.9279,-0.5138,15,0.3846,0.8750,8,5,2,0,0,5,2,0.6000
4,64.0000,34,8,471.5388,-82.5624,0.1576,15,0.3846,0.6667,6,8,8,0,0,8,8,0.0000
4,64.0000,34,9,408.9555,-83.2757,0.2714,8,0.2051,0.8750,8,8,6,0,0,8,6,0.2500
4,64.0000,34,12,705.4665,-85.9035,0.7119,5,0.1282,0.8571,7,8,8,0,0,8,8,0.0000
4,64.0000,34,18,604.3973,-85.4712,1.0067,4,0.1026,1.0000,8,8,7,0,0,8,7,0.1250
4,64.0000,34,20,669.1540,-86.6045,1.4812,3,0.0769,0.8571,7,7,5,0,0,7,5,0.2857
4,64.0000,34,21,587.8928,-84.6309,-0.9965,21,0.5385,0.2000,5,8,8,0,0,8,8,0.0000
4,64.0000,34,25,373.7522,-80.6640,-0.4354,25,0.6410,0.8571,7,7,6,0,0,7,6,0.1429
4,64.0000,34,28,752.8372,-87.5454,-0.0845,3,0.0769,1.0000,8,7,6,0,0,7,6,0.1429
4,64.0000,34,32,373.7741,-82.7602,1.0578,12,0.3077,0.8000,10,8,6,0,0,8,6,0.2500
4,64.0000,34,35,489.7786,-83.6828,0.6279,21,0.5385,1.0000,8,7,5,0,0,7,5,0.2857
4,64.0000,34,36,642.4984,-84.7697,0.1843,6,0.1538,0.8571,7,8,8,0,0,8,8,0.0000
4,64.0000,34,39,372.8944,-81.6747,0.4778,11,0.2821,0.8571,7,7,5,0,0,7,5,0.2857
4,64.0000,34,40,909.3006,-86.8969,0.8870,3,0.0769,1.0000,2,6,6,0,0,6,6,0.0000
4,64.0000,34,45,187.3132,-75.8475,1.1166,29,0.7436,0.4000,5,4,0,0,0,4,0,1.0000
4,64.0000,35,1,535.0265,-82.8783,-0.9514,13,0.3250,1.0000,8,7,6,0,0,7,6,0.1429
4,64.0000,35,2,690.0648,-85.6058,0.1323,6,0.1500,0.8889,9,6,6,0,0,6,6,0.0000
4,64.0000,35,5,538.3732,-83.4344,-0.2119,8,0.2000,1.0000,10,6,6,0,0,6,6,0.0000
4,64.0000,35,11,889.1320,-87.3935,-1.2792,3,0.0750,1.0000,8,6,6,0,0,6,6,0.0000
4,64.0000,35,12,892.4373,-87.2213,-1.2336,3,0.0750,1.0000,8,6,6,0,0,6,6,0.0000
4,64.0000,35,13,756.6155,-86.0526,0.3163,7,0.1750,1.0000,8,8,8,0,0,8,8,0.0000
4,64.0000,35,18,859.9051,-88.0533,-0.4474,3,0.0750,1.0000,8,8,8,0,0,8,8,0.0000
4,64.0000,35,20,905.0971,-87.1885,-1.6720,3,0.0750,1.0000,8,8,8,0,0,8,8,0.0000
4,64.0000,35,21,447.5669,-83.1331,-0.5428,20,0.5000,0.8750,8,8,7,0,0,8,7,0.1250
4,64.0000,35,25,207.1218,-76.8514,0.5757,30,0.7500,0.0000,4,5,1,0,0,5,1,0.8000
4,64.0000,35,27,614.0935,-84.5122,-0.5135,14,0.3500,0.8750,8,8,8,0,0,8,8,0.0000
4,64.0000,35,32,579.0087,-82.8191,2.5869,4,0.1000,0.8571,7,8,8,0,0,8,8,0.0000
4,64.0000,35,34,489.7786,-83.9036,0.7569,13,0.3250,0.8750,8,7,6,0,0,7,6,0.1429
4,64.0000,35,36,459.3895,-80.7552,-1.0954,15,0.3750,0.7143,7,7,6,0,0,7,6,0.1429
4,64.0000,35,39,633.7974,-85.8586,-0.5995,6,0.1500,1.0000,8,8,7,0,0,8,7,0.1250
4,64.0000,35,40,654.9120,-85.6689,-0.5358,12,0.3000,1.0000,8,7,6,0,0,7,6,0.1429
4,64.0000,35,45,557.8916,-85.4344,-0.8288,7,0.1750,0.8571,7,6,4,0,0,6,4,0.3333
4,64.0000,36,1,110.8648,-71.3860,1.6386,33,0.8250,0.0000,4,6,3,0,0,6,3,0.5000
4,64.0000,36,2,585.2193,-85.4192,-1.0309,8,0.2000,1.0000,8,6,4,0,0,6,4,0.3333
4,64.0000,36,5,358.1530,-81.4791,0.2481,17,0.4250,0.8750,8,8,8,0,0,8,8,0.0000
4,64.0000,36,8,695.0666,-85.7535,0.1029,10,0.2500,1.0000,8,7,6,0,0,7,6,0.1429
4,64.0000,36,9,601.5607,-86.5873,-0.7000,8,0.2000,1.0000,8,7,6,0,0,7,6,0.1429
4,64.0000,36,11,441.3647,-84.2554,1.8622,9,0.2250,1.0000,6,10,7,0,0,10,7,0.3000
4,64.0000,36,12,567.9865,-84.7045,1.2008,9,0.2250,1.0000,8,8,8,0,0,8,8,0.0000
4,64.0000,36,13,338.4640,-79.4225,-0.6242,34,0.8500,0.4000,5,8,6,0,0,8,6,0.2500
4,64.0000,36,17,663.6873,-87.2649,-0.4208,6,0.1500,1.0000,6,8,8,0,0,8,8,0.0000
4,64.0000,36,18,631.5337,-85.7200,0.5610,10,0.2500,0.6667,3,6,4,0,0,6,4,0.3333
4,64.0000,36,19,799.3372,-88.7670,-1.8924,3,0.0750,1.0000,8,8,8,0,0,8,8,0.0000
4,64.0000,36,20,618.3732,-86.5985,-1.1842,6,0.1500,1.0000,8,7,4,0,0,7,4,0.4286
4,64.0000,36,21,616.7429,-85.8562,0.4784,14,0.3500,0.8750,8,8,7,0,0,8,7,0.1250
4,64.0000,36,25,346.6606,-80.5027,0.4254,22,0.5500,0.7143,7,6,4,0,0,6,4,0.3333
4,64.0000,36,27,524.3438,-84.3082,-0.4940,18,0.4500,0.7143,7,7,5,0,0,7,5,0.2857
4,64.0000,36,28,686.3287,-87.1099,-5.2176,3,0.0750,0.8571,7,8,8,0,0,8,8,0.0000
4,64.0000,36,31,741.9067,-87.8663,-2.5881,4,0.1000,1.0000,4,7,6,0,0,7,6,0.1429
4,64.0000,36,32,430.7015,-82.3947,-0.4800,13,0.3250,1.0000,8,7,5,0,0,7,5,0.2857
4,64.0000,36,34,642.4984,-86.0298,3.0223,12,0.3000,0.8571,7,7,6,0,0,7,6,0.1429
4,64.0000,36,35,459.3895,-82.6776,-0.7101,22,0.5500,0.6667,6,8,7,0,0,8,7,0.1250
4,64.0000,36,39,482.0356,-84.5851,2.1204,11,0.2750,1.0000,8,6,3,0,0,6,3,0.5000
4,64.0000,36,40,539.1484,-84.8254,0.4763,21,0.5250,1.0000,8,8,8,0,0,8,8,0.0000
4,64.0000,36,44,892.1604,-88.0194,-2.4676,3,0.0750,1.0000,4,8,8,0,0,8,8,0.0000
4,64.0000,36,45,679.4207,-86.8016,-0.7134,8,0.2000,1.0000,6,8,8,0,0,8,8,0.0000
4,64.0000,37,0,580.2975,-83.8020,0.1777,10,0.2439,1.0000,8,8,8,0,0,8,8,0.0000
4,64.0000,37,3,540.3761,-82.3867,-1.3393,24,0.5854,0.8750,8,8,7,0,0,8,7,0.1250
4,64.0000,37,6,75.7167,-70.4431,2.3631,39,0.9512,0.0000,4,4,0,0,0,4,0,1.0000
4,64.0000,37,7,539.7688,-84.2494,-0.0125,20,0.4878,0.7143,7,8,7,0,0,8,7,0.1250
4,64.0000,37,14,1023.2503,-88.2071,0.0970,5,0.1220,1.0000,6,6,6,0,0,6,6,0.0000
4,64.0000,37,15,554.6635,-83.9327,-0.6920,15,0.3659,1.0000,8,8,8,0,0,8,8,0.0000
4,64.0000,37,22,539.0297,-83.8485,0.0344,20,0.4878,0.6667,6,8,8,0,0,8,8,0.0000
4,64.0000,37,23,952.3540,-88.5413,0.0506,5,0.1220,1.0000,8,8,8,0,0,8,8,0.0000
4,64.0000,37,24,761.1054,-85.1268,-2.1047,9,0.2195,0.8750,8,8,8,0,0,8,8,0.0000
4,64.0000,37,38,476.3848,-82.8605,0.3192,18,0.4390,0.7500,8,7,5,0,0,7,5,0.2857
4,64.0000,37,41,659.7267,-84.2578,-0.4078,18,0.4390,0.5000,6,8,7,0,0,8,7,0.1250
4,64.0000,37,42,740.3951,-85.7765,-0.6565,9,0.2195,1.0000,8,8,8,0,0,8,8,0.0000
4,64.0000,37,46,784.1157,-85.4577,-1.0773,9,0.2195,0.8571,7,8,8,0,0,8,8,0.0000
4,64.0000,37,47,946.5818,-88.1443,3.0485,3,0.0732,1.0000,4,8,8,0,0,8,8,0.0000
4,64.0000,38,0,112.7881,-70.3674,0.4328,37,0.9250,0.2000,5,6,2,0,0,6,2,0.6667
4,64.0000,38,3,402.9431,-82.2820,0.4621,29,0.7250,0.6667,6,7,5,0,0,7,5,0.2857
4,64.0000,38,4,846.0259,-87.5034,-0.0826,4,0.1000,0.8571,7,8,8,0,0,8,8,0.0000
4,64.0000,38,6,463.2489,-83.7784,0.2353,28,0.7000,0.8750,8,5,2,0,0,5,2,0.6000
4,64.0000,38,7,515.3529,-83.7846,0.2254,23,0.5750,0.8750,8,5,1,0,0,5,1,0.8000
4,64.0000,38,10,705.6179,-85.9610,-0.5401,6,0.1500,0.8571,7,8,8,0,0,8,8,0.0000
4,64.0000,38,14,691.0212,-85.5659,-1.0468,5,0.1250,1.0000,6,8,8,0,0,8,8,0.0000
4,64.0000,38,15,284.0217,-76.8744,-0.4319,31,0.7750,0.0000,4,5,2,0,0,5,2,0.6000
4,64.0000,38,16,733.7696,-86.9088,0.5929,3,0.0750,1.0000,8,6,6,0,0,6,6,0.0000
4,64.0000,38,22,237.3796,-76.9726,-0.5091,36,0.9000,0.0000,4,4,0,0,0,4,0,1.0000
4,64.0000,38,23,669.4727,-86.4343,-0.3808,9,0.2250,1.0000,8,7,6,0,0,7,6,0.1429
4,64.0000,38,24,345.7176,-80.5734,0.0657,21,0.5250,0.8571,7,8,7,0,0,8,7,0.1250
4,64.0000,38,29,828.5299,-86.9623,0.0421,4,0.1000,1.0000,8,4,4,0,0,4,4,0.0000
4,64.0000,38,30,785.0219,-84.9955,-0.1534,5,0.1250,1.0000,8,8,8,0,0,8,8,0.0000
4,64.0000,38,33,659.6500,-85.2617,0.3128,3,0.0750,1.0000,8,8,8,0,0,8,8,0.0000
4,64.0000,38,37,476.3848,-83.6061,0.1282,27,0.6750,0.5000,6,7,6,0,0,7,6,0.1429
4,64.0000,38,41,567.1410,-85.3248,-0.7550,13,0.3250,0.8571,7,6,4,0,0,6,4,0.3333
4,64.0000,38,42,276.2695,-76.9541,-1.2686,31,0.7750,0.0000,4,6,4,0,0,6,4,0.3333
4,64.0000,38,43,438.0256,-81.9756,0.7906,12,0.3000,0.8750,8,7,6,0,0,7,6,0.1429
4,64.0000,38,44,814.1992,-86.6418,-1.2549,3,0.0750,1.0000,8,8,8,0,0,8,8,0.0000
4,64.0000,38,46,527.0033,-83.5386,0.2262,17,0.4250,0.6667,6,8,8,0,0,8,8,0.0000
4,64.0000,38,47,560.8856,-83.6800,0.0432,9,0.2250,0.8571,7,8,7,0,0,8,7,0.1250
4,64.0000,39,1,428.3700,-81.9372,0.9500,20,0.5000,0.7143,7,7,5,0,0,7,5,0.2857
4,64.0000,39,2,213.9822,-77.2275,-0.2214,32,0.8000,0.0000,4,5,1,0,0,5,1,0.8000
4,64.0000,39,4,636.9083,-86.9247,0.4103,8,0.2000,0.8571,7,8,8,0,0,8,8,0.0000
4,64.0000,39,5,141.6790,-74.7259,0.8703,33,0.8250,0.5000,6,4,0,0,0,4,0,1.0000
4,64.0000,39,8,268.6897,-78.3483,0.4442,31,0.7750,0.5000,6,5,2,0,0,5,2,0.6000
4,64.0000,39,9,154.7203,-72.8547,-0.1238,31,0.7750,0.2000,5,6,3,0,0,6,3,0.5000
4,64.0000,39,10,796.0433,-87.1812,0.1836,8,0.2000,0.8750,8,8,8,0,0,8,8,0.0000
4,64.0000,39,11,584.1244,-85.7504,0.2752,13,0.3250,1.0000,10,8,5,0,0,8,5,0.3750
4,64.0000,39,12,333.0710,-79.0290,0.3206,21,0.5250,0.4286,7,5,2,0,0,5,2,0.6000
4,64.0000,39,13,750.6634,-86.9273,0.6460,12,0.3000,1.0000,8,4,4,0,0,4,4,0.0000
4,64.0000,39,16,672.9744,-84.2676,-1.5839,10,0.2500,0.7143,7,6,6,0,0,6,6,0.0000
4,64.0000,39,17,644.3869,-85.8715,0.6193,14,0.3500,1.0000,8,7,6,0,0,7,6,0.1429
4,64.0000,39,18,288.5962,-79.2461,0.5544,22,0.5500,0.7500,8,7,6,0,0,7,6,0.1429
4,64.0000,39,19,431.3111,-82.8428,-0.0385,16,0.4000,0.7500,8,8,8,0,0,8,8,0.0000
4,64.0000,39,20,304.4340,-77.5050,-0.2723,20,0.5000,0.6250,8,8,5,0,0,8,5,0.3750
4,64.0000,39,21,704.6616,-86.3905,-0.2054,12,0.3000,1.0000,6,7,6,0,0,7,6,0.1429
4,64.0000,39,25,443.8922,-83.4494,0.7546,24,0.6000,0.8571,7,6,3,0,0,6,3,0.5000
4,64.0000,39,26,882.9810,-87.3522,0.0475,8,0.2000,1.0000,8,4,3,0,0,4,3,0.2500
4,64.0000,39,27,872.3176,-87.6643,0.6287,6,0.1500,1.0000,6,6,6,0,0,6,6,0.0000
4,64.0000,39,28,393.4554,-81.1172,0.9029,13,0.3250,0.8571,7,7,5,0,0,7,5,0.2857
4,64.0000,39,29,586.9076,-83.5604,-0.2519,14,0.3500,0.8750,8,3,2,0,0,3,2,0.3333
4,64.0000,39,30,941.2967,-87.6008,0.6283,4,0.1000,1.0000,6,8,8,0,0,8,8,0.0000
4,64.0000,39,31,572.1217,-84.2124,0.6136,11,0.2750,0.7143,7,8,8,0,0,8,8,0.0000
4,64.0000,39,32,137.3100,-74.0375,1.0083,35,0.8750,0.0000,4,5,1,0,0,5,1,0.8000
4,64.0000,39,33,740.9947,-85.7804,0.8507,7,0.1750,1.0000,8,8,7,0,0,8,7,0.1250
4,64.0000,39,34,372.8944,-83.0785,0.5663,24,0.6000,0.7143,7,7,4,0,0,7,4,0.4286
4,64.0000,39,35,633.7974,-86.0674,0.0205,13,0.3250,1.0000,8,8,8,0,0,8,8,0.0000
4,64.0000,39,36,482.0356,-84.8697,0.2697,17,0.4250,0.8750,8,8,8,0,0,8,8,0.0000
4,64.0000,39,40,846.5249,-87.3994,-0.2967,7,0.1750,0.8333,6,8,8,0,0,8,8,0.0000
4,64.0000,39,44,651.3278,-85.9272,-1.3449,8,0.2000,0.8750,8,8,7,0,0,8,7,0.1250
4,64.0000,39,45,402.1568,-82.0746,0.2887,22,0.5500,0.5714,7,7,6,0,0,7,6,0.1429
4,64.0000,39,47,886.7558,-88.1711,-0.0552,8,0.2000,1.0000,8,8,8,0,0,8,8,0.0000
4,64.0000,40,1,540.7866,-84.2727,-0.7244,6,0.1500,1.0000,8,8,8,0,0,8,8,0.0000
4,64.0000,40,13,563.3556,-84.4921,0.4519,10,0.2500,0.8889,9,8,8,0,0,8,8,0.0000
4,64.0000,40,21,454.7007,-84.4619,1.1342,17,0.4250,0.8571,7,7,5,0,0,7,5,0.2857
4,64.0000,40,25,594.1003,-85.1880,0.4216,6,0.1500,0.8571,7,8,8,0,0,8,8,0.0000
4,64.0000,40,27,97.9206,-68.4804,-0.0920,36,0.9000,0.0941,85,4,0,78,7,82,7,0.9146
4,64.0000,40,32,723.3100,-87.2713,-0.8701,3,0.0750,1.0000,8,8,8,0,0,8,8,0.0000
4,64.0000,40,35,654.9120,-85.1553,0.2169,8,0.2000,1.0000,8,8,8,0,0,8,8,0.0000
4,64.0000,40,36,539.1484,-83.3965,-0.3712,12,0.3000,0.7143,7,8,8,0,0,8,8,0.0000
4,64.0000,41,0,619.9170,-84.4447,0.0747,16,0.3902,1.0000,8,8,8,0,0,8,8,0.0000
4,64.0000,41,3,168.2252,-74.8006,0.4572,36,0.8780,0.0000,4,5,1,0,0,5,1,0.8000
4,64.0000,41,6,670.3949,-86.2585,0.1938,13,0.3171,0.8571,7,7,6,0,0,7,6,0.1429
4,64.0000,41,7,220.4886,-76.0763,-0.0105,37,0.9024,0.3333,6,4,0,0,0,4,0,1.0000
4,64.0000,41,14,560.2108,-82.9608,-0.3954,16,0.3902,1.0000,8,8,8,0,0,8,8,0.0000
4,64.0000,41,15,844.1034,-86.8965,-1.0471,4,0.0976,1.0000,8,8,8,0,0,8,8,0.0000
4,64.0000,41,22,512.9725,-83.4836,-0.0551,13,0.3171,0.8571,7,7,6,0,0,7,6,0.1429
4,64.0000,41,23,392.8571,-82.3016,0.1487,26,0.6341,0.6667,6,6,3,0,0,6,3,0.5000
4,64.0000,41,24,523.0594,-82.6740,-0.1240,19,0.4634,0.6667,6,7,5,0,0,7,5,0.2857
4,64.0000,41,30,916.9679,-87.8583,-0.4855,3,0.0732,1.0000,8,4,4,0,0,4,4,0.0000
4,64.0000,41,37,659.7267,-86.1932,0.6690,10,0.2439,1.0000,8,8,8,0,0,8,8,0.0000
4,64.0000,41,38,567.1410,-85.0668,0.3295,13,0.3171,0.8571,7,8,7,0,0,8,7,0.1250
4,64.0000,41,42,671.1316,-86.2298,0.4811,7,0.1707,1.0000,8,8,8,0,0,8,8,0.0000
4,64.0000,41,43,683.0126,-85.4860,-0.5648,6,0.1463,1.0000,8,7,6,0,0,7,6,0.1429
4,64.0000,41,46,305.0097,-77.2683,-1.2383,37,0.9024,0.5000,6,6,4,0,0,6,4,0.3333
4,64.0000,42,0,168.6885,-70.1594,-1.4260,35,0.8750,0.0000,4,4,0,0,0,4,0,1.0000
4,64.0000,42,3,538.5958,-84.2232,-0.1676,17,0.4250,0.7500,8,8,8,0,0,8,8,0.0000
4,64.0000,42,4,645.3006,-85.8813,0.1416,6,0.1500,1.0000,8,8,7,0,0,8,7,0.1250
4,64.0000,42,6,735.2835,-87.0319,-0.8216,11,0.2750,1.0000,8,8,8,0,0,8,8,0.0000
4,64.0000,42,7,690.4793,-86.2119,-0.5367,16,0.4000,1.0000,8,8,8,0,0,8,8,0.0000
4,64.0000,42,10,522.5199,-84.9178,0.7558,5,0.1250,1.0000,8,8,8,0,0,8,8,0.0000
4,64.0000,42,14,647.3892,-85.3013,0.1443,9,0.2250,0.8571,7,8,7,0,0,8,7,0.1250
4,64.0000,42,15,413.9431,-82.3862,-0.4486,23,0.5750,0.8571,7,6,4,0,0,6,4,0.3333
4,64.0000,42,16,580.4755,-84.7434,0.1018,7,0.1750,0.4000,5,5,2,0,0,5,2,0.6000
4,64.0000,42,17,1019.6093,-88.4641,-0.0811,4,0.1000,1.0000,6,8,8,0,0,8,8,0.0000
4,64.0000,42,19,745.1616,-88.2710,-0.3940,3,0.0750,1.0000,8,8,8,0,0,8,8,0.0000
4,64.0000,42,20,887.7920,-86.5901,-1.1301,4,0.1000,1.0000,8,8,8,0,0,8,8,0.0000
4,64.0000,42,22,290.1377,-77.0351,-1.1131,35,0.8750,0.0000,4,7,5,0,0,7,5,0.2857
4,64.0000,42,23,600.9262,-84.4417,0.3044,16,0.4000,1.0000,8,8,7,0,0,8,7,0.1250
4,64.0000,42,24,307.2164,-79.6865,0.4223,23,0.5750,0.8571,7,5,1,0,0,5,1,0.8000
4,64.0000,42,26,747.5424,-86.7842,-0.1096,5,0.1250,1.0000,8,6,6,0,0,6,6,0.0000
4,64.0000,42,30,578.3315,-84.2805,-0.6415,9,0.2250,1.0000,8,8,7,0,0,8,7,0.1250
4,64.0000,42,33,446.8578,-82.9397,-0.8682,7,0.1750,1.0000,8,6,3,0,0,6,3,0.5000
4,64.0000,42,37,740.3951,-85.5010,-0.4181,14,0.3500,0.8571,7,8,7,0,0,8,7,0.1250
4,64.0000,42,38,276.2695,-76.2955,-0.9864,35,0.8750,0.4000,5,6,3,0,0,6,3,0.5000
4,64.0000,42,41,671.1316,-84.3718,-0.1472,17,0.4250,1.0000,8,7,6,0,0,7,6,0.1429
4,64.0000,42,43,186.2286,-77.4911,0.7459,27,0.6750,0.5000,6,4,0,0,0,4,0,1.0000
4,64.0000,42,44,610.2694,-85.7638,-0.0682,5,0.1250,0.8571,7,8,8,0,0,8,8,0.0000
4,64.0000,42,46,568.7791,-86.4458,1.4721,10,0.2500,0.8750,8,8,7,0,0,8,7,0.1250
4,64.0000,42,47,458.5705,-82.6468,-0.2537,11,0.2750,0.8571,7,7,6,0,0,7,6,0.1429
4,64.0000,43,0,343.4824,-80.9988,0.6053,17,0.4250,0.6000,5,7,4,0,0,7,4,0.4286
4,64.0000,43,3,585.7761,-85.5493,0.2569,9,0.2250,1.0000,8,7,5,0,0,7,5,0.2857
4,64.0000,43,4,666.8259,-87.6623,0.5059,3,0.0750,1.0000,8,8,8,0,0,8,8,0.0000
4,64.0000,43,6,889.8825,-88.3542,-0.8102,5,0.1250,1.0000,4,7,6,0,0,7,6,0.1429
4,64.0000,43,7,748.0678,-86.0291,0.1397,9,0.2250,1.0000,6,8,8,0,0,8,8,0.0000
4,64.0000,43,10,474.0499,-83.6956,-1.1670,7,0.1750,0.8571,7,8,8,0,0,8,8,0.0000
4,64.0000,43,14,582.6165,-84.6207,0.4645,10,0.2500,1.0000,6,7,6,0,0,7,6,0.1429
4,64.0000,43,15,598.1234,-85.4958,0.0109,9,0.2250,1.0000,8,7,6,0,0,7,6,0.1429
4,64.0000,43,16,636.8330,-87.0588,0.3495,4,0.1000,0.8571,7,8,8,0,0,8,8,0.0000
4,64.0000,43,19,735.8511,-86.5358,-1.7561,4,0.1000,1.0000,8,8,8,0,0,8,8,0.0000
4,64.0000,43,22,392.3594,-81.6404,0.7081,21,0.5250,0.8750,8,8,8,0,0,8,8,0.0000
4,64.0000,43,23,503.3090,-82.8598,0.0662,25,0.6250,0.6667,6,8,8,0,0,8,8,0.0000
4,64.0000,43,24,326.7231,-80.9257,-0.4905,20,0.5000,0.6667,6,6,3,0,0,6,3,0.5000
4,64.0000,43,26,635.7731,-84.4977,0.8794,6,0.1500,0.9000,10,4,3,0,0,4,3,0.2500
4,64.0000,43,28,755.6329,-85.3899,-0.4664,3,0.0750,1.0000,8,8,8,0,0,8,8,0.0000
4,64.0000,43,29,691.2001,-87.0408,1.0970,5,0.1250,1.0000,8,6,6,0,0,6,6,0.0000
4,64.0000,43,30,448.6965,-80.2546,-0.9658,15,0.3750,0.7143,7,8,8,0,0,8,8,0.0000
4,64.0000,43,31,686.7328,-86.7205,-0.6928,3,0.0750,1.0000,8,8,8,0,0,8,8,0.0000
4,64.0000,43,33,469.7936,-81.3928,-0.9687,7,0.1750,0.7619,21,7,6,6,6,13,12,0.0769
4,64.0000,43,37,890.8938,-87.8442,-0.0179,5,0.1250,0.6667,3,2,1,0,0,2,1,0.5000
4,64.0000,43,38,438.0256,-82.9353,0.6909,12,0.3000,0.7143,7,5,2,0,0,5,2,0.6000
4,64.0000,43,41,683.0126,-84.9953,-0.3968,12,0.3000,0.8571,7,7,6,0,0,7,6,0.1429
4,64.0000,43,42,186.2286,-77.4793,1.5654,26,0.6500,0.6250,8,4,1,0,0,4,1,0.7500
4,64.0000,43,44,555.9806,-82.9772,-0.1387,9,0.2250,1.0000,8,8,8,0,0,8,8,0.0000
4,64.0000,43,46,555.7537,-85.3539,0.0275,9,0.2250,1.0000,8,8,5,0,0,8,5,0.3750
4,64.0000,43,47,570.8066,-86.5232,-0.2306,5,0.1250,0.8571,7,8,8,0,0,8,8,0.0000
4,64.0000,44,0,725.7519,-85.1524,-0.0102,12,0.3000,0.7143,7,4,4,0,0,4,4,0.0000
4,64.0000,44,1,809.3033,-88.6432,0.1699,4,0.1000,1.0000,8,4,4,0,0,4,4,0.0000
4,64.0000,44,2,747.8865,-87.5933,1.8221,4,0.1000,1.0000,8,6,4,0,0,6,4,0.3333
4,64.0000,44,3,1021.1641,-88.6833,0.7483,3,0.0750,1.0000,2,4,4,0,0,4,4,0.0000
4,64.0000,44,4,533.3980,-83.6598,0.3196,11,0.2750,0.5000,6,8,8,0,0,8,8,0.0000
4,64.0000,44,5,725.0884,-87.6524,-0.2164,6,0.1500,0.8750,8,10,9,0,0,10,9,0.1000
4,64.0000,44,6,1252.7895,-89.2685,-0.0086,3,0.0750,,0,4,4,0,0,4,4,0.0000
4,64.0000,44,7,1129.1744,-88.1761,0.8859,4,0.1000,1.0000,8,2,2,0,0,2,2,0.0000
4,64.0000,44,8,673.7042,-86.0894,0.4984,9,0.2250,1.0000,8,8,8,0,0,8,8,0.0000
4,64.0000,44,9,652.1528,-85.9249,0.0569,10,0.2500,1.0000,8,8,8,0,0,8,8,0.0000
4,64.0000,44,10,147.6971,-69.6960,-0.4278,32,0.8000,0.0000,4,6,4,0,0,6,4,0.3333
4,64.0000,44,11,579.7896,-86.2551,1.0015,9,0.2250,0.8750,8,8,6,0,0,8,6,0.2500
4,64.0000,44,12,354.6896,-81.1640,0.9681,13,0.3250,0.8750,8,6,4,0,0,6,4,0.3333
4,64.0000,44,13,950.8840,-88.9020,-0.5537,4,0.1000,,0,2,2,0,0,2,2,0.0000
4,64.0000,44,14,744.1126,-87.0094,-0.0493,7,0.1750,0.5000,2,6,5,0,0,6,5,0.1667
4,64.0000,44,15,823.4692,-87.4862,0.1243,7,0.1750,1.0000,8,6,5,0,0,6,5,0.1667
4,64.0000,44,16,430.9709,-82.1776,-0.3980,17,0.4250,0.4000,5,7,4,0,0,7,4,0.4286
4,64.0000,44,17,516.2051,-83.4960,0.5049,18,0.4500,0.7143,7,6,3,0,0,6,3,0.5000
4,64.0000,44,18,420.8863,-81.9195,-1.4578,15,0.3750,1.0000,8,7,6,0,0,7,6,0.1429
4,64.0000,44,19,299.9884,-78.5527,-0.3403,17,0.4250,0.8571,7,7,6,0,0,7,6,0.1429
4,64.0000,44,20,359.3132,-82.1869,1.2922,17,0.4250,0.8750,8,8,7,0,0,8,7,0.1250
4,64.0000,44,24,617.5454,-85.5979,-0.6187,9,0.2250,1.0000,8,8,8,0,0,8,8,0.0000
4,64.0000,44,25,1050.2630,-88.6019,0.2960,3,0.0750,1.0000,4,8,8,0,0,8,8,0.0000
4,64.0000,44,26,342.5394,-80.1228,-1.0741,29,0.7250,0.5000,6,7,4,0,0,7,4,0.4286
4,64.0000,44,28,260.0077,-77.4807,0.0150,28,0.7000,0.4000,5,5,1,0,0,5,1,0.8000
4,64.0000,44,29,271.5122,-78.6512,0.5433,20,0.5000,0.7143,7,6,2,0,0,6,2,0.6667
4,64.0000,44,30,340.1813,-81.1208,-0.2115,20,0.5000,0.4000,5,7,6,0,0,7,6,0.1429
4,64.0000,44,31,202.8356,-77.5445,0.7468,27,0.6750,0.7143,7,4,0,0,0,4,0,1.0000
4,64.0000,44,32,732.4882,-87.2126,1.1935,4,0.1000,0.8571,7,8,8,0,0,8,8,0.0000
4,64.0000,44,33,408.8018,-80.9570,-1.4923,17,0.4250,0.5714,7,8,8,0,0,8,8,0.0000
4,64.0000,44,38,814.1992,-85.8386,-1.0577,8,0.2000,1.0000,8,6,6,0,0,6,6,0.0000
4,64.0000,44,39,651.3278,-85.4049,0.2913,10,0.2500,0.6667,9,8,6,0,0,8,6,0.2500
4,64.0000,44,41,1125.0404,-87.9535,0.6308,3,0.0750,1.0000,8,6,6,0,0,6,6,0.0000
4,64.0000,44,42,610.2694,-84.2944,-0.0238,15,0.3750,1.0000,8,8,8,0,0,8,8,0.0000
4,64.0000,44,43,555.9806,-82.8664,-0.0454,17,0.4250,0.8571,7,4,3,0,0,4,3,0.2500
4,64.0000,44,46,879.0990,-88.1165,-0.2612,3,0.0750,1.0000,2,6,6,0,0,6,6,0.0000
4,64.0000,44,47,559.1494,-83.7669,-0.3798,15,0.3750,0.8571,7,7,6,0,0,7,6,0.1429
4,64.0000,45,1,659.2968,-85.8035,1.3564,6,0.1500,0.6667,6,7,6,0,0,7,6,0.1429
4,64.0000,45,2,310.2850,-77.5813,-0.8232,20,0.5000,0.3333,6,8,7,0,0,8,7,0.1250
4,64.0000,45,5,404.6596,-81.1870,-0.7725,12,0.3000,0.8750,8,7,5,0,0,7,5,0.2857
4,64.0000,45,8,403.8219,-79.4191,-1.5502,19,0.4750,1.0000,8,7,6,0,0,7,6,0.1429
4,64.0000,45,9,378.8833,-80.5489,0.9674,9,0.2250,1.0000,6,6,3,0,0,6,3,0.5000
4,64.0000,45,11,934.4106,-88.7853,0.2516,3,0.0750,1.0000,8,5,4,0,0,5,4,0.2000
4,64.0000,45,18,666.1993,-87.7908,1.5046,3,0.0750,1.0000,8,8,7,0,0,8,7,0.1250
4,64.0000,45,20,676.3650,-86.3422,1.4279,3,0.0750,0.8571,7,8,8,0,0,8,8,0.0000
4,64.0000,45,21,499.6113,-82.6877,0.1912,14,0.3500,1.0000,8,8,8,0,0,8,8,0.0000
4,64.0000,45,25,415.1440,-81.4795,-0.1389,13,0.3250,1.0000,8,7,6,0,0,7,6,0.1429
4,64.0000,45,27,870.6012,-86.2334,-0.0625,3,0.0750,1.0000,8,6,5,0,0,6,5,0.1667
4,64.0000,45,32,353.6989,-81.3126,-0.2547,10,0.2500,0.6667,6,9,6,0,0,9,6,0.3333
4,64.0000,45,34,187.3132,-75.1776,0.2718,33,0.8250,0.0000,4,5,2,0,0,5,2,0.6000
4,64.0000,45,35,557.8916,-85.0821,0.9219,8,0.2000,0.8571,7,7,6,0,0,7,6,0.1429
4,64.0000,45,36,679.4207,-84.6413,0.1449,5,0.1250,1.0000,8,8,8,0,0,8,8,0.0000
4,64.0000,45,39,402.1568,-81.3207,-0.4373,10,0.2500,0.8571,7,8,6,0,0,8,6,0.2500
4,64.0000,45,40,843.8093,-87.5539,0.8419,4,0.1000,1.0000,6,8,8,0,0,8,8,0.0000
4,64.0000,46,0,551.8399,-83.5567,-0.4985,11,0.2821,0.8571,7,7,5,0,0,7,5,0.2857
4,64.0000,46,3,283.2570,-80.0796,0.4049,31,0.7949,0.5000,6,5,1,0,0,5,1,0.8000
4,64.0000,46,6,769.2354,-87.1212,0.3019,5,0.1282,1.0000,8,8,8,0,0,8,8,0.0000
4,64.0000,46,7,329.7338,-77.3104,-1.6661,35,0.8974,0.4000,5,7,5,0,0,7,5,0.2857
4,64.0000,46,10,736.5908,-87.1893,-0.9323,4,0.1026,1.0000,8,8,8,0,0,8,8,0.0000
4,64.0000,46,14,268.8066,-78.7646,0.6830,31,0.7949,0.2000,5,5,2,0,0,5,2,0.6000
4,64.0000,46,15,780.8901,-87.0069,0.7839,4,0.1026,1.0000,8,8,8,0,0,8,8,0.0000
4,64.0000,46,22,554.8749,-85.4671,0.5789,15,0.3846,1.0000,8,7,6,0,0,7,6,0.1429
4,64.0000,46,23,369.5483,-81.9170,0.3124,30,0.7692,0.4000,5,7,6,0,0,7,6,0.1429
4,64.0000,46,24,309.5202,-78.9889,0.1729,23,0.5897,0.7143,7,8,6,0,0,8,6,0.2500
4,64.0000,46,30,666.5394,-84.5336,-1.4014,6,0.1538,0.8889,9,8,8,0,0,8,8,0.0000
4,64.0000,46,37,784.1157,-86.0419,-0.4575,10,0.2564,0.8750,8,8,8,0,0,8,8,0.0000
4,64.0000,46,38,527.0033,-84.4338,1.2095,12,0.3077,0.8000,5,8,7,0,0,8,7,0.1250
4,64.0000,46,41,305.0097,-77.6048,-0.8995,39,1.0000,0.5000,6,6,4,0,0,6,4,0.3333
4,64.0000,46,42,568.7791,-85.6849,-0.7459,6,0.1538,1.0000,8,8,7,0,0,8,7,0.1250
4,64.0000,46,43,555.7537,-85.2424,0.6133,6,0.1538,0.5000,6,6,6,0,0,6,6,0.0000
4,64.0000,47,0,483.5109,-83.5977,0.2532,10,0.2500,1.0000,8,8,8,0,0,8,8,0.0000
4,64.0000,47,3,937.0780,-87.2247,-0.4956,6,0.1500,1.0000,8,6,6,0,0,6,6,0.0000
4,64.0000,47,4,363.5500,-79.2504,-0.8522,25,0.6250,0.7778,9,8,7,0,0,8,7,0.1250
4,64.0000,47,7,1048.7734,-88.4258,0.1727,4,0.1000,,0,8,8,0,0,8,8,0.0000
4,64.0000,47,9,841.0255,-85.4933,-0.1885,6,0.1500,1.0000,6,8,8,0,0,8,8,0.0000
4,64.0000,47,10,550.9971,-84.7070,-1.1310,11,0.2750,1.0000,8,8,8,0,0,8,8,0.0000
4,64.0000,47,12,763.6897,-86.5400,-0.3683,8,0.2000,1.0000,8,8,8,0,0,8,8,0.0000
4,64.0000,47,15,398.4097,-83.2148,0.6286,16,0.4000,0.7500,8,4,0,0,0,4,0,1.0000
4,64.0000,47,16,215.3977,-76.4354,0.1876,28,0.7000,0.3333,6,7,4,0,0,7,4,0.4286
4,64.0000,47,18,665.0507,-84.8759,-1.2147,9,0.2250,1.0000,8,8,8,0,0,8,8,0.0000
4,64.0000,47,19,493.1269,-83.3927,0.4557,7,0.1750,1.0000,8,8,8,0,0,8,8,0.0000
4,64.0000,47,20,704.9829,-85.1381,0.2361,7,0.1750,1.0000,8,8,8,0,0,8,8,0.0000
4,64.0000,47,22,679.7237,-85.7558,0.4782,9,0.2250,1.0000,8,8,7,0,0,8,7,0.1250
4,64.0000,47,24,646.1349,-85.8318,-0.5426,9,0.2250,0.8000,5,8,8,0,0,8,8,0.0000
4,64.0000,47,26,859.2137,-87.0851,-0.9336,4,0.1000,1.0000,8,4,4,0,0,4,4,0.0000
4,64.0000,47,28,639.2882,-85.8330,-0.9732,8,0.2000,1.0000,8,8,8,0,0,8,8,0.0000
4,64.0000,47,29,425.1223,-80.8632,0.1536,13,0.3250,0.7143,7,7,6,0,0,7,6,0.1429
4,64.0000,47,30,764.3125,-87.5563,-2.0677,4,0.1000,0.8571,7,8,8,0,0,8,8,0.0000
4,64.0000,47,31,735.5640,-86.2719,-1.7892,5,0.1250,1.0000,8,8,8,0,0,8,8,0.0000
4,64.0000,47,32,997.9831,-88.2306,-0.0715,5,0.1250,1.0000,4,2,2,0,0,2,2,0.0000
4,64.0000,47,33,263.6678,-77.6485,-0.5601,28,0.7000,0.5000,6,8,7,0,0,8,7,0.1250
4,64.0000,47,37,946.5818,-88.3128,-3.4575,3,0.0750,1.0000,6,4,4,0,0,4,4,0.0000
4,64.0000,47,38,560.8856,-84.2893,-0.1901,11,0.2750,1.0000,8,8,8,0,0,8,8,0.0000
4,64.0000,47,39,886.7558,-87.4553,-1.7084,3,0.0750,1.0000,8,6,6,0,0,6,6,0.0000
4,64.0000,47,42,458.5705,-82.6044,-0.4848,16,0.4000,0.8571,7,7,4,0,0,7,4,0.4286
4,64.0000,47,43,570.8066,-86.4287,-1.3970,7,0.1750,0.8571,7,8,8,0,0,8,8,0.0000
4,64.0000,47,44,559.1494,-82.9865,-0.3437,9,0.2250,1.0000,8,8,8,0,0,8,8,0.0000
4,64.0000,47,46,950.0798,-87.2883,-1.1066,4,0.1000,1.0000,2,6,6,0,0,6,6,0.0000
4,68.0000,0,3,522.2972,-83.3300,-0.0494,24,0.6000,0.3333,6,7,6,0,0,7,6,0.1429
4,68.0000,0,6,435.3890,-83.8021,0.5755,26,0.6500,0.6667,6,5,1,0,0,5,1,0.8000
4,68.0000,0,7,603.1425,-85.0311,0.0365,23,0.5750,1.0000,8,8,7,0,0,8,7,0.1250
4,68.0000,0,10,618.6557,-84.5184,1.2240,5,0.1250,1.0000,8,8,7,0,0,8,7,0.1250
4,68.0000,0,14,727.3522,-86.2201,-0.7614,8,0.2000,1.0000,8,8,8,0,0,8,8,0.0000
4,68.0000,0,15,285.4365,-78.5405,0.1303,36,0.9000,0.2000,5,5,1,0,0,5,1,0.8000
4,68.0000,0,16,601.4516,-85.3404,0.4951,4,0.1000,0.8571,7,6,4,0,0,6,4,0.3333
4,68.0000,0,22,303.1212,-77.9646,-0.6598,34,0.8500,0.2000,5,5,2,0,0,5,2,0.6000
4,68.0000,0,23,691.1731,-86.6707,0.0910,17,0.4250,0.8750,8,8,8,0,0,8,8,0.0000
4,68.0000,0,24,353.8401,-79.2948,-0.1989,25,0.6250,0.0000,4,8,8,0,0,8,8,0.0000
4,68.0000,0,33,639.9115,-84.3985,-0.7847,5,0.1250,0.8571,7,8,8,0,0,8,8,0.0000
4,68.0000,0,37,488.8953,-84.8407,0.4072,24,0.6000,0.8571,7,5,2,0,0,5,2,0.6000
4,68.0000,0,38,163.5008,-71.4175,-0.6314,36,0.9000,0.0000,4,6,2,0,0,6,2,0.6667
4,68.0000,0,41,662.6127,-85.0636,-0.5450,18,0.4500,1.0000,8,8,8,0,0,8,8,0.0000
4,68.0000,0,42,300.7817,-76.6709,-1.6763,30,0.7500,0.2000,5,7,6,0,0,7,6,0.1429
4,68.0000,0,43,328.0994,-80.3620,0.1606,26,0.6500,0.7500,8,6,4,0,0,6,4,0.3333
4,68.0000,0,46,547.1352,-84.2894,-0.1742,16,0.4000,0.6667,6,8,7,0,0,8,7,0.1250
4,68.0000,0,47,425.8529,-82.2557,0.2540,18,0.4500,1.0000,8,6,4,0,0,6,4,0.3333
4,68.0000,1,2,442.1104,-83.4039,1.5638,13,0.3250,1.0000,8,7,6,0,0,7,6,0.1429
4,68.0000,1,4,923.8626,-87.7406,-1.4300,4,0.1000,1.0000,2,6,6,0,0,6,6,0.0000
4,68.0000,1,5,329.8989,-79.4584,0.2403,21,0.5250,0.5000,6,7,6,0,0,7,6,0.1429
4,68.0000,1,8,549.4138,-84.6942,1.5629,7,0.1750,1.0000,8,8,7,0,0,8,7,0.1250
4,68.0000,1,9,563.3201,-83.2542,-0.4088,10,0.2500,1.0000,8,8,8,0,0,8,8,0.0000
4,68.0000,1,10,968.5063,-88.5213,-0.5039,4,0.1000,1.0000,6,4,3,0,0,4,3,0.2500
4,68.0000,1,11,248.4437,-79.3745,0.7236,24,0.6000,0.5000,6,5,1,12,3,17,4,0.7647
4,68.0000,1,12,518.1732,-83.1432,-0.7361,7,0.1750,0.5714,7,8,8,0,0,8,8,0.0000
4,68.0000,1,13,249.8499,-79.1358,0.4527,32,0.8000,0.7143,7,5,1,0,0,5,1,0.8000
4,68.0000,1,16,1092.3533,-88.6628,0.0668,3,0.0750,1.0000,4,2,2,0,0,2,2,0.0000
4,68.0000,1,17,457.4565,-83.2646,-0.3435,15,0.3750,1.0000,8,6,4,0,0,6,4,0.3333
4,68.0000,1,18,553.9294,-84.8813,-0.1721,9,0.2250,1.0000,8,8,8,0,0,8,8,0.0000
4,68.0000,1,19,761.7401,-86.6352,-0.4340,5,0.1250,1.0000,8,8,8,0,0,8,8,0.0000
4,68.0000,1,20,462.4025,-84.1011,-0.3821,11,0.2750,1.0000,8,7,6,0,0,7,6,0.1429
4,68.0000,1,21,721.7085,-87.1159,-0.4570,13,0.3250,0.8571,7,7,6,0,0,7,6,0.1429
4,68.0000,1,25,493.7681,-83.2376,-0.0695,19,0.4750,1.0000,8,7,6,0,0,7,6,0.1429
4,68.0000,1,27,512.3205,-83.8763,-0.0150,22,0.5500,0.8571,7,6,3,0,0,6,3,0.5000
4,68.0000,1,28,484.9903,-85.0472,0.8785,7,0.1750,1.0000,8,7,5,0,0,7,5,0.2857
4,68.0000,1,29,865.9059,-87.3981,-1.1763,3,0.0750,1.0000,8,6,6,0,0,6,6,0.0000
4,68.0000,1,30,860.3008,-88.2809,0.4693,6,0.1500,1.0000,6,8,7,0,0,8,7,0.1250
4,68.0000,1,31,579.9991,-85.4086,-1.0516,7,0.1750,1.0000,8,8,8,0,0,8,8,0.0000
4,68.0000,1,32,469.2096,-81.7911,-0.3883,16,0.4000,1.0000,8,7,6,0,0,7,6,0.1429
4,68.0000,1,34,685.7061,-85.6995,-0.8166,10,0.2500,0.7143,7,7,6,0,0,7,6,0.1429
4,68.0000,1,35,683.3209,-85.7770,-0.6925,14,0.3500,1.0000,6,8,8,0,0,8,8,0.0000
4,68.0000,1,36,144.2406,-70.7716,-0.9575,36,0.9000,0.0000,4,5,1,0,0,5,1,0.8000
4,68.0000,1,39,434.3804,-82.5439,-1.0042,9,0.2250,0.8571,7,7,6,0,0,7,6,0.1429
4,68.0000,1,40,518.5610,-83.7203,-0.1284,21,0.5250,0.6667,6,7,6,0,0,7,6,0.1429
4,68.0000,1,44,662.2140,-85.1539,-1.0945,4,0.1000,1.0000,8,6,6,0,0,6,6,0.0000
4,68.0000,1,45,678.4494,-86.4416,0.1806,11,0.2750,0.8750,8,8,8,0,0,8,8,0.0000
4,68.0000,2,1,442.1104,-83.1623,0.3007,14,0.3415,0.8571,7,7,6,0,0,7,6,0.1429
4,68.0000,2,4,641.7943,-85.2955,0.9172,7,0.1707,1.0000,8,8,6,0,0,8,6,0.2500
4,68.0000,2,5,217.6562,-76.4513,0.4253,29,0.7073,0.0000,4,5,1,0,0,5,1,0.8000
4,68.0000,2,8,198.5566,-73.8581,-0.4044,34,0.8293,0.2000,5,4,0,0,0,4,0,1.0000
4,68.0000,2,9,192.2987,-72.1390,-0.7530,35,0.8537,0.0000,4,5,1,0,0,5,1,0.8000
4,68.0000,2,11,567.7496,-84.3240,1.2246,14,0.3415,0.8571,7,8,6,0,0,8,6,0.2500
4,68.0000,2,12,451.4649,-82.0344,0.5166,10,0.2439,0.8571,7,8,8,0,0,8,8,0.0000
4,68.0000,2,13,679.6964,-86.8160,0.9490,9,0.2195,1.0000,2,7,6,0,0,7,6,0.1429
4,68.0000,2,16,912.4307,-87.0736,0.8711,4,0.0976,0.8571,7,8,8,0,0,8,8,0.0000
4,68.0000,2,17,529.9102,-84.7608,1.2458,10,0.2439,0.8571,7,7,4,0,0,7,4,0.4286
4,68.0000,2,18,440.6044,-82.9714,0.9748,13,0.3171,1.0000,8,7,6,0,0,7,6,0.1429
4,68.0000,2,19,602.7680,-84.0936,0.8143,11,0.2683,0.8571,7,8,8,0,0,8,8,0.0000
4,68.0000,2,20,402.4427,-82.1810,0.0917,14,0.3415,0.8571,7,7,6,0,0,7,6,0.1429
4,68.0000,2,21,643.9133,-85.5982,1.1963,15,0.3659,1.0000,8,7,5,0,0,7,5,0.2857
4,68.0000,2,25,506.8443,-83.9002,-0.0899,18,0.4390,1.0000,8,8,8,0,0,8,8,0.0000
4,68.0000,2,27,671.5798,-86.4543,0.9433,9,0.2195,0.7500,4,4,3,0,0,4,3,0.2500
4,68.0000,2,28,431.7978,-83.2194,0.6297,11,0.2683,0.8571,7,6,2,0,0,6,2,0.6667
4,68.0000,2,29,810.8777,-87.1843,-0.1546,6,0.1463,0.8571,7,8,8,0,0,8,8,0.0000
4,68.0000,2,31,587.9838,-86.2317,0.7093,9,0.2195,0.8750,8,9,6,0,0,9,6,0.3333
4,68.0000,2,32,180.7143,-72.8088,-0.8516,36,0.8780,0.2000,5,6,3,0,0,6,3,0.5000
4,68.0000,2,33,813.7989,-84.6102,2.4564,4,0.0976,0.8333,6,6,6,0,0,6,6,0.0000
4,68.0000,2,34,421.0234,-81.6702,0.0893,25,0.6098,0.7143,7,7,6,0,0,7,6,0.1429
4,68.0000,2,35,685.7844,-84.9211,0.1943,11,0.2683,1.0000,8,7,6,0,0,7,6,0.1429
4,68.0000,2,36,432.1351,-83.4541,0.9181,19,0.4634,0.8571,7,7,3,0,0,7,3,0.5714
4,68.0000,2,39,225.7519,-76.2512,-0.4362,30,0.7317,0.0000,4,5,1,1,0,6,1,0.8333
4,68.0000,2,40,617.7223,-86.8003,0.5212,16,0.3902,0.8571,7,7,6,0,0,7,6,0.1429
4,68.0000,2,44,668.6701,-86.6979,0.0103,8,0.1951,0.8750,8,8,7,0,0,8,7,0.1250
4,68.0000,2,45,382.7669,-80.3932,-0.9098,27,0.6585,0.6667,6,6,3,0,0,6,3,0.5000
4,68.0000,3,0,522.2972,-83.3331,-0.0076,16,0.4000,0.6667,6,8,7,0,0,8,7,0.1250
4,68.0000,3,6,526.2433,-84.5532,-0.5532,17,0.4250,0.7500,8,7,6,0,0,7,6,0.1429
4,68.0000,3,7,287.9925,-76.9665,-1.4032,36,0.9000,0.2000,5,6,3,0,0,6,3,0.5000
4,68.0000,3,10,789.6780,-86.6378,-0.0673,4,0.1000,1.0000,6,7,6,0,0,7,6,0.1429
4,68.0000,3,14,495.3740,-83.4152,0.0910,18,0.4500,0.8571,7,7,4,0,0,7,4,0.4286
4,68.0000,3,15,766.6332,-87.1510,0.5965,4,0.1000,1.0000,8,8,8,0,0,8,8,0.0000
4,68.0000,3,22,357.8764,-81.8562,-0.2871,23,0.5750,0.2000,5,6,3,0,0,6,3,0.5000
4,68.0000,3,23,327.7028,-80.2499,0.1562,27,0.6750,0.7143,7,6,3,0,0,6,3,0.5000
4,68.0000,3,24,447.3253,-82.8208,0.7392,17,0.4250,0.7500,8,7,6,0,0,7,6,0.1429
4,68.0000,3,37,636.5871,-85.0032,0.1727,19,0.4750,1.0000,8,7,6,0,0,7,6,0.1429
4,68.0000,3,38,391.4849,-81.0831,-0.9147,21,0.5250,0.7143,7,7,4,0,0,7,4,0.4286
4,68.0000,3,41,201.7553,-75.0024,-0.7685,39,0.9750,0.0000,4,6,2,0,0,6,2,0.6667
4,68.0000,3,42,583.6849,-83.9925,-0.9689,7,0.1750,1.0000,8,8,8,0,0,8,8,0.0000
4,68.0000,3,43,521.6182,-84.1233,1.4754,9,0.2250,0.8571,7,8,8,0,0,8,8,0.0000
4,68.0000,3,46,250.7691,-78.0629,0.1154,30,0.7500,0.3333,6,5,2,0,0,5,2,0.6000
4,68.0000,3,47,891.1049,-88.0032,-0.0202,3,0.0750,1.0000,8,8,8,0,0,8,8,0.0000
4,68.0000,4,0,836.3825,-86.5378,-0.3668,7,0.1750,0.6667,3,4,4,0,0,4,4,0.0000
4,68.0000,4,2,641.7943,-83.3740,0.0010,4,0.1000,1.0000,8,8,7,0,0,8,7,0.1250
4,68.0000,4,5,628.8423,-85.8909,1.0855,6,0.1500,1.0000,6,5,4,0,0,5,4,0.2000
4,68.0000,4,8,455.8279,-82.8975,0.0518,10,0.2500,0.8571,7,7,6,0,0,7,6,0.1429
4,68.0000,4,9,546.5663,-84.6970,-1.0024,6,0.1500,1.0000,8,7,5,0,0,7,5,0.2857
4,68.0000,4,10,574.2048,-83.8923,0.7476,6,0.1500,0.8571,7,8,8,0,0,8,8,0.0000
4,68.0000,4,11,876.2822,-86.8006,0.3898,3,0.0750,1.0000,6,4,4,0,0,4,4,0.0000
4,68.0000,4,12,454.3574,-82.1413,0.6174,9,0.2250,1.0000,8,8,5,0,0,8,5,0.3750
4,68.0000,4,15,730.6454,-85.4049,0.7695,5,0.1250,1.0000,6,8,8,0,0,8,8,0.0000
4,68.0000,4,16,342.0962,-78.6744,-0.7858,25,0.6250,1.0000,8,8,8,0,0,8,8,0.0000
4,68.0000,4,17,749.5666,-86.6133,0.3135,4,0.1000,0.8571,7,6,6,0,0,6,6,0.0000
4,68.0000,4,18,499.3080,-84.4958,-0.5246,8,0.2000,0.8750,8,7,6,0,0,7,6,0.1429
4,68.0000,4,19,286.8386,-79.7884,0.9221,14,0.3500,0.5714,7,5,1,0,0,5,1,0.8000
4,68.0000,4,20,495.7408,-83.3626,-0.7996,7,0.1750,0.8571,7,7,6,0,0,7,6,0.1429
4,68.0000,4,24,803.7781,-86.5634,0.4102,5,0.1250,1.0000,6,8,8,0,0,8,8,0.0000
4,68.0000,4,28,479.9906,-83.4821,-0.3855,7,0.1750,0.7143,7,8,7,0,0,8,7,0.1250
4,68.0000,4,29,459.8506,-82.6652,-0.1781,11,0.2750,0.8571,7,8,8,0,0,8,8,0.0000
4,68.0000,4,30,738.5563,-86.5823,-0.0093,4,0.1000,0.8333,6,8,8,0,0,8,8,0.0000
4,68.0000,4,31,538.7202,-86.6079,0.9354,7,0.1750,0.7143,7,8,8,0,0,8,8,0.0000
4,68.0000,4,33,199.4605,-75.2287,-0.0911,30,0.7500,0.5000,6,6,2,0,0,6,2,0.6667
4,68.0000,4,34,714.3579,-85.5631,-0.9846,5,0.1250,0.8333,6,9,8,0,0,9,8,0.1111
4,68.0000,4,39,631.6887,-85.3743,0.3897,7,0.1750,0.7143,7,7,6,0,0,7,6,0.1429
4,68.0000,4,42,634.3988,-86.5199,-1.9196,5,0.1250,0.8750,8,6,6,0,0,6,6,0.0000
4,68.0000,4,43,723.2745,-85.7749,0.9483,4,0.1000,1.0000,8,8,8,0,0,8,8,0.0000
4,68.0000,4,44,526.1891,-83.3712,0.0745,7,0.1750,1.0000,8,8,8,0,0,8,8,0.0000
4,68.0000,4,45,870.0482,-86.2618,0.3334,6,0.1500,0.8571,7,6,6,0,0,6,6,0.0000
4,68.0000,4,47,500.9296,-81.2243,0.0059,16,0.4000,0.8571,7,6,3,0,0,6,3,0.5000
4,68.0000,5,1,329.8989,-79.9893,-0.4034,25,0.6250,0.2000,5,6,3,0,0,6,3,0.5000
4,68.0000,5,2,217.6562,-76.6432,-0.0251,32,0.8000,0.0000,3,6,1,0,0,6,1,0.8333
4,68.0000,5,4,628.8423,-86.5774,0.3486,3,0.0750,1.0000,8,8,8,0,0,8,8,0.0000
4,68.0000,5,8,274.7808,-80.0853,0.5344,28,0.7000,0.8571,7,7,5,0,0,7,5,0.2857
4,68.0000,5,9,257.4235,-77.4646,-0.1782,30,0.7500,0.2000,5,5,1,0,0,5,1,0.8000
4,68.0000,5,11,416.4131,-82.9682,1.2129,14,0.3500,0.8750,8,6,3,0,0,6,3,0.5000
4,68.0000,5,12,322.0670,-80.2122,1.3413,15,0.3750,0.7143,7,5,1,0,0,5,1,0.8000
4,68.0000,5,13,578.6544,-84.7837,1.1241,8,0.2000,0.6667,3,8,8,0,0,8,8,0.0000
4,68.0000,5,16,829.5263,-85.1952,-1.0266,3,0.0750,1.0000,8,8,8,0,0,8,8,0.0000
4,68.0000,5,17,482.7248,-84.5356,0.7079,10,0.2500,1.0000,8,7,6,0,0,7,6,0.1429
4,68.0000,5,18,280.3770,-79.7107,0.4904,19,0.4750,0.6667,6,6,2,0,0,6,2,0.6667
4,68.0000,5,19,493.7316,-82.9714,0.4342,9,0.2250,1.0000,8,7,6,0,0,7,6,0.1429
4,68.0000,5,20,281.9839,-80.6219,1.3847,14,0.3500,0.6667,6,5,2,0,0,5,2,0.6000
4,68.0000,5,21,754.9200,-85.9167,-0.4009,15,0.3750,0.8750,8,4,4,0,0,4,4,0.0000
4,68.0000,5,25,505.5972,-81.8545,-1.0907,27,0.6750,0.4000,5,6,6,0,0,6,6,0.0000
4,68.0000,5,27,715.2132,-86.4822,0.4668,9,0.2250,1.0000,8,7,6,0,0,7,6,0.1429
4,68.0000,5,28,292.4572,-80.7031,1.9482,11,0.2750,0.8571,7,5,2,0,0,5,2,0.6000
4,68.0000,5,30,810.0778,-89.5526,-0.7096,3,0.0750,1.0000,6,8,7,0,0,8,7,0.1250
4,68.0000,5,31,468.6902,-84.5856,0.6819,8,0.2000,1.0000,10,8,6,0,0,8,6,0.2500
4,68.0000,5,32,225.1044,-72.4608,-2.2043,35,0.8750,0.0000,4,7,5,0,0,7,5,0.2857
4,68.0000,5,34,426.1521,-81.3613,-0.0981,33,0.8250,0.8750,8,6,4,0,0,6,4,0.3333
4,68.0000,5,35,670.3598,-85.0503,-0.8311,18,0.4500,0.5000,6,8,7,0,0,8,7,0.1250
4,68.0000,5,36,297.6804,-79.0451,0.4199,29,0.7250,1.0000,8,4,0,0,0,4,0,1.0000
4,68.0000,5,39,144.7805,-71.0282,0.0550,34,0.8500,0.5000,6,4,0,0,0,4,0,1.0000
4,68.0000,5,40,687.7813,-85.0827,-0.1419,13,0.3250,1.0000,8,8,7,0,0,8,7,0.1250
4,68.0000,5,44,538.4160,-84.1671,1.9749,5,0.1250,1.0000,8,8,7,0,0,8,7,0.1250
4,68.0000,5,45,496.7128,-82.2445,0.0672,25,0.6250,0.8571,7,8,7,0,0,8,7,0.1250
4,68.0000,6,0,435.3890,-83.2056,0.7809,15,0.3750,0.6000,5,5,2,0,0,5,2,0.6000
4,68.0000,6,3,526.2433,-83.7643,0.0534,19,0.4750,0.8333,6,7,6,0,0,7,6,0.1429
4,68.0000,6,7,369.2544,-83.3337,0.5501,26,0.6500,0.6667,6,4,0,0,0,4,0,1.0000
4,68.0000,6,14,888.9482,-88.0685,-0.4664,5,0.1250,1.0000,6,8,8,0,0,8,8,0.0000
4,68.0000,6,15,565.0144,-84.2115,-1.0239,11,0.2750,1.0000,8,8,8,0,0,8,8,0.0000
4,68.0000,6,16,972.6969,-89.0643,-0.4691,3,0.0750,1.0000,6,5,4,0,0,5,4,0.2000
4,68.0000,6,22,471.4907,-83.5468,0.7960,17,0.4250,0.8750,8,7,4,0,0,7,4,0.4286
4,68.0000,6,23,817.5011,-87.4006,0.4743,5,0.1250,1.0000,6,6,6,0,0,6,6,0.0000
4,68.0000,6,24,634.0205,-85.6476,1.6123,5,0.1250,1.0000,8,8,8,0,0,8,8,0.0000
4,68.0000,6,37,151.5823,-70.6919,-1.6596,36,0.9000,0.0000,4,4,0,0,0,4,0,1.0000
4,68.0000,6,38,316.0507,-81.4903,0.7584,19,0.4750,0.4000,5,7,3,0,0,7,3,0.5714
4,68.0000,6,41,565.3813,-84.9915,1.1819,18,0.4500,0.8571,7,7,6,0,0,7,6,0.1429
4,68.0000,6,42,710.5185,-85.7459,0.2822,6,0.1500,1.0000,8,8,8,0,0,8,8,0.0000
4,68.0000,6,43,711.8225,-87.1135,1.1558,4,0.1000,1.0000,8,8,7,0,0,8,7,0.1250
4,68.0000,6,46,657.7181,-86.8365,-0.6596,5,0.1250,0.6667,6,8,8,0,0,8,8,0.0000
4,68.0000,7,0,603.1425,-85.2248,-0.3924,11,0.2750,1.0000,8,7,4,0,0,7,4,0.4286
4,68.0000,7,3,287.9925,-76.8651,-1.3134,29,0.7250,0.0000,4,4,0,0,0,4,0,1.0000
4,68.0000,7,6,369.2544,-82.0748,0.5434,26,0.6500,0.8750,8,5,2,0,0,5,2,0.6000
4,68.0000,7,14,715.2498,-85.0175,-0.3164,9,0.2250,0.8571,7,8,8,0,0,8,8,0.0000
4,68.0000,7,22,483.5754,-83.9376,-0.7037,12,0.3000,0.8571,7,5,2,0,0,5,2,0.6000
4,68.0000,7,23,591.6219,-84.0424,-0.6332,12,0.3000,1.0000,8,7,6,0,0,7,6,0.1429
4,68.0000,7,24,629.8598,-85.8826,-1.1988,6,0.1500,0.8750,8,8,8,0,0,8,8,0.0000
4,68.0000,7,37,478.4168,-83.2626,0.7639,17,0.4250,0.7143,7,5,2,0,0,5,2,0.6000
4,68.0000,7,38,440.0795,-82.1240,0.1392,13,0.3250,0.8571,7,7,5,0,0,7,5,0.2857
4,68.0000,7,41,255.0886,-77.0085,0.1624,35,0.8750,0.0000,4,5,1,0,0,5,1,0.8000
4,68.0000,7,42,773.7355,-86.0951,0.6150,4,0.1000,1.0000,8,8,8,0,0,8,8,0.0000
4,68.0000,7,43,734.9948,-85.7148,-0.2421,4,0.1000,1.0000,44,8,8,2,2,10,10,0.0000
4,68.0000,7,46,477.4893,-80.7878,-0.8497,20,0.5000,0.7143,7,8,7,0,0,8,7,0.1250
4,68.0000,8,1,549.4138,-84.6135,0.1736,9,0.2250,1.0000,6,7,5,0,0,7,5,0.2857
4,68.0000,8,2,198.5566,-74.0277,-0.6974,30,0.7500,0.2000,5,8,5,0,0,8,5,0.3750
4,68.0000,8,4,455.8279,-82.3084,0.5460,10,0.2500,0.6667,6,10,9,0,0,10,9,0.1000
4,68.0000,8,5,274.7808,-80.0082,0.4579,19,0.4750,0.5000,6,7,4,0,0,7,4,0.4286
4,68.0000,8,9,222.4499,-73.3009,-1.4737,27,0.6750,0.0000,4,7,4,0,0,7,4,0.4286
4,68.0000,8,11,594.1498,-87.5099,1.8703,5,0.1250,0.8000,5,7,6,0,0,7,6,0.1429
4,68.0000,8,12,336.9231,-79.9333,-0.1947,11,0.2750,0.6667,6,7,6,0,0,7,6,0.1429
4,68.0000,8,13,786.9050,-87.6727,0.4588,3,0.0750,0.8333,6,6,4,0,0,6,4,0.3333
4,68.0000,8,16,741.3376,-86.4076,-3.0349,3,0.0750,0.8571,7,7,6,0,0,7,6,0.1429
4,68.0000,8,17,485.0291,-84.5872,0.7079,9,0.2250,0.8571,7,7,6,0,0,7,6,0.1429
4,68.0000,8,18,391.3755,-80.9260,0.0957,13,0.3250,0.8571,7,6,3,0,0,6,3,0.5000
4,68.0000,8,19,458.1564,-81.2506,0.1960,8,0.2000,0.7500,8,8,6,0,0,8,6,0.2500
4,68.0000,8,20,303.4259,-79.0978,0.7127,14,0.3500,0.5000,6,7,5,0,0,7,5,0.2857
4,68.0000,8,21,837.1280,-86.0968,-0.5270,7,0.1750,1.0000,8,8,8,0,0,8,8,0.0000
4,68.0000,8,25,691.6627,-84.7726,-0.6012,7,0.1750,1.0000,8,5,4,0,0,5,4,0.2000
4,68.0000,8,26,929.0206,-88.0790,0.1425,3,0.0750,1.0000,4,2,2,0,0,2,2,0.0000
4,68.0000,8,28,331.3524,-80.8119,0.9161,13,0.3250,0.8571,7,6,3,0,0,6,3,0.5000
4,68.0000,8,29,668.2014,-85.4533,-4.6226,4,0.1000,1.0000,8,6,5,0,0,6,5,0.1667
4,68.0000,8,31,471.0311,-82.6660,1.2003,10,0.2500,0.8571,7,7,6,0,0,7,6,0.1429
4,68.0000,8,32,318.7549,-79.0037,0.2144,22,0.5500,0.6250,8,8,5,0,0,8,5,0.3750
4,68.0000,8,33,625.6207,-86.9634,0.2420,3,0.0750,0.6667,6,7,5,0,0,7,5,0.2857
4,68.0000,8,34,491.8106,-83.3809,0.5293,18,0.4500,0.6667,6,8,6,0,0,8,6,0.2500
4,68.0000,8,35,856.9984,-88.0930,0.7606,3,0.0750,1.0000,8,8,8,0,0,8,8,0.0000
4,68.0000,8,36,555.7428,-85.8653,0.8395,9,0.2250,1.0000,8,7,4,0,0,7,4,0.4286
4,68.0000,8,39,305.1261,-78.6945,-0.6234,22,0.5500,0.5714,7,7,5,0,0,7,5,0.2857
4,68.0000,8,44,541.0118,-85.1664,0.5375,5,0.1250,0.8571,7,8,6,0,0,8,6,0.2500
4,68.0000,8,45,528.4254,-82.5526,-0.2826,18,0.4500,1.0000,8,7,5,0,0,7,5,0.2857
4,68.0000,9,1,563.3201,-83.6481,-0.1619,11,0.2750,0.7500,8,8,8,0,0,8,8,0.0000
4,68.0000,9,2,192.2987,-71.6766,-0.8736,34,0.8500,0.0000,4,7,6,0,0,7,6,0.1429
4,68.0000,9,4,546.5663,-82.7735,0.1094,8,0.2000,0.8571,7,7,6,0,0,7,6,0.1429
4,68.0000,9,5,257.4235,-77.2127,-0.3144,22,0.5500,0.5000,6,7,6,0,0,7,6,0.1429
4,68.0000,9,8,222.4499,-72.8454,-1.5494,31,0.7750,0.3333,6,5,2,0,0,5,2,0.6000
4,68.0000,9,10,918.5307,-88.4149,-1.6980,3,0.0750,1.0000,8,4,4,0,0,4,4,0.0000
4,68.0000,9,11,669.2148,-87.0448,2.7557,4,0.1000,0.8750,8,6,6,0,0,6,6,0.0000
4,68.0000,9,12,456.4002,-80.7256,-0.7811,10,0.2500,0.7500,8,8,8,0,0,8,8,0.0000
4,68.0000,9,13,811.7426,-86.6038,-0.3016,4,0.1000,1.0000,4,4,4,0,0,4,4,0.0000
4,68.0000,9,16,806.6955,-87.2102,-2.4040,3,0.0750,1.0000,8,8,8,0,0,8,8,0.0000
4,68.0000,9,17,658.4436,-85.7671,0.5386,4,0.1000,1.0000,8,8,8,0,0,8,8,0.0000
4,68.0000,9,18,345.1452,-79.5684,0.3051,10,0.2500,0.8571,7,7,6,0,0,7,6,0.1429
4,68.0000,9,19,509.0833,-83.5956,0.4664,8,0.2000,0.8571,7,7,4,0,0,7,4,0.4286
4,68.0000,9,20,434.9969,-80.3367,-1.0074,12,0.3000,0.7143,7,6,4,0,0,6,4,0.3333
4,68.0000,9,21,735.2725,-87.5210,0.3528,8,0.2000,1.0000,6,8,8,0,0,8,8,0.0000
4,68.0000,9,25,546.7313,-84.3470,1.1247,9,0.2250,1.0000,8,8,8,0,0,8,8,0.0000
4,68.0000,9,27,824.9572,-89.0715,-2.4410,3,0.0750,1.0000,6,2,2,0,0,2,2,0.0000
4,68.0000,9,28,441.8072,-80.8410,0.2399,8,0.2000,0.6667,6,5,4,0,0,5,4,0.2000
4,68.0000,9,29,747.8184,-86.9067,-0.8209,5,0.1250,1.0000,6,8,8,0,0,8,8,0.0000
4,68.0000,9,31,622.5876,-86.4543,0.2501,3,0.0750,0.8571,7,8,7,0,0,8,7,0.1250
4,68.0000,9,32,152.3824,-73.3439,0.7199,32,0.8000,0.4000,5,5,1,0,0,5,1,0.8000
4,68.0000,9,33,727.3151,-86.6385,0.6841,5,0.1250,1.0000,8,8,8,0,0,8,8,0.0000
4,68.0000,9,34,271.1090,-80.6930,1.3298,24,0.6000,0.7143,7,4,0,0,0,4,0,1.0000
4,68.0000,9,35,677.5673,-86.0578,-0.1526,8,0.2000,0.5000,4,7,6,0,0,7,6,0.1429
4,68.0000,9,36,513.9153,-86.0602,1.6645,7,0.1750,1.0000,8,6,4,0,0,6,4,0.3333
4,68.0000,9,39,170.0825,-73.0173,-0.0622,29,0.7250,0.2000,5,6,2,0,0,6,2,0.6667
4,68.0000,9,44,680.0664,-87.9145,-0.9240,4,0.1000,0.8571,7,8,8,0,0,8,8,0.0000
4,68.0000,9,45,345.6480,-80.3855,0.3233,29,0.7250,0.6667,6,8,5,0,0,8,5,0.3750
4,68.0000,9,47,1003.1227,-87.1980,-0.7005,3,0.0750,1.0000,6,8,8,0,0,8,8,0.0000
4,68.0000,10,0,618.6557,-85.5373,0.0340,15,0.3659,0.8750,8,8,7,0,0,8,7,0.1250
4,68.0000,10,1,968.5063,-88.5955,-0.1322,3,0.0732,1.0000,4,6,6,0,0,6,6,0.0000
4,68.0000,10,3,789.6780,-86.3409,0.3340,8,0.1951,1.0000,6,6,4,0,0,6,4,0.3333
4,68.0000,10,4,574.2048,-85.3195,-0.0447,10,0.2439,1.0000,8,8,8,0,0,8,8,0.0000
4,68.0000,10,5,822.1809,-87.5916,0.2347,4,0.0976,1.0000,8,7,6,0,0,7,6,0.1429
4,68.0000,10,6,957.9059,-88.9028,2.8358,3,0.0732,1.0000,2,8,8,0,0,8,8,0.0000
4,68.0000,10,8,783.7683,-86.3768,0.1841,5,0.1220,1.0000,8,8,8,0,0,8,8,0.0000
4,68.0000,10,11,782.8269,-87.2460,0.2849,8,0.1951,1.0000,4,7,6,0,0,7,6,0.1429
4,68.0000,10,12,503.2131,-84.0989,-1.3102,8,0.1951,0.8750,8,8,7,0,0,8,7,0.1250
4,68.0000,10,14,519.1164,-83.8469,0.3845,17,0.4146,1.0000,8,6,4,0,0,6,4,0.3333
4,68.0000,10,15,604.5904,-86.1020,1.0066,11,0.2683,1.0000,6,8,7,0,0,8,7,0.1250
4,68.0000,10,16,441.5652,-82.9794,0.6104,15,0.3659,0.8750,8,6,4,0,0,6,4,0.3333
4,68.0000,10,17,701.6849,-85.4527,-1.0013,10,0.2439,1.0000,8,6,4,0,0,6,4,0.3333
4,68.0000,10,18,689.2239,-86.1508,-0.0878,7,0.1707,1.0000,10,6,6,0,0,6,6,0.0000
4,68.0000,10,19,469.9021,-83.6296,0.1424,10,0.2439,0.8571,7,8,7,0,0,8,7,0.1250
4,68.0000,10,20,559.2400,-82.8307,-0.2730,10,0.2439,0.8750,8,5,4,0,0,5,4,0.2000
4,68.0000,10,22,778.9579,-87.1276,0.2085,11,0.2683,1.0000,8,6,6,0,0,6,6,0.0000
4,68.0000,10,23,838.3251,-87.2417,-0.5157,7,0.1707,1.0000,8,8,7,0,0,8,7,0.1250
4,68.0000,10,24,359.1619,-82.7256,-0.1276,19,0.4634,0.8571,7,7,5,0,0,7,5,0.2857
4,68.0000,10,26,477.1387,-81.2839,-1.0099,27,0.6585,0.8571,7,7,6,0,0,7,6,0.1429
4,68.0000,10,28,532.3087,-82.9326,-0.5279,8,0.1951,0.8750,8,8,8,0,0,8,8,0.0000
4,68.0000,10,29,263.4520,-78.7148,0.0972,20,0.4878,0.4000,5,6,3,0,0,6,3,0.5000
4,68.0000,10,30,350.1105,-79.5952,-0.5156,27,0.6585,0.8571,7,6,4,0,0,6,4,0.3333
4,68.0000,10,31,406.0455,-80.8919,-0.7606,17,0.4146,0.8750,8,7,6,0,0,7,6,0.1429
4,68.0000,10,32,1003.6380,-88.8677,-0.3375,5,0.1220,1.0000,6,6,6,0,0,6,6,0.0000
4,68.0000,10,33,452.6828,-82.3963,0.0581,16,0.3902,0.8571,7,6,4,0,0,6,4,0.3333
4,68.0000,10,38,684.0905,-86.2572,-0.0371,13,0.3171,1.0000,8,8,7,0,0,8,7,0.1250
4,68.0000,10,39,903.1044,-87.2791,-0.9040,6,0.1463,1.0000,8,8,8,0,0,8,8,0.0000
4,68.0000,10,42,390.8322,-82.0588,0.9863,15,0.3659,0.6667,6,5,1,0,0,5,1,0.8000
4,68.0000,10,43,482.1933,-81.9266,-0.1334,19,0.4634,0.8571,7,8,7,0,0,8,7,0.1250
4,68.0000,10,44,309.3082,-75.4275,-1.9132,26,0.6341,0.5000,6,8,8,0,0,8,8,0.0000
4,68.0000,10,46,591.8075,-86.2187,1.1583,16,0.3902,1.0000,6,7,5,0,0,7,5,0.2857
4,68.0000,10,47,499.0387,-83.4741,-0.1660,16,0.3902,1.0000,8,6,4,0,0,6,4,0.3333
4,68.0000,11,1,248.4437,-79.8768,1.0340,16,0.4000,0.5000,6,6,2,0,0,6,2,0.6667
4,68.0000,11,2,567.7496,-84.1513,0.9467,10,0.2500,0.8571,7,6,4,0,0,6,4,0.3333
4,68.0000,11,5,416.4131,-82.7951,0.7673,10,0.2500,0.8750,8,8,7,0,0,8,7,0.1250
4,68.0000,11,8,594.1498,-85.2654,0.5509,7,0.1750,0.8571,7,8,8,0,0,8,8,0.0000
4,68.0000,11,9,669.2148,-84.6717,-0.5143,6,0.1500,1.0000,8,7,6,0,0,7,6,0.1429
4,68.0000,11,12,425.1924,-80.4858,-0.4355,12,0.3000,0.8571,7,7,6,0,0,7,6,0.1429
4,68.0000,11,13,328.2549,-80.3434,0.5208,24,0.6000,0.5556,9,6,5,39,24,45,29,0.3556
4,68.0000,11,17,338.6930,-79.6946,-0.3457,18,0.4500,0.4000,5,7,5,0,0,7,5,0.2857
4,68.0000,11,18,556.3452,-85.9190,-0.3703,3,0.0750,0.6667,6,8,8,0,0,8,8,0.0000
4,68.0000,11,19,690.7878,-83.9545,-1.0170,3,0.0750,1.0000,8,8,7,0,0,8,7,0.1250
4,68.0000,11,20,381.7640,-82.6350,0.3291,10,0.2500,0.8571,7,7,6,0,0,7,6,0.1429
4,68.0000,11,21,963.6086,-87.2065,0.6264,4,0.1000,0.8000,5,4,4,0,0,4,4,0.0000
4,68.0000,11,25,729.0563,-86.1899,0.6937,8,0.2000,0.7143,7,2,2,0,0,2,2,0.0000
4,68.0000,11,26,666.9863,-84.2820,-0.2842,6,0.1500,0.8571,7,8,8,0,0,8,8,0.0000
4,68.0000,11,27,728.8534,-86.6862,-0.4204,6,0.1500,1.0000,8,2,2,0,0,2,2,0.0000
4,68.0000,11,28,398.8158,-81.8932,-0.3180,10,0.2500,1.0000,8,8,8,0,0,8,8,0.0000
4,68.0000,11,30,648.3332,-86.1648,1.7325,4,0.1000,1.0000,6,8,7,0,0,8,7,0.1250
4,68.0000,11,31,416.7522,-81.6250,0.4812,11,0.2750,0.8750,8,7,4,0,0,7,4,0.4286
4,68.0000,11,32,622.4774,-85.2040,-1.5976,7,0.1750,1.0000,8,5,4,0,0,5,4,0.2000
4,68.0000,11,36,344.2799,-81.3581,1.5982,14,0.3500,1.0000,6,7,6,0,0,7,6,0.1429
4,68.0000,11,39,551.2506,-84.8777,0.6907,7,0.1750,0.8571,7,6,3,0,0,6,3,0.5000
4,68.0000,11,40,732.7308,-85.1357,-0.5162,5,0.1250,1.0000,4,6,6,0,0,6,6,0.0000
4,68.0000,11,44,488.6723,-83.2029,0.8851,5,0.1250,0.5000,4,10,9,0,0,10,9,0.1000
4,68.0000,11,45,871.4332,-86.3331,-0.9994,3,0.0750,1.0000,8,8,8,0,0,8,8,0.0000
4,68.0000,12,1,518.1732,-83.3999,0.0601,13,0.3250,0.6250,8,8,8,0,0,8,8,0.0000
4,68.0000,12,2,451.4649,-82.1523,-0.1755,20,0.5000,0.7143,7,6,3,4,4,10,7,0.3000
4,68.0000,12,4,454.3574,-83.0679,0.0443,9,0.2250,0.8750,8,7,6,0,0,7,6,0.1429
4,68.0000,12,5,322.0670,-80.1388,-0.3415,19,0.4750,0.8571,7,5,2,0,0,5,2,0.6000
4,68.0000,12,8,336.9231,-79.4130,0.3493,16,0.4000,0.4000,5,7,5,0,0,7,5,0.2857
4,68.0000,12,9,456.4002,-82.3387,-0.6759,17,0.4250,0.5000,6,8,7,0,0,8,7,0.1250
4,68.0000,12,10,503.2131,-82.1839,1.0336,10,0.2500,0.7143,7,8,6,0,0,8,6,0.2500
4,68.0000,12,11,425.1924,-81.5386,-0.1222,18,0.4500,0.7143,7,6,4,12,7,18,11,0.3889
4,68.0000,12,13,720.9820,-85.1148,-0.7784,5,0.1250,0.7500,4,4,4,0,0,4,4,0.0000
4,68.0000,12,16,589.8529,-85.0415,0.3965,7,0.1750,0.8333,6,7,6,0,0,7,6,0.1429
4,68.0000,12,17,388.2936,-80.9174,-0.9465,18,0.4500,0.5000,6,6,2,0,0,6,2,0.6667
4,68.0000,12,18,295.1182,-77.2352,-0.7137,28,0.7000,0.2000,5,6,4,0,0,6,4,0.3333
4,68.0000,12,19,290.2500,-78.7248,0.5364,25,0.6250,0.4000,5,7,5,0,0,7,5,0.2857
4,68.0000,12,20,72.6310,-63.1623,0.7500,31,0.7750,0.2000,5,5,1,0,0,5,1,0.8000
4,68.0000,12,21,1062.0635,-88.3869,-0.3332,3,0.0750,1.0000,4,2,2,0,0,2,2,0.0000
4,68.0000,12,26,654.0486,-84.5719,-1.0354,9,0.2250,1.0000,2,6,6,0,0,6,6,0.0000
4,68.0000,12,27,974.5137,-89.0768,-0.9720,5,0.1250,1.0000,4,2,2,0,0,2,2,0.0000
4,68.0000,12,28,34.9676,-60.6156,5.8890,32,0.8000,0.2000,5,4,0,0,0,4,0,1.0000
4,68.0000,12,29,392.8256,-81.6001,-0.1192,11,0.2750,0.8750,8,8,5,0,0,8,5,0.3750
4,68.0000,12,30,520.1885,-84.7959,-0.9701,11,0.2750,0.6667,6,8,8,0,0,8,8,0.0000
4,68.0000,12,31,176.6957,-75.6909,0.8792,30,0.7500,0.2000,5,6,2,0,0,6,2,0.6667
4,68.0000,12,32,514.2006,-82.7523,-0.4434,15,0.3750,0.8571,7,6,4,0,0,6,4,0.3333
4,68.0000,12,33,529.2504,-85.8055,1.0615,6,0.1500,0.7143,7,8,7,0,0,8,7,0.1250
4,68.0000,12,34,655.3790,-85.6953,-0.2319,7,0.1750,1.0000,8,8,7,0,0,8,7,0.1250
4,68.0000,12,35,979.7412,-88.9655,0.3581,3,0.0750,1.0000,6,6,6,0,0,6,6,0.0000
4,68.0000,12,36,539.1065,-84.3430,0.9487,12,0.3000,1.0000,8,8,6,0,0,8,6,0.2500
4,68.0000,12,39,419.2871,-81.0146,-0.5098,18,0.4500,0.5714,7,8,8,0,0,8,8,0.0000
4,68.0000,12,43,878.0219,-88.7597,-0.6266,4,0.1000,1.0000,4,8,7,0,0,8,7,0.1250
4,68.0000,12,44,226.4228,-77.5235,1.0630,23,0.5750,0.8750,8,5,2,0,0,5,2,0.6000
4,68.0000,12,45,780.8448,-86.7330,0.1534,5,0.1250,1.0000,8,6,6,0,0,6,6,0.0000
4,68.0000,12,47,770.1192,-85.8540,-0.4389,7,0.1750,1.0000,8,8,7,0,0,8,7,0.1250
4,68.0000,13,1,249.8499,-78.5737,0.2844,24,0.5854,0.4000,5,5,1,0,0,5,1,0.8000
4,68.0000,13,2,679.6964,-85.3904,1.4583,4,0.0976,1.0000,8,8,8,0,0,8,8,0.0000
4,68.0000,13,5,578.6544,-83.3082,0.9377,5,0.1220,0.8571,7,6,4,0,0,6,4,0.3333
4,68.0000,13,8,786.9050,-88.1416,-0.5384,3,0.0732,1.0000,4,8,8,0,0,8,8,0.0000
4,68.0000,13,11,328.2549,-79.5308,0.1996,13,0.3171,0.6667,6,6,3,0,0,6,3,0.5000
4,68.0000,13,17,569.5889,-85.2011,1.0205,4,0.0976,0.8571,7,8,8,0,0,8,8,0.0000
4,68.0000,13,25,634.0800,-85.9361,0.8806,6,0.1463,1.0000,8,8,8,0,0,8,8,0.0000
4,68.0000,13,27,498.2838,-83.2588,-0.3792,16,0.3902,0.5000,6,7,6,0,0,7,6,0.1429
4,68.0000,13,28,690.1236,-86.2562,-0.3889,3,0.0732,1.0000,8,6,6,0,0,6,6,0.0000
4,68.0000,13,31,737.8138,-88.1023,-0.4408,4,0.0976,1.0000,8,8,8,0,0,8,8,0.0000
4,68.0000,13,35,806.7120,-87.2278,0.5558,7,0.1707,0.8750,8,8,7,0,0,8,7,0.1250
4,68.0000,13,36,340.0815,-79.8080,0.4266,17,0.4146,1.0000,8,8,8,0,0,8,8,0.0000
4,68.0000,13,39,680.7860,-87.4866,-3.1479,3,0.0732,1.0000,8,8,8,0,0,8,8,0.0000
4,68.0000,13,40,538.4515,-83.7294,1.3296,11,0.2683,1.0000,8,8,7,0,0,8,7,0.1250
4,68.0000,14,0,727.3522,-86.1358,-1.6575,5,0.1250,0.8750,8,6,6,0,0,6,6,0.0000
4,68.0000,14,3,495.3740,-83.7417,0.2473,14,0.3500,0.7500,8,8,6,0,0,8,6,0.2500
4,68.0000,14,6,888.9482,-87.3897,-0.4484,4,0.1000,1.0000,8,8,8,0,0,8,8,0.0000
4,68.0000,14,7,715.2498,-85.6525,-0.1303,11,0.2750,1.0000,8,6,6,0,0,6,6,0.0000
4,68.0000,14,10,519.1164,-84.3753,1.2814,5,0.1250,1.0000,8,9,8,0,0,9,8,0.1111
4,68.0000,14,16,916.4726,-88.7992,0.3220,3,0.0750,,0,8,8,0,0,8,8,0.0000
4,68.0000,14,17,983.5500,-88.0450,0.1465,3,0.0750,1.0000,6,4,4,0,0,4,4,0.0000
4,68.0000,14,22,714.3397,-85.8691,0.6082,7,0.1750,1.0000,8,8,8,0,0,8,8,0.0000
4,68.0000,14,23,529.8967,-83.3758,-0.6694,15,0.3750,0.8750,8,8,7,0,0,8,7,0.1250
4,68.0000,14,24,395.5091,-80.7447,-1.1290,12,0.3000,0.8750,8,7,5,0,0,7,5,0.2857
4,68.0000,14,26,452.5692,-82.1000,0.9310,8,0.2000,0.8750,8,5,1,0,0,5,1,0.8000
4,68.0000,14,29,764.5796,-87.9018,1.2650,4,0.1000,1.0000,8,8,8,0,0,8,8,0.0000
4,68.0000,14,30,500.4602,-83.4583,-1.2647,11,0.2750,0.8571,7,8,7,0,0,8,7,0.1250
4,68.0000,14,38,674.2229,-85.4502,-0.0003,9,0.2250,0.8750,8,7,6,0,0,7,6,0.1429
4,68.0000,14,41,666.2949,-83.8896,0.0988,15,0.3750,0.8571,7,8,8,0,0,8,8,0.0000
4,68.0000,14,42,595.6846,-85.6781,0.0544,7,0.1750,1.0000,8,8,8,0,0,8,8,0.0000
4,68.0000,14,43,587.9261,-83.9710,-0.1887,8,0.2000,1.0000,8,8,8,15,14,23,22,0.0435
4,68.0000,14,46,253.0342,-77.6521,0.0770,29,0.7250,0.4000,5,4,0,0,0,4,0,1.0000
4,68.0000,15,0,285.4365,-78.3207,0.2081,28,0.7000,0.7143,7,5,1,0,0,5,1,0.8000
4,68.0000,15,3,766.6332,-85.5572,-0.2980,7,0.1750,1.0000,6,8,8,0,0,8,8,0.0000
4,68.0000,15,4,730.6454,-86.2660,-0.5132,3,0.0750,1.0000,8,8,8,0,0,8,8,0.0000
4,68.0000,15,6,565.0144,-83.4642,0.2737,20,0.5000,0.8750,8,7,4,0,0,7,4,0.4286
4,68.0000,15,7,810.6290,-86.9704,0.4991,8,0.2000,1.0000,8,6,6,0,0,6,6,0.0000
4,68.0000,15,10,604.5904,-85.5198,-0.3160,3,0.0750,1.0000,8,8,8,0,0,8,8,0.0000
4,68.0000,15,14,863.5679,-87.4591,0.2652,3,0.0750,1.0000,8,7,6,0,0,7,6,0.1429
4,68.0000,15,16,427.9798,-83.6560,0.7269,6,0.1500,0.8889,9,6,4,0,0,6,4,0.3333
4,68.0000,15,22,588.0890,-84.4998,0.5584,13,0.3250,1.0000,8,6,6,0,0,6,6,0.0000
4,68.0000,15,24,477.4104,-83.2765,0.3876,10,0.2500,0.7143,7,6,4,0,0,6,4,0.3333
4,68.0000,15,29,624.3081,-88.0957,-0.4334,3,0.0750,1.0000,8,8,7,0,0,8,7,0.1250
4,68.0000,15,33,538.9548,-83.9554,-0.6744,5,0.1250,1.0000,8,8,8,0,0,8,8,0.0000
4,68.0000,15,37,607.3502,-84.6659,-0.6033,11,0.2750,0.8571,7,8,8,0,0,8,8,0.0000
4,68.0000,15,38,401.1740,-80.5215,-0.2777,22,0.5500,0.7143,7,4,0,0,0,4,0,1.0000
4,68.0000,15,41,918.3910,-87.4620,1.7143,4,0.1000,0.0000,1,7,6,0,0,7,6,0.1429
4,68.0000,15,42,425.7072,-81.7953,0.0580,14,0.3500,0.7143,7,6,3,0,0,6,3,0.5000
4,68.0000,15,43,519.9220,-84.6444,0.3458,9,0.2250,0.8750,8,7,4,0,0,7,4,0.4286
4,68.0000,15,46,735.4432,-85.6369,-0.3833,7,0.1750,1.0000,8,8,8,0,0,8,8,0.0000
4,68.0000,15,47,233.3592,-78.6867,1.1154,20,0.5000,0.2000,5,5,1,0,0,5,1,0.8000
4,68.0000,16,0,601.4516,-85.7856,0.8519,9,0.2250,1.0000,8,8,8,0,0,8,8,0.0000
4,68.0000,16,2,912.4307,-87.3657,-0.7789,3,0.0750,0.8571,7,4,4,0,0,4,4,0.0000
4,68.0000,16,4,342.0962,-78.1909,0.0427,28,0.7000,0.6667,6,8,7,0,0,8,7,0.1250
4,68.0000,16,5,829.5263,-87.4750,0.0280,3,0.0750,1.0000,8,8,8,0,0,8,8,0.0000
4,68.0000,16,8,741.3376,-86.6375,-0.8322,5,0.1250,1.0000,8,8,8,0,0,8,8,0.0000
4,68.0000,16,9,806.6955,-85.5849,-0.4245,5,0.1250,1.0000,8,4,4,0,0,4,4,0.0000
4,68.0000,16,10,441.5652,-83.6684,-0.0199,9,0.2250,1.0000,8,7,4,0,0,7,4,0.4286
4,68.0000,16,12,589.8529,-85.9719,-0.3906,6,0.1500,1.0000,8,8,8,10,10,18,18,0.0000
4,68.0000,16,15,427.9798,-83.4946,0.7179,15,0.3750,1.0000,6,7,4,0,0,7,4,0.4286
4,68.0000,16,17,923.9120,-87.9628,-1.6323,3,0.0750,1.0000,6,6,6,0,0,6,6,0.0000
4,68.0000,16,18,613.6131,-83.4126,-0.3406,5,0.1250,0.8750,8,8,8,0,0,8,8,0.0000
4,68.0000,16,19,339.1141,-79.7280,-1.2066,12,0.3000,0.7143,7,8,8,0,0,8,8,0.0000
4,68.0000,16,20,656.7096,-85.7059,0.2067,4,0.1000,0.8571,7,8,8,0,0,8,8,0.0000
4,68.0000,16,22,861.1392,-85.3438,-0.9162,3,0.0750,1.0000,8,6,6,0,0,6,6,0.0000
4,68.0000,16,24,596.2097,-85.8876,1.3098,7,0.1750,1.0000,8,7,5,0,0,7,5,0.2857
4,68.0000,16,26,904.1269,-88.2461,-0.9836,4,0.1000,1.0000,6,4,4,0,0,4,4,0.0000
4,68.0000,16,28,618.1021,-83.9164,-1.6740,5,0.1250,1.0000,8,8,8,0,0,8,8,0.0000
4,68.0000,16,29,317.9185,-78.9207,-0.0227,17,0.4250,0.7143,7,6,3,0,0,6,3,0.5000
4,68.0000,16,30,744.0758,-86.4507,0.6533,6,0.1500,1.0000,8,8,8,0,0,8,8,0.0000
4,68.0000,16,31,625.7217,-85.7822,1.0037,4,0.1000,1.0000,8,8,8,0,0,8,8,0.0000
4,68.0000,16,32,928.6754,-88.1477,0.1079,3,0.0750,1.0000,8,8,8,0,0,8,8,0.0000
4,68.0000,16,33,193.6761,-74.8244,0.0358,29,0.7250,0.1667,6,6,3,0,0,6,3,0.5000
4,68.0000,16,38,737.6066,-86.8005,-0.8418,5,0.1250,1.0000,6,7,6,0,0,7,6,0.1429
4,68.0000,16,39,840.6118,-87.8869,-0.5386,3,0.0750,1.0000,8,2,2,0,0,2,2,0.0000
4,68.0000,16,42,483.6864,-83.1450,0.3586,11,0.2750,0.6667,6,6,3,0,0,6,3,0.5000
4,68.0000,16,43,606.0082,-85.1661,0.8591,9,0.2250,0.8750,8,8,8,0,0,8,8,0.0000
4,68.0000,16,44,556.3117,-82.7867,-1.0205,10,0.2500,0.9730,148,7,5,74,74,81,79,0.0247
4,68.0000,16,47,203.1133,-75.9484,-0.1425,32,0.8000,0.0000,4,5,1,37,8,42,9,0.7857
4,68.0000,17,1,457.4565,-83.6143,0.6059,11,0.2750,0.8571,7,7,5,45,41,52,46,0.1154
4,68.0000,17,2,529.9102,-85.1719,1.0549,9,0.2250,1.0000,8,7,6,0,0,7,6,0.1429
4,68.0000,17,4,749.5666,-86.2451,-0.3394,5,0.1250,1.0000,8,8,8,0,0,8,8,0.0000
4,68.0000,17,5,482.7248,-83.0380,0.8843,12,0.3000,1.0000,8,7,5,0,0,7,5,0.2857
4,68.0000,17,8,485.0291,-85.1304,-0.0188,9,0.2250,1.0000,8,7,6,0,0,7,6,0.1429
4,68.0000,17,9,658.4436,-86.3465,-0.0873,9,0.2250,1.0000,8,8,7,0,0,8,7,0.1250
4,68.0000,17,10,701.6849,-86.2838,1.6433,8,0.2000,0.8750,8,8,8,0,0,8,8,0.0000
4,68.0000,17,11,338.6930,-79.8572,1.3487,22,0.5500,0.8571,7,8,7,0,0,8,7,0.1250
4,68.0000,17,12,388.2936,-80.1095,0.0173,15,0.3750,1.0000,8,6,4,0,0,6,4,0.3333
4,68.0000,17,13,569.5889,-84.9410,-0.1111,14,0.3500,0.9490,98,8,8,12,12,20,20,0.0000
4,68.0000,17,16,923.9120,-87.9889,3.1480,3,0.0750,0.8000,5,8,8,0,0,8,8,0.0000
4,68.0000,17,18,638.6759,-85.8215,0.1965,7,0.1750,0.8750,8,8,8,0,0,8,8,0.0000
4,68.0000,17,19,669.3694,-85.8837,1.2406,7,0.1750,1.0000,8,8,7,0,0,8,7,0.1250
4,68.0000,17,20,331.5247,-80.6792,0.5662,14,0.3500,0.8571,7,8,5,0,0,8,5,0.3750
4,68.0000,17,24,1011.3530,-88.7152,0.3939,3,0.0750,1.0000,2,4,4,0,0,4,4,0.0000
4,68.0000,17,25,884.4842,-88.5624,0.7549,5,0.1250,1.0000,6,2,2,0,0,2,2,0.0000
4,68.0000,17,26,571.4743,-84.7010,0.0198,13,0.3250,0.8750,8,8,6,0,0,8,6,0.2500
4,68.0000,17,27,818.8681,-87.7743,1.0678,6,0.1500,1.0000,4,2,2,0,0,2,2,0.0000
4,68.0000,17,28,381.5237,-80.9794,0.2682,15,0.3750,1.0000,10,7,6,0,0,7,6,0.1429
4,68.0000,17,29,717.0767,-87.2973,0.3391,9,0.2250,1.0000,8,8,8,0,0,8,8,0.0000
4,68.0000,17,30,488.7327,-82.7990,0.8437,10,0.2500,1.0000,8,7,5,0,0,7,5,0.2857
4,68.0000,17,31,326.5204,-79.6438,-0.1967,20,0.5000,0.8571,7,7,6,0,0,7,6,0.1429
4,68.0000,17,32,666.7500,-85.8942,0.0067,9,0.2250,1.0000,8,8,8,0,0,8,8,0.0000
4,68.0000,17,33,822.3983,-87.7295,-0.6472,5,0.1250,1.0000,6,8,8,0,0,8,8,0.0000
4,68.0000,17,34,895.2126,-88.6856,-0.8589,4,0.1000,1.0000,6,5,4,0,0,5,4,0.2000
4,68.0000,17,36,570.4240,-85.4976,0.9294,15,0.3750,1.0000,8,7,6,0,0,7,6,0.1429
4,68.0000,17,39,621.5257,-86.1911,-0.0964,10,0.2500,0.6667,6,8,7,0,0,8,7,0.1250
4,68.0000,17,40,784.3823,-87.0076,0.4276,8,0.2000,1.0000,6,5,4,0,0,5,4,0.2000
4,68.0000,17,42,966.4743,-88.5764,-0.5627,4,0.1000,1.0000,8,6,5,0,0,6,5,0.1667
4,68.0000,17,43,1007.1575,-87.5450,-0.9853,5,0.1250,1.0000,6,6,6,0,0,6,6,0.0000
4,68.0000,17,44,425.8471,-82.6140,0.4124,12,0.3000,1.0000,8,7,6,0,0,7,6,0.1429
4,68.0000,17,45,905.1929,-88.6892,0.4790,3,0.0750,1.0000,4,8,8,0,0,8,8,0.0000
4,68.0000,18,1,553.9294,-85.0869,0.2824,18,0.4500,0.8333,6,8,6,0,0,8,6,0.2500
4,68.0000,18,2,440.6044,-82.9141,0.6477,15,0.3750,0.8571,7,6,3,0,0,6,3,0.5000
4,68.0000,18,4,499.3080,-84.5554,0.4233,14,0.3500,0.6667,6,10,10,0,0,10,10,0.0000
4,68.0000,18,5,280.3770,-80.3204,0.3231,22,0.5500,0.6000,5,6,3,0,0,6,3,0.5000
4,68.0000,18,8,391.3755,-80.9455,0.6017,21,0.5250,0.7143,7,7,6,0,0,7,6,0.1429
4,68.0000,18,9,345.1452,-80.4684,0.0470,22,0.5500,0.2000,5,7,5,0,0,7,5,0.2857
4,68.0000,18,10,689.2239,-85.5210,-1.2867,8,0.2000,0.8750,8,8,7,0,0,8,7,0.1250
4,68.0000,18,11,556.3452,-85.3900,0.9777,13,0.3250,0.6667,6,7,5,0,0,7,5,0.2857
4,68.0000,18,12,295.1182,-77.2479,-0.3093,23,0.5750,0.6667,6,5,1,0,0,5,1,0.8000
4,68.0000,18,13,781.8467,-87.1215,0.3468,11,0.2750,1.0000,2,8,8,0,0,8,8,0.0000
4,68.0000,18,16,613.6131,-84.6129,-1.0478,11,0.2750,0.8750,8,8,8,0,0,8,8,0.0000
4,68.0000,18,17,638.6759,-84.8335,-0.2142,12,0.3000,1.0000,8,8,8,0,0,8,8,0.0000
4,68.0000,18,19,285.3498,-76.9410,-0.7580,25,0.6250,0.2000,5,7,5,0,0,7,5,0.2857
4,68.0000,18,20,321.3776,-77.1992,-1.3022,31,0.7750,0.8571,7,5,2,0,0,5,2,0.6000
4,68.0000,18,21,985.9280,-89.1066,-0.0978,3,0.0750,1.0000,8,6,6,0,0,6,6,0.0000
4,68.0000,18,24,1029.0797,-88.2489,-0.7673,3,0.0750,1.0000,8,6,6,0,0,6,6,0.0000
4,68.0000,18,25,685.8224,-86.0367,1.2383,9,0.2250,1.0000,6,4,4,0,0,4,4,0.0000
4,68.0000,18,26,914.9529,-87.9818,-1.1584,5,0.1250,1.0000,4,6,6,0,0,6,6,0.0000
4,68.0000,18,28,281.3312,-76.7372,-0.6502,26,0.6500,0.5714,7,6,4,0,0,6,4,0.3333
4,68.0000,18,29,473.5731,-80.5218,-1.3090,15,0.3750,0.7500,8,7,6,0,0,7,6,0.1429
4,68.0000,18,30,795.8757,-86.7497,0.2910,7,0.1750,0.8571,7,2,2,0,0,2,2,0.0000
4,68.0000,18,31,459.9160,-83.1400,-0.6663,13,0.3250,0.9000,10,7,5,0,0,7,5,0.2857
4,68.0000,18,32,389.7365,-81.2464,0.5892,18,0.4500,0.8571,7,8,6,0,0,8,6,0.2500
4,68.0000,18,33,606.6689,-84.7203,-0.6573,11,0.2750,0.8750,8,8,8,0,0,8,8,0.0000
4,68.0000,18,34,426.3036,-84.4352,0.5370,18,0.4500,0.6250,8,8,7,0,0,8,7,0.1250
4,68.0000,18,35,789.1194,-87.0702,0.2261,9,0.2250,1.0000,8,8,8,0,0,8,8,0.0000
4,68.0000,18,36,494.8985,-84.6335,1.2394,16,0.4000,0.7500,8,8,8,0,0,8,8,0.0000
4,68.0000,18,39,272.5888,-78.6599,0.0990,25,0.6250,0.2000,5,8,5,0,0,8,5,0.3750
4,68.0000,18,40,960.8722,-87.1437,0.6884,4,0.1000,,0,6,6,0,0,6,6,0.0000
4,68.0000,18,42,966.9080,-87.5773,-0.7173,4,0.1000,1.0000,8,2,2,0,0,2,2,0.0000
4,68.0000,18,43,1070.6757,-88.3546,-1.2107,3,0.0750,,0,4,4,0,0,4,4,0.0000
4,68.0000,18,44,475.8531,-83.9091,-0.6450,10,0.2500,0.8571,7,5,2,0,0,5,2,0.6000
4,68.0000,18,45,632.4087,-85.0337,0.3328,11,0.2750,0.8750,8,8,8,0,0,8,8,0.0000
4,68.0000,18,47,815.2077,-87.0767,0.7660,6,0.1500,1.0000,8,8,8,0,0,8,8,0.0000
4,68.0000,19,0,893.5096,-87.5124,0.3477,3,0.0769,1.0000,2,3,2,0,0,3,2,0.3333
4,68.0000,19,1,761.7401,-86.9879,-0.7503,6,0.1538,0.8750,8,7,6,0,0,7,6,0.1429
4,68.0000,19,2,602.7680,-85.0741,0.1661,12,0.3077,1.0000,8,8,8,0,0,8,8,0.0000
4,68.0000,19,4,286.8386,-80.0402,0.3018,31,0.7949,0.5000,6,7,3,0,0,7,3,0.5714
4,68.0000,19,5,493.7316,-84.7380,0.5004,10,0.2564,0.8571,7,6,3,0,0,6,3,0.5000
4,68.0000,19,8,458.1564,-82.2727,0.0491,17,0.4359,0.7143,7,8,6,0,0,8,6,0.2500
4,68.0000,19,9,509.0833,-82.5203,-0.1789,13,0.3333,0.8750,8,7,6,0,0,7,6,0.1429
4,68.0000,19,10,469.9021,-82.8169,0.2582,8,0.2051,1.0000,8,8,8,0,0,8,8,0.0000
4,68.0000,19,11,690.7878,-85.4816,-0.2360,6,0.1538,1.0000,8,7,6,0,0,7,6,0.1429
4,68.0000,19,12,290.2500,-78.5430,-0.2742,17,0.4359,1.0000,8,6,3,0,0,6,3,0.5000
4,68.0000,19,14,986.2650,-88.6671,0.4779,5,0.1282,1.0000,6,2,2,0,0,2,2,0.0000
4,68.0000,19,15,754.2771,-87.6290,-2.8791,3,0.0769,1.0000,6,8,8,0,0,8,8,0.0000
4,68.0000,19,16,339.1141,-78.1832,-0.0974,24,0.6154,0.3333,6,6,4,0,0,6,4,0.3333
4,68.0000,19,17,669.3694,-85.6185,-0.7757,10,0.2564,1.0000,8,8,8,0,0,8,8,0.0000
4,68.0000,19,18,285.3498,-76.6810,-0.8759,26,0.6667,0.4286,7,7,6,0,0,7,6,0.1429
4,68.0000,19,20,355.0138,-78.5372,-0.9960,20,0.5128,0.4000,5,8,8,0,0,8,8,0.0000
4,68.0000,19,24,777.6054,-87.4454,0.3395,6,0.1538,1.0000,8,6,6,0,0,6,6,0.0000
4,68.0000,19,25,956.2116,-88.4250,-0.7464,4,0.1026,1.0000,6,2,2,0,0,2,2,0.0000
4,68.0000,19,26,811.5839,-84.7719,-0.1542,7,0.1795,1.0000,2,2,2,0,0,2,2,0.0000
4,68.0000,19,28,310.0348,-77.6639,-1.4583,22,0.5641,0.4000,5,6,4,0,0,6,4,0.3333
4,68.0000,19,29,257.9941,-75.6553,-1.2432,28,0.7179,0.7143,7,7,6,0,0,7,6,0.1429
4,68.0000,19,30,659.3597,-83.6546,0.2899,6,0.1538,0.7143,7,8,8,0,0,8,8,0.0000
4,68.0000,19,31,396.7439,-79.6385,-0.3619,15,0.3846,0.8571,7,6,4,0,0,6,4,0.3333
4,68.0000,19,32,611.2462,-84.8325,0.4373,11,0.2821,1.0000,8,8,8,0,0,8,8,0.0000
4,68.0000,19,33,332.4209,-81.0380,-0.2884,23,0.5897,0.4000,5,7,6,0,0,7,6,0.1429
4,68.0000,19,34,640.0866,-85.9668,-0.0666,11,0.2821,0.8571,7,8,8,0,0,8,8,0.0000
4,68.0000,19,35,1066.9575,-87.9331,0.7205,4,0.1026,,0,6,6,0,0,6,6,0.0000
4,68.0000,19,36,740.3885,-87.4503,0.9031,6,0.1538,0.8571,7,8,8,0,0,8,8,0.0000
4,68.0000,19,39,512.9619,-82.8569,-0.0718,17,0.4359,1.0000,8,8,8,0,0,8,8,0.0000
4,68.0000,19,40,1172.9350,-88.4449,-0.2337,5,0.1282,,0,4,4,0,0,4,4,0.0000
4,68.0000,19,42,693.5848,-85.4529,0.0746,6,0.1538,1.0000,8,8,8,0,0,8,8,0.0000
4,68.0000,19,43,802.5292,-87.6906,0.2585,5,0.1282,0.6667,3,7,6,0,0,7,6,0.1429
4,68.0000,19,44,365.5191,-79.0518,0.0629,20,0.5128,0.4000,5,8,8,0,0,8,8,0.0000
4,68.0000,19,45,842.1002,-87.0000,-0.2170,9,0.2308,1.0000,8,3,2,0,0,3,2,0.3333
4,68.0000,19,47,538.7913,-83.2162,1.3226,11,0.2821,0.8571,7,7,5,0,0,7,5,0.2857
4,68.0000,20,1,462.4025,-83.2403,0.5108,23,0.5610,1.0000,8,5,2,0,0,5,2,0.6000
4,68.0000,20,2,402.4427,-81.6982,-0.2399,25,0.6098,0.7143,7,8,8,0,0,8,8,0.0000
4,68.0000,20,4,495.7408,-83.8190,-0.0735,19,0.4634,1.0000,8,8,7,0,0,8,7,0.1250
4,68.0000,20,5,281.9839,-80.2930,0.8460,25,0.6098,0.8571,7,5,1,0,0,5,1,0.8000
4,68.0000,20,8,303.4259,-80.7649,0.3031,27,0.6585,0.8750,8,6,2,0,0,6,2,0.6667
4,68.0000,20,9,434.9969,-80.7409,-1.0805,26,0.6341,0.6667,6,6,4,0,0,6,4,0.3333
4,68.0000,20,10,559.2400,-84.5998,-0.7325,15,0.3659,1.0000,8,8,8,0,0,8,8,0.0000
4,68.0000,20,11,381.7640,-83.4821,1.2288,20,0.4878,0.8000,5,7,5,0,0,7,5,0.2857
4,68.0000,20,12,72.6310,-62.4460,0.7564,37,0.9024,0.2000,5,5,1,0,0,5,1,0.8000
4,68.0000,20,13,667.4101,-85.9035,-0.0600,13,0.3171,0.0000,1,7,6,0,0,7,6,0.1429
4,68.0000,20,14,988.9690,-88.1971,-0.1318,6,0.1463,1.0000,4,6,6,0,0,6,6,0.0000
4,68.0000,20,16,656.7096,-84.7679,-0.3854,14,0.3415,0.8571,7,8,8,0,0,8,8,0.0000
4,68.0000,20,17,331.5247,-80.8752,0.5104,26,0.6341,0.4000,5,5,1,0,0,5,1,0.8000
4,68.0000,20,18,321.3776,-77.4368,-1.5703,31,0.7561,0.4000,5,8,6,0,0,8,6,0.2500
4,68.0000,20,19,355.0138,-79.0141,-0.9662,30,0.7317,0.3333,6,6,3,0,0,6,3,0.5000
4,68.0000,20,24,907.6664,-88.7075,-0.6148,8,0.1951,0.8571,7,8,8,0,0,8,8,0.0000
4,68.0000,20,25,782.6823,-87.0042,-0.9012,14,0.3415,1.0000,8,6,6,0,0,6,6,0.0000
4,68.0000,20,26,663.9221,-85.4417,-0.5947,13,0.3171,0.0000,2,4,4,0,0,4,4,0.0000
4,68.0000,20,27,908.7150,-89.1006,-0.1738,9,0.2195,1.0000,4,2,2,0,0,2,2,0.0000
4,68.0000,20,28,58.2947,-65.6192,1.5919,37,0.9024,0.0000,4,4,0,0,0,4,0,1.0000
4,68.0000,20,29,464.1635,-82.0659,-1.1492,21,0.5122,0.4000,5,8,7,0,0,8,7,0.1250
4,68.0000,20,30,535.3673,-85.8555,-0.0906,15,0.3659,0.8571,7,8,7,0,0,8,7,0.1250
4,68.0000,20,31,192.9695,-76.3934,0.7150,28,0.6829,0.2000,5,5,1,0,0,5,1,0.8000
4,68.0000,20,32,480.9786,-82.7826,-0.4496,21,0.5122,1.0000,8,7,5,0,0,7,5,0.2857
4,68.0000,20,33,584.5781,-84.8380,-0.3016,12,0.2927,0.8571,7,8,8,54,52,62,60,0.0323
4,68.0000,20,34,647.5575,-86.4282,-0.0975,18,0.4390,0.8571,7,7,6,0,0,7,6,0.1429
4,68.0000,20,35,948.4133,-89.1859,-0.0439,7,0.1707,1.0000,8,4,4,0,0,4,4,0.0000
4,68.0000,20,36,494.3728,-83.7170,0.3412,21,0.5122,0.8750,8,7,4,0,0,7,4,0.4286
4,68.0000,20,39,394.9026,-80.5078,0.0366,27,0.6585,0.8252,143,8,7,88,83,96,90,0.0625
4,68.0000,20,40,877.1521,-88.1006,-0.0065,12,0.2927,1.0000,4,6,6,0,0,6,6,0.0000
4,68.0000,20,42,845.5803,-87.1594,-0.0945,6,0.1463,1.0000,8,6,6,0,0,6,6,0.0000
4,68.0000,20,43,922.9170,-88.2086,0.2836,7,0.1707,1.0000,6,8,8,0,0,8,8,0.0000
4,68.0000,20,44,268.3856,-79.5066,1.4430,25,0.6098,1.0000,8,6,2,0,0,6,2,0.6667
4,68.0000,20,45,748.0291,-86.4486,-0.6173,16,0.3902,0.7143,7,4,4,0,0,4,4,0.0000
4,68.0000,20,47,836.2603,-87.6171,-0.8889,5,0.1220,0.7778,9,4,4,0,0,4,4,0.0000
4,68.0000,21,1,721.7085,-86.3415,-0.3138,12,0.3000,1.0000,8,8,8,0,0,8,8,0.0000
4,68.0000,21,2,643.9133,-86.4176,0.3344,12,0.3000,1.0000,8,8,8,0,0,8,8,0.0000
4,68.0000,21,5,754.9200,-85.4114,-0.4802,11,0.2750,1.0000,8,8,8,0,0,8,8,0.0000
4,68.0000,21,8,837.1280,-87.2153,-1.2201,6,0.1500,1.0000,8,8,8,0,0,8,8,0.0000
4,68.0000,21,9,735.2725,-86.6176,0.7658,10,0.2500,0.8571,7,8,8,0,0,8,8,0.0000
4,68.0000,21,11,963.6086,-87.0994,-0.5337,3,0.0750,1.0000,8,8,8,0,0,8,8,0.0000
4,68.0000,21,13,819.8141,-87.9453,-0.5333,7,0.1750,1.0000,8,2,1,0,0,2,1,0.5000
4,68.0000,21,17,1020.7074,-88.5075,-0.5400,4,0.1000,1.0000,4,6,6,0,0,6,6,0.0000
4,68.0000,21,18,985.9280,-88.5701,-0.0028,6,0.1500,1.0000,8,8,8,0,0,8,8,0.0000
4,68.0000,21,20,1006.0532,-88.2478,-3.7844,3,0.0750,1.0000,4,8,8,0,0,8,8,0.0000
4,68.0000,21,25,394.1648,-81.4099,0.2643,24,0.6000,0.8750,8,8,6,0,0,8,6,0.2500
4,68.0000,21,27,409.8594,-82.2173,0.6663,26,0.6500,0.4000,5,6,2,0,0,6,2,0.6667
4,68.0000,21,28,1034.4408,-89.1928,1.6362,3,0.0750,1.0000,8,8,8,0,0,8,8,0.0000
4,68.0000,21,32,613.1081,-85.5407,0.0614,14,0.3500,1.0000,8,8,8,0,0,8,8,0.0000
4,68.0000,21,34,731.4884,-86.1272,0.1423,13,0.3250,0.8889,9,8,7,0,0,8,7,0.1250
4,68.0000,21,35,498.9922,-83.0284,0.1674,24,0.6000,0.7143,7,6,3,0,0,6,3,0.5000
4,68.0000,21,36,684.7415,-86.3436,-0.0904,10,0.2500,1.0000,8,8,8,0,0,8,8,0.0000
4,68.0000,21,39,716.1361,-86.0712,0.2838,9,0.2250,1.0000,8,8,8,0,0,8,8,0.0000
4,68.0000,21,40,376.4159,-81.5798,0.0839,22,0.5500,0.7143,7,8,6,0,0,8,6,0.2500
4,68.0000,21,45,477.6740,-83.1243,-0.0072,14,0.3500,1.0000,8,7,5,0,0,7,5,0.2857
4,68.0000,22,0,303.1212,-78.5678,-0.9461,29,0.7250,0.4000,5,6,4,0,0,6,4,0.3333
4,68.0000,22,3,357.8764,-81.8026,0.2317,27,0.6750,0.4000,5,5,2,0,0,5,2,0.6000
4,68.0000,22,4,1034.5267,-88.8610,-1.1960,4,0.1000,1.0000,8,8,8,0,0,8,8,0.0000
4,68.0000,22,6,471.4907,-83.9450,0.5787,25,0.6250,0.6667,6,6,4,0,0,6,4,0.3333
4,68.0000,22,7,483.5754,-83.7403,0.5518,24,0.6000,0.8750,8,6,3,0,0,6,3,0.5000
4,68.0000,22,10,778.9579,-88.5519,-0.2562,6,0.1500,1.0000,8,8,8,0,0,8,8,0.0000
4,68.0000,22,14,714.3397,-86.9875,0.0351,10,0.2500,1.0000,8,8,8,0,0,8,8,0.0000
4,68.0000,22,15,588.0890,-84.6845,-0.2952,16,0.4000,0.7500,8,8,8,0,0,8,8,0.0000
4,68.0000,22,16,861.1392,-87.6369,-0.2680,6,0.1500,1.0000,8,8,8,0,0,8,8,0.0000
4,68.0000,22,23,464.9428,-83.8318,0.7614,20,0.5000,1.0000,8,6,4,0,0,6,4,0.3333
4,68.0000,22,24,459.9468,-82.3337,-0.4255,20,0.5000,0.5000,6,8,7,0,0,8,7,0.1250
4,68.0000,22,30,928.7727,-87.5329,-0.9165,6,0.1500,1.0000,8,8,8,0,0,8,8,0.0000
4,68.0000,22,37,514.1812,-84.7350,0.0498,25,0.6250,0.5714,7,6,3,0,0,6,3,0.5000
4,68.0000,22,38,251.9080,-77.2213,-0.1273,29,0.7250,0.5000,6,6,4,0,0,6,4,0.3333
4,68.0000,22,41,441.5348,-83.6660,0.4774,24,0.6000,0.8750,8,6,4,0,0,6,4,0.3333
4,68.0000,22,42,428.6696,-80.3889,-0.5361,19,0.4750,0.7143,7,8,8,0,0,8,8,0.0000
4,68.0000,22,43,351.8344,-81.5055,0.4636,19,0.4750,0.5000,6,7,4,0,0,7,4,0.4286
4,68.0000,22,46,492.4555,-83.3777,0.4721,16,0.4000,0.8750,8,6,4,0,0,6,4,0.3333
4,68.0000,22,47,706.5953,-87.1468,0.7382,6,0.1500,1.0000,8,8,8,0,0,8,8,0.0000
4,68.0000,23,0,691.1731,-85.6931,0.5055,3,0.0750,1.0000,8,8,8,0,0,8,8,0.0000
4,68.0000,23,3,327.7028,-80.7918,-0.1790,20,0.5000,0.5000,6,6,2,0,0,6,2,0.6667
4,68.0000,23,7,591.6219,-84.4416,0.3487,14,0.3500,0.8830,94,7,6,2,2,9,8,0.1111
4,68.0000,23,14,529.8967,-82.8307,-0.3308,12,0.3000,0.8571,7,8,7,141,137,149,144,0.0336
4,68.0000,23,22,464.9428,-83.6321,0.5286,15,0.3750,1.0000,8,6,3,0,0,6,3,0.5000
4,68.0000,23,24,574.7155,-83.8297,-0.3960,10,0.2500,0.9000,50,8,8,0,0,8,8,0.0000
4,68.0000,23,37,902.1550,-87.3252,1.5291,3,0.0750,1.0000,6,5,4,0,0,5,4,0.2000
4,68.0000,23,38,617.4214,-85.3678,-0.1328,10,0.2500,0.8571,7,7,6,0,0,7,6,0.1429
4,68.0000,23,41,379.5645,-81.8081,-0.1166,24,0.6000,0.5000,6,5,1,0,0,5,1,0.8000
4,68.0000,23,42,632.6073,-85.0847,0.0535,5,0.1250,1.0000,8,8,8,0,0,8,8,0.0000
4,68.0000,23,43,526.6903,-82.5701,0.0191,8,0.2000,1.0000,16,8,6,0,0,8,6,0.2500
4,68.0000,23,46,394.4639,-81.4052,-0.8296,17,0.4250,0.6000,5,8,8,0,0,8,8,0.0000
4,68.0000,24,0,353.8401,-80.7118,-0.0733,29,0.7250,0.5000,6,7,5,0,0,7,5,0.2857
4,68.0000,24,3,447.3253,-82.5180,-0.6950,27,0.6750,0.2500,4,7,6,0,0,7,6,0.1429
4,68.0000,24,4,803.7781,-87.3385,-0.1702,5,0.1250,1.0000,8,8,8,0,0,8,8,0.0000
4,68.0000,24,6,634.0205,-86.0280,0.5007,14,0.3500,1.0000,8,7,6,0,0,7,6,0.1429
4,68.0000,24,7,629.8598,-84.9416,-0.6650,17,0.4250,0.8750,8,6,6,0,0,6,6,0.0000
4,68.0000,24,10,359.1619,-82.7328,0.3616,15,0.3750,0.8750,8,6,3,0,0,6,3,0.5000
4,68.0000,24,14,395.5091,-80.7963,0.0149,27,0.6750,0.7143,7,6,2,0,0,6,2,0.6667
4,68.0000,24,15,477.4104,-83.4064,0.1274,19,0.4750,0.7500,8,8,8,0,0,8,8,0.0000
4,68.0000,24,16,596.2097,-85.8169,0.9602,8,0.2000,1.0000,8,5,2,0,0,5,2,0.6000
4,68.0000,24,18,1029.0797,-87.9696,-0.7160,3,0.0750,1.0000,8,4,4,0,0,4,4,0.0000
4,68.0000,24,19,777.6054,-87.6713,1.2931,3,0.0750,1.0000,8,8,8,0,0,8,8,0.0000
4,68.0000,24,20,907.6664,-87.0561,0.4949,3,0.0750,1.0000,8,6,5,0,0,6,5,0.1667
4,68.0000,24,22,459.9468,-82.5481,0.1720,25,0.6250,0.5000,6,8,8,0,0,8,8,0.0000
4,68.0000,24,23,574.7155,-83.6532,-0.4749,19,0.4750,0.7500,8,8,8,0,0,8,8,0.0000
4,68.0000,24,26,650.8950,-86.1726,-0.6842,6,0.1500,1.0000,4,8,7,0,0,8,7,0.1250
4,68.0000,24,28,884.7270,-87.2102,-1.6662,4,0.1000,1.0000,8,8,8,0,0,8,8,0.0000
4,68.0000,24,29,570.7508,-86.6588,0.6687,7,0.1750,0.8571,7,7,6,0,0,7,6,0.1429
4,68.0000,24,30,567.1482,-83.9383,0.1477,12,0.3000,1.0000,8,8,8,0,0,8,8,0.0000
4,68.0000,24,31,750.2822,-86.1430,1.0901,6,0.1500,1.0000,8,8,8,0,0,8,8,0.0000
4,68.0000,24,33,625.6595,-86.9983,-1.1143,9,0.2250,0.8571,7,8,8,0,0,8,8,0.0000
4,68.0000,24,37,746.6168,-86.9514,0.1143,15,0.3750,0.8571,7,8,8,0,0,8,8,0.0000
4,68.0000,24,38,356.6083,-80.9410,-1.0508,30,0.7500,0.4000,5,8,6,0,0,8,6,0.2500
4,68.0000,24,41,646.2443,-84.5480,-0.5220,21,0.5250,0.8750,8,7,6,0,0,7,6,0.1429
4,68.0000,24,42,251.7012,-77.9235,0.6528,31,0.7750,0.6250,8,6,2,0,0,6,2,0.6667
4,68.0000,24,43,295.0228,-78.9355,0.2259,27,0.6750,0.6154,13,5,2,0,0,5,2,0.6000
4,68.0000,24,44,661.3896,-85.9143,0.2401,6,0.1500,0.8750,8,8,8,0,0,8,8,0.0000
4,68.0000,24,46,303.0153,-79.4053,-0.5087,33,0.8250,0.4000,5,5,2,0,0,5,2,0.6000
4,68.0000,24,47,515.7158,-84.3597,0.0127,14,0.3500,0.8750,8,6,3,0,0,6,3,0.5000
4,68.0000,25,1,493.7681,-81.6996,-0.4131,14,0.3500,0.8571,7,8,7,0,0,8,7,0.1250
4,68.0000,25,2,506.8443,-82.8494,-0.4979,10,0.2500,0.8571,7,8,8,0,0,8,8,0.0000
4,68.0000,25,5,505.5972,-82.7019,-1.1305,11,0.2750,1.0000,8,8,8,0,0,8,8,0.0000
4,68.0000,25,8,691.6627,-85.4314,0.4079,5,0.1250,0.8571,7,8,8,0,0,8,8,0.0000
4,68.0000,25,9,546.7313,-82.5469,-0.7335,7,0.1750,1.0000,10,6,6,0,0,6,6,0.0000
4,68.0000,25,11,729.0563,-85.1669,-0.0911,3,0.0750,1.0000,8,7,6,0,0,7,6,0.1429
4,68.0000,25,13,634.0800,-85.3076,-1.0340,8,0.2000,1.0000,8,7,6,0,0,7,6,0.1429
4,68.0000,25,18,685.8224,-86.1828,0.5530,3,0.0750,1.0000,8,8,8,0,0,8,8,0.0000
4,68.0000,25,20,782.6823,-87.4946,0.9493,4,0.1000,0.8571,7,10,10,0,0,10,10,0.0000
4,68.0000,25,21,394.1648,-81.5040,-0.1452,30,0.7500,0.5714,7,5,1,0,0,5,1,0.8000
4,68.0000,25,27,491.7962,-84.0329,0.1554,17,0.4250,1.0000,8,8,8,0,0,8,8,0.0000
4,68.0000,25,32,396.1377,-81.4750,-0.2784,18,0.4500,0.5000,4,6,3,0,0,6,3,0.5000
4,68.0000,25,34,484.4832,-81.4063,-0.7189,19,0.4750,0.6667,6,7,6,0,0,7,6,0.1429
4,68.0000,25,35,218.3041,-76.0643,0.1946,40,1.0000,0.0000,3,4,0,0,0,4,0,1.0000
4,68.0000,25,36,391.0112,-80.7096,-0.3537,18,0.4500,0.7143,7,7,6,0,0,7,6,0.1429
4,68.0000,25,39,451.7844,-81.7069,-0.4371,13,0.3250,0.8571,7,8,8,0,0,8,8,0.0000
4,68.0000,25,40,499.2643,-83.9139,0.4701,17,0.4250,0.8750,8,6,4,0,0,6,4,0.3333
4,68.0000,25,45,381.0819,-81.1681,-0.2152,19,0.4750,0.4000,5,6,3,0,0,6,3,0.5000
4,68.0000,26,10,477.1387,-80.8850,-1.3112,10,0.2500,0.7143,7,8,8,0,0,8,8,0.0000
4,68.0000,26,11,666.9863,-85.1170,0.2545,3,0.0750,1.0000,20,8,8,1,0,9,8,0.1111
4,68.0000,26,14,452.5692,-82.6930,-0.5542,12,0.3000,0.7500,8,8,7,0,0,8,7,0.1250
4,68.0000,26,17,571.4743,-82.9193,-0.6708,10,0.2500,1.0000,8,8,8,0,0,8,8,0.0000
4,68.0000,26,23,844.5871,-87.0244,-1.4188,3,0.0750,1.0000,6,8,7,0,0,8,7,0.1250
4,68.0000,26,24,650.8950,-84.0539,-0.5431,4,0.1000,1.0000,8,8,8,0,0,8,8,0.0000
4,68.0000,26,30,203.9515,-75.0354,0.2034,32,0.8000,0.0000,4,6,3,0,0,6,3,0.5000
4,68.0000,26,31,479.0942,-81.8545,0.6400,8,0.2000,0.7143,7,8,8,0,0,8,8,0.0000
4,68.0000,26,44,455.7548,-80.5397,-0.7504,10,0.2500,0.8571,7,8,8,0,0,8,8,0.0000
4,68.0000,26,46,675.8319,-85.2875,-1.9423,3,0.0750,1.0000,8,8,7,0,0,8,7,0.1250
4,68.0000,27,1,512.3205,-84.0955,-1.2276,6,0.1500,0.8750,8,6,4,0,0,6,4,0.3333
4,68.0000,27,13,498.2838,-84.8423,0.6054,8,0.2000,1.0000,8,8,8,0,0,8,8,0.0000
4,68.0000,27,21,409.8594,-81.9358,0.4614,17,0.4250,0.6667,6,7,6,0,0,7,6,0.1429
4,68.0000,27,25,491.7962,-84.1250,0.3887,8,0.2000,0.4000,5,7,5,0,0,7,5,0.2857
4,68.0000,27,32,696.6417,-85.4433,1.4744,3,0.0750,1.0000,8,7,6,0,0,7,6,0.1429
4,68.0000,27,35,665.7974,-86.4006,-0.5274,5,0.1250,1.0000,8,8,8,0,0,8,8,0.0000
4,68.0000,27,36,541.7812,-84.2559,0.7584,6,0.1500,1.0000,8,7,6,0,0,7,6,0.1429
4,68.0000,27,39,752.8145,-86.0443,0.3838,3,0.0750,1.0000,8,7,6,0,0,7,6,0.1429
4,68.0000,27,40,97.5815,-68.2596,0.1074,36,0.9000,0.0000,4,5,1,0,0,5,1,0.8000
4,68.0000,28,0,1082.6484,-89.2053,-0.0556,3,0.0750,1.0000,6,2,2,0,0,2,2,0.0000
4,68.0000,28,1,484.9903,-84.5300,-0.0990,9,0.2250,0.8571,7,6,4,0,0,6,4,0.3333
4,68.0000,28,2,431.7978,-84.5132,-0.8413,12,0.3000,0.5000,6,5,4,0,0,5,4,0.2000
4,68.0000,28,4,479.9906,-83.2890,-0.5031,12,0.3000,1.0000,8,9,7,0,0,9,7,0.2222
4,68.0000,28,5,292.4572,-80.6968,0.7894,15,0.3750,0.5000,4,5,1,0,0,5,1,0.8000
4,68.0000,28,8,331.3524,-80.3980,0.5229,18,0.4500,0.5714,7,6,3,0,0,6,3,0.5000
4,68.0000,28,9,441.8072,-81.8443,-0.5819,14,0.3500,0.8750,8,7,6,0,0,7,6,0.1429
4,68.0000,28,10,532.3087,-84.2671,-0.6680,15,0.3750,0.5000,6,8,8,0,0,8,8,0.0000
4,68.0000,28,11,398.8158,-82.0547,0.8506,18,0.4500,0.8571,7,8,8,0,0,8,8,0.0000
4,68.0000,28,12,34.9676,-60.1105,5.8639,33,0.8250,0.0000,4,4,0,0,0,4,0,1.0000
4,68.0000,28,13,690.1236,-87.0217,-0.2703,8,0.2000,0.8750,8,6,5,0,0,6,5,0.1667
4,68.0000,28,16,618.1021,-84.3352,-1.5750,14,0.3500,0.8571,7,8,8,0,0,8,8,0.0000
4,68.0000,28,17,381.5237,-81.4311,1.2075,16,0.4000,0.6667,6,5,2,0,0,5,2,0.6000
4,68.0000,28,18,281.3312,-77.5104,-0.4489,29,0.7250,0.2000,5,5,2,0,0,5,2,0.6000
4,68.0000,28,19,310.0348,-77.8665,-1.9270,28,0.7000,0.4000,5,8,7,0,0,8,7,0.1250
4,68.0000,28,20,58.2947,-65.2364,1.4905,35,0.8750,0.0000,4,4,0,0,0,4,0,1.0000
4,68.0000,28,24,884.7270,-88.5303,0.0911,5,0.1250,1.0000,6,8,8,0,0,8,8,0.0000
4,68.0000,28,25,792.9502,-87.1408,0.5898,5,0.1250,1.0000,4,8,8,0,0,8,8,0.0000
4,68.0000,28,26,667.8442,-85.2300,-1.0515,13,0.3250,0.8571,7,5,4,0,0,5,4,0.2000
4,68.0000,28,29,416.8481,-80.6360,-0.8673,22,0.5500,0.8571,7,7,5,0,0,7,5,0.2857
4,68.0000,28,30,541.2050,-84.8137,-0.0747,15,0.3750,1.0000,8,6,4,0,0,6,4,0.3333
4,68.0000,28,31,193.8976,-75.7185,0.2004,31,0.7750,0.4000,5,4,0,0,0,4,0,1.0000
4,68.0000,28,32,490.8584,-82.9818,-0.9112,13,0.3250,1.0000,8,8,8,0,0,8,8,0.0000
4,68.0000,28,33,560.5945,-84.4099,-0.8997,13,0.3250,1.0000,8,8,8,0,0,8,8,0.0000
4,68.0000,28,34,637.5447,-85.7132,0.7158,7,0.1750,0.5000,6,7,6,0,0,7,6,0.1429
4,68.0000,28,35,949.0388,-88.7761,-0.3621,3,0.0750,1.0000,2,8,8,0,0,8,8,0.0000
4,68.0000,28,36,504.2214,-84.6138,0.3999,11,0.2750,0.8571,7,5,2,0,0,5,2,0.6000
4,68.0000,28,39,394.5400,-80.7134,-0.5764,16,0.4000,0.6667,6,8,6,0,0,8,6,0.2500
4,68.0000,28,40,915.9732,-86.5037,1.7410,3,0.0750,,0,6,6,0,0,6,6,0.0000
4,68.0000,28,43,912.3705,-86.2136,-0.9955,5,0.1250,1.0000,4,6,6,0,0,6,6,0.0000
4,68.0000,28,44,249.2783,-78.4267,-0.1851,22,0.5500,0.4000,5,6,3,0,0,6,3,0.5000
4,68.0000,28,45,759.8835,-86.3745,-1.5636,4,0.1000,0.8333,6,6,6,0,0,6,6,0.0000
4,68.0000,28,47,800.5089,-86.3900,-0.8353,8,0.2000,1.0000,8,8,8,0,0,8,8,0.0000
4,68.0000,29,0,744.2495,-86.6031,-0.5621,4,0.1000,0.8000,5,8,8,0,0,8,8,0.0000
4,68.0000,29,4,459.8506,-81.8836,-0.7887,13,0.3250,0.8571,7,7,6,0,0,7,6,0.1429
4,68.0000,29,8,668.2014,-86.6805,-0.6690,3,0.0750,0.8750,8,8,8,0,0,8,8,0.0000
4,68.0000,29,10,263.4520,-78.2808,-0.3028,17,0.4250,0.4000,5,4,0,0,0,4,0,1.0000
4,68.0000,29,11,724.4478,-85.8528,-2.7073,4,0.1000,1.0000,2,6,6,0,0,6,6,0.0000
4,68.0000,29,12,392.8256,-80.6771,-0.0065,12,0.3000,1.0000,8,6,4,56,52,62,56,0.0968
4,68.0000,29,14,764.5796,-86.3672,-2.5580,3,0.0750,0.8333,6,8,8,0,0,8,8,0.0000
4,68.0000,29,15,624.3081,-84.8136,-0.3395,7,0.1750,1.0000,6,7,6,0,0,7,6,0.1429
4,68.0000,29,16,317.9185,-78.5884,0.0135,23,0.5750,0.3333,6,9,6,0,0,9,6,0.3333
4,68.0000,29,17,717.0767,-87.4697,-1.1692,4,0.1000,1.0000,8,8,8,0,0,8,8,0.0000
4,68.0000,29,18,473.5731,-80.3560,-0.3991,11,0.2750,1.0000,8,7,6,0,0,7,6,0.1429
4,68.0000,29,19,257.9941,-75.8319,-0.6040,26,0.6500,0.7143,7,8,6,0,0,8,6,0.2500
4,68.0000,29,20,464.1635,-82.2390,-0.3430,9,0.2250,0.6667,6,8,7,0,0,8,7,0.1250
4,68.0000,29,22,966.0692,-88.2938,-1.9967,4,0.1000,1.0000,4,4,4,0,0,4,4,0.0000
4,68.0000,29,24,570.7508,-85.0113,0.4171,7,0.1750,0.8750,8,7,6,0,0,7,6,0.1429
4,68.0000,29,26,660.7231,-85.1973,-0.7710,8,0.2000,0.9531,64,7,6,88,87,95,93,0.0211
4,68.0000,29,28,416.8481,-80.4937,-0.8873,11,0.2750,0.7143,7,8,7,0,0,8,7,0.1250
4,68.0000,29,30,536.8022,-83.9530,-0.8990,7,0.1750,0.8000,10,8,8,0,0,8,8,0.0000
4,68.0000,29,31,391.7187,-81.4742,-0.4975,14,0.3500,0.8409,88,8,8,0,0,8,8,0.0000
4,68.0000,29,33,383.0913,-79.6901,-0.4787,11,0.2750,0.5714,7,6,4,0,0,6,4,0.3333
4,68.0000,29,42,559.4152,-85.3798,-0.6267,5,0.1250,0.8571,7,8,7,0,0,8,7,0.1250
4,68.0000,29,44,302.6337,-78.5352,-0.1802,21,0.5250,0.8750,8,8,8,0,0,8,8,0.0000
4,68.0000,29,46,831.3418,-87.1370,-0.2015,4,0.1000,1.0000,6,8,8,0,0,8,8,0.0000
4,68.0000,29,47,460.6818,-82.0623,-0.5055,12,0.3000,0.7143,7,7,6,2,2,9,8,0.1111
4,68.0000,30,0,868.7276,-86.5513,-1.1527,4,0.1000,1.0000,6,6,6,0,0,6,6,0.0000
4,68.0000,30,1,860.3008,-87.5440,-0.0811,4,0.1000,1.0000,8,8,8,0,0,8,8,0.0000
4,68.0000,30,2,905.4095,-87.3399,-1.1998,3,0.0750,,0,6,6,0,0,6,6,0.0000
4,68.0000,30,3,883.1481,-87.9990,-0.4337,6,0.1500,0.8571,7,8,7,0,0,8,7,0.1250
4,68.0000,30,4,738.5563,-86.8252,-0.2626,8,0.2000,0.8571,7,6,6,0,0,6,6,0.0000
4,68.0000,30,5,810.0778,-86.2043,0.0633,3,0.0750,1.0000,8,6,6,0,0,6,6,0.0000
4,68.0000,30,8,774.3111,-87.7133,1.7152,3,0.0750,1.0000,4,8,8,0,0,8,8,0.0000
4,68.0000,30,9,954.6449,-88.7198,-0.9491,4,0.1000,0.6667,3,4,4,0,0,4,4,0.0000
4,68.0000,30,10,350.1105,-78.7386,-0.1748,19,0.4750,0.5714,7,8,8,0,0,8,8,0.0000
4,68.0000,30,11,648.3332,-85.4334,0.1401,8,0.2000,1.0000,8,8,8,0,0,8,8,0.0000
4,68.0000,30,12,520.1885,-85.2596,0.5520,8,0.2000,1.0000,8,8,8,0,0,8,8,0.0000
4,68.0000,30,14,500.4602,-83.8850,0.3095,13,0.3250,0.8571,7,8,8,0,0,8,8,0.0000
4,68.0000,30,16,744.0758,-85.9211,-0.9842,6,0.1500,1.0000,8,8,8,0,0,8,8,0.0000
4,68.0000,30,17,488.7327,-83.6855,0.1536,11,0.2750,0.8571,7,8,8,0,0,8,8,0.0000
4,68.0000,30,18,795.8757,-87.5436,0.4827,8,0.2000,1.0000,8,8,8,0,0,8,8,0.0000
4,68.0000,30,19,659.3597,-86.5042,0.8693,7,0.1750,1.0000,8,7,6,0,0,7,6,0.1429
4,68.0000,30,20,535.3673,-85.3149,0.1756,7,0.1750,1.0000,8,8,8,0,0,8,8,0.0000
4,68.0000,30,22,928.7727,-87.5376,0.4320,6,0.1500,1.0000,8,2,2,0,0,2,2,0.0000
4,68.0000,30,23,811.8518,-86.4837,-0.4339,9,0.2250,0.6667,6,8,8,0,0,8,8,0.0000
4,68.0000,30,24,567.1482,-84.4014,-0.2490,11,0.2750,0.7143,7,8,7,0,0,8,7,0.1250
4,68.0000,30,26,203.9515,-74.3505,-0.0600,36,0.9000,0.2000,5,5,1,0,0,5,1,0.8000
4,68.0000,30,28,541.2050,-83.4673,0.0176,8,0.2000,1.0000,8,8,7,0,0,8,7,0.1250
4,68.0000,30,29,536.8022,-84.8867,0.2317,9,0.2250,1.0000,8,8,8,0,0,8,8,0.0000
4,68.0000,30,31,348.2037,-81.5304,0.2881,13,0.3250,0.8571,7,5,2,0,0,5,2,0.6000
4,68.0000,30,32,1013.0661,-87.1387,0.0147,3,0.0750,1.0000,6,8,8,0,0,8,8,0.0000
4,68.0000,30,33,683.0162,-85.4754,-0.4215,8,0.2000,1.0000,8,8,8,0,0,8,8,0.0000
4,68.0000,30,36,941.8375,-88.3590,0.6625,3,0.0750,1.0000,2,8,8,0,0,8,8,0.0000
4,68.0000,30,38,910.9511,-87.2567,0.1498,5,0.1250,1.0000,6,6,6,0,0,6,6,0.0000
4,68.0000,30,39,930.0343,-87.2143,0.2824,5,0.1250,1.0000,8,8,8,0,0,8,8,0.0000
4,68.0000,30,42,594.3944,-85.6777,0.0193,6,0.1500,1.0000,8,8,8,0,0,8,8,0.0000
4,68.0000,30,43,621.0256,-84.0737,-1.1193,9,0.2250,1.0000,8,8,8,0,0,8,8,0.0000
4,68.0000,30,44,323.2853,-81.1101,-0.1008,14,0.3500,0.8571,7,7,6,0,0,7,6,0.1429
4,68.0000,30,46,667.5477,-85.6164,0.8459,9,0.2250,1.0000,8,8,7,0,0,8,7,0.1250
4,68.0000,30,47,818.5749,-88.0756,-0.3702,6,0.1500,1.0000,8,8,8,0,0,8,8,0.0000
4,68.0000,31,0,989.0649,-88.2837,0.1785,5,0.1250,1.0000,6,2,2,0,0,2,2,0.0000
4,68.0000,31,1,579.9991,-85.0779,0.2653,10,0.2500,0.8750,8,6,4,0,0,6,4,0.3333
4,68.0000,31,2,587.9838,-85.4288,0.1546,10,0.2500,0.8889,9,8,7,0,0,8,7,0.1250
4,68.0000,31,4,538.7202,-84.8085,0.9452,10,0.2500,0.8750,8,7,6,0,0,7,6,0.1429
4,68.0000,31,5,468.6902,-83.9013,1.4111,10,0.2500,1.0000,8,8,6,0,0,8,6,0.2500
4,68.0000,31,8,471.0311,-83.0664,1.4417,12,0.3000,1.0000,8,6,4,0,0,6,4,0.3333
4,68.0000,31,9,622.5876,-85.8758,-0.3567,14,0.3500,0.8750,8,8,8,0,0,8,8,0.0000
4,68.0000,31,10,406.0455,-80.4234,-0.7686,19,0.4750,0.7143,7,7,5,0,0,7,5,0.2857
4,68.0000,31,11,416.7522,-81.1978,0.4990,24,0.6000,0.8250,40,7,5,53,47,60,52,0.1333
4,68.0000,31,12,176.6957,-75.8203,0.9235,33,0.8250,0.2000,5,5,1,0,0,5,1,0.8000
4,68.0000,31,13,737.8138,-87.2028,-0.2831,11,0.2750,1.0000,10,4,4,0,0,4,4,0.0000
4,68.0000,31,14,798.5437,-87.0696,-0.2673,6,0.1500,1.0000,8,4,4,0,0,4,4,0.0000
4,68.0000,31,15,951.2788,-87.7236,-1.0365,5,0.1250,,0,6,6,0,0,6,6,0.0000
4,68.0000,31,16,625.7217,-84.3941,-0.2459,10,0.2500,1.0000,8,8,8,0,0,8,8,0.0000
4,68.0000,31,17,326.5204,-80.3937,-0.5006,25,0.6250,0.7656,128,7,6,84,68,91,74,0.1868
4,68.0000,31,18,459.9160,-81.9460,0.0788,16,0.4000,0.8750,8,8,5,0,0,8,5,0.3750
4,68.0000,31,19,396.7439,-80.7364,-0.1828,18,0.4500,0.6667,6,7,4,0,0,7,4,0.4286
4,68.0000,31,20,192.9695,-76.1079,0.9858,30,0.7500,0.6667,6,5,2,0,0,5,2,0.6000
4,68.0000,31,21,1181.7780,-88.2794,0.1292,3,0.0750,1.0000,4,4,4,0,0,4,4,0.0000
4,68.0000,31,23,1117.7061,-89.0502,3.1545,3,0.0750,1.0000,4,8,8,0,0,8,8,0.0000
4,68.0000,31,24,750.2822,-86.1064,0.6011,10,0.2500,1.0000,8,6,6,0,0,6,6,0.0000
4,68.0000,31,26,479.0942,-81.2865,-0.9596,25,0.6250,0.8750,8,7,6,0,0,7,6,0.1429
4,68.0000,31,28,193.8976,-75.5579,0.2489,33,0.8250,0.2000,5,4,0,0,0,4,0,1.0000
4,68.0000,31,29,391.7187,-82.1563,0.3347,17,0.4250,0.6667,6,7,6,0,0,7,6,0.1429
4,68.0000,31,30,348.2037,-80.0254,0.6171,26,0.6500,0.4000,5,7,6,0,0,7,6,0.1429
4,68.0000,31,32,673.7869,-85.6458,0.2024,7,0.1750,1.0000,8,8,8,0,0,8,8,0.0000
4,68.0000,31,33,563.3485,-84.2894,-0.3441,13,0.3250,1.0000,8,6,3,0,0,6,3,0.5000
4,68.0000,31,34,830.6131,-87.2292,1.0855,3,0.0750,1.0000,4,7,6,0,0,7,6,0.1429
4,68.0000,31,36,633.9161,-86.3684,-0.3549,7,0.1750,0.7143,7,8,7,0,0,8,7,0.1250
4,68.0000,31,38,1073.4229,-88.6371,0.3662,3,0.0750,,0,4,4,0,0,4,4,0.0000
4,68.0000,31,39,584.1195,-84.6367,-0.9756,12,0.3000,1.0000,8,8,8,0,0,8,8,0.0000
4,68.0000,31,40,1015.8851,-88.7817,0.1129,5,0.1250,1.0000,4,2,2,0,0,2,2,0.0000
4,68.0000,31,42,719.1481,-86.8520,0.6063,6,0.1500,1.0000,8,4,4,0,0,4,4,0.0000
4,68.0000,31,43,789.5170,-87.6219,-0.6067,7,0.1750,1.0000,4,8,8,0,0,8,8,0.0000
4,68.0000,31,44,104.5421,-72.6669,1.6029,33,0.8250,0.3333,6,5,1,0,0,5,1,0.8000
4,68.0000,31,45,940.7990,-88.6664,-0.0679,5,0.1250,1.0000,4,4,4,0,0,4,4,0.0000
4,68.0000,31,47,776.7979,-87.7440,-0.5318,6,0.1500,1.0000,8,8,8,0,0,8,8,0.0000
4,68.0000,32,1,469.2096,-82.3042,-0.9217,14,0.3500,0.3333,6,8,6,0,0,8,6,0.2500
4,68.0000,32,2,180.7143,-72.9267,-0.5523,35,0.8750,0.2000,5,5,2,0,0,5,2,0.6000
4,68.0000,32,4,688.4457,-86.5831,-1.5432,5,0.1250,1.0000,4,8,7,0,0,8,7,0.1250
4,68.0000,32,5,225.1044,-72.5584,-2.2978,31,0.7750,0.3333,6,7,6,0,0,7,6,0.1429
4,68.0000,32,8,318.7549,-78.3336,-0.1391,23,0.5750,0.5000,6,7,5,0,0,7,5,0.2857
4,68.0000,32,9,152.3824,-73.1045,-0.0877,29,0.7250,0.3333,6,5,1,0,0,5,1,0.8000
4,68.0000,32,11,622.4774,-84.2264,-0.7921,6,0.1500,1.0000,8,8,7,0,0,8,7,0.1250
4,68.0000,32,12,514.2006,-84.0640,-0.8833,8,0.2000,0.7143,7,8,8,0,0,8,8,0.0000
4,68.0000,32,13,709.7620,-86.0385,-0.0735,7,0.1750,1.0000,2,6,6,0,0,6,6,0.0000
4,68.0000,32,16,928.6754,-88.8779,-0.6346,3,0.0750,1.0000,8,6,6,0,0,6,6,0.0000
4,68.0000,32,17,666.7500,-85.1720,0.3119,7,0.1750,0.8750,8,8,7,0,0,8,7,0.1250
4,68.0000,32,18,389.7365,-82.0509,0.0056,13,0.3250,0.6667,6,6,3,0,0,6,3,0.5000
4,68.0000,32,19,611.2462,-85.7710,-0.1003,7,0.1750,1.0000,8,8,8,0,0,8,8,0.0000
4,68.0000,32,20,480.9786,-82.9912,-1.2443,9,0.2250,0.6667,6,8,7,0,0,8,7,0.1250
4,68.0000,32,21,613.1081,-84.4762,-0.1668,13,0.3250,1.0000,8,6,4,0,0,6,4,0.3333
4,68.0000,32,25,396.1377,-81.0382,-0.4225,21,0.5250,0.7143,7,7,5,0,0,7,5,0.2857
4,68.0000,32,27,696.6417,-85.3349,0.0523,9,0.2250,1.0000,8,8,8,0,0,8,8,0.0000
4,68.0000,32,28,490.8584,-83.0742,0.2235,6,0.1500,1.0000,8,8,8,0,0,8,8,0.0000
4,68.0000,32,29,831.6122,-88.0997,0.2089,4,0.1000,0.8571,7,4,4,0,0,4,4,0.0000
4,68.0000,32,30,1013.0661,-88.2196,-1.5378,4,0.1000,0.8000,5,3,3,0,0,3,3,0.0000
4,68.0000,32,31,673.7869,-85.6938,0.9722,4,0.1000,1.0000,8,8,8,0,0,8,8,0.0000
4,68.0000,32,34,258.7792,-79.3622,1.3347,26,0.6500,0.2000,5,6,3,0,0,6,3,0.5000
4,68.0000,32,35,541.0037,-84.2360,0.2613,9,0.2250,0.7500,8,6,4,0,0,6,4,0.3333
4,68.0000,32,36,401.7451,-81.0626,0.3164,13,0.3250,1.0000,8,7,6,0,0,7,6,0.1429
4,68.0000,32,39,122.9732,-71.2867,-0.0374,32,0.8000,0.2000,5,5,1,0,0,5,1,0.8000
4,68.0000,32,40,658.7992,-85.6348,1.0788,8,0.2000,0.8750,8,8,8,0,0,8,8,0.0000
4,68.0000,32,44,739.8166,-85.8339,-0.4413,4,0.1000,1.0000,8,8,8,0,0,8,8,0.0000
4,68.0000,32,45,273.5957,-78.9718,0.8542,27,0.6750,0.5000,6,4,0,0,0,4,0,1.0000
4,68.0000,33,0,639.9115,-85.2455,0.6273,16,0.4000,1.0000,8,8,8,0,0,8,8,0.0000
4,68.0000,33,2,813.7989,-87.3887,-0.8169,3,0.0750,1.0000,8,4,4,0,0,4,4,0.0000
4,68.0000,33,4,199.4605,-75.7742,0.2558,34,0.8500,0.0000,4,6,3,0,0,6,3,0.5000
4,68.0000,33,5,769.0132,-86.8569,-1.0969,6,0.1500,1.0000,4,6,6,0,0,6,6,0.0000
4,68.0000,33,8,625.6207,-86.1727,0.8232,12,0.3000,0.8750,8,7,6,0,0,7,6,0.1429
4,68.0000,33,9,727.3151,-85.5419,1.0720,8,0.2000,0.6667,6,9,9,0,0,9,9,0.0000
4,68.0000,33,10,452.6828,-82.2361,0.5359,15,0.3750,1.0000,8,7,6,0,0,7,6,0.1429
4,68.0000,33,12,529.2504,-86.4669,-0.2077,10,0.2500,1.0000,8,8,8,8,7,16,15,0.0625
4,68.0000,33,14,926.5408,-88.5882,-0.1216,6,0.1500,1.0000,8,4,4,0,0,4,4,0.0000
4,68.0000,33,15,538.9548,-85.3933,-0.1570,14,0.3500,1.0000,6,7,6,0,0,7,6,0.1429
4,68.0000,33,16,193.6761,-75.4430,-0.0705,32,0.8000,0.2000,5,5,2,0,0,5,2,0.6000
4,68.0000,33,17,822.3983,-87.0683,1.4053,5,0.1250,1.0000,8,6,6,0,0,6,6,0.0000
4,68.0000,33,18,606.6689,-84.8512,0.5134,8,0.2000,1.0000,8,8,8,0,0,8,8,0.0000
4,68.0000,33,19,332.4209,-79.9032,-0.3732,16,0.4000,0.8571,7,7,6,0,0,7,6,0.1429
4,68.0000,33,20,584.5781,-85.0639,-0.1039,10,0.2500,0.6667,6,7,6,0,0,7,6,0.1429
4,68.0000,33,22,852.7685,-86.9970,-0.3812,8,0.2000,1.0000,6,6,6,0,0,6,6,0.0000
4,68.0000,33,24,625.6595,-86.2038,-0.8445,10,0.2500,1.0000,8,8,8,0,0,8,8,0.0000
4,68.0000,33,26,868.1667,-87.8433,-0.6170,7,0.1750,1.0000,4,2,2,0,0,2,2,0.0000
4,68.0000,33,28,560.5945,-84.5345,-0.3095,9,0.2250,0.8571,7,8,8,0,0,8,8,0.0000
4,68.0000,33,29,383.0913,-81.2348,0.3005,18,0.4500,0.7143,7,8,8,0,0,8,8,0.0000
4,68.0000,33,30,683.0162,-85.7079,-0.5697,11,0.2750,1.0000,10,6,6,0,0,6,6,0.0000
4,68.0000,33,31,563.3485,-85.8259,0.2765,10,0.2500,0.8571,7,8,8,0,0,8,8,0.0000
4,68.0000,33,34,883.8429,-86.9188,-0.3565,3,0.0750,1.0000,4,8,8,0,0,8,8,0.0000
4,68.0000,33,36,1039.4053,-87.9319,0.1600,4,0.1000,1.0000,2,8,8,0,0,8,8,0.0000
4,68.0000,33,38,784.5074,-85.3899,-0.8577,12,0.3000,1.0000,6,6,6,0,0,6,6,0.0000
4,68.0000,33,39,788.3811,-86.0798,-0.8895,7,0.1750,1.0000,8,8,8,0,0,8,8,0.0000
4,68.0000,33,42,455.3835,-82.6082,0.1334,17,0.4250,1.0000,8,6,4,0,0,6,4,0.3333
4,68.0000,33,43,556.6317,-84.0118,-0.7557,14,0.3500,1.0000,8,8,8,0,0,8,8,0.0000
4,68.0000,33,44,516.7724,-83.8837,-0.2699,14,0.3500,0.8571,7,8,8,0,0,8,8,0.0000
4,68.0000,33,45,1058.7063,-89.1972,0.0329,3,0.0750,,0,4,4,0,0,4,4,0.0000
4,68.0000,33,46,917.3857,-88.6221,-0.2015,6,0.1500,1.0000,4,8,8,0,0,8,8,0.0000
4,68.0000,33,47,315.8809,-78.7638,-0.7525,28,0.7000,0.3333,6,7,4,0,0,7,4,0.4286
4,68.0000,34,1,685.7061,-86.7678,-0.8185,6,0.1463,1.0000,8,8,7,0,0,8,7,0.1250
4,68.0000,34,2,421.0234,-81.0998,-0.4400,14,0.3415,1.0000,8,7,6,0,0,7,6,0.1429
4,68.0000,34,4,714.3579,-86.5462,0.7461,3,0.0732,1.0000,8,8,7,0,0,8,7,0.1250
4,68.0000,34,5,426.1521,-81.9953,0.3252,12,0.2927,0.4000,5,8,8,0,0,8,8,0.0000
4,68.0000,34,8,491.8106,-82.5667,0.1212,9,0.2195,1.0000,8,8,8,0,0,8,8,0.0000
4,68.0000,34,9,271.1090,-79.7087,0.3723,18,0.4390,0.7500,8,4,0,0,0,4,0,1.0000
4,68.0000,34,11,824.8420,-88.1937,-0.6310,4,0.0976,1.0000,4,6,6,0,0,6,6,0.0000
4,68.0000,34,12,655.3790,-86.3467,0.6469,7,0.1707,1.0000,8,8,8,0,0,8,8,0.0000
4,68.0000,34,16,918.4050,-85.7790,-0.4716,3,0.0732,0.8333,6,8,8,0,0,8,8,0.0000
4,68.0000,34,17,895.2126,-87.7028,0.1473,4,0.0976,1.0000,8,6,6,0,0,6,6,0.0000
4,68.0000,34,18,426.3036,-83.4373,1.6910,7,0.1707,0.8750,8,6,3,0,0,6,3,0.5000
4,68.0000,34,19,640.0866,-86.1545,1.3643,6,0.1463,1.0000,8,8,6,0,0,8,6,0.2500
4,68.0000,34,20,647.5575,-85.3776,-0.3500,6,0.1463,0.7143,7,8,8,0,0,8,8,0.0000
4,68.0000,34,21,731.4884,-86.6080,0.4743,9,0.2195,1.0000,8,6,6,0,0,6,6,0.0000
4,68.0000,34,25,484.4832,-82.3949,-0.7740,15,0.3659,0.8571,7,7,6,0,0,7,6,0.1429
4,68.0000,34,28,637.5447,-85.9562,-0.0364,3,0.0732,0.8571,7,7,6,0,0,7,6,0.1429
4,68.0000,34,29,876.4067,-88.1145,0.2292,4,0.0976,1.0000,6,6,6,0,0,6,6,0.0000
4,68.0000,34,32,258.7792,-79.1477,2.0589,17,0.4146,0.7500,8,5,1,0,0,5,1,0.8000
4,68.0000,34,35,525.8736,-83.2795,0.2578,16,0.3902,0.7143,7,8,7,0,0,8,7,0.1250
4,68.0000,34,36,583.9887,-85.3217,-0.4916,7,0.1707,1.0000,8,8,7,0,0,8,7,0.1250
4,68.0000,34,39,281.4657,-79.2276,0.5816,20,0.4878,0.7143,7,6,4,0,0,6,4,0.3333
4,68.0000,34,40,869.8772,-86.3707,0.5719,5,0.1220,1.0000,6,8,8,0,0,8,8,0.0000
4,68.0000,34,45,286.7171,-76.4618,-0.6694,34,0.8293,0.0000,4,7,5,0,0,7,5,0.2857
4,68.0000,35,1,683.3209,-85.3116,4.6575,4,0.1000,0.8571,7,8,8,0,0,8,8,0.0000
4,68.0000,35,2,685.7844,-85.3035,0.0658,6,0.1500,1.0000,6,10,10,0,0,10,10,0.0000
4,68.0000,35,5,670.3598,-85.7607,-0.9879,5,0.1250,1.0000,6,9,8,0,0,9,8,0.1111
4,68.0000,35,8,856.9984,-88.0363,-0.3375,3,0.0750,1.0000,8,8,8,0,0,8,8,0.0000
4,68.0000,35,9,677.5673,-86.1952,-0.4359,4,0.1000,1.0000,8,8,8,0,0,8,8,0.0000
4,68.0000,35,13,806.7120,-86.7651,-0.7890,5,0.1250,1.0000,8,8,8,0,0,8,8,0.0000
4,68.0000,35,18,789.1194,-87.3131,1.3407,4,0.1000,1.0000,8,8,8,0,0,8,8,0.0000
4,68.0000,35,21,498.9922,-82.6477,-0.1812,26,0.6500,0.8750,8,8,8,0,0,8,8,0.0000
4,68.0000,35,25,218.3041,-75.1531,-0.1677,28,0.7000,0.2000,5,5,1,0,0,5,1,0.8000
4,68.0000,35,27,665.7974,-86.1752,-0.2917,8,0.2000,1.0000,8,8,8,0,0,8,8,0.0000
4,68.0000,35,32,541.0037,-84.5097,-0.0808,6,0.1500,1.0000,8,8,8,0,0,8,8,0.0000
4,68.0000,35,34,525.8736,-83.7436,-0.5129,10,0.2500,0.8571,7,7,6,0,0,7,6,0.1429
4,68.0000,35,36,561.2364,-84.8629,0.2930,6,0.1500,0.8571,7,8,8,0,0,8,8,0.0000
4,68.0000,35,39,587.8063,-85.5012,0.3788,6,0.1500,0.8750,8,7,5,0,0,7,5,0.2857
4,68.0000,35,40,684.8837,-85.6583,-0.6324,6,0.1500,0.8571,7,8,8,0,0,8,8,0.0000
4,68.0000,35,45,463.8485,-83.0295,0.8016,10,0.2500,0.6667,6,10,8,0,0,10,8,0.2000
4,68.0000,36,1,144.2406,-70.4052,-0.1368,34,0.8500,0.5000,6,6,3,0,0,6,3,0.5000
4,68.0000,36,2,432.1351,-84.0532,1.1323,13,0.3250,0.6667,6,6,4,0,0,6,4,0.3333
4,68.0000,36,5,297.6804,-79.5849,0.8816,18,0.4500,1.0000,8,6,3,0,0,6,3,0.5000
4,68.0000,36,8,555.7428,-85.4508,0.3059,9,0.2250,0.8571,7,8,8,0,0,8,8,0.0000
4,68.0000,36,9,513.9153,-83.4805,1.5475,6,0.1500,0.8571,7,8,8,0,0,8,8,0.0000
4,68.0000,36,11,344.2799,-80.9490,0.2236,17,0.4250,0.7000,10,8,8,0,0,8,8,0.0000
4,68.0000,36,12,539.1065,-84.5275,-1.1346,9,0.2250,1.0000,8,8,8,0,0,8,8,0.0000
4,68.0000,36,13,340.0815,-80.5817,0.6267,26,0.6500,0.7500,8,7,6,0,0,7,6,0.1429
4,68.0000,36,17,570.4240,-85.4106,-0.0300,6,0.1500,1.0000,8,6,3,0,0,6,3,0.5000
4,68.0000,36,18,494.8985,-84.8642,1.8512,7,0.1750,0.6667,6,7,5,0,0,7,5,0.2857
4,68.0000,36,19,740.3885,-87.8341,-0.0731,4,0.1000,1.0000,8,8,8,0,0,8,8,0.0000
4,68.0000,36,20,494.3728,-83.6654,1.0830,8,0.2000,0.5714,7,8,8,0,0,8,8,0.0000
4,68.0000,36,21,684.7415,-84.7131,-0.9189,13,0.3250,0.8750,8,6,4,0,0,6,4,0.3333
4,68.0000,36,25,391.0112,-80.6801,-0.1724,22,0.5500,0.6667,6,6,2,0,0,6,2,0.6667
4,68.0000,36,27,541.7812,-84.4367,-0.5391,20,0.5000,0.7143,7,7,5,0,0,7,5,0.2857
4,68.0000,36,28,504.2214,-88.2582,2.2706,4,0.1000,1.0000,8,7,5,0,0,7,5,0.2857
4,68.0000,36,29,863.8380,-87.4508,0.7408,3,0.0750,1.0000,8,8,8,0,0,8,8,0.0000
4,68.0000,36,31,633.9161,-87.3441,0.5872,4,0.1000,0.8571,7,8,8,0,0,8,8,0.0000
4,68.0000,36,32,401.7451,-81.8919,-0.8985,14,0.3500,0.7143,7,5,1,0,0,5,1,0.8000
4,68.0000,36,34,583.9887,-85.3438,0.4951,15,0.3750,0.8571,7,8,7,0,0,8,7,0.1250
4,68.0000,36,35,561.2364,-83.1440,-0.7122,20,0.5000,0.8750,8,7,6,0,0,7,6,0.1429
4,68.0000,36,39,362.3122,-82.7736,1.9679,11,0.2750,0.5000,6,6,4,0,0,6,4,0.3333
4,68.0000,36,40,554.1543,-84.0866,0.2570,20,0.5000,1.0000,8,7,6,0,0,7,6,0.1429
4,68.0000,36,44,704.9588,-86.5088,0.2041,8,0.2000,1.0000,8,8,8,0,0,8,8,0.0000
4,68.0000,36,45,600.8709,-85.1771,0.5494,7,0.1750,1.0000,8,6,4,0,0,6,4,0.3333
4,68.0000,37,0,488.8953,-83.8536,0.3792,9,0.2308,1.0000,8,7,5,0,0,7,5,0.2857
4,68.0000,37,3,636.5871,-85.4345,0.0046,12,0.3077,0.8750,8,7,6,0,0,7,6,0.1429
4,68.0000,37,6,151.5823,-70.7893,-1.6051,38,0.9744,0.0000,4,5,1,0,0,5,1,0.8000
4,68.0000,37,7,478.4168,-83.9814,-0.0676,16,0.4103,0.8750,8,6,4,0,0,6,4,0.3333
4,68.0000,37,15,607.3502,-84.1665,0.0562,8,0.2051,1.0000,8,8,8,0,0,8,8,0.0000
4,68.0000,37,22,514.1812,-84.2800,-0.1671,12,0.3077,1.0000,8,6,2,0,0,6,2,0.6667
4,68.0000,37,24,746.6168,-85.9865,-0.4306,4,0.1026,1.0000,8,8,7,0,0,8,7,0.1250
4,68.0000,37,38,401.7287,-81.0512,0.9911,13,0.3333,0.7143,7,5,2,0,0,5,2,0.6000
4,68.0000,37,41,651.1160,-84.8484,0.9793,13,0.3333,0.8750,8,8,8,0,0,8,8,0.0000
4,68.0000,37,46,787.8021,-86.3501,-0.1479,4,0.1026,1.0000,8,8,8,0,0,8,8,0.0000
4,68.0000,38,0,163.5008,-71.5555,-1.1740,36,0.9000,0.3333,6,5,1,0,0,5,1,0.8000
4,68.0000,38,3,391.4849,-82.1951,0.1188,22,0.5500,0.7143,7,6,3,0,0,6,3,0.5000
4,68.0000,38,6,316.0507,-81.6796,1.1257,31,0.7750,0.4000,5,6,2,0,0,6,2,0.6667
4,68.0000,38,7,440.0795,-82.4946,-0.3369,25,0.6250,0.2000,5,5,1,0,0,5,1,0.8000
4,68.0000,38,10,684.0905,-86.7616,-0.7652,3,0.0750,1.0000,8,8,8,0,0,8,8,0.0000
4,68.0000,38,14,674.2229,-84.5101,-0.7198,11,0.2750,1.0000,8,8,8,0,0,8,8,0.0000
4,68.0000,38,15,401.1740,-80.4031,-0.4731,29,0.7250,0.4000,5,8,6,0,0,8,6,0.2500
4,68.0000,38,22,251.9080,-77.8067,-0.1441,34,0.8500,0.0000,4,4,0,0,0,4,0,1.0000
4,68.0000,38,23,617.4214,-85.6543,-0.2458,11,0.2750,0.8571,7,7,6,0,0,7,6,0.1429
4,68.0000,38,24,356.6083,-79.6584,-0.2454,20,0.5000,0.8750,8,6,4,0,0,6,4,0.3333
4,68.0000,38,37,401.7287,-83.1727,0.5360,29,0.7250,0.8571,7,7,4,0,0,7,4,0.4286
4,68.0000,38,41,520.7598,-83.6539,0.4607,21,0.5250,0.6667,6,5,2,0,0,5,2,0.6000
4,68.0000,38,42,398.6566,-80.0626,-0.4210,19,0.4750,0.6667,6,8,8,0,0,8,8,0.0000
4,68.0000,38,43,397.3409,-81.3620,-0.2629,13,0.3250,0.8571,7,7,6,0,0,7,6,0.1429
4,68.0000,38,46,458.6919,-83.5794,0.0987,17,0.4250,1.0000,8,7,6,0,0,7,6,0.1429
4,68.0000,38,47,568.2023,-83.0871,0.0240,7,0.1750,0.8750,8,8,8,0,0,8,8,0.0000
4,68.0000,39,1,434.3804,-82.8295,0.6508,18,0.4500,0.7143,7,8,7,0,0,8,7,0.1250
4,68.0000,39,2,225.7519,-76.0224,-0.6262,34,0.8500,0.2000,5,6,4,0,0,6,4,0.3333
4,68.0000,39,4,631.6887,-85.5022,-0.0018,10,0.2500,1.0000,8,7,5,0,0,7,5,0.2857
4,68.0000,39,5,144.7805,-71.0438,-0.5020,33,0.8250,0.0000,4,4,0,0,0,4,0,1.0000
4,68.0000,39,8,305.1261,-79.9942,-0.1249,27,0.6750,0.4000,5,7,6,0,0,7,6,0.1429
4,68.0000,39,9,170.0825,-74.3615,-0.0000,33,0.8250,0.5000,6,4,0,0,0,4,0,1.0000
4,68.0000,39,10,903.1044,-87.6821,0.0010,4,0.1000,1.0000,8,4,4,0,0,4,4,0.0000
4,68.0000,39,11,551.2506,-85.2263,0.9210,15,0.3750,0.6250,8,6,6,0,0,6,6,0.0000
4,68.0000,39,12,419.2871,-81.3864,-1.6004,20,0.5000,0.4000,5,7,6,0,0,7,6,0.1429
4,68.0000,39,13,680.7860,-86.6950,1.3525,10,0.2500,1.0000,4,5,4,0,0,5,4,0.2000
4,68.0000,39,16,840.6118,-86.1440,-1.3697,4,0.1000,1.0000,6,8,8,0,0,8,8,0.0000
4,68.0000,39,17,621.5257,-85.9443,0.6160,11,0.2750,0.8571,7,8,8,0,0,8,8,0.0000
4,68.0000,39,18,272.5888,-78.2146,-0.1406,25,0.6250,0.8571,7,4,0,0,0,4,0,1.0000
4,68.0000,39,19,512.9619,-82.9577,-0.5515,14,0.3500,1.0000,8,8,7,0,0,8,7,0.1250
4,68.0000,39,20,394.9026,-81.5656,-0.2974,19,0.4750,0.6250,8,7,6,0,0,7,6,0.1429
4,68.0000,39,21,716.1361,-86.1121,-0.4267,17,0.4250,0.8571,7,6,6,0,0,6,6,0.0000
4,68.0000,39,25,451.7844,-83.6082,0.1467,25,0.6250,0.5000,6,8,5,0,0,8,5,0.3750
4,68.0000,39,27,752.8145,-87.7560,-0.0501,11,0.2750,1.0000,6,8,8,0,0,8,8,0.0000
4,68.0000,39,28,394.5400,-82.4150,-0.2052,16,0.4000,0.7143,7,7,6,0,0,7,6,0.1429
4,68.0000,39,29,722.2729,-86.4036,-1.4916,5,0.1250,0.6667,3,6,6,0,0,6,6,0.0000
4,68.0000,39,30,930.0343,-87.6014,-1.4500,3,0.0750,1.0000,8,6,6,0,0,6,6,0.0000
4,68.0000,39,31,584.1195,-83.9160,-0.6912,11,0.2750,1.0000,8,6,4,0,0,6,4,0.3333
4,68.0000,39,32,122.9732,-70.3966,0.1258,33,0.8250,0.2000,5,4,0,0,0,4,0,1.0000
4,68.0000,39,33,788.3811,-86.9968,-0.1607,6,0.1500,0.8750,8,8,8,0,0,8,8,0.0000
4,68.0000,39,34,281.4657,-79.8162,-0.1633,32,0.8000,0.5714,7,6,3,0,0,6,3,0.5000
4,68.0000,39,35,587.8063,-85.3405,0.3589,20,0.5000,1.0000,8,8,7,0,0,8,7,0.1250
4,68.0000,39,36,362.3122,-81.9682,-0.0486,23,0.5750,1.0000,8,6,3,0,0,6,3,0.5000
4,68.0000,39,40,724.0103,-86.5433,0.2138,15,0.3750,1.0000,8,7,6,0,0,7,6,0.1429
4,68.0000,39,44,641.9221,-84.4986,-0.7689,9,0.2250,0.8750,8,8,8,0,0,8,8,0.0000
4,68.0000,39,45,385.9878,-82.2029,-0.2330,27,0.6750,0.8571,7,4,0,0,0,4,0,1.0000
4,68.0000,40,1,518.5610,-84.5000,0.2491,11,0.2750,1.0000,8,6,4,0,0,6,4,0.3333
4,68.0000,40,2,617.7223,-84.7663,-0.5474,3,0.0750,1.0000,8,8,6,0,0,8,6,0.2500
4,68.0000,40,5,687.7813,-86.2798,0.5883,8,0.2000,0.8571,7,7,6,0,0,7,6,0.1429
4,68.0000,40,9,778.1849,-87.8939,0.1530,5,0.1250,1.0000,8,7,6,0,0,7,6,0.1429
4,68.0000,40,13,538.4515,-84.9743,0.7507,14,0.3500,1.0000,8,6,5,0,0,6,5,0.1667
4,68.0000,40,21,376.4159,-83.1953,-0.3259,22,0.5500,0.7143,7,6,3,0,0,6,3,0.5000
4,68.0000,40,25,499.2643,-83.3917,0.7093,18,0.4500,1.0000,8,8,6,0,0,8,6,0.2500
4,68.0000,40,27,97.5815,-68.5518,0.0740,33,0.8250,0.0854,82,5,1,79,7,84,8,0.9048
4,68.0000,40,32,658.7992,-84.8905,0.7439,9,0.2250,1.0000,8,8,8,0,0,8,8,0.0000
4,68.0000,40,35,684.8837,-85.0035,0.0604,11,0.2750,1.0000,8,8,8,0,0,8,8,0.0000
4,68.0000,40,36,554.1543,-85.7393,0.2235,10,0.2500,1.0000,8,8,8,0,0,8,8,0.0000
4,68.0000,40,39,724.0103,-85.1362,-0.6054,4,0.1000,1.0000,8,7,6,0,0,7,6,0.1429
4,68.0000,40,45,677.5492,-86.1368,1.4923,5,0.1250,1.0000,8,8,8,0,0,8,8,0.0000
4,68.0000,41,0,662.6127,-84.9772,-0.3436,6,0.1500,1.0000,8,8,8,0,0,8,8,0.0000
4,68.0000,41,3,201.7553,-74.8850,-0.6889,34,0.8500,0.2000,5,5,2,0,0,5,2,0.6000
4,68.0000,41,6,565.3813,-83.8965,0.7820,14,0.3500,0.8571,7,8,7,0,0,8,7,0.1250
4,68.0000,41,7,255.0886,-77.6027,-0.1303,34,0.8500,0.0000,4,5,1,0,0,5,1,0.8000
4,68.0000,41,14,666.2949,-84.3410,-0.9319,9,0.2250,1.0000,8,8,8,0,0,8,8,0.0000
4,68.0000,41,22,441.5348,-82.5314,0.2052,20,0.5000,0.8571,7,7,5,0,0,7,5,0.2857
4,68.0000,41,23,379.5645,-80.5477,0.3249,23,0.5750,0.5000,6,7,4,0,0,7,4,0.4286
4,68.0000,41,24,646.2443,-85.1729,-0.7269,6,0.1500,0.7143,7,8,7,0,0,8,7,0.1250
4,68.0000,41,26,1086.6812,-89.4598,0.4570,3,0.0750,1.0000,4,6,6,0,0,6,6,0.0000
4,68.0000,41,37,651.1160,-85.8445,-0.0830,14,0.3500,1.0000,8,7,5,0,0,7,5,0.2857
4,68.0000,41,38,520.7598,-84.0640,0.5224,14,0.3500,0.8750,8,8,8,0,0,8,8,0.0000
4,68.0000,41,42,760.3831,-86.0057,-2.1328,4,0.1000,1.0000,8,8,8,0,0,8,8,0.0000
4,68.0000,41,43,684.6335,-85.8964,0.3140,3,0.0750,0.8571,7,8,8,0,0,8,8,0.0000
4,68.0000,41,46,438.5778,-81.2879,-0.6720,28,0.7000,0.6667,6,7,6,0,0,7,6,0.1429
4,68.0000,42,0,300.7817,-76.6792,-1.0048,33,0.8250,0.0000,4,7,4,0,0,7,4,0.4286
4,68.0000,42,3,583.6849,-83.6537,-0.1164,18,0.4500,1.0000,8,5,4,0,0,5,4,0.2000
4,68.0000,42,4,634.3988,-85.0568,-0.5410,8,0.2000,0.8750,8,7,6,0,0,7,6,0.1429
4,68.0000,42,6,710.5185,-86.2948,-0.1858,14,0.3500,1.0000,8,8,7,0,0,8,7,0.1250
4,68.0000,42,7,773.7355,-86.2972,0.3052,7,0.1750,1.0000,8,3,2,0,0,3,2,0.3333
4,68.0000,42,10,390.8322,-83.7186,0.5012,9,0.2250,1.0000,8,7,5,0,0,7,5,0.2857
4,68.0000,42,12,794.3699,-86.9354,0.0727,3,0.0750,1.0000,4,8,8,0,0,8,8,0.0000
4,68.0000,42,14,595.6846,-85.2062,-0.6468,14,0.3500,0.8750,8,8,6,0,0,8,6,0.2500
4,68.0000,42,15,425.7072,-81.4016,0.5141,26,0.6500,0.6667,6,6,3,0,0,6,3,0.5000
4,68.0000,42,16,483.6864,-84.9745,0.2872,10,0.2500,0.4000,5,5,3,0,0,5,3,0.4000
4,68.0000,42,18,966.9080,-88.3872,0.7201,4,0.1000,1.0000,8,6,6,0,0,6,6,0.0000
4,68.0000,42,19,693.5848,-85.6740,0.9125,8,0.2000,1.0000,8,6,6,0,0,6,6,0.0000
4,68.0000,42,20,845.5803,-88.0513,0.5524,4,0.1000,1.0000,8,8,8,0,0,8,8,0.0000
4,68.0000,42,22,428.6696,-80.4372,-1.0074,25,0.6250,0.7143,7,7,6,0,0,7,6,0.1429
4,68.0000,42,23,632.6073,-84.9475,0.2799,16,0.4000,0.8750,8,7,6,0,0,7,6,0.1429
4,68.0000,42,24,251.7012,-78.0802,0.2178,28,0.7000,0.2000,5,6,2,0,0,6,2,0.6667
4,68.0000,42,26,740.9290,-87.3130,0.3147,8,0.2000,1.0000,6,8,8,0,0,8,8,0.0000
4,68.0000,42,29,559.4152,-85.4003,-0.6401,8,0.2000,0.8571,7,8,8,0,0,8,8,0.0000
4,68.0000,42,30,594.3944,-85.1818,-0.7812,10,0.2500,0.8750,8,8,8,0,0,8,8,0.0000
4,68.0000,42,31,719.1481,-86.5761,1.1291,7,0.1750,1.0000,8,8,8,0,0,8,8,0.0000
4,68.0000,42,33,455.3835,-83.1678,0.1884,10,0.2500,0.5000,6,8,7,0,0,8,7,0.1250
4,68.0000,42,37,782.2648,-86.8581,-0.4307,11,0.2750,0.8750,8,8,7,0,0,8,7,0.1250
4,68.0000,42,38,398.6566,-79.6231,-0.3495,26,0.6500,0.5000,6,7,6,0,0,7,6,0.1429
4,68.0000,42,41,760.3831,-86.3083,-0.1088,13,0.3250,0.8571,7,8,8,0,0,8,8,0.0000
4,68.0000,42,43,128.8177,-72.3709,1.0772,34,0.8500,0.0000,4,5,2,0,0,5,2,0.6000
4,68.0000,42,44,646.1996,-85.6472,0.3628,8,0.2000,1.0000,8,8,8,0,0,8,8,0.0000
4,68.0000,42,46,505.9313,-84.4136,-0.1862,16,0.4000,0.8750,8,7,5,0,0,7,5,0.2857
4,68.0000,42,47,399.4411,-82.0216,1.3045,20,0.5000,0.8571,7,7,5,0,0,7,5,0.2857
4,68.0000,43,0,328.0994,-81.3707,0.2208,24,0.5854,0.5714,7,6,4,0,0,6,4,0.3333
4,68.0000,43,3,521.6182,-84.1202,0.4217,18,0.4390,0.7143,7,7,6,0,0,7,6,0.1429
4,68.0000,43,6,711.8225,-86.1633,0.5291,8,0.1951,0.8571,7,8,8,0,0,8,8,0.0000
4,68.0000,43,7,734.9948,-85.5364,0.8249,10,0.2439,1.0000,8,7,6,0,0,7,6,0.1429
4,68.0000,43,10,482.1933,-81.8149,0.0452,10,0.2439,1.0000,8,8,7,0,0,8,7,0.1250
4,68.0000,43,14,587.9261,-84.8132,-0.5913,12,0.2927,0.8571,7,8,8,0,0,8,8,0.0000
4,68.0000,43,15,519.9220,-84.3784,0.1451,16,0.3902,0.8571,7,5,2,0,0,5,2,0.6000
4,68.0000,43,16,606.0082,-84.6279,0.4134,5,0.1220,1.0000,8,8,8,0,0,8,8,0.0000
4,68.0000,43,22,351.8344,-80.9020,-0.4164,23,0.5610,1.0000,8,6,3,0,0,6,3,0.5000
4,68.0000,43,23,526.6903,-83.1512,0.0524,18,0.4390,1.0000,8,7,4,0,0,7,4,0.4286
4,68.0000,43,24,295.0228,-78.7938,0.1579,23,0.5610,0.5000,6,7,5,0,0,7,5,0.2857
4,68.0000,43,30,621.0256,-83.6398,-0.5955,7,0.1707,1.0000,8,8,8,0,0,8,8,0.0000
4,68.0000,43,33,556.6317,-82.6553,-0.6954,11,0.2683,0.9231,13,8,7,4,4,12,11,0.0833
4,68.0000,43,37,778.7311,-87.6983,0.5207,4,0.0976,0.5000,2,7,6,0,0,7,6,0.1429
4,68.0000,43,38,397.3409,-82.3034,0.0576,23,0.5610,0.4000,5,7,5,0,0,7,5,0.2857
4,68.0000,43,41,684.6335,-85.9004,0.8567,10,0.2439,0.8571,7,8,8,0,0,8,8,0.0000
4,68.0000,43,42,128.8177,-71.9241,1.0748,30,0.7317,0.2500,4,5,2,0,0,5,2,0.6000
4,68.0000,43,46,476.5587,-83.0692,0.6210,17,0.4146,0.6250,8,8,8,0,0,8,8,0.0000
4,68.0000,43,47,516.9480,-84.1805,-0.3326,13,0.3171,1.0000,8,7,5,0,0,7,5,0.2857
4,68.0000,44,1,662.2140,-85.8939,0.7106,9,0.2250,1.0000,4,7,6,0,0,7,6,0.1429
4,68.0000,44,2,668.6701,-86.5094,0.6598,10,0.2500,0.6667,6,7,6,0,0,7,6,0.1429
4,68.0000,44,4,526.1891,-85.1375,-0.4616,15,0.3750,1.0000,8,6,4,0,0,6,4,0.3333
4,68.0000,44,5,538.4160,-86.1122,0.3330,13,0.3250,0.9000,10,4,2,0,0,4,2,0.5000
4,68.0000,44,6,1265.0868,-88.8543,0.1797,3,0.0750,1.0000,4,4,4,0,0,4,4,0.0000
4,68.0000,44,8,541.0118,-85.1069,-0.3618,14,0.3500,1.0000,8,8,6,0,0,8,6,0.2500
4,68.0000,44,9,680.0664,-86.0629,0.2338,12,0.3000,1.0000,8,6,6,0,0,6,6,0.0000
4,68.0000,44,10,309.3082,-75.8951,-1.6043,32,0.8000,0.6667,6,8,5,0,0,8,5,0.3750
4,68.0000,44,11,488.6723,-83.7747,0.4177,16,0.4000,0.7500,8,7,6,0,0,7,6,0.1429
4,68.0000,44,12,226.4228,-78.1247,1.5195,22,0.5500,0.6667,6,5,1,0,0,5,1,0.8000
4,68.0000,44,13,815.4194,-87.3110,0.4002,9,0.2250,1.0000,2,6,6,0,0,6,6,0.0000
4,68.0000,44,14,727.4742,-85.7010,-0.1522,12,0.3000,0.8333,6,6,6,0,0,6,6,0.0000
4,68.0000,44,15,862.2072,-87.1602,0.2513,8,0.2000,0.8333,6,8,7,0,0,8,7,0.1250
4,68.0000,44,16,556.3117,-83.8575,0.0972,15,0.3750,0.5714,7,8,8,0,0,8,8,0.0000
4,68.0000,44,17,425.8471,-83.4836,-0.5627,13,0.3250,0.5000,6,8,7,0,0,8,7,0.1250
4,68.0000,44,18,475.8531,-82.4270,-0.1785,19,0.4750,0.8571,7,8,7,0,0,8,7,0.1250
4,68.0000,44,19,365.5191,-80.2927,-0.6303,22,0.5500,0.8571,7,6,4,0,0,6,4,0.3333
4,68.0000,44,20,268.3856,-78.3356,0.8146,24,0.6000,0.8750,8,6,2,0,0,6,2,0.6667
4,68.0000,44,24,661.3896,-86.3029,-0.2491,11,0.2750,1.0000,8,8,8,0,0,8,8,0.0000
4,68.0000,44,26,455.7548,-81.2367,-0.7612,26,0.6500,0.5714,7,8,7,0,0,8,7,0.1250
4,68.0000,44,28,249.2783,-77.2550,-0.1166,27,0.6750,0.2000,5,5,2,0,0,5,2,0.6000
4,68.0000,44,29,302.6337,-78.2226,-0.3623,28,0.7000,0.3333,6,7,5,0,0,7,5,0.2857
4,68.0000,44,30,323.2853,-79.7308,0.0335,26,0.6500,0.8571,7,7,5,0,0,7,5,0.2857
4,68.0000,44,31,104.5421,-72.6765,1.6721,32,0.8000,0.0000,4,4,0,0,0,4,0,1.0000
4,68.0000,44,32,739.8166,-88.1962,0.4160,5,0.1250,1.0000,8,8,8,0,0,8,8,0.0000
4,68.0000,44,33,516.7724,-83.3642,-1.5595,13,0.3250,1.0000,8,8,7,0,0,8,7,0.1250
4,68.0000,44,34,872.0230,-86.6839,-0.0341,9,0.2250,1.0000,6,6,6,0,0,6,6,0.0000
4,68.0000,44,36,704.9588,-86.6037,1.3693,8,0.2000,1.0000,8,8,5,0,0,8,5,0.3750
4,68.0000,44,39,641.9221,-86.7202,0.3033,13,0.3250,0.7500,8,7,6,0,0,7,6,0.1429
4,68.0000,44,40,1113.7078,-88.5066,-0.1478,3,0.0750,,0,4,4,0,0,4,4,0.0000
4,68.0000,44,42,646.1996,-85.9946,0.2313,11,0.2750,1.0000,8,8,8,0,0,8,8,0.0000
4,68.0000,44,43,724.8168,-86.9092,-0.3778,11,0.2750,0.7500,4,8,8,0,0,8,8,0.0000
4,68.0000,44,45,1007.2293,-88.0529,0.6715,4,0.1000,1.0000,6,4,4,0,0,4,4,0.0000
4,68.0000,44,46,861.2773,-87.2876,0.8120,7,0.1750,1.0000,6,2,2,0,0,2,2,0.0000
4,68.0000,44,47,697.8987,-85.7891,-0.6840,12,0.3000,0.8571,7,8,8,0,0,8,8,0.0000
4,68.0000,45,1,678.4494,-85.0009,-1.2149,10,0.2500,0.8571,7,8,8,0,0,8,8,0.0000
4,68.0000,45,2,382.7669,-80.2047,-0.0686,19,0.4750,0.8750,8,8,8,0,0,8,8,0.0000
4,68.0000,45,4,870.0482,-88.4971,0.5950,4,0.1000,1.0000,8,8,8,0,0,8,8,0.0000
4,68.0000,45,5,496.7128,-81.8799,-0.1094,16,0.4000,0.7143,7,7,6,0,0,7,6,0.1429
4,68.0000,45,8,528.4254,-82.1114,0.3121,14,0.3500,0.8571,7,8,8,0,0,8,8,0.0000
4,68.0000,45,9,345.6480,-80.5097,0.2617,25,0.6250,0.5000,6,6,4,0,0,6,4,0.3333
4,68.0000,45,12,780.8448,-85.2741,1.1901,4,0.1000,0.8571,7,8,8,0,0,8,8,0.0000
4,68.0000,45,18,632.4087,-84.4192,-0.0006,7,0.1750,0.8750,8,8,8,0,0,8,8,0.0000
4,68.0000,45,19,842.1002,-87.5864,-0.0975,5,0.1250,1.0000,8,8,8,0,0,8,8,0.0000
4,68.0000,45,20,748.0291,-86.6266,0.0498,3,0.0750,1.0000,8,8,8,0,0,8,8,0.0000
4,68.0000,45,21,477.6740,-83.5836,-0.2460,24,0.6000,1.0000,8,7,5,0,0,7,5,0.2857
4,68.0000,45,25,381.0819,-81.1929,0.2047,28,0.7000,0.8571,7,7,5,0,0,7,5,0.2857
4,68.0000,45,27,722.1986,-86.4830,-0.0572,11,0.2750,0.8333,6,6,6,0,0,6,6,0.0000
4,68.0000,45,28,759.8835,-86.4720,7.8972,3,0.0750,1.0000,8,8,8,0,0,8,8,0.0000
4,68.0000,45,32,273.5957,-78.4331,0.7599,25,0.6250,0.6667,9,5,1,0,0,5,1,0.8000
4,68.0000,45,34,286.7171,-76.7837,-1.0006,36,0.9000,0.4000,5,6,4,0,0,6,4,0.3333
4,68.0000,45,35,463.8485,-84.1483,0.5665,20,0.5000,0.8571,7,7,5,0,0,7,5,0.2857
4,68.0000,45,36,600.8709,-84.6539,0.0038,12,0.3000,1.0000,8,8,7,0,0,8,7,0.1250
4,68.0000,45,39,385.9878,-81.4421,-0.3688,17,0.4250,0.7500,8,7,6,0,0,7,6,0.1429
4,68.0000,45,40,677.5492,-86.3693,0.3389,10,0.2500,1.0000,8,8,8,0,0,8,8,0.0000
4,68.0000,46,0,547.1352,-83.6854,1.3265,11,0.2750,0.7143,7,7,6,0,0,7,6,0.1429
4,68.0000,46,3,250.7691,-78.1258,0.3858,34,0.8500,0.2000,5,5,2,0,0,5,2,0.6000
4,68.0000,46,6,657.7181,-86.3635,0.7370,11,0.2750,1.0000,8,8,7,0,0,8,7,0.1250
4,68.0000,46,7,477.4893,-81.8475,-1.3389,26,0.6500,0.7143,7,8,7,0,0,8,7,0.1250
4,68.0000,46,10,591.8075,-85.4940,1.1054,3,0.0750,1.0000,8,7,6,0,0,7,6,0.1429
4,68.0000,46,14,253.0342,-77.6423,0.1265,34,0.8500,0.4000,5,5,2,0,0,5,2,0.6000
4,68.0000,46,15,735.4432,-86.7194,0.0296,6,0.1500,1.0000,8,8,8,0,0,8,8,0.0000
4,68.0000,46,22,492.4555,-83.7223,0.3151,11,0.2750,0.8571,7,7,5,0,0,7,5,0.2857
4,68.0000,46,23,394.4639,-81.0653,-0.1245,28,0.7000,0.8571,7,6,3,0,0,6,3,0.5000
4,68.0000,46,24,303.0153,-79.1704,0.3572,20,0.5000,0.7500,8,6,3,0,0,6,3,0.5000
4,68.0000,46,26,675.8319,-87.6307,-0.4205,5,0.1250,1.0000,8,8,8,0,0,8,8,0.0000
4,68.0000,46,30,667.5477,-86.2289,0.8815,8,0.2000,1.0000,8,8,8,0,0,8,8,0.0000
4,68.0000,46,37,787.8021,-86.5072,0.3850,12,0.3000,1.0000,8,8,8,0,0,8,8,0.0000
4,68.0000,46,38,458.6919,-83.6983,0.3063,13,0.3250,0.8750,8,7,5,0,0,7,5,0.2857
4,68.0000,46,41,438.5778,-80.9949,-1.1536,30,0.7500,0.6667,6,8,7,0,0,8,7,0.1250
4,68.0000,46,42,505.9313,-84.2390,-0.0525,8,0.2000,0.8750,8,7,5,0,0,7,5,0.2857
4,68.0000,46,43,476.5587,-82.8772,0.5205,11,0.2750,1.0000,6,8,7,0,0,8,7,0.1250
4,68.0000,47,0,425.8529,-83.1846,0.5295,21,0.5250,1.0000,8,8,8,0,0,8,8,0.0000
4,68.0000,47,3,891.1049,-88.1918,2.2457,3,0.0750,1.0000,6,8,7,0,0,8,7,0.1250
4,68.0000,47,4,500.9296,-82.4271,-0.8637,18,0.4500,0.8750,8,8,8,0,0,8,8,0.0000
4,68.0000,47,6,786.2401,-86.6257,-0.1766,7,0.1750,1.0000,8,8,8,0,0,8,8,0.0000
4,68.0000,47,8,925.8002,-87.8869,0.8433,4,0.1000,1.0000,6,8,8,0,0,8,8,0.0000
4,68.0000,47,9,1003.1227,-87.4447,-1.1290,4,0.1000,1.0000,8,8,8,0,0,8,8,0.0000
4,68.0000,47,10,499.0387,-84.1782,1.1688,10,0.2500,1.0000,8,8,8,0,0,8,8,0.0000
4,68.0000,47,11,1161.1900,-88.9242,0.7814,3,0.0750,,0,2,2,0,0,2,2,0.0000
4,68.0000,47,12,770.1192,-87.6578,1.0212,6,0.1500,1.0000,8,8,8,0,0,8,8,0.0000
4,68.0000,47,14,886.4372,-87.7762,0.5672,5,0.1250,1.0000,4,6,6,0,0,6,6,0.0000
4,68.0000,47,15,233.3592,-78.8584,0.8990,29,0.7250,0.0000,4,4,0,0,0,4,0,1.0000
4,68.0000,47,16,203.1133,-75.8902,-0.0382,34,0.8500,0.5714,7,7,3,0,0,7,3,0.5714
4,68.0000,47,18,815.2077,-87.7082,-0.1490,7,0.1750,1.0000,8,6,6,0,0,6,6,0.0000
4,68.0000,47,19,538.7913,-85.1907,-0.1185,8,0.2000,1.0000,8,8,8,0,0,8,8,0.0000
4,68.0000,47,20,836.2603,-87.5874,-0.6570,5,0.1250,1.0000,8,8,8,0,0,8,8,0.0000
4,68.0000,47,22,706.5953,-85.8667,-0.1355,14,0.3500,0.8750,8,8,8,0,0,8,8,0.0000
4,68.0000,47,24,515.7158,-84.8209,0.6742,14,0.3500,1.0000,8,6,4,0,0,6,4,0.3333
4,68.0000,47,26,970.8184,-87.6695,-0.3426,4,0.1000,1.0000,4,4,4,0,0,4,4,0.0000
4,68.0000,47,28,800.5089,-86.4897,-1.1450,7,0.1750,1.0000,8,8,8,0,0,8,8,0.0000
4,68.0000,47,29,460.6818,-82.8883,-0.7247,13,0.3250,0.8571,7,7,6,59,58,66,64,0.0303
4,68.0000,47,30,818.5749,-87.9914,-1.1893,8,0.2000,1.0000,8,8,8,0,0,8,8,0.0000
4,68.0000,47,31,776.7979,-87.2760,-0.3331,5,0.1250,1.0000,8,8,8,0,0,8,8,0.0000
4,68.0000,47,33,315.8809,-77.8923,-0.2507,27,0.6750,0.8750,8,6,4,0,0,6,4,0.3333
4,68.0000,47,37,830.8177,-87.0162,1.4474,4,0.1000,1.0000,4,6,6,0,0,6,6,0.0000
4,68.0000,47,38,568.2023,-85.1399,0.5100,16,0.4000,1.0000,8,7,6,0,0,7,6,0.1429
4,68.0000,47,39,1042.5639,-87.6412,0.7379,3,0.0750,1.0000,6,4,4,0,0,4,4,0.0000
4,68.0000,47,42,399.4411,-82.6594,-0.4763,23,0.5750,0.5714,7,6,4,0,0,6,4,0.3333
4,68.0000,47,43,516.9480,-84.8220,0.6900,16,0.4000,1.0000,8,8,8,0,0,8,8,0.0000
4,68.0000,47,44,697.8987,-84.8929,-0.8675,8,0.2000,1.0000,8,8,8,0,0,8,8,0.0000
4,68.0000,47,46,813.3728,-87.1012,1.1685,7,0.1750,1.0000,6,8,8,0,0,8,8,0.0000
4,72.0000,0,3,649.8402,-83.8925,-0.4997,17,0.4250,0.8571,7,7,6,0,0,7,6,0.1429
4,72.0000,0,6,374.6309,-81.3403,-0.3061,28,0.7000,0.2000,5,7,5,0,0,7,5,0.2857
4,72.0000,0,7,577.3037,-84.6477,0.0501,15,0.3750,0.8750,8,7,6,0,0,7,6,0.1429
4,72.0000,0,10,610.1841,-85.1009,0.1895,6,0.1500,0.8750,8,8,8,0,0,8,8,0.0000
4,72.0000,0,15,325.4320,-79.6397,-0.3301,30,0.7500,0.2000,5,6,2,0,0,6,2,0.6667
4,72.0000,0,16,531.4469,-85.4099,-1.1167,5,0.1250,0.6667,6,10,9,0,0,10,9,0.1000
4,72.0000,0,22,424.6654,-80.7714,-0.6548,26,0.6500,0.4000,5,6,4,0,0,6,4,0.3333
4,72.0000,0,23,727.5121,-86.0841,-0.3312,7,0.1750,1.0000,8,8,8,0,0,8,8,0.0000
4,72.0000,0,24,408.1882,-81.4632,-0.5250,15,0.3750,1.0000,8,8,7,0,0,8,7,0.1250
4,72.0000,0,37,391.5982,-82.3975,0.5537,30,0.7500,0.4000,5,7,5,0,0,7,5,0.2857
4,72.0000,0,38,268.5271,-76.4176,-0.9996,35,0.8750,0.3333,6,8,8,0,0,8,8,0.0000
4,72.0000,0,41,702.1577,-86.1091,-0.0886,10,0.2500,1.0000,8,7,5,0,0,7,5,0.2857
4,72.0000,0,42,430.7057,-80.4842,-0.6100,19,0.4750,0.8571,7,7,5,0,0,7,5,0.2857
4,72.0000,0,43,316.3681,-79.7123,0.8495,26,0.6500,0.6667,6,8,7,0,0,8,7,0.1250
4,72.0000,0,46,616.3196,-85.0954,0.0568,9,0.2250,0.8750,8,8,8,0,0,8,8,0.0000
4,72.0000,0,47,353.7635,-80.8109,0.1535,21,0.5250,0.6667,6,6,3,0,0,6,3,0.5000
4,72.0000,1,2,387.8985,-82.4902,-0.2060,18,0.4500,0.8571,7,8,8,0,0,8,8,0.0000
4,72.0000,1,4,842.0088,-88.3450,-0.3820,4,0.1000,1.0000,6,6,5,0,0,6,5,0.1667
4,72.0000,1,5,330.2175,-79.7300,0.1241,21,0.5250,0.8571,7,6,4,0,0,6,4,0.3333
4,72.0000,1,8,469.2046,-84.6366,-0.6530,14,0.3500,0.8750,8,8,8,0,0,8,8,0.0000
4,72.0000,1,9,647.9239,-84.8091,-0.1633,13,0.3250,1.0000,8,8,7,0,0,8,7,0.1250
4,72.0000,1,10,988.6880,-88.7926,0.0910,4,0.1000,0.7500,4,4,4,0,0,4,4,0.0000
4,72.0000,1,11,144.1250,-74.8604,1.3350,35,0.8750,0.2353,17,4,0,0,0,4,0,1.0000
4,72.0000,1,12,550.2417,-83.0455,0.5737,13,0.3250,1.0000,8,8,6,0,0,8,6,0.2500
4,72.0000,1,13,192.8585,-76.1223,0.2435,37,0.9250,0.2000,5,6,2,0,0,6,2,0.6667
4,72.0000,1,17,367.7125,-82.1749,0.4774,19,0.4750,0.6667,6,7,6,0,0,7,6,0.1429
4,72.0000,1,18,574.4309,-84.4019,0.5292,13,0.3250,1.0000,8,8,8,0,0,8,8,0.0000
4,72.0000,1,19,813.3874,-87.1206,-1.4787,4,0.1000,1.0000,8,6,6,0,0,6,6,0.0000
4,72.0000,1,20,381.8416,-81.5564,0.5382,18,0.4500,0.8571,7,7,6,0,0,7,6,0.1429
4,72.0000,1,21,724.4213,-86.1370,0.0143,10,0.2500,0.8571,7,5,4,0,0,5,4,0.2000
4,72.0000,1,25,616.2668,-84.1636,-0.7620,17,0.4250,0.8571,7,8,8,0,0,8,8,0.0000
4,72.0000,1,26,903.3127,-87.8951,0.0122,8,0.2000,1.0000,2,6,6,0,0,6,6,0.0000
4,72.0000,1,27,502.7657,-83.6902,0.3052,17,0.4250,0.5000,6,7,6,0,0,7,6,0.1429
4,72.0000,1,28,390.0820,-82.3317,0.5994,12,0.3000,0.7143,7,6,4,0,0,6,4,0.3333
4,72.0000,1,29,886.2507,-87.6989,0.4948,5,0.1250,1.0000,6,6,6,0,0,6,6,0.0000
4,72.0000,1,30,702.8295,-86.6277,-0.4089,10,0.2500,0.8750,8,8,8,0,0,8,8,0.0000
4,72.0000,1,31,538.7442,-83.7663,0.3506,12,0.3000,1.0000,8,7,6,0,0,7,6,0.1429
4,72.0000,1,32,583.2939,-83.1205,-0.1979,16,0.4000,0.8571,7,8,7,0,0,8,7,0.1250
4,72.0000,1,34,690.9087,-86.3970,0.6521,9,0.2250,0.8571,7,8,8,0,0,8,8,0.0000
4,72.0000,1,35,840.0703,-86.8188,-0.6309,10,0.2500,1.0000,8,8,8,0,0,8,8,0.0000
4,72.0000,1,36,249.1848,-75.2480,-1.3992,33,0.8250,0.2000,5,5,1,0,0,5,1,0.8000
4,72.0000,1,39,474.0379,-83.5129,0.4226,17,0.4250,0.8571,7,8,7,0,0,8,7,0.1250
4,72.0000,1,40,535.9941,-84.1266,-0.3022,17,0.4250,0.8571,7,8,8,0,0,8,8,0.0000
4,72.0000,1,44,509.3342,-86.3979,-0.0905,10,0.2500,1.0000,6,8,7,0,0,8,7,0.1250
4,72.0000,1,45,748.0118,-86.6176,0.0662,12,0.3000,1.0000,8,4,4,0,0,4,4,0.0000
4,72.0000,2,1,387.8985,-82.5368,1.0904,13,0.3250,0.8571,7,7,6,0,0,7,6,0.1429
4,72.0000,2,4,671.1011,-84.2230,0.2565,3,0.0750,0.7500,8,8,8,0,0,8,8,0.0000
4,72.0000,2,5,298.7315,-76.6284,-1.0468,20,0.5000,0.2000,5,8,8,0,0,8,8,0.0000
4,72.0000,2,8,260.7224,-75.6279,-0.1212,24,0.6000,0.0000,4,6,4,0,0,6,4,0.3333
4,72.0000,2,9,359.6791,-78.2644,-2.1958,21,0.5250,0.2000,5,7,6,0,0,7,6,0.1429
4,72.0000,2,11,466.7275,-82.3935,-0.7073,7,0.1750,0.7500,8,6,4,0,0,6,4,0.3333
4,72.0000,2,12,551.4620,-84.1783,-1.1571,5,0.1250,1.0000,8,6,4,0,0,6,4,0.3333
4,72.0000,2,13,535.6610,-85.7910,1.3507,9,0.2250,0.8571,7,7,6,0,0,7,6,0.1429
4,72.0000,2,17,418.7184,-82.7242,1.1530,7,0.1750,0.5714,7,8,7,0,0,8,7,0.1250
4,72.0000,2,18,499.4419,-82.8186,-1.7878,8,0.2000,0.8571,7,8,7,0,0,8,7,0.1250
4,72.0000,2,20,424.4058,-81.5008,0.2604,6,0.1500,0.8571,7,8,7,0,0,8,7,0.1250
4,72.0000,2,21,519.1970,-84.1100,-0.0308,13,0.3250,0.7143,7,7,6,0,0,7,6,0.1429
4,72.0000,2,25,539.3468,-83.5816,-0.5550,11,0.2750,1.0000,8,8,7,0,0,8,7,0.1250
4,72.0000,2,27,486.0491,-83.6438,0.8333,18,0.4500,0.7500,4,6,4,0,0,6,4,0.3333
4,72.0000,2,28,401.7257,-82.2440,1.3582,5,0.1250,0.3333,6,7,6,0,0,7,6,0.1429
4,72.0000,2,30,825.8987,-86.4374,0.4589,5,0.1250,1.0000,8,8,8,0,0,8,8,0.0000
4,72.0000,2,31,594.5206,-85.6272,1.5972,4,0.1000,0.6667,9,8,8,0,0,8,8,0.0000
4,72.0000,2,32,327.5559,-76.6582,-0.6575,27,0.6750,0.5000,6,8,7,0,0,8,7,0.1250
4,72.0000,2,34,486.1170,-82.1048,0.0797,16,0.4000,0.8571,7,8,8,0,0,8,8,0.0000
4,72.0000,2,35,738.6166,-86.4325,-0.0234,8,0.2000,0.8571,7,6,6,0,0,6,6,0.0000
4,72.0000,2,36,349.7722,-82.3177,0.4151,15,0.3750,0.4286,7,7,6,0,0,7,6,0.1429
4,72.0000,2,39,295.5398,-77.9733,-0.5486,24,0.6000,0.1667,6,6,3,0,0,6,3,0.5000
4,72.0000,2,40,434.6270,-83.8716,1.1352,14,0.3500,0.8571,7,5,2,0,0,5,2,0.6000
4,72.0000,2,44,606.6877,-85.5195,0.7784,5,0.1250,0.8750,8,6,6,0,0,6,6,0.0000
4,72.0000,2,45,467.4566,-82.1942,-1.0763,18,0.4500,0.5000,6,7,5,0,0,7,5,0.2857
4,72.0000,3,0,649.8402,-84.1654,-0.1264,11,0.2683,0.8750,8,8,8,0,0,8,8,0.0000
4,72.0000,3,6,522.2218,-83.3636,-0.1746,15,0.3659,0.8571,7,8,8,0,0,8,8,0.0000
4,72.0000,3,7,411.7894,-81.3448,-0.6725,31,0.7561,0.5000,6,8,6,0,0,8,6,0.2500
4,72.0000,3,10,743.2970,-86.6308,-0.4438,3,0.0732,0.8571,7,8,8,0,0,8,8,0.0000
4,72.0000,3,14,462.4739,-82.8152,-0.3295,13,0.3171,0.5714,7,7,6,0,0,7,6,0.1429
4,72.0000,3,15,823.7477,-86.9364,-0.8550,4,0.0976,1.0000,8,6,6,0,0,6,6,0.0000
4,72.0000,3,22,369.4081,-80.7310,-0.2193,23,0.5610,0.5000,6,7,5,0,0,7,5,0.2857
4,72.0000,3,23,266.1326,-78.4868,0.7916,35,0.8537,0.5000,6,5,1,0,0,5,1,0.8000
4,72.0000,3,24,539.6502,-83.3889,-0.5797,9,0.2195,0.8571,7,8,7,0,0,8,7,0.1250
4,72.0000,3,26,799.9760,-87.2095,-1.2644,4,0.0976,1.0000,8,8,8,0,0,8,8,0.0000
4,72.0000,3,37,605.8839,-84.8637,-0.4704,17,0.4146,0.8571,7,7,6,0,0,7,6,0.1429
4,72.0000,3,38,418.2266,-80.8402,0.7004,19,0.4634,0.5714,7,6,3,0,0,6,3,0.5000
4,72.0000,3,41,275.8665,-77.3458,-0.7260,37,0.9024,0.3333,6,5,1,0,0,5,1,0.8000
4,72.0000,3,42,639.9388,-85.2149,1.3715,4,0.0976,1.0000,8,8,8,0,0,8,8,0.0000
4,72.0000,3,43,530.0810,-84.1716,-0.3351,12,0.2927,1.0000,8,8,8,0,0,8,8,0.0000
4,72.0000,3,46,308.0451,-78.0692,-0.5556,28,0.6829,0.4000,5,7,5,0,0,7,5,0.2857
4,72.0000,4,2,671.1011,-84.4636,-0.0570,7,0.1750,0.8750,8,8,8,0,0,8,8,0.0000
4,72.0000,4,5,524.5944,-84.8488,0.2747,8,0.2000,0.8000,5,8,8,0,0,8,8,0.0000
4,72.0000,4,8,450.4027,-82.8242,0.2577,8,0.2000,0.8571,7,8,8,0,0,8,8,0.0000
4,72.0000,4,9,553.0245,-82.9924,-0.9970,6,0.1500,0.7143,7,8,8,0,0,8,8,0.0000
4,72.0000,4,10,585.4992,-84.3698,-0.9896,8,0.2000,1.0000,8,9,7,0,0,9,7,0.2222
4,72.0000,4,11,789.7510,-87.1317,-0.9211,4,0.1000,1.0000,4,6,5,0,0,6,5,0.1667
4,72.0000,4,12,366.2851,-80.9435,0.7719,9,0.2250,0.6250,8,8,7,0,0,8,7,0.1250
4,72.0000,4,15,712.8778,-86.1128,0.3983,7,0.1750,1.0000,8,4,4,0,0,4,4,0.0000
4,72.0000,4,16,481.6178,-81.4669,0.0482,12,0.3000,1.0000,8,7,6,0,0,7,6,0.1429
4,72.0000,4,17,661.7360,-86.2845,1.1669,5,0.1250,1.0000,6,8,8,0,0,8,8,0.0000
4,72.0000,4,18,510.2890,-83.9875,-0.7511,12,0.3000,0.8571,7,8,8,0,0,8,8,0.0000
4,72.0000,4,19,266.1412,-77.8332,0.1512,21,0.5250,0.2000,5,6,4,0,0,6,4,0.3333
4,72.0000,4,20,500.9628,-84.3535,1.1890,8,0.2000,0.8571,7,7,4,0,0,7,4,0.4286
4,72.0000,4,22,1166.1150,-88.1688,-1.1685,3,0.0750,1.0000,4,4,4,0,0,4,4,0.0000
4,72.0000,4,24,760.0848,-87.8560,-3.2177,3,0.0750,1.0000,8,8,8,0,0,8,8,0.0000
4,72.0000,4,28,465.7902,-81.3603,-0.2316,10,0.2500,0.8750,8,7,6,0,0,7,6,0.1429
4,72.0000,4,29,495.0749,-83.4053,0.3350,9,0.2250,1.0000,8,7,6,0,0,7,6,0.1429
4,72.0000,4,30,709.8449,-86.7448,1.3504,4,0.1000,1.0000,8,8,6,0,0,8,6,0.2500
4,72.0000,4,31,455.2120,-84.0493,-0.0558,8,0.2000,1.0000,8,7,6,0,0,7,6,0.1429
4,72.0000,4,32,686.2008,-86.3757,0.6041,5,0.1250,0.8571,7,8,8,0,0,8,8,0.0000
4,72.0000,4,33,240.7737,-76.3494,-0.3303,26,0.6500,0.3333,6,6,3,0,0,6,3,0.5000
4,72.0000,4,34,586.4759,-85.9498,0.0672,4,0.1000,0.8889,9,8,8,0,0,8,8,0.0000
4,72.0000,4,36,754.6537,-87.5427,1.5278,4,0.1000,1.0000,6,8,8,0,0,8,8,0.0000
4,72.0000,4,39,629.4201,-84.6162,0.7698,9,0.2250,0.8571,7,4,4,0,0,4,4,0.0000
4,72.0000,4,42,624.8188,-85.3025,1.3634,7,0.1750,1.0000,6,8,7,0,0,8,7,0.1250
4,72.0000,4,43,818.6591,-86.9421,-2.1577,3,0.0750,1.0000,8,4,4,0,0,4,4,0.0000
4,72.0000,4,44,513.4575,-84.0455,1.1424,6,0.1500,1.0000,8,8,6,0,0,8,6,0.2500
4,72.0000,4,45,910.4658,-86.6100,0.0787,3,0.0750,1.0000,6,4,4,0,0,4,4,0.0000
4,72.0000,4,47,638.1895,-85.0782,0.6768,5,0.1250,0.5000,6,8,8,0,0,8,8,0.0000
4,72.0000,5,1,330.2175,-80.6182,0.2503,27,0.6750,0.5000,6,6,3,0,0,6,3,0.5000
4,72.0000,5,2,298.7315,-77.3448,-0.7605,32,0.8000,0.1667,6,4,1,0,0,4,1,0.7500
4,72.0000,5,4,524.5944,-83.8669,-0.1159,10,0.2500,1.0000,8,7,6,0,0,7,6,0.1429
4,72.0000,5,8,241.0883,-77.5313,0.2305,31,0.7750,0.7143,7,6,3,0,0,6,3,0.5000
4,72.0000,5,9,403.9305,-79.5646,-0.4144,22,0.5500,0.2000,5,6,4,0,0,6,4,0.3333
4,72.0000,5,10,786.7811,-87.4620,-0.0267,10,0.2500,0.8571,7,8,8,0,0,8,8,0.0000
4,72.0000,5,11,313.1957,-80.1887,0.5559,30,0.7500,0.5000,6,6,4,0,0,6,4,0.3333
4,72.0000,5,12,298.4580,-79.3659,-0.1013,24,0.6000,0.2000,5,7,5,0,0,7,5,0.2857
4,72.0000,5,13,519.4583,-84.5468,0.4565,14,0.3500,1.0000,8,8,8,0,0,8,8,0.0000
4,72.0000,5,16,876.3213,-87.2022,0.0150,6,0.1500,1.0000,8,6,6,0,0,6,6,0.0000
4,72.0000,5,17,356.3234,-81.7552,0.0682,20,0.5000,0.8571,7,7,5,0,0,7,5,0.2857
4,72.0000,5,18,306.7760,-78.4816,-0.3429,26,0.6500,0.3333,6,5,2,0,0,5,2,0.6000
4,72.0000,5,19,507.1703,-83.4439,0.0883,11,0.2750,0.8571,7,6,6,0,0,6,6,0.0000
4,72.0000,5,20,200.5634,-77.5264,0.6539,32,0.8000,0.4000,5,6,3,0,0,6,3,0.5000
4,72.0000,5,21,773.1146,-87.5545,-0.0884,13,0.3250,1.0000,4,3,2,0,0,3,2,0.3333
4,72.0000,5,25,676.2452,-84.4425,-1.0752,15,0.3750,1.0000,6,6,4,0,0,6,4,0.3333
4,72.0000,5,26,897.2658,-87.5344,0.1714,5,0.1250,1.0000,4,4,4,0,0,4,4,0.0000
4,72.0000,5,27,693.6431,-86.8262,-0.1100,11,0.2750,0.8571,7,4,2,0,0,4,2,0.5000
4,72.0000,5,28,123.3225,-75.4808,1.9479,33,0.8250,0.4000,5,4,0,0,0,4,0,1.0000
4,72.0000,5,29,658.4509,-86.1703,-0.4120,9,0.2250,0.8571,7,8,8,0,0,8,8,0.0000
4,72.0000,5,30,639.1989,-87.6560,0.9273,7,0.1750,0.8750,8,8,8,0,0,8,8,0.0000
4,72.0000,5,31,350.7922,-81.2312,1.0857,14,0.3500,0.7500,8,7,6,0,0,7,6,0.1429
4,72.0000,5,32,412.2412,-79.6882,-1.7156,26,0.6500,0.7143,7,7,5,0,0,7,5,0.2857
4,72.0000,5,33,719.4320,-88.1955,-0.0711,6,0.1500,1.0000,8,6,6,0,0,6,6,0.0000
4,72.0000,5,34,444.1007,-82.2319,0.7362,21,0.5250,0.6667,6,8,6,0,0,8,6,0.2500
4,72.0000,5,35,819.8564,-87.0276,-0.1118,10,0.2500,0.8750,8,4,4,0,0,4,4,0.0000
4,72.0000,5,36,250.4356,-78.1358,0.7874,28,0.7000,0.0000,4,7,3,0,0,7,3,0.5714
4,72.0000,5,39,284.3840,-75.5238,-1.2247,29,0.7250,0.0000,4,6,4,0,0,6,4,0.3333
4,72.0000,5,40,677.7850,-86.5296,0.4678,10,0.2500,0.8750,8,5,2,0,0,5,2,0.6000
4,72.0000,5,42,958.8532,-88.6697,-0.2195,3,0.0750,,0,6,6,0,0,6,6,0.0000
4,72.0000,5,44,355.3097,-82.0211,1.1820,12,0.3000,0.8750,8,8,7,0,0,8,7,0.1250
4,72.0000,5,45,651.4376,-83.9632,-0.8862,15,0.3750,0.8750,8,4,3,0,0,4,3,0.2500
4,72.0000,6,0,374.6309,-82.1309,-0.0958,23,0.5750,0.4000,5,8,6,0,0,8,6,0.2500
4,72.0000,6,3,522.2218,-84.1503,0.0304,22,0.5500,0.8571,7,8,6,0,0,8,6,0.2500
4,72.0000,6,7,250.6765,-79.8955,1.7235,34,0.8500,0.0000,4,4,0,0,0,4,0,1.0000
4,72.0000,6,10,790.7143,-87.2166,0.6524,5,0.1250,1.0000,4,7,6,0,0,7,6,0.1429
4,72.0000,6,14,764.5358,-87.6725,0.0520,6,0.1500,1.0000,8,8,8,0,0,8,8,0.0000
4,72.0000,6,15,586.7154,-84.4174,-0.8136,10,0.2500,1.0000,8,8,8,0,0,8,8,0.0000
4,72.0000,6,16,825.4224,-88.7519,0.1864,4,0.1000,0.8000,5,9,8,0,0,9,8,0.1111
4,72.0000,6,22,432.8544,-82.7024,0.2559,26,0.6500,0.5714,7,7,5,0,0,7,5,0.2857
4,72.0000,6,23,689.4478,-86.7989,0.4468,13,0.3250,1.0000,6,8,7,0,0,8,7,0.1250
4,72.0000,6,24,555.6737,-84.0700,0.2133,12,0.3000,1.0000,8,7,6,0,0,7,6,0.1429
4,72.0000,6,37,143.5365,-72.6303,0.3099,38,0.9500,0.0000,4,4,0,0,0,4,0,1.0000
4,72.0000,6,38,200.2481,-77.3949,1.0157,32,0.8000,0.4286,7,7,3,0,0,7,3,0.5714
4,72.0000,6,41,495.7061,-84.0942,-0.2678,24,0.6000,0.8571,7,8,6,0,0,8,6,0.2500
4,72.0000,6,42,685.2137,-87.7773,-0.1220,7,0.1750,1.0000,8,7,6,0,0,7,6,0.1429
4,72.0000,6,43,558.2598,-84.4216,0.8127,8,0.2000,0.8750,8,8,8,0,0,8,8,0.0000
4,72.0000,6,46,598.7097,-84.2961,0.8737,13,0.3250,1.0000,8,7,6,0,0,7,6,0.1429
4,72.0000,6,47,654.2093,-87.1044,-0.8911,7,0.1750,1.0000,8,8,8,0,0,8,8,0.0000
4,72.0000,7,0,577.3037,-83.6390,-0.0875,14,0.3500,0.5714,7,8,8,0,0,8,8,0.0000
4,72.0000,7,3,411.7894,-80.5835,-0.8689,28,0.7000,0.0000,4,7,5,0,0,7,5,0.2857
4,72.0000,7,6,250.6765,-79.4981,0.8889,33,0.8250,0.4000,5,4,0,0,0,4,0,1.0000
4,72.0000,7,14,770.1216,-85.3205,0.5923,3,0.0750,1.0000,8,8,7,0,0,8,7,0.1250
4,72.0000,7,22,423.6178,-81.8377,-0.1430,16,0.4000,0.4000,5,6,4,0,0,6,4,0.3333
4,72.0000,7,23,583.2583,-85.6973,-0.1432,11,0.2750,0.8571,7,8,8,0,0,8,8,0.0000
4,72.0000,7,37,292.4200,-81.4208,1.0617,32,0.8000,0.4000,5,5,1,0,0,5,1,0.8000
4,72.0000,7,38,325.2544,-81.3712,0.2231,18,0.4500,0.7143,7,5,2,0,0,5,2,0.6000
4,72.0000,7,41,296.0166,-78.8363,-0.0667,35,0.8750,0.2000,5,6,4,0,0,6,4,0.3333
4,72.0000,7,43,665.2807,-84.6614,-1.2127,8,0.2000,1.0000,10,7,6,0,0,7,6,0.1429
4,72.0000,7,46,603.3095,-83.8482,-0.3549,10,0.2500,0.8750,8,8,7,0,0,8,7,0.1250
4,72.0000,8,1,469.2046,-84.2659,0.5040,14,0.3500,0.7143,7,6,4,0,0,6,4,0.3333
4,72.0000,8,2,260.7224,-76.9012,-0.6018,33,0.8250,0.6250,8,8,4,0,0,8,4,0.5000
4,72.0000,8,4,450.4027,-83.5210,-0.8385,13,0.3250,0.9000,10,8,8,0,0,8,8,0.0000
4,72.0000,8,5,241.0883,-77.7088,0.1482,30,0.7500,0.5714,7,6,3,0,0,6,3,0.5000
4,72.0000,8,9,410.0107,-79.4981,-1.8387,29,0.7250,0.5714,7,7,6,0,0,7,6,0.1429
4,72.0000,8,10,806.4094,-87.3862,-0.9681,6,0.1500,1.0000,8,8,8,0,0,8,8,0.0000
4,72.0000,8,11,470.3644,-84.6108,0.3340,14,0.3500,0.8571,7,8,5,0,0,8,5,0.3750
4,72.0000,8,12,343.8227,-80.8983,0.3412,16,0.4000,0.8571,7,8,7,0,0,8,7,0.1250
4,72.0000,8,13,654.0012,-87.3747,0.4631,11,0.2750,0.6667,6,8,8,0,0,8,8,0.0000
4,72.0000,8,16,880.4689,-88.8342,-0.2858,6,0.1500,0.8571,7,6,6,0,0,6,6,0.0000
4,72.0000,8,17,306.6850,-81.2342,1.0916,20,0.5000,0.8571,7,5,1,0,0,5,1,0.8000
4,72.0000,8,18,466.6753,-81.6046,0.7734,16,0.4000,0.5000,6,7,6,0,0,7,6,0.1429
4,72.0000,8,19,556.2348,-84.7541,0.7494,8,0.2000,0.7500,8,8,8,0,0,8,8,0.0000
4,72.0000,8,20,260.5985,-78.7064,0.1809,22,0.5500,0.7143,7,5,1,0,0,5,1,0.8000
4,72.0000,8,21,773.5254,-87.4921,0.3244,7,0.1750,1.0000,8,6,6,0,0,6,6,0.0000
4,72.0000,8,25,778.2170,-86.1740,-0.7377,11,0.2750,0.8000,5,6,6,0,0,6,6,0.0000
4,72.0000,8,26,911.6921,-87.5308,1.4162,5,0.1250,1.0000,2,6,6,0,0,6,6,0.0000
4,72.0000,8,27,724.7588,-86.8413,0.0655,12,0.3000,,0,7,5,0,0,7,5,0.2857
4,72.0000,8,28,262.9984,-78.3901,-0.4603,23,0.5750,0.5000,6,6,4,0,0,6,4,0.3333
4,72.0000,8,29,722.1044,-87.1094,-0.2395,6,0.1500,0.8333,6,8,7,0,0,8,7,0.1250
4,72.0000,8,30,628.3561,-87.6922,2.1552,5,0.1250,0.7143,7,8,8,0,0,8,8,0.0000
4,72.0000,8,31,389.8477,-81.5338,-0.1980,17,0.4250,0.8571,7,7,4,0,0,7,4,0.4286
4,72.0000,8,32,465.4533,-81.0797,-0.6810,26,0.6500,0.6250,8,8,8,0,0,8,8,0.0000
4,72.0000,8,33,677.1557,-85.8412,0.1586,7,0.1750,0.7143,7,3,2,0,0,3,2,0.3333
4,72.0000,8,34,523.4371,-83.2354,-0.0519,21,0.5250,0.7500,8,6,4,0,0,6,4,0.3333
4,72.0000,8,36,453.9136,-84.1448,0.2177,14,0.3500,0.5714,7,8,8,0,0,8,8,0.0000
4,72.0000,8,39,397.2849,-80.2147,0.1466,23,0.5750,0.7143,7,8,6,0,0,8,6,0.2500
4,72.0000,8,40,680.3365,-86.3680,-0.2585,13,0.3250,0.8333,6,8,8,0,0,8,8,0.0000
4,72.0000,8,42,909.4778,-88.2709,0.9403,3,0.0750,,0,6,6,0,0,6,6,0.0000
4,72.0000,8,44,421.3248,-84.4081,1.8959,13,0.3250,0.7500,8,7,6,0,0,7,6,0.1429
4,72.0000,8,45,664.8524,-84.9202,-0.7321,19,0.4750,0.7143,7,2,2,0,0,2,2,0.0000
4,72.0000,9,1,647.9239,-84.7154,0.3222,14,0.3500,1.0000,8,8,8,0,0,8,8,0.0000
4,72.0000,9,2,359.6791,-78.0656,-1.7057,25,0.6250,0.8571,7,7,6,0,0,7,6,0.1429
4,72.0000,9,4,553.0245,-84.2757,-1.1525,11,0.2750,0.8571,7,8,7,0,0,8,7,0.1250
4,72.0000,9,5,403.9305,-79.6308,-1.8437,19,0.4750,0.8571,7,6,4,0,0,6,4,0.3333
4,72.0000,9,8,410.0107,-79.5383,-1.6980,21,0.5250,0.4000,5,7,5,0,0,7,5,0.2857
4,72.0000,9,10,1038.1815,-88.7429,0.4828,4,0.1000,1.0000,4,6,6,0,0,6,6,0.0000
4,72.0000,9,11,690.4913,-86.2139,-0.3452,7,0.1750,1.0000,6,7,5,0,0,7,5,0.2857
4,72.0000,9,12,591.4766,-83.4719,-0.4198,9,0.2250,1.0000,8,8,8,0,0,8,8,0.0000
4,72.0000,9,13,804.9683,-87.8552,0.6214,10,0.2500,1.0000,4,8,8,0,0,8,8,0.0000
4,72.0000,9,16,973.0163,-88.1848,-2.1205,4,0.1000,1.0000,8,4,4,0,0,4,4,0.0000
4,72.0000,9,17,686.4725,-84.9869,-0.4093,12,0.3000,1.0000,8,8,8,0,0,8,8,0.0000
4,72.0000,9,18,336.6660,-80.8751,0.2923,20,0.5000,0.8571,7,7,4,0,0,7,4,0.4286
4,72.0000,9,19,599.0991,-84.9862,-0.3688,9,0.2250,0.5714,7,6,5,0,0,6,5,0.1667
4,72.0000,9,20,571.3214,-83.7795,0.0446,12,0.3000,0.6667,6,8,7,0,0,8,7,0.1250
4,72.0000,9,21,638.5491,-87.7544,0.3241,11,0.2750,1.0000,8,8,7,0,0,8,7,0.1250
4,72.0000,9,25,590.5712,-85.5536,-0.7114,18,0.4500,1.0000,8,8,6,0,0,8,6,0.2500
4,72.0000,9,27,759.2224,-86.9992,0.7675,7,0.1750,1.0000,2,8,8,0,0,8,8,0.0000
4,72.0000,9,28,487.1163,-83.2665,-0.8892,14,0.3500,0.8000,5,10,10,0,0,10,10,0.0000
4,72.0000,9,30,992.9263,-89.0060,-0.9950,4,0.1000,1.0000,6,8,8,0,0,8,8,0.0000
4,72.0000,9,31,685.7772,-86.0743,-0.2925,8,0.2000,0.8750,8,8,8,0,0,8,8,0.0000
4,72.0000,9,32,153.9921,-73.3519,-0.2225,34,0.8500,0.2000,5,4,0,0,0,4,0,1.0000
4,72.0000,9,33,765.8289,-86.2884,-0.4063,8,0.2000,1.0000,8,6,6,0,0,6,6,0.0000
4,72.0000,9,34,174.1556,-76.0973,1.4140,33,0.8250,0.0000,4,7,2,0,0,7,2,0.7143
4,72.0000,9,35,634.8195,-85.5778,-0.5404,15,0.3750,0.8571,7,6,4,0,0,6,4,0.3333
4,72.0000,9,36,467.7765,-84.8192,0.3287,15,0.3750,0.6667,6,6,4,0,0,6,4,0.3333
4,72.0000,9,39,206.3121,-75.3184,0.1851,29,0.7250,0.3333,6,5,1,0,0,5,1,0.8000
4,72.0000,9,40,699.6294,-87.1509,0.5086,12,0.3000,0.7143,7,8,8,0,0,8,8,0.0000
4,72.0000,9,44,713.5872,-86.2349,0.8201,7,0.1750,1.0000,8,8,8,0,0,8,8,0.0000
4,72.0000,9,45,363.7220,-80.3932,-0.5719,30,0.7500,0.6250,8,6,4,0,0,6,4,0.3333
4,72.0000,10,0,610.1841,-85.5814,0.4331,12,0.3000,0.8750,8,8,7,0,0,8,7,0.1250
4,72.0000,10,3,743.2970,-87.0453,0.2439,10,0.2500,0.6667,6,7,6,0,0,7,6,0.1429
4,72.0000,10,4,585.4992,-84.8363,2.2412,5,0.1250,1.0000,8,8,8,0,0,8,8,0.0000
4,72.0000,10,7,924.0668,-88.0298,-0.9009,3,0.0750,,0,4,4,0,0,4,4,0.0000
4,72.0000,10,8,806.4094,-88.2609,-0.2121,3,0.0750,1.0000,8,6,6,0,0,6,6,0.0000
4,72.0000,10,12,492.5747,-85.1872,-0.2898,4,0.1000,0.8750,8,6,4,0,0,6,4,0.3333
4,72.0000,10,14,450.8842,-83.5912,0.4796,15,0.3750,0.6667,6,6,3,0,0,6,3,0.5000
4,72.0000,10,15,433.3841,-82.9303,-0.1472,14,0.3500,0.8750,8,7,4,0,0,7,4,0.4286
4,72.0000,10,16,398.4790,-81.6958,0.7647,19,0.4750,0.6667,6,6,3,0,0,6,3,0.5000
4,72.0000,10,17,792.1766,-86.8992,0.3334,5,0.1250,0.6667,6,8,8,0,0,8,8,0.0000
4,72.0000,10,18,830.0667,-86.9773,-1.5765,5,0.1250,1.0000,6,8,8,0,0,8,8,0.0000
4,72.0000,10,19,505.4459,-83.2112,-0.8176,10,0.2500,0.8750,8,7,6,0,0,7,6,0.1429
4,72.0000,10,20,644.1836,-83.7739,-1.0080,6,0.1500,0.8000,5,9,8,0,0,9,8,0.1111
4,72.0000,10,22,777.7985,-87.1466,0.3959,7,0.1750,1.0000,6,6,6,0,0,6,6,0.0000
4,72.0000,10,23,848.3851,-87.6372,0.1553,7,0.1750,0.8750,8,8,8,0,0,8,8,0.0000
4,72.0000,10,24,248.1962,-78.3973,0.9270,24,0.6000,0.7143,7,4,0,0,0,4,0,1.0000
4,72.0000,10,26,593.2858,-84.9865,-0.5187,11,0.2750,0.8571,7,8,8,0,0,8,8,0.0000
4,72.0000,10,28,665.3210,-84.6154,-1.0250,5,0.1250,1.0000,8,7,6,0,0,7,6,0.1429
4,72.0000,10,29,213.8327,-76.0965,1.2334,22,0.5500,0.5000,6,4,0,0,0,4,0,1.0000
4,72.0000,10,30,485.8385,-81.9072,-1.1755,10,0.2500,0.6667,6,8,8,0,0,8,8,0.0000
4,72.0000,10,31,465.5141,-81.8708,-0.1435,10,0.2500,0.8571,7,8,7,26,24,34,31,0.0882
4,72.0000,10,33,486.0606,-82.2356,-0.2804,13,0.3250,0.6667,6,8,7,0,0,8,7,0.1250
4,72.0000,10,37,896.4376,-88.1628,-0.2414,5,0.1250,,0,2,2,0,0,2,2,0.0000
4,72.0000,10,38,669.6196,-85.9851,0.3224,12,0.3000,0.8750,8,8,8,0,0,8,8,0.0000
4,72.0000,10,41,972.0701,-88.8214,0.2090,5,0.1250,1.0000,4,4,4,0,0,4,4,0.0000
4,72.0000,10,42,288.5787,-79.1256,0.4344,19,0.4750,0.2000,5,4,0,0,0,4,0,1.0000
4,72.0000,10,43,494.8490,-84.4080,-0.4866,14,0.3500,0.8750,8,8,8,0,0,8,8,0.0000
4,72.0000,10,44,482.6587,-80.8544,-0.8818,14,0.3500,1.0000,8,8,8,0,0,8,8,0.0000
4,72.0000,10,46,463.8806,-83.6488,0.2588,13,0.3250,0.7143,7,8,6,0,0,8,6,0.2500
4,72.0000,10,47,428.2975,-82.7320,0.1030,14,0.3500,0.6667,6,8,8,0,0,8,8,0.0000
4,72.0000,11,1,144.1250,-75.2377,1.2082,30,0.7500,0.3333,6,4,0,0,0,4,0,1.0000
4,72.0000,11,2,466.7275,-83.8469,0.0129,13,0.3250,0.6667,6,7,5,0,0,7,5,0.2857
4,72.0000,11,5,313.1957,-80.1922,0.3646,13,0.3250,0.8750,8,6,4,0,0,6,4,0.3333
4,72.0000,11,8,470.3644,-85.6222,-0.3370,8,0.2000,1.0000,8,7,6,0,0,7,6,0.1429
4,72.0000,11,9,690.4913,-86.3949,-0.5107,4,0.1000,0.8571,7,8,8,0,0,8,8,0.0000
4,72.0000,11,10,864.3583,-86.9191,-0.6337,5,0.1250,1.0000,8,6,6,0,0,6,6,0.0000
4,72.0000,11,12,460.6216,-81.9518,-0.1277,8,0.2000,0.8571,7,7,6,0,0,7,6,0.1429
4,72.0000,11,13,283.0124,-79.3162,0.6274,30,0.7500,0.6444,45,5,0,0,0,5,0,1.0000
4,72.0000,11,17,331.7522,-78.8291,0.4445,25,0.6250,0.7143,7,8,7,0,0,8,7,0.1250
4,72.0000,11,18,557.4530,-82.9496,0.1427,8,0.2000,1.0000,8,8,6,0,0,8,6,0.2500
4,72.0000,11,19,738.9502,-86.8063,0.1981,6,0.1500,0.8750,8,8,7,0,0,8,7,0.1250
4,72.0000,11,20,304.6893,-80.1220,-0.6456,13,0.3250,0.8571,7,7,4,0,0,7,4,0.4286
4,72.0000,11,21,858.2576,-87.7311,1.1120,3,0.0750,1.0000,4,4,4,0,0,4,4,0.0000
4,72.0000,11,25,737.2697,-86.8918,0.0881,10,0.2500,1.0000,2,4,4,0,0,4,4,0.0000
4,72.0000,11,26,777.3787,-86.8032,-1.6320,5,0.1250,1.0000,8,4,4,0,0,4,4,0.0000
4,72.0000,11,27,645.8654,-86.1875,-0.1246,10,0.2500,1.0000,2,7,5,0,0,7,5,0.2857
4,72.0000,11,28,326.8860,-80.2139,-0.0029,18,0.4500,1.0000,8,5,2,0,0,5,2,0.6000
4,72.0000,11,29,768.6589,-86.8049,0.6481,3,0.0750,1.0000,8,7,6,0,0,7,6,0.1429
4,72.0000,11,30,585.6019,-85.1738,0.4783,8,0.2000,0.8750,8,8,6,0,0,8,6,0.2500
4,72.0000,11,31,432.0763,-80.9819,0.0774,8,0.2000,0.5714,7,7,6,0,0,7,6,0.1429
4,72.0000,11,32,650.4823,-86.1748,-0.0765,7,0.1750,0.8000,5,6,5,0,0,6,5,0.1667
4,72.0000,11,33,953.9010,-86.9678,1.9506,3,0.0750,0.8000,5,6,6,0,0,6,6,0.0000
4,72.0000,11,34,718.6234,-86.6021,0.0442,4,0.1000,0.8750,8,8,8,0,0,8,8,0.0000
4,72.0000,11,35,935.4087,-89.0574,-0.1333,3,0.0750,0.8571,7,6,6,0,0,6,6,0.0000
4,72.0000,11,36,301.6485,-80.0687,-0.2479,22,0.5500,0.8571,7,9,7,0,0,9,7,0.2222
4,72.0000,11,39,523.2303,-84.3699,-0.3611,10,0.2500,0.5000,6,8,7,0,0,8,7,0.1250
4,72.0000,11,40,676.2628,-86.0677,0.1736,10,0.2500,1.0000,6,8,8,0,0,8,8,0.0000
4,72.0000,11,44,392.6047,-82.1751,0.3628,9,0.2250,0.9000,10,5,2,0,0,5,2,0.6000
4,72.0000,12,1,550.2417,-85.4768,0.5424,16,0.4000,1.0000,8,8,7,0,0,8,7,0.1250
4,72.0000,12,2,551.4620,-83.4122,-1.9091,15,0.3750,0.7000,10,8,8,2,2,10,10,0.0000
4,72.0000,12,4,366.2851,-82.4366,0.6429,17,0.4250,0.8571,7,7,6,0,0,7,6,0.1429
4,72.0000,12,5,298.4580,-79.7484,0.5173,20,0.5000,0.4000,5,7,5,0,0,7,5,0.2857
4,72.0000,12,8,343.8227,-80.1900,0.1272,18,0.4500,0.7143,7,8,7,0,0,8,7,0.1250
4,72.0000,12,9,591.4766,-84.8959,-1.0308,12,0.3000,0.8750,8,7,6,0,0,7,6,0.1429
4,72.0000,12,10,492.5747,-82.6381,-0.2891,14,0.3500,0.7500,8,8,7,0,0,8,7,0.1250
4,72.0000,12,11,460.6216,-82.0492,0.7466,17,0.4250,0.6111,18,7,6,0,0,7,6,0.1429
4,72.0000,12,13,733.3975,-86.6310,-1.0329,6,0.1500,1.0000,4,6,6,0,0,6,6,0.0000
4,72.0000,12,14,822.0120,-86.8768,-0.1438,7,0.1750,1.0000,2,8,8,0,0,8,8,0.0000
4,72.0000,12,15,810.1333,-87.4234,1.6017,4,0.1000,1.0000,6,6,6,0,0,6,6,0.0000
4,72.0000,12,16,621.9422,-85.4697,0.0531,8,0.2000,0.8571,7,8,8,0,0,8,8,0.0000
4,72.0000,12,17,400.5279,-81.4537,0.3972,22,0.5500,0.3333,6,7,6,0,0,7,6,0.1429
4,72.0000,12,18,426.3777,-79.9944,-0.4378,16,0.4000,0.6667,6,7,5,0,0,7,5,0.2857
4,72.0000,12,19,332.4403,-79.7938,-0.4367,24,0.6000,0.7143,7,8,8,0,0,8,8,0.0000
4,72.0000,12,20,186.2000,-70.6151,-2.0595,34,0.8500,0.2000,5,6,4,0,0,6,4,0.3333
4,72.0000,12,24,731.3664,-87.1115,-0.2864,8,0.2000,1.0000,8,6,4,0,0,6,4,0.3333
4,72.0000,12,26,704.4664,-86.1035,0.2037,12,0.3000,1.0000,6,6,6,0,0,6,6,0.0000
4,72.0000,12,27,969.8846,-88.2016,-1.5571,3,0.0750,1.0000,2,5,4,0,0,5,4,0.2000
4,72.0000,12,28,180.2171,-68.1851,-3.2496,33,0.8250,0.0000,4,6,3,0,0,6,3,0.5000
4,72.0000,12,29,388.8876,-82.6883,-0.4184,15,0.3750,0.6250,8,6,3,0,0,6,3,0.5000
4,72.0000,12,30,442.0461,-82.5981,0.0612,16,0.4000,1.0000,8,6,4,0,0,6,4,0.3333
4,72.0000,12,31,113.3409,-73.1155,0.9996,34,0.8500,0.3333,6,4,0,0,0,4,0,1.0000
4,72.0000,12,32,657.8796,-85.4254,-0.7625,13,0.3250,0.6667,6,8,8,0,0,8,8,0.0000
4,72.0000,12,33,497.8146,-84.1872,0.4817,10,0.2500,0.8750,8,8,8,0,0,8,8,0.0000
4,72.0000,12,34,613.1370,-85.5723,-1.2205,11,0.2750,0.8750,8,6,4,0,0,6,4,0.3333
4,72.0000,12,36,524.7099,-84.6429,0.6771,10,0.2500,0.7500,8,7,5,0,0,7,5,0.2857
4,72.0000,12,39,540.5528,-83.1820,-0.4584,13,0.3250,1.0000,8,8,7,0,0,8,7,0.1250
4,72.0000,12,40,952.9325,-88.1992,0.4239,3,0.0750,1.0000,4,6,6,0,0,6,6,0.0000
4,72.0000,12,42,664.3284,-87.3861,-0.6820,6,0.1500,0.8333,6,6,4,0,0,6,4,0.3333
4,72.0000,12,43,890.1117,-88.3202,-0.6463,4,0.1000,0.8750,8,4,4,0,0,4,4,0.0000
4,72.0000,12,44,158.1676,-74.2908,0.8172,33,0.8250,0.4000,5,5,0,1,0,6,0,1.0000
4,72.0000,12,46,900.2088,-88.3990,-0.1225,3,0.0750,1.0000,4,8,8,0,0,8,8,0.0000
4,72.0000,12,47,765.7171,-86.7933,-0.3471,9,0.2250,0.8750,8,6,6,0,0,6,6,0.0000
4,72.0000,13,1,192.8585,-76.5305,0.3181,25,0.6410,0.2000,5,5,1,0,0,5,1,0.8000
4,72.0000,13,2,535.6610,-84.6922,-0.0354,7,0.1795,1.0000,8,8,8,0,0,8,8,0.0000
4,72.0000,13,5,519.4583,-83.6839,-0.4131,8,0.2051,0.6667,6,8,8,0,0,8,8,0.0000
4,72.0000,13,8,654.0012,-86.2141,7.6413,3,0.0769,1.0000,8,8,8,0,0,8,8,0.0000
4,72.0000,13,9,804.9683,-86.3336,3.2279,4,0.1026,1.0000,8,8,7,0,0,8,7,0.1250
4,72.0000,13,11,283.0124,-78.0810,-0.2293,22,0.5641,0.5000,6,6,4,0,0,6,4,0.3333
4,72.0000,13,17,518.5354,-84.2414,0.3690,9,0.2308,1.0000,8,7,6,0,0,7,6,0.1429
4,72.0000,13,18,735.3176,-85.5752,-0.4307,5,0.1282,1.0000,8,7,6,0,0,7,6,0.1429
4,72.0000,13,20,566.0799,-83.8754,-0.3715,6,0.1538,1.0000,8,7,6,0,0,7,6,0.1429
4,72.0000,13,21,748.1452,-86.0855,0.7715,7,0.1795,1.0000,8,6,6,0,0,6,6,0.0000
4,72.0000,13,25,626.8685,-85.6962,-0.8366,9,0.2308,1.0000,8,7,6,0,0,7,6,0.1429
4,72.0000,13,26,990.0521,-86.7888,0.3400,3,0.0769,1.0000,2,6,6,0,0,6,6,0.0000
4,72.0000,13,27,462.5667,-82.7562,0.2728,26,0.6667,0.8571,7,7,6,0,0,7,6,0.1429
4,72.0000,13,28,578.7542,-84.4170,2.1063,6,0.1538,1.0000,6,8,7,0,0,8,7,0.1250
4,72.0000,13,32,715.7185,-85.4050,0.3622,7,0.1795,1.0000,8,7,6,0,0,7,6,0.1429
4,72.0000,13,34,840.3615,-87.3357,1.5372,3,0.0769,1.0000,6,8,8,0,0,8,8,0.0000
4,72.0000,13,35,871.1262,-85.6821,-0.1252,4,0.1026,0.8750,8,8,8,0,0,8,8,0.0000
4,72.0000,13,36,378.7793,-80.6806,-0.3262,20,0.5128,1.0000,8,7,5,0,0,7,5,0.2857
4,72.0000,13,39,620.6658,-85.1405,-0.1474,6,0.1538,1.0000,8,8,8,0,0,8,8,0.0000
4,72.0000,13,40,531.8049,-83.8181,-0.4581,15,0.3846,0.8750,8,8,7,0,0,8,7,0.1250
4,72.0000,13,45,838.9115,-87.5332,-1.0485,4,0.1026,1.0000,6,6,6,0,0,6,6,0.0000
4,72.0000,14,0,769.9184,-86.9744,-0.3479,6,0.1500,1.0000,6,10,9,0,0,10,9,0.1000
4,72.0000,14,3,462.4739,-84.0279,0.0857,17,0.4250,0.7500,8,5,2,0,0,5,2,0.6000
4,72.0000,14,6,764.5358,-87.5111,-0.8161,8,0.2000,1.0000,8,8,8,0,0,8,8,0.0000
4,72.0000,14,7,770.1216,-85.7738,-0.6010,6,0.1500,1.0000,6,8,8,0,0,8,8,0.0000
4,72.0000,14,10,450.8842,-83.5671,-0.9266,9,0.2250,0.8889,9,7,6,0,0,7,6,0.1429
4,72.0000,14,15,753.1722,-87.2742,0.6662,6,0.1500,1.0000,4,8,8,0,0,8,8,0.0000
4,72.0000,14,22,703.8605,-86.4040,0.5439,8,0.2000,1.0000,8,8,8,0,0,8,8,0.0000
4,72.0000,14,23,609.0380,-84.9197,-0.0405,13,0.3250,0.8750,8,7,6,0,0,7,6,0.1429
4,72.0000,14,24,407.3635,-81.5583,-0.0697,15,0.3750,0.7143,7,7,6,0,0,7,6,0.1429
4,72.0000,14,26,388.4192,-81.8585,0.5854,18,0.4500,0.2000,5,6,3,0,0,6,3,0.5000
4,72.0000,14,29,630.3598,-86.5457,0.6484,4,0.1000,1.0000,8,7,6,0,0,7,6,0.1429
4,72.0000,14,30,530.2175,-83.4801,-0.3119,11,0.2750,0.8750,8,8,7,0,0,8,7,0.1250
4,72.0000,14,37,889.5482,-87.8018,1.2365,4,0.1000,1.0000,2,4,4,0,0,4,4,0.0000
4,72.0000,14,38,655.2097,-85.1723,0.8801,7,0.1750,0.8571,7,8,8,0,0,8,8,0.0000
4,72.0000,14,41,735.1817,-86.3310,0.0001,12,0.3000,1.0000,8,8,7,0,0,8,7,0.1250
4,72.0000,14,42,530.3341,-85.3186,-0.1067,11,0.2750,1.0000,8,8,8,0,0,8,8,0.0000
4,72.0000,14,43,602.6987,-85.2064,-0.3885,12,0.3000,0.9565,23,8,8,2,2,10,10,0.0000
4,72.0000,14,44,731.5465,-87.2957,-1.6644,5,0.1250,1.0000,8,7,6,0,0,7,6,0.1429
4,72.0000,14,46,186.5320,-76.5897,0.5029,30,0.7500,0.0000,4,4,0,0,0,4,0,1.0000
4,72.0000,14,47,780.9457,-87.0660,0.5303,5,0.1250,1.0000,8,8,8,0,0,8,8,0.0000
4,72.0000,15,0,325.4320,-79.1226,-0.3224,28,0.7000,0.2000,5,5,2,0,0,5,2,0.6000
4,72.0000,15,3,823.7477,-87.2497,-0.6065,6,0.1500,1.0000,8,8,8,0,0,8,8,0.0000
4,72.0000,15,4,712.8778,-87.4354,-1.2283,6,0.1500,1.0000,8,8,8,0,0,8,8,0.0000
4,72.0000,15,6,586.7154,-84.6979,-0.2988,15,0.3750,0.5714,7,8,6,0,0,8,6,0.2500
4,72.0000,15,7,807.5132,-86.7278,0.2731,10,0.2500,1.0000,6,5,4,0,0,5,4,0.2000
4,72.0000,15,10,433.3841,-83.2177,-0.2324,8,0.2000,1.0000,8,6,3,0,0,6,3,0.5000
4,72.0000,15,16,246.2641,-80.2662,1.1338,23,0.5750,0.6667,6,3,0,0,0,3,0,1.0000
4,72.0000,15,18,1022.4709,-88.9487,1.0229,3,0.0750,1.0000,8,8,8,0,0,8,8,0.0000
4,72.0000,15,19,630.1808,-86.7573,0.2011,5,0.1250,0.8333,6,7,6,0,0,7,6,0.1429
4,72.0000,15,22,702.5925,-85.4049,-0.3083,13,0.3250,1.0000,6,8,6,0,0,8,6,0.2500
4,72.0000,15,23,937.4404,-86.3452,0.4048,4,0.1000,1.0000,6,8,8,0,0,8,8,0.0000
4,72.0000,15,24,357.8071,-82.6399,-0.1005,15,0.3750,0.6667,6,7,3,0,0,7,3,0.5714
4,72.0000,15,29,473.7564,-83.6443,1.1590,10,0.2500,0.8750,8,7,5,0,0,7,5,0.2857
4,72.0000,15,30,910.1635,-86.8184,-0.1162,3,0.0750,1.0000,8,8,8,0,0,8,8,0.0000
4,72.0000,15,33,487.9704,-83.5318,-0.8719,9,0.2250,1.0000,8,6,4,0,0,6,4,0.3333
4,72.0000,15,37,649.0907,-84.9527,0.1087,13,0.3250,1.0000,8,10,10,0,0,10,10,0.0000
4,72.0000,15,38,517.6370,-82.1056,-1.0359,20,0.5000,0.0000,4,8,7,0,0,8,7,0.1250
4,72.0000,15,42,396.2667,-81.7153,0.7585,18,0.4500,0.5000,6,7,5,0,0,7,5,0.2857
4,72.0000,15,43,463.1140,-84.0072,0.0650,18,0.4500,0.5714,7,8,7,0,0,8,7,0.1250
4,72.0000,15,46,663.4697,-86.0181,-0.1699,11,0.2750,1.0000,8,8,8,0,0,8,8,0.0000
4,72.0000,15,47,89.7203,-72.1387,2.3879,36,0.9000,0.2000,5,4,0,0,0,4,0,1.0000
4,72.0000,16,0,531.4469,-84.5322,0.7584,18,0.4500,1.0000,8,3,2,0,0,3,2,0.3333
4,72.0000,16,2,1104.9034,-88.4759,-0.5046,4,0.1000,1.0000,4,8,8,0,0,8,8,0.0000
4,72.0000,16,3,983.4667,-87.2075,-0.9794,4,0.1000,,0,6,6,0,0,6,6,0.0000
4,72.0000,16,4,481.6178,-79.6261,-1.6933,14,0.3500,0.8750,8,8,8,0,0,8,8,0.0000
4,72.0000,16,5,876.3213,-88.7127,0.1443,4,0.1000,1.0000,8,8,8,0,0,8,8,0.0000
4,72.0000,16,6,825.4224,-87.4453,0.0778,7,0.1750,0.8750,8,7,6,0,0,7,6,0.1429
4,72.0000,16,8,880.4689,-87.5986,0.4988,7,0.1750,1.0000,8,8,8,0,0,8,8,0.0000
4,72.0000,16,9,973.0163,-87.8380,0.4406,3,0.0750,1.0000,4,8,8,0,0,8,8,0.0000
4,72.0000,16,10,398.4790,-82.7222,0.8136,16,0.4000,0.5714,7,6,3,55,47,61,50,0.1803
4,72.0000,16,11,1064.2269,-88.7556,-0.0303,3,0.0750,1.0000,8,8,8,0,0,8,8,0.0000
4,72.0000,16,12,621.9422,-85.3765,0.1431,10,0.2500,1.0000,18,8,7,0,0,8,7,0.1250
4,72.0000,16,14,821.4006,-86.9856,-0.3203,5,0.1250,1.0000,8,5,4,0,0,5,4,0.2000
4,72.0000,16,15,246.2641,-79.8544,1.5738,29,0.7250,0.5714,7,4,0,0,0,4,0,1.0000
4,72.0000,16,17,996.3334,-87.6773,0.4017,3,0.0750,1.0000,6,8,8,0,0,8,8,0.0000
4,72.0000,16,18,797.1536,-85.6969,0.2156,7,0.1750,1.0000,8,8,8,64,64,72,72,0.0000
4,72.0000,16,19,399.0766,-81.0556,0.2512,12,0.3000,1.0000,8,7,5,6,4,13,9,0.3077
4,72.0000,16,20,807.5031,-86.5787,-0.2102,6,0.1500,1.0000,8,8,8,0,0,8,8,0.0000
4,72.0000,16,22,873.5421,-87.5657,-0.2538,8,0.2000,1.0000,6,8,8,0,0,8,8,0.0000
4,72.0000,16,23,1068.7339,-89.5709,0.3307,3,0.0750,1.0000,6,2,2,0,0,2,2,0.0000
4,72.0000,16,24,458.4501,-84.0947,0.5852,16,0.4000,0.7143,7,5,2,0,0,5,2,0.6000
4,72.0000,16,26,984.3289,-86.6743,0.3711,3,0.0750,1.0000,4,2,2,0,0,2,2,0.0000
4,72.0000,16,28,780.1352,-87.1863,-0.6626,6,0.1500,1.0000,8,8,8,0,0,8,8,0.0000
4,72.0000,16,29,353.0093,-79.0493,0.4493,23,0.5750,0.5000,6,7,6,2,2,9,8,0.1111
4,72.0000,16,30,823.6014,-85.6318,0.2533,4,0.1000,1.0000,8,5,4,0,0,5,4,0.2000
4,72.0000,16,31,667.8028,-84.6334,0.2599,7,0.1750,1.0000,8,7,6,0,0,7,6,0.1429
4,72.0000,16,33,258.4626,-76.4031,-0.4958,32,0.8000,0.5000,6,5,1,0,0,5,1,0.8000
4,72.0000,16,34,939.7592,-86.7214,-0.5061,4,0.1000,1.0000,2,4,4,0,0,4,4,0.0000
4,72.0000,16,37,888.0916,-88.3421,0.1454,5,0.1250,1.0000,4,4,3,0,0,4,3,0.2500
4,72.0000,16,38,731.7647,-86.7713,-0.6763,13,0.3250,0.8571,7,7,6,0,0,7,6,0.1429
4,72.0000,16,41,1143.3591,-88.1881,-0.0659,4,0.1000,,0,8,8,0,0,8,8,0.0000
4,72.0000,16,42,417.2292,-82.3428,1.2042,19,0.4750,0.5000,6,7,5,0,0,7,5,0.2857
4,72.0000,16,43,566.6351,-85.4923,0.0397,12,0.3000,1.0000,8,8,8,0,0,8,8,0.0000
4,72.0000,16,44,706.4774,-84.6453,-0.4923,7,0.1750,0.9753,81,8,8,0,0,8,8,0.0000
4,72.0000,16,46,774.4059,-87.2642,-1.1269,7,0.1750,1.0000,4,6,4,0,0,6,4,0.3333
4,72.0000,16,47,182.6172,-75.2650,0.3489,34,0.8500,0.2143,42,4,0,6,1,10,1,0.9000
4,72.0000,17,1,367.7125,-81.6510,0.2337,16,0.4000,0.8846,52,5,1,0,0,5,1,0.8000
4,72.0000,17,2,418.7184,-83.1174,0.8277,9,0.2250,0.8571,7,7,5,0,0,7,5,0.2857
4,72.0000,17,4,661.7360,-86.9380,0.2988,4,0.1000,1.0000,8,8,8,0,0,8,8,0.0000
4,72.0000,17,5,356.3234,-82.1151,0.3475,13,0.3250,0.7143,7,7,6,0,0,7,6,0.1429
4,72.0000,17,8,306.6850,-80.7903,0.5573,15,0.3750,0.8571,7,5,2,0,0,5,2,0.6000
4,72.0000,17,9,686.4725,-85.5484,-0.7692,5,0.1250,0.8750,8,8,8,0,0,8,8,0.0000
4,72.0000,17,10,792.1766,-86.5755,-0.4806,5,0.1250,1.0000,8,8,8,0,0,8,8,0.0000
4,72.0000,17,11,331.7522,-79.3461,-0.4245,21,0.5250,0.8750,8,6,3,0,0,6,3,0.5000
4,72.0000,17,12,400.5279,-81.1931,-1.2266,14,0.3500,0.6667,6,7,6,0,0,7,6,0.1429
4,72.0000,17,13,518.5354,-84.7662,0.4144,14,0.3500,1.0000,20,7,6,56,49,63,55,0.1270
4,72.0000,17,14,966.7082,-87.4212,-3.4715,3,0.0750,1.0000,8,7,6,0,0,7,6,0.1429
4,72.0000,17,16,996.3334,-88.8149,-0.2723,3,0.0750,1.0000,8,8,8,0,0,8,8,0.0000
4,72.0000,17,18,656.7346,-85.0953,-0.2620,8,0.2000,1.0000,8,7,6,0,0,7,6,0.1429
4,72.0000,17,19,720.3135,-86.2425,-0.7425,7,0.1750,0.8750,8,8,8,0,0,8,8,0.0000
4,72.0000,17,20,236.9299,-78.8026,0.8159,19,0.4750,0.6250,8,5,1,0,0,5,1,0.8000
4,72.0000,17,21,893.6616,-88.3295,-0.1444,3,0.0750,1.0000,4,4,4,0,0,4,4,0.0000
4,72.0000,17,25,887.7390,-87.6474,0.3103,4,0.1000,1.0000,2,5,4,0,0,5,4,0.2000
4,72.0000,17,26,691.0817,-84.6082,-0.6069,8,0.2000,0.7500,8,8,8,0,0,8,8,0.0000
4,72.0000,17,27,714.6172,-87.5313,0.3173,6,0.1500,1.0000,2,8,7,0,0,8,7,0.1250
4,72.0000,17,28,335.0026,-80.4478,0.3736,16,0.4000,0.8571,7,4,2,0,0,4,2,0.5000
4,72.0000,17,29,755.0735,-87.5700,0.0082,6,0.1500,1.0000,8,8,8,0,0,8,8,0.0000
4,72.0000,17,30,441.1492,-80.9298,0.5339,13,0.3250,0.7143,7,7,5,0,0,7,5,0.2857
4,72.0000,17,31,355.4847,-80.4686,-0.6203,13,0.3250,0.8571,7,7,6,0,0,7,6,0.1429
4,72.0000,17,32,698.5352,-85.3266,0.0964,11,0.2750,1.0000,8,8,8,0,0,8,8,0.0000
4,72.0000,17,33,843.8284,-87.0730,0.6642,3,0.0750,1.0000,8,8,8,0,0,8,8,0.0000
4,72.0000,17,34,776.7112,-86.8619,0.7352,5,0.1250,0.8000,5,8,8,0,0,8,8,0.0000
4,72.0000,17,36,508.2569,-84.3282,-0.1106,12,0.3000,0.8571,7,8,8,0,0,8,8,0.0000
4,72.0000,17,39,601.9897,-83.8087,0.5351,7,0.1750,0.8750,8,8,8,0,0,8,8,0.0000
4,72.0000,17,40,705.7798,-85.8918,-0.4354,6,0.1500,0.8000,5,8,8,0,0,8,8,0.0000
4,72.0000,17,42,921.8680,-87.4025,-1.5159,5,0.1250,0.8333,6,6,6,0,0,6,6,0.0000
4,72.0000,17,44,351.3553,-81.4096,0.8062,15,0.3750,0.8571,7,6,3,0,0,6,3,0.5000
4,72.0000,17,45,883.6152,-86.9402,-0.2694,5,0.1250,1.0000,8,2,2,0,0,2,2,0.0000
4,72.0000,18,1,574.4309,-84.4212,-0.2173,15,0.3750,0.7500,8,6,6,0,0,6,6,0.0000
4,72.0000,18,2,499.4419,-83.1717,-0.4215,15,0.3750,0.5000,6,7,6,0,0,7,6,0.1429
4,72.0000,18,4,510.2890,-84.0357,0.0157,11,0.2750,1.0000,10,8,7,0,0,8,7,0.1250
4,72.0000,18,5,306.7760,-78.3181,-0.1859,28,0.7000,0.5000,6,6,4,0,0,6,4,0.3333
4,72.0000,18,8,466.6753,-82.1465,-0.8758,19,0.4750,0.8571,7,8,8,0,0,8,8,0.0000
4,72.0000,18,9,336.6660,-80.5992,-0.7441,25,0.6250,0.7143,7,5,1,0,0,5,1,0.8000
4,72.0000,18,10,830.0667,-87.5417,2.2494,6,0.1500,0.8750,8,8,8,0,0,8,8,0.0000
4,72.0000,18,11,557.4530,-84.7356,-0.5593,14,0.3500,0.7143,7,6,4,0,0,6,4,0.3333
4,72.0000,18,12,426.3777,-79.9985,-1.0772,18,0.4500,0.2000,5,7,5,0,0,7,5,0.2857
4,72.0000,18,13,735.3176,-86.4672,0.0997,9,0.2250,1.0000,8,7,6,0,0,7,6,0.1429
4,72.0000,18,15,1022.4709,-88.4262,0.2501,3,0.0750,0.8000,5,6,6,0,0,6,6,0.0000
4,72.0000,18,16,797.1536,-86.9621,-1.0626,8,0.2000,1.0000,8,8,8,0,0,8,8,0.0000
4,72.0000,18,17,656.7346,-85.6265,-0.1569,8,0.2000,1.0000,8,8,8,0,0,8,8,0.0000
4,72.0000,18,19,400.7128,-80.3882,-1.0575,18,0.4500,0.7143,7,7,6,0,0,7,6,0.1429
4,72.0000,18,20,455.3356,-81.8397,-1.9419,11,0.2750,0.4000,5,9,8,0,0,9,8,0.1111
4,72.0000,18,21,860.1748,-86.6674,1.7727,5,0.1250,1.0000,6,6,5,0,0,6,5,0.1667
4,72.0000,18,25,695.2822,-85.4614,0.5868,11,0.2750,1.0000,4,8,8,0,0,8,8,0.0000
4,72.0000,18,26,1096.7916,-87.7861,-1.2959,3,0.0750,1.0000,6,2,2,0,0,2,2,0.0000
4,72.0000,18,27,876.2748,-88.0996,0.0371,7,0.1750,,0,8,8,0,0,8,8,0.0000
4,72.0000,18,28,341.0936,-79.4259,-0.6089,19,0.4750,0.6667,6,8,8,0,0,8,8,0.0000
4,72.0000,18,29,645.7670,-85.1282,-0.2596,10,0.2500,0.8571,7,8,8,0,0,8,8,0.0000
4,72.0000,18,31,521.9654,-84.5150,0.0730,9,0.2250,0.7143,7,8,7,0,0,8,7,0.1250
4,72.0000,18,32,368.8274,-81.5012,-0.1761,18,0.4500,0.7500,8,7,4,0,0,7,4,0.4286
4,72.0000,18,33,662.1968,-85.8361,-0.4918,9,0.2250,1.0000,8,8,8,0,0,8,8,0.0000
4,72.0000,18,34,247.4287,-79.7722,0.8328,27,0.6750,0.8750,8,4,0,0,0,4,0,1.0000
4,72.0000,18,35,719.2732,-87.2766,-0.4158,12,0.3000,1.0000,8,8,8,0,0,8,8,0.0000
4,72.0000,18,36,368.4657,-82.0241,0.3005,21,0.5250,1.0000,8,6,3,0,0,6,3,0.5000
4,72.0000,18,39,262.1139,-78.8140,0.1662,30,0.7500,0.6250,8,7,6,0,0,7,6,0.1429
4,72.0000,18,40,855.0195,-87.2061,1.2732,4,0.1000,1.0000,6,8,7,0,0,8,7,0.1250
4,72.0000,18,44,534.5359,-82.9085,-0.4645,10,0.2500,0.4000,5,8,8,0,0,8,8,0.0000
4,72.0000,18,45,625.8437,-85.6122,-0.0597,15,0.3750,1.0000,8,8,8,0,0,8,8,0.0000
4,72.0000,18,47,975.7128,-87.3452,-0.2777,4,0.1000,1.0000,8,6,6,0,0,6,6,0.0000
4,72.0000,19,0,912.2315,-87.9251,0.7551,6,0.1500,0.6667,3,3,2,0,0,3,2,0.3333
4,72.0000,19,1,813.3874,-86.4618,-0.3377,10,0.2500,0.8571,7,7,6,0,0,7,6,0.1429
4,72.0000,19,2,740.9670,-85.7151,-0.5410,8,0.2000,1.0000,8,6,6,0,0,6,6,0.0000
4,72.0000,19,4,266.1412,-77.7219,1.1776,31,0.7750,0.4286,7,5,1,0,0,5,1,0.8000
4,72.0000,19,5,507.1703,-82.9720,0.1951,11,0.2750,0.5000,6,8,8,0,0,8,8,0.0000
4,72.0000,19,8,556.2348,-84.5747,-1.0695,14,0.3500,0.7500,8,7,6,0,0,7,6,0.1429
4,72.0000,19,9,599.0991,-83.0703,-0.7936,9,0.2250,0.8571,7,8,8,0,0,8,8,0.0000
4,72.0000,19,10,505.4459,-83.1643,-0.9943,12,0.3000,1.0000,8,8,7,0,0,8,7,0.1250
4,72.0000,19,11,738.9502,-86.9256,-0.1928,7,0.1750,0.8571,7,8,8,0,0,8,8,0.0000
4,72.0000,19,12,332.4403,-79.4594,0.2406,22,0.5500,0.5000,6,8,8,4,4,12,12,0.0000
4,72.0000,19,15,630.1808,-85.9256,0.8288,7,0.1750,1.0000,8,5,4,0,0,5,4,0.2000
4,72.0000,19,16,399.0766,-81.2833,-0.0424,24,0.6000,0.6667,6,6,3,0,0,6,3,0.5000
4,72.0000,19,17,720.3135,-85.8743,0.2731,4,0.1000,1.0000,8,7,6,0,0,7,6,0.1429
4,72.0000,19,18,400.7128,-80.5829,-0.7858,18,0.4500,0.8571,7,8,7,0,0,8,7,0.1250
4,72.0000,19,20,500.2862,-82.1890,-0.5866,18,0.4500,1.0000,8,7,6,0,0,7,6,0.1429
4,72.0000,19,24,708.3524,-87.0883,0.4566,5,0.1250,1.0000,6,9,8,0,0,9,8,0.1111
4,72.0000,19,28,434.5915,-81.1092,-0.6070,16,0.4000,0.6667,6,8,8,0,0,8,8,0.0000
4,72.0000,19,29,333.1920,-79.1655,-0.9249,25,0.6250,0.8571,7,7,5,0,0,7,5,0.2857
4,72.0000,19,30,716.1589,-85.4068,-0.2965,7,0.1750,1.0000,8,8,7,0,0,8,7,0.1250
4,72.0000,19,31,427.0171,-82.0567,0.3560,14,0.3500,0.6667,6,8,7,0,0,8,7,0.1250
4,72.0000,19,32,703.6108,-84.4521,0.0623,8,0.2000,1.0000,8,8,8,0,0,8,8,0.0000
4,72.0000,19,33,289.7283,-78.9790,0.0120,26,0.6500,0.8571,7,5,1,0,0,5,1,0.8000
4,72.0000,19,34,558.8453,-85.1872,0.7230,13,0.3250,1.0000,8,7,6,0,0,7,6,0.1429
4,72.0000,19,36,695.0543,-86.5784,-0.8144,8,0.2000,1.0000,8,8,7,0,0,8,7,0.1250
4,72.0000,19,39,614.5067,-84.7994,-1.2306,10,0.2500,1.0000,8,8,8,0,0,8,8,0.0000
4,72.0000,19,42,646.9823,-85.3494,-0.4636,8,0.2000,1.0000,8,7,5,0,0,7,5,0.2857
4,72.0000,19,43,858.2061,-87.5720,-0.1376,4,0.1000,0.8571,7,6,6,0,0,6,6,0.0000
4,72.0000,19,44,465.5473,-81.3800,-0.7917,11,0.2750,1.0000,8,7,6,0,0,7,6,0.1429
4,72.0000,19,47,577.5223,-85.0853,0.0966,13,0.3250,0.7143,7,8,8,0,0,8,8,0.0000
4,72.0000,20,1,381.8416,-82.3356,0.7024,26,0.6500,0.4000,5,7,4,0,0,7,4,0.4286
4,72.0000,20,2,424.4058,-82.7243,-0.6216,23,0.5750,1.0000,8,7,6,0,0,7,6,0.1429
4,72.0000,20,4,500.9628,-83.6847,0.3589,17,0.4250,0.8750,8,8,8,0,0,8,8,0.0000
4,72.0000,20,5,200.5634,-76.7393,0.2080,31,0.7750,0.2000,5,4,0,0,0,4,0,1.0000
4,72.0000,20,8,260.5985,-78.1132,0.7261,30,0.7500,0.3333,6,7,5,0,0,7,5,0.2857
4,72.0000,20,9,571.3214,-83.5265,-0.3446,20,0.5000,0.6667,6,8,7,0,0,8,7,0.1250
4,72.0000,20,10,644.1836,-85.2164,0.3144,12,0.3000,1.0000,8,8,8,0,0,8,8,0.0000
4,72.0000,20,11,304.6893,-80.9552,0.6784,28,0.7000,0.7143,7,6,4,0,0,6,4,0.3333
4,72.0000,20,12,186.2000,-71.1792,-2.5229,33,0.8250,0.2000,5,6,2,0,0,6,2,0.6667
4,72.0000,20,13,566.0799,-85.7239,0.7822,19,0.4750,0.8571,7,7,5,0,0,7,5,0.2857
4,72.0000,20,14,904.6209,-87.4312,0.8386,5,0.1250,1.0000,6,8,8,0,0,8,8,0.0000
4,72.0000,20,16,807.5031,-87.8412,-0.4023,9,0.2250,1.0000,8,5,4,0,0,5,4,0.2000
4,72.0000,20,17,236.9299,-79.3137,0.9638,33,0.8250,0.2000,5,5,2,0,0,5,2,0.6000
4,72.0000,20,18,455.3356,-81.6246,-0.5771,23,0.5750,0.7500,8,7,5,0,0,7,5,0.2857
4,72.0000,20,19,500.2862,-83.1800,-0.1514,14,0.3500,0.5000,6,8,7,0,0,8,7,0.1250
4,72.0000,20,21,928.9612,-88.4467,-0.3572,6,0.1500,,0,4,4,0,0,4,4,0.0000
4,72.0000,20,25,858.2292,-87.4019,-0.5578,9,0.2250,1.0000,6,4,4,0,0,4,4,0.0000
4,72.0000,20,26,704.8333,-86.2047,-0.2421,10,0.2500,1.0000,4,8,7,0,0,8,7,0.1250
4,72.0000,20,27,802.9893,-88.0089,0.4382,7,0.1750,1.0000,2,8,8,0,0,8,8,0.0000
4,72.0000,20,28,114.4003,-66.8600,-1.3887,36,0.9000,0.0000,4,4,0,0,0,4,0,1.0000
4,72.0000,20,29,558.8835,-83.3335,0.7177,16,0.4000,0.8750,8,7,6,0,0,7,6,0.1429
4,72.0000,20,30,439.6854,-83.3824,0.5065,13,0.3250,0.8750,8,7,5,0,0,7,5,0.2857
4,72.0000,20,31,179.8889,-73.7045,0.0672,32,0.8000,0.2000,5,5,1,0,0,5,1,0.8000
4,72.0000,20,32,602.8694,-85.6482,0.5988,18,0.4500,0.7143,7,8,7,0,0,8,7,0.1250
4,72.0000,20,33,669.5405,-85.7432,0.0462,8,0.2000,0.9677,62,7,6,142,139,149,145,0.0268
4,72.0000,20,34,620.2964,-85.2172,0.1660,16,0.4000,0.8571,7,8,8,0,0,8,8,0.0000
4,72.0000,20,35,1018.1659,-88.8545,0.8704,4,0.1000,1.0000,4,6,6,0,0,6,6,0.0000
4,72.0000,20,36,412.5927,-82.6981,0.4795,20,0.5000,0.5714,7,8,7,0,0,8,7,0.1250
4,72.0000,20,39,482.4032,-82.2305,-0.0925,25,0.6250,0.9375,96,6,4,0,0,6,4,0.3333
4,72.0000,20,40,792.7749,-87.4756,0.0607,11,0.2750,1.0000,6,8,8,0,0,8,8,0.0000
4,72.0000,20,44,182.8670,-76.2952,0.9862,30,0.7500,0.3333,6,7,3,0,0,7,3,0.5714
4,72.0000,20,45,835.4396,-87.4905,-0.4557,8,0.2000,1.0000,4,4,4,0,0,4,4,0.0000
4,72.0000,20,47,947.9823,-86.7823,-1.6510,3,0.0750,1.0000,4,6,6,0,0,6,6,0.0000
4,72.0000,21,1,724.4213,-86.8194,0.6302,4,0.1000,1.0000,8,8,8,0,0,8,8,0.0000
4,72.0000,21,2,519.1970,-82.9724,0.6388,8,0.2000,1.0000,8,8,7,0,0,8,7,0.1250
4,72.0000,21,5,773.1146,-86.3396,-0.1093,3,0.0750,1.0000,8,8,8,0,0,8,8,0.0000
4,72.0000,21,8,773.5254,-87.4203,0.5700,3,0.0750,1.0000,8,8,8,0,0,8,8,0.0000
4,72.0000,21,9,638.5491,-86.2531,0.0925,5,0.1250,1.0000,8,6,6,0,0,6,6,0.0000
4,72.0000,21,13,748.1452,-86.2571,1.5041,3,0.0750,0.5000,2,8,8,0,0,8,8,0.0000
4,72.0000,21,18,860.1748,-87.7574,0.6365,4,0.1000,1.0000,8,8,8,0,0,8,8,0.0000
4,72.0000,21,25,332.2790,-81.4865,-0.0148,21,0.5250,0.7500,8,5,2,0,0,5,2,0.6000
4,72.0000,21,27,356.7758,-81.5808,0.2302,23,0.5750,0.3333,6,6,3,0,0,6,3,0.5000
4,72.0000,21,32,520.0645,-83.9183,1.1304,7,0.1750,1.0000,8,7,6,0,0,7,6,0.1429
4,72.0000,21,34,732.1000,-87.6534,0.2579,4,0.1000,0.8750,8,8,8,0,0,8,8,0.0000
4,72.0000,21,35,547.0980,-83.5341,-0.1390,20,0.5000,0.5000,6,8,7,0,0,8,7,0.1250
4,72.0000,21,36,662.8463,-85.6295,-0.4558,4,0.1000,1.0000,8,8,7,0,0,8,7,0.1250
4,72.0000,21,39,599.5988,-86.1277,-0.9938,5,0.1250,1.0000,8,8,8,0,0,8,8,0.0000
4,72.0000,21,40,281.9884,-79.9684,0.5859,28,0.7000,0.7500,8,5,1,0,0,5,1,0.8000
4,72.0000,21,45,350.7441,-81.4534,0.4701,18,0.4500,0.7143,7,7,3,0,0,7,3,0.5714
4,72.0000,22,0,424.6654,-81.4412,-1.3866,20,0.5000,0.6667,6,7,6,0,0,7,6,0.1429
4,72.0000,22,3,369.4081,-80.5745,-0.2632,28,0.7000,0.4000,5,5,1,0,0,5,1,0.8000
4,72.0000,22,6,432.8544,-82.5340,0.4425,26,0.6500,0.6667,6,6,3,0,0,6,3,0.5000
4,72.0000,22,7,423.6178,-82.3604,0.7070,25,0.6250,0.5000,6,4,0,0,0,4,0,1.0000
4,72.0000,22,14,703.8605,-86.5224,1.5208,5,0.1250,1.0000,8,8,8,0,0,8,8,0.0000
4,72.0000,22,15,702.5925,-84.6217,-0.0025,4,0.1000,1.0000,8,8,8,0,0,8,8,0.0000
4,72.0000,22,23,347.5963,-81.6748,0.8866,28,0.7000,0.6667,6,7,5,0,0,7,5,0.2857
4,72.0000,22,24,544.8051,-83.4906,0.1770,12,0.3000,0.8750,8,8,8,0,0,8,8,0.0000
4,72.0000,22,37,438.9554,-82.2185,0.5865,26,0.6500,0.5000,6,6,4,0,0,6,4,0.3333
4,72.0000,22,38,269.1664,-78.5064,-0.6004,32,0.8000,0.6667,6,6,2,0,0,6,2,0.6667
4,72.0000,22,41,355.5137,-81.7902,0.6989,29,0.7250,0.6667,6,4,0,0,0,4,0,1.0000
4,72.0000,22,42,559.2233,-83.3865,-1.1849,7,0.1750,1.0000,8,8,8,0,0,8,8,0.0000
4,72.0000,22,43,347.4816,-80.0343,-0.2361,23,0.5750,0.5714,7,5,2,0,0,5,2,0.6000
4,72.0000,22,46,521.6368,-82.9265,0.3269,18,0.4500,0.6667,6,8,6,0,0,8,6,0.2500
4,72.0000,23,0,727.5121,-85.7813,0.3282,8,0.2000,1.0000,8,8,8,0,0,8,8,0.0000
4,72.0000,23,3,266.1326,-79.1656,0.7676,29,0.7250,0.3333,6,7,5,0,0,7,5,0.2857
4,72.0000,23,6,689.4478,-85.7813,0.5403,8,0.2000,0.7143,7,8,8,0,0,8,8,0.0000
4,72.0000,23,7,583.2583,-85.5632,0.6254,12,0.3000,0.8889,9,7,6,0,0,7,6,0.1429
4,72.0000,23,14,609.0380,-84.9735,0.2793,10,0.2500,0.9664,149,8,8,12,12,20,20,0.0000
4,72.0000,23,22,347.5963,-82.3151,0.2960,19,0.4750,0.5000,6,6,4,0,0,6,4,0.3333
4,72.0000,23,24,660.5959,-85.0511,-1.9244,6,0.1500,1.0000,8,8,8,0,0,8,8,0.0000
4,72.0000,23,26,861.7768,-87.3866,-1.2731,6,0.1500,1.0000,8,8,8,0,0,8,8,0.0000
4,72.0000,23,30,958.7838,-88.0842,-0.6345,3,0.0750,1.0000,8,6,6,0,0,6,6,0.0000
4,72.0000,23,37,732.6894,-86.1866,0.2038,9,0.2250,0.8000,5,9,8,0,0,9,8,0.1111
4,72.0000,23,38,542.5467,-85.1492,1.1387,11,0.2750,0.8571,7,8,7,2,2,10,9,0.1000
4,72.0000,23,41,347.3797,-80.8525,0.2453,31,0.7750,0.2000,5,7,4,1,0,8,4,0.5000
4,72.0000,23,42,676.8206,-87.0345,2.6083,4,0.1000,1.0000,8,8,8,56,56,64,64,0.0000
4,72.0000,23,43,531.4843,-83.9446,0.2185,12,0.3000,0.7500,8,7,6,0,0,7,6,0.1429
4,72.0000,23,46,472.1256,-81.2424,-0.2193,19,0.4750,1.0000,8,8,8,71,70,79,78,0.0127
4,72.0000,24,0,408.1882,-81.2414,0.1864,23,0.5610,0.7143,7,6,3,0,0,6,3,0.5000
4,72.0000,24,3,539.6502,-82.6679,0.2545,26,0.6341,0.8571,7,9,8,0,0,9,8,0.1111
4,72.0000,24,4,760.0848,-86.3665,-0.8753,5,0.1220,1.0000,8,8,7,0,0,8,7,0.1250
4,72.0000,24,6,555.6737,-85.3776,0.5975,20,0.4878,0.8571,7,7,5,0,0,7,5,0.2857
4,72.0000,24,7,684.0118,-86.1084,-0.7544,18,0.4390,1.0000,6,8,7,0,0,8,7,0.1250
4,72.0000,24,10,248.1962,-79.3484,0.7332,19,0.4634,0.5000,6,4,0,0,0,4,0,1.0000
4,72.0000,24,12,731.3664,-87.1081,-0.1172,5,0.1220,1.0000,8,8,8,0,0,8,8,0.0000
4,72.0000,24,14,407.3635,-82.1790,0.1873,21,0.5122,0.3333,6,6,4,0,0,6,4,0.3333
4,72.0000,24,15,357.8071,-82.4658,1.0662,23,0.5610,1.0000,8,5,2,0,0,5,2,0.6000
4,72.0000,24,16,458.4501,-84.8685,1.2575,9,0.2195,0.4000,5,6,3,0,0,6,3,0.5000
4,72.0000,24,19,708.3524,-84.7048,-0.4238,4,0.0976,1.0000,8,8,8,0,0,8,8,0.0000
4,72.0000,24,20,880.4643,-89.5432,-0.1115,3,0.0732,0.8333,6,6,5,0,0,6,5,0.1667
4,72.0000,24,22,544.8051,-83.3822,-0.7193,19,0.4634,1.0000,8,7,5,0,0,7,5,0.2857
4,72.0000,24,23,660.5959,-85.1768,-0.0262,18,0.4390,1.0000,8,8,6,0,0,8,6,0.2500
4,72.0000,24,26,687.1283,-85.3402,-0.8795,7,0.1707,0.8750,8,8,8,0,0,8,8,0.0000
4,72.0000,24,29,435.0994,-82.9905,0.6546,14,0.3415,0.8571,7,6,3,0,0,6,3,0.5000
4,72.0000,24,30,652.8584,-85.9670,-0.8235,8,0.1951,1.0000,8,7,5,0,0,7,5,0.2857
4,72.0000,24,31,702.0319,-86.7917,0.3134,3,0.0732,1.0000,8,8,8,0,0,8,8,0.0000
4,72.0000,24,33,607.2073,-85.1247,0.7109,13,0.3171,1.0000,8,8,8,0,0,8,8,0.0000
4,72.0000,24,37,659.1839,-86.4653,0.2608,14,0.3415,1.0000,8,8,7,0,0,8,7,0.1250
4,72.0000,24,38,422.9513,-81.1274,-0.8043,25,0.6098,0.7500,8,7,5,0,0,7,5,0.2857
4,72.0000,24,41,741.0718,-85.0813,-0.2419,14,0.3415,0.8571,7,8,7,0,0,8,7,0.1250
4,72.0000,24,42,216.1818,-76.9618,0.6378,29,0.7073,0.3333,6,7,3,0,0,7,3,0.5714
4,72.0000,24,43,313.1257,-80.1244,-0.6329,29,0.7073,0.4000,5,6,3,0,0,6,3,0.5000
4,72.0000,24,44,720.7982,-85.7100,-0.0745,4,0.0976,1.0000,8,8,8,0,0,8,8,0.0000
4,72.0000,24,46,319.2656,-79.7004,-0.3085,28,0.6829,0.4000,5,8,7,0,0,8,7,0.1250
4,72.0000,24,47,380.9271,-83.3568,1.2872,20,0.4878,0.5000,6,5,1,0,0,5,1,0.8000
4,72.0000,25,1,616.2668,-84.5819,-0.9924,6,0.1463,0.8750,8,8,8,0,0,8,8,0.0000
4,72.0000,25,2,539.3468,-84.4105,-1.0328,7,0.1707,1.0000,8,8,8,0,0,8,8,0.0000
4,72.0000,25,5,676.2452,-85.6841,-1.1254,3,0.0732,1.0000,8,8,8,0,0,8,8,0.0000
4,72.0000,25,9,590.5712,-84.4395,-0.3882,5,0.1220,1.0000,6,8,8,0,0,8,8,0.0000
4,72.0000,25,13,626.8685,-83.7850,-0.6465,7,0.1707,0.8571,7,8,8,0,0,8,8,0.0000
4,72.0000,25,20,858.2292,-86.9181,-0.6370,3,0.0732,1.0000,10,8,8,0,0,8,8,0.0000
4,72.0000,25,21,332.2790,-81.1876,0.1359,32,0.7805,0.2000,5,8,5,0,0,8,5,0.3750
4,72.0000,25,27,428.0384,-82.8814,-0.8819,16,0.3902,1.0000,8,6,4,0,0,6,4,0.3333
4,72.0000,25,32,437.0858,-82.3166,-0.4030,12,0.2927,0.5000,6,6,4,0,0,6,4,0.3333
4,72.0000,25,34,606.4583,-85.4510,0.7925,6,0.1463,0.8571,7,8,8,0,0,8,8,0.0000
4,72.0000,25,35,298.6035,-78.2536,-0.6954,38,0.9268,0.0000,4,7,3,0,0,7,3,0.5714
4,72.0000,25,36,485.3362,-82.1899,-0.5201,11,0.2683,0.8571,7,8,8,0,0,8,8,0.0000
4,72.0000,25,39,474.4032,-83.3674,0.1589,9,0.2195,1.0000,8,8,7,0,0,8,7,0.1250
4,72.0000,25,40,424.6706,-83.1509,-0.6982,18,0.4390,0.6667,6,5,2,0,0,5,2,0.6000
4,72.0000,25,45,368.0072,-80.8060,0.1788,26,0.6341,0.5000,6,7,5,0,0,7,5,0.2857
4,72.0000,26,3,799.9760,-86.0008,1.5149,3,0.0750,1.0000,8,8,8,0,0,8,8,0.0000
4,72.0000,26,10,593.2858,-84.9451,0.2203,6,0.1500,1.0000,8,8,8,0,0,8,8,0.0000
4,72.0000,26,12,704.4664,-86.0121,-1.8238,3,0.0750,1.0000,8,8,8,0,0,8,8,0.0000
4,72.0000,26,14,388.4192,-82.3668,0.8074,18,0.4500,0.8750,8,6,4,0,0,6,4,0.3333
4,72.0000,26,17,691.0817,-84.5609,-0.0080,4,0.1000,1.0000,8,8,8,0,0,8,8,0.0000
4,72.0000,26,20,704.8333,-86.2260,0.7652,3,0.0750,1.0000,8,8,8,0,0,8,8,0.0000
4,72.0000,26,23,861.7768,-86.0586,0.1070,6,0.1500,0.8750,8,8,8,0,0,8,8,0.0000
4,72.0000,26,24,687.1283,-86.1230,-0.1723,4,0.1000,1.0000,8,8,8,0,0,8,8,0.0000
4,72.0000,26,29,708.3902,-85.0934,-0.5374,3,0.0750,1.0000,6,8,8,0,0,8,8,0.0000
4,72.0000,26,30,288.6483,-77.6386,-0.6418,26,0.6500,0.5000,6,6,3,0,0,6,3,0.5000
4,72.0000,26,31,594.8861,-82.5546,-0.7303,4,0.1000,1.0000,8,8,8,0,0,8,8,0.0000
4,72.0000,26,42,722.2030,-86.3234,0.3944,5,0.1250,0.8750,8,8,8,0,0,8,8,0.0000
4,72.0000,26,43,855.0670,-87.9076,0.9555,3,0.0750,0.8333,6,8,8,0,0,8,8,0.0000
4,72.0000,26,44,567.6764,-83.9788,-1.6378,6,0.1500,1.0000,8,8,7,0,0,8,7,0.1250
4,72.0000,26,46,553.3502,-85.6025,0.8755,8,0.2000,0.8750,8,8,8,0,0,8,8,0.0000
4,72.0000,27,1,502.7657,-84.6510,-1.8388,5,0.1250,0.6667,6,8,8,0,0,8,8,0.0000
4,72.0000,27,2,486.0491,-83.1657,1.7887,6,0.1500,1.0000,8,8,8,0,0,8,8,0.0000
4,72.0000,27,13,462.5667,-83.5378,-0.1020,12,0.3000,1.0000,8,7,5,0,0,7,5,0.2857
4,72.0000,27,21,356.7758,-81.5712,0.4338,28,0.7000,0.8571,7,6,2,0,0,6,2,0.6667
4,72.0000,27,25,428.0384,-81.8742,0.4649,17,0.4250,0.7143,7,5,2,0,0,5,2,0.6000
4,72.0000,27,32,642.2484,-85.6199,-0.1013,3,0.0750,0.8571,7,10,10,0,0,10,10,0.0000
4,72.0000,27,35,725.7891,-85.4849,0.1346,9,0.2250,1.0000,8,7,5,0,0,7,5,0.2857
4,72.0000,27,36,560.6800,-83.7470,-0.2988,8,0.2000,0.8571,7,8,8,0,0,8,8,0.0000
4,72.0000,27,39,642.2155,-86.2129,-2.6995,4,0.1000,0.8571,7,8,8,0,0,8,8,0.0000
4,72.0000,27,40,109.2017,-69.1966,-0.1961,34,0.8500,0.2000,5,6,1,0,0,6,1,0.8333
4,72.0000,27,45,610.6792,-85.2415,0.4581,7,0.1750,1.0000,8,8,7,0,0,8,7,0.1250
4,72.0000,28,1,390.0820,-80.7311,0.8274,22,0.5500,0.6667,6,7,5,0,0,7,5,0.2857
4,72.0000,28,2,401.7257,-81.6741,0.9811,18,0.4500,0.8000,5,4,0,0,0,4,0,1.0000
4,72.0000,28,4,465.7902,-83.7580,0.3136,11,0.2750,0.7778,9,6,3,0,0,6,3,0.5000
4,72.0000,28,5,123.3225,-74.4218,1.5850,28,0.7000,0.2000,5,4,0,0,0,4,0,1.0000
4,72.0000,28,8,262.9984,-77.9591,0.9537,24,0.6000,0.5000,6,7,6,0,0,7,6,0.1429
4,72.0000,28,9,487.1163,-82.7201,-1.3345,15,0.3750,0.8571,7,6,4,0,0,6,4,0.3333
4,72.0000,28,10,665.3210,-85.4403,-0.3968,10,0.2500,1.0000,8,8,8,0,0,8,8,0.0000
4,72.0000,28,11,326.8860,-81.3008,0.0040,21,0.5250,1.0000,8,6,4,0,0,6,4,0.3333
4,72.0000,28,12,180.2171,-69.5827,-3.7968,34,0.8500,0.0000,4,6,3,0,0,6,3,0.5000
4,72.0000,28,13,578.7542,-85.5172,-0.5157,13,0.3250,0.8333,6,8,6,0,0,8,6,0.2500
4,72.0000,28,14,965.9637,-87.9462,-0.9437,3,0.0750,1.0000,2,2,2,0,0,2,2,0.0000
4,72.0000,28,16,780.1352,-84.1390,1.0678,3,0.0750,1.0000,8,6,6,0,0,6,6,0.0000
4,72.0000,28,17,335.0026,-80.8877,-0.3672,20,0.5000,0.4000,5,6,3,0,0,6,3,0.5000
4,72.0000,28,18,341.0936,-79.1746,-0.9792,24,0.6000,0.4000,5,6,2,0,0,6,2,0.6667
4,72.0000,28,19,434.5915,-81.4905,-0.6208,18,0.4500,0.8750,8,7,6,0,0,7,6,0.1429
4,72.0000,28,20,114.4003,-66.8348,-1.5335,33,0.8250,0.0000,4,6,2,0,0,6,2,0.6667
4,72.0000,28,21,893.1587,-88.1231,-0.7422,4,0.1000,,0,5,4,0,0,5,4,0.2000
4,72.0000,28,24,907.6507,-88.4533,1.4176,3,0.0750,1.0000,8,4,4,0,0,4,4,0.0000
4,72.0000,28,25,797.2468,-87.0823,-0.3586,7,0.1750,1.0000,8,4,4,0,0,4,4,0.0000
4,72.0000,28,26,794.6547,-87.9117,-0.6613,4,0.1000,0.8000,5,8,8,0,0,8,8,0.0000
4,72.0000,28,29,545.3233,-82.9066,-0.8247,11,0.2750,0.7143,7,8,8,0,0,8,8,0.0000
4,72.0000,28,30,535.2226,-83.3817,0.5724,11,0.2750,0.6667,6,7,5,0,0,7,5,0.2857
4,72.0000,28,31,230.2079,-75.8366,-0.6522,34,0.8500,0.0000,4,6,3,0,0,6,3,0.5000
4,72.0000,28,32,519.7744,-84.3352,-1.7536,15,0.3750,1.0000,8,8,6,0,0,8,6,0.2500
4,72.0000,28,33,639.2298,-84.8121,-1.2540,10,0.2500,1.0000,8,6,6,0,0,6,6,0.0000
4,72.0000,28,34,516.3961,-84.4561,-0.3928,12,0.3000,0.8571,7,7,6,0,0,7,6,0.1429
4,72.0000,28,35,932.0566,-87.3514,-0.0144,4,0.1000,1.0000,8,6,6,0,0,6,6,0.0000
4,72.0000,28,36,349.2984,-81.9920,0.9199,19,0.4750,0.4000,5,5,1,0,0,5,1,0.8000
4,72.0000,28,39,392.5598,-81.5078,-0.6276,17,0.4250,0.7500,8,6,2,0,0,6,2,0.6667
4,72.0000,28,40,786.4402,-86.8586,0.4744,8,0.2000,1.0000,6,8,8,0,0,8,8,0.0000
4,72.0000,28,42,843.5944,-86.8082,-0.3044,5,0.1250,,0,8,8,0,0,8,8,0.0000
4,72.0000,28,44,237.9087,-77.4007,0.2848,26,0.6500,0.5000,6,6,3,0,0,6,3,0.5000
4,72.0000,28,45,765.8827,-86.8656,-0.0928,7,0.1750,1.0000,6,8,7,0,0,8,7,0.1250
4,72.0000,28,47,934.0283,-87.9882,0.6425,4,0.1000,1.0000,8,6,6,0,0,6,6,0.0000
4,72.0000,29,0,734.7528,-86.7758,0.0112,12,0.2927,1.0000,8,6,6,0,0,6,6,0.0000
4,72.0000,29,2,931.6933,-87.5280,0.8440,5,0.1220,,0,6,6,0,0,6,6,0.0000
4,72.0000,29,3,948.5393,-87.9718,-0.8022,7,0.1707,1.0000,2,4,4,0,0,4,4,0.0000
4,72.0000,29,4,495.0749,-84.9955,-0.3687,14,0.3415,0.8571,7,8,7,0,0,8,7,0.1250
4,72.0000,29,5,658.4509,-86.6510,-0.2234,8,0.1951,1.0000,8,8,8,0,0,8,8,0.0000
4,72.0000,29,6,933.6653,-88.2417,0.3063,5,0.1220,1.0000,2,6,6,0,0,6,6,0.0000
4,72.0000,29,8,722.1044,-86.0950,0.9630,8,0.1951,1.0000,8,8,8,0,0,8,8,0.0000
4,72.0000,29,10,213.8327,-76.5376,0.3746,34,0.8293,0.0000,4,5,1,89,39,94,40,0.5745
4,72.0000,29,11,768.6589,-86.4233,0.7955,8,0.1951,1.0000,6,8,8,0,0,8,8,0.0000
4,72.0000,29,12,388.8876,-81.1762,-0.2705,17,0.4146,0.9032,62,7,5,4,4,11,9,0.1818
4,72.0000,29,14,630.3598,-85.5439,0.1882,12,0.2927,1.0000,8,8,8,0,0,8,8,0.0000
4,72.0000,29,15,473.7564,-84.2109,0.5060,15,0.3659,0.8571,7,8,7,0,0,8,7,0.1250
4,72.0000,29,16,353.0093,-79.5499,-0.1858,25,0.6098,0.6667,9,7,6,0,0,7,6,0.1429
4,72.0000,29,17,755.0735,-87.2809,0.2679,6,0.1463,1.0000,8,8,8,0,0,8,8,0.0000
4,72.0000,29,18,645.7670,-84.7632,-1.0421,10,0.2439,0.8571,7,8,8,0,0,8,8,0.0000
4,72.0000,29,19,333.1920,-78.7716,-0.1248,22,0.5366,0.7500,8,5,2,0,0,5,2,0.6000
4,72.0000,29,20,558.8835,-84.3338,-0.3087,10,0.2439,0.8750,8,8,8,0,0,8,8,0.0000
4,72.0000,29,24,435.0994,-83.4715,-0.1684,16,0.3902,0.8571,7,4,0,0,0,4,0,1.0000
4,72.0000,29,26,708.3902,-85.7181,-0.5299,11,0.2683,0.9789,95,7,6,0,0,7,6,0.1429
4,72.0000,29,28,545.3233,-82.1772,-0.4208,10,0.2439,0.8750,8,8,7,0,0,8,7,0.1250
4,72.0000,29,30,554.6788,-83.7017,-0.4860,14,0.3415,1.0000,8,8,8,0,0,8,8,0.0000
4,72.0000,29,31,400.0001,-81.7358,0.8190,17,0.4146,1.0000,8,8,7,18,18,26,25,0.0385
4,72.0000,29,33,419.1701,-81.7292,-0.1746,22,0.5366,0.6667,6,8,8,0,0,8,8,0.0000
4,72.0000,29,34,854.9540,-87.7754,-0.3588,5,0.1220,1.0000,6,6,6,0,0,6,6,0.0000
4,72.0000,29,36,840.9103,-88.0008,-0.3123,5,0.1220,1.0000,8,6,6,0,0,6,6,0.0000
4,72.0000,29,37,1036.7072,-87.9991,0.2504,3,0.0732,,0,4,4,0,0,4,4,0.0000
4,72.0000,29,38,836.1617,-87.8371,0.2281,8,0.1951,1.0000,2,6,4,0,0,6,4,0.3333
4,72.0000,29,39,854.8340,-87.8988,-0.9117,6,0.1463,1.0000,8,6,6,0,0,6,6,0.0000
4,72.0000,29,42,458.0199,-83.5005,0.1932,21,0.5122,0.8750,8,7,5,0,0,7,5,0.2857
4,72.0000,29,43,672.1401,-85.3806,-0.7562,7,0.1707,0.8571,7,8,8,0,0,8,8,0.0000
4,72.0000,29,44,416.1549,-80.1019,-0.0085,19,0.4634,1.0000,8,8,8,0,0,8,8,0.0000
4,72.0000,29,46,665.7463,-87.7324,-0.0761,8,0.1951,1.0000,8,8,8,0,0,8,8,0.0000
4,72.0000,29,47,459.0664,-82.4494,0.1652,24,0.5854,0.8889,9,8,5,0,0,8,5,0.3750
4,72.0000,30,0,1032.4258,-88.6385,-0.2660,3,0.0750,1.0000,6,4,4,0,0,4,4,0.0000
4,72.0000,30,1,702.8295,-86.3961,-0.7292,3,0.0750,1.0000,8,8,8,0,0,8,8,0.0000
4,72.0000,30,2,825.8987,-87.9532,0.5970,6,0.1500,1.0000,6,4,4,0,0,4,4,0.0000
4,72.0000,30,4,709.8449,-86.4994,-0.9582,8,0.2000,1.0000,6,8,8,0,0,8,8,0.0000
4,72.0000,30,5,639.1989,-85.7819,1.2242,6,0.1500,1.0000,6,8,8,0,0,8,8,0.0000
4,72.0000,30,8,628.3561,-86.6141,-0.0210,8,0.2000,1.0000,8,6,5,0,0,6,5,0.1667
4,72.0000,30,10,485.8385,-82.1785,-0.2118,18,0.4500,1.0000,8,7,6,0,0,7,6,0.1429
4,72.0000,30,11,585.6019,-85.5296,0.5021,9,0.2250,1.0000,8,7,6,0,0,7,6,0.1429
4,72.0000,30,12,442.0461,-81.3395,0.1167,10,0.2500,1.0000,8,7,6,0,0,7,6,0.1429
4,72.0000,30,13,830.0771,-88.2489,-0.5740,4,0.1000,1.0000,4,4,4,0,0,4,4,0.0000
4,72.0000,30,14,530.2175,-84.1572,-0.7492,17,0.4250,1.0000,8,6,6,0,0,6,6,0.0000
4,72.0000,30,15,910.1635,-88.5548,-0.1033,6,0.1500,1.0000,8,4,4,0,0,4,4,0.0000
4,72.0000,30,16,823.6014,-87.1978,-0.0631,8,0.2000,1.0000,8,6,6,0,0,6,6,0.0000
4,72.0000,30,17,441.1492,-82.6480,0.7077,12,0.3000,1.0000,8,6,4,0,0,6,4,0.3333
4,72.0000,30,19,716.1589,-85.5039,-0.7876,8,0.2000,0.8571,7,8,8,0,0,8,8,0.0000
4,72.0000,30,20,439.6854,-83.4127,0.9304,9,0.2250,1.0000,8,8,8,0,0,8,8,0.0000
4,72.0000,30,22,1049.3020,-89.1519,-0.0071,3,0.0750,1.0000,2,4,4,0,0,4,4,0.0000
4,72.0000,30,24,652.8584,-85.4988,0.3970,11,0.2750,0.8750,8,8,8,0,0,8,8,0.0000
4,72.0000,30,26,288.6483,-77.0739,-0.5034,34,0.8500,0.2000,5,6,3,0,0,6,3,0.5000
4,72.0000,30,28,535.2226,-83.1274,0.6980,6,0.1500,0.8750,8,8,8,0,0,8,8,0.0000
4,72.0000,30,29,554.6788,-83.1580,-0.1936,11,0.2750,1.0000,8,7,5,0,0,7,5,0.2857
4,72.0000,30,31,333.1503,-80.0008,2.0161,13,0.3250,0.4000,5,7,6,0,0,7,6,0.1429
4,72.0000,30,33,771.9103,-86.6153,-0.0008,4,0.1000,1.0000,8,6,5,0,0,6,5,0.1667
4,72.0000,30,36,819.0993,-88.0546,-0.2081,3,0.0750,1.0000,8,4,4,0,0,4,4,0.0000
4,72.0000,30,38,1037.7762,-88.2524,0.1443,6,0.1500,1.0000,6,4,4,0,0,4,4,0.0000
4,72.0000,30,39,921.6282,-88.8440,0.3702,3,0.0750,1.0000,8,2,2,0,0,2,2,0.0000
4,72.0000,30,42,619.9019,-85.6876,-0.2241,13,0.3250,1.0000,8,8,7,0,0,8,7,0.1250
4,72.0000,30,43,801.2060,-86.6058,-1.7171,11,0.2750,1.0000,8,4,4,0,0,4,4,0.0000
4,72.0000,30,44,319.4166,-78.9715,-0.2196,18,0.4500,0.8571,7,5,2,0,0,5,2,0.6000
4,72.0000,30,46,652.8568,-86.0021,0.1640,10,0.2500,0.8750,8,8,7,0,0,8,7,0.1250
4,72.0000,30,47,888.8899,-86.6175,-1.0842,6,0.1500,1.0000,8,8,8,0,0,8,8,0.0000
4,72.0000,31,1,538.7442,-83.9547,-0.2275,7,0.1750,0.6667,6,8,8,0,0,8,8,0.0000
4,72.0000,31,2,594.5206,-84.1979,-0.5648,7,0.1750,0.8750,8,6,4,0,0,6,4,0.3333
4,72.0000,31,4,455.2120,-82.4719,0.6346,15,0.3750,0.8571,7,8,8,0,0,8,8,0.0000
4,72.0000,31,5,350.7922,-80.5517,-0.2666,10,0.2500,0.7500,8,7,5,0,0,7,5,0.2857
4,72.0000,31,8,389.8477,-81.3418,1.0256,14,0.3500,0.6667,6,7,5,0,0,7,5,0.2857
4,72.0000,31,9,685.7772,-85.9591,1.8176,6,0.1500,1.0000,8,6,6,0,0,6,6,0.0000
4,72.0000,31,10,465.5141,-82.0447,0.1613,15,0.3750,0.7143,7,8,6,0,0,8,6,0.2500
4,72.0000,31,11,432.0763,-81.6249,0.0993,12,0.3000,0.8667,60,6,4,8,8,14,12,0.1429
4,72.0000,31,12,113.3409,-73.0459,1.1584,31,0.7750,0.2000,5,6,2,0,0,6,2,0.6667
4,72.0000,31,13,711.1411,-86.5356,0.2462,7,0.1750,1.0000,4,8,7,0,0,8,7,0.1250
4,72.0000,31,14,741.2342,-87.2778,1.0129,6,0.1500,1.0000,4,8,7,0,0,8,7,0.1250
4,72.0000,31,15,830.7345,-87.7639,-0.4017,4,0.1000,1.0000,6,2,2,0,0,2,2,0.0000
4,72.0000,31,16,667.8028,-84.8692,-0.1144,9,0.2250,1.0000,8,8,8,0,0,8,8,0.0000
4,72.0000,31,17,355.4847,-80.3831,0.2567,19,0.4750,0.8132,91,5,2,132,119,137,121,0.1168
4,72.0000,31,18,521.9654,-83.5019,-0.2102,9,0.2250,0.6250,8,7,6,0,0,7,6,0.1429
4,72.0000,31,19,427.0171,-81.9708,1.5409,14,0.3500,0.5714,7,7,6,0,0,7,6,0.1429
4,72.0000,31,20,179.8889,-73.8761,-0.0698,27,0.6750,0.4000,5,7,5,0,0,7,5,0.2857
4,72.0000,31,24,702.0319,-85.8314,0.1561,8,0.2000,1.0000,6,7,6,0,0,7,6,0.1429
4,72.0000,31,26,594.8861,-84.1247,0.0234,16,0.4000,0.8571,7,8,8,0,0,8,8,0.0000
4,72.0000,31,27,981.5205,-88.0891,2.4096,3,0.0750,1.0000,2,6,6,0,0,6,6,0.0000
4,72.0000,31,28,230.2079,-75.8571,0.0560,21,0.5250,0.0000,4,5,2,0,0,5,2,0.6000
4,72.0000,31,29,400.0001,-81.7415,0.1927,17,0.4250,0.8571,7,5,1,0,0,5,1,0.8000
4,72.0000,31,30,333.1503,-80.0017,-0.3735,24,0.6000,0.8571,7,6,3,0,0,6,3,0.5000
4,72.0000,31,32,740.6827,-85.5700,-0.3080,4,0.1000,1.0000,8,8,8,0,0,8,8,0.0000
4,72.0000,31,33,567.0508,-84.8659,1.0404,10,0.2500,0.5000,6,8,8,0,0,8,8,0.0000
4,72.0000,31,34,714.3034,-87.4419,-2.6597,3,0.0750,0.8571,7,7,6,0,0,7,6,0.1429
4,72.0000,31,36,561.8123,-84.6241,1.1723,7,0.1750,0.8750,8,8,8,0,0,8,8,0.0000
4,72.0000,31,39,618.9567,-84.8074,-0.9690,7,0.1750,1.0000,8,8,8,0,0,8,8,0.0000
4,72.0000,31,42,646.6316,-86.7645,0.6047,7,0.1750,1.0000,4,6,4,0,0,6,4,0.3333
4,72.0000,31,43,869.4571,-87.6909,-1.6992,4,0.1000,1.0000,8,8,8,0,0,8,8,0.0000
4,72.0000,31,44,62.0550,-65.4434,0.9990,35,0.8750,0.2000,5,5,1,2,0,7,1,0.8571
4,72.0000,31,46,834.2807,-86.6154,1.6870,4,0.1000,,0,4,4,0,0,4,4,0.0000
4,72.0000,31,47,793.3425,-88.0366,0.0888,5,0.1250,1.0000,8,6,6,0,0,6,6,0.0000
4,72.0000,32,1,583.2939,-82.9706,-0.0975,10,0.2500,0.7500,8,7,6,0,0,7,6,0.1429
4,72.0000,32,2,327.5559,-76.8914,-0.9794,30,0.7500,0.4000,5,7,5,0,0,7,5,0.2857
4,72.0000,32,4,686.2008,-86.4706,-0.6493,4,0.1000,0.8750,8,8,7,0,0,8,7,0.1250
4,72.0000,32,5,412.2412,-78.6884,-1.4586,12,0.3000,0.8571,7,8,8,0,0,8,8,0.0000
4,72.0000,32,8,465.4533,-80.5714,-1.5296,9,0.2250,0.7143,7,7,5,0,0,7,5,0.2857
4,72.0000,32,9,153.9921,-72.9545,0.0656,31,0.7750,0.2000,5,6,2,0,0,6,2,0.6667
4,72.0000,32,11,650.4823,-84.9744,-1.0221,3,0.0750,0.8750,8,7,6,0,0,7,6,0.1429
4,72.0000,32,12,657.8796,-84.4716,0.5703,6,0.1500,1.0000,8,8,8,0,0,8,8,0.0000
4,72.0000,32,13,715.7185,-85.6489,0.1952,7,0.1750,1.0000,6,8,8,0,0,8,8,0.0000
4,72.0000,32,17,698.5352,-85.3074,0.4037,5,0.1250,0.8750,8,8,8,0,0,8,8,0.0000
4,72.0000,32,18,368.8274,-81.4347,-0.4808,13,0.3250,0.5000,6,6,4,0,0,6,4,0.3333
4,72.0000,32,19,703.6108,-86.0921,-0.4516,5,0.1250,1.0000,8,7,6,0,0,7,6,0.1429
4,72.0000,32,20,602.8694,-83.6826,1.0766,6,0.1500,0.8750,8,8,8,0,0,8,8,0.0000
4,72.0000,32,21,520.0645,-84.3160,1.2463,13,0.3250,0.6667,6,6,4,0,0,6,4,0.3333
4,72.0000,32,25,437.0858,-81.6058,0.3330,23,0.5750,0.7143,7,7,4,0,0,7,4,0.4286
4,72.0000,32,27,642.2484,-85.2947,0.1099,11,0.2750,1.0000,8,7,5,0,0,7,5,0.2857
4,72.0000,32,28,519.7744,-86.1025,-0.8351,7,0.1750,1.0000,8,8,8,0,0,8,8,0.0000
4,72.0000,32,31,740.6827,-87.6180,0.3374,3,0.0750,1.0000,8,8,8,0,0,8,8,0.0000
4,72.0000,32,34,218.1712,-76.6825,0.7547,32,0.8000,0.5000,6,6,3,0,0,6,3,0.5000
4,72.0000,32,35,501.1503,-83.1965,0.6013,20,0.5000,0.6667,6,8,7,0,0,8,7,0.1250
4,72.0000,32,36,389.9596,-81.7196,1.4633,11,0.2750,0.8571,7,7,6,0,0,7,6,0.1429
4,72.0000,32,39,144.5861,-71.2983,-0.6480,31,0.7750,0.2000,5,6,2,0,0,6,2,0.6667
4,72.0000,32,40,590.5116,-84.3023,0.4101,17,0.4250,1.0000,8,8,8,0,0,8,8,0.0000
4,72.0000,32,44,757.1738,-88.0539,2.0967,3,0.0750,1.0000,8,8,8,0,0,8,8,0.0000
4,72.0000,32,45,263.3243,-78.4534,0.2947,32,0.8000,0.0000,4,5,2,0,0,5,2,0.6000
4,72.0000,33,0,713.2843,-86.5137,-0.3798,6,0.1500,1.0000,8,4,4,0,0,4,4,0.0000
4,72.0000,33,4,240.7737,-75.8067,0.1634,31,0.7750,0.5000,6,5,2,0,0,5,2,0.6000
4,72.0000,33,5,719.4320,-86.9027,-0.3853,5,0.1250,1.0000,6,9,8,4,4,13,12,0.0769
4,72.0000,33,8,677.1557,-87.1895,0.7951,5,0.1250,0.8571,7,8,8,0,0,8,8,0.0000
4,72.0000,33,9,765.8289,-86.3189,-0.6899,5,0.1250,1.0000,9,7,7,0,0,7,7,0.0000
4,72.0000,33,10,486.0606,-82.9651,1.3557,12,0.3000,0.8571,7,7,5,0,0,7,5,0.2857
4,72.0000,33,11,953.9010,-88.0185,0.2078,5,0.1250,1.0000,8,5,4,0,0,5,4,0.2000
4,72.0000,33,12,497.8146,-84.1519,-0.4751,6,0.1500,0.9375,16,8,8,1,0,9,8,0.1111
4,72.0000,33,15,487.9704,-83.2221,0.1689,13,0.3250,0.8571,7,8,8,0,0,8,8,0.0000
4,72.0000,33,16,258.4626,-75.7565,-0.6754,31,0.7750,0.4000,5,6,3,0,0,6,3,0.5000
4,72.0000,33,17,843.8284,-86.9653,0.9274,5,0.1250,1.0000,6,8,8,0,0,8,8,0.0000
4,72.0000,33,18,662.1968,-85.9733,-0.5345,6,0.1500,1.0000,8,8,8,0,0,8,8,0.0000
4,72.0000,33,19,289.7283,-79.6249,0.8133,19,0.4750,0.8571,7,5,2,0,0,5,2,0.6000
4,72.0000,33,20,669.5405,-85.5372,0.8776,7,0.1750,0.8571,7,8,8,0,0,8,8,0.0000
4,72.0000,33,22,998.7819,-86.4786,-0.0974,5,0.1250,1.0000,6,6,6,0,0,6,6,0.0000
4,72.0000,33,24,607.2073,-84.7181,1.2071,8,0.2000,1.0000,8,8,8,0,0,8,8,0.0000
4,72.0000,33,26,993.0105,-87.4857,-0.6239,3,0.0750,1.0000,2,6,6,0,0,6,6,0.0000
4,72.0000,33,28,639.2298,-86.5636,2.3062,4,0.1000,1.0000,8,8,8,0,0,8,8,0.0000
4,72.0000,33,29,419.1701,-80.9705,-0.0505,14,0.3500,1.0000,8,7,5,0,0,7,5,0.2857
4,72.0000,33,30,771.9103,-86.3875,1.1058,3,0.0750,1.0000,6,8,8,0,0,8,8,0.0000
4,72.0000,33,31,567.0508,-85.9035,-0.1288,6,0.1500,1.0000,8,7,6,0,0,7,6,0.1429
4,72.0000,33,32,898.3128,-87.4090,-0.2677,5,0.1250,1.0000,8,6,6,0,0,6,6,0.0000
4,72.0000,33,34,764.2041,-87.7935,0.9345,4,0.1000,1.0000,8,8,8,6,6,14,14,0.0000
4,72.0000,33,38,914.4036,-87.9329,-0.3427,7,0.1750,1.0000,6,8,8,0,0,8,8,0.0000
4,72.0000,33,39,834.3339,-86.6614,0.3112,4,0.1000,1.0000,8,8,8,0,0,8,8,0.0000
4,72.0000,33,42,484.4040,-82.4176,0.7083,14,0.3500,0.6667,6,8,7,0,0,8,7,0.1250
4,72.0000,33,43,658.0562,-85.4282,-0.6600,9,0.2250,1.0000,8,8,8,0,0,8,8,0.0000
4,72.0000,33,44,620.0687,-83.1306,-0.5822,6,0.1500,1.0000,8,10,10,0,0,10,10,0.0000
4,72.0000,33,46,897.1661,-86.2468,-0.0596,5,0.1250,1.0000,8,3,2,0,0,3,2,0.3333
4,72.0000,33,47,408.1312,-80.7090,-1.2968,21,0.5250,0.5714,7,8,8,0,0,8,8,0.0000
4,72.0000,34,1,690.9087,-85.6249,0.8388,7,0.1795,0.8750,8,8,7,0,0,8,7,0.1250
4,72.0000,34,2,486.1170,-82.7434,-0.1992,15,0.3846,0.8571,7,7,6,0,0,7,6,0.1429
4,72.0000,34,4,586.4759,-85.5361,-0.2851,3,0.0769,0.8750,8,8,8,0,0,8,8,0.0000
4,72.0000,34,5,444.1007,-83.3924,0.1071,14,0.3590,1.0000,8,8,6,0,0,8,6,0.2500
4,72.0000,34,8,523.4371,-85.3023,1.0121,8,0.2051,1.0000,8,8,8,0,0,8,8,0.0000
4,72.0000,34,9,174.1556,-75.5653,0.9067,29,0.7436,0.0000,4,5,1,0,0,5,1,0.8000
4,72.0000,34,11,718.6234,-86.6679,0.8771,6,0.1538,1.0000,6,8,8,0,0,8,8,0.0000
4,72.0000,34,12,613.1370,-85.2112,0.2590,7,0.1795,1.0000,8,8,8,0,0,8,8,0.0000
4,72.0000,34,13,840.3615,-88.2387,0.1013,5,0.1282,1.0000,6,8,6,0,0,8,6,0.2500
4,72.0000,34,17,776.7112,-87.1271,1.4997,3,0.0769,1.0000,6,8,8,0,0,8,8,0.0000
4,72.0000,34,18,247.4287,-80.0174,1.8337,18,0.4615,0.5000,6,4,0,0,0,4,0,1.0000
4,72.0000,34,19,558.8453,-86.0561,1.7046,3,0.0769,0.7500,8,8,8,0,0,8,8,0.0000
4,72.0000,34,20,620.2964,-83.9134,-0.0123,5,0.1282,1.0000,8,7,6,0,0,7,6,0.1429
4,72.0000,34,21,732.1000,-86.7837,-0.0465,9,0.2308,1.0000,6,8,8,0,0,8,8,0.0000
4,72.0000,34,25,606.4583,-84.3602,-0.8115,17,0.4359,0.8571,7,8,8,0,0,8,8,0.0000
4,72.0000,34,27,847.1983,-87.0691,0.8804,5,0.1282,0.8000,5,8,8,0,0,8,8,0.0000
4,72.0000,34,28,516.3961,-84.3876,0.9641,7,0.1795,0.8571,7,7,6,0,0,7,6,0.1429
4,72.0000,34,31,714.3034,-88.0304,-1.3523,4,0.1026,1.0000,6,7,6,0,0,7,6,0.1429
4,72.0000,34,32,218.1712,-76.4541,0.1707,28,0.7179,0.2000,5,6,4,0,0,6,4,0.3333
4,72.0000,34,33,764.2041,-87.7405,-0.5133,4,0.1026,1.0000,8,8,8,0,0,8,8,0.0000
4,72.0000,34,35,585.5915,-84.2997,-0.1982,18,0.4615,0.8750,8,8,8,0,0,8,8,0.0000
4,72.0000,34,36,469.5182,-84.5036,0.4394,9,0.2308,0.8750,8,7,6,0,0,7,6,0.1429
4,72.0000,34,39,227.4764,-77.4083,0.1827,20,0.5128,0.6667,6,5,1,0,0,5,1,0.8000
4,72.0000,34,40,803.0642,-87.5993,-0.0791,5,0.1282,1.0000,8,8,8,0,0,8,8,0.0000
4,72.0000,34,45,433.0618,-80.1044,-0.5014,26,0.6667,0.7143,7,8,6,0,0,8,6,0.2500
4,72.0000,35,1,840.0703,-87.4942,-0.3597,7,0.1750,1.0000,8,8,8,0,0,8,8,0.0000
4,72.0000,35,2,738.6166,-86.3280,0.6161,7,0.1750,1.0000,10,8,8,0,0,8,8,0.0000
4,72.0000,35,5,819.8564,-87.1125,-0.4579,8,0.2000,0.8889,9,8,8,0,0,8,8,0.0000
4,72.0000,35,8,939.4287,-87.1264,-2.4217,3,0.0750,1.0000,8,8,8,0,0,8,8,0.0000
4,72.0000,35,9,634.8195,-86.5279,1.0204,7,0.1750,1.0000,8,8,8,0,0,8,8,0.0000
4,72.0000,35,11,935.4087,-88.2835,0.5776,6,0.1500,1.0000,6,8,8,0,0,8,8,0.0000
4,72.0000,35,13,871.1262,-87.9298,-0.3129,5,0.1250,1.0000,8,8,8,0,0,8,8,0.0000
4,72.0000,35,18,719.2732,-87.4426,-0.0596,8,0.2000,1.0000,8,8,8,0,0,8,8,0.0000
4,72.0000,35,21,547.0980,-83.7883,-0.0378,17,0.4250,1.0000,8,7,6,0,0,7,6,0.1429
4,72.0000,35,25,298.6035,-77.8167,0.0384,31,0.7750,0.2000,5,6,3,0,0,6,3,0.5000
4,72.0000,35,27,725.7891,-86.8005,-0.0808,12,0.3000,1.0000,8,8,8,0,0,8,8,0.0000
4,72.0000,35,28,932.0566,-88.0295,0.7047,6,0.1500,1.0000,8,5,4,0,0,5,4,0.2000
4,72.0000,35,31,1160.2648,-88.9437,-0.4146,3,0.0750,1.0000,6,4,4,0,0,4,4,0.0000
4,72.0000,35,32,501.1503,-83.7830,-0.0607,16,0.4000,1.0000,8,8,7,0,0,8,7,0.1250
4,72.0000,35,34,585.5915,-85.2371,0.4037,12,0.3000,0.8571,7,8,8,0,0,8,8,0.0000
4,72.0000,35,36,644.1511,-84.3371,0.2123,11,0.2750,1.0000,8,8,8,0,0,8,8,0.0000
4,72.0000,35,39,562.7989,-83.4457,-0.4049,10,0.2500,0.7143,7,8,8,0,0,8,8,0.0000
4,72.0000,35,40,712.9889,-86.5400,0.3584,11,0.2750,1.0000,8,8,8,0,0,8,8,0.0000
4,72.0000,35,45,415.2822,-83.0279,-0.0472,20,0.5000,0.8000,10,8,7,0,0,8,7,0.1250
4,72.0000,36,1,249.1848,-74.8221,-1.8268,33,0.8250,0.5000,6,6,4,0,0,6,4,0.3333
4,72.0000,36,2,349.7722,-81.1027,1.1294,25,0.6250,0.6667,6,8,8,0,0,8,8,0.0000
4,72.0000,36,4,754.6537,-87.1264,0.4210,6,0.1500,1.0000,6,7,6,0,0,7,6,0.1429
4,72.0000,36,5,250.4356,-77.8203,-0.0270,25,0.6250,0.5000,6,6,4,0,0,6,4,0.3333
4,72.0000,36,8,453.9136,-83.1176,0.2327,14,0.3500,1.0000,8,6,4,0,0,6,4,0.3333
4,72.0000,36,9,467.7765,-83.0325,0.0659,15,0.3750,1.0000,8,8,8,0,0,8,8,0.0000
4,72.0000,36,11,301.6485,-79.6940,1.2080,22,0.5500,1.0000,8,4,1,0,0,4,1,0.7500
4,72.0000,36,12,524.7099,-84.8650,-0.0139,10,0.2500,1.0000,8,8,7,0,0,8,7,0.1250
4,72.0000,36,13,378.7793,-80.6521,-0.8395,25,0.6250,0.8571,7,7,6,0,0,7,6,0.1429
4,72.0000,36,17,508.2569,-84.4863,-0.0973,13,0.3250,0.5000,6,10,10,0,0,10,10,0.0000
4,72.0000,36,18,368.4657,-81.0214,0.1466,15,0.3750,0.7143,7,8,8,0,0,8,8,0.0000
4,72.0000,36,19,695.0543,-86.4948,-0.0876,7,0.1750,1.0000,8,8,8,0,0,8,8,0.0000
4,72.0000,36,20,412.5927,-81.9076,0.9819,15,0.3750,1.0000,8,7,5,0,0,7,5,0.2857
4,72.0000,36,21,662.8463,-85.4552,0.4411,12,0.3000,0.6667,6,4,2,0,0,4,2,0.5000
4,72.0000,36,25,485.3362,-82.9909,-0.7872,24,0.6000,0.3333,6,8,7,0,0,8,7,0.1250
4,72.0000,36,27,560.6800,-84.9357,0.2784,21,0.5250,0.7143,7,8,8,0,0,8,8,0.0000
4,72.0000,36,28,349.2984,-81.5945,0.7371,13,0.3250,0.7143,7,7,5,0,0,7,5,0.2857
4,72.0000,36,30,819.0993,-87.1617,1.2351,6,0.1500,1.0000,8,5,4,0,0,5,4,0.2000
4,72.0000,36,31,561.8123,-84.1267,-0.7367,8,0.2000,1.0000,8,8,8,0,0,8,8,0.0000
4,72.0000,36,32,389.9596,-82.3539,0.5684,19,0.4750,0.2000,5,8,7,0,0,8,7,0.1250
4,72.0000,36,34,469.5182,-84.2313,0.2245,12,0.3000,0.8750,8,5,3,0,0,5,3,0.4000
4,72.0000,36,35,644.1511,-85.3045,-0.3112,18,0.4500,0.8571,7,7,6,0,0,7,6,0.1429
4,72.0000,36,39,266.9446,-80.0608,0.7421,20,0.5000,0.6667,6,4,0,0,0,4,0,1.0000
4,72.0000,36,40,571.8347,-83.7573,-0.0122,20,0.5000,0.8571,7,7,6,0,0,7,6,0.1429
4,72.0000,36,44,545.8579,-85.0127,0.6308,7,0.1750,1.0000,8,8,8,0,0,8,8,0.0000
4,72.0000,36,45,586.1306,-84.3014,-0.2789,17,0.4250,0.6667,6,8,6,0,0,8,6,0.2500
4,72.0000,37,0,391.5982,-82.1745,0.6683,16,0.3902,0.7143,7,7,5,0,0,7,5,0.2857
4,72.0000,37,3,605.8839,-85.1556,1.2655,11,0.2683,0.8571,7,8,7,0,0,8,7,0.1250
4,72.0000,37,6,143.5365,-72.3036,-0.1745,39,0.9512,0.2000,5,5,1,0,0,5,1,0.8000
4,72.0000,37,7,292.4200,-81.7241,1.3893,30,0.7317,0.6667,6,5,1,0,0,5,1,0.8000
4,72.0000,37,15,649.0907,-83.6986,-0.0699,8,0.1951,1.0000,8,7,6,0,0,7,6,0.1429
4,72.0000,37,22,438.9554,-82.4720,0.4787,16,0.3902,0.3333,6,7,4,0,0,7,4,0.4286
4,72.0000,37,23,732.6894,-87.0898,0.6033,5,0.1220,1.0000,6,8,7,0,0,8,7,0.1250
4,72.0000,37,24,659.1839,-86.4542,0.9819,6,0.1463,0.8750,8,8,8,0,0,8,8,0.0000
4,72.0000,37,38,263.8941,-80.3138,1.1641,26,0.6341,0.4000,5,4,0,0,0,4,0,1.0000
4,72.0000,37,41,522.8537,-85.1144,-0.1817,20,0.4878,1.0000,8,7,5,0,0,7,5,0.2857
4,72.0000,37,42,757.8381,-88.0581,-0.7354,3,0.0732,1.0000,8,8,8,0,0,8,8,0.0000
4,72.0000,37,43,602.5911,-85.9126,1.4970,5,0.1220,0.8571,7,7,5,0,0,7,5,0.2857
4,72.0000,37,46,715.9300,-86.5892,0.6920,5,0.1220,1.0000,8,8,7,0,0,8,7,0.1250
4,72.0000,37,47,708.5418,-87.9520,0.8863,4,0.0976,1.0000,8,7,6,0,0,7,6,0.1429
4,72.0000,38,0,268.5271,-76.0839,-1.0025,33,0.8250,0.2000,5,7,6,0,0,7,6,0.1429
4,72.0000,38,3,418.2266,-81.5097,0.1434,25,0.6250,0.5000,6,5,2,0,0,5,2,0.6000
4,72.0000,38,6,200.2481,-77.5409,1.3120,39,0.9750,0.3333,6,4,0,0,0,4,0,1.0000
4,72.0000,38,7,325.2544,-81.2243,0.6843,29,0.7250,0.2000,5,4,0,0,0,4,0,1.0000
4,72.0000,38,10,669.6196,-86.0019,-0.1170,7,0.1750,1.0000,8,7,6,0,0,7,6,0.1429
4,72.0000,38,14,655.2097,-85.9383,0.4645,9,0.2250,1.0000,8,8,8,0,0,8,8,0.0000
4,72.0000,38,15,517.6370,-82.4557,0.0912,17,0.4250,0.7500,8,8,8,0,0,8,8,0.0000
4,72.0000,38,16,731.7647,-85.6703,0.9703,5,0.1250,1.0000,8,8,8,0,0,8,8,0.0000
4,72.0000,38,22,269.1664,-78.5616,-0.2757,35,0.8750,0.0000,4,6,4,0,0,6,4,0.3333
4,72.0000,38,23,542.5467,-84.7929,0.1178,17,0.4250,0.8571,7,5,2,0,0,5,2,0.6000
4,72.0000,38,24,422.9513,-81.5878,0.4065,13,0.3250,0.6667,6,6,3,0,0,6,3,0.5000
4,72.0000,38,33,914.4036,-87.7795,-0.1284,3,0.0750,1.0000,8,6,5,4,4,10,9,0.1000
4,72.0000,38,37,263.8941,-80.3215,0.8452,35,0.8750,0.5714,7,4,0,0,0,4,0,1.0000
4,72.0000,38,41,447.7324,-82.3691,0.4430,23,0.5750,0.4000,5,7,5,0,0,7,5,0.2857
4,72.0000,38,42,516.9278,-82.7535,-0.8297,12,0.3000,1.0000,8,7,6,0,0,7,6,0.1429
4,72.0000,38,43,365.6608,-81.4175,0.3255,19,0.4750,0.8571,7,7,6,0,0,7,6,0.1429
4,72.0000,38,46,476.7280,-82.7160,-0.0550,16,0.4000,0.8571,7,8,8,0,0,8,8,0.0000
4,72.0000,38,47,566.2306,-85.1044,-0.3986,9,0.2250,1.0000,8,8,7,0,0,8,7,0.1250
4,72.0000,39,1,474.0379,-81.8694,0.5939,23,0.5750,0.8750,8,8,7,0,0,8,7,0.1250
4,72.0000,39,2,295.5398,-77.2780,-0.6972,32,0.8000,0.6667,6,5,2,0,0,5,2,0.6000
4,72.0000,39,4,629.4201,-84.4951,-0.0866,6,0.1500,0.7143,7,8,8,0,0,8,8,0.0000
4,72.0000,39,5,284.3840,-75.4879,-1.6412,29,0.7250,0.0000,4,7,6,0,0,7,6,0.1429
4,72.0000,39,8,397.2849,-80.8905,-1.2742,23,0.5750,0.8571,7,7,5,0,0,7,5,0.2857
4,72.0000,39,9,206.3121,-74.8032,-0.7152,37,0.9250,0.0000,4,5,1,0,0,5,1,0.8000
4,72.0000,39,11,523.2303,-84.7558,0.2028,13,0.3250,1.0000,6,9,8,0,0,9,8,0.1111
4,72.0000,39,12,540.5528,-82.5386,-0.2030,14,0.3500,0.8571,7,8,8,0,0,8,8,0.0000
4,72.0000,39,13,620.6658,-85.4168,0.4807,17,0.4250,0.8000,5,6,6,0,0,6,6,0.0000
4,72.0000,39,17,601.9897,-86.0321,-0.0128,12,0.3000,1.0000,8,8,8,0,0,8,8,0.0000
4,72.0000,39,18,262.1139,-77.9485,-0.0060,27,0.6750,0.0000,4,5,2,0,0,5,2,0.6000
4,72.0000,39,19,614.5067,-84.2353,0.6940,11,0.2750,0.8750,8,8,8,0,0,8,8,0.0000
4,72.0000,39,20,482.4032,-82.0419,-0.1731,20,0.5000,0.8571,7,8,8,0,0,8,8,0.0000
4,72.0000,39,21,599.5988,-85.8419,0.0778,14,0.3500,1.0000,6,8,5,0,0,8,5,0.3750
4,72.0000,39,25,474.4032,-84.0867,0.0216,20,0.5000,0.6250,8,8,7,0,0,8,7,0.1250
4,72.0000,39,27,642.2155,-86.0844,0.7682,17,0.4250,1.0000,8,8,7,0,0,8,7,0.1250
4,72.0000,39,28,392.5598,-81.5406,-0.0472,15,0.3750,0.8571,7,7,6,0,0,7,6,0.1429
4,72.0000,39,29,854.8340,-85.9950,0.8170,5,0.1250,1.0000,6,8,8,0,0,8,8,0.0000
4,72.0000,39,30,921.6282,-87.3076,0.2225,3,0.0750,1.0000,6,6,6,0,0,6,6,0.0000
4,72.0000,39,31,618.9567,-84.1499,-0.1689,13,0.3250,0.6667,6,8,8,0,0,8,8,0.0000
4,72.0000,39,32,144.5861,-71.8519,-0.0167,36,0.9000,0.0000,4,4,0,0,0,4,0,1.0000
4,72.0000,39,33,834.3339,-88.8740,0.3233,4,0.1000,1.0000,8,4,4,0,0,4,4,0.0000
4,72.0000,39,34,227.4764,-77.6170,0.3328,37,0.9250,0.5000,6,6,3,0,0,6,3,0.5000
4,72.0000,39,35,562.7989,-84.9057,-0.3268,21,0.5250,0.8750,8,7,5,0,0,7,5,0.2857
4,72.0000,39,36,266.9446,-78.7261,0.5478,29,0.7250,0.5000,6,7,5,0,0,7,5,0.2857
4,72.0000,39,40,608.6075,-85.8463,-0.0380,19,0.4750,0.8571,7,7,6,0,0,7,6,0.1429
4,72.0000,39,44,629.6468,-85.6861,-0.2570,5,0.1250,1.0000,8,8,8,0,0,8,8,0.0000
4,72.0000,39,45,396.8739,-80.7722,-0.7198,30,0.7500,0.0000,4,6,3,0,0,6,3,0.5000
4,72.0000,40,1,535.9941,-83.5890,-0.5663,9,0.2250,0.6667,6,7,6,0,0,7,6,0.1429
4,72.0000,40,2,434.6270,-83.5928,0.4789,9,0.2250,0.7500,8,7,6,0,0,7,6,0.1429
4,72.0000,40,5,677.7850,-86.5451,0.7368,5,0.1250,0.8571,7,6,6,0,0,6,6,0.0000
4,72.0000,40,8,680.3365,-86.2567,2.9265,3,0.0750,1.0000,8,8,8,0,0,8,8,0.0000
4,72.0000,40,9,699.6294,-85.1461,0.1245,4,0.1000,0.8571,7,8,8,0,0,8,8,0.0000
4,72.0000,40,11,676.2628,-86.0475,-1.2564,4,0.1000,0.8750,8,8,8,0,0,8,8,0.0000
4,72.0000,40,13,531.8049,-83.3345,-0.0688,10,0.2500,0.8333,6,8,8,0,0,8,8,0.0000
4,72.0000,40,17,705.7798,-86.3040,-0.3846,4,0.1000,1.0000,8,8,8,0,0,8,8,0.0000
4,72.0000,40,18,855.0195,-88.1069,5.1826,3,0.0750,1.0000,8,6,6,0,0,6,6,0.0000
4,72.0000,40,20,792.7749,-86.8363,0.8358,4,0.1000,1.0000,8,7,6,0,0,7,6,0.1429
4,72.0000,40,21,281.9884,-79.2649,0.5349,27,0.6750,0.5000,6,4,0,0,0,4,0,1.0000
4,72.0000,40,25,424.6706,-82.5718,0.8607,14,0.3500,0.7500,8,7,3,0,0,7,3,0.5714
4,72.0000,40,27,109.2017,-69.2999,-0.1192,35,0.8750,0.0952,84,4,0,87,16,91,16,0.8242
4,72.0000,40,28,786.4402,-86.7255,-0.7558,4,0.1000,1.0000,8,8,8,0,0,8,8,0.0000
4,72.0000,40,32,590.5116,-86.4900,2.0561,6,0.1500,1.0000,8,8,8,0,0,8,8,0.0000
4,72.0000,40,34,803.0642,-88.0956,0.3622,4,0.1000,0.8571,7,8,8,0,0,8,8,0.0000
4,72.0000,40,35,712.9889,-85.0829,-0.5176,8,0.2000,1.0000,8,5,4,0,0,5,4,0.2000
4,72.0000,40,36,571.8347,-84.2744,-0.1943,10,0.2500,1.0000,8,8,8,0,0,8,8,0.0000
4,72.0000,40,39,608.6075,-85.5205,-0.7554,4,0.1000,0.8571,7,8,8,0,0,8,8,0.0000
4,72.0000,40,45,540.2723,-85.1327,1.2272,9,0.2250,1.0000,8,7,6,0,0,7,6,0.1429
4,72.0000,41,0,702.1577,-85.2562,0.5767,7,0.1750,1.0000,8,8,8,0,0,8,8,0.0000
4,72.0000,41,3,275.8665,-77.5881,-1.1998,31,0.7750,0.4000,5,6,2,0,0,6,2,0.6667
4,72.0000,41,6,495.7061,-83.9212,0.5133,19,0.4750,0.8750,8,7,5,0,0,7,5,0.2857
4,72.0000,41,7,296.0166,-78.7073,-0.6376,33,0.8250,0.2000,5,4,0,0,0,4,0,1.0000
4,72.0000,41,14,735.1817,-86.4439,1.7015,8,0.2000,1.0000,8,8,8,0,0,8,8,0.0000
4,72.0000,41,15,950.6458,-87.2203,-0.7315,3,0.0750,1.0000,6,4,4,0,0,4,4,0.0000
4,72.0000,41,22,355.5137,-81.9792,0.4562,18,0.4500,0.7143,7,5,2,0,0,5,2,0.6000
4,72.0000,41,23,347.3797,-82.2733,1.2875,25,0.6250,0.5714,7,6,2,0,0,6,2,0.6667
4,72.0000,41,24,741.0718,-85.1096,-0.2440,8,0.2000,0.8750,8,8,8,0,0,8,8,0.0000
4,72.0000,41,37,522.8537,-84.4531,1.0520,20,0.5000,0.7143,7,7,6,0,0,7,6,0.1429
4,72.0000,41,38,447.7324,-83.9486,-0.0951,14,0.3500,1.0000,8,6,3,0,0,6,3,0.5000
4,72.0000,41,42,827.3556,-86.3790,0.6522,5,0.1250,1.0000,8,8,8,0,0,8,8,0.0000
4,72.0000,41,43,658.9611,-85.6447,0.8626,6,0.1500,1.0000,8,8,8,2,2,10,10,0.0000
4,72.0000,41,46,572.4790,-83.4032,-0.6486,12,0.3000,0.8571,7,7,5,0,0,7,5,0.2857
4,72.0000,41,47,994.3052,-87.9815,0.6252,3,0.0750,1.0000,4,8,8,0,0,8,8,0.0000
4,72.0000,42,0,430.7057,-80.5147,-0.5913,23,0.5750,0.5714,7,7,5,0,0,7,5,0.2857
4,72.0000,42,3,639.9388,-85.2880,-0.4686,13,0.3250,0.8000,5,10,10,0,0,10,10,0.0000
4,72.0000,42,4,624.8188,-85.3888,3.9972,3,0.0750,0.8571,7,8,8,0,0,8,8,0.0000
4,72.0000,42,6,685.2137,-86.5031,0.2738,7,0.1750,0.8750,8,8,8,0,0,8,8,0.0000
4,72.0000,42,7,814.1405,-87.2542,0.4838,7,0.1750,0.6667,3,4,4,0,0,4,4,0.0000
4,72.0000,42,10,288.5787,-79.5982,0.2884,16,0.4000,0.7143,7,7,4,0,0,7,4,0.4286
4,72.0000,42,14,530.3341,-84.4643,0.7251,10,0.2500,0.7500,8,8,8,0,0,8,8,0.0000
4,72.0000,42,15,396.2667,-82.1278,0.2890,20,0.5000,0.5000,6,4,0,0,0,4,0,1.0000
4,72.0000,42,16,417.2292,-82.5270,0.8386,17,0.4250,0.6000,5,7,5,0,0,7,5,0.2857
4,72.0000,42,22,559.2233,-84.1365,-0.4003,17,0.4250,0.8571,7,8,8,0,0,8,8,0.0000
4,72.0000,42,23,676.8206,-84.6482,0.0418,7,0.1750,0.8571,7,6,6,0,0,6,6,0.0000
4,72.0000,42,24,216.1818,-76.6014,0.5520,30,0.7500,0.3333,6,6,3,0,0,6,3,0.5000
4,72.0000,42,26,722.2030,-85.1349,0.1561,6,0.1500,1.0000,8,5,4,0,0,5,4,0.2000
4,72.0000,42,29,458.0199,-82.3437,1.7503,8,0.2000,1.0000,8,7,6,0,0,7,6,0.1429
4,72.0000,42,30,619.9019,-84.6425,1.2097,9,0.2250,1.0000,8,8,8,0,0,8,8,0.0000
4,72.0000,42,33,484.4040,-82.9583,-0.1045,10,0.2500,0.8750,8,8,5,0,0,8,5,0.3750
4,72.0000,42,37,757.8381,-86.1506,1.1151,8,0.2000,0.8750,8,6,6,0,0,6,6,0.0000
4,72.0000,42,38,516.9278,-82.2225,-0.3751,24,0.6000,0.8571,7,8,8,0,0,8,8,0.0000
4,72.0000,42,41,827.3556,-86.8713,-0.0042,7,0.1750,1.0000,8,8,8,0,0,8,8,0.0000
4,72.0000,42,43,228.3652,-73.9325,-1.9885,32,0.8000,0.4000,5,6,3,0,0,6,3,0.5000
4,72.0000,42,44,681.1677,-85.4102,-0.5274,3,0.0750,1.0000,8,8,8,0,0,8,8,0.0000
4,72.0000,42,46,451.7548,-82.9083,0.0936,14,0.3500,0.7143,7,8,7,0,0,8,7,0.1250
4,72.0000,42,47,369.7530,-80.8705,-0.2853,16,0.4000,0.7143,7,7,4,0,0,7,4,0.4286
4,72.0000,43,0,316.3681,-79.4571,-0.0913,27,0.6923,0.6667,6,6,3,0,0,6,3,0.5000
4,72.0000,43,3,530.0810,-84.6781,-0.3405,18,0.4615,0.8571,7,7,6,0,0,7,6,0.1429
4,72.0000,43,4,818.6591,-87.3304,0.2011,4,0.1026,0.8333,6,8,8,0,0,8,8,0.0000
4,72.0000,43,6,558.2598,-85.5371,0.4353,14,0.3590,1.0000,8,8,8,0,0,8,8,0.0000
4,72.0000,43,7,665.2807,-85.7114,-0.2140,14,0.3590,0.8571,7,6,4,0,0,6,4,0.3333
4,72.0000,43,10,494.8490,-84.0846,0.4055,11,0.2821,0.8750,8,6,4,0,0,6,4,0.3333
4,72.0000,43,12,890.1117,-89.1935,0.3212,5,0.1282,1.0000,8,8,8,0,0,8,8,0.0000
4,72.0000,43,14,602.6987,-85.0717,0.1748,10,0.2564,1.0000,8,8,7,0,0,8,7,0.1250
4,72.0000,43,15,463.1140,-82.8717,0.4094,13,0.3333,0.4000,5,8,8,0,0,8,8,0.0000
4,72.0000,43,16,566.6351,-84.7941,-0.5442,8,0.2051,1.0000,8,8,5,0,0,8,5,0.3750
4,72.0000,43,19,858.2061,-87.2519,-0.1534,6,0.1538,1.0000,6,8,7,0,0,8,7,0.1250
4,72.0000,43,22,347.4816,-80.1408,-0.1704,25,0.6410,0.5000,6,5,1,0,0,5,1,0.8000
4,72.0000,43,23,531.4843,-84.5050,-0.9038,18,0.4615,0.5714,7,8,6,0,0,8,6,0.2500
4,72.0000,43,24,313.1257,-79.5978,-0.0442,19,0.4872,0.7143,7,7,4,0,0,7,4,0.4286
4,72.0000,43,26,855.0670,-87.2880,-0.0593,4,0.1026,1.0000,6,5,4,0,0,5,4,0.2000
4,72.0000,43,28,1068.4508,-88.4535,0.3127,3,0.0769,1.0000,10,2,2,0,0,2,2,0.0000
4,72.0000,43,29,672.1401,-85.6709,0.2912,10,0.2564,0.8750,8,8,8,0,0,8,8,0.0000
4,72.0000,43,30,801.2060,-85.9655,-2.0280,8,0.2051,1.0000,8,8,8,0,0,8,8,0.0000
4,72.0000,43,31,869.4571,-88.2429,-0.1114,7,0.1795,1.0000,8,8,8,0,0,8,8,0.0000
4,72.0000,43,33,658.0562,-85.4007,0.5522,8,0.2051,0.9167,12,8,8,0,0,8,8,0.0000
4,72.0000,43,37,602.5911,-85.9551,1.1992,15,0.3846,0.8571,7,5,2,0,0,5,2,0.6000
4,72.0000,43,38,365.6608,-80.2189,0.2995,29,0.7436,0.7143,7,4,0,0,0,4,0,1.0000
4,72.0000,43,41,658.9611,-86.9056,0.4207,11,0.2821,1.0000,8,7,6,0,0,7,6,0.1429
4,72.0000,43,42,228.3652,-74.0649,-1.1906,32,0.8205,0.4000,5,6,3,0,0,6,3,0.5000
4,72.0000,43,44,903.1308,-86.7642,0.1557,5,0.1282,1.0000,8,4,4,0,0,4,4,0.0000
4,72.0000,43,46,461.7065,-82.6672,1.0985,15,0.3846,1.0000,8,8,5,0,0,8,5,0.3750
4,72.0000,43,47,453.1938,-84.0047,1.1837,13,0.3333,0.7143,7,8,6,0,0,8,6,0.2500
4,72.0000,44,1,509.3342,-83.5144,0.7801,11,0.2750,0.8571,7,8,6,0,0,8,6,0.2500
4,72.0000,44,2,606.6877,-84.4044,1.4359,11,0.2750,0.8571,7,8,7,0,0,8,7,0.1250
4,72.0000,44,4,513.4575,-83.3563,-0.3062,11,0.2750,0.6667,6,7,5,0,0,7,5,0.2857
4,72.0000,44,5,355.3097,-81.8467,1.0556,13,0.3250,0.5000,4,5,2,0,0,5,2,0.6000
4,72.0000,44,8,421.3248,-82.8814,0.5796,13,0.3250,0.7500,8,8,7,0,0,8,7,0.1250
4,72.0000,44,9,713.5872,-86.5535,3.7955,4,0.1000,1.0000,6,8,8,0,0,8,8,0.0000
4,72.0000,44,10,482.6587,-80.5486,0.4230,15,0.3750,0.6250,8,8,8,0,0,8,8,0.0000
4,72.0000,44,11,392.6047,-82.6415,0.2879,16,0.4000,0.8571,7,6,3,0,0,6,3,0.5000
4,72.0000,44,12,158.1676,-74.6382,0.4275,32,0.8000,0.2000,5,4,0,0,0,4,0,1.0000
4,72.0000,44,13,673.9612,-86.1939,0.0285,7,0.1750,1.0000,6,8,8,0,0,8,8,0.0000
4,72.0000,44,14,731.5465,-87.1024,-0.0357,5,0.1250,1.0000,6,7,6,0,0,7,6,0.1429
4,72.0000,44,16,706.4774,-85.9513,0.6832,4,0.1000,1.0000,8,5,4,0,0,5,4,0.2000
4,72.0000,44,17,351.3553,-81.4851,0.9486,19,0.4750,0.8750,8,4,0,0,0,4,0,1.0000
4,72.0000,44,18,534.5359,-84.4799,-0.4048,12,0.3000,0.8750,8,8,8,0,0,8,8,0.0000
4,72.0000,44,19,465.5473,-81.5293,-1.2700,13,0.3250,0.6667,6,7,5,0,0,7,5,0.2857
4,72.0000,44,20,182.8670,-75.9163,0.9260,28,0.7000,0.3333,6,5,1,0,0,5,1,0.8000
4,72.0000,44,24,720.7982,-86.3769,-0.9321,8,0.2000,1.0000,8,8,8,0,0,8,8,0.0000
4,72.0000,44,26,567.6764,-83.7523,0.5036,17,0.4250,0.8750,8,7,4,0,0,7,4,0.4286
4,72.0000,44,28,237.9087,-76.8669,0.5695,23,0.5750,0.4000,5,5,2,0,0,5,2,0.6000
4,72.0000,44,29,416.1549,-79.9034,-0.2120,16,0.4000,0.7143,7,8,8,0,0,8,8,0.0000
4,72.0000,44,30,319.4166,-79.9829,-0.4408,21,0.5250,0.7143,7,6,3,0,0,6,3,0.5000
4,72.0000,44,31,62.0550,-65.2671,1.4540,35,0.8750,0.0000,4,5,1,0,0,5,1,0.8000
4,72.0000,44,32,757.1738,-86.1103,0.8312,8,0.2000,1.0000,8,7,6,0,0,7,6,0.1429
4,72.0000,44,33,620.0687,-84.8356,-1.2030,11,0.2750,0.8750,8,8,8,0,0,8,8,0.0000
4,72.0000,44,34,736.4025,-87.6418,0.1561,5,0.1250,1.0000,6,9,8,0,0,9,8,0.1111
4,72.0000,44,36,545.8579,-87.9223,0.3534,5,0.1250,0.6250,8,8,6,0,0,8,6,0.2500
4,72.0000,44,39,629.6468,-84.1889,1.5981,5,0.1250,0.8571,7,6,5,0,0,6,5,0.1667
4,72.0000,44,42,681.1677,-85.6666,0.0194,7,0.1750,1.0000,8,6,6,0,0,6,6,0.0000
4,72.0000,44,43,903.1308,-88.4771,0.3253,8,0.2000,1.0000,8,6,6,0,0,6,6,0.0000
4,72.0000,44,46,836.5819,-87.7583,-0.4674,7,0.1750,1.0000,2,6,5,0,0,6,5,0.1667
4,72.0000,45,1,748.0118,-85.4931,-0.8036,7,0.1750,1.0000,8,8,8,0,0,8,8,0.0000
4,72.0000,45,2,467.4566,-82.2377,0.2544,14,0.3500,1.0000,8,7,6,0,0,7,6,0.1429
4,72.0000,45,5,651.4376,-84.1792,0.1973,9,0.2250,0.8571,7,8,8,0,0,8,8,0.0000
4,72.0000,45,8,664.8524,-83.6533,-1.0020,6,0.1500,1.0000,8,8,8,0,0,8,8,0.0000
4,72.0000,45,9,363.7220,-80.0589,0.2394,20,0.5000,0.6667,6,10,8,0,0,10,8,0.2000
4,72.0000,45,11,847.1222,-87.2690,2.2139,3,0.0750,1.0000,8,8,8,0,0,8,8,0.0000
4,72.0000,45,13,838.9115,-85.9838,1.3343,3,0.0750,1.0000,4,8,8,0,0,8,8,0.0000
4,72.0000,45,17,883.6152,-88.4549,0.3621,3,0.0750,1.0000,8,8,8,0,0,8,8,0.0000
4,72.0000,45,18,625.8437,-85.8287,-0.1695,6,0.1500,1.0000,8,10,10,0,0,10,10,0.0000
4,72.0000,45,21,350.7441,-82.8673,1.1588,24,0.6000,0.7143,7,7,5,0,0,7,5,0.2857
4,72.0000,45,25,368.0072,-81.2635,-0.5026,24,0.6000,0.7143,7,7,6,0,0,7,6,0.1429
4,72.0000,45,27,610.6792,-86.3635,-0.1003,10,0.2500,1.0000,6,8,8,0,0,8,8,0.0000
4,72.0000,45,28,765.8827,-86.1105,0.8183,3,0.0750,1.0000,8,8,8,0,0,8,8,0.0000
4,72.0000,45,32,263.3243,-77.7813,-0.1097,28,0.7000,0.2000,5,4,0,0,0,4,0,1.0000
4,72.0000,45,34,433.0618,-80.4792,-0.4895,21,0.5250,0.6667,6,7,5,0,0,7,5,0.2857
4,72.0000,45,35,415.2822,-82.5390,0.2096,24,0.6000,0.7143,7,4,0,0,0,4,0,1.0000
4,72.0000,45,36,586.1306,-83.6757,-0.3006,8,0.2000,0.8750,8,8,8,0,0,8,8,0.0000
4,72.0000,45,39,396.8739,-81.4076,-0.4898,14,0.3500,0.8571,7,8,7,0,0,8,7,0.1250
4,72.0000,45,40,540.2723,-85.7176,0.6080,14,0.3500,1.0000,8,7,4,0,0,7,4,0.4286
4,72.0000,46,0,616.3196,-84.7236,0.9370,15,0.3659,0.8571,7,7,6,0,0,7,6,0.1429
4,72.0000,46,3,308.0451,-78.3181,-0.5278,31,0.7561,0.4000,5,6,4,0,0,6,4,0.3333
4,72.0000,46,6,598.7097,-86.0838,-0.0831,11,0.2683,0.8750,8,8,8,0,0,8,8,0.0000
4,72.0000,46,7,603.3095,-83.6368,-0.2462,22,0.5366,0.8750,8,8,8,0,0,8,8,0.0000
4,72.0000,46,10,463.8806,-84.1903,0.6263,6,0.1463,0.8571,7,7,5,0,0,7,5,0.2857
4,72.0000,46,14,186.5320,-77.2166,0.6389,33,0.8049,0.4000,5,5,2,0,0,5,2,0.6000
4,72.0000,46,15,663.4697,-86.3356,-0.6953,8,0.1951,1.0000,8,6,4,0,0,6,4,0.3333
4,72.0000,46,22,521.6368,-83.0543,-0.1522,25,0.6098,0.7143,7,8,7,0,0,8,7,0.1250
4,72.0000,46,23,472.1256,-82.3644,-0.8852,24,0.5854,0.5000,6,7,6,0,0,7,6,0.1429
4,72.0000,46,24,319.2656,-79.0222,-0.4493,20,0.4878,0.5000,6,6,4,0,0,6,4,0.3333
4,72.0000,46,26,553.3502,-85.3385,0.3406,9,0.2195,1.0000,8,6,4,0,0,6,4,0.3333
4,72.0000,46,29,665.7463,-86.3074,0.6931,4,0.0976,0.9000,10,8,8,0,0,8,8,0.0000
4,72.0000,46,30,652.8568,-85.4218,0.2727,5,0.1220,1.0000,8,8,7,0,0,8,7,0.1250
4,72.0000,46,37,715.9300,-86.8605,0.3647,14,0.3415,1.0000,8,5,4,0,0,5,4,0.2000
4,72.0000,46,38,476.7280,-82.8044,0.1474,19,0.4634,0.7143,7,9,7,6,6,15,13,0.1333
4,72.0000,46,41,572.4790,-83.7977,-0.9833,25,0.6098,0.8750,8,8,8,0,0,8,8,0.0000
4,72.0000,46,42,451.7548,-82.2064,-0.3364,10,0.2439,0.7143,7,7,6,0,0,7,6,0.1429
4,72.0000,46,43,461.7065,-83.3810,0.6595,12,0.2927,0.8750,8,6,4,0,0,6,4,0.3333
4,72.0000,46,47,696.2908,-86.3200,0.0641,4,0.0976,1.0000,8,8,8,0,0,8,8,0.0000
4,72.0000,47,0,353.7635,-82.1107,-0.5642,28,0.7000,1.0000,8,4,0,0,0,4,0,1.0000
4,72.0000,47,3,862.6678,-88.0290,0.2579,9,0.2250,0.8750,8,8,8,0,0,8,8,0.0000
4,72.0000,47,4,638.1895,-83.1109,0.8508,11,0.2750,1.0000,8,8,8,0,0,8,8,0.0000
4,72.0000,47,6,654.2093,-86.0258,0.6856,13,0.3250,1.0000,8,6,4,0,0,6,4,0.3333
4,72.0000,47,10,428.2975,-83.5581,0.5464,12,0.3000,1.0000,8,8,6,0,0,8,6,0.2500
4,72.0000,47,11,1203.4827,-88.6688,-0.4603,3,0.0750,1.0000,2,2,2,0,0,2,2,0.0000
4,72.0000,47,12,765.7171,-87.4742,0.7154,5,0.1250,1.0000,8,8,8,0,0,8,8,0.0000
4,72.0000,47,14,780.9457,-87.3188,0.0814,8,0.2000,1.0000,6,8,8,0,0,8,8,0.0000
4,72.0000,47,15,89.7203,-72.6669,2.5105,38,0.9500,0.0000,4,5,1,0,0,5,1,0.8000
4,72.0000,47,16,182.6172,-75.6281,0.2251,35,0.8750,0.4286,7,5,2,0,0,5,2,0.6000
4,72.0000,47,18,975.7128,-88.1699,0.1995,3,0.0750,1.0000,6,8,8,0,0,8,8,0.0000
4,72.0000,47,19,577.5223,-84.7605,-0.2280,8,0.2000,1.0000,8,8,8,0,0,8,8,0.0000
4,72.0000,47,22,723.9655,-86.0739,0.1350,10,0.2500,1.0000,8,8,8,0,0,8,8,0.0000
4,72.0000,47,23,954.5464,-88.5761,-0.5249,3,0.0750,1.0000,2,6,6,0,0,6,6,0.0000
4,72.0000,47,24,380.9271,-82.0864,1.1543,17,0.4250,0.6667,6,8,7,0,0,8,7,0.1250
4,72.0000,47,26,1008.4345,-87.5959,3.5718,3,0.0750,1.0000,4,4,4,0,0,4,4,0.0000
4,72.0000,47,28,934.0283,-89.2358,-0.2986,3,0.0750,1.0000,8,8,8,0,0,8,8,0.0000
4,72.0000,47,29,459.0664,-83.1090,0.3424,13,0.3250,0.9697,66,6,4,10,9,16,13,0.1875
4,72.0000,47,30,888.8899,-88.5683,1.0927,3,0.0750,1.0000,8,8,7,0,0,8,7,0.1250
4,72.0000,47,31,793.3425,-88.1173,-1.1314,3,0.0750,1.0000,8,8,8,0,0,8,8,0.0000
4,72.0000,47,33,408.1312,-80.7775,-1.0577,21,0.5250,0.6667,6,8,8,0,0,8,8,0.0000
4,72.0000,47,37,708.5418,-87.4372,0.6398,8,0.2000,1.0000,6,8,8,0,0,8,8,0.0000
4,72.0000,47,38,566.2306,-84.3176,0.8343,17,0.4250,0.8571,7,8,7,0,0,8,7,0.1250
4,72.0000,47,41,994.3052,-88.9936,1.2392,3,0.0750,1.0000,8,8,7,0,0,8,7,0.1250
4,72.0000,47,42,369.7530,-81.1792,0.3974,25,0.6250,0.6667,6,7,6,0,0,7,6,0.1429
4,72.0000,47,43,453.1938,-83.9544,-0.9758,18,0.4500,1.0000,8,7,5,0,0,7,5,0.2857
4,72.0000,47,44,828.9209,-87.0922,-1.1881,7,0.1750,1.0000,8,4,4,0,0,4,4,0.0000
4,72.0000,47,46,696.2908,-86.5633,0.6258,5,0.1250,1.0000,8,8,8,0,0,8,8,0.0000
4,76.0000,0,3,780.1382,-86.6821,-2.2355,5,0.1250,0.8571,7,6,5,0,0,6,5,0.1667
4,76.0000,0,6,405.2200,-82.1630,-0.6614,22,0.5500,0.7143,7,7,6,0,0,7,6,0.1429
4,76.0000,0,7,508.7190,-84.6910,0.2521,18,0.4500,0.8571,7,5,2,0,0,5,2,0.6000
4,76.0000,0,10,572.1252,-84.6662,1.1166,5,0.1250,1.0000,8,6,4,0,0,6,4,0.3333
4,76.0000,0,15,430.0451,-80.5584,-0.6280,14,0.3500,0.3333,6,5,2,0,0,5,2,0.6000
4,76.0000,0,16,469.7040,-83.2749,0.6289,7,0.1750,0.9000,10,7,5,0,0,7,5,0.2857
4,76.0000,0,22,547.2593,-83.4492,-0.9541,17,0.4250,0.6667,6,6,4,0,0,6,4,0.3333
4,76.0000,0,23,763.0647,-86.2740,0.3539,5,0.1250,1.0000,8,8,8,0,0,8,8,0.0000
4,76.0000,0,24,436.5798,-83.0647,0.1153,10,0.2500,0.8750,8,7,5,0,0,7,5,0.2857
4,76.0000,0,29,709.9789,-86.2555,-0.0099,3,0.0750,1.0000,8,8,7,0,0,8,7,0.1250
4,76.0000,0,37,374.5982,-81.0722,-0.1514,28,0.7000,0.7143,7,6,3,0,0,6,3,0.5000
4,76.0000,0,38,352.4603,-79.8174,-0.8457,26,0.6500,1.0000,8,7,6,0,0,7,6,0.1429
4,76.0000,0,41,671.9823,-85.7678,1.3298,8,0.2000,0.7143,7,8,8,0,0,8,8,0.0000
4,76.0000,0,42,529.7420,-82.4309,0.2642,10,0.2500,0.7143,7,7,4,0,0,7,4,0.4286
4,76.0000,0,43,290.6768,-79.2547,0.6765,21,0.5250,0.8750,8,6,3,0,0,6,3,0.5000
4,76.0000,0,46,656.0345,-87.3846,1.7370,3,0.0750,1.0000,8,8,8,0,0,8,8,0.0000
4,76.0000,0,47,294.7068,-79.2739,-0.3295,15,0.3750,0.5000,6,8,7,0,0,8,7,0.1250
4,76.0000,1,2,371.3547,-80.9708,0.4594,20,0.5000,1.0000,8,7,4,0,0,7,4,0.4286
4,76.0000,1,4,791.1492,-87.8705,0.4592,3,0.0750,0.8333,6,8,8,0,0,8,8,0.0000
4,76.0000,1,5,333.7213,-82.0590,0.3841,13,0.3250,0.6667,6,6,3,0,0,6,3,0.5000
4,76.0000,1,8,415.5334,-80.9419,0.5553,14,0.3500,1.0000,8,7,6,0,0,7,6,0.1429
4,76.0000,1,9,759.5092,-86.2927,0.3801,7,0.1750,0.8750,8,8,8,0,0,8,8,0.0000
4,76.0000,1,11,112.5175,-70.3775,0.1032,33,0.8250,0.0000,4,6,2,0,0,6,2,0.6667
4,76.0000,1,12,597.6291,-84.9170,-0.1674,10,0.2500,0.7500,8,8,8,0,0,8,8,0.0000
4,76.0000,1,13,151.9901,-74.1208,0.6962,35,0.8750,0.3333,6,5,1,0,0,5,1,0.8000
4,76.0000,1,17,334.4602,-80.1397,0.3994,15,0.3750,0.8571,7,6,3,0,0,6,3,0.5000
4,76.0000,1,18,663.1807,-86.8739,0.2331,5,0.1250,1.0000,8,8,8,0,0,8,8,0.0000
4,76.0000,1,19,902.8850,-87.5013,0.8540,3,0.0750,1.0000,6,6,6,0,0,6,6,0.0000
4,76.0000,1,20,319.5230,-81.1024,-0.2606,13,0.3250,0.8571,7,6,3,0,0,6,3,0.5000
4,76.0000,1,21,720.3177,-86.6529,-0.5310,9,0.2250,0.8000,5,7,6,0,0,7,6,0.1429
4,76.0000,1,25,760.3993,-86.2225,-0.0951,10,0.2500,1.0000,8,4,4,0,0,4,4,0.0000
4,76.0000,1,26,872.7587,-88.8612,0.0578,5,0.1250,1.0000,6,6,6,0,0,6,6,0.0000
4,76.0000,1,27,489.5488,-83.4117,-0.1767,20,0.5000,0.8571,7,7,6,0,0,7,6,0.1429
4,76.0000,1,28,336.9946,-80.3860,0.1549,16,0.4000,0.6667,6,6,4,0,0,6,4,0.3333
4,76.0000,1,29,929.3769,-87.8557,0.2691,3,0.0750,1.0000,6,8,8,0,0,8,8,0.0000
4,76.0000,1,30,558.0970,-85.0641,-0.0280,10,0.2500,1.0000,8,8,8,0,0,8,8,0.0000
4,76.0000,1,31,541.3345,-84.0435,0.1013,9,0.2250,0.8571,7,7,6,0,0,7,6,0.1429
4,76.0000,1,32,739.5531,-85.9339,0.0100,10,0.2500,0.8750,8,8,8,0,0,8,8,0.0000
4,76.0000,1,34,709.5690,-85.5638,0.4049,9,0.2250,1.0000,8,8,7,0,0,8,7,0.1250
4,76.0000,1,35,991.0106,-88.5095,-0.9219,4,0.1000,1.0000,8,8,8,0,0,8,8,0.0000
4,76.0000,1,36,372.8025,-79.2840,-0.8089,21,0.5250,0.2000,5,8,8,0,0,8,8,0.0000
4,76.0000,1,39,566.4801,-84.6445,-1.3418,10,0.2500,0.8750,8,7,6,0,0,7,6,0.1429
4,76.0000,1,40,588.7975,-85.2152,0.0483,17,0.4250,1.0000,8,8,8,0,0,8,8,0.0000
4,76.0000,1,44,375.1854,-83.2380,0.8261,14,0.3500,0.8750,8,7,6,0,0,7,6,0.1429
4,76.0000,1,45,855.4559,-87.7396,-0.4107,5,0.1250,1.0000,4,8,8,0,0,8,8,0.0000
4,76.0000,2,1,371.3547,-81.5248,0.0277,27,0.6750,0.8571,7,6,2,0,0,6,2,0.6667
4,76.0000,2,4,701.2370,-87.0923,0.7285,8,0.2000,1.0000,8,7,5,0,0,7,5,0.2857
4,76.0000,2,5,401.1841,-80.7687,-0.4759,21,0.5250,1.0000,8,8,8,0,0,8,8,0.0000
4,76.0000,2,8,320.7939,-79.6148,-1.1075,25,0.6250,0.6667,6,7,6,0,0,7,6,0.1429
4,76.0000,2,9,525.4683,-83.8327,-1.1297,25,0.6250,0.8571,7,8,8,0,0,8,8,0.0000
4,76.0000,2,11,395.9899,-82.4600,1.2602,23,0.5750,0.6667,6,6,3,0,0,6,3,0.5000
4,76.0000,2,12,670.6305,-85.8135,-0.6046,10,0.2500,0.6667,6,8,8,0,0,8,8,0.0000
4,76.0000,2,13,415.0136,-83.4171,1.1774,22,0.5500,0.8571,7,7,4,0,0,7,4,0.4286
4,76.0000,2,17,341.2308,-80.5906,0.6829,23,0.5750,0.8750,8,7,5,0,0,7,5,0.2857
4,76.0000,2,18,604.2572,-83.6458,-1.1344,17,0.4250,0.8750,8,7,6,0,0,7,6,0.1429
4,76.0000,2,19,903.2689,-88.1370,0.2986,8,0.2000,0.8000,5,6,6,0,0,6,6,0.0000
4,76.0000,2,20,439.7219,-83.3168,-0.0833,12,0.3000,0.8750,8,8,6,0,0,8,6,0.2500
4,76.0000,2,21,433.4320,-83.4428,0.6525,31,0.7750,0.8571,7,4,0,0,0,4,0,1.0000
4,76.0000,2,25,609.2849,-85.1768,-0.6988,25,0.6250,0.8750,8,7,6,0,0,7,6,0.1429
4,76.0000,2,27,323.7443,-81.8412,0.9300,26,0.6500,0.6667,6,6,2,0,0,6,2,0.6667
4,76.0000,2,28,385.8806,-81.2310,0.7758,24,0.6000,0.8571,7,7,4,0,0,7,4,0.4286
4,76.0000,2,29,1054.0099,-88.3203,-0.8683,5,0.1250,1.0000,8,6,6,0,0,6,6,0.0000
4,76.0000,2,30,733.9980,-87.5428,-0.4054,7,0.1750,1.0000,8,8,7,0,0,8,7,0.1250
4,76.0000,2,31,641.2621,-85.1693,0.2840,10,0.2500,1.0000,8,8,8,0,0,8,8,0.0000
4,76.0000,2,32,518.7041,-82.5526,-0.2515,27,0.6750,0.8750,8,8,8,0,0,8,8,0.0000
4,76.0000,2,33,939.8683,-87.8323,-0.7621,5,0.1250,1.0000,2,4,4,0,0,4,4,0.0000
4,76.0000,2,34,588.1965,-83.6898,-0.7097,20,0.5000,1.0000,8,6,4,0,0,6,4,0.3333
4,76.0000,2,35,849.2971,-86.9863,-0.1338,14,0.3500,1.0000,6,8,8,0,0,8,8,0.0000
4,76.0000,2,36,404.7057,-80.5443,-0.3747,28,0.7000,0.8571,7,7,5,0,0,7,5,0.2857
4,76.0000,2,39,407.0551,-80.4244,-0.9968,28,0.7000,0.5000,6,6,3,0,0,6,3,0.5000
4,76.0000,2,40,327.9380,-81.2657,0.5672,31,0.7750,0.4000,5,6,3,0,0,6,3,0.5000
4,76.0000,2,44,541.0210,-84.1289,0.7902,11,0.2750,1.0000,6,8,6,0,0,8,6,0.2500
4,76.0000,2,45,580.9824,-84.1797,-0.1719,26,0.6500,0.7143,7,7,6,0,0,7,6,0.1429
4,76.0000,3,0,780.1382,-85.4104,-0.1853,10,0.2564,1.0000,8,8,8,0,0,8,8,0.0000
4,76.0000,3,6,520.7399,-83.9691,0.2942,20,0.5128,1.0000,8,7,6,0,0,7,6,0.1429
4,76.0000,3,7,542.2392,-82.5782,-0.4379,22,0.5641,0.7500,8,8,8,0,0,8,8,0.0000
4,76.0000,3,10,714.8117,-86.8607,0.3152,3,0.0769,1.0000,8,8,7,0,0,8,7,0.1250
4,76.0000,3,14,471.1010,-83.3321,0.3360,13,0.3333,0.8571,7,7,6,0,0,7,6,0.1429
4,76.0000,3,15,890.0719,-87.8045,0.2986,4,0.1026,1.0000,6,8,8,0,0,8,8,0.0000
4,76.0000,3,16,917.2347,-87.9704,1.7071,4,0.1026,1.0000,6,8,8,0,0,8,8,0.0000
4,76.0000,3,22,405.4448,-81.7257,-0.2581,24,0.6154,0.7143,7,7,4,0,0,7,4,0.4286
4,76.0000,3,23,296.5111,-78.2546,-0.2755,31,0.7949,0.2000,5,6,2,0,0,6,2,0.6667
4,76.0000,3,24,657.5767,-85.2567,-0.5025,8,0.2051,0.8750,8,8,7,0,0,8,7,0.1250
4,76.0000,3,26,665.7772,-85.0408,-0.5122,6,0.1538,1.0000,8,8,8,0,0,8,8,0.0000
4,76.0000,3,37,586.1855,-84.8099,0.3351,14,0.3590,0.8571,7,7,6,0,0,7,6,0.1429
4,76.0000,3,38,497.9662,-82.7876,0.0263,19,0.4872,0.5000,6,7,6,0,0,7,6,0.1429
4,76.0000,3,41,322.6623,-79.0966,-0.3848,31,0.7949,0.2000,5,6,4,0,0,6,4,0.3333
4,76.0000,3,42,715.5003,-86.0902,-0.9604,3,0.0769,1.0000,8,8,8,0,0,8,8,0.0000
4,76.0000,3,43,598.3510,-84.6515,0.4283,10,0.2564,1.0000,8,8,6,0,0,8,6,0.2500
4,76.0000,3,46,409.2138,-80.4221,-0.1314,28,0.7179,0.7143,7,7,6,0,0,7,6,0.1429
4,76.0000,3,47,838.3729,-86.6514,-0.1604,5,0.1282,1.0000,8,8,8,0,0,8,8,0.0000
4,76.0000,4,1,791.1492,-86.7556,-1.4785,5,0.1250,1.0000,8,8,8,0,0,8,8,0.0000
4,76.0000,4,2,701.2370,-84.5437,-0.8790,8,0.2000,1.0000,8,8,7,0,0,8,7,0.1250
4,76.0000,4,5,462.6748,-83.7912,-0.6725,12,0.3000,1.0000,8,6,4,0,0,6,4,0.3333
4,76.0000,4,8,469.1969,-82.4574,0.6689,11,0.2750,1.0000,8,8,8,0,0,8,8,0.0000
4,76.0000,4,9,588.3584,-84.8823,-1.0961,13,0.3250,1.0000,8,7,6,0,0,7,6,0.1429
4,76.0000,4,10,660.0241,-85.6232,-1.4085,9,0.2250,0.7778,9,5,4,0,0,5,4,0.2000
4,76.0000,4,11,719.2757,-86.5710,0.3598,5,0.1250,0.8333,6,7,6,0,0,7,6,0.1429
4,76.0000,4,12,331.1643,-80.1871,-0.3493,17,0.4250,0.8750,8,8,6,0,0,8,6,0.2500
4,76.0000,4,14,932.0228,-88.7410,-0.2586,3,0.0750,1.0000,8,2,2,0,0,2,2,0.0000
4,76.0000,4,15,684.6681,-85.8678,-0.1378,7,0.1750,1.0000,4,7,6,0,0,7,6,0.1429
4,76.0000,4,16,601.1156,-84.7712,-0.2727,10,0.2500,0.8571,7,7,6,0,0,7,6,0.1429
4,76.0000,4,17,559.8870,-85.6938,-0.5597,8,0.2000,1.0000,8,7,6,0,0,7,6,0.1429
4,76.0000,4,18,541.4656,-84.4649,0.0477,11,0.2750,1.0000,8,8,8,0,0,8,8,0.0000
4,76.0000,4,19,314.1171,-78.4389,-0.5674,26,0.6500,0.6667,6,7,5,0,0,7,5,0.2857
4,76.0000,4,20,519.3379,-84.0734,-1.4268,8,0.2000,0.5714,7,8,5,0,0,8,5,0.3750
4,76.0000,4,24,741.1969,-87.9670,-0.6517,6,0.1500,1.0000,8,8,7,0,0,8,7,0.1250
4,76.0000,4,26,923.7638,-88.5138,-0.1027,5,0.1250,,0,2,2,0,0,2,2,0.0000
4,76.0000,4,28,466.3339,-83.8100,-1.6313,12,0.3000,0.8571,7,7,6,0,0,7,6,0.1429
4,76.0000,4,29,557.8065,-82.8792,-0.2153,9,0.2250,0.8571,7,8,7,0,0,8,7,0.1250
4,76.0000,4,30,680.4716,-85.6960,0.8591,8,0.2000,0.7500,8,6,4,0,0,6,4,0.3333
4,76.0000,4,31,388.9661,-82.0497,0.1938,15,0.3750,0.8571,7,7,6,0,0,7,6,0.1429
4,76.0000,4,32,702.5150,-86.7954,-0.4508,10,0.2500,1.0000,8,6,6,0,0,6,6,0.0000
4,76.0000,4,33,258.5796,-78.1714,-0.0805,27,0.6750,0.5000,6,7,5,0,0,7,5,0.2857
4,76.0000,4,34,464.9852,-84.0077,0.1485,14,0.3500,1.0000,8,7,6,0,0,7,6,0.1429
4,76.0000,4,36,608.9040,-85.8234,-0.1953,6,0.1500,1.0000,8,7,5,0,0,7,5,0.2857
4,76.0000,4,39,633.4775,-84.8479,-1.0748,8,0.2000,1.0000,4,7,6,0,0,7,6,0.1429
4,76.0000,4,40,986.9695,-89.2770,0.0593,3,0.0750,1.0000,8,6,6,0,0,6,6,0.0000
4,76.0000,4,42,607.1019,-85.6836,-0.3783,6,0.1500,0.8750,8,7,6,0,0,7,6,0.1429
4,76.0000,4,43,941.2620,-87.7114,-1.0511,4,0.1000,1.0000,4,10,9,0,0,10,9,0.1000
4,76.0000,4,44,516.6980,-83.1085,-0.3148,11,0.2750,0.7500,8,8,8,0,0,8,8,0.0000
4,76.0000,4,45,950.8432,-87.7728,-0.3449,5,0.1250,1.0000,4,4,4,0,0,4,4,0.0000
4,76.0000,4,46,922.1357,-88.1440,0.0474,4,0.1000,1.0000,2,8,8,0,0,8,8,0.0000
4,76.0000,4,47,768.4182,-86.4952,-0.3451,9,0.2250,1.0000,8,8,8,0,0,8,8,0.0000
4,76.0000,5,1,333.7213,-80.0172,1.1403,20,0.5000,0.5000,6,6,4,0,0,6,4,0.3333
4,76.0000,5,2,401.1841,-80.0300,-0.7878,21,0.5250,0.2500,4,7,4,0,0,7,4,0.4286
4,76.0000,5,4,462.6748,-82.6861,0.5125,14,0.3500,0.8571,7,6,4,0,0,6,4,0.3333
4,76.0000,5,8,242.8938,-76.9234,-0.1835,29,0.7250,0.5000,6,6,3,0,0,6,3,0.5000
4,76.0000,5,9,585.3423,-82.6735,-1.0606,17,0.4250,0.6667,6,9,8,67,64,76,72,0.0526
4,76.0000,5,10,795.2333,-87.3722,-1.0407,9,0.2250,1.0000,8,8,8,0,0,8,8,0.0000
4,76.0000,5,11,257.8503,-79.0883,0.2871,27,0.6750,0.6667,6,7,6,0,0,7,6,0.1429
4,76.0000,5,12,299.2904,-78.5466,0.4464,23,0.5750,0.7143,7,8,7,0,0,8,7,0.1250
4,76.0000,5,13,457.8065,-82.9753,-0.2067,19,0.4750,1.0000,8,7,6,0,0,7,6,0.1429
4,76.0000,5,14,923.8489,-88.5951,0.8883,3,0.0750,1.0000,8,2,2,0,0,2,2,0.0000
4,76.0000,5,17,243.9697,-78.7044,0.6319,26,0.6500,0.7143,7,5,1,0,0,5,1,0.8000
4,76.0000,5,18,461.4428,-80.1319,-1.0750,21,0.5250,0.4000,5,6,3,53,52,59,55,0.0678
4,76.0000,5,19,581.4187,-84.1105,-0.7818,11,0.2750,1.0000,6,10,9,0,0,10,9,0.1000
4,76.0000,5,20,143.9822,-73.9717,0.9339,35,0.8750,0.5000,6,4,0,0,0,4,0,1.0000
4,76.0000,5,21,788.8223,-86.8374,0.9769,6,0.1500,0.6667,3,6,6,0,0,6,6,0.0000
4,76.0000,5,24,923.9471,-88.5582,0.2394,4,0.1000,1.0000,4,6,6,0,0,6,6,0.0000
4,76.0000,5,25,846.8803,-87.1313,-0.8634,11,0.2750,0.6667,6,4,4,0,0,4,4,0.0000
4,76.0000,5,26,791.4004,-87.8916,0.4388,4,0.1000,1.0000,4,2,2,0,0,2,2,0.0000
4,76.0000,5,27,671.8300,-86.4228,0.9505,11,0.2750,0.5000,4,8,7,0,0,8,7,0.1250
4,76.0000,5,28,48.7741,-61.8873,3.5754,36,0.9000,0.0000,4,5,1,0,0,5,1,0.8000
4,76.0000,5,29,664.1015,-86.8811,-0.1466,7,0.1750,1.0000,8,8,8,0,0,8,8,0.0000
4,76.0000,5,30,468.1307,-85.0645,0.5697,11,0.2750,1.0000,8,6,3,0,0,6,3,0.5000
4,76.0000,5,31,265.3110,-78.9347,0.1193,23,0.5750,0.8571,7,7,3,0,0,7,3,0.5714
4,76.0000,5,32,620.6596,-82.8995,-0.9801,19,0.4750,0.7143,7,8,6,0,0,8,6,0.2500
4,76.0000,5,33,636.9386,-87.0003,0.4136,8,0.2000,1.0000,6,6,6,0,0,6,6,0.0000
4,76.0000,5,34,476.0663,-83.6581,-0.0516,17,0.4250,0.7500,8,7,6,0,0,7,6,0.1429
4,76.0000,5,35,973.4916,-88.1487,0.1370,4,0.1000,1.0000,4,6,6,0,0,6,6,0.0000
4,76.0000,5,36,275.8718,-77.8748,-0.2879,27,0.6750,0.4286,7,7,4,0,0,7,4,0.4286
4,76.0000,5,39,455.9312,-81.2962,-2.0344,21,0.5250,0.6667,6,6,4,2,2,8,6,0.2500
4,76.0000,5,40,704.7558,-85.6575,0.2098,12,0.3000,0.4000,5,7,4,0,0,7,4,0.4286
4,76.0000,5,42,827.8244,-88.6713,-1.0273,4,0.1000,1.0000,6,8,8,0,0,8,8,0.0000
4,76.0000,5,44,180.5256,-77.9388,2.0044,26,0.6500,0.8750,8,5,1,0,0,5,1,0.8000
4,76.0000,5,45,826.3398,-87.6803,-0.0176,10,0.2500,0.7500,4,3,2,0,0,3,2,0.3333
4,76.0000,5,47,1045.5869,-87.9665,-0.0470,3,0.0750,1.0000,2,4,4,0,0,4,4,0.0000
4,76.0000,6,0,405.2200,-81.9410,-1.3173,25,0.6250,0.7500,8,5,2,0,0,5,2,0.6000
4,76.0000,6,3,520.7399,-84.0819,0.4717,21,0.5250,0.7500,8,5,2,0,0,5,2,0.6000
4,76.0000,6,7,173.8272,-75.2939,1.0773,36,0.9000,0.0000,4,6,3,0,0,6,3,0.5000
4,76.0000,6,10,628.2579,-86.8626,2.3549,3,0.0750,0.8571,7,6,4,0,0,6,4,0.3333
4,76.0000,6,14,635.9373,-85.3602,-0.1379,7,0.1750,1.0000,8,7,6,0,0,7,6,0.1429
4,76.0000,6,15,625.5730,-85.0080,-0.2147,9,0.2250,1.0000,8,8,8,0,0,8,8,0.0000
4,76.0000,6,16,690.0656,-86.5206,0.3171,6,0.1500,0.8889,9,8,8,0,0,8,8,0.0000
4,76.0000,6,22,432.1424,-81.4854,0.1096,27,0.6750,0.7143,7,5,2,0,0,5,2,0.6000
4,76.0000,6,23,602.6495,-84.8540,1.4227,10,0.2500,0.8750,8,7,5,0,0,7,5,0.2857
4,76.0000,6,24,511.4274,-84.8863,0.7821,6,0.1500,0.8571,7,6,4,0,0,6,4,0.3333
4,76.0000,6,37,135.8528,-71.8509,0.4458,37,0.9250,0.0000,4,4,0,0,0,4,0,1.0000
4,76.0000,6,38,155.5275,-73.8406,0.3949,37,0.9250,0.4286,7,4,0,0,0,4,0,1.0000
4,76.0000,6,41,406.1557,-82.0695,0.7196,25,0.6250,0.7500,8,7,5,0,0,7,5,0.2857
4,76.0000,6,42,674.7530,-85.4276,-0.3788,5,0.1250,0.8571,7,7,6,0,0,7,6,0.1429
4,76.0000,6,43,454.9410,-83.2928,-0.4876,14,0.3500,1.0000,8,6,4,0,0,6,4,0.3333
4,76.0000,6,46,534.4826,-84.0682,0.0486,12,0.3000,0.8571,7,7,6,0,0,7,6,0.1429
4,76.0000,6,47,540.6769,-84.2042,0.1321,10,0.2500,1.0000,8,7,6,0,0,7,6,0.1429
4,76.0000,7,0,508.7190,-84.2910,-0.3758,15,0.3750,1.0000,8,5,2,0,0,5,2,0.6000
4,76.0000,7,3,542.2392,-84.1135,-0.4982,20,0.5000,0.7143,7,8,7,0,0,8,7,0.1250
4,76.0000,7,6,173.8272,-75.6950,0.5240,32,0.8000,0.0000,4,6,2,0,0,6,2,0.6667
4,76.0000,7,14,766.2495,-87.1053,0.0943,4,0.1000,0.8750,8,8,8,0,0,8,8,0.0000
4,76.0000,7,15,791.3198,-88.1110,0.6629,3,0.0750,1.0000,8,6,6,0,0,6,6,0.0000
4,76.0000,7,22,407.7425,-82.7991,-0.0349,26,0.6500,0.6667,6,8,7,0,0,8,7,0.1250
4,76.0000,7,23,581.0660,-85.1127,0.3571,16,0.4000,1.0000,8,8,8,0,0,8,8,0.0000
4,76.0000,7,24,676.1138,-85.7113,0.2210,7,0.1750,0.8750,8,7,5,0,0,7,5,0.2857
4,76.0000,7,37,135.4127,-75.6624,1.8520,33,0.8250,0.2000,5,5,1,0,0,5,1,0.8000
4,76.0000,7,38,201.1411,-77.9873,0.8927,32,0.8000,0.4000,5,4,0,0,0,4,0,1.0000
4,76.0000,7,41,332.7515,-79.8086,-0.0136,32,0.8000,0.6667,6,6,3,0,0,6,3,0.5000
4,76.0000,7,43,552.3138,-84.1616,0.6004,11,0.2750,0.8571,7,7,6,0,0,7,6,0.1429
4,76.0000,7,46,665.7455,-84.9615,-1.2088,7,0.1750,0.8750,8,8,8,0,0,8,8,0.0000
4,76.0000,7,47,696.2444,-86.7784,1.8950,4,0.1000,1.0000,8,8,8,0,0,8,8,0.0000
4,76.0000,8,1,415.5334,-83.2110,-0.4378,13,0.3250,0.6667,6,7,4,0,0,7,4,0.4286
4,76.0000,8,2,320.7939,-78.3246,-0.3616,22,0.5500,0.5000,8,7,5,0,0,7,5,0.2857
4,76.0000,8,4,469.1969,-83.0368,-0.4621,11,0.2750,1.0000,8,7,6,0,0,7,6,0.1429
4,76.0000,8,5,242.8938,-77.0321,0.2560,21,0.5250,0.5000,6,6,2,0,0,6,2,0.6667
4,76.0000,8,9,609.6489,-83.6425,-0.5209,14,0.3500,0.8571,7,8,8,0,0,8,8,0.0000
4,76.0000,8,11,402.3098,-82.2330,1.2241,14,0.3500,0.6250,8,6,2,0,0,6,2,0.6667
4,76.0000,8,12,401.0499,-80.8935,0.0839,9,0.2250,0.8750,8,8,8,0,0,8,8,0.0000
4,76.0000,8,13,544.6182,-84.9874,0.0649,9,0.2250,1.0000,8,7,5,0,0,7,5,0.2857
4,76.0000,8,16,955.9304,-88.1689,0.0906,5,0.1250,1.0000,6,4,4,0,0,4,4,0.0000
4,76.0000,8,17,121.1070,-75.9749,1.7226,26,0.6500,0.2000,5,5,1,0,0,5,1,0.8000
4,76.0000,8,18,612.1517,-82.4951,-0.8297,8,0.2000,0.8571,7,8,8,0,0,8,8,0.0000
4,76.0000,8,19,698.2634,-85.8581,0.3159,6,0.1500,1.0000,8,7,6,0,0,7,6,0.1429
4,76.0000,8,20,223.1575,-77.1467,0.2977,20,0.5000,0.2000,5,6,4,0,0,6,4,0.3333
4,76.0000,8,21,738.0493,-87.1553,-0.0909,7,0.1750,1.0000,6,6,6,0,0,6,6,0.0000
4,76.0000,8,24,991.1082,-87.7154,0.5609,3,0.0750,1.0000,2,2,2,0,0,2,2,0.0000
4,76.0000,8,25,892.9207,-86.8589,0.2737,4,0.1000,1.0000,6,4,4,0,0,4,4,0.0000
4,76.0000,8,26,825.6898,-87.7618,0.5735,5,0.1250,1.0000,6,6,6,0,0,6,6,0.0000
4,76.0000,8,27,633.4032,-87.5384,0.2502,5,0.1250,0.7143,7,8,7,0,0,8,7,0.1250
4,76.0000,8,28,263.8446,-77.8330,-0.1973,21,0.5250,0.6667,6,6,3,0,0,6,3,0.5000
4,76.0000,8,29,788.2121,-87.7127,-0.3892,5,0.1250,0.8750,8,8,7,0,0,8,7,0.1250
4,76.0000,8,30,473.8709,-84.1960,0.2922,10,0.2500,1.0000,8,7,4,0,0,7,4,0.4286
4,76.0000,8,31,373.7418,-80.2968,0.0245,13,0.3250,0.5714,7,6,4,0,0,6,4,0.3333
4,76.0000,8,32,663.6112,-83.7164,0.0233,11,0.2750,1.0000,8,8,8,0,0,8,8,0.0000
4,76.0000,8,33,678.5487,-87.1619,0.1802,6,0.1500,0.6667,3,7,6,0,0,7,6,0.1429
4,76.0000,8,34,579.5326,-84.9634,0.0261,9,0.2250,0.6667,6,7,5,0,0,7,5,0.2857
4,76.0000,8,36,450.8789,-83.1023,-0.0123,10,0.2500,1.0000,8,8,7,2,2,10,9,0.1000
4,76.0000,8,39,535.5824,-82.8895,-0.5115,14,0.3500,0.7500,8,8,8,0,0,8,8,0.0000
4,76.0000,8,40,646.9590,-85.6562,1.4306,8,0.2000,1.0000,8,8,8,0,0,8,8,0.0000
4,76.0000,8,44,323.3108,-80.0929,0.6560,14,0.3500,0.8571,7,5,2,0,0,5,2,0.6000
4,76.0000,8,45,820.6293,-87.4242,0.4221,4,0.1000,1.0000,2,4,4,0,0,4,4,0.0000
4,76.0000,9,1,759.5092,-85.7491,-0.1788,6,0.1463,1.0000,8,8,8,0,0,8,8,0.0000
4,76.0000,9,2,525.4683,-82.2041,-0.6742,15,0.3659,0.8571,7,8,7,0,0,8,7,0.1250
4,76.0000,9,4,588.3584,-83.7361,-0.0433,4,0.0976,0.8750,8,8,8,0,0,8,8,0.0000
4,76.0000,9,5,585.3423,-82.4281,-0.3454,10,0.2439,0.6667,6,8,8,0,0,8,8,0.0000
4,76.0000,9,8,609.6489,-84.0975,-0.6828,8,0.1951,0.7143,7,8,8,0,0,8,8,0.0000
4,76.0000,9,11,704.1489,-86.2152,0.1048,6,0.1463,0.7143,7,7,6,0,0,7,6,0.1429
4,76.0000,9,12,743.7039,-86.9171,-0.0266,4,0.0976,1.0000,8,8,8,0,0,8,8,0.0000
4,76.0000,9,13,790.5671,-86.1655,0.6962,8,0.1951,1.0000,8,8,8,0,0,8,8,0.0000
4,76.0000,9,17,700.6330,-84.9784,0.1988,5,0.1220,1.0000,8,8,7,0,0,8,7,0.1250
4,76.0000,9,18,328.5092,-78.7676,-0.0318,22,0.5366,0.5714,7,8,8,0,0,8,8,0.0000
4,76.0000,9,19,710.7657,-84.3315,0.1969,5,0.1220,0.8333,6,8,7,0,0,8,7,0.1250
4,76.0000,9,20,712.1374,-84.3469,-0.0129,7,0.1707,0.8750,8,8,8,0,0,8,8,0.0000
4,76.0000,9,21,564.8067,-85.0406,0.3005,13,0.3171,0.8750,8,6,4,0,0,6,4,0.3333
4,76.0000,9,25,603.7351,-84.1079,-0.3363,12,0.2927,0.7500,8,8,8,0,0,8,8,0.0000
4,76.0000,9,27,705.7728,-86.4135,0.0878,8,0.1951,1.0000,8,7,6,0,0,7,6,0.1429
4,76.0000,9,28,544.5870,-82.6886,0.3869,9,0.2195,1.0000,10,8,8,0,0,8,8,0.0000
4,76.0000,9,31,762.2139,-87.4688,-0.7067,3,0.0732,1.0000,8,8,8,0,0,8,8,0.0000
4,76.0000,9,32,136.2488,-72.3309,0.0224,38,0.9268,0.0000,4,5,1,0,0,5,1,0.8000
4,76.0000,9,34,239.4773,-74.9765,-1.1416,35,0.8537,0.2857,7,4,2,0,0,4,2,0.5000
4,76.0000,9,35,573.8714,-85.0391,-0.2017,16,0.3902,0.6667,6,7,6,0,0,7,6,0.1429
4,76.0000,9,36,459.7787,-82.7687,1.1496,10,0.2439,0.6667,6,8,7,0,0,8,7,0.1250
4,76.0000,9,39,229.5823,-75.8607,-0.2515,27,0.6585,0.2000,5,5,1,12,0,17,1,0.9412
4,76.0000,9,40,620.9051,-84.8801,-0.4885,8,0.1951,1.0000,8,7,5,0,0,7,5,0.2857
4,76.0000,9,44,759.8370,-84.6898,0.0003,3,0.0732,1.0000,8,6,6,0,0,6,6,0.0000
4,76.0000,9,45,386.7235,-81.1982,0.2483,25,0.6098,0.6667,6,6,4,0,0,6,4,0.3333
4,76.0000,10,0,572.1252,-85.1322,-0.0245,16,0.4000,0.8750,8,8,7,0,0,8,7,0.1250
4,76.0000,10,3,714.8117,-87.3459,-0.4192,12,0.3000,0.8571,7,6,6,0,0,6,6,0.0000
4,76.0000,10,4,660.0241,-85.3887,-1.3049,9,0.2250,1.0000,8,8,8,0,0,8,8,0.0000
4,76.0000,10,5,795.2333,-88.0282,0.1530,5,0.1250,1.0000,8,8,8,0,0,8,8,0.0000
4,76.0000,10,6,628.2579,-85.6071,0.4097,15,0.3750,1.0000,8,7,6,0,0,7,6,0.1429
4,76.0000,10,7,794.8920,-86.7403,-0.8540,7,0.1750,1.0000,4,6,6,0,0,6,6,0.0000
4,76.0000,10,8,877.6766,-87.5704,0.7373,4,0.1000,1.0000,6,4,4,0,0,4,4,0.0000
4,76.0000,10,11,975.2960,-88.5842,0.7956,3,0.0750,1.0000,122,6,6,18,18,24,24,0.0000
4,76.0000,10,12,504.4810,-84.0541,1.5380,13,0.3250,0.6667,6,8,7,0,0,8,7,0.1250
4,76.0000,10,14,368.4047,-82.0119,-0.3825,20,0.5000,0.5000,6,5,1,0,0,5,1,0.8000
4,76.0000,10,15,286.5095,-80.0474,0.7841,24,0.6000,0.5714,7,5,2,0,0,5,2,0.6000
4,76.0000,10,16,283.6731,-80.6045,-0.4134,26,0.6500,0.5000,6,5,1,0,0,5,1,0.8000
4,76.0000,10,17,880.6949,-87.3767,0.0824,7,0.1750,1.0000,8,4,4,0,0,4,4,0.0000
4,76.0000,10,18,1003.7209,-88.6190,0.0899,4,0.1000,1.0000,8,4,4,0,0,4,4,0.0000
4,76.0000,10,19,563.6244,-85.1812,-0.0237,12,0.3000,0.8571,7,7,6,0,0,7,6,0.1429
4,76.0000,10,20,764.3927,-87.1216,0.6349,7,0.1750,0.8889,9,4,4,0,0,4,4,0.0000
4,76.0000,10,23,846.0237,-87.8812,0.2314,13,0.3250,1.0000,8,4,4,0,0,4,4,0.0000
4,76.0000,10,24,140.3055,-74.4975,1.1365,29,0.7250,0.0000,4,4,0,0,0,4,0,1.0000
4,76.0000,10,26,572.6643,-84.0002,0.4653,13,0.3250,1.0000,8,7,6,0,0,7,6,0.1429
4,76.0000,10,28,825.2646,-88.3648,0.6210,4,0.1000,0.8571,7,5,4,0,0,5,4,0.2000
4,76.0000,10,29,200.5252,-75.3213,0.0916,29,0.7250,0.0000,4,4,0,0,0,4,0,1.0000
4,76.0000,10,30,637.0058,-86.2093,-0.6230,9,0.2250,1.0000,8,7,5,0,0,7,5,0.2857
4,76.0000,10,31,534.0922,-84.4664,0.8959,12,0.3000,0.9118,34,7,5,55,53,62,58,0.0645
4,76.0000,10,33,473.5605,-82.7122,0.5315,17,0.4250,0.8750,8,7,5,0,0,7,5,0.2857
4,76.0000,10,37,719.8590,-87.1060,0.2918,15,0.3750,1.0000,2,7,6,0,0,7,6,0.1429
4,76.0000,10,38,649.6584,-85.9387,0.5179,13,0.3250,1.0000,8,8,8,0,0,8,8,0.0000
4,76.0000,10,41,849.1173,-88.2861,-0.4740,7,0.1750,1.0000,4,8,7,0,0,8,7,0.1250
4,76.0000,10,42,232.7988,-77.0188,0.5705,28,0.7000,0.0000,4,5,1,0,0,5,1,0.8000
4,76.0000,10,43,496.3933,-83.6974,0.2404,15,0.3750,1.0000,8,8,7,0,0,8,7,0.1250
4,76.0000,10,44,677.5092,-86.6167,-1.1450,9,0.2250,1.0000,8,8,8,0,0,8,8,0.0000
4,76.0000,10,46,327.5509,-80.7886,0.8870,21,0.5250,0.7500,8,5,1,0,0,5,1,0.8000
4,76.0000,10,47,347.4189,-81.5462,0.4888,23,0.5750,1.0000,8,8,5,0,0,8,5,0.3750
4,76.0000,11,1,112.5175,-70.1996,0.1550,36,0.9000,0.0000,4,6,3,0,0,6,3,0.5000
4,76.0000,11,2,395.9899,-82.1586,0.0952,15,0.3750,0.7143,7,7,6,0,0,7,6,0.1429
4,76.0000,11,4,719.2757,-86.7580,-0.4325,5,0.1250,1.0000,8,8,7,0,0,8,7,0.1250
4,76.0000,11,5,257.8503,-78.8370,0.5866,21,0.5250,0.6667,6,7,5,0,0,7,5,0.2857
4,76.0000,11,8,402.3098,-82.7727,0.4684,13,0.3250,0.8571,7,5,2,0,0,5,2,0.6000
4,76.0000,11,9,704.1489,-86.8401,-0.1225,6,0.1500,1.0000,8,3,2,0,0,3,2,0.3333
4,76.0000,11,10,975.2960,-89.4827,0.0307,5,0.1250,1.0000,6,2,2,0,0,2,2,0.0000
4,76.0000,11,12,521.6539,-83.1771,-0.8479,12,0.3000,0.8571,7,7,6,0,0,7,6,0.1429
4,76.0000,11,13,213.9754,-77.8040,0.6537,34,0.8500,0.0000,5,4,0,1,0,5,0,1.0000
4,76.0000,11,17,338.5822,-79.8899,0.1637,23,0.5750,0.8750,8,7,4,0,0,7,4,0.4286
4,76.0000,11,18,570.8996,-84.2023,0.0808,8,0.2000,0.7500,8,7,6,0,0,7,6,0.1429
4,76.0000,11,19,805.0974,-87.6991,0.9850,7,0.1750,0.8750,8,6,6,0,0,6,6,0.0000
4,76.0000,11,20,276.9072,-78.2842,0.3674,25,0.6250,0.5714,7,5,1,0,0,5,1,0.8000
4,76.0000,11,21,744.8907,-87.2176,-0.1917,4,0.1000,1.0000,4,8,8,0,0,8,8,0.0000
4,76.0000,11,25,758.2547,-86.6677,0.0055,8,0.2000,1.0000,4,4,4,0,0,4,4,0.0000
4,76.0000,11,27,549.4536,-84.9576,-0.0107,13,0.3250,0.7143,7,5,2,0,0,5,2,0.6000
4,76.0000,11,28,255.4360,-78.6443,0.1479,23,0.5750,0.4000,5,6,3,0,0,6,3,0.5000
4,76.0000,11,29,843.2562,-88.2919,0.6953,7,0.1750,0.8571,7,8,8,0,0,8,8,0.0000
4,76.0000,11,30,545.7628,-84.3228,-0.5767,13,0.3250,0.7500,8,7,6,0,0,7,6,0.1429
4,76.0000,11,31,469.9044,-82.1797,-1.2424,17,0.4250,0.8571,7,5,2,0,0,5,2,0.6000
4,76.0000,11,32,689.7199,-85.2320,-1.3355,8,0.2000,0.8333,6,8,8,0,0,8,8,0.0000
4,76.0000,11,33,885.1978,-88.6662,-0.0811,4,0.1000,1.0000,6,8,8,0,0,8,8,0.0000
4,76.0000,11,34,625.6906,-85.5652,0.2500,6,0.1500,1.0000,8,8,8,0,0,8,8,0.0000
4,76.0000,11,35,948.7434,-87.9806,-0.4962,4,0.1000,1.0000,6,8,8,0,0,8,8,0.0000
4,76.0000,11,36,285.4325,-78.4254,0.5005,22,0.5500,0.7778,9,5,2,0,0,5,2,0.6000
4,76.0000,11,39,509.0843,-84.1183,0.6837,11,0.2750,0.8750,8,7,6,0,0,7,6,0.1429
4,76.0000,11,40,631.3085,-84.7551,-0.2811,11,0.2750,1.0000,8,8,8,0,0,8,8,0.0000
4,76.0000,11,44,311.5433,-79.5348,0.2224,18,0.4500,0.4000,5,6,3,0,0,6,3,0.5000
4,76.0000,11,45,839.3735,-87.4230,0.6949,6,0.1500,,0,4,4,0,0,4,4,0.0000
4,76.0000,12,1,597.6291,-85.0109,-0.1656,12,0.3000,0.8750,8,7,6,0,0,7,6,0.1429
4,76.0000,12,2,670.6305,-85.3146,1.1073,11,0.2750,1.0000,10,10,10,0,0,10,10,0.0000
4,76.0000,12,4,331.1643,-80.8077,0.1231,24,0.6000,0.8571,7,6,3,0,0,6,3,0.5000
4,76.0000,12,5,299.2904,-79.3078,0.1912,24,0.6000,0.7143,7,8,8,0,0,8,8,0.0000
4,76.0000,12,8,401.0499,-80.8655,0.2601,22,0.5500,0.8750,8,8,7,0,0,8,7,0.1250
4,76.0000,12,9,743.7039,-84.6403,-0.2588,14,0.3500,0.8571,7,2,2,0,0,2,2,0.0000
4,76.0000,12,10,504.4810,-84.1509,-0.2377,13,0.3250,0.8750,8,7,6,0,0,7,6,0.1429
4,76.0000,12,11,521.6539,-83.2214,-1.6935,15,0.3750,0.8571,7,8,8,0,0,8,8,0.0000
4,76.0000,12,13,733.2643,-85.4133,-0.0062,9,0.2250,1.0000,6,8,8,0,0,8,8,0.0000
4,76.0000,12,14,687.9959,-88.2900,-0.0851,5,0.1250,1.0000,8,8,7,0,0,8,7,0.1250
4,76.0000,12,15,649.4172,-86.0704,1.1693,8,0.2000,1.0000,6,4,2,0,0,4,2,0.5000
4,76.0000,12,16,588.5572,-85.7324,-0.3488,11,0.2750,1.0000,8,8,8,0,0,8,8,0.0000
4,76.0000,12,17,419.0102,-81.5129,-0.3673,21,0.5250,0.8571,7,7,6,0,0,7,6,0.1429
4,76.0000,12,18,588.0304,-82.8633,-0.2530,17,0.4250,0.7143,7,8,7,0,0,8,7,0.1250
4,76.0000,12,19,398.5862,-80.9382,-0.3622,22,0.5500,1.0000,8,6,3,0,0,6,3,0.5000
4,76.0000,12,20,300.0112,-76.4998,-1.5098,30,0.7500,0.6667,6,8,6,0,0,8,6,0.2500
4,76.0000,12,21,1059.4812,-87.6922,0.5333,4,0.1000,1.0000,4,4,4,0,0,4,4,0.0000
4,76.0000,12,24,628.1746,-86.6708,0.6500,10,0.2500,0.6667,6,6,4,0,0,6,4,0.3333
4,76.0000,12,26,638.7356,-85.9273,-0.3360,12,0.3000,1.0000,6,6,6,0,0,6,6,0.0000
4,76.0000,12,28,328.5918,-77.3767,-1.4844,26,0.6500,0.5000,6,6,4,0,0,6,4,0.3333
4,76.0000,12,29,388.8009,-81.0358,0.5603,21,0.5250,0.5000,6,6,3,0,0,6,3,0.5000
4,76.0000,12,30,401.3139,-81.3537,0.3193,21,0.5250,0.6667,6,7,6,0,0,7,6,0.1429
4,76.0000,12,31,70.6084,-67.4939,1.4262,37,0.9250,0.0000,4,4,0,0,0,4,0,1.0000
4,76.0000,12,32,816.6844,-86.6172,-0.4810,8,0.2000,1.0000,8,8,8,0,0,8,8,0.0000
4,76.0000,12,33,393.1532,-82.6472,0.4251,14,0.3500,1.0000,8,6,3,0,0,6,3,0.5000
4,76.0000,12,34,581.8908,-85.5456,-0.6492,8,0.2000,0.6667,6,8,5,0,0,8,5,0.3750
4,76.0000,12,36,524.7024,-83.5246,1.4041,11,0.2750,0.7143,7,7,5,0,0,7,5,0.2857
4,76.0000,12,39,679.2117,-85.4821,-0.4094,14,0.3500,0.8750,8,7,6,0,0,7,6,0.1429
4,76.0000,12,40,986.9999,-87.9429,1.2470,4,0.1000,1.0000,6,4,4,0,0,4,4,0.0000
4,76.0000,12,42,534.9041,-85.2335,2.2953,11,0.2750,0.6667,6,8,6,0,0,8,6,0.2500
4,76.0000,12,43,907.6293,-87.6960,-0.5082,5,0.1250,1.0000,4,6,6,0,0,6,6,0.0000
4,76.0000,12,44,238.9186,-74.2358,-1.4637,33,0.8250,0.0000,6,8,4,1,0,9,4,0.5556
4,76.0000,12,46,717.7425,-88.3829,0.6821,4,0.1000,1.0000,8,8,5,0,0,8,5,0.3750
4,76.0000,12,47,751.2228,-86.1596,-0.7117,12,0.3000,1.0000,6,8,8,0,0,8,8,0.0000
4,76.0000,13,1,151.9901,-74.5152,0.1260,30,0.7500,0.2000,5,6,3,0,0,6,3,0.5000
4,76.0000,13,2,415.0136,-83.0454,0.2817,13,0.3250,1.0000,8,8,7,0,0,8,7,0.1250
4,76.0000,13,5,457.8065,-82.7454,-0.2995,7,0.1750,1.0000,8,8,7,0,0,8,7,0.1250
4,76.0000,13,8,544.6182,-83.0720,-0.9705,4,0.1000,1.0000,8,8,8,0,0,8,8,0.0000
4,76.0000,13,9,790.5671,-87.6426,0.5505,4,0.1000,0.8750,8,8,8,0,0,8,8,0.0000
4,76.0000,13,11,213.9754,-77.0129,0.2476,24,0.6000,0.6667,6,4,0,0,0,4,0,1.0000
4,76.0000,13,12,733.2643,-86.7579,-0.9280,7,0.1750,1.0000,8,8,8,0,0,8,8,0.0000
4,76.0000,13,17,474.6616,-84.4845,-0.2050,10,0.2500,0.8571,7,8,8,0,0,8,8,0.0000
4,76.0000,13,18,699.7046,-85.8512,3.2887,4,0.1000,0.8571,7,8,8,0,0,8,8,0.0000
4,76.0000,13,20,467.0087,-84.7292,0.4366,8,0.2000,0.8571,7,8,7,0,0,8,7,0.1250
4,76.0000,13,21,676.1878,-85.4198,-0.2507,7,0.1750,1.0000,6,8,8,0,0,8,8,0.0000
4,76.0000,13,25,673.9097,-84.8764,-0.0697,7,0.1750,0.8571,7,7,5,0,0,7,5,0.2857
4,76.0000,13,26,1004.1601,-87.9794,-0.1999,3,0.0750,1.0000,6,2,2,0,0,2,2,0.0000
4,76.0000,13,27,425.8165,-83.1728,0.4505,23,0.5750,0.8571,7,6,3,0,0,6,3,0.5000
4,76.0000,13,28,449.3355,-83.3218,1.4246,9,0.2250,0.8750,8,9,8,0,0,9,8,0.1111
4,76.0000,13,30,703.4275,-87.1817,-1.0963,4,0.1000,1.0000,8,7,5,0,0,7,5,0.2857
4,76.0000,13,31,680.1297,-87.9380,-0.7102,6,0.1500,1.0000,8,7,6,0,0,7,6,0.1429
4,76.0000,13,32,744.3429,-85.8558,-0.8030,8,0.2000,0.8571,7,8,8,0,0,8,8,0.0000
4,76.0000,13,34,759.7916,-86.3710,-1.7875,3,0.0750,1.0000,8,8,8,0,0,8,8,0.0000
4,76.0000,13,35,929.4840,-88.9054,-0.1290,3,0.0750,1.0000,8,8,7,0,0,8,7,0.1250
4,76.0000,13,36,408.0304,-81.5703,-0.1523,10,0.2500,0.7143,7,7,5,0,0,7,5,0.2857
4,76.0000,13,39,579.0150,-85.4272,-1.0057,5,0.1250,1.0000,8,8,8,0,0,8,8,0.0000
4,76.0000,13,40,544.2372,-84.0023,0.0724,14,0.3500,0.8750,8,7,6,0,0,7,6,0.1429
4,76.0000,13,44,516.4259,-84.8658,-0.3039,4,0.1000,0.8750,8,8,7,0,0,8,7,0.1250
4,76.0000,13,45,825.0894,-88.4672,0.7191,3,0.0750,1.0000,6,4,4,0,0,4,4,0.0000
4,76.0000,14,0,775.0781,-87.2618,-0.6613,5,0.1250,0.9000,10,8,8,0,0,8,8,0.0000
4,76.0000,14,3,471.1010,-83.1929,-0.2335,22,0.5500,0.4000,5,6,4,0,0,6,4,0.3333
4,76.0000,14,6,635.9373,-86.2983,1.0020,11,0.2750,1.0000,8,8,8,0,0,8,8,0.0000
4,76.0000,14,7,766.2495,-85.4709,-0.0746,7,0.1750,1.0000,8,8,7,0,0,8,7,0.1250
4,76.0000,14,10,368.4047,-82.1539,1.3962,13,0.3250,0.8571,7,6,4,0,0,6,4,0.3333
4,76.0000,14,12,687.9959,-87.3510,0.1657,4,0.1000,0.8571,7,7,4,0,0,7,4,0.4286
4,76.0000,14,15,632.2554,-86.6319,-0.6663,5,0.1250,1.0000,8,9,8,0,0,9,8,0.1111
4,76.0000,14,16,645.7051,-86.4125,0.2951,6,0.1500,0.8750,8,7,6,0,0,7,6,0.1429
4,76.0000,14,17,950.0772,-88.6116,0.0787,4,0.1000,1.0000,8,6,6,0,0,6,6,0.0000
4,76.0000,14,19,889.4292,-88.4875,-0.0669,3,0.0750,1.0000,8,8,8,0,0,8,8,0.0000
4,76.0000,14,20,843.0892,-87.8113,0.3679,3,0.0750,1.0000,8,4,4,0,0,4,4,0.0000
4,76.0000,14,22,717.6228,-86.5024,-0.4173,12,0.3000,1.0000,8,6,6,0,0,6,6,0.0000
4,76.0000,14,23,691.6631,-85.4130,0.5051,11,0.2750,0.8571,7,2,2,0,0,2,2,0.0000
4,76.0000,14,24,408.2308,-81.7129,0.4210,19,0.4750,0.8571,7,6,4,0,0,6,4,0.3333
4,76.0000,14,26,319.5668,-80.5289,0.1910,25,0.6250,0.5000,6,6,4,0,0,6,4,0.3333
4,76.0000,14,29,500.0551,-84.5269,0.9117,9,0.2250,0.8571,7,8,8,0,0,8,8,0.0000
4,76.0000,14,30,585.3449,-85.3040,-0.7643,7,0.1750,0.8750,8,8,7,0,0,8,7,0.1250
4,76.0000,14,31,679.5469,-86.1685,-0.3502,5,0.1250,1.0000,8,7,6,0,0,7,6,0.1429
4,76.0000,14,33,802.6623,-87.8049,-0.5459,7,0.1750,1.0000,2,8,8,0,0,8,8,0.0000
4,76.0000,14,37,750.6328,-86.5326,0.4447,8,0.2000,1.0000,4,8,8,0,0,8,8,0.0000
4,76.0000,14,38,668.0648,-85.5005,0.7424,11,0.2750,1.0000,8,8,8,0,0,8,8,0.0000
4,76.0000,14,41,719.5413,-86.1351,0.2562,13,0.3250,0.8750,8,8,6,0,0,8,6,0.2500
4,76.0000,14,42,472.4138,-82.3981,0.6274,13,0.3250,1.0000,8,6,4,0,0,6,4,0.3333
4,76.0000,14,43,623.8082,-84.5554,-0.0286,11,0.2750,1.0000,10,7,6,0,0,7,6,0.1429
4,76.0000,14,44,758.2755,-86.3798,-0.2338,7,0.1750,0.8571,7,5,4,0,0,5,4,0.2000
4,76.0000,14,46,132.0285,-73.1699,0.8431,30,0.7500,0.0000,4,5,1,0,0,5,1,0.8000
4,76.0000,14,47,655.9504,-86.0633,0.0004,9,0.2250,1.0000,8,8,8,0,0,8,8,0.0000
4,76.0000,15,0,430.0451,-80.6574,-0.6617,26,0.6500,0.4000,5,7,4,0,0,7,4,0.4286
4,76.0000,15,3,890.0719,-86.8390,0.4907,3,0.0750,1.0000,8,6,6,0,0,6,6,0.0000
4,76.0000,15,6,625.5730,-85.4425,0.0286,15,0.3750,0.7500,8,8,7,0,0,8,7,0.1250
4,76.0000,15,7,791.3198,-86.1336,0.3597,10,0.2500,0.8000,5,8,7,0,0,8,7,0.1250
4,76.0000,15,10,286.5095,-79.7270,1.8701,14,0.3500,0.5000,6,5,1,0,0,5,1,0.8000
4,76.0000,15,14,632.2554,-84.8741,0.0128,7,0.1750,1.0000,8,8,8,0,0,8,8,0.0000
4,76.0000,15,16,90.0665,-72.6112,2.7614,31,0.7750,0.0000,3,6,1,0,0,6,1,0.8333
4,76.0000,15,19,509.1543,-84.9673,0.7120,3,0.0750,0.8571,7,8,8,0,0,8,8,0.0000
4,76.0000,15,22,833.0922,-87.3521,0.3808,4,0.1000,0.7500,8,6,6,0,0,6,6,0.0000
4,76.0000,15,23,974.7759,-88.6612,-0.9895,3,0.0750,1.0000,8,4,4,0,0,4,4,0.0000
4,76.0000,15,24,247.1556,-78.4323,0.6644,21,0.5250,0.4286,7,5,1,0,0,5,1,0.8000
4,76.0000,15,29,319.1119,-80.3450,0.2121,10,0.2500,0.7143,7,7,5,0,0,7,5,0.2857
4,76.0000,15,33,437.3877,-83.4946,0.1378,9,0.2250,0.6667,6,8,6,0,0,8,6,0.2500
4,76.0000,15,37,684.4631,-85.5067,-0.7224,15,0.3750,1.0000,10,8,8,0,0,8,8,0.0000
4,76.0000,15,38,646.5445,-84.0463,0.3597,12,0.3000,0.8750,8,7,6,0,0,7,6,0.1429
4,76.0000,15,42,358.8255,-80.8156,0.4174,15,0.3750,0.7143,7,6,3,0,0,6,3,0.5000
4,76.0000,15,43,497.2157,-83.2951,-0.6692,14,0.3500,0.8750,8,7,5,0,0,7,5,0.2857
4,76.0000,15,46,565.5739,-85.2335,0.3001,10,0.2500,1.0000,8,8,8,0,0,8,8,0.0000
4,76.0000,15,47,137.3467,-67.7022,-1.6875,31,0.7750,0.0000,4,5,2,0,0,5,2,0.6000
4,76.0000,16,0,469.7040,-84.6813,-0.3218,20,0.5000,0.6667,3,6,3,0,0,6,3,0.5000
4,76.0000,16,3,917.2347,-87.0410,1.1978,3,0.0750,1.0000,6,6,6,0,0,6,6,0.0000
4,76.0000,16,4,601.1156,-86.2587,-1.2775,5,0.1250,1.0000,8,8,8,0,0,8,8,0.0000
4,76.0000,16,6,690.0656,-86.6241,-0.2495,11,0.2750,0.8571,7,6,4,0,0,6,4,0.3333
4,76.0000,16,7,853.6603,-88.7277,-0.0814,5,0.1250,1.0000,4,8,8,0,0,8,8,0.0000
4,76.0000,16,10,283.6731,-79.8354,0.9317,17,0.4250,0.8197,61,4,0,1,0,5,0,1.0000
4,76.0000,16,12,588.5572,-84.3477,0.9899,4,0.1000,0.8750,8,8,8,10,10,18,18,0.0000
4,76.0000,16,14,645.7051,-86.9130,0.7427,4,0.1000,0.8000,5,7,4,0,0,7,4,0.4286
4,76.0000,16,15,90.0665,-73.0136,2.3279,31,0.7750,0.0000,4,4,0,0,0,4,0,1.0000
4,76.0000,16,17,992.4240,-89.0579,-0.2160,3,0.0750,1.0000,8,2,2,0,0,2,2,0.0000
4,76.0000,16,18,966.2965,-88.4221,0.1878,3,0.0750,1.0000,72,6,6,0,0,6,6,0.0000
4,76.0000,16,19,447.3410,-81.1341,0.3073,12,0.3000,0.6923,13,8,6,0,0,8,6,0.2500
4,76.0000,16,24,264.3699,-81.0147,0.7332,22,0.5500,0.4000,5,5,1,0,0,5,1,0.8000
4,76.0000,16,29,301.2949,-79.8125,0.2515,20,0.5000,0.8889,9,7,5,0,0,7,5,0.2857
4,76.0000,16,31,644.1437,-84.1532,-0.0249,3,0.0750,0.8571,7,8,8,0,0,8,8,0.0000
4,76.0000,16,33,350.7960,-78.9805,-0.7532,19,0.4750,0.2000,5,7,6,0,0,7,6,0.1429
4,76.0000,16,37,744.8813,-86.7037,0.3364,8,0.2000,0.7500,4,8,8,0,0,8,8,0.0000
4,76.0000,16,38,696.5232,-86.1191,-0.5924,12,0.3000,0.8571,7,7,6,0,0,7,6,0.1429
4,76.0000,16,41,969.7781,-88.6457,0.2444,3,0.0750,1.0000,8,8,8,0,0,8,8,0.0000
4,76.0000,16,42,315.3823,-79.7468,0.6140,22,0.5500,0.7143,7,5,1,0,0,5,1,0.8000
4,76.0000,16,43,502.4395,-83.8704,-0.1536,19,0.4750,1.0000,8,7,5,0,0,7,5,0.2857
4,76.0000,16,44,810.9452,-87.3067,-0.2799,3,0.0750,1.0000,8,8,8,0,0,8,8,0.0000
4,76.0000,16,46,581.0056,-86.0841,0.9648,8,0.2000,0.6667,6,5,4,0,0,5,4,0.2000
4,76.0000,16,47,180.2345,-74.5962,0.0494,31,0.7750,0.1000,10,5,2,0,0,5,2,0.6000
4,76.0000,17,1,334.4602,-80.1225,0.0107,23,0.5750,0.2000,5,5,1,0,0,5,1,0.8000
4,76.0000,17,2,341.2308,-80.0713,0.5050,24,0.6000,0.7143,7,5,2,0,0,5,2,0.6000
4,76.0000,17,4,559.8870,-84.7013,0.2972,9,0.2250,1.0000,8,7,5,0,0,7,5,0.2857
4,76.0000,17,5,243.9697,-79.2600,0.9813,23,0.5750,0.8571,7,5,1,0,0,5,1,0.8000
4,76.0000,17,8,121.1070,-75.3136,1.6071,33,0.8250,0.4000,5,4,0,0,0,4,0,1.0000
4,76.0000,17,9,700.6330,-86.6964,-0.4572,10,0.2500,1.0000,8,8,8,0,0,8,8,0.0000
4,76.0000,17,10,880.6949,-86.7403,0.8483,5,0.1250,1.0000,8,4,4,0,0,4,4,0.0000
4,76.0000,17,11,338.5822,-80.1616,0.3348,19,0.4750,0.5000,6,6,4,0,0,6,4,0.3333
4,76.0000,17,12,419.0102,-81.6533,-0.3780,17,0.4250,0.8571,7,7,6,0,0,7,6,0.1429
4,76.0000,17,13,474.6616,-83.7335,-0.0953,13,0.3250,0.8730,63,8,7,64,57,72,64,0.1111
4,76.0000,17,14,950.0772,-88.4684,-0.0812,5,0.1250,0.8571,7,2,2,0,0,2,2,0.0000
4,76.0000,17,16,992.4240,-89.0784,0.1291,3,0.0750,1.0000,8,2,2,0,0,2,2,0.0000
4,76.0000,17,18,670.6923,-86.0504,-0.3943,8,0.2000,0.8571,7,8,8,0,0,8,8,0.0000
4,76.0000,17,19,759.9752,-87.5895,1.6741,4,0.1000,1.0000,8,8,8,0,0,8,8,0.0000
4,76.0000,17,20,165.9534,-74.8485,0.9294,30,0.7500,0.2000,5,4,0,0,0,4,0,1.0000
4,76.0000,17,21,774.3531,-86.8530,0.6859,10,0.2500,1.0000,4,8,8,0,0,8,8,0.0000
4,76.0000,17,24,1000.1219,-87.5599,-0.2293,3,0.0750,0.8333,6,6,6,0,0,6,6,0.0000
4,76.0000,17,26,756.6712,-86.5456,0.2417,7,0.1750,1.0000,8,8,8,0,0,8,8,0.0000
4,76.0000,17,27,620.7618,-85.8530,1.0265,12,0.3000,0.8750,8,8,8,0,0,8,8,0.0000
4,76.0000,17,28,275.4933,-79.9923,0.6370,21,0.5250,0.5000,4,8,6,0,0,8,6,0.2500
4,76.0000,17,29,796.6313,-86.9605,0.6781,6,0.1500,1.0000,8,8,8,0,0,8,8,0.0000
4,76.0000,17,30,398.7050,-82.7105,0.8927,16,0.4000,0.7143,7,7,4,0,0,7,4,0.4286
4,76.0000,17,31,373.1800,-80.1549,0.0628,19,0.4750,0.8571,7,7,6,0,0,7,6,0.1429
4,76.0000,17,32,738.9890,-86.8962,1.2519,5,0.1250,1.0000,8,8,7,0,0,8,7,0.1250
4,76.0000,17,33,745.4696,-86.6656,-1.2791,5,0.1250,1.0000,8,8,8,0,0,8,8,0.0000
4,76.0000,17,34,658.7048,-86.1235,0.3028,9,0.2250,1.0000,8,7,6,0,0,7,6,0.1429
4,76.0000,17,36,464.9626,-84.0650,-0.1306,16,0.4000,1.0000,8,7,6,0,0,7,6,0.1429
4,76.0000,17,39,593.7870,-85.2555,0.3667,11,0.2750,1.0000,8,7,6,0,0,7,6,0.1429
4,76.0000,17,40,662.1824,-86.9111,0.6070,9,0.2250,1.0000,8,8,7,0,0,8,7,0.1250
4,76.0000,17,42,867.0845,-89.0981,0.4035,3,0.0750,1.0000,6,3,2,0,0,3,2,0.3333
4,76.0000,17,44,276.2969,-79.1378,1.0528,23,0.5750,0.5000,6,5,2,0,0,5,2,0.6000
4,76.0000,17,45,885.4830,-87.6777,0.4521,8,0.2000,1.0000,2,4,4,0,0,4,4,0.0000
4,76.0000,18,1,663.1807,-86.7550,-0.3712,8,0.2000,1.0000,6,8,8,0,0,8,8,0.0000
4,76.0000,18,2,604.2572,-85.2135,0.1798,11,0.2750,0.8571,7,6,6,0,0,6,6,0.0000
4,76.0000,18,4,541.4656,-84.5851,-0.1635,7,0.1750,0.8750,8,8,8,0,0,8,8,0.0000
4,76.0000,18,5,461.4428,-82.6084,-0.1318,15,0.3750,0.6667,6,7,4,0,0,7,4,0.4286
4,76.0000,18,8,612.1517,-84.6637,-1.5918,7,0.1750,1.0000,8,8,8,0,0,8,8,0.0000
4,76.0000,18,9,328.5092,-79.7190,0.1403,27,0.6750,0.2000,5,7,4,0,0,7,4,0.4286
4,76.0000,18,10,1003.7209,-88.7063,0.0164,5,0.1250,1.0000,8,2,2,0,0,2,2,0.0000
4,76.0000,18,11,570.8996,-84.4020,-0.1990,10,0.2500,0.6667,6,7,6,0,0,7,6,0.1429
4,76.0000,18,12,588.0304,-83.5414,-0.4003,8,0.2000,0.7143,7,8,7,0,0,8,7,0.1250
4,76.0000,18,13,699.7046,-85.9497,-0.3380,7,0.1750,0.8571,7,8,8,0,0,8,8,0.0000
4,76.0000,18,17,670.6923,-85.4287,0.3601,9,0.2250,1.0000,8,8,8,0,0,8,8,0.0000
4,76.0000,18,19,529.5244,-81.9150,0.0944,10,0.2500,0.8571,7,8,8,0,0,8,8,0.0000
4,76.0000,18,20,605.0503,-82.9582,-0.2501,7,0.1750,0.8889,9,8,8,0,0,8,8,0.0000
4,76.0000,18,21,761.0214,-86.9457,0.2851,6,0.1500,0.8333,6,8,8,0,0,8,8,0.0000
4,76.0000,18,25,694.2650,-86.2615,0.1304,16,0.4000,1.0000,8,8,8,0,0,8,8,0.0000
4,76.0000,18,27,794.7123,-87.7551,-0.4022,5,0.1250,1.0000,8,8,8,0,0,8,8,0.0000
4,76.0000,18,28,417.4595,-80.7424,-0.9719,12,0.3000,1.0000,8,7,6,0,0,7,6,0.1429
4,76.0000,18,29,822.7874,-86.4292,0.2340,5,0.1250,1.0000,8,8,8,0,0,8,8,0.0000
4,76.0000,18,30,908.6170,-88.0226,-0.5466,5,0.1250,1.0000,8,4,4,0,0,4,4,0.0000
4,76.0000,18,31,606.1128,-84.1671,-0.2257,9,0.2250,0.8750,8,6,6,0,0,6,6,0.0000
4,76.0000,18,32,344.5353,-80.3998,0.4517,24,0.6000,0.5714,7,8,4,0,0,8,4,0.5000
4,76.0000,18,33,708.3348,-86.0846,-0.9268,5,0.1250,1.0000,8,8,8,0,0,8,8,0.0000
4,76.0000,18,34,132.5457,-74.5238,1.2306,35,0.8750,0.0000,4,6,2,0,0,6,2,0.6667
4,76.0000,18,35,634.4599,-86.0710,0.1500,13,0.3250,1.0000,8,8,8,0,0,8,8,0.0000
4,76.0000,18,36,294.2505,-80.0353,0.7511,22,0.5500,0.5000,6,7,5,0,0,7,5,0.2857
4,76.0000,18,39,256.9358,-76.9578,-0.1484,32,0.8000,0.8571,7,6,3,9,5,15,8,0.4667
4,76.0000,18,40,768.3799,-87.5155,0.2927,9,0.2250,0.8750,8,8,8,0,0,8,8,0.0000
4,76.0000,18,44,606.6276,-84.6865,-1.4497,8,0.2000,1.0000,8,8,8,0,0,8,8,0.0000
4,76.0000,18,45,624.5640,-85.8977,-0.0453,12,0.3000,1.0000,8,6,5,0,0,6,5,0.1667
4,76.0000,19,2,903.2689,-87.2029,2.6982,3,0.0750,1.0000,6,6,6,0,0,6,6,0.0000
4,76.0000,19,4,314.1171,-78.5064,-0.2484,25,0.6250,0.2000,5,7,6,0,0,7,6,0.1429
4,76.0000,19,5,581.4187,-84.1883,0.5652,7,0.1750,1.0000,8,6,4,0,0,6,4,0.3333
4,76.0000,19,8,698.2634,-87.4587,0.2068,4,0.1000,0.8571,7,8,8,0,0,8,8,0.0000
4,76.0000,19,9,710.7657,-86.3465,-1.5729,8,0.2000,1.0000,8,8,8,0,0,8,8,0.0000
4,76.0000,19,10,563.6244,-83.5910,0.3464,14,0.3500,0.8750,8,8,8,0,0,8,8,0.0000
4,76.0000,19,11,805.0974,-87.0931,0.3994,3,0.0750,1.0000,8,8,8,0,0,8,8,0.0000
4,76.0000,19,12,398.5862,-81.3584,0.3603,14,0.3500,1.0000,12,7,5,0,0,7,5,0.2857
4,76.0000,19,13,1008.6451,-88.1298,-0.1001,3,0.0750,1.0000,4,7,6,0,0,7,6,0.1429
4,76.0000,19,14,889.4292,-88.3699,0.0267,4,0.1000,1.0000,4,5,4,0,0,5,4,0.2000
4,76.0000,19,15,509.1543,-84.2122,0.7375,13,0.3250,0.8000,5,7,5,0,0,7,5,0.2857
4,76.0000,19,16,447.3410,-82.3455,0.3906,19,0.4750,0.5000,6,8,6,0,0,8,6,0.2500
4,76.0000,19,17,759.9752,-87.7068,-0.2996,5,0.1250,0.8571,7,8,8,0,0,8,8,0.0000
4,76.0000,19,18,529.5244,-82.1821,-1.3544,14,0.3500,0.8750,8,8,8,0,0,8,8,0.0000
4,76.0000,19,20,656.8786,-83.8692,-0.5227,9,0.2250,0.8571,7,8,8,0,0,8,8,0.0000
4,76.0000,19,24,643.1762,-87.0943,-0.0779,10,0.2500,0.8889,9,7,5,0,0,7,5,0.2857
4,76.0000,19,26,960.6059,-87.4263,-0.2110,3,0.0750,1.0000,8,6,6,0,0,6,6,0.0000
4,76.0000,19,28,578.2916,-84.6076,-0.6352,9,0.2250,1.0000,8,8,8,0,0,8,8,0.0000
4,76.0000,19,29,407.2994,-80.8229,-0.0354,23,0.5750,0.7143,7,7,5,0,0,7,5,0.2857
4,76.0000,19,30,792.9164,-87.7079,0.0641,5,0.1250,0.8750,8,6,6,0,0,6,6,0.0000
4,76.0000,19,31,464.0019,-82.7356,-0.3028,14,0.3500,0.8750,8,8,5,0,0,8,5,0.3750
4,76.0000,19,32,804.3385,-86.6392,-0.5697,7,0.1750,1.0000,8,6,6,0,0,6,6,0.0000
4,76.0000,19,33,245.4198,-78.4534,0.1012,27,0.6750,0.2000,5,5,1,0,0,5,1,0.8000
4,76.0000,19,34,503.7831,-83.8060,-0.1535,12,0.3000,0.8571,7,8,8,0,0,8,8,0.0000
4,76.0000,19,36,664.1177,-84.9461,0.4632,5,0.1250,0.8750,8,7,6,0,0,7,6,0.1429
4,76.0000,19,39,727.9873,-86.1679,-2.3366,4,0.1000,1.0000,8,8,8,0,0,8,8,0.0000
4,76.0000,19,42,603.4388,-85.2597,-0.0587,10,0.2500,0.7143,7,8,8,0,0,8,8,0.0000
4,76.0000,19,43,911.6947,-86.4811,1.1120,4,0.1000,1.0000,6,2,2,0,0,2,2,0.0000
4,76.0000,19,44,603.7250,-84.9334,-0.4653,9,0.2250,0.8571,7,8,8,0,0,8,8,0.0000
4,76.0000,19,46,879.7657,-86.1682,0.9888,4,0.1000,1.0000,8,8,8,0,0,8,8,0.0000
4,76.0000,19,47,623.9937,-84.6562,-0.9222,13,0.3250,1.0000,8,7,6,0,0,7,6,0.1429
4,76.0000,20,1,319.5230,-80.2242,-0.2143,25,0.6250,0.5714,7,5,1,0,0,5,1,0.8000
4,76.0000,20,2,439.7219,-82.5343,0.2353,16,0.4000,0.8571,7,5,1,0,0,5,1,0.8000
4,76.0000,20,4,519.3379,-83.6947,1.0890,8,0.2000,1.0000,8,8,8,0,0,8,8,0.0000
4,76.0000,20,5,143.9822,-74.0684,1.2851,28,0.7000,0.0000,4,6,2,76,15,82,17,0.7927
4,76.0000,20,8,223.1575,-76.8618,0.3888,28,0.7000,0.7143,7,5,2,1,0,6,2,0.6667
4,76.0000,20,9,712.1374,-85.4759,-0.1113,8,0.2000,0.8750,8,8,8,0,0,8,8,0.0000
4,76.0000,20,10,764.3927,-87.0318,0.4092,6,0.1500,1.0000,8,8,8,0,0,8,8,0.0000
4,76.0000,20,11,276.9072,-78.5349,0.0856,26,0.6500,0.6667,6,4,0,3,1,7,1,0.8571
4,76.0000,20,12,300.0112,-77.0372,-1.0200,28,0.7000,0.3333,6,6,3,0,0,6,3,0.5000
4,76.0000,20,13,467.0087,-83.5449,0.8744,19,0.4750,0.7143,7,7,5,0,0,7,5,0.2857
4,76.0000,20,16,885.9815,-87.3871,0.1250,3,0.0750,0.8000,5,4,4,0,0,4,4,0.0000
4,76.0000,20,17,165.9534,-75.4184,0.5437,33,0.8250,0.4000,5,4,0,0,0,4,0,1.0000
4,76.0000,20,18,605.0503,-84.6259,0.7300,10,0.2500,0.7143,7,8,8,0,0,8,8,0.0000
4,76.0000,20,19,656.8786,-85.6795,-3.2536,5,0.1250,0.8750,8,8,8,0,0,8,8,0.0000
4,76.0000,20,21,859.9608,-87.3495,0.9343,4,0.1000,1.0000,4,2,2,0,0,2,2,0.0000
4,76.0000,20,25,945.3439,-88.1705,0.9001,5,0.1250,1.0000,4,4,4,0,0,4,4,0.0000
4,76.0000,20,26,675.9168,-86.2354,0.7545,8,0.2000,0.8750,8,6,5,0,0,6,5,0.1667
4,76.0000,20,27,705.8379,-86.0079,0.3102,9,0.2250,1.0000,8,5,4,0,0,5,4,0.2000
4,76.0000,20,28,190.6198,-72.7602,-1.1043,31,0.7750,0.0000,4,4,0,0,0,4,0,1.0000
4,76.0000,20,29,662.4565,-85.7688,-0.5650,6,0.1500,0.8571,7,8,8,0,0,8,8,0.0000
4,76.0000,20,30,336.0746,-80.8898,-0.0952,17,0.4250,0.7143,7,5,2,0,0,5,2,0.6000
4,76.0000,20,31,243.1111,-75.8128,-0.8199,31,0.7750,0.2000,5,7,5,0,0,7,5,0.2857
4,76.0000,20,32,749.6264,-85.9679,-0.6194,8,0.2000,0.8750,8,8,8,0,0,8,8,0.0000
4,76.0000,20,33,670.7914,-87.4427,0.8014,7,0.1750,0.9732,149,2,2,12,12,14,14,0.0000
4,76.0000,20,34,615.2112,-85.0444,1.1843,9,0.2250,1.0000,8,8,8,0,0,8,8,0.0000
4,76.0000,20,36,403.5888,-82.3748,-0.3205,14,0.3500,0.8750,8,7,5,0,0,7,5,0.2857
4,76.0000,20,39,586.9910,-83.0924,-0.6370,12,0.3000,0.6667,6,7,6,0,0,7,6,0.1429
4,76.0000,20,40,755.4358,-86.3792,0.5037,6,0.1500,1.0000,8,8,8,0,0,8,8,0.0000
4,76.0000,20,44,112.7797,-71.8342,1.2099,35,0.8750,0.4286,7,5,1,0,0,5,1,0.8000
4,76.0000,21,2,433.4320,-82.3295,0.5262,5,0.1282,0.8750,8,8,8,0,0,8,8,0.0000
4,76.0000,21,9,564.8067,-85.8476,0.6544,9,0.2308,1.0000,6,8,7,0,0,8,7,0.1250
4,76.0000,21,13,676.1878,-87.3774,1.2332,3,0.0769,1.0000,8,7,6,0,0,7,6,0.1429
4,76.0000,21,25,342.1980,-79.6666,-0.2968,27,0.6923,0.4000,5,7,4,0,0,7,4,0.4286
4,76.0000,21,27,308.6270,-79.1976,0.3603,23,0.5897,0.5000,6,5,1,0,0,5,1,0.8000
4,76.0000,21,32,487.3692,-83.1275,0.2786,8,0.2051,0.8571,7,7,5,0,0,7,5,0.2857
4,76.0000,21,35,633.4283,-84.7818,-0.1012,14,0.3590,0.8750,8,8,8,0,0,8,8,0.0000
4,76.0000,21,39,504.7876,-84.6933,1.1767,8,0.2051,1.0000,8,7,3,0,0,7,3,0.5714
4,76.0000,21,40,166.1979,-75.5753,1.6658,30,0.7692,0.2000,5,4,0,0,0,4,0,1.0000
4,76.0000,21,45,307.3061,-80.4522,0.0153,27,0.6923,0.4286,7,6,2,0,0,6,2,0.6667
4,76.0000,22,0,547.2593,-83.0522,-0.6958,15,0.3750,0.8571,7,6,3,0,0,6,3,0.5000
4,76.0000,22,3,405.4448,-81.0080,-0.3216,22,0.5500,0.2000,5,7,4,0,0,7,4,0.4286
4,76.0000,22,6,432.1424,-82.7587,-1.1030,21,0.5250,0.5000,6,4,0,0,0,4,0,1.0000
4,76.0000,22,7,407.7425,-81.7256,0.5923,27,0.6750,0.0000,4,7,4,0,0,7,4,0.4286
4,76.0000,22,10,773.5564,-86.9404,-1.1642,4,0.1000,1.0000,8,8,8,0,0,8,8,0.0000
4,76.0000,22,14,717.6228,-86.7982,-0.6611,7,0.1750,1.0000,8,8,8,0,0,8,8,0.0000
4,76.0000,22,15,833.0922,-87.5919,0.4836,7,0.1750,1.0000,8,6,6,0,0,6,6,0.0000
4,76.0000,22,16,857.2871,-87.5978,0.4158,3,0.0750,1.0000,6,7,6,0,0,7,6,0.1429
4,76.0000,22,23,245.6669,-79.0271,0.6571,32,0.8000,0.7143,7,4,0,0,0,4,0,1.0000
4,76.0000,22,24,659.2856,-85.4751,-1.0616,6,0.1500,1.0000,8,8,8,0,0,8,8,0.0000
4,76.0000,22,26,948.0351,-89.3512,0.6201,3,0.0750,1.0000,8,8,8,0,0,8,8,0.0000
4,76.0000,22,37,397.1205,-81.9773,0.4447,26,0.6500,0.6667,6,4,0,0,0,4,0,1.0000
4,76.0000,22,38,298.5549,-78.6441,-0.4302,30,0.7500,0.3333,6,5,1,0,0,5,1,0.8000
4,76.0000,22,41,222.0089,-78.8916,1.0663,34,0.8500,0.0000,4,4,0,0,0,4,0,1.0000
4,76.0000,22,42,694.4874,-84.2649,0.2487,12,0.3000,1.0000,8,8,8,0,0,8,8,0.0000
4,76.0000,22,43,385.1780,-81.9815,-0.0786,18,0.4500,0.4000,5,7,6,0,0,7,6,0.1429
4,76.0000,22,46,597.8392,-85.4052,-0.1099,10,0.2500,0.7500,8,8,8,0,0,8,8,0.0000
4,76.0000,22,47,728.4296,-84.9033,0.9708,5,0.1250,1.0000,8,8,8,0,0,8,8,0.0000
4,76.0000,23,0,763.0647,-85.8150,0.1521,5,0.1220,1.0000,8,7,5,0,0,7,5,0.2857
4,76.0000,23,3,296.5111,-78.3435,-0.6894,34,0.8293,0.7143,7,7,4,0,0,7,4,0.4286
4,76.0000,23,6,602.6495,-84.4301,-0.9589,6,0.1463,1.0000,8,5,4,0,0,5,4,0.2000
4,76.0000,23,7,581.0660,-85.3552,-0.0139,11,0.2683,0.8571,7,7,5,0,0,7,5,0.2857
4,76.0000,23,14,691.6631,-85.5642,-1.5233,5,0.1220,1.0000,20,8,8,0,0,8,8,0.0000
4,76.0000,23,22,245.6669,-79.7982,0.8747,26,0.6341,0.6667,6,7,3,0,0,7,3,0.5714
4,76.0000,23,24,761.3997,-86.6097,-0.1211,3,0.0732,1.0000,8,8,8,0,0,8,8,0.0000
4,76.0000,23,26,859.2406,-87.9129,-1.1139,3,0.0732,1.0000,8,8,8,0,0,8,8,0.0000
4,76.0000,23,37,604.1450,-85.8311,0.2436,12,0.2927,0.8889,9,8,7,0,0,8,7,0.1250
4,76.0000,23,38,503.7130,-83.5724,0.1342,15,0.3659,0.9000,10,6,6,0,0,6,6,0.0000
4,76.0000,23,41,276.1556,-79.2746,0.1658,32,0.7805,0.5000,8,7,4,0,0,7,4,0.4286
4,76.0000,23,42,766.6527,-84.0088,0.9687,3,0.0732,1.0000,64,8,8,144,144,152,152,0.0000
4,76.0000,23,43,547.3503,-83.5302,-0.1843,8,0.1951,0.8571,7,8,8,0,0,8,8,0.0000
4,76.0000,23,46,597.2417,-84.2915,-0.5337,11,0.2683,0.9873,79,8,7,0,0,8,7,0.1250
4,76.0000,24,0,436.5798,-82.3591,0.1800,18,0.4500,0.5000,6,7,4,0,0,7,4,0.4286
4,76.0000,24,3,657.5767,-85.5627,-1.5512,12,0.3000,0.8889,9,5,4,0,0,5,4,0.2000
4,76.0000,24,6,511.4274,-84.3046,0.4618,18,0.4500,0.7143,7,5,2,0,0,5,2,0.6000
4,76.0000,24,7,676.1138,-86.2260,-0.2979,12,0.3000,0.8750,8,8,8,0,0,8,8,0.0000
4,76.0000,24,10,140.3055,-74.7710,1.2042,33,0.8250,0.0000,4,5,1,0,0,5,1,0.8000
4,76.0000,24,12,628.1746,-86.2837,1.8851,3,0.0750,1.0000,8,8,8,0,0,8,8,0.0000
4,76.0000,24,14,408.2308,-82.6714,-0.6193,20,0.5000,0.6667,6,8,8,0,0,8,8,0.0000
4,76.0000,24,15,247.1556,-79.4472,0.6284,26,0.6500,0.4000,5,6,2,0,0,6,2,0.6667
4,76.0000,24,16,264.3699,-80.0622,0.9202,17,0.4250,0.5000,6,4,0,0,0,4,0,1.0000
4,76.0000,24,19,643.1762,-86.4946,1.9558,3,0.0750,1.0000,8,10,10,0,0,10,10,0.0000
4,76.0000,24,20,892.7759,-88.7119,-0.6916,3,0.0750,0.8333,6,8,8,0,0,8,8,0.0000
4,76.0000,24,22,659.2856,-85.5963,-1.2316,12,0.3000,0.7143,7,7,6,0,0,7,6,0.1429
4,76.0000,24,23,761.3997,-85.9851,0.6806,11,0.2750,0.7500,8,6,6,0,0,6,6,0.0000
4,76.0000,24,26,654.9780,-85.8334,0.4476,8,0.2000,1.0000,8,8,7,0,0,8,7,0.1250
4,76.0000,24,29,320.0793,-79.8286,0.9234,16,0.4000,0.5000,6,7,4,0,0,7,4,0.4286
4,76.0000,24,30,752.4022,-86.6992,-0.6370,4,0.1000,0.7143,7,8,7,0,0,8,7,0.1250
4,76.0000,24,33,526.4761,-85.8338,-0.2832,6,0.1500,1.0000,8,8,8,0,0,8,8,0.0000
4,76.0000,24,37,591.3938,-85.3080,0.5477,14,0.3500,0.8750,8,7,5,0,0,7,5,0.2857
4,76.0000,24,38,520.7509,-83.5832,0.4135,19,0.4750,0.7143,7,6,4,0,0,6,4,0.3333
4,76.0000,24,41,745.5740,-85.9756,0.2801,10,0.2500,0.8750,8,8,8,0,0,8,8,0.0000
4,76.0000,24,42,219.8915,-75.7063,0.0005,34,0.8500,0.4286,7,6,3,0,0,6,3,0.5000
4,76.0000,24,43,371.7279,-80.0720,-0.4660,24,0.6000,0.5000,6,6,4,0,0,6,4,0.3333
4,76.0000,24,46,324.4783,-79.7415,-0.2541,23,0.5750,0.8750,8,7,5,0,0,7,5,0.2857
4,76.0000,24,47,251.5063,-79.2200,0.2365,23,0.5750,0.2000,5,3,0,0,0,3,0,1.0000
4,76.0000,25,1,760.3993,-87.0215,1.4018,6,0.1500,1.0000,8,8,8,0,0,8,8,0.0000
4,76.0000,25,2,609.2849,-85.0614,0.0374,5,0.1250,1.0000,8,8,7,0,0,8,7,0.1250
4,76.0000,25,5,846.8803,-86.7604,4.3146,3,0.0750,1.0000,8,8,8,0,0,8,8,0.0000
4,76.0000,25,8,892.9207,-86.8742,-7.0550,3,0.0750,0.8571,7,8,8,0,0,8,8,0.0000
4,76.0000,25,9,603.7351,-84.1594,-0.0185,6,0.1500,1.0000,8,7,6,0,0,7,6,0.1429
4,76.0000,25,13,673.9097,-84.3375,-0.6416,7,0.1750,1.0000,8,7,6,0,0,7,6,0.1429
4,76.0000,25,18,694.2650,-84.9500,0.9599,5,0.1250,1.0000,8,8,8,0,0,8,8,0.0000
4,76.0000,25,21,342.1980,-80.3659,-0.6239,32,0.8000,0.6250,8,7,6,0,0,7,6,0.1429
4,76.0000,25,27,458.2103,-82.7939,-0.0891,24,0.6000,0.6667,6,8,8,0,0,8,8,0.0000
4,76.0000,25,32,474.6238,-82.7522,0.3651,16,0.4000,0.6667,6,9,7,0,0,9,7,0.2222
4,76.0000,25,34,725.9716,-84.6900,0.1007,8,0.2000,1.0000,8,8,8,0,0,8,8,0.0000
4,76.0000,25,35,377.1697,-80.7509,0.0459,36,0.9000,0.4286,7,6,3,0,0,6,3,0.5000
4,76.0000,25,36,619.9264,-82.9023,-0.0456,9,0.2250,1.0000,8,7,6,0,0,7,6,0.1429
4,76.0000,25,39,484.9323,-83.1001,0.8699,14,0.3500,0.8750,8,6,4,0,0,6,4,0.3333
4,76.0000,25,40,409.8914,-81.7948,0.1592,24,0.6000,0.4000,5,6,4,0,0,6,4,0.3333
4,76.0000,25,45,338.1433,-80.8502,0.8836,23,0.5750,0.7143,7,6,3,0,0,6,3,0.5000
4,76.0000,26,3,665.7772,-86.3171,-0.2520,8,0.2000,1.0000,8,7,6,0,0,7,6,0.1429
4,76.0000,26,7,1067.9853,-88.4235,-0.7782,4,0.1000,,0,2,2,0,0,2,2,0.0000
4,76.0000,26,10,572.6643,-84.2012,0.0932,8,0.2000,1.0000,8,7,6,0,0,7,6,0.1429
4,76.0000,26,12,638.7356,-86.2947,0.2132,3,0.0750,1.0000,8,7,6,0,0,7,6,0.1429
4,76.0000,26,14,319.5668,-80.2763,0.1188,20,0.5000,0.6667,6,6,2,0,0,6,2,0.6667
4,76.0000,26,17,756.6712,-87.2144,-1.1272,3,0.0750,1.0000,8,6,6,0,0,6,6,0.0000
4,76.0000,26,19,960.6059,-87.6412,0.5509,3,0.0750,1.0000,8,4,4,0,0,4,4,0.0000
4,76.0000,26,20,675.9168,-86.9363,0.3788,3,0.0750,1.0000,8,7,6,0,0,7,6,0.1429
4,76.0000,26,23,859.2406,-86.6750,-0.1931,6,0.1500,1.0000,8,4,4,0,0,4,4,0.0000
4,76.0000,26,24,654.9780,-86.1729,-0.4468,4,0.1000,1.0000,8,7,6,0,0,7,6,0.1429
4,76.0000,26,28,837.4066,-88.0730,-1.9095,3,0.0750,1.0000,8,4,4,0,0,4,4,0.0000
4,76.0000,26,29,639.6961,-86.0251,-0.8605,5,0.1250,1.0000,8,8,7,0,0,8,7,0.1250
4,76.0000,26,30,358.1448,-79.0607,-0.7899,20,0.5000,0.5000,6,8,8,0,0,8,8,0.0000
4,76.0000,26,31,600.7123,-85.2681,-0.6427,4,0.1000,1.0000,8,8,8,0,0,8,8,0.0000
4,76.0000,26,37,1055.2395,-88.7831,0.8523,3,0.0750,1.0000,4,4,4,0,0,4,4,0.0000
4,76.0000,26,38,961.5800,-86.7860,-0.7806,3,0.0750,1.0000,4,6,6,0,0,6,6,0.0000
4,76.0000,26,41,961.6538,-87.1871,0.2476,4,0.1000,1.0000,8,8,8,0,0,8,8,0.0000
4,76.0000,26,42,627.5352,-84.3652,0.4194,5,0.1250,1.0000,8,8,8,0,0,8,8,0.0000
4,76.0000,26,43,856.8785,-88.3552,0.6077,4,0.1000,1.0000,8,8,8,0,0,8,8,0.0000
4,76.0000,26,44,614.3223,-85.5647,-2.4533,3,0.0750,0.8750,8,8,8,0,0,8,8,0.0000
4,76.0000,26,46,419.2066,-82.2996,0.9208,16,0.4000,1.0000,8,7,5,0,0,7,5,0.2857
4,76.0000,27,1,489.5488,-82.6854,0.8757,8,0.2000,1.0000,8,8,7,0,0,8,7,0.1250
4,76.0000,27,2,323.7443,-81.4307,1.8892,16,0.4000,1.0000,8,6,3,0,0,6,3,0.5000
4,76.0000,27,5,671.8300,-87.1705,-0.2795,6,0.1500,1.0000,8,7,6,0,0,7,6,0.1429
4,76.0000,27,8,633.4032,-86.7002,1.2222,6,0.1500,1.0000,8,7,6,0,0,7,6,0.1429
4,76.0000,27,9,705.7728,-85.7886,1.0407,4,0.1000,1.0000,8,8,8,0,0,8,8,0.0000
4,76.0000,27,11,549.4536,-86.0842,1.2065,7,0.1750,0.8571,7,8,7,0,0,8,7,0.1250
4,76.0000,27,12,964.2534,-88.1714,-2.6411,3,0.0750,0.8750,8,4,4,0,0,4,4,0.0000
4,76.0000,27,13,425.8165,-82.2057,0.6915,12,0.3000,0.7143,7,5,3,0,0,5,3,0.4000
4,76.0000,27,17,620.7618,-85.5172,0.6325,5,0.1250,0.8571,7,7,5,0,0,7,5,0.2857
4,76.0000,27,18,794.7123,-87.2428,0.8497,5,0.1250,1.0000,8,8,8,0,0,8,8,0.0000
4,76.0000,27,21,308.6270,-80.7874,0.6138,25,0.6250,0.3333,6,5,2,0,0,5,2,0.6000
4,76.0000,27,25,458.2103,-83.4376,0.3842,18,0.4500,0.4000,5,8,7,0,0,8,7,0.1250
4,76.0000,27,28,651.4186,-87.1794,0.6029,4,0.1000,1.0000,8,8,8,0,0,8,8,0.0000
4,76.0000,27,32,639.0383,-86.9394,0.6821,10,0.2500,1.0000,10,8,8,0,0,8,8,0.0000
4,76.0000,27,34,806.5391,-88.3419,1.0266,3,0.0750,1.0000,8,8,8,0,0,8,8,0.0000
4,76.0000,27,35,803.9553,-86.3768,-0.7928,8,0.2000,0.7143,7,7,6,0,0,7,6,0.1429
4,76.0000,27,36,581.6766,-85.6331,0.4454,7,0.1750,1.0000,8,7,5,0,0,7,5,0.2857
4,76.0000,27,39,559.9767,-84.9981,0.6754,8,0.2000,1.0000,8,7,6,0,0,7,6,0.1429
4,76.0000,27,40,151.5542,-71.4441,-0.0056,38,0.9500,0.1667,6,6,3,0,0,6,3,0.5000
4,76.0000,27,45,569.2424,-85.8136,-0.5938,8,0.2000,0.8750,8,7,6,0,0,7,6,0.1429
4,76.0000,28,1,336.9946,-80.1617,0.5571,23,0.5750,0.7143,7,7,5,0,0,7,5,0.2857
4,76.0000,28,2,385.8806,-81.5703,-0.1317,20,0.5000,0.0000,4,6,4,0,0,6,4,0.3333
4,76.0000,28,4,466.3339,-82.6823,0.1504,14,0.3500,0.5000,6,5,4,0,0,5,4,0.2000
4,76.0000,28,5,48.7741,-61.5180,3.5133,32,0.8000,0.0000,4,5,1,0,0,5,1,0.8000
4,76.0000,28,8,263.8446,-78.0030,0.0151,30,0.7500,0.8571,7,8,6,0,0,8,6,0.2500
4,76.0000,28,9,544.5870,-84.3433,-0.6346,18,0.4500,0.6667,6,8,8,0,0,8,8,0.0000
4,76.0000,28,10,825.2646,-86.9661,0.0960,6,0.1500,1.0000,8,8,8,0,0,8,8,0.0000
4,76.0000,28,11,255.4360,-79.1618,0.3728,28,0.7000,0.6667,6,6,3,0,0,6,3,0.5000
4,76.0000,28,12,328.5918,-77.2351,-1.4849,30,0.7500,0.5000,6,6,4,0,0,6,4,0.3333
4,76.0000,28,13,449.3355,-82.9459,1.1239,16,0.4000,0.7500,8,5,1,0,0,5,1,0.8000
4,76.0000,28,15,956.1838,-88.0665,0.6318,3,0.0750,1.0000,4,2,2,0,0,2,2,0.0000
4,76.0000,28,16,895.6797,-87.2220,0.6096,6,0.1500,1.0000,6,4,4,0,0,4,4,0.0000
4,76.0000,28,17,275.4933,-79.1884,0.1813,23,0.5750,0.5000,6,7,6,0,0,7,6,0.1429
4,76.0000,28,18,417.4595,-81.1155,-0.3313,22,0.5500,0.3333,6,6,3,0,0,6,3,0.5000
4,76.0000,28,19,578.2916,-83.4723,-0.1575,15,0.3750,0.8571,7,7,6,0,0,7,6,0.1429
4,76.0000,28,20,190.6198,-72.8566,-1.3962,33,0.8250,0.3333,6,6,3,0,0,6,3,0.5000
4,76.0000,28,21,757.4013,-86.3546,0.1022,6,0.1500,0.8000,5,8,7,0,0,8,7,0.1250
4,76.0000,28,25,805.4369,-88.0206,0.0965,6,0.1500,1.0000,4,4,3,0,0,4,3,0.2500
4,76.0000,28,26,837.4066,-86.7881,1.4870,6,0.1500,1.0000,8,2,2,0,0,2,2,0.0000
4,76.0000,28,27,651.4186,-86.0262,0.8620,7,0.1750,1.0000,8,3,2,0,0,3,2,0.3333
4,76.0000,28,29,686.5183,-86.4539,-0.0957,4,0.1000,1.0000,8,6,6,0,0,6,6,0.0000
4,76.0000,28,30,516.5114,-83.8756,0.3398,12,0.3000,0.7143,7,7,6,0,0,7,6,0.1429
4,76.0000,28,31,301.3532,-78.1663,-1.0712,25,0.6250,0.5000,6,6,4,0,0,6,4,0.3333
4,76.0000,28,32,575.7841,-83.7295,0.0081,16,0.4000,0.7500,8,8,6,0,0,8,6,0.2500
4,76.0000,28,33,648.5380,-86.5785,0.8092,7,0.1750,1.0000,6,8,8,0,0,8,8,0.0000
4,76.0000,28,34,435.5074,-82.0723,0.9693,17,0.4250,0.8571,7,5,2,0,0,5,2,0.6000
4,76.0000,28,35,925.2822,-88.6946,0.2305,5,0.1250,1.0000,6,8,8,0,0,8,8,0.0000
4,76.0000,28,36,230.1764,-77.8928,0.7842,29,0.7250,0.2000,5,5,1,0,0,5,1,0.8000
4,76.0000,28,39,409.0572,-81.9137,0.0548,18,0.4500,0.3333,6,7,5,0,0,7,5,0.2857
4,76.0000,28,40,679.6514,-86.5584,-0.2741,11,0.2750,1.0000,8,8,7,0,0,8,7,0.1250
4,76.0000,28,44,224.4773,-76.5795,0.0996,32,0.8000,0.5000,6,7,4,0,0,7,4,0.4286
4,76.0000,28,45,784.8727,-86.0264,0.9551,9,0.2250,0.8750,8,7,5,0,0,7,5,0.2857
4,76.0000,28,47,1066.8232,-87.5577,-2.0029,3,0.0750,1.0000,6,4,4,0,0,4,4,0.0000
4,76.0000,29,0,709.9789,-86.2210,0.2062,16,0.4000,1.0000,6,6,6,0,0,6,6,0.0000
4,76.0000,29,1,929.3769,-87.6755,-0.6643,7,0.1750,1.0000,6,8,8,0,0,8,8,0.0000
4,76.0000,29,2,1054.0099,-88.5638,-0.3778,4,0.1000,1.0000,6,4,4,0,0,4,4,0.0000
4,76.0000,29,3,901.1665,-86.8480,0.4115,5,0.1250,1.0000,4,6,6,0,0,6,6,0.0000
4,76.0000,29,4,557.8065,-83.8564,-0.0539,14,0.3500,0.8750,8,7,6,0,0,7,6,0.1429
4,76.0000,29,5,664.1015,-86.9523,0.5885,12,0.3000,1.0000,8,8,8,0,0,8,8,0.0000
4,76.0000,29,6,793.9388,-87.1882,0.7696,12,0.3000,1.0000,6,6,6,0,0,6,6,0.0000
4,76.0000,29,8,788.2121,-86.9983,0.7761,11,0.2750,1.0000,8,6,6,0,0,6,6,0.0000
4,76.0000,29,10,200.5252,-76.0254,0.2485,35,0.8750,0.4255,94,5,1,63,29,68,30,0.5588
4,76.0000,29,11,843.2562,-87.6145,-0.1014,10,0.2500,1.0000,8,8,8,0,0,8,8,0.0000
4,76.0000,29,12,388.8009,-80.5001,-0.3594,16,0.4000,0.8182,11,7,5,0,0,7,5,0.2857
4,76.0000,29,13,1053.9359,-89.1893,0.4495,3,0.0750,,0,4,4,0,0,4,4,0.0000
4,76.0000,29,14,500.0551,-85.1354,1.2389,17,0.4250,1.0000,8,7,6,0,0,7,6,0.1429
4,76.0000,29,15,319.1119,-81.7578,1.2655,29,0.7250,0.8750,8,4,0,0,0,4,0,1.0000
4,76.0000,29,16,301.2949,-80.0917,0.5193,24,0.6000,0.8571,7,7,3,0,0,7,3,0.5714
4,76.0000,29,17,796.6313,-88.3902,-0.4447,10,0.2500,1.0000,8,8,8,0,0,8,8,0.0000
4,76.0000,29,18,822.7874,-86.9877,-0.5272,10,0.2500,1.0000,8,8,8,0,0,8,8,0.0000
4,76.0000,29,19,407.2994,-81.3947,-0.1195,24,0.6000,0.4000,5,8,8,0,0,8,8,0.0000
4,76.0000,29,20,662.4565,-85.6336,-0.0522,12,0.3000,1.0000,8,6,4,62,62,68,66,0.0294
4,76.0000,29,22,972.3167,-89.2172,-0.4523,5,0.1250,,0,2,2,0,0,2,2,0.0000
4,76.0000,29,24,320.0793,-81.9036,0.8011,22,0.5500,0.0000,4,5,2,0,0,5,2,0.6000
4,76.0000,29,26,639.6961,-85.6812,0.9829,11,0.2750,0.8571,7,8,8,0,0,8,8,0.0000
4,76.0000,29,28,686.5183,-85.8345,0.8812,10,0.2500,0.8750,8,6,6,0,0,6,6,0.0000
4,76.0000,29,30,618.8000,-85.5496,-0.4781,12,0.3000,1.0000,8,6,6,0,0,6,6,0.0000
4,76.0000,29,31,425.3446,-83.2371,-0.0694,15,0.3750,0.9615,26,8,7,0,0,8,7,0.1250
4,76.0000,29,33,399.6575,-81.7642,1.2036,19,0.4750,1.0000,8,7,5,0,0,7,5,0.2857
4,76.0000,29,34,832.5082,-87.7666,-0.0259,10,0.2500,1.0000,6,3,2,0,0,3,2,0.3333
4,76.0000,29,36,832.8429,-87.6955,0.8219,10,0.2500,1.0000,6,6,5,0,0,6,5,0.1667
4,76.0000,29,37,887.7781,-88.5800,-0.3332,6,0.1500,1.0000,4,4,4,0,0,4,4,0.0000
4,76.0000,29,38,830.7504,-85.9563,-0.7829,7,0.1750,0.6667,6,8,8,0,0,8,8,0.0000
4,76.0000,29,39,993.0824,-88.3694,-0.6985,6,0.1500,1.0000,6,2,2,0,0,2,2,0.0000
4,76.0000,29,42,371.5685,-82.3007,0.4564,20,0.5000,0.7143,7,7,3,0,0,7,3,0.5714
4,76.0000,29,43,675.7147,-87.2035,-0.3738,13,0.3250,1.0000,8,8,8,0,0,8,8,0.0000
4,76.0000,29,44,568.0362,-82.4308,-1.1064,16,0.4000,1.0000,8,8,8,0,0,8,8,0.0000
4,76.0000,29,46,499.4604,-84.6567,1.6231,16,0.4000,1.0000,8,6,4,0,0,6,4,0.3333
4,76.0000,29,47,435.9412,-81.9978,0.6000,25,0.6250,0.6250,8,7,6,0,0,7,6,0.1429
4,76.0000,30,1,558.0970,-86.1379,0.3616,7,0.1750,1.0000,8,7,6,0,0,7,6,0.1429
4,76.0000,30,2,733.9980,-87.3840,0.2336,5,0.1250,1.0000,4,8,8,0,0,8,8,0.0000
4,76.0000,30,4,680.4716,-87.0072,-0.8686,4,0.1000,1.0000,8,8,7,0,0,8,7,0.1250
4,76.0000,30,5,468.1307,-84.6661,1.5074,8,0.2000,1.0000,8,8,7,0,0,8,7,0.1250
4,76.0000,30,8,473.8709,-84.6133,0.4595,9,0.2250,0.8333,6,8,8,0,0,8,8,0.0000
4,76.0000,30,10,637.0058,-86.0781,-1.3484,5,0.1250,0.8571,7,7,6,0,0,7,6,0.1429
4,76.0000,30,11,545.7628,-84.0666,-0.1123,8,0.2000,0.8571,7,7,6,0,0,7,6,0.1429
4,76.0000,30,12,401.3139,-82.6237,0.8075,10,0.2500,0.8571,7,8,8,0,0,8,8,0.0000
4,76.0000,30,13,703.4275,-86.0200,0.3202,6,0.1500,1.0000,4,7,6,0,0,7,6,0.1429
4,76.0000,30,14,585.3449,-84.1539,0.9091,9,0.2250,1.0000,6,7,6,0,0,7,6,0.1429
4,76.0000,30,15,888.1669,-86.4512,1.7991,4,0.1000,1.0000,4,2,2,0,0,2,2,0.0000
4,76.0000,30,16,844.2188,-87.1060,-4.5155,4,0.1000,1.0000,6,2,2,0,0,2,2,0.0000
4,76.0000,30,17,398.7050,-80.9113,1.0846,11,0.2750,0.6667,6,7,4,0,0,7,4,0.4286
4,76.0000,30,18,908.6170,-87.9602,-0.4252,4,0.1000,1.0000,6,8,8,0,0,8,8,0.0000
4,76.0000,30,19,792.9164,-85.9845,-0.5008,4,0.1000,1.0000,8,2,2,0,0,2,2,0.0000
4,76.0000,30,20,336.0746,-82.6580,1.5520,10,0.2500,1.0000,8,7,6,0,0,7,6,0.1429
4,76.0000,30,24,752.4022,-85.6966,-1.2898,7,0.1750,1.0000,8,8,8,0,0,8,8,0.0000
4,76.0000,30,26,358.1448,-80.1543,-0.4260,27,0.6750,0.5000,6,8,7,0,0,8,7,0.1250
4,76.0000,30,27,979.0940,-87.9264,0.3934,3,0.0750,1.0000,4,2,2,0,0,2,2,0.0000
4,76.0000,30,28,516.5114,-85.6355,-0.0554,8,0.2000,1.0000,8,7,6,0,0,7,6,0.1429
4,76.0000,30,29,618.8000,-85.2393,-0.6718,8,0.2000,0.7143,7,8,8,0,0,8,8,0.0000
4,76.0000,30,31,343.6946,-79.7893,0.7640,17,0.4250,0.8571,7,8,8,0,0,8,8,0.0000
4,76.0000,30,33,734.4212,-88.1009,0.7037,5,0.1250,0.8333,6,6,6,0,0,6,6,0.0000
4,76.0000,30,36,726.5103,-86.8492,0.0948,4,0.1000,1.0000,4,8,8,0,0,8,8,0.0000
4,76.0000,30,39,921.1519,-88.8813,-0.2947,4,0.1000,1.0000,2,4,4,0,0,4,4,0.0000
4,76.0000,30,42,654.1249,-85.4317,0.5777,8,0.2000,0.8750,8,8,7,0,0,8,7,0.1250
4,76.0000,30,43,982.5723,-88.1336,0.9612,5,0.1250,1.0000,4,6,6,0,0,6,6,0.0000
4,76.0000,30,44,308.6969,-79.0626,0.2783,18,0.4500,0.4000,5,6,4,0,0,6,4,0.3333
4,76.0000,30,46,656.4186,-86.0692,-0.1261,7,0.1750,0.8750,8,8,8,0,0,8,8,0.0000
4,76.0000,31,0,1060.8272,-88.6557,0.4306,4,0.1000,1.0000,4,6,6,0,0,6,6,0.0000
4,76.0000,31,1,541.3345,-84.2103,-0.0251,20,0.5000,1.0000,8,6,3,0,0,6,3,0.5000
4,76.0000,31,2,641.2621,-86.2415,0.3151,12,0.3000,0.6667,6,8,8,0,0,8,8,0.0000
4,76.0000,31,4,388.9661,-81.7264,0.2682,22,0.5500,1.0000,8,5,2,0,0,5,2,0.6000
4,76.0000,31,5,265.3110,-79.4819,1.3509,22,0.5500,0.7143,7,5,1,0,0,5,1,0.8000
4,76.0000,31,8,373.7418,-81.1327,-0.2528,22,0.5500,0.7143,7,7,5,0,0,7,5,0.2857
4,76.0000,31,9,762.2139,-86.4766,-0.9263,10,0.2500,1.0000,6,8,7,0,0,8,7,0.1250
4,76.0000,31,10,534.0922,-83.0696,-0.1543,19,0.4750,0.7500,8,8,8,0,0,8,8,0.0000
4,76.0000,31,11,469.9044,-83.5756,0.0130,19,0.4750,0.8571,14,7,5,8,7,15,12,0.2000
4,76.0000,31,12,70.6084,-67.5021,1.0231,36,0.9000,0.3333,6,3,0,0,0,3,0,1.0000
4,76.0000,31,13,680.1297,-85.6806,0.3989,11,0.2750,0.8750,8,8,8,0,0,8,8,0.0000
4,76.0000,31,14,679.5469,-86.7701,0.1888,14,0.3500,0.8750,8,6,6,0,0,6,6,0.0000
4,76.0000,31,15,701.1123,-87.2541,1.0261,7,0.1750,1.0000,2,8,8,0,0,8,8,0.0000
4,76.0000,31,16,644.1437,-86.5149,-0.2167,15,0.3750,1.0000,8,6,4,0,0,6,4,0.3333
4,76.0000,31,17,373.1800,-80.2994,-0.0739,24,0.6000,0.8832,137,7,6,124,104,131,110,0.1603
4,76.0000,31,18,606.1128,-84.4510,-0.7797,14,0.3500,0.8571,7,7,6,0,0,7,6,0.1429
4,76.0000,31,19,464.0019,-82.1642,-0.0458,21,0.5250,0.8571,7,6,4,0,0,6,4,0.3333
4,76.0000,31,20,243.1111,-75.2627,-0.5812,32,0.8000,0.7143,7,8,6,4,2,12,8,0.3333
4,76.0000,31,24,662.1449,-86.7320,0.1710,10,0.2500,0.8571,7,4,4,0,0,4,4,0.0000
4,76.0000,31,26,600.7123,-84.6479,-1.0126,17,0.4250,1.0000,8,6,5,0,0,6,5,0.1667
4,76.0000,31,27,927.2738,-87.9236,0.7256,3,0.0750,1.0000,6,6,6,0,0,6,6,0.0000
4,76.0000,31,28,301.3532,-77.8395,-0.1852,24,0.6000,0.4000,5,7,6,0,0,7,6,0.1429
4,76.0000,31,29,425.3446,-82.4338,-0.0959,18,0.4500,0.2000,5,7,5,0,0,7,5,0.2857
4,76.0000,31,30,343.6946,-80.1632,-0.2473,25,0.6250,0.5000,6,7,6,0,0,7,6,0.1429
4,76.0000,31,33,462.3066,-84.8376,0.3104,17,0.4250,1.0000,8,7,6,0,0,7,6,0.1429
4,76.0000,31,34,608.3548,-86.2446,0.9855,11,0.2750,0.8571,7,8,7,0,0,8,7,0.1250
4,76.0000,31,36,507.0782,-85.1263,-0.6705,16,0.4000,1.0000,8,7,5,0,0,7,5,0.2857
4,76.0000,31,39,679.4738,-85.5118,-0.3261,13,0.3250,1.0000,8,8,8,0,0,8,8,0.0000
4,76.0000,31,42,571.3368,-84.3333,0.0011,14,0.3500,0.6667,6,6,2,0,0,6,2,0.6667
4,76.0000,31,43,943.5915,-88.6614,-0.1133,3,0.0750,1.0000,8,6,6,0,0,6,6,0.0000
4,76.0000,31,44,173.5843,-68.9257,-2.4394,33,0.8250,0.1429,7,6,3,0,0,6,3,0.5000
4,76.0000,31,46,720.6596,-86.5962,0.0190,10,0.2500,1.0000,4,8,8,0,0,8,8,0.0000
4,76.0000,31,47,801.9556,-87.9970,-0.2702,8,0.2000,1.0000,6,8,8,0,0,8,8,0.0000
4,76.0000,32,1,739.5531,-86.1882,-0.3121,11,0.2750,0.8571,7,8,7,0,0,8,7,0.1250
4,76.0000,32,2,518.7041,-81.2526,-1.2851,16,0.4000,0.7143,7,6,4,0,0,6,4,0.3333
4,76.0000,32,4,702.5150,-86.0741,0.0075,5,0.1250,0.8750,8,8,8,0,0,8,8,0.0000
4,76.0000,32,5,620.6596,-82.7842,-0.9753,13,0.3250,1.0000,8,8,8,0,0,8,8,0.0000
4,76.0000,32,8,663.6112,-82.9571,-0.6449,9,0.2250,0.7143,7,9,9,0,0,9,9,0.0000
4,76.0000,32,9,136.2488,-72.3835,0.4963,35,0.8750,0.3333,6,6,2,0,0,6,2,0.6667
4,76.0000,32,11,689.7199,-86.0588,1.1458,8,0.2000,0.8571,7,8,8,0,0,8,8,0.0000
4,76.0000,32,12,816.6844,-86.8508,0.2908,5,0.1250,1.0000,8,8,8,0,0,8,8,0.0000
4,76.0000,32,13,744.3429,-86.5828,1.6569,7,0.1750,1.0000,8,8,8,0,0,8,8,0.0000
4,76.0000,32,17,738.9890,-86.3464,0.7738,9,0.2250,1.0000,8,8,8,0,0,8,8,0.0000
4,76.0000,32,18,344.5353,-80.1028,0.7818,20,0.5000,0.6667,6,5,1,0,0,5,1,0.8000
4,76.0000,32,19,804.3385,-87.4630,-1.2394,4,0.1000,0.8571,7,8,8,0,0,8,8,0.0000
4,76.0000,32,20,749.6264,-86.1069,-0.0183,6,0.1500,1.0000,8,8,8,0,0,8,8,0.0000
4,76.0000,32,21,487.3692,-83.6690,0.7927,21,0.5250,0.6667,6,7,5,0,0,7,5,0.2857
4,76.0000,32,25,474.6238,-83.2573,-0.0864,24,0.6000,0.5714,7,7,6,0,0,7,6,0.1429
4,76.0000,32,27,639.0383,-86.5359,0.8087,12,0.3000,0.7143,7,8,8,0,0,8,8,0.0000
4,76.0000,32,28,575.7841,-84.1612,0.9143,12,0.3000,1.0000,8,8,8,0,0,8,8,0.0000
4,76.0000,32,31,826.6646,-87.5145,0.3354,4,0.1000,1.0000,8,8,8,0,0,8,8,0.0000
4,76.0000,32,34,304.6826,-77.3456,-1.0136,29,0.7250,0.5000,6,4,0,0,0,4,0,1.0000
4,76.0000,32,35,449.8144,-83.2255,0.7865,26,0.6500,0.8750,8,7,5,0,0,7,5,0.2857
4,76.0000,32,36,441.4117,-82.0987,0.4045,14,0.3500,0.8571,7,7,5,0,0,7,5,0.2857
4,76.0000,32,39,184.0000,-74.0636,-0.1598,33,0.8250,0.3333,6,5,1,0,0,5,1,0.8000
4,76.0000,32,40,555.2121,-83.4669,-0.1620,19,0.4750,1.0000,8,6,3,0,0,6,3,0.5000
4,76.0000,32,44,799.2528,-87.4337,1.9440,5,0.1250,1.0000,8,8,8,0,0,8,8,0.0000
4,76.0000,32,45,289.7424,-78.6353,-0.4104,34,0.8500,0.4000,5,8,4,0,0,8,4,0.5000
4,76.0000,33,4,258.5796,-77.2179,-0.6802,21,0.5250,0.4000,5,4,2,0,0,4,2,0.5000
4,76.0000,33,10,473.5605,-81.8601,0.1604,5,0.1250,0.7143,7,8,8,0,0,8,8,0.0000
4,76.0000,33,12,393.1532,-84.1696,-0.5448,4,0.1000,0.8889,9,6,3,0,0,6,3,0.5000
4,76.0000,33,15,437.3877,-82.2107,-0.7515,9,0.2250,1.0000,8,8,5,0,0,8,5,0.3750
4,76.0000,33,16,350.7960,-79.0489,-0.5562,17,0.4250,0.5000,6,8,7,0,0,8,7,0.1250
4,76.0000,33,19,245.4198,-77.9160,-0.0134,22,0.5500,0.4000,5,6,2,0,0,6,2,0.6667
4,76.0000,33,24,526.4761,-85.8411,0.9284,3,0.0750,1.0000,8,8,8,0,0,8,8,0.0000
4,76.0000,33,29,399.6575,-80.6597,0.8304,10,0.2500,0.7143,7,7,4,0,0,7,4,0.4286
4,76.0000,33,31,462.3066,-82.6281,0.5980,4,0.1000,0.8571,7,7,6,0,0,7,6,0.1429
4,76.0000,33,34,654.2223,-84.6450,0.4931,3,0.0750,1.0000,14,8,8,0,0,8,8,0.0000
4,76.0000,33,42,421.4986,-83.4860,0.8446,5,0.1250,0.8750,8,8,7,0,0,8,7,0.1250
4,76.0000,33,47,514.3436,-82.0843,-0.1049,6,0.1500,1.0000,8,8,8,0,0,8,8,0.0000
4,76.0000,34,1,709.5690,-86.1296,-0.6150,7,0.1750,0.8750,8,8,8,0,0,8,8,0.0000
4,76.0000,34,2,588.1965,-83.7202,-1.1780,13,0.3250,0.8571,7,8,8,0,0,8,8,0.0000
4,76.0000,34,4,464.9852,-83.4979,1.1391,10,0.2500,1.0000,8,9,8,0,0,9,8,0.1111
4,76.0000,34,5,476.0663,-84.4667,0.4991,9,0.2250,0.7500,8,7,6,0,0,7,6,0.1429
4,76.0000,34,8,579.5326,-84.0149,-0.2702,8,0.2000,1.0000,8,8,7,0,0,8,7,0.1250
4,76.0000,34,9,239.4773,-74.9886,-0.5894,35,0.8750,0.2000,5,7,4,0,0,7,4,0.4286
4,76.0000,34,10,1001.2843,-88.3168,0.9921,3,0.0750,1.0000,8,2,2,0,0,2,2,0.0000
4,76.0000,34,11,625.6906,-85.6345,0.3832,9,0.2250,1.0000,8,6,3,0,0,6,3,0.5000
4,76.0000,34,12,581.8908,-85.2750,0.8701,6,0.1500,1.0000,8,8,8,0,0,8,8,0.0000
4,76.0000,34,13,759.7916,-87.1770,1.3419,3,0.0750,0.7500,8,4,4,0,0,4,4,0.0000
4,76.0000,34,17,658.7048,-86.1649,0.3893,7,0.1750,1.0000,8,8,8,0,0,8,8,0.0000
4,76.0000,34,18,132.5457,-73.7574,1.6617,32,0.8000,0.0000,4,6,3,0,0,6,3,0.5000
4,76.0000,34,19,503.7831,-83.8977,0.4922,10,0.2500,1.0000,8,8,7,0,0,8,7,0.1250
4,76.0000,34,20,615.2112,-85.7453,-0.9550,7,0.1750,0.8571,7,7,6,0,0,7,6,0.1429
4,76.0000,34,21,742.3079,-87.6165,0.8211,10,0.2500,1.0000,8,8,8,0,0,8,8,0.0000
4,76.0000,34,25,725.9716,-85.3809,-0.4078,9,0.2250,1.0000,8,6,6,0,0,6,6,0.0000
4,76.0000,34,27,806.5391,-86.6451,0.4575,10,0.2500,1.0000,8,7,6,0,0,7,6,0.1429
4,76.0000,34,28,435.5074,-83.4882,-0.4175,9,0.2250,0.8571,7,6,3,0,0,6,3,0.5000
4,76.0000,34,29,832.5082,-88.0967,-0.0467,3,0.0750,1.0000,8,8,8,0,0,8,8,0.0000
4,76.0000,34,30,916.2942,-87.7390,0.8571,3,0.0750,1.0000,8,4,4,0,0,4,4,0.0000
4,76.0000,34,31,608.3548,-86.0606,0.4799,7,0.1750,0.8571,7,6,4,0,0,6,4,0.3333
4,76.0000,34,32,304.6826,-77.3079,-0.8420,26,0.6500,0.6667,6,6,4,0,0,6,4,0.3333
4,76.0000,34,33,654.2223,-86.3744,0.0328,4,0.1000,1.0000,8,7,6,0,0,7,6,0.1429
4,76.0000,34,35,667.6923,-83.7763,-0.5724,19,0.4750,1.0000,8,8,8,0,0,8,8,0.0000
4,76.0000,34,36,362.1779,-81.6286,0.5603,17,0.4250,0.8571,7,7,5,0,0,7,5,0.2857
4,76.0000,34,39,261.5477,-76.7170,-0.2244,32,0.8000,0.2000,5,6,3,0,0,6,3,0.5000
4,76.0000,34,40,760.8029,-87.1423,-0.7323,7,0.1750,1.0000,8,6,6,0,0,6,6,0.0000
4,76.0000,34,44,629.2006,-85.3664,0.0841,5,0.1250,1.0000,8,8,8,0,0,8,8,0.0000
4,76.0000,34,45,593.3848,-83.3153,-0.7175,19,0.4750,0.7500,8,8,7,0,0,8,7,0.1250
4,76.0000,35,9,573.8714,-85.3572,0.9657,4,0.1000,1.0000,8,7,6,0,0,7,6,0.1429
4,76.0000,35,18,634.4599,-85.1071,1.4777,3,0.0750,1.0000,8,8,7,0,0,8,7,0.1250
4,76.0000,35,21,633.4283,-85.5804,0.0410,9,0.2250,0.8571,7,8,8,0,0,8,8,0.0000
4,76.0000,35,25,377.1697,-80.9517,-0.7169,17,0.4250,0.5000,6,6,2,0,0,6,2,0.6667
4,76.0000,35,27,803.9553,-86.9688,0.3825,5,0.1250,1.0000,8,6,6,0,0,6,6,0.0000
4,76.0000,35,32,449.8144,-83.0861,-0.0665,13,0.3250,0.8750,8,7,5,0,0,7,5,0.2857
4,76.0000,35,34,667.6923,-84.0737,-0.1588,6,0.1500,1.0000,8,8,8,0,0,8,8,0.0000
4,76.0000,35,36,717.2042,-85.7607,1.5668,4,0.1000,1.0000,8,8,8,0,0,8,8,0.0000
4,76.0000,35,39,535.8530,-83.6507,0.0508,6,0.1500,1.0000,8,8,8,0,0,8,8,0.0000
4,76.0000,35,40,736.5480,-85.5715,-1.5610,3,0.0750,1.0000,8,8,7,0,0,8,7,0.1250
4,76.0000,35,45,409.7575,-81.7789,0.5894,15,0.3750,0.8750,8,7,4,0,0,7,4,0.4286
4,76.0000,36,1,372.8025,-79.3239,-0.7886,21,0.5250,0.6667,6,7,5,0,0,7,5,0.2857
4,76.0000,36,2,404.7057,-81.2373,-0.0007,21,0.5250,1.0000,8,7,5,0,0,7,5,0.2857
4,76.0000,36,4,608.9040,-86.0223,1.0197,6,0.1500,0.8571,7,7,5,0,0,7,5,0.2857
4,76.0000,36,5,275.8718,-77.9466,0.4314,23,0.5750,0.6667,6,7,6,0,0,7,6,0.1429
4,76.0000,36,8,450.8789,-83.2454,-0.2489,14,0.3500,0.6667,6,7,6,0,0,7,6,0.1429
4,76.0000,36,9,459.7787,-82.8378,0.7305,14,0.3500,1.0000,8,8,6,0,0,8,6,0.2500
4,76.0000,36,11,285.4325,-78.9168,-0.6150,24,0.6000,0.2500,4,6,4,0,0,6,4,0.3333
4,76.0000,36,12,524.7024,-84.2642,-1.0072,6,0.1500,0.8750,8,8,7,0,0,8,7,0.1250
4,76.0000,36,13,408.0304,-82.1417,0.3911,19,0.4750,0.8571,7,6,3,0,0,6,3,0.5000
4,76.0000,36,17,464.9626,-83.2588,1.2085,12,0.3000,1.0000,10,8,7,0,0,8,7,0.1250
4,76.0000,36,18,294.2505,-79.5427,-0.0406,23,0.5750,1.0000,8,6,4,0,0,6,4,0.3333
4,76.0000,36,19,664.1177,-85.1541,-1.4150,5,0.1250,1.0000,8,8,8,0,0,8,8,0.0000
4,76.0000,36,20,403.5888,-81.1990,-0.2838,16,0.4000,0.7143,7,5,2,0,0,5,2,0.6000
4,76.0000,36,21,656.7972,-85.2989,-0.0322,17,0.4250,0.5000,4,8,6,0,0,8,6,0.2500
4,76.0000,36,25,619.9264,-84.8477,-0.9950,15,0.3750,0.8750,8,7,6,0,0,7,6,0.1429
4,76.0000,36,27,581.6766,-84.6660,-0.3014,19,0.4750,1.0000,8,8,8,0,0,8,8,0.0000
4,76.0000,36,28,230.1764,-79.0881,0.4194,18,0.4500,0.7143,7,5,2,0,0,5,2,0.6000
4,76.0000,36,31,507.0782,-83.4924,0.7210,7,0.1750,1.0000,8,7,6,0,0,7,6,0.1429
4,76.0000,36,32,441.4117,-81.7306,-1.2386,23,0.5750,0.8750,8,8,8,0,0,8,8,0.0000
4,76.0000,36,34,362.1779,-81.5789,0.0786,17,0.4250,0.6000,5,8,5,0,0,8,5,0.3750
4,76.0000,36,35,717.2042,-86.3581,-0.6900,13,0.3250,0.8571,7,6,5,0,0,6,5,0.1667
4,76.0000,36,39,258.7761,-77.4024,0.2327,27,0.6750,0.0000,4,4,0,2,1,6,1,0.8333
4,76.0000,36,40,603.8833,-85.0329,-0.4561,16,0.4000,0.8571,7,8,8,0,0,8,8,0.0000
4,76.0000,36,44,426.0665,-82.1583,-0.3093,12,0.3000,1.0000,8,8,8,0,0,8,8,0.0000
4,76.0000,36,45,646.7504,-84.8229,-0.0551,15,0.3750,0.7500,8,8,7,0,0,8,7,0.1250
4,76.0000,37,0,374.5982,-80.4318,0.1461,19,0.4750,0.7143,7,7,3,0,0,7,3,0.5714
4,76.0000,37,3,586.1855,-84.8899,-0.0814,10,0.2500,0.8750,8,7,6,0,0,7,6,0.1429
4,76.0000,37,6,135.8528,-72.2270,0.1889,34,0.8500,0.2000,5,5,1,0,0,5,1,0.8000
4,76.0000,37,7,135.4127,-75.2280,1.9902,35,0.8750,0.2000,5,5,1,0,0,5,1,0.8000
4,76.0000,37,10,719.8590,-86.5788,4.5232,3,0.0750,1.0000,8,8,8,0,0,8,8,0.0000
4,76.0000,37,15,684.4631,-85.4099,-0.6900,4,0.1000,0.8571,7,8,8,0,0,8,8,0.0000
4,76.0000,37,22,397.1205,-82.2065,-0.5332,20,0.5000,0.5714,7,7,3,0,0,7,3,0.5714
4,76.0000,37,23,604.1450,-86.2205,1.4377,6,0.1500,0.8750,8,7,6,0,0,7,6,0.1429
4,76.0000,37,24,591.3938,-84.0779,1.2239,7,0.1750,1.0000,8,10,9,0,0,10,9,0.1000
4,76.0000,37,38,123.1961,-74.9905,1.7449,32,0.8000,0.0000,4,3,0,0,0,3,0,1.0000
4,76.0000,37,41,396.6821,-82.5729,0.7575,23,0.5750,0.7143,7,4,0,0,0,4,0,1.0000
4,76.0000,37,42,733.1346,-88.8478,0.9024,3,0.0750,1.0000,8,7,6,0,0,7,6,0.1429
4,76.0000,37,43,451.7402,-82.7889,1.4712,8,0.2000,0.7143,7,6,4,0,0,6,4,0.3333
4,76.0000,37,46,639.6291,-86.3672,-0.1923,4,0.1000,0.8750,8,8,8,0,0,8,8,0.0000
4,76.0000,37,47,579.4643,-84.4559,0.8714,7,0.1750,0.8571,7,8,8,0,0,8,8,0.0000
4,76.0000,38,0,352.4603,-79.0992,-1.4007,27,0.6923,0.8571,7,8,5,0,0,8,5,0.3750
4,76.0000,38,3,497.9662,-82.1901,-0.7187,24,0.6154,0.4000,5,8,8,0,0,8,8,0.0000
4,76.0000,38,6,155.5275,-73.7581,0.8102,38,0.9744,0.0000,4,4,0,0,0,4,0,1.0000
4,76.0000,38,7,201.1411,-77.7482,0.9033,36,0.9231,0.0000,4,4,0,0,0,4,0,1.0000
4,76.0000,38,10,649.6584,-84.4656,-0.6822,5,0.1282,0.8571,7,8,8,0,0,8,8,0.0000
4,76.0000,38,14,668.0648,-85.6345,-0.1169,5,0.1282,1.0000,8,7,7,0,0,7,7,0.0000
4,76.0000,38,15,646.5445,-83.6738,-0.2651,8,0.2051,1.0000,8,8,8,0,0,8,8,0.0000
4,76.0000,38,16,696.5232,-86.2217,0.0177,7,0.1795,1.0000,8,8,8,0,0,8,8,0.0000
4,76.0000,38,22,298.5549,-78.6314,-0.7012,35,0.8974,0.6667,6,4,0,0,0,4,0,1.0000
4,76.0000,38,23,503.7130,-83.9766,-0.0242,15,0.3846,0.4000,5,6,4,0,0,6,4,0.3333
4,76.0000,38,24,520.7509,-83.3875,-0.3405,12,0.3077,0.5000,6,7,6,0,0,7,6,0.1429
4,76.0000,38,29,830.7504,-86.6290,0.8009,5,0.1282,1.0000,8,8,8,0,0,8,8,0.0000
4,76.0000,38,33,998.2266,-88.4858,1.2571,3,0.0769,0.9000,10,2,2,0,0,2,2,0.0000
4,76.0000,38,37,123.1961,-75.0966,1.7874,36,0.9231,0.0000,4,5,1,0,0,5,1,0.8000
4,76.0000,38,41,336.5362,-80.9463,0.1307,27,0.6923,0.7143,7,6,3,0,0,6,3,0.5000
4,76.0000,38,42,640.6307,-85.3531,0.3336,5,0.1282,0.8571,7,8,8,0,0,8,8,0.0000
4,76.0000,38,43,351.1822,-80.6719,-0.0064,23,0.5897,0.8571,7,6,3,0,0,6,3,0.5000
4,76.0000,38,46,549.2988,-82.6178,0.0560,12,0.3077,1.0000,8,8,8,0,0,8,8,0.0000
4,76.0000,38,47,541.1257,-84.3287,0.5947,11,0.2821,0.8750,8,8,8,0,0,8,8,0.0000
4,76.0000,39,1,566.4801,-84.2113,-0.6700,9,0.2250,0.8750,8,8,8,0,0,8,8,0.0000
4,76.0000,39,2,407.0551,-79.7423,-0.4100,14,0.3500,0.4000,5,7,6,0,0,7,6,0.1429
4,76.0000,39,5,455.9312,-79.5667,-1.5508,11,0.2750,0.8571,7,8,8,0,0,8,8,0.0000
4,76.0000,39,8,535.5824,-83.4109,-1.1904,11,0.2750,0.7143,7,6,4,0,0,6,4,0.3333
4,76.0000,39,9,229.5823,-76.5918,0.2784,32,0.8000,0.2000,5,5,2,0,0,5,2,0.6000
4,76.0000,39,11,509.0843,-83.2182,0.2511,11,0.2750,0.8889,9,6,6,0,0,6,6,0.0000
4,76.0000,39,12,679.2117,-85.6684,-0.1762,3,0.0750,1.0000,8,8,8,0,0,8,8,0.0000
4,76.0000,39,13,579.0150,-84.6001,1.1494,9,0.2250,1.0000,6,5,2,0,0,5,2,0.6000
4,76.0000,39,17,593.7870,-84.6695,0.5103,4,0.1000,1.0000,8,8,5,0,0,8,5,0.3750
4,76.0000,39,18,256.9358,-77.6233,-0.0469,26,0.6500,0.4000,5,6,3,0,0,6,3,0.5000
4,76.0000,39,19,727.9873,-85.6308,-2.1279,4,0.1000,1.0000,8,8,8,0,0,8,8,0.0000
4,76.0000,39,20,586.9910,-83.5834,-1.5911,8,0.2000,1.0000,8,8,8,0,0,8,8,0.0000
4,76.0000,39,21,504.7876,-83.9899,0.2930,17,0.4250,0.6250,8,6,4,0,0,6,4,0.3333
4,76.0000,39,25,484.9323,-82.0284,0.4831,17,0.4250,0.8750,8,7,6,0,0,7,6,0.1429
4,76.0000,39,27,559.9767,-85.2233,1.1564,14,0.3500,0.8750,8,6,3,0,0,6,3,0.5000
4,76.0000,39,28,409.0572,-81.0368,0.3960,11,0.2750,0.8571,7,7,6,0,0,7,6,0.1429
4,76.0000,39,31,679.4738,-85.1691,-1.0612,4,0.1000,1.0000,8,8,7,0,0,8,7,0.1250
4,76.0000,39,32,184.0000,-73.5106,-0.5754,33,0.8250,0.0000,4,4,0,0,0,4,0,1.0000
4,76.0000,39,33,855.2876,-86.0399,1.9874,3,0.0750,1.0000,4,8,8,0,0,8,8,0.0000
4,76.0000,39,34,261.5477,-76.6249,-0.2766,33,0.8250,0.5000,6,6,2,0,0,6,2,0.6667
4,76.0000,39,35,535.8530,-84.2900,-0.2009,20,0.5000,0.7143,7,7,6,0,0,7,6,0.1429
4,76.0000,39,36,258.7761,-77.1823,0.6176,22,0.5500,0.7143,7,6,4,0,0,6,4,0.3333
4,76.0000,39,40,516.4502,-83.7222,0.8386,14,0.3500,0.8571,7,8,8,0,0,8,8,0.0000
4,76.0000,39,45,410.5321,-80.9587,-0.5926,25,0.6250,0.5000,6,7,5,0,0,7,5,0.2857
4,76.0000,40,1,588.7975,-84.7753,0.4179,10,0.2500,0.8571,7,8,8,0,0,8,8,0.0000
4,76.0000,40,2,327.9380,-80.3741,0.3842,19,0.4750,0.8571,7,8,6,0,0,8,6,0.2500
4,76.0000,40,5,704.7558,-88.2273,-0.8168,6,0.1500,1.0000,6,8,8,0,0,8,8,0.0000
4,76.0000,40,8,646.9590,-87.1603,1.1362,7,0.1750,1.0000,8,9,8,0,0,9,8,0.1111
4,76.0000,40,9,620.9051,-84.9970,0.6728,9,0.2250,1.0000,8,5,2,0,0,5,2,0.6000
4,76.0000,40,11,631.3085,-85.1206,0.6351,8,0.2000,1.0000,8,7,6,0,0,7,6,0.1429
4,76.0000,40,12,986.9999,-88.2729,-0.6403,4,0.1000,0.8571,7,8,8,0,0,8,8,0.0000
4,76.0000,40,13,544.2372,-82.8192,0.1144,15,0.3750,1.0000,8,8,8,0,0,8,8,0.0000
4,76.0000,40,17,662.1824,-85.9439,-0.4824,7,0.1750,1.0000,8,8,8,0,0,8,8,0.0000
4,76.0000,40,18,768.3799,-86.9735,-0.5243,9,0.2250,1.0000,6,8,8,0,0,8,8,0.0000
4,76.0000,40,20,755.4358,-85.5855,-0.0140,5,0.1250,0.8571,7,8,8,0,0,8,8,0.0000
4,76.0000,40,21,166.1979,-77.2326,1.2792,34,0.8500,0.0000,4,4,0,0,0,4,0,1.0000
4,76.0000,40,25,409.8914,-82.1147,-0.8443,25,0.6250,0.4286,7,8,6,0,0,8,6,0.2500
4,76.0000,40,27,151.5542,-71.1439,-0.5311,36,0.9000,0.1758,91,4,0,82,12,86,12,0.8605
4,76.0000,40,28,679.6514,-87.6374,1.4072,3,0.0750,1.0000,8,8,8,0,0,8,8,0.0000
4,76.0000,40,32,555.2121,-83.8518,-0.0446,11,0.2750,1.0000,8,6,4,0,0,6,4,0.3333
4,76.0000,40,34,760.8029,-86.1493,-1.0682,8,0.2000,1.0000,8,7,5,0,0,7,5,0.2857
4,76.0000,40,35,736.5480,-86.5448,-0.1947,12,0.3000,0.8000,5,5,4,0,0,5,4,0.2000
4,76.0000,40,36,603.8833,-84.8481,0.0173,8,0.2000,1.0000,8,8,8,0,0,8,8,0.0000
4,76.0000,40,39,516.4502,-83.8759,0.5307,13,0.3250,1.0000,8,6,5,0,0,6,5,0.1667
4,76.0000,40,44,850.3037,-88.0105,0.3634,5,0.1250,1.0000,6,8,8,0,0,8,8,0.0000
4,76.0000,40,45,446.1603,-83.1087,0.2967,16,0.4000,0.8571,7,5,1,0,0,5,1,0.8000
4,76.0000,41,0,671.9823,-86.9805,1.8949,7,0.1750,1.0000,8,7,6,0,0,7,6,0.1429
4,76.0000,41,3,322.6623,-79.1583,-0.1588,31,0.7750,0.3333,6,5,1,0,0,5,1,0.8000
4,76.0000,41,6,406.1557,-82.5627,0.5409,16,0.4000,0.7143,7,6,3,0,0,6,3,0.5000
4,76.0000,41,7,332.7515,-79.6545,-0.4003,30,0.7500,0.0000,4,5,1,0,0,5,1,0.8000
4,76.0000,41,14,719.5413,-87.2636,-0.1271,5,0.1250,1.0000,8,8,8,0,0,8,8,0.0000
4,76.0000,41,16,969.7781,-87.6661,0.3953,3,0.0750,1.0000,8,8,8,0,0,8,8,0.0000
4,76.0000,41,22,222.0089,-78.5237,0.5438,31,0.7750,0.4000,5,5,1,0,0,5,1,0.8000
4,76.0000,41,23,276.1556,-79.5062,0.5909,35,0.8750,0.3333,6,5,1,0,0,5,1,0.8000
4,76.0000,41,24,745.5740,-85.0769,-2.5191,3,0.0750,1.0000,8,8,8,0,0,8,8,0.0000
4,76.0000,41,37,396.6821,-82.5372,0.3492,23,0.5750,0.8571,7,7,5,0,0,7,5,0.2857
4,76.0000,41,38,336.5362,-80.9454,0.3311,22,0.5500,0.5000,6,4,0,0,0,4,0,1.0000
4,76.0000,41,42,823.8903,-86.6834,-0.6921,4,0.1000,1.0000,8,7,6,0,0,7,6,0.1429
4,76.0000,41,43,557.3971,-84.3453,0.2551,11,0.2750,1.0000,10,7,5,0,0,7,5,0.2857
4,76.0000,41,46,620.9760,-85.1480,-0.4062,8,0.2000,0.7143,7,8,7,0,0,8,7,0.1250
4,76.0000,41,47,839.4064,-87.7000,-0.3582,4,0.1000,1.0000,8,8,8,0,0,8,8,0.0000
4,76.0000,42,0,529.7420,-82.9767,-0.7131,18,0.4500,0.7143,7,6,4,0,0,6,4,0.3333
4,76.0000,42,3,715.5003,-85.1659,-0.3085,7,0.1750,1.0000,10,5,4,0,0,5,4,0.2000
4,76.0000,42,4,607.1019,-83.9729,0.0380,7,0.1750,1.0000,8,8,8,0,0,8,8,0.0000
4,76.0000,42,5,827.8244,-88.0674,-0.5699,3,0.0750,1.0000,8,6,6,0,0,6,6,0.0000
4,76.0000,42,6,674.7530,-85.8325,0.3557,8,0.2000,1.0000,8,8,8,0,0,8,8,0.0000
4,76.0000,42,7,821.8998,-87.3251,-0.1889,10,0.2500,1.0000,4,8,8,0,0,8,8,0.0000
4,76.0000,42,8,846.8657,-86.8375,0.0064,4,0.1000,1.0000,4,6,6,0,0,6,6,0.0000
4,76.0000,42,10,232.7988,-77.4879,0.6344,25,0.6250,0.5714,7,5,2,0,0,5,2,0.6000
4,76.0000,42,12,534.9041,-85.1729,0.8791,4,0.1000,1.0000,8,8,8,0,0,8,8,0.0000
4,76.0000,42,14,472.4138,-83.8000,0.3716,15,0.3750,1.0000,8,8,8,0,0,8,8,0.0000
4,76.0000,42,15,358.8255,-80.9964,0.1533,23,0.5750,0.0000,4,6,4,0,0,6,4,0.3333
4,76.0000,42,16,315.3823,-80.5878,0.7756,22,0.5500,0.7143,7,6,2,0,0,6,2,0.6667
4,76.0000,42,19,603.4388,-86.1599,2.5537,4,0.1000,0.8750,8,8,7,0,0,8,7,0.1250
4,76.0000,42,22,694.4874,-84.8385,-0.9723,13,0.3250,1.0000,8,8,8,0,0,8,8,0.0000
4,76.0000,42,23,766.6527,-86.3201,1.0886,7,0.1750,1.0000,6,6,6,0,0,6,6,0.0000
4,76.0000,42,24,219.8915,-76.0326,0.4910,30,0.7500,0.5000,6,6,3,0,0,6,3,0.5000
4,76.0000,42,26,627.5352,-85.7616,0.5126,5,0.1250,0.8000,5,6,6,0,0,6,6,0.0000
4,76.0000,42,29,371.5685,-80.2717,0.6042,12,0.3000,0.8571,7,4,0,0,0,4,0,1.0000
4,76.0000,42,30,654.1249,-85.8642,0.7074,3,0.0750,1.0000,8,8,8,0,0,8,8,0.0000
4,76.0000,42,31,571.3368,-85.5720,1.3623,6,0.1500,0.8750,8,8,8,0,0,8,8,0.0000
4,76.0000,42,33,421.4986,-84.4631,1.5717,7,0.1750,0.6250,8,7,4,0,0,7,4,0.4286
4,76.0000,42,37,733.1346,-86.2004,-0.5626,9,0.2250,1.0000,6,8,8,0,0,8,8,0.0000
4,76.0000,42,38,640.6307,-84.4427,-0.3100,12,0.3000,1.0000,8,8,8,0,0,8,8,0.0000
4,76.0000,42,41,823.8903,-86.9428,-0.0831,9,0.2250,1.0000,8,8,8,0,0,8,8,0.0000
4,76.0000,42,43,373.1181,-79.0885,-1.2097,28,0.7000,0.5000,6,5,2,0,0,5,2,0.6000
4,76.0000,42,44,727.4537,-88.3608,1.6531,3,0.0750,1.0000,8,8,8,0,0,8,8,0.0000
4,76.0000,42,46,394.1358,-82.6439,0.1071,19,0.4750,0.8750,8,7,6,0,0,7,6,0.1429
4,76.0000,42,47,360.4705,-80.3294,0.1547,25,0.6250,0.5714,7,6,3,0,0,6,3,0.5000
4,76.0000,43,0,290.6768,-79.2378,-0.5955,27,0.6750,0.5000,6,5,1,0,0,5,1,0.8000
4,76.0000,43,3,598.3510,-83.8428,0.0214,9,0.2250,0.8571,7,7,6,0,0,7,6,0.1429
4,76.0000,43,6,454.9410,-83.0137,0.5424,21,0.5250,1.0000,8,6,3,0,0,6,3,0.5000
4,76.0000,43,7,552.3138,-85.3385,-0.3084,12,0.3000,0.6667,6,8,6,0,0,8,6,0.2500
4,76.0000,43,10,496.3933,-82.9533,1.0264,5,0.1250,0.6667,6,8,8,0,0,8,8,0.0000
4,76.0000,43,14,623.8082,-85.1740,-1.6825,7,0.1750,0.8750,8,7,6,0,0,7,6,0.1429
4,76.0000,43,15,497.2157,-83.7346,0.2964,9,0.2250,1.0000,8,7,6,0,0,7,6,0.1429
4,76.0000,43,16,502.4395,-84.4858,-1.3281,6,0.1500,0.6250,8,8,7,0,0,8,7,0.1250
4,76.0000,43,22,385.1780,-81.1052,-0.2630,24,0.6000,0.2000,5,6,4,0,0,6,4,0.3333
4,76.0000,43,23,547.3503,-83.4237,0.4709,14,0.3500,0.7500,8,7,6,0,0,7,6,0.1429
4,76.0000,43,24,371.7279,-80.0187,-0.9333,15,0.3750,0.5714,7,8,6,0,0,8,6,0.2500
4,76.0000,43,26,856.8785,-87.9639,0.2014,3,0.0750,0.8000,5,4,3,0,0,4,3,0.2500
4,76.0000,43,29,675.7147,-85.8731,-0.8967,3,0.0750,1.0000,8,6,4,0,0,6,4,0.3333
4,76.0000,43,33,724.9097,-86.1068,-0.2322,4,0.1000,1.0000,8,8,8,0,0,8,8,0.0000
4,76.0000,43,37,451.7402,-84.2201,0.2797,20,0.5000,0.4000,5,6,4,0,0,6,4,0.3333
4,76.0000,43,38,351.1822,-79.5845,-0.2016,22,0.5500,0.0000,4,5,1,0,0,5,1,0.8000
4,76.0000,43,41,557.3971,-85.0226,0.1168,14,0.3500,0.8571,7,8,6,0,0,8,6,0.2500
4,76.0000,43,42,373.1181,-78.4203,-1.2032,14,0.3500,0.5000,6,7,6,0,0,7,6,0.1429
4,76.0000,43,46,494.4781,-82.4589,0.7076,12,0.3000,0.6250,8,8,8,0,0,8,8,0.0000
4,76.0000,43,47,388.8623,-81.5532,1.1125,14,0.3500,0.7500,8,6,4,0,0,6,4,0.3333
4,76.0000,44,1,375.1854,-83.0614,-0.7679,15,0.3846,0.7500,8,8,5,0,0,8,5,0.3750
4,76.0000,44,2,541.0210,-84.8241,-0.4858,9,0.2308,0.8750,8,7,5,0,0,7,5,0.2857
4,76.0000,44,4,516.6980,-83.8454,0.1743,9,0.2308,0.7143,7,6,4,0,0,6,4,0.3333
4,76.0000,44,5,180.5256,-77.7996,2.1757,21,0.5385,0.4000,5,5,1,0,0,5,1,0.8000
4,76.0000,44,8,323.3108,-80.6324,0.9130,21,0.5385,0.8750,8,7,5,0,0,7,5,0.2857
4,76.0000,44,10,677.5092,-84.0279,-0.6539,7,0.1795,1.0000,8,7,6,0,0,7,6,0.1429
4,76.0000,44,11,311.5433,-80.5350,0.9466,23,0.5897,0.5000,6,7,4,0,0,7,4,0.4286
4,76.0000,44,12,238.9186,-73.7006,-0.7607,32,0.8205,0.0000,4,5,2,0,0,5,2,0.6000
4,76.0000,44,13,516.4259,-84.6443,1.0969,10,0.2564,1.0000,8,6,4,0,0,6,4,0.3333
4,76.0000,44,14,758.2755,-87.1703,0.8462,3,0.0769,0.8571,7,6,6,0,0,6,6,0.0000
4,76.0000,44,15,862.5911,-86.2433,-1.8927,3,0.0769,,0,6,6,0,0,6,6,0.0000
4,76.0000,44,16,810.9452,-85.9138,1.0847,4,0.1026,0.8000,5,6,6,0,0,6,6,0.0000
4,76.0000,44,17,276.2969,-78.5152,0.0582,25,0.6410,0.0000,4,7,3,0,0,7,3,0.5714
4,76.0000,44,18,606.6276,-83.5967,0.0012,11,0.2821,1.0000,8,8,7,0,0,8,7,0.1250
4,76.0000,44,19,603.7250,-84.6326,-0.4598,7,0.1795,0.7143,7,8,8,0,0,8,8,0.0000
4,76.0000,44,20,112.7797,-72.3005,1.2703,31,0.7949,0.2000,5,5,1,0,0,5,1,0.8000
4,76.0000,44,21,950.2413,-87.6462,-0.1975,4,0.1026,1.0000,6,6,6,0,0,6,6,0.0000
4,76.0000,44,24,810.7019,-88.1472,-1.0977,3,0.0769,1.0000,8,2,2,0,0,2,2,0.0000
4,76.0000,44,25,1007.4159,-88.7883,-0.7226,4,0.1026,,0,4,4,0,0,4,4,0.0000
4,76.0000,44,26,614.3223,-84.5956,0.5958,8,0.2051,0.5714,7,6,5,0,0,6,5,0.1667
4,76.0000,44,28,224.4773,-76.6533,-0.1913,28,0.7179,0.4000,5,5,2,0,0,5,2,0.6000
4,76.0000,44,29,568.0362,-83.3584,-0.2690,9,0.2308,1.0000,8,8,8,0,0,8,8,0.0000
4,76.0000,44,30,308.6969,-79.3422,0.2370,21,0.5385,0.5000,6,6,4,0,0,6,4,0.3333
4,76.0000,44,31,173.5843,-69.5267,-2.5975,34,0.8718,0.2000,5,8,8,0,0,8,8,0.0000
4,76.0000,44,32,799.2528,-86.2934,0.0324,7,0.1795,0.8571,7,4,4,0,0,4,4,0.0000
4,76.0000,44,33,629.8052,-85.2141,-0.3067,8,0.2051,1.0000,8,6,6,0,0,6,6,0.0000
4,76.0000,44,34,629.2006,-85.5471,0.0074,6,0.1538,0.8889,9,7,6,0,0,7,6,0.1429
4,76.0000,44,36,426.0665,-83.6416,0.7765,13,0.3333,0.7500,8,7,5,0,0,7,5,0.2857
4,76.0000,44,39,632.7664,-85.2638,1.2533,9,0.2308,0.8333,6,5,3,0,0,5,3,0.4000
4,76.0000,44,40,850.3037,-86.9081,0.3032,5,0.1282,1.0000,8,5,4,0,0,5,4,0.2000
4,76.0000,44,42,727.4537,-86.6321,-1.1365,4,0.1026,1.0000,6,8,8,0,0,8,8,0.0000
4,76.0000,45,2,580.9824,-83.2028,1.7717,5,0.1250,0.8571,7,7,6,0,0,7,6,0.1429
4,76.0000,45,9,386.7235,-80.7854,0.1419,24,0.6000,0.8000,10,8,8,0,0,8,8,0.0000
4,76.0000,45,18,624.5640,-84.5106,0.2830,4,0.1000,1.0000,10,8,8,0,0,8,8,0.0000
4,76.0000,45,21,307.3061,-79.1628,0.1513,30,0.7500,0.7143,7,7,4,0,0,7,4,0.4286
4,76.0000,45,25,338.1433,-81.1513,-0.3505,22,0.5500,0.8571,7,7,6,0,0,7,6,0.1429
4,76.0000,45,27,569.2424,-84.4306,-0.5815,11,0.2750,1.0000,8,7,6,0,0,7,6,0.1429
4,76.0000,45,28,784.8727,-86.6398,-0.2969,3,0.0750,1.0000,8,8,8,0,0,8,8,0.0000
4,76.0000,45,32,289.7424,-78.6104,0.1596,22,0.5500,0.0000,4,4,2,0,0,4,2,0.5000
4,76.0000,45,34,593.3848,-81.3879,-1.6142,9,0.2250,0.7143,7,8,8,0,0,8,8,0.0000
4,76.0000,45,35,409.7575,-81.6568,-0.0887,26,0.6500,0.0000,4,6,4,0,0,6,4,0.3333
4,76.0000,45,36,646.7504,-85.1691,-0.2204,4,0.1000,1.0000,8,10,9,0,0,10,9,0.1000
4,76.0000,45,39,410.5321,-81.3729,-0.7358,15,0.3750,0.8750,8,7,6,0,0,7,6,0.1429
4,76.0000,45,40,446.1603,-84.0246,0.1483,18,0.4500,0.5714,7,9,7,0,0,9,7,0.2222
4,76.0000,46,0,656.0345,-84.6982,0.7942,10,0.2500,0.8571,7,8,7,0,0,8,7,0.1250
4,76.0000,46,3,409.2138,-80.4012,0.0414,24,0.6000,0.6667,6,7,6,0,0,7,6,0.1429
4,76.0000,46,6,534.4826,-84.0655,0.6684,15,0.3750,1.0000,8,7,6,0,0,7,6,0.1429
4,76.0000,46,7,665.7455,-85.4435,-0.1506,15,0.3750,1.0000,8,8,8,0,0,8,8,0.0000
4,76.0000,46,10,327.5509,-80.8134,-0.2779,15,0.3750,0.7143,7,7,3,0,0,7,3,0.5714
4,76.0000,46,14,132.0285,-73.3579,0.4344,31,0.7750,0.4000,5,5,1,0,0,5,1,0.8000
4,76.0000,46,15,565.5739,-84.6392,-0.1081,10,0.2500,0.6667,6,8,8,0,0,8,8,0.0000
4,76.0000,46,16,581.0056,-85.5549,0.8361,9,0.2250,1.0000,8,7,6,0,0,7,6,0.1429
4,76.0000,46,19,879.7657,-88.4599,0.5348,5,0.1250,1.0000,8,8,8,0,0,8,8,0.0000
4,76.0000,46,20,902.8612,-87.3397,1.2588,5,0.1250,1.0000,4,2,2,0,0,2,2,0.0000
4,76.0000,46,22,597.8392,-84.6736,0.5661,14,0.3500,0.8750,8,7,6,0,0,7,6,0.1429
4,76.0000,46,23,597.2417,-83.8844,-0.7260,17,0.4250,0.8571,7,6,6,0,0,6,6,0.0000
4,76.0000,46,24,324.4783,-80.3596,0.2365,17,0.4250,0.6667,6,7,4,0,0,7,4,0.4286
4,76.0000,46,26,419.2066,-82.2797,0.5869,20,0.5000,0.6667,6,6,4,0,0,6,4,0.3333
4,76.0000,46,29,499.4604,-84.6630,0.3292,8,0.2000,1.0000,8,8,8,0,0,8,8,0.0000
4,76.0000,46,30,656.4186,-85.9150,-1.1599,5,0.1250,0.8750,8,4,4,0,0,4,4,0.0000
4,76.0000,46,31,720.6596,-87.0012,2.6345,3,0.0750,1.0000,8,8,8,0,0,8,8,0.0000
4,76.0000,46,37,639.6291,-86.1672,-0.1832,12,0.3000,0.8000,5,8,8,0,0,8,8,0.0000
4,76.0000,46,38,549.2988,-83.7230,-1.0570,18,0.4500,0.8667,15,7,5,0,0,7,5,0.2857
4,76.0000,46,41,620.9760,-84.5532,-0.0663,13,0.3250,1.0000,8,7,6,0,0,7,6,0.1429
4,76.0000,46,42,394.1358,-81.7566,-0.2331,13,0.3250,0.8571,7,7,6,0,0,7,6,0.1429
4,76.0000,46,43,494.4781,-83.0106,-0.1706,16,0.4000,0.6667,6,7,6,0,0,7,6,0.1429
4,76.0000,46,44,822.1446,-87.7216,0.0033,5,0.1250,1.0000,8,4,4,0,0,4,4,0.0000
4,76.0000,46,47,565.5921,-86.2115,0.8416,10,0.2500,1.0000,8,7,6,0,0,7,6,0.1429
4,76.0000,47,0,294.7068,-80.5203,0.7967,24,0.5854,0.0000,4,5,1,0,0,5,1,0.8000
4,76.0000,47,3,838.3729,-87.1978,-0.5921,6,0.1463,1.0000,8,6,6,0,0,6,6,0.0000
4,76.0000,47,4,768.4182,-84.4045,0.7332,3,0.0732,1.0000,8,8,8,0,0,8,8,0.0000
4,76.0000,47,6,540.6769,-84.0013,-0.0272,11,0.2683,0.6667,6,8,8,0,0,8,8,0.0000
4,76.0000,47,7,696.2444,-86.7472,-0.0527,8,0.1951,1.0000,8,6,4,0,0,6,4,0.3333
4,76.0000,47,10,347.4189,-81.1184,-0.6000,14,0.3415,0.7500,8,6,4,0,0,6,4,0.3333
4,76.0000,47,14,655.9504,-86.4881,0.5295,6,0.1463,1.0000,8,7,6,0,0,7,6,0.1429
4,76.0000,47,15,137.3467,-67.8375,-1.3146,35,0.8537,0.2000,5,5,1,0,0,5,1,0.8000
4,76.0000,47,16,180.2345,-73.9145,-0.1066,31,0.7561,0.4000,5,5,1,0,0,5,1,0.8000
4,76.0000,47,19,623.9937,-84.9086,0.2769,9,0.2195,1.0000,8,8,8,0,0,8,8,0.0000
4,76.0000,47,22,728.4296,-86.2575,-0.5747,10,0.2439,1.0000,8,2,2,0,0,2,2,0.0000
4,76.0000,47,24,251.5063,-78.5993,1.1660,19,0.4634,0.8750,8,5,1,0,0,5,1,0.8000
4,76.0000,47,29,435.9412,-82.1406,-0.0697,15,0.3659,0.8125,16,7,6,0,0,7,6,0.1429
4,76.0000,47,30,960.4662,-86.8463,0.3628,4,0.0976,0.8750,8,4,4,0,0,4,4,0.0000
4,76.0000,47,31,801.9556,-86.5869,1.0463,3,0.0732,1.0000,8,8,8,0,0,8,8,0.0000
4,76.0000,47,33,514.3436,-82.1843,0.0226,12,0.2927,1.0000,8,8,7,0,0,8,7,0.1250
4,76.0000,47,37,579.4643,-84.7460,-0.0252,16,0.3902,1.0000,8,7,5,0,0,7,5,0.2857
4,76.0000,47,38,541.1257,-84.9466,-0.8206,18,0.4390,0.8750,8,6,4,0,0,6,4,0.3333
4,76.0000,47,41,839.4064,-87.5654,-0.6472,6,0.1463,0.8750,8,8,8,0,0,8,8,0.0000
4,76.0000,47,42,360.4705,-80.8080,1.4875,18,0.4390,0.8571,7,7,6,0,0,7,6,0.1429
4,76.0000,47,43,388.8623,-81.6578,-0.1954,19,0.4634,0.7143,7,7,5,0,0,7,5,0.2857
4,76.0000,47,44,966.0196,-86.1227,-0.4903,4,0.0976,1.0000,4,6,6,0,0,6,6,0.0000
4,76.0000,47,46,565.5921,-84.9410,0.6000,11,0.2683,1.0000,8,8,7,0,0,8,7,0.1250
4,80.0000,0,3,748.3324,-87.4228,-2.4588,4,0.1000,0.8333,6,6,6,0,0,6,6,0.0000
4,80.0000,0,6,361.1648,-81.3548,0.3252,16,0.4000,0.8571,7,6,3,0,0,6,3,0.5000
4,80.0000,0,7,357.9612,-82.4992,0.9635,22,0.5500,0.4000,5,6,4,0,0,6,4,0.3333
4,80.0000,0,10,440.3461,-82.4404,0.7871,9,0.2250,0.6667,6,7,5,0,0,7,5,0.2857
4,80.0000,0,14,667.6570,-85.5326,2.1500,4,0.1000,0.8571,7,8,8,0,0,8,8,0.0000
4,80.0000,0,15,546.7726,-82.6550,0.5016,9,0.2250,0.4000,5,8,8,0,0,8,8,0.0000
4,80.0000,0,16,407.1435,-82.0722,2.0316,11,0.2750,0.7143,7,8,7,0,0,8,7,0.1250
4,80.0000,0,22,538.9366,-84.8507,1.0494,15,0.3750,0.6667,6,7,6,0,0,7,6,0.1429
4,80.0000,0,23,659.8129,-86.3296,-0.4532,7,0.1750,1.0000,8,6,3,0,0,6,3,0.5000
4,80.0000,0,24,427.4557,-81.4275,-0.7749,12,0.3000,0.7143,7,8,8,0,0,8,8,0.0000
4,80.0000,0,29,633.7539,-86.2801,1.8958,3,0.0750,0.8750,8,8,8,0,0,8,8,0.0000
4,80.0000,0,37,298.4515,-79.9322,0.6684,25,0.6250,0.5000,6,5,2,0,0,5,2,0.6000
4,80.0000,0,38,317.6189,-80.8728,0.3394,23,0.5750,0.8571,7,4,0,0,0,4,0,1.0000
4,80.0000,0,41,505.9934,-84.5606,-0.3639,11,0.2750,1.0000,8,7,6,0,0,7,6,0.1429
4,80.0000,0,42,561.8699,-84.6409,2.2681,8,0.2000,0.5714,7,8,7,0,0,8,7,0.1250
4,80.0000,0,43,162.5803,-76.1437,1.7292,29,0.7250,0.5000,6,4,0,0,0,4,0,1.0000
4,80.0000,0,46,578.5875,-83.6105,0.0719,6,0.1500,1.0000,8,7,6,0,0,7,6,0.1429
4,80.0000,0,47,238.8842,-77.4438,0.6635,23,0.5750,0.8750,8,5,2,0,0,5,2,0.6000
4,80.0000,1,2,375.9595,-81.0772,-0.0661,22,0.5500,0.5714,7,8,7,9,7,17,14,0.1765
4,80.0000,1,4,735.1695,-87.8462,0.2571,6,0.1500,1.0000,8,8,7,0,0,8,7,0.1250
4,80.0000,1,5,337.7838,-79.7551,0.3807,20,0.5000,0.5000,6,7,6,0,0,7,6,0.1429
4,80.0000,1,8,359.2201,-80.9335,0.7461,20,0.5000,0.8571,7,7,5,0,0,7,5,0.2857
4,80.0000,1,9,882.8486,-86.4973,1.7174,4,0.1000,1.0000,8,6,6,0,0,6,6,0.0000
4,80.0000,1,11,197.0202,-72.6773,-1.3647,35,0.8750,0.3333,6,6,3,0,0,6,3,0.5000
4,80.0000,1,12,651.9209,-85.5297,-1.3346,9,0.2250,1.0000,8,8,8,0,0,8,8,0.0000
4,80.0000,1,13,190.0228,-73.9834,-0.2051,37,0.9250,0.2000,5,4,0,1,0,5,0,1.0000
4,80.0000,1,17,352.7375,-79.8417,0.5562,23,0.5750,0.5000,6,7,6,0,0,7,6,0.1429
4,80.0000,1,18,779.7675,-86.5486,-0.0243,8,0.2000,1.0000,8,8,8,0,0,8,8,0.0000
4,80.0000,1,19,873.0397,-87.2169,0.2146,4,0.1000,1.0000,6,8,8,0,0,8,8,0.0000
4,80.0000,1,20,256.4929,-79.4930,-0.0223,16,0.4000,0.5000,6,7,5,0,0,7,5,0.2857
4,80.0000,1,21,716.2650,-85.6381,0.2833,15,0.3750,0.8571,7,8,8,0,0,8,8,0.0000
4,80.0000,1,25,875.6756,-86.8480,0.1467,8,0.2000,1.0000,4,6,6,0,0,6,6,0.0000
4,80.0000,1,26,853.2543,-87.0490,0.2724,5,0.1250,1.0000,6,6,6,0,0,6,6,0.0000
4,80.0000,1,27,479.4330,-83.9509,0.3591,19,0.4750,0.8571,7,8,7,0,0,8,7,0.1250
4,80.0000,1,28,345.5302,-79.4929,0.0261,20,0.5000,0.6667,6,8,6,0,0,8,6,0.2500
4,80.0000,1,29,969.7759,-89.4402,-0.4146,5,0.1250,1.0000,8,8,8,0,0,8,8,0.0000
4,80.0000,1,30,417.0170,-82.7200,1.1066,16,0.4000,1.0000,8,6,3,0,0,6,3,0.5000
4,80.0000,1,31,558.2977,-84.1996,0.6123,10,0.2500,0.8571,7,7,6,0,0,7,6,0.1429
4,80.0000,1,32,907.1547,-88.0707,-0.2967,6,0.1500,1.0000,8,8,8,0,0,8,8,0.0000
4,80.0000,1,33,861.3862,-87.4455,-0.2744,3,0.0750,1.0000,4,8,8,0,0,8,8,0.0000
4,80.0000,1,34,746.1901,-86.3726,-0.4997,6,0.1500,0.8750,8,8,8,0,0,8,8,0.0000
4,80.0000,1,36,504.1796,-81.9257,-0.9890,16,0.4000,1.0000,8,8,8,0,0,8,8,0.0000
4,80.0000,1,39,664.6112,-85.3049,-1.7215,8,0.2000,0.8571,7,8,7,0,0,8,7,0.1250
4,80.0000,1,40,654.8441,-85.3525,-0.4234,16,0.4000,1.0000,8,7,6,0,0,7,6,0.1429
4,80.0000,1,44,288.1689,-79.2033,1.0450,21,0.5250,0.8571,7,5,2,0,0,5,2,0.6000
4,80.0000,1,45,939.3805,-88.0726,0.0941,5,0.1250,1.0000,8,4,4,0,0,4,4,0.0000
4,80.0000,2,1,375.9595,-81.7400,0.5342,15,0.3846,0.3333,6,5,1,0,0,5,1,0.8000
4,80.0000,2,4,718.7705,-87.3242,0.4482,5,0.1282,0.7143,7,8,7,0,0,8,7,0.1250
4,80.0000,2,5,497.5676,-83.3308,0.4212,13,0.3333,1.0000,8,8,7,0,0,8,7,0.1250
4,80.0000,2,8,348.5019,-78.8845,-0.5773,18,0.4615,0.8571,7,8,8,7,6,15,14,0.0667
4,80.0000,2,9,691.5628,-85.8879,-0.0526,8,0.2051,1.0000,8,8,8,0,0,8,8,0.0000
4,80.0000,2,11,371.8428,-81.7951,-0.6667,14,0.3590,0.5000,6,8,6,0,0,8,6,0.2500
4,80.0000,2,12,790.7095,-85.4773,-0.5713,4,0.1026,1.0000,8,8,8,0,0,8,8,0.0000
4,80.0000,2,13,356.3432,-80.2579,0.4101,19,0.4872,0.5714,7,6,3,0,0,6,3,0.5000
4,80.0000,2,17,331.7186,-79.4962,-0.2629,15,0.3846,0.7143,7,7,5,0,0,7,5,0.2857
4,80.0000,2,18,738.8572,-86.4164,-0.2701,9,0.2308,0.8571,7,8,8,0,0,8,8,0.0000
4,80.0000,2,20,443.5314,-82.0441,1.2718,11,0.2821,0.7500,8,8,8,0,0,8,8,0.0000
4,80.0000,2,21,393.1750,-81.3583,0.4502,24,0.6154,0.0000,4,6,3,0,0,6,3,0.5000
4,80.0000,2,25,687.3322,-86.2609,-1.1167,12,0.3077,0.8571,7,8,7,0,0,8,7,0.1250
4,80.0000,2,27,205.8195,-78.2122,1.2442,32,0.8205,0.3333,6,4,0,0,0,4,0,1.0000
4,80.0000,2,28,393.9004,-81.2203,0.3831,14,0.3590,0.5714,7,7,6,0,0,7,6,0.1429
4,80.0000,2,30,638.6494,-86.2643,-0.0305,9,0.2308,0.8750,8,7,6,0,0,7,6,0.1429
4,80.0000,2,31,708.0389,-85.6258,-0.7152,6,0.1538,1.0000,8,6,6,0,0,6,6,0.0000
4,80.0000,2,32,727.9818,-84.9735,-0.9139,10,0.2564,1.0000,8,7,6,0,0,7,6,0.1429
4,80.0000,2,33,925.9667,-86.7795,-0.1788,3,0.0769,1.0000,4,2,2,0,0,2,2,0.0000
4,80.0000,2,34,719.8458,-84.3006,-0.9924,7,0.1795,0.6667,6,8,8,0,0,8,8,0.0000
4,80.0000,2,35,878.5586,-87.9838,0.2252,5,0.1282,1.0000,8,6,4,0,0,6,4,0.3333
4,80.0000,2,36,547.7972,-84.1303,-0.0460,11,0.2821,0.7143,7,8,8,0,0,8,8,0.0000
4,80.0000,2,39,526.8339,-82.7913,0.0475,14,0.3590,0.5000,6,6,4,20,17,26,21,0.1923
4,80.0000,2,40,336.8066,-80.0819,0.8207,25,0.6410,0.5000,6,6,4,0,0,6,4,0.3333
4,80.0000,2,44,485.9695,-83.2807,0.1499,8,0.2051,0.7500,8,9,8,0,0,9,8,0.1111
4,80.0000,2,45,669.6051,-85.6953,-1.1231,11,0.2821,0.8571,7,8,8,0,0,8,8,0.0000
4,80.0000,3,0,748.3324,-85.5026,0.8577,4,0.1000,1.0000,8,8,7,0,0,8,7,0.1250
4,80.0000,3,6,515.5779,-84.7018,0.5082,15,0.3750,0.8571,7,7,6,0,0,7,6,0.1429
4,80.0000,3,7,682.7753,-85.4875,-0.0581,12,0.3000,1.0000,8,8,8,0,0,8,8,0.0000
4,80.0000,3,14,534.5741,-84.8373,0.4202,10,0.2500,0.8571,7,7,6,0,0,7,6,0.1429
4,80.0000,3,16,848.2851,-87.9642,-0.6739,3,0.0750,1.0000,8,8,8,0,0,8,8,0.0000
4,80.0000,3,22,443.3388,-81.7934,-0.2893,26,0.6500,0.5714,7,6,4,0,0,6,4,0.3333
4,80.0000,3,23,393.0006,-81.2652,-0.8215,28,0.7000,0.3333,6,6,3,0,0,6,3,0.5000
4,80.0000,3,24,790.5411,-85.3085,-2.4625,3,0.0750,0.8750,8,5,4,0,0,5,4,0.2000
4,80.0000,3,26,567.0073,-85.2392,0.8767,8,0.2000,1.0000,8,8,7,0,0,8,7,0.1250
4,80.0000,3,37,573.1883,-84.4932,0.1650,15,0.3750,0.8571,7,8,8,0,0,8,8,0.0000
4,80.0000,3,38,601.6460,-83.1088,-0.2381,14,0.3500,0.8571,7,7,6,0,0,7,6,0.1429
4,80.0000,3,41,404.5373,-80.9215,-0.6456,26,0.6500,0.6667,6,6,3,0,0,6,3,0.5000
4,80.0000,3,42,796.4021,-87.1721,1.9252,3,0.0750,1.0000,8,8,8,0,0,8,8,0.0000
4,80.0000,3,43,730.1700,-84.8762,1.1997,7,0.1750,0.7500,8,8,8,0,0,8,8,0.0000
4,80.0000,3,46,538.9157,-83.4085,0.9142,12,0.3000,0.8571,7,8,8,0,0,8,8,0.0000
4,80.0000,3,47,840.1325,-87.1719,0.0449,3,0.0750,1.0000,8,8,8,0,0,8,8,0.0000
4,80.0000,4,1,735.1695,-86.6552,0.1394,5,0.1250,1.0000,8,7,5,0,0,7,5,0.2857
4,80.0000,4,2,718.7705,-85.7249,0.2995,6,0.1500,0.8750,8,8,7,0,0,8,7,0.1250
4,80.0000,4,5,420.7742,-82.7273,-0.5514,9,0.2250,0.6667,6,6,4,0,0,6,4,0.3333
4,80.0000,4,8,506.2904,-83.5851,0.2311,9,0.2250,1.0000,8,7,5,0,0,7,5,0.2857
4,80.0000,4,9,651.5759,-85.0709,-0.7621,12,0.3000,0.8571,7,8,8,0,0,8,8,0.0000
4,80.0000,4,10,760.5362,-85.9695,-1.2289,6,0.1500,0.8000,5,10,10,0,0,10,10,0.0000
4,80.0000,4,11,651.7563,-86.3635,-0.1360,7,0.1750,0.8571,7,7,5,0,0,7,5,0.2857
4,80.0000,4,12,311.8525,-79.5513,0.0763,16,0.4000,0.7500,8,7,6,0,0,7,6,0.1429
4,80.0000,4,14,863.0282,-87.6504,-1.2537,4,0.1000,1.0000,2,6,6,0,0,6,6,0.0000
4,80.0000,4,15,649.6956,-85.3542,-0.2325,10,0.2500,0.8571,7,7,6,0,0,7,6,0.1429
4,80.0000,4,16,726.8794,-86.5182,-1.0886,7,0.1750,0.8571,7,5,4,0,0,5,4,0.2000
4,80.0000,4,17,443.9007,-84.3075,0.6150,10,0.2500,0.8571,7,5,3,0,0,5,3,0.4000
4,80.0000,4,18,600.2283,-84.5657,-0.1108,10,0.2500,1.0000,8,5,3,0,0,5,3,0.4000
4,80.0000,4,19,347.1295,-79.7126,-0.4039,21,0.5250,0.7143,7,7,6,0,0,7,6,0.1429
4,80.0000,4,20,526.9123,-82.5423,-0.6434,9,0.2250,0.6250,8,8,8,0,0,8,8,0.0000
4,80.0000,4,21,907.0319,-87.2997,1.0120,4,0.1000,1.0000,6,6,6,0,0,6,6,0.0000
4,80.0000,4,24,720.1534,-87.9690,-0.4470,6,0.1500,0.8750,8,8,8,0,0,8,8,0.0000
4,80.0000,4,26,875.0003,-88.7851,-0.1033,4,0.1000,1.0000,2,7,6,0,0,7,6,0.1429
4,80.0000,4,28,452.5041,-83.5401,0.5839,8,0.2000,0.8571,7,7,6,0,0,7,6,0.1429
4,80.0000,4,29,636.2597,-84.3526,-0.9138,7,0.1750,0.8750,8,8,8,0,0,8,8,0.0000
4,80.0000,4,30,644.8272,-85.7883,-1.1676,6,0.1500,0.6667,6,7,6,0,0,7,6,0.1429
4,80.0000,4,31,324.8208,-80.8194,0.3173,16,0.4000,0.8571,7,7,5,0,0,7,5,0.2857
4,80.0000,4,32,737.4100,-85.8705,-0.8574,9,0.2250,1.0000,6,8,8,0,0,8,8,0.0000
4,80.0000,4,33,250.7449,-77.3943,-0.1273,29,0.7250,0.7143,7,6,3,0,0,6,3,0.5000
4,80.0000,4,34,371.8439,-83.0033,0.0145,11,0.2750,0.8571,7,7,4,0,0,7,4,0.4286
4,80.0000,4,36,490.5953,-84.9868,1.6897,8,0.2000,0.7143,7,8,8,0,0,8,8,0.0000
4,80.0000,4,39,648.9174,-84.4115,-0.3567,8,0.2000,0.8571,7,10,10,0,0,10,10,0.0000
4,80.0000,4,40,859.8340,-88.0738,-2.2359,4,0.1000,1.0000,6,8,7,0,0,8,7,0.1250
4,80.0000,4,42,571.5971,-84.4553,-0.3757,9,0.2250,0.8571,7,8,6,0,0,8,6,0.2500
4,80.0000,4,44,476.0794,-82.8781,0.2274,8,0.2000,1.0000,8,8,8,0,0,8,8,0.0000
4,80.0000,4,46,825.0882,-87.4284,0.4260,5,0.1250,1.0000,8,2,1,0,0,2,1,0.5000
4,80.0000,4,47,907.1855,-87.4228,-1.3321,3,0.0750,1.0000,8,6,6,0,0,6,6,0.0000
4,80.0000,5,1,337.7838,-79.8520,-0.5101,27,0.6750,0.6667,6,5,2,0,0,5,2,0.6000
4,80.0000,5,2,497.5676,-82.1067,0.2036,16,0.4000,0.5714,7,6,4,0,0,6,4,0.3333
4,80.0000,5,4,420.7742,-83.3085,-0.0138,15,0.3750,0.6667,6,8,8,0,0,8,8,0.0000
4,80.0000,5,8,273.5406,-77.7048,-0.1269,30,0.7500,0.5000,6,6,3,0,0,6,3,0.5000
4,80.0000,5,9,770.8026,-85.9542,-0.3555,9,0.2250,0.9474,76,4,4,0,0,4,4,0.0000
4,80.0000,5,10,831.4397,-87.2706,-0.0257,5,0.1250,1.0000,8,8,8,0,0,8,8,0.0000
4,80.0000,5,11,309.5098,-78.3916,-0.3268,29,0.7250,0.8571,7,8,6,2,2,10,8,0.2000
4,80.0000,5,12,322.9531,-79.2170,0.1603,24,0.6000,0.8750,8,6,4,0,0,6,4,0.3333
4,80.0000,5,13,434.7529,-82.1907,0.5182,23,0.5750,0.8571,7,7,6,0,0,7,6,0.1429
4,80.0000,5,14,775.4272,-86.3547,0.6371,3,0.0750,1.0000,2,7,5,0,0,7,5,0.2857
4,80.0000,5,15,812.7210,-87.7891,1.7483,3,0.0750,1.0000,4,6,6,0,0,6,6,0.0000
4,80.0000,5,16,873.8237,-88.9435,-0.3023,3,0.0750,,0,5,4,0,0,5,4,0.2000
4,80.0000,5,17,222.0645,-76.7320,0.1409,29,0.7250,0.2000,5,7,6,0,0,7,6,0.1429
4,80.0000,5,18,645.6255,-83.4952,-0.6347,13,0.3250,0.9322,59,8,8,3,2,11,10,0.0909
4,80.0000,5,19,550.5742,-85.4562,1.7377,7,0.1750,0.9000,10,5,4,0,0,5,4,0.2000
4,80.0000,5,20,142.0563,-72.4620,0.4596,33,0.8250,0.0000,4,5,1,0,0,5,1,0.8000
4,80.0000,5,21,808.1173,-86.2793,0.8456,8,0.2000,1.0000,6,8,8,0,0,8,8,0.0000
4,80.0000,5,24,834.1203,-87.9192,-0.0448,3,0.0750,1.0000,6,8,7,0,0,8,7,0.1250
4,80.0000,5,25,977.4101,-87.0863,-0.2293,6,0.1500,1.0000,4,4,4,0,0,4,4,0.0000
4,80.0000,5,26,700.2680,-86.7663,0.8628,3,0.0750,1.0000,2,8,8,0,0,8,8,0.0000
4,80.0000,5,27,653.9927,-85.9131,0.7382,11,0.2750,0.8750,8,8,8,0,0,8,8,0.0000
4,80.0000,5,28,217.4652,-70.3721,-3.8590,33,0.8250,0.2000,5,7,4,0,0,7,4,0.4286
4,80.0000,5,29,679.3136,-85.1959,0.1448,7,0.1750,1.0000,8,7,6,0,0,7,6,0.1429
4,80.0000,5,30,330.0284,-81.7255,0.6391,17,0.4250,0.5000,6,6,2,0,0,6,2,0.6667
4,80.0000,5,31,229.9232,-77.0818,0.3487,30,0.7500,0.4286,7,5,2,0,0,5,2,0.6000
4,80.0000,5,32,822.0109,-87.5890,0.2481,9,0.2250,0.7500,8,6,6,0,0,6,6,0.0000
4,80.0000,5,33,523.6855,-84.8408,-0.0089,10,0.2500,1.0000,6,6,4,0,0,6,4,0.3333
4,80.0000,5,34,519.5274,-83.9784,-0.0869,18,0.4500,0.8571,7,8,7,0,0,8,7,0.1250
4,80.0000,5,36,373.5358,-79.7495,-0.8811,21,0.5250,0.5714,7,7,6,0,0,7,6,0.1429
4,80.0000,5,39,617.4905,-84.7430,-0.8264,16,0.4000,0.7500,8,7,6,0,0,7,6,0.1429
4,80.0000,5,40,746.6937,-86.1041,0.1747,10,0.2500,0.5714,7,2,2,0,0,2,2,0.0000
4,80.0000,5,42,700.5000,-87.5705,-0.3001,3,0.0750,1.0000,8,8,8,0,0,8,8,0.0000
4,80.0000,5,44,59.0827,-69.3612,2.8357,30,0.7500,0.2000,5,4,0,0,0,4,0,1.0000
4,80.0000,5,45,972.7933,-87.7532,-0.3411,7,0.1750,0.6667,3,2,1,0,0,2,1,0.5000
4,80.0000,5,46,789.6159,-87.2737,0.8273,5,0.1250,1.0000,8,6,6,0,0,6,6,0.0000
4,80.0000,6,0,361.1648,-81.5580,0.2728,22,0.5500,0.4000,5,4,1,0,0,4,1,0.7500
4,80.0000,6,3,515.5779,-84.7424,-0.7133,13,0.3250,0.4000,5,7,5,0,0,7,5,0.2857
4,80.0000,6,7,237.1943,-75.3884,-0.7061,33,0.8250,0.5000,6,4,0,0,0,4,0,1.0000
4,80.0000,6,10,479.5634,-83.5113,-0.5180,10,0.2500,0.6667,6,8,8,0,0,8,8,0.0000
4,80.0000,6,14,536.8214,-84.3439,0.8069,8,0.2000,0.8571,7,8,7,0,0,8,7,0.1250
4,80.0000,6,15,684.5407,-84.9093,-0.6345,11,0.2750,1.0000,8,8,8,0,0,8,8,0.0000
4,80.0000,6,16,552.1599,-84.4440,0.9877,6,0.1500,1.0000,8,8,7,0,0,8,7,0.1250
4,80.0000,6,22,470.7372,-82.6967,-0.3676,20,0.5000,0.4000,5,7,6,0,0,7,6,0.1429
4,80.0000,6,23,566.5131,-84.6291,0.4398,16,0.4000,0.7143,7,7,6,0,0,7,6,0.1429
4,80.0000,6,24,528.4980,-83.1719,-0.0109,13,0.3250,0.6667,6,8,8,0,0,8,8,0.0000
4,80.0000,6,29,662.9210,-87.2791,0.4741,4,0.1000,1.0000,8,8,8,0,0,8,8,0.0000
4,80.0000,6,37,136.4071,-71.9113,0.4070,37,0.9250,0.0000,4,4,0,0,0,4,0,1.0000
4,80.0000,6,38,244.1271,-74.7558,-1.0495,33,0.8250,0.0000,4,5,2,0,0,5,2,0.6000
4,80.0000,6,41,345.4818,-81.7908,0.9571,26,0.6500,0.7143,7,5,2,0,0,5,2,0.6000
4,80.0000,6,42,681.6428,-86.0649,-0.2696,4,0.1000,0.8571,7,8,8,0,0,8,8,0.0000
4,80.0000,6,43,455.2068,-82.8894,0.4110,21,0.5250,0.6667,6,7,5,0,0,7,5,0.2857
4,80.0000,6,46,494.2391,-84.1651,0.2174,10,0.2500,0.8571,7,8,8,0,0,8,8,0.0000
4,80.0000,6,47,454.5405,-83.0348,1.1097,11,0.2750,0.8571,7,8,8,0,0,8,8,0.0000
4,80.0000,7,0,357.9612,-81.4196,1.1216,21,0.5250,0.4000,5,5,1,0,0,5,1,0.8000
4,80.0000,7,3,682.7753,-84.1214,0.0077,14,0.3500,0.8750,8,8,8,0,0,8,8,0.0000
4,80.0000,7,6,237.1943,-75.0716,-0.1845,33,0.8250,0.3333,6,5,2,0,0,5,2,0.6000
4,80.0000,7,10,652.4236,-89.1206,0.1643,3,0.0750,1.0000,8,7,5,0,0,7,5,0.2857
4,80.0000,7,14,767.6188,-85.5303,0.4082,6,0.1500,1.0000,8,8,8,0,0,8,8,0.0000
4,80.0000,7,15,808.0908,-87.9650,-0.5515,4,0.1000,1.0000,6,8,8,0,0,8,8,0.0000
4,80.0000,7,16,678.5735,-85.5813,0.1020,4,0.1000,1.0000,8,8,8,0,0,8,8,0.0000
4,80.0000,7,22,483.4339,-82.9099,-0.1598,24,0.6000,0.8750,8,8,7,0,0,8,7,0.1250
4,80.0000,7,23,607.1462,-84.0669,0.0686,15,0.3750,1.0000,8,8,6,0,0,8,6,0.2500
4,80.0000,7,24,678.2508,-86.8921,-1.0747,4,0.1000,0.7143,7,8,7,0,0,8,7,0.1250
4,80.0000,7,37,136.5861,-70.3351,-0.2232,36,0.9000,0.2000,5,5,1,0,0,5,1,0.8000
4,80.0000,7,38,144.5304,-73.2409,0.5109,34,0.8500,0.0000,4,5,1,0,0,5,1,0.8000
4,80.0000,7,41,367.5498,-80.7999,-0.2969,31,0.7750,0.5000,6,4,0,0,0,4,0,1.0000
4,80.0000,7,42,841.6700,-87.2361,0.4232,5,0.1250,0.8571,7,7,6,0,0,7,6,0.1429
4,80.0000,7,43,470.4708,-83.8900,0.2123,12,0.3000,0.8571,7,6,3,0,0,6,3,0.5000
4,80.0000,7,46,714.4722,-86.1057,-1.7606,6,0.1500,1.0000,8,8,8,0,0,8,8,0.0000
4,80.0000,7,47,522.3294,-84.2892,1.5146,8,0.2000,1.0000,8,7,5,0,0,7,5,0.2857
4,80.0000,8,1,359.2201,-81.6998,0.5401,25,0.6250,0.5714,7,5,1,0,0,5,1,0.8000
4,80.0000,8,2,348.5019,-79.6371,-0.2203,29,0.7250,0.7143,7,8,6,0,0,8,6,0.2500
4,80.0000,8,4,506.2904,-82.2949,1.1784,12,0.3000,0.8571,7,6,6,0,0,6,6,0.0000
4,80.0000,8,5,273.5406,-77.9388,-0.1022,27,0.6750,0.3333,6,5,2,0,0,5,2,0.6000
4,80.0000,8,9,802.9032,-87.2371,-0.6550,10,0.2500,1.0000,8,3,2,0,0,3,2,0.3333
4,80.0000,8,11,406.2145,-81.5049,-0.8104,23,0.5750,0.3333,6,6,4,0,0,6,4,0.3333
4,80.0000,8,12,509.0199,-81.8860,-0.0973,15,0.3750,1.0000,8,8,8,0,0,8,8,0.0000
4,80.0000,8,13,475.6135,-84.0884,-0.8087,18,0.4500,0.7143,7,7,5,4,4,11,9,0.1818
4,80.0000,8,17,99.4494,-65.8119,0.7306,35,0.8750,0.2000,5,5,1,0,0,5,1,0.8000
4,80.0000,8,18,786.0089,-85.2088,-0.0878,12,0.3000,1.0000,8,5,4,0,0,5,4,0.2000
4,80.0000,8,19,752.3577,-86.8379,-0.9277,6,0.1500,0.8571,7,8,7,0,0,8,7,0.1250
4,80.0000,8,20,199.3729,-75.7916,-0.2943,30,0.7500,0.6667,6,7,4,0,0,7,4,0.4286
4,80.0000,8,21,706.1560,-86.7807,0.8375,7,0.1750,1.0000,6,8,8,0,0,8,8,0.0000
4,80.0000,8,25,976.8572,-87.7922,-0.6928,5,0.1250,1.0000,4,6,6,0,0,6,6,0.0000
4,80.0000,8,26,789.6782,-87.4152,-0.7256,8,0.2000,1.0000,6,8,8,0,0,8,8,0.0000
4,80.0000,8,27,549.2662,-85.4739,0.5062,15,0.3750,0.8750,8,6,4,0,0,6,4,0.3333
4,80.0000,8,28,342.5909,-78.8409,-0.3518,28,0.7000,0.5000,6,7,4,0,0,7,4,0.4286
4,80.0000,8,29,882.3665,-87.7015,-0.6220,3,0.0750,0.8750,8,8,8,0,0,8,8,0.0000
4,80.0000,8,30,343.4387,-81.5321,0.8548,21,0.5250,0.5714,7,8,5,0,0,8,5,0.3750
4,80.0000,8,31,436.0233,-81.2372,-0.4832,16,0.4000,0.6667,6,7,5,0,0,7,5,0.2857
4,80.0000,8,32,867.1220,-87.1013,-0.4243,8,0.2000,1.0000,8,8,8,0,0,8,8,0.0000
4,80.0000,8,33,659.1333,-85.6852,0.2809,9,0.2250,0.8571,7,7,6,0,0,7,6,0.1429
4,80.0000,8,34,666.4239,-84.9486,-1.4332,8,0.2000,0.7143,7,8,8,0,0,8,8,0.0000
4,80.0000,8,36,542.6682,-82.4909,0.3185,11,0.2750,0.9000,10,8,8,0,0,8,8,0.0000
4,80.0000,8,39,673.1976,-85.6079,0.4776,13,0.3250,1.0000,8,7,6,0,0,7,6,0.1429
4,80.0000,8,40,649.2244,-86.7838,0.2071,10,0.2500,1.0000,8,8,8,0,0,8,8,0.0000
4,80.0000,8,42,812.1499,-88.3147,0.4205,3,0.0750,1.0000,8,8,8,0,0,8,8,0.0000
4,80.0000,8,44,290.4960,-79.6454,0.2356,25,0.6250,0.4000,5,6,3,0,0,6,3,0.5000
4,80.0000,8,45,934.7736,-88.3210,0.2699,5,0.1250,1.0000,4,4,4,0,0,4,4,0.0000
4,80.0000,9,1,882.8486,-86.8386,-0.8543,3,0.0769,1.0000,8,3,2,0,0,3,2,0.3333
4,80.0000,9,2,691.5628,-85.1145,-1.0085,5,0.1282,0.8750,8,8,8,0,0,8,8,0.0000
4,80.0000,9,4,651.5759,-85.3188,1.0295,5,0.1282,1.0000,8,8,8,0,0,8,8,0.0000
4,80.0000,9,5,770.8026,-85.3607,-1.8946,5,0.1282,1.0000,8,8,8,0,0,8,8,0.0000
4,80.0000,9,8,802.9032,-85.8981,-0.0776,6,0.1538,1.0000,8,7,6,0,0,7,6,0.1429
4,80.0000,9,13,786.6791,-85.4924,0.4235,5,0.1282,1.0000,8,8,8,0,0,8,8,0.0000
4,80.0000,9,18,328.0846,-80.2980,0.7164,18,0.4615,1.0000,8,7,5,0,0,7,5,0.2857
4,80.0000,9,19,833.8478,-87.2766,-2.3059,3,0.0769,0.8750,8,8,8,0,0,8,8,0.0000
4,80.0000,9,20,853.1910,-88.1475,0.1077,3,0.0769,1.0000,8,8,8,0,0,8,8,0.0000
4,80.0000,9,21,546.6041,-83.5913,-0.2029,12,0.3077,0.6667,6,8,8,0,0,8,8,0.0000
4,80.0000,9,25,571.1943,-83.6057,0.7540,11,0.2821,1.0000,8,7,6,0,0,7,6,0.1429
4,80.0000,9,27,686.0270,-85.9910,0.1934,8,0.2051,0.8571,7,7,5,0,0,7,5,0.2857
4,80.0000,9,28,583.7192,-84.7388,-0.5003,5,0.1282,1.0000,8,8,8,0,0,8,8,0.0000
4,80.0000,9,32,108.1285,-70.8183,0.7907,32,0.8205,0.2000,5,4,0,0,0,4,0,1.0000
4,80.0000,9,33,872.8528,-87.9665,-0.0841,3,0.0769,1.0000,4,8,8,0,0,8,8,0.0000
4,80.0000,9,34,399.4540,-78.0469,-0.4485,16,0.4103,0.5000,4,7,6,0,0,7,6,0.1429
4,80.0000,9,35,525.6517,-85.1579,0.1209,13,0.3333,0.8571,7,7,5,0,0,7,5,0.2857
4,80.0000,9,36,492.8667,-82.1934,0.6238,8,0.2051,0.8750,8,8,7,0,0,8,7,0.1250
4,80.0000,9,39,258.3398,-77.0726,-0.2407,22,0.5641,0.0588,17,4,0,0,0,4,0,1.0000
4,80.0000,9,40,534.1445,-86.0897,0.8274,9,0.2308,0.7143,7,6,3,0,0,6,3,0.5000
4,80.0000,9,45,416.0489,-81.0978,0.0614,18,0.4615,0.6667,6,5,2,0,0,5,2,0.6000
4,80.0000,10,0,440.3461,-83.0789,0.7778,24,0.6000,0.8750,8,7,5,0,0,7,5,0.2857
4,80.0000,10,3,721.1249,-86.5859,0.6244,12,0.3000,1.0000,6,6,5,0,0,6,5,0.1667
4,80.0000,10,4,760.5362,-88.5438,0.3565,3,0.0750,1.0000,8,7,6,0,0,7,6,0.1429
4,80.0000,10,6,479.5634,-85.1612,0.7526,15,0.3750,0.8571,7,7,4,0,0,7,4,0.4286
4,80.0000,10,7,652.4236,-86.1474,-0.7740,13,0.3250,1.0000,6,7,6,0,0,7,6,0.1429
4,80.0000,10,12,534.9607,-84.3791,0.0292,6,0.1500,0.8750,8,6,6,0,0,6,6,0.0000
4,80.0000,10,14,329.3295,-80.2995,0.5404,25,0.6250,0.2000,5,6,3,0,0,6,3,0.5000
4,80.0000,10,15,262.8853,-77.9563,0.5560,32,0.8000,0.4000,5,8,6,0,0,8,6,0.2500
4,80.0000,10,16,156.7506,-76.5618,0.8026,34,0.8500,0.2000,5,4,0,0,0,4,0,1.0000
4,80.0000,10,19,559.2974,-84.3876,-0.5399,5,0.1250,0.8571,7,7,5,0,0,7,5,0.2857
4,80.0000,10,22,770.9363,-87.2454,0.3869,9,0.2250,,0,4,4,0,0,4,4,0.0000
4,80.0000,10,23,841.3675,-87.1462,0.6205,6,0.1500,1.0000,4,6,6,0,0,6,6,0.0000
4,80.0000,10,24,86.2805,-68.4440,1.4242,36,0.9000,0.0000,4,5,1,0,0,5,1,0.8000
4,80.0000,10,26,551.9303,-82.1230,0.5624,11,0.2750,0.8571,7,8,8,0,0,8,8,0.0000
4,80.0000,10,28,1002.5595,-88.1435,-0.8211,3,0.0750,0.8000,5,2,2,0,0,2,2,0.0000
4,80.0000,10,29,210.5353,-75.4064,0.2732,27,0.6750,0.0000,4,4,0,0,0,4,0,1.0000
4,80.0000,10,30,813.7733,-86.4413,-0.2484,3,0.0750,0.7143,7,8,8,0,0,8,8,0.0000
4,80.0000,10,31,614.4048,-83.9458,-2.5687,4,0.1000,0.9355,62,10,9,0,0,10,9,0.1000
4,80.0000,10,33,523.3608,-82.9958,0.5616,13,0.3250,0.7143,7,7,6,0,0,7,6,0.1429
4,80.0000,10,37,548.0899,-84.8017,0.7679,17,0.4250,0.8571,7,7,5,0,0,7,5,0.2857
4,80.0000,10,38,633.6564,-85.6972,0.4349,11,0.2750,1.0000,8,4,2,0,0,4,2,0.5000
4,80.0000,10,41,721.7261,-87.6194,-0.0410,10,0.2500,0.8750,8,8,7,0,0,8,7,0.1250
4,80.0000,10,42,267.5187,-77.0773,-0.1860,30,0.7500,0.2000,5,8,7,0,0,8,7,0.1250
4,80.0000,10,43,475.8521,-83.2084,0.5236,18,0.4500,0.8750,8,4,0,0,0,4,0,1.0000
4,80.0000,10,44,863.7697,-88.4972,-0.3831,3,0.0750,1.0000,8,8,8,0,0,8,8,0.0000
4,80.0000,10,46,249.4695,-78.7642,0.6192,27,0.6750,0.2000,5,5,2,0,0,5,2,0.6000
4,80.0000,10,47,283.0677,-79.4333,0.6041,28,0.7000,0.6250,8,5,1,0,0,5,1,0.8000
4,80.0000,11,1,197.0202,-72.5447,-1.0376,35,0.8750,0.5000,6,5,1,0,0,5,1,0.8000
4,80.0000,11,2,371.8428,-82.5450,0.4194,24,0.6000,0.8571,7,8,7,0,0,8,7,0.1250
4,80.0000,11,4,651.7563,-86.7241,-0.4670,10,0.2500,0.8750,8,8,8,0,0,8,8,0.0000
4,80.0000,11,5,309.5098,-78.2931,-0.6133,28,0.7000,0.7143,7,7,6,0,0,7,6,0.1429
4,80.0000,11,8,406.2145,-81.4129,-0.1267,24,0.6000,0.4000,5,6,3,0,0,6,3,0.5000
4,80.0000,11,9,715.2380,-85.1214,0.1257,12,0.3000,0.6667,3,8,7,0,0,8,7,0.1250
4,80.0000,11,10,1112.2326,-88.7947,0.0500,5,0.1250,1.0000,2,8,8,0,0,8,8,0.0000
4,80.0000,11,12,613.7962,-84.2516,0.4838,16,0.4000,0.8571,7,7,6,0,0,7,6,0.1429
4,80.0000,11,13,142.8846,-74.4165,0.8769,35,0.8750,0.0000,5,5,1,1,0,6,1,0.8333
4,80.0000,11,14,1035.7408,-88.8334,-0.6300,5,0.1250,1.0000,2,6,6,0,0,6,6,0.0000
4,80.0000,11,16,1155.2547,-88.9262,0.2617,4,0.1000,1.0000,6,2,2,0,0,2,2,0.0000
4,80.0000,11,17,349.7382,-80.3952,-0.7555,24,0.6000,0.5714,7,5,1,0,0,5,1,0.8000
4,80.0000,11,18,587.9663,-85.6131,0.8755,17,0.4250,0.8571,7,8,8,0,0,8,8,0.0000
4,80.0000,11,19,776.0715,-87.4071,-0.4412,7,0.1750,1.0000,6,8,8,0,0,8,8,0.0000
4,80.0000,11,20,312.5146,-79.6914,-0.3182,29,0.7250,0.2000,5,6,3,0,0,6,3,0.5000
4,80.0000,11,21,631.7824,-85.8402,0.6098,19,0.4750,1.0000,8,7,6,0,0,7,6,0.1429
4,80.0000,11,25,737.2783,-87.7962,0.8708,10,0.2500,1.0000,4,7,6,0,0,7,6,0.1429
4,80.0000,11,26,942.4418,-88.1072,0.4405,8,0.2000,,0,6,6,0,0,6,6,0.0000
4,80.0000,11,27,441.7097,-84.6410,0.5034,23,0.5750,0.4000,5,5,1,0,0,5,1,0.8000
4,80.0000,11,28,206.8605,-77.5850,0.8617,33,0.8250,0.5000,6,4,0,0,0,4,0,1.0000
4,80.0000,11,29,940.3168,-87.9745,-0.3782,5,0.1250,1.0000,8,2,2,0,0,2,2,0.0000
4,80.0000,11,30,530.7359,-84.2198,0.4070,20,0.5000,0.8571,7,5,2,0,0,5,2,0.6000
4,80.0000,11,31,521.6781,-83.4790,0.3148,18,0.4500,0.4000,5,6,3,0,0,6,3,0.5000
4,80.0000,11,32,731.0096,-87.1071,0.1317,14,0.3500,1.0000,8,8,8,0,0,8,8,0.0000
4,80.0000,11,33,799.1586,-88.3597,0.4840,4,0.1000,1.0000,8,8,7,0,0,8,7,0.1250
4,80.0000,11,34,581.1703,-84.7584,-0.1188,17,0.4250,1.0000,8,7,6,0,0,7,6,0.1429
4,80.0000,11,35,843.3441,-87.8285,-0.1632,6,0.1500,1.0000,8,2,2,0,0,2,2,0.0000
4,80.0000,11,36,320.6560,-78.9696,-0.2978,30,0.7500,0.4000,5,6,4,0,0,6,4,0.3333
4,80.0000,11,39,486.3795,-83.3459,0.5019,21,0.5250,0.8571,7,8,6,0,0,8,6,0.2500
4,80.0000,11,40,569.8207,-85.7244,0.9629,14,0.3500,1.0000,8,8,7,0,0,8,7,0.1250
4,80.0000,11,44,265.3102,-78.7597,0.3048,34,0.8500,0.5000,6,5,1,0,0,5,1,0.8000
4,80.0000,12,1,651.9209,-85.1256,-0.3245,8,0.2000,0.8571,7,7,6,0,0,7,6,0.1429
4,80.0000,12,2,790.7095,-85.9533,-0.4133,10,0.2500,1.0000,10,8,8,0,0,8,8,0.0000
4,80.0000,12,3,1064.8359,-89.1468,-0.1193,5,0.1250,1.0000,2,4,4,0,0,4,4,0.0000
4,80.0000,12,4,311.8525,-80.0556,0.4480,28,0.7000,0.5000,6,6,3,0,0,6,3,0.5000
4,80.0000,12,5,322.9531,-78.5230,-0.2641,20,0.5000,1.0000,8,8,8,0,0,8,8,0.0000
4,80.0000,12,8,509.0199,-82.5369,-0.3241,18,0.4500,0.8750,8,6,4,0,0,6,4,0.3333
4,80.0000,12,9,883.4596,-86.7089,-0.4156,10,0.2500,1.0000,2,4,4,0,0,4,4,0.0000
4,80.0000,12,10,534.9607,-84.4313,-0.9011,11,0.2750,0.8571,7,8,8,0,0,8,8,0.0000
4,80.0000,12,11,613.7962,-84.4070,0.0821,12,0.3000,1.0000,8,8,8,0,0,8,8,0.0000
4,80.0000,12,13,748.1702,-86.6156,0.1245,10,0.2500,1.0000,8,5,4,0,0,5,4,0.2000
4,80.0000,12,14,574.4776,-85.3922,0.2553,11,0.2750,0.8750,8,8,8,0,0,8,8,0.0000
4,80.0000,12,15,497.9771,-84.8852,1.0456,11,0.2750,0.5000,4,7,4,0,0,7,4,0.4286
4,80.0000,12,16,556.5243,-86.6053,-0.1744,8,0.2000,1.0000,8,8,7,0,0,8,7,0.1250
4,80.0000,12,17,471.7369,-82.4257,0.0094,14,0.3500,0.8571,7,8,8,0,0,8,8,0.0000
4,80.0000,12,18,735.2014,-85.8163,0.4755,12,0.3000,0.8750,8,4,4,0,0,4,4,0.0000
4,80.0000,12,19,302.3497,-80.6322,0.9776,25,0.6250,0.5000,6,5,2,0,0,5,2,0.6000
4,80.0000,12,20,425.6223,-81.5710,-1.0144,19,0.4750,0.7500,8,7,6,0,0,7,6,0.1429
4,80.0000,12,24,523.5572,-84.6326,0.3294,12,0.3000,0.6667,6,7,5,0,0,7,5,0.2857
4,80.0000,12,26,595.8397,-86.3106,-0.4548,9,0.2250,1.0000,6,8,8,0,0,8,8,0.0000
4,80.0000,12,27,954.2269,-89.1518,0.4858,3,0.0750,1.0000,2,8,8,0,0,8,8,0.0000
4,80.0000,12,28,475.7084,-81.7128,-0.4593,18,0.4500,0.6667,6,7,6,0,0,7,6,0.1429
4,80.0000,12,29,390.7672,-80.6983,-0.8791,16,0.4000,0.5000,6,7,5,0,0,7,5,0.2857
4,80.0000,12,30,460.7170,-82.1269,-0.7642,17,0.4250,0.8571,7,7,6,0,0,7,6,0.1429
4,80.0000,12,31,94.2833,-66.1841,-0.7961,34,0.8500,0.0000,4,4,0,0,0,4,0,1.0000
4,80.0000,12,32,949.1276,-87.1891,-0.7123,6,0.1500,1.0000,8,2,2,0,0,2,2,0.0000
4,80.0000,12,33,242.9990,-79.2014,0.7928,22,0.5500,0.5000,6,5,1,0,0,5,1,0.8000
4,80.0000,12,34,536.1961,-84.7716,-0.3126,11,0.2750,0.6250,8,3,0,0,0,3,0,1.0000
4,80.0000,12,36,538.3917,-85.0487,-0.8820,12,0.3000,0.7143,7,8,6,0,0,8,6,0.2500
4,80.0000,12,39,802.1935,-85.7520,-0.0312,7,0.1750,0.8571,7,5,4,0,0,5,4,0.2000
4,80.0000,12,40,1008.6509,-87.8179,0.5821,3,0.0750,1.0000,4,6,6,0,0,6,6,0.0000
4,80.0000,12,42,403.2232,-84.0489,0.2038,13,0.3250,0.7500,8,8,7,0,0,8,7,0.1250
4,80.0000,12,43,914.7966,-87.8900,0.3752,4,0.1000,1.0000,6,2,2,0,0,2,2,0.0000
4,80.0000,12,44,367.8859,-79.4878,-0.8984,23,0.5750,0.4444,9,5,4,0,0,5,4,0.2000
4,80.0000,12,46,555.6776,-85.4569,1.2026,8,0.2000,0.6250,8,8,8,0,0,8,8,0.0000
4,80.0000,12,47,752.3333,-85.7990,0.0120,5,0.1250,1.0000,8,8,8,0,0,8,8,0.0000
4,80.0000,13,1,190.0228,-73.3021,-0.2234,32,0.8000,0.5000,6,4,0,0,0,4,0,1.0000
4,80.0000,13,2,356.3432,-81.0019,1.9240,15,0.3750,0.8750,8,5,2,0,0,5,2,0.6000
4,80.0000,13,4,785.3260,-86.5823,0.3946,3,0.0750,1.0000,8,7,5,0,0,7,5,0.2857
4,80.0000,13,5,434.7529,-83.0498,0.6292,10,0.2500,0.8750,8,7,6,0,0,7,6,0.1429
4,80.0000,13,8,475.6135,-84.0850,-0.0097,9,0.2250,1.0000,8,8,8,0,0,8,8,0.0000
4,80.0000,13,9,786.6791,-87.8477,0.1330,6,0.1500,1.0000,8,6,6,0,0,6,6,0.0000
4,80.0000,13,11,142.8846,-74.4188,0.6891,31,0.7750,0.0000,4,4,0,0,0,4,0,1.0000
4,80.0000,13,12,748.1702,-87.2975,-1.4491,5,0.1250,1.0000,8,8,7,0,0,8,7,0.1250
4,80.0000,13,14,1137.4798,-88.4926,-0.0197,3,0.0750,1.0000,4,4,4,0,0,4,4,0.0000
4,80.0000,13,17,438.7293,-82.1142,-0.2554,13,0.3250,1.0000,8,7,6,0,0,7,6,0.1429
4,80.0000,13,18,682.5907,-87.6241,0.0657,9,0.2250,1.0000,8,7,5,0,0,7,5,0.2857
4,80.0000,13,19,918.6977,-88.9410,0.2189,4,0.1000,1.0000,8,7,6,0,0,7,6,0.1429
4,80.0000,13,20,401.7692,-81.5865,-0.0867,13,0.3250,0.8750,8,7,5,0,0,7,5,0.2857
4,80.0000,13,21,604.7235,-85.9998,-0.3100,13,0.3250,1.0000,8,7,6,0,0,7,6,0.1429
4,80.0000,13,25,702.9603,-85.9569,-0.9531,12,0.3000,0.7143,7,7,6,0,0,7,6,0.1429
4,80.0000,13,27,379.3263,-82.1187,-0.1636,23,0.5750,0.5000,6,7,4,0,0,7,4,0.4286
4,80.0000,13,28,339.0175,-81.8997,0.0954,13,0.3250,0.8889,9,8,6,0,0,8,6,0.2500
4,80.0000,13,30,597.5220,-84.9361,-1.8449,9,0.2250,0.7143,7,6,3,0,0,6,3,0.5000
4,80.0000,13,31,654.7415,-86.1832,0.2077,9,0.2250,0.8571,7,8,8,0,0,8,8,0.0000
4,80.0000,13,32,791.4517,-86.6364,0.5096,6,0.1500,1.0000,8,8,7,0,0,8,7,0.1250
4,80.0000,13,33,938.1981,-89.1727,-0.1100,5,0.1250,1.0000,4,8,8,0,0,8,8,0.0000
4,80.0000,13,34,706.0171,-87.0085,-1.1843,4,0.1000,1.0000,8,7,6,0,0,7,6,0.1429
4,80.0000,13,35,844.7119,-87.2218,-0.7941,7,0.1750,0.8750,8,8,6,0,0,8,6,0.2500
4,80.0000,13,36,440.7368,-81.6654,-0.2126,14,0.3500,0.7143,7,7,6,0,0,7,6,0.1429
4,80.0000,13,39,544.7791,-84.0646,0.5898,9,0.2250,1.0000,8,6,4,0,0,6,4,0.3333
4,80.0000,13,40,545.6391,-84.2798,1.2393,11,0.2750,0.8571,7,6,4,0,0,6,4,0.3333
4,80.0000,13,44,387.2149,-82.9090,0.2961,14,0.3500,0.8750,8,8,8,0,0,8,8,0.0000
4,80.0000,13,45,800.0701,-87.2353,0.1477,8,0.2000,1.0000,4,8,8,0,0,8,8,0.0000
4,80.0000,14,0,667.6570,-85.6811,-0.0333,7,0.1750,1.0000,8,8,8,0,0,8,8,0.0000
4,80.0000,14,3,534.5741,-83.8027,-0.3672,19,0.4750,0.6667,6,5,2,0,0,5,2,0.6000
4,80.0000,14,6,536.8214,-85.5197,-0.2828,8,0.2000,1.0000,8,7,6,0,0,7,6,0.1429
4,80.0000,14,7,767.6188,-87.8856,0.3141,5,0.1250,0.8750,8,8,7,0,0,8,7,0.1250
4,80.0000,14,10,329.3295,-81.1609,-0.3239,18,0.4500,0.6667,6,7,6,0,0,7,6,0.1429
4,80.0000,14,12,574.4776,-86.2487,-1.8034,4,0.1000,0.5714,7,6,4,0,0,6,4,0.3333
4,80.0000,14,15,559.4072,-83.8950,-0.9609,12,0.3000,0.8889,9,6,6,0,0,6,6,0.0000
4,80.0000,14,16,483.6733,-84.3205,0.8340,8,0.2000,0.8571,7,7,6,0,0,7,6,0.1429
4,80.0000,14,20,800.3647,-87.0244,-1.1565,3,0.0750,1.0000,4,8,7,0,0,8,7,0.1250
4,80.0000,14,22,772.4761,-86.4027,0.2094,9,0.2250,1.0000,6,8,7,0,0,8,7,0.1250
4,80.0000,14,23,795.1436,-87.4847,-0.7218,8,0.2000,1.0000,2,6,6,0,0,6,6,0.0000
4,80.0000,14,24,408.7143,-80.8841,0.1327,16,0.4000,0.6667,6,5,2,0,0,5,2,0.6000
4,80.0000,14,26,254.7374,-78.1155,0.8189,26,0.6500,0.6667,6,4,0,0,0,4,0,1.0000
4,80.0000,14,29,383.4312,-82.6783,0.4720,12,0.3000,1.0000,8,7,4,0,0,7,4,0.4286
4,80.0000,14,30,644.2958,-85.8900,-0.8650,4,0.1000,0.8750,8,8,8,0,0,8,8,0.0000
4,80.0000,14,31,616.3461,-85.7506,-0.6659,3,0.0750,0.8571,7,8,8,0,0,8,8,0.0000
4,80.0000,14,33,682.2834,-86.8141,-2.1398,3,0.0750,1.0000,8,8,8,0,0,8,8,0.0000
4,80.0000,14,37,645.4109,-86.0889,0.7458,9,0.2250,1.0000,8,7,5,0,0,7,5,0.2857
4,80.0000,14,38,734.3268,-85.4566,-1.3021,9,0.2250,1.0000,8,7,6,0,0,7,6,0.1429
4,80.0000,14,41,716.3686,-86.5633,0.5988,9,0.2250,0.7500,8,7,6,0,0,7,6,0.1429
4,80.0000,14,42,425.2642,-83.1512,0.7188,10,0.2500,0.6667,6,7,5,0,0,7,5,0.2857
4,80.0000,14,43,680.7325,-85.0306,-0.5852,9,0.2250,0.8571,7,7,6,0,0,7,6,0.1429
4,80.0000,14,46,104.6791,-70.4012,0.2526,30,0.7500,0.2000,5,5,2,0,0,5,2,0.6000
4,80.0000,14,47,588.3199,-84.0789,0.0045,10,0.2500,1.0000,8,6,6,0,0,6,6,0.0000
4,80.0000,15,0,546.7726,-83.2401,-0.4926,19,0.4750,0.5714,7,8,7,0,0,8,7,0.1250
4,80.0000,15,4,649.6956,-85.4644,0.2949,4,0.1000,1.0000,8,8,7,0,0,8,7,0.1250
4,80.0000,15,6,684.5407,-86.1055,1.4725,14,0.3500,0.8750,8,8,8,0,0,8,8,0.0000
4,80.0000,15,7,808.0908,-85.4446,0.7094,8,0.2000,0.8750,8,8,8,0,0,8,8,0.0000
4,80.0000,15,10,262.8853,-77.4492,-0.4699,24,0.6000,0.2000,5,7,6,0,0,7,6,0.1429
4,80.0000,15,14,559.4072,-83.8295,0.7505,10,0.2500,1.0000,8,7,5,0,0,7,5,0.2857
4,80.0000,15,16,157.9254,-67.6134,-2.2186,35,0.8750,0.1667,6,5,2,0,0,5,2,0.6000
4,80.0000,15,19,378.4745,-82.3111,0.1837,10,0.2500,1.0000,8,8,7,0,0,8,7,0.1250
4,80.0000,15,22,986.8700,-86.9014,1.4806,4,0.1000,1.0000,6,4,4,0,0,4,4,0.0000
4,80.0000,15,24,195.9666,-76.7149,0.8027,28,0.7000,0.2000,5,4,0,0,0,4,0,1.0000
4,80.0000,15,29,220.1555,-77.2307,1.5327,25,0.6250,0.7143,7,5,2,0,0,5,2,0.6000
4,80.0000,15,31,585.4140,-86.6503,-2.1082,4,0.1000,0.6667,6,7,5,0,0,7,5,0.2857
4,80.0000,15,33,407.3907,-82.3473,0.5607,16,0.4000,0.7500,8,7,6,0,0,7,6,0.1429
4,80.0000,15,37,731.1932,-86.2663,0.0830,12,0.3000,1.0000,8,8,7,0,0,8,7,0.1250
4,80.0000,15,38,809.2063,-86.1664,-1.2236,13,0.3250,0.8571,7,8,8,0,0,8,8,0.0000
4,80.0000,15,41,944.2554,-88.9466,-0.7719,4,0.1000,,0,4,4,0,0,4,4,0.0000
4,80.0000,15,42,347.2609,-80.3833,0.3365,23,0.5750,0.5000,6,7,4,0,0,7,4,0.4286
4,80.0000,15,43,590.7212,-83.9076,-0.9390,18,0.4500,0.7143,7,8,8,0,0,8,8,0.0000
4,80.0000,15,46,492.9185,-83.5458,-0.6646,13,0.3250,1.0000,8,8,6,0,0,8,6,0.2500
4,80.0000,15,47,314.5373,-76.1679,-1.6324,31,0.7750,0.4000,5,7,6,0,0,7,6,0.1429
4,80.0000,16,0,407.1435,-83.1109,-0.0838,25,0.6250,0.5000,6,7,4,0,0,7,4,0.4286
4,80.0000,16,3,848.2851,-88.3680,-0.4993,5,0.1250,1.0000,6,4,4,0,0,4,4,0.0000
4,80.0000,16,4,726.8794,-86.3166,-0.7484,4,0.1000,1.0000,8,8,8,0,0,8,8,0.0000
4,80.0000,16,6,552.1599,-85.5016,1.0866,14,0.3500,0.6667,6,7,6,0,0,7,6,0.1429
4,80.0000,16,7,678.5735,-86.8257,0.7822,13,0.3250,1.0000,8,6,3,0,0,6,3,0.5000
4,80.0000,16,10,156.7506,-76.5144,1.2748,29,0.7250,0.0000,5,4,0,0,0,4,0,1.0000
4,80.0000,16,12,556.5243,-84.8039,0.1767,4,0.1000,1.0000,18,8,8,0,0,8,8,0.0000
4,80.0000,16,14,483.6733,-84.8172,0.0659,15,0.3750,0.5714,7,7,6,0,0,7,6,0.1429
4,80.0000,16,15,157.9254,-67.6413,-2.1345,36,0.9000,0.0000,4,6,4,0,0,6,4,0.3333
4,80.0000,16,19,506.3312,-82.4847,0.3633,14,0.3500,0.7500,8,8,8,0,0,8,8,0.0000
4,80.0000,16,22,829.4505,-87.6331,-0.7661,7,0.1750,,0,6,5,0,0,6,5,0.1667
4,80.0000,16,23,913.9184,-87.4701,-0.0393,8,0.2000,,0,4,4,0,0,4,4,0.0000
4,80.0000,16,24,75.6959,-72.8513,3.5540,31,0.7750,0.2000,5,4,0,0,0,4,0,1.0000
4,80.0000,16,26,693.4350,-85.4916,0.4942,6,0.1500,1.0000,8,8,8,0,0,8,8,0.0000
4,80.0000,16,29,255.9154,-78.5237,-0.2305,25,0.6250,0.7143,7,5,1,0,0,5,1,0.8000
4,80.0000,16,31,645.7843,-84.3638,-1.2157,6,0.1500,1.0000,8,8,8,6,6,14,14,0.0000
4,80.0000,16,33,477.0225,-81.5835,-1.2747,16,0.4000,0.8571,7,8,8,0,0,8,8,0.0000
4,80.0000,16,37,591.2737,-85.6388,0.4208,14,0.3500,1.0000,8,7,6,0,0,7,6,0.1429
4,80.0000,16,38,664.6634,-86.1273,0.2886,15,0.3750,0.8571,7,8,8,0,0,8,8,0.0000
4,80.0000,16,41,791.2674,-87.7669,1.2661,6,0.1500,1.0000,8,7,6,0,0,7,6,0.1429
4,80.0000,16,42,281.0729,-78.0334,-0.0718,25,0.6250,0.2000,5,6,2,0,0,6,2,0.6667
4,80.0000,16,43,444.0337,-82.7139,0.2642,22,0.5500,0.7143,7,5,1,0,0,5,1,0.8000
4,80.0000,16,46,399.7813,-83.3998,0.6131,17,0.4250,0.8000,5,6,3,0,0,6,3,0.5000
4,80.0000,16,47,196.7727,-74.9127,-0.3066,34,0.8500,0.4000,5,5,1,0,0,5,1,0.8000
4,80.0000,17,1,352.7375,-80.6813,0.0032,20,0.5000,0.2000,5,7,5,2,2,9,7,0.2222
4,80.0000,17,2,331.7186,-80.2281,0.7650,25,0.6250,0.4000,5,6,3,11,9,17,12,0.2941
4,80.0000,17,4,443.9007,-83.6794,0.0478,11,0.2750,0.7143,7,8,8,0,0,8,8,0.0000
4,80.0000,17,5,222.0645,-76.2752,0.3969,24,0.6000,0.2000,5,6,2,0,0,6,2,0.6667
4,80.0000,17,8,99.4494,-65.4025,0.9247,34,0.8500,0.0000,4,5,2,0,0,5,2,0.6000
4,80.0000,17,9,713.2368,-85.5212,0.8608,11,0.2750,1.0000,8,8,8,0,0,8,8,0.0000
4,80.0000,17,11,349.7382,-80.1045,0.4624,19,0.4750,0.6667,6,8,8,2,2,10,10,0.0000
4,80.0000,17,12,471.7369,-81.8860,-0.0938,11,0.2750,0.8571,7,6,3,0,0,6,3,0.5000
4,80.0000,17,13,438.7293,-83.6215,-0.0780,18,0.4500,0.8889,72,7,6,18,10,25,16,0.3600
4,80.0000,17,18,686.7339,-85.0675,1.0608,9,0.2250,1.0000,8,8,8,0,0,8,8,0.0000
4,80.0000,17,19,689.0339,-87.1207,1.2527,5,0.1250,1.0000,8,8,8,0,0,8,8,0.0000
4,80.0000,17,20,197.7496,-73.6601,-0.2406,30,0.7500,0.0000,4,6,3,0,0,6,3,0.5000
4,80.0000,17,21,660.7693,-86.0277,0.5901,12,0.3000,1.0000,8,7,6,0,0,7,6,0.1429
4,80.0000,17,25,908.7063,-88.3630,0.2247,4,0.1000,,0,6,6,0,0,6,6,0.0000
4,80.0000,17,27,520.7641,-84.6707,0.6104,21,0.5250,1.0000,8,8,7,0,0,8,7,0.1250
4,80.0000,17,28,251.3714,-77.2250,-0.3013,24,0.6000,0.7500,8,6,2,0,0,6,2,0.6667
4,80.0000,17,29,855.3793,-87.5171,-0.3605,8,0.2000,1.0000,8,8,8,0,0,8,8,0.0000
4,80.0000,17,30,392.9474,-81.4926,-0.6118,18,0.4500,0.5714,7,7,3,0,0,7,3,0.5714
4,80.0000,17,31,395.1976,-80.9765,-0.1990,13,0.3250,0.8571,7,6,4,0,0,6,4,0.3333
4,80.0000,17,32,776.0733,-85.9917,0.5709,8,0.2000,0.8750,8,8,8,0,0,8,8,0.0000
4,80.0000,17,33,615.4898,-84.8627,0.6067,5,0.1250,1.0000,8,8,8,0,0,8,8,0.0000
4,80.0000,17,34,570.0099,-84.5821,-0.3961,7,0.1750,0.8571,7,7,6,0,0,7,6,0.1429
4,80.0000,17,36,447.4352,-82.3139,-0.4622,15,0.3750,0.8571,7,7,5,0,0,7,5,0.2857
4,80.0000,17,39,581.8764,-83.8371,-0.1881,14,0.3500,0.8571,7,6,5,0,0,6,5,0.1667
4,80.0000,17,40,602.4337,-85.1004,0.3604,13,0.3250,0.8750,8,8,7,0,0,8,7,0.1250
4,80.0000,17,42,807.1078,-89.0516,0.4482,4,0.1000,0.6667,3,8,8,0,0,8,8,0.0000
4,80.0000,17,44,243.5739,-77.5366,0.9738,26,0.6500,0.4000,5,4,0,0,0,4,0,1.0000
4,80.0000,17,45,866.0671,-87.7087,0.7777,7,0.1750,1.0000,4,8,8,0,0,8,8,0.0000
4,80.0000,18,1,779.7675,-85.3466,-1.2259,9,0.2250,1.0000,8,8,8,0,0,8,8,0.0000
4,80.0000,18,2,738.8572,-85.3337,-0.8149,7,0.1750,1.0000,6,8,7,0,0,8,7,0.1250
4,80.0000,18,4,600.2283,-85.1407,0.0905,4,0.1000,1.0000,8,7,6,0,0,7,6,0.1429
4,80.0000,18,5,645.6255,-83.4961,-1.6172,10,0.2500,0.5714,7,8,8,0,0,8,8,0.0000
4,80.0000,18,8,786.0089,-84.5913,-0.3028,6,0.1500,1.0000,8,8,8,0,0,8,8,0.0000
4,80.0000,18,9,328.0846,-79.1340,0.1670,28,0.7000,0.5714,7,5,1,0,0,5,1,0.8000
4,80.0000,18,11,587.9663,-84.3062,-2.1481,12,0.3000,0.8571,7,8,8,0,0,8,8,0.0000
4,80.0000,18,12,735.2014,-86.3047,2.6143,3,0.0750,0.8750,8,8,8,0,0,8,8,0.0000
4,80.0000,18,13,682.5907,-85.8631,-0.7906,6,0.1500,1.0000,8,8,8,0,0,8,8,0.0000
4,80.0000,18,17,686.7339,-86.1567,-1.6410,9,0.2250,1.0000,8,8,7,0,0,8,7,0.1250
4,80.0000,18,19,653.1825,-84.7042,-0.4135,7,0.1750,1.0000,8,8,7,0,0,8,7,0.1250
4,80.0000,18,20,756.4659,-87.0366,-0.8532,5,0.1250,1.0000,8,8,8,0,0,8,8,0.0000
4,80.0000,18,21,714.9175,-85.9555,0.1310,6,0.1500,1.0000,8,6,6,0,0,6,6,0.0000
4,80.0000,18,25,653.0176,-86.4798,-0.3832,11,0.2750,1.0000,8,7,5,0,0,7,5,0.2857
4,80.0000,18,27,748.5255,-86.5183,-0.6310,9,0.2250,1.0000,8,8,8,0,0,8,8,0.0000
4,80.0000,18,28,472.2734,-82.2986,-0.9295,14,0.3500,0.8571,7,8,8,0,0,8,8,0.0000
4,80.0000,18,31,695.8818,-84.7529,3.4480,3,0.0750,1.0000,6,8,8,0,0,8,8,0.0000
4,80.0000,18,32,316.2151,-80.2153,-0.0812,18,0.4500,0.5000,8,5,2,0,0,5,2,0.6000
4,80.0000,18,34,237.1244,-73.5428,-1.4660,35,0.8750,0.3333,6,6,3,0,0,6,3,0.5000
4,80.0000,18,35,554.1804,-84.0973,-0.2980,15,0.3750,1.0000,8,7,5,0,0,7,5,0.2857
4,80.0000,18,36,289.3901,-78.7272,-0.0400,24,0.6000,0.7143,7,6,6,0,0,6,6,0.0000
4,80.0000,18,39,266.6603,-77.2223,0.5535,26,0.6500,0.5333,15,4,1,1,0,5,1,0.8000
4,80.0000,18,40,680.8315,-85.7341,0.3234,7,0.1750,1.0000,8,6,4,0,0,6,4,0.3333
4,80.0000,18,44,652.2396,-86.6538,-7.1721,4,0.1000,1.0000,8,8,8,0,0,8,8,0.0000
4,80.0000,18,45,633.0322,-84.6836,0.1303,10,0.2500,0.8333,6,8,8,0,0,8,8,0.0000
4,80.0000,19,0,905.5078,-88.3302,-0.1999,6,0.1500,,0,4,4,0,0,4,4,0.0000
4,80.0000,19,2,972.5781,-88.7122,-1.0771,3,0.0750,1.0000,6,4,4,0,0,4,4,0.0000
4,80.0000,19,4,347.1295,-79.9213,-0.7144,24,0.6000,0.8571,7,7,6,0,0,7,6,0.1429
4,80.0000,19,5,550.5742,-84.8749,0.5438,12,0.3000,0.6667,6,8,7,0,0,8,7,0.1250
4,80.0000,19,8,752.3577,-87.1078,-0.5962,5,0.1250,1.0000,8,8,8,0,0,8,8,0.0000
4,80.0000,19,9,833.8478,-86.4616,-0.6413,9,0.2250,1.0000,8,4,4,0,0,4,4,0.0000
4,80.0000,19,10,559.2974,-85.5711,-0.1840,13,0.3250,1.0000,8,8,7,0,0,8,7,0.1250
4,80.0000,19,11,776.0715,-86.2436,-0.6069,5,0.1250,1.0000,8,8,8,0,0,8,8,0.0000
4,80.0000,19,12,302.3497,-80.3888,-0.3141,17,0.4250,0.7143,7,7,4,0,0,7,4,0.4286
4,80.0000,19,13,918.6977,-88.2084,0.8085,4,0.1000,0.8571,7,6,6,0,0,6,6,0.0000
4,80.0000,19,14,733.4272,-86.5527,0.5978,6,0.1500,0.8000,5,6,5,0,0,6,5,0.1667
4,80.0000,19,15,378.4745,-82.5296,1.1215,16,0.4000,0.7143,7,7,6,0,0,7,6,0.1429
4,80.0000,19,16,506.3312,-83.7096,0.3311,13,0.3250,0.7500,8,7,6,0,0,7,6,0.1429
4,80.0000,19,17,689.0339,-86.1307,0.3375,7,0.1750,1.0000,8,8,8,0,0,8,8,0.0000
4,80.0000,19,18,653.1825,-85.1334,-0.5808,11,0.2750,1.0000,8,5,4,0,0,5,4,0.2000
4,80.0000,19,20,682.1811,-87.3412,-1.3657,4,0.1000,1.0000,8,8,8,0,0,8,8,0.0000
4,80.0000,19,24,513.0004,-84.5108,0.5191,12,0.3000,0.7143,7,7,6,0,0,7,6,0.1429
4,80.0000,19,26,836.2974,-89.4230,0.1412,3,0.0750,1.0000,6,8,8,0,0,8,8,0.0000
4,80.0000,19,28,612.2906,-85.6118,0.1257,6,0.1500,1.0000,8,8,7,0,0,8,7,0.1250
4,80.0000,19,29,394.7051,-82.2802,-0.0478,16,0.4000,0.7143,7,7,6,0,0,7,6,0.1429
4,80.0000,19,31,361.6420,-82.3397,1.0347,13,0.3250,0.6250,8,7,5,0,0,7,5,0.2857
4,80.0000,19,32,893.4507,-87.6627,0.1646,6,0.1500,1.0000,6,7,6,0,0,7,6,0.1429
4,80.0000,19,33,221.0167,-77.0825,0.4808,32,0.8000,0.2000,5,5,2,0,0,5,2,0.6000
4,80.0000,19,34,446.7853,-82.6294,0.0798,18,0.4500,1.0000,8,8,6,0,0,8,6,0.2500
4,80.0000,19,36,572.0454,-86.5414,0.3225,9,0.2250,0.8571,7,7,6,0,0,7,6,0.1429
4,80.0000,19,39,810.0201,-86.7071,0.1073,8,0.2000,1.0000,8,4,4,0,0,4,4,0.0000
4,80.0000,19,42,490.2934,-85.6703,0.7867,10,0.2500,1.0000,8,8,8,0,0,8,8,0.0000
4,80.0000,19,43,913.7683,-86.7487,0.0912,9,0.2250,1.0000,2,4,4,0,0,4,4,0.0000
4,80.0000,19,44,590.3926,-85.6620,-0.1284,10,0.2500,1.0000,8,8,8,0,0,8,8,0.0000
4,80.0000,19,46,695.1331,-88.3441,0.3509,8,0.2000,1.0000,8,7,5,0,0,7,5,0.2857
4,80.0000,19,47,684.6032,-87.1611,-0.1742,5,0.1250,0.8571,7,8,8,0,0,8,8,0.0000
4,80.0000,20,1,256.4929,-78.8480,0.5798,25,0.6250,0.2000,5,6,4,6,1,12,5,0.5833
4,80.0000,20,2,443.5314,-82.7740,0.4640,17,0.4250,0.2000,5,7,5,53,49,60,54,0.1000
4,80.0000,20,4,526.9123,-83.3082,0.3527,14,0.3500,1.0000,8,7,6,0,0,7,6,0.1429
4,80.0000,20,5,142.0563,-72.6198,-0.0346,34,0.8500,0.2073,82,7,4,3,1,10,5,0.5000
4,80.0000,20,8,199.3729,-76.4763,0.8150,30,0.7500,0.3333,6,4,0,0,0,4,0,1.0000
4,80.0000,20,11,312.5146,-79.4674,-0.2111,27,0.6750,0.1429,7,5,2,0,0,5,2,0.6000
4,80.0000,20,12,425.6223,-79.3677,-0.7698,11,0.2750,0.5000,6,8,8,0,0,8,8,0.0000
4,80.0000,20,13,401.7692,-82.5904,0.5954,21,0.5250,0.7143,7,6,3,0,0,6,3,0.5000
4,80.0000,20,17,197.7496,-74.1453,-0.5675,32,0.8000,0.0000,4,7,4,0,0,7,4,0.4286
4,80.0000,20,18,756.4659,-85.7048,-1.1351,11,0.2750,1.0000,8,7,5,0,0,7,5,0.2857
4,80.0000,20,19,682.1811,-86.2505,0.3727,6,0.1500,1.0000,8,8,8,0,0,8,8,0.0000
4,80.0000,20,21,799.9709,-86.4858,-0.5864,8,0.2000,1.0000,2,8,8,0,0,8,8,0.0000
4,80.0000,20,25,1002.4648,-88.5794,-1.9611,5,0.1250,1.0000,4,6,6,0,0,6,6,0.0000
4,80.0000,20,26,679.9371,-85.2002,-0.0069,7,0.1750,0.8333,6,8,8,0,0,8,8,0.0000
4,80.0000,20,27,613.4696,-85.9415,0.8875,15,0.3750,0.8000,5,7,6,0,0,7,6,0.1429
4,80.0000,20,28,291.8509,-76.5530,-0.8875,28,0.7000,0.0000,4,5,1,0,0,5,1,0.8000
4,80.0000,20,29,768.6734,-86.4515,-0.6266,5,0.1250,1.0000,8,8,8,0,0,8,8,0.0000
4,80.0000,20,30,240.2454,-78.7990,0.6301,30,0.7500,0.4000,5,4,0,0,0,4,0,1.0000
4,80.0000,20,31,337.4034,-78.6039,-0.9774,26,0.6500,0.7143,7,7,6,8,8,15,14,0.0667
4,80.0000,20,32,903.5683,-87.0018,-0.6961,7,0.1750,1.0000,8,4,4,0,0,4,4,0.0000
4,80.0000,20,33,630.8264,-88.4175,0.7522,4,0.1000,1.0000,14,8,8,0,0,8,8,0.0000
4,80.0000,20,34,646.0687,-85.7197,0.5103,9,0.2250,1.0000,8,7,6,0,0,7,6,0.1429
4,80.0000,20,36,478.3694,-82.6885,-1.1348,17,0.4250,0.7143,7,7,6,0,0,7,6,0.1429
4,80.0000,20,39,687.3838,-86.2840,-1.0622,10,0.2500,0.8571,7,6,6,0,0,6,6,0.0000
4,80.0000,20,40,738.1241,-86.8374,0.2991,9,0.2250,1.0000,8,4,4,0,0,4,4,0.0000
4,80.0000,20,42,763.3406,-87.4404,-0.8564,4,0.1000,1.0000,8,8,8,0,0,8,8,0.0000
4,80.0000,20,44,130.0023,-69.3939,-0.8157,33,0.8250,0.2000,5,4,0,0,0,4,0,1.0000
4,80.0000,20,45,1005.4082,-88.2396,-0.3497,6,0.1500,1.0000,8,4,4,0,0,4,4,0.0000
4,80.0000,20,46,823.3842,-88.5240,2.8945,3,0.0750,1.0000,8,2,2,0,0,2,2,0.0000
4,80.0000,21,1,716.2650,-86.4800,0.5089,8,0.1951,1.0000,8,8,8,0,0,8,8,0.0000
4,80.0000,21,2,393.1750,-81.7504,1.1002,18,0.4390,1.0000,8,7,6,0,0,7,6,0.1429
4,80.0000,21,5,808.1173,-87.6345,-1.4735,3,0.0732,1.0000,8,8,8,0,0,8,8,0.0000
4,80.0000,21,8,706.1560,-86.0673,-0.7722,6,0.1463,1.0000,8,7,6,0,0,7,6,0.1429
4,80.0000,21,9,546.6041,-84.6752,-0.0981,16,0.3902,0.8750,8,7,6,0,0,7,6,0.1429
4,80.0000,21,11,631.7824,-85.7478,0.9361,9,0.2195,1.0000,8,7,6,0,0,7,6,0.1429
4,80.0000,21,13,604.7235,-86.0207,0.1914,9,0.2195,0.8571,7,8,8,0,0,8,8,0.0000
4,80.0000,21,17,660.7693,-86.9681,1.8247,5,0.1220,0.8571,7,8,8,0,0,8,8,0.0000
4,80.0000,21,18,714.9175,-86.4863,0.7996,7,0.1707,0.8571,7,8,8,0,0,8,8,0.0000
4,80.0000,21,25,398.9963,-80.6417,-0.3242,28,0.6829,0.5714,7,7,4,0,0,7,4,0.4286
4,80.0000,21,27,268.8485,-78.5309,-0.0206,34,0.8293,0.2000,5,5,1,0,0,5,1,0.8000
4,80.0000,21,28,627.5500,-86.5629,-1.5274,6,0.1463,0.7143,7,7,6,0,0,7,6,0.1429
4,80.0000,21,32,549.8623,-83.3040,-0.0769,17,0.4146,0.7143,7,8,8,0,0,8,8,0.0000
4,80.0000,21,34,784.5365,-86.4480,0.2096,8,0.1951,1.0000,8,8,8,0,0,8,8,0.0000
4,80.0000,21,35,625.2686,-85.6985,-0.3929,16,0.3902,1.0000,8,7,6,0,0,7,6,0.1429
4,80.0000,21,36,673.2231,-86.6034,0.7468,7,0.1707,0.8750,8,8,8,0,0,8,8,0.0000
4,80.0000,21,39,448.9959,-83.9193,0.7514,13,0.3171,0.4286,7,8,6,0,0,8,6,0.2500
4,80.0000,21,40,63.1051,-69.0008,2.8444,35,0.8537,0.0000,4,5,1,0,0,5,1,0.8000
4,80.0000,21,44,801.3762,-87.7072,2.9190,3,0.0732,1.0000,4,8,7,0,0,8,7,0.1250
4,80.0000,21,45,318.9956,-79.3532,0.3323,29,0.7073,0.3333,6,6,3,0,0,6,3,0.5000
4,80.0000,22,0,538.9366,-84.1106,-0.1073,7,0.1750,0.5000,6,8,7,0,0,8,7,0.1250
4,80.0000,22,3,443.3388,-81.5809,0.0245,13,0.3250,0.5714,7,6,3,0,0,6,3,0.5000
4,80.0000,22,6,470.7372,-82.1579,0.1759,21,0.5250,0.0000,4,8,7,0,0,8,7,0.1250
4,80.0000,22,7,483.4339,-82.3589,-0.6908,28,0.7000,0.5714,7,7,6,0,0,7,6,0.1429
4,80.0000,22,14,772.4761,-85.3861,0.1976,3,0.0750,1.0000,8,8,8,0,0,8,8,0.0000
4,80.0000,22,23,137.4150,-75.2642,1.4447,39,0.9750,0.0000,4,4,0,0,0,4,0,1.0000
4,80.0000,22,24,804.7658,-87.2449,0.6972,4,0.1000,1.0000,8,8,8,0,0,8,8,0.0000
4,80.0000,22,37,408.7027,-81.3141,0.1762,22,0.5500,0.0000,4,7,5,0,0,7,5,0.2857
4,80.0000,22,38,347.9705,-80.0884,-0.1668,28,0.7000,0.2000,5,6,3,0,0,6,3,0.5000
4,80.0000,22,41,158.9576,-74.3714,0.9361,31,0.7750,0.0000,4,5,1,0,0,5,1,0.8000
4,80.0000,22,42,833.7697,-86.2162,-0.2379,4,0.1000,1.0000,8,8,8,0,0,8,8,0.0000
4,80.0000,22,43,491.8743,-81.2186,0.5495,17,0.4250,0.8571,7,8,6,0,0,8,6,0.2500
4,80.0000,22,46,716.6889,-85.7809,0.3497,5,0.1250,1.0000,8,8,8,0,0,8,8,0.0000
4,80.0000,23,0,659.8129,-86.3565,0.5250,7,0.1750,0.7143,7,8,7,0,0,8,7,0.1250
4,80.0000,23,3,393.0006,-80.1472,-1.1226,26,0.6500,0.5714,7,6,3,0,0,6,3,0.5000
4,80.0000,23,6,566.5131,-84.6296,0.2721,12,0.3000,0.8000,5,7,6,0,0,7,6,0.1429
4,80.0000,23,7,607.1462,-84.6478,-0.5223,12,0.3000,0.7143,7,8,7,0,0,8,7,0.1250
4,80.0000,23,22,137.4150,-74.7452,1.1484,34,0.8500,0.4286,7,4,0,0,0,4,0,1.0000
4,80.0000,23,37,526.2268,-83.5301,0.5072,16,0.4000,0.8750,8,5,4,0,0,5,4,0.2000
4,80.0000,23,38,477.1812,-82.0274,0.1127,17,0.4250,1.0000,6,6,2,0,0,6,2,0.6667
4,80.0000,23,41,249.8170,-78.3996,0.3580,30,0.7500,0.5714,7,6,3,0,0,6,3,0.5000
4,80.0000,23,43,599.8383,-83.6832,-0.4912,12,0.3000,1.0000,8,7,5,0,0,7,5,0.2857
4,80.0000,23,47,842.0435,-87.1411,3.3990,3,0.0750,1.0000,8,8,8,12,12,20,20,0.0000
4,80.0000,24,0,427.4557,-81.8209,1.0135,22,0.5500,0.5714,7,8,7,0,0,8,7,0.1250
4,80.0000,24,3,790.5411,-86.0892,-0.1279,10,0.2500,0.8000,5,6,6,0,0,6,6,0.0000
4,80.0000,24,4,720.1534,-87.4422,-0.7070,3,0.0750,1.0000,8,7,6,0,0,7,6,0.1429
4,80.0000,24,6,528.4980,-83.9788,-0.5770,19,0.4750,0.4000,5,7,6,0,0,7,6,0.1429
4,80.0000,24,7,678.2508,-85.3218,0.3491,16,0.4000,1.0000,8,8,8,0,0,8,8,0.0000
4,80.0000,24,10,86.2805,-68.2835,1.0913,38,0.9500,0.2000,5,5,1,0,0,5,1,0.8000
4,80.0000,24,12,523.5572,-85.0441,0.9774,5,0.1250,1.0000,8,7,6,0,0,7,6,0.1429
4,80.0000,24,14,408.7143,-82.2465,0.0557,17,0.4250,1.0000,8,7,6,0,0,7,6,0.1429
4,80.0000,24,15,195.9666,-76.3627,0.4976,33,0.8250,0.3333,6,3,0,0,0,3,0,1.0000
4,80.0000,24,16,75.6959,-72.9859,2.7576,35,0.8750,0.0000,4,5,1,0,0,5,1,0.8000
4,80.0000,24,19,513.0004,-84.8172,1.1252,7,0.1750,1.0000,10,5,4,0,0,5,4,0.2000
4,80.0000,24,22,804.7658,-86.1783,-0.5266,7,0.1750,0.8571,7,8,8,0,0,8,8,0.0000
4,80.0000,24,23,881.2096,-86.7475,-0.3956,10,0.2500,1.0000,6,8,8,0,0,8,8,0.0000
4,80.0000,24,26,618.3744,-85.4113,-0.4765,8,0.2000,0.8750,8,7,6,0,0,7,6,0.1429
4,80.0000,24,28,994.3708,-86.5313,-1.1195,3,0.0750,1.0000,4,2,2,0,0,2,2,0.0000
4,80.0000,24,29,215.9709,-77.3870,1.2952,24,0.6000,0.5714,7,4,0,0,0,4,0,1.0000
4,80.0000,24,30,842.6238,-85.6278,0.9482,3,0.0750,0.8750,8,8,8,0,0,8,8,0.0000
4,80.0000,24,33,474.8543,-82.8942,0.4523,8,0.2000,1.0000,8,8,8,0,0,8,8,0.0000
4,80.0000,24,37,580.7537,-86.0077,0.7944,16,0.4000,0.7143,7,6,6,0,0,6,6,0.0000
4,80.0000,24,38,659.0186,-84.7686,-1.0287,19,0.4750,0.6667,6,8,8,0,0,8,8,0.0000
4,80.0000,24,41,764.6171,-86.4111,-0.1474,12,0.3000,1.0000,8,8,8,0,0,8,8,0.0000
4,80.0000,24,42,244.1710,-76.7961,-0.3840,28,0.7000,0.5000,6,4,0,0,0,4,0,1.0000
4,80.0000,24,43,457.5846,-81.9265,-1.1861,21,0.5250,0.6667,6,8,8,0,0,8,8,0.0000
4,80.0000,24,46,325.2016,-80.2639,0.4971,25,0.6250,0.7143,7,6,3,0,0,6,3,0.5000
4,80.0000,24,47,241.8456,-76.9232,0.0134,34,0.8500,0.0000,3,5,1,0,0,5,1,0.8000
4,80.0000,25,2,687.3322,-85.6450,-2.6371,4,0.1000,0.8750,8,8,7,0,0,8,7,0.1250
4,80.0000,25,9,571.1943,-84.7757,1.3253,7,0.1750,0.8571,7,9,8,0,0,9,8,0.1111
4,80.0000,25,13,702.9603,-85.5316,0.2367,6,0.1500,0.8571,7,8,8,0,0,8,8,0.0000
4,80.0000,25,21,398.9963,-80.7227,-0.3016,24,0.6000,0.8571,7,7,6,0,0,7,6,0.1429
4,80.0000,25,27,523.4063,-83.2952,0.5685,9,0.2250,1.0000,8,6,6,0,0,6,6,0.0000
4,80.0000,25,32,499.7666,-81.8868,0.1179,14,0.3500,0.7778,9,5,1,0,0,5,1,0.8000
4,80.0000,25,34,829.7914,-85.8107,-0.9432,3,0.0750,1.0000,8,6,6,0,0,6,6,0.0000
4,80.0000,25,35,283.4712,-80.5803,1.0868,29,0.7250,0.5000,6,5,1,0,0,5,1,0.8000
4,80.0000,25,36,709.0106,-84.9024,0.2276,6,0.1500,0.8571,7,7,6,0,0,7,6,0.1429
4,80.0000,25,39,449.3358,-81.8084,0.6132,12,0.3000,0.6667,6,5,2,0,0,5,2,0.6000
4,80.0000,25,40,412.9546,-81.8049,0.0320,21,0.5250,0.6667,6,6,3,0,0,6,3,0.5000
4,80.0000,25,45,277.0735,-78.5930,0.1507,25,0.6250,0.5000,6,5,1,0,0,5,1,0.8000
4,80.0000,26,3,567.0073,-84.7491,0.2765,6,0.1538,0.8571,7,7,5,0,0,7,5,0.2857
4,80.0000,26,5,700.2680,-87.8660,1.5601,3,0.0769,1.0000,8,8,8,0,0,8,8,0.0000
4,80.0000,26,6,752.4557,-87.3916,-0.5767,3,0.0769,1.0000,2,8,8,0,0,8,8,0.0000
4,80.0000,26,10,551.9303,-82.5972,-0.6266,5,0.1282,0.8571,7,8,8,0,0,8,8,0.0000
4,80.0000,26,12,595.8397,-84.9352,4.8848,3,0.0769,0.8571,7,7,6,0,0,7,6,0.1429
4,80.0000,26,14,254.7374,-78.5835,0.7518,20,0.5128,0.3333,6,6,3,0,0,6,3,0.5000
4,80.0000,26,16,693.4350,-87.2625,-0.1526,3,0.0769,1.0000,8,8,8,0,0,8,8,0.0000
4,80.0000,26,17,825.6995,-87.3460,-0.4622,4,0.1026,1.0000,6,2,2,0,0,2,2,0.0000
4,80.0000,26,22,883.3020,-87.6510,0.4678,4,0.1026,,0,6,6,0,0,6,6,0.0000
4,80.0000,26,24,618.3744,-86.4168,0.1875,5,0.1282,0.8571,7,5,4,0,0,5,4,0.2000
4,80.0000,26,29,567.7600,-84.8451,-0.4897,5,0.1282,0.8750,8,8,7,0,0,8,7,0.1250
4,80.0000,26,30,473.9155,-81.0288,-1.1423,12,0.3077,1.0000,8,8,8,0,0,8,8,0.0000
4,80.0000,26,31,606.1003,-84.3713,6.8063,4,0.1026,1.0000,8,8,8,0,0,8,8,0.0000
4,80.0000,26,37,854.1034,-87.0972,0.5642,3,0.0769,1.0000,4,8,8,0,0,8,8,0.0000
4,80.0000,26,42,541.7922,-87.6153,-1.1632,3,0.0769,1.0000,8,8,8,0,0,8,8,0.0000
4,80.0000,26,44,709.6459,-85.7753,-0.5823,4,0.1026,1.0000,8,8,8,0,0,8,8,0.0000
4,80.0000,26,46,317.9685,-79.8269,0.3957,8,0.2051,0.7143,7,6,4,0,0,6,4,0.3333
4,80.0000,27,1,479.4330,-84.1956,-0.1554,8,0.2000,0.8750,8,7,6,0,0,7,6,0.1429
4,80.0000,27,2,205.8195,-77.9752,0.6390,25,0.6250,0.5000,6,6,2,0,0,6,2,0.6667
4,80.0000,27,5,653.9927,-84.7281,0.1605,4,0.1000,0.8571,7,6,4,0,0,6,4,0.3333
4,80.0000,27,8,549.2662,-85.5798,-1.0518,4,0.1000,0.8571,7,8,8,0,0,8,8,0.0000
4,80.0000,27,9,686.0270,-86.4283,0.7917,7,0.1750,1.0000,8,7,6,0,0,7,6,0.1429
4,80.0000,27,11,441.7097,-84.3326,0.5973,8,0.2000,0.8750,8,9,8,0,0,9,8,0.1111
4,80.0000,27,13,379.3263,-81.3586,0.5068,14,0.3500,0.6000,5,4,0,0,0,4,0,1.0000
4,80.0000,27,17,520.7641,-84.2686,0.5800,6,0.1500,0.7143,7,7,6,0,0,7,6,0.1429
4,80.0000,27,18,748.5255,-86.0359,-0.1711,3,0.0750,1.0000,8,8,8,0,0,8,8,0.0000
4,80.0000,27,20,613.4696,-85.3774,0.5619,6,0.1500,1.0000,8,8,8,0,0,8,8,0.0000
4,80.0000,27,21,268.8485,-78.3847,0.5279,29,0.7250,0.4000,5,4,0,0,0,4,0,1.0000
4,80.0000,27,25,523.4063,-83.6213,-0.4570,20,0.5000,0.8750,8,5,1,0,0,5,1,0.8000
4,80.0000,27,28,505.8429,-82.7319,2.3246,5,0.1250,1.0000,8,8,8,0,0,8,8,0.0000
4,80.0000,27,31,869.1783,-87.9704,-0.1321,3,0.0750,1.0000,8,8,8,0,0,8,8,0.0000
4,80.0000,27,32,694.6187,-85.6469,0.5895,7,0.1750,1.0000,8,8,8,0,0,8,8,0.0000
4,80.0000,27,34,792.4937,-87.2638,0.3687,6,0.1500,1.0000,8,5,4,0,0,5,4,0.2000
4,80.0000,27,35,751.9770,-87.3450,0.1179,7,0.1750,0.8571,7,6,6,0,0,6,6,0.0000
4,80.0000,27,36,604.6670,-84.4672,-0.3006,6,0.1500,0.7143,7,7,6,0,0,7,6,0.1429
4,80.0000,27,39,503.4315,-83.7954,-0.2739,10,0.2500,0.8571,7,7,6,0,0,7,6,0.1429
4,80.0000,27,40,220.3869,-75.1851,-0.8209,35,0.8750,0.5000,6,7,4,0,0,7,4,0.4286
4,80.0000,27,44,633.2626,-86.5598,0.7052,4,0.1000,1.0000,10,6,6,0,0,6,6,0.0000
4,80.0000,27,45,552.0381,-85.3300,0.2760,15,0.3750,0.8571,7,8,8,0,0,8,8,0.0000
4,80.0000,28,1,345.5302,-80.1234,-0.0249,25,0.6410,0.7143,7,6,4,0,0,6,4,0.3333
4,80.0000,28,2,393.9004,-81.1200,0.2356,25,0.6410,0.6667,6,6,4,0,0,6,4,0.3333
4,80.0000,28,4,452.5041,-83.1637,-0.5665,12,0.3077,0.8000,5,6,4,0,0,6,4,0.3333
4,80.0000,28,5,217.4652,-70.3603,-3.1029,34,0.8718,0.2000,5,5,2,0,0,5,2,0.6000
4,80.0000,28,8,342.5909,-78.6186,-0.6002,29,0.7436,0.7500,8,7,5,0,0,7,5,0.2857
4,80.0000,28,9,583.7192,-84.3386,0.3091,13,0.3333,1.0000,8,7,5,0,0,7,5,0.2857
4,80.0000,28,11,206.8605,-76.7743,0.7203,34,0.8718,0.5000,6,4,0,0,0,4,0,1.0000
4,80.0000,28,12,475.7084,-81.2766,-0.9366,19,0.4872,0.6667,6,7,6,0,0,7,6,0.1429
4,80.0000,28,13,339.0175,-81.4495,0.8105,29,0.7436,0.2000,5,5,1,0,0,5,1,0.8000
4,80.0000,28,14,979.4584,-88.1308,-0.1115,4,0.1026,,0,4,4,0,0,4,4,0.0000
4,80.0000,28,15,938.2504,-88.2646,1.6162,4,0.1026,1.0000,2,6,6,0,0,6,6,0.0000
4,80.0000,28,16,1023.4158,-87.7170,2.4469,4,0.1026,1.0000,4,3,2,0,0,3,2,0.3333
4,80.0000,28,17,251.3714,-78.3273,0.4410,29,0.7436,0.8571,7,5,1,0,0,5,1,0.8000
4,80.0000,28,18,472.2734,-82.3627,-0.3013,20,0.5128,0.5000,6,7,5,0,0,7,5,0.2857
4,80.0000,28,19,612.2906,-84.8650,-1.2783,9,0.2308,0.8571,7,8,8,0,0,8,8,0.0000
4,80.0000,28,20,291.8509,-77.1239,-1.2791,32,0.8205,0.5000,6,6,3,0,0,6,3,0.5000
4,80.0000,28,21,627.5500,-86.3113,0.0100,12,0.3077,0.8750,8,8,7,0,0,8,7,0.1250
4,80.0000,28,25,765.0632,-87.4491,0.3062,8,0.2051,0.7500,4,7,6,0,0,7,6,0.1429
4,80.0000,28,26,916.3325,-88.2780,-0.0523,3,0.0769,1.0000,2,6,6,0,0,6,6,0.0000
4,80.0000,28,27,505.8429,-85.3070,1.6348,13,0.3333,0.6667,3,6,4,0,0,6,4,0.3333
4,80.0000,28,29,832.8121,-86.8105,-1.1524,5,0.1282,1.0000,6,6,6,0,0,6,6,0.0000
4,80.0000,28,30,525.9855,-82.5913,0.2397,12,0.3077,0.8571,7,7,6,0,0,7,6,0.1429
4,80.0000,28,31,392.7825,-80.1752,-0.1672,20,0.5128,0.6667,6,8,6,0,0,8,6,0.2500
4,80.0000,28,32,622.9571,-85.5603,0.6687,14,0.3590,0.7500,8,7,5,0,0,7,5,0.2857
4,80.0000,28,33,623.4317,-86.1410,-0.7911,9,0.2308,1.0000,8,6,6,0,0,6,6,0.0000
4,80.0000,28,34,404.2329,-82.1900,-0.1029,18,0.4615,0.4000,5,8,8,0,0,8,8,0.0000
4,80.0000,28,35,835.7383,-87.2503,-0.6459,4,0.1026,1.0000,8,5,4,0,0,5,4,0.2000
4,80.0000,28,36,204.1708,-75.9917,0.5070,35,0.8974,0.2000,5,5,1,0,0,5,1,0.8000
4,80.0000,28,39,404.4193,-82.3542,0.6923,20,0.5128,0.7143,7,6,4,0,0,6,4,0.3333
4,80.0000,28,40,567.2488,-85.7695,0.5729,14,0.3590,0.8750,8,6,4,0,0,6,4,0.3333
4,80.0000,28,42,870.9718,-86.9992,-2.8511,3,0.0769,1.0000,8,8,8,0,0,8,8,0.0000
4,80.0000,28,44,213.4926,-76.6037,0.4961,32,0.8205,0.5714,7,7,5,0,0,7,5,0.2857
4,80.0000,28,45,764.4871,-86.9078,0.1947,11,0.2821,0.7143,7,8,7,0,0,8,7,0.1250
4,80.0000,29,0,633.7539,-84.7834,0.5740,17,0.4250,1.0000,6,7,6,0,0,7,6,0.1429
4,80.0000,29,3,874.7255,-87.4682,-0.6643,9,0.2250,1.0000,6,4,4,0,0,4,4,0.0000
4,80.0000,29,4,636.2597,-84.3086,0.3093,7,0.1750,0.8571,7,8,7,0,0,8,7,0.1250
4,80.0000,29,5,679.3136,-85.9285,1.0306,8,0.2000,1.0000,8,8,8,138,138,146,146,0.0000
4,80.0000,29,6,662.9210,-85.9198,-0.5578,13,0.3250,1.0000,6,8,6,0,0,8,6,0.2500
4,80.0000,29,7,839.6440,-87.2833,-0.1701,8,0.2000,,0,2,2,0,0,2,2,0.0000
4,80.0000,29,8,882.3665,-88.2801,0.5903,3,0.0750,1.0000,6,2,2,0,0,2,2,0.0000
4,80.0000,29,10,210.5353,-75.8752,-0.4968,32,0.8000,0.4412,68,4,0,0,0,4,0,1.0000
4,80.0000,29,11,940.3168,-89.0790,0.7778,3,0.0750,1.0000,8,6,6,0,0,6,6,0.0000
4,80.0000,29,12,390.7672,-80.6287,-1.0106,13,0.3250,0.7143,7,6,4,0,0,6,4,0.3333
4,80.0000,29,14,383.4312,-81.7865,0.3854,20,0.5000,0.8571,7,6,4,0,0,6,4,0.3333
4,80.0000,29,15,220.1555,-78.1181,1.0209,33,0.8250,0.0000,4,5,1,0,0,5,1,0.8000
4,80.0000,29,16,255.9154,-78.8294,1.0531,28,0.7000,0.4286,7,4,0,0,0,4,0,1.0000
4,80.0000,29,17,855.3793,-87.5518,-0.1449,6,0.1500,1.0000,8,8,8,0,0,8,8,0.0000
4,80.0000,29,19,394.7051,-81.3480,-0.6486,17,0.4250,1.0000,8,6,3,0,0,6,3,0.5000
4,80.0000,29,20,768.6734,-85.7264,-0.8569,6,0.1500,0.9706,68,8,7,4,4,12,11,0.0833
4,80.0000,29,22,976.0625,-87.1270,0.9809,3,0.0750,1.0000,2,8,8,0,0,8,8,0.0000
4,80.0000,29,24,215.9709,-77.7821,0.7410,30,0.7500,0.4000,5,6,2,0,0,6,2,0.6667
4,80.0000,29,26,567.7600,-86.0497,1.6545,10,0.2500,1.0000,8,8,8,0,0,8,8,0.0000
4,80.0000,29,28,832.8121,-86.8665,0.4357,6,0.1500,1.0000,6,8,8,0,0,8,8,0.0000
4,80.0000,29,30,723.9329,-86.7418,-0.1893,8,0.2000,1.0000,6,7,6,0,0,7,6,0.1429
4,80.0000,29,31,463.6395,-81.9833,-0.1475,10,0.2500,0.8750,8,7,6,2,1,9,7,0.2222
4,80.0000,29,33,419.3925,-80.9691,0.0516,15,0.3750,0.7143,7,7,5,0,0,7,5,0.2857
4,80.0000,29,34,811.9756,-87.2210,-0.4448,7,0.1750,0.6667,3,8,8,0,0,8,8,0.0000
4,80.0000,29,36,846.2464,-86.4626,1.5788,5,0.1250,0.8333,6,8,8,0,0,8,8,0.0000
4,80.0000,29,37,744.1217,-88.0609,-0.0794,7,0.1750,1.0000,4,8,8,0,0,8,8,0.0000
4,80.0000,29,38,835.9528,-87.2411,-0.6187,8,0.2000,1.0000,8,8,7,0,0,8,7,0.1250
4,80.0000,29,41,923.4893,-88.4001,1.0677,8,0.2000,1.0000,4,8,8,0,0,8,8,0.0000
4,80.0000,29,42,320.5112,-80.1167,0.4380,25,0.6250,0.4286,7,6,3,0,0,6,3,0.5000
4,80.0000,29,43,671.8480,-85.6258,0.1031,11,0.2750,1.0000,8,7,5,0,0,7,5,0.2857
4,80.0000,29,44,707.7835,-85.5497,-1.1373,5,0.1250,1.0000,8,8,8,0,0,8,8,0.0000
4,80.0000,29,46,345.8573,-81.0105,1.0200,22,0.5500,0.6667,6,6,3,0,0,6,3,0.5000
4,80.0000,29,47,433.7703,-82.5374,-0.4318,21,0.5250,0.8571,7,7,6,0,0,7,6,0.1429
4,80.0000,30,1,417.0170,-82.8514,0.6144,10,0.2500,0.8571,7,6,4,0,0,6,4,0.3333
4,80.0000,30,2,638.6494,-85.0028,1.0030,5,0.1250,1.0000,8,10,10,0,0,10,10,0.0000
4,80.0000,30,4,644.8272,-84.5105,-0.4981,5,0.1250,0.8750,8,8,8,0,0,8,8,0.0000
4,80.0000,30,5,330.0284,-79.8889,1.6307,11,0.2750,0.8750,8,5,2,0,0,5,2,0.6000
4,80.0000,30,8,343.4387,-81.8480,0.4024,10,0.2500,1.0000,8,7,6,0,0,7,6,0.1429
4,80.0000,30,10,813.7733,-84.6216,1.3769,4,0.1000,0.8571,7,8,8,0,0,8,8,0.0000
4,80.0000,30,11,530.7359,-84.2482,-0.2374,7,0.1750,0.8571,7,8,8,0,0,8,8,0.0000
4,80.0000,30,12,460.7170,-81.2865,-0.4536,7,0.1750,1.0000,8,7,6,0,0,7,6,0.1429
4,80.0000,30,13,597.5220,-85.4063,0.6455,6,0.1500,0.8571,7,7,6,0,0,7,6,0.1429
4,80.0000,30,14,644.2958,-83.4586,-0.7607,3,0.0750,0.8571,7,8,7,0,0,8,7,0.1250
4,80.0000,30,16,901.9609,-88.0535,3.9020,3,0.0750,1.0000,2,8,8,0,0,8,8,0.0000
4,80.0000,30,17,392.9474,-81.2929,0.1390,18,0.4500,0.5714,7,8,8,0,0,8,8,0.0000
4,80.0000,30,20,240.2454,-78.4877,0.0590,20,0.5000,0.8571,7,5,2,0,0,5,2,0.6000
4,80.0000,30,24,842.6238,-87.0019,-0.0680,5,0.1250,1.0000,8,6,6,0,0,6,6,0.0000
4,80.0000,30,26,473.9155,-80.7777,-0.5710,14,0.3500,0.8750,8,8,7,0,0,8,7,0.1250
4,80.0000,30,28,525.9855,-83.9037,-1.1724,7,0.1750,0.8571,7,7,6,0,0,7,6,0.1429
4,80.0000,30,29,723.9329,-85.7029,4.0294,3,0.0750,1.0000,8,8,8,0,0,8,8,0.0000
4,80.0000,30,31,400.7242,-80.0106,-0.3902,13,0.3250,1.0000,8,6,4,0,0,6,4,0.3333
4,80.0000,30,33,673.6903,-86.7984,0.8521,3,0.0750,1.0000,6,8,8,0,0,8,8,0.0000
4,80.0000,30,36,698.4147,-86.1594,-0.0894,5,0.1250,1.0000,8,7,6,0,0,7,6,0.1429
4,80.0000,30,40,957.0681,-88.1800,0.3518,3,0.0750,,0,4,4,0,0,4,4,0.0000
4,80.0000,30,44,328.9650,-79.9215,-0.2596,17,0.4250,0.6667,6,6,4,0,0,6,4,0.3333
4,80.0000,30,46,677.5668,-84.5893,-8.3862,3,0.0750,1.0000,8,7,6,0,0,7,6,0.1429
4,80.0000,31,1,558.2977,-83.9769,0.8572,11,0.2750,0.5000,6,7,6,0,0,7,6,0.1429
4,80.0000,31,2,708.0389,-86.7398,-0.7362,10,0.2500,1.0000,8,8,8,0,0,8,8,0.0000
4,80.0000,31,3,1107.6293,-88.6430,-0.0944,3,0.0750,,0,2,2,0,0,2,2,0.0000
4,80.0000,31,4,324.8208,-80.9769,0.0492,20,0.5000,0.4000,5,6,4,0,0,6,4,0.3333
4,80.0000,31,5,229.9232,-76.7989,0.4335,25,0.6250,0.2000,5,4,0,0,0,4,0,1.0000
4,80.0000,31,8,436.0233,-81.9492,-0.1004,20,0.5000,0.7143,7,7,6,0,0,7,6,0.1429
4,80.0000,31,10,614.4048,-84.2100,-0.7109,17,0.4250,1.0000,8,8,7,0,0,8,7,0.1250
4,80.0000,31,11,521.6781,-83.2897,0.5143,11,0.2750,0.8000,15,7,6,2,2,9,8,0.1111
4,80.0000,31,12,94.2833,-66.1104,-0.7469,35,0.8750,0.0000,3,5,1,0,0,5,1,0.8000
4,80.0000,31,13,654.7415,-86.9658,0.4116,10,0.2500,1.0000,8,7,5,0,0,7,5,0.2857
4,80.0000,31,14,616.3461,-85.6427,-0.0042,11,0.2750,1.0000,6,8,8,0,0,8,8,0.0000
4,80.0000,31,15,585.4140,-85.5284,0.8281,16,0.4000,1.0000,8,6,5,0,0,6,5,0.1667
4,80.0000,31,16,645.7843,-85.4377,-0.2489,10,0.2500,0.6667,6,6,6,0,0,6,6,0.0000
4,80.0000,31,17,395.1976,-80.7171,-0.0167,19,0.4750,0.8397,131,7,5,141,130,148,135,0.0878
4,80.0000,31,18,695.8818,-85.5906,0.2981,10,0.2500,0.8571,7,8,8,0,0,8,8,0.0000
4,80.0000,31,19,361.6420,-82.6071,0.8746,16,0.4000,0.6667,6,6,2,0,0,6,2,0.6667
4,80.0000,31,20,337.4034,-78.2119,-0.1661,22,0.5500,0.6667,12,8,8,0,0,8,8,0.0000
4,80.0000,31,21,992.5693,-88.0767,-0.4389,3,0.0750,,0,6,6,0,0,6,6,0.0000
4,80.0000,31,24,609.5814,-86.5588,-0.0969,10,0.2500,1.0000,4,5,4,0,0,5,4,0.2000
4,80.0000,31,26,606.1003,-84.7810,-0.4175,16,0.4000,0.8333,6,6,6,0,0,6,6,0.0000
4,80.0000,31,27,869.1783,-88.0564,0.4482,8,0.2000,1.0000,6,8,7,0,0,8,7,0.1250
4,80.0000,31,28,392.7825,-80.4884,-1.3830,20,0.5000,0.8571,7,7,6,0,0,7,6,0.1429
4,80.0000,31,29,463.6395,-82.1575,0.2749,14,0.3500,0.7143,7,6,2,0,0,6,2,0.6667
4,80.0000,31,30,400.7242,-81.4549,-0.2405,26,0.6500,0.8571,7,7,6,0,0,7,6,0.1429
4,80.0000,31,32,906.5303,-87.9579,1.9386,5,0.1250,,0,6,6,0,0,6,6,0.0000
4,80.0000,31,33,321.8785,-80.7452,0.7789,26,0.6500,0.8571,7,6,3,0,0,6,3,0.5000
4,80.0000,31,34,513.6783,-84.5077,-0.4831,11,0.2750,0.8750,8,7,6,0,0,7,6,0.1429
4,80.0000,31,36,473.5322,-83.2567,-0.3909,15,0.3750,0.7143,7,8,8,0,0,8,8,0.0000
4,80.0000,31,39,741.8836,-86.0862,-0.8533,11,0.2750,1.0000,8,8,8,0,0,8,8,0.0000
4,80.0000,31,40,934.0329,-88.2694,0.7228,4,0.1000,1.0000,4,2,2,0,0,2,2,0.0000
4,80.0000,31,42,487.6705,-84.2945,0.4778,16,0.4000,0.3333,6,8,7,0,0,8,7,0.1250
4,80.0000,31,43,1001.9599,-88.7054,0.4255,3,0.0750,1.0000,6,4,4,0,0,4,4,0.0000
4,80.0000,31,44,273.6554,-75.9039,-1.1544,28,0.7000,0.5000,6,7,4,0,0,7,4,0.4286
4,80.0000,31,46,610.8491,-85.9658,0.3767,13,0.3250,1.0000,8,8,8,0,0,8,8,0.0000
4,80.0000,31,47,841.8228,-87.5234,0.2614,7,0.1750,1.0000,8,4,4,0,0,4,4,0.0000
4,80.0000,32,1,907.1547,-88.5354,-0.7903,5,0.1282,0.8750,8,8,8,0,0,8,8,0.0000
4,80.0000,32,2,727.9818,-85.5151,-0.5230,8,0.2051,0.6667,6,8,8,0,0,8,8,0.0000
4,80.0000,32,4,737.4100,-86.2652,-1.9959,4,0.1026,1.0000,8,8,8,0,0,8,8,0.0000
4,80.0000,32,5,822.0109,-88.4419,-0.0289,6,0.1538,1.0000,8,8,8,0,0,8,8,0.0000
4,80.0000,32,8,867.1220,-87.2929,-0.7324,6,0.1538,1.0000,9,7,6,0,0,7,6,0.1429
4,80.0000,32,9,108.1285,-70.8974,0.5537,33,0.8462,0.3333,6,4,0,0,0,4,0,1.0000
4,80.0000,32,11,731.0096,-86.5945,-0.7779,7,0.1795,1.0000,8,7,6,0,0,7,6,0.1429
4,80.0000,32,12,949.1276,-88.9630,-0.0897,3,0.0769,1.0000,8,8,8,0,0,8,8,0.0000
4,80.0000,32,13,791.4517,-88.1362,-0.0931,4,0.1026,1.0000,8,8,8,0,0,8,8,0.0000
4,80.0000,32,17,776.0733,-86.8305,-0.0400,5,0.1282,1.0000,8,8,8,0,0,8,8,0.0000
4,80.0000,32,18,316.2151,-80.5824,0.5782,15,0.3846,0.2000,5,6,3,0,0,6,3,0.5000
4,80.0000,32,21,549.8623,-83.2119,-0.6613,21,0.5385,0.7143,7,6,3,0,0,6,3,0.5000
4,80.0000,32,25,499.7666,-83.0146,-0.2621,22,0.5641,0.8571,7,7,6,0,0,7,6,0.1429
4,80.0000,32,27,694.6187,-85.9878,-0.2589,9,0.2308,1.0000,8,8,8,0,0,8,8,0.0000
4,80.0000,32,28,622.9571,-84.6451,-0.6056,7,0.1795,1.0000,8,8,8,0,0,8,8,0.0000
4,80.0000,32,33,951.2578,-89.4943,0.1000,3,0.0769,1.0000,2,6,6,0,0,6,6,0.0000
4,80.0000,32,34,448.9238,-81.5613,-0.7107,17,0.4359,0.0000,4,8,7,0,0,8,7,0.1250
4,80.0000,32,35,422.1134,-82.6366,-0.1907,27,0.6923,0.7143,7,6,4,0,0,6,4,0.3333
4,80.0000,32,36,511.3935,-84.3127,-0.5449,11,0.2821,0.7143,7,8,7,0,0,8,7,0.1250
4,80.0000,32,39,247.4674,-76.6887,-0.3710,29,0.7436,0.2000,5,4,0,0,0,4,0,1.0000
4,80.0000,32,40,541.4712,-83.4853,0.4638,10,0.2564,0.5000,6,8,8,0,0,8,8,0.0000
4,80.0000,32,44,832.0991,-88.8684,-0.2483,4,0.1026,1.0000,8,8,8,0,0,8,8,0.0000
4,80.0000,32,45,373.2441,-79.8206,-0.4776,31,0.7949,0.5000,8,6,4,0,0,6,4,0.3333
4,80.0000,33,1,861.3862,-88.5355,-0.4068,4,0.1000,1.0000,4,6,6,0,0,6,6,0.0000
4,80.0000,33,2,925.9667,-88.0983,-0.6086,3,0.0750,0.8571,7,8,8,0,0,8,8,0.0000
4,80.0000,33,4,250.7449,-77.9318,0.6184,20,0.5000,0.5000,4,7,5,0,0,7,5,0.2857
4,80.0000,33,5,523.6855,-84.7625,-0.5516,8,0.2000,1.0000,7,8,7,0,0,8,7,0.1250
4,80.0000,33,8,659.1333,-86.5488,1.3072,7,0.1750,0.8571,7,8,8,0,0,8,8,0.0000
4,80.0000,33,9,872.8528,-87.9096,-4.8237,3,0.0750,1.0000,8,4,4,0,0,4,4,0.0000
4,80.0000,33,10,523.3608,-82.9943,-0.0071,12,0.3000,1.0000,8,8,8,0,0,8,8,0.0000
4,80.0000,33,11,799.1586,-87.9669,0.1040,7,0.1750,1.0000,8,7,6,0,0,7,6,0.1429
4,80.0000,33,12,242.9990,-79.3837,0.5298,17,0.4250,0.5000,6,4,0,0,0,4,0,1.0000
4,80.0000,33,13,938.1981,-88.5647,-0.8013,3,0.0750,1.0000,6,6,6,0,0,6,6,0.0000
4,80.0000,33,14,682.2834,-86.0813,0.5587,6,0.1500,1.0000,6,7,6,0,0,7,6,0.1429
4,80.0000,33,15,407.3907,-82.1094,0.9856,15,0.3750,0.6250,8,8,8,0,0,8,8,0.0000
4,80.0000,33,16,477.0225,-82.5559,-0.4108,13,0.3250,0.8750,8,7,6,0,0,7,6,0.1429
4,80.0000,33,17,615.4898,-85.3672,-0.3508,9,0.2250,1.0000,8,8,7,0,0,8,7,0.1250
4,80.0000,33,18,763.1222,-87.2934,-0.7899,8,0.2000,1.0000,8,4,4,0,0,4,4,0.0000
4,80.0000,33,19,221.0167,-76.6268,0.4396,27,0.6750,0.3333,6,4,0,0,0,4,0,1.0000
4,80.0000,33,20,630.8264,-84.9367,1.0959,5,0.1250,1.0000,8,8,8,0,0,8,8,0.0000
4,80.0000,33,24,474.8543,-83.8011,-0.0212,10,0.2500,1.0000,8,7,6,0,0,7,6,0.1429
4,80.0000,33,26,754.3626,-87.2631,0.5501,6,0.1500,1.0000,4,8,8,0,0,8,8,0.0000
4,80.0000,33,28,623.4317,-85.4478,-0.3344,10,0.2500,0.8571,7,8,8,0,0,8,8,0.0000
4,80.0000,33,29,419.3925,-83.5449,-0.2222,13,0.3250,0.5714,7,8,8,0,0,8,8,0.0000
4,80.0000,33,30,673.6903,-88.1991,0.7255,5,0.1250,0.8571,7,8,8,0,0,8,8,0.0000
4,80.0000,33,31,321.8785,-81.7011,0.7069,12,0.3000,0.8571,7,6,3,0,0,6,3,0.5000
4,80.0000,33,34,531.9338,-85.7071,-0.4731,10,0.2500,1.0000,8,7,5,0,0,7,5,0.2857
4,80.0000,33,36,648.1471,-87.1873,0.1409,8,0.2000,1.0000,4,8,8,0,0,8,8,0.0000
4,80.0000,33,39,862.7551,-87.1292,-0.0963,6,0.1500,1.0000,8,8,8,0,0,8,8,0.0000
4,80.0000,33,42,353.3639,-81.0150,0.3044,18,0.4500,0.8750,8,7,6,0,0,7,6,0.1429
4,80.0000,33,43,813.7733,-86.8586,-0.3647,8,0.2000,1.0000,8,6,6,0,0,6,6,0.0000
4,80.0000,33,44,576.2622,-84.6920,-0.2670,7,0.1750,0.8571,7,7,6,0,0,7,6,0.1429
4,80.0000,33,46,628.1040,-86.7164,0.7284,4,0.1000,1.0000,8,6,6,0,0,6,6,0.0000
4,80.0000,33,47,656.6646,-84.4586,-0.7504,12,0.3000,1.0000,8,8,8,0,0,8,8,0.0000
4,80.0000,34,1,746.1901,-85.6383,-0.7784,5,0.1250,1.0000,8,8,7,0,0,8,7,0.1250
4,80.0000,34,2,719.8458,-87.2159,0.7971,5,0.1250,1.0000,8,8,8,0,0,8,8,0.0000
4,80.0000,34,4,371.8439,-81.4984,1.3043,11,0.2750,0.8889,9,5,4,0,0,5,4,0.2000
4,80.0000,34,5,519.5274,-84.0956,-0.8796,7,0.1750,0.8571,7,8,7,0,0,8,7,0.1250
4,80.0000,34,8,666.4239,-86.2318,-0.5648,5,0.1250,0.8750,8,8,8,0,0,8,8,0.0000
4,80.0000,34,9,399.4540,-79.3221,-1.3342,21,0.5250,0.5714,7,7,6,0,0,7,6,0.1429
4,80.0000,34,11,581.1703,-85.7761,-0.0928,7,0.1750,0.5000,6,8,8,0,0,8,8,0.0000
4,80.0000,34,12,536.1961,-84.0999,0.6899,8,0.2000,1.0000,8,8,8,0,0,8,8,0.0000
4,80.0000,34,13,706.0171,-86.2131,-0.4249,5,0.1250,1.0000,4,8,8,0,0,8,8,0.0000
4,80.0000,34,17,570.0099,-84.9982,-1.3687,7,0.1750,1.0000,8,8,8,0,0,8,8,0.0000
4,80.0000,34,18,237.1244,-73.9125,-1.8943,36,0.9000,0.5000,6,7,5,0,0,7,5,0.2857
4,80.0000,34,19,446.7853,-82.9286,0.9126,11,0.2750,0.8750,8,8,7,0,0,8,7,0.1250
4,80.0000,34,20,646.0687,-84.6651,-0.7958,6,0.1500,0.8571,7,8,8,0,0,8,8,0.0000
4,80.0000,34,21,784.5365,-87.2452,0.9747,8,0.2000,1.0000,8,6,6,0,0,6,6,0.0000
4,80.0000,34,25,829.7914,-87.1335,-0.6807,6,0.1500,1.0000,6,8,7,0,0,8,7,0.1250
4,80.0000,34,27,792.4937,-86.2777,-0.7989,5,0.1250,0.8571,7,8,7,0,0,8,7,0.1250
4,80.0000,34,28,404.2329,-81.9253,-0.2503,9,0.2250,0.5000,6,8,8,0,0,8,8,0.0000
4,80.0000,34,30,840.2285,-87.0473,0.9172,4,0.1000,1.0000,4,8,8,0,0,8,8,0.0000
4,80.0000,34,31,513.6783,-83.4887,0.0491,4,0.1000,0.6667,6,7,4,0,0,7,4,0.4286
4,80.0000,34,32,448.9238,-81.8447,-1.8964,18,0.4500,0.6667,6,8,7,0,0,8,7,0.1250
4,80.0000,34,33,531.9338,-84.5241,-0.5387,3,0.0750,0.8571,7,7,6,0,0,7,6,0.1429
4,80.0000,34,35,773.6031,-87.2109,-0.1356,8,0.2000,1.0000,8,8,8,0,0,8,8,0.0000
4,80.0000,34,36,278.3623,-79.2485,0.7077,21,0.5250,0.7143,7,4,0,0,0,4,0,1.0000
4,80.0000,34,39,385.7872,-79.4935,-1.0587,19,0.4750,0.5000,6,8,5,0,0,8,5,0.3750
4,80.0000,34,40,742.9521,-86.1760,1.2949,5,0.1250,1.0000,6,6,6,0,0,6,6,0.0000
4,80.0000,34,44,545.3385,-84.0567,0.3141,6,0.1500,1.0000,8,8,8,0,0,8,8,0.0000
4,80.0000,34,45,765.2134,-86.6897,-0.3290,11,0.2750,0.8750,8,4,4,0,0,4,4,0.0000
4,80.0000,35,1,1016.2589,-87.7569,0.3226,3,0.0750,1.0000,8,6,6,0,0,6,6,0.0000
4,80.0000,35,9,525.6517,-83.9633,0.9724,12,0.3000,0.8571,7,8,8,0,0,8,8,0.0000
4,80.0000,35,13,844.7119,-88.5372,0.5199,3,0.0750,1.0000,6,8,8,0,0,8,8,0.0000
4,80.0000,35,18,554.1804,-85.8439,-0.3885,6,0.1500,0.8750,8,8,8,0,0,8,8,0.0000
4,80.0000,35,21,625.2686,-84.5384,1.2115,7,0.1750,1.0000,8,7,6,0,0,7,6,0.1429
4,80.0000,35,25,283.4712,-80.3951,0.4745,26,0.6500,0.3333,6,6,2,0,0,6,2,0.6667
4,80.0000,35,27,751.9770,-87.2043,2.9207,3,0.0750,1.0000,6,8,8,0,0,8,8,0.0000
4,80.0000,35,28,835.7383,-88.5326,-0.8184,4,0.1000,1.0000,8,8,8,0,0,8,8,0.0000
4,80.0000,35,32,422.1134,-82.6786,0.1259,16,0.4000,0.7143,7,7,6,0,0,7,6,0.1429
4,80.0000,35,34,773.6031,-86.5768,1.3680,4,0.1000,1.0000,8,8,8,0,0,8,8,0.0000
4,80.0000,35,36,712.5469,-86.4791,-2.7622,4,0.1000,1.0000,8,8,8,0,0,8,8,0.0000
4,80.0000,35,39,463.3125,-83.5405,1.0156,13,0.3250,1.0000,8,8,8,0,0,8,8,0.0000
4,80.0000,35,40,631.7031,-86.1094,1.2514,12,0.3000,0.8750,8,8,7,0,0,8,7,0.1250
4,80.0000,35,45,394.5513,-82.4561,0.9882,24,0.6000,0.5714,7,6,3,0,0,6,3,0.5000
4,80.0000,36,1,504.1796,-81.4923,-0.7288,14,0.3590,0.7143,7,8,8,0,0,8,8,0.0000
4,80.0000,36,2,547.7972,-83.5106,0.3634,12,0.3077,0.7143,7,8,8,0,0,8,8,0.0000
4,80.0000,36,4,490.5953,-83.0675,0.2796,7,0.1795,0.7143,7,8,6,0,0,8,6,0.2500
4,80.0000,36,5,373.5358,-79.0903,-0.3881,16,0.4103,0.8571,7,6,4,0,0,6,4,0.3333
4,80.0000,36,8,542.6682,-84.4788,-0.4613,8,0.2051,0.8571,7,7,6,0,0,7,6,0.1429
4,80.0000,36,9,492.8667,-83.2984,0.0839,17,0.4359,0.7500,8,7,5,0,0,7,5,0.2857
4,80.0000,36,10,1036.1181,-89.1591,0.5347,3,0.0769,1.0000,8,6,6,0,0,6,6,0.0000
4,80.0000,36,11,320.6560,-79.7229,-0.6334,21,0.5385,0.6667,6,7,5,0,0,7,5,0.2857
4,80.0000,36,12,538.3917,-84.5981,-2.8345,5,0.1282,0.8750,8,7,6,0,0,7,6,0.1429
4,80.0000,36,13,440.7368,-81.3601,-0.6340,13,0.3333,0.5000,6,8,8,0,0,8,8,0.0000
4,80.0000,36,15,927.0395,-88.5339,-0.7403,3,0.0769,1.0000,4,7,6,0,0,7,6,0.1429
4,80.0000,36,17,447.4352,-83.2051,-0.4056,12,0.3077,0.8750,8,8,8,0,0,8,8,0.0000
4,80.0000,36,18,289.3901,-78.1945,-0.4330,25,0.6410,0.6667,6,6,2,0,0,6,2,0.6667
4,80.0000,36,19,572.0454,-85.1645,-14.5062,4,0.1026,1.0000,8,8,8,0,0,8,8,0.0000
4,80.0000,36,20,478.3694,-82.9051,0.1938,11,0.2821,0.4000,5,8,8,0,0,8,8,0.0000
4,80.0000,36,21,673.2231,-87.4247,-0.5150,8,0.2051,0.7500,8,7,6,0,0,7,6,0.1429
4,80.0000,36,25,709.0106,-85.2164,-1.0707,12,0.3077,0.8571,7,8,6,0,0,8,6,0.2500
4,80.0000,36,27,604.6670,-84.8425,-0.6721,11,0.2821,1.0000,8,6,3,0,0,6,3,0.5000
4,80.0000,36,28,204.1708,-76.4023,-0.2512,22,0.5641,0.4000,5,6,4,0,0,6,4,0.3333
4,80.0000,36,29,846.2464,-87.6048,1.4712,3,0.0769,1.0000,8,8,8,0,0,8,8,0.0000
4,80.0000,36,30,698.4147,-85.5031,-0.9359,6,0.1538,0.8571,7,8,8,0,0,8,8,0.0000
4,80.0000,36,31,473.5322,-83.0187,0.9152,9,0.2308,0.8571,7,8,8,0,0,8,8,0.0000
4,80.0000,36,32,511.3935,-82.9299,-0.7930,17,0.4359,1.0000,8,6,4,0,0,6,4,0.3333
4,80.0000,36,33,648.1471,-87.2530,-1.4802,5,0.1282,0.8571,7,8,7,0,0,8,7,0.1250
4,80.0000,36,34,278.3623,-79.3596,0.9714,21,0.5385,0.6250,8,5,2,0,0,5,2,0.6000
4,80.0000,36,35,712.5469,-85.6758,-0.7273,10,0.2564,0.8333,6,6,5,0,0,6,5,0.1667
4,80.0000,36,39,313.1563,-78.2474,-0.6480,24,0.6154,0.1667,6,7,6,0,0,7,6,0.1429
4,80.0000,36,40,620.1914,-85.8024,0.0106,12,0.3077,1.0000,8,7,6,0,0,7,6,0.1429
4,80.0000,36,44,370.2879,-81.5014,-0.4687,14,0.3590,1.0000,8,7,5,0,0,7,5,0.2857
4,80.0000,36,45,723.4552,-86.3423,-0.0148,12,0.3077,0.8750,8,8,8,0,0,8,8,0.0000
4,80.0000,37,0,298.4515,-80.2838,0.5662,29,0.7250,0.4286,7,4,0,0,0,4,0,1.0000
4,80.0000,37,3,573.1883,-84.7009,0.1331,16,0.4000,0.8571,7,7,5,0,0,7,5,0.2857
4,80.0000,37,6,136.4071,-71.7795,-0.0524,38,0.9500,0.2000,5,4,0,0,0,4,0,1.0000
4,80.0000,37,7,136.5861,-69.5617,-0.5134,39,0.9750,0.2000,5,4,0,0,0,4,0,1.0000
4,80.0000,37,10,548.0899,-85.3051,0.3628,5,0.1250,1.0000,8,7,5,0,0,7,5,0.2857
4,80.0000,37,14,645.4109,-85.9070,0.0357,8,0.2000,1.0000,8,7,6,0,0,7,6,0.1429
4,80.0000,37,15,731.1932,-85.4326,-0.7818,7,0.1750,1.0000,8,8,8,0,0,8,8,0.0000
4,80.0000,37,16,591.2737,-86.5578,0.3591,5,0.1250,1.0000,8,8,8,0,0,8,8,0.0000
4,80.0000,37,22,408.7027,-82.4256,0.2122,30,0.7500,0.4286,7,6,4,0,0,6,4,0.3333
4,80.0000,37,23,526.2268,-84.0511,0.6808,16,0.4000,0.8571,7,6,4,0,0,6,4,0.3333
4,80.0000,37,24,580.7537,-84.0326,-0.6769,10,0.2500,0.9000,10,6,6,0,0,6,6,0.0000
4,80.0000,37,26,854.1034,-87.2700,0.4957,5,0.1250,1.0000,6,6,6,0,0,6,6,0.0000
4,80.0000,37,29,744.1217,-86.9334,-1.3755,3,0.0750,1.0000,8,8,8,0,0,8,8,0.0000
4,80.0000,37,38,112.8330,-68.1085,0.1735,36,0.9000,0.0000,3,6,3,0,0,6,3,0.5000
4,80.0000,37,41,296.6598,-79.9605,0.3435,29,0.7250,0.0000,4,5,1,0,0,5,1,0.8000
4,80.0000,37,42,725.6028,-86.9164,-0.1791,6,0.1500,0.8571,7,8,8,0,0,8,8,0.0000
4,80.0000,37,43,390.9592,-81.0617,0.5548,21,0.5250,0.6667,6,6,3,0,0,6,3,0.5000
4,80.0000,37,46,588.9080,-85.9877,0.2000,6,0.1500,1.0000,8,6,4,0,0,6,4,0.3333
4,80.0000,37,47,457.6747,-83.8496,0.2727,12,0.3000,1.0000,8,7,4,0,0,7,4,0.4286
4,80.0000,38,0,317.6189,-80.1941,0.2945,25,0.6098,0.6250,8,7,6,0,0,7,6,0.1429
4,80.0000,38,3,601.6460,-83.7447,-1.1546,14,0.3415,1.0000,8,7,5,0,0,7,5,0.2857
4,80.0000,38,6,244.1271,-74.9867,-1.5098,34,0.8293,0.0000,4,5,2,0,0,5,2,0.6000
4,80.0000,38,7,144.5304,-73.7233,0.4421,34,0.8293,0.0000,4,4,0,0,0,4,0,1.0000
4,80.0000,38,10,633.6564,-85.5685,0.0713,7,0.1707,1.0000,8,8,7,0,0,8,7,0.1250
4,80.0000,38,14,734.3268,-86.0547,-2.4026,5,0.1220,1.0000,7,9,9,0,0,9,9,0.0000
4,80.0000,38,15,809.2063,-86.4477,-0.8478,7,0.1707,1.0000,8,8,8,0,0,8,8,0.0000
4,80.0000,38,16,664.6634,-85.8152,1.7069,6,0.1463,1.0000,8,8,7,0,0,8,7,0.1250
4,80.0000,38,22,347.9705,-79.9583,0.2434,31,0.7561,0.0000,4,7,5,0,0,7,5,0.2857
4,80.0000,38,23,477.1812,-83.0860,0.1549,24,0.5854,0.6667,6,5,2,0,0,5,2,0.6000
4,80.0000,38,24,659.0186,-83.2546,-0.1811,7,0.1707,0.8571,7,8,8,0,0,8,8,0.0000
4,80.0000,38,26,929.5060,-88.2679,0.6269,3,0.0732,1.0000,2,6,6,0,0,6,6,0.0000
4,80.0000,38,29,835.9528,-86.7779,-0.5154,5,0.1220,1.0000,8,8,8,0,0,8,8,0.0000
4,80.0000,38,37,112.8330,-68.2694,0.1695,32,0.7805,0.2000,5,4,0,0,0,4,0,1.0000
4,80.0000,38,41,255.2277,-79.1975,0.3630,33,0.8049,0.5000,6,5,1,0,0,5,1,0.8000
4,80.0000,38,42,785.5511,-86.8245,-0.7669,4,0.0976,1.0000,8,8,8,0,0,8,8,0.0000
4,80.0000,38,43,384.1979,-80.4954,-0.8610,23,0.5610,0.5000,6,6,4,0,0,6,4,0.3333
4,80.0000,38,46,672.8112,-85.3275,-0.7688,8,0.1951,1.0000,8,8,8,0,0,8,8,0.0000
4,80.0000,38,47,518.8085,-84.4293,0.4725,14,0.3415,1.0000,8,8,7,0,0,8,7,0.1250
4,80.0000,39,1,664.6112,-85.2622,0.1602,9,0.2250,1.0000,8,8,8,0,0,8,8,0.0000
4,80.0000,39,2,526.8339,-82.3008,-0.4093,17,0.4250,0.8571,7,8,8,0,0,8,8,0.0000
4,80.0000,39,4,648.9174,-84.4933,-0.3644,6,0.1500,0.8571,7,8,7,0,0,8,7,0.1250
4,80.0000,39,5,617.4905,-83.9993,-0.7036,13,0.3250,1.0000,8,8,8,0,0,8,8,0.0000
4,80.0000,39,8,673.1976,-86.2828,0.3495,9,0.2250,0.6667,6,8,8,0,0,8,8,0.0000
4,80.0000,39,9,258.3398,-77.3724,-0.3762,32,0.8000,0.4000,5,5,2,0,0,5,2,0.6000
4,80.0000,39,11,486.3795,-83.5620,-0.8495,13,0.3250,1.0000,6,7,6,0,0,7,6,0.1429
4,80.0000,39,12,802.1935,-86.0435,-1.3230,5,0.1250,1.0000,8,6,6,0,0,6,6,0.0000
4,80.0000,39,13,544.7791,-85.0152,-1.0198,12,0.3000,0.4000,5,8,8,0,0,8,8,0.0000
4,80.0000,39,17,581.8764,-85.7379,0.6998,9,0.2250,0.6250,8,8,8,0,0,8,8,0.0000
4,80.0000,39,18,266.6603,-77.4432,-0.7063,35,0.8750,0.5000,6,5,1,0,0,5,1,0.8000
4,80.0000,39,19,810.0201,-86.0749,-0.3674,3,0.0750,1.0000,8,8,8,0,0,8,8,0.0000
4,80.0000,39,20,687.3838,-84.9183,-1.4520,9,0.2250,1.0000,8,5,4,0,0,5,4,0.2000
4,80.0000,39,21,448.9959,-82.5348,0.5181,17,0.4250,0.6667,6,8,7,0,0,8,7,0.1250
4,80.0000,39,25,449.3358,-83.4613,-0.1815,21,0.5250,0.8571,7,5,1,0,0,5,1,0.8000
4,80.0000,39,27,503.4315,-84.2917,1.0947,17,0.4250,0.5000,6,7,6,0,0,7,6,0.1429
4,80.0000,39,28,404.4193,-82.7178,-0.1648,14,0.3500,0.8571,7,7,6,0,0,7,6,0.1429
4,80.0000,39,31,741.8836,-85.3619,-1.2257,6,0.1500,0.8750,8,6,6,0,0,6,6,0.0000
4,80.0000,39,32,247.4674,-75.6304,-1.0934,33,0.8250,0.0000,4,7,2,0,0,7,2,0.7143
4,80.0000,39,33,862.7551,-85.8733,0.3612,4,0.1000,1.0000,8,8,8,0,0,8,8,0.0000
4,80.0000,39,34,385.7872,-78.7922,-0.5865,26,0.6500,0.3333,6,8,7,0,0,8,7,0.1250
4,80.0000,39,35,463.3125,-83.5675,1.2584,22,0.5500,0.8571,7,5,2,0,0,5,2,0.6000
4,80.0000,39,36,313.1563,-78.2415,-0.1666,24,0.6000,0.6667,6,8,7,0,0,8,7,0.1250
4,80.0000,39,40,415.2965,-82.5677,0.9168,21,0.5250,1.0000,8,7,5,0,0,7,5,0.2857
4,80.0000,39,42,1180.8668,-87.9269,1.2372,3,0.0750,,0,4,4,0,0,4,4,0.0000
4,80.0000,39,44,617.1555,-86.0426,-0.0958,9,0.2250,0.8750,8,8,7,0,0,8,7,0.1250
4,80.0000,39,45,415.8941,-82.6017,-0.5424,26,0.6500,0.7143,7,6,3,0,0,6,3,0.5000
4,80.0000,40,1,654.8441,-85.2820,-0.2118,7,0.1750,1.0000,8,8,8,0,0,8,8,0.0000
4,80.0000,40,2,336.8066,-80.9511,-0.2376,18,0.4500,0.7500,8,7,5,0,0,7,5,0.2857
4,80.0000,40,5,746.6937,-84.6658,-0.5688,3,0.0750,1.0000,8,9,8,0,0,9,8,0.1111
4,80.0000,40,8,649.2244,-85.9278,1.6320,4,0.1000,0.8889,9,7,6,0,0,7,6,0.1429
4,80.0000,40,9,534.1445,-85.0862,-0.7461,8,0.2000,0.4000,5,8,7,0,0,8,7,0.1250
4,80.0000,40,11,569.8207,-84.1083,0.6575,7,0.1750,0.8571,7,7,6,0,0,7,6,0.1429
4,80.0000,40,13,545.6391,-83.2280,0.3655,8,0.2000,1.0000,8,7,6,0,0,7,6,0.1429
4,80.0000,40,17,602.4337,-85.8727,0.3176,4,0.1000,1.0000,8,7,6,0,0,7,6,0.1429
4,80.0000,40,18,680.8315,-86.3259,0.3728,3,0.0750,1.0000,8,7,6,0,0,7,6,0.1429
4,80.0000,40,21,63.1051,-69.4803,2.8401,40,1.0000,0.0000,4,5,2,0,0,5,2,0.6000
4,80.0000,40,25,412.9546,-81.7504,0.2344,22,0.5500,0.7500,8,5,2,0,0,5,2,0.6000
4,80.0000,40,27,220.3869,-74.6721,-0.8346,34,0.8500,0.1395,86,5,1,97,38,102,39,0.6176
4,80.0000,40,28,567.2488,-85.5404,0.2505,4,0.1000,1.0000,8,7,6,0,0,7,6,0.1429
4,80.0000,40,32,541.4712,-82.9424,-0.1717,14,0.3500,0.6667,6,6,3,0,0,6,3,0.5000
4,80.0000,40,34,742.9521,-85.0574,5.5767,3,0.0750,0.7143,7,7,6,0,0,7,6,0.1429
4,80.0000,40,35,631.7031,-85.9402,-0.0262,13,0.3250,0.8000,5,6,4,0,0,6,4,0.3333
4,80.0000,40,36,620.1914,-85.3535,0.8667,5,0.1250,1.0000,8,7,6,0,0,7,6,0.1429
4,80.0000,40,39,415.2965,-82.6391,0.3928,11,0.2750,0.8333,6,5,2,0,0,5,2,0.6000
4,80.0000,40,45,352.0101,-82.0831,0.4701,24,0.6000,0.2000,5,7,5,0,0,7,5,0.2857
4,80.0000,41,0,505.9934,-84.3222,0.0407,12,0.3000,0.8571,7,5,2,0,0,5,2,0.6000
4,80.0000,41,3,404.5373,-81.2042,-0.8991,32,0.8000,0.2000,5,7,6,0,0,7,6,0.1429
4,80.0000,41,6,345.4818,-80.9354,0.5361,27,0.6750,0.5000,6,6,4,0,0,6,4,0.3333
4,80.0000,41,7,367.5498,-80.9371,0.1908,31,0.7750,0.2000,5,6,4,0,0,6,4,0.3333
4,80.0000,41,14,716.3686,-86.2112,-0.6655,8,0.2000,1.0000,8,8,8,0,0,8,8,0.0000
4,80.0000,41,16,791.2674,-88.2950,-1.0500,3,0.0750,1.0000,8,8,8,0,0,8,8,0.0000
4,80.0000,41,22,158.9576,-74.6338,0.3805,37,0.9250,0.2000,5,3,0,0,0,3,0,1.0000
4,80.0000,41,23,249.8170,-77.5216,0.0310,35,0.8750,0.2000,5,4,0,0,0,4,0,1.0000
4,80.0000,41,24,764.6171,-87.1892,0.1571,8,0.2000,1.0000,8,8,8,0,0,8,8,0.0000
4,80.0000,41,26,854.4232,-87.1348,-0.6104,3,0.0750,1.0000,6,8,8,0,0,8,8,0.0000
4,80.0000,41,37,296.6598,-80.2981,0.3997,28,0.7000,0.7143,7,5,1,0,0,5,1,0.8000
4,80.0000,41,38,255.2277,-79.3759,1.3991,34,0.8500,0.0000,4,6,4,0,0,6,4,0.3333
4,80.0000,41,42,833.7712,-88.1852,-1.7723,3,0.0750,0.8571,7,8,8,0,0,8,8,0.0000
4,80.0000,41,43,507.2149,-83.4501,0.2028,20,0.5000,0.7143,7,8,5,0,0,8,5,0.3750
4,80.0000,41,46,670.8053,-85.2589,0.4068,9,0.2250,0.8750,8,8,8,0,0,8,8,0.0000
4,80.0000,41,47,691.3015,-87.1044,1.2596,4,0.1000,1.0000,8,7,4,0,0,7,4,0.4286
4,80.0000,42,0,561.8699,-84.2897,-0.0849,16,0.4000,0.6667,6,8,7,0,0,8,7,0.1250
4,80.0000,42,3,796.4021,-87.2063,0.5648,9,0.2250,0.8000,5,6,6,0,0,6,6,0.0000
4,80.0000,42,4,571.5971,-84.4395,0.8881,8,0.2000,1.0000,8,8,7,0,0,8,7,0.1250
4,80.0000,42,5,700.5000,-86.9701,0.0612,3,0.0750,1.0000,6,7,6,0,0,7,6,0.1429
4,80.0000,42,6,681.6428,-85.6362,-0.8022,14,0.3500,1.0000,8,7,6,0,0,7,6,0.1429
4,80.0000,42,7,841.6700,-87.5958,-0.0247,8,0.2000,1.0000,8,6,6,0,0,6,6,0.0000
4,80.0000,42,8,812.1499,-88.1713,0.1860,5,0.1250,1.0000,6,3,2,0,0,3,2,0.3333
4,80.0000,42,10,267.5187,-77.1317,0.2504,31,0.7750,0.4000,5,5,2,0,0,5,2,0.6000
4,80.0000,42,12,403.2232,-82.9445,0.4339,9,0.2250,1.0000,8,8,6,0,0,8,6,0.2500
4,80.0000,42,14,425.2642,-82.1842,0.9143,17,0.4250,1.0000,8,6,4,0,0,6,4,0.3333
4,80.0000,42,15,347.2609,-82.1790,1.0659,17,0.4250,0.6667,6,6,4,0,0,6,4,0.3333
4,80.0000,42,16,281.0729,-78.3497,0.5330,29,0.7250,0.3333,6,7,6,0,0,7,6,0.1429
4,80.0000,42,19,490.2934,-84.8425,0.7511,8,0.2000,0.8750,8,7,6,0,0,7,6,0.1429
4,80.0000,42,22,833.7697,-86.1704,-0.7883,12,0.3000,1.0000,8,8,8,0,0,8,8,0.0000
4,80.0000,42,23,882.6848,-86.9076,0.7512,10,0.2500,1.0000,6,6,6,0,0,6,6,0.0000
4,80.0000,42,24,244.1710,-76.0502,-0.0579,29,0.7250,0.5000,6,6,4,0,0,6,4,0.3333
4,80.0000,42,26,541.7922,-85.4283,0.8083,10,0.2500,1.0000,6,8,6,0,0,8,6,0.2500
4,80.0000,42,28,870.9718,-86.4005,-0.4657,3,0.0750,1.0000,6,8,8,0,0,8,8,0.0000
4,80.0000,42,29,320.5112,-80.7228,0.5346,20,0.5000,0.0000,4,5,1,0,0,5,1,0.8000
4,80.0000,42,30,686.1177,-85.9725,-0.5839,4,0.1000,1.0000,8,6,4,0,0,6,4,0.3333
4,80.0000,42,31,487.6705,-84.2811,-1.0750,7,0.1750,1.0000,8,8,7,0,0,8,7,0.1250
4,80.0000,42,33,353.3639,-81.1602,0.7838,15,0.3750,0.5714,7,7,5,0,0,7,5,0.2857
4,80.0000,42,37,725.6028,-86.6182,-0.6781,10,0.2500,1.0000,8,8,8,0,0,8,8,0.0000
4,80.0000,42,38,785.5511,-86.7471,-0.8099,7,0.1750,1.0000,8,6,6,0,0,6,6,0.0000
4,80.0000,42,41,833.7712,-86.9887,-0.9905,6,0.1500,1.0000,8,2,2,0,0,2,2,0.0000
4,80.0000,42,43,517.9769,-83.1107,-0.2098,20,0.5000,0.4000,5,9,7,0,0,9,7,0.2222
4,80.0000,42,44,744.8561,-85.5038,-1.3787,3,0.0750,1.0000,8,8,8,0,0,8,8,0.0000
4,80.0000,42,46,338.9504,-80.1125,0.3460,21,0.5250,0.8571,7,5,2,0,0,5,2,0.6000
4,80.0000,42,47,434.2987,-81.9974,-0.4902,20,0.5000,0.5000,6,7,6,0,0,7,6,0.1429
4,80.0000,43,0,162.5803,-75.9835,1.4594,32,0.7805,0.2000,5,3,0,0,0,3,0,1.0000
4,80.0000,43,3,730.1700,-86.0759,-0.7430,8,0.1951,0.8571,7,7,6,0,0,7,6,0.1429
4,80.0000,43,6,455.2068,-83.1410,-0.7173,21,0.5122,0.5000,6,7,4,0,0,7,4,0.4286
4,80.0000,43,7,470.4708,-83.2082,0.4027,21,0.5122,0.7500,8,6,4,0,0,6,4,0.3333
4,80.0000,43,10,475.8521,-83.6315,-0.1258,13,0.3171,1.0000,8,5,2,0,0,5,2,0.6000
4,80.0000,43,14,680.7325,-86.2878,-0.5718,5,0.1220,0.8571,7,8,8,0,0,8,8,0.0000
4,80.0000,43,15,590.7212,-83.4577,-0.0827,10,0.2439,0.8571,7,8,8,0,0,8,8,0.0000
4,80.0000,43,16,444.0337,-83.3567,1.4836,13,0.3171,0.8750,8,7,6,0,0,7,6,0.1429
4,80.0000,43,19,913.7683,-87.4161,-2.9347,3,0.0732,1.0000,8,8,8,0,0,8,8,0.0000
4,80.0000,43,22,491.8743,-82.6248,-0.5322,19,0.4634,0.6667,6,8,8,0,0,8,8,0.0000
4,80.0000,43,23,599.8383,-84.3196,-1.0717,22,0.5366,0.8571,7,8,8,0,0,8,8,0.0000
4,80.0000,43,24,457.5846,-82.0244,-1.2409,11,0.2683,0.7500,8,7,5,0,0,7,5,0.2857
4,80.0000,43,26,860.2374,-87.7261,-1.1618,3,0.0732,0.7500,4,8,8,0,0,8,8,0.0000
4,80.0000,43,29,671.8480,-87.9979,0.5230,6,0.1463,0.6667,6,8,8,0,0,8,8,0.0000
4,80.0000,43,33,813.7733,-86.5408,0.2242,5,0.1220,1.0000,8,8,8,0,0,8,8,0.0000
4,80.0000,43,37,390.9592,-81.8848,0.2551,24,0.5854,0.6667,6,8,7,0,0,8,7,0.1250
4,80.0000,43,38,384.1979,-80.8679,-0.4926,22,0.5366,0.2000,5,4,0,0,0,4,0,1.0000
4,80.0000,43,41,507.2149,-83.7584,0.3280,16,0.3902,0.7500,8,8,6,0,0,8,6,0.2500
4,80.0000,43,42,517.9769,-82.5983,-0.7092,15,0.3659,0.8571,7,8,8,0,0,8,8,0.0000
4,80.0000,43,46,583.0512,-83.4169,-0.7708,12,0.2927,1.0000,8,8,8,0,0,8,8,0.0000
4,80.0000,43,47,324.5717,-81.3528,0.4406,21,0.5122,0.6667,6,7,5,0,0,7,5,0.2857
4,80.0000,44,1,288.1689,-80.0368,1.0400,19,0.4750,0.6250,8,3,0,0,0,3,0,1.0000
4,80.0000,44,2,485.9695,-83.8667,-0.0548,13,0.3250,0.7143,7,7,5,0,0,7,5,0.2857
4,80.0000,44,4,476.0794,-82.0595,0.9594,14,0.3500,0.6667,6,7,6,0,0,7,6,0.1429
4,80.0000,44,5,59.0827,-69.5971,3.4410,35,0.8750,0.2000,5,5,1,0,0,5,1,0.8000
4,80.0000,44,8,290.4960,-78.9358,0.6332,25,0.6250,0.7143,7,4,0,0,0,4,0,1.0000
4,80.0000,44,9,787.4432,-87.4666,-0.3159,3,0.0750,0.8750,8,8,8,0,0,8,8,0.0000
4,80.0000,44,10,863.7697,-85.4681,-0.0117,4,0.1000,0.8571,7,4,4,0,0,4,4,0.0000
4,80.0000,44,11,265.3102,-77.9209,0.4679,25,0.6250,0.5714,7,6,3,0,0,6,3,0.5000
4,80.0000,44,12,367.8859,-78.2926,0.4586,18,0.4500,0.4000,5,6,3,0,0,6,3,0.5000
4,80.0000,44,13,387.2149,-82.5101,1.2993,15,0.3750,0.6667,6,7,5,0,0,7,5,0.2857
4,80.0000,44,14,792.3909,-87.0110,1.9911,4,0.1000,1.0000,6,8,8,0,0,8,8,0.0000
4,80.0000,44,15,849.9381,-87.2240,-0.3329,3,0.0750,1.0000,6,7,6,0,0,7,6,0.1429
4,80.0000,44,17,243.5739,-77.8145,-0.2325,26,0.6500,0.4286,7,4,0,0,0,4,0,1.0000
4,80.0000,44,18,652.2396,-85.4489,-0.7534,7,0.1750,0.8750,8,6,6,0,0,6,6,0.0000
4,80.0000,44,19,590.3926,-84.3946,0.2068,6,0.1500,1.0000,8,8,8,0,0,8,8,0.0000
4,80.0000,44,20,130.0023,-69.6407,0.2688,33,0.8250,0.2000,5,5,1,0,0,5,1,0.8000
4,80.0000,44,26,709.6459,-85.1565,-0.0507,10,0.2500,0.8333,6,8,8,0,0,8,8,0.0000
4,80.0000,44,27,633.2626,-85.7569,0.1560,9,0.2250,0.8750,8,7,6,0,0,7,6,0.1429
4,80.0000,44,28,213.4926,-76.1154,-0.3374,31,0.7750,0.4000,5,7,3,0,0,7,3,0.5714
4,80.0000,44,29,707.7835,-85.5539,-0.4450,5,0.1250,1.0000,8,8,8,0,0,8,8,0.0000
4,80.0000,44,30,328.9650,-79.4669,-0.5887,25,0.6250,0.6667,6,6,4,0,0,6,4,0.3333
4,80.0000,44,31,273.6554,-76.5133,-1.3163,28,0.7000,1.0000,8,6,3,0,0,6,3,0.5000
4,80.0000,44,32,832.0991,-85.5230,-0.9124,5,0.1250,1.0000,4,8,8,0,0,8,8,0.0000
4,80.0000,44,33,576.2622,-85.1476,0.9407,6,0.1500,1.0000,6,8,6,0,0,8,6,0.2500
4,80.0000,44,34,545.3385,-84.4579,2.1326,8,0.2000,0.8571,7,6,6,0,0,6,6,0.0000
4,80.0000,44,36,370.2879,-81.6440,0.2422,15,0.3750,0.7143,7,5,4,0,0,5,4,0.2000
4,80.0000,44,39,617.1555,-85.6384,1.8535,6,0.1500,0.6000,5,6,6,0,0,6,6,0.0000
4,80.0000,44,42,744.8561,-86.2865,-1.3128,6,0.1500,1.0000,8,8,7,0,0,8,7,0.1250
4,80.0000,44,46,813.7278,-87.0577,-0.0687,4,0.1000,1.0000,6,6,6,0,0,6,6,0.0000
4,80.0000,45,2,669.6051,-84.4448,3.5720,3,0.0769,0.8571,7,8,8,0,0,8,8,0.0000
4,80.0000,45,8,934.7736,-87.5132,1.0996,3,0.0769,1.0000,8,6,6,0,0,6,6,0.0000
4,80.0000,45,9,416.0489,-81.5388,0.3510,13,0.3333,1.0000,8,8,6,0,0,8,6,0.2500
4,80.0000,45,17,866.0671,-87.6394,1.1018,3,0.0769,1.0000,8,8,8,0,0,8,8,0.0000
4,80.0000,45,18,633.0322,-84.9711,-0.1395,3,0.0769,1.0000,8,6,5,0,0,6,5,0.1667
4,80.0000,45,20,1005.4082,-88.2040,0.3842,4,0.1026,1.0000,8,4,4,0,0,4,4,0.0000
4,80.0000,45,21,318.9956,-78.6698,-0.1912,25,0.6410,0.5714,7,6,2,0,0,6,2,0.6667
4,80.0000,45,25,277.0735,-79.4991,0.2399,34,0.8718,0.8571,7,5,2,0,0,5,2,0.6000
4,80.0000,45,27,552.0381,-83.7795,0.6086,8,0.2051,0.8571,7,8,8,0,0,8,8,0.0000
4,80.0000,45,28,764.4871,-88.2423,0.3086,3,0.0769,1.0000,8,8,8,0,0,8,8,0.0000
4,80.0000,45,32,373.2441,-79.1762,-0.5021,17,0.4359,0.5000,4,9,7,0,0,9,7,0.2222
4,80.0000,45,35,394.5513,-82.1151,0.3790,23,0.5897,0.6667,6,6,4,0,0,6,4,0.3333
4,80.0000,45,36,723.4552,-85.1950,0.2534,5,0.1282,0.9000,10,8,8,0,0,8,8,0.0000
4,80.0000,45,39,415.8941,-81.0655,-0.3174,12,0.3077,0.8571,7,6,3,0,0,6,3,0.5000
4,80.0000,45,40,352.0101,-81.7883,1.2474,14,0.3590,0.7778,9,7,6,0,0,7,6,0.1429
4,80.0000,46,0,578.5875,-85.6796,0.8027,12,0.3000,0.8750,8,8,7,0,0,8,7,0.1250
4,80.0000,46,3,538.9157,-83.6066,-1.4980,24,0.6000,0.8571,7,8,8,0,0,8,8,0.0000
4,80.0000,46,4,825.0882,-88.0347,-0.8744,4,0.1000,1.0000,8,8,7,0,0,8,7,0.1250
4,80.0000,46,5,789.6159,-88.1909,-1.0016,3,0.0750,1.0000,6,8,8,0,0,8,8,0.0000
4,80.0000,46,6,494.2391,-84.0870,-0.4287,22,0.5500,0.8571,7,7,6,0,0,7,6,0.1429
4,80.0000,46,7,714.4722,-85.7896,0.8501,12,0.3000,1.0000,8,4,4,0,0,4,4,0.0000
4,80.0000,46,10,249.4695,-77.8990,0.7675,24,0.6000,0.4286,7,5,2,0,0,5,2,0.6000
4,80.0000,46,12,555.6776,-84.8169,1.0480,7,0.1750,0.8571,7,8,7,0,0,8,7,0.1250
4,80.0000,46,14,104.6791,-70.3351,0.5304,36,0.9000,0.2000,5,4,0,0,0,4,0,1.0000
4,80.0000,46,15,492.9185,-83.1790,0.6297,13,0.3250,1.0000,8,7,6,0,0,7,6,0.1429
4,80.0000,46,16,399.7813,-81.7848,0.6057,10,0.2500,0.8571,7,8,7,0,0,8,7,0.1250
4,80.0000,46,19,695.1331,-84.9070,1.4254,5,0.1250,1.0000,8,8,8,0,0,8,8,0.0000
4,80.0000,46,20,823.3842,-87.6360,0.1674,5,0.1250,1.0000,2,8,8,0,0,8,8,0.0000
4,80.0000,46,22,716.6889,-85.5104,-0.4039,15,0.3750,0.8571,7,4,4,0,0,4,4,0.0000
4,80.0000,46,23,749.5766,-85.5509,-0.9907,14,0.3500,1.0000,6,6,6,0,0,6,6,0.0000
4,80.0000,46,24,325.2016,-81.0188,0.3589,20,0.5000,0.5714,7,8,7,0,0,8,7,0.1250
4,80.0000,46,26,317.9685,-80.4777,0.2030,21,0.5250,0.6667,6,6,3,0,0,6,3,0.5000
4,80.0000,46,28,990.3854,-88.5717,0.2217,4,0.1000,1.0000,4,2,2,0,0,2,2,0.0000
4,80.0000,46,29,345.8573,-82.2212,1.6789,15,0.3750,1.0000,8,5,1,0,0,5,1,0.8000
4,80.0000,46,30,677.5668,-85.6453,-0.2572,8,0.2000,1.0000,4,6,6,0,0,6,6,0.0000
4,80.0000,46,31,610.8491,-86.1241,1.2282,6,0.1500,1.0000,8,8,8,0,0,8,8,0.0000
4,80.0000,46,33,628.1040,-87.4004,-0.9004,5,0.1250,1.0000,6,8,8,0,0,8,8,0.0000
4,80.0000,46,37,588.9080,-85.5180,0.7998,15,0.3750,1.0000,8,8,8,0,0,8,8,0.0000
4,80.0000,46,38,672.8112,-84.7307,-0.2559,17,0.4250,0.7143,7,5,4,0,0,5,4,0.2000
4,80.0000,46,41,670.8053,-84.2771,0.6926,13,0.3250,0.8571,7,8,8,0,0,8,8,0.0000
4,80.0000,46,42,338.9504,-81.3137,1.4021,16,0.4000,0.8571,7,7,6,0,0,7,6,0.1429
4,80.0000,46,43,583.0512,-83.7917,-0.4782,18,0.4500,0.8571,7,4,2,0,0,4,2,0.5000
4,80.0000,46,47,501.2182,-82.5226,0.8511,15,0.3750,0.8571,7,7,6,0,0,7,6,0.1429
4,80.0000,47,0,238.8842,-77.8666,0.3546,30,0.7500,0.2000,5,5,1,0,0,5,1,0.8000
4,80.0000,47,3,840.1325,-86.8677,-0.8690,4,0.1000,1.0000,6,7,6,0,0,7,6,0.1429
4,80.0000,47,4,907.1855,-87.4548,-1.2396,3,0.0750,1.0000,8,2,2,0,0,2,2,0.0000
4,80.0000,47,6,454.5405,-84.1241,0.3925,11,0.2750,1.0000,8,8,8,0,0,8,8,0.0000
4,80.0000,47,7,522.3294,-84.9749,0.7965,17,0.4250,0.6667,6,5,1,0,0,5,1,0.8000
4,80.0000,47,10,283.0677,-79.9536,0.0178,19,0.4750,0.6667,6,5,1,0,0,5,1,0.8000
4,80.0000,47,12,752.3333,-89.2730,0.1052,4,0.1000,1.0000,6,8,8,0,0,8,8,0.0000
4,80.0000,47,14,588.3199,-86.3652,-0.5022,5,0.1250,0.8571,7,8,8,0,0,8,8,0.0000
4,80.0000,47,15,314.5373,-75.6381,-1.5723,28,0.7000,0.2000,5,7,6,0,0,7,6,0.1429
4,80.0000,47,16,196.7727,-75.0050,-0.9460,33,0.8250,0.2000,5,5,2,0,0,5,2,0.6000
4,80.0000,47,19,684.6032,-85.1372,-0.5739,4,0.1000,1.0000,8,8,8,0,0,8,8,0.0000
4,80.0000,47,22,736.3021,-86.7032,0.2685,6,0.1500,1.0000,2,8,6,0,0,8,6,0.2500
4,80.0000,47,23,842.0435,-87.8574,0.5242,5,0.1250,1.0000,6,7,5,0,0,7,5,0.2857
4,80.0000,47,24,241.8456,-76.8272,0.1889,27,0.6750,0.2000,5,7,4,0,0,7,4,0.4286
4,80.0000,47,26,815.9774,-86.8787,-0.0677,3,0.0750,1.0000,2,8,8,0,0,8,8,0.0000
4,80.0000,47,29,433.7703,-82.1011,-0.7957,12,0.3000,0.8571,7,7,6,0,0,7,6,0.1429
4,80.0000,47,31,841.8228,-87.4783,0.3287,4,0.1000,1.0000,8,6,5,0,0,6,5,0.1667
4,80.0000,47,33,656.6646,-84.8816,-0.6030,5,0.1250,0.8750,8,8,8,0,0,8,8,0.0000
4,80.0000,47,37,457.6747,-84.6678,0.3225,19,0.4750,0.7143,7,8,7,0,0,8,7,0.1250
4,80.0000,47,38,518.8085,-83.7031,0.2885,18,0.4500,0.6667,6,5,2,0,0,5,2,0.6000
4,80.0000,47,41,691.3015,-87.3511,-0.3668,7,0.1750,1.0000,8,7,6,0,0,7,6,0.1429
4,80.0000,47,42,434.2987,-81.0996,-0.8210,12,0.3000,0.8571,7,8,7,0,0,8,7,0.1250
4,80.0000,47,43,324.5717,-80.9607,0.0896,20,0.5000,0.7143,7,6,3,0,0,6,3,0.5000
4,80.0000,47,46,501.2182,-84.6844,-0.1022,10,0.2500,0.8750,8,7,4,0,0,7,4,0.4286
4,84.0000,0,3,724.0915,-86.3612,-0.2775,14,0.3500,1.0000,6,8,8,0,0,8,8,0.0000
4,84.0000,0,6,345.7958,-80.5261,-0.0306,30,0.7500,0.5000,6,6,4,0,0,6,4,0.3333
4,84.0000,0,7,285.1408,-79.6835,0.3461,36,0.9000,0.6667,6,5,1,0,0,5,1,0.8000
4,84.0000,0,10,343.7076,-81.8591,-0.2642,21,0.5250,0.7143,7,7,4,0,0,7,4,0.4286
4,84.0000,0,12,888.4183,-87.8350,-0.8816,6,0.1500,1.0000,6,8,8,0,0,8,8,0.0000
4,84.0000,0,14,621.7316,-85.4896,0.8927,11,0.2750,1.0000,8,8,7,0,0,8,7,0.1250
4,84.0000,0,15,677.4044,-85.5585,-0.4951,13,0.3250,1.0000,8,8,8,0,0,8,8,0.0000
4,84.0000,0,16,361.3464,-82.5202,0.7908,24,0.6000,0.8750,8,6,3,0,0,6,3,0.5000
4,84.0000,0,19,923.1496,-87.3120,-0.9491,3,0.0750,1.0000,6,6,6,0,0,6,6,0.0000
4,84.0000,0,22,527.0267,-83.9343,-0.3633,19,0.4750,0.8571,7,5,2,0,0,5,2,0.6000
4,84.0000,0,23,557.1945,-84.8744,0.3529,25,0.6250,0.5000,6,8,7,0,0,8,7,0.1250
4,84.0000,0,24,510.8066,-82.0697,-0.5449,18,0.4500,1.0000,8,8,7,0,0,8,7,0.1250
4,84.0000,0,26,720.0507,-87.7320,-0.2309,7,0.1750,1.0000,8,6,6,0,0,6,6,0.0000
4,84.0000,0,29,571.6211,-85.1658,0.4777,10,0.2500,1.0000,8,7,5,0,0,7,5,0.2857
4,84.0000,0,33,906.5745,-87.7501,-1.0844,5,0.1250,1.0000,4,8,8,0,0,8,8,0.0000
4,84.0000,0,37,233.7553,-78.1276,0.9973,35,0.8750,0.4000,5,4,0,0,0,4,0,1.0000
4,84.0000,0,38,314.2179,-79.8317,-0.2047,35,0.8750,0.0000,4,5,1,0,0,5,1,0.8000
4,84.0000,0,41,341.3053,-82.9652,1.5268,31,0.7750,0.8571,7,6,4,0,0,6,4,0.3333
4,84.0000,0,42,638.6654,-85.4902,-0.4156,11,0.2750,0.8750,8,8,8,0,0,8,8,0.0000
4,84.0000,0,43,208.1947,-73.4406,-0.8947,39,0.9750,0.0000,4,5,2,0,0,5,2,0.6000
4,84.0000,0,46,594.1070,-84.5584,0.4906,13,0.3250,0.8571,7,8,8,0,0,8,8,0.0000
4,84.0000,0,47,213.3022,-76.5336,0.2763,36,0.9000,0.4000,5,4,0,0,0,4,0,1.0000
4,84.0000,1,2,435.4738,-82.0222,-0.6258,27,0.6585,0.8235,17,8,8,0,0,8,8,0.0000
4,84.0000,1,4,684.5991,-86.2915,-0.2536,8,0.1951,0.8750,8,8,8,0,0,8,8,0.0000
4,84.0000,1,5,349.2015,-80.1492,-1.3997,21,0.5122,0.8571,7,7,6,0,0,7,6,0.1429
4,84.0000,1,8,323.2426,-79.7060,0.3221,27,0.6585,0.7143,7,7,3,0,0,7,3,0.5714
4,84.0000,1,9,933.0478,-88.0737,-0.6376,5,0.1220,1.0000,6,6,6,0,0,6,6,0.0000
4,84.0000,1,11,313.5961,-77.1590,-1.1103,30,0.7317,0.5000,6,8,8,0,0,8,8,0.0000
4,84.0000,1,12,710.6658,-85.0113,-0.2988,7,0.1707,1.0000,8,6,6,0,0,6,6,0.0000
4,84.0000,1,13,273.5533,-76.8625,-0.8737,36,0.8780,0.0000,5,7,4,1,0,8,4,0.5000
4,84.0000,1,14,900.9078,-88.2299,-0.0910,4,0.0976,1.0000,6,8,8,0,0,8,8,0.0000
4,84.0000,1,15,1024.0661,-89.7239,0.4823,3,0.0732,1.0000,4,6,6,0,0,6,6,0.0000
4,84.0000,1,17,411.0616,-81.5360,-0.6207,19,0.4634,0.8571,7,8,8,0,0,8,8,0.0000
4,84.0000,1,18,856.0597,-89.4147,-0.3775,3,0.0732,1.0000,8,8,8,0,0,8,8,0.0000
4,84.0000,1,19,806.1490,-87.6153,1.3062,3,0.0732,1.0000,8,6,6,0,0,6,6,0.0000
4,84.0000,1,20,187.8733,-75.8471,0.7773,27,0.6585,0.7143,7,5,1,0,0,5,1,0.8000
4,84.0000,1,21,705.3621,-86.1734,-0.5418,11,0.2683,1.0000,8,8,8,0,0,8,8,0.0000
4,84.0000,1,25,888.0993,-87.2897,0.2401,8,0.1951,1.0000,6,4,4,0,0,4,4,0.0000
4,84.0000,1,26,855.9522,-87.2000,0.1123,4,0.0976,1.0000,6,4,4,0,0,4,4,0.0000
4,84.0000,1,27,483.1736,-83.8981,0.6601,21,0.5122,0.8750,8,8,7,0,0,8,7,0.1250
4,84.0000,1,28,376.5829,-80.4933,-1.2262,24,0.5854,0.7500,8,6,4,0,0,6,4,0.3333
4,84.0000,1,29,1013.3178,-88.6357,-1.5298,3,0.0732,1.0000,8,4,4,0,0,4,4,0.0000
4,84.0000,1,30,285.6193,-80.6837,0.8860,21,0.5122,0.5000,6,5,1,0,0,5,1,0.8000
4,84.0000,1,31,587.3165,-85.7133,-1.4479,8,0.1951,0.8571,7,7,6,0,0,7,6,0.1429
4,84.0000,1,32,925.3065,-88.6439,-0.3041,4,0.0976,1.0000,8,4,4,0,0,4,4,0.0000
4,84.0000,1,33,760.3592,-87.2192,0.8958,3,0.0732,1.0000,8,8,8,0,0,8,8,0.0000
4,84.0000,1,34,775.0017,-87.2832,-1.1115,5,0.1220,1.0000,8,8,8,0,0,8,8,0.0000
4,84.0000,1,35,1020.9394,-88.2250,-1.2142,5,0.1220,,0,2,2,0,0,2,2,0.0000
4,84.0000,1,36,621.9800,-85.5823,-0.2443,11,0.2683,1.0000,8,8,8,0,0,8,8,0.0000
4,84.0000,1,39,780.1636,-85.6849,-0.2243,13,0.3171,0.8750,8,4,4,0,0,4,4,0.0000
4,84.0000,1,40,710.0846,-85.3081,-0.3382,9,0.2195,0.8571,7,7,6,0,0,7,6,0.1429
4,84.0000,1,42,915.3473,-88.2299,-0.7971,3,0.0732,1.0000,6,8,8,0,0,8,8,0.0000
4,84.0000,1,44,277.9010,-78.8324,-0.6530,27,0.6585,0.4000,5,7,5,0,0,7,5,0.2857
4,84.0000,1,45,1027.5869,-87.9725,-0.4284,6,0.1463,1.0000,4,8,8,0,0,8,8,0.0000
4,84.0000,1,46,897.9235,-89.1422,0.1201,4,0.0976,1.0000,6,8,8,0,0,8,8,0.0000
4,84.0000,2,1,435.4738,-81.8777,-0.9345,20,0.5000,0.2000,5,8,8,0,0,8,8,0.0000
4,84.0000,2,4,767.1747,-86.7324,0.4244,6,0.1500,0.8750,8,8,8,0,0,8,8,0.0000
4,84.0000,2,5,640.3421,-85.6026,-0.3207,9,0.2250,0.8750,8,8,8,2,2,10,10,0.0000
4,84.0000,2,8,424.1245,-81.6350,-0.8494,19,0.4750,0.9333,15,8,7,2,1,10,8,0.2000
4,84.0000,2,9,764.3609,-87.6398,-0.0654,6,0.1500,1.0000,8,8,8,0,0,8,8,0.0000
4,84.0000,2,11,432.2222,-81.3537,-0.0416,17,0.4250,0.7500,8,8,7,0,0,8,7,0.1250
4,84.0000,2,13,402.4321,-80.2868,-1.0254,22,0.5500,0.5000,6,8,6,17,10,25,16,0.3600
4,84.0000,2,17,426.1387,-81.0326,-0.8916,16,0.4000,0.7143,7,8,7,0,0,8,7,0.1250
4,84.0000,2,18,840.9050,-87.3995,0.7263,6,0.1500,1.0000,8,8,8,0,0,8,8,0.0000
4,84.0000,2,20,472.4110,-82.0467,0.3490,16,0.4000,1.0000,8,7,5,0,0,7,5,0.2857
4,84.0000,2,21,346.6644,-82.0125,-0.5540,25,0.6250,0.5000,6,6,3,0,0,6,3,0.5000
4,84.0000,2,25,682.6007,-85.3275,-0.5239,13,0.3250,0.8750,8,8,8,0,0,8,8,0.0000
4,84.0000,2,27,178.7401,-74.0011,0.4112,31,0.7750,0.0000,4,5,1,0,0,5,1,0.8000
4,84.0000,2,28,441.2526,-82.0342,0.0598,13,0.3250,0.8571,7,8,8,0,0,8,8,0.0000
4,84.0000,2,30,589.9734,-86.4619,0.3425,7,0.1750,0.8571,7,6,4,0,0,6,4,0.3333
4,84.0000,2,32,758.9278,-86.9266,-0.3013,9,0.2250,0.8571,7,6,6,0,0,6,6,0.0000
4,84.0000,2,33,951.1350,-88.2777,-1.7347,3,0.0750,1.0000,2,8,8,0,0,8,8,0.0000
4,84.0000,2,34,871.6348,-88.4747,1.1845,4,0.1000,1.0000,8,8,8,0,0,8,8,0.0000
4,84.0000,2,35,863.0546,-87.2604,-0.7013,7,0.1750,0.6667,6,8,8,0,0,8,8,0.0000
4,84.0000,2,36,746.1798,-88.1577,0.0886,3,0.0750,1.0000,8,8,8,0,0,8,8,0.0000
4,84.0000,2,39,658.8388,-85.3570,0.0359,8,0.2000,0.8077,26,8,8,34,34,42,42,0.0000
4,84.0000,2,40,408.4493,-80.6795,-0.6590,25,0.6250,0.6667,6,8,7,0,0,8,7,0.1250
4,84.0000,2,44,504.9678,-82.2621,-1.1910,10,0.2500,0.8889,9,7,6,0,0,7,6,0.1429
4,84.0000,2,45,726.1223,-86.0487,-0.2375,10,0.2500,1.0000,8,8,8,0,0,8,8,0.0000
4,84.0000,3,0,724.0915,-86.0751,0.3414,5,0.1250,0.8750,8,8,8,0,0,8,8,0.0000
4,84.0000,3,6,504.8028,-84.2314,0.7286,16,0.4000,0.8571,7,8,7,0,0,8,7,0.1250
4,84.0000,3,7,836.1205,-86.5323,-0.5843,7,0.1750,1.0000,8,2,2,0,0,2,2,0.0000
4,84.0000,3,10,774.0108,-86.7860,0.9318,3,0.0750,1.0000,8,8,8,0,0,8,8,0.0000
4,84.0000,3,14,643.2476,-83.5413,-0.2502,7,0.1750,0.8571,7,8,8,0,0,8,8,0.0000
4,84.0000,3,16,797.9433,-86.7841,-7.7956,3,0.0750,1.0000,8,8,8,0,0,8,8,0.0000
4,84.0000,3,22,502.6428,-82.7942,-0.0412,23,0.5750,0.6667,6,8,8,0,0,8,8,0.0000
4,84.0000,3,23,523.9830,-83.0110,-1.1847,23,0.5750,0.5000,6,7,6,0,0,7,6,0.1429
4,84.0000,3,26,524.5900,-83.5381,0.1104,9,0.2250,0.8750,8,7,6,0,0,7,6,0.1429
4,84.0000,3,37,565.4438,-84.8902,0.4738,14,0.3500,1.0000,8,8,8,0,0,8,8,0.0000
4,84.0000,3,38,729.7141,-85.5195,-0.8065,13,0.3250,0.8571,7,8,8,0,0,8,8,0.0000
4,84.0000,3,41,504.4628,-83.1831,-0.0603,17,0.4250,0.5000,6,8,8,0,0,8,8,0.0000
4,84.0000,3,43,890.6845,-86.5036,-1.7377,3,0.0750,1.0000,8,8,8,0,0,8,8,0.0000
4,84.0000,3,46,685.3870,-86.5891,1.0009,6,0.1500,1.0000,8,8,8,0,0,8,8,0.0000
4,84.0000,4,1,684.5991,-87.6275,0.7965,6,0.1500,0.7143,7,6,4,0,0,6,4,0.3333
4,84.0000,4,2,767.1747,-87.4922,-0.4680,5,0.1250,0.8750,8,8,8,0,0,8,8,0.0000
4,84.0000,4,5,406.7756,-81.4787,-0.3325,16,0.4000,0.6667,6,8,8,0,0,8,8,0.0000
4,84.0000,4,8,552.6616,-85.1979,0.2981,10,0.2500,0.7143,7,7,6,0,0,7,6,0.1429
4,84.0000,4,9,687.8828,-86.2240,-0.1286,7,0.1750,1.0000,8,7,6,0,0,7,6,0.1429
4,84.0000,4,10,886.7199,-87.2185,-0.1206,6,0.1500,1.0000,10,4,4,0,0,4,4,0.0000
4,84.0000,4,11,593.2253,-85.3083,0.1900,8,0.2000,0.7143,7,7,6,0,0,7,6,0.1429
4,84.0000,4,12,334.6138,-79.2267,-0.1473,23,0.5750,0.8571,7,8,8,0,0,8,8,0.0000
4,84.0000,4,13,660.3289,-86.1612,0.4668,7,0.1750,0.8571,7,8,8,0,0,8,8,0.0000
4,84.0000,4,14,800.2394,-87.0808,0.8721,7,0.1750,1.0000,6,8,8,0,0,8,8,0.0000
4,84.0000,4,15,613.7388,-85.7562,-0.4593,9,0.2250,0.8571,7,8,8,0,0,8,8,0.0000
4,84.0000,4,16,840.3534,-87.7214,-0.2016,6,0.1500,0.8000,5,2,2,0,0,2,2,0.0000
4,84.0000,4,17,345.9105,-81.8479,0.9728,13,0.3250,0.6000,5,7,6,0,0,7,6,0.1429
4,84.0000,4,18,652.2968,-84.7015,0.8151,8,0.2000,0.6000,5,8,8,0,0,8,8,0.0000
4,84.0000,4,19,375.9424,-80.4721,-0.1735,21,0.5250,0.8571,7,6,3,0,0,6,3,0.5000
4,84.0000,4,20,535.7830,-84.7754,0.1039,9,0.2250,1.0000,8,7,6,0,0,7,6,0.1429
4,84.0000,4,24,723.6994,-85.7403,0.9853,7,0.1750,1.0000,8,8,8,0,0,8,8,0.0000
4,84.0000,4,25,960.2558,-89.1604,0.2484,3,0.0750,1.0000,4,6,6,0,0,6,6,0.0000
4,84.0000,4,26,858.2460,-88.8936,-0.5030,5,0.1250,0.8571,7,2,2,0,0,2,2,0.0000
4,84.0000,4,27,725.6103,-87.0864,0.0926,5,0.1250,0.8750,8,8,8,0,0,8,8,0.0000
4,84.0000,4,28,461.0187,-83.4432,-0.2291,11,0.2750,0.8571,7,8,7,0,0,8,7,0.1250
4,84.0000,4,29,735.9748,-86.7565,-0.3131,9,0.2250,1.0000,8,8,8,0,0,8,8,0.0000
4,84.0000,4,30,595.6863,-83.9414,0.5207,9,0.2250,0.8571,7,6,4,0,0,6,4,0.3333
4,84.0000,4,31,292.7920,-78.9624,1.2647,18,0.4500,0.7143,7,6,2,1,0,7,2,0.7143
4,84.0000,4,32,753.7222,-85.6430,-0.6444,6,0.1500,1.0000,8,8,8,0,0,8,8,0.0000
4,84.0000,4,33,259.6344,-76.8835,0.0710,29,0.7250,0.5000,6,6,3,0,0,6,3,0.5000
4,84.0000,4,34,320.4453,-79.0565,-0.5265,20,0.5000,0.5714,7,6,4,0,0,6,4,0.3333
4,84.0000,4,36,402.5938,-82.7037,0.6282,11,0.2750,1.0000,8,8,8,0,0,8,8,0.0000
4,84.0000,4,39,670.8903,-85.8991,-0.1931,9,0.2250,1.0000,10,8,8,0,0,8,8,0.0000
4,84.0000,4,42,531.5545,-84.6284,0.4871,8,0.2000,0.7500,8,8,8,0,0,8,8,0.0000
4,84.0000,4,44,431.7486,-82.3885,0.5944,14,0.3500,1.0000,8,7,6,0,0,7,6,0.1429
4,84.0000,4,45,1021.2698,-88.1957,0.6260,4,0.1000,1.0000,8,8,8,0,0,8,8,0.0000
4,84.0000,4,46,730.8338,-86.7919,0.0786,8,0.2000,0.5000,2,7,6,0,0,7,6,0.1429
4,84.0000,5,1,349.2015,-80.0398,-0.5423,26,0.6500,0.4000,5,5,2,0,0,5,2,0.6000
4,84.0000,5,2,640.3421,-83.7807,-1.1032,11,0.2750,0.6667,6,8,8,0,0,8,8,0.0000
4,84.0000,5,4,406.7756,-82.1478,-0.4977,16,0.4000,1.0000,8,7,5,0,0,7,5,0.2857
4,84.0000,5,8,335.6741,-79.3377,-0.6459,25,0.6250,0.5000,6,5,4,0,0,5,4,0.2000
4,84.0000,5,9,892.2154,-86.3147,0.3010,7,0.1750,1.0000,4,8,8,0,0,8,8,0.0000
4,84.0000,5,10,873.4687,-87.6685,-0.0507,3,0.0750,1.0000,8,8,8,0,0,8,8,0.0000
4,84.0000,5,11,423.7763,-80.9658,0.1179,22,0.5500,0.8000,10,8,8,8,5,16,13,0.1875
4,84.0000,5,12,364.3883,-80.0807,-0.1157,18,0.4500,0.6667,6,6,3,0,0,6,3,0.5000
4,84.0000,5,13,454.4887,-82.0850,-0.1557,16,0.4000,0.8571,7,8,8,0,0,8,8,0.0000
4,84.0000,5,14,630.3281,-86.0670,0.0734,6,0.1500,0.7143,7,6,4,0,0,6,4,0.3333
4,84.0000,5,15,689.0388,-86.4204,0.7250,5,0.1250,1.0000,6,8,8,0,0,8,8,0.0000
4,84.0000,5,16,845.7118,-87.6442,-0.2227,3,0.0750,0.8000,5,2,2,0,0,2,2,0.0000
4,84.0000,5,17,320.1982,-77.8314,-0.5022,23,0.5750,0.8571,7,7,5,0,0,7,5,0.2857
4,84.0000,5,18,789.8666,-85.9521,-1.2353,10,0.2500,0.9091,11,8,8,0,0,8,8,0.0000
4,84.0000,5,19,479.8014,-83.9424,1.4232,9,0.2250,0.8000,5,7,6,0,0,7,6,0.1429
4,84.0000,5,20,207.6582,-74.3759,-1.2925,32,0.8000,0.2000,5,7,4,0,0,7,4,0.4286
4,84.0000,5,21,829.5845,-86.9196,-0.6318,6,0.1500,1.0000,8,6,6,0,0,6,6,0.0000
4,84.0000,5,24,779.2110,-87.3719,1.7060,3,0.0750,0.8750,8,8,8,0,0,8,8,0.0000
4,84.0000,5,26,632.6312,-87.4679,0.0676,3,0.0750,1.0000,8,8,8,0,0,8,8,0.0000
4,84.0000,5,27,651.6011,-85.4480,-1.1955,10,0.2500,1.0000,8,8,7,0,0,8,7,0.1250
4,84.0000,5,28,377.6200,-79.8000,-1.0888,21,0.5250,0.5714,7,6,4,0,0,6,4,0.3333
4,84.0000,5,29,697.3634,-86.6359,0.4594,9,0.2250,0.8571,7,7,6,0,0,7,6,0.1429
4,84.0000,5,30,242.9000,-78.0558,0.4022,29,0.7250,0.3333,6,5,1,0,0,5,1,0.8000
4,84.0000,5,31,247.0378,-77.3293,-0.1075,26,0.6500,0.4000,5,5,1,0,0,5,1,0.8000
4,84.0000,5,32,916.4370,-88.1036,-0.8878,3,0.0750,1.0000,6,5,4,0,0,5,4,0.2000
4,84.0000,5,33,416.5116,-81.4107,-0.1524,12,0.3000,0.6667,6,7,4,0,0,7,4,0.4286
4,84.0000,5,34,551.1800,-84.1984,-0.2764,13,0.3250,0.8750,8,8,7,0,0,8,7,0.1250
4,84.0000,5,36,471.0383,-81.2770,0.2376,17,0.4250,0.8571,7,8,7,0,0,8,7,0.1250
4,84.0000,5,39,782.2393,-86.4865,-0.7676,10,0.2500,0.8571,7,4,4,0,0,4,4,0.0000
4,84.0000,5,40,791.4454,-86.3309,-0.6614,5,0.1250,1.0000,2,8,8,0,0,8,8,0.0000
4,84.0000,5,42,574.6653,-85.3817,0.4604,9,0.2250,1.0000,8,7,6,0,0,7,6,0.1429
4,84.0000,5,44,201.4277,-70.3028,-3.4868,30,0.7500,0.0000,4,5,2,0,0,5,2,0.6000
4,84.0000,5,45,1121.0415,-88.1921,0.0333,3,0.0750,0.5000,2,4,4,0,0,4,4,0.0000
4,84.0000,5,46,603.0623,-86.1994,1.4155,7,0.1750,1.0000,6,8,7,0,0,8,7,0.1250
4,84.0000,6,0,345.7958,-80.3952,-0.6033,27,0.6750,0.2500,4,6,4,0,0,6,4,0.3333
4,84.0000,6,3,504.8028,-84.1719,-0.2668,19,0.4750,0.7143,7,5,2,0,0,5,2,0.6000
4,84.0000,6,7,381.6862,-79.1544,-0.6974,32,0.8000,0.0000,4,8,8,0,0,8,8,0.0000
4,84.0000,6,10,398.6173,-81.9985,0.4098,12,0.3000,1.0000,8,8,7,0,0,8,7,0.1250
4,84.0000,6,14,490.5449,-83.0693,0.2646,11,0.2750,0.8750,8,8,8,0,0,8,8,0.0000
4,84.0000,6,15,748.3072,-84.9196,-1.3294,6,0.1500,1.0000,8,8,7,0,0,8,7,0.1250
4,84.0000,6,16,446.1095,-83.1182,0.5789,8,0.2000,0.8750,8,7,6,0,0,7,6,0.1429
4,84.0000,6,22,527.6506,-82.7323,0.4002,21,0.5250,0.8571,7,8,7,0,0,8,7,0.1250
4,84.0000,6,23,571.7464,-84.3355,-0.4719,17,0.4250,0.8571,7,8,7,0,0,8,7,0.1250
4,84.0000,6,24,609.1118,-84.4158,0.2792,6,0.1500,1.0000,8,8,8,0,0,8,8,0.0000
4,84.0000,6,26,562.9573,-84.7050,1.3469,7,0.1750,1.0000,8,5,4,0,0,5,4,0.2000
4,84.0000,6,29,559.6071,-84.1641,-1.1213,5,0.1250,1.0000,8,7,6,0,0,7,6,0.1429
4,84.0000,6,37,135.0113,-71.3069,0.1636,36,0.9000,0.0000,4,4,0,0,0,4,0,1.0000
4,84.0000,6,38,394.9048,-79.0098,-0.9896,30,0.7500,0.4000,5,6,5,0,0,6,5,0.1667
4,84.0000,6,41,323.5958,-80.9255,0.1739,34,0.8500,0.4000,5,6,4,0,0,6,4,0.3333
4,84.0000,6,42,713.3679,-87.3829,-0.3941,3,0.0750,1.0000,8,8,8,0,0,8,8,0.0000
4,84.0000,6,43,553.8646,-83.7847,0.1558,11,0.2750,0.7143,7,8,8,0,0,8,8,0.0000
4,84.0000,6,46,519.3707,-83.1367,-1.3445,8,0.2000,1.0000,8,8,8,0,0,8,8,0.0000
4,84.0000,6,47,420.6588,-82.9041,1.9434,13,0.3250,1.0000,8,8,6,0,0,8,6,0.2500
4,84.0000,7,0,285.1408,-79.8828,0.8487,27,0.6750,0.2000,5,7,6,0,0,7,6,0.1429
4,84.0000,7,3,836.1205,-86.0625,-0.0493,7,0.1750,1.0000,8,8,8,0,0,8,8,0.0000
4,84.0000,7,6,381.6862,-80.4123,-0.5641,25,0.6250,0.4000,5,8,7,0,0,8,7,0.1250
4,84.0000,7,10,509.1896,-83.8524,0.9099,6,0.1500,0.7143,7,6,6,0,0,6,6,0.0000
4,84.0000,7,14,784.3013,-87.9868,-0.5432,3,0.0750,1.0000,8,8,8,0,0,8,8,0.0000
4,84.0000,7,16,547.8717,-85.5804,0.3047,6,0.1500,1.0000,8,7,6,0,0,7,6,0.1429
4,84.0000,7,22,611.1773,-84.0086,-0.6140,18,0.4500,0.8750,8,8,7,0,0,8,7,0.1250
4,84.0000,7,23,649.3896,-85.5154,-0.3454,12,0.3000,0.7500,8,7,5,0,0,7,5,0.2857
4,84.0000,7,24,679.5177,-85.2722,-0.7645,5,0.1250,0.8750,8,8,8,0,0,8,8,0.0000
4,84.0000,7,37,282.2103,-75.9652,-1.5856,32,0.8000,0.2000,5,5,1,0,0,5,1,0.8000
4,84.0000,7,38,221.5065,-75.2555,-1.6924,35,0.8750,0.2000,5,5,2,0,0,5,2,0.6000
4,84.0000,7,41,406.3611,-80.9361,-0.6456,25,0.6250,0.0000,4,6,3,0,0,6,3,0.5000
4,84.0000,7,42,875.7703,-88.5650,0.6606,3,0.0750,0.8571,7,8,8,0,0,8,8,0.0000
4,84.0000,7,43,402.0654,-82.6167,-0.2767,18,0.4500,0.5000,6,8,7,0,0,8,7,0.1250
4,84.0000,7,47,352.5865,-81.2651,0.8897,15,0.3750,0.7143,7,7,5,0,0,7,5,0.2857
4,84.0000,8,1,323.2426,-80.1541,1.1033,22,0.5500,0.2000,5,6,3,2,1,8,4,0.5000
4,84.0000,8,2,424.1245,-81.2009,-0.4769,18,0.4500,0.7500,8,6,3,0,0,6,3,0.5000
4,84.0000,8,4,552.6616,-84.2999,0.7863,8,0.2000,1.0000,6,10,10,0,0,10,10,0.0000
4,84.0000,8,5,335.6741,-79.8302,-0.5355,18,0.4500,0.4000,5,7,6,0,0,7,6,0.1429
4,84.0000,8,11,487.7093,-82.5281,-0.8823,13,0.3250,0.6667,6,8,8,0,0,8,8,0.0000
4,84.0000,8,12,642.3362,-83.3843,0.0963,6,0.1500,1.0000,8,8,8,0,0,8,8,0.0000
4,84.0000,8,13,485.6489,-82.9096,0.0631,13,0.3250,0.8182,11,8,8,0,0,8,8,0.0000
4,84.0000,8,14,871.7817,-89.1397,-1.0420,3,0.0750,1.0000,8,8,8,0,0,8,8,0.0000
4,84.0000,8,16,1095.4959,-89.0974,-0.0524,3,0.0750,1.0000,2,2,2,0,0,2,2,0.0000
4,84.0000,8,17,289.2779,-73.7307,-2.0767,26,0.6500,0.2000,5,6,4,0,0,6,4,0.3333
4,84.0000,8,18,928.8649,-89.2524,-0.2080,5,0.1250,0.8000,5,6,6,0,0,6,6,0.0000
4,84.0000,8,19,774.3490,-86.1192,-0.4193,3,0.0750,0.8750,8,8,8,0,0,8,8,0.0000
4,84.0000,8,20,187.0913,-75.2406,-0.5893,30,0.7500,0.5714,7,5,2,0,0,5,2,0.6000
4,84.0000,8,21,691.0804,-86.5952,-1.3544,10,0.2500,1.0000,8,8,8,0,0,8,8,0.0000
4,84.0000,8,26,802.1083,-88.1945,0.7791,5,0.1250,1.0000,8,8,8,0,0,8,8,0.0000
4,84.0000,8,27,517.2740,-83.9880,-0.3856,12,0.3000,0.6667,6,7,6,0,0,7,6,0.1429
4,84.0000,8,28,448.5413,-81.8997,-0.4452,11,0.2750,0.5714,7,8,8,0,0,8,8,0.0000
4,84.0000,8,30,221.3077,-78.7417,0.3714,28,0.7000,0.6250,8,5,2,0,0,5,2,0.6000
4,84.0000,8,31,541.5008,-83.4581,-0.1193,12,0.3000,0.7143,7,7,6,0,0,7,6,0.1429
4,84.0000,8,33,644.1861,-85.6849,-2.2647,4,0.1000,0.8571,7,7,6,0,0,7,6,0.1429
4,84.0000,8,34,766.0828,-85.6691,0.0885,4,0.1000,1.0000,8,8,8,0,0,8,8,0.0000
4,84.0000,8,36,684.6890,-86.9377,0.1523,6,0.1500,1.0000,8,8,8,0,0,8,8,0.0000
4,84.0000,8,39,832.7841,-86.5600,-0.8080,6,0.1500,0.8571,7,4,4,0,0,4,4,0.0000
4,84.0000,8,40,695.7134,-86.1149,1.3821,9,0.2250,1.0000,8,5,3,0,0,5,3,0.4000
4,84.0000,8,44,352.8183,-78.8695,-0.0169,20,0.5000,0.5000,6,8,7,0,0,8,7,0.1250
4,84.0000,8,45,1053.6944,-89.6726,-0.1902,3,0.0750,1.0000,4,4,4,0,0,4,4,0.0000
4,84.0000,8,46,842.7351,-89.4311,-0.0632,3,0.0750,1.0000,4,8,8,0,0,8,8,0.0000
4,84.0000,9,1,933.0478,-88.6932,0.1875,3,0.0750,0.6667,3,6,6,0,0,6,6,0.0000
4,84.0000,9,2,764.3609,-84.7455,-0.4460,6,0.1500,1.0000,8,8,7,0,0,8,7,0.1250
4,84.0000,9,4,687.8828,-87.7436,0.3169,5,0.1250,1.0000,8,8,8,0,0,8,8,0.0000
4,84.0000,9,11,653.1203,-86.1524,-0.5784,5,0.1250,0.7143,7,7,6,0,0,7,6,0.1429
4,84.0000,9,13,711.8765,-86.5461,-0.0460,5,0.1250,1.0000,8,8,8,0,0,8,8,0.0000
4,84.0000,9,17,650.5980,-84.7297,0.6452,7,0.1750,1.0000,8,8,8,0,0,8,8,0.0000
4,84.0000,9,18,324.2729,-79.8529,-0.2813,20,0.5000,0.7143,7,5,1,0,0,5,1,0.8000
4,84.0000,9,19,930.3959,-86.7970,0.7127,3,0.0750,1.0000,8,6,6,0,0,6,6,0.0000
4,84.0000,9,21,507.8465,-84.0145,-0.2074,16,0.4000,1.0000,8,6,4,0,0,6,4,0.3333
4,84.0000,9,25,423.8198,-83.0919,0.6493,19,0.4750,0.8571,7,7,5,0,0,7,5,0.2857
4,84.0000,9,27,605.5394,-84.1488,0.6661,9,0.2250,0.7143,7,8,7,0,0,8,7,0.1250
4,84.0000,9,28,569.5049,-84.5432,-0.6050,6,0.1500,1.0000,8,6,4,0,0,6,4,0.3333
4,84.0000,9,32,108.5158,-68.8102,-0.0048,31,0.7750,0.0000,4,4,0,0,0,4,0,1.0000
4,84.0000,9,34,557.9110,-82.8059,-0.7139,12,0.3000,0.8571,7,8,8,0,0,8,8,0.0000
4,84.0000,9,35,497.8849,-83.8864,-0.1347,17,0.4250,0.7143,7,8,7,0,0,8,7,0.1250
4,84.0000,9,36,544.8797,-84.2451,-0.2030,7,0.1750,0.8750,8,7,6,0,0,7,6,0.1429
4,84.0000,9,39,206.4442,-77.2147,0.4319,29,0.7250,0.0000,4,7,4,0,0,7,4,0.4286
4,84.0000,9,40,393.1053,-82.1579,0.6127,15,0.3750,0.5000,6,7,4,0,0,7,4,0.4286
4,84.0000,9,44,737.3320,-86.7824,1.3715,4,0.1000,0.7143,7,8,8,0,0,8,8,0.0000
4,84.0000,9,45,425.2816,-82.0163,-0.3164,26,0.6500,0.4000,5,4,0,0,0,4,0,1.0000
4,84.0000,10,0,343.7076,-81.8628,1.0357,24,0.6154,0.7143,7,7,5,0,0,7,5,0.2857
4,84.0000,10,3,774.0108,-86.5787,0.2114,10,0.2564,0.8333,6,8,8,0,0,8,8,0.0000
4,84.0000,10,4,886.7199,-86.8856,-0.9251,5,0.1282,0.8571,7,8,8,0,0,8,8,0.0000
4,84.0000,10,6,398.6173,-82.4042,0.0827,21,0.5385,0.5714,7,6,4,0,0,6,4,0.3333
4,84.0000,10,7,509.1896,-84.3741,0.1633,20,0.5128,0.8571,7,5,2,0,0,5,2,0.6000
4,84.0000,10,11,1251.2605,-89.2212,-0.4691,3,0.0769,1.0000,2,2,2,0,0,2,2,0.0000
4,84.0000,10,12,582.7483,-83.5888,0.0001,8,0.2051,1.0000,6,8,8,0,0,8,8,0.0000
4,84.0000,10,14,360.4649,-81.5933,0.8962,16,0.4103,0.5000,6,8,6,0,0,8,6,0.2500
4,84.0000,10,15,363.3146,-79.6450,-0.8913,23,0.5897,0.7500,8,7,6,0,0,7,6,0.1429
4,84.0000,10,16,57.9571,-68.6457,2.2484,37,0.9487,0.0000,4,5,1,0,0,5,1,0.8000
4,84.0000,10,19,604.5207,-84.9499,1.0638,8,0.2051,0.7143,7,8,8,0,0,8,8,0.0000
4,84.0000,10,22,788.4437,-86.7744,-0.1717,12,0.3077,1.0000,4,7,6,0,0,7,6,0.1429
4,84.0000,10,23,821.0365,-88.0078,0.1105,4,0.1026,1.0000,6,8,8,0,0,8,8,0.0000
4,84.0000,10,24,211.6197,-71.5370,-2.4492,33,0.8462,0.2000,5,6,2,0,0,6,2,0.6667
4,84.0000,10,26,531.5302,-83.7708,-1.4210,11,0.2821,1.0000,8,6,3,0,0,6,3,0.5000
4,84.0000,10,29,227.9815,-77.0454,0.1424,32,0.8205,0.0000,4,6,3,0,0,6,3,0.5000
4,84.0000,10,30,989.3691,-87.6062,-1.4849,4,0.1026,1.0000,8,6,6,0,0,6,6,0.0000
4,84.0000,10,31,698.7222,-86.1121,-0.8095,8,0.2051,0.9000,10,6,6,0,0,6,6,0.0000
4,84.0000,10,33,627.4685,-84.6969,-0.0052,10,0.2564,0.8571,7,7,6,0,0,7,6,0.1429
4,84.0000,10,37,400.5499,-82.8875,0.9345,19,0.4872,0.7143,7,7,5,0,0,7,5,0.2857
4,84.0000,10,38,617.2054,-85.8206,0.1952,13,0.3333,0.5000,4,7,6,0,0,7,6,0.1429
4,84.0000,10,41,598.1121,-85.5286,-0.0686,14,0.3590,0.8750,8,8,8,0,0,8,8,0.0000
4,84.0000,10,42,392.0975,-79.8025,-0.8341,20,0.5128,0.8750,8,8,8,0,0,8,8,0.0000
4,84.0000,10,43,458.6728,-83.1871,-0.0867,21,0.5385,0.0000,4,7,5,0,0,7,5,0.2857
4,84.0000,10,46,321.7124,-77.4935,-0.3550,24,0.6154,0.4000,5,7,6,0,0,7,6,0.1429
4,84.0000,10,47,215.7356,-77.9550,0.8704,32,0.8205,0.2000,5,4,0,0,0,4,0,1.0000
4,84.0000,11,1,313.5961,-77.4909,-1.2326,24,0.6000,0.2000,5,5,1,0,0,5,1,0.8000
4,84.0000,11,2,432.2222,-81.8718,0.1932,23,0.5750,0.8750,8,6,3,0,0,6,3,0.5000
4,84.0000,11,4,593.2253,-84.0526,0.6448,7,0.1750,1.0000,8,8,8,0,0,8,8,0.0000
4,84.0000,11,5,423.7763,-80.2274,-1.0999,15,0.3750,0.8571,7,7,6,0,0,7,6,0.1429
4,84.0000,11,8,487.7093,-81.3388,0.5085,15,0.3750,0.5000,6,7,6,0,0,7,6,0.1429
4,84.0000,11,9,653.1203,-86.4013,0.0528,11,0.2750,0.8750,8,6,6,0,0,6,6,0.0000
4,84.0000,11,12,702.7435,-84.6475,-0.0828,6,0.1500,0.8571,7,8,8,0,0,8,8,0.0000
4,84.0000,11,13,80.7071,-69.3448,1.6852,36,0.9000,0.1667,6,4,0,0,0,4,0,1.0000
4,84.0000,11,17,352.7408,-80.9832,0.1266,15,0.3750,0.2000,5,7,5,0,0,7,5,0.2857
4,84.0000,11,18,553.2217,-84.3247,-0.1913,12,0.3000,1.0000,8,7,6,0,0,7,6,0.1429
4,84.0000,11,19,738.8784,-86.6108,0.1528,4,0.1000,1.0000,8,8,7,0,0,8,7,0.1250
4,84.0000,11,20,370.8445,-81.1777,-0.2408,15,0.3750,0.5000,6,7,5,0,0,7,5,0.2857
4,84.0000,11,21,535.9216,-84.7124,0.3990,17,0.4250,0.8571,7,7,5,0,0,7,5,0.2857
4,84.0000,11,25,612.2100,-86.4021,-0.0256,17,0.4250,0.8571,7,6,4,0,0,6,4,0.3333
4,84.0000,11,27,352.0634,-81.7125,-0.1186,21,0.5250,0.2000,5,8,6,0,0,8,6,0.2500
4,84.0000,11,28,144.1617,-74.8324,1.1226,32,0.8000,0.0000,4,6,2,0,0,6,2,0.6667
4,84.0000,11,30,518.6941,-83.0532,-0.0441,10,0.2500,0.4000,5,7,6,0,0,7,6,0.1429
4,84.0000,11,31,573.0221,-85.3254,-1.3546,5,0.1250,0.5000,6,8,8,0,0,8,8,0.0000
4,84.0000,11,32,632.1690,-85.2461,0.7504,13,0.3250,1.0000,8,8,7,0,0,8,7,0.1250
4,84.0000,11,33,737.3918,-87.2028,-0.6785,5,0.1250,0.8750,8,8,8,0,0,8,8,0.0000
4,84.0000,11,34,571.5503,-84.0959,-0.0745,11,0.2750,0.8571,7,6,4,0,0,6,4,0.3333
4,84.0000,11,35,729.4733,-87.0806,0.2499,5,0.1250,1.0000,2,7,6,0,0,7,6,0.1429
4,84.0000,11,36,389.4278,-79.7871,0.0488,17,0.4250,0.6667,6,8,8,0,0,8,8,0.0000
4,84.0000,11,39,480.4772,-82.8977,0.8510,14,0.3500,0.7500,8,7,6,0,0,7,6,0.1429
4,84.0000,11,40,501.4591,-83.9599,0.7360,11,0.2750,0.8750,8,8,7,0,0,8,7,0.1250
4,84.0000,11,44,226.3456,-76.8800,0.0270,24,0.6000,0.2000,5,5,1,0,0,5,1,0.8000
4,84.0000,11,45,779.0471,-87.1911,-0.4266,4,0.1000,,0,8,7,0,0,8,7,0.1250
4,84.0000,12,0,888.4183,-88.1732,-0.5152,5,0.1250,1.0000,8,8,8,0,0,8,8,0.0000
4,84.0000,12,1,710.6658,-86.1917,-0.5646,8,0.2000,0.8571,7,7,6,0,0,7,6,0.1429
4,84.0000,12,2,955.5493,-88.6590,0.3104,4,0.1000,1.0000,8,4,4,0,0,4,4,0.0000
4,84.0000,12,4,334.6138,-79.2704,-0.0180,20,0.5000,0.5000,6,5,2,0,0,5,2,0.6000
4,84.0000,12,5,364.3883,-80.5831,-0.3981,19,0.4750,1.0000,8,8,8,0,0,8,8,0.0000
4,84.0000,12,8,642.3362,-84.2649,-0.0913,11,0.2750,0.6667,6,7,6,0,0,7,6,0.1429
4,84.0000,12,9,967.9279,-88.6411,-0.6491,4,0.1000,1.0000,4,4,4,0,0,4,4,0.0000
4,84.0000,12,10,582.7483,-84.7365,-1.0165,12,0.3000,1.0000,8,7,6,0,0,7,6,0.1429
4,84.0000,12,11,702.7435,-85.0790,-1.3356,9,0.2250,1.0000,8,4,4,0,0,4,4,0.0000
4,84.0000,12,13,758.2639,-86.9441,-0.6919,9,0.2250,0.8000,5,8,8,0,0,8,8,0.0000
4,84.0000,12,14,482.6787,-83.6493,0.2567,16,0.4000,1.0000,8,6,4,0,0,6,4,0.3333
4,84.0000,12,15,341.4803,-82.2281,0.7571,16,0.4000,0.5714,7,6,3,0,0,6,3,0.5000
4,84.0000,12,16,544.7755,-85.1609,1.1145,10,0.2500,0.8750,8,8,8,0,0,8,8,0.0000
4,84.0000,12,17,548.6104,-83.5259,-0.0374,12,0.3000,1.0000,8,7,6,0,0,7,6,0.1429
4,84.0000,12,18,837.6197,-87.1037,0.1592,8,0.2000,1.0000,4,6,6,0,0,6,6,0.0000
4,84.0000,12,19,171.1522,-76.0406,1.1305,31,0.7750,0.4000,5,4,0,0,0,4,0,1.0000
4,84.0000,12,20,566.2620,-84.9046,-0.6810,13,0.3250,0.8571,7,6,5,0,0,6,5,0.1667
4,84.0000,12,24,441.3607,-83.3301,0.5647,14,0.3500,0.7143,7,7,5,0,0,7,5,0.2857
4,84.0000,12,26,585.1024,-85.8368,0.3989,10,0.2500,1.0000,8,7,5,0,0,7,5,0.2857
4,84.0000,12,27,936.9119,-88.9949,0.4646,6,0.1500,1.0000,8,4,4,0,0,4,4,0.0000
4,84.0000,12,28,617.4788,-85.0826,-1.4035,11,0.2750,0.8571,7,8,8,0,0,8,8,0.0000
4,84.0000,12,29,411.4314,-81.4967,-0.4826,18,0.4500,0.7143,7,8,7,0,0,8,7,0.1250
4,84.0000,12,30,562.8557,-82.8932,0.0865,14,0.3500,0.8571,7,8,8,0,0,8,8,0.0000
4,84.0000,12,31,131.1816,-69.6926,-1.1642,34,0.8500,0.0000,4,5,0,0,0,5,0,1.0000
4,84.0000,12,33,126.8091,-74.1741,1.4052,34,0.8500,0.2000,5,4,0,0,0,4,0,1.0000
4,84.0000,12,34,464.3346,-83.1237,0.2796,21,0.5250,0.0000,3,9,8,0,0,9,8,0.1111
4,84.0000,12,36,514.0340,-83.9170,0.7060,14,0.3500,0.7500,8,9,8,0,0,9,8,0.1111
4,84.0000,12,39,908.5313,-87.6178,0.7385,6,0.1500,0.8000,5,6,6,0,0,6,6,0.0000
4,84.0000,12,41,1106.5499,-89.6039,0.1752,3,0.0750,,0,8,8,0,0,8,8,0.0000
4,84.0000,12,42,285.1777,-80.2317,0.4077,21,0.5250,0.8750,8,4,0,0,0,4,0,1.0000
4,84.0000,12,43,937.2833,-87.8952,0.3521,7,0.1750,1.0000,2,4,4,0,0,4,4,0.0000
4,84.0000,12,44,498.9810,-82.3522,-0.9687,16,0.4000,0.8000,5,10,10,0,0,10,10,0.0000
4,84.0000,12,46,416.6635,-83.5738,0.4477,18,0.4500,1.0000,8,6,3,0,0,6,3,0.5000
4,84.0000,12,47,763.9440,-87.4296,0.7333,6,0.1500,1.0000,8,8,8,0,0,8,8,0.0000
4,84.0000,13,1,273.5533,-75.6451,-0.4348,30,0.7500,0.0000,4,5,1,0,0,5,1,0.8000
4,84.0000,13,2,402.4321,-80.5799,-0.6072,25,0.6250,0.4000,5,7,6,0,0,7,6,0.1429
4,84.0000,13,4,660.3289,-86.3693,0.7724,5,0.1250,0.7143,7,8,8,0,0,8,8,0.0000
4,84.0000,13,5,454.4887,-81.3038,-0.3162,9,0.2250,0.8571,7,8,8,0,0,8,8,0.0000
4,84.0000,13,8,485.6489,-83.0384,-0.4338,13,0.3250,1.0000,8,8,8,0,0,8,8,0.0000
4,84.0000,13,9,711.8765,-86.5152,-0.2055,6,0.1500,1.0000,6,8,8,0,0,8,8,0.0000
4,84.0000,13,11,80.7071,-70.0216,1.5301,32,0.8000,0.0000,4,4,0,0,0,4,0,1.0000
4,84.0000,13,12,758.2639,-86.8429,-0.7757,3,0.0750,0.8750,8,7,6,0,0,7,6,0.1429
4,84.0000,13,15,1058.3386,-89.5123,-0.2811,3,0.0750,1.0000,6,8,8,0,0,8,8,0.0000
4,84.0000,13,17,395.5873,-82.0956,-0.9156,12,0.3000,0.8571,7,7,6,0,0,7,6,0.1429
4,84.0000,13,18,621.1613,-85.2106,0.2675,8,0.2000,0.7143,7,8,8,0,0,8,8,0.0000
4,84.0000,13,19,803.3339,-86.1925,2.0319,4,0.1000,0.8571,7,6,6,0,0,6,6,0.0000
4,84.0000,13,20,369.2469,-81.6724,1.4856,16,0.4000,0.7143,7,7,5,0,0,7,5,0.2857
4,84.0000,13,21,541.4002,-83.9675,-0.3707,16,0.4000,0.8571,7,8,5,0,0,8,5,0.3750
4,84.0000,13,25,629.6796,-85.1394,0.3301,14,0.3500,0.8571,7,8,8,0,0,8,8,0.0000
4,84.0000,13,27,340.4258,-80.9697,1.0325,25,0.6250,0.5714,7,7,4,0,0,7,4,0.4286
4,84.0000,13,28,215.2361,-78.2776,1.1408,20,0.5000,0.7500,8,5,1,0,0,5,1,0.8000
4,84.0000,13,30,513.4799,-83.0790,0.3583,8,0.2000,0.5000,6,7,5,0,0,7,5,0.2857
4,84.0000,13,31,627.4167,-84.7697,-1.2127,5,0.1250,1.0000,8,6,4,0,0,6,4,0.3333
4,84.0000,13,32,685.1315,-86.0166,-1.0451,9,0.2250,0.8750,8,8,8,0,0,8,8,0.0000
4,84.0000,13,33,797.0973,-88.5227,0.2870,3,0.0750,1.0000,8,8,8,0,0,8,8,0.0000
4,84.0000,13,34,651.5412,-86.2983,-0.7618,7,0.1750,0.8571,7,8,7,0,0,8,7,0.1250
4,84.0000,13,35,750.8632,-85.6251,3.0090,6,0.1500,0.7500,8,5,4,0,0,5,4,0.2000
4,84.0000,13,36,468.1400,-82.7830,-0.4896,14,0.3500,0.8571,7,8,8,0,0,8,8,0.0000
4,84.0000,13,39,535.3232,-85.0974,-0.1634,12,0.3000,0.6667,6,8,8,0,0,8,8,0.0000
4,84.0000,13,40,523.8356,-83.8572,-1.1973,13,0.3250,0.6667,6,7,6,0,0,7,6,0.1429
4,84.0000,13,44,268.3440,-78.6361,0.5719,17,0.4250,1.0000,8,5,2,0,0,5,2,0.6000
4,84.0000,13,45,798.7678,-86.6710,0.2133,8,0.2000,1.0000,8,5,4,0,0,5,4,0.2000
4,84.0000,14,0,621.7316,-85.4597,0.6150,12,0.3000,1.0000,8,5,3,0,0,5,3,0.4000
4,84.0000,14,3,643.2476,-85.3549,0.0863,12,0.3000,0.4000,5,6,5,0,0,6,5,0.1667
4,84.0000,14,4,800.2394,-87.8369,1.0133,4,0.1000,1.0000,8,8,8,0,0,8,8,0.0000
4,84.0000,14,5,630.3281,-86.3105,1.2733,6,0.1500,1.0000,8,8,8,0,0,8,8,0.0000
4,84.0000,14,6,490.5449,-83.7829,-0.3757,22,0.5500,0.8571,7,8,8,0,0,8,8,0.0000
4,84.0000,14,7,784.3013,-86.7872,-0.3140,12,0.3000,0.8750,8,6,5,0,0,6,5,0.1667
4,84.0000,14,8,871.7817,-88.1789,-0.6790,4,0.1000,0.8571,7,4,4,0,0,4,4,0.0000
4,84.0000,14,10,360.4649,-80.1800,0.0255,27,0.6750,0.8571,7,7,6,0,0,7,6,0.1429
4,84.0000,14,11,1022.4740,-88.9821,-0.4026,4,0.1000,,0,4,4,0,0,4,4,0.0000
4,84.0000,14,12,482.6787,-84.0734,0.5970,9,0.2250,0.6667,6,7,5,0,0,7,5,0.2857
4,84.0000,14,15,479.3281,-84.9642,0.9363,9,0.2250,1.0000,6,8,8,0,0,8,8,0.0000
4,84.0000,14,16,367.8720,-82.0817,0.2422,18,0.4500,0.8571,7,6,4,0,0,6,4,0.3333
4,84.0000,14,17,921.1935,-87.7705,0.6345,4,0.1000,0.6667,3,5,4,0,0,5,4,0.2000
4,84.0000,14,19,573.5194,-86.3959,0.0762,9,0.2250,1.0000,8,8,7,0,0,8,7,0.1250
4,84.0000,14,20,787.0587,-86.4399,-0.4444,4,0.1000,0.8750,8,8,8,0,0,8,8,0.0000
4,84.0000,14,22,880.8791,-86.6854,-0.2505,8,0.2000,0.8750,8,2,0,0,0,2,0,1.0000
4,84.0000,14,23,911.8771,-86.9937,-0.5787,9,0.2250,1.0000,6,4,4,0,0,4,4,0.0000
4,84.0000,14,24,430.8000,-81.9196,0.6194,21,0.5250,0.4000,5,7,6,0,0,7,6,0.1429
4,84.0000,14,26,213.1904,-76.7987,0.9666,30,0.7500,0.0000,4,4,0,0,0,4,0,1.0000
4,84.0000,14,29,293.3507,-80.4954,0.4153,21,0.5250,0.5714,7,5,1,0,0,5,1,0.8000
4,84.0000,14,30,695.2722,-86.1636,-0.1007,5,0.1250,1.0000,8,8,8,0,0,8,8,0.0000
4,84.0000,14,31,545.8711,-85.3705,0.3455,9,0.2250,1.0000,8,8,8,0,0,8,8,0.0000
4,84.0000,14,33,569.3193,-85.3159,0.7888,7,0.1750,1.0000,8,9,8,0,0,9,8,0.1111
4,84.0000,14,36,933.9540,-88.5729,-0.5473,3,0.0750,1.0000,8,6,6,0,0,6,6,0.0000
4,84.0000,14,37,571.2159,-84.2503,-0.1312,17,0.4250,0.7143,7,7,6,0,0,7,6,0.1429
4,84.0000,14,38,841.8981,-86.5558,-0.1735,11,0.2750,0.8571,7,4,4,0,0,4,4,0.0000
4,84.0000,14,41,731.0532,-87.5023,-0.4028,9,0.2250,0.8571,7,6,4,0,0,6,4,0.3333
4,84.0000,14,42,387.7680,-82.0378,0.0101,15,0.3750,0.7143,7,7,5,0,0,7,5,0.2857
4,84.0000,14,43,766.7789,-86.5519,-0.1534,11,0.2750,0.8571,7,8,8,0,0,8,8,0.0000
4,84.0000,14,44,817.6550,-88.0620,-0.5815,4,0.1000,0.9000,10,8,8,0,0,8,8,0.0000
4,84.0000,14,46,95.2474,-69.0790,0.3823,36,0.9000,0.4000,5,4,0,0,0,4,0,1.0000
4,84.0000,14,47,567.6411,-84.9872,-0.1636,13,0.3250,1.0000,6,7,5,0,0,7,5,0.2857
4,84.0000,15,0,677.4044,-85.3302,-0.3041,15,0.3750,0.8750,8,8,8,0,0,8,8,0.0000
4,84.0000,15,4,613.7388,-83.2774,0.6041,5,0.1250,0.8750,8,8,8,0,0,8,8,0.0000
4,84.0000,15,5,689.0388,-86.1874,-0.0774,6,0.1500,1.0000,8,8,7,0,0,8,7,0.1250
4,84.0000,15,6,748.3072,-85.6449,-1.0865,12,0.3000,1.0000,8,7,5,0,0,7,5,0.2857
4,84.0000,15,10,363.3146,-79.1847,-1.4393,26,0.6500,0.8571,7,8,7,0,0,8,7,0.1250
4,84.0000,15,12,341.4803,-81.9346,1.6301,10,0.2500,1.0000,8,5,2,0,0,5,2,0.6000
4,84.0000,15,14,479.3281,-83.5794,0.6739,17,0.4250,0.7143,7,7,5,0,0,7,5,0.2857
4,84.0000,15,16,330.5270,-76.7649,-1.5715,33,0.8250,0.4000,5,6,3,0,0,6,3,0.5000
4,84.0000,15,17,882.1186,-87.8981,0.6911,6,0.1500,1.0000,6,6,6,0,0,6,6,0.0000
4,84.0000,15,19,277.8110,-80.2549,0.7314,18,0.4500,0.8750,8,5,2,0,0,5,2,0.6000
4,84.0000,15,24,166.8900,-74.2066,0.8907,31,0.7750,0.0000,4,4,0,0,0,4,0,1.0000
4,84.0000,15,26,665.4107,-86.1763,-0.0890,9,0.2250,1.0000,8,6,5,0,0,6,5,0.1667
4,84.0000,15,29,216.7943,-75.5305,-0.0527,30,0.7500,0.4000,5,4,0,0,0,4,0,1.0000
4,84.0000,15,30,877.0894,-88.8858,-0.6832,4,0.1000,1.0000,4,8,8,0,0,8,8,0.0000
4,84.0000,15,31,459.0028,-83.8547,1.1081,12,0.3000,0.7143,7,8,8,0,0,8,8,0.0000
4,84.0000,15,33,383.6447,-81.3184,-0.1214,13,0.3250,0.8571,7,8,6,0,0,8,6,0.2500
4,84.0000,15,34,642.0703,-87.3923,-2.2562,3,0.0750,0.8750,8,10,10,0,0,10,10,0.0000
4,84.0000,15,36,737.2369,-86.5489,0.5785,8,0.2000,1.0000,8,7,6,0,0,7,6,0.1429
4,84.0000,15,37,763.3849,-87.1640,0.3284,10,0.2500,0.8750,8,6,5,0,0,6,5,0.1667
4,84.0000,15,38,967.5002,-87.7430,-0.5266,5,0.1250,1.0000,8,2,2,0,0,2,2,0.0000
4,84.0000,15,41,956.5987,-88.5888,-0.7892,5,0.1250,1.0000,4,4,4,0,0,4,4,0.0000
4,84.0000,15,42,327.7119,-79.5709,-0.1679,19,0.4750,0.5714,7,6,3,0,0,6,3,0.5000
4,84.0000,15,43,718.7839,-85.9864,-0.1109,14,0.3500,1.0000,8,8,8,0,0,8,8,0.0000
4,84.0000,15,44,816.6432,-87.4110,0.2414,4,0.1000,1.0000,8,4,4,0,0,4,4,0.0000
4,84.0000,15,46,416.2308,-83.0380,0.9064,14,0.3500,0.7500,8,6,4,0,0,6,4,0.3333
4,84.0000,15,47,500.5698,-83.0452,-1.3135,24,0.6000,0.8571,7,8,7,0,0,8,7,0.1250
4,84.0000,16,0,361.3464,-81.8049,-0.0953,27,0.6750,0.5714,7,4,0,0,0,4,0,1.0000
4,84.0000,16,3,797.9433,-86.4817,0.4162,10,0.2500,1.0000,4,4,4,0,0,4,4,0.0000
4,84.0000,16,4,840.3534,-85.8795,1.0071,4,0.1000,1.0000,8,8,8,0,0,8,8,0.0000
4,84.0000,16,5,845.7118,-88.0256,-2.3398,5,0.1250,1.0000,8,8,8,0,0,8,8,0.0000
4,84.0000,16,6,446.1095,-82.9770,0.3182,19,0.4750,0.8571,7,7,5,0,0,7,5,0.2857
4,84.0000,16,7,547.8717,-85.2163,-0.2910,16,0.4000,0.5000,6,8,5,0,0,8,5,0.3750
4,84.0000,16,10,57.9571,-68.1779,2.3641,36,0.9000,0.0000,4,5,1,0,0,5,1,0.8000
4,84.0000,16,12,544.7755,-84.7327,0.5706,10,0.2500,1.0000,8,7,5,0,0,7,5,0.2857
4,84.0000,16,14,367.8720,-82.3077,0.9629,21,0.5250,0.8571,7,7,6,0,0,7,6,0.1429
4,84.0000,16,15,330.5270,-76.5591,-1.5306,32,0.8000,0.6667,6,7,6,0,0,7,6,0.1429
4,84.0000,16,19,568.5507,-83.9022,-0.6922,14,0.3500,1.0000,8,8,8,0,0,8,8,0.0000
4,84.0000,16,20,1032.6068,-87.6016,0.3108,3,0.0750,1.0000,8,6,6,0,0,6,6,0.0000
4,84.0000,16,22,808.0959,-87.4686,-0.2681,12,0.3000,0.8333,6,6,6,0,0,6,6,0.0000
4,84.0000,16,23,838.2899,-86.4956,-0.3868,5,0.1250,1.0000,4,8,8,0,0,8,8,0.0000
4,84.0000,16,24,172.6386,-67.5536,-2.9235,35,0.8750,0.0000,4,5,1,0,0,5,1,0.8000
4,84.0000,16,26,534.8130,-84.8782,-0.3586,10,0.2500,1.0000,8,7,5,0,0,7,5,0.2857
4,84.0000,16,29,221.8557,-76.8389,0.4791,30,0.7500,0.2000,5,4,0,53,31,57,31,0.4561
4,84.0000,16,30,965.9570,-88.2250,-0.6194,4,0.1000,1.0000,4,6,6,0,0,6,6,0.0000
4,84.0000,16,31,664.5215,-84.8314,0.5315,7,0.1750,1.0000,14,8,8,0,0,8,8,0.0000
4,84.0000,16,33,581.3412,-83.4973,-0.5508,12,0.3000,1.0000,8,8,8,0,0,8,8,0.0000
4,84.0000,16,37,441.6433,-83.6436,0.6781,19,0.4750,0.8571,7,7,4,0,0,7,4,0.4286
4,84.0000,16,38,650.1256,-85.6446,-0.2740,16,0.4000,1.0000,8,8,8,0,0,8,8,0.0000
4,84.0000,16,41,626.3063,-86.6055,0.4861,14,0.3500,0.8571,7,6,5,0,0,6,5,0.1667
4,84.0000,16,42,343.6918,-79.6745,-1.4317,28,0.7000,0.3333,6,7,6,0,0,7,6,0.1429
4,84.0000,16,43,453.5901,-82.6304,0.2538,25,0.6250,0.2000,5,8,8,0,0,8,8,0.0000
4,84.0000,16,46,314.9480,-80.1793,1.0140,29,0.7250,0.5000,6,7,6,0,0,7,6,0.1429
4,84.0000,16,47,231.2513,-76.6723,-0.6471,30,0.7500,0.2000,5,7,4,0,0,7,4,0.4286
4,84.0000,17,1,411.0616,-81.0987,-0.7516,23,0.5750,0.7778,9,6,4,0,0,6,4,0.3333
4,84.0000,17,2,426.1387,-80.9710,-0.9720,27,0.6750,0.7059,17,7,6,19,8,26,14,0.4615
4,84.0000,17,4,345.9105,-80.6975,1.6564,13,0.3250,1.0000,8,7,5,0,0,7,5,0.2857
4,84.0000,17,5,320.1982,-77.6737,-0.6936,27,0.6750,0.3333,6,7,6,0,0,7,6,0.1429
4,84.0000,17,8,289.2779,-74.8538,-2.3163,32,0.8000,0.4000,5,7,4,0,0,7,4,0.4286
4,84.0000,17,9,650.5980,-86.3683,-0.7517,9,0.2250,1.0000,8,8,8,0,0,8,8,0.0000
4,84.0000,17,11,352.7408,-80.5148,-0.2415,22,0.5500,1.0000,10,6,4,0,0,6,4,0.3333
4,84.0000,17,12,548.6104,-83.9426,-0.2449,8,0.2000,0.5000,6,7,6,0,0,7,6,0.1429
4,84.0000,17,13,395.5873,-80.9988,0.5118,21,0.5250,0.6400,25,6,4,0,0,6,4,0.3333
4,84.0000,17,15,882.1186,-87.7221,0.5785,3,0.0750,1.0000,8,7,6,0,0,7,6,0.1429
4,84.0000,17,18,657.9326,-85.9200,-0.0263,10,0.2500,1.0000,8,8,8,0,0,8,8,0.0000
4,84.0000,17,19,630.5466,-86.0561,-1.2294,5,0.1250,1.0000,8,7,6,0,0,7,6,0.1429
4,84.0000,17,20,294.5672,-77.4665,-1.4954,30,0.7500,0.5000,6,9,5,0,0,9,5,0.4444
4,84.0000,17,21,544.4124,-85.1009,0.2566,10,0.2500,0.8571,7,7,5,0,0,7,5,0.2857
4,84.0000,17,25,781.6526,-87.6461,-1.3293,8,0.2000,1.0000,6,8,8,0,0,8,8,0.0000
4,84.0000,17,26,917.0934,-89.1513,0.6850,3,0.0750,1.0000,6,2,2,0,0,2,2,0.0000
4,84.0000,17,27,412.5649,-83.5849,0.8053,19,0.4750,0.8750,8,6,4,0,0,6,4,0.3333
4,84.0000,17,28,239.3635,-76.9800,-0.0213,29,0.7250,0.3333,6,5,2,0,0,5,2,0.6000
4,84.0000,17,30,412.0169,-81.2347,-0.3487,18,0.4500,0.4286,7,7,5,0,0,7,5,0.2857
4,84.0000,17,31,437.4967,-82.1861,0.3171,13,0.3250,0.6667,6,8,7,0,0,8,7,0.1250
4,84.0000,17,32,686.0921,-86.5408,0.1605,8,0.2000,1.0000,8,6,5,0,0,6,5,0.1667
4,84.0000,17,33,530.0272,-84.8490,0.1217,8,0.2000,1.0000,8,8,7,0,0,8,7,0.1250
4,84.0000,17,34,510.0374,-84.0000,0.5750,11,0.2750,0.8571,7,7,5,0,0,7,5,0.2857
4,84.0000,17,35,928.6942,-88.3513,-0.2636,4,0.1000,,0,2,2,0,0,2,2,0.0000
4,84.0000,17,36,441.6736,-83.1211,-0.0265,9,0.2250,0.7143,7,6,2,0,0,6,2,0.6667
4,84.0000,17,39,573.3289,-85.5407,-0.4461,12,0.3000,0.8333,6,6,4,0,0,6,4,0.3333
4,84.0000,17,40,503.6860,-85.1988,0.7802,11,0.2750,0.8750,8,5,2,0,0,5,2,0.6000
4,84.0000,17,42,759.5871,-87.6493,0.3142,5,0.1250,1.0000,8,8,8,0,0,8,8,0.0000
4,84.0000,17,44,236.0006,-76.9803,-0.1394,30,0.7500,0.0000,4,5,1,0,0,5,1,0.8000
4,84.0000,17,45,850.0836,-88.4272,0.0307,4,0.1000,1.0000,8,8,8,0,0,8,8,0.0000
4,84.0000,18,1,856.0597,-87.3334,-0.3334,4,0.1000,1.0000,8,8,8,0,0,8,8,0.0000
4,84.0000,18,2,840.9050,-88.0169,-0.7753,5,0.1250,0.8750,8,10,10,0,0,10,10,0.0000
4,84.0000,18,4,652.2968,-84.3263,0.6755,4,0.1000,0.8571,7,7,6,0,0,7,6,0.1429
4,84.0000,18,5,789.8666,-87.3598,-1.8226,4,0.1000,1.0000,8,8,8,0,0,8,8,0.0000
4,84.0000,18,9,324.2729,-80.2630,-0.0211,24,0.6000,0.2000,5,6,3,0,0,6,3,0.5000
4,84.0000,18,11,553.2217,-84.5364,0.4516,7,0.1750,1.0000,8,7,6,0,0,7,6,0.1429
4,84.0000,18,12,837.6197,-87.6219,1.0723,4,0.1000,1.0000,8,8,8,0,0,8,8,0.0000
4,84.0000,18,13,621.1613,-86.1318,0.0212,8,0.2000,1.0000,8,8,8,0,0,8,8,0.0000
4,84.0000,18,17,657.9326,-86.3685,-0.8036,4,0.1000,0.8750,8,8,7,0,0,8,7,0.1250
4,84.0000,18,20,846.8600,-88.0031,0.3885,4,0.1000,1.0000,8,5,4,0,0,5,4,0.2000
4,84.0000,18,21,682.5349,-85.9161,-0.5352,6,0.1500,1.0000,6,8,7,0,0,8,7,0.1250
4,84.0000,18,25,499.7156,-85.5139,-0.4543,13,0.3250,0.7143,7,6,4,0,0,6,4,0.3333
4,84.0000,18,27,680.7573,-85.9220,0.9725,7,0.1750,1.0000,8,7,6,0,0,7,6,0.1429
4,84.0000,18,28,497.9207,-82.5437,-0.8182,7,0.1750,1.0000,8,8,8,0,0,8,8,0.0000
4,84.0000,18,31,757.1836,-85.0045,1.7573,3,0.0750,1.0000,8,8,8,0,0,8,8,0.0000
4,84.0000,18,32,300.0238,-79.8534,0.3004,29,0.7250,0.4000,5,7,4,0,0,7,4,0.4286
4,84.0000,18,33,834.3664,-87.3333,-0.7736,4,0.1000,1.0000,8,8,8,0,0,8,8,0.0000
4,84.0000,18,34,402.1611,-79.3890,-0.1459,18,0.4500,0.5000,6,7,5,0,0,7,5,0.2857
4,84.0000,18,35,506.6968,-84.6086,-0.2826,13,0.3250,0.7143,7,6,4,0,0,6,4,0.3333
4,84.0000,18,36,342.2964,-78.6406,-0.0623,16,0.4000,1.0000,6,8,8,0,0,8,8,0.0000
4,84.0000,18,39,237.2061,-78.2710,0.3501,20,0.5000,0.2000,5,4,0,0,0,4,0,1.0000
4,84.0000,18,40,573.6639,-85.6779,0.5545,7,0.1750,0.6667,6,8,7,0,0,8,7,0.1250
4,84.0000,18,45,646.4517,-84.8317,-0.2733,13,0.3250,1.0000,8,7,6,0,0,7,6,0.1429
4,84.0000,19,0,923.1496,-86.8175,-1.9020,5,0.1220,1.0000,4,6,6,0,0,6,6,0.0000
4,84.0000,19,1,806.1490,-87.6147,-0.4964,6,0.1463,1.0000,8,7,6,0,0,7,6,0.1429
4,84.0000,19,2,1039.1554,-88.0297,-0.7672,3,0.0732,1.0000,4,6,6,0,0,6,6,0.0000
4,84.0000,19,4,375.9424,-79.9423,-0.4923,22,0.5366,0.8571,7,7,5,1,0,8,5,0.3750
4,84.0000,19,5,479.8014,-83.7471,-0.3614,12,0.2927,0.8750,8,10,8,0,0,10,8,0.2000
4,84.0000,19,8,774.3490,-86.9142,1.2922,5,0.1220,1.0000,8,6,5,0,0,6,5,0.1667
4,84.0000,19,9,930.3959,-86.4443,-1.1329,4,0.0976,1.0000,4,8,8,0,0,8,8,0.0000
4,84.0000,19,10,604.5207,-85.1880,0.2839,10,0.2439,0.8750,8,7,6,0,0,7,6,0.1429
4,84.0000,19,11,738.8784,-86.7483,-1.1272,4,0.0976,1.0000,8,6,6,0,0,6,6,0.0000
4,84.0000,19,12,171.1522,-76.3168,1.6670,25,0.6098,0.5714,7,5,1,0,0,5,1,0.8000
4,84.0000,19,13,803.3339,-88.4851,-0.1357,3,0.0732,1.0000,6,7,6,0,0,7,6,0.1429
4,84.0000,19,14,573.5194,-84.8731,0.8788,9,0.2195,0.8333,6,7,5,0,0,7,5,0.2857
4,84.0000,19,15,277.8110,-80.0467,1.0956,22,0.5366,0.8571,7,5,2,0,0,5,2,0.6000
4,84.0000,19,16,568.5507,-84.4057,0.7748,9,0.2195,0.8571,7,5,4,0,0,5,4,0.2000
4,84.0000,19,17,630.5466,-85.0844,-0.2465,6,0.1463,1.0000,8,6,4,0,0,6,4,0.3333
4,84.0000,19,18,765.3073,-85.6284,0.4667,10,0.2439,0.8000,5,3,2,0,0,3,2,0.3333
4,84.0000,19,20,682.9472,-85.9216,0.6245,9,0.2195,1.0000,8,8,8,0,0,8,8,0.0000
4,84.0000,19,24,425.9839,-83.5887,0.7114,17,0.4146,0.8571,7,7,5,0,0,7,5,0.2857
4,84.0000,19,26,714.2130,-86.0615,-0.0100,6,0.1463,1.0000,8,8,8,0,0,8,8,0.0000
4,84.0000,19,28,653.0921,-84.8396,-0.5462,8,0.1951,0.8750,8,7,6,0,0,7,6,0.1429
4,84.0000,19,29,415.7916,-80.9839,0.0614,17,0.4146,0.8571,7,7,6,0,0,7,6,0.1429
4,84.0000,19,30,703.4510,-87.2124,-0.7071,6,0.1463,1.0000,8,7,6,0,0,7,6,0.1429
4,84.0000,19,31,237.5986,-78.7913,0.9995,20,0.4878,0.7143,7,5,2,0,0,5,2,0.6000
4,84.0000,19,32,975.9999,-87.9999,0.9431,6,0.1463,0.8571,7,4,4,0,0,4,4,0.0000
4,84.0000,19,33,220.1528,-76.5097,0.1145,30,0.7317,0.4000,5,6,3,0,0,6,3,0.5000
4,84.0000,19,34,382.7611,-81.6272,0.4365,18,0.4390,0.7500,8,7,6,0,0,7,6,0.1429
4,84.0000,19,36,465.9453,-82.2226,0.1994,12,0.2927,0.8571,7,8,6,0,0,8,6,0.2500
4,84.0000,19,37,996.1439,-89.2372,-0.6647,5,0.1220,1.0000,4,8,8,0,0,8,8,0.0000
4,84.0000,19,39,877.6219,-86.6713,1.1585,5,0.1220,1.0000,4,5,4,0,0,5,4,0.2000
4,84.0000,19,42,384.5621,-82.7161,1.5211,15,0.3659,1.0000,8,8,8,0,0,8,8,0.0000
4,84.0000,19,43,960.5956,-87.1713,1.6913,5,0.1220,1.0000,4,4,4,0,0,4,4,0.0000
4,84.0000,19,44,567.8379,-85.1024,0.0528,8,0.1951,1.0000,8,8,8,0,0,8,8,0.0000
4,84.0000,19,46,512.7614,-84.7402,0.7365,13,0.3171,0.7143,7,8,8,0,0,8,8,0.0000
4,84.0000,19,47,766.2436,-87.0959,-1.7273,8,0.1951,1.0000,8,4,4,0,0,4,4,0.0000
4,84.0000,20,1,187.8733,-76.5122,0.4474,33,0.8250,0.4167,12,4,0,0,0,4,0,1.0000
4,84.0000,20,2,472.4110,-83.1977,-0.4648,15,0.3750,0.9000,60,8,7,84,81,92,88,0.0435
4,84.0000,20,4,535.7830,-83.8882,1.1262,10,0.2500,0.8571,7,7,6,0,0,7,6,0.1429
4,84.0000,20,5,207.6582,-73.9033,-1.2119,29,0.7250,0.5000,10,6,2,0,0,6,2,0.6667
4,84.0000,20,8,187.0913,-74.7254,0.8908,31,0.7750,0.0000,4,4,0,0,0,4,0,1.0000
4,84.0000,20,9,905.3820,-87.7627,-0.0463,5,0.1250,,0,8,8,0,0,8,8,0.0000
4,84.0000,20,11,370.8445,-80.4627,-0.5783,23,0.5750,0.4000,5,8,8,0,0,8,8,0.0000
4,84.0000,20,12,566.2620,-83.0123,-0.9810,10,0.2500,1.0000,8,8,8,0,0,8,8,0.0000
4,84.0000,20,13,369.2469,-81.3376,-0.1278,24,0.6000,0.5000,6,6,4,0,0,6,4,0.3333
4,84.0000,20,14,787.0587,-87.5418,0.4001,5,0.1250,0.8571,7,8,8,0,0,8,8,0.0000
4,84.0000,20,15,895.2187,-87.8901,-0.5380,7,0.1750,1.0000,8,8,8,0,0,8,8,0.0000
4,84.0000,20,17,294.5672,-76.5153,-1.5756,29,0.7250,0.5714,7,7,6,0,0,7,6,0.1429
4,84.0000,20,18,846.8600,-86.8869,-0.4976,5,0.1250,0.7143,7,8,8,0,0,8,8,0.0000
4,84.0000,20,19,682.9472,-85.8648,0.4245,8,0.2000,1.0000,8,8,8,0,0,8,8,0.0000
4,84.0000,20,21,724.1121,-87.1002,0.8459,7,0.1750,1.0000,8,8,8,0,0,8,8,0.0000
4,84.0000,20,26,742.7826,-85.8843,0.1981,9,0.2250,1.0000,8,6,6,0,0,6,6,0.0000
4,84.0000,20,27,524.1561,-83.8080,0.9082,17,0.4250,0.8571,7,8,8,0,0,8,8,0.0000
4,84.0000,20,28,360.5133,-80.1911,0.6506,21,0.5250,0.2000,5,8,8,56,50,64,58,0.0938
4,84.0000,20,29,893.3112,-86.9418,0.2863,7,0.1750,1.0000,8,4,3,0,0,4,3,0.2500
4,84.0000,20,30,153.5355,-75.2863,0.9921,33,0.8250,0.0000,4,4,0,0,0,4,0,1.0000
4,84.0000,20,31,449.8144,-81.7737,-0.7672,13,0.3250,0.9333,15,8,8,0,0,8,8,0.0000
4,84.0000,20,32,919.4227,-87.6708,0.4793,4,0.1000,1.0000,4,8,8,0,0,8,8,0.0000
4,84.0000,20,33,601.0859,-86.2184,1.3545,11,0.2750,1.0000,8,7,6,0,0,7,6,0.1429
4,84.0000,20,34,688.2091,-85.4244,-0.2129,7,0.1750,0.8571,7,6,6,0,0,6,6,0.0000
4,84.0000,20,36,576.2063,-83.7052,-0.4745,13,0.3250,0.8571,7,8,8,0,0,8,8,0.0000
4,84.0000,20,39,783.1864,-86.0112,-0.5323,11,0.2750,1.0000,6,4,4,0,0,4,4,0.0000
4,84.0000,20,40,714.1702,-87.9888,0.1971,7,0.1750,1.0000,4,8,8,0,0,8,8,0.0000
4,84.0000,20,42,752.5867,-87.0859,-0.2200,7,0.1750,1.0000,8,6,6,0,0,6,6,0.0000
4,84.0000,20,44,215.8171,-73.9691,-1.2280,28,0.7000,0.0000,4,6,4,0,0,6,4,0.3333
4,84.0000,20,46,769.2027,-86.3039,-0.0474,4,0.1000,1.0000,2,8,8,0,0,8,8,0.0000
4,84.0000,21,1,705.3621,-85.6277,-0.0854,6,0.1500,1.0000,8,8,8,0,0,8,8,0.0000
4,84.0000,21,2,346.6644,-80.3585,0.9228,20,0.5000,0.8571,7,6,4,0,0,6,4,0.3333
4,84.0000,21,4,805.2954,-89.1813,-0.2975,3,0.0750,1.0000,6,8,8,0,0,8,8,0.0000
4,84.0000,21,5,829.5845,-88.6947,-1.7399,5,0.1250,1.0000,8,8,8,0,0,8,8,0.0000
4,84.0000,21,8,691.0804,-84.5532,-0.3111,6,0.1500,0.8571,7,8,7,0,0,8,7,0.1250
4,84.0000,21,9,507.8465,-83.7678,0.0372,13,0.3250,0.8571,7,8,6,0,0,8,6,0.2500
4,84.0000,21,11,535.9216,-84.7772,2.1614,8,0.2000,0.8571,7,6,4,0,0,6,4,0.3333
4,84.0000,21,13,541.4002,-84.8497,0.1814,14,0.3500,1.0000,8,7,6,0,0,7,6,0.1429
4,84.0000,21,17,544.4124,-85.1573,1.3831,8,0.2000,1.0000,8,8,8,0,0,8,8,0.0000
4,84.0000,21,18,682.5349,-86.3742,-3.5429,7,0.1750,1.0000,8,8,8,0,0,8,8,0.0000
4,84.0000,21,20,724.1121,-87.3877,-2.0431,4,0.1000,1.0000,8,7,6,0,0,7,6,0.1429
4,84.0000,21,25,424.7984,-81.4719,0.1863,26,0.6500,0.5714,7,8,7,0,0,8,7,0.1250
4,84.0000,21,27,225.6909,-77.1506,0.5626,29,0.7250,0.2000,5,5,1,0,0,5,1,0.8000
4,84.0000,21,28,507.9857,-86.0904,0.5581,8,0.2000,0.8571,7,8,8,0,0,8,8,0.0000
4,84.0000,21,30,862.9919,-88.8138,1.5271,4,0.1000,1.0000,4,8,8,0,0,8,8,0.0000
4,84.0000,21,32,495.0504,-83.4267,0.1790,17,0.4250,1.0000,8,7,5,0,0,7,5,0.2857
4,84.0000,21,34,831.0322,-88.9680,0.8057,4,0.1000,1.0000,8,6,6,0,0,6,6,0.0000
4,84.0000,21,35,616.4452,-85.3666,1.4720,12,0.3000,0.8571,7,8,8,0,0,8,8,0.0000
4,84.0000,21,36,732.4866,-85.7959,0.6200,7,0.1750,1.0000,8,8,8,0,0,8,8,0.0000
4,84.0000,21,39,452.4184,-82.7577,0.3709,13,0.3250,0.7500,8,8,8,0,0,8,8,0.0000
4,84.0000,21,40,118.3839,-66.2923,-1.8913,34,0.8500,0.2000,5,4,0,0,0,4,0,1.0000
4,84.0000,21,44,659.4752,-86.8287,-0.1218,6,0.1500,0.8750,8,8,8,0,0,8,8,0.0000
4,84.0000,21,45,390.3428,-80.5705,-0.5996,23,0.5750,0.5000,6,5,1,0,0,5,1,0.8000
4,84.0000,22,0,527.0267,-83.1788,0.5021,13,0.3250,0.8750,8,8,7,0,0,8,7,0.1250
4,84.0000,22,3,502.6428,-83.0844,0.0752,22,0.5500,0.5000,6,8,8,0,0,8,8,0.0000
4,84.0000,22,6,527.6506,-83.7009,0.0448,14,0.3500,0.8750,8,8,8,0,0,8,8,0.0000
4,84.0000,22,7,611.1773,-84.0883,-0.6434,15,0.3750,0.8571,7,8,7,0,0,8,7,0.1250
4,84.0000,22,14,880.8791,-87.4741,1.8130,3,0.0750,1.0000,8,8,8,0,0,8,8,0.0000
4,84.0000,22,16,808.0959,-87.6655,1.4147,5,0.1250,1.0000,8,8,8,0,0,8,8,0.0000
4,84.0000,22,23,47.4289,-66.5001,2.6327,33,0.8250,0.0000,4,5,1,0,0,5,1,0.8000
4,84.0000,22,26,850.7842,-86.4999,-0.7532,6,0.1500,1.0000,8,8,8,0,0,8,8,0.0000
4,84.0000,22,37,460.8064,-82.1704,0.1110,19,0.4750,0.7143,7,8,7,0,0,8,7,0.1250
4,84.0000,22,38,410.6537,-80.8640,-0.4031,27,0.6750,0.5000,6,8,8,0,0,8,8,0.0000
4,84.0000,22,41,224.5574,-74.9512,-0.7237,30,0.7500,0.2000,5,6,3,0,0,6,3,0.5000
4,84.0000,22,42,983.9673,-87.6441,1.7034,3,0.0750,1.0000,8,6,6,0,0,6,6,0.0000
4,84.0000,22,43,621.0386,-85.7434,-1.4917,11,0.2750,0.7500,8,8,8,0,0,8,8,0.0000
4,84.0000,22,47,734.6672,-86.0929,-0.3955,7,0.1750,1.0000,8,8,8,0,0,8,8,0.0000
4,84.0000,23,0,557.1945,-85.0447,0.3457,13,0.3250,0.8750,8,5,2,0,0,5,2,0.6000
4,84.0000,23,3,523.9830,-82.6309,-0.3086,22,0.5500,0.5000,6,8,7,0,0,8,7,0.1250
4,84.0000,23,6,571.7464,-84.1012,-0.3795,17,0.4250,0.8571,7,8,8,0,0,8,8,0.0000
4,84.0000,23,7,649.3896,-86.0843,-0.1987,13,0.3250,0.8750,8,8,8,0,0,8,8,0.0000
4,84.0000,23,10,821.0365,-86.1060,0.2506,5,0.1250,1.0000,74,8,8,0,0,8,8,0.0000
4,84.0000,23,14,911.8771,-86.7944,-1.7904,3,0.0750,1.0000,8,8,8,0,0,8,8,0.0000
4,84.0000,23,22,47.4289,-66.7570,3.0851,35,0.8750,0.0000,4,5,1,0,0,5,1,0.8000
4,84.0000,23,24,1004.4527,-87.5190,0.7410,3,0.0750,1.0000,66,8,8,56,56,64,64,0.0000
4,84.0000,23,37,503.4487,-83.8791,-0.1126,20,0.5000,0.8000,5,8,8,0,0,8,8,0.0000
4,84.0000,23,38,446.6862,-83.7111,0.2073,23,0.5750,0.3333,6,6,2,0,0,6,2,0.6667
4,84.0000,23,41,268.0012,-77.6916,0.3514,28,0.7000,0.5000,6,6,3,0,0,6,3,0.5000
4,84.0000,23,43,638.8954,-85.5518,-0.0306,13,0.3250,0.7143,7,7,6,0,0,7,6,0.1429
4,84.0000,23,46,910.9483,-86.8867,0.0332,4,0.1000,1.0000,10,2,2,0,0,2,2,0.0000
4,84.0000,23,47,766.2715,-85.5687,0.7454,4,0.1000,1.0000,20,8,8,0,0,8,8,0.0000
4,84.0000,24,0,510.8066,-82.9784,-0.6320,19,0.4750,0.8750,8,8,8,0,0,8,8,0.0000
4,84.0000,24,4,723.6994,-86.7529,0.1697,4,0.1000,0.8571,7,8,8,0,0,8,8,0.0000
4,84.0000,24,5,779.2110,-87.6892,-1.4192,4,0.1000,1.0000,8,8,8,0,0,8,8,0.0000
4,84.0000,24,6,609.1118,-85.1753,-0.2868,14,0.3500,0.8571,7,7,6,0,0,7,6,0.1429
4,84.0000,24,7,679.5177,-86.5049,0.1955,13,0.3250,1.0000,8,6,6,0,0,6,6,0.0000
4,84.0000,24,10,211.6197,-71.3233,-1.9697,35,0.8750,0.2000,5,6,3,0,0,6,3,0.5000
4,84.0000,24,11,1127.5818,-88.6497,-0.8329,4,0.1000,1.0000,2,6,6,0,0,6,6,0.0000
4,84.0000,24,12,441.3607,-83.4279,-0.7259,10,0.2500,0.8571,7,8,5,0,0,8,5,0.3750
4,84.0000,24,14,430.8000,-83.0973,0.5384,19,0.4750,0.8571,7,7,6,0,0,7,6,0.1429
4,84.0000,24,15,166.8900,-74.1561,0.3800,37,0.9250,0.0000,3,6,2,0,0,6,2,0.6667
4,84.0000,24,16,172.6386,-67.0704,-2.9536,36,0.9000,0.2000,5,6,4,0,0,6,4,0.3333
4,84.0000,24,19,425.9839,-82.6767,-0.1877,14,0.3500,0.8000,5,10,9,0,0,10,9,0.1000
4,84.0000,24,23,1004.4527,-87.4865,-0.0070,6,0.1500,1.0000,8,4,4,0,0,4,4,0.0000
4,84.0000,24,26,614.4989,-85.4565,0.0859,6,0.1500,0.8571,7,7,6,0,0,7,6,0.1429
4,84.0000,24,29,181.1638,-74.5200,0.5691,30,0.7500,0.0000,4,5,1,0,0,5,1,0.8000
4,84.0000,24,30,936.3379,-87.7383,-0.3464,3,0.0750,1.0000,8,6,6,0,0,6,6,0.0000
4,84.0000,24,31,566.9106,-84.9874,0.5177,7,0.1750,1.0000,8,7,6,0,0,7,6,0.1429
4,84.0000,24,33,473.0467,-82.1100,-0.2464,10,0.2500,1.0000,8,6,3,0,0,6,3,0.5000
4,84.0000,24,34,796.0584,-86.1998,-0.2072,5,0.1250,1.0000,6,6,6,0,0,6,6,0.0000
4,84.0000,24,37,608.9746,-85.5467,-0.2412,14,0.3500,1.0000,6,7,6,0,0,7,6,0.1429
4,84.0000,24,38,804.6430,-87.4766,-0.3866,7,0.1750,1.0000,8,4,4,0,0,4,4,0.0000
4,84.0000,24,41,796.7470,-86.4085,0.2165,10,0.2500,1.0000,8,8,8,0,0,8,8,0.0000
4,84.0000,24,42,304.7692,-77.9503,-0.6388,31,0.7750,0.0000,4,5,2,0,0,5,2,0.6000
4,84.0000,24,43,558.8981,-82.9693,0.0304,16,0.4000,1.0000,8,8,8,0,0,8,8,0.0000
4,84.0000,24,44,930.5060,-86.8818,-0.4269,3,0.0750,0.8750,8,2,2,0,0,2,2,0.0000
4,84.0000,24,46,365.1118,-79.8592,-0.1939,21,0.5250,0.5000,6,7,5,0,0,7,5,0.2857
4,84.0000,24,47,340.3877,-78.2204,-1.2211,32,0.8000,0.2000,5,8,5,0,0,8,5,0.3750
4,84.0000,25,1,888.0993,-87.9274,1.2004,3,0.0750,1.0000,8,8,8,0,0,8,8,0.0000
4,84.0000,25,2,682.6007,-85.7466,0.0916,10,0.2500,0.8750,8,8,8,0,0,8,8,0.0000
4,84.0000,25,9,423.8198,-83.6592,1.5427,13,0.3250,0.8889,9,6,3,0,0,6,3,0.5000
4,84.0000,25,11,612.2100,-86.8689,0.7021,8,0.2000,1.0000,8,8,8,0,0,8,8,0.0000
4,84.0000,25,13,629.6796,-84.8983,1.0955,8,0.2000,1.0000,8,8,8,0,0,8,8,0.0000
4,84.0000,25,17,781.6526,-87.1943,0.5024,5,0.1250,1.0000,8,8,8,0,0,8,8,0.0000
4,84.0000,25,18,499.7156,-84.8302,0.4558,13,0.3250,1.0000,8,7,6,0,0,7,6,0.1429
4,84.0000,25,21,424.7984,-82.5892,1.0876,20,0.5000,0.8571,7,6,6,0,0,6,6,0.0000
4,84.0000,25,27,510.0118,-84.6986,-0.5065,11,0.2750,1.0000,6,7,5,0,0,7,5,0.2857
4,84.0000,25,28,621.1003,-84.6835,0.1052,7,0.1750,0.8571,7,8,8,0,0,8,8,0.0000
4,84.0000,25,32,327.8421,-81.9250,0.7052,21,0.5250,0.2000,5,3,0,0,0,3,0,1.0000
4,84.0000,25,34,831.9482,-87.2671,-0.4365,5,0.1250,1.0000,6,6,6,0,0,6,6,0.0000
4,84.0000,25,35,192.2419,-76.7253,1.2054,37,0.9250,0.2000,5,5,1,0,0,5,1,0.8000
4,84.0000,25,36,713.0894,-85.8938,0.4758,7,0.1750,0.8571,7,7,6,0,0,7,6,0.1429
4,84.0000,25,39,316.6629,-80.9674,1.0119,22,0.5500,0.4000,5,6,2,0,0,6,2,0.6667
4,84.0000,25,40,378.5912,-82.1232,1.1133,22,0.5500,0.5000,6,8,7,0,0,8,7,0.1250
4,84.0000,25,45,263.5027,-77.8834,0.1855,33,0.8250,0.2000,5,4,0,0,0,4,0,1.0000
4,84.0000,26,0,720.0507,-86.1767,1.0124,6,0.1500,1.0000,8,8,8,0,0,8,8,0.0000
4,84.0000,26,1,855.9522,-85.8198,2.5268,4,0.1000,1.0000,8,6,6,0,0,6,6,0.0000
4,84.0000,26,3,524.5900,-84.7341,-1.1573,16,0.4000,0.7143,7,6,3,0,0,6,3,0.5000
4,84.0000,26,4,858.2460,-89.0751,0.1120,4,0.1000,1.0000,8,8,8,0,0,8,8,0.0000
4,84.0000,26,5,632.6312,-86.4338,1.0246,6,0.1500,1.0000,8,7,6,0,0,7,6,0.1429
4,84.0000,26,6,562.9573,-86.4179,-0.2380,9,0.2250,1.0000,8,6,4,0,0,6,4,0.3333
4,84.0000,26,7,901.2311,-89.4222,0.0681,3,0.0750,1.0000,4,8,8,0,0,8,8,0.0000
4,84.0000,26,8,802.1083,-88.9424,-0.1728,6,0.1500,1.0000,8,8,8,0,0,8,8,0.0000
4,84.0000,26,10,531.5302,-84.8688,0.0208,10,0.2500,1.0000,8,8,8,0,0,8,8,0.0000
4,84.0000,26,12,585.1024,-84.9592,0.7626,11,0.2750,0.8571,7,7,6,0,0,7,6,0.1429
4,84.0000,26,13,1051.1474,-88.8561,-0.1781,3,0.0750,1.0000,4,8,8,0,0,8,8,0.0000
4,84.0000,26,14,213.1904,-76.2016,0.2069,27,0.6750,0.5000,6,6,4,0,0,6,4,0.3333
4,84.0000,26,15,665.4107,-86.3949,0.8079,5,0.1250,0.7143,7,8,7,0,0,8,7,0.1250
4,84.0000,26,16,534.8130,-86.0844,0.0573,8,0.2000,1.0000,8,7,5,0,0,7,5,0.2857
4,84.0000,26,19,714.2130,-88.6998,0.2871,6,0.1500,1.0000,8,8,7,0,0,8,7,0.1250
4,84.0000,26,20,742.7826,-87.2317,0.1766,7,0.1750,1.0000,8,8,7,0,0,8,7,0.1250
4,84.0000,26,23,875.9032,-87.7091,0.6784,5,0.1250,1.0000,4,4,4,0,0,4,4,0.0000
4,84.0000,26,24,614.4989,-85.5717,0.3478,9,0.2250,0.8000,5,8,8,0,0,8,8,0.0000
4,84.0000,26,28,1008.9165,-87.3480,0.9798,3,0.0750,1.0000,8,4,4,0,0,4,4,0.0000
4,84.0000,26,29,499.3145,-84.7198,-0.5114,12,0.3000,0.8750,8,7,6,0,0,7,6,0.1429
4,84.0000,26,30,619.6677,-84.4098,-0.6113,11,0.2750,1.0000,8,8,8,0,0,8,8,0.0000
4,84.0000,26,31,620.8310,-85.3602,-1.0892,3,0.0750,1.0000,8,7,6,0,0,7,6,0.1429
4,84.0000,26,33,657.1952,-84.8051,-0.7075,8,0.2000,1.0000,6,8,8,0,0,8,8,0.0000
4,84.0000,26,37,647.3909,-86.7838,0.1630,7,0.1750,1.0000,8,8,8,0,0,8,8,0.0000
4,84.0000,26,38,910.3504,-88.3726,-0.5559,4,0.1000,1.0000,6,2,2,0,0,2,2,0.0000
4,84.0000,26,41,748.0137,-86.5549,0.4297,8,0.2000,1.0000,8,8,8,0,0,8,8,0.0000
4,84.0000,26,42,483.7999,-85.0161,0.6283,8,0.2000,1.0000,8,8,7,0,0,8,7,0.1250
4,84.0000,26,43,865.8664,-88.2192,-0.7249,4,0.1000,0.8571,7,6,6,0,0,6,6,0.0000
4,84.0000,26,44,828.9818,-85.4965,-0.0731,6,0.1500,1.0000,8,8,8,0,0,8,8,0.0000
4,84.0000,26,46,252.8162,-79.1573,1.4226,19,0.4750,0.6667,6,6,2,0,0,6,2,0.6667
4,84.0000,26,47,719.4988,-87.0587,-0.0814,6,0.1500,1.0000,8,6,6,0,0,6,6,0.0000
4,84.0000,27,1,483.1736,-82.7305,-0.5205,18,0.4500,0.8571,7,8,8,0,0,8,8,0.0000
4,84.0000,27,2,178.7401,-74.3313,0.6797,32,0.8000,0.3333,6,7,5,0,0,7,5,0.2857
4,84.0000,27,4,725.6103,-86.9491,1.0134,6,0.1500,1.0000,8,7,6,0,0,7,6,0.1429
4,84.0000,27,5,651.6011,-86.4963,1.2989,5,0.1250,0.6667,6,8,8,0,0,8,8,0.0000
4,84.0000,27,8,517.2740,-84.1689,0.4027,14,0.3500,1.0000,8,8,7,0,0,8,7,0.1250
4,84.0000,27,9,605.5394,-85.5945,0.2751,16,0.4000,0.8571,7,7,6,0,0,7,6,0.1429
4,84.0000,27,11,352.0634,-81.2627,1.1577,18,0.4500,0.8889,9,5,3,0,0,5,3,0.4000
4,84.0000,27,12,936.9119,-88.8319,-0.0398,3,0.0750,1.0000,8,8,8,0,0,8,8,0.0000
4,84.0000,27,13,340.4258,-80.3869,0.7920,18,0.4500,0.0000,4,9,8,0,0,9,8,0.1111
4,84.0000,27,17,412.5649,-83.3288,-0.4386,11,0.2750,0.8571,7,8,8,0,0,8,8,0.0000
4,84.0000,27,18,680.7573,-86.4956,1.7448,9,0.2250,1.0000,8,8,8,0,0,8,8,0.0000
4,84.0000,27,20,524.1561,-84.1573,0.1941,11,0.2750,1.0000,8,8,7,0,0,8,7,0.1250
4,84.0000,27,21,225.6909,-78.0492,0.4136,33,0.8250,0.0000,4,6,3,0,0,6,3,0.5000
4,84.0000,27,25,510.0118,-84.0108,0.2230,23,0.5750,0.2000,5,7,5,0,0,7,5,0.2857
4,84.0000,27,28,355.5422,-82.5371,1.2774,14,0.3500,1.0000,8,5,2,0,0,5,2,0.6000
4,84.0000,27,30,665.4809,-88.1131,0.3697,3,0.0750,1.0000,8,6,4,0,0,6,4,0.3333
4,84.0000,27,31,813.6885,-87.8005,0.8572,3,0.0750,1.0000,8,8,7,0,0,8,7,0.1250
4,84.0000,27,32,589.1140,-84.7055,0.1589,12,0.3000,1.0000,8,8,8,0,0,8,8,0.0000
4,84.0000,27,34,770.0590,-87.0480,1.3458,4,0.1000,0.8000,5,6,6,0,0,6,6,0.0000
4,84.0000,27,35,689.2552,-86.1189,0.1325,12,0.3000,1.0000,6,5,4,0,0,5,4,0.2000
4,84.0000,27,36,637.8997,-86.4367,1.4380,6,0.1500,0.8571,7,8,8,0,0,8,8,0.0000
4,84.0000,27,39,487.9731,-83.8882,-0.3551,16,0.4000,0.8571,7,7,5,0,0,7,5,0.2857
4,84.0000,27,40,260.9555,-76.7775,-0.5361,28,0.7000,0.5714,7,3,0,0,0,3,0,1.0000
4,84.0000,27,44,479.1262,-83.4183,0.6783,9,0.2250,1.0000,6,7,6,0,0,7,6,0.1429
4,84.0000,27,45,574.5591,-84.6115,0.5096,19,0.4750,1.0000,8,8,8,0,0,8,8,0.0000
4,84.0000,28,1,376.5829,-81.4210,0.4291,31,0.7561,0.6667,6,7,6,0,0,7,6,0.1429
4,84.0000,28,2,441.2526,-81.9892,-0.8780,27,0.6585,0.6667,6,5,2,0,0,5,2,0.6000
4,84.0000,28,4,461.0187,-82.5923,0.0540,15,0.3659,0.6667,6,8,7,0,0,8,7,0.1250
4,84.0000,28,5,377.6200,-78.7355,-1.4036,24,0.5854,0.4000,5,7,5,0,0,7,5,0.2857
4,84.0000,28,8,448.5413,-81.5771,-0.6441,24,0.5854,0.7143,7,7,5,0,0,7,5,0.2857
4,84.0000,28,9,569.5049,-85.1292,-0.8665,17,0.4146,0.7143,7,8,8,0,0,8,8,0.0000
4,84.0000,28,11,144.1617,-74.1102,0.7520,38,0.9268,0.0000,4,5,1,0,0,5,1,0.8000
4,84.0000,28,12,617.4788,-84.2972,-0.5588,10,0.2439,0.8571,7,7,6,0,0,7,6,0.1429
4,84.0000,28,13,215.2361,-78.5181,0.5415,32,0.7805,0.2000,5,5,1,6,1,11,2,0.8182
4,84.0000,28,15,922.6725,-87.6585,1.0431,3,0.0732,1.0000,6,6,6,0,0,6,6,0.0000
4,84.0000,28,17,239.3635,-77.5063,-0.1806,30,0.7317,0.2000,5,6,4,0,0,6,4,0.3333
4,84.0000,28,18,497.9207,-83.0748,-0.5384,19,0.4634,0.7143,7,8,8,0,0,8,8,0.0000
4,84.0000,28,19,653.0921,-84.8305,-0.5543,11,0.2683,1.0000,8,8,7,0,0,8,7,0.1250
4,84.0000,28,20,360.5133,-79.6998,0.0256,28,0.6829,0.5000,6,5,2,0,0,5,2,0.6000
4,84.0000,28,21,507.9857,-84.4088,0.3921,17,0.4146,0.8750,8,8,7,0,0,8,7,0.1250
4,84.0000,28,25,621.1003,-86.1735,0.5578,15,0.3659,0.8571,7,8,8,0,0,8,8,0.0000
4,84.0000,28,26,1008.9165,-86.8361,-0.2122,4,0.0976,1.0000,6,2,2,0,0,2,2,0.0000
4,84.0000,28,27,355.5422,-82.6868,0.7811,26,0.6341,0.6667,6,6,4,0,0,6,4,0.3333
4,84.0000,28,30,508.2285,-83.4391,0.1827,16,0.3902,0.8571,7,6,3,0,0,6,3,0.5000
4,84.0000,28,31,491.8907,-83.4438,0.2434,13,0.3171,0.7500,8,6,4,0,0,6,4,0.3333
4,84.0000,28,32,570.6670,-84.3863,0.4032,16,0.3902,0.7143,7,7,5,0,0,7,5,0.2857
4,84.0000,28,33,632.5261,-84.3395,-0.9403,10,0.2439,1.0000,6,6,6,0,0,6,6,0.0000
4,84.0000,28,34,462.9851,-82.6145,-0.1028,17,0.4146,1.0000,8,8,7,0,0,8,7,0.1250
4,84.0000,28,35,745.9474,-87.0794,0.5842,14,0.3415,0.8000,5,5,4,0,0,5,4,0.2000
4,84.0000,28,36,310.1547,-77.3451,-1.0714,31,0.7561,0.2000,5,5,2,0,0,5,2,0.6000
4,84.0000,28,39,427.3552,-82.6722,0.0724,24,0.5854,0.6667,6,7,5,17,13,24,18,0.2500
4,84.0000,28,40,453.3746,-83.8656,0.5926,21,0.5122,0.6667,6,8,6,0,0,8,6,0.2500
4,84.0000,28,42,877.1053,-87.8436,-1.1327,5,0.1220,1.0000,8,2,2,0,0,2,2,0.0000
4,84.0000,28,44,184.4781,-75.0438,0.1566,33,0.8049,0.7143,7,6,1,0,0,6,1,0.8333
4,84.0000,28,45,754.8160,-87.2962,0.1446,10,0.2439,0.8750,8,6,4,0,0,6,4,0.3333
4,84.0000,29,0,571.6211,-84.7885,0.5804,14,0.3500,0.8571,7,7,6,0,0,7,6,0.1429
4,84.0000,29,1,1013.3178,-87.7358,0.8235,4,0.1000,0.8571,7,4,4,0,0,4,4,0.0000
4,84.0000,29,3,877.3069,-88.5901,1.0104,5,0.1250,1.0000,4,4,4,0,0,4,4,0.0000
4,84.0000,29,4,735.9748,-87.0317,-1.0056,6,0.1500,0.8750,8,8,8,0,0,8,8,0.0000
4,84.0000,29,5,697.3634,-87.1005,1.0338,6,0.1500,1.0000,146,8,8,78,77,86,85,0.0116
4,84.0000,29,6,559.6071,-85.5947,-0.0810,11,0.2750,0.7500,8,7,4,0,0,7,4,0.4286
4,84.0000,29,7,714.1237,-87.0903,0.4340,10,0.2500,1.0000,2,2,2,0,0,2,2,0.0000
4,84.0000,29,8,986.5182,-88.3000,-0.3526,5,0.1250,1.0000,2,4,4,0,0,4,4,0.0000
4,84.0000,29,10,227.9815,-76.7370,-0.5808,36,0.9000,0.0000,4,5,1,0,0,5,1,0.8000
4,84.0000,29,12,411.4314,-80.5129,-0.8006,14,0.3500,0.6667,6,6,3,0,0,6,3,0.5000
4,84.0000,29,14,293.3507,-80.4416,0.8728,28,0.7000,0.6667,6,5,1,0,0,5,1,0.8000
4,84.0000,29,15,216.7943,-76.1306,0.1879,38,0.9500,0.2000,5,4,0,0,0,4,0,1.0000
4,84.0000,29,16,221.8557,-76.9153,0.0229,30,0.7500,0.0000,4,5,1,32,9,37,10,0.7297
4,84.0000,29,17,948.3819,-87.0493,-1.2462,5,0.1250,1.0000,8,6,6,0,0,6,6,0.0000
4,84.0000,29,19,415.7916,-81.8280,-0.4915,16,0.4000,0.5000,6,7,5,4,3,11,8,0.2727
4,84.0000,29,20,893.3112,-86.8565,-0.1872,3,0.0750,0.9167,12,8,8,0,0,8,8,0.0000
4,84.0000,29,23,1019.5793,-87.2378,0.4717,3,0.0750,,0,4,3,0,0,4,3,0.2500
4,84.0000,29,24,181.1638,-74.1538,-0.0381,37,0.9250,0.3333,6,4,0,0,0,4,0,1.0000
4,84.0000,29,26,499.3145,-84.6972,-0.3005,12,0.3000,1.0000,8,8,8,0,0,8,8,0.0000
4,84.0000,29,30,844.0480,-86.7886,1.3322,4,0.1000,0.8571,7,8,8,0,0,8,8,0.0000
4,84.0000,29,31,515.5229,-83.9180,0.6364,10,0.2500,0.7778,9,8,8,0,0,8,8,0.0000
4,84.0000,29,33,487.5142,-82.4002,-0.8912,13,0.3250,0.7143,7,8,7,0,0,8,7,0.1250
4,84.0000,29,34,796.6481,-86.4056,-0.7375,5,0.1250,1.0000,8,6,6,0,0,6,6,0.0000
4,84.0000,29,36,850.3951,-87.0108,-0.7152,8,0.2000,1.0000,8,4,4,0,0,4,4,0.0000
4,84.0000,29,37,599.6087,-85.7323,0.3683,8,0.2000,1.0000,8,7,6,0,0,7,6,0.1429
4,84.0000,29,38,835.7242,-88.0973,0.1213,5,0.1250,0.8750,8,8,8,0,0,8,8,0.0000
4,84.0000,29,41,802.9471,-86.9923,-0.9091,8,0.2000,1.0000,8,7,6,0,0,7,6,0.1429
4,84.0000,29,42,335.8062,-79.8125,0.2969,22,0.5500,0.5000,6,8,7,61,55,69,62,0.1014
4,84.0000,29,43,672.7264,-85.3420,0.1831,13,0.3250,0.7143,7,8,8,0,0,8,8,0.0000
4,84.0000,29,44,854.5688,-87.0288,-0.7711,6,0.1500,1.0000,8,6,6,0,0,6,6,0.0000
4,84.0000,29,46,254.3456,-77.6450,0.2109,32,0.8000,0.5000,6,4,0,0,0,4,0,1.0000
4,84.0000,29,47,423.4860,-82.6424,-0.1125,22,0.5500,0.8571,7,6,4,0,0,6,4,0.3333
4,84.0000,30,1,285.6193,-80.4091,0.0983,21,0.5250,0.6667,6,4,0,0,0,4,0,1.0000
4,84.0000,30,2,589.9734,-84.9869,-0.6287,7,0.1750,1.0000,10,8,8,0,0,8,8,0.0000
4,84.0000,30,4,595.6863,-84.6354,0.9102,6,0.1500,1.0000,8,8,8,0,0,8,8,0.0000
4,84.0000,30,5,242.9000,-77.9833,0.8975,19,0.4750,0.4000,5,7,5,0,0,7,5,0.2857
4,84.0000,30,8,221.3077,-77.7372,0.9511,26,0.6500,0.8571,7,5,1,0,0,5,1,0.8000
4,84.0000,30,10,989.3691,-88.9280,-0.2305,3,0.0750,1.0000,8,2,2,0,0,2,2,0.0000
4,84.0000,30,11,518.6941,-82.7422,-2.3371,8,0.2000,1.0000,8,7,5,0,0,7,5,0.2857
4,84.0000,30,12,562.8557,-83.7020,0.8589,8,0.2000,0.8571,7,6,4,0,0,6,4,0.3333
4,84.0000,30,13,513.4799,-83.2516,-0.0183,10,0.2500,0.8571,7,6,4,0,0,6,4,0.3333
4,84.0000,30,14,695.2722,-86.6540,0.2500,7,0.1750,0.8750,8,10,10,0,0,10,10,0.0000
4,84.0000,30,17,412.0169,-81.9546,0.6508,14,0.3500,1.0000,8,7,6,0,0,7,6,0.1429
4,84.0000,30,19,703.4510,-85.6646,1.8005,7,0.1750,0.8750,8,8,8,0,0,8,8,0.0000
4,84.0000,30,20,153.5355,-74.6498,0.4044,30,0.7500,0.4000,5,4,0,0,0,4,0,1.0000
4,84.0000,30,24,936.3379,-87.5281,0.0432,4,0.1000,1.0000,6,4,4,0,0,4,4,0.0000
4,84.0000,30,26,619.6677,-83.3287,-0.3860,7,0.1750,0.8750,8,6,6,0,0,6,6,0.0000
4,84.0000,30,27,665.4809,-86.7600,-0.5038,9,0.2250,1.0000,6,8,7,0,0,8,7,0.1250
4,84.0000,30,28,508.2285,-84.7304,0.7117,11,0.2750,0.8571,7,8,8,0,0,8,8,0.0000
4,84.0000,30,29,844.0480,-86.6366,-1.3763,4,0.1000,1.0000,8,8,8,0,0,8,8,0.0000
4,84.0000,30,31,468.4121,-81.5623,0.3697,11,0.2750,0.6667,6,7,6,0,0,7,6,0.1429
4,84.0000,30,33,604.2733,-85.8177,0.8109,7,0.1750,1.0000,8,8,8,0,0,8,8,0.0000
4,84.0000,30,34,782.3124,-87.5505,0.9688,4,0.1000,1.0000,8,5,4,0,0,5,4,0.2000
4,84.0000,30,36,690.4848,-85.1305,-1.4797,3,0.0750,0.8571,7,7,6,0,0,7,6,0.1429
4,84.0000,30,42,698.3173,-85.8665,0.2715,8,0.2000,1.0000,8,8,8,0,0,8,8,0.0000
4,84.0000,30,44,346.7439,-79.3096,-0.5713,16,0.4000,0.6667,6,8,7,0,0,8,7,0.1250
4,84.0000,30,46,683.5925,-86.7427,1.2493,4,0.1000,0.8571,7,8,8,0,0,8,8,0.0000
4,84.0000,31,1,587.3165,-84.7740,0.1503,13,0.3171,0.8571,7,8,8,0,0,8,8,0.0000
4,84.0000,31,2,834.4379,-88.3226,0.8329,4,0.0976,1.0000,8,7,6,0,0,7,6,0.1429
4,84.0000,31,4,292.7920,-79.1498,0.0076,25,0.6098,0.6667,6,5,2,0,0,5,2,0.6000
4,84.0000,31,5,247.0378,-77.0739,0.3468,28,0.6829,0.0000,4,5,2,0,0,5,2,0.6000
4,84.0000,31,6,1005.2869,-88.7984,-0.1999,9,0.2195,,0,4,4,0,0,4,4,0.0000
4,84.0000,31,8,541.5008,-83.2501,-1.2633,17,0.4146,0.8571,7,6,3,0,0,6,3,0.5000
4,84.0000,31,9,886.7076,-87.6676,-0.6133,5,0.1220,,0,8,8,0,0,8,8,0.0000
4,84.0000,31,10,698.7222,-84.8485,-0.8358,11,0.2683,0.8750,8,3,2,0,0,3,2,0.3333
4,84.0000,31,11,573.0221,-84.4074,-1.7018,11,0.2683,0.8889,9,7,6,0,0,7,6,0.1429
4,84.0000,31,12,131.1816,-69.8344,-0.8160,38,0.9268,0.2000,5,6,2,0,0,6,2,0.6667
4,84.0000,31,13,627.4167,-85.5038,-0.3968,9,0.2195,0.7143,7,5,2,0,0,5,2,0.6000
4,84.0000,31,14,545.8711,-84.7849,0.2934,18,0.4390,1.0000,8,5,2,0,0,5,2,0.6000
4,84.0000,31,15,459.0028,-84.4067,0.3242,16,0.3902,0.8333,6,8,7,0,0,8,7,0.1250
4,84.0000,31,16,664.5215,-85.8942,-0.2689,11,0.2683,1.0000,6,5,4,0,0,5,4,0.2000
4,84.0000,31,17,437.4967,-82.8051,0.2962,14,0.3415,0.9122,148,8,8,83,74,91,82,0.0989
4,84.0000,31,18,757.1836,-86.6027,0.8400,6,0.1463,1.0000,8,7,6,0,0,7,6,0.1429
4,84.0000,31,19,237.5986,-78.2027,0.8511,31,0.7561,0.3333,6,6,2,0,0,6,2,0.6667
4,84.0000,31,20,449.8144,-81.7973,0.9945,19,0.4634,1.0000,8,7,6,0,0,7,6,0.1429
4,84.0000,31,21,954.9438,-88.6718,0.1578,3,0.0732,1.0000,6,6,6,0,0,6,6,0.0000
4,84.0000,31,24,566.9106,-85.0410,0.5447,10,0.2439,0.8000,5,10,10,0,0,10,10,0.0000
4,84.0000,31,26,620.8310,-85.3487,-0.7339,12,0.2927,1.0000,6,7,6,0,0,7,6,0.1429
4,84.0000,31,27,813.6885,-86.7389,0.5751,7,0.1707,0.8750,8,7,6,0,0,7,6,0.1429
4,84.0000,31,28,491.8907,-82.5341,-0.5069,11,0.2683,0.8571,7,8,8,60,59,68,67,0.0147
4,84.0000,31,29,515.5229,-83.2854,-0.7718,10,0.2439,0.3333,6,8,8,0,0,8,8,0.0000
4,84.0000,31,30,468.4121,-82.3782,-0.0233,16,0.3902,0.8571,7,7,6,0,0,7,6,0.1429
4,84.0000,31,32,926.6981,-88.6093,-0.6149,3,0.0732,1.0000,6,8,8,0,0,8,8,0.0000
4,84.0000,31,33,201.1502,-77.6736,1.0047,30,0.7317,0.5000,6,4,0,0,0,4,0,1.0000
4,84.0000,31,34,418.0387,-83.5976,0.5285,16,0.3902,0.8571,7,7,5,2,1,9,6,0.3333
4,84.0000,31,36,423.2147,-82.4501,-0.6665,19,0.4634,1.0000,8,6,4,0,0,6,4,0.3333
4,84.0000,31,37,1053.1157,-88.4584,0.1221,3,0.0732,,0,2,2,0,0,2,2,0.0000
4,84.0000,31,39,809.8111,-87.9184,-2.2321,3,0.0732,1.0000,8,4,4,0,0,4,4,0.0000
4,84.0000,31,40,890.8910,-88.2989,-0.7460,3,0.0732,1.0000,2,6,6,0,0,6,6,0.0000
4,84.0000,31,42,399.5467,-82.9055,1.2582,15,0.3659,0.8750,8,6,4,0,0,6,4,0.3333
4,84.0000,31,44,368.0583,-79.1576,-1.1630,20,0.4878,0.5714,7,8,7,0,0,8,7,0.1250
4,84.0000,31,46,494.1627,-84.4656,-1.2235,13,0.3171,1.0000,8,8,8,0,0,8,8,0.0000
4,84.0000,31,47,887.8634,-87.8710,-2.0125,4,0.0976,1.0000,4,6,6,0,0,6,6,0.0000
4,84.0000,32,1,925.3065,-87.0652,0.4049,6,0.1463,1.0000,8,2,2,0,0,2,2,0.0000
4,84.0000,32,2,758.9278,-87.4180,0.2304,8,0.1951,1.0000,8,8,8,0,0,8,8,0.0000
4,84.0000,32,4,753.7222,-87.5722,-0.3216,5,0.1220,1.0000,8,8,7,0,0,8,7,0.1250
4,84.0000,32,5,916.4370,-88.2921,-0.2892,3,0.0732,1.0000,8,4,4,0,0,4,4,0.0000
4,84.0000,32,9,108.5158,-69.2588,-0.3931,36,0.8780,0.0000,4,4,0,0,0,4,0,1.0000
4,84.0000,32,11,632.1690,-85.4250,0.7381,6,0.1463,0.8571,7,6,4,0,0,6,4,0.3333
4,84.0000,32,13,685.1315,-87.3836,-0.4504,8,0.1951,1.0000,8,8,8,0,0,8,8,0.0000
4,84.0000,32,17,686.0921,-86.8799,0.5990,4,0.0976,1.0000,8,7,6,0,0,7,6,0.1429
4,84.0000,32,18,300.0238,-79.3365,0.3091,29,0.7073,0.5000,6,6,3,0,0,6,3,0.5000
4,84.0000,32,19,975.9999,-87.3681,-0.3700,3,0.0732,1.0000,8,8,8,0,0,8,8,0.0000
4,84.0000,32,21,495.0504,-84.1478,0.7940,14,0.3415,0.5000,6,7,6,0,0,7,6,0.1429
4,84.0000,32,25,327.8421,-82.0354,0.6543,25,0.6098,0.8571,7,6,3,0,0,6,3,0.5000
4,84.0000,32,27,589.1140,-85.8250,0.2394,11,0.2683,1.0000,8,8,8,0,0,8,8,0.0000
4,84.0000,32,28,570.6670,-84.6700,-0.4725,10,0.2439,1.0000,8,8,7,0,0,8,7,0.1250
4,84.0000,32,31,926.6981,-87.7934,0.1212,3,0.0732,1.0000,8,8,8,0,0,8,8,0.0000
4,84.0000,32,33,987.3300,-87.4681,0.9248,4,0.0976,1.0000,6,4,4,0,0,4,4,0.0000
4,84.0000,32,34,602.7978,-83.2305,-0.6378,10,0.2439,0.8750,8,7,6,0,0,7,6,0.1429
4,84.0000,32,35,389.9378,-81.7907,-0.2682,29,0.7073,0.6667,6,6,4,0,0,6,4,0.3333
4,84.0000,32,36,557.4656,-84.6891,-0.3582,8,0.1951,0.8750,8,8,8,0,0,8,8,0.0000
4,84.0000,32,39,155.4154,-74.4390,1.5329,31,0.7561,0.0000,4,5,1,0,0,5,1,0.8000
4,84.0000,32,40,386.3766,-82.4286,0.7388,16,0.3902,1.0000,8,7,4,0,0,7,4,0.4286
4,84.0000,32,44,747.0838,-86.0182,0.3773,5,0.1220,1.0000,8,7,6,0,0,7,6,0.1429
4,84.0000,32,45,370.3779,-81.3035,0.0834,29,0.7073,0.6667,6,6,4,0,0,6,4,0.3333
4,84.0000,33,1,760.3592,-85.6446,0.9762,3,0.0750,1.0000,6,6,4,0,0,6,4,0.3333
4,84.0000,33,4,259.6344,-77.7751,0.0706,27,0.6750,0.7143,7,7,3,0,0,7,3,0.5714
4,84.0000,33,5,416.5116,-82.4873,0.3619,8,0.2000,0.8750,8,8,7,0,0,8,7,0.1250
4,84.0000,33,8,644.1861,-85.0297,0.5971,4,0.1000,1.0000,8,8,7,0,0,8,7,0.1250
4,84.0000,33,10,627.4685,-84.3080,0.2240,6,0.1500,1.0000,8,5,4,0,0,5,4,0.2000
4,84.0000,33,11,737.3918,-86.1519,0.2311,3,0.0750,0.8571,7,8,8,0,0,8,8,0.0000
4,84.0000,33,12,126.8091,-73.5092,1.8083,30,0.7500,0.0000,4,6,2,0,0,6,2,0.6667
4,84.0000,33,13,797.0973,-86.9066,1.6616,3,0.0750,1.0000,6,8,8,0,0,8,8,0.0000
4,84.0000,33,14,569.3193,-85.8707,0.9641,6,0.1500,0.8571,7,8,8,0,0,8,8,0.0000
4,84.0000,33,15,383.6447,-82.2689,0.7010,17,0.4250,1.0000,8,6,6,0,0,6,6,0.0000
4,84.0000,33,16,581.3412,-83.1728,-0.8376,10,0.2500,0.8571,7,7,6,0,0,7,6,0.1429
4,84.0000,33,17,530.0272,-83.1868,0.4093,7,0.1750,0.8750,8,8,7,0,0,8,7,0.1250
4,84.0000,33,18,834.3664,-87.9065,1.0818,3,0.0750,1.0000,4,6,6,0,0,6,6,0.0000
4,84.0000,33,19,220.1528,-76.3959,-0.0750,34,0.8500,0.0000,4,6,4,0,0,6,4,0.3333
4,84.0000,33,20,601.0859,-86.3007,1.7117,3,0.0750,1.0000,8,8,8,0,0,8,8,0.0000
4,84.0000,33,24,473.0467,-84.4167,-0.1547,10,0.2500,0.8571,7,7,6,0,0,7,6,0.1429
4,84.0000,33,26,657.1952,-84.5725,0.9493,3,0.0750,1.0000,8,8,7,0,0,8,7,0.1250
4,84.0000,33,29,487.5142,-82.0441,-0.6275,14,0.3500,1.0000,8,8,7,0,0,8,7,0.1250
4,84.0000,33,30,604.2733,-85.3546,-0.6736,6,0.1500,1.0000,8,8,7,0,0,8,7,0.1250
4,84.0000,33,31,201.1502,-76.8048,2.0382,20,0.5000,0.5000,6,5,1,0,0,5,1,0.8000
4,84.0000,33,32,987.3300,-88.5731,-0.1726,3,0.0750,1.0000,6,6,6,0,0,6,6,0.0000
4,84.0000,33,34,448.1982,-84.2524,0.5170,8,0.2000,0.7143,7,7,5,0,0,7,5,0.2857
4,84.0000,33,36,534.2333,-85.3932,1.7845,4,0.1000,1.0000,8,8,8,0,0,8,8,0.0000
4,84.0000,33,42,281.9491,-80.1317,0.3767,16,0.4000,0.8571,7,6,4,0,0,6,4,0.3333
4,84.0000,33,43,928.8333,-87.7119,0.9489,5,0.1250,1.0000,6,8,8,0,0,8,8,0.0000
4,84.0000,33,44,535.7707,-84.3420,-1.2826,8,0.2000,0.8571,7,5,2,0,0,5,2,0.6000
4,84.0000,33,46,491.4718,-83.6561,1.1999,7,0.1750,1.0000,6,8,4,0,0,8,4,0.5000
4,84.0000,33,47,788.0175,-86.5924,-0.6516,8,0.2000,1.0000,8,6,6,0,0,6,6,0.0000
4,84.0000,34,1,775.0017,-86.5488,-1.2191,6,0.1500,0.8750,8,8,8,0,0,8,8,0.0000
4,84.0000,34,2,871.6348,-87.8293,-0.1945,4,0.1000,1.0000,8,6,6,0,0,6,6,0.0000
4,84.0000,34,4,320.4453,-79.7376,-0.0799,20,0.5000,0.8000,5,8,8,0,0,8,8,0.0000
4,84.0000,34,5,551.1800,-84.3252,0.4416,9,0.2250,0.8750,8,7,6,0,0,7,6,0.1429
4,84.0000,34,8,766.0828,-85.5982,-0.0147,9,0.2250,1.0000,8,8,8,0,0,8,8,0.0000
4,84.0000,34,9,557.9110,-83.1852,-0.4669,15,0.3750,0.8571,7,6,6,0,0,6,6,0.0000
4,84.0000,34,11,571.5503,-85.9548,2.0135,8,0.2000,1.0000,8,7,6,0,0,7,6,0.1429
4,84.0000,34,12,464.3346,-83.9045,0.1064,7,0.1750,1.0000,8,8,8,0,0,8,8,0.0000
4,84.0000,34,13,651.5412,-85.2986,-0.1883,6,0.1500,1.0000,8,8,7,2,2,10,9,0.1000
4,84.0000,34,14,927.2331,-88.3427,0.5391,6,0.1500,1.0000,6,8,8,0,0,8,8,0.0000
4,84.0000,34,15,642.0703,-85.5028,1.1921,6,0.1500,1.0000,2,8,8,0,0,8,8,0.0000
4,84.0000,34,17,510.0374,-83.9763,0.5443,8,0.2000,1.0000,8,8,7,0,0,8,7,0.1250
4,84.0000,34,18,402.1611,-79.1681,-1.3686,24,0.6000,0.7143,7,7,6,0,0,7,6,0.1429
4,84.0000,34,19,382.7611,-82.8483,0.5322,11,0.2750,0.8750,8,8,7,0,0,8,7,0.1250
4,84.0000,34,20,688.2091,-86.9985,-0.3590,6,0.1500,1.0000,8,8,7,0,0,8,7,0.1250
4,84.0000,34,21,831.0322,-88.4513,0.8002,4,0.1000,1.0000,6,2,1,0,0,2,1,0.5000
4,84.0000,34,25,831.9482,-87.6214,-1.0958,7,0.1750,0.8750,8,2,2,0,0,2,2,0.0000
4,84.0000,34,27,770.0590,-86.1785,3.1244,3,0.0750,0.8750,8,6,6,0,0,6,6,0.0000
4,84.0000,34,28,462.9851,-83.1643,0.9327,13,0.3250,1.0000,8,6,6,0,0,6,6,0.0000
4,84.0000,34,29,796.6481,-86.8759,0.0465,5,0.1250,1.0000,8,6,4,0,0,6,4,0.3333
4,84.0000,34,30,782.3124,-87.3985,0.4081,4,0.1000,1.0000,8,4,4,0,0,4,4,0.0000
4,84.0000,34,31,418.0387,-83.9462,1.1208,9,0.2250,0.5714,7,7,5,0,0,7,5,0.2857
4,84.0000,34,32,602.7978,-84.0535,-0.3931,14,0.3500,0.8750,8,8,7,0,0,8,7,0.1250
4,84.0000,34,33,448.1982,-82.1934,0.7154,13,0.3250,0.8571,7,6,4,0,0,6,4,0.3333
4,84.0000,34,35,888.9702,-87.4036,0.5065,7,0.1750,1.0000,8,6,6,0,0,6,6,0.0000
4,84.0000,34,36,204.3911,-76.7388,0.2632,24,0.6000,0.0000,4,4,0,0,0,4,0,1.0000
4,84.0000,34,39,522.2554,-82.7780,-0.7463,14,0.3500,0.6250,8,7,6,0,0,7,6,0.1429
4,84.0000,34,40,729.2067,-86.7053,1.0560,8,0.2000,1.0000,6,8,8,0,0,8,8,0.0000
4,84.0000,34,42,716.5501,-86.9956,1.1146,6,0.1500,1.0000,6,8,7,0,0,8,7,0.1250
4,84.0000,34,44,498.9538,-84.6990,1.0484,8,0.2000,1.0000,8,8,7,0,0,8,7,0.1250
4,84.0000,34,45,940.0225,-86.0335,-0.0129,5,0.1250,1.0000,4,6,6,0,0,6,6,0.0000
4,84.0000,35,2,863.0546,-86.6786,0.5063,3,0.0750,1.0000,6,8,8,0,0,8,8,0.0000
4,84.0000,35,9,497.8849,-84.0726,-0.0534,15,0.3750,1.0000,8,7,6,0,0,7,6,0.1429
4,84.0000,35,18,506.6968,-83.4146,0.1970,12,0.3000,1.0000,8,8,8,0,0,8,8,0.0000
4,84.0000,35,21,616.4452,-84.2943,-1.0524,6,0.1500,0.8571,7,8,8,0,0,8,8,0.0000
4,84.0000,35,25,192.2419,-76.5357,0.9700,32,0.8000,0.3333,6,5,2,0,0,5,2,0.6000
4,84.0000,35,32,389.9378,-81.5333,0.1165,18,0.4500,0.8571,7,7,4,0,0,7,4,0.4286
4,84.0000,35,34,888.9702,-87.0999,-0.4699,3,0.0750,1.0000,8,8,8,0,0,8,8,0.0000
4,84.0000,35,39,403.0216,-82.7097,0.4692,14,0.3500,1.0000,8,6,3,0,0,6,3,0.5000
4,84.0000,35,40,562.4341,-84.2480,0.5847,9,0.2250,0.8750,8,8,8,0,0,8,8,0.0000
4,84.0000,35,45,384.2602,-81.4859,-0.0056,23,0.5750,0.5000,6,5,4,0,0,5,4,0.2000
4,84.0000,36,1,621.9800,-83.9553,-0.9293,15,0.3659,1.0000,8,8,8,0,0,8,8,0.0000
4,84.0000,36,2,746.1798,-85.6277,0.6303,13,0.3171,1.0000,8,8,7,0,0,8,7,0.1250
4,84.0000,36,4,402.5938,-82.4727,0.8567,22,0.5366,0.7500,8,6,4,0,0,6,4,0.3333
4,84.0000,36,5,471.0383,-82.0511,-1.0640,19,0.4634,0.6667,6,8,8,0,0,8,8,0.0000
4,84.0000,36,8,684.6890,-85.2971,-0.0689,14,0.3415,0.8571,7,8,8,0,0,8,8,0.0000
4,84.0000,36,9,544.8797,-83.8363,-0.1142,21,0.5122,0.7143,7,8,6,0,0,8,6,0.2500
4,84.0000,36,11,389.4278,-81.1280,0.0288,26,0.6341,0.7143,7,8,8,0,0,8,8,0.0000
4,84.0000,36,12,514.0340,-83.9002,0.1669,13,0.3171,0.8571,7,8,8,0,0,8,8,0.0000
4,84.0000,36,13,468.1400,-82.4261,0.5137,20,0.4878,1.0000,8,5,2,0,0,5,2,0.6000
4,84.0000,36,14,933.9540,-88.8391,0.1895,5,0.1220,1.0000,4,8,8,0,0,8,8,0.0000
4,84.0000,36,15,737.2369,-87.0706,0.2576,3,0.0732,0.8571,7,8,8,0,0,8,8,0.0000
4,84.0000,36,17,441.6736,-82.4338,0.1398,20,0.4878,1.0000,8,7,5,0,0,7,5,0.2857
4,84.0000,36,18,342.2964,-80.4207,0.1780,29,0.7073,0.3333,6,6,4,0,0,6,4,0.3333
4,84.0000,36,19,465.9453,-83.3979,0.5405,12,0.2927,1.0000,8,8,7,0,0,8,7,0.1250
4,84.0000,36,20,576.2063,-84.6287,-0.8119,14,0.3415,1.0000,8,7,6,0,0,7,6,0.1429
4,84.0000,36,21,732.4866,-86.6048,0.1720,18,0.4390,0.8571,7,8,8,0,0,8,8,0.0000
4,84.0000,36,24,890.6337,-88.5141,0.2421,4,0.0976,1.0000,4,7,6,0,0,7,6,0.1429
4,84.0000,36,25,713.0894,-86.9706,-0.2476,15,0.3659,0.7500,8,8,8,0,0,8,8,0.0000
4,84.0000,36,27,637.8997,-84.8849,0.5249,15,0.3659,0.5000,6,7,5,0,0,7,5,0.2857
4,84.0000,36,28,310.1547,-76.2968,-0.6095,25,0.6098,0.6667,6,6,4,0,0,6,4,0.3333
4,84.0000,36,29,850.3951,-87.4455,0.1216,6,0.1463,1.0000,8,2,2,0,0,2,2,0.0000
4,84.0000,36,30,690.4848,-86.5929,-0.6943,8,0.1951,1.0000,8,5,2,0,0,5,2,0.6000
4,84.0000,36,31,423.2147,-82.0502,0.9956,16,0.3902,1.0000,8,7,4,0,0,7,4,0.4286
4,84.0000,36,32,557.4656,-84.6267,0.1341,25,0.6098,0.6667,6,8,7,0,0,8,7,0.1250
4,84.0000,36,33,534.2333,-84.4494,0.6098,9,0.2195,0.8750,8,6,4,0,0,6,4,0.3333
4,84.0000,36,34,204.3911,-76.6437,0.5931,34,0.8293,0.4000,5,5,2,0,0,5,2,0.6000
4,84.0000,36,35,774.9939,-87.8277,-0.2497,13,0.3171,0.8333,6,4,4,0,0,4,4,0.0000
4,84.0000,36,39,435.2840,-81.1369,-1.0305,23,0.5610,0.8571,7,8,8,0,0,8,8,0.0000
4,84.0000,36,40,641.1677,-85.7812,0.6813,16,0.3902,0.8571,7,6,6,0,0,6,6,0.0000
4,84.0000,36,42,794.7900,-88.6508,0.1863,3,0.0732,1.0000,6,8,8,0,0,8,8,0.0000
4,84.0000,36,44,364.1929,-80.6076,-0.0390,20,0.4878,0.7143,7,6,4,0,0,6,4,0.3333
4,84.0000,36,45,863.1154,-86.8583,-0.0113,11,0.2683,1.0000,8,8,8,0,0,8,8,0.0000
4,84.0000,36,46,894.7353,-88.0020,-0.0382,3,0.0732,1.0000,4,6,6,0,0,6,6,0.0000
4,84.0000,37,0,233.7553,-77.9428,0.6413,29,0.7250,0.0000,4,5,2,0,0,5,2,0.6000
4,84.0000,37,3,565.4438,-84.2493,0.1431,13,0.3250,0.7143,7,5,2,0,0,5,2,0.6000
4,84.0000,37,6,135.0113,-71.7248,-0.2993,36,0.9000,0.0000,4,3,0,0,0,3,0,1.0000
4,84.0000,37,7,282.2103,-75.4105,-1.8002,38,0.9500,0.0000,4,6,4,0,0,6,4,0.3333
4,84.0000,37,10,400.5499,-82.0938,0.9107,10,0.2500,0.7143,7,7,5,0,0,7,5,0.2857
4,84.0000,37,14,571.2159,-83.1801,0.3343,6,0.1500,0.8571,7,8,8,0,0,8,8,0.0000
4,84.0000,37,15,763.3849,-87.2171,-0.8057,4,0.1000,1.0000,8,8,8,0,0,8,8,0.0000
4,84.0000,37,16,441.6433,-82.8973,0.7877,10,0.2500,1.0000,8,7,6,0,0,7,6,0.1429
4,84.0000,37,22,460.8064,-82.0800,-0.2963,28,0.7000,0.6667,6,8,7,0,0,8,7,0.1250
4,84.0000,37,23,503.4487,-83.6246,0.6141,18,0.4500,0.6667,6,7,6,0,0,7,6,0.1429
4,84.0000,37,24,608.9746,-83.4114,0.6189,5,0.1250,1.0000,6,7,6,0,0,7,6,0.1429
4,84.0000,37,38,275.8451,-75.1620,-1.7639,35,0.8750,0.5000,6,5,2,0,0,5,2,0.6000
4,84.0000,37,41,239.5660,-77.7441,0.4906,35,0.8750,0.2000,5,4,0,0,0,4,0,1.0000
4,84.0000,37,42,724.8931,-85.8043,0.8595,4,0.1000,1.0000,8,8,8,0,0,8,8,0.0000
4,84.0000,37,43,437.8855,-81.7682,0.2211,27,0.6750,0.5000,6,7,5,0,0,7,5,0.2857
4,84.0000,37,46,580.1640,-84.0797,-1.1201,6,0.1500,0.6667,6,8,8,0,0,8,8,0.0000
4,84.0000,37,47,357.7211,-80.6374,0.3100,21,0.5250,0.5714,7,7,6,0,0,7,6,0.1429
4,84.0000,38,0,314.2179,-79.4851,-0.3063,22,0.5500,0.8571,7,7,6,0,0,7,6,0.1429
4,84.0000,38,3,729.7141,-85.5886,-0.4009,10,0.2500,0.7143,7,8,7,0,0,8,7,0.1250
4,84.0000,38,6,394.9048,-79.0717,-1.0227,23,0.5750,0.4000,5,7,4,0,0,7,4,0.4286
4,84.0000,38,7,221.5065,-73.7760,-0.8319,37,0.9250,0.0000,4,5,1,0,0,5,1,0.8000
4,84.0000,38,10,617.2054,-85.2874,0.2040,7,0.1750,0.8750,8,8,8,0,0,8,8,0.0000
4,84.0000,38,14,841.8981,-87.2042,-0.1958,5,0.1250,1.0000,9,6,6,0,0,6,6,0.0000
4,84.0000,38,15,967.5002,-86.7825,-0.6076,3,0.0750,1.0000,8,8,8,0,0,8,8,0.0000
4,84.0000,38,16,650.1256,-87.6651,0.5701,5,0.1250,0.8750,8,8,8,0,0,8,8,0.0000
4,84.0000,38,22,410.6537,-81.7020,0.0080,25,0.6250,0.7143,7,5,2,0,0,5,2,0.6000
4,84.0000,38,23,446.6862,-82.7955,0.1834,22,0.5500,0.4000,5,4,0,0,0,4,0,1.0000
4,84.0000,38,24,804.6430,-86.9206,0.0983,4,0.1000,1.0000,8,8,8,0,0,8,8,0.0000
4,84.0000,38,29,835.7242,-85.7530,-0.1762,4,0.1000,1.0000,8,8,8,0,0,8,8,0.0000
4,84.0000,38,37,275.8451,-74.3372,-1.8457,29,0.7250,0.0000,4,7,6,0,0,7,6,0.1429
4,84.0000,38,41,241.8636,-77.7870,0.2684,29,0.7250,0.2000,5,6,2,0,0,6,2,0.6667
4,84.0000,38,42,938.8218,-88.1110,0.3803,3,0.0750,1.0000,8,8,8,0,0,8,8,0.0000
4,84.0000,38,43,424.2726,-81.9178,-1.2839,21,0.5250,0.6667,6,7,5,0,0,7,5,0.2857
4,84.0000,38,46,841.0821,-85.9844,-0.6739,4,0.1000,1.0000,8,8,8,0,0,8,8,0.0000
4,84.0000,38,47,483.3569,-83.7343,0.0941,11,0.2750,0.8750,8,7,6,0,0,7,6,0.1429
4,84.0000,39,1,780.1636,-87.4380,0.6750,5,0.1250,1.0000,8,8,8,0,0,8,8,0.0000
4,84.0000,39,2,658.8388,-84.6048,-0.0132,15,0.3750,1.0000,8,8,8,0,0,8,8,0.0000
4,84.0000,39,4,670.8903,-84.3743,-0.0119,4,0.1000,0.8750,8,8,8,0,0,8,8,0.0000
4,84.0000,39,5,782.2393,-86.8586,0.9304,3,0.0750,1.0000,8,8,8,0,0,8,8,0.0000
4,84.0000,39,8,832.7841,-85.7472,0.0666,6,0.1500,1.0000,8,8,8,0,0,8,8,0.0000
4,84.0000,39,9,206.4442,-77.2192,0.5525,37,0.9250,0.4000,5,6,2,0,0,6,2,0.6667
4,84.0000,39,11,480.4772,-83.0481,-0.3593,6,0.1500,0.8571,7,10,10,0,0,10,10,0.0000
4,84.0000,39,13,535.3232,-84.0339,-0.2563,9,0.2250,1.0000,8,7,5,0,0,7,5,0.2857
4,84.0000,39,17,573.3289,-84.5748,-0.1280,4,0.1000,1.0000,8,8,8,0,0,8,8,0.0000
4,84.0000,39,18,237.2061,-78.1508,0.8637,28,0.7000,0.2000,5,4,0,0,0,4,0,1.0000
4,84.0000,39,20,783.1864,-86.1343,-0.4821,4,0.1000,0.8000,5,8,8,0,0,8,8,0.0000
4,84.0000,39,21,452.4184,-82.5879,0.4985,18,0.4500,0.8750,8,8,8,0,0,8,8,0.0000
4,84.0000,39,25,316.6629,-81.0394,0.7168,25,0.6250,0.2000,5,5,1,0,0,5,1,0.8000
4,84.0000,39,27,487.9731,-84.3928,0.2210,16,0.4000,0.8571,7,7,6,0,0,7,6,0.1429
4,84.0000,39,28,427.3552,-81.8653,-0.0632,13,0.3250,0.8571,7,8,7,0,0,8,7,0.1250
4,84.0000,39,32,155.4154,-75.1277,1.5921,38,0.9500,0.2857,7,5,1,0,0,5,1,0.8000
4,84.0000,39,33,894.0911,-87.8161,-0.3402,3,0.0750,1.0000,8,8,8,0,0,8,8,0.0000
4,84.0000,39,34,522.2554,-81.9942,-0.9734,14,0.3500,0.8750,8,8,8,0,0,8,8,0.0000
4,84.0000,39,35,403.0216,-82.6213,0.2226,27,0.6750,0.4000,5,6,4,0,0,6,4,0.3333
4,84.0000,39,36,435.2840,-80.2214,-1.3500,14,0.3500,0.8750,8,8,8,0,0,8,8,0.0000
4,84.0000,39,40,344.7140,-81.5083,0.4723,21,0.5250,0.7143,7,7,6,0,0,7,6,0.1429
4,84.0000,39,44,605.0350,-86.9877,0.2014,5,0.1250,0.8750,8,8,8,0,0,8,8,0.0000
4,84.0000,39,45,437.1843,-82.1104,0.1474,26,0.6500,0.5000,6,6,3,0,0,6,3,0.5000
4,84.0000,40,1,710.0846,-85.7463,0.1536,8,0.2000,1.0000,8,7,6,0,0,7,6,0.1429
4,84.0000,40,2,408.4493,-81.0102,-0.6239,26,0.6500,0.7143,7,7,6,0,0,7,6,0.1429
4,84.0000,40,4,728.1446,-86.3742,0.8996,4,0.1000,1.0000,8,8,8,0,0,8,8,0.0000
4,84.0000,40,5,791.4454,-86.4893,1.6873,4,0.1000,0.8889,9,7,6,0,0,7,6,0.1429
4,84.0000,40,8,695.7134,-85.8266,0.7776,8,0.2000,0.8571,7,8,8,0,0,8,8,0.0000
4,84.0000,40,9,393.1053,-82.5201,0.7201,20,0.5000,0.8750,8,5,0,0,0,5,0,1.0000
4,84.0000,40,11,501.4591,-82.8065,0.3459,12,0.3000,0.8571,7,7,6,0,0,7,6,0.1429
4,84.0000,40,12,1000.5087,-88.2149,-3.8848,3,0.0750,1.0000,8,6,6,0,0,6,6,0.0000
4,84.0000,40,13,523.8356,-84.0148,0.2365,13,0.3250,0.8571,7,7,5,0,0,7,5,0.2857
4,84.0000,40,17,503.6860,-84.8335,0.5463,9,0.2250,0.8571,7,7,6,0,0,7,6,0.1429
4,84.0000,40,18,573.6639,-85.6703,-0.0736,10,0.2500,0.8571,7,8,8,0,0,8,8,0.0000
4,84.0000,40,20,714.1702,-86.3353,-1.0281,4,0.1000,1.0000,8,8,8,0,0,8,8,0.0000
4,84.0000,40,21,118.3839,-65.9468,-1.5203,38,0.9500,0.4000,5,4,0,0,0,4,0,1.0000
4,84.0000,40,25,378.5912,-81.6747,0.1631,29,0.7250,0.4000,5,7,4,0,0,7,4,0.4286
4,84.0000,40,27,260.9555,-76.8553,-0.0056,34,0.8500,0.3824,102,6,2,119,83,125,85,0.3200
4,84.0000,40,28,453.3746,-82.6014,0.0341,13,0.3250,0.8571,7,8,8,0,0,8,8,0.0000
4,84.0000,40,30,857.5716,-88.6087,-2.2920,3,0.0750,1.0000,6,8,8,0,0,8,8,0.0000
4,84.0000,40,32,386.3766,-83.3663,0.4660,24,0.6000,0.5000,6,4,0,0,0,4,0,1.0000
4,84.0000,40,34,729.2067,-86.1054,0.0668,6,0.1500,0.8571,7,8,8,0,0,8,8,0.0000
4,84.0000,40,35,562.4341,-84.3387,-0.5986,21,0.5250,0.6667,6,7,6,0,0,7,6,0.1429
4,84.0000,40,36,641.1677,-86.3055,-1.3417,7,0.1750,0.8571,7,8,8,0,0,8,8,0.0000
4,84.0000,40,39,344.7140,-80.2098,0.7036,25,0.6250,0.4000,5,6,3,0,0,6,3,0.5000
4,84.0000,40,44,618.7634,-85.9202,-0.3455,8,0.2000,1.0000,8,7,6,0,0,7,6,0.1429
4,84.0000,40,45,360.2604,-81.1312,0.0511,35,0.8750,0.7143,7,6,3,0,0,6,3,0.5000
4,84.0000,41,0,341.3053,-82.0894,1.4681,23,0.5750,0.4000,5,6,3,0,0,6,3,0.5000
4,84.0000,41,3,504.4628,-82.8158,0.0041,22,0.5500,0.8571,7,6,2,0,0,6,2,0.6667
4,84.0000,41,6,323.5958,-80.2937,0.1790,23,0.5750,0.6667,6,6,3,0,0,6,3,0.5000
4,84.0000,41,7,406.3611,-81.0698,0.0320,27,0.6750,0.6667,6,7,4,0,0,7,4,0.4286
4,84.0000,41,10,598.1121,-85.4770,0.7793,13,0.3250,1.0000,8,7,6,0,0,7,6,0.1429
4,84.0000,41,14,731.0532,-85.9132,-0.3155,6,0.1500,1.0000,8,8,8,0,0,8,8,0.0000
4,84.0000,41,16,626.3063,-87.1212,0.3909,4,0.1000,1.0000,8,8,8,0,0,8,8,0.0000
4,84.0000,41,22,224.5574,-74.6016,-1.3691,38,0.9500,0.0000,3,6,1,0,0,6,1,0.8333
4,84.0000,41,23,268.0012,-77.9169,-0.1573,38,0.9500,0.0000,4,6,3,0,0,6,3,0.5000
4,84.0000,41,24,796.7470,-86.3104,0.7567,7,0.1750,1.0000,8,8,8,0,0,8,8,0.0000
4,84.0000,41,26,748.0137,-88.0017,0.4802,3,0.0750,1.0000,8,8,7,0,0,8,7,0.1250
4,84.0000,41,29,802.9471,-87.2950,-0.5879,4,0.1000,1.0000,6,8,8,0,0,8,8,0.0000
4,84.0000,41,37,239.5660,-77.8628,0.4576,28,0.7000,0.2000,5,6,3,0,0,6,3,0.5000
4,84.0000,41,38,241.8636,-77.1836,0.3335,33,0.8250,0.6667,6,5,1,0,0,5,1,0.8000
4,84.0000,41,43,485.2991,-83.4435,0.4571,15,0.3750,0.6250,8,7,6,0,0,7,6,0.1429
4,84.0000,41,46,735.5514,-86.2042,-0.0247,4,0.1000,1.0000,8,8,8,0,0,8,8,0.0000
4,84.0000,41,47,537.4749,-85.6215,-0.6293,9,0.2250,0.5714,7,8,7,0,0,8,7,0.1250
4,84.0000,42,0,638.6654,-85.7622,-0.0419,18,0.4500,0.8750,8,6,5,0,0,6,5,0.1667
4,84.0000,42,1,915.3473,-88.5044,0.4066,4,0.1000,1.0000,8,8,7,0,0,8,7,0.1250
4,84.0000,42,3,888.8666,-88.1014,0.8107,6,0.1500,1.0000,6,2,2,0,0,2,2,0.0000
4,84.0000,42,4,531.5545,-84.3464,-0.1485,10,0.2500,0.8750,8,7,6,0,0,7,6,0.1429
4,84.0000,42,5,574.6653,-85.2352,1.8084,8,0.2000,0.8571,7,8,8,19,16,27,24,0.1111
4,84.0000,42,6,713.3679,-85.6250,-0.2286,16,0.4000,0.8571,7,8,8,0,0,8,8,0.0000
4,84.0000,42,7,875.7703,-87.7035,-0.1650,10,0.2500,1.0000,6,2,2,0,0,2,2,0.0000
4,84.0000,42,8,787.2232,-86.1637,-1.2854,7,0.1750,0.6667,3,4,4,0,0,4,4,0.0000
4,84.0000,42,10,392.0975,-80.4927,-1.1389,25,0.6250,0.4000,5,8,8,0,0,8,8,0.0000
4,84.0000,42,12,285.1777,-80.0226,0.5951,16,0.4000,0.7500,8,6,2,0,0,6,2,0.6667
4,84.0000,42,14,387.7680,-81.8745,-0.7038,22,0.5500,0.6667,6,8,8,0,0,8,8,0.0000
4,84.0000,42,15,327.7119,-81.2265,-0.1683,23,0.5750,0.6667,6,8,8,0,0,8,8,0.0000
4,84.0000,42,16,343.6918,-79.3296,-1.0019,25,0.6250,0.8571,7,8,6,0,0,8,6,0.2500
4,84.0000,42,17,759.5871,-86.8406,-0.3373,5,0.1250,1.0000,8,6,6,0,0,6,6,0.0000
4,84.0000,42,19,384.5621,-82.7388,-0.6312,18,0.4500,0.8571,7,5,2,0,0,5,2,0.6000
4,84.0000,42,20,752.5867,-86.8736,-1.0409,5,0.1250,1.0000,8,7,5,0,0,7,5,0.2857
4,84.0000,42,22,983.9673,-88.4313,-0.0302,8,0.2000,1.0000,8,6,6,0,0,6,6,0.0000
4,84.0000,42,23,1003.3156,-88.8064,0.6817,4,0.1000,1.0000,6,4,4,0,0,4,4,0.0000
4,84.0000,42,24,304.7692,-78.4182,-0.0526,26,0.6500,0.6667,6,5,2,0,0,5,2,0.6000
4,84.0000,42,26,483.7999,-84.3375,0.2151,19,0.4750,0.7500,8,8,8,0,0,8,8,0.0000
4,84.0000,42,29,335.8062,-79.6308,-0.0545,26,0.6500,0.2000,5,7,5,0,0,7,5,0.2857
4,84.0000,42,30,698.3173,-86.3090,0.0837,8,0.2000,0.6667,6,8,8,0,0,8,8,0.0000
4,84.0000,42,31,399.5467,-81.7227,0.3145,10,0.2500,0.8750,8,8,8,0,0,8,8,0.0000
4,84.0000,42,33,281.9491,-80.0998,1.0311,25,0.6250,0.7143,7,8,6,0,0,8,6,0.2500
4,84.0000,42,34,716.5501,-88.0171,1.1026,5,0.1250,1.0000,8,8,7,0,0,8,7,0.1250
4,84.0000,42,36,794.7900,-86.9496,1.7819,3,0.0750,1.0000,8,8,8,0,0,8,8,0.0000
4,84.0000,42,37,724.8931,-87.0750,-0.3045,17,0.4250,1.0000,8,8,8,0,0,8,8,0.0000
4,84.0000,42,38,938.8218,-87.2998,1.0583,9,0.2250,1.0000,6,2,2,0,0,2,2,0.0000
4,84.0000,42,41,855.6358,-86.9113,-0.4471,8,0.2000,1.0000,2,4,4,0,0,4,4,0.0000
4,84.0000,42,43,678.0420,-84.7575,-0.2664,20,0.5000,0.7778,9,6,6,0,0,6,6,0.0000
4,84.0000,42,44,745.7193,-86.4929,-0.3626,4,0.1000,1.0000,8,8,8,0,0,8,8,0.0000
4,84.0000,42,46,293.1697,-79.7353,-0.3898,26,0.6500,0.4000,5,4,0,0,0,4,0,1.0000
4,84.0000,42,47,551.5636,-83.4334,-0.0824,26,0.6500,0.8571,7,7,6,0,0,7,6,0.1429
4,84.0000,43,0,208.1947,-73.6467,-0.5748,32,0.8205,0.0000,3,5,1,0,0,5,1,0.8000
4,84.0000,43,3,890.6845,-86.5462,-1.4541,5,0.1282,0.8571,7,8,8,0,0,8,8,0.0000
4,84.0000,43,6,553.8646,-83.7209,0.0962,14,0.3590,0.5714,7,8,8,0,0,8,8,0.0000
4,84.0000,43,7,402.0654,-81.6638,0.3238,19,0.4872,0.6667,6,6,4,0,0,6,4,0.3333
4,84.0000,43,10,458.6728,-82.2198,0.2187,10,0.2564,0.4000,5,6,4,0,0,6,4,0.3333
4,84.0000,43,14,766.7789,-86.3385,-0.2544,7,0.1795,1.0000,8,8,8,0,0,8,8,0.0000
4,84.0000,43,15,718.7839,-84.9471,-0.0385,8,0.2051,1.0000,8,8,8,0,0,8,8,0.0000
4,84.0000,43,16,453.5901,-84.4533,-1.0056,8,0.2051,0.8571,7,7,5,0,0,7,5,0.2857
4,84.0000,43,22,621.0386,-84.3981,-0.5916,17,0.4359,1.0000,8,8,8,0,0,8,8,0.0000
4,84.0000,43,23,638.8954,-84.5065,0.1219,17,0.4359,1.0000,8,7,6,0,0,7,6,0.1429
4,84.0000,43,24,558.8981,-83.9628,-0.8736,12,0.3077,0.7143,7,8,8,0,0,8,8,0.0000
4,84.0000,43,26,865.8664,-87.3388,-0.6407,3,0.0769,1.0000,8,8,8,0,0,8,8,0.0000
4,84.0000,43,29,672.7264,-85.8595,0.1434,6,0.1538,1.0000,8,8,8,0,0,8,8,0.0000
4,84.0000,43,33,928.8333,-87.6951,-1.4548,3,0.0769,1.0000,8,8,8,0,0,8,8,0.0000
4,84.0000,43,37,437.8855,-81.7610,-0.7446,23,0.5897,0.8750,8,6,4,0,0,6,4,0.3333
4,84.0000,43,38,424.2726,-81.8770,-0.0065,23,0.5897,0.0000,4,6,4,0,0,6,4,0.3333
4,84.0000,43,41,485.2991,-82.7656,0.6991,21,0.5385,0.7500,8,7,6,0,0,7,6,0.1429
4,84.0000,43,42,678.0420,-84.7991,-1.4522,7,0.1795,1.0000,8,8,8,0,0,8,8,0.0000
4,84.0000,43,46,718.5980,-85.9094,-0.9277,6,0.1538,1.0000,8,7,6,0,0,7,6,0.1429
4,84.0000,43,47,290.4555,-78.8977,0.0625,25,0.6410,0.7143,7,6,5,0,0,6,5,0.1667
4,84.0000,44,1,277.9010,-78.1210,-0.0722,32,0.8000,0.0000,3,5,1,0,0,5,1,0.8000
4,84.0000,44,2,504.9678,-83.0640,-0.1568,16,0.4000,0.7143,7,7,5,0,0,7,5,0.2857
4,84.0000,44,4,431.7486,-82.7038,-0.0607,13,0.3250,0.8571,7,7,6,0,0,7,6,0.1429
4,84.0000,44,5,201.4277,-71.0063,-3.1484,33,0.8250,0.2000,5,6,2,0,0,6,2,0.6667
4,84.0000,44,8,352.8183,-80.5140,-0.5159,26,0.6500,0.0000,4,5,2,0,0,5,2,0.6000
4,84.0000,44,9,737.3320,-87.3988,1.1701,10,0.2500,1.0000,8,8,8,0,0,8,8,0.0000
4,84.0000,44,10,1046.1108,-86.1789,0.3217,7,0.1750,1.0000,4,2,2,0,0,2,2,0.0000
4,84.0000,44,11,226.3456,-77.0516,0.8530,31,0.7750,0.5000,6,5,1,0,0,5,1,0.8000
4,84.0000,44,12,498.9810,-80.7682,-0.8175,17,0.4250,0.5000,6,8,8,0,0,8,8,0.0000
4,84.0000,44,13,268.3440,-79.9452,1.3596,24,0.6000,0.7143,7,3,0,0,0,3,0,1.0000
4,84.0000,44,14,817.6550,-87.9605,-0.0930,5,0.1250,1.0000,8,6,6,0,0,6,6,0.0000
4,84.0000,44,15,816.6432,-87.8019,-0.1172,4,0.1000,0.8571,7,7,6,0,0,7,6,0.1429
4,84.0000,44,17,236.0006,-76.8055,0.1458,35,0.8750,0.0000,4,6,2,0,0,6,2,0.6667
4,84.0000,44,18,639.3015,-85.7526,0.5073,13,0.3250,1.0000,6,5,2,0,0,5,2,0.6000
4,84.0000,44,19,567.8379,-84.2444,0.7991,12,0.3000,1.0000,8,7,6,0,0,7,6,0.1429
4,84.0000,44,20,215.8171,-74.6244,-0.8954,35,0.8750,0.2000,5,6,4,0,0,6,4,0.3333
4,84.0000,44,21,659.4752,-85.5774,-0.3624,9,0.2250,0.8333,6,6,6,0,0,6,6,0.0000
4,84.0000,44,24,930.5060,-87.2196,1.6432,4,0.1000,0.8000,5,2,2,0,0,2,2,0.0000
4,84.0000,44,25,801.2959,-88.0881,1.2513,4,0.1000,0.8571,7,8,8,0,0,8,8,0.0000
4,84.0000,44,26,828.9818,-86.5967,0.8184,3,0.0750,1.0000,8,4,4,0,0,4,4,0.0000
4,84.0000,44,27,479.1262,-83.9195,-0.1411,17,0.4250,0.8571,7,5,2,0,0,5,2,0.6000
4,84.0000,44,28,184.4781,-75.7873,0.5541,30,0.7500,0.4286,7,4,0,0,0,4,0,1.0000
4,84.0000,44,29,854.5688,-86.9438,1.0059,8,0.2000,1.0000,8,8,8,0,0,8,8,0.0000
4,84.0000,44,30,346.7439,-80.2182,0.1102,24,0.6000,0.6667,6,7,5,0,0,7,5,0.2857
4,84.0000,44,31,368.0583,-79.5934,-0.2046,23,0.5750,0.5000,6,8,6,0,0,8,6,0.2500
4,84.0000,44,32,747.0838,-87.3361,0.6047,5,0.1250,1.0000,8,8,8,0,0,8,8,0.0000
4,84.0000,44,33,535.7707,-84.5946,0.2800,11,0.2750,0.7500,8,7,6,0,0,7,6,0.1429
4,84.0000,44,34,498.9538,-84.3351,-0.5477,12,0.3000,1.0000,6,7,5,0,0,7,5,0.2857
4,84.0000,44,36,364.1929,-80.6501,0.6847,19,0.4750,0.8000,5,8,8,0,0,8,8,0.0000
4,84.0000,44,39,605.0350,-85.4918,-0.3428,11,0.2750,1.0000,6,7,5,0,0,7,5,0.2857
4,84.0000,44,40,618.7634,-85.6913,0.6974,9,0.2250,1.0000,8,6,3,0,0,6,3,0.5000
4,84.0000,44,42,745.7193,-86.4703,0.0257,7,0.1750,0.8750,8,8,8,0,0,8,8,0.0000
4,84.0000,44,46,792.1641,-86.8433,0.5193,5,0.1250,1.0000,6,8,8,0,0,8,8,0.0000
4,84.0000,45,2,726.1223,-85.8834,0.0869,6,0.1500,1.0000,8,8,8,0,0,8,8,0.0000
4,84.0000,45,4,1021.2698,-88.2735,-0.3015,4,0.1000,1.0000,6,8,8,0,0,8,8,0.0000
4,84.0000,45,9,425.2816,-82.0192,-0.8056,20,0.5000,0.7500,8,5,2,0,0,5,2,0.6000
4,84.0000,45,13,798.7678,-85.7689,-0.2548,6,0.1500,1.0000,8,8,8,0,0,8,8,0.0000
4,84.0000,45,17,850.0836,-87.5111,-1.0021,4,0.1000,1.0000,8,8,7,0,0,8,7,0.1250
4,84.0000,45,18,646.4517,-84.7912,-0.7971,9,0.2250,0.8333,6,9,6,0,0,9,6,0.3333
4,84.0000,45,21,390.3428,-80.9690,-0.9557,25,0.6250,0.3333,6,7,6,0,0,7,6,0.1429
4,84.0000,45,25,263.5027,-77.6013,0.2271,30,0.7500,0.4000,5,5,1,0,0,5,1,0.8000
4,84.0000,45,27,574.5591,-85.1428,-0.0050,9,0.2250,1.0000,8,8,8,0,0,8,8,0.0000
4,84.0000,45,28,754.8160,-86.7306,0.6890,3,0.0750,1.0000,8,8,8,0,0,8,8,0.0000
4,84.0000,45,32,370.3779,-81.5956,-0.2705,24,0.6000,0.7778,9,4,1,0,0,4,1,0.7500
4,84.0000,45,34,940.0225,-88.5312,-0.5357,3,0.0750,1.0000,8,4,4,0,0,4,4,0.0000
4,84.0000,45,35,384.2602,-80.8015,-0.0434,30,0.7500,0.6667,6,6,3,0,0,6,3,0.5000
4,84.0000,45,36,863.1154,-87.5593,-0.5254,5,0.1250,1.0000,8,8,8,0,0,8,8,0.0000
4,84.0000,45,39,437.1843,-82.3044,-0.2187,15,0.3750,0.5000,6,7,6,0,0,7,6,0.1429
4,84.0000,45,40,360.2604,-81.6093,0.0771,20,0.5000,0.8571,7,6,4,0,0,6,4,0.3333
4,84.0000,45,44,935.9948,-87.9201,0.0626,3,0.0750,1.0000,4,7,6,0,0,7,6,0.1429
4,84.0000,46,0,594.1070,-85.3325,0.1208,16,0.4000,0.8750,8,7,6,0,0,7,6,0.1429
4,84.0000,46,1,897.9235,-89.4580,0.2501,4,0.1000,1.0000,4,7,6,0,0,7,6,0.1429
4,84.0000,46,3,685.3870,-84.8504,-0.3124,16,0.4000,1.0000,8,6,6,0,0,6,6,0.0000
4,84.0000,46,4,730.8338,-87.8423,-4.8530,3,0.0750,0.8750,8,8,8,0,0,8,8,0.0000
4,84.0000,46,5,603.0623,-87.7497,0.8025,5,0.1250,1.0000,8,7,5,0,0,7,5,0.2857
4,84.0000,46,6,519.3707,-83.8033,-0.4752,22,0.5500,0.8571,7,6,4,0,0,6,4,0.3333
4,84.0000,46,7,781.7237,-86.3701,-0.3404,13,0.3250,1.0000,4,6,6,0,0,6,6,0.0000
4,84.0000,46,8,842.7351,-88.7364,2.4254,3,0.0750,1.0000,8,8,8,0,0,8,8,0.0000
4,84.0000,46,10,321.7124,-78.0374,-0.9049,30,0.7500,0.4000,5,7,4,0,0,7,4,0.4286
4,84.0000,46,12,416.6635,-81.9737,-0.0794,6,0.1500,0.8750,8,6,4,0,0,6,4,0.3333
4,84.0000,46,14,95.2474,-69.5708,0.5538,31,0.7750,0.0000,4,5,1,0,0,5,1,0.8000
4,84.0000,46,15,416.2308,-81.9668,0.2025,16,0.4000,0.8571,7,6,4,0,0,6,4,0.3333
4,84.0000,46,16,314.9480,-80.9857,-0.5495,23,0.5750,0.8750,8,8,6,0,0,8,6,0.2500
4,84.0000,46,19,512.7614,-83.6587,0.4318,6,0.1500,1.0000,8,7,6,0,0,7,6,0.1429
4,84.0000,46,22,882.5463,-86.4283,-0.5022,9,0.2250,1.0000,4,2,2,0,0,2,2,0.0000
4,84.0000,46,23,910.9483,-87.5171,-0.9603,6,0.1500,1.0000,6,4,4,0,0,4,4,0.0000
4,84.0000,46,24,365.1118,-79.7820,-0.7734,25,0.6250,0.8750,8,7,5,0,0,7,5,0.2857
4,84.0000,46,26,252.8162,-78.8105,0.7402,28,0.7000,0.5000,6,5,1,0,0,5,1,0.8000
4,84.0000,46,29,254.3456,-78.7668,0.0925,26,0.6500,0.2000,5,4,0,0,0,4,0,1.0000
4,84.0000,46,30,683.5925,-86.1731,-0.6225,5,0.1250,1.0000,6,8,8,0,0,8,8,0.0000
4,84.0000,46,31,494.1627,-84.5019,1.3110,7,0.1750,1.0000,8,7,6,0,0,7,6,0.1429
4,84.0000,46,33,491.4718,-83.8368,0.5763,12,0.3000,1.0000,8,7,6,0,0,7,6,0.1429
4,84.0000,46,37,580.1640,-84.2631,-0.3226,18,0.4500,1.0000,8,7,6,0,0,7,6,0.1429
4,84.0000,46,38,841.0821,-87.5431,0.2996,9,0.2250,0.8000,5,4,4,0,0,4,4,0.0000
4,84.0000,46,41,735.5514,-86.0392,-0.4637,14,0.3500,1.0000,8,8,8,0,0,8,8,0.0000
4,84.0000,46,42,293.1697,-78.8435,0.9217,23,0.5750,0.8571,7,5,2,0,0,5,2,0.6000
4,84.0000,46,43,718.5980,-85.3946,-0.4870,16,0.4000,0.5000,4,8,8,0,0,8,8,0.0000
4,84.0000,46,47,530.9540,-83.5408,-0.0153,19,0.4750,0.8571,7,7,6,0,0,7,6,0.1429
4,84.0000,47,0,213.3022,-76.7651,-0.0699,29,0.7250,0.2000,5,5,1,0,0,5,1,0.8000
4,84.0000,47,3,852.6379,-86.6254,1.5436,5,0.1250,0.8571,7,6,6,0,0,6,6,0.0000
4,84.0000,47,4,1042.3338,-88.8795,-0.1679,3,0.0750,1.0000,2,4,4,0,0,4,4,0.0000
4,84.0000,47,6,420.6588,-83.3689,-0.3556,19,0.4750,1.0000,8,7,6,0,0,7,6,0.1429
4,84.0000,47,7,352.5865,-82.7813,0.0980,24,0.6000,0.2000,5,4,0,0,0,4,0,1.0000
4,84.0000,47,10,215.7356,-77.1986,0.6702,25,0.6250,0.2000,5,5,2,0,0,5,2,0.6000
4,84.0000,47,12,763.9440,-86.5569,-0.6791,3,0.0750,1.0000,8,8,8,0,0,8,8,0.0000
4,84.0000,47,14,567.6411,-84.6756,0.6616,7,0.1750,1.0000,8,8,8,0,0,8,8,0.0000
4,84.0000,47,15,500.5698,-80.9284,-1.1440,14,0.3500,0.8571,7,7,6,0,0,7,6,0.1429
4,84.0000,47,16,231.2513,-76.3008,-0.3578,27,0.6750,0.4000,5,5,1,0,0,5,1,0.8000
4,84.0000,47,19,766.2436,-84.9035,-0.0584,6,0.1500,1.0000,8,8,7,0,0,8,7,0.1250
4,84.0000,47,22,734.6672,-85.3307,0.0073,11,0.2750,0.7500,8,8,7,0,0,8,7,0.1250
4,84.0000,47,23,766.2715,-87.3177,0.3762,8,0.2000,0.7143,7,8,7,0,0,8,7,0.1250
4,84.0000,47,24,340.3877,-78.2821,-0.7805,24,0.6000,0.5714,7,6,3,0,0,6,3,0.5000
4,84.0000,47,26,719.4988,-88.3536,0.7402,4,0.1000,1.0000,8,5,2,0,0,5,2,0.6000
4,84.0000,47,29,423.4860,-83.3596,-0.0925,11,0.2750,0.8571,7,6,3,0,0,6,3,0.5000
4,84.0000,47,33,788.0175,-86.2665,-1.5023,5,0.1250,1.0000,8,8,8,0,0,8,8,0.0000
4,84.0000,47,37,357.7211,-81.5519,0.1094,23,0.5750,0.8750,8,5,2,0,0,5,2,0.6000
4,84.0000,47,38,483.3569,-83.5152,0.3317,21,0.5250,0.4000,5,6,3,0,0,6,3,0.5000
4,84.0000,47,41,537.4749,-85.3023,0.1573,15,0.3750,0.8571,7,7,5,0,0,7,5,0.2857
4,84.0000,47,42,551.5636,-82.2666,0.1168,11,0.2750,0.8750,8,8,7,0,0,8,7,0.1250
4,84.0000,47,43,290.4555,-79.9018,0.0420,28,0.7000,0.5000,6,7,4,0,0,7,4,0.4286
4,84.0000,47,46,530.9540,-83.9707,-0.8456,7,0.1750,0.5714,7,7,6,0,0,7,6,0.1429
4,88.0000,0,3,687.9215,-85.7250,0.7009,12,0.3000,1.0000,8,7,5,0,0,7,5,0.2857
4,88.0000,0,6,350.7180,-80.8228,0.1342,27,0.6750,0.6667,6,4,0,0,0,4,0,1.0000
4,88.0000,0,7,358.2005,-79.5577,-0.2670,38,0.9500,0.2000,5,5,2,0,0,5,2,0.6000
4,88.0000,0,10,338.6625,-79.4810,0.0094,22,0.5500,0.5714,7,6,3,10,9,16,12,0.2500
4,88.0000,0,12,847.2570,-87.6541,-0.1178,3,0.0750,1.0000,8,8,8,0,0,8,8,0.0000
4,88.0000,0,14,638.4444,-85.2972,0.4208,10,0.2500,0.8750,8,10,10,0,0,10,10,0.0000
4,88.0000,0,15,793.3307,-85.7829,-0.4105,8,0.2000,1.0000,8,8,8,0,0,8,8,0.0000
4,88.0000,0,16,307.4606,-81.0887,0.5361,20,0.5000,0.5000,6,6,2,0,0,6,2,0.6667
4,88.0000,0,19,956.2163,-87.1086,-1.8627,3,0.0750,1.0000,6,8,8,0,0,8,8,0.0000
4,88.0000,0,22,494.2690,-84.0057,0.1020,30,0.7500,0.4000,5,6,3,0,0,6,3,0.5000
4,88.0000,0,23,452.9021,-83.8109,0.9148,28,0.7000,0.8750,8,5,2,0,0,5,2,0.6000
4,88.0000,0,24,656.1842,-85.1256,-1.4029,8,0.2000,0.8750,8,8,8,0,0,8,8,0.0000
4,88.0000,0,26,570.2566,-85.4726,1.2531,5,0.1250,1.0000,6,9,8,0,0,9,8,0.1111
4,88.0000,0,29,525.0415,-82.4605,1.0245,13,0.3250,0.7143,7,8,6,0,0,8,6,0.2500
4,88.0000,0,33,965.7627,-86.5495,0.9604,3,0.0750,1.0000,8,4,4,0,0,4,4,0.0000
4,88.0000,0,37,223.1212,-76.7311,-0.2550,36,0.9000,0.0000,4,5,1,0,0,5,1,0.8000
4,88.0000,0,38,325.9940,-80.4003,-0.1785,35,0.8750,0.2000,5,6,2,0,0,6,2,0.6667
4,88.0000,0,41,187.9710,-77.9048,1.8137,37,0.9250,0.6667,6,5,0,0,0,5,0,1.0000
4,88.0000,0,42,731.7106,-85.4376,1.2498,6,0.1500,1.0000,8,8,8,0,0,8,8,0.0000
4,88.0000,0,43,337.1617,-78.8008,-1.3959,34,0.8500,0.4000,5,4,0,0,0,4,0,1.0000
4,88.0000,0,46,682.5381,-85.8474,-0.7352,9,0.2250,1.0000,8,7,6,0,0,7,6,0.1429
4,88.0000,0,47,215.9454,-76.1442,-0.2193,34,0.8500,0.0000,4,5,1,0,0,5,1,0.8000
4,88.0000,1,2,483.7064,-82.7946,-0.3228,24,0.6154,1.0000,8,8,8,0,0,8,8,0.0000
4,88.0000,1,4,651.7259,-87.2566,0.1788,8,0.2051,1.0000,8,8,8,0,0,8,8,0.0000
4,88.0000,1,5,361.4502,-79.8284,-0.0846,19,0.4872,0.8571,7,8,8,0,0,8,8,0.0000
4,88.0000,1,8,305.5595,-79.4275,-0.8479,25,0.6410,0.4286,7,7,5,0,0,7,5,0.2857
4,88.0000,1,11,449.4655,-82.1874,-0.8688,15,0.3846,1.0000,8,8,7,0,0,8,7,0.1250
4,88.0000,1,12,786.5815,-86.6416,-0.1049,6,0.1538,1.0000,6,10,10,0,0,10,10,0.0000
4,88.0000,1,13,357.8222,-79.8439,-0.9727,23,0.5897,0.5000,8,8,8,0,0,8,8,0.0000
4,88.0000,1,14,843.3298,-88.1306,0.6175,4,0.1026,1.0000,8,6,6,0,0,6,6,0.0000
4,88.0000,1,17,503.4351,-82.4822,-0.8413,16,0.4103,1.0000,8,7,6,0,0,7,6,0.1429
4,88.0000,1,18,894.7166,-86.9789,-0.3741,8,0.2051,1.0000,8,8,8,0,0,8,8,0.0000
4,88.0000,1,19,740.4251,-87.8453,1.2406,6,0.1538,1.0000,6,8,8,0,0,8,8,0.0000
4,88.0000,1,20,145.9238,-73.2450,0.8385,34,0.8718,0.2000,5,5,1,0,0,5,1,0.8000
4,88.0000,1,21,691.2112,-86.1955,-0.1112,10,0.2564,1.0000,8,8,8,0,0,8,8,0.0000
4,88.0000,1,25,902.1257,-87.1688,-0.9171,4,0.1026,1.0000,4,8,8,0,0,8,8,0.0000
4,88.0000,1,26,898.5106,-86.9569,-0.2529,6,0.1538,1.0000,4,8,8,0,0,8,8,0.0000
4,88.0000,1,27,487.3311,-83.6537,-1.1952,14,0.3590,0.8750,8,8,5,0,0,8,5,0.3750
4,88.0000,1,28,458.9017,-81.8484,-0.7314,15,0.3846,0.6667,6,8,8,0,0,8,8,0.0000
4,88.0000,1,30,187.3236,-75.8451,0.3105,29,0.7436,0.2000,5,6,2,0,0,6,2,0.6667
4,88.0000,1,31,638.4831,-86.6030,-0.6740,8,0.2051,0.8571,7,8,7,0,0,8,7,0.1250
4,88.0000,1,33,679.9044,-85.8649,0.3074,7,0.1795,1.0000,8,8,8,0,0,8,8,0.0000
4,88.0000,1,34,817.9942,-87.4331,-0.4131,7,0.1795,1.0000,8,8,8,0,0,8,8,0.0000
4,88.0000,1,35,1041.3845,-88.3442,-0.5768,6,0.1538,1.0000,2,4,4,0,0,4,4,0.0000
4,88.0000,1,36,763.2410,-85.0417,-0.8524,7,0.1795,1.0000,8,8,8,0,0,8,8,0.0000
4,88.0000,1,39,899.8420,-87.5002,0.1552,8,0.2051,1.0000,4,8,8,0,0,8,8,0.0000
4,88.0000,1,40,765.0467,-86.4521,0.2454,6,0.1538,0.8571,7,8,8,0,0,8,8,0.0000
4,88.0000,1,42,858.7778,-88.2989,-1.1165,5,0.1282,1.0000,8,10,10,0,0,10,10,0.0000
4,88.0000,1,44,301.8279,-78.3548,-0.7994,25,0.6410,0.7143,7,8,8,0,0,8,8,0.0000
4,88.0000,1,45,1011.6067,-88.5643,0.1475,3,0.0769,1.0000,8,4,4,0,0,4,4,0.0000
4,88.0000,1,46,791.6143,-87.8398,0.0205,7,0.1795,1.0000,8,8,8,0,0,8,8,0.0000
4,88.0000,2,1,483.7064,-82.5813,-0.8498,15,0.3750,1.0000,8,7,6,0,0,7,6,0.1429
4,88.0000,2,4,800.8109,-88.4138,-0.0219,4,0.1000,1.0000,8,7,6,0,0,7,6,0.1429
4,88.0000,2,5,746.4539,-84.2123,-0.6463,5,0.1250,1.0000,10,8,8,0,0,8,8,0.0000
4,88.0000,2,8,438.4178,-81.7112,-0.0260,16,0.4000,0.8000,10,8,8,0,0,8,8,0.0000
4,88.0000,2,9,839.9359,-87.6083,-0.3195,5,0.1250,1.0000,8,8,8,0,0,8,8,0.0000
4,88.0000,2,11,544.1162,-82.6161,-0.2367,12,0.3000,0.8750,8,8,7,0,0,8,7,0.1250
4,88.0000,2,13,508.8050,-82.5982,-0.8995,13,0.3250,0.6400,25,7,6,0,0,7,6,0.1429
4,88.0000,2,17,549.5702,-83.3977,0.8495,10,0.2500,0.8750,8,8,8,0,0,8,8,0.0000
4,88.0000,2,18,886.9905,-87.6100,-0.9569,6,0.1500,1.0000,8,8,8,0,0,8,8,0.0000
4,88.0000,2,20,480.4980,-83.3885,-0.3422,10,0.2500,0.7143,7,7,6,0,0,7,6,0.1429
4,88.0000,2,21,375.4041,-79.9573,0.1180,23,0.5750,0.5000,6,6,4,0,0,6,4,0.3333
4,88.0000,2,25,747.7821,-86.2223,0.1386,10,0.2500,1.0000,8,8,8,0,0,8,8,0.0000
4,88.0000,2,27,300.1017,-76.7155,-0.6264,30,0.7500,0.2000,5,8,8,0,0,8,8,0.0000
4,88.0000,2,28,497.6236,-82.4312,-0.2140,12,0.3000,1.0000,8,8,8,0,0,8,8,0.0000
4,88.0000,2,30,521.6182,-84.4738,-0.4392,11,0.2750,0.6667,6,7,6,0,0,7,6,0.1429
4,88.0000,2,31,944.6773,-87.6960,0.5305,3,0.0750,1.0000,8,6,6,0,0,6,6,0.0000
4,88.0000,2,32,808.9460,-87.2897,-0.5234,7,0.1750,1.0000,6,8,8,0,0,8,8,0.0000
4,88.0000,2,33,957.3447,-88.7640,-0.5766,3,0.0750,1.0000,8,8,8,0,0,8,8,0.0000
4,88.0000,2,35,873.7720,-87.6251,-0.3882,7,0.1750,1.0000,8,7,6,0,0,7,6,0.1429
4,88.0000,2,36,954.9206,-86.4936,-0.5964,5,0.1250,1.0000,8,3,2,0,0,3,2,0.3333
4,88.0000,2,39,797.1676,-86.0256,0.9221,5,0.1250,1.0000,42,8,8,0,0,8,8,0.0000
4,88.0000,2,40,564.1888,-83.1844,-0.4989,18,0.4500,0.8750,8,8,8,0,0,8,8,0.0000
4,88.0000,2,44,506.6289,-83.8317,-0.5861,9,0.2250,0.8571,7,8,7,0,0,8,7,0.1250
4,88.0000,2,45,749.6840,-86.3891,0.3632,12,0.3000,1.0000,8,8,8,0,0,8,8,0.0000
4,88.0000,3,0,687.9215,-84.3826,-0.5925,3,0.0750,1.0000,8,8,8,0,0,8,8,0.0000
4,88.0000,3,6,469.3709,-82.4191,-0.5265,12,0.3000,0.8750,8,5,3,0,0,5,3,0.4000
4,88.0000,3,7,988.7761,-86.9440,1.1001,3,0.0750,1.0000,2,4,4,0,0,4,4,0.0000
4,88.0000,3,22,587.6884,-84.1940,-0.5157,14,0.3500,1.0000,8,8,8,0,0,8,8,0.0000
4,88.0000,3,23,645.3998,-84.6372,-0.5177,13,0.3250,0.8571,7,10,9,0,0,10,9,0.1000
4,88.0000,3,26,487.7927,-82.2159,0.6166,6,0.1500,0.8571,7,8,7,0,0,8,7,0.1250
4,88.0000,3,37,530.4574,-84.4177,0.5270,8,0.2000,1.0000,8,8,8,0,0,8,8,0.0000
4,88.0000,3,38,845.0323,-87.4964,-0.5512,6,0.1500,1.0000,8,8,8,0,0,8,8,0.0000
4,88.0000,3,41,608.7924,-84.4267,0.8679,11,0.2750,1.0000,8,8,8,0,0,8,8,0.0000
4,88.0000,3,46,786.1776,-86.1853,-2.8379,3,0.0750,1.0000,8,8,8,0,0,8,8,0.0000
4,88.0000,4,1,651.7259,-86.2532,0.1264,12,0.3000,0.6667,6,8,8,0,0,8,8,0.0000
4,88.0000,4,2,800.8109,-88.0298,-0.5155,5,0.1250,1.0000,8,3,2,0,0,3,2,0.3333
4,88.0000,4,5,433.3481,-82.6472,1.1423,15,0.3750,1.0000,8,7,5,0,0,7,5,0.2857
4,88.0000,4,8,604.1969,-84.0876,-0.3565,12,0.3000,0.8571,7,7,6,0,0,7,6,0.1429
4,88.0000,4,9,737.3448,-86.6813,-0.0621,5,0.1250,0.8571,7,7,6,0,0,7,6,0.1429
4,88.0000,4,10,1005.0600,-88.4416,-0.8874,4,0.1000,1.0000,4,8,8,0,0,8,8,0.0000
4,88.0000,4,11,537.5702,-84.7752,0.4370,7,0.1750,0.8571,7,8,7,0,0,8,7,0.1250
4,88.0000,4,12,419.6671,-82.3735,-1.2497,12,0.3000,1.0000,8,8,8,0,0,8,8,0.0000
4,88.0000,4,13,555.1778,-84.6569,0.4785,9,0.2250,1.0000,8,6,4,0,0,6,4,0.3333
4,88.0000,4,14,736.4314,-86.0351,-0.6982,7,0.1750,1.0000,8,7,6,0,0,7,6,0.1429
4,88.0000,4,15,581.8311,-84.3870,-1.0800,11,0.2750,1.0000,8,8,8,0,0,8,8,0.0000
4,88.0000,4,16,954.9723,-88.3650,-2.9117,4,0.1000,1.0000,2,6,5,0,0,6,5,0.1667
4,88.0000,4,17,264.2455,-78.7562,0.1811,20,0.5000,0.8571,7,7,5,0,0,7,5,0.2857
4,88.0000,4,18,700.0170,-84.6342,-0.3281,9,0.2250,1.0000,8,8,8,0,0,8,8,0.0000
4,88.0000,4,19,395.1478,-80.8089,-0.8046,16,0.4000,0.5000,6,7,6,0,0,7,6,0.1429
4,88.0000,4,20,546.8090,-84.9752,0.0899,10,0.2500,0.8571,7,8,8,0,0,8,8,0.0000
4,88.0000,4,21,700.4956,-86.4450,-0.6277,10,0.2500,,0,6,4,0,0,6,4,0.3333
4,88.0000,4,24,741.0161,-87.0954,-0.6252,5,0.1250,1.0000,8,8,8,0,0,8,8,0.0000
4,88.0000,4,25,847.9156,-87.6171,-0.5471,4,0.1000,1.0000,6,7,6,0,0,7,6,0.1429
4,88.0000,4,26,876.7582,-86.6805,0.1369,3,0.0750,1.0000,2,8,8,0,0,8,8,0.0000
4,88.0000,4,27,589.7323,-85.6030,-0.4868,13,0.3250,1.0000,8,5,4,0,0,5,4,0.2000
4,88.0000,4,28,484.5031,-82.8627,0.8226,9,0.2250,0.8750,8,8,7,0,0,8,7,0.1250
4,88.0000,4,29,840.0823,-85.9610,0.2313,7,0.1750,1.0000,8,8,8,0,0,8,8,0.0000
4,88.0000,4,30,541.2488,-84.0495,0.5755,12,0.3000,0.6667,6,5,2,0,0,5,2,0.6000
4,88.0000,4,31,288.7286,-78.4720,-0.9030,21,0.5250,0.2857,7,8,7,0,0,8,7,0.1250
4,88.0000,4,32,793.1047,-86.4128,1.0268,5,0.1250,1.0000,8,8,8,0,0,8,8,0.0000
4,88.0000,4,33,265.2393,-78.2994,-0.4903,27,0.6750,0.5000,6,6,3,0,0,6,3,0.5000
4,88.0000,4,34,334.3326,-79.2043,-0.3613,23,0.5750,0.6667,6,6,4,0,0,6,4,0.3333
4,88.0000,4,35,1066.4661,-88.5674,-0.1313,4,0.1000,,0,6,6,0,0,6,6,0.0000
4,88.0000,4,36,404.9102,-81.1926,-0.9735,18,0.4500,1.0000,8,6,4,0,0,6,4,0.3333
4,88.0000,4,39,719.3274,-86.8286,-0.7025,6,0.1500,1.0000,8,4,4,0,0,4,4,0.0000
4,88.0000,4,40,607.0670,-86.1548,0.3112,10,0.2500,0.7500,8,8,8,0,0,8,8,0.0000
4,88.0000,4,42,490.7747,-83.6064,-0.5077,13,0.3250,1.0000,8,8,6,0,0,8,6,0.2500
4,88.0000,4,44,433.3203,-82.5605,-0.8948,13,0.3250,0.8571,7,7,5,0,0,7,5,0.2857
4,88.0000,4,45,895.3088,-87.5831,-4.5289,3,0.0750,1.0000,8,6,6,0,0,6,6,0.0000
4,88.0000,4,46,633.1787,-85.7204,-0.8605,9,0.2250,0.8571,7,8,7,0,0,8,7,0.1250
4,88.0000,5,1,361.4502,-80.4035,0.1846,17,0.4250,0.4000,5,7,6,0,0,7,6,0.1429
4,88.0000,5,2,746.4539,-85.9308,-0.9588,6,0.1500,1.0000,8,6,6,0,0,6,6,0.0000
4,88.0000,5,4,433.3481,-82.2391,0.0139,17,0.4250,0.7143,7,7,6,0,0,7,6,0.1429
4,88.0000,5,8,411.4795,-80.5871,-0.5476,25,0.6250,0.8000,5,7,5,0,0,7,5,0.2857
4,88.0000,5,9,1025.0181,-88.1881,0.3749,3,0.0750,1.0000,8,4,4,0,0,4,4,0.0000
4,88.0000,5,11,552.6452,-83.9773,-0.8915,8,0.2000,0.8125,16,6,6,0,0,6,6,0.0000
4,88.0000,5,12,438.1366,-81.7724,-0.3033,12,0.3000,0.5000,6,4,0,0,0,4,0,1.0000
4,88.0000,5,13,497.1457,-82.3094,-0.7765,12,0.3000,1.0000,8,8,8,2,2,10,10,0.0000
4,88.0000,5,14,517.4571,-83.9465,0.1697,11,0.2750,0.6667,6,7,5,0,0,7,5,0.2857
4,88.0000,5,15,602.0356,-85.6201,-0.5178,6,0.1500,1.0000,8,7,6,0,0,7,6,0.1429
4,88.0000,5,16,839.3567,-87.0484,0.1686,6,0.1500,1.0000,2,8,8,0,0,8,8,0.0000
4,88.0000,5,17,453.6622,-81.2427,-1.2545,13,0.3250,0.7143,7,7,6,0,0,7,6,0.1429
4,88.0000,5,19,421.4844,-81.7208,0.1609,13,0.3250,0.8571,7,7,5,0,0,7,5,0.2857
4,88.0000,5,20,284.7650,-76.5194,-0.1853,32,0.8000,0.5714,7,7,4,0,0,7,4,0.4286
4,88.0000,5,21,840.9498,-86.6744,0.3154,6,0.1500,1.0000,6,8,7,0,0,8,7,0.1250
4,88.0000,5,24,775.6248,-87.7383,0.1748,3,0.0750,1.0000,8,8,8,0,0,8,8,0.0000
4,88.0000,5,25,1020.2236,-88.2066,-0.1890,3,0.0750,,0,2,2,0,0,2,2,0.0000
4,88.0000,5,26,605.5276,-85.4076,0.2647,10,0.2500,1.0000,8,6,6,0,0,6,6,0.0000
4,88.0000,5,27,650.7814,-85.8960,-0.1436,7,0.1750,0.8750,8,8,8,0,0,8,8,0.0000
4,88.0000,5,28,547.2871,-83.1095,-0.4493,9,0.2250,0.6667,6,8,7,0,0,8,7,0.1250
4,88.0000,5,29,727.2375,-87.2352,0.4878,4,0.1000,0.8571,7,8,7,0,0,8,7,0.1250
4,88.0000,5,30,256.6963,-76.7594,0.1058,31,0.7750,0.2000,5,7,5,0,0,7,5,0.2857
4,88.0000,5,31,328.2385,-78.2217,-0.3116,22,0.5500,0.2000,5,6,5,0,0,6,5,0.1667
4,88.0000,5,33,346.6991,-81.7930,0.8048,12,0.3000,0.5714,7,6,4,0,0,6,4,0.3333
4,88.0000,5,34,597.2130,-84.5328,-0.4319,8,0.2000,0.8750,8,8,8,0,0,8,8,0.0000
4,88.0000,5,36,608.7990,-83.8106,-0.6894,13,0.3250,0.8750,8,6,3,0,0,6,3,0.5000
4,88.0000,5,39,951.2611,-87.2973,-0.1553,4,0.1000,1.0000,4,6,6,0,0,6,6,0.0000
4,88.0000,5,40,837.4430,-85.6190,-0.2657,3,0.0750,1.0000,8,6,6,0,0,6,6,0.0000
4,88.0000,5,42,499.4409,-84.1355,-0.4730,11,0.2750,0.8571,7,8,8,0,0,8,8,0.0000
4,88.0000,5,44,366.3169,-78.3864,-1.3669,24,0.6000,0.4000,5,7,6,0,0,7,6,0.1429
4,88.0000,5,45,1123.5881,-88.8637,-1.2778,3,0.0750,1.0000,4,4,4,0,0,4,4,0.0000
4,88.0000,5,46,446.7400,-83.5514,1.2659,10,0.2500,0.8750,8,5,2,0,0,5,2,0.6000
4,88.0000,6,0,350.7180,-80.7693,-0.4745,23,0.5750,0.6667,6,9,7,0,0,9,7,0.2222
4,88.0000,6,3,469.3709,-82.9598,0.1872,19,0.4750,0.4000,5,6,4,0,0,6,4,0.3333
4,88.0000,6,7,559.0578,-83.1834,-0.4816,21,0.5250,1.0000,8,8,6,0,0,8,6,0.2500
4,88.0000,6,10,461.9617,-82.4176,-0.0987,13,0.3250,0.8750,8,7,5,0,0,7,5,0.2857
4,88.0000,6,12,844.2352,-87.1171,-0.4363,4,0.1000,1.0000,6,7,6,0,0,7,6,0.1429
4,88.0000,6,14,517.2700,-85.0432,0.8442,10,0.2500,1.0000,8,8,8,0,0,8,8,0.0000
4,88.0000,6,15,806.2501,-88.6898,0.1255,3,0.0750,0.8750,8,8,8,0,0,8,8,0.0000
4,88.0000,6,16,369.5445,-81.4040,1.4521,14,0.3500,0.8571,7,7,4,0,0,7,4,0.4286
4,88.0000,6,19,928.2493,-87.6620,0.2142,4,0.1000,1.0000,2,8,8,0,0,8,8,0.0000
4,88.0000,6,22,574.7570,-84.0547,0.1911,20,0.5000,0.8750,8,7,5,0,0,7,5,0.2857
4,88.0000,6,23,591.2608,-84.6524,0.6262,16,0.4000,0.8750,8,7,6,0,0,7,6,0.1429
4,88.0000,6,24,740.0805,-84.8578,0.4006,7,0.1750,1.0000,8,7,6,0,0,7,6,0.1429
4,88.0000,6,26,398.8058,-83.0912,-0.0677,13,0.3250,0.8000,5,5,2,0,0,5,2,0.6000
4,88.0000,6,29,502.1694,-84.2977,-0.4439,10,0.2500,0.8571,7,7,5,0,0,7,5,0.2857
4,88.0000,6,33,959.5696,-88.1593,-0.4227,3,0.0750,1.0000,8,4,4,0,0,4,4,0.0000
4,88.0000,6,37,131.1786,-71.6384,-0.3234,32,0.8000,0.0000,4,4,0,0,0,4,0,1.0000
4,88.0000,6,38,522.6996,-82.5832,-0.7234,22,0.5500,0.8333,6,9,8,0,0,9,8,0.1111
4,88.0000,6,41,353.4921,-80.5044,0.3266,22,0.5500,0.6667,6,5,2,0,0,5,2,0.6000
4,88.0000,6,42,767.5435,-86.4204,0.5369,4,0.1000,1.0000,8,8,8,0,0,8,8,0.0000
4,88.0000,6,43,677.8806,-85.0838,-1.3138,11,0.2750,1.0000,8,7,6,0,0,7,6,0.1429
4,88.0000,6,46,601.7090,-84.6788,1.4094,7,0.1750,1.0000,8,7,6,0,0,7,6,0.1429
4,88.0000,6,47,440.0573,-82.6405,-0.7506,14,0.3500,0.7500,8,5,2,0,0,5,2,0.6000
4,88.0000,7,0,358.2005,-79.1053,-0.1647,23,0.5750,0.8571,7,8,7,0,0,8,7,0.1250
4,88.0000,7,6,559.0578,-82.6158,-0.6887,20,0.5000,0.8750,8,8,8,0,0,8,8,0.0000
4,88.0000,7,10,402.7013,-82.5127,0.6802,9,0.2250,1.0000,6,7,6,0,0,7,6,0.1429
4,88.0000,7,16,491.5724,-84.0300,0.3986,8,0.2000,0.8571,7,8,7,0,0,8,7,0.1250
4,88.0000,7,22,738.7315,-85.0032,-1.0549,14,0.3500,0.8750,8,8,8,0,0,8,8,0.0000
4,88.0000,7,23,695.2983,-85.4474,-0.1247,17,0.4250,0.7143,7,8,8,0,0,8,8,0.0000
4,88.0000,7,37,462.8829,-81.5148,-0.5503,19,0.4750,0.2000,5,8,7,0,0,8,7,0.1250
4,88.0000,7,38,317.2905,-78.6770,-1.1617,31,0.7750,0.4000,5,6,3,0,0,6,3,0.5000
4,88.0000,7,41,450.5217,-82.4462,0.3565,22,0.5500,0.5000,6,8,7,0,0,8,7,0.1250
4,88.0000,7,43,362.8619,-81.0065,0.7810,29,0.7250,0.8750,8,7,5,0,0,7,5,0.2857
4,88.0000,7,47,252.0036,-78.4780,0.9366,24,0.6000,0.7143,7,4,0,0,0,4,0,1.0000
4,88.0000,8,1,305.5595,-79.8180,0.2447,24,0.6000,0.5000,8,6,3,0,0,6,3,0.5000
4,88.0000,8,2,438.4178,-82.1974,-0.4537,18,0.4500,0.5000,6,6,4,0,0,6,4,0.3333
4,88.0000,8,4,604.1969,-86.3078,-1.4588,8,0.2000,1.0000,10,7,6,0,0,7,6,0.1429
4,88.0000,8,5,411.4795,-81.5412,-0.8867,10,0.2500,0.8571,7,7,6,0,0,7,6,0.1429
4,88.0000,8,11,604.2434,-84.9766,-0.6224,13,0.3250,1.0000,8,8,8,0,0,8,8,0.0000
4,88.0000,8,12,801.4498,-87.2101,0.3452,5,0.1250,1.0000,8,7,6,0,0,7,6,0.1429
4,88.0000,8,13,539.9072,-83.4472,-0.3929,11,0.2750,1.0000,8,8,8,0,0,8,8,0.0000
4,88.0000,8,14,891.0347,-88.1186,-0.8651,3,0.0750,1.0000,8,8,8,0,0,8,8,0.0000
4,88.0000,8,15,986.8803,-88.8890,-0.7531,3,0.0750,1.0000,8,8,8,0,0,8,8,0.0000
4,88.0000,8,17,467.0604,-81.4701,-0.5682,14,0.3500,0.6667,6,8,8,0,0,8,8,0.0000
4,88.0000,8,20,194.2991,-73.9570,0.4052,35,0.8750,0.4000,5,4,0,0,0,4,0,1.0000
4,88.0000,8,21,660.7963,-85.5575,-0.4416,7,0.1750,1.0000,8,8,8,0,0,8,8,0.0000
4,88.0000,8,25,997.5227,-88.2227,-0.1695,3,0.0750,1.0000,6,8,8,0,0,8,8,0.0000
4,88.0000,8,26,898.5681,-88.2613,-0.6777,3,0.0750,1.0000,8,8,8,0,0,8,8,0.0000
4,88.0000,8,27,502.3721,-84.5623,0.4643,13,0.3250,0.8571,7,6,4,0,0,6,4,0.3333
4,88.0000,8,28,562.5426,-82.8968,-1.2988,10,0.2500,1.0000,8,8,8,0,0,8,8,0.0000
4,88.0000,8,30,181.0303,-74.7885,0.6730,30,0.7500,0.4000,5,7,3,0,0,7,3,0.5714
4,88.0000,8,31,679.3002,-85.7652,-0.7334,6,0.1500,0.8571,7,8,8,0,0,8,8,0.0000
4,88.0000,8,32,1024.6638,-88.6703,-0.9803,3,0.0750,,0,8,8,0,0,8,8,0.0000
4,88.0000,8,33,653.3745,-86.0474,-0.1015,5,0.1250,0.8571,7,7,6,0,0,7,6,0.1429
4,88.0000,8,36,864.4157,-86.8346,-0.7567,7,0.1750,1.0000,8,8,8,0,0,8,8,0.0000
4,88.0000,8,40,756.5512,-86.7684,-0.3636,5,0.1250,0.6000,5,8,8,0,0,8,8,0.0000
4,88.0000,8,42,819.2263,-87.9957,1.2691,3,0.0750,1.0000,8,6,6,0,0,6,6,0.0000
4,88.0000,8,44,428.8657,-81.4565,-0.8020,15,0.3750,0.8750,8,8,8,0,0,8,8,0.0000
4,88.0000,8,45,1033.8917,-88.0365,-0.9371,3,0.0750,1.0000,4,2,2,0,0,2,2,0.0000
4,88.0000,8,46,819.1823,-87.7363,0.0081,4,0.1000,1.0000,8,8,8,0,0,8,8,0.0000
4,88.0000,9,2,839.9359,-87.1531,0.3452,9,0.2250,0.8750,8,6,6,0,0,6,6,0.0000
4,88.0000,9,4,737.3448,-88.3538,0.4251,4,0.1000,1.0000,8,8,8,0,0,8,8,0.0000
4,88.0000,9,5,1025.0181,-88.3194,-0.2899,5,0.1250,1.0000,8,8,8,0,0,8,8,0.0000
4,88.0000,9,11,585.0249,-85.7885,0.5508,6,0.1500,0.8571,7,8,8,0,0,8,8,0.0000
4,88.0000,9,12,1097.6264,-89.1989,-0.3205,3,0.0750,,0,4,4,0,0,4,4,0.0000
4,88.0000,9,13,675.8716,-86.6123,0.5564,7,0.1750,1.0000,8,8,8,0,0,8,8,0.0000
4,88.0000,9,17,609.1689,-85.1724,-0.2695,8,0.2000,1.0000,8,8,8,0,0,8,8,0.0000
4,88.0000,9,18,316.6183,-80.3401,-0.0466,22,0.5500,0.2000,5,5,2,0,0,5,2,0.6000
4,88.0000,9,19,1012.4202,-88.4394,0.2993,4,0.1000,1.0000,6,8,8,0,0,8,8,0.0000
4,88.0000,9,20,964.2870,-89.0436,0.2795,4,0.1000,1.0000,8,6,6,0,0,6,6,0.0000
4,88.0000,9,21,484.7790,-82.5023,0.7324,11,0.2750,0.6667,6,8,7,0,0,8,7,0.1250
4,88.0000,9,25,290.2811,-80.0217,0.7229,21,0.5250,0.7143,7,5,1,0,0,5,1,0.8000
4,88.0000,9,27,569.5040,-84.4979,0.1614,8,0.2000,0.8750,8,6,4,0,0,6,4,0.3333
4,88.0000,9,28,540.4142,-84.0916,1.3956,7,0.1750,0.6667,6,6,4,0,0,6,4,0.3333
4,88.0000,9,31,932.0836,-88.0945,-0.3792,3,0.0750,1.0000,8,4,4,0,0,4,4,0.0000
4,88.0000,9,32,120.7528,-70.3331,-0.3705,33,0.8250,0.0000,4,5,1,0,0,5,1,0.8000
4,88.0000,9,33,985.1496,-87.6995,-0.7978,4,0.1000,1.0000,8,4,4,0,0,4,4,0.0000
4,88.0000,9,34,729.7928,-85.8702,-0.1021,4,0.1000,1.0000,8,8,8,0,0,8,8,0.0000
4,88.0000,9,35,485.8086,-83.5179,0.1994,18,0.4500,0.8750,8,7,6,0,0,7,6,0.1429
4,88.0000,9,36,646.3355,-84.9317,-1.1489,7,0.1750,0.8571,7,8,8,0,0,8,8,0.0000
4,88.0000,9,39,167.1742,-74.4663,0.7346,29,0.7250,0.5714,7,5,1,0,0,5,1,0.8000
4,88.0000,9,40,288.7605,-79.7064,0.3325,22,0.5500,0.5714,7,5,2,0,0,5,2,0.6000
4,88.0000,9,44,717.1561,-86.6784,-0.0055,7,0.1750,1.0000,8,8,8,0,0,8,8,0.0000
4,88.0000,9,45,255.5490,-79.7759,0.8878,27,0.6750,0.0000,4,5,1,0,0,5,1,0.8000
4,88.0000,10,0,338.6625,-80.2240,-0.9060,31,0.7750,0.7143,7,6,4,0,0,6,4,0.3333
4,88.0000,10,3,861.5933,-85.8991,-2.2713,5,0.1250,1.0000,8,2,2,0,0,2,2,0.0000
4,88.0000,10,6,461.9617,-81.8940,-0.5960,24,0.6000,0.6667,6,8,7,0,0,8,7,0.1250
4,88.0000,10,7,402.7013,-82.3062,0.4433,28,0.7000,0.4000,5,5,1,0,0,5,1,0.8000
4,88.0000,10,12,598.9022,-85.0153,-1.3247,6,0.1500,1.0000,8,8,8,0,0,8,8,0.0000
4,88.0000,10,14,454.7450,-82.5072,-1.1016,19,0.4750,0.7500,8,8,8,0,0,8,8,0.0000
4,88.0000,10,15,492.7793,-81.8031,-0.5863,14,0.3500,0.8571,7,8,8,0,0,8,8,0.0000
4,88.0000,10,16,149.8641,-67.0994,-2.8825,33,0.8250,0.2000,5,5,2,0,0,5,2,0.6000
4,88.0000,10,19,687.5696,-86.0667,0.0652,7,0.1750,1.0000,8,8,8,0,0,8,8,0.0000
4,88.0000,10,22,827.0885,-87.1058,-0.7279,7,0.1750,0.8571,7,7,6,0,0,7,6,0.1429
4,88.0000,10,23,789.6330,-85.9260,-0.7136,8,0.2000,1.0000,8,8,8,0,0,8,8,0.0000
4,88.0000,10,24,339.6822,-78.9305,-0.8135,25,0.6250,0.3333,6,7,6,0,0,7,6,0.1429
4,88.0000,10,26,534.1455,-83.7512,0.1287,13,0.3250,0.5000,6,8,8,0,0,8,8,0.0000
4,88.0000,10,29,242.5181,-76.3140,-0.6408,24,0.6000,0.5000,6,5,1,0,0,5,1,0.8000
4,88.0000,10,31,784.6226,-88.1350,1.2142,4,0.1000,1.0000,6,8,8,0,0,8,8,0.0000
4,88.0000,10,33,753.1516,-86.9051,10.4441,3,0.0750,0.8571,7,8,8,14,14,22,22,0.0000
4,88.0000,10,37,403.9685,-81.7071,0.1374,25,0.6250,0.7143,7,7,5,0,0,7,5,0.2857
4,88.0000,10,38,589.7285,-84.9348,-0.3148,17,0.4250,0.8571,7,8,5,0,0,8,5,0.3750
4,88.0000,10,41,517.8661,-83.8510,0.5551,22,0.5500,1.0000,8,8,6,0,0,8,6,0.2500
4,88.0000,10,42,534.2041,-82.6939,-0.8804,12,0.3000,1.0000,8,8,8,0,0,8,8,0.0000
4,88.0000,10,43,424.4037,-83.5337,0.1137,22,0.5500,0.7143,7,6,6,0,0,6,6,0.0000
4,88.0000,10,46,490.7011,-80.7605,-1.7918,16,0.4000,0.8571,7,8,8,0,0,8,8,0.0000
4,88.0000,10,47,179.0310,-75.1764,0.3911,38,0.9500,0.0000,4,5,2,0,0,5,2,0.6000
4,88.0000,11,1,449.4655,-80.7163,-1.2797,16,0.4000,0.2000,5,8,8,0,0,8,8,0.0000
4,88.0000,11,2,544.1162,-83.7471,-0.6265,17,0.4250,0.5000,6,7,6,0,0,7,6,0.1429
4,88.0000,11,4,537.5702,-85.5902,0.9726,7,0.1750,1.0000,8,7,6,0,0,7,6,0.1429
4,88.0000,11,5,552.6452,-82.4109,-1.6188,8,0.2000,0.8571,7,8,8,0,0,8,8,0.0000
4,88.0000,11,8,604.2434,-84.5973,0.1606,6,0.1500,0.8571,7,8,8,0,0,8,8,0.0000
4,88.0000,11,9,585.0249,-84.9157,0.2673,14,0.3500,1.0000,6,9,8,0,0,9,8,0.1111
4,88.0000,11,13,96.1684,-66.4485,-0.6395,33,0.8250,0.0000,4,5,1,0,0,5,1,0.8000
4,88.0000,11,17,351.1897,-80.4648,-0.0077,17,0.4250,0.7143,7,5,3,0,0,5,3,0.4000
4,88.0000,11,18,447.5685,-83.5752,0.6079,15,0.3750,0.8571,7,8,7,0,0,8,7,0.1250
4,88.0000,11,20,469.0209,-81.1675,-1.2839,9,0.2250,0.7143,7,8,7,0,0,8,7,0.1250
4,88.0000,11,21,469.3341,-83.5330,0.0551,16,0.4000,0.7143,7,8,8,0,0,8,8,0.0000
4,88.0000,11,25,486.7078,-84.9153,-0.1366,15,0.3750,0.6667,6,7,6,0,0,7,6,0.1429
4,88.0000,11,27,303.2125,-80.2283,0.7777,21,0.5250,0.7500,8,7,5,0,0,7,5,0.2857
4,88.0000,11,28,96.8419,-70.5968,0.9074,31,0.7750,0.3333,6,5,1,0,0,5,1,0.8000
4,88.0000,11,30,515.3585,-83.2795,-0.2207,12,0.3000,0.8571,7,8,7,0,0,8,7,0.1250
4,88.0000,11,31,599.6686,-84.8351,-2.3877,4,0.1000,1.0000,8,8,8,0,0,8,8,0.0000
4,88.0000,11,32,549.6693,-84.2438,0.7717,10,0.2500,0.8750,8,8,7,0,0,8,7,0.1250
4,88.0000,11,33,688.3800,-86.4947,-1.9870,3,0.0750,1.0000,8,8,8,0,0,8,8,0.0000
4,88.0000,11,34,582.8850,-83.6580,-1.6488,5,0.1250,0.6667,6,7,6,0,0,7,6,0.1429
4,88.0000,11,35,648.2546,-86.8753,-1.2424,7,0.1750,0.8571,7,7,6,0,0,7,6,0.1429
4,88.0000,11,36,466.0415,-82.0452,0.5978,14,0.3500,1.0000,8,7,5,0,0,7,5,0.2857
4,88.0000,11,39,465.5152,-83.2290,0.2731,21,0.5250,0.8571,7,7,3,0,0,7,3,0.5714
4,88.0000,11,40,436.7399,-82.9904,-0.0387,21,0.5250,0.8750,8,6,3,0,0,6,3,0.5000
4,88.0000,11,44,200.8137,-75.4936,0.3629,24,0.6000,0.2000,5,5,2,0,0,5,2,0.6000
4,88.0000,11,45,643.4198,-86.6054,-0.0667,10,0.2500,0.8750,8,7,5,0,0,7,5,0.2857
4,88.0000,12,0,847.2570,-87.2546,-0.9255,6,0.1500,1.0000,8,6,6,0,0,6,6,0.0000
4,88.0000,12,1,786.5815,-85.5453,-0.9039,7,0.1750,0.8571,7,8,8,0,0,8,8,0.0000
4,88.0000,12,2,1112.2294,-89.3036,0.2307,3,0.0750,1.0000,4,4,4,0,0,4,4,0.0000
4,88.0000,12,4,419.6671,-79.6404,-0.7532,13,0.3250,0.4000,5,7,6,0,0,7,6,0.1429
4,88.0000,12,5,438.1366,-81.2859,0.3600,18,0.4500,1.0000,8,8,8,0,0,8,8,0.0000
4,88.0000,12,6,844.2352,-87.8221,2.8068,3,0.0750,0.8571,7,8,8,0,0,8,8,0.0000
4,88.0000,12,7,1000.6607,-88.7086,0.8143,4,0.1000,1.0000,4,6,6,0,0,6,6,0.0000
4,88.0000,12,8,801.4498,-85.4111,-0.7712,4,0.1000,0.8571,7,3,2,0,0,3,2,0.3333
4,88.0000,12,10,598.9022,-84.7853,-0.1097,14,0.3500,0.8571,7,8,7,0,0,8,7,0.1250
4,88.0000,12,11,792.1387,-87.3792,-0.1868,5,0.1250,1.0000,4,2,2,0,0,2,2,0.0000
4,88.0000,12,13,782.8500,-86.8020,0.8698,5,0.1250,1.0000,8,8,8,0,0,8,8,0.0000
4,88.0000,12,14,365.4107,-82.4489,0.8249,17,0.4250,0.6667,6,6,4,0,0,6,4,0.3333
4,88.0000,12,15,196.2911,-78.1064,1.0003,29,0.7250,0.5000,6,5,1,0,0,5,1,0.8000
4,88.0000,12,16,557.0937,-83.9769,0.2914,15,0.3750,1.0000,8,8,8,0,0,8,8,0.0000
4,88.0000,12,17,637.4341,-84.1558,-0.1738,7,0.1750,0.8571,7,8,8,0,0,8,8,0.0000
4,88.0000,12,19,133.9238,-71.7815,-0.1203,31,0.7750,0.0000,4,5,1,0,0,5,1,0.8000
4,88.0000,12,20,705.9928,-85.3404,-1.8392,6,0.1500,0.8333,6,5,4,0,0,5,4,0.2000
4,88.0000,12,24,357.1119,-81.6121,0.1831,21,0.5250,0.7143,7,7,5,0,0,7,5,0.2857
4,88.0000,12,26,560.4192,-84.2845,-0.1952,13,0.3250,0.7143,7,7,6,0,0,7,6,0.1429
4,88.0000,12,27,936.0777,-87.2646,-0.9317,4,0.1000,1.0000,4,6,6,0,0,6,6,0.0000
4,88.0000,12,28,783.0457,-86.2272,-0.8255,4,0.1000,1.0000,8,8,8,0,0,8,8,0.0000
4,88.0000,12,29,421.1472,-82.9821,-0.9164,16,0.4000,0.8750,8,8,8,0,0,8,8,0.0000
4,88.0000,12,30,680.3876,-85.0802,-0.4186,8,0.2000,1.0000,8,7,6,0,0,7,6,0.1429
4,88.0000,12,31,192.8189,-72.7227,-1.2023,28,0.7000,0.0000,5,4,2,0,0,4,2,0.5000
4,88.0000,12,33,180.4710,-71.3177,-1.3092,28,0.7000,0.0000,4,6,2,0,0,6,2,0.6667
4,88.0000,12,34,422.6665,-82.2613,0.2016,11,0.2750,0.8889,9,7,6,0,0,7,6,0.1429
4,88.0000,12,36,534.5256,-83.2035,-0.0871,6,0.1500,0.8889,9,6,6,0,0,6,6,0.0000
4,88.0000,12,37,852.4348,-87.9024,1.1972,5,0.1250,1.0000,8,4,2,0,0,4,2,0.5000
4,88.0000,12,41,1002.4231,-87.7875,-1.1280,5,0.1250,1.0000,8,6,6,0,0,6,6,0.0000
4,88.0000,12,42,177.1480,-77.1177,0.9024,29,0.7250,0.0000,4,5,1,0,0,5,1,0.8000
4,88.0000,12,44,666.8666,-84.5113,-0.8565,7,0.1750,1.0000,10,8,7,0,0,8,7,0.1250
4,88.0000,12,46,271.4779,-79.4171,0.9378,23,0.5750,0.5000,6,6,3,0,0,6,3,0.5000
4,88.0000,12,47,767.3548,-87.1599,0.0534,6,0.1500,1.0000,8,8,7,0,0,8,7,0.1250
4,88.0000,13,1,357.8222,-79.6656,-0.7417,24,0.6000,0.2000,5,7,6,0,0,7,6,0.1429
4,88.0000,13,2,508.8050,-82.8522,-0.6191,18,0.4500,0.8571,7,8,8,0,0,8,8,0.0000
4,88.0000,13,4,555.1778,-86.6857,-1.0015,10,0.2500,1.0000,8,5,1,0,0,5,1,0.8000
4,88.0000,13,5,497.1457,-82.7266,-1.8002,15,0.3750,1.0000,8,8,8,0,0,8,8,0.0000
4,88.0000,13,8,539.9072,-84.9257,-0.8451,13,0.3250,1.0000,8,7,6,0,0,7,6,0.1429
4,88.0000,13,9,675.8716,-85.8081,1.0175,11,0.2750,1.0000,8,8,7,0,0,8,7,0.1250
4,88.0000,13,11,96.1684,-66.7452,-0.3590,35,0.8750,0.0000,4,4,0,0,0,4,0,1.0000
4,88.0000,13,12,782.8500,-88.0296,-0.5604,7,0.1750,0.8571,7,8,8,0,0,8,8,0.0000
4,88.0000,13,14,955.5752,-87.7199,-3.7951,3,0.0750,1.0000,2,7,6,0,0,7,6,0.1429
4,88.0000,13,15,910.7967,-87.5102,-0.1182,3,0.0750,1.0000,8,8,8,0,0,8,8,0.0000
4,88.0000,13,17,368.0086,-81.2319,-1.0105,18,0.4500,0.8571,7,5,2,0,0,5,2,0.6000
4,88.0000,13,18,541.9558,-85.1871,0.2635,15,0.3750,1.0000,8,8,6,0,0,8,6,0.2500
4,88.0000,13,19,692.3573,-88.3121,0.2030,6,0.1500,1.0000,6,8,8,0,0,8,8,0.0000
4,88.0000,13,20,392.6361,-80.3813,-0.1230,21,0.5250,0.7143,7,6,4,0,0,6,4,0.3333
4,88.0000,13,21,504.6492,-83.2098,-0.1468,17,0.4250,0.6250,8,7,5,0,0,7,5,0.2857
4,88.0000,13,25,569.0217,-84.1042,-0.9766,15,0.3750,1.0000,8,8,6,0,0,8,6,0.2500
4,88.0000,13,26,1088.5030,-89.5341,0.4646,3,0.0750,1.0000,4,8,8,0,0,8,8,0.0000
4,88.0000,13,27,313.9288,-80.1081,-0.1120,25,0.6250,0.5714,7,7,5,0,0,7,5,0.2857
4,88.0000,13,28,152.2217,-74.6003,0.2713,29,0.7250,0.2000,5,5,1,0,0,5,1,0.8000
4,88.0000,13,29,1124.3251,-88.5006,-0.7856,4,0.1000,1.0000,4,4,4,0,0,4,4,0.0000
4,88.0000,13,30,441.4864,-83.6306,-0.2048,17,0.4250,0.7143,7,7,5,0,0,7,5,0.2857
4,88.0000,13,31,593.5708,-84.8171,0.5228,9,0.2250,0.6667,6,7,6,0,0,7,6,0.1429
4,88.0000,13,32,639.7413,-85.3359,0.0686,11,0.2750,1.0000,8,8,8,0,0,8,8,0.0000
4,88.0000,13,33,679.2395,-86.3685,0.7495,8,0.2000,1.0000,8,8,7,0,0,8,7,0.1250
4,88.0000,13,34,625.1224,-85.8887,0.4601,11,0.2750,0.8750,8,8,7,0,0,8,7,0.1250
4,88.0000,13,35,718.2188,-87.3864,-0.1238,12,0.3000,0.8000,5,8,8,0,0,8,8,0.0000
4,88.0000,13,36,518.2849,-83.9835,-0.4846,13,0.3250,1.0000,8,7,6,0,0,7,6,0.1429
4,88.0000,13,39,559.4329,-83.8409,-0.5979,18,0.4500,1.0000,8,7,6,10,9,17,15,0.1176
4,88.0000,13,40,505.2127,-84.0403,-0.8811,17,0.4250,0.8571,7,8,8,0,0,8,8,0.0000
4,88.0000,13,42,904.3732,-87.7996,-0.4651,8,0.2000,0.6667,3,8,8,0,0,8,8,0.0000
4,88.0000,13,44,152.7270,-75.1318,1.4397,30,0.7500,0.4000,5,5,1,0,0,5,1,0.8000
4,88.0000,13,45,719.8282,-86.6816,-0.7032,12,0.3000,0.8000,5,6,5,0,0,6,5,0.1667
4,88.0000,14,0,638.4444,-85.6773,0.1679,10,0.2500,0.6000,5,7,6,0,0,7,6,0.1429
4,88.0000,14,1,843.3298,-87.6873,0.3250,4,0.1000,1.0000,8,8,7,0,0,8,7,0.1250
4,88.0000,14,3,732.8600,-86.0718,0.8686,8,0.2000,0.8333,6,2,2,0,0,2,2,0.0000
4,88.0000,14,4,736.4314,-86.8332,-1.2290,4,0.1000,1.0000,8,8,8,0,0,8,8,0.0000
4,88.0000,14,5,517.4571,-85.0283,0.4617,8,0.2000,1.0000,8,8,8,0,0,8,8,0.0000
4,88.0000,14,6,517.2700,-83.2674,-0.0771,15,0.3750,1.0000,8,7,6,0,0,7,6,0.1429
4,88.0000,14,7,821.9939,-87.6194,-0.4578,6,0.1500,0.8333,6,4,4,0,0,4,4,0.0000
4,88.0000,14,8,891.0347,-88.4174,1.2180,3,0.0750,1.0000,4,4,4,0,0,4,4,0.0000
4,88.0000,14,10,454.7450,-80.1049,0.2412,16,0.4000,0.8571,7,8,8,0,0,8,8,0.0000
4,88.0000,14,11,995.4919,-88.1745,0.5698,4,0.1000,1.0000,4,2,2,0,0,2,2,0.0000
4,88.0000,14,12,365.4107,-82.9806,0.6754,12,0.3000,0.7143,7,5,2,0,0,5,2,0.6000
4,88.0000,14,15,376.9711,-81.9040,1.0800,20,0.5000,1.0000,8,7,6,0,0,7,6,0.1429
4,88.0000,14,16,357.5933,-81.4692,0.2251,18,0.4500,0.6667,6,8,7,0,0,8,7,0.1250
4,88.0000,14,17,898.2528,-87.2603,1.3713,3,0.0750,0.8000,5,6,6,0,0,6,6,0.0000
4,88.0000,14,19,427.2629,-83.6813,2.2202,9,0.2250,0.8750,8,6,3,0,0,6,3,0.5000
4,88.0000,14,20,791.8250,-89.1675,0.1803,3,0.0750,1.0000,8,6,6,46,46,52,52,0.0000
4,88.0000,14,24,440.9536,-82.0720,0.3360,18,0.4500,0.8571,7,7,5,0,0,7,5,0.2857
4,88.0000,14,26,252.7240,-76.7954,-0.5729,33,0.8250,0.0000,4,6,3,0,0,6,3,0.5000
4,88.0000,14,29,251.3003,-77.5462,0.4027,28,0.7000,0.2000,5,3,0,0,0,3,0,1.0000
4,88.0000,14,30,755.1825,-86.5804,-0.6130,8,0.2000,1.0000,8,8,7,0,0,8,7,0.1250
4,88.0000,14,31,482.8944,-82.7507,0.8889,8,0.2000,1.0000,8,6,3,4,4,10,7,0.3000
4,88.0000,14,33,480.2326,-83.6791,0.2480,8,0.2000,0.8889,9,4,0,0,0,4,0,1.0000
4,88.0000,14,36,829.0522,-86.8067,0.7488,5,0.1250,1.0000,6,8,8,0,0,8,8,0.0000
4,88.0000,14,37,562.1897,-85.2540,-0.4435,12,0.3000,0.8571,7,8,8,0,0,8,8,0.0000
4,88.0000,14,38,931.7476,-88.5825,-0.4552,3,0.0750,1.0000,4,4,4,0,0,4,4,0.0000
4,88.0000,14,41,758.9031,-86.1527,0.4014,10,0.2500,0.6667,6,8,8,0,0,8,8,0.0000
4,88.0000,14,42,359.5431,-80.6228,0.4949,17,0.4250,0.7143,7,7,6,0,0,7,6,0.1429
4,88.0000,14,43,833.5588,-86.6756,-0.1807,6,0.1500,1.0000,8,6,6,0,0,6,6,0.0000
4,88.0000,14,44,846.8089,-86.5909,1.0407,4,0.1000,1.0000,8,8,8,0,0,8,8,0.0000
4,88.0000,14,46,108.8972,-68.6857,-0.3411,35,0.8750,0.0000,4,5,1,0,0,5,1,0.8000
4,88.0000,14,47,600.8146,-84.7577,0.7464,14,0.3500,0.7143,7,7,6,0,0,7,6,0.1429
4,88.0000,15,0,793.3307,-87.3900,-0.1823,10,0.2500,1.0000,8,8,8,0,0,8,8,0.0000
4,88.0000,15,4,581.8311,-83.8822,-1.0773,7,0.1750,1.0000,8,8,8,0,0,8,8,0.0000
4,88.0000,15,5,602.0356,-84.9291,-0.0363,13,0.3250,0.8750,8,8,7,0,0,8,7,0.1250
4,88.0000,15,6,806.2501,-85.9291,-0.3042,11,0.2750,0.7143,7,5,4,0,0,5,4,0.2000
4,88.0000,15,7,879.7297,-85.8374,-0.0952,6,0.1500,,0,4,4,0,0,4,4,0.0000
4,88.0000,15,8,986.8803,-87.3988,1.0737,3,0.0750,1.0000,6,4,4,0,0,4,4,0.0000
4,88.0000,15,10,492.7793,-82.4604,-0.7055,17,0.4250,0.8750,8,8,7,0,0,8,7,0.1250
4,88.0000,15,11,913.8805,-89.0073,-0.0830,4,0.1000,1.0000,6,2,2,0,0,2,2,0.0000
4,88.0000,15,12,196.2911,-78.2434,0.8043,24,0.6000,0.4000,5,4,0,0,0,4,0,1.0000
4,88.0000,15,13,910.7967,-88.7214,0.3299,5,0.1250,1.0000,6,4,4,0,0,4,4,0.0000
4,88.0000,15,14,376.9711,-82.2833,0.6910,17,0.4250,0.7143,7,5,1,0,0,5,1,0.8000
4,88.0000,15,16,495.7927,-82.1946,-0.6429,18,0.4500,0.5000,6,5,4,0,0,5,4,0.2000
4,88.0000,15,17,802.1722,-87.7095,-0.5727,5,0.1250,1.0000,6,8,8,0,0,8,8,0.0000
4,88.0000,15,19,222.5308,-77.3897,0.7804,27,0.6750,0.4000,5,6,3,0,0,6,3,0.5000
4,88.0000,15,20,875.9796,-88.1404,-0.1732,3,0.0750,1.0000,8,3,2,0,0,3,2,0.3333
4,88.0000,15,24,204.5553,-74.4378,-0.4600,35,0.8750,0.0000,4,5,1,0,0,5,1,0.8000
4,88.0000,15,26,607.8058,-84.6508,0.7844,7,0.1750,0.8333,6,6,4,0,0,6,4,0.3333
4,88.0000,15,29,317.8633,-77.4233,-0.5481,28,0.7000,0.0000,4,8,7,0,0,8,7,0.1250
4,88.0000,15,30,853.5305,-87.6609,0.6091,6,0.1500,1.0000,8,8,8,0,0,8,8,0.0000
4,88.0000,15,31,342.9003,-80.7354,0.2691,16,0.4000,1.0000,8,6,4,0,0,6,4,0.3333
4,88.0000,15,33,372.3257,-80.5939,0.0210,16,0.4000,0.7500,8,7,5,0,0,7,5,0.2857
4,88.0000,15,34,475.3721,-83.8842,0.3157,13,0.3250,1.0000,10,4,2,0,0,4,2,0.5000
4,88.0000,15,36,587.0545,-86.0430,0.2729,5,0.1250,0.8571,7,8,7,0,0,8,7,0.1250
4,88.0000,15,37,807.2866,-86.1723,0.2257,5,0.1250,0.8333,6,10,10,0,0,10,10,0.0000
4,88.0000,15,38,1079.2594,-88.0843,-0.5065,4,0.1000,1.0000,2,4,4,0,0,4,4,0.0000
4,88.0000,15,41,962.7544,-87.8089,0.8082,4,0.1000,1.0000,4,4,3,0,0,4,3,0.2500
4,88.0000,15,42,296.9407,-80.0787,0.2575,22,0.5500,0.5000,6,4,1,0,0,4,1,0.7500
4,88.0000,15,44,814.0942,-86.9209,0.2253,4,0.1000,1.0000,4,6,5,0,0,6,5,0.1667
4,88.0000,15,46,327.5357,-80.4988,0.5381,21,0.5250,0.6667,6,6,3,0,0,6,3,0.5000
4,88.0000,15,47,669.6695,-84.2903,-1.0626,17,0.4250,0.8750,8,6,6,0,0,6,6,0.0000
4,88.0000,16,0,307.4606,-80.7520,0.8500,28,0.7000,0.0000,4,7,5,0,0,7,5,0.2857
4,88.0000,16,3,726.2507,-87.0677,0.4756,8,0.2000,1.0000,4,8,7,0,0,8,7,0.1250
4,88.0000,16,6,369.5445,-81.9498,0.2473,24,0.6000,0.7143,7,5,2,0,0,5,2,0.6000
4,88.0000,16,7,491.5724,-83.5088,0.4997,26,0.6500,0.6250,8,7,5,0,0,7,5,0.2857
4,88.0000,16,10,149.8641,-67.4555,-2.2880,34,0.8500,0.2000,5,4,0,0,0,4,0,1.0000
4,88.0000,16,12,557.0937,-85.4690,-0.7887,4,0.1000,0.7143,7,10,10,0,0,10,10,0.0000
4,88.0000,16,14,357.5933,-79.7702,0.2269,16,0.4000,0.8571,7,7,6,68,64,75,70,0.0667
4,88.0000,16,15,495.7927,-81.1309,-1.0595,10,0.2500,0.8571,7,8,8,0,0,8,8,0.0000
4,88.0000,16,19,656.4306,-84.7491,-9.1239,3,0.0750,1.0000,8,7,6,0,0,7,6,0.1429
4,88.0000,16,22,757.1616,-86.4847,-0.6877,8,0.2000,1.0000,6,8,8,0,0,8,8,0.0000
4,88.0000,16,23,728.9562,-86.7588,0.5982,8,0.2000,1.0000,8,7,6,0,0,7,6,0.1429
4,88.0000,16,24,390.5159,-77.7765,-1.3941,29,0.7250,0.2000,5,7,6,0,0,7,6,0.1429
4,88.0000,16,26,391.3909,-81.6031,-0.1949,11,0.2750,0.7143,7,7,5,0,0,7,5,0.2857
4,88.0000,16,29,225.5375,-76.3238,-0.2570,29,0.7250,0.5439,57,4,0,2,2,6,2,0.6667
4,88.0000,16,33,693.6164,-85.4194,-1.2834,5,0.1250,1.0000,8,8,8,0,0,8,8,0.0000
4,88.0000,16,37,326.7289,-80.9527,0.4650,27,0.6750,0.5714,7,5,1,0,0,5,1,0.8000
4,88.0000,16,38,605.3629,-85.0540,-0.0406,17,0.4250,1.0000,8,6,3,0,0,6,3,0.5000
4,88.0000,16,41,468.5281,-83.8487,0.0502,18,0.4500,0.8333,6,6,4,0,0,6,4,0.3333
4,88.0000,16,42,471.8749,-81.4132,-0.7416,10,0.2500,0.8571,7,8,7,69,66,77,73,0.0519
4,88.0000,16,43,485.0143,-84.6837,-0.6226,18,0.4500,1.0000,8,7,6,0,0,7,6,0.1429
4,88.0000,16,46,397.6717,-80.1205,-1.3189,14,0.3500,0.8571,7,8,6,2,2,10,8,0.2000
4,88.0000,16,47,251.2696,-77.1207,-0.3782,34,0.8500,0.5714,7,5,2,0,0,5,2,0.6000
4,88.0000,17,1,503.4351,-82.5821,0.1359,18,0.4500,0.6667,6,8,7,0,0,8,7,0.1250
4,88.0000,17,2,549.5702,-83.1294,-1.1331,16,0.4000,0.5385,26,5,4,0,0,5,4,0.2000
4,88.0000,17,4,264.2455,-79.3800,1.2461,16,0.4000,0.7143,7,5,1,0,0,5,1,0.8000
4,88.0000,17,5,453.6622,-81.5345,0.3584,10,0.2500,0.8571,7,6,3,0,0,6,3,0.5000
4,88.0000,17,8,467.0604,-80.1878,-0.6252,22,0.5500,0.5714,7,8,8,0,0,8,8,0.0000
4,88.0000,17,9,609.1689,-85.0683,-0.0876,10,0.2500,1.0000,8,8,7,0,0,8,7,0.1250
4,88.0000,17,11,351.1897,-80.8014,-0.5626,22,0.5500,0.6667,6,5,1,0,0,5,1,0.8000
4,88.0000,17,12,637.4341,-85.2077,-0.1757,5,0.1250,0.8571,7,8,8,0,0,8,8,0.0000
4,88.0000,17,13,368.0086,-81.7404,-0.9006,17,0.4250,0.6667,6,7,6,0,0,7,6,0.1429
4,88.0000,17,18,602.3740,-84.9513,-0.1116,12,0.3000,1.0000,8,7,6,0,0,7,6,0.1429
4,88.0000,17,19,589.0372,-84.6319,-0.1708,3,0.0750,0.8571,7,6,4,0,0,6,4,0.3333
4,88.0000,17,20,415.1720,-79.5033,-1.6511,16,0.4000,0.5556,9,5,4,0,0,5,4,0.2000
4,88.0000,17,21,451.9814,-83.4567,0.1092,18,0.4500,0.7143,7,8,7,0,0,8,7,0.1250
4,88.0000,17,25,664.2000,-86.5793,-0.3446,7,0.1750,1.0000,8,6,4,0,0,6,4,0.3333
4,88.0000,17,27,326.4530,-81.0576,0.4624,20,0.5000,0.6667,6,8,7,0,0,8,7,0.1250
4,88.0000,17,28,271.4550,-77.0282,-0.8132,25,0.6250,0.4000,5,6,3,0,0,6,3,0.5000
4,88.0000,17,30,433.4348,-81.4143,-0.0050,13,0.3250,0.7143,7,8,7,0,0,8,7,0.1250
4,88.0000,17,31,467.0694,-83.3003,-0.4266,5,0.1250,0.8750,8,8,8,0,0,8,8,0.0000
4,88.0000,17,32,639.3219,-84.5534,0.4693,11,0.2750,0.8333,6,10,9,0,0,10,9,0.1000
4,88.0000,17,33,479.9448,-82.9990,0.9316,6,0.1500,0.8750,8,8,7,0,0,8,7,0.1250
4,88.0000,17,34,494.9195,-83.9368,-1.3809,8,0.2000,0.7143,7,6,3,0,0,6,3,0.5000
4,88.0000,17,35,877.2702,-87.4735,0.1293,5,0.1250,1.0000,2,6,6,0,0,6,6,0.0000
4,88.0000,17,36,476.3965,-81.7290,-0.1216,14,0.3500,0.3333,6,7,6,0,0,7,6,0.1429
4,88.0000,17,39,577.6676,-84.2908,0.1413,11,0.2750,0.6667,6,8,8,0,0,8,8,0.0000
4,88.0000,17,40,403.7920,-81.7014,0.8101,17,0.4250,0.4000,5,6,4,0,0,6,4,0.3333
4,88.0000,17,44,261.2226,-77.1847,0.2697,25,0.6250,0.2000,5,7,5,0,0,7,5,0.2857
4,88.0000,17,45,705.5501,-85.2666,-0.0734,4,0.1000,1.0000,8,4,2,0,0,4,2,0.5000
4,88.0000,18,4,700.0170,-85.7269,-0.1187,6,0.1500,0.8571,7,7,6,0,0,7,6,0.1429
4,88.0000,18,5,911.7019,-85.4189,1.5784,3,0.0750,1.0000,8,10,10,0,0,10,10,0.0000
4,88.0000,18,9,316.6183,-79.8447,-0.3349,26,0.6500,0.5000,6,5,1,0,0,5,1,0.8000
4,88.0000,18,11,447.5685,-83.5670,0.3738,8,0.2000,0.8571,7,7,6,0,0,7,6,0.1429
4,88.0000,18,13,541.9558,-84.4843,-1.1474,7,0.1750,1.0000,8,8,8,0,0,8,8,0.0000
4,88.0000,18,17,602.3740,-86.1129,2.1230,4,0.1000,0.8750,8,8,8,0,0,8,8,0.0000
4,88.0000,18,19,858.3007,-87.0108,0.3072,3,0.0750,1.0000,8,8,8,0,0,8,8,0.0000
4,88.0000,18,21,618.2237,-84.5673,0.1581,9,0.2250,0.8750,8,7,6,0,0,7,6,0.1429
4,88.0000,18,25,303.0315,-80.1789,1.0244,20,0.5000,0.6667,6,4,0,0,0,4,0,1.0000
4,88.0000,18,27,597.9610,-85.4446,1.1927,10,0.2500,0.8571,7,7,6,0,0,7,6,0.1429
4,88.0000,18,28,454.3736,-83.9207,0.2154,10,0.2500,1.0000,8,8,7,0,0,8,7,0.1250
4,88.0000,18,31,799.2812,-88.7637,-0.1565,3,0.0750,1.0000,8,8,7,0,0,8,7,0.1250
4,88.0000,18,32,285.6842,-78.9161,0.3635,30,0.7500,0.5714,7,7,4,0,0,7,4,0.4286
4,88.0000,18,34,585.4096,-83.8731,-1.6226,10,0.2500,0.7143,7,8,8,0,0,8,8,0.0000
4,88.0000,18,35,462.7638,-82.6522,0.4553,23,0.5750,0.6667,6,7,6,0,0,7,6,0.1429
4,88.0000,18,36,451.6068,-80.5378,-0.8640,18,0.4500,1.0000,8,8,7,0,0,8,7,0.1250
4,88.0000,18,39,179.8986,-75.7472,0.7186,29,0.7250,0.0000,4,5,2,0,0,5,2,0.6000
4,88.0000,18,40,447.1711,-83.5685,1.0327,11,0.2750,0.8750,8,6,2,0,0,6,2,0.6667
4,88.0000,18,44,613.5693,-85.3070,-0.5281,5,0.1250,1.0000,8,7,6,0,0,7,6,0.1429
4,88.0000,18,45,485.3472,-84.5265,0.7651,14,0.3500,0.8571,7,6,4,0,0,6,4,0.3333
4,88.0000,19,0,956.2163,-87.0016,3.5968,4,0.1000,1.0000,6,4,4,0,0,4,4,0.0000
4,88.0000,19,1,740.4251,-87.5957,0.4219,7,0.1750,0.8571,7,8,8,0,0,8,8,0.0000
4,88.0000,19,4,395.1478,-80.4421,-0.9732,16,0.4000,0.6250,8,8,8,0,0,8,8,0.0000
4,88.0000,19,5,421.4844,-83.1653,0.2741,12,0.3000,0.8000,10,7,5,0,0,7,5,0.2857
4,88.0000,19,6,928.2493,-86.9551,-0.6826,3,0.0750,1.0000,8,6,6,0,0,6,6,0.0000
4,88.0000,19,8,796.9455,-87.2287,-1.2218,6,0.1500,0.8333,6,8,8,0,0,8,8,0.0000
4,88.0000,19,9,1012.4202,-87.8619,-0.3149,4,0.1000,1.0000,8,6,6,0,0,6,6,0.0000
4,88.0000,19,10,687.5696,-85.4738,0.4432,8,0.2000,0.8571,7,8,8,0,0,8,8,0.0000
4,88.0000,19,11,695.8472,-86.2559,0.4378,6,0.1500,1.0000,6,3,2,0,0,3,2,0.3333
4,88.0000,19,12,133.9238,-71.9242,0.7437,33,0.8250,0.2000,5,4,0,0,0,4,0,1.0000
4,88.0000,19,13,692.3573,-86.7562,2.3547,4,0.1000,0.8571,7,8,8,0,0,8,8,0.0000
4,88.0000,19,14,427.2629,-83.9596,-0.6931,13,0.3250,0.7143,7,7,6,0,0,7,6,0.1429
4,88.0000,19,15,222.5308,-77.6148,0.0145,27,0.6750,0.4000,5,5,1,0,0,5,1,0.8000
4,88.0000,19,16,656.4306,-85.5949,-0.3202,7,0.1750,0.8000,5,8,8,0,0,8,8,0.0000
4,88.0000,19,17,589.0372,-85.0388,1.0984,6,0.1500,0.6667,6,8,8,0,0,8,8,0.0000
4,88.0000,19,18,858.3007,-87.8878,0.2149,7,0.1750,0.6667,3,4,4,0,0,4,4,0.0000
4,88.0000,19,20,676.7206,-86.3722,0.9432,10,0.2500,1.0000,8,3,2,0,0,3,2,0.3333
4,88.0000,19,21,1026.2538,-89.3045,-0.2687,3,0.0750,1.0000,6,4,4,0,0,4,4,0.0000
4,88.0000,19,24,421.0412,-81.7827,0.0068,13,0.3250,0.7143,7,6,3,0,0,6,3,0.5000
4,88.0000,19,26,643.8838,-86.6896,0.4706,10,0.2500,1.0000,8,8,8,0,0,8,8,0.0000
4,88.0000,19,27,871.9337,-89.4986,0.1240,4,0.1000,1.0000,6,8,8,0,0,8,8,0.0000
4,88.0000,19,28,696.9240,-86.2760,0.0963,8,0.2000,0.8571,7,8,8,0,0,8,8,0.0000
4,88.0000,19,29,487.7060,-81.8882,-0.1800,14,0.3500,0.8571,7,7,5,0,0,7,5,0.2857
4,88.0000,19,30,660.9988,-85.8087,0.3543,7,0.1750,0.8571,7,8,7,0,0,8,7,0.1250
4,88.0000,19,31,127.6466,-74.1318,1.3270,25,0.6250,0.4000,5,4,0,0,0,4,0,1.0000
4,88.0000,19,32,1049.2142,-87.3355,-1.4274,6,0.1500,1.0000,4,8,8,0,0,8,8,0.0000
4,88.0000,19,33,221.0773,-76.1230,-0.2786,25,0.6250,0.5000,6,6,3,0,0,6,3,0.5000
4,88.0000,19,34,327.6331,-80.4762,0.2266,21,0.5250,0.8571,7,6,2,0,0,6,2,0.6667
4,88.0000,19,36,418.1131,-82.3677,0.3961,17,0.4250,0.7500,8,5,1,0,0,5,1,0.8000
4,88.0000,19,37,947.5033,-87.0300,0.8847,3,0.0750,1.0000,8,4,4,0,0,4,4,0.0000
4,88.0000,19,42,310.3937,-79.9560,-0.1075,19,0.4750,1.0000,8,6,3,0,0,6,3,0.5000
4,88.0000,19,44,593.0176,-85.0080,-0.2445,8,0.2000,1.0000,8,6,4,0,0,6,4,0.3333
4,88.0000,19,46,347.8279,-82.4832,0.1720,11,0.2750,1.0000,8,7,5,0,0,7,5,0.2857
4,88.0000,19,47,862.6316,-86.4164,0.8828,6,0.1500,1.0000,4,6,6,0,0,6,6,0.0000
4,88.0000,20,1,145.9238,-73.7523,0.0272,33,0.8250,0.0000,4,5,1,0,0,5,1,0.8000
4,88.0000,20,2,480.4980,-83.1165,0.6684,19,0.4750,0.9565,92,8,6,0,0,8,6,0.2500
4,88.0000,20,4,546.8090,-83.7234,0.0776,9,0.2250,0.8571,7,7,4,0,0,7,4,0.4286
4,88.0000,20,5,284.7650,-77.0516,-0.1837,22,0.5500,0.3333,6,8,7,0,0,8,7,0.1250
4,88.0000,20,8,194.2991,-75.1472,-0.3229,35,0.8750,0.0000,4,4,0,0,0,4,0,1.0000
4,88.0000,20,9,964.2870,-87.1811,0.8444,3,0.0750,1.0000,8,8,8,0,0,8,8,0.0000
4,88.0000,20,11,469.0209,-82.0259,-0.0649,16,0.4000,1.0000,8,8,8,0,0,8,8,0.0000
4,88.0000,20,12,705.9928,-85.2918,0.2367,5,0.1250,1.0000,8,7,6,0,0,7,6,0.1429
4,88.0000,20,13,392.6361,-82.0492,0.2876,17,0.4250,0.6667,6,6,4,6,6,12,10,0.1667
4,88.0000,20,14,791.8250,-87.5507,1.6321,4,0.1000,1.0000,8,8,8,0,0,8,8,0.0000
4,88.0000,20,15,875.9796,-86.6956,0.3913,5,0.1250,1.0000,8,6,6,0,0,6,6,0.0000
4,88.0000,20,17,415.1720,-79.7625,-1.4928,16,0.4000,0.8571,7,8,8,0,0,8,8,0.0000
4,88.0000,20,19,676.7206,-86.0780,0.8765,7,0.1750,1.0000,8,8,8,0,0,8,8,0.0000
4,88.0000,20,21,661.7605,-85.5050,0.1174,8,0.2000,1.0000,8,8,8,0,0,8,8,0.0000
4,88.0000,20,25,915.7154,-87.7526,0.7978,3,0.0750,,0,8,8,0,0,8,8,0.0000
4,88.0000,20,26,839.9212,-87.0816,0.3804,6,0.1500,1.0000,6,8,8,0,0,8,8,0.0000
4,88.0000,20,27,466.6994,-83.2873,0.2278,14,0.3500,1.0000,8,7,5,0,0,7,5,0.2857
4,88.0000,20,28,451.8232,-82.1963,-0.5395,13,0.3250,0.9062,64,8,8,75,74,83,82,0.0120
4,88.0000,20,29,1010.7434,-87.6239,0.3183,4,0.1000,0.7500,4,6,6,0,0,6,6,0.0000
4,88.0000,20,30,56.9138,-69.1203,1.8869,35,0.8750,0.0000,4,4,0,0,0,4,0,1.0000
4,88.0000,20,31,564.6599,-83.0944,-0.2327,7,0.1750,1.0000,8,8,7,0,0,8,7,0.1250
4,88.0000,20,32,957.1271,-88.3559,2.2768,4,0.1000,1.0000,8,4,4,0,0,4,4,0.0000
4,88.0000,20,33,579.1211,-84.6156,0.1631,10,0.2500,0.8571,7,7,6,0,0,7,6,0.1429
4,88.0000,20,34,759.4420,-86.2303,1.8663,4,0.1000,1.0000,6,8,8,0,0,8,8,0.0000
4,88.0000,20,36,729.8733,-85.6178,0.5053,7,0.1750,1.0000,8,8,8,0,0,8,8,0.0000
4,88.0000,20,39,891.0502,-87.6163,0.7580,7,0.1750,1.0000,4,8,7,0,0,8,7,0.1250
4,88.0000,20,40,725.7900,-85.6092,0.7897,5,0.1250,1.0000,8,7,6,0,0,7,6,0.1429
4,88.0000,20,42,760.0990,-88.6873,-0.0521,5,0.1250,1.0000,6,8,8,0,0,8,8,0.0000
4,88.0000,20,44,283.6385,-77.0228,-0.5621,21,0.5250,0.6667,6,5,2,2,2,7,4,0.4286
4,88.0000,20,46,726.5480,-86.4160,-2.4499,5,0.1250,1.0000,8,8,8,0,0,8,8,0.0000
4,88.0000,21,1,691.2112,-86.5819,-1.3625,8,0.2000,1.0000,8,8,6,0,0,8,6,0.2500
4,88.0000,21,2,375.4041,-80.7437,-0.6017,24,0.6000,0.6667,6,8,5,0,0,8,5,0.3750
4,88.0000,21,5,840.9498,-88.1761,-0.4530,6,0.1500,1.0000,8,8,8,0,0,8,8,0.0000
4,88.0000,21,8,660.7963,-85.4466,-0.0358,9,0.2250,0.8750,8,8,7,0,0,8,7,0.1250
4,88.0000,21,9,484.7790,-83.7957,-0.3869,24,0.6000,0.7500,8,5,4,0,0,5,4,0.2000
4,88.0000,21,11,469.3341,-83.4766,-0.6763,16,0.4000,0.6667,6,8,7,0,0,8,7,0.1250
4,88.0000,21,13,504.6492,-84.0055,-0.3057,14,0.3500,0.8571,7,8,8,0,0,8,8,0.0000
4,88.0000,21,17,451.9814,-83.6436,0.4619,15,0.3750,1.0000,8,8,8,0,0,8,8,0.0000
4,88.0000,21,18,618.2237,-85.3580,0.5542,15,0.3750,1.0000,8,8,7,0,0,8,7,0.1250
4,88.0000,21,19,1026.2538,-87.3944,0.7657,3,0.0750,1.0000,8,8,8,0,0,8,8,0.0000
4,88.0000,21,20,661.7605,-86.4632,-0.0977,9,0.2250,0.8571,7,8,8,0,0,8,8,0.0000
4,88.0000,21,25,457.4719,-82.7361,-0.0460,28,0.7000,0.8750,8,7,6,0,0,7,6,0.1429
4,88.0000,21,27,209.7522,-76.3341,0.0713,33,0.8250,0.2000,5,7,4,0,0,7,4,0.4286
4,88.0000,21,28,394.6703,-81.6167,0.4524,18,0.4500,1.0000,8,8,7,0,0,8,7,0.1250
4,88.0000,21,30,702.9788,-86.9912,-0.0610,8,0.2000,1.0000,8,7,6,0,0,7,6,0.1429
4,88.0000,21,31,908.8661,-87.8952,0.6141,3,0.0750,1.0000,8,8,8,0,0,8,8,0.0000
4,88.0000,21,32,468.2107,-83.3945,0.0491,23,0.5750,0.7143,7,6,4,0,0,6,4,0.3333
4,88.0000,21,35,627.8040,-85.3430,0.4670,19,0.4750,1.0000,8,8,8,0,0,8,8,0.0000
4,88.0000,21,36,795.1869,-87.1397,0.3453,6,0.1500,1.0000,8,6,6,0,0,6,6,0.0000
4,88.0000,21,39,483.2562,-82.6959,0.0314,21,0.5250,1.0000,8,7,5,0,0,7,5,0.2857
4,88.0000,21,40,216.0041,-73.1886,-1.5252,36,0.9000,0.0000,4,5,1,0,0,5,1,0.8000
4,88.0000,21,44,523.7174,-86.3887,0.4982,8,0.2000,1.0000,8,7,6,0,0,7,6,0.1429
4,88.0000,21,45,395.4807,-82.1655,0.2574,29,0.7250,0.2000,5,7,4,0,0,7,4,0.4286
4,88.0000,22,0,494.2690,-83.7700,-0.5072,16,0.4000,0.8750,8,7,5,28,28,35,33,0.0571
4,88.0000,22,3,587.6884,-84.3610,-0.6056,14,0.3500,1.0000,8,7,5,0,0,7,5,0.2857
4,88.0000,22,6,574.7570,-84.0533,-0.0533,9,0.2250,1.0000,8,8,8,0,0,8,8,0.0000
4,88.0000,22,7,738.7315,-85.3951,-0.3735,11,0.2750,0.8750,8,8,8,0,0,8,8,0.0000
4,88.0000,22,10,827.0885,-85.7951,-10.8405,3,0.0750,0.8750,8,8,8,0,0,8,8,0.0000
4,88.0000,22,16,757.1616,-85.4957,0.7057,5,0.1250,1.0000,8,8,8,0,0,8,8,0.0000
4,88.0000,22,23,92.5665,-63.5830,-1.8826,38,0.9500,0.2000,5,5,1,0,0,5,1,0.8000
4,88.0000,22,37,501.7789,-82.8535,-0.7359,18,0.4500,0.8750,8,7,5,0,0,7,5,0.2857
4,88.0000,22,38,459.2279,-82.8019,0.0578,27,0.6750,1.0000,8,7,5,0,0,7,5,0.2857
4,88.0000,22,41,318.6778,-79.0148,-1.3579,27,0.6750,0.5000,6,7,6,0,0,7,6,0.1429
4,88.0000,22,43,705.9163,-84.4516,-0.0999,14,0.3500,1.0000,8,8,8,0,0,8,8,0.0000
4,88.0000,22,47,703.7567,-84.9567,-0.2638,3,0.0750,1.0000,8,8,8,0,0,8,8,0.0000
4,88.0000,23,0,452.9021,-84.7463,1.2371,17,0.4250,0.4000,5,8,7,0,0,8,7,0.1250
4,88.0000,23,3,645.3998,-84.8550,-0.5635,16,0.4000,0.8750,8,8,8,0,0,8,8,0.0000
4,88.0000,23,6,591.2608,-86.3827,0.3705,8,0.2000,1.0000,8,8,7,0,0,8,7,0.1250
4,88.0000,23,7,695.2983,-86.0209,-1.3024,12,0.3000,1.0000,8,7,6,0,0,7,6,0.1429
4,88.0000,23,10,789.6330,-87.8247,0.3513,4,0.1000,1.0000,8,8,8,0,0,8,8,0.0000
4,88.0000,23,16,728.9562,-86.2297,1.2298,8,0.2000,1.0000,8,8,8,0,0,8,8,0.0000
4,88.0000,23,22,92.5665,-64.7690,-2.4673,37,0.9250,0.2000,5,4,0,17,3,21,3,0.8571
4,88.0000,23,37,501.3005,-83.5307,-0.5563,15,0.3750,1.0000,8,8,5,0,0,8,5,0.3750
4,88.0000,23,38,421.2008,-81.8551,0.1537,23,0.5750,0.3333,6,8,5,24,17,32,22,0.3125
4,88.0000,23,41,291.4791,-78.7313,0.1229,32,0.8000,0.5000,6,5,2,0,0,5,2,0.6000
4,88.0000,23,43,630.9185,-85.5090,0.3236,12,0.3000,0.8571,7,8,8,0,0,8,8,0.0000
4,88.0000,23,47,659.6448,-85.2836,0.1086,6,0.1500,1.0000,8,7,5,0,0,7,5,0.2857
4,88.0000,24,0,656.1842,-84.6443,-1.0529,17,0.4250,1.0000,8,7,6,0,0,7,6,0.1429
4,88.0000,24,4,741.0161,-86.7854,-0.2409,4,0.1000,1.0000,8,8,8,0,0,8,8,0.0000
4,88.0000,24,5,775.6248,-86.0833,0.5132,5,0.1250,1.0000,8,5,4,0,0,5,4,0.2000
4,88.0000,24,6,740.0805,-85.5342,-0.3040,13,0.3250,0.8571,7,8,8,0,0,8,8,0.0000
4,88.0000,24,7,705.0330,-86.4658,-0.1633,11,0.2750,1.0000,6,8,8,0,0,8,8,0.0000
4,88.0000,24,10,339.6822,-79.1984,-1.0022,31,0.7750,0.5000,6,5,2,0,0,5,2,0.6000
4,88.0000,24,12,357.1119,-81.3075,1.5462,15,0.3750,0.6250,8,7,5,0,0,7,5,0.2857
4,88.0000,24,14,440.9536,-83.3249,0.1052,15,0.3750,0.8571,7,8,6,0,0,8,6,0.2500
4,88.0000,24,15,204.5553,-73.9516,-0.3801,32,0.8000,0.3333,6,8,4,0,0,8,4,0.5000
4,88.0000,24,16,390.5159,-78.7878,-1.8377,31,0.7750,0.6667,6,6,4,0,0,6,4,0.3333
4,88.0000,24,19,421.0412,-82.6381,-0.0956,17,0.4250,0.9000,10,7,6,0,0,7,6,0.1429
4,88.0000,24,22,1130.1505,-88.3232,-0.2435,6,0.1500,,0,6,6,0,0,6,6,0.0000
4,88.0000,24,26,633.9505,-85.6026,-0.2673,12,0.3000,0.8571,7,8,8,0,0,8,8,0.0000
4,88.0000,24,29,266.1417,-75.6042,-0.7212,30,0.7500,0.2000,5,5,1,0,0,5,1,0.8000
4,88.0000,24,30,1026.2236,-89.0217,0.0770,4,0.1000,1.0000,6,4,4,0,0,4,4,0.0000
4,88.0000,24,31,532.5659,-84.8634,0.2489,8,0.2000,0.8571,7,8,8,0,0,8,8,0.0000
4,88.0000,24,33,524.5876,-83.0887,-1.0174,8,0.2000,0.5000,6,7,6,0,0,7,6,0.1429
4,88.0000,24,34,642.6461,-87.0371,0.4397,5,0.1250,1.0000,6,8,8,0,0,8,8,0.0000
4,88.0000,24,36,769.2269,-86.5872,0.2251,7,0.1750,1.0000,6,8,8,0,0,8,8,0.0000
4,88.0000,24,37,712.1303,-85.5232,-0.3541,16,0.4000,0.8571,7,8,8,0,0,8,8,0.0000
4,88.0000,24,38,923.0384,-88.2682,0.2366,6,0.1500,1.0000,4,8,8,0,0,8,8,0.0000
4,88.0000,24,41,838.0547,-86.3426,-0.6666,11,0.2750,1.0000,8,8,7,0,0,8,7,0.1250
4,88.0000,24,42,364.5438,-79.8363,-0.1214,24,0.6000,0.4000,5,6,3,0,0,6,3,0.5000
4,88.0000,24,43,655.9500,-85.4482,-0.1979,14,0.3500,1.0000,8,8,8,0,0,8,8,0.0000
4,88.0000,24,46,416.9159,-81.5794,-0.7925,19,0.4750,0.7143,7,6,4,0,0,6,4,0.3333
4,88.0000,24,47,505.5070,-81.5517,-1.2648,26,0.6500,0.6250,8,6,5,0,0,6,5,0.1667
4,88.0000,25,2,747.7821,-87.7365,-0.7986,7,0.1750,1.0000,8,8,8,0,0,8,8,0.0000
4,88.0000,25,4,847.9156,-85.9087,-0.5624,4,0.1000,1.0000,6,8,8,0,0,8,8,0.0000
4,88.0000,25,9,290.2811,-80.0900,1.2483,28,0.7000,0.5000,6,6,2,0,0,6,2,0.6667
4,88.0000,25,11,486.7078,-83.7528,0.9133,9,0.2250,1.0000,8,7,6,0,0,7,6,0.1429
4,88.0000,25,13,569.0217,-84.5014,0.9267,10,0.2500,1.0000,8,7,6,0,0,7,6,0.1429
4,88.0000,25,17,664.2000,-86.0298,0.2237,5,0.1250,1.0000,8,8,8,0,0,8,8,0.0000
4,88.0000,25,18,303.0315,-81.8936,0.3489,18,0.4500,0.8571,7,5,2,0,0,5,2,0.6000
4,88.0000,25,21,457.4719,-82.0535,-0.3773,23,0.5750,1.0000,6,7,6,0,0,7,6,0.1429
4,88.0000,25,27,507.5626,-83.7181,-0.5393,14,0.3500,0.7143,7,8,7,0,0,8,7,0.1250
4,88.0000,25,28,477.9389,-84.6940,0.8173,12,0.3000,1.0000,8,5,2,0,0,5,2,0.6000
4,88.0000,25,32,173.5149,-77.6164,1.6313,35,0.8750,0.0000,3,5,1,0,0,5,1,0.8000
4,88.0000,25,34,833.2488,-87.0503,2.2534,4,0.1000,1.0000,6,8,8,0,0,8,8,0.0000
4,88.0000,25,35,228.8993,-76.1094,0.2112,37,0.9250,0.2000,5,4,0,0,0,4,0,1.0000
4,88.0000,25,36,706.2075,-86.9289,-0.5948,5,0.1250,0.8571,7,8,8,0,0,8,8,0.0000
4,88.0000,25,39,183.7051,-77.2674,0.9132,28,0.7000,0.3333,6,4,0,0,0,4,0,1.0000
4,88.0000,25,40,355.7633,-80.9100,0.3232,19,0.4750,0.8750,8,6,4,0,0,6,4,0.3333
4,88.0000,25,44,666.3307,-87.0527,0.2716,6,0.1500,1.0000,8,7,6,0,0,7,6,0.1429
4,88.0000,25,45,257.8618,-77.4848,-0.1981,32,0.8000,0.0000,4,4,0,0,0,4,0,1.0000
4,88.0000,26,0,570.2566,-85.0059,0.2392,15,0.3750,1.0000,8,8,7,0,0,8,7,0.1250
4,88.0000,26,3,487.7927,-84.2074,0.0449,20,0.5000,0.5000,6,7,6,0,0,7,6,0.1429
4,88.0000,26,5,605.5276,-84.3896,-1.8761,7,0.1750,0.8571,7,8,8,0,0,8,8,0.0000
4,88.0000,26,6,398.8058,-82.4391,0.8059,15,0.3750,0.6667,6,8,7,0,0,8,7,0.1250
4,88.0000,26,7,837.2508,-86.3625,-0.5434,6,0.1500,1.0000,8,7,6,0,0,7,6,0.1429
4,88.0000,26,8,898.5681,-86.1100,-0.5207,4,0.1000,1.0000,8,6,6,0,0,6,6,0.0000
4,88.0000,26,10,534.1455,-84.0455,0.6972,11,0.2750,1.0000,8,7,6,0,0,7,6,0.1429
4,88.0000,26,12,560.4192,-83.3795,-1.3682,6,0.1500,0.8571,7,7,6,0,0,7,6,0.1429
4,88.0000,26,14,252.7240,-76.4836,-0.2157,30,0.7500,0.6667,6,5,1,0,0,5,1,0.8000
4,88.0000,26,15,607.8058,-85.4591,-0.0875,10,0.2500,0.8750,8,7,6,0,0,7,6,0.1429
4,88.0000,26,16,391.3909,-83.6441,-0.2112,15,0.3750,0.7143,7,7,6,0,0,7,6,0.1429
4,88.0000,26,19,643.8838,-85.4064,-0.7676,7,0.1750,0.8750,8,8,8,0,0,8,8,0.0000
4,88.0000,26,20,839.9212,-87.3166,-2.4783,4,0.1000,0.8750,8,8,8,0,0,8,8,0.0000
4,88.0000,26,22,817.0756,-87.7168,-0.5314,10,0.2500,1.0000,4,6,6,0,0,6,6,0.0000
4,88.0000,26,23,824.6621,-87.4831,0.6844,4,0.1000,1.0000,4,5,4,0,0,5,4,0.2000
4,88.0000,26,24,633.9505,-86.0119,0.2755,8,0.2000,1.0000,8,7,6,0,0,7,6,0.1429
4,88.0000,26,29,425.7709,-83.2199,0.4685,12,0.3000,0.8571,7,7,6,0,0,7,6,0.1429
4,88.0000,26,30,792.9011,-86.8446,-0.8769,3,0.0750,1.0000,8,8,8,0,0,8,8,0.0000
4,88.0000,26,31,669.0305,-85.8758,-0.9684,4,0.1000,0.8571,7,8,8,0,0,8,8,0.0000
4,88.0000,26,33,626.8405,-85.2959,-0.6914,7,0.1750,1.0000,8,8,8,0,0,8,8,0.0000
4,88.0000,26,37,456.5814,-83.8940,0.3611,16,0.4000,1.0000,8,8,6,0,0,8,6,0.2500
4,88.0000,26,38,856.5703,-86.9714,-0.1233,8,0.2000,1.0000,2,8,8,0,0,8,8,0.0000
4,88.0000,26,41,636.6735,-86.1476,0.2797,9,0.2250,1.0000,8,8,8,0,0,8,8,0.0000
4,88.0000,26,42,488.0332,-82.5828,0.0922,13,0.3250,0.8750,8,8,8,0,0,8,8,0.0000
4,88.0000,26,43,831.7734,-88.0599,-1.2512,5,0.1250,1.0000,6,6,6,0,0,6,6,0.0000
4,88.0000,26,46,298.7569,-77.3709,-0.6090,28,0.7000,0.3333,6,6,4,0,0,6,4,0.3333
4,88.0000,26,47,621.4237,-84.9326,0.2477,13,0.3250,1.0000,6,8,8,0,0,8,8,0.0000
4,88.0000,27,1,487.3311,-83.4052,0.8689,19,0.4750,1.0000,8,6,3,0,0,6,3,0.5000
4,88.0000,27,2,300.1017,-76.9157,-1.4669,34,0.8500,0.7143,7,5,2,0,0,5,2,0.6000
4,88.0000,27,4,589.7323,-85.7704,0.2152,6,0.1500,0.8571,7,7,6,0,0,7,6,0.1429
4,88.0000,27,5,650.7814,-84.4074,0.2358,5,0.1250,1.0000,8,8,8,0,0,8,8,0.0000
4,88.0000,27,8,502.3721,-83.1610,0.2067,14,0.3500,0.8750,8,6,3,0,0,6,3,0.5000
4,88.0000,27,9,569.5040,-84.6065,-0.0615,19,0.4750,0.8571,7,8,7,0,0,8,7,0.1250
4,88.0000,27,11,303.2125,-79.2364,1.3652,22,0.5500,0.6000,5,7,4,0,0,7,4,0.4286
4,88.0000,27,13,313.9288,-79.7707,0.6890,23,0.5750,0.8889,9,7,6,0,0,7,6,0.1429
4,88.0000,27,17,326.4530,-81.0433,-0.0235,18,0.4500,1.0000,8,7,5,0,0,7,5,0.2857
4,88.0000,27,18,597.9610,-85.7648,0.4780,14,0.3500,1.0000,8,8,8,0,0,8,8,0.0000
4,88.0000,27,19,871.9337,-88.6768,-0.4236,3,0.0750,1.0000,6,8,7,0,0,8,7,0.1250
4,88.0000,27,20,466.6994,-83.8444,1.2368,13,0.3250,0.8750,8,8,7,0,0,8,7,0.1250
4,88.0000,27,21,209.7522,-76.8351,0.1156,34,0.8500,0.5000,6,6,2,0,0,6,2,0.6667
4,88.0000,27,25,507.5626,-84.4217,-0.5620,22,0.5500,0.7143,7,6,2,0,0,6,2,0.6667
4,88.0000,27,28,231.0500,-79.2917,0.5462,26,0.6500,0.4000,5,4,0,0,0,4,0,1.0000
4,88.0000,27,30,512.3033,-83.9288,1.5316,11,0.2750,0.6667,6,7,4,0,0,7,4,0.4286
4,88.0000,27,31,753.2186,-87.3448,0.5362,5,0.1250,0.8750,8,7,5,0,0,7,5,0.2857
4,88.0000,27,32,547.0877,-83.7613,0.0827,13,0.3250,1.0000,8,8,8,0,0,8,8,0.0000
4,88.0000,27,33,788.0018,-88.1346,0.1832,5,0.1250,0.8000,5,8,8,0,0,8,8,0.0000
4,88.0000,27,34,759.7711,-86.4060,-0.5576,7,0.1750,1.0000,6,8,8,0,0,8,8,0.0000
4,88.0000,27,35,681.3230,-85.4249,0.1003,10,0.2500,0.8000,5,8,8,0,0,8,8,0.0000
4,88.0000,27,36,682.8114,-86.1656,-0.0852,7,0.1750,1.0000,8,8,8,0,0,8,8,0.0000
4,88.0000,27,39,517.0603,-83.1714,-0.7389,15,0.3750,0.7143,7,6,4,0,0,6,4,0.3333
4,88.0000,27,40,304.7004,-78.6581,0.2024,28,0.7000,0.0000,3,7,6,0,0,7,6,0.1429
4,88.0000,27,44,324.5366,-81.1587,1.7132,15,0.3750,0.8571,7,6,3,0,0,6,3,0.5000
4,88.0000,27,45,542.7230,-83.8627,-0.4797,16,0.4000,1.0000,8,8,7,0,0,8,7,0.1250
4,88.0000,28,1,458.9017,-81.6812,-0.6991,13,0.3250,0.8571,7,8,7,0,0,8,7,0.1250
4,88.0000,28,2,497.6236,-83.1679,0.5268,16,0.4000,0.4000,5,4,2,0,0,4,2,0.5000
4,88.0000,28,4,484.5031,-82.5223,0.3989,10,0.2500,0.8750,8,6,3,0,0,6,3,0.5000
4,88.0000,28,5,547.2871,-81.1119,0.0514,8,0.2000,0.7143,7,8,7,0,0,8,7,0.1250
4,88.0000,28,8,562.5426,-82.8137,-0.4472,14,0.3500,0.7143,7,7,5,0,0,7,5,0.2857
4,88.0000,28,9,540.4142,-84.7249,-0.1042,13,0.3250,1.0000,8,7,6,0,0,7,6,0.1429
4,88.0000,28,11,96.8419,-69.9494,0.9994,37,0.9250,0.2000,5,5,1,2,0,7,1,0.8571
4,88.0000,28,12,783.0457,-85.8473,1.5013,3,0.0750,0.8571,7,8,8,0,0,8,8,0.0000
4,88.0000,28,13,152.2217,-74.0439,0.8768,32,0.8000,0.1818,11,4,0,5,0,9,0,1.0000
4,88.0000,28,17,271.4550,-76.7547,0.0536,24,0.6000,0.6667,6,5,2,0,0,5,2,0.6000
4,88.0000,28,18,454.3736,-82.7566,0.1427,17,0.4250,1.0000,8,7,6,0,0,7,6,0.1429
4,88.0000,28,19,696.9240,-85.0837,0.3678,3,0.0750,0.8750,8,8,8,0,0,8,8,0.0000
4,88.0000,28,20,451.8232,-81.6544,-0.4630,16,0.4000,0.4000,5,7,6,0,0,7,6,0.1429
4,88.0000,28,21,394.6703,-83.2411,1.0205,20,0.5000,0.8750,8,6,3,0,0,6,3,0.5000
4,88.0000,28,25,477.9389,-84.8980,0.7855,14,0.3500,1.0000,8,6,4,0,0,6,4,0.3333
4,88.0000,28,27,231.0500,-79.3955,1.2753,24,0.6000,0.6667,6,5,1,0,0,5,1,0.8000
4,88.0000,28,30,495.8802,-83.2476,0.4386,12,0.3000,0.5000,6,7,6,0,0,7,6,0.1429
4,88.0000,28,31,591.2019,-85.3139,-1.0210,4,0.1000,0.6667,6,8,8,0,0,8,8,0.0000
4,88.0000,28,32,518.5614,-83.6674,0.9894,16,0.4000,0.7143,7,4,0,0,0,4,0,1.0000
4,88.0000,28,33,662.0344,-83.9612,0.7896,3,0.0750,1.0000,6,7,6,0,0,7,6,0.1429
4,88.0000,28,34,572.7000,-83.4102,0.1120,5,0.1250,0.8750,8,8,8,0,0,8,8,0.0000
4,88.0000,28,35,661.1407,-86.2829,0.4782,11,0.2750,0.8000,5,8,8,0,0,8,8,0.0000
4,88.0000,28,36,473.5430,-81.0588,-0.7533,13,0.3250,0.4000,5,7,6,0,0,7,6,0.1429
4,88.0000,28,39,443.6419,-81.9643,0.2227,16,0.4000,0.7500,24,8,8,0,0,8,8,0.0000
4,88.0000,28,40,360.7646,-81.1669,0.0541,23,0.5750,0.7500,8,6,2,0,0,6,2,0.6667
4,88.0000,28,44,190.0125,-74.7883,-0.3423,28,0.7000,0.1667,6,4,1,1,0,5,1,0.8000
4,88.0000,28,45,598.4737,-87.1787,1.4557,6,0.1500,0.6667,6,8,7,0,0,8,7,0.1250
4,88.0000,29,0,525.0415,-84.0029,0.6245,17,0.4250,0.8571,7,8,7,0,0,8,7,0.1250
4,88.0000,29,3,851.9791,-87.3614,-0.5290,9,0.2250,1.0000,4,2,1,0,0,2,1,0.5000
4,88.0000,29,4,840.0823,-88.0447,-0.1343,5,0.1250,1.0000,8,8,8,0,0,8,8,0.0000
4,88.0000,29,5,727.2375,-87.2239,-0.4709,7,0.1750,0.9884,86,6,6,0,0,6,6,0.0000
4,88.0000,29,6,502.1694,-84.1367,-0.0045,23,0.5750,0.5714,7,7,5,0,0,7,5,0.2857
4,88.0000,29,7,620.8371,-85.5106,0.0948,12,0.3000,1.0000,2,8,8,0,0,8,8,0.0000
4,88.0000,29,10,242.5181,-76.9705,-0.2601,35,0.8750,0.2000,5,4,0,0,0,4,0,1.0000
4,88.0000,29,11,1148.2669,-87.8504,-0.6414,3,0.0750,1.0000,2,2,2,0,0,2,2,0.0000
4,88.0000,29,12,421.1472,-81.1260,0.4238,16,0.4000,0.5000,6,8,7,0,0,8,7,0.1250
4,88.0000,29,13,1124.3251,-89.1369,0.8188,3,0.0750,1.0000,6,6,6,0,0,6,6,0.0000
4,88.0000,29,14,251.3003,-77.8057,0.8843,29,0.7250,0.2000,5,7,6,51,38,58,44,0.2414
4,88.0000,29,15,317.8633,-77.5440,-0.8146,25,0.6250,0.0000,4,7,6,0,0,7,6,0.1429
4,88.0000,29,16,225.5375,-76.7902,0.0339,29,0.7250,0.2703,37,5,1,0,0,5,1,0.8000
4,88.0000,29,19,487.7060,-81.5698,0.1862,14,0.3500,0.7273,11,6,4,0,0,6,4,0.3333
4,88.0000,29,22,972.1236,-89.1585,-0.0608,3,0.0750,1.0000,4,8,8,0,0,8,8,0.0000
4,88.0000,29,24,266.1417,-76.6574,-1.0272,31,0.7750,0.0000,4,5,1,0,0,5,1,0.8000
4,88.0000,29,26,425.7709,-81.7733,1.0102,17,0.4250,1.0000,8,8,6,0,0,8,6,0.2500
4,88.0000,29,30,977.2702,-87.3235,0.9045,3,0.0750,1.0000,8,8,8,0,0,8,8,0.0000
4,88.0000,29,31,586.9972,-83.5277,0.0767,9,0.2250,1.0000,8,8,8,0,0,8,8,0.0000
4,88.0000,29,33,585.8928,-84.3790,-0.4733,10,0.2500,0.8750,8,8,8,0,0,8,8,0.0000
4,88.0000,29,34,786.7374,-87.3923,0.0026,7,0.1750,1.0000,6,8,8,0,0,8,8,0.0000
4,88.0000,29,37,504.9730,-83.9498,0.2924,20,0.5000,0.8571,7,8,8,0,0,8,8,0.0000
4,88.0000,29,38,795.8340,-86.9828,-0.1770,9,0.2250,1.0000,8,8,6,0,0,8,6,0.2500
4,88.0000,29,41,682.4357,-86.3686,0.2734,12,0.3000,0.8571,7,7,6,0,0,7,6,0.1429
4,88.0000,29,42,410.3322,-80.5596,-0.4121,18,0.4500,0.8986,69,7,5,79,71,86,76,0.1163
4,88.0000,29,43,657.8965,-86.6613,0.5807,12,0.3000,1.0000,8,6,3,0,0,6,3,0.5000
4,88.0000,29,44,1021.9697,-88.4199,-0.1468,4,0.1000,1.0000,6,4,4,0,0,4,4,0.0000
4,88.0000,29,46,293.7817,-77.4004,-0.6568,24,0.6000,0.0000,4,8,8,0,0,8,8,0.0000
4,88.0000,29,47,412.6320,-82.1435,-0.0551,26,0.6500,0.6667,6,7,5,0,0,7,5,0.2857
4,88.0000,30,1,187.3236,-76.0081,1.1880,23,0.5750,0.0000,4,6,2,0,0,6,2,0.6667
4,88.0000,30,2,521.6182,-85.6368,0.2261,9,0.2250,1.0000,8,6,3,0,0,6,3,0.5000
4,88.0000,30,4,541.2488,-84.2559,0.0832,7,0.1750,1.0000,8,7,6,0,0,7,6,0.1429
4,88.0000,30,5,256.6963,-76.3477,0.1655,27,0.6750,0.7143,7,5,2,0,0,5,2,0.6000
4,88.0000,30,8,181.0303,-74.8791,0.3694,31,0.7750,0.2000,5,6,3,0,0,6,3,0.5000
4,88.0000,30,9,1001.1472,-88.4962,4.0290,3,0.0750,1.0000,6,6,6,0,0,6,6,0.0000
4,88.0000,30,11,515.3585,-84.1166,-0.3778,11,0.2750,0.7143,7,6,4,0,0,6,4,0.3333
4,88.0000,30,12,680.3876,-84.7790,-0.2955,10,0.2500,0.6667,6,8,8,0,0,8,8,0.0000
4,88.0000,30,13,441.4864,-82.4581,0.5171,14,0.3500,0.6667,6,7,5,0,0,7,5,0.2857
4,88.0000,30,14,755.1825,-86.9211,0.2464,6,0.1500,1.0000,10,6,6,0,0,6,6,0.0000
4,88.0000,30,15,853.5305,-88.1219,-0.0977,4,0.1000,1.0000,8,8,8,0,0,8,8,0.0000
4,88.0000,30,16,1071.5718,-88.7012,-0.4660,4,0.1000,1.0000,6,2,2,0,0,2,2,0.0000
4,88.0000,30,17,433.4348,-81.7439,0.7368,12,0.3000,0.8571,7,8,8,0,0,8,8,0.0000
4,88.0000,30,19,660.9988,-85.5698,0.9707,5,0.1250,1.0000,8,7,6,0,0,7,6,0.1429
4,88.0000,30,20,56.9138,-69.0800,2.7509,30,0.7500,0.0000,4,6,2,0,0,6,2,0.6667
4,88.0000,30,21,702.9788,-87.7454,0.3442,7,0.1750,1.0000,6,8,8,0,0,8,8,0.0000
4,88.0000,30,24,1026.2236,-87.5606,-0.3788,3,0.0750,1.0000,4,8,8,0,0,8,8,0.0000
4,88.0000,30,26,792.9011,-86.9469,-0.2440,8,0.2000,1.0000,6,6,6,0,0,6,6,0.0000
4,88.0000,30,27,512.3033,-85.6004,0.5310,11,0.2750,0.8750,8,8,8,0,0,8,8,0.0000
4,88.0000,30,28,495.8802,-84.0861,-0.1135,13,0.3250,1.0000,8,7,6,0,0,7,6,0.1429
4,88.0000,30,29,977.2702,-86.8543,-0.1105,5,0.1250,1.0000,8,4,4,0,0,4,4,0.0000
4,88.0000,30,31,550.5768,-84.3695,-1.7002,11,0.2750,0.8571,7,8,7,0,0,8,7,0.1250
4,88.0000,30,33,553.9188,-84.3124,0.2096,10,0.2500,1.0000,8,8,8,0,0,8,8,0.0000
4,88.0000,30,36,745.8654,-86.7977,0.6857,8,0.2000,0.8571,7,8,8,0,0,8,8,0.0000
4,88.0000,30,39,932.1996,-88.1765,0.3817,4,0.1000,1.0000,2,8,8,0,0,8,8,0.0000
4,88.0000,30,40,763.1508,-87.5405,-0.2989,6,0.1500,1.0000,6,8,8,0,0,8,8,0.0000
4,88.0000,30,42,723.9106,-86.7422,-0.0448,8,0.2000,1.0000,8,6,6,0,0,6,6,0.0000
4,88.0000,30,44,323.4511,-80.2899,0.3099,15,0.3750,0.8750,8,4,0,0,0,4,0,1.0000
4,88.0000,30,46,689.5183,-86.6980,0.3763,9,0.2250,1.0000,8,8,8,0,0,8,8,0.0000
4,88.0000,31,1,638.4831,-85.0723,0.6645,10,0.2564,1.0000,8,7,5,0,0,7,5,0.2857
4,88.0000,31,2,944.6773,-87.4212,0.0992,6,0.1538,0.8571,7,4,4,0,0,4,4,0.0000
4,88.0000,31,4,288.7286,-78.6086,0.8011,26,0.6667,0.4000,5,7,5,0,0,7,5,0.2857
4,88.0000,31,5,328.2385,-78.9458,-0.4783,20,0.5128,0.4000,5,6,3,0,0,6,3,0.5000
4,88.0000,31,8,679.3002,-85.2786,0.2431,10,0.2564,0.5000,6,5,4,0,0,5,4,0.2000
4,88.0000,31,9,932.0836,-88.3015,-2.5747,4,0.1026,1.0000,8,7,6,0,0,7,6,0.1429
4,88.0000,31,10,784.6226,-86.4603,-0.0223,5,0.1282,0.6667,3,8,8,0,0,8,8,0.0000
4,88.0000,31,11,599.6686,-85.5807,0.0877,9,0.2308,0.8571,7,6,6,0,0,6,6,0.0000
4,88.0000,31,12,192.8189,-74.2459,-0.5798,33,0.8462,0.3333,6,5,1,0,0,5,1,0.8000
4,88.0000,31,13,593.5708,-85.3631,2.4458,8,0.2051,0.4000,5,7,6,0,0,7,6,0.1429
4,88.0000,31,14,482.8944,-84.4703,0.4826,13,0.3333,0.4000,5,7,6,0,0,7,6,0.1429
4,88.0000,31,15,342.9003,-81.8167,1.9304,15,0.3846,0.8750,8,7,5,0,0,7,5,0.2857
4,88.0000,31,16,736.7759,-87.2420,0.3359,8,0.2051,0.8000,5,3,2,0,0,3,2,0.3333
4,88.0000,31,17,467.0694,-82.2523,0.9138,12,0.3077,0.9011,91,7,5,0,0,7,5,0.2857
4,88.0000,31,19,127.6466,-73.7923,0.8719,28,0.7179,0.3333,6,5,1,0,0,5,1,0.8000
4,88.0000,31,20,564.6599,-83.8401,0.2318,10,0.2564,0.8571,7,8,7,0,0,8,7,0.1250
4,88.0000,31,21,908.8661,-86.5643,0.7981,3,0.0769,1.0000,6,6,6,0,0,6,6,0.0000
4,88.0000,31,24,532.5659,-84.7957,0.5331,8,0.2051,1.0000,10,6,3,0,0,6,3,0.5000
4,88.0000,31,26,669.0305,-86.4947,0.1888,9,0.2308,0.8571,7,6,4,0,0,6,4,0.3333
4,88.0000,31,27,753.2186,-88.0973,0.9228,7,0.1795,0.8571,7,8,8,0,0,8,8,0.0000
4,88.0000,31,28,591.2019,-84.3949,0.5927,11,0.2821,0.9853,68,6,6,160,157,166,163,0.0181
4,88.0000,31,29,586.9972,-83.9142,0.5846,7,0.1795,1.0000,8,6,4,0,0,6,4,0.3333
4,88.0000,31,30,550.5768,-84.0520,0.4646,14,0.3590,0.8571,7,8,8,0,0,8,8,0.0000
4,88.0000,31,32,967.6766,-87.9880,-1.2447,6,0.1538,1.0000,8,8,8,0,0,8,8,0.0000
4,88.0000,31,33,151.6185,-73.8045,0.6930,32,0.8205,0.0000,4,5,1,0,0,5,1,0.8000
4,88.0000,31,34,313.3593,-80.4217,0.1477,23,0.5897,0.6667,9,7,3,0,0,7,3,0.5714
4,88.0000,31,36,388.1361,-81.6159,0.0184,20,0.5128,0.6667,6,7,3,0,0,7,3,0.5714
4,88.0000,31,39,872.4464,-87.9420,-1.2335,6,0.1538,1.0000,4,7,6,0,0,7,6,0.1429
4,88.0000,31,42,336.8441,-80.4651,0.7824,17,0.4359,0.6667,6,7,4,0,0,7,4,0.4286
4,88.0000,31,44,481.6137,-82.0895,-0.7335,13,0.3333,0.8750,8,7,6,0,0,7,6,0.1429
4,88.0000,31,46,391.8525,-83.4302,0.9161,11,0.2821,1.0000,8,6,4,0,0,6,4,0.3333
4,88.0000,32,9,120.7528,-69.8532,-0.3063,40,1.0000,0.0000,4,4,0,0,0,4,0,1.0000
4,88.0000,32,11,549.6693,-85.7803,0.5337,6,0.1500,0.6667,6,8,8,0,0,8,8,0.0000
4,88.0000,32,13,639.7413,-86.0843,-0.8181,7,0.1750,1.0000,8,8,7,0,0,8,7,0.1250
4,88.0000,32,17,639.3219,-84.4337,-0.4717,5,0.1250,0.8571,7,8,8,0,0,8,8,0.0000
4,88.0000,32,18,285.6842,-78.7804,-0.0657,30,0.7500,0.5000,6,4,0,0,0,4,0,1.0000
4,88.0000,32,19,1049.2142,-89.3565,0.7698,3,0.0750,1.0000,8,8,8,0,0,8,8,0.0000
4,88.0000,32,21,468.2107,-83.3680,0.5576,13,0.3250,0.8571,7,5,2,0,0,5,2,0.6000
4,88.0000,32,25,173.5149,-76.5745,1.9653,31,0.7750,0.5000,6,4,0,0,0,4,0,1.0000
4,88.0000,32,27,547.0877,-84.1565,0.9221,7,0.1750,1.0000,8,7,6,0,0,7,6,0.1429
4,88.0000,32,28,518.5614,-84.0810,0.1882,7,0.1750,0.8750,8,7,6,0,0,7,6,0.1429
4,88.0000,32,30,998.9784,-87.7519,0.2502,3,0.0750,1.0000,4,4,4,0,0,4,4,0.0000
4,88.0000,32,31,967.6766,-87.5393,-0.3345,4,0.1000,1.0000,8,6,6,0,0,6,6,0.0000
4,88.0000,32,33,1032.5544,-87.9791,-2.2147,3,0.0750,1.0000,4,8,8,0,0,8,8,0.0000
4,88.0000,32,34,778.3720,-85.5523,-1.2151,6,0.1500,0.8571,7,8,8,0,0,8,8,0.0000
4,88.0000,32,35,366.2315,-81.5536,-1.0976,28,0.7000,0.6667,6,6,3,0,0,6,3,0.5000
4,88.0000,32,36,673.8111,-83.9954,-0.9272,5,0.1250,1.0000,8,8,8,0,0,8,8,0.0000
4,88.0000,32,39,114.1611,-71.3808,0.2804,36,0.9000,0.2000,5,5,1,0,0,5,1,0.8000
4,88.0000,32,40,303.3760,-80.5667,0.9622,17,0.4250,0.5714,7,6,2,0,0,6,2,0.6667
4,88.0000,32,44,705.2466,-87.2110,0.0344,4,0.1000,0.8571,7,8,8,0,0,8,8,0.0000
4,88.0000,32,45,206.9169,-78.3440,1.2699,32,0.8000,0.6667,6,4,0,0,0,4,0,1.0000
4,88.0000,33,0,965.7627,-88.3805,0.0838,8,0.2000,1.0000,8,6,6,0,0,6,6,0.0000
4,88.0000,33,1,679.9044,-85.9201,0.3899,9,0.2250,0.6667,6,6,6,0,0,6,6,0.0000
4,88.0000,33,2,957.3447,-86.6420,0.0422,6,0.1500,1.0000,6,4,4,0,0,4,4,0.0000
4,88.0000,33,4,265.2393,-77.9926,0.3168,30,0.7500,0.4286,7,7,5,0,0,7,5,0.2857
4,88.0000,33,5,346.6991,-81.5606,-0.0644,21,0.5250,0.8750,8,6,4,2,2,8,6,0.2500
4,88.0000,33,6,959.5696,-87.7845,-1.3409,3,0.0750,1.0000,6,8,8,0,0,8,8,0.0000
4,88.0000,33,8,653.3745,-86.6688,-1.1326,8,0.2000,0.8750,8,6,5,0,0,6,5,0.1667
4,88.0000,33,10,753.1516,-85.1472,-0.0300,8,0.2000,0.8000,5,6,6,0,0,6,6,0.0000
4,88.0000,33,11,688.3800,-87.2188,0.3008,11,0.2750,1.0000,8,8,8,0,0,8,8,0.0000
4,88.0000,33,12,180.4710,-72.7433,-1.1882,36,0.9000,0.3333,6,8,5,0,0,8,5,0.3750
4,88.0000,33,13,679.2395,-86.1611,-0.8259,7,0.1750,1.0000,8,8,7,0,0,8,7,0.1250
4,88.0000,33,14,480.2326,-83.8868,0.4957,15,0.3750,1.0000,8,8,8,0,0,8,8,0.0000
4,88.0000,33,15,372.3257,-81.2917,-0.1711,21,0.5250,1.0000,6,8,6,0,0,8,6,0.2500
4,88.0000,33,16,693.6164,-85.4357,-0.6530,9,0.2250,0.8571,7,2,2,0,0,2,2,0.0000
4,88.0000,33,17,479.9448,-85.9487,0.3008,13,0.3250,0.8750,8,8,8,0,0,8,8,0.0000
4,88.0000,33,19,221.0773,-76.3937,-0.0359,32,0.8000,0.6667,6,6,3,0,0,6,3,0.5000
4,88.0000,33,20,579.1211,-84.9523,-0.9723,11,0.2750,1.0000,8,8,8,0,0,8,8,0.0000
4,88.0000,33,21,931.8609,-87.8570,-0.4132,5,0.1250,1.0000,4,6,6,0,0,6,6,0.0000
4,88.0000,33,24,524.5876,-83.4726,-0.5332,16,0.4000,0.8571,7,8,7,0,0,8,7,0.1250
4,88.0000,33,26,626.8405,-85.0266,-0.6074,9,0.2250,0.8750,8,7,6,0,0,7,6,0.1429
4,88.0000,33,27,788.0018,-87.5132,0.2879,8,0.2000,0.8571,7,8,7,0,0,8,7,0.1250
4,88.0000,33,28,662.0344,-86.6099,-0.3129,10,0.2500,1.0000,8,2,2,0,0,2,2,0.0000
4,88.0000,33,29,585.8928,-84.0180,-0.8964,14,0.3500,0.8750,8,7,6,0,0,7,6,0.1429
4,88.0000,33,30,553.9188,-84.8058,-0.4044,12,0.3000,0.8750,8,6,6,0,0,6,6,0.0000
4,88.0000,33,31,151.6185,-73.4220,0.4966,32,0.8000,0.2000,5,4,0,0,0,4,0,1.0000
4,88.0000,33,34,400.6839,-82.4157,-0.5125,17,0.4250,0.7143,7,7,6,0,0,7,6,0.1429
4,88.0000,33,36,503.1244,-83.3335,0.7768,15,0.3750,1.0000,8,7,6,0,0,7,6,0.1429
4,88.0000,33,39,947.0645,-88.4548,0.4043,5,0.1250,1.0000,4,4,4,0,0,4,4,0.0000
4,88.0000,33,40,858.2470,-87.1044,0.0144,5,0.1250,1.0000,4,5,4,0,0,5,4,0.2000
4,88.0000,33,42,240.3674,-77.7083,-0.5256,27,0.6750,0.6667,6,6,2,0,0,6,2,0.6667
4,88.0000,33,43,1039.2275,-88.7961,0.2342,6,0.1500,1.0000,8,6,6,0,0,6,6,0.0000
4,88.0000,33,44,547.2277,-84.6845,-0.3875,12,0.3000,0.4000,5,6,4,0,0,6,4,0.3333
4,88.0000,33,46,374.1217,-82.3245,0.2886,16,0.4000,0.5000,8,6,2,0,0,6,2,0.6667
4,88.0000,33,47,912.0418,-87.9141,0.1444,8,0.2000,1.0000,6,4,3,0,0,4,3,0.2500
4,88.0000,34,1,817.9942,-87.1347,-0.7214,6,0.1463,1.0000,8,8,8,0,0,8,8,0.0000
4,88.0000,34,2,1020.5192,-87.7387,-1.0364,3,0.0732,1.0000,6,4,4,0,0,4,4,0.0000
4,88.0000,34,4,334.3326,-79.4748,0.0785,21,0.5122,1.0000,8,7,4,0,0,7,4,0.4286
4,88.0000,34,5,597.2130,-85.0733,-1.2004,7,0.1707,0.8571,7,7,6,0,0,7,6,0.1429
4,88.0000,34,8,874.7016,-88.2020,-0.0722,5,0.1220,1.0000,8,6,6,0,0,6,6,0.0000
4,88.0000,34,9,729.7928,-86.4097,-1.3410,9,0.2195,1.0000,6,8,8,0,0,8,8,0.0000
4,88.0000,34,11,582.8850,-85.7542,0.3333,9,0.2195,0.8571,7,8,8,0,0,8,8,0.0000
4,88.0000,34,12,422.6665,-81.4909,-0.3739,13,0.3171,1.0000,8,8,8,0,0,8,8,0.0000
4,88.0000,34,13,625.1224,-84.6383,0.3216,6,0.1463,0.9000,10,7,5,0,0,7,5,0.2857
4,88.0000,34,14,754.8146,-89.3457,-0.1594,3,0.0732,1.0000,8,8,8,0,0,8,8,0.0000
4,88.0000,34,15,475.3721,-83.7804,0.3648,9,0.2195,1.0000,8,7,5,0,0,7,5,0.2857
4,88.0000,34,16,955.7982,-88.1184,-0.2210,5,0.1220,1.0000,6,2,2,0,0,2,2,0.0000
4,88.0000,34,17,494.9195,-84.0791,-0.1182,12,0.2927,0.8750,8,8,8,0,0,8,8,0.0000
4,88.0000,34,18,585.4096,-83.3793,-0.9939,14,0.3415,0.8571,7,8,8,0,0,8,8,0.0000
4,88.0000,34,19,327.6331,-80.2094,0.2601,21,0.5122,0.8750,8,5,2,0,0,5,2,0.6000
4,88.0000,34,20,759.4420,-87.0944,-0.9760,8,0.1951,0.8750,8,8,8,0,0,8,8,0.0000
4,88.0000,34,21,867.4830,-87.8676,-0.5001,4,0.0976,0.5000,2,6,6,0,0,6,6,0.0000
4,88.0000,34,24,642.6461,-87.0193,0.6207,9,0.2195,1.0000,8,8,8,0,0,8,8,0.0000
4,88.0000,34,25,833.2488,-87.3669,-1.3815,4,0.0976,1.0000,2,8,8,0,0,8,8,0.0000
4,88.0000,34,27,759.7711,-87.2986,-1.2917,6,0.1463,1.0000,6,6,6,0,0,6,6,0.0000
4,88.0000,34,28,572.7000,-84.3688,-0.0112,12,0.2927,1.0000,6,7,6,0,0,7,6,0.1429
4,88.0000,34,29,786.7374,-88.0815,0.1957,4,0.0976,0.6667,6,8,8,0,0,8,8,0.0000
4,88.0000,34,30,763.9846,-85.5036,0.8027,5,0.1220,1.0000,4,8,8,0,0,8,8,0.0000
4,88.0000,34,31,313.3593,-81.2728,-0.1614,15,0.3659,0.7143,7,7,4,0,0,7,4,0.4286
4,88.0000,34,32,778.3720,-85.7055,-0.9116,9,0.2195,0.8750,8,8,7,0,0,8,7,0.1250
4,88.0000,34,33,400.6839,-82.6390,0.6312,14,0.3415,0.6667,6,8,7,0,0,8,7,0.1250
4,88.0000,34,35,1028.5815,-87.6293,-0.9304,4,0.0976,1.0000,6,2,2,0,0,2,2,0.0000
4,88.0000,34,36,163.5098,-73.9701,0.3991,31,0.7561,0.0000,4,4,0,0,0,4,0,1.0000
4,88.0000,34,39,681.2708,-84.2629,-1.5988,8,0.1951,0.8571,7,7,6,0,0,7,6,0.1429
4,88.0000,34,40,718.0234,-86.0087,0.8039,8,0.1951,1.0000,8,7,6,0,0,7,6,0.1429
4,88.0000,34,42,568.5785,-86.2601,0.2478,12,0.2927,0.8750,8,7,6,0,0,7,6,0.1429
4,88.0000,34,44,563.7333,-83.9994,0.2828,12,0.2927,0.8750,8,7,6,0,0,7,6,0.1429
4,88.0000,34,45,941.9727,-88.4476,-0.2019,3,0.0732,1.0000,6,6,6,0,0,6,6,0.0000
4,88.0000,35,2,873.7720,-87.7195,-0.1777,4,0.1000,1.0000,8,7,6,0,0,7,6,0.1429
4,88.0000,35,9,485.8086,-82.2998,0.5149,17,0.4250,0.8571,7,7,5,0,0,7,5,0.2857
4,88.0000,35,11,648.2546,-86.9033,0.6646,4,0.1000,0.8571,7,8,8,0,0,8,8,0.0000
4,88.0000,35,13,718.2188,-87.4973,-1.2308,5,0.1250,1.0000,8,8,8,0,0,8,8,0.0000
4,88.0000,35,18,462.7638,-82.3959,-1.2625,11,0.2750,1.0000,8,8,7,0,0,8,7,0.1250
4,88.0000,35,21,627.8040,-84.7675,-0.5388,8,0.2000,1.0000,8,8,8,0,0,8,8,0.0000
4,88.0000,35,25,228.8993,-75.0643,0.0973,32,0.8000,0.4000,5,6,3,0,0,6,3,0.5000
4,88.0000,35,27,681.3230,-86.1637,0.6039,4,0.1000,1.0000,8,8,8,0,0,8,8,0.0000
4,88.0000,35,28,661.1407,-86.9829,1.6859,3,0.0750,1.0000,8,8,8,0,0,8,8,0.0000
4,88.0000,35,32,366.2315,-81.4651,-0.4097,23,0.5750,0.5714,7,6,4,0,0,6,4,0.3333
4,88.0000,35,36,888.2137,-86.6574,-2.5610,3,0.0750,1.0000,8,8,8,0,0,8,8,0.0000
4,88.0000,35,39,392.3373,-81.4118,-0.2769,17,0.4250,0.5000,6,7,5,0,0,7,5,0.2857
4,88.0000,35,40,570.9424,-84.7454,-1.6851,7,0.1750,1.0000,8,6,3,0,0,6,3,0.5000
4,88.0000,35,45,390.0315,-81.3206,-0.6059,22,0.5500,0.8000,5,8,5,0,0,8,5,0.3750
4,88.0000,36,1,763.2410,-84.6723,-0.6482,7,0.1750,1.0000,8,4,3,0,0,4,3,0.2500
4,88.0000,36,2,954.9206,-88.8900,0.0485,5,0.1250,0.8750,8,4,4,0,0,4,4,0.0000
4,88.0000,36,4,404.9102,-80.3801,0.4151,19,0.4750,0.6667,6,8,8,0,0,8,8,0.0000
4,88.0000,36,5,608.7990,-86.2909,-0.3758,5,0.1250,1.0000,8,7,6,0,0,7,6,0.1429
4,88.0000,36,8,864.4157,-87.9634,0.5399,5,0.1250,1.0000,8,8,8,0,0,8,8,0.0000
4,88.0000,36,9,646.3355,-84.2569,-0.5694,12,0.3000,0.7500,8,8,8,0,0,8,8,0.0000
4,88.0000,36,11,466.0415,-82.3685,-0.6607,13,0.3250,1.0000,8,7,6,0,0,7,6,0.1429
4,88.0000,36,12,534.5256,-84.3616,-0.7592,6,0.1500,1.0000,8,7,5,0,0,7,5,0.2857
4,88.0000,36,13,518.2849,-83.0883,-0.1867,14,0.3500,0.4000,5,7,6,0,0,7,6,0.1429
4,88.0000,36,15,587.0545,-85.4607,0.9557,5,0.1250,1.0000,8,7,5,0,0,7,5,0.2857
4,88.0000,36,17,476.3965,-84.9448,0.9679,8,0.2000,0.7143,7,8,8,0,0,8,8,0.0000
4,88.0000,36,18,451.6068,-81.1348,-0.1900,21,0.5250,0.6667,6,8,7,0,0,8,7,0.1250
4,88.0000,36,19,418.1131,-82.0730,-0.4596,6,0.1500,0.8750,8,8,8,0,0,8,8,0.0000
4,88.0000,36,20,729.8733,-85.8349,-1.0071,8,0.2000,0.8571,7,8,8,0,0,8,8,0.0000
4,88.0000,36,21,795.1869,-87.2083,-1.0349,5,0.1250,1.0000,8,6,6,0,0,6,6,0.0000
4,88.0000,36,25,706.2075,-86.2179,-0.6893,8,0.2000,1.0000,8,8,8,0,0,8,8,0.0000
4,88.0000,36,27,682.8114,-86.6577,2.5268,5,0.1250,0.7143,7,8,8,0,0,8,8,0.0000
4,88.0000,36,28,473.5430,-81.1238,-0.7120,13,0.3250,0.6667,6,7,6,0,0,7,6,0.1429
4,88.0000,36,30,745.8654,-87.2687,-0.1083,5,0.1250,0.4000,5,8,8,0,0,8,8,0.0000
4,88.0000,36,31,388.1361,-80.4204,-0.1799,6,0.1500,0.5714,7,8,8,0,0,8,8,0.0000
4,88.0000,36,32,673.8111,-85.5091,-0.3355,12,0.3000,0.8750,8,8,8,0,0,8,8,0.0000
4,88.0000,36,33,503.1244,-82.2005,3.5159,4,0.1000,0.6667,6,8,8,0,0,8,8,0.0000
4,88.0000,36,34,163.5098,-75.1764,0.0885,34,0.8500,0.4000,5,6,3,0,0,6,3,0.5000
4,88.0000,36,35,888.2137,-86.7478,0.9865,5,0.1250,1.0000,4,8,8,0,0,8,8,0.0000
4,88.0000,36,39,567.4680,-83.2723,-0.5964,17,0.4250,1.0000,8,8,8,0,0,8,8,0.0000
4,88.0000,36,40,646.2465,-85.1174,-0.5984,12,0.3000,1.0000,6,8,8,0,0,8,8,0.0000
4,88.0000,36,42,692.8559,-88.2122,-2.3038,3,0.0750,1.0000,8,8,7,0,0,8,7,0.1250
4,88.0000,36,44,493.4133,-81.3756,-1.7245,8,0.2000,0.6667,6,7,6,0,0,7,6,0.1429
4,88.0000,36,45,847.3987,-87.9580,0.2712,6,0.1500,1.0000,8,8,8,0,0,8,8,0.0000
4,88.0000,36,46,755.5848,-87.1049,0.1667,4,0.1000,1.0000,6,8,6,0,0,8,6,0.2500
4,88.0000,37,0,223.1212,-76.8010,0.1672,34,0.8500,0.4000,5,6,3,0,0,6,3,0.5000
4,88.0000,37,3,530.4574,-84.6629,-0.6620,16,0.4000,0.4000,5,6,4,0,0,6,4,0.3333
4,88.0000,37,6,131.1786,-71.6231,0.0312,38,0.9500,0.0000,3,4,0,0,0,4,0,1.0000
4,88.0000,37,7,462.8829,-80.6929,-0.5132,31,0.7750,0.6667,6,8,7,0,0,8,7,0.1250
4,88.0000,37,10,403.9685,-81.5450,-0.3196,20,0.5000,0.7143,7,7,5,0,0,7,5,0.2857
4,88.0000,37,12,852.4348,-86.9505,-0.2499,4,0.1000,0.5000,4,10,10,0,0,10,10,0.0000
4,88.0000,37,14,562.1897,-83.5078,-0.2150,15,0.3750,1.0000,8,8,8,0,0,8,8,0.0000
4,88.0000,37,15,807.2866,-87.4399,-1.0504,5,0.1250,1.0000,8,8,8,0,0,8,8,0.0000
4,88.0000,37,16,326.7289,-80.5823,0.9666,19,0.4750,0.8571,7,5,1,0,0,5,1,0.8000
4,88.0000,37,19,947.5033,-88.8950,-0.4477,4,0.1000,1.0000,8,6,6,0,0,6,6,0.0000
4,88.0000,37,22,501.7789,-83.7015,-0.7822,29,0.7250,0.8750,8,8,5,0,0,8,5,0.3750
4,88.0000,37,23,501.3005,-83.1870,-0.6259,26,0.6500,0.8571,7,6,3,0,0,6,3,0.5000
4,88.0000,37,24,712.1303,-85.4126,0.0682,12,0.3000,0.8571,7,8,8,0,0,8,8,0.0000
4,88.0000,37,26,456.5814,-83.5790,0.9509,17,0.4250,0.8750,8,7,5,0,0,7,5,0.2857
4,88.0000,37,29,504.9730,-84.6156,-0.2409,13,0.3250,0.8571,7,7,6,0,0,7,6,0.1429
4,88.0000,37,38,412.0278,-80.9610,-1.0489,32,0.8000,0.4000,5,6,4,0,0,6,4,0.3333
4,88.0000,37,41,236.4005,-77.0840,0.0330,37,0.9250,0.0000,4,5,2,0,0,5,2,0.6000
4,88.0000,37,42,758.7561,-87.6438,-0.3493,8,0.2000,1.0000,8,8,8,2,2,10,10,0.0000
4,88.0000,37,43,554.6876,-83.8267,-0.9545,23,0.5750,0.7143,7,6,4,0,0,6,4,0.3333
4,88.0000,37,46,633.3069,-84.4364,-0.1061,12,0.3000,1.0000,8,8,8,0,0,8,8,0.0000
4,88.0000,37,47,343.0216,-80.4879,0.7663,23,0.5750,0.8571,7,7,4,0,0,7,4,0.4286
4,88.0000,38,0,325.9940,-80.6168,-0.1023,19,0.4750,0.8571,7,6,3,0,0,6,3,0.5000
4,88.0000,38,3,845.0323,-87.9671,-0.9134,4,0.1000,0.8750,8,7,6,0,0,7,6,0.1429
4,88.0000,38,6,522.6996,-83.2240,-0.9915,11,0.2750,0.5714,7,8,7,0,0,8,7,0.1250
4,88.0000,38,7,317.2905,-78.5550,-0.8114,29,0.7250,0.2000,5,8,5,0,0,8,5,0.3750
4,88.0000,38,10,589.7285,-85.1882,-2.8843,4,0.1000,1.0000,8,7,6,0,0,7,6,0.1429
4,88.0000,38,16,605.3629,-84.6053,-0.0243,4,0.1000,1.0000,8,7,6,0,0,7,6,0.1429
4,88.0000,38,22,459.2279,-82.6421,0.0127,27,0.6750,0.4000,5,8,6,0,0,8,6,0.2500
4,88.0000,38,23,421.2008,-82.3718,-0.8444,22,0.5500,0.0000,4,6,2,0,0,6,2,0.6667
4,88.0000,38,37,412.0278,-81.0281,-1.0611,18,0.4500,0.8571,7,7,5,10,10,17,15,0.1176
4,88.0000,38,41,263.4603,-77.6602,0.4328,33,0.8250,0.3333,6,4,0,0,0,4,0,1.0000
4,88.0000,38,43,441.8557,-82.0164,-0.6957,15,0.3750,0.7143,7,4,0,9,5,13,5,0.6154
4,88.0000,38,47,417.9761,-83.4405,-2.0864,9,0.2250,0.8571,7,5,2,0,0,5,2,0.6000
4,88.0000,39,2,797.1676,-86.8332,-0.5092,5,0.1250,1.0000,8,8,8,0,0,8,8,0.0000
4,88.0000,39,4,719.3274,-86.4793,-1.8048,3,0.0750,1.0000,8,8,8,0,0,8,8,0.0000
4,88.0000,39,9,167.1742,-74.6071,0.5687,37,0.9250,0.3333,6,4,0,0,0,4,0,1.0000
4,88.0000,39,11,465.5152,-83.7866,0.3291,7,0.1750,1.0000,10,8,7,0,0,8,7,0.1250
4,88.0000,39,13,559.4329,-84.3655,0.2464,8,0.2000,0.7143,7,8,8,0,0,8,8,0.0000
4,88.0000,39,17,577.6676,-85.0611,0.7806,7,0.1750,1.0000,8,6,6,0,0,6,6,0.0000
4,88.0000,39,18,179.8986,-75.7878,0.6738,33,0.8250,0.0000,4,4,0,0,0,4,0,1.0000
4,88.0000,39,19,949.6931,-87.9669,-0.1233,3,0.0750,1.0000,8,8,8,0,0,8,8,0.0000
4,88.0000,39,21,483.2562,-83.1348,-0.3467,17,0.4250,1.0000,8,7,6,0,0,7,6,0.1429
4,88.0000,39,25,183.7051,-77.2211,0.7389,27,0.6750,0.2000,5,4,0,0,0,4,0,1.0000
4,88.0000,39,27,517.0603,-83.0510,-0.7678,10,0.2500,0.8571,7,7,6,0,0,7,6,0.1429
4,88.0000,39,28,443.6419,-82.0824,0.3199,11,0.2750,0.8750,8,6,3,0,0,6,3,0.5000
4,88.0000,39,32,114.1611,-71.7932,0.8237,36,0.9000,0.2000,5,4,0,0,0,4,0,1.0000
4,88.0000,39,34,681.2708,-84.9041,-1.0036,8,0.2000,1.0000,8,7,6,0,0,7,6,0.1429
4,88.0000,39,35,392.3373,-81.8763,0.0153,27,0.6750,0.6667,6,5,2,0,0,5,2,0.6000
4,88.0000,39,36,567.4680,-84.9269,-1.8715,9,0.2250,1.0000,8,6,4,0,0,6,4,0.3333
4,88.0000,39,40,308.3240,-79.9723,-0.1335,21,0.5250,0.8571,7,5,2,0,0,5,2,0.6000
4,88.0000,39,44,626.2076,-86.0733,-1.1725,7,0.1750,1.0000,8,8,8,0,0,8,8,0.0000
4,88.0000,39,45,308.2339,-81.4372,0.9606,29,0.7250,0.5000,6,5,1,0,0,5,1,0.8000
4,88.0000,40,1,765.0467,-87.4754,0.3269,5,0.1250,0.8571,7,4,4,0,0,4,4,0.0000
4,88.0000,40,2,564.1888,-83.3491,-0.7067,19,0.4750,0.8571,7,7,6,0,0,7,6,0.1429
4,88.0000,40,4,607.0670,-85.2269,-0.3860,6,0.1500,1.0000,8,8,8,0,0,8,8,0.0000
4,88.0000,40,5,837.4430,-86.9695,-0.9986,5,0.1250,0.8571,7,4,4,0,0,4,4,0.0000
4,88.0000,40,8,756.5512,-86.7340,0.1075,4,0.1000,1.0000,8,8,8,0,0,8,8,0.0000
4,88.0000,40,9,288.7605,-79.8590,0.6578,29,0.7250,0.0000,5,5,1,0,0,5,1,0.8000
4,88.0000,40,11,436.7399,-83.1893,-0.1633,12,0.3000,0.8571,7,7,6,0,0,7,6,0.1429
4,88.0000,40,13,505.2127,-83.8795,-0.3461,12,0.3000,0.7143,7,8,8,0,0,8,8,0.0000
4,88.0000,40,17,403.7920,-83.2635,0.3106,9,0.2250,0.8571,7,6,4,0,0,6,4,0.3333
4,88.0000,40,18,447.1711,-82.6387,0.7780,17,0.4250,1.0000,8,7,4,0,0,7,4,0.4286
4,88.0000,40,20,725.7900,-85.7357,-0.7638,6,0.1500,1.0000,8,8,6,0,0,8,6,0.2500
4,88.0000,40,21,216.0041,-74.5078,-0.9754,37,0.9250,0.0000,4,5,1,0,0,5,1,0.8000
4,88.0000,40,25,355.7633,-80.6042,0.4805,32,0.8000,0.5714,7,6,4,0,0,6,4,0.3333
4,88.0000,40,27,304.7004,-78.1311,-0.7497,29,0.7250,0.6800,125,6,3,135,113,141,116,0.1773
4,88.0000,40,28,360.7646,-81.6235,0.8131,14,0.3500,1.0000,8,7,6,0,0,7,6,0.1429
4,88.0000,40,30,763.1508,-87.9847,0.3593,6,0.1500,1.0000,8,8,8,0,0,8,8,0.0000
4,88.0000,40,32,303.3760,-80.2446,0.0508,27,0.6750,0.0000,4,5,2,0,0,5,2,0.6000
4,88.0000,40,34,718.0234,-85.6373,-0.9471,5,0.1250,1.0000,8,8,7,0,0,8,7,0.1250
4,88.0000,40,35,570.9424,-84.7119,-0.5366,15,0.3750,0.8571,7,7,4,0,0,7,4,0.4286
4,88.0000,40,36,646.2465,-86.2367,0.0301,3,0.0750,1.0000,8,8,7,0,0,8,7,0.1250
4,88.0000,40,39,308.3240,-79.6856,0.4199,26,0.6500,0.5000,6,6,3,0,0,6,3,0.5000
4,88.0000,40,44,522.1897,-85.3362,0.5208,10,0.2500,0.8571,7,8,8,0,0,8,8,0.0000
4,88.0000,40,45,306.4106,-80.8732,0.6972,32,0.8000,0.5000,6,4,0,0,0,4,0,1.0000
4,88.0000,41,0,187.9710,-78.1188,1.0513,28,0.7000,0.5000,6,5,2,0,0,5,2,0.6000
4,88.0000,41,3,608.7924,-84.5373,-0.1536,17,0.4250,0.3333,6,8,7,0,0,8,7,0.1250
4,88.0000,41,6,353.4921,-79.8677,-0.5008,29,0.7250,0.5000,6,6,4,0,0,6,4,0.3333
4,88.0000,41,7,450.5217,-81.4978,-0.1101,25,0.6250,0.5714,7,4,0,0,0,4,0,1.0000
4,88.0000,41,10,517.8661,-84.2166,0.1117,11,0.2750,0.8571,7,8,8,0,0,8,8,0.0000
4,88.0000,41,12,1002.4231,-87.8772,0.4174,3,0.0750,1.0000,8,8,8,0,0,8,8,0.0000
4,88.0000,41,14,758.9031,-87.4843,0.1242,5,0.1250,1.0000,8,8,8,0,0,8,8,0.0000
4,88.0000,41,15,962.7544,-88.3638,0.1513,5,0.1250,1.0000,8,8,8,0,0,8,8,0.0000
4,88.0000,41,16,468.5281,-85.1247,0.7923,9,0.2250,1.0000,8,6,4,0,0,6,4,0.3333
4,88.0000,41,22,318.6778,-78.6954,-0.7935,38,0.9500,0.1667,6,5,2,0,0,5,2,0.6000
4,88.0000,41,23,291.4791,-78.4120,-0.3117,38,0.9500,0.5000,6,5,1,0,0,5,1,0.8000
4,88.0000,41,24,838.0547,-87.9392,-0.4918,7,0.1750,1.0000,8,8,8,0,0,8,8,0.0000
4,88.0000,41,26,636.6735,-85.4766,-0.9054,7,0.1750,0.8750,8,8,8,0,0,8,8,0.0000
4,88.0000,41,29,682.4357,-85.7014,0.0391,6,0.1500,1.0000,8,8,8,0,0,8,8,0.0000
4,88.0000,41,37,236.4005,-76.8991,0.1570,31,0.7750,0.5000,6,6,4,0,0,6,4,0.3333
4,88.0000,41,38,263.4603,-77.8087,-0.3741,36,0.9000,0.2000,5,4,0,0,0,4,0,1.0000
4,88.0000,41,43,463.4218,-83.0793,0.2045,20,0.5000,0.8571,7,5,2,0,0,5,2,0.6000
4,88.0000,41,46,811.2561,-85.0086,-1.0565,4,0.1000,1.0000,8,8,8,0,0,8,8,0.0000
4,88.0000,41,47,389.3211,-82.2253,0.9632,15,0.3750,0.8750,8,6,3,0,0,6,3,0.5000
4,88.0000,42,0,731.7106,-86.0979,-0.4688,13,0.3250,0.8333,6,6,6,0,0,6,6,0.0000
4,88.0000,42,3,940.5481,-89.1509,-0.1922,4,0.1000,1.0000,2,6,6,0,0,6,6,0.0000
4,88.0000,42,4,490.7747,-83.0366,0.2963,11,0.2750,0.8571,7,8,8,2,2,10,10,0.0000
4,88.0000,42,5,499.4409,-84.0567,0.7430,11,0.2750,0.8889,27,6,3,0,0,6,3,0.5000
4,88.0000,42,6,767.5435,-87.0975,-0.8524,9,0.2250,1.0000,8,8,8,0,0,8,8,0.0000
4,88.0000,42,7,928.6305,-86.3996,0.4950,7,0.1750,1.0000,2,7,6,0,0,7,6,0.1429
4,88.0000,42,8,819.2263,-85.8428,-0.4912,4,0.1000,1.0000,4,6,6,0,0,6,6,0.0000
4,88.0000,42,10,534.2041,-82.8873,-1.0188,19,0.4750,1.0000,8,8,8,0,0,8,8,0.0000
4,88.0000,42,11,919.7855,-88.8656,-0.0616,3,0.0750,1.0000,6,8,8,0,0,8,8,0.0000
4,88.0000,42,12,177.1480,-76.9882,1.2123,25,0.6250,0.3333,6,7,3,0,0,7,3,0.5714
4,88.0000,42,14,359.5431,-81.0978,0.7052,23,0.5750,1.0000,8,7,5,0,0,7,5,0.2857
4,88.0000,42,15,296.9407,-79.1633,0.0921,30,0.7500,1.0000,8,6,1,0,0,6,1,0.8333
4,88.0000,42,16,471.8749,-81.2645,-0.9245,19,0.4750,0.7500,8,5,4,0,0,5,4,0.2000
4,88.0000,42,17,716.1433,-85.7748,-0.0949,5,0.1250,1.0000,6,8,8,0,0,8,8,0.0000
4,88.0000,42,19,310.3937,-80.0989,0.7251,23,0.5750,0.4000,5,6,3,0,0,6,3,0.5000
4,88.0000,42,20,760.0990,-86.9513,1.3812,4,0.1000,0.7143,7,7,6,0,0,7,6,0.1429
4,88.0000,42,24,364.5438,-79.2768,-0.3012,27,0.6750,0.4000,5,6,2,0,0,6,2,0.6667
4,88.0000,42,26,488.0332,-82.6205,0.0446,18,0.4500,1.0000,8,6,3,0,0,6,3,0.5000
4,88.0000,42,29,410.3322,-79.9296,-0.2199,28,0.7000,0.7143,7,7,5,2,2,9,7,0.2222
4,88.0000,42,30,723.9106,-86.0295,-0.0314,8,0.2000,1.0000,8,7,6,0,0,7,6,0.1429
4,88.0000,42,31,336.8441,-80.8163,0.1602,16,0.4000,1.0000,8,6,3,22,14,28,17,0.3929
4,88.0000,42,33,240.3674,-78.4148,0.5212,27,0.6750,0.7500,8,6,3,2,1,8,4,0.5000
4,88.0000,42,34,568.5785,-85.6560,0.8921,8,0.2000,0.8750,8,7,6,0,0,7,6,0.1429
4,88.0000,42,36,692.8559,-86.9871,-0.0095,7,0.1750,1.0000,8,5,4,0,0,5,4,0.2000
4,88.0000,42,37,758.7561,-86.9694,0.1002,9,0.2250,1.0000,8,8,8,0,0,8,8,0.0000
4,88.0000,42,41,881.1833,-88.2636,0.0010,7,0.1750,1.0000,4,4,4,0,0,4,4,0.0000
4,88.0000,42,43,802.3994,-86.9640,0.0023,10,0.2500,1.0000,6,4,4,0,0,4,4,0.0000
4,88.0000,42,44,772.9563,-86.1902,0.5475,3,0.0750,1.0000,8,7,6,0,0,7,6,0.1429
4,88.0000,42,46,261.6622,-77.8658,0.1561,31,0.7750,0.0000,4,6,3,0,0,6,3,0.5000
4,88.0000,42,47,682.2653,-84.0505,-0.1524,13,0.3250,0.8571,7,6,6,0,0,6,6,0.0000
4,88.0000,43,0,337.1617,-77.8836,-0.7476,27,0.6750,0.2000,5,6,4,0,0,6,4,0.3333
4,88.0000,43,6,677.8806,-84.4715,0.0935,15,0.3750,1.0000,8,8,8,0,0,8,8,0.0000
4,88.0000,43,7,362.8619,-80.6560,0.0144,27,0.6750,0.6667,6,5,2,0,0,5,2,0.6000
4,88.0000,43,10,424.4037,-81.8761,-0.1212,14,0.3500,0.6667,6,5,2,9,8,14,10,0.2857
4,88.0000,43,12,919.2977,-88.4949,-0.7434,3,0.0750,1.0000,6,8,8,0,0,8,8,0.0000
4,88.0000,43,14,833.5588,-89.0390,0.2109,3,0.0750,1.0000,8,8,8,0,0,8,8,0.0000
4,88.0000,43,15,841.2861,-86.4411,0.1313,5,0.1250,1.0000,8,8,8,0,0,8,8,0.0000
4,88.0000,43,16,485.0143,-83.1837,-0.3217,14,0.3500,0.7143,7,8,7,0,0,8,7,0.1250
4,88.0000,43,22,705.9163,-85.3669,-0.8236,16,0.4000,1.0000,8,8,7,0,0,8,7,0.1250
4,88.0000,43,23,630.9185,-84.9390,0.0460,14,0.3500,0.8571,7,8,6,0,0,8,6,0.2500
4,88.0000,43,24,655.9500,-85.6364,-0.6261,8,0.2000,1.0000,8,8,8,0,0,8,8,0.0000
4,88.0000,43,26,831.7734,-87.9701,0.2620,3,0.0750,1.0000,8,8,8,0,0,8,8,0.0000
4,88.0000,43,29,657.8965,-85.0698,-0.6963,7,0.1750,1.0000,8,8,8,0,0,8,8,0.0000
4,88.0000,43,37,554.6876,-84.3481,-0.9950,16,0.4000,0.6667,6,8,8,0,0,8,8,0.0000
4,88.0000,43,38,441.8557,-83.3916,-0.5351,22,0.5500,0.6667,6,7,4,0,0,7,4,0.4286
4,88.0000,43,41,463.4218,-83.8190,0.1112,22,0.5500,0.8571,7,7,5,0,0,7,5,0.2857
4,88.0000,43,42,802.3994,-88.1275,0.4155,5,0.1250,1.0000,8,8,8,0,0,8,8,0.0000
4,88.0000,43,46,848.0129,-87.5041,-0.9035,5,0.1250,0.8571,7,6,5,0,0,6,5,0.1667
4,88.0000,43,47,300.6911,-79.1158,0.0244,25,0.6250,0.8333,6,8,5,0,0,8,5,0.3750
4,88.0000,44,1,301.8279,-79.2271,-0.4541,27,0.6750,0.2000,5,6,4,0,0,6,4,0.3333
4,88.0000,44,2,506.6289,-83.0906,0.1507,14,0.3500,0.7143,7,8,7,0,0,8,7,0.1250
4,88.0000,44,4,433.3203,-82.0167,0.9607,9,0.2250,0.8571,7,8,7,0,0,8,7,0.1250
4,88.0000,44,5,366.3169,-78.7450,-1.3571,21,0.5250,0.3333,6,8,8,0,0,8,8,0.0000
4,88.0000,44,8,428.8657,-80.6966,-0.0367,17,0.4250,0.4000,5,7,6,0,0,7,6,0.1429
4,88.0000,44,9,717.1561,-85.9601,1.4181,6,0.1500,1.0000,8,7,6,0,0,7,6,0.1429
4,88.0000,44,11,200.8137,-75.1649,0.2426,32,0.8000,0.2000,5,4,0,0,0,4,0,1.0000
4,88.0000,44,12,666.8666,-84.2132,-0.4097,5,0.1250,1.0000,8,8,7,0,0,8,7,0.1250
4,88.0000,44,13,152.7270,-75.5754,1.1162,31,0.7750,0.0000,3,5,0,0,0,5,0,1.0000
4,88.0000,44,14,846.8089,-86.3600,-2.1358,3,0.0750,1.0000,6,7,6,0,0,7,6,0.1429
4,88.0000,44,17,261.2226,-77.4668,-0.3975,31,0.7750,0.3333,6,6,3,0,0,6,3,0.5000
4,88.0000,44,18,613.5693,-85.2756,0.6846,11,0.2750,0.4000,5,7,5,0,0,7,5,0.2857
4,88.0000,44,19,593.0176,-85.3895,-0.0539,7,0.1750,0.8571,7,7,6,0,0,7,6,0.1429
4,88.0000,44,20,283.6385,-77.4068,-0.3684,31,0.7750,0.6667,6,6,4,0,0,6,4,0.3333
4,88.0000,44,21,523.7174,-83.9351,1.1528,13,0.3250,1.0000,6,7,4,0,0,7,4,0.4286
4,88.0000,44,25,666.3307,-86.3920,-0.2952,8,0.2000,1.0000,8,8,7,0,0,8,7,0.1250
4,88.0000,44,26,968.5070,-86.2309,-0.2856,3,0.0750,1.0000,4,8,8,0,0,8,8,0.0000
4,88.0000,44,27,324.5366,-81.2988,0.3999,20,0.5000,0.4000,5,6,3,0,0,6,3,0.5000
4,88.0000,44,28,190.0125,-74.1230,-0.0307,32,0.8000,0.0000,4,4,0,0,0,4,0,1.0000
4,88.0000,44,30,323.4511,-80.3177,0.1287,23,0.5750,0.7143,7,7,5,0,0,7,5,0.2857
4,88.0000,44,31,481.6137,-80.4071,-1.5939,11,0.2750,0.7500,8,8,6,0,0,8,6,0.2500
4,88.0000,44,32,705.2466,-86.9005,-0.5402,6,0.1500,1.0000,8,8,7,0,0,8,7,0.1250
4,88.0000,44,33,547.2277,-83.1073,0.7239,7,0.1750,0.8571,7,8,8,0,0,8,8,0.0000
4,88.0000,44,34,563.7333,-83.4938,0.4288,10,0.2500,0.7143,7,8,8,0,0,8,8,0.0000
4,88.0000,44,35,839.9238,-87.6528,0.5982,5,0.1250,,0,6,5,0,0,6,5,0.1667
4,88.0000,44,36,493.4133,-82.9980,-0.4528,11,0.2750,1.0000,8,8,8,0,0,8,8,0.0000
4,88.0000,44,39,626.2076,-84.5444,-1.0587,12,0.3000,0.7143,7,8,7,0,0,8,7,0.1250
4,88.0000,44,40,522.1897,-84.4795,-0.2358,13,0.3250,0.5000,6,7,5,0,0,7,5,0.2857
4,88.0000,44,42,772.9563,-87.3295,1.9533,3,0.0750,1.0000,8,8,7,0,0,8,7,0.1250
4,88.0000,44,45,782.2892,-86.4309,-1.3936,7,0.1750,1.0000,6,6,6,0,0,6,6,0.0000
4,88.0000,45,1,1011.6067,-88.5215,0.6608,3,0.0750,1.0000,8,4,4,0,0,4,4,0.0000
4,88.0000,45,2,749.6840,-86.1354,-0.4449,6,0.1500,1.0000,8,8,8,0,0,8,8,0.0000
4,88.0000,45,9,255.5490,-80.5223,1.3118,24,0.6000,0.4000,5,4,0,0,0,4,0,1.0000
4,88.0000,45,11,643.4198,-85.2278,1.1719,6,0.1500,1.0000,8,7,6,0,0,7,6,0.1429
4,88.0000,45,13,719.8282,-87.9941,-0.0879,4,0.1000,1.0000,8,8,8,0,0,8,8,0.0000
4,88.0000,45,17,705.5501,-86.6683,1.0348,4,0.1000,0.8750,8,7,5,0,0,7,5,0.2857
4,88.0000,45,18,485.3472,-84.5209,0.1610,15,0.3750,0.6667,9,6,4,0,0,6,4,0.3333
4,88.0000,45,21,395.4807,-81.5184,0.3195,24,0.6000,0.8571,7,8,6,0,0,8,6,0.2500
4,88.0000,45,25,257.8618,-77.8942,-0.0366,32,0.8000,0.2000,5,5,1,0,0,5,1,0.8000
4,88.0000,45,27,542.7230,-83.2572,0.4126,10,0.2500,1.0000,8,8,8,0,0,8,8,0.0000
4,88.0000,45,28,598.4737,-86.0762,0.5770,6,0.1500,1.0000,8,8,8,0,0,8,8,0.0000
4,88.0000,45,32,206.9169,-78.8102,1.3199,29,0.7250,0.2500,4,4,0,0,0,4,0,1.0000
4,88.0000,45,35,390.0315,-81.8171,-0.1591,27,0.6750,0.5000,6,5,2,0,0,5,2,0.6000
4,88.0000,45,39,308.2339,-80.9789,0.8415,24,0.6000,0.8571,7,5,2,0,0,5,2,0.6000
4,88.0000,45,40,306.4106,-79.7100,0.3359,26,0.6500,0.6667,6,6,2,0,0,6,2,0.6667
4,88.0000,46,0,682.5381,-84.4889,0.0487,12,0.3000,0.8571,7,8,7,0,0,8,7,0.1250
4,88.0000,46,1,791.6143,-86.3051,-0.4268,3,0.0750,0.8571,7,8,8,0,0,8,8,0.0000
4,88.0000,46,4,633.1787,-85.8426,1.6698,4,0.1000,1.0000,8,8,8,0,0,8,8,0.0000
4,88.0000,46,5,446.7400,-83.2606,1.2966,11,0.2750,0.7143,7,5,2,0,0,5,2,0.6000
4,88.0000,46,6,601.7090,-84.8164,0.8478,14,0.3500,0.6667,6,8,8,0,0,8,8,0.0000
4,88.0000,46,7,877.5309,-86.9904,0.2640,6,0.1500,1.0000,6,2,2,0,0,2,2,0.0000
4,88.0000,46,8,819.1823,-86.8890,0.9562,7,0.1750,1.0000,8,8,8,0,0,8,8,0.0000
4,88.0000,46,10,490.7011,-81.2460,-0.9761,17,0.4250,0.5714,7,8,8,0,0,8,8,0.0000
4,88.0000,46,12,271.4779,-79.7279,1.0169,23,0.5750,0.6667,6,6,2,0,0,6,2,0.6667
4,88.0000,46,13,890.4784,-87.5292,0.3502,3,0.0750,,0,2,2,0,0,2,2,0.0000
4,88.0000,46,14,108.8972,-68.6690,-0.2533,34,0.8500,0.2000,5,4,0,0,0,4,0,1.0000
4,88.0000,46,15,327.5357,-80.5602,0.3222,22,0.5500,0.6667,6,4,0,0,0,4,0,1.0000
4,88.0000,46,16,397.6717,-80.5521,-0.3758,24,0.6000,0.7500,8,8,8,0,0,8,8,0.0000
4,88.0000,46,17,803.8125,-87.0071,0.9018,5,0.1250,,0,5,4,0,0,5,4,0.2000
4,88.0000,46,19,347.8279,-82.7108,1.2445,14,0.3500,0.8571,7,6,3,0,0,6,3,0.5000
4,88.0000,46,20,726.5480,-86.1490,1.0378,5,0.1250,0.8750,8,5,4,0,0,5,4,0.2000
4,88.0000,46,22,1044.8035,-87.4299,0.5984,5,0.1250,1.0000,2,4,3,0,0,4,3,0.2500
4,88.0000,46,24,416.9159,-81.1252,-0.2630,22,0.5500,0.7143,7,7,5,0,0,7,5,0.2857
4,88.0000,46,26,298.7569,-77.6946,-0.2731,30,0.7500,0.2000,5,7,6,0,0,7,6,0.1429
4,88.0000,46,29,293.7817,-77.4673,-0.1413,30,0.7500,0.0000,4,7,5,0,0,7,5,0.2857
4,88.0000,46,30,689.5183,-86.2719,-0.0334,7,0.1750,1.0000,8,8,8,0,0,8,8,0.0000
4,88.0000,46,31,391.8525,-82.5709,-0.0832,13,0.3250,0.8571,7,7,6,0,0,7,6,0.1429
4,88.0000,46,33,374.1217,-81.5358,0.7775,16,0.4000,0.8571,7,8,6,0,0,8,6,0.2500
4,88.0000,46,34,673.1287,-87.7570,0.7468,5,0.1250,0.5000,2,8,8,0,0,8,8,0.0000
4,88.0000,46,36,755.5848,-86.5167,-1.9402,3,0.0750,1.0000,8,5,3,0,0,5,3,0.4000
4,88.0000,46,37,633.3069,-84.7541,0.6594,17,0.4250,0.8571,7,8,8,0,0,8,8,0.0000
4,88.0000,46,38,990.1979,-87.5280,0.7750,5,0.1250,1.0000,4,8,8,0,0,8,8,0.0000
4,88.0000,46,41,811.2561,-86.8062,0.3889,8,0.2000,1.0000,8,8,8,0,0,8,8,0.0000
4,88.0000,46,42,261.6622,-78.5754,0.2048,28,0.7000,0.4000,5,5,1,0,0,5,1,0.8000
4,88.0000,46,43,848.0129,-85.6378,0.0995,10,0.2500,1.0000,8,6,6,0,0,6,6,0.0000
4,88.0000,46,44,773.5501,-87.1296,0.9253,7,0.1750,1.0000,8,7,6,0,0,7,6,0.1429
4,88.0000,46,47,643.6736,-84.7645,-0.2875,15,0.3750,0.8571,7,6,6,0,0,6,6,0.0000
4,88.0000,47,0,215.9454,-76.1960,-0.0719,34,0.8718,0.2000,5,4,0,0,0,4,0,1.0000
4,88.0000,47,3,850.3035,-85.8069,0.6109,6,0.1538,1.0000,6,6,6,0,0,6,6,0.0000
4,88.0000,47,6,440.0573,-82.4705,-0.4669,21,0.5385,0.8571,7,5,2,0,0,5,2,0.6000
4,88.0000,47,7,252.0036,-78.3293,0.7660,36,0.9231,0.0000,4,5,1,0,0,5,1,0.8000
4,88.0000,47,10,179.0310,-74.2858,0.3025,30,0.7692,0.4000,5,4,0,0,0,4,0,1.0000
4,88.0000,47,12,767.3548,-87.2787,-0.2873,3,0.0769,1.0000,8,8,8,0,0,8,8,0.0000
4,88.0000,47,14,600.8146,-84.2288,-0.1793,6,0.1538,1.0000,8,8,8,0,0,8,8,0.0000
4,88.0000,47,15,669.6695,-84.7757,-0.4844,5,0.1282,0.8571,7,8,8,0,0,8,8,0.0000
4,88.0000,47,16,251.2696,-77.2589,-0.5836,30,0.7692,0.2000,5,5,1,0,0,5,1,0.8000
4,88.0000,47,22,703.7567,-86.3621,-0.1117,9,0.2308,0.8750,8,5,4,0,0,5,4,0.2000
4,88.0000,47,23,659.6448,-85.5142,0.2734,10,0.2564,0.8750,8,7,4,0,0,7,4,0.4286
4,88.0000,47,24,505.5070,-82.2186,-1.0075,10,0.2564,0.5000,6,8,8,0,0,8,8,0.0000
4,88.0000,47,26,621.4237,-85.1561,0.4230,4,0.1026,0.4000,5,7,6,0,0,7,6,0.1429
4,88.0000,47,29,412.6320,-82.2489,-0.7064,16,0.4103,0.5000,6,8,8,0,0,8,8,0.0000
4,88.0000,47,37,343.0216,-80.4970,-0.3894,26,0.6667,0.4000,5,6,3,0,0,6,3,0.5000
4,88.0000,47,38,417.9761,-82.7102,0.4602,28,0.7179,0.5000,6,6,3,0,0,6,3,0.5000
4,88.0000,47,41,389.3211,-83.8901,0.4825,24,0.6154,0.7143,7,5,1,0,0,5,1,0.8000
4,88.0000,47,42,682.2653,-83.3991,-0.3452,4,0.1026,0.8750,8,8,8,0,0,8,8,0.0000
4,88.0000,47,43,300.6911,-79.7033,-0.4887,30,0.7692,0.5714,7,6,3,0,0,6,3,0.5000
4,88.0000,47,46,643.6736,-84.5313,0.1892,4,0.1026,0.8571,7,8,8,0,0,8,8,0.0000
4,92.0000,0,3,551.8605,-85.7536,0.9980,16,0.4000,0.7143,7,7,5,0,0,7,5,0.2857
4,92.0000,0,6,354.9849,-80.8102,-0.0349,29,0.7250,0.0000,4,6,3,0,0,6,3,0.5000
4,92.0000,0,7,469.5402,-83.2416,-0.3612,28,0.7000,0.4000,5,7,6,0,0,7,6,0.1429
4,92.0000,0,10,417.8818,-81.1055,-0.1560,26,0.6500,0.7500,16,7,6,0,0,7,6,0.1429
4,92.0000,0,12,791.9711,-88.2869,-0.2732,4,0.1000,1.0000,8,8,8,0,0,8,8,0.0000
4,92.0000,0,14,664.6980,-86.4750,-0.7906,6,0.1500,1.0000,10,6,6,0,0,6,6,0.0000
4,92.0000,0,15,874.1661,-89.1778,0.2763,4,0.1000,1.0000,8,8,8,0,0,8,8,0.0000
4,92.0000,0,16,212.5257,-78.1253,1.2079,29,0.7250,0.3333,6,6,3,0,0,6,3,0.5000
4,92.0000,0,22,405.5017,-81.9169,0.4594,24,0.6000,0.5000,6,5,1,0,0,5,1,0.8000
4,92.0000,0,23,345.2671,-81.1572,0.8155,30,0.7500,0.4000,5,6,3,0,0,6,3,0.5000
4,92.0000,0,24,736.9603,-86.5760,0.5203,9,0.2250,1.0000,8,8,8,0,0,8,8,0.0000
4,92.0000,0,26,406.2062,-83.7032,0.1701,18,0.4500,0.8889,9,5,2,0,0,5,2,0.6000
4,92.0000,0,29,480.1508,-82.5974,-0.2136,15,0.3750,0.7500,8,7,6,0,0,7,6,0.1429
4,92.0000,0,37,227.5480,-77.2012,-0.1734,33,0.8250,0.2000,5,5,1,0,0,5,1,0.8000
4,92.0000,0,38,306.0720,-79.5274,0.1914,34,0.8500,0.3333,6,5,1,0,0,5,1,0.8000
4,92.0000,0,41,137.2240,-72.7039,0.3551,36,0.9000,0.0000,5,4,0,0,0,4,0,1.0000
4,92.0000,0,42,790.5887,-86.5807,1.2012,5,0.1250,1.0000,8,8,8,0,0,8,8,0.0000
4,92.0000,0,43,354.9865,-80.6529,-0.9748,31,0.7750,0.0000,4,4,0,0,0,4,0,1.0000
4,92.0000,0,46,768.4450,-86.4154,0.2720,6,0.1500,0.8571,7,8,8,0,0,8,8,0.0000
4,92.0000,0,47,270.6759,-76.9572,-0.3990,38,0.9500,0.2000,5,6,3,0,0,6,3,0.5000
4,92.0000,1,2,548.7395,-83.2750,-0.0022,14,0.3500,1.0000,8,8,7,0,0,8,7,0.1250
4,92.0000,1,4,628.3024,-85.4608,0.5030,5,0.1250,1.0000,8,8,8,0,0,8,8,0.0000
4,92.0000,1,5,341.9912,-80.6784,0.1743,18,0.4500,1.0000,8,7,6,0,0,7,6,0.1429
4,92.0000,1,8,313.3365,-78.4089,0.2672,27,0.6750,0.7143,7,6,4,0,0,6,4,0.3333
4,92.0000,1,11,576.6290,-83.5872,0.1638,10,0.2500,0.8750,8,8,8,0,0,8,8,0.0000
4,92.0000,1,12,865.8291,-87.4544,1.2822,3,0.0750,1.0000,10,8,8,0,0,8,8,0.0000
4,92.0000,1,13,443.0107,-81.5967,-0.6670,15,0.3750,1.0000,8,6,4,0,0,6,4,0.3333
4,92.0000,1,14,819.0883,-87.2546,-0.2041,4,0.1000,1.0000,6,8,8,0,0,8,8,0.0000
4,92.0000,1,17,605.8893,-86.3853,-1.3007,5,0.1250,0.8571,7,7,6,0,0,7,6,0.1429
4,92.0000,1,19,662.8281,-84.3661,0.4833,5,0.1250,1.0000,8,8,8,0,0,8,8,0.0000
4,92.0000,1,20,126.2871,-71.6789,0.5072,34,0.8500,0.2000,5,4,0,0,0,4,0,1.0000
4,92.0000,1,21,678.1372,-85.1441,0.8026,7,0.1750,1.0000,8,9,9,0,0,9,9,0.0000
4,92.0000,1,27,491.9706,-83.1532,-0.1161,11,0.2750,0.6250,8,6,6,0,0,6,6,0.0000
4,92.0000,1,28,562.3462,-84.4671,0.2173,8,0.2000,1.0000,8,6,4,0,0,6,4,0.3333
4,92.0000,1,30,180.4140,-74.2886,0.0416,32,0.8000,0.3333,6,4,0,0,0,4,0,1.0000
4,92.0000,1,31,706.9457,-86.3393,0.2670,4,0.1000,0.8750,8,8,8,0,0,8,8,0.0000
4,92.0000,1,33,606.3807,-84.6709,-0.3764,4,0.1000,1.0000,8,8,8,0,0,8,8,0.0000
4,92.0000,1,39,1014.1550,-88.6060,0.1011,3,0.0750,1.0000,8,4,4,0,0,4,4,0.0000
4,92.0000,1,40,827.3555,-86.3837,1.0444,3,0.0750,1.0000,8,8,8,0,0,8,8,0.0000
4,92.0000,1,42,807.7893,-88.5198,-0.0911,4,0.1000,1.0000,10,8,8,0,0,8,8,0.0000
4,92.0000,1,44,362.2877,-79.8058,-0.3697,18,0.4500,1.0000,8,7,6,0,0,7,6,0.1429
4,92.0000,1,45,1001.9167,-86.9477,-0.5383,3,0.0750,1.0000,4,6,6,0,0,6,6,0.0000
4,92.0000,1,46,699.2945,-86.2252,0.3298,4,0.1000,1.0000,8,8,8,0,0,8,8,0.0000
4,92.0000,2,1,548.7395,-82.7457,-0.0158,11,0.2750,0.8571,7,7,6,0,0,7,6,0.1429
4,92.0000,2,5,824.3944,-86.1322,0.4636,3,0.0750,1.0000,8,8,8,0,0,8,8,0.0000
4,92.0000,2,8,484.7911,-82.3990,0.2843,18,0.4500,1.0000,8,7,5,0,0,7,5,0.2857
4,92.0000,2,11,643.3103,-83.8174,-0.6927,7,0.1750,0.8750,8,8,8,0,0,8,8,0.0000
4,92.0000,2,13,625.3036,-84.3489,0.1158,8,0.2000,0.8571,7,8,7,0,0,8,7,0.1250
4,92.0000,2,17,670.4508,-83.3614,-0.0805,5,0.1250,1.0000,8,8,8,0,0,8,8,0.0000
4,92.0000,2,20,503.6953,-84.7646,0.7170,10,0.2500,0.8571,7,8,7,0,0,8,7,0.1250
4,92.0000,2,21,402.5479,-80.6092,-0.2737,16,0.4000,0.6667,6,7,5,0,0,7,5,0.2857
4,92.0000,2,25,811.9284,-86.5622,2.5443,3,0.0750,1.0000,8,8,8,0,0,8,8,0.0000
4,92.0000,2,27,407.9402,-79.7814,-1.3620,17,0.4250,1.0000,8,8,8,0,0,8,8,0.0000
4,92.0000,2,28,547.0090,-84.4599,-0.3890,8,0.2000,1.0000,8,8,7,0,0,8,7,0.1250
4,92.0000,2,30,486.3033,-83.0784,-0.1516,11,0.2750,0.8571,7,7,4,0,0,7,4,0.4286
4,92.0000,2,32,824.4159,-86.5922,-0.8064,6,0.1500,1.0000,8,7,6,0,0,7,6,0.1429
4,92.0000,2,35,830.7637,-86.5022,-0.5758,5,0.1250,0.8571,7,8,8,0,0,8,8,0.0000
4,92.0000,2,39,890.5164,-88.8138,-0.2276,3,0.0750,1.0000,8,8,8,0,0,8,8,0.0000
4,92.0000,2,40,705.0710,-84.4493,0.0414,7,0.1750,1.0000,8,8,8,0,0,8,8,0.0000
4,92.0000,2,44,497.3893,-83.8908,0.3311,9,0.2250,0.8750,8,6,3,0,0,6,3,0.5000
4,92.0000,2,45,773.0425,-86.3927,-0.1471,8,0.2000,1.0000,8,8,8,0,0,8,8,0.0000
4,92.0000,3,0,551.8605,-85.3322,-0.4164,10,0.2500,1.0000,8,7,6,0,0,7,6,0.1429
4,92.0000,3,6,348.6771,-81.1078,0.3514,17,0.4250,0.6000,5,5,2,0,0,5,2,0.6000
4,92.0000,3,16,604.7176,-85.7572,0.9552,6,0.1500,1.0000,8,8,8,0,0,8,8,0.0000
4,92.0000,3,22,534.4450,-84.2744,-0.5709,20,0.5000,1.0000,8,7,6,0,0,7,6,0.1429
4,92.0000,3,23,641.7447,-85.2954,-0.8436,14,0.3500,0.9000,10,7,6,0,0,7,6,0.1429
4,92.0000,3,26,423.0210,-81.7130,-0.4270,8,0.2000,0.8750,8,7,4,0,0,7,4,0.4286
4,92.0000,3,37,397.0277,-82.1832,0.1580,14,0.3500,1.0000,8,7,6,0,0,7,6,0.1429
4,92.0000,3,38,791.0947,-86.4890,0.1936,5,0.1250,1.0000,8,8,7,0,0,8,7,0.1250
4,92.0000,3,41,634.5567,-85.8457,-0.7145,9,0.2250,1.0000,8,8,8,0,0,8,8,0.0000
4,92.0000,3,47,800.6026,-87.7065,-0.9235,4,0.1000,1.0000,8,8,8,0,0,8,8,0.0000
4,92.0000,4,1,628.3024,-84.6156,0.1788,8,0.2051,1.0000,8,8,7,0,0,8,7,0.1250
4,92.0000,4,2,810.6892,-86.5700,-0.5660,6,0.1538,0.6667,3,6,6,0,0,6,6,0.0000
4,92.0000,4,5,507.4727,-82.6978,-0.8034,15,0.3846,0.7143,7,10,9,0,0,10,9,0.1000
4,92.0000,4,8,663.0262,-85.1673,-0.8207,14,0.3590,0.8571,7,8,7,0,0,8,7,0.1250
4,92.0000,4,9,777.3210,-86.3096,-0.8841,7,0.1795,0.8571,7,8,8,0,0,8,8,0.0000
4,92.0000,4,10,1143.0387,-88.8562,-0.2903,3,0.0769,1.0000,8,4,4,0,0,4,4,0.0000
4,92.0000,4,11,503.5815,-84.8414,-0.3342,12,0.3077,0.8750,8,8,8,0,0,8,8,0.0000
4,92.0000,4,12,536.1705,-83.6503,0.4426,15,0.3846,1.0000,8,7,4,0,0,7,4,0.4286
4,92.0000,4,13,454.1959,-83.2181,0.5404,16,0.4103,0.6667,6,8,8,0,0,8,8,0.0000
4,92.0000,4,14,706.6616,-84.8269,0.3004,8,0.2051,0.8571,7,8,8,0,0,8,8,0.0000
4,92.0000,4,15,561.3468,-85.3645,0.4261,10,0.2564,1.0000,8,8,8,0,0,8,8,0.0000
4,92.0000,4,17,202.0185,-76.5970,0.5732,27,0.6923,0.7143,7,6,1,0,0,6,1,0.8333
4,92.0000,4,18,731.2706,-85.4934,0.6828,9,0.2308,1.0000,8,2,2,0,0,2,2,0.0000
4,92.0000,4,19,415.8701,-81.9736,-0.0114,17,0.4359,0.8571,7,7,5,0,0,7,5,0.2857
4,92.0000,4,20,558.2943,-85.1458,-1.2225,11,0.2821,1.0000,8,8,7,0,0,8,7,0.1250
4,92.0000,4,21,583.5469,-85.6140,-0.2203,13,0.3333,0.6667,6,6,4,0,0,6,4,0.3333
4,92.0000,4,24,736.9367,-87.1070,-0.2242,6,0.1538,1.0000,8,8,7,0,0,8,7,0.1250
4,92.0000,4,25,740.3795,-86.1614,-0.1391,6,0.1538,0.8571,7,7,6,0,0,7,6,0.1429
4,92.0000,4,26,943.6307,-88.8393,0.0356,3,0.0769,1.0000,8,6,6,0,0,6,6,0.0000
4,92.0000,4,27,453.1997,-83.6874,0.8007,12,0.3077,0.8000,5,7,6,0,0,7,6,0.1429
4,92.0000,4,28,498.0834,-83.4834,0.5355,13,0.3333,0.8750,8,7,5,0,0,7,5,0.2857
4,92.0000,4,29,952.0776,-87.2661,-0.4563,6,0.1538,1.0000,8,2,2,0,0,2,2,0.0000
4,92.0000,4,30,484.1575,-82.8256,0.4365,13,0.3333,0.4000,5,6,3,0,0,6,3,0.5000
4,92.0000,4,31,339.1069,-79.6706,-0.2927,21,0.5385,0.8750,8,8,7,0,0,8,7,0.1250
4,92.0000,4,32,824.8670,-86.4002,0.7164,10,0.2564,1.0000,8,8,8,0,0,8,8,0.0000
4,92.0000,4,33,281.7298,-77.6345,0.1639,26,0.6667,0.5000,6,6,3,0,0,6,3,0.5000
4,92.0000,4,34,398.8905,-81.1355,0.0097,20,0.5128,0.6667,6,8,6,0,0,8,6,0.2500
4,92.0000,4,35,1020.1919,-87.9539,-0.3369,3,0.0769,1.0000,6,2,2,0,0,2,2,0.0000
4,92.0000,4,36,479.9992,-82.1679,-0.4352,21,0.5385,0.6667,6,6,4,0,0,6,4,0.3333
4,92.0000,4,39,756.5908,-87.3543,1.2136,7,0.1795,1.0000,4,6,6,0,0,6,6,0.0000
4,92.0000,4,40,492.6980,-84.7893,1.0787,12,0.3077,1.0000,8,7,6,0,0,7,6,0.1429
4,92.0000,4,42,471.1277,-83.1877,0.4936,16,0.4103,0.7500,8,8,8,0,0,8,8,0.0000
4,92.0000,4,44,445.3276,-83.0715,0.8897,16,0.4103,0.7143,7,7,6,0,0,7,6,0.1429
4,92.0000,4,45,753.2335,-88.2803,0.1784,6,0.1538,1.0000,6,8,8,0,0,8,8,0.0000
4,92.0000,4,46,559.5769,-84.7339,-0.7094,10,0.2564,0.8750,8,6,3,0,0,6,3,0.5000
4,92.0000,5,1,341.9912,-80.8204,-0.3734,21,0.5250,0.8571,7,7,5,0,0,7,5,0.2857
4,92.0000,5,2,824.3944,-86.2566,0.6284,3,0.0750,1.0000,6,4,4,0,0,4,4,0.0000
4,92.0000,5,4,507.4727,-82.4454,1.1532,5,0.1250,0.8571,7,7,5,0,0,7,5,0.2857
4,92.0000,5,8,456.3443,-82.0177,-0.9777,18,0.4500,0.7143,7,7,6,0,0,7,6,0.1429
4,92.0000,5,11,692.2040,-85.6779,-0.3019,5,0.1250,1.0000,6,8,8,0,0,8,8,0.0000
4,92.0000,5,12,559.5924,-84.9036,0.3796,6,0.1500,0.0000,4,8,8,0,0,8,8,0.0000
4,92.0000,5,13,548.9804,-84.3373,0.5015,6,0.1500,1.0000,10,7,6,0,0,7,6,0.1429
4,92.0000,5,14,499.6016,-83.3854,-0.2180,8,0.2000,0.7143,7,8,7,0,0,8,7,0.1250
4,92.0000,5,15,593.8791,-85.3341,0.1704,8,0.2000,0.8571,7,8,8,0,0,8,8,0.0000
4,92.0000,5,16,883.8748,-87.5235,-1.0580,4,0.1000,1.0000,8,8,8,0,0,8,8,0.0000
4,92.0000,5,17,598.8858,-83.0842,-0.9983,6,0.1500,0.8571,7,8,8,0,0,8,8,0.0000
4,92.0000,5,19,398.9148,-81.3432,-0.2079,11,0.2750,0.7143,7,8,8,0,0,8,8,0.0000
4,92.0000,5,20,329.2955,-79.4869,-0.0342,21,0.5250,0.5714,7,8,7,0,0,8,7,0.1250
4,92.0000,5,21,839.4230,-86.2124,-2.2933,3,0.0750,0.8750,8,8,8,0,0,8,8,0.0000
4,92.0000,5,24,757.7856,-87.3789,0.2179,5,0.1250,1.0000,8,8,8,0,0,8,8,0.0000
4,92.0000,5,26,631.1089,-84.7061,-1.6020,5,0.1250,1.0000,6,8,8,0,0,8,8,0.0000
4,92.0000,5,27,643.6750,-85.2490,-1.3880,7,0.1750,1.0000,8,8,8,0,0,8,8,0.0000
4,92.0000,5,28,703.8032,-87.4206,-1.6532,4,0.1000,0.8750,8,6,6,0,0,6,6,0.0000
4,92.0000,5,29,792.4626,-86.5300,-0.4697,3,0.0750,0.8750,8,8,7,0,0,8,7,0.1250
4,92.0000,5,30,340.0699,-78.6670,-0.0731,24,0.6000,0.7143,7,8,8,0,0,8,8,0.0000
4,92.0000,5,31,469.6365,-81.1968,-1.4176,9,0.2250,0.8333,6,8,8,0,0,8,8,0.0000
4,92.0000,5,33,342.0274,-79.6486,-0.0745,19,0.4750,0.6667,6,7,6,0,0,7,6,0.1429
4,92.0000,5,34,675.8347,-86.3837,-2.2569,5,0.1250,1.0000,8,8,8,0,0,8,8,0.0000
4,92.0000,5,36,777.1786,-85.6568,-0.3561,4,0.1000,0.5000,6,8,8,0,0,8,8,0.0000
4,92.0000,5,37,918.0682,-87.2668,0.0143,4,0.1000,1.0000,2,4,4,0,0,4,4,0.0000
4,92.0000,5,40,894.3589,-87.2410,0.2091,3,0.0750,1.0000,6,6,6,0,0,6,6,0.0000
4,92.0000,5,42,494.8172,-83.2687,-0.3035,8,0.2000,1.0000,8,6,4,0,0,6,4,0.3333
4,92.0000,5,44,515.7458,-82.7815,-2.0536,7,0.1750,0.8571,7,7,6,0,0,7,6,0.1429
4,92.0000,5,46,376.7799,-81.7816,-1.3030,8,0.2000,0.4000,5,8,7,0,0,8,7,0.1250
4,92.0000,6,0,354.9849,-80.8555,0.1402,29,0.7250,0.7778,9,5,3,0,0,5,3,0.4000
4,92.0000,6,3,348.6771,-81.2369,0.6737,29,0.7250,0.6667,6,7,5,0,0,7,5,0.2857
4,92.0000,6,7,688.1785,-85.4904,0.3983,14,0.3500,0.7500,8,8,8,0,0,8,8,0.0000
4,92.0000,6,10,610.6732,-83.5702,-1.0870,16,0.4000,0.7143,7,8,6,0,0,8,6,0.2500
4,92.0000,6,12,817.7080,-86.4915,-0.8953,4,0.1000,0.8571,7,8,8,0,0,8,8,0.0000
4,92.0000,6,14,590.3884,-85.2260,0.4640,11,0.2750,1.0000,8,8,7,0,0,8,7,0.1250
4,92.0000,6,16,351.1247,-81.1453,0.2655,25,0.6250,0.5714,7,6,3,0,0,6,3,0.5000
4,92.0000,6,22,548.7449,-84.4583,-0.0725,20,0.5000,0.7143,7,8,7,0,0,8,7,0.1250
4,92.0000,6,23,592.3239,-84.8361,0.8988,17,0.4250,0.8571,7,8,8,0,0,8,8,0.0000
4,92.0000,6,24,807.7132,-87.6878,-0.1257,5,0.1250,0.8571,7,10,10,0,0,10,10,0.0000
4,92.0000,6,26,291.9189,-80.2271,0.6574,20,0.5000,0.4000,5,7,5,0,0,7,5,0.2857
4,92.0000,6,29,511.4360,-83.5160,0.1725,14,0.3500,0.7143,7,7,6,0,0,7,6,0.1429
4,92.0000,6,31,995.9719,-89.0090,0.9173,3,0.0750,1.0000,8,8,8,0,0,8,8,0.0000
4,92.0000,6,33,949.7808,-88.4614,-4.3439,3,0.0750,1.0000,4,8,8,0,0,8,8,0.0000
4,92.0000,6,37,127.4639,-71.0953,-0.0452,32,0.8000,0.0000,4,5,1,0,0,5,1,0.8000
4,92.0000,6,38,558.7865,-84.4891,0.4867,22,0.5500,0.8889,9,7,6,0,0,7,6,0.1429
4,92.0000,6,41,446.2581,-81.8104,-0.2934,30,0.7500,0.4000,5,7,5,0,0,7,5,0.2857
4,92.0000,6,42,822.6908,-85.7492,-1.1247,6,0.1500,1.0000,8,8,8,0,0,8,8,0.0000
4,92.0000,6,43,700.7361,-86.1551,0.4519,15,0.3750,0.8571,7,8,8,0,0,8,8,0.0000
4,92.0000,6,46,699.6136,-86.9589,-0.1454,6,0.1500,0.8571,7,8,8,0,0,8,8,0.0000
4,92.0000,6,47,526.5510,-83.6840,0.2592,20,0.5000,0.4000,5,6,4,0,0,6,4,0.3333
4,92.0000,7,0,469.5402,-82.3274,-0.9551,17,0.4250,0.8750,8,7,5,0,0,7,5,0.2857
4,92.0000,7,6,688.1785,-85.8623,-0.2628,9,0.2250,1.0000,8,8,6,0,0,8,6,0.2500
4,92.0000,7,10,280.0800,-80.6128,0.3909,17,0.4250,0.8571,7,5,2,0,0,5,2,0.6000
4,92.0000,7,16,444.7007,-83.9709,0.4093,14,0.3500,0.8750,8,6,2,0,0,6,2,0.6667
4,92.0000,7,22,790.4996,-87.0805,0.0163,9,0.2250,1.0000,8,8,7,0,0,8,7,0.1250
4,92.0000,7,23,680.0659,-85.3089,-0.1517,12,0.3000,1.0000,8,7,5,0,0,7,5,0.2857
4,92.0000,7,24,726.0514,-85.7942,-0.5741,5,0.1250,1.0000,8,8,8,0,0,8,8,0.0000
4,92.0000,7,26,737.5526,-87.0139,-0.5908,4,0.1000,0.8750,8,8,8,0,0,8,8,0.0000
4,92.0000,7,29,518.2805,-85.2863,-0.1407,7,0.1750,0.8750,8,6,4,0,0,6,4,0.3333
4,92.0000,7,37,595.4000,-84.3562,-0.6739,9,0.2250,0.8750,8,8,8,0,0,8,8,0.0000
4,92.0000,7,38,342.0149,-81.0798,-0.6103,28,0.7000,0.5000,6,6,3,0,0,6,3,0.5000
4,92.0000,7,41,439.7098,-82.6502,0.2850,19,0.4750,0.8750,8,5,2,0,0,5,2,0.6000
4,92.0000,7,43,358.3695,-80.4385,0.1234,24,0.6000,0.7143,7,7,4,0,0,7,4,0.4286
4,92.0000,7,47,201.1424,-75.7312,0.5499,27,0.6750,0.0000,4,4,0,0,0,4,0,1.0000
4,92.0000,8,1,313.3365,-79.2343,0.0286,24,0.6000,0.5000,6,5,2,0,0,5,2,0.6000
4,92.0000,8,2,484.7911,-82.5786,0.0089,17,0.4250,0.6667,6,8,8,0,0,8,8,0.0000
4,92.0000,8,4,663.0262,-85.5220,1.0103,4,0.1000,0.8571,7,8,8,0,0,8,8,0.0000
4,92.0000,8,5,456.3443,-82.4385,0.6515,11,0.2750,0.8571,7,8,8,0,0,8,8,0.0000
4,92.0000,8,9,1138.6341,-88.3075,1.0904,3,0.0750,1.0000,4,4,4,0,0,4,4,0.0000
4,92.0000,8,11,750.3706,-84.7614,1.1416,7,0.1750,1.0000,8,8,8,0,0,8,8,0.0000
4,92.0000,8,13,643.6349,-84.2800,0.2747,11,0.2750,1.0000,8,8,8,0,0,8,8,0.0000
4,92.0000,8,17,649.1045,-85.1962,-0.3426,8,0.2000,1.0000,8,8,8,0,0,8,8,0.0000
4,92.0000,8,18,1096.6416,-88.0212,-0.1351,3,0.0750,,0,4,4,0,0,4,4,0.0000
4,92.0000,8,19,803.1530,-87.5722,0.0390,5,0.1250,1.0000,8,8,8,0,0,8,8,0.0000
4,92.0000,8,20,215.2748,-75.0523,0.0382,30,0.7500,0.0000,4,4,0,0,0,4,0,1.0000
4,92.0000,8,21,665.3725,-85.9600,-0.4136,5,0.1250,1.0000,8,8,8,0,0,8,8,0.0000
4,92.0000,8,27,538.8057,-84.0229,-1.4902,11,0.2750,0.6667,6,8,7,0,0,8,7,0.1250
4,92.0000,8,28,694.9542,-84.5765,-0.0398,6,0.1500,1.0000,8,8,8,0,0,8,8,0.0000
4,92.0000,8,30,257.6047,-75.9385,-0.6751,25,0.6250,0.4286,7,5,2,0,0,5,2,0.6000
4,92.0000,8,31,829.1459,-86.2042,-0.6860,3,0.0750,1.0000,8,6,6,0,0,6,6,0.0000
4,92.0000,8,32,1117.8422,-88.6389,0.3179,4,0.1000,1.0000,8,2,2,0,0,2,2,0.0000
4,92.0000,8,33,665.2175,-83.5398,0.2312,5,0.1250,0.8571,7,8,8,0,0,8,8,0.0000
4,92.0000,8,35,1177.5310,-87.9626,-1.4758,3,0.0750,,0,2,2,0,0,2,2,0.0000
4,92.0000,8,36,1065.2595,-87.0848,0.2739,3,0.0750,1.0000,8,4,4,0,0,4,4,0.0000
4,92.0000,8,39,1125.3628,-88.2673,0.2502,4,0.1000,1.0000,4,4,4,0,0,4,4,0.0000
4,92.0000,8,40,868.7986,-86.3597,-1.0378,3,0.0750,1.0000,8,6,6,0,0,6,6,0.0000
4,92.0000,8,44,519.9533,-83.3741,-0.2458,9,0.2250,1.0000,8,7,6,0,0,7,6,0.1429
4,92.0000,9,1,1070.2419,-88.1066,-1.5848,3,0.0750,1.0000,8,10,10,0,0,10,10,0.0000
4,92.0000,9,2,882.8410,-88.1344,-0.1918,6,0.1500,1.0000,6,4,4,0,0,4,4,0.0000
4,92.0000,9,11,547.9254,-84.3220,-1.0104,6,0.1500,1.0000,8,6,3,0,0,6,3,0.5000
4,92.0000,9,13,687.9559,-86.3807,-0.7182,3,0.0750,1.0000,8,7,6,0,0,7,6,0.1429
4,92.0000,9,17,604.2120,-85.1160,0.1387,5,0.1250,1.0000,8,8,6,0,0,8,6,0.2500
4,92.0000,9,18,316.7669,-79.1296,0.1381,22,0.5500,0.4000,5,5,2,0,0,5,2,0.6000
4,92.0000,9,20,1034.1912,-88.1091,-1.3911,3,0.0750,1.0000,6,4,4,0,0,4,4,0.0000
4,92.0000,9,21,511.5315,-82.7583,0.2517,10,0.2500,0.8750,8,8,8,0,0,8,8,0.0000
4,92.0000,9,25,237.6570,-78.0284,0.9392,32,0.8000,0.2000,5,4,0,0,0,4,0,1.0000
4,92.0000,9,27,604.6143,-85.3952,-1.3664,5,0.1250,0.6667,6,7,6,0,0,7,6,0.1429
4,92.0000,9,28,516.1420,-83.0117,-0.9224,4,0.1000,0.6667,6,8,8,0,0,8,8,0.0000
4,92.0000,9,32,140.4584,-71.4951,-0.0907,34,0.8500,0.2000,5,4,0,0,0,4,0,1.0000
4,92.0000,9,34,905.5619,-87.4313,-0.4321,3,0.0750,1.0000,8,8,8,0,0,8,8,0.0000
4,92.0000,9,35,472.9879,-83.4875,-0.8575,16,0.4000,0.8571,7,7,5,0,0,7,5,0.2857
4,92.0000,9,36,796.0486,-86.2518,-1.3541,6,0.1500,1.0000,8,8,8,0,0,8,8,0.0000
4,92.0000,9,39,159.0998,-73.5635,-0.2197,31,0.7750,0.2000,5,6,2,0,0,6,2,0.6667
4,92.0000,9,40,303.0186,-78.6787,0.3712,24,0.6000,0.4000,5,8,7,0,0,8,7,0.1250
4,92.0000,9,44,712.1850,-85.0876,0.4494,3,0.0750,1.0000,8,8,8,0,0,8,8,0.0000
4,92.0000,9,45,120.1159,-74.0714,1.9260,32,0.8000,0.2000,5,4,0,0,0,4,0,1.0000
4,92.0000,10,0,417.8818,-81.1052,-0.2873,21,0.5250,0.6667,6,8,7,0,0,8,7,0.1250
4,92.0000,10,3,889.2213,-88.1417,-0.4648,5,0.1250,1.0000,2,8,8,0,0,8,8,0.0000
4,92.0000,10,4,1143.0387,-88.8713,0.2646,4,0.1000,1.0000,8,6,6,0,0,6,6,0.0000
4,92.0000,10,6,610.6732,-84.4522,-1.0325,18,0.4500,0.8750,8,8,8,0,0,8,8,0.0000
4,92.0000,10,7,280.0800,-79.5027,0.7904,29,0.7250,0.2000,5,5,1,0,0,5,1,0.8000
4,92.0000,10,12,613.9433,-85.4841,-0.3416,7,0.1750,1.0000,8,8,8,0,0,8,8,0.0000
4,92.0000,10,14,564.2551,-83.3709,-1.9397,6,0.1500,1.0000,8,8,8,2,2,10,10,0.0000
4,92.0000,10,15,653.1755,-85.1687,-0.0042,8,0.2000,1.0000,8,8,7,0,0,8,7,0.1250
4,92.0000,10,16,284.7204,-75.7615,-1.6977,29,0.7250,0.4000,5,7,6,0,0,7,6,0.1429
4,92.0000,10,19,811.3105,-87.9162,0.4569,5,0.1250,1.0000,8,8,8,0,0,8,8,0.0000
4,92.0000,10,22,812.8992,-87.4991,0.0304,8,0.2000,0.8571,7,4,4,0,0,4,4,0.0000
4,92.0000,10,23,714.4375,-86.7520,0.1374,10,0.2500,1.0000,8,8,8,0,0,8,8,0.0000
4,92.0000,10,24,454.8253,-81.7320,-1.0192,15,0.3750,0.8571,7,8,8,0,0,8,8,0.0000
4,92.0000,10,26,550.7197,-84.2369,-0.1870,12,0.3000,1.0000,8,7,5,0,0,7,5,0.2857
4,92.0000,10,29,276.1337,-78.0288,-0.1491,26,0.6500,0.2000,5,7,4,0,0,7,4,0.4286
4,92.0000,10,31,857.3791,-88.1975,0.1669,6,0.1500,1.0000,8,8,8,0,0,8,8,0.0000
4,92.0000,10,33,899.0693,-87.9790,0.2839,4,0.1000,1.0000,22,2,1,0,0,2,1,0.5000
4,92.0000,10,37,523.6841,-83.6896,-1.3035,20,0.5000,0.7143,7,7,5,0,0,7,5,0.2857
4,92.0000,10,38,485.5227,-84.0223,0.9028,18,0.4500,0.6250,8,4,1,0,0,4,1,0.7500
4,92.0000,10,41,467.9104,-83.5704,0.0133,22,0.5500,0.7500,8,7,5,0,0,7,5,0.2857
4,92.0000,10,42,684.4083,-86.4905,-1.2163,7,0.1750,1.0000,8,8,8,4,4,12,12,0.0000
4,92.0000,10,43,394.1745,-82.4106,-0.3434,22,0.5500,1.0000,6,7,5,0,0,7,5,0.2857
4,92.0000,10,46,685.0900,-85.8542,0.0929,7,0.1750,1.0000,8,8,8,0,0,8,8,0.0000
4,92.0000,10,47,236.3225,-75.7146,-0.6416,32,0.8000,0.4000,5,4,0,0,0,4,0,1.0000
4,92.0000,11,1,576.6290,-83.3829,0.1595,7,0.1750,1.0000,8,6,4,0,0,6,4,0.3333
4,92.0000,11,2,643.3103,-85.0525,-1.3229,9,0.2250,0.8571,7,8,7,0,0,8,7,0.1250
4,92.0000,11,4,503.5815,-84.3139,0.4522,9,0.2250,0.8571,7,6,4,0,0,6,4,0.3333
4,92.0000,11,5,692.2040,-86.2175,-1.4869,3,0.0750,1.0000,8,8,8,0,0,8,8,0.0000
4,92.0000,11,8,750.3706,-85.3359,-1.0543,6,0.1500,1.0000,8,8,8,0,0,8,8,0.0000
4,92.0000,11,9,547.9254,-84.1321,-0.3817,12,0.3000,0.8889,9,6,4,0,0,6,4,0.3333
4,92.0000,11,13,150.3571,-70.3020,-1.4245,30,0.7500,0.2000,5,4,0,0,0,4,0,1.0000
4,92.0000,11,17,357.9008,-79.9388,-1.4874,14,0.3500,0.6000,5,6,4,2,1,8,5,0.3750
4,92.0000,11,18,368.7341,-82.4490,-0.5617,20,0.5000,0.8750,8,6,4,0,0,6,4,0.3333
4,92.0000,11,19,683.6829,-84.4741,0.0950,3,0.0750,1.0000,8,8,7,0,0,8,7,0.1250
4,92.0000,11,20,579.5815,-82.0390,-0.8568,11,0.2750,0.8750,8,8,6,0,0,8,6,0.2500
4,92.0000,11,21,434.0897,-82.1290,-0.2373,17,0.4250,1.0000,8,8,5,0,0,8,5,0.3750
4,92.0000,11,25,373.9453,-81.4661,-0.0751,19,0.4750,0.8571,7,5,2,0,0,5,2,0.6000
4,92.0000,11,27,300.0882,-78.7716,0.4808,23,0.5750,0.7143,7,6,3,0,0,6,3,0.5000
4,92.0000,11,28,114.1804,-69.0464,-0.4858,35,0.8750,0.2000,5,5,2,0,0,5,2,0.6000
4,92.0000,11,30,510.8337,-83.2804,-0.3410,13,0.3250,0.8750,8,7,6,0,0,7,6,0.1429
4,92.0000,11,31,645.5595,-86.0656,-0.7525,3,0.0750,1.0000,8,7,6,0,0,7,6,0.1429
4,92.0000,11,32,508.9266,-83.7743,0.2314,14,0.3500,0.8750,8,8,8,0,0,8,8,0.0000
4,92.0000,11,33,674.9941,-84.8764,-1.0575,3,0.0750,1.0000,8,8,8,0,0,8,8,0.0000
4,92.0000,11,34,643.4939,-85.0905,-0.2756,5,0.1250,0.8571,7,8,8,0,0,8,8,0.0000
4,92.0000,11,35,568.0894,-84.3658,0.0468,18,0.4500,0.8571,7,8,6,0,0,8,6,0.2500
4,92.0000,11,36,569.7441,-84.7010,-0.9355,6,0.1500,0.7143,7,7,5,0,0,7,5,0.2857
4,92.0000,11,39,455.1654,-82.8670,-0.3145,21,0.5250,0.4286,7,7,6,0,0,7,6,0.1429
4,92.0000,11,40,389.1156,-80.8877,-0.0744,14,0.3500,0.5000,6,8,7,0,0,8,7,0.1250
4,92.0000,11,44,231.8771,-75.6298,-0.3170,20,0.5000,0.4000,5,6,3,0,0,6,3,0.5000
4,92.0000,11,45,516.7622,-84.3195,0.4338,15,0.3750,0.7143,7,7,6,0,0,7,6,0.1429
4,92.0000,12,0,791.9711,-87.4767,0.0915,9,0.2250,1.0000,6,8,8,0,0,8,8,0.0000
4,92.0000,12,1,865.8291,-87.1350,-1.2711,6,0.1500,1.0000,8,6,6,0,0,6,6,0.0000
4,92.0000,12,3,955.4989,-88.2015,-0.4521,6,0.1500,,0,8,8,0,0,8,8,0.0000
4,92.0000,12,4,536.1705,-82.8153,-1.2975,17,0.4250,0.8571,7,8,7,0,0,8,7,0.1250
4,92.0000,12,5,559.5924,-83.8775,-0.5115,15,0.3750,1.0000,8,8,8,0,0,8,8,0.0000
4,92.0000,12,6,817.7080,-88.5180,-0.2641,7,0.1750,1.0000,8,8,8,0,0,8,8,0.0000
4,92.0000,12,7,893.1296,-88.7798,-0.6167,5,0.1250,1.0000,6,7,6,0,0,7,6,0.1429
4,92.0000,12,8,958.2973,-88.3786,-0.2611,6,0.1500,0.6667,3,8,8,0,0,8,8,0.0000
4,92.0000,12,10,613.9433,-86.6404,-0.2631,9,0.2250,0.8750,8,8,8,0,0,8,8,0.0000
4,92.0000,12,11,894.2780,-87.1192,-0.5493,9,0.2250,1.0000,2,8,8,0,0,8,8,0.0000
4,92.0000,12,13,803.2860,-87.1345,0.1439,6,0.1500,1.0000,8,6,6,0,0,6,6,0.0000
4,92.0000,12,14,275.9427,-79.6335,0.8056,23,0.5750,0.6667,6,7,5,0,0,7,5,0.2857
4,92.0000,12,15,142.0458,-73.2729,0.8455,36,0.9000,0.2000,5,5,2,0,0,5,2,0.6000
4,92.0000,12,16,606.4529,-84.9414,0.6481,12,0.3000,1.0000,8,8,8,0,0,8,8,0.0000
4,92.0000,12,17,722.5942,-87.4836,0.3193,7,0.1750,1.0000,8,8,8,0,0,8,8,0.0000
4,92.0000,12,19,235.0348,-74.1390,-1.2999,34,0.8500,0.2000,5,4,1,0,0,4,1,0.7500
4,92.0000,12,20,840.3808,-87.4666,-0.5902,5,0.1250,0.8000,5,8,8,0,0,8,8,0.0000
4,92.0000,12,22,1142.8170,-88.5908,-0.6137,3,0.0750,,0,4,4,0,0,4,4,0.0000
4,92.0000,12,24,221.2142,-79.2521,1.5383,29,0.7250,0.7143,7,5,1,0,0,5,1,0.8000
4,92.0000,12,26,553.2877,-84.3997,-0.0449,15,0.3750,0.8571,7,8,8,0,0,8,8,0.0000
4,92.0000,12,27,939.3048,-87.4666,-1.6384,3,0.0750,1.0000,6,4,4,0,0,4,4,0.0000
4,92.0000,12,28,940.1024,-88.5277,-0.5019,5,0.1250,1.0000,8,6,5,0,0,6,5,0.1667
4,92.0000,12,29,429.1017,-82.8948,-0.1170,21,0.5250,1.0000,8,7,6,0,0,7,6,0.1429
4,92.0000,12,30,807.8361,-87.6541,-0.0888,6,0.1500,0.8571,7,4,4,0,0,4,4,0.0000
4,92.0000,12,31,250.5236,-76.6266,-0.2527,33,0.8250,0.5000,4,5,2,0,0,5,2,0.6000
4,92.0000,12,33,314.5846,-76.9202,-1.3571,34,0.8500,0.3333,6,6,4,0,0,6,4,0.3333
4,92.0000,12,34,382.3952,-81.7110,-0.5596,22,0.5500,0.8571,7,6,3,0,0,6,3,0.5000
4,92.0000,12,36,556.7487,-84.8941,0.2072,10,0.2500,1.0000,6,8,5,0,0,8,5,0.3750
4,92.0000,12,37,792.4077,-86.3661,-0.4164,7,0.1750,0.5000,4,8,8,0,0,8,8,0.0000
4,92.0000,12,39,1181.9361,-88.2394,-0.3274,3,0.0750,1.0000,4,4,4,0,0,4,4,0.0000
4,92.0000,12,40,994.0871,-87.9219,2.3432,3,0.0750,,0,6,6,0,0,6,6,0.0000
4,92.0000,12,41,912.8572,-88.1190,-0.8268,5,0.1250,1.0000,6,8,8,0,0,8,8,0.0000
4,92.0000,12,42,155.5078,-73.3463,0.1535,39,0.9750,0.2000,5,5,1,0,0,5,1,0.8000
4,92.0000,12,43,892.2673,-88.2887,-0.3766,9,0.2250,1.0000,8,6,6,0,0,6,6,0.0000
4,92.0000,12,44,842.3253,-86.8913,-0.4451,6,0.1500,0.8750,8,4,4,0,0,4,4,0.0000
4,92.0000,12,46,228.7904,-77.6283,0.8974,30,0.7500,0.5000,6,4,2,0,0,4,2,0.5000
4,92.0000,12,47,800.3211,-86.8490,-1.6384,6,0.1500,0.8750,8,8,8,0,0,8,8,0.0000
4,92.0000,13,1,443.0107,-81.6079,-1.3449,20,0.5000,0.8571,7,7,6,0,0,7,6,0.1429
4,92.0000,13,2,625.3036,-84.3077,0.1203,17,0.4250,1.0000,8,7,5,0,0,7,5,0.2857
4,92.0000,13,4,454.1959,-83.0880,0.2801,11,0.2750,0.2000,5,7,6,0,0,7,6,0.1429
4,92.0000,13,5,548.9804,-84.0635,-1.2707,11,0.2750,1.0000,8,8,6,0,0,8,6,0.2500
4,92.0000,13,8,643.6349,-84.9011,-0.7579,17,0.4250,0.8571,7,8,7,0,0,8,7,0.1250
4,92.0000,13,9,687.9559,-85.7551,-0.4662,9,0.2250,0.8750,8,8,8,0,0,8,8,0.0000
4,92.0000,13,11,150.3571,-70.7057,-0.6068,38,0.9500,0.0000,4,5,1,0,0,5,1,0.8000
4,92.0000,13,12,803.2860,-88.5136,0.0993,3,0.0750,1.0000,8,5,4,0,0,5,4,0.2000
4,92.0000,13,15,763.0831,-86.5486,2.4557,3,0.0750,1.0000,8,7,6,0,0,7,6,0.1429
4,92.0000,13,17,351.8280,-81.0887,0.9108,17,0.4250,0.4000,5,6,4,0,0,6,4,0.3333
4,92.0000,13,18,513.3830,-84.0688,-0.0002,16,0.4000,0.7500,8,8,6,0,0,8,6,0.2500
4,92.0000,13,19,581.0225,-83.5153,0.0740,7,0.1750,1.0000,8,6,4,0,0,6,4,0.3333
4,92.0000,13,20,454.8555,-82.3514,-0.8940,20,0.5000,0.6667,6,7,6,0,0,7,6,0.1429
4,92.0000,13,21,487.9119,-83.0232,-0.5577,16,0.4000,0.7143,7,8,7,0,0,8,7,0.1250
4,92.0000,13,24,983.4915,-89.0349,0.7092,3,0.0750,,0,10,10,0,0,10,10,0.0000
4,92.0000,13,25,524.1067,-83.4057,0.5046,19,0.4750,0.7500,8,8,8,0,0,8,8,0.0000
4,92.0000,13,27,301.8061,-78.6219,-0.4359,29,0.7250,0.7143,7,6,4,0,0,6,4,0.3333
4,92.0000,13,28,200.5373,-73.6952,-0.3492,34,0.8500,0.2000,5,6,3,0,0,6,3,0.5000
4,92.0000,13,30,391.7585,-82.5914,-1.3896,18,0.4500,0.7143,7,8,8,0,0,8,8,0.0000
4,92.0000,13,31,563.3810,-84.5150,-0.7452,8,0.2000,0.8571,7,7,5,0,0,7,5,0.2857
4,92.0000,13,32,654.9065,-85.2263,-0.2406,13,0.3250,1.0000,8,8,8,0,0,8,8,0.0000
4,92.0000,13,33,574.2087,-85.9779,1.7318,5,0.1250,0.8750,8,7,6,0,0,7,6,0.1429
4,92.0000,13,34,609.0344,-87.1266,-0.3049,6,0.1500,0.8750,8,8,8,0,0,8,8,0.0000
4,92.0000,13,35,700.8413,-86.4971,-0.9139,10,0.2500,1.0000,8,6,5,0,0,6,5,0.1667
4,92.0000,13,36,570.6452,-85.0079,-0.9568,6,0.1500,0.8571,7,7,6,0,0,7,6,0.1429
4,92.0000,13,39,602.3455,-85.3843,0.2919,14,0.3500,0.8824,17,6,4,0,0,6,4,0.3333
4,92.0000,13,40,488.4577,-84.2465,-0.3425,15,0.3750,1.0000,8,6,3,0,0,6,3,0.5000
4,92.0000,13,44,141.3550,-71.5095,0.0233,34,0.8500,0.2000,5,6,2,0,0,6,2,0.6667
4,92.0000,13,45,650.5544,-84.6111,-0.4840,9,0.2250,0.8333,6,7,6,0,0,7,6,0.1429
4,92.0000,13,46,732.2500,-87.6019,-5.1205,3,0.0750,1.0000,6,7,6,0,0,7,6,0.1429
4,92.0000,14,0,664.6980,-85.6468,0.1589,14,0.3500,0.8571,7,8,7,0,0,8,7,0.1250
4,92.0000,14,1,819.0883,-87.3000,0.8615,4,0.1000,0.8750,8,8,8,0,0,8,8,0.0000
4,92.0000,14,3,754.6296,-86.4607,-0.3800,9,0.2250,1.0000,2,8,8,0,0,8,8,0.0000
4,92.0000,14,4,706.6616,-85.4060,-0.3263,7,0.1750,1.0000,8,7,6,0,0,7,6,0.1429
4,92.0000,14,5,499.6016,-83.8720,0.6332,10,0.2500,1.0000,8,8,8,0,0,8,8,0.0000
4,92.0000,14,6,590.3884,-84.3268,-0.5347,16,0.4000,0.8571,7,8,7,0,0,8,7,0.1250
4,92.0000,14,7,816.7735,-87.1188,-0.6590,8,0.2000,1.0000,4,8,8,0,0,8,8,0.0000
4,92.0000,14,8,946.1708,-88.5038,0.7649,4,0.1000,1.0000,4,8,8,0,0,8,8,0.0000
4,92.0000,14,10,564.2551,-83.8167,-0.3921,19,0.4750,1.0000,8,8,7,0,0,8,7,0.1250
4,92.0000,14,11,980.2866,-87.6743,1.2936,3,0.0750,1.0000,2,2,2,0,0,2,2,0.0000
4,92.0000,14,12,275.9427,-80.1257,1.6429,17,0.4250,0.4000,5,7,6,0,0,7,6,0.1429
4,92.0000,14,13,861.0054,-87.1777,-0.2055,3,0.0750,1.0000,6,5,4,0,0,5,4,0.2000
4,92.0000,14,15,297.8331,-80.5129,0.2669,21,0.5250,0.8571,7,8,4,0,0,8,4,0.5000
4,92.0000,14,16,471.2662,-81.4194,-0.1915,23,0.5750,0.8750,8,6,3,0,0,6,3,0.5000
4,92.0000,14,17,872.8786,-87.2686,1.2917,5,0.1250,1.0000,6,8,8,0,0,8,8,0.0000
4,92.0000,14,19,320.2414,-82.1335,1.9912,14,0.3500,0.5000,6,6,3,0,0,6,3,0.5000
4,92.0000,14,20,823.0725,-87.2755,1.6868,5,0.1250,1.0000,52,8,8,10,9,18,17,0.0556
4,92.0000,14,23,987.2864,-88.0917,-0.1066,5,0.1250,,0,8,8,0,0,8,8,0.0000
4,92.0000,14,24,343.5280,-82.5957,0.3070,22,0.5500,0.7143,7,5,1,0,0,5,1,0.8000
4,92.0000,14,26,351.4832,-78.7653,-0.8298,24,0.6000,0.5000,6,6,3,0,0,6,3,0.5000
4,92.0000,14,29,301.1497,-78.0417,-0.7203,29,0.7250,0.0000,3,10,9,0,0,10,9,0.1000
4,92.0000,14,30,816.8966,-87.3542,0.0592,6,0.1500,0.8750,8,8,8,0,0,8,8,0.0000
4,92.0000,14,31,418.3131,-82.0245,0.1597,16,0.4000,0.7000,10,7,5,0,0,7,5,0.2857
4,92.0000,14,33,439.8794,-83.2455,-0.7393,12,0.3000,0.0000,4,7,4,0,0,7,4,0.4286
4,92.0000,14,34,591.5788,-87.0462,0.4784,8,0.2000,0.8750,8,6,3,0,0,6,3,0.5000
4,92.0000,14,36,735.1558,-87.5107,0.6553,7,0.1750,1.0000,8,8,8,0,0,8,8,0.0000
4,92.0000,14,37,596.1958,-85.3652,0.0971,13,0.3250,1.0000,8,6,6,0,0,6,6,0.0000
4,92.0000,14,41,794.7128,-86.9200,0.1287,10,0.2500,1.0000,8,8,8,0,0,8,8,0.0000
4,92.0000,14,42,336.3649,-80.0061,-0.7904,18,0.4500,0.8571,7,6,4,0,0,6,4,0.3333
4,92.0000,14,43,859.3722,-87.0813,-0.2080,8,0.2000,1.0000,6,8,8,0,0,8,8,0.0000
4,92.0000,14,44,896.3814,-87.1842,-0.9097,6,0.1500,1.0000,8,4,4,0,0,4,4,0.0000
4,92.0000,14,46,154.0052,-71.8339,-0.9812,33,0.8250,0.2000,5,5,1,1,0,6,1,0.8333
4,92.0000,14,47,705.6864,-85.2392,-0.7897,17,0.4250,0.8571,7,8,8,0,0,8,8,0.0000
4,92.0000,15,0,874.1661,-87.9837,-0.2530,7,0.1750,1.0000,8,6,6,0,0,6,6,0.0000
4,92.0000,15,4,561.3468,-85.1809,2.2512,7,0.1750,1.0000,8,8,8,0,0,8,8,0.0000
4,92.0000,15,5,593.8791,-85.9235,-0.4521,9,0.2250,0.8750,8,7,6,0,0,7,6,0.1429
4,92.0000,15,6,872.3430,-88.3395,-0.4236,6,0.1500,0.8000,5,6,6,0,0,6,6,0.0000
4,92.0000,15,7,924.7771,-88.1424,0.5477,7,0.1750,1.0000,4,6,6,0,0,6,6,0.0000
4,92.0000,15,10,653.1755,-84.5341,-1.0331,18,0.4500,0.8750,8,7,6,0,0,7,6,0.1429
4,92.0000,15,11,847.4487,-88.4993,-0.5077,4,0.1000,1.0000,2,8,7,0,0,8,7,0.1250
4,92.0000,15,12,142.0458,-72.6509,0.8768,32,0.8000,0.0000,4,4,0,0,0,4,0,1.0000
4,92.0000,15,13,763.0831,-85.7869,-1.3918,4,0.1000,1.0000,4,8,8,0,0,8,8,0.0000
4,92.0000,15,14,297.8331,-79.8691,0.6621,23,0.5750,0.2000,5,7,5,0,0,7,5,0.2857
4,92.0000,15,16,674.0981,-84.5526,-0.3937,15,0.3750,0.8000,5,8,8,0,0,8,8,0.0000
4,92.0000,15,17,726.7031,-87.0222,0.3892,3,0.0750,1.0000,8,6,6,0,0,6,6,0.0000
4,92.0000,15,19,213.0504,-76.1668,0.0176,31,0.7750,0.5000,6,4,0,0,0,4,0,1.0000
4,92.0000,15,24,222.2205,-76.4502,0.3895,30,0.7500,0.2000,5,4,0,0,0,4,0,1.0000
4,92.0000,15,26,627.6877,-85.1129,-0.5298,14,0.3500,0.6667,6,8,7,0,0,8,7,0.1250
4,92.0000,15,28,908.5122,-88.6520,0.0961,6,0.1500,1.0000,2,6,6,0,0,6,6,0.0000
4,92.0000,15,29,452.3926,-81.4107,-0.1083,25,0.6250,0.8750,8,8,7,0,0,8,7,0.1250
4,92.0000,15,30,828.9206,-87.4722,1.5427,6,0.1500,1.0000,8,8,8,0,0,8,8,0.0000
4,92.0000,15,31,229.6267,-78.8102,0.7891,23,0.5750,0.6667,6,6,2,0,0,6,2,0.6667
4,92.0000,15,33,374.2313,-80.8271,0.2721,22,0.5500,0.7143,7,7,6,0,0,7,6,0.1429
4,92.0000,15,34,318.3364,-81.9432,0.5543,24,0.6000,0.5000,4,6,2,0,0,6,2,0.6667
4,92.0000,15,36,469.4050,-85.0031,0.4040,10,0.2500,0.8750,8,5,2,0,0,5,2,0.6000
4,92.0000,15,37,858.2898,-87.7868,0.1129,6,0.1500,1.0000,10,6,6,0,0,6,6,0.0000
4,92.0000,15,41,992.9339,-88.6583,-0.1381,7,0.1750,0.7500,4,4,4,0,0,4,4,0.0000
4,92.0000,15,42,286.1226,-78.9647,0.0870,26,0.6500,0.2500,4,6,4,0,0,6,4,0.3333
4,92.0000,15,43,973.7408,-87.6187,-0.8660,8,0.2000,1.0000,6,4,4,0,0,4,4,0.0000
4,92.0000,15,44,824.5655,-87.2806,-0.0656,4,0.1000,0.8333,6,3,3,0,0,3,3,0.0000
4,92.0000,15,46,270.6554,-78.7089,-0.0682,26,0.6500,0.5000,6,5,2,0,0,5,2,0.6000
4,92.0000,15,47,855.1392,-86.4364,-0.1888,13,0.3250,1.0000,6,4,4,0,0,4,4,0.0000
4,92.0000,16,0,212.5257,-77.8934,1.4279,32,0.8000,0.7143,7,4,0,0,0,4,0,1.0000
4,92.0000,16,3,604.7176,-85.6137,0.3206,16,0.4000,0.8750,8,5,2,0,0,5,2,0.6000
4,92.0000,16,6,351.1247,-80.6692,0.2521,29,0.7250,0.4000,5,6,2,0,0,6,2,0.6667
4,92.0000,16,7,444.7007,-83.4071,-0.4658,23,0.5750,0.7143,7,5,2,0,0,5,2,0.6000
4,92.0000,16,10,284.7204,-76.2098,-1.4067,33,0.8250,0.0000,4,4,0,0,0,4,0,1.0000
4,92.0000,16,12,606.4529,-84.8949,-0.9074,6,0.1500,1.0000,10,6,6,0,0,6,6,0.0000
4,92.0000,16,14,471.2662,-81.0974,-0.6635,22,0.5500,0.9333,75,8,7,144,141,152,148,0.0263
4,92.0000,16,15,674.0981,-84.1507,0.0033,7,0.1750,1.0000,8,8,8,0,0,8,8,0.0000
4,92.0000,16,19,765.0786,-85.1725,-0.0516,4,0.1000,0.8571,7,7,6,0,0,7,6,0.1429
4,92.0000,16,22,609.1758,-85.7381,-0.4362,13,0.3250,1.0000,8,8,7,0,0,8,7,0.1250
4,92.0000,16,23,555.4531,-84.9225,0.1624,22,0.5500,0.8571,7,7,4,0,0,7,4,0.4286
4,92.0000,16,24,540.4077,-82.0648,0.0637,17,0.4250,0.8571,7,8,8,0,0,8,8,0.0000
4,92.0000,16,26,298.8296,-79.6120,0.8083,23,0.5750,0.7143,7,6,3,0,0,6,3,0.5000
4,92.0000,16,29,268.5433,-77.0509,-0.5448,33,0.8250,0.3333,6,4,0,0,0,4,0,1.0000
4,92.0000,16,37,259.0122,-78.3087,0.7202,31,0.7750,0.2000,5,6,2,0,0,6,2,0.6667
4,92.0000,16,38,440.1225,-84.1575,0.6974,24,0.6000,0.5000,6,5,1,0,0,5,1,0.8000
4,92.0000,16,41,328.8526,-81.9851,0.8362,26,0.6500,0.6667,6,6,3,0,0,6,3,0.5000
4,92.0000,16,42,630.9705,-84.0045,-2.0194,8,0.2000,0.9481,77,8,8,4,4,12,12,0.0000
4,92.0000,16,43,435.7053,-82.4182,-0.0241,26,0.6500,0.8571,7,5,2,0,0,5,2,0.6000
4,92.0000,16,46,589.1372,-82.4829,-1.6098,9,0.2250,0.8000,10,9,9,0,0,9,9,0.0000
4,92.0000,16,47,271.2750,-78.2586,-0.0091,31,0.7750,0.4000,5,4,0,0,0,4,0,1.0000
4,92.0000,17,1,605.8893,-84.3684,-1.1237,8,0.2000,0.8750,8,8,8,0,0,8,8,0.0000
4,92.0000,17,2,670.4508,-85.3482,-0.2086,13,0.3250,0.8000,5,7,6,0,0,7,6,0.1429
4,92.0000,17,4,202.0185,-76.8561,0.5404,27,0.6750,0.2000,5,4,0,0,0,4,0,1.0000
4,92.0000,17,5,598.8858,-84.0532,-0.1230,12,0.3000,0.5000,6,7,6,0,0,7,6,0.1429
4,92.0000,17,8,649.1045,-84.1910,-0.7843,12,0.3000,1.0000,8,8,8,0,0,8,8,0.0000
4,92.0000,17,9,604.2120,-85.6114,0.6988,12,0.3000,0.8750,8,8,7,0,0,8,7,0.1250
4,92.0000,17,11,357.9008,-79.5383,-0.4308,21,0.5250,0.2000,5,7,5,0,0,7,5,0.2857
4,92.0000,17,12,722.5942,-86.2975,0.5427,6,0.1500,1.0000,8,8,8,0,0,8,8,0.0000
4,92.0000,17,13,351.8280,-79.5774,-0.3552,17,0.4250,0.8571,7,6,4,4,4,10,8,0.2000
4,92.0000,17,14,872.8786,-86.7008,-1.3280,3,0.0750,1.0000,8,8,8,0,0,8,8,0.0000
4,92.0000,17,18,578.3622,-84.8324,-0.0934,15,0.3750,0.8571,7,7,6,0,0,7,6,0.1429
4,92.0000,17,19,568.5745,-83.9916,2.1197,8,0.2000,0.6667,6,7,6,0,0,7,6,0.1429
4,92.0000,17,20,539.6292,-83.1171,-1.1334,13,0.3250,0.8000,5,9,8,0,0,9,8,0.1111
4,92.0000,17,21,394.1360,-81.3973,0.6605,21,0.5250,0.8750,8,8,7,0,0,8,7,0.1250
4,92.0000,17,25,564.9759,-84.9225,0.4116,13,0.3250,0.6667,6,7,5,0,0,7,5,0.2857
4,92.0000,17,26,1115.4433,-88.8437,-0.2012,3,0.0750,1.0000,8,6,6,0,0,6,6,0.0000
4,92.0000,17,27,281.5741,-78.9943,0.5374,27,0.6750,0.8750,8,6,3,1,0,7,3,0.5714
4,92.0000,17,28,324.3543,-78.3233,-0.6057,26,0.6500,0.5000,6,8,6,0,0,8,6,0.2500
4,92.0000,17,30,454.6794,-81.9424,0.4409,14,0.3500,0.8750,8,7,6,0,0,7,6,0.1429
4,92.0000,17,31,498.5940,-83.3992,-0.3264,10,0.2500,1.0000,8,8,8,0,0,8,8,0.0000
4,92.0000,17,32,639.0529,-84.3064,-0.4007,11,0.2750,0.9000,10,7,6,0,0,7,6,0.1429
4,92.0000,17,33,462.4575,-82.9976,-0.9691,9,0.2250,0.8750,8,5,4,0,0,5,4,0.2000
4,92.0000,17,34,518.3771,-82.2886,-0.1393,10,0.2500,0.5000,6,8,7,0,0,8,7,0.1250
4,92.0000,17,36,531.6200,-82.7329,0.2642,12,0.3000,0.8571,7,7,5,0,0,7,5,0.2857
4,92.0000,17,39,589.4098,-83.8919,1.0094,12,0.3000,1.0000,8,4,0,0,0,4,0,1.0000
4,92.0000,17,40,311.1049,-80.1930,1.0658,25,0.6250,0.6667,6,5,1,0,0,5,1,0.8000
4,92.0000,17,42,668.2642,-85.7896,-0.8827,4,0.1000,1.0000,8,7,6,0,0,7,6,0.1429
4,92.0000,17,44,328.7470,-79.0894,0.0911,22,0.5500,0.7143,7,7,5,0,0,7,5,0.2857
4,92.0000,17,45,565.9736,-85.7179,-0.5659,8,0.2000,0.5000,4,7,6,0,0,7,6,0.1429
4,92.0000,17,46,725.0157,-86.9330,-0.6324,5,0.1250,1.0000,4,5,4,0,0,5,4,0.2000
4,92.0000,18,2,896.3640,-85.8020,0.6541,3,0.0750,1.0000,4,4,4,0,0,4,4,0.0000
4,92.0000,18,4,731.2706,-84.7238,-0.0779,3,0.0750,0.8571,7,7,6,0,0,7,6,0.1429
4,92.0000,18,9,316.7669,-79.7033,-0.0859,29,0.7250,0.2000,5,5,2,0,0,5,2,0.6000
4,92.0000,18,11,368.7341,-81.1944,0.8437,13,0.3250,0.8571,7,6,4,0,0,6,4,0.3333
4,92.0000,18,13,513.3830,-83.7740,0.5415,8,0.2000,1.0000,8,8,8,0,0,8,8,0.0000
4,92.0000,18,17,578.3622,-83.7192,-0.9829,6,0.1500,1.0000,8,6,6,0,0,6,6,0.0000
4,92.0000,18,21,589.5562,-84.5684,0.3835,10,0.2500,0.8571,7,8,8,0,0,8,8,0.0000
4,92.0000,18,25,127.5087,-74.9415,1.5237,28,0.7000,0.0000,4,4,0,0,0,4,0,1.0000
4,92.0000,18,27,577.9628,-84.1777,0.0242,11,0.2750,0.8571,7,8,8,0,0,8,8,0.0000
4,92.0000,18,28,403.6302,-81.2937,0.3605,13,0.3250,0.8750,8,7,5,0,0,7,5,0.2857
4,92.0000,18,32,280.5006,-78.8359,-0.2448,28,0.7000,0.5714,7,6,2,0,0,6,2,0.6667
4,92.0000,18,34,769.4135,-82.5180,1.0420,4,0.1000,1.0000,8,8,8,0,0,8,8,0.0000
4,92.0000,18,35,399.8247,-81.9192,-0.2869,25,0.6250,0.8571,7,7,6,0,0,7,6,0.1429
4,92.0000,18,36,627.4152,-83.7691,-0.3329,8,0.2000,0.8750,8,8,7,0,0,8,7,0.1250
4,92.0000,18,39,160.1414,-73.6855,0.2200,34,0.8500,0.4000,5,6,2,0,0,6,2,0.6667
4,92.0000,18,40,398.3214,-81.4565,0.4808,18,0.4500,0.3333,6,5,2,0,0,5,2,0.6000
4,92.0000,18,44,592.5794,-83.1008,0.5770,4,0.1000,0.8571,7,8,8,0,0,8,8,0.0000
4,92.0000,18,45,362.6063,-82.2423,0.7006,23,0.5750,0.6667,6,7,5,0,0,7,5,0.2857
4,92.0000,19,0,951.7864,-88.4733,0.7575,5,0.1250,1.0000,4,8,8,0,0,8,8,0.0000
4,92.0000,19,1,662.8281,-86.0503,0.3966,13,0.3250,1.0000,8,8,8,0,0,8,8,0.0000
4,92.0000,19,2,1069.7092,-88.6588,0.4371,3,0.0750,1.0000,4,4,4,0,0,4,4,0.0000
4,92.0000,19,3,999.0394,-87.8139,1.4382,5,0.1250,,0,8,7,0,0,8,7,0.1250
4,92.0000,19,4,415.8701,-81.8074,-0.0488,21,0.5250,1.0000,8,8,8,0,0,8,8,0.0000
4,92.0000,19,5,398.9148,-82.1571,-0.4471,21,0.5250,0.7143,7,8,6,0,0,8,6,0.2500
4,92.0000,19,8,803.1530,-87.5452,-0.0394,11,0.2750,1.0000,8,6,5,0,0,6,5,0.1667
4,92.0000,19,10,811.3105,-86.8967,-0.8608,16,0.4000,1.0000,8,8,8,0,0,8,8,0.0000
4,92.0000,19,11,683.6829,-86.8263,-0.8072,11,0.2750,0.6667,3,7,6,0,0,7,6,0.1429
4,92.0000,19,12,235.0348,-74.2133,-1.7220,33,0.8250,0.0000,4,7,4,0,0,7,4,0.4286
4,92.0000,19,13,581.0225,-84.9503,0.3083,12,0.3000,1.0000,8,9,6,0,0,9,6,0.3333
4,92.0000,19,14,320.2414,-81.1574,0.7024,24,0.6000,0.8571,7,5,2,0,0,5,2,0.6000
4,92.0000,19,15,213.0504,-76.3882,0.1144,35,0.8750,0.2000,5,6,2,0,0,6,2,0.6667
4,92.0000,19,16,765.0786,-86.8783,-0.3482,14,0.3500,1.0000,8,8,8,0,0,8,8,0.0000
4,92.0000,19,17,568.5745,-85.6113,0.4562,11,0.2750,1.0000,8,8,8,0,0,8,8,0.0000
4,92.0000,19,20,652.2537,-85.5165,-0.0710,15,0.3750,0.6667,3,8,8,0,0,8,8,0.0000
4,92.0000,19,21,931.8681,-87.9387,0.3712,7,0.1750,1.0000,4,6,6,0,0,6,6,0.0000
4,92.0000,19,24,418.7233,-82.3608,-0.2120,21,0.5250,0.5000,6,6,3,0,0,6,3,0.5000
4,92.0000,19,26,631.8244,-86.1235,-0.0685,16,0.4000,1.0000,8,8,8,0,0,8,8,0.0000
4,92.0000,19,27,749.0202,-88.0946,-0.4606,8,0.2000,1.0000,8,4,4,0,0,4,4,0.0000
4,92.0000,19,28,735.4223,-86.7199,1.7459,7,0.1750,1.0000,8,8,8,0,0,8,8,0.0000
4,92.0000,19,29,579.7413,-85.3666,-0.9458,15,0.3750,0.7143,7,8,8,0,0,8,8,0.0000
4,92.0000,19,30,616.8823,-85.6501,0.3451,12,0.3000,0.8750,8,6,5,0,0,6,5,0.1667
4,92.0000,19,31,118.5136,-68.8585,-0.3041,35,0.8750,0.0000,4,4,0,0,0,4,0,1.0000
4,92.0000,19,32,1117.0945,-88.0271,-0.6522,3,0.0750,1.0000,8,4,4,0,0,4,4,0.0000
4,92.0000,19,33,215.9852,-76.7861,-0.4320,32,0.8000,0.5000,6,5,1,0,0,5,1,0.8000
4,92.0000,19,34,323.3925,-79.9524,-0.2972,28,0.7000,0.3333,6,7,4,0,0,7,4,0.4286
4,92.0000,19,36,458.7895,-83.1924,-0.0840,22,0.5500,0.2000,5,7,6,0,0,7,6,0.1429
4,92.0000,19,37,902.8906,-87.4224,0.1670,8,0.2000,1.0000,4,4,4,0,0,4,4,0.0000
4,92.0000,19,39,1018.8322,-87.6496,-0.5296,4,0.1000,1.0000,8,6,6,0,0,6,6,0.0000
4,92.0000,19,40,844.8660,-88.4532,0.6703,7,0.1750,1.0000,8,6,6,0,0,6,6,0.0000
4,92.0000,19,42,273.2937,-79.1312,0.5101,34,0.8500,0.5000,6,5,1,0,0,5,1,0.8000
4,92.0000,19,44,627.4097,-86.6041,0.2279,10,0.2500,0.6667,6,7,6,0,0,7,6,0.1429
4,92.0000,19,46,200.5690,-77.4571,1.3835,28,0.7000,0.7143,7,5,1,0,0,5,1,0.8000
4,92.0000,19,47,986.3627,-88.1285,0.5567,7,0.1750,1.0000,6,4,4,0,0,4,4,0.0000
4,92.0000,20,1,126.2871,-71.3690,0.1002,38,0.9500,0.2000,5,4,0,0,0,4,0,1.0000
4,92.0000,20,2,503.6953,-83.1771,-0.3828,18,0.4500,0.7500,8,8,8,0,0,8,8,0.0000
4,92.0000,20,4,558.2943,-84.6316,0.4329,9,0.2250,0.5714,7,8,8,0,0,8,8,0.0000
4,92.0000,20,5,329.2955,-79.4786,-0.3241,22,0.5500,0.8750,8,6,4,0,0,6,4,0.3333
4,92.0000,20,8,215.2748,-74.7391,0.0141,36,0.9000,0.0000,4,4,0,0,0,4,0,1.0000
4,92.0000,20,9,1034.1912,-87.9816,1.7494,3,0.0750,1.0000,8,4,4,0,0,4,4,0.0000
4,92.0000,20,11,579.5815,-83.4355,-1.5973,11,0.2750,1.0000,8,8,7,0,0,8,7,0.1250
4,92.0000,20,12,840.3808,-86.6077,-0.3816,4,0.1000,0.8571,7,8,8,0,0,8,8,0.0000
4,92.0000,20,13,454.8555,-82.4213,0.0000,13,0.3250,0.8333,12,8,7,0,0,8,7,0.1250
4,92.0000,20,14,823.0725,-86.6675,1.2622,4,0.1000,1.0000,8,4,4,0,0,4,4,0.0000
4,92.0000,20,17,539.6292,-83.5226,-1.1079,12,0.3000,1.0000,8,7,6,0,0,7,6,0.1429
4,92.0000,20,18,942.3560,-87.9307,0.7499,3,0.0750,1.0000,62,0,0,144,144,144,144,0.0000
4,92.0000,20,21,614.7207,-85.8285,0.4433,8,0.2000,1.0000,8,8,8,0,0,8,8,0.0000
4,92.0000,20,26,947.3613,-87.0657,0.8407,3,0.0750,1.0000,8,8,8,0,0,8,8,0.0000
4,92.0000,20,27,438.1903,-82.2771,-0.5006,15,0.3750,0.7143,7,7,6,0,0,7,6,0.1429
4,92.0000,20,28,547.5729,-83.5045,-0.7207,12,0.3000,0.9880,83,8,8,0,0,8,8,0.0000
4,92.0000,20,30,85.6412,-62.5612,-1.3539,37,0.9250,0.0000,4,3,0,0,0,3,0,1.0000
4,92.0000,20,31,683.2211,-85.4992,0.0557,6,0.1500,0.8750,8,8,8,0,0,8,8,0.0000
4,92.0000,20,32,1007.1121,-88.3310,-0.8359,4,0.1000,1.0000,4,2,2,0,0,2,2,0.0000
4,92.0000,20,33,556.0664,-84.9527,0.7305,5,0.1250,0.8571,7,8,8,0,0,8,8,0.0000
4,92.0000,20,34,842.4395,-87.5225,-0.0484,7,0.1750,1.0000,8,10,10,0,0,10,10,0.0000
4,92.0000,20,36,896.1464,-87.7743,-0.0365,3,0.0750,1.0000,8,8,8,0,0,8,8,0.0000
4,92.0000,20,39,994.9567,-88.9804,0.3081,4,0.1000,0.8750,8,6,6,0,0,6,6,0.0000
4,92.0000,20,40,772.8212,-87.2400,-0.4515,7,0.1750,0.8571,7,8,8,0,0,8,8,0.0000
4,92.0000,20,42,763.4733,-86.6541,-1.0971,5,0.1250,1.0000,8,7,6,0,0,7,6,0.1429
4,92.0000,20,44,350.1724,-79.8908,-0.7164,22,0.5500,0.5714,7,6,3,1,0,7,3,0.5714
4,92.0000,20,45,961.2877,-88.4267,-1.3314,3,0.0750,,0,8,8,0,0,8,8,0.0000
4,92.0000,20,46,691.1254,-87.2426,0.6575,7,0.1750,1.0000,8,7,6,0,0,7,6,0.1429
4,92.0000,21,1,678.1372,-86.4866,0.6032,8,0.2000,0.7500,8,8,8,0,0,8,8,0.0000
4,92.0000,21,2,402.5479,-81.5804,-0.0098,20,0.5000,0.6250,8,5,2,0,0,5,2,0.6000
4,92.0000,21,4,583.5469,-85.5308,0.4537,6,0.1500,0.8571,7,8,8,0,0,8,8,0.0000
4,92.0000,21,5,839.4230,-87.9521,0.8221,3,0.0750,1.0000,8,8,8,0,0,8,8,0.0000
4,92.0000,21,8,665.3725,-86.4521,0.6969,5,0.1250,0.8750,8,7,6,0,0,7,6,0.1429
4,92.0000,21,9,511.5315,-83.9004,-0.2863,20,0.5000,0.8000,5,6,3,0,0,6,3,0.5000
4,92.0000,21,11,434.0897,-83.4261,-0.7357,15,0.3750,0.8750,8,5,2,0,0,5,2,0.6000
4,92.0000,21,13,487.9119,-82.9665,0.8439,12,0.3000,1.0000,8,8,8,0,0,8,8,0.0000
4,92.0000,21,17,394.1360,-82.2107,-0.5166,13,0.3250,1.0000,8,6,3,0,0,6,3,0.5000
4,92.0000,21,18,589.5562,-84.8375,-0.2789,11,0.2750,0.8750,8,7,6,0,0,7,6,0.1429
4,92.0000,21,20,614.7207,-85.4151,-0.8110,7,0.1750,1.0000,8,7,5,0,0,7,5,0.2857
4,92.0000,21,25,498.0407,-82.9465,0.3451,26,0.6500,0.8571,7,7,5,0,0,7,5,0.2857
4,92.0000,21,27,209.6967,-75.7816,0.0629,34,0.8500,0.5714,7,6,3,3,2,9,5,0.4444
4,92.0000,21,28,321.6288,-80.5038,1.3113,22,0.5500,0.8750,8,4,0,0,0,4,0,1.0000
4,92.0000,21,30,544.6923,-84.4939,-1.5488,4,0.1000,0.8571,7,5,2,0,0,5,2,0.6000
4,92.0000,21,32,492.8141,-83.7681,0.1502,22,0.5500,0.6667,6,6,3,0,0,6,3,0.5000
4,92.0000,21,33,819.6272,-88.1528,-0.7656,3,0.0750,1.0000,8,8,8,0,0,8,8,0.0000
4,92.0000,21,35,640.6662,-85.6876,-0.0960,16,0.4000,1.0000,8,8,8,0,0,8,8,0.0000
4,92.0000,21,36,872.2912,-87.2316,-2.0510,3,0.0750,1.0000,6,8,8,0,0,8,8,0.0000
4,92.0000,21,39,545.5394,-83.7293,-0.3838,17,0.4250,0.7143,7,8,8,0,0,8,8,0.0000
4,92.0000,21,40,313.1620,-77.6129,-0.9165,33,0.8250,0.2000,5,6,3,0,0,6,3,0.5000
4,92.0000,21,44,403.1488,-81.9045,0.5947,14,0.3500,0.8571,7,7,6,0,0,7,6,0.1429
4,92.0000,21,45,406.7792,-81.6734,-0.2626,30,0.7500,0.5714,7,5,2,0,0,5,2,0.6000
4,92.0000,22,0,405.5017,-82.2783,0.5280,14,0.3590,0.9429,35,7,5,2,2,9,7,0.2222
4,92.0000,22,3,534.4450,-82.8681,0.1432,10,0.2564,0.7143,7,6,3,0,0,6,3,0.5000
4,92.0000,22,6,548.7449,-84.3947,0.0526,10,0.2564,1.0000,8,8,7,0,0,8,7,0.1250
4,92.0000,22,7,790.4996,-86.3156,-1.3395,5,0.1282,1.0000,8,7,6,0,0,7,6,0.1429
4,92.0000,22,10,812.8992,-87.7306,0.0768,5,0.1282,1.0000,8,8,8,0,0,8,8,0.0000
4,92.0000,22,16,609.1758,-86.7746,-0.9497,5,0.1282,1.0000,8,8,8,0,0,8,8,0.0000
4,92.0000,22,23,164.7956,-71.1901,-1.0847,31,0.7949,0.2000,5,4,0,0,0,4,0,1.0000
4,92.0000,22,26,680.9389,-86.0552,-1.6662,3,0.0769,1.0000,8,8,8,0,0,8,8,0.0000
4,92.0000,22,29,876.3630,-88.6374,-0.2287,3,0.0769,1.0000,8,8,7,0,0,8,7,0.1250
4,92.0000,22,37,470.5770,-83.7327,0.6830,13,0.3333,0.7143,7,6,4,0,0,6,4,0.3333
4,92.0000,22,38,476.2093,-83.1631,-0.1955,21,0.5385,0.7143,7,8,8,0,0,8,8,0.0000
4,92.0000,22,41,357.8579,-80.4192,-0.4975,21,0.5385,0.8571,7,5,2,14,14,19,16,0.1579
4,92.0000,22,43,590.6025,-85.0019,0.1988,9,0.2308,1.0000,8,7,6,60,60,67,66,0.0149
4,92.0000,22,47,621.4976,-84.6694,-0.2597,8,0.2051,1.0000,8,7,6,0,0,7,6,0.1429
4,92.0000,23,0,345.2671,-81.1579,0.8238,21,0.5385,0.8750,8,7,5,0,0,7,5,0.2857
4,92.0000,23,3,641.7447,-84.6901,-0.2227,9,0.2308,1.0000,8,6,6,0,0,6,6,0.0000
4,92.0000,23,6,592.3239,-85.8238,1.3423,6,0.1538,0.8750,8,8,8,0,0,8,8,0.0000
4,92.0000,23,7,680.0659,-84.8859,0.3595,9,0.2308,0.8571,7,7,6,0,0,7,6,0.1429
4,92.0000,23,10,714.4375,-87.4239,1.5625,3,0.0769,1.0000,8,8,8,0,0,8,8,0.0000
4,92.0000,23,16,555.4531,-85.3905,1.0807,7,0.1795,1.0000,8,8,8,0,0,8,8,0.0000
4,92.0000,23,22,164.7956,-70.7676,-1.9833,35,0.8974,0.1429,21,4,0,43,5,47,5,0.8936
4,92.0000,23,26,690.0403,-88.0912,0.2663,3,0.0769,1.0000,8,7,6,0,0,7,6,0.1429
4,92.0000,23,37,487.2666,-82.5825,-0.0164,18,0.4615,0.6250,8,7,6,0,0,7,6,0.1429
4,92.0000,23,38,377.1971,-81.6816,0.5876,25,0.6410,0.6875,32,6,3,0,0,6,3,0.5000
4,92.0000,23,41,266.5035,-78.2911,-0.1259,30,0.7692,0.4000,5,6,3,54,30,60,33,0.4500
4,92.0000,23,43,441.2381,-83.1059,0.1971,18,0.4615,1.0000,8,6,2,0,0,6,2,0.6667
4,92.0000,23,47,519.6067,-84.3999,1.8302,8,0.2051,0.7143,7,8,8,0,0,8,8,0.0000
4,92.0000,24,0,736.9603,-86.1677,-0.8925,8,0.2000,0.8571,7,6,6,0,0,6,6,0.0000
4,92.0000,24,4,736.9367,-86.2039,4.9774,4,0.1000,1.0000,8,8,8,0,0,8,8,0.0000
4,92.0000,24,6,807.7132,-86.4386,0.6420,5,0.1250,1.0000,8,8,8,0,0,8,8,0.0000
4,92.0000,24,7,726.0514,-85.7583,0.2502,15,0.3750,1.0000,8,6,6,0,0,6,6,0.0000
4,92.0000,24,10,454.8253,-81.7346,-0.0122,26,0.6500,0.4000,5,7,4,0,0,7,4,0.4286
4,92.0000,24,12,221.2142,-78.9520,0.4509,24,0.6000,0.7143,7,4,0,0,0,4,0,1.0000
4,92.0000,24,14,343.5280,-82.1058,0.4132,15,0.3750,0.7500,8,6,3,0,0,6,3,0.5000
4,92.0000,24,15,222.2205,-76.3652,-0.1059,32,0.8000,0.5000,8,7,4,0,0,7,4,0.4286
4,92.0000,24,16,540.4077,-83.8169,-0.2853,17,0.4250,0.6667,6,7,6,0,0,7,6,0.1429
4,92.0000,24,19,418.7233,-82.6576,0.9218,9,0.2250,0.8571,7,8,7,0,0,8,7,0.1250
4,92.0000,24,23,1051.4792,-88.2951,-0.1981,4,0.1000,1.0000,4,3,2,0,0,3,2,0.3333
4,92.0000,24,26,593.6107,-85.2550,-0.3384,9,0.2250,1.0000,8,8,8,0,0,8,8,0.0000
4,92.0000,24,29,323.1120,-79.7546,-0.8136,28,0.7000,0.2000,5,8,8,0,0,8,8,0.0000
4,92.0000,24,31,433.1065,-82.1622,0.5076,8,0.2000,1.0000,8,8,6,0,0,8,6,0.2500
4,92.0000,24,33,535.1538,-83.6832,-0.6183,8,0.2000,0.8571,7,8,8,0,0,8,8,0.0000
4,92.0000,24,34,487.7063,-85.0088,1.5117,7,0.1750,1.0000,8,7,6,0,0,7,6,0.1429
4,92.0000,24,36,641.1554,-85.6662,1.5472,3,0.0750,1.0000,8,6,6,0,0,6,6,0.0000
4,92.0000,24,37,766.3259,-85.3212,-1.3285,4,0.1000,1.0000,8,8,7,0,0,8,7,0.1250
4,92.0000,24,38,915.9818,-85.2754,1.1259,4,0.1000,1.0000,8,8,8,0,0,8,8,0.0000
4,92.0000,24,41,840.1020,-87.1489,0.3068,5,0.1250,0.8750,8,6,6,0,0,6,6,0.0000
4,92.0000,24,42,354.6944,-81.4664,0.2530,18,0.4500,0.5000,6,6,4,0,0,6,4,0.3333
4,92.0000,24,43,780.9793,-86.2164,0.1695,10,0.2500,1.0000,8,6,6,0,0,6,6,0.0000
4,92.0000,24,46,390.1135,-81.7990,0.0556,14,0.3500,0.6667,6,8,5,0,0,8,5,0.3750
4,92.0000,24,47,673.1378,-83.7439,-0.1019,18,0.4500,0.8333,6,10,10,0,0,10,10,0.0000
4,92.0000,25,1,930.3815,-88.5620,-0.5398,3,0.0750,1.0000,4,8,7,0,0,8,7,0.1250
4,92.0000,25,2,811.9284,-87.7310,-1.0937,4,0.1000,1.0000,8,8,8,0,0,8,8,0.0000
4,92.0000,25,9,237.6570,-78.4372,0.8469,36,0.9000,0.3333,6,5,2,0,0,5,2,0.6000
4,92.0000,25,11,373.9453,-82.9944,1.4457,12,0.3000,0.8571,7,7,5,0,0,7,5,0.2857
4,92.0000,25,13,524.1067,-84.0291,0.5173,11,0.2750,0.8571,7,8,7,0,0,8,7,0.1250
4,92.0000,25,17,564.9759,-85.2171,-0.0774,4,0.1000,1.0000,8,6,6,0,0,6,6,0.0000
4,92.0000,25,18,127.5087,-75.6787,1.8357,36,0.9000,0.4000,5,5,1,0,0,5,1,0.8000
4,92.0000,25,21,498.0407,-83.0464,0.1885,19,0.4750,0.8571,7,7,6,0,0,7,6,0.1429
4,92.0000,25,27,523.6011,-83.2899,0.3670,8,0.2000,0.8750,8,8,7,0,0,8,7,0.1250
4,92.0000,25,28,372.2043,-82.4386,0.3361,13,0.3250,0.4000,5,6,3,0,0,6,3,0.5000
4,92.0000,25,30,846.0579,-88.8012,0.4743,3,0.0750,1.0000,8,7,6,0,0,7,6,0.1429
4,92.0000,25,32,168.5313,-72.7024,0.5228,39,0.9750,0.2000,5,4,0,0,0,4,0,1.0000
4,92.0000,25,34,839.3432,-87.2015,0.0257,3,0.0750,1.0000,8,8,8,0,0,8,8,0.0000
4,92.0000,25,35,331.2202,-78.9347,-1.5595,39,0.9750,0.0000,4,8,7,0,0,8,7,0.1250
4,92.0000,25,36,714.4159,-86.6332,-0.5651,4,0.1000,1.0000,8,7,6,0,0,7,6,0.1429
4,92.0000,25,39,112.3697,-72.4099,1.6624,37,0.9250,0.0000,4,4,0,0,0,4,0,1.0000
4,92.0000,25,40,341.0724,-80.2420,-0.3473,25,0.6250,0.6667,6,6,3,0,0,6,3,0.5000
4,92.0000,25,44,574.7908,-83.8007,0.1096,7,0.1750,0.8571,7,8,8,0,0,8,8,0.0000
4,92.0000,25,45,254.1500,-77.9291,0.3296,36,0.9000,0.0000,4,5,1,0,0,5,1,0.8000
4,92.0000,26,0,406.2062,-83.3265,0.7656,20,0.5000,0.8750,8,6,3,0,0,6,3,0.5000
4,92.0000,26,1,952.3302,-88.4977,-0.0764,5,0.1250,1.0000,8,8,8,0,0,8,8,0.0000
4,92.0000,26,3,423.0210,-82.1032,-0.0463,28,0.7000,0.8571,7,6,4,0,0,6,4,0.3333
4,92.0000,26,4,943.6307,-87.9523,-0.4845,3,0.0750,1.0000,8,6,6,0,0,6,6,0.0000
4,92.0000,26,5,631.1089,-86.2688,0.1567,10,0.2500,1.0000,8,9,7,0,0,9,7,0.2222
4,92.0000,26,6,291.9189,-80.1729,0.5765,24,0.6000,0.8750,8,7,4,0,0,7,4,0.4286
4,92.0000,26,7,737.5526,-87.2790,1.4694,6,0.1500,0.8571,7,8,8,0,0,8,8,0.0000
4,92.0000,26,8,1008.7318,-89.2990,-0.4995,3,0.0750,1.0000,6,8,8,0,0,8,8,0.0000
4,92.0000,26,10,550.7197,-83.8841,0.7525,15,0.3750,0.8571,7,7,6,0,0,7,6,0.1429
4,92.0000,26,11,1255.8795,-88.3283,-0.2042,3,0.0750,,0,4,4,0,0,4,4,0.0000
4,92.0000,26,12,553.2877,-84.8773,-0.2414,9,0.2250,0.8571,7,6,6,0,0,6,6,0.0000
4,92.0000,26,13,1122.7748,-89.3055,-0.0371,4,0.1000,1.0000,2,6,6,0,0,6,6,0.0000
4,92.0000,26,14,351.4832,-78.9870,-1.0941,23,0.5750,0.2000,5,7,5,0,0,7,5,0.2857
4,92.0000,26,15,627.6877,-85.7156,-0.7871,8,0.2000,0.8571,7,8,8,0,0,8,8,0.0000
4,92.0000,26,16,298.8296,-80.6533,0.8349,26,0.6500,0.8571,7,7,4,0,0,7,4,0.4286
4,92.0000,26,17,1115.4433,-88.3496,-0.8550,3,0.0750,1.0000,4,4,4,0,0,4,4,0.0000
4,92.0000,26,19,631.8244,-84.9946,0.7921,8,0.2000,1.0000,8,8,8,0,0,8,8,0.0000
4,92.0000,26,20,947.3613,-87.8695,-0.8711,7,0.1750,1.0000,8,4,4,0,0,4,4,0.0000
4,92.0000,26,22,680.9389,-86.9025,0.2419,12,0.3000,1.0000,6,8,8,0,0,8,8,0.0000
4,92.0000,26,23,690.0403,-85.5657,1.4637,10,0.2500,0.8000,5,8,8,0,0,8,8,0.0000
4,92.0000,26,24,593.6107,-87.6422,0.0457,10,0.2500,0.8571,7,8,7,0,0,8,7,0.1250
4,92.0000,26,29,376.9478,-81.2656,0.7790,19,0.4750,0.8571,7,8,8,13,9,21,17,0.1905
4,92.0000,26,30,965.5929,-88.8454,0.1696,5,0.1250,1.0000,8,6,6,0,0,6,6,0.0000
4,92.0000,26,31,724.6112,-86.8579,0.1664,8,0.2000,1.0000,8,6,6,0,0,6,6,0.0000
4,92.0000,26,33,662.7308,-86.8560,0.4652,8,0.2000,1.0000,8,8,8,0,0,8,8,0.0000
4,92.0000,26,34,915.0714,-89.0723,-0.0648,4,0.1000,1.0000,8,9,8,0,0,9,8,0.1111
4,92.0000,26,37,292.9252,-81.7240,0.7296,24,0.6000,0.7500,8,4,0,0,0,4,0,1.0000
4,92.0000,26,38,689.8993,-86.4737,0.9176,10,0.2500,1.0000,8,8,7,0,0,8,7,0.1250
4,92.0000,26,41,541.2753,-85.1421,0.0951,17,0.4250,1.0000,8,7,6,0,0,7,6,0.1429
4,92.0000,26,42,537.8449,-84.3379,-0.6669,13,0.3250,1.0000,8,7,5,0,0,7,5,0.2857
4,92.0000,26,43,703.9708,-86.6346,0.8540,12,0.3000,1.0000,6,7,6,0,0,7,6,0.1429
4,92.0000,26,44,1124.6176,-89.2159,0.1528,3,0.0750,1.0000,8,4,4,0,0,4,4,0.0000
4,92.0000,26,46,431.5986,-80.8649,-0.6715,16,0.4000,0.6667,6,8,8,0,0,8,8,0.0000
4,92.0000,26,47,566.5816,-84.9834,0.4542,13,0.3250,1.0000,8,7,5,0,0,7,5,0.2857
4,92.0000,27,1,491.9706,-83.4399,1.0712,9,0.2250,0.5000,6,8,6,0,0,8,6,0.2500
4,92.0000,27,2,407.9402,-81.1305,-0.5763,28,0.7000,0.4000,5,7,5,0,0,7,5,0.2857
4,92.0000,27,4,453.1997,-83.1344,0.5879,8,0.2000,0.8571,7,8,7,0,0,8,7,0.1250
4,92.0000,27,5,643.6750,-86.5040,-1.1705,4,0.1000,1.0000,8,8,8,0,0,8,8,0.0000
4,92.0000,27,8,538.8057,-83.5630,0.4348,12,0.3000,0.5000,6,8,8,0,0,8,8,0.0000
4,92.0000,27,9,604.6143,-85.5976,-0.0347,16,0.4000,0.8750,8,7,6,0,0,7,6,0.1429
4,92.0000,27,11,300.0882,-79.3013,0.3941,27,0.6750,0.5714,7,6,4,0,0,6,4,0.3333
4,92.0000,27,13,301.8061,-78.3950,-0.2957,24,0.6000,0.8571,7,8,5,0,0,8,5,0.3750
4,92.0000,27,14,1031.3340,-89.4343,0.0003,3,0.0750,1.0000,2,8,8,0,0,8,8,0.0000
4,92.0000,27,17,281.5741,-77.8372,0.1444,24,0.6000,0.7143,7,6,3,0,0,6,3,0.5000
4,92.0000,27,18,577.9628,-84.9567,1.1505,12,0.3000,1.0000,8,8,8,0,0,8,8,0.0000
4,92.0000,27,19,749.0202,-87.9744,-0.1619,3,0.0750,0.8750,8,7,5,0,0,7,5,0.2857
4,92.0000,27,20,438.1903,-82.6857,0.2320,13,0.3250,0.8750,8,6,4,0,0,6,4,0.3333
4,92.0000,27,21,209.6967,-75.4882,0.1789,35,0.8750,0.3333,6,6,3,0,0,6,3,0.5000
4,92.0000,27,25,523.6011,-83.5502,-0.2007,19,0.4750,0.3333,6,8,6,0,0,8,6,0.2500
4,92.0000,27,28,200.3744,-75.6428,0.0973,32,0.8000,0.0000,4,4,0,0,0,4,0,1.0000
4,92.0000,27,30,362.1357,-82.1125,1.0371,17,0.4250,0.5714,7,7,4,0,0,7,4,0.4286
4,92.0000,27,31,711.7132,-86.8903,0.7546,3,0.0750,0.7143,7,8,8,0,0,8,8,0.0000
4,92.0000,27,32,582.3438,-84.6354,-0.0517,13,0.3250,1.0000,8,8,8,0,0,8,8,0.0000
4,92.0000,27,33,652.4425,-87.3568,0.9537,3,0.0750,1.0000,8,8,7,0,0,8,7,0.1250
4,92.0000,27,34,760.5183,-87.3048,-0.0987,3,0.0750,1.0000,8,8,8,0,0,8,8,0.0000
4,92.0000,27,35,691.2352,-85.4830,0.1154,14,0.3500,1.0000,8,4,3,0,0,4,3,0.2500
4,92.0000,27,36,746.7268,-86.0952,-1.8625,4,0.1000,1.0000,8,8,8,0,0,8,8,0.0000
4,92.0000,27,39,588.5007,-84.4439,-0.1400,14,0.3500,0.6667,6,7,6,0,0,7,6,0.1429
4,92.0000,27,40,359.7165,-79.8932,-0.3712,24,0.6000,0.8571,7,6,2,0,0,6,2,0.6667
4,92.0000,27,44,199.0184,-76.7807,1.6447,26,0.6500,0.5000,6,5,2,0,0,5,2,0.6000
4,92.0000,27,45,524.5788,-84.5331,-0.8492,18,0.4500,0.8750,8,8,7,0,0,8,7,0.1250
4,92.0000,28,1,562.3462,-82.9301,-0.8850,15,0.3750,0.8750,8,8,8,0,0,8,8,0.0000
4,92.0000,28,2,547.0090,-83.6915,-0.9302,22,0.5500,0.5000,4,8,8,0,0,8,8,0.0000
4,92.0000,28,4,498.0834,-82.2290,-0.2157,10,0.2500,0.5000,6,8,7,0,0,8,7,0.1250
4,92.0000,28,5,703.8032,-85.9079,-1.9381,4,0.1000,0.8750,8,7,6,0,0,7,6,0.1429
4,92.0000,28,8,694.9542,-84.8958,-1.3953,6,0.1500,0.7143,7,8,7,0,0,8,7,0.1250
4,92.0000,28,9,516.1420,-83.2943,-0.2945,20,0.5000,0.8571,7,7,5,0,0,7,5,0.2857
4,92.0000,28,11,114.1804,-70.0356,-0.5133,35,0.8750,0.1429,7,5,1,0,0,5,1,0.8000
4,92.0000,28,12,940.1024,-88.6164,-0.3464,4,0.1000,1.0000,8,4,4,0,0,4,4,0.0000
4,92.0000,28,13,200.5373,-73.8951,-0.5377,34,0.8500,0.0000,9,7,3,0,0,7,3,0.5714
4,92.0000,28,15,908.5122,-88.2829,3.9746,3,0.0750,1.0000,8,6,6,0,0,6,6,0.0000
4,92.0000,28,17,324.3543,-78.4441,-0.8992,22,0.5500,0.4000,5,7,6,0,0,7,6,0.1429
4,92.0000,28,18,403.6302,-81.7492,0.4916,19,0.4750,0.8571,7,7,6,0,0,7,6,0.1429
4,92.0000,28,19,735.4223,-86.0975,-1.1755,4,0.1000,1.0000,8,8,7,0,0,8,7,0.1250
4,92.0000,28,20,547.5729,-82.4866,0.0863,13,0.3250,0.8571,7,8,8,0,0,8,8,0.0000
4,92.0000,28,21,321.6288,-81.4360,0.3125,20,0.5000,0.5000,6,4,0,0,0,4,0,1.0000
4,92.0000,28,25,372.2043,-80.9550,0.4034,23,0.5750,0.6667,6,7,4,0,0,7,4,0.4286
4,92.0000,28,27,200.3744,-75.8324,0.5268,37,0.9250,0.2000,5,5,2,0,0,5,2,0.6000
4,92.0000,28,30,475.2038,-83.0749,-0.0869,11,0.2750,0.8571,7,8,8,0,0,8,8,0.0000
4,92.0000,28,31,694.2109,-85.9385,-0.6662,5,0.1250,1.0000,8,8,8,0,0,8,8,0.0000
4,92.0000,28,32,476.2850,-84.4089,-0.2706,14,0.3500,0.0000,4,6,3,0,0,6,3,0.5000
4,92.0000,28,33,693.5409,-87.7008,6.6324,3,0.0750,0.8571,7,8,8,0,0,8,8,0.0000
4,92.0000,28,34,703.5072,-85.5936,-0.1854,7,0.1750,1.0000,8,8,8,0,0,8,8,0.0000
4,92.0000,28,35,555.6060,-84.9575,-0.3739,13,0.3250,1.0000,8,7,5,0,0,7,5,0.2857
4,92.0000,28,36,645.3519,-83.8891,0.5406,8,0.2000,0.8571,7,7,6,0,0,7,6,0.1429
4,92.0000,28,39,452.7426,-82.2899,0.3697,20,0.5000,1.0000,8,5,2,0,0,5,2,0.6000
4,92.0000,28,40,332.7600,-79.8853,-0.6358,23,0.5750,0.3333,6,4,2,0,0,4,2,0.5000
4,92.0000,28,44,204.2720,-74.9380,0.0158,26,0.6500,0.2000,5,4,0,0,0,4,0,1.0000
4,92.0000,28,45,462.3612,-83.7584,0.1758,18,0.4500,0.8750,8,6,4,0,0,6,4,0.3333
4,92.0000,29,0,480.1508,-82.9093,0.4938,22,0.5500,0.8750,8,7,6,0,0,7,6,0.1429
4,92.0000,29,3,777.6210,-87.5180,-0.5646,7,0.1750,0.5000,2,8,7,0,0,8,7,0.1250
4,92.0000,29,4,952.0776,-88.0815,0.5417,5,0.1250,1.0000,8,8,8,0,0,8,8,0.0000
4,92.0000,29,5,792.4626,-87.2231,-1.3811,6,0.1500,1.0000,6,8,7,0,0,8,7,0.1250
4,92.0000,29,6,511.4360,-83.6238,0.4157,23,0.5750,0.7143,7,8,7,0,0,8,7,0.1250
4,92.0000,29,7,518.2805,-84.8737,0.1900,22,0.5500,1.0000,8,7,6,0,0,7,6,0.1429
4,92.0000,29,10,276.1337,-77.8217,-0.6900,38,0.9500,0.0000,4,7,5,0,0,7,5,0.2857
4,92.0000,29,12,429.1017,-82.1559,-0.1843,18,0.4500,0.8750,8,8,8,0,0,8,8,0.0000
4,92.0000,29,14,301.1497,-77.4729,-0.6677,32,0.8000,0.7586,58,8,8,3,2,11,10,0.0909
4,92.0000,29,15,452.3926,-81.1428,-1.6784,19,0.4750,0.8571,7,8,8,0,0,8,8,0.0000
4,92.0000,29,16,268.5433,-77.5759,-0.4132,36,0.9000,0.2000,5,7,5,0,0,7,5,0.2857
4,92.0000,29,19,579.7413,-84.7581,-0.9920,9,0.2250,0.6667,6,8,7,0,0,8,7,0.1250
4,92.0000,29,22,876.3630,-88.0283,0.2329,11,0.2750,1.0000,8,8,8,0,0,8,8,0.0000
4,92.0000,29,23,821.9456,-86.9738,-0.0753,9,0.2250,,0,4,4,0,0,4,4,0.0000
4,92.0000,29,24,323.1120,-79.5542,-0.3520,32,0.8000,0.2000,5,7,5,0,0,7,5,0.2857
4,92.0000,29,26,376.9478,-81.4683,0.7491,23,0.5750,0.7500,8,6,2,0,0,6,2,0.6667
4,92.0000,29,31,649.1972,-85.6709,0.9772,9,0.2250,1.0000,8,7,6,0,0,7,6,0.1429
4,92.0000,29,33,693.3174,-85.5284,-1.2236,10,0.2500,1.0000,8,6,6,23,22,29,28,0.0345
4,92.0000,29,34,767.8210,-86.1295,-1.0672,5,0.1250,1.0000,8,6,6,0,0,6,6,0.0000
4,92.0000,29,36,914.6812,-87.0875,0.9398,4,0.1000,1.0000,4,4,4,66,66,70,70,0.0000
4,92.0000,29,37,472.5906,-83.5829,-0.0986,26,0.6500,1.0000,8,8,7,0,0,8,7,0.1250
4,92.0000,29,38,655.7687,-86.0267,0.5303,16,0.4000,0.7500,8,5,2,0,0,5,2,0.6000
4,92.0000,29,41,585.5873,-85.3420,0.2575,14,0.3500,0.8571,7,8,6,0,0,8,6,0.2500
4,92.0000,29,42,512.8270,-82.3032,-0.1744,13,0.3250,0.8837,86,8,8,2,2,10,10,0.0000
4,92.0000,29,43,616.8976,-85.1970,0.6889,15,0.3750,0.5000,6,7,5,0,0,7,5,0.2857
4,92.0000,29,46,439.8958,-79.9625,-1.0344,26,0.6500,1.0000,8,7,6,0,0,7,6,0.1429
4,92.0000,29,47,431.4369,-82.9607,-0.4825,27,0.6750,0.7143,7,6,3,0,0,6,3,0.5000
4,92.0000,30,1,180.4140,-74.1539,0.1993,33,0.8250,0.3333,6,5,1,0,0,5,1,0.8000
4,92.0000,30,2,486.3033,-84.2647,0.5259,23,0.5750,0.5000,6,7,6,0,0,7,6,0.1429
4,92.0000,30,4,484.1575,-84.6628,0.1956,11,0.2750,0.8571,7,8,7,0,0,8,7,0.1250
4,92.0000,30,5,340.0699,-79.1208,-0.8788,18,0.4500,0.4000,5,8,8,0,0,8,8,0.0000
4,92.0000,30,8,257.6047,-76.2231,-1.1010,34,0.8500,0.5000,6,4,0,0,0,4,0,1.0000
4,92.0000,30,9,954.5329,-88.2738,0.1983,5,0.1250,1.0000,6,4,4,0,0,4,4,0.0000
4,92.0000,30,11,510.8337,-84.9219,0.5181,11,0.2750,0.6667,6,7,6,0,0,7,6,0.1429
4,92.0000,30,12,807.8361,-86.5726,-1.0107,5,0.1250,1.0000,8,8,8,0,0,8,8,0.0000
4,92.0000,30,13,391.7585,-81.8419,0.0448,14,0.3500,0.7143,7,7,5,0,0,7,5,0.2857
4,92.0000,30,15,828.9206,-87.1159,-0.1771,6,0.1500,1.0000,8,4,2,0,0,4,2,0.5000
4,92.0000,30,17,454.6794,-82.8824,0.3232,15,0.3750,1.0000,8,8,7,0,0,8,7,0.1250
4,92.0000,30,18,869.3264,-88.2515,0.8491,3,0.0750,,0,4,4,0,0,4,4,0.0000
4,92.0000,30,19,616.8823,-86.4584,0.6865,4,0.1000,0.8571,7,8,8,0,0,8,8,0.0000
4,92.0000,30,20,85.6412,-62.7312,-1.4577,37,0.9250,0.3333,6,5,1,0,0,5,1,0.8000
4,92.0000,30,21,544.6923,-84.5859,1.0180,12,0.3000,1.0000,8,8,8,0,0,8,8,0.0000
4,92.0000,30,25,846.0579,-87.4736,0.2406,3,0.0750,1.0000,8,8,8,0,0,8,8,0.0000
4,92.0000,30,27,362.1357,-82.6515,0.7800,18,0.4500,1.0000,8,6,3,0,0,6,3,0.5000
4,92.0000,30,28,475.2038,-83.1524,-0.4895,13,0.3250,0.8571,7,7,6,0,0,7,6,0.1429
4,92.0000,30,31,634.7374,-83.7557,-1.0557,9,0.2250,0.8750,8,8,8,0,0,8,8,0.0000
4,92.0000,30,33,513.8905,-82.9119,0.5551,8,0.2000,1.0000,8,8,8,0,0,8,8,0.0000
4,92.0000,30,34,781.0600,-88.9366,-0.7230,3,0.0750,1.0000,8,8,8,0,0,8,8,0.0000
4,92.0000,30,36,829.7383,-88.9565,0.0113,4,0.1000,1.0000,8,8,8,0,0,8,8,0.0000
4,92.0000,30,39,917.7302,-87.3600,0.9249,4,0.1000,1.0000,8,8,8,0,0,8,8,0.0000
4,92.0000,30,40,689.1855,-86.3411,-0.2191,8,0.2000,1.0000,8,8,7,0,0,8,7,0.1250
4,92.0000,30,42,732.0169,-86.2443,0.6545,3,0.0750,1.0000,6,8,8,0,0,8,8,0.0000
4,92.0000,30,44,281.4407,-79.1819,-0.1590,22,0.5500,0.0000,4,7,6,0,0,7,6,0.1429
4,92.0000,30,46,677.6146,-87.3148,-0.9246,5,0.1250,1.0000,8,8,8,0,0,8,8,0.0000
4,92.0000,31,1,706.9457,-86.3990,-0.0539,14,0.3500,0.7143,7,8,8,0,0,8,8,0.0000
4,92.0000,31,2,1059.6995,-88.5894,0.2337,3,0.0750,1.0000,4,4,4,0,0,4,4,0.0000
4,92.0000,31,4,339.1069,-79.3418,-0.1046,22,0.5500,0.7143,7,8,7,0,0,8,7,0.1250
4,92.0000,31,5,469.6365,-81.4193,-1.0534,17,0.4250,0.5000,6,8,7,0,0,8,7,0.1250
4,92.0000,31,8,829.1459,-86.7287,0.0245,6,0.1500,0.8000,5,6,6,0,0,6,6,0.0000
4,92.0000,31,9,1004.0273,-89.5062,-0.0710,3,0.0750,0.8571,7,4,4,0,0,4,4,0.0000
4,92.0000,31,10,857.3791,-87.4589,-0.2967,11,0.2750,1.0000,8,8,8,0,0,8,8,0.0000
4,92.0000,31,11,645.5595,-85.0686,-0.1190,12,0.3000,1.0000,6,8,8,0,0,8,8,0.0000
4,92.0000,31,12,250.5236,-76.1188,-0.8054,34,0.8500,0.2000,5,6,4,0,0,6,4,0.3333
4,92.0000,31,13,563.3810,-85.7641,0.1200,15,0.3750,0.8571,7,8,8,0,0,8,8,0.0000
4,92.0000,31,14,418.3131,-82.3827,-0.1634,20,0.5000,0.8571,7,7,6,0,0,7,6,0.1429
4,92.0000,31,15,229.6267,-78.4539,1.4016,32,0.8000,0.7143,7,6,3,0,0,6,3,0.5000
4,92.0000,31,16,836.6011,-86.2967,-0.9322,11,0.2750,0.6667,3,6,6,0,0,6,6,0.0000
4,92.0000,31,17,498.5940,-82.7532,-0.0134,13,0.3250,0.7143,7,6,4,56,56,62,60,0.0323
4,92.0000,31,19,118.5136,-69.3715,-0.1013,36,0.9000,0.2000,5,5,1,0,0,5,1,0.8000
4,92.0000,31,20,683.2211,-86.4283,-0.1328,10,0.2500,0.8750,8,6,6,0,0,6,6,0.0000
4,92.0000,31,21,879.7501,-87.5925,-0.2362,8,0.2000,1.0000,6,8,8,0,0,8,8,0.0000
4,92.0000,31,24,433.1065,-84.0374,-0.2833,18,0.4500,0.5000,6,5,4,0,0,5,4,0.2000
4,92.0000,31,25,920.1946,-88.3709,0.5792,3,0.0750,1.0000,6,8,8,0,0,8,8,0.0000
4,92.0000,31,26,724.6112,-87.0207,-0.2912,12,0.3000,0.6667,6,7,6,0,0,7,6,0.1429
4,92.0000,31,27,711.7132,-86.5256,-0.5124,11,0.2750,1.0000,8,3,2,0,0,3,2,0.3333
4,92.0000,31,28,694.2109,-85.4114,-0.1852,11,0.2750,0.9819,166,8,8,12,12,20,20,0.0000
4,92.0000,31,29,649.1972,-85.2094,-0.6865,12,0.3000,0.6667,6,8,8,0,0,8,8,0.0000
4,92.0000,31,30,634.7374,-84.8966,0.2961,16,0.4000,1.0000,8,7,6,0,0,7,6,0.1429
4,92.0000,31,32,1043.0255,-88.8203,0.3101,5,0.1250,1.0000,8,4,4,0,0,4,4,0.0000
4,92.0000,31,33,207.7047,-74.5980,-0.9567,34,0.8500,0.2000,5,5,1,0,0,5,1,0.8000
4,92.0000,31,34,221.0204,-78.0366,0.4541,34,0.8500,0.4286,7,7,4,0,0,7,4,0.4286
4,92.0000,31,36,371.7925,-80.6451,0.3081,31,0.7750,0.4286,7,7,6,4,4,11,10,0.0909
4,92.0000,31,39,940.8064,-87.7664,0.3610,5,0.1250,0.8571,7,4,3,0,0,4,3,0.2500
4,92.0000,31,40,762.7164,-86.9317,0.8134,9,0.2250,1.0000,6,8,7,0,0,8,7,0.1250
4,92.0000,31,42,280.3540,-79.1437,0.2298,28,0.7000,0.5714,7,4,0,0,0,4,0,1.0000
4,92.0000,31,44,613.1617,-84.0553,-0.7498,15,0.3750,0.8571,7,8,8,72,72,80,80,0.0000
4,92.0000,31,45,1004.8210,-89.1903,-0.3941,5,0.1250,,0,8,8,0,0,8,8,0.0000
4,92.0000,31,46,301.4803,-79.9520,0.5639,27,0.6750,0.6667,6,4,0,0,0,4,0,1.0000
4,92.0000,31,47,1044.4220,-88.2793,-0.4692,10,0.2500,,0,4,4,0,0,4,4,0.0000
4,92.0000,32,2,824.4159,-86.5828,-0.6343,7,0.1795,1.0000,8,8,8,0,0,8,8,0.0000
4,92.0000,32,4,824.8670,-86.8458,-0.6313,4,0.1026,1.0000,8,8,8,0,0,8,8,0.0000
4,92.0000,32,8,1117.8422,-88.1704,-0.8609,4,0.1026,1.0000,8,6,6,0,0,6,6,0.0000
4,92.0000,32,9,140.4584,-71.8413,-0.9145,32,0.8205,0.0000,4,4,0,0,0,4,0,1.0000
4,92.0000,32,11,508.9266,-83.9760,-0.8644,15,0.3846,1.0000,8,8,7,0,0,8,7,0.1250
4,92.0000,32,13,654.9065,-84.7790,0.8394,11,0.2821,0.8750,8,8,8,0,0,8,8,0.0000
4,92.0000,32,17,639.0529,-86.3025,-0.3370,10,0.2564,1.0000,8,8,6,0,0,8,6,0.2500
4,92.0000,32,18,280.5006,-78.4130,0.5128,30,0.7692,0.0000,4,6,2,0,0,6,2,0.6667
4,92.0000,32,20,1007.1121,-89.1554,0.2926,4,0.1026,1.0000,6,2,2,0,0,2,2,0.0000
4,92.0000,32,21,492.8141,-82.7388,0.4206,15,0.3846,0.4000,5,6,5,0,0,6,5,0.1667
4,92.0000,32,25,168.5313,-73.1551,-0.0946,34,0.8718,0.0000,4,5,1,0,0,5,1,0.8000
4,92.0000,32,27,582.3438,-84.5905,-1.3693,12,0.3077,0.8571,7,8,7,0,0,8,7,0.1250
4,92.0000,32,28,476.2850,-83.5986,-0.3449,15,0.3846,0.8571,7,8,7,0,0,8,7,0.1250
4,92.0000,32,30,932.6044,-87.5036,0.2968,4,0.1026,1.0000,4,8,8,0,0,8,8,0.0000
4,92.0000,32,34,960.5109,-86.8670,0.0901,5,0.1282,1.0000,8,4,4,0,0,4,4,0.0000
4,92.0000,32,35,334.6333,-81.1255,-0.6405,33,0.8462,0.5000,6,5,1,0,0,5,1,0.8000
4,92.0000,32,36,844.7476,-87.5804,-1.5703,3,0.0769,1.0000,8,6,6,0,0,6,6,0.0000
4,92.0000,32,39,152.8860,-71.6221,-0.5162,31,0.7949,0.2000,5,5,1,0,0,5,1,0.8000
4,92.0000,32,40,356.6308,-79.4499,-0.4850,22,0.5641,0.3333,6,6,3,0,0,6,3,0.5000
4,92.0000,32,44,678.7973,-86.1428,-1.1559,5,0.1282,1.0000,8,8,8,0,0,8,8,0.0000
4,92.0000,32,45,141.3283,-72.8238,1.2160,34,0.8718,0.0000,4,6,3,0,0,6,3,0.5000
4,92.0000,33,1,606.3807,-85.9267,0.9493,9,0.2250,1.0000,6,6,4,0,0,6,4,0.3333
4,92.0000,33,2,954.5143,-87.2951,1.4913,3,0.0750,1.0000,4,8,8,0,0,8,8,0.0000
4,92.0000,33,4,281.7298,-77.7529,-0.9200,22,0.5500,0.7143,7,7,3,0,0,7,3,0.5714
4,92.0000,33,5,342.0274,-80.2002,0.4117,19,0.4750,0.7500,8,8,6,0,0,8,6,0.2500
4,92.0000,33,8,665.2175,-85.3681,0.1171,7,0.1750,0.8333,6,8,7,0,0,8,7,0.1250
4,92.0000,33,10,899.0693,-87.3183,-0.4358,3,0.0750,1.0000,6,4,4,0,0,4,4,0.0000
4,92.0000,33,11,674.9941,-87.3747,1.1322,6,0.1500,1.0000,8,7,5,0,0,7,5,0.2857
4,92.0000,33,12,314.5846,-78.0251,-1.2135,26,0.6500,0.6250,8,7,5,0,0,7,5,0.2857
4,92.0000,33,13,574.2087,-85.9235,-1.0939,10,0.2500,0.8750,8,8,8,0,0,8,8,0.0000
4,92.0000,33,14,439.8794,-82.6991,0.5224,13,0.3250,1.0000,8,6,6,0,0,6,6,0.0000
4,92.0000,33,15,374.2313,-80.8199,-0.2162,17,0.4250,0.7500,8,5,2,0,0,5,2,0.6000
4,92.0000,33,16,821.7901,-87.4758,0.2319,7,0.1750,1.0000,2,6,6,0,0,6,6,0.0000
4,92.0000,33,17,462.4575,-83.7276,-0.3051,14,0.3500,1.0000,8,8,8,0,0,8,8,0.0000
4,92.0000,33,18,945.8527,-86.5433,0.0021,3,0.0750,,0,4,4,0,0,4,4,0.0000
4,92.0000,33,19,215.9852,-76.0286,-0.1926,30,0.7500,0.5000,6,6,2,0,0,6,2,0.6667
4,92.0000,33,20,556.0664,-83.5916,-0.0317,11,0.2750,1.0000,8,8,7,0,0,8,7,0.1250
4,92.0000,33,21,819.6272,-87.8209,-1.9832,4,0.1000,1.0000,6,8,6,0,0,8,6,0.2500
4,92.0000,33,24,535.1538,-83.6438,-0.6137,10,0.2500,0.8750,8,8,6,0,0,8,6,0.2500
4,92.0000,33,25,973.1241,-87.3562,-2.5842,3,0.0750,1.0000,6,6,6,0,0,6,6,0.0000
4,92.0000,33,26,662.7308,-85.3714,1.4531,4,0.1000,0.8571,7,7,6,0,0,7,6,0.1429
4,92.0000,33,27,652.4425,-85.6500,0.5387,9,0.2250,0.8750,8,4,2,0,0,4,2,0.5000
4,92.0000,33,28,693.5409,-86.4052,0.3829,6,0.1500,1.0000,2,8,8,0,0,8,8,0.0000
4,92.0000,33,29,693.3174,-85.4166,0.6012,7,0.1750,0.8571,7,7,6,0,0,7,6,0.1429
4,92.0000,33,30,513.8905,-84.6539,0.0929,11,0.2750,1.0000,6,8,8,0,0,8,8,0.0000
4,92.0000,33,31,207.7047,-73.8921,-0.5818,30,0.7500,0.0000,4,5,1,0,0,5,1,0.8000
4,92.0000,33,34,402.3268,-81.0740,0.5064,20,0.5000,0.8571,7,7,6,0,0,7,6,0.1429
4,92.0000,33,36,548.6747,-83.8587,-0.4653,12,0.3000,0.8571,7,8,8,0,0,8,8,0.0000
4,92.0000,33,39,1000.6910,-86.9078,-0.8395,3,0.0750,1.0000,4,4,4,0,0,4,4,0.0000
4,92.0000,33,40,765.1495,-86.4342,0.8847,5,0.1250,0.8000,5,7,6,0,0,7,6,0.1429
4,92.0000,33,42,231.2763,-77.4930,0.0594,27,0.6750,0.3333,6,5,2,0,0,5,2,0.6000
4,92.0000,33,44,574.8489,-86.0854,0.2787,7,0.1750,0.6667,6,6,6,0,0,6,6,0.0000
4,92.0000,33,46,290.2135,-80.2614,0.0494,16,0.4000,0.3333,6,6,3,0,0,6,3,0.5000
4,92.0000,34,1,865.2664,-88.1076,-0.0097,5,0.1250,1.0000,8,8,8,0,0,8,8,0.0000
4,92.0000,34,4,398.8905,-81.8041,-0.3319,17,0.4250,0.5714,7,8,8,0,0,8,8,0.0000
4,92.0000,34,5,675.8347,-85.0413,-1.1045,8,0.2000,0.8571,7,6,5,0,0,6,5,0.1667
4,92.0000,34,8,994.7714,-87.6390,-0.0409,6,0.1500,1.0000,6,4,4,0,0,4,4,0.0000
4,92.0000,34,9,905.5619,-88.0133,-0.3031,6,0.1500,1.0000,8,8,8,0,0,8,8,0.0000
4,92.0000,34,11,643.4939,-86.4568,-0.5227,8,0.2000,1.0000,8,8,8,0,0,8,8,0.0000
4,92.0000,34,12,382.3952,-81.8961,1.2643,14,0.3500,1.0000,8,8,7,0,0,8,7,0.1250
4,92.0000,34,13,609.0344,-84.5717,1.1355,8,0.2000,0.7143,7,8,8,0,0,8,8,0.0000
4,92.0000,34,14,591.5788,-86.4264,-0.7997,5,0.1250,1.0000,8,8,8,0,0,8,8,0.0000
4,92.0000,34,15,318.3364,-81.3682,2.0516,13,0.3250,0.7143,7,7,4,0,0,7,4,0.4286
4,92.0000,34,17,518.3771,-85.4481,-0.6887,10,0.2500,1.0000,8,7,6,0,0,7,6,0.1429
4,92.0000,34,18,769.4135,-85.8074,0.8242,13,0.3250,1.0000,8,6,6,0,0,6,6,0.0000
4,92.0000,34,19,323.3925,-79.7852,-0.1283,20,0.5000,0.4000,5,6,4,0,0,6,4,0.3333
4,92.0000,34,20,842.4395,-87.1214,-5.9899,4,0.1000,1.0000,8,8,8,0,0,8,8,0.0000
4,92.0000,34,21,899.5655,-87.7021,-0.3537,5,0.1250,1.0000,6,6,6,0,0,6,6,0.0000
4,92.0000,34,24,487.7063,-84.6699,0.1861,13,0.3250,1.0000,8,8,8,0,0,8,8,0.0000
4,92.0000,34,25,839.3432,-88.7486,0.6534,4,0.1000,1.0000,8,8,8,0,0,8,8,0.0000
4,92.0000,34,26,915.0714,-87.8566,0.0558,5,0.1250,0.8750,8,8,7,0,0,8,7,0.1250
4,92.0000,34,27,760.5183,-86.0691,-0.9055,6,0.1500,1.0000,6,6,6,0,0,6,6,0.0000
4,92.0000,34,28,703.5072,-85.8831,-0.4453,8,0.2000,0.8571,7,8,7,0,0,8,7,0.1250
4,92.0000,34,29,767.8210,-87.9492,1.1653,7,0.1750,1.0000,8,8,8,0,0,8,8,0.0000
4,92.0000,34,30,781.0600,-86.4643,-0.4149,5,0.1250,1.0000,8,8,8,0,0,8,8,0.0000
4,92.0000,34,31,221.0204,-78.4143,1.0292,24,0.6000,0.5714,7,4,0,0,0,4,0,1.0000
4,92.0000,34,32,960.5109,-87.8297,0.0166,7,0.1750,0.8750,8,2,2,0,0,2,2,0.0000
4,92.0000,34,33,402.3268,-82.5898,-0.7763,13,0.3250,0.8750,8,8,7,0,0,8,7,0.1250
4,92.0000,34,36,184.9551,-73.9149,-0.1481,37,0.9250,0.0000,4,6,2,0,0,6,2,0.6667
4,92.0000,34,39,838.7185,-87.1486,-0.8976,9,0.2250,0.8571,7,8,7,0,0,8,7,0.1250
4,92.0000,34,40,709.0830,-87.1006,-0.8089,9,0.2250,0.8571,7,7,6,0,0,7,6,0.1429
4,92.0000,34,42,444.7932,-83.1672,0.3759,12,0.3000,0.8571,7,5,1,0,0,5,1,0.8000
4,92.0000,34,44,685.9233,-85.3297,-1.0738,12,0.3000,0.8571,7,8,7,0,0,8,7,0.1250
4,92.0000,34,45,931.3452,-87.9345,0.4808,5,0.1250,1.0000,6,7,6,0,0,7,6,0.1429
4,92.0000,34,46,504.1791,-85.0743,0.9700,10,0.2500,0.5000,4,8,8,0,0,8,8,0.0000
4,92.0000,35,2,830.7637,-87.8918,-0.1166,7,0.1750,0.8571,7,8,8,0,0,8,8,0.0000
4,92.0000,35,9,472.9879,-82.9612,-0.1504,16,0.4000,0.7143,7,7,6,0,0,7,6,0.1429
4,92.0000,35,11,568.0894,-85.5126,1.1359,4,0.1000,1.0000,8,7,6,0,0,7,6,0.1429
4,92.0000,35,13,700.8413,-87.9805,0.2737,4,0.1000,1.0000,8,8,8,0,0,8,8,0.0000
4,92.0000,35,18,399.8247,-81.4085,0.2873,16,0.4000,0.8750,8,6,4,0,0,6,4,0.3333
4,92.0000,35,21,640.6662,-85.1868,0.8443,8,0.2000,1.0000,8,8,8,0,0,8,8,0.0000
4,92.0000,35,25,331.2202,-77.6913,-0.6734,27,0.6750,0.5000,6,7,6,0,0,7,6,0.1429
4,92.0000,35,27,691.2352,-86.2753,-0.6446,7,0.1750,1.0000,8,8,8,0,0,8,8,0.0000
4,92.0000,35,28,555.6060,-84.6864,-1.2815,5,0.1250,1.0000,8,7,6,0,0,7,6,0.1429
4,92.0000,35,32,334.6333,-80.3964,0.0536,28,0.7000,0.6667,6,4,0,0,0,4,0,1.0000
4,92.0000,35,39,402.4631,-80.8526,0.0653,21,0.5250,0.7143,7,8,7,0,0,8,7,0.1250
4,92.0000,35,40,622.6868,-85.9459,-1.3000,8,0.2000,0.5000,6,8,8,0,0,8,8,0.0000
4,92.0000,35,45,453.3310,-82.5009,-0.6682,21,0.5250,0.6250,8,6,6,0,0,6,6,0.0000
4,92.0000,36,1,906.3028,-87.1644,0.5134,5,0.1250,0.7500,4,4,4,0,0,4,4,0.0000
4,92.0000,36,4,479.9992,-82.1515,-1.8859,10,0.2500,1.0000,8,6,4,0,0,6,4,0.3333
4,92.0000,36,5,777.1786,-87.7823,-0.3129,4,0.1000,0.8571,7,8,8,0,0,8,8,0.0000
4,92.0000,36,8,1065.2595,-87.6521,0.9214,5,0.1250,1.0000,8,2,2,0,0,2,2,0.0000
4,92.0000,36,9,796.0486,-86.4970,-1.2500,13,0.3250,1.0000,8,8,8,0,0,8,8,0.0000
4,92.0000,36,11,569.7441,-83.1095,-0.2813,12,0.3000,0.8571,7,8,8,0,0,8,8,0.0000
4,92.0000,36,12,556.7487,-83.6525,-0.0729,10,0.2500,0.7143,7,8,8,0,0,8,8,0.0000
4,92.0000,36,13,570.6452,-84.3881,0.3006,10,0.2500,0.8571,7,8,8,0,0,8,8,0.0000
4,92.0000,36,14,735.1558,-88.3952,-0.4546,5,0.1250,1.0000,8,8,8,0,0,8,8,0.0000
4,92.0000,36,15,469.4050,-85.6543,0.0576,6,0.1500,0.7143,7,6,4,0,0,6,4,0.3333
4,92.0000,36,17,531.6200,-83.7594,0.0217,14,0.3500,1.0000,8,8,8,0,0,8,8,0.0000
4,92.0000,36,18,627.4152,-83.5595,-1.2702,15,0.3750,0.8750,8,6,6,0,0,6,6,0.0000
4,92.0000,36,19,458.7895,-82.5623,-0.1489,12,0.3000,1.0000,8,7,5,0,0,7,5,0.2857
4,92.0000,36,20,896.1464,-87.7001,-0.8338,8,0.2000,1.0000,8,8,8,0,0,8,8,0.0000
4,92.0000,36,21,872.2912,-87.1630,-0.9627,6,0.1500,1.0000,6,8,8,0,0,8,8,0.0000
4,92.0000,36,24,641.1554,-87.4456,-0.1126,7,0.1750,0.8571,7,7,6,0,0,7,6,0.1429
4,92.0000,36,25,714.4159,-86.3963,-1.0401,6,0.1500,1.0000,8,7,5,0,0,7,5,0.2857
4,92.0000,36,27,746.7268,-84.7962,-0.9463,6,0.1500,1.0000,8,6,6,0,0,6,6,0.0000
4,92.0000,36,28,645.3519,-83.8592,-0.5240,10,0.2500,0.8571,7,8,7,0,0,8,7,0.1250
4,92.0000,36,30,829.7383,-88.7797,-0.6065,4,0.1000,1.0000,8,6,6,0,0,6,6,0.0000
4,92.0000,36,31,371.7925,-81.0811,0.0794,12,0.3000,1.0000,8,8,6,0,0,8,6,0.2500
4,92.0000,36,32,844.7476,-86.3911,-0.2702,9,0.2250,1.0000,8,8,8,0,0,8,8,0.0000
4,92.0000,36,33,548.6747,-82.6991,-0.7828,10,0.2500,1.0000,8,7,4,0,0,7,4,0.4286
4,92.0000,36,34,184.9551,-74.0607,-0.6279,30,0.7500,0.5000,6,5,0,0,0,5,0,1.0000
4,92.0000,36,35,1008.4399,-88.4185,-0.0586,4,0.1000,1.0000,8,4,4,0,0,4,4,0.0000
4,92.0000,36,39,709.9561,-85.1654,-0.1492,13,0.3250,1.0000,8,8,8,0,0,8,8,0.0000
4,92.0000,36,40,650.4180,-84.1805,-0.5884,10,0.2500,1.0000,8,8,8,0,0,8,8,0.0000
4,92.0000,36,42,624.4665,-86.0138,1.3138,6,0.1500,0.8750,8,7,5,0,0,7,5,0.2857
4,92.0000,36,44,672.9906,-84.1975,-1.1002,10,0.2500,0.8571,7,7,6,0,0,7,6,0.1429
4,92.0000,36,45,837.4851,-87.5249,0.6881,6,0.1500,1.0000,8,8,8,0,0,8,8,0.0000
4,92.0000,36,46,651.8318,-86.5575,0.8907,5,0.1250,0.7500,8,8,7,0,0,8,7,0.1250
4,92.0000,37,0,227.5480,-76.8561,0.0393,35,0.8750,0.5000,6,4,0,0,0,4,0,1.0000
4,92.0000,37,3,397.0277,-82.8812,0.2613,29,0.7250,0.6667,6,6,3,0,0,6,3,0.5000
4,92.0000,37,6,127.4639,-71.3679,0.2599,35,0.8750,0.0000,4,4,0,0,0,4,0,1.0000
4,92.0000,37,7,595.4000,-83.8537,-0.6732,18,0.4500,0.8750,8,7,6,0,0,7,6,0.1429
4,92.0000,37,10,523.6841,-83.0812,-0.0688,21,0.5250,0.7143,7,8,8,0,0,8,8,0.0000
4,92.0000,37,14,596.1958,-84.8452,0.3492,8,0.2000,1.0000,8,8,8,0,0,8,8,0.0000
4,92.0000,37,15,858.2898,-86.5921,0.6532,3,0.0750,1.0000,8,4,4,0,0,4,4,0.0000
4,92.0000,37,16,259.0122,-78.6865,0.1978,30,0.7500,0.2000,5,4,0,0,0,4,0,1.0000
4,92.0000,37,22,470.5770,-83.6133,0.0109,30,0.7500,0.6250,8,7,4,0,0,7,4,0.4286
4,92.0000,37,23,487.2666,-83.5285,-0.1013,29,0.7250,0.5000,6,6,4,0,0,6,4,0.3333
4,92.0000,37,26,292.9252,-80.8500,0.8687,20,0.5000,0.7143,7,7,3,0,0,7,3,0.5714
4,92.0000,37,29,472.5906,-82.6253,-0.3386,13,0.3250,0.8571,7,7,6,0,0,7,6,0.1429
4,92.0000,37,38,451.9662,-82.1317,-0.2214,30,0.7500,0.6667,6,8,8,0,0,8,8,0.0000
4,92.0000,37,41,324.0820,-78.3594,-0.3248,32,0.8000,0.4000,5,7,4,0,0,7,4,0.4286
4,92.0000,37,43,575.5202,-85.2491,0.0050,17,0.4250,0.6667,6,6,4,0,0,6,4,0.3333
4,92.0000,37,46,706.7112,-83.9083,1.0909,5,0.1250,1.0000,8,8,8,0,0,8,8,0.0000
4,92.0000,37,47,418.9875,-81.0950,-0.2572,28,0.7000,0.5714,7,6,4,0,0,6,4,0.3333
4,92.0000,38,0,306.0720,-79.6467,-0.0524,32,0.8000,0.5000,6,4,0,0,0,4,0,1.0000
4,92.0000,38,3,791.0947,-86.2132,0.3290,3,0.0750,0.8571,7,8,8,0,0,8,8,0.0000
4,92.0000,38,6,558.7865,-84.3337,-0.0425,15,0.3750,0.8750,8,8,7,0,0,8,7,0.1250
4,92.0000,38,7,342.0149,-80.3609,-0.4089,31,0.7750,0.6250,8,6,2,0,0,6,2,0.6667
4,92.0000,38,10,485.5227,-83.7392,-0.5720,10,0.2500,0.8571,7,8,8,0,0,8,8,0.0000
4,92.0000,38,16,440.1225,-84.3837,0.1670,15,0.3750,0.8571,7,6,2,0,0,6,2,0.6667
4,92.0000,38,22,476.2093,-83.1537,0.1502,24,0.6000,0.7500,8,7,5,0,0,7,5,0.2857
4,92.0000,38,23,377.1971,-81.6363,0.2583,28,0.7000,0.3333,6,6,3,0,0,6,3,0.5000
4,92.0000,38,24,915.9818,-87.8086,1.2738,3,0.0750,1.0000,8,8,8,0,0,8,8,0.0000
4,92.0000,38,26,689.8993,-86.5729,-0.4116,5,0.1250,1.0000,8,7,6,0,0,7,6,0.1429
4,92.0000,38,29,655.7687,-86.3826,1.6524,5,0.1250,1.0000,8,8,7,0,0,8,7,0.1250
4,92.0000,38,37,451.9662,-82.1318,-0.8523,24,0.6000,0.8824,17,7,5,0,0,7,5,0.2857
4,92.0000,38,41,191.8909,-76.4857,0.9009,34,0.8500,0.0000,4,5,2,0,0,5,2,0.6000
4,92.0000,38,43,310.9583,-81.1625,0.5318,27,0.6750,0.3846,13,4,0,0,0,4,0,1.0000
4,92.0000,38,47,249.3988,-79.6906,1.4617,26,0.6500,0.4000,5,7,4,0,0,7,4,0.4286
4,92.0000,39,2,890.5164,-87.4214,-0.5993,5,0.1250,1.0000,8,8,8,0,0,8,8,0.0000
4,92.0000,39,9,159.0998,-73.7050,0.2831,37,0.9250,0.0000,4,4,0,0,0,4,0,1.0000
4,92.0000,39,11,455.1654,-82.8336,-0.0641,9,0.2250,0.8750,8,7,6,0,0,7,6,0.1429
4,92.0000,39,13,602.3455,-85.1232,-0.5254,6,0.1500,1.0000,8,7,6,0,0,7,6,0.1429
4,92.0000,39,17,589.4098,-85.9680,-0.2795,5,0.1250,1.0000,6,10,9,0,0,10,9,0.1000
4,92.0000,39,18,160.1414,-73.8880,0.3227,36,0.9000,0.0000,4,4,0,0,0,4,0,1.0000
4,92.0000,39,20,994.9567,-88.7618,0.3270,3,0.0750,1.0000,6,6,6,0,0,6,6,0.0000
4,92.0000,39,21,545.5394,-84.5682,-0.3754,13,0.3250,0.8571,7,7,5,0,0,7,5,0.2857
4,92.0000,39,25,112.3697,-72.4886,1.1153,33,0.8250,0.0000,4,6,2,0,0,6,2,0.6667
4,92.0000,39,27,588.5007,-85.0021,-0.6340,8,0.2000,0.8571,7,8,7,0,0,8,7,0.1250
4,92.0000,39,28,452.7426,-82.3091,-0.7335,9,0.2250,0.5000,6,6,4,0,0,6,4,0.3333
4,92.0000,39,30,917.7302,-86.4942,-0.2697,4,0.1000,1.0000,6,8,8,0,0,8,8,0.0000
4,92.0000,39,31,940.8064,-87.0871,-0.7286,3,0.0750,1.0000,8,2,2,0,0,2,2,0.0000
4,92.0000,39,32,152.8860,-72.5769,0.2572,35,0.8750,0.0000,4,4,0,0,0,4,0,1.0000
4,92.0000,39,34,838.7185,-84.8836,0.8148,4,0.1000,0.8571,7,8,8,0,0,8,8,0.0000
4,92.0000,39,35,402.4631,-80.9795,-0.3831,29,0.7250,0.4000,5,7,4,0,0,7,4,0.4286
4,92.0000,39,36,709.9561,-85.3014,-2.0910,5,0.1250,0.6667,6,7,6,0,0,7,6,0.1429
4,92.0000,39,40,334.9911,-80.1526,-0.0599,22,0.5500,0.4000,5,7,5,0,0,7,5,0.2857
4,92.0000,39,44,653.3961,-85.5431,-0.7738,4,0.1000,1.0000,8,8,8,0,0,8,8,0.0000
4,92.0000,39,45,226.0404,-78.2144,0.9788,34,0.8500,0.2000,5,5,1,0,0,5,1,0.8000
4,92.0000,40,1,827.3555,-85.9916,0.1109,3,0.0750,1.0000,4,8,8,0,0,8,8,0.0000
4,92.0000,40,2,705.0710,-84.7539,0.2656,17,0.4250,0.8571,7,8,8,0,0,8,8,0.0000
4,92.0000,40,4,492.6980,-84.0342,0.5447,6,0.1500,1.0000,8,8,7,0,0,8,7,0.1250
4,92.0000,40,8,868.7986,-87.3038,-0.9993,7,0.1750,1.0000,8,6,6,0,0,6,6,0.0000
4,92.0000,40,9,303.0186,-78.5265,-0.0706,32,0.8000,0.2000,5,8,6,0,0,8,6,0.2500
4,92.0000,40,11,389.1156,-82.8643,0.4803,16,0.4000,0.8571,7,7,4,10,9,17,13,0.2353
4,92.0000,40,13,488.4577,-83.4411,0.3873,14,0.3500,1.0000,8,8,8,0,0,8,8,0.0000
4,92.0000,40,17,311.1049,-80.7101,0.9452,17,0.4250,0.6667,6,4,0,0,0,4,0,1.0000
4,92.0000,40,18,398.3214,-82.2141,-0.1408,18,0.4500,0.5714,7,5,2,0,0,5,2,0.6000
4,92.0000,40,20,772.8212,-88.5562,1.0386,4,0.1000,0.7500,8,8,8,0,0,8,8,0.0000
4,92.0000,40,21,313.1620,-78.1421,-1.0372,29,0.7250,0.2000,5,6,3,5,4,11,7,0.3636
4,92.0000,40,25,341.0724,-80.9686,0.1287,29,0.7250,0.6667,6,6,3,0,0,6,3,0.5000
4,92.0000,40,27,359.7165,-80.4020,-0.2443,25,0.6250,0.8227,141,7,4,124,116,131,120,0.0840
4,92.0000,40,28,332.7600,-80.4585,0.3447,21,0.5250,0.8571,7,6,3,0,0,6,3,0.5000
4,92.0000,40,30,689.1855,-85.4414,1.5555,5,0.1250,1.0000,8,7,6,0,0,7,6,0.1429
4,92.0000,40,31,762.7164,-88.2301,-0.5274,3,0.0750,1.0000,8,8,8,0,0,8,8,0.0000
4,92.0000,40,32,356.6308,-79.9729,-0.2758,30,0.7500,0.4000,5,6,2,0,0,6,2,0.6667
4,92.0000,40,34,709.0830,-87.2744,0.6473,4,0.1000,0.8750,8,8,8,0,0,8,8,0.0000
4,92.0000,40,35,622.6868,-85.8717,1.0586,21,0.5250,0.5714,7,6,4,0,0,6,4,0.3333
4,92.0000,40,36,650.4180,-86.5916,0.8561,8,0.2000,0.8750,8,8,8,0,0,8,8,0.0000
4,92.0000,40,39,334.9911,-79.5235,-0.5745,26,0.6500,0.5000,6,6,2,0,0,6,2,0.6667
4,92.0000,40,44,483.8808,-83.2680,0.7200,13,0.3250,1.0000,8,7,5,0,0,7,5,0.2857
4,92.0000,40,45,262.3878,-78.4747,0.3453,34,0.8500,0.0000,4,5,1,0,0,5,1,0.8000
4,92.0000,41,0,137.2240,-72.7292,1.0865,33,0.8250,0.4000,5,4,0,0,0,4,0,1.0000
4,92.0000,41,3,634.5567,-85.3513,-0.6399,15,0.3750,0.8750,8,8,8,0,0,8,8,0.0000
4,92.0000,41,6,446.2581,-81.6435,-0.6361,25,0.6250,0.6667,6,6,3,0,0,6,3,0.5000
4,92.0000,41,7,439.7098,-83.7060,-0.8784,25,0.6250,0.0000,4,5,2,0,0,5,2,0.6000
4,92.0000,41,10,467.9104,-83.2159,0.1871,19,0.4750,1.0000,8,5,1,3,2,8,3,0.6250
4,92.0000,41,14,794.7128,-86.9530,0.6054,3,0.0750,1.0000,8,8,8,0,0,8,8,0.0000
4,92.0000,41,16,328.8526,-82.1290,0.8263,23,0.5750,0.6667,6,6,2,4,2,10,4,0.6000
4,92.0000,41,22,357.8579,-81.1197,-0.0510,28,0.7000,0.4000,5,7,5,0,0,7,5,0.2857
4,92.0000,41,23,266.5035,-78.7722,0.4574,35,0.8750,0.2000,5,4,0,0,0,4,0,1.0000
4,92.0000,41,24,840.1020,-87.9929,-1.5513,4,0.1000,1.0000,8,8,8,0,0,8,8,0.0000
4,92.0000,41,26,541.2753,-85.9404,0.1996,9,0.2250,1.0000,8,6,4,43,36,49,40,0.1837
4,92.0000,41,29,585.5873,-85.7173,0.8743,11,0.2750,1.0000,8,8,8,0,0,8,8,0.0000
4,92.0000,41,37,324.0820,-78.7346,-1.0203,28,0.7000,0.6667,6,5,1,0,0,5,1,0.8000
4,92.0000,41,38,191.8909,-75.8894,0.8954,37,0.9250,0.0000,4,4,0,0,0,4,0,1.0000
4,92.0000,41,43,300.7804,-81.2722,0.9055,27,0.6750,0.4000,5,5,1,0,0,5,1,0.8000
4,92.0000,41,46,901.8189,-88.5634,-0.2732,5,0.1250,1.0000,8,8,8,0,0,8,8,0.0000
4,92.0000,41,47,263.8007,-80.3204,1.3361,28,0.7000,0.5000,6,4,0,0,0,4,0,1.0000
4,92.0000,42,1,807.7893,-88.5001,0.3004,9,0.2195,0.7143,7,8,8,0,0,8,8,0.0000
4,92.0000,42,4,471.1277,-82.7504,-0.2292,15,0.3659,1.0000,10,8,8,0,0,8,8,0.0000
4,92.0000,42,5,494.8172,-83.2516,0.0486,12,0.2927,0.5000,6,7,6,0,0,7,6,0.1429
4,92.0000,42,6,822.6908,-86.5061,0.3349,7,0.1707,1.0000,8,6,6,0,0,6,6,0.0000
4,92.0000,42,7,961.5370,-88.1728,-0.5956,6,0.1463,0.8571,7,4,4,0,0,4,4,0.0000
4,92.0000,42,8,853.9915,-87.5132,-2.0647,4,0.0976,1.0000,6,7,6,0,0,7,6,0.1429
4,92.0000,42,10,684.4083,-85.2914,-1.2460,10,0.2439,1.0000,8,8,8,0,0,8,8,0.0000
4,92.0000,42,11,885.7565,-88.6692,0.0741,4,0.0976,1.0000,8,6,6,0,0,6,6,0.0000
4,92.0000,42,12,155.5078,-73.2966,0.6110,32,0.7805,0.4286,7,5,1,0,0,5,1,0.8000
4,92.0000,42,13,789.8670,-86.2896,0.5839,7,0.1707,1.0000,4,8,8,0,0,8,8,0.0000
4,92.0000,42,14,336.3649,-80.7389,0.1623,23,0.5610,0.7143,7,6,4,0,0,6,4,0.3333
4,92.0000,42,15,286.1226,-78.0910,-0.5005,27,0.6585,0.1667,6,6,3,0,0,6,3,0.5000
4,92.0000,42,16,630.9705,-84.9640,-1.6801,13,0.3171,0.8000,5,6,4,0,0,6,4,0.3333
4,92.0000,42,17,668.2642,-85.7635,-0.5023,10,0.2439,1.0000,8,5,4,0,0,5,4,0.2000
4,92.0000,42,19,273.2937,-79.1472,0.3110,28,0.6829,0.5000,6,5,1,0,0,5,1,0.8000
4,92.0000,42,20,763.4733,-87.8494,-0.3286,6,0.1463,0.8571,7,8,8,0,0,8,8,0.0000
4,92.0000,42,24,354.6944,-80.1410,0.3578,25,0.6098,0.3333,6,7,4,0,0,7,4,0.4286
4,92.0000,42,26,537.8449,-83.4146,-0.7772,10,0.2439,0.5000,6,7,6,0,0,7,6,0.1429
4,92.0000,42,28,913.4561,-88.3132,0.2782,3,0.0732,1.0000,2,2,2,0,0,2,2,0.0000
4,92.0000,42,29,512.8270,-82.1647,0.1626,14,0.3415,0.7778,9,7,6,0,0,7,6,0.1429
4,92.0000,42,30,732.0169,-86.9012,0.7304,8,0.1951,0.8571,7,8,8,0,0,8,8,0.0000
4,92.0000,42,31,280.3540,-78.3117,0.0523,26,0.6341,0.6071,28,6,2,0,0,6,2,0.6667
4,92.0000,42,33,231.2763,-76.8258,0.0535,30,0.7317,0.5000,8,6,2,1,0,7,2,0.7143
4,92.0000,42,34,444.7932,-83.5135,-0.0021,15,0.3659,0.8571,7,7,5,0,0,7,5,0.2857
4,92.0000,42,36,624.4665,-85.6652,-0.9602,9,0.2195,0.8000,5,8,8,0,0,8,8,0.0000
4,92.0000,42,37,795.0534,-86.4551,-1.0351,5,0.1220,1.0000,8,8,8,0,0,8,8,0.0000
4,92.0000,42,40,956.1923,-88.4500,-0.9692,3,0.0732,1.0000,4,6,6,0,0,6,6,0.0000
4,92.0000,42,41,914.8584,-88.0928,0.6347,4,0.0976,1.0000,4,6,5,0,0,6,5,0.1667
4,92.0000,42,44,803.0320,-86.3051,-0.6307,6,0.1463,0.8571,7,4,4,0,0,4,4,0.0000
4,92.0000,42,46,243.5297,-77.3979,-0.1403,31,0.7561,0.5000,6,5,1,0,0,5,1,0.8000
4,92.0000,42,47,843.2557,-87.3881,-0.1469,6,0.1463,1.0000,6,6,6,0,0,6,6,0.0000
4,92.0000,43,0,354.9865,-79.9648,-0.2872,27,0.6750,0.6667,6,7,5,0,0,7,5,0.2857
4,92.0000,43,6,700.7361,-85.3295,0.5941,9,0.2250,1.0000,8,8,8,0,0,8,8,0.0000
4,92.0000,43,7,358.3695,-80.8883,-0.5058,27,0.6750,0.4000,5,8,4,0,0,8,4,0.5000
4,92.0000,43,10,394.1745,-80.9305,0.0077,17,0.4250,0.7143,14,5,2,7,5,12,7,0.4167
4,92.0000,43,14,859.3722,-86.2935,-0.2040,3,0.0750,1.0000,8,8,8,0,0,8,8,0.0000
4,92.0000,43,16,435.7053,-81.7084,0.9132,13,0.3250,0.8750,8,7,5,0,0,7,5,0.2857
4,92.0000,43,22,590.6025,-85.6835,-0.6731,12,0.3000,0.8750,8,7,5,0,0,7,5,0.2857
4,92.0000,43,23,441.2381,-83.9950,1.1201,18,0.4500,0.7500,8,6,2,0,0,6,2,0.6667
4,92.0000,43,24,780.9793,-86.2850,-2.3090,3,0.0750,1.0000,8,8,8,0,0,8,8,0.0000
4,92.0000,43,26,703.9708,-84.9134,1.3967,3,0.0750,1.0000,8,8,8,0,0,8,8,0.0000
4,92.0000,43,29,616.8976,-84.5023,-0.2331,8,0.2000,1.0000,8,8,8,0,0,8,8,0.0000
4,92.0000,43,37,575.5202,-83.8696,-0.9541,14,0.3500,1.0000,8,6,3,0,0,6,3,0.5000
4,92.0000,43,38,310.9583,-81.3000,0.3315,31,0.7750,0.5714,7,6,3,0,0,6,3,0.5000
4,92.0000,43,41,300.7804,-81.3681,0.5133,25,0.6250,0.7143,7,7,6,0,0,7,6,0.1429
4,92.0000,43,47,263.8135,-78.3392,-0.0052,29,0.7250,0.6250,8,6,1,0,0,6,1,0.8333
4,92.0000,44,1,362.2877,-79.3545,-0.4363,28,0.7000,0.6667,6,7,6,0,0,7,6,0.1429
4,92.0000,44,2,497.3893,-84.3909,0.3099,25,0.6250,0.8750,8,5,2,0,0,5,2,0.6000
4,92.0000,44,4,445.3276,-82.9834,-0.2312,16,0.4000,0.8750,8,7,6,0,0,7,6,0.1429
4,92.0000,44,5,515.7458,-82.5220,0.3384,14,0.3500,1.0000,8,5,4,0,0,5,4,0.2000
4,92.0000,44,8,519.9533,-82.7213,-0.2622,21,0.5250,0.8571,7,7,6,0,0,7,6,0.1429
4,92.0000,44,9,712.1850,-86.5854,0.3867,13,0.3250,0.8571,7,8,8,0,0,8,8,0.0000
4,92.0000,44,11,231.8771,-76.1965,-0.5312,34,0.8500,0.0000,4,6,3,0,0,6,3,0.5000
4,92.0000,44,12,842.3253,-87.5077,-1.4903,8,0.2000,0.8750,8,8,8,0,0,8,8,0.0000
4,92.0000,44,13,141.3550,-71.5621,0.3034,37,0.9250,0.0000,5,5,1,3,0,8,1,0.8750
4,92.0000,44,14,896.3814,-88.2141,1.6724,3,0.0750,0.8571,7,4,4,0,0,4,4,0.0000
4,92.0000,44,15,824.5655,-87.6483,0.0374,6,0.1500,1.0000,8,4,4,0,0,4,4,0.0000
4,92.0000,44,17,328.7470,-79.1532,-1.1447,25,0.6250,0.5000,6,6,3,0,0,6,3,0.5000
4,92.0000,44,18,592.5794,-84.9858,1.2131,15,0.3750,0.7143,7,8,8,0,0,8,8,0.0000
4,92.0000,44,19,627.4097,-85.1712,-0.5662,9,0.2250,0.8571,7,8,8,0,0,8,8,0.0000
4,92.0000,44,20,350.1724,-80.0066,0.0729,29,0.7250,0.6667,6,6,3,0,0,6,3,0.5000
4,92.0000,44,21,403.1488,-83.4526,1.0206,21,0.5250,0.5714,7,7,4,0,0,7,4,0.4286
4,92.0000,44,25,574.7908,-86.3762,0.3967,12,0.3000,0.8750,8,6,4,0,0,6,4,0.3333
4,92.0000,44,26,1124.6176,-88.6681,-0.5528,3,0.0750,1.0000,8,8,8,0,0,8,8,0.0000
4,92.0000,44,27,199.0184,-77.6384,1.2881,32,0.8000,0.5000,6,6,3,0,0,6,3,0.5000
4,92.0000,44,28,204.2720,-75.3793,-0.2382,34,0.8500,0.0000,4,6,2,0,0,6,2,0.6667
4,92.0000,44,30,281.4407,-79.4260,0.8256,27,0.6750,0.7143,7,5,1,0,0,5,1,0.8000
4,92.0000,44,31,613.1617,-83.7955,-1.1781,13,0.3250,0.7500,8,8,7,0,0,8,7,0.1250
4,92.0000,44,32,678.7973,-86.0243,0.7656,14,0.3500,0.8750,8,7,6,0,0,7,6,0.1429
4,92.0000,44,33,574.8489,-84.9885,-0.6157,9,0.2250,1.0000,8,8,8,0,0,8,8,0.0000
4,92.0000,44,34,685.9233,-86.0268,-0.2919,8,0.2000,1.0000,8,7,6,0,0,7,6,0.1429
4,92.0000,44,35,733.2026,-86.3122,0.3181,8,0.2000,0.8333,6,6,6,0,0,6,6,0.0000
4,92.0000,44,36,672.9906,-84.9433,-1.1475,12,0.3000,1.0000,8,7,6,0,0,7,6,0.1429
4,92.0000,44,39,653.3961,-85.4608,-0.7536,10,0.2500,0.8750,8,8,7,0,0,8,7,0.1250
4,92.0000,44,40,483.8808,-83.5653,-0.1848,19,0.4750,0.7143,7,7,6,0,0,7,6,0.1429
4,92.0000,44,42,803.0320,-87.2457,0.4028,5,0.1250,0.8750,8,8,8,0,0,8,8,0.0000
4,92.0000,44,45,653.0784,-86.2328,1.0086,8,0.2000,1.0000,6,7,6,0,0,7,6,0.1429
4,92.0000,44,46,758.0064,-88.0751,0.5930,6,0.1500,1.0000,8,8,8,0,0,8,8,0.0000
4,92.0000,45,2,773.0425,-86.1979,-0.4993,4,0.1000,1.0000,8,8,7,0,0,8,7,0.1250
4,92.0000,45,9,120.1159,-74.3200,2.0897,33,0.8250,0.0000,4,7,3,0,0,7,3,0.5714
4,92.0000,45,11,516.7622,-83.3681,0.8126,10,0.2500,0.8571,7,8,7,0,0,8,7,0.1250
4,92.0000,45,17,565.9736,-84.8629,1.5901,8,0.2000,0.7143,7,7,6,0,0,7,6,0.1429
4,92.0000,45,18,362.6063,-81.8078,-0.0446,18,0.4500,0.6667,6,4,2,0,0,4,2,0.5000
4,92.0000,45,21,406.7792,-81.0435,-0.8380,17,0.4250,0.7500,8,6,4,0,0,6,4,0.3333
4,92.0000,45,25,254.1500,-77.7672,0.1862,34,0.8500,0.2000,5,6,2,0,0,6,2,0.6667
4,92.0000,45,27,524.5788,-84.8985,0.1236,9,0.2250,1.0000,8,7,6,0,0,7,6,0.1429
4,92.0000,45,28,462.3612,-84.7985,1.0255,10,0.2500,1.0000,8,6,4,0,0,6,4,0.3333
4,92.0000,45,32,141.3283,-73.3663,1.4303,33,0.8250,0.0000,4,6,1,0,0,6,1,0.8333
4,92.0000,45,34,931.3452,-88.2323,-1.8800,3,0.0750,1.0000,8,8,8,0,0,8,8,0.0000
4,92.0000,45,35,453.3310,-81.4117,-0.5223,30,0.7500,0.4000,5,6,4,0,0,6,4,0.3333
4,92.0000,45,36,837.4851,-88.0506,3.3252,3,0.0750,1.0000,8,8,7,0,0,8,7,0.1250
4,92.0000,45,39,226.0404,-77.8787,0.5746,30,0.7500,0.4000,5,6,2,0,0,6,2,0.6667
4,92.0000,45,40,262.3878,-78.0342,0.4302,24,0.6000,0.3333,6,6,3,0,0,6,3,0.5000
4,92.0000,45,44,653.0784,-85.7631,-0.8568,5,0.1250,1.0000,8,7,6,0,0,7,6,0.1429
4,92.0000,46,0,768.4450,-86.5131,1.0365,4,0.1000,0.8750,8,5,4,0,0,5,4,0.2000
4,92.0000,46,1,699.2945,-87.3232,-0.1383,3,0.0750,1.0000,8,8,8,0,0,8,8,0.0000
4,92.0000,46,3,804.6798,-86.3856,0.2563,5,0.1250,,0,4,4,0,0,4,4,0.0000
4,92.0000,46,4,559.5769,-85.7059,0.1498,7,0.1750,1.0000,8,8,8,0,0,8,8,0.0000
4,92.0000,46,5,376.7799,-82.1446,0.7573,14,0.3500,0.4000,5,9,6,0,0,9,6,0.3333
4,92.0000,46,6,699.6136,-85.5982,-0.3219,9,0.2250,1.0000,8,8,8,0,0,8,8,0.0000
4,92.0000,46,7,948.9096,-86.8745,-0.8069,5,0.1250,1.0000,2,4,4,0,0,4,4,0.0000
4,92.0000,46,8,815.2351,-86.7536,0.1554,5,0.1250,1.0000,8,6,6,0,0,6,6,0.0000
4,92.0000,46,10,685.0900,-84.6078,-0.1096,11,0.2750,1.0000,8,8,8,0,0,8,8,0.0000
4,92.0000,46,12,228.7904,-76.4636,-0.0827,25,0.6250,0.3333,6,5,2,0,0,5,2,0.6000
4,92.0000,46,13,732.2500,-88.7425,-1.8526,4,0.1000,1.0000,2,6,6,0,0,6,6,0.0000
4,92.0000,46,14,154.0052,-71.4743,-1.0846,35,0.8750,0.0000,4,3,0,0,0,3,0,1.0000
4,92.0000,46,15,270.6554,-79.3352,0.2178,26,0.6500,0.0000,4,4,0,0,0,4,0,1.0000
4,92.0000,46,16,589.1372,-83.0985,-0.3599,11,0.2750,1.0000,8,8,8,0,0,8,8,0.0000
4,92.0000,46,19,200.5690,-77.4393,0.7614,24,0.6000,0.5000,6,6,2,0,0,6,2,0.6667
4,92.0000,46,20,691.1254,-85.1430,-0.7047,5,0.1250,0.8000,5,8,8,0,0,8,8,0.0000
4,92.0000,46,23,1070.8967,-89.0782,0.2368,3,0.0750,,0,4,4,0,0,4,4,0.0000
4,92.0000,46,24,390.1135,-82.1221,0.1762,19,0.4750,0.7143,7,6,4,0,0,6,4,0.3333
4,92.0000,46,26,431.5986,-80.3815,-0.9518,20,0.5000,0.8571,7,7,6,0,0,7,6,0.1429
4,92.0000,46,28,895.6848,-87.7509,-0.0610,5,0.1250,1.0000,8,4,4,0,0,4,4,0.0000
4,92.0000,46,29,439.8958,-80.8417,-0.9821,17,0.4250,0.7143,7,8,7,0,0,8,7,0.1250
4,92.0000,46,30,677.6146,-85.5810,0.0598,7,0.1750,1.0000,8,9,8,0,0,9,8,0.1111
4,92.0000,46,31,301.4803,-79.5506,0.1501,17,0.4250,0.8571,7,6,3,0,0,6,3,0.5000
4,92.0000,46,33,290.2135,-80.3822,0.4620,15,0.3750,0.7500,8,7,3,0,0,7,3,0.5714
4,92.0000,46,34,504.1791,-83.7394,1.0135,7,0.1750,1.0000,8,8,7,0,0,8,7,0.1250
4,92.0000,46,36,651.8318,-85.7486,0.4997,8,0.2000,0.6000,5,8,8,0,0,8,8,0.0000
4,92.0000,46,37,706.7112,-86.9544,0.0468,8,0.2000,1.0000,8,8,8,0,0,8,8,0.0000
4,92.0000,46,41,901.8189,-88.6354,-0.5628,4,0.1000,1.0000,8,2,2,0,0,2,2,0.0000
4,92.0000,46,42,243.5297,-76.8358,0.5184,30,0.7500,0.2000,5,5,1,0,0,5,1,0.8000
4,92.0000,46,43,955.7033,-88.8260,0.4152,4,0.1000,1.0000,6,2,2,0,0,2,2,0.0000
4,92.0000,46,44,758.0064,-87.1502,0.4089,5,0.1250,0.8571,7,6,6,2,2,8,8,0.0000
4,92.0000,46,47,830.4323,-85.4602,-0.5554,8,0.2000,1.0000,6,4,4,0,0,4,4,0.0000
4,92.0000,47,0,270.6759,-76.6048,-0.3623,36,0.9000,0.0000,4,7,4,0,0,7,4,0.4286
4,92.0000,47,3,800.6026,-84.9053,0.2811,3,0.0750,1.0000,6,8,8,0,0,8,8,0.0000
4,92.0000,47,6,526.5510,-82.9846,-0.6870,14,0.3500,0.4000,5,8,8,0,0,8,8,0.0000
4,92.0000,47,7,201.1424,-76.2101,-0.1390,37,0.9250,0.2000,5,4,0,0,0,4,0,1.0000
4,92.0000,47,10,236.3225,-75.1525,-1.6170,34,0.8500,0.0000,4,4,0,0,0,4,0,1.0000
4,92.0000,47,12,800.3211,-86.9432,0.9496,4,0.1000,1.0000,8,8,8,0,0,8,8,0.0000
4,92.0000,47,14,705.6864,-84.3978,-0.0456,4,0.1000,1.0000,8,8,8,0,0,8,8,0.0000
4,92.0000,47,15,855.1392,-85.6369,-1.1844,3,0.0750,1.0000,8,8,8,0,0,8,8,0.0000
4,92.0000,47,16,271.2750,-77.6942,-0.0075,32,0.8000,0.2000,5,5,1,0,0,5,1,0.8000
4,92.0000,47,22,621.4976,-85.0718,0.4516,15,0.3750,0.8000,5,6,4,0,0,6,4,0.3333
4,92.0000,47,23,519.6067,-84.4140,0.5346,20,0.5000,0.5714,7,7,5,0,0,7,5,0.2857
4,92.0000,47,24,673.1378,-85.3740,-0.6581,6,0.1500,1.0000,8,8,8,0,0,8,8,0.0000
4,92.0000,47,26,566.5816,-84.9805,-0.5055,6,0.1500,0.8571,7,7,5,0,0,7,5,0.2857
4,92.0000,47,29,431.4369,-82.2121,0.6759,12,0.3000,1.0000,8,5,2,0,0,5,2,0.6000
4,92.0000,47,37,418.9875,-81.9684,-0.8761,27,0.6750,0.5000,6,7,5,0,0,7,5,0.2857
4,92.0000,47,38,249.3988,-80.4414,1.6687,35,0.8750,0.5000,6,5,1,0,0,5,1,0.8000
4,92.0000,47,41,263.8007,-79.6770,0.9400,33,0.8250,0.2000,5,7,4,0,0,7,4,0.4286
4,92.0000,47,43,263.8135,-78.2858,0.2720,36,0.9000,0.5000,6,4,0,0,0,4,0,1.0000
4,92.0000,47,46,830.4323,-84.8115,-0.5789,4,0.1000,1.0000,8,8,8,0,0,8,8,0.0000
4,96.0000,0,3,447.8880,-83.1533,0.4315,14,0.3590,0.7143,7,6,4,0,0,6,4,0.3333
4,96.0000,0,5,939.7756,-89.3923,-0.1021,4,0.1026,1.0000,8,2,2,0,0,2,2,0.0000
4,96.0000,0,6,370.9215,-81.0403,-0.3566,26,0.6667,0.5000,6,6,3,0,0,6,3,0.5000
4,96.0000,0,7,485.2633,-83.2053,-0.0391,21,0.5385,0.8571,7,7,5,0,0,7,5,0.2857
4,96.0000,0,10,549.0940,-83.2495,-1.1190,18,0.4615,0.8571,7,7,5,0,0,7,5,0.2857
4,96.0000,0,12,788.0894,-87.3480,-2.6249,3,0.0769,1.0000,8,8,8,0,0,8,8,0.0000
4,96.0000,0,14,758.5295,-84.1496,-0.6304,5,0.1282,1.0000,6,10,10,0,0,10,10,0.0000
4,96.0000,0,16,183.2175,-74.8673,0.0109,30,0.7692,0.5000,6,5,2,0,0,5,2,0.6000
4,96.0000,0,22,328.9532,-80.9035,0.1864,28,0.7179,0.2000,5,4,0,0,0,4,0,1.0000
4,96.0000,0,23,266.7858,-79.1841,0.7586,32,0.8205,0.5000,6,5,1,0,0,5,1,0.8000
4,96.0000,0,24,823.0158,-87.1618,0.4271,5,0.1282,1.0000,8,8,8,0,0,8,8,0.0000
4,96.0000,0,26,309.3617,-79.7173,0.5147,22,0.5641,0.4000,5,6,3,0,0,6,3,0.5000
4,96.0000,0,29,492.3431,-83.5561,-0.5546,15,0.3846,0.8571,7,7,5,0,0,7,5,0.2857
4,96.0000,0,37,245.3087,-77.5133,0.3932,27,0.6923,0.2000,5,4,0,0,0,4,0,1.0000
4,96.0000,0,38,310.7950,-78.8804,-0.0815,29,0.7436,0.2000,5,5,1,0,0,5,1,0.8000
4,96.0000,0,41,191.4885,-73.4324,-0.5306,28,0.7179,0.0000,4,4,1,0,0,4,1,0.7500
4,96.0000,0,43,365.8984,-80.8458,-0.0662,27,0.6923,0.0000,4,7,5,0,0,7,5,0.2857
4,96.0000,0,47,351.3760,-79.8128,-1.3183,24,0.6154,0.5000,6,5,1,0,0,5,1,0.8000
4,96.0000,1,2,618.9962,-84.4336,-0.9729,16,0.4000,0.8750,8,6,6,0,0,6,6,0.0000
4,96.0000,1,4,613.1966,-85.0812,0.2362,8,0.2000,1.0000,8,7,5,0,0,7,5,0.2857
4,96.0000,1,5,342.6276,-79.5385,0.2958,24,0.6000,0.8571,7,6,4,0,0,6,4,0.3333
4,96.0000,1,8,297.8091,-78.8292,0.2073,28,0.7000,0.6667,6,5,2,0,0,5,2,0.6000
4,96.0000,1,11,699.4505,-85.1399,-1.1877,9,0.2250,1.0000,8,8,8,0,0,8,8,0.0000
4,96.0000,1,12,928.8709,-87.0614,0.2733,5,0.1250,1.0000,8,8,8,0,0,8,8,0.0000
4,96.0000,1,13,531.3643,-83.5515,-0.3642,10,0.2500,0.6667,6,8,8,0,0,8,8,0.0000
4,96.0000,1,14,812.6322,-87.0654,0.4533,5,0.1250,1.0000,8,8,8,0,0,8,8,0.0000
4,96.0000,1,15,812.7800,-86.1325,-0.0496,4,0.1000,1.0000,8,8,8,0,0,8,8,0.0000
4,96.0000,1,17,711.9200,-86.4744,0.7493,4,0.1000,0.8571,7,8,8,0,0,8,8,0.0000
4,96.0000,1,19,585.2353,-85.8151,1.3432,7,0.1750,1.0000,8,8,8,0,0,8,8,0.0000
4,96.0000,1,20,138.2801,-71.1854,-0.3661,35,0.8750,0.0000,4,5,1,0,0,5,1,0.8000
4,96.0000,1,21,675.1333,-85.4628,0.5998,7,0.1750,1.0000,9,7,7,0,0,7,7,0.0000
4,96.0000,1,24,952.2335,-88.2277,1.3134,3,0.0750,1.0000,2,6,6,0,0,6,6,0.0000
4,96.0000,1,25,967.7933,-88.1537,-0.6157,5,0.1250,1.0000,6,6,6,0,0,6,6,0.0000
4,96.0000,1,26,1009.0304,-87.7149,-0.0603,5,0.1250,1.0000,8,4,4,0,0,4,4,0.0000
4,96.0000,1,27,487.0061,-83.9190,-1.0648,13,0.3250,1.0000,6,10,9,0,0,10,9,0.1000
4,96.0000,1,28,662.1999,-85.6165,-2.6378,9,0.2250,0.6667,6,8,8,0,0,8,8,0.0000
4,96.0000,1,30,264.9494,-75.8994,-1.0192,34,0.8500,0.0000,4,5,1,0,0,5,1,0.8000
4,96.0000,1,31,766.9457,-86.6393,-0.9826,6,0.1500,1.0000,8,8,8,0,0,8,8,0.0000
4,96.0000,1,33,519.7809,-83.8693,-1.0364,8,0.2000,1.0000,8,8,6,0,0,8,6,0.2500
4,96.0000,1,34,882.6357,-88.1764,-0.5597,5,0.1250,1.0000,8,6,6,0,0,6,6,0.0000
4,96.0000,1,36,834.1080,-87.0440,-0.2547,4,0.1000,1.0000,8,8,8,0,0,8,8,0.0000
4,96.0000,1,40,900.3247,-87.7310,-0.6590,5,0.1250,1.0000,8,8,8,0,0,8,8,0.0000
4,96.0000,1,42,779.4890,-86.4648,-0.2647,5,0.1250,1.0000,8,8,8,0,0,8,8,0.0000
4,96.0000,1,44,485.6634,-81.2324,-1.3428,15,0.3750,0.8571,7,8,8,0,0,8,8,0.0000
4,96.0000,1,46,656.8972,-86.5562,-2.7187,5,0.1250,1.0000,8,8,8,0,0,8,8,0.0000
4,96.0000,2,1,618.9962,-84.0364,0.3673,6,0.1500,0.8571,7,8,8,0,0,8,8,0.0000
4,96.0000,2,8,522.3900,-84.5237,1.5048,6,0.1500,0.7143,7,8,6,0,0,8,6,0.2500
4,96.0000,2,11,589.2487,-84.9552,2.4710,5,0.1250,1.0000,8,7,5,0,0,7,5,0.2857
4,96.0000,2,13,613.9521,-84.5501,0.1795,6,0.1500,0.8750,8,6,6,0,0,6,6,0.0000
4,96.0000,2,17,629.0061,-84.8482,-0.9803,3,0.0750,1.0000,8,8,8,0,0,8,8,0.0000
4,96.0000,2,20,517.3945,-83.5431,0.2667,8,0.2000,0.8750,8,8,8,0,0,8,8,0.0000
4,96.0000,2,21,303.2197,-80.8231,1.5099,14,0.3500,0.7143,7,4,0,0,0,4,0,1.0000
4,96.0000,2,25,727.6810,-86.4652,-0.7036,4,0.1000,1.0000,8,8,8,0,0,8,8,0.0000
4,96.0000,2,27,362.6039,-80.5781,-0.7249,8,0.2000,1.0000,8,6,4,0,0,6,4,0.3333
4,96.0000,2,28,422.7279,-84.2965,0.3372,7,0.1750,0.8750,8,7,5,0,0,7,5,0.2857
4,96.0000,2,30,400.0400,-82.7451,1.0401,7,0.1750,0.5714,7,6,4,0,0,6,4,0.3333
4,96.0000,2,32,709.9488,-87.1959,1.5082,4,0.1000,0.8571,7,7,6,0,0,7,6,0.1429
4,96.0000,2,39,819.5046,-87.5684,0.9127,3,0.0750,1.0000,8,8,8,0,0,8,8,0.0000
4,96.0000,2,40,671.3253,-84.8693,-2.6376,3,0.0750,1.0000,8,7,5,0,0,7,5,0.2857
4,96.0000,2,44,380.7161,-82.0058,0.8879,8,0.2000,0.5000,6,8,7,0,0,8,7,0.1250
4,96.0000,2,45,622.5388,-87.7600,0.9910,3,0.0750,1.0000,8,7,6,0,0,7,6,0.1429
4,96.0000,3,0,447.8880,-83.7806,0.3948,15,0.3659,0.8571,7,7,6,0,0,7,6,0.1429
4,96.0000,3,5,670.3501,-86.4283,3.3610,3,0.0732,1.0000,8,8,7,0,0,8,7,0.1250
4,96.0000,3,6,256.9917,-78.9715,1.3733,27,0.6585,0.4000,5,6,2,0,0,6,2,0.6667
4,96.0000,3,7,875.6195,-86.9491,0.7770,3,0.0732,1.0000,4,3,2,0,0,3,2,0.3333
4,96.0000,3,10,918.9345,-86.6307,-0.1189,4,0.0976,1.0000,8,8,8,0,0,8,8,0.0000
4,96.0000,3,14,765.5654,-86.0991,-0.7283,3,0.0732,1.0000,6,8,8,10,10,18,18,0.0000
4,96.0000,3,16,528.8503,-84.7135,0.5270,6,0.1463,1.0000,8,8,8,0,0,8,8,0.0000
4,96.0000,3,22,491.9182,-83.4383,0.6471,17,0.4146,0.8571,7,6,4,0,0,6,4,0.3333
4,96.0000,3,23,625.8289,-84.9692,0.3534,14,0.3415,0.8571,7,6,6,0,0,6,6,0.0000
4,96.0000,3,26,405.4004,-80.6792,1.5271,13,0.3171,0.5714,7,8,8,0,0,8,8,0.0000
4,96.0000,3,29,711.9044,-86.3082,0.5816,8,0.1951,1.0000,8,8,8,0,0,8,8,0.0000
4,96.0000,3,37,278.5486,-79.9046,1.4323,23,0.5610,0.8571,7,4,0,0,0,4,0,1.0000
4,96.0000,3,38,747.4304,-85.1483,0.3213,9,0.2195,0.8750,8,7,6,0,0,7,6,0.1429
4,96.0000,3,41,636.7249,-85.4974,-1.2218,7,0.1707,1.0000,8,8,8,0,0,8,8,0.0000
4,96.0000,3,43,804.7934,-86.5998,1.4159,6,0.1463,1.0000,8,8,8,0,0,8,8,0.0000
4,96.0000,3,47,778.4768,-87.4165,-2.3945,5,0.1220,1.0000,8,8,8,0,0,8,8,0.0000
4,96.0000,4,1,613.1966,-86.4339,-0.1142,15,0.3659,0.8750,8,5,3,0,0,5,3,0.4000
4,96.0000,4,2,681.4101,-85.9648,1.0511,15,0.3659,1.0000,6,5,4,0,0,5,4,0.2000
4,96.0000,4,5,590.0085,-83.6660,0.1941,15,0.3659,0.9000,10,6,6,0,0,6,6,0.0000
4,96.0000,4,8,503.9860,-84.5142,0.7427,20,0.4878,0.8750,8,8,8,0,0,8,8,0.0000
4,96.0000,4,9,819.1939,-87.7676,-0.1811,6,0.1463,1.0000,8,8,7,0,0,8,7,0.1250
4,96.0000,4,11,492.9751,-83.0190,-0.3486,17,0.4146,1.0000,8,7,5,0,0,7,5,0.2857
4,96.0000,4,12,666.1359,-85.4960,-0.7356,12,0.2927,0.5714,7,8,8,0,0,8,8,0.0000
4,96.0000,4,13,383.3145,-82.3026,0.7862,20,0.4878,1.0000,8,8,6,0,0,8,6,0.2500
4,96.0000,4,14,703.9931,-85.5348,-0.5732,9,0.2195,1.0000,8,8,7,0,0,8,7,0.1250
4,96.0000,4,15,538.5130,-83.8189,-0.1407,17,0.4146,1.0000,8,7,4,0,0,7,4,0.4286
4,96.0000,4,17,196.0366,-75.0233,-0.2369,32,0.7805,0.1667,6,4,2,0,0,4,2,0.5000
4,96.0000,4,18,775.9789,-86.7042,-0.2785,11,0.2683,1.0000,2,8,8,0,0,8,8,0.0000
4,96.0000,4,19,462.0367,-82.5612,-0.6273,19,0.4634,0.7143,7,6,4,0,0,6,4,0.3333
4,96.0000,4,20,572.4303,-84.5753,-1.2098,18,0.4390,0.8750,8,6,4,0,0,6,4,0.3333
4,96.0000,4,21,451.9219,-84.6298,0.4110,15,0.3659,0.6667,6,4,0,0,0,4,0,1.0000
4,96.0000,4,24,703.3081,-85.6304,-0.3869,12,0.2927,0.8750,8,8,8,0,0,8,8,0.0000
4,96.0000,4,25,651.4604,-86.9930,-0.2640,13,0.3171,0.8571,7,8,8,0,0,8,8,0.0000
4,96.0000,4,27,335.2853,-80.8460,1.7646,18,0.4390,0.8571,7,8,4,0,0,8,4,0.5000
4,96.0000,4,28,518.4885,-83.9446,-0.2916,18,0.4390,0.7143,7,7,5,0,0,7,5,0.2857
4,96.0000,4,30,446.5810,-83.6073,0.3536,18,0.4390,0.5000,6,8,7,0,0,8,7,0.1250
4,96.0000,4,31,416.0532,-81.5975,-0.6010,24,0.5854,0.8750,8,7,5,0,0,7,5,0.2857
4,96.0000,4,32,884.5004,-87.2366,-0.6213,11,0.2683,1.0000,8,7,6,0,0,7,6,0.1429
4,96.0000,4,33,301.5542,-79.1488,-0.4018,28,0.6829,0.5000,6,7,4,0,0,7,4,0.4286
4,96.0000,4,34,481.9275,-82.9494,-0.1660,23,0.5610,0.7500,8,5,4,0,0,5,4,0.2000
4,96.0000,4,35,994.3269,-88.1188,0.1633,7,0.1707,1.0000,2,2,2,0,0,2,2,0.0000
4,96.0000,4,36,453.4162,-83.1460,-0.3444,25,0.6098,0.6667,6,7,6,0,0,7,6,0.1429
4,96.0000,4,39,801.8415,-87.4626,-0.7242,10,0.2439,1.0000,6,9,8,0,0,9,8,0.1111
4,96.0000,4,40,427.2629,-83.2672,0.7194,19,0.4634,0.8571,7,5,2,0,0,5,2,0.6000
4,96.0000,4,42,462.7193,-83.3783,0.5454,20,0.4878,1.0000,8,6,4,0,0,6,4,0.3333
4,96.0000,4,44,452.5601,-83.7756,-0.4620,17,0.4146,0.8571,7,5,1,0,0,5,1,0.8000
4,96.0000,4,45,627.7218,-86.0105,0.1313,14,0.3415,1.0000,8,7,6,0,0,7,6,0.1429
4,96.0000,4,46,501.4036,-84.2906,0.2079,16,0.3902,0.5000,6,8,7,0,0,8,7,0.1250
4,96.0000,5,0,939.7756,-87.7171,-0.8719,5,0.1250,1.0000,8,8,8,0,0,8,8,0.0000
4,96.0000,5,1,342.6276,-79.6550,0.1637,27,0.6750,0.7143,7,8,5,0,0,8,5,0.3750
4,96.0000,5,3,670.3501,-86.7853,0.1474,6,0.1500,1.0000,8,8,7,0,0,8,7,0.1250
4,96.0000,5,4,590.0085,-85.8682,-1.6688,8,0.2000,0.7143,7,8,8,0,0,8,8,0.0000
4,96.0000,5,6,770.9513,-87.8103,-0.6974,9,0.2250,1.0000,8,7,6,0,0,7,6,0.1429
4,96.0000,5,8,428.1583,-82.4193,0.0060,24,0.6000,0.8571,7,10,10,0,0,10,10,0.0000
4,96.0000,5,10,1130.2308,-88.5900,0.1946,3,0.0750,1.0000,2,4,4,0,0,4,4,0.0000
4,96.0000,5,11,848.5534,-86.0985,0.2168,4,0.1000,1.0000,8,6,6,0,0,6,6,0.0000
4,96.0000,5,12,651.4937,-85.1918,0.0467,9,0.2250,1.0000,8,8,7,0,0,8,7,0.1250
4,96.0000,5,13,642.1592,-84.3042,-0.5771,8,0.2000,0.8571,7,7,6,0,0,7,6,0.1429
4,96.0000,5,14,532.5332,-84.9031,-0.3949,14,0.3500,0.8750,8,8,8,0,0,8,8,0.0000
4,96.0000,5,15,607.7562,-85.5975,-0.1003,10,0.2500,1.0000,8,8,7,0,0,8,7,0.1250
4,96.0000,5,16,898.8101,-87.6767,-1.9161,5,0.1250,1.0000,8,4,4,0,0,4,4,0.0000
4,96.0000,5,17,755.4777,-87.4766,-1.1485,6,0.1500,1.0000,8,8,8,0,0,8,8,0.0000
4,96.0000,5,19,366.3221,-80.8364,0.1592,18,0.4500,1.0000,8,8,7,0,0,8,7,0.1250
4,96.0000,5,20,405.5179,-80.9606,-0.3888,21,0.5250,0.8750,8,8,8,0,0,8,8,0.0000
4,96.0000,5,21,852.5496,-86.1300,0.5864,4,0.1000,1.0000,8,4,4,0,0,4,4,0.0000
4,96.0000,5,24,685.9535,-86.2037,1.8197,7,0.1750,1.0000,8,8,7,0,0,8,7,0.1250
4,96.0000,5,26,670.6977,-85.8127,0.2823,12,0.3000,1.0000,8,9,8,0,0,9,8,0.1111
4,96.0000,5,27,654.3727,-86.6501,-1.1439,5,0.1250,1.0000,8,8,8,0,0,8,8,0.0000
4,96.0000,5,29,830.3867,-86.5201,-0.1025,8,0.2000,0.8750,8,6,6,0,0,6,6,0.0000
4,96.0000,5,30,494.2570,-80.8566,-0.2785,18,0.4500,1.0000,8,8,8,0,0,8,8,0.0000
4,96.0000,5,31,592.0148,-84.1570,-0.5044,9,0.2250,1.0000,8,10,8,0,0,10,8,0.2000
4,96.0000,5,33,341.5428,-79.7591,0.3002,20,0.5000,0.8571,7,6,3,0,0,6,3,0.5000
4,96.0000,5,34,721.0346,-85.3730,-0.1285,4,0.1000,1.0000,8,8,8,0,0,8,8,0.0000
4,96.0000,5,36,749.0322,-87.4427,-1.2539,6,0.1500,1.0000,8,8,8,0,0,8,8,0.0000
4,96.0000,5,37,786.5034,-87.0073,1.8842,4,0.1000,1.0000,4,7,6,0,0,7,6,0.1429
4,96.0000,5,42,532.2352,-83.1984,0.1879,15,0.3750,0.6667,6,8,8,0,0,8,8,0.0000
4,96.0000,5,44,698.4060,-85.4120,-0.5857,8,0.2000,0.8571,7,8,8,0,0,8,8,0.0000
4,96.0000,5,46,416.0424,-80.7929,0.0706,18,0.4500,0.8750,8,8,8,0,0,8,8,0.0000
4,96.0000,6,0,370.9215,-80.2807,0.1180,26,0.6500,0.6000,5,8,6,0,0,8,6,0.2500
4,96.0000,6,3,256.9917,-79.1677,0.6305,30,0.7500,0.7143,7,4,0,0,0,4,0,1.0000
4,96.0000,6,5,770.9513,-87.3088,0.9188,4,0.1000,1.0000,8,8,8,0,0,8,8,0.0000
4,96.0000,6,7,705.8050,-85.3406,-0.6233,7,0.1750,1.0000,8,8,8,0,0,8,8,0.0000
4,96.0000,6,10,779.8676,-85.1483,-0.1035,10,0.2500,0.7500,8,8,8,0,0,8,8,0.0000
4,96.0000,6,12,844.8342,-87.5807,0.1629,3,0.0750,1.0000,8,8,8,0,0,8,8,0.0000
4,96.0000,6,14,718.3095,-86.4938,-0.2777,7,0.1750,0.8750,8,8,8,0,0,8,8,0.0000
4,96.0000,6,15,972.6494,-88.4094,0.3763,3,0.0750,0.8571,7,8,8,0,0,8,8,0.0000
4,96.0000,6,16,401.6776,-81.7369,0.1529,25,0.6250,0.5000,6,7,5,0,0,7,5,0.2857
4,96.0000,6,22,521.7320,-83.6055,-0.9269,21,0.5250,0.8750,8,7,6,0,0,7,6,0.1429
4,96.0000,6,23,609.1688,-84.7836,0.1407,21,0.5250,1.0000,8,8,8,0,0,8,8,0.0000
4,96.0000,6,24,862.9473,-86.6858,0.9881,5,0.1250,1.0000,10,6,6,0,0,6,6,0.0000
4,96.0000,6,26,332.3471,-80.2554,-0.5645,25,0.6250,0.7143,7,8,5,0,0,8,5,0.3750
4,96.0000,6,29,576.4987,-83.9984,-0.0864,13,0.3250,0.8571,7,8,7,0,0,8,7,0.1250
4,96.0000,6,37,131.5623,-71.5869,-0.1396,34,0.8500,0.2000,5,5,1,0,0,5,1,0.8000
4,96.0000,6,38,605.3321,-84.2430,0.0005,18,0.4500,0.8571,7,7,6,0,0,7,6,0.1429
4,96.0000,6,41,538.2020,-83.1803,-0.1471,19,0.4750,0.7143,7,8,7,0,0,8,7,0.1250
4,96.0000,6,43,726.4150,-85.9795,0.2073,11,0.2750,1.0000,8,7,6,0,0,7,6,0.1429
4,96.0000,6,46,839.7982,-86.1991,-0.1966,4,0.1000,1.0000,8,8,8,0,0,8,8,0.0000
4,96.0000,6,47,627.4228,-84.7444,-0.1339,18,0.4500,0.6667,6,8,8,0,0,8,8,0.0000
4,96.0000,7,0,485.2633,-83.3226,0.6582,18,0.4500,0.7143,7,7,5,0,0,7,5,0.2857
4,96.0000,7,6,705.8050,-86.2407,-0.3879,9,0.2250,0.7500,8,7,6,0,0,7,6,0.1429
4,96.0000,7,10,175.6566,-75.6703,1.3210,31,0.7750,0.4000,5,5,0,0,0,5,0,1.0000
4,96.0000,7,12,764.7449,-87.2343,0.2649,4,0.1000,1.0000,8,8,8,0,0,8,8,0.0000
4,96.0000,7,14,769.0099,-85.9060,0.3803,3,0.0750,1.0000,8,8,8,0,0,8,8,0.0000
4,96.0000,7,16,352.5868,-80.9992,0.5308,16,0.4000,0.3333,6,7,5,0,0,7,5,0.2857
4,96.0000,7,22,769.9715,-86.6043,-0.4620,8,0.2000,0.8750,8,8,8,0,0,8,8,0.0000
4,96.0000,7,23,593.2197,-85.8664,0.5640,13,0.3250,0.7143,7,7,5,0,0,7,5,0.2857
4,96.0000,7,24,755.7689,-86.2011,0.1459,5,0.1250,1.0000,8,8,8,0,0,8,8,0.0000
4,96.0000,7,26,541.2582,-85.2007,0.7676,9,0.2250,1.0000,8,5,1,0,0,5,1,0.8000
4,96.0000,7,29,374.2835,-82.8040,2.5065,13,0.3250,0.6667,6,8,7,0,0,8,7,0.1250
4,96.0000,7,37,610.0898,-85.4486,-0.4659,9,0.2250,1.0000,8,7,6,0,0,7,6,0.1429
4,96.0000,7,38,269.9156,-79.7707,0.4914,24,0.6000,0.5000,6,5,1,0,0,5,1,0.8000
4,96.0000,7,41,345.0704,-81.0297,1.3004,21,0.5250,0.4000,5,6,3,0,0,6,3,0.5000
4,96.0000,7,43,381.3244,-81.3647,-0.3967,27,0.6750,0.5714,7,6,3,0,0,6,3,0.5000
4,96.0000,7,46,962.6862,-88.6447,0.0623,3,0.0750,1.0000,8,4,4,0,0,4,4,0.0000
4,96.0000,7,47,176.6531,-74.9160,0.2313,30,0.7500,0.0000,4,5,1,0,0,5,1,0.8000
4,96.0000,8,1,297.8091,-78.2318,0.3188,26,0.6500,0.4000,5,6,3,0,0,6,3,0.5000
4,96.0000,8,2,522.3900,-83.8174,0.9888,15,0.3750,1.0000,8,8,8,0,0,8,8,0.0000
4,96.0000,8,4,503.9860,-85.1600,0.4983,7,0.1750,1.0000,8,7,6,0,0,7,6,0.1429
4,96.0000,8,5,428.1583,-82.2600,-0.5406,12,0.3000,1.0000,8,7,5,0,0,7,5,0.2857
4,96.0000,8,11,732.1112,-85.6656,-1.3123,5,0.1250,1.0000,8,7,6,0,0,7,6,0.1429
4,96.0000,8,12,934.4281,-88.2348,0.7674,3,0.0750,1.0000,8,2,2,0,0,2,2,0.0000
4,96.0000,8,13,594.4794,-85.7929,-1.2645,5,0.1250,1.0000,8,8,7,0,0,8,7,0.1250
4,96.0000,8,17,615.3664,-85.9187,1.1013,5,0.1250,1.0000,8,7,5,0,0,7,5,0.2857
4,96.0000,8,20,179.8076,-75.0333,0.0418,31,0.7750,0.0000,4,5,2,0,0,5,2,0.6000
4,96.0000,8,21,541.9832,-85.0508,-0.0053,7,0.1750,1.0000,8,6,4,0,0,6,4,0.3333
4,96.0000,8,25,960.9789,-89.3915,-0.1557,3,0.0750,1.0000,8,8,8,0,0,8,8,0.0000
4,96.0000,8,27,404.3970,-83.2502,0.3416,11,0.2750,0.8750,8,8,6,0,0,8,6,0.2500
4,96.0000,8,28,660.7921,-87.0575,0.8278,5,0.1250,1.0000,8,8,7,0,0,8,7,0.1250
4,96.0000,8,30,229.5236,-77.9035,0.7498,27,0.6750,0.4000,5,3,0,0,0,3,0,1.0000
4,96.0000,8,33,476.9010,-84.9815,1.9154,5,0.1250,1.0000,8,8,8,0,0,8,8,0.0000
4,96.0000,8,40,806.6935,-86.8722,3.0213,4,0.1000,1.0000,6,8,8,0,0,8,8,0.0000
4,96.0000,8,44,502.7442,-84.2444,-0.3090,9,0.2250,0.8571,7,7,6,0,0,7,6,0.1429
4,96.0000,8,45,907.9328,-87.4995,2.0528,5,0.1250,1.0000,8,8,8,0,0,8,8,0.0000
4,96.0000,8,46,705.3786,-87.1990,0.1556,3,0.0750,1.0000,8,6,6,0,0,6,6,0.0000
4,96.0000,9,2,754.7491,-87.0227,0.9853,4,0.1000,1.0000,4,7,5,0,0,7,5,0.2857
4,96.0000,9,4,819.1939,-87.8624,-1.0990,3,0.0750,1.0000,8,8,8,0,0,8,8,0.0000
4,96.0000,9,11,533.8762,-84.7352,0.3592,9,0.2250,0.5000,6,8,8,0,0,8,8,0.0000
4,96.0000,9,13,730.9299,-85.8303,0.1492,5,0.1250,0.8571,7,8,8,0,0,8,8,0.0000
4,96.0000,9,17,624.9778,-84.5101,-1.3669,5,0.1250,0.7500,8,8,8,0,0,8,8,0.0000
4,96.0000,9,18,309.4808,-79.4802,-0.1560,29,0.7250,0.4000,5,7,4,0,0,7,4,0.4286
4,96.0000,9,21,567.4361,-84.3739,-0.3764,9,0.2250,1.0000,8,8,8,0,0,8,8,0.0000
4,96.0000,9,25,305.3648,-78.1973,-0.3288,31,0.7750,0.0000,4,6,4,0,0,6,4,0.3333
4,96.0000,9,27,698.3799,-86.6703,-0.3398,6,0.1500,0.8571,7,8,8,0,0,8,8,0.0000
4,96.0000,9,28,507.1125,-83.3886,-0.2738,10,0.2500,1.0000,8,8,8,0,0,8,8,0.0000
4,96.0000,9,30,920.3625,-87.4371,-0.5085,3,0.0750,1.0000,8,8,8,0,0,8,8,0.0000
4,96.0000,9,32,159.9107,-72.6177,-0.2311,36,0.9000,0.0000,4,4,0,0,0,4,0,1.0000
4,96.0000,9,34,1077.0208,-87.9062,0.3133,4,0.1000,1.0000,8,4,4,0,0,4,4,0.0000
4,96.0000,9,35,486.9648,-83.0476,-0.2038,20,0.5000,0.7143,7,7,4,0,0,7,4,0.4286
4,96.0000,9,36,924.8599,-89.1145,0.3565,3,0.0750,1.0000,8,4,4,0,0,4,4,0.0000
4,96.0000,9,39,179.3081,-73.8921,-0.4221,36,0.9000,0.3333,6,6,2,0,0,6,2,0.6667
4,96.0000,9,40,410.3849,-79.9474,-1.2017,18,0.4500,0.8750,8,7,5,0,0,7,5,0.2857
4,96.0000,9,44,676.7536,-86.5520,-0.3434,6,0.1500,1.0000,8,8,8,0,0,8,8,0.0000
4,96.0000,9,45,197.4036,-71.3726,-0.9223,34,0.8500,0.0000,4,8,4,0,0,8,4,0.5000
4,96.0000,10,0,549.0940,-82.6571,-0.2994,19,0.4750,0.8750,8,7,5,0,0,7,5,0.2857
4,96.0000,10,3,918.9345,-87.7640,1.0666,3,0.0750,1.0000,8,6,6,0,0,6,6,0.0000
4,96.0000,10,6,779.8676,-85.9151,0.0643,10,0.2500,1.0000,8,8,8,0,0,8,8,0.0000
4,96.0000,10,7,175.6566,-76.5142,0.8658,36,0.9000,0.2000,5,4,0,0,0,4,0,1.0000
4,96.0000,10,12,641.4054,-83.9757,0.1810,6,0.1500,1.0000,8,10,10,0,0,10,10,0.0000
4,96.0000,10,14,687.2080,-84.5524,-0.9416,8,0.2000,1.0000,10,8,8,0,0,8,8,0.0000
4,96.0000,10,15,848.4794,-88.0792,1.0809,5,0.1250,0.8750,8,8,8,0,0,8,8,0.0000
4,96.0000,10,16,399.8573,-80.2398,-0.5437,25,0.6250,0.8571,7,5,2,0,0,5,2,0.6000
4,96.0000,10,19,943.0664,-88.9541,0.3780,4,0.1000,1.0000,8,4,4,0,0,4,4,0.0000
4,96.0000,10,22,846.0475,-86.7550,-0.2998,10,0.2500,1.0000,4,8,8,0,0,8,8,0.0000
4,96.0000,10,23,649.7613,-85.4849,-0.5611,12,0.3000,1.0000,8,5,2,0,0,5,2,0.6000
4,96.0000,10,24,634.1705,-82.7247,-0.9501,10,0.2500,1.0000,8,8,8,0,0,8,8,0.0000
4,96.0000,10,26,544.2661,-84.4280,0.4507,14,0.3500,0.7143,7,7,6,0,0,7,6,0.1429
4,96.0000,10,29,325.8952,-79.6382,-0.3396,30,0.7500,0.5714,7,5,2,0,0,5,2,0.6000
4,96.0000,10,37,675.7513,-85.0801,0.0157,12,0.3000,0.7143,7,8,7,0,0,8,7,0.1250
4,96.0000,10,38,391.4949,-82.6826,0.0990,22,0.5500,0.2500,4,7,6,0,0,7,6,0.1429
4,96.0000,10,41,409.9852,-82.7755,0.2179,28,0.7000,0.7143,7,6,3,0,0,6,3,0.5000
4,96.0000,10,42,841.7958,-86.9093,-1.7144,5,0.1250,1.0000,12,8,8,0,0,8,8,0.0000
4,96.0000,10,43,418.2242,-82.5120,0.3662,27,0.6750,0.7143,7,6,4,0,0,6,4,0.3333
4,96.0000,10,46,871.3312,-86.3365,-5.0585,3,0.0750,1.0000,8,8,8,0,0,8,8,0.0000
4,96.0000,10,47,299.6913,-78.5508,-0.2515,31,0.7750,0.0000,4,5,2,0,0,5,2,0.6000
4,96.0000,11,1,699.4505,-85.7992,0.8047,9,0.2250,0.6667,6,8,8,0,0,8,8,0.0000
4,96.0000,11,2,589.2487,-84.6405,0.6789,13,0.3250,0.8750,8,8,7,0,0,8,7,0.1250
4,96.0000,11,4,492.9751,-83.8617,-0.1168,13,0.3250,0.6667,6,7,6,0,0,7,6,0.1429
4,96.0000,11,5,848.5534,-86.4834,0.9918,3,0.0750,1.0000,8,6,6,0,0,6,6,0.0000
4,96.0000,11,8,732.1112,-85.6976,-0.3832,5,0.1250,1.0000,8,7,6,0,0,7,6,0.1429
4,96.0000,11,9,533.8762,-84.1732,-0.5310,18,0.4500,0.6667,6,7,5,0,0,7,5,0.2857
4,96.0000,11,13,213.4616,-74.4520,-0.8826,35,0.8750,0.0000,4,6,4,0,0,6,4,0.3333
4,96.0000,11,17,367.7040,-81.3506,-0.6535,20,0.5000,0.6250,8,8,8,0,0,8,8,0.0000
4,96.0000,11,18,347.2395,-80.8186,0.1085,23,0.5750,0.6667,6,6,3,0,0,6,3,0.5000
4,96.0000,11,19,731.2136,-86.0945,-1.1883,5,0.1250,0.8750,8,8,8,0,0,8,8,0.0000
4,96.0000,11,20,689.6111,-85.8858,0.0911,9,0.2250,0.7500,8,8,8,0,0,8,8,0.0000
4,96.0000,11,21,426.4175,-81.9280,1.4577,23,0.5750,0.6250,8,7,6,0,0,7,6,0.1429
4,96.0000,11,25,276.6978,-79.6707,0.4127,27,0.6750,0.4000,5,6,3,0,0,6,3,0.5000
4,96.0000,11,27,359.1075,-79.8714,-0.8102,23,0.5750,0.5000,6,8,6,0,0,8,6,0.2500
4,96.0000,11,28,174.4643,-72.0009,-1.1810,35,0.8750,0.4000,5,5,1,0,0,5,1,0.8000
4,96.0000,11,30,523.3507,-83.7998,0.2767,11,0.2750,0.8571,7,7,6,0,0,7,6,0.1429
4,96.0000,11,31,693.2777,-85.4929,0.8369,4,0.1000,0.8571,7,7,5,0,0,7,5,0.2857
4,96.0000,11,32,530.8346,-83.8815,0.0409,20,0.5000,1.0000,8,6,4,0,0,6,4,0.3333
4,96.0000,11,33,686.9885,-86.1241,0.1738,5,0.1250,1.0000,8,8,8,0,0,8,8,0.0000
4,96.0000,11,34,715.5383,-85.3764,0.0137,7,0.1750,1.0000,8,8,7,0,0,8,7,0.1250
4,96.0000,11,35,547.0487,-84.0580,0.3134,20,0.5000,0.7500,8,5,2,0,0,5,2,0.6000
4,96.0000,11,36,544.3878,-83.8927,-0.1737,7,0.1750,0.7143,7,8,7,0,0,8,7,0.1250
4,96.0000,11,39,457.4935,-82.7153,0.2764,22,0.5500,0.8571,7,7,4,0,0,7,4,0.4286
4,96.0000,11,40,373.7301,-81.4401,0.3149,21,0.5250,0.8750,8,7,6,0,0,7,6,0.1429
4,96.0000,11,42,861.2067,-88.5385,0.5274,3,0.0750,1.0000,6,8,8,0,0,8,8,0.0000
4,96.0000,11,44,260.7132,-77.1887,0.0563,26,0.6500,0.5000,6,4,0,0,0,4,0,1.0000
4,96.0000,11,45,408.2709,-83.2691,0.5350,21,0.5250,0.8571,7,5,1,0,0,5,1,0.8000
4,96.0000,11,46,787.5932,-87.8766,0.6683,4,0.1000,,0,8,8,0,0,8,8,0.0000
4,96.0000,12,0,788.0894,-86.5744,-0.0214,10,0.2500,1.0000,8,8,8,0,0,8,8,0.0000
4,96.0000,12,1,928.8709,-88.1734,0.8096,3,0.0750,1.0000,6,6,6,0,0,6,6,0.0000
4,96.0000,12,3,866.8816,-88.2124,-0.0786,6,0.1500,1.0000,8,6,6,0,0,6,6,0.0000
4,96.0000,12,4,666.1359,-85.2193,-0.9454,8,0.2000,0.8750,8,8,8,0,0,8,8,0.0000
4,96.0000,12,5,651.4937,-84.8433,-1.5100,9,0.2250,1.0000,8,8,8,0,0,8,8,0.0000
4,96.0000,12,6,844.8342,-86.9171,-0.2633,8,0.2000,1.0000,8,8,8,0,0,8,8,0.0000
4,96.0000,12,7,764.7449,-87.0822,0.3947,10,0.2500,0.8571,7,8,8,0,0,8,8,0.0000
4,96.0000,12,8,934.4281,-88.2700,1.1475,3,0.0750,1.0000,8,4,4,0,0,4,4,0.0000
4,96.0000,12,10,641.4054,-85.5617,0.9290,15,0.3750,1.0000,8,8,8,0,0,8,8,0.0000
4,96.0000,12,11,1002.7590,-87.9046,-1.7666,3,0.0750,1.0000,8,6,6,0,0,6,6,0.0000
4,96.0000,12,13,833.2601,-87.1861,-3.1447,4,0.1000,1.0000,6,8,8,0,0,8,8,0.0000
4,96.0000,12,14,225.8654,-77.0078,0.4332,35,0.8750,0.7143,7,5,1,0,0,5,1,0.8000
4,96.0000,12,15,249.2511,-74.1632,-1.2212,35,0.8750,0.4000,5,5,2,0,0,5,2,0.6000
4,96.0000,12,16,657.2574,-84.9612,0.2282,18,0.4500,1.0000,8,8,8,0,0,8,8,0.0000
4,96.0000,12,17,814.1149,-87.2680,1.1132,6,0.1500,1.0000,8,8,8,0,0,8,8,0.0000
4,96.0000,12,19,359.5374,-78.0135,-0.4197,26,0.6500,0.2500,4,7,5,0,0,7,5,0.2857
4,96.0000,12,20,969.5447,-87.9617,-0.5312,4,0.1000,1.0000,8,6,6,0,0,6,6,0.0000
4,96.0000,12,23,956.8202,-87.3823,0.3289,4,0.1000,1.0000,6,6,6,0,0,6,6,0.0000
4,96.0000,12,24,96.3225,-73.1634,1.9892,36,0.9000,0.2000,5,6,2,0,0,6,2,0.6667
4,96.0000,12,26,534.8896,-84.7843,0.1741,15,0.3750,1.0000,8,7,5,0,0,7,5,0.2857
4,96.0000,12,27,953.3024,-87.4305,-2.0014,4,0.1000,1.0000,4,6,5,0,0,6,5,0.1667
4,96.0000,12,29,436.6831,-82.0838,0.2573,26,0.6500,0.8571,7,5,2,0,0,5,2,0.6000
4,96.0000,12,30,949.4265,-85.8837,1.3926,4,0.1000,1.0000,4,4,4,0,0,4,4,0.0000
4,96.0000,12,31,313.9317,-78.2325,-1.2148,24,0.6000,0.4000,5,7,5,0,0,7,5,0.2857
4,96.0000,12,33,467.2090,-81.8558,-0.8259,13,0.3250,0.6667,6,6,4,0,0,6,4,0.3333
4,96.0000,12,34,353.5295,-80.7052,0.4954,20,0.5000,0.5000,6,5,2,0,0,5,2,0.6000
4,96.0000,12,36,534.6996,-84.1705,0.3193,15,0.3750,0.6250,8,6,6,0,0,6,6,0.0000
4,96.0000,12,37,776.6774,-87.1212,-0.2223,7,0.1750,1.0000,8,7,6,0,0,7,6,0.1429
4,96.0000,12,38,886.3083,-87.7004,0.8366,5,0.1250,1.0000,2,6,6,0,0,6,6,0.0000
4,96.0000,12,40,1005.2699,-88.3648,0.3629,4,0.1000,1.0000,6,8,8,0,0,8,8,0.0000
4,96.0000,12,41,792.4583,-86.7769,0.4390,6,0.1500,1.0000,8,3,2,0,0,3,2,0.3333
4,96.0000,12,42,226.0811,-74.8413,-1.2473,37,0.9250,0.2000,5,8,4,0,0,8,4,0.5000
4,96.0000,12,43,870.3793,-86.6943,0.3901,5,0.1250,1.0000,6,6,6,0,0,6,6,0.0000
4,96.0000,12,46,285.0364,-77.6189,0.1044,30,0.7500,0.5000,4,9,7,0,0,9,7,0.2222
4,96.0000,12,47,824.8266,-86.9113,-0.5994,9,0.2250,1.0000,8,6,6,0,0,6,6,0.0000
4,96.0000,13,1,531.3643,-83.1237,0.2695,17,0.4250,0.8571,7,6,6,0,0,6,6,0.0000
4,96.0000,13,2,613.9521,-85.4266,-0.0661,13,0.3250,0.7143,7,6,6,0,0,6,6,0.0000
4,96.0000,13,4,383.3145,-82.6567,0.8306,15,0.3750,0.8571,7,6,4,0,0,6,4,0.3333
4,96.0000,13,5,642.1592,-84.2832,-0.3002,8,0.2000,0.7500,8,6,6,0,0,6,6,0.0000
4,96.0000,13,8,594.4794,-85.3879,-0.8727,11,0.2750,0.8750,8,8,6,0,0,8,6,0.2500
4,96.0000,13,9,730.9299,-86.4765,0.7497,10,0.2500,1.0000,8,8,7,0,0,8,7,0.1250
4,96.0000,13,11,213.4616,-74.1552,-0.8220,31,0.7750,0.2000,5,5,1,0,0,5,1,0.8000
4,96.0000,13,12,833.2601,-85.9577,-1.1085,3,0.0750,0.8000,5,8,8,0,0,8,8,0.0000
4,96.0000,13,14,780.4876,-86.3171,-0.6897,5,0.1250,1.0000,8,8,8,0,0,8,8,0.0000
4,96.0000,13,15,618.8683,-86.2248,1.3786,6,0.1500,0.8571,7,6,4,0,0,6,4,0.3333
4,96.0000,13,17,349.1355,-80.7697,-0.1208,21,0.5250,0.6667,6,7,5,0,0,7,5,0.2857
4,96.0000,13,18,557.3902,-83.7534,-0.4686,17,0.4250,0.7500,8,7,6,0,0,7,6,0.1429
4,96.0000,13,19,531.8899,-83.5369,-0.3081,9,0.2250,0.6667,6,7,6,0,0,7,6,0.1429
4,96.0000,13,20,543.0993,-83.5280,-0.9957,16,0.4000,0.8571,7,8,7,0,0,8,7,0.1250
4,96.0000,13,21,471.5092,-83.0431,-0.4895,17,0.4250,0.8750,8,8,7,0,0,8,7,0.1250
4,96.0000,13,24,829.8960,-88.8530,0.5172,3,0.0750,1.0000,10,7,6,0,0,7,6,0.1429
4,96.0000,13,25,476.8711,-83.3664,0.5035,20,0.5000,1.0000,8,7,5,0,0,7,5,0.2857
4,96.0000,13,27,309.0229,-79.1175,-0.2706,25,0.6250,0.6667,6,7,5,0,0,7,5,0.2857
4,96.0000,13,28,300.2340,-77.0494,-0.4098,30,0.7500,0.5000,6,5,2,0,0,5,2,0.6000
4,96.0000,13,30,401.1338,-82.7100,-0.3273,17,0.4250,1.0000,8,8,8,0,0,8,8,0.0000
4,96.0000,13,31,538.6468,-84.3458,-1.2059,11,0.2750,0.7143,7,6,4,0,0,6,4,0.3333
4,96.0000,13,32,737.3234,-86.0703,-0.0303,15,0.3750,1.0000,8,6,6,0,0,6,6,0.0000
4,96.0000,13,33,501.6113,-83.3370,-0.4063,10,0.2500,0.8571,7,6,4,0,0,6,4,0.3333
4,96.0000,13,34,590.3370,-84.7799,-0.8967,8,0.2000,1.0000,8,6,3,0,0,6,3,0.5000
4,96.0000,13,35,733.0078,-85.9046,-0.0358,13,0.3250,0.8333,6,8,8,0,0,8,8,0.0000
4,96.0000,13,36,444.3031,-83.2802,0.8241,14,0.3500,0.8571,7,7,4,0,0,7,4,0.4286
4,96.0000,13,39,661.1831,-85.0509,0.0637,19,0.4750,0.6667,6,8,7,0,0,8,7,0.1250
4,96.0000,13,40,474.0698,-83.1495,0.0993,16,0.4000,0.5000,6,6,3,0,0,6,3,0.5000
4,96.0000,13,42,693.2324,-86.9295,0.8982,5,0.1250,1.0000,8,7,5,0,0,7,5,0.2857
4,96.0000,13,44,236.8188,-74.8437,-1.3107,32,0.8000,0.3333,6,6,4,0,0,6,4,0.3333
4,96.0000,13,45,578.8548,-85.2976,-0.3963,19,0.4750,0.8571,7,8,8,0,0,8,8,0.0000
4,96.0000,13,46,594.1572,-85.7730,0.0255,5,0.1250,0.8571,7,8,8,0,0,8,8,0.0000
4,96.0000,14,0,758.5295,-85.8597,-0.4926,14,0.3415,0.8750,8,8,8,0,0,8,8,0.0000
4,96.0000,14,1,812.6322,-86.8592,0.0001,4,0.0976,1.0000,8,4,4,0,0,4,4,0.0000
4,96.0000,14,3,765.5654,-87.1373,-0.4584,10,0.2439,1.0000,8,8,8,0,0,8,8,0.0000
4,96.0000,14,4,703.9931,-85.9899,-1.2939,4,0.0976,0.8571,7,8,8,0,0,8,8,0.0000
4,96.0000,14,5,532.5332,-83.5784,1.6389,12,0.2927,1.0000,8,7,6,0,0,7,6,0.1429
4,96.0000,14,6,718.3095,-85.3095,-0.7304,14,0.3415,0.8750,8,8,7,0,0,8,7,0.1250
4,96.0000,14,7,769.0099,-86.5219,-0.3665,6,0.1463,1.0000,8,4,4,0,0,4,4,0.0000
4,96.0000,14,10,687.2080,-84.6666,-0.7074,13,0.3171,0.8750,8,8,8,0,0,8,8,0.0000
4,96.0000,14,12,225.8654,-77.4149,0.3073,31,0.7561,0.8571,7,4,0,0,0,4,0,1.0000
4,96.0000,14,15,259.3973,-78.1963,0.5252,29,0.7073,0.5000,8,5,2,0,0,5,2,0.6000
4,96.0000,14,16,624.3367,-84.6280,-0.5360,15,0.3659,0.5000,6,4,2,0,0,4,2,0.5000
4,96.0000,14,19,270.9720,-78.3083,0.3417,27,0.6585,0.5000,6,6,3,0,0,6,3,0.5000
4,96.0000,14,20,881.5419,-86.7748,0.1769,6,0.1463,0.9444,18,6,6,0,0,6,6,0.0000
4,96.0000,14,22,1045.5120,-87.5157,-0.6219,5,0.1220,1.0000,4,8,8,0,0,8,8,0.0000
4,96.0000,14,23,974.5329,-88.2007,0.2498,6,0.1463,1.0000,8,6,6,0,0,6,6,0.0000
4,96.0000,14,24,202.6816,-78.1074,0.7289,34,0.8293,0.2000,5,5,1,0,0,5,1,0.8000
4,96.0000,14,26,461.8889,-82.6693,-0.4273,23,0.5610,0.5000,6,8,8,0,0,8,8,0.0000
4,96.0000,14,27,931.6929,-87.8618,-0.0721,3,0.0732,1.0000,8,6,6,0,0,6,6,0.0000
4,96.0000,14,29,396.7142,-79.6651,-0.9419,26,0.6341,0.9000,10,8,8,0,0,8,8,0.0000
4,96.0000,14,30,886.7228,-87.6935,0.2261,3,0.0732,1.0000,8,8,8,0,0,8,8,0.0000
4,96.0000,14,31,358.5186,-81.2369,0.5844,18,0.4390,0.7143,7,7,5,0,0,7,5,0.2857
4,96.0000,14,33,458.1172,-82.2654,-0.2571,16,0.3902,0.5714,7,7,6,0,0,7,6,0.1429
4,96.0000,14,34,431.8869,-83.7998,1.1796,12,0.2927,0.5000,6,8,7,1,0,9,7,0.2222
4,96.0000,14,36,554.4138,-84.2562,1.4340,10,0.2439,1.0000,8,7,6,0,0,7,6,0.1429
4,96.0000,14,37,680.7114,-85.6524,0.0378,18,0.4390,1.0000,6,5,4,0,0,5,4,0.2000
4,96.0000,14,38,883.4980,-87.2312,0.2722,6,0.1463,,0,6,5,0,0,6,5,0.1667
4,96.0000,14,41,799.4043,-88.1395,-0.1346,9,0.2195,1.0000,8,2,2,0,0,2,2,0.0000
4,96.0000,14,42,335.8377,-79.4191,-0.0510,26,0.6341,0.6667,6,7,3,0,0,7,3,0.5714
4,96.0000,14,43,918.8594,-87.2002,0.4323,7,0.1707,1.0000,8,4,4,0,0,4,4,0.0000
4,96.0000,14,46,208.0279,-73.8514,-0.7225,35,0.8537,0.1667,6,6,4,0,0,6,4,0.3333
4,96.0000,14,47,826.8407,-87.2046,0.0797,9,0.2195,1.0000,8,8,8,0,0,8,8,0.0000
4,96.0000,15,0,991.4037,-87.3803,-0.1779,5,0.1250,1.0000,6,6,6,0,0,6,6,0.0000
4,96.0000,15,1,812.7800,-86.9434,1.0436,5,0.1250,1.0000,6,8,8,0,0,8,8,0.0000
4,96.0000,15,4,538.5130,-84.6684,-0.9666,13,0.3250,1.0000,8,8,8,0,0,8,8,0.0000
4,96.0000,15,5,607.7562,-85.6686,-0.4804,13,0.3250,0.8571,7,8,8,0,0,8,8,0.0000
4,96.0000,15,6,972.6494,-88.2082,-0.8488,5,0.1250,1.0000,6,8,8,0,0,8,8,0.0000
4,96.0000,15,7,962.6272,-88.5054,0.7042,5,0.1250,1.0000,6,4,4,0,0,4,4,0.0000
4,96.0000,15,8,855.0522,-87.4777,0.4099,4,0.1000,1.0000,4,3,2,0,0,3,2,0.3333
4,96.0000,15,10,848.4794,-84.9306,-0.9787,8,0.2000,0.8571,7,6,6,0,0,6,6,0.0000
4,96.0000,15,11,781.8029,-87.5708,0.2451,7,0.1750,0.8750,8,6,6,0,0,6,6,0.0000
4,96.0000,15,12,249.2511,-74.2940,-1.3167,32,0.8000,0.0000,4,6,2,0,0,6,2,0.6667
4,96.0000,15,13,618.8683,-84.7626,0.2128,8,0.2000,1.0000,8,8,7,0,0,8,7,0.1250
4,96.0000,15,14,259.3973,-78.6037,-0.1320,29,0.7250,0.7143,7,6,3,0,0,6,3,0.5000
4,96.0000,15,16,857.7104,-85.8925,-0.2434,6,0.1500,1.0000,8,3,2,0,0,3,2,0.3333
4,96.0000,15,17,653.6441,-85.9174,-0.3089,9,0.2250,1.0000,6,7,6,0,0,7,6,0.1429
4,96.0000,15,19,243.1092,-76.5793,-0.7264,33,0.8250,0.0000,4,5,2,0,0,5,2,0.6000
4,96.0000,15,20,861.0755,-88.4629,-1.9062,5,0.1250,1.0000,6,8,8,0,0,8,8,0.0000
4,96.0000,15,24,217.1101,-76.2426,0.1108,34,0.8500,0.0000,4,4,2,0,0,4,2,0.5000
4,96.0000,15,25,946.3437,-88.5331,0.1585,3,0.0750,1.0000,4,8,8,0,0,8,8,0.0000
4,96.0000,15,26,705.4020,-85.7936,-0.5706,10,0.2500,0.8750,8,8,8,0,0,8,8,0.0000
4,96.0000,15,27,793.0577,-87.6337,-0.0571,4,0.1000,1.0000,4,8,7,0,0,8,7,0.1250
4,96.0000,15,29,610.3125,-84.1491,-0.9907,20,0.5000,0.8750,8,8,8,0,0,8,8,0.0000
4,96.0000,15,30,812.1580,-86.5317,0.7058,5,0.1250,1.0000,8,8,8,0,0,8,8,0.0000
4,96.0000,15,31,128.9327,-74.0272,1.1030,31,0.7750,0.3333,6,3,0,0,0,3,0,1.0000
4,96.0000,15,33,394.8841,-81.8379,-0.5713,15,0.3750,0.8571,7,5,2,0,0,5,2,0.6000
4,96.0000,15,34,176.7304,-76.9172,1.5686,32,0.8000,0.3333,6,4,0,0,0,4,0,1.0000
4,96.0000,15,36,305.5254,-81.3736,0.5922,16,0.4000,0.4000,5,6,4,0,0,6,4,0.3333
4,96.0000,15,37,932.4015,-87.3479,-0.4538,8,0.2000,1.0000,6,6,6,0,0,6,6,0.0000
4,96.0000,15,38,1100.9663,-89.3583,-0.4720,3,0.0750,,0,8,8,0,0,8,8,0.0000
4,96.0000,15,40,832.5111,-86.9898,1.0335,8,0.2000,1.0000,6,8,8,0,0,8,8,0.0000
4,96.0000,15,42,273.3788,-78.6537,0.0197,31,0.7750,0.6667,6,4,0,0,0,4,0,1.0000
4,96.0000,15,44,823.1323,-88.3216,0.9464,6,0.1500,1.0000,3,6,6,0,0,6,6,0.0000
4,96.0000,15,46,196.6208,-76.5667,0.4577,30,0.7500,0.4000,5,4,0,0,0,4,0,1.0000
4,96.0000,15,47,1037.2543,-87.6062,-0.8729,4,0.1000,1.0000,4,6,6,0,0,6,6,0.0000
4,96.0000,16,0,183.2175,-74.8164,0.7088,38,0.9500,0.0000,4,5,1,0,0,5,1,0.8000
4,96.0000,16,3,528.8503,-83.9611,1.4107,20,0.5000,0.4000,5,7,6,0,0,7,6,0.1429
4,96.0000,16,5,898.8101,-88.8033,-1.8473,3,0.0750,1.0000,8,8,8,0,0,8,8,0.0000
4,96.0000,16,6,401.6776,-80.7382,-0.2751,25,0.6250,0.3333,6,6,3,0,0,6,3,0.5000
4,96.0000,16,7,352.5868,-81.9191,0.6086,28,0.7000,0.4000,5,5,2,0,0,5,2,0.6000
4,96.0000,16,10,399.8573,-80.2542,-0.0812,28,0.7000,0.0000,4,6,3,0,0,6,3,0.5000
4,96.0000,16,12,657.2574,-84.9487,-0.5349,10,0.2500,1.0000,6,8,8,0,0,8,8,0.0000
4,96.0000,16,14,624.3367,-83.9796,-0.6308,9,0.2250,0.9737,152,8,7,2,2,10,9,0.1000
4,96.0000,16,15,857.7104,-87.2812,-1.2149,6,0.1500,1.0000,8,8,8,0,0,8,8,0.0000
4,96.0000,16,19,843.2400,-86.7155,-1.5887,3,0.0750,0.8571,7,8,8,0,0,8,8,0.0000
4,96.0000,16,22,511.9888,-84.0537,0.8097,25,0.6250,0.8750,8,7,4,0,0,7,4,0.4286
4,96.0000,16,23,407.5712,-83.6816,0.2947,24,0.6000,0.5714,7,5,2,0,0,5,2,0.6000
4,96.0000,16,24,677.9805,-85.5242,1.0616,7,0.1750,1.0000,8,8,8,0,0,8,8,0.0000
4,96.0000,16,26,228.5814,-77.5957,0.3584,32,0.8000,0.5000,6,5,1,0,0,5,1,0.8000
4,96.0000,16,29,313.7733,-78.1928,-0.9256,29,0.7250,0.0000,4,5,2,0,0,5,2,0.6000
4,96.0000,16,37,283.3821,-77.7923,-0.4815,31,0.7750,0.3333,6,5,2,0,0,5,2,0.6000
4,96.0000,16,38,290.1150,-80.4783,0.2884,32,0.8000,0.2000,5,4,0,0,0,4,0,1.0000
4,96.0000,16,41,201.5485,-77.6848,1.0318,35,0.8750,0.5000,6,4,0,0,0,4,0,1.0000
4,96.0000,16,42,792.9194,-85.6265,1.3051,5,0.1250,1.0000,12,8,8,0,0,8,8,0.0000
4,96.0000,16,43,376.8022,-81.9616,0.4199,32,0.8000,0.4000,5,6,3,0,0,6,3,0.5000
4,96.0000,16,46,788.5028,-86.2476,0.0045,7,0.1750,1.0000,9,8,7,0,0,8,7,0.1250
4,96.0000,16,47,277.4489,-78.9656,-0.2530,38,0.9500,0.0000,4,4,0,0,0,4,0,1.0000
4,96.0000,17,1,711.9200,-84.7290,0.2911,8,0.2000,1.0000,8,6,6,0,0,6,6,0.0000
4,96.0000,17,2,629.0061,-85.0967,-0.4732,11,0.2750,0.8571,7,7,6,0,0,7,6,0.1429
4,96.0000,17,4,196.0366,-74.5180,0.3401,33,0.8250,0.0000,4,6,3,0,0,6,3,0.5000
4,96.0000,17,5,755.4777,-85.8012,0.3340,3,0.0750,0.8571,7,8,7,0,0,8,7,0.1250
4,96.0000,17,8,615.3664,-84.9832,0.4971,8,0.2000,1.0000,8,7,4,0,0,7,4,0.4286
4,96.0000,17,9,624.9778,-85.2528,-0.1831,13,0.3250,0.8750,8,8,7,0,0,8,7,0.1250
4,96.0000,17,11,367.7040,-80.2479,-0.4790,16,0.4000,0.7143,7,8,8,0,0,8,8,0.0000
4,96.0000,17,12,814.1149,-87.3449,-1.5838,3,0.0750,1.0000,8,8,8,0,0,8,8,0.0000
4,96.0000,17,13,349.1355,-80.5341,0.2161,18,0.4500,0.8000,10,6,4,0,0,6,4,0.3333
4,96.0000,17,14,853.6424,-88.3936,-0.0224,3,0.0750,1.0000,8,6,6,0,0,6,6,0.0000
4,96.0000,17,15,653.6441,-86.4907,-0.4345,5,0.1250,0.8571,7,8,8,0,0,8,8,0.0000
4,96.0000,17,18,599.7873,-85.0144,0.3328,7,0.1750,0.8571,7,6,4,0,0,6,4,0.3333
4,96.0000,17,19,614.0175,-85.9111,-1.7084,8,0.2000,0.8571,7,8,7,0,0,8,7,0.1250
4,96.0000,17,20,664.6520,-84.6667,-0.2990,8,0.2000,0.8889,9,8,7,0,0,8,7,0.1250
4,96.0000,17,21,353.4201,-80.7176,0.0331,20,0.5000,0.8750,8,5,2,0,0,5,2,0.6000
4,96.0000,17,24,838.1404,-87.4337,-1.1887,5,0.1250,1.0000,6,8,8,0,0,8,8,0.0000
4,96.0000,17,25,470.9528,-83.9999,0.0835,13,0.3250,0.7143,7,7,6,0,0,7,6,0.1429
4,96.0000,17,27,305.1782,-78.4898,-0.6095,24,0.6000,0.4286,7,7,5,0,0,7,5,0.2857
4,96.0000,17,28,393.9778,-81.2154,0.0765,18,0.4500,0.7500,8,7,5,0,0,7,5,0.2857
4,96.0000,17,30,501.5778,-82.3100,-0.3789,13,0.3250,0.8571,7,8,7,0,0,8,7,0.1250
4,96.0000,17,31,530.3723,-83.8685,-1.4228,8,0.2000,1.0000,8,8,8,0,0,8,8,0.0000
4,96.0000,17,32,697.7878,-86.4819,-0.3863,12,0.3000,0.8571,7,8,7,0,0,8,7,0.1250
4,96.0000,17,33,487.7129,-82.5815,-0.3400,10,0.2500,0.8000,5,8,7,0,0,8,7,0.1250
4,96.0000,17,34,559.7578,-83.9174,-1.1055,9,0.2250,0.8750,8,7,5,0,0,7,5,0.2857
4,96.0000,17,35,838.8864,-87.1488,-0.2724,9,0.2250,1.0000,6,4,4,0,0,4,4,0.0000
4,96.0000,17,36,472.9072,-83.4281,-1.1362,11,0.2750,0.7143,7,7,5,4,4,11,9,0.1818
4,96.0000,17,39,610.2277,-85.2977,0.2761,11,0.2750,0.0000,4,8,8,0,0,8,8,0.0000
4,96.0000,17,40,233.5976,-78.5267,1.0197,25,0.6250,0.2000,5,6,2,0,0,6,2,0.6667
4,96.0000,17,42,629.5545,-85.3612,2.1985,6,0.1500,0.8571,7,8,8,0,0,8,8,0.0000
4,96.0000,17,44,396.6344,-80.2450,-0.8778,21,0.5250,0.7143,7,8,8,0,0,8,8,0.0000
4,96.0000,17,45,436.1231,-82.3534,0.0747,13,0.3250,0.8571,7,6,4,0,0,6,4,0.3333
4,96.0000,17,46,654.7934,-86.9950,0.7014,4,0.1000,0.8000,5,7,6,0,0,7,6,0.1429
4,96.0000,18,2,763.9450,-86.8411,-0.1282,5,0.1250,1.0000,4,8,8,0,0,8,8,0.0000
4,96.0000,18,9,309.4808,-79.8046,-0.1420,28,0.7000,0.4000,5,6,3,0,0,6,3,0.5000
4,96.0000,18,11,347.2395,-80.7814,0.3638,17,0.4250,0.6667,6,5,2,0,0,5,2,0.6000
4,96.0000,18,13,557.3902,-83.7787,-0.3333,11,0.2750,1.0000,8,7,6,0,0,7,6,0.1429
4,96.0000,18,17,599.7873,-83.9124,0.2571,7,0.1750,1.0000,6,8,8,0,0,8,8,0.0000
4,96.0000,18,21,606.6300,-84.8209,-0.4256,9,0.2250,1.0000,8,8,7,0,0,8,7,0.1250
4,96.0000,18,25,137.3139,-68.8770,-0.2784,32,0.8000,0.0000,4,4,0,0,0,4,0,1.0000
4,96.0000,18,27,646.8991,-86.2302,-1.2831,6,0.1500,1.0000,8,10,10,0,0,10,10,0.0000
4,96.0000,18,28,393.6926,-81.4343,0.3044,14,0.3500,0.7143,7,8,7,0,0,8,7,0.1250
4,96.0000,18,32,284.1519,-79.0546,-0.4085,31,0.7750,0.3333,6,4,0,0,0,4,0,1.0000
4,96.0000,18,35,376.8566,-81.4089,0.1598,28,0.7000,0.8571,7,6,4,0,0,6,4,0.3333
4,96.0000,18,36,769.5274,-84.3718,-0.0540,3,0.0750,0.8750,8,8,8,0,0,8,8,0.0000
4,96.0000,18,39,173.3341,-73.8205,0.1885,33,0.8250,0.3333,6,6,1,0,0,6,1,0.8333
4,96.0000,18,40,451.4757,-82.6505,-0.7949,14,0.3500,0.4000,5,6,4,0,0,6,4,0.3333
4,96.0000,18,44,560.1340,-84.0964,0.9031,9,0.2250,1.0000,8,8,8,0,0,8,8,0.0000
4,96.0000,18,45,335.0309,-81.5055,0.2757,25,0.6250,0.7143,7,6,4,0,0,6,4,0.3333
4,96.0000,19,0,945.7887,-87.9240,0.1027,4,0.1000,1.0000,8,8,8,0,0,8,8,0.0000
4,96.0000,19,1,585.2353,-84.6237,0.0647,10,0.2500,1.0000,8,8,8,0,0,8,8,0.0000
4,96.0000,19,3,844.2013,-87.9338,3.1685,3,0.0750,0.8750,8,2,2,0,0,2,2,0.0000
4,96.0000,19,4,462.0367,-83.3022,-0.8775,13,0.3250,1.0000,8,8,8,0,0,8,8,0.0000
4,96.0000,19,5,366.3221,-81.2229,0.0466,24,0.6000,0.7500,8,7,4,0,0,7,4,0.4286
4,96.0000,19,6,864.2923,-89.0965,-1.3373,3,0.0750,,0,7,6,0,0,7,6,0.1429
4,96.0000,19,8,643.6741,-86.7340,0.2556,10,0.2500,0.8333,6,5,4,0,0,5,4,0.2000
4,96.0000,19,11,731.2136,-85.7716,0.5742,5,0.1250,0.8571,7,4,4,0,0,4,4,0.0000
4,96.0000,19,12,359.5374,-79.0408,-1.5362,24,0.6000,0.5714,7,7,6,0,0,7,6,0.1429
4,96.0000,19,13,531.8899,-84.8940,-0.5163,9,0.2250,0.6667,9,7,5,2,2,9,7,0.2222
4,96.0000,19,14,270.9720,-78.8691,0.1625,30,0.7500,0.4000,5,6,4,0,0,6,4,0.3333
4,96.0000,19,15,243.1092,-76.5061,-0.3535,32,0.8000,0.3333,6,8,7,0,0,8,7,0.1250
4,96.0000,19,16,843.2400,-86.2523,-0.1086,7,0.1750,1.0000,8,2,2,0,0,2,2,0.0000
4,96.0000,19,17,614.0175,-85.8077,-0.1631,10,0.2500,1.0000,8,8,8,0,0,8,8,0.0000
4,96.0000,19,20,639.6235,-85.5270,0.1514,10,0.2500,1.0000,8,7,6,0,0,7,6,0.1429
4,96.0000,19,21,852.0747,-88.5199,0.2765,4,0.1000,1.0000,6,8,7,0,0,8,7,0.1250
4,96.0000,19,24,370.2161,-81.8908,1.4736,20,0.5000,0.5000,6,5,2,0,0,5,2,0.6000
4,96.0000,19,25,948.0601,-88.8336,-0.1975,4,0.1000,,0,4,4,0,0,4,4,0.0000
4,96.0000,19,26,645.2705,-85.7770,-0.0501,12,0.3000,1.0000,8,8,8,0,0,8,8,0.0000
4,96.0000,19,27,661.7422,-86.4293,-0.5813,8,0.2000,1.0000,4,8,8,0,0,8,8,0.0000
4,96.0000,19,28,811.8149,-87.3935,0.0951,5,0.1250,1.0000,8,6,6,0,0,6,6,0.0000
4,96.0000,19,29,659.4163,-84.6640,-0.5856,11,0.2750,1.0000,8,8,8,0,0,8,8,0.0000
4,96.0000,19,30,622.3322,-84.9760,0.4416,13,0.3250,0.8333,6,8,8,0,0,8,8,0.0000
4,96.0000,19,31,242.6889,-74.2430,-1.8767,34,0.8500,0.0000,4,7,4,0,0,7,4,0.4286
4,96.0000,19,33,224.2354,-76.9066,0.0177,29,0.7250,0.2000,5,5,1,0,0,5,1,0.8000
4,96.0000,19,34,366.2716,-79.9835,-0.4078,25,0.6250,0.5714,7,7,5,0,0,7,5,0.2857
4,96.0000,19,36,423.3571,-82.6555,0.6469,15,0.3750,0.8571,7,6,3,0,0,6,3,0.5000
4,96.0000,19,37,844.3823,-88.5889,0.9037,6,0.1500,1.0000,4,6,5,0,0,6,5,0.1667
4,96.0000,19,39,1125.6727,-88.1554,-0.2349,3,0.0750,1.0000,6,2,2,0,0,2,2,0.0000
4,96.0000,19,40,828.0617,-88.0980,0.7181,8,0.2000,1.0000,6,8,8,0,0,8,8,0.0000
4,96.0000,19,41,1014.0810,-87.4919,1.3471,3,0.0750,,0,2,2,0,0,2,2,0.0000
4,96.0000,19,42,275.3407,-77.8607,0.2963,29,0.7250,0.2000,5,6,3,0,0,6,3,0.5000
4,96.0000,19,44,696.9280,-86.4086,0.3362,10,0.2500,0.8571,7,8,8,0,0,8,8,0.0000
4,96.0000,19,46,75.9061,-70.7414,2.5088,34,0.8500,0.2000,5,4,0,0,0,4,0,1.0000
4,96.0000,20,1,138.2801,-71.1142,0.1060,35,0.8750,0.0000,4,5,1,0,0,5,1,0.8000
4,96.0000,20,2,517.3945,-83.7863,0.1833,17,0.4250,1.0000,8,8,8,0,0,8,8,0.0000
4,96.0000,20,4,572.4303,-83.6919,-0.7831,5,0.1250,1.0000,8,8,8,0,0,8,8,0.0000
4,96.0000,20,5,405.5179,-79.5948,-0.0592,15,0.3750,0.6667,6,8,7,0,0,8,7,0.1250
4,96.0000,20,8,179.8076,-74.6138,0.5606,33,0.8250,0.0000,4,5,1,0,0,5,1,0.8000
4,96.0000,20,11,689.6111,-86.2604,0.6030,6,0.1500,0.8750,8,8,8,0,0,8,8,0.0000
4,96.0000,20,13,543.0993,-83.8163,0.0000,8,0.2000,0.8750,8,8,8,0,0,8,8,0.0000
4,96.0000,20,14,881.5419,-87.1563,0.6771,4,0.1000,1.0000,4,8,8,0,0,8,8,0.0000
4,96.0000,20,17,664.6520,-84.4306,-0.5139,8,0.2000,0.8571,7,8,8,0,0,8,8,0.0000
4,96.0000,20,19,639.6235,-84.3290,-1.7282,4,0.1000,1.0000,8,8,8,0,0,8,8,0.0000
4,96.0000,20,21,583.9358,-84.9910,-0.3424,9,0.2250,1.0000,8,8,8,0,0,8,8,0.0000
4,96.0000,20,24,1002.7605,-89.0289,-0.8571,3,0.0750,,0,8,8,0,0,8,8,0.0000
4,96.0000,20,25,942.8365,-88.0120,0.5863,5,0.1250,1.0000,6,6,6,0,0,6,6,0.0000
4,96.0000,20,27,417.5287,-82.0029,-0.2993,18,0.4500,0.8571,7,8,7,0,0,8,7,0.1250
4,96.0000,20,28,624.8869,-85.3715,-0.3504,7,0.1750,1.0000,8,8,8,0,0,8,8,0.0000
4,96.0000,20,30,183.8085,-71.8192,-2.0449,32,0.8000,0.0000,3,8,4,0,0,8,4,0.5000
4,96.0000,20,31,797.3608,-87.4844,0.8215,4,0.1000,1.0000,8,4,4,0,0,4,4,0.0000
4,96.0000,20,33,525.7621,-84.5796,-0.2745,7,0.1750,1.0000,8,7,6,0,0,7,6,0.1429
4,96.0000,20,34,911.0376,-88.1591,-0.7500,3,0.0750,1.0000,10,2,2,0,0,2,2,0.0000
4,96.0000,20,35,1033.5859,-89.3900,4.0992,3,0.0750,,0,4,4,0,0,4,4,0.0000
4,96.0000,20,36,864.2557,-87.7809,0.7990,4,0.1000,1.0000,8,8,8,0,0,8,8,0.0000
4,96.0000,20,40,847.3236,-86.5804,1.0165,5,0.1250,1.0000,8,4,4,64,64,68,68,0.0000
4,96.0000,20,42,795.6302,-87.5485,-0.2694,3,0.0750,0.8571,7,8,8,0,0,8,8,0.0000
4,96.0000,20,44,451.4631,-80.3224,-0.8004,15,0.3750,0.4286,7,8,7,4,4,12,11,0.0833
4,96.0000,20,45,929.3053,-87.7794,0.7034,4,0.1000,1.0000,8,8,8,0,0,8,8,0.0000
4,96.0000,20,46,709.8003,-87.4965,0.9824,3,0.0750,0.8571,7,8,8,0,0,8,8,0.0000
4,96.0000,21,1,675.1333,-85.8704,0.9544,7,0.1750,1.0000,8,8,7,0,0,8,7,0.1250
4,96.0000,21,2,303.2197,-80.2395,0.5814,26,0.6500,0.4000,5,4,0,0,0,4,0,1.0000
4,96.0000,21,4,451.9219,-84.0704,-0.5804,7,0.1750,1.0000,8,6,4,0,0,6,4,0.3333
4,96.0000,21,5,852.5496,-87.0079,-0.2705,3,0.0750,1.0000,8,6,6,0,0,6,6,0.0000
4,96.0000,21,8,541.9832,-84.5230,0.7581,9,0.2250,0.8571,7,6,4,0,0,6,4,0.3333
4,96.0000,21,9,567.4361,-82.9846,-0.2689,13,0.3250,0.5000,6,7,6,0,0,7,6,0.1429
4,96.0000,21,11,426.4175,-82.5038,0.2285,12,0.3000,0.4000,5,7,6,0,0,7,6,0.1429
4,96.0000,21,13,471.5092,-83.2762,-0.3609,11,0.2750,1.0000,8,8,7,0,0,8,7,0.1250
4,96.0000,21,17,353.4201,-81.5700,-0.5405,14,0.3500,0.5000,6,6,3,0,0,6,3,0.5000
4,96.0000,21,18,606.6300,-84.5944,0.8063,11,0.2750,0.8571,7,8,8,0,0,8,8,0.0000
4,96.0000,21,20,583.9358,-85.2056,0.5355,9,0.2250,0.7143,7,8,8,0,0,8,8,0.0000
4,96.0000,21,25,526.2340,-83.4380,-0.5080,19,0.4750,0.7143,7,7,6,0,0,7,6,0.1429
4,96.0000,21,27,212.9094,-76.2635,0.0105,27,0.6750,0.5556,9,7,3,0,0,7,3,0.5714
4,96.0000,21,28,296.2187,-78.5531,0.0353,21,0.5250,0.0000,4,4,0,0,0,4,0,1.0000
4,96.0000,21,30,411.1205,-82.7505,0.6387,10,0.2500,0.4000,5,4,0,0,0,4,0,1.0000
4,96.0000,21,31,842.5655,-88.3392,0.6859,3,0.0750,1.0000,8,8,8,0,0,8,8,0.0000
4,96.0000,21,32,583.6017,-84.0838,-0.7105,14,0.3500,0.5000,6,8,7,0,0,8,7,0.1250
4,96.0000,21,33,696.1029,-85.2765,0.2392,4,0.1000,1.0000,8,7,6,0,0,7,6,0.1429
4,96.0000,21,35,680.8232,-84.6030,-0.0056,14,0.3500,1.0000,8,7,6,0,0,7,6,0.1429
4,96.0000,21,39,625.8069,-85.0978,-0.9647,14,0.3500,1.0000,8,8,8,0,0,8,8,0.0000
4,96.0000,21,40,381.0261,-80.2953,-1.3861,23,0.5750,0.5000,6,8,8,0,0,8,8,0.0000
4,96.0000,21,44,308.3204,-79.6449,0.9497,16,0.4000,0.8571,7,6,3,0,0,6,3,0.5000
4,96.0000,21,45,390.5453,-81.7523,0.1344,21,0.5250,0.4000,5,7,5,0,0,7,5,0.2857
4,96.0000,22,0,328.9532,-81.1963,1.0940,25,0.6250,0.7778,9,5,2,0,0,5,2,0.6000
4,96.0000,22,3,491.9182,-84.3067,0.9622,12,0.3000,0.5000,6,8,8,0,0,8,8,0.0000
4,96.0000,22,6,521.7320,-83.6923,0.0528,15,0.3750,0.8750,8,6,4,0,0,6,4,0.3333
4,96.0000,22,7,769.9715,-86.2250,-0.4397,11,0.2750,0.8571,7,8,8,0,0,8,8,0.0000
4,96.0000,22,10,846.0475,-88.2112,-0.3600,4,0.1000,1.0000,8,8,8,0,0,8,8,0.0000
4,96.0000,22,14,1045.5120,-87.9867,-1.0803,3,0.0750,1.0000,8,6,6,0,0,6,6,0.0000
4,96.0000,22,16,511.9888,-84.5642,1.3726,13,0.3250,1.0000,8,7,4,0,0,7,4,0.4286
4,96.0000,22,23,253.1163,-75.4758,-1.0675,36,0.9000,0.0000,4,7,3,0,0,7,3,0.5714
4,96.0000,22,26,591.8542,-85.5443,0.4490,7,0.1750,1.0000,8,7,5,0,0,7,5,0.2857
4,96.0000,22,29,819.6532,-87.3068,-0.7122,5,0.1250,0.8750,8,8,8,0,0,8,8,0.0000
4,96.0000,22,37,446.0253,-81.7228,0.0843,23,0.5750,0.6667,6,5,2,0,0,5,2,0.6000
4,96.0000,22,38,526.1752,-83.9299,-0.1594,20,0.5000,1.0000,8,8,7,0,0,8,7,0.1250
4,96.0000,22,41,438.5919,-81.2196,0.2270,29,0.7250,0.8421,19,5,2,0,0,5,2,0.6000
4,96.0000,22,43,526.5788,-84.7098,0.8329,17,0.4250,0.9851,67,8,7,2,2,10,9,0.1000
4,96.0000,22,47,604.2785,-84.1747,0.2336,11,0.2750,0.8571,7,7,5,0,0,7,5,0.2857
4,96.0000,23,0,266.7858,-79.5941,0.6046,25,0.6098,0.7143,7,6,3,0,0,6,3,0.5000
4,96.0000,23,3,625.8289,-84.1128,0.3417,11,0.2683,1.0000,6,8,7,0,0,8,7,0.1250
4,96.0000,23,6,609.1688,-84.8916,-1.8399,10,0.2439,1.0000,8,8,8,0,0,8,8,0.0000
4,96.0000,23,7,593.2197,-84.2671,0.2899,12,0.2927,0.8571,7,7,6,0,0,7,6,0.1429
4,96.0000,23,10,649.7613,-84.1679,0.0950,3,0.0732,1.0000,8,8,7,0,0,8,7,0.1250
4,96.0000,23,16,407.5712,-82.8427,0.2433,10,0.2439,1.0000,8,6,3,0,0,6,3,0.5000
4,96.0000,23,22,253.1163,-75.6148,-1.0130,36,0.8780,0.1064,47,7,4,1,0,8,4,0.5000
4,96.0000,23,26,551.4697,-85.9336,-1.4675,6,0.1463,0.8571,7,6,4,0,0,6,4,0.3333
4,96.0000,23,29,700.0806,-86.1319,1.3780,5,0.1220,1.0000,8,7,6,0,0,7,6,0.1429
4,96.0000,23,37,494.2481,-83.0862,0.0812,13,0.3171,0.8571,7,8,8,0,0,8,8,0.0000
4,96.0000,23,38,355.7016,-81.7671,0.1847,24,0.5854,0.5000,6,5,2,0,0,5,2,0.6000
4,96.0000,23,41,257.3527,-77.8850,-0.0835,28,0.6829,0.5500,60,4,0,63,34,67,34,0.4925
4,96.0000,23,43,284.2458,-80.7197,0.3322,26,0.6341,0.3333,6,5,1,35,5,40,6,0.8500
4,96.0000,23,47,426.6512,-82.9140,-0.0499,16,0.3902,1.0000,8,7,4,0,0,7,4,0.4286
4,96.0000,24,0,823.0158,-86.6074,0.5028,10,0.2500,1.0000,6,8,8,0,0,8,8,0.0000
4,96.0000,24,3,908.7485,-87.7675,1.0322,4,0.1000,1.0000,4,3,2,0,0,3,2,0.3333
4,96.0000,24,4,703.3081,-86.3996,-0.2958,9,0.2250,1.0000,8,7,5,0,0,7,5,0.2857
4,96.0000,24,5,685.9535,-86.4964,-0.2615,8,0.2000,0.9000,10,5,2,0,0,5,2,0.6000
4,96.0000,24,6,862.9473,-86.9894,1.1387,5,0.1250,1.0000,8,7,6,0,0,7,6,0.1429
4,96.0000,24,7,755.7689,-87.4345,-0.0025,10,0.2500,1.0000,6,8,8,0,0,8,8,0.0000
4,96.0000,24,10,634.1705,-84.7062,-0.7791,15,0.3750,0.5714,7,8,8,0,0,8,8,0.0000
4,96.0000,24,12,96.3225,-72.1743,2.2522,35,0.8750,0.0000,4,4,0,0,0,4,0,1.0000
4,96.0000,24,13,829.8960,-88.5916,0.5642,3,0.0750,1.0000,8,10,10,0,0,10,10,0.0000
4,96.0000,24,14,202.6816,-78.2957,1.1527,30,0.7500,0.5000,6,4,0,0,0,4,0,1.0000
4,96.0000,24,15,217.1101,-76.3642,0.2243,27,0.6750,0.5714,7,6,3,0,0,6,3,0.5000
4,96.0000,24,16,677.9805,-85.6171,-0.3308,13,0.3250,0.8571,7,4,4,0,0,4,4,0.0000
4,96.0000,24,19,370.2161,-81.0332,0.4209,19,0.4750,0.8750,8,7,4,0,0,7,4,0.4286
4,96.0000,24,22,1117.8669,-88.4132,-0.3433,4,0.1000,1.0000,6,6,6,0,0,6,6,0.0000
4,96.0000,24,23,1004.2587,-88.9587,0.3621,7,0.1750,0.6667,3,6,6,0,0,6,6,0.0000
4,96.0000,24,26,563.4298,-85.3252,-0.2387,11,0.2750,1.0000,8,8,8,0,0,8,8,0.0000
4,96.0000,24,27,979.5857,-89.7774,0.0386,3,0.0750,,0,8,8,0,0,8,8,0.0000
4,96.0000,24,28,1106.7454,-88.8363,-0.6049,3,0.0750,1.0000,6,4,4,0,0,4,4,0.0000
4,96.0000,24,29,421.5734,-80.2464,-0.4409,21,0.5250,1.0000,8,7,6,0,0,7,6,0.1429
4,96.0000,24,31,314.0070,-81.0526,1.3577,19,0.4750,0.7500,8,5,1,0,0,5,1,0.8000
4,96.0000,24,33,513.8545,-83.7258,-0.6952,10,0.2500,1.0000,8,7,5,0,0,7,5,0.2857
4,96.0000,24,34,335.0170,-81.1524,0.7446,16,0.4000,0.8571,7,7,3,0,0,7,3,0.5714
4,96.0000,24,36,506.6636,-85.9486,0.2181,12,0.3000,1.0000,6,7,5,0,0,7,5,0.2857
4,96.0000,24,37,801.5224,-87.5101,0.5883,12,0.3000,0.8750,8,8,7,0,0,8,7,0.1250
4,96.0000,24,38,901.2126,-87.6442,-0.2229,5,0.1250,1.0000,8,8,8,0,0,8,8,0.0000
4,96.0000,24,41,821.4522,-87.3231,0.2808,6,0.1500,1.0000,6,2,2,0,0,2,2,0.0000
4,96.0000,24,42,296.9627,-79.8803,0.8115,22,0.5500,0.6667,6,5,2,0,0,5,2,0.6000
4,96.0000,24,43,903.1980,-86.8479,0.2370,8,0.2000,1.0000,6,4,4,0,0,4,4,0.0000
4,96.0000,24,46,296.0699,-80.2600,0.7980,20,0.5000,0.6250,8,6,3,0,0,6,3,0.5000
4,96.0000,24,47,833.5237,-86.9105,-0.5017,8,0.2000,1.0000,10,6,6,0,0,6,6,0.0000
4,96.0000,25,2,727.6810,-86.8042,0.8892,7,0.1750,1.0000,8,8,8,0,0,8,8,0.0000
4,96.0000,25,4,651.4604,-86.3554,0.1920,8,0.2000,0.8750,8,7,6,0,0,7,6,0.1429
4,96.0000,25,8,960.9789,-88.6662,0.0339,3,0.0750,0.8000,5,7,7,0,0,7,7,0.0000
4,96.0000,25,9,305.3648,-78.1078,-0.4584,33,0.8250,0.4000,5,6,4,0,0,6,4,0.3333
4,96.0000,25,11,276.6978,-79.8568,0.5802,21,0.5250,0.7143,7,4,0,0,0,4,0,1.0000
4,96.0000,25,13,476.8711,-84.2787,-0.0438,14,0.3500,0.8750,8,7,5,0,0,7,5,0.2857
4,96.0000,25,17,470.9528,-83.7736,-0.3525,11,0.2750,1.0000,6,9,8,0,0,9,8,0.1111
4,96.0000,25,18,137.3139,-69.5925,-0.3963,37,0.9250,0.2000,5,6,3,0,0,6,3,0.5000
4,96.0000,25,20,942.8365,-87.7250,0.5952,3,0.0750,0.8750,8,8,8,0,0,8,8,0.0000
4,96.0000,25,21,526.2340,-83.2611,-0.4825,14,0.3500,0.8571,7,7,6,0,0,7,6,0.1429
4,96.0000,25,27,559.8816,-84.8461,-0.5553,13,0.3250,0.8750,8,10,10,0,0,10,10,0.0000
4,96.0000,25,28,341.9868,-81.0331,0.7695,19,0.4750,0.5000,6,6,4,0,0,6,4,0.3333
4,96.0000,25,30,765.6882,-85.6391,0.0300,5,0.1250,0.8571,7,8,8,0,0,8,8,0.0000
4,96.0000,25,31,851.5100,-86.3318,1.0063,5,0.1250,1.0000,6,6,6,0,0,6,6,0.0000
4,96.0000,25,32,336.6970,-78.0201,-1.9618,33,0.8250,0.0000,4,7,3,0,0,7,3,0.5714
4,96.0000,25,33,897.0362,-86.6632,0.4948,3,0.0750,1.0000,8,8,8,0,0,8,8,0.0000
4,96.0000,25,34,837.0307,-87.4233,-1.1102,5,0.1250,1.0000,8,8,8,0,0,8,8,0.0000
4,96.0000,25,35,480.8780,-82.6978,-0.8640,25,0.6250,0.8750,8,7,6,0,0,7,6,0.1429
4,96.0000,25,36,662.5475,-85.7049,-0.0525,6,0.1500,0.8571,7,7,6,0,0,7,6,0.1429
4,96.0000,25,39,186.4629,-71.9421,-0.9622,37,0.9250,0.0000,4,7,3,0,0,7,3,0.5714
4,96.0000,25,40,321.2449,-79.7325,1.2174,21,0.5250,0.5000,6,7,4,0,0,7,4,0.4286
4,96.0000,25,44,499.8686,-83.9916,0.8910,14,0.3500,1.0000,8,7,5,0,0,7,5,0.2857
4,96.0000,25,45,259.3040,-77.6735,-0.4382,34,0.8500,0.2000,5,6,3,0,0,6,3,0.5000
4,96.0000,26,0,309.3617,-80.2078,1.0461,24,0.6000,0.5000,6,4,0,0,0,4,0,1.0000
4,96.0000,26,1,1009.0304,-87.3690,-0.1023,5,0.1250,1.0000,8,6,6,0,0,6,6,0.0000
4,96.0000,26,3,405.4004,-81.9186,0.4160,20,0.5000,0.6667,6,5,1,0,0,5,1,0.8000
4,96.0000,26,5,670.6977,-84.2423,-0.3691,9,0.2250,0.7778,9,8,8,0,0,8,8,0.0000
4,96.0000,26,6,332.3471,-78.8503,0.2448,29,0.7250,0.5714,7,7,5,0,0,7,5,0.2857
4,96.0000,26,7,541.2582,-85.8032,1.0543,9,0.2250,1.0000,8,5,2,0,0,5,2,0.6000
4,96.0000,26,10,544.2661,-84.1296,0.8817,17,0.4250,0.8571,7,5,2,0,0,5,2,0.6000
4,96.0000,26,12,534.8896,-84.5862,-0.9559,7,0.1750,1.0000,6,8,8,0,0,8,8,0.0000
4,96.0000,26,14,461.8889,-80.9090,-0.4087,20,0.5000,0.7143,7,8,8,0,0,8,8,0.0000
4,96.0000,26,15,705.4020,-86.0632,-0.1492,6,0.1500,1.0000,8,8,8,0,0,8,8,0.0000
4,96.0000,26,16,228.5814,-77.0104,0.3839,27,0.6750,0.5714,7,6,3,0,0,6,3,0.5000
4,96.0000,26,19,645.2705,-86.9054,-0.5119,6,0.1500,1.0000,8,7,6,0,0,7,6,0.1429
4,96.0000,26,22,591.8542,-85.1577,0.0924,12,0.3000,1.0000,8,8,7,0,0,8,7,0.1250
4,96.0000,26,23,551.4697,-84.3926,0.7814,15,0.3750,1.0000,8,7,6,0,0,7,6,0.1429
4,96.0000,26,24,563.4298,-85.2482,-0.1637,10,0.2500,0.8750,8,8,8,0,0,8,8,0.0000
4,96.0000,26,29,312.2604,-79.9955,0.2104,20,0.5000,0.8095,21,6,3,2,2,8,5,0.3750
4,96.0000,26,31,779.7979,-87.3019,-0.0200,5,0.1250,1.0000,6,4,2,0,0,4,2,0.5000
4,96.0000,26,33,744.2554,-86.4864,0.0459,6,0.1500,1.0000,8,7,6,0,0,7,6,0.1429
4,96.0000,26,37,243.1509,-78.0663,0.7158,33,0.8250,0.0000,4,5,1,0,0,5,1,0.8000
4,96.0000,26,38,518.2662,-86.7791,0.4335,9,0.2250,0.8750,8,6,4,0,0,6,4,0.3333
4,96.0000,26,41,410.5184,-82.9320,0.9622,18,0.4500,0.8571,7,7,4,0,0,7,4,0.4286
4,96.0000,26,42,631.3713,-84.7553,0.1789,6,0.1500,0.7143,7,8,8,0,0,8,8,0.0000
4,96.0000,26,43,576.0122,-85.4137,0.1374,11,0.2750,0.8571,7,6,3,0,0,6,3,0.5000
4,96.0000,26,46,600.1806,-83.1654,-1.4216,10,0.2500,1.0000,8,8,8,0,0,8,8,0.0000
4,96.0000,26,47,502.0206,-84.3180,1.1157,13,0.3250,0.7143,7,7,5,0,0,7,5,0.2857
4,96.0000,27,1,487.0061,-83.4429,0.2279,8,0.2000,0.7500,8,5,2,0,0,5,2,0.6000
4,96.0000,27,2,362.6039,-80.4338,0.4364,24,0.6000,0.7143,7,7,4,0,0,7,4,0.4286
4,96.0000,27,4,335.2853,-81.1001,0.3951,12,0.3000,0.8750,8,4,2,0,0,4,2,0.5000
4,96.0000,27,5,654.3727,-83.6337,-0.7877,7,0.1750,1.0000,8,8,7,0,0,8,7,0.1250
4,96.0000,27,8,404.3970,-82.0078,0.1518,16,0.4000,1.0000,8,6,4,0,0,6,4,0.3333
4,96.0000,27,9,698.3799,-85.3977,0.3980,13,0.3250,0.8571,7,10,10,0,0,10,10,0.0000
4,96.0000,27,11,359.1075,-79.7018,-0.2534,16,0.4000,0.6667,6,8,8,0,0,8,8,0.0000
4,96.0000,27,13,309.0229,-78.7878,-0.4810,15,0.3750,0.6250,8,8,5,0,0,8,5,0.3750
4,96.0000,27,17,305.1782,-78.7675,-0.8792,17,0.4250,0.5000,6,8,7,0,0,8,7,0.1250
4,96.0000,27,18,646.8991,-84.5996,-0.3201,7,0.1750,1.0000,8,7,6,0,0,7,6,0.1429
4,96.0000,27,19,661.7422,-84.9267,2.1704,3,0.0750,0.7143,7,8,8,0,0,8,8,0.0000
4,96.0000,27,20,417.5287,-81.6924,-0.0733,16,0.4000,0.6667,6,7,5,0,0,7,5,0.2857
4,96.0000,27,21,212.9094,-75.7236,-0.4702,31,0.7750,0.5000,6,4,0,0,0,4,0,1.0000
4,96.0000,27,25,559.8816,-83.6454,1.4844,11,0.2750,0.7500,8,6,4,0,0,6,4,0.3333
4,96.0000,27,28,276.2247,-76.6756,-0.5196,27,0.6750,0.0000,4,4,0,0,0,4,0,1.0000
4,96.0000,27,30,235.1173,-78.8282,0.6547,21,0.5250,0.5714,7,6,2,0,0,6,2,0.6667
4,96.0000,27,31,688.0379,-87.4547,-2.7262,4,0.1000,1.0000,8,6,4,0,0,6,4,0.3333
4,96.0000,27,32,707.9753,-84.9004,-0.6482,15,0.3750,1.0000,8,7,6,0,0,7,6,0.1429
4,96.0000,27,33,522.5929,-84.2897,0.9934,6,0.1500,0.8750,8,8,7,0,0,8,7,0.1250
4,96.0000,27,34,758.5639,-85.6319,2.0985,5,0.1250,1.0000,8,8,8,0,0,8,8,0.0000
4,96.0000,27,35,745.7429,-85.4232,-0.5703,12,0.3000,0.7500,4,6,6,0,0,6,6,0.0000
4,96.0000,27,36,662.3184,-86.2952,0.9255,3,0.0750,1.0000,8,7,5,0,0,7,5,0.2857
4,96.0000,27,39,706.6396,-85.8301,-0.8129,9,0.2250,0.8571,7,8,8,0,0,8,8,0.0000
4,96.0000,27,40,438.7892,-81.9977,-0.2733,15,0.3750,0.3333,6,6,4,0,0,6,4,0.3333
4,96.0000,27,42,759.1236,-87.4059,-1.6573,3,0.0750,0.8571,7,7,6,0,0,7,6,0.1429
4,96.0000,27,44,173.3406,-73.9163,-0.0269,28,0.7000,0.4000,5,7,3,0,0,7,3,0.5714
4,96.0000,27,45,516.1891,-83.5737,0.2874,18,0.4500,0.8750,8,7,5,0,0,7,5,0.2857
4,96.0000,27,46,725.5221,-86.3697,-0.0348,4,0.1000,1.0000,8,6,4,0,0,6,4,0.3333
4,96.0000,28,1,662.1999,-86.0363,-0.0346,9,0.2308,1.0000,8,8,8,0,0,8,8,0.0000
4,96.0000,28,2,422.7279,-83.0407,0.5614,23,0.5897,1.0000,8,6,3,0,0,6,3,0.5000
4,96.0000,28,4,518.4885,-83.7732,-0.0772,11,0.2821,0.8750,8,7,6,0,0,7,6,0.1429
4,96.0000,28,8,660.7921,-85.1057,0.4277,5,0.1282,0.8750,8,8,8,0,0,8,8,0.0000
4,96.0000,28,9,507.1125,-84.2139,-0.3345,18,0.4615,0.7143,7,8,7,0,0,8,7,0.1250
4,96.0000,28,11,174.4643,-72.2400,-0.7507,34,0.8718,0.2000,5,5,2,0,0,5,2,0.6000
4,96.0000,28,13,300.2340,-76.9651,-1.1895,28,0.7179,0.4286,7,7,6,0,0,7,6,0.1429
4,96.0000,28,17,393.9778,-81.1329,-1.6159,18,0.4615,0.8571,7,7,6,0,0,7,6,0.1429
4,96.0000,28,18,393.6926,-83.0013,-0.6753,20,0.5128,0.8571,7,7,6,0,0,7,6,0.1429
4,96.0000,28,19,811.8149,-86.8437,0.7026,3,0.0769,0.8750,8,8,8,0,0,8,8,0.0000
4,96.0000,28,20,624.8869,-85.0220,-0.3093,13,0.3333,1.0000,8,7,6,0,0,7,6,0.1429
4,96.0000,28,21,296.2187,-78.6599,0.2687,25,0.6410,0.0000,4,5,1,0,0,5,1,0.8000
4,96.0000,28,25,341.9868,-80.9015,0.4423,22,0.5641,0.5714,7,5,2,0,0,5,2,0.6000
4,96.0000,28,27,276.2247,-76.3267,-0.3365,30,0.7692,0.4000,5,7,5,0,0,7,5,0.2857
4,96.0000,28,30,450.3107,-83.0464,-1.0415,16,0.4103,1.0000,8,6,4,0,0,6,4,0.3333
4,96.0000,28,31,800.6736,-87.3278,0.5869,4,0.1026,1.0000,8,8,8,0,0,8,8,0.0000
4,96.0000,28,32,481.6240,-83.9103,-0.4179,16,0.4103,0.5000,6,7,5,0,0,7,5,0.2857
4,96.0000,28,33,728.1457,-86.1203,0.5654,4,0.1026,1.0000,8,8,8,0,0,8,8,0.0000
4,96.0000,28,34,839.1914,-87.8801,-0.6140,6,0.1538,1.0000,8,8,8,0,0,8,8,0.0000
4,96.0000,28,35,485.6930,-84.3127,0.5353,20,0.5128,0.7143,7,6,4,0,0,6,4,0.3333
4,96.0000,28,36,686.9583,-86.3176,0.4803,7,0.1795,0.8571,7,8,8,0,0,8,8,0.0000
4,96.0000,28,39,486.7724,-83.1825,-0.2028,20,0.5128,0.4000,5,6,2,0,0,6,2,0.6667
4,96.0000,28,40,392.9089,-81.2040,-0.7985,24,0.6154,0.5000,4,7,6,0,0,7,6,0.1429
4,96.0000,28,44,176.8999,-75.5147,0.1756,31,0.7949,0.0000,4,5,1,0,0,5,1,0.8000
4,96.0000,28,45,370.3923,-81.6423,0.6810,19,0.4872,0.6667,6,6,4,0,0,6,4,0.3333
4,96.0000,29,0,492.3431,-83.7575,-0.4156,17,0.4250,0.8571,7,6,3,0,0,6,3,0.5000
4,96.0000,29,3,711.9044,-86.8859,0.0299,6,0.1500,0.8750,8,8,8,0,0,8,8,0.0000
4,96.0000,29,5,830.3867,-86.2349,-1.5412,3,0.0750,0.8750,8,8,8,0,0,8,8,0.0000
4,96.0000,29,6,576.4987,-83.0528,-0.4066,18,0.4500,0.8750,8,8,8,0,0,8,8,0.0000
4,96.0000,29,7,374.2835,-83.0138,0.4994,24,0.6000,0.8571,7,5,1,0,0,5,1,0.8000
4,96.0000,29,10,325.8952,-78.8541,0.1599,31,0.7750,0.7143,7,5,1,0,0,5,1,0.8000
4,96.0000,29,12,436.6831,-83.2752,-0.3114,12,0.3000,1.0000,8,6,4,0,0,6,4,0.3333
4,96.0000,29,14,396.7142,-80.3064,-0.6932,19,0.4750,0.9091,11,7,5,0,0,7,5,0.2857
4,96.0000,29,15,610.3125,-83.5958,-2.0288,13,0.3250,1.0000,8,8,8,0,0,8,8,0.0000
4,96.0000,29,16,313.7733,-79.2146,0.0977,29,0.7250,0.7143,7,8,5,0,0,8,5,0.3750
4,96.0000,29,19,659.4163,-85.7163,-0.8298,5,0.1250,0.8750,8,7,6,0,0,7,6,0.1429
4,96.0000,29,22,819.6532,-87.0119,0.2495,6,0.1500,1.0000,8,8,8,0,0,8,8,0.0000
4,96.0000,29,23,700.0806,-86.0077,0.7764,8,0.2000,1.0000,4,8,8,0,0,8,8,0.0000
4,96.0000,29,24,421.5734,-81.5840,-1.4337,18,0.4500,0.7143,7,7,6,0,0,7,6,0.1429
4,96.0000,29,26,312.2604,-80.3636,0.3034,21,0.5250,0.3333,6,4,0,0,0,4,0,1.0000
4,96.0000,29,33,811.1701,-88.2392,-1.8247,3,0.0750,0.9655,29,8,8,138,138,146,146,0.0000
4,96.0000,29,34,754.3544,-86.6000,-0.5174,6,0.1500,1.0000,6,7,6,0,0,7,6,0.1429
4,96.0000,29,37,498.6992,-84.5924,-0.4356,17,0.4250,0.8750,8,6,4,0,0,6,4,0.3333
4,96.0000,29,38,513.5643,-84.8292,0.2901,11,0.2750,0.4000,5,7,6,0,0,7,6,0.1429
4,96.0000,29,41,469.7514,-84.5889,0.1699,17,0.4250,0.7500,8,4,0,0,0,4,0,1.0000
4,96.0000,29,42,627.5639,-84.0214,-0.5201,6,0.1500,1.0000,10,7,6,0,0,7,6,0.1429
4,96.0000,29,43,584.7896,-85.0664,0.3156,14,0.3500,0.7143,7,7,6,0,0,7,6,0.1429
4,96.0000,29,46,594.5018,-84.7848,-0.6667,11,0.2750,0.8571,7,8,7,0,0,8,7,0.1250
4,96.0000,29,47,444.7352,-82.3335,-0.0936,23,0.5750,0.5000,6,8,7,0,0,8,7,0.1250
4,96.0000,30,1,264.9494,-75.8528,-1.4788,33,0.8250,0.2000,5,6,3,0,0,6,3,0.5000
4,96.0000,30,2,400.0400,-83.0364,0.1128,22,0.5500,0.8571,7,7,3,0,0,7,3,0.5714
4,96.0000,30,4,446.5810,-83.1499,0.7890,15,0.3750,0.8750,8,8,8,0,0,8,8,0.0000
4,96.0000,30,5,494.2570,-81.2575,-1.6770,18,0.4500,1.0000,8,8,8,0,0,8,8,0.0000
4,96.0000,30,8,229.5236,-76.9726,0.7737,35,0.8750,0.0000,4,5,2,0,0,5,2,0.6000
4,96.0000,30,9,920.3625,-88.1719,0.1703,5,0.1250,1.0000,4,2,2,0,0,2,2,0.0000
4,96.0000,30,11,523.3507,-83.6578,0.2745,13,0.3250,0.8571,7,6,4,0,0,6,4,0.3333
4,96.0000,30,12,949.4265,-88.9938,-0.2162,4,0.1000,1.0000,8,4,4,0,0,4,4,0.0000
4,96.0000,30,13,401.1338,-81.9957,0.3970,14,0.3500,0.7143,7,8,6,0,0,8,6,0.2500
4,96.0000,30,14,886.7228,-88.0668,0.5147,6,0.1500,1.0000,8,8,8,0,0,8,8,0.0000
4,96.0000,30,15,812.1580,-87.0536,-0.2345,8,0.2000,0.5000,4,8,8,0,0,8,8,0.0000
4,96.0000,30,17,501.5778,-83.6615,-0.5179,13,0.3250,0.8750,8,8,7,0,0,8,7,0.1250
4,96.0000,30,18,838.3387,-88.2557,-0.1097,8,0.2000,1.0000,4,8,8,0,0,8,8,0.0000
4,96.0000,30,19,622.3322,-85.0900,-0.1393,7,0.1750,1.0000,8,8,8,0,0,8,8,0.0000
4,96.0000,30,20,183.8085,-71.5304,-1.9890,32,0.8000,0.2000,5,4,0,0,0,4,0,1.0000
4,96.0000,30,21,411.1205,-82.9544,-0.1565,18,0.4500,1.0000,8,6,3,0,0,6,3,0.5000
4,96.0000,30,25,765.6882,-87.1894,-0.5750,8,0.2000,1.0000,8,8,8,0,0,8,8,0.0000
4,96.0000,30,27,235.1173,-78.5497,1.1301,28,0.7000,0.5000,6,5,1,0,0,5,1,0.8000
4,96.0000,30,28,450.3107,-82.5163,0.7182,21,0.5250,0.8571,7,5,2,0,0,5,2,0.6000
4,96.0000,30,31,729.5707,-86.1844,-1.2093,6,0.1500,1.0000,8,6,5,0,0,6,5,0.1667
4,96.0000,30,32,910.1945,-88.5086,-0.3350,7,0.1750,0.8571,7,8,8,0,0,8,8,0.0000
4,96.0000,30,33,493.1274,-82.5021,-0.9061,11,0.2750,1.0000,8,8,8,0,0,8,8,0.0000
4,96.0000,30,34,828.4392,-86.3476,0.6313,6,0.1500,1.0000,8,8,8,0,0,8,8,0.0000
4,96.0000,30,35,883.2682,-89.3441,0.1781,6,0.1500,1.0000,4,2,2,0,0,2,2,0.0000
4,96.0000,30,36,757.3651,-87.8099,0.1652,6,0.1500,1.0000,8,7,5,0,0,7,5,0.2857
4,96.0000,30,39,921.6676,-88.5240,-0.1274,5,0.1250,1.0000,8,7,6,0,0,7,6,0.1429
4,96.0000,30,40,669.0554,-86.7405,-0.5648,9,0.2250,0.8750,8,7,6,0,0,7,6,0.1429
4,96.0000,30,42,763.1337,-87.6136,-0.2230,5,0.1250,1.0000,8,8,8,0,0,8,8,0.0000
4,96.0000,30,44,281.8305,-78.5645,0.0084,28,0.7000,0.8571,7,6,3,0,0,6,3,0.5000
4,96.0000,30,45,745.7524,-87.7340,-0.1208,7,0.1750,1.0000,8,7,6,0,0,7,6,0.1429
4,96.0000,30,46,693.5980,-86.8622,0.7529,7,0.1750,1.0000,8,8,8,0,0,8,8,0.0000
4,96.0000,31,0,1062.6687,-88.7887,-0.2257,3,0.0750,1.0000,6,6,6,0,0,6,6,0.0000
4,96.0000,31,1,766.9457,-85.9040,-0.8271,9,0.2250,1.0000,8,8,8,0,0,8,8,0.0000
4,96.0000,31,4,416.0532,-80.3424,-0.7085,20,0.5000,0.8750,8,8,8,0,0,8,8,0.0000
4,96.0000,31,5,592.0148,-84.3731,-1.1399,12,0.3000,0.8750,8,5,4,0,0,5,4,0.2000
4,96.0000,31,8,776.8480,-85.5800,0.4011,6,0.1500,1.0000,6,5,4,0,0,5,4,0.2000
4,96.0000,31,9,1091.7721,-88.9122,-0.1500,6,0.1500,1.0000,4,2,2,0,0,2,2,0.0000
4,96.0000,31,11,693.2777,-87.2763,-0.9035,5,0.1250,1.0000,8,5,4,0,0,5,4,0.2000
4,96.0000,31,12,313.9317,-78.7387,-0.7242,32,0.8000,0.6667,6,7,4,0,0,7,4,0.4286
4,96.0000,31,13,538.6468,-84.4222,-0.0391,12,0.3000,1.0000,8,7,6,0,0,7,6,0.1429
4,96.0000,31,14,358.5186,-80.1497,-0.0650,18,0.4500,0.8571,7,6,4,0,0,6,4,0.3333
4,96.0000,31,15,128.9327,-74.3122,0.6691,32,0.8000,0.5000,6,4,0,0,0,4,0,1.0000
4,96.0000,31,16,942.1079,-88.8378,0.9115,3,0.0750,1.0000,6,4,4,0,0,4,4,0.0000
4,96.0000,31,17,530.3723,-82.9841,0.0028,12,0.3000,0.9677,62,7,6,66,65,73,71,0.0274
4,96.0000,31,18,967.0998,-87.3703,-0.5259,5,0.1250,,0,6,6,0,0,6,6,0.0000
4,96.0000,31,19,242.6889,-73.6933,-1.9407,35,0.8750,0.2000,5,7,5,2,2,9,7,0.2222
4,96.0000,31,20,797.3608,-86.0593,-1.3155,7,0.1750,1.0000,6,8,8,0,0,8,8,0.0000
4,96.0000,31,21,842.5655,-89.0825,-0.6320,3,0.0750,1.0000,8,6,6,0,0,6,6,0.0000
4,96.0000,31,24,314.0070,-80.8993,1.4935,20,0.5000,0.8000,5,6,2,0,0,6,2,0.6667
4,96.0000,31,25,851.5100,-88.8023,0.9457,3,0.0750,1.0000,8,6,6,0,0,6,6,0.0000
4,96.0000,31,26,779.7979,-85.8187,0.5206,5,0.1250,0.8571,7,4,4,0,0,4,4,0.0000
4,96.0000,31,27,688.0379,-86.1697,1.5097,7,0.1750,0.6667,3,7,6,0,0,7,6,0.1429
4,96.0000,31,28,800.6736,-86.5688,0.6074,7,0.1750,1.0000,20,7,6,0,0,7,6,0.1429
4,96.0000,31,29,715.8837,-85.3117,-0.9558,7,0.1750,1.0000,8,7,6,0,0,7,6,0.1429
4,96.0000,31,30,729.5707,-85.2602,-0.8539,7,0.1750,0.8571,7,8,8,0,0,8,8,0.0000
4,96.0000,31,33,320.9794,-77.9674,-0.1973,29,0.7250,0.2000,5,5,2,3,2,8,4,0.5000
4,96.0000,31,34,129.8729,-73.5815,1.4918,34,0.8500,0.5714,7,5,1,41,6,46,7,0.8478
4,96.0000,31,36,246.3107,-79.2880,0.7160,27,0.6750,0.9091,11,5,1,1,0,6,1,0.8333
4,96.0000,31,40,713.3890,-85.6914,-0.4604,8,0.2000,0.8750,8,8,8,0,0,8,8,0.0000
4,96.0000,31,41,1092.4280,-88.4565,0.0963,3,0.0750,,0,4,4,0,0,4,4,0.0000
4,96.0000,31,42,238.7905,-77.6356,0.3014,33,0.8250,0.0000,4,5,1,0,0,5,1,0.8000
4,96.0000,31,44,732.4206,-85.7898,-2.0357,7,0.1750,1.0000,80,8,8,0,0,8,8,0.0000
4,96.0000,31,46,221.6780,-77.2403,0.7463,30,0.7500,0.0000,4,5,1,0,0,5,1,0.8000
4,96.0000,32,2,709.9488,-86.8598,0.0398,5,0.1250,1.0000,8,7,6,0,0,7,6,0.1429
4,96.0000,32,9,159.9107,-72.9867,-0.5664,36,0.9000,0.0000,4,5,1,0,0,5,1,0.8000
4,96.0000,32,11,530.8346,-82.5131,0.0309,8,0.2000,0.8750,8,8,7,0,0,8,7,0.1250
4,96.0000,32,13,737.3234,-86.2970,0.1755,5,0.1250,1.0000,8,8,8,0,0,8,8,0.0000
4,96.0000,32,17,697.7878,-85.2764,-0.1039,7,0.1750,0.7500,8,7,6,0,0,7,6,0.1429
4,96.0000,32,18,284.1519,-78.7694,-0.2678,31,0.7750,0.3333,6,7,5,0,0,7,5,0.2857
4,96.0000,32,21,583.6017,-83.5565,-0.4695,16,0.4000,0.8333,6,7,6,0,0,7,6,0.1429
4,96.0000,32,25,336.6970,-76.9692,-2.1794,32,0.8000,0.2000,5,7,4,0,0,7,4,0.4286
4,96.0000,32,27,707.9753,-85.3006,-0.5276,8,0.2000,0.8750,8,8,7,0,0,8,7,0.1250
4,96.0000,32,28,481.6240,-81.4481,-0.2783,14,0.3500,0.8750,8,7,6,0,0,7,6,0.1429
4,96.0000,32,35,336.5444,-79.5799,0.5066,34,0.8500,0.2000,5,5,2,0,0,5,2,0.6000
4,96.0000,32,36,990.6905,-88.0201,0.9664,3,0.0750,1.0000,6,10,10,0,0,10,10,0.0000
4,96.0000,32,39,234.6640,-75.0462,-1.6718,37,0.9250,0.2000,5,6,2,0,0,6,2,0.6667
4,96.0000,32,40,511.6372,-82.4132,-0.6356,20,0.5000,0.5000,6,8,8,0,0,8,8,0.0000
4,96.0000,32,44,655.4329,-85.0603,0.0466,4,0.1000,1.0000,8,7,6,0,0,7,6,0.1429
4,96.0000,32,45,286.0160,-75.4281,-2.1677,32,0.8000,0.5000,6,6,3,0,0,6,3,0.5000
4,96.0000,33,0,1019.7891,-87.9677,-0.1115,4,0.1000,1.0000,4,2,2,0,0,2,2,0.0000
4,96.0000,33,1,519.7809,-84.4309,-0.4127,14,0.3500,0.6667,6,6,6,0,0,6,6,0.0000
4,96.0000,33,2,847.7977,-87.9903,-0.5268,8,0.2000,1.0000,8,2,2,0,0,2,2,0.0000
4,96.0000,33,4,301.5542,-79.2457,-0.2813,26,0.6500,0.4286,7,5,1,0,0,5,1,0.8000
4,96.0000,33,5,341.5428,-80.1678,-0.0588,30,0.7500,0.7500,8,7,6,0,0,7,6,0.1429
4,96.0000,33,6,961.3754,-87.6561,-0.7036,5,0.1250,1.0000,4,6,6,0,0,6,6,0.0000
4,96.0000,33,8,476.9010,-84.0828,0.7020,13,0.3250,0.8750,8,7,5,0,0,7,5,0.2857
4,96.0000,33,9,1102.2493,-89.2726,0.0800,4,0.1000,1.0000,2,2,2,0,0,2,2,0.0000
4,96.0000,33,11,686.9885,-87.4032,0.2131,10,0.2500,0.7143,7,4,4,0,0,4,4,0.0000
4,96.0000,33,12,467.2090,-81.3106,-1.1754,29,0.7250,0.7143,7,8,7,0,0,8,7,0.1250
4,96.0000,33,13,501.6113,-83.6193,0.5080,14,0.3500,1.0000,8,6,4,2,1,8,5,0.3750
4,96.0000,33,14,458.1172,-82.8827,0.5242,21,0.5250,1.0000,6,7,6,0,0,7,6,0.1429
4,96.0000,33,15,394.8841,-80.7200,-0.8532,28,0.7000,0.4000,5,7,6,0,0,7,6,0.1429
4,96.0000,33,17,487.7129,-82.9610,-0.5638,13,0.3250,1.0000,8,8,8,0,0,8,8,0.0000
4,96.0000,33,18,1010.8644,-88.3491,-0.0374,5,0.1250,1.0000,4,8,8,0,0,8,8,0.0000
4,96.0000,33,19,224.2354,-76.5888,0.0736,33,0.8250,0.3333,6,7,4,0,0,7,4,0.4286
4,96.0000,33,20,525.7621,-84.9715,-0.2204,16,0.4000,0.8750,8,7,6,0,0,7,6,0.1429
4,96.0000,33,21,696.1029,-85.7982,1.3765,7,0.1750,0.7500,8,8,7,0,0,8,7,0.1250
4,96.0000,33,24,513.8545,-83.4161,-0.3548,18,0.4500,0.7500,8,8,8,0,0,8,8,0.0000
4,96.0000,33,25,897.0362,-87.9909,-0.8234,4,0.1000,1.0000,6,8,8,0,0,8,8,0.0000
4,96.0000,33,26,744.2554,-85.2339,-0.6070,15,0.3750,0.8571,7,8,8,0,0,8,8,0.0000
4,96.0000,33,27,522.5929,-85.2861,1.4481,13,0.3250,0.5000,4,6,4,0,0,6,4,0.3333
4,96.0000,33,28,728.1457,-86.1567,-0.2631,10,0.2500,1.0000,8,8,8,0,0,8,8,0.0000
4,96.0000,33,29,811.1701,-86.9757,-1.2390,7,0.1750,0.8571,7,4,4,0,0,4,4,0.0000
4,96.0000,33,30,493.1274,-84.1856,-0.0843,15,0.3750,1.0000,8,7,6,0,0,7,6,0.1429
4,96.0000,33,31,320.9794,-77.6313,-0.8457,34,0.8500,0.2000,5,5,4,0,0,5,4,0.2000
4,96.0000,33,34,443.6458,-81.4991,-0.2936,25,0.6250,0.8571,7,8,8,0,0,8,8,0.0000
4,96.0000,33,36,491.8216,-84.2346,0.7614,18,0.4500,1.0000,8,7,5,0,0,7,5,0.2857
4,96.0000,33,37,934.7322,-87.9622,-0.1416,6,0.1500,1.0000,4,6,6,0,0,6,6,0.0000
4,96.0000,33,40,719.2532,-87.2510,-0.0402,7,0.1750,0.8571,7,8,7,0,0,8,7,0.1250
4,96.0000,33,41,1097.5081,-88.5991,-0.9098,3,0.0750,1.0000,4,4,4,0,0,4,4,0.0000
4,96.0000,33,42,272.7713,-77.3045,-0.1029,34,0.8500,0.4000,5,6,4,0,0,6,4,0.3333
4,96.0000,33,44,607.4983,-85.6364,-0.9552,12,0.3000,1.0000,6,8,8,0,0,8,8,0.0000
4,96.0000,33,45,914.3418,-87.4687,0.3134,3,0.0750,1.0000,4,8,8,0,0,8,8,0.0000
4,96.0000,33,46,263.2283,-78.0659,0.8423,33,0.8250,0.5000,6,5,1,0,0,5,1,0.8000
4,96.0000,34,1,882.6357,-87.2198,0.3289,5,0.1250,1.0000,8,6,6,0,0,6,6,0.0000
4,96.0000,34,4,481.9275,-82.2958,0.3043,10,0.2500,1.0000,8,7,6,0,0,7,6,0.1429
4,96.0000,34,5,721.0346,-85.7272,-0.2254,4,0.1000,0.8333,6,8,8,0,0,8,8,0.0000
4,96.0000,34,8,890.0946,-88.5224,0.3344,6,0.1500,1.0000,4,8,7,0,0,8,7,0.1250
4,96.0000,34,9,1077.0208,-87.8091,-0.8128,3,0.0750,1.0000,8,4,4,0,0,4,4,0.0000
4,96.0000,34,11,715.5383,-86.1562,-0.4988,10,0.2500,1.0000,8,8,8,0,0,8,8,0.0000
4,96.0000,34,12,353.5295,-80.8746,0.4298,20,0.5000,0.8750,8,7,6,0,0,7,6,0.1429
4,96.0000,34,13,590.3370,-85.5513,0.1188,12,0.3000,1.0000,8,8,8,70,69,78,77,0.0128
4,96.0000,34,14,431.8869,-83.5540,1.1260,11,0.2750,1.0000,8,5,2,0,0,5,2,0.6000
4,96.0000,34,15,176.7304,-77.4658,1.1813,26,0.6500,0.5714,7,5,1,0,0,5,1,0.8000
4,96.0000,34,17,559.7578,-84.0752,-1.0318,11,0.2750,0.8571,7,8,7,0,0,8,7,0.1250
4,96.0000,34,18,952.8159,-87.5037,0.0688,7,0.1750,1.0000,6,8,8,0,0,8,8,0.0000
4,96.0000,34,19,366.2716,-80.3047,-0.2105,18,0.4500,0.6667,6,7,5,0,0,7,5,0.2857
4,96.0000,34,20,911.0376,-87.0935,-0.1733,7,0.1750,1.0000,8,8,8,0,0,8,8,0.0000
4,96.0000,34,21,894.9327,-87.6230,0.3567,6,0.1500,1.0000,6,8,8,0,0,8,8,0.0000
4,96.0000,34,24,335.0170,-81.7566,-0.2826,20,0.5000,1.0000,8,5,1,0,0,5,1,0.8000
4,96.0000,34,25,837.0307,-86.9653,-1.5476,4,0.1000,1.0000,8,8,8,0,0,8,8,0.0000
4,96.0000,34,26,860.9660,-89.5859,0.1352,3,0.0750,0.8750,8,2,2,0,0,2,2,0.0000
4,96.0000,34,27,758.5639,-86.7921,-0.6875,7,0.1750,1.0000,6,8,7,0,0,8,7,0.1250
4,96.0000,34,28,839.1914,-87.6214,-0.1737,8,0.2000,0.8750,8,8,8,0,0,8,8,0.0000
4,96.0000,34,30,828.4392,-86.8347,-0.3560,7,0.1750,1.0000,8,6,5,0,0,6,5,0.1667
4,96.0000,34,31,129.8729,-73.1880,1.5248,29,0.7250,0.0000,4,5,1,0,0,5,1,0.8000
4,96.0000,34,33,443.6458,-82.2184,0.1510,16,0.4000,0.8750,8,8,8,1,0,9,8,0.1111
4,96.0000,34,36,199.4806,-74.1904,-0.1441,31,0.7750,0.3333,6,5,1,0,0,5,1,0.8000
4,96.0000,34,39,988.8906,-88.2041,-0.6509,3,0.0750,0.8750,8,6,6,0,0,6,6,0.0000
4,96.0000,34,40,709.6299,-85.9365,0.4960,10,0.2500,0.8571,7,8,7,0,0,8,7,0.1250
4,96.0000,34,42,327.6464,-80.7414,0.1357,19,0.4750,0.2000,5,6,3,0,0,6,3,0.5000
4,96.0000,34,44,795.9672,-87.8768,0.1758,6,0.1500,0.8750,8,8,8,0,0,8,8,0.0000
4,96.0000,34,45,927.6497,-87.8374,0.6439,4,0.1000,0.8571,7,8,8,0,0,8,8,0.0000
4,96.0000,34,46,338.6926,-80.8798,0.6339,18,0.4500,1.0000,8,6,4,0,0,6,4,0.3333
4,96.0000,35,2,683.6572,-87.6083,1.4067,3,0.0750,1.0000,8,10,10,0,0,10,10,0.0000
4,96.0000,35,9,486.9648,-81.9495,-0.1508,11,0.2750,0.8571,7,5,2,0,0,5,2,0.6000
4,96.0000,35,11,547.0487,-84.2625,1.4437,7,0.1750,0.8571,7,7,6,0,0,7,6,0.1429
4,96.0000,35,13,733.0078,-87.1809,0.4035,3,0.0750,1.0000,8,7,6,0,0,7,6,0.1429
4,96.0000,35,17,838.8864,-89.1386,-0.3664,3,0.0750,1.0000,6,8,7,0,0,8,7,0.1250
4,96.0000,35,18,376.8566,-82.6772,-0.6461,15,0.3750,0.6667,6,6,4,0,0,6,4,0.3333
4,96.0000,35,21,680.8232,-86.1670,-0.9771,4,0.1000,1.0000,8,7,6,0,0,7,6,0.1429
4,96.0000,35,25,480.8780,-81.6066,-0.9011,11,0.2750,0.8571,7,6,3,0,0,6,3,0.5000
4,96.0000,35,27,745.7429,-87.0939,-0.4117,3,0.0750,1.0000,8,8,8,0,0,8,8,0.0000
4,96.0000,35,28,485.6930,-83.5502,0.4985,9,0.2250,0.8571,7,7,6,0,0,7,6,0.1429
4,96.0000,35,32,336.5444,-79.5927,0.5691,25,0.6250,0.0000,4,8,6,0,0,8,6,0.2500
4,96.0000,35,39,473.0125,-81.8377,-0.5358,14,0.3500,0.8750,8,7,4,0,0,7,4,0.4286
4,96.0000,35,40,723.6099,-86.3523,-0.7434,4,0.1000,1.0000,8,7,6,0,0,7,6,0.1429
4,96.0000,35,44,627.3073,-86.3707,1.9801,5,0.1250,1.0000,8,8,8,0,0,8,8,0.0000
4,96.0000,35,45,540.8996,-84.6879,-0.7555,12,0.3000,1.0000,6,7,5,0,0,7,5,0.2857
4,96.0000,36,1,834.1080,-86.5852,0.0573,3,0.0750,1.0000,4,7,6,0,0,7,6,0.1429
4,96.0000,36,4,453.4162,-83.5343,0.2179,9,0.2250,0.6667,6,8,8,0,0,8,8,0.0000
4,96.0000,36,5,749.0322,-86.9640,0.8942,5,0.1250,1.0000,8,8,8,0,0,8,8,0.0000
4,96.0000,36,9,924.8599,-86.9627,-0.4553,7,0.1750,1.0000,8,4,3,0,0,4,3,0.2500
4,96.0000,36,10,1131.1775,-89.1971,-0.4084,3,0.0750,1.0000,4,4,4,0,0,4,4,0.0000
4,96.0000,36,11,544.3878,-85.5976,0.9126,8,0.2000,1.0000,8,7,5,0,0,7,5,0.2857
4,96.0000,36,12,534.6996,-83.2038,-0.0026,10,0.2500,1.0000,8,7,5,0,0,7,5,0.2857
4,96.0000,36,13,444.3031,-83.5510,0.1328,9,0.2250,1.0000,8,6,3,4,3,10,6,0.4000
4,96.0000,36,14,554.4138,-86.8661,1.4015,7,0.1750,1.0000,8,7,6,0,0,7,6,0.1429
4,96.0000,36,15,305.5254,-80.9979,1.9783,12,0.3000,0.6667,6,6,2,0,0,6,2,0.6667
4,96.0000,36,17,472.9072,-83.7762,1.5666,12,0.3000,1.0000,8,7,6,0,0,7,6,0.1429
4,96.0000,36,18,769.5274,-85.8711,0.4435,7,0.1750,1.0000,6,10,10,0,0,10,10,0.0000
4,96.0000,36,19,423.3571,-82.2674,0.6297,13,0.3250,0.7143,7,8,7,0,0,8,7,0.1250
4,96.0000,36,20,864.2557,-87.4955,0.3691,6,0.1500,1.0000,8,8,8,0,0,8,8,0.0000
4,96.0000,36,21,794.3006,-87.6243,0.2624,4,0.1000,1.0000,8,8,8,0,0,8,8,0.0000
4,96.0000,36,24,506.6636,-84.5164,-0.2231,8,0.2000,0.8571,7,8,7,0,0,8,7,0.1250
4,96.0000,36,25,662.5475,-86.3752,0.0057,12,0.3000,0.7143,7,7,5,0,0,7,5,0.2857
4,96.0000,36,27,662.3184,-86.6771,0.4166,8,0.2000,1.0000,6,7,6,0,0,7,6,0.1429
4,96.0000,36,28,686.9583,-86.6428,1.2609,5,0.1250,0.8750,8,7,6,0,0,7,6,0.1429
4,96.0000,36,30,757.3651,-86.9598,0.3891,6,0.1500,1.0000,6,8,8,0,0,8,8,0.0000
4,96.0000,36,31,246.3107,-79.4717,0.5020,23,0.5750,0.7500,8,6,3,0,0,6,3,0.5000
4,96.0000,36,33,491.8216,-83.4585,-0.7537,11,0.2750,0.5714,7,7,6,0,0,7,6,0.1429
4,96.0000,36,34,199.4806,-75.3599,0.0471,32,0.8000,0.0000,5,5,2,0,0,5,2,0.6000
4,96.0000,36,35,1071.8938,-88.8653,-0.1075,4,0.1000,1.0000,4,4,4,0,0,4,4,0.0000
4,96.0000,36,39,820.8118,-86.1171,-0.7111,9,0.2250,1.0000,8,8,8,0,0,8,8,0.0000
4,96.0000,36,40,593.0986,-84.3786,-0.2565,11,0.2750,1.0000,8,7,5,0,0,7,5,0.2857
4,96.0000,36,42,479.8665,-85.2941,1.0826,8,0.2000,0.7143,7,6,4,0,0,6,4,0.3333
4,96.0000,36,44,666.0385,-85.6651,1.3548,7,0.1750,0.8571,7,6,3,0,0,6,3,0.5000
4,96.0000,36,45,788.1513,-87.3599,0.4977,6,0.1500,1.0000,8,4,4,0,0,4,4,0.0000
4,96.0000,36,46,429.0167,-84.3496,0.5169,8,0.2000,0.8750,8,7,6,0,0,7,6,0.1429
4,96.0000,37,0,245.3087,-76.6206,0.0097,30,0.7500,0.0000,4,6,3,0,0,6,3,0.5000
4,96.0000,37,3,278.5486,-79.8051,0.8140,32,0.8000,0.5000,6,4,0,0,0,4,0,1.0000
4,96.0000,37,6,131.5623,-71.2947,-0.0135,38,0.9500,0.0000,4,5,0,0,0,5,0,1.0000
4,96.0000,37,7,610.0898,-85.4095,-0.5413,13,0.3250,0.8571,7,7,6,0,0,7,6,0.1429
4,96.0000,37,10,675.7513,-85.6353,-1.8173,12,0.3000,1.0000,8,9,8,0,0,9,8,0.1111
4,96.0000,37,12,776.6774,-88.2276,0.7019,3,0.0750,1.0000,8,8,8,0,0,8,8,0.0000
4,96.0000,37,14,680.7114,-85.4206,3.4478,4,0.1000,1.0000,8,7,6,0,0,7,6,0.1429
4,96.0000,37,15,932.4015,-88.3192,0.1267,6,0.1500,1.0000,4,7,6,0,0,7,6,0.1429
4,96.0000,37,16,283.3821,-78.2051,-0.5795,30,0.7500,0.0000,4,7,4,0,0,7,4,0.4286
4,96.0000,37,19,844.3823,-88.8345,2.0260,3,0.0750,0.8571,7,8,8,0,0,8,8,0.0000
4,96.0000,37,22,446.0253,-82.7486,0.0882,26,0.6500,0.5714,7,5,2,0,0,5,2,0.6000
4,96.0000,37,23,494.2481,-83.6125,-0.3896,20,0.5000,0.6667,6,8,8,0,0,8,8,0.0000
4,96.0000,37,24,801.5224,-86.3745,0.0648,4,0.1000,1.0000,8,8,8,0,0,8,8,0.0000
4,96.0000,37,26,243.1509,-77.5631,0.3619,29,0.7250,0.4286,7,6,3,0,0,6,3,0.5000
4,96.0000,37,29,498.6992,-83.6972,-0.0971,14,0.3500,0.8571,7,8,7,0,0,8,7,0.1250
4,96.0000,37,31,1006.1378,-87.2672,-0.3432,3,0.0750,,0,4,4,0,0,4,4,0.0000
4,96.0000,37,33,934.7322,-89.0902,-0.2108,3,0.0750,1.0000,8,8,8,0,0,8,8,0.0000
4,96.0000,37,34,1093.8920,-89.4535,0.0390,3,0.0750,,0,6,6,0,0,6,6,0.0000
4,96.0000,37,38,498.9754,-83.5912,0.3169,21,0.5250,1.0000,8,7,6,0,0,7,6,0.1429
4,96.0000,37,41,414.9327,-80.6159,-0.3550,24,0.6000,0.5714,7,6,3,0,0,6,3,0.5000
4,96.0000,37,42,859.2956,-87.2475,0.1671,5,0.1250,1.0000,8,8,8,0,0,8,8,0.0000
4,96.0000,37,43,601.8697,-84.6871,-0.5985,20,0.5000,0.6667,6,7,5,0,0,7,5,0.2857
4,96.0000,37,46,810.7367,-86.4854,-0.5494,6,0.1500,1.0000,8,8,8,0,0,8,8,0.0000
4,96.0000,37,47,521.0882,-82.8130,-0.8608,21,0.5250,0.6667,6,7,6,0,0,7,6,0.1429
4,96.0000,38,0,310.7950,-79.4961,-0.4365,27,0.6750,0.0000,4,4,0,0,0,4,0,1.0000
4,96.0000,38,3,747.4304,-85.3410,-0.6934,8,0.2000,1.0000,8,8,7,0,0,8,7,0.1250
4,96.0000,38,6,605.3321,-84.0095,-0.4322,10,0.2500,0.8750,8,7,5,0,0,7,5,0.2857
4,96.0000,38,7,269.9156,-79.2653,0.5074,31,0.7750,0.3333,6,4,0,0,0,4,0,1.0000
4,96.0000,38,10,391.4949,-81.7568,0.6074,17,0.4250,1.0000,8,6,2,0,0,6,2,0.6667
4,96.0000,38,16,290.1150,-81.1365,1.3721,19,0.4750,0.3333,6,6,2,0,0,6,2,0.6667
4,96.0000,38,22,526.1752,-83.8965,-1.0190,24,0.6000,0.7143,7,6,4,0,0,6,4,0.3333
4,96.0000,38,23,355.7016,-81.0235,0.1889,28,0.7000,0.5000,6,5,1,0,0,5,1,0.8000
4,96.0000,38,26,518.2662,-83.7096,0.7541,9,0.2250,0.8571,7,6,3,0,0,6,3,0.5000
4,96.0000,38,29,513.5643,-83.4125,1.1023,9,0.2250,0.8750,8,7,5,0,0,7,5,0.2857
4,96.0000,38,37,498.9754,-82.8729,-0.4610,22,0.5500,0.7143,7,8,8,0,0,8,8,0.0000
4,96.0000,38,41,159.2443,-74.4025,0.4106,36,0.9000,0.4000,5,4,0,0,0,4,0,1.0000
4,96.0000,38,43,221.3997,-77.8548,0.7617,36,0.9000,0.0000,4,4,0,0,0,4,0,1.0000
4,96.0000,38,47,95.2053,-73.5032,2.0004,31,0.7750,0.5714,7,5,1,0,0,5,1,0.8000
4,96.0000,39,2,819.5046,-86.4686,0.2815,7,0.1750,1.0000,8,7,6,0,0,7,6,0.1429
4,96.0000,39,4,801.8415,-86.8826,-0.2340,5,0.1250,1.0000,8,8,8,0,0,8,8,0.0000
4,96.0000,39,9,179.3081,-73.9380,-0.1912,38,0.9500,0.0000,4,4,0,0,0,4,0,1.0000
4,96.0000,39,11,457.4935,-82.8420,-0.4104,20,0.5000,0.8571,7,7,6,0,0,7,6,0.1429
4,96.0000,39,13,661.1831,-85.7537,-0.3186,12,0.3000,0.8571,7,7,6,0,0,7,6,0.1429
4,96.0000,39,17,610.2277,-85.7700,-0.1757,12,0.3000,0.9000,10,6,6,0,0,6,6,0.0000
4,96.0000,39,18,173.3341,-73.1946,0.0494,37,0.9250,0.0000,4,6,3,0,0,6,3,0.5000
4,96.0000,39,21,625.8069,-84.6604,-0.1273,16,0.4000,0.7143,7,8,8,0,0,8,8,0.0000
4,96.0000,39,25,186.4629,-72.0788,-1.1878,36,0.9000,0.3333,6,7,5,0,0,7,5,0.2857
4,96.0000,39,27,706.6396,-85.9662,-0.5885,12,0.3000,0.8750,8,8,8,0,0,8,8,0.0000
4,96.0000,39,28,486.7724,-83.0316,-0.0859,17,0.4250,0.6667,6,7,6,0,0,7,6,0.1429
4,96.0000,39,30,921.6676,-87.3184,-1.2983,5,0.1250,1.0000,8,8,8,0,0,8,8,0.0000
4,96.0000,39,32,234.6640,-75.2081,-1.4140,35,0.8750,0.0000,4,6,2,0,0,6,2,0.6667
4,96.0000,39,34,988.8906,-88.3318,0.2392,5,0.1250,1.0000,8,6,6,0,0,6,6,0.0000
4,96.0000,39,35,473.0125,-82.3065,-0.6447,30,0.7500,0.5714,7,7,6,0,0,7,6,0.1429
4,96.0000,39,36,820.8118,-86.6438,-0.4010,6,0.1500,0.8571,7,6,6,0,0,6,6,0.0000
4,96.0000,39,40,410.3915,-81.3349,-0.6396,21,0.5250,0.7143,7,6,3,0,0,6,3,0.5000
4,96.0000,39,44,657.6130,-85.7844,-0.2436,13,0.3250,1.0000,8,8,8,0,0,8,8,0.0000
4,96.0000,39,45,266.0052,-76.8464,-0.4460,35,0.8750,0.2000,5,8,8,0,0,8,8,0.0000
4,96.0000,40,1,900.3247,-88.0416,-0.2164,4,0.1000,1.0000,8,6,6,0,0,6,6,0.0000
4,96.0000,40,2,671.3253,-85.9294,0.6945,13,0.3250,1.0000,8,8,8,0,0,8,8,0.0000
4,96.0000,40,4,427.2629,-83.6953,0.5174,17,0.4250,0.8750,8,7,6,0,0,7,6,0.1429
4,96.0000,40,8,806.6935,-86.5821,-0.2292,6,0.1500,1.0000,6,8,8,0,0,8,8,0.0000
4,96.0000,40,9,410.3849,-80.4237,-0.4898,34,0.8500,0.7500,8,6,4,0,0,6,4,0.3333
4,96.0000,40,11,373.7301,-81.3225,-0.6155,23,0.5750,0.7647,17,8,8,0,0,8,8,0.0000
4,96.0000,40,13,474.0698,-83.4515,0.3965,16,0.4000,1.0000,8,8,8,0,0,8,8,0.0000
4,96.0000,40,15,832.5111,-88.4118,-0.1017,4,0.1000,1.0000,8,8,8,0,0,8,8,0.0000
4,96.0000,40,17,233.5976,-79.0394,0.6385,28,0.7000,0.0000,4,4,0,0,0,4,0,1.0000
4,96.0000,40,18,451.4757,-81.8474,0.1671,31,0.7750,0.4000,5,7,3,0,0,7,3,0.5714
4,96.0000,40,19,828.0617,-87.5447,-0.4065,6,0.1500,1.0000,8,8,8,0,0,8,8,0.0000
4,96.0000,40,20,847.3236,-87.2693,-1.5677,5,0.1250,1.0000,8,8,7,0,0,8,7,0.1250
4,96.0000,40,21,381.0261,-80.4358,-0.8925,30,0.7500,0.6364,11,6,3,0,0,6,3,0.5000
4,96.0000,40,24,1020.7419,-88.8836,0.8218,3,0.0750,1.0000,4,4,4,0,0,4,4,0.0000
4,96.0000,40,25,321.2449,-80.0724,0.6032,31,0.7750,0.5000,6,5,2,0,0,5,2,0.6000
4,96.0000,40,27,438.7892,-82.5389,-0.5735,23,0.5750,0.9160,131,6,3,89,86,95,89,0.0632
4,96.0000,40,28,392.9089,-80.1103,-0.4152,24,0.6000,0.5000,6,7,6,0,0,7,6,0.1429
4,96.0000,40,30,669.0554,-86.2007,-0.6725,7,0.1750,0.8571,7,7,5,0,0,7,5,0.2857
4,96.0000,40,31,713.3890,-87.7975,-0.5052,8,0.2000,1.0000,8,9,7,0,0,9,7,0.2222
4,96.0000,40,32,511.6372,-81.7510,-1.2075,33,0.8250,0.3333,6,8,7,0,0,8,7,0.1250
4,96.0000,40,33,719.2532,-86.4695,0.3773,6,0.1500,1.0000,8,8,7,0,0,8,7,0.1250
4,96.0000,40,34,709.6299,-86.3614,-0.0945,7,0.1750,1.0000,8,7,6,0,0,7,6,0.1429
4,96.0000,40,35,723.6099,-85.2963,-0.1098,18,0.4500,0.6667,6,8,8,0,0,8,8,0.0000
4,96.0000,40,36,593.0986,-85.4842,0.8454,9,0.2250,1.0000,8,8,7,0,0,8,7,0.1250
4,96.0000,40,39,410.3915,-81.8042,-0.4334,32,0.8000,0.3333,6,7,6,0,0,7,6,0.1429
4,96.0000,40,42,836.8074,-88.3298,-0.1222,5,0.1250,1.0000,8,8,8,0,0,8,8,0.0000
4,96.0000,40,44,487.7870,-83.6403,-1.1005,21,0.5250,0.7143,7,7,5,0,0,7,5,0.2857
4,96.0000,40,45,236.3003,-77.4716,0.3353,38,0.9500,0.2000,5,6,4,41,20,47,24,0.4894
4,96.0000,40,46,865.4860,-88.0128,0.5969,4,0.1000,1.0000,4,8,8,0,0,8,8,0.0000
4,96.0000,41,0,191.4885,-73.6929,-0.0654,32,0.8205,0.0000,4,5,1,0,0,5,1,0.8000
4,96.0000,41,3,636.7249,-84.3978,0.6561,14,0.3590,1.0000,8,8,8,49,48,57,56,0.0175
4,96.0000,41,6,538.2020,-83.5733,0.8908,16,0.4103,0.5000,6,7,5,0,0,7,5,0.2857
4,96.0000,41,7,345.0704,-81.5960,0.4069,25,0.6410,0.4000,5,7,3,0,0,7,3,0.5714
4,96.0000,41,10,409.9852,-82.8833,1.4679,21,0.5385,0.3750,8,5,2,0,0,5,2,0.6000
4,96.0000,41,12,792.4583,-87.1210,-1.0818,4,0.1026,1.0000,8,8,8,0,0,8,8,0.0000
4,96.0000,41,14,799.4043,-85.7650,1.8665,3,0.0769,1.0000,8,8,8,0,0,8,8,0.0000
4,96.0000,41,16,201.5485,-77.5943,1.0141,27,0.6923,0.4000,10,4,0,0,0,4,0,1.0000
4,96.0000,41,22,438.5919,-81.8720,-0.7617,30,0.7692,0.7143,7,5,2,0,0,5,2,0.6000
4,96.0000,41,23,257.3527,-78.0796,0.4877,33,0.8462,0.0000,4,5,1,0,0,5,1,0.8000
4,96.0000,41,26,410.5184,-82.7021,1.7132,11,0.2821,0.8163,49,6,2,4,3,10,5,0.5000
4,96.0000,41,29,469.7514,-84.3086,0.8959,15,0.3846,1.0000,8,7,5,0,0,7,5,0.2857
4,96.0000,41,37,414.9327,-80.4583,-0.9169,26,0.6667,0.2000,5,8,7,0,0,8,7,0.1250
4,96.0000,41,38,159.2443,-74.3236,0.8269,32,0.8205,0.0000,4,4,0,0,0,4,0,1.0000
4,96.0000,41,43,190.2107,-76.7867,1.2296,30,0.7692,0.2000,5,4,0,0,0,4,0,1.0000
4,96.0000,41,47,193.1232,-76.3602,0.8237,30,0.7692,0.0000,4,4,0,3,0,7,0,1.0000
4,96.0000,42,0,889.4260,-86.5329,-0.8369,5,0.1282,1.0000,8,6,6,0,0,6,6,0.0000
4,96.0000,42,1,779.4890,-87.7295,0.2615,3,0.0769,1.0000,8,6,6,0,0,6,6,0.0000
4,96.0000,42,3,878.4104,-85.2092,-0.4140,3,0.0769,1.0000,6,2,2,0,0,2,2,0.0000
4,96.0000,42,4,462.7193,-82.3843,1.5990,10,0.2564,1.0000,8,8,7,0,0,8,7,0.1250
4,96.0000,42,5,532.2352,-84.8892,-0.6589,9,0.2308,0.8571,7,7,5,0,0,7,5,0.2857
4,96.0000,42,6,917.5566,-86.9875,-0.6825,6,0.1538,1.0000,6,2,2,0,0,2,2,0.0000
4,96.0000,42,7,958.7876,-87.0708,-0.3122,3,0.0769,1.0000,4,6,6,0,0,6,6,0.0000
4,96.0000,42,8,737.6588,-86.1996,0.5639,6,0.1538,0.8571,7,2,2,0,0,2,2,0.0000
4,96.0000,42,10,841.7958,-86.9519,0.6462,4,0.1026,1.0000,8,6,6,0,0,6,6,0.0000
4,96.0000,42,12,226.0811,-74.9858,-1.1199,33,0.8462,0.2000,5,7,4,0,0,7,4,0.4286
4,96.0000,42,13,693.2324,-86.2734,-1.4986,4,0.1026,1.0000,8,8,8,0,0,8,8,0.0000
4,96.0000,42,14,335.8377,-79.7789,0.2037,23,0.5897,0.6667,6,8,8,0,0,8,8,0.0000
4,96.0000,42,15,273.3788,-78.4081,0.3985,29,0.7436,0.5000,6,5,2,0,0,5,2,0.6000
4,96.0000,42,17,629.5545,-86.1932,-0.4693,5,0.1282,0.8000,5,6,4,0,0,6,4,0.3333
4,96.0000,42,19,275.3407,-78.0499,-0.1368,20,0.5128,0.2000,5,4,0,0,0,4,0,1.0000
4,96.0000,42,20,795.6302,-84.4963,-1.0199,3,0.0769,1.0000,8,8,8,0,0,8,8,0.0000
4,96.0000,42,21,909.6995,-88.2280,-1.1885,3,0.0769,,0,5,4,0,0,5,4,0.2000
4,96.0000,42,24,296.9627,-79.8973,0.4807,21,0.5385,0.5714,7,5,1,0,0,5,1,0.8000
4,96.0000,42,25,1029.1394,-88.3793,0.1400,3,0.0769,,0,8,8,0,0,8,8,0.0000
4,96.0000,42,26,631.3713,-85.0414,-0.0136,12,0.3077,0.8571,7,4,4,0,0,4,4,0.0000
4,96.0000,42,27,759.1236,-86.9254,0.2539,5,0.1282,1.0000,4,6,3,0,0,6,3,0.5000
4,96.0000,42,29,627.5639,-83.9412,-0.9903,15,0.3846,0.8571,7,8,8,0,0,8,8,0.0000
4,96.0000,42,30,763.1337,-86.3508,-0.3784,7,0.1795,1.0000,8,4,4,0,0,4,4,0.0000
4,96.0000,42,31,238.7905,-77.2424,0.1407,21,0.5385,0.3333,6,4,0,0,0,4,0,1.0000
4,96.0000,42,33,272.7713,-77.2060,-0.3237,22,0.5641,0.2857,7,6,2,0,0,6,2,0.6667
4,96.0000,42,34,327.6464,-79.9881,1.3594,17,0.4359,0.7143,7,8,8,0,0,8,8,0.0000
4,96.0000,42,36,479.8665,-84.7934,0.9404,11,0.2821,1.0000,8,7,6,0,0,7,6,0.1429
4,96.0000,42,37,859.2956,-87.5291,0.6316,3,0.0769,1.0000,8,6,6,0,0,6,6,0.0000
4,96.0000,42,41,924.9486,-88.5779,0.1997,5,0.1282,0.8333,6,4,4,0,0,4,4,0.0000
4,96.0000,42,43,1005.9229,-87.3119,0.0403,5,0.1282,,0,6,6,0,0,6,6,0.0000
4,96.0000,42,46,232.0717,-76.9157,0.3052,26,0.6667,0.2000,5,5,1,0,0,5,1,0.8000
4,96.0000,42,47,992.9142,-86.9604,-1.1759,4,0.1026,1.0000,6,5,4,0,0,5,4,0.2000
4,96.0000,43,0,365.8984,-81.7850,0.2933,21,0.5122,0.7143,7,7,6,0,0,7,6,0.1429
4,96.0000,43,3,804.7934,-86.9291,-0.7650,4,0.0976,1.0000,8,8,8,0,0,8,8,0.0000
4,96.0000,43,6,726.4150,-86.1951,-0.4016,9,0.2195,1.0000,8,8,8,0,0,8,8,0.0000
4,96.0000,43,7,381.3244,-81.8274,-0.1510,28,0.6829,0.5000,8,5,1,0,0,5,1,0.8000
4,96.0000,43,10,418.2242,-81.6450,0.1671,23,0.5610,0.5833,12,7,5,0,0,7,5,0.2857
4,96.0000,43,16,376.8022,-80.4920,0.1866,22,0.5366,0.7143,7,6,3,0,0,6,3,0.5000
4,96.0000,43,22,526.5788,-84.1320,0.3424,16,0.3902,0.7143,7,6,4,0,0,6,4,0.3333
4,96.0000,43,23,284.2458,-81.0640,1.3701,30,0.7317,0.3333,6,4,0,0,0,4,0,1.0000
4,96.0000,43,26,576.0122,-84.4778,0.3860,9,0.2195,1.0000,8,8,7,0,0,8,7,0.1250
4,96.0000,43,29,584.7896,-84.5134,0.3813,6,0.1463,1.0000,8,8,7,0,0,8,7,0.1250
4,96.0000,43,37,601.8697,-85.8413,0.4014,9,0.2195,0.5000,6,7,5,0,0,7,5,0.2857
4,96.0000,43,38,221.3997,-77.5139,0.9437,27,0.6585,0.5000,6,6,2,0,0,6,2,0.6667
4,96.0000,43,41,190.2107,-76.7553,0.8572,28,0.6829,0.8571,7,4,0,0,0,4,0,1.0000
4,96.0000,43,47,246.5702,-79.1095,0.1632,28,0.6829,0.1667,6,6,3,35,7,41,10,0.7561
4,96.0000,44,1,485.6634,-81.1292,-0.4293,20,0.5000,0.8571,7,7,6,0,0,7,6,0.1429
4,96.0000,44,2,380.7161,-82.5402,0.9292,24,0.6000,0.4000,5,5,2,0,0,5,2,0.6000
4,96.0000,44,4,452.5601,-82.0996,-0.0723,14,0.3500,0.8571,7,8,8,0,0,8,8,0.0000
4,96.0000,44,5,698.4060,-85.8137,-1.7989,6,0.1500,0.8000,5,8,8,0,0,8,8,0.0000
4,96.0000,44,8,502.7442,-83.5189,-0.4353,19,0.4750,0.8571,7,6,4,0,0,6,4,0.3333
4,96.0000,44,9,676.7536,-85.9863,0.4015,12,0.3000,1.0000,8,6,4,0,0,6,4,0.3333
4,96.0000,44,11,260.7132,-77.0799,-0.4437,33,0.8250,0.5000,6,6,3,0,0,6,3,0.5000
4,96.0000,44,13,236.8188,-74.2378,-1.1209,35,0.8750,0.1250,8,6,2,0,0,6,2,0.6667
4,96.0000,44,17,396.6344,-80.7749,-0.5459,24,0.6000,0.5000,6,8,7,0,0,8,7,0.1250
4,96.0000,44,18,560.1340,-84.8799,0.1623,18,0.4500,1.0000,8,8,6,0,0,8,6,0.2500
4,96.0000,44,19,696.9280,-87.5453,-0.7522,4,0.1000,1.0000,8,8,8,0,0,8,8,0.0000
4,96.0000,44,20,451.4631,-81.7842,-1.0300,20,0.5000,0.5000,6,5,1,0,0,5,1,0.8000
4,96.0000,44,21,308.3204,-80.4655,0.6154,28,0.7000,0.5714,7,5,1,0,0,5,1,0.8000
4,96.0000,44,25,499.8686,-83.8785,0.6875,20,0.5000,0.6667,6,7,6,0,0,7,6,0.1429
4,96.0000,44,27,173.3406,-73.5643,0.4193,34,0.8500,0.5000,6,6,3,0,0,6,3,0.5000
4,96.0000,44,28,176.8999,-74.7580,0.3163,39,0.9750,0.3333,6,4,0,0,0,4,0,1.0000
4,96.0000,44,30,281.8305,-78.2478,0.0456,27,0.6750,0.2000,5,5,1,0,0,5,1,0.8000
4,96.0000,44,31,732.4206,-84.6969,0.4855,6,0.1500,0.8750,8,8,8,0,0,8,8,0.0000
4,96.0000,44,32,655.4329,-85.1583,-0.0010,17,0.4250,0.8571,7,7,5,0,0,7,5,0.2857
4,96.0000,44,33,607.4983,-85.7931,0.1555,5,0.1250,1.0000,8,7,6,0,0,7,6,0.1429
4,96.0000,44,34,795.9672,-87.3881,0.0543,4,0.1000,0.8571,7,7,6,0,0,7,6,0.1429
4,96.0000,44,35,627.3073,-85.9306,0.1658,16,0.4000,1.0000,6,8,8,0,0,8,8,0.0000
4,96.0000,44,36,666.0385,-85.7196,-0.1419,5,0.1250,0.8571,7,7,5,0,0,7,5,0.2857
4,96.0000,44,39,657.6130,-85.5432,-0.8941,14,0.3500,0.8750,8,5,2,0,0,5,2,0.6000
4,96.0000,44,40,487.7870,-83.5283,-0.8359,20,0.5000,0.8571,7,8,8,0,0,8,8,0.0000
4,96.0000,44,45,521.6954,-84.0871,0.1889,15,0.3750,0.8571,7,7,6,0,0,7,6,0.1429
4,96.0000,44,46,765.4680,-87.6898,-0.8832,4,0.1000,1.0000,8,8,8,0,0,8,8,0.0000
4,96.0000,45,2,622.5388,-86.3732,-0.1355,7,0.1750,0.8750,8,8,8,0,0,8,8,0.0000
4,96.0000,45,4,627.7218,-86.1690,0.8044,5,0.1250,1.0000,8,7,6,0,0,7,6,0.1429
4,96.0000,45,8,907.9328,-88.5647,-0.0190,4,0.1000,1.0000,8,8,8,0,0,8,8,0.0000
4,96.0000,45,9,197.4036,-71.3539,-1.5391,38,0.9500,0.4286,7,4,0,0,0,4,0,1.0000
4,96.0000,45,11,408.2709,-83.1699,0.3249,15,0.3750,0.8750,8,7,6,0,0,7,6,0.1429
4,96.0000,45,13,578.8548,-85.1331,0.3481,8,0.2000,0.8750,8,7,6,0,0,7,6,0.1429
4,96.0000,45,17,436.1231,-83.8821,-0.0737,14,0.3500,0.8571,7,7,5,0,0,7,5,0.2857
4,96.0000,45,18,335.0309,-79.9506,-0.5782,25,0.6250,0.5000,4,5,1,0,0,5,1,0.8000
4,96.0000,45,20,929.3053,-88.4607,-0.7760,4,0.1000,1.0000,6,8,7,0,0,8,7,0.1250
4,96.0000,45,21,390.5453,-81.4587,0.6848,23,0.5750,0.6667,6,6,3,0,0,6,3,0.5000
4,96.0000,45,25,259.3040,-78.1527,0.1173,31,0.7750,0.3333,6,6,2,0,0,6,2,0.6667
4,96.0000,45,27,516.1891,-84.0938,-0.6678,14,0.3500,0.8571,7,7,5,44,40,51,45,0.1176
4,96.0000,45,28,370.3923,-82.0484,1.0444,19,0.4750,0.6667,6,7,5,0,0,7,5,0.2857
4,96.0000,45,30,745.7524,-86.2945,-1.2925,6,0.1500,1.0000,8,7,5,0,0,7,5,0.2857
4,96.0000,45,31,929.0207,-88.4374,0.7264,3,0.0750,1.0000,8,8,8,0,0,8,8,0.0000
4,96.0000,45,32,286.0160,-75.8849,-2.0537,39,0.9750,0.1667,6,4,2,0,0,4,2,0.5000
4,96.0000,45,34,927.6497,-87.5783,-0.5370,3,0.0750,1.0000,8,4,4,0,0,4,4,0.0000
4,96.0000,45,35,540.8996,-83.4525,-0.1191,23,0.5750,0.6667,6,8,6,0,0,8,6,0.2500
4,96.0000,45,36,788.1513,-88.4821,-0.5342,4,0.1000,0.8750,8,7,6,0,0,7,6,0.1429
4,96.0000,45,39,266.0052,-77.5527,-0.4338,37,0.9250,0.3333,6,5,1,0,0,5,1,0.8000
4,96.0000,45,40,236.3003,-77.0417,0.1026,29,0.7250,0.5000,6,4,0,0,0,4,0,1.0000
4,96.0000,45,44,521.6954,-84.8875,1.0713,8,0.2000,0.8571,7,7,6,0,0,7,6,0.1429
4,96.0000,46,0,898.3034,-86.7523,-0.7310,8,0.2000,0.8000,5,6,6,0,0,6,6,0.0000
4,96.0000,46,1,656.8972,-86.3605,0.7380,7,0.1750,1.0000,8,8,8,0,0,8,8,0.0000
4,96.0000,46,4,501.4036,-84.2811,0.4167,12,0.3000,1.0000,8,7,5,0,0,7,5,0.2857
4,96.0000,46,5,416.0424,-80.7837,0.2414,17,0.4250,0.6667,9,5,2,0,0,5,2,0.6000
4,96.0000,46,6,839.7982,-86.8753,-0.3316,7,0.1750,1.0000,8,8,8,0,0,8,8,0.0000
4,96.0000,46,7,962.6862,-88.7446,0.0113,3,0.0750,1.0000,4,8,8,0,0,8,8,0.0000
4,96.0000,46,8,705.3786,-86.5932,0.8586,4,0.1000,1.0000,6,4,4,0,0,4,4,0.0000
4,96.0000,46,10,871.3312,-86.3282,-1.8675,4,0.1000,1.0000,8,8,7,0,0,8,7,0.1250
4,96.0000,46,12,285.0364,-77.3988,-0.9158,34,0.8500,0.4000,5,6,3,0,0,6,3,0.5000
4,96.0000,46,13,594.1572,-87.0426,0.1115,3,0.0750,1.0000,6,10,10,0,0,10,10,0.0000
4,96.0000,46,14,208.0279,-74.1414,-0.6234,38,0.9500,0.0000,3,7,4,0,0,7,4,0.4286
4,96.0000,46,15,196.6208,-76.7262,0.9484,35,0.8750,0.0000,4,5,1,0,0,5,1,0.8000
4,96.0000,46,17,654.7934,-86.8313,0.5999,5,0.1250,1.0000,8,7,6,0,0,7,6,0.1429
4,96.0000,46,19,75.9061,-70.8120,2.4710,36,0.9000,0.3333,6,5,1,0,0,5,1,0.8000
4,96.0000,46,20,709.8003,-85.6576,0.4379,7,0.1750,1.0000,8,8,8,0,0,8,8,0.0000
4,96.0000,46,21,910.0201,-88.6640,-0.2551,4,0.1000,1.0000,4,2,2,0,0,2,2,0.0000
4,96.0000,46,24,296.0699,-80.4634,0.1350,29,0.7250,0.6667,6,4,0,0,0,4,0,1.0000
4,96.0000,46,26,600.1806,-85.3769,-0.5008,12,0.3000,0.8571,7,8,8,0,0,8,8,0.0000
4,96.0000,46,27,725.5221,-88.1034,-0.5772,4,0.1000,1.0000,4,8,8,0,0,8,8,0.0000
4,96.0000,46,29,594.5018,-84.3445,-0.4400,15,0.3750,0.8750,8,8,8,0,0,8,8,0.0000
4,96.0000,46,30,693.5980,-86.2770,-0.5306,7,0.1750,0.8889,9,8,7,0,0,8,7,0.1250
4,96.0000,46,31,221.6780,-77.7278,0.2033,34,0.8500,0.5000,6,5,1,0,0,5,1,0.8000
4,96.0000,46,33,263.2283,-77.8096,0.3813,35,0.8750,0.4286,7,8,5,0,0,8,5,0.3750
4,96.0000,46,34,338.6926,-80.7073,1.1744,20,0.5000,0.8750,8,5,1,0,0,5,1,0.8000
4,96.0000,46,36,429.0167,-84.2861,0.6384,14,0.3500,1.0000,8,7,4,0,0,7,4,0.4286
4,96.0000,46,37,810.7367,-86.5838,-0.2882,7,0.1750,1.0000,8,6,6,0,0,6,6,0.0000
4,96.0000,46,39,1167.6762,-88.9763,-0.0509,3,0.0750,1.0000,4,8,8,0,0,8,8,0.0000
4,96.0000,46,41,956.2655,-87.3413,0.2432,9,0.2250,1.0000,2,2,2,0,0,2,2,0.0000
4,96.0000,46,42,232.0717,-77.0732,-0.2985,35,0.8750,0.2000,5,5,1,0,0,5,1,0.8000
4,96.0000,46,44,765.4680,-86.7997,-0.5066,5,0.1250,1.0000,8,9,7,0,0,9,7,0.2222
4,96.0000,46,47,1007.7997,-87.4966,-0.6665,6,0.1500,1.0000,4,8,8,0,0,8,8,0.0000
4,96.0000,47,0,351.3760,-79.7365,-0.9541,25,0.6250,0.5714,7,7,5,0,0,7,5,0.2857
4,96.0000,47,3,778.4768,-86.0452,1.3214,3,0.0750,1.0000,8,8,8,0,0,8,8,0.0000
4,96.0000,47,6,627.4228,-84.9797,-0.1882,11,0.2750,1.0000,8,8,8,0,0,8,8,0.0000
4,96.0000,47,7,176.6531,-74.0021,0.4797,37,0.9250,0.0000,4,4,0,0,0,4,0,1.0000
4,96.0000,47,10,299.6913,-78.1057,-0.1701,32,0.8000,0.0000,4,5,1,0,0,5,1,0.8000
4,96.0000,47,12,824.8266,-87.9899,-0.2943,3,0.0750,1.0000,8,8,8,0,0,8,8,0.0000
4,96.0000,47,16,277.4489,-77.9322,0.0512,27,0.6750,0.2000,5,6,3,0,0,6,3,0.5000
4,96.0000,47,22,604.2785,-85.3663,-0.3562,14,0.3500,0.6667,6,8,7,0,0,8,7,0.1250
4,96.0000,47,23,426.6512,-84.1021,0.8775,21,0.5250,0.7143,7,5,2,0,0,5,2,0.6000
4,96.0000,47,24,833.5237,-85.8763,0.5186,4,0.1000,1.0000,8,8,8,0,0,8,8,0.0000
4,96.0000,47,26,502.0206,-84.3119,0.0881,8,0.2000,0.7143,7,7,6,0,0,7,6,0.1429
4,96.0000,47,29,444.7352,-82.7924,0.5939,12,0.3000,0.4000,5,6,4,0,0,6,4,0.3333
4,96.0000,47,37,521.0882,-82.9474,-0.6751,18,0.4500,0.7143,7,8,8,0,0,8,8,0.0000
4,96.0000,47,38,95.2053,-73.5529,2.5350,34,0.8500,0.2000,5,5,1,0,0,5,1,0.8000
4,96.0000,47,41,193.1232,-76.4343,0.2471,31,0.7750,0.5714,7,7,3,0,0,7,3,0.5714
4,96.0000,47,43,246.5702,-78.1322,-0.4471,32,0.8000,0.0000,4,4,0,0,0,4,0,1.0000
4,100.0000,0,3,416.1572,-82.3522,-0.5600,18,0.4500,0.6667,6,7,4,0,0,7,4,0.4286
4,100.0000,0,5,875.3198,-86.6571,0.2959,4,0.1000,1.0000,2,7,6,0,0,7,6,0.1429
4,100.0000,0,6,403.7370,-81.8840,-1.1018,24,0.6000,0.5000,6,6,3,0,0,6,3,0.5000
4,100.0000,0,7,496.9685,-83.2083,0.1450,26,0.6500,0.7143,7,5,2,0,0,5,2,0.6000
4,100.0000,0,10,604.5477,-85.3299,0.1984,14,0.3500,0.7143,7,8,8,0,0,8,8,0.0000
4,100.0000,0,12,820.0764,-86.8156,-0.3286,7,0.1750,1.0000,8,6,6,0,0,6,6,0.0000
4,100.0000,0,14,886.0010,-87.3909,1.6690,4,0.1000,1.0000,10,8,8,0,0,8,8,0.0000
4,100.0000,0,16,204.9859,-75.2975,-0.1328,33,0.8250,0.4000,5,5,1,0,0,5,1,0.8000
4,100.0000,0,22,259.2346,-79.3515,0.7988,38,0.9500,0.0000,4,5,1,0,0,5,1,0.8000
4,100.0000,0,23,266.0532,-78.0640,0.0380,36,0.9000,0.2000,5,5,1,0,0,5,1,0.8000
4,100.0000,0,24,925.7869,-88.4536,0.5606,4,0.1000,1.0000,8,8,8,0,0,8,8,0.0000
4,100.0000,0,26,335.1890,-80.3134,-0.1216,28,0.7000,0.5000,6,6,3,0,0,6,3,0.5000
4,100.0000,0,29,536.2776,-83.7775,0.1912,16,0.4000,0.7143,7,7,5,0,0,7,5,0.2857
4,100.0000,0,37,302.5699,-78.1108,-0.3551,31,0.7750,0.0000,4,7,5,0,0,7,5,0.2857
4,100.0000,0,38,359.8447,-80.1078,-0.2914,29,0.7250,0.2000,5,7,6,0,0,7,6,0.1429
4,100.0000,0,41,320.5785,-77.5516,-1.3741,32,0.8000,0.2500,4,9,6,0,0,9,6,0.3333
4,100.0000,0,42,1017.1353,-87.6802,1.0970,3,0.0750,1.0000,8,2,2,0,0,2,2,0.0000
4,100.0000,0,43,364.2559,-81.1616,0.1772,34,0.8500,0.7143,7,5,2,0,0,5,2,0.6000
4,100.0000,0,47,447.6988,-81.2723,-1.0654,30,0.7500,0.2000,5,8,5,0,0,8,5,0.3750
4,100.0000,1,2,742.1700,-85.3638,-0.0036,8,0.2000,1.0000,6,8,8,0,0,8,8,0.0000
4,100.0000,1,4,635.5407,-85.8847,-2.2221,5,0.1250,0.7143,7,8,8,0,0,8,8,0.0000
4,100.0000,1,5,373.1321,-79.0958,0.1004,18,0.4500,0.6667,6,7,6,0,0,7,6,0.1429
4,100.0000,1,8,359.5975,-79.2937,-0.3442,19,0.4750,0.4000,5,7,6,0,0,7,6,0.1429
4,100.0000,1,11,834.5131,-87.0710,-0.1521,6,0.1500,1.0000,8,8,8,0,0,8,8,0.0000
4,100.0000,1,13,628.7856,-86.6114,-0.8872,5,0.1250,1.0000,8,8,8,0,0,8,8,0.0000
4,100.0000,1,15,802.5914,-87.9335,-0.2417,3,0.0750,1.0000,8,8,8,0,0,8,8,0.0000
4,100.0000,1,17,835.1145,-85.7914,-1.1856,3,0.0750,1.0000,8,6,6,0,0,6,6,0.0000
4,100.0000,1,19,515.0056,-83.6169,0.5921,5,0.1250,1.0000,8,7,6,0,0,7,6,0.1429
4,100.0000,1,20,166.6198,-72.8359,-0.4222,32,0.8000,0.2000,5,4,0,0,0,4,0,1.0000
4,100.0000,1,21,670.5281,-85.6395,0.9946,6,0.1500,1.0000,7,5,4,0,0,5,4,0.2000
4,100.0000,1,25,1020.0437,-87.8423,0.4367,3,0.0750,1.0000,6,6,6,0,0,6,6,0.0000
4,100.0000,1,27,506.7034,-84.0602,-0.2013,9,0.2250,0.9000,10,8,7,0,0,8,7,0.1250
4,100.0000,1,28,749.8114,-86.7057,-0.3877,5,0.1250,1.0000,8,8,8,0,0,8,8,0.0000
4,100.0000,1,30,387.3712,-79.2514,-0.4754,19,0.4750,0.2000,5,8,8,0,0,8,8,0.0000
4,100.0000,1,31,855.5070,-87.8480,-0.5101,5,0.1250,1.0000,8,8,8,0,0,8,8,0.0000
4,100.0000,1,33,463.7455,-84.2250,0.6219,6,0.1500,0.7500,8,8,8,0,0,8,8,0.0000
4,100.0000,1,35,1065.6703,-87.9028,0.3520,3,0.0750,1.0000,6,4,4,0,0,4,4,0.0000
4,100.0000,1,36,769.1062,-87.2655,0.7444,3,0.0750,1.0000,8,8,8,0,0,8,8,0.0000
4,100.0000,1,42,791.8504,-87.6072,-0.4014,3,0.0750,1.0000,8,8,7,0,0,8,7,0.1250
4,100.0000,1,44,624.9248,-85.0700,0.0906,8,0.2000,1.0000,8,8,8,0,0,8,8,0.0000
4,100.0000,1,45,965.0340,-87.8528,0.6802,5,0.1250,1.0000,8,8,8,0,0,8,8,0.0000
4,100.0000,1,46,719.3092,-86.6604,-0.5580,3,0.0750,1.0000,8,6,6,0,0,6,6,0.0000
4,100.0000,2,1,742.1700,-84.0765,3.1005,4,0.1000,1.0000,8,8,8,0,0,8,8,0.0000
4,100.0000,2,8,595.3833,-82.5137,-0.0314,4,0.1000,0.7500,8,8,8,0,0,8,8,0.0000
4,100.0000,2,9,617.9387,-85.8208,0.6613,6,0.1500,1.0000,6,6,4,0,0,6,4,0.3333
4,100.0000,2,11,555.1824,-83.8708,0.7762,4,0.1000,0.7143,7,8,8,0,0,8,8,0.0000
4,100.0000,2,17,617.8212,-85.0893,0.4897,4,0.1000,1.0000,8,7,6,0,0,7,6,0.1429
4,100.0000,2,18,672.9194,-86.0718,0.4681,8,0.2000,0.6667,6,8,8,0,0,8,8,0.0000
4,100.0000,2,20,616.4867,-83.1639,1.4391,6,0.1500,1.0000,8,7,6,0,0,7,6,0.1429
4,100.0000,2,21,287.4142,-78.7367,-0.3507,25,0.6250,0.0000,4,5,1,0,0,5,1,0.8000
4,100.0000,2,25,671.8705,-85.4947,0.7938,5,0.1250,1.0000,8,7,6,0,0,7,6,0.1429
4,100.0000,2,27,434.0369,-80.4279,0.7715,9,0.2250,0.6667,6,10,10,0,0,10,10,0.0000
4,100.0000,2,28,314.0718,-80.8120,-0.1078,15,0.3750,0.7143,7,5,2,0,0,5,2,0.6000
4,100.0000,2,30,369.0938,-81.5230,0.6034,10,0.2500,0.6667,6,6,3,0,0,6,3,0.5000
4,100.0000,2,32,502.1321,-84.5141,0.7899,10,0.2500,0.8571,7,7,5,0,0,7,5,0.2857
4,100.0000,2,35,541.9038,-85.4917,0.5616,11,0.2750,0.5714,7,6,4,0,0,6,4,0.3333
4,100.0000,2,39,749.5201,-87.2817,0.4075,3,0.0750,1.0000,8,8,7,0,0,8,7,0.1250
4,100.0000,2,40,663.3844,-84.3291,-0.0793,4,0.1000,0.7143,7,8,8,0,0,8,8,0.0000
4,100.0000,2,44,305.4021,-79.5981,1.0341,13,0.3250,0.8750,8,5,1,0,0,5,1,0.8000
4,100.0000,2,45,470.4840,-84.3979,-0.1657,6,0.1500,0.8571,7,7,5,0,0,7,5,0.2857
4,100.0000,3,0,416.1572,-82.0431,-0.6993,18,0.4500,0.8571,7,6,4,0,0,6,4,0.3333
4,100.0000,3,5,505.0681,-84.6841,-0.7463,5,0.1250,0.8750,8,8,8,0,0,8,8,0.0000
4,100.0000,3,6,237.9403,-77.1343,0.0848,36,0.9000,0.3333,6,6,2,0,0,6,2,0.6667
4,100.0000,3,7,764.6025,-87.2971,-0.0241,6,0.1500,0.6667,3,8,8,0,0,8,8,0.0000
4,100.0000,3,14,784.1412,-86.4900,-1.8980,4,0.1000,1.0000,18,8,8,0,0,8,8,0.0000
4,100.0000,3,16,522.1119,-83.6800,-0.2126,13,0.3250,1.0000,8,7,6,0,0,7,6,0.1429
4,100.0000,3,22,476.1137,-84.3271,-0.7388,20,0.5000,0.6667,6,7,6,0,0,7,6,0.1429
4,100.0000,3,23,612.7673,-84.2581,-0.1964,12,0.3000,1.0000,6,8,8,0,0,8,8,0.0000
4,100.0000,3,24,812.9816,-86.8252,-0.5052,3,0.0750,1.0000,8,8,8,0,0,8,8,0.0000
4,100.0000,3,26,447.9167,-80.7922,-0.2616,13,0.3250,1.0000,8,8,8,0,0,8,8,0.0000
4,100.0000,3,29,664.5692,-85.4640,1.5097,5,0.1250,1.0000,8,6,6,0,0,6,6,0.0000
4,100.0000,3,37,190.8477,-76.0814,0.5884,33,0.8250,0.0000,4,4,0,0,0,4,0,1.0000
4,100.0000,3,38,707.9739,-85.4245,-0.8560,7,0.1750,0.8571,7,8,7,0,0,8,7,0.1250
4,100.0000,3,41,643.2391,-85.4126,-0.9558,10,0.2500,1.0000,8,8,7,0,0,8,7,0.1250
4,100.0000,3,43,751.7231,-87.4513,-1.0599,6,0.1500,1.0000,8,8,8,0,0,8,8,0.0000
4,100.0000,3,47,818.4181,-85.6401,-0.2706,9,0.2250,1.0000,8,8,8,0,0,8,8,0.0000
4,100.0000,4,1,635.5407,-83.9509,0.4942,9,0.2250,0.6000,5,4,4,0,0,4,4,0.0000
4,100.0000,4,2,605.5062,-85.9221,0.6838,13,0.3250,0.8000,5,6,4,0,0,6,4,0.3333
4,100.0000,4,5,690.1474,-86.3442,0.1983,8,0.2000,1.0000,6,8,8,0,0,8,8,0.0000
4,100.0000,4,8,357.9242,-81.3980,0.3497,15,0.3750,1.0000,8,6,4,0,0,6,4,0.3333
4,100.0000,4,9,841.7974,-87.0036,0.3570,12,0.3000,0.8750,8,4,3,0,0,4,3,0.2500
4,100.0000,4,11,501.0862,-82.7247,0.2708,13,0.3250,0.7143,7,8,7,0,0,8,7,0.1250
4,100.0000,4,12,806.2374,-87.5573,-0.3877,6,0.1500,1.0000,8,6,6,0,0,6,6,0.0000
4,100.0000,4,13,348.2221,-80.0865,-0.3878,21,0.5250,0.7500,8,5,4,11,10,16,14,0.1250
4,100.0000,4,14,755.4513,-84.9649,-1.9298,6,0.1500,0.8750,8,4,4,0,0,4,4,0.0000
4,100.0000,4,15,522.8352,-84.2087,0.0689,12,0.3000,0.5714,7,8,7,0,0,8,7,0.1250
4,100.0000,4,17,239.4095,-76.1106,-0.5165,24,0.6000,0.5000,4,7,6,0,0,7,6,0.1429
4,100.0000,4,19,507.0816,-84.3094,0.2761,10,0.2500,0.6667,6,8,8,0,0,8,8,0.0000
4,100.0000,4,20,594.4838,-84.1790,-0.5111,14,0.3500,0.6667,6,8,8,0,0,8,8,0.0000
4,100.0000,4,21,329.8973,-81.4851,0.4485,22,0.5500,0.0000,4,7,6,0,0,7,6,0.1429
4,100.0000,4,24,675.5038,-86.5235,0.1289,6,0.1500,1.0000,8,7,6,0,0,7,6,0.1429
4,100.0000,4,25,584.5400,-85.9554,0.0038,10,0.2500,1.0000,8,8,7,0,0,8,7,0.1250
4,100.0000,4,27,215.0972,-78.2384,1.2810,26,0.6500,0.5000,8,3,0,0,0,3,0,1.0000
4,100.0000,4,28,532.8346,-84.5651,2.1935,11,0.2750,0.7143,7,7,6,0,0,7,6,0.1429
4,100.0000,4,30,426.0232,-81.8766,0.1333,20,0.5000,0.8750,8,7,6,0,0,7,6,0.1429
4,100.0000,4,31,508.5089,-83.3810,1.0431,14,0.3500,0.7143,7,8,8,0,0,8,8,0.0000
4,100.0000,4,32,787.7366,-86.3647,-1.2897,6,0.1500,0.8571,7,8,6,0,0,8,6,0.2500
4,100.0000,4,33,324.8330,-79.6071,-0.8545,20,0.5000,0.5714,7,7,4,0,0,7,4,0.4286
4,100.0000,4,34,592.6852,-85.5005,-0.7568,10,0.2500,0.8000,5,9,8,0,0,9,8,0.1111
4,100.0000,4,35,944.6196,-88.3666,-0.5079,4,0.1000,1.0000,2,4,3,0,0,4,3,0.2500
4,100.0000,4,36,429.0312,-82.0223,0.4483,13,0.3250,0.8571,7,8,7,0,0,8,7,0.1250
4,100.0000,4,39,841.6276,-87.0708,-0.4289,11,0.2750,0.8889,9,7,7,0,0,7,7,0.0000
4,100.0000,4,40,379.1277,-81.4048,-0.0103,22,0.5500,0.4000,5,8,6,0,0,8,6,0.2500
4,100.0000,4,42,467.6086,-83.3854,-0.5382,12,0.3000,0.6667,6,7,6,0,0,7,6,0.1429
4,100.0000,4,44,464.4464,-82.3716,-0.9449,20,0.5000,0.2000,5,8,8,0,0,8,8,0.0000
4,100.0000,4,45,496.3133,-84.0010,1.0052,14,0.3500,0.8571,7,6,4,0,0,6,4,0.3333
4,100.0000,4,46,493.5439,-84.5853,-1.2789,8,0.2000,0.8750,8,8,8,0,0,8,8,0.0000
4,100.0000,5,1,373.1321,-80.0587,-0.4422,19,0.4872,0.6250,8,8,6,0,0,8,6,0.2500
4,100.0000,5,3,505.0681,-84.1467,0.1536,8,0.2051,0.8750,8,7,6,0,0,7,6,0.1429
4,100.0000,5,4,690.1474,-84.1375,-1.4016,3,0.0769,1.0000,8,8,8,0,0,8,8,0.0000
4,100.0000,5,6,647.6057,-85.3746,0.8895,6,0.1538,0.8571,7,7,6,0,0,7,6,0.1429
4,100.0000,5,8,480.0910,-81.6002,0.4368,11,0.2821,1.0000,10,8,7,0,0,8,7,0.1250
4,100.0000,5,12,728.3366,-86.0498,0.0002,4,0.1026,0.8750,8,8,8,0,0,8,8,0.0000
4,100.0000,5,14,641.1595,-84.2285,0.6266,4,0.1026,1.0000,8,8,8,0,0,8,8,0.0000
4,100.0000,5,15,666.4048,-84.2430,0.5122,5,0.1282,0.8750,8,8,7,0,0,8,7,0.1250
4,100.0000,5,17,913.2616,-86.2539,1.5798,3,0.0769,1.0000,8,6,6,0,0,6,6,0.0000
4,100.0000,5,19,335.6550,-79.6465,0.9538,11,0.2821,0.8750,8,6,4,0,0,6,4,0.3333
4,100.0000,5,20,484.9000,-81.5873,-0.4769,14,0.3590,1.0000,8,6,4,0,0,6,4,0.3333
4,100.0000,5,24,637.9817,-84.8391,-0.2360,4,0.1026,0.8750,8,8,8,0,0,8,8,0.0000
4,100.0000,5,26,725.0447,-86.1772,0.9848,4,0.1026,0.8889,9,8,8,0,0,8,8,0.0000
4,100.0000,5,27,676.3156,-85.5017,-0.0664,4,0.1026,1.0000,8,8,8,0,0,8,8,0.0000
4,100.0000,5,29,849.0600,-86.0979,-0.0030,4,0.1026,1.0000,6,6,6,0,0,6,6,0.0000
4,100.0000,5,30,666.2903,-84.8741,-0.1016,5,0.1282,1.0000,8,8,8,0,0,8,8,0.0000
4,100.0000,5,33,379.0500,-79.9739,-0.8947,13,0.3333,0.5000,6,7,6,0,0,7,6,0.1429
4,100.0000,5,37,632.9187,-85.4791,1.0796,5,0.1282,0.8571,7,8,7,0,0,8,7,0.1250
4,100.0000,5,42,602.1915,-83.2478,-2.3707,3,0.0769,1.0000,8,8,8,0,0,8,8,0.0000
4,100.0000,5,46,560.5517,-81.8951,-2.1052,5,0.1282,1.0000,8,8,8,0,0,8,8,0.0000
4,100.0000,6,0,403.7370,-81.9484,-0.2564,24,0.6000,0.7500,8,6,4,0,0,6,4,0.3333
4,100.0000,6,3,237.9403,-77.1269,1.0686,35,0.8750,0.0000,4,4,0,0,0,4,0,1.0000
4,100.0000,6,5,647.6057,-86.3340,0.4349,7,0.1750,1.0000,8,8,8,0,0,8,8,0.0000
4,100.0000,6,7,708.6951,-86.4127,0.2106,14,0.3500,1.0000,8,8,8,0,0,8,8,0.0000
4,100.0000,6,10,857.0306,-88.7721,-0.6205,5,0.1250,1.0000,8,8,8,0,0,8,8,0.0000
4,100.0000,6,12,876.6912,-86.9675,0.7344,4,0.1000,1.0000,8,5,4,0,0,5,4,0.2000
4,100.0000,6,14,844.8240,-86.6992,-1.5735,4,0.1000,1.0000,8,8,8,0,0,8,8,0.0000
4,100.0000,6,15,1058.1926,-87.8159,1.6290,4,0.1000,1.0000,8,8,8,0,0,8,8,0.0000
4,100.0000,6,16,479.4169,-82.4759,-0.5992,23,0.5750,0.7143,7,4,2,0,0,4,2,0.5000
4,100.0000,6,22,515.3982,-83.3854,-0.0184,20,0.5000,0.8571,7,7,6,0,0,7,6,0.1429
4,100.0000,6,23,659.6575,-85.5702,-0.5707,18,0.4500,1.0000,8,8,8,0,0,8,8,0.0000
4,100.0000,6,24,899.1079,-88.2486,-3.3519,3,0.0750,1.0000,6,8,8,0,0,8,8,0.0000
4,100.0000,6,26,463.3682,-81.0854,-0.7649,23,0.5750,0.6250,8,5,4,0,0,5,4,0.2000
4,100.0000,6,29,643.0920,-84.8582,-0.7878,9,0.2250,0.8750,8,8,8,0,0,8,8,0.0000
4,100.0000,6,37,132.6975,-72.0216,0.1970,32,0.8000,0.2000,5,5,1,0,0,5,1,0.8000
4,100.0000,6,38,667.2641,-85.2338,-0.4315,16,0.4000,0.8571,7,6,6,0,0,6,6,0.0000
4,100.0000,6,41,646.8590,-84.4073,-0.1498,18,0.4500,0.8750,8,8,8,0,0,8,8,0.0000
4,100.0000,6,43,755.3441,-86.4459,0.2669,10,0.2500,0.8571,7,8,7,0,0,8,7,0.1250
4,100.0000,6,47,756.5223,-85.7180,-0.0579,11,0.2750,1.0000,8,8,8,0,0,8,8,0.0000
4,100.0000,7,0,496.9685,-83.6934,0.2538,16,0.4000,0.7143,7,8,6,0,0,8,6,0.2500
4,100.0000,7,3,764.6025,-85.8333,0.4425,3,0.0750,1.0000,8,7,6,0,0,7,6,0.1429
4,100.0000,7,6,708.6951,-86.1688,0.4028,4,0.1000,0.8571,7,8,8,0,0,8,8,0.0000
4,100.0000,7,10,167.5645,-73.0126,0.1523,36,0.9000,0.0000,5,4,0,0,0,4,0,1.0000
4,100.0000,7,12,646.4324,-86.5962,1.1202,7,0.1750,1.0000,8,8,8,0,0,8,8,0.0000
4,100.0000,7,14,718.6883,-87.2589,1.2483,5,0.1250,1.0000,8,8,8,0,0,8,8,0.0000
4,100.0000,7,16,293.1412,-79.7480,0.3870,26,0.6500,0.7143,7,6,3,0,0,6,3,0.5000
4,100.0000,7,22,742.4854,-86.7255,-0.9153,8,0.2000,1.0000,8,8,7,0,0,8,7,0.1250
4,100.0000,7,23,520.4983,-83.0653,0.3610,19,0.4750,0.7143,7,8,6,0,0,8,6,0.2500
4,100.0000,7,24,780.1888,-87.7247,-1.2162,3,0.0750,1.0000,8,8,7,0,0,8,7,0.1250
4,100.0000,7,26,343.2761,-81.4852,0.9342,16,0.4000,0.2000,5,5,2,0,0,5,2,0.6000
4,100.0000,7,29,240.6938,-78.8983,0.3159,25,0.6250,0.8750,8,4,0,0,0,4,0,1.0000
4,100.0000,7,34,966.4669,-89.1831,0.5351,3,0.0750,1.0000,4,8,8,0,0,8,8,0.0000
4,100.0000,7,37,617.3578,-85.2653,-0.8610,7,0.1750,0.8571,7,6,4,0,0,6,4,0.3333
4,100.0000,7,38,196.9859,-76.7378,0.8945,34,0.8500,0.2000,5,4,0,0,0,4,0,1.0000
4,100.0000,7,41,264.5269,-79.0595,0.7482,34,0.8500,0.5000,6,6,3,0,0,6,3,0.5000
4,100.0000,7,43,420.0532,-82.2137,-0.1231,25,0.6250,0.5000,6,6,4,0,0,6,4,0.3333
4,100.0000,7,46,969.9830,-89.0343,-0.3837,3,0.0750,1.0000,4,8,8,0,0,8,8,0.0000
4,100.0000,7,47,243.6347,-75.9426,-0.4239,35,0.8750,0.2000,5,5,2,0,0,5,2,0.6000
4,100.0000,8,1,359.5975,-79.4016,-0.4439,28,0.7000,0.5000,6,7,5,0,0,7,5,0.2857
4,100.0000,8,2,595.3833,-84.3351,0.3185,13,0.3250,1.0000,8,6,4,0,0,6,4,0.3333
4,100.0000,8,4,357.9242,-82.2102,0.0655,12,0.3000,0.8571,7,5,2,0,0,5,2,0.6000
4,100.0000,8,5,480.0910,-83.2358,-0.2585,12,0.3000,0.7143,7,8,8,0,0,8,8,0.0000
4,100.0000,8,11,722.6537,-88.3102,0.6474,3,0.0750,0.8571,7,8,8,0,0,8,8,0.0000
4,100.0000,8,13,539.8960,-84.5311,1.2532,6,0.1500,0.8750,8,8,8,0,0,8,8,0.0000
4,100.0000,8,14,853.1554,-86.6808,-0.8826,3,0.0750,1.0000,8,10,9,0,0,10,9,0.1000
4,100.0000,8,15,708.6575,-88.1999,1.3124,4,0.1000,1.0000,8,7,6,0,0,7,6,0.1429
4,100.0000,8,17,581.1431,-84.1583,-0.1794,11,0.2750,0.7143,7,6,3,0,0,6,3,0.5000
4,100.0000,8,19,498.9430,-84.2972,1.3287,6,0.1500,1.0000,8,8,7,0,0,8,7,0.1250
4,100.0000,8,20,282.8521,-76.2428,-1.4509,35,0.8750,0.4000,5,4,0,0,0,4,0,1.0000
4,100.0000,8,21,418.6233,-83.1642,0.2942,15,0.3750,0.6667,6,7,6,0,0,7,6,0.1429
4,100.0000,8,25,865.8822,-86.8452,-0.7874,3,0.0750,1.0000,8,8,7,0,0,8,7,0.1250
4,100.0000,8,27,285.2343,-79.0590,0.5362,19,0.4750,0.7500,8,5,1,0,0,5,1,0.8000
4,100.0000,8,28,644.9210,-86.2024,1.3933,6,0.1500,0.8750,8,8,8,0,0,8,8,0.0000
4,100.0000,8,30,290.3556,-77.6086,-0.7157,28,0.7000,0.0000,3,7,5,0,0,7,5,0.2857
4,100.0000,8,31,721.3532,-87.3308,2.2541,6,0.1500,1.0000,8,7,6,0,0,7,6,0.1429
4,100.0000,8,33,295.6077,-81.2159,1.3148,15,0.3750,1.0000,8,7,4,0,0,7,4,0.4286
4,100.0000,8,36,662.6830,-87.2241,0.7314,3,0.0750,1.0000,2,8,7,0,0,8,7,0.1250
4,100.0000,8,40,715.5966,-88.0406,1.0368,4,0.1000,1.0000,8,8,7,0,0,8,7,0.1250
4,100.0000,8,42,615.4632,-85.9062,-4.5543,3,0.0750,1.0000,8,7,6,0,0,7,6,0.1429
4,100.0000,8,44,531.2247,-84.1976,0.6195,10,0.2500,0.8571,7,6,4,0,0,6,4,0.3333
4,100.0000,8,45,744.6668,-87.4277,0.4576,4,0.1000,1.0000,8,6,4,0,0,6,4,0.3333
4,100.0000,8,46,630.8061,-84.4341,-5.7288,4,0.1000,1.0000,6,8,8,0,0,8,8,0.0000
4,100.0000,9,2,617.9387,-87.1972,0.3945,9,0.2250,0.7143,7,7,6,0,0,7,6,0.1429
4,100.0000,9,4,841.7974,-86.7975,0.6820,3,0.0750,1.0000,8,8,8,0,0,8,8,0.0000
4,100.0000,9,8,1058.9137,-88.2440,-0.5256,3,0.0750,1.0000,6,5,4,0,0,5,4,0.2000
4,100.0000,9,11,525.6255,-85.3853,-0.0954,9,0.2250,1.0000,8,8,7,0,0,8,7,0.1250
4,100.0000,9,13,792.1609,-85.8802,0.0005,5,0.1250,1.0000,8,6,5,0,0,6,5,0.1667
4,100.0000,9,17,658.6870,-86.9880,-0.7645,5,0.1250,1.0000,8,8,8,0,0,8,8,0.0000
4,100.0000,9,18,294.0157,-79.3933,1.3129,26,0.6500,0.5714,7,4,0,0,0,4,0,1.0000
4,100.0000,9,21,652.4206,-84.1255,-0.3496,8,0.2000,1.0000,8,8,7,0,0,8,7,0.1250
4,100.0000,9,25,436.6204,-81.5309,-0.9479,19,0.4750,0.6667,6,8,7,0,0,8,7,0.1250
4,100.0000,9,27,792.2936,-86.9650,-0.4260,5,0.1250,1.0000,8,8,8,0,0,8,8,0.0000
4,100.0000,9,28,504.9822,-83.9431,-0.1306,10,0.2500,1.0000,8,6,4,0,0,6,4,0.3333
4,100.0000,9,32,167.8807,-73.9605,-0.0756,32,0.8000,0.0000,4,5,1,0,0,5,1,0.8000
4,100.0000,9,35,499.6459,-83.4497,-0.3536,26,0.6500,0.5714,7,7,5,0,0,7,5,0.2857
4,100.0000,9,39,228.5420,-75.5576,-0.5360,33,0.8250,0.3333,6,7,4,0,0,7,4,0.4286
4,100.0000,9,40,570.2928,-83.1866,-0.8918,13,0.3250,0.7143,7,9,8,0,0,9,8,0.1111
4,100.0000,9,44,622.2540,-85.8609,1.4043,7,0.1750,1.0000,8,6,4,0,0,6,4,0.3333
4,100.0000,9,45,347.1581,-78.7576,-1.8627,28,0.7000,0.5000,8,6,3,0,0,6,3,0.5000
4,100.0000,10,0,604.5477,-85.1637,0.9206,12,0.3000,0.7143,7,7,6,2,2,9,8,0.1111
4,100.0000,10,3,884.4871,-86.1632,0.1833,3,0.0750,1.0000,6,8,8,0,0,8,8,0.0000
4,100.0000,10,6,857.0306,-87.1143,-0.3795,8,0.2000,1.0000,8,8,8,0,0,8,8,0.0000
4,100.0000,10,7,167.5645,-73.7008,0.4344,33,0.8250,0.0000,4,5,1,0,0,5,1,0.8000
4,100.0000,10,12,641.6256,-84.3584,0.4446,8,0.2000,1.0000,10,6,4,0,0,6,4,0.3333
4,100.0000,10,14,751.8547,-85.5335,-0.0427,3,0.0750,1.0000,8,8,8,0,0,8,8,0.0000
4,100.0000,10,16,414.1094,-82.1418,0.3283,26,0.6500,0.4000,5,7,5,0,0,7,5,0.2857
4,100.0000,10,22,829.7553,-86.8959,0.6479,5,0.1250,1.0000,8,8,8,0,0,8,8,0.0000
4,100.0000,10,23,554.8982,-85.3350,0.4813,15,0.3750,0.4000,5,7,6,0,0,7,6,0.1429
4,100.0000,10,24,799.9875,-85.3495,1.4674,5,0.1250,1.0000,8,8,8,0,0,8,8,0.0000
4,100.0000,10,26,447.0235,-84.1922,0.9166,15,0.3750,0.8571,7,7,6,1,0,8,6,0.2500
4,100.0000,10,29,323.2319,-80.2405,-0.4504,25,0.6250,0.4000,5,5,1,1,0,6,1,0.8333
4,100.0000,10,37,754.8859,-86.5586,0.5678,6,0.1500,0.8750,8,8,8,0,0,8,8,0.0000
4,100.0000,10,38,267.8985,-80.8830,1.1518,27,0.6750,0.8571,7,5,1,0,0,5,1,0.8000
4,100.0000,10,41,306.9703,-81.3133,1.1246,25,0.6250,0.5000,6,4,0,0,0,4,0,1.0000
4,100.0000,10,43,428.5207,-82.7996,-0.9456,25,0.6250,0.6667,6,8,4,1,0,9,4,0.5556
4,100.0000,10,46,1001.4800,-87.7763,-0.9666,3,0.0750,1.0000,8,6,6,0,0,6,6,0.0000
4,100.0000,10,47,286.6809,-78.7697,0.2499,31,0.7750,0.4000,5,4,0,136,34,140,34,0.7571
4,100.0000,11,1,834.5131,-85.6468,-0.2425,5,0.1250,1.0000,8,8,8,0,0,8,8,0.0000
4,100.0000,11,2,555.1824,-84.0526,-0.6249,15,0.3750,0.8750,8,7,5,0,0,7,5,0.2857
4,100.0000,11,4,501.0862,-83.4618,-0.9704,11,0.2750,0.8571,7,6,4,0,0,6,4,0.3333
4,100.0000,11,8,722.6537,-85.9906,-0.6713,9,0.2250,0.8571,7,8,7,0,0,8,7,0.1250
4,100.0000,11,9,525.6255,-84.9747,0.3536,17,0.4250,0.7143,7,5,4,0,0,5,4,0.2000
4,100.0000,11,13,287.7384,-77.5210,-0.7816,25,0.6250,0.6667,6,7,5,0,0,7,5,0.2857
4,100.0000,11,15,727.3423,-87.8776,-2.7487,5,0.1250,1.0000,8,8,8,0,0,8,8,0.0000
4,100.0000,11,17,381.6715,-80.9254,-0.1808,21,0.5250,1.0000,8,7,5,0,0,7,5,0.2857
4,100.0000,11,18,375.6197,-81.1052,-0.8459,26,0.6500,0.5000,6,6,4,0,0,6,4,0.3333
4,100.0000,11,19,796.9734,-87.1423,-0.8876,4,0.1000,1.0000,8,7,6,0,0,7,6,0.1429
4,100.0000,11,20,808.6868,-86.3277,-0.3565,6,0.1500,1.0000,8,4,4,0,0,4,4,0.0000
4,100.0000,11,21,466.2519,-82.6856,0.4917,15,0.3750,0.8571,7,8,7,0,0,8,7,0.1250
4,100.0000,11,25,202.8532,-77.1797,0.5515,31,0.7750,0.5000,6,7,4,0,0,7,4,0.4286
4,100.0000,11,27,443.7131,-81.4049,-1.3425,18,0.4500,0.7500,8,7,6,0,0,7,6,0.1429
4,100.0000,11,28,257.6824,-76.2501,-0.9668,32,0.8000,0.2000,5,5,2,0,0,5,2,0.6000
4,100.0000,11,30,549.6850,-84.8953,0.7186,12,0.3000,0.8571,7,8,7,0,0,8,7,0.1250
4,100.0000,11,31,751.5156,-88.3106,-1.4098,4,0.1000,0.7143,7,8,8,0,0,8,8,0.0000
4,100.0000,11,32,434.5821,-82.7589,-0.0664,24,0.6000,0.6667,6,7,6,0,0,7,6,0.1429
4,100.0000,11,33,724.6103,-86.3238,-1.6912,5,0.1250,1.0000,8,8,8,0,0,8,8,0.0000
4,100.0000,11,34,817.1014,-86.3949,0.5640,3,0.0750,0.8750,8,8,8,0,0,8,8,0.0000
4,100.0000,11,35,547.2804,-85.2619,-0.0164,21,0.5250,0.4000,5,7,6,0,0,7,6,0.1429
4,100.0000,11,36,546.7154,-83.4470,0.3138,11,0.2750,0.8750,8,8,7,0,0,8,7,0.1250
4,100.0000,11,39,454.8535,-82.2308,-0.5008,24,0.6000,0.5714,7,7,4,0,0,7,4,0.4286
4,100.0000,11,40,384.2894,-80.9149,-0.5984,21,0.5250,0.8571,7,6,3,0,0,6,3,0.5000
4,100.0000,11,42,845.5844,-88.5449,-2.6236,3,0.0750,1.0000,8,6,6,0,0,6,6,0.0000
4,100.0000,11,44,304.4128,-78.4512,-0.1784,23,0.5750,0.0000,4,7,5,0,0,7,5,0.2857
4,100.0000,11,45,323.4620,-80.3587,0.0089,26,0.6500,0.2000,5,7,6,0,0,7,6,0.1429
4,100.0000,11,46,755.1449,-86.8233,-0.9326,3,0.0750,1.0000,8,8,8,0,0,8,8,0.0000
4,100.0000,12,0,820.0764,-86.9764,0.0366,7,0.1750,1.0000,8,8,8,0,0,8,8,0.0000
4,100.0000,12,3,788.3934,-87.1726,0.0089,5,0.1250,1.0000,6,8,8,0,0,8,8,0.0000
4,100.0000,12,4,806.2374,-86.3759,-1.1291,4,0.1000,1.0000,8,8,8,0,0,8,8,0.0000
4,100.0000,12,5,728.3366,-86.6978,-0.0815,5,0.1250,1.0000,8,8,8,0,0,8,8,0.0000
4,100.0000,12,6,876.6912,-87.6552,0.5531,4,0.1000,1.0000,8,8,8,0,0,8,8,0.0000
4,100.0000,12,7,646.4324,-86.4652,0.4707,11,0.2750,1.0000,8,7,5,0,0,7,5,0.2857
4,100.0000,12,10,641.6256,-86.0783,0.1507,8,0.2000,1.0000,8,8,8,0,0,8,8,0.0000
4,100.0000,12,13,873.2829,-86.1715,-1.0476,4,0.1000,1.0000,8,6,6,0,0,6,6,0.0000
4,100.0000,12,14,218.8605,-75.8449,0.6642,35,0.8750,0.2000,5,6,3,0,0,6,3,0.5000
4,100.0000,12,15,410.7837,-78.7077,-0.9165,24,0.6000,0.4000,5,8,8,0,0,8,8,0.0000
4,100.0000,12,16,708.8929,-85.9301,-0.6843,6,0.1500,1.0000,8,8,8,0,0,8,8,0.0000
4,100.0000,12,19,508.8160,-82.2047,-1.4915,15,0.3750,0.7143,7,10,9,0,0,10,9,0.1000
4,100.0000,12,23,826.4084,-87.3513,0.1277,4,0.1000,1.0000,6,6,6,0,0,6,6,0.0000
4,100.0000,12,24,193.7458,-71.1349,-1.8393,37,0.9250,0.3333,6,7,5,0,0,7,5,0.2857
4,100.0000,12,26,504.4660,-83.7599,-1.3731,9,0.2250,0.7143,7,7,6,0,0,7,6,0.1429
4,100.0000,12,29,437.5606,-81.5314,-0.0425,19,0.4750,0.4000,5,7,6,0,0,7,6,0.1429
4,100.0000,12,31,382.5629,-79.8448,-0.3221,20,0.5000,0.7143,7,8,6,0,0,8,6,0.2500
4,100.0000,12,33,624.5280,-84.0358,-1.4776,6,0.1500,0.6667,6,8,8,12,12,20,20,0.0000
4,100.0000,12,34,345.4492,-80.4107,0.2871,23,0.5750,0.4000,5,7,6,0,0,7,6,0.1429
4,100.0000,12,36,589.7115,-83.5743,0.8131,8,0.2000,1.0000,6,8,8,0,0,8,8,0.0000
4,100.0000,12,37,776.6646,-88.4948,-0.4815,5,0.1250,0.8571,7,6,6,0,0,6,6,0.0000
4,100.0000,12,38,738.6408,-87.3983,-0.2517,7,0.1750,1.0000,6,7,6,0,0,7,6,0.1429
4,100.0000,12,41,662.7262,-85.6746,-0.5715,9,0.2250,0.6667,3,7,6,0,0,7,6,0.1429
4,100.0000,12,42,343.4645,-78.2412,-0.6203,31,0.7750,0.5000,8,8,7,0,0,8,7,0.1250
4,100.0000,12,43,850.8238,-86.9319,-0.5660,5,0.1250,1.0000,6,4,4,0,0,4,4,0.0000
4,100.0000,12,46,388.4088,-79.6899,-0.7904,22,0.5500,0.7778,9,7,6,0,0,7,6,0.1429
4,100.0000,12,47,844.8798,-88.1505,-0.7513,5,0.1250,1.0000,6,8,8,0,0,8,8,0.0000
4,100.0000,13,1,628.7856,-84.7262,0.9578,10,0.2500,1.0000,6,8,8,0,0,8,8,0.0000
4,100.0000,13,2,639.9954,-85.1992,0.8865,15,0.3750,1.0000,6,7,4,0,0,7,4,0.4286
4,100.0000,13,4,348.2221,-80.3205,-0.1274,18,0.4500,0.6667,6,4,0,0,0,4,0,1.0000
4,100.0000,13,5,743.6871,-85.9786,-0.0125,10,0.2500,1.0000,6,8,8,0,0,8,8,0.0000
4,100.0000,13,8,539.8960,-84.3199,0.5497,13,0.3250,0.7500,8,7,6,0,0,7,6,0.1429
4,100.0000,13,9,792.1609,-85.7442,-0.6324,9,0.2250,0.8750,8,8,7,0,0,8,7,0.1250
4,100.0000,13,11,287.7384,-77.8348,-1.0838,29,0.7250,0.2000,5,6,4,0,0,6,4,0.3333
4,100.0000,13,12,873.2829,-87.0628,-1.4075,6,0.1500,1.0000,8,4,4,0,0,4,4,0.0000
4,100.0000,13,14,741.2778,-85.6594,0.5115,7,0.1750,1.0000,8,8,8,0,0,8,8,0.0000
4,100.0000,13,15,481.9444,-83.7418,1.3263,11,0.2750,0.6667,6,8,8,0,0,8,8,0.0000
4,100.0000,13,17,361.1206,-81.4076,0.3627,19,0.4750,0.7143,7,6,3,0,0,6,3,0.5000
4,100.0000,13,18,662.5732,-84.6548,-0.8039,13,0.3250,0.8571,7,8,8,0,0,8,8,0.0000
4,100.0000,13,19,510.6023,-82.8592,-0.3412,14,0.3500,0.8571,7,8,7,0,0,8,7,0.1250
4,100.0000,13,20,641.4978,-84.5617,-0.4099,8,0.2000,0.8750,8,7,6,0,0,7,6,0.1429
4,100.0000,13,21,471.4759,-83.3549,-0.1892,18,0.4500,0.8750,8,8,8,0,0,8,8,0.0000
4,100.0000,13,24,693.2466,-87.0539,0.1097,4,0.1000,0.8571,7,7,6,0,0,7,6,0.1429
4,100.0000,13,25,436.2570,-81.5015,0.0329,20,0.5000,0.7143,7,7,6,0,0,7,6,0.1429
4,100.0000,13,27,320.6686,-78.7216,0.2477,20,0.5000,0.7143,7,4,0,0,0,4,0,1.0000
4,100.0000,13,28,412.9767,-80.8085,-1.3160,20,0.5000,0.4000,5,8,7,0,0,8,7,0.1250
4,100.0000,13,30,451.4056,-81.9404,-0.5758,18,0.4500,1.0000,8,7,4,0,0,7,4,0.4286
4,100.0000,13,31,522.5847,-84.0823,0.6642,12,0.3000,0.6667,6,7,5,0,0,7,5,0.2857
4,100.0000,13,32,701.7952,-85.4330,1.2405,8,0.2000,1.0000,6,7,5,0,0,7,5,0.2857
4,100.0000,13,33,468.1101,-82.5196,1.1888,14,0.3500,0.6667,6,7,5,0,0,7,5,0.2857
4,100.0000,13,34,598.5825,-85.2572,0.1031,10,0.2500,0.5000,6,7,6,0,0,7,6,0.1429
4,100.0000,13,35,775.1646,-86.5420,-0.9818,8,0.2000,1.0000,8,8,8,0,0,8,8,0.0000
4,100.0000,13,36,318.7617,-81.7358,1.0912,18,0.4500,0.5714,7,6,4,0,0,6,4,0.3333
4,100.0000,13,39,729.5378,-84.9719,-0.1266,13,0.3250,0.8750,8,8,7,0,0,8,7,0.1250
4,100.0000,13,40,448.2533,-82.5769,0.3020,15,0.3750,0.5000,6,7,6,0,0,7,6,0.1429
4,100.0000,13,42,604.2150,-85.5212,0.8878,9,0.2250,0.7143,7,8,8,0,0,8,8,0.0000
4,100.0000,13,44,357.6569,-79.1825,-0.6788,23,0.5750,0.6667,6,6,3,0,0,6,3,0.5000
4,100.0000,13,45,509.3460,-84.6412,0.5625,14,0.3500,1.0000,8,7,5,0,0,7,5,0.2857
4,100.0000,13,46,489.3772,-83.2620,0.6243,10,0.2500,1.0000,8,7,6,0,0,7,6,0.1429
4,100.0000,14,0,886.0010,-87.1260,1.0795,6,0.1538,1.0000,8,4,4,0,0,4,4,0.0000
4,100.0000,14,3,784.1412,-84.8733,-2.9581,3,0.0769,1.0000,8,8,8,0,0,8,8,0.0000
4,100.0000,14,4,755.4513,-85.3578,-2.9124,3,0.0769,1.0000,8,7,6,0,0,7,6,0.1429
4,100.0000,14,5,641.1595,-84.9697,0.6130,8,0.2051,0.8571,7,8,8,0,0,8,8,0.0000
4,100.0000,14,6,844.8240,-86.3547,-0.0691,5,0.1282,0.8750,8,6,6,0,0,6,6,0.0000
4,100.0000,14,7,718.6883,-86.8709,0.5244,12,0.3077,1.0000,4,8,8,0,0,8,8,0.0000
4,100.0000,14,10,751.8547,-85.7067,0.1159,7,0.1795,1.0000,8,6,6,0,0,6,6,0.0000
4,100.0000,14,12,218.8605,-76.2047,-0.2282,29,0.7436,0.0000,4,4,0,0,0,4,0,1.0000
4,100.0000,14,13,741.2778,-86.9161,0.6446,4,0.1026,1.0000,6,5,4,0,0,5,4,0.2000
4,100.0000,14,15,288.8034,-78.4197,-0.1603,28,0.7179,0.4000,5,8,5,0,0,8,5,0.3750
4,100.0000,14,16,775.9164,-85.5889,-0.0863,13,0.3333,0.5000,4,7,6,0,0,7,6,0.1429
4,100.0000,14,19,381.6905,-79.6365,-1.5382,19,0.4872,0.5000,6,7,5,0,0,7,5,0.2857
4,100.0000,14,20,989.4713,-86.3939,-0.0281,4,0.1026,1.0000,6,8,8,0,0,8,8,0.0000
4,100.0000,14,24,102.7852,-72.3333,1.4642,34,0.8718,0.2000,5,5,1,0,0,5,1,0.8000
4,100.0000,14,26,559.9905,-83.4348,-0.5087,13,0.3333,1.0000,8,8,8,0,0,8,8,0.0000
4,100.0000,14,29,481.9151,-82.2941,0.3293,20,0.5128,1.0000,8,8,7,0,0,8,7,0.1250
4,100.0000,14,31,317.0650,-79.6245,-0.1041,23,0.5897,0.7143,7,7,3,0,0,7,3,0.5714
4,100.0000,14,33,559.6146,-83.0534,0.5204,9,0.2308,0.8571,7,7,6,0,0,7,6,0.1429
4,100.0000,14,34,296.6299,-80.1004,1.1670,20,0.5128,0.7778,9,6,2,5,1,11,3,0.7273
4,100.0000,14,36,466.8103,-82.7564,1.1841,12,0.3077,0.8571,7,4,0,0,0,4,0,1.0000
4,100.0000,14,37,771.4562,-85.0847,0.2436,6,0.1538,0.8000,5,6,6,0,0,6,6,0.0000
4,100.0000,14,38,834.2353,-86.7731,-0.4878,7,0.1795,0.8333,6,6,6,0,0,6,6,0.0000
4,100.0000,14,41,777.3909,-86.9268,0.7770,8,0.2051,1.0000,2,8,8,0,0,8,8,0.0000
4,100.0000,14,42,360.0282,-80.2143,-0.1931,22,0.5641,0.4286,7,7,6,0,0,7,6,0.1429
4,100.0000,14,43,980.2835,-87.5527,1.3317,4,0.1026,1.0000,4,4,4,0,0,4,4,0.0000
4,100.0000,14,46,268.8168,-77.0656,-0.6475,27,0.6923,0.6667,6,6,3,0,0,6,3,0.5000
4,100.0000,14,47,939.2705,-86.7766,-0.6642,4,0.1026,1.0000,8,6,6,0,0,6,6,0.0000
4,100.0000,15,1,802.5914,-87.4754,0.9891,3,0.0750,1.0000,8,8,8,0,0,8,8,0.0000
4,100.0000,15,3,964.2244,-87.5159,-0.3847,6,0.1500,,0,4,4,0,0,4,4,0.0000
4,100.0000,15,4,522.8352,-84.6165,0.2156,13,0.3250,1.0000,8,8,8,0,0,8,8,0.0000
4,100.0000,15,5,666.4048,-86.1070,0.1697,11,0.2750,1.0000,8,8,8,0,0,8,8,0.0000
4,100.0000,15,6,1058.1926,-89.0415,-0.6644,6,0.1500,1.0000,8,4,4,0,0,4,4,0.0000
4,100.0000,15,7,1003.9923,-87.6567,-0.6333,7,0.1750,1.0000,4,6,6,0,0,6,6,0.0000
4,100.0000,15,8,708.6575,-86.8165,0.9568,5,0.1250,0.6667,3,7,6,0,0,7,6,0.1429
4,100.0000,15,10,1024.6730,-88.0204,0.3789,5,0.1250,1.0000,6,4,4,0,0,4,4,0.0000
4,100.0000,15,11,727.3423,-87.0523,0.4241,9,0.2250,1.0000,6,7,6,0,0,7,6,0.1429
4,100.0000,15,12,410.7837,-79.4981,-1.3286,28,0.7000,0.3333,6,7,6,0,0,7,6,0.1429
4,100.0000,15,13,481.9444,-83.9965,-0.2561,11,0.2750,0.8750,8,7,4,0,0,7,4,0.4286
4,100.0000,15,14,288.8034,-77.9919,-0.3844,33,0.8250,0.5000,6,5,1,0,0,5,1,0.8000
4,100.0000,15,17,593.2035,-85.6704,-0.3398,10,0.2500,0.8571,7,6,4,0,0,6,4,0.3333
4,100.0000,15,19,332.8770,-78.0889,-0.1729,27,0.6750,0.4000,5,8,7,0,0,8,7,0.1250
4,100.0000,15,20,870.6270,-88.2312,-0.5831,7,0.1750,1.0000,8,6,6,0,0,6,6,0.0000
4,100.0000,15,21,827.7290,-88.2042,0.5507,5,0.1250,1.0000,4,6,6,0,0,6,6,0.0000
4,100.0000,15,24,230.2377,-76.5232,-0.6113,32,0.8000,0.5000,4,6,1,0,0,6,1,0.8333
4,100.0000,15,25,789.0804,-87.3870,-0.4911,8,0.2000,1.0000,8,2,2,0,0,2,2,0.0000
4,100.0000,15,26,823.9309,-87.2904,-0.3064,9,0.2250,1.0000,8,8,8,0,0,8,8,0.0000
4,100.0000,15,27,649.2196,-86.5854,0.7592,9,0.2250,0.8750,8,7,5,0,0,7,5,0.2857
4,100.0000,15,28,885.9329,-89.5039,-0.2244,3,0.0750,0.7500,4,6,6,0,0,6,6,0.0000
4,100.0000,15,29,768.9594,-85.8820,-0.7725,11,0.2750,1.0000,8,8,8,0,0,8,8,0.0000
4,100.0000,15,30,805.5951,-86.2864,0.2302,8,0.2000,1.0000,8,8,8,0,0,8,8,0.0000
4,100.0000,15,31,100.0832,-68.8626,0.7889,39,0.9750,0.0000,3,7,4,0,0,7,4,0.4286
4,100.0000,15,33,435.9281,-82.0324,-0.7976,13,0.3250,0.4000,5,6,4,0,0,6,4,0.3333
4,100.0000,15,34,152.2850,-72.8991,0.5984,38,0.9500,0.0000,4,4,0,0,0,4,0,1.0000
4,100.0000,15,36,182.8531,-76.3350,0.6189,31,0.7750,0.6667,6,4,0,0,0,4,0,1.0000
4,100.0000,15,37,994.5179,-88.1170,-0.1078,4,0.1000,1.0000,6,2,2,0,0,2,2,0.0000
4,100.0000,15,40,682.0334,-85.9035,0.7593,6,0.1500,1.0000,8,7,6,0,0,7,6,0.1429
4,100.0000,15,42,274.1431,-77.9105,-0.3025,33,0.8250,0.0000,4,8,7,0,0,8,7,0.1250
4,100.0000,15,44,821.8509,-87.5773,-0.5471,6,0.1500,1.0000,6,8,8,0,0,8,8,0.0000
4,100.0000,15,45,881.3082,-87.2000,-0.7160,5,0.1250,,0,6,6,0,0,6,6,0.0000
4,100.0000,15,46,110.1878,-73.5379,1.7700,38,0.9500,0.0000,4,7,2,0,0,7,2,0.7143
4,100.0000,15,47,1219.9805,-88.8856,0.5272,4,0.1000,1.0000,6,2,2,0,0,2,2,0.0000
4,100.0000,16,0,204.9859,-75.1550,-0.5673,35,0.8750,0.2000,5,6,1,0,0,6,1,0.8333
4,100.0000,16,3,522.1119,-84.3763,-0.4861,16,0.4000,0.8571,7,8,8,0,0,8,8,0.0000
4,100.0000,16,6,479.4169,-81.9317,-0.4474,27,0.6750,0.5000,6,8,8,0,0,8,8,0.0000
4,100.0000,16,7,293.1412,-79.3554,0.1322,29,0.7250,0.4000,5,5,2,0,0,5,2,0.6000
4,100.0000,16,10,414.1094,-81.9146,-0.7785,25,0.6250,0.5000,6,5,2,18,11,23,13,0.4348
4,100.0000,16,12,708.8929,-85.3002,0.3981,6,0.1500,1.0000,8,8,8,0,0,8,8,0.0000
4,100.0000,16,14,775.9164,-85.7136,-0.5364,3,0.0750,0.9000,10,8,8,0,0,8,8,0.0000
4,100.0000,16,22,458.3418,-83.5275,0.4911,22,0.5500,0.5714,7,7,5,0,0,7,5,0.2857
4,100.0000,16,23,319.1871,-80.1418,0.8801,35,0.8750,0.4000,5,7,4,0,0,7,4,0.4286
4,100.0000,16,26,225.6473,-76.0904,0.1447,31,0.7750,0.2000,5,5,1,47,22,52,23,0.5577
4,100.0000,16,29,358.6253,-79.8666,0.2942,22,0.5500,0.4000,5,5,2,0,0,5,2,0.6000
4,100.0000,16,37,376.1297,-80.6133,-1.1603,26,0.6500,0.4000,5,7,4,100,83,107,87,0.1869
4,100.0000,16,38,190.9149,-77.0331,0.7209,35,0.8750,0.0000,4,5,1,0,0,5,1,0.8000
4,100.0000,16,41,184.8798,-73.4383,0.2593,35,0.8750,0.0000,4,5,1,0,0,5,1,0.8000
4,100.0000,16,43,318.1481,-80.3069,1.1812,31,0.7750,0.5000,6,5,2,0,0,5,2,0.6000
4,100.0000,16,47,297.4786,-78.7652,-0.1698,36,0.9000,0.0000,4,4,0,0,0,4,0,1.0000
4,100.0000,17,1,835.1145,-86.5504,-0.4673,4,0.1000,1.0000,6,6,6,0,0,6,6,0.0000
4,100.0000,17,2,617.8212,-85.3584,0.1817,11,0.2750,0.8571,7,6,6,0,0,6,6,0.0000
4,100.0000,17,4,239.4095,-76.2424,-0.6297,29,0.7250,0.5000,6,6,3,0,0,6,3,0.5000
4,100.0000,17,5,913.2616,-87.6440,0.1183,4,0.1000,0.8750,8,4,4,0,0,4,4,0.0000
4,100.0000,17,8,581.1431,-84.8601,-0.1908,10,0.2500,0.5714,7,8,8,0,0,8,8,0.0000
4,100.0000,17,9,658.6870,-85.9135,-0.3432,14,0.3500,0.8750,8,8,8,0,0,8,8,0.0000
4,100.0000,17,11,381.6715,-81.2744,-0.2943,19,0.4750,1.0000,8,7,3,0,0,7,3,0.5714
4,100.0000,17,12,917.0159,-87.3684,-1.1591,3,0.0750,1.0000,8,8,8,0,0,8,8,0.0000
4,100.0000,17,13,361.1206,-80.8626,0.1305,17,0.4250,0.6667,6,8,6,0,0,8,6,0.2500
4,100.0000,17,15,593.2035,-86.2301,-0.5340,8,0.2000,1.0000,8,8,8,0,0,8,8,0.0000
4,100.0000,17,18,660.2630,-85.2713,0.1086,13,0.3250,0.6667,6,8,7,0,0,8,7,0.1250
4,100.0000,17,19,685.6964,-85.7317,0.8577,7,0.1750,0.8750,8,8,8,0,0,8,8,0.0000
4,100.0000,17,20,790.2644,-85.9666,-0.3840,6,0.1500,0.8750,8,6,6,0,0,6,6,0.0000
4,100.0000,17,21,367.0732,-80.9099,-0.0545,22,0.5500,0.4000,5,8,7,0,0,8,7,0.1250
4,100.0000,17,24,782.8655,-87.8670,0.0208,3,0.0750,1.0000,8,7,6,0,0,7,6,0.1429
4,100.0000,17,25,389.0110,-82.6593,-0.1596,19,0.4750,0.8571,7,7,5,0,0,7,5,0.2857
4,100.0000,17,27,353.2029,-79.9576,0.2090,15,0.3750,0.7143,7,7,6,0,0,7,6,0.1429
4,100.0000,17,28,479.9652,-82.6051,-0.5208,21,0.5250,0.7143,7,5,2,0,0,5,2,0.6000
4,100.0000,17,30,562.1032,-83.2843,-1.4918,13,0.3250,0.8750,8,8,8,0,0,8,8,0.0000
4,100.0000,17,31,568.8013,-85.3117,0.5972,8,0.2000,1.0000,8,7,6,0,0,7,6,0.1429
4,100.0000,17,32,636.2979,-86.2412,-0.2333,14,0.3500,0.8750,8,8,7,0,0,8,7,0.1250
4,100.0000,17,33,546.3839,-83.6522,0.3570,11,0.2750,0.8750,8,7,5,0,0,7,5,0.2857
4,100.0000,17,34,637.2172,-85.5776,-0.1767,8,0.2000,0.7143,7,8,8,0,0,8,8,0.0000
4,100.0000,17,35,855.5588,-86.5677,0.7147,8,0.2000,1.0000,4,4,3,0,0,4,3,0.2500
4,100.0000,17,36,455.7091,-82.9708,-0.1288,11,0.2750,0.8182,11,8,8,0,0,8,8,0.0000
4,100.0000,17,39,633.4128,-85.8863,-0.5727,14,0.3500,1.0000,8,8,7,0,0,8,7,0.1250
4,100.0000,17,40,140.5364,-74.3199,1.5860,34,0.8500,0.3333,6,4,0,0,0,4,0,1.0000
4,100.0000,17,42,597.2834,-84.4952,-0.6676,7,0.1750,1.0000,8,8,7,0,0,8,7,0.1250
4,100.0000,17,44,469.0325,-82.0427,-0.7580,15,0.3750,1.0000,8,8,8,0,0,8,8,0.0000
4,100.0000,17,45,320.5297,-81.2605,0.1629,20,0.5000,0.6667,6,8,7,0,0,8,7,0.1250
4,100.0000,17,46,607.8265,-85.9508,1.1300,9,0.2250,0.8571,7,8,8,0,0,8,8,0.0000
4,100.0000,18,2,672.9194,-87.0810,-0.7394,8,0.1951,1.0000,8,8,8,0,0,8,8,0.0000
4,100.0000,18,4,832.5374,-87.7412,12.7192,3,0.0732,0.8571,7,8,8,0,0,8,8,0.0000
4,100.0000,18,9,294.0157,-79.4363,0.2515,33,0.8049,0.5000,6,7,4,0,0,7,4,0.4286
4,100.0000,18,11,375.6197,-80.3805,-0.6944,20,0.4878,0.4000,5,8,8,0,0,8,8,0.0000
4,100.0000,18,13,662.5732,-86.1537,0.3346,6,0.1463,0.8571,7,8,7,0,0,8,7,0.1250
4,100.0000,18,15,1078.1513,-88.7687,-1.4465,3,0.0732,1.0000,6,6,6,0,0,6,6,0.0000
4,100.0000,18,17,660.2630,-84.9011,0.9447,8,0.1951,1.0000,8,8,8,0,0,8,8,0.0000
4,100.0000,18,21,699.8815,-86.2616,0.3124,8,0.1951,0.8750,8,7,5,0,0,7,5,0.2857
4,100.0000,18,25,313.6392,-75.5877,-1.9378,26,0.6341,0.0000,4,7,6,0,0,7,6,0.1429
4,100.0000,18,27,767.0359,-86.2352,0.2233,7,0.1707,1.0000,10,7,6,0,0,7,6,0.1429
4,100.0000,18,28,434.2573,-81.7470,-0.5852,14,0.3415,0.8750,8,8,8,0,0,8,8,0.0000
4,100.0000,18,30,835.1133,-86.4502,2.6023,4,0.0976,1.0000,8,8,8,0,0,8,8,0.0000
4,100.0000,18,32,235.4063,-77.5678,0.6814,36,0.8780,0.0000,4,5,2,0,0,5,2,0.6000
4,100.0000,18,34,1149.3151,-88.9720,-0.4621,3,0.0732,1.0000,8,4,4,0,0,4,4,0.0000
4,100.0000,18,35,392.0380,-81.2524,-0.2457,30,0.7317,0.6667,6,5,1,0,0,5,1,0.8000
4,100.0000,18,36,895.6436,-85.3695,-0.7239,4,0.0976,1.0000,8,8,8,0,0,8,8,0.0000
4,100.0000,18,39,195.1989,-75.1385,-0.5919,35,0.8537,0.1667,6,5,1,0,0,5,1,0.8000
4,100.0000,18,40,590.4398,-84.3434,-0.0165,8,0.1951,0.6667,6,8,8,0,0,8,8,0.0000
4,100.0000,18,44,552.5880,-83.9628,0.3937,11,0.2683,1.0000,8,7,6,0,0,7,6,0.1429
4,100.0000,18,45,416.9641,-81.4122,-1.2766,22,0.5366,0.6667,6,6,4,0,0,6,4,0.3333
4,100.0000,19,0,977.8917,-87.5188,-0.5532,3,0.0750,1.0000,8,6,6,0,0,6,6,0.0000
4,100.0000,19,1,515.0056,-84.3073,0.4368,16,0.4000,1.0000,8,8,6,0,0,8,6,0.2500
4,100.0000,19,3,710.2020,-86.7482,0.6609,5,0.1250,1.0000,2,8,8,0,0,8,8,0.0000
4,100.0000,19,4,507.0816,-82.7665,-0.8370,16,0.4000,1.0000,8,8,7,0,0,8,7,0.1250
4,100.0000,19,5,335.6550,-80.6377,1.1704,25,0.6250,0.5714,7,6,4,0,0,6,4,0.3333
4,100.0000,19,6,824.5737,-87.5047,-0.2606,6,0.1500,0.8571,7,4,4,0,0,4,4,0.0000
4,100.0000,19,8,498.9430,-85.0187,0.2816,16,0.4000,0.8000,5,7,4,0,0,7,4,0.4286
4,100.0000,19,11,796.9734,-88.4008,-0.4824,7,0.1750,1.0000,4,8,8,0,0,8,8,0.0000
4,100.0000,19,12,508.8160,-82.8298,-0.6024,20,0.5000,0.8571,7,7,6,0,0,7,6,0.1429
4,100.0000,19,13,510.6023,-85.1046,-0.4414,14,0.3500,0.7778,9,7,6,0,0,7,6,0.1429
4,100.0000,19,14,381.6905,-79.2832,-0.8285,25,0.6250,0.6667,6,10,10,0,0,10,10,0.0000
4,100.0000,19,15,332.8770,-78.5707,-1.2273,27,0.6750,0.8750,8,8,7,0,0,8,7,0.1250
4,100.0000,19,16,942.3559,-87.4377,0.3779,5,0.1250,1.0000,2,6,6,0,0,6,6,0.0000
4,100.0000,19,17,685.6964,-85.4471,-0.0762,10,0.2500,1.0000,8,8,8,0,0,8,8,0.0000
4,100.0000,19,20,607.9305,-85.1640,0.3149,14,0.3500,0.8571,7,8,7,0,0,8,7,0.1250
4,100.0000,19,21,768.8923,-88.0773,-0.1483,11,0.2750,0.8750,8,8,8,0,0,8,8,0.0000
4,100.0000,19,24,359.3038,-81.0575,-0.1784,24,0.6000,0.4000,5,7,5,0,0,7,5,0.2857
4,100.0000,19,25,923.1144,-88.1517,0.3121,6,0.1500,1.0000,4,4,4,0,0,4,4,0.0000
4,100.0000,19,26,722.3962,-86.7978,-0.1832,8,0.2000,1.0000,8,7,6,0,0,7,6,0.1429
4,100.0000,19,27,559.2854,-86.2744,0.4928,10,0.2500,1.0000,8,7,6,0,0,7,6,0.1429
4,100.0000,19,28,866.4487,-87.4239,-0.1715,9,0.2250,1.0000,6,8,8,0,0,8,8,0.0000
4,100.0000,19,29,757.1230,-86.7398,-0.3132,9,0.2250,1.0000,8,6,6,0,0,6,6,0.0000
4,100.0000,19,30,643.2981,-85.2223,-0.2297,15,0.3750,1.0000,8,8,8,0,0,8,8,0.0000
4,100.0000,19,31,387.0546,-79.1771,-0.9551,24,0.6000,0.5714,7,8,7,0,0,8,7,0.1250
4,100.0000,19,33,236.1699,-76.2978,-0.2779,29,0.7250,0.2000,5,5,1,0,0,5,1,0.8000
4,100.0000,19,34,453.5504,-81.7957,-0.0411,23,0.5750,0.7143,7,7,6,0,0,7,6,0.1429
4,100.0000,19,36,397.5844,-81.7737,-0.4234,18,0.4500,0.5000,6,6,4,0,0,6,4,0.3333
4,100.0000,19,37,780.5623,-87.5739,0.3221,3,0.0750,0.8333,6,2,2,0,0,2,2,0.0000
4,100.0000,19,40,812.5917,-87.1238,0.6419,7,0.1750,1.0000,8,8,8,0,0,8,8,0.0000
4,100.0000,19,42,344.3687,-79.4011,-0.6928,26,0.6500,0.5000,6,5,2,0,0,5,2,0.6000
4,100.0000,19,44,765.4160,-86.9309,0.0386,8,0.2000,1.0000,8,8,7,0,0,8,7,0.1250
4,100.0000,19,45,949.5305,-88.4839,-0.1640,6,0.1500,1.0000,4,4,4,0,0,4,4,0.0000
4,100.0000,19,46,231.5557,-71.4931,-2.8622,34,0.8500,0.0000,4,6,3,0,0,6,3,0.5000
4,100.0000,20,1,166.6198,-73.3028,-0.7642,37,0.9250,0.2000,5,4,0,0,0,4,0,1.0000
4,100.0000,20,2,616.4867,-83.4662,0.4028,9,0.2250,1.0000,8,8,8,0,0,8,8,0.0000
4,100.0000,20,4,594.4838,-85.0656,0.4473,10,0.2500,1.0000,8,6,4,0,0,6,4,0.3333
4,100.0000,20,5,484.9000,-82.2941,0.0517,12,0.3000,0.8750,8,8,8,0,0,8,8,0.0000
4,100.0000,20,8,282.8521,-76.1837,-1.3166,33,0.8250,0.2000,5,5,2,0,0,5,2,0.6000
4,100.0000,20,11,808.6868,-86.1914,0.1338,4,0.1000,1.0000,8,6,6,0,0,6,6,0.0000
4,100.0000,20,13,641.4978,-84.8537,-0.1781,9,0.2250,1.0000,8,7,6,0,0,7,6,0.1429
4,100.0000,20,15,870.6270,-86.9381,0.7520,4,0.1000,1.0000,8,4,4,0,0,4,4,0.0000
4,100.0000,20,17,790.2644,-87.4166,-0.6846,6,0.1500,1.0000,8,8,7,0,0,8,7,0.1250
4,100.0000,20,19,607.9305,-84.9836,-0.4532,7,0.1750,1.0000,8,8,7,0,0,8,7,0.1250
4,100.0000,20,21,564.5150,-85.4637,0.5896,8,0.2000,1.0000,8,7,6,0,0,7,6,0.1429
4,100.0000,20,25,988.2385,-88.1882,1.1411,5,0.1250,1.0000,6,6,6,0,0,6,6,0.0000
4,100.0000,20,27,442.0260,-82.9947,0.8068,14,0.3500,0.8750,8,7,5,0,0,7,5,0.2857
4,100.0000,20,28,683.6406,-85.0564,0.4186,12,0.3000,1.0000,8,8,8,136,136,144,144,0.0000
4,100.0000,20,30,288.1354,-75.9930,-1.3888,25,0.6250,0.5000,8,5,2,0,0,5,2,0.6000
4,100.0000,20,31,910.0937,-88.4442,1.0863,3,0.0750,1.0000,4,8,8,0,0,8,8,0.0000
4,100.0000,20,32,1033.8873,-88.0567,0.2345,4,0.1000,,0,6,6,0,0,6,6,0.0000
4,100.0000,20,33,491.2903,-83.9565,-0.4628,11,0.2750,0.8571,7,8,8,0,0,8,8,0.0000
4,100.0000,20,34,996.5984,-87.8614,-0.1365,3,0.0750,1.0000,2,4,4,0,0,4,4,0.0000
4,100.0000,20,35,1000.7944,-87.3046,-0.5223,3,0.0750,1.0000,4,6,6,0,0,6,6,0.0000
4,100.0000,20,40,916.5011,-87.0865,0.1972,4,0.1000,1.0000,68,6,6,8,8,14,14,0.0000
4,100.0000,20,42,832.4806,-87.2313,0.1127,4,0.1000,1.0000,8,6,6,0,0,6,6,0.0000
4,100.0000,20,44,560.6551,-82.2445,0.7612,11,0.2750,0.9167,12,6,4,0,0,6,4,0.3333
4,100.0000,20,45,889.2551,-87.1073,-0.4268,5,0.1250,1.0000,8,6,5,0,0,6,5,0.1667
4,100.0000,20,46,790.8022,-86.0154,-0.3678,5,0.1250,1.0000,8,6,6,0,0,6,6,0.0000
4,100.0000,21,1,670.5281,-85.7632,0.0338,4,0.1000,0.8750,8,7,6,0,0,7,6,0.1429
4,100.0000,21,2,287.4142,-78.3412,0.4139,31,0.7750,0.0000,4,5,1,0,0,5,1,0.8000
4,100.0000,21,4,329.8973,-81.6623,0.4567,11,0.2750,0.6667,6,5,2,0,0,5,2,0.6000
4,100.0000,21,8,418.6233,-82.9832,1.0276,11,0.2750,0.6667,6,7,5,0,0,7,5,0.2857
4,100.0000,21,9,652.4206,-85.3409,0.5226,7,0.1750,0.8571,7,8,8,0,0,8,8,0.0000
4,100.0000,21,11,466.2519,-81.7562,-0.3463,10,0.2500,0.8571,7,5,2,0,0,5,2,0.6000
4,100.0000,21,13,471.4759,-81.0127,-0.2724,8,0.2000,0.8750,8,8,7,0,0,8,7,0.1250
4,100.0000,21,17,367.0732,-79.9560,0.4012,11,0.2750,0.5000,6,8,7,0,0,8,7,0.1250
4,100.0000,21,18,699.8815,-84.6952,-0.1984,8,0.2000,1.0000,8,7,6,0,0,7,6,0.1429
4,100.0000,21,20,564.5150,-84.4756,-0.9752,8,0.2000,1.0000,8,7,5,0,0,7,5,0.2857
4,100.0000,21,25,566.9299,-83.8698,1.3503,4,0.1000,0.8571,7,7,5,0,0,7,5,0.2857
4,100.0000,21,27,216.3686,-75.1922,-0.3088,20,0.5000,0.4286,7,5,1,0,0,5,1,0.8000
4,100.0000,21,28,340.4975,-78.6501,-0.3152,15,0.3750,0.0000,4,7,6,0,0,7,6,0.1429
4,100.0000,21,30,306.3205,-79.3229,0.7924,15,0.3750,0.0000,4,5,1,0,0,5,1,0.8000
4,100.0000,21,32,575.8053,-83.9862,0.6780,8,0.2000,0.8750,8,6,4,0,0,6,4,0.3333
4,100.0000,21,33,578.2047,-84.7724,-0.2463,4,0.1000,0.8571,7,8,8,0,0,8,8,0.0000
4,100.0000,21,35,716.9077,-85.4621,-0.0556,8,0.2000,0.8571,7,7,6,0,0,7,6,0.1429
4,100.0000,21,39,731.7538,-85.4163,0.6466,6,0.1500,1.0000,8,4,4,0,0,4,4,0.0000
4,100.0000,21,40,445.9900,-81.1119,0.1356,10,0.2500,1.0000,8,6,4,0,0,6,4,0.3333
4,100.0000,21,44,293.2946,-78.2312,-0.4179,20,0.5000,0.5000,6,8,7,0,0,8,7,0.1250
4,100.0000,21,45,361.7749,-80.3618,0.0418,15,0.3750,0.7143,7,8,6,0,0,8,6,0.2500
4,100.0000,22,0,259.2346,-79.5144,0.4497,25,0.6250,0.4000,5,6,3,0,0,6,3,0.5000
4,100.0000,22,3,476.1137,-82.9379,-0.8260,16,0.4000,1.0000,8,8,7,0,0,8,7,0.1250
4,100.0000,22,5,960.0669,-87.4778,-0.5368,3,0.0750,1.0000,4,8,8,0,0,8,8,0.0000
4,100.0000,22,6,515.3982,-83.7811,-0.4606,12,0.3000,0.6667,6,7,6,0,0,7,6,0.1429
4,100.0000,22,7,742.4854,-87.3748,-0.0567,7,0.1750,1.0000,8,8,8,0,0,8,8,0.0000
4,100.0000,22,10,829.7553,-87.1830,0.7244,3,0.0750,1.0000,8,8,8,0,0,8,8,0.0000
4,100.0000,22,16,458.3418,-83.7156,-0.6271,15,0.3750,0.5714,7,6,4,0,0,6,4,0.3333
4,100.0000,22,23,333.4208,-79.5666,-0.4394,31,0.7750,0.4286,7,6,3,0,0,6,3,0.5000
4,100.0000,22,26,568.8953,-84.4363,-0.0919,7,0.1750,0.7143,7,8,8,0,0,8,8,0.0000
4,100.0000,22,37,444.6791,-82.9636,0.0981,17,0.4250,0.4000,5,8,8,0,0,8,8,0.0000
4,100.0000,22,38,579.1979,-83.7970,0.2453,13,0.3250,0.8750,8,6,3,0,0,6,3,0.5000
4,100.0000,22,41,527.9588,-83.5897,-1.2809,18,0.4500,0.4000,5,7,6,0,0,7,6,0.1429
4,100.0000,22,43,486.0671,-84.2363,-0.0013,18,0.4500,0.9000,10,7,6,0,0,7,6,0.1429
4,100.0000,22,47,646.5866,-84.3209,-0.8533,13,0.3250,0.7143,7,6,4,0,0,6,4,0.3333
4,100.0000,23,0,266.0532,-77.4767,0.3674,36,0.9000,0.5000,6,5,2,0,0,5,2,0.6000
4,100.0000,23,3,612.7673,-85.3607,-0.0167,14,0.3500,0.8750,8,9,8,0,0,9,8,0.1111
4,100.0000,23,6,659.6575,-84.6456,0.4612,13,0.3250,1.0000,8,8,8,0,0,8,8,0.0000
4,100.0000,23,7,520.4983,-84.4078,0.7670,19,0.4750,0.8571,7,6,3,0,0,6,3,0.5000
4,100.0000,23,10,554.8982,-85.7276,-0.5435,12,0.3000,0.8750,8,8,8,0,0,8,8,0.0000
4,100.0000,23,16,319.1871,-80.7891,0.6543,31,0.7750,0.5000,6,5,2,110,84,115,86,0.2522
4,100.0000,23,22,333.4208,-78.8282,-0.4340,37,0.9250,0.5000,8,4,0,0,0,4,0,1.0000
4,100.0000,23,24,972.5443,-87.3256,0.8921,3,0.0750,1.0000,6,8,8,0,0,8,8,0.0000
4,100.0000,23,26,437.7517,-83.7938,0.9587,15,0.3750,0.6667,6,7,6,0,0,7,6,0.1429
4,100.0000,23,29,599.0863,-85.1590,1.0764,12,0.3000,0.8571,7,8,8,0,0,8,8,0.0000
4,100.0000,23,37,544.4644,-83.6619,-0.8545,16,0.4000,1.0000,8,6,6,0,0,6,6,0.0000
4,100.0000,23,38,343.9410,-80.8147,-0.2473,29,0.7250,0.4000,5,5,1,11,9,16,10,0.3750
4,100.0000,23,41,262.1881,-77.6353,-0.4284,34,0.8500,0.5075,67,6,3,0,0,6,3,0.5000
4,100.0000,23,43,191.5501,-76.9380,1.3748,36,0.9000,0.1500,40,6,3,10,4,16,7,0.5625
4,100.0000,23,47,417.0957,-81.6780,-0.0048,27,0.6750,0.5714,7,6,3,0,0,6,3,0.5000
4,100.0000,24,0,925.7869,-88.4388,-0.6430,9,0.2250,1.0000,8,8,8,0,0,8,8,0.0000
4,100.0000,24,1,874.0163,-87.9902,1.0137,3,0.0750,1.0000,4,4,4,0,0,4,4,0.0000
4,100.0000,24,3,812.9816,-87.3743,0.0341,7,0.1750,0.6667,3,8,8,0,0,8,8,0.0000
4,100.0000,24,4,675.5038,-86.7921,0.2796,10,0.2500,0.7143,7,8,7,0,0,8,7,0.1250
4,100.0000,24,5,637.9817,-86.5146,-0.0058,9,0.2250,0.4000,5,8,8,0,0,8,8,0.0000
4,100.0000,24,6,899.1079,-87.2610,0.0940,7,0.1750,0.8571,7,2,2,0,0,2,2,0.0000
4,100.0000,24,7,780.1888,-87.5236,0.8172,12,0.3000,1.0000,8,8,8,0,0,8,8,0.0000
4,100.0000,24,8,796.5900,-88.0466,0.9541,5,0.1250,,0,6,6,0,0,6,6,0.0000
4,100.0000,24,10,799.9875,-86.7094,-0.2212,12,0.3000,1.0000,8,6,6,0,0,6,6,0.0000
4,100.0000,24,11,951.1872,-88.6556,-0.4868,5,0.1250,1.0000,2,4,4,0,0,4,4,0.0000
4,100.0000,24,12,193.7458,-71.6507,-1.6442,37,0.9250,0.0000,4,6,3,0,0,6,3,0.5000
4,100.0000,24,13,693.2466,-87.2553,-0.0615,5,0.1250,1.0000,10,8,8,0,0,8,8,0.0000
4,100.0000,24,14,102.7852,-71.6781,1.7549,34,0.8500,0.0000,4,4,0,0,0,4,0,1.0000
4,100.0000,24,15,230.2377,-76.0978,-0.1977,34,0.8500,0.5000,6,6,3,0,0,6,3,0.5000
4,100.0000,24,16,826.8433,-86.8965,-0.6534,11,0.2750,1.0000,4,4,4,0,0,4,4,0.0000
4,100.0000,24,17,782.8655,-87.6128,-0.0996,8,0.2000,1.0000,8,6,6,0,0,6,6,0.0000
4,100.0000,24,19,359.3038,-82.3228,0.8476,18,0.4500,0.5714,7,7,6,0,0,7,6,0.1429
4,100.0000,24,20,957.3970,-88.8895,-0.5713,4,0.1000,1.0000,8,8,8,0,0,8,8,0.0000
4,100.0000,24,21,994.4535,-88.8907,-0.0373,3,0.0750,,0,6,6,0,0,6,6,0.0000
4,100.0000,24,22,1115.2278,-88.6866,0.5760,3,0.0750,1.0000,6,2,2,0,0,2,2,0.0000
4,100.0000,24,26,607.3321,-83.9838,-0.1674,15,0.3750,1.0000,8,8,8,0,0,8,8,0.0000
4,100.0000,24,27,810.1950,-87.5574,-0.1062,6,0.1500,1.0000,8,8,8,0,0,8,8,0.0000
4,100.0000,24,29,548.2017,-83.4986,-0.9204,20,0.5000,0.8571,7,8,7,0,0,8,7,0.1250
4,100.0000,24,30,951.1280,-89.2193,0.1028,5,0.1250,1.0000,6,4,4,0,0,4,4,0.0000
4,100.0000,24,31,233.9750,-78.0935,1.0328,29,0.7250,0.2000,5,5,1,0,0,5,1,0.8000
4,100.0000,24,33,501.0987,-83.5953,0.2742,17,0.4250,0.7143,7,7,6,0,0,7,6,0.1429
4,100.0000,24,34,219.7926,-77.9496,1.0257,31,0.7750,0.4286,7,4,0,0,0,4,0,1.0000
4,100.0000,24,36,412.1456,-83.3488,1.1684,16,0.4000,0.7143,7,5,2,0,0,5,2,0.6000
4,100.0000,24,37,819.6665,-87.5430,-0.1431,9,0.2250,0.8750,8,4,4,0,0,4,4,0.0000
4,100.0000,24,38,883.3428,-87.6194,0.1171,9,0.2250,1.0000,8,6,5,0,0,6,5,0.1667
4,100.0000,24,41,814.3037,-87.6508,0.3767,8,0.2000,1.0000,2,8,8,0,0,8,8,0.0000
4,100.0000,24,42,263.0086,-78.6223,0.1442,29,0.7250,0.4000,5,6,2,0,0,6,2,0.6667
4,100.0000,24,44,1015.6456,-89.0174,-0.5154,4,0.1000,1.0000,4,4,4,0,0,4,4,0.0000
4,100.0000,24,46,207.9734,-77.5426,1.0602,27,0.6750,0.5000,6,5,1,0,0,5,1,0.8000
4,100.0000,24,47,991.9080,-88.1766,-0.2157,5,0.1250,1.0000,6,8,8,0,0,8,8,0.0000
4,100.0000,25,1,1020.0437,-86.9267,0.0855,3,0.0750,1.0000,8,4,4,0,0,4,4,0.0000
4,100.0000,25,2,671.8705,-85.8944,0.0675,6,0.1500,1.0000,8,8,8,0,0,8,8,0.0000
4,100.0000,25,4,584.5400,-86.9004,0.1394,7,0.1750,0.8571,7,8,8,0,0,8,8,0.0000
4,100.0000,25,8,865.8822,-88.8101,-0.9783,3,0.0750,1.0000,7,8,8,0,0,8,8,0.0000
4,100.0000,25,9,436.6204,-80.6817,-0.8757,25,0.6250,0.6667,6,7,4,0,0,7,4,0.4286
4,100.0000,25,11,202.8532,-77.2501,0.4297,22,0.5500,0.0000,4,4,0,0,0,4,0,1.0000
4,100.0000,25,13,436.2570,-81.9545,-0.2418,10,0.2500,0.7143,7,8,8,0,0,8,8,0.0000
4,100.0000,25,15,789.0804,-88.9271,0.3236,4,0.1000,1.0000,8,8,8,0,0,8,8,0.0000
4,100.0000,25,17,389.0110,-82.0018,-0.0508,12,0.3000,0.8889,9,5,3,0,0,5,3,0.4000
4,100.0000,25,18,313.6392,-76.1406,-1.8616,29,0.7250,0.5000,6,6,4,0,0,6,4,0.3333
4,100.0000,25,21,566.9299,-85.1189,0.5465,8,0.2000,0.8571,7,7,6,0,0,7,6,0.1429
4,100.0000,25,27,584.5037,-85.7477,-0.0636,5,0.1250,1.0000,10,6,5,0,0,6,5,0.1667
4,100.0000,25,28,406.1744,-80.0180,-0.2039,14,0.3500,0.6667,6,7,5,0,0,7,5,0.2857
4,100.0000,25,30,721.9108,-85.9843,-0.5073,7,0.1750,1.0000,8,8,8,0,0,8,8,0.0000
4,100.0000,25,31,794.0951,-87.5114,-2.3884,3,0.0750,1.0000,6,5,3,0,0,5,3,0.4000
4,100.0000,25,32,410.2970,-81.5307,-0.2456,25,0.6250,0.4286,7,7,6,0,0,7,6,0.1429
4,100.0000,25,33,846.6182,-88.2188,-0.7598,3,0.0750,1.0000,8,8,8,0,0,8,8,0.0000
4,100.0000,25,34,846.4340,-88.0536,-0.6230,4,0.1000,1.0000,8,8,7,0,0,8,7,0.1250
4,100.0000,25,35,619.6800,-84.6569,-0.3509,16,0.4000,0.8571,7,7,6,0,0,7,6,0.1429
4,100.0000,25,36,610.3757,-87.2663,-0.2673,6,0.1500,0.8571,7,6,4,0,0,6,4,0.3333
4,100.0000,25,39,308.6597,-77.0581,-0.9728,32,0.8000,0.4286,7,5,2,0,0,5,2,0.6000
4,100.0000,25,40,318.9606,-79.6116,0.0705,18,0.4500,0.5714,7,6,2,0,0,6,2,0.6667
4,100.0000,25,44,479.2796,-82.9734,-0.0039,11,0.2750,0.7143,7,6,4,0,0,6,4,0.3333
4,100.0000,25,45,287.8125,-78.0384,-0.0048,25,0.6250,0.5000,6,8,6,0,0,8,6,0.2500
4,100.0000,26,0,335.1890,-80.1440,0.2035,29,0.7250,0.0000,4,4,0,0,0,4,0,1.0000
4,100.0000,26,3,447.9167,-82.2651,0.1450,27,0.6750,0.2000,5,7,6,0,0,7,6,0.1429
4,100.0000,26,5,725.0447,-85.6473,-0.0876,5,0.1250,1.0000,8,8,7,0,0,8,7,0.1250
4,100.0000,26,6,463.3682,-81.3439,-0.7711,25,0.6250,0.7143,7,8,6,0,0,8,6,0.2500
4,100.0000,26,7,343.2761,-81.8885,1.4045,30,0.7500,0.4000,5,4,0,0,0,4,0,1.0000
4,100.0000,26,10,447.0235,-83.8966,0.3167,21,0.5250,0.4000,5,6,3,0,0,6,3,0.5000
4,100.0000,26,12,504.4660,-84.5761,-1.1490,10,0.2500,1.0000,8,9,8,15,12,24,20,0.1667
4,100.0000,26,14,559.9905,-84.1629,-0.9684,9,0.2250,1.0000,8,8,8,47,44,55,52,0.0545
4,100.0000,26,15,823.9309,-86.3623,-0.4895,4,0.1000,1.0000,8,6,6,0,0,6,6,0.0000
4,100.0000,26,16,225.6473,-76.2042,0.4682,33,0.8250,0.5000,6,5,1,0,0,5,1,0.8000
4,100.0000,26,19,722.3962,-86.0986,0.2641,5,0.1250,0.8571,7,8,8,6,6,14,14,0.0000
4,100.0000,26,22,568.8953,-84.4797,-0.0820,18,0.4500,0.8750,8,7,6,0,0,7,6,0.1429
4,100.0000,26,23,437.7517,-83.7584,-0.6118,21,0.5250,0.8571,7,5,1,0,0,5,1,0.8000
4,100.0000,26,24,607.3321,-84.4674,-0.1949,8,0.2000,1.0000,8,8,8,0,0,8,8,0.0000
4,100.0000,26,29,238.1606,-78.1581,0.4823,29,0.7250,0.6250,8,4,0,0,0,4,0,1.0000
4,100.0000,26,33,865.6838,-87.4852,-1.5442,4,0.1000,0.8571,7,8,8,0,0,8,8,0.0000
4,100.0000,26,34,819.9859,-86.5014,-2.6343,3,0.0750,1.0000,7,8,8,0,0,8,8,0.0000
4,100.0000,26,37,346.8313,-78.8829,-1.0664,34,0.8500,0.2000,5,7,6,0,0,7,6,0.1429
4,100.0000,26,38,345.9208,-82.0277,0.5708,24,0.6000,0.6667,6,5,2,0,0,5,2,0.6000
4,100.0000,26,41,284.3270,-80.6433,0.6404,28,0.7000,0.5714,7,5,1,0,0,5,1,0.8000
4,100.0000,26,43,476.8406,-84.0079,-0.7008,17,0.4250,0.5000,6,8,7,0,0,8,7,0.1250
4,100.0000,26,46,758.6539,-86.4236,-1.2549,6,0.1500,1.0000,8,6,6,0,0,6,6,0.0000
4,100.0000,26,47,469.0040,-83.5627,-0.5530,23,0.5750,0.7143,7,6,4,0,0,6,4,0.3333
4,100.0000,27,1,506.7034,-83.5655,-0.5975,16,0.4000,0.4000,5,7,6,0,0,7,6,0.1429
4,100.0000,27,2,434.0369,-82.8310,-0.2897,25,0.6250,0.5714,7,6,3,0,0,6,3,0.5000
4,100.0000,27,4,215.0972,-77.5445,0.9230,30,0.7500,0.5000,4,5,1,0,0,5,1,0.8000
4,100.0000,27,5,676.3156,-86.0796,-0.7358,10,0.2500,0.8750,8,8,8,0,0,8,8,0.0000
4,100.0000,27,8,285.2343,-79.9049,0.1400,29,0.7250,0.6667,6,4,0,0,0,4,0,1.0000
4,100.0000,27,9,792.2936,-86.6652,-1.1567,13,0.3250,1.0000,10,8,7,0,0,8,7,0.1250
4,100.0000,27,11,443.7131,-82.3639,-1.4839,23,0.5750,1.0000,8,7,5,0,0,7,5,0.2857
4,100.0000,27,13,320.6686,-80.0121,-0.1810,28,0.7000,0.6250,8,6,4,0,0,6,4,0.3333
4,100.0000,27,14,873.8466,-87.7128,1.6126,3,0.0750,1.0000,2,8,8,0,0,8,8,0.0000
4,100.0000,27,15,649.2196,-86.0473,-0.9900,7,0.1750,1.0000,8,8,7,0,0,8,7,0.1250
4,100.0000,27,17,353.2029,-80.2838,0.1523,26,0.6500,0.8750,8,8,8,0,0,8,8,0.0000
4,100.0000,27,18,767.0359,-85.7911,-0.4542,11,0.2750,0.8571,7,6,6,0,0,6,6,0.0000
4,100.0000,27,19,559.2854,-83.9479,0.2186,9,0.2250,1.0000,8,8,8,0,0,8,8,0.0000
4,100.0000,27,20,442.0260,-82.3558,0.5075,26,0.6500,0.7143,7,7,6,0,0,7,6,0.1429
4,100.0000,27,21,216.3686,-75.5038,0.0597,37,0.9250,0.0000,4,5,1,0,0,5,1,0.8000
4,100.0000,27,24,810.1950,-87.0400,0.0487,7,0.1750,1.0000,6,7,6,0,0,7,6,0.1429
4,100.0000,27,25,584.5037,-84.7563,-0.2100,18,0.4500,0.6667,6,7,6,0,0,7,6,0.1429
4,100.0000,27,28,386.2589,-80.2894,-0.6669,24,0.6000,0.0000,4,6,4,0,0,6,4,0.3333
4,100.0000,27,30,218.0514,-76.1243,0.3991,33,0.8250,0.3333,6,5,2,0,0,5,2,0.6000
4,100.0000,27,31,662.8616,-86.4626,-0.9820,8,0.2000,0.6667,6,7,6,0,0,7,6,0.1429
4,100.0000,27,32,701.2080,-87.2150,0.2261,11,0.2750,0.8571,7,8,8,0,0,8,8,0.0000
4,100.0000,27,33,387.7625,-83.3476,0.7183,12,0.3000,0.8750,8,6,4,0,0,6,4,0.3333
4,100.0000,27,34,751.0759,-87.1793,-0.1368,4,0.1000,1.0000,8,7,6,0,0,7,6,0.1429
4,100.0000,27,35,794.3353,-86.6705,-0.1199,12,0.3000,1.0000,6,10,10,0,0,10,10,0.0000
4,100.0000,27,36,534.9728,-84.8946,-0.2981,11,0.2750,0.7143,7,8,8,0,0,8,8,0.0000
4,100.0000,27,39,819.3596,-87.1303,-0.0750,7,0.1750,1.0000,8,2,2,0,0,2,2,0.0000
4,100.0000,27,40,474.8114,-82.0481,-0.2552,24,0.6000,0.6667,6,7,6,0,0,7,6,0.1429
4,100.0000,27,42,635.1207,-86.9864,-1.1893,10,0.2500,0.8571,7,8,8,0,0,8,8,0.0000
4,100.0000,27,44,288.4442,-75.8723,-1.2430,32,0.8000,0.4286,7,4,1,0,0,4,1,0.7500
4,100.0000,27,45,477.1366,-83.8805,-0.7891,19,0.4750,0.7143,7,6,3,0,0,6,3,0.5000
4,100.0000,27,46,611.3974,-86.2277,0.2844,8,0.2000,0.6667,6,7,5,0,0,7,5,0.2857
4,100.0000,28,1,749.8114,-85.9768,-1.2182,8,0.2000,1.0000,8,8,8,0,0,8,8,0.0000
4,100.0000,28,2,314.0718,-80.9866,1.2866,24,0.6000,0.5000,6,6,2,0,0,6,2,0.6667
4,100.0000,28,4,532.8346,-84.2929,-0.4677,10,0.2500,0.8571,7,8,8,0,0,8,8,0.0000
4,100.0000,28,8,644.9210,-87.4592,-0.7751,4,0.1000,1.0000,8,8,8,0,0,8,8,0.0000
4,100.0000,28,9,504.9822,-83.7290,0.4283,21,0.5250,0.8750,8,7,6,0,0,7,6,0.1429
4,100.0000,28,11,257.6824,-75.9358,-0.6745,33,0.8250,0.4000,5,5,2,0,0,5,2,0.6000
4,100.0000,28,13,412.9767,-80.3243,-0.4091,22,0.5500,0.8571,7,7,5,0,0,7,5,0.2857
4,100.0000,28,15,885.9329,-87.7426,0.5802,4,0.1000,1.0000,8,8,8,0,0,8,8,0.0000
4,100.0000,28,17,479.9652,-82.5516,-0.4469,16,0.4000,0.8571,7,7,6,0,0,7,6,0.1429
4,100.0000,28,18,434.2573,-82.3856,-0.8246,25,0.6250,0.8571,7,8,7,0,0,8,7,0.1250
4,100.0000,28,19,866.4487,-87.2281,-0.3758,4,0.1000,1.0000,8,8,8,0,0,8,8,0.0000
4,100.0000,28,20,683.6406,-84.9552,-0.1592,10,0.2500,0.8571,7,8,7,0,0,8,7,0.1250
4,100.0000,28,21,340.4975,-79.4428,-0.1578,27,0.6750,0.2000,5,6,3,0,0,6,3,0.5000
4,100.0000,28,25,406.1744,-80.4646,-0.0807,27,0.6750,0.4000,5,6,4,0,0,6,4,0.3333
4,100.0000,28,27,386.2589,-79.5931,-0.9543,22,0.5500,0.7143,7,7,6,0,0,7,6,0.1429
4,100.0000,28,30,404.4399,-82.4275,0.5978,17,0.4250,0.6667,6,8,7,0,0,8,7,0.1250
4,100.0000,28,31,911.1591,-87.1433,0.6769,3,0.0750,1.0000,8,8,8,0,0,8,8,0.0000
4,100.0000,28,32,366.9035,-82.5691,0.5767,28,0.7000,0.7143,7,5,1,0,0,5,1,0.8000
4,100.0000,28,33,750.6924,-86.7139,-1.4533,4,0.1000,1.0000,8,8,8,0,0,8,8,0.0000
4,100.0000,28,34,988.9209,-88.1050,-1.3211,4,0.1000,1.0000,8,8,8,0,0,8,8,0.0000
4,100.0000,28,35,413.4900,-82.8213,0.6053,27,0.6750,0.6667,6,7,5,2,1,9,6,0.3333
4,100.0000,28,36,720.0606,-85.8277,-1.3528,7,0.1750,1.0000,8,8,8,0,0,8,8,0.0000
4,100.0000,28,39,543.2261,-83.5221,-0.2880,25,0.6250,0.3333,6,6,4,0,0,6,4,0.3333
4,100.0000,28,40,508.0540,-82.8165,-0.7536,21,0.5250,0.8571,7,8,6,0,0,8,6,0.2500
4,100.0000,28,42,954.8744,-88.2913,1.7713,4,0.1000,1.0000,8,6,6,0,0,6,6,0.0000
4,100.0000,28,44,125.6891,-72.1976,0.4264,31,0.7750,0.2000,5,4,0,0,0,4,0,1.0000
4,100.0000,28,45,334.4560,-80.3445,0.2061,27,0.6750,0.6667,6,7,6,0,0,7,6,0.1429
4,100.0000,28,46,885.0007,-87.4196,0.5075,5,0.1250,1.0000,6,8,8,0,0,8,8,0.0000
4,100.0000,29,0,536.2776,-83.8967,-0.4712,16,0.4103,0.5000,6,6,3,0,0,6,3,0.5000
4,100.0000,29,3,664.5692,-86.9282,-0.0124,12,0.3077,1.0000,8,8,8,0,0,8,8,0.0000
4,100.0000,29,5,849.0600,-86.2057,1.8956,5,0.1282,1.0000,8,8,8,0,0,8,8,0.0000
4,100.0000,29,6,643.0920,-85.1822,-0.4330,13,0.3333,1.0000,8,7,5,0,0,7,5,0.2857
4,100.0000,29,7,240.6938,-79.4540,0.6527,28,0.7179,0.2000,5,5,1,0,0,5,1,0.8000
4,100.0000,29,10,323.2319,-80.5188,0.1282,28,0.7179,0.2000,5,5,1,0,0,5,1,0.8000
4,100.0000,29,12,437.5606,-82.6877,0.1068,15,0.3846,0.6667,6,8,7,0,0,8,7,0.1250
4,100.0000,29,14,481.9151,-83.2375,-0.6556,16,0.4103,0.7143,7,7,6,0,0,7,6,0.1429
4,100.0000,29,15,768.9594,-86.2785,0.2094,8,0.2051,1.0000,8,8,8,0,0,8,8,0.0000
4,100.0000,29,16,358.6253,-80.8252,0.1796,22,0.5641,0.6250,8,5,1,0,0,5,1,0.8000
4,100.0000,29,19,757.1230,-84.9727,-2.7342,4,0.1026,0.8571,7,8,8,0,0,8,8,0.0000
4,100.0000,29,22,785.4672,-87.8327,0.3030,11,0.2821,1.0000,8,10,10,0,0,10,10,0.0000
4,100.0000,29,23,599.0863,-86.1442,-0.0952,13,0.3333,1.0000,8,6,4,0,0,6,4,0.3333
4,100.0000,29,24,548.2017,-83.4323,-1.4412,14,0.3590,0.8571,7,8,8,0,0,8,8,0.0000
4,100.0000,29,26,238.1606,-78.0254,0.8084,26,0.6667,0.0000,4,6,3,0,0,6,3,0.5000
4,100.0000,29,31,779.8068,-86.8444,-0.8424,9,0.2308,0.8571,7,8,8,0,0,8,8,0.0000
4,100.0000,29,34,743.8601,-87.9361,0.6672,5,0.1282,0.8571,7,8,8,0,0,8,8,0.0000
4,100.0000,29,36,948.2295,-87.5519,0.0110,3,0.0769,0.9091,11,6,6,0,0,6,6,0.0000
4,100.0000,29,37,549.5536,-83.7347,0.3469,19,0.4872,0.6667,6,8,8,0,0,8,8,0.0000
4,100.0000,29,38,373.4566,-82.2241,1.1549,23,0.5897,0.8571,7,5,1,0,0,5,1,0.8000
4,100.0000,29,41,361.9922,-81.6302,0.4235,23,0.5897,0.0000,4,7,6,0,0,7,6,0.1429
4,100.0000,29,42,745.4129,-85.6798,-1.2152,6,0.1538,0.8571,7,8,8,0,0,8,8,0.0000
4,100.0000,29,43,566.9507,-84.9905,0.8856,20,0.5128,0.8571,7,8,8,0,0,8,8,0.0000
4,100.0000,29,46,732.9440,-85.8452,-0.3580,8,0.2051,0.8750,8,6,6,0,0,6,6,0.0000
4,100.0000,29,47,465.8604,-83.5064,-0.6454,24,0.6154,0.8750,8,8,7,0,0,8,7,0.1250
4,100.0000,30,1,387.3712,-79.7094,-0.5299,23,0.5750,0.5000,6,7,5,0,0,7,5,0.2857
4,100.0000,30,2,369.0938,-80.8485,1.2067,21,0.5250,0.4286,7,5,2,0,0,5,2,0.6000
4,100.0000,30,4,426.0232,-82.9277,-0.1315,12,0.3000,1.0000,8,7,6,0,0,7,6,0.1429
4,100.0000,30,5,666.2903,-83.9711,-1.2423,11,0.2750,1.0000,8,8,7,0,0,8,7,0.1250
4,100.0000,30,8,290.3556,-77.4843,-0.6843,32,0.8000,0.4000,5,6,4,0,0,6,4,0.3333
4,100.0000,30,9,869.9976,-86.8692,-1.5817,5,0.1250,1.0000,2,8,8,0,0,8,8,0.0000
4,100.0000,30,11,549.6850,-85.5141,-0.5720,8,0.2000,0.6667,6,8,6,0,0,8,6,0.2500
4,100.0000,30,13,451.4056,-82.0756,-0.0572,14,0.3500,0.7500,8,7,6,0,0,7,6,0.1429
4,100.0000,30,17,562.1032,-83.9027,0.4274,10,0.2500,0.8750,8,8,7,0,0,8,7,0.1250
4,100.0000,30,18,835.1133,-87.0207,0.0268,3,0.0750,1.0000,8,6,6,0,0,6,6,0.0000
4,100.0000,30,19,643.2981,-85.1435,0.8990,5,0.1250,1.0000,8,7,5,0,0,7,5,0.2857
4,100.0000,30,20,288.1354,-76.8524,-0.4561,33,0.8250,0.0000,4,8,5,0,0,8,5,0.3750
4,100.0000,30,21,306.3205,-80.8632,0.7548,16,0.4000,0.5000,6,6,2,0,0,6,2,0.6667
4,100.0000,30,25,721.9108,-86.7156,0.0969,5,0.1250,1.0000,8,8,8,0,0,8,8,0.0000
4,100.0000,30,27,218.0514,-76.2878,0.5243,25,0.6250,0.2000,5,8,5,0,0,8,5,0.3750
4,100.0000,30,28,404.4399,-83.2291,-1.3219,12,0.3000,0.4000,5,7,3,0,0,7,3,0.5714
4,100.0000,30,31,835.7028,-87.1438,-1.3863,6,0.1500,0.8333,6,8,8,0,0,8,8,0.0000
4,100.0000,30,32,749.2089,-87.3084,-0.4643,5,0.1250,1.0000,8,7,6,0,0,7,6,0.1429
4,100.0000,30,33,493.2584,-83.3208,-1.1929,9,0.2250,1.0000,8,7,4,0,0,7,4,0.4286
4,100.0000,30,35,755.1410,-88.0059,-0.1041,9,0.2250,1.0000,2,7,6,0,0,7,6,0.1429
4,100.0000,30,36,700.2789,-86.8299,-0.5817,6,0.1500,0.7143,7,8,8,0,0,8,8,0.0000
4,100.0000,30,39,924.0777,-87.5310,-0.0231,6,0.1500,0.8571,7,6,6,0,0,6,6,0.0000
4,100.0000,30,40,671.1966,-85.6062,1.1604,6,0.1500,0.8571,7,8,8,0,0,8,8,0.0000
4,100.0000,30,44,284.5301,-78.6945,0.0207,22,0.5500,0.5000,6,6,3,0,0,6,3,0.5000
4,100.0000,30,45,607.8816,-86.3755,0.0333,6,0.1500,0.8571,7,7,6,0,0,7,6,0.1429
4,100.0000,30,46,754.4572,-87.3936,-0.8858,5,0.1250,1.0000,8,8,8,0,0,8,8,0.0000
4,100.0000,31,1,855.5070,-86.7944,-0.4814,5,0.1250,1.0000,8,6,6,0,0,6,6,0.0000
4,100.0000,31,4,508.5089,-82.2800,-0.6684,16,0.4000,1.0000,8,7,6,134,132,141,138,0.0213
4,100.0000,31,5,710.4956,-83.9395,-0.3017,10,0.2500,0.8000,5,8,8,0,0,8,8,0.0000
4,100.0000,31,8,721.3532,-86.8064,0.0532,7,0.1750,0.8000,5,8,8,0,0,8,8,0.0000
4,100.0000,31,10,1014.2559,-88.8070,-0.5235,3,0.0750,1.0000,6,6,6,0,0,6,6,0.0000
4,100.0000,31,11,751.5156,-86.1809,0.1704,9,0.2250,0.8000,5,6,6,0,0,6,6,0.0000
4,100.0000,31,12,382.5629,-79.9168,0.3898,18,0.4500,0.5714,7,6,5,0,0,6,5,0.1667
4,100.0000,31,13,522.5847,-83.6156,0.9341,12,0.3000,0.8571,7,8,8,0,0,8,8,0.0000
4,100.0000,31,14,317.0650,-80.1378,0.0458,23,0.5750,0.6667,6,5,2,0,0,5,2,0.6000
4,100.0000,31,15,100.0832,-68.8214,0.6934,37,0.9250,0.0000,4,4,0,0,0,4,0,1.0000
4,100.0000,31,16,1054.5343,-88.8012,-0.3417,3,0.0750,1.0000,4,8,8,0,0,8,8,0.0000
4,100.0000,31,17,568.8013,-84.9246,-0.0579,9,0.2250,0.9726,73,7,6,10,10,17,16,0.0588
4,100.0000,31,19,387.0546,-78.6912,-1.3389,25,0.6250,0.7778,9,7,6,0,0,7,6,0.1429
4,100.0000,31,21,826.4067,-87.3548,-0.6305,7,0.1750,1.0000,6,6,6,0,0,6,6,0.0000
4,100.0000,31,24,233.9750,-78.0686,0.1521,25,0.6250,0.3333,6,5,1,0,0,5,1,0.8000
4,100.0000,31,25,794.0951,-86.9018,-2.3864,3,0.0750,1.0000,6,4,4,0,0,4,4,0.0000
4,100.0000,31,26,833.4093,-87.5068,0.0597,4,0.1000,1.0000,4,8,8,0,0,8,8,0.0000
4,100.0000,31,27,662.8616,-86.3789,0.1649,9,0.2250,0.8571,7,8,7,0,0,8,7,0.1250
4,100.0000,31,28,911.1591,-87.3075,-0.3864,5,0.1250,0.8571,7,8,8,0,0,8,8,0.0000
4,100.0000,31,29,779.8068,-87.1679,0.7038,4,0.1000,0.8571,7,8,8,0,0,8,8,0.0000
4,100.0000,31,30,835.7028,-85.3930,-0.4219,5,0.1250,1.0000,8,6,6,0,0,6,6,0.0000
4,100.0000,31,33,449.7232,-81.9569,-0.5270,16,0.4000,0.5000,8,7,6,0,0,7,6,0.1429
4,100.0000,31,34,89.7667,-70.0161,1.0648,35,0.8750,0.1522,46,4,0,0,0,4,0,1.0000
4,100.0000,31,36,222.8965,-76.3895,0.5560,33,0.8250,0.1667,6,7,4,0,0,7,4,0.4286
4,100.0000,31,40,652.6019,-86.8538,-0.1819,9,0.2250,1.0000,8,8,8,0,0,8,8,0.0000
4,100.0000,31,42,219.9235,-76.1170,0.3822,31,0.7750,0.2000,5,6,2,0,0,6,2,0.6667
4,100.0000,31,44,851.6794,-86.1382,-1.0600,8,0.2000,1.0000,8,6,6,0,0,6,6,0.0000
4,100.0000,31,45,871.2863,-87.0685,0.1780,5,0.1250,1.0000,4,4,3,0,0,4,3,0.2500
4,100.0000,31,46,159.1424,-74.2980,1.2158,33,0.8250,0.2000,5,5,1,0,0,5,1,0.8000
4,100.0000,32,2,502.1321,-84.4200,0.9796,13,0.3250,0.8571,7,7,6,0,0,7,6,0.1429
4,100.0000,32,4,787.7366,-86.9276,-0.6630,3,0.0750,0.8571,7,8,8,0,0,8,8,0.0000
4,100.0000,32,8,967.3226,-86.7807,0.3532,4,0.1000,1.0000,2,6,5,0,0,6,5,0.1667
4,100.0000,32,9,167.8807,-73.6699,-0.3071,34,0.8500,0.2000,5,4,0,0,0,4,0,1.0000
4,100.0000,32,11,434.5821,-83.0880,0.9236,15,0.3750,0.8750,8,8,8,0,0,8,8,0.0000
4,100.0000,32,13,701.7952,-86.2217,0.2837,5,0.1250,1.0000,8,7,6,0,0,7,6,0.1429
4,100.0000,32,17,636.2979,-85.9673,0.3797,10,0.2500,0.8571,7,8,8,0,0,8,8,0.0000
4,100.0000,32,18,235.4063,-78.2308,0.3050,33,0.8250,0.7143,7,6,3,0,0,6,3,0.5000
4,100.0000,32,21,575.8053,-84.6858,-0.6943,12,0.3000,0.8571,7,8,7,0,0,8,7,0.1250
4,100.0000,32,25,410.2970,-81.3983,0.2611,27,0.6750,0.5714,7,6,4,0,0,6,4,0.3333
4,100.0000,32,27,701.2080,-87.0313,-1.2099,4,0.1000,0.8750,8,8,8,0,0,8,8,0.0000
4,100.0000,32,28,366.9035,-82.0530,1.0195,15,0.3750,0.8571,7,7,4,0,0,7,4,0.4286
4,100.0000,32,30,749.2089,-87.7930,-0.6620,4,0.1000,1.0000,8,8,8,0,0,8,8,0.0000
4,100.0000,32,35,346.6899,-80.7089,-0.4994,36,0.9000,0.4000,5,7,4,0,0,7,4,0.4286
4,100.0000,32,39,290.2335,-78.1986,-0.2079,33,0.8250,0.3333,6,7,3,0,0,7,3,0.5714
4,100.0000,32,40,578.0136,-84.3203,-0.1819,10,0.2500,1.0000,8,7,6,0,0,7,6,0.1429
4,100.0000,32,44,489.8816,-85.1016,0.6241,13,0.3250,0.8571,7,7,5,0,0,7,5,0.2857
4,100.0000,32,45,329.9760,-80.4289,-0.3544,29,0.7250,0.5000,6,7,5,0,0,7,5,0.2857
4,100.0000,33,1,463.7455,-83.0361,0.0306,15,0.3750,1.0000,6,8,8,0,0,8,8,0.0000
4,100.0000,33,2,808.3052,-87.3424,0.5309,5,0.1250,1.0000,2,6,6,0,0,6,6,0.0000
4,100.0000,33,3,799.7348,-87.4355,0.8467,4,0.1000,,0,8,8,0,0,8,8,0.0000
4,100.0000,33,4,324.8330,-79.7259,-0.1617,15,0.3750,0.2000,5,6,4,0,0,6,4,0.3333
4,100.0000,33,5,379.0500,-80.9183,0.0283,20,0.5000,0.8571,7,7,5,0,0,7,5,0.2857
4,100.0000,33,6,961.2317,-87.8484,-0.7880,5,0.1250,1.0000,6,4,4,0,0,4,4,0.0000
4,100.0000,33,8,295.6077,-81.5166,1.7251,20,0.5000,0.7143,7,6,4,0,0,6,4,0.3333
4,100.0000,33,11,724.6103,-86.5843,0.1867,6,0.1500,1.0000,4,8,8,0,0,8,8,0.0000
4,100.0000,33,12,624.5280,-83.2298,-0.8066,11,0.2750,0.8750,8,6,6,0,0,6,6,0.0000
4,100.0000,33,13,468.1101,-83.7287,0.7828,13,0.3250,0.6250,8,6,3,0,0,6,3,0.5000
4,100.0000,33,14,559.6146,-83.3095,-0.3654,12,0.3000,0.8571,7,3,2,0,0,3,2,0.3333
4,100.0000,33,15,435.9281,-81.7589,-0.3057,14,0.3500,0.8571,7,8,8,0,0,8,8,0.0000
4,100.0000,33,16,1081.1068,-88.4842,0.9904,3,0.0750,,0,4,4,0,0,4,4,0.0000
4,100.0000,33,17,546.3839,-83.8945,0.1783,7,0.1750,1.0000,8,7,6,0,0,7,6,0.1429
4,100.0000,33,19,236.1699,-77.3117,-0.2192,26,0.6500,0.5714,7,5,2,0,0,5,2,0.6000
4,100.0000,33,20,491.2903,-84.1885,-0.0921,14,0.3500,0.8571,7,7,5,0,0,7,5,0.2857
4,100.0000,33,21,578.2047,-86.5073,-0.4478,5,0.1250,0.8750,8,8,6,0,0,8,6,0.2500
4,100.0000,33,24,501.0987,-83.4080,0.5305,13,0.3250,1.0000,8,7,6,0,0,7,6,0.1429
4,100.0000,33,25,846.6182,-88.2086,-0.3076,5,0.1250,1.0000,8,4,4,0,0,4,4,0.0000
4,100.0000,33,26,865.6838,-87.9174,-0.4953,6,0.1500,1.0000,8,4,4,0,0,4,4,0.0000
4,100.0000,33,27,387.7625,-82.3893,-0.2978,12,0.3000,0.6667,6,7,3,0,0,7,3,0.5714
4,100.0000,33,28,750.6924,-87.8728,0.1688,6,0.1500,1.0000,8,8,8,0,0,8,8,0.0000
4,100.0000,33,29,929.8557,-88.2406,0.0606,4,0.1000,1.0000,4,2,2,0,0,2,2,0.0000
4,100.0000,33,30,493.2584,-82.6818,0.4535,12,0.3000,0.8571,7,8,8,0,0,8,8,0.0000
4,100.0000,33,31,449.7232,-81.2483,-0.1834,20,0.5000,0.8000,5,8,8,0,0,8,8,0.0000
4,100.0000,33,34,533.0891,-83.0044,-0.7899,12,0.3000,1.0000,8,9,7,0,0,9,7,0.2222
4,100.0000,33,36,442.2231,-83.4000,0.6453,8,0.2000,0.7143,7,8,8,0,0,8,8,0.0000
4,100.0000,33,37,910.2454,-87.4685,0.2513,5,0.1250,1.0000,6,2,2,0,0,2,2,0.0000
4,100.0000,33,40,684.7202,-83.8296,1.7635,4,0.1000,0.8750,8,8,8,0,0,8,8,0.0000
4,100.0000,33,42,341.2527,-79.5029,0.4215,23,0.5750,0.6667,6,8,8,0,0,8,8,0.0000
4,100.0000,33,44,646.9278,-85.4334,-0.2908,6,0.1500,1.0000,8,8,8,0,0,8,8,0.0000
4,100.0000,33,45,805.4705,-87.7407,-0.2147,4,0.1000,1.0000,8,4,4,0,0,4,4,0.0000
4,100.0000,33,46,345.8327,-79.2518,-1.0913,22,0.5500,0.2000,5,8,7,0,0,8,7,0.1250
4,100.0000,34,4,592.6852,-84.2492,0.0295,10,0.2564,0.8571,7,7,6,0,0,7,6,0.1429
4,100.0000,34,5,773.9319,-86.4509,-0.2215,5,0.1282,1.0000,8,8,8,0,0,8,8,0.0000
4,100.0000,34,6,1114.2172,-89.1136,-0.4855,4,0.1026,1.0000,8,6,6,0,0,6,6,0.0000
4,100.0000,34,7,966.4669,-87.2373,0.4546,3,0.0769,1.0000,4,4,4,0,0,4,4,0.0000
4,100.0000,34,8,808.8670,-87.4185,-0.1891,4,0.1026,0.8750,8,4,4,0,0,4,4,0.0000
4,100.0000,34,10,962.8196,-88.3785,-0.2856,5,0.1282,1.0000,4,4,4,0,0,4,4,0.0000
4,100.0000,34,11,817.1014,-86.6385,0.9902,5,0.1282,1.0000,8,8,8,0,0,8,8,0.0000
4,100.0000,34,12,345.4492,-80.6198,-0.0456,21,0.5385,0.8571,7,6,2,0,0,6,2,0.6667
4,100.0000,34,13,598.5825,-83.7719,0.5323,7,0.1795,0.9872,78,7,6,0,0,7,6,0.1429
4,100.0000,34,14,296.6299,-80.7382,0.3262,17,0.4359,0.4000,5,5,2,0,0,5,2,0.6000
4,100.0000,34,15,152.2850,-73.3713,0.2160,31,0.7949,0.2000,5,5,1,0,0,5,1,0.8000
4,100.0000,34,17,637.2172,-85.6922,-0.2106,9,0.2308,0.8750,8,8,8,0,0,8,8,0.0000
4,100.0000,34,18,1149.3151,-87.8164,1.2617,3,0.0769,1.0000,8,2,2,0,0,2,2,0.0000
4,100.0000,34,19,453.5504,-82.1799,-0.6788,14,0.3590,0.7143,7,7,6,0,0,7,6,0.1429
4,100.0000,34,24,219.7926,-77.5119,0.7882,28,0.7179,0.2000,5,4,0,0,0,4,0,1.0000
4,100.0000,34,25,846.4340,-86.4753,0.8525,4,0.1026,1.0000,8,4,4,0,0,4,4,0.0000
4,100.0000,34,26,819.9859,-86.5297,0.8979,6,0.1538,1.0000,2,8,8,0,0,8,8,0.0000
4,100.0000,34,27,751.0759,-85.8895,-1.0618,5,0.1282,0.8750,8,8,7,0,0,8,7,0.1250
4,100.0000,34,28,988.9209,-87.6216,-1.1153,4,0.1026,1.0000,8,2,2,0,0,2,2,0.0000
4,100.0000,34,29,743.8601,-86.9011,0.2591,6,0.1538,1.0000,8,8,8,0,0,8,8,0.0000
4,100.0000,34,31,89.7667,-69.2222,0.8795,28,0.7179,0.2000,5,4,0,0,0,4,0,1.0000
4,100.0000,34,33,533.0891,-83.6050,0.3094,13,0.3333,0.8889,9,8,8,0,0,8,8,0.0000
4,100.0000,34,36,286.4367,-76.8954,-0.3802,31,0.7949,0.2000,5,7,5,0,0,7,5,0.2857
4,100.0000,34,40,709.6818,-85.8928,0.7918,5,0.1282,0.8750,8,8,7,0,0,8,7,0.1250
4,100.0000,34,42,268.6846,-79.9575,0.3901,23,0.5897,0.5000,6,6,2,0,0,6,2,0.6667
4,100.0000,34,44,933.9231,-87.4572,-0.7366,7,0.1795,1.0000,8,2,2,8,8,10,10,0.0000
4,100.0000,34,46,223.9562,-78.5381,1.1714,25,0.6410,0.6667,6,6,2,0,0,6,2,0.6667
4,100.0000,35,2,541.9038,-83.9248,-0.0270,8,0.2000,1.0000,10,8,8,0,0,8,8,0.0000
4,100.0000,35,9,499.6459,-83.6750,0.4357,17,0.4250,0.4000,5,8,6,0,0,8,6,0.2500
4,100.0000,35,11,547.2804,-84.8394,-0.1612,9,0.2250,0.8571,7,7,5,0,0,7,5,0.2857
4,100.0000,35,13,775.1646,-85.8099,0.6193,5,0.1250,0.8571,7,8,8,0,0,8,8,0.0000
4,100.0000,35,18,392.0380,-80.6980,-0.7695,20,0.5000,0.6667,6,6,4,0,0,6,4,0.3333
4,100.0000,35,21,716.9077,-85.4010,-0.3348,3,0.0750,0.8571,7,8,8,0,0,8,8,0.0000
4,100.0000,35,25,619.6800,-83.9545,-0.1342,12,0.3000,0.5000,6,8,7,0,0,8,7,0.1250
4,100.0000,35,28,413.4900,-82.1496,0.5035,12,0.3000,0.8571,7,8,7,0,0,8,7,0.1250
4,100.0000,35,32,346.6899,-80.5544,-0.0167,22,0.5500,0.7500,8,6,4,0,0,6,4,0.3333
4,100.0000,35,39,560.3824,-84.0092,-0.1564,14,0.3500,0.5714,7,7,6,0,0,7,6,0.1429
4,100.0000,35,40,837.6331,-88.5548,0.1454,3,0.0750,0.8571,7,5,4,0,0,5,4,0.2000
4,100.0000,35,44,511.1059,-84.2945,-1.0681,7,0.1750,1.0000,8,8,8,2,2,10,10,0.0000
4,100.0000,35,45,607.4986,-84.4697,-0.3829,9,0.2250,0.7143,7,8,8,0,0,8,8,0.0000
4,100.0000,36,1,769.1062,-88.2337,0.0535,4,0.1000,0.8571,7,8,8,0,0,8,8,0.0000
4,100.0000,36,4,429.0312,-81.2872,-0.4146,15,0.3750,1.0000,8,8,6,0,0,8,6,0.2500
4,100.0000,36,5,721.9578,-85.5849,-0.3710,4,0.1000,1.0000,8,8,8,0,0,8,8,0.0000
4,100.0000,36,11,546.7154,-84.1225,0.6170,9,0.2250,0.7143,7,8,7,0,0,8,7,0.1250
4,100.0000,36,12,589.7115,-83.1232,-0.2086,16,0.4000,0.7143,7,5,3,0,0,5,3,0.4000
4,100.0000,36,13,318.7617,-80.5770,0.0083,16,0.4000,0.6000,10,6,3,0,0,6,3,0.5000
4,100.0000,36,14,466.8103,-83.5913,1.8023,15,0.3750,0.8571,7,7,5,0,0,7,5,0.2857
4,100.0000,36,15,182.8531,-77.3334,1.3258,31,0.7750,0.3333,6,5,1,0,0,5,1,0.8000
4,100.0000,36,17,455.7091,-83.2145,-0.8177,8,0.2000,0.8571,7,8,8,0,0,8,8,0.0000
4,100.0000,36,19,397.5844,-80.6882,0.3448,17,0.4250,0.8750,8,8,8,0,0,8,8,0.0000
4,100.0000,36,20,818.2732,-86.1726,-0.3077,3,0.0750,1.0000,8,8,7,0,0,8,7,0.1250
4,100.0000,36,21,700.6591,-87.7098,0.7145,4,0.1000,1.0000,8,8,7,0,0,8,7,0.1250
4,100.0000,36,24,412.1456,-81.8555,0.6581,20,0.5000,0.8750,8,8,7,0,0,8,7,0.1250
4,100.0000,36,25,610.3757,-86.6907,-0.3252,6,0.1500,0.7143,7,7,6,0,0,7,6,0.1429
4,100.0000,36,27,534.9728,-83.8972,1.2701,8,0.2000,0.8571,7,7,5,0,0,7,5,0.2857
4,100.0000,36,28,720.0606,-85.8436,0.6813,9,0.2250,0.8571,7,7,6,0,0,7,6,0.1429
4,100.0000,36,29,948.2295,-87.9013,0.7656,3,0.0750,1.0000,8,4,4,0,0,4,4,0.0000
4,100.0000,36,30,700.2789,-87.0414,-0.2066,4,0.1000,1.0000,8,9,7,0,0,9,7,0.2222
4,100.0000,36,31,222.8965,-76.4512,0.3332,30,0.7500,0.5000,6,4,0,0,0,4,0,1.0000
4,100.0000,36,32,962.3171,-88.2047,0.5962,4,0.1000,,0,6,6,0,0,6,6,0.0000
4,100.0000,36,33,442.2231,-82.5314,0.9898,11,0.2750,0.8571,7,6,4,0,0,6,4,0.3333
4,100.0000,36,34,286.4367,-77.5237,-1.0693,33,0.8250,0.4000,5,5,2,0,0,5,2,0.6000
4,100.0000,36,40,537.0303,-83.4842,-0.2786,9,0.2250,0.7143,7,8,8,0,0,8,8,0.0000
4,100.0000,36,42,381.6567,-82.1479,1.0112,17,0.4250,0.6667,6,7,4,0,0,7,4,0.4286
4,100.0000,36,44,668.2653,-86.7808,1.0445,8,0.2000,0.5000,6,8,7,0,0,8,7,0.1250
4,100.0000,36,45,718.1810,-86.0865,1.4037,3,0.0750,1.0000,4,6,6,0,0,6,6,0.0000
4,100.0000,36,46,241.0523,-79.7008,1.0041,25,0.6250,0.8571,7,4,0,0,0,4,0,1.0000
4,100.0000,37,0,302.5699,-77.9466,-0.6079,31,0.7750,0.5000,6,6,4,0,0,6,4,0.3333
4,100.0000,37,3,190.8477,-76.8353,0.9726,37,0.9250,0.0000,4,4,0,0,0,4,0,1.0000
4,100.0000,37,5,632.9187,-85.4215,-0.4150,6,0.1500,0.9000,10,6,5,0,0,6,5,0.1667
4,100.0000,37,6,132.6975,-71.3741,0.3226,36,0.9000,0.0000,5,5,1,0,0,5,1,0.8000
4,100.0000,37,7,617.3578,-85.3590,0.1643,18,0.4500,0.8571,7,7,6,0,0,7,6,0.1429
4,100.0000,37,10,754.8859,-86.2110,-0.6068,11,0.2750,0.8889,9,8,8,0,0,8,8,0.0000
4,100.0000,37,12,776.6646,-85.6456,-1.6221,6,0.1500,1.0000,8,6,6,0,0,6,6,0.0000
4,100.0000,37,14,771.4562,-87.4032,-0.8820,3,0.0750,0.8571,7,8,8,0,0,8,8,0.0000
4,100.0000,37,16,376.1297,-80.6892,-0.5443,25,0.6250,0.5714,7,6,3,0,0,6,3,0.5000
4,100.0000,37,19,780.5623,-86.7684,3.4423,3,0.0750,1.0000,8,8,8,0,0,8,8,0.0000
4,100.0000,37,22,444.6791,-83.3030,0.0716,23,0.5750,0.4000,5,6,4,0,0,6,4,0.3333
4,100.0000,37,23,544.4644,-84.0376,-0.3240,25,0.6250,1.0000,8,8,8,0,0,8,8,0.0000
4,100.0000,37,24,819.6665,-85.4764,-0.3652,3,0.0750,1.0000,8,8,8,0,0,8,8,0.0000
4,100.0000,37,26,346.8313,-78.6712,-0.5253,26,0.6500,0.5000,6,8,7,22,16,30,23,0.2333
4,100.0000,37,29,549.5536,-83.6302,-0.4583,17,0.4250,0.8750,8,8,8,0,0,8,8,0.0000
4,100.0000,37,38,566.7154,-84.6081,-0.8105,19,0.4750,0.8571,7,8,7,0,0,8,7,0.1250
4,100.0000,37,41,530.2113,-83.4385,-1.0634,18,0.4500,0.5000,6,7,5,0,0,7,5,0.2857
4,100.0000,37,42,914.3668,-89.5524,-0.5713,3,0.0750,1.0000,8,6,6,0,0,6,6,0.0000
4,100.0000,37,43,646.2571,-85.0561,-0.9319,15,0.3750,0.7143,7,8,8,0,0,8,8,0.0000
4,100.0000,37,47,667.1900,-84.8394,-0.5509,17,0.4250,0.8571,7,8,7,0,0,8,7,0.1250
4,100.0000,38,0,359.8447,-80.5738,-0.3600,28,0.7000,0.0000,4,7,5,0,0,7,5,0.2857
4,100.0000,38,3,707.9739,-86.0844,0.7846,12,0.3000,0.8750,8,8,8,0,0,8,8,0.0000
4,100.0000,38,6,667.2641,-85.3701,-0.2859,12,0.3000,0.7143,7,8,7,0,0,8,7,0.1250
4,100.0000,38,7,196.9859,-76.2584,0.6077,37,0.9250,0.0000,4,4,0,0,0,4,0,1.0000
4,100.0000,38,10,267.8985,-79.6663,0.6968,30,0.7500,0.3333,6,6,2,0,0,6,2,0.6667
4,100.0000,38,12,738.6408,-88.5162,0.3166,5,0.1250,1.0000,8,8,8,0,0,8,8,0.0000
4,100.0000,38,14,834.2353,-87.5021,0.7403,4,0.1000,1.0000,8,8,8,0,0,8,8,0.0000
4,100.0000,38,16,190.9149,-76.9787,1.5892,32,0.8000,0.3333,6,4,0,0,0,4,0,1.0000
4,100.0000,38,22,579.1979,-84.9798,0.0111,22,0.5500,0.6667,6,7,6,0,0,7,6,0.1429
4,100.0000,38,23,343.9410,-80.4289,0.7086,30,0.7500,0.2000,5,5,1,0,0,5,1,0.8000
4,100.0000,38,26,345.9208,-82.1649,0.7092,18,0.4500,0.5000,6,4,0,0,0,4,0,1.0000
4,100.0000,38,29,373.4566,-83.2643,0.4184,22,0.5500,0.7143,7,4,0,0,0,4,0,1.0000
4,100.0000,38,37,566.7154,-83.3539,0.4452,20,0.5000,1.0000,8,9,8,0,0,9,8,0.1111
4,100.0000,38,41,131.7953,-72.5428,0.5210,35,0.8750,0.0000,4,5,1,0,0,5,1,0.8000
4,100.0000,38,42,1028.7913,-88.8776,-0.0284,4,0.1000,1.0000,6,8,8,0,0,8,8,0.0000
4,100.0000,38,43,233.1437,-76.3447,-0.2651,35,0.8750,0.0000,4,4,0,0,0,4,0,1.0000
4,100.0000,38,46,1063.2014,-89.1820,-0.1311,4,0.1000,1.0000,4,4,4,0,0,4,4,0.0000
4,100.0000,38,47,127.8801,-65.9597,-1.4198,37,0.9250,0.2000,5,6,2,4,1,10,3,0.7000
4,100.0000,39,2,749.5201,-86.7679,-0.3947,7,0.1750,0.8571,7,8,8,0,0,8,8,0.0000
4,100.0000,39,4,841.6276,-87.5632,-0.0505,4,0.1000,1.0000,8,4,4,0,0,4,4,0.0000
4,100.0000,39,9,228.5420,-76.1064,-0.5082,36,0.9000,0.0000,4,6,3,0,0,6,3,0.5000
4,100.0000,39,11,454.8535,-82.7475,0.8142,14,0.3500,0.8571,7,8,7,0,0,8,7,0.1250
4,100.0000,39,13,729.5378,-85.8229,-0.4261,9,0.2250,0.8571,7,8,8,0,0,8,8,0.0000
4,100.0000,39,17,633.4128,-84.9640,-1.4612,5,0.1250,1.0000,6,8,8,0,0,8,8,0.0000
4,100.0000,39,18,195.1989,-75.1881,-0.1280,33,0.8250,0.5000,6,6,3,0,0,6,3,0.5000
4,100.0000,39,21,731.7538,-85.5341,-0.6685,9,0.2250,1.0000,8,7,6,0,0,7,6,0.1429
4,100.0000,39,25,308.6597,-76.4236,-1.0730,29,0.7250,0.7143,7,5,1,0,0,5,1,0.8000
4,100.0000,39,27,819.3596,-86.7579,-1.2102,5,0.1250,1.0000,8,8,8,0,0,8,8,0.0000
4,100.0000,39,28,543.2261,-83.3150,-0.7020,12,0.3000,0.8571,7,6,6,0,0,6,6,0.0000
4,100.0000,39,30,924.0777,-88.2367,0.1213,4,0.1000,1.0000,8,6,6,0,0,6,6,0.0000
4,100.0000,39,32,290.2335,-78.2657,-0.2730,33,0.8250,0.3333,6,7,4,0,0,7,4,0.4286
4,100.0000,39,35,560.3824,-84.6751,-0.3216,19,0.4750,0.8571,7,8,8,0,0,8,8,0.0000
4,100.0000,39,36,917.6157,-88.9875,0.4816,4,0.1000,1.0000,6,6,6,0,0,6,6,0.0000
4,100.0000,39,40,529.3936,-82.1314,-1.0899,15,0.3750,0.5000,6,8,7,0,0,8,7,0.1250
4,100.0000,39,44,656.8861,-85.5691,0.4519,7,0.1750,1.0000,8,7,6,0,0,7,6,0.1429
4,100.0000,39,45,387.1614,-79.9164,-1.3488,27,0.6750,1.0000,8,8,8,0,0,8,8,0.0000
4,100.0000,40,2,663.3844,-85.3358,-0.2375,12,0.3000,1.0000,8,8,8,0,0,8,8,0.0000
4,100.0000,40,4,379.1277,-81.8363,0.8812,12,0.3000,0.8571,7,6,4,0,0,6,4,0.3333
4,100.0000,40,5,1051.6626,-88.2778,-2.0674,3,0.0750,,0,4,4,0,0,4,4,0.0000
4,100.0000,40,8,715.5966,-85.6594,1.7402,5,0.1250,1.0000,8,7,6,0,0,7,6,0.1429
4,100.0000,40,9,570.2928,-82.9421,-1.5011,19,0.4750,0.6667,6,8,8,0,0,8,8,0.0000
4,100.0000,40,11,384.2894,-81.4131,0.0312,21,0.5250,1.0000,8,8,8,0,0,8,8,0.0000
4,100.0000,40,12,1008.5340,-88.9203,0.8148,3,0.0750,1.0000,2,2,2,0,0,2,2,0.0000
4,100.0000,40,13,448.2533,-81.6042,-0.8329,11,0.2750,1.0000,8,8,8,0,0,8,8,0.0000
4,100.0000,40,15,682.0334,-86.9658,0.7087,6,0.1500,1.0000,8,8,8,0,0,8,8,0.0000
4,100.0000,40,17,140.5364,-75.1948,1.3864,34,0.8500,0.0000,4,5,1,0,0,5,1,0.8000
4,100.0000,40,18,590.4398,-83.3487,-0.6344,21,0.5250,0.4286,7,8,8,0,0,8,8,0.0000
4,100.0000,40,19,812.5917,-86.8813,0.4184,5,0.1250,1.0000,8,8,8,0,0,8,8,0.0000
4,100.0000,40,20,916.5011,-88.6999,-1.5765,4,0.1000,0.8750,8,8,8,0,0,8,8,0.0000
4,100.0000,40,21,445.9900,-82.5567,-0.0241,17,0.4250,0.5000,6,8,8,0,0,8,8,0.0000
4,100.0000,40,25,318.9606,-79.5803,-0.5442,29,0.7250,0.4000,5,5,2,0,0,5,2,0.6000
4,100.0000,40,27,474.8114,-82.6459,-0.9114,13,0.3250,0.9368,95,6,4,131,128,137,132,0.0365
4,100.0000,40,28,508.0540,-82.4310,-1.1283,18,0.4500,0.8571,7,6,3,0,0,6,3,0.5000
4,100.0000,40,30,671.1966,-86.6712,-1.3218,9,0.2250,0.7143,7,7,6,0,0,7,6,0.1429
4,100.0000,40,31,652.6019,-84.3785,0.5090,9,0.2250,0.7778,9,6,5,0,0,6,5,0.1667
4,100.0000,40,32,578.0136,-84.7534,-0.4239,18,0.4500,0.8750,8,6,4,0,0,6,4,0.3333
4,100.0000,40,33,684.7202,-87.5660,-0.0900,6,0.1500,0.8750,8,8,8,0,0,8,8,0.0000
4,100.0000,40,34,709.6818,-86.6705,-0.1653,8,0.2000,0.8571,7,8,8,0,0,8,8,0.0000
4,100.0000,40,35,837.6331,-85.9802,-0.2330,9,0.2250,1.0000,8,7,6,0,0,7,6,0.1429
4,100.0000,40,36,537.0303,-84.4986,0.9220,14,0.3500,0.8750,8,6,4,0,0,6,4,0.3333
4,100.0000,40,39,529.3936,-83.2394,-0.5929,24,0.6000,0.8571,7,6,6,0,0,6,6,0.0000
4,100.0000,40,42,703.9955,-86.7419,-1.2500,7,0.1750,1.0000,8,8,8,0,0,8,8,0.0000
4,100.0000,40,44,530.7579,-83.7738,-0.9196,13,0.3250,0.7143,7,8,8,0,0,8,8,0.0000
4,100.0000,40,45,265.7149,-77.4542,-1.1995,31,0.7750,0.5106,47,6,4,8,4,14,8,0.4286
4,100.0000,40,46,713.3414,-86.6430,-0.8075,7,0.1750,1.0000,8,6,4,0,0,6,4,0.3333
4,100.0000,41,0,320.5785,-77.2566,-1.1333,35,0.8537,0.2000,5,6,2,0,0,6,2,0.6667
4,100.0000,41,3,643.2391,-85.6948,-0.9771,8,0.1951,0.9825,57,8,6,0,0,8,6,0.2500
4,100.0000,41,6,646.8590,-84.8382,-0.7749,14,0.3415,0.7143,7,8,7,0,0,8,7,0.1250
4,100.0000,41,7,264.5269,-79.4584,0.9927,36,0.8780,0.4286,7,5,1,0,0,5,1,0.8000
4,100.0000,41,10,306.9703,-80.2035,0.5826,31,0.7561,0.4000,5,4,0,0,0,4,0,1.0000
4,100.0000,41,16,184.8798,-74.8116,0.4960,35,0.8537,0.0000,4,5,1,0,0,5,1,0.8000
4,100.0000,41,22,527.9588,-82.7294,-0.1585,29,0.7073,0.4000,5,8,8,0,0,8,8,0.0000
4,100.0000,41,23,262.1881,-78.3181,0.2366,35,0.8537,0.2000,5,5,1,0,0,5,1,0.8000
4,100.0000,41,26,284.3270,-81.0550,1.3601,19,0.4634,0.5000,10,5,1,0,0,5,1,0.8000
4,100.0000,41,29,361.9922,-81.5186,0.5684,23,0.5610,0.7143,7,6,2,0,0,6,2,0.6667
4,100.0000,41,37,530.2113,-82.9723,-0.5050,18,0.4390,0.8750,8,7,6,0,0,7,6,0.1429
4,100.0000,41,38,131.7953,-72.3493,0.0758,38,0.9268,0.0000,4,4,0,0,0,4,0,1.0000
4,100.0000,41,43,208.7582,-74.6363,-0.2215,38,0.9268,0.0000,4,5,1,0,0,5,1,0.8000
4,100.0000,41,47,248.5637,-75.3992,-1.2569,39,0.9512,0.0000,7,6,2,0,0,6,2,0.6667
4,100.0000,42,0,1017.1353,-87.7362,-1.0507,3,0.0732,1.0000,6,2,2,0,0,2,2,0.0000
4,100.0000,42,1,791.8504,-87.1339,-1.0610,5,0.1220,1.0000,6,2,2,0,0,2,2,0.0000
4,100.0000,42,3,854.7165,-86.9115,0.0071,3,0.0732,1.0000,2,7,6,0,0,7,6,0.1429
4,100.0000,42,4,467.6086,-82.5154,-1.1443,16,0.3902,0.8750,8,7,6,0,0,7,6,0.1429
4,100.0000,42,5,602.1915,-85.1626,-0.2455,10,0.2439,0.7143,7,7,6,0,0,7,6,0.1429
4,100.0000,42,7,964.1211,-88.2190,-1.2593,5,0.1220,1.0000,6,8,8,0,0,8,8,0.0000
4,100.0000,42,8,615.4632,-85.8191,0.7066,8,0.1951,1.0000,2,6,4,0,0,6,4,0.3333
4,100.0000,42,12,343.4645,-78.5129,-1.0555,23,0.5610,0.5714,7,8,7,0,0,8,7,0.1250
4,100.0000,42,13,604.2150,-85.6514,0.2479,10,0.2439,1.0000,8,8,8,0,0,8,8,0.0000
4,100.0000,42,14,360.0282,-80.8174,-0.6514,21,0.5122,1.0000,8,7,4,0,0,7,4,0.4286
4,100.0000,42,15,274.1431,-78.2505,-0.2901,27,0.6585,0.4000,5,6,3,0,0,6,3,0.5000
4,100.0000,42,17,597.2834,-84.8785,0.3763,7,0.1707,0.6667,6,7,6,0,0,7,6,0.1429
4,100.0000,42,19,344.3687,-78.9253,-0.3900,25,0.6098,0.0000,4,8,7,0,0,8,7,0.1250
4,100.0000,42,20,832.4806,-86.2705,0.2140,4,0.0976,1.0000,8,5,4,0,0,5,4,0.2000
4,100.0000,42,21,794.7457,-86.7925,0.7004,5,0.1220,0.8000,5,4,4,0,0,4,4,0.0000
4,100.0000,42,24,263.0086,-78.6258,0.1618,23,0.5610,0.2000,5,4,0,0,0,4,0,1.0000
4,100.0000,42,26,741.1425,-83.9612,-0.8731,5,0.1220,1.0000,4,6,4,0,0,6,4,0.3333
4,100.0000,42,27,635.1207,-86.1014,-0.0965,9,0.2195,0.5000,6,7,7,0,0,7,7,0.0000
4,100.0000,42,28,954.8744,-87.7189,-0.8228,4,0.0976,1.0000,6,6,6,0,0,6,6,0.0000
4,100.0000,42,29,745.4129,-86.5389,-0.7717,5,0.1220,1.0000,8,8,8,0,0,8,8,0.0000
4,100.0000,42,30,799.0191,-86.7291,-1.4976,8,0.1951,1.0000,4,7,6,0,0,7,6,0.1429
4,100.0000,42,31,219.9235,-75.9346,-0.0998,29,0.7073,0.0000,4,5,1,0,0,5,1,0.8000
4,100.0000,42,33,341.2527,-79.1754,-0.6999,21,0.5122,0.3333,6,7,5,0,0,7,5,0.2857
4,100.0000,42,34,268.6846,-79.6120,0.3976,28,0.6829,1.0000,8,5,2,0,0,5,2,0.6000
4,100.0000,42,36,381.6567,-81.8086,0.4619,13,0.3171,0.8571,7,8,5,0,0,8,5,0.3750
4,100.0000,42,37,914.3668,-86.6362,-0.5760,3,0.0732,1.0000,6,4,4,0,0,4,4,0.0000
4,100.0000,42,38,1028.7913,-87.5969,-0.1335,3,0.0732,1.0000,8,8,8,0,0,8,8,0.0000
4,100.0000,42,40,703.9955,-87.4592,0.3462,7,0.1707,1.0000,8,7,6,0,0,7,6,0.1429
4,100.0000,42,41,934.1961,-85.9199,-0.1349,4,0.0976,1.0000,4,4,4,0,0,4,4,0.0000
4,100.0000,42,44,878.9636,-87.2167,-0.8640,6,0.1463,1.0000,8,8,8,0,0,8,8,0.0000
4,100.0000,42,45,913.5850,-88.6675,-0.2912,3,0.0732,1.0000,8,8,8,0,0,8,8,0.0000
4,100.0000,42,46,220.8428,-75.7542,0.1773,24,0.5854,0.2000,5,4,0,0,0,4,0,1.0000
4,100.0000,43,0,364.2559,-81.4965,0.5524,22,0.5641,0.8571,7,5,1,0,0,5,1,0.8000
4,100.0000,43,3,751.7231,-86.8719,0.1610,6,0.1538,1.0000,8,8,8,0,0,8,8,0.0000
4,100.0000,43,6,755.3441,-85.7318,-0.2682,9,0.2308,1.0000,8,8,8,0,0,8,8,0.0000
4,100.0000,43,7,420.0532,-81.7242,-0.0946,23,0.5897,0.2000,5,6,2,0,0,6,2,0.6667
4,100.0000,43,10,428.5207,-82.3612,0.1330,26,0.6667,0.7143,7,6,2,0,0,6,2,0.6667
4,100.0000,43,14,980.2835,-87.6459,0.5378,3,0.0769,1.0000,8,6,6,0,0,6,6,0.0000
4,100.0000,43,16,318.1481,-80.8309,1.2959,20,0.5128,0.5000,6,6,4,0,0,6,4,0.3333
4,100.0000,43,22,486.0671,-82.9273,0.5131,20,0.5128,0.6667,6,8,6,0,0,8,6,0.2500
4,100.0000,43,23,191.5501,-76.6134,1.3015,34,0.8718,0.0000,4,5,1,1,0,6,1,0.8333
4,100.0000,43,26,476.8406,-83.9489,1.6656,9,0.2308,0.8750,8,7,5,0,0,7,5,0.2857
4,100.0000,43,29,566.9507,-84.6170,0.0319,10,0.2564,0.8750,8,6,3,0,0,6,3,0.5000
4,100.0000,43,37,646.2571,-85.1056,0.2055,11,0.2821,0.7143,7,7,6,0,0,7,6,0.1429
4,100.0000,43,38,233.1437,-76.5744,-0.1620,36,0.9231,0.3333,6,5,1,0,0,5,1,0.8000
4,100.0000,43,41,208.7582,-75.1754,-0.8217,34,0.8718,0.0000,4,7,5,0,0,7,5,0.2857
4,100.0000,43,47,261.5750,-77.3690,-0.1980,32,0.8205,0.2439,41,3,0,8,3,11,3,0.7273
4,100.0000,44,1,624.9248,-84.7758,0.3822,14,0.3500,0.8571,7,8,8,0,0,8,8,0.0000
4,100.0000,44,2,305.4021,-79.7285,0.2313,32,0.8000,0.4000,5,4,0,0,0,4,0,1.0000
4,100.0000,44,4,464.4464,-83.0117,-0.0901,18,0.4500,1.0000,8,7,6,0,0,7,6,0.1429
4,100.0000,44,5,883.1342,-88.0880,-0.1895,6,0.1500,1.0000,8,6,6,0,0,6,6,0.0000
4,100.0000,44,8,531.2247,-83.7006,0.1594,18,0.4500,0.6667,6,7,6,0,0,7,6,0.1429
4,100.0000,44,9,622.2540,-86.6235,0.0656,19,0.4750,0.6667,6,8,7,0,0,8,7,0.1250
4,100.0000,44,11,304.4128,-79.0250,-0.1729,29,0.7250,0.5000,6,7,5,0,0,7,5,0.2857
4,100.0000,44,13,357.6569,-78.1983,-1.4399,25,0.6250,0.3333,6,7,6,0,0,7,6,0.1429
4,100.0000,44,15,821.8509,-86.9607,-0.8325,4,0.1000,0.8750,8,8,8,0,0,8,8,0.0000
4,100.0000,44,17,469.0325,-82.2363,-0.0600,26,0.6500,0.8750,8,7,6,0,0,7,6,0.1429
4,100.0000,44,18,552.5880,-83.6921,0.2889,23,0.5750,0.7500,8,6,4,0,0,6,4,0.3333
4,100.0000,44,19,765.4160,-86.8894,-0.1695,10,0.2500,1.0000,8,8,8,0,0,8,8,0.0000
4,100.0000,44,20,560.6551,-83.0164,-0.3550,19,0.4750,0.2000,5,6,2,0,0,6,2,0.6667
4,100.0000,44,21,293.2946,-78.5539,0.2246,29,0.7250,0.2000,5,5,2,0,0,5,2,0.6000
4,100.0000,44,25,479.2796,-84.0192,0.2762,23,0.5750,0.8571,7,7,6,0,0,7,6,0.1429
4,100.0000,44,27,288.4442,-76.4024,-0.6868,32,0.8000,0.5000,6,8,8,0,0,8,8,0.0000
4,100.0000,44,28,125.6891,-72.9024,0.7906,40,1.0000,0.0000,4,4,0,0,0,4,0,1.0000
4,100.0000,44,30,284.5301,-78.7726,-0.2349,31,0.7750,0.2000,5,7,5,0,0,7,5,0.2857
4,100.0000,44,31,851.6794,-86.0616,0.4875,8,0.2000,1.0000,8,8,8,0,0,8,8,0.0000
4,100.0000,44,32,489.8816,-85.3153,0.6427,25,0.6250,0.7143,7,5,1,0,0,5,1,0.8000
4,100.0000,44,33,646.9278,-85.9310,0.0603,12,0.3000,0.8571,7,8,8,0,0,8,8,0.0000
4,100.0000,44,35,511.1059,-84.8681,0.8164,24,0.6000,1.0000,8,8,8,0,0,8,8,0.0000
4,100.0000,44,36,668.2653,-86.5084,-0.5643,10,0.2500,0.7143,7,7,5,0,0,7,5,0.2857
4,100.0000,44,39,656.8861,-85.7123,0.8265,19,0.4750,0.4000,5,7,5,0,0,7,5,0.2857
4,100.0000,44,40,530.7579,-83.3164,-0.5606,21,0.5250,1.0000,8,8,8,0,0,8,8,0.0000
4,100.0000,44,42,878.9636,-87.3647,0.3759,8,0.2000,1.0000,8,8,8,0,0,8,8,0.0000
4,100.0000,44,45,404.2359,-82.8967,0.0382,27,0.6750,0.8571,7,7,6,0,0,7,6,0.1429
4,100.0000,44,46,807.8916,-87.3517,0.9848,6,0.1500,1.0000,8,6,6,0,0,6,6,0.0000
4,100.0000,45,1,965.0340,-88.8790,-0.6004,4,0.1000,1.0000,8,6,6,0,0,6,6,0.0000
4,100.0000,45,2,470.4840,-84.3897,1.7939,20,0.5000,1.0000,8,8,7,0,0,8,7,0.1250
4,100.0000,45,4,496.3133,-84.0287,-0.3676,10,0.2500,0.8571,7,8,8,0,0,8,8,0.0000
4,100.0000,45,8,744.6668,-85.4314,0.4898,3,0.0750,1.0000,8,8,8,0,0,8,8,0.0000
4,100.0000,45,9,347.1581,-78.3220,-1.1932,35,0.8750,0.0000,4,7,5,0,0,7,5,0.2857
4,100.0000,45,11,323.4620,-81.1014,1.3200,25,0.6250,0.8571,7,5,1,0,0,5,1,0.8000
4,100.0000,45,13,509.3460,-84.3003,0.5020,13,0.3250,0.8571,7,8,8,0,0,8,8,0.0000
4,100.0000,45,17,320.5297,-80.4515,0.1940,23,0.5750,0.7143,7,7,6,0,0,7,6,0.1429
4,100.0000,45,18,416.9641,-81.1070,-0.1898,28,0.7000,0.2000,5,8,4,0,0,8,4,0.5000
4,100.0000,45,20,889.2551,-86.7145,-0.4591,6,0.1500,0.8750,8,8,8,0,0,8,8,0.0000
4,100.0000,45,21,361.7749,-80.5245,0.1236,23,0.5750,0.5000,6,7,6,0,0,7,6,0.1429
4,100.0000,45,25,287.8125,-77.8643,-0.4081,31,0.7750,0.3333,6,4,0,0,0,4,0,1.0000
4,100.0000,45,27,477.1366,-84.2221,0.1882,16,0.4000,0.8824,51,7,5,10,9,17,14,0.1765
4,100.0000,45,28,334.4560,-80.1230,-0.2076,31,0.7750,0.7143,7,7,5,0,0,7,5,0.2857
4,100.0000,45,30,607.8816,-86.1077,-0.1565,7,0.1750,0.7143,7,8,8,0,0,8,8,0.0000
4,100.0000,45,32,329.9760,-80.3611,-0.2848,34,0.8500,0.5000,4,5,2,0,0,5,2,0.6000
4,100.0000,45,34,937.7601,-89.0854,-0.2024,3,0.0750,1.0000,4,8,8,0,0,8,8,0.0000
4,100.0000,45,35,607.4986,-84.6811,-0.0973,25,0.6250,0.7500,8,7,6,0,0,7,6,0.1429
4,100.0000,45,39,387.1614,-80.0575,-0.4466,33,0.8250,0.2000,5,8,5,0,0,8,5,0.3750
4,100.0000,45,40,265.7149,-77.3852,-0.4972,34,0.8500,0.0000,4,5,2,0,0,5,2,0.6000
4,100.0000,45,44,404.2359,-83.2836,1.2525,20,0.5000,0.8571,7,7,5,0,0,7,5,0.2857
4,100.0000,46,0,1056.2984,-88.1660,-0.2145,4,0.1000,1.0000,6,6,6,0,0,6,6,0.0000
4,100.0000,46,1,719.3092,-87.2498,0.4133,9,0.2250,1.0000,8,5,4,0,0,5,4,0.2000
4,100.0000,46,3,865.1046,-86.9233,0.6136,8,0.2000,,0,4,4,0,0,4,4,0.0000
4,100.0000,46,4,493.5439,-84.5049,0.9356,14,0.3500,0.7143,7,8,8,0,0,8,8,0.0000
4,100.0000,46,5,560.5517,-83.2782,-0.7016,18,0.4500,0.4000,5,7,6,0,0,7,6,0.1429
4,100.0000,46,7,969.9830,-88.2558,1.0494,3,0.0750,1.0000,8,6,6,0,0,6,6,0.0000
4,100.0000,46,8,630.8061,-85.3521,0.1358,13,0.3250,1.0000,4,7,5,0,0,7,5,0.2857
4,100.0000,46,10,1001.4800,-87.1545,1.2906,5,0.1250,0.8750,8,4,4,0,0,4,4,0.0000
4,100.0000,46,11,755.1449,-86.8725,1.4726,8,0.2000,0.8750,8,8,8,0,0,8,8,0.0000
4,100.0000,46,12,388.4088,-79.7419,-0.5115,25,0.6250,0.5000,6,7,6,0,0,7,6,0.1429
4,100.0000,46,13,489.3772,-84.5484,0.2343,15,0.3750,1.0000,10,7,6,0,0,7,6,0.1429
4,100.0000,46,14,268.8168,-76.8170,-0.6167,31,0.7750,0.5714,7,7,4,0,0,7,4,0.4286
4,100.0000,46,15,110.1878,-74.1609,1.4385,34,0.8500,0.2000,5,4,0,0,0,4,0,1.0000
4,100.0000,46,16,983.8775,-89.2161,-0.0737,4,0.1000,,0,8,8,0,0,8,8,0.0000
4,100.0000,46,17,607.8265,-85.8561,0.8533,13,0.3250,0.8571,7,8,8,0,0,8,8,0.0000
4,100.0000,46,19,231.5557,-71.7225,-3.0325,36,0.9000,0.2000,5,6,3,0,0,6,3,0.5000
4,100.0000,46,20,790.8022,-86.3167,1.4534,9,0.2250,1.0000,8,8,8,0,0,8,8,0.0000
4,100.0000,46,21,800.7356,-87.2504,0.9970,8,0.2000,1.0000,2,6,5,0,0,6,5,0.1667
4,100.0000,46,24,207.9734,-77.1608,1.2509,34,0.8500,0.0000,4,6,3,0,0,6,3,0.5000
4,100.0000,46,25,836.5105,-87.6887,0.5303,8,0.2000,1.0000,2,6,6,0,0,6,6,0.0000
4,100.0000,46,26,758.6539,-85.3052,-0.4863,12,0.3000,1.0000,8,8,8,0,0,8,8,0.0000
4,100.0000,46,27,611.3974,-85.2599,0.5952,10,0.2500,1.0000,8,8,8,0,0,8,8,0.0000
4,100.0000,46,28,885.0007,-88.3383,0.6440,9,0.2250,1.0000,8,7,6,0,0,7,6,0.1429
4,100.0000,46,29,732.9440,-86.0227,-0.3981,9,0.2250,1.0000,8,8,8,0,0,8,8,0.0000
4,100.0000,46,30,754.4572,-86.9348,-0.4310,8,0.2000,0.8750,8,4,4,0,0,4,4,0.0000
4,100.0000,46,31,159.1424,-74.6206,0.8141,33,0.8250,0.2000,5,4,0,0,0,4,0,1.0000
4,100.0000,46,33,345.8327,-78.4855,-0.8611,24,0.6000,0.6250,8,7,5,0,0,7,5,0.2857
4,100.0000,46,34,223.9562,-78.2447,1.5620,30,0.7500,0.2000,5,4,0,0,0,4,0,1.0000
4,100.0000,46,36,241.0523,-80.1481,1.7580,24,0.6000,0.5714,7,4,0,0,0,4,0,1.0000
4,100.0000,46,37,906.9894,-88.3211,-0.1177,4,0.1000,1.0000,6,2,2,0,0,2,2,0.0000
4,100.0000,46,40,713.3414,-86.5481,0.3698,9,0.2250,1.0000,8,8,8,0,0,8,8,0.0000
4,100.0000,46,41,988.7070,-88.4415,0.7995,3,0.0750,1.0000,2,10,10,0,0,10,10,0.0000
4,100.0000,46,42,220.8428,-76.6521,0.1864,32,0.8000,0.2000,5,6,3,0,0,6,3,0.5000
4,100.0000,46,44,807.8916,-87.6703,0.1496,8,0.2000,0.7778,9,8,8,0,0,8,8,0.0000
4,100.0000,47,0,447.6988,-81.2513,-0.1034,22,0.5500,0.7143,7,8,7,0,0,8,7,0.1250
4,100.0000,47,3,818.4181,-86.5176,-0.8879,7,0.1750,1.0000,8,7,6,0,0,7,6,0.1429
4,100.0000,47,6,756.5223,-86.2351,0.8268,13,0.3250,1.0000,8,6,6,0,0,6,6,0.0000
4,100.0000,47,7,243.6347,-75.1491,-0.6925,37,0.9250,0.0000,4,5,1,0,0,5,1,0.8000
4,100.0000,47,10,286.6809,-79.1829,0.2180,36,0.9000,0.2000,5,5,1,133,31,138,32,0.7681
4,100.0000,47,12,844.8798,-87.2104,0.0278,6,0.1500,1.0000,8,8,8,0,0,8,8,0.0000
4,100.0000,47,14,939.2705,-88.1583,-0.1753,6,0.1500,0.9863,73,10,10,8,8,18,18,0.0000
4,100.0000,47,16,297.4786,-77.8849,0.2040,28,0.7000,0.5000,6,6,4,0,0,6,4,0.3333
4,100.0000,47,22,646.5866,-85.6907,-0.6154,20,0.5000,0.8750,8,8,7,0,0,8,7,0.1250
4,100.0000,47,23,417.0957,-82.0982,0.3043,27,0.6750,0.4000,5,6,3,0,0,6,3,0.5000
4,100.0000,47,24,991.9080,-88.0979,0.8442,3,0.0750,1.0000,8,2,2,0,0,2,2,0.0000
4,100.0000,47,26,469.0040,-83.2532,0.3458,19,0.4750,0.8571,7,8,8,0,0,8,8,0.0000
4,100.0000,47,29,465.8604,-83.5886,-1.1979,17,0.4250,0.6667,6,6,3,0,0,6,3,0.5000
4,100.0000,47,37,667.1900,-84.8880,-0.8835,17,0.4250,1.0000,8,8,8,0,0,8,8,0.0000
4,100.0000,47,38,127.8801,-66.4249,-0.9237,39,0.9750,0.2000,5,5,1,0,0,5,1,0.8000
4,100.0000,47,41,248.5637,-75.9962,-0.3220,33,0.8250,0.4286,7,6,3,0,0,6,3,0.5000
4,100.0000,47,43,261.5750,-77.4003,0.0668,36,0.9000,0.0000,4,4,0,0,0,4,0,1.0000
4,100.0000,47,46,1176.9236,-88.4667,0.2594,4,0.1000,1.0000,2,8,8,0,0,8,8,0.0000
4,104.0000,0,3,436.2805,-82.2301,-0.4919,21,0.5250,0.5714,7,7,5,0,0,7,5,0.2857
4,104.0000,0,5,812.0141,-87.9360,-0.0558,4,0.1000,0.8571,7,8,8,0,0,8,8,0.0000
4,104.0000,0,6,445.7644,-82.5628,-0.3395,26,0.6500,0.5000,6,6,4,0,0,6,4,0.3333
4,104.0000,0,7,523.5949,-83.4646,0.1543,20,0.5000,0.4000,5,7,5,0,0,7,5,0.2857
4,104.0000,0,10,660.8191,-85.4177,0.5650,14,0.3500,1.0000,8,8,8,0,0,8,8,0.0000
4,104.0000,0,12,886.0238,-86.9649,-0.4914,7,0.1750,1.0000,6,8,8,0,0,8,8,0.0000
4,104.0000,0,16,266.6938,-77.3756,-0.3041,33,0.8250,0.2000,5,6,4,0,0,6,4,0.3333
4,104.0000,0,19,998.3245,-88.6207,0.4914,4,0.1000,1.0000,4,4,4,0,0,4,4,0.0000
4,104.0000,0,22,223.8031,-76.3420,0.5776,39,0.9750,0.2000,5,4,0,0,0,4,0,1.0000
4,104.0000,0,23,369.5357,-79.7575,-1.1155,35,0.8750,0.2000,5,4,0,0,0,4,0,1.0000
4,104.0000,0,24,1028.7451,-87.8030,1.5078,3,0.0750,1.0000,8,4,4,0,0,4,4,0.0000
4,104.0000,0,26,454.0800,-81.8282,-0.6731,22,0.5500,0.5000,6,7,5,0,0,7,5,0.2857
4,104.0000,0,29,592.5114,-85.8099,-0.6614,13,0.3250,0.7143,7,8,8,0,0,8,8,0.0000
4,104.0000,0,37,368.1446,-80.2426,-1.0480,30,0.7500,0.7143,7,5,2,0,0,5,2,0.6000
4,104.0000,0,38,449.5824,-81.6702,-0.6302,25,0.6250,0.8571,7,8,6,0,0,8,6,0.2500
4,104.0000,0,41,481.2027,-81.9085,-0.6702,26,0.6500,0.6667,9,6,6,0,0,6,6,0.0000
4,104.0000,0,43,407.6415,-81.2884,0.0193,28,0.7000,0.4000,5,6,3,0,0,6,3,0.5000
4,104.0000,0,47,571.2385,-84.1366,-0.2105,25,0.6250,0.6250,8,9,8,0,0,9,8,0.1111
4,104.0000,1,2,841.3490,-85.8559,-0.7825,4,0.1000,1.0000,8,8,8,0,0,8,8,0.0000
4,104.0000,1,4,652.6442,-85.7375,3.1057,3,0.0750,1.0000,8,8,7,0,0,8,7,0.1250
4,104.0000,1,5,393.9914,-81.0803,0.4231,18,0.4500,0.8571,7,8,8,0,0,8,8,0.0000
4,104.0000,1,8,452.9766,-80.7727,-0.8359,14,0.3500,0.8571,7,8,8,0,0,8,8,0.0000
4,104.0000,1,13,704.5868,-86.1369,-0.8224,4,0.1000,1.0000,8,8,8,0,0,8,8,0.0000
4,104.0000,1,15,792.6364,-86.6214,-0.2393,3,0.0750,1.0000,8,8,8,0,0,8,8,0.0000
4,104.0000,1,19,421.3477,-84.3678,-2.5006,3,0.0750,0.8571,7,8,7,0,0,8,7,0.1250
4,104.0000,1,20,188.7910,-74.7453,-0.3035,28,0.7000,0.0000,4,6,2,0,0,6,2,0.6667
4,104.0000,1,21,646.1048,-86.9482,-0.7408,3,0.0750,0.8000,5,8,8,0,0,8,8,0.0000
4,104.0000,1,27,508.9958,-83.9405,0.7519,7,0.1750,0.8750,8,8,8,0,0,8,8,0.0000
4,104.0000,1,28,826.0253,-86.2941,-0.2987,3,0.0750,1.0000,8,4,4,0,0,4,4,0.0000
4,104.0000,1,30,503.8349,-82.4394,-0.9352,8,0.2000,1.0000,8,8,8,0,0,8,8,0.0000
4,104.0000,1,33,393.2306,-82.0968,0.7093,11,0.2750,1.0000,8,8,7,0,0,8,7,0.1250
4,104.0000,1,37,866.8655,-85.8794,-5.9686,3,0.0750,1.0000,8,6,6,0,0,6,6,0.0000
4,104.0000,1,44,734.3382,-85.9384,0.7044,5,0.1250,1.0000,8,8,8,0,0,8,8,0.0000
4,104.0000,2,1,841.3490,-86.2472,1.9171,8,0.2000,1.0000,8,4,4,0,0,4,4,0.0000
4,104.0000,2,4,509.9353,-84.8672,0.8241,9,0.2250,1.0000,8,8,7,0,0,8,7,0.1250
4,104.0000,2,8,613.7202,-85.1137,0.5071,8,0.2000,1.0000,8,8,8,0,0,8,8,0.0000
4,104.0000,2,9,431.8563,-83.3821,0.8401,17,0.4250,0.6667,6,7,6,0,0,7,6,0.1429
4,104.0000,2,11,514.5798,-84.0268,0.3913,12,0.3000,1.0000,8,6,4,0,0,6,4,0.3333
4,104.0000,2,13,643.2031,-86.3432,-1.0348,8,0.2000,0.8889,9,8,6,0,0,8,6,0.2500
4,104.0000,2,17,566.6598,-85.4008,0.5898,8,0.2000,0.8571,7,7,6,0,0,7,6,0.1429
4,104.0000,2,18,594.3921,-86.0966,-0.2449,10,0.2500,1.0000,8,8,8,0,0,8,8,0.0000
4,104.0000,2,20,675.6485,-84.2722,-0.1622,7,0.1750,0.8571,7,9,7,0,0,9,7,0.2222
4,104.0000,2,21,315.1497,-78.8285,-0.2472,20,0.5000,0.2000,5,7,6,0,0,7,6,0.1429
4,104.0000,2,25,600.3384,-85.9626,1.2668,9,0.2250,0.8571,7,8,8,0,0,8,8,0.0000
4,104.0000,2,27,505.9844,-83.2788,1.3359,10,0.2500,1.0000,10,8,8,0,0,8,8,0.0000
4,104.0000,2,28,233.8031,-77.7533,0.7845,27,0.6750,0.4000,5,6,2,0,0,6,2,0.6667
4,104.0000,2,30,338.3084,-79.8841,0.0440,22,0.5500,0.5000,6,8,5,0,0,8,5,0.3750
4,104.0000,2,31,1080.2274,-87.7404,0.4257,3,0.0750,1.0000,4,8,7,0,0,8,7,0.1250
4,104.0000,2,32,302.2583,-80.7502,1.3437,21,0.5250,0.7143,7,5,1,0,0,5,1,0.8000
4,104.0000,2,33,781.5683,-85.6488,-0.4550,5,0.1250,1.0000,8,8,7,0,0,8,7,0.1250
4,104.0000,2,35,493.6209,-83.5999,-0.0781,22,0.5500,0.6667,6,6,3,0,0,6,3,0.5000
4,104.0000,2,39,693.9881,-86.7048,-0.0507,11,0.2750,0.8750,8,6,4,0,0,6,4,0.3333
4,104.0000,2,40,654.8646,-84.7570,-0.1586,7,0.1750,1.0000,8,7,6,0,0,7,6,0.1429
4,104.0000,2,44,229.2103,-77.8142,0.0548,28,0.7000,0.2000,5,5,1,0,0,5,1,0.8000
4,104.0000,2,45,342.3997,-81.6187,0.9603,14,0.3500,0.7143,7,6,3,0,0,6,3,0.5000
4,104.0000,3,0,436.2805,-82.2439,0.2695,22,0.5500,0.6667,6,7,6,0,0,7,6,0.1429
4,104.0000,3,1,770.2027,-86.8165,-0.2772,3,0.0750,1.0000,6,5,4,0,0,5,4,0.2000
4,104.0000,3,5,376.6152,-82.6186,1.0764,14,0.3500,1.0000,8,6,4,0,0,6,4,0.3333
4,104.0000,3,6,283.2606,-77.5647,-0.6298,38,0.9500,0.3333,6,7,4,0,0,7,4,0.4286
4,104.0000,3,7,644.0832,-86.5200,1.1429,9,0.2250,1.0000,8,6,4,0,0,6,4,0.3333
4,104.0000,3,8,892.9501,-87.9116,0.8340,3,0.0750,1.0000,8,8,8,0,0,8,8,0.0000
4,104.0000,3,10,867.9030,-86.7354,0.1337,9,0.2250,1.0000,8,8,8,0,0,8,8,0.0000
4,104.0000,3,12,738.4221,-85.8698,0.8799,5,0.1250,1.0000,8,8,8,0,0,8,8,0.0000
4,104.0000,3,14,796.0189,-87.2065,-0.0485,6,0.1500,1.0000,8,8,8,0,0,8,8,0.0000
4,104.0000,3,16,579.5509,-83.7488,-0.7903,16,0.4000,0.8571,7,8,7,0,0,8,7,0.1250
4,104.0000,3,19,589.6093,-84.7764,0.6398,7,0.1750,1.0000,8,8,8,0,0,8,8,0.0000
4,104.0000,3,20,889.4452,-87.3303,-0.1509,4,0.1000,1.0000,6,8,8,0,0,8,8,0.0000
4,104.0000,3,22,468.9106,-83.6395,0.5016,22,0.5500,0.8571,7,8,6,0,0,8,6,0.2500
4,104.0000,3,23,601.2321,-85.7082,-0.3623,15,0.3750,1.0000,8,8,8,0,0,8,8,0.0000
4,104.0000,3,24,725.5686,-87.9184,0.0195,6,0.1500,1.0000,8,8,8,0,0,8,8,0.0000
4,104.0000,3,26,508.5879,-82.6329,-0.3050,17,0.4250,1.0000,8,8,8,0,0,8,8,0.0000
4,104.0000,3,29,634.3591,-84.7673,0.5195,12,0.3000,1.0000,6,8,8,0,0,8,8,0.0000
4,104.0000,3,33,720.4338,-86.6333,-0.6165,5,0.1250,1.0000,4,8,8,0,0,8,8,0.0000
4,104.0000,3,34,871.5244,-88.6785,0.2343,4,0.1000,1.0000,6,8,8,0,0,8,8,0.0000
4,104.0000,3,37,171.6733,-73.9095,0.0267,35,0.8750,0.0000,4,5,1,0,0,5,1,0.8000
4,104.0000,3,38,645.9734,-85.6502,0.2477,14,0.3500,0.8750,8,7,5,0,0,7,5,0.2857
4,104.0000,3,41,644.9153,-85.9245,0.8252,15,0.3750,0.8750,8,8,7,0,0,8,7,0.1250
4,104.0000,3,42,824.6930,-86.6683,1.6458,3,0.0750,0.8750,8,8,8,0,0,8,8,0.0000
4,104.0000,3,43,770.3803,-86.9677,0.4402,7,0.1750,1.0000,8,8,8,0,0,8,8,0.0000
4,104.0000,3,47,891.5284,-87.1097,0.1079,10,0.2500,1.0000,8,8,8,0,0,8,8,0.0000
4,104.0000,4,1,652.6442,-85.5833,-0.4469,13,0.3250,1.0000,4,8,8,0,0,8,8,0.0000
4,104.0000,4,2,509.9353,-84.2256,1.0298,21,0.5250,0.6667,6,7,6,0,0,7,6,0.1429
4,104.0000,4,5,803.7240,-87.9664,-0.1394,9,0.2250,1.0000,8,8,8,0,0,8,8,0.0000
4,104.0000,4,8,245.0810,-79.0767,0.9853,35,0.8750,0.6667,6,5,1,0,0,5,1,0.8000
4,104.0000,4,9,740.8154,-87.8035,-0.2042,12,0.3000,0.7500,4,5,4,0,0,5,4,0.2000
4,104.0000,4,11,511.5786,-84.2580,0.3379,17,0.4250,0.8750,8,8,7,0,0,8,7,0.1250
4,104.0000,4,12,952.6038,-87.4052,-1.3858,7,0.1750,1.0000,6,8,8,0,0,8,8,0.0000
4,104.0000,4,13,354.1708,-80.9998,1.0068,20,0.5000,0.8750,16,9,7,0,0,9,7,0.2222
4,104.0000,4,14,813.6867,-86.8228,-1.7047,3,0.0750,1.0000,4,4,4,0,0,4,4,0.0000
4,104.0000,4,15,516.1271,-83.2860,0.4252,16,0.4000,0.8750,8,8,7,0,0,8,7,0.1250
4,104.0000,4,17,299.5946,-78.6035,0.1021,30,0.7500,0.8571,7,6,3,0,0,6,3,0.5000
4,104.0000,4,18,876.2837,-87.3275,-0.1613,11,0.2750,,0,3,2,0,0,3,2,0.3333
4,104.0000,4,19,565.8485,-84.0490,-0.0715,12,0.3000,1.0000,8,8,8,0,0,8,8,0.0000
4,104.0000,4,20,530.9854,-84.9617,1.0111,16,0.4000,1.0000,8,8,7,0,0,8,7,0.1250
4,104.0000,4,21,234.3158,-78.8208,1.0793,31,0.7750,0.8571,7,6,3,0,0,6,3,0.5000
4,104.0000,4,24,650.0747,-85.0716,0.1493,9,0.2250,0.8571,7,8,8,0,0,8,8,0.0000
4,104.0000,4,25,528.9373,-84.0895,-0.2214,18,0.4500,0.8750,8,8,7,0,0,8,7,0.1250
4,104.0000,4,27,149.8513,-74.5554,0.5699,34,0.8500,0.0000,3,6,3,0,0,6,3,0.5000
4,104.0000,4,28,550.0891,-83.9343,0.9873,19,0.4750,0.8571,7,6,3,0,0,6,3,0.5000
4,104.0000,4,30,402.6849,-81.8418,-0.5853,27,0.6750,0.8571,7,7,5,0,0,7,5,0.2857
4,104.0000,4,31,609.6541,-83.8059,-0.5567,13,0.3250,1.0000,8,6,4,0,0,6,4,0.3333
4,104.0000,4,32,646.0837,-85.8331,0.9226,13,0.3250,0.7500,8,8,7,0,0,8,7,0.1250
4,104.0000,4,33,372.5191,-80.5367,0.2923,22,0.5500,0.5714,7,7,4,0,0,7,4,0.4286
4,104.0000,4,34,710.4626,-85.4443,0.6766,10,0.2500,0.8889,9,8,8,0,0,8,8,0.0000
4,104.0000,4,35,905.6146,-88.0069,-0.5464,5,0.1250,0.7500,4,6,6,0,0,6,6,0.0000
4,104.0000,4,36,451.5941,-83.2156,-0.4264,15,0.3750,0.8750,8,6,4,0,0,6,4,0.3333
4,104.0000,4,39,882.6480,-87.0593,-0.9843,4,0.1000,1.0000,7,5,4,0,0,5,4,0.2000
4,104.0000,4,40,388.9426,-81.4423,0.1003,24,0.6000,0.7500,8,7,5,0,0,7,5,0.2857
4,104.0000,4,42,487.8861,-82.4463,0.0991,15,0.3750,0.8571,7,5,2,0,0,5,2,0.6000
4,104.0000,4,44,487.2202,-83.3275,0.1546,22,0.5500,1.0000,8,6,4,0,0,6,4,0.3333
4,104.0000,4,45,364.1070,-82.1924,0.5088,25,0.6250,0.6667,6,5,2,0,0,5,2,0.6000
4,104.0000,4,46,509.1319,-83.2700,0.5370,12,0.3000,1.0000,8,6,4,0,0,6,4,0.3333
4,104.0000,5,0,812.0141,-86.8717,0.1409,3,0.0750,1.0000,8,8,8,0,0,8,8,0.0000
4,104.0000,5,1,393.9914,-81.5942,-0.0499,22,0.5500,0.7500,8,6,2,0,0,6,2,0.6667
4,104.0000,5,3,376.6152,-82.1280,-0.1230,12,0.3000,0.8571,7,7,5,0,0,7,5,0.2857
4,104.0000,5,4,803.7240,-87.3101,0.2806,7,0.1750,1.0000,8,8,8,0,0,8,8,0.0000
4,104.0000,5,6,515.6937,-85.0048,0.5156,9,0.2250,0.8571,7,5,1,0,0,5,1,0.8000
4,104.0000,5,7,928.4100,-88.1956,0.0201,3,0.0750,1.0000,6,6,6,0,0,6,6,0.0000
4,104.0000,5,8,595.5481,-84.5758,-0.7341,14,0.3500,0.8750,8,6,6,0,0,6,6,0.0000
4,104.0000,5,12,830.2264,-87.5262,1.2500,5,0.1250,1.0000,8,8,8,0,0,8,8,0.0000
4,104.0000,5,13,854.5957,-87.8025,-0.0906,7,0.1750,1.0000,6,6,6,0,0,6,6,0.0000
4,104.0000,5,14,773.3162,-87.6119,-0.2313,8,0.2000,1.0000,8,8,8,0,0,8,8,0.0000
4,104.0000,5,15,765.9555,-87.5258,-0.4433,8,0.2000,0.8750,8,8,7,0,0,8,7,0.1250
4,104.0000,5,16,937.2367,-88.4902,0.0589,5,0.1250,1.0000,8,4,4,0,0,4,4,0.0000
4,104.0000,5,19,329.7311,-78.9562,0.6614,17,0.4250,0.6667,6,6,3,0,0,6,3,0.5000
4,104.0000,5,20,523.1627,-83.6218,-0.0376,17,0.4250,0.6667,6,8,7,0,0,8,7,0.1250
4,104.0000,5,22,818.8345,-88.5842,0.4137,8,0.2000,1.0000,2,8,7,0,0,8,7,0.1250
4,104.0000,5,23,941.2906,-88.3529,0.8236,4,0.1000,1.0000,4,6,6,0,0,6,6,0.0000
4,104.0000,5,24,639.6314,-86.3012,-0.7908,10,0.2500,1.0000,8,8,8,0,0,8,8,0.0000
4,104.0000,5,25,1218.7655,-88.5911,0.1978,3,0.0750,1.0000,4,4,4,0,0,4,4,0.0000
4,104.0000,5,26,794.4027,-87.1797,0.0259,7,0.1750,1.0000,8,6,6,0,0,6,6,0.0000
4,104.0000,5,27,700.6272,-86.6924,0.4455,9,0.2250,1.0000,8,10,10,0,0,10,10,0.0000
4,104.0000,5,28,1144.7192,-88.6808,-0.1790,4,0.1000,1.0000,8,6,6,0,0,6,6,0.0000
4,104.0000,5,29,880.8705,-87.9985,0.2120,8,0.2000,1.0000,6,6,6,0,0,6,6,0.0000
4,104.0000,5,30,830.9435,-86.4094,-0.5777,8,0.2000,1.0000,8,8,8,0,0,8,8,0.0000
4,104.0000,5,31,841.0422,-86.2280,-0.6244,8,0.2000,1.0000,8,6,6,0,0,6,6,0.0000
4,104.0000,5,33,432.4545,-82.1535,-0.5845,17,0.4250,0.8571,7,8,8,3,2,11,10,0.0909
4,104.0000,5,34,815.8655,-88.6150,0.0940,6,0.1500,1.0000,8,4,4,0,0,4,4,0.0000
4,104.0000,5,36,696.2299,-87.3067,0.7254,10,0.2500,1.0000,8,8,8,0,0,8,8,0.0000
4,104.0000,5,37,484.7345,-84.1955,0.8361,11,0.2750,0.8750,8,7,6,0,0,7,6,0.1429
4,104.0000,5,38,964.7882,-87.9889,-0.1028,4,0.1000,,0,6,6,0,0,6,6,0.0000
4,104.0000,5,41,953.5111,-88.3096,-0.6896,5,0.1250,1.0000,6,8,8,0,0,8,8,0.0000
4,104.0000,5,42,707.3195,-85.1612,-0.5756,10,0.2500,1.0000,8,8,8,0,0,8,8,0.0000
4,104.0000,5,44,1053.8494,-88.7545,0.3639,4,0.1000,1.0000,8,4,4,0,0,4,4,0.0000
4,104.0000,5,46,735.3434,-85.5601,-1.5205,10,0.2500,1.0000,8,8,7,0,0,8,7,0.1250
4,104.0000,6,0,445.7644,-82.9537,0.1023,23,0.5610,0.6667,6,7,5,0,0,7,5,0.2857
4,104.0000,6,3,283.2606,-77.6091,-0.0130,31,0.7561,0.0000,4,5,2,0,0,5,2,0.6000
4,104.0000,6,5,515.6937,-84.7200,0.4296,10,0.2439,1.0000,8,6,4,0,0,6,4,0.3333
4,104.0000,6,7,710.0697,-86.6561,0.5025,11,0.2683,1.0000,8,8,8,0,0,8,8,0.0000
4,104.0000,6,10,944.6620,-87.8924,2.1878,4,0.0976,1.0000,8,8,8,0,0,8,8,0.0000
4,104.0000,6,12,943.6228,-88.5796,1.7602,3,0.0732,0.8000,5,6,6,0,0,6,6,0.0000
4,104.0000,6,14,972.1122,-86.7092,-8.8110,3,0.0732,1.0000,8,8,8,0,0,8,8,0.0000
4,104.0000,6,16,600.2247,-83.5210,-0.4648,13,0.3171,0.5000,4,8,6,0,0,8,6,0.2500
4,104.0000,6,22,517.3238,-84.4448,0.1419,19,0.4634,0.8571,7,7,6,0,0,7,6,0.1429
4,104.0000,6,23,743.4183,-86.3158,0.6125,6,0.1463,1.0000,8,10,10,0,0,10,10,0.0000
4,104.0000,6,26,631.1829,-83.9550,-0.7534,13,0.3171,0.8000,5,10,10,0,0,10,10,0.0000
4,104.0000,6,29,725.6858,-84.7741,1.7178,5,0.1220,1.0000,8,8,7,0,0,8,7,0.1250
4,104.0000,6,37,133.0202,-71.6232,-0.1168,33,0.8049,0.2000,5,4,0,0,0,4,0,1.0000
4,104.0000,6,38,730.1734,-85.9959,0.6997,10,0.2439,1.0000,6,7,6,0,0,7,6,0.1429
4,104.0000,6,41,771.2333,-85.5722,-0.8188,8,0.1951,1.0000,8,8,8,0,0,8,8,0.0000
4,104.0000,6,43,834.8780,-86.9124,0.3160,12,0.2927,0.8750,8,8,8,0,0,8,8,0.0000
4,104.0000,6,47,917.2573,-87.5270,-0.6792,3,0.0732,1.0000,8,6,6,0,0,6,6,0.0000
4,104.0000,7,0,523.5949,-83.9691,0.2013,18,0.4390,0.7500,8,5,2,0,0,5,2,0.6000
4,104.0000,7,3,644.0832,-86.2248,-0.7091,8,0.1951,0.8571,7,8,7,0,0,8,7,0.1250
4,104.0000,7,5,928.4100,-88.9565,-0.6109,5,0.1220,1.0000,8,6,6,0,0,6,6,0.0000
4,104.0000,7,6,710.0697,-85.2964,-0.6251,10,0.2439,1.0000,8,8,8,0,0,8,8,0.0000
4,104.0000,7,10,263.9449,-75.7474,-1.3088,36,0.8780,0.0000,4,6,3,0,0,6,3,0.5000
4,104.0000,7,12,556.0216,-85.6668,-1.5973,7,0.1707,1.0000,8,8,7,2,2,10,9,0.1000
4,104.0000,7,14,715.6675,-87.5494,0.4291,4,0.0976,1.0000,8,8,8,0,0,8,8,0.0000
4,104.0000,7,15,1033.7456,-87.5067,-0.9414,3,0.0732,0.8750,8,8,8,0,0,8,8,0.0000
4,104.0000,7,16,303.4760,-79.0351,-0.5065,30,0.7317,0.5000,6,6,4,0,0,6,4,0.3333
4,104.0000,7,22,720.0155,-86.6015,-0.4005,12,0.2927,0.8750,8,8,8,0,0,8,8,0.0000
4,104.0000,7,23,456.4264,-83.5748,0.0137,23,0.5610,0.7500,8,6,3,0,0,6,3,0.5000
4,104.0000,7,24,797.2824,-86.6524,-0.0236,7,0.1707,0.8750,8,8,8,0,0,8,8,0.0000
4,104.0000,7,26,172.1575,-77.2381,2.3017,29,0.7073,0.4000,5,4,0,0,0,4,0,1.0000
4,104.0000,7,29,115.8321,-73.5697,1.4922,34,0.8293,0.0000,4,4,0,0,0,4,0,1.0000
4,104.0000,7,37,622.2903,-84.9161,-0.8102,13,0.3171,0.6667,6,8,8,0,0,8,8,0.0000
4,104.0000,7,38,154.8757,-73.8025,0.5530,34,0.8293,0.0000,4,4,0,0,0,4,0,1.0000
4,104.0000,7,41,232.3210,-77.0767,0.4678,31,0.7561,0.5000,6,4,0,0,0,4,0,1.0000
4,104.0000,7,43,491.2487,-83.2438,-0.3938,26,0.6341,0.6667,6,6,4,0,0,6,4,0.3333
4,104.0000,7,47,382.0729,-79.9235,-1.6352,33,0.8049,0.4000,5,6,2,0,0,6,2,0.6667
4,104.0000,8,1,452.9766,-81.7551,-0.6186,27,0.6585,0.7143,7,7,6,0,0,7,6,0.1429
4,104.0000,8,2,613.7202,-84.9340,0.5413,16,0.3902,0.6667,6,8,8,0,0,8,8,0.0000
4,104.0000,8,3,892.9501,-87.7721,-2.6195,5,0.1220,1.0000,4,4,4,0,0,4,4,0.0000
4,104.0000,8,4,245.0810,-78.0152,0.9275,23,0.5610,0.4000,5,6,3,0,0,6,3,0.5000
4,104.0000,8,5,595.5481,-83.5632,-0.4937,13,0.3171,1.0000,8,7,6,0,0,7,6,0.1429
4,104.0000,8,6,1100.4747,-88.3801,1.0228,4,0.0976,1.0000,4,4,4,0,0,4,4,0.0000
4,104.0000,8,9,935.7897,-88.4520,0.1400,6,0.1463,1.0000,8,3,2,0,0,3,2,0.3333
4,104.0000,8,11,708.5437,-86.8818,0.5371,9,0.2195,1.0000,8,7,6,0,0,7,6,0.1429
4,104.0000,8,13,489.7404,-83.5392,0.9140,14,0.3415,1.0000,8,8,7,0,0,8,7,0.1250
4,104.0000,8,14,819.1027,-88.3319,0.4658,6,0.1463,0.9000,10,6,5,0,0,6,5,0.1667
4,104.0000,8,15,585.0829,-85.8563,-0.4410,10,0.2439,0.8571,7,7,5,0,0,7,5,0.2857
4,104.0000,8,17,543.4111,-84.1865,-0.2812,13,0.3171,0.5000,6,8,8,0,0,8,8,0.0000
4,104.0000,8,18,1062.1322,-88.7816,1.5788,3,0.0732,,0,2,2,0,0,2,2,0.0000
4,104.0000,8,19,434.2674,-83.0322,0.0880,14,0.3415,0.8750,8,8,8,0,0,8,8,0.0000
4,104.0000,8,20,335.9601,-79.1719,0.0651,28,0.6829,0.0000,4,7,5,0,0,7,5,0.2857
4,104.0000,8,21,310.8931,-80.8976,1.2312,23,0.5610,0.8571,7,7,5,0,0,7,5,0.2857
4,104.0000,8,24,637.9278,-87.0052,0.3290,6,0.1463,0.8571,7,7,6,0,0,7,6,0.1429
4,104.0000,8,25,750.8142,-86.7156,-1.3766,7,0.1707,0.8750,8,6,6,0,0,6,6,0.0000
4,104.0000,8,27,166.5466,-76.3729,0.9404,26,0.6341,0.2000,5,4,0,0,0,4,0,1.0000
4,104.0000,8,28,666.6902,-86.2597,-0.2335,14,0.3415,1.0000,8,7,4,0,0,7,4,0.4286
4,104.0000,8,30,381.6217,-80.5830,-0.6797,25,0.6098,0.7143,7,8,6,0,0,8,6,0.2500
4,104.0000,8,31,682.1744,-86.6262,0.1659,6,0.1463,0.8571,7,8,8,0,0,8,8,0.0000
4,104.0000,8,32,814.4315,-88.9383,1.9009,3,0.0732,1.0000,8,6,6,0,0,6,6,0.0000
4,104.0000,8,33,194.4198,-76.9250,0.3718,30,0.7317,0.5714,7,6,2,0,0,6,2,0.6667
4,104.0000,8,34,749.2332,-87.7725,-0.5793,6,0.1463,1.0000,8,8,8,0,0,8,8,0.0000
4,104.0000,8,35,999.4805,-89.1243,0.3726,4,0.0976,1.0000,4,6,5,0,0,6,5,0.1667
4,104.0000,8,36,501.1604,-84.8160,0.7771,14,0.3415,0.8750,8,6,4,0,0,6,4,0.3333
4,104.0000,8,37,1042.0571,-88.2327,-1.5056,4,0.0976,,0,4,4,0,0,4,4,0.0000
4,104.0000,8,40,628.4439,-85.9781,0.5827,12,0.2927,0.8750,8,7,6,0,0,7,6,0.1429
4,104.0000,8,42,512.9429,-85.1528,-0.1832,11,0.2683,0.8571,7,8,7,0,0,8,7,0.1250
4,104.0000,8,44,582.3942,-85.1627,-0.7196,16,0.3902,0.6667,6,8,6,0,0,8,6,0.2500
4,104.0000,8,45,582.2734,-85.8072,-0.2911,13,0.3171,0.6667,6,7,6,0,0,7,6,0.1429
4,104.0000,8,46,564.6710,-85.7559,-0.7568,11,0.2683,1.0000,8,8,8,0,0,8,8,0.0000
4,104.0000,9,2,431.8563,-83.0361,0.9058,14,0.3590,0.8571,7,7,4,0,0,7,4,0.4286
4,104.0000,9,11,454.0143,-83.3575,0.2149,12,0.3077,0.8750,8,7,6,0,0,7,6,0.1429
4,104.0000,9,17,595.5483,-86.3431,0.0785,4,0.1026,1.0000,8,8,8,0,0,8,8,0.0000
4,104.0000,9,18,284.6613,-79.1377,0.1069,34,0.8718,0.0000,4,4,0,0,0,4,0,1.0000
4,104.0000,9,21,650.8975,-86.2633,-1.2597,7,0.1795,0.8750,8,8,8,0,0,8,8,0.0000
4,104.0000,9,25,481.0681,-82.3472,0.2398,15,0.3846,0.8750,8,8,7,0,0,8,7,0.1250
4,104.0000,9,27,794.9427,-87.7219,0.2443,5,0.1282,1.0000,8,8,8,0,0,8,8,0.0000
4,104.0000,9,28,417.9039,-83.2354,0.7102,17,0.4359,0.6667,6,7,6,0,0,7,6,0.1429
4,104.0000,9,30,722.2958,-84.5932,0.7223,4,0.1026,1.0000,8,8,8,0,0,8,8,0.0000
4,104.0000,9,32,192.2203,-74.2334,-0.1922,32,0.8205,0.2000,5,5,2,0,0,5,2,0.6000
4,104.0000,9,35,530.8246,-84.0877,0.5468,20,0.5128,0.7143,7,8,7,0,0,8,7,0.1250
4,104.0000,9,39,294.7317,-77.3810,-0.3868,29,0.7436,0.5714,7,6,2,2,0,8,2,0.7500
4,104.0000,9,40,629.6866,-84.3670,-0.7762,9,0.2308,0.8889,9,8,8,0,0,8,8,0.0000
4,104.0000,9,44,493.9374,-85.3450,0.2348,6,0.1538,0.6667,6,7,4,0,0,7,4,0.4286
4,104.0000,9,45,383.4856,-82.0242,-0.4116,17,0.4359,0.5000,6,6,4,0,0,6,4,0.3333
4,104.0000,10,0,660.8191,-85.0697,1.2761,12,0.3000,0.8889,9,8,8,0,0,8,8,0.0000
4,104.0000,10,3,867.9030,-87.0000,-0.1985,3,0.0750,1.0000,8,8,8,0,0,8,8,0.0000
4,104.0000,10,6,944.6620,-87.5114,1.4405,3,0.0750,1.0000,8,6,6,0,0,6,6,0.0000
4,104.0000,10,7,263.9449,-75.8447,-1.2939,32,0.8000,0.2000,5,5,1,0,0,5,1,0.8000
4,104.0000,10,12,664.3879,-85.5083,0.1492,9,0.2250,0.6667,6,8,8,0,0,8,8,0.0000
4,104.0000,10,14,874.0023,-88.6352,0.3977,5,0.1250,1.0000,8,8,7,0,0,8,7,0.1250
4,104.0000,10,16,407.8771,-82.4408,-0.2104,19,0.4750,0.7143,7,7,5,0,0,7,5,0.2857
4,104.0000,10,22,837.9910,-86.9337,0.1095,9,0.2250,1.0000,8,7,6,0,0,7,6,0.1429
4,104.0000,10,23,480.5062,-84.4066,0.4213,14,0.3500,0.8571,7,7,4,0,0,7,4,0.4286
4,104.0000,10,24,976.0396,-88.0681,0.6427,6,0.1500,1.0000,8,8,8,0,0,8,8,0.0000
4,104.0000,10,26,373.7356,-81.6989,0.0484,19,0.4750,0.7500,8,6,3,0,0,6,3,0.5000
4,104.0000,10,29,328.3343,-79.8271,-0.8045,24,0.6000,0.1667,6,7,4,0,0,7,4,0.4286
4,104.0000,10,34,975.1850,-88.0707,-2.3574,3,0.0750,1.0000,8,4,4,0,0,4,4,0.0000
4,104.0000,10,37,852.4091,-87.3778,0.8227,4,0.1000,1.0000,8,8,8,0,0,8,8,0.0000
4,104.0000,10,38,228.2494,-76.7899,0.2865,31,0.7750,0.2000,5,4,0,0,0,4,0,1.0000
4,104.0000,10,41,262.3511,-78.8979,0.1944,28,0.7000,0.0000,4,5,2,0,0,5,2,0.6000
4,104.0000,10,43,437.3834,-82.7396,0.5721,21,0.5250,0.4444,9,7,4,0,0,7,4,0.4286
4,104.0000,10,47,249.7736,-78.2178,0.0276,33,0.8250,0.2429,140,5,1,0,0,5,1,0.8000
4,104.0000,11,1,942.8975,-87.6306,-0.8247,4,0.1000,1.0000,8,4,4,0,0,4,4,0.0000
4,104.0000,11,2,514.5798,-83.4122,0.3505,19,0.4750,0.7143,7,6,3,0,0,6,3,0.5000
4,104.0000,11,4,511.5786,-83.1580,-0.4103,11,0.2750,0.6667,6,8,7,0,0,8,7,0.1250
4,104.0000,11,8,708.5437,-86.1720,-0.4170,7,0.1750,0.8750,8,8,7,0,0,8,7,0.1250
4,104.0000,11,9,454.0143,-83.2209,0.2680,22,0.5500,0.8000,5,6,4,0,0,6,4,0.3333
4,104.0000,11,13,343.7465,-78.7516,-1.1152,19,0.4750,0.7143,7,6,6,0,0,6,6,0.0000
4,104.0000,11,15,663.9950,-86.2803,-0.8105,7,0.1750,1.0000,8,7,6,0,0,7,6,0.1429
4,104.0000,11,17,376.6922,-81.9406,-0.5943,20,0.5000,0.7143,7,6,4,0,0,6,4,0.3333
4,104.0000,11,18,438.4336,-81.8661,-0.6344,27,0.6750,0.6667,6,7,5,0,0,7,5,0.2857
4,104.0000,11,19,878.0718,-87.6983,0.2983,5,0.1250,0.8571,7,6,6,0,0,6,6,0.0000
4,104.0000,11,20,849.0065,-86.1997,1.2805,3,0.0750,1.0000,4,4,4,0,0,4,4,0.0000
4,104.0000,11,21,545.2483,-84.2949,-0.6795,11,0.2750,0.8750,8,8,8,0,0,8,8,0.0000
4,104.0000,11,24,897.5088,-87.3460,-1.4493,3,0.0750,1.0000,8,8,8,0,0,8,8,0.0000
4,104.0000,11,25,143.6530,-73.5304,0.7882,34,0.8500,0.5714,7,4,0,0,0,4,0,1.0000
4,104.0000,11,27,543.5507,-83.0261,-0.7238,11,0.2750,0.8571,7,8,8,0,0,8,8,0.0000
4,104.0000,11,28,370.0783,-80.0865,-0.7207,20,0.5000,0.4000,5,5,2,0,0,5,2,0.6000
4,104.0000,11,30,579.3012,-84.6658,-0.1008,11,0.2750,0.8750,8,8,8,0,0,8,8,0.0000
4,104.0000,11,31,789.8154,-88.8388,0.0298,3,0.0750,1.0000,8,7,6,0,0,7,6,0.1429
4,104.0000,11,32,367.0430,-81.6213,-0.1454,27,0.6750,0.8571,7,4,0,0,0,4,0,1.0000
4,104.0000,11,33,788.3581,-86.2917,-1.7055,4,0.1000,1.0000,8,8,7,0,0,8,7,0.1250
4,104.0000,11,34,911.2979,-87.2007,-0.2035,3,0.0750,1.0000,8,6,6,0,0,6,6,0.0000
4,104.0000,11,35,629.0377,-84.2318,-0.6072,20,0.5000,0.8571,7,7,5,0,0,7,5,0.2857
4,104.0000,11,36,620.4692,-84.4991,0.3286,7,0.1750,0.8750,8,6,6,0,0,6,6,0.0000
4,104.0000,11,39,468.2847,-83.3953,-0.2950,25,0.6250,0.5714,7,6,3,0,0,6,3,0.5000
4,104.0000,11,40,413.5922,-81.4678,-0.4708,18,0.4500,0.5000,6,6,3,0,0,6,3,0.5000
4,104.0000,11,44,391.9591,-80.0624,-1.1035,22,0.5500,0.7143,7,6,4,0,0,6,4,0.3333
4,104.0000,11,45,307.2303,-79.1671,-0.7187,29,0.7250,0.8571,7,8,7,0,0,8,7,0.1250
4,104.0000,11,46,698.4306,-86.8549,-0.6391,5,0.1250,1.0000,8,8,7,0,0,8,7,0.1250
4,104.0000,12,3,738.4221,-86.3126,0.7412,6,0.1500,1.0000,8,8,8,0,0,8,8,0.0000
4,104.0000,12,5,830.2264,-86.8277,-0.7161,3,0.0750,1.0000,8,8,8,28,28,36,36,0.0000
4,104.0000,12,7,556.0216,-84.5752,0.5662,9,0.2250,0.7143,7,8,8,0,0,8,8,0.0000
4,104.0000,12,10,664.3879,-85.0788,0.5470,6,0.1500,1.0000,8,8,8,0,0,8,8,0.0000
4,104.0000,12,14,282.6212,-77.2352,-0.3309,24,0.6000,0.5000,6,7,6,0,0,7,6,0.1429
4,104.0000,12,15,572.5431,-81.9489,-1.3902,8,0.2000,1.0000,8,8,8,0,0,8,8,0.0000
4,104.0000,12,16,780.4659,-86.7331,-0.4015,7,0.1750,1.0000,8,8,8,0,0,8,8,0.0000
4,104.0000,12,19,671.9535,-84.5956,0.2101,5,0.1250,0.9000,10,8,8,0,0,8,8,0.0000
4,104.0000,12,23,708.8955,-87.1374,2.0354,6,0.1500,1.0000,6,8,8,0,0,8,8,0.0000
4,104.0000,12,24,365.3869,-77.8150,-1.4139,24,0.6000,0.7143,7,9,7,1,0,10,7,0.3000
4,104.0000,12,26,473.1408,-82.6991,0.3493,11,0.2750,0.8571,7,8,7,0,0,8,7,0.1250
4,104.0000,12,29,453.2687,-82.4294,0.0130,16,0.4000,0.8571,7,7,5,0,0,7,5,0.2857
4,104.0000,12,31,447.9742,-82.0239,-0.4313,11,0.2750,0.7500,8,6,6,0,0,6,6,0.0000
4,104.0000,12,33,785.3122,-86.0341,0.5838,3,0.0750,1.0000,20,6,6,0,0,6,6,0.0000
4,104.0000,12,34,326.0858,-79.6560,-0.1634,21,0.5250,0.8571,7,7,5,0,0,7,5,0.2857
4,104.0000,12,36,639.5230,-85.7046,0.3253,3,0.0750,1.0000,8,8,7,0,0,8,7,0.1250
4,104.0000,12,38,608.1277,-86.5954,2.0047,6,0.1500,0.8571,7,8,7,0,0,8,7,0.1250
4,104.0000,12,41,548.9908,-85.5291,0.7110,10,0.2500,0.8571,7,9,7,0,0,9,7,0.2222
4,104.0000,12,42,469.5195,-80.6341,-0.8945,14,0.3500,0.8750,8,8,8,0,0,8,8,0.0000
4,104.0000,12,43,891.0254,-87.9896,-0.1765,6,0.1500,1.0000,4,5,4,0,0,5,4,0.2000
4,104.0000,12,46,534.7588,-83.8816,-0.9160,8,0.2000,0.8571,7,8,8,0,0,8,8,0.0000
4,104.0000,12,47,875.3948,-87.4330,-0.8773,6,0.1500,1.0000,8,4,4,0,0,4,4,0.0000
4,104.0000,13,1,704.5868,-85.5062,-1.2010,11,0.2750,1.0000,8,7,6,0,0,7,6,0.1429
4,104.0000,13,2,643.2031,-86.1189,-0.5950,9,0.2250,0.5714,7,8,6,0,0,8,6,0.2500
4,104.0000,13,4,354.1708,-81.1321,-0.5497,17,0.4250,0.0000,4,8,8,0,0,8,8,0.0000
4,104.0000,13,5,854.5957,-86.6298,-1.9697,3,0.0750,1.0000,8,8,8,0,0,8,8,0.0000
4,104.0000,13,8,489.7404,-84.8283,0.7703,7,0.1750,0.8571,7,8,8,0,0,8,8,0.0000
4,104.0000,13,9,758.1751,-87.4422,0.6634,8,0.2000,0.8750,8,8,8,0,0,8,8,0.0000
4,104.0000,13,11,343.7465,-80.0278,-0.0582,18,0.4500,0.6667,6,6,3,0,0,6,3,0.5000
4,104.0000,13,14,692.3660,-84.9984,0.2657,6,0.1500,1.0000,8,8,8,0,0,8,8,0.0000
4,104.0000,13,15,354.3547,-81.6766,1.3881,12,0.3000,1.0000,8,6,2,0,0,6,2,0.6667
4,104.0000,13,17,373.5267,-79.9443,-0.9188,18,0.4500,0.5000,6,7,4,0,0,7,4,0.4286
4,104.0000,13,18,775.1804,-86.3255,-0.2730,11,0.2750,1.0000,8,7,6,0,0,7,6,0.1429
4,104.0000,13,19,546.3077,-84.6647,0.3656,10,0.2500,0.8750,8,8,8,0,0,8,8,0.0000
4,104.0000,13,20,652.7263,-86.7670,2.1137,5,0.1250,0.8571,7,7,6,0,0,7,6,0.1429
4,104.0000,13,21,496.6417,-82.5517,-1.0938,12,0.3000,1.0000,8,7,6,0,0,7,6,0.1429
4,104.0000,13,24,569.1862,-86.2495,1.7643,7,0.1750,0.8571,7,7,6,0,0,7,6,0.1429
4,104.0000,13,25,376.7554,-80.9505,0.5481,14,0.3500,0.8571,7,5,2,0,0,5,2,0.6000
4,104.0000,13,27,349.3542,-79.8933,-0.3595,18,0.4500,0.0000,4,6,4,0,0,6,4,0.3333
4,104.0000,13,28,540.0597,-83.4184,-0.1006,11,0.2750,0.8750,8,7,6,0,0,7,6,0.1429
4,104.0000,13,30,520.2935,-84.1284,-1.5370,12,0.3000,0.5714,7,6,3,0,0,6,3,0.5000
4,104.0000,13,31,509.9775,-84.5828,0.3645,7,0.1750,0.7143,7,7,6,0,0,7,6,0.1429
4,104.0000,13,32,644.3385,-86.5287,0.0157,9,0.2250,0.7143,7,7,6,0,0,7,6,0.1429
4,104.0000,13,33,499.3784,-83.3024,0.1048,11,0.2750,0.7143,7,8,8,0,0,8,8,0.0000
4,104.0000,13,34,616.7199,-84.7100,-0.4184,10,0.2500,0.8571,7,8,8,0,0,8,8,0.0000
4,104.0000,13,35,851.4936,-86.8199,-0.8089,5,0.1250,1.0000,8,6,6,0,0,6,6,0.0000
4,104.0000,13,36,286.4246,-78.8845,-0.2049,25,0.6250,0.6667,6,6,4,0,0,6,4,0.3333
4,104.0000,13,39,802.8185,-87.1463,0.0049,9,0.2250,0.8750,8,5,4,0,0,5,4,0.2000
4,104.0000,13,40,423.5976,-80.9454,0.0779,15,0.3750,0.8571,7,8,6,0,0,8,6,0.2500
4,104.0000,13,42,527.1965,-83.4114,-0.2205,12,0.3000,1.0000,8,7,5,0,0,7,5,0.2857
4,104.0000,13,44,496.5086,-81.4000,-0.4475,18,0.4500,0.5000,6,8,8,2,1,10,9,0.1000
4,104.0000,13,45,453.3435,-84.2042,-0.1905,12,0.3000,0.7143,7,8,8,0,0,8,8,0.0000
4,104.0000,13,46,384.5858,-81.0624,1.8424,14,0.3500,0.8571,7,7,5,0,0,7,5,0.2857
4,104.0000,14,3,796.0189,-87.0986,0.3326,6,0.1500,1.0000,8,8,8,0,0,8,8,0.0000
4,104.0000,14,5,773.3162,-86.5567,-0.7635,7,0.1750,1.0000,8,4,4,0,0,4,4,0.0000
4,104.0000,14,6,972.1122,-87.9459,0.2431,4,0.1000,1.0000,6,4,4,0,0,4,4,0.0000
4,104.0000,14,7,715.6675,-87.0252,-0.3748,8,0.2000,1.0000,8,8,8,0,0,8,8,0.0000
4,104.0000,14,8,819.1027,-87.6876,0.0897,4,0.1000,1.0000,2,7,6,0,0,7,6,0.1429
4,104.0000,14,10,874.0023,-87.7488,-0.0866,7,0.1750,1.0000,6,8,8,0,0,8,8,0.0000
4,104.0000,14,12,282.6212,-77.3413,-0.3834,28,0.7000,0.0000,4,8,6,0,0,8,6,0.2500
4,104.0000,14,13,692.3660,-86.4861,-1.0136,5,0.1250,0.8000,5,7,6,0,0,7,6,0.1429
4,104.0000,14,15,344.3162,-80.0875,-0.3369,21,0.5250,0.6250,8,6,4,0,0,6,4,0.3333
4,104.0000,14,17,866.3693,-87.5282,0.3171,3,0.0750,1.0000,6,8,8,0,0,8,8,0.0000
4,104.0000,14,19,531.6271,-81.4915,-0.7368,8,0.2000,0.7143,7,8,8,0,0,8,8,0.0000
4,104.0000,14,23,938.9675,-88.1758,-1.2002,4,0.1000,1.0000,2,8,8,0,0,8,8,0.0000
4,104.0000,14,24,182.4745,-71.5947,-1.4172,33,0.8250,0.2000,5,6,4,0,0,6,4,0.3333
4,104.0000,14,26,648.3460,-85.7868,-1.4100,11,0.2750,1.0000,8,8,8,0,0,8,8,0.0000
4,104.0000,14,27,819.0865,-88.0432,0.6129,4,0.1000,1.0000,6,8,8,0,0,8,8,0.0000
4,104.0000,14,29,601.5493,-84.9310,-0.8817,14,0.3500,0.8750,8,6,4,0,0,6,4,0.3333
4,104.0000,14,31,271.3359,-78.3059,0.2622,22,0.5500,0.4286,7,4,0,0,0,4,0,1.0000
4,104.0000,14,33,673.3283,-85.0962,1.9010,4,0.1000,0.8571,7,8,7,0,0,8,7,0.1250
4,104.0000,14,34,157.5598,-74.8607,1.6517,31,0.7750,0.2727,11,5,1,0,0,5,1,0.8000
4,104.0000,14,36,415.2722,-81.2577,-0.3467,16,0.4000,0.0000,4,7,6,0,0,7,6,0.1429
4,104.0000,14,37,886.8295,-88.0492,-0.3243,4,0.1000,1.0000,6,4,4,0,0,4,4,0.0000
4,104.0000,14,38,807.5175,-86.7597,0.1627,6,0.1500,1.0000,6,8,8,0,0,8,8,0.0000
4,104.0000,14,40,860.0363,-87.7597,-1.7370,3,0.0750,0.8571,7,8,8,0,0,8,8,0.0000
4,104.0000,14,41,775.5299,-85.1185,-3.3228,5,0.1250,1.0000,8,8,8,0,0,8,8,0.0000
4,104.0000,14,42,388.0736,-80.3840,-0.8038,20,0.5000,0.8571,7,8,8,0,0,8,8,0.0000
4,104.0000,14,46,322.7603,-78.5096,-0.0698,25,0.6250,0.5000,6,5,1,0,0,5,1,0.8000
4,104.0000,15,1,792.6364,-86.5062,-0.5514,6,0.1500,1.0000,8,4,4,0,0,4,4,0.0000
4,104.0000,15,2,957.0693,-89.3122,-0.1952,4,0.1000,1.0000,4,2,2,0,0,2,2,0.0000
4,104.0000,15,4,516.1271,-84.7559,0.8199,11,0.2750,1.0000,8,7,6,0,0,7,6,0.1429
4,104.0000,15,5,765.9555,-86.7864,-1.3557,9,0.2250,1.0000,8,8,7,0,0,8,7,0.1250
4,104.0000,15,7,1033.7456,-88.4492,-0.1778,4,0.1000,1.0000,6,4,4,0,0,4,4,0.0000
4,104.0000,15,8,585.0829,-86.9335,1.0256,9,0.2250,0.8571,7,8,6,0,0,8,6,0.2500
4,104.0000,15,9,1071.1778,-88.8655,-0.4196,3,0.0750,,0,8,8,0,0,8,8,0.0000
4,104.0000,15,11,663.9950,-87.1508,0.0913,10,0.2500,0.8571,7,8,8,0,0,8,8,0.0000
4,104.0000,15,12,572.5431,-82.6357,-0.7777,20,0.5000,0.8571,7,7,5,0,0,7,5,0.2857
4,104.0000,15,13,354.3547,-81.9921,1.2478,15,0.3750,0.5714,7,6,3,41,28,47,31,0.3404
4,104.0000,15,14,344.3162,-79.5068,-0.3595,29,0.7250,0.2000,5,6,3,0,0,6,3,0.5000
4,104.0000,15,17,547.2651,-83.8294,0.0519,10,0.2500,0.6667,6,8,8,0,0,8,8,0.0000
4,104.0000,15,19,443.5027,-80.5944,-0.5301,22,0.5500,0.8750,8,5,2,0,0,5,2,0.6000
4,104.0000,15,20,793.9366,-88.0968,-0.1177,5,0.1250,1.0000,6,7,6,0,0,7,6,0.1429
4,104.0000,15,21,732.8011,-87.8519,0.6851,5,0.1250,1.0000,6,8,8,0,0,8,8,0.0000
4,104.0000,15,24,245.4721,-77.2542,0.1396,31,0.7750,0.1667,6,4,0,0,0,4,0,1.0000
4,104.0000,15,25,640.0444,-86.7200,0.1137,11,0.2750,1.0000,2,8,8,0,0,8,8,0.0000
4,104.0000,15,27,531.9676,-86.2311,0.0608,10,0.2500,0.7143,7,7,5,0,0,7,5,0.2857
4,104.0000,15,28,887.9831,-88.9122,-0.3222,3,0.0750,1.0000,6,4,4,0,0,4,4,0.0000
4,104.0000,15,29,923.9966,-87.4611,-0.0760,6,0.1500,1.0000,8,8,8,0,0,8,8,0.0000
4,104.0000,15,30,792.5430,-88.2630,-0.5447,5,0.1250,1.0000,8,8,8,0,0,8,8,0.0000
4,104.0000,15,31,178.7725,-71.2034,-1.5319,36,0.9000,0.5714,7,4,0,0,0,4,0,1.0000
4,104.0000,15,33,495.5143,-82.2200,-0.5812,14,0.3500,0.6667,6,5,1,0,0,5,1,0.8000
4,104.0000,15,34,265.2819,-74.9220,-1.5606,32,0.8000,0.0000,4,5,1,0,0,5,1,0.8000
4,104.0000,15,36,110.9254,-72.3532,1.4346,36,0.9000,0.0000,4,5,1,0,0,5,1,0.8000
4,104.0000,15,40,554.0141,-85.0356,0.7190,9,0.2250,0.8571,7,8,8,0,0,8,8,0.0000
4,104.0000,15,41,1075.3588,-87.8633,-0.1616,3,0.0750,,0,4,4,0,0,4,4,0.0000
4,104.0000,15,42,281.5672,-77.9042,-0.0348,32,0.8000,0.8750,8,6,2,0,0,6,2,0.6667
4,104.0000,15,44,836.4419,-89.3645,0.3885,4,0.1000,1.0000,8,7,6,0,0,7,6,0.1429
4,104.0000,15,45,732.8959,-86.4896,-0.6536,6,0.1500,1.0000,6,8,7,0,0,8,7,0.1250
4,104.0000,15,46,53.3057,-65.9976,1.7452,37,0.9250,0.2857,7,4,0,0,0,4,0,1.0000
4,104.0000,16,0,266.6938,-76.6258,-0.9036,37,0.9250,0.1667,6,6,4,0,0,6,4,0.3333
4,104.0000,16,3,579.5509,-83.5501,-0.7339,13,0.3250,1.0000,8,8,7,0,0,8,7,0.1250
4,104.0000,16,5,937.2367,-88.6558,0.0880,4,0.1000,1.0000,8,6,6,0,0,6,6,0.0000
4,104.0000,16,6,600.2247,-83.5058,-0.6998,15,0.3750,1.0000,8,7,5,0,0,7,5,0.2857
4,104.0000,16,7,303.4760,-78.3571,0.1673,33,0.8250,0.4000,5,6,2,0,0,6,2,0.6667
4,104.0000,16,10,407.8771,-82.0175,0.1773,28,0.7000,0.5652,23,6,4,0,0,6,4,0.3333
4,104.0000,16,12,780.4659,-86.9236,0.4878,6,0.1500,1.0000,8,8,8,0,0,8,8,0.0000
4,104.0000,16,14,951.9728,-86.7294,-0.0471,6,0.1500,1.0000,8,8,8,0,0,8,8,0.0000
4,104.0000,16,19,1049.0500,-87.7992,0.2415,3,0.0750,1.0000,8,8,8,0,0,8,8,0.0000
4,104.0000,16,22,472.0560,-82.4835,-0.1380,30,0.7500,0.7143,7,5,1,0,0,5,1,0.8000
4,104.0000,16,23,325.6531,-80.3026,0.2188,33,0.8250,0.5714,7,6,3,0,0,6,3,0.5000
4,104.0000,16,26,309.7619,-77.6686,-1.0779,26,0.6500,0.4423,52,4,0,72,42,76,42,0.4474
4,104.0000,16,29,402.1246,-81.5863,-0.2022,20,0.5000,0.4000,5,6,3,0,0,6,3,0.5000
4,104.0000,16,31,1177.2920,-89.0222,-0.1147,4,0.1000,1.0000,8,4,4,0,0,4,4,0.0000
4,104.0000,16,37,519.5663,-81.9292,-0.9159,24,0.6000,0.8131,107,7,6,12,12,19,18,0.0526
4,104.0000,16,38,221.7065,-74.6952,-0.2247,36,0.9000,0.2000,5,6,2,0,0,6,2,0.6667
4,104.0000,16,41,297.9748,-76.7959,-0.7251,33,0.8250,0.2000,5,7,4,0,0,7,4,0.4286
4,104.0000,16,43,288.3643,-79.5471,0.2997,35,0.8750,0.4000,5,6,2,0,0,6,2,0.6667
4,104.0000,16,47,325.3197,-79.6334,0.1316,37,0.9250,0.0000,4,5,1,0,0,5,1,0.8000
4,104.0000,17,2,566.6598,-84.3471,0.6380,18,0.4500,1.0000,6,8,7,0,0,8,7,0.1250
4,104.0000,17,4,299.5946,-77.8394,-0.5010,28,0.7000,0.5000,6,6,3,0,0,6,3,0.5000
4,104.0000,17,8,543.4111,-83.9595,1.0964,12,0.3000,1.0000,8,8,8,0,0,8,8,0.0000
4,104.0000,17,9,595.5483,-85.4368,0.3076,17,0.4250,1.0000,8,8,8,0,0,8,8,0.0000
4,104.0000,17,11,376.6922,-81.6432,-0.1420,21,0.5250,0.4286,7,5,2,0,0,5,2,0.6000
4,104.0000,17,13,373.5267,-81.8248,0.4134,16,0.4000,0.7500,8,8,7,0,0,8,7,0.1250
4,104.0000,17,14,866.3693,-87.6345,-2.6372,3,0.0750,1.0000,8,7,6,0,0,7,6,0.1429
4,104.0000,17,15,547.2651,-83.5939,0.4896,7,0.1750,1.0000,8,8,8,0,0,8,8,0.0000
4,104.0000,17,18,729.2060,-86.1706,-0.1162,12,0.3000,0.8750,8,8,8,0,0,8,8,0.0000
4,104.0000,17,19,784.4634,-85.9350,0.8040,4,0.1000,1.0000,8,7,6,0,0,7,6,0.1429
4,104.0000,17,20,813.7102,-87.1088,0.5480,6,0.1500,1.0000,6,6,6,0,0,6,6,0.0000
4,104.0000,17,21,431.0050,-81.1502,-0.3769,18,0.4500,0.8750,8,8,8,0,0,8,8,0.0000
4,104.0000,17,25,316.4233,-80.9662,1.2010,25,0.6250,0.7143,7,5,1,0,0,5,1,0.8000
4,104.0000,17,27,425.8598,-81.3342,0.0235,15,0.3750,0.8571,7,7,5,0,0,7,5,0.2857
4,104.0000,17,28,572.1645,-84.3913,-0.0290,16,0.4000,0.4000,5,8,8,0,0,8,8,0.0000
4,104.0000,17,30,608.4012,-84.7467,0.1769,12,0.3000,1.0000,8,8,8,0,0,8,8,0.0000
4,104.0000,17,31,610.1078,-84.3079,-1.0146,8,0.2000,0.8571,7,8,8,0,0,8,8,0.0000
4,104.0000,17,32,565.6233,-84.5404,0.0708,17,0.4250,0.8750,8,4,2,0,0,4,2,0.5000
4,104.0000,17,33,640.8799,-85.2938,0.2594,7,0.1750,0.7143,7,7,6,0,0,7,6,0.1429
4,104.0000,17,34,735.9363,-85.5104,0.4577,6,0.1500,1.0000,8,8,7,0,0,8,7,0.1250
4,104.0000,17,35,907.0431,-86.7463,2.1839,4,0.1000,0.7500,4,8,8,0,0,8,8,0.0000
4,104.0000,17,36,528.4320,-82.2225,0.3648,11,0.2750,1.0000,8,8,7,0,0,8,7,0.1250
4,104.0000,17,39,662.1928,-85.7197,0.3914,14,0.3500,0.8750,8,6,4,0,0,6,4,0.3333
4,104.0000,17,40,101.1887,-69.6575,0.7244,37,0.9250,0.0000,4,5,1,0,0,5,1,0.8000
4,104.0000,17,42,575.0751,-84.6990,-0.2480,11,0.2750,0.8750,8,8,8,0,0,8,8,0.0000
4,104.0000,17,44,554.3417,-83.1447,0.1737,14,0.3500,1.0000,8,6,3,0,0,6,3,0.5000
4,104.0000,17,45,247.9313,-78.7907,1.0558,28,0.7000,0.8750,8,5,2,0,0,5,2,0.6000
4,104.0000,17,46,557.7406,-85.5304,0.2134,7,0.1750,1.0000,8,8,8,0,0,8,8,0.0000
4,104.0000,18,2,594.3921,-85.1761,-0.7604,7,0.1750,1.0000,8,7,5,0,0,7,5,0.2857
4,104.0000,18,9,284.6613,-79.0675,0.7877,33,0.8250,0.5714,7,4,0,0,0,4,0,1.0000
4,104.0000,18,11,438.4336,-81.8318,-0.1034,14,0.3500,1.0000,8,7,5,0,0,7,5,0.2857
4,104.0000,18,13,775.1804,-84.4960,-1.8349,3,0.0750,0.8750,8,8,8,0,0,8,8,0.0000
4,104.0000,18,17,729.2060,-85.4641,-0.9338,8,0.2000,1.0000,8,8,8,0,0,8,8,0.0000
4,104.0000,18,21,811.7292,-85.4635,-1.0300,4,0.1000,0.7143,7,8,8,0,0,8,8,0.0000
4,104.0000,18,25,492.4538,-81.6537,-0.9508,18,0.4500,0.8571,7,6,4,0,0,6,4,0.3333
4,104.0000,18,27,903.2490,-87.1102,-0.2322,3,0.0750,0.8571,7,7,7,0,0,7,7,0.0000
4,104.0000,18,28,460.3948,-82.2935,0.7847,17,0.4250,1.0000,8,7,6,0,0,7,6,0.1429
4,104.0000,18,30,814.3109,-87.1225,1.0452,4,0.1000,1.0000,8,10,10,0,0,10,10,0.0000
4,104.0000,18,32,294.2619,-77.7971,-0.5627,33,0.8250,0.4000,5,6,4,0,0,6,4,0.3333
4,104.0000,18,35,449.5741,-82.1152,-0.4685,26,0.6500,0.2000,5,6,3,0,0,6,3,0.5000
4,104.0000,18,39,255.4354,-76.2746,-0.7281,35,0.8750,0.2000,5,5,1,0,0,5,1,0.8000
4,104.0000,18,40,754.9279,-85.2216,-1.0206,7,0.1750,1.0000,8,8,8,0,0,8,8,0.0000
4,104.0000,18,44,548.8900,-84.8555,-0.5573,10,0.2500,0.8571,7,8,8,0,0,8,8,0.0000
4,104.0000,18,45,550.3943,-83.1190,-0.6530,13,0.3250,0.6667,6,7,6,0,0,7,6,0.1429
4,104.0000,19,0,998.3245,-88.2835,-3.0942,5,0.1250,1.0000,6,2,2,0,0,2,2,0.0000
4,104.0000,19,1,421.3477,-84.2033,0.4381,14,0.3500,0.7500,8,6,4,0,0,6,4,0.3333
4,104.0000,19,2,968.1695,-88.1370,0.1069,5,0.1250,1.0000,4,8,8,0,0,8,8,0.0000
4,104.0000,19,3,589.6093,-85.9730,0.6133,11,0.2750,1.0000,8,7,6,0,0,7,6,0.1429
4,104.0000,19,4,565.8485,-84.1387,-0.9643,12,0.3000,0.8750,8,8,8,0,0,8,8,0.0000
4,104.0000,19,5,329.7311,-79.8594,-0.6731,28,0.7000,0.6667,6,5,1,0,0,5,1,0.8000
4,104.0000,19,6,760.2001,-86.6906,-0.3268,9,0.2250,1.0000,4,4,4,0,0,4,4,0.0000
4,104.0000,19,7,942.7118,-88.6672,2.5395,3,0.0750,1.0000,4,2,2,0,0,2,2,0.0000
4,104.0000,19,8,434.2674,-82.2405,0.2793,13,0.3250,0.5714,7,7,5,0,0,7,5,0.2857
4,104.0000,19,11,878.0718,-87.3543,-1.8634,5,0.1250,1.0000,8,6,6,0,0,6,6,0.0000
4,104.0000,19,12,671.9535,-85.6964,-0.2066,14,0.3500,0.8571,7,8,8,0,0,8,8,0.0000
4,104.0000,19,13,546.3077,-84.8967,-0.8682,12,0.3000,0.8571,7,8,8,0,0,8,8,0.0000
4,104.0000,19,14,531.6271,-82.1580,-0.7771,21,0.5250,1.0000,10,8,8,0,0,8,8,0.0000
4,104.0000,19,15,443.5027,-81.9349,-0.8097,19,0.4750,0.8750,8,6,4,0,0,6,4,0.3333
4,104.0000,19,16,1049.0500,-88.9702,-0.3140,7,0.1750,1.0000,6,2,2,0,0,2,2,0.0000
4,104.0000,19,17,784.4634,-87.1119,-1.0712,8,0.2000,1.0000,8,8,8,0,0,8,8,0.0000
4,104.0000,19,20,492.5313,-84.7743,0.2031,14,0.3500,0.8750,8,8,6,0,0,8,6,0.2500
4,104.0000,19,21,705.9351,-86.6782,1.0700,5,0.1250,1.0000,8,8,8,0,0,8,8,0.0000
4,104.0000,19,24,372.7857,-80.7360,-0.6120,26,0.6500,0.7143,7,7,5,0,0,7,5,0.2857
4,104.0000,19,25,916.0813,-87.1970,-0.2304,4,0.1000,1.0000,4,8,8,0,0,8,8,0.0000
4,104.0000,19,26,819.4718,-85.6345,-0.6804,7,0.1750,0.8571,7,4,4,0,0,4,4,0.0000
4,104.0000,19,27,480.8110,-83.1205,0.7447,12,0.3000,0.8571,7,8,8,0,0,8,8,0.0000
4,104.0000,19,28,931.3271,-87.7460,0.0011,7,0.1750,1.0000,8,4,4,0,0,4,4,0.0000
4,104.0000,19,29,860.4138,-87.3884,-0.3576,7,0.1750,1.0000,6,4,4,0,0,4,4,0.0000
4,104.0000,19,30,680.7370,-85.2254,0.2534,6,0.1500,1.0000,8,8,7,0,0,8,7,0.1250
4,104.0000,19,31,545.1806,-84.0782,-0.5770,16,0.4000,0.8750,8,7,6,0,0,7,6,0.1429
4,104.0000,19,32,1101.2309,-89.5103,0.9547,4,0.1000,,0,6,6,0,0,6,6,0.0000
4,104.0000,19,33,246.3643,-77.1779,-0.5687,33,0.8250,0.2000,5,6,3,0,0,6,3,0.5000
4,104.0000,19,34,546.9606,-84.0992,1.1126,16,0.4000,0.8571,7,7,6,0,0,7,6,0.1429
4,104.0000,19,36,367.4116,-81.2516,0.3428,20,0.5000,0.6667,6,8,8,0,0,8,8,0.0000
4,104.0000,19,37,708.2120,-85.9540,-0.4493,8,0.2000,1.0000,2,7,6,0,0,7,6,0.1429
4,104.0000,19,38,1006.9395,-89.4588,0.0493,3,0.0750,,0,4,4,0,0,4,4,0.0000
4,104.0000,19,40,839.9245,-87.4935,0.6698,8,0.2000,1.0000,8,8,8,0,0,8,8,0.0000
4,104.0000,19,41,982.9708,-87.9563,-0.2575,5,0.1250,1.0000,6,2,2,0,0,2,2,0.0000
4,104.0000,19,42,447.2442,-82.2998,-0.4852,18,0.4500,0.4000,5,8,8,0,0,8,8,0.0000
4,104.0000,19,44,848.8678,-86.3060,0.4062,6,0.1500,0.8750,8,6,6,0,0,6,6,0.0000
4,104.0000,19,45,888.7358,-88.6419,-0.1723,8,0.2000,1.0000,4,6,6,0,0,6,6,0.0000
4,104.0000,19,46,418.7934,-79.5515,-1.4386,23,0.5750,0.5000,6,8,8,0,0,8,8,0.0000
4,104.0000,20,1,188.7910,-74.7643,-0.2351,34,0.8500,0.0000,4,7,3,0,0,7,3,0.5714
4,104.0000,20,2,675.6485,-84.4025,-0.6471,7,0.1750,1.0000,8,8,8,0,0,8,8,0.0000
4,104.0000,20,3,889.4452,-87.8672,-0.4108,4,0.1000,1.0000,8,4,4,0,0,4,4,0.0000
4,104.0000,20,4,530.9854,-86.3673,0.8847,8,0.2000,0.6667,6,8,7,2,2,10,9,0.1000
4,104.0000,20,5,523.1627,-83.5398,0.2946,13,0.3250,1.0000,8,7,6,0,0,7,6,0.1429
4,104.0000,20,8,335.9601,-79.5115,0.1887,18,0.4500,0.4000,5,6,4,0,0,6,4,0.3333
4,104.0000,20,11,849.0065,-86.2911,-1.1881,3,0.0750,1.0000,6,4,4,0,0,4,4,0.0000
4,104.0000,20,13,652.7263,-87.1803,-0.4661,5,0.1250,0.8571,7,8,8,0,0,8,8,0.0000
4,104.0000,20,14,1000.1851,-87.5034,-0.4416,3,0.0750,1.0000,8,6,6,0,0,6,6,0.0000
4,104.0000,20,15,793.9366,-85.6623,-0.2520,6,0.1500,1.0000,4,8,8,0,0,8,8,0.0000
4,104.0000,20,17,813.7102,-87.2623,-2.4789,3,0.0750,0.8750,8,8,8,0,0,8,8,0.0000
4,104.0000,20,19,492.5313,-83.7939,0.2293,6,0.1500,0.8750,8,7,6,0,0,7,6,0.1429
4,104.0000,20,21,479.7962,-83.8153,-0.5693,8,0.2000,0.8571,7,8,7,0,0,8,7,0.1250
4,104.0000,20,24,825.5350,-86.3353,-0.3722,4,0.1000,1.0000,6,8,8,0,0,8,8,0.0000
4,104.0000,20,25,936.9759,-88.3564,0.2752,4,0.1000,1.0000,6,4,4,0,0,4,4,0.0000
4,104.0000,20,27,390.2830,-81.0841,1.2816,13,0.3250,0.7143,7,9,7,57,50,66,57,0.1364
4,104.0000,20,28,695.8341,-86.1582,0.8434,7,0.1750,1.0000,144,5,4,80,78,85,82,0.0353
4,104.0000,20,30,347.0733,-79.6859,-0.1279,17,0.4250,0.4000,5,4,2,0,0,4,2,0.5000
4,104.0000,20,31,925.1077,-86.1740,1.1015,3,0.0750,1.0000,8,8,8,0,0,8,8,0.0000
4,104.0000,20,32,900.6872,-87.2261,0.6513,4,0.1000,1.0000,6,7,6,0,0,7,6,0.1429
4,104.0000,20,33,363.1589,-81.1081,1.7523,12,0.3000,1.0000,8,6,3,0,0,6,3,0.5000
4,104.0000,20,35,949.4634,-88.8848,-0.6201,4,0.1000,1.0000,6,3,2,0,0,3,2,0.3333
4,104.0000,20,36,688.8342,-86.0043,1.1016,8,0.2000,1.0000,8,8,8,0,0,8,8,0.0000
4,104.0000,20,40,907.0752,-87.9814,0.2164,5,0.1250,1.0000,14,6,6,0,0,6,6,0.0000
4,104.0000,20,42,784.1719,-86.0035,-0.8447,4,0.1000,1.0000,6,6,6,0,0,6,6,0.0000
4,104.0000,20,44,602.5821,-86.3553,-0.4069,8,0.2000,0.6667,6,8,8,0,0,8,8,0.0000
4,104.0000,20,45,780.1650,-86.4630,1.2920,4,0.1000,0.8333,6,5,4,0,0,5,4,0.2000
4,104.0000,20,46,782.0018,-86.2266,-0.5535,5,0.1250,1.0000,6,8,8,0,0,8,8,0.0000
4,104.0000,21,1,646.1048,-86.0101,0.3790,7,0.1750,0.8571,7,4,4,0,0,4,4,0.0000
4,104.0000,21,2,315.1497,-78.8953,-0.2953,36,0.9000,0.2000,5,5,2,0,0,5,2,0.6000
4,104.0000,21,4,234.3158,-78.1482,1.1787,23,0.5750,0.4000,5,5,2,0,0,5,2,0.6000
4,104.0000,21,8,310.8931,-80.7929,0.2864,19,0.4750,0.7143,7,6,3,0,0,6,3,0.5000
4,104.0000,21,9,650.8975,-84.9528,-1.1298,13,0.3250,1.0000,8,8,8,0,0,8,8,0.0000
4,104.0000,21,11,545.2483,-84.6102,-1.6136,14,0.3500,0.4000,5,7,6,0,0,7,6,0.1429
4,104.0000,21,13,496.6417,-83.2828,0.1524,11,0.2750,0.8750,8,8,8,0,0,8,8,0.0000
4,104.0000,21,15,732.8011,-88.3549,0.3672,7,0.1750,1.0000,8,8,8,0,0,8,8,0.0000
4,104.0000,21,17,431.0050,-81.6759,-1.4278,22,0.5500,0.8750,8,8,8,0,0,8,8,0.0000
4,104.0000,21,18,811.7292,-87.0122,-0.9280,10,0.2500,0.8571,7,6,6,0,0,6,6,0.0000
4,104.0000,21,19,705.9351,-87.0947,-0.4345,5,0.1250,1.0000,8,10,10,0,0,10,10,0.0000
4,104.0000,21,20,479.7962,-83.6042,0.7844,12,0.3000,0.7143,7,7,6,0,0,7,6,0.1429
4,104.0000,21,24,864.5186,-87.7444,-0.0840,4,0.1000,1.0000,6,6,6,0,0,6,6,0.0000
4,104.0000,21,25,600.8978,-84.1656,-0.5421,14,0.3500,0.7143,7,7,6,0,0,7,6,0.1429
4,104.0000,21,27,232.0280,-76.3482,-0.5972,30,0.7500,0.2000,5,6,2,0,0,6,2,0.6667
4,104.0000,21,28,423.7532,-80.3686,-0.7192,26,0.6500,0.8571,7,8,5,0,0,8,5,0.3750
4,104.0000,21,30,250.4202,-78.0281,-0.2401,31,0.7750,0.2000,5,7,5,0,0,7,5,0.2857
4,104.0000,21,31,840.6759,-88.2301,-0.2295,5,0.1250,0.8750,8,8,8,0,0,8,8,0.0000
4,104.0000,21,32,537.5768,-84.6984,-0.3619,18,0.4500,0.6667,6,8,8,0,0,8,8,0.0000
4,104.0000,21,33,492.0601,-84.1986,0.1959,9,0.2250,1.0000,8,5,2,0,0,5,2,0.6000
4,104.0000,21,35,759.4612,-86.8069,-0.2373,12,0.3000,0.8571,7,8,8,0,0,8,8,0.0000
4,104.0000,21,36,654.5147,-87.3562,0.5388,8,0.2000,0.6667,6,8,8,0,0,8,8,0.0000
4,104.0000,21,39,859.6297,-86.3221,-1.2341,9,0.2250,1.0000,4,6,6,0,0,6,6,0.0000
4,104.0000,21,40,530.9032,-83.3149,-0.3974,17,0.4250,0.6667,6,7,6,0,0,7,6,0.1429
4,104.0000,21,42,714.4377,-86.1113,0.0897,5,0.1250,1.0000,8,8,8,0,0,8,8,0.0000
4,104.0000,21,44,356.8019,-80.2557,-0.9451,31,0.7750,0.8750,8,8,7,0,0,8,7,0.1250
4,104.0000,21,45,342.5152,-80.1044,0.0375,29,0.7250,0.7500,8,6,4,0,0,6,4,0.3333
4,104.0000,21,46,729.8183,-87.6896,1.1887,4,0.1000,1.0000,6,8,8,0,0,8,8,0.0000
4,104.0000,22,0,223.8031,-77.0403,0.3667,26,0.6500,0.5000,6,6,3,0,0,6,3,0.5000
4,104.0000,22,3,468.9106,-83.2043,-0.4904,12,0.3000,0.8750,8,8,7,0,0,8,7,0.1250
4,104.0000,22,6,517.3238,-82.7848,-0.1128,16,0.4000,0.8571,7,8,8,0,0,8,8,0.0000
4,104.0000,22,7,720.0155,-85.9968,0.0126,7,0.1750,1.0000,8,8,8,0,0,8,8,0.0000
4,104.0000,22,10,837.9910,-87.4523,0.2457,7,0.1750,1.0000,8,8,8,0,0,8,8,0.0000
4,104.0000,22,16,472.0560,-83.2883,0.8229,12,0.3000,0.6667,6,7,6,0,0,7,6,0.1429
4,104.0000,22,23,437.2205,-81.8861,-1.0347,19,0.4750,0.5000,6,6,4,0,0,6,4,0.3333
4,104.0000,22,26,620.0851,-85.2104,-0.3673,8,0.2000,1.0000,8,8,8,0,0,8,8,0.0000
4,104.0000,22,29,777.4140,-87.2421,-0.2500,5,0.1250,1.0000,8,7,6,0,0,7,6,0.1429
4,104.0000,22,37,443.6552,-82.0343,-0.3488,12,0.3000,1.0000,8,5,2,0,0,5,2,0.6000
4,104.0000,22,38,629.1185,-85.8618,-0.8727,10,0.2500,0.5000,6,8,8,0,0,8,8,0.0000
4,104.0000,22,41,629.3039,-84.4090,-0.7078,14,0.3500,0.8571,7,7,6,0,0,7,6,0.1429
4,104.0000,22,43,513.3792,-83.9746,0.4466,15,0.3750,0.8571,7,8,8,0,0,8,8,0.0000
4,104.0000,22,47,747.1075,-86.3012,0.2380,11,0.2750,0.6667,6,8,8,0,0,8,8,0.0000
4,104.0000,23,0,369.5357,-79.4049,-0.8163,28,0.7000,0.4000,5,6,3,0,0,6,3,0.5000
4,104.0000,23,3,601.2321,-84.1854,-0.1354,12,0.3000,0.8889,9,7,5,0,0,7,5,0.2857
4,104.0000,23,6,743.4183,-85.5033,0.2393,14,0.3500,1.0000,8,8,8,0,0,8,8,0.0000
4,104.0000,23,7,456.4264,-82.5726,0.3672,20,0.5000,0.5000,6,7,6,57,45,64,51,0.2031
4,104.0000,23,10,480.5062,-83.3922,-0.1634,13,0.3250,1.0000,8,6,4,0,0,6,4,0.3333
4,104.0000,23,12,708.8955,-85.3490,-1.0473,5,0.1250,1.0000,8,8,8,0,0,8,8,0.0000
4,104.0000,23,16,325.6531,-80.0128,0.0798,26,0.6500,0.7478,115,4,0,54,40,58,40,0.3103
4,104.0000,23,22,437.2205,-80.5960,-0.5967,28,0.7000,0.0000,4,6,4,0,0,6,4,0.3333
4,104.0000,23,24,953.7740,-89.2069,-0.0122,3,0.0750,1.0000,8,7,6,0,0,7,6,0.1429
4,104.0000,23,26,365.0909,-82.3468,-0.0144,16,0.4000,0.8571,7,6,2,0,0,6,2,0.6667
4,104.0000,23,29,510.3351,-83.9318,1.4757,13,0.3250,1.0000,8,6,3,0,0,6,3,0.5000
4,104.0000,23,37,626.4075,-84.5581,0.9788,9,0.2250,1.0000,6,8,8,0,0,8,8,0.0000
4,104.0000,23,38,318.1386,-81.0537,-0.0130,27,0.6750,0.6250,16,5,1,0,0,5,1,0.8000
4,104.0000,23,41,258.9408,-78.2299,-0.2604,30,0.7500,0.5000,6,6,2,0,0,6,2,0.6667
4,104.0000,23,43,253.5970,-76.4464,-0.6230,34,0.8500,0.4375,16,4,0,15,7,19,7,0.6316
4,104.0000,23,47,468.7919,-82.6160,0.1713,24,0.6000,0.5000,6,7,6,0,0,7,6,0.1429
4,104.0000,24,0,1028.7451,-87.9349,-2.5155,3,0.0750,1.0000,8,4,4,0,0,4,4,0.0000
4,104.0000,24,1,787.9716,-87.8192,0.9904,4,0.1000,1.0000,4,6,5,0,0,6,5,0.1667
4,104.0000,24,3,725.5686,-87.3777,-0.3889,4,0.1000,1.0000,8,6,6,0,0,6,6,0.0000
4,104.0000,24,4,650.0747,-85.6267,-0.1887,7,0.1750,0.8750,8,8,7,0,0,8,7,0.1250
4,104.0000,24,5,639.6314,-86.5757,0.6957,7,0.1750,1.0000,8,7,5,0,0,7,5,0.2857
4,104.0000,24,6,923.6906,-88.5083,1.6200,3,0.0750,1.0000,2,4,4,0,0,4,4,0.0000
4,104.0000,24,7,797.2824,-86.5984,0.0486,6,0.1500,1.0000,8,4,4,0,0,4,4,0.0000
4,104.0000,24,8,637.9278,-86.1483,0.9212,4,0.1000,1.0000,6,8,8,0,0,8,8,0.0000
4,104.0000,24,10,976.0396,-88.6623,0.4186,6,0.1500,1.0000,6,6,6,0,0,6,6,0.0000
4,104.0000,24,11,897.5088,-87.5275,1.0965,5,0.1250,1.0000,4,8,8,0,0,8,8,0.0000
4,104.0000,24,12,365.3869,-78.1129,-1.5674,29,0.7250,0.5000,6,7,5,0,0,7,5,0.2857
4,104.0000,24,13,569.1862,-85.6293,-0.3372,5,0.1250,1.0000,8,6,6,0,0,6,6,0.0000
4,104.0000,24,14,182.4745,-72.0614,-1.2659,35,0.8750,0.0000,4,6,2,0,0,6,2,0.6667
4,104.0000,24,15,245.4721,-77.3276,0.1982,27,0.6750,0.5000,6,4,0,0,0,4,0,1.0000
4,104.0000,24,16,990.8163,-87.5203,1.1788,4,0.1000,1.0000,4,6,6,0,0,6,6,0.0000
4,104.0000,24,17,744.6347,-86.2728,0.0086,4,0.1000,1.0000,6,6,6,0,0,6,6,0.0000
4,104.0000,24,19,372.7857,-80.1058,0.4033,17,0.4250,0.8571,7,5,2,0,0,5,2,0.6000
4,104.0000,24,23,953.7740,-87.5149,-0.1644,3,0.0750,1.0000,8,4,4,0,0,4,4,0.0000
4,104.0000,24,25,879.5672,-87.1968,0.3468,5,0.1250,1.0000,4,8,8,0,0,8,8,0.0000
4,104.0000,24,26,697.0062,-86.3760,0.2992,8,0.2000,1.0000,8,8,8,0,0,8,8,0.0000
4,104.0000,24,27,646.9085,-85.7057,1.5765,5,0.1250,1.0000,8,8,8,0,0,8,8,0.0000
4,104.0000,24,29,690.7321,-84.7829,-0.4373,10,0.2500,0.8750,8,7,6,0,0,7,6,0.1429
4,104.0000,24,30,917.4733,-87.2870,0.5437,4,0.1000,1.0000,4,6,5,0,0,6,5,0.1667
4,104.0000,24,31,229.6471,-75.7883,0.0054,32,0.8000,0.2000,5,5,1,1,0,6,1,0.8333
4,104.0000,24,33,491.7369,-82.7987,-0.4990,8,0.2000,0.8571,7,6,4,0,0,6,4,0.3333
4,104.0000,24,34,180.0226,-75.0660,0.7330,35,0.8750,0.0000,4,4,0,0,0,4,0,1.0000
4,104.0000,24,36,283.7548,-79.9317,0.5919,17,0.4250,0.4000,5,6,2,0,0,6,2,0.6667
4,104.0000,24,38,873.0198,-89.1672,-0.5413,4,0.1000,0.8333,6,6,6,0,0,6,6,0.0000
4,104.0000,24,40,755.3072,-87.4774,1.1658,7,0.1750,1.0000,6,8,7,0,0,8,7,0.1250
4,104.0000,24,41,833.7809,-87.3946,1.2574,5,0.1250,1.0000,8,8,8,0,0,8,8,0.0000
4,104.0000,24,42,251.3202,-77.6532,-0.4053,29,0.7250,0.3333,6,5,1,0,0,5,1,0.8000
4,104.0000,24,46,206.0620,-75.2971,0.6571,30,0.7500,0.2000,5,6,2,0,0,6,2,0.6667
4,104.0000,25,2,600.3384,-85.0473,0.3088,11,0.2750,1.0000,8,6,4,0,0,6,4,0.3333
4,104.0000,25,4,528.9373,-84.5673,-1.4556,7,0.1750,1.0000,8,8,7,0,0,8,7,0.1250
4,104.0000,25,8,750.8142,-87.8676,0.0157,5,0.1250,1.0000,8,8,7,0,0,8,7,0.1250
4,104.0000,25,9,481.0681,-82.6246,-0.4130,25,0.6250,0.5714,7,7,5,0,0,7,5,0.2857
4,104.0000,25,11,143.6530,-73.6437,0.4837,36,0.9000,0.0000,4,6,2,0,0,6,2,0.6667
4,104.0000,25,13,376.7554,-81.7695,-0.1086,14,0.3500,1.0000,8,7,5,0,0,7,5,0.2857
4,104.0000,25,15,640.0444,-87.1179,2.5136,4,0.1000,1.0000,8,8,7,0,0,8,7,0.1250
4,104.0000,25,17,316.4233,-81.8986,-0.0295,14,0.3500,0.6000,5,6,1,0,0,6,1,0.8333
4,104.0000,25,18,492.4538,-81.9369,-1.1955,33,0.8250,0.6667,6,6,4,0,0,6,4,0.3333
4,104.0000,25,21,600.8978,-83.9747,0.3992,10,0.2500,0.8571,7,8,7,0,0,8,7,0.1250
4,104.0000,25,24,879.5672,-89.1457,0.6030,3,0.0750,1.0000,8,6,6,0,0,6,6,0.0000
4,104.0000,25,27,594.1646,-86.9978,-0.1187,7,0.1750,0.8333,6,10,10,0,0,10,10,0.0000
4,104.0000,25,28,493.2819,-82.9744,-0.3942,21,0.5250,0.7143,7,5,3,0,0,5,3,0.4000
4,104.0000,25,30,681.4753,-85.9574,-0.8833,8,0.2000,1.0000,8,8,8,0,0,8,8,0.0000
4,104.0000,25,32,447.7749,-82.3319,-0.2790,25,0.6250,0.8571,7,7,6,0,0,7,6,0.1429
4,104.0000,25,33,826.3867,-84.6474,-1.2833,3,0.0750,1.0000,8,7,6,0,0,7,6,0.1429
4,104.0000,25,34,865.8616,-88.2247,1.2752,3,0.0750,0.8750,8,8,8,0,0,8,8,0.0000
4,104.0000,25,35,753.0760,-86.5489,-0.6826,13,0.3250,0.8571,7,7,6,0,0,7,6,0.1429
4,104.0000,25,36,619.2192,-85.6446,-0.4835,8,0.2000,0.6667,6,8,8,0,0,8,8,0.0000
4,104.0000,25,39,443.7872,-81.2213,-0.4768,32,0.8000,0.4000,5,6,4,0,0,6,4,0.3333
4,104.0000,25,40,319.7644,-79.3525,-0.2682,26,0.6500,0.3333,6,7,4,0,0,7,4,0.4286
4,104.0000,25,42,784.6707,-85.7159,0.6073,3,0.0750,1.0000,2,5,3,0,0,5,3,0.4000
4,104.0000,25,44,514.4473,-84.2478,-0.4740,15,0.3750,0.6667,6,7,6,0,0,7,6,0.1429
4,104.0000,25,45,319.0046,-79.7499,-0.9737,22,0.5500,0.7500,8,6,4,4,2,10,6,0.4000
4,104.0000,25,46,674.2190,-85.9828,1.6772,5,0.1250,1.0000,8,8,8,0,0,8,8,0.0000
4,104.0000,26,0,454.0800,-82.5852,-1.3375,31,0.7561,0.0000,4,7,6,0,0,7,6,0.1429
4,104.0000,26,3,508.5879,-83.6702,-0.0666,21,0.5122,0.8571,7,7,5,0,0,7,5,0.2857
4,104.0000,26,5,794.4027,-87.0826,3.4848,4,0.0976,0.8750,8,6,6,0,0,6,6,0.0000
4,104.0000,26,6,631.1829,-84.3337,-0.9555,19,0.4634,0.7500,8,8,8,0,0,8,8,0.0000
4,104.0000,26,7,172.1575,-77.3236,1.4006,30,0.7317,0.0000,4,4,0,0,0,4,0,1.0000
4,104.0000,26,10,373.7356,-81.2561,0.6017,33,0.8049,0.5000,6,7,5,0,0,7,5,0.2857
4,104.0000,26,12,473.1408,-82.8741,0.3097,17,0.4146,0.8333,24,6,4,70,57,76,61,0.1974
4,104.0000,26,14,648.3460,-85.2474,0.6872,11,0.2683,0.9455,55,8,8,0,0,8,8,0.0000
4,104.0000,26,16,309.7619,-78.0813,-0.4569,33,0.8049,0.2000,5,5,1,0,0,5,1,0.8000
4,104.0000,26,22,620.0851,-84.4980,-0.1202,21,0.5122,0.8571,7,8,8,0,0,8,8,0.0000
4,104.0000,26,23,365.0909,-81.1669,0.5149,31,0.7561,0.2000,5,5,1,0,0,5,1,0.8000
4,104.0000,26,24,697.0062,-84.2152,-0.0237,9,0.2195,1.0000,8,8,8,0,0,8,8,0.0000
4,104.0000,26,29,169.9743,-75.2038,0.9904,34,0.8293,0.0000,4,4,0,0,0,4,0,1.0000
4,104.0000,26,34,752.6005,-86.9749,4.3541,3,0.0732,1.0000,8,8,8,0,0,8,8,0.0000
4,104.0000,26,37,522.7180,-82.1820,-1.4660,24,0.5854,0.8571,7,8,8,0,0,8,8,0.0000
4,104.0000,26,38,187.8702,-77.3601,1.0527,32,0.7805,0.4000,5,4,0,0,0,4,0,1.0000
4,104.0000,26,41,192.2952,-76.5671,0.7733,34,0.8293,0.2000,5,5,1,0,0,5,1,0.8000
4,104.0000,26,43,486.0157,-82.8416,-0.5533,25,0.6098,0.8750,8,7,6,0,0,7,6,0.1429
4,104.0000,26,47,481.9322,-82.8080,0.2400,30,0.7317,0.6667,6,7,4,0,0,7,4,0.4286
4,104.0000,27,1,508.9958,-83.1759,0.3710,16,0.4000,0.8571,7,7,6,0,0,7,6,0.1429
4,104.0000,27,2,505.9844,-83.2062,-0.4754,18,0.4500,0.5000,6,7,5,0,0,7,5,0.2857
4,104.0000,27,4,149.8513,-73.9882,0.7320,32,0.8000,0.2000,5,6,1,0,0,6,1,0.8333
4,104.0000,27,5,700.6272,-86.5342,-0.0592,7,0.1750,1.0000,8,7,6,0,0,7,6,0.1429
4,104.0000,27,8,166.5466,-76.3585,1.3913,30,0.7500,0.0000,4,4,0,0,0,4,0,1.0000
4,104.0000,27,9,794.9427,-86.1358,0.0498,10,0.2500,0.8750,8,8,8,0,0,8,8,0.0000
4,104.0000,27,11,543.5507,-83.7444,-0.6856,18,0.4500,0.7143,7,8,4,0,0,8,4,0.5000
4,104.0000,27,13,349.3542,-80.0998,-0.1763,24,0.6000,0.6667,6,6,3,0,0,6,3,0.5000
4,104.0000,27,14,819.0865,-88.3649,-0.2163,5,0.1250,1.0000,8,8,8,0,0,8,8,0.0000
4,104.0000,27,15,531.9676,-85.0877,0.4924,8,0.2000,0.8750,8,8,7,0,0,8,7,0.1250
4,104.0000,27,17,425.8598,-81.3269,-0.0900,17,0.4250,1.0000,8,6,4,0,0,6,4,0.3333
4,104.0000,27,18,903.2490,-86.6564,-0.3850,10,0.2500,1.0000,6,6,6,0,0,6,6,0.0000
4,104.0000,27,19,480.8110,-84.1716,0.9975,11,0.2750,1.0000,8,8,7,0,0,8,7,0.1250
4,104.0000,27,20,390.2830,-81.4346,0.6101,20,0.5000,0.8571,7,6,4,0,0,6,4,0.3333
4,104.0000,27,21,232.0280,-76.7255,-0.0440,30,0.7500,0.2000,5,6,4,0,0,6,4,0.3333
4,104.0000,27,23,1405.6256,-89.3895,0.1914,3,0.0750,,0,4,4,0,0,4,4,0.0000
4,104.0000,27,24,646.9085,-87.1221,1.0951,8,0.2000,0.8571,7,7,6,0,0,7,6,0.1429
4,104.0000,27,25,594.1646,-85.4888,-0.8859,14,0.3500,0.8571,7,8,8,18,15,26,23,0.1154
4,104.0000,27,28,523.6104,-82.0386,-0.4587,19,0.4750,0.6667,6,7,6,0,0,7,6,0.1429
4,104.0000,27,30,300.8728,-77.3539,-1.0846,30,0.7500,0.4000,5,6,3,0,0,6,3,0.5000
4,104.0000,27,31,653.0634,-84.5629,0.5698,7,0.1750,0.8571,7,6,4,0,0,6,4,0.3333
4,104.0000,27,32,668.3993,-85.7452,0.0833,15,0.3750,1.0000,8,8,7,0,0,8,7,0.1250
4,104.0000,27,33,289.1518,-79.6321,-0.3228,19,0.4750,0.6667,6,7,5,0,0,7,5,0.2857
4,104.0000,27,34,740.6946,-86.2730,0.6535,7,0.1750,0.8571,7,8,6,0,0,8,6,0.2500
4,104.0000,27,35,865.8485,-85.9300,-0.1533,6,0.1500,1.0000,10,8,8,0,0,8,8,0.0000
4,104.0000,27,36,443.2526,-83.6848,-0.2072,11,0.2750,1.0000,8,6,4,0,0,6,4,0.3333
4,104.0000,27,39,948.8658,-86.8126,-1.0746,7,0.1750,1.0000,2,4,4,0,0,4,4,0.0000
4,104.0000,27,40,517.4303,-82.4981,-0.3563,19,0.4750,0.8571,7,7,5,0,0,7,5,0.2857
4,104.0000,27,42,531.0347,-85.0029,-0.1872,8,0.2000,1.0000,8,5,2,0,0,5,2,0.6000
4,104.0000,27,44,443.9461,-80.7576,-0.6433,26,0.6500,0.2500,4,6,3,0,0,6,3,0.5000
4,104.0000,27,45,444.6187,-83.2214,0.0992,17,0.4250,0.5000,6,6,4,0,0,6,4,0.3333
4,104.0000,27,46,526.0142,-84.2511,-0.0378,8,0.2000,0.7143,7,7,5,0,0,7,5,0.2857
4,104.0000,28,1,826.0253,-86.6516,-0.2513,8,0.2000,1.0000,8,4,4,0,0,4,4,0.0000
4,104.0000,28,2,233.8031,-77.8407,0.4955,33,0.8250,0.3333,6,7,4,0,0,7,4,0.4286
4,104.0000,28,4,550.0891,-84.5296,0.3497,14,0.3500,1.0000,8,8,8,0,0,8,8,0.0000
4,104.0000,28,8,666.6902,-85.5813,0.5703,8,0.2000,1.0000,8,8,7,0,0,8,7,0.1250
4,104.0000,28,9,417.9039,-83.5714,0.3072,29,0.7250,0.8571,7,6,3,7,6,13,9,0.3077
4,104.0000,28,11,370.0783,-80.0174,-1.0592,29,0.7250,0.4000,5,7,6,0,0,7,6,0.1429
4,104.0000,28,13,540.0597,-84.1754,-0.5227,17,0.4250,0.7143,7,8,8,0,0,8,8,0.0000
4,104.0000,28,17,572.1645,-84.8329,-1.1158,13,0.3250,0.8571,7,8,8,0,0,8,8,0.0000
4,104.0000,28,18,460.3948,-82.9172,-0.6293,29,0.7250,0.8750,8,7,4,0,0,7,4,0.4286
4,104.0000,28,20,695.8341,-86.0972,-0.0416,8,0.2000,0.8750,8,8,8,0,0,8,8,0.0000
4,104.0000,28,21,423.7532,-80.0583,-0.7397,24,0.6000,0.5000,6,8,8,0,0,8,8,0.0000
4,104.0000,28,25,493.2819,-82.7087,-1.3122,21,0.5250,0.6667,6,7,6,0,0,7,6,0.1429
4,104.0000,28,27,523.6104,-83.0166,-0.7067,17,0.4250,0.8571,7,8,8,0,0,8,8,0.0000
4,104.0000,28,30,359.1916,-81.4884,0.0194,22,0.5500,0.8750,8,5,2,0,0,5,2,0.6000
4,104.0000,28,32,228.3432,-79.0695,0.5376,33,0.8250,0.2000,5,6,2,0,0,6,2,0.6667
4,104.0000,28,33,794.2976,-87.6429,1.7910,3,0.0750,1.0000,8,8,8,0,0,8,8,0.0000
4,104.0000,28,35,356.5106,-81.7738,0.5029,29,0.7250,0.6667,9,6,4,0,0,6,4,0.3333
4,104.0000,28,39,611.6230,-84.9685,-0.5258,18,0.4500,0.6667,6,8,7,0,0,8,7,0.1250
4,104.0000,28,40,652.5209,-84.7688,-0.8590,12,0.3000,0.7500,8,8,7,0,0,8,7,0.1250
4,104.0000,28,44,93.6525,-69.8905,0.7789,35,0.8750,0.0000,4,4,0,0,0,4,0,1.0000
4,104.0000,28,45,364.7713,-80.8265,0.1631,26,0.6500,0.8571,7,8,7,0,0,8,7,0.1250
4,104.0000,29,0,592.5114,-83.8096,0.3770,19,0.4750,0.5000,6,8,7,0,0,8,7,0.1250
4,104.0000,29,3,634.3591,-85.5686,0.3665,12,0.3000,1.0000,8,8,8,0,0,8,8,0.0000
4,104.0000,29,5,880.8705,-86.6945,-0.2333,3,0.0750,1.0000,8,6,6,0,0,6,6,0.0000
4,104.0000,29,6,725.6858,-86.2065,-0.6345,12,0.3000,0.7143,7,6,6,0,0,6,6,0.0000
4,104.0000,29,7,115.8321,-73.9821,1.6860,33,0.8250,0.2000,5,4,0,0,0,4,0,1.0000
4,104.0000,29,10,328.3343,-80.2506,0.5845,28,0.7000,0.2000,5,4,0,0,0,4,0,1.0000
4,104.0000,29,12,453.2687,-82.7756,-0.1795,11,0.2750,0.8750,8,6,4,0,0,6,4,0.3333
4,104.0000,29,14,601.5493,-83.6764,-1.0182,8,0.2000,0.8571,7,8,8,0,0,8,8,0.0000
4,104.0000,29,15,923.9966,-87.6926,-0.7296,5,0.1250,1.0000,8,8,8,0,0,8,8,0.0000
4,104.0000,29,16,402.1246,-80.7672,0.0076,29,0.7250,0.2000,5,5,2,0,0,5,2,0.6000
4,104.0000,29,22,777.4140,-86.3483,-0.1519,13,0.3250,1.0000,10,8,8,0,0,8,8,0.0000
4,104.0000,29,23,510.3351,-84.5692,0.2203,18,0.4500,0.6667,6,8,7,0,0,8,7,0.1250
4,104.0000,29,24,690.7321,-85.2419,-1.1530,8,0.2000,1.0000,8,8,7,0,0,8,7,0.1250
4,104.0000,29,26,169.9743,-75.3861,1.2146,35,0.8750,0.5000,6,4,0,0,0,4,0,1.0000
4,104.0000,29,31,850.8059,-88.7531,-0.3010,3,0.0750,1.0000,8,6,6,0,0,6,6,0.0000
4,104.0000,29,34,724.0706,-88.0055,0.0957,4,0.1000,1.0000,8,8,7,0,0,8,7,0.1250
4,104.0000,29,37,634.1428,-84.1039,0.1632,9,0.2250,1.0000,8,8,8,0,0,8,8,0.0000
4,104.0000,29,38,242.7549,-79.8476,0.6343,28,0.7000,0.2000,5,4,0,0,0,4,0,1.0000
4,104.0000,29,41,278.2879,-79.3225,0.5040,26,0.6500,0.8571,7,5,1,0,0,5,1,0.8000
4,104.0000,29,42,864.1727,-87.2366,1.4786,3,0.0750,1.0000,8,8,8,0,0,8,8,0.0000
4,104.0000,29,43,585.6570,-84.8168,-0.3458,20,0.5000,1.0000,8,6,3,0,0,6,3,0.5000
4,104.0000,29,46,892.1265,-86.3370,-1.9406,3,0.0750,1.0000,6,8,8,0,0,8,8,0.0000
4,104.0000,29,47,489.0134,-82.6508,0.0853,30,0.7500,0.8750,8,7,5,0,0,7,5,0.2857
4,104.0000,30,1,503.8349,-82.3620,-1.0841,12,0.3000,0.7143,7,6,4,0,0,6,4,0.3333
4,104.0000,30,2,338.3084,-80.4725,0.9094,26,0.6500,0.4000,5,5,1,0,0,5,1,0.8000
4,104.0000,30,4,402.6849,-81.0659,0.0019,14,0.3500,0.8571,7,7,4,0,0,7,4,0.4286
4,104.0000,30,5,830.9435,-87.4877,-1.3285,4,0.1000,0.8750,8,8,8,0,0,8,8,0.0000
4,104.0000,30,8,381.6217,-79.6622,-0.0991,22,0.5500,0.6667,6,7,6,0,0,7,6,0.1429
4,104.0000,30,9,722.2958,-87.2334,0.9250,5,0.1250,1.0000,8,8,8,0,0,8,8,0.0000
4,104.0000,30,11,579.3012,-84.5917,-0.4808,9,0.2250,0.7500,8,8,8,0,0,8,8,0.0000
4,104.0000,30,13,520.2935,-82.7721,-0.1674,11,0.2750,0.8571,7,7,6,0,0,7,6,0.1429
4,104.0000,30,15,792.5430,-86.9685,0.0468,7,0.1750,1.0000,6,8,8,0,0,8,8,0.0000
4,104.0000,30,17,608.4012,-83.9468,0.7849,8,0.2000,0.8750,8,8,8,0,0,8,8,0.0000
4,104.0000,30,18,814.3109,-86.9450,-0.5202,5,0.1250,1.0000,6,7,6,0,0,7,6,0.1429
4,104.0000,30,19,680.7370,-85.3172,-0.8428,5,0.1250,0.7143,7,7,5,0,0,7,5,0.2857
4,104.0000,30,20,347.0733,-79.8113,-0.5092,23,0.5750,0.6250,8,6,4,0,0,6,4,0.3333
4,104.0000,30,21,250.4202,-77.7722,0.6947,26,0.6500,0.3333,6,7,4,0,0,7,4,0.4286
4,104.0000,30,25,681.4753,-84.5328,1.3455,4,0.1000,1.0000,8,8,8,0,0,8,8,0.0000
4,104.0000,30,27,300.8728,-77.0901,-0.2617,30,0.7500,0.6250,8,7,6,0,0,7,6,0.1429
4,104.0000,30,28,359.1916,-80.0776,0.5838,22,0.5500,0.4286,7,6,3,0,0,6,3,0.5000
4,104.0000,30,32,557.7138,-85.4758,0.2945,13,0.3250,0.8571,7,6,3,0,0,6,3,0.5000
4,104.0000,30,33,513.5808,-83.5383,-0.3770,10,0.2500,0.5714,7,7,3,0,0,7,3,0.5714
4,104.0000,30,34,1022.8671,-87.6547,-0.3123,3,0.0750,1.0000,8,4,4,0,0,4,4,0.0000
4,104.0000,30,35,642.1653,-86.6644,-0.1313,11,0.2750,0.8571,7,7,5,0,0,7,5,0.2857
4,104.0000,30,36,693.2577,-86.7699,0.2070,4,0.1000,1.0000,8,7,6,0,0,7,6,0.1429
4,104.0000,30,39,930.0747,-88.1445,0.1099,7,0.1750,1.0000,6,8,8,0,0,8,8,0.0000
4,104.0000,30,40,708.3471,-85.5551,0.5986,9,0.2250,1.0000,8,8,8,0,0,8,8,0.0000
4,104.0000,30,42,829.3476,-87.2537,-0.7280,3,0.0750,0.8750,8,5,4,0,0,5,4,0.2000
4,104.0000,30,44,267.9444,-78.6446,0.5489,28,0.7000,0.5000,6,6,2,0,0,6,2,0.6667
4,104.0000,30,45,490.5942,-84.7321,0.2195,9,0.2250,0.8571,7,8,7,0,0,8,7,0.1250
4,104.0000,31,2,1080.2274,-89.0520,-0.5237,3,0.0750,1.0000,8,4,4,0,0,4,4,0.0000
4,104.0000,31,4,609.6541,-85.5969,-0.1244,12,0.3000,0.9787,141,8,7,14,14,22,21,0.0455
4,104.0000,31,5,841.0422,-85.5674,-0.3165,6,0.1500,1.0000,8,8,8,0,0,8,8,0.0000
4,104.0000,31,7,961.9827,-88.0711,-0.7949,3,0.0750,,0,4,4,0,0,4,4,0.0000
4,104.0000,31,8,682.1744,-86.0516,-0.1232,8,0.2000,1.0000,8,8,7,0,0,8,7,0.1250
4,104.0000,31,11,789.8154,-87.1910,-0.0753,10,0.2500,1.0000,6,6,6,0,0,6,6,0.0000
4,104.0000,31,12,447.9742,-82.3576,-0.4818,22,0.5500,0.8333,6,7,6,0,0,7,6,0.1429
4,104.0000,31,13,509.9775,-82.9697,-0.0391,13,0.3250,1.0000,8,6,4,0,0,6,4,0.3333
4,104.0000,31,14,271.3359,-79.0524,0.2088,33,0.8250,0.4000,5,6,3,0,0,6,3,0.5000
4,104.0000,31,15,178.7725,-71.2068,-1.1219,36,0.9000,0.0000,4,5,1,58,36,63,37,0.4127
4,104.0000,31,16,1177.2920,-88.5420,-1.2655,3,0.0750,1.0000,8,4,4,0,0,4,4,0.0000
4,104.0000,31,17,610.1078,-84.6010,-0.5423,12,0.3000,0.9412,17,8,8,0,0,8,8,0.0000
4,104.0000,31,19,545.1806,-82.6407,-0.7724,20,0.5000,0.8571,7,8,7,0,0,8,7,0.1250
4,104.0000,31,20,925.1077,-87.1234,-0.6208,5,0.1250,1.0000,8,2,2,0,0,2,2,0.0000
4,104.0000,31,21,840.6759,-87.6677,0.8856,7,0.1750,1.0000,6,8,8,0,0,8,8,0.0000
4,104.0000,31,23,1111.4030,-88.8771,-0.0803,5,0.1250,,0,4,4,0,0,4,4,0.0000
4,104.0000,31,24,229.6471,-76.2485,-0.0102,37,0.9250,0.2000,5,7,3,0,0,7,3,0.5714
4,104.0000,31,25,739.3629,-86.5443,0.3061,10,0.2500,1.0000,4,8,8,0,0,8,8,0.0000
4,104.0000,31,26,872.2880,-87.9098,-0.5599,8,0.2000,1.0000,8,8,8,0,0,8,8,0.0000
4,104.0000,31,27,653.0634,-85.1533,1.5339,9,0.2250,0.8750,8,8,8,0,0,8,8,0.0000
4,104.0000,31,28,1032.0473,-87.2723,0.2034,4,0.1000,1.0000,8,2,2,0,0,2,2,0.0000
4,104.0000,31,29,850.8059,-87.2221,0.6755,7,0.1750,1.0000,8,6,6,0,0,6,6,0.0000
4,104.0000,31,30,934.7921,-87.6235,0.1875,8,0.2000,1.0000,6,4,4,0,0,4,4,0.0000
4,104.0000,31,33,591.5757,-85.0525,-0.7490,14,0.3500,0.8571,7,8,8,0,0,8,8,0.0000
4,104.0000,31,34,129.9129,-68.7179,-1.3033,40,1.0000,0.0000,4,5,2,0,0,5,2,0.6000
4,104.0000,31,36,280.5019,-77.3293,-0.6774,31,0.7750,0.5714,7,7,4,0,0,7,4,0.4286
4,104.0000,31,38,1033.9232,-88.8708,0.4062,4,0.1000,1.0000,2,4,4,0,0,4,4,0.0000
4,104.0000,31,40,594.4397,-85.7863,0.4381,13,0.3250,1.0000,8,8,8,62,61,70,69,0.0143
4,104.0000,31,41,982.9354,-88.2445,0.3424,3,0.0750,1.0000,4,2,2,0,0,2,2,0.0000
4,104.0000,31,42,232.6444,-76.7387,-0.8203,36,0.9000,0.3333,6,6,4,0,0,6,4,0.3333
4,104.0000,31,44,983.2128,-86.5616,-0.1146,6,0.1500,1.0000,6,8,8,0,0,8,8,0.0000
4,104.0000,31,45,829.0770,-86.8482,-0.4039,7,0.1750,0.7500,4,5,4,0,0,5,4,0.2000
4,104.0000,31,46,158.3536,-72.8171,-0.4071,38,0.9500,0.2000,5,5,2,0,0,5,2,0.6000
4,104.0000,32,2,302.2583,-81.7139,0.7382,26,0.6500,0.8571,7,4,0,0,0,4,0,1.0000
4,104.0000,32,4,646.0837,-86.1772,0.5925,8,0.2000,1.0000,8,7,6,0,0,7,6,0.1429
4,104.0000,32,8,814.4315,-88.1097,-0.7689,6,0.1500,0.8333,6,8,8,0,0,8,8,0.0000
4,104.0000,32,9,192.2203,-75.1375,-0.3425,37,0.9250,0.0000,4,5,1,0,0,5,1,0.8000
4,104.0000,32,11,367.0430,-81.4757,-0.5172,20,0.5000,1.0000,8,7,4,0,0,7,4,0.4286
4,104.0000,32,13,644.3385,-85.9647,-0.3100,10,0.2500,0.8571,7,8,8,0,0,8,8,0.0000
4,104.0000,32,17,565.6233,-85.4592,-1.5838,10,0.2500,1.0000,8,7,6,0,0,7,6,0.1429
4,104.0000,32,18,294.2619,-78.0408,-0.7573,37,0.9250,0.5000,6,4,0,0,0,4,0,1.0000
4,104.0000,32,20,900.6872,-87.4233,0.1930,4,0.1000,1.0000,8,8,8,0,0,8,8,0.0000
4,104.0000,32,21,537.5768,-84.5564,-0.6272,15,0.3750,0.8750,8,8,8,0,0,8,8,0.0000
4,104.0000,32,25,447.7749,-82.3967,0.4079,17,0.4250,0.6667,6,5,1,0,0,5,1,0.8000
4,104.0000,32,27,668.3993,-86.3038,0.1273,10,0.2500,1.0000,8,8,7,0,0,8,7,0.1250
4,104.0000,32,28,228.3432,-79.1861,1.4938,26,0.6500,0.5714,7,5,2,0,0,5,2,0.6000
4,104.0000,32,30,557.7138,-84.9384,-0.1275,14,0.3500,1.0000,8,8,7,0,0,8,7,0.1250
4,104.0000,32,35,391.1933,-81.3653,-0.7621,32,0.8000,0.5714,7,6,4,0,0,6,4,0.3333
4,104.0000,32,36,922.0813,-87.2495,-1.9832,4,0.1000,1.0000,8,2,2,0,0,2,2,0.0000
4,104.0000,32,39,412.7714,-79.9771,-0.8652,34,0.8500,0.4286,7,8,7,0,0,8,7,0.1250
4,104.0000,32,40,623.2967,-84.0630,-0.1190,10,0.2500,0.8571,7,8,8,0,0,8,8,0.0000
4,104.0000,32,44,310.8204,-82.0691,1.2084,21,0.5250,0.7143,7,6,2,0,0,6,2,0.6667
4,104.0000,32,45,333.2118,-80.3565,-0.3796,28,0.7000,0.7143,7,6,4,0,0,6,4,0.3333
4,104.0000,32,46,1006.6527,-88.5608,-0.2643,3,0.0750,1.0000,4,6,6,0,0,6,6,0.0000
4,104.0000,33,1,393.2306,-82.3635,0.9427,16,0.4000,1.0000,8,7,3,0,0,7,3,0.5714
4,104.0000,33,2,781.5683,-87.9093,-1.0196,5,0.1250,1.0000,6,8,8,0,0,8,8,0.0000
4,104.0000,33,4,372.5191,-80.0803,-0.3169,18,0.4500,0.6667,6,8,7,0,0,8,7,0.1250
4,104.0000,33,5,432.4545,-81.1129,0.2773,16,0.4000,0.7143,7,8,7,0,0,8,7,0.1250
4,104.0000,33,6,924.8482,-87.5090,-0.8494,5,0.1250,1.0000,4,8,8,0,0,8,8,0.0000
4,104.0000,33,8,194.4198,-76.3011,0.9963,32,0.8000,0.6667,6,4,0,0,0,4,0,1.0000
4,104.0000,33,11,788.3581,-86.2830,-0.6390,6,0.1500,1.0000,8,8,8,0,0,8,8,0.0000
4,104.0000,33,12,785.3122,-86.7178,-1.3095,6,0.1500,1.0000,6,8,8,0,0,8,8,0.0000
4,104.0000,33,13,499.3784,-83.1661,-0.9391,16,0.4000,0.5000,6,8,7,1,0,9,7,0.2222
4,104.0000,33,14,673.3283,-84.7400,-0.3408,9,0.2250,0.6667,3,6,6,0,0,6,6,0.0000
4,104.0000,33,15,495.5143,-82.7473,0.6651,15,0.3750,1.0000,8,8,5,0,0,8,5,0.3750
4,104.0000,33,17,640.8799,-84.6745,-1.6768,11,0.2750,0.8571,7,8,8,0,0,8,8,0.0000
4,104.0000,33,19,246.3643,-77.1320,0.1800,27,0.6750,0.4000,5,7,5,0,0,7,5,0.2857
4,104.0000,33,20,363.1589,-82.4344,1.8074,15,0.3750,0.7143,7,8,4,0,0,8,4,0.5000
4,104.0000,33,21,492.0601,-83.9089,0.1185,13,0.3250,0.7500,8,6,4,0,0,6,4,0.3333
4,104.0000,33,24,491.7369,-82.4792,-0.3131,13,0.3250,0.8571,7,7,5,0,0,7,5,0.2857
4,104.0000,33,25,826.3867,-87.3581,0.1603,5,0.1250,1.0000,4,8,8,0,0,8,8,0.0000
4,104.0000,33,26,980.2326,-87.2122,-1.4646,4,0.1000,1.0000,4,8,8,0,0,8,8,0.0000
4,104.0000,33,27,289.1518,-79.5633,1.1935,20,0.5000,0.4286,7,5,1,0,0,5,1,0.8000
4,104.0000,33,28,794.2976,-86.5135,-0.0696,9,0.2250,1.0000,8,5,4,0,0,5,4,0.2000
4,104.0000,33,29,1041.2783,-88.2328,-1.5656,3,0.0750,1.0000,2,4,4,0,0,4,4,0.0000
4,104.0000,33,30,513.5808,-83.1023,-0.8344,14,0.3500,1.0000,8,8,8,0,0,8,8,0.0000
4,104.0000,33,31,591.5757,-83.5418,-1.2308,13,0.3250,1.0000,8,8,8,0,0,8,8,0.0000
4,104.0000,33,32,954.2313,-88.1547,-0.3893,3,0.0750,1.0000,8,4,4,0,0,4,4,0.0000
4,104.0000,33,34,631.8699,-84.3715,-1.6146,12,0.3000,0.7778,9,9,9,0,0,9,9,0.0000
4,104.0000,33,36,411.0596,-82.7654,0.5105,15,0.3750,1.0000,8,8,7,0,0,8,7,0.1250
4,104.0000,33,37,864.8533,-88.3422,0.2916,4,0.1000,1.0000,2,8,8,0,0,8,8,0.0000
4,104.0000,33,40,711.6959,-87.0800,-0.4550,7,0.1750,1.0000,8,8,7,0,0,8,7,0.1250
4,104.0000,33,42,427.4499,-80.2726,-0.9130,17,0.4250,1.0000,8,7,5,0,0,7,5,0.2857
4,104.0000,33,44,708.5154,-86.4898,-1.1868,9,0.2250,1.0000,8,8,8,0,0,8,8,0.0000
4,104.0000,33,45,722.2872,-87.6311,-0.8550,6,0.1500,1.0000,4,8,8,0,0,8,8,0.0000
4,104.0000,33,46,468.0589,-81.4170,-1.0542,14,0.3500,0.8750,8,7,6,0,0,7,6,0.1429
4,104.0000,34,1,953.7827,-88.6339,0.1153,4,0.0976,1.0000,2,2,2,0,0,2,2,0.0000
4,104.0000,34,3,871.5244,-87.3571,0.3821,4,0.0976,1.0000,8,4,4,0,0,4,4,0.0000
4,104.0000,34,4,710.4626,-85.2264,-0.7058,11,0.2683,0.8571,7,8,8,0,0,8,8,0.0000
4,104.0000,34,5,815.8655,-87.3376,-0.4194,7,0.1707,1.0000,8,8,8,0,0,8,8,0.0000
4,104.0000,34,6,1074.5482,-88.3710,-0.2902,3,0.0732,1.0000,6,4,4,0,0,4,4,0.0000
4,104.0000,34,7,835.9256,-88.3174,0.4914,3,0.0732,1.0000,4,5,4,0,0,5,4,0.2000
4,104.0000,34,8,749.2332,-86.9629,-0.1405,6,0.1463,1.0000,4,10,9,0,0,10,9,0.1000
4,104.0000,34,10,975.1850,-87.9221,-0.3758,6,0.1463,1.0000,4,4,4,0,0,4,4,0.0000
4,104.0000,34,11,911.2979,-87.6468,0.3064,6,0.1463,1.0000,8,2,2,0,0,2,2,0.0000
4,104.0000,34,12,326.0858,-80.3928,0.4718,26,0.6341,0.3333,6,5,2,0,0,5,2,0.6000
4,104.0000,34,13,616.7199,-84.6137,-0.1457,8,0.1951,0.8571,7,7,5,0,0,7,5,0.2857
4,104.0000,34,14,157.5598,-76.2388,1.1691,32,0.7805,0.4000,5,4,0,0,0,4,0,1.0000
4,104.0000,34,15,265.2819,-75.5857,-1.4684,31,0.7561,0.2000,5,8,7,0,0,8,7,0.1250
4,104.0000,34,16,1059.9057,-87.9327,0.2598,6,0.1463,,0,4,4,0,0,4,4,0.0000
4,104.0000,34,17,735.9363,-86.5226,0.3526,9,0.2195,1.0000,8,8,8,0,0,8,8,0.0000
4,104.0000,34,19,546.9606,-84.1548,0.5415,13,0.3171,0.8571,7,8,8,0,0,8,8,0.0000
4,104.0000,34,20,974.0969,-88.9758,0.8658,3,0.0732,1.0000,8,8,8,0,0,8,8,0.0000
4,104.0000,34,21,939.6593,-87.9803,-0.2850,4,0.0976,1.0000,6,8,8,0,0,8,8,0.0000
4,104.0000,34,23,1004.2071,-88.4882,0.0513,4,0.0976,1.0000,6,6,6,0,0,6,6,0.0000
4,104.0000,34,24,180.0226,-74.9205,0.2220,32,0.7805,0.0000,4,6,2,0,0,6,2,0.6667
4,104.0000,34,25,865.8616,-88.6265,-0.5084,6,0.1463,1.0000,4,8,8,0,0,8,8,0.0000
4,104.0000,34,26,752.6005,-86.9982,-0.0260,11,0.2683,1.0000,8,8,8,0,0,8,8,0.0000
4,104.0000,34,27,740.6946,-87.1166,0.7931,6,0.1463,0.8750,8,8,8,0,0,8,8,0.0000
4,104.0000,34,29,724.0706,-87.1251,0.2005,10,0.2439,1.0000,8,7,6,0,0,7,6,0.1429
4,104.0000,34,30,1022.8671,-87.8584,-0.2965,7,0.1707,1.0000,8,4,4,0,0,4,4,0.0000
4,104.0000,34,31,129.9129,-68.4327,-0.9262,34,0.8293,0.0000,4,4,0,0,0,4,0,1.0000
4,104.0000,34,33,631.8699,-84.9075,0.2282,10,0.2439,1.0000,8,8,8,0,0,8,8,0.0000
4,104.0000,34,36,356.3920,-80.1793,-0.0289,20,0.4878,0.7143,7,7,5,0,0,7,5,0.2857
4,104.0000,34,38,910.3966,-88.3073,-0.1424,4,0.0976,1.0000,8,8,8,0,0,8,8,0.0000
4,104.0000,34,40,722.1957,-86.1052,-0.3255,8,0.1951,0.8750,8,7,6,0,0,7,6,0.1429
4,104.0000,34,41,862.1156,-88.1375,0.5532,4,0.0976,1.0000,4,8,8,0,0,8,8,0.0000
4,104.0000,34,42,274.0571,-78.0300,0.2013,25,0.6098,0.3333,6,5,1,0,0,5,1,0.8000
4,104.0000,34,44,1089.8375,-88.6338,0.3837,4,0.0976,1.0000,10,6,6,0,0,6,6,0.0000
4,104.0000,34,45,952.4898,-87.4071,0.2720,6,0.1463,1.0000,2,4,4,0,0,4,4,0.0000
4,104.0000,34,46,237.5858,-76.0266,-0.2800,29,0.7073,0.3333,6,4,0,0,0,4,0,1.0000
4,104.0000,35,2,493.6209,-83.2153,1.2448,13,0.3250,1.0000,8,8,6,0,0,8,6,0.2500
4,104.0000,35,4,905.6146,-87.8577,1.0145,4,0.1000,1.0000,8,8,8,0,0,8,8,0.0000
4,104.0000,35,8,999.4805,-88.8977,-1.2517,3,0.0750,0.8000,5,8,8,0,0,8,8,0.0000
4,104.0000,35,9,530.8246,-84.0105,-0.5195,21,0.5250,0.7500,8,7,6,0,0,7,6,0.1429
4,104.0000,35,11,629.0377,-84.8488,-0.7210,10,0.2500,0.7143,7,8,8,0,0,8,8,0.0000
4,104.0000,35,13,851.4936,-86.8808,-0.3604,6,0.1500,1.0000,8,8,8,0,0,8,8,0.0000
4,104.0000,35,17,907.0431,-88.7731,-2.0049,3,0.0750,1.0000,8,8,8,0,0,8,8,0.0000
4,104.0000,35,18,449.5741,-82.1025,-0.8120,24,0.6000,0.6667,6,8,8,0,0,8,8,0.0000
4,104.0000,35,20,949.4634,-87.1424,-0.1238,3,0.0750,1.0000,8,10,10,0,0,10,10,0.0000
4,104.0000,35,21,759.4612,-87.7575,-0.1361,4,0.1000,1.0000,8,8,8,0,0,8,8,0.0000
4,104.0000,35,25,753.0760,-85.6326,-1.7225,8,0.2000,0.8750,8,8,8,0,0,8,8,0.0000
4,104.0000,35,27,865.8485,-87.0351,0.0134,5,0.1250,1.0000,8,8,8,0,0,8,8,0.0000
4,104.0000,35,28,356.5106,-81.2045,0.0585,19,0.4750,0.8750,8,8,7,0,0,8,7,0.1250
4,104.0000,35,30,642.1653,-85.7633,1.3114,4,0.1000,0.7500,8,7,6,0,0,7,6,0.1429
4,104.0000,35,32,391.1933,-81.6996,-0.0282,27,0.6750,0.6667,6,7,6,0,0,7,6,0.1429
4,104.0000,35,39,689.9722,-86.0058,-0.2478,13,0.3250,0.8571,7,8,8,0,0,8,8,0.0000
4,104.0000,35,40,975.2402,-87.7652,-1.0220,6,0.1500,0.8000,5,6,6,0,0,6,6,0.0000
4,104.0000,35,44,423.3101,-82.2513,0.0615,14,0.3500,1.0000,10,8,8,0,0,8,8,0.0000
4,104.0000,35,45,686.5529,-85.8706,-1.1722,8,0.2000,1.0000,8,8,8,0,0,8,8,0.0000
4,104.0000,36,1,688.5451,-85.6150,0.3718,9,0.2250,1.0000,8,3,1,0,0,3,1,0.6667
4,104.0000,36,2,879.5930,-87.3629,0.6802,4,0.1000,1.0000,2,5,4,0,0,5,4,0.2000
4,104.0000,36,4,451.5941,-82.8666,0.0453,13,0.3250,0.7500,8,8,7,0,0,8,7,0.1250
4,104.0000,36,5,696.2299,-85.9103,0.6721,3,0.0750,1.0000,8,8,8,0,0,8,8,0.0000
4,104.0000,36,8,501.1604,-85.1035,0.7800,7,0.1750,0.7500,8,8,8,0,0,8,8,0.0000
4,104.0000,36,9,1026.7055,-87.8933,1.8308,3,0.0750,,0,8,8,0,0,8,8,0.0000
4,104.0000,36,11,620.4692,-86.0854,-0.6190,12,0.3000,0.8750,8,8,8,0,0,8,8,0.0000
4,104.0000,36,12,639.5230,-83.9376,-0.4688,9,0.2250,0.6000,5,8,8,0,0,8,8,0.0000
4,104.0000,36,13,286.4246,-78.4441,-0.0228,25,0.6250,0.5000,6,6,4,0,0,6,4,0.3333
4,104.0000,36,14,415.2722,-82.7152,0.4275,14,0.3500,0.7143,7,7,6,0,0,7,6,0.1429
4,104.0000,36,15,110.9254,-71.6272,1.2510,35,0.8750,0.2000,5,6,3,0,0,6,3,0.5000
4,104.0000,36,17,528.4320,-83.6077,-0.9054,16,0.4000,1.0000,8,8,8,0,0,8,8,0.0000
4,104.0000,36,18,1057.2107,-87.8815,1.1501,6,0.1500,1.0000,4,2,2,0,0,2,2,0.0000
4,104.0000,36,19,367.4116,-79.9757,0.2907,16,0.4000,1.0000,8,8,7,0,0,8,7,0.1250
4,104.0000,36,20,688.8342,-86.0634,-0.3022,8,0.2000,0.8750,8,7,6,0,0,7,6,0.1429
4,104.0000,36,21,654.5147,-84.8190,0.4422,8,0.2000,0.8750,8,8,8,0,0,8,8,0.0000
4,104.0000,36,24,283.7548,-79.6532,0.4428,22,0.5500,0.8750,8,6,3,0,0,6,3,0.5000
4,104.0000,36,25,619.2192,-84.1028,0.5875,13,0.3250,0.8571,7,8,7,0,0,8,7,0.1250
4,104.0000,36,26,969.4300,-87.7673,-0.1970,3,0.0750,1.0000,6,4,3,0,0,4,3,0.2500
4,104.0000,36,27,443.2526,-82.3181,-0.1530,14,0.3500,0.7143,7,8,5,0,0,8,5,0.3750
4,104.0000,36,28,808.6342,-87.9754,-1.3335,6,0.1500,0.8571,7,4,4,0,0,4,4,0.0000
4,104.0000,36,30,693.2577,-86.6943,-0.2632,9,0.2250,0.7778,9,7,6,0,0,7,6,0.1429
4,104.0000,36,31,280.5019,-77.6849,0.0471,31,0.7750,0.0000,4,5,1,0,0,5,1,0.8000
4,104.0000,36,32,922.0813,-87.4468,-1.0046,8,0.2000,1.0000,6,4,4,0,0,4,4,0.0000
4,104.0000,36,33,411.0596,-81.7929,-0.2409,12,0.3000,0.6667,6,8,7,0,0,8,7,0.1250
4,104.0000,36,34,356.3920,-80.1776,-0.4188,25,0.6250,0.4000,5,6,2,0,0,6,2,0.6667
4,104.0000,36,35,1125.0134,-88.4726,2.7052,3,0.0750,1.0000,2,2,2,0,0,2,2,0.0000
4,104.0000,36,39,1061.5092,-87.3327,0.4220,7,0.1750,1.0000,6,4,4,0,0,4,4,0.0000
4,104.0000,36,40,554.9578,-83.9052,-0.1910,15,0.3750,1.0000,8,8,8,0,0,8,8,0.0000
4,104.0000,36,42,311.6585,-80.2081,0.2767,17,0.4250,0.5714,7,7,5,0,0,7,5,0.2857
4,104.0000,36,44,750.9520,-85.6015,-0.1268,6,0.1500,0.8750,8,8,8,0,0,8,8,0.0000
4,104.0000,36,45,685.8901,-86.9490,0.2810,10,0.2500,1.0000,6,8,8,0,0,8,8,0.0000
4,104.0000,36,46,124.3556,-73.8797,1.5910,33,0.8250,0.0000,4,6,3,0,0,6,3,0.5000
4,104.0000,37,0,368.1446,-80.1877,0.2647,22,0.5500,0.6667,6,6,4,0,0,6,4,0.3333
4,104.0000,37,3,171.6733,-74.8484,0.1995,32,0.8000,0.0000,4,5,1,0,0,5,1,0.8000
4,104.0000,37,5,484.7345,-83.7160,0.3083,7,0.1750,0.8333,6,10,8,0,0,10,8,0.2000
4,104.0000,37,6,133.0202,-72.0672,-0.3901,36,0.9000,0.2000,5,3,0,0,0,3,0,1.0000
4,104.0000,37,7,622.2903,-84.1653,0.6043,6,0.1500,0.8571,7,8,8,0,0,8,8,0.0000
4,104.0000,37,10,852.4091,-84.9302,-0.0781,4,0.1000,1.0000,8,6,6,0,0,6,6,0.0000
4,104.0000,37,16,519.5663,-82.4145,-0.6999,15,0.3750,0.5000,6,8,8,0,0,8,8,0.0000
4,104.0000,37,22,443.6552,-82.5565,0.0948,19,0.4750,0.6667,6,8,6,0,0,8,6,0.2500
4,104.0000,37,23,626.4075,-84.0562,-1.1797,13,0.3250,1.0000,8,8,7,0,0,8,7,0.1250
4,104.0000,37,26,522.7180,-83.3959,-0.4941,14,0.3500,0.7667,30,8,8,2,2,10,10,0.0000
4,104.0000,37,29,634.1428,-84.4241,-0.6944,6,0.1500,1.0000,8,8,8,0,0,8,8,0.0000
4,104.0000,37,38,631.3366,-83.7167,0.2235,7,0.1750,0.8750,8,8,8,0,0,8,8,0.0000
4,104.0000,37,41,659.5504,-84.9958,-0.6362,8,0.2000,0.7143,7,8,8,0,0,8,8,0.0000
4,104.0000,37,43,742.9861,-85.4874,-0.1379,7,0.1750,1.0000,8,8,8,0,0,8,8,0.0000
4,104.0000,37,47,840.8411,-85.3739,-0.4053,5,0.1250,0.8750,8,6,6,0,0,6,6,0.0000
4,104.0000,38,0,449.5824,-81.1958,0.0460,21,0.5250,0.7143,7,5,2,0,0,5,2,0.6000
4,104.0000,38,3,645.9734,-84.6521,0.2738,5,0.1250,1.0000,8,7,6,0,0,7,6,0.1429
4,104.0000,38,6,730.1734,-86.9282,-2.2058,4,0.1000,0.8750,8,7,6,0,0,7,6,0.1429
4,104.0000,38,7,154.8757,-73.7131,1.1114,34,0.8500,0.0000,4,4,0,0,0,4,0,1.0000
4,104.0000,38,10,228.2494,-76.8350,0.3500,34,0.8500,0.3333,6,4,0,0,0,4,0,1.0000
4,104.0000,38,12,608.1277,-85.4030,1.6748,4,0.1000,1.0000,8,5,2,0,0,5,2,0.6000
4,104.0000,38,16,221.7065,-75.0732,0.0906,31,0.7750,0.0000,4,4,0,0,0,4,0,1.0000
4,104.0000,38,22,629.1185,-84.3257,-0.9432,13,0.3250,0.8571,7,8,8,0,0,8,8,0.0000
4,104.0000,38,23,318.1386,-80.0990,0.2796,28,0.7000,0.2000,5,7,5,0,0,7,5,0.2857
4,104.0000,38,26,187.8702,-77.6278,1.3008,24,0.6000,0.0000,4,5,1,0,0,5,1,0.8000
4,104.0000,38,29,242.7549,-79.3755,0.5088,28,0.7000,0.0000,4,4,0,0,0,4,0,1.0000
4,104.0000,38,37,631.3366,-84.1146,-0.4145,12,0.3000,0.8889,9,7,6,0,0,7,6,0.1429
4,104.0000,38,41,115.8467,-70.8902,-0.0560,35,0.8750,0.2000,5,4,0,0,0,4,0,1.0000
4,104.0000,38,43,343.7132,-79.2439,-1.0343,31,0.7750,0.0000,4,6,3,0,0,6,3,0.5000
4,104.0000,38,47,296.5489,-75.5774,-2.0713,38,0.9500,0.3000,10,5,1,0,0,5,1,0.8000
4,104.0000,39,2,693.9881,-85.9901,-1.1624,7,0.1750,1.0000,8,8,8,0,0,8,8,0.0000
4,104.0000,39,9,294.7317,-77.5618,-0.3641,32,0.8000,0.5000,6,6,3,0,0,6,3,0.5000
4,104.0000,39,11,468.2847,-82.5655,0.0779,12,0.3000,0.8750,8,7,5,0,0,7,5,0.2857
4,104.0000,39,13,802.8185,-86.1599,0.0272,5,0.1250,1.0000,8,8,8,0,0,8,8,0.0000
4,104.0000,39,17,662.1928,-87.1527,0.2761,7,0.1750,1.0000,8,8,8,0,0,8,8,0.0000
4,104.0000,39,18,255.4354,-76.3396,-0.6300,33,0.8250,0.5000,6,8,6,0,0,8,6,0.2500
4,104.0000,39,25,443.7872,-80.7036,-1.7764,15,0.3750,0.2000,5,8,7,0,0,8,7,0.1250
4,104.0000,39,28,611.6230,-85.1070,-0.3393,10,0.2500,1.0000,6,8,8,0,0,8,8,0.0000
4,104.0000,39,30,930.0747,-87.8847,0.8670,3,0.0750,1.0000,6,8,8,0,0,8,8,0.0000
4,104.0000,39,32,412.7714,-79.9233,-1.2942,23,0.5750,0.5714,7,8,7,0,0,8,7,0.1250
4,104.0000,39,35,689.9722,-85.0852,-0.4450,12,0.3000,1.0000,8,8,8,0,0,8,8,0.0000
4,104.0000,39,40,656.5023,-85.5816,-0.2180,7,0.1750,0.8750,8,8,8,0,0,8,8,0.0000
4,104.0000,39,44,687.7309,-85.9060,-0.6411,9,0.2250,0.8571,7,6,4,0,0,6,4,0.3333
4,104.0000,39,45,535.7712,-83.7823,-0.4430,13,0.3250,1.0000,8,8,8,0,0,8,8,0.0000
4,104.0000,40,2,654.8646,-85.4177,0.1486,13,0.3250,1.0000,8,8,8,0,0,8,8,0.0000
4,104.0000,40,4,388.9426,-81.3428,1.2570,13,0.3250,0.6667,6,8,8,0,0,8,8,0.0000
4,104.0000,40,8,628.4439,-86.0292,-1.4088,6,0.1500,0.8571,7,7,6,0,0,7,6,0.1429
4,104.0000,40,9,629.6866,-85.9777,-0.5317,12,0.3000,1.0000,8,8,8,0,0,8,8,0.0000
4,104.0000,40,11,413.5922,-81.3793,-0.2323,17,0.4250,1.0000,8,7,6,0,0,7,6,0.1429
4,104.0000,40,13,423.5976,-81.9249,0.4330,13,0.3250,1.0000,8,8,8,10,10,18,18,0.0000
4,104.0000,40,14,860.0363,-87.4281,0.5455,3,0.0750,1.0000,10,8,8,0,0,8,8,0.0000
4,104.0000,40,15,554.0141,-86.3570,0.4665,6,0.1500,1.0000,8,8,6,0,0,8,6,0.2500
4,104.0000,40,17,101.1887,-69.7178,1.3909,33,0.8250,0.2000,5,5,1,0,0,5,1,0.8000
4,104.0000,40,18,754.9279,-85.8978,-0.5975,7,0.1750,1.0000,8,8,7,0,0,8,7,0.1250
4,104.0000,40,19,839.9245,-88.5113,0.7516,4,0.1000,1.0000,8,8,8,0,0,8,8,0.0000
4,104.0000,40,21,530.9032,-83.6215,-0.5796,14,0.3500,1.0000,8,7,6,0,0,7,6,0.1429
4,104.0000,40,24,755.3072,-86.5149,0.4619,3,0.0750,0.8571,7,8,8,0,0,8,8,0.0000
4,104.0000,40,25,319.7644,-80.4333,-0.0236,23,0.5750,0.4000,5,6,3,0,0,6,3,0.5000
4,104.0000,40,27,517.4303,-84.3408,-0.6379,11,0.2750,0.9635,137,7,5,144,144,151,149,0.0132
4,104.0000,40,28,652.5209,-85.2301,-1.0445,10,0.2500,0.5000,6,7,6,0,0,7,6,0.1429
4,104.0000,40,30,708.3471,-86.7084,-0.0271,7,0.1750,0.8571,7,8,8,0,0,8,8,0.0000
4,104.0000,40,31,594.4397,-84.2402,0.3738,8,0.2000,0.8333,6,10,9,0,0,10,9,0.1000
4,104.0000,40,32,623.2967,-85.7193,-0.0598,8,0.2000,0.6667,6,8,8,0,0,8,8,0.0000
4,104.0000,40,33,711.6959,-85.8318,0.1549,7,0.1750,1.0000,8,8,8,0,0,8,8,0.0000
4,104.0000,40,34,722.1957,-86.0552,0.5752,5,0.1250,1.0000,8,8,7,0,0,8,7,0.1250
4,104.0000,40,35,975.2402,-85.5780,-0.8151,3,0.0750,0.8571,7,6,6,0,0,6,6,0.0000
4,104.0000,40,36,554.9578,-83.1722,0.8404,8,0.2000,0.6667,6,8,8,0,0,8,8,0.0000
4,104.0000,40,39,656.5023,-84.7014,-1.3337,15,0.3750,1.0000,6,10,8,0,0,10,8,0.2000
4,104.0000,40,42,585.0892,-85.0044,-0.8773,8,0.2000,1.0000,8,6,4,0,0,6,4,0.3333
4,104.0000,40,44,642.3349,-84.5324,-0.3514,11,0.2750,1.0000,8,8,8,0,0,8,8,0.0000
4,104.0000,40,45,321.6800,-78.5526,0.0150,25,0.6250,0.5714,14,7,4,6,4,13,8,0.3846
4,104.0000,40,46,566.4047,-84.3271,-0.6990,10,0.2500,0.6667,6,8,8,0,0,8,8,0.0000
4,104.0000,41,0,481.2027,-81.6199,-0.1073,28,0.7179,0.3333,6,7,6,0,0,7,6,0.1429
4,104.0000,41,3,644.9153,-86.4820,-0.1848,7,0.1795,0.7500,8,8,8,0,0,8,8,0.0000
4,104.0000,41,6,771.2333,-86.3775,-0.8079,9,0.2308,0.8750,8,6,6,0,0,6,6,0.0000
4,104.0000,41,7,232.3210,-77.2836,0.7135,35,0.8974,0.2000,5,5,1,0,0,5,1,0.8000
4,104.0000,41,10,262.3511,-78.6453,0.4906,33,0.8462,0.0000,4,4,0,0,0,4,0,1.0000
4,104.0000,41,12,548.9908,-85.5424,-0.2736,11,0.2821,0.7143,7,8,8,0,0,8,8,0.0000
4,104.0000,41,14,775.5299,-87.4094,0.6175,7,0.1795,1.0000,6,8,8,0,0,8,8,0.0000
4,104.0000,41,16,297.9748,-76.9180,-0.5178,34,0.8718,0.2000,5,6,4,0,0,6,4,0.3333
4,104.0000,41,22,629.3039,-85.5530,-0.6633,17,0.4359,1.0000,8,6,4,0,0,6,4,0.3333
4,104.0000,41,23,258.9408,-78.9863,-0.4284,37,0.9487,0.2000,5,4,0,0,0,4,0,1.0000
4,104.0000,41,24,833.7809,-86.0832,-0.2309,3,0.0769,1.0000,8,8,8,0,0,8,8,0.0000
4,104.0000,41,26,192.2952,-76.1781,0.9244,30,0.7692,0.2000,5,5,1,0,0,5,1,0.8000
4,104.0000,41,29,278.2879,-79.0694,0.7392,29,0.7436,0.3333,6,6,1,0,0,6,1,0.8333
4,104.0000,41,34,862.1156,-88.7522,0.7166,3,0.0769,1.0000,6,8,8,0,0,8,8,0.0000
4,104.0000,41,37,659.5504,-83.7950,-0.2974,13,0.3333,0.8571,7,8,8,0,0,8,8,0.0000
4,104.0000,41,38,115.8467,-70.4034,0.6618,37,0.9487,0.0000,4,5,1,0,0,5,1,0.8000
4,104.0000,41,43,350.1702,-78.5239,-1.2686,36,0.9231,0.2000,5,6,2,0,0,6,2,0.6667
4,104.0000,41,47,364.9075,-79.8358,-1.5034,35,0.8974,0.3333,6,5,1,0,0,5,1,0.8000
4,104.0000,42,1,802.7071,-87.7982,0.8583,5,0.1250,1.0000,2,6,6,0,0,6,6,0.0000
4,104.0000,42,3,824.6930,-86.6471,1.5908,4,0.1000,0.8571,7,8,8,0,0,8,8,0.0000
4,104.0000,42,4,487.8861,-83.2379,0.0159,8,0.2000,0.8571,7,6,4,0,0,6,4,0.3333
4,104.0000,42,5,707.3195,-85.5468,-0.2234,10,0.2500,0.8571,7,8,8,0,0,8,8,0.0000
4,104.0000,42,7,963.5694,-89.0044,-1.2531,3,0.0750,1.0000,8,4,4,0,0,4,4,0.0000
4,104.0000,42,8,512.9429,-85.6412,1.4145,7,0.1750,0.6667,6,7,4,0,0,7,4,0.4286
4,104.0000,42,11,819.1128,-86.2217,-0.5357,3,0.0750,1.0000,4,8,8,0,0,8,8,0.0000
4,104.0000,42,12,469.5195,-82.0020,-0.7799,17,0.4250,0.8750,8,8,8,0,0,8,8,0.0000
4,104.0000,42,13,527.1965,-83.4408,0.4478,9,0.2250,1.0000,8,7,4,0,0,7,4,0.4286
4,104.0000,42,14,388.0736,-80.9001,-0.1865,22,0.5500,0.5714,7,6,4,0,0,6,4,0.3333
4,104.0000,42,15,281.5672,-78.0978,-0.1957,29,0.7250,0.5000,6,7,5,0,0,7,5,0.2857
4,104.0000,42,16,1128.0430,-88.3279,0.6169,3,0.0750,1.0000,6,2,2,0,0,2,2,0.0000
4,104.0000,42,17,575.0751,-85.4365,-2.0337,7,0.1750,0.8571,7,8,8,0,0,8,8,0.0000
4,104.0000,42,19,447.2442,-80.7937,-0.2863,17,0.4250,0.8750,8,8,8,0,0,8,8,0.0000
4,104.0000,42,21,714.4377,-86.3326,0.1186,4,0.1000,1.0000,4,8,8,0,0,8,8,0.0000
4,104.0000,42,23,1021.2590,-88.1025,0.5649,3,0.0750,1.0000,4,4,4,0,0,4,4,0.0000
4,104.0000,42,24,251.3202,-77.6074,-0.4013,29,0.7250,0.0000,4,5,1,0,0,5,1,0.8000
4,104.0000,42,26,839.5443,-88.8390,-0.1439,3,0.0750,0.6667,6,10,10,0,0,10,10,0.0000
4,104.0000,42,27,531.0347,-84.4131,0.7459,8,0.2000,1.0000,7,9,7,0,0,9,7,0.2222
4,104.0000,42,29,864.1727,-86.0305,-0.6004,6,0.1500,1.0000,8,8,8,0,0,8,8,0.0000
4,104.0000,42,30,829.3476,-87.0950,0.2378,3,0.0750,0.8571,7,7,6,0,0,7,6,0.1429
4,104.0000,42,31,232.6444,-76.1586,-0.3383,33,0.8250,0.2000,5,6,4,0,0,6,4,0.3333
4,104.0000,42,33,427.4499,-80.4217,-1.4698,14,0.3500,0.7143,7,8,8,0,0,8,8,0.0000
4,104.0000,42,34,274.0571,-78.0500,0.0239,32,0.8000,0.4000,5,7,6,0,0,7,6,0.1429
4,104.0000,42,36,311.6585,-79.8757,-0.0703,19,0.4750,0.6250,8,5,2,0,0,5,2,0.6000
4,104.0000,42,37,968.5554,-86.0917,-3.8789,3,0.0750,1.0000,4,6,5,0,0,6,5,0.1667
4,104.0000,42,38,1008.4196,-89.0154,0.1266,6,0.1500,1.0000,8,6,6,0,0,6,6,0.0000
4,104.0000,42,40,585.0892,-86.4963,0.4652,7,0.1750,0.8571,7,7,5,0,0,7,5,0.2857
4,104.0000,42,41,945.1624,-87.8738,0.2711,4,0.1000,1.0000,4,2,2,0,0,2,2,0.0000
4,104.0000,42,46,232.0386,-76.2832,-0.0284,27,0.6750,0.0000,4,5,1,0,0,5,1,0.8000
4,104.0000,43,0,407.6415,-81.1854,-0.9497,26,0.6500,0.2000,5,6,3,0,0,6,3,0.5000
4,104.0000,43,3,770.3803,-85.4418,0.1342,8,0.2000,1.0000,8,8,8,0,0,8,8,0.0000
4,104.0000,43,6,834.8780,-86.7969,0.8225,6,0.1500,1.0000,8,8,8,0,0,8,8,0.0000
4,104.0000,43,7,491.2487,-82.2305,-0.0493,19,0.4750,0.3333,6,5,1,0,0,5,1,0.8000
4,104.0000,43,10,437.3834,-82.7085,-0.9559,24,0.6000,0.3333,6,7,5,0,0,7,5,0.2857
4,104.0000,43,16,288.3643,-78.9873,0.6495,28,0.7000,0.6667,6,5,1,0,0,5,1,0.8000
4,104.0000,43,22,513.3792,-83.6555,-0.4348,18,0.4500,0.7500,8,8,7,0,0,8,7,0.1250
4,104.0000,43,23,253.5970,-76.2421,-1.0234,37,0.9250,0.1667,6,4,0,0,0,4,0,1.0000
4,104.0000,43,26,486.0157,-83.1451,-0.6252,13,0.3250,0.7143,7,8,8,12,8,20,16,0.2000
4,104.0000,43,29,585.6570,-84.9457,-0.1220,11,0.2750,0.5000,6,8,8,0,0,8,8,0.0000
4,104.0000,43,37,742.9861,-85.6235,1.6937,5,0.1250,0.8571,7,8,8,0,0,8,8,0.0000
4,104.0000,43,38,343.7132,-78.1487,-0.6559,33,0.8250,0.2000,5,7,6,0,0,7,6,0.1429
4,104.0000,43,41,350.1702,-78.3928,-1.1258,29,0.7250,0.7143,7,6,4,0,0,6,4,0.3333
4,104.0000,43,47,300.8494,-78.8485,-0.1935,39,0.9750,0.2727,11,6,2,0,0,6,2,0.6667
4,104.0000,44,1,734.3382,-85.4635,-0.9285,11,0.2683,1.0000,8,4,4,0,0,4,4,0.0000
4,104.0000,44,2,229.2103,-77.9561,1.0115,31,0.7561,0.0000,4,5,2,0,0,5,2,0.6000
4,104.0000,44,4,487.2202,-83.2585,0.0338,15,0.3659,0.8571,7,5,2,0,0,5,2,0.6000
4,104.0000,44,5,1053.8494,-87.7224,0.2286,3,0.0732,1.0000,6,4,4,0,0,4,4,0.0000
4,104.0000,44,8,582.3942,-86.1043,0.5153,11,0.2683,0.8571,7,8,6,0,0,8,6,0.2500
4,104.0000,44,9,493.9374,-84.6443,0.1650,27,0.6585,0.8750,8,9,6,0,0,9,6,0.3333
4,104.0000,44,11,391.9591,-80.7818,-0.9903,28,0.6829,0.7143,7,5,2,0,0,5,2,0.6000
4,104.0000,44,13,496.5086,-82.8817,-0.4762,16,0.3902,0.8571,7,8,8,0,0,8,8,0.0000
4,104.0000,44,15,836.4419,-88.4942,0.5272,4,0.0976,1.0000,8,6,6,0,0,6,6,0.0000
4,104.0000,44,17,554.3417,-83.5790,-0.1058,14,0.3415,0.8571,7,7,6,0,0,7,6,0.1429
4,104.0000,44,18,548.8900,-84.0653,0.5131,19,0.4634,0.6667,6,8,8,0,0,8,8,0.0000
4,104.0000,44,19,848.8678,-87.3675,0.7215,5,0.1220,1.0000,8,8,8,0,0,8,8,0.0000
4,104.0000,44,20,602.5821,-85.8998,-0.4623,12,0.2927,0.3333,6,8,8,0,0,8,8,0.0000
4,104.0000,44,21,356.8019,-79.5047,-0.8924,30,0.7317,0.4000,5,5,2,0,0,5,2,0.6000
4,104.0000,44,25,514.4473,-83.8916,-0.1954,12,0.2927,0.8571,7,6,4,0,0,6,4,0.3333
4,104.0000,44,27,443.9461,-80.3224,-1.2736,22,0.5366,1.0000,8,8,8,0,0,8,8,0.0000
4,104.0000,44,28,93.6525,-69.3464,0.7368,35,0.8537,0.0000,4,5,1,0,0,5,1,0.8000
4,104.0000,44,30,267.9444,-78.4289,-0.0930,28,0.6829,0.7143,7,6,3,0,0,6,3,0.5000
4,104.0000,44,32,310.8204,-82.0612,0.6721,27,0.6585,0.2000,5,5,1,0,0,5,1,0.8000
4,104.0000,44,33,708.5154,-87.5407,-0.4721,7,0.1707,1.0000,8,10,10,0,0,10,10,0.0000
4,104.0000,44,35,423.3101,-83.5115,-0.5506,26,0.6341,1.0000,8,4,0,0,0,4,0,1.0000
4,104.0000,44,36,750.9520,-85.9890,0.2901,8,0.1951,0.7143,7,8,8,0,0,8,8,0.0000
4,104.0000,44,39,687.7309,-85.6551,-0.0655,16,0.3902,0.7143,7,7,6,0,0,7,6,0.1429
4,104.0000,44,40,642.3349,-85.2142,-0.4667,15,0.3659,1.0000,8,8,8,0,0,8,8,0.0000
4,104.0000,44,42,929.1576,-87.7707,-0.5463,5,0.1220,1.0000,8,4,4,0,0,4,4,0.0000
4,104.0000,44,45,368.0463,-81.4970,0.5266,26,0.6341,0.8571,7,7,5,0,0,7,5,0.2857
4,104.0000,44,46,855.0042,-87.3670,-0.7061,4,0.0976,1.0000,6,8,8,0,0,8,8,0.0000
4,104.0000,45,1,920.2606,-88.4425,0.2303,7,0.1750,1.0000,6,7,6,0,0,7,6,0.1429
4,104.0000,45,2,342.3997,-81.6910,0.2787,24,0.6000,0.8750,8,7,4,0,0,7,4,0.4286
4,104.0000,45,4,364.1070,-82.5480,0.8537,15,0.3750,1.0000,8,7,6,0,0,7,6,0.1429
4,104.0000,45,8,582.2734,-84.5042,3.0248,4,0.1000,1.0000,8,8,8,0,0,8,8,0.0000
4,104.0000,45,9,383.4856,-81.0934,0.0251,27,0.6750,0.7143,7,6,4,0,0,6,4,0.3333
4,104.0000,45,11,307.2303,-79.4102,0.0757,28,0.7000,0.2000,5,6,3,0,0,6,3,0.5000
4,104.0000,45,13,453.3435,-84.2113,0.3195,13,0.3250,1.0000,8,8,7,0,0,8,7,0.1250
4,104.0000,45,15,732.8959,-87.3269,1.6516,3,0.0750,1.0000,8,8,8,0,0,8,8,0.0000
4,104.0000,45,17,247.9313,-78.8880,0.7851,25,0.6250,0.8571,7,4,0,0,0,4,0,1.0000
4,104.0000,45,18,550.3943,-84.0271,-0.0825,26,0.6500,0.5000,8,7,5,0,0,7,5,0.2857
4,104.0000,45,21,342.5152,-80.7779,0.2921,23,0.5750,0.8571,7,6,4,0,0,6,4,0.3333
4,104.0000,45,25,319.0046,-79.4152,-0.2313,26,0.6500,0.0000,4,6,3,0,0,6,3,0.5000
4,104.0000,45,27,444.6187,-82.5446,-0.3061,14,0.3500,0.8235,17,8,8,0,0,8,8,0.0000
4,104.0000,45,28,364.7713,-80.0603,0.2309,24,0.6000,0.7143,7,6,3,0,0,6,3,0.5000
4,104.0000,45,30,490.5942,-84.5582,0.0369,14,0.3500,1.0000,8,7,6,0,0,7,6,0.1429
4,104.0000,45,32,333.2118,-79.8957,-0.0543,29,0.7250,0.4000,5,5,2,0,0,5,2,0.6000
4,104.0000,45,33,722.2872,-87.9024,1.5599,4,0.1000,1.0000,8,8,7,0,0,8,7,0.1250
4,104.0000,45,35,686.5529,-85.2500,-1.2938,11,0.2750,0.8571,7,7,6,0,0,7,6,0.1429
4,104.0000,45,36,685.8901,-86.3196,-0.1589,7,0.1750,1.0000,8,7,5,0,0,7,5,0.2857
4,104.0000,45,39,535.7712,-83.2863,0.2377,20,0.5000,0.6250,8,8,7,0,0,8,7,0.1250
4,104.0000,45,40,321.6800,-78.3860,-0.8868,27,0.6750,0.4000,5,6,3,8,4,14,7,0.5000
4,104.0000,45,42,780.6647,-87.1640,0.3662,3,0.0750,1.0000,8,6,6,0,0,6,6,0.0000
4,104.0000,45,44,368.0463,-81.5915,0.2180,22,0.5500,0.7143,7,6,4,0,0,6,4,0.3333
4,104.0000,46,1,780.2660,-86.4858,-1.3331,6,0.1500,0.8000,5,4,4,0,0,4,4,0.0000
4,104.0000,46,3,893.7733,-87.6059,1.1984,4,0.1000,1.0000,4,4,4,0,0,4,4,0.0000
4,104.0000,46,4,509.1319,-82.4067,-0.5916,9,0.2250,1.0000,8,7,6,0,0,7,6,0.1429
4,104.0000,46,5,735.3434,-84.4286,-0.9401,11,0.2750,0.8571,7,8,8,0,0,8,8,0.0000
4,104.0000,46,7,1000.6484,-87.3222,0.7491,5,0.1250,1.0000,6,4,4,0,0,4,4,0.0000
4,104.0000,46,8,564.6710,-84.0291,-0.0110,9,0.2250,0.7143,7,7,5,0,0,7,5,0.2857
4,104.0000,46,11,698.4306,-86.5219,0.1234,8,0.2000,1.0000,8,6,4,0,0,6,4,0.3333
4,104.0000,46,12,534.7588,-82.4026,-0.6574,16,0.4000,0.8571,7,7,6,0,0,7,6,0.1429
4,104.0000,46,13,384.5858,-83.2652,-0.2326,11,0.2750,0.8571,7,8,7,0,0,8,7,0.1250
4,104.0000,46,14,322.7603,-79.1593,-0.3922,30,0.7500,0.5714,7,6,3,0,0,6,3,0.5000
4,104.0000,46,15,53.3057,-66.1149,1.4882,38,0.9500,0.0000,4,4,0,0,0,4,0,1.0000
4,104.0000,46,17,557.7406,-84.8481,0.3592,9,0.2250,1.0000,8,7,6,0,0,7,6,0.1429
4,104.0000,46,19,418.7934,-78.9219,-1.5984,23,0.5750,0.5000,6,8,6,0,0,8,6,0.2500
4,104.0000,46,20,782.0018,-87.7902,0.1554,5,0.1250,1.0000,8,7,6,0,0,7,6,0.1429
4,104.0000,46,21,729.8183,-86.1699,10.7828,3,0.0750,0.8333,6,8,8,0,0,8,8,0.0000
4,104.0000,46,24,206.0620,-75.4814,0.0406,35,0.8750,0.5000,6,5,1,0,0,5,1,0.8000
4,104.0000,46,25,674.2190,-86.7708,1.4203,4,0.1000,1.0000,6,8,7,0,0,8,7,0.1250
4,104.0000,46,26,902.5636,-86.4992,-0.7774,4,0.1000,1.0000,8,8,8,0,0,8,8,0.0000
4,104.0000,46,27,526.0142,-84.2148,0.3555,8,0.2000,1.0000,8,8,6,0,0,8,6,0.2500
4,104.0000,46,30,796.3456,-87.1457,0.4706,4,0.1000,1.0000,4,8,8,0,0,8,8,0.0000
4,104.0000,46,31,158.3536,-72.8995,-0.1310,35,0.8750,0.0000,4,6,2,0,0,6,2,0.6667
4,104.0000,46,33,468.0589,-81.5160,-0.5931,14,0.3500,0.7143,7,7,6,0,0,7,6,0.1429
4,104.0000,46,34,237.5858,-76.1464,-0.0720,35,0.8750,0.0000,4,5,1,0,0,5,1,0.8000
4,104.0000,46,36,124.3556,-74.2731,1.4482,31,0.7750,0.0000,4,5,2,0,0,5,2,0.6000
4,104.0000,46,40,566.4047,-85.6095,0.8042,6,0.1500,1.0000,8,8,6,0,0,8,6,0.2500
4,104.0000,46,42,232.0386,-76.1935,0.2032,35,0.8750,0.5000,6,4,0,0,0,4,0,1.0000
4,104.0000,46,45,747.7123,-87.1093,-0.0210,5,0.1250,,0,8,8,0,0,8,8,0.0000
4,104.0000,47,0,571.2385,-83.8864,-0.7971,16,0.4000,0.8750,8,7,6,0,0,7,6,0.1429
4,104.0000,47,3,891.5284,-86.1532,0.3144,5,0.1250,0.8571,7,8,8,0,0,8,8,0.0000
4,104.0000,47,6,917.2573,-86.7902,-1.0250,6,0.1500,1.0000,6,6,6,0,0,6,6,0.0000
4,104.0000,47,7,382.0729,-79.2155,-0.4655,26,0.6500,0.2000,5,7,5,0,0,7,5,0.2857
4,104.0000,47,10,249.7736,-77.8717,0.2424,31,0.7750,0.2319,138,4,0,0,0,4,0,1.0000
4,104.0000,47,12,875.3948,-87.7808,0.0347,5,0.1250,1.0000,8,8,8,0,0,8,8,0.0000
4,104.0000,47,16,325.3197,-80.9806,-0.4197,24,0.6000,0.6667,6,5,2,0,0,5,2,0.6000
4,104.0000,47,22,747.1075,-85.4211,-0.7841,11,0.2750,0.8750,8,8,8,0,0,8,8,0.0000
4,104.0000,47,23,468.7919,-82.8254,-0.0635,23,0.5750,0.5000,6,6,2,0,0,6,2,0.6667
4,104.0000,47,26,481.9322,-83.0562,0.7297,15,0.3750,1.0000,8,7,6,0,0,7,6,0.1429
4,104.0000,47,29,489.0134,-82.8007,-0.2545,15,0.3750,0.5000,6,6,4,0,0,6,4,0.3333
4,104.0000,47,37,840.8411,-85.7122,1.8660,3,0.0750,1.0000,8,8,8,0,0,8,8,0.0000
4,104.0000,47,38,296.5489,-75.8845,-2.1700,30,0.7500,0.2000,5,5,1,0,0,5,1,0.8000
4,104.0000,47,41,364.9075,-79.4767,-0.6212,22,0.5500,0.5000,6,5,2,0,0,5,2,0.6000
4,104.0000,47,43,300.8494,-78.9144,-0.2051,28,0.7000,0.0000,4,4,0,0,0,4,0,1.0000
4,108.0000,0,3,502.2741,-83.5385,-0.9921,16,0.3902,0.7143,7,7,6,0,0,7,6,0.1429
4,108.0000,0,5,728.8310,-87.0059,-0.4768,4,0.0976,1.0000,8,7,6,0,0,7,6,0.1429
4,108.0000,0,6,484.3917,-81.9991,0.1461,23,0.5610,0.6667,6,6,4,0,0,6,4,0.3333
4,108.0000,0,7,554.4767,-84.6645,-0.0123,12,0.2927,0.7143,7,7,5,0,0,7,5,0.2857
4,108.0000,0,10,702.5577,-85.6732,0.0801,16,0.3902,1.0000,8,8,8,0,0,8,8,0.0000
4,108.0000,0,16,364.9079,-80.4046,-1.1219,22,0.5366,0.6667,6,6,3,0,0,6,3,0.5000
4,108.0000,0,22,228.9752,-76.4568,-0.0910,37,0.9024,0.0000,4,4,0,0,0,4,0,1.0000
4,108.0000,0,23,522.0585,-82.4953,-0.3350,18,0.4390,0.0000,4,8,8,0,0,8,8,0.0000
4,108.0000,0,26,610.1686,-83.5337,0.3133,17,0.4146,0.7143,7,8,8,0,0,8,8,0.0000
4,108.0000,0,29,691.6537,-85.0469,-0.3578,10,0.2439,1.0000,8,8,8,0,0,8,8,0.0000
4,108.0000,0,37,443.7109,-81.8012,-0.3827,24,0.5854,0.4000,5,8,7,0,0,8,7,0.1250
4,108.0000,0,38,536.7847,-83.0373,-0.0780,16,0.3902,0.7500,8,8,8,0,0,8,8,0.0000
4,108.0000,0,41,629.4787,-84.3414,-0.0174,16,0.3902,1.0000,6,8,8,0,0,8,8,0.0000
4,108.0000,0,43,456.4445,-82.5270,-0.6909,21,0.5122,0.5000,6,8,5,0,0,8,5,0.3750
4,108.0000,0,47,622.7313,-85.7984,-0.0108,17,0.4146,0.8889,9,8,8,0,0,8,8,0.0000
4,108.0000,1,4,651.4986,-83.9668,0.4421,6,0.1500,0.8750,8,7,6,0,0,7,6,0.1429
4,108.0000,1,5,404.3789,-81.9198,-0.7669,14,0.3500,1.0000,8,6,4,0,0,6,4,0.3333
4,108.0000,1,6,730.3813,-86.5872,0.5021,5,0.1250,,0,8,8,0,0,8,8,0.0000
4,108.0000,1,8,516.7936,-82.9621,-0.7942,7,0.1750,1.0000,8,8,8,0,0,8,8,0.0000
4,108.0000,1,13,754.9995,-87.1194,-0.6436,4,0.1000,1.0000,8,8,8,0,0,8,8,0.0000
4,108.0000,1,15,718.5404,-85.8209,-0.1927,3,0.0750,1.0000,8,8,8,0,0,8,8,0.0000
4,108.0000,1,19,293.3372,-79.2049,-0.3850,13,0.3250,0.8750,8,7,5,0,0,7,5,0.2857
4,108.0000,1,20,234.5102,-75.8985,-0.6729,33,0.8250,0.3333,6,7,5,0,0,7,5,0.2857
4,108.0000,1,21,599.9956,-84.5074,-0.8458,7,0.1750,1.0000,8,8,8,0,0,8,8,0.0000
4,108.0000,1,24,649.3285,-85.6080,-0.7915,4,0.1000,1.0000,8,8,8,0,0,8,8,0.0000
4,108.0000,1,27,490.0561,-82.4517,-0.4884,8,0.2000,1.0000,8,8,7,0,0,8,7,0.1250
4,108.0000,1,30,625.3417,-83.2084,-1.2543,6,0.1500,1.0000,8,7,6,0,0,7,6,0.1429
4,108.0000,1,33,303.4126,-79.3715,-0.0184,15,0.3750,0.8750,8,4,0,0,0,4,0,1.0000
4,108.0000,1,36,597.8334,-85.6966,3.5139,3,0.0750,1.0000,8,8,8,0,0,8,8,0.0000
4,108.0000,1,37,716.2419,-86.5438,0.1439,3,0.0750,1.0000,6,8,8,0,0,8,8,0.0000
4,108.0000,1,42,788.5440,-86.4290,1.6145,4,0.1000,1.0000,6,8,8,0,0,8,8,0.0000
4,108.0000,1,46,793.8625,-86.6916,-1.5980,3,0.0750,1.0000,8,8,8,0,0,8,8,0.0000
4,108.0000,2,1,943.1200,-87.7430,-1.0137,5,0.1250,1.0000,4,8,8,0,0,8,8,0.0000
4,108.0000,2,4,439.2726,-82.9438,-0.7429,9,0.2250,0.8750,8,6,4,0,0,6,4,0.3333
4,108.0000,2,8,654.5165,-86.5238,0.3326,5,0.1250,1.0000,8,7,6,0,0,7,6,0.1429
4,108.0000,2,9,248.1160,-79.3120,1.5301,27,0.6750,0.8571,7,6,2,0,0,6,2,0.6667
4,108.0000,2,11,478.2126,-83.3532,-1.5867,8,0.2000,0.6667,6,7,6,0,0,7,6,0.1429
4,108.0000,2,13,644.7851,-85.6332,1.1580,8,0.2000,0.7500,8,7,6,0,0,7,6,0.1429
4,108.0000,2,15,839.6656,-87.5261,-0.9883,3,0.0750,1.0000,8,8,8,0,0,8,8,0.0000
4,108.0000,2,17,509.3152,-83.7630,1.1739,9,0.2250,0.8571,7,8,7,0,0,8,7,0.1250
4,108.0000,2,18,442.1931,-82.9606,1.9587,13,0.3250,1.0000,8,8,5,0,0,8,5,0.3750
4,108.0000,2,19,1023.2708,-89.4750,-0.2743,3,0.0750,1.0000,8,2,2,0,0,2,2,0.0000
4,108.0000,2,20,722.5199,-86.5103,-0.3427,5,0.1250,0.7778,9,8,8,0,0,8,8,0.0000
4,108.0000,2,21,421.2445,-80.1995,-1.7187,19,0.4750,0.8571,7,7,6,0,0,7,6,0.1429
4,108.0000,2,25,550.5620,-86.1877,0.0445,7,0.1750,1.0000,8,8,7,0,0,8,7,0.1250
4,108.0000,2,27,598.9159,-83.6849,-1.6060,9,0.2250,1.0000,8,5,4,0,0,5,4,0.2000
4,108.0000,2,28,255.0617,-77.1762,-0.3563,32,0.8000,0.3333,6,5,2,0,0,5,2,0.6000
4,108.0000,2,30,362.4649,-80.5633,-0.2442,15,0.3750,0.6250,8,5,2,0,0,5,2,0.6000
4,108.0000,2,32,174.6351,-76.2467,1.0011,31,0.7750,0.2000,5,5,2,0,0,5,2,0.6000
4,108.0000,2,33,763.3708,-88.3734,-0.3608,5,0.1250,0.8750,8,8,8,0,0,8,8,0.0000
4,108.0000,2,35,561.1612,-83.8451,-0.3336,19,0.4750,0.5000,6,6,4,0,0,6,4,0.3333
4,108.0000,2,39,611.2634,-85.5127,0.5278,8,0.2000,0.6667,6,8,8,0,0,8,8,0.0000
4,108.0000,2,40,654.9467,-85.5822,-0.7500,3,0.0750,0.8571,7,8,8,0,0,8,8,0.0000
4,108.0000,2,42,934.8054,-87.3159,-1.8885,3,0.0750,1.0000,6,8,8,0,0,8,8,0.0000
4,108.0000,2,44,235.2833,-76.1953,-0.7416,36,0.9000,0.2000,5,6,3,0,0,6,3,0.5000
4,108.0000,2,45,298.6751,-79.5025,0.4980,19,0.4750,0.5000,6,4,0,0,0,4,0,1.0000
4,108.0000,2,46,872.1786,-87.2338,0.4139,3,0.0750,0.8750,8,8,8,0,0,8,8,0.0000
4,108.0000,3,0,502.2741,-82.6375,-0.3202,18,0.4500,0.8571,7,7,6,0,0,7,6,0.1429
4,108.0000,3,5,304.4862,-79.5939,0.5157,22,0.5500,0.6667,6,5,1,0,0,5,1,0.8000
4,108.0000,3,6,332.5809,-79.2308,-0.1663,29,0.7250,0.5714,7,5,1,0,0,5,1,0.8000
4,108.0000,3,7,529.6646,-83.9523,0.2526,12,0.3000,0.6667,6,6,4,0,0,6,4,0.3333
4,108.0000,3,10,850.6002,-86.8803,0.7747,4,0.1000,1.0000,8,5,4,0,0,5,4,0.2000
4,108.0000,3,16,678.7244,-84.6201,0.4864,7,0.1750,0.8750,8,8,8,0,0,8,8,0.0000
4,108.0000,3,19,485.9290,-83.7301,1.2107,4,0.1000,1.0000,8,8,7,0,0,8,7,0.1250
4,108.0000,3,22,482.7966,-83.0301,0.1541,23,0.5750,0.7500,8,8,8,0,0,8,8,0.0000
4,108.0000,3,23,588.2611,-83.6984,-1.4401,12,0.3000,1.0000,8,7,6,0,0,7,6,0.1429
4,108.0000,3,26,575.3983,-83.9826,0.0076,11,0.2750,1.0000,8,8,8,0,0,8,8,0.0000
4,108.0000,3,29,647.6837,-85.0696,-0.0100,7,0.1750,1.0000,8,8,6,0,0,8,6,0.2500
4,108.0000,3,37,258.3162,-76.0430,-1.1791,35,0.8750,0.2000,5,4,0,0,0,4,0,1.0000
4,108.0000,3,38,547.8399,-85.3925,-0.5480,6,0.1500,0.7143,7,7,5,0,0,7,5,0.2857
4,108.0000,3,41,619.8424,-84.1371,-0.0690,6,0.1500,0.8750,8,8,8,0,0,8,8,0.0000
4,108.0000,3,43,819.5895,-85.6369,0.0652,7,0.1750,1.0000,8,8,8,0,0,8,8,0.0000
4,108.0000,3,47,854.0140,-87.0592,0.6505,4,0.1000,1.0000,8,6,6,0,0,6,6,0.0000
4,108.0000,4,1,651.4986,-86.0834,0.8417,10,0.2564,1.0000,8,8,8,0,0,8,8,0.0000
4,108.0000,4,2,439.2726,-83.3316,-0.0101,25,0.6410,0.8571,7,8,7,0,0,8,7,0.1250
4,108.0000,4,5,919.6001,-87.8660,0.5642,5,0.1282,1.0000,8,8,7,0,0,8,7,0.1250
4,108.0000,4,6,1261.6816,-89.5468,-0.2279,3,0.0769,,0,4,4,0,0,4,4,0.0000
4,108.0000,4,8,224.2757,-77.0156,-0.2191,28,0.7179,0.2000,5,7,3,0,0,7,3,0.5714
4,108.0000,4,9,596.0797,-85.3220,0.7565,13,0.3333,0.8000,5,8,6,0,0,8,6,0.2500
4,108.0000,4,11,533.9443,-83.8493,0.2150,18,0.4615,0.8750,8,7,5,0,0,7,5,0.2857
4,108.0000,4,13,402.2255,-81.2199,0.0070,20,0.5128,0.7778,9,5,4,0,0,5,4,0.2000
4,108.0000,4,14,851.9502,-89.3487,-0.1313,7,0.1795,1.0000,4,4,4,0,0,4,4,0.0000
4,108.0000,4,15,496.3100,-84.5176,-0.3219,13,0.3333,0.8750,8,6,4,0,0,6,4,0.3333
4,108.0000,4,17,381.8209,-79.6855,-0.9288,22,0.5641,0.5000,6,7,6,0,0,7,6,0.1429
4,108.0000,4,18,741.4920,-87.0699,0.3431,11,0.2821,0.6667,3,9,8,0,0,9,8,0.1111
4,108.0000,4,19,645.0902,-86.4975,-0.3188,9,0.2308,1.0000,8,7,6,0,0,7,6,0.1429
4,108.0000,4,20,458.4719,-83.5428,-0.0773,18,0.4615,0.8750,8,7,5,0,0,7,5,0.2857
4,108.0000,4,21,161.2750,-75.8576,0.8578,38,0.9744,0.5000,6,6,2,0,0,6,2,0.6667
4,108.0000,4,24,621.8873,-86.2980,0.7229,10,0.2564,1.0000,8,6,4,0,0,6,4,0.3333
4,108.0000,4,25,503.3110,-84.0169,0.2491,18,0.4615,0.8750,8,7,5,0,0,7,5,0.2857
4,108.0000,4,27,189.4384,-73.8788,-1.0958,33,0.8462,0.5000,6,4,0,0,0,4,0,1.0000
4,108.0000,4,28,574.7816,-84.6907,0.4508,18,0.4615,0.5000,6,8,8,0,0,8,8,0.0000
4,108.0000,4,30,405.8349,-82.8734,-0.0076,22,0.5641,0.7143,7,6,4,0,0,6,4,0.3333
4,108.0000,4,31,711.3516,-85.9742,0.2862,5,0.1282,0.6667,6,7,6,0,0,7,6,0.1429
4,108.0000,4,32,535.3257,-85.7653,0.4037,16,0.4103,0.8750,8,5,2,0,0,5,2,0.6000
4,108.0000,4,33,387.7787,-81.4080,-0.2386,20,0.5128,0.5714,7,6,4,0,0,6,4,0.3333
4,108.0000,4,35,890.2642,-87.2943,0.3712,11,0.2821,1.0000,6,8,8,0,0,8,8,0.0000
4,108.0000,4,36,543.4209,-83.7046,-1.0570,13,0.3333,0.6667,6,7,6,0,0,7,6,0.1429
4,108.0000,4,39,858.2117,-86.9712,-0.4552,9,0.2308,0.8000,5,8,8,0,0,8,8,0.0000
4,108.0000,4,40,464.3075,-81.9912,-0.2953,24,0.6154,0.7143,7,8,7,0,0,8,7,0.1250
4,108.0000,4,42,527.0909,-84.6481,-0.5451,11,0.2821,0.4000,5,6,4,0,0,6,4,0.3333
4,108.0000,4,44,508.4933,-83.0577,0.0757,23,0.5897,0.6667,6,5,3,0,0,5,3,0.4000
4,108.0000,4,45,238.9372,-79.2986,0.7209,29,0.7436,0.4000,5,6,3,0,0,6,3,0.5000
4,108.0000,4,46,529.0551,-83.8327,-0.5520,13,0.3333,0.6667,6,8,6,0,0,8,6,0.2500
4,108.0000,5,0,728.8310,-86.8143,1.3289,5,0.1250,1.0000,8,8,8,0,0,8,8,0.0000
4,108.0000,5,1,404.3789,-81.4179,0.4107,18,0.4500,0.3333,6,7,5,0,0,7,5,0.2857
4,108.0000,5,3,304.4862,-80.4649,0.4863,17,0.4250,0.7143,7,8,6,0,0,8,6,0.2500
4,108.0000,5,4,919.6001,-87.4446,-0.6088,5,0.1250,1.0000,8,8,8,0,0,8,8,0.0000
4,108.0000,5,6,355.9696,-81.4442,0.2879,21,0.5250,0.2000,5,4,0,0,0,4,0,1.0000
4,108.0000,5,8,717.7372,-85.4505,-0.7552,5,0.1250,1.0000,6,8,8,0,0,8,8,0.0000
4,108.0000,5,12,909.7031,-86.5827,-0.4132,3,0.0750,1.0000,8,4,4,0,0,4,4,0.0000
4,108.0000,5,13,979.9649,-87.6523,-0.6287,3,0.0750,1.0000,6,6,6,0,0,6,6,0.0000
4,108.0000,5,15,847.6999,-86.9073,0.3726,6,0.1500,0.8750,8,8,8,0,0,8,8,0.0000
4,108.0000,5,19,328.4913,-79.7862,0.0099,17,0.4250,0.5000,6,8,7,0,0,8,7,0.1250
4,108.0000,5,20,597.2636,-83.1528,-1.3415,9,0.2250,0.8750,8,8,8,0,0,8,8,0.0000
4,108.0000,5,22,672.5523,-87.2452,-0.2882,9,0.2250,0.8750,8,8,8,0,0,8,8,0.0000
4,108.0000,5,24,657.3314,-86.4489,0.4283,5,0.1250,1.0000,8,8,8,0,0,8,8,0.0000
4,108.0000,5,26,864.2585,-88.1441,-0.9851,3,0.0750,1.0000,6,6,6,0,0,6,6,0.0000
4,108.0000,5,27,736.8972,-87.5494,-0.4320,6,0.1500,1.0000,10,8,8,0,0,8,8,0.0000
4,108.0000,5,30,1006.7400,-87.8026,0.1834,4,0.1000,1.0000,8,8,8,0,0,8,8,0.0000
4,108.0000,5,31,961.8325,-86.4206,-0.1322,3,0.0750,1.0000,6,6,6,0,0,6,6,0.0000
4,108.0000,5,33,536.3513,-83.8096,-0.8458,12,0.3000,0.9091,11,8,8,0,0,8,8,0.0000
4,108.0000,5,34,851.5681,-87.4664,0.2096,4,0.1000,1.0000,4,6,6,0,0,6,6,0.0000
4,108.0000,5,36,677.3446,-87.1153,0.1370,5,0.1250,1.0000,8,8,8,0,0,8,8,0.0000
4,108.0000,5,37,320.3006,-81.2111,0.5547,17,0.4250,0.8571,7,4,0,0,0,4,0,1.0000
4,108.0000,5,42,829.1234,-84.8841,0.8927,4,0.1000,1.0000,8,8,8,0,0,8,8,0.0000
4,108.0000,5,46,902.1584,-88.1286,0.6622,3,0.0750,0.8750,8,8,8,0,0,8,8,0.0000
4,108.0000,6,0,484.3917,-83.2824,-0.1329,12,0.3000,0.7143,7,7,6,0,0,7,6,0.1429
4,108.0000,6,3,332.5809,-80.2568,-0.3185,18,0.4500,0.4000,5,4,0,0,0,4,0,1.0000
4,108.0000,6,5,355.9696,-82.1611,0.5925,12,0.3000,0.6667,6,4,2,0,0,4,2,0.5000
4,108.0000,6,7,662.8095,-85.6341,1.0954,4,0.1000,1.0000,8,7,6,0,0,7,6,0.1429
4,108.0000,6,10,982.2790,-88.4231,-0.5135,3,0.0750,1.0000,8,2,2,0,0,2,2,0.0000
4,108.0000,6,16,726.4663,-86.6926,-0.4480,7,0.1750,0.7500,8,8,8,0,0,8,8,0.0000
4,108.0000,6,19,633.6466,-87.4631,-0.8726,3,0.0750,1.0000,8,8,8,0,0,8,8,0.0000
4,108.0000,6,20,943.6820,-88.3931,0.0981,3,0.0750,1.0000,8,8,8,0,0,8,8,0.0000
4,108.0000,6,22,517.7226,-83.4892,0.0026,17,0.4250,0.8571,7,8,6,0,0,8,6,0.2500
4,108.0000,6,23,812.8500,-87.8302,-0.6906,4,0.1000,1.0000,10,6,5,0,0,6,5,0.1667
4,108.0000,6,26,768.6157,-85.2606,0.2934,3,0.0750,1.0000,10,6,6,0,0,6,6,0.0000
4,108.0000,6,29,808.2799,-88.5908,-0.2739,3,0.0750,0.8750,8,6,5,0,0,6,5,0.1667
4,108.0000,6,33,885.1710,-87.3390,0.2619,4,0.1000,1.0000,8,6,6,0,0,6,6,0.0000
4,108.0000,6,37,94.4757,-70.8832,0.7109,34,0.8500,0.0000,4,4,0,0,0,4,0,1.0000
4,108.0000,6,38,724.5575,-86.3720,-0.2374,6,0.1500,0.8571,7,7,6,0,0,7,6,0.1429
4,108.0000,6,41,836.8429,-86.2686,1.1852,3,0.0750,1.0000,8,7,6,0,0,7,6,0.1429
4,108.0000,6,43,904.9000,-85.8824,0.1006,5,0.1250,1.0000,8,8,8,0,0,8,8,0.0000
4,108.0000,6,47,949.7940,-87.1950,-0.1958,5,0.1250,1.0000,6,6,6,0,0,6,6,0.0000
4,108.0000,7,0,554.4767,-83.7428,0.1551,20,0.5000,0.4000,5,8,6,0,0,8,6,0.2500
4,108.0000,7,3,529.6646,-84.1631,-0.5550,12,0.3000,0.8750,8,8,6,0,0,8,6,0.2500
4,108.0000,7,6,662.8095,-86.3841,0.4165,9,0.2250,1.0000,8,7,6,0,0,7,6,0.1429
4,108.0000,7,10,371.2081,-80.3710,-0.5656,35,0.8750,0.5000,6,5,3,0,0,5,3,0.4000
4,108.0000,7,12,532.3046,-83.8921,0.0832,10,0.2500,0.9000,10,7,6,0,0,7,6,0.1429
4,108.0000,7,14,788.2414,-85.1081,0.7218,3,0.0750,1.0000,8,8,8,0,0,8,8,0.0000
4,108.0000,7,16,377.2096,-80.5976,-0.2012,38,0.9500,0.6667,6,8,6,0,0,8,6,0.2500
4,108.0000,7,22,699.5986,-85.0660,0.4799,10,0.2500,1.0000,8,7,6,0,0,7,6,0.1429
4,108.0000,7,23,430.8554,-82.5905,0.0890,29,0.7250,0.5000,6,8,7,0,0,8,7,0.1250
4,108.0000,7,26,161.1497,-72.3544,-0.1748,38,0.9500,0.0000,4,4,0,0,0,4,0,1.0000
4,108.0000,7,29,153.3013,-70.1386,-0.5114,37,0.9250,0.0000,4,5,1,0,0,5,1,0.8000
4,108.0000,7,37,639.4042,-85.2001,0.5039,11,0.2750,1.0000,8,6,4,0,0,6,4,0.3333
4,108.0000,7,38,146.8222,-72.6718,0.7974,38,0.9500,0.0000,4,4,0,0,0,4,0,1.0000
4,108.0000,7,41,273.3996,-77.9115,-0.6128,36,0.9000,0.0000,4,6,3,0,0,6,3,0.5000
4,108.0000,7,43,580.0617,-84.2502,-0.0115,23,0.5750,0.6667,6,7,5,0,0,7,5,0.2857
4,108.0000,7,47,411.1152,-83.2401,-0.4335,34,0.8500,0.3333,6,6,3,0,0,6,3,0.5000
4,108.0000,8,1,516.7936,-83.2602,-0.7173,15,0.3750,0.8571,7,8,8,0,0,8,8,0.0000
4,108.0000,8,2,654.5165,-85.7153,-0.5474,13,0.3250,1.0000,8,7,6,0,0,7,6,0.1429
4,108.0000,8,3,835.4278,-87.9045,-0.6976,3,0.0750,1.0000,4,6,6,0,0,6,6,0.0000
4,108.0000,8,4,224.2757,-75.7775,0.0368,23,0.5750,0.5000,6,5,1,0,0,5,1,0.8000
4,108.0000,8,5,717.7372,-83.7932,0.0230,10,0.2500,0.8571,7,8,8,0,0,8,8,0.0000
4,108.0000,8,6,1056.7900,-88.4146,-0.3541,3,0.0750,1.0000,4,4,4,0,0,4,4,0.0000
4,108.0000,8,9,819.4435,-86.6502,-0.4908,6,0.1500,0.6667,3,8,8,0,0,8,8,0.0000
4,108.0000,8,11,709.9979,-85.4283,0.3002,9,0.2250,0.8571,7,6,4,0,0,6,4,0.3333
4,108.0000,8,13,463.8759,-82.7667,0.0727,11,0.2750,0.8750,8,8,8,0,0,8,8,0.0000
4,108.0000,8,14,742.6640,-87.0993,1.4349,4,0.1000,0.8333,6,7,5,0,0,7,5,0.2857
4,108.0000,8,15,449.4263,-82.9386,0.9794,9,0.2250,0.7143,7,5,2,0,0,5,2,0.6000
4,108.0000,8,17,539.4722,-84.2374,0.0473,12,0.3000,1.0000,8,7,5,0,0,7,5,0.2857
4,108.0000,8,19,462.0043,-83.0317,-0.7188,17,0.4250,1.0000,8,8,8,0,0,8,8,0.0000
4,108.0000,8,20,374.3295,-80.6496,-0.5708,24,0.6000,0.7143,7,7,6,0,0,7,6,0.1429
4,108.0000,8,21,271.6423,-78.4808,0.1776,26,0.6500,0.7143,7,7,6,0,0,7,6,0.1429
4,108.0000,8,24,478.2573,-85.0813,1.6571,9,0.2250,0.8571,7,7,5,0,0,7,5,0.2857
4,108.0000,8,25,657.5269,-86.3050,0.7853,7,0.1750,1.0000,6,8,8,0,0,8,8,0.0000
4,108.0000,8,27,107.7046,-71.9111,1.2331,31,0.7750,0.0000,4,4,0,0,0,4,0,1.0000
4,108.0000,8,28,766.3501,-87.1594,-0.4040,8,0.2000,0.5714,7,8,7,0,0,8,7,0.1250
4,108.0000,8,30,528.3644,-83.1708,-0.3962,16,0.4000,0.7500,8,8,8,0,0,8,8,0.0000
4,108.0000,8,31,635.4439,-85.0141,-1.1578,9,0.2250,1.0000,8,8,7,0,0,8,7,0.1250
4,108.0000,8,32,743.4333,-86.6231,0.3564,7,0.1750,1.0000,6,8,7,0,0,8,7,0.1250
4,108.0000,8,33,215.6592,-74.4033,-0.3208,34,0.8500,0.3333,6,6,4,0,0,6,4,0.3333
4,108.0000,8,34,715.0974,-86.9729,0.4328,6,0.1500,1.0000,8,6,6,0,0,6,6,0.0000
4,108.0000,8,35,1059.8775,-87.8944,0.2328,5,0.1250,0.8333,6,8,8,0,0,8,8,0.0000
4,108.0000,8,36,425.2015,-81.9757,1.1292,14,0.3500,0.6667,6,7,5,0,0,7,5,0.2857
4,108.0000,8,40,571.9849,-83.8290,0.5940,12,0.3000,0.8571,7,8,7,0,0,8,7,0.1250
4,108.0000,8,42,415.5104,-82.7574,0.9103,15,0.3750,0.8750,8,7,6,0,0,7,6,0.1429
4,108.0000,8,44,694.4377,-86.0404,0.4051,10,0.2500,0.7500,8,4,4,0,0,4,4,0.0000
4,108.0000,8,45,455.8581,-84.0843,0.6878,13,0.3250,0.8571,7,8,6,0,0,8,6,0.2500
4,108.0000,8,46,486.6034,-84.0469,0.0060,10,0.2500,1.0000,8,8,7,0,0,8,7,0.1250
4,108.0000,9,2,248.1160,-80.0101,1.6348,22,0.5500,0.5714,7,5,1,0,0,5,1,0.8000
4,108.0000,9,4,596.0797,-86.0212,-0.5557,3,0.0750,1.0000,8,7,6,0,0,7,6,0.1429
4,108.0000,9,8,819.4435,-89.4606,-0.0249,3,0.0750,1.0000,8,8,8,0,0,8,8,0.0000
4,108.0000,9,11,388.7719,-82.3646,0.4242,15,0.3750,0.8571,7,8,8,0,0,8,8,0.0000
4,108.0000,9,13,680.6324,-85.1154,-3.2131,4,0.1000,1.0000,8,8,7,0,0,8,7,0.1250
4,108.0000,9,17,492.1446,-85.1134,0.7483,7,0.1750,1.0000,8,7,5,0,0,7,5,0.2857
4,108.0000,9,18,285.7473,-78.8164,-0.1891,36,0.9000,0.0000,4,6,3,0,0,6,3,0.5000
4,108.0000,9,21,629.8822,-86.1442,-0.3039,6,0.1500,1.0000,8,6,4,0,0,6,4,0.3333
4,108.0000,9,25,478.7327,-83.8794,0.7172,12,0.3000,0.8750,8,6,4,0,0,6,4,0.3333
4,108.0000,9,27,760.1655,-86.6311,-0.4717,6,0.1500,1.0000,8,8,8,0,0,8,8,0.0000
4,108.0000,9,28,340.4845,-81.2579,0.3606,20,0.5000,0.8571,7,6,3,0,0,6,3,0.5000
4,108.0000,9,30,584.3089,-86.7677,-0.9377,7,0.1750,1.0000,8,8,8,0,0,8,8,0.0000
4,108.0000,9,32,233.6577,-75.7230,-0.4070,32,0.8000,0.4000,5,6,3,0,0,6,3,0.5000
4,108.0000,9,35,607.5694,-84.3293,-0.4632,14,0.3500,0.8750,8,6,4,0,0,6,4,0.3333
4,108.0000,9,39,370.0781,-80.5990,-0.3911,34,0.8500,0.2500,8,6,2,10,8,16,10,0.3750
4,108.0000,9,40,630.7673,-84.9648,-0.1830,5,0.1250,1.0000,8,7,6,0,0,7,6,0.1429
4,108.0000,9,44,366.1316,-81.5478,1.0116,14,0.3500,0.5714,7,6,3,0,0,6,3,0.5000
4,108.0000,9,45,377.4984,-82.0382,0.5734,13,0.3250,0.6667,6,8,6,0,0,8,6,0.2500
4,108.0000,10,0,702.5577,-85.6632,0.6875,13,0.3250,1.0000,8,8,8,0,0,8,8,0.0000
4,108.0000,10,3,850.6002,-86.7187,0.3921,7,0.1750,1.0000,8,7,6,0,0,7,6,0.1429
4,108.0000,10,6,982.2790,-87.6433,0.7821,4,0.1000,1.0000,6,8,8,0,0,8,8,0.0000
4,108.0000,10,7,371.2081,-80.5798,-0.4849,34,0.8500,0.2000,5,5,1,0,0,5,1,0.8000
4,108.0000,10,12,691.2349,-86.0585,-0.2154,10,0.2500,1.0000,8,8,8,0,0,8,8,0.0000
4,108.0000,10,14,1033.5876,-88.4901,0.3112,4,0.1000,0.8750,8,8,8,0,0,8,8,0.0000
4,108.0000,10,16,364.7454,-82.2648,-0.0349,28,0.7000,0.7143,7,6,4,0,0,6,4,0.3333
4,108.0000,10,19,1229.2600,-88.8381,-0.3969,3,0.0750,1.0000,4,4,4,0,0,4,4,0.0000
4,108.0000,10,22,857.7117,-87.8016,-2.8536,5,0.1250,0.8571,7,8,8,0,0,8,8,0.0000
4,108.0000,10,23,449.0303,-83.1266,0.6152,21,0.5250,0.5714,7,7,6,0,0,7,6,0.1429
4,108.0000,10,26,317.9404,-80.2301,-0.1011,29,0.7250,0.5000,6,4,0,0,0,4,0,1.0000
4,108.0000,10,29,316.7527,-80.3231,-0.5697,30,0.7500,0.5714,7,6,2,0,0,6,2,0.6667
4,108.0000,10,34,967.9605,-86.5807,0.9137,3,0.0750,1.0000,4,6,6,0,0,6,6,0.0000
4,108.0000,10,37,952.8337,-87.3905,1.3695,4,0.1000,1.0000,8,8,8,0,0,8,8,0.0000
4,108.0000,10,38,310.8041,-78.0487,-1.0305,35,0.8750,0.0000,4,6,4,0,0,6,4,0.3333
4,108.0000,10,41,311.2623,-79.1091,0.0147,30,0.7500,0.4000,5,6,3,0,0,6,3,0.5000
4,108.0000,10,43,444.0809,-83.0355,0.2204,27,0.6750,0.5714,7,7,5,0,0,7,5,0.2857
4,108.0000,10,47,141.7748,-76.1514,1.0862,39,0.9750,0.2000,5,5,1,0,0,5,1,0.8000
4,108.0000,11,2,478.2126,-83.3250,-0.0621,14,0.3415,0.5000,6,7,5,0,0,7,5,0.2857
4,108.0000,11,4,533.9443,-83.4092,-1.1534,8,0.1951,0.8750,8,7,5,0,0,7,5,0.2857
4,108.0000,11,8,709.9979,-87.9675,0.6297,4,0.0976,0.8750,8,8,7,0,0,8,7,0.1250
4,108.0000,11,9,388.7719,-82.4521,0.6870,16,0.3902,0.6667,6,8,4,0,0,8,4,0.5000
4,108.0000,11,13,369.9959,-81.2476,-1.5612,13,0.3171,1.0000,6,8,6,0,0,8,6,0.2500
4,108.0000,11,15,595.8742,-83.7309,0.9118,3,0.0732,0.8571,7,6,4,0,0,6,4,0.3333
4,108.0000,11,17,360.4291,-80.1199,0.1834,18,0.4390,0.6667,6,7,5,0,0,7,5,0.2857
4,108.0000,11,18,355.1991,-81.3395,0.8785,22,0.5366,0.7143,7,7,3,0,0,7,3,0.5714
4,108.0000,11,21,639.6637,-85.4992,-1.0479,6,0.1463,1.0000,8,7,6,0,0,7,6,0.1429
4,108.0000,11,25,148.4538,-72.7048,0.1925,33,0.8049,0.0000,4,6,3,0,0,6,3,0.5000
4,108.0000,11,27,632.5872,-83.9536,0.2579,6,0.1463,1.0000,8,7,6,0,0,7,6,0.1429
4,108.0000,11,28,479.6620,-81.0524,-0.6670,15,0.3659,0.4000,5,7,5,0,0,7,5,0.2857
4,108.0000,11,30,640.6658,-83.6889,-1.0647,7,0.1707,1.0000,8,8,7,0,0,8,7,0.1250
4,108.0000,11,31,805.9892,-84.7209,0.4439,3,0.0732,0.8571,7,8,7,0,0,8,7,0.1250
4,108.0000,11,32,421.8527,-81.4045,0.0781,19,0.4634,0.0000,4,8,8,0,0,8,8,0.0000
4,108.0000,11,35,760.5863,-86.0870,-0.0925,11,0.2683,0.7143,7,8,8,0,0,8,8,0.0000
4,108.0000,11,36,743.8738,-86.8534,0.5171,4,0.0976,1.0000,6,8,8,0,0,8,8,0.0000
4,108.0000,11,39,423.2354,-82.9896,-0.5068,25,0.6098,0.5000,6,6,4,0,0,6,4,0.3333
4,108.0000,11,40,447.5366,-81.8817,-0.1131,15,0.3659,0.5000,6,6,4,0,0,6,4,0.3333
4,108.0000,11,44,472.9522,-82.3300,-0.5157,15,0.3659,0.6667,6,8,8,0,0,8,8,0.0000
4,108.0000,11,45,354.0441,-79.7390,-0.2134,17,0.4146,0.8750,8,7,6,0,0,7,6,0.1429
4,108.0000,11,46,612.5934,-86.0722,-0.7362,5,0.1220,0.8750,8,8,6,0,0,8,6,0.2500
4,108.0000,12,0,966.7259,-87.3502,-1.4257,7,0.1750,1.0000,8,4,4,0,0,4,4,0.0000
4,108.0000,12,3,697.6864,-86.7310,0.7536,8,0.2000,1.0000,8,7,6,0,0,7,6,0.1429
4,108.0000,12,5,909.7031,-87.8219,5.6428,3,0.0750,1.0000,36,4,4,0,0,4,4,0.0000
4,108.0000,12,7,532.3046,-84.6067,0.0111,16,0.4000,1.0000,8,8,8,0,0,8,8,0.0000
4,108.0000,12,10,691.2349,-85.2613,0.0079,14,0.3500,1.0000,8,8,7,0,0,8,7,0.1250
4,108.0000,12,13,965.5982,-87.5161,-0.7852,4,0.1000,1.0000,8,8,8,0,0,8,8,0.0000
4,108.0000,12,14,397.5409,-80.1312,0.0143,23,0.5750,0.8571,7,8,7,0,0,8,7,0.1250
4,108.0000,12,15,735.9761,-86.1197,0.4359,7,0.1750,1.0000,8,8,8,0,0,8,8,0.0000
4,108.0000,12,19,807.6411,-85.3909,1.8456,5,0.1250,1.0000,8,8,8,0,0,8,8,0.0000
4,108.0000,12,20,1158.2044,-89.0023,-1.8206,3,0.0750,,0,8,8,0,0,8,8,0.0000
4,108.0000,12,23,597.9530,-86.0937,0.5125,14,0.3500,1.0000,8,8,6,0,0,8,6,0.2500
4,108.0000,12,24,543.2314,-82.3607,0.4366,9,0.2250,0.7000,10,8,8,0,0,8,8,0.0000
4,108.0000,12,26,439.6196,-82.4793,0.2372,15,0.3750,0.8750,8,8,7,0,0,8,7,0.1250
4,108.0000,12,29,457.2173,-82.9731,0.0799,18,0.4500,0.7143,7,7,6,0,0,7,6,0.1429
4,108.0000,12,31,515.0435,-82.9196,0.7903,13,0.3250,1.0000,6,8,8,0,0,8,8,0.0000
4,108.0000,12,33,957.7011,-88.9705,-1.2707,4,0.1000,1.0000,6,8,8,0,0,8,8,0.0000
4,108.0000,12,34,308.1181,-79.4073,-0.4477,22,0.5500,0.7143,7,4,0,0,0,4,0,1.0000
4,108.0000,12,36,659.6004,-85.0173,0.2911,3,0.0750,0.8750,8,7,6,0,0,7,6,0.1429
4,108.0000,12,37,929.3083,-88.2390,1.0146,3,0.0750,1.0000,6,2,2,0,0,2,2,0.0000
4,108.0000,12,38,505.8085,-84.1949,-0.0426,13,0.3250,0.8750,8,6,4,0,0,6,4,0.3333
4,108.0000,12,41,444.9031,-83.3452,1.0464,15,0.3750,0.7778,9,6,6,0,0,6,6,0.0000
4,108.0000,12,42,583.6092,-82.2921,-0.5876,10,0.2500,1.0000,8,8,8,0,0,8,8,0.0000
4,108.0000,12,43,952.3529,-88.4589,-1.4046,3,0.0750,0.8000,5,8,8,0,0,8,8,0.0000
4,108.0000,12,46,698.1792,-85.7903,1.1815,8,0.2000,1.0000,8,8,8,0,0,8,8,0.0000
4,108.0000,12,47,803.0425,-88.1682,0.5523,6,0.1500,1.0000,4,6,6,0,0,6,6,0.0000
4,108.0000,13,1,754.9995,-86.2036,-0.6989,4,0.1000,0.8571,7,8,7,0,0,8,7,0.1250
4,108.0000,13,2,644.7851,-85.0923,-0.0068,9,0.2250,0.7500,8,8,8,0,0,8,8,0.0000
4,108.0000,13,4,402.2255,-81.2338,0.0521,20,0.5000,1.0000,8,8,7,0,0,8,7,0.1250
4,108.0000,13,8,463.8759,-82.2860,-0.4339,15,0.3750,1.0000,8,7,6,0,0,7,6,0.1429
4,108.0000,13,9,680.6324,-86.0229,-0.7149,10,0.2500,1.0000,8,6,4,0,0,6,4,0.3333
4,108.0000,13,11,369.9959,-80.5315,-1.0334,18,0.4500,0.5000,6,7,4,0,0,7,4,0.4286
4,108.0000,13,12,965.5982,-88.6339,-1.2112,3,0.0750,1.0000,6,2,2,0,0,2,2,0.0000
4,108.0000,13,14,616.4860,-86.1175,-0.1194,6,0.1500,1.0000,8,7,6,0,0,7,6,0.1429
4,108.0000,13,15,233.1390,-78.8200,1.0571,22,0.5500,0.3333,6,7,4,0,0,7,4,0.4286
4,108.0000,13,17,387.8589,-81.9301,0.3061,16,0.4000,0.5714,7,6,4,0,0,6,4,0.3333
4,108.0000,13,18,692.3535,-86.9770,0.6633,9,0.2250,0.8571,7,7,4,0,0,7,4,0.4286
4,108.0000,13,19,652.3610,-86.0106,-1.6845,6,0.1500,1.0000,8,6,6,0,0,6,6,0.0000
4,108.0000,13,20,654.4031,-84.2587,0.7891,5,0.1250,0.8571,7,8,8,0,0,8,8,0.0000
4,108.0000,13,21,537.5530,-84.8276,0.4451,16,0.4000,0.8571,7,8,8,0,0,8,8,0.0000
4,108.0000,13,24,476.4127,-83.4269,2.4004,8,0.2000,0.8571,7,8,7,0,0,8,7,0.1250
4,108.0000,13,25,300.9435,-80.5776,-0.3139,21,0.5250,0.4000,5,6,2,0,0,6,2,0.6667
4,108.0000,13,27,390.2326,-81.3503,-0.0078,16,0.4000,0.6667,6,6,4,0,0,6,4,0.3333
4,108.0000,13,28,670.5091,-85.3248,0.0419,14,0.3500,0.8571,7,8,8,0,0,8,8,0.0000
4,108.0000,13,30,634.3649,-85.3044,-0.5977,9,0.2250,0.5000,6,8,7,0,0,8,7,0.1250
4,108.0000,13,31,495.9296,-82.9624,0.3122,17,0.4250,0.8571,7,7,6,0,0,7,6,0.1429
4,108.0000,13,32,641.4240,-84.6302,0.9767,11,0.2750,0.8571,7,7,6,0,0,7,6,0.1429
4,108.0000,13,33,559.7565,-85.0417,-1.4370,8,0.2000,1.0000,8,7,5,0,0,7,5,0.2857
4,108.0000,13,34,664.1519,-86.7852,-0.8322,5,0.1250,1.0000,8,8,8,0,0,8,8,0.0000
4,108.0000,13,35,961.5281,-87.8321,-0.9872,5,0.1250,1.0000,6,8,8,0,0,8,8,0.0000
4,108.0000,13,36,374.3326,-79.7175,-0.4968,20,0.5000,0.6667,6,6,4,0,0,6,4,0.3333
4,108.0000,13,39,782.9135,-87.0562,-0.5071,12,0.3000,0.8000,5,6,6,0,0,6,6,0.0000
4,108.0000,13,40,400.6052,-81.9622,-0.0606,19,0.4750,0.7500,8,5,1,0,0,5,1,0.8000
4,108.0000,13,42,466.9185,-82.8259,-0.2724,12,0.3000,0.7143,7,6,3,0,0,6,3,0.5000
4,108.0000,13,44,623.6063,-84.4848,0.3332,14,0.3500,0.9000,10,6,6,0,0,6,6,0.0000
4,108.0000,13,45,404.4605,-82.9737,1.3181,16,0.4000,1.0000,8,6,4,0,0,6,4,0.3333
4,108.0000,13,46,273.1267,-80.5229,0.7912,20,0.5000,0.7143,7,5,2,0,0,5,2,0.6000
4,108.0000,14,3,807.8678,-87.0458,-0.7022,5,0.1250,1.0000,8,8,7,0,0,8,7,0.1250
4,108.0000,14,4,851.9502,-87.3477,-0.0641,3,0.0750,1.0000,8,8,8,0,0,8,8,0.0000
4,108.0000,14,5,897.5084,-87.0557,-0.6283,5,0.1250,1.0000,4,4,4,0,0,4,4,0.0000
4,108.0000,14,6,1049.8360,-87.4930,-1.1389,3,0.0750,1.0000,4,2,2,0,0,2,2,0.0000
4,108.0000,14,7,788.2414,-86.5234,-0.0680,11,0.2750,1.0000,8,8,8,0,0,8,8,0.0000
4,108.0000,14,8,742.6640,-87.4226,-0.2901,3,0.0750,0.8571,7,8,8,0,0,8,8,0.0000
4,108.0000,14,10,1033.5876,-87.6250,0.0293,5,0.1250,1.0000,8,8,8,0,0,8,8,0.0000
4,108.0000,14,12,397.5409,-80.2039,-1.1283,27,0.6750,0.7500,8,8,7,0,0,8,7,0.1250
4,108.0000,14,13,616.4860,-86.0749,0.7150,7,0.1750,0.8571,7,7,6,51,48,58,54,0.0690
4,108.0000,14,15,395.7910,-81.5243,-0.6515,18,0.4500,0.6667,6,8,7,0,0,8,7,0.1250
4,108.0000,14,17,841.4334,-88.3678,-0.4415,7,0.1750,1.0000,8,8,8,0,0,8,8,0.0000
4,108.0000,14,19,668.3727,-84.1796,-0.0451,14,0.3500,1.0000,8,8,8,0,0,8,8,0.0000
4,108.0000,14,20,969.0210,-87.9436,0.7799,4,0.1000,1.0000,6,6,6,0,0,6,6,0.0000
4,108.0000,14,23,949.1033,-87.6506,-0.3214,6,0.1500,1.0000,8,2,2,0,0,2,2,0.0000
4,108.0000,14,24,300.5333,-76.7769,-1.5268,32,0.8000,0.6667,6,5,2,0,0,5,2,0.6000
4,108.0000,14,25,836.6873,-88.6426,0.1390,4,0.1000,0.8571,7,8,7,0,0,8,7,0.1250
4,108.0000,14,26,761.3051,-85.5430,-1.1217,8,0.2000,1.0000,8,4,3,0,0,4,3,0.2500
4,108.0000,14,27,744.7751,-86.6007,-0.1271,3,0.0750,1.0000,8,8,8,0,0,8,8,0.0000
4,108.0000,14,29,743.0734,-86.0272,-0.6079,13,0.3250,0.6667,6,6,6,0,0,6,6,0.0000
4,108.0000,14,31,207.6440,-76.3226,0.9972,31,0.7750,0.0000,4,4,0,0,0,4,0,1.0000
4,108.0000,14,33,786.5437,-87.6408,0.3985,5,0.1250,0.8750,8,6,6,0,0,6,6,0.0000
4,108.0000,14,34,117.8914,-70.3771,0.7826,37,0.9250,0.2000,5,5,2,0,0,5,2,0.6000
4,108.0000,14,36,375.2739,-81.7504,0.6516,18,0.4500,0.8571,7,8,8,0,0,8,8,0.0000
4,108.0000,14,37,1020.3866,-86.9271,-1.4737,4,0.1000,1.0000,4,2,2,0,0,2,2,0.0000
4,108.0000,14,38,819.6284,-86.1086,-0.6437,4,0.1000,1.0000,8,4,4,0,0,4,4,0.0000
4,108.0000,14,40,744.4419,-86.8476,-0.0875,6,0.1500,1.0000,8,8,8,0,0,8,8,0.0000
4,108.0000,14,41,804.0175,-86.9726,0.1769,9,0.2250,1.0000,8,4,4,0,0,4,4,0.0000
4,108.0000,14,42,390.5614,-81.1307,0.2079,18,0.4500,1.0000,8,8,8,0,0,8,8,0.0000
4,108.0000,14,45,947.1187,-89.1011,0.2454,3,0.0750,1.0000,6,6,6,0,0,6,6,0.0000
4,108.0000,14,46,357.1757,-79.5347,-0.7753,21,0.5250,0.2000,5,6,4,0,0,6,4,0.3333
4,108.0000,15,1,718.5404,-85.4149,-0.4967,8,0.2000,1.0000,4,6,5,0,0,6,5,0.1667
4,108.0000,15,2,839.6656,-87.1114,-0.3899,6,0.1500,1.0000,2,7,6,0,0,7,6,0.1429
4,108.0000,15,3,889.9064,-87.1839,0.8209,3,0.0750,,0,6,6,0,0,6,6,0.0000
4,108.0000,15,4,496.3100,-83.7867,-0.5778,15,0.3750,0.8571,7,8,7,0,0,8,7,0.1250
4,108.0000,15,5,847.6999,-88.3908,-0.5906,8,0.2000,0.8750,8,8,8,0,0,8,8,0.0000
4,108.0000,15,7,1071.4446,-87.9403,0.0795,4,0.1000,1.0000,4,4,3,0,0,4,3,0.2500
4,108.0000,15,8,449.4263,-83.4978,0.7298,17,0.4250,0.7500,8,6,4,0,0,6,4,0.3333
4,108.0000,15,9,897.4072,-88.3927,1.1288,3,0.0750,1.0000,8,3,2,0,0,3,2,0.3333
4,108.0000,15,11,595.8742,-85.0498,0.0028,12,0.3000,1.0000,8,8,7,0,0,8,7,0.1250
4,108.0000,15,12,735.9761,-85.7853,-0.0361,12,0.3000,0.7143,7,8,7,0,0,8,7,0.1250
4,108.0000,15,13,233.1390,-78.9040,0.6252,22,0.5500,0.6596,47,5,2,18,3,23,5,0.7826
4,108.0000,15,14,395.7910,-81.4061,0.1359,26,0.6500,0.5000,6,6,3,0,0,6,3,0.5000
4,108.0000,15,17,524.3371,-85.0717,-0.4086,14,0.3500,1.0000,8,5,4,0,0,5,4,0.2000
4,108.0000,15,18,925.4320,-87.1852,0.5335,4,0.1000,1.0000,6,4,4,0,0,4,4,0.0000
4,108.0000,15,19,531.6511,-81.4383,-0.4330,16,0.4000,0.4000,5,7,6,0,0,7,6,0.1429
4,108.0000,15,20,673.7024,-85.7761,0.5239,11,0.2750,0.8571,7,8,7,0,0,8,7,0.1250
4,108.0000,15,21,629.2406,-86.5454,-0.2150,12,0.3000,1.0000,8,8,8,0,0,8,8,0.0000
4,108.0000,15,23,1196.1598,-88.4460,0.8173,3,0.0750,1.0000,6,2,2,0,0,2,2,0.0000
4,108.0000,15,24,255.9381,-77.8871,0.0943,32,0.8000,0.0000,4,7,6,0,0,7,6,0.1429
4,108.0000,15,25,501.4270,-85.5913,0.1908,10,0.2500,1.0000,8,6,4,0,0,6,4,0.3333
4,108.0000,15,27,411.5219,-83.5880,0.8839,16,0.4000,0.7143,7,5,2,0,0,5,2,0.6000
4,108.0000,15,28,883.2749,-87.7281,0.2154,6,0.1500,1.0000,4,8,8,0,0,8,8,0.0000
4,108.0000,15,29,1068.0874,-87.6972,0.4944,3,0.0750,1.0000,8,4,4,0,0,4,4,0.0000
4,108.0000,15,30,781.1044,-86.6439,0.0137,12,0.3000,1.0000,8,8,8,0,0,8,8,0.0000
4,108.0000,15,31,301.6557,-76.9803,-1.1562,34,0.8500,0.0000,4,7,6,0,0,7,6,0.1429
4,108.0000,15,32,857.8194,-88.6291,0.0283,8,0.2000,1.0000,6,4,3,0,0,4,3,0.2500
4,108.0000,15,33,523.0227,-84.2234,0.1085,17,0.4250,0.2000,5,8,7,0,0,8,7,0.1250
4,108.0000,15,34,435.9570,-81.2135,-1.9088,26,0.6500,0.2000,5,7,4,0,0,7,4,0.4286
4,108.0000,15,36,177.3172,-70.9015,-1.1017,33,0.8250,0.2000,5,7,5,0,0,7,5,0.2857
4,108.0000,15,39,995.6330,-88.9251,0.1952,4,0.1000,1.0000,4,8,8,0,0,8,8,0.0000
4,108.0000,15,40,481.1890,-84.2343,-0.4541,17,0.4250,1.0000,8,8,8,0,0,8,8,0.0000
4,108.0000,15,42,296.6019,-78.7150,-0.4125,30,0.7500,0.3333,6,6,3,0,0,6,3,0.5000
4,108.0000,15,44,828.5452,-87.9668,-0.9090,7,0.1750,0.8571,7,6,5,0,0,6,5,0.1667
4,108.0000,15,45,576.8583,-85.6873,0.2305,9,0.2250,0.8750,8,7,6,0,0,7,6,0.1429
4,108.0000,15,46,87.6765,-63.5068,-1.5541,35,0.8750,0.0000,4,4,0,0,0,4,0,1.0000
4,108.0000,16,0,364.9079,-80.2024,-0.4477,29,0.7250,0.6667,6,5,3,0,0,5,3,0.4000
4,108.0000,16,3,678.7244,-84.8342,-0.2305,7,0.1750,0.8750,8,8,8,0,0,8,8,0.0000
4,108.0000,16,6,726.4663,-84.7504,-1.0153,6,0.1500,0.7143,7,8,7,0,0,8,7,0.1250
4,108.0000,16,7,377.2096,-81.0370,-0.3047,22,0.5500,0.3333,6,7,5,0,0,7,5,0.2857
4,108.0000,16,10,364.7454,-81.5706,0.1697,29,0.7250,0.6667,6,5,2,0,0,5,2,0.6000
4,108.0000,16,12,849.9596,-86.8783,-5.9500,3,0.0750,1.0000,8,8,7,0,0,8,7,0.1250
4,108.0000,16,22,556.4400,-83.1027,-0.8749,17,0.4250,0.2000,5,7,6,0,0,7,6,0.1429
4,108.0000,16,23,423.7690,-80.5108,-0.3573,25,0.6250,0.5000,6,6,3,0,0,6,3,0.5000
4,108.0000,16,26,414.9290,-80.9403,0.2584,24,0.6000,0.5526,76,6,4,0,0,6,4,0.3333
4,108.0000,16,29,465.1095,-82.0215,-0.1762,18,0.4500,0.5000,6,7,5,0,0,7,5,0.2857
4,108.0000,16,37,700.2144,-84.2948,-1.0244,9,0.2250,0.9474,19,7,6,0,0,7,6,0.1429
4,108.0000,16,38,344.6118,-78.1805,-1.4342,29,0.7250,0.3333,6,6,4,0,0,6,4,0.3333
4,108.0000,16,41,433.3207,-79.7527,-0.6977,25,0.6250,0.5714,7,6,4,0,0,6,4,0.3333
4,108.0000,16,43,259.9671,-78.3064,0.3835,34,0.8500,0.3333,6,4,0,0,0,4,0,1.0000
4,108.0000,16,47,264.1984,-78.9376,0.6852,34,0.8500,0.2000,5,5,2,0,0,5,2,0.6000
4,108.0000,17,2,509.3152,-84.1608,-0.1536,20,0.5000,0.8750,8,8,8,0,0,8,8,0.0000
4,108.0000,17,4,381.8209,-80.2529,-0.8128,23,0.5750,0.5000,6,5,1,0,0,5,1,0.8000
4,108.0000,17,8,539.4722,-83.9512,0.9314,10,0.2500,1.0000,8,6,6,0,0,6,6,0.0000
4,108.0000,17,9,492.1446,-83.3519,0.8273,20,0.5000,1.0000,8,9,5,0,0,9,5,0.4444
4,108.0000,17,11,360.4291,-81.7644,0.2957,23,0.5750,0.4000,5,8,7,0,0,8,7,0.1250
4,108.0000,17,13,387.8589,-81.4916,0.2581,20,0.5000,0.8750,8,5,4,0,0,5,4,0.2000
4,108.0000,17,14,841.4334,-88.5737,0.1215,5,0.1250,0.8571,7,6,6,0,0,6,6,0.0000
4,108.0000,17,15,524.3371,-84.4267,0.1132,12,0.3000,1.0000,8,7,5,0,0,7,5,0.2857
4,108.0000,17,18,640.0623,-86.0493,0.5126,16,0.4000,1.0000,8,7,6,0,0,7,6,0.1429
4,108.0000,17,19,920.2277,-87.9793,-0.2751,7,0.1750,0.8571,7,6,6,0,0,6,6,0.0000
4,108.0000,17,21,522.9848,-82.2845,-1.1178,17,0.4250,1.0000,8,7,6,0,0,7,6,0.1429
4,108.0000,17,24,733.2540,-86.4082,-0.4616,7,0.1750,1.0000,8,8,8,0,0,8,8,0.0000
4,108.0000,17,25,262.6757,-78.5670,0.2506,34,0.8500,0.2000,5,7,5,0,0,7,5,0.2857
4,108.0000,17,27,513.9672,-83.2492,-0.3644,14,0.3500,0.7143,7,7,6,0,0,7,6,0.1429
4,108.0000,17,28,660.7845,-85.4335,-0.5387,14,0.3500,1.0000,8,6,6,0,0,6,6,0.0000
4,108.0000,17,30,687.8942,-87.4613,-0.4614,10,0.2500,1.0000,8,8,8,0,0,8,8,0.0000
4,108.0000,17,31,651.8894,-85.9667,0.3134,8,0.2000,1.0000,8,7,6,0,0,7,6,0.1429
4,108.0000,17,32,575.8749,-84.3900,-0.6834,17,0.4250,0.5000,4,8,7,0,0,8,7,0.1250
4,108.0000,17,33,728.6581,-85.1005,0.3096,10,0.2500,0.8571,7,8,8,0,0,8,8,0.0000
4,108.0000,17,34,858.7804,-87.8153,-1.0631,7,0.1750,0.8750,8,6,6,0,0,6,6,0.0000
4,108.0000,17,35,992.2057,-88.2992,0.2401,5,0.1250,1.0000,8,2,2,0,0,2,2,0.0000
4,108.0000,17,36,665.5045,-86.1227,-0.6678,11,0.2750,0.8750,8,8,8,0,0,8,8,0.0000
4,108.0000,17,39,601.1623,-85.4943,0.4202,20,0.5000,0.6667,6,7,5,0,0,7,5,0.2857
4,108.0000,17,40,146.6254,-70.7867,-0.8820,31,0.7750,0.2000,5,5,1,0,0,5,1,0.8000
4,108.0000,17,42,566.0772,-84.5789,-0.5813,13,0.3250,1.0000,8,8,8,0,0,8,8,0.0000
4,108.0000,17,44,628.4193,-85.3031,0.0659,18,0.4500,0.5000,6,6,6,0,0,6,6,0.0000
4,108.0000,17,45,237.8672,-77.1442,-0.0737,32,0.8000,0.4000,5,7,5,0,0,7,5,0.2857
4,108.0000,17,46,507.3393,-84.1549,-0.0433,13,0.3250,1.0000,8,7,6,0,0,7,6,0.1429
4,108.0000,18,2,442.1931,-83.1432,1.0690,14,0.3500,0.7143,7,7,4,0,0,7,4,0.4286
4,108.0000,18,4,741.4920,-88.1862,0.9884,4,0.1000,1.0000,8,8,8,0,0,8,8,0.0000
4,108.0000,18,9,285.7473,-78.8901,-0.0970,31,0.7750,0.0000,4,6,3,0,0,6,3,0.5000
4,108.0000,18,11,355.1991,-81.5795,0.6700,18,0.4500,0.7143,7,5,1,0,0,5,1,0.8000
4,108.0000,18,13,692.3535,-87.6640,-0.7983,3,0.0750,1.0000,8,8,8,0,0,8,8,0.0000
4,108.0000,18,17,640.0623,-86.7715,0.1761,7,0.1750,1.0000,8,6,4,0,0,6,4,0.3333
4,108.0000,18,21,783.1718,-88.1308,1.1559,3,0.0750,1.0000,8,8,8,0,0,8,8,0.0000
4,108.0000,18,25,496.9297,-84.3154,-0.3731,13,0.3250,0.6667,6,5,2,0,0,5,2,0.6000
4,108.0000,18,28,338.0538,-81.4786,1.1331,18,0.4500,0.8571,7,5,2,0,0,5,2,0.6000
4,108.0000,18,30,659.9786,-87.2279,0.8579,5,0.1250,1.0000,10,6,4,0,0,6,4,0.3333
4,108.0000,18,32,300.6441,-79.2259,-0.3012,28,0.7000,0.6667,6,7,5,0,0,7,5,0.2857
4,108.0000,18,35,505.0689,-83.0741,-1.2173,21,0.5250,0.5000,6,8,8,0,0,8,8,0.0000
4,108.0000,18,39,343.4383,-78.6261,-1.3527,32,0.8000,0.2000,5,5,2,0,0,5,2,0.6000
4,108.0000,18,40,758.9511,-87.3434,-0.3675,7,0.1750,1.0000,8,8,8,0,0,8,8,0.0000
4,108.0000,18,44,389.6544,-82.7302,1.6987,16,0.4000,1.0000,8,5,1,0,0,5,1,0.8000
4,108.0000,18,45,544.4696,-84.6967,-1.0023,8,0.2000,0.8571,7,7,6,0,0,7,6,0.1429
4,108.0000,19,1,293.3372,-80.2184,1.0689,27,0.6750,0.6667,6,4,0,0,0,4,0,1.0000
4,108.0000,19,2,1023.2708,-88.7723,0.5027,3,0.0750,1.0000,8,6,6,0,0,6,6,0.0000
4,108.0000,19,3,485.9290,-85.4931,1.0067,10,0.2500,0.8571,7,7,5,0,0,7,5,0.2857
4,108.0000,19,4,645.0902,-85.4003,0.2965,9,0.2250,1.0000,8,7,6,0,0,7,6,0.1429
4,108.0000,19,5,328.4913,-80.3319,0.9032,25,0.6250,0.2000,5,5,2,0,0,5,2,0.6000
4,108.0000,19,6,633.6466,-86.6718,0.3416,7,0.1750,1.0000,4,7,5,0,0,7,5,0.2857
4,108.0000,19,7,878.8177,-88.8439,0.2329,6,0.1500,1.0000,2,6,6,0,0,6,6,0.0000
4,108.0000,19,8,462.0043,-81.8599,-0.2096,17,0.4250,0.7143,7,8,8,0,0,8,8,0.0000
4,108.0000,19,11,985.5060,-85.8709,1.7976,3,0.0750,1.0000,6,6,5,0,0,6,5,0.1667
4,108.0000,19,12,807.6411,-87.7510,-0.5739,5,0.1250,1.0000,8,8,7,0,0,8,7,0.1250
4,108.0000,19,13,652.3610,-84.7439,-0.1611,9,0.2250,1.0000,8,8,8,0,0,8,8,0.0000
4,108.0000,19,14,668.3727,-85.6572,-0.7007,7,0.1750,1.0000,8,7,6,0,0,7,6,0.1429
4,108.0000,19,15,531.6511,-82.4429,1.1010,10,0.2500,0.6667,6,8,8,0,0,8,8,0.0000
4,108.0000,19,17,920.2277,-88.0561,-0.3246,5,0.1250,1.0000,8,8,8,0,0,8,8,0.0000
4,108.0000,19,20,415.6875,-83.1014,0.8790,12,0.3000,0.7500,8,6,4,0,0,6,4,0.3333
4,108.0000,19,21,661.1335,-85.8486,0.7334,8,0.2000,1.0000,8,8,8,0,0,8,8,0.0000
4,108.0000,19,24,387.4535,-81.0289,0.0286,20,0.5000,0.7143,7,7,5,0,0,7,5,0.2857
4,108.0000,19,25,942.1608,-87.7504,0.9228,4,0.1000,1.0000,8,6,6,0,0,6,6,0.0000
4,108.0000,19,26,918.2267,-87.0536,-2.1499,4,0.1000,1.0000,4,4,4,0,0,4,4,0.0000
4,108.0000,19,27,455.6746,-83.3395,0.6950,11,0.2750,1.0000,8,8,8,0,0,8,8,0.0000
4,108.0000,19,28,1040.9137,-89.0315,-0.1436,5,0.1250,1.0000,4,4,4,0,0,4,4,0.0000
4,108.0000,19,29,951.8262,-87.8227,-0.6931,3,0.0750,1.0000,4,6,6,0,0,6,6,0.0000
4,108.0000,19,30,776.7378,-86.7896,0.5495,7,0.1750,0.8750,8,7,6,0,0,7,6,0.1429
4,108.0000,19,31,697.8889,-84.2836,0.0593,8,0.2000,0.8571,7,8,7,0,0,8,7,0.1250
4,108.0000,19,33,300.4840,-77.7249,-0.5618,29,0.7250,0.5000,6,8,6,0,0,8,6,0.2500
4,108.0000,19,34,645.9625,-84.0128,-1.5057,10,0.2500,0.8571,7,7,6,0,0,7,6,0.1429
4,108.0000,19,36,371.1448,-80.1425,0.5890,17,0.4250,1.0000,8,7,6,0,0,7,6,0.1429
4,108.0000,19,37,607.6540,-87.5455,1.1362,8,0.2000,0.8571,7,7,5,0,0,7,5,0.2857
4,108.0000,19,40,922.2715,-88.2970,0.3946,6,0.1500,1.0000,8,8,8,0,0,8,8,0.0000
4,108.0000,19,41,972.3820,-87.0931,0.0317,3,0.0750,1.0000,2,2,2,0,0,2,2,0.0000
4,108.0000,19,42,571.1931,-83.9895,-0.6023,13,0.3250,1.0000,8,7,6,0,0,7,6,0.1429
4,108.0000,19,44,968.9717,-87.8805,-0.8526,4,0.1000,1.0000,6,6,6,0,0,6,6,0.0000
4,108.0000,19,46,595.2417,-83.3918,-1.1819,10,0.2500,1.0000,8,8,8,0,0,8,8,0.0000
4,108.0000,20,1,234.5102,-75.9142,-0.6067,36,0.9000,0.4286,7,5,1,15,7,20,8,0.6000
4,108.0000,20,2,722.5199,-85.2347,0.1824,8,0.2000,1.0000,8,7,6,0,0,7,6,0.1429
4,108.0000,20,3,835.9820,-87.7386,-0.2780,4,0.1000,1.0000,4,6,6,0,0,6,6,0.0000
4,108.0000,20,4,458.4719,-83.0880,0.5441,10,0.2500,0.9000,10,7,6,0,0,7,6,0.1429
4,108.0000,20,5,597.2636,-85.3161,-0.4321,13,0.3250,0.8571,7,7,6,0,0,7,6,0.1429
4,108.0000,20,6,943.6820,-88.4192,0.0446,5,0.1250,1.0000,8,4,4,0,0,4,4,0.0000
4,108.0000,20,8,374.3295,-80.3791,-0.0817,17,0.4250,0.6667,6,7,5,0,0,7,5,0.2857
4,108.0000,20,9,933.3453,-88.0433,-0.7880,3,0.0750,,0,8,8,0,0,8,8,0.0000
4,108.0000,20,11,861.1319,-87.9361,0.8116,3,0.0750,1.0000,4,8,7,0,0,8,7,0.1250
4,108.0000,20,13,654.4031,-87.6473,-0.0444,4,0.1000,1.0000,8,8,8,0,0,8,8,0.0000
4,108.0000,20,15,673.7024,-86.3717,-0.2461,3,0.0750,1.0000,8,8,7,0,0,8,7,0.1250
4,108.0000,20,17,824.6937,-87.6608,0.5601,4,0.1000,1.0000,8,8,8,0,0,8,8,0.0000
4,108.0000,20,19,415.6875,-82.7231,1.1197,12,0.3000,0.8571,7,8,7,0,0,8,7,0.1250
4,108.0000,20,21,378.0428,-82.1765,0.7022,12,0.3000,0.8750,8,6,3,0,0,6,3,0.5000
4,108.0000,20,24,672.0630,-87.0366,0.0603,6,0.1500,1.0000,8,7,4,0,0,7,4,0.4286
4,108.0000,20,25,866.1347,-87.2848,-0.3292,4,0.1000,1.0000,4,6,6,0,0,6,6,0.0000
4,108.0000,20,27,338.0697,-80.4705,0.7756,9,0.2250,0.8636,66,6,5,80,65,86,70,0.1860
4,108.0000,20,28,737.7321,-86.1466,-0.4566,9,0.2250,0.9647,85,8,7,0,0,8,7,0.1250
4,108.0000,20,30,412.6226,-80.1697,-1.1589,12,0.3000,0.5000,4,8,7,0,0,8,7,0.1250
4,108.0000,20,32,768.3831,-87.6435,0.6742,3,0.0750,0.8571,7,8,7,0,0,8,7,0.1250
4,108.0000,20,33,212.8241,-77.8109,0.7829,21,0.5250,0.5000,6,6,4,18,0,24,4,0.8333
4,108.0000,20,36,600.7697,-85.5792,0.2927,5,0.1250,1.0000,8,7,6,0,0,7,6,0.1429
4,108.0000,20,40,890.6625,-87.4815,0.0242,6,0.1500,1.0000,6,8,8,0,0,8,8,0.0000
4,108.0000,20,42,737.4121,-86.1016,-1.5755,4,0.1000,1.0000,6,8,7,0,0,8,7,0.1250
4,108.0000,20,44,663.1984,-84.9551,-0.0725,12,0.3000,1.0000,8,6,6,0,0,6,6,0.0000
4,108.0000,20,45,659.0846,-86.7796,1.0473,6,0.1500,0.8000,5,8,8,0,0,8,8,0.0000
4,108.0000,20,46,744.3522,-87.9829,-0.1394,3,0.0750,1.0000,8,8,8,0,0,8,8,0.0000
4,108.0000,21,1,599.9956,-84.8533,-0.5440,12,0.3000,1.0000,4,6,3,0,0,6,3,0.5000
4,108.0000,21,2,421.2445,-80.7783,-0.5894,24,0.6000,0.4000,5,8,8,0,0,8,8,0.0000
4,108.0000,21,4,161.2750,-75.4256,1.0543,33,0.8250,0.4000,5,5,1,0,0,5,1,0.8000
4,108.0000,21,8,271.6423,-79.3938,0.0140,25,0.6250,0.5000,6,8,6,0,0,8,6,0.2500
4,108.0000,21,9,629.8822,-85.1273,-0.3935,11,0.2750,1.0000,8,7,6,29,28,36,34,0.0556
4,108.0000,21,11,639.6637,-85.4245,-1.3662,15,0.3750,0.8571,7,7,5,0,0,7,5,0.2857
4,108.0000,21,13,537.5530,-85.4141,-0.2271,10,0.2500,1.0000,8,8,8,0,0,8,8,0.0000
4,108.0000,21,14,979.2093,-87.7097,-1.0606,3,0.0750,,0,4,4,0,0,4,4,0.0000
4,108.0000,21,15,629.2406,-86.2946,0.6792,7,0.1750,1.0000,8,8,8,0,0,8,8,0.0000
4,108.0000,21,17,522.9848,-83.4039,-1.1515,16,0.4000,1.0000,8,7,6,0,0,7,6,0.1429
4,108.0000,21,18,783.1718,-88.5246,-1.0490,6,0.1500,1.0000,6,8,8,0,0,8,8,0.0000
4,108.0000,21,19,661.1335,-85.2776,0.9692,8,0.2000,1.0000,10,6,6,0,0,6,6,0.0000
4,108.0000,21,20,378.0428,-81.8995,0.3082,17,0.4250,0.8571,7,5,2,0,0,5,2,0.6000
4,108.0000,21,25,636.3615,-84.9432,-0.6487,12,0.3000,0.8571,7,7,5,0,0,7,5,0.2857
4,108.0000,21,27,247.1092,-77.1917,-0.6166,26,0.6500,0.3333,6,8,7,0,0,8,7,0.1250
4,108.0000,21,28,551.4485,-84.2964,-0.2485,18,0.4500,0.6250,8,8,8,0,0,8,8,0.0000
4,108.0000,21,30,306.3683,-77.8341,-0.4800,34,0.8500,0.7143,7,6,3,0,0,6,3,0.5000
4,108.0000,21,31,853.3387,-88.0156,0.5352,5,0.1250,1.0000,8,8,8,0,0,8,8,0.0000
4,108.0000,21,32,529.8214,-83.9139,0.1990,16,0.4000,1.0000,8,8,8,0,0,8,8,0.0000
4,108.0000,21,33,370.6855,-81.6190,0.6285,19,0.4750,0.4000,5,6,2,0,0,6,2,0.6667
4,108.0000,21,35,839.3131,-85.9563,-0.3856,9,0.2250,1.0000,8,8,8,0,0,8,8,0.0000
4,108.0000,21,36,646.4621,-85.4797,-0.6053,8,0.2000,1.0000,8,7,6,0,0,7,6,0.1429
4,108.0000,21,39,938.7242,-86.2298,-0.8295,6,0.1500,1.0000,6,4,4,0,0,4,4,0.0000
4,108.0000,21,40,617.8990,-84.2544,-0.9863,13,0.3250,0.8571,7,7,6,0,0,7,6,0.1429
4,108.0000,21,42,653.6196,-85.5769,0.3725,5,0.1250,1.0000,8,8,8,0,0,8,8,0.0000
4,108.0000,21,44,480.3435,-81.8113,-0.5010,21,0.5250,0.8750,8,8,8,0,0,8,8,0.0000
4,108.0000,21,45,335.4640,-79.3617,-0.3998,26,0.6500,0.6667,6,5,2,0,0,5,2,0.6000
4,108.0000,21,46,671.6195,-85.3959,0.7912,6,0.1500,1.0000,8,8,8,0,0,8,8,0.0000
4,108.0000,22,0,228.9752,-76.3623,0.3697,30,0.7500,0.5000,6,7,3,0,0,7,3,0.5714
4,108.0000,22,3,482.7966,-83.3065,-0.9009,13,0.3250,0.8750,8,7,6,0,0,7,6,0.1429
4,108.0000,22,5,672.5523,-85.4065,1.0714,5,0.1250,1.0000,8,8,8,0,0,8,8,0.0000
4,108.0000,22,6,517.7226,-83.4563,-0.0287,14,0.3500,1.0000,8,8,8,0,0,8,8,0.0000
4,108.0000,22,7,699.5986,-85.9239,0.2921,12,0.3000,1.0000,8,8,7,0,0,8,7,0.1250
4,108.0000,22,16,556.4400,-84.1743,0.2361,20,0.5000,0.8571,7,8,7,0,0,8,7,0.1250
4,108.0000,22,23,557.3932,-83.5549,-0.0159,17,0.4250,0.6667,6,8,8,0,0,8,8,0.0000
4,108.0000,22,26,723.5638,-85.8281,-0.2149,10,0.2500,1.0000,8,8,8,0,0,8,8,0.0000
4,108.0000,22,29,828.8363,-86.3161,-0.6048,8,0.2000,0.8571,7,6,4,0,0,6,4,0.3333
4,108.0000,22,37,449.0152,-82.7902,0.4465,17,0.4250,0.4000,5,5,3,0,0,5,3,0.4000
4,108.0000,22,38,657.8688,-84.5619,0.1588,10,0.2500,1.0000,8,6,4,0,0,6,4,0.3333
4,108.0000,22,41,720.5276,-86.3340,0.0754,11,0.2750,0.8571,7,8,8,0,0,8,8,0.0000
4,108.0000,22,43,576.7013,-84.2770,0.1921,21,0.5250,1.0000,8,8,8,0,0,8,8,0.0000
4,108.0000,22,47,792.6413,-87.1005,-0.0527,9,0.2250,1.0000,8,8,8,0,0,8,8,0.0000
4,108.0000,23,0,522.0585,-82.4171,-1.7241,25,0.6250,0.5000,6,7,5,0,0,7,5,0.2857
4,108.0000,23,3,588.2611,-85.6813,-0.0637,10,0.2500,0.7143,7,8,7,0,0,8,7,0.1250
4,108.0000,23,5,887.4244,-87.4948,1.7264,3,0.0750,1.0000,8,8,8,0,0,8,8,0.0000
4,108.0000,23,6,812.8500,-86.2374,-0.1307,9,0.2250,1.0000,8,8,8,0,0,8,8,0.0000
4,108.0000,23,7,430.8554,-82.0511,0.0647,26,0.6500,0.7969,64,7,5,1,0,8,5,0.3750
4,108.0000,23,10,449.0303,-82.7066,-0.3407,23,0.5750,0.6667,6,7,4,0,0,7,4,0.4286
4,108.0000,23,12,597.9530,-85.9379,1.8397,8,0.2000,1.0000,8,5,3,0,0,5,3,0.4000
4,108.0000,23,16,423.7690,-80.8197,-0.5270,27,0.6750,0.6897,58,7,5,0,0,7,5,0.2857
4,108.0000,23,22,557.3932,-83.6072,-0.9229,22,0.5500,0.6667,6,7,6,0,0,7,6,0.1429
4,108.0000,23,26,324.5816,-80.8142,0.5963,30,0.7500,0.3333,6,6,3,0,0,6,3,0.5000
4,108.0000,23,29,460.8743,-83.5555,0.4263,21,0.5250,0.5000,6,7,5,0,0,7,5,0.2857
4,108.0000,23,37,745.7055,-85.9729,-0.3593,8,0.2000,1.0000,8,8,8,0,0,8,8,0.0000
4,108.0000,23,38,292.1671,-79.2041,-0.0878,33,0.8250,0.2000,5,5,2,0,0,5,2,0.6000
4,108.0000,23,41,239.7406,-77.2326,-0.0849,35,0.8750,0.3333,6,5,1,0,0,5,1,0.8000
4,108.0000,23,42,1008.5056,-87.7788,-5.7976,4,0.1000,1.0000,4,4,4,0,0,4,4,0.0000
4,108.0000,23,43,406.1330,-80.5192,-0.9724,34,0.8500,0.3684,19,6,3,0,0,6,3,0.5000
4,108.0000,23,47,462.9194,-83.3748,0.5651,30,0.7500,0.8571,7,7,5,0,0,7,5,0.2857
4,108.0000,24,1,649.3285,-85.1554,0.1800,6,0.1500,0.8333,6,8,7,0,0,8,7,0.1250
4,108.0000,24,3,647.6959,-85.8897,0.1646,10,0.2500,1.0000,6,8,7,0,0,8,7,0.1250
4,108.0000,24,4,621.8873,-84.7235,0.2741,7,0.1750,0.8750,8,8,8,0,0,8,8,0.0000
4,108.0000,24,5,657.3314,-83.9136,-0.1285,11,0.2750,0.7143,7,7,6,0,0,7,6,0.1429
4,108.0000,24,6,885.1507,-88.6449,0.3242,3,0.0750,1.0000,4,8,8,0,0,8,8,0.0000
4,108.0000,24,7,827.2503,-86.9138,0.0531,6,0.1500,1.0000,4,8,6,0,0,8,6,0.2500
4,108.0000,24,8,478.2573,-84.3186,0.5578,10,0.2500,1.0000,8,8,8,0,0,8,8,0.0000
4,108.0000,24,10,1131.8180,-89.0977,0.4885,3,0.0750,1.0000,6,2,2,0,0,2,2,0.0000
4,108.0000,24,11,844.4618,-86.2471,0.8181,3,0.0750,1.0000,8,8,8,0,0,8,8,0.0000
4,108.0000,24,12,543.2314,-82.4422,-0.9067,18,0.4500,0.7143,7,7,5,0,0,7,5,0.2857
4,108.0000,24,13,476.4127,-83.2027,0.0289,7,0.1750,1.0000,6,8,8,0,0,8,8,0.0000
4,108.0000,24,14,300.5333,-76.8319,-1.2821,33,0.8250,0.3333,6,8,7,0,0,8,7,0.1250
4,108.0000,24,15,255.9381,-77.4888,0.0640,26,0.6500,0.0000,4,6,3,0,0,6,3,0.5000
4,108.0000,24,17,733.2540,-86.2786,0.1956,5,0.1250,1.0000,6,7,6,0,0,7,6,0.1429
4,108.0000,24,19,387.4535,-80.7899,0.1971,17,0.4250,0.4000,5,8,7,0,0,8,7,0.1250
4,108.0000,24,20,672.0630,-86.8179,0.6767,7,0.1750,0.8571,7,6,4,0,0,6,4,0.3333
4,108.0000,24,21,723.8870,-87.7184,1.2352,6,0.1500,0.6667,3,8,8,0,0,8,8,0.0000
4,108.0000,24,26,822.3149,-86.6794,-1.8902,10,0.2500,1.0000,8,8,8,0,0,8,8,0.0000
4,108.0000,24,27,478.9105,-83.5979,1.2777,11,0.2750,1.0000,8,7,6,0,0,7,6,0.1429
4,108.0000,24,29,836.3492,-85.7290,-0.5243,4,0.1000,0.8571,7,8,8,0,0,8,8,0.0000
4,108.0000,24,30,902.3238,-88.2573,-0.2921,3,0.0750,0.8333,6,4,4,0,0,4,4,0.0000
4,108.0000,24,31,314.0974,-77.4750,-0.2611,27,0.6750,0.1667,6,6,3,0,0,6,3,0.5000
4,108.0000,24,33,489.0153,-84.1476,1.4647,11,0.2750,0.6667,6,8,8,0,0,8,8,0.0000
4,108.0000,24,34,290.2174,-75.8424,-0.7724,35,0.8750,0.0000,4,5,3,0,0,5,3,0.4000
4,108.0000,24,36,119.1763,-75.0644,1.9145,33,0.8250,0.3333,6,4,0,0,0,4,0,1.0000
4,108.0000,24,37,851.3312,-87.8979,-0.0742,5,0.1250,,0,6,6,0,0,6,6,0.0000
4,108.0000,24,38,859.5659,-87.8262,1.2484,5,0.1250,1.0000,6,2,2,0,0,2,2,0.0000
4,108.0000,24,40,679.8310,-86.7942,-1.2164,8,0.2000,0.8750,8,8,7,0,0,8,7,0.1250
4,108.0000,24,41,866.3795,-87.5419,0.1908,5,0.1250,1.0000,8,2,2,0,0,2,2,0.0000
4,108.0000,24,42,272.5477,-77.1797,-0.3143,32,0.8000,0.2000,5,8,7,0,0,8,7,0.1250
4,108.0000,24,45,769.1314,-87.2186,-0.2998,5,0.1250,1.0000,2,7,6,0,0,7,6,0.1429
4,108.0000,24,46,276.0624,-77.2235,-0.9502,25,0.6250,0.3333,6,7,4,0,0,7,4,0.4286
4,108.0000,25,1,1010.8501,-88.5355,0.3496,3,0.0769,,0,6,6,0,0,6,6,0.0000
4,108.0000,25,2,550.5620,-83.7470,0.5578,16,0.4103,0.6667,6,8,7,0,0,8,7,0.1250
4,108.0000,25,4,503.3110,-83.5389,0.9749,13,0.3333,0.8750,8,8,8,0,0,8,8,0.0000
4,108.0000,25,8,657.5269,-86.6808,0.5522,4,0.1026,0.8750,8,8,8,0,0,8,8,0.0000
4,108.0000,25,9,478.7327,-84.0359,0.3145,18,0.4615,0.7143,7,7,5,1,0,8,5,0.3750
4,108.0000,25,11,148.4538,-72.3077,-0.0656,36,0.9231,0.3333,6,4,0,0,0,4,0,1.0000
4,108.0000,25,13,300.9435,-80.0573,1.5536,17,0.4359,0.7143,7,6,3,0,0,6,3,0.5000
4,108.0000,25,14,836.6873,-87.9229,-1.0977,4,0.1026,0.8750,8,2,2,0,0,2,2,0.0000
4,108.0000,25,15,501.4270,-84.7327,0.2645,11,0.2821,0.8750,8,8,8,0,0,8,8,0.0000
4,108.0000,25,17,262.6757,-78.7799,0.4082,23,0.5897,0.1667,6,6,3,0,0,6,3,0.5000
4,108.0000,25,18,496.9297,-84.1137,-0.4566,20,0.5128,0.6667,6,7,6,0,0,7,6,0.1429
4,108.0000,25,19,942.1608,-87.2501,0.4972,3,0.0769,1.0000,8,8,8,0,0,8,8,0.0000
4,108.0000,25,20,866.1347,-87.8286,0.1991,4,0.1026,1.0000,6,8,8,0,0,8,8,0.0000
4,108.0000,25,21,636.3615,-85.7551,-0.3871,12,0.3077,0.8750,8,7,5,0,0,7,5,0.2857
4,108.0000,25,24,752.5452,-87.1222,0.0012,7,0.1795,1.0000,6,8,8,0,0,8,8,0.0000
4,108.0000,25,27,593.7288,-84.4155,0.0390,10,0.2564,1.0000,10,8,8,0,0,8,8,0.0000
4,108.0000,25,28,598.7149,-84.3273,0.4209,17,0.4359,0.6000,5,7,6,0,0,7,6,0.1429
4,108.0000,25,30,702.8333,-85.2031,-0.1461,8,0.2051,1.0000,8,8,8,0,0,8,8,0.0000
4,108.0000,25,31,677.5292,-85.4833,-0.4189,7,0.1795,1.0000,8,8,8,0,0,8,8,0.0000
4,108.0000,25,32,533.5909,-82.2219,-0.0890,20,0.5128,0.8571,7,6,2,0,0,6,2,0.6667
4,108.0000,25,33,798.0799,-87.1846,0.5626,6,0.1538,0.8571,7,8,8,0,0,8,8,0.0000
4,108.0000,25,34,887.7238,-87.9149,-0.1684,3,0.0769,1.0000,8,5,4,0,0,5,4,0.2000
4,108.0000,25,35,897.4502,-86.9889,-0.1044,10,0.2564,0.8571,7,8,8,0,0,8,8,0.0000
4,108.0000,25,36,663.5219,-85.0727,0.6658,7,0.1795,1.0000,8,8,8,0,0,8,8,0.0000
4,108.0000,25,39,494.6975,-82.6091,0.6702,24,0.6154,0.6667,6,7,5,0,0,7,5,0.2857
4,108.0000,25,40,315.3322,-79.3432,-0.5662,24,0.6154,0.5714,7,6,3,0,0,6,3,0.5000
4,108.0000,25,42,666.3777,-86.9911,1.1076,5,0.1282,0.6000,5,4,4,0,0,4,4,0.0000
4,108.0000,25,44,580.1139,-84.6699,-0.5966,19,0.4872,0.8571,7,7,4,0,0,7,4,0.4286
4,108.0000,25,45,344.4197,-81.2810,0.3244,24,0.6154,0.6000,10,6,3,2,2,8,5,0.3750
4,108.0000,25,46,501.3165,-85.6429,-0.2041,9,0.2308,1.0000,8,7,6,0,0,7,6,0.1429
4,108.0000,26,0,610.1686,-83.9587,-0.4371,23,0.5750,0.8571,7,8,8,0,0,8,8,0.0000
4,108.0000,26,3,575.3983,-83.1576,-0.4251,11,0.2750,0.7143,7,6,6,0,0,6,6,0.0000
4,108.0000,26,5,864.2585,-86.5471,2.2282,3,0.0750,1.0000,6,10,10,0,0,10,10,0.0000
4,108.0000,26,6,768.6157,-86.5929,-0.8032,7,0.1750,1.0000,8,9,8,0,0,9,8,0.1111
4,108.0000,26,7,161.1497,-71.7136,0.1767,33,0.8250,0.0000,4,5,1,0,0,5,1,0.8000
4,108.0000,26,10,317.9404,-80.6900,-0.4548,34,0.8500,0.7143,7,6,3,0,0,6,3,0.5000
4,108.0000,26,12,439.6196,-82.5115,0.1992,19,0.4750,0.8026,76,8,8,0,0,8,8,0.0000
4,108.0000,26,14,761.3051,-84.8005,-2.0564,4,0.1000,1.0000,8,8,8,0,0,8,8,0.0000
4,108.0000,26,16,414.9290,-80.8922,-0.7161,31,0.7750,0.2000,5,6,2,0,0,6,2,0.6667
4,108.0000,26,19,918.2267,-89.2582,-0.1290,3,0.0750,1.0000,6,8,8,0,0,8,8,0.0000
4,108.0000,26,22,723.5638,-85.9009,0.4129,13,0.3250,1.0000,8,8,8,0,0,8,8,0.0000
4,108.0000,26,23,324.5816,-80.3913,0.7046,30,0.7500,0.2000,5,4,0,0,0,4,0,1.0000
4,108.0000,26,24,822.3149,-87.4496,-2.3482,6,0.1500,1.0000,8,8,8,0,0,8,8,0.0000
4,108.0000,26,29,139.4143,-73.6858,0.6066,37,0.9250,0.0000,4,4,0,0,0,4,0,1.0000
4,108.0000,26,31,915.0163,-88.4250,-1.4247,5,0.1250,1.0000,8,8,8,0,0,8,8,0.0000
4,108.0000,26,34,687.5850,-86.2100,-0.1453,6,0.1500,1.0000,8,7,6,0,0,7,6,0.1429
4,108.0000,26,37,728.9670,-84.3437,-0.4494,9,0.2250,1.0000,8,8,8,0,0,8,8,0.0000
4,108.0000,26,38,76.4584,-70.5494,2.6873,34,0.8500,0.0000,4,5,1,0,0,5,1,0.8000
4,108.0000,26,41,118.7359,-72.8480,0.5067,35,0.8750,0.2000,5,4,0,0,0,4,0,1.0000
4,108.0000,26,42,938.5714,-87.2584,-1.4745,3,0.0750,1.0000,8,8,8,0,0,8,8,0.0000
4,108.0000,26,43,552.1146,-83.6489,0.0234,20,0.5000,0.8571,7,8,8,0,0,8,8,0.0000
4,108.0000,26,47,391.3240,-82.8420,0.4352,27,0.6750,0.5714,7,5,2,0,0,5,2,0.6000
4,108.0000,27,1,490.0561,-82.6018,-0.3464,23,0.5750,0.8571,7,6,2,0,0,6,2,0.6667
4,108.0000,27,2,598.9159,-85.4845,0.2851,16,0.4000,0.7143,7,8,7,0,0,8,7,0.1250
4,108.0000,27,4,189.4384,-73.7185,-0.5710,34,0.8500,0.1667,6,5,2,0,0,5,2,0.6000
4,108.0000,27,5,736.8972,-85.8111,-0.1902,13,0.3250,0.8571,7,8,8,0,0,8,8,0.0000
4,108.0000,27,8,107.7046,-70.7889,0.7210,38,0.9500,0.0000,4,4,0,0,0,4,0,1.0000
4,108.0000,27,9,760.1655,-86.5636,-0.4066,10,0.2500,1.0000,8,8,7,0,0,8,7,0.1250
4,108.0000,27,11,632.5872,-85.9422,-0.3826,13,0.3250,0.5000,8,6,4,0,0,6,4,0.3333
4,108.0000,27,12,973.0908,-86.4868,0.1462,4,0.1000,,0,8,8,0,0,8,8,0.0000
4,108.0000,27,13,390.2326,-80.9319,0.4443,21,0.5250,0.5000,6,7,5,0,0,7,5,0.2857
4,108.0000,27,14,744.7751,-87.2093,-0.0253,8,0.2000,1.0000,8,7,6,0,0,7,6,0.1429
4,108.0000,27,15,411.5219,-82.6834,0.7730,13,0.3250,0.8750,8,7,5,0,0,7,5,0.2857
4,108.0000,27,17,513.9672,-83.6357,-0.5906,15,0.3750,0.6667,6,8,7,0,0,8,7,0.1250
4,108.0000,27,18,863.1374,-87.5181,0.8875,8,0.2000,1.0000,6,4,4,0,0,4,4,0.0000
4,108.0000,27,19,455.6746,-82.8398,0.1637,18,0.4500,0.8750,8,7,5,0,0,7,5,0.2857
4,108.0000,27,20,338.0697,-80.5145,-0.0697,28,0.7000,0.6667,6,6,3,0,0,6,3,0.5000
4,108.0000,27,21,247.1092,-77.2101,-0.3284,34,0.8500,0.6667,6,8,7,24,12,32,19,0.4062
4,108.0000,27,24,478.9105,-84.4715,0.2857,13,0.3250,0.8571,7,7,6,0,0,7,6,0.1429
4,108.0000,27,25,593.7288,-85.5978,-0.0952,12,0.3000,0.8846,26,8,7,9,8,17,15,0.1176
4,108.0000,27,28,683.5727,-85.1875,-1.0046,16,0.4000,0.8571,7,8,7,0,0,8,7,0.1250
4,108.0000,27,30,457.3602,-80.9044,-0.8968,27,0.6750,0.5000,6,7,6,0,0,7,6,0.1429
4,108.0000,27,31,641.3586,-85.8496,-0.0888,11,0.2750,0.6667,6,8,8,0,0,8,8,0.0000
4,108.0000,27,32,667.9626,-86.0282,-0.3413,15,0.3750,0.8750,8,8,7,0,0,8,7,0.1250
4,108.0000,27,33,216.2396,-76.9771,0.9240,36,0.9000,0.7143,7,5,1,0,0,5,1,0.8000
4,108.0000,27,34,733.7822,-86.1658,-0.6163,7,0.1750,0.7500,8,5,4,0,0,5,4,0.2000
4,108.0000,27,35,972.7590,-86.9121,0.1354,7,0.1750,1.0000,8,6,6,0,0,6,6,0.0000
4,108.0000,27,36,401.9736,-83.2897,-0.3198,15,0.3750,0.6667,6,8,7,0,0,8,7,0.1250
4,108.0000,27,37,1036.0680,-88.8071,0.7009,3,0.0750,1.0000,2,8,8,0,0,8,8,0.0000
4,108.0000,27,39,1003.5775,-87.7045,0.6919,4,0.1000,1.0000,4,4,4,0,0,4,4,0.0000
4,108.0000,27,40,560.2623,-83.8410,-0.0125,16,0.4000,0.7143,7,7,6,0,0,7,6,0.1429
4,108.0000,27,42,451.1812,-82.4422,-0.1413,16,0.4000,0.4000,5,5,2,0,0,5,2,0.6000
4,108.0000,27,44,611.5216,-84.9832,-0.6680,16,0.4000,0.5000,6,5,4,0,0,5,4,0.2000
4,108.0000,27,45,408.6044,-82.6695,-0.1060,17,0.4250,0.6667,6,8,7,0,0,8,7,0.1250
4,108.0000,27,46,462.2782,-83.9745,0.9143,13,0.3250,0.7143,7,6,4,0,0,6,4,0.3333
4,108.0000,28,2,255.0617,-76.6383,0.0859,35,0.8750,0.5714,7,7,6,0,0,7,6,0.1429
4,108.0000,28,4,574.7816,-84.0429,-0.3651,10,0.2500,1.0000,8,8,8,0,0,8,8,0.0000
4,108.0000,28,8,766.3501,-86.8201,0.2612,5,0.1250,0.8750,8,8,8,0,0,8,8,0.0000
4,108.0000,28,9,340.4845,-81.5258,-0.1560,28,0.7000,0.6923,13,6,3,0,0,6,3,0.5000
4,108.0000,28,11,479.6620,-81.4292,-0.9782,16,0.4000,0.8571,7,7,5,0,0,7,5,0.2857
4,108.0000,28,13,670.5091,-85.6626,0.0475,6,0.1500,1.0000,8,8,8,0,0,8,8,0.0000
4,108.0000,28,17,660.7845,-84.1994,-0.1482,8,0.2000,1.0000,8,8,8,0,0,8,8,0.0000
4,108.0000,28,18,338.0538,-81.4222,0.3064,27,0.6750,0.5714,7,6,3,0,0,6,3,0.5000
4,108.0000,28,20,737.7321,-87.5359,1.5392,5,0.1250,1.0000,8,8,8,0,0,8,8,0.0000
4,108.0000,28,21,551.4485,-82.3567,-1.8726,9,0.2250,1.0000,8,7,6,0,0,7,6,0.1429
4,108.0000,28,25,598.7149,-83.9988,-0.5622,12,0.3000,0.8571,7,8,8,0,0,8,8,0.0000
4,108.0000,28,27,683.5727,-84.7153,0.0703,8,0.2000,1.0000,8,8,8,0,0,8,8,0.0000
4,108.0000,28,30,348.8368,-79.3832,0.0350,24,0.6000,0.4000,5,6,4,0,0,6,4,0.3333
4,108.0000,28,32,111.3499,-72.5287,1.8889,35,0.8750,0.3333,6,4,0,0,0,4,0,1.0000
4,108.0000,28,33,821.3441,-87.3024,0.3301,4,0.1000,1.0000,8,6,6,0,0,6,6,0.0000
4,108.0000,28,35,336.0385,-80.8445,-0.2184,35,0.8750,0.6667,6,6,4,0,0,6,4,0.3333
4,108.0000,28,39,632.9018,-85.4927,-0.4413,16,0.4000,0.8750,8,8,7,0,0,8,7,0.1250
4,108.0000,28,40,798.4088,-87.4703,-0.0881,6,0.1500,0.8750,8,8,8,0,0,8,8,0.0000
4,108.0000,28,44,76.1166,-67.3419,0.0772,34,0.8500,0.0000,4,5,1,0,0,5,1,0.8000
4,108.0000,28,45,459.5730,-81.5836,-0.4441,15,0.3750,0.8750,8,8,6,0,0,8,6,0.2500
4,108.0000,29,0,691.6537,-84.9061,-0.6989,12,0.3000,0.8750,8,8,8,0,0,8,8,0.0000
4,108.0000,29,3,647.6837,-85.2621,-0.5571,10,0.2500,1.0000,8,7,5,0,0,7,5,0.2857
4,108.0000,29,5,918.2552,-86.6752,-2.0477,4,0.1000,1.0000,6,8,8,0,0,8,8,0.0000
4,108.0000,29,6,808.2799,-87.2467,0.8227,4,0.1000,1.0000,6,8,8,0,0,8,8,0.0000
4,108.0000,29,7,153.3013,-69.6520,-1.3202,35,0.8750,0.0000,4,5,2,0,0,5,2,0.6000
4,108.0000,29,10,316.7527,-80.1264,-0.0288,31,0.7750,0.0000,4,5,1,0,0,5,1,0.8000
4,108.0000,29,12,457.2173,-82.6450,-0.1435,21,0.5250,0.6667,6,8,6,0,0,8,6,0.2500
4,108.0000,29,14,743.0734,-85.9079,-2.2074,8,0.2000,1.0000,8,8,8,0,0,8,8,0.0000
4,108.0000,29,15,1068.0874,-87.8553,0.8285,4,0.1000,1.0000,8,4,4,0,0,4,4,0.0000
4,108.0000,29,16,465.1095,-82.5384,-0.4104,22,0.5500,0.4000,5,5,2,0,0,5,2,0.6000
4,108.0000,29,22,828.8363,-87.3026,-0.4513,12,0.3000,1.0000,8,8,8,0,0,8,8,0.0000
4,108.0000,29,23,460.8743,-82.6758,0.8302,21,0.5250,0.8750,8,7,4,0,0,7,4,0.4286
4,108.0000,29,24,836.3492,-87.0115,-2.1290,5,0.1250,0.8750,8,8,8,0,0,8,8,0.0000
4,108.0000,29,26,139.4143,-72.4536,0.3934,32,0.8000,0.0000,4,5,2,0,0,5,2,0.6000
4,108.0000,29,31,916.9530,-88.5178,0.1402,4,0.1000,1.0000,6,8,8,0,0,8,8,0.0000
4,108.0000,29,34,687.8253,-87.3555,-0.2290,6,0.1500,0.8750,8,7,6,0,0,7,6,0.1429
4,108.0000,29,37,783.1405,-86.4147,-0.6195,5,0.1250,1.0000,8,6,6,0,0,6,6,0.0000
4,108.0000,29,38,186.5148,-75.9976,0.9250,32,0.8000,0.0000,4,4,0,0,0,4,0,1.0000
4,108.0000,29,41,240.0506,-78.0821,-0.3857,29,0.7250,0.2000,5,4,0,0,0,4,0,1.0000
4,108.0000,29,42,974.1876,-87.0742,-1.9310,3,0.0750,1.0000,8,6,6,0,0,6,6,0.0000
4,108.0000,29,43,635.0488,-85.4051,-0.1502,16,0.4000,0.5000,6,7,6,0,0,7,6,0.1429
4,108.0000,29,47,406.2422,-82.9285,0.9541,22,0.5500,0.7143,7,5,1,0,0,5,1,0.8000
4,108.0000,30,1,625.3417,-84.2380,-0.1242,14,0.3500,0.6667,6,8,8,0,0,8,8,0.0000
4,108.0000,30,2,362.4649,-80.6050,-0.2675,23,0.5750,0.2000,5,7,6,0,0,7,6,0.1429
4,108.0000,30,4,405.8349,-82.0609,-0.2480,14,0.3500,0.5714,7,6,4,0,0,6,4,0.3333
4,108.0000,30,8,528.3644,-83.5284,-0.5962,12,0.3000,0.8571,7,7,5,0,0,7,5,0.2857
4,108.0000,30,9,584.3089,-86.0538,0.5402,13,0.3250,1.0000,8,7,6,0,0,7,6,0.1429
4,108.0000,30,11,640.6658,-85.4759,0.2552,13,0.3250,1.0000,8,8,8,0,0,8,8,0.0000
4,108.0000,30,13,634.3649,-84.4654,0.0142,10,0.2500,0.8571,7,8,8,0,0,8,8,0.0000
4,108.0000,30,15,781.1044,-86.3997,-0.7334,3,0.0750,1.0000,8,7,6,0,0,7,6,0.1429
4,108.0000,30,17,687.8942,-86.0357,-0.6011,12,0.3000,1.0000,8,8,8,0,0,8,8,0.0000
4,108.0000,30,18,659.9786,-86.1458,-0.0256,11,0.2750,0.8571,7,8,8,0,0,8,8,0.0000
4,108.0000,30,19,776.7378,-88.7005,0.4933,3,0.0750,0.7143,7,8,8,0,0,8,8,0.0000
4,108.0000,30,20,412.6226,-80.4990,-0.0044,21,0.5250,0.6667,6,7,5,0,0,7,5,0.2857
4,108.0000,30,21,306.3683,-77.1275,-0.3746,24,0.6000,0.5714,7,7,6,0,0,7,6,0.1429
4,108.0000,30,25,702.8333,-85.5306,0.0298,8,0.2000,1.0000,8,8,8,0,0,8,8,0.0000
4,108.0000,30,27,457.3602,-80.6928,-1.4870,13,0.3250,0.8571,7,6,4,0,0,6,4,0.3333
4,108.0000,30,28,348.8368,-81.7552,0.1390,20,0.5000,0.5000,6,7,5,0,0,7,5,0.2857
4,108.0000,30,32,388.3173,-82.8003,0.8649,19,0.4750,0.5000,6,7,4,0,0,7,4,0.4286
4,108.0000,30,33,531.4278,-82.3785,-0.0746,11,0.2750,0.4286,7,8,8,0,0,8,8,0.0000
4,108.0000,30,35,564.3086,-85.6730,0.2262,15,0.3750,0.7143,7,7,5,0,0,7,5,0.2857
4,108.0000,30,36,801.8707,-86.2589,-1.3589,4,0.1000,0.8571,7,8,8,0,0,8,8,0.0000
4,108.0000,30,39,912.3656,-88.8798,1.1856,3,0.0750,1.0000,8,8,8,0,0,8,8,0.0000
4,108.0000,30,40,808.1610,-86.6812,-0.7772,6,0.1500,1.0000,8,8,8,0,0,8,8,0.0000
4,108.0000,30,42,895.5180,-88.1296,-1.5251,4,0.1000,0.8000,5,6,6,0,0,6,6,0.0000
4,108.0000,30,44,278.3662,-78.4569,0.1268,28,0.7000,0.3333,6,6,3,0,0,6,3,0.5000
4,108.0000,30,45,457.0768,-83.2146,0.4075,15,0.3750,0.8750,8,7,5,0,0,7,5,0.2857
4,108.0000,31,4,711.3516,-85.4981,1.1626,8,0.2000,0.9545,22,8,8,0,0,8,8,0.0000
4,108.0000,31,7,958.3414,-87.6841,-0.4144,6,0.1500,1.0000,4,4,4,0,0,4,4,0.0000
4,108.0000,31,8,635.4439,-85.3502,0.6300,11,0.2750,0.8750,8,8,8,0,0,8,8,0.0000
4,108.0000,31,11,805.9892,-87.2400,0.7460,6,0.1500,1.0000,6,8,8,0,0,8,8,0.0000
4,108.0000,31,12,515.0435,-83.8032,-1.0014,21,0.5250,0.8571,7,6,4,0,0,6,4,0.3333
4,108.0000,31,13,495.9296,-83.9517,-0.2443,12,0.3000,0.6667,6,8,8,0,0,8,8,0.0000
4,108.0000,31,14,207.6440,-77.2534,0.9216,36,0.9000,0.5000,6,5,1,31,4,36,5,0.8611
4,108.0000,31,15,301.6557,-76.7912,-1.5320,27,0.6750,0.5873,63,8,5,86,77,94,82,0.1277
4,108.0000,31,17,651.8894,-85.0783,-0.0928,9,0.2250,1.0000,8,8,8,0,0,8,8,0.0000
4,108.0000,31,19,697.8889,-84.1872,-0.6754,14,0.3500,0.8750,8,8,8,0,0,8,8,0.0000
4,108.0000,31,20,919.1283,-87.7772,-0.9702,5,0.1250,1.0000,2,6,6,0,0,6,6,0.0000
4,108.0000,31,21,853.3387,-87.4890,0.0797,4,0.1000,1.0000,8,8,8,0,0,8,8,0.0000
4,108.0000,31,24,314.0974,-77.3259,-0.8521,29,0.7250,0.4286,7,6,4,0,0,6,4,0.3333
4,108.0000,31,25,677.5292,-85.7713,-1.1210,10,0.2500,1.0000,8,8,8,0,0,8,8,0.0000
4,108.0000,31,26,915.0163,-88.0731,3.9400,4,0.1000,1.0000,8,7,6,0,0,7,6,0.1429
4,108.0000,31,27,641.3586,-84.1215,0.7488,9,0.2250,1.0000,8,8,8,0,0,8,8,0.0000
4,108.0000,31,33,732.4969,-86.5475,-0.6292,9,0.2250,1.0000,8,10,10,0,0,10,10,0.0000
4,108.0000,31,34,229.6819,-74.7416,-1.1516,36,0.9000,0.4000,5,6,2,0,0,6,2,0.6667
4,108.0000,31,36,355.6744,-79.2699,-1.0208,24,0.6000,0.5714,7,8,8,0,0,8,8,0.0000
4,108.0000,31,40,544.9567,-83.7661,0.0585,11,0.2750,0.9857,70,7,6,0,0,7,6,0.1429
4,108.0000,31,41,939.7804,-88.3437,-0.2688,7,0.1750,1.0000,2,4,4,0,0,4,4,0.0000
4,108.0000,31,42,253.9755,-77.2150,-0.2853,33,0.8250,0.6667,6,6,3,0,0,6,3,0.5000
4,108.0000,31,44,1100.1173,-88.9652,0.3014,4,0.1000,1.0000,8,6,6,0,0,6,6,0.0000
4,108.0000,31,45,782.1793,-88.4803,0.8349,5,0.1250,0.8000,5,8,8,0,0,8,8,0.0000
4,108.0000,31,46,228.1065,-75.0326,-0.5689,28,0.7000,0.4000,5,5,2,0,0,5,2,0.6000
4,108.0000,32,2,174.6351,-76.5893,1.2730,31,0.7750,0.0000,4,4,0,0,0,4,0,1.0000
4,108.0000,32,4,535.3257,-83.4479,0.5490,9,0.2250,0.8571,7,7,6,0,0,7,6,0.1429
4,108.0000,32,8,743.4333,-87.0990,0.2298,5,0.1250,1.0000,8,8,8,0,0,8,8,0.0000
4,108.0000,32,9,233.6577,-75.6098,-0.1598,33,0.8250,0.2000,5,5,1,0,0,5,1,0.8000
4,108.0000,32,11,421.8527,-81.0862,-1.1896,24,0.6000,0.5714,7,8,8,0,0,8,8,0.0000
4,108.0000,32,13,641.4240,-85.8682,-1.7290,7,0.1750,1.0000,8,8,8,0,0,8,8,0.0000
4,108.0000,32,17,575.8749,-83.8112,0.7244,14,0.3500,0.8571,7,8,7,0,0,8,7,0.1250
4,108.0000,32,18,300.6441,-79.5677,-0.0884,32,0.8000,0.0000,4,5,1,0,0,5,1,0.8000
4,108.0000,32,20,768.3831,-86.0778,0.1344,9,0.2250,1.0000,8,8,8,0,0,8,8,0.0000
4,108.0000,32,21,529.8214,-83.9126,-0.0799,13,0.3250,1.0000,8,8,7,0,0,8,7,0.1250
4,108.0000,32,25,533.5909,-82.5540,-0.2002,17,0.4250,0.2000,5,8,7,0,0,8,7,0.1250
4,108.0000,32,27,667.9626,-85.1113,0.1435,8,0.2000,0.8750,8,7,6,0,0,7,6,0.1429
4,108.0000,32,28,111.3499,-73.3911,2.1735,33,0.8250,0.4000,5,4,0,0,0,4,0,1.0000
4,108.0000,32,30,388.3173,-82.7690,1.0842,16,0.4000,0.8750,8,5,2,0,0,5,2,0.6000
4,108.0000,32,35,426.7745,-81.8123,-0.6101,28,0.7000,0.6667,6,7,6,0,0,7,6,0.1429
4,108.0000,32,39,551.1675,-82.9648,0.0292,23,0.5750,0.8750,8,7,5,0,0,7,5,0.2857
4,108.0000,32,40,717.3790,-85.9608,-0.7208,10,0.2500,1.0000,8,8,8,0,0,8,8,0.0000
4,108.0000,32,44,135.7219,-75.5602,1.6822,32,0.8000,0.3333,6,6,2,0,0,6,2,0.6667
4,108.0000,32,45,384.3173,-80.9563,-0.3864,23,0.5750,0.6667,6,6,4,0,0,6,4,0.3333
4,108.0000,33,1,303.4126,-80.7799,0.8308,24,0.6000,0.4286,7,4,0,0,0,4,0,1.0000
4,108.0000,33,2,763.3708,-86.8340,0.6713,3,0.0750,1.0000,8,7,6,0,0,7,6,0.1429
4,108.0000,33,3,711.1338,-87.0410,0.8811,8,0.2000,1.0000,8,8,8,0,0,8,8,0.0000
4,108.0000,33,4,387.7787,-81.6164,0.4924,13,0.3250,0.8750,8,6,4,0,0,6,4,0.3333
4,108.0000,33,5,536.3513,-82.5327,-0.5128,16,0.4000,0.8750,8,8,8,0,0,8,8,0.0000
4,108.0000,33,6,885.1710,-86.8081,-0.4104,5,0.1250,1.0000,8,4,4,0,0,4,4,0.0000
4,108.0000,33,8,215.6592,-74.5862,0.5157,32,0.8000,0.0000,4,6,4,0,0,6,4,0.3333
4,108.0000,33,11,829.5240,-86.5500,-0.3623,3,0.0750,1.0000,8,8,8,0,0,8,8,0.0000
4,108.0000,33,12,957.7011,-88.1816,0.4911,3,0.0750,1.0000,8,6,6,0,0,6,6,0.0000
4,108.0000,33,13,559.7565,-82.9515,-0.5052,10,0.2500,0.7778,9,8,7,0,0,8,7,0.1250
4,108.0000,33,14,786.5437,-86.3519,-0.7975,7,0.1750,1.0000,6,6,6,0,0,6,6,0.0000
4,108.0000,33,15,523.0227,-83.8593,-1.0886,10,0.2500,0.6250,8,8,8,0,0,8,8,0.0000
4,108.0000,33,17,728.6581,-86.8924,-0.7705,6,0.1500,1.0000,8,8,8,0,0,8,8,0.0000
4,108.0000,33,18,1039.3613,-88.8664,0.5392,3,0.0750,,0,2,2,0,0,2,2,0.0000
4,108.0000,33,19,300.4840,-77.9916,-0.6070,28,0.7000,0.7143,7,7,6,0,0,7,6,0.1429
4,108.0000,33,20,212.8241,-77.8855,1.6594,31,0.7750,0.5000,8,4,0,0,0,4,0,1.0000
4,108.0000,33,21,370.6855,-82.2221,1.5880,13,0.3250,0.6667,6,6,3,0,0,6,3,0.5000
4,108.0000,33,24,489.0153,-83.3189,0.5754,9,0.2250,0.7143,7,8,8,0,0,8,8,0.0000
4,108.0000,33,25,798.0799,-87.2039,0.3296,4,0.1000,1.0000,8,6,6,0,0,6,6,0.0000
4,108.0000,33,27,216.2396,-77.0554,0.7705,24,0.6000,0.2000,5,5,1,0,0,5,1,0.8000
4,108.0000,33,28,821.3441,-86.8089,-0.2262,7,0.1750,0.8000,5,6,6,0,0,6,6,0.0000
4,108.0000,33,30,531.4278,-83.3072,-0.6231,11,0.2750,1.0000,8,7,6,0,0,7,6,0.1429
4,108.0000,33,31,732.4969,-86.0259,-0.1594,8,0.2000,1.0000,8,8,8,0,0,8,8,0.0000
4,108.0000,33,32,827.1505,-87.7862,0.6168,7,0.1750,1.0000,4,7,6,0,0,7,6,0.1429
4,108.0000,33,34,760.7699,-85.2668,0.8385,5,0.1250,1.0000,9,6,6,0,0,6,6,0.0000
4,108.0000,33,36,435.5531,-82.4475,-0.1165,16,0.4000,0.8750,8,8,7,0,0,8,7,0.1250
4,108.0000,33,37,845.9431,-88.2843,0.2982,5,0.1250,1.0000,8,8,7,0,0,8,7,0.1250
4,108.0000,33,40,764.6401,-87.3018,-0.4492,7,0.1750,0.8750,8,10,10,0,0,10,10,0.0000
4,108.0000,33,42,536.6687,-83.1290,-1.1703,10,0.2500,0.7143,7,7,6,0,0,7,6,0.1429
4,108.0000,33,44,745.8484,-87.3406,-0.6174,5,0.1250,1.0000,8,4,3,0,0,4,3,0.2500
4,108.0000,33,45,616.1507,-85.8369,0.9205,9,0.2250,1.0000,8,8,8,0,0,8,8,0.0000
4,108.0000,33,46,582.8863,-84.6272,-1.0627,7,0.1750,0.8571,7,8,8,0,0,8,8,0.0000
4,108.0000,34,3,738.3492,-88.1417,0.9833,4,0.1000,1.0000,4,6,5,0,0,6,5,0.1667
4,108.0000,34,7,730.2045,-86.2585,0.3564,8,0.2000,0.8000,5,7,6,0,0,7,6,0.1429
4,108.0000,34,12,308.1181,-79.6946,0.3185,25,0.6250,0.4000,5,6,2,0,0,6,2,0.6667
4,108.0000,34,13,664.1519,-87.5119,2.2766,3,0.0750,0.7143,7,7,6,0,0,7,6,0.1429
4,108.0000,34,14,117.8914,-70.8397,0.7531,35,0.8750,0.0000,4,5,2,0,0,5,2,0.6000
4,108.0000,34,15,435.9570,-79.4041,-1.0501,17,0.4250,0.8750,8,8,7,0,0,8,7,0.1250
4,108.0000,34,17,858.7804,-86.9722,0.8127,3,0.0750,1.0000,8,6,6,0,0,6,6,0.0000
4,108.0000,34,19,645.9625,-84.9096,0.6176,7,0.1750,1.0000,8,6,4,0,0,6,4,0.3333
4,108.0000,34,23,849.2113,-87.8194,0.0779,7,0.1750,1.0000,6,2,2,0,0,2,2,0.0000
4,108.0000,34,24,290.2174,-76.4061,-0.2987,25,0.6250,0.3333,6,7,5,0,0,7,5,0.2857
4,108.0000,34,25,887.7238,-87.5463,1.7278,3,0.0750,1.0000,8,6,6,0,0,6,6,0.0000
4,108.0000,34,26,687.5850,-85.8351,-0.7975,6,0.1500,1.0000,8,8,8,0,0,8,8,0.0000
4,108.0000,34,29,687.8253,-86.4598,0.3077,7,0.1750,0.8571,7,6,6,0,0,6,6,0.0000
4,108.0000,34,31,229.6819,-74.3903,-1.5652,32,0.8000,0.0000,4,4,0,0,0,4,0,1.0000
4,108.0000,34,33,760.7699,-87.0151,-1.3654,3,0.0750,1.0000,8,8,8,0,0,8,8,0.0000
4,108.0000,34,36,390.0098,-80.7976,0.9912,8,0.2000,0.7143,7,8,7,0,0,8,7,0.1250
4,108.0000,34,38,744.5851,-86.6649,0.6573,7,0.1750,1.0000,8,5,4,0,0,5,4,0.2000
4,108.0000,34,41,718.9259,-86.9604,0.4081,4,0.1000,1.0000,8,3,2,0,0,3,2,0.3333
4,108.0000,34,42,349.0452,-78.6099,-0.8255,19,0.4750,0.2000,5,8,8,0,0,8,8,0.0000
4,108.0000,34,46,396.1304,-79.1865,-1.2487,15,0.3750,0.0000,4,8,7,0,0,8,7,0.1250
4,108.0000,35,2,561.1612,-84.9630,-0.0909,14,0.3500,0.7500,8,8,8,0,0,8,8,0.0000
4,108.0000,35,4,890.2642,-88.7471,0.6838,3,0.0750,1.0000,8,8,8,0,0,8,8,0.0000
4,108.0000,35,8,1059.8775,-88.5323,0.8076,3,0.0750,1.0000,8,6,6,0,0,6,6,0.0000
4,108.0000,35,9,607.5694,-84.4349,-0.7295,15,0.3750,0.8571,7,8,8,0,0,8,8,0.0000
4,108.0000,35,11,760.5863,-88.8503,0.0349,3,0.0750,1.0000,8,8,8,0,0,8,8,0.0000
4,108.0000,35,17,992.2057,-88.3294,-0.6472,3,0.0750,1.0000,8,8,8,0,0,8,8,0.0000
4,108.0000,35,18,505.0689,-82.0319,-0.2603,16,0.4000,1.0000,8,8,8,0,0,8,8,0.0000
4,108.0000,35,20,937.2366,-87.2893,0.2883,3,0.0750,1.0000,10,8,8,0,0,8,8,0.0000
4,108.0000,35,21,839.3131,-86.5188,0.3654,5,0.1250,1.0000,8,8,8,0,0,8,8,0.0000
4,108.0000,35,25,897.4502,-86.3565,-0.4249,5,0.1250,1.0000,8,2,2,0,0,2,2,0.0000
4,108.0000,35,27,972.7590,-86.3362,-1.6185,3,0.0750,1.0000,8,8,8,0,0,8,8,0.0000
4,108.0000,35,28,336.0385,-80.1478,-0.3370,21,0.5250,0.8750,8,7,5,0,0,7,5,0.2857
4,108.0000,35,30,564.3086,-84.5710,0.2739,10,0.2500,0.8571,7,7,6,0,0,7,6,0.1429
4,108.0000,35,32,426.7745,-81.6775,-0.7600,21,0.5250,0.8571,7,8,8,0,0,8,8,0.0000
4,108.0000,35,39,830.1046,-86.5617,-0.7605,5,0.1250,1.0000,8,8,7,0,0,8,7,0.1250
4,108.0000,35,44,386.8896,-82.2667,-0.1592,11,0.2750,1.0000,8,7,5,0,0,7,5,0.2857
4,108.0000,35,45,795.5159,-86.5914,-0.7637,4,0.1000,1.0000,8,8,8,0,0,8,8,0.0000
4,108.0000,36,1,597.8334,-84.1891,-0.1002,9,0.2250,0.3333,3,8,7,0,0,8,7,0.1250
4,108.0000,36,2,926.3214,-87.5509,0.9008,5,0.1250,0.8000,5,8,8,0,0,8,8,0.0000
4,108.0000,36,3,717.0974,-86.4013,-0.4790,8,0.2000,1.0000,4,6,6,0,0,6,6,0.0000
4,108.0000,36,4,543.4209,-82.6597,-0.7278,15,0.3750,0.8750,8,8,7,0,0,8,7,0.1250
4,108.0000,36,5,677.3446,-87.3638,-0.7238,8,0.2000,1.0000,8,8,7,0,0,8,7,0.1250
4,108.0000,36,6,929.5138,-88.1683,1.4108,3,0.0750,,0,5,4,0,0,5,4,0.2000
4,108.0000,36,7,929.8744,-88.5678,-0.9199,6,0.1500,,0,6,6,0,0,6,6,0.0000
4,108.0000,36,8,425.2015,-82.7996,-0.1339,15,0.3750,1.0000,8,7,6,0,0,7,6,0.1429
4,108.0000,36,9,1020.1812,-88.5092,-0.6259,3,0.0750,1.0000,8,4,4,0,0,4,4,0.0000
4,108.0000,36,11,743.8738,-86.6317,-0.4129,8,0.2000,1.0000,8,7,6,0,0,7,6,0.1429
4,108.0000,36,12,659.6004,-85.1863,-0.2009,14,0.3500,1.0000,8,8,8,0,0,8,8,0.0000
4,108.0000,36,13,374.3326,-78.9039,-0.8420,20,0.5000,0.6667,6,6,4,0,0,6,4,0.3333
4,108.0000,36,14,375.2739,-81.5689,-0.0234,22,0.5500,0.8571,7,7,5,0,0,7,5,0.2857
4,108.0000,36,15,177.3172,-71.0083,-0.9534,30,0.7500,0.5000,6,5,1,0,0,5,1,0.8000
4,108.0000,36,17,665.5045,-84.5782,-0.1093,10,0.2500,1.0000,8,8,8,0,0,8,8,0.0000
4,108.0000,36,19,371.1448,-80.4383,-0.1715,17,0.4250,0.8750,8,7,6,0,0,7,6,0.1429
4,108.0000,36,20,600.7697,-85.3261,-0.3389,12,0.3000,0.8571,7,8,7,0,0,8,7,0.1250
4,108.0000,36,21,646.4621,-85.5560,-1.6056,9,0.2250,1.0000,8,8,8,0,0,8,8,0.0000
4,108.0000,36,24,119.1763,-74.6880,2.1206,28,0.7000,0.5000,6,5,1,0,0,5,1,0.8000
4,108.0000,36,25,663.5219,-84.8724,-0.0840,10,0.2500,0.8750,8,8,6,0,0,8,6,0.2500
4,108.0000,36,26,934.2588,-88.0978,1.6021,3,0.0750,0.7500,4,4,4,0,0,4,4,0.0000
4,108.0000,36,27,401.9736,-81.2152,-0.4341,14,0.3500,0.6250,8,7,6,0,0,7,6,0.1429
4,108.0000,36,28,963.5376,-88.7983,0.1142,3,0.0750,1.0000,4,8,8,0,0,8,8,0.0000
4,108.0000,36,30,801.8707,-85.9746,-0.1706,8,0.2000,0.8571,7,8,8,0,0,8,8,0.0000
4,108.0000,36,31,355.6744,-79.3655,-0.4060,25,0.6250,0.2000,5,8,8,0,0,8,8,0.0000
4,108.0000,36,33,435.5531,-82.2932,-1.0033,12,0.3000,0.8750,8,7,4,0,0,7,4,0.4286
4,108.0000,36,34,390.0098,-81.0121,-0.2411,18,0.4500,0.3333,6,6,4,0,0,6,4,0.3333
4,108.0000,36,37,901.5679,-87.8201,-0.7455,6,0.1500,,0,5,4,0,0,5,4,0.2000
4,108.0000,36,40,630.0444,-85.3166,-0.5560,12,0.3000,1.0000,8,8,8,0,0,8,8,0.0000
4,108.0000,36,42,304.6479,-79.3716,0.3284,27,0.6750,0.7143,7,6,4,0,0,6,4,0.3333
4,108.0000,36,44,901.2061,-86.5286,-0.3497,6,0.1500,1.0000,8,2,2,0,0,2,2,0.0000
4,108.0000,36,45,681.8338,-87.9530,-1.5176,6,0.1500,1.0000,8,8,7,0,0,8,7,0.1250
4,108.0000,36,46,231.7652,-72.7579,-1.9140,34,0.8500,0.5000,6,4,0,0,0,4,0,1.0000
4,108.0000,37,0,443.7109,-82.3304,-0.1987,21,0.5250,0.6667,6,8,7,0,0,8,7,0.1250
4,108.0000,37,3,258.3162,-75.3986,-1.4247,32,0.8000,0.2000,5,5,2,0,0,5,2,0.6000
4,108.0000,37,5,320.3006,-81.6783,0.9275,18,0.4500,0.8000,10,5,2,0,0,5,2,0.6000
4,108.0000,37,6,94.4757,-70.4872,0.4414,38,0.9500,0.0000,3,4,0,0,0,4,0,1.0000
4,108.0000,37,7,639.4042,-85.1855,0.0868,11,0.2750,1.0000,8,7,6,0,0,7,6,0.1429
4,108.0000,37,12,929.3083,-87.7588,-0.8077,5,0.1250,0.8750,8,8,8,0,0,8,8,0.0000
4,108.0000,37,16,700.2144,-85.3953,-0.2581,14,0.3500,1.0000,8,8,8,0,0,8,8,0.0000
4,108.0000,37,19,607.6540,-84.8671,0.8883,4,0.1000,0.8571,7,7,6,0,0,7,6,0.1429
4,108.0000,37,22,449.0152,-83.1630,0.0764,28,0.7000,0.7500,8,8,6,0,0,8,6,0.2500
4,108.0000,37,23,745.7055,-86.6501,0.0047,8,0.2000,0.8750,8,6,6,0,0,6,6,0.0000
4,108.0000,37,26,728.9670,-86.2149,0.2383,10,0.2500,1.0000,10,6,6,0,0,6,6,0.0000
4,108.0000,37,29,783.1405,-86.2227,-0.6498,7,0.1750,1.0000,8,8,8,0,0,8,8,0.0000
4,108.0000,37,33,845.9431,-86.5226,-0.1318,4,0.1000,1.0000,8,8,8,0,0,8,8,0.0000
4,108.0000,37,38,684.3103,-86.3693,0.1611,11,0.2750,1.0000,8,8,8,0,0,8,8,0.0000
4,108.0000,37,41,787.1418,-86.5185,-0.8589,10,0.2500,1.0000,8,8,8,0,0,8,8,0.0000
4,108.0000,37,43,861.0141,-87.6725,0.1880,8,0.2000,1.0000,8,8,8,0,0,8,8,0.0000
4,108.0000,37,47,923.1691,-87.1540,-0.2605,6,0.1500,1.0000,6,4,4,0,0,4,4,0.0000
4,108.0000,38,0,536.7847,-83.5592,-0.5695,26,0.6500,0.4000,5,8,6,0,0,8,6,0.2500
4,108.0000,38,3,547.8399,-85.0517,0.2566,17,0.4250,0.8571,7,8,8,0,0,8,8,0.0000
4,108.0000,38,5,842.7601,-88.5505,1.2226,3,0.0750,0.8571,7,8,8,0,0,8,8,0.0000
4,108.0000,38,6,724.5575,-85.9245,-0.1373,9,0.2250,0.8571,7,7,5,0,0,7,5,0.2857
4,108.0000,38,7,146.8222,-73.1143,-0.0780,34,0.8500,0.0000,4,4,0,0,0,4,0,1.0000
4,108.0000,38,10,310.8041,-77.6746,-0.9997,34,0.8500,0.0000,4,6,2,0,0,6,2,0.6667
4,108.0000,38,12,505.8085,-83.6904,0.7046,11,0.2750,0.4000,5,8,8,0,0,8,8,0.0000
4,108.0000,38,14,819.6284,-88.1115,0.3686,3,0.0750,1.0000,8,8,8,0,0,8,8,0.0000
4,108.0000,38,16,344.6118,-78.2928,-1.3261,35,0.8750,0.0000,4,6,3,0,0,6,3,0.5000
4,108.0000,38,22,657.8688,-85.1004,0.0615,18,0.4500,1.0000,8,8,7,0,0,8,7,0.1250
4,108.0000,38,23,292.1671,-80.2856,0.2549,32,0.8000,0.7143,7,5,1,0,0,5,1,0.8000
4,108.0000,38,24,859.5659,-85.1346,0.1291,3,0.0750,1.0000,8,8,8,0,0,8,8,0.0000
4,108.0000,38,26,76.4584,-70.0796,2.4966,32,0.8000,0.2000,5,4,0,0,0,4,0,1.0000
4,108.0000,38,29,186.5148,-75.9426,0.4368,31,0.7750,0.0000,4,5,1,0,0,5,1,0.8000
4,108.0000,38,34,744.5851,-86.8289,-0.3622,5,0.1250,1.0000,8,8,7,0,0,8,7,0.1250
4,108.0000,38,37,684.3103,-86.2484,-0.8093,15,0.3750,0.8571,7,8,8,0,0,8,8,0.0000
4,108.0000,38,41,140.8242,-71.2607,0.0875,35,0.8750,0.0000,4,5,1,0,0,5,1,0.8000
4,108.0000,38,43,489.6066,-81.3565,-1.0611,29,0.7250,0.5000,6,7,5,0,0,7,5,0.2857
4,108.0000,38,47,356.7719,-81.0155,-0.7213,35,0.8750,0.2000,5,6,2,0,0,6,2,0.6667
4,108.0000,39,2,611.2634,-85.3305,0.0714,7,0.1750,1.0000,8,8,8,0,0,8,8,0.0000
4,108.0000,39,9,370.0781,-80.0917,-0.1215,23,0.5750,0.5000,6,8,7,0,0,8,7,0.1250
4,108.0000,39,11,423.2354,-82.1572,0.1242,18,0.4500,0.7143,7,7,6,0,0,7,6,0.1429
4,108.0000,39,17,601.1623,-86.1213,1.1906,7,0.1750,1.0000,8,7,6,0,0,7,6,0.1429
4,108.0000,39,18,343.4383,-79.2291,-0.6996,24,0.6000,0.7500,8,6,4,0,0,6,4,0.3333
4,108.0000,39,25,494.6975,-83.0952,0.5988,9,0.2250,0.8750,8,8,8,0,0,8,8,0.0000
4,108.0000,39,28,632.9018,-85.1480,-2.1238,6,0.1500,1.0000,8,6,4,0,0,6,4,0.3333
4,108.0000,39,30,912.3656,-87.9039,1.4158,3,0.0750,1.0000,8,8,8,0,0,8,8,0.0000
4,108.0000,39,32,551.1675,-83.0154,-1.1083,17,0.4250,0.8750,8,8,8,0,0,8,8,0.0000
4,108.0000,39,35,830.1046,-85.9640,0.6335,8,0.2000,1.0000,8,5,4,0,0,5,4,0.2000
4,108.0000,39,40,687.2516,-84.7156,-0.7625,9,0.2250,1.0000,8,8,8,0,0,8,8,0.0000
4,108.0000,39,44,670.6676,-85.2360,0.5826,7,0.1750,0.6667,6,8,7,0,0,8,7,0.1250
4,108.0000,39,45,623.1321,-85.4706,0.1563,8,0.2000,1.0000,8,7,5,0,0,7,5,0.2857
4,108.0000,40,1,1037.1237,-88.1240,0.0579,4,0.1000,,0,4,4,0,0,4,4,0.0000
4,108.0000,40,2,654.9467,-85.8049,-0.7905,9,0.2250,1.0000,8,8,8,0,0,8,8,0.0000
4,108.0000,40,4,464.3075,-82.4433,0.0418,11,0.2750,1.0000,8,7,6,0,0,7,6,0.1429
4,108.0000,40,8,571.9849,-84.5194,0.8308,10,0.2500,0.8571,7,5,2,0,0,5,2,0.6000
4,108.0000,40,9,630.7673,-87.1492,-0.1711,10,0.2500,1.0000,8,8,8,0,0,8,8,0.0000
4,108.0000,40,11,447.5366,-81.9172,-0.7806,21,0.5250,0.8571,7,6,4,0,0,6,4,0.3333
4,108.0000,40,12,1022.8275,-87.8373,0.8240,3,0.0750,1.0000,8,2,2,0,0,2,2,0.0000
4,108.0000,40,13,400.6052,-81.8134,1.0375,13,0.3250,1.0000,18,7,5,0,0,7,5,0.2857
4,108.0000,40,14,744.4419,-88.8832,0.6158,4,0.1000,1.0000,8,6,6,0,0,6,6,0.0000
4,108.0000,40,15,481.1890,-84.1575,0.2397,8,0.2000,0.7500,8,7,6,0,0,7,6,0.1429
4,108.0000,40,17,146.6254,-70.5033,-0.2541,34,0.8500,0.2000,5,5,1,0,0,5,1,0.8000
4,108.0000,40,18,758.9511,-86.2420,-0.4825,11,0.2750,0.8750,8,8,7,0,0,8,7,0.1250
4,108.0000,40,19,922.2715,-88.6355,-0.5592,4,0.1000,1.0000,8,6,6,0,0,6,6,0.0000
4,108.0000,40,20,890.6625,-87.3738,-0.9604,3,0.0750,1.0000,8,8,8,0,0,8,8,0.0000
4,108.0000,40,21,617.8990,-84.3832,0.5933,10,0.2500,0.8571,7,7,6,0,0,7,6,0.1429
4,108.0000,40,24,679.8310,-86.4068,1.0137,5,0.1250,1.0000,8,8,8,0,0,8,8,0.0000
4,108.0000,40,25,315.3322,-79.0014,0.4204,26,0.6500,0.5000,6,7,4,0,0,7,4,0.4286
4,108.0000,40,27,560.2623,-85.1485,0.0871,11,0.2750,0.9868,151,7,5,143,139,150,144,0.0400
4,108.0000,40,28,798.4088,-87.0328,-0.1734,9,0.2250,0.8571,7,8,8,0,0,8,8,0.0000
4,108.0000,40,30,808.1610,-86.7493,0.1226,7,0.1750,1.0000,8,8,8,0,0,8,8,0.0000
4,108.0000,40,31,544.9567,-84.3641,0.2715,11,0.2750,0.9000,10,8,8,0,0,8,8,0.0000
4,108.0000,40,32,717.3790,-85.8003,-0.2568,12,0.3000,1.0000,8,8,8,0,0,8,8,0.0000
4,108.0000,40,33,764.6401,-85.8072,0.1986,5,0.1250,1.0000,8,8,8,0,0,8,8,0.0000
4,108.0000,40,34,760.5816,-87.0901,-0.1550,6,0.1500,0.8750,8,8,7,0,0,8,7,0.1250
4,108.0000,40,36,630.0444,-86.1848,-0.0046,7,0.1750,1.0000,8,8,8,0,0,8,8,0.0000
4,108.0000,40,39,687.2516,-85.7956,-0.7809,12,0.3000,0.8000,10,6,6,0,0,6,6,0.0000
4,108.0000,40,42,489.0993,-83.7653,1.5461,9,0.2250,0.6667,6,8,8,0,0,8,8,0.0000
4,108.0000,40,44,764.2514,-87.4750,0.3805,8,0.2000,1.0000,8,6,6,0,0,6,6,0.0000
4,108.0000,40,45,373.5884,-80.3307,-0.4490,22,0.5500,0.6154,13,8,8,0,0,8,8,0.0000
4,108.0000,40,46,441.1009,-82.5374,1.5421,13,0.3250,1.0000,8,5,2,0,0,5,2,0.6000
4,108.0000,41,0,629.4787,-84.8677,-0.6887,21,0.5250,0.8571,7,8,8,0,0,8,8,0.0000
4,108.0000,41,3,619.8424,-85.2273,-0.6059,12,0.3000,1.0000,8,8,7,0,0,8,7,0.1250
4,108.0000,41,5,916.3098,-87.4768,0.2227,5,0.1250,1.0000,8,4,4,0,0,4,4,0.0000
4,108.0000,41,6,836.8429,-87.6935,0.0103,8,0.2000,1.0000,6,8,8,0,0,8,8,0.0000
4,108.0000,41,7,273.3996,-77.3547,-0.4338,38,0.9500,0.2000,5,7,3,0,0,7,3,0.5714
4,108.0000,41,10,311.2623,-79.1546,-0.8593,36,0.9000,0.0000,4,5,2,0,0,5,2,0.6000
4,108.0000,41,12,444.9031,-84.3361,0.0231,17,0.4250,1.0000,8,5,1,0,0,5,1,0.8000
4,108.0000,41,14,804.0175,-86.0195,-0.5009,5,0.1250,1.0000,8,8,8,0,0,8,8,0.0000
4,108.0000,41,16,433.3207,-81.0929,-0.3179,31,0.7750,0.6667,6,5,1,0,0,5,1,0.8000
4,108.0000,41,22,720.5276,-85.0551,0.3232,11,0.2750,0.6667,6,8,8,0,0,8,8,0.0000
4,108.0000,41,23,239.7406,-77.4565,0.6655,35,0.8750,0.0000,4,4,0,0,0,4,0,1.0000
4,108.0000,41,24,866.3795,-87.3840,0.5815,3,0.0750,1.0000,8,8,8,0,0,8,8,0.0000
4,108.0000,41,26,118.7359,-72.3875,1.7800,36,0.9000,0.2000,5,4,0,0,0,4,0,1.0000
4,108.0000,41,29,240.0506,-77.6335,0.9946,35,0.8750,0.1667,6,4,1,0,0,4,1,0.7500
4,108.0000,41,31,939.7804,-87.8469,-0.1020,3,0.0750,1.0000,8,8,8,0,0,8,8,0.0000
4,108.0000,41,34,718.9259,-85.7657,-0.2826,5,0.1250,1.0000,8,8,8,0,0,8,8,0.0000
4,108.0000,41,37,787.1418,-86.3478,-0.1571,12,0.3000,1.0000,8,8,8,0,0,8,8,0.0000
4,108.0000,41,38,140.8242,-71.7158,-0.8582,38,0.9500,0.2000,5,5,1,0,0,5,1,0.8000
4,108.0000,41,42,950.6253,-88.9480,-1.2461,3,0.0750,1.0000,8,2,2,0,0,2,2,0.0000
4,108.0000,41,43,511.7371,-82.8573,-0.9880,31,0.7750,0.3333,6,7,5,0,0,7,5,0.2857
4,108.0000,41,47,387.6229,-82.0504,0.4137,34,0.8500,0.2000,5,4,0,0,0,4,0,1.0000
4,108.0000,42,3,804.7526,-86.7495,1.3227,5,0.1250,1.0000,8,4,4,0,0,4,4,0.0000
4,108.0000,42,4,527.0909,-83.7187,-0.7857,7,0.1750,0.6667,6,8,6,0,0,8,6,0.2500
4,108.0000,42,5,829.1234,-87.7814,0.5025,5,0.1250,1.0000,8,8,8,0,0,8,8,0.0000
4,108.0000,42,6,1086.3623,-88.6679,-0.6032,3,0.0750,1.0000,4,4,4,0,0,4,4,0.0000
4,108.0000,42,7,985.0332,-88.0679,0.7397,3,0.0750,1.0000,4,4,4,0,0,4,4,0.0000
4,108.0000,42,8,415.5104,-83.2760,0.3887,9,0.2250,0.5714,7,8,7,0,0,8,7,0.1250
4,108.0000,42,11,783.7512,-86.7518,0.2238,4,0.1000,1.0000,8,5,4,0,0,5,4,0.2000
4,108.0000,42,12,583.6092,-83.6122,0.1950,13,0.3250,1.0000,8,7,5,0,0,7,5,0.2857
4,108.0000,42,13,466.9185,-83.0995,0.5003,10,0.2500,0.5714,7,6,4,0,0,6,4,0.3333
4,108.0000,42,14,390.5614,-80.4928,-0.1934,23,0.5750,0.6667,6,6,3,0,0,6,3,0.5000
4,108.0000,42,15,296.6019,-78.6808,-0.0513,28,0.7000,0.7143,7,6,4,0,0,6,4,0.3333
4,108.0000,42,17,566.0772,-84.4382,1.4049,6,0.1500,1.0000,8,8,8,0,0,8,8,0.0000
4,108.0000,42,19,571.1931,-83.8265,-1.1822,9,0.2250,1.0000,8,8,8,0,0,8,8,0.0000
4,108.0000,42,20,737.4121,-86.7126,1.7072,3,0.0750,1.0000,8,7,5,0,0,7,5,0.2857
4,108.0000,42,21,653.6196,-86.0192,0.5416,5,0.1250,1.0000,8,8,8,0,0,8,8,0.0000
4,108.0000,42,24,272.5477,-77.4207,0.3235,30,0.7500,0.2000,5,7,3,0,0,7,3,0.5714
4,108.0000,42,25,666.3777,-88.3255,-1.9614,4,0.1000,1.0000,8,8,8,0,0,8,8,0.0000
4,108.0000,42,26,938.5714,-87.7721,0.3187,5,0.1250,1.0000,10,4,4,0,0,4,4,0.0000
4,108.0000,42,27,451.1812,-83.3002,0.5486,10,0.2500,0.7778,9,8,6,0,0,8,6,0.2500
4,108.0000,42,31,253.9755,-77.3985,-0.2281,35,0.8750,0.6667,6,4,0,0,0,4,0,1.0000
4,108.0000,42,32,1003.2510,-87.4456,-0.1478,3,0.0750,,0,6,6,0,0,6,6,0.0000
4,108.0000,42,33,536.6687,-82.6013,-0.3957,15,0.3750,1.0000,8,7,6,0,0,7,6,0.1429
4,108.0000,42,34,349.0452,-78.9210,-0.9246,34,0.8500,0.8571,7,7,4,0,0,7,4,0.4286
4,108.0000,42,36,304.6479,-79.5370,0.6397,27,0.6750,0.4000,5,6,3,0,0,6,3,0.5000
4,108.0000,42,40,489.0993,-84.6004,0.8668,10,0.2500,0.7143,7,6,4,0,0,6,4,0.3333
4,108.0000,42,41,950.6253,-87.7021,1.2716,3,0.0750,1.0000,2,4,4,0,0,4,4,0.0000
4,108.0000,42,45,651.2528,-85.0485,0.1824,4,0.1000,1.0000,8,8,8,0,0,8,8,0.0000
4,108.0000,42,46,256.7505,-77.3177,-0.2545,32,0.8000,0.2000,5,6,4,0,0,6,4,0.3333
4,108.0000,43,0,456.4445,-82.0733,-0.4535,25,0.6250,0.5000,6,7,5,0,0,7,5,0.2857
4,108.0000,43,3,819.5895,-86.3435,-0.7280,6,0.1500,1.0000,8,8,8,0,0,8,8,0.0000
4,108.0000,43,6,904.9000,-87.4630,-0.5542,4,0.1000,1.0000,8,8,8,0,0,8,8,0.0000
4,108.0000,43,7,580.0617,-83.5622,-0.4315,21,0.5250,0.2000,5,8,8,0,0,8,8,0.0000
4,108.0000,43,10,444.0809,-83.0955,-0.2811,27,0.6750,0.7143,7,6,2,0,0,6,2,0.6667
4,108.0000,43,12,952.3529,-88.1111,-0.0614,4,0.1000,1.0000,8,8,8,0,0,8,8,0.0000
4,108.0000,43,16,259.9671,-78.3308,0.2205,31,0.7750,0.2000,5,5,1,0,0,5,1,0.8000
4,108.0000,43,22,576.7013,-84.4076,-1.0459,19,0.4750,0.8750,8,7,6,0,0,7,6,0.1429
4,108.0000,43,23,406.1330,-79.2757,-0.3313,32,0.8000,0.0000,4,6,2,0,0,6,2,0.6667
4,108.0000,43,26,552.1146,-84.5572,0.3092,16,0.4000,0.8000,20,7,6,0,0,7,6,0.1429
4,108.0000,43,29,635.0488,-84.2755,-0.7582,13,0.3250,1.0000,8,6,4,0,0,6,4,0.3333
4,108.0000,43,37,861.0141,-87.2673,-0.7607,8,0.2000,1.0000,8,6,6,0,0,6,6,0.0000
4,108.0000,43,38,489.6066,-82.3147,-1.2585,23,0.5750,0.8571,7,7,5,0,0,7,5,0.2857
4,108.0000,43,41,511.7371,-82.3994,-0.6964,23,0.5750,0.6667,6,7,6,0,0,7,6,0.1429
4,108.0000,43,47,337.8715,-79.3475,0.0157,31,0.7750,0.3333,6,6,4,0,0,6,4,0.3333
4,108.0000,44,1,859.2245,-88.1838,0.4914,6,0.1538,1.0000,4,8,8,0,0,8,8,0.0000
4,108.0000,44,2,235.2833,-76.1690,0.1296,33,0.8462,0.4000,5,6,2,0,0,6,2,0.6667
4,108.0000,44,4,508.4933,-84.8159,0.6737,9,0.2308,0.4000,5,6,4,0,0,6,4,0.3333
4,108.0000,44,8,694.4377,-85.9878,-1.9073,5,0.1282,0.7500,8,8,8,0,0,8,8,0.0000
4,108.0000,44,9,366.1316,-82.6484,1.1282,18,0.4615,0.6667,9,6,3,0,0,6,3,0.5000
4,108.0000,44,11,472.9522,-82.0085,0.2129,16,0.4103,0.4000,5,6,4,0,0,6,4,0.3333
4,108.0000,44,13,623.6063,-86.2128,-1.1013,7,0.1795,1.0000,8,7,6,0,0,7,6,0.1429
4,108.0000,44,15,828.5452,-87.8774,-0.6845,4,0.1026,1.0000,6,8,8,0,0,8,8,0.0000
4,108.0000,44,17,628.4193,-85.3430,-0.7747,9,0.2308,0.8571,7,8,7,0,0,8,7,0.1250
4,108.0000,44,18,389.6544,-82.4172,0.6370,18,0.4615,1.0000,8,5,1,0,0,5,1,0.8000
4,108.0000,44,20,663.1984,-86.0986,1.0900,8,0.2051,1.0000,8,7,6,0,0,7,6,0.1429
4,108.0000,44,21,480.3435,-81.5469,-0.3996,15,0.3846,0.4000,5,7,6,0,0,7,6,0.1429
4,108.0000,44,24,1011.6278,-88.5401,0.2969,4,0.1026,1.0000,6,2,2,0,0,2,2,0.0000
4,108.0000,44,25,580.1139,-84.9650,-1.0895,9,0.2308,0.6667,6,8,7,0,0,8,7,0.1250
4,108.0000,44,27,611.5216,-84.8992,-0.2762,8,0.2051,1.0000,8,8,8,0,0,8,8,0.0000
4,108.0000,44,28,76.1166,-67.6744,0.9238,34,0.8718,0.2000,5,4,0,0,0,4,0,1.0000
4,108.0000,44,30,278.3662,-78.5388,-0.0430,24,0.6154,0.5000,6,4,0,0,0,4,0,1.0000
4,108.0000,44,31,1100.1173,-88.6118,0.7120,4,0.1026,1.0000,8,6,5,0,0,6,5,0.1667
4,108.0000,44,32,135.7219,-76.1151,2.1768,30,0.7692,0.2000,5,4,0,0,0,4,0,1.0000
4,108.0000,44,33,745.8484,-86.3042,1.0264,5,0.1282,1.0000,10,8,8,0,0,8,8,0.0000
4,108.0000,44,35,386.8896,-81.8750,0.7613,29,0.7436,0.0000,4,5,1,0,0,5,1,0.8000
4,108.0000,44,39,670.6676,-86.6389,0.1871,8,0.2051,0.8571,7,8,8,0,0,8,8,0.0000
4,108.0000,44,40,764.2514,-85.2295,-0.3099,8,0.2051,1.0000,8,7,6,0,0,7,6,0.1429
4,108.0000,44,42,985.0176,-88.4752,-0.6189,3,0.0769,1.0000,4,8,8,0,0,8,8,0.0000
4,108.0000,44,45,415.8627,-81.4161,-0.0058,16,0.4103,0.7143,7,7,6,0,0,7,6,0.1429
4,108.0000,45,1,856.3209,-89.3522,0.0555,3,0.0750,0.8571,7,6,6,0,0,6,6,0.0000
4,108.0000,45,2,298.6751,-79.9289,0.4433,28,0.7000,0.5714,7,5,2,0,0,5,2,0.6000
4,108.0000,45,4,238.9372,-78.6806,0.9682,20,0.5000,0.8571,7,6,4,0,0,6,4,0.3333
4,108.0000,45,5,1144.4341,-89.7405,-0.1537,3,0.0750,,0,4,4,0,0,4,4,0.0000
4,108.0000,45,8,455.8581,-85.1027,-0.0059,8,0.2000,1.0000,8,8,7,0,0,8,7,0.1250
4,108.0000,45,9,377.4984,-81.4703,0.0077,25,0.6250,0.6667,6,6,3,0,0,6,3,0.5000
4,108.0000,45,11,354.0441,-79.6780,-0.2322,24,0.6000,0.5000,6,6,4,0,0,6,4,0.3333
4,108.0000,45,13,404.4605,-81.4717,0.3479,11,0.2750,0.8750,8,8,7,0,0,8,7,0.1250
4,108.0000,45,14,947.1187,-87.4195,-0.2852,4,0.1000,1.0000,6,6,6,0,0,6,6,0.0000
4,108.0000,45,15,576.8583,-85.9553,0.4476,9,0.2250,1.0000,8,8,8,0,0,8,8,0.0000
4,108.0000,45,17,237.8672,-76.6799,-0.0217,31,0.7750,0.0000,4,5,1,0,0,5,1,0.8000
4,108.0000,45,18,544.4696,-84.1098,0.0128,21,0.5250,0.7143,7,5,4,0,0,5,4,0.2000
4,108.0000,45,19,851.6603,-86.2733,1.6621,3,0.0750,1.0000,6,6,6,0,0,6,6,0.0000
4,108.0000,45,20,659.0846,-86.5138,0.2799,5,0.1250,0.8571,7,6,4,0,0,6,4,0.3333
4,108.0000,45,21,335.4640,-80.3771,-0.6702,23,0.5750,0.6667,6,6,4,0,0,6,4,0.3333
4,108.0000,45,25,344.4197,-80.3385,0.1850,23,0.5750,0.5000,6,7,6,0,0,7,6,0.1429
4,108.0000,45,27,408.6044,-82.4667,-1.2063,11,0.2750,1.0000,8,6,4,0,0,6,4,0.3333
4,108.0000,45,28,459.5730,-81.7767,0.1047,21,0.5250,0.5000,6,4,0,0,0,4,0,1.0000
4,108.0000,45,30,457.0768,-82.4672,-0.7460,14,0.3500,0.8571,7,7,5,0,0,7,5,0.2857
4,108.0000,45,31,782.1793,-86.9496,-0.1004,6,0.1500,1.0000,8,8,7,0,0,8,7,0.1250
4,108.0000,45,32,384.3173,-80.7625,-0.0300,26,0.6500,0.4000,5,7,3,0,0,7,3,0.5714
4,108.0000,45,33,616.1507,-85.2427,-2.0438,4,0.1000,0.8750,8,7,6,0,0,7,6,0.1429
4,108.0000,45,35,795.5159,-86.2487,-0.9420,11,0.2750,0.8571,7,6,6,0,0,6,6,0.0000
4,108.0000,45,36,681.8338,-87.7035,1.3872,3,0.0750,0.7143,7,6,4,0,0,6,4,0.3333
4,108.0000,45,39,623.1321,-84.7897,-0.2054,19,0.4750,0.8750,8,7,6,0,0,7,6,0.1429
4,108.0000,45,40,373.5884,-81.1804,-0.1310,19,0.4750,0.5000,14,7,6,0,0,7,6,0.1429
4,108.0000,45,42,651.2528,-85.4534,-2.4426,4,0.1000,1.0000,6,8,8,0,0,8,8,0.0000
4,108.0000,45,44,415.8627,-81.5303,-0.9059,23,0.5750,0.6667,6,5,2,0,0,5,2,0.6000
4,108.0000,45,46,594.9183,-87.2559,1.1762,5,0.1250,0.6667,6,5,2,0,0,5,2,0.6000
4,108.0000,46,1,793.8625,-87.0812,-0.9646,4,0.1000,1.0000,4,6,6,0,0,6,6,0.0000
4,108.0000,46,2,872.1786,-89.1406,0.3042,3,0.0750,1.0000,6,10,10,0,0,10,10,0.0000
4,108.0000,46,3,920.1692,-88.0695,0.4789,3,0.0750,1.0000,4,6,5,0,0,6,5,0.1667
4,108.0000,46,4,529.0551,-83.7292,-0.6642,7,0.1750,0.8571,7,7,6,0,0,7,6,0.1429
4,108.0000,46,8,486.6034,-82.7750,-0.6125,9,0.2250,0.7143,7,7,4,0,0,7,4,0.4286
4,108.0000,46,11,612.5934,-86.9419,-0.8172,10,0.2500,0.6667,6,8,8,0,0,8,8,0.0000
4,108.0000,46,12,698.1792,-83.7978,-1.3806,11,0.2750,0.8571,7,8,8,0,0,8,8,0.0000
4,108.0000,46,13,273.1267,-80.1706,0.6351,16,0.4000,0.8750,8,5,2,0,0,5,2,0.6000
4,108.0000,46,14,357.1757,-79.8939,-0.0949,26,0.6500,0.5000,6,7,5,0,0,7,5,0.2857
4,108.0000,46,15,87.6765,-63.9566,-1.6468,37,0.9250,0.0000,4,5,1,0,0,5,1,0.8000
4,108.0000,46,17,507.3393,-84.0660,-0.1343,11,0.2750,0.8571,7,8,5,0,0,8,5,0.3750
4,108.0000,46,19,595.2417,-82.7854,-1.4792,14,0.3500,0.7500,8,10,10,0,0,10,10,0.0000
4,108.0000,46,20,744.3522,-88.2762,0.6098,3,0.0750,0.8571,7,7,6,0,0,7,6,0.1429
4,108.0000,46,21,671.6195,-87.3624,1.1700,6,0.1500,1.0000,8,6,6,0,0,6,6,0.0000
4,108.0000,46,24,276.0624,-77.1679,-1.0229,26,0.6500,0.2000,5,7,6,0,0,7,6,0.1429
4,108.0000,46,25,501.3165,-83.4220,-0.1851,12,0.3000,0.8750,8,7,5,0,0,7,5,0.2857
4,108.0000,46,27,462.2782,-82.5489,-0.2350,11,0.2750,0.7500,8,8,6,0,0,8,6,0.2500
4,108.0000,46,31,228.1065,-74.8916,-1.3462,35,0.8750,0.3333,6,4,0,0,0,4,0,1.0000
4,108.0000,46,33,582.8863,-85.1375,-1.1747,8,0.2000,0.8571,7,8,8,0,0,8,8,0.0000
4,108.0000,46,34,396.1304,-79.0013,-0.4379,25,0.6250,0.2000,5,8,7,0,0,8,7,0.1250
4,108.0000,46,36,231.7652,-72.8238,-1.9057,34,0.8500,0.4000,5,5,2,0,0,5,2,0.6000
4,108.0000,46,40,441.1009,-82.4115,-0.0795,14,0.3500,0.7500,8,7,5,0,0,7,5,0.2857
4,108.0000,46,42,256.7505,-77.2662,-0.4102,26,0.6500,0.0000,4,5,2,0,0,5,2,0.6000
4,108.0000,46,44,879.4735,-88.8991,-0.4359,4,0.1000,1.0000,6,4,4,0,0,4,4,0.0000
4,108.0000,46,45,594.9183,-85.5957,0.9879,7,0.1750,1.0000,8,7,6,0,0,7,6,0.1429
4,108.0000,47,0,622.7313,-83.8207,0.2843,11,0.2683,0.8571,7,7,5,0,0,7,5,0.2857
4,108.0000,47,7,411.1152,-82.0193,0.3725,21,0.5122,0.7143,7,6,4,0,0,6,4,0.3333
4,108.0000,47,10,141.7748,-75.7151,1.2108,37,0.9024,0.0000,4,4,0,0,0,4,0,1.0000
4,108.0000,47,16,264.1984,-78.4050,1.2002,31,0.7561,0.4000,5,5,2,0,0,5,2,0.6000
4,108.0000,47,22,792.6413,-87.0898,0.9818,7,0.1707,1.0000,8,7,6,0,0,7,6,0.1429
4,108.0000,47,23,462.9194,-82.6638,-0.6127,14,0.3415,0.3333,6,8,7,0,0,8,7,0.1250
4,108.0000,47,26,391.3240,-82.9481,0.5832,17,0.4146,0.8571,7,6,3,0,0,6,3,0.5000
4,108.0000,47,29,406.2422,-82.4331,0.8876,12,0.2927,0.6667,6,5,2,0,0,5,2,0.6000
4,108.0000,47,38,356.7719,-80.2598,-1.2032,25,0.6098,0.2000,5,7,4,0,0,7,4,0.4286
4,108.0000,47,41,387.6229,-81.6091,-0.4977,22,0.5366,0.4000,5,5,2,0,0,5,2,0.6000
4,108.0000,47,43,337.8715,-80.7579,-0.4286,31,0.7561,0.0000,4,7,5,0,0,7,5,0.2857
4,112.0000,0,3,613.3570,-84.4299,0.1836,9,0.2250,0.8571,7,8,8,0,0,8,8,0.0000
4,112.0000,0,5,657.0144,-86.4610,0.0064,5,0.1250,0.8571,7,8,8,0,0,8,8,0.0000
4,112.0000,0,6,553.3552,-84.5951,-0.5871,11,0.2750,0.6667,6,8,7,0,0,8,7,0.1250
4,112.0000,0,7,566.8760,-83.5261,0.0484,15,0.3750,0.7143,7,7,6,0,0,7,6,0.1429
4,112.0000,0,10,729.7947,-86.0901,-0.6069,6,0.1500,1.0000,8,7,6,0,0,7,6,0.1429
4,112.0000,0,16,440.9486,-81.8984,0.1932,25,0.6250,0.5000,6,7,5,0,0,7,5,0.2857
4,112.0000,0,22,270.4511,-77.3421,-0.3142,30,0.7500,0.0000,4,4,0,0,0,4,0,1.0000
4,112.0000,0,23,677.6316,-84.4517,-0.7936,13,0.3250,1.0000,8,8,8,0,0,8,8,0.0000
4,112.0000,0,26,806.7486,-86.4123,-0.5549,5,0.1250,1.0000,8,8,8,0,0,8,8,0.0000
4,112.0000,0,29,763.1601,-86.1566,0.3072,6,0.1500,1.0000,8,8,8,0,0,8,8,0.0000
4,112.0000,0,37,511.5316,-82.7020,0.2330,17,0.4250,0.8750,8,7,6,0,0,7,6,0.1429
4,112.0000,0,38,639.2654,-84.8415,-0.3305,9,0.2250,1.0000,8,8,8,0,0,8,8,0.0000
4,112.0000,0,41,766.1421,-86.0448,-1.6195,10,0.2500,1.0000,8,8,8,0,0,8,8,0.0000
4,112.0000,0,43,431.8445,-83.0197,0.2183,20,0.5000,0.6250,8,5,2,0,0,5,2,0.6000
4,112.0000,0,47,668.8811,-86.2799,-0.2596,11,0.2750,1.0000,8,8,7,0,0,8,7,0.1250
4,112.0000,1,2,1036.8531,-89.0596,0.0813,4,0.1000,1.0000,8,4,4,0,0,4,4,0.0000
4,112.0000,1,3,593.6754,-85.3493,0.0413,13,0.3250,1.0000,8,7,5,0,0,7,5,0.2857
4,112.0000,1,4,653.0765,-84.5833,-0.6071,8,0.2000,0.8571,7,7,6,0,0,7,6,0.1429
4,112.0000,1,5,435.2821,-81.3006,-0.1370,21,0.5250,0.6667,6,8,8,0,0,8,8,0.0000
4,112.0000,1,6,592.9658,-85.3586,1.1353,12,0.3000,1.0000,8,7,5,0,0,7,5,0.2857
4,112.0000,1,8,596.8071,-83.7686,0.4508,8,0.2000,1.0000,8,8,8,0,0,8,8,0.0000
4,112.0000,1,11,1074.7683,-88.9429,-0.1345,3,0.0750,1.0000,4,6,6,0,0,6,6,0.0000
4,112.0000,1,12,1100.2820,-88.3473,0.3792,3,0.0750,1.0000,4,6,6,0,0,6,6,0.0000
4,112.0000,1,13,799.7727,-86.1785,0.2548,4,0.1000,1.0000,8,8,8,0,0,8,8,0.0000
4,112.0000,1,14,915.7264,-88.5730,-0.3110,3,0.0750,1.0000,8,8,8,0,0,8,8,0.0000
4,112.0000,1,15,696.8560,-86.5458,0.0460,5,0.1250,1.0000,8,8,8,0,0,8,8,0.0000
4,112.0000,1,19,169.2768,-76.6779,1.3669,29,0.7250,0.7143,7,4,0,0,0,4,0,1.0000
4,112.0000,1,20,297.0851,-77.7038,-0.6558,21,0.5250,0.7143,7,8,6,0,0,8,6,0.2500
4,112.0000,1,21,547.3932,-85.1809,0.3462,9,0.2250,1.0000,8,7,6,0,0,7,6,0.1429
4,112.0000,1,22,945.5537,-86.9475,-0.3665,4,0.1000,1.0000,8,8,8,0,0,8,8,0.0000
4,112.0000,1,24,498.6005,-85.2363,0.6045,8,0.2000,1.0000,8,8,8,0,0,8,8,0.0000
4,112.0000,1,25,971.6292,-87.5332,0.3181,3,0.0750,1.0000,4,6,6,0,0,6,6,0.0000
4,112.0000,1,27,473.5211,-82.8259,0.1958,10,0.2500,0.8750,8,8,7,0,0,8,7,0.1250
4,112.0000,1,30,749.6899,-84.6180,0.8823,5,0.1250,0.8571,7,8,8,0,0,8,8,0.0000
4,112.0000,1,31,871.9524,-87.1304,-0.5066,4,0.1000,1.0000,8,8,8,0,0,8,8,0.0000
4,112.0000,1,33,264.1678,-78.2486,0.3568,21,0.5250,0.0000,4,5,1,0,0,5,1,0.8000
4,112.0000,1,36,476.0585,-83.1509,-0.0418,11,0.2750,1.0000,8,6,4,0,0,6,4,0.3333
4,112.0000,1,37,596.1571,-85.4339,-0.2580,10,0.2500,1.0000,8,8,8,0,0,8,8,0.0000
4,112.0000,1,42,777.8649,-86.2978,-0.1124,5,0.1250,1.0000,8,6,6,0,0,6,6,0.0000
4,112.0000,1,44,984.3685,-88.4177,-0.1087,5,0.1250,1.0000,6,4,4,0,0,4,4,0.0000
4,112.0000,1,45,788.8084,-86.5381,-0.5049,4,0.1000,1.0000,8,8,8,0,0,8,8,0.0000
4,112.0000,1,46,852.5182,-88.9125,0.1158,5,0.1250,1.0000,8,6,6,0,0,6,6,0.0000
4,112.0000,2,1,1036.8531,-88.3273,-0.0373,3,0.0750,1.0000,8,8,8,0,0,8,8,0.0000
4,112.0000,2,4,436.5207,-82.9739,0.1280,15,0.3750,0.6667,6,7,5,0,0,7,5,0.2857
4,112.0000,2,8,661.7133,-85.8849,-0.8449,14,0.3500,0.8571,7,7,5,0,0,7,5,0.2857
4,112.0000,2,9,69.0457,-71.8474,2.9246,39,0.9750,0.3333,6,4,0,0,0,4,0,1.0000
4,112.0000,2,11,442.0845,-83.8220,0.0579,19,0.4750,0.8571,7,6,3,0,0,6,3,0.5000
4,112.0000,2,13,652.7687,-85.9508,-0.3512,8,0.2000,0.8571,7,8,8,0,0,8,8,0.0000
4,112.0000,2,14,1145.9663,-89.0120,0.0802,3,0.0750,,0,8,8,0,0,8,8,0.0000
4,112.0000,2,15,737.1494,-87.6321,0.0383,7,0.1750,1.0000,8,8,8,0,0,8,8,0.0000
4,112.0000,2,17,476.9111,-83.3282,0.0928,14,0.3500,0.8750,8,7,5,0,0,7,5,0.2857
4,112.0000,2,18,351.3568,-81.5570,0.8312,28,0.7000,0.6250,8,6,3,0,0,6,3,0.5000
4,112.0000,2,19,1103.7639,-89.6048,-0.4477,3,0.0750,1.0000,2,4,4,0,0,4,4,0.0000
4,112.0000,2,20,750.8311,-87.1299,0.3903,11,0.2750,1.0000,8,6,5,0,0,6,5,0.1667
4,112.0000,2,21,562.9308,-83.8751,-1.1989,18,0.4500,0.8571,7,8,8,0,0,8,8,0.0000
4,112.0000,2,24,970.2755,-88.2379,0.2186,7,0.1750,1.0000,8,8,8,0,0,8,8,0.0000
4,112.0000,2,25,529.4877,-84.5826,0.1904,14,0.3500,0.8750,8,7,6,0,0,7,6,0.1429
4,112.0000,2,27,701.4475,-87.0928,-0.0251,14,0.3500,0.8000,5,7,6,0,0,7,6,0.1429
4,112.0000,2,28,352.6542,-79.2825,-0.6922,31,0.7750,0.4000,5,7,6,0,0,7,6,0.1429
4,112.0000,2,30,434.9854,-80.9748,-0.0480,20,0.5000,0.4000,5,7,5,0,0,7,5,0.2857
4,112.0000,2,31,1035.2352,-89.4664,0.3411,3,0.0750,0.8571,7,8,8,0,0,8,8,0.0000
4,112.0000,2,32,259.1668,-75.0895,-0.7617,31,0.7750,0.4000,5,5,2,0,0,5,2,0.6000
4,112.0000,2,33,815.0293,-86.9652,-0.5324,10,0.2500,1.0000,8,8,8,0,0,8,8,0.0000
4,112.0000,2,35,689.3450,-85.1784,0.1674,21,0.5250,0.6667,6,8,8,0,0,8,8,0.0000
4,112.0000,2,36,988.9203,-88.0054,-0.3401,7,0.1750,1.0000,8,2,2,0,0,2,2,0.0000
4,112.0000,2,39,485.0675,-84.4704,0.9380,20,0.5000,1.0000,8,8,5,0,0,8,5,0.3750
4,112.0000,2,40,649.8154,-87.5620,0.5113,11,0.2750,1.0000,8,8,8,0,0,8,8,0.0000
4,112.0000,2,42,871.1551,-88.2093,0.0825,3,0.0750,1.0000,8,8,8,0,0,8,8,0.0000
4,112.0000,2,44,306.3158,-78.2529,-0.6807,30,0.7500,0.5000,6,4,0,0,0,4,0,1.0000
4,112.0000,2,45,348.5313,-80.0568,-0.2762,20,0.5000,0.0000,4,7,5,0,0,7,5,0.2857
4,112.0000,2,46,798.1860,-87.6702,0.9904,7,0.1750,1.0000,8,7,6,0,0,7,6,0.1429
4,112.0000,3,0,613.3570,-84.1306,0.4862,16,0.4000,0.8571,7,8,8,0,0,8,8,0.0000
4,112.0000,3,1,593.6754,-85.2146,0.7542,7,0.1750,1.0000,8,8,8,0,0,8,8,0.0000
4,112.0000,3,5,331.5685,-79.7670,-0.4234,27,0.6750,0.2000,5,5,2,0,0,5,2,0.6000
4,112.0000,3,6,316.4497,-80.5107,0.4822,29,0.7250,0.2000,5,6,4,0,0,6,4,0.3333
4,112.0000,3,7,448.6400,-83.2850,0.2569,16,0.4000,0.6667,6,6,3,0,0,6,3,0.5000
4,112.0000,3,10,857.2282,-86.7813,0.0960,5,0.1250,0.8000,5,8,8,0,0,8,8,0.0000
4,112.0000,3,12,665.1194,-85.9556,0.3138,8,0.2000,1.0000,8,8,7,0,0,8,7,0.1250
4,112.0000,3,14,799.5668,-87.0577,-0.4437,6,0.1500,1.0000,8,8,8,0,0,8,8,0.0000
4,112.0000,3,15,881.8761,-87.7063,-0.2421,5,0.1250,1.0000,8,8,8,0,0,8,8,0.0000
4,112.0000,3,16,793.3368,-85.5607,-0.2117,10,0.2500,1.0000,8,4,4,0,0,4,4,0.0000
4,112.0000,3,19,441.7942,-82.7672,-0.5258,13,0.3250,0.8750,8,8,7,0,0,8,7,0.1250
4,112.0000,3,20,801.6321,-87.6084,-0.9117,6,0.1500,1.0000,8,8,8,0,0,8,8,0.0000
4,112.0000,3,22,527.1099,-84.3869,0.0611,18,0.4500,1.0000,8,7,6,0,0,7,6,0.1429
4,112.0000,3,23,572.4356,-84.8123,-0.4242,15,0.3750,0.8571,7,8,8,0,0,8,8,0.0000
4,112.0000,3,24,556.3529,-84.0377,-0.2810,6,0.1500,0.8571,7,8,6,0,0,8,6,0.2500
4,112.0000,3,26,664.9924,-84.6084,-0.2254,14,0.3500,1.0000,8,8,8,0,0,8,8,0.0000
4,112.0000,3,29,666.2110,-84.5849,0.0093,11,0.2750,0.7500,8,8,8,0,0,8,8,0.0000
4,112.0000,3,33,705.0504,-87.5646,0.8847,4,0.1000,1.0000,8,6,5,0,0,6,5,0.1667
4,112.0000,3,34,608.7115,-85.5539,0.6532,6,0.1500,1.0000,8,8,8,0,0,8,8,0.0000
4,112.0000,3,36,541.9036,-83.4761,0.2161,5,0.1250,1.0000,6,7,6,0,0,7,6,0.1429
4,112.0000,3,37,342.9646,-79.5686,-0.3219,35,0.8750,0.0000,4,4,0,0,0,4,0,1.0000
4,112.0000,3,38,466.0204,-83.5298,0.6595,14,0.3500,0.7143,7,6,4,0,0,6,4,0.3333
4,112.0000,3,41,588.4955,-84.7223,0.1945,11,0.2750,1.0000,8,7,6,0,0,7,6,0.1429
4,112.0000,3,42,785.1287,-86.6995,0.9288,3,0.0750,1.0000,8,7,6,0,0,7,6,0.1429
4,112.0000,3,43,794.6069,-87.6502,-0.4437,5,0.1250,1.0000,8,8,8,0,0,8,8,0.0000
4,112.0000,3,47,768.4554,-86.8710,0.9127,9,0.2250,1.0000,6,8,8,0,0,8,8,0.0000
4,112.0000,4,1,653.0765,-86.1186,0.3968,10,0.2500,1.0000,8,6,4,0,0,6,4,0.3333
4,112.0000,4,2,436.5207,-82.7711,-0.0021,25,0.6250,0.8750,8,6,2,0,0,6,2,0.6667
4,112.0000,4,3,1018.5438,-88.4454,-0.3664,4,0.1000,,0,4,4,0,0,4,4,0.0000
4,112.0000,4,8,259.3572,-76.5911,-0.4761,32,0.8000,0.4286,7,7,4,0,0,7,4,0.4286
4,112.0000,4,9,467.7674,-83.8549,0.5471,21,0.5250,0.7500,8,6,3,0,0,6,3,0.5000
4,112.0000,4,11,585.5482,-84.9840,0.3164,19,0.4750,0.7143,7,8,8,0,0,8,8,0.0000
4,112.0000,4,13,480.7683,-82.7407,-0.2010,14,0.3500,0.8000,5,8,8,0,0,8,8,0.0000
4,112.0000,4,14,865.9281,-87.7903,0.3989,7,0.1750,1.0000,4,8,8,0,0,8,8,0.0000
4,112.0000,4,15,478.7035,-84.4228,-0.5639,14,0.3500,0.6667,6,7,5,0,0,7,5,0.2857
4,112.0000,4,17,481.3369,-82.1356,0.0355,24,0.6000,0.8571,7,8,6,0,0,8,6,0.2500
4,112.0000,4,18,630.1857,-85.9408,0.8397,15,0.3750,0.8889,9,5,4,0,0,5,4,0.2000
4,112.0000,4,19,699.1275,-87.8587,0.4278,9,0.2250,0.8571,7,8,8,0,0,8,8,0.0000
4,112.0000,4,20,380.0102,-82.2160,0.4492,21,0.5250,0.7143,7,5,2,0,0,5,2,0.6000
4,112.0000,4,21,168.4350,-72.8194,-0.5017,37,0.9250,0.3333,6,7,4,0,0,7,4,0.4286
4,112.0000,4,24,594.5389,-85.0754,-0.7561,10,0.2500,0.6667,6,8,7,0,0,8,7,0.1250
4,112.0000,4,25,512.9395,-83.1810,-0.2822,17,0.4250,0.7143,7,6,4,0,0,6,4,0.3333
4,112.0000,4,27,282.1386,-76.5350,-0.6338,25,0.6250,0.0000,4,7,6,0,0,7,6,0.1429
4,112.0000,4,28,604.9135,-83.9361,-0.4853,16,0.4000,1.0000,8,7,6,0,0,7,6,0.1429
4,112.0000,4,30,417.6279,-81.8445,0.0374,24,0.6000,0.6667,6,7,5,0,0,7,5,0.2857
4,112.0000,4,31,748.8519,-86.4705,0.0296,11,0.2750,0.8571,7,7,6,0,0,7,6,0.1429
4,112.0000,4,32,449.4461,-83.3546,0.8155,19,0.4750,0.4000,5,8,8,0,0,8,8,0.0000
4,112.0000,4,33,408.1803,-81.9042,0.2098,18,0.4500,0.6667,6,7,5,0,0,7,5,0.2857
4,112.0000,4,34,957.8677,-88.0013,-0.3612,5,0.1250,1.0000,6,6,6,0,0,6,6,0.0000
4,112.0000,4,35,883.1250,-86.3877,-0.0468,8,0.2000,1.0000,8,8,8,0,0,8,8,0.0000
4,112.0000,4,36,613.5985,-85.6168,1.2825,11,0.2750,0.8571,7,7,6,0,0,7,6,0.1429
4,112.0000,4,39,806.8270,-86.8358,0.6525,6,0.1500,1.0000,8,7,5,0,0,7,5,0.2857
4,112.0000,4,40,535.4355,-82.7785,-0.9513,16,0.4000,0.8750,8,7,5,0,0,7,5,0.2857
4,112.0000,4,42,552.1078,-84.7212,0.7214,14,0.3500,0.6667,6,8,7,0,0,8,7,0.1250
4,112.0000,4,44,548.4363,-84.2001,-0.6616,19,0.4750,0.6000,5,7,5,0,0,7,5,0.2857
4,112.0000,4,45,170.4922,-75.1406,0.2039,34,0.8500,0.5000,6,6,2,0,0,6,2,0.6667
4,112.0000,4,46,584.7626,-85.3515,0.0713,12,0.3000,0.7500,8,7,5,0,0,7,5,0.2857
4,112.0000,5,0,657.0144,-85.5842,0.7886,16,0.4000,1.0000,8,8,8,0,0,8,8,0.0000
4,112.0000,5,1,435.2821,-81.8486,0.4171,14,0.3500,0.7143,7,8,8,0,0,8,8,0.0000
4,112.0000,5,3,331.5685,-79.5035,-0.6258,28,0.7000,0.7500,8,8,6,0,0,8,6,0.2500
4,112.0000,5,6,218.8510,-78.9419,1.2581,36,0.9000,0.0000,4,6,3,0,0,6,3,0.5000
4,112.0000,5,7,693.2411,-86.2280,0.4566,9,0.2250,1.0000,8,7,6,0,0,7,6,0.1429
4,112.0000,5,8,884.6025,-85.9032,-0.0433,3,0.0750,1.0000,8,8,8,0,0,8,8,0.0000
4,112.0000,5,15,982.1664,-86.7149,-1.5809,3,0.0750,1.0000,8,6,6,0,0,6,6,0.0000
4,112.0000,5,16,968.7495,-87.0284,4.1496,3,0.0750,1.0000,8,4,4,0,0,4,4,0.0000
4,112.0000,5,19,357.3273,-80.2563,-0.1661,22,0.5500,0.8750,8,8,8,0,0,8,8,0.0000
4,112.0000,5,20,706.5117,-85.1279,-0.1421,8,0.2000,1.0000,8,8,8,0,0,8,8,0.0000
4,112.0000,5,22,542.1662,-84.9561,1.1275,17,0.4250,1.0000,8,6,4,0,0,6,4,0.3333
4,112.0000,5,23,874.2565,-86.2677,0.0076,8,0.2000,1.0000,8,6,6,0,0,6,6,0.0000
4,112.0000,5,24,679.5198,-85.5895,-1.2715,6,0.1500,1.0000,8,8,8,0,0,8,8,0.0000
4,112.0000,5,27,785.8509,-86.2338,-1.2264,5,0.1250,1.0000,8,8,8,0,0,8,8,0.0000
4,112.0000,5,31,1010.7716,-89.3232,0.0749,3,0.0750,1.0000,6,8,8,0,0,8,8,0.0000
4,112.0000,5,33,630.7049,-85.0152,-1.0211,8,0.2000,1.0000,8,8,8,0,0,8,8,0.0000
4,112.0000,5,34,884.3922,-87.5579,0.6605,4,0.1000,1.0000,6,8,8,0,0,8,8,0.0000
4,112.0000,5,36,654.8877,-85.6798,-0.0525,6,0.1500,1.0000,8,8,8,0,0,8,8,0.0000
4,112.0000,5,37,169.2264,-76.7534,1.2930,35,0.8750,0.0000,4,4,0,0,0,4,0,1.0000
4,112.0000,5,38,765.6278,-86.3303,-0.0917,5,0.1250,1.0000,2,8,8,0,0,8,8,0.0000
4,112.0000,5,41,907.0066,-87.3782,0.4091,6,0.1500,1.0000,8,8,8,0,0,8,8,0.0000
4,112.0000,5,47,1026.3281,-88.6366,0.1340,3,0.0750,1.0000,6,8,8,0,0,8,8,0.0000
4,112.0000,6,0,553.3552,-83.3417,-0.1713,19,0.4750,0.8571,7,7,5,0,0,7,5,0.2857
4,112.0000,6,1,592.9658,-85.7630,1.1759,5,0.1250,1.0000,8,8,7,0,0,8,7,0.1250
4,112.0000,6,3,316.4497,-79.7720,0.2438,24,0.6000,0.0000,4,5,2,0,0,5,2,0.6000
4,112.0000,6,5,218.8510,-78.5615,0.9285,33,0.8250,0.5000,4,4,0,0,0,4,0,1.0000
4,112.0000,6,7,529.3762,-85.4505,0.6525,10,0.2500,0.8571,7,6,2,0,0,6,2,0.6667
4,112.0000,6,16,811.5851,-86.9062,0.6794,9,0.2250,1.0000,8,10,10,0,0,10,10,0.0000
4,112.0000,6,19,482.4733,-83.3872,0.4729,9,0.2250,1.0000,8,8,8,0,0,8,8,0.0000
4,112.0000,6,22,533.5711,-84.1830,0.5351,17,0.4250,0.7500,8,6,4,0,0,6,4,0.3333
4,112.0000,6,23,806.5953,-87.5195,-0.6874,6,0.1500,0.8333,6,7,6,0,0,7,6,0.1429
4,112.0000,6,24,733.0710,-86.8646,2.9293,3,0.0750,1.0000,8,8,8,0,0,8,8,0.0000
4,112.0000,6,26,847.8282,-86.0963,0.8280,7,0.1750,1.0000,6,8,8,0,0,8,8,0.0000
4,112.0000,6,29,795.4201,-87.4207,0.2945,6,0.1500,0.8333,6,6,6,0,0,6,6,0.0000
4,112.0000,6,37,121.6990,-68.9328,-0.9710,36,0.9000,0.0000,4,4,0,0,0,4,0,1.0000
4,112.0000,6,38,643.0364,-85.6537,1.3997,7,0.1750,0.8571,7,8,7,0,0,8,7,0.1250
4,112.0000,6,41,806.0717,-86.9927,0.0425,4,0.1000,0.8571,7,6,6,0,0,6,6,0.0000
4,112.0000,6,43,865.8567,-87.2732,0.4187,10,0.2500,1.0000,8,6,6,0,0,6,6,0.0000
4,112.0000,6,47,873.0432,-87.3162,2.6096,3,0.0750,1.0000,6,8,8,0,0,8,8,0.0000
4,112.0000,7,0,566.8760,-84.8109,0.1921,16,0.4000,0.7500,8,7,6,0,0,7,6,0.1429
4,112.0000,7,3,448.6400,-84.6956,-0.2174,18,0.4500,0.7500,8,8,7,0,0,8,7,0.1250
4,112.0000,7,5,693.2411,-86.5293,-0.4840,8,0.2000,1.0000,8,8,7,0,0,8,7,0.1250
4,112.0000,7,6,529.3762,-83.9683,0.3654,11,0.2750,0.8571,7,8,6,0,0,8,6,0.2500
4,112.0000,7,10,462.5208,-83.6570,-0.2894,27,0.6750,0.6000,5,6,3,0,0,6,3,0.5000
4,112.0000,7,12,571.4186,-84.8836,-1.2088,15,0.3750,0.8571,7,6,4,0,0,6,4,0.3333
4,112.0000,7,14,895.3220,-87.0863,-0.5242,8,0.2000,1.0000,8,8,8,0,0,8,8,0.0000
4,112.0000,7,16,471.6732,-82.0103,-0.5121,27,0.6750,0.7500,8,7,5,0,0,7,5,0.2857
4,112.0000,7,19,833.3069,-87.6734,0.2251,4,0.1000,1.0000,8,7,6,0,0,7,6,0.1429
4,112.0000,7,22,668.1246,-86.0620,-0.0441,13,0.3250,0.8571,7,7,5,0,0,7,5,0.2857
4,112.0000,7,23,457.4396,-83.0282,0.0901,24,0.6000,0.8750,8,7,6,0,0,7,6,0.1429
4,112.0000,7,24,844.8270,-88.1226,-0.6849,4,0.1000,1.0000,8,6,6,0,0,6,6,0.0000
4,112.0000,7,26,349.2350,-77.2024,-2.5163,36,0.9000,0.0000,4,6,4,0,0,6,4,0.3333
4,112.0000,7,29,269.3338,-76.1738,-2.0423,32,0.8000,0.2000,5,6,3,0,0,6,3,0.5000
4,112.0000,7,31,954.0150,-87.6876,1.9288,4,0.1000,1.0000,8,10,10,0,0,10,10,0.0000
4,112.0000,7,34,667.0172,-86.6612,-0.3766,8,0.2000,0.8750,8,8,8,0,0,8,8,0.0000
4,112.0000,7,37,599.4634,-86.0152,1.1343,13,0.3250,0.6667,6,8,8,0,0,8,8,0.0000
4,112.0000,7,38,188.6593,-73.4067,-0.8836,35,0.8750,0.0000,4,5,1,0,0,5,1,0.8000
4,112.0000,7,41,360.6019,-79.8991,-0.4421,29,0.7250,0.5000,6,7,5,0,0,7,5,0.2857
4,112.0000,7,43,568.4941,-84.8808,-0.3036,18,0.4500,0.7143,7,7,6,0,0,7,6,0.1429
4,112.0000,7,47,377.1312,-81.5586,0.0703,28,0.7000,0.5000,6,5,2,0,0,5,2,0.6000
4,112.0000,8,1,596.8071,-84.6358,-0.4856,18,0.4500,1.0000,8,6,3,0,0,6,3,0.5000
4,112.0000,8,2,661.7133,-86.2447,0.0818,13,0.3250,0.8571,7,6,4,0,0,6,4,0.3333
4,112.0000,8,3,813.7018,-87.4161,-0.2810,8,0.2000,1.0000,6,2,2,0,0,2,2,0.0000
4,112.0000,8,4,259.3572,-77.4235,-0.3167,28,0.7000,0.2000,5,5,2,0,0,5,2,0.6000
4,112.0000,8,5,884.6025,-86.4549,-1.1253,8,0.2000,1.0000,8,8,8,0,0,8,8,0.0000
4,112.0000,8,9,683.7098,-86.8282,-0.2261,13,0.3250,1.0000,8,7,6,0,0,7,6,0.1429
4,112.0000,8,11,685.2687,-85.7982,0.5321,15,0.3750,0.6667,6,8,8,0,0,8,8,0.0000
4,112.0000,8,12,961.9979,-88.2272,0.4173,4,0.1000,1.0000,6,4,4,0,0,4,4,0.0000
4,112.0000,8,13,428.9500,-83.5480,0.4018,16,0.4000,1.0000,8,7,4,0,0,7,4,0.4286
4,112.0000,8,14,658.9256,-86.5760,0.0109,10,0.2500,0.7143,7,8,8,0,0,8,8,0.0000
4,112.0000,8,15,365.6848,-82.4036,0.6385,13,0.3250,0.4000,5,7,5,0,0,7,5,0.2857
4,112.0000,8,17,506.7785,-83.8011,0.4093,16,0.4000,0.7143,7,7,5,0,0,7,5,0.2857
4,112.0000,8,18,820.6984,-87.5892,0.4844,9,0.2250,1.0000,8,7,6,0,0,7,6,0.1429
4,112.0000,8,19,579.4908,-85.3611,0.1867,13,0.3250,1.0000,8,6,6,0,0,6,6,0.0000
4,112.0000,8,20,416.7909,-81.9890,-0.4583,18,0.4500,0.8571,7,6,2,0,0,6,2,0.6667
4,112.0000,8,21,295.0060,-78.1742,-0.0184,29,0.7250,0.8571,7,5,2,0,0,5,2,0.6000
4,112.0000,8,24,395.5637,-83.1245,-0.2985,12,0.3000,0.7143,7,6,3,0,0,6,3,0.5000
4,112.0000,8,25,536.0052,-85.5691,0.4395,15,0.3750,1.0000,8,8,7,0,0,8,7,0.1250
4,112.0000,8,27,130.0148,-70.1436,-0.6738,33,0.8250,0.0000,4,4,0,0,0,4,0,1.0000
4,112.0000,8,28,847.9893,-87.0311,-1.0355,12,0.3000,0.8750,8,8,8,0,0,8,8,0.0000
4,112.0000,8,30,657.1736,-84.9691,-0.4773,17,0.4250,1.0000,8,8,8,0,0,8,8,0.0000
4,112.0000,8,31,535.0169,-85.8812,0.2073,11,0.2750,0.8750,8,7,5,0,0,7,5,0.2857
4,112.0000,8,32,693.7836,-86.0538,0.2402,14,0.3500,0.8750,8,6,4,0,0,6,4,0.3333
4,112.0000,8,33,378.5355,-78.4505,-1.6137,22,0.5500,0.6667,6,8,8,0,0,8,8,0.0000
4,112.0000,8,34,716.3173,-86.7141,0.4287,8,0.2000,1.0000,6,7,6,0,0,7,6,0.1429
4,112.0000,8,36,424.1459,-82.6673,-0.0436,13,0.3250,0.7143,7,7,6,0,0,7,6,0.1429
4,112.0000,8,37,1028.6323,-88.3466,-0.0594,4,0.1000,1.0000,6,4,4,0,0,4,4,0.0000
4,112.0000,8,39,944.7292,-88.4397,-0.6492,6,0.1500,1.0000,4,6,6,0,0,6,6,0.0000
4,112.0000,8,40,461.2134,-83.1764,0.6454,18,0.4500,0.8750,8,7,5,0,0,7,5,0.2857
4,112.0000,8,42,321.9114,-80.2240,0.9689,19,0.4750,0.8571,7,6,4,0,0,6,4,0.3333
4,112.0000,8,44,791.4393,-86.4632,-0.4392,10,0.2500,1.0000,4,8,8,0,0,8,8,0.0000
4,112.0000,8,45,321.0976,-81.2031,0.2360,22,0.5500,0.7500,8,4,0,0,0,4,0,1.0000
4,112.0000,8,46,450.1652,-81.8486,0.7124,17,0.4250,0.8750,8,7,5,0,0,7,5,0.2857
4,112.0000,9,2,69.0457,-72.5803,2.9243,32,0.8000,0.2000,5,4,0,0,0,4,0,1.0000
4,112.0000,9,4,467.7674,-84.6423,0.4777,9,0.2250,0.8571,7,7,5,0,0,7,5,0.2857
4,112.0000,9,8,683.7098,-85.6550,0.2441,4,0.1000,1.0000,8,6,4,0,0,6,4,0.3333
4,112.0000,9,11,386.6734,-81.9226,-0.4213,14,0.3500,1.0000,8,7,6,0,0,7,6,0.1429
4,112.0000,9,13,629.8782,-85.1910,0.2184,5,0.1250,0.8750,8,7,6,0,0,7,6,0.1429
4,112.0000,9,15,723.6948,-88.3375,-0.6720,3,0.0750,1.0000,8,7,6,0,0,7,6,0.1429
4,112.0000,9,17,465.9480,-82.9983,0.3347,13,0.3250,0.7143,7,8,8,0,0,8,8,0.0000
4,112.0000,9,18,289.3340,-79.0009,0.1095,32,0.8000,0.5000,6,5,2,0,0,5,2,0.6000
4,112.0000,9,20,775.9061,-89.3086,-0.3827,4,0.1000,1.0000,8,8,7,0,0,8,7,0.1250
4,112.0000,9,21,602.3414,-85.5195,-0.4537,9,0.2250,0.6667,6,7,6,0,0,7,6,0.1429
4,112.0000,9,25,494.7559,-83.3032,-0.0943,10,0.2500,0.6667,6,7,6,0,0,7,6,0.1429
4,112.0000,9,27,720.2013,-84.8685,1.5262,5,0.1250,1.0000,8,8,8,0,0,8,8,0.0000
4,112.0000,9,28,341.2662,-80.9760,0.3950,30,0.7500,0.5000,6,3,0,0,0,3,0,1.0000
4,112.0000,9,30,461.4751,-82.0547,0.5559,8,0.2000,1.0000,8,6,4,0,0,6,4,0.3333
4,112.0000,9,32,260.9082,-77.6453,0.1162,28,0.7000,0.5000,6,5,2,0,0,5,2,0.6000
4,112.0000,9,33,842.3942,-87.3350,1.6367,5,0.1250,1.0000,8,7,6,0,0,7,6,0.1429
4,112.0000,9,35,681.6707,-84.9345,-0.2607,15,0.3750,0.6667,6,6,4,0,0,6,4,0.3333
4,112.0000,9,39,425.8989,-80.9552,0.0365,24,0.6000,0.6250,16,7,4,0,0,7,4,0.4286
4,112.0000,9,40,642.5899,-83.6430,-0.8891,5,0.1250,0.8571,7,8,8,0,0,8,8,0.0000
4,112.0000,9,42,876.2286,-89.0329,-2.2675,3,0.0750,1.0000,6,8,8,0,0,8,8,0.0000
4,112.0000,9,44,297.3639,-79.8864,0.3222,26,0.6500,0.5000,6,5,2,0,0,5,2,0.6000
4,112.0000,9,45,364.9523,-80.4861,0.1851,15,0.3750,0.7500,8,8,7,0,0,8,7,0.1250
4,112.0000,9,46,780.8979,-87.1985,-1.1076,4,0.1000,1.0000,8,8,8,0,0,8,8,0.0000
4,112.0000,10,0,729.7947,-86.6876,-0.6717,12,0.3000,1.0000,8,8,8,0,0,8,8,0.0000
4,112.0000,10,7,462.5208,-82.3615,-0.2471,21,0.5250,0.2000,5,8,7,0,0,8,7,0.1250
4,112.0000,10,12,714.2904,-85.8179,-0.8113,6,0.1500,1.0000,8,8,7,0,0,8,7,0.1250
4,112.0000,10,16,339.7393,-81.3351,0.5291,26,0.6500,0.6667,6,5,1,0,0,5,1,0.8000
4,112.0000,10,22,886.0177,-87.1585,-0.5972,7,0.1750,1.0000,8,8,8,0,0,8,8,0.0000
4,112.0000,10,23,485.8756,-83.1965,-0.4672,23,0.5750,0.8571,7,8,8,0,0,8,8,0.0000
4,112.0000,10,26,343.7658,-80.4136,-0.1459,28,0.7000,0.0000,4,6,2,0,0,6,2,0.6667
4,112.0000,10,29,306.4402,-79.5624,-0.1540,32,0.8000,0.3333,6,5,1,0,0,5,1,0.8000
4,112.0000,10,38,422.8243,-80.5479,-0.6817,26,0.6500,0.6667,6,7,5,0,0,7,5,0.2857
4,112.0000,10,41,414.9735,-80.7980,-0.5300,25,0.6250,0.5000,6,8,8,0,0,8,8,0.0000
4,112.0000,10,43,423.2311,-82.3392,0.5262,29,0.7250,0.7143,7,6,2,0,0,6,2,0.6667
4,112.0000,10,47,89.1185,-67.2855,1.7215,37,0.9250,0.2000,5,4,0,0,0,4,0,1.0000
4,112.0000,11,2,442.0845,-82.7802,0.4883,24,0.6000,0.7143,7,7,6,0,0,7,6,0.1429
4,112.0000,11,4,585.5482,-85.2535,-0.6006,17,0.4250,0.7143,7,8,8,0,0,8,8,0.0000
4,112.0000,11,8,685.2687,-86.3759,-0.1086,10,0.2500,0.8750,8,7,6,0,0,7,6,0.1429
4,112.0000,11,9,386.6734,-81.4694,0.0503,29,0.7250,0.5000,8,8,7,0,0,8,7,0.1250
4,112.0000,11,13,394.5491,-81.3536,0.0703,21,0.5250,0.7500,8,8,8,0,0,8,8,0.0000
4,112.0000,11,14,884.2789,-87.8600,-0.1680,6,0.1500,1.0000,6,8,7,0,0,8,7,0.1250
4,112.0000,11,15,529.0996,-85.0049,-0.1365,15,0.3750,0.6667,6,8,7,0,0,8,7,0.1250
4,112.0000,11,17,359.6694,-81.2460,-0.8021,28,0.7000,0.7143,7,9,8,0,0,9,8,0.1111
4,112.0000,11,18,322.5172,-80.3863,-0.0800,29,0.7250,0.4286,7,8,6,0,0,8,6,0.2500
4,112.0000,11,19,1091.8528,-88.7116,-0.6004,3,0.0750,1.0000,6,8,8,0,0,8,8,0.0000
4,112.0000,11,20,857.1203,-86.6782,1.5006,7,0.1750,0.8571,7,8,8,0,0,8,8,0.0000
4,112.0000,11,21,746.5398,-86.7568,-0.0370,15,0.3750,0.8571,7,8,8,0,0,8,8,0.0000
4,112.0000,11,24,845.7204,-87.5190,0.6284,7,0.1750,1.0000,8,8,8,0,0,8,8,0.0000
4,112.0000,11,25,209.4113,-74.5265,-0.9477,36,0.9000,0.5000,6,6,3,0,0,6,3,0.5000
4,112.0000,11,27,715.6283,-85.9327,-0.2684,13,0.3250,0.8571,7,7,5,0,0,7,5,0.2857
4,112.0000,11,28,592.7880,-83.7094,-0.2772,21,0.5250,0.7143,7,7,6,0,0,7,6,0.1429
4,112.0000,11,30,705.5268,-86.0684,-0.4658,18,0.4500,0.8750,8,8,8,0,0,8,8,0.0000
4,112.0000,11,31,808.9260,-87.4347,-0.1587,12,0.3000,0.8750,8,8,8,0,0,8,8,0.0000
4,112.0000,11,32,521.5535,-85.1559,-1.0168,22,0.5500,1.0000,8,8,8,0,0,8,8,0.0000
4,112.0000,11,33,907.5762,-87.6701,0.9421,7,0.1750,1.0000,6,2,2,0,0,2,2,0.0000
4,112.0000,11,35,897.2164,-87.1983,-0.6272,15,0.3750,1.0000,8,6,6,0,0,6,6,0.0000
4,112.0000,11,36,863.5487,-86.8812,0.4147,10,0.2500,1.0000,8,8,8,0,0,8,8,0.0000
4,112.0000,11,39,324.7997,-80.6837,0.7377,34,0.8500,0.6667,6,4,0,7,3,11,3,0.7273
4,112.0000,11,40,485.1862,-84.0166,0.5086,21,0.5250,0.6667,6,7,5,0,0,7,5,0.2857
4,112.0000,11,42,741.8558,-87.7670,-0.1808,8,0.2000,0.8889,9,8,7,0,0,8,7,0.1250
4,112.0000,11,44,555.2180,-84.8069,-0.4936,21,0.5250,1.0000,8,7,5,0,0,7,5,0.2857
4,112.0000,11,45,435.9775,-81.4832,-0.8414,24,0.6000,0.8571,7,7,5,0,0,7,5,0.2857
4,112.0000,11,46,538.7830,-85.1528,1.3840,17,0.4250,0.7500,8,6,3,0,0,6,3,0.5000
4,112.0000,12,3,665.1194,-87.5713,0.1262,6,0.1538,0.8571,7,8,7,0,0,8,7,0.1250
4,112.0000,12,6,922.5543,-89.0392,-0.2637,3,0.0769,,0,4,4,0,0,4,4,0.0000
4,112.0000,12,7,571.4186,-85.1492,0.7421,13,0.3333,1.0000,8,7,6,0,0,7,6,0.1429
4,112.0000,12,10,714.2904,-85.5752,-0.5903,14,0.3590,0.8750,8,10,10,0,0,10,10,0.0000
4,112.0000,12,13,1012.7835,-88.6937,2.6931,3,0.0769,1.0000,8,8,8,0,0,8,8,0.0000
4,112.0000,12,14,535.0725,-83.0625,-0.3689,9,0.2308,0.8750,8,7,6,0,0,7,6,0.1429
4,112.0000,12,15,902.4202,-87.4147,-1.7516,4,0.1026,1.0000,8,2,2,0,0,2,2,0.0000
4,112.0000,12,16,917.4585,-88.6781,-0.4592,4,0.1026,,0,4,4,0,0,4,4,0.0000
4,112.0000,12,19,938.0342,-86.8594,0.6467,4,0.1026,1.0000,8,2,2,0,0,2,2,0.0000
4,112.0000,12,22,1036.4217,-88.6805,0.6666,3,0.0769,1.0000,4,4,4,0,0,4,4,0.0000
4,112.0000,12,23,485.0399,-83.9552,0.8414,17,0.4359,0.7500,8,6,3,0,0,6,3,0.5000
4,112.0000,12,24,710.6930,-86.2420,-0.6771,6,0.1538,1.0000,8,7,6,0,0,7,6,0.1429
4,112.0000,12,26,372.7100,-82.0963,0.1350,26,0.6667,0.8750,8,7,5,0,0,7,5,0.2857
4,112.0000,12,29,474.7549,-82.7673,-0.2770,20,0.5128,0.8571,7,5,2,0,0,5,2,0.6000
4,112.0000,12,31,580.0154,-85.0340,-0.8982,9,0.2308,1.0000,8,7,6,0,0,7,6,0.1429
4,112.0000,12,33,1105.4838,-88.6115,-0.2583,4,0.1026,1.0000,8,2,2,0,0,2,2,0.0000
4,112.0000,12,34,306.5227,-79.9405,0.0013,20,0.5128,0.0000,4,5,2,0,0,5,2,0.6000
4,112.0000,12,36,721.8432,-86.3036,-0.2427,6,0.1538,0.8571,7,8,8,0,0,8,8,0.0000
4,112.0000,12,38,428.1881,-83.2264,0.1806,18,0.4615,0.6667,6,6,3,0,0,6,3,0.5000
4,112.0000,12,41,337.7330,-81.7377,0.9030,21,0.5385,1.0000,6,5,2,0,0,5,2,0.6000
4,112.0000,12,42,705.8432,-85.5348,-0.5504,7,0.1795,1.0000,8,8,8,0,0,8,8,0.0000
4,112.0000,12,43,921.9619,-86.9292,0.3378,4,0.1026,1.0000,8,8,8,0,0,8,8,0.0000
4,112.0000,12,46,849.7923,-86.9858,-0.8400,5,0.1282,1.0000,8,8,8,0,0,8,8,0.0000
4,112.0000,12,47,661.6164,-86.8299,0.4593,10,0.2564,1.0000,6,8,7,0,0,8,7,0.1250
4,112.0000,13,1,799.7727,-86.7169,-0.4814,11,0.2683,0.8750,8,8,8,0,0,8,8,0.0000
4,112.0000,13,2,652.7687,-85.7985,0.3700,14,0.3415,1.0000,8,8,8,0,0,8,8,0.0000
4,112.0000,13,4,480.7683,-82.2058,-0.6010,19,0.4634,0.8750,8,8,8,0,0,8,8,0.0000
4,112.0000,13,8,428.9500,-82.0818,0.0019,16,0.3902,0.8571,7,8,8,0,0,8,8,0.0000
4,112.0000,13,9,629.8782,-86.1250,0.5137,12,0.2927,0.6667,6,8,8,0,0,8,8,0.0000
4,112.0000,13,11,394.5491,-80.8808,-0.0014,24,0.5854,0.5714,7,7,5,0,0,7,5,0.2857
4,112.0000,13,12,1012.7835,-88.1970,-0.1905,7,0.1707,1.0000,2,4,4,0,0,4,4,0.0000
4,112.0000,13,14,519.9676,-85.5512,0.5765,17,0.4146,0.8571,7,8,7,0,0,8,7,0.1250
4,112.0000,13,15,139.1565,-74.4759,1.2199,31,0.7561,0.5714,7,5,1,0,0,5,1,0.8000
4,112.0000,13,17,399.7191,-82.2086,-0.6330,21,0.5122,0.6667,6,7,5,0,0,7,5,0.2857
4,112.0000,13,18,627.5524,-86.3636,0.3289,15,0.3659,0.5714,7,7,5,0,0,7,5,0.2857
4,112.0000,13,19,769.8026,-86.2621,-0.7440,10,0.2439,1.0000,6,8,8,0,0,8,8,0.0000
4,112.0000,13,20,654.4252,-85.9299,0.6155,13,0.3171,1.0000,8,7,6,0,0,7,6,0.1429
4,112.0000,13,21,606.8427,-83.8827,-0.6788,10,0.2439,1.0000,8,8,7,0,0,8,7,0.1250
4,112.0000,13,24,465.0738,-83.6664,0.7210,17,0.4146,0.8750,8,8,7,0,0,8,7,0.1250
4,112.0000,13,25,217.4669,-77.5344,1.3217,30,0.7317,0.3333,6,4,0,0,0,4,0,1.0000
4,112.0000,13,27,437.3756,-83.1615,0.5586,16,0.3902,0.6667,6,8,8,2,2,10,10,0.0000
4,112.0000,13,28,799.3295,-86.9696,0.0419,10,0.2439,1.0000,8,8,8,0,0,8,8,0.0000
4,112.0000,13,30,751.6538,-85.8141,-0.4950,11,0.2683,0.8750,8,8,8,0,0,8,8,0.0000
4,112.0000,13,31,445.7844,-83.5418,0.3638,19,0.4634,0.8571,7,7,5,0,0,7,5,0.2857
4,112.0000,13,32,678.4769,-86.6392,-0.1117,11,0.2683,0.8571,7,8,8,0,0,8,8,0.0000
4,112.0000,13,33,667.0702,-85.0302,-0.2335,13,0.3171,0.7143,7,7,6,0,0,7,6,0.1429
4,112.0000,13,34,715.7651,-86.7925,-0.8421,13,0.3171,1.0000,8,8,7,0,0,8,7,0.1250
4,112.0000,13,36,484.8955,-82.5623,-0.2710,20,0.4878,0.6667,6,8,8,0,0,8,8,0.0000
4,112.0000,13,39,709.2731,-86.1230,0.5027,11,0.2683,1.0000,6,8,8,0,0,8,8,0.0000
4,112.0000,13,40,362.9537,-81.2878,0.1662,22,0.5366,0.2000,5,5,1,0,0,5,1,0.8000
4,112.0000,13,42,405.0886,-81.9254,0.1784,16,0.3902,0.5000,6,6,4,0,0,6,4,0.3333
4,112.0000,13,44,750.2428,-86.2473,-0.0571,13,0.3171,1.0000,6,8,8,0,0,8,8,0.0000
4,112.0000,13,45,394.8410,-81.0040,0.3568,19,0.4634,0.6667,6,6,4,24,19,30,23,0.2333
4,112.0000,13,46,187.8640,-76.8467,1.3293,32,0.7805,0.4000,5,4,0,0,0,4,0,1.0000
4,112.0000,14,1,915.7264,-87.7776,-0.4770,3,0.0750,1.0000,8,8,8,0,0,8,8,0.0000
4,112.0000,14,3,799.5668,-88.9843,-0.1615,7,0.1750,0.8750,8,6,6,0,0,6,6,0.0000
4,112.0000,14,6,1010.8632,-88.9451,-1.3035,3,0.0750,1.0000,2,6,6,0,0,6,6,0.0000
4,112.0000,14,7,895.3220,-88.5689,-0.3351,4,0.1000,1.0000,8,8,8,0,0,8,8,0.0000
4,112.0000,14,8,658.9256,-86.2063,-0.5716,5,0.1250,1.0000,8,8,6,0,0,8,6,0.2500
4,112.0000,14,10,1193.0034,-88.1028,-0.5104,3,0.0750,1.0000,8,2,2,0,0,2,2,0.0000
4,112.0000,14,11,884.2789,-87.8713,1.9469,3,0.0750,1.0000,6,8,8,0,0,8,8,0.0000
4,112.0000,14,12,535.0725,-82.5497,-0.3883,20,0.5000,0.8750,8,8,8,0,0,8,8,0.0000
4,112.0000,14,13,519.9676,-84.8782,-2.2528,7,0.1750,0.9310,58,8,7,2,2,10,9,0.1000
4,112.0000,14,15,436.3944,-81.9300,-0.7167,12,0.3000,0.8750,8,6,4,0,0,6,4,0.3333
4,112.0000,14,19,792.0949,-87.9382,-0.7976,4,0.1000,1.0000,8,7,6,0,0,7,6,0.1429
4,112.0000,14,21,931.4751,-88.0569,-2.7742,3,0.0750,1.0000,6,6,4,0,0,6,4,0.3333
4,112.0000,14,23,952.6004,-87.7289,-1.2382,4,0.1000,1.0000,2,6,6,0,0,6,6,0.0000
4,112.0000,14,24,421.3489,-81.1506,-0.5743,17,0.4250,0.4000,5,8,8,0,0,8,8,0.0000
4,112.0000,14,25,686.5578,-85.6898,0.5112,6,0.1500,0.8750,8,8,7,0,0,8,7,0.1250
4,112.0000,14,26,857.0512,-86.6131,-1.3631,7,0.1750,0.7500,4,8,8,0,0,8,8,0.0000
4,112.0000,14,27,662.5263,-86.3752,0.2667,5,0.1250,1.0000,8,8,8,0,0,8,8,0.0000
4,112.0000,14,29,901.4714,-85.9377,-1.2928,10,0.2500,1.0000,6,2,2,0,0,2,2,0.0000
4,112.0000,14,31,147.1387,-73.9451,1.0131,35,0.8750,0.0000,4,4,0,0,0,4,0,1.0000
4,112.0000,14,33,872.0033,-87.9914,0.0166,4,0.1000,1.0000,6,6,6,0,0,6,6,0.0000
4,112.0000,14,34,257.3096,-74.4791,-1.2982,33,0.8250,0.4000,5,5,2,0,0,5,2,0.6000
4,112.0000,14,36,439.8619,-81.4221,-1.3651,14,0.3500,1.0000,8,6,4,0,0,6,4,0.3333
4,112.0000,14,38,835.3434,-87.1438,-0.6472,6,0.1500,1.0000,4,4,4,0,0,4,4,0.0000
4,112.0000,14,40,619.1471,-87.5017,-1.1892,4,0.1000,1.0000,8,6,4,0,0,6,4,0.3333
4,112.0000,14,41,829.2930,-87.0467,-2.8897,5,0.1250,1.0000,4,8,8,0,0,8,8,0.0000
4,112.0000,14,42,383.6450,-81.5017,0.7766,14,0.3500,1.0000,8,7,6,0,0,7,6,0.1429
4,112.0000,14,45,831.6602,-87.3605,2.0494,3,0.0750,1.0000,6,8,8,0,0,8,8,0.0000
4,112.0000,14,46,356.5747,-80.5570,-0.1597,14,0.3500,0.6667,6,8,7,0,0,8,7,0.1250
4,112.0000,15,1,696.8560,-85.7154,0.4155,8,0.2000,0.8333,6,8,8,0,0,8,8,0.0000
4,112.0000,15,2,737.1494,-86.1334,0.5132,7,0.1750,0.8571,7,8,8,0,0,8,8,0.0000
4,112.0000,15,3,881.8761,-87.3962,0.7308,3,0.0750,1.0000,6,6,4,0,0,6,4,0.3333
4,112.0000,15,4,478.7035,-83.2732,0.3055,14,0.3500,0.8750,8,6,4,0,0,6,4,0.3333
4,112.0000,15,5,982.1664,-87.6486,-0.9313,5,0.1250,1.0000,8,6,6,0,0,6,6,0.0000
4,112.0000,15,8,365.6848,-81.5580,0.3082,17,0.4250,0.6667,6,6,4,0,0,6,4,0.3333
4,112.0000,15,9,723.6948,-86.3853,0.0424,7,0.1750,0.6667,3,4,4,0,0,4,4,0.0000
4,112.0000,15,11,529.0996,-84.6467,-0.1301,16,0.4000,0.8750,8,6,4,0,0,6,4,0.3333
4,112.0000,15,12,902.4202,-86.5083,-0.4992,7,0.1750,0.8750,8,4,4,0,0,4,4,0.0000
4,112.0000,15,13,139.1565,-74.5695,1.0322,33,0.8250,0.2174,23,4,0,0,0,4,0,1.0000
4,112.0000,15,14,436.3944,-82.0494,0.4038,20,0.5000,0.5000,6,7,6,0,0,7,6,0.1429
4,112.0000,15,17,490.5178,-83.0804,0.4309,17,0.4250,0.8000,5,7,6,0,0,7,6,0.1429
4,112.0000,15,18,737.1733,-86.8847,-0.2698,4,0.1000,1.0000,4,8,8,0,0,8,8,0.0000
4,112.0000,15,19,648.5530,-85.5787,-0.2171,8,0.2000,0.8571,7,8,8,0,0,8,8,0.0000
4,112.0000,15,20,587.7953,-85.6761,0.1438,12,0.3000,0.8750,8,5,2,0,0,5,2,0.6000
4,112.0000,15,21,573.5522,-84.1522,0.2168,10,0.2500,1.0000,8,8,7,0,0,8,7,0.1250
4,112.0000,15,24,326.3084,-78.5642,-0.7048,29,0.7250,0.8571,7,8,7,0,0,8,7,0.1250
4,112.0000,15,25,351.3242,-82.6881,0.0006,14,0.3500,0.6667,6,6,2,0,0,6,2,0.6667
4,112.0000,15,27,353.9159,-81.4356,-0.9034,18,0.4500,0.4000,5,7,6,0,0,7,6,0.1429
4,112.0000,15,28,872.9563,-88.1449,0.5992,8,0.2000,1.0000,8,6,6,0,0,6,6,0.0000
4,112.0000,15,30,776.1440,-86.2398,0.2867,9,0.2250,1.0000,8,8,8,0,0,8,8,0.0000
4,112.0000,15,31,361.7346,-79.1923,-0.6693,28,0.7000,0.8571,7,8,6,0,0,8,6,0.2500
4,112.0000,15,32,743.6518,-86.3004,-1.3692,6,0.1500,0.7500,4,8,8,0,0,8,8,0.0000
4,112.0000,15,33,582.7389,-84.0267,0.8578,13,0.3250,0.8750,8,7,6,0,0,7,6,0.1429
4,112.0000,15,34,602.8145,-83.4021,-0.3171,9,0.2250,0.5714,7,9,8,0,0,9,8,0.1111
4,112.0000,15,36,346.9793,-77.6607,-1.2587,28,0.7000,0.7143,7,8,6,0,0,8,6,0.2500
4,112.0000,15,39,843.7280,-88.0727,-0.1119,7,0.1750,1.0000,8,6,6,0,0,6,6,0.0000
4,112.0000,15,40,417.5326,-82.8120,-0.0550,19,0.4750,1.0000,8,5,2,0,0,5,2,0.6000
4,112.0000,15,42,322.4559,-79.0622,-0.3088,26,0.6500,0.5000,6,5,2,0,0,5,2,0.6000
4,112.0000,15,44,822.5978,-86.1783,-0.3650,7,0.1750,0.8333,6,9,8,0,0,9,8,0.1111
4,112.0000,15,45,437.5057,-83.3053,2.5591,11,0.2750,0.8571,7,7,5,0,0,7,5,0.2857
4,112.0000,15,46,173.2471,-70.9122,-1.7266,36,0.9000,0.0000,4,4,1,0,0,4,1,0.7500
4,112.0000,16,0,440.9486,-82.2571,-0.3826,24,0.6154,0.6000,5,8,7,0,0,8,7,0.1250
4,112.0000,16,3,793.3368,-84.9970,-0.0698,4,0.1026,1.0000,8,8,8,0,0,8,8,0.0000
4,112.0000,16,5,968.7495,-86.3470,0.2883,3,0.0769,1.0000,4,8,8,0,0,8,8,0.0000
4,112.0000,16,6,811.5851,-87.4815,-0.5705,7,0.1795,0.8750,8,8,8,0,0,8,8,0.0000
4,112.0000,16,7,471.6732,-81.3736,-0.8188,24,0.6154,0.7143,7,7,6,0,0,7,6,0.1429
4,112.0000,16,10,339.7393,-80.3588,-0.6220,28,0.7179,0.4000,5,5,1,0,0,5,1,0.8000
4,112.0000,16,22,654.0988,-85.3836,-0.5698,12,0.3077,0.8571,7,8,7,0,0,8,7,0.1250
4,112.0000,16,23,571.6703,-83.8649,0.4837,15,0.3846,0.5000,6,8,8,0,0,8,8,0.0000
4,112.0000,16,26,571.5872,-84.0775,-0.5568,18,0.4615,0.6667,6,7,4,0,0,7,4,0.4286
4,112.0000,16,29,509.2997,-82.8178,0.3397,20,0.5128,0.7143,7,7,6,0,0,7,6,0.1429
4,112.0000,16,37,828.5953,-87.2941,-0.4438,6,0.1538,0.8571,7,8,8,0,0,8,8,0.0000
4,112.0000,16,38,513.1093,-81.5419,-1.5830,20,0.5128,0.6667,6,8,6,0,0,8,6,0.2500
4,112.0000,16,41,590.8056,-83.2509,-0.1992,17,0.4359,0.6667,6,8,8,0,0,8,8,0.0000
4,112.0000,16,43,224.4371,-77.1969,0.3983,36,0.9231,0.0000,4,4,0,0,0,4,0,1.0000
4,112.0000,16,47,315.3139,-78.4550,-0.4113,35,0.8974,0.4000,5,5,1,0,0,5,1,0.8000
4,112.0000,17,2,476.9111,-83.3574,-0.6675,12,0.3000,1.0000,8,6,4,0,0,6,4,0.3333
4,112.0000,17,4,481.3369,-83.1151,-0.3040,12,0.3000,0.2000,5,7,6,0,0,7,6,0.1429
4,112.0000,17,8,506.7785,-84.7201,0.0827,9,0.2250,1.0000,6,9,7,0,0,9,7,0.2222
4,112.0000,17,9,465.9480,-83.3896,0.3515,16,0.4000,0.5556,9,8,8,0,0,8,8,0.0000
4,112.0000,17,11,359.6694,-81.3465,-0.0927,21,0.5250,0.8750,8,5,2,0,0,5,2,0.6000
4,112.0000,17,13,399.7191,-82.3910,0.2835,14,0.3500,0.8000,5,8,8,0,0,8,8,0.0000
4,112.0000,17,14,781.3918,-86.3783,0.0455,7,0.1750,1.0000,6,8,8,0,0,8,8,0.0000
4,112.0000,17,15,490.5178,-83.5412,0.4955,14,0.3500,0.7143,7,8,7,0,0,8,7,0.1250
4,112.0000,17,18,602.6504,-86.4704,0.2221,9,0.2250,0.8571,7,8,7,0,0,8,7,0.1250
4,112.0000,17,19,1043.3246,-88.8932,-0.1228,7,0.1750,1.0000,6,4,4,0,0,4,4,0.0000
4,112.0000,17,20,826.3513,-88.5177,-1.4641,4,0.1000,1.0000,8,7,6,0,0,7,6,0.1429
4,112.0000,17,21,642.1760,-85.1171,-0.1793,9,0.2250,0.8571,7,8,8,0,0,8,8,0.0000
4,112.0000,17,24,761.6571,-86.4561,2.5901,6,0.1500,1.0000,8,7,6,0,0,7,6,0.1429
4,112.0000,17,25,258.4759,-77.5975,-0.3309,33,0.8250,0.7143,7,5,2,0,0,5,2,0.6000
4,112.0000,17,27,596.9169,-84.4116,-0.1449,9,0.2250,0.8571,7,6,4,0,0,6,4,0.3333
4,112.0000,17,28,773.2619,-85.7635,-0.8690,9,0.2250,1.0000,6,8,8,0,0,8,8,0.0000
4,112.0000,17,30,778.8357,-87.1380,-0.7227,5,0.1250,1.0000,8,8,7,0,0,8,7,0.1250
4,112.0000,17,31,662.7487,-85.7418,0.0512,10,0.2500,0.8571,7,8,7,0,0,8,7,0.1250
4,112.0000,17,32,652.0819,-85.4511,-1.4477,10,0.2500,0.8750,8,9,8,0,0,9,8,0.1111
4,112.0000,17,33,838.3455,-86.5181,-1.9779,3,0.0750,1.0000,8,4,4,0,0,4,4,0.0000
4,112.0000,17,36,792.6995,-86.1325,-0.0335,7,0.1750,1.0000,8,8,8,0,0,8,8,0.0000
4,112.0000,17,39,517.9367,-84.1813,0.0954,18,0.4500,0.7143,7,6,3,0,0,6,3,0.5000
4,112.0000,17,40,191.8073,-73.9628,-0.5506,35,0.8750,0.2000,5,5,2,0,0,5,2,0.6000
4,112.0000,17,42,529.7930,-84.8656,-0.2181,11,0.2750,1.0000,8,8,8,0,0,8,8,0.0000
4,112.0000,17,44,721.1767,-85.8777,-0.3444,10,0.2500,1.0000,6,8,8,0,0,8,8,0.0000
4,112.0000,17,45,321.1754,-77.7804,-0.4968,25,0.6250,0.7143,7,7,6,0,0,7,6,0.1429
4,112.0000,17,46,447.5748,-83.8676,0.2211,12,0.3000,0.8571,7,6,4,0,0,6,4,0.3333
4,112.0000,18,2,351.3568,-80.8178,0.8493,20,0.5000,0.5714,7,6,2,0,0,6,2,0.6667
4,112.0000,18,4,630.1857,-85.6225,-0.7082,9,0.2250,1.0000,8,7,6,0,0,7,6,0.1429
4,112.0000,18,8,820.6984,-88.6842,0.9611,4,0.1000,1.0000,8,8,8,0,0,8,8,0.0000
4,112.0000,18,9,289.3340,-78.3627,-0.3120,30,0.7500,0.5000,6,7,4,0,0,7,4,0.4286
4,112.0000,18,11,322.5172,-79.8107,-0.2601,26,0.6500,0.2000,5,8,6,0,0,8,6,0.2500
4,112.0000,18,13,627.5524,-86.0623,-1.6907,6,0.1500,1.0000,8,8,8,0,0,8,8,0.0000
4,112.0000,18,15,737.1733,-87.9784,0.1385,4,0.1000,0.8750,8,8,8,0,0,8,8,0.0000
4,112.0000,18,17,602.6504,-85.8859,-0.2094,9,0.2250,0.6667,6,9,8,0,0,9,8,0.1111
4,112.0000,18,21,760.2998,-86.6396,-0.6217,5,0.1250,1.0000,8,8,7,0,0,8,7,0.1250
4,112.0000,18,24,1010.0811,-88.6762,0.8505,3,0.0750,1.0000,2,8,8,0,0,8,8,0.0000
4,112.0000,18,25,500.5638,-83.9425,0.5373,11,0.2750,0.4000,5,7,6,0,0,7,6,0.1429
4,112.0000,18,28,312.9230,-79.4596,-0.3023,26,0.6500,0.4000,5,7,6,0,0,7,6,0.1429
4,112.0000,18,30,538.1841,-85.6938,0.0564,9,0.2250,0.6667,6,7,6,0,0,7,6,0.1429
4,112.0000,18,32,317.3722,-79.9303,-0.3961,29,0.7250,0.7143,7,4,0,0,0,4,0,1.0000
4,112.0000,18,35,591.8613,-84.1806,-1.3568,18,0.4500,1.0000,8,8,8,0,0,8,8,0.0000
4,112.0000,18,39,386.0655,-80.8784,0.5387,25,0.6250,0.4000,5,7,6,0,0,7,6,0.1429
4,112.0000,18,40,758.3169,-87.3516,0.2345,4,0.1000,1.0000,8,8,8,0,0,8,8,0.0000
4,112.0000,18,44,297.1035,-80.0575,0.6475,27,0.6750,0.2000,5,6,4,0,0,6,4,0.3333
4,112.0000,18,45,531.2704,-83.1638,1.4474,9,0.2250,0.8571,7,8,8,0,0,8,8,0.0000
4,112.0000,18,46,803.8216,-88.0639,0.9710,6,0.1500,1.0000,8,8,8,0,0,8,8,0.0000
4,112.0000,19,1,169.2768,-76.4581,0.9417,33,0.8250,0.0000,4,4,0,0,0,4,0,1.0000
4,112.0000,19,3,441.7942,-82.4081,-0.2591,14,0.3500,0.7143,7,8,8,0,0,8,8,0.0000
4,112.0000,19,4,699.1275,-86.2730,0.4917,7,0.1750,0.8571,7,10,10,0,0,10,10,0.0000
4,112.0000,19,5,357.3273,-79.7616,-0.3442,25,0.6250,0.4000,5,7,6,0,0,7,6,0.1429
4,112.0000,19,6,482.4733,-84.1047,0.0913,17,0.4250,0.7143,7,7,4,0,0,7,4,0.4286
4,112.0000,19,7,833.3069,-87.3925,-0.3157,6,0.1500,1.0000,6,8,8,0,0,8,8,0.0000
4,112.0000,19,8,579.4908,-82.0220,-1.0499,9,0.2250,1.0000,8,8,8,0,0,8,8,0.0000
4,112.0000,19,9,1119.0214,-88.7272,0.0222,3,0.0750,1.0000,4,2,2,0,0,2,2,0.0000
4,112.0000,19,11,1091.8528,-88.0086,0.7456,3,0.0750,0.8333,6,6,6,0,0,6,6,0.0000
4,112.0000,19,12,938.0342,-87.3554,-0.2844,4,0.1000,0.8750,8,4,4,0,0,4,4,0.0000
4,112.0000,19,13,769.8026,-87.3817,-0.3026,4,0.1000,1.0000,8,8,7,0,0,8,7,0.1250
4,112.0000,19,14,792.0949,-86.8089,0.7797,6,0.1500,0.8571,7,6,6,0,0,6,6,0.0000
4,112.0000,19,15,648.5530,-85.2081,-0.6429,8,0.2000,1.0000,8,7,6,0,0,7,6,0.1429
4,112.0000,19,20,401.3158,-80.7980,1.0173,19,0.4750,0.6667,6,8,8,0,0,8,8,0.0000
4,112.0000,19,21,613.0228,-84.5794,1.8196,7,0.1750,1.0000,8,7,6,0,0,7,6,0.1429
4,112.0000,19,22,853.1804,-87.2467,0.8186,3,0.0750,,0,8,8,0,0,8,8,0.0000
4,112.0000,19,23,989.4926,-88.1575,-0.4474,3,0.0750,,0,4,4,0,0,4,4,0.0000
4,112.0000,19,24,388.3690,-81.2338,0.1393,13,0.3250,0.7143,7,8,7,0,0,8,7,0.1250
4,112.0000,19,25,961.7596,-89.7324,0.1219,3,0.0750,1.0000,6,4,4,0,0,4,4,0.0000
4,112.0000,19,26,1049.4536,-89.2547,0.2943,4,0.1000,1.0000,4,6,6,0,0,6,6,0.0000
4,112.0000,19,27,463.2596,-84.3738,-0.0984,10,0.2500,1.0000,8,8,8,0,0,8,8,0.0000
4,112.0000,19,29,1044.6659,-88.0554,0.3303,4,0.1000,1.0000,6,2,2,0,0,2,2,0.0000
4,112.0000,19,30,868.7106,-86.3009,0.0842,4,0.1000,0.8571,7,8,8,0,0,8,8,0.0000
4,112.0000,19,31,760.1795,-86.1061,-0.1196,5,0.1250,0.8750,8,8,8,0,0,8,8,0.0000
4,112.0000,19,32,1002.7866,-86.8211,-0.3238,3,0.0750,1.0000,4,8,8,0,0,8,8,0.0000
4,112.0000,19,33,336.2292,-79.9231,0.1772,21,0.5250,0.7500,8,6,2,0,0,6,2,0.6667
4,112.0000,19,34,733.7140,-88.0653,-0.6815,6,0.1500,0.8571,7,8,8,0,0,8,8,0.0000
4,112.0000,19,36,362.4431,-80.8694,0.7194,13,0.3250,0.8571,7,8,7,0,0,8,7,0.1250
4,112.0000,19,37,505.0634,-84.7729,-0.0035,15,0.3750,0.7143,7,7,4,0,0,7,4,0.4286
4,112.0000,19,38,871.3343,-89.6696,0.1334,4,0.1000,,0,8,8,0,0,8,8,0.0000
4,112.0000,19,42,693.2876,-85.2950,-0.0306,6,0.1500,0.8571,7,8,8,0,0,8,8,0.0000
4,112.0000,19,46,786.9202,-86.0767,-0.5577,5,0.1250,1.0000,8,4,4,0,0,4,4,0.0000
4,112.0000,20,1,297.0851,-78.1301,-0.3445,33,0.8250,0.4000,20,7,6,0,0,7,6,0.1429
4,112.0000,20,2,750.8311,-86.6124,0.1188,10,0.2500,0.8571,7,8,8,0,0,8,8,0.0000
4,112.0000,20,3,801.6321,-87.4808,-0.7335,7,0.1750,1.0000,6,8,7,0,0,8,7,0.1250
4,112.0000,20,4,380.0102,-82.5431,0.2367,20,0.5000,0.8571,7,7,6,0,0,7,6,0.1429
4,112.0000,20,5,706.5117,-86.4387,-0.3244,20,0.5000,0.8571,7,7,5,0,0,7,5,0.2857
4,112.0000,20,6,872.5507,-87.4837,-0.0317,7,0.1750,1.0000,4,4,4,0,0,4,4,0.0000
4,112.0000,20,8,416.7909,-82.7005,-0.8701,20,0.5000,0.7143,7,7,5,0,0,7,5,0.2857
4,112.0000,20,9,775.9061,-87.9447,0.6659,9,0.2250,1.0000,8,8,8,0,0,8,8,0.0000
4,112.0000,20,11,857.1203,-88.2353,0.3346,7,0.1750,0.8750,8,8,8,0,0,8,8,0.0000
4,112.0000,20,13,654.4252,-86.4411,-0.1481,14,0.3500,1.0000,8,8,8,0,0,8,8,0.0000
4,112.0000,20,14,919.1375,-87.7722,-0.2201,6,0.1500,1.0000,6,8,8,0,0,8,8,0.0000
4,112.0000,20,15,587.7953,-85.8742,0.3745,11,0.2750,0.8750,8,6,3,0,0,6,3,0.5000
4,112.0000,20,17,826.3513,-87.1120,-0.2721,13,0.3250,1.0000,8,8,7,0,0,8,7,0.1250
4,112.0000,20,18,852.0862,-87.8805,0.9734,6,0.1500,1.0000,4,8,7,0,0,8,7,0.1250
4,112.0000,20,19,401.3158,-81.2404,0.0029,26,0.6500,0.8750,8,6,4,0,0,6,4,0.3333
4,112.0000,20,21,269.7199,-79.8315,0.6337,23,0.5750,0.5000,6,4,0,2,1,6,1,0.8333
4,112.0000,20,24,522.0835,-85.8687,0.4434,11,0.2750,0.5714,7,7,6,0,0,7,6,0.1429
4,112.0000,20,25,778.3621,-87.6145,0.3362,10,0.2500,1.0000,6,8,8,0,0,8,8,0.0000
4,112.0000,20,27,310.6208,-79.6119,0.6184,27,0.6750,0.8140,86,5,4,53,46,58,50,0.1379
4,112.0000,20,28,761.1086,-86.4572,-0.1305,12,0.3000,0.8750,8,7,6,0,0,7,6,0.1429
4,112.0000,20,30,478.9046,-83.1718,-0.1524,19,0.4750,0.8750,8,10,10,0,0,10,10,0.0000
4,112.0000,20,31,839.1019,-88.5266,-0.1706,6,0.1500,1.0000,6,7,6,0,0,7,6,0.1429
4,112.0000,20,32,635.9192,-86.3220,-0.4044,13,0.3250,0.8750,8,6,3,0,0,6,3,0.5000
4,112.0000,20,33,113.2218,-73.1038,1.6849,37,0.9250,0.1667,24,4,0,6,1,10,1,0.9000
4,112.0000,20,34,946.5293,-87.6910,0.0077,6,0.1500,1.0000,4,2,2,0,0,2,2,0.0000
4,112.0000,20,35,921.5222,-87.8528,0.3642,7,0.1750,1.0000,8,6,6,0,0,6,6,0.0000
4,112.0000,20,36,517.8194,-84.1898,-0.0401,15,0.3750,0.8571,7,6,3,0,0,6,3,0.5000
4,112.0000,20,37,872.4412,-88.5284,-0.0671,6,0.1500,1.0000,4,6,6,0,0,6,6,0.0000
4,112.0000,20,40,835.2294,-87.5690,-0.7119,6,0.1500,1.0000,8,8,8,0,0,8,8,0.0000
4,112.0000,20,42,688.5228,-86.6977,0.0815,11,0.2750,0.8750,8,8,8,0,0,8,8,0.0000
4,112.0000,20,44,718.8771,-87.1517,0.7299,13,0.3250,1.0000,6,8,8,0,0,8,8,0.0000
4,112.0000,20,45,529.8497,-84.5068,0.3804,16,0.4000,1.0000,8,8,7,0,0,8,7,0.1250
4,112.0000,20,46,745.8071,-85.8047,-0.6923,6,0.1500,1.0000,8,8,8,0,0,8,8,0.0000
4,112.0000,21,1,547.3932,-84.0866,0.1678,10,0.2500,0.5000,6,6,4,0,0,6,4,0.3333
4,112.0000,21,2,562.9308,-84.1022,-0.7156,14,0.3500,1.0000,8,8,8,0,0,8,8,0.0000
4,112.0000,21,3,941.4505,-87.5621,0.1655,4,0.1000,1.0000,4,4,4,0,0,4,4,0.0000
4,112.0000,21,4,168.4350,-73.3398,-0.2273,36,0.9000,0.2000,5,4,0,0,0,4,0,1.0000
4,112.0000,21,5,909.2688,-87.8463,0.0175,3,0.0750,,0,8,8,0,0,8,8,0.0000
4,112.0000,21,8,295.0060,-77.9448,-0.5422,22,0.5500,0.7500,8,8,6,0,0,8,6,0.2500
4,112.0000,21,9,602.3414,-85.4748,0.2772,16,0.4000,0.9444,36,8,6,0,0,8,6,0.2500
4,112.0000,21,11,746.5398,-85.6135,-0.8815,12,0.3000,0.7143,7,8,8,2,2,10,10,0.0000
4,112.0000,21,13,606.8427,-85.4349,1.6924,8,0.2000,1.0000,8,8,8,0,0,8,8,0.0000
4,112.0000,21,15,573.5522,-85.1612,1.3558,9,0.2250,1.0000,8,8,8,0,0,8,8,0.0000
4,112.0000,21,17,642.1760,-84.9343,0.4484,13,0.3250,0.8571,7,7,6,0,0,7,6,0.1429
4,112.0000,21,18,760.2998,-86.8191,-0.0467,9,0.2250,1.0000,8,8,8,0,0,8,8,0.0000
4,112.0000,21,19,613.0228,-86.5826,0.2688,6,0.1500,1.0000,6,9,8,0,0,9,8,0.1111
4,112.0000,21,20,269.7199,-78.5215,0.4725,28,0.7000,0.4000,5,5,1,0,0,5,1,0.8000
4,112.0000,21,24,600.2336,-86.3044,0.6995,6,0.1500,1.0000,8,8,8,0,0,8,8,0.0000
4,112.0000,21,25,671.2709,-85.0199,-1.1664,9,0.2250,0.7143,7,7,6,0,0,7,6,0.1429
4,112.0000,21,27,277.6790,-77.5160,-0.7009,23,0.5750,0.8750,8,8,6,0,0,8,6,0.2500
4,112.0000,21,28,678.6618,-85.5980,1.0946,13,0.3250,1.0000,8,8,8,0,0,8,8,0.0000
4,112.0000,21,30,420.0446,-80.1646,-0.4135,23,0.5750,0.5000,6,7,6,0,0,7,6,0.1429
4,112.0000,21,31,818.7095,-87.2697,-0.1059,6,0.1500,1.0000,8,8,8,0,0,8,8,0.0000
4,112.0000,21,32,531.4078,-84.0547,0.1449,16,0.4000,1.0000,8,8,8,0,0,8,8,0.0000
4,112.0000,21,33,288.2536,-78.9794,0.7234,21,0.5250,0.3333,6,6,3,0,0,6,3,0.5000
4,112.0000,21,34,983.1310,-88.7680,0.0656,3,0.0750,,0,6,6,0,0,6,6,0.0000
4,112.0000,21,35,911.8319,-87.5132,-1.0338,3,0.0750,1.0000,8,4,4,0,0,4,4,0.0000
4,112.0000,21,36,613.9660,-86.1727,0.0784,8,0.2000,0.8571,7,8,8,0,0,8,8,0.0000
4,112.0000,21,40,676.3002,-85.1139,0.1065,10,0.2500,0.8571,7,8,8,0,0,8,8,0.0000
4,112.0000,21,42,616.4532,-86.1142,-0.0343,7,0.1750,1.0000,8,8,8,0,0,8,8,0.0000
4,112.0000,21,44,627.1681,-84.6331,-0.6557,19,0.4750,1.0000,8,8,7,0,0,8,7,0.1250
4,112.0000,21,45,338.6026,-80.1362,-0.0513,19,0.4750,0.4000,5,6,3,0,0,6,3,0.5000
4,112.0000,21,46,695.8681,-86.0427,-0.3624,11,0.2750,1.0000,8,8,8,0,0,8,8,0.0000
4,112.0000,22,0,270.4511,-78.1607,-0.7533,31,0.7750,0.4286,7,5,1,0,0,5,1,0.8000
4,112.0000,22,1,945.5537,-88.3780,0.8123,3,0.0750,1.0000,4,10,10,0,0,10,10,0.0000
4,112.0000,22,3,527.1099,-83.5875,-0.4333,14,0.3500,0.8571,7,8,8,0,0,8,8,0.0000
4,112.0000,22,5,542.1662,-84.9975,1.2309,9,0.2250,1.0000,8,8,7,0,0,8,7,0.1250
4,112.0000,22,6,533.5711,-84.5008,-0.1275,17,0.4250,1.0000,8,8,7,0,0,8,7,0.1250
4,112.0000,22,7,668.1246,-85.4173,0.4533,13,0.3250,0.8750,8,5,4,0,0,5,4,0.2000
4,112.0000,22,10,886.0177,-86.8976,0.4268,7,0.1750,1.0000,6,8,8,0,0,8,8,0.0000
4,112.0000,22,16,654.0988,-84.0535,-0.3722,21,0.5250,0.8750,8,7,6,0,0,7,6,0.1429
4,112.0000,22,23,670.1944,-84.5325,-0.7291,11,0.2750,1.0000,8,8,7,0,0,8,7,0.1250
4,112.0000,22,26,880.5916,-87.2405,-0.0951,7,0.1750,1.0000,8,6,6,0,0,6,6,0.0000
4,112.0000,22,29,874.3679,-87.8864,0.2376,8,0.2000,0.6667,6,8,8,0,0,8,8,0.0000
4,112.0000,22,37,450.9580,-83.7611,-0.2156,21,0.5250,0.6000,5,7,3,0,0,7,3,0.5714
4,112.0000,22,38,695.1395,-86.6047,-1.3825,7,0.1750,0.6667,6,8,8,0,0,8,8,0.0000
4,112.0000,22,41,802.8144,-85.2219,-1.0035,8,0.2000,1.0000,8,8,8,0,0,8,8,0.0000
4,112.0000,22,43,575.5208,-84.3149,0.8535,19,0.4750,1.0000,8,7,4,0,0,7,4,0.4286
4,112.0000,22,47,816.1528,-87.5408,0.0713,8,0.2000,1.0000,8,7,6,0,0,7,6,0.1429
4,112.0000,23,0,677.6316,-84.4744,-0.5779,17,0.4250,0.7143,7,6,6,0,0,6,6,0.0000
4,112.0000,23,3,572.4356,-84.3522,-0.6879,9,0.2250,0.8750,8,8,8,0,0,8,8,0.0000
4,112.0000,23,5,874.2565,-86.5424,-0.7995,5,0.1250,1.0000,8,7,6,0,0,7,6,0.1429
4,112.0000,23,6,806.5953,-86.3730,-0.2569,10,0.2500,1.0000,8,6,6,0,0,6,6,0.0000
4,112.0000,23,7,457.4396,-82.7442,0.6525,21,0.5250,0.6250,8,7,6,0,0,7,6,0.1429
4,112.0000,23,10,485.8756,-83.6857,-0.1770,26,0.6500,0.5714,7,7,6,0,0,7,6,0.1429
4,112.0000,23,12,485.0399,-84.1943,0.2256,14,0.3500,0.6000,5,7,5,0,0,7,5,0.2857
4,112.0000,23,16,571.6703,-84.1584,-0.2465,21,0.5250,0.7143,7,7,6,0,0,7,6,0.1429
4,112.0000,23,22,670.1944,-85.3025,-0.8062,15,0.3750,0.8571,7,7,6,0,0,7,6,0.1429
4,112.0000,23,26,335.1479,-80.2107,-0.8556,30,0.7500,0.5000,6,4,0,0,0,4,0,1.0000
4,112.0000,23,29,436.0992,-82.7528,-0.1228,24,0.6000,0.7143,7,6,3,0,0,6,3,0.5000
4,112.0000,23,37,822.5255,-85.9843,1.0549,7,0.1750,1.0000,8,10,9,0,0,10,9,0.1000
4,112.0000,23,38,291.1697,-78.7303,0.0435,31,0.7750,0.4000,5,4,1,0,0,4,1,0.7500
4,112.0000,23,41,219.5623,-76.4245,0.1200,35,0.8750,0.2000,5,5,2,0,0,5,2,0.6000
4,112.0000,23,43,487.8606,-83.0260,-0.5678,26,0.6500,0.5000,6,8,8,0,0,8,8,0.0000
4,112.0000,23,47,426.5100,-82.4373,0.4366,27,0.6750,0.7143,7,7,5,0,0,7,5,0.2857
4,112.0000,24,1,498.6005,-83.8817,0.3610,14,0.3500,0.8750,8,6,4,0,0,6,4,0.3333
4,112.0000,24,2,970.2755,-88.0240,-0.6231,4,0.1000,1.0000,8,8,8,0,0,8,8,0.0000
4,112.0000,24,3,556.3529,-85.6725,0.0919,10,0.2500,0.8750,8,7,5,0,0,7,5,0.2857
4,112.0000,24,4,594.5389,-85.4373,0.5059,12,0.3000,1.0000,8,7,5,0,0,7,5,0.2857
4,112.0000,24,5,679.5198,-84.4504,0.1513,10,0.2500,0.8571,7,6,4,0,0,6,4,0.3333
4,112.0000,24,6,733.0710,-87.0884,1.0514,9,0.2250,1.0000,8,7,6,0,0,7,6,0.1429
4,112.0000,24,7,844.8270,-86.8269,-1.0211,7,0.1750,0.7500,8,6,5,0,0,6,5,0.1667
4,112.0000,24,8,395.5637,-82.7659,0.3792,16,0.4000,1.0000,8,7,5,0,0,7,5,0.2857
4,112.0000,24,9,972.7944,-87.9741,0.6640,5,0.1250,1.0000,4,4,4,0,0,4,4,0.0000
4,112.0000,24,11,845.7204,-87.4855,-0.9893,6,0.1500,1.0000,8,8,8,0,0,8,8,0.0000
4,112.0000,24,12,710.6930,-85.7391,0.1990,11,0.2750,0.7143,7,8,8,0,0,8,8,0.0000
4,112.0000,24,13,465.0738,-82.7647,-0.6948,14,0.3500,1.0000,8,8,8,0,0,8,8,0.0000
4,112.0000,24,14,421.3489,-80.0776,-1.0497,25,0.6250,0.8750,8,7,5,0,0,7,5,0.2857
4,112.0000,24,15,326.3084,-78.0812,-0.1489,27,0.6750,0.5000,6,7,5,0,0,7,5,0.2857
4,112.0000,24,19,388.3690,-80.5731,0.7286,20,0.5000,0.8750,8,6,3,0,0,6,3,0.5000
4,112.0000,24,20,522.0835,-85.0274,0.1628,14,0.3500,0.6667,6,8,8,0,0,8,8,0.0000
4,112.0000,24,21,600.2336,-84.7402,0.4524,9,0.2250,1.0000,8,8,7,0,0,8,7,0.1250
4,112.0000,24,22,1065.8819,-89.2346,-0.3070,3,0.0750,1.0000,2,6,6,0,0,6,6,0.0000
4,112.0000,24,23,939.5663,-89.1345,-1.2574,3,0.0750,1.0000,4,4,3,0,0,4,3,0.2500
4,112.0000,24,25,672.6799,-86.5917,-0.4632,8,0.2000,1.0000,6,7,6,0,0,7,6,0.1429
4,112.0000,24,26,943.9411,-88.2936,-1.6087,5,0.1250,1.0000,8,4,3,0,0,4,3,0.2500
4,112.0000,24,27,328.6392,-81.8941,0.4634,20,0.5000,0.8571,7,5,1,0,0,5,1,0.8000
4,112.0000,24,29,969.3349,-88.6674,0.5082,4,0.1000,1.0000,8,4,4,0,0,4,4,0.0000
4,112.0000,24,30,893.3930,-86.7312,-0.5383,4,0.1000,1.0000,4,6,6,0,0,6,6,0.0000
4,112.0000,24,31,376.2461,-80.2109,-0.7579,24,0.6000,0.5000,6,8,7,0,0,8,7,0.1250
4,112.0000,24,32,940.7731,-88.3817,-0.0316,4,0.1000,1.0000,8,8,8,0,0,8,8,0.0000
4,112.0000,24,33,466.1063,-82.9871,0.0960,18,0.4500,1.0000,8,8,8,0,0,8,8,0.0000
4,112.0000,24,34,435.1825,-80.6099,-0.5334,21,0.5250,0.6000,5,7,6,0,0,7,6,0.1429
4,112.0000,24,36,40.1949,-64.1894,3.0797,35,0.8750,0.0000,4,5,0,0,0,5,0,1.0000
4,112.0000,24,38,826.6289,-87.3363,0.1303,3,0.0750,1.0000,2,7,6,0,0,7,6,0.1429
4,112.0000,24,40,657.5435,-86.8181,0.1616,11,0.2750,0.8750,8,10,10,0,0,10,10,0.0000
4,112.0000,24,41,883.2344,-88.5134,0.2561,8,0.2000,1.0000,2,5,4,0,0,5,4,0.2000
4,112.0000,24,42,349.7701,-78.4893,-0.1660,25,0.6250,0.8750,8,6,4,0,0,6,4,0.3333
4,112.0000,24,45,639.8360,-87.0003,0.3556,8,0.2000,0.8571,7,7,5,0,0,7,5,0.2857
4,112.0000,24,46,422.4154,-80.2378,-1.3931,23,0.5750,0.5714,7,8,6,0,0,8,6,0.2500
4,112.0000,25,2,529.4877,-83.7942,0.4663,11,0.2683,0.8750,8,7,6,0,0,7,6,0.1429
4,112.0000,25,4,512.9395,-82.8097,0.1049,9,0.2195,1.0000,8,7,5,0,0,7,5,0.2857
4,112.0000,25,8,536.0052,-84.1391,-0.4164,6,0.1463,1.0000,8,7,5,0,0,7,5,0.2857
4,112.0000,25,9,494.7559,-84.5965,-0.8765,13,0.3171,0.6250,8,4,2,0,0,4,2,0.5000
4,112.0000,25,11,209.4113,-74.1624,-0.6718,36,0.8780,0.0000,4,6,3,0,0,6,3,0.5000
4,112.0000,25,13,217.4669,-77.6518,0.5654,25,0.6098,0.5000,6,6,2,0,0,6,2,0.6667
4,112.0000,25,14,686.5578,-86.6953,-0.1269,6,0.1463,1.0000,2,7,6,0,0,7,6,0.1429
4,112.0000,25,15,351.3242,-81.3509,-0.2324,11,0.2683,1.0000,8,6,4,0,0,6,4,0.3333
4,112.0000,25,17,258.4759,-77.0670,0.0934,28,0.6829,0.5000,6,5,1,0,0,5,1,0.8000
4,112.0000,25,18,500.5638,-83.6039,0.1692,19,0.4634,0.8571,7,7,6,0,0,7,6,0.1429
4,112.0000,25,19,961.7596,-88.7926,-0.1023,4,0.0976,1.0000,8,2,2,0,0,2,2,0.0000
4,112.0000,25,20,778.3621,-85.7708,1.1061,3,0.0732,1.0000,8,8,8,0,0,8,8,0.0000
4,112.0000,25,21,671.2709,-86.1248,-0.1978,6,0.1463,0.7143,7,7,6,0,0,7,6,0.1429
4,112.0000,25,24,672.6799,-85.6100,-0.6297,6,0.1463,1.0000,8,8,8,0,0,8,8,0.0000
4,112.0000,25,27,576.5549,-85.0136,0.0381,7,0.1707,1.0000,8,8,8,0,0,8,8,0.0000
4,112.0000,25,28,721.3620,-86.0471,-0.7972,8,0.1951,0.8571,7,8,6,0,0,8,6,0.2500
4,112.0000,25,30,748.1539,-86.6414,-0.7216,7,0.1707,1.0000,8,7,6,0,0,7,6,0.1429
4,112.0000,25,31,602.7249,-85.3146,0.1091,6,0.1463,1.0000,8,10,10,0,0,10,10,0.0000
4,112.0000,25,32,614.4273,-84.1499,-1.3281,15,0.3659,0.3333,6,8,8,0,0,8,8,0.0000
4,112.0000,25,33,805.5070,-87.4498,21.5534,3,0.0732,1.0000,8,6,6,0,0,6,6,0.0000
4,112.0000,25,36,695.1899,-86.2696,-0.2467,5,0.1220,1.0000,8,8,7,0,0,8,7,0.1250
4,112.0000,25,39,500.3198,-83.0684,-0.7698,18,0.4390,0.7143,7,5,2,0,0,5,2,0.6000
4,112.0000,25,40,311.1533,-78.7949,-0.3196,22,0.5366,0.5000,6,6,2,0,0,6,2,0.6667
4,112.0000,25,42,539.1745,-84.4872,-0.0248,5,0.1220,1.0000,4,8,6,0,0,8,6,0.2500
4,112.0000,25,44,674.1985,-84.8820,-0.9481,11,0.2683,0.5714,7,7,6,0,0,7,6,0.1429
4,112.0000,25,45,367.6120,-80.6700,-1.2868,16,0.3902,0.6250,8,6,3,0,0,6,3,0.5000
4,112.0000,25,46,335.1309,-81.1485,0.4720,16,0.3902,0.8571,7,6,3,0,0,6,3,0.5000
4,112.0000,26,0,806.7486,-85.2814,-0.5249,14,0.3500,1.0000,8,8,8,0,0,8,8,0.0000
4,112.0000,26,3,664.9924,-85.2411,0.3272,9,0.2250,1.0000,6,8,8,0,0,8,8,0.0000
4,112.0000,26,6,847.8282,-86.2724,0.5659,5,0.1250,0.8889,9,6,6,0,0,6,6,0.0000
4,112.0000,26,7,349.2350,-77.1508,-1.9094,36,0.9000,0.2000,5,5,2,0,0,5,2,0.6000
4,112.0000,26,10,343.7658,-80.4811,-0.3736,35,0.8750,0.5000,6,4,0,0,0,4,0,1.0000
4,112.0000,26,12,372.7100,-81.7003,0.0290,25,0.6250,1.0000,8,7,6,0,0,7,6,0.1429
4,112.0000,26,14,857.0512,-86.3349,-1.4396,5,0.1250,1.0000,8,8,8,0,0,8,8,0.0000
4,112.0000,26,16,571.5872,-82.7466,-1.2230,28,0.7000,0.3333,6,8,7,0,0,8,7,0.1250
4,112.0000,26,22,880.5916,-87.1220,0.5876,11,0.2750,1.0000,8,6,6,0,0,6,6,0.0000
4,112.0000,26,23,335.1479,-80.3436,-0.2608,30,0.7500,0.0000,4,6,3,0,0,6,3,0.5000
4,112.0000,26,24,943.9411,-85.9416,-3.0077,3,0.0750,1.0000,8,8,8,0,0,8,8,0.0000
4,112.0000,26,29,149.4036,-72.2221,-0.2076,37,0.9250,0.0000,4,4,0,0,0,4,0,1.0000
4,112.0000,26,31,917.2769,-87.9136,-0.6353,4,0.1000,1.0000,8,6,6,0,0,6,6,0.0000
4,112.0000,26,34,614.8169,-86.7977,1.0644,6,0.1500,0.8571,7,8,8,0,0,8,8,0.0000
4,112.0000,26,37,907.1950,-86.9876,2.2695,3,0.0750,1.0000,8,8,7,0,0,8,7,0.1250
4,112.0000,26,38,211.1006,-71.0265,-2.7675,36,0.9000,0.2000,5,5,2,0,0,5,2,0.6000
4,112.0000,26,41,131.7183,-70.5489,0.3161,35,0.8750,0.0000,4,4,0,0,0,4,0,1.0000
4,112.0000,26,42,1029.6010,-88.3124,-0.6529,3,0.0750,1.0000,8,6,6,0,0,6,6,0.0000
4,112.0000,26,43,609.8538,-85.5160,-0.4594,24,0.6000,1.0000,8,8,7,0,0,8,7,0.1250
4,112.0000,26,47,290.7450,-80.0563,-0.3011,35,0.8750,0.4000,5,6,3,0,0,6,3,0.5000
4,112.0000,27,1,473.5211,-84.0082,0.0328,18,0.4500,0.3333,6,7,6,0,0,7,6,0.1429
4,112.0000,27,2,701.4475,-85.8609,-0.3226,8,0.2000,0.8750,8,6,3,0,0,6,3,0.5000
4,112.0000,27,3,746.0250,-87.2287,0.0123,6,0.1500,,0,2,2,0,0,2,2,0.0000
4,112.0000,27,4,282.1386,-75.9587,-1.4205,30,0.7500,0.4000,5,6,4,0,0,6,4,0.3333
4,112.0000,27,5,785.8509,-86.2080,0.2054,8,0.2000,1.0000,8,6,4,0,0,6,4,0.3333
4,112.0000,27,6,914.8208,-87.8352,1.2057,3,0.0750,,0,4,4,0,0,4,4,0.0000
4,112.0000,27,8,130.0148,-69.2098,-0.4651,37,0.9250,0.0000,4,5,1,0,0,5,1,0.8000
4,112.0000,27,9,720.2013,-87.6658,-0.8983,7,0.1750,0.8750,8,3,2,0,0,3,2,0.3333
4,112.0000,27,11,715.6283,-86.3014,-1.0958,9,0.2250,0.6667,6,8,8,19,18,27,26,0.0370
4,112.0000,27,13,437.3756,-81.9366,-0.1891,16,0.4000,0.7143,7,8,8,0,0,8,8,0.0000
4,112.0000,27,14,662.5263,-86.1219,-0.4292,11,0.2750,0.8571,7,8,7,0,0,8,7,0.1250
4,112.0000,27,15,353.9159,-81.8575,0.3209,17,0.4250,0.7143,7,7,6,0,0,7,6,0.1429
4,112.0000,27,17,596.9169,-85.2005,-0.3510,9,0.2250,0.8750,8,8,8,0,0,8,8,0.0000
4,112.0000,27,18,824.1997,-87.3888,-0.3622,7,0.1750,1.0000,4,8,8,0,0,8,8,0.0000
4,112.0000,27,19,463.2596,-81.8437,0.3545,17,0.4250,0.7143,7,5,1,0,0,5,1,0.8000
4,112.0000,27,20,310.6208,-79.4625,0.2335,28,0.7000,0.5000,6,5,2,0,0,5,2,0.6000
4,112.0000,27,21,277.6790,-77.4018,-0.1394,30,0.7500,0.5938,32,8,6,0,0,8,6,0.2500
4,112.0000,27,24,328.6392,-80.5898,1.4730,18,0.4500,0.8571,7,6,4,0,0,6,4,0.3333
4,112.0000,27,25,576.5549,-85.9239,0.6102,11,0.2750,0.8824,17,8,8,0,0,8,8,0.0000
4,112.0000,27,28,834.0973,-86.3479,-0.1589,7,0.1750,0.8750,8,6,6,0,0,6,6,0.0000
4,112.0000,27,30,621.2956,-83.6298,-0.6692,14,0.3500,0.8571,7,8,8,0,0,8,8,0.0000
4,112.0000,27,31,558.3402,-84.8830,0.7655,14,0.3500,1.0000,8,6,4,0,0,6,4,0.3333
4,112.0000,27,32,685.0024,-85.2547,-0.4707,11,0.2750,0.8750,8,6,4,0,0,6,4,0.3333
4,112.0000,27,33,272.1445,-78.0168,-0.7155,34,0.8500,0.2000,5,5,2,0,0,5,2,0.6000
4,112.0000,27,34,710.0414,-86.8752,-0.5436,10,0.2500,0.8000,5,7,6,0,0,7,6,0.1429
4,112.0000,27,35,1079.4555,-89.0656,0.4344,3,0.0750,1.0000,6,4,4,0,0,4,4,0.0000
4,112.0000,27,36,347.8611,-80.5555,0.7440,18,0.4500,0.8750,8,7,4,0,0,7,4,0.4286
4,112.0000,27,40,557.9258,-84.9634,-0.1870,14,0.3500,0.8571,7,7,6,0,0,7,6,0.1429
4,112.0000,27,42,381.7407,-81.8346,0.6151,14,0.3500,0.4000,5,5,1,0,0,5,1,0.8000
4,112.0000,27,44,780.4147,-86.6101,-0.9412,9,0.2250,0.8000,5,8,8,0,0,8,8,0.0000
4,112.0000,27,45,375.7675,-80.9132,-0.3131,16,0.4000,0.8750,8,6,3,0,0,6,3,0.5000
4,112.0000,27,46,478.4458,-82.5448,0.0951,13,0.3250,0.6667,6,8,7,0,0,8,7,0.1250
4,112.0000,28,2,352.6542,-78.3251,-0.9287,28,0.7000,0.8571,7,7,6,0,0,7,6,0.1429
4,112.0000,28,4,604.9135,-86.1136,-0.1579,6,0.1500,1.0000,8,8,8,0,0,8,8,0.0000
4,112.0000,28,8,847.9893,-87.4575,0.0324,4,0.1000,1.0000,8,8,8,0,0,8,8,0.0000
4,112.0000,28,9,341.2662,-79.4077,0.1200,21,0.5250,0.5000,6,5,2,0,0,5,2,0.6000
4,112.0000,28,11,592.7880,-83.1840,-0.5125,15,0.3750,0.7143,7,8,8,0,0,8,8,0.0000
4,112.0000,28,13,799.3295,-86.3744,-0.2231,6,0.1500,1.0000,8,8,8,0,0,8,8,0.0000
4,112.0000,28,17,773.2619,-86.9821,-0.6022,3,0.0750,1.0000,8,8,8,0,0,8,8,0.0000
4,112.0000,28,18,312.9230,-79.2863,0.0452,29,0.7250,0.5000,6,8,6,0,0,8,6,0.2500
4,112.0000,28,20,761.1086,-87.9362,0.4944,7,0.1750,1.0000,8,8,8,0,0,8,8,0.0000
4,112.0000,28,21,678.6618,-85.2591,-1.4450,6,0.1500,0.8571,7,8,8,0,0,8,8,0.0000
4,112.0000,28,25,721.3620,-86.7461,0.1505,5,0.1250,1.0000,8,8,8,0,0,8,8,0.0000
4,112.0000,28,27,834.0973,-88.1000,0.2807,4,0.1000,1.0000,8,6,6,0,0,6,6,0.0000
4,112.0000,28,30,319.8063,-79.4537,0.4040,26,0.6500,0.6667,6,6,3,0,0,6,3,0.5000
4,112.0000,28,32,155.8487,-70.2785,-0.8582,36,0.9000,0.0000,4,5,1,0,0,5,1,0.8000
4,112.0000,28,35,341.9809,-80.6752,0.1557,34,0.8500,0.6667,6,5,1,0,0,5,1,0.8000
4,112.0000,28,39,648.4148,-85.9198,-0.3349,7,0.1750,0.8750,8,7,6,0,0,7,6,0.1429
4,112.0000,28,40,928.1862,-87.8116,0.9153,5,0.1250,1.0000,8,8,8,0,0,8,8,0.0000
4,112.0000,28,44,58.1738,-64.2619,0.6979,36,0.9000,0.2000,5,4,0,0,0,4,0,1.0000
4,112.0000,28,45,581.3697,-82.6563,-0.3039,12,0.3000,0.7500,8,7,6,0,0,7,6,0.1429
4,112.0000,29,0,763.1601,-86.0537,-0.4795,9,0.2250,1.0000,8,6,5,0,0,6,5,0.1667
4,112.0000,29,3,666.2110,-84.4566,0.0799,4,0.1000,0.7143,7,8,8,0,0,8,8,0.0000
4,112.0000,29,7,269.3338,-75.8734,-1.2626,33,0.8250,0.4000,5,5,2,0,0,5,2,0.6000
4,112.0000,29,10,306.4402,-79.6310,-0.1356,36,0.9000,0.2000,5,5,2,0,0,5,2,0.6000
4,112.0000,29,12,474.7549,-83.1212,0.6959,14,0.3500,0.7500,8,5,2,0,0,5,2,0.6000
4,112.0000,29,16,509.2997,-83.7128,-0.0895,20,0.5000,0.4000,5,7,4,0,0,7,4,0.4286
4,112.0000,29,22,874.3679,-86.5003,-0.3313,8,0.2000,1.0000,8,8,8,0,0,8,8,0.0000
4,112.0000,29,23,436.0992,-83.1403,-0.7293,21,0.5250,0.5714,7,7,5,0,0,7,5,0.2857
4,112.0000,29,26,149.4036,-71.8134,-0.3061,32,0.8000,0.4000,5,4,0,0,0,4,0,1.0000
4,112.0000,29,34,670.1673,-86.3975,-0.8482,3,0.0750,0.8571,7,8,8,0,0,8,8,0.0000
4,112.0000,29,37,865.0142,-87.7334,-0.9842,4,0.1000,1.0000,6,5,4,0,0,5,4,0.2000
4,112.0000,29,38,222.1847,-75.2292,-0.1025,30,0.7500,0.0000,4,6,2,0,0,6,2,0.6667
4,112.0000,29,41,255.3018,-76.8953,-0.2636,34,0.8500,0.0000,4,4,0,0,0,4,0,1.0000
4,112.0000,29,43,601.3634,-85.6459,0.0484,19,0.4750,0.8571,7,7,6,0,0,7,6,0.1429
4,112.0000,29,47,246.6483,-80.3110,1.4396,31,0.7750,0.2000,5,4,0,0,0,4,0,1.0000
4,112.0000,30,1,749.6899,-87.0892,-0.4091,8,0.2000,1.0000,8,8,8,0,0,8,8,0.0000
4,112.0000,30,2,434.9854,-81.6705,0.1763,21,0.5250,0.8571,7,8,6,0,0,8,6,0.2500
4,112.0000,30,4,417.6279,-83.7145,0.3285,18,0.4500,0.6667,6,8,6,0,0,8,6,0.2500
4,112.0000,30,8,657.1736,-85.5675,0.2732,11,0.2750,0.7143,7,8,8,0,0,8,8,0.0000
4,112.0000,30,9,461.4751,-84.2482,0.4338,20,0.5000,0.8571,7,6,4,0,0,6,4,0.3333
4,112.0000,30,11,705.5268,-85.3211,-0.3542,11,0.2750,1.0000,8,8,8,0,0,8,8,0.0000
4,112.0000,30,13,751.6538,-87.1895,-0.8768,9,0.2250,1.0000,8,8,8,0,0,8,8,0.0000
4,112.0000,30,15,776.1440,-88.0707,0.6334,6,0.1500,0.8571,7,8,8,0,0,8,8,0.0000
4,112.0000,30,17,778.8357,-86.9523,-0.0111,10,0.2500,1.0000,8,8,8,0,0,8,8,0.0000
4,112.0000,30,18,538.1841,-85.3214,0.1772,14,0.3500,1.0000,8,7,4,0,0,7,4,0.4286
4,112.0000,30,19,868.7106,-88.3806,-0.3404,7,0.1750,1.0000,8,8,8,0,0,8,8,0.0000
4,112.0000,30,20,478.9046,-82.1017,-0.1533,16,0.4000,0.7143,7,6,4,0,0,6,4,0.3333
4,112.0000,30,21,420.0446,-80.9246,-1.3043,22,0.5500,0.8571,7,6,3,0,0,6,3,0.5000
4,112.0000,30,24,893.3930,-88.2698,0.2746,6,0.1500,1.0000,6,8,8,0,0,8,8,0.0000
4,112.0000,30,25,748.1539,-86.5626,0.4383,9,0.2250,1.0000,8,6,6,0,0,6,6,0.0000
4,112.0000,30,27,621.2956,-85.6329,-0.4864,10,0.2500,0.6667,6,8,8,0,0,8,8,0.0000
4,112.0000,30,28,319.8063,-80.7952,-0.6099,24,0.6000,0.7143,7,7,4,0,0,7,4,0.4286
4,112.0000,30,32,234.0060,-79.5614,1.3785,26,0.6500,0.5714,7,7,3,0,0,7,3,0.5714
4,112.0000,30,33,578.2156,-83.7791,-1.0212,12,0.3000,1.0000,8,8,7,0,0,8,7,0.1250
4,112.0000,30,35,493.8808,-84.0548,-0.2336,21,0.5250,0.7143,7,5,2,0,0,5,2,0.6000
4,112.0000,30,36,897.0253,-87.8328,0.1548,5,0.1250,1.0000,8,4,4,0,0,4,4,0.0000
4,112.0000,30,39,856.8538,-88.0090,-0.8724,4,0.1000,1.0000,8,8,8,0,0,8,8,0.0000
4,112.0000,30,40,891.6539,-88.0689,-0.1012,5,0.1250,1.0000,8,8,8,0,0,8,8,0.0000
4,112.0000,30,42,946.1596,-89.1686,-0.3671,4,0.1000,1.0000,6,8,8,0,0,8,8,0.0000
4,112.0000,30,44,289.1593,-78.8823,-0.2511,30,0.7500,0.5000,6,6,3,0,0,6,3,0.5000
4,112.0000,30,45,487.3958,-83.7446,0.0608,17,0.4250,0.7143,7,8,7,0,0,8,7,0.1250
4,112.0000,30,46,911.3027,-86.0584,-0.3563,5,0.1250,1.0000,8,8,8,0,0,8,8,0.0000
4,112.0000,31,1,871.9524,-87.3640,0.4553,5,0.1220,1.0000,8,7,6,0,0,7,6,0.1429
4,112.0000,31,3,796.2389,-87.7762,0.5094,7,0.1707,,0,4,4,0,0,4,4,0.0000
4,112.0000,31,4,748.8519,-86.4855,-0.8871,7,0.1707,1.0000,8,7,6,0,0,7,6,0.1429
4,112.0000,31,5,1010.7716,-89.0577,-0.1367,5,0.1220,1.0000,6,8,8,0,0,8,8,0.0000
4,112.0000,31,7,954.0150,-87.7639,-0.1834,7,0.1707,1.0000,4,8,8,0,0,8,8,0.0000
4,112.0000,31,8,535.0169,-85.3338,0.2767,10,0.2439,1.0000,8,7,6,0,0,7,6,0.1429
4,112.0000,31,11,808.9260,-87.7832,-0.1510,8,0.1951,1.0000,8,8,8,0,0,8,8,0.0000
4,112.0000,31,12,580.0154,-84.0708,-0.6384,21,0.5122,0.6667,6,10,10,0,0,10,10,0.0000
4,112.0000,31,13,445.7844,-82.6346,-0.1618,14,0.3415,1.0000,8,8,6,0,0,8,6,0.2500
4,112.0000,31,14,147.1387,-73.9511,1.3069,38,0.9268,0.1389,36,4,0,1,0,5,0,1.0000
4,112.0000,31,15,361.7346,-79.6510,-0.1091,26,0.6341,0.8723,94,5,4,0,0,5,4,0.2000
4,112.0000,31,17,662.7487,-86.2527,0.2221,7,0.1707,1.0000,8,8,8,0,0,8,8,0.0000
4,112.0000,31,19,760.1795,-86.0368,-0.1433,9,0.2195,1.0000,8,8,8,0,0,8,8,0.0000
4,112.0000,31,21,818.7095,-88.2482,-0.8925,4,0.0976,1.0000,8,6,6,0,0,6,6,0.0000
4,112.0000,31,23,962.7157,-88.9955,-0.2564,3,0.0732,,0,2,2,0,0,2,2,0.0000
4,112.0000,31,24,376.2461,-80.3606,-0.4344,25,0.6098,0.6667,6,8,8,0,0,8,8,0.0000
4,112.0000,31,25,602.7249,-86.9198,0.0863,9,0.2195,1.0000,8,6,4,0,0,6,4,0.3333
4,112.0000,31,26,917.2769,-88.0765,0.2668,4,0.0976,0.8571,7,6,6,0,0,6,6,0.0000
4,112.0000,31,27,558.3402,-85.3259,0.8017,9,0.2195,1.0000,8,8,8,0,0,8,8,0.0000
4,112.0000,31,29,975.6466,-87.5942,-0.2724,3,0.0732,1.0000,6,2,2,0,0,2,2,0.0000
4,112.0000,31,33,789.7585,-86.4509,-1.1505,6,0.1463,1.0000,10,4,4,0,0,4,4,0.0000
4,112.0000,31,34,305.6486,-79.2191,-0.8161,33,0.8049,0.3333,6,8,8,0,0,8,8,0.0000
4,112.0000,31,36,405.7177,-81.7946,-0.2433,20,0.4878,1.0000,8,7,6,0,0,7,6,0.1429
4,112.0000,31,37,1093.0612,-89.2969,0.6681,4,0.0976,1.0000,4,2,2,0,0,2,2,0.0000
4,112.0000,31,38,881.4843,-86.9506,0.1503,6,0.1463,1.0000,4,6,6,0,0,6,6,0.0000
4,112.0000,31,40,494.5834,-83.4801,0.7855,12,0.2927,0.8571,7,7,6,59,55,66,61,0.0758
4,112.0000,31,41,869.5849,-87.5316,-0.3281,3,0.0732,1.0000,4,2,2,0,0,2,2,0.0000
4,112.0000,31,42,240.9626,-77.2124,0.1191,29,0.7073,0.5000,6,7,3,0,0,7,3,0.5714
4,112.0000,31,45,712.8378,-86.9985,2.4554,5,0.1220,1.0000,8,8,8,0,0,8,8,0.0000
4,112.0000,31,46,271.1707,-77.5892,-0.5130,31,0.7561,0.4000,5,5,2,69,45,74,47,0.3649
4,112.0000,32,1,908.7502,-88.0959,0.4050,5,0.1220,1.0000,6,8,8,0,0,8,8,0.0000
4,112.0000,32,2,259.1668,-74.8346,-1.2042,33,0.8049,0.0000,4,7,6,0,0,7,6,0.1429
4,112.0000,32,4,449.4461,-83.1731,-0.0430,15,0.3659,0.8571,7,6,4,0,0,6,4,0.3333
4,112.0000,32,8,693.7836,-88.0461,0.1702,6,0.1463,1.0000,8,7,6,0,0,7,6,0.1429
4,112.0000,32,9,260.9082,-77.5794,-0.6566,33,0.8049,0.2000,5,5,1,0,0,5,1,0.8000
4,112.0000,32,11,521.5535,-83.7278,-0.2171,20,0.4878,1.0000,8,8,8,0,0,8,8,0.0000
4,112.0000,32,13,678.4769,-86.0319,-0.7742,11,0.2683,1.0000,8,8,7,0,0,8,7,0.1250
4,112.0000,32,15,743.6518,-86.9940,-0.2139,6,0.1463,1.0000,8,7,6,0,0,7,6,0.1429
4,112.0000,32,17,652.0819,-85.6159,0.7290,13,0.3171,0.8750,8,8,7,0,0,8,7,0.1250
4,112.0000,32,18,317.3722,-78.9126,-0.2719,34,0.8293,0.2000,5,6,3,0,0,6,3,0.5000
4,112.0000,32,19,1002.7866,-88.0366,1.8834,4,0.0976,1.0000,6,2,2,0,0,2,2,0.0000
4,112.0000,32,20,635.9192,-85.7971,2.3054,6,0.1463,1.0000,8,8,8,0,0,8,8,0.0000
4,112.0000,32,21,531.4078,-84.0091,-0.0601,13,0.3171,0.8750,8,8,8,0,0,8,8,0.0000
4,112.0000,32,25,614.4273,-84.3369,-0.8207,11,0.2683,0.8750,8,8,7,0,0,8,7,0.1250
4,112.0000,32,27,685.0024,-86.7225,-1.2056,9,0.2195,0.8571,7,6,6,0,0,6,6,0.0000
4,112.0000,32,28,155.8487,-70.2867,-0.6319,37,0.9024,0.0000,4,5,2,0,0,5,2,0.6000
4,112.0000,32,30,234.0060,-78.7342,1.2330,31,0.7561,0.4000,5,4,0,0,0,4,0,1.0000
4,112.0000,32,33,726.7424,-86.7630,0.1850,8,0.1951,1.0000,8,5,4,0,0,5,4,0.2000
4,112.0000,32,35,471.2746,-82.6137,-0.4083,31,0.7561,0.8571,7,7,4,0,0,7,4,0.4286
4,112.0000,32,36,949.4116,-88.6699,-1.1856,3,0.0732,1.0000,4,6,6,0,0,6,6,0.0000
4,112.0000,32,39,631.2059,-84.9067,-0.0590,19,0.4634,0.7143,7,7,6,0,0,7,6,0.1429
4,112.0000,32,40,797.0121,-88.1549,0.5975,6,0.1463,1.0000,8,8,8,0,0,8,8,0.0000
4,112.0000,32,42,937.8291,-87.7147,0.3916,6,0.1463,1.0000,6,8,8,0,0,8,8,0.0000
4,112.0000,32,44,99.0150,-67.6626,1.3272,35,0.8537,0.3333,6,5,2,0,0,5,2,0.6000
4,112.0000,32,45,431.0389,-81.6156,-0.3367,20,0.4878,0.6667,6,8,8,0,0,8,8,0.0000
4,112.0000,33,1,264.1678,-78.1039,0.2275,29,0.7250,0.0000,4,6,4,0,0,6,4,0.3333
4,112.0000,33,2,815.0293,-86.9667,0.2575,5,0.1250,0.8571,7,8,8,0,0,8,8,0.0000
4,112.0000,33,3,705.0504,-87.3570,-0.4841,6,0.1500,1.0000,8,8,7,0,0,8,7,0.1250
4,112.0000,33,4,408.1803,-81.5246,-0.3143,14,0.3500,0.6667,6,7,6,0,0,7,6,0.1429
4,112.0000,33,5,630.7049,-83.9847,-0.9150,13,0.3250,1.0000,8,8,8,0,0,8,8,0.0000
4,112.0000,33,6,800.1051,-86.9926,1.4298,4,0.1000,1.0000,4,4,4,0,0,4,4,0.0000
4,112.0000,33,8,378.5355,-78.4043,-1.1252,23,0.5750,0.6667,6,7,6,0,0,7,6,0.1429
4,112.0000,33,9,842.3942,-87.8022,0.1359,6,0.1500,1.0000,8,8,8,0,0,8,8,0.0000
4,112.0000,33,12,1105.4838,-88.6303,-0.9532,4,0.1000,1.0000,6,8,8,0,0,8,8,0.0000
4,112.0000,33,13,667.0702,-85.8412,-0.9854,7,0.1750,0.8750,8,8,7,0,0,8,7,0.1250
4,112.0000,33,15,582.7389,-83.5550,-0.5034,10,0.2500,1.0000,8,7,6,0,0,7,6,0.1429
4,112.0000,33,17,838.3455,-87.3534,0.0331,7,0.1750,1.0000,8,6,6,0,0,6,6,0.0000
4,112.0000,33,18,934.2154,-87.3169,6.8885,3,0.0750,1.0000,2,6,6,0,0,6,6,0.0000
4,112.0000,33,19,336.2292,-78.1995,-0.4705,20,0.5000,0.8571,7,7,6,0,0,7,6,0.1429
4,112.0000,33,20,113.2218,-73.6795,1.8117,36,0.9000,0.0000,4,4,0,0,0,4,0,1.0000
4,112.0000,33,21,288.2536,-79.7384,0.4742,22,0.5500,0.5000,6,5,2,0,0,5,2,0.6000
4,112.0000,33,24,466.1063,-82.7194,-0.0903,9,0.2250,1.0000,8,8,8,0,0,8,8,0.0000
4,112.0000,33,25,805.5070,-88.7316,0.5994,3,0.0750,1.0000,6,4,4,0,0,4,4,0.0000
4,112.0000,33,27,272.1445,-76.9821,-0.3113,30,0.7500,0.2000,5,7,5,0,0,7,5,0.2857
4,112.0000,33,28,859.2421,-87.4998,1.9096,6,0.1500,1.0000,6,8,8,0,0,8,8,0.0000
4,112.0000,33,30,578.2156,-83.9192,-0.3319,13,0.3250,0.8571,7,8,8,0,0,8,8,0.0000
4,112.0000,33,31,789.7585,-87.6369,0.0394,5,0.1250,1.0000,8,8,8,0,0,8,8,0.0000
4,112.0000,33,32,726.7424,-86.9394,0.2638,7,0.1750,0.8571,7,7,6,0,0,7,6,0.1429
4,112.0000,33,34,873.9964,-86.4950,-1.8492,4,0.1000,1.0000,6,6,6,0,0,6,6,0.0000
4,112.0000,33,35,1032.2115,-88.7975,-0.4744,3,0.0750,1.0000,4,4,4,0,0,4,4,0.0000
4,112.0000,33,36,463.7736,-83.8056,1.1708,11,0.2750,0.8750,8,8,8,0,0,8,8,0.0000
4,112.0000,33,37,796.1380,-87.2657,-0.0487,5,0.1250,0.8750,8,8,8,0,0,8,8,0.0000
4,112.0000,33,38,1125.4796,-88.9696,-1.1490,3,0.0750,,0,6,6,0,0,6,6,0.0000
4,112.0000,33,40,824.2254,-87.1880,-0.4260,6,0.1500,1.0000,10,8,8,0,0,8,8,0.0000
4,112.0000,33,42,634.7368,-84.3492,-0.7833,10,0.2500,0.8571,7,4,2,0,0,4,2,0.5000
4,112.0000,33,44,814.1916,-86.2503,-0.1783,6,0.1500,0.7500,4,6,6,0,0,6,6,0.0000
4,112.0000,33,45,559.3956,-84.9239,0.6644,9,0.2250,1.0000,8,8,6,0,0,8,6,0.2500
4,112.0000,33,46,730.8221,-84.8423,-0.8941,9,0.2250,1.0000,8,6,6,0,0,6,6,0.0000
4,112.0000,34,1,884.6189,-89.1442,-0.8456,3,0.0750,1.0000,2,8,8,0,0,8,8,0.0000
4,112.0000,34,3,608.7115,-85.9894,-0.1527,9,0.2250,0.8333,6,8,8,0,0,8,8,0.0000
4,112.0000,34,4,957.8677,-87.0507,-0.3697,3,0.0750,0.8750,8,8,8,0,0,8,8,0.0000
4,112.0000,34,5,884.3922,-87.9211,0.4329,3,0.0750,1.0000,4,8,8,0,0,8,8,0.0000
4,112.0000,34,7,667.0172,-86.6257,-0.6193,13,0.3250,0.8571,7,8,8,0,0,8,8,0.0000
4,112.0000,34,8,716.3173,-86.6085,0.8205,6,0.1500,1.0000,8,8,8,0,0,8,8,0.0000
4,112.0000,34,10,952.1882,-87.6277,-0.4847,7,0.1750,1.0000,4,2,2,0,0,2,2,0.0000
4,112.0000,34,12,306.5227,-79.0489,0.4822,28,0.7000,0.3333,6,4,1,0,0,4,1,0.7500
4,112.0000,34,13,715.7651,-85.9775,-0.2371,5,0.1250,0.8571,7,8,8,0,0,8,8,0.0000
4,112.0000,34,14,257.3096,-74.8583,-1.5479,36,0.9000,0.4000,5,7,6,0,0,7,6,0.1429
4,112.0000,34,15,602.8145,-84.8310,0.4207,10,0.2500,0.8750,8,8,8,0,0,8,8,0.0000
4,112.0000,34,19,733.7140,-85.9596,0.9092,6,0.1500,0.6667,6,6,6,0,0,6,6,0.0000
4,112.0000,34,22,1089.3179,-88.5975,0.4351,4,0.1000,1.0000,4,6,6,0,0,6,6,0.0000
4,112.0000,34,23,696.8104,-86.0106,0.9721,9,0.2250,1.0000,2,8,7,0,0,8,7,0.1250
4,112.0000,34,24,435.1825,-79.7029,-0.9129,16,0.4000,0.7143,7,7,6,0,0,7,6,0.1429
4,112.0000,34,26,614.8169,-84.6168,-0.0770,9,0.2250,1.0000,8,8,8,0,0,8,8,0.0000
4,112.0000,34,27,710.0414,-85.5650,-0.4662,4,0.1000,1.0000,8,8,8,0,0,8,8,0.0000
4,112.0000,34,29,670.1673,-85.1119,-0.1531,11,0.2750,1.0000,6,8,6,0,0,8,6,0.2500
4,112.0000,34,31,305.6486,-77.4450,-0.7387,28,0.7000,0.0000,4,8,6,0,0,8,6,0.2500
4,112.0000,34,36,448.5257,-81.4787,-0.8402,14,0.3500,0.8750,8,8,8,0,0,8,8,0.0000
4,112.0000,34,38,585.9801,-86.0005,0.7555,14,0.3500,0.8000,5,7,5,0,0,7,5,0.2857
4,112.0000,34,40,787.7715,-87.2271,0.1801,4,0.1000,0.8750,8,8,8,0,0,8,8,0.0000
4,112.0000,34,41,575.8908,-85.3226,-0.1027,14,0.3500,0.6667,3,8,7,0,0,8,7,0.1250
4,112.0000,34,42,459.7680,-82.4010,-0.2206,16,0.4000,1.0000,8,8,8,0,0,8,8,0.0000
4,112.0000,34,45,962.5214,-88.1553,-0.6340,4,0.1000,1.0000,8,8,8,0,0,8,8,0.0000
4,112.0000,34,46,562.7968,-82.3567,-0.5009,10,0.2500,0.8750,8,8,8,0,0,8,8,0.0000
4,112.0000,34,47,885.4644,-86.8289,0.5347,5,0.1250,1.0000,4,6,6,0,0,6,6,0.0000
4,112.0000,35,2,689.3450,-84.4623,-0.7381,6,0.1500,1.0000,8,8,8,0,0,8,8,0.0000
4,112.0000,35,8,1120.7955,-89.1138,-0.2639,3,0.0750,1.0000,6,4,4,0,0,4,4,0.0000
4,112.0000,35,9,681.6707,-85.0819,0.4558,6,0.1500,1.0000,8,7,6,0,0,7,6,0.1429
4,112.0000,35,11,897.2164,-87.8023,-1.4857,3,0.0750,1.0000,8,8,8,0,0,8,8,0.0000
4,112.0000,35,13,1079.8637,-87.0014,0.6010,4,0.1000,0.8333,6,8,8,0,0,8,8,0.0000
4,112.0000,35,18,591.8613,-83.7208,-2.3258,8,0.2000,1.0000,8,8,7,0,0,8,7,0.1250
4,112.0000,35,21,911.8319,-88.2033,-0.5280,3,0.0750,1.0000,8,8,8,0,0,8,8,0.0000
4,112.0000,35,25,1030.5292,-88.2145,-0.9516,3,0.0750,1.0000,2,8,8,0,0,8,8,0.0000
4,112.0000,35,28,341.9809,-80.6312,-0.3833,14,0.3500,0.7143,7,6,3,0,0,6,3,0.5000
4,112.0000,35,30,493.8808,-83.0820,0.4473,9,0.2250,0.8571,7,8,8,0,0,8,8,0.0000
4,112.0000,35,32,471.2746,-82.2483,-1.1882,13,0.3250,1.0000,8,8,7,0,0,8,7,0.1250
4,112.0000,35,39,939.3398,-87.7117,-2.5779,3,0.0750,0.8750,8,10,10,0,0,10,10,0.0000
4,112.0000,35,44,392.9382,-81.2829,-0.3572,17,0.4250,0.7143,7,7,5,0,0,7,5,0.2857
4,112.0000,36,1,476.0585,-83.3788,0.7808,14,0.3500,0.8750,8,4,0,0,0,4,0,1.0000
4,112.0000,36,3,541.9036,-85.6982,-0.1885,11,0.2750,1.0000,6,7,5,0,0,7,5,0.2857
4,112.0000,36,4,613.5985,-85.3537,0.8081,9,0.2250,0.8750,8,7,6,0,0,7,6,0.1429
4,112.0000,36,5,654.8877,-85.4714,-0.5930,11,0.2750,0.8750,8,7,6,0,0,7,6,0.1429
4,112.0000,36,6,704.6656,-87.0923,-0.5170,8,0.2000,0.8000,5,6,6,0,0,6,6,0.0000
4,112.0000,36,7,829.7716,-86.9966,0.7649,4,0.1000,1.0000,6,4,4,0,0,4,4,0.0000
4,112.0000,36,8,424.1459,-81.5076,0.8092,12,0.3000,0.8571,7,7,5,0,0,7,5,0.2857
4,112.0000,36,11,863.5487,-88.0208,0.4365,6,0.1500,0.8571,7,8,8,0,0,8,8,0.0000
4,112.0000,36,12,721.8432,-87.1933,-0.2754,8,0.2000,1.0000,8,7,6,0,0,7,6,0.1429
4,112.0000,36,13,484.8955,-81.4008,-0.3462,15,0.3750,0.6667,6,8,8,0,0,8,8,0.0000
4,112.0000,36,14,439.8619,-82.0058,0.1361,26,0.6500,0.7143,7,8,7,0,0,8,7,0.1250
4,112.0000,36,15,346.9793,-77.4734,-0.8908,27,0.6750,0.2000,5,7,6,0,0,7,6,0.1429
4,112.0000,36,17,792.6995,-85.9617,-0.1181,8,0.2000,1.0000,8,6,6,0,0,6,6,0.0000
4,112.0000,36,18,1020.1979,-89.0260,0.1911,3,0.0750,1.0000,8,4,4,0,0,4,4,0.0000
4,112.0000,36,19,362.4431,-80.8822,-0.2838,19,0.4750,0.8571,7,7,4,0,0,7,4,0.4286
4,112.0000,36,20,517.8194,-85.3343,0.4217,14,0.3500,0.8750,8,7,5,0,0,7,5,0.2857
4,112.0000,36,21,613.9660,-85.6962,0.2538,12,0.3000,1.0000,8,8,7,0,0,8,7,0.1250
4,112.0000,36,22,1053.5379,-87.5484,0.1651,3,0.0750,1.0000,4,4,4,0,0,4,4,0.0000
4,112.0000,36,23,943.2675,-88.6090,-0.3161,4,0.1000,1.0000,2,8,8,0,0,8,8,0.0000
4,112.0000,36,24,40.1949,-63.5000,3.1439,37,0.9250,0.2000,5,5,1,0,0,5,1,0.8000
4,112.0000,36,25,695.1899,-86.2345,-0.2807,6,0.1500,0.7500,8,8,8,0,0,8,8,0.0000
4,112.0000,36,26,942.3898,-86.9556,-0.6566,4,0.1000,1.0000,4,4,4,0,0,4,4,0.0000
4,112.0000,36,27,347.8611,-81.4248,0.4277,14,0.3500,0.8571,7,5,4,0,0,5,4,0.2000
4,112.0000,36,28,1083.1603,-87.9946,-0.7732,3,0.0750,1.0000,8,8,8,0,0,8,8,0.0000
4,112.0000,36,29,961.7389,-89.0616,-0.4238,3,0.0750,1.0000,8,2,2,0,0,2,2,0.0000
4,112.0000,36,30,897.0253,-87.9762,0.3485,4,0.1000,1.0000,8,5,4,0,0,5,4,0.2000
4,112.0000,36,31,405.7177,-81.0167,0.4768,19,0.4750,1.0000,8,7,6,0,0,7,6,0.1429
4,112.0000,36,33,463.7736,-82.3603,-1.1664,14,0.3500,0.5714,7,5,2,0,0,5,2,0.6000
4,112.0000,36,34,448.5257,-81.7209,-1.1397,18,0.4500,0.6667,6,7,6,0,0,7,6,0.1429
4,112.0000,36,37,762.9984,-87.6229,1.2052,3,0.0750,0.8000,5,4,2,0,0,4,2,0.5000
4,112.0000,36,38,820.3491,-87.7890,3.4302,3,0.0750,1.0000,2,7,6,0,0,7,6,0.1429
4,112.0000,36,40,692.5290,-86.8524,0.4258,7,0.1750,1.0000,8,8,7,0,0,8,7,0.1250
4,112.0000,36,42,389.6487,-79.7419,-0.7111,24,0.6000,0.6667,6,4,0,0,0,4,0,1.0000
4,112.0000,36,44,1034.4492,-88.3894,0.4606,3,0.0750,1.0000,2,6,6,0,0,6,6,0.0000
4,112.0000,36,45,663.2226,-87.1197,0.9616,9,0.2250,0.8750,8,8,8,0,0,8,8,0.0000
4,112.0000,36,46,449.9251,-79.4528,-0.9739,19,0.4750,0.0000,4,8,8,0,0,8,8,0.0000
4,112.0000,37,0,511.5316,-83.3284,0.0700,21,0.5250,0.8750,8,7,6,0,0,7,6,0.1429
4,112.0000,37,1,596.1571,-83.8011,0.7952,7,0.1750,1.0000,8,8,6,0,0,8,6,0.2500
4,112.0000,37,3,342.9646,-79.4562,-1.2987,23,0.5750,0.4000,5,4,2,0,0,4,2,0.5000
4,112.0000,37,5,169.2264,-76.5446,1.5690,33,0.8250,0.4000,5,5,0,0,0,5,0,1.0000
4,112.0000,37,6,121.6990,-69.1570,-0.8826,37,0.9250,0.0000,4,4,0,0,0,4,0,1.0000
4,112.0000,37,7,599.4634,-86.7985,0.3773,8,0.2000,0.8571,7,7,5,0,0,7,5,0.2857
4,112.0000,37,10,1003.1240,-87.4962,0.5371,5,0.1250,,0,8,8,0,0,8,8,0.0000
4,112.0000,37,16,828.5953,-86.6819,0.3888,5,0.1250,1.0000,8,8,8,0,0,8,8,0.0000
4,112.0000,37,19,505.0634,-84.7638,1.3897,9,0.2250,0.8571,7,7,5,0,0,7,5,0.2857
4,112.0000,37,22,450.9580,-83.0155,0.2712,21,0.5250,0.7500,8,4,1,0,0,4,1,0.7500
4,112.0000,37,23,822.5255,-86.3502,0.1495,6,0.1500,1.0000,6,8,8,0,0,8,8,0.0000
4,112.0000,37,26,907.1950,-86.1330,-0.4724,7,0.1750,1.0000,6,6,6,0,0,6,6,0.0000
4,112.0000,37,29,865.0142,-86.1147,0.6796,5,0.1250,1.0000,8,6,6,0,0,6,6,0.0000
4,112.0000,37,33,796.1380,-86.0868,0.6016,3,0.0750,1.0000,8,8,8,0,0,8,8,0.0000
4,112.0000,37,38,697.3487,-86.8661,0.7015,8,0.2000,1.0000,8,8,7,0,0,8,7,0.1250
4,112.0000,37,41,853.2933,-86.6108,0.7390,5,0.1250,1.0000,8,8,8,0,0,8,8,0.0000
4,112.0000,38,0,639.2654,-84.5148,0.2797,24,0.6000,0.7500,8,8,8,0,0,8,8,0.0000
4,112.0000,38,3,466.0204,-84.4880,0.0513,15,0.3750,1.0000,8,6,3,0,0,6,3,0.5000
4,112.0000,38,5,765.6278,-87.8485,-2.5628,6,0.1500,1.0000,8,8,7,0,0,8,7,0.1250
4,112.0000,38,6,643.0364,-85.3920,-0.6496,13,0.3250,0.7143,7,8,8,0,0,8,8,0.0000
4,112.0000,38,7,188.6593,-73.3316,-1.0808,38,0.9500,0.0000,4,5,1,0,0,5,1,0.8000
4,112.0000,38,10,422.8243,-81.5569,-0.6630,33,0.8250,0.3333,6,5,2,0,0,5,2,0.6000
4,112.0000,38,12,428.1881,-82.4939,-0.2108,20,0.5000,1.0000,8,5,4,0,0,5,4,0.2000
4,112.0000,38,16,513.1093,-82.8111,-1.2715,31,0.7750,0.5000,6,7,5,0,0,7,5,0.2857
4,112.0000,38,22,695.1395,-86.1457,-0.2878,18,0.4500,0.8750,8,6,6,0,0,6,6,0.0000
4,112.0000,38,23,291.1697,-78.8856,-0.0998,33,0.8250,0.2000,5,5,1,0,0,5,1,0.8000
4,112.0000,38,26,211.1006,-71.5437,-2.4879,36,0.9000,0.0000,4,5,2,0,0,5,2,0.6000
4,112.0000,38,29,222.1847,-75.1405,0.1246,37,0.9250,0.2000,5,4,0,0,0,4,0,1.0000
4,112.0000,38,31,881.4843,-88.9120,1.4943,3,0.0750,1.0000,8,8,8,0,0,8,8,0.0000
4,112.0000,38,34,585.9801,-85.7759,0.6919,6,0.1500,0.8750,8,8,7,0,0,8,7,0.1250
4,112.0000,38,37,697.3487,-86.2123,0.1439,13,0.3250,1.0000,8,8,7,0,0,8,7,0.1250
4,112.0000,38,41,177.5067,-73.3574,-0.7675,35,0.8750,0.2000,5,6,2,0,0,6,2,0.6667
4,112.0000,38,43,548.1768,-84.3066,-0.8385,23,0.5750,0.7143,7,8,8,0,0,8,8,0.0000
4,112.0000,38,47,339.0071,-80.5190,0.3244,36,0.9000,0.3333,6,5,1,0,0,5,1,0.8000
4,112.0000,39,2,485.0675,-83.5317,1.0240,11,0.2750,1.0000,8,6,4,0,0,6,4,0.3333
4,112.0000,39,4,806.8270,-88.5481,-0.4434,4,0.1000,1.0000,8,8,8,0,0,8,8,0.0000
4,112.0000,39,9,425.8989,-81.6280,-0.1347,15,0.3750,0.8750,8,6,4,0,0,6,4,0.3333
4,112.0000,39,11,324.7997,-80.4914,0.3139,19,0.4750,0.8571,7,6,3,0,0,6,3,0.5000
4,112.0000,39,17,517.9367,-85.9739,-0.1946,5,0.1250,0.8571,7,8,8,0,0,8,8,0.0000
4,112.0000,39,18,386.0655,-80.2672,-0.5444,17,0.4250,0.6667,6,8,8,0,0,8,8,0.0000
4,112.0000,39,25,500.3198,-83.8821,-0.0505,12,0.3000,1.0000,8,8,8,0,0,8,8,0.0000
4,112.0000,39,28,648.4148,-86.9890,-0.8243,9,0.2250,0.6667,6,8,8,0,0,8,8,0.0000
4,112.0000,39,30,856.8538,-87.9461,-0.8059,4,0.1000,1.0000,8,8,8,0,0,8,8,0.0000
4,112.0000,39,32,631.2059,-84.0553,-1.4171,8,0.2000,1.0000,8,8,8,0,0,8,8,0.0000
4,112.0000,39,35,939.3398,-86.4857,-0.3077,4,0.1000,0.8000,5,7,6,0,0,7,6,0.1429
4,112.0000,39,40,683.1476,-84.8400,0.4381,7,0.1750,1.0000,8,8,8,0,0,8,8,0.0000
4,112.0000,39,44,628.0111,-85.3324,-1.0417,5,0.1250,0.8750,8,8,8,0,0,8,8,0.0000
4,112.0000,39,45,651.3850,-85.2599,-0.0201,6,0.1500,0.7143,7,8,8,0,0,8,8,0.0000
4,112.0000,40,1,1019.3296,-88.3276,-0.3761,3,0.0750,1.0000,4,8,8,0,0,8,8,0.0000
4,112.0000,40,2,649.8154,-85.5895,0.4688,13,0.3250,1.0000,8,8,8,0,0,8,8,0.0000
4,112.0000,40,4,535.4355,-83.7755,-1.2505,14,0.3500,0.8571,7,8,8,0,0,8,8,0.0000
4,112.0000,40,8,461.2134,-84.8750,0.1805,13,0.3250,0.4000,5,6,4,0,0,6,4,0.3333
4,112.0000,40,9,642.5899,-85.3099,-0.2597,19,0.4750,1.0000,8,6,4,0,0,6,4,0.3333
4,112.0000,40,11,485.1862,-83.9204,0.0997,21,0.5250,0.6667,6,8,6,0,0,8,6,0.2500
4,112.0000,40,12,1029.1433,-88.0998,-1.1542,4,0.1000,1.0000,2,3,2,0,0,3,2,0.3333
4,112.0000,40,13,362.9537,-81.2862,0.2505,18,0.4500,0.7143,7,5,1,70,59,75,60,0.2000
4,112.0000,40,14,619.1471,-85.2223,1.5187,9,0.2250,1.0000,6,8,8,0,0,8,8,0.0000
4,112.0000,40,15,417.5326,-83.4041,0.5054,14,0.3500,0.8571,7,7,6,0,0,7,6,0.1429
4,112.0000,40,17,191.8073,-74.3354,-1.7107,30,0.7500,0.2000,5,5,1,0,0,5,1,0.8000
4,112.0000,40,18,758.3169,-86.8640,-0.5850,10,0.2500,0.8750,8,7,6,0,0,7,6,0.1429
4,112.0000,40,20,835.2294,-88.6958,-0.4354,8,0.2000,1.0000,8,8,8,0,0,8,8,0.0000
4,112.0000,40,21,676.3002,-86.3265,-0.2870,11,0.2750,0.8571,7,8,8,0,0,8,8,0.0000
4,112.0000,40,24,657.5435,-85.3478,0.3131,7,0.1750,1.0000,8,8,8,0,0,8,8,0.0000
4,112.0000,40,25,311.1533,-78.9329,-0.1773,26,0.6500,0.5714,7,5,1,0,0,5,1,0.8000
4,112.0000,40,27,557.9258,-85.0018,-0.4485,13,0.3250,0.9600,150,8,8,76,64,84,72,0.1429
4,112.0000,40,28,928.1862,-88.0566,0.3097,8,0.2000,1.0000,8,8,8,0,0,8,8,0.0000
4,112.0000,40,30,891.6539,-87.2059,-0.1181,8,0.2000,1.0000,8,8,8,0,0,8,8,0.0000
4,112.0000,40,31,494.5834,-84.5225,1.6992,15,0.3750,1.0000,8,7,6,0,0,7,6,0.1429
4,112.0000,40,32,797.0121,-87.6392,-0.6829,9,0.2250,1.0000,8,6,6,0,0,6,6,0.0000
4,112.0000,40,33,824.2254,-87.2239,-1.0596,8,0.2000,1.0000,8,5,4,0,0,5,4,0.2000
4,112.0000,40,34,787.7715,-87.7351,-0.4665,6,0.1500,0.8750,8,8,8,0,0,8,8,0.0000
4,112.0000,40,36,692.5290,-85.6180,-0.1343,8,0.2000,1.0000,8,7,6,0,0,7,6,0.1429
4,112.0000,40,39,683.1476,-85.7305,-0.7812,16,0.4000,1.0000,6,9,9,0,0,9,9,0.0000
4,112.0000,40,42,376.1807,-82.6800,-0.2619,16,0.4000,1.0000,8,5,2,0,0,5,2,0.6000
4,112.0000,40,44,874.0456,-87.2604,0.4765,6,0.1500,1.0000,6,8,8,0,0,8,8,0.0000
4,112.0000,40,45,408.9310,-80.9297,-0.5632,16,0.4000,1.0000,8,7,6,0,0,7,6,0.1429
4,112.0000,40,46,326.2115,-81.4685,0.6238,16,0.4000,0.4000,5,7,6,0,0,7,6,0.1429
4,112.0000,41,0,766.1421,-85.1184,0.0459,9,0.2250,1.0000,8,6,6,0,0,6,6,0.0000
4,112.0000,41,3,588.4955,-84.9043,0.4500,7,0.1750,0.8750,8,8,8,0,0,8,8,0.0000
4,112.0000,41,5,907.0066,-86.9415,0.1343,4,0.1000,1.0000,4,4,4,0,0,4,4,0.0000
4,112.0000,41,6,806.0717,-87.0952,-0.3945,3,0.0750,1.0000,8,8,8,0,0,8,8,0.0000
4,112.0000,41,7,360.6019,-79.7976,-0.7565,28,0.7000,0.4286,7,5,1,0,0,5,1,0.8000
4,112.0000,41,10,414.9735,-80.0650,-0.1544,29,0.7250,0.4000,5,6,4,0,0,6,4,0.3333
4,112.0000,41,12,337.7330,-80.9173,0.8965,18,0.4500,0.2000,5,5,1,0,0,5,1,0.8000
4,112.0000,41,16,590.8056,-82.6995,-1.4544,18,0.4500,0.2000,5,7,5,0,0,7,5,0.2857
4,112.0000,41,22,802.8144,-86.0489,-0.3143,7,0.1750,1.0000,8,8,8,0,0,8,8,0.0000
4,112.0000,41,23,219.5623,-77.1829,-0.0279,33,0.8250,0.0000,4,4,0,0,0,4,0,1.0000
4,112.0000,41,26,131.7183,-70.3188,-0.4484,34,0.8500,0.0000,4,4,0,0,0,4,0,1.0000
4,112.0000,41,29,255.3018,-76.8290,-0.3930,31,0.7750,0.2500,4,6,3,0,0,6,3,0.5000
4,112.0000,41,37,853.2933,-85.1143,-0.0923,4,0.1000,1.0000,8,8,8,0,0,8,8,0.0000
4,112.0000,41,38,177.5067,-73.5136,-0.3329,32,0.8000,0.2000,5,4,0,0,0,4,0,1.0000
4,112.0000,41,43,587.0550,-84.2202,0.3461,22,0.5500,0.7143,7,8,8,0,0,8,8,0.0000
4,112.0000,41,47,352.6887,-81.8989,0.0923,32,0.8000,0.0000,4,5,1,0,0,5,1,0.8000
4,112.0000,42,1,777.8649,-86.8376,0.7027,5,0.1250,0.8750,8,8,8,0,0,8,8,0.0000
4,112.0000,42,2,871.1551,-87.9899,-1.4744,5,0.1250,1.0000,6,8,8,0,0,8,8,0.0000
4,112.0000,42,3,785.1287,-87.4223,0.4309,8,0.2000,1.0000,4,4,4,0,0,4,4,0.0000
4,112.0000,42,4,552.1078,-85.3829,-0.8330,10,0.2500,0.7500,8,8,7,0,0,8,7,0.1250
4,112.0000,42,5,963.5031,-88.3397,-0.0412,4,0.1000,1.0000,8,6,6,0,0,6,6,0.0000
4,112.0000,42,8,321.9114,-80.4002,0.1365,16,0.4000,0.8750,8,5,2,0,0,5,2,0.6000
4,112.0000,42,11,741.8558,-87.3733,0.1929,8,0.2000,0.8000,5,9,8,0,0,9,8,0.1111
4,112.0000,42,12,705.8432,-85.5424,-1.5518,8,0.2000,0.7143,7,7,6,0,0,7,6,0.1429
4,112.0000,42,13,405.0886,-82.9512,1.2285,13,0.3250,0.6667,6,8,6,0,0,8,6,0.2500
4,112.0000,42,14,383.6450,-81.5101,-0.0585,21,0.5250,0.5000,6,7,5,0,0,7,5,0.2857
4,112.0000,42,15,322.4559,-78.4094,-0.3861,25,0.6250,0.6667,6,6,3,0,0,6,3,0.5000
4,112.0000,42,17,529.7930,-84.4160,-0.5446,14,0.3500,1.0000,8,6,4,0,0,6,4,0.3333
4,112.0000,42,19,693.2876,-85.7933,0.3374,6,0.1500,1.0000,8,6,5,0,0,6,5,0.1667
4,112.0000,42,20,688.5228,-86.4919,0.4617,5,0.1250,0.7143,7,8,8,0,0,8,8,0.0000
4,112.0000,42,21,616.4532,-86.0595,-0.1921,8,0.2000,1.0000,8,8,8,0,0,8,8,0.0000
4,112.0000,42,24,349.7701,-79.2713,-0.5153,27,0.6750,0.4286,7,8,7,0,0,8,7,0.1250
4,112.0000,42,25,539.1745,-83.8590,-1.1124,7,0.1750,1.0000,8,8,8,0,0,8,8,0.0000
4,112.0000,42,26,1029.6010,-88.4146,-0.0935,4,0.1000,1.0000,4,4,4,0,0,4,4,0.0000
4,112.0000,42,27,381.7407,-81.7334,-0.3122,14,0.3500,0.7500,8,7,6,0,0,7,6,0.1429
4,112.0000,42,30,946.1596,-88.1883,0.4220,3,0.0750,1.0000,8,4,4,0,0,4,4,0.0000
4,112.0000,42,31,240.9626,-77.8091,0.3232,32,0.8000,0.0000,4,4,0,0,0,4,0,1.0000
4,112.0000,42,32,937.8291,-88.4419,1.0985,3,0.0750,1.0000,6,8,8,0,0,8,8,0.0000
4,112.0000,42,33,634.7368,-85.6667,0.7736,5,0.1250,0.8571,7,8,8,0,0,8,8,0.0000
4,112.0000,42,34,459.7680,-81.9609,-0.4935,20,0.5000,0.5714,7,7,5,0,0,7,5,0.2857
4,112.0000,42,36,389.6487,-80.1505,0.5406,17,0.4250,0.5000,6,8,8,0,0,8,8,0.0000
4,112.0000,42,38,962.8587,-88.1170,-0.0442,3,0.0750,,0,2,2,0,0,2,2,0.0000
4,112.0000,42,40,376.1807,-81.8276,0.6092,18,0.4500,0.6667,6,7,4,0,0,7,4,0.4286
4,112.0000,42,44,1028.8967,-89.0295,-0.8645,3,0.0750,1.0000,2,4,4,0,0,4,4,0.0000
4,112.0000,42,45,532.3389,-83.8362,0.3475,9,0.2250,1.0000,8,5,2,0,0,5,2,0.6000
4,112.0000,42,46,284.1394,-77.9632,-0.1853,31,0.7750,0.6667,6,7,4,0,0,7,4,0.4286
4,112.0000,43,0,431.8445,-81.9446,0.3757,24,0.6000,0.7143,7,6,2,0,0,6,2,0.6667
4,112.0000,43,3,794.6069,-86.7742,-0.0715,3,0.0750,1.0000,8,8,8,0,0,8,8,0.0000
4,112.0000,43,6,865.8567,-87.4398,-0.7160,3,0.0750,1.0000,8,8,8,0,0,8,8,0.0000
4,112.0000,43,7,568.4941,-85.0204,0.2904,10,0.2500,1.0000,8,7,6,0,0,7,6,0.1429
4,112.0000,43,10,423.2311,-82.6460,-0.4545,25,0.6250,0.3333,6,7,5,0,0,7,5,0.2857
4,112.0000,43,12,921.9619,-88.3648,1.0984,4,0.1000,1.0000,8,7,6,0,0,7,6,0.1429
4,112.0000,43,16,224.4371,-77.2698,0.4510,33,0.8250,0.2000,5,4,0,0,0,4,0,1.0000
4,112.0000,43,22,575.5208,-84.4063,0.7259,14,0.3500,0.8571,7,8,6,0,0,8,6,0.2500
4,112.0000,43,23,487.8606,-81.9816,-0.2960,20,0.5000,0.3333,6,7,6,0,0,7,6,0.1429
4,112.0000,43,26,609.8538,-84.7599,0.1183,15,0.3750,0.8571,7,8,8,0,0,8,8,0.0000
4,112.0000,43,29,601.3634,-87.0711,0.9203,6,0.1500,0.6667,6,8,8,0,0,8,8,0.0000
4,112.0000,43,37,858.0517,-86.3148,-0.5534,4,0.1000,1.0000,6,8,8,0,0,8,8,0.0000
4,112.0000,43,38,548.1768,-84.8416,0.1064,14,0.3500,0.7143,7,8,8,0,0,8,8,0.0000
4,112.0000,43,41,587.0550,-84.4356,-0.2879,15,0.3750,0.8571,7,7,6,0,0,7,6,0.1429
4,112.0000,43,47,399.8936,-81.3436,0.0273,30,0.7500,0.6667,6,6,4,0,0,6,4,0.3333
4,112.0000,44,2,306.3158,-78.3685,-0.3106,28,0.6829,0.3333,6,6,4,0,0,6,4,0.3333
4,112.0000,44,4,548.4363,-84.0202,0.7293,4,0.0976,0.6667,6,7,5,0,0,7,5,0.2857
4,112.0000,44,8,791.4393,-84.6237,-0.6655,3,0.0732,1.0000,8,8,8,0,0,8,8,0.0000
4,112.0000,44,9,297.3639,-79.7242,0.5740,30,0.7317,0.5000,6,7,4,0,0,7,4,0.4286
4,112.0000,44,11,555.2180,-83.4698,-0.1005,13,0.3171,0.6667,6,8,8,0,0,8,8,0.0000
4,112.0000,44,13,750.2428,-86.8934,-0.8867,3,0.0732,0.8571,7,8,8,0,0,8,8,0.0000
4,112.0000,44,17,721.1767,-84.6983,-0.9032,3,0.0732,0.8750,8,8,8,0,0,8,8,0.0000
4,112.0000,44,18,297.1035,-80.1672,0.8226,26,0.6341,0.2000,5,5,2,0,0,5,2,0.6000
4,112.0000,44,20,718.8771,-84.9955,0.0689,4,0.0976,0.8571,7,8,7,0,0,8,7,0.1250
4,112.0000,44,21,627.1681,-83.9312,-1.1426,6,0.1463,0.8571,7,8,8,0,0,8,8,0.0000
4,112.0000,44,25,674.1985,-85.5343,-0.3539,10,0.2439,0.8750,8,8,7,0,0,8,7,0.1250
4,112.0000,44,27,780.4147,-86.3535,-1.3847,3,0.0732,1.0000,8,8,7,0,0,8,7,0.1250
4,112.0000,44,28,58.1738,-64.8580,0.6339,37,0.9024,0.0000,4,4,0,0,0,4,0,1.0000
4,112.0000,44,30,289.1593,-78.3728,-0.0798,32,0.7805,0.0000,4,5,2,0,0,5,2,0.6000
4,112.0000,44,32,99.0150,-67.3241,0.9976,36,0.8780,0.0000,4,4,0,0,0,4,0,1.0000
4,112.0000,44,35,392.9382,-81.9174,-0.0434,29,0.7073,0.2000,5,6,3,0,0,6,3,0.5000
4,112.0000,44,39,628.0111,-86.8569,0.2780,6,0.1463,1.0000,8,6,5,0,0,6,5,0.1667
4,112.0000,44,40,874.0456,-88.3118,-0.4064,3,0.0732,0.8571,7,8,8,0,0,8,8,0.0000
4,112.0000,44,45,523.3561,-81.7697,-1.3217,8,0.1951,0.8571,7,8,7,0,0,8,7,0.1250
4,112.0000,45,1,788.8084,-86.6849,-0.0124,5,0.1250,1.0000,6,7,6,0,0,7,6,0.1429
4,112.0000,45,2,348.5313,-80.0581,-1.1054,32,0.8000,0.4000,5,6,3,0,0,6,3,0.5000
4,112.0000,45,4,170.4922,-75.4395,0.8387,34,0.8500,0.6667,6,5,1,0,0,5,1,0.8000
4,112.0000,45,8,321.0976,-81.8364,0.6292,20,0.5000,0.8750,8,6,3,0,0,6,3,0.5000
4,112.0000,45,9,364.9523,-81.0932,0.3279,31,0.7750,0.5000,6,7,5,0,0,7,5,0.2857
4,112.0000,45,11,435.9775,-81.6867,-0.5430,29,0.7250,0.6667,6,7,6,0,0,7,6,0.1429
4,112.0000,45,13,394.8410,-81.9855,-0.4341,19,0.4750,0.8750,8,6,4,0,0,6,4,0.3333
4,112.0000,45,14,831.6602,-88.0730,-1.1159,4,0.1000,1.0000,6,8,8,0,0,8,8,0.0000
4,112.0000,45,15,437.5057,-83.9349,0.9609,15,0.3750,1.0000,8,8,6,0,0,8,6,0.2500
4,112.0000,45,17,321.1754,-78.3198,-0.2881,31,0.7750,0.2000,5,6,2,0,0,6,2,0.6667
4,112.0000,45,18,531.2704,-84.1286,-0.5520,24,0.6000,0.8000,5,7,5,0,0,7,5,0.2857
4,112.0000,45,19,818.0696,-86.8766,-0.0554,9,0.2250,1.0000,6,6,6,0,0,6,6,0.0000
4,112.0000,45,20,529.8497,-84.5971,0.3256,18,0.4500,0.6667,6,7,6,0,0,7,6,0.1429
4,112.0000,45,21,338.6026,-80.9475,-0.2738,23,0.5750,0.6667,6,6,3,0,0,6,3,0.5000
4,112.0000,45,24,639.8360,-87.7824,0.1246,8,0.2000,0.8571,7,8,8,0,0,8,8,0.0000
4,112.0000,45,25,367.6120,-80.6071,0.0106,24,0.6000,0.8571,7,5,1,0,0,5,1,0.8000
4,112.0000,45,27,375.7675,-81.4315,0.1355,21,0.5250,0.6667,6,7,4,9,6,16,10,0.3750
4,112.0000,45,28,581.3697,-83.8676,-0.0009,21,0.5250,0.0000,4,8,8,0,0,8,8,0.0000
4,112.0000,45,30,487.3958,-83.3155,-0.0595,26,0.6500,0.7143,7,8,7,0,0,8,7,0.1250
4,112.0000,45,31,712.8378,-86.9524,0.0987,9,0.2250,0.8750,8,8,8,0,0,8,8,0.0000
4,112.0000,45,32,431.0389,-82.6514,-0.7395,27,0.6750,0.4286,7,6,3,0,0,6,3,0.5000
4,112.0000,45,33,559.3956,-85.2322,0.2707,13,0.3250,0.8571,7,7,6,0,0,7,6,0.1429
4,112.0000,45,34,962.5214,-88.0995,0.1853,4,0.1000,1.0000,8,4,4,0,0,4,4,0.0000
4,112.0000,45,35,896.0594,-87.3984,0.3332,10,0.2500,1.0000,6,6,6,0,0,6,6,0.0000
4,112.0000,45,36,663.2226,-86.0388,0.3743,9,0.2250,0.6667,6,8,8,0,0,8,8,0.0000
4,112.0000,45,39,651.3850,-85.1749,0.3039,20,0.5000,0.8571,7,5,4,0,0,5,4,0.2000
4,112.0000,45,40,408.9310,-81.8580,-0.5652,20,0.5000,0.8571,7,7,5,0,0,7,5,0.2857
4,112.0000,45,42,532.3389,-84.4958,0.2200,12,0.3000,1.0000,8,7,6,0,0,7,6,0.1429
4,112.0000,45,44,523.3561,-82.9625,-0.3695,22,0.5500,0.4000,5,8,8,0,0,8,8,0.0000
4,112.0000,45,46,508.6105,-84.3626,0.0293,16,0.4000,0.4000,5,6,3,0,0,6,3,0.5000
4,112.0000,46,1,852.5182,-86.6060,-0.7058,7,0.1750,1.0000,6,8,8,0,0,8,8,0.0000
4,112.0000,46,2,798.1860,-88.2173,0.8986,4,0.1000,1.0000,10,8,8,0,0,8,8,0.0000
4,112.0000,46,4,584.7626,-84.9122,0.3686,8,0.2000,0.8571,7,7,6,0,0,7,6,0.1429
4,112.0000,46,8,450.1652,-83.2073,-0.0131,7,0.1750,0.5714,7,6,4,0,0,6,4,0.3333
4,112.0000,46,9,780.8979,-86.4536,0.4103,4,0.1000,1.0000,8,4,4,0,0,4,4,0.0000
4,112.0000,46,11,538.7830,-84.0825,0.1689,10,0.2500,1.0000,8,8,7,0,0,8,7,0.1250
4,112.0000,46,12,849.7923,-86.0100,-1.0492,8,0.2000,1.0000,8,8,8,0,0,8,8,0.0000
4,112.0000,46,13,187.8640,-76.6217,0.8611,30,0.7500,0.4000,5,4,0,31,5,35,5,0.8571
4,112.0000,46,14,356.5747,-80.1284,-0.1942,16,0.4000,0.7143,7,7,5,0,0,7,5,0.2857
4,112.0000,46,15,173.2471,-72.1202,-1.9668,36,0.9000,0.2000,5,4,0,0,0,4,0,1.0000
4,112.0000,46,17,447.5748,-84.0578,-0.9540,9,0.2250,0.6250,8,5,2,0,0,5,2,0.6000
4,112.0000,46,18,803.8216,-87.6567,0.0667,5,0.1250,1.0000,4,7,6,0,0,7,6,0.1429
4,112.0000,46,19,786.9202,-83.3808,0.6193,3,0.0750,1.0000,10,6,6,0,0,6,6,0.0000
4,112.0000,46,20,745.8071,-86.6509,0.6732,6,0.1500,0.8571,7,7,6,0,0,7,6,0.1429
4,112.0000,46,21,695.8681,-86.2223,0.4868,6,0.1500,1.0000,6,8,8,0,0,8,8,0.0000
4,112.0000,46,24,422.4154,-79.9936,-0.6553,17,0.4250,0.8571,7,7,6,0,0,7,6,0.1429
4,112.0000,46,25,335.1309,-81.4859,1.0545,14,0.3500,0.7143,7,5,1,0,0,5,1,0.8000
4,112.0000,46,27,478.4458,-83.3268,0.3356,8,0.2000,0.7500,8,8,8,0,0,8,8,0.0000
4,112.0000,46,28,978.3139,-88.3329,0.1964,3,0.0750,1.0000,8,8,8,0,0,8,8,0.0000
4,112.0000,46,30,911.3027,-86.3953,-0.6700,5,0.1250,1.0000,8,6,6,0,0,6,6,0.0000
4,112.0000,46,31,271.1707,-77.2593,-0.1014,28,0.7000,0.0000,4,5,1,0,0,5,1,0.8000
4,112.0000,46,32,850.8675,-87.0817,0.4443,3,0.0750,0.7500,8,7,6,0,0,7,6,0.1429
4,112.0000,46,33,730.8221,-84.2772,0.2747,7,0.1750,1.0000,8,8,8,0,0,8,8,0.0000
4,112.0000,46,34,562.7968,-81.3729,-0.2467,15,0.3750,0.8750,8,8,7,0,0,8,7,0.1250
4,112.0000,46,36,449.9251,-78.1445,-1.1943,21,0.5250,0.4000,5,7,6,0,0,7,6,0.1429
4,112.0000,46,39,830.0831,-88.0231,0.2464,4,0.1000,,0,6,6,0,0,6,6,0.0000
4,112.0000,46,40,326.2115,-80.4828,0.7997,16,0.4000,0.7143,7,6,4,0,0,6,4,0.3333
4,112.0000,46,42,284.1394,-77.7663,0.1670,28,0.7000,0.4000,5,6,4,0,0,6,4,0.3333
4,112.0000,46,45,508.6105,-82.9121,0.5694,10,0.2500,0.8571,7,8,8,0,0,8,8,0.0000
4,112.0000,47,0,668.8811,-84.9666,0.2024,15,0.3750,0.7143,7,8,8,0,0,8,8,0.0000
4,112.0000,47,6,873.0432,-87.4816,1.7460,3,0.0750,1.0000,8,8,7,0,0,8,7,0.1250
4,112.0000,47,7,377.1312,-80.7797,0.1374,23,0.5750,0.6667,6,7,5,0,0,7,5,0.2857
4,112.0000,47,10,89.1185,-67.5098,1.6402,35,0.8750,0.0000,4,4,0,0,0,4,0,1.0000
4,112.0000,47,12,661.6164,-86.3016,0.3900,4,0.1000,1.0000,8,8,8,0,0,8,8,0.0000
4,112.0000,47,16,315.3139,-78.8656,0.2016,36,0.9000,0.4000,5,5,2,0,0,5,2,0.6000
4,112.0000,47,22,816.1528,-87.3279,0.2553,6,0.1500,0.8571,7,8,8,0,0,8,8,0.0000
4,112.0000,47,23,426.5100,-82.9372,0.3315,21,0.5250,0.8750,8,5,2,0,0,5,2,0.6000
4,112.0000,47,26,290.7450,-80.1081,0.9270,27,0.6750,0.5000,6,4,0,0,0,4,0,1.0000
4,112.0000,47,29,246.6483,-80.0630,1.1856,28,0.7000,0.4000,5,4,0,0,0,4,0,1.0000
4,112.0000,47,38,339.0071,-81.1634,0.4273,27,0.6750,0.5714,7,4,0,0,0,4,0,1.0000
4,112.0000,47,41,352.6887,-80.9071,0.3009,21,0.5250,0.4000,5,4,0,0,0,4,0,1.0000
4,112.0000,47,43,399.8936,-81.0724,-0.8509,32,0.8000,0.7143,7,7,5,0,0,7,5,0.2857
4,116.0000,0,3,705.0642,-85.6038,-0.1970,5,0.1250,1.0000,8,8,8,0,0,8,8,0.0000
4,116.0000,0,5,572.0226,-84.4886,0.9924,5,0.1250,1.0000,8,8,7,0,0,8,7,0.1250
4,116.0000,0,6,648.3471,-83.9992,0.4011,8,0.2000,0.8750,8,8,8,0,0,8,8,0.0000
4,116.0000,0,7,538.9202,-84.9529,0.1771,7,0.1750,0.8571,7,8,8,0,0,8,8,0.0000
4,116.0000,0,10,718.9381,-87.0437,-1.0725,5,0.1250,0.8571,7,8,7,0,0,8,7,0.1250
4,116.0000,0,16,403.1155,-82.8022,0.5301,19,0.4750,0.7143,7,5,1,0,0,5,1,0.8000
4,116.0000,0,22,329.0109,-78.8729,-0.2441,31,0.7750,0.0000,4,4,0,0,0,4,0,1.0000
4,116.0000,0,23,773.8072,-84.6614,-0.5747,3,0.0750,1.0000,8,8,8,0,0,8,8,0.0000
4,116.0000,0,29,762.6775,-85.0554,0.6357,3,0.0750,1.0000,8,8,8,0,0,8,8,0.0000
4,116.0000,0,37,552.0708,-83.2976,-0.3635,12,0.3000,0.8571,7,8,8,0,0,8,8,0.0000
4,116.0000,0,38,685.4287,-85.0479,0.8393,5,0.1250,1.0000,8,8,8,0,0,8,8,0.0000
4,116.0000,0,43,342.9767,-82.1768,0.0988,23,0.5750,0.4000,5,4,0,0,0,4,0,1.0000
4,116.0000,0,47,666.9312,-84.9136,0.0857,6,0.1500,0.8750,8,8,7,0,0,8,7,0.1250
4,116.0000,1,3,518.8195,-85.2730,-0.1446,12,0.3000,0.7143,7,8,8,0,0,8,8,0.0000
4,116.0000,1,4,702.8351,-86.9840,0.2565,7,0.1750,0.8571,7,8,8,0,0,8,8,0.0000
4,116.0000,1,5,490.0683,-82.0962,-0.4344,16,0.4000,1.0000,8,8,7,0,0,8,7,0.1250
4,116.0000,1,6,472.9762,-83.4707,1.4353,11,0.2750,0.7143,7,7,6,0,0,7,6,0.1429
4,116.0000,1,8,687.7979,-85.5671,-0.3815,7,0.1750,1.0000,8,8,8,0,0,8,8,0.0000
4,116.0000,1,13,832.3391,-86.5071,-0.5189,6,0.1500,1.0000,8,8,8,0,0,8,8,0.0000
4,116.0000,1,14,815.4104,-88.1049,-0.5227,4,0.1000,1.0000,8,8,7,0,0,8,7,0.1250
4,116.0000,1,15,694.4299,-86.5485,0.4012,6,0.1500,1.0000,8,8,8,0,0,8,8,0.0000
4,116.0000,1,19,76.7874,-70.5368,2.5705,36,0.9000,0.0000,4,6,2,0,0,6,2,0.6667
4,116.0000,1,20,363.8645,-80.4837,-0.1798,21,0.5250,0.7500,8,5,2,0,0,5,2,0.6000
4,116.0000,1,21,510.4179,-83.3603,-0.3041,9,0.2250,0.8571,7,8,8,0,0,8,8,0.0000
4,116.0000,1,22,831.5750,-88.5194,-0.8515,4,0.1000,1.0000,8,7,6,0,0,7,6,0.1429
4,116.0000,1,23,1059.1716,-88.3886,0.6121,3,0.0750,,0,6,6,0,0,6,6,0.0000
4,116.0000,1,24,369.6621,-81.8715,0.4395,15,0.3750,1.0000,8,5,2,0,0,5,2,0.6000
4,116.0000,1,27,476.9595,-82.2552,-0.4527,11,0.2750,0.8750,8,7,6,0,0,7,6,0.1429
4,116.0000,1,30,877.0107,-88.2427,0.3777,5,0.1250,1.0000,8,2,2,0,0,2,2,0.0000
4,116.0000,1,31,780.3410,-86.6825,0.7576,7,0.1750,1.0000,8,8,8,0,0,8,8,0.0000
4,116.0000,1,32,843.8759,-88.5175,-0.7912,4,0.1000,1.0000,8,6,6,0,0,6,6,0.0000
4,116.0000,1,33,277.8442,-77.4329,0.0860,31,0.7750,0.2000,5,6,3,0,0,6,3,0.5000
4,116.0000,1,34,835.9159,-87.6059,0.1463,6,0.1500,1.0000,8,6,5,0,0,6,5,0.1667
4,116.0000,1,36,333.1055,-80.7694,1.0545,14,0.3500,0.6667,6,4,0,0,0,4,0,1.0000
4,116.0000,1,37,512.3325,-85.8423,0.1218,9,0.2250,1.0000,8,7,6,0,0,7,6,0.1429
4,116.0000,1,38,899.9062,-88.7850,-0.3677,4,0.1000,1.0000,4,6,6,0,0,6,6,0.0000
4,116.0000,1,40,925.8588,-88.0785,0.3592,4,0.1000,1.0000,8,8,8,0,0,8,8,0.0000
4,116.0000,1,41,1076.5464,-89.3838,0.2266,3,0.0750,1.0000,4,6,6,0,0,6,6,0.0000
4,116.0000,1,42,773.9350,-88.4113,-2.5847,4,0.1000,1.0000,6,8,8,0,0,8,8,0.0000
4,116.0000,1,45,719.4777,-88.3292,-0.0021,6,0.1500,1.0000,8,8,8,0,0,8,8,0.0000
4,116.0000,1,46,928.3140,-87.6166,-0.8501,4,0.1000,1.0000,6,8,8,0,0,8,8,0.0000
4,116.0000,2,4,443.2459,-82.2578,-0.2515,14,0.3500,0.7143,7,7,5,0,0,7,5,0.2857
4,116.0000,2,8,641.6247,-87.0280,1.1308,5,0.1250,0.7143,7,8,8,0,0,8,8,0.0000
4,116.0000,2,9,173.3620,-68.1419,-2.8498,36,0.9000,0.0000,4,6,3,0,0,6,3,0.5000
4,116.0000,2,11,408.0422,-81.8432,0.2726,19,0.4750,0.5000,6,5,2,0,0,5,2,0.6000
4,116.0000,2,13,655.7925,-86.9801,0.1696,7,0.1750,1.0000,8,8,7,0,0,8,7,0.1250
4,116.0000,2,14,1023.1932,-89.3790,0.0358,5,0.1250,1.0000,8,8,8,0,0,8,8,0.0000
4,116.0000,2,15,633.4895,-87.9539,0.5582,6,0.1500,1.0000,8,8,8,0,0,8,8,0.0000
4,116.0000,2,17,422.9941,-81.8515,0.1598,15,0.3750,0.7143,7,8,7,0,0,8,7,0.1250
4,116.0000,2,18,351.4048,-80.0028,0.1430,28,0.7000,0.5000,6,6,4,0,0,6,4,0.3333
4,116.0000,2,20,765.4625,-87.7516,0.9729,3,0.0750,0.8333,6,8,8,0,0,8,8,0.0000
4,116.0000,2,21,694.7260,-86.0088,1.5733,6,0.1500,1.0000,8,8,7,0,0,8,7,0.1250
4,116.0000,2,24,937.1624,-88.0318,-2.5155,4,0.1000,1.0000,8,4,4,0,0,4,4,0.0000
4,116.0000,2,25,514.5319,-82.9870,-0.1912,14,0.3500,0.8571,7,8,6,0,0,8,6,0.2500
4,116.0000,2,27,779.8368,-86.3202,-0.3668,7,0.1750,0.8571,7,8,8,0,0,8,8,0.0000
4,116.0000,2,28,479.3858,-82.5729,-0.8762,25,0.6250,0.8571,7,7,5,0,0,7,5,0.2857
4,116.0000,2,30,562.8115,-83.2714,-0.3876,18,0.4500,0.7143,7,7,5,0,0,7,5,0.2857
4,116.0000,2,32,425.3349,-79.5651,-1.3568,27,0.6750,0.4000,5,7,6,0,0,7,6,0.1429
4,116.0000,2,33,914.5058,-87.7296,0.4807,5,0.1250,1.0000,8,6,6,0,0,6,6,0.0000
4,116.0000,2,35,749.0017,-85.7931,-0.2925,10,0.2500,1.0000,8,7,6,0,0,7,6,0.1429
4,116.0000,2,39,377.0283,-83.1398,0.4486,27,0.6750,0.6250,8,7,6,0,0,7,6,0.1429
4,116.0000,2,40,593.2757,-85.4011,-0.8165,9,0.2250,1.0000,8,7,6,0,0,7,6,0.1429
4,116.0000,2,42,783.9644,-87.1532,-0.4185,8,0.2000,1.0000,8,8,8,0,0,8,8,0.0000
4,116.0000,2,44,427.7619,-80.4336,-0.8815,26,0.6500,0.0000,4,6,4,0,0,6,4,0.3333
4,116.0000,2,45,443.1134,-81.2718,-0.7425,19,0.4750,0.7143,7,8,8,0,0,8,8,0.0000
4,116.0000,2,46,686.4230,-85.8905,-0.1545,5,0.1250,0.8571,7,8,8,0,0,8,8,0.0000
4,116.0000,3,0,705.0642,-86.0710,0.1371,14,0.3500,1.0000,8,8,8,0,0,8,8,0.0000
4,116.0000,3,1,518.8195,-85.0511,-0.0022,7,0.1750,1.0000,8,7,5,0,0,7,5,0.2857
4,116.0000,3,5,409.2358,-80.6090,-0.0025,21,0.5250,0.4000,5,7,5,0,0,7,5,0.2857
4,116.0000,3,6,299.1620,-79.1056,0.1508,26,0.6500,0.6667,6,6,2,0,0,6,2,0.6667
4,116.0000,3,7,420.3737,-82.0129,0.6529,20,0.5000,0.5000,6,5,2,0,0,5,2,0.6000
4,116.0000,3,10,922.4156,-87.6541,0.0911,3,0.0750,1.0000,8,8,7,0,0,8,7,0.1250
4,116.0000,3,12,578.3861,-84.8497,0.2409,8,0.2000,0.8750,8,7,6,0,0,7,6,0.1429
4,116.0000,3,16,823.3232,-87.2951,-0.7221,8,0.2000,1.0000,4,8,6,0,0,8,6,0.2500
4,116.0000,3,19,466.1215,-83.7126,0.2900,14,0.3500,0.8750,8,7,6,0,0,7,6,0.1429
4,116.0000,3,20,764.7071,-86.6903,-0.3385,3,0.0750,1.0000,8,4,4,0,0,4,4,0.0000
4,116.0000,3,22,541.9155,-84.3126,-0.2332,22,0.5500,0.8571,7,8,8,0,0,8,8,0.0000
4,116.0000,3,23,552.7958,-84.2095,0.6496,11,0.2750,1.0000,8,8,7,0,0,8,7,0.1250
4,116.0000,3,24,508.8107,-82.5433,1.0821,5,0.1250,0.7500,8,8,8,0,0,8,8,0.0000
4,116.0000,3,26,761.2446,-84.8301,0.4299,9,0.2250,1.0000,8,6,5,0,0,6,5,0.1667
4,116.0000,3,29,702.0941,-86.1071,-0.4667,11,0.2750,1.0000,8,7,5,0,0,7,5,0.2857
4,116.0000,3,33,706.0897,-84.7864,-0.5583,4,0.1000,0.8333,6,10,10,4,4,14,14,0.0000
4,116.0000,3,34,486.1512,-84.3621,0.2403,5,0.1250,1.0000,8,6,4,0,0,6,4,0.3333
4,116.0000,3,36,395.8843,-82.5290,0.7388,7,0.1750,0.8571,7,7,6,2,2,9,8,0.1111
4,116.0000,3,37,309.5039,-80.1112,-0.1261,23,0.5750,0.0000,4,7,4,0,0,7,4,0.4286
4,116.0000,3,38,394.3914,-82.7979,0.8395,15,0.3750,0.6667,6,7,5,0,0,7,5,0.2857
4,116.0000,3,41,572.7975,-84.5492,0.5015,9,0.2250,0.8571,7,7,6,0,0,7,6,0.1429
4,116.0000,3,43,801.5937,-86.2289,0.0825,11,0.2750,1.0000,8,6,6,0,0,6,6,0.0000
4,116.0000,3,47,693.0367,-85.4765,-0.4314,6,0.1500,1.0000,8,7,6,0,0,7,6,0.1429
4,116.0000,4,1,702.8351,-85.0423,-1.5175,7,0.1750,0.6667,6,8,8,0,0,8,8,0.0000
4,116.0000,4,2,443.2459,-81.9021,0.4424,26,0.6500,0.3333,6,7,5,0,0,7,5,0.2857
4,116.0000,4,8,359.7788,-78.8218,-1.2145,25,0.6250,0.5714,7,5,2,0,0,5,2,0.6000
4,116.0000,4,9,326.0126,-81.1785,0.2904,29,0.7250,0.5000,6,6,3,0,0,6,3,0.5000
4,116.0000,4,11,635.4067,-85.3274,-0.6465,13,0.3250,1.0000,8,7,6,0,0,7,6,0.1429
4,116.0000,4,13,560.9468,-84.1071,-1.2558,11,0.2750,1.0000,8,8,7,0,0,8,7,0.1250
4,116.0000,4,14,828.6844,-87.1707,0.4722,4,0.1000,1.0000,8,8,8,0,0,8,8,0.0000
4,116.0000,4,15,452.5403,-82.6564,1.6806,10,0.2500,0.7143,7,5,2,0,0,5,2,0.6000
4,116.0000,4,17,559.3631,-84.0461,-0.2860,16,0.4000,0.7500,8,8,7,0,0,8,7,0.1250
4,116.0000,4,18,512.6634,-84.5279,1.5952,12,0.3000,0.8000,5,7,6,0,0,7,6,0.1429
4,116.0000,4,19,772.5074,-86.3340,-0.5589,6,0.1500,1.0000,8,8,8,0,0,8,8,0.0000
4,116.0000,4,20,346.0570,-80.3715,0.3490,20,0.5000,0.4000,5,4,0,0,0,4,0,1.0000
4,116.0000,4,21,253.0121,-75.7558,-1.3401,33,0.8250,0.5714,7,6,3,0,0,6,3,0.5000
4,116.0000,4,24,582.4834,-84.6738,-1.0962,14,0.3500,0.8750,8,8,7,0,0,8,7,0.1250
4,116.0000,4,25,510.8781,-83.8729,0.2480,15,0.3750,0.6667,6,6,3,0,0,6,3,0.5000
4,116.0000,4,27,408.4805,-80.4058,-1.9249,16,0.4000,0.8571,7,7,6,0,0,7,6,0.1429
4,116.0000,4,28,623.5202,-85.3290,-0.5857,18,0.4500,0.8571,7,8,7,0,0,8,7,0.1250
4,116.0000,4,30,452.1555,-81.9797,-0.4610,23,0.5750,0.7143,7,6,4,0,0,6,4,0.3333
4,116.0000,4,31,763.2140,-87.8329,-0.8907,7,0.1750,0.8571,7,8,8,0,0,8,8,0.0000
4,116.0000,4,32,343.8810,-81.2733,0.0590,21,0.5250,1.0000,8,4,0,0,0,4,0,1.0000
4,116.0000,4,33,481.7573,-82.2242,-1.0974,16,0.4000,0.7143,7,7,6,0,0,7,6,0.1429
4,116.0000,4,34,1072.8963,-88.4179,0.4140,3,0.0750,1.0000,6,2,2,0,0,2,2,0.0000
4,116.0000,4,35,809.0280,-87.0990,2.2585,8,0.2000,1.0000,8,6,6,0,0,6,6,0.0000
4,116.0000,4,36,695.7139,-86.1706,-1.7969,7,0.1750,0.8571,7,8,8,0,0,8,8,0.0000
4,116.0000,4,39,744.6356,-87.0300,-0.2624,8,0.2000,0.7143,7,5,4,47,46,52,50,0.0385
4,116.0000,4,40,511.7459,-83.3325,0.2257,17,0.4250,0.7143,7,7,6,0,0,7,6,0.1429
4,116.0000,4,42,568.4704,-83.3519,-0.0823,8,0.2000,0.8750,8,8,7,0,0,8,7,0.1250
4,116.0000,4,44,582.4557,-84.6828,-0.1290,15,0.3750,0.7143,7,8,7,0,0,8,7,0.1250
4,116.0000,4,45,147.2988,-72.7520,0.6362,38,0.9500,0.3333,6,4,0,0,0,4,0,1.0000
4,116.0000,4,46,632.9539,-85.7205,-0.0981,11,0.2750,0.7143,7,8,7,0,0,8,7,0.1250
4,116.0000,5,0,572.0226,-84.6976,-0.4680,13,0.3250,1.0000,8,7,4,0,0,7,4,0.4286
4,116.0000,5,1,490.0683,-82.4261,-0.5667,18,0.4500,1.0000,8,7,6,0,0,7,6,0.1429
4,116.0000,5,3,409.2358,-80.5098,-0.6578,17,0.4250,0.7500,8,7,6,0,0,7,6,0.1429
4,116.0000,5,6,234.2402,-76.4613,-0.5618,36,0.9000,0.5000,6,4,0,0,0,4,0,1.0000
4,116.0000,5,7,568.9584,-86.2612,0.1479,9,0.2250,0.8571,7,7,6,0,0,7,6,0.1429
4,116.0000,5,8,1059.6899,-87.8785,0.5574,3,0.0750,1.0000,8,8,8,0,0,8,8,0.0000
4,116.0000,5,14,1061.0453,-88.7995,-1.0412,3,0.0750,1.0000,8,4,4,0,0,4,4,0.0000
4,116.0000,5,16,855.0750,-88.3788,0.9523,4,0.1000,1.0000,4,8,8,0,0,8,8,0.0000
4,116.0000,5,19,415.3693,-81.0950,-0.3828,22,0.5500,1.0000,8,7,6,0,0,7,6,0.1429
4,116.0000,5,21,934.3279,-88.1026,0.3865,3,0.0750,1.0000,6,8,8,0,0,8,8,0.0000
4,116.0000,5,22,417.7635,-83.7644,0.2436,24,0.6000,0.6667,6,7,4,0,0,7,4,0.4286
4,116.0000,5,23,868.0466,-86.2405,0.1260,6,0.1500,1.0000,6,8,8,0,0,8,8,0.0000
4,116.0000,5,24,725.3254,-85.7351,1.1139,5,0.1250,1.0000,8,8,8,0,0,8,8,0.0000
4,116.0000,5,27,853.4989,-87.3779,-0.4965,4,0.1000,1.0000,8,8,8,0,0,8,8,0.0000
4,116.0000,5,29,935.1764,-87.3795,0.1920,4,0.1000,1.0000,2,8,8,0,0,8,8,0.0000
4,116.0000,5,31,1028.2978,-88.7465,0.0058,3,0.0750,1.0000,8,8,8,0,0,8,8,0.0000
4,116.0000,5,33,715.3158,-85.6972,-2.1559,5,0.1250,1.0000,8,8,8,0,0,8,8,0.0000
4,116.0000,5,36,616.3788,-85.7202,0.1755,5,0.1250,1.0000,8,8,8,0,0,8,8,0.0000
4,116.0000,5,37,140.1763,-72.1695,0.8959,36,0.9000,0.0000,4,5,1,0,0,5,1,0.8000
4,116.0000,5,38,696.5083,-85.6101,1.3253,6,0.1500,1.0000,8,7,6,0,0,7,6,0.1429
4,116.0000,5,43,830.7220,-87.0992,0.0942,7,0.1750,0.8571,7,7,7,0,0,7,7,0.0000
4,116.0000,5,47,901.2574,-88.5459,-0.0263,6,0.1500,1.0000,8,8,7,0,0,8,7,0.1250
4,116.0000,6,0,648.3471,-85.0129,-0.2732,23,0.5750,0.7143,7,8,6,0,0,8,6,0.2500
4,116.0000,6,1,472.9762,-84.0259,0.9023,11,0.2750,0.8750,8,8,6,0,0,8,6,0.2500
4,116.0000,6,3,299.1620,-78.7364,0.2594,22,0.5500,0.4000,5,4,2,0,0,4,2,0.5000
4,116.0000,6,5,234.2402,-75.3427,0.1202,37,0.9250,0.0000,4,5,1,0,0,5,1,0.8000
4,116.0000,6,7,428.3141,-82.7181,0.1109,21,0.5250,0.3333,6,8,8,0,0,8,8,0.0000
4,116.0000,6,12,805.3952,-86.3772,1.8521,3,0.0750,1.0000,8,8,8,0,0,8,8,0.0000
4,116.0000,6,14,882.7163,-86.9723,1.1766,3,0.0750,1.0000,8,6,6,0,0,6,6,0.0000
4,116.0000,6,16,825.1721,-86.6935,0.2397,5,0.1250,1.0000,10,8,8,0,0,8,8,0.0000
4,116.0000,6,19,399.9470,-81.2627,0.9556,11,0.2750,1.0000,8,8,6,0,0,8,6,0.2500
4,116.0000,6,20,812.3119,-88.3647,-0.5540,4,0.1000,1.0000,8,8,8,0,0,8,8,0.0000
4,116.0000,6,22,555.5554,-83.8851,-0.4203,18,0.4500,0.6667,6,8,6,0,0,8,6,0.2500
4,116.0000,6,24,606.4623,-85.4353,-0.3025,6,0.1500,1.0000,8,8,8,0,0,8,8,0.0000
4,116.0000,6,26,919.5559,-86.5710,-1.0069,4,0.1000,1.0000,8,8,8,0,0,8,8,0.0000
4,116.0000,6,29,793.1973,-87.1267,-0.2107,7,0.1750,1.0000,6,8,8,0,0,8,8,0.0000
4,116.0000,6,36,483.7437,-83.1680,-0.7347,4,0.1000,0.8750,8,8,6,0,0,8,6,0.2500
4,116.0000,6,37,124.4455,-70.5923,-0.0724,34,0.8500,0.0000,4,6,2,0,0,6,2,0.6667
4,116.0000,6,38,557.1522,-84.7801,-0.3232,12,0.3000,0.8750,8,7,6,0,0,7,6,0.1429
4,116.0000,6,41,778.0289,-85.8615,-1.4412,6,0.1500,1.0000,6,8,7,0,0,8,7,0.1250
4,116.0000,6,43,847.6111,-87.1203,0.0318,6,0.1500,1.0000,6,4,4,0,0,4,4,0.0000
4,116.0000,6,47,789.2161,-86.3435,-0.4574,7,0.1750,1.0000,8,6,6,0,0,6,6,0.0000
4,116.0000,7,0,538.9202,-84.0711,0.0178,23,0.5750,0.8571,7,5,2,0,0,5,2,0.6000
4,116.0000,7,3,420.3737,-82.7532,-0.6464,16,0.4000,0.8750,8,8,8,0,0,8,8,0.0000
4,116.0000,7,5,568.9584,-85.5266,1.3403,13,0.3250,0.8750,8,8,7,0,0,8,7,0.1250
4,116.0000,7,6,428.3141,-82.7552,0.7177,18,0.4500,0.7500,8,6,4,0,0,6,4,0.3333
4,116.0000,7,10,572.4642,-83.9081,-0.0197,23,0.5750,0.5000,6,7,5,0,0,7,5,0.2857
4,116.0000,7,12,564.5727,-84.2346,0.1504,14,0.3500,0.6667,6,8,8,0,0,8,8,0.0000
4,116.0000,7,14,941.4390,-87.4266,0.5738,3,0.0750,1.0000,8,6,6,0,0,6,6,0.0000
4,116.0000,7,16,485.9035,-83.7475,-0.3314,31,0.7750,0.7143,7,7,5,0,0,7,5,0.2857
4,116.0000,7,19,798.1799,-86.1159,-0.3851,4,0.1000,0.8571,7,8,8,0,0,8,8,0.0000
4,116.0000,7,22,600.4327,-85.2283,-0.2267,14,0.3500,0.7143,7,8,7,0,0,8,7,0.1250
4,116.0000,7,23,526.4107,-82.9062,-0.0516,24,0.6000,0.8571,7,7,5,0,0,7,5,0.2857
4,116.0000,7,26,538.5162,-82.0569,-1.1245,26,0.6500,0.6667,6,6,4,0,0,6,4,0.3333
4,116.0000,7,29,375.4544,-79.5921,-1.0059,28,0.7000,0.5000,6,6,3,0,0,6,3,0.5000
4,116.0000,7,34,605.0772,-85.9412,0.6706,8,0.2000,1.0000,8,7,6,0,0,7,6,0.1429
4,116.0000,7,36,739.3188,-86.2725,1.1072,3,0.0750,0.8571,7,8,8,0,0,8,8,0.0000
4,116.0000,7,37,438.2378,-84.3389,0.1297,13,0.3250,1.0000,8,5,2,0,0,5,2,0.6000
4,116.0000,7,38,252.5117,-75.9829,-0.9225,33,0.8250,0.2000,5,6,2,0,0,6,2,0.6667
4,116.0000,7,41,464.1262,-81.7434,0.6369,26,0.6500,0.7143,7,7,5,0,0,7,5,0.2857
4,116.0000,7,43,569.6990,-83.5956,0.2214,26,0.6500,0.8571,7,6,4,0,0,6,4,0.3333
4,116.0000,7,47,370.5741,-81.1815,0.4874,32,0.8000,0.4000,5,6,3,0,0,6,3,0.5000
4,116.0000,8,1,687.7979,-85.2165,-0.0247,9,0.2308,0.5000,6,7,5,0,0,7,5,0.2857
4,116.0000,8,2,641.6247,-85.5401,0.1655,12,0.3077,0.6667,6,7,6,0,0,7,6,0.1429
4,116.0000,8,4,359.7788,-79.4294,-0.9843,25,0.6410,0.4000,5,6,4,0,0,6,4,0.3333
4,116.0000,8,6,981.6625,-88.2256,0.2915,3,0.0769,,0,8,8,0,0,8,8,0.0000
4,116.0000,8,9,598.7365,-86.2405,-0.0241,10,0.2564,0.8571,7,8,7,0,0,8,7,0.1250
4,116.0000,8,11,660.1421,-85.9010,0.5648,9,0.2308,1.0000,8,8,8,0,0,8,8,0.0000
4,116.0000,8,13,385.8958,-81.4131,0.3225,15,0.3846,0.5714,7,7,6,0,0,7,6,0.1429
4,116.0000,8,14,531.0539,-84.2004,0.5547,6,0.1538,1.0000,8,7,6,0,0,7,6,0.1429
4,116.0000,8,15,327.0929,-80.2624,-0.3023,18,0.4615,0.7143,7,8,6,0,0,8,6,0.2500
4,116.0000,8,17,474.7907,-83.2848,0.1376,16,0.4103,0.7143,7,7,5,0,0,7,5,0.2857
4,116.0000,8,18,706.0373,-86.1834,-0.2988,9,0.2308,0.8571,7,7,7,0,0,7,7,0.0000
4,116.0000,8,19,735.0523,-85.8250,-0.2943,9,0.2308,1.0000,6,7,6,0,0,7,6,0.1429
4,116.0000,8,20,458.0581,-81.5169,0.0592,19,0.4872,0.3333,6,6,4,0,0,6,4,0.3333
4,116.0000,8,21,397.3871,-79.9829,0.0572,22,0.5641,0.4000,5,8,7,0,0,8,7,0.1250
4,116.0000,8,24,417.8558,-81.7334,-0.5104,18,0.4615,0.5000,6,8,8,0,0,8,8,0.0000
4,116.0000,8,25,407.8672,-82.6183,0.2544,14,0.3590,0.8750,8,7,5,0,0,7,5,0.2857
4,116.0000,8,27,215.0575,-73.8044,-0.8246,32,0.8205,0.0000,4,4,0,45,30,49,30,0.3878
4,116.0000,8,28,941.4624,-87.4911,0.2504,4,0.1026,1.0000,8,6,6,0,0,6,6,0.0000
4,116.0000,8,30,802.2510,-86.3837,-0.8504,8,0.2051,1.0000,8,8,8,0,0,8,8,0.0000
4,116.0000,8,31,439.0501,-82.9404,-0.3936,12,0.3077,0.7143,7,7,5,0,0,7,5,0.2857
4,116.0000,8,32,670.6161,-86.7676,-0.7707,6,0.1538,0.6667,6,6,4,0,0,6,4,0.3333
4,116.0000,8,33,570.8665,-82.7594,-0.8126,14,0.3590,1.0000,8,8,7,0,0,8,7,0.1250
4,116.0000,8,34,754.8801,-85.8948,0.4304,5,0.1282,0.8571,7,7,6,0,0,7,6,0.1429
4,116.0000,8,36,524.0848,-82.9802,-0.2364,17,0.4359,0.8571,7,7,6,0,0,7,6,0.1429
4,116.0000,8,39,823.7588,-87.1220,0.8121,7,0.1795,1.0000,6,6,6,0,0,6,6,0.0000
4,116.0000,8,40,264.5046,-80.4566,0.8585,21,0.5385,0.7143,7,4,0,0,0,4,0,1.0000
4,116.0000,8,42,217.6104,-77.4213,0.1873,20,0.5128,0.6667,6,5,1,0,0,5,1,0.8000
4,116.0000,8,44,897.4033,-87.5901,-0.9211,6,0.1538,1.0000,8,5,4,0,0,5,4,0.2000
4,116.0000,8,45,239.3096,-78.4001,0.9261,26,0.6667,0.0000,4,5,2,0,0,5,2,0.6000
4,116.0000,8,46,418.4585,-81.8290,0.4554,17,0.4359,0.7143,7,8,8,0,0,8,8,0.0000
4,116.0000,9,2,173.3620,-67.7069,-2.9605,34,0.8500,0.0000,4,6,3,0,0,6,3,0.5000
4,116.0000,9,4,326.0126,-80.5432,1.6580,12,0.3000,0.7143,7,5,1,0,0,5,1,0.8000
4,116.0000,9,8,598.7365,-84.2913,-0.0490,4,0.1000,0.6667,6,8,8,0,0,8,8,0.0000
4,116.0000,9,11,474.7927,-81.5780,0.3274,12,0.3000,0.8571,7,8,8,0,0,8,8,0.0000
4,116.0000,9,13,640.3900,-86.1262,1.1573,4,0.1000,0.8571,7,8,8,0,0,8,8,0.0000
4,116.0000,9,17,516.2813,-83.6331,0.4408,11,0.2750,1.0000,8,6,4,0,0,6,4,0.3333
4,116.0000,9,18,296.4431,-79.0179,0.0294,30,0.7500,0.4000,5,6,2,0,0,6,2,0.6667
4,116.0000,9,20,623.9577,-87.1457,0.3332,5,0.1250,0.8750,8,8,8,0,0,8,8,0.0000
4,116.0000,9,21,569.6117,-83.9226,-0.5332,6,0.1500,0.8571,7,6,3,0,0,6,3,0.5000
4,116.0000,9,25,523.3400,-83.8633,-0.3055,6,0.1500,0.8571,7,8,8,0,0,8,8,0.0000
4,116.0000,9,28,381.4311,-80.7889,-0.1715,28,0.7000,0.0000,3,7,5,0,0,7,5,0.2857
4,116.0000,9,30,399.7755,-83.0652,0.2283,17,0.4250,0.6667,6,5,2,0,0,5,2,0.6000
4,116.0000,9,32,255.1495,-77.4381,0.1822,28,0.7000,0.4000,5,6,3,0,0,6,3,0.5000
4,116.0000,9,33,770.3025,-86.1666,0.6937,4,0.1000,0.8571,7,6,6,0,0,6,6,0.0000
4,116.0000,9,35,632.2897,-85.2215,-0.1614,11,0.2750,0.6667,6,8,8,0,0,8,8,0.0000
4,116.0000,9,39,500.6919,-82.1331,-0.0208,20,0.5000,0.5714,7,7,6,0,0,7,6,0.1429
4,116.0000,9,40,618.9877,-85.1708,0.7128,6,0.1500,1.0000,8,8,7,0,0,8,7,0.1250
4,116.0000,9,42,767.7370,-87.7282,0.1434,3,0.0750,1.0000,8,7,6,0,0,7,6,0.1429
4,116.0000,9,44,330.3225,-79.6633,-0.2990,29,0.7250,0.4000,5,5,2,0,0,5,2,0.6000
4,116.0000,9,45,368.0598,-81.1529,0.6693,9,0.2250,0.8750,8,7,4,0,0,7,4,0.4286
4,116.0000,10,0,718.9381,-85.6052,-0.0535,7,0.1707,1.0000,8,8,6,0,0,8,6,0.2500
4,116.0000,10,3,922.4156,-86.7864,-0.2120,5,0.1220,1.0000,8,8,8,0,0,8,8,0.0000
4,116.0000,10,5,1077.7697,-88.7618,0.7999,3,0.0732,1.0000,4,2,2,0,0,2,2,0.0000
4,116.0000,10,6,990.5432,-88.9027,-0.1652,3,0.0732,,0,8,8,0,0,8,8,0.0000
4,116.0000,10,7,572.4642,-83.1159,-0.7866,14,0.3415,0.8750,8,8,8,0,0,8,8,0.0000
4,116.0000,10,12,731.0057,-86.9272,0.4988,7,0.1707,0.8750,8,8,8,0,0,8,8,0.0000
4,116.0000,10,16,336.4479,-80.1943,0.1246,30,0.7317,0.2000,5,5,1,0,0,5,1,0.8000
4,116.0000,10,22,905.5917,-87.3493,-0.7767,4,0.0976,1.0000,8,7,6,0,0,7,6,0.1429
4,116.0000,10,23,603.3761,-84.3652,-0.2978,15,0.3659,1.0000,8,8,8,0,0,8,8,0.0000
4,116.0000,10,26,426.9440,-81.4369,-0.3517,24,0.5854,0.3333,6,7,4,0,0,7,4,0.4286
4,116.0000,10,29,323.0896,-79.4142,-0.4652,27,0.6585,0.2000,5,7,3,0,0,7,3,0.5714
4,116.0000,10,38,570.0780,-83.7847,-0.8291,12,0.2927,0.7143,7,6,4,0,0,6,4,0.3333
4,116.0000,10,41,549.1781,-82.7410,-0.2991,17,0.4146,1.0000,8,7,5,0,0,7,5,0.2857
4,116.0000,10,43,463.6568,-82.5917,-0.0108,26,0.6341,0.3333,6,8,8,0,0,8,8,0.0000
4,116.0000,10,47,247.8883,-73.2963,-2.5043,35,0.8537,0.0000,4,5,2,0,0,5,2,0.6000
4,116.0000,11,2,408.0422,-81.9176,0.5471,18,0.4500,0.8571,7,7,5,0,0,7,5,0.2857
4,116.0000,11,4,635.4067,-85.3199,1.0616,11,0.2750,1.0000,8,8,7,0,0,8,7,0.1250
4,116.0000,11,8,660.1421,-85.4072,-0.4240,7,0.1750,0.8571,7,8,7,0,0,8,7,0.1250
4,116.0000,11,9,474.7927,-82.6227,-0.9265,18,0.4500,0.8750,8,8,8,0,0,8,8,0.0000
4,116.0000,11,13,434.9909,-82.1058,-0.8290,16,0.4000,1.0000,8,8,8,0,0,8,8,0.0000
4,116.0000,11,14,809.1768,-87.9492,0.6487,5,0.1250,0.8750,8,8,8,0,0,8,8,0.0000
4,116.0000,11,15,492.1818,-84.1389,0.7563,11,0.2750,0.8750,8,7,6,0,0,7,6,0.1429
4,116.0000,11,17,351.8365,-80.4814,0.6061,22,0.5500,0.8889,9,5,4,0,0,5,4,0.2000
4,116.0000,11,18,346.0133,-80.7928,0.2253,24,0.6000,0.7500,8,6,3,0,0,6,3,0.5000
4,116.0000,11,20,860.5949,-86.8304,-0.3859,6,0.1500,1.0000,8,3,2,0,0,3,2,0.3333
4,116.0000,11,21,860.6417,-86.3476,-0.7351,7,0.1750,1.0000,8,8,8,0,0,8,8,0.0000
4,116.0000,11,24,876.5124,-88.3415,-0.9452,4,0.1000,1.0000,8,8,8,0,0,8,8,0.0000
4,116.0000,11,25,294.6368,-77.1530,0.0496,24,0.6000,0.5000,6,7,6,0,0,7,6,0.1429
4,116.0000,11,27,789.9823,-85.8259,-0.4258,5,0.1250,0.7143,7,8,8,0,0,8,8,0.0000
4,116.0000,11,28,705.1619,-86.4489,0.9752,12,0.3000,0.8571,7,8,8,0,0,8,8,0.0000
4,116.0000,11,30,816.9243,-86.4770,-1.1015,12,0.3000,1.0000,8,2,2,0,0,2,2,0.0000
4,116.0000,11,31,810.6898,-88.6844,-0.9424,3,0.0750,1.0000,8,8,8,0,0,8,8,0.0000
4,116.0000,11,32,636.0266,-84.3097,-0.3966,17,0.4250,1.0000,8,8,8,0,0,8,8,0.0000
4,116.0000,11,35,927.4836,-87.2024,-1.5653,3,0.0750,1.0000,6,8,8,0,0,8,8,0.0000
4,116.0000,11,36,997.8557,-86.4724,0.6681,4,0.1000,1.0000,8,8,8,0,0,8,8,0.0000
4,116.0000,11,39,229.9073,-78.7709,0.7190,34,0.8500,0.2727,11,4,0,0,0,4,0,1.0000
4,116.0000,11,40,512.5977,-82.4457,0.2922,12,0.3000,0.7143,7,7,6,0,0,7,6,0.1429
4,116.0000,11,42,698.1614,-85.6314,0.7454,6,0.1500,0.8750,8,8,8,0,0,8,8,0.0000
4,116.0000,11,44,664.8868,-85.3486,0.6435,19,0.4750,0.7143,7,6,6,0,0,6,6,0.0000
4,116.0000,11,45,552.5800,-82.5502,-0.3814,14,0.3500,0.7143,7,8,8,0,0,8,8,0.0000
4,116.0000,11,46,443.1969,-82.9936,1.7104,15,0.3750,0.5000,6,6,4,0,0,6,4,0.3333
4,116.0000,12,0,997.2258,-87.5682,-0.3724,4,0.1000,1.0000,2,4,4,0,0,4,4,0.0000
4,116.0000,12,3,578.3861,-84.1794,0.1345,10,0.2500,0.8750,8,7,6,0,0,7,6,0.1429
4,116.0000,12,6,805.3952,-87.2146,0.2722,5,0.1250,1.0000,4,8,8,0,0,8,8,0.0000
4,116.0000,12,7,564.5727,-85.4675,0.6643,12,0.3000,0.8571,7,7,6,0,0,7,6,0.1429
4,116.0000,12,10,731.0057,-85.4012,-0.1833,12,0.3000,1.0000,10,7,6,0,0,7,6,0.1429
4,116.0000,12,14,664.1557,-85.6897,-0.4942,7,0.1750,0.8571,7,8,8,0,0,8,8,0.0000
4,116.0000,12,16,861.5445,-87.7456,-0.0452,7,0.1750,1.0000,4,8,8,0,0,8,8,0.0000
4,116.0000,12,23,341.2767,-82.4127,0.8653,25,0.6250,0.5000,6,6,4,0,0,6,4,0.3333
4,116.0000,12,24,828.5090,-86.0828,0.6000,3,0.0750,0.8571,7,8,8,0,0,8,8,0.0000
4,116.0000,12,26,343.4156,-80.2739,0.5312,29,0.7250,0.7143,7,7,6,0,0,7,6,0.1429
4,116.0000,12,29,462.6375,-82.6284,0.0934,19,0.4750,0.4000,5,7,5,0,0,7,5,0.2857
4,116.0000,12,31,642.4808,-85.0068,-0.4623,5,0.1250,0.8571,7,8,8,0,0,8,8,0.0000
4,116.0000,12,34,279.8131,-78.8208,0.8433,28,0.7000,0.4000,5,6,2,0,0,6,2,0.6667
4,116.0000,12,37,836.1223,-86.7144,0.6334,4,0.1000,,0,8,7,0,0,8,7,0.1250
4,116.0000,12,38,325.7508,-81.2805,0.6085,25,0.6250,0.5000,6,6,4,0,0,6,4,0.3333
4,116.0000,12,41,199.8428,-78.7436,1.1837,30,0.7500,0.4000,5,5,1,0,0,5,1,0.8000
4,116.0000,12,42,814.4042,-87.0954,0.1669,5,0.1250,1.0000,8,8,8,0,0,8,8,0.0000
4,116.0000,12,43,879.7763,-88.0515,1.6456,4,0.1000,1.0000,8,8,8,0,0,8,8,0.0000
4,116.0000,12,47,509.9229,-84.6214,-0.1410,18,0.4500,0.8750,8,7,4,0,0,7,4,0.4286
4,116.0000,13,1,832.3391,-86.0473,-0.0939,5,0.1250,1.0000,8,6,6,0,0,6,6,0.0000
4,116.0000,13,2,655.7925,-86.1678,-1.3022,12,0.3000,1.0000,8,8,8,0,0,8,8,0.0000
4,116.0000,13,4,560.9468,-83.2198,-0.0519,15,0.3750,1.0000,8,7,6,0,0,7,6,0.1429
4,116.0000,13,6,1081.1302,-89.3925,-0.0113,3,0.0750,1.0000,4,4,4,0,0,4,4,0.0000
4,116.0000,13,8,385.8958,-81.1659,0.9679,15,0.3750,1.0000,8,7,4,0,0,7,4,0.4286
4,116.0000,13,9,640.3900,-85.4063,-0.4052,11,0.2750,1.0000,8,8,8,0,0,8,8,0.0000
4,116.0000,13,11,434.9909,-82.0591,-0.0726,22,0.5500,0.7143,7,7,6,0,0,7,6,0.1429
4,116.0000,13,14,387.5624,-82.6560,-0.5061,20,0.5000,0.8750,8,6,4,0,0,6,4,0.3333
4,116.0000,13,15,153.9889,-71.5113,-0.2856,32,0.8000,0.2000,5,4,0,0,0,4,0,1.0000
4,116.0000,13,17,431.4040,-82.2983,-0.3853,22,0.5500,0.7143,7,7,5,0,0,7,5,0.2857
4,116.0000,13,18,576.2122,-85.0501,0.4537,10,0.2500,0.7143,7,7,6,0,0,7,6,0.1429
4,116.0000,13,19,878.1888,-87.4480,-0.7879,4,0.1000,1.0000,8,8,8,0,0,8,8,0.0000
4,116.0000,13,20,641.4289,-85.6459,-0.6792,12,0.3000,0.8571,7,7,6,0,0,7,6,0.1429
4,116.0000,13,21,678.3645,-85.2834,-0.1168,8,0.2000,0.8750,8,8,8,0,0,8,8,0.0000
4,116.0000,13,24,496.9321,-83.0298,0.4302,14,0.3500,0.8750,8,5,4,0,0,5,4,0.2000
4,116.0000,13,25,156.0307,-74.6637,1.1052,33,0.8250,0.0000,4,4,0,0,0,4,0,1.0000
4,116.0000,13,27,459.8941,-82.4286,-0.6759,12,0.3000,1.0000,10,7,6,0,0,7,6,0.1429
4,116.0000,13,28,928.5784,-88.7308,0.3800,3,0.0750,1.0000,8,8,8,0,0,8,8,0.0000
4,116.0000,13,30,890.9303,-86.5704,-1.2261,6,0.1500,1.0000,8,4,4,0,0,4,4,0.0000
4,116.0000,13,31,388.8448,-82.5845,0.6949,15,0.3750,0.7143,7,8,8,0,0,8,8,0.0000
4,116.0000,13,32,716.6929,-85.7373,-0.2304,9,0.2250,1.0000,8,7,6,0,0,7,6,0.1429
4,116.0000,13,33,789.3583,-87.3531,-0.1357,7,0.1750,0.8571,7,8,8,0,0,8,8,0.0000
4,116.0000,13,34,766.5947,-87.2899,-0.1027,7,0.1750,0.8750,8,8,8,0,0,8,8,0.0000
4,116.0000,13,36,606.0512,-84.3581,-0.4251,11,0.2750,1.0000,8,8,8,0,0,8,8,0.0000
4,116.0000,13,39,656.1773,-86.1274,-0.5299,11,0.2750,1.0000,8,5,3,0,0,5,3,0.4000
4,116.0000,13,40,308.2111,-79.6893,0.1213,27,0.6750,0.2000,5,4,1,0,0,4,1,0.7500
4,116.0000,13,42,341.5769,-81.2040,-0.0419,18,0.4500,0.6667,6,6,3,0,0,6,3,0.5000
4,116.0000,13,44,889.0613,-86.3523,-0.6432,5,0.1250,1.0000,8,4,4,0,0,4,4,0.0000
4,116.0000,13,45,429.9124,-80.9738,-0.0947,18,0.4500,0.7667,30,8,7,10,8,18,15,0.1667
4,116.0000,13,46,120.9321,-72.9821,1.0499,37,0.9250,0.0000,4,6,2,0,0,6,2,0.6667
4,116.0000,14,1,815.4104,-88.3305,0.5851,5,0.1250,1.0000,8,8,7,0,0,8,7,0.1250
4,116.0000,14,2,1023.1932,-89.2344,0.3691,5,0.1250,1.0000,8,8,7,0,0,8,7,0.1250
4,116.0000,14,3,718.8779,-86.4846,-1.0491,4,0.1000,1.0000,6,8,8,0,0,8,8,0.0000
4,116.0000,14,4,828.6844,-88.3453,0.6279,5,0.1250,1.0000,8,7,6,0,0,7,6,0.1429
4,116.0000,14,5,1061.0453,-88.8876,0.1186,3,0.0750,1.0000,8,2,2,0,0,2,2,0.0000
4,116.0000,14,6,882.7163,-87.8386,-0.3196,5,0.1250,1.0000,6,8,8,0,0,8,8,0.0000
4,116.0000,14,7,941.4390,-88.9400,1.0532,3,0.0750,1.0000,8,6,6,0,0,6,6,0.0000
4,116.0000,14,8,531.0539,-84.2404,-0.3752,9,0.2250,0.7500,8,7,6,0,0,7,6,0.1429
4,116.0000,14,11,809.1768,-87.0744,0.1293,6,0.1500,1.0000,8,6,6,0,0,6,6,0.0000
4,116.0000,14,12,664.1557,-84.0576,-0.1448,12,0.3000,1.0000,8,8,8,0,0,8,8,0.0000
4,116.0000,14,13,387.5624,-83.3060,0.7905,14,0.3500,0.9000,10,5,4,0,0,5,4,0.2000
4,116.0000,14,15,436.2692,-82.4433,-0.5511,16,0.4000,0.6667,6,7,6,0,0,7,6,0.1429
4,116.0000,14,17,735.6982,-86.1120,0.3590,10,0.2500,0.8571,7,7,6,0,0,7,6,0.1429
4,116.0000,14,18,951.8115,-88.4602,0.8364,4,0.1000,,0,8,7,0,0,8,7,0.1250
4,116.0000,14,19,828.8700,-88.0105,-0.2696,6,0.1500,0.8571,7,8,8,0,0,8,8,0.0000
4,116.0000,14,21,840.6211,-88.0715,0.5634,4,0.1000,0.6667,6,8,8,0,0,8,8,0.0000
4,116.0000,14,24,455.4673,-81.9561,0.1693,11,0.2750,1.0000,8,7,6,0,0,7,6,0.1429
4,116.0000,14,25,534.9960,-85.2456,1.1453,11,0.2750,0.8750,8,8,8,0,0,8,8,0.0000
4,116.0000,14,26,978.8934,-87.3804,-0.3667,3,0.0750,1.0000,8,2,2,0,0,2,2,0.0000
4,116.0000,14,27,519.1607,-85.2647,0.4591,8,0.2000,1.0000,8,6,4,0,0,6,4,0.3333
4,116.0000,14,31,124.4406,-71.4611,0.3135,32,0.8000,0.0000,4,6,2,0,0,6,2,0.6667
4,116.0000,14,32,1041.6791,-89.6647,-0.1918,3,0.0750,,0,8,8,0,0,8,8,0.0000
4,116.0000,14,33,877.9288,-88.5810,0.4955,5,0.1250,1.0000,6,6,6,0,0,6,6,0.0000
4,116.0000,14,34,401.2489,-79.1434,-1.2835,23,0.5750,0.4000,5,8,8,0,0,8,8,0.0000
4,116.0000,14,36,492.5196,-82.6997,-1.1266,11,0.2750,0.6667,6,8,8,0,0,8,8,0.0000
4,116.0000,14,37,967.4752,-88.7660,-0.3728,4,0.1000,1.0000,6,8,8,0,0,8,8,0.0000
4,116.0000,14,38,811.2705,-88.0907,-0.6449,5,0.1250,1.0000,4,4,4,0,0,4,4,0.0000
4,116.0000,14,40,515.3118,-86.4817,0.2777,11,0.2750,0.6667,6,6,4,0,0,6,4,0.3333
4,116.0000,14,41,840.3907,-87.9747,-0.7289,5,0.1250,1.0000,8,8,8,0,0,8,8,0.0000
4,116.0000,14,42,355.7851,-80.8641,0.4849,15,0.3750,0.8571,7,6,3,0,0,6,3,0.5000
4,116.0000,14,45,701.0776,-87.8509,0.1757,7,0.1750,1.0000,8,8,8,0,0,8,8,0.0000
4,116.0000,14,46,378.5575,-80.6873,-0.3585,19,0.4750,0.8750,8,7,6,0,0,7,6,0.1429
4,116.0000,15,1,694.4299,-85.8807,0.2069,4,0.1000,1.0000,8,8,7,0,0,8,7,0.1250
4,116.0000,15,2,633.4895,-85.7257,-0.2007,13,0.3250,1.0000,8,7,6,0,0,7,6,0.1429
4,116.0000,15,3,875.6540,-88.2202,-0.4853,4,0.1000,0.6667,6,8,8,0,0,8,8,0.0000
4,116.0000,15,4,452.5403,-82.7132,0.0344,13,0.3250,0.6667,6,6,4,0,0,6,4,0.3333
4,116.0000,15,8,327.0929,-79.5984,-0.1765,21,0.5250,0.6667,6,8,5,0,0,8,5,0.3750
4,116.0000,15,9,578.7241,-85.5320,0.1852,11,0.2750,1.0000,4,7,6,0,0,7,6,0.1429
4,116.0000,15,11,492.1818,-82.9818,0.3397,15,0.3750,0.6667,6,7,6,0,0,7,6,0.1429
4,116.0000,15,13,153.9889,-70.9912,0.0133,34,0.8500,0.0000,4,4,0,0,0,4,0,1.0000
4,116.0000,15,14,436.2692,-82.7904,-0.0333,19,0.4750,0.8571,7,7,5,0,0,7,5,0.2857
4,116.0000,15,17,497.4406,-83.5146,-0.0017,18,0.4500,0.8571,7,7,6,0,0,7,6,0.1429
4,116.0000,15,18,534.1866,-86.1945,0.9986,11,0.2750,1.0000,8,7,5,0,0,7,5,0.2857
4,116.0000,15,19,745.8183,-85.0660,0.0011,7,0.1750,1.0000,8,6,6,0,0,6,6,0.0000
4,116.0000,15,20,491.5312,-84.1368,-0.0512,9,0.2250,0.4000,5,8,7,0,0,8,7,0.1250
4,116.0000,15,21,547.1247,-84.1208,-0.1433,13,0.3250,0.8750,8,7,6,0,0,7,6,0.1429
4,116.0000,15,24,386.6809,-81.1354,-0.0377,17,0.4250,0.8750,8,7,5,0,0,7,5,0.2857
4,116.0000,15,25,231.1067,-78.1671,0.5681,25,0.6250,0.3333,6,5,0,0,0,5,0,1.0000
4,116.0000,15,27,350.5201,-79.5280,-0.2318,18,0.4500,0.8571,7,7,5,0,0,7,5,0.2857
4,116.0000,15,28,851.9976,-87.0883,-0.2170,9,0.2250,1.0000,6,8,7,0,0,8,7,0.1250
4,116.0000,15,30,774.3393,-87.8555,0.7590,5,0.1250,1.0000,8,8,7,0,0,8,7,0.1250
4,116.0000,15,31,422.7215,-80.3816,-0.3571,23,0.5750,0.7500,8,6,4,0,0,6,4,0.3333
4,116.0000,15,32,610.5465,-86.3328,0.8262,11,0.2750,1.0000,8,6,3,0,0,6,3,0.5000
4,116.0000,15,33,641.8676,-85.6708,-0.2501,9,0.2250,0.8571,7,8,8,0,0,8,8,0.0000
4,116.0000,15,34,773.1793,-85.4237,0.2993,8,0.2000,0.8889,9,4,4,0,0,4,4,0.0000
4,116.0000,15,36,506.1875,-81.6050,-0.8954,16,0.4000,0.7500,8,8,7,0,0,8,7,0.1250
4,116.0000,15,39,706.4614,-87.5048,0.0256,5,0.1250,1.0000,6,6,6,0,0,6,6,0.0000
4,116.0000,15,40,360.9014,-82.5469,-0.4251,18,0.4500,0.4000,5,4,0,0,0,4,0,1.0000
4,116.0000,15,42,354.0530,-79.6794,-0.4779,24,0.6000,0.4000,5,7,4,0,0,7,4,0.4286
4,116.0000,15,44,814.9187,-86.4926,0.9783,9,0.2250,0.8889,9,4,4,0,0,4,4,0.0000
4,116.0000,15,45,339.2793,-81.7066,0.5380,17,0.4250,0.7143,7,6,4,0,0,6,4,0.3333
4,116.0000,15,46,267.7223,-76.1330,-0.7403,31,0.7750,0.2500,4,6,1,0,0,6,1,0.8333
4,116.0000,16,0,403.1155,-82.9551,0.5609,22,0.5500,0.8750,8,7,2,0,0,7,2,0.7143
4,116.0000,16,5,855.0750,-88.2976,1.2292,4,0.1000,1.0000,8,8,8,0,0,8,8,0.0000
4,116.0000,16,6,825.1721,-87.7980,0.3886,3,0.0750,1.0000,8,8,8,0,0,8,8,0.0000
4,116.0000,16,7,485.9035,-83.6558,-0.1277,17,0.4250,0.8571,7,7,6,0,0,7,6,0.1429
4,116.0000,16,10,336.4479,-81.1973,-0.0230,30,0.7500,0.2000,5,5,1,0,0,5,1,0.8000
4,116.0000,16,22,654.7929,-86.2903,0.0043,10,0.2500,0.8750,8,8,7,0,0,8,7,0.1250
4,116.0000,16,23,669.0835,-84.7649,-0.4626,14,0.3500,1.0000,8,7,6,0,0,7,6,0.1429
4,116.0000,16,26,653.7805,-85.0201,-0.6128,11,0.2750,0.5714,7,7,6,0,0,7,6,0.1429
4,116.0000,16,29,490.0923,-83.2712,0.0013,18,0.4500,0.8571,7,8,8,0,0,8,8,0.0000
4,116.0000,16,37,774.8560,-87.3256,-0.3441,5,0.1250,1.0000,8,8,8,0,0,8,8,0.0000
4,116.0000,16,38,590.5029,-84.5271,-0.4918,9,0.2250,0.7500,8,6,3,0,0,6,3,0.5000
4,116.0000,16,41,675.9577,-87.2715,0.0494,5,0.1250,1.0000,8,7,6,0,0,7,6,0.1429
4,116.0000,16,43,229.7319,-76.7095,-0.0190,37,0.9250,0.0000,4,4,0,0,0,4,0,1.0000
4,116.0000,16,47,385.9408,-80.2249,0.2767,23,0.5750,0.2000,5,6,2,0,0,6,2,0.6667
4,116.0000,17,1,1116.9280,-88.8668,-0.3046,3,0.0750,1.0000,5,4,4,0,0,4,4,0.0000
4,116.0000,17,2,422.9941,-83.0724,-0.2291,17,0.4250,0.6667,6,8,8,0,0,8,8,0.0000
4,116.0000,17,4,559.3631,-83.6323,0.0726,13,0.3250,0.8571,7,8,8,0,0,8,8,0.0000
4,116.0000,17,8,474.7907,-82.9152,-1.5742,8,0.2000,0.7778,9,6,6,0,0,6,6,0.0000
4,116.0000,17,9,516.2813,-83.1678,-0.2871,18,0.4500,1.0000,8,6,5,0,0,6,5,0.1667
4,116.0000,17,11,351.8365,-80.0822,-0.1413,22,0.5500,0.4000,5,7,4,0,0,7,4,0.4286
4,116.0000,17,13,431.4040,-81.6539,-0.0894,13,0.3250,1.0000,8,7,6,0,0,7,6,0.1429
4,116.0000,17,14,735.6982,-87.4711,-0.9763,6,0.1500,1.0000,8,8,8,0,0,8,8,0.0000
4,116.0000,17,15,497.4406,-83.9017,0.8471,10,0.2500,0.8750,8,6,3,0,0,6,3,0.5000
4,116.0000,17,18,580.0478,-85.1242,1.2360,5,0.1250,0.8750,8,8,8,0,0,8,8,0.0000
4,116.0000,17,20,827.3954,-87.1248,0.1368,4,0.1000,0.8571,7,6,6,0,0,6,6,0.0000
4,116.0000,17,21,760.9320,-86.4825,-0.0884,6,0.1500,1.0000,8,7,6,0,0,7,6,0.1429
4,116.0000,17,25,306.8342,-78.1649,0.0785,25,0.6250,0.4000,5,6,4,0,0,6,4,0.3333
4,116.0000,17,27,670.8494,-85.3044,-1.1782,9,0.2250,0.6667,6,8,8,0,0,8,8,0.0000
4,116.0000,17,28,868.7869,-87.6748,-1.0088,5,0.1250,1.0000,8,4,4,0,0,4,4,0.0000
4,116.0000,17,30,893.6506,-86.4141,-1.8693,5,0.1250,0.8750,8,4,4,0,0,4,4,0.0000
4,116.0000,17,31,688.8481,-85.9213,0.0742,5,0.1250,0.8750,8,7,6,0,0,7,6,0.1429
4,116.0000,17,32,726.9667,-85.4413,0.6853,6,0.1500,0.8889,9,8,8,0,0,8,8,0.0000
4,116.0000,17,33,976.3958,-86.9515,1.3535,5,0.1250,1.0000,4,8,8,0,0,8,8,0.0000
4,116.0000,17,34,1071.8488,-88.3379,0.7828,3,0.0750,1.0000,6,4,4,0,0,4,4,0.0000
4,116.0000,17,36,941.9129,-87.9662,0.7819,3,0.0750,1.0000,8,8,8,0,0,8,8,0.0000
4,116.0000,17,39,437.2287,-83.1346,0.2129,27,0.6750,0.5000,6,6,3,0,0,6,3,0.5000
4,116.0000,17,40,266.0445,-75.6128,-0.6010,29,0.7250,0.4000,5,7,4,0,0,7,4,0.4286
4,116.0000,17,42,503.7717,-83.3369,0.6100,10,0.2500,1.0000,8,8,8,0,0,8,8,0.0000
4,116.0000,17,44,818.5685,-86.0447,0.3898,8,0.2000,1.0000,8,6,6,0,0,6,6,0.0000
4,116.0000,17,45,444.7854,-79.9660,-1.4855,15,0.3750,0.8571,7,8,7,0,0,8,7,0.1250
4,116.0000,17,46,387.5208,-81.8377,0.2723,14,0.3500,0.6667,6,7,5,0,0,7,5,0.2857
4,116.0000,18,2,351.4048,-79.8107,-0.4087,26,0.6500,0.3333,6,7,6,0,0,7,6,0.1429
4,116.0000,18,4,512.6634,-84.1998,0.0370,10,0.2500,0.8571,7,5,4,0,0,5,4,0.2000
4,116.0000,18,8,706.0373,-88.3108,0.2248,3,0.0750,1.0000,8,7,6,0,0,7,6,0.1429
4,116.0000,18,9,296.4431,-78.5050,-0.4469,30,0.7500,0.5714,7,6,3,0,0,6,3,0.5000
4,116.0000,18,11,346.0133,-80.4677,0.1162,20,0.5000,0.7500,8,7,6,0,0,7,6,0.1429
4,116.0000,18,13,576.2122,-85.5940,-0.5987,6,0.1500,1.0000,8,7,6,0,0,7,6,0.1429
4,116.0000,18,15,534.1866,-84.7549,-0.5860,7,0.1750,1.0000,8,7,5,0,0,7,5,0.2857
4,116.0000,18,17,580.0478,-85.2217,0.5871,10,0.2500,0.8889,9,7,5,0,0,7,5,0.2857
4,116.0000,18,21,731.4412,-87.4254,-0.3245,4,0.1000,0.8750,8,8,8,0,0,8,8,0.0000
4,116.0000,18,24,848.4124,-85.6454,-1.1924,3,0.0750,1.0000,8,6,6,0,0,6,6,0.0000
4,116.0000,18,25,468.4599,-81.6437,0.1197,8,0.2000,0.8571,7,7,6,0,0,7,6,0.1429
4,116.0000,18,27,772.6863,-86.0841,1.0391,4,0.1000,1.0000,8,8,8,0,0,8,8,0.0000
4,116.0000,18,28,389.3098,-80.9696,-0.1439,33,0.8250,0.8571,7,7,5,0,0,7,5,0.2857
4,116.0000,18,30,511.6830,-83.7634,0.5648,15,0.3750,0.8571,7,8,7,0,0,8,7,0.1250
4,116.0000,18,31,947.0561,-88.1514,-0.0579,3,0.0750,1.0000,6,8,8,0,0,8,8,0.0000
4,116.0000,18,32,343.7686,-80.3322,0.0605,29,0.7250,0.0000,4,6,3,0,0,6,3,0.5000
4,116.0000,18,33,868.0073,-86.9831,0.0169,4,0.1000,1.0000,6,6,6,0,0,6,6,0.0000
4,116.0000,18,35,588.0459,-85.2376,-0.1789,17,0.4250,1.0000,8,7,6,0,0,7,6,0.1429
4,116.0000,18,39,417.0756,-81.1607,-0.1200,28,0.7000,0.8571,7,5,4,0,0,5,4,0.2000
4,116.0000,18,40,685.2902,-86.7902,0.3946,6,0.1500,1.0000,8,8,8,0,0,8,8,0.0000
4,116.0000,18,42,823.0011,-88.1478,-0.1578,4,0.1000,1.0000,8,8,8,0,0,8,8,0.0000
4,116.0000,18,44,356.6265,-80.0173,-0.8686,31,0.7750,0.6667,6,7,4,0,0,7,4,0.4286
4,116.0000,18,45,509.4970,-82.5909,0.7530,7,0.1750,1.0000,8,7,5,0,0,7,5,0.2857
4,116.0000,18,46,647.8437,-86.0125,0.3607,5,0.1250,1.0000,8,7,6,0,0,7,6,0.1429
4,116.0000,19,1,76.7874,-69.6128,2.0213,33,0.8250,0.0000,4,4,0,0,0,4,0,1.0000
4,116.0000,19,3,466.1215,-81.8868,0.1707,17,0.4250,1.0000,8,8,7,0,0,8,7,0.1250
4,116.0000,19,4,772.5074,-87.6439,-0.6320,3,0.0750,1.0000,10,6,6,0,0,6,6,0.0000
4,116.0000,19,5,415.3693,-81.2538,-0.6251,23,0.5750,0.8571,7,6,5,0,0,6,5,0.1667
4,116.0000,19,6,399.9470,-81.7394,0.4604,16,0.4000,0.5714,7,7,5,0,0,7,5,0.2857
4,116.0000,19,7,798.1799,-86.4346,-0.4564,5,0.1250,1.0000,8,6,6,0,0,6,6,0.0000
4,116.0000,19,8,735.0523,-87.6477,0.9077,3,0.0750,1.0000,8,8,8,0,0,8,8,0.0000
4,116.0000,19,13,878.1888,-87.1932,-0.3214,3,0.0750,0.8750,8,8,8,0,0,8,8,0.0000
4,116.0000,19,14,828.8700,-86.8035,0.1621,3,0.0750,1.0000,6,6,6,0,0,6,6,0.0000
4,116.0000,19,15,745.8183,-85.9472,-0.2175,3,0.0750,0.8571,7,8,8,0,0,8,8,0.0000
4,116.0000,19,20,437.2875,-81.5835,-0.3582,8,0.2000,1.0000,8,8,8,0,0,8,8,0.0000
4,116.0000,19,21,575.1868,-84.5783,-1.1648,7,0.1750,0.8571,7,8,7,0,0,8,7,0.1250
4,116.0000,19,22,766.0025,-86.8549,-0.5938,6,0.1500,1.0000,8,8,8,0,0,8,8,0.0000
4,116.0000,19,24,398.3224,-80.4599,0.0147,12,0.3000,0.8750,8,7,6,0,0,7,6,0.1429
4,116.0000,19,27,521.2048,-83.0856,0.9758,4,0.1000,1.0000,8,8,7,0,0,8,7,0.1250
4,116.0000,19,31,795.5356,-88.0327,-1.6783,3,0.0750,1.0000,8,8,8,0,0,8,8,0.0000
4,116.0000,19,33,344.6925,-79.7961,0.2625,16,0.4000,0.3333,6,7,5,0,0,7,5,0.2857
4,116.0000,19,36,337.4972,-80.2130,-0.2001,12,0.3000,0.8750,8,8,7,0,0,8,7,0.1250
4,116.0000,19,37,436.5712,-82.9428,0.3889,15,0.3750,0.5714,7,6,4,0,0,6,4,0.3333
4,116.0000,19,38,846.0248,-87.6052,0.5273,4,0.1000,1.0000,8,8,8,0,0,8,8,0.0000
4,116.0000,19,42,806.1424,-84.8294,-0.2813,4,0.1000,1.0000,8,8,8,0,0,8,8,0.0000
4,116.0000,20,1,363.8645,-80.3949,0.0715,31,0.7750,0.8571,7,8,7,0,0,8,7,0.1250
4,116.0000,20,2,765.4625,-86.5230,0.1627,11,0.2750,1.0000,8,7,6,0,0,7,6,0.1429
4,116.0000,20,3,764.7071,-87.6084,0.3625,6,0.1500,0.8750,8,8,8,0,0,8,8,0.0000
4,116.0000,20,4,346.0570,-81.3074,0.8427,19,0.4750,0.8571,7,6,4,70,53,76,57,0.2500
4,116.0000,20,5,835.7897,-87.2375,-0.4661,7,0.1750,0.7143,7,2,2,0,0,2,2,0.0000
4,116.0000,20,6,812.3119,-86.7116,-0.2774,9,0.2250,1.0000,4,8,8,0,0,8,8,0.0000
4,116.0000,20,8,458.0581,-82.6293,0.1991,18,0.4500,0.7143,7,7,6,0,0,7,6,0.1429
4,116.0000,20,9,623.9577,-86.4807,0.8130,10,0.2500,1.0000,8,8,8,0,0,8,8,0.0000
4,116.0000,20,11,860.5949,-87.1599,1.8503,5,0.1250,1.0000,8,2,2,0,0,2,2,0.0000
4,116.0000,20,13,641.4289,-86.7121,0.1922,14,0.3500,1.0000,8,7,6,0,0,7,6,0.1429
4,116.0000,20,14,784.1884,-87.4356,-0.2623,7,0.1750,1.0000,8,8,8,0,0,8,8,0.0000
4,116.0000,20,15,491.5312,-84.1326,0.2283,15,0.3750,0.5000,6,7,6,0,0,7,6,0.1429
4,116.0000,20,17,827.3954,-87.7078,-0.1923,9,0.2250,0.8750,8,7,6,0,0,7,6,0.1429
4,116.0000,20,18,706.5519,-86.7283,0.1028,9,0.2250,0.8750,8,8,8,0,0,8,8,0.0000
4,116.0000,20,19,437.2875,-82.0599,-0.2746,21,0.5250,0.6667,6,7,6,0,0,7,6,0.1429
4,116.0000,20,21,199.4038,-77.0330,1.0335,28,0.7000,0.1667,6,4,0,0,0,4,0,1.0000
4,116.0000,20,24,379.9382,-82.2218,0.0957,15,0.3750,0.8571,7,7,5,0,0,7,5,0.2857
4,116.0000,20,25,671.5634,-87.3544,1.1955,13,0.3250,1.0000,8,8,7,0,0,8,7,0.1250
4,116.0000,20,27,319.1391,-79.7900,0.2567,24,0.6000,0.8621,58,7,6,4,4,11,10,0.0909
4,116.0000,20,28,809.0874,-87.2639,-0.7093,10,0.2500,0.8571,7,6,6,0,0,6,6,0.0000
4,116.0000,20,30,560.2400,-84.9613,-0.5155,19,0.4750,1.0000,10,7,6,0,0,7,6,0.1429
4,116.0000,20,31,731.5363,-88.0803,0.4058,9,0.2250,0.8571,7,8,8,0,0,8,8,0.0000
4,116.0000,20,32,506.4976,-84.1789,0.2339,17,0.4250,0.5000,6,7,5,0,0,7,5,0.2857
4,116.0000,20,33,168.4662,-71.1044,-1.3505,35,0.8750,0.1000,10,5,1,0,0,5,1,0.8000
4,116.0000,20,34,942.8273,-89.4206,0.0362,6,0.1500,1.0000,2,8,8,0,0,8,8,0.0000
4,116.0000,20,35,901.4238,-87.8285,0.2509,6,0.1500,1.0000,6,2,2,0,0,2,2,0.0000
4,116.0000,20,36,457.3092,-84.3148,1.1784,13,0.3250,0.5000,6,8,7,0,0,8,7,0.1250
4,116.0000,20,37,852.5103,-86.9374,0.5668,7,0.1750,1.0000,6,6,6,0,0,6,6,0.0000
4,116.0000,20,39,1017.7932,-88.1680,0.0774,6,0.1500,1.0000,2,2,2,0,0,2,2,0.0000
4,116.0000,20,40,690.8046,-87.5252,0.2978,7,0.1750,1.0000,8,6,3,61,60,67,63,0.0597
4,116.0000,20,42,623.4945,-85.7504,0.3224,9,0.2250,1.0000,8,7,6,0,0,7,6,0.1429
4,116.0000,20,44,783.9616,-87.1637,0.1307,9,0.2250,1.0000,8,8,8,0,0,8,8,0.0000
4,116.0000,20,45,393.7330,-82.7201,0.9884,18,0.4500,0.8750,8,5,2,0,0,5,2,0.6000
4,116.0000,20,46,740.4902,-86.4779,0.1788,9,0.2250,1.0000,8,8,7,0,0,8,7,0.1250
4,116.0000,21,1,510.4179,-83.4769,0.0529,14,0.3500,0.6667,6,9,8,0,0,9,8,0.1111
4,116.0000,21,2,694.7260,-84.9379,-0.7237,14,0.3500,1.0000,8,7,6,0,0,7,6,0.1429
4,116.0000,21,3,833.2371,-88.3096,0.3238,6,0.1500,1.0000,4,6,6,0,0,6,6,0.0000
4,116.0000,21,4,253.0121,-75.7224,-1.0694,33,0.8250,0.0000,4,7,4,0,0,7,4,0.4286
4,116.0000,21,6,932.1015,-88.5088,0.1223,4,0.1000,1.0000,2,8,8,0,0,8,8,0.0000
4,116.0000,21,8,397.3871,-79.4396,-0.3868,21,0.5250,0.7500,8,7,6,0,0,7,6,0.1429
4,116.0000,21,9,569.6117,-85.0967,-0.2581,14,0.3500,0.7500,8,8,8,0,0,8,8,0.0000
4,116.0000,21,11,860.6417,-87.5372,-0.1795,6,0.1500,1.0000,10,4,4,0,0,4,4,0.0000
4,116.0000,21,13,678.3645,-85.6065,0.6332,15,0.3750,1.0000,8,8,8,0,0,8,8,0.0000
4,116.0000,21,14,840.6211,-87.7530,-0.5670,7,0.1750,1.0000,8,8,8,0,0,8,8,0.0000
4,116.0000,21,15,547.1247,-85.1764,1.0062,10,0.2500,1.0000,8,8,8,0,0,8,8,0.0000
4,116.0000,21,17,760.9320,-86.4183,0.4277,13,0.3250,0.8571,7,6,6,0,0,6,6,0.0000
4,116.0000,21,18,731.4412,-87.3779,-0.7362,7,0.1750,1.0000,8,7,5,0,0,7,5,0.2857
4,116.0000,21,19,575.1868,-84.8124,0.2361,12,0.3000,0.8889,9,7,5,0,0,7,5,0.2857
4,116.0000,21,20,199.4038,-76.6636,0.7476,29,0.7250,0.2000,5,5,1,0,0,5,1,0.8000
4,116.0000,21,24,488.9454,-83.1535,-0.0645,12,0.3000,1.0000,8,8,8,0,0,8,8,0.0000
4,116.0000,21,25,680.7645,-86.9593,0.4302,10,0.2500,0.8571,7,7,5,0,0,7,5,0.2857
4,116.0000,21,27,330.0897,-78.5715,-0.4651,22,0.5500,0.7500,8,4,1,0,0,4,1,0.7500
4,116.0000,21,28,807.1523,-86.7748,-0.4595,13,0.3250,1.0000,8,6,6,0,0,6,6,0.0000
4,116.0000,21,30,555.2909,-83.2372,-0.5469,20,0.5000,0.8571,7,6,6,0,0,6,6,0.0000
4,116.0000,21,31,764.0538,-86.9392,-0.7452,7,0.1750,1.0000,8,7,6,0,0,7,6,0.1429
4,116.0000,21,32,509.2240,-84.0140,0.5827,18,0.4500,1.0000,8,8,7,0,0,8,7,0.1250
4,116.0000,21,33,264.1332,-78.3081,0.1106,27,0.6750,0.5000,6,5,1,0,0,5,1,0.8000
4,116.0000,21,34,995.0208,-88.0793,1.6880,5,0.1250,1.0000,6,4,4,0,0,4,4,0.0000
4,116.0000,21,35,938.8808,-87.6431,-0.4101,8,0.2000,1.0000,4,8,8,0,0,8,8,0.0000
4,116.0000,21,36,571.7157,-85.2133,-0.4262,10,0.2500,1.0000,8,8,7,0,0,8,7,0.1250
4,116.0000,21,37,954.8466,-88.8418,0.6160,3,0.0750,1.0000,2,4,4,0,0,4,4,0.0000
4,116.0000,21,40,636.8768,-85.9480,-1.1309,10,0.2500,1.0000,8,8,8,0,0,8,8,0.0000
4,116.0000,21,42,598.2205,-85.6417,1.2978,7,0.1750,1.0000,8,8,8,0,0,8,8,0.0000
4,116.0000,21,44,774.9333,-86.1214,-1.0379,15,0.3750,0.8750,8,8,8,0,0,8,8,0.0000
4,116.0000,21,45,324.1390,-79.9738,-0.1320,23,0.5750,0.5000,6,6,4,0,0,6,4,0.3333
4,116.0000,21,46,756.7338,-87.6768,0.0345,11,0.2750,1.0000,8,8,8,0,0,8,8,0.0000
4,116.0000,22,0,329.0109,-79.5399,-0.9969,33,0.8250,0.2000,5,6,3,0,0,6,3,0.5000
4,116.0000,22,1,831.5750,-87.9144,0.3597,4,0.1000,1.0000,10,6,6,0,0,6,6,0.0000
4,116.0000,22,3,541.9155,-83.7882,-0.1380,10,0.2500,1.0000,8,7,6,2,2,9,8,0.1111
4,116.0000,22,5,417.7635,-82.9733,-0.4220,17,0.4250,0.8750,8,7,6,0,0,7,6,0.1429
4,116.0000,22,6,555.5554,-84.8631,0.5801,13,0.3250,0.8750,8,7,6,0,0,7,6,0.1429
4,116.0000,22,7,600.4327,-85.4879,0.1815,13,0.3250,0.8000,5,10,10,0,0,10,10,0.0000
4,116.0000,22,10,905.5917,-88.3244,0.8141,3,0.0750,1.0000,8,4,4,0,0,4,4,0.0000
4,116.0000,22,16,654.7929,-85.5822,0.2544,20,0.5000,0.8571,7,7,6,0,0,7,6,0.1429
4,116.0000,22,19,766.0025,-87.8853,0.9494,5,0.1250,1.0000,8,8,7,0,0,8,7,0.1250
4,116.0000,22,23,712.0775,-86.3448,-0.4668,7,0.1750,0.8750,8,7,5,0,0,7,5,0.2857
4,116.0000,22,29,870.3795,-87.5084,-0.0212,8,0.2000,1.0000,8,8,8,0,0,8,8,0.0000
4,116.0000,22,34,977.2041,-89.3169,0.2118,3,0.0750,1.0000,8,10,10,0,0,10,10,0.0000
4,116.0000,22,37,436.1089,-82.5369,-0.0798,22,0.5500,0.4286,7,5,4,0,0,5,4,0.2000
4,116.0000,22,38,672.1434,-85.4047,0.3220,7,0.1750,1.0000,8,8,7,0,0,8,7,0.1250
4,116.0000,22,41,827.1563,-86.5415,0.9776,8,0.2000,1.0000,8,8,8,0,0,8,8,0.0000
4,116.0000,22,43,530.1072,-85.2621,0.3215,20,0.5000,0.5714,7,8,5,0,0,8,5,0.3750
4,116.0000,22,47,783.2077,-86.8229,-0.9738,7,0.1750,0.8571,7,8,8,0,0,8,8,0.0000
4,116.0000,23,0,773.8072,-85.2787,-0.3354,11,0.2750,1.0000,6,4,4,0,0,4,4,0.0000
4,116.0000,23,3,552.7958,-83.8366,0.4758,7,0.1750,1.0000,8,8,8,0,0,8,8,0.0000
4,116.0000,23,5,868.0466,-87.0202,-0.7625,4,0.1000,0.8571,7,8,8,0,0,8,8,0.0000
4,116.0000,23,6,787.7548,-86.9998,0.8538,4,0.1000,1.0000,6,6,5,0,0,6,5,0.1667
4,116.0000,23,7,526.4107,-82.9561,0.1277,17,0.4250,0.8571,7,7,5,0,0,7,5,0.2857
4,116.0000,23,10,603.3761,-83.8759,0.1894,24,0.6000,0.8571,7,8,7,0,0,8,7,0.1250
4,116.0000,23,12,341.2767,-82.0519,-0.0846,15,0.3750,0.7143,7,5,2,0,0,5,2,0.6000
4,116.0000,23,16,669.0835,-85.5517,-0.4823,16,0.4000,0.8571,7,8,8,0,0,8,8,0.0000
4,116.0000,23,22,712.0775,-87.0698,-0.1913,9,0.2250,0.8571,7,7,6,6,6,13,12,0.0769
4,116.0000,23,26,390.1602,-80.9481,-0.6407,26,0.6500,0.0000,4,6,3,0,0,6,3,0.5000
4,116.0000,23,29,465.4857,-82.2279,-0.3143,18,0.4500,0.5000,6,5,1,57,52,62,53,0.1452
4,116.0000,23,34,545.3390,-84.4909,0.6345,6,0.1500,0.7143,7,8,8,0,0,8,8,0.0000
4,116.0000,23,37,765.9617,-87.9483,1.4614,4,0.1000,0.9000,10,6,6,0,0,6,6,0.0000
4,116.0000,23,38,308.5833,-79.1917,0.5043,25,0.6250,0.2500,4,8,5,0,0,8,5,0.3750
4,116.0000,23,41,208.0678,-75.7523,0.1564,29,0.7250,0.4000,5,4,0,47,22,51,22,0.5686
4,116.0000,23,43,612.2482,-83.4950,-0.3002,19,0.4750,1.0000,8,6,4,0,0,6,4,0.3333
4,116.0000,23,47,416.8793,-82.0634,-0.1323,23,0.5750,0.7143,7,7,4,0,0,7,4,0.4286
4,116.0000,24,1,369.6621,-82.3667,0.7300,15,0.3750,0.6667,6,5,2,0,0,5,2,0.6000
4,116.0000,24,2,937.1624,-88.3100,0.8686,4,0.1000,1.0000,8,6,6,0,0,6,6,0.0000
4,116.0000,24,3,508.8107,-84.6583,-0.2015,12,0.3000,0.7143,7,7,5,0,0,7,5,0.2857
4,116.0000,24,4,582.4834,-84.6416,0.0346,13,0.3250,0.7143,7,8,6,0,0,8,6,0.2500
4,116.0000,24,5,725.3254,-85.6416,0.8602,7,0.1750,0.6667,6,9,7,0,0,9,7,0.2222
4,116.0000,24,6,606.4623,-85.3218,0.6050,10,0.2500,0.8571,7,8,7,0,0,8,7,0.1250
4,116.0000,24,8,417.8558,-82.0160,0.4204,18,0.4500,0.7143,7,7,6,0,0,7,6,0.1429
4,116.0000,24,9,840.4918,-86.9097,1.1248,4,0.1000,1.0000,4,8,8,0,0,8,8,0.0000
4,116.0000,24,11,876.5124,-87.9108,-0.0762,6,0.1500,1.0000,8,6,6,0,0,6,6,0.0000
4,116.0000,24,12,828.5090,-87.3612,0.3326,6,0.1500,1.0000,8,4,4,0,0,4,4,0.0000
4,116.0000,24,13,496.9321,-83.6400,0.3087,15,0.3750,1.0000,8,7,5,0,0,7,5,0.2857
4,116.0000,24,14,455.4673,-81.9298,0.2803,17,0.4250,0.7143,7,8,6,0,0,8,6,0.2500
4,116.0000,24,15,386.6809,-80.6999,-0.3498,18,0.4500,0.7143,7,7,6,0,0,7,6,0.1429
4,116.0000,24,18,848.4124,-86.8253,2.1042,3,0.0750,1.0000,6,7,6,0,0,7,6,0.1429
4,116.0000,24,19,398.3224,-81.0320,0.4311,15,0.3750,0.5000,6,6,4,0,0,6,4,0.3333
4,116.0000,24,20,379.9382,-82.5128,0.4557,15,0.3750,1.0000,8,7,2,0,0,7,2,0.7143
4,116.0000,24,21,488.9454,-85.5545,0.6383,10,0.2500,0.8750,8,8,7,0,0,8,7,0.1250
4,116.0000,24,23,951.2712,-88.5657,0.2992,3,0.0750,0.7500,4,4,4,0,0,4,4,0.0000
4,116.0000,24,25,609.0079,-86.2743,0.8140,6,0.1500,0.8571,7,7,6,0,0,7,6,0.1429
4,116.0000,24,26,1115.9980,-87.7978,0.5706,4,0.1000,0.7500,4,4,4,0,0,4,4,0.0000
4,116.0000,24,27,229.9635,-77.0040,0.2595,23,0.5750,0.2000,5,5,1,0,0,5,1,0.8000
4,116.0000,24,30,895.1115,-88.0136,-0.2684,7,0.1750,1.0000,6,4,4,0,0,4,4,0.0000
4,116.0000,24,31,419.4366,-80.5161,0.0721,21,0.5250,0.8750,8,8,7,0,0,8,7,0.1250
4,116.0000,24,32,789.0966,-86.7270,0.6863,3,0.0750,1.0000,8,7,6,0,0,7,6,0.1429
4,116.0000,24,33,438.5098,-82.4414,1.3657,12,0.3000,1.0000,8,8,7,0,0,8,7,0.1250
4,116.0000,24,34,578.9843,-83.5037,-0.6512,12,0.3000,0.8571,7,8,8,0,0,8,8,0.0000
4,116.0000,24,36,126.4133,-65.3330,-2.9363,36,0.9000,0.0000,5,5,1,0,0,5,1,0.8000
4,116.0000,24,37,678.3309,-86.4239,-0.2844,6,0.1500,1.0000,8,6,4,0,0,6,4,0.3333
4,116.0000,24,38,810.2576,-87.5803,-0.0803,7,0.1750,0.8571,7,6,6,0,0,6,6,0.0000
4,116.0000,24,40,607.5922,-85.4152,0.6159,9,0.2250,1.0000,10,7,6,0,0,7,6,0.1429
4,116.0000,24,41,932.8676,-87.2553,-0.8283,4,0.1000,0.8000,5,6,6,0,0,6,6,0.0000
4,116.0000,24,42,437.2660,-82.1782,-0.0871,18,0.4500,0.6667,6,8,8,0,0,8,8,0.0000
4,116.0000,24,45,522.0727,-86.0344,-0.3455,7,0.1750,0.7143,7,7,5,0,0,7,5,0.2857
4,116.0000,24,46,578.9588,-82.3335,-0.2762,12,0.3000,0.7500,8,7,4,0,0,7,4,0.4286
4,116.0000,25,2,514.5319,-83.0970,-0.5220,17,0.4250,0.8571,7,8,8,0,0,8,8,0.0000
4,116.0000,25,4,510.8781,-83.0825,-0.6407,10,0.2500,0.7143,7,7,3,0,0,7,3,0.5714
4,116.0000,25,8,407.8672,-82.0574,0.5339,15,0.3750,0.7143,7,6,4,0,0,6,4,0.3333
4,116.0000,25,9,523.3400,-83.4360,0.1143,17,0.4250,0.5000,4,8,5,0,0,8,5,0.3750
4,116.0000,25,11,294.6368,-77.7939,-0.2056,31,0.7750,0.5000,6,8,6,0,0,8,6,0.2500
4,116.0000,25,13,156.0307,-74.9021,1.1591,34,0.8500,0.3333,6,4,0,0,0,4,0,1.0000
4,116.0000,25,14,534.9960,-82.9335,-0.4061,5,0.1250,0.8571,7,8,6,0,0,8,6,0.2500
4,116.0000,25,15,231.1067,-78.3060,1.3726,26,0.6500,0.6667,6,5,1,0,0,5,1,0.8000
4,116.0000,25,17,306.8342,-77.3596,-0.3247,29,0.7250,0.2000,5,8,7,0,0,8,7,0.1250
4,116.0000,25,18,468.4599,-83.7518,0.7132,14,0.3500,0.8571,7,6,4,0,0,6,4,0.3333
4,116.0000,25,20,671.5634,-83.3255,0.8354,4,0.1000,1.0000,8,6,4,0,0,6,4,0.3333
4,116.0000,25,21,680.7645,-85.2203,-0.5811,6,0.1500,0.8571,7,8,8,0,0,8,8,0.0000
4,116.0000,25,24,609.0079,-85.9164,-1.1150,4,0.1000,1.0000,8,7,6,0,0,7,6,0.1429
4,116.0000,25,27,527.5210,-84.6475,-0.1468,6,0.1500,1.0000,8,5,4,0,0,5,4,0.2000
4,116.0000,25,28,824.4635,-86.4035,-1.2917,8,0.2000,0.7500,8,7,7,0,0,7,7,0.0000
4,116.0000,25,30,822.5837,-85.6102,-0.1898,6,0.1500,0.8571,7,7,6,0,0,7,6,0.1429
4,116.0000,25,31,523.2995,-84.1063,0.3352,8,0.2000,1.0000,10,5,3,0,0,5,3,0.4000
4,116.0000,25,32,641.2654,-85.2328,-0.5458,12,0.3000,1.0000,8,8,8,0,0,8,8,0.0000
4,116.0000,25,36,727.3369,-87.3446,-1.0555,3,0.0750,0.8750,8,7,6,0,0,7,6,0.1429
4,116.0000,25,39,506.7976,-84.1925,-0.8741,17,0.4250,0.4000,5,8,6,0,0,8,6,0.2500
4,116.0000,25,40,283.2750,-79.5005,0.8595,26,0.6500,0.3333,6,6,2,0,0,6,2,0.6667
4,116.0000,25,42,415.4696,-82.2333,-0.3579,12,0.3000,0.7500,8,7,4,0,0,7,4,0.4286
4,116.0000,25,45,384.4283,-82.1966,-0.1273,15,0.3750,0.5000,6,8,6,0,0,8,6,0.2500
4,116.0000,25,46,184.8446,-77.6144,1.6316,30,0.7500,0.5000,6,4,0,0,0,4,0,1.0000
4,116.0000,26,3,761.2446,-86.0763,0.4952,8,0.2051,1.0000,8,8,8,0,0,8,8,0.0000
4,116.0000,26,6,919.5559,-88.0186,0.0135,5,0.1282,1.0000,6,8,8,0,0,8,8,0.0000
4,116.0000,26,7,538.5162,-81.7768,-1.2697,14,0.3590,0.4000,5,6,4,0,0,6,4,0.3333
4,116.0000,26,10,426.9440,-81.5254,-0.2543,34,0.8718,0.0000,4,5,1,0,0,5,1,0.8000
4,116.0000,26,12,343.4156,-80.7138,0.2584,24,0.6154,0.8571,7,7,5,0,0,7,5,0.2857
4,116.0000,26,14,978.8934,-87.5661,-0.8681,3,0.0769,1.0000,8,4,4,0,0,4,4,0.0000
4,116.0000,26,16,653.7805,-85.5230,0.8251,15,0.3846,0.8750,8,8,8,0,0,8,8,0.0000
4,116.0000,26,22,973.5057,-86.7197,-1.9744,4,0.1026,1.0000,6,4,4,0,0,4,4,0.0000
4,116.0000,26,23,390.1602,-79.8871,-0.0203,27,0.6923,0.5000,6,8,6,0,0,8,6,0.2500
4,116.0000,26,29,222.1337,-74.2645,-0.9091,36,0.9231,0.0000,4,6,3,0,0,6,3,0.5000
4,116.0000,26,34,589.9700,-84.6452,0.1332,6,0.1538,1.0000,8,7,6,0,0,7,6,0.1429
4,116.0000,26,37,933.2033,-88.4053,0.7484,3,0.0769,0.8750,8,8,8,0,0,8,8,0.0000
4,116.0000,26,38,373.8653,-77.8591,-2.0763,25,0.6410,0.4000,5,7,6,0,0,7,6,0.1429
4,116.0000,26,41,224.0588,-74.1578,-0.9018,33,0.8462,0.0000,4,7,4,0,0,7,4,0.4286
4,116.0000,26,43,719.1490,-85.3117,-0.9198,12,0.3077,0.8750,8,8,8,0,0,8,8,0.0000
4,116.0000,26,47,272.5418,-78.4736,0.4765,34,0.8718,0.5000,6,4,0,0,0,4,0,1.0000
4,116.0000,27,1,476.9595,-83.4245,0.2804,17,0.4250,0.8571,7,6,2,0,0,6,2,0.6667
4,116.0000,27,2,779.8368,-87.6153,-0.0814,3,0.0750,0.5000,6,8,8,0,0,8,8,0.0000
4,116.0000,27,3,627.5315,-86.2507,-0.2494,8,0.2000,1.0000,2,8,7,0,0,8,7,0.1250
4,116.0000,27,4,408.4805,-79.7364,-0.3666,18,0.4500,0.6667,6,8,6,0,0,8,6,0.2500
4,116.0000,27,5,853.4989,-88.0517,-0.4502,8,0.2000,0.6667,6,8,8,0,0,8,8,0.0000
4,116.0000,27,6,778.1310,-86.8489,0.5373,4,0.1000,1.0000,4,8,8,0,0,8,8,0.0000
4,116.0000,27,8,215.0575,-73.6910,-1.3022,33,0.8250,0.2000,5,5,1,0,0,5,1,0.8000
4,116.0000,27,9,695.1264,-87.9919,0.0844,6,0.1500,0.6667,3,7,5,0,0,7,5,0.2857
4,116.0000,27,11,789.9823,-86.3276,-1.0719,7,0.1750,0.9630,27,4,4,2,2,6,6,0.0000
4,116.0000,27,13,459.8941,-82.6371,-0.3338,15,0.3750,1.0000,8,8,8,0,0,8,8,0.0000
4,116.0000,27,14,519.1607,-84.6308,0.5859,11,0.2750,0.8750,8,6,4,0,0,6,4,0.3333
4,116.0000,27,15,350.5201,-80.4968,0.4465,19,0.4750,0.8571,7,6,4,0,0,6,4,0.3333
4,116.0000,27,17,670.8494,-85.0438,-0.2744,10,0.2500,1.0000,8,8,8,0,0,8,8,0.0000
4,116.0000,27,18,772.6863,-87.2082,0.1958,7,0.1750,1.0000,8,8,8,0,0,8,8,0.0000
4,116.0000,27,19,521.2048,-83.0924,-0.5009,18,0.4500,0.2000,5,8,8,0,0,8,8,0.0000
4,116.0000,27,20,319.1391,-79.1641,0.4085,22,0.5500,0.4000,5,8,7,0,0,8,7,0.1250
4,116.0000,27,21,330.0897,-79.1119,-0.3545,22,0.5500,0.7500,8,7,5,0,0,7,5,0.2857
4,116.0000,27,24,229.9635,-77.6393,0.1266,27,0.6750,0.6667,6,5,1,0,0,5,1,0.8000
4,116.0000,27,25,527.5210,-83.4950,0.1089,15,0.3750,1.0000,8,8,7,0,0,8,7,0.1250
4,116.0000,27,30,796.7077,-85.8430,-0.2928,7,0.1750,1.0000,8,5,4,0,0,5,4,0.2000
4,116.0000,27,31,439.6158,-82.3984,0.6611,13,0.3250,0.6667,6,7,5,0,0,7,5,0.2857
4,116.0000,27,32,687.9461,-86.5599,0.8094,7,0.1750,0.6667,6,8,8,0,0,8,8,0.0000
4,116.0000,27,33,405.3247,-79.6873,-1.5315,19,0.4750,0.4000,5,7,6,0,0,7,6,0.1429
4,116.0000,27,34,678.1472,-86.0334,-0.8730,10,0.2500,0.8571,7,8,7,0,0,8,7,0.1250
4,116.0000,27,36,329.2604,-80.0562,-0.1034,23,0.5750,0.5714,7,6,3,0,0,6,3,0.5000
4,116.0000,27,40,457.7914,-82.7892,0.8125,13,0.3250,0.8571,7,8,6,0,0,8,6,0.2500
4,116.0000,27,42,321.8097,-80.8269,1.6867,19,0.4750,0.2000,5,5,1,0,0,5,1,0.8000
4,116.0000,27,44,947.5915,-87.5274,-0.4830,6,0.1500,1.0000,8,4,4,0,0,4,4,0.0000
4,116.0000,27,45,339.9694,-80.4104,0.9502,16,0.4000,0.5000,6,6,2,0,0,6,2,0.6667
4,116.0000,27,46,526.7201,-84.3683,-0.0496,13,0.3250,0.8750,8,8,8,0,0,8,8,0.0000
4,116.0000,28,1,1133.2881,-88.3790,-1.1028,3,0.0750,,0,4,4,0,0,4,4,0.0000
4,116.0000,28,2,479.3858,-82.0080,-0.5178,23,0.5750,0.8571,7,8,7,0,0,8,7,0.1250
4,116.0000,28,4,623.5202,-85.6835,-0.9068,9,0.2250,1.0000,8,10,9,0,0,10,9,0.1000
4,116.0000,28,8,941.4624,-87.2581,0.4028,6,0.1500,1.0000,8,8,8,0,0,8,8,0.0000
4,116.0000,28,9,381.4311,-80.5695,0.2213,25,0.6250,0.4000,5,8,8,0,0,8,8,0.0000
4,116.0000,28,11,705.1619,-86.0270,-0.3711,14,0.3500,1.0000,8,7,6,0,0,7,6,0.1429
4,116.0000,28,13,928.5784,-87.3003,-0.4555,3,0.0750,1.0000,8,6,6,0,0,6,6,0.0000
4,116.0000,28,15,851.9976,-87.5669,1.6064,5,0.1250,1.0000,8,8,8,0,0,8,8,0.0000
4,116.0000,28,17,868.7869,-88.0827,0.0773,9,0.2250,1.0000,8,8,8,0,0,8,8,0.0000
4,116.0000,28,18,389.3098,-81.3371,-0.2625,27,0.6750,0.7500,8,8,7,0,0,8,7,0.1250
4,116.0000,28,20,809.0874,-86.4625,0.1770,5,0.1250,1.0000,8,8,8,0,0,8,8,0.0000
4,116.0000,28,21,807.1523,-85.9137,-1.5507,9,0.2250,1.0000,8,8,8,0,0,8,8,0.0000
4,116.0000,28,25,824.4635,-86.6752,-0.8110,6,0.1500,1.0000,8,8,8,0,0,8,8,0.0000
4,116.0000,28,27,984.3603,-87.9315,-1.3998,5,0.1250,1.0000,6,8,8,0,0,8,8,0.0000
4,116.0000,28,30,319.5064,-79.7616,-0.3018,34,0.8500,0.5000,6,8,6,0,0,8,6,0.2500
4,116.0000,28,32,305.7542,-76.3399,-1.7022,30,0.7500,0.2000,5,7,6,0,0,7,6,0.1429
4,116.0000,28,33,932.7007,-86.4954,0.3818,3,0.0750,1.0000,8,8,8,0,0,8,8,0.0000
4,116.0000,28,35,274.1362,-79.6204,-0.1619,38,0.9500,0.2000,5,4,0,0,0,4,0,1.0000
4,116.0000,28,36,1191.5592,-88.3405,-0.3451,3,0.0750,,0,4,4,0,0,4,4,0.0000
4,116.0000,28,39,681.8464,-86.1378,0.5610,16,0.4000,0.8571,7,7,6,0,0,7,6,0.1429
4,116.0000,28,40,981.6789,-88.8960,0.3671,4,0.1000,1.0000,8,6,6,0,0,6,6,0.0000
4,116.0000,28,44,52.3197,-63.1526,0.3701,37,0.9250,0.0000,4,5,1,0,0,5,1,0.8000
4,116.0000,28,45,704.8609,-85.9182,-1.2971,9,0.2250,0.8571,7,8,8,0,0,8,8,0.0000
4,116.0000,29,0,762.6775,-86.7171,0.2496,8,0.2000,0.8333,6,8,8,0,0,8,8,0.0000
4,116.0000,29,3,702.0941,-86.3508,-0.5990,8,0.2000,1.0000,8,8,8,20,19,28,27,0.0357
4,116.0000,29,6,793.1973,-86.4739,-0.7728,5,0.1250,1.0000,8,8,8,0,0,8,8,0.0000
4,116.0000,29,7,375.4544,-79.7859,-1.1690,26,0.6500,0.4000,5,7,5,0,0,7,5,0.2857
4,116.0000,29,10,323.0896,-80.3719,0.1491,36,0.9000,0.4000,5,5,2,0,0,5,2,0.6000
4,116.0000,29,12,462.6375,-82.4427,-0.1357,17,0.4250,0.4000,5,6,3,0,0,6,3,0.5000
4,116.0000,29,16,490.0923,-83.5058,0.1944,22,0.5500,0.5714,7,7,4,0,0,7,4,0.4286
4,116.0000,29,23,465.4857,-82.4303,0.0525,23,0.5750,0.7143,7,5,2,0,0,5,2,0.6000
4,116.0000,29,26,222.1337,-74.6474,-0.6370,37,0.9250,0.0000,4,6,2,0,0,6,2,0.6667
4,116.0000,29,34,643.2460,-86.0994,-0.8515,6,0.1500,1.0000,8,8,8,0,0,8,8,0.0000
4,116.0000,29,38,320.3109,-78.1231,-1.8145,30,0.7500,0.3333,6,5,2,0,0,5,2,0.6000
4,116.0000,29,41,322.0187,-78.7499,-0.1834,34,0.8500,0.0000,4,6,3,0,0,6,3,0.5000
4,116.0000,29,43,607.0762,-84.6478,0.0620,17,0.4250,0.8571,7,7,6,0,0,7,6,0.1429
4,116.0000,29,47,131.3410,-74.1665,1.5389,36,0.9000,0.0000,4,4,0,0,0,4,0,1.0000
4,116.0000,30,1,877.0107,-85.7004,-0.5269,3,0.0750,1.0000,8,8,8,0,0,8,8,0.0000
4,116.0000,30,2,562.8115,-82.3150,-0.8973,14,0.3500,0.7500,8,6,6,0,0,6,6,0.0000
4,116.0000,30,4,452.1555,-83.7076,0.1803,9,0.2250,0.7500,8,8,8,0,0,8,8,0.0000
4,116.0000,30,8,802.2510,-87.4315,-0.7383,3,0.0750,1.0000,8,8,8,0,0,8,8,0.0000
4,116.0000,30,9,399.7755,-82.8889,1.2078,15,0.3750,0.6667,6,7,5,0,0,7,5,0.2857
4,116.0000,30,11,816.9243,-85.5183,1.0200,3,0.0750,1.0000,8,6,6,0,0,6,6,0.0000
4,116.0000,30,13,890.9303,-88.6319,-1.2269,3,0.0750,1.0000,8,8,8,0,0,8,8,0.0000
4,116.0000,30,15,774.3393,-86.4451,-2.8814,3,0.0750,1.0000,8,8,8,0,0,8,8,0.0000
4,116.0000,30,17,893.6506,-86.5803,1.5815,3,0.0750,1.0000,8,6,6,0,0,6,6,0.0000
4,116.0000,30,18,511.6830,-85.0105,-1.1648,9,0.2250,0.5714,7,8,8,0,0,8,8,0.0000
4,116.0000,30,20,560.2400,-83.9932,0.3865,8,0.2000,0.6667,6,8,8,0,0,8,8,0.0000
4,116.0000,30,21,555.2909,-83.4227,-0.5333,7,0.1750,0.5000,6,8,8,0,0,8,8,0.0000
4,116.0000,30,25,822.5837,-87.8914,2.3451,4,0.1000,1.0000,6,8,8,0,0,8,8,0.0000
4,116.0000,30,27,796.7077,-86.2472,-0.1352,5,0.1250,1.0000,8,8,8,0,0,8,8,0.0000
4,116.0000,30,28,319.5064,-79.2441,0.2662,29,0.7250,0.5714,7,7,5,0,0,7,5,0.2857
4,116.0000,30,32,185.6742,-74.9396,0.9147,32,0.8000,0.4286,7,5,2,0,0,5,2,0.6000
4,116.0000,30,33,652.7541,-85.2307,0.4392,5,0.1250,0.8750,8,7,6,0,0,7,6,0.1429
4,116.0000,30,35,400.4430,-82.3287,0.9999,28,0.7000,0.4000,5,6,3,0,0,6,3,0.5000
4,116.0000,30,40,925.7544,-88.0399,0.9750,3,0.0750,1.0000,8,8,8,0,0,8,8,0.0000
4,116.0000,30,44,313.1639,-78.8792,-0.1853,33,0.8250,0.5000,6,7,6,0,0,7,6,0.1429
4,116.0000,30,45,577.2403,-86.0244,2.4969,6,0.1500,0.8750,8,8,8,0,0,8,8,0.0000
4,116.0000,31,1,780.3410,-87.0534,0.3223,5,0.1250,0.8571,7,8,8,0,0,8,8,0.0000
4,116.0000,31,2,980.5370,-88.3228,-1.1893,4,0.1000,1.0000,2,8,8,0,0,8,8,0.0000
4,116.0000,31,3,675.2131,-87.2982,1.9103,5,0.1250,1.0000,4,7,6,0,0,7,6,0.1429
4,116.0000,31,4,763.2140,-85.4389,-1.4285,5,0.1250,0.8571,7,7,6,0,0,7,6,0.1429
4,116.0000,31,5,1028.2978,-87.4857,0.5220,3,0.0750,1.0000,8,6,6,0,0,6,6,0.0000
4,116.0000,31,8,439.0501,-82.4890,1.0091,12,0.3000,0.8571,7,6,4,0,0,6,4,0.3333
4,116.0000,31,11,810.6898,-86.7887,-9.7370,3,0.0750,1.0000,8,6,6,0,0,6,6,0.0000
4,116.0000,31,12,642.4808,-86.4505,-0.8037,11,0.2750,1.0000,10,6,6,0,0,6,6,0.0000
4,116.0000,31,13,388.8448,-81.5590,0.5229,16,0.4000,0.7500,8,7,6,124,112,131,118,0.0992
4,116.0000,31,14,124.4406,-71.7796,0.6055,33,0.8250,0.0000,5,4,0,0,0,4,0,1.0000
4,116.0000,31,15,422.7215,-81.6932,-0.3344,14,0.3500,0.8000,5,8,7,0,0,8,7,0.1250
4,116.0000,31,17,688.8481,-86.0756,-0.8351,7,0.1750,1.0000,8,8,8,14,14,22,22,0.0000
4,116.0000,31,19,795.5356,-86.7437,-0.5227,6,0.1500,1.0000,8,7,6,0,0,7,6,0.1429
4,116.0000,31,20,731.5363,-88.8534,-1.3444,6,0.1500,1.0000,10,8,8,0,0,8,8,0.0000
4,116.0000,31,21,764.0538,-87.5845,0.0957,5,0.1250,1.0000,6,8,8,0,0,8,8,0.0000
4,116.0000,31,23,872.1744,-87.8240,-1.5794,4,0.1000,1.0000,2,8,8,0,0,8,8,0.0000
4,116.0000,31,24,419.4366,-81.3173,0.1485,14,0.3500,1.0000,8,8,7,0,0,8,7,0.1250
4,116.0000,31,25,523.2995,-83.8901,0.4843,9,0.2250,0.6667,6,6,5,0,0,6,5,0.1667
4,116.0000,31,26,973.7491,-87.9023,-1.2109,5,0.1250,1.0000,6,6,6,0,0,6,6,0.0000
4,116.0000,31,27,439.6158,-83.7850,-0.6459,7,0.1750,1.0000,8,7,6,0,0,7,6,0.1429
4,116.0000,31,33,819.5766,-88.4144,0.5702,4,0.1000,1.0000,4,8,8,0,0,8,8,0.0000
4,116.0000,31,34,390.9393,-81.0608,-0.1829,21,0.5250,1.0000,8,7,5,0,0,7,5,0.2857
4,116.0000,31,36,463.0960,-81.9550,0.4109,14,0.3500,0.8571,7,7,5,0,0,7,5,0.2857
4,116.0000,31,38,791.6505,-86.3636,0.2408,5,0.1250,1.0000,6,8,7,0,0,8,7,0.1250
4,116.0000,31,40,444.6753,-82.4723,0.2575,13,0.3250,0.9242,66,7,5,2,2,9,7,0.2222
4,116.0000,31,41,814.4455,-86.2948,0.7413,4,0.1000,1.0000,2,8,8,0,0,8,8,0.0000
4,116.0000,31,42,251.3990,-76.4460,-0.1382,25,0.6250,0.4286,7,6,3,0,0,6,3,0.5000
4,116.0000,31,45,634.8829,-87.3124,0.2102,5,0.1250,1.0000,8,8,8,0,0,8,8,0.0000
4,116.0000,31,46,375.9093,-80.0886,-0.8622,21,0.5250,0.6351,74,7,4,0,0,7,4,0.4286
4,116.0000,32,1,843.8759,-88.1546,0.0400,5,0.1282,1.0000,8,6,6,0,0,6,6,0.0000
4,116.0000,32,2,425.3349,-80.6935,-1.6515,27,0.6923,0.8571,7,5,2,0,0,5,2,0.6000
4,116.0000,32,4,343.8810,-82.0958,1.4847,18,0.4615,0.6667,6,7,4,0,0,7,4,0.4286
4,116.0000,32,8,670.6161,-85.4817,-0.6695,10,0.2564,0.8571,7,7,6,0,0,7,6,0.1429
4,116.0000,32,9,255.1495,-77.5842,0.5621,33,0.8462,0.2000,5,6,2,0,0,6,2,0.6667
4,116.0000,32,11,636.0266,-85.0564,-0.0289,15,0.3846,1.0000,8,8,8,0,0,8,8,0.0000
4,116.0000,32,13,716.6929,-86.3535,-0.9467,7,0.1795,0.8750,8,8,8,0,0,8,8,0.0000
4,116.0000,32,15,610.5465,-86.9457,0.1676,7,0.1795,0.8571,7,6,4,0,0,6,4,0.3333
4,116.0000,32,17,726.9667,-86.6896,0.0158,9,0.2308,0.8750,8,6,6,0,0,6,6,0.0000
4,116.0000,32,18,343.7686,-80.0430,0.7979,30,0.7692,0.5000,6,6,3,0,0,6,3,0.5000
4,116.0000,32,20,506.4976,-84.6894,0.3938,9,0.2308,1.0000,8,7,6,0,0,7,6,0.1429
4,116.0000,32,21,509.2240,-83.8352,-0.2363,14,0.3590,1.0000,8,7,6,0,0,7,6,0.1429
4,116.0000,32,24,789.0966,-87.4727,0.1994,4,0.1026,1.0000,8,8,8,0,0,8,8,0.0000
4,116.0000,32,25,641.2654,-86.3897,0.4128,11,0.2821,0.8750,8,8,7,0,0,8,7,0.1250
4,116.0000,32,27,687.9461,-86.8627,-0.5390,6,0.1538,1.0000,6,10,10,0,0,10,10,0.0000
4,116.0000,32,28,305.7542,-76.4792,-2.5176,34,0.8718,0.4000,5,7,6,0,0,7,6,0.1429
4,116.0000,32,30,185.6742,-75.5182,1.0906,36,0.9231,0.0000,4,3,0,0,0,3,0,1.0000
4,116.0000,32,31,1008.5378,-87.1968,0.1016,3,0.0769,1.0000,4,8,8,0,0,8,8,0.0000
4,116.0000,32,33,637.7576,-87.1563,-0.2476,6,0.1538,0.8000,5,7,5,0,0,7,5,0.2857
4,116.0000,32,35,467.3055,-83.4543,-0.3630,23,0.5897,0.5714,7,5,2,0,0,5,2,0.6000
4,116.0000,32,36,899.2536,-88.4805,-0.6378,3,0.0769,1.0000,6,8,8,0,0,8,8,0.0000
4,116.0000,32,39,699.4047,-86.3215,0.1629,13,0.3333,0.8571,7,8,8,0,0,8,8,0.0000
4,116.0000,32,40,765.3727,-86.6926,-0.9739,6,0.1538,1.0000,8,8,8,0,0,8,8,0.0000
4,116.0000,32,42,853.1009,-87.4153,-0.2498,3,0.0769,1.0000,8,8,8,0,0,8,8,0.0000
4,116.0000,32,44,277.5654,-73.7806,-2.6000,33,0.8462,0.4000,5,5,1,0,0,5,1,0.8000
4,116.0000,32,45,439.2435,-82.6753,-0.1906,13,0.3333,1.0000,8,8,8,0,0,8,8,0.0000
4,116.0000,32,46,806.6438,-87.1824,0.3401,7,0.1795,1.0000,8,8,8,0,0,8,8,0.0000
4,116.0000,33,1,277.8442,-78.2259,-0.0754,32,0.8000,0.6667,6,6,4,0,0,6,4,0.3333
4,116.0000,33,2,914.5058,-87.6642,-1.1126,3,0.0750,1.0000,8,8,8,0,0,8,8,0.0000
4,116.0000,33,3,706.0897,-84.0059,-0.1532,5,0.1250,0.8750,8,8,8,0,0,8,8,0.0000
4,116.0000,33,4,481.7573,-82.1634,0.4442,7,0.1750,0.8571,7,6,6,0,0,6,6,0.0000
4,116.0000,33,5,715.3158,-84.8200,-0.0507,9,0.2250,1.0000,8,6,6,0,0,6,6,0.0000
4,116.0000,33,6,732.6341,-84.7566,-0.0898,3,0.0750,1.0000,4,8,8,0,0,8,8,0.0000
4,116.0000,33,8,570.8665,-83.2365,-0.8417,7,0.1750,0.8571,7,8,8,0,0,8,8,0.0000
4,116.0000,33,9,770.3025,-87.5842,0.7025,3,0.0750,1.0000,8,8,8,0,0,8,8,0.0000
4,116.0000,33,13,789.3583,-85.2168,-0.3868,4,0.1000,0.8750,8,8,8,0,0,8,8,0.0000
4,116.0000,33,14,877.9288,-86.4813,0.3018,3,0.0750,1.0000,8,6,6,0,0,6,6,0.0000
4,116.0000,33,15,641.8676,-85.6073,0.3283,6,0.1500,0.8571,7,8,8,0,0,8,8,0.0000
4,116.0000,33,19,344.6925,-80.0799,-0.6625,18,0.4500,0.8571,7,7,3,0,0,7,3,0.5714
4,116.0000,33,20,168.4662,-71.1902,-1.2402,29,0.7250,0.0000,4,6,2,0,0,6,2,0.6667
4,116.0000,33,21,264.1332,-77.6222,-0.2771,23,0.5750,0.4000,5,4,0,0,0,4,0,1.0000
4,116.0000,33,24,438.5098,-82.0430,-1.2999,5,0.1250,1.0000,8,7,6,0,0,7,6,0.1429
4,116.0000,33,25,830.6968,-87.3074,-0.3747,3,0.0750,1.0000,4,5,4,0,0,5,4,0.2000
4,116.0000,33,27,405.3247,-79.8582,-1.9919,14,0.3500,0.7143,7,6,6,0,0,6,6,0.0000
4,116.0000,33,30,652.7541,-85.6881,1.1831,7,0.1750,1.0000,8,8,7,0,0,8,7,0.1250
4,116.0000,33,32,637.7576,-85.9172,-0.5707,5,0.1250,0.8571,7,7,6,0,0,7,6,0.1429
4,116.0000,33,36,474.6918,-82.6945,0.0642,13,0.3250,1.0000,8,7,6,0,0,7,6,0.1429
4,116.0000,33,37,753.3545,-87.7663,0.4931,3,0.0750,1.0000,8,6,5,0,0,6,5,0.1667
4,116.0000,33,42,726.0369,-85.9197,-0.5839,6,0.1500,0.5000,4,6,6,0,0,6,6,0.0000
4,116.0000,33,45,539.7695,-83.8016,0.4827,7,0.1750,0.7500,8,8,7,0,0,8,7,0.1250
4,116.0000,34,1,835.9159,-87.3672,2.4955,3,0.0750,1.0000,8,8,8,0,0,8,8,0.0000
4,116.0000,34,3,486.1512,-84.2918,0.9826,10,0.2500,1.0000,8,8,8,0,0,8,8,0.0000
4,116.0000,34,5,879.6164,-88.1578,-1.1536,4,0.1000,1.0000,8,4,4,0,0,4,4,0.0000
4,116.0000,34,6,698.9851,-87.3064,-0.1498,5,0.1250,1.0000,2,8,7,0,0,8,7,0.1250
4,116.0000,34,7,605.0772,-86.3345,-0.1619,12,0.3000,1.0000,8,7,6,0,0,7,6,0.1429
4,116.0000,34,8,754.8801,-87.6065,-0.6705,4,0.1000,1.0000,8,7,6,0,0,7,6,0.1429
4,116.0000,34,10,945.0313,-86.9564,0.0366,6,0.1500,1.0000,2,2,2,0,0,2,2,0.0000
4,116.0000,34,12,279.8131,-79.2112,0.0879,30,0.7500,0.2500,4,4,0,0,0,4,0,1.0000
4,116.0000,34,13,766.5947,-85.9180,-0.5678,4,0.1000,1.0000,8,8,8,0,0,8,8,0.0000
4,116.0000,34,14,401.2489,-79.2653,-1.0999,28,0.7000,0.8571,7,8,7,0,0,8,7,0.1250
4,116.0000,34,15,773.1793,-85.6442,0.2275,7,0.1750,1.0000,8,8,8,0,0,8,8,0.0000
4,116.0000,34,16,1016.3448,-89.3510,1.1511,3,0.0750,,0,4,4,0,0,4,4,0.0000
4,116.0000,34,17,1071.8488,-87.8405,0.5591,3,0.0750,1.0000,8,6,5,0,0,6,5,0.1667
4,116.0000,34,19,814.1002,-87.2922,-1.4756,5,0.1250,1.0000,6,6,6,0,0,6,6,0.0000
4,116.0000,34,21,995.0208,-89.1988,-0.1532,3,0.0750,1.0000,4,6,6,0,0,6,6,0.0000
4,116.0000,34,23,545.3390,-85.6016,-0.2299,13,0.3250,0.8750,8,8,7,0,0,8,7,0.1250
4,116.0000,34,24,578.9843,-82.6696,0.1162,7,0.1750,0.8571,7,7,6,0,0,7,6,0.1429
4,116.0000,34,26,589.9700,-85.2005,0.4808,18,0.4500,1.0000,8,7,6,0,0,7,6,0.1429
4,116.0000,34,27,678.1472,-87.7756,-0.6068,5,0.1250,1.0000,8,8,8,0,0,8,8,0.0000
4,116.0000,34,29,643.2460,-85.5242,0.0332,13,0.3250,0.7500,8,8,7,0,0,8,7,0.1250
4,116.0000,34,31,390.9393,-80.7241,-1.0405,16,0.4000,0.7500,8,8,7,0,0,8,7,0.1250
4,116.0000,34,33,969.7460,-86.5531,-1.0829,3,0.0750,1.0000,6,8,8,0,0,8,8,0.0000
4,116.0000,34,36,527.1309,-83.7317,-0.7289,10,0.2500,1.0000,8,8,7,0,0,8,7,0.1250
4,116.0000,34,37,760.0809,-87.8836,0.4124,6,0.1500,1.0000,4,8,7,0,0,8,7,0.1250
4,116.0000,34,38,427.8281,-83.8453,0.4040,17,0.4250,0.7143,7,6,4,0,0,6,4,0.3333
4,116.0000,34,40,817.0113,-88.5480,0.5881,3,0.0750,1.0000,8,8,8,0,0,8,8,0.0000
4,116.0000,34,41,441.1409,-83.2581,0.3396,21,0.5250,0.8750,8,6,3,0,0,6,3,0.5000
4,116.0000,34,42,593.0908,-83.4260,-1.0317,12,0.3000,1.0000,8,8,8,0,0,8,8,0.0000
4,116.0000,34,46,762.0345,-86.6681,-2.0936,7,0.1750,1.0000,8,6,6,0,0,6,6,0.0000
4,116.0000,34,47,703.6029,-87.0292,0.6254,9,0.2250,1.0000,6,8,8,0,0,8,8,0.0000
4,116.0000,35,2,749.0017,-86.3160,0.3052,10,0.2439,1.0000,8,8,8,0,0,8,8,0.0000
4,116.0000,35,4,809.0280,-87.6209,-0.2189,4,0.0976,1.0000,8,8,8,0,0,8,8,0.0000
4,116.0000,35,9,632.2897,-84.6977,0.4979,6,0.1463,0.8571,7,6,4,0,0,6,4,0.3333
4,116.0000,35,11,927.4836,-85.9807,-7.1994,3,0.0732,1.0000,8,8,8,0,0,8,8,0.0000
4,116.0000,35,18,588.0459,-84.6374,0.4286,11,0.2683,0.8750,8,8,6,0,0,8,6,0.2500
4,116.0000,35,27,1132.6747,-87.8526,9.5439,3,0.0732,1.0000,6,4,4,0,0,4,4,0.0000
4,116.0000,35,28,274.1362,-78.9863,0.1910,28,0.6829,0.5000,6,4,0,0,0,4,0,1.0000
4,116.0000,35,30,400.4430,-82.5977,-0.3364,18,0.4390,1.0000,8,6,3,0,0,6,3,0.5000
4,116.0000,35,32,467.3055,-82.4928,0.0283,17,0.4146,0.8750,8,8,8,0,0,8,8,0.0000
4,116.0000,35,39,922.9078,-87.5306,1.2420,6,0.1463,1.0000,10,3,2,0,0,3,2,0.3333
4,116.0000,35,44,323.9007,-80.0580,0.5906,27,0.6585,0.7143,7,6,3,0,0,6,3,0.5000
4,116.0000,36,1,333.1055,-81.0614,1.0142,20,0.5000,0.0000,4,4,0,0,0,4,0,1.0000
4,116.0000,36,3,395.8843,-83.3367,1.6613,15,0.3750,0.7143,7,7,5,0,0,7,5,0.2857
4,116.0000,36,4,695.7139,-86.3849,0.1546,8,0.2000,0.8571,7,8,8,0,0,8,8,0.0000
4,116.0000,36,5,616.3788,-85.2724,-0.5099,12,0.3000,0.8571,7,7,6,0,0,7,6,0.1429
4,116.0000,36,6,483.7437,-83.7103,1.3141,15,0.3750,1.0000,6,5,2,0,0,5,2,0.6000
4,116.0000,36,7,739.3188,-86.5589,-0.0236,9,0.2250,1.0000,4,7,6,0,0,7,6,0.1429
4,116.0000,36,8,524.0848,-82.4727,0.0996,11,0.2750,0.7143,7,6,4,0,0,6,4,0.3333
4,116.0000,36,9,962.7780,-87.9469,-0.4439,4,0.1000,,0,6,6,0,0,6,6,0.0000
4,116.0000,36,11,997.8557,-87.7618,-0.2365,4,0.1000,1.0000,8,2,2,0,0,2,2,0.0000
4,116.0000,36,12,761.7716,-86.9533,0.6722,7,0.1750,0.8571,7,4,4,0,0,4,4,0.0000
4,116.0000,36,13,606.0512,-84.4343,-0.3862,8,0.2000,1.0000,8,8,8,0,0,8,8,0.0000
4,116.0000,36,14,492.5196,-83.6497,-0.2564,19,0.4750,0.8750,8,8,7,0,0,8,7,0.1250
4,116.0000,36,15,506.1875,-81.2751,-1.0828,16,0.4000,0.8571,7,7,5,0,0,7,5,0.2857
4,116.0000,36,17,941.9129,-88.8365,-0.8630,3,0.0750,1.0000,6,2,2,0,0,2,2,0.0000
4,116.0000,36,18,968.7819,-88.4813,0.4936,4,0.1000,1.0000,4,4,4,0,0,4,4,0.0000
4,116.0000,36,19,337.4972,-79.9377,-0.2435,20,0.5000,0.5714,7,4,2,0,0,4,2,0.5000
4,116.0000,36,20,457.3092,-82.4053,0.5245,13,0.3250,0.7143,7,7,5,0,0,7,5,0.2857
4,116.0000,36,21,571.7157,-85.1997,0.7002,9,0.2250,0.8750,8,8,8,0,0,8,8,0.0000
4,116.0000,36,23,868.1837,-88.0065,0.7787,4,0.1000,1.0000,8,6,4,0,0,6,4,0.3333
4,116.0000,36,24,126.4133,-66.0683,-2.6205,36,0.9000,0.2000,5,5,1,0,0,5,1,0.8000
4,116.0000,36,25,727.3369,-86.8498,-0.0374,5,0.1250,1.0000,8,8,8,0,0,8,8,0.0000
4,116.0000,36,26,1027.8276,-88.1846,0.5962,5,0.1250,1.0000,4,4,4,0,0,4,4,0.0000
4,116.0000,36,27,329.2604,-79.5604,0.2370,18,0.4500,0.8000,5,8,6,0,0,8,6,0.2500
4,116.0000,36,31,463.0960,-81.9774,-0.3731,17,0.4250,0.8571,7,8,6,0,0,8,6,0.2500
4,116.0000,36,32,899.2536,-87.5053,0.9726,3,0.0750,1.0000,8,10,10,0,0,10,10,0.0000
4,116.0000,36,33,474.6918,-82.8007,-1.0301,13,0.3250,0.4000,5,7,5,0,0,7,5,0.2857
4,116.0000,36,34,527.1309,-83.3833,-0.7570,21,0.5250,0.8571,7,8,7,0,0,8,7,0.1250
4,116.0000,36,37,558.8209,-84.5469,0.0986,13,0.3250,0.5000,4,7,6,0,0,7,6,0.1429
4,116.0000,36,38,706.0717,-86.6178,-0.3239,10,0.2500,0.8571,7,7,6,0,0,7,6,0.1429
4,116.0000,36,40,714.5520,-87.3689,0.0476,4,0.1000,0.8750,8,8,8,0,0,8,8,0.0000
4,116.0000,36,41,847.4822,-89.4123,0.4578,3,0.0750,,0,6,6,0,0,6,6,0.0000
4,116.0000,36,42,521.8277,-82.3440,-0.8524,12,0.3000,0.0000,4,7,6,0,0,7,6,0.1429
4,116.0000,36,45,642.3840,-85.5228,-1.0491,4,0.1000,1.0000,8,8,7,0,0,8,7,0.1250
4,116.0000,36,46,681.0816,-84.8042,-0.8267,9,0.2250,1.0000,8,8,7,0,0,8,7,0.1250
4,116.0000,37,0,552.0708,-83.4304,-0.1877,16,0.4000,0.8571,7,8,8,0,0,8,8,0.0000
4,116.0000,37,1,512.3325,-84.1492,0.5857,9,0.2250,0.7500,8,8,7,0,0,8,7,0.1250
4,116.0000,37,3,309.5039,-79.8241,0.1101,22,0.5500,0.5000,4,7,2,0,0,7,2,0.7143
4,116.0000,37,5,140.1763,-72.1051,-0.1153,36,0.9000,0.0000,5,3,0,0,0,3,0,1.0000
4,116.0000,37,6,124.4455,-70.5058,0.1906,37,0.9250,0.0000,4,4,0,0,0,4,0,1.0000
4,116.0000,37,7,438.2378,-82.9140,0.8574,14,0.3500,0.7143,7,7,4,0,0,7,4,0.4286
4,116.0000,37,16,774.8560,-86.8165,-0.1570,8,0.2000,1.0000,8,8,8,0,0,8,8,0.0000
4,116.0000,37,19,436.5712,-82.4524,-0.1326,12,0.3000,0.7143,7,4,0,0,0,4,0,1.0000
4,116.0000,37,22,436.1089,-82.3913,-0.0464,25,0.6250,0.2500,4,7,6,0,0,7,6,0.1429
4,116.0000,37,23,765.9617,-87.0237,1.3919,3,0.0750,1.0000,8,6,6,0,0,6,6,0.0000
4,116.0000,37,24,678.3309,-86.5185,0.3630,3,0.0750,0.8750,8,8,8,0,0,8,8,0.0000
4,116.0000,37,26,933.2033,-87.1697,0.4373,3,0.0750,1.0000,6,8,8,0,0,8,8,0.0000
4,116.0000,37,38,568.0264,-85.6131,-1.0129,6,0.1500,0.8750,8,5,2,0,0,5,2,0.6000
4,116.0000,37,41,785.7071,-86.0209,0.9549,3,0.0750,1.0000,8,8,8,0,0,8,8,0.0000
4,116.0000,37,43,771.7810,-86.5687,0.4426,5,0.1250,1.0000,6,8,8,0,0,8,8,0.0000
4,116.0000,37,47,781.4045,-86.6630,0.3349,4,0.1000,1.0000,8,6,6,0,0,6,6,0.0000
4,116.0000,38,0,685.4287,-86.2168,-0.2654,12,0.3077,1.0000,8,8,7,0,0,8,7,0.1250
4,116.0000,38,1,899.9062,-87.5045,-1.0434,3,0.0769,1.0000,6,8,8,0,0,8,8,0.0000
4,116.0000,38,3,394.3914,-82.9480,0.5461,15,0.3846,0.5000,6,5,1,0,0,5,1,0.8000
4,116.0000,38,5,696.5083,-85.9874,0.8612,4,0.1026,0.8750,8,8,8,0,0,8,8,0.0000
4,116.0000,38,6,557.1522,-84.3529,0.7532,16,0.4103,1.0000,8,8,8,0,0,8,8,0.0000
4,116.0000,38,7,252.5117,-76.6842,-1.0102,37,0.9487,0.2000,5,4,0,0,0,4,0,1.0000
4,116.0000,38,10,570.0780,-83.7998,-0.3717,28,0.7179,0.4000,5,7,6,0,0,7,6,0.1429
4,116.0000,38,12,325.7508,-81.2770,1.0019,28,0.7179,0.8000,5,5,2,0,0,5,2,0.6000
4,116.0000,38,16,590.5029,-84.6362,-0.5310,23,0.5897,0.7143,7,8,6,0,0,8,6,0.2500
4,116.0000,38,19,846.0248,-86.5133,-1.7909,3,0.0769,1.0000,8,4,4,0,0,4,4,0.0000
4,116.0000,38,22,672.1434,-86.3868,0.1341,10,0.2564,1.0000,6,8,8,0,0,8,8,0.0000
4,116.0000,38,23,308.5833,-79.2668,0.0053,36,0.9231,0.2000,5,6,2,0,0,6,2,0.6667
4,116.0000,38,24,810.2576,-88.7040,-0.5783,3,0.0769,1.0000,8,8,8,0,0,8,8,0.0000
4,116.0000,38,26,373.8653,-78.6483,-1.4540,36,0.9231,0.4000,5,8,6,0,0,8,6,0.2500
4,116.0000,38,29,320.3109,-78.3514,-0.8709,37,0.9487,0.0000,4,6,3,0,0,6,3,0.5000
4,116.0000,38,34,427.8281,-83.4925,0.8541,14,0.3590,0.8750,8,6,4,0,0,6,4,0.3333
4,116.0000,38,36,706.0717,-84.0670,-0.1423,3,0.0769,1.0000,8,7,5,0,0,7,5,0.2857
4,116.0000,38,37,568.0264,-86.0587,-0.4097,8,0.2051,0.8750,8,8,8,0,0,8,8,0.0000
4,116.0000,38,41,228.1293,-75.0440,-0.8479,37,0.9487,0.3333,6,4,0,0,0,4,0,1.0000
4,116.0000,38,43,621.6547,-85.3616,-0.6130,21,0.5385,1.0000,8,7,6,0,0,7,6,0.1429
4,116.0000,38,47,324.3315,-80.0481,0.7658,33,0.8462,0.2000,5,5,1,0,0,5,1,0.8000
4,116.0000,39,2,377.0283,-81.5744,1.2644,20,0.5000,0.6667,6,6,4,0,0,6,4,0.3333
4,116.0000,39,4,744.6356,-87.7806,-0.9904,4,0.1000,1.0000,8,8,8,0,0,8,8,0.0000
4,116.0000,39,9,500.6919,-81.6659,-0.6126,15,0.3750,0.6667,6,8,8,0,0,8,8,0.0000
4,116.0000,39,11,229.9073,-78.4065,-0.3189,21,0.5250,0.5000,6,5,2,0,0,5,2,0.6000
4,116.0000,39,13,656.1773,-86.1820,-2.2825,4,0.1000,1.0000,8,8,8,0,0,8,8,0.0000
4,116.0000,39,15,706.4614,-87.1645,0.4924,5,0.1250,0.8571,7,8,8,0,0,8,8,0.0000
4,116.0000,39,17,437.2287,-84.9929,0.6652,11,0.2750,1.0000,8,7,5,0,0,7,5,0.2857
4,116.0000,39,18,417.0756,-81.4053,-0.2833,19,0.4750,1.0000,8,7,5,0,0,7,5,0.2857
4,116.0000,39,25,506.7976,-83.3072,-0.9603,9,0.2250,1.0000,8,8,8,0,0,8,8,0.0000
4,116.0000,39,28,681.8464,-85.8590,0.1871,13,0.3250,1.0000,8,7,6,0,0,7,6,0.1429
4,116.0000,39,30,859.9325,-87.6571,0.3213,4,0.1000,1.0000,8,8,8,0,0,8,8,0.0000
4,116.0000,39,32,699.4047,-86.1723,-0.1857,8,0.2000,1.0000,8,8,8,0,0,8,8,0.0000
4,116.0000,39,35,922.9078,-88.2396,-0.6009,3,0.0750,0.8571,7,8,8,0,0,8,8,0.0000
4,116.0000,39,40,668.0428,-85.1403,0.4839,7,0.1750,1.0000,8,8,8,0,0,8,8,0.0000
4,116.0000,39,44,642.6945,-84.7820,0.3878,10,0.2500,1.0000,8,8,8,0,0,8,8,0.0000
4,116.0000,39,45,688.1794,-85.7584,0.8401,6,0.1500,1.0000,8,8,8,0,0,8,8,0.0000
4,116.0000,39,46,652.3020,-86.6722,0.4368,4,0.1000,1.0000,8,7,6,0,0,7,6,0.1429
4,116.0000,40,2,593.2757,-84.8898,0.0998,12,0.3000,1.0000,8,8,7,0,0,8,7,0.1250
4,116.0000,40,4,511.7459,-83.3928,-0.0414,14,0.3500,1.0000,8,8,8,0,0,8,8,0.0000
4,116.0000,40,8,264.5046,-79.8259,0.6921,16,0.4000,0.6667,6,5,2,34,9,39,11,0.7179
4,116.0000,40,9,618.9877,-86.7034,0.5560,11,0.2750,0.6667,6,8,8,0,0,8,8,0.0000
4,116.0000,40,11,512.5977,-84.1994,-0.7342,17,0.4250,0.7500,8,7,6,0,0,7,6,0.1429
4,116.0000,40,12,1035.7837,-88.8911,0.3271,3,0.0750,0.6667,3,2,2,0,0,2,2,0.0000
4,116.0000,40,13,308.2111,-79.1495,0.3733,19,0.4750,0.8000,75,7,4,15,11,22,15,0.3182
4,116.0000,40,14,515.3118,-83.5747,-0.0316,13,0.3250,1.0000,8,8,7,0,0,8,7,0.1250
4,116.0000,40,15,360.9014,-81.6444,1.2043,15,0.3750,0.8571,7,6,4,0,0,6,4,0.3333
4,116.0000,40,17,266.0445,-76.2505,-1.1928,26,0.6500,0.2000,5,7,5,0,0,7,5,0.2857
4,116.0000,40,18,685.2902,-86.4061,0.1822,9,0.2250,0.8571,7,8,8,0,0,8,8,0.0000
4,116.0000,40,20,690.8046,-86.6601,0.1041,7,0.1750,1.0000,8,7,5,0,0,7,5,0.2857
4,116.0000,40,21,636.8768,-86.3909,-0.2761,11,0.2750,1.0000,8,7,6,0,0,7,6,0.1429
4,116.0000,40,24,607.5922,-85.0756,0.2386,7,0.1750,1.0000,8,7,4,0,0,7,4,0.4286
4,116.0000,40,25,283.2750,-79.0852,-0.6702,24,0.6000,0.2000,5,5,1,0,0,5,1,0.8000
4,116.0000,40,27,457.7914,-82.9160,1.7320,11,0.2750,0.8571,84,5,2,0,0,5,2,0.6000
4,116.0000,40,30,925.7544,-88.1282,0.0399,7,0.1750,1.0000,8,8,7,0,0,8,7,0.1250
4,116.0000,40,31,444.6753,-83.4624,0.1686,16,0.4000,0.8571,7,7,4,0,0,7,4,0.4286
4,116.0000,40,32,765.3727,-86.9919,0.3411,10,0.2500,1.0000,6,8,8,0,0,8,8,0.0000
4,116.0000,40,33,822.7464,-86.2513,-0.6843,5,0.1250,0.8000,5,8,8,0,0,8,8,0.0000
4,116.0000,40,34,817.0113,-87.9508,0.1325,7,0.1750,1.0000,8,4,4,0,0,4,4,0.0000
4,116.0000,40,36,714.5520,-85.9959,0.6357,10,0.2500,0.8571,7,8,8,0,0,8,8,0.0000
4,116.0000,40,39,668.0428,-85.8264,0.1952,12,0.3000,1.0000,9,7,7,4,4,11,11,0.0000
4,116.0000,40,42,238.6948,-79.4844,1.1827,22,0.5500,0.4000,5,4,0,54,27,58,27,0.5345
4,116.0000,40,44,933.5194,-88.3662,0.1100,4,0.1000,1.0000,8,8,7,0,0,8,7,0.1250
4,116.0000,40,45,367.6857,-81.9299,0.1881,15,0.3750,0.8571,7,7,5,1,0,8,5,0.3750
4,116.0000,40,46,265.4946,-78.2097,-0.1135,24,0.6000,0.8571,7,5,1,0,0,5,1,0.8000
4,116.0000,41,0,841.5478,-86.5479,-0.4575,5,0.1250,1.0000,6,8,8,0,0,8,8,0.0000
4,116.0000,41,3,572.7975,-85.0491,-1.6763,4,0.1000,1.0000,8,8,7,56,56,64,63,0.0156
4,116.0000,41,5,908.2855,-88.1264,0.5666,4,0.1000,1.0000,4,8,8,0,0,8,8,0.0000
4,116.0000,41,7,464.1262,-81.4147,-0.7065,19,0.4750,0.2000,5,6,2,0,0,6,2,0.6667
4,116.0000,41,10,549.1781,-82.8381,-0.8860,25,0.6250,0.6667,6,8,6,0,0,8,6,0.2500
4,116.0000,41,12,199.8428,-77.7895,1.7431,30,0.7500,0.2000,5,5,1,0,0,5,1,0.8000
4,116.0000,41,14,840.3907,-87.2353,0.4333,3,0.0750,1.0000,8,6,6,0,0,6,6,0.0000
4,116.0000,41,16,675.9577,-85.7063,-0.6002,14,0.3500,0.7143,7,7,6,0,0,7,6,0.1429
4,116.0000,41,22,827.1563,-86.9338,-0.2737,3,0.0750,1.0000,8,8,8,0,0,8,8,0.0000
4,116.0000,41,23,208.0678,-75.8290,0.0212,35,0.8750,0.0000,4,5,1,0,0,5,1,0.8000
4,116.0000,41,26,224.0588,-74.7326,-1.2743,38,0.9500,0.0000,4,5,1,0,0,5,1,0.8000
4,116.0000,41,29,322.0187,-78.5053,-0.7006,28,0.7000,0.5000,6,7,5,0,0,7,5,0.2857
4,116.0000,41,34,441.1409,-82.8924,1.0254,6,0.1500,0.7143,7,6,2,0,0,6,2,0.6667
4,116.0000,41,37,785.7071,-86.1952,0.3951,4,0.1000,1.0000,8,8,8,0,0,8,8,0.0000
4,116.0000,41,38,228.1293,-75.1297,-0.6509,32,0.8000,0.0000,4,4,0,0,0,4,0,1.0000
4,116.0000,41,43,689.4988,-85.9387,-0.3241,13,0.3250,1.0000,8,8,8,0,0,8,8,0.0000
4,116.0000,41,47,332.2084,-80.0095,0.7639,26,0.6500,0.2000,5,5,2,0,0,5,2,0.6000
4,116.0000,42,1,773.9350,-86.5413,1.1760,4,0.1026,1.0000,8,6,6,0,0,6,6,0.0000
4,116.0000,42,2,783.9644,-86.8143,-0.3605,8,0.2051,1.0000,8,8,7,0,0,8,7,0.1250
4,116.0000,42,4,568.4704,-84.1328,-0.3460,9,0.2308,0.8750,8,8,8,0,0,8,8,0.0000
4,116.0000,42,8,217.6104,-77.7339,0.7204,20,0.5128,0.4000,5,5,1,0,0,5,1,0.8000
4,116.0000,42,9,767.7370,-87.2566,0.1919,7,0.1795,1.0000,8,8,8,0,0,8,8,0.0000
4,116.0000,42,11,698.1614,-85.4327,0.1069,5,0.1282,0.8889,9,9,8,0,0,9,8,0.1111
4,116.0000,42,12,814.4042,-86.0406,-0.1303,6,0.1538,0.8571,7,8,8,0,0,8,8,0.0000
4,116.0000,42,13,341.5769,-81.8682,-0.0824,16,0.4103,0.7500,8,5,2,0,0,5,2,0.6000
4,116.0000,42,14,355.7851,-80.9865,0.1065,27,0.6923,0.7143,7,6,3,0,0,6,3,0.5000
4,116.0000,42,15,354.0530,-79.4964,-0.9323,15,0.3846,0.5000,6,7,5,0,0,7,5,0.2857
4,116.0000,42,17,503.7717,-83.8441,0.4993,15,0.3846,0.6667,6,8,7,0,0,8,7,0.1250
4,116.0000,42,18,823.0011,-88.6504,0.6021,5,0.1282,0.6667,3,8,8,0,0,8,8,0.0000
4,116.0000,42,20,623.4945,-85.3827,-0.7642,5,0.1282,1.0000,8,8,8,0,0,8,8,0.0000
4,116.0000,42,21,598.2205,-84.8397,-0.2100,7,0.1795,1.0000,8,7,6,0,0,7,6,0.1429
4,116.0000,42,24,437.2660,-81.9191,-0.5753,17,0.4359,0.8750,8,6,4,0,0,6,4,0.3333
4,116.0000,42,25,415.4696,-84.0418,-0.4286,13,0.3333,1.0000,8,6,4,0,0,6,4,0.3333
4,116.0000,42,27,321.8097,-80.5635,0.1949,14,0.3590,0.8571,7,5,3,46,28,51,31,0.3922
4,116.0000,42,31,251.3990,-76.5622,-0.8868,30,0.7692,0.0000,4,5,1,0,0,5,1,0.8000
4,116.0000,42,32,853.1009,-88.0990,-0.3337,4,0.1026,1.0000,8,8,8,0,0,8,8,0.0000
4,116.0000,42,33,726.0369,-86.2837,-0.0880,8,0.2051,1.0000,8,8,8,0,0,8,8,0.0000
4,116.0000,42,34,593.0908,-83.3791,-0.5422,13,0.3333,0.7143,7,7,6,0,0,7,6,0.1429
4,116.0000,42,36,521.8277,-82.5584,-0.6048,15,0.3846,1.0000,8,6,6,0,0,6,6,0.0000
4,116.0000,42,38,949.6018,-88.5055,-0.0292,3,0.0769,1.0000,2,2,2,0,0,2,2,0.0000
4,116.0000,42,39,881.8522,-88.3223,0.4557,4,0.1026,1.0000,4,2,2,0,0,2,2,0.0000
4,116.0000,42,40,238.6948,-78.4787,1.0966,22,0.5641,0.5714,7,5,2,0,0,5,2,0.6000
4,116.0000,42,45,434.2975,-83.0772,-0.7196,11,0.2821,0.4000,5,7,5,0,0,7,5,0.2857
4,116.0000,42,46,328.0870,-79.3992,-0.5946,24,0.6154,0.5714,7,6,3,0,0,6,3,0.5000
4,116.0000,43,0,342.9767,-82.2372,0.5610,22,0.5500,0.3333,6,5,1,0,0,5,1,0.8000
4,116.0000,43,3,801.5937,-85.4904,-2.8081,3,0.0750,1.0000,8,8,8,0,0,8,8,0.0000
4,116.0000,43,7,569.6990,-84.3020,-0.7296,9,0.2250,0.8571,7,8,8,0,0,8,8,0.0000
4,116.0000,43,10,463.6568,-82.2457,-0.1492,25,0.6250,0.7143,7,7,6,0,0,7,6,0.1429
4,116.0000,43,16,229.7319,-76.7829,-0.3690,33,0.8250,0.0000,4,4,0,0,0,4,0,1.0000
4,116.0000,43,22,530.1072,-84.1269,-0.1449,13,0.3250,0.7500,8,7,5,0,0,7,5,0.2857
4,116.0000,43,23,612.2482,-84.3033,-0.1183,13,0.3250,0.8571,7,8,8,0,0,8,8,0.0000
4,116.0000,43,26,719.1490,-85.4229,-1.9993,8,0.2000,1.0000,8,7,6,0,0,7,6,0.1429
4,116.0000,43,29,607.0762,-85.1624,-0.4046,10,0.2500,1.0000,8,8,8,0,0,8,8,0.0000
4,116.0000,43,38,621.6547,-85.0971,-2.1909,7,0.1750,1.0000,8,8,8,0,0,8,8,0.0000
4,116.0000,43,41,689.4988,-84.2668,0.0307,9,0.2250,0.8571,7,8,8,0,0,8,8,0.0000
4,116.0000,43,47,481.2432,-83.2811,-1.0660,18,0.4500,0.6667,6,5,4,0,0,5,4,0.2000
4,116.0000,44,2,427.7619,-81.4331,-0.3998,20,0.5000,0.6667,6,7,6,0,0,7,6,0.1429
4,116.0000,44,4,582.4557,-85.4838,0.0864,9,0.2250,0.7143,7,8,8,0,0,8,8,0.0000
4,116.0000,44,8,897.4033,-88.3821,0.0914,4,0.1000,1.0000,8,8,8,0,0,8,8,0.0000
4,116.0000,44,9,330.3225,-78.9258,-0.3922,28,0.7000,0.5714,7,6,4,0,0,6,4,0.3333
4,116.0000,44,11,664.8868,-86.6231,-0.1316,9,0.2250,1.0000,8,8,8,0,0,8,8,0.0000
4,116.0000,44,13,889.0613,-88.4702,-0.6204,4,0.1000,1.0000,8,6,6,0,0,6,6,0.0000
4,116.0000,44,15,814.9187,-87.1102,-0.6134,5,0.1250,1.0000,8,8,8,0,0,8,8,0.0000
4,116.0000,44,17,818.5685,-87.3134,0.2003,6,0.1500,1.0000,8,8,8,0,0,8,8,0.0000
4,116.0000,44,18,356.6265,-79.1653,-0.2719,25,0.6250,0.4000,5,8,7,0,0,8,7,0.1250
4,116.0000,44,20,783.9616,-85.8101,0.6894,6,0.1500,0.8750,8,8,8,0,0,8,8,0.0000
4,116.0000,44,21,774.9333,-86.1633,0.0053,7,0.1750,1.0000,8,6,6,0,0,6,6,0.0000
4,116.0000,44,25,781.8444,-86.5946,-0.1332,7,0.1750,0.8750,8,8,8,0,0,8,8,0.0000
4,116.0000,44,27,947.5915,-88.6854,-0.1678,4,0.1000,0.8750,8,8,8,0,0,8,8,0.0000
4,116.0000,44,28,52.3197,-63.8847,0.4236,34,0.8500,0.0000,4,4,0,0,0,4,0,1.0000
4,116.0000,44,30,313.1639,-79.4815,-0.2958,27,0.6750,0.4000,5,6,4,0,0,6,4,0.3333
4,116.0000,44,32,277.5654,-74.2453,-3.0443,31,0.7750,0.0000,4,7,5,0,0,7,5,0.2857
4,116.0000,44,33,911.6189,-88.6717,1.0349,3,0.0750,1.0000,4,8,8,0,0,8,8,0.0000
4,116.0000,44,35,323.9007,-80.6109,0.6518,35,0.8750,0.5000,6,7,5,0,0,7,5,0.2857
4,116.0000,44,39,642.6945,-85.5390,0.1420,14,0.3500,0.8333,6,7,6,0,0,7,6,0.1429
4,116.0000,44,40,933.5194,-89.6437,0.2625,3,0.0750,1.0000,8,8,8,0,0,8,8,0.0000
4,116.0000,44,45,660.5573,-84.8622,-0.9858,8,0.2000,0.8750,8,7,6,0,0,7,6,0.1429
4,116.0000,44,46,964.0045,-88.3003,-0.2614,4,0.1000,1.0000,8,8,8,0,0,8,8,0.0000
4,116.0000,45,1,719.4777,-86.9622,0.4380,8,0.2000,0.8571,7,8,7,0,0,8,7,0.1250
4,116.0000,45,2,443.1134,-81.0179,0.0273,29,0.7250,0.5000,6,8,8,0,0,8,8,0.0000
4,116.0000,45,4,147.2988,-71.9349,0.5298,35,0.8750,0.2000,5,6,2,0,0,6,2,0.6667
4,116.0000,45,8,239.3096,-77.5542,0.6081,25,0.6250,0.5000,6,5,2,0,0,5,2,0.6000
4,116.0000,45,9,368.0598,-81.5573,0.5017,27,0.6750,0.7143,7,6,4,0,0,6,4,0.3333
4,116.0000,45,11,552.5800,-83.7521,-0.8097,19,0.4750,0.8571,7,7,4,0,0,7,4,0.4286
4,116.0000,45,13,429.9124,-81.0527,-0.8180,18,0.4500,0.6667,6,7,5,0,0,7,5,0.2857
4,116.0000,45,14,701.0776,-86.6126,-0.0660,7,0.1750,1.0000,8,7,4,0,0,7,4,0.4286
4,116.0000,45,15,339.2793,-81.1017,1.0982,19,0.4750,0.7500,8,7,5,0,0,7,5,0.2857
4,116.0000,45,17,444.7854,-81.5598,-0.4147,21,0.5250,0.3333,6,8,7,0,0,8,7,0.1250
4,116.0000,45,18,509.4970,-83.8906,0.2225,20,0.5000,0.7143,7,9,8,0,0,9,8,0.1111
4,116.0000,45,19,783.5531,-88.2454,-0.8290,3,0.0750,1.0000,6,8,8,0,0,8,8,0.0000
4,116.0000,45,20,393.7330,-82.0440,0.0788,20,0.5000,0.8571,7,8,6,0,0,8,6,0.2500
4,116.0000,45,21,324.1390,-79.7303,-0.2904,25,0.6250,0.5000,6,5,2,0,0,5,2,0.6000
4,116.0000,45,24,522.0727,-83.8159,1.1870,8,0.2000,1.0000,8,7,6,0,0,7,6,0.1429
4,116.0000,45,25,384.4283,-80.7664,-0.0761,23,0.5750,0.2000,5,7,6,0,0,7,6,0.1429
4,116.0000,45,27,339.9694,-80.2343,0.8353,18,0.4500,0.6250,16,7,5,5,4,12,9,0.2500
4,116.0000,45,28,704.8609,-85.7916,-0.7196,17,0.4250,1.0000,8,8,7,0,0,8,7,0.1250
4,116.0000,45,30,577.2403,-83.9328,-0.4577,18,0.4500,0.8750,8,8,8,0,0,8,8,0.0000
4,116.0000,45,31,634.8829,-86.2823,0.3652,10,0.2500,1.0000,8,8,6,0,0,8,6,0.2500
4,116.0000,45,32,439.2435,-82.4855,-0.4022,21,0.5250,0.5000,6,7,6,0,0,7,6,0.1429
4,116.0000,45,33,539.7695,-84.8658,0.4337,11,0.2750,0.8571,7,8,8,0,0,8,8,0.0000
4,116.0000,45,34,966.5941,-88.4450,-1.1945,3,0.0750,1.0000,4,2,2,0,0,2,2,0.0000
4,116.0000,45,35,904.2152,-89.0404,-0.1250,5,0.1250,1.0000,6,4,4,0,0,4,4,0.0000
4,116.0000,45,36,642.3840,-86.6082,-0.4582,6,0.1500,1.0000,8,8,8,0,0,8,8,0.0000
4,116.0000,45,39,688.1794,-86.3125,-0.1394,15,0.3750,0.8000,5,6,5,0,0,6,5,0.1667
4,116.0000,45,40,367.6857,-81.3991,0.5583,24,0.6000,0.7143,7,7,5,0,0,7,5,0.2857
4,116.0000,45,42,434.2975,-82.2972,1.6052,14,0.3500,0.8571,7,6,3,0,0,6,3,0.5000
4,116.0000,45,44,660.5573,-84.4137,-0.6419,18,0.4500,1.0000,8,8,7,0,0,8,7,0.1250
4,116.0000,45,46,492.2536,-84.0501,-0.4240,17,0.4250,0.5000,6,8,7,0,0,8,7,0.1250
4,116.0000,46,2,686.4230,-87.0311,-0.2350,8,0.2000,1.0000,8,8,8,0,0,8,8,0.0000
4,116.0000,46,4,632.9539,-85.4446,-0.3963,9,0.2250,0.8571,7,8,7,0,0,8,7,0.1250
4,116.0000,46,8,418.4585,-82.1736,0.5579,14,0.3500,0.6667,6,8,7,0,0,8,7,0.1250
4,116.0000,46,9,698.8590,-84.9638,1.4042,9,0.2250,1.0000,4,8,7,0,0,8,7,0.1250
4,116.0000,46,11,443.1969,-84.3105,0.7208,13,0.3250,0.8750,8,7,5,0,0,7,5,0.2857
4,116.0000,46,13,120.9321,-72.4756,1.6601,34,0.8500,0.1429,35,5,1,0,0,5,1,0.8000
4,116.0000,46,14,378.5575,-80.4894,-0.0575,23,0.5750,0.7143,7,8,4,0,0,8,4,0.5000
4,116.0000,46,15,267.7223,-76.2560,-0.8505,31,0.7750,0.0000,4,5,2,0,0,5,2,0.6000
4,116.0000,46,17,387.5208,-81.5091,0.1884,19,0.4750,0.4000,5,7,5,0,0,7,5,0.2857
4,116.0000,46,18,647.8437,-86.7331,1.2290,6,0.1500,0.8571,7,7,6,0,0,7,6,0.1429
4,116.0000,46,21,756.7338,-85.4608,0.6476,5,0.1250,1.0000,8,7,6,0,0,7,6,0.1429
4,116.0000,46,24,578.9588,-83.0158,-0.4752,11,0.2750,0.8571,7,7,6,0,0,7,6,0.1429
4,116.0000,46,25,184.8446,-77.4453,1.4583,28,0.7000,0.2000,5,5,1,0,0,5,1,0.8000
4,116.0000,46,27,526.7201,-82.5156,0.8744,11,0.2750,1.0000,8,7,5,0,0,7,5,0.2857
4,116.0000,46,28,1006.0830,-86.5484,-5.0803,3,0.0750,1.0000,8,6,6,0,0,6,6,0.0000
4,116.0000,46,30,983.2158,-87.8037,-0.2810,6,0.1500,1.0000,6,4,4,0,0,4,4,0.0000
4,116.0000,46,31,375.9093,-79.4266,-0.7812,25,0.6250,0.2000,5,6,3,0,0,6,3,0.5000
4,116.0000,46,32,806.6438,-86.3665,0.3060,10,0.2500,0.8571,7,6,6,0,0,6,6,0.0000
4,116.0000,46,34,762.0345,-85.9238,-0.7968,8,0.2000,0.8750,8,8,8,0,0,8,8,0.0000
4,116.0000,46,36,681.0816,-83.7493,1.0649,8,0.2000,0.8571,7,8,7,0,0,8,7,0.1250
4,116.0000,46,39,652.3020,-85.5477,0.9617,9,0.2250,1.0000,6,8,7,0,0,8,7,0.1250
4,116.0000,46,40,265.4946,-78.2268,0.2452,30,0.7500,0.6667,6,6,3,0,0,6,3,0.5000
4,116.0000,46,42,328.0870,-79.2991,-0.2607,25,0.6250,0.6667,6,5,2,0,0,5,2,0.6000
4,116.0000,46,44,964.0045,-87.9072,-0.4951,5,0.1250,1.0000,8,8,8,0,0,8,8,0.0000
4,116.0000,46,45,492.2536,-83.7968,-0.4237,13,0.3250,1.0000,8,8,7,0,0,8,7,0.1250
4,116.0000,47,0,666.9312,-86.4310,0.4561,11,0.2750,1.0000,8,7,6,0,0,7,6,0.1429
4,116.0000,47,3,693.0367,-86.7881,0.2207,4,0.1000,1.0000,8,7,5,0,0,7,5,0.2857
4,116.0000,47,5,901.2574,-88.0633,0.6342,3,0.0750,1.0000,8,8,8,0,0,8,8,0.0000
4,116.0000,47,6,789.2161,-86.1406,-0.7971,4,0.1000,0.8750,8,8,8,0,0,8,8,0.0000
4,116.0000,47,7,370.5741,-81.2716,0.5800,21,0.5250,0.7143,7,7,5,0,0,7,5,0.2857
4,116.0000,47,10,247.8883,-73.5041,-2.8759,36,0.9000,0.0000,4,4,0,0,0,4,0,1.0000
4,116.0000,47,12,509.9229,-84.7640,0.7279,11,0.2750,1.0000,8,6,4,0,0,6,4,0.3333
4,116.0000,47,16,385.9408,-80.9434,-0.6726,29,0.7250,0.4000,5,7,5,0,0,7,5,0.2857
4,116.0000,47,22,783.2077,-86.7118,0.3553,5,0.1250,1.0000,8,8,8,0,0,8,8,0.0000
4,116.0000,47,23,416.8793,-82.3656,-0.5922,22,0.5500,0.4000,5,5,2,0,0,5,2,0.6000
4,116.0000,47,26,272.5418,-78.1044,-0.0220,34,0.8500,0.0000,4,6,2,0,0,6,2,0.6667
4,116.0000,47,29,131.3410,-74.0051,1.8504,32,0.8000,0.0000,4,5,1,0,0,5,1,0.8000
4,116.0000,47,34,703.6029,-86.7049,1.1582,3,0.0750,1.0000,8,7,5,0,0,7,5,0.2857
4,116.0000,47,38,324.3315,-79.5329,0.6496,22,0.5500,0.0000,4,8,7,0,0,8,7,0.1250
4,116.0000,47,41,332.2084,-80.1795,0.9185,25,0.6250,0.0000,4,6,3,0,0,6,3,0.5000
4,116.0000,47,43,481.2432,-82.3578,-0.5227,25,0.6250,0.7143,7,6,3,0,0,6,3,0.5000
4,120.0000,0,3,754.5983,-85.4280,0.2050,6,0.1500,1.0000,8,8,7,0,0,8,7,0.1250
4,120.0000,0,5,521.3553,-84.4444,0.1695,13,0.3250,0.8750,8,6,3,0,0,6,3,0.5000
4,120.0000,0,6,724.8698,-85.7479,0.0295,6,0.1500,1.0000,8,8,8,0,0,8,8,0.0000
4,120.0000,0,7,449.4610,-83.1563,0.0873,21,0.5250,1.0000,8,6,3,0,0,6,3,0.5000
4,120.0000,0,10,533.0077,-85.0863,-0.0690,20,0.5000,0.8750,8,8,7,0,0,8,7,0.1250
4,120.0000,0,16,211.6606,-79.1651,1.2849,30,0.7500,0.2000,5,4,0,0,0,4,0,1.0000
4,120.0000,0,22,412.2822,-80.8785,-0.0246,28,0.7000,0.0000,4,7,4,0,0,7,4,0.4286
4,120.0000,0,23,767.8327,-85.9790,1.4547,3,0.0750,1.0000,8,8,8,0,0,8,8,0.0000
4,120.0000,0,26,867.6876,-87.6198,0.2177,5,0.1250,1.0000,8,8,8,0,0,8,8,0.0000
4,120.0000,0,29,669.5959,-86.4351,0.9115,11,0.2750,1.0000,8,8,7,0,0,8,7,0.1250
4,120.0000,0,34,946.6725,-87.6224,2.1613,3,0.0750,,0,8,8,0,0,8,8,0.0000
4,120.0000,0,37,636.6440,-85.4377,-1.0120,11,0.2750,1.0000,8,7,6,0,0,7,6,0.1429
4,120.0000,0,38,638.9687,-86.1357,-0.6498,10,0.2500,1.0000,8,8,8,0,0,8,8,0.0000
4,120.0000,0,41,805.1257,-86.5515,0.0442,9,0.2250,1.0000,8,8,8,0,0,8,8,0.0000
4,120.0000,0,43,156.3747,-77.0182,1.8029,33,0.8250,0.0000,4,5,1,0,0,5,1,0.8000
4,120.0000,0,47,549.5561,-85.0889,1.0515,19,0.4750,0.8750,8,8,8,0,0,8,8,0.0000
4,120.0000,1,3,467.7640,-82.6749,0.3008,18,0.4500,1.0000,8,8,8,0,0,8,8,0.0000
4,120.0000,1,4,760.8437,-87.3015,-0.8541,6,0.1500,1.0000,8,8,8,0,0,8,8,0.0000
4,120.0000,1,5,522.9109,-83.5242,0.2237,15,0.3750,0.8750,8,7,6,0,0,7,6,0.1429
4,120.0000,1,6,379.1641,-83.1511,0.4222,16,0.4000,0.8571,7,8,7,0,0,8,7,0.1250
4,120.0000,1,7,749.6045,-86.8964,0.8684,8,0.2000,,0,6,6,0,0,6,6,0.0000
4,120.0000,1,8,765.0042,-87.4196,0.0333,5,0.1250,1.0000,8,8,8,0,0,8,8,0.0000
4,120.0000,1,14,735.7314,-86.1652,0.3854,5,0.1250,0.8750,8,8,7,0,0,8,7,0.1250
4,120.0000,1,15,725.9586,-86.0995,0.8748,6,0.1500,1.0000,8,8,8,0,0,8,8,0.0000
4,120.0000,1,19,142.5002,-68.1070,-1.8061,35,0.8750,0.3333,6,7,3,0,0,7,3,0.5714
4,120.0000,1,20,401.4967,-81.7010,-0.0989,18,0.4500,0.4000,5,8,8,0,0,8,8,0.0000
4,120.0000,1,21,477.8653,-83.5175,0.5781,10,0.2500,1.0000,8,6,3,0,0,6,3,0.5000
4,120.0000,1,22,727.8812,-86.3834,-0.1568,9,0.2250,0.8571,7,8,8,0,0,8,8,0.0000
4,120.0000,1,23,984.3759,-88.3865,-0.1132,5,0.1250,1.0000,6,8,8,0,0,8,8,0.0000
4,120.0000,1,24,301.3178,-79.7616,0.7311,18,0.4500,0.4000,5,8,7,0,0,8,7,0.1250
4,120.0000,1,25,848.8039,-88.4860,0.4582,4,0.1000,1.0000,8,8,8,0,0,8,8,0.0000
4,120.0000,1,27,467.6840,-82.9038,0.8559,7,0.1750,0.8571,7,7,6,0,0,7,6,0.1429
4,120.0000,1,30,1012.3446,-88.2832,0.0071,7,0.1750,1.0000,2,6,6,0,0,6,6,0.0000
4,120.0000,1,31,690.2459,-85.5901,0.8748,6,0.1500,1.0000,8,8,7,0,0,8,7,0.1250
4,120.0000,1,32,795.4904,-87.3877,-0.0474,4,0.1000,1.0000,6,8,8,0,0,8,8,0.0000
4,120.0000,1,33,342.5289,-80.0293,-0.0943,25,0.6250,0.5000,6,5,2,0,0,5,2,0.6000
4,120.0000,1,34,803.1800,-87.9695,1.2641,5,0.1250,0.8333,6,6,4,0,0,6,4,0.3333
4,120.0000,1,36,239.6600,-79.1917,1.6606,23,0.5750,0.0000,4,7,4,0,0,7,4,0.4286
4,120.0000,1,37,406.9961,-82.1395,-0.0820,18,0.4500,0.8571,7,6,4,0,0,6,4,0.3333
4,120.0000,1,38,770.8742,-86.8364,0.6808,7,0.1750,1.0000,6,8,8,0,0,8,8,0.0000
4,120.0000,1,40,829.7894,-88.8928,0.4423,4,0.1000,1.0000,8,8,8,0,0,8,8,0.0000
4,120.0000,1,42,780.6055,-86.8260,-0.2367,5,0.1250,1.0000,8,8,8,0,0,8,8,0.0000
4,120.0000,1,45,644.2408,-86.6584,1.7660,4,0.1000,1.0000,8,8,8,0,0,8,8,0.0000
4,120.0000,1,46,1007.6106,-88.1865,0.5423,6,0.1500,1.0000,8,6,6,0,0,6,6,0.0000
4,120.0000,2,4,506.8909,-82.4925,0.5964,16,0.4000,0.7143,7,8,7,0,0,8,7,0.1250
4,120.0000,2,8,644.7851,-85.2445,0.0811,11,0.2750,1.0000,8,8,8,0,0,8,8,0.0000
4,120.0000,2,9,375.4462,-77.9490,-2.0022,28,0.7000,0.5000,6,8,7,0,0,8,7,0.1250
4,120.0000,2,11,369.7188,-82.2823,0.2323,27,0.6750,0.4000,5,5,1,0,0,5,1,0.8000
4,120.0000,2,13,650.6322,-87.5167,0.7888,7,0.1750,0.8750,8,8,8,0,0,8,8,0.0000
4,120.0000,2,14,921.1441,-88.5229,0.0541,5,0.1250,1.0000,8,6,6,0,0,6,6,0.0000
4,120.0000,2,15,566.9505,-85.6401,0.0456,13,0.3250,1.0000,8,8,7,0,0,8,7,0.1250
4,120.0000,2,17,309.2883,-80.6383,1.1434,24,0.6000,0.8750,8,5,2,0,0,5,2,0.6000
4,120.0000,2,18,430.9491,-82.0961,0.1230,22,0.5500,0.6667,6,8,8,0,0,8,8,0.0000
4,120.0000,2,20,807.9237,-87.3515,-0.3560,8,0.2000,1.0000,8,8,8,0,0,8,8,0.0000
4,120.0000,2,21,832.7136,-86.4856,0.2474,8,0.2000,0.8750,8,8,8,0,0,8,8,0.0000
4,120.0000,2,25,546.4022,-84.3095,0.1280,13,0.3250,0.7500,8,7,5,0,0,7,5,0.2857
4,120.0000,2,27,864.5776,-86.5623,0.4357,7,0.1750,1.0000,8,8,8,0,0,8,8,0.0000
4,120.0000,2,28,620.1682,-84.5472,-0.4317,27,0.6750,0.7143,7,8,6,0,0,8,6,0.2500
4,120.0000,2,30,688.3134,-84.6467,0.4624,17,0.4250,0.7143,7,8,8,0,0,8,8,0.0000
4,120.0000,2,31,948.5124,-88.1457,1.7932,3,0.0750,1.0000,8,8,8,0,0,8,8,0.0000
4,120.0000,2,32,628.2361,-83.3563,-0.1304,18,0.4500,0.8571,7,8,8,0,0,8,8,0.0000
4,120.0000,2,33,1051.8650,-87.9030,2.5337,3,0.0750,1.0000,6,6,6,0,0,6,6,0.0000
4,120.0000,2,35,759.1111,-86.9358,-0.4203,11,0.2750,0.8571,7,8,8,0,0,8,8,0.0000
4,120.0000,2,39,281.8987,-80.0244,0.5027,33,0.8250,0.8571,7,5,1,0,0,5,1,0.8000
4,120.0000,2,40,607.0541,-85.3072,0.1912,14,0.3500,0.8571,7,8,8,0,0,8,8,0.0000
4,120.0000,2,42,699.9397,-86.6151,1.1361,12,0.3000,1.0000,8,8,8,0,0,8,8,0.0000
4,120.0000,2,44,573.4133,-83.1194,-0.2793,21,0.5250,0.6667,6,7,6,0,0,7,6,0.1429
4,120.0000,2,45,581.4196,-85.0223,-1.4513,13,0.3250,1.0000,8,8,8,0,0,8,8,0.0000
4,120.0000,2,46,558.4866,-85.9475,1.2238,11,0.2750,1.0000,8,8,8,0,0,8,8,0.0000
4,120.0000,3,0,754.5983,-86.3206,-0.2276,9,0.2250,1.0000,8,7,6,0,0,7,6,0.1429
4,120.0000,3,1,467.7640,-81.9313,0.2733,15,0.3750,0.7143,7,8,8,0,0,8,8,0.0000
4,120.0000,3,5,459.4162,-82.4585,0.1323,24,0.6000,0.7143,7,8,7,0,0,8,7,0.1250
4,120.0000,3,6,291.9452,-78.9687,0.2050,29,0.7250,0.3333,6,4,0,0,0,4,0,1.0000
4,120.0000,3,7,447.0226,-82.2093,-0.3885,22,0.5500,0.4000,5,8,8,0,0,8,8,0.0000
4,120.0000,3,8,772.0814,-87.2908,0.9290,6,0.1500,1.0000,8,8,8,0,0,8,8,0.0000
4,120.0000,3,10,842.1604,-87.2255,0.4857,11,0.2750,0.8750,8,8,8,0,0,8,8,0.0000
4,120.0000,3,12,503.1983,-83.6131,0.7518,16,0.4000,0.8571,7,7,6,0,0,7,6,0.1429
4,120.0000,3,14,652.6131,-86.2496,-0.3770,8,0.2000,0.8571,7,8,7,0,0,8,7,0.1250
4,120.0000,3,15,886.2800,-87.6585,-0.2748,3,0.0750,1.0000,8,8,8,0,0,8,8,0.0000
4,120.0000,3,16,800.5884,-87.1222,0.0576,11,0.2750,0.7500,8,7,6,0,0,7,6,0.1429
4,120.0000,3,19,536.1052,-82.6153,0.6423,20,0.5000,0.8571,7,7,6,0,0,7,6,0.1429
4,120.0000,3,20,706.8119,-87.0512,0.6596,5,0.1250,1.0000,4,7,6,0,0,7,6,0.1429
4,120.0000,3,21,741.9406,-88.0127,-0.3647,3,0.0750,1.0000,8,8,8,0,0,8,8,0.0000
4,120.0000,3,22,536.3011,-83.9806,0.2087,18,0.4500,1.0000,8,8,7,0,0,8,7,0.1250
4,120.0000,3,23,524.0323,-83.9231,-0.2463,19,0.4750,0.8750,8,7,5,0,0,7,5,0.2857
4,120.0000,3,24,524.9519,-82.9493,-0.6417,10,0.2500,1.0000,8,8,8,0,0,8,8,0.0000
4,120.0000,3,25,924.0607,-88.5560,-0.2525,4,0.1000,1.0000,8,8,8,0,0,8,8,0.0000
4,120.0000,3,26,835.6509,-87.1864,-1.1389,6,0.1500,0.8333,6,4,4,0,0,4,4,0.0000
4,120.0000,3,27,509.7889,-83.9707,0.4471,9,0.2250,1.0000,8,8,7,0,0,8,7,0.1250
4,120.0000,3,29,760.3644,-87.5601,0.3753,7,0.1750,0.7143,7,6,6,0,0,6,6,0.0000
4,120.0000,3,31,556.9071,-85.4930,0.0238,8,0.2000,0.8750,8,7,5,0,0,7,5,0.2857
4,120.0000,3,33,748.7103,-86.0813,0.1613,6,0.1500,1.0000,14,8,8,0,0,8,8,0.0000
4,120.0000,3,34,400.9933,-83.1987,0.5729,16,0.4000,0.6667,6,6,3,0,0,6,3,0.5000
4,120.0000,3,36,286.0977,-80.5008,0.7962,18,0.4500,0.8889,9,6,4,1,0,7,4,0.4286
4,120.0000,3,37,287.6552,-79.2870,0.2462,31,0.7750,0.5714,7,6,3,0,0,6,3,0.5000
4,120.0000,3,38,322.0918,-80.9578,0.4014,17,0.4250,0.7143,7,7,5,0,0,7,5,0.2857
4,120.0000,3,40,830.9133,-88.2126,-0.3149,4,0.1000,1.0000,8,8,8,0,0,8,8,0.0000
4,120.0000,3,41,550.3861,-84.2197,-0.6322,14,0.3500,0.8571,7,7,6,0,0,7,6,0.1429
4,120.0000,3,42,745.5128,-86.2547,1.2017,3,0.0750,1.0000,8,8,8,0,0,8,8,0.0000
4,120.0000,3,43,817.5364,-87.0246,0.0338,10,0.2500,1.0000,6,4,4,0,0,4,4,0.0000
4,120.0000,3,45,824.2891,-88.7651,-0.0631,4,0.1000,1.0000,8,8,8,0,0,8,8,0.0000
4,120.0000,3,47,611.5401,-85.7033,-0.6157,14,0.3500,0.8571,7,8,8,0,0,8,8,0.0000
4,120.0000,4,1,760.8437,-86.8125,-1.6655,7,0.1750,1.0000,8,7,6,0,0,7,6,0.1429
4,120.0000,4,2,506.8909,-82.8421,-0.1986,25,0.6250,0.7143,7,8,8,0,0,8,8,0.0000
4,120.0000,4,8,505.3425,-81.8370,-0.5441,18,0.4500,0.4000,5,7,6,0,0,7,6,0.1429
4,120.0000,4,9,194.4262,-77.2150,1.1892,31,0.7750,0.5000,6,4,0,0,0,4,0,1.0000
4,120.0000,4,11,709.4317,-86.0811,-0.6103,10,0.2500,0.8571,7,7,6,0,0,7,6,0.1429
4,120.0000,4,13,662.5767,-86.0506,-0.3104,11,0.2750,0.8750,8,7,6,0,0,7,6,0.1429
4,120.0000,4,14,804.5466,-87.7963,-0.3042,4,0.1000,1.0000,8,8,8,0,0,8,8,0.0000
4,120.0000,4,15,443.7736,-83.2004,0.1733,11,0.2750,0.4000,5,7,4,0,0,7,4,0.4286
4,120.0000,4,17,575.5658,-85.5787,-0.9481,13,0.3250,0.8750,8,8,7,0,0,8,7,0.1250
4,120.0000,4,18,437.1387,-82.5970,0.7733,19,0.4750,0.8571,7,7,6,0,0,7,6,0.1429
4,120.0000,4,19,857.6895,-87.4066,-0.9390,5,0.1250,1.0000,8,5,4,0,0,5,4,0.2000
4,120.0000,4,20,361.6771,-79.5712,0.1995,22,0.5500,0.0000,4,7,5,0,0,7,5,0.2857
4,120.0000,4,21,352.9236,-79.2791,-0.4075,25,0.6250,0.5000,6,7,5,0,0,7,5,0.2857
4,120.0000,4,24,571.9852,-83.4854,-0.1997,7,0.1750,0.8750,8,7,6,0,0,7,6,0.1429
4,120.0000,4,25,548.0064,-84.4102,-0.3121,15,0.3750,0.5000,6,8,7,0,0,8,7,0.1250
4,120.0000,4,27,545.7159,-83.0679,-1.0271,10,0.2500,0.8571,7,8,8,0,0,8,8,0.0000
4,120.0000,4,28,635.5392,-86.0797,0.3106,20,0.5000,0.8750,8,8,7,0,0,8,7,0.1250
4,120.0000,4,30,461.8615,-82.7194,-0.0485,24,0.6000,0.6667,6,8,8,0,0,8,8,0.0000
4,120.0000,4,31,789.6778,-87.6728,-0.8307,9,0.2250,1.0000,8,8,8,0,0,8,8,0.0000
4,120.0000,4,32,291.5774,-79.5619,0.6044,28,0.7000,0.0000,4,8,7,0,0,8,7,0.1250
4,120.0000,4,33,555.0619,-83.1393,-1.0253,12,0.3000,0.8571,7,8,8,0,0,8,8,0.0000
4,120.0000,4,35,723.6844,-86.7106,-0.3132,15,0.3750,1.0000,6,8,8,0,0,8,8,0.0000
4,120.0000,4,36,822.3145,-85.7574,0.3671,6,0.1500,1.0000,8,8,8,0,0,8,8,0.0000
4,120.0000,4,39,703.7171,-86.5979,0.3603,8,0.2000,0.9615,52,3,2,0,0,3,2,0.3333
4,120.0000,4,40,538.4859,-83.8577,-0.0540,15,0.3750,0.8571,7,8,8,0,0,8,8,0.0000
4,120.0000,4,42,593.5009,-85.4335,-1.2806,7,0.1750,0.8750,8,8,8,0,0,8,8,0.0000
4,120.0000,4,44,617.5511,-85.5210,-0.6880,16,0.4000,0.8750,8,8,7,0,0,8,7,0.1250
4,120.0000,4,45,235.6529,-75.1119,-0.6153,29,0.7250,0.0000,4,7,5,0,0,7,5,0.2857
4,120.0000,4,46,685.4610,-84.2909,-0.8343,9,0.2250,0.8750,8,8,8,0,0,8,8,0.0000
4,120.0000,5,0,521.3553,-84.9182,0.2602,19,0.4750,0.5714,7,6,3,0,0,6,3,0.5000
4,120.0000,5,1,522.9109,-82.2324,-1.4890,11,0.2750,0.8571,7,6,3,0,0,6,3,0.5000
4,120.0000,5,3,459.4162,-82.4933,0.6602,14,0.3500,0.8571,7,8,8,0,0,8,8,0.0000
4,120.0000,5,6,303.8449,-77.5979,-0.4036,29,0.7250,0.0000,4,7,4,0,0,7,4,0.4286
4,120.0000,5,7,391.2370,-82.8543,1.0537,14,0.3500,0.8571,7,6,4,0,0,6,4,0.3333
4,120.0000,5,16,648.5801,-86.0821,0.3061,6,0.1500,1.0000,8,8,8,0,0,8,8,0.0000
4,120.0000,5,19,460.3653,-82.4836,0.4170,11,0.2750,0.8571,7,7,6,0,0,7,6,0.1429
4,120.0000,5,22,337.9490,-80.5410,0.2280,29,0.7250,0.5714,7,6,3,0,0,6,3,0.5000
4,120.0000,5,23,823.5455,-86.6657,0.2834,6,0.1500,1.0000,8,8,8,0,0,8,8,0.0000
4,120.0000,5,24,771.5256,-85.7191,-0.3294,4,0.1000,1.0000,8,8,7,0,0,8,7,0.1250
4,120.0000,5,27,855.8975,-88.0698,0.5371,4,0.1000,1.0000,8,6,6,0,0,6,6,0.0000
4,120.0000,5,33,790.1926,-87.9555,-0.1257,3,0.0750,1.0000,8,8,8,0,0,8,8,0.0000
4,120.0000,5,34,806.6567,-87.3639,0.0472,4,0.1000,1.0000,8,8,8,0,0,8,8,0.0000
4,120.0000,5,36,530.7060,-85.7894,-0.1218,7,0.1750,1.0000,8,8,8,0,0,8,8,0.0000
4,120.0000,5,37,203.7078,-73.7640,-0.8286,31,0.7750,0.2000,5,5,2,0,0,5,2,0.6000
4,120.0000,5,38,583.0711,-87.3653,0.0359,3,0.0750,0.8571,7,7,6,0,0,7,6,0.1429
4,120.0000,5,41,857.3671,-87.8789,0.0877,5,0.1250,1.0000,8,8,8,0,0,8,8,0.0000
4,120.0000,5,43,646.9747,-86.7389,0.2367,12,0.3000,1.0000,7,8,8,0,0,8,8,0.0000
4,120.0000,5,47,727.6863,-86.4347,-0.3345,6,0.1500,0.8750,8,8,7,0,0,8,7,0.1250
4,120.0000,6,0,724.8698,-86.5756,0.3288,11,0.2750,0.7500,8,4,4,0,0,4,4,0.0000
4,120.0000,6,1,379.1641,-81.5872,0.5337,17,0.4250,0.7500,8,6,3,0,0,6,3,0.5000
4,120.0000,6,3,291.9452,-78.3483,-0.1126,24,0.6000,0.5000,4,9,7,0,0,9,7,0.2222
4,120.0000,6,5,303.8449,-78.2496,-1.0062,35,0.8750,0.2000,5,7,5,0,0,7,5,0.2857
4,120.0000,6,7,379.3827,-81.7319,-0.0439,18,0.4500,1.0000,8,8,7,0,0,8,7,0.1250
4,120.0000,6,8,946.7921,-87.9616,0.9945,3,0.0750,1.0000,6,4,4,0,0,4,4,0.0000
4,120.0000,6,10,898.9524,-88.3530,0.9545,4,0.1000,,0,4,4,0,0,4,4,0.0000
4,120.0000,6,12,710.4924,-88.2258,-0.7755,5,0.1250,1.0000,8,8,8,0,0,8,8,0.0000
4,120.0000,6,14,778.3794,-86.4910,1.1771,7,0.1750,1.0000,6,4,4,0,0,4,4,0.0000
4,120.0000,6,15,953.5569,-88.2296,1.3416,3,0.0750,1.0000,8,8,8,0,0,8,8,0.0000
4,120.0000,6,16,783.4735,-87.2200,-0.0814,11,0.2750,1.0000,8,6,6,0,0,6,6,0.0000
4,120.0000,6,19,393.3146,-81.5833,-1.0773,14,0.3500,0.7500,8,7,4,0,0,7,4,0.4286
4,120.0000,6,20,737.8106,-88.8654,-0.4338,3,0.0750,1.0000,8,8,8,0,0,8,8,0.0000
4,120.0000,6,21,810.7897,-88.5667,0.5473,4,0.1000,1.0000,8,8,8,0,0,8,8,0.0000
4,120.0000,6,22,560.3675,-84.1590,0.0810,12,0.3000,0.7500,8,7,7,0,0,7,7,0.0000
4,120.0000,6,23,763.9211,-88.0576,0.0511,4,0.1000,1.0000,8,8,8,0,0,8,8,0.0000
4,120.0000,6,24,546.9620,-84.8223,0.9548,6,0.1500,1.0000,8,8,8,0,0,8,8,0.0000
4,120.0000,6,26,978.3802,-87.4306,-0.7883,3,0.0750,1.0000,8,8,8,0,0,8,8,0.0000
4,120.0000,6,27,652.7966,-86.1181,-0.7287,4,0.1000,1.0000,8,8,7,0,0,8,7,0.1250
4,120.0000,6,29,832.9409,-88.7195,0.7251,4,0.1000,1.0000,8,7,6,0,0,7,6,0.1429
4,120.0000,6,31,725.9050,-87.1142,-0.9674,5,0.1250,1.0000,8,8,8,0,0,8,8,0.0000
4,120.0000,6,33,714.9281,-87.0060,0.1366,6,0.1500,1.0000,8,8,8,0,0,8,8,0.0000
4,120.0000,6,34,597.3577,-86.4960,0.3377,9,0.2250,0.8571,7,8,8,0,0,8,8,0.0000
4,120.0000,6,36,286.6733,-81.2605,1.7596,15,0.3750,0.7500,8,5,1,0,0,5,1,0.8000
4,120.0000,6,37,116.7932,-70.5122,0.0387,35,0.8750,0.3333,6,4,0,0,0,4,0,1.0000
4,120.0000,6,38,472.7670,-83.5375,0.5875,13,0.3250,0.8571,7,8,7,0,0,8,7,0.1250
4,120.0000,6,41,751.6962,-86.8462,1.5839,4,0.1000,0.8750,8,6,6,0,0,6,6,0.0000
4,120.0000,6,43,835.7966,-86.6054,0.7077,5,0.1250,1.0000,4,8,8,0,0,8,8,0.0000
4,120.0000,6,47,698.2650,-86.4907,0.1208,11,0.2750,1.0000,6,6,6,0,0,6,6,0.0000
4,120.0000,7,0,449.4610,-82.4165,0.3663,21,0.5250,0.4000,5,8,8,0,0,8,8,0.0000
4,120.0000,7,3,447.0226,-81.2465,0.5166,9,0.2250,1.0000,8,8,8,0,0,8,8,0.0000
4,120.0000,7,5,391.2370,-82.6993,0.3914,14,0.3500,0.8750,8,5,1,0,0,5,1,0.8000
4,120.0000,7,6,379.3827,-80.6871,0.4078,15,0.3750,0.6667,6,8,7,0,0,8,7,0.1250
4,120.0000,7,10,536.3768,-84.1705,-0.5240,14,0.3500,0.7143,7,7,6,0,0,7,6,0.1429
4,120.0000,7,12,577.8275,-83.2587,-0.6362,11,0.2750,1.0000,8,8,8,0,0,8,8,0.0000
4,120.0000,7,16,432.7186,-82.8105,0.0068,19,0.4750,0.7143,7,7,5,0,0,7,5,0.2857
4,120.0000,7,22,516.4589,-83.4383,-0.1064,8,0.2000,0.8750,8,8,8,0,0,8,8,0.0000
4,120.0000,7,23,625.4023,-83.8481,-1.3915,11,0.2750,0.7143,7,7,6,0,0,7,6,0.1429
4,120.0000,7,26,708.0660,-85.0118,-0.7007,13,0.3250,0.6667,6,8,8,0,0,8,8,0.0000
4,120.0000,7,29,506.7559,-82.2607,-0.6700,19,0.4750,0.5000,6,8,8,0,0,8,8,0.0000
4,120.0000,7,34,591.4103,-83.8419,-0.2371,5,0.1250,0.8571,7,6,4,0,0,6,4,0.3333
4,120.0000,7,37,353.4165,-81.4302,-0.1224,13,0.3250,0.4000,5,8,7,0,0,8,7,0.1250
4,120.0000,7,38,326.0041,-78.0301,-0.1463,27,0.6750,0.3333,6,7,4,0,0,7,4,0.4286
4,120.0000,7,41,580.3671,-83.4967,-0.1488,14,0.3500,0.7143,7,7,6,0,0,7,6,0.1429
4,120.0000,7,43,548.1174,-85.1884,-0.1181,14,0.3500,0.6667,6,8,8,0,0,8,8,0.0000
4,120.0000,7,47,380.2744,-81.5685,-0.1015,26,0.6500,0.5000,6,7,5,0,0,7,5,0.2857
4,120.0000,8,1,765.0042,-85.8976,-0.5525,12,0.3000,0.7143,7,7,6,0,0,7,6,0.1429
4,120.0000,8,2,644.7851,-85.8934,0.1569,14,0.3500,0.8571,7,8,7,0,0,8,7,0.1250
4,120.0000,8,3,772.0814,-86.6813,0.2376,12,0.3000,1.0000,8,6,6,0,0,6,6,0.0000
4,120.0000,8,4,505.3425,-82.4964,-0.4457,20,0.5000,0.6667,6,7,5,0,0,7,5,0.2857
4,120.0000,8,5,1155.2451,-88.5204,0.7847,4,0.1000,1.0000,6,4,4,0,0,4,4,0.0000
4,120.0000,8,9,605.2916,-84.7741,0.0433,15,0.3750,0.8750,8,7,6,0,0,7,6,0.1429
4,120.0000,8,11,667.2888,-86.1531,-0.0987,12,0.3000,1.0000,8,7,6,0,0,7,6,0.1429
4,120.0000,8,12,988.8618,-87.5653,-0.1477,5,0.1250,1.0000,4,6,6,0,0,6,6,0.0000
4,120.0000,8,13,364.5574,-81.3357,0.5572,24,0.6000,0.8571,7,5,2,0,0,5,2,0.6000
4,120.0000,8,14,432.2358,-83.0467,0.5965,21,0.5250,0.8571,7,8,8,0,0,8,8,0.0000
4,120.0000,8,15,377.7291,-80.0960,-0.0637,25,0.6250,0.7500,8,7,6,0,0,7,6,0.1429
4,120.0000,8,17,433.4515,-84.2748,1.0003,21,0.5250,0.7143,7,6,4,0,0,6,4,0.3333
4,120.0000,8,18,652.4307,-85.1380,-0.5094,11,0.2750,1.0000,7,8,7,0,0,8,7,0.1250
4,120.0000,8,19,900.4927,-87.1587,-0.5773,9,0.2250,0.8571,7,8,8,0,0,8,8,0.0000
4,120.0000,8,20,498.6680,-84.2763,0.5235,16,0.4000,0.6667,6,7,6,0,0,7,6,0.1429
4,120.0000,8,21,518.0041,-83.1910,-0.1618,19,0.4750,0.8750,8,7,6,0,0,7,6,0.1429
4,120.0000,8,23,1020.1578,-89.1257,0.2184,4,0.1000,,0,2,2,0,0,2,2,0.0000
4,120.0000,8,24,504.6356,-83.3691,-0.0051,18,0.4500,1.0000,8,8,8,0,0,8,8,0.0000
4,120.0000,8,25,320.2998,-81.4014,0.8102,23,0.5750,0.7143,7,5,2,0,0,5,2,0.6000
4,120.0000,8,27,306.4434,-78.2005,-1.0339,30,0.7500,0.6122,49,6,4,10,9,16,13,0.1875
4,120.0000,8,30,952.5367,-87.1850,-0.8288,8,0.2000,1.0000,8,6,6,0,0,6,6,0.0000
4,120.0000,8,31,376.3453,-82.5100,1.1898,24,0.6000,0.7143,7,6,4,0,0,6,4,0.3333
4,120.0000,8,32,746.9692,-86.3507,-0.6897,10,0.2500,0.6667,6,8,7,0,0,8,7,0.1250
4,120.0000,8,33,765.2483,-85.2056,-0.4601,11,0.2750,0.8750,8,6,6,0,0,6,6,0.0000
4,120.0000,8,34,807.7942,-87.3113,0.6218,10,0.2500,0.8571,7,4,4,0,0,4,4,0.0000
4,120.0000,8,36,671.9311,-84.7829,-1.2344,12,0.3000,0.8571,7,7,6,0,0,7,6,0.1429
4,120.0000,8,37,985.1203,-88.6686,-0.2556,5,0.1250,0.8333,6,5,4,0,0,5,4,0.2000
4,120.0000,8,38,999.8845,-87.9309,0.3114,3,0.0750,,0,6,6,0,0,6,6,0.0000
4,120.0000,8,39,729.3911,-86.3834,0.8887,11,0.2750,1.0000,6,6,4,0,0,6,4,0.3333
4,120.0000,8,40,86.6190,-74.0500,2.7974,33,0.8250,0.0000,4,4,0,0,0,4,0,1.0000
4,120.0000,8,42,106.1024,-73.4849,1.6043,34,0.8500,0.2000,5,5,1,33,2,38,3,0.9211
4,120.0000,8,44,1036.6916,-87.9946,-0.4553,4,0.1000,0.8000,5,4,4,0,0,4,4,0.0000
4,120.0000,8,45,292.3487,-77.0057,-0.6862,29,0.7250,0.4000,5,6,4,0,0,6,4,0.3333
4,120.0000,8,46,415.7196,-82.3493,0.1808,23,0.5750,1.0000,8,8,7,0,0,8,7,0.1250
4,120.0000,9,1,911.3978,-87.8706,2.0906,4,0.1000,1.0000,4,8,8,0,0,8,8,0.0000
4,120.0000,9,2,375.4462,-77.4333,-1.6839,30,0.7500,0.5000,6,8,7,0,0,8,7,0.1250
4,120.0000,9,4,194.4262,-78.3095,1.3461,27,0.6750,0.2000,5,4,0,0,0,4,0,1.0000
4,120.0000,9,8,605.2916,-84.5828,-0.1953,9,0.2250,1.0000,8,7,6,0,0,7,6,0.1429
4,120.0000,9,11,597.6048,-83.8868,-1.0736,13,0.3250,1.0000,8,8,8,0,0,8,8,0.0000
4,120.0000,9,13,677.8294,-84.3610,0.0432,9,0.2250,1.0000,8,8,7,0,0,8,7,0.1250
4,120.0000,9,15,462.1520,-84.9049,0.0710,13,0.3250,1.0000,8,8,8,0,0,8,8,0.0000
4,120.0000,9,17,534.7811,-83.0044,-0.3346,15,0.3750,0.6667,6,8,8,0,0,8,8,0.0000
4,120.0000,9,18,314.5078,-79.1895,-0.1877,26,0.6500,0.3333,6,7,6,0,0,7,6,0.1429
4,120.0000,9,19,1008.7693,-89.0690,-1.5294,3,0.0750,1.0000,4,4,4,0,0,4,4,0.0000
4,120.0000,9,20,515.2285,-84.5780,1.7193,9,0.2250,1.0000,8,7,5,0,0,7,5,0.2857
4,120.0000,9,21,542.0609,-83.4180,-0.3229,12,0.3000,0.5000,6,7,6,0,0,7,6,0.1429
4,120.0000,9,24,702.0647,-87.9941,-0.1997,3,0.0750,0.8750,8,8,8,0,0,8,8,0.0000
4,120.0000,9,25,557.1467,-83.2585,-0.9301,11,0.2750,1.0000,8,8,8,0,0,8,8,0.0000
4,120.0000,9,27,693.9056,-85.8821,-1.0750,7,0.1750,1.0000,8,8,7,0,0,8,7,0.1250
4,120.0000,9,28,470.1781,-81.9258,0.0200,27,0.6750,0.7143,7,7,4,0,0,7,4,0.4286
4,120.0000,9,30,379.0687,-82.1688,-0.4799,24,0.6000,0.4000,5,7,4,0,0,7,4,0.4286
4,120.0000,9,32,264.7203,-77.7635,-0.2220,30,0.7500,0.5000,6,6,4,0,0,6,4,0.3333
4,120.0000,9,33,712.5632,-86.4096,0.7935,6,0.1500,1.0000,6,7,6,0,0,7,6,0.1429
4,120.0000,9,35,575.6006,-84.8328,0.2511,20,0.5000,1.0000,8,6,4,0,0,6,4,0.3333
4,120.0000,9,36,967.0248,-87.8234,-0.4087,3,0.0750,1.0000,8,6,6,0,0,6,6,0.0000
4,120.0000,9,39,568.2374,-84.5187,-0.3245,16,0.4000,0.8571,7,7,6,0,0,7,6,0.1429
4,120.0000,9,40,612.4825,-86.2399,-0.0334,10,0.2500,0.8750,8,7,6,0,0,7,6,0.1429
4,120.0000,9,42,681.9598,-85.6408,0.3036,7,0.1750,0.8571,7,8,7,0,0,8,7,0.1250
4,120.0000,9,44,445.3252,-81.5768,-1.0761,30,0.7500,0.4000,5,7,6,0,0,7,6,0.1429
4,120.0000,9,45,380.0407,-81.7899,-0.4013,17,0.4250,0.5714,7,6,3,0,0,6,3,0.5000
4,120.0000,9,46,668.2539,-86.3603,1.8625,6,0.1500,0.8571,7,8,7,0,0,8,7,0.1250
4,120.0000,10,0,533.0077,-85.0780,0.9207,13,0.3250,0.7500,8,7,6,0,0,7,6,0.1429
4,120.0000,10,7,536.3768,-83.9776,-0.2600,7,0.1750,1.0000,8,5,2,0,0,5,2,0.6000
4,120.0000,10,12,599.3765,-85.2698,0.6983,6,0.1500,1.0000,8,7,6,0,0,7,6,0.1429
4,120.0000,10,16,345.7154,-79.8200,-0.1987,33,0.8250,0.2000,5,6,3,0,0,6,3,0.5000
4,120.0000,10,23,603.4004,-84.3944,0.0218,5,0.1250,1.0000,8,8,7,0,0,8,7,0.1250
4,120.0000,10,26,405.7246,-81.8190,0.0361,27,0.6750,0.5714,7,6,2,0,0,6,2,0.6667
4,120.0000,10,29,220.5081,-77.9443,1.2347,32,0.8000,0.4286,7,4,0,0,0,4,0,1.0000
4,120.0000,10,38,546.2829,-84.5501,-0.4412,9,0.2250,0.6667,6,8,7,0,0,8,7,0.1250
4,120.0000,10,41,535.2470,-83.6743,-0.0805,15,0.3750,0.7143,7,8,8,0,0,8,8,0.0000
4,120.0000,10,43,490.9980,-83.4546,0.0312,24,0.6000,1.0000,8,5,3,0,0,5,3,0.4000
4,120.0000,10,47,249.0714,-77.7096,-0.1972,37,0.9250,0.4000,5,5,1,0,0,5,1,0.8000
4,120.0000,11,2,369.7188,-81.3847,0.2563,20,0.5128,0.7143,7,6,3,0,0,6,3,0.5000
4,120.0000,11,4,709.4317,-86.7310,-1.0838,7,0.1795,0.8750,8,8,8,0,0,8,8,0.0000
4,120.0000,11,8,667.2888,-87.1149,-0.1396,9,0.2308,0.8750,8,8,8,0,0,8,8,0.0000
4,120.0000,11,9,597.6048,-84.2876,-0.6573,11,0.2821,1.0000,8,8,8,0,0,8,8,0.0000
4,120.0000,11,13,469.7199,-83.4768,-0.8243,11,0.2821,1.0000,8,8,8,0,0,8,8,0.0000
4,120.0000,11,14,763.7011,-87.0322,-1.2126,4,0.1026,1.0000,8,6,6,0,0,6,6,0.0000
4,120.0000,11,15,492.9400,-84.6719,0.0524,8,0.2051,0.8571,7,7,5,0,0,7,5,0.2857
4,120.0000,11,17,344.5797,-80.0729,-0.4353,18,0.4615,0.8000,5,7,5,0,0,7,5,0.2857
4,120.0000,11,18,426.1335,-81.9400,-0.1370,19,0.4872,0.5000,6,7,6,0,0,7,6,0.1429
4,120.0000,11,21,975.4002,-86.0350,2.0587,3,0.0769,1.0000,8,8,8,0,0,8,8,0.0000
4,120.0000,11,24,925.2277,-86.8185,-0.8035,3,0.0769,1.0000,8,8,8,0,0,8,8,0.0000
4,120.0000,11,25,417.6734,-81.0444,-0.7752,16,0.4103,0.8571,7,9,8,0,0,9,8,0.1111
4,120.0000,11,27,878.7375,-88.9885,-0.2790,6,0.1538,1.0000,8,8,8,0,0,8,8,0.0000
4,120.0000,11,28,804.4286,-86.1672,-0.6719,12,0.3077,1.0000,8,8,8,0,0,8,8,0.0000
4,120.0000,11,30,902.9975,-88.0721,1.3073,4,0.1026,1.0000,2,4,4,0,0,4,4,0.0000
4,120.0000,11,31,839.2609,-87.5315,1.7730,4,0.1026,1.0000,8,8,8,0,0,8,8,0.0000
4,120.0000,11,32,787.3560,-86.4807,-0.8728,9,0.2308,1.0000,8,8,8,0,0,8,8,0.0000
4,120.0000,11,35,886.1941,-87.4709,-1.2995,6,0.1538,1.0000,8,8,8,0,0,8,8,0.0000
4,120.0000,11,39,139.3232,-74.7197,1.0739,34,0.8718,0.0000,4,4,0,13,1,17,1,0.9412
4,120.0000,11,40,599.0305,-83.6264,0.4677,7,0.1795,0.8571,7,8,8,0,0,8,8,0.0000
4,120.0000,11,42,667.0358,-86.0950,0.3710,8,0.2051,1.0000,8,8,8,0,0,8,8,0.0000
4,120.0000,11,44,769.4282,-87.5253,-0.0227,6,0.1538,1.0000,6,6,5,0,0,6,5,0.1667
4,120.0000,11,45,691.9638,-86.8440,1.7731,7,0.1795,1.0000,8,8,8,0,0,8,8,0.0000
4,120.0000,11,46,348.4012,-81.6804,0.6060,14,0.3590,0.6667,6,7,5,0,0,7,5,0.2857
4,120.0000,12,0,842.8829,-88.1108,-0.8891,4,0.1000,1.0000,4,8,8,0,0,8,8,0.0000
4,120.0000,12,3,503.1983,-83.4760,-1.0067,7,0.1750,0.8571,7,7,6,0,0,7,6,0.1429
4,120.0000,12,5,843.4743,-88.8557,1.1395,3,0.0750,,0,3,2,0,0,3,2,0.3333
4,120.0000,12,6,710.4924,-86.6325,0.2014,5,0.1250,1.0000,8,7,6,0,0,7,6,0.1429
4,120.0000,12,7,577.8275,-85.0117,1.7743,7,0.1750,0.8571,7,7,5,0,0,7,5,0.2857
4,120.0000,12,10,599.3765,-85.3127,0.4714,10,0.2500,0.8571,7,8,6,0,0,8,6,0.2500
4,120.0000,12,14,786.5255,-85.3572,-0.1980,3,0.0750,1.0000,8,4,4,0,0,4,4,0.0000
4,120.0000,12,16,773.4838,-86.8574,-0.1670,6,0.1500,1.0000,8,8,8,0,0,8,8,0.0000
4,120.0000,12,22,815.6715,-89.5277,-0.1376,3,0.0750,1.0000,4,8,8,0,0,8,8,0.0000
4,120.0000,12,23,239.9146,-78.1766,0.6675,31,0.7750,0.6667,6,5,1,0,0,5,1,0.8000
4,120.0000,12,26,383.8523,-81.3606,-0.5171,28,0.7000,0.8571,7,7,4,0,0,7,4,0.4286
4,120.0000,12,29,450.1569,-81.9338,0.9608,23,0.5750,0.7143,7,7,6,0,0,7,6,0.1429
4,120.0000,12,34,243.5825,-77.3417,0.3284,24,0.6000,0.3333,6,5,1,0,0,5,1,0.8000
4,120.0000,12,37,713.7524,-86.0279,1.1275,4,0.1000,0.8750,8,8,8,0,0,8,8,0.0000
4,120.0000,12,38,266.3201,-79.5603,0.2821,27,0.6750,0.6667,6,5,1,0,0,5,1,0.8000
4,120.0000,12,41,85.2761,-71.6439,1.9915,30,0.7500,0.2000,5,5,1,0,0,5,1,0.8000
4,120.0000,12,47,377.9824,-82.1740,0.4611,22,0.5500,0.5714,7,5,2,0,0,5,2,0.6000
4,120.0000,13,1,873.0711,-86.8013,-0.3437,5,0.1250,1.0000,6,4,4,0,0,4,4,0.0000
4,120.0000,13,2,650.6322,-86.7353,-0.5083,9,0.2250,1.0000,8,8,7,0,0,8,7,0.1250
4,120.0000,13,3,898.8275,-87.5277,-0.8720,4,0.1000,1.0000,4,4,4,0,0,4,4,0.0000
4,120.0000,13,4,662.5767,-84.9756,-0.4998,11,0.2750,0.8571,7,8,8,0,0,8,8,0.0000
4,120.0000,13,8,364.5574,-81.2105,0.1787,20,0.5000,0.5714,7,8,6,0,0,8,6,0.2500
4,120.0000,13,9,677.8294,-84.7951,-0.0506,10,0.2500,1.0000,8,8,8,0,0,8,8,0.0000
4,120.0000,13,11,469.7199,-82.4926,-0.1089,24,0.6000,0.8571,7,8,8,0,0,8,8,0.0000
4,120.0000,13,14,295.3638,-80.7641,0.2225,25,0.6250,0.6667,6,6,2,0,0,6,2,0.6667
4,120.0000,13,15,266.0786,-75.1649,-1.0528,28,0.7000,0.0000,4,7,6,0,0,7,6,0.1429
4,120.0000,13,17,442.6601,-82.3852,0.1297,17,0.4250,0.7143,7,7,5,0,0,7,5,0.2857
4,120.0000,13,18,543.7633,-84.5297,-0.2654,12,0.3000,0.8571,7,7,5,0,0,7,5,0.2857
4,120.0000,13,20,641.4461,-84.2915,0.4177,9,0.2250,0.8571,7,8,8,0,0,8,8,0.0000
4,120.0000,13,21,752.8568,-85.6289,0.5170,9,0.2250,1.0000,8,8,8,0,0,8,8,0.0000
4,120.0000,13,24,574.2142,-84.2690,-0.1604,12,0.3000,0.8000,5,8,7,0,0,8,7,0.1250
4,120.0000,13,25,121.6766,-71.8941,0.5005,34,0.8500,0.0000,4,4,0,0,0,4,0,1.0000
4,120.0000,13,27,504.3671,-83.8571,-0.7147,14,0.3500,0.8571,7,8,8,0,0,8,8,0.0000
4,120.0000,13,30,1010.2353,-88.3557,0.3219,3,0.0750,1.0000,4,8,8,0,0,8,8,0.0000
4,120.0000,13,31,375.2652,-81.5241,-0.3988,19,0.4750,1.0000,8,7,5,0,0,7,5,0.2857
4,120.0000,13,32,800.9055,-84.9055,-0.1287,13,0.3250,0.8571,7,7,6,0,0,7,6,0.1429
4,120.0000,13,34,840.5018,-86.5405,-1.0839,6,0.1500,1.0000,8,6,6,0,0,6,6,0.0000
4,120.0000,13,35,1099.0265,-88.7754,0.0540,4,0.1000,1.0000,4,6,6,0,0,6,6,0.0000
4,120.0000,13,36,753.2393,-86.1885,-0.1128,7,0.1750,1.0000,8,7,6,0,0,7,6,0.1429
4,120.0000,13,39,586.6333,-85.1597,0.8016,13,0.3250,0.6000,5,7,4,0,0,7,4,0.4286
4,120.0000,13,40,305.4607,-79.7043,0.5567,28,0.7000,0.2500,4,10,9,0,0,10,9,0.1000
4,120.0000,13,42,304.6082,-80.0350,0.3556,22,0.5500,0.5000,6,5,1,0,0,5,1,0.8000
4,120.0000,13,44,1022.1719,-87.6301,-0.3139,3,0.0750,1.0000,4,4,4,0,0,4,4,0.0000
4,120.0000,13,45,498.5054,-83.0161,-0.5806,14,0.3500,0.8333,18,5,2,0,0,5,2,0.6000
4,120.0000,13,46,152.7008,-71.2792,-0.5422,35,0.8750,0.3333,6,4,0,0,0,4,0,1.0000
4,120.0000,14,1,735.7314,-88.9526,-0.2128,4,0.1000,0.8750,8,7,6,0,0,7,6,0.1429
4,120.0000,14,3,652.6131,-85.5308,-0.8574,3,0.0750,1.0000,8,8,8,0,0,8,8,0.0000
4,120.0000,14,4,804.5466,-88.5299,1.4669,3,0.0750,0.8571,7,8,8,0,0,8,8,0.0000
4,120.0000,14,7,998.6172,-88.3525,5.2843,3,0.0750,1.0000,6,2,2,0,0,2,2,0.0000
4,120.0000,14,8,432.2358,-82.9909,-1.2401,10,0.2500,0.8571,7,5,2,0,0,5,2,0.6000
4,120.0000,14,9,875.3258,-89.3726,0.3132,3,0.0750,1.0000,4,8,8,0,0,8,8,0.0000
4,120.0000,14,12,786.5255,-85.9901,-4.2368,5,0.1250,1.0000,8,3,2,0,0,3,2,0.3333
4,120.0000,14,13,295.3638,-79.7848,0.0998,20,0.5000,0.8000,5,7,4,0,0,7,4,0.4286
4,120.0000,14,15,434.7511,-82.0421,-0.2917,11,0.2750,0.8571,7,8,8,0,0,8,8,0.0000
4,120.0000,14,17,701.0938,-85.0073,0.5576,4,0.1000,0.8571,7,8,7,0,0,8,7,0.1250
4,120.0000,14,20,645.1987,-86.3433,-1.7609,3,0.0750,0.8889,9,8,7,0,0,8,7,0.1250
4,120.0000,14,21,760.4867,-87.0249,-1.1982,4,0.1000,1.0000,8,6,6,0,0,6,6,0.0000
4,120.0000,14,24,478.8681,-83.4131,1.1764,7,0.1750,0.8571,7,7,6,0,0,7,6,0.1429
4,120.0000,14,25,379.6429,-82.2137,1.5912,12,0.3000,1.0000,8,6,4,0,0,6,4,0.3333
4,120.0000,14,27,416.1659,-82.3966,1.7259,9,0.2250,0.6667,6,8,7,0,0,8,7,0.1250
4,120.0000,14,31,142.2948,-71.9207,-0.7429,31,0.7750,0.3333,6,4,0,0,0,4,0,1.0000
4,120.0000,14,32,942.8046,-87.7169,-1.1869,3,0.0750,1.0000,8,8,8,0,0,8,8,0.0000
4,120.0000,14,34,554.1463,-83.6963,-0.0952,10,0.2500,1.0000,8,8,8,0,0,8,8,0.0000
4,120.0000,14,36,554.4909,-82.5933,-0.9200,7,0.1750,1.0000,8,8,8,0,0,8,8,0.0000
4,120.0000,14,38,802.9906,-86.6080,-12.4250,3,0.0750,1.0000,4,8,8,0,0,8,8,0.0000
4,120.0000,14,40,417.1743,-81.9041,-0.2895,9,0.2250,0.6667,6,7,5,0,0,7,5,0.2857
4,120.0000,14,42,342.5196,-80.0443,0.7600,14,0.3500,0.5000,6,7,6,0,0,7,6,0.1429
4,120.0000,14,45,592.7019,-85.9222,2.2787,6,0.1500,1.0000,8,7,6,0,0,7,6,0.1429
4,120.0000,14,46,435.7847,-82.0842,-0.1738,12,0.3000,0.8571,7,7,5,0,0,7,5,0.2857
4,120.0000,15,1,725.9586,-85.8720,-0.0070,10,0.2439,0.8750,8,8,8,0,0,8,8,0.0000
4,120.0000,15,2,566.9505,-85.4026,-0.3465,16,0.3902,0.8571,7,8,8,0,0,8,8,0.0000
4,120.0000,15,3,886.2800,-87.8533,-1.0120,6,0.1463,1.0000,8,8,8,0,0,8,8,0.0000
4,120.0000,15,4,443.7736,-82.5907,-0.5446,18,0.4390,0.6667,6,7,5,0,0,7,5,0.2857
4,120.0000,15,6,953.5569,-87.7859,-0.2968,6,0.1463,0.8750,8,6,5,0,0,6,5,0.1667
4,120.0000,15,8,377.7291,-79.9915,-0.4075,23,0.5610,0.6250,8,8,8,0,0,8,8,0.0000
4,120.0000,15,9,462.1520,-84.1191,0.4816,14,0.3415,0.8571,7,8,7,0,0,8,7,0.1250
4,120.0000,15,11,492.9400,-83.2511,-0.7565,18,0.4390,0.8571,7,7,6,0,0,7,6,0.1429
4,120.0000,15,13,266.0786,-75.2315,-0.8812,36,0.8780,0.0000,4,6,4,0,0,6,4,0.3333
4,120.0000,15,14,434.7511,-82.7580,0.3836,17,0.4146,0.7143,7,6,4,0,0,6,4,0.3333
4,120.0000,15,17,477.8331,-83.2139,0.1702,20,0.4878,0.8571,7,7,6,0,0,7,6,0.1429
4,120.0000,15,18,342.7930,-82.3539,1.1178,17,0.4146,0.7143,7,7,3,0,0,7,3,0.5714
4,120.0000,15,19,857.5690,-87.2645,-0.5420,6,0.1463,1.0000,6,6,6,0,0,6,6,0.0000
4,120.0000,15,20,430.5284,-82.5877,-0.0904,16,0.3902,0.8750,8,8,8,0,0,8,8,0.0000
4,120.0000,15,21,563.2181,-85.4214,-0.8475,11,0.2683,0.8571,7,6,2,0,0,6,2,0.6667
4,120.0000,15,24,432.9037,-81.8686,0.5063,19,0.4634,0.7143,7,6,3,0,0,6,3,0.5000
4,120.0000,15,25,180.2947,-75.0933,0.6871,36,0.8780,0.0000,5,4,1,0,0,4,1,0.7500
4,120.0000,15,27,433.9085,-81.5124,-1.0194,20,0.4878,0.7143,7,7,6,0,0,7,6,0.1429
4,120.0000,15,28,830.6672,-88.4597,-0.3970,4,0.0976,0.8750,8,6,6,0,0,6,6,0.0000
4,120.0000,15,30,761.0065,-87.4047,0.9312,10,0.2439,0.8750,8,5,2,0,0,5,2,0.6000
4,120.0000,15,31,486.4789,-82.2689,-0.6470,18,0.4390,0.6667,6,8,7,0,0,8,7,0.1250
4,120.0000,15,32,541.2369,-86.3882,0.1845,12,0.2927,0.5000,6,6,3,0,0,6,3,0.5000
4,120.0000,15,33,719.9707,-86.2944,-0.0627,11,0.2683,1.0000,8,6,5,0,0,6,5,0.1667
4,120.0000,15,34,943.5554,-87.8943,-0.0497,9,0.2195,1.0000,4,4,4,0,0,4,4,0.0000
4,120.0000,15,36,677.5156,-84.4164,-0.7782,14,0.3415,0.8750,8,8,8,0,0,8,8,0.0000
4,120.0000,15,37,1023.5128,-87.8955,-0.3452,4,0.0976,1.0000,4,2,2,0,0,2,2,0.0000
4,120.0000,15,39,575.3879,-85.6932,0.6950,18,0.4390,1.0000,6,7,6,0,0,7,6,0.1429
4,120.0000,15,40,362.2386,-80.4879,0.2553,24,0.5854,0.0000,4,7,5,0,0,7,5,0.2857
4,120.0000,15,42,383.3706,-81.6362,-1.3277,22,0.5366,0.5714,7,8,8,0,0,8,8,0.0000
4,120.0000,15,44,814.2873,-86.4732,0.6704,9,0.2195,1.0000,4,4,4,0,0,4,4,0.0000
4,120.0000,15,45,324.6025,-79.4809,-0.4769,22,0.5366,0.6667,6,7,5,0,0,7,5,0.2857
4,120.0000,15,46,340.2847,-79.2879,0.0821,28,0.6829,0.1667,6,5,3,0,0,5,3,0.4000
4,120.0000,16,0,211.6606,-80.1681,1.1663,30,0.7500,0.2857,7,4,1,0,0,4,1,0.7500
4,120.0000,16,3,800.5884,-88.1750,-0.5215,5,0.1250,1.0000,8,8,8,0,0,8,8,0.0000
4,120.0000,16,5,648.5801,-86.6379,0.7301,7,0.1750,1.0000,8,8,7,0,0,8,7,0.1250
4,120.0000,16,6,783.4735,-86.4830,-0.2242,4,0.1000,1.0000,8,8,8,0,0,8,8,0.0000
4,120.0000,16,7,432.7186,-82.1309,0.0943,19,0.4750,0.8571,7,5,1,0,0,5,1,0.8000
4,120.0000,16,10,345.7154,-80.5016,0.5162,31,0.7750,0.2000,5,6,3,0,0,6,3,0.5000
4,120.0000,16,12,773.4838,-86.4748,0.5237,6,0.1500,1.0000,8,7,6,0,0,7,6,0.1429
4,120.0000,16,22,583.0424,-84.6655,0.4776,13,0.3250,0.8750,8,8,8,0,0,8,8,0.0000
4,120.0000,16,23,733.6539,-86.5621,0.5423,8,0.2000,0.8571,7,8,8,0,0,8,8,0.0000
4,120.0000,16,26,718.8603,-84.6086,-0.1130,10,0.2500,0.8571,7,8,8,0,0,8,8,0.0000
4,120.0000,16,29,502.4782,-83.7099,-0.9614,15,0.3750,1.0000,8,8,5,0,0,8,5,0.3750
4,120.0000,16,37,718.2769,-85.8075,0.1099,6,0.1500,1.0000,8,7,6,0,0,7,6,0.1429
4,120.0000,16,38,603.2226,-85.4432,-0.4581,9,0.2250,0.5000,6,7,6,0,0,7,6,0.1429
4,120.0000,16,41,726.5555,-85.2199,0.2169,6,0.1500,0.8571,7,8,8,0,0,8,8,0.0000
4,120.0000,16,43,229.4117,-76.3294,-0.2196,37,0.9250,0.0000,4,4,0,0,0,4,0,1.0000
4,120.0000,16,47,423.0557,-82.2182,-0.2101,19,0.4750,0.3333,6,8,8,0,0,8,8,0.0000
4,120.0000,17,2,309.2883,-80.6677,0.8395,25,0.6250,1.0000,8,5,1,0,0,5,1,0.8000
4,120.0000,17,4,575.5658,-85.3908,-0.2878,8,0.2000,1.0000,8,8,8,0,0,8,8,0.0000
4,120.0000,17,8,433.4515,-81.9840,0.7513,11,0.2750,1.0000,6,8,8,0,0,8,8,0.0000
4,120.0000,17,9,534.7811,-83.6536,0.1839,10,0.2500,0.8333,6,8,8,0,0,8,8,0.0000
4,120.0000,17,11,344.5797,-80.3396,0.0677,28,0.7000,0.5714,7,4,0,0,0,4,0,1.0000
4,120.0000,17,13,442.6601,-82.2742,-0.6123,12,0.3000,0.8571,7,8,8,0,0,8,8,0.0000
4,120.0000,17,14,701.0938,-86.1991,0.6782,6,0.1500,1.0000,8,8,8,0,0,8,8,0.0000
4,120.0000,17,15,477.8331,-82.9930,-0.7147,8,0.2000,0.5000,6,8,7,0,0,8,7,0.1250
4,120.0000,17,18,541.4951,-85.2710,0.1521,11,0.2750,1.0000,8,8,8,0,0,8,8,0.0000
4,120.0000,17,20,775.7449,-87.6500,0.7666,6,0.1500,1.0000,6,4,4,0,0,4,4,0.0000
4,120.0000,17,21,805.4284,-88.0946,-0.2869,3,0.0750,0.8571,7,6,6,0,0,6,6,0.0000
4,120.0000,17,25,368.2522,-79.8252,-0.2989,22,0.5500,0.6667,6,7,6,0,0,7,6,0.1429
4,120.0000,17,28,893.6663,-87.2623,1.0157,3,0.0750,1.0000,4,2,2,0,0,2,2,0.0000
4,120.0000,17,30,906.6411,-86.8223,-0.0554,4,0.1000,1.0000,4,8,8,0,0,8,8,0.0000
4,120.0000,17,31,718.3182,-86.3863,-0.0493,5,0.1250,0.8571,7,7,6,0,0,7,6,0.1429
4,120.0000,17,32,773.6110,-87.2330,-0.5178,4,0.1000,1.0000,8,8,8,0,0,8,8,0.0000
4,120.0000,17,35,1011.2488,-88.2888,0.1593,3,0.0750,1.0000,4,2,2,0,0,2,2,0.0000
4,120.0000,17,39,356.6727,-81.5949,0.3663,26,0.6500,0.5000,6,7,4,0,0,7,4,0.4286
4,120.0000,17,40,370.3208,-79.6720,-0.5491,20,0.5000,0.5714,7,7,5,0,0,7,5,0.2857
4,120.0000,17,42,461.7879,-82.4738,0.5677,9,0.2250,1.0000,8,7,6,0,0,7,6,0.1429
4,120.0000,17,44,852.6108,-86.9244,0.8054,5,0.1250,1.0000,6,8,8,0,0,8,8,0.0000
4,120.0000,17,45,518.2946,-83.1904,-0.4176,11,0.2750,0.8750,8,8,8,0,0,8,8,0.0000
4,120.0000,17,46,334.7626,-80.5195,-0.1885,19,0.4750,0.7143,7,7,5,0,0,7,5,0.2857
4,120.0000,18,2,430.9491,-80.8514,-0.1522,24,0.6000,0.8571,7,6,4,0,0,6,4,0.3333
4,120.0000,18,4,437.1387,-82.9849,-0.5015,15,0.3750,0.8000,5,8,7,0,0,8,7,0.1250
4,120.0000,18,8,652.4307,-86.0826,-0.4555,8,0.2000,0.8571,7,8,8,0,0,8,8,0.0000
4,120.0000,18,9,314.5078,-79.3969,-0.5853,27,0.6750,0.5000,6,5,2,0,0,5,2,0.6000
4,120.0000,18,11,426.1335,-81.8590,-1.0570,23,0.5750,0.8571,7,6,4,0,0,6,4,0.3333
4,120.0000,18,13,543.7633,-84.5466,0.0821,11,0.2750,0.8571,7,8,8,0,0,8,8,0.0000
4,120.0000,18,14,767.2387,-87.6455,0.8342,4,0.1000,0.8000,5,3,2,0,0,3,2,0.3333
4,120.0000,18,15,342.7930,-82.7439,1.4859,11,0.2750,0.7143,7,5,2,0,0,5,2,0.6000
4,120.0000,18,17,541.4951,-84.8220,0.5479,14,0.3500,0.7143,7,7,6,0,0,7,6,0.1429
4,120.0000,18,20,594.0242,-83.8039,0.1959,8,0.2000,0.8750,8,8,7,0,0,8,7,0.1250
4,120.0000,18,21,707.2048,-86.2702,-1.5768,5,0.1250,1.0000,8,8,8,0,0,8,8,0.0000
4,120.0000,18,24,689.9318,-86.9358,0.4904,3,0.0750,1.0000,6,8,7,0,0,8,7,0.1250
4,120.0000,18,25,445.0637,-83.2325,-0.4636,14,0.3500,0.8571,7,8,8,0,0,8,8,0.0000
4,120.0000,18,27,733.1833,-87.7241,-0.2344,6,0.1500,1.0000,8,7,6,0,0,7,6,0.1429
4,120.0000,18,28,513.7737,-83.5180,-0.1323,24,0.6000,0.7143,7,7,6,0,0,7,6,0.1429
4,120.0000,18,30,533.9390,-84.0316,-0.0503,20,0.5000,0.8750,8,7,5,0,0,7,5,0.2857
4,120.0000,18,31,828.7706,-87.4122,-0.0605,3,0.0750,1.0000,8,5,3,0,0,5,3,0.4000
4,120.0000,18,32,391.3209,-81.9807,0.5048,21,0.5250,0.5000,6,6,4,0,0,6,4,0.3333
4,120.0000,18,33,830.6543,-87.1626,-0.1216,6,0.1500,1.0000,6,7,6,0,0,7,6,0.1429
4,120.0000,18,35,556.2381,-84.7909,0.2249,19,0.4750,0.8571,7,7,5,0,0,7,5,0.2857
4,120.0000,18,39,443.9971,-82.5305,-0.6095,24,0.6000,0.8000,5,8,8,0,0,8,8,0.0000
4,120.0000,18,40,631.4375,-85.4698,-1.0188,8,0.2000,1.0000,8,8,8,0,0,8,8,0.0000
4,120.0000,18,42,686.3074,-86.1659,-0.7993,6,0.1500,1.0000,8,7,6,0,0,7,6,0.1429
4,120.0000,18,44,498.3169,-81.8440,-0.2839,26,0.6500,0.5714,7,8,8,0,0,8,8,0.0000
4,120.0000,18,45,499.8344,-84.1425,0.5749,16,0.4000,0.7143,7,8,7,0,0,8,7,0.1250
4,120.0000,18,46,534.5031,-83.3756,0.4974,11,0.2750,0.8571,7,8,8,0,0,8,8,0.0000
4,120.0000,19,0,976.8803,-89.2098,-1.0041,4,0.1000,,0,6,6,0,0,6,6,0.0000
4,120.0000,19,1,142.5002,-68.4364,-1.6078,33,0.8250,0.0000,4,4,0,0,0,4,0,1.0000
4,120.0000,19,3,536.1052,-85.4932,-1.0806,9,0.2250,0.8750,8,8,8,0,0,8,8,0.0000
4,120.0000,19,4,857.6895,-86.4688,0.2974,4,0.1000,1.0000,6,8,8,0,0,8,8,0.0000
4,120.0000,19,5,460.3653,-82.8484,-0.2967,23,0.5750,0.8333,6,9,7,0,0,9,7,0.2222
4,120.0000,19,6,393.3146,-81.6494,0.5135,20,0.5000,0.7143,7,8,8,0,0,8,8,0.0000
4,120.0000,19,7,746.9701,-86.7350,-0.2837,5,0.1250,1.0000,6,6,6,0,0,6,6,0.0000
4,120.0000,19,8,900.4927,-87.0374,-0.8930,4,0.1000,1.0000,8,8,8,0,0,8,8,0.0000
4,120.0000,19,13,1013.6853,-89.0001,-0.2120,3,0.0750,1.0000,8,6,6,0,0,6,6,0.0000
4,120.0000,19,14,874.3508,-86.4322,0.6338,4,0.1000,1.0000,6,2,2,0,0,2,2,0.0000
4,120.0000,19,15,857.5690,-88.2271,0.7081,4,0.1000,1.0000,8,8,8,0,0,8,8,0.0000
4,120.0000,19,18,1045.4376,-89.4746,0.2040,3,0.0750,1.0000,4,2,2,0,0,2,2,0.0000
4,120.0000,19,20,509.2103,-83.5944,-0.7840,9,0.2250,1.0000,8,8,8,0,0,8,8,0.0000
4,120.0000,19,21,563.5236,-83.5061,0.7102,10,0.2500,0.8750,8,8,8,0,0,8,8,0.0000
4,120.0000,19,22,686.3759,-85.4380,-0.0985,9,0.2250,1.0000,8,7,6,0,0,7,6,0.1429
4,120.0000,19,24,440.7507,-82.0310,-1.4446,12,0.3000,0.8571,7,8,7,0,0,8,7,0.1250
4,120.0000,19,27,603.7563,-84.6346,-1.0328,7,0.1750,0.8750,8,8,8,0,0,8,8,0.0000
4,120.0000,19,31,828.2493,-86.8214,-0.6540,4,0.1000,1.0000,8,8,8,0,0,8,8,0.0000
4,120.0000,19,33,365.1615,-80.0557,0.2293,18,0.4500,0.7143,7,7,4,0,0,7,4,0.4286
4,120.0000,19,36,353.6750,-79.4051,-0.6612,14,0.3500,0.8750,8,6,3,0,0,6,3,0.5000
4,120.0000,19,37,398.4133,-81.5545,-0.1995,21,0.5250,0.6667,6,8,6,0,0,8,6,0.2500
4,120.0000,19,38,821.1102,-86.8376,0.0875,4,0.1000,1.0000,8,8,7,0,0,8,7,0.1250
4,120.0000,19,45,764.3718,-86.8877,0.6453,3,0.0750,1.0000,2,8,8,0,0,8,8,0.0000
4,120.0000,20,1,401.4967,-81.6866,-0.0866,22,0.5500,0.8750,8,8,7,0,0,8,7,0.1250
4,120.0000,20,2,807.9237,-87.0444,-0.1872,5,0.1250,0.8571,7,4,4,0,0,4,4,0.0000
4,120.0000,20,3,706.8119,-86.6586,2.3382,4,0.1000,1.0000,8,8,8,0,0,8,8,0.0000
4,120.0000,20,4,361.6771,-80.5706,-0.3456,28,0.7000,0.7500,76,6,3,0,0,6,3,0.5000
4,120.0000,20,5,905.3090,-86.5948,-2.1216,4,0.1000,1.0000,2,8,8,0,0,8,8,0.0000
4,120.0000,20,6,737.8106,-87.7370,0.1559,3,0.0750,1.0000,8,8,8,0,0,8,8,0.0000
4,120.0000,20,8,498.6680,-83.1663,0.2543,14,0.3500,0.8571,7,8,7,0,0,8,7,0.1250
4,120.0000,20,9,515.2285,-84.7840,-0.1384,12,0.3000,1.0000,8,8,8,0,0,8,8,0.0000
4,120.0000,20,11,885.9647,-89.0626,-0.1422,4,0.1000,1.0000,2,4,4,0,0,4,4,0.0000
4,120.0000,20,13,641.4461,-84.6311,-0.4275,9,0.2250,0.8571,7,8,8,0,0,8,8,0.0000
4,120.0000,20,14,645.1987,-85.9692,0.1050,5,0.1250,1.0000,8,8,7,0,0,8,7,0.1250
4,120.0000,20,15,430.5284,-82.3004,0.7553,15,0.3750,0.8571,7,7,6,0,0,7,6,0.1429
4,120.0000,20,17,775.7449,-86.8425,-5.0789,6,0.1500,0.8571,7,8,8,0,0,8,8,0.0000
4,120.0000,20,18,594.0242,-84.3987,0.6659,11,0.2750,1.0000,8,7,6,0,0,7,6,0.1429
4,120.0000,20,19,509.2103,-83.1215,-0.0618,19,0.4750,0.8571,7,8,7,0,0,8,7,0.1250
4,120.0000,20,21,192.3503,-74.6482,0.1143,39,0.9750,0.0000,4,6,2,0,0,6,2,0.6667
4,120.0000,20,24,244.9219,-79.3732,0.7917,26,0.6500,0.7143,7,6,2,0,0,6,2,0.6667
4,120.0000,20,25,569.6617,-84.3711,0.9405,8,0.2000,0.8750,8,8,8,0,0,8,8,0.0000
4,120.0000,20,27,322.8303,-78.9439,0.1097,21,0.5250,0.9091,11,7,6,0,0,7,6,0.1429
4,120.0000,20,28,895.2957,-86.8157,0.6595,5,0.1250,1.0000,6,6,6,0,0,6,6,0.0000
4,120.0000,20,30,681.2750,-84.3695,-0.0907,14,0.3500,0.8571,7,8,7,0,0,8,7,0.1250
4,120.0000,20,31,615.2689,-86.4081,-0.5501,10,0.2500,1.0000,8,7,5,0,0,7,5,0.2857
4,120.0000,20,32,450.8179,-83.5883,0.6177,18,0.4500,0.7143,7,6,3,0,0,6,3,0.5000
4,120.0000,20,33,295.5904,-76.5669,-1.1713,35,0.8750,0.2000,5,7,4,0,0,7,4,0.4286
4,120.0000,20,35,924.2929,-87.6862,0.0074,4,0.1000,1.0000,2,6,6,0,0,6,6,0.0000
4,120.0000,20,36,477.3924,-82.6824,1.8067,13,0.3250,0.8750,8,8,8,0,0,8,8,0.0000
4,120.0000,20,37,773.3773,-87.0186,-0.9648,4,0.1000,1.0000,6,7,6,0,0,7,6,0.1429
4,120.0000,20,38,1018.4450,-87.6497,-3.0957,3,0.0750,1.0000,4,8,8,0,0,8,8,0.0000
4,120.0000,20,39,931.2974,-87.6978,-0.4075,4,0.1000,1.0000,2,2,2,0,0,2,2,0.0000
4,120.0000,20,40,558.0841,-85.8918,0.8076,11,0.2750,0.9403,67,8,8,67,64,75,72,0.0400
4,120.0000,20,42,552.7027,-84.6618,0.6700,12,0.3000,0.8571,7,8,8,0,0,8,8,0.0000
4,120.0000,20,44,892.3404,-87.5376,-0.4872,3,0.0750,1.0000,8,6,6,0,0,6,6,0.0000
4,120.0000,20,45,273.4809,-79.8154,0.7975,26,0.6500,0.4000,5,5,1,61,38,66,39,0.4091
4,120.0000,20,46,738.2976,-85.4474,0.2137,9,0.2250,0.8750,8,8,8,0,0,8,8,0.0000
4,120.0000,21,1,477.8653,-83.3637,-0.8065,16,0.4000,0.8889,9,6,4,0,0,6,4,0.3333
4,120.0000,21,2,832.7136,-87.0796,0.1863,8,0.2000,0.8571,7,8,8,0,0,8,8,0.0000
4,120.0000,21,3,741.9406,-87.9730,-0.6127,10,0.2500,1.0000,6,8,8,0,0,8,8,0.0000
4,120.0000,21,4,352.9236,-78.7971,-0.4918,27,0.6750,0.5714,7,8,7,0,0,8,7,0.1250
4,120.0000,21,6,810.7897,-87.7966,1.0491,7,0.1750,1.0000,8,8,8,0,0,8,8,0.0000
4,120.0000,21,8,518.0041,-82.8664,0.0635,17,0.4250,0.8571,7,6,4,0,0,6,4,0.3333
4,120.0000,21,9,542.0609,-83.9005,-0.3567,16,0.4000,1.0000,8,9,8,0,0,9,8,0.1111
4,120.0000,21,11,975.4002,-88.2511,-0.1112,7,0.1750,1.0000,4,8,8,0,0,8,8,0.0000
4,120.0000,21,13,752.8568,-87.8940,0.2228,11,0.2750,1.0000,8,8,8,0,0,8,8,0.0000
4,120.0000,21,14,760.4867,-87.5719,0.7846,8,0.2000,1.0000,8,7,6,0,0,7,6,0.1429
4,120.0000,21,15,563.2181,-84.6956,-0.0664,16,0.4000,1.0000,8,8,8,0,0,8,8,0.0000
4,120.0000,21,17,805.4284,-86.4954,-0.0827,8,0.2000,1.0000,6,8,8,0,0,8,8,0.0000
4,120.0000,21,18,707.2048,-87.1198,0.0268,12,0.3000,0.7143,7,4,4,0,0,4,4,0.0000
4,120.0000,21,19,563.5236,-84.0324,0.4221,12,0.3000,0.7143,7,8,8,0,0,8,8,0.0000
4,120.0000,21,20,192.3503,-74.4631,-0.0136,34,0.8500,0.2000,5,5,1,0,0,5,1,0.8000
4,120.0000,21,23,1147.4677,-89.5069,0.2576,4,0.1000,1.0000,4,4,4,0,0,4,4,0.0000
4,120.0000,21,24,392.2482,-82.3264,-0.5199,19,0.4750,1.0000,8,6,4,0,0,6,4,0.3333
4,120.0000,21,25,673.5573,-87.0566,-0.7494,13,0.3250,0.7143,7,7,6,0,0,7,6,0.1429
4,120.0000,21,27,372.9044,-81.6208,-0.8200,19,0.4750,0.2500,4,7,6,0,0,7,6,0.1429
4,120.0000,21,30,702.1834,-85.3384,-0.4123,14,0.3500,1.0000,6,5,4,0,0,5,4,0.2000
4,120.0000,21,31,701.2816,-86.2792,-0.0810,9,0.2250,0.8571,7,8,8,0,0,8,8,0.0000
4,120.0000,21,32,507.8871,-83.7853,-0.0899,18,0.4500,0.8750,8,8,8,0,0,8,8,0.0000
4,120.0000,21,33,286.6515,-78.1136,-0.2304,33,0.8250,0.2000,5,5,2,0,0,5,2,0.6000
4,120.0000,21,35,994.1944,-88.0161,-0.2086,7,0.1750,1.0000,8,6,6,0,0,6,6,0.0000
4,120.0000,21,36,567.0392,-84.5573,-0.0868,9,0.2250,0.8750,8,8,7,0,0,8,7,0.1250
4,120.0000,21,37,820.1776,-87.9262,-0.4151,5,0.1250,1.0000,4,8,8,0,0,8,8,0.0000
4,120.0000,21,38,1057.1030,-87.9794,0.1435,3,0.0750,1.0000,2,6,6,0,0,6,6,0.0000
4,120.0000,21,40,591.4598,-84.9698,0.0707,15,0.3750,1.0000,8,8,8,0,0,8,8,0.0000
4,120.0000,21,42,594.6975,-85.3729,0.6792,12,0.3000,1.0000,8,8,8,0,0,8,8,0.0000
4,120.0000,21,44,934.7861,-87.4520,-0.3157,6,0.1500,1.0000,8,4,4,0,0,4,4,0.0000
4,120.0000,21,45,294.0302,-79.7647,0.5384,25,0.6250,0.6667,6,7,4,0,0,7,4,0.4286
4,120.0000,21,46,833.2162,-86.7596,-1.0791,8,0.2000,1.0000,8,6,6,0,0,6,6,0.0000
4,120.0000,22,0,412.2822,-80.0562,-0.9940,26,0.6500,0.5000,6,8,7,0,0,8,7,0.1250
4,120.0000,22,1,727.8812,-86.1037,-1.2764,3,0.0750,1.0000,6,7,6,0,0,7,6,0.1429
4,120.0000,22,3,536.3011,-82.6053,-1.2427,6,0.1500,0.8889,9,8,8,10,10,18,18,0.0000
4,120.0000,22,5,337.9490,-80.0401,-0.0634,21,0.5250,0.8571,7,6,4,0,0,6,4,0.3333
4,120.0000,22,6,560.3675,-83.4646,-0.5631,11,0.2750,0.8571,7,8,8,0,0,8,8,0.0000
4,120.0000,22,7,516.4589,-84.3326,-0.0774,9,0.2250,1.0000,10,7,6,0,0,7,6,0.1429
4,120.0000,22,10,804.6516,-86.7920,0.6441,7,0.1750,1.0000,4,8,8,0,0,8,8,0.0000
4,120.0000,22,12,815.6715,-85.9879,0.9548,3,0.0750,1.0000,6,10,10,0,0,10,10,0.0000
4,120.0000,22,16,583.0424,-84.6532,0.3958,14,0.3500,0.8571,7,8,8,0,0,8,8,0.0000
4,120.0000,22,19,686.3759,-83.8960,0.0572,3,0.0750,0.8750,8,8,8,0,0,8,8,0.0000
4,120.0000,22,23,701.6024,-85.0351,0.2785,6,0.1500,0.7143,7,8,8,0,0,8,8,0.0000
4,120.0000,22,36,712.7363,-87.0756,-0.8766,3,0.0750,0.8333,6,8,8,0,0,8,8,0.0000
4,120.0000,22,37,445.0150,-83.1926,0.0414,16,0.4000,0.8000,5,9,8,2,2,11,10,0.0909
4,120.0000,22,38,600.8192,-85.3509,1.8796,5,0.1250,0.8750,8,7,5,0,0,7,5,0.2857
4,120.0000,22,41,805.0707,-86.3436,-3.1901,3,0.0750,1.0000,8,6,6,0,0,6,6,0.0000
4,120.0000,22,43,468.7137,-82.5194,-0.1881,19,0.4750,0.6250,8,7,6,0,0,7,6,0.1429
4,120.0000,22,47,698.3956,-85.7764,-0.5437,6,0.1500,1.0000,8,8,7,0,0,8,7,0.1250
4,120.0000,23,0,767.8327,-85.5703,-0.1027,7,0.1707,1.0000,4,8,8,0,0,8,8,0.0000
4,120.0000,23,3,524.0323,-84.8337,1.9479,6,0.1463,1.0000,8,8,8,0,0,8,8,0.0000
4,120.0000,23,5,823.5455,-87.3456,-0.3507,5,0.1220,1.0000,8,8,8,0,0,8,8,0.0000
4,120.0000,23,6,763.9211,-87.7326,-1.9949,4,0.0976,0.8333,6,10,10,0,0,10,10,0.0000
4,120.0000,23,7,625.4023,-84.1602,-0.6241,12,0.2927,0.7143,7,8,8,0,0,8,8,0.0000
4,120.0000,23,10,603.4004,-84.6594,-0.3023,22,0.5366,0.8750,8,8,8,0,0,8,8,0.0000
4,120.0000,23,12,239.9146,-77.9542,0.8633,27,0.6585,0.4000,5,6,3,0,0,6,3,0.5000
4,120.0000,23,16,733.6539,-86.3755,-1.1596,7,0.1707,1.0000,8,8,8,0,0,8,8,0.0000
4,120.0000,23,22,701.6024,-86.5237,-2.0415,7,0.1707,0.9231,13,8,6,132,131,140,137,0.0214
4,120.0000,23,26,470.4182,-81.9012,-0.9113,25,0.6098,0.5000,6,8,7,0,0,8,7,0.1250
4,120.0000,23,29,535.4014,-83.2186,-0.6040,22,0.5366,0.8548,62,8,7,0,0,8,7,0.1250
4,120.0000,23,31,800.1771,-88.5571,0.1816,4,0.0976,1.0000,8,8,7,0,0,8,7,0.1250
4,120.0000,23,34,426.0060,-82.4255,1.4013,13,0.3171,1.0000,8,7,6,0,0,7,6,0.1429
4,120.0000,23,36,797.5631,-87.5302,-1.2729,4,0.0976,0.8571,7,8,8,0,0,8,8,0.0000
4,120.0000,23,37,731.5375,-86.0967,-0.8301,6,0.1463,1.0000,6,10,10,0,0,10,10,0.0000
4,120.0000,23,38,339.3210,-80.1538,0.1815,30,0.7317,0.6250,8,5,3,0,0,5,3,0.4000
4,120.0000,23,41,205.1231,-75.8550,-0.2843,35,0.8537,0.4314,51,5,1,8,2,13,3,0.7692
4,120.0000,23,42,974.7040,-88.5634,1.0774,3,0.0732,1.0000,6,10,10,0,0,10,10,0.0000
4,120.0000,23,43,730.5340,-85.8200,-0.4947,13,0.3171,0.6667,6,8,8,0,0,8,8,0.0000
4,120.0000,23,47,422.1928,-82.5231,0.2280,27,0.6585,0.5714,7,7,5,0,0,7,5,0.2857
4,120.0000,24,0,1224.8935,-89.5268,-0.2917,3,0.0769,,0,4,4,0,0,4,4,0.0000
4,120.0000,24,1,301.3178,-80.3839,0.0478,25,0.6410,0.4000,5,6,3,0,0,6,3,0.5000
4,120.0000,24,3,524.9519,-82.9559,0.4587,15,0.3846,0.7143,7,8,8,0,0,8,8,0.0000
4,120.0000,24,4,571.9852,-84.8487,0.0645,12,0.3077,0.7500,8,8,7,0,0,8,7,0.1250
4,120.0000,24,5,771.5256,-86.7081,0.1673,6,0.1538,0.7778,9,8,8,0,0,8,8,0.0000
4,120.0000,24,6,546.9620,-85.6891,-0.5754,12,0.3077,0.8750,8,8,8,0,0,8,8,0.0000
4,120.0000,24,7,895.0055,-88.4801,-0.2720,7,0.1795,,0,2,2,0,0,2,2,0.0000
4,120.0000,24,8,504.6356,-82.3472,-1.3214,16,0.4103,0.8571,7,8,8,0,0,8,8,0.0000
4,120.0000,24,9,702.0647,-86.8730,-0.0319,11,0.2821,1.0000,8,6,4,0,0,6,4,0.3333
4,120.0000,24,11,925.2277,-88.0013,0.1577,4,0.1026,1.0000,6,8,8,0,0,8,8,0.0000
4,120.0000,24,12,936.0442,-88.4472,-0.1074,4,0.1026,1.0000,4,4,4,0,0,4,4,0.0000
4,120.0000,24,13,574.2142,-84.3569,-0.0282,9,0.2308,0.7143,7,7,6,0,0,7,6,0.1429
4,120.0000,24,14,478.8681,-83.1596,-0.6600,16,0.4103,0.7500,8,8,7,0,0,8,7,0.1250
4,120.0000,24,15,432.9037,-81.9916,-1.2504,18,0.4615,0.8571,7,8,7,0,0,8,7,0.1250
4,120.0000,24,17,840.6186,-87.6786,-0.5357,6,0.1538,,0,10,10,0,0,10,10,0.0000
4,120.0000,24,18,689.9318,-85.8947,1.1180,8,0.2051,0.8571,7,7,6,0,0,7,6,0.1429
4,120.0000,24,19,440.7507,-82.1863,0.0259,18,0.4615,0.6667,6,8,8,0,0,8,8,0.0000
4,120.0000,24,20,244.9219,-79.0754,0.6920,25,0.6410,0.2857,7,5,1,0,0,5,1,0.8000
4,120.0000,24,21,392.2482,-82.7292,0.9584,14,0.3590,0.8750,8,8,7,0,0,8,7,0.1250
4,120.0000,24,22,938.9813,-87.8672,0.9709,5,0.1282,1.0000,4,4,4,0,0,4,4,0.0000
4,120.0000,24,25,547.9661,-85.3911,-0.5248,12,0.3077,0.8571,7,8,8,0,0,8,8,0.0000
4,120.0000,24,27,246.2625,-76.6973,0.1155,29,0.7436,0.2000,5,7,5,0,0,7,5,0.2857
4,120.0000,24,31,454.0052,-81.8221,0.0046,17,0.4359,0.8750,8,6,4,0,0,6,4,0.3333
4,120.0000,24,32,650.7021,-85.6229,0.6079,10,0.2564,0.8571,7,7,6,0,0,7,6,0.1429
4,120.0000,24,33,429.3423,-82.0739,0.2223,21,0.5385,0.8750,8,7,5,0,0,7,5,0.2857
4,120.0000,24,34,732.8551,-86.2335,-0.3624,7,0.1795,1.0000,8,8,7,0,0,8,7,0.1250
4,120.0000,24,36,270.9319,-74.8974,-1.4036,30,0.7692,0.2000,5,6,4,0,0,6,4,0.3333
4,120.0000,24,37,605.9041,-84.9639,0.2086,12,0.3077,0.6667,6,8,7,0,0,8,7,0.1250
4,120.0000,24,38,818.0927,-87.0878,-1.1731,9,0.2308,1.0000,6,8,7,0,0,8,7,0.1250
4,120.0000,24,40,556.0964,-85.2014,0.4170,10,0.2564,0.8571,7,6,6,0,0,6,6,0.0000
4,120.0000,24,41,1006.3066,-88.4067,1.0548,6,0.1538,1.0000,6,4,4,0,0,4,4,0.0000
4,120.0000,24,42,512.2253,-82.5095,-0.6037,12,0.3077,1.0000,8,8,8,0,0,8,8,0.0000
4,120.0000,24,44,1073.4558,-88.6506,-0.8184,3,0.0769,1.0000,4,2,2,0,0,2,2,0.0000
4,120.0000,24,45,410.7533,-83.5845,0.0867,13,0.3333,0.7143,7,7,4,0,0,7,4,0.4286
4,120.0000,24,46,706.7558,-86.5577,-1.3687,11,0.2821,0.5714,7,8,8,0,0,8,8,0.0000
4,120.0000,25,1,848.8039,-88.1284,0.3919,5,0.1282,1.0000,8,6,6,0,0,6,6,0.0000
4,120.0000,25,2,546.4022,-84.4468,0.0868,17,0.4359,1.0000,8,8,7,0,0,8,7,0.1250
4,120.0000,25,3,924.0607,-87.7606,0.5999,4,0.1026,1.0000,8,3,2,0,0,3,2,0.3333
4,120.0000,25,4,548.0064,-84.4410,-0.0544,17,0.4359,0.4286,7,8,8,0,0,8,8,0.0000
4,120.0000,25,8,320.2998,-80.7411,0.6924,21,0.5385,0.6667,6,5,2,0,0,5,2,0.6000
4,120.0000,25,9,557.1467,-84.9140,0.0702,15,0.3846,0.6250,8,7,6,0,0,7,6,0.1429
4,120.0000,25,11,417.6734,-80.9745,-1.2746,28,0.7179,0.7500,8,7,6,0,0,7,6,0.1429
4,120.0000,25,13,121.6766,-71.1127,0.7112,33,0.8462,0.0000,4,4,0,0,0,4,0,1.0000
4,120.0000,25,14,379.6429,-81.8544,0.2307,19,0.4872,0.7500,8,6,4,0,0,6,4,0.3333
4,120.0000,25,15,180.2947,-75.0362,0.7991,32,0.8205,0.2000,5,5,1,0,0,5,1,0.8000
4,120.0000,25,17,368.2522,-80.5445,-0.3249,26,0.6667,0.8750,8,8,7,0,0,8,7,0.1250
4,120.0000,25,18,445.0637,-83.8040,-0.0789,21,0.5385,0.6667,6,6,3,0,0,6,3,0.5000
4,120.0000,25,20,569.6617,-85.6526,0.5763,13,0.3333,0.6667,6,8,8,0,0,8,8,0.0000
4,120.0000,25,21,673.5573,-85.7724,0.5148,10,0.2564,1.0000,8,8,8,0,0,8,8,0.0000
4,120.0000,25,24,547.9661,-86.2296,-0.9209,10,0.2564,0.8571,7,8,7,0,0,8,7,0.1250
4,120.0000,25,27,479.1683,-84.0937,0.6959,14,0.3590,0.8000,5,7,6,0,0,7,6,0.1429
4,120.0000,25,28,935.5202,-88.3541,-0.0738,12,0.3077,1.0000,7,2,2,0,0,2,2,0.0000
4,120.0000,25,30,896.2796,-87.3816,-0.1292,7,0.1795,0.8571,7,4,4,0,0,4,4,0.0000
4,120.0000,25,31,435.9389,-84.6042,0.1228,15,0.3846,0.6000,5,7,6,0,0,7,6,0.1429
4,120.0000,25,32,692.2106,-85.8825,-1.1416,10,0.2564,1.0000,8,8,8,0,0,8,8,0.0000
4,120.0000,25,33,864.9225,-86.9657,-0.2169,7,0.1795,1.0000,6,6,4,0,0,6,4,0.3333
4,120.0000,25,35,997.1819,-87.4819,0.4677,3,0.0769,,0,4,4,0,0,4,4,0.0000
4,120.0000,25,36,759.2772,-86.9139,-0.0795,9,0.2308,0.8571,7,8,8,0,0,8,8,0.0000
4,120.0000,25,39,517.7303,-85.1135,-0.4943,21,0.5385,0.7500,8,8,7,0,0,8,7,0.1250
4,120.0000,25,40,266.5645,-78.6968,-0.0534,28,0.7179,0.3333,6,5,1,0,0,5,1,0.8000
4,120.0000,25,42,296.3395,-79.9967,1.4528,21,0.5385,0.5714,7,6,2,0,0,6,2,0.6667
4,120.0000,25,44,911.2352,-86.9254,-0.2095,10,0.2564,0.0000,1,4,4,0,0,4,4,0.0000
4,120.0000,25,45,402.8910,-82.0573,-0.3161,20,0.5128,0.7500,8,6,3,0,0,6,3,0.5000
4,120.0000,25,46,169.6632,-72.2448,0.2564,35,0.8974,0.0000,4,4,0,0,0,4,0,1.0000
4,120.0000,26,0,867.6876,-87.7511,-0.2557,10,0.2500,1.0000,8,8,8,0,0,8,8,0.0000
4,120.0000,26,3,835.6509,-86.3669,3.0950,3,0.0750,1.0000,8,8,8,0,0,8,8,0.0000
4,120.0000,26,6,978.3802,-88.3791,-0.8791,4,0.1000,1.0000,8,6,5,0,0,6,5,0.1667
4,120.0000,26,7,708.0660,-85.3587,-0.3522,14,0.3500,0.6667,6,8,8,0,0,8,8,0.0000
4,120.0000,26,10,405.7246,-81.9808,-0.0490,26,0.6500,0.2000,5,7,4,0,0,7,4,0.4286
4,120.0000,26,12,383.8523,-80.5579,-0.1792,21,0.5250,0.7143,7,7,4,0,0,7,4,0.4286
4,120.0000,26,16,718.8603,-86.5142,-0.6335,11,0.2750,1.0000,8,8,8,0,0,8,8,0.0000
4,120.0000,26,22,1003.4028,-88.8892,-0.3488,3,0.0750,1.0000,4,6,6,0,0,6,6,0.0000
4,120.0000,26,23,470.4182,-82.7165,-0.6412,17,0.4250,0.7500,8,8,8,0,0,8,8,0.0000
4,120.0000,26,29,260.4173,-77.6299,-0.4646,33,0.8250,0.5000,6,4,0,0,0,4,0,1.0000
4,120.0000,26,34,592.5854,-84.6544,0.2395,9,0.2250,0.8571,7,7,6,0,0,7,6,0.1429
4,120.0000,26,38,523.3905,-82.2610,-0.7273,16,0.4000,0.8571,7,8,8,0,0,8,8,0.0000
4,120.0000,26,41,322.3651,-78.1328,-0.9520,30,0.7500,0.5714,7,6,3,0,0,6,3,0.5000
4,120.0000,26,43,825.6957,-87.1189,0.0338,11,0.2750,1.0000,8,8,7,0,0,8,7,0.1250
4,120.0000,26,47,345.1734,-79.7494,-0.9370,30,0.7500,0.0000,4,6,3,0,0,6,3,0.5000
4,120.0000,27,1,467.6840,-83.0904,0.2386,18,0.4500,0.3333,6,8,8,0,0,8,8,0.0000
4,120.0000,27,2,864.5776,-87.5830,-0.0652,14,0.3500,1.0000,8,6,6,0,0,6,6,0.0000
4,120.0000,27,3,509.7889,-84.7778,1.0277,16,0.4000,0.8750,8,8,8,0,0,8,8,0.0000
4,120.0000,27,4,545.7159,-83.4969,-0.7878,23,0.5750,0.7500,8,8,8,0,0,8,8,0.0000
4,120.0000,27,5,855.8975,-87.8991,0.0775,9,0.2250,1.0000,8,8,8,0,0,8,8,0.0000
4,120.0000,27,6,652.7966,-86.5701,0.0562,14,0.3500,1.0000,8,7,6,0,0,7,6,0.1429
4,120.0000,27,8,306.4434,-77.6775,-0.3249,31,0.7750,0.2000,5,7,6,0,0,7,6,0.1429
4,120.0000,27,9,693.9056,-85.9829,0.6657,17,0.4250,0.7143,7,7,5,0,0,7,5,0.2857
4,120.0000,27,11,878.7375,-87.1906,-0.4257,15,0.3750,1.0000,6,8,7,0,0,8,7,0.1250
4,120.0000,27,12,848.2605,-88.3003,0.1072,9,0.2250,1.0000,4,4,4,0,0,4,4,0.0000
4,120.0000,27,13,504.3671,-83.6614,0.0098,25,0.6250,1.0000,8,7,6,0,0,7,6,0.1429
4,120.0000,27,14,416.1659,-83.2547,0.2896,21,0.5250,0.6667,6,6,3,0,0,6,3,0.5000
4,120.0000,27,15,433.9085,-81.4651,0.1360,24,0.6000,0.6667,6,7,5,0,0,7,5,0.2857
4,120.0000,27,17,712.2334,-86.9697,-0.1777,15,0.3750,1.0000,8,8,8,0,0,8,8,0.0000
4,120.0000,27,18,733.1833,-86.4064,-0.0189,13,0.3250,1.0000,8,6,6,0,0,6,6,0.0000
4,120.0000,27,19,603.7563,-85.1729,0.2541,18,0.4500,1.0000,8,10,9,0,0,10,9,0.1000
4,120.0000,27,20,322.8303,-80.5441,0.0685,30,0.7500,0.8750,8,6,4,0,0,6,4,0.3333
4,120.0000,27,21,372.9044,-80.4460,-0.6709,26,0.6500,0.7143,7,6,3,0,0,6,3,0.5000
4,120.0000,27,22,940.0258,-89.3293,-0.1808,6,0.1500,1.0000,6,4,4,0,0,4,4,0.0000
4,120.0000,27,23,876.9389,-88.5874,0.6486,7,0.1750,1.0000,4,8,8,0,0,8,8,0.0000
4,120.0000,27,24,246.2625,-76.9470,0.1273,34,0.8500,0.2000,5,7,6,0,0,7,6,0.1429
4,120.0000,27,25,479.1683,-83.4829,0.2902,22,0.5500,0.8750,8,7,5,0,0,7,5,0.2857
4,120.0000,27,31,334.0452,-81.8647,1.5277,24,0.6000,0.7143,7,5,2,0,0,5,2,0.6000
4,120.0000,27,32,726.7114,-86.6350,-0.4462,18,0.4500,1.0000,8,7,6,0,0,7,6,0.1429
4,120.0000,27,33,542.3252,-82.4339,-0.4004,22,0.5500,0.8571,7,7,4,0,0,7,4,0.4286
4,120.0000,27,34,662.6705,-86.2587,0.4357,14,0.3500,0.8750,8,8,6,0,0,8,6,0.2500
4,120.0000,27,36,375.3160,-80.4865,-0.8486,24,0.6000,0.5000,6,7,6,0,0,7,6,0.1429
4,120.0000,27,37,688.4479,-87.0592,0.8388,8,0.2000,1.0000,6,8,8,0,0,8,8,0.0000
4,120.0000,27,38,786.1537,-87.5938,-0.4156,8,0.2000,1.0000,4,8,8,0,0,8,8,0.0000
4,120.0000,27,39,951.1010,-87.5652,-0.4056,4,0.1000,,0,4,4,0,0,4,4,0.0000
4,120.0000,27,40,375.3791,-82.1377,1.0531,23,0.5750,0.7500,8,5,1,0,0,5,1,0.8000
4,120.0000,27,41,917.8895,-88.2886,0.1315,8,0.2000,,0,2,2,0,0,2,2,0.0000
4,120.0000,27,42,321.3768,-80.5574,0.0011,29,0.7250,0.2000,5,7,4,0,0,7,4,0.4286
4,120.0000,27,45,323.7104,-80.0976,0.6849,29,0.7250,0.3333,6,6,4,0,0,6,4,0.3333
4,120.0000,27,46,620.7837,-84.7771,0.0604,22,0.5500,1.0000,8,8,7,0,0,8,7,0.1250
4,120.0000,27,47,1087.3877,-89.1394,-0.0472,3,0.0750,1.0000,4,2,2,0,0,2,2,0.0000
4,120.0000,28,2,620.1682,-83.2168,0.9611,10,0.2500,0.8750,8,8,8,0,0,8,8,0.0000
4,120.0000,28,4,635.5392,-84.0334,0.1233,5,0.1250,0.9000,10,8,8,0,0,8,8,0.0000
4,120.0000,28,9,470.1781,-81.8569,0.2192,17,0.4250,1.0000,8,7,6,0,0,7,6,0.1429
4,120.0000,28,11,804.4286,-85.1230,-1.8574,4,0.1000,0.8571,7,8,8,0,0,8,8,0.0000
4,120.0000,28,13,1045.3612,-86.9821,0.0357,3,0.0750,1.0000,6,6,6,0,0,6,6,0.0000
4,120.0000,28,15,830.6672,-86.0927,0.4096,4,0.1000,1.0000,8,8,8,0,0,8,8,0.0000
4,120.0000,28,18,513.7737,-82.3377,0.1890,18,0.4500,0.8750,8,8,7,0,0,8,7,0.1250
4,120.0000,28,25,935.5202,-86.2543,-0.1409,6,0.1500,1.0000,8,6,6,0,0,6,6,0.0000
4,120.0000,28,30,303.0426,-80.3039,-0.1343,27,0.6750,0.7500,8,6,4,0,0,6,4,0.3333
4,120.0000,28,32,455.3725,-80.4573,-0.5221,16,0.4000,0.8571,7,8,8,0,0,8,8,0.0000
4,120.0000,28,35,177.6427,-75.4247,1.1510,36,0.9000,0.0000,4,4,0,0,0,4,0,1.0000
4,120.0000,28,39,733.1666,-85.9038,-1.1142,8,0.2000,0.8571,7,8,8,0,0,8,8,0.0000
4,120.0000,28,44,53.2160,-62.5577,-0.1778,35,0.8750,0.2000,5,5,1,0,0,5,1,0.8000
4,120.0000,28,45,838.3097,-86.5657,0.8542,4,0.1000,1.0000,8,8,8,0,0,8,8,0.0000
4,120.0000,29,0,669.5959,-85.5931,-0.7627,8,0.2000,1.0000,8,7,6,0,0,7,6,0.1429
4,120.0000,29,3,760.3644,-87.1731,0.0301,6,0.1500,0.9643,28,7,6,70,70,77,76,0.0130
4,120.0000,29,6,832.9409,-87.9058,0.2975,4,0.1000,1.0000,8,8,7,0,0,8,7,0.1250
4,120.0000,29,7,506.7559,-82.3164,-1.2747,19,0.4750,0.7143,7,8,8,0,0,8,8,0.0000
4,120.0000,29,10,220.5081,-78.3099,1.1917,37,0.9250,0.4000,5,4,0,0,0,4,0,1.0000
4,120.0000,29,12,450.1569,-82.2565,0.4981,21,0.5250,0.5000,6,6,3,0,0,6,3,0.5000
4,120.0000,29,16,502.4782,-82.9790,0.2703,17,0.4250,0.5714,7,7,5,0,0,7,5,0.2857
4,120.0000,29,22,866.7554,-88.1489,-0.7388,4,0.1000,1.0000,8,4,4,0,0,4,4,0.0000
4,120.0000,29,23,535.4014,-84.1222,-1.3187,11,0.2750,0.4000,5,8,7,0,0,8,7,0.1250
4,120.0000,29,26,260.4173,-77.8182,-0.5494,36,0.9000,0.3333,6,4,0,0,0,4,0,1.0000
4,120.0000,29,34,615.3390,-85.3817,-0.1679,11,0.2750,1.0000,8,8,8,0,0,8,8,0.0000
4,120.0000,29,37,822.8671,-87.0393,0.3483,8,0.2000,1.0000,8,8,8,0,0,8,8,0.0000
4,120.0000,29,38,442.2636,-81.4214,-0.4202,19,0.4750,0.4000,5,8,7,0,0,8,7,0.1250
4,120.0000,29,41,400.2549,-81.1012,-0.6321,22,0.5500,0.5000,6,7,6,0,0,7,6,0.1429
4,120.0000,29,43,656.9072,-85.5580,-0.7477,18,0.4500,0.8571,7,6,4,0,0,6,4,0.3333
4,120.0000,29,47,174.2490,-72.2476,-0.4819,35,0.8750,0.0000,4,5,2,0,0,5,2,0.6000
4,120.0000,30,2,688.3134,-85.3196,0.2034,15,0.3750,1.0000,6,9,8,0,0,9,8,0.1111
4,120.0000,30,4,461.8615,-84.1625,0.2244,12,0.3000,1.0000,8,8,8,0,0,8,8,0.0000
4,120.0000,30,8,952.5367,-86.6440,1.8532,4,0.1000,1.0000,8,8,8,0,0,8,8,0.0000
4,120.0000,30,9,379.0687,-81.8653,0.0789,18,0.4500,0.7143,7,6,3,0,0,6,3,0.5000
4,120.0000,30,17,906.6411,-87.7648,2.6529,3,0.0750,1.0000,6,8,8,0,0,8,8,0.0000
4,120.0000,30,18,533.9390,-83.4853,-0.1327,14,0.3500,1.0000,8,8,8,0,0,8,8,0.0000
4,120.0000,30,20,681.2750,-85.6213,-0.3809,7,0.1750,1.0000,8,8,8,0,0,8,8,0.0000
4,120.0000,30,21,702.1834,-86.6917,-0.7696,6,0.1500,1.0000,8,8,8,0,0,8,8,0.0000
4,120.0000,30,25,896.2796,-88.1177,1.0394,5,0.1250,1.0000,8,8,8,0,0,8,8,0.0000
4,120.0000,30,28,303.0426,-78.8825,0.4794,29,0.7250,0.7143,7,3,0,0,0,3,0,1.0000
4,120.0000,30,32,244.5174,-74.9210,-0.7724,31,0.7750,0.4000,5,8,5,0,0,8,5,0.3750
4,120.0000,30,33,743.9458,-84.2720,0.4124,6,0.1500,0.8571,7,8,8,0,0,8,8,0.0000
4,120.0000,30,35,348.6673,-81.5234,0.1531,35,0.8750,0.5000,6,4,0,0,0,4,0,1.0000
4,120.0000,30,39,858.1417,-86.7140,-1.0824,8,0.2000,1.0000,8,2,2,0,0,2,2,0.0000
4,120.0000,30,40,972.0887,-86.5652,0.3096,3,0.0750,1.0000,8,8,8,0,0,8,8,0.0000
4,120.0000,30,44,319.8351,-80.1998,0.2996,33,0.8250,0.8571,7,6,2,0,0,6,2,0.6667
4,120.0000,30,45,681.4619,-85.9598,-1.3887,8,0.2000,1.0000,8,8,8,0,0,8,8,0.0000
4,120.0000,31,1,690.2459,-86.8683,0.4624,8,0.2000,1.0000,8,6,5,0,0,6,5,0.1667
4,120.0000,31,2,948.5124,-88.1581,0.2838,4,0.1000,1.0000,8,4,4,0,0,4,4,0.0000
4,120.0000,31,3,556.9071,-85.1102,0.4578,12,0.3000,0.8571,7,8,8,0,0,8,8,0.0000
4,120.0000,31,4,789.6778,-87.1673,-0.4073,7,0.1750,0.8571,7,8,8,0,0,8,8,0.0000
4,120.0000,31,5,983.5557,-88.5144,-0.0567,3,0.0750,1.0000,6,6,6,0,0,6,6,0.0000
4,120.0000,31,6,725.9050,-87.2928,-0.8592,8,0.2000,1.0000,8,7,6,0,0,7,6,0.1429
4,120.0000,31,7,934.2700,-87.5285,-0.4695,6,0.1500,,0,4,4,0,0,4,4,0.0000
4,120.0000,31,8,376.3453,-81.2341,-0.0853,17,0.4250,0.6667,6,6,4,0,0,6,4,0.3333
4,120.0000,31,9,887.3282,-88.6873,-0.7588,3,0.0750,1.0000,2,8,7,0,0,8,7,0.1250
4,120.0000,31,11,839.2609,-88.0223,0.4084,7,0.1750,1.0000,6,6,5,0,0,6,5,0.1667
4,120.0000,31,12,697.2991,-85.3962,-0.8703,11,0.2750,1.0000,6,7,7,0,0,7,7,0.0000
4,120.0000,31,13,375.2652,-81.2897,-0.1414,22,0.5500,0.9008,131,7,6,140,127,147,133,0.0952
4,120.0000,31,14,142.2948,-71.7003,-0.0786,38,0.9500,0.0000,4,6,2,0,0,6,2,0.6667
4,120.0000,31,15,486.4789,-82.9544,-0.7297,15,0.3750,0.8750,8,8,8,0,0,8,8,0.0000
4,120.0000,31,17,718.3182,-86.1168,0.2076,12,0.3000,1.0000,22,8,8,0,0,8,8,0.0000
4,120.0000,31,18,828.7706,-87.5955,-0.7340,4,0.1000,0.8750,8,6,6,0,0,6,6,0.0000
4,120.0000,31,19,828.2493,-87.3379,0.0312,6,0.1500,0.8571,7,8,8,0,0,8,8,0.0000
4,120.0000,31,20,615.2689,-86.5064,0.8026,10,0.2500,1.0000,8,6,5,0,0,6,5,0.1667
4,120.0000,31,21,701.2816,-86.3239,0.0993,10,0.2500,1.0000,8,8,8,0,0,8,8,0.0000
4,120.0000,31,22,1076.7743,-89.7125,0.1347,3,0.0750,,0,4,4,0,0,4,4,0.0000
4,120.0000,31,23,800.1771,-87.5870,0.6872,6,0.1500,1.0000,8,8,8,0,0,8,8,0.0000
4,120.0000,31,24,454.0052,-81.9259,-0.1694,17,0.4250,0.8750,8,7,6,0,0,7,6,0.1429
4,120.0000,31,25,435.9389,-83.8584,-0.4947,14,0.3500,0.8333,6,6,4,0,0,6,4,0.3333
4,120.0000,31,27,334.0452,-81.5912,0.6543,18,0.4500,0.8571,7,5,1,0,0,5,1,0.8000
4,120.0000,31,32,958.1857,-87.2554,-0.1399,4,0.1000,1.0000,8,8,8,0,0,8,8,0.0000
4,120.0000,31,33,851.9594,-88.0127,-0.0796,8,0.2000,1.0000,8,6,6,0,0,6,6,0.0000
4,120.0000,31,34,478.6492,-82.0658,-1.0998,18,0.4500,0.7143,7,8,8,0,0,8,8,0.0000
4,120.0000,31,36,499.2601,-82.3607,-0.5196,19,0.4750,0.7143,7,7,6,0,0,7,6,0.1429
4,120.0000,31,37,787.3345,-88.4120,-0.2108,5,0.1250,1.0000,6,8,8,0,0,8,8,0.0000
4,120.0000,31,38,716.7177,-86.5344,1.3655,7,0.1750,0.8750,8,7,6,0,0,7,6,0.1429
4,120.0000,31,40,383.0015,-81.3462,0.4991,17,0.4250,0.7778,9,6,4,0,0,6,4,0.3333
4,120.0000,31,41,779.2305,-87.0558,1.1255,7,0.1750,1.0000,8,8,8,0,0,8,8,0.0000
4,120.0000,31,42,290.4099,-77.8592,0.3860,28,0.7000,0.5000,6,8,6,0,0,8,6,0.2500
4,120.0000,31,45,561.1700,-85.5950,-0.3077,14,0.3500,1.0000,8,8,8,0,0,8,8,0.0000
4,120.0000,31,46,505.5681,-81.5900,-1.3337,19,0.4750,0.5714,7,8,8,0,0,8,8,0.0000
4,120.0000,31,47,997.5366,-87.9965,-9.0281,3,0.0750,1.0000,6,6,6,0,0,6,6,0.0000
4,120.0000,32,1,795.4904,-86.9333,0.0122,3,0.0750,1.0000,6,8,8,0,0,8,8,0.0000
4,120.0000,32,2,628.2361,-83.6390,-1.1882,14,0.3500,0.4000,5,8,6,0,0,8,6,0.2500
4,120.0000,32,4,291.5774,-79.7793,0.2238,21,0.5250,0.5714,7,5,1,0,0,5,1,0.8000
4,120.0000,32,8,746.9692,-85.5346,-0.5328,6,0.1500,0.8571,7,6,6,0,0,6,6,0.0000
4,120.0000,32,9,264.7203,-77.1833,-0.3540,35,0.8750,0.3333,6,6,3,0,0,6,3,0.5000
4,120.0000,32,11,787.3560,-86.0921,-0.2099,8,0.2000,1.0000,8,8,8,0,0,8,8,0.0000
4,120.0000,32,13,800.9055,-87.7581,-0.3927,6,0.1500,1.0000,8,8,8,0,0,8,8,0.0000
4,120.0000,32,14,942.8046,-88.7592,-0.2671,4,0.1000,1.0000,8,6,6,0,0,6,6,0.0000
4,120.0000,32,15,541.2369,-84.6457,0.3463,7,0.1750,0.6667,6,8,8,0,0,8,8,0.0000
4,120.0000,32,17,773.6110,-87.6158,0.5415,4,0.1000,1.0000,6,8,8,0,0,8,8,0.0000
4,120.0000,32,18,391.3209,-81.5417,0.1447,19,0.4750,0.5000,6,6,3,0,0,6,3,0.5000
4,120.0000,32,19,867.1288,-87.6623,-0.7959,3,0.0750,0.8333,6,4,4,0,0,4,4,0.0000
4,120.0000,32,20,450.8179,-83.3507,0.8880,10,0.2500,0.8571,7,7,6,0,0,7,6,0.1429
4,120.0000,32,21,507.8871,-83.4218,-0.0984,14,0.3500,0.8571,7,8,8,0,0,8,8,0.0000
4,120.0000,32,24,650.7021,-86.0140,0.1585,8,0.2000,1.0000,8,8,6,0,0,8,6,0.2500
4,120.0000,32,25,692.2106,-85.9165,0.5275,8,0.2000,0.8750,8,8,8,0,0,8,8,0.0000
4,120.0000,32,27,726.7114,-86.2772,-0.2605,7,0.1750,1.0000,10,8,8,0,0,8,8,0.0000
4,120.0000,32,28,455.3725,-81.5820,-0.9116,27,0.6750,0.8571,7,7,6,0,0,7,6,0.1429
4,120.0000,32,30,244.5174,-76.2217,-0.5544,38,0.9500,0.0000,3,7,3,0,0,7,3,0.5714
4,120.0000,32,31,958.1857,-88.3767,-0.3864,4,0.1000,1.0000,8,2,2,0,0,2,2,0.0000
4,120.0000,32,33,566.3188,-84.8652,-0.4596,6,0.1500,0.7143,7,8,8,0,0,8,8,0.0000
4,120.0000,32,35,486.6838,-82.7440,-0.2915,28,0.7000,0.4000,5,8,7,0,0,8,7,0.1250
4,120.0000,32,36,905.8620,-88.3009,-0.0800,3,0.0750,1.0000,8,7,6,0,0,7,6,0.1429
4,120.0000,32,39,776.9342,-86.5927,0.4346,9,0.2250,1.0000,8,6,6,0,0,6,6,0.0000
4,120.0000,32,40,771.0114,-86.1953,0.8616,3,0.0750,1.0000,8,8,8,0,0,8,8,0.0000
4,120.0000,32,42,816.3982,-87.4501,1.1519,4,0.1000,1.0000,8,8,8,0,0,8,8,0.0000
4,120.0000,32,44,460.5856,-81.0136,-1.1596,32,0.8000,0.2000,5,7,5,0,0,7,5,0.2857
4,120.0000,32,45,471.2119,-83.1959,-0.5295,11,0.2750,1.0000,8,8,8,0,0,8,8,0.0000
4,120.0000,32,46,831.1005,-87.8127,0.2757,3,0.0750,1.0000,8,8,8,0,0,8,8,0.0000
4,120.0000,33,1,342.5289,-78.7799,-0.7444,26,0.6500,0.6667,6,7,6,0,0,7,6,0.1429
4,120.0000,33,3,748.7103,-88.0392,-0.4912,5,0.1250,1.0000,8,4,4,0,0,4,4,0.0000
4,120.0000,33,4,555.0619,-84.1280,-0.3060,12,0.3000,1.0000,6,8,8,0,0,8,8,0.0000
4,120.0000,33,5,790.1926,-87.0777,0.8090,5,0.1250,1.0000,6,8,8,0,0,8,8,0.0000
4,120.0000,33,6,714.9281,-87.0347,-0.5021,6,0.1500,1.0000,8,7,6,0,0,7,6,0.1429
4,120.0000,33,8,765.2483,-85.0046,-0.4368,6,0.1500,1.0000,8,8,8,0,0,8,8,0.0000
4,120.0000,33,9,712.5632,-86.3254,0.2501,8,0.2000,1.0000,8,7,6,0,0,7,6,0.1429
4,120.0000,33,13,932.5839,-88.0347,0.5240,6,0.1500,1.0000,8,8,8,0,0,8,8,0.0000
4,120.0000,33,14,896.8420,-87.4896,0.0025,4,0.1000,1.0000,6,6,6,0,0,6,6,0.0000
4,120.0000,33,15,719.9707,-85.9448,-0.2326,5,0.1250,1.0000,8,7,6,0,0,7,6,0.1429
4,120.0000,33,17,1053.7966,-89.0267,0.1271,4,0.1000,1.0000,8,2,2,0,0,2,2,0.0000
4,120.0000,33,18,830.6543,-86.9424,0.3238,4,0.1000,1.0000,8,8,8,0,0,8,8,0.0000
4,120.0000,33,19,365.1615,-80.2268,0.2047,22,0.5500,0.4286,7,7,6,0,0,7,6,0.1429
4,120.0000,33,20,295.5904,-76.8099,-1.5544,29,0.7250,0.3333,6,7,5,0,0,7,5,0.2857
4,120.0000,33,21,286.6515,-78.1283,0.3926,26,0.6500,0.0000,4,6,3,0,0,6,3,0.5000
4,120.0000,33,22,925.9626,-87.5034,-0.6052,4,0.1000,1.0000,6,6,6,0,0,6,6,0.0000
4,120.0000,33,24,429.3423,-83.0167,-0.3109,11,0.2750,0.8571,7,8,8,0,0,8,8,0.0000
4,120.0000,33,25,864.9225,-87.3797,-0.9569,4,0.1000,0.8000,5,8,8,0,0,8,8,0.0000
4,120.0000,33,27,542.3252,-83.8680,-1.1003,11,0.2750,1.0000,6,10,10,0,0,10,10,0.0000
4,120.0000,33,28,1014.4846,-88.4923,-0.0246,4,0.1000,,0,4,4,0,0,4,4,0.0000
4,120.0000,33,30,743.9458,-87.0020,0.8186,12,0.3000,0.8750,8,8,8,0,0,8,8,0.0000
4,120.0000,33,31,851.9594,-86.9890,-0.1758,5,0.1250,1.0000,8,8,8,0,0,8,8,0.0000
4,120.0000,33,32,566.3188,-85.7034,0.3673,11,0.2750,0.8571,7,7,6,0,0,7,6,0.1429
4,120.0000,33,36,539.8716,-83.0889,-1.1240,12,0.3000,0.8571,7,6,3,0,0,6,3,0.5000
4,120.0000,33,37,720.1618,-85.9956,-0.4540,8,0.2000,0.8333,6,8,8,0,0,8,8,0.0000
4,120.0000,33,40,834.8892,-87.3722,-0.6301,4,0.1000,0.8571,7,8,8,0,0,8,8,0.0000
4,120.0000,33,42,822.7617,-87.1897,0.7108,7,0.1750,1.0000,6,8,8,0,0,8,8,0.0000
4,120.0000,33,45,539.4536,-84.0995,0.4428,13,0.3250,0.8750,8,8,8,0,0,8,8,0.0000
4,120.0000,33,46,1033.7326,-88.4316,0.2245,5,0.1250,,0,6,6,0,0,6,6,0.0000
4,120.0000,34,1,803.1800,-86.7838,-0.4631,3,0.0750,1.0000,8,8,7,0,0,8,7,0.1250
4,120.0000,34,3,400.9933,-81.8539,0.7210,17,0.4250,1.0000,8,7,6,0,0,7,6,0.1429
4,120.0000,34,5,806.6567,-87.7352,-0.9511,5,0.1250,1.0000,4,8,8,0,0,8,8,0.0000
4,120.0000,34,6,597.3577,-85.3418,1.0841,8,0.2000,0.8750,8,7,5,0,0,7,5,0.2857
4,120.0000,34,7,591.4103,-85.1908,0.5476,10,0.2500,0.8571,7,6,4,0,0,6,4,0.3333
4,120.0000,34,8,807.7942,-86.7509,-1.9012,3,0.0750,0.8571,7,8,7,0,0,8,7,0.1250
4,120.0000,34,10,781.3926,-87.2904,-0.4686,8,0.2000,1.0000,2,6,6,0,0,6,6,0.0000
4,120.0000,34,12,243.5825,-78.3279,0.6610,31,0.7750,0.0000,4,4,0,0,0,4,0,1.0000
4,120.0000,34,13,840.5018,-87.3883,-0.1821,4,0.1000,1.0000,8,6,6,0,0,6,6,0.0000
4,120.0000,34,14,554.1463,-81.8698,-0.6413,9,0.2250,0.8750,8,8,7,0,0,8,7,0.1250
4,120.0000,34,16,902.7196,-87.9086,-0.2742,5,0.1250,1.0000,4,6,5,0,0,6,5,0.1667
4,120.0000,34,20,943.0012,-88.3949,0.7929,3,0.0750,1.0000,6,8,8,0,0,8,8,0.0000
4,120.0000,34,22,856.4396,-88.2290,-0.2554,5,0.1250,1.0000,2,6,6,0,0,6,6,0.0000
4,120.0000,34,23,426.0060,-82.2334,0.5941,20,0.5000,0.8750,8,6,3,0,0,6,3,0.5000
4,120.0000,34,24,732.8551,-83.8416,-0.4272,5,0.1250,0.8571,7,8,8,0,0,8,8,0.0000
4,120.0000,34,26,592.5854,-84.7537,1.1837,14,0.3500,0.8571,7,7,6,0,0,7,6,0.1429
4,120.0000,34,27,662.6705,-84.7452,-0.3631,4,0.1000,1.0000,8,6,6,0,0,6,6,0.0000
4,120.0000,34,29,615.3390,-84.9854,1.0288,10,0.2500,0.8750,8,7,6,0,0,7,6,0.1429
4,120.0000,34,31,478.6492,-81.3949,-0.5458,12,0.3000,0.8750,8,8,8,0,0,8,8,0.0000
4,120.0000,34,36,567.9527,-82.9441,-0.1664,8,0.2000,0.8750,8,8,8,0,0,8,8,0.0000
4,120.0000,34,37,634.2629,-86.6847,0.8685,6,0.1500,0.8750,8,8,8,0,0,8,8,0.0000
4,120.0000,34,38,307.9829,-80.3905,-0.1201,22,0.5500,0.6667,6,6,4,0,0,6,4,0.3333
4,120.0000,34,41,327.6101,-80.8273,0.3688,24,0.6000,0.5000,6,7,5,0,0,7,5,0.2857
4,120.0000,34,42,735.2398,-86.3751,-1.6353,4,0.1000,1.0000,8,8,8,0,0,8,8,0.0000
4,120.0000,34,47,537.7369,-85.7135,0.2422,12,0.3000,1.0000,8,8,8,0,0,8,8,0.0000
4,120.0000,35,2,759.1111,-85.2826,-0.9698,7,0.1750,1.0000,8,8,8,0,0,8,8,0.0000
4,120.0000,35,9,575.6006,-84.4344,0.3175,10,0.2500,0.6667,6,6,4,0,0,6,4,0.3333
4,120.0000,35,11,886.1941,-87.2703,1.3958,4,0.1000,1.0000,8,8,8,0,0,8,8,0.0000
4,120.0000,35,18,556.2381,-83.0290,-0.0512,8,0.2000,0.7500,8,7,6,0,0,7,6,0.1429
4,120.0000,35,21,994.1944,-87.9250,0.1055,3,0.0750,1.0000,8,8,8,0,0,8,8,0.0000
4,120.0000,35,28,177.6427,-76.7478,0.9476,34,0.8500,0.0000,4,5,1,0,0,5,1,0.8000
4,120.0000,35,30,348.6673,-79.8537,0.2289,25,0.6250,0.5000,6,4,0,0,0,4,0,1.0000
4,120.0000,35,32,486.6838,-83.4340,-0.0336,12,0.3000,1.0000,8,7,6,0,0,7,6,0.1429
4,120.0000,35,39,833.8257,-87.1980,0.3542,5,0.1250,0.6667,3,8,8,0,0,8,8,0.0000
4,120.0000,35,44,227.4933,-78.0333,0.9837,32,0.8000,0.5000,6,5,1,0,0,5,1,0.8000
4,120.0000,36,0,962.3418,-87.4692,0.3674,5,0.1220,,0,4,4,0,0,4,4,0.0000
4,120.0000,36,1,239.6600,-78.7920,0.0835,32,0.7805,0.0000,4,4,0,0,0,4,0,1.0000
4,120.0000,36,3,286.0977,-79.5513,0.3244,22,0.5366,0.7143,7,6,2,0,0,6,2,0.6667
4,120.0000,36,4,822.3145,-86.1885,-1.0858,9,0.2195,1.0000,8,8,8,0,0,8,8,0.0000
4,120.0000,36,5,530.7060,-84.2668,-0.0220,17,0.4146,0.8571,7,7,6,0,0,7,6,0.1429
4,120.0000,36,6,286.6733,-80.7324,0.9374,22,0.5366,0.4000,5,5,1,0,0,5,1,0.8000
4,120.0000,36,7,625.1023,-84.8755,0.6204,9,0.2195,0.8571,7,8,8,0,0,8,8,0.0000
4,120.0000,36,8,671.9311,-84.5787,-1.0074,12,0.2927,0.6667,6,8,8,2,2,10,10,0.0000
4,120.0000,36,9,967.0248,-88.3019,0.2365,3,0.0732,1.0000,6,4,4,0,0,4,4,0.0000
4,120.0000,36,11,1160.8879,-88.9741,-0.2128,3,0.0732,1.0000,2,6,6,0,0,6,6,0.0000
4,120.0000,36,12,742.7707,-87.3384,-0.9561,9,0.2195,1.0000,4,4,4,0,0,4,4,0.0000
4,120.0000,36,13,753.2393,-87.5426,0.8715,8,0.1951,1.0000,8,6,6,0,0,6,6,0.0000
4,120.0000,36,14,554.4909,-84.3106,-0.0797,14,0.3415,0.8750,8,7,6,0,0,7,6,0.1429
4,120.0000,36,15,677.5156,-85.6946,-1.0716,15,0.3659,0.7143,7,8,8,0,0,8,8,0.0000
4,120.0000,36,17,1060.3587,-87.5322,-0.6326,3,0.0732,1.0000,2,4,4,0,0,4,4,0.0000
4,120.0000,36,19,353.6750,-80.9111,-0.5201,26,0.6341,0.5000,4,7,4,0,0,7,4,0.4286
4,120.0000,36,20,477.3924,-82.8700,-0.7337,12,0.2927,0.7143,7,8,8,0,0,8,8,0.0000
4,120.0000,36,21,567.0392,-84.9744,-0.0202,14,0.3415,1.0000,8,7,5,0,0,7,5,0.2857
4,120.0000,36,22,712.7363,-87.1978,0.2929,11,0.2683,1.0000,4,8,8,0,0,8,8,0.0000
4,120.0000,36,23,797.5631,-88.0115,-0.2821,10,0.2439,0.6667,6,8,8,0,0,8,8,0.0000
4,120.0000,36,24,270.9319,-73.7385,-2.0670,28,0.6829,0.2000,5,7,4,0,0,7,4,0.4286
4,120.0000,36,25,759.2772,-86.5513,-0.2310,9,0.2195,1.0000,8,8,7,0,0,8,7,0.1250
4,120.0000,36,26,1082.4603,-89.6051,0.6547,3,0.0732,1.0000,4,6,6,0,0,6,6,0.0000
4,120.0000,36,27,375.3160,-80.9999,-0.2301,17,0.4146,0.7500,8,5,4,0,0,5,4,0.2000
4,120.0000,36,28,1340.7106,-88.7065,-0.2815,3,0.0732,,0,4,4,0,0,4,4,0.0000
4,120.0000,36,29,997.3033,-89.5012,-0.4236,4,0.0976,,0,6,6,0,0,6,6,0.0000
4,120.0000,36,31,499.2601,-84.3399,-1.1789,13,0.3171,0.7500,8,7,6,0,0,7,6,0.1429
4,120.0000,36,32,905.8620,-88.4300,0.3819,6,0.1463,1.0000,10,2,2,0,0,2,2,0.0000
4,120.0000,36,33,539.8716,-83.3770,-1.8344,15,0.3659,0.7143,7,6,4,0,0,6,4,0.3333
4,120.0000,36,34,567.9527,-85.0703,0.1203,14,0.3415,0.8750,8,8,8,0,0,8,8,0.0000
4,120.0000,36,37,346.1854,-81.7282,0.8642,18,0.4390,0.8571,7,3,0,0,0,3,0,1.0000
4,120.0000,36,38,577.6249,-86.0209,0.4480,14,0.3415,0.8571,7,6,4,0,0,6,4,0.3333
4,120.0000,36,40,728.4972,-86.7111,-0.0372,8,0.1951,1.0000,8,8,8,0,0,8,8,0.0000
4,120.0000,36,41,804.1534,-88.1090,1.1874,6,0.1463,1.0000,6,2,2,0,0,2,2,0.0000
4,120.0000,36,42,657.9494,-85.6724,-1.0430,10,0.2439,0.8571,7,8,8,0,0,8,8,0.0000
4,120.0000,36,45,646.5659,-85.8031,0.6535,8,0.1951,0.8750,8,8,8,0,0,8,8,0.0000
4,120.0000,36,46,898.4801,-86.4673,-0.3006,7,0.1707,0.8750,8,4,4,0,0,4,4,0.0000
4,120.0000,36,47,863.1888,-86.6740,0.8259,5,0.1220,,0,8,8,0,0,8,8,0.0000
4,120.0000,37,0,636.6440,-84.0265,-0.7567,15,0.3750,1.0000,8,8,7,0,0,8,7,0.1250
4,120.0000,37,1,406.9961,-82.8242,0.5844,13,0.3250,0.8750,8,6,4,0,0,6,4,0.3333
4,120.0000,37,3,287.6552,-79.7903,0.4731,20,0.5000,0.2857,7,3,0,0,0,3,0,1.0000
4,120.0000,37,5,203.7078,-72.9202,-1.1544,34,0.8500,0.0000,3,5,2,0,0,5,2,0.6000
4,120.0000,37,6,116.7932,-71.0277,0.2834,33,0.8250,0.0000,4,4,0,0,0,4,0,1.0000
4,120.0000,37,7,353.4165,-80.9269,0.6063,24,0.6000,0.5714,7,7,4,0,0,7,4,0.4286
4,120.0000,37,10,862.7498,-86.3813,-0.0484,7,0.1750,1.0000,4,8,8,0,0,8,8,0.0000
4,120.0000,37,12,713.7524,-87.5125,-0.6322,5,0.1250,1.0000,8,8,8,0,0,8,8,0.0000
4,120.0000,37,16,718.2769,-86.2920,-0.6228,11,0.2750,1.0000,8,8,7,0,0,8,7,0.1250
4,120.0000,37,19,398.4133,-81.5063,0.5733,16,0.4000,0.0000,4,7,5,0,0,7,5,0.2857
4,120.0000,37,22,445.0150,-82.0994,-0.3200,19,0.4750,0.8571,7,9,8,0,0,9,8,0.1111
4,120.0000,37,23,731.5375,-85.9946,1.3631,9,0.2250,1.0000,6,8,8,0,0,8,8,0.0000
4,120.0000,37,24,605.9041,-86.3965,-0.4787,3,0.0750,1.0000,8,8,8,0,0,8,8,0.0000
4,120.0000,37,26,972.6594,-87.5010,0.5478,8,0.2000,1.0000,8,4,4,0,0,4,4,0.0000
4,120.0000,37,29,822.8671,-86.6908,0.5040,11,0.2750,1.0000,6,10,10,0,0,10,10,0.0000
4,120.0000,37,34,634.2629,-86.7077,-0.0866,8,0.2000,1.0000,8,8,7,0,0,8,7,0.1250
4,120.0000,37,36,346.1854,-81.8711,1.2855,10,0.2500,0.8571,7,5,1,0,0,5,1,0.8000
4,120.0000,37,38,463.8726,-83.1518,1.3745,19,0.4750,0.4000,5,7,6,0,0,7,6,0.1429
4,120.0000,37,41,744.7072,-85.4577,1.5300,6,0.1500,1.0000,8,6,6,0,0,6,6,0.0000
4,120.0000,37,43,746.0205,-86.1263,-0.9688,7,0.1750,1.0000,8,8,8,0,0,8,8,0.0000
4,120.0000,37,47,674.6060,-85.6891,-0.1731,12,0.3000,1.0000,6,8,8,0,0,8,8,0.0000
4,120.0000,38,0,638.9687,-84.6308,0.0610,14,0.3415,0.8750,8,6,4,0,0,6,4,0.3333
4,120.0000,38,1,770.8742,-87.1798,3.3706,3,0.0732,1.0000,8,6,6,0,0,6,6,0.0000
4,120.0000,38,3,322.0918,-81.0013,0.1105,16,0.3902,0.2000,5,7,6,0,0,7,6,0.1429
4,120.0000,38,5,583.0711,-85.7279,0.7886,10,0.2439,1.0000,8,8,7,0,0,8,7,0.1250
4,120.0000,38,6,472.7670,-83.0165,0.2691,11,0.2683,1.0000,8,7,6,0,0,7,6,0.1429
4,120.0000,38,7,326.0041,-78.6601,-0.4277,32,0.7805,0.0000,4,6,3,0,0,6,3,0.5000
4,120.0000,38,10,546.2829,-84.2755,0.4097,24,0.5854,0.8571,7,4,0,0,0,4,0,1.0000
4,120.0000,38,12,266.3201,-78.7419,0.4640,35,0.8537,0.4000,5,6,1,0,0,6,1,0.8333
4,120.0000,38,14,802.9906,-86.3783,1.5239,5,0.1220,1.0000,6,4,4,0,0,4,4,0.0000
4,120.0000,38,16,603.2226,-85.4379,0.3833,21,0.5122,0.7500,8,7,6,0,0,7,6,0.1429
4,120.0000,38,19,821.1102,-88.4037,-0.7329,3,0.0732,1.0000,4,8,7,0,0,8,7,0.1250
4,120.0000,38,22,600.8192,-85.5450,-0.0894,17,0.4146,1.0000,8,8,7,0,0,8,7,0.1250
4,120.0000,38,23,339.3210,-80.2407,-0.8282,32,0.7805,0.3333,6,6,2,0,0,6,2,0.6667
4,120.0000,38,24,818.0927,-86.7872,-1.2485,6,0.1463,1.0000,8,8,8,0,0,8,8,0.0000
4,120.0000,38,26,523.3905,-83.0219,-0.9500,30,0.7317,0.7500,8,7,6,0,0,7,6,0.1429
4,120.0000,38,29,442.2636,-81.5354,-1.1224,32,0.7805,0.5000,6,7,5,0,0,7,5,0.2857
4,120.0000,38,31,716.7177,-86.8421,1.6769,4,0.0976,0.8571,7,8,8,0,0,8,8,0.0000
4,120.0000,38,34,307.9829,-80.1396,0.1250,23,0.5610,0.6667,6,5,1,0,0,5,1,0.8000
4,120.0000,38,36,577.6249,-87.1535,1.1536,5,0.1220,0.7143,7,8,7,0,0,8,7,0.1250
4,120.0000,38,37,463.8726,-83.2675,-0.0510,13,0.3171,1.0000,8,7,6,0,0,7,6,0.1429
4,120.0000,38,41,286.2731,-77.6973,-0.4091,36,0.8780,0.0000,4,6,3,0,0,6,3,0.5000
4,120.0000,38,43,671.2514,-85.0490,-0.1393,15,0.3659,0.8571,7,8,8,0,0,8,8,0.0000
4,120.0000,38,47,301.7658,-79.0558,0.0520,35,0.8537,0.2000,5,7,5,0,0,7,5,0.2857
4,120.0000,39,2,281.8987,-79.6277,0.6801,21,0.5250,0.6667,6,5,1,0,0,5,1,0.8000
4,120.0000,39,9,568.2374,-83.0223,0.5917,6,0.1500,1.0000,8,8,8,0,0,8,8,0.0000
4,120.0000,39,11,139.3232,-73.8459,1.2731,30,0.7500,0.4000,5,4,0,0,0,4,0,1.0000
4,120.0000,39,13,586.6333,-85.0119,0.0037,4,0.1000,1.0000,8,7,6,0,0,7,6,0.1429
4,120.0000,39,17,356.6727,-81.0230,1.4985,13,0.3250,0.7143,7,6,3,0,0,6,3,0.5000
4,120.0000,39,18,443.9971,-81.3518,0.0722,8,0.2000,0.7143,7,7,6,0,0,7,6,0.1429
4,120.0000,39,25,517.7303,-83.9048,1.6514,5,0.1250,1.0000,8,8,7,0,0,8,7,0.1250
4,120.0000,39,28,733.1666,-85.3653,-1.1852,6,0.1500,0.8571,7,7,6,0,0,7,6,0.1429
4,120.0000,39,32,776.9342,-87.1940,1.3827,3,0.0750,1.0000,8,8,8,0,0,8,8,0.0000
4,120.0000,39,44,692.8515,-84.9162,-1.9830,7,0.1750,1.0000,8,8,8,0,0,8,8,0.0000
4,120.0000,39,46,464.9765,-84.1205,3.7308,6,0.1500,0.8571,7,6,4,0,0,6,4,0.3333
4,120.0000,40,1,829.7894,-87.1324,2.6882,4,0.1000,1.0000,8,8,8,0,0,8,8,0.0000
4,120.0000,40,2,607.0541,-83.9936,-0.1843,18,0.4500,0.8750,8,8,8,0,0,8,8,0.0000
4,120.0000,40,3,830.9133,-88.3885,-0.7978,3,0.0750,1.0000,8,6,5,0,0,6,5,0.1667
4,120.0000,40,4,538.4859,-83.0495,-0.5079,19,0.4750,1.0000,8,8,7,0,0,8,7,0.1250
4,120.0000,40,8,86.6190,-73.4267,2.5184,37,0.9250,0.2821,39,5,2,44,8,49,10,0.7959
4,120.0000,40,9,612.4825,-84.7366,-0.8476,14,0.3500,1.0000,8,6,3,0,0,6,3,0.5000
4,120.0000,40,11,599.0305,-85.2018,-1.1008,16,0.4000,0.8571,7,8,8,43,41,51,49,0.0392
4,120.0000,40,12,1019.3577,-88.0902,-0.1308,4,0.1000,1.0000,2,6,6,0,0,6,6,0.0000
4,120.0000,40,13,305.4607,-78.7066,0.1756,31,0.7750,0.6818,22,8,7,0,0,8,7,0.1250
4,120.0000,40,14,417.1743,-82.7920,0.5037,21,0.5250,0.8750,8,8,7,0,0,8,7,0.1250
4,120.0000,40,15,362.2386,-80.9633,-0.0333,27,0.6750,0.6667,6,7,6,0,0,7,6,0.1429
4,120.0000,40,17,370.3208,-79.6752,-1.1558,26,0.6500,0.7143,7,7,6,0,0,7,6,0.1429
4,120.0000,40,18,631.4375,-86.0319,-0.4836,13,0.3250,1.0000,8,7,6,0,0,7,6,0.1429
4,120.0000,40,20,558.0841,-85.3156,-0.0163,13,0.3250,0.7143,7,7,6,0,0,7,6,0.1429
4,120.0000,40,21,591.4598,-85.3095,0.9427,10,0.2500,0.8571,7,8,8,0,0,8,8,0.0000
4,120.0000,40,24,556.0964,-84.0362,0.4297,10,0.2500,0.5714,7,8,8,0,0,8,8,0.0000
4,120.0000,40,25,266.5645,-78.2796,0.0410,29,0.7250,0.2000,5,6,3,0,0,6,3,0.5000
4,120.0000,40,27,375.3791,-81.9407,-0.4474,19,0.4750,0.4000,5,5,1,67,54,72,55,0.2361
4,120.0000,40,30,972.0887,-87.4660,0.1923,5,0.1250,0.8750,8,6,6,0,0,6,6,0.0000
4,120.0000,40,31,383.0015,-83.0540,0.8865,15,0.3750,0.5714,7,7,5,0,0,7,5,0.2857
4,120.0000,40,32,771.0114,-86.3282,-0.1920,11,0.2750,1.0000,8,7,6,0,0,7,6,0.1429
4,120.0000,40,33,834.8892,-87.8122,-1.9296,6,0.1500,1.0000,8,4,4,0,0,4,4,0.0000
4,120.0000,40,34,832.7238,-87.2337,0.6441,6,0.1500,1.0000,4,8,7,0,0,8,7,0.1250
4,120.0000,40,36,728.4972,-85.3765,-1.1194,8,0.2000,1.0000,8,8,8,0,0,8,8,0.0000
4,120.0000,40,39,666.9048,-86.3563,0.3787,17,0.4250,1.0000,11,6,6,0,0,6,6,0.0000
4,120.0000,40,42,97.5091,-73.5063,2.0155,36,0.9000,0.4655,58,4,0,0,0,4,0,1.0000
4,120.0000,40,44,1029.7772,-88.4289,-0.2024,5,0.1250,0.8750,8,6,6,0,0,6,6,0.0000
4,120.0000,40,45,341.6710,-80.1887,-0.0602,24,0.6000,0.6250,8,7,5,0,0,7,5,0.2857
4,120.0000,40,46,337.9833,-79.1020,-0.9311,29,0.7250,0.2000,5,8,6,0,0,8,6,0.2500
4,120.0000,41,0,805.1257,-86.9140,0.4742,8,0.2000,1.0000,8,7,6,0,0,7,6,0.1429
4,120.0000,41,3,550.3861,-83.7567,0.5476,12,0.3000,0.9844,64,7,6,9,8,16,14,0.1250
4,120.0000,41,5,857.3671,-86.9772,-0.1038,6,0.1500,1.0000,8,8,8,0,0,8,8,0.0000
4,120.0000,41,6,751.6962,-86.7130,-0.4829,4,0.1000,0.8750,8,8,8,0,0,8,8,0.0000
4,120.0000,41,7,580.3671,-83.2410,-0.2606,21,0.5250,0.3333,6,8,7,0,0,8,7,0.1250
4,120.0000,41,10,535.2470,-83.8146,-0.0005,24,0.6000,0.7500,8,5,2,0,0,5,2,0.6000
4,120.0000,41,12,85.2761,-72.2376,2.3499,34,0.8500,0.2000,5,5,1,0,0,5,1,0.8000
4,120.0000,41,14,870.9610,-88.2108,2.0850,4,0.1000,1.0000,6,4,4,0,0,4,4,0.0000
4,120.0000,41,16,726.5555,-85.8144,-0.3410,11,0.2750,0.8571,7,6,4,0,0,6,4,0.3333
4,120.0000,41,22,805.0707,-87.3232,1.5585,6,0.1500,1.0000,8,8,8,0,0,8,8,0.0000
4,120.0000,41,23,205.1231,-75.1173,-0.2876,34,0.8500,0.2000,5,5,2,0,0,5,2,0.6000
4,120.0000,41,26,322.3651,-78.0163,-0.2965,35,0.8750,0.2000,5,6,4,0,0,6,4,0.3333
4,120.0000,41,29,400.2549,-80.8493,-0.0309,28,0.7000,0.7143,7,6,4,1,0,7,4,0.4286
4,120.0000,41,31,779.2305,-86.6600,0.1756,5,0.1250,1.0000,8,6,6,0,0,6,6,0.0000
4,120.0000,41,34,327.6101,-81.2127,0.7746,19,0.4750,0.3333,6,7,5,0,0,7,5,0.2857
4,120.0000,41,36,804.1534,-87.5474,1.2287,3,0.0750,1.0000,6,8,8,0,0,8,8,0.0000
4,120.0000,41,37,744.7072,-87.7376,0.1066,5,0.1250,1.0000,8,7,6,0,0,7,6,0.1429
4,120.0000,41,38,286.2731,-77.0475,-0.4040,32,0.8000,0.0000,4,7,5,0,0,7,5,0.2857
4,120.0000,41,43,785.6117,-87.0197,-0.3180,12,0.3000,1.0000,8,8,8,0,0,8,8,0.0000
4,120.0000,41,47,330.9047,-80.4806,-0.4684,30,0.7500,0.4000,5,6,4,0,0,6,4,0.3333
4,120.0000,42,1,780.6055,-86.8631,1.6263,5,0.1250,1.0000,6,6,6,0,0,6,6,0.0000
4,120.0000,42,2,699.9397,-85.6783,-0.1202,7,0.1750,0.8750,8,8,8,0,0,8,8,0.0000
4,120.0000,42,3,745.5128,-86.4440,-0.2347,4,0.1000,1.0000,8,4,4,0,0,4,4,0.0000
4,120.0000,42,4,593.5009,-85.5556,-0.4997,11,0.2750,1.0000,8,8,8,0,0,8,8,0.0000
4,120.0000,42,6,925.0800,-87.4891,1.9620,3,0.0750,1.0000,6,8,8,0,0,8,8,0.0000
4,120.0000,42,8,106.1024,-73.1043,1.6038,33,0.8250,0.2000,5,4,0,0,0,4,0,1.0000
4,120.0000,42,9,681.9598,-86.5244,-0.1510,7,0.1750,1.0000,8,8,8,0,0,8,8,0.0000
4,120.0000,42,11,667.0358,-86.7293,-1.2279,6,0.1500,0.8889,9,6,5,0,0,6,5,0.1667
4,120.0000,42,12,923.7405,-88.3797,1.2164,4,0.1000,1.0000,8,2,2,0,0,2,2,0.0000
4,120.0000,42,13,304.6082,-80.1580,0.3371,21,0.5250,0.4000,5,5,2,0,0,5,2,0.6000
4,120.0000,42,14,342.5196,-80.8780,-0.9400,20,0.5000,0.5000,6,7,5,0,0,7,5,0.2857
4,120.0000,42,15,383.3706,-81.4069,-1.5104,14,0.3500,0.7143,7,6,4,0,0,6,4,0.3333
4,120.0000,42,17,461.7879,-82.5886,0.4232,12,0.3000,0.8750,8,8,5,0,0,8,5,0.3750
4,120.0000,42,18,686.3074,-87.5779,-0.7288,7,0.1750,1.0000,8,8,8,0,0,8,8,0.0000
4,120.0000,42,19,920.0188,-88.1491,-0.2698,5,0.1250,1.0000,2,6,6,0,0,6,6,0.0000
4,120.0000,42,20,552.7027,-84.9230,-0.3482,8,0.2000,1.0000,8,7,6,0,0,7,6,0.1429
4,120.0000,42,21,594.6975,-84.5855,-0.6061,7,0.1750,0.8571,7,8,8,0,0,8,8,0.0000
4,120.0000,42,23,974.7040,-88.5113,-0.1503,5,0.1250,1.0000,4,8,8,0,0,8,8,0.0000
4,120.0000,42,24,512.2253,-83.5223,-1.8255,12,0.3000,0.6667,6,6,4,0,0,6,4,0.3333
4,120.0000,42,25,296.3395,-79.5263,0.3042,18,0.4500,0.6667,6,5,1,0,0,5,1,0.8000
4,120.0000,42,27,321.3768,-78.9336,-0.2953,15,0.3750,0.6078,51,8,6,55,42,63,48,0.2381
4,120.0000,42,31,290.4099,-77.8632,-0.4622,28,0.7000,0.2000,5,7,5,0,0,7,5,0.2857
4,120.0000,42,32,816.3982,-88.2140,-0.3963,4,0.1000,1.0000,8,6,6,0,0,6,6,0.0000
4,120.0000,42,33,822.7617,-87.4911,-0.5243,4,0.1000,1.0000,8,4,4,0,0,4,4,0.0000
4,120.0000,42,34,735.2398,-85.7819,-0.5638,4,0.1000,0.8571,7,7,6,0,0,7,6,0.1429
4,120.0000,42,36,657.9494,-85.1131,-0.6649,11,0.2750,1.0000,6,9,8,0,0,9,8,0.1111
4,120.0000,42,37,970.5481,-87.5803,-1.0287,3,0.0750,1.0000,4,4,4,0,0,4,4,0.0000
4,120.0000,42,38,950.1033,-87.8531,0.3626,4,0.1000,1.0000,2,8,8,0,0,8,8,0.0000
4,120.0000,42,39,746.0492,-88.0335,-5.6343,3,0.0750,1.0000,2,6,6,0,0,6,6,0.0000
4,120.0000,42,40,97.5091,-74.1200,2.1780,33,0.8250,0.4000,5,4,0,0,0,4,0,1.0000
4,120.0000,42,45,375.8397,-82.0235,-0.1829,15,0.3750,0.7143,7,8,7,0,0,8,7,0.1250
4,120.0000,42,46,372.1040,-80.7355,-0.8407,19,0.4750,0.5000,6,7,5,0,0,7,5,0.2857
4,120.0000,43,0,156.3747,-77.6441,1.9093,35,0.8750,0.2000,5,4,0,0,0,4,0,1.0000
4,120.0000,43,5,646.9747,-85.0698,1.5078,3,0.0750,0.8750,8,8,8,0,0,8,8,0.0000
4,120.0000,43,7,548.1174,-84.1173,-0.4970,14,0.3500,1.0000,8,7,6,0,0,7,6,0.1429
4,120.0000,43,10,490.9980,-83.0246,-0.2450,20,0.5000,0.8571,7,7,6,0,0,7,6,0.1429
4,120.0000,43,12,836.1707,-87.0226,1.0103,4,0.1000,1.0000,4,6,6,0,0,6,6,0.0000
4,120.0000,43,16,229.4117,-76.4290,-0.1559,33,0.8250,0.0000,4,4,0,0,0,4,0,1.0000
4,120.0000,43,22,468.7137,-83.4248,0.2985,16,0.4000,0.7143,7,8,7,0,0,8,7,0.1250
4,120.0000,43,23,730.5340,-85.2358,-0.5564,10,0.2500,1.0000,8,8,7,0,0,8,7,0.1250
4,120.0000,43,26,825.6957,-86.1625,-0.3763,8,0.2000,0.8571,7,6,6,0,0,6,6,0.0000
4,120.0000,43,29,656.9072,-84.9971,-0.3796,11,0.2750,1.0000,8,8,8,0,0,8,8,0.0000
4,120.0000,43,37,746.0205,-87.7778,0.9644,3,0.0750,1.0000,8,8,8,0,0,8,8,0.0000
4,120.0000,43,38,671.2514,-85.4908,0.2504,7,0.1750,1.0000,8,8,8,0,0,8,8,0.0000
4,120.0000,43,41,785.6117,-85.5732,-0.6328,4,0.1000,1.0000,8,8,8,0,0,8,8,0.0000
4,120.0000,43,47,545.0177,-84.1771,-0.1286,14,0.3500,0.8000,5,8,8,0,0,8,8,0.0000
4,120.0000,44,2,573.4133,-83.4863,-0.6020,12,0.3000,0.8571,7,7,6,0,0,7,6,0.1429
4,120.0000,44,4,617.5511,-85.1209,-0.5469,8,0.2000,1.0000,8,6,4,0,0,6,4,0.3333
4,120.0000,44,8,1036.6916,-88.1410,-1.8211,3,0.0750,1.0000,8,6,6,0,0,6,6,0.0000
4,120.0000,44,9,445.3252,-82.2381,-0.6244,15,0.3750,0.6667,6,8,7,0,0,8,7,0.1250
4,120.0000,44,11,769.4282,-86.7238,0.3762,9,0.2250,1.0000,8,8,8,0,0,8,8,0.0000
4,120.0000,44,18,498.3169,-82.2655,-1.3668,17,0.4250,0.8750,8,8,8,0,0,8,8,0.0000
4,120.0000,44,20,892.3404,-87.3261,-0.6263,4,0.1000,1.0000,8,8,8,0,0,8,8,0.0000
4,120.0000,44,28,53.2160,-62.3388,0.3924,38,0.9500,0.0000,4,5,1,0,0,5,1,0.8000
4,120.0000,44,30,319.8351,-79.4471,0.3895,25,0.6250,0.6667,6,6,3,0,0,6,3,0.5000
4,120.0000,44,32,460.5856,-80.8981,-0.5856,14,0.3500,0.7143,7,7,6,0,0,7,6,0.1429
4,120.0000,44,35,227.4933,-78.2506,1.2701,35,0.8750,0.7143,7,5,1,0,0,5,1,0.8000
4,120.0000,44,39,692.8515,-84.9342,-0.5749,9,0.2250,0.8571,7,7,6,0,0,7,6,0.1429
4,120.0000,44,45,819.3286,-85.5009,-0.0338,4,0.1000,0.8571,7,8,7,0,0,8,7,0.1250
4,120.0000,45,1,644.2408,-85.5806,0.3674,5,0.1250,0.8750,8,7,6,0,0,7,6,0.1429
4,120.0000,45,2,581.4196,-83.9841,-0.2913,19,0.4750,1.0000,8,7,5,0,0,7,5,0.2857
4,120.0000,45,3,824.2891,-88.2545,0.0338,3,0.0750,0.8571,7,8,8,0,0,8,8,0.0000
4,120.0000,45,4,235.6529,-74.4452,-1.3330,33,0.8250,0.3333,6,6,3,0,0,6,3,0.5000
4,120.0000,45,8,292.3487,-77.6694,-0.6976,24,0.6000,0.4000,5,6,4,0,0,6,4,0.3333
4,120.0000,45,9,380.0407,-80.9679,0.0278,31,0.7750,0.6667,6,7,6,0,0,7,6,0.1429
4,120.0000,45,11,691.9638,-84.8806,-0.4975,17,0.4250,0.5714,7,8,8,0,0,8,8,0.0000
4,120.0000,45,13,498.5054,-82.9978,-0.6955,12,0.3000,0.7143,7,8,8,0,0,8,8,0.0000
4,120.0000,45,14,592.7019,-85.3128,0.0513,6,0.1500,0.5714,7,6,3,0,0,6,3,0.5000
4,120.0000,45,15,324.6025,-80.3081,0.2343,22,0.5500,0.7143,7,5,1,0,0,5,1,0.8000
4,120.0000,45,17,518.2946,-83.6369,-0.2977,19,0.4750,0.8750,8,8,8,0,0,8,8,0.0000
4,120.0000,45,18,499.8344,-83.3146,0.3121,17,0.4250,0.8889,9,9,8,0,0,9,8,0.1111
4,120.0000,45,20,273.4809,-79.6891,0.7014,20,0.5000,0.7500,8,6,2,0,0,6,2,0.6667
4,120.0000,45,21,294.0302,-79.4882,0.4466,24,0.6000,0.4000,5,5,1,0,0,5,1,0.8000
4,120.0000,45,24,410.7533,-83.0745,0.3647,10,0.2500,0.8571,7,6,3,0,0,6,3,0.5000
4,120.0000,45,25,402.8910,-81.5416,-0.4685,21,0.5250,0.8571,7,6,4,0,0,6,4,0.3333
4,120.0000,45,27,323.7104,-80.1885,0.6008,15,0.3750,0.7500,12,4,0,0,0,4,0,1.0000
4,120.0000,45,28,838.3097,-87.1676,-0.4460,8,0.2000,0.8750,8,8,8,0,0,8,8,0.0000
4,120.0000,45,30,681.4619,-84.3638,0.2486,21,0.5250,1.0000,8,6,6,0,0,6,6,0.0000
4,120.0000,45,31,561.1700,-84.5197,-0.1809,8,0.2000,0.7500,8,8,8,0,0,8,8,0.0000
4,120.0000,45,32,471.2119,-82.5362,0.1762,19,0.4750,0.8571,7,5,2,0,0,5,2,0.6000
4,120.0000,45,33,539.4536,-83.4242,0.3499,17,0.4250,1.0000,8,7,6,0,0,7,6,0.1429
4,120.0000,45,35,913.1909,-87.2967,-0.5785,11,0.2750,1.0000,4,4,4,0,0,4,4,0.0000
4,120.0000,45,36,646.5659,-88.3791,-1.0429,3,0.0750,1.0000,8,8,8,0,0,8,8,0.0000
4,120.0000,45,39,725.9181,-87.0040,0.7353,13,0.3250,0.8333,6,6,6,6,6,12,12,0.0000
4,120.0000,45,40,341.6710,-80.0637,-0.2893,22,0.5500,0.7143,7,7,6,45,33,52,39,0.2500
4,120.0000,45,42,375.8397,-81.5224,0.3436,19,0.4750,0.5000,6,6,4,0,0,6,4,0.3333
4,120.0000,45,44,819.3286,-86.5220,0.0485,11,0.2750,0.8750,8,6,6,0,0,6,6,0.0000
4,120.0000,45,46,553.4912,-83.0044,0.1394,18,0.4500,0.8750,8,7,6,0,0,7,6,0.1429
4,120.0000,46,2,558.4866,-84.3460,1.0593,7,0.1750,1.0000,8,8,7,0,0,8,7,0.1250
4,120.0000,46,3,1038.7467,-88.6080,0.2178,3,0.0750,1.0000,4,4,4,0,0,4,4,0.0000
4,120.0000,46,4,685.4610,-85.7842,0.7814,6,0.1500,0.8750,8,6,4,0,0,6,4,0.3333
4,120.0000,46,8,415.7196,-81.7508,-0.0728,16,0.4000,0.8750,8,7,6,0,0,7,6,0.1429
4,120.0000,46,9,668.2539,-86.1519,-1.5147,5,0.1250,0.8750,8,8,8,0,0,8,8,0.0000
4,120.0000,46,11,348.4012,-81.7200,0.7668,26,0.6500,0.7143,7,5,1,0,0,5,1,0.8000
4,120.0000,46,13,152.7008,-71.2150,-0.7495,35,0.8750,0.2000,5,4,0,0,0,4,0,1.0000
4,120.0000,46,14,435.7847,-80.6043,-0.1537,19,0.4750,0.5000,8,8,8,0,0,8,8,0.0000
4,120.0000,46,15,340.2847,-78.6605,-1.0103,19,0.4750,0.4000,5,6,3,0,0,6,3,0.5000
4,120.0000,46,17,334.7626,-81.5365,0.0640,21,0.5250,0.7143,7,5,2,0,0,5,2,0.6000
4,120.0000,46,18,534.5031,-84.2306,-0.4305,10,0.2500,0.8571,7,7,6,0,0,7,6,0.1429
4,120.0000,46,20,738.2976,-86.4894,1.7621,4,0.1000,1.0000,8,7,6,0,0,7,6,0.1429
4,120.0000,46,21,833.2162,-87.0373,-1.1994,3,0.0750,0.8571,7,8,8,0,0,8,8,0.0000
4,120.0000,46,24,706.7558,-85.9889,-0.0313,6,0.1500,0.8571,7,8,8,0,0,8,8,0.0000
4,120.0000,46,25,169.6632,-72.6121,0.5109,35,0.8750,0.2000,5,4,0,0,0,4,0,1.0000
4,120.0000,46,27,620.7837,-85.7288,-1.9572,3,0.0750,0.7143,7,8,8,0,0,8,8,0.0000
4,120.0000,46,31,505.5681,-80.8944,-0.4853,16,0.4000,0.5000,6,7,5,0,0,7,5,0.2857
4,120.0000,46,32,831.1005,-86.1025,-0.3763,6,0.1500,1.0000,6,8,8,0,0,8,8,0.0000
4,120.0000,46,34,967.6916,-86.0365,-2.5715,3,0.0750,1.0000,8,2,2,0,0,2,2,0.0000
4,120.0000,46,36,898.4801,-85.5928,-1.7519,4,0.1000,0.8750,8,8,8,0,0,8,8,0.0000
4,120.0000,46,39,464.9765,-83.2992,0.3658,14,0.3500,0.8750,8,5,1,0,0,5,1,0.8000
4,120.0000,46,40,337.9833,-78.0509,-0.4948,28,0.7000,0.5000,6,7,5,0,0,7,5,0.2857
4,120.0000,46,42,372.1040,-80.3313,-0.2736,20,0.5000,0.4000,5,6,4,0,0,6,4,0.3333
4,120.0000,46,44,986.3093,-86.4424,-0.9797,3,0.0750,1.0000,8,4,4,0,0,4,4,0.0000
4,120.0000,46,45,553.4912,-83.0364,-0.0176,10,0.2500,0.8750,8,8,8,0,0,8,8,0.0000
4,120.0000,47,0,549.5561,-85.1530,0.2896,19,0.4750,0.8571,7,8,6,0,0,8,6,0.2500
4,120.0000,47,3,611.5401,-85.7749,0.0533,5,0.1250,0.7143,7,8,8,0,0,8,8,0.0000
4,120.0000,47,5,727.6863,-85.9210,1.4258,7,0.1750,1.0000,8,7,5,0,0,7,5,0.2857
4,120.0000,47,7,380.2744,-80.9252,0.5350,31,0.7750,0.7143,7,7,6,0,0,7,6,0.1429
4,120.0000,47,10,249.0714,-77.7612,0.3404,39,0.9750,0.0000,4,6,3,0,0,6,3,0.5000
4,120.0000,47,12,377.9824,-83.0415,0.5872,19,0.4750,0.6667,6,7,4,0,0,7,4,0.4286
4,120.0000,47,16,423.0557,-82.4648,-0.5247,33,0.8250,0.7143,7,7,6,0,0,7,6,0.1429
4,120.0000,47,22,698.3956,-86.4898,-0.7147,7,0.1750,1.0000,8,8,8,0,0,8,8,0.0000
4,120.0000,47,23,422.1928,-82.2882,0.2232,24,0.6000,0.4000,5,7,6,0,0,7,6,0.1429
4,120.0000,47,26,345.1734,-79.6142,-0.6067,37,0.9250,0.3333,6,7,4,0,0,7,4,0.4286
4,120.0000,47,29,174.2490,-72.0138,-1.2187,37,0.9250,0.2000,5,5,1,0,0,5,1,0.8000
4,120.0000,47,31,997.5366,-87.0134,0.1226,3,0.0750,1.0000,6,6,5,0,0,6,5,0.1667
4,120.0000,47,34,537.7369,-86.2257,0.0782,6,0.1500,0.7143,7,8,8,0,0,8,8,0.0000
4,120.0000,47,37,674.6060,-85.1604,2.0451,3,0.0750,1.0000,8,8,8,0,0,8,8,0.0000
4,120.0000,47,38,301.7658,-79.3105,0.8115,33,0.8250,0.8750,8,4,0,0,0,4,0,1.0000
4,120.0000,47,41,330.9047,-79.7072,0.5541,32,0.8000,0.5000,6,4,0,0,0,4,0,1.0000
4,120.0000,47,43,545.0177,-83.1668,-0.1186,27,0.6750,0.5000,6,6,4,0,0,6,4,0.3333
4,124.0000,0,3,816.4676,-86.3244,-0.3284,11,0.2750,0.8750,8,6,6,0,0,6,6,0.0000
4,124.0000,0,5,488.5133,-83.8719,0.2075,20,0.5000,0.5000,6,6,4,0,0,6,4,0.3333
4,124.0000,0,6,829.8536,-86.3878,1.8290,5,0.1250,1.0000,8,8,8,0,0,8,8,0.0000
4,124.0000,0,7,471.9742,-83.1489,0.7376,23,0.5750,0.5000,6,6,4,0,0,6,4,0.3333
4,124.0000,0,10,371.9711,-82.9888,-0.0411,25,0.6250,0.8750,8,5,2,0,0,5,2,0.6000
4,124.0000,0,12,699.8061,-87.1135,0.3881,8,0.2000,0.8571,7,8,8,0,0,8,8,0.0000
4,124.0000,0,16,104.0987,-72.5978,1.7042,36,0.9000,0.0000,4,5,1,0,0,5,1,0.8000
4,124.0000,0,19,998.8162,-88.5927,-0.5980,5,0.1250,1.0000,8,8,8,0,0,8,8,0.0000
4,124.0000,0,22,514.2165,-83.2297,-0.9968,18,0.4500,0.5714,7,9,9,0,0,9,9,0.0000
4,124.0000,0,23,781.1800,-86.5477,0.3972,6,0.1500,1.0000,8,8,8,0,0,8,8,0.0000
4,124.0000,0,26,711.6478,-86.7982,0.1394,10,0.2500,1.0000,8,7,6,0,0,7,6,0.1429
4,124.0000,0,29,597.9543,-85.5267,0.8502,14,0.3500,0.8750,8,8,8,0,0,8,8,0.0000
4,124.0000,0,34,842.1185,-88.3828,1.2799,4,0.1000,1.0000,8,8,7,0,0,8,7,0.1250
4,124.0000,0,37,733.2580,-86.0886,-1.4140,5,0.1250,0.8571,7,8,8,0,0,8,8,0.0000
4,124.0000,0,38,661.9105,-84.2408,-0.8090,11,0.2750,1.0000,8,7,6,0,0,7,6,0.1429
4,124.0000,0,41,790.3981,-85.7201,-0.1382,8,0.2000,1.0000,8,8,8,0,0,8,8,0.0000
4,124.0000,0,43,166.0415,-71.5630,-0.1839,35,0.8750,0.2000,5,5,2,0,0,5,2,0.6000
4,124.0000,0,47,486.7755,-82.9548,-0.1438,14,0.3500,1.0000,8,6,3,0,0,6,3,0.5000
4,124.0000,1,3,440.4698,-81.9471,-0.4507,13,0.3250,1.0000,8,6,4,0,0,6,4,0.3333
4,124.0000,1,4,844.9944,-87.7480,1.2594,3,0.0750,1.0000,8,8,8,0,0,8,8,0.0000
4,124.0000,1,5,546.4929,-83.5438,0.1547,9,0.2250,0.8571,7,7,6,0,0,7,6,0.1429
4,124.0000,1,6,285.5677,-79.4741,0.7333,21,0.5250,0.8750,8,7,4,0,0,7,4,0.4286
4,124.0000,1,7,615.2903,-85.1474,1.1904,4,0.1000,1.0000,6,7,6,0,0,7,6,0.1429
4,124.0000,1,8,857.9352,-86.9207,-1.7692,4,0.1000,1.0000,8,4,4,0,0,4,4,0.0000
4,124.0000,1,9,899.5705,-87.7407,0.2495,4,0.1000,1.0000,8,8,7,0,0,8,7,0.1250
4,124.0000,1,14,675.6666,-88.0360,-1.2068,4,0.1000,0.8750,8,8,7,0,0,8,7,0.1250
4,124.0000,1,15,805.9898,-86.4214,1.8277,3,0.0750,1.0000,8,8,8,0,0,8,8,0.0000
4,124.0000,1,18,877.6401,-87.8488,0.2454,3,0.0750,1.0000,4,6,6,0,0,6,6,0.0000
4,124.0000,1,19,136.4472,-73.0534,-0.2070,36,0.9000,0.4286,7,5,0,0,0,5,0,1.0000
4,124.0000,1,20,464.3735,-81.1522,-0.0705,12,0.3000,1.0000,8,8,8,0,0,8,8,0.0000
4,124.0000,1,21,471.3675,-82.7839,1.7499,9,0.2250,0.5000,6,7,6,0,0,7,6,0.1429
4,124.0000,1,22,616.8926,-85.1647,1.9210,6,0.1500,1.0000,8,8,7,0,0,8,7,0.1250
4,124.0000,1,24,308.0890,-79.2307,-0.8568,19,0.4750,0.8750,8,8,7,5,4,13,11,0.1538
4,124.0000,1,25,801.2797,-86.3145,-0.0702,3,0.0750,1.0000,8,8,8,0,0,8,8,0.0000
4,124.0000,1,27,459.7740,-83.4042,-1.3712,8,0.2000,0.8571,7,7,6,0,0,7,6,0.1429
4,124.0000,1,31,620.4751,-85.2450,0.5294,6,0.1500,0.8750,8,8,8,0,0,8,8,0.0000
4,124.0000,1,33,409.9102,-80.3326,-0.3652,23,0.5750,0.4000,5,8,8,0,0,8,8,0.0000
4,124.0000,1,36,162.0086,-74.9716,1.1696,34,0.8500,0.5714,7,5,1,0,0,5,1,0.8000
4,124.0000,1,37,312.9851,-80.0765,0.9578,19,0.4750,0.6667,6,6,4,0,0,6,4,0.3333
4,124.0000,1,38,647.3702,-85.5736,0.5825,4,0.1000,1.0000,8,8,8,0,0,8,8,0.0000
4,124.0000,1,40,752.7551,-85.7374,-0.2672,3,0.0750,1.0000,8,8,8,0,0,8,8,0.0000
4,124.0000,1,45,590.2965,-86.7665,0.3574,5,0.1250,1.0000,8,7,6,0,0,7,6,0.1429
4,124.0000,2,4,617.7310,-84.0682,0.3947,11,0.2750,0.8750,8,8,8,0,0,8,8,0.0000
4,124.0000,2,8,657.8958,-84.6896,-1.0486,7,0.1750,1.0000,8,8,7,0,0,8,7,0.1250
4,124.0000,2,9,581.5988,-82.8731,-1.1941,14,0.3500,0.8750,8,8,8,0,0,8,8,0.0000
4,124.0000,2,11,307.4954,-79.7989,0.6524,24,0.6000,0.2000,5,6,3,0,0,6,3,0.5000
4,124.0000,2,13,659.1489,-84.5093,-0.5382,9,0.2250,1.0000,8,8,8,0,0,8,8,0.0000
4,124.0000,2,14,873.6627,-87.4577,0.5951,4,0.1000,1.0000,6,8,8,0,0,8,8,0.0000
4,124.0000,2,15,554.8042,-85.1589,-0.8217,10,0.2500,0.8750,8,7,6,0,0,7,6,0.1429
4,124.0000,2,17,225.4744,-77.0672,0.8970,26,0.6500,0.4000,5,4,0,0,0,4,0,1.0000
4,124.0000,2,18,571.1521,-83.4933,-0.6647,13,0.3250,1.0000,8,7,6,0,0,7,6,0.1429
4,124.0000,2,21,960.7369,-87.3633,1.6706,3,0.0750,1.0000,8,6,6,0,0,6,6,0.0000
4,124.0000,2,24,1008.5243,-88.4268,0.1300,3,0.0750,1.0000,4,6,6,0,0,6,6,0.0000
4,124.0000,2,25,619.3024,-85.1004,-0.6816,10,0.2500,0.7143,7,7,6,0,0,7,6,0.1429
4,124.0000,2,28,737.1867,-86.0147,0.1829,10,0.2500,0.7500,8,6,6,0,0,6,6,0.0000
4,124.0000,2,30,807.9762,-86.5946,0.3296,7,0.1750,1.0000,8,6,6,0,0,6,6,0.0000
4,124.0000,2,32,846.5793,-85.9052,0.3212,5,0.1250,1.0000,8,8,8,0,0,8,8,0.0000
4,124.0000,2,35,769.8585,-86.3394,0.1481,7,0.1750,1.0000,8,7,6,0,0,7,6,0.1429
4,124.0000,2,39,239.7924,-78.0051,0.1915,34,0.8500,0.2000,5,4,0,5,1,9,1,0.8889
4,124.0000,2,40,677.6693,-86.8714,-0.2285,7,0.1750,1.0000,8,8,8,0,0,8,8,0.0000
4,124.0000,2,42,640.4037,-83.5984,-0.6228,5,0.1250,1.0000,8,8,7,0,0,8,7,0.1250
4,124.0000,2,44,666.9123,-86.0144,-0.2092,15,0.3750,0.8571,7,8,7,0,0,8,7,0.1250
4,124.0000,2,45,743.2521,-85.3461,-1.0242,8,0.2000,1.0000,8,8,8,0,0,8,8,0.0000
4,124.0000,2,46,429.0347,-83.7439,0.5861,15,0.3750,1.0000,8,8,8,0,0,8,8,0.0000
4,124.0000,3,0,816.4676,-87.5626,-0.5241,7,0.1750,0.8571,7,8,8,0,0,8,8,0.0000
4,124.0000,3,1,440.4698,-80.6263,0.7276,8,0.2000,1.0000,8,8,8,0,0,8,8,0.0000
4,124.0000,3,5,544.6189,-82.9671,0.0057,15,0.3750,0.8750,8,7,6,0,0,7,6,0.1429
4,124.0000,3,6,289.7105,-78.6003,0.0091,23,0.5750,0.0000,4,6,4,0,0,6,4,0.3333
4,124.0000,3,7,498.3728,-82.8799,-0.9914,18,0.4500,1.0000,8,6,4,0,0,6,4,0.3333
4,124.0000,3,10,766.6675,-87.4491,-0.8081,10,0.2500,1.0000,8,6,6,0,0,6,6,0.0000
4,124.0000,3,12,474.3256,-82.8337,0.3527,15,0.3750,0.8571,7,8,5,0,0,8,5,0.3750
4,124.0000,3,14,592.4972,-84.6965,-0.3938,5,0.1250,0.8750,8,8,8,0,0,8,8,0.0000
4,124.0000,3,16,783.8472,-87.0089,-0.4605,4,0.1000,0.8571,7,8,8,0,0,8,8,0.0000
4,124.0000,3,19,548.0802,-82.7583,-1.0511,9,0.2250,0.8571,7,8,8,0,0,8,8,0.0000
4,124.0000,3,20,669.9230,-86.3961,3.6013,3,0.0750,0.8571,7,8,8,0,0,8,8,0.0000
4,124.0000,3,21,678.3837,-86.1078,-2.2134,6,0.1500,1.0000,8,6,4,0,0,6,4,0.3333
4,124.0000,3,22,528.6567,-84.4952,-1.3274,10,0.2500,0.8750,8,8,7,0,0,8,7,0.1250
4,124.0000,3,23,463.1841,-83.0004,-0.5495,15,0.3750,0.7143,7,8,7,0,0,8,7,0.1250
4,124.0000,3,24,573.3790,-84.0054,-2.1264,6,0.1500,1.0000,8,8,8,0,0,8,8,0.0000
4,124.0000,3,25,786.1338,-87.4511,2.5726,3,0.0750,1.0000,8,8,8,0,0,8,8,0.0000
4,124.0000,3,26,859.3592,-86.9762,-0.2341,9,0.2250,1.0000,4,2,2,0,0,2,2,0.0000
4,124.0000,3,27,394.0619,-82.7785,0.5805,7,0.1750,0.8750,8,8,6,0,0,8,6,0.2500
4,124.0000,3,29,822.2031,-86.4629,-0.9081,7,0.1750,1.0000,6,8,8,0,0,8,8,0.0000
4,124.0000,3,31,460.4457,-84.5208,1.2148,5,0.1250,0.7143,7,7,6,0,0,7,6,0.1429
4,124.0000,3,34,364.3555,-80.6534,0.5956,18,0.4500,0.5000,6,7,4,0,0,7,4,0.4286
4,124.0000,3,36,297.9607,-78.3433,-0.5179,22,0.5500,0.5714,7,7,6,6,6,13,12,0.0769
4,124.0000,3,37,260.4482,-78.7281,0.5050,25,0.6250,0.5000,6,4,0,0,0,4,0,1.0000
4,124.0000,3,38,254.1270,-78.8571,0.7544,24,0.6000,0.7143,7,5,1,0,0,5,1,0.8000
4,124.0000,3,41,518.7678,-84.0897,-0.8934,12,0.3000,0.8571,7,5,2,0,0,5,2,0.6000
4,124.0000,3,42,737.7711,-85.7815,-0.3370,4,0.1000,1.0000,8,8,8,0,0,8,8,0.0000
4,124.0000,3,45,698.9076,-84.7865,-0.0063,3,0.0750,1.0000,8,8,8,0,0,8,8,0.0000
4,124.0000,3,47,536.0496,-84.3302,-0.4366,15,0.3750,1.0000,8,7,6,0,0,7,6,0.1429
4,124.0000,4,1,844.9944,-87.6462,-0.6487,9,0.2250,0.8571,7,8,8,0,0,8,8,0.0000
4,124.0000,4,2,617.7310,-84.4959,-0.7103,15,0.3750,1.0000,8,6,4,0,0,6,4,0.3333
4,124.0000,4,6,1063.6792,-89.1326,-0.4609,4,0.1000,1.0000,6,6,6,0,0,6,6,0.0000
4,124.0000,4,8,661.1549,-85.3916,0.0562,11,0.2750,0.8571,7,8,8,0,0,8,8,0.0000
4,124.0000,4,9,111.4471,-73.0197,1.6715,34,0.8500,0.0000,4,4,0,0,0,4,0,1.0000
4,124.0000,4,11,708.0026,-85.9036,0.6087,13,0.3250,0.8571,7,8,8,0,0,8,8,0.0000
4,124.0000,4,13,772.2011,-87.2187,-0.7144,8,0.2000,0.8571,7,8,8,0,0,8,8,0.0000
4,124.0000,4,14,783.2254,-87.4722,0.1966,9,0.2250,1.0000,8,8,8,0,0,8,8,0.0000
4,124.0000,4,15,444.4495,-82.2507,0.4275,20,0.5000,0.5714,7,7,6,0,0,7,6,0.1429
4,124.0000,4,17,557.5748,-84.3345,0.6590,20,0.5000,0.8750,8,8,8,0,0,8,8,0.0000
4,124.0000,4,18,405.3891,-81.8324,0.6157,22,0.5500,0.8571,7,7,6,0,0,7,6,0.1429
4,124.0000,4,19,901.9614,-89.1581,-0.3342,4,0.1000,0.8000,5,6,6,0,0,6,6,0.0000
4,124.0000,4,20,402.3935,-80.4001,-0.6610,19,0.4750,0.7143,7,7,6,0,0,7,6,0.1429
4,124.0000,4,21,449.3959,-82.8027,-0.4870,17,0.4250,0.7143,7,8,6,0,0,8,6,0.2500
4,124.0000,4,24,581.9160,-85.0391,-0.5656,11,0.2750,0.8571,7,7,6,0,0,7,6,0.1429
4,124.0000,4,25,610.8682,-84.6653,0.0032,12,0.3000,0.8750,8,8,8,0,0,8,8,0.0000
4,124.0000,4,27,684.4970,-85.0150,-0.8131,7,0.1750,1.0000,8,8,7,0,0,8,7,0.1250
4,124.0000,4,28,573.4119,-84.7272,0.4167,20,0.5000,0.8750,8,5,2,0,0,5,2,0.6000
4,124.0000,4,30,469.1471,-82.3183,-0.4832,29,0.7250,1.0000,8,6,4,0,0,6,4,0.3333
4,124.0000,4,31,810.7689,-87.4756,0.0521,6,0.1500,1.0000,8,8,8,0,0,8,8,0.0000
4,124.0000,4,32,310.8502,-79.1078,-0.6840,32,0.8000,0.8750,8,7,6,0,0,7,6,0.1429
4,124.0000,4,33,538.5951,-84.9298,0.7470,13,0.3250,1.0000,8,7,6,0,0,7,6,0.1429
4,124.0000,4,35,665.5944,-85.8705,0.3057,17,0.4250,1.0000,8,8,8,0,0,8,8,0.0000
4,124.0000,4,36,942.7848,-87.4088,-0.1664,5,0.1250,1.0000,8,4,4,0,0,4,4,0.0000
4,124.0000,4,39,702.0968,-86.4251,-0.1378,10,0.2500,0.6667,3,7,6,0,0,7,6,0.1429
4,124.0000,4,40,582.8040,-83.2300,0.9225,10,0.2500,1.0000,8,6,6,0,0,6,6,0.0000
4,124.0000,4,42,625.3404,-85.0158,0.0405,12,0.3000,1.0000,8,8,8,0,0,8,8,0.0000
4,124.0000,4,44,531.3438,-85.6645,0.2717,20,0.5000,0.8750,8,6,2,0,0,6,2,0.6667
4,124.0000,4,45,366.6315,-79.0596,-1.0215,21,0.5250,0.7143,7,8,7,0,0,8,7,0.1250
4,124.0000,4,46,662.2757,-86.8844,0.0805,13,0.3250,1.0000,8,8,6,0,0,8,6,0.2500
4,124.0000,5,0,488.5133,-83.9716,1.0282,19,0.4750,0.5000,6,6,2,0,0,6,2,0.6667
4,124.0000,5,1,546.4929,-84.3841,-2.2485,10,0.2500,0.5000,6,8,8,0,0,8,8,0.0000
4,124.0000,5,3,544.6189,-83.4938,-0.5342,10,0.2500,1.0000,8,7,5,0,0,7,5,0.2857
4,124.0000,5,6,433.2326,-80.3297,-1.1889,17,0.4250,0.5714,7,6,6,0,0,6,6,0.0000
4,124.0000,5,7,230.6558,-78.8015,1.2411,26,0.6500,0.6667,6,4,0,0,0,4,0,1.0000
4,124.0000,5,10,669.1577,-86.4388,-0.1183,7,0.1750,1.0000,6,7,6,0,0,7,6,0.1429
4,124.0000,5,12,738.5498,-87.0785,0.1327,5,0.1250,1.0000,6,6,4,0,0,6,4,0.3333
4,124.0000,5,16,444.3919,-83.6204,0.4524,21,0.5250,1.0000,8,6,3,0,0,6,3,0.5000
4,124.0000,5,19,520.5387,-82.8040,-0.7953,13,0.3250,0.8571,7,8,8,0,0,8,8,0.0000
4,124.0000,5,20,990.6839,-88.1760,0.5916,3,0.0750,1.0000,6,6,6,0,0,6,6,0.0000
4,124.0000,5,22,319.5777,-79.2645,0.0165,25,0.6250,0.5000,6,6,3,0,0,6,3,0.5000
4,124.0000,5,23,794.8650,-87.7400,-1.4265,4,0.1000,1.0000,8,6,6,0,0,6,6,0.0000
4,124.0000,5,27,855.9615,-88.0492,1.1313,3,0.0750,1.0000,6,8,8,0,0,8,8,0.0000
4,124.0000,5,29,838.0824,-88.0959,0.3699,3,0.0750,1.0000,8,4,4,0,0,4,4,0.0000
4,124.0000,5,33,898.9960,-87.4212,-0.6708,5,0.1250,1.0000,8,6,6,0,0,6,6,0.0000
4,124.0000,5,36,475.1625,-82.2633,1.2752,8,0.2000,1.0000,8,7,6,0,0,7,6,0.1429
4,124.0000,5,37,341.7561,-77.0151,-1.3594,25,0.6250,0.4000,5,8,7,0,0,8,7,0.1250
4,124.0000,5,38,537.0925,-83.7756,-0.2548,9,0.2250,0.8571,7,7,6,0,0,7,6,0.1429
4,124.0000,5,41,831.0355,-86.7855,0.0467,4,0.1000,1.0000,8,8,8,0,0,8,8,0.0000
4,124.0000,5,43,489.6985,-85.0296,1.3375,18,0.4500,1.0000,8,7,5,0,0,7,5,0.2857
4,124.0000,5,47,584.3101,-84.1337,0.1068,10,0.2500,0.8750,8,6,4,0,0,6,4,0.3333
4,124.0000,6,0,829.8536,-88.0648,0.2432,9,0.2250,1.0000,4,8,8,0,0,8,8,0.0000
4,124.0000,6,1,285.5677,-79.4590,1.0427,19,0.4750,0.5000,6,5,1,0,0,5,1,0.8000
4,124.0000,6,3,289.7105,-78.6885,-0.0612,24,0.6000,0.7778,9,6,4,0,0,6,4,0.3333
4,124.0000,6,5,433.2326,-80.7158,-0.9170,29,0.7250,0.7143,7,8,7,0,0,8,7,0.1250
4,124.0000,6,7,395.3206,-81.3390,-0.9409,24,0.6000,0.8750,8,6,3,0,0,6,3,0.5000
4,124.0000,6,8,906.8792,-88.3273,-0.8372,3,0.0750,1.0000,4,2,2,0,0,2,2,0.0000
4,124.0000,6,10,833.7152,-88.0991,1.0246,8,0.2000,1.0000,4,5,4,0,0,5,4,0.2000
4,124.0000,6,12,668.9716,-86.8936,1.1538,9,0.2250,1.0000,8,7,6,0,0,7,6,0.1429
4,124.0000,6,13,934.5556,-88.2992,0.5897,3,0.0750,1.0000,6,4,4,0,0,4,4,0.0000
4,124.0000,6,14,655.0918,-87.7797,0.7741,6,0.1500,1.0000,4,8,8,0,0,8,8,0.0000
4,124.0000,6,16,772.1613,-86.8098,0.3046,8,0.2000,1.0000,6,7,6,0,0,7,6,0.1429
4,124.0000,6,19,364.3951,-81.1836,1.6478,18,0.4500,0.5714,7,6,4,0,0,6,4,0.3333
4,124.0000,6,20,662.0180,-84.5937,-0.2199,9,0.2250,1.0000,8,7,6,0,0,7,6,0.1429
4,124.0000,6,21,701.0272,-86.2267,1.2553,4,0.1000,1.0000,8,7,6,0,0,7,6,0.1429
4,124.0000,6,22,571.1381,-84.0329,-0.9124,13,0.3250,1.0000,7,7,6,0,0,7,6,0.1429
4,124.0000,6,23,723.1348,-86.0547,-0.1524,7,0.1750,1.0000,8,8,8,0,0,8,8,0.0000
4,124.0000,6,24,497.3275,-85.2974,0.2413,7,0.1750,1.0000,8,8,8,0,0,8,8,0.0000
4,124.0000,6,27,515.4636,-85.3312,-0.5429,8,0.2000,0.8750,8,6,3,0,0,6,3,0.5000
4,124.0000,6,29,907.9819,-87.4504,-0.5482,7,0.1750,0.8571,7,8,8,0,0,8,8,0.0000
4,124.0000,6,31,584.5026,-84.9617,1.6691,7,0.1750,1.0000,8,8,8,0,0,8,8,0.0000
4,124.0000,6,33,689.9036,-87.0847,-0.4457,7,0.1750,1.0000,8,8,8,0,0,8,8,0.0000
4,124.0000,6,34,547.9435,-85.4113,0.4648,10,0.2500,1.0000,8,7,5,0,0,7,5,0.2857
4,124.0000,6,36,139.8028,-75.0242,1.6151,32,0.8000,0.2000,5,5,1,0,0,5,1,0.8000
4,124.0000,6,37,116.6557,-70.4735,-0.0811,33,0.8250,0.0000,4,4,0,0,0,4,0,1.0000
4,124.0000,6,38,414.6443,-82.4858,0.5437,18,0.4500,0.8750,8,8,8,0,0,8,8,0.0000
4,124.0000,6,40,821.8769,-89.2159,-0.1260,5,0.1250,0.7143,7,8,8,0,0,8,8,0.0000
4,124.0000,6,41,733.6029,-86.3488,-0.1715,10,0.2500,1.0000,6,7,5,0,0,7,5,0.2857
4,124.0000,6,42,873.2492,-88.2121,-0.1506,4,0.1000,1.0000,8,8,8,0,0,8,8,0.0000
4,124.0000,6,43,875.4618,-87.5041,0.1573,4,0.1000,1.0000,8,4,4,0,0,4,4,0.0000
4,124.0000,6,45,758.1450,-88.5868,0.2225,5,0.1250,1.0000,6,8,8,0,0,8,8,0.0000
4,124.0000,6,47,632.6438,-85.7177,0.0312,10,0.2500,1.0000,6,8,8,0,0,8,8,0.0000
4,124.0000,7,0,471.9742,-82.3353,-0.3626,26,0.6500,1.0000,8,7,6,0,0,7,6,0.1429
4,124.0000,7,1,615.2903,-85.4977,0.8733,6,0.1500,0.7143,7,8,8,0,0,8,8,0.0000
4,124.0000,7,3,498.3728,-83.3464,0.3666,9,0.2250,1.0000,8,8,7,0,0,8,7,0.1250
4,124.0000,7,5,230.6558,-78.6832,2.0708,28,0.7000,0.2000,5,4,0,0,0,4,0,1.0000
4,124.0000,7,6,395.3206,-80.3302,0.5397,15,0.3750,0.8750,8,7,5,0,0,7,5,0.2857
4,124.0000,7,10,522.2483,-83.3974,0.6811,17,0.4250,0.8571,7,7,6,0,0,7,6,0.1429
4,124.0000,7,12,596.5100,-84.5126,-0.3787,10,0.2500,1.0000,8,8,8,0,0,8,8,0.0000
4,124.0000,7,16,395.3371,-82.7291,0.0832,27,0.6750,0.7143,7,5,2,0,0,5,2,0.6000
4,124.0000,7,19,627.8403,-85.9730,0.2600,6,0.1500,0.8571,7,8,8,0,0,8,8,0.0000
4,124.0000,7,22,467.9274,-82.6178,0.2949,18,0.4500,1.0000,8,7,5,0,0,7,5,0.2857
4,124.0000,7,23,713.4788,-85.5553,0.6019,7,0.1750,0.8571,7,6,6,0,0,6,6,0.0000
4,124.0000,7,26,790.0308,-85.8560,0.3039,12,0.3000,1.0000,8,5,4,0,0,5,4,0.2000
4,124.0000,7,29,654.4473,-84.3116,-0.0418,17,0.4250,1.0000,8,8,8,0,0,8,8,0.0000
4,124.0000,7,34,600.5202,-86.9836,0.4164,5,0.1250,0.6667,6,8,7,0,0,8,7,0.1250
4,124.0000,7,36,495.9264,-84.6207,0.1433,6,0.1500,1.0000,8,6,4,0,0,6,4,0.3333
4,124.0000,7,37,331.2820,-80.0963,0.3920,17,0.4250,0.8750,8,8,7,0,0,8,7,0.1250
4,124.0000,7,38,408.9348,-80.7763,0.4275,16,0.4000,0.5714,7,8,6,0,0,8,6,0.2500
4,124.0000,7,41,691.7501,-85.7475,-0.3747,7,0.1750,0.8571,7,8,8,0,0,8,8,0.0000
4,124.0000,7,43,547.4274,-84.4764,0.3365,17,0.4250,1.0000,8,7,6,0,0,7,6,0.1429
4,124.0000,7,47,416.4638,-81.5576,-0.2409,23,0.5750,0.7143,7,7,4,0,0,7,4,0.4286
4,124.0000,8,1,857.9352,-87.2131,2.4706,4,0.1000,0.8571,7,8,8,0,0,8,8,0.0000
4,124.0000,8,2,657.8958,-86.0096,-0.1728,12,0.3000,0.8750,8,8,8,0,0,8,8,0.0000
4,124.0000,8,3,749.4642,-86.2329,-0.4595,5,0.1250,1.0000,6,8,8,0,0,8,8,0.0000
4,124.0000,8,4,661.1549,-86.1440,-0.3751,10,0.2500,0.7143,7,8,7,0,0,8,7,0.1250
4,124.0000,8,9,709.2001,-85.2428,-0.6670,11,0.2750,0.8571,7,6,6,0,0,6,6,0.0000
4,124.0000,8,11,662.2765,-85.0453,0.6199,11,0.2750,0.8571,7,8,8,0,0,8,8,0.0000
4,124.0000,8,13,345.8899,-80.2544,-0.3420,22,0.5500,0.4000,5,6,4,0,0,6,4,0.3333
4,124.0000,8,14,407.4765,-80.6124,-0.2299,18,0.4500,1.0000,8,8,8,0,0,8,8,0.0000
4,124.0000,8,15,488.5597,-81.5727,-1.4268,16,0.4000,0.8571,7,8,7,0,0,8,7,0.1250
4,124.0000,8,17,432.6816,-82.3712,0.3603,16,0.4000,0.6667,6,7,6,0,0,7,6,0.1429
4,124.0000,8,18,665.6279,-85.1757,1.3268,9,0.2250,0.8750,8,8,8,0,0,8,8,0.0000
4,124.0000,8,19,982.5276,-88.2321,0.4097,3,0.0750,1.0000,8,8,8,0,0,8,8,0.0000
4,124.0000,8,20,545.2131,-83.9424,0.4962,11,0.2750,0.8571,7,8,7,0,0,8,7,0.1250
4,124.0000,8,21,629.7990,-84.5820,-0.5986,11,0.2750,0.8571,7,8,8,0,0,8,8,0.0000
4,124.0000,8,23,927.0951,-87.4065,-0.1188,3,0.0750,1.0000,2,4,4,0,0,4,4,0.0000
4,124.0000,8,24,654.5834,-83.7074,1.5971,3,0.0750,1.0000,8,7,6,0,0,7,6,0.1429
4,124.0000,8,25,296.3692,-78.8191,0.3422,28,0.7000,0.4000,5,7,4,0,0,7,4,0.4286
4,124.0000,8,27,411.4370,-80.0591,-1.1064,16,0.4000,0.8125,16,8,8,0,0,8,8,0.0000
4,124.0000,8,30,1097.9458,-89.2479,-0.0589,3,0.0750,1.0000,6,4,4,0,0,4,4,0.0000
4,124.0000,8,31,372.2023,-80.2365,-0.1206,17,0.4250,0.6667,6,5,2,0,0,5,2,0.6000
4,124.0000,8,32,895.2433,-87.4659,-1.3731,4,0.1000,0.8750,8,6,6,0,0,6,6,0.0000
4,124.0000,8,34,875.3317,-88.0907,-0.2929,4,0.1000,1.0000,4,8,8,0,0,8,8,0.0000
4,124.0000,8,36,837.3862,-87.3615,-0.4502,4,0.1000,0.8571,7,8,7,0,0,8,7,0.1250
4,124.0000,8,37,942.2103,-89.0783,-0.1205,3,0.0750,0.8000,5,8,8,0,0,8,8,0.0000
4,124.0000,8,39,655.7264,-84.8852,-0.2580,8,0.2000,0.6667,6,8,8,0,0,8,8,0.0000
4,124.0000,8,40,115.8705,-64.1339,-1.0877,39,0.9750,0.0000,4,5,1,0,0,5,1,0.8000
4,124.0000,8,42,77.0864,-66.2208,0.7123,37,0.9250,0.0789,38,6,2,0,0,6,2,0.6667
4,124.0000,8,45,407.8354,-79.5971,-0.4617,20,0.5000,0.6667,6,8,8,0,0,8,8,0.0000
4,124.0000,8,46,433.3035,-82.9151,-0.5571,22,0.5500,0.8750,8,10,10,0,0,10,10,0.0000
4,124.0000,9,1,899.5705,-87.1860,-0.4873,3,0.0750,1.0000,8,6,6,0,0,6,6,0.0000
4,124.0000,9,2,581.5988,-83.1302,-0.7073,18,0.4500,0.8750,8,6,6,6,6,12,12,0.0000
4,124.0000,9,4,111.4471,-73.2017,1.5023,35,0.8750,0.0000,4,4,0,0,0,4,0,1.0000
4,124.0000,9,8,709.2001,-85.2808,-0.2202,7,0.1750,0.8571,7,7,6,0,0,7,6,0.1429
4,124.0000,9,11,651.6798,-86.2463,0.1750,11,0.2750,1.0000,8,8,8,0,0,8,8,0.0000
4,124.0000,9,13,773.6100,-88.0525,-0.4531,4,0.1000,0.8750,8,8,7,0,0,8,7,0.1250
4,124.0000,9,14,803.0032,-88.0042,0.6043,4,0.1000,1.0000,6,10,10,0,0,10,10,0.0000
4,124.0000,9,15,417.6250,-81.9654,-0.0075,14,0.3500,1.0000,8,7,5,0,0,7,5,0.2857
4,124.0000,9,17,552.8310,-84.2635,-1.1288,12,0.3000,1.0000,8,8,8,0,0,8,8,0.0000
4,124.0000,9,18,335.8459,-79.1060,-0.2956,21,0.5250,0.8571,7,6,3,0,0,6,3,0.5000
4,124.0000,9,19,955.3678,-88.4190,-0.0170,3,0.0750,1.0000,4,4,4,0,0,4,4,0.0000
4,124.0000,9,20,458.2595,-83.0246,0.3998,9,0.2250,0.7143,7,8,8,0,0,8,8,0.0000
4,124.0000,9,21,539.5735,-84.3990,-0.0545,10,0.2500,0.8571,7,8,8,0,0,8,8,0.0000
4,124.0000,9,24,621.2783,-86.5124,-0.8278,5,0.1250,1.0000,8,8,8,0,0,8,8,0.0000
4,124.0000,9,25,618.7868,-84.3899,0.8636,8,0.2000,1.0000,8,8,8,0,0,8,8,0.0000
4,124.0000,9,27,749.9810,-86.3260,-0.5298,7,0.1750,0.8750,8,8,8,0,0,8,8,0.0000
4,124.0000,9,28,472.9706,-83.5660,0.1663,24,0.6000,0.5714,7,7,4,0,0,7,4,0.4286
4,124.0000,9,30,392.3177,-81.7059,0.3643,22,0.5500,0.5714,7,8,7,0,0,8,7,0.1250
4,124.0000,9,31,851.9644,-87.9759,-0.6104,3,0.0750,1.0000,4,8,8,0,0,8,8,0.0000
4,124.0000,9,32,279.1675,-78.9046,-0.2967,26,0.6500,0.6667,6,5,2,0,0,5,2,0.6000
4,124.0000,9,33,599.6434,-84.7805,1.6625,6,0.1500,0.8571,7,8,8,0,0,8,8,0.0000
4,124.0000,9,35,557.1794,-84.7637,-0.2152,22,0.5500,0.6667,6,7,6,0,0,7,6,0.1429
4,124.0000,9,39,650.3883,-85.4893,0.2293,16,0.4000,0.8571,7,8,7,0,0,8,7,0.1250
4,124.0000,9,40,634.6029,-85.2580,0.4683,7,0.1750,0.8571,7,8,8,0,0,8,8,0.0000
4,124.0000,9,42,666.2958,-86.4462,0.4647,8,0.2000,0.8750,8,8,8,0,0,8,8,0.0000
4,124.0000,9,44,430.3051,-83.1694,0.7561,23,0.5750,0.8571,7,7,6,0,0,7,6,0.1429
4,124.0000,9,45,441.3782,-81.3074,-0.6850,13,0.3250,0.5000,6,8,8,0,0,8,8,0.0000
4,124.0000,9,46,638.8381,-85.4841,0.5801,7,0.1750,0.8750,8,8,8,0,0,8,8,0.0000
4,124.0000,10,0,371.9711,-82.9372,0.4369,24,0.6154,0.8571,7,6,3,0,0,6,3,0.5000
4,124.0000,10,3,766.6675,-87.2394,1.0318,5,0.1282,1.0000,8,8,8,0,0,8,8,0.0000
4,124.0000,10,5,669.1577,-85.8840,1.1006,4,0.1026,1.0000,8,8,7,0,0,8,7,0.1250
4,124.0000,10,7,522.2483,-84.8357,-0.3183,9,0.2308,0.4000,5,7,5,0,0,7,5,0.2857
4,124.0000,10,12,460.6564,-82.7081,0.0939,12,0.3077,0.8571,7,7,5,0,0,7,5,0.2857
4,124.0000,10,16,345.5737,-80.2141,0.0281,30,0.7692,0.5000,6,6,4,0,0,6,4,0.3333
4,124.0000,10,22,712.6140,-86.0631,0.0625,4,0.1026,1.0000,8,7,6,0,0,7,6,0.1429
4,124.0000,10,23,619.8649,-85.2550,-0.1461,8,0.2051,0.8750,8,8,8,0,0,8,8,0.0000
4,124.0000,10,26,355.2339,-81.0225,0.6157,34,0.8718,0.3333,6,5,1,0,0,5,1,0.8000
4,124.0000,10,29,226.5310,-76.7814,0.3315,37,0.9487,0.0000,4,5,1,0,0,5,1,0.8000
4,124.0000,10,34,628.6051,-85.3783,-0.0281,6,0.1538,1.0000,8,7,5,0,0,7,5,0.2857
4,124.0000,10,37,764.2752,-88.6313,-0.2481,3,0.0769,0.7143,7,8,8,0,0,8,8,0.0000
4,124.0000,10,38,531.0945,-85.3953,-0.7238,10,0.2564,0.8750,8,7,5,0,0,7,5,0.2857
4,124.0000,10,41,538.6054,-84.2312,-0.0588,18,0.4615,1.0000,8,6,6,0,0,6,6,0.0000
4,124.0000,10,43,529.8301,-83.5945,-0.3599,23,0.5897,0.6000,5,7,6,0,0,7,6,0.1429
4,124.0000,10,47,247.7396,-77.6887,-0.4696,32,0.8205,0.2000,5,6,4,0,0,6,4,0.3333
4,124.0000,11,2,307.4954,-80.0792,0.5654,26,0.6500,0.5000,6,6,2,0,0,6,2,0.6667
4,124.0000,11,4,708.0026,-86.7527,0.3006,5,0.1250,1.0000,8,8,7,0,0,8,7,0.1250
4,124.0000,11,8,662.2765,-86.0889,-0.4458,6,0.1500,1.0000,8,8,7,0,0,8,7,0.1250
4,124.0000,11,9,651.6798,-86.4628,0.8973,6,0.1500,1.0000,8,8,8,0,0,8,8,0.0000
4,124.0000,11,13,502.8891,-81.7256,-0.5407,9,0.2250,1.0000,8,8,8,0,0,8,8,0.0000
4,124.0000,11,14,732.8587,-87.1924,2.1468,4,0.1000,1.0000,6,8,8,0,0,8,8,0.0000
4,124.0000,11,15,440.3090,-81.7886,1.0176,7,0.1750,0.7143,7,4,1,0,0,4,1,0.7500
4,124.0000,11,17,342.4778,-80.4740,-0.0304,20,0.5000,0.7143,7,7,6,0,0,7,6,0.1429
4,124.0000,11,18,467.4748,-82.0846,-0.5240,16,0.4000,0.8571,7,8,7,0,0,8,7,0.1250
4,124.0000,11,20,831.9050,-88.4946,0.3899,3,0.0750,0.8750,8,8,8,0,0,8,8,0.0000
4,124.0000,11,25,502.9982,-82.5789,0.5657,8,0.2000,0.8889,9,8,8,0,0,8,8,0.0000
4,124.0000,11,27,932.2658,-87.5356,-0.2443,3,0.0750,1.0000,8,6,6,0,0,6,6,0.0000
4,124.0000,11,28,780.3477,-86.9407,1.0002,7,0.1750,1.0000,8,8,7,0,0,8,7,0.1250
4,124.0000,11,30,879.9123,-87.4634,0.6444,3,0.0750,1.0000,4,8,8,0,0,8,8,0.0000
4,124.0000,11,32,862.2560,-86.4040,-1.4495,3,0.0750,1.0000,8,8,8,0,0,8,8,0.0000
4,124.0000,11,35,756.0824,-86.2605,0.9612,6,0.1500,1.0000,8,8,8,0,0,8,8,0.0000
4,124.0000,11,39,75.3273,-69.0267,1.7739,34,0.8500,0.0588,17,5,1,0,0,5,1,0.8000
4,124.0000,11,40,672.5464,-85.9924,-0.3447,6,0.1500,1.0000,8,7,6,0,0,7,6,0.1429
4,124.0000,11,42,619.3887,-87.4896,-1.3968,4,0.1000,1.0000,8,7,6,0,0,7,6,0.1429
4,124.0000,11,44,722.4197,-85.9156,0.4902,5,0.1250,0.8333,6,8,8,0,0,8,8,0.0000
4,124.0000,11,45,766.7812,-86.8843,-0.0227,5,0.1250,1.0000,8,8,8,0,0,8,8,0.0000
4,124.0000,11,46,259.5582,-78.6979,0.9116,18,0.4500,0.7143,7,6,3,0,0,6,3,0.5000
4,124.0000,12,0,699.8061,-87.2273,0.2478,8,0.2000,1.0000,8,7,6,0,0,7,6,0.1429
4,124.0000,12,3,474.3256,-83.7232,0.6595,10,0.2500,0.8571,7,7,5,0,0,7,5,0.2857
4,124.0000,12,5,738.5498,-86.7707,-0.0667,4,0.1000,0.6667,3,8,8,0,0,8,8,0.0000
4,124.0000,12,6,668.9716,-85.2390,-0.0331,9,0.2250,0.8571,7,8,8,0,0,8,8,0.0000
4,124.0000,12,7,596.5100,-85.3136,-0.1494,11,0.2750,0.7143,7,7,6,0,0,7,6,0.1429
4,124.0000,12,8,1036.3177,-89.4318,0.5215,3,0.0750,1.0000,6,2,2,0,0,2,2,0.0000
4,124.0000,12,10,460.6564,-83.8244,0.3915,15,0.3750,0.7500,8,6,3,0,0,6,3,0.5000
4,124.0000,12,14,902.3946,-86.8600,1.3532,4,0.1000,1.0000,4,8,8,0,0,8,8,0.0000
4,124.0000,12,16,679.1497,-86.6850,0.6485,7,0.1750,1.0000,8,7,6,0,0,7,6,0.1429
4,124.0000,12,22,705.8630,-85.1339,0.8802,7,0.1750,1.0000,8,7,6,0,0,7,6,0.1429
4,124.0000,12,23,233.4607,-76.3896,0.1097,32,0.8000,0.2000,5,4,0,0,0,4,0,1.0000
4,124.0000,12,26,403.0460,-81.2667,-0.3297,25,0.6250,0.5714,7,5,2,0,0,5,2,0.6000
4,124.0000,12,27,805.0801,-86.8945,0.0681,5,0.1250,1.0000,8,8,8,0,0,8,8,0.0000
4,124.0000,12,29,430.2866,-82.1179,-0.1091,24,0.6000,0.8571,7,5,1,0,0,5,1,0.8000
4,124.0000,12,31,770.4742,-87.0190,0.0328,5,0.1250,1.0000,8,10,10,0,0,10,10,0.0000
4,124.0000,12,34,227.6079,-76.7768,0.0907,32,0.8000,0.2000,5,7,3,0,0,7,3,0.5714
4,124.0000,12,37,623.2924,-86.1608,1.1667,6,0.1500,1.0000,8,8,8,39,36,47,44,0.0638
4,124.0000,12,38,255.8331,-77.2688,0.3949,27,0.6750,0.2000,5,5,2,0,0,5,2,0.6000
4,124.0000,12,40,1019.9075,-89.1175,0.1336,3,0.0750,0.8750,8,6,6,0,0,6,6,0.0000
4,124.0000,12,41,98.9890,-65.3420,-0.3903,37,0.9250,0.2000,5,4,0,0,0,4,0,1.0000
4,124.0000,12,43,809.7613,-86.8834,0.3672,7,0.1750,1.0000,6,6,6,0,0,6,6,0.0000
4,124.0000,12,47,254.4321,-79.5966,0.4776,23,0.5750,0.4000,5,6,3,0,0,6,3,0.5000
4,124.0000,13,2,659.1489,-85.0653,0.1163,9,0.2250,0.8750,8,7,5,0,0,7,5,0.2857
4,124.0000,13,4,772.2011,-86.0595,0.1301,10,0.2500,1.0000,8,8,8,0,0,8,8,0.0000
4,124.0000,13,8,345.8899,-81.4598,1.7291,27,0.6750,0.7500,8,7,4,0,0,7,4,0.4286
4,124.0000,13,9,773.6100,-85.4080,-0.3853,7,0.1750,1.0000,8,8,8,0,0,8,8,0.0000
4,124.0000,13,11,502.8891,-84.0557,0.2735,25,0.6250,1.0000,8,7,6,0,0,7,6,0.1429
4,124.0000,13,14,281.8772,-78.6845,0.0476,30,0.7500,0.3333,6,6,4,0,0,6,4,0.3333
4,124.0000,13,15,393.6454,-79.9660,-0.5456,21,0.5250,0.8571,7,8,8,0,0,8,8,0.0000
4,124.0000,13,17,480.9337,-82.9052,0.1522,17,0.4250,0.7143,7,8,8,0,0,8,8,0.0000
4,124.0000,13,18,572.8908,-84.0315,-0.1198,20,0.5000,0.7143,7,8,8,0,0,8,8,0.0000
4,124.0000,13,19,1053.2424,-88.0665,-0.7256,3,0.0750,1.0000,6,8,8,0,0,8,8,0.0000
4,124.0000,13,20,640.6627,-85.0710,0.1377,7,0.1750,1.0000,8,7,5,0,0,7,5,0.2857
4,124.0000,13,21,812.3144,-87.3144,-1.8750,5,0.1250,1.0000,8,8,8,0,0,8,8,0.0000
4,124.0000,13,24,690.9514,-85.0369,0.2388,7,0.1750,0.8750,8,7,6,0,0,7,6,0.1429
4,124.0000,13,25,173.2073,-71.8243,-1.1733,34,0.8500,0.0000,4,7,4,0,0,7,4,0.4286
4,124.0000,13,27,558.8625,-85.1024,-0.3208,10,0.2500,1.0000,8,7,6,0,0,7,6,0.1429
4,124.0000,13,31,387.3941,-80.4142,0.2578,18,0.4500,0.7143,7,8,7,0,0,8,7,0.1250
4,124.0000,13,32,931.6176,-88.0915,-0.0519,4,0.1000,0.8571,7,6,6,0,0,6,6,0.0000
4,124.0000,13,33,964.0476,-85.4431,0.0447,3,0.0750,,0,6,6,0,0,6,6,0.0000
4,124.0000,13,38,1011.3433,-88.5443,0.2569,3,0.0750,1.0000,6,2,1,0,0,2,1,0.5000
4,124.0000,13,39,531.6364,-84.6003,-0.1664,21,0.5250,0.5714,7,6,4,0,0,6,4,0.3333
4,124.0000,13,40,360.2016,-79.5189,0.7516,21,0.5250,0.9000,10,7,6,0,0,7,6,0.1429
4,124.0000,13,42,292.6505,-78.9154,0.0098,23,0.5750,0.2000,5,6,4,0,0,6,4,0.3333
4,124.0000,13,45,577.8362,-83.3603,0.4382,11,0.2750,0.4000,5,7,5,0,0,7,5,0.2857
4,124.0000,13,46,250.0532,-74.9624,-1.3779,32,0.8000,0.0000,4,7,5,0,0,7,5,0.2857
4,124.0000,14,1,675.6666,-85.9400,0.8385,5,0.1250,0.8571,7,7,6,0,0,7,6,0.1429
4,124.0000,14,3,592.4972,-85.1140,1.3727,6,0.1500,1.0000,8,7,6,0,0,7,6,0.1429
4,124.0000,14,6,655.0918,-86.5584,1.1642,4,0.1000,1.0000,8,8,8,0,0,8,8,0.0000
4,124.0000,14,8,407.4765,-82.5247,-0.4390,15,0.3750,0.4000,5,7,5,0,0,7,5,0.2857
4,124.0000,14,11,732.8587,-87.0190,0.9328,5,0.1250,1.0000,10,6,6,0,0,6,6,0.0000
4,124.0000,14,13,281.8772,-77.8034,-0.1543,23,0.5750,0.5714,7,6,3,0,0,6,3,0.5000
4,124.0000,14,15,442.2340,-82.3986,-0.4881,14,0.3500,1.0000,8,7,6,0,0,7,6,0.1429
4,124.0000,14,17,682.9713,-86.8760,-0.4910,4,0.1000,0.8750,8,8,8,0,0,8,8,0.0000
4,124.0000,14,19,806.7080,-86.7063,0.8969,3,0.0750,1.0000,8,8,8,0,0,8,8,0.0000
4,124.0000,14,20,510.0236,-85.4606,1.8217,6,0.1500,0.8750,8,8,8,0,0,8,8,0.0000
4,124.0000,14,21,679.6562,-88.9455,0.3185,3,0.0750,1.0000,6,6,6,0,0,6,6,0.0000
4,124.0000,14,24,491.0571,-84.4757,-1.5703,4,0.1000,0.8571,7,6,3,0,0,6,3,0.5000
4,124.0000,14,25,254.9562,-78.4128,1.7537,19,0.4750,0.6667,6,5,2,0,0,5,2,0.6000
4,124.0000,14,27,362.7498,-81.1764,0.7050,8,0.2000,0.8750,8,7,4,0,0,7,4,0.4286
4,124.0000,14,31,166.7434,-72.5844,-0.5735,30,0.7500,0.0000,4,6,2,0,0,6,2,0.6667
4,124.0000,14,33,802.6263,-86.1604,2.3116,4,0.1000,1.0000,4,5,4,0,0,5,4,0.2000
4,124.0000,14,34,690.5440,-85.7198,-0.5202,6,0.1500,1.0000,8,8,7,0,0,8,7,0.1250
4,124.0000,14,36,628.2504,-85.2080,-0.3913,6,0.1500,1.0000,8,8,8,0,0,8,8,0.0000
4,124.0000,14,37,730.2016,-88.0323,1.4835,3,0.0750,0.8571,7,7,6,0,0,7,6,0.1429
4,124.0000,14,40,360.1752,-81.4979,0.3655,11,0.2750,0.7143,7,7,5,0,0,7,5,0.2857
4,124.0000,14,41,892.9170,-88.5463,0.5656,3,0.0750,0.6667,3,8,8,0,0,8,8,0.0000
4,124.0000,14,42,349.3438,-80.0171,0.6736,18,0.4500,0.8571,7,8,6,0,0,8,6,0.2500
4,124.0000,14,45,501.5274,-85.4853,0.3100,5,0.1250,0.8571,7,6,3,0,0,6,3,0.5000
4,124.0000,14,46,486.8388,-82.1407,-0.1150,12,0.3000,0.7143,7,4,0,0,0,4,0,1.0000
4,124.0000,15,1,805.9898,-87.9236,0.8067,6,0.1500,1.0000,8,8,8,0,0,8,8,0.0000
4,124.0000,15,2,554.8042,-84.2634,0.8706,19,0.4750,1.0000,8,8,7,0,0,8,7,0.1250
4,124.0000,15,3,920.0118,-87.6317,-0.5082,6,0.1500,1.0000,8,2,2,0,0,2,2,0.0000
4,124.0000,15,4,444.4495,-82.7639,0.2264,19,0.4750,0.7143,7,6,3,0,0,6,3,0.5000
4,124.0000,15,8,488.5597,-83.1164,0.0475,17,0.4250,1.0000,8,7,6,0,0,7,6,0.1429
4,124.0000,15,9,417.6250,-82.6471,0.5079,21,0.5250,0.8750,8,7,6,0,0,7,6,0.1429
4,124.0000,15,11,440.3090,-83.5045,0.0997,25,0.6250,0.8571,7,6,4,0,0,6,4,0.3333
4,124.0000,15,13,393.6454,-79.6736,-0.4867,26,0.6500,0.6667,6,7,5,0,0,7,5,0.2857
4,124.0000,15,14,442.2340,-82.2109,0.9101,16,0.4000,0.6667,6,8,8,0,0,8,8,0.0000
4,124.0000,15,17,439.9958,-82.5747,0.2108,19,0.4750,0.8571,7,7,6,0,0,7,6,0.1429
4,124.0000,15,18,191.7470,-77.7103,1.6341,31,0.7750,0.4286,7,4,0,5,1,9,1,0.8889
4,124.0000,15,20,410.6683,-81.3148,0.8357,20,0.5000,1.0000,8,7,6,0,0,7,6,0.1429
4,124.0000,15,21,609.7556,-84.5199,0.9037,13,0.3250,0.3333,6,7,6,0,0,7,6,0.1429
4,124.0000,15,24,503.4440,-83.8241,0.2026,11,0.2750,0.5000,6,8,8,0,0,8,8,0.0000
4,124.0000,15,25,254.6415,-75.3759,-1.0274,29,0.7250,0.2500,4,6,4,0,0,6,4,0.3333
4,124.0000,15,27,566.0179,-83.5586,-1.0725,12,0.3000,0.8571,7,8,8,0,0,8,8,0.0000
4,124.0000,15,28,738.3175,-86.9505,-0.0665,9,0.2250,1.0000,6,7,6,0,0,7,6,0.1429
4,124.0000,15,30,742.4935,-85.8664,0.7610,15,0.3750,0.4000,5,6,6,0,0,6,6,0.0000
4,124.0000,15,31,546.8669,-84.0322,-0.0598,16,0.4000,0.8750,8,8,8,0,0,8,8,0.0000
4,124.0000,15,32,550.6342,-84.0784,0.1814,16,0.4000,0.5000,6,7,5,0,0,7,5,0.2857
4,124.0000,15,33,702.7948,-87.3758,0.8225,9,0.2250,0.8333,6,6,6,0,0,6,6,0.0000
4,124.0000,15,34,1110.1671,-89.2401,0.1352,3,0.0750,1.0000,4,6,6,0,0,6,6,0.0000
4,124.0000,15,35,740.0305,-86.9862,0.8786,8,0.2000,1.0000,4,8,8,0,0,8,8,0.0000
4,124.0000,15,36,848.0298,-88.3130,0.1232,6,0.1500,1.0000,8,8,8,0,0,8,8,0.0000
4,124.0000,15,37,1001.2976,-88.1931,-2.8039,3,0.0750,1.0000,2,8,8,0,0,8,8,0.0000
4,124.0000,15,39,474.7674,-84.0962,0.6694,23,0.5750,0.8571,7,8,6,0,0,8,6,0.2500
4,124.0000,15,40,421.7771,-82.3932,-0.1193,20,0.5000,0.7143,7,7,6,0,0,7,6,0.1429
4,124.0000,15,42,417.5091,-81.8238,-0.4778,17,0.4250,1.0000,8,6,4,0,0,6,4,0.3333
4,124.0000,15,44,694.7303,-86.5282,-0.1006,12,0.3000,1.0000,4,8,8,0,0,8,8,0.0000
4,124.0000,15,45,399.4923,-81.0871,-0.1814,21,0.5250,0.7143,7,7,6,0,0,7,6,0.1429
4,124.0000,15,46,312.3326,-79.6075,0.7672,27,0.6750,0.6000,5,8,4,0,0,8,4,0.5000
4,124.0000,16,0,104.0987,-71.9218,1.5796,37,0.9250,0.2500,4,6,1,0,0,6,1,0.8333
4,124.0000,16,3,783.8472,-86.6608,1.9403,5,0.1250,1.0000,8,8,8,0,0,8,8,0.0000
4,124.0000,16,5,444.3919,-84.5444,1.4509,13,0.3250,0.8750,8,6,3,0,0,6,3,0.5000
4,124.0000,16,6,772.1613,-86.5325,0.0235,3,0.0750,1.0000,8,8,7,0,0,8,7,0.1250
4,124.0000,16,7,395.3371,-82.1398,0.7621,22,0.5500,0.2000,5,8,6,0,0,8,6,0.2500
4,124.0000,16,10,345.5737,-80.7556,-0.9631,24,0.6000,0.5000,6,5,2,0,0,5,2,0.6000
4,124.0000,16,12,679.1497,-86.7184,-0.6095,5,0.1250,0.8571,7,8,8,0,0,8,8,0.0000
4,124.0000,16,22,531.4673,-85.2383,0.3735,13,0.3250,1.0000,8,8,8,0,0,8,8,0.0000
4,124.0000,16,23,785.5444,-86.7685,-1.2568,4,0.1000,1.0000,8,8,8,0,0,8,8,0.0000
4,124.0000,16,26,697.7068,-85.7877,0.0027,10,0.2500,1.0000,8,8,7,0,0,8,7,0.1250
4,124.0000,16,29,562.9211,-84.2680,-0.1318,20,0.5000,0.6250,8,7,6,0,0,7,6,0.1429
4,124.0000,16,34,802.7898,-87.8198,1.9177,4,0.1000,1.0000,8,8,8,0,0,8,8,0.0000
4,124.0000,16,37,683.7705,-85.6730,0.9299,8,0.2000,0.8571,7,8,8,0,0,8,8,0.0000
4,124.0000,16,38,623.7111,-85.6189,1.0097,6,0.1500,0.8571,7,8,8,0,0,8,8,0.0000
4,124.0000,16,41,773.7267,-86.7362,-0.0024,6,0.1500,1.0000,8,8,8,0,0,8,8,0.0000
4,124.0000,16,43,245.1832,-76.9636,-0.3241,34,0.8500,0.0000,4,4,0,0,0,4,0,1.0000
4,124.0000,16,47,447.1028,-81.9569,0.0246,22,0.5500,1.0000,8,7,6,0,0,7,6,0.1429
4,124.0000,17,2,225.4744,-78.0587,1.2441,35,0.8750,0.2000,5,4,0,0,0,4,0,1.0000
4,124.0000,17,4,557.5748,-85.2114,0.5096,4,0.1000,1.0000,8,8,8,0,0,8,8,0.0000
4,124.0000,17,8,432.6816,-81.8791,0.0222,16,0.4000,1.0000,8,7,5,0,0,7,5,0.2857
4,124.0000,17,9,552.8310,-84.6346,0.8500,10,0.2500,1.0000,8,8,8,0,0,8,8,0.0000
4,124.0000,17,11,342.4778,-79.6309,0.3067,26,0.6500,0.0000,4,6,3,0,0,6,3,0.5000
4,124.0000,17,13,480.9337,-82.5382,-1.5062,12,0.3000,1.0000,8,9,8,0,0,9,8,0.1111
4,124.0000,17,15,439.9958,-82.8439,0.5948,12,0.3000,0.8750,8,6,4,0,0,6,4,0.3333
4,124.0000,17,18,527.1355,-83.3219,0.5073,12,0.3000,1.0000,8,6,5,0,0,6,5,0.1667
4,124.0000,17,25,434.3774,-81.9012,-0.0801,14,0.3500,0.8571,7,8,8,0,0,8,8,0.0000
4,124.0000,17,27,762.8060,-87.1400,0.2774,4,0.1000,1.0000,8,7,6,0,0,7,6,0.1429
4,124.0000,17,31,735.8105,-86.2379,-1.8434,4,0.1000,0.8571,7,8,8,0,0,8,8,0.0000
4,124.0000,17,32,813.2825,-87.0206,0.2631,4,0.1000,1.0000,8,6,6,0,0,6,6,0.0000
4,124.0000,17,35,878.4642,-87.7073,0.5223,3,0.0750,1.0000,2,6,6,0,0,6,6,0.0000
4,124.0000,17,39,298.3519,-79.3441,0.5339,30,0.7500,0.5714,7,7,3,0,0,7,3,0.5714
4,124.0000,17,40,459.4792,-81.0725,-0.1404,13,0.3250,0.7143,7,8,8,0,0,8,8,0.0000
4,124.0000,17,42,418.8995,-82.0767,0.4941,15,0.3750,0.8571,7,6,3,0,0,6,3,0.5000
4,124.0000,17,44,773.3043,-86.6732,0.5085,4,0.1000,1.0000,8,7,6,0,0,7,6,0.1429
4,124.0000,17,45,573.4831,-83.7548,-0.9079,8,0.2000,1.0000,8,7,5,0,0,7,5,0.2857
4,124.0000,17,46,300.1165,-78.9569,0.6257,20,0.5000,0.7143,7,6,2,0,0,6,2,0.6667
4,124.0000,18,2,571.1521,-83.5219,-1.2696,16,0.4000,0.6667,6,5,4,0,0,5,4,0.2000
4,124.0000,18,4,405.3891,-81.6823,0.7074,10,0.2500,0.8750,8,8,6,0,0,8,6,0.2500
4,124.0000,18,8,665.6279,-86.5578,-0.0471,4,0.1000,1.0000,8,7,6,0,0,7,6,0.1429
4,124.0000,18,9,335.8459,-80.2356,0.6253,23,0.5750,0.4000,5,7,6,6,4,13,10,0.2308
4,124.0000,18,11,467.4748,-82.9845,-0.1621,19,0.4750,0.6667,6,8,7,0,0,8,7,0.1250
4,124.0000,18,13,572.8908,-84.9390,-1.2116,7,0.1750,1.0000,8,7,6,0,0,7,6,0.1429
4,124.0000,18,14,618.1766,-87.2714,1.5625,3,0.0750,0.6667,3,8,7,0,0,8,7,0.1250
4,124.0000,18,15,191.7470,-76.9049,1.4032,26,0.6500,0.4000,5,6,3,0,0,6,3,0.5000
4,124.0000,18,17,527.1355,-84.1725,0.1503,11,0.2750,0.8571,7,8,7,0,0,8,7,0.1250
4,124.0000,18,20,479.9123,-83.0453,0.7807,6,0.1500,0.8750,8,6,4,0,0,6,4,0.3333
4,124.0000,18,24,571.2176,-85.4598,0.5423,4,0.1000,0.8750,8,7,6,0,0,7,6,0.1429
4,124.0000,18,25,445.6744,-82.3781,-0.8208,10,0.2500,1.0000,8,8,8,0,0,8,8,0.0000
4,124.0000,18,28,563.9994,-84.5607,0.1450,19,0.4750,0.8571,7,7,6,0,0,7,6,0.1429
4,124.0000,18,30,582.9837,-84.4390,0.2101,18,0.4500,0.7143,7,5,4,0,0,5,4,0.2000
4,124.0000,18,32,434.7151,-82.1101,-0.0879,16,0.4000,0.6667,6,7,6,0,0,7,6,0.1429
4,124.0000,18,33,708.2898,-87.3261,1.0522,3,0.0750,0.8571,7,4,4,0,0,4,4,0.0000
4,124.0000,18,35,555.6265,-83.5386,0.3215,17,0.4250,0.7143,7,8,7,0,0,8,7,0.1250
4,124.0000,18,39,504.0298,-82.4367,-0.5319,19,0.4750,1.0000,8,5,2,0,0,5,2,0.6000
4,124.0000,18,40,595.9310,-85.4037,-0.2048,9,0.2250,1.0000,8,8,8,0,0,8,8,0.0000
4,124.0000,18,42,598.7597,-83.4448,-0.2659,4,0.1000,0.8571,7,8,7,0,0,8,7,0.1250
4,124.0000,18,44,528.2543,-84.0048,0.2059,19,0.4750,1.0000,8,6,4,0,0,6,4,0.3333
4,124.0000,18,45,502.3845,-83.5260,1.5286,8,0.2000,0.8750,8,8,7,0,0,8,7,0.1250
4,124.0000,18,46,443.1792,-82.5808,0.3441,16,0.4000,1.0000,8,7,6,0,0,7,6,0.1429
4,124.0000,19,1,136.4472,-73.2886,0.7628,34,0.8500,0.0000,4,5,1,0,0,5,1,0.8000
4,124.0000,19,3,548.0802,-84.2792,0.4052,8,0.2000,1.0000,8,8,8,0,0,8,8,0.0000
4,124.0000,19,5,520.5387,-83.6488,0.0230,14,0.3500,0.7778,9,8,7,0,0,8,7,0.1250
4,124.0000,19,6,364.3951,-80.5845,0.7383,19,0.4750,1.0000,8,8,5,0,0,8,5,0.3750
4,124.0000,19,7,627.8403,-85.6550,0.8550,6,0.1500,1.0000,6,7,6,0,0,7,6,0.1429
4,124.0000,19,8,982.5276,-87.9466,-1.2070,4,0.1000,1.0000,8,4,4,0,0,4,4,0.0000
4,124.0000,19,12,985.1902,-87.7772,1.1879,3,0.0750,0.6667,3,4,4,0,0,4,4,0.0000
4,124.0000,19,16,957.8536,-87.6418,0.0786,3,0.0750,1.0000,2,10,10,0,0,10,10,0.0000
4,124.0000,19,20,549.5679,-84.4489,1.1277,8,0.2000,1.0000,8,8,8,0,0,8,8,0.0000
4,124.0000,19,21,530.0587,-84.0672,1.2079,7,0.1750,1.0000,8,8,7,0,0,8,7,0.1250
4,124.0000,19,22,612.9937,-84.8200,1.0649,10,0.2500,0.8571,7,8,7,0,0,8,7,0.1250
4,124.0000,19,24,400.8426,-83.0840,-0.3593,8,0.2000,0.8750,8,6,4,0,0,6,4,0.3333
4,124.0000,19,27,588.3653,-83.9230,0.5552,4,0.1000,1.0000,8,8,7,0,0,8,7,0.1250
4,124.0000,19,33,408.9133,-80.6021,-0.5651,18,0.4500,0.5714,7,8,7,0,0,8,7,0.1250
4,124.0000,19,36,266.3245,-79.9272,0.9451,19,0.4750,0.5000,6,6,4,0,0,6,4,0.3333
4,124.0000,19,37,374.2524,-81.7906,0.2616,15,0.3750,0.7500,8,5,2,0,0,5,2,0.6000
4,124.0000,19,38,733.4202,-85.5690,1.0185,5,0.1250,0.8750,8,6,6,0,0,6,6,0.0000
4,124.0000,19,45,685.5966,-87.3369,0.2825,5,0.1250,1.0000,8,8,8,0,0,8,8,0.0000
4,124.0000,20,1,464.3735,-81.3344,-0.2791,19,0.4750,0.8750,8,7,6,0,0,7,6,0.1429
4,124.0000,20,2,850.0881,-87.0566,-0.0686,5,0.1250,1.0000,4,4,4,0,0,4,4,0.0000
4,124.0000,20,3,669.9230,-85.7945,0.6833,7,0.1750,1.0000,8,8,7,0,0,8,7,0.1250
4,124.0000,20,4,402.3935,-81.9790,-0.9422,20,0.5000,0.5000,6,6,4,4,4,10,8,0.2000
4,124.0000,20,6,662.0180,-85.4738,-0.1361,5,0.1250,1.0000,8,8,8,0,0,8,8,0.0000
4,124.0000,20,7,1039.1135,-88.3238,-0.3059,4,0.1000,,0,2,2,0,0,2,2,0.0000
4,124.0000,20,8,545.2131,-83.3580,0.1835,14,0.3500,0.8750,8,7,6,0,0,7,6,0.1429
4,124.0000,20,9,458.2595,-82.7809,0.9569,22,0.5500,1.0000,8,6,2,0,0,6,2,0.6667
4,124.0000,20,11,831.9050,-86.9378,0.4815,8,0.2000,1.0000,4,6,6,0,0,6,6,0.0000
4,124.0000,20,13,640.6627,-85.7556,-0.0845,11,0.2750,1.0000,8,7,6,0,0,7,6,0.1429
4,124.0000,20,14,510.0236,-84.7145,-0.5955,9,0.2250,0.8750,8,7,5,0,0,7,5,0.2857
4,124.0000,20,15,410.6683,-82.5151,0.2804,17,0.4250,0.8571,7,7,5,0,0,7,5,0.2857
4,124.0000,20,17,699.0114,-85.6694,-0.6011,6,0.1500,1.0000,8,8,8,0,0,8,8,0.0000
4,124.0000,20,18,479.9123,-82.8651,-0.4823,12,0.3000,0.8571,7,6,4,0,0,6,4,0.3333
4,124.0000,20,19,549.5679,-83.5845,-0.0153,16,0.4000,0.8750,8,7,6,0,0,7,6,0.1429
4,124.0000,20,21,223.3866,-75.7541,-0.6677,33,0.8250,0.3333,6,5,2,0,0,5,2,0.6000
4,124.0000,20,24,197.9315,-75.7821,0.3124,35,0.8750,0.3333,6,5,1,7,3,12,4,0.6667
4,124.0000,20,25,473.2545,-83.2702,-0.7085,13,0.3250,1.0000,8,8,7,0,0,8,7,0.1250
4,124.0000,20,27,343.4537,-79.3538,-1.0063,16,0.4000,0.8571,7,6,3,0,0,6,3,0.5000
4,124.0000,20,28,891.0302,-87.7793,0.2846,4,0.1000,1.0000,6,4,4,0,0,4,4,0.0000
4,124.0000,20,31,505.6730,-84.3339,-0.4327,9,0.2250,0.7143,7,8,8,0,0,8,8,0.0000
4,124.0000,20,32,467.3198,-82.3674,0.0015,16,0.4000,0.5000,6,7,5,0,0,7,5,0.2857
4,124.0000,20,33,326.0744,-80.0931,0.2396,29,0.7250,0.5714,7,7,4,55,39,62,43,0.3065
4,124.0000,20,35,938.3402,-87.4115,0.2913,6,0.1500,1.0000,6,4,4,0,0,4,4,0.0000
4,124.0000,20,36,544.6962,-84.2033,-0.1154,15,0.3750,1.0000,8,6,4,0,0,6,4,0.3333
4,124.0000,20,37,708.7890,-87.2502,-0.5319,8,0.2000,0.8571,7,7,6,0,0,7,6,0.1429
4,124.0000,20,38,920.3874,-87.7421,0.7436,3,0.0750,1.0000,8,4,4,0,0,4,4,0.0000
4,124.0000,20,39,849.7848,-86.5821,1.5016,3,0.0750,1.0000,2,7,6,0,0,7,6,0.1429
4,124.0000,20,40,430.2054,-83.5288,0.7540,15,0.3750,0.9600,75,5,2,10,9,15,11,0.2667
4,124.0000,20,42,496.9080,-83.3302,-0.8939,12,0.3000,1.0000,8,7,6,0,0,7,6,0.1429
4,124.0000,20,45,174.6628,-75.6452,0.6671,31,0.7750,0.5909,66,5,1,0,0,5,1,0.8000
4,124.0000,20,46,668.9300,-85.1479,0.2334,10,0.2500,1.0000,8,8,8,0,0,8,8,0.0000
4,124.0000,21,1,471.3675,-82.3753,-0.7019,9,0.2250,0.6667,6,6,3,0,0,6,3,0.5000
4,124.0000,21,2,960.7369,-87.4890,0.2649,4,0.1000,1.0000,8,2,2,0,0,2,2,0.0000
4,124.0000,21,3,678.3837,-86.9906,-0.1296,5,0.1250,1.0000,8,8,7,0,0,8,7,0.1250
4,124.0000,21,4,449.3959,-81.3213,-0.2093,16,0.4000,0.8750,8,8,8,0,0,8,8,0.0000
4,124.0000,21,6,701.0272,-87.5430,-0.2916,3,0.0750,1.0000,8,8,7,0,0,8,7,0.1250
4,124.0000,21,8,629.7990,-82.9519,-0.2985,10,0.2500,0.6667,6,10,10,0,0,10,10,0.0000
4,124.0000,21,9,539.5735,-84.9303,-0.8850,12,0.3000,0.8889,9,7,6,0,0,7,6,0.1429
4,124.0000,21,13,812.3144,-87.0031,-0.9736,4,0.1000,1.0000,8,6,6,0,0,6,6,0.0000
4,124.0000,21,14,679.6562,-87.5230,-0.6632,3,0.0750,0.8571,7,8,8,0,0,8,8,0.0000
4,124.0000,21,15,609.7556,-85.0712,0.3235,9,0.2250,1.0000,8,8,8,0,0,8,8,0.0000
4,124.0000,21,18,667.7998,-87.1742,-0.2284,7,0.1750,1.0000,4,8,8,0,0,8,8,0.0000
4,124.0000,21,19,530.0587,-85.6613,-0.2858,9,0.2250,1.0000,8,7,6,0,0,7,6,0.1429
4,124.0000,21,20,223.3866,-75.7015,-0.3704,28,0.7000,0.2000,5,5,2,0,0,5,2,0.6000
4,124.0000,21,22,867.8326,-89.6168,0.1420,3,0.0750,,0,6,6,0,0,6,6,0.0000
4,124.0000,21,24,338.5212,-79.9715,0.7056,18,0.4500,0.6667,6,6,4,0,0,6,4,0.3333
4,124.0000,21,25,649.7617,-85.5102,-0.3727,4,0.1000,0.8571,7,7,6,0,0,7,6,0.1429
4,124.0000,21,27,400.2348,-80.9336,-0.1134,14,0.3500,0.8571,7,8,6,0,0,8,6,0.2500
4,124.0000,21,28,985.8543,-87.9834,0.3712,6,0.1500,,0,4,4,0,0,4,4,0.0000
4,124.0000,21,30,849.5672,-85.5219,-0.7472,7,0.1750,0.8000,5,6,6,0,0,6,6,0.0000
4,124.0000,21,31,627.8105,-86.2697,0.0143,8,0.2000,1.0000,8,8,7,0,0,8,7,0.1250
4,124.0000,21,32,537.0441,-84.3135,0.8107,12,0.3000,1.0000,8,8,7,0,0,8,7,0.1250
4,124.0000,21,33,256.3562,-79.2134,0.2922,29,0.7250,0.4000,5,4,0,0,0,4,0,1.0000
4,124.0000,21,34,1009.4516,-88.6727,0.8349,3,0.0750,1.0000,8,4,4,0,0,4,4,0.0000
4,124.0000,21,35,1060.7253,-88.3936,-3.6625,3,0.0750,1.0000,6,4,4,0,0,4,4,0.0000
4,124.0000,21,36,565.6037,-84.7472,-0.5915,8,0.2000,0.8750,8,8,8,0,0,8,8,0.0000
4,124.0000,21,37,712.6667,-86.9821,0.2234,4,0.1000,1.0000,8,8,8,0,0,8,8,0.0000
4,124.0000,21,40,524.1341,-84.5687,0.1380,5,0.1250,1.0000,8,7,6,0,0,7,6,0.1429
4,124.0000,21,42,605.5281,-84.4017,-0.3909,7,0.1750,1.0000,8,8,8,0,0,8,8,0.0000
4,124.0000,21,45,251.0145,-77.4100,0.4226,23,0.5750,0.5714,7,6,4,0,0,6,4,0.3333
4,124.0000,21,46,841.5999,-87.8943,-0.9234,7,0.1750,1.0000,6,7,6,0,0,7,6,0.1429
4,124.0000,22,0,514.2165,-82.1666,0.2053,23,0.5750,0.8750,8,8,8,0,0,8,8,0.0000
4,124.0000,22,1,616.8926,-86.9003,0.1349,4,0.1000,0.8571,7,8,8,0,0,8,8,0.0000
4,124.0000,22,3,528.6567,-83.5567,-1.0331,8,0.2000,1.0000,18,8,8,0,0,8,8,0.0000
4,124.0000,22,5,319.5777,-79.6595,-0.4880,22,0.5500,0.6667,6,7,5,0,0,7,5,0.2857
4,124.0000,22,6,571.1381,-85.2304,0.0959,6,0.1500,1.0000,8,7,6,0,0,7,6,0.1429
4,124.0000,22,7,467.9274,-83.5159,0.5233,16,0.4000,0.8571,7,8,8,0,0,8,8,0.0000
4,124.0000,22,10,712.6140,-85.1468,0.4007,5,0.1250,1.0000,8,8,7,0,0,8,7,0.1250
4,124.0000,22,12,705.8630,-85.0435,0.0736,9,0.2250,1.0000,10,8,8,0,0,8,8,0.0000
4,124.0000,22,16,531.4673,-84.6971,0.6333,16,0.4000,1.0000,8,6,3,0,0,6,3,0.5000
4,124.0000,22,19,612.9937,-85.9116,-0.0436,5,0.1250,1.0000,8,6,4,0,0,6,4,0.3333
4,124.0000,22,23,668.8972,-86.0606,0.8186,6,0.1500,1.0000,8,8,8,0,0,8,8,0.0000
4,124.0000,22,26,958.2404,-88.2848,0.6101,3,0.0750,1.0000,4,2,2,0,0,2,2,0.0000
4,124.0000,22,27,804.8319,-87.9545,-3.7986,3,0.0750,1.0000,6,8,8,0,0,8,8,0.0000
4,124.0000,22,34,761.9388,-86.4275,0.5738,6,0.1500,1.0000,6,6,6,0,0,6,6,0.0000
4,124.0000,22,37,455.6789,-82.6199,1.4803,8,0.2000,0.9091,11,7,6,0,0,7,6,0.1429
4,124.0000,22,38,551.7042,-85.6405,0.6015,8,0.2000,0.7143,7,7,6,0,0,7,6,0.1429
4,124.0000,22,41,783.2436,-88.2997,0.9201,5,0.1250,1.0000,6,8,8,0,0,8,8,0.0000
4,124.0000,22,43,462.1997,-82.7321,-0.4487,25,0.6250,0.8571,7,8,8,0,0,8,8,0.0000
4,124.0000,22,47,623.6226,-84.9485,0.1006,10,0.2500,0.8750,8,8,8,0,0,8,8,0.0000
4,124.0000,23,0,781.1800,-86.1590,0.9953,6,0.1500,1.0000,8,6,6,0,0,6,6,0.0000
4,124.0000,23,1,890.9710,-87.1613,0.9077,4,0.1000,1.0000,6,8,8,0,0,8,8,0.0000
4,124.0000,23,3,463.1841,-83.6157,0.2887,15,0.3750,1.0000,8,7,5,0,0,7,5,0.2857
4,124.0000,23,5,794.8650,-87.1701,-0.5307,6,0.1500,1.0000,8,8,7,0,0,8,7,0.1250
4,124.0000,23,6,723.1348,-85.8089,0.2932,6,0.1500,1.0000,10,8,8,0,0,8,8,0.0000
4,124.0000,23,7,713.4788,-87.0285,-0.1151,10,0.2500,1.0000,8,6,5,0,0,6,5,0.1667
4,124.0000,23,10,619.8649,-84.7489,0.4166,16,0.4000,1.0000,8,8,8,0,0,8,8,0.0000
4,124.0000,23,12,233.4607,-76.6220,0.1176,31,0.7750,0.5000,6,5,2,52,40,57,42,0.2632
4,124.0000,23,13,1073.8384,-89.0549,-0.2566,3,0.0750,,0,4,4,0,0,4,4,0.0000
4,124.0000,23,14,886.6883,-87.4458,-1.4538,4,0.1000,0.8000,5,5,4,0,0,5,4,0.2000
4,124.0000,23,16,785.5444,-85.9626,0.4687,7,0.1750,1.0000,8,6,6,0,0,6,6,0.0000
4,124.0000,23,22,668.8972,-85.7935,0.2819,6,0.1500,0.9786,140,7,5,2,2,9,7,0.2222
4,124.0000,23,26,566.3816,-82.8726,-0.2058,20,0.5000,0.8750,8,5,4,0,0,5,4,0.2000
4,124.0000,23,27,728.4882,-87.8609,0.1182,6,0.1500,1.0000,8,8,7,0,0,8,7,0.1250
4,124.0000,23,29,629.4670,-84.9909,-0.5086,17,0.4250,0.8750,8,8,8,0,0,8,8,0.0000
4,124.0000,23,31,732.2012,-86.7097,-0.4756,4,0.1000,0.8750,8,8,8,0,0,8,8,0.0000
4,124.0000,23,34,344.2092,-80.8737,0.3182,21,0.5250,0.8571,7,6,4,0,0,6,4,0.3333
4,124.0000,23,36,753.6907,-87.8066,-0.4089,4,0.1000,1.0000,8,8,8,0,0,8,8,0.0000
4,124.0000,23,37,664.5251,-84.7068,-0.0227,7,0.1750,1.0000,10,8,8,0,0,8,8,0.0000
4,124.0000,23,38,350.5648,-79.9202,-0.8703,21,0.5250,0.6000,5,6,3,0,0,6,3,0.5000
4,124.0000,23,41,216.9655,-75.7402,0.7496,29,0.7250,0.2308,13,6,2,57,21,63,23,0.6349
4,124.0000,23,43,853.1165,-87.1341,-0.1167,11,0.2750,1.0000,8,8,8,0,0,8,8,0.0000
4,124.0000,23,47,438.4947,-82.4026,-0.5659,17,0.4250,0.7143,7,7,6,0,0,7,6,0.1429
4,124.0000,24,1,308.0890,-79.0579,-0.3778,22,0.5366,0.5000,6,7,5,0,0,7,5,0.2857
4,124.0000,24,3,573.3790,-85.3736,1.0056,8,0.1951,1.0000,8,8,8,0,0,8,8,0.0000
4,124.0000,24,4,581.9160,-83.7040,0.0432,15,0.3659,0.8750,8,6,4,0,0,6,4,0.3333
4,124.0000,24,5,846.8166,-86.4328,0.2992,8,0.1951,1.0000,8,2,2,0,0,2,2,0.0000
4,124.0000,24,6,497.3275,-84.1907,1.0136,14,0.3415,1.0000,8,7,6,0,0,7,6,0.1429
4,124.0000,24,7,882.7278,-87.1881,-0.1396,3,0.0732,1.0000,2,6,6,0,0,6,6,0.0000
4,124.0000,24,8,654.5834,-83.1290,-0.1182,10,0.2439,1.0000,8,8,8,0,0,8,8,0.0000
4,124.0000,24,9,621.2783,-86.6116,-0.6550,10,0.2439,0.6667,6,8,8,0,0,8,8,0.0000
4,124.0000,24,11,942.0870,-88.4765,0.2168,3,0.0732,1.0000,8,4,4,0,0,4,4,0.0000
4,124.0000,24,12,1037.5688,-88.1660,0.2616,4,0.0976,1.0000,4,2,2,0,0,2,2,0.0000
4,124.0000,24,13,690.9514,-84.6366,0.1294,9,0.2195,0.8571,7,8,8,0,0,8,8,0.0000
4,124.0000,24,14,491.0571,-83.5673,0.2313,13,0.3171,0.8750,8,8,7,0,0,8,7,0.1250
4,124.0000,24,15,503.4440,-83.6858,-0.1412,12,0.2927,0.8750,8,6,4,0,0,6,4,0.3333
4,124.0000,24,18,571.2176,-85.0135,0.7599,8,0.1951,0.8571,7,8,8,0,0,8,8,0.0000
4,124.0000,24,19,400.8426,-82.6045,-0.1189,21,0.5122,1.0000,8,8,7,0,0,8,7,0.1250
4,124.0000,24,20,197.9315,-75.8688,0.5519,33,0.8049,0.2000,5,5,1,0,0,5,1,0.8000
4,124.0000,24,21,338.5212,-80.9546,0.5387,23,0.5610,0.8750,8,6,3,0,0,6,3,0.5000
4,124.0000,24,22,882.8202,-86.6177,-0.0647,3,0.0732,1.0000,4,8,8,0,0,8,8,0.0000
4,124.0000,24,25,543.6195,-84.2808,0.6153,11,0.2683,1.0000,8,8,7,0,0,8,7,0.1250
4,124.0000,24,27,351.5652,-78.2791,-0.3954,26,0.6341,0.7143,7,8,8,0,0,8,8,0.0000
4,124.0000,24,28,1009.3972,-88.5356,0.5800,4,0.0976,,0,4,4,0,0,4,4,0.0000
4,124.0000,24,30,915.6405,-87.9850,-0.8213,3,0.0732,,0,4,4,0,0,4,4,0.0000
4,124.0000,24,31,489.7086,-82.4025,-0.4710,17,0.4146,0.6667,6,7,6,0,0,7,6,0.1429
4,124.0000,24,32,565.0385,-84.5047,0.8139,14,0.3415,0.8571,7,8,7,0,0,8,7,0.1250
4,124.0000,24,33,333.8694,-81.3554,0.5320,21,0.5122,0.7143,7,5,2,8,1,13,3,0.7692
4,124.0000,24,34,873.7447,-86.0485,0.0775,5,0.1220,0.8750,8,8,8,0,0,8,8,0.0000
4,124.0000,24,36,390.0788,-80.1362,-1.0889,22,0.5366,0.6667,6,6,6,0,0,6,6,0.0000
4,124.0000,24,37,560.3890,-84.2498,-0.6603,10,0.2439,0.8750,8,7,6,0,0,7,6,0.1429
4,124.0000,24,38,811.7311,-87.1201,-2.0157,3,0.0732,0.8750,8,4,4,0,0,4,4,0.0000
4,124.0000,24,40,540.9019,-84.8236,-0.3859,10,0.2439,1.0000,6,8,8,0,0,8,8,0.0000
4,124.0000,24,42,600.9160,-85.7359,0.1067,11,0.2683,1.0000,8,8,8,0,0,8,8,0.0000
4,124.0000,24,45,353.3903,-81.7690,0.2260,16,0.3902,0.5714,7,6,4,0,0,6,4,0.3333
4,124.0000,24,46,764.6321,-86.9820,-0.2795,8,0.1951,1.0000,8,5,4,0,0,5,4,0.2000
4,124.0000,25,1,801.2797,-87.7854,0.2248,4,0.1000,1.0000,6,8,7,0,0,8,7,0.1250
4,124.0000,25,2,619.3024,-84.9013,0.5528,18,0.4500,0.8750,8,8,8,0,0,8,8,0.0000
4,124.0000,25,3,786.1338,-87.9266,-0.2855,4,0.1000,0.6667,3,8,8,0,0,8,8,0.0000
4,124.0000,25,4,610.8682,-84.9245,0.1843,10,0.2500,1.0000,8,8,7,0,0,8,7,0.1250
4,124.0000,25,6,854.5587,-87.5530,2.9432,3,0.0750,,0,6,5,0,0,6,5,0.1667
4,124.0000,25,8,296.3692,-78.8539,0.0421,23,0.5750,0.4000,5,6,4,0,0,6,4,0.3333
4,124.0000,25,9,618.7868,-85.0808,-0.1134,14,0.3500,0.8571,7,6,6,0,0,6,6,0.0000
4,124.0000,25,11,502.9982,-82.9521,-0.5059,18,0.4500,0.8571,7,7,4,0,0,7,4,0.4286
4,124.0000,25,13,173.2073,-72.3024,-1.0086,34,0.8500,0.0000,4,4,0,0,0,4,0,1.0000
4,124.0000,25,14,254.9562,-79.6396,1.1754,22,0.5500,0.6667,6,4,0,0,0,4,0,1.0000
4,124.0000,25,15,254.6415,-76.0071,-0.7536,29,0.7250,0.2000,5,4,0,0,0,4,0,1.0000
4,124.0000,25,17,434.3774,-81.5379,-0.4005,23,0.5750,0.8750,8,7,5,0,0,7,5,0.2857
4,124.0000,25,18,445.6744,-81.8109,-1.4369,20,0.5000,0.5000,6,7,6,0,0,7,6,0.1429
4,124.0000,25,19,922.6947,-88.5383,0.9290,5,0.1250,,0,6,6,0,0,6,6,0.0000
4,124.0000,25,20,473.2545,-83.8742,0.8268,11,0.2750,1.0000,8,8,6,0,0,8,6,0.2500
4,124.0000,25,21,649.7617,-85.5444,0.1245,10,0.2500,1.0000,8,10,9,0,0,10,9,0.1000
4,124.0000,25,24,543.6195,-84.3204,-0.5520,9,0.2250,0.8750,8,7,4,0,0,7,4,0.4286
4,124.0000,25,27,449.6197,-81.8257,0.0649,12,0.3000,0.8571,7,8,8,0,0,8,8,0.0000
4,124.0000,25,31,349.5561,-81.1051,0.1076,15,0.3750,0.8571,7,8,6,0,0,8,6,0.2500
4,124.0000,25,32,767.8029,-85.5149,0.4373,8,0.2000,1.0000,8,7,6,0,0,7,6,0.1429
4,124.0000,25,33,798.0908,-88.4664,0.1666,3,0.0750,0.6667,6,7,6,0,0,7,6,0.1429
4,124.0000,25,36,795.9395,-86.4886,0.7338,6,0.1500,1.0000,8,8,8,0,0,8,8,0.0000
4,124.0000,25,37,923.1221,-88.2271,0.8666,3,0.0750,0.7500,4,7,6,0,0,7,6,0.1429
4,124.0000,25,39,529.0407,-83.2468,0.2450,17,0.4250,0.8750,8,7,4,0,0,7,4,0.4286
4,124.0000,25,40,258.2884,-77.7790,-0.3792,28,0.7000,0.2000,5,8,7,0,0,8,7,0.1250
4,124.0000,25,42,221.6282,-77.7418,0.8715,26,0.6500,0.3333,6,5,1,0,0,5,1,0.8000
4,124.0000,25,44,930.8041,-87.7805,-0.8318,5,0.1250,1.0000,4,8,8,0,0,8,8,0.0000
4,124.0000,25,45,414.0183,-81.9119,-0.4059,15,0.3750,0.5000,6,8,7,0,0,8,7,0.1250
4,124.0000,25,46,258.6107,-75.6348,-0.5146,32,0.8000,0.0000,4,6,4,0,0,6,4,0.3333
4,124.0000,26,0,711.6478,-86.5204,0.2876,8,0.2000,1.0000,8,8,8,0,0,8,8,0.0000
4,124.0000,26,6,997.8673,-88.3513,-0.4555,3,0.0750,0.8333,6,8,8,0,0,8,8,0.0000
4,124.0000,26,7,790.0308,-84.9538,-1.2158,8,0.2000,1.0000,8,8,8,0,0,8,8,0.0000
4,124.0000,26,10,355.2339,-80.7264,0.7015,26,0.6500,0.5714,7,7,6,0,0,7,6,0.1429
4,124.0000,26,12,403.0460,-80.9797,0.5439,18,0.4500,0.5714,7,6,2,0,0,6,2,0.6667
4,124.0000,26,16,697.7068,-85.5226,0.6231,14,0.3500,1.0000,8,8,8,0,0,8,8,0.0000
4,124.0000,26,23,566.3816,-84.3678,0.0564,11,0.2750,1.0000,8,8,8,0,0,8,8,0.0000
4,124.0000,26,29,190.9256,-76.0584,0.6727,37,0.9250,0.0000,4,4,0,0,0,4,0,1.0000
4,124.0000,26,34,584.3857,-85.9596,0.2754,9,0.2250,0.8571,7,8,8,0,0,8,8,0.0000
4,124.0000,26,38,612.0953,-84.1864,-0.2920,11,0.2750,1.0000,8,8,7,0,0,8,7,0.1250
4,124.0000,26,41,416.8870,-81.2650,-0.5624,23,0.5750,0.5000,6,7,5,0,0,7,5,0.2857
4,124.0000,26,43,855.6551,-88.4839,-0.2338,3,0.0750,0.8750,8,4,4,0,0,4,4,0.0000
4,124.0000,26,47,385.4529,-80.1342,-0.2802,24,0.6000,0.5000,6,9,9,0,0,9,9,0.0000
4,124.0000,27,1,459.7740,-83.5926,0.3549,19,0.4750,1.0000,8,6,3,0,0,6,3,0.5000
4,124.0000,27,2,967.7263,-87.7002,0.2347,7,0.1750,1.0000,6,2,2,0,0,2,2,0.0000
4,124.0000,27,3,394.0619,-84.0447,0.6678,16,0.4000,1.0000,8,8,7,0,0,8,7,0.1250
4,124.0000,27,4,684.4970,-86.4090,-0.2878,10,0.2500,1.0000,8,6,5,0,0,6,5,0.1667
4,124.0000,27,5,855.9615,-87.6084,0.1594,7,0.1750,1.0000,8,8,8,0,0,8,8,0.0000
4,124.0000,27,6,515.4636,-83.7558,0.3979,13,0.3250,0.8571,7,6,4,0,0,6,4,0.3333
4,124.0000,27,7,857.7199,-88.2398,-0.0907,5,0.1250,,0,4,4,0,0,4,4,0.0000
4,124.0000,27,8,411.4370,-80.6086,-0.5492,25,0.6250,0.8571,7,7,6,0,0,7,6,0.1429
4,124.0000,27,9,749.9810,-86.3809,0.1868,12,0.3000,0.7143,7,8,8,0,0,8,8,0.0000
4,124.0000,27,11,932.2658,-88.1516,0.7268,3,0.0750,0.8750,8,4,4,0,0,4,4,0.0000
4,124.0000,27,12,805.0801,-88.0265,0.0372,9,0.2250,1.0000,4,8,8,0,0,8,8,0.0000
4,124.0000,27,13,558.8625,-84.0352,0.1083,15,0.3750,0.8571,7,7,6,0,0,7,6,0.1429
4,124.0000,27,14,362.7498,-82.0210,0.4218,23,0.5750,0.5000,6,8,6,0,0,8,6,0.2500
4,124.0000,27,15,566.0179,-83.0993,-0.3234,13,0.3250,0.7143,7,10,10,0,0,10,10,0.0000
4,124.0000,27,17,762.8060,-86.4792,0.8646,10,0.2500,1.0000,8,6,6,0,0,6,6,0.0000
4,124.0000,27,18,716.0834,-87.3001,-0.4497,11,0.2750,1.0000,6,10,10,0,0,10,10,0.0000
4,124.0000,27,19,588.3653,-84.0214,0.3231,18,0.4500,0.9000,10,6,5,0,0,6,5,0.1667
4,124.0000,27,20,343.4537,-80.6348,0.1151,27,0.6750,0.6667,6,8,6,0,0,8,6,0.2500
4,124.0000,27,21,400.2348,-80.7644,0.0585,25,0.6250,0.5000,6,8,5,0,0,8,5,0.3750
4,124.0000,27,22,804.8319,-88.8111,0.3352,3,0.0750,1.0000,4,4,4,0,0,4,4,0.0000
4,124.0000,27,23,728.4882,-87.4010,0.0088,8,0.2000,1.0000,8,5,4,0,0,5,4,0.2000
4,124.0000,27,24,351.5652,-78.4465,-0.3120,26,0.6500,0.8571,7,5,1,0,0,5,1,0.8000
4,124.0000,27,25,449.6197,-83.3369,0.1853,16,0.4000,0.7143,7,7,5,0,0,7,5,0.2857
4,124.0000,27,31,250.2939,-79.0117,0.8251,27,0.6750,0.4000,5,6,2,0,0,6,2,0.6667
4,124.0000,27,32,809.3175,-87.4029,0.3511,5,0.1250,0.8571,7,2,2,0,0,2,2,0.0000
4,124.0000,27,33,570.2410,-83.6932,0.0169,16,0.4000,0.5714,7,7,6,0,0,7,6,0.1429
4,124.0000,27,34,650.4621,-85.9416,0.3693,14,0.3500,0.7500,8,8,7,0,0,8,7,0.1250
4,124.0000,27,36,430.9764,-81.6673,-0.7201,19,0.4750,0.8571,7,8,8,0,0,8,8,0.0000
4,124.0000,27,37,543.2398,-86.3755,0.6649,11,0.2750,1.0000,8,7,6,0,0,7,6,0.1429
4,124.0000,27,38,632.5908,-86.9206,-0.2170,10,0.2500,1.0000,8,8,8,0,0,8,8,0.0000
4,124.0000,27,40,320.9827,-79.7440,0.1699,22,0.5500,0.2000,5,5,2,0,0,5,2,0.6000
4,124.0000,27,41,813.6926,-87.1676,-0.7547,5,0.1250,1.0000,2,6,4,0,0,6,4,0.3333
4,124.0000,27,42,387.4837,-80.9344,0.1396,22,0.5500,0.5714,7,7,5,0,0,7,5,0.2857
4,124.0000,27,45,320.6307,-79.7185,0.0598,28,0.7000,0.6667,6,8,7,0,0,8,7,0.1250
4,124.0000,27,46,699.9625,-85.6070,-0.3646,10,0.2500,0.8750,8,8,7,0,0,8,7,0.1250
4,124.0000,27,47,920.9189,-87.9724,0.3354,4,0.1000,1.0000,2,7,6,0,0,7,6,0.1429
4,124.0000,28,2,737.1867,-86.2564,-0.7859,6,0.1500,1.0000,8,8,7,0,0,8,7,0.1250
4,124.0000,28,4,573.4119,-85.3696,0.8224,6,0.1500,1.0000,8,8,8,0,0,8,8,0.0000
4,124.0000,28,9,472.9706,-83.3640,-0.9263,15,0.3750,0.8571,7,7,6,0,0,7,6,0.1429
4,124.0000,28,11,780.3477,-88.0798,0.2468,3,0.0750,1.0000,8,6,6,0,0,6,6,0.0000
4,124.0000,28,15,738.3175,-87.0199,-0.2687,3,0.0750,1.0000,8,8,8,0,0,8,8,0.0000
4,124.0000,28,18,563.9994,-85.5114,-0.3914,10,0.2500,0.8750,8,7,6,0,0,7,6,0.1429
4,124.0000,28,20,891.0302,-89.1097,0.1298,4,0.1000,1.0000,8,6,6,0,0,6,6,0.0000
4,124.0000,28,30,211.1157,-78.1452,1.0725,34,0.8500,0.6667,6,4,0,0,0,4,0,1.0000
4,124.0000,28,32,502.9109,-83.1712,-0.1241,15,0.3750,1.0000,8,7,5,0,0,7,5,0.2857
4,124.0000,28,33,967.6195,-87.1339,0.0372,3,0.0750,1.0000,8,6,6,0,0,6,6,0.0000
4,124.0000,28,35,155.1762,-73.1082,0.4612,37,0.9250,0.0000,4,4,0,0,0,4,0,1.0000
4,124.0000,28,39,784.0628,-87.8216,-0.0465,5,0.1250,1.0000,8,8,8,0,0,8,8,0.0000
4,124.0000,28,44,71.9619,-64.1236,-0.9189,38,0.9500,0.2000,5,6,2,0,0,6,2,0.6667
4,124.0000,28,45,906.6037,-86.7203,-1.4684,5,0.1250,1.0000,8,8,8,0,0,8,8,0.0000
4,124.0000,28,46,905.4394,-88.3414,0.0160,3,0.0750,1.0000,4,8,8,0,0,8,8,0.0000
4,124.0000,29,0,597.9543,-85.6002,0.3473,14,0.3415,0.8571,7,8,8,0,0,8,8,0.0000
4,124.0000,29,5,838.0824,-88.2522,0.0699,4,0.0976,1.0000,4,8,8,0,0,8,8,0.0000
4,124.0000,29,6,907.9819,-88.3559,1.2813,4,0.0976,0.8750,8,8,8,0,0,8,8,0.0000
4,124.0000,29,7,654.4473,-86.3530,-0.4093,9,0.2195,1.0000,8,8,8,0,0,8,8,0.0000
4,124.0000,29,10,226.5310,-76.4188,-0.4443,33,0.8049,0.0000,4,5,1,0,0,5,1,0.8000
4,124.0000,29,12,430.2866,-82.5889,-0.7619,18,0.4390,0.5000,6,6,3,0,0,6,3,0.5000
4,124.0000,29,16,562.9211,-84.2473,-0.1969,20,0.4878,0.7143,7,6,3,0,0,6,3,0.5000
4,124.0000,29,22,892.0510,-88.6154,1.1002,5,0.1220,1.0000,4,8,8,0,0,8,8,0.0000
4,124.0000,29,23,629.4670,-83.9983,-0.7398,15,0.3659,0.8750,8,8,8,0,0,8,8,0.0000
4,124.0000,29,26,190.9256,-76.7296,1.3297,36,0.8780,0.0000,4,4,0,0,0,4,0,1.0000
4,124.0000,29,34,584.1797,-84.5032,1.2428,10,0.2439,1.0000,8,8,8,0,0,8,8,0.0000
4,124.0000,29,36,1015.9488,-88.4613,0.1090,3,0.0732,1.0000,6,8,8,0,0,8,8,0.0000
4,124.0000,29,37,860.6939,-87.9335,0.1968,5,0.1220,1.0000,8,8,8,0,0,8,8,0.0000
4,124.0000,29,38,568.3862,-83.9583,-0.7473,9,0.2195,0.8750,8,8,8,0,0,8,8,0.0000
4,124.0000,29,41,480.2183,-82.8376,-0.1463,21,0.5122,0.8571,7,8,8,0,0,8,8,0.0000
4,124.0000,29,43,756.1998,-87.2109,-0.2129,11,0.2683,0.6667,6,7,6,0,0,7,6,0.1429
4,124.0000,29,47,300.0910,-76.5415,-1.4806,29,0.7073,0.4000,5,8,8,0,0,8,8,0.0000
4,124.0000,30,2,807.9762,-87.1952,0.8246,6,0.1500,0.8889,9,4,4,0,0,4,4,0.0000
4,124.0000,30,4,469.1471,-81.9812,-0.2126,12,0.3000,1.0000,8,8,7,0,0,8,7,0.1250
4,124.0000,30,9,392.3177,-81.2780,-0.3565,18,0.4500,0.5000,6,6,4,0,0,6,4,0.3333
4,124.0000,30,11,879.9123,-88.9810,-0.3517,3,0.0750,1.0000,6,8,8,0,0,8,8,0.0000
4,124.0000,30,17,870.1713,-87.7029,1.1838,4,0.1000,1.0000,8,4,4,0,0,4,4,0.0000
4,124.0000,30,18,582.9837,-83.7078,-0.1962,13,0.3250,1.0000,8,8,8,0,0,8,8,0.0000
4,124.0000,30,20,792.4423,-86.7560,-0.3201,3,0.0750,1.0000,8,8,8,0,0,8,8,0.0000
4,124.0000,30,28,211.1157,-78.4198,0.6875,36,0.9000,0.0000,3,5,1,0,0,5,1,0.8000
4,124.0000,30,32,364.0002,-78.8041,-1.0012,22,0.5500,0.6250,8,8,7,0,0,8,7,0.1250
4,124.0000,30,33,814.1979,-86.6309,0.7289,4,0.1000,1.0000,8,8,8,0,0,8,8,0.0000
4,124.0000,30,35,342.5311,-79.8112,-0.2298,35,0.8750,0.0000,4,5,1,0,0,5,1,0.8000
4,124.0000,30,39,880.6615,-89.0553,-0.5182,3,0.0750,1.0000,2,6,6,0,0,6,6,0.0000
4,124.0000,30,44,228.2587,-78.8564,0.7120,31,0.7750,0.3333,6,4,0,0,0,4,0,1.0000
4,124.0000,30,45,817.2889,-87.2821,-0.1965,3,0.0750,1.0000,8,8,8,0,0,8,8,0.0000
4,124.0000,31,1,620.4751,-85.0489,-0.7484,8,0.2000,0.8333,6,8,7,0,0,8,7,0.1250
4,124.0000,31,2,945.0598,-87.7409,0.0448,6,0.1500,1.0000,4,6,6,0,0,6,6,0.0000
4,124.0000,31,3,460.4457,-83.3359,0.3185,12,0.3000,1.0000,8,7,6,0,0,7,6,0.1429
4,124.0000,31,4,810.7689,-86.9775,-0.6916,6,0.1500,1.0000,8,8,8,0,0,8,8,0.0000
4,124.0000,31,6,584.5026,-84.3443,0.2537,8,0.2000,0.8571,7,7,5,0,0,7,5,0.2857
4,124.0000,31,7,915.8492,-87.7924,1.2974,4,0.1000,1.0000,4,4,3,0,0,4,3,0.2500
4,124.0000,31,8,372.2023,-81.0504,-0.3409,20,0.5000,0.6667,6,7,5,0,0,7,5,0.2857
4,124.0000,31,9,851.9644,-86.3573,-0.5470,3,0.0750,0.8750,8,8,8,0,0,8,8,0.0000
4,124.0000,31,11,848.7618,-87.3971,-1.6810,6,0.1500,0.8333,6,6,6,0,0,6,6,0.0000
4,124.0000,31,12,770.4742,-86.7713,-1.2813,8,0.2000,1.0000,7,7,7,0,0,7,7,0.0000
4,124.0000,31,13,387.3941,-80.9357,-0.0730,22,0.5500,0.9048,147,6,3,138,124,144,127,0.1181
4,124.0000,31,14,166.7434,-73.3376,-0.3055,38,0.9500,0.3333,6,5,2,0,0,5,2,0.6000
4,124.0000,31,15,546.8669,-83.8303,-0.0577,12,0.3000,1.0000,8,8,8,0,0,8,8,0.0000
4,124.0000,31,17,735.8105,-86.2930,-0.9280,9,0.2250,1.0000,8,6,6,0,0,6,6,0.0000
4,124.0000,31,18,725.3510,-85.5982,-0.0703,4,0.1000,1.0000,6,8,7,0,0,8,7,0.1250
4,124.0000,31,19,756.5299,-88.3053,-0.6641,5,0.1250,1.0000,8,8,6,0,0,8,6,0.2500
4,124.0000,31,20,505.6730,-83.7542,-1.4161,7,0.1750,0.8333,6,7,6,0,0,7,6,0.1429
4,124.0000,31,21,627.8105,-86.1709,0.0974,7,0.1750,1.0000,8,8,8,0,0,8,8,0.0000
4,124.0000,31,23,732.2012,-87.8022,1.3809,6,0.1500,1.0000,8,8,8,0,0,8,8,0.0000
4,124.0000,31,24,489.7086,-82.0272,0.5043,11,0.2750,0.8571,7,8,7,0,0,8,7,0.1250
4,124.0000,31,25,349.5561,-80.3675,0.2089,19,0.4750,0.6667,6,7,6,0,0,7,6,0.1429
4,124.0000,31,27,250.2939,-79.5963,0.3072,21,0.5250,0.2000,5,5,1,0,0,5,1,0.8000
4,124.0000,31,33,777.8964,-86.8419,1.2525,4,0.1000,1.0000,6,5,4,0,0,5,4,0.2000
4,124.0000,31,34,573.7621,-84.2755,-0.0963,14,0.3500,1.0000,8,7,6,0,0,7,6,0.1429
4,124.0000,31,36,553.3301,-84.5046,0.0092,11,0.2750,0.8571,7,8,8,0,0,8,8,0.0000
4,124.0000,31,37,638.1694,-85.8869,0.4051,9,0.2250,1.0000,8,8,8,0,0,8,8,0.0000
4,124.0000,31,38,636.6747,-86.1468,-1.0952,9,0.2250,0.8571,7,6,6,0,0,6,6,0.0000
4,124.0000,31,39,873.2238,-87.3006,-1.1814,4,0.1000,,0,4,4,0,0,4,4,0.0000
4,124.0000,31,40,325.2849,-79.5451,0.1353,20,0.5000,0.6667,6,6,3,0,0,6,3,0.5000
4,124.0000,31,41,760.3446,-87.5210,-1.6755,4,0.1000,1.0000,8,8,8,0,0,8,8,0.0000
4,124.0000,31,42,337.5924,-78.7714,0.2207,24,0.6000,0.7500,8,6,3,0,0,6,3,0.5000
4,124.0000,31,45,477.8879,-83.8467,-0.0396,11,0.2750,1.0000,8,7,6,0,0,7,6,0.1429
4,124.0000,31,46,594.5700,-83.9052,-0.3934,13,0.3250,1.0000,8,8,8,0,0,8,8,0.0000
4,124.0000,32,1,804.1977,-87.4689,-0.1089,4,0.1000,1.0000,8,3,2,0,0,3,2,0.3333
4,124.0000,32,2,846.5793,-87.7267,1.4521,4,0.1000,0.7500,8,2,2,0,0,2,2,0.0000
4,124.0000,32,4,310.8502,-78.8652,-0.7585,29,0.7250,0.2000,5,8,5,0,0,8,5,0.3750
4,124.0000,32,8,895.2433,-87.9440,0.2951,3,0.0750,1.0000,6,4,4,0,0,4,4,0.0000
4,124.0000,32,9,279.1675,-78.3498,-0.0469,29,0.7250,0.5000,6,5,2,0,0,5,2,0.6000
4,124.0000,32,11,862.2560,-87.8348,0.3879,4,0.1000,1.0000,8,8,8,0,0,8,8,0.0000
4,124.0000,32,13,931.6176,-88.7391,-0.1458,4,0.1000,1.0000,8,6,6,0,0,6,6,0.0000
4,124.0000,32,14,888.9028,-87.5625,0.9866,5,0.1250,1.0000,6,6,6,0,0,6,6,0.0000
4,124.0000,32,15,550.6342,-84.5939,0.3618,9,0.2250,1.0000,8,8,7,0,0,8,7,0.1250
4,124.0000,32,17,813.2825,-87.0128,0.5188,5,0.1250,1.0000,8,8,8,0,0,8,8,0.0000
4,124.0000,32,18,434.7151,-82.3225,-0.3526,20,0.5000,0.5000,6,7,6,0,0,7,6,0.1429
4,124.0000,32,19,825.0488,-88.6791,0.7724,3,0.0750,1.0000,4,4,4,0,0,4,4,0.0000
4,124.0000,32,20,467.3198,-83.1113,-0.7865,9,0.2250,0.8571,7,8,7,0,0,8,7,0.1250
4,124.0000,32,21,537.0441,-83.9112,0.4707,10,0.2500,1.0000,8,6,3,0,0,6,3,0.5000
4,124.0000,32,24,565.0385,-86.3983,0.9853,8,0.2000,0.7500,8,8,8,0,0,8,8,0.0000
4,124.0000,32,25,767.8029,-87.7277,0.0257,4,0.1000,1.0000,8,8,8,0,0,8,8,0.0000
4,124.0000,32,27,809.3175,-86.6088,-0.4716,6,0.1500,1.0000,8,8,8,0,0,8,8,0.0000
4,124.0000,32,28,502.9109,-82.9467,-0.1793,26,0.6500,0.8571,7,8,8,0,0,8,8,0.0000
4,124.0000,32,30,364.0002,-79.0923,-0.6579,35,0.8750,0.4286,7,6,4,0,0,6,4,0.3333
4,124.0000,32,33,467.5992,-84.2164,-0.5581,13,0.3250,1.0000,8,7,4,0,0,7,4,0.4286
4,124.0000,32,35,569.7629,-84.2464,-0.7490,20,0.5000,0.8750,8,8,8,0,0,8,8,0.0000
4,124.0000,32,39,877.7705,-87.8129,-0.2253,7,0.1750,1.0000,6,8,8,0,0,8,8,0.0000
4,124.0000,32,40,798.6611,-88.9031,0.5547,6,0.1500,1.0000,8,7,5,0,0,7,5,0.2857
4,124.0000,32,44,499.3535,-83.3945,-0.0366,25,0.6250,0.7143,7,7,6,0,0,7,6,0.1429
4,124.0000,32,45,543.7848,-83.6638,-0.6948,7,0.1750,1.0000,8,8,8,0,0,8,8,0.0000
4,124.0000,32,46,836.3383,-87.1094,-0.1661,5,0.1250,1.0000,8,8,8,0,0,8,8,0.0000
4,124.0000,33,1,409.9102,-80.6668,-0.6841,12,0.3000,0.8571,7,7,6,0,0,7,6,0.1429
4,124.0000,33,3,767.2934,-86.3345,-0.1547,4,0.1000,1.0000,4,8,8,0,0,8,8,0.0000
4,124.0000,33,4,538.5951,-84.4245,2.0856,7,0.1750,1.0000,8,8,8,0,0,8,8,0.0000
4,124.0000,33,5,898.9960,-86.6910,0.7325,3,0.0750,1.0000,8,2,2,0,0,2,2,0.0000
4,124.0000,33,6,689.9036,-85.5522,0.3079,5,0.1250,0.8571,7,8,8,0,0,8,8,0.0000
4,124.0000,33,9,599.6434,-85.9671,-0.7646,4,0.1000,0.8571,7,8,7,0,0,8,7,0.1250
4,124.0000,33,19,408.9133,-80.9689,-0.2967,14,0.3500,0.8571,7,7,6,0,0,7,6,0.1429
4,124.0000,33,20,326.0744,-79.1208,-0.2984,15,0.3750,0.7143,7,9,7,0,0,9,7,0.2222
4,124.0000,33,21,256.3562,-78.3719,0.3334,17,0.4250,0.5000,6,5,1,0,0,5,1,0.8000
4,124.0000,33,22,886.4410,-85.4906,0.7064,3,0.0750,1.0000,6,4,4,0,0,4,4,0.0000
4,124.0000,33,24,333.8694,-80.9980,-0.0338,9,0.2250,1.0000,8,6,4,0,0,6,4,0.3333
4,124.0000,33,25,798.0908,-86.6139,1.5128,3,0.0750,1.0000,8,6,6,0,0,6,6,0.0000
4,124.0000,33,27,570.2410,-82.9703,0.9540,6,0.1500,1.0000,10,6,5,0,0,6,5,0.1667
4,124.0000,33,30,814.1979,-86.2213,-0.9716,3,0.0750,1.0000,8,8,8,0,0,8,8,0.0000
4,124.0000,33,32,467.5992,-84.0279,-0.4560,9,0.2250,0.8571,7,8,8,0,0,8,8,0.0000
4,124.0000,33,36,556.8521,-85.1388,0.7556,6,0.1500,0.5000,6,8,8,0,0,8,8,0.0000
4,124.0000,33,37,711.0951,-85.7230,-0.2330,5,0.1250,1.0000,8,5,3,0,0,5,3,0.4000
4,124.0000,33,45,452.5784,-83.3342,-0.2198,4,0.1000,1.0000,8,8,8,0,0,8,8,0.0000
4,124.0000,34,0,842.1185,-87.2875,1.0616,7,0.1795,0.8571,7,8,8,0,0,8,8,0.0000
4,124.0000,34,1,778.3429,-86.3757,-0.5701,6,0.1538,0.8750,8,8,7,0,0,8,7,0.1250
4,124.0000,34,3,364.3555,-81.0705,1.3218,12,0.3077,0.8571,7,6,3,0,0,6,3,0.5000
4,124.0000,34,5,750.8023,-86.8459,0.3298,7,0.1795,1.0000,8,8,8,0,0,8,8,0.0000
4,124.0000,34,6,547.9435,-84.3824,1.0186,9,0.2308,0.7143,7,7,5,0,0,7,5,0.2857
4,124.0000,34,7,600.5202,-83.9537,0.5449,11,0.2821,0.6667,6,7,6,0,0,7,6,0.1429
4,124.0000,34,8,875.3317,-86.5435,0.0398,3,0.0769,0.8750,8,6,6,0,0,6,6,0.0000
4,124.0000,34,10,628.6051,-86.1191,0.5513,8,0.2051,1.0000,6,8,7,0,0,8,7,0.1250
4,124.0000,34,12,227.6079,-76.6419,-0.0024,29,0.7436,0.0000,4,6,3,0,0,6,3,0.5000
4,124.0000,34,14,690.5440,-84.1240,-0.1594,6,0.1538,0.8750,8,7,6,0,0,7,6,0.1429
4,124.0000,34,16,802.7898,-87.0369,-0.2325,5,0.1282,0.8333,6,8,8,0,0,8,8,0.0000
4,124.0000,34,21,1009.4516,-87.3164,-0.5052,3,0.0769,1.0000,8,6,6,0,0,6,6,0.0000
4,124.0000,34,22,761.9388,-86.7815,0.1385,7,0.1795,1.0000,6,8,7,0,0,8,7,0.1250
4,124.0000,34,23,344.2092,-81.6425,0.4315,22,0.5641,0.5000,6,7,4,0,0,7,4,0.4286
4,124.0000,34,24,873.7447,-86.8162,-0.0666,4,0.1026,1.0000,8,6,6,0,0,6,6,0.0000
4,124.0000,34,26,584.3857,-84.8038,0.6745,15,0.3846,0.8571,7,7,5,0,0,7,5,0.2857
4,124.0000,34,27,650.4621,-86.4316,0.0148,7,0.1795,1.0000,6,10,9,0,0,10,9,0.1000
4,124.0000,34,29,584.1797,-84.6434,-0.8763,14,0.3590,0.8571,7,6,4,0,0,6,4,0.3333
4,124.0000,34,31,573.7621,-82.6063,-0.9810,7,0.1795,1.0000,8,8,7,0,0,8,7,0.1250
4,124.0000,34,36,621.6136,-85.7123,-0.3554,6,0.1538,1.0000,8,8,7,0,0,8,7,0.1250
4,124.0000,34,37,539.2540,-84.4713,0.1342,9,0.2308,1.0000,8,7,5,2,2,9,7,0.2222
4,124.0000,34,38,219.6564,-76.8789,1.1489,32,0.8205,0.6667,6,7,3,0,0,7,3,0.5714
4,124.0000,34,40,854.6888,-87.0441,0.1894,5,0.1282,1.0000,6,6,6,0,0,6,6,0.0000
4,124.0000,34,41,237.1704,-78.8463,1.1074,30,0.7692,0.7143,7,6,3,0,0,6,3,0.5000
4,124.0000,34,42,873.1063,-86.6907,-0.9012,4,0.1026,1.0000,8,6,6,0,0,6,6,0.0000
4,124.0000,34,43,946.4549,-87.6501,-0.6299,3,0.0769,1.0000,6,8,8,0,0,8,8,0.0000
4,124.0000,34,47,388.3141,-82.9070,0.8209,19,0.4872,1.0000,8,6,2,0,0,6,2,0.6667
4,124.0000,35,2,769.8585,-86.7770,0.5051,6,0.1538,1.0000,8,7,6,0,0,7,6,0.1429
4,124.0000,35,4,665.5944,-87.0843,0.3502,7,0.1795,1.0000,8,8,7,0,0,8,7,0.1250
4,124.0000,35,9,557.1794,-84.0495,1.5040,8,0.2051,0.6667,6,7,6,0,0,7,6,0.1429
4,124.0000,35,11,756.0824,-88.8941,-0.6539,4,0.1026,1.0000,8,8,8,0,0,8,8,0.0000
4,124.0000,35,18,555.6265,-85.0251,-0.8337,10,0.2564,0.8571,7,6,4,0,0,6,4,0.3333
4,124.0000,35,28,155.1762,-73.3202,0.6695,37,0.9487,0.2000,5,4,0,0,0,4,0,1.0000
4,124.0000,35,30,342.5311,-80.4563,-0.1412,27,0.6923,0.0000,4,7,4,0,0,7,4,0.4286
4,124.0000,35,32,569.7629,-82.6696,0.6983,12,0.3077,0.8571,7,8,8,0,0,8,8,0.0000
4,124.0000,35,39,771.6292,-87.2343,0.1189,6,0.1538,1.0000,8,7,6,0,0,7,6,0.1429
4,124.0000,35,44,189.9820,-75.7243,0.5197,36,0.9231,0.2000,5,4,0,0,0,4,0,1.0000
4,124.0000,36,0,897.2495,-87.6756,0.3247,4,0.1000,1.0000,4,2,2,0,0,2,2,0.0000
4,124.0000,36,1,162.0086,-75.2594,1.7083,34,0.8500,0.0000,4,4,0,0,0,4,0,1.0000
4,124.0000,36,3,297.9607,-78.8302,-0.1730,27,0.6750,0.3333,6,7,5,0,0,7,5,0.2857
4,124.0000,36,4,942.7848,-87.9581,-0.5307,8,0.2000,1.0000,8,8,8,0,0,8,8,0.0000
4,124.0000,36,5,475.1625,-83.6882,0.3473,22,0.5500,0.8571,7,8,8,0,0,8,8,0.0000
4,124.0000,36,6,139.8028,-75.0280,1.5308,37,0.9250,0.2000,5,5,1,0,0,5,1,0.8000
4,124.0000,36,7,495.9264,-84.5144,0.8615,19,0.4750,1.0000,8,7,5,0,0,7,5,0.2857
4,124.0000,36,8,837.3862,-86.0042,-0.3629,13,0.3250,1.0000,10,4,4,0,0,4,4,0.0000
4,124.0000,36,9,998.4711,-88.6317,-0.0288,3,0.0750,1.0000,4,4,4,0,0,4,4,0.0000
4,124.0000,36,10,930.9894,-87.8881,0.4536,7,0.1750,1.0000,4,6,6,0,0,6,6,0.0000
4,124.0000,36,12,741.0916,-86.6366,0.6405,13,0.3250,1.0000,4,8,8,0,0,8,8,0.0000
4,124.0000,36,13,897.0963,-88.3563,-0.3042,10,0.2500,1.0000,6,4,4,0,0,4,4,0.0000
4,124.0000,36,14,628.2504,-84.9927,-0.1044,14,0.3500,0.8571,7,8,8,0,0,8,8,0.0000
4,124.0000,36,15,848.0298,-88.0732,-1.1964,7,0.1750,1.0000,8,4,3,0,0,4,3,0.2500
4,124.0000,36,16,851.2093,-87.6706,0.1950,8,0.2000,,0,8,7,0,0,8,7,0.1250
4,124.0000,36,18,947.0972,-87.6399,0.4159,3,0.0750,,0,6,6,0,0,6,6,0.0000
4,124.0000,36,19,266.3245,-79.5466,0.6661,24,0.6000,0.5714,7,6,2,0,0,6,2,0.6667
4,124.0000,36,20,544.6962,-85.1196,-0.1354,12,0.3000,1.0000,8,6,6,0,0,6,6,0.0000
4,124.0000,36,21,565.6037,-85.0944,0.9901,12,0.3000,0.7143,7,7,6,0,0,7,6,0.1429
4,124.0000,36,22,556.8162,-86.1578,-0.4019,16,0.4000,1.0000,8,6,4,0,0,6,4,0.3333
4,124.0000,36,23,753.6907,-87.1392,0.2810,11,0.2750,1.0000,8,6,6,0,0,6,6,0.0000
4,124.0000,36,24,390.0788,-78.9815,-1.0341,21,0.5250,0.5714,7,8,7,0,0,8,7,0.1250
4,124.0000,36,25,795.9395,-87.5211,-0.3805,8,0.2000,0.8750,8,8,8,0,0,8,8,0.0000
4,124.0000,36,27,430.9764,-82.1708,-0.9503,18,0.4500,0.8000,5,8,8,0,0,8,8,0.0000
4,124.0000,36,31,553.3301,-84.7280,-0.0171,14,0.3500,0.8571,7,8,8,0,0,8,8,0.0000
4,124.0000,36,32,933.1986,-88.2871,-0.5159,5,0.1250,1.0000,2,8,8,0,0,8,8,0.0000
4,124.0000,36,33,556.8521,-83.9112,-0.0058,18,0.4500,0.6667,6,8,8,4,4,12,12,0.0000
4,124.0000,36,34,621.6136,-85.0843,-0.4163,14,0.3500,1.0000,8,8,8,0,0,8,8,0.0000
4,124.0000,36,37,171.5533,-77.5725,1.4229,32,0.8000,0.0000,3,4,0,0,0,4,0,1.0000
4,124.0000,36,38,489.6542,-83.5744,0.6137,19,0.4750,0.6667,6,8,8,0,0,8,8,0.0000
4,124.0000,36,40,743.7888,-86.9312,-0.0027,9,0.2250,1.0000,8,8,7,0,0,8,7,0.1250
4,124.0000,36,41,799.0459,-87.5776,-0.3845,7,0.1750,1.0000,2,8,8,0,0,8,8,0.0000
4,124.0000,36,42,804.0826,-87.3898,0.3965,8,0.2000,1.0000,8,3,2,0,0,3,2,0.3333
4,124.0000,36,45,644.1132,-85.6909,-0.4504,12,0.3000,1.0000,8,8,8,0,0,8,8,0.0000
4,124.0000,36,46,1049.7574,-88.9622,-0.6477,3,0.0750,1.0000,4,6,6,0,0,6,6,0.0000
4,124.0000,36,47,728.7218,-86.9676,1.1297,12,0.3000,1.0000,8,2,2,0,0,2,2,0.0000
4,124.0000,37,0,733.2580,-86.4519,0.2167,13,0.3250,0.8750,8,8,8,0,0,8,8,0.0000
4,124.0000,37,1,312.9851,-80.5808,1.0041,19,0.4750,0.6667,6,7,6,4,1,11,7,0.3636
4,124.0000,37,3,260.4482,-78.1864,-0.1868,23,0.5750,0.0000,3,5,1,0,0,5,1,0.8000
4,124.0000,37,5,341.7561,-78.2387,-1.5355,31,0.7750,0.4000,5,6,4,0,0,6,4,0.3333
4,124.0000,37,6,116.6557,-69.8758,0.1327,35,0.8750,0.0000,4,6,1,0,0,6,1,0.8333
4,124.0000,37,7,331.2820,-80.3701,0.8914,26,0.6500,0.5714,7,7,5,0,0,7,5,0.2857
4,124.0000,37,10,764.2752,-87.4764,-0.1579,6,0.1500,1.0000,8,8,6,0,0,8,6,0.2500
4,124.0000,37,12,623.2924,-84.5871,0.9705,14,0.3500,1.0000,8,6,4,0,0,6,4,0.3333
4,124.0000,37,15,1001.2976,-88.5579,-0.4476,3,0.0750,1.0000,4,5,4,0,0,5,4,0.2000
4,124.0000,37,16,683.7705,-86.5782,0.6992,10,0.2500,0.8750,8,8,8,0,0,8,8,0.0000
4,124.0000,37,19,374.2524,-81.2820,-0.2114,16,0.4000,0.7143,7,5,2,0,0,5,2,0.6000
4,124.0000,37,20,708.7890,-86.8196,1.0679,5,0.1250,0.8571,7,8,8,0,0,8,8,0.0000
4,124.0000,37,21,712.6667,-87.1026,-1.0154,5,0.1250,1.0000,8,7,6,0,0,7,6,0.1429
4,124.0000,37,22,455.6789,-83.1139,-0.2162,18,0.4500,0.8889,9,5,3,0,0,5,3,0.4000
4,124.0000,37,23,664.5251,-86.8154,-0.6977,11,0.2750,1.0000,8,5,4,0,0,5,4,0.2000
4,124.0000,37,24,560.3890,-86.1522,0.7473,6,0.1500,1.0000,8,8,7,0,0,8,7,0.1250
4,124.0000,37,25,923.1221,-88.7598,0.5344,4,0.1000,1.0000,6,8,8,0,0,8,8,0.0000
4,124.0000,37,26,948.6935,-87.3429,1.0115,3,0.0750,1.0000,4,4,4,0,0,4,4,0.0000
4,124.0000,37,27,543.2398,-87.8693,-0.3071,5,0.1250,0.8571,7,7,6,0,0,7,6,0.1429
4,124.0000,37,29,860.6939,-87.0637,-0.4200,11,0.2750,1.0000,10,8,8,0,0,8,8,0.0000
4,124.0000,37,31,638.1694,-85.7693,0.8911,7,0.1750,1.0000,8,7,6,0,0,7,6,0.1429
4,124.0000,37,33,711.0951,-87.4704,0.1064,6,0.1500,1.0000,8,8,8,0,0,8,8,0.0000
4,124.0000,37,34,539.2540,-84.7388,0.6804,12,0.3000,0.8750,8,8,8,0,0,8,8,0.0000
4,124.0000,37,36,171.5533,-76.4433,2.1403,27,0.6750,0.2000,5,5,1,0,0,5,1,0.8000
4,124.0000,37,38,368.8982,-82.2607,0.1099,19,0.4750,0.8571,7,7,5,0,0,7,5,0.2857
4,124.0000,37,41,694.9434,-86.4824,0.1430,12,0.3000,1.0000,6,8,8,0,0,8,8,0.0000
4,124.0000,37,43,770.0791,-86.6103,-0.5034,13,0.3250,1.0000,8,4,3,0,0,4,3,0.2500
4,124.0000,37,45,793.0882,-87.1111,-1.1901,3,0.0750,1.0000,8,8,8,0,0,8,8,0.0000
4,124.0000,37,47,573.4310,-84.9165,-0.0824,12,0.3000,1.0000,8,8,8,0,0,8,8,0.0000
4,124.0000,38,0,661.9105,-85.2103,0.2058,19,0.4872,0.6667,6,8,8,0,0,8,8,0.0000
4,124.0000,38,1,647.3702,-85.9413,0.2103,7,0.1795,1.0000,6,8,8,0,0,8,8,0.0000
4,124.0000,38,3,254.1270,-78.9771,0.9912,23,0.5897,0.8571,7,6,2,0,0,6,2,0.6667
4,124.0000,38,5,537.0925,-84.7789,-0.0245,12,0.3077,0.8750,8,8,8,0,0,8,8,0.0000
4,124.0000,38,6,414.6443,-82.3885,0.6892,14,0.3590,0.8571,7,7,5,0,0,7,5,0.2857
4,124.0000,38,7,408.9348,-80.8948,-0.4407,22,0.5641,0.5000,6,6,4,0,0,6,4,0.3333
4,124.0000,38,10,531.0945,-83.8380,0.9044,20,0.5128,0.0000,4,7,5,0,0,7,5,0.2857
4,124.0000,38,12,255.8331,-77.4624,0.2488,36,0.9231,0.1667,6,6,2,0,0,6,2,0.6667
4,124.0000,38,14,762.3053,-86.7257,-1.4053,6,0.1538,1.0000,4,8,8,0,0,8,8,0.0000
4,124.0000,38,16,623.7111,-85.6076,-0.3896,19,0.4872,0.8571,7,7,6,0,0,7,6,0.1429
4,124.0000,38,19,733.4202,-86.7185,1.3962,7,0.1795,0.8750,8,8,8,0,0,8,8,0.0000
4,124.0000,38,20,920.3874,-88.7636,-0.1393,3,0.0769,1.0000,8,10,10,0,0,10,10,0.0000
4,124.0000,38,22,551.7042,-85.7789,0.3265,13,0.3333,0.8750,8,6,3,0,0,6,3,0.5000
4,124.0000,38,23,350.5648,-80.8436,0.4368,27,0.6923,0.3333,6,7,5,0,0,7,5,0.2857
4,124.0000,38,24,811.7311,-87.6464,-1.2142,4,0.1026,1.0000,8,8,8,0,0,8,8,0.0000
4,124.0000,38,26,612.0953,-84.2485,0.5124,24,0.6154,0.8571,7,6,5,0,0,6,5,0.1667
4,124.0000,38,27,632.5908,-86.1277,0.1444,5,0.1282,0.8571,7,8,5,0,0,8,5,0.3750
4,124.0000,38,29,568.3862,-84.2314,-0.6166,23,0.5897,0.7143,7,8,8,0,0,8,8,0.0000
4,124.0000,38,31,636.6747,-87.5846,1.6236,6,0.1538,1.0000,8,8,8,0,0,8,8,0.0000
4,124.0000,38,34,219.6564,-77.9115,0.4726,30,0.7692,0.2000,5,4,0,0,0,4,0,1.0000
4,124.0000,38,36,489.6542,-83.3969,0.6843,6,0.1538,0.8750,8,7,6,0,0,7,6,0.1429
4,124.0000,38,37,368.8982,-81.5964,0.9694,19,0.4872,0.8571,7,5,4,0,0,5,4,0.2000
4,124.0000,38,40,897.6551,-88.5340,0.4632,6,0.1538,1.0000,8,8,8,0,0,8,8,0.0000
4,124.0000,38,41,328.7026,-79.7263,-0.6690,28,0.7179,0.5000,6,7,4,0,0,7,4,0.4286
4,124.0000,38,42,935.1348,-87.6422,-0.5492,3,0.0769,1.0000,8,8,8,0,0,8,8,0.0000
4,124.0000,38,43,751.0658,-86.7032,0.1655,14,0.3590,1.0000,8,6,6,0,0,6,6,0.0000
4,124.0000,38,45,946.6981,-88.6461,0.3850,3,0.0769,,0,8,8,0,0,8,8,0.0000
4,124.0000,38,47,289.2712,-78.8109,0.0489,35,0.8974,0.7143,7,6,2,0,0,6,2,0.6667
4,124.0000,39,2,239.7924,-77.5627,0.6284,30,0.7500,0.2000,5,6,2,0,0,6,2,0.6667
4,124.0000,39,4,702.0968,-85.7584,-2.7670,4,0.1000,0.8571,7,8,8,0,0,8,8,0.0000
4,124.0000,39,8,655.7264,-85.4571,-0.6157,5,0.1250,1.0000,8,8,8,0,0,8,8,0.0000
4,124.0000,39,9,650.3883,-84.5973,0.1151,6,0.1500,1.0000,8,8,8,0,0,8,8,0.0000
4,124.0000,39,11,75.3273,-69.1762,2.0296,33,0.8250,0.0000,4,4,0,0,0,4,0,1.0000
4,124.0000,39,13,531.6364,-85.1169,-0.9203,9,0.2250,0.8571,7,8,8,0,0,8,8,0.0000
4,124.0000,39,15,474.7674,-83.8914,-0.1619,7,0.1750,1.0000,8,8,8,0,0,8,8,0.0000
4,124.0000,39,17,298.3519,-78.6692,0.5915,19,0.4750,0.5000,6,7,5,0,0,7,5,0.2857
4,124.0000,39,18,504.0298,-82.9058,0.1399,12,0.3000,0.8571,7,7,6,0,0,7,6,0.1429
4,124.0000,39,25,529.0407,-84.1285,0.3367,7,0.1750,0.8750,8,8,7,0,0,8,7,0.1250
4,124.0000,39,28,784.0628,-86.4266,-0.1387,7,0.1750,0.8571,7,8,8,0,0,8,8,0.0000
4,124.0000,39,35,771.6292,-86.0031,0.5621,6,0.1500,1.0000,8,6,6,0,0,6,6,0.0000
4,124.0000,39,40,673.1182,-85.7837,-3.9947,3,0.0750,1.0000,8,8,8,0,0,8,8,0.0000
4,124.0000,39,42,620.0064,-84.5239,1.2377,3,0.0750,0.7500,8,8,7,0,0,8,7,0.1250
4,124.0000,39,44,722.3219,-85.8013,0.4932,8,0.2000,1.0000,8,8,7,0,0,8,7,0.1250
4,124.0000,39,46,285.2382,-80.4046,1.5439,12,0.3000,0.6667,6,6,3,0,0,6,3,0.5000
4,124.0000,40,1,752.7551,-87.0200,0.2308,5,0.1250,1.0000,8,8,8,0,0,8,8,0.0000
4,124.0000,40,2,677.6693,-85.9792,-0.4901,19,0.4750,1.0000,8,8,8,1,0,9,8,0.1111
4,124.0000,40,3,687.7788,-87.1867,0.5786,7,0.1750,0.8333,6,4,4,0,0,4,4,0.0000
4,124.0000,40,4,582.8040,-84.3716,0.1499,17,0.4250,0.8750,8,8,8,0,0,8,8,0.0000
4,124.0000,40,6,821.8769,-88.9217,0.0026,5,0.1250,1.0000,4,8,8,0,0,8,8,0.0000
4,124.0000,40,8,115.8705,-64.2854,-1.2995,34,0.8500,0.2041,49,5,1,0,0,5,1,0.8000
4,124.0000,40,9,634.6029,-86.1848,0.5072,14,0.3500,0.5000,6,7,6,0,0,7,6,0.1429
4,124.0000,40,11,672.5464,-86.2814,0.1331,14,0.3500,0.9608,51,6,6,0,0,6,6,0.0000
4,124.0000,40,13,360.2016,-79.8177,-0.2371,25,0.6250,0.8750,8,5,1,0,0,5,1,0.8000
4,124.0000,40,14,360.1752,-81.4261,0.8023,28,0.7000,0.8750,8,8,8,0,0,8,8,0.0000
4,124.0000,40,15,421.7771,-81.3109,-0.8696,23,0.5750,0.8571,7,8,8,0,0,8,8,0.0000
4,124.0000,40,17,459.4792,-82.5245,-0.4760,23,0.5750,0.8571,7,6,4,0,0,6,4,0.3333
4,124.0000,40,18,595.9310,-85.3675,0.2694,15,0.3750,0.8571,7,8,7,0,0,8,7,0.1250
4,124.0000,40,19,874.9656,-88.1780,0.1945,6,0.1500,1.0000,8,4,4,0,0,4,4,0.0000
4,124.0000,40,20,430.2054,-83.3446,-0.0266,16,0.4000,0.8571,7,5,1,0,0,5,1,0.8000
4,124.0000,40,21,524.1341,-84.6674,-0.3138,15,0.3750,1.0000,8,8,8,0,0,8,8,0.0000
4,124.0000,40,24,540.9019,-84.5973,0.3325,16,0.4000,1.0000,8,7,6,0,0,7,6,0.1429
4,124.0000,40,25,258.2884,-77.5627,-0.1715,29,0.7250,0.5000,6,5,2,0,0,5,2,0.6000
4,124.0000,40,27,320.9827,-79.9068,-0.0222,26,0.6500,0.7639,72,5,1,130,97,135,98,0.2741
4,124.0000,40,31,325.2849,-81.1001,-0.5631,27,0.6750,0.7143,7,6,4,0,0,6,4,0.3333
4,124.0000,40,32,798.6611,-87.1876,0.6475,12,0.3000,0.8571,7,8,8,0,0,8,8,0.0000
4,124.0000,40,33,735.5656,-86.8096,-0.0709,11,0.2750,1.0000,4,4,4,0,0,4,4,0.0000
4,124.0000,40,36,743.7888,-86.6421,0.1852,7,0.1750,1.0000,8,8,8,0,0,8,8,0.0000
4,124.0000,40,37,860.1479,-87.9567,-0.6687,7,0.1750,1.0000,4,6,5,0,0,6,5,0.1667
4,124.0000,40,38,897.6551,-88.0416,0.7393,4,0.1000,1.0000,8,6,6,0,0,6,6,0.0000
4,124.0000,40,39,673.1182,-86.0199,-0.3439,11,0.2750,1.0000,6,8,8,0,0,8,8,0.0000
4,124.0000,40,41,1001.2900,-88.5046,-0.4184,3,0.0750,1.0000,2,2,2,0,0,2,2,0.0000
4,124.0000,40,42,85.5563,-65.0721,0.4583,33,0.8250,0.0000,4,4,0,0,0,4,0,1.0000
4,124.0000,40,45,299.9662,-80.7250,0.2277,23,0.5750,0.7143,7,7,4,0,0,7,4,0.4286
4,124.0000,40,46,444.1954,-81.3783,-0.6217,28,0.7000,0.7500,8,7,5,0,0,7,5,0.2857
4,124.0000,41,0,790.3981,-86.2714,-1.1351,4,0.1000,0.8571,7,8,8,0,0,8,8,0.0000
4,124.0000,41,3,518.7678,-83.2129,0.9461,10,0.2500,0.8750,16,7,6,61,60,68,66,0.0294
4,124.0000,41,5,831.0355,-87.7075,0.0815,4,0.1000,1.0000,8,8,8,0,0,8,8,0.0000
4,124.0000,41,6,733.6029,-85.7180,0.4577,3,0.0750,1.0000,8,8,8,0,0,8,8,0.0000
4,124.0000,41,7,691.7501,-84.1302,-1.4919,4,0.1000,0.8750,8,8,7,0,0,8,7,0.1250
4,124.0000,41,10,538.6054,-83.1304,0.1576,15,0.3750,0.4000,5,6,4,0,0,6,4,0.3333
4,124.0000,41,12,98.9890,-65.3054,-0.5290,35,0.8750,0.2000,5,5,1,0,0,5,1,0.8000
4,124.0000,41,14,892.9170,-87.3290,3.4272,3,0.0750,1.0000,4,8,8,0,0,8,8,0.0000
4,124.0000,41,16,773.7267,-87.0775,-0.2406,8,0.2000,0.6667,6,8,8,0,0,8,8,0.0000
4,124.0000,41,23,216.9655,-76.0783,0.0146,33,0.8250,0.4000,5,4,0,0,0,4,0,1.0000
4,124.0000,41,26,416.8870,-81.4610,-0.6689,30,0.7500,0.6667,6,7,6,0,0,7,6,0.1429
4,124.0000,41,29,480.2183,-82.2816,-0.5985,27,0.6750,0.5714,7,8,8,12,11,20,19,0.0500
4,124.0000,41,34,237.1704,-78.1716,0.7951,27,0.6750,0.7143,7,4,0,2,1,6,1,0.8333
4,124.0000,41,37,694.9434,-85.5891,-2.6110,4,0.1000,0.8571,7,8,7,0,0,8,7,0.1250
4,124.0000,41,38,328.7026,-80.5344,-0.3219,20,0.5000,0.7143,7,5,2,0,0,5,2,0.6000
4,124.0000,41,43,898.2178,-85.1149,-1.2850,4,0.1000,1.0000,8,6,6,0,0,6,6,0.0000
4,124.0000,41,47,348.1158,-80.2693,-0.4865,24,0.6000,0.6667,6,8,8,0,0,8,8,0.0000
4,124.0000,42,1,819.7470,-86.5695,-0.9755,6,0.1500,1.0000,6,6,6,0,0,6,6,0.0000
4,124.0000,42,2,640.4037,-86.7230,-0.4548,11,0.2750,1.0000,8,5,2,0,0,5,2,0.6000
4,124.0000,42,3,737.7711,-85.7096,-0.2946,6,0.1500,1.0000,4,4,4,0,0,4,4,0.0000
4,124.0000,42,4,625.3404,-84.9591,0.6594,12,0.3000,1.0000,8,8,8,0,0,8,8,0.0000
4,124.0000,42,6,873.2492,-87.2087,-0.0047,3,0.0750,1.0000,8,8,8,0,0,8,8,0.0000
4,124.0000,42,8,77.0864,-65.7292,1.0976,35,0.8750,0.0000,4,6,2,0,0,6,2,0.6667
4,124.0000,42,9,666.2958,-85.3012,0.3404,8,0.2000,1.0000,8,6,6,0,0,6,6,0.0000
4,124.0000,42,11,619.3887,-85.3682,1.0542,7,0.1750,0.8333,6,8,7,0,0,8,7,0.1250
4,124.0000,42,12,1045.0686,-89.3465,-0.4166,3,0.0750,1.0000,2,4,4,0,0,4,4,0.0000
4,124.0000,42,13,292.6505,-78.7278,-0.2987,33,0.8250,0.4000,5,6,4,0,0,6,4,0.3333
4,124.0000,42,14,349.3438,-80.2659,0.1449,26,0.6500,0.7143,7,8,8,0,0,8,8,0.0000
4,124.0000,42,15,417.5091,-81.8302,0.0547,16,0.4000,0.6667,6,8,8,0,0,8,8,0.0000
4,124.0000,42,17,418.8995,-82.2120,-0.2458,22,0.5500,0.6250,8,7,5,0,0,7,5,0.2857
4,124.0000,42,18,598.7597,-85.9066,0.1872,10,0.2500,1.0000,8,8,8,0,0,8,8,0.0000
4,124.0000,42,19,944.4049,-88.5627,-0.4344,5,0.1250,1.0000,6,4,4,0,0,4,4,0.0000
4,124.0000,42,20,496.9080,-85.0865,1.1332,11,0.2750,0.8571,7,8,7,0,0,8,7,0.1250
4,124.0000,42,21,605.5281,-84.8441,0.4735,10,0.2500,1.0000,8,7,6,0,0,7,6,0.1429
4,124.0000,42,23,950.0609,-88.9991,-0.1990,3,0.0750,1.0000,8,2,2,0,0,2,2,0.0000
4,124.0000,42,24,600.9160,-84.4927,-1.4951,8,0.2000,0.6667,6,6,4,0,0,6,4,0.3333
4,124.0000,42,25,221.6282,-77.1753,0.9549,34,0.8500,0.2000,5,5,1,0,0,5,1,0.8000
4,124.0000,42,27,387.4837,-79.9495,-0.2174,19,0.4750,0.7619,63,8,7,0,0,8,7,0.1250
4,124.0000,42,28,1079.4528,-88.7531,0.3606,3,0.0750,1.0000,4,4,4,0,0,4,4,0.0000
4,124.0000,42,31,337.5924,-79.5337,-0.1394,28,0.7000,0.7143,7,8,7,0,0,8,7,0.1250
4,124.0000,42,32,843.6490,-87.1610,0.3819,7,0.1750,1.0000,6,6,6,0,0,6,6,0.0000
4,124.0000,42,33,810.3957,-86.7192,-1.4706,4,0.1000,1.0000,4,6,6,0,0,6,6,0.0000
4,124.0000,42,34,873.1063,-86.7289,0.1406,8,0.2000,0.8571,7,4,4,0,0,4,4,0.0000
4,124.0000,42,36,804.0826,-86.0426,-1.7453,6,0.1500,0.8889,9,5,5,0,0,5,5,0.0000
4,124.0000,42,38,935.1348,-87.8118,-0.5903,4,0.1000,1.0000,8,8,7,0,0,8,7,0.1250
4,124.0000,42,39,620.0064,-85.9199,0.2050,10,0.2500,1.0000,6,8,6,0,0,8,6,0.2500
4,124.0000,42,40,85.5563,-64.8650,0.2389,34,0.8500,0.0000,4,5,1,0,0,5,1,0.8000
4,124.0000,42,41,1020.2529,-88.9731,1.1185,3,0.0750,,0,4,4,0,0,4,4,0.0000
4,124.0000,42,44,1024.0346,-88.4443,-1.4022,3,0.0750,1.0000,2,6,6,0,0,6,6,0.0000
4,124.0000,42,45,373.1098,-80.8360,-0.1544,19,0.4750,0.8750,8,6,2,0,0,6,2,0.6667
4,124.0000,42,46,382.8881,-80.2517,-0.2843,27,0.6750,0.7143,7,7,5,0,0,7,5,0.2857
4,124.0000,43,0,166.0415,-71.2829,-0.2026,35,0.8750,0.0000,4,5,1,0,0,5,1,0.8000
4,124.0000,43,5,489.6985,-83.7407,1.2297,10,0.2500,1.0000,8,9,8,0,0,9,8,0.1111
4,124.0000,43,6,875.4618,-88.2750,1.5184,3,0.0750,1.0000,4,8,8,0,0,8,8,0.0000
4,124.0000,43,7,547.4274,-83.3517,0.4733,10,0.2500,0.8571,7,7,5,0,0,7,5,0.2857
4,124.0000,43,10,529.8301,-84.2009,-0.4396,14,0.3500,0.8571,7,8,8,0,0,8,8,0.0000
4,124.0000,43,16,245.1832,-76.7359,-0.7316,32,0.8000,0.0000,4,5,1,0,0,5,1,0.8000
4,124.0000,43,22,462.1997,-82.2758,-0.1198,13,0.3250,0.8750,8,8,8,0,0,8,8,0.0000
4,124.0000,43,23,853.1165,-87.7700,0.8353,5,0.1250,0.8750,8,8,8,0,0,8,8,0.0000
4,124.0000,43,26,855.6551,-85.9864,0.3757,5,0.1250,1.0000,6,8,8,0,0,8,8,0.0000
4,124.0000,43,29,756.1998,-85.7802,0.4425,10,0.2500,1.0000,8,6,6,0,0,6,6,0.0000
4,124.0000,43,37,770.0791,-86.3085,-0.3674,5,0.1250,1.0000,8,7,6,0,0,7,6,0.1429
4,124.0000,43,38,751.0658,-85.5793,0.4042,5,0.1250,1.0000,8,8,8,0,0,8,8,0.0000
4,124.0000,43,41,898.2178,-87.6361,3.2231,3,0.0750,1.0000,8,8,8,0,0,8,8,0.0000
4,124.0000,43,47,620.1846,-85.1363,0.1541,8,0.2000,1.0000,8,8,7,0,0,8,7,0.1250
4,124.0000,44,2,666.9123,-85.5422,0.2689,6,0.1500,0.8571,7,8,7,0,0,8,7,0.1250
4,124.0000,44,4,531.3438,-84.1355,1.0776,6,0.1500,0.6667,6,7,6,0,0,7,6,0.1429
4,124.0000,44,9,430.3051,-82.4896,0.0538,8,0.2000,0.8750,8,7,5,0,0,7,5,0.2857
4,124.0000,44,15,694.7303,-86.7155,1.8401,3,0.0750,0.8750,8,8,8,0,0,8,8,0.0000
4,124.0000,44,18,528.2543,-84.5090,0.6927,8,0.2000,1.0000,8,8,8,0,0,8,8,0.0000
4,124.0000,44,21,956.6142,-88.4774,0.2571,3,0.0750,1.0000,10,8,8,0,0,8,8,0.0000
4,124.0000,44,28,71.9619,-64.1342,-0.8870,35,0.8750,0.2000,5,4,0,0,0,4,0,1.0000
4,124.0000,44,30,228.2587,-78.0611,0.8290,30,0.7500,0.5000,6,5,1,0,0,5,1,0.8000
4,124.0000,44,32,499.3535,-83.0688,-0.8711,9,0.2250,0.8571,7,8,8,0,0,8,8,0.0000
4,124.0000,44,35,189.9820,-75.3488,0.1691,37,0.9250,0.2000,5,4,0,0,0,4,0,1.0000
4,124.0000,44,39,722.3219,-87.1883,-2.0397,3,0.0750,0.8571,7,8,8,0,0,8,8,0.0000
4,124.0000,45,1,590.2965,-84.8939,2.2202,7,0.1750,0.8571,7,7,6,0,0,7,6,0.1429
4,124.0000,45,2,743.2521,-85.6943,-1.0515,11,0.2750,0.7143,7,3,2,0,0,3,2,0.3333
4,124.0000,45,3,698.9076,-86.4307,0.2057,5,0.1250,1.0000,8,8,8,0,0,8,8,0.0000
4,124.0000,45,4,366.6315,-79.1023,-0.9848,24,0.6000,0.5000,6,7,4,0,0,7,4,0.4286
4,124.0000,45,5,1080.4252,-87.4772,0.2417,3,0.0750,1.0000,2,6,6,0,0,6,6,0.0000
4,124.0000,45,6,758.1450,-87.4901,0.5368,5,0.1250,1.0000,4,8,8,0,0,8,8,0.0000
4,124.0000,45,8,407.8354,-79.7073,-0.8192,21,0.5250,0.6667,6,7,5,0,0,7,5,0.2857
4,124.0000,45,9,441.3782,-81.9521,0.2514,12,0.3000,0.8571,7,8,7,0,0,8,7,0.1250
4,124.0000,45,11,766.7812,-86.2136,-0.6961,8,0.2000,1.0000,8,8,8,0,0,8,8,0.0000
4,124.0000,45,13,577.8362,-83.0351,-0.9662,13,0.3250,1.0000,8,8,7,0,0,8,7,0.1250
4,124.0000,45,14,501.5274,-84.1152,-0.3600,10,0.2500,0.5000,6,7,6,0,0,7,6,0.1429
4,124.0000,45,15,399.4923,-80.5904,-0.6383,16,0.4000,0.2000,5,6,4,0,0,6,4,0.3333
4,124.0000,45,17,573.4831,-85.7949,-0.2891,12,0.3000,1.0000,8,8,8,0,0,8,8,0.0000
4,124.0000,45,18,502.3845,-82.4633,-0.0330,10,0.2500,0.8889,9,7,5,0,0,7,5,0.2857
4,124.0000,45,19,685.5966,-86.7328,-0.4086,4,0.1000,0.7143,7,7,6,0,0,7,6,0.1429
4,124.0000,45,20,174.6628,-75.5338,0.7706,33,0.8250,0.3333,6,4,0,0,0,4,0,1.0000
4,124.0000,45,21,251.0145,-78.8944,0.1850,26,0.6500,0.2000,5,7,3,0,0,7,3,0.5714
4,124.0000,45,24,353.3903,-80.4561,-0.3262,14,0.3500,0.5000,6,8,7,0,0,8,7,0.1250
4,124.0000,45,25,414.0183,-81.2963,0.3163,13,0.3250,0.6667,6,7,6,0,0,7,6,0.1429
4,124.0000,45,27,320.6307,-79.6996,0.0221,18,0.4500,0.0000,4,7,5,0,0,7,5,0.2857
4,124.0000,45,30,817.2889,-86.3043,-1.1524,9,0.2250,1.0000,6,4,4,0,0,4,4,0.0000
4,124.0000,45,31,477.8879,-83.7885,1.7443,9,0.2250,1.0000,8,7,6,0,0,7,6,0.1429
4,124.0000,45,32,543.7848,-83.8046,-0.5450,14,0.3500,0.4000,5,8,6,0,0,8,6,0.2500
4,124.0000,45,33,452.5784,-83.9674,2.0479,12,0.3000,0.8571,7,8,7,0,0,8,7,0.1250
4,124.0000,45,34,970.0263,-88.6179,-0.1445,3,0.0750,1.0000,8,6,6,0,0,6,6,0.0000
4,124.0000,45,36,644.1132,-86.0310,-1.6317,7,0.1750,1.0000,8,8,8,0,0,8,8,0.0000
4,124.0000,45,37,793.0882,-87.8967,2.5935,3,0.0750,1.0000,6,8,8,0,0,8,8,0.0000
4,124.0000,45,39,771.4907,-86.5577,1.4729,7,0.1750,1.0000,12,6,6,0,0,6,6,0.0000
4,124.0000,45,40,299.9662,-80.5303,0.5736,16,0.4000,0.7500,52,6,3,0,0,6,3,0.5000
4,124.0000,45,42,373.1098,-81.7000,0.1498,18,0.4500,0.6667,6,7,4,0,0,7,4,0.4286
4,124.0000,45,44,864.5589,-87.8395,0.2286,7,0.1750,1.0000,6,5,4,0,0,5,4,0.2000
4,124.0000,45,46,595.1706,-83.9929,-0.5274,12,0.3000,0.8571,7,8,8,0,0,8,8,0.0000
4,124.0000,46,1,1044.0896,-87.3881,0.2261,3,0.0750,,0,4,4,0,0,4,4,0.0000
4,124.0000,46,2,429.0347,-82.9754,0.7634,26,0.6500,0.8750,8,7,4,0,0,7,4,0.4286
4,124.0000,46,4,662.2757,-87.0429,0.5607,11,0.2750,0.6667,6,7,5,0,0,7,5,0.2857
4,124.0000,46,8,433.3035,-82.5882,0.1240,18,0.4500,0.8571,7,7,5,0,0,7,5,0.2857
4,124.0000,46,9,638.8381,-86.3238,0.2333,12,0.3000,1.0000,8,8,7,0,0,8,7,0.1250
4,124.0000,46,11,259.5582,-80.4959,1.4497,33,0.8250,0.2000,5,5,1,0,0,5,1,0.8000
4,124.0000,46,13,250.0532,-75.6484,-1.1997,30,0.7500,0.0000,4,4,2,0,0,4,2,0.5000
4,124.0000,46,14,486.8388,-84.2686,-0.3078,14,0.3500,1.0000,8,6,6,0,0,6,6,0.0000
4,124.0000,46,15,312.3326,-81.0715,0.7692,21,0.5250,0.5000,6,6,3,0,0,6,3,0.5000
4,124.0000,46,17,300.1165,-80.1590,0.8101,29,0.7250,0.4000,5,6,3,0,0,6,3,0.5000
4,124.0000,46,18,443.1792,-83.0137,0.5263,21,0.5250,0.8571,7,8,8,0,0,8,8,0.0000
4,124.0000,46,19,1158.7013,-89.2850,-0.5285,3,0.0750,1.0000,2,4,4,0,0,4,4,0.0000
4,124.0000,46,20,668.9300,-85.8914,0.6500,7,0.1750,0.8571,7,8,7,0,0,8,7,0.1250
4,124.0000,46,21,841.5999,-88.1973,-0.3472,8,0.2000,1.0000,8,8,8,0,0,8,8,0.0000
4,124.0000,46,24,764.6321,-85.9367,-0.4416,6,0.1500,1.0000,8,8,8,0,0,8,8,0.0000
4,124.0000,46,25,258.6107,-76.0930,-0.4405,26,0.6500,0.0000,4,7,5,0,0,7,5,0.2857
4,124.0000,46,27,699.9625,-85.0547,-0.1484,10,0.2500,1.0000,8,7,6,0,0,7,6,0.1429
4,124.0000,46,28,905.4394,-87.9949,0.0040,9,0.2250,1.0000,6,6,6,0,0,6,6,0.0000
4,124.0000,46,30,954.4069,-88.9756,0.4966,5,0.1250,0.8333,6,4,4,0,0,4,4,0.0000
4,124.0000,46,31,594.5700,-85.3136,-0.2268,10,0.2500,0.7143,7,8,8,0,0,8,8,0.0000
4,124.0000,46,32,836.3383,-87.4106,0.3350,6,0.1500,1.0000,8,8,8,0,0,8,8,0.0000
4,124.0000,46,34,1147.9944,-88.9064,0.0027,4,0.1000,1.0000,2,4,4,0,0,4,4,0.0000
4,124.0000,46,35,897.3905,-88.0842,0.0059,4,0.1000,1.0000,4,8,8,0,0,8,8,0.0000
4,124.0000,46,39,285.2382,-80.2584,1.1745,29,0.7250,0.2000,5,5,2,0,0,5,2,0.6000
4,124.0000,46,40,444.1954,-81.9376,-0.9430,16,0.4000,0.7143,7,8,8,0,0,8,8,0.0000
4,124.0000,46,42,382.8881,-81.2335,0.0338,22,0.5500,0.6667,6,8,8,0,0,8,8,0.0000
4,124.0000,46,44,849.0414,-87.2905,0.4202,5,0.1250,1.0000,4,6,6,0,0,6,6,0.0000
4,124.0000,46,45,595.1706,-85.2174,1.0191,14,0.3500,1.0000,8,8,8,0,0,8,8,0.0000
4,124.0000,47,0,486.7755,-83.8787,0.2609,25,0.6250,0.7500,8,5,2,0,0,5,2,0.6000
4,124.0000,47,3,536.0496,-83.9068,1.2026,8,0.2000,1.0000,8,8,7,0,0,8,7,0.1250
4,124.0000,47,5,584.3101,-85.7872,1.3994,12,0.3000,0.7143,7,6,3,0,0,6,3,0.5000
4,124.0000,47,6,632.6438,-86.1465,0.8372,6,0.1500,0.8750,8,7,6,0,0,7,6,0.1429
4,124.0000,47,7,416.4638,-82.1168,0.0819,24,0.6000,0.8571,7,7,5,0,0,7,5,0.2857
4,124.0000,47,10,247.7396,-77.3088,-0.1589,36,0.9000,0.5000,6,5,1,0,0,5,1,0.8000
4,124.0000,47,12,254.4321,-79.5600,0.3702,25,0.6250,0.5714,7,5,1,0,0,5,1,0.8000
4,124.0000,47,16,447.1028,-83.3234,-0.4360,25,0.6250,0.8571,7,5,2,0,0,5,2,0.6000
4,124.0000,47,22,623.6226,-85.6997,0.0117,12,0.3000,1.0000,8,8,8,0,0,8,8,0.0000
4,124.0000,47,23,438.4947,-82.4011,-0.0168,21,0.5250,0.8571,7,7,6,0,0,7,6,0.1429
4,124.0000,47,26,385.4529,-80.7346,-0.1633,32,0.8000,0.5714,7,7,5,0,0,7,5,0.2857
4,124.0000,47,29,300.0910,-76.9874,-1.7946,37,0.9250,0.2000,5,6,4,0,0,6,4,0.3333
4,124.0000,47,34,388.3141,-81.9573,1.0530,18,0.4500,1.0000,8,5,1,0,0,5,1,0.8000
4,124.0000,47,36,728.7218,-86.7006,0.2554,4,0.1000,1.0000,8,8,8,0,0,8,8,0.0000
4,124.0000,47,37,573.4310,-85.1825,-0.3029,12,0.3000,1.0000,8,7,5,0,0,7,5,0.2857
4,124.0000,47,38,289.2712,-79.5244,-0.4071,22,0.5500,0.0000,4,6,3,0,0,6,3,0.5000
4,124.0000,47,41,348.1158,-80.0661,0.0326,29,0.7250,0.0000,4,6,3,0,0,6,3,0.5000
4,124.0000,47,43,620.1846,-85.1425,-0.7420,18,0.4500,0.6667,6,8,8,0,0,8,8,0.0000
4,128.0000,0,3,843.9276,-87.8432,0.1583,3,0.0750,1.0000,6,8,8,0,0,8,8,0.0000
4,128.0000,0,5,421.9190,-82.3528,0.5156,14,0.3500,0.6667,6,6,4,0,0,6,4,0.3333
4,128.0000,0,6,890.9935,-88.8151,-0.2983,3,0.0750,1.0000,8,8,8,0,0,8,8,0.0000
4,128.0000,0,7,549.6425,-83.8006,0.3832,10,0.2500,0.6667,6,8,8,0,0,8,8,0.0000
4,128.0000,0,10,265.6955,-79.0438,0.8147,27,0.6750,0.4000,5,5,1,0,0,5,1,0.8000
4,128.0000,0,12,534.6925,-84.0179,0.9324,7,0.1750,1.0000,8,6,4,0,0,6,4,0.3333
4,128.0000,0,16,207.7134,-72.5965,-1.8380,37,0.9250,0.2000,5,5,1,0,0,5,1,0.8000
4,128.0000,0,22,599.6752,-85.1033,-0.3498,9,0.2250,1.0000,9,8,8,0,0,8,8,0.0000
4,128.0000,0,23,782.4941,-87.1147,0.4288,3,0.0750,1.0000,8,8,8,0,0,8,8,0.0000
4,128.0000,0,26,561.1690,-86.0336,0.8356,11,0.2750,0.8571,7,6,3,0,0,6,3,0.5000
4,128.0000,0,29,526.2630,-83.7839,0.0878,20,0.5000,1.0000,8,7,6,0,0,7,6,0.1429
4,128.0000,0,34,693.6439,-86.7127,0.8226,4,0.1000,0.8750,8,8,8,0,0,8,8,0.0000
4,128.0000,0,37,776.0587,-87.6030,0.7152,3,0.0750,1.0000,8,8,8,0,0,8,8,0.0000
4,128.0000,0,38,676.6494,-86.2639,0.4066,6,0.1500,0.8571,7,6,4,0,0,6,4,0.3333
4,128.0000,0,41,761.2843,-85.7471,-0.3400,5,0.1250,1.0000,8,8,7,0,0,8,7,0.1250
4,128.0000,0,43,347.3200,-77.6403,-2.0402,33,0.8250,0.4000,5,7,4,0,0,7,4,0.4286
4,128.0000,0,47,436.3377,-82.9058,0.3612,18,0.4500,0.5000,6,7,6,0,0,7,6,0.1429
4,128.0000,1,0,948.8683,-86.9241,0.2194,3,0.0750,,0,6,6,0,0,6,6,0.0000
4,128.0000,1,3,457.3040,-84.0440,0.1827,12,0.3000,0.6667,6,8,8,0,0,8,8,0.0000
4,128.0000,1,4,935.7109,-88.3092,0.3598,4,0.1000,1.0000,8,4,4,0,0,4,4,0.0000
4,128.0000,1,5,578.7754,-85.1675,0.2994,13,0.3250,0.8571,7,8,7,0,0,8,7,0.1250
4,128.0000,1,6,260.0538,-77.9751,0.6449,22,0.5500,0.5714,7,7,5,0,0,7,5,0.2857
4,128.0000,1,7,472.5774,-84.4205,0.0999,14,0.3500,0.8571,7,6,5,0,0,6,5,0.1667
4,128.0000,1,9,898.8866,-88.2780,-0.0507,3,0.0750,0.8750,8,6,6,0,0,6,6,0.0000
4,128.0000,1,10,908.4767,-88.1199,0.2713,4,0.1000,,0,6,6,0,0,6,6,0.0000
4,128.0000,1,12,861.9968,-87.7549,-0.0338,4,0.1000,1.0000,4,8,8,0,0,8,8,0.0000
4,128.0000,1,13,920.1976,-87.4694,-2.2292,3,0.0750,1.0000,6,8,8,0,0,8,8,0.0000
4,128.0000,1,14,664.9979,-85.5125,-0.1210,8,0.2000,0.8750,8,8,8,0,0,8,8,0.0000
4,128.0000,1,15,917.8103,-87.3707,-0.0966,5,0.1250,1.0000,8,4,4,0,0,4,4,0.0000
4,128.0000,1,16,800.5240,-87.5002,-0.5475,6,0.1500,1.0000,6,8,8,0,0,8,8,0.0000
4,128.0000,1,18,823.3524,-87.6326,0.0291,5,0.1250,1.0000,6,2,2,0,0,2,2,0.0000
4,128.0000,1,19,59.6740,-68.3866,2.3166,37,0.9250,0.0000,5,5,1,0,0,5,1,0.8000
4,128.0000,1,20,549.4780,-83.8915,0.2135,8,0.2000,1.0000,8,8,8,0,0,8,8,0.0000
4,128.0000,1,21,462.6195,-82.4158,-0.6804,11,0.2750,0.8571,7,6,3,0,0,6,3,0.5000
4,128.0000,1,22,505.9324,-85.0148,0.4635,16,0.4000,0.8750,8,7,5,0,0,7,5,0.2857
4,128.0000,1,23,846.2634,-87.2296,-1.3917,5,0.1250,1.0000,8,8,8,0,0,8,8,0.0000
4,128.0000,1,24,387.7504,-80.9547,0.0620,17,0.4250,0.8462,13,7,6,0,0,7,6,0.1429
4,128.0000,1,25,771.2137,-86.9084,0.5919,5,0.1250,1.0000,8,8,8,0,0,8,8,0.0000
4,128.0000,1,27,469.6634,-84.7269,-2.1027,9,0.2250,0.8571,7,7,5,0,0,7,5,0.2857
4,128.0000,1,31,566.0373,-84.3416,-0.1349,7,0.1750,1.0000,8,8,8,0,0,8,8,0.0000
4,128.0000,1,32,810.0943,-86.9634,-1.0891,3,0.0750,1.0000,2,4,4,0,0,4,4,0.0000
4,128.0000,1,33,475.8083,-82.4238,-0.8276,15,0.3750,1.0000,8,8,8,0,0,8,8,0.0000
4,128.0000,1,34,763.6064,-87.1911,-0.4165,8,0.2000,1.0000,8,8,8,0,0,8,8,0.0000
4,128.0000,1,36,132.8779,-72.7117,0.1749,35,0.8750,0.2000,5,4,0,0,0,4,0,1.0000
4,128.0000,1,37,289.1921,-78.7810,0.1863,23,0.5750,0.6667,6,6,4,0,0,6,4,0.3333
4,128.0000,1,38,558.4147,-84.2927,-0.0494,8,0.2000,1.0000,8,8,8,0,0,8,8,0.0000
4,128.0000,1,40,685.2547,-86.1623,0.7295,7,0.1750,1.0000,8,7,6,0,0,7,6,0.1429
4,128.0000,1,42,869.2437,-87.6275,-0.5410,6,0.1500,1.0000,8,6,6,0,0,6,6,0.0000
4,128.0000,1,43,879.0815,-87.3312,0.1681,4,0.1000,,0,4,4,0,0,4,4,0.0000
4,128.0000,1,45,551.1417,-86.0932,-0.1387,9,0.2250,0.8571,7,7,6,0,0,7,6,0.1429
4,128.0000,1,47,733.2554,-85.4751,2.1380,4,0.1000,1.0000,6,6,6,0,0,6,6,0.0000
4,128.0000,2,8,669.6639,-84.7264,-0.2458,5,0.1250,0.8750,8,8,8,0,0,8,8,0.0000
4,128.0000,2,11,324.1772,-80.0529,0.1872,23,0.5750,0.5000,6,5,2,0,0,5,2,0.6000
4,128.0000,2,13,687.2954,-86.7978,-2.0526,3,0.0750,1.0000,8,8,8,0,0,8,8,0.0000
4,128.0000,2,15,571.4903,-83.3016,-0.4578,5,0.1250,0.8571,7,7,6,0,0,7,6,0.1429
4,128.0000,2,17,269.9715,-75.9435,-0.7773,28,0.7000,0.0000,4,4,2,0,0,4,2,0.5000
4,128.0000,2,25,723.8393,-86.1411,1.7329,4,0.1000,0.8571,7,8,8,0,0,8,8,0.0000
4,128.0000,2,35,748.8387,-84.4540,-0.5133,4,0.1000,0.8571,7,2,0,0,0,2,0,1.0000
4,128.0000,2,39,273.9076,-77.1812,-0.2029,27,0.6750,0.1111,9,7,4,0,0,7,4,0.4286
4,128.0000,2,42,609.3535,-84.4847,-0.4850,4,0.1000,0.8750,8,7,6,0,0,7,6,0.1429
4,128.0000,2,44,742.5765,-86.3678,-0.5659,4,0.1000,0.8750,8,8,8,0,0,8,8,0.0000
4,128.0000,2,46,381.5140,-81.9487,-0.5927,13,0.3250,1.0000,8,7,6,0,0,7,6,0.1429
4,128.0000,3,1,457.3040,-82.0812,-0.1595,13,0.3250,1.0000,8,10,9,0,0,10,9,0.1000
4,128.0000,3,5,658.7317,-84.1897,-1.5319,3,0.0750,0.8571,7,7,5,0,0,7,5,0.2857
4,128.0000,3,6,297.8701,-78.1588,-0.2163,23,0.5750,0.6667,6,7,5,0,0,7,5,0.2857
4,128.0000,3,7,567.8769,-83.5465,0.6360,7,0.1750,0.6667,6,6,6,0,0,6,6,0.0000
4,128.0000,3,8,729.7887,-85.8788,1.7191,3,0.0750,0.7500,4,7,6,0,0,7,6,0.1429
4,128.0000,3,10,708.7436,-84.8070,0.8170,6,0.1500,1.0000,6,8,8,0,0,8,8,0.0000
4,128.0000,3,12,516.0759,-83.9217,0.1379,11,0.2750,0.6250,8,8,8,0,0,8,8,0.0000
4,128.0000,3,14,562.6946,-85.5324,2.1178,4,0.1000,1.0000,8,6,5,0,0,6,5,0.1667
4,128.0000,3,16,787.8494,-84.8267,0.2187,3,0.0750,1.0000,8,8,7,0,0,8,7,0.1250
4,128.0000,3,19,516.0657,-82.9888,-0.1749,7,0.1750,1.0000,8,8,6,0,0,8,6,0.2500
4,128.0000,3,20,646.7159,-86.0960,-1.8029,5,0.1250,1.0000,8,8,8,0,0,8,8,0.0000
4,128.0000,3,21,641.6707,-83.7530,-0.5510,5,0.1250,0.6667,6,8,8,0,0,8,8,0.0000
4,128.0000,3,22,542.5635,-84.0168,-0.1893,9,0.2250,0.8750,8,8,7,0,0,8,7,0.1250
4,128.0000,3,23,421.9544,-81.3325,1.0101,16,0.4000,0.8750,8,7,4,0,0,7,4,0.4286
4,128.0000,3,24,662.6207,-84.7579,0.6987,5,0.1250,1.0000,8,6,5,0,0,6,5,0.1667
4,128.0000,3,25,643.4174,-86.7899,-1.2110,3,0.0750,1.0000,8,8,8,0,0,8,8,0.0000
4,128.0000,3,26,928.9766,-87.3507,0.5603,4,0.1000,1.0000,2,6,6,0,0,6,6,0.0000
4,128.0000,3,27,275.2449,-79.4385,1.0152,19,0.4750,0.7500,8,8,6,0,0,8,6,0.2500
4,128.0000,3,31,362.5762,-80.9057,0.0922,9,0.2250,0.8571,7,7,6,0,0,7,6,0.1429
4,128.0000,3,34,384.0994,-80.5296,0.1401,16,0.4000,0.5714,7,7,5,0,0,7,5,0.2857
4,128.0000,3,36,418.4991,-79.8170,-0.9197,14,0.3500,0.9231,13,8,8,0,0,8,8,0.0000
4,128.0000,3,37,237.3649,-77.9464,0.6676,24,0.6000,0.0000,4,7,5,0,0,7,5,0.2857
4,128.0000,3,38,208.0192,-76.2311,0.3706,21,0.5250,0.2000,5,4,0,0,0,4,0,1.0000
4,128.0000,3,41,482.2018,-83.6696,0.4693,14,0.3500,0.4000,5,7,5,0,0,7,5,0.2857
4,128.0000,3,47,485.0845,-83.9413,-0.0882,9,0.2250,0.8571,7,7,6,0,0,7,6,0.1429
4,128.0000,4,1,935.7109,-87.9574,0.0722,4,0.1000,1.0000,8,4,4,0,0,4,4,0.0000
4,128.0000,4,2,728.6621,-85.9308,-0.2403,9,0.2250,0.6667,6,4,3,0,0,4,3,0.2500
4,128.0000,4,8,810.5161,-86.2692,-0.1844,3,0.0750,1.0000,8,8,8,0,0,8,8,0.0000
4,128.0000,4,9,89.6127,-67.8034,0.6930,33,0.8250,0.0000,4,4,0,0,0,4,0,1.0000
4,128.0000,4,11,677.2834,-86.4939,-0.6673,8,0.2000,1.0000,8,8,8,0,0,8,8,0.0000
4,128.0000,4,13,821.8195,-88.2728,0.5523,4,0.1000,1.0000,8,8,8,0,0,8,8,0.0000
4,128.0000,4,14,762.9442,-86.6750,-0.0792,6,0.1500,1.0000,8,8,8,0,0,8,8,0.0000
4,128.0000,4,15,455.3000,-82.3853,-0.1954,14,0.3500,0.8571,7,7,5,0,0,7,5,0.2857
4,128.0000,4,17,537.4970,-84.6511,-0.3721,12,0.3000,1.0000,8,8,8,0,0,8,8,0.0000
4,128.0000,4,18,421.1267,-81.7023,-0.0068,15,0.3750,0.8571,7,8,8,0,0,8,8,0.0000
4,128.0000,4,20,449.6995,-82.3980,-0.1577,11,0.2750,0.8571,7,6,4,0,0,6,4,0.3333
4,128.0000,4,21,556.3772,-83.1880,-0.5380,10,0.2500,0.7500,8,8,8,0,0,8,8,0.0000
4,128.0000,4,24,584.1194,-86.2562,0.4690,6,0.1500,0.8571,7,8,8,0,0,8,8,0.0000
4,128.0000,4,25,700.9204,-84.7307,0.4736,7,0.1750,1.0000,8,8,7,0,0,8,7,0.1250
4,128.0000,4,28,464.1232,-83.2518,0.7732,19,0.4750,0.4000,5,5,2,0,0,5,2,0.6000
4,128.0000,4,30,492.7565,-82.2692,-0.0201,20,0.5000,0.6667,6,8,8,0,0,8,8,0.0000
4,128.0000,4,31,838.7706,-87.7714,-0.0772,5,0.1250,1.0000,8,8,8,0,0,8,8,0.0000
4,128.0000,4,32,356.2131,-80.5421,0.0248,24,0.6000,0.8571,7,7,6,0,0,7,6,0.1429
4,128.0000,4,33,492.5683,-85.0605,-0.6800,8,0.2000,0.8571,7,8,8,0,0,8,8,0.0000
4,128.0000,4,35,638.5777,-85.6799,0.4518,13,0.3250,1.0000,8,8,8,0,0,8,8,0.0000
4,128.0000,4,36,1061.5477,-87.0908,-0.7769,3,0.0750,1.0000,4,2,2,0,0,2,2,0.0000
4,128.0000,4,39,734.3842,-86.2084,0.4086,8,0.2000,0.8571,7,8,8,0,0,8,8,0.0000
4,128.0000,4,40,649.9565,-86.2942,0.7714,6,0.1500,1.0000,6,8,8,0,0,8,8,0.0000
4,128.0000,4,42,639.4749,-85.6142,0.3861,6,0.1500,1.0000,8,7,6,0,0,7,6,0.1429
4,128.0000,4,44,409.2447,-81.8760,1.4864,18,0.4500,0.3333,6,6,2,0,0,6,2,0.6667
4,128.0000,4,45,517.4418,-82.2843,-0.0424,9,0.2250,0.8750,8,7,6,0,0,7,6,0.1429
4,128.0000,4,46,639.4014,-85.7526,0.0169,7,0.1750,0.7500,8,8,8,0,0,8,8,0.0000
4,128.0000,5,0,421.9190,-83.4117,-0.2095,23,0.5750,0.3333,6,4,2,0,0,4,2,0.5000
4,128.0000,5,1,578.7754,-84.6673,1.6940,4,0.1000,1.0000,8,8,8,0,0,8,8,0.0000
4,128.0000,5,3,658.7317,-84.2243,0.1842,6,0.1500,0.7143,7,8,8,0,0,8,8,0.0000
4,128.0000,5,6,585.7524,-82.9534,-1.5694,11,0.2750,1.0000,6,9,7,0,0,9,7,0.2222
4,128.0000,5,7,188.9093,-75.0355,0.2893,38,0.9500,0.0000,4,5,2,0,0,5,2,0.6000
4,128.0000,5,10,488.3033,-84.1456,0.8402,16,0.4000,0.8571,7,8,8,0,0,8,8,0.0000
4,128.0000,5,12,647.0456,-86.1084,-0.3497,8,0.2000,0.6667,6,7,6,0,0,7,6,0.1429
4,128.0000,5,16,233.8724,-80.2894,1.1138,32,0.8000,0.5000,6,5,1,0,0,5,1,0.8000
4,128.0000,5,19,588.3039,-85.2700,-1.4648,10,0.2500,1.0000,8,8,7,0,0,8,7,0.1250
4,128.0000,5,22,379.8168,-80.3979,-0.6789,30,0.7500,0.5000,6,8,7,0,0,8,7,0.1250
4,128.0000,5,23,817.4317,-86.9391,-0.9850,4,0.1000,1.0000,6,8,8,0,0,8,8,0.0000
4,128.0000,5,26,865.6310,-87.4971,0.6079,4,0.1000,1.0000,4,8,7,0,0,8,7,0.1250
4,128.0000,5,27,865.0207,-86.9314,0.2769,3,0.0750,1.0000,8,8,8,0,0,8,8,0.0000
4,128.0000,5,29,799.7376,-86.4152,-0.4511,5,0.1250,1.0000,4,6,6,0,0,6,6,0.0000
4,128.0000,5,34,687.3740,-85.7925,0.7643,6,0.1500,1.0000,6,7,6,0,0,7,6,0.1429
4,128.0000,5,36,453.5329,-84.2879,0.4789,11,0.2750,0.8571,7,6,3,0,0,6,3,0.5000
4,128.0000,5,37,493.7567,-80.6432,-1.3419,14,0.3500,0.8750,8,6,6,0,0,6,6,0.0000
4,128.0000,5,38,559.2933,-83.4248,-0.9435,10,0.2500,0.8571,7,8,8,0,0,8,8,0.0000
4,128.0000,5,41,827.9978,-86.8716,0.3217,5,0.1250,1.0000,8,7,6,0,0,7,6,0.1429
4,128.0000,5,43,359.5837,-82.5184,0.5511,30,0.7500,0.7143,7,5,1,0,0,5,1,0.8000
4,128.0000,5,45,1060.0114,-88.3817,1.2603,3,0.0750,1.0000,8,8,7,0,0,8,7,0.1250
4,128.0000,5,47,464.9803,-83.0185,0.5989,18,0.4500,0.6667,6,8,8,0,0,8,8,0.0000
4,128.0000,6,0,890.9935,-87.1444,0.1468,9,0.2250,1.0000,8,6,6,0,0,6,6,0.0000
4,128.0000,6,1,260.0538,-78.0404,0.8258,28,0.7000,0.2000,5,5,2,0,0,5,2,0.6000
4,128.0000,6,3,297.8701,-79.0646,-0.2679,23,0.5750,0.6667,6,6,2,0,0,6,2,0.6667
4,128.0000,6,4,1045.5076,-88.4120,0.3112,4,0.1000,1.0000,6,4,4,0,0,4,4,0.0000
4,128.0000,6,5,585.7524,-83.5094,0.0985,20,0.5000,0.8750,8,7,6,0,0,7,6,0.1429
4,128.0000,6,7,436.2047,-81.7845,-0.9468,25,0.6250,0.5000,6,8,7,0,0,8,7,0.1250
4,128.0000,6,10,780.7376,-85.8692,0.1517,4,0.1000,0.8000,5,6,6,0,0,6,6,0.0000
4,128.0000,6,12,693.3316,-85.9842,-0.2002,11,0.2750,0.8571,7,8,8,0,0,8,8,0.0000
4,128.0000,6,14,554.8484,-86.1464,0.5407,5,0.1250,1.0000,8,8,8,0,0,8,8,0.0000
4,128.0000,6,15,916.0375,-87.7296,1.1890,3,0.0750,1.0000,6,4,4,0,0,4,4,0.0000
4,128.0000,6,16,771.0121,-86.8469,-0.1419,12,0.3000,0.8571,7,8,8,0,0,8,8,0.0000
4,128.0000,6,19,313.3479,-80.1936,1.3710,22,0.5500,0.6667,6,5,1,0,0,5,1,0.8000
4,128.0000,6,20,607.2666,-85.2617,-1.4070,6,0.1500,0.8571,7,7,6,0,0,7,6,0.1429
4,128.0000,6,21,618.5407,-86.1967,-0.4851,8,0.2000,0.8571,7,8,8,0,0,8,8,0.0000
4,128.0000,6,22,582.0169,-85.5648,0.5980,11,0.2750,0.8571,7,8,8,0,0,8,8,0.0000
4,128.0000,6,23,701.2494,-87.1911,0.0614,8,0.2000,1.0000,8,8,8,0,0,8,8,0.0000
4,128.0000,6,24,510.2131,-83.1248,1.5053,11,0.2750,1.0000,8,8,7,0,0,8,7,0.1250
4,128.0000,6,27,400.2677,-82.3130,0.6480,10,0.2500,0.5000,6,7,5,0,0,7,5,0.2857
4,128.0000,6,29,1005.4608,-88.3192,-0.4624,4,0.1000,1.0000,8,2,2,0,0,2,2,0.0000
4,128.0000,6,31,436.9686,-83.7673,1.9980,10,0.2500,1.0000,8,7,6,0,0,7,6,0.1429
4,128.0000,6,33,654.9987,-85.2080,0.5494,7,0.1750,1.0000,8,7,6,0,0,7,6,0.1429
4,128.0000,6,34,551.7549,-84.8551,-0.2460,13,0.3250,0.7143,7,6,4,0,0,6,4,0.3333
4,128.0000,6,36,228.5086,-73.7387,-1.0331,36,0.9000,0.2000,5,7,5,0,0,7,5,0.2857
4,128.0000,6,37,129.3912,-70.6763,-0.4838,36,0.9000,0.0000,4,4,0,0,0,4,0,1.0000
4,128.0000,6,38,372.0704,-81.3945,-0.1139,21,0.5250,1.0000,8,8,7,0,0,8,7,0.1250
4,128.0000,6,40,647.2359,-87.9889,-2.9412,3,0.0750,1.0000,8,5,2,0,0,5,2,0.6000
4,128.0000,6,41,714.5900,-86.5141,-0.7061,7,0.1750,0.7143,7,6,6,0,0,6,6,0.0000
4,128.0000,6,42,816.7391,-88.9546,0.3153,3,0.0750,1.0000,8,8,7,0,0,8,7,0.1250
4,128.0000,6,43,919.5427,-86.9385,2.3677,4,0.1000,1.0000,4,6,6,0,0,6,6,0.0000
4,128.0000,6,45,602.4231,-86.7175,-0.3977,5,0.1250,1.0000,8,8,8,0,0,8,8,0.0000
4,128.0000,6,46,1062.3413,-88.6143,-1.0056,3,0.0750,1.0000,6,4,4,0,0,4,4,0.0000
4,128.0000,6,47,575.7975,-85.2396,0.5382,9,0.2250,1.0000,8,6,4,0,0,6,4,0.3333
4,128.0000,7,0,549.6425,-83.3838,0.5086,22,0.5500,0.8571,7,7,6,0,0,7,6,0.1429
4,128.0000,7,1,472.5774,-83.7636,-1.0638,8,0.2000,1.0000,8,6,3,0,0,6,3,0.5000
4,128.0000,7,3,567.8769,-83.7216,-0.4892,10,0.2500,0.8750,8,7,6,0,0,7,6,0.1429
4,128.0000,7,5,188.9093,-75.1729,0.1560,35,0.8750,0.0000,4,6,2,0,0,6,2,0.6667
4,128.0000,7,6,436.2047,-81.2364,-0.8851,15,0.3750,0.7143,7,8,8,0,0,8,8,0.0000
4,128.0000,7,10,528.2968,-83.5676,-0.5662,15,0.3750,0.8571,7,8,7,0,0,8,7,0.1250
4,128.0000,7,12,636.4990,-84.8016,0.3786,13,0.3250,1.0000,8,8,8,0,0,8,8,0.0000
4,128.0000,7,16,378.2300,-80.8571,0.5537,24,0.6000,0.4000,5,6,4,0,0,6,4,0.3333
4,128.0000,7,19,488.3715,-83.9842,0.6666,12,0.3000,1.0000,8,7,6,0,0,7,6,0.1429
4,128.0000,7,21,903.3390,-88.8769,3.0433,3,0.0750,1.0000,6,2,2,0,0,2,2,0.0000
4,128.0000,7,22,457.7692,-81.6034,-0.0266,22,0.5500,0.7143,7,7,6,0,0,7,6,0.1429
4,128.0000,7,23,799.9884,-87.0082,0.1652,6,0.1500,1.0000,6,8,8,0,0,8,8,0.0000
4,128.0000,7,24,850.8979,-85.4167,-0.0871,3,0.0750,1.0000,8,6,6,0,0,6,6,0.0000
4,128.0000,7,26,891.6791,-87.8881,-0.2124,9,0.2250,0.8000,5,5,4,0,0,5,4,0.2000
4,128.0000,7,27,770.7514,-87.0797,-0.8137,5,0.1250,1.0000,8,8,8,0,0,8,8,0.0000
4,128.0000,7,29,812.0067,-86.1493,-1.2882,11,0.2750,1.0000,8,8,8,0,0,8,8,0.0000
4,128.0000,7,33,944.9161,-88.2597,-1.3079,4,0.1000,1.0000,2,8,8,0,0,8,8,0.0000
4,128.0000,7,34,616.0963,-85.3354,-0.4579,8,0.2000,0.8750,8,8,8,0,0,8,8,0.0000
4,128.0000,7,36,343.5213,-82.2992,-0.0871,12,0.3000,0.6667,6,5,2,0,0,5,2,0.6000
4,128.0000,7,37,367.8414,-80.2879,-0.6650,16,0.4000,0.8750,8,7,6,0,0,7,6,0.1429
4,128.0000,7,38,478.9425,-83.3531,-0.7477,13,0.3250,0.7500,8,8,7,0,0,8,7,0.1250
4,128.0000,7,41,787.2566,-86.6145,-0.2735,9,0.2250,1.0000,8,8,8,0,0,8,8,0.0000
4,128.0000,7,43,547.9133,-84.6763,0.1676,13,0.3250,0.8571,7,8,8,0,0,8,8,0.0000
4,128.0000,7,47,440.3926,-81.7295,-0.2138,18,0.4500,0.5714,7,8,8,0,0,8,8,0.0000
4,128.0000,8,2,669.6639,-85.1536,0.2299,13,0.3250,1.0000,8,4,4,0,0,4,4,0.0000
4,128.0000,8,4,810.5161,-86.7125,-0.3705,7,0.1750,0.8750,8,3,2,0,0,3,2,0.3333
4,128.0000,8,9,835.9373,-87.0482,-0.9496,6,0.1500,1.0000,6,8,8,0,0,8,8,0.0000
4,128.0000,8,11,669.5972,-85.4231,-1.0328,11,0.2750,1.0000,8,7,6,0,0,7,6,0.1429
4,128.0000,8,13,326.7289,-80.3712,0.2430,23,0.5750,0.6667,6,6,4,0,0,6,4,0.3333
4,128.0000,8,14,464.9862,-82.0421,-0.1662,14,0.3500,1.0000,8,8,8,0,0,8,8,0.0000
4,128.0000,8,15,611.3389,-84.1242,-0.5611,14,0.3500,0.8750,8,8,8,0,0,8,8,0.0000
4,128.0000,8,17,470.3481,-82.6158,0.0791,16,0.4000,0.8571,7,7,5,0,0,7,5,0.2857
4,128.0000,8,18,718.5937,-86.6441,0.0059,8,0.2000,1.0000,8,7,6,0,0,7,6,0.1429
4,128.0000,8,20,587.8341,-83.8259,-0.3201,8,0.2000,0.8750,8,8,7,0,0,8,7,0.1250
4,128.0000,8,21,767.1120,-86.5368,0.6961,4,0.1000,1.0000,8,6,6,0,0,6,6,0.0000
4,128.0000,8,24,824.8121,-86.8659,-0.7235,4,0.1000,0.8571,7,2,2,0,0,2,2,0.0000
4,128.0000,8,25,330.0888,-79.4080,0.4145,22,0.5500,0.5714,7,8,7,0,0,8,7,0.1250
4,128.0000,8,27,519.5034,-82.2144,0.3023,11,0.2750,1.0000,8,8,8,0,0,8,8,0.0000
4,128.0000,8,31,452.8184,-81.7502,-0.5259,14,0.3500,0.4000,5,6,3,0,0,6,3,0.5000
4,128.0000,8,33,874.4291,-87.4489,-0.1488,5,0.1250,,0,8,8,0,0,8,8,0.0000
4,128.0000,8,39,578.7189,-84.9125,0.4335,13,0.3250,1.0000,8,8,8,0,0,8,8,0.0000
4,128.0000,8,40,298.6108,-74.6355,-2.0943,29,0.7250,0.2000,5,7,6,0,0,7,6,0.1429
4,128.0000,8,42,186.8920,-71.0973,-1.9734,36,0.9000,0.3333,6,4,0,0,0,4,0,1.0000
4,128.0000,8,45,522.5818,-82.9387,0.0744,17,0.4250,1.0000,8,8,6,0,0,8,6,0.2500
4,128.0000,8,46,520.2802,-83.5719,-0.5661,18,0.4500,1.0000,10,6,6,0,0,6,6,0.0000
4,128.0000,9,2,764.1807,-85.4959,-0.4239,5,0.1250,1.0000,12,4,4,0,0,4,4,0.0000
4,128.0000,9,4,89.6127,-68.1695,1.0865,33,0.8250,0.0000,4,4,0,0,0,4,0,1.0000
4,128.0000,9,8,835.9373,-87.7909,5.8195,3,0.0750,0.8571,7,7,6,0,0,7,6,0.1429
4,128.0000,9,11,674.0217,-86.3384,-0.7398,7,0.1750,1.0000,8,7,6,0,0,7,6,0.1429
4,128.0000,9,13,814.2201,-86.3479,0.4137,6,0.1500,0.8750,8,8,8,0,0,8,8,0.0000
4,128.0000,9,15,424.0477,-80.9908,0.2562,11,0.2750,0.7143,7,8,6,0,0,8,6,0.2500
4,128.0000,9,17,574.4403,-85.7280,-2.6473,6,0.1500,1.0000,8,6,3,0,0,6,3,0.5000
4,128.0000,9,18,362.2566,-80.6053,0.5340,14,0.3500,0.5000,6,7,6,0,0,7,6,0.1429
4,128.0000,9,20,427.9606,-84.2869,-0.6923,8,0.2000,1.0000,8,8,8,0,0,8,8,0.0000
4,128.0000,9,21,552.8209,-84.8643,2.0811,6,0.1500,1.0000,8,8,8,0,0,8,8,0.0000
4,128.0000,9,24,532.3900,-86.5771,-3.6531,4,0.1000,1.0000,8,8,8,0,0,8,8,0.0000
4,128.0000,9,25,690.4318,-85.6239,-1.2215,6,0.1500,1.0000,8,8,7,0,0,8,7,0.1250
4,128.0000,9,28,431.5169,-83.0606,-0.0149,15,0.3750,0.5714,7,5,1,0,0,5,1,0.8000
4,128.0000,9,30,474.0158,-82.0033,-0.3258,25,0.6250,0.8750,8,8,8,0,0,8,8,0.0000
4,128.0000,9,32,283.9947,-78.6180,-0.4225,27,0.6750,0.4000,5,6,3,0,0,6,3,0.5000
4,128.0000,9,33,458.2404,-83.1742,-0.5863,9,0.2250,1.0000,8,7,6,0,0,7,6,0.1429
4,128.0000,9,35,605.3309,-84.5843,-0.1815,15,0.3750,0.8571,7,8,8,0,0,8,8,0.0000
4,128.0000,9,39,741.9732,-86.9759,-1.2530,7,0.1750,0.8750,8,8,8,0,0,8,8,0.0000
4,128.0000,9,40,661.4138,-87.1296,-1.0950,6,0.1500,1.0000,8,7,6,0,0,7,6,0.1429
4,128.0000,9,44,383.0865,-81.3104,0.7722,24,0.6000,0.8571,7,7,6,0,0,7,6,0.1429
4,128.0000,9,45,519.9768,-83.3303,0.4886,8,0.2000,1.0000,8,8,7,0,0,8,7,0.1250
4,128.0000,9,46,636.5201,-85.0308,-1.0158,7,0.1750,1.0000,8,8,8,0,0,8,8,0.0000
4,128.0000,10,0,265.6955,-79.7791,0.9293,33,0.8250,0.5000,6,5,2,0,0,5,2,0.6000
4,128.0000,10,3,708.7436,-86.4771,0.5664,3,0.0750,1.0000,8,8,8,0,0,8,8,0.0000
4,128.0000,10,5,488.3033,-83.3916,1.3210,10,0.2500,0.8750,8,7,5,0,0,7,5,0.2857
4,128.0000,10,6,780.7376,-85.5471,-1.3952,3,0.0750,1.0000,8,8,8,0,0,8,8,0.0000
4,128.0000,10,7,528.2968,-83.9204,-0.7611,14,0.3500,0.7143,7,7,6,0,0,7,6,0.1429
4,128.0000,10,12,320.9427,-82.2723,-0.0410,20,0.5000,0.7143,7,4,2,0,0,4,2,0.5000
4,128.0000,10,16,355.3669,-81.1741,0.9531,30,0.7500,0.6667,6,4,0,0,0,4,0,1.0000
4,128.0000,10,19,943.9334,-87.7059,0.7891,3,0.0750,1.0000,4,8,8,0,0,8,8,0.0000
4,128.0000,10,22,660.5312,-85.3641,0.1791,10,0.2500,0.8571,7,6,5,0,0,6,5,0.1667
4,128.0000,10,23,627.2430,-85.2817,-0.4180,7,0.1750,1.0000,8,7,5,0,0,7,5,0.2857
4,128.0000,10,26,377.6863,-80.4989,-0.2309,36,0.9000,0.2000,5,5,1,0,0,5,1,0.8000
4,128.0000,10,29,320.8217,-77.8873,-0.8130,36,0.9000,0.2000,5,6,3,0,0,6,3,0.5000
4,128.0000,10,34,467.8012,-84.2734,0.1182,12,0.3000,0.7143,7,8,7,0,0,8,7,0.1250
4,128.0000,10,37,673.9069,-86.8405,0.2415,4,0.1000,1.0000,8,8,8,0,0,8,8,0.0000
4,128.0000,10,38,510.8285,-83.3320,0.0711,10,0.2500,0.7143,7,8,7,0,0,8,7,0.1250
4,128.0000,10,41,546.4362,-83.3621,-0.3042,15,0.3750,1.0000,6,6,4,0,0,6,4,0.3333
4,128.0000,10,43,578.4960,-84.5492,0.0972,14,0.3500,0.8571,7,10,10,0,0,10,10,0.0000
4,128.0000,10,47,231.0309,-76.6870,0.2708,30,0.7500,0.6667,6,6,2,0,0,6,2,0.6667
4,128.0000,11,2,324.1772,-79.9845,-0.2011,28,0.7000,0.3333,6,6,4,0,0,6,4,0.3333
4,128.0000,11,4,677.2834,-85.6483,1.2159,6,0.1500,0.8750,8,8,8,0,0,8,8,0.0000
4,128.0000,11,8,669.5972,-84.5930,0.1119,6,0.1500,0.8750,8,8,8,0,0,8,8,0.0000
4,128.0000,11,9,674.0217,-84.8543,-1.2234,5,0.1250,1.0000,8,8,7,0,0,8,7,0.1250
4,128.0000,11,13,535.1456,-83.4815,0.3839,10,0.2500,1.0000,8,6,4,0,0,6,4,0.3333
4,128.0000,11,14,678.1434,-85.4220,0.9788,3,0.0750,1.0000,8,8,8,0,0,8,8,0.0000
4,128.0000,11,15,346.8500,-80.8561,0.7859,10,0.2500,0.2500,4,7,5,0,0,7,5,0.2857
4,128.0000,11,17,339.0280,-80.1632,0.4527,20,0.5000,0.8571,7,7,5,0,0,7,5,0.2857
4,128.0000,11,18,496.0343,-83.4925,0.0931,7,0.1750,0.8750,8,7,6,0,0,7,6,0.1429
4,128.0000,11,20,738.7340,-88.2906,5.9874,3,0.0750,1.0000,8,8,6,0,0,8,6,0.2500
4,128.0000,11,25,572.6837,-85.2360,-1.2438,5,0.1250,1.0000,8,5,4,0,0,5,4,0.2000
4,128.0000,11,28,690.4533,-86.0785,-5.3981,4,0.1000,0.8750,8,7,6,0,0,7,6,0.1429
4,128.0000,11,30,846.9518,-86.9290,-0.1175,4,0.1000,1.0000,8,6,6,0,0,6,6,0.0000
4,128.0000,11,31,852.6793,-88.2404,0.5949,3,0.0750,1.0000,8,7,6,0,0,7,6,0.1429
4,128.0000,11,35,602.0035,-84.9546,0.7941,6,0.1500,1.0000,8,7,6,0,0,7,6,0.1429
4,128.0000,11,39,135.1707,-68.3594,-1.5082,36,0.9000,0.2000,5,4,0,11,1,15,1,0.9333
4,128.0000,11,40,735.6858,-85.9437,5.4017,3,0.0750,0.8571,7,8,8,0,0,8,8,0.0000
4,128.0000,11,42,560.2760,-83.0467,0.6207,5,0.1250,0.8571,7,7,5,0,0,7,5,0.2857
4,128.0000,11,44,642.2547,-85.2745,-0.0940,5,0.1250,1.0000,8,8,8,0,0,8,8,0.0000
4,128.0000,11,45,811.4454,-85.7717,0.1829,4,0.1000,1.0000,8,8,8,0,0,8,8,0.0000
4,128.0000,11,46,164.7899,-75.4596,1.3046,29,0.7250,0.5000,6,6,2,0,0,6,2,0.6667
4,128.0000,12,0,534.6925,-85.2758,0.2231,11,0.2750,0.8571,7,8,8,0,0,8,8,0.0000
4,128.0000,12,3,516.0759,-82.9898,0.3184,8,0.2000,0.7143,7,8,8,0,0,8,8,0.0000
4,128.0000,12,5,647.0456,-86.6895,-0.4806,6,0.1500,1.0000,8,8,7,0,0,8,7,0.1250
4,128.0000,12,6,693.3316,-84.4579,-0.2137,5,0.1250,1.0000,8,7,6,6,6,13,12,0.0769
4,128.0000,12,7,636.4990,-84.2212,-0.5673,9,0.2250,0.8571,7,8,8,0,0,8,8,0.0000
4,128.0000,12,10,320.9427,-81.3771,0.6138,27,0.6750,0.5000,6,5,1,0,0,5,1,0.8000
4,128.0000,12,16,604.8156,-85.7717,-0.5382,11,0.2750,0.8571,7,8,7,0,0,8,7,0.1250
4,128.0000,12,22,668.2746,-84.5595,-0.8481,4,0.1000,0.8571,7,7,6,0,0,7,6,0.1429
4,128.0000,12,23,328.7068,-77.7729,-0.8918,31,0.7750,0.0000,4,7,5,0,0,7,5,0.2857
4,128.0000,12,26,418.4643,-81.1464,0.1869,29,0.7250,0.4000,5,6,4,0,0,6,4,0.3333
4,128.0000,12,29,424.7981,-82.4405,0.3129,26,0.6500,0.2000,5,6,3,0,0,6,3,0.5000
4,128.0000,12,31,838.4273,-86.8118,-1.5708,3,0.0750,1.0000,10,8,8,0,0,8,8,0.0000
4,128.0000,12,34,220.0238,-76.2848,-0.0640,34,0.8500,0.4286,7,5,1,0,0,5,1,0.8000
4,128.0000,12,36,757.7905,-86.7661,-0.0600,5,0.1250,1.0000,8,8,8,52,52,60,60,0.0000
4,128.0000,12,37,589.5125,-85.1886,0.8014,6,0.1500,0.9362,47,8,8,2,2,10,10,0.0000
4,128.0000,12,38,331.1440,-78.6004,-0.2192,25,0.6250,0.4000,5,8,8,0,0,8,8,0.0000
4,128.0000,12,41,228.7664,-72.9298,-2.1554,33,0.8250,0.0000,4,7,4,0,0,7,4,0.4286
4,128.0000,12,43,791.9717,-85.0133,0.6688,5,0.1250,1.0000,6,8,8,0,0,8,8,0.0000
4,128.0000,12,47,205.7961,-76.3750,0.1282,32,0.8000,0.5000,6,4,1,0,0,4,1,0.7500
4,128.0000,13,1,920.1976,-88.2791,1.3890,3,0.0750,1.0000,8,4,4,0,0,4,4,0.0000
4,128.0000,13,3,744.0136,-86.5508,0.3733,3,0.0750,1.0000,4,8,8,0,0,8,8,0.0000
4,128.0000,13,4,821.8195,-87.4131,-0.1566,7,0.1750,1.0000,8,2,2,0,0,2,2,0.0000
4,128.0000,13,8,326.7289,-79.3606,-0.4934,26,0.6500,0.5714,7,6,3,0,0,6,3,0.5000
4,128.0000,13,9,814.2201,-87.3145,0.3075,6,0.1500,1.0000,8,8,8,0,0,8,8,0.0000
4,128.0000,13,11,535.1456,-84.8937,-0.5863,20,0.5000,0.8571,7,6,4,0,0,6,4,0.3333
4,128.0000,13,14,267.1155,-78.8208,0.0408,21,0.5250,0.6667,6,7,4,0,0,7,4,0.4286
4,128.0000,13,15,460.5347,-83.7037,-0.4319,18,0.4500,1.0000,8,8,8,0,0,8,8,0.0000
4,128.0000,13,17,517.7283,-83.6222,-0.1127,17,0.4250,1.0000,8,8,8,0,0,8,8,0.0000
4,128.0000,13,18,563.2924,-85.3027,1.0064,9,0.2250,1.0000,8,6,4,0,0,6,4,0.3333
4,128.0000,13,20,560.1370,-84.4474,0.9367,8,0.2000,0.7143,7,7,6,0,0,7,6,0.1429
4,128.0000,13,21,822.6897,-86.4195,1.9854,4,0.1000,1.0000,8,7,6,0,0,7,6,0.1429
4,128.0000,13,24,742.8669,-86.5411,0.4027,4,0.1000,0.8571,7,8,7,0,0,8,7,0.1250
4,128.0000,13,25,169.2978,-75.0287,-0.1409,34,0.8500,0.5714,7,5,1,0,0,5,1,0.8000
4,128.0000,13,27,557.9922,-84.6514,-0.4233,10,0.2500,0.8571,7,6,4,0,0,6,4,0.3333
4,128.0000,13,28,1052.8955,-88.1328,0.3557,4,0.1000,1.0000,2,4,4,0,0,4,4,0.0000
4,128.0000,13,31,393.7293,-81.4917,0.5402,15,0.3750,0.8750,8,7,6,0,0,7,6,0.1429
4,128.0000,13,32,977.2839,-88.1161,0.4486,5,0.1250,1.0000,6,4,4,0,0,4,4,0.0000
4,128.0000,13,33,861.1187,-87.2376,-0.3474,6,0.1500,1.0000,6,8,8,0,0,8,8,0.0000
4,128.0000,13,34,971.8083,-87.5108,0.9061,4,0.1000,1.0000,4,2,2,0,0,2,2,0.0000
4,128.0000,13,38,906.4383,-89.3031,-1.9638,3,0.0750,0.5000,2,6,6,0,0,6,6,0.0000
4,128.0000,13,39,475.4160,-84.4517,-0.5134,15,0.3750,0.6667,6,7,6,0,0,7,6,0.1429
4,128.0000,13,40,397.7065,-81.5049,-1.4284,16,0.4000,0.8571,7,5,2,0,0,5,2,0.6000
4,128.0000,13,42,285.0146,-78.7905,0.0089,25,0.6250,0.6667,6,7,4,0,0,7,4,0.4286
4,128.0000,13,44,1000.2840,-88.1322,0.9884,3,0.0750,1.0000,6,6,6,0,0,6,6,0.0000
4,128.0000,13,45,576.3819,-84.1845,-0.0101,12,0.3000,0.7143,7,7,6,0,0,7,6,0.1429
4,128.0000,13,46,378.7924,-79.1551,-0.4234,25,0.6250,0.7143,7,7,5,0,0,7,5,0.2857
4,128.0000,14,3,562.6946,-84.1270,-3.7797,4,0.0976,0.8571,7,8,7,0,0,8,7,0.1250
4,128.0000,14,4,762.9442,-86.9256,0.3616,6,0.1463,1.0000,8,8,8,0,0,8,8,0.0000
4,128.0000,14,6,554.8484,-84.9390,0.0905,5,0.1220,1.0000,8,7,6,0,0,7,6,0.1429
4,128.0000,14,8,464.9862,-82.0917,0.2806,21,0.5122,0.7143,7,7,6,0,0,7,6,0.1429
4,128.0000,14,9,736.8854,-85.5604,0.3894,7,0.1707,1.0000,8,8,8,0,0,8,8,0.0000
4,128.0000,14,11,678.1434,-85.4414,0.2134,13,0.3171,1.0000,6,8,8,0,0,8,8,0.0000
4,128.0000,14,12,1029.6835,-87.7337,-0.8822,4,0.0976,1.0000,10,4,4,0,0,4,4,0.0000
4,128.0000,14,13,267.1155,-78.7371,0.2542,34,0.8293,0.5000,6,5,1,0,0,5,1,0.8000
4,128.0000,14,15,454.5413,-82.4639,0.3170,19,0.4634,0.8571,7,8,8,0,0,8,8,0.0000
4,128.0000,14,17,649.9549,-85.5948,0.0397,11,0.2683,1.0000,8,8,8,0,0,8,8,0.0000
4,128.0000,14,18,476.8299,-84.0944,0.9881,17,0.4146,0.2000,5,8,8,0,0,8,8,0.0000
4,128.0000,14,20,392.7664,-81.9986,0.4133,17,0.4146,1.0000,8,5,2,0,0,5,2,0.6000
4,128.0000,14,21,643.4101,-85.2782,-0.0959,8,0.1951,1.0000,6,8,8,0,0,8,8,0.0000
4,128.0000,14,23,887.6561,-86.2309,1.5923,3,0.0732,1.0000,8,4,4,0,0,4,4,0.0000
4,128.0000,14,24,511.9774,-82.9689,0.2093,12,0.2927,0.5000,6,7,6,0,0,7,6,0.1429
4,128.0000,14,25,158.9472,-74.8663,0.6392,34,0.8293,0.4000,5,5,1,0,0,5,1,0.8000
4,128.0000,14,27,384.9696,-80.6593,0.5034,19,0.4634,0.5714,7,6,4,0,0,6,4,0.3333
4,128.0000,14,31,214.4115,-74.6139,-0.2003,35,0.8537,0.3333,6,3,0,0,0,3,0,1.0000
4,128.0000,14,32,831.0654,-86.6467,1.3637,6,0.1463,1.0000,4,4,4,0,0,4,4,0.0000
4,128.0000,14,33,663.2337,-86.8077,1.2016,6,0.1463,0.8000,5,8,8,0,0,8,8,0.0000
4,128.0000,14,36,729.4016,-85.8936,1.3661,7,0.1707,1.0000,8,8,8,0,0,8,8,0.0000
4,128.0000,14,37,639.1519,-86.8953,0.9728,5,0.1220,0.8571,7,8,8,0,0,8,8,0.0000
4,128.0000,14,38,732.0126,-87.2161,0.6469,5,0.1220,1.0000,8,8,8,0,0,8,8,0.0000
4,128.0000,14,39,662.0537,-85.6623,0.2584,12,0.2927,0.7143,7,7,6,0,0,7,6,0.1429
4,128.0000,14,40,336.1525,-80.3807,1.3227,22,0.5366,0.7143,7,7,6,0,0,7,6,0.1429
4,128.0000,14,41,920.3653,-87.7713,0.3746,4,0.0976,1.0000,8,8,8,0,0,8,8,0.0000
4,128.0000,14,42,365.6393,-80.1440,0.6430,22,0.5366,0.7500,8,6,4,0,0,6,4,0.3333
4,128.0000,14,45,432.7987,-82.5530,1.4867,13,0.3171,0.5000,6,7,6,0,0,7,6,0.1429
4,128.0000,14,46,524.4867,-83.2433,-0.2711,20,0.4878,0.0000,4,7,6,0,0,7,6,0.1429
4,128.0000,14,47,1004.0981,-88.1414,0.3000,3,0.0732,,0,4,4,0,0,4,4,0.0000
4,128.0000,15,1,917.8103,-87.0306,-0.0629,3,0.0750,1.0000,8,8,8,0,0,8,8,0.0000
4,128.0000,15,2,571.4903,-83.8513,0.2075,18,0.4500,0.8750,8,5,4,0,0,5,4,0.2000
4,128.0000,15,4,455.3000,-82.9041,0.3323,16,0.4000,0.5000,6,5,2,0,0,5,2,0.6000
4,128.0000,15,8,611.3389,-82.6054,0.0355,7,0.1750,0.8571,7,8,8,0,0,8,8,0.0000
4,128.0000,15,9,424.0477,-81.9443,-0.4224,16,0.4000,0.8571,7,7,6,0,0,7,6,0.1429
4,128.0000,15,11,346.8500,-81.9833,0.3863,25,0.6250,0.6667,6,6,2,0,0,6,2,0.6667
4,128.0000,15,13,460.5347,-81.0412,-0.8179,13,0.3250,0.7143,7,6,4,0,0,6,4,0.3333
4,128.0000,15,14,454.5413,-82.3860,-0.5937,10,0.2500,1.0000,8,8,7,0,0,8,7,0.1250
4,128.0000,15,17,396.6717,-81.9993,-0.2658,26,0.6500,0.8571,7,5,2,0,0,5,2,0.6000
4,128.0000,15,18,163.5910,-74.5385,0.1730,37,0.9250,0.1111,9,4,0,0,0,4,0,1.0000
4,128.0000,15,20,421.0376,-82.2348,0.6553,11,0.2750,0.8571,7,8,8,0,0,8,8,0.0000
4,128.0000,15,21,708.1168,-84.9014,0.0839,4,0.1000,0.8571,7,8,7,0,0,8,7,0.1250
4,128.0000,15,24,578.4222,-85.4656,1.7713,5,0.1250,1.0000,8,7,6,0,0,7,6,0.1429
4,128.0000,15,25,393.5991,-80.3285,-0.6830,27,0.6750,0.6667,6,8,6,0,0,8,6,0.2500
4,128.0000,15,27,718.8693,-84.7859,-0.2983,4,0.1000,1.0000,8,8,8,0,0,8,8,0.0000
4,128.0000,15,28,597.0397,-84.8493,0.2054,15,0.3750,0.8571,7,8,7,0,0,8,7,0.1250
4,128.0000,15,31,624.6561,-85.4270,2.1749,6,0.1500,1.0000,8,7,6,0,0,7,6,0.1429
4,128.0000,15,32,596.5185,-83.2436,-0.5552,13,0.3250,0.7143,7,7,6,0,0,7,6,0.1429
4,128.0000,15,33,651.3112,-85.6602,-0.0230,6,0.1500,1.0000,6,8,8,0,0,8,8,0.0000
4,128.0000,15,35,608.8696,-85.2190,0.5614,18,0.4500,1.0000,8,7,5,0,0,7,5,0.2857
4,128.0000,15,39,410.0651,-82.4887,0.3863,20,0.5000,0.7500,8,7,6,0,0,7,6,0.1429
4,128.0000,15,40,528.1469,-81.9530,-0.4453,9,0.2250,0.8571,7,8,8,0,0,8,8,0.0000
4,128.0000,15,42,437.8666,-81.1818,-0.3240,16,0.4000,0.6667,6,7,5,0,0,7,5,0.2857
4,128.0000,15,44,548.5029,-85.3799,0.2825,15,0.3750,1.0000,8,7,5,0,0,7,5,0.2857
4,128.0000,15,45,529.8061,-82.2907,-0.1510,9,0.2250,0.8571,7,8,8,0,0,8,8,0.0000
4,128.0000,15,46,267.9677,-78.3033,0.1336,28,0.7000,0.5000,8,5,2,0,0,5,2,0.6000
4,128.0000,16,0,207.7134,-72.3874,-1.8029,36,0.9000,0.1667,6,8,4,0,0,8,4,0.5000
4,128.0000,16,1,800.5240,-87.6688,0.3424,3,0.0750,1.0000,6,8,8,0,0,8,8,0.0000
4,128.0000,16,3,787.8494,-87.3992,-0.6993,6,0.1500,1.0000,8,8,8,0,0,8,8,0.0000
4,128.0000,16,5,233.8724,-79.8240,2.1462,26,0.6500,0.5000,6,4,0,0,0,4,0,1.0000
4,128.0000,16,6,771.0121,-86.3861,0.0094,6,0.1500,0.8750,8,8,8,0,0,8,8,0.0000
4,128.0000,16,7,378.2300,-80.8361,-0.4417,19,0.4750,0.7500,8,6,2,0,0,6,2,0.6667
4,128.0000,16,10,355.3669,-80.5803,-0.0601,29,0.7250,0.4000,5,7,6,0,0,7,6,0.1429
4,128.0000,16,12,604.8156,-85.6835,-0.7533,9,0.2250,1.0000,8,8,8,0,0,8,8,0.0000
4,128.0000,16,22,508.9261,-83.6588,-0.2300,17,0.4250,1.0000,8,7,6,0,0,7,6,0.1429
4,128.0000,16,23,833.8021,-85.2065,-1.0747,3,0.0750,1.0000,8,7,6,0,0,7,6,0.1429
4,128.0000,16,26,714.9235,-85.9096,-0.6690,11,0.2750,0.8750,8,7,6,0,0,7,6,0.1429
4,128.0000,16,29,653.7285,-85.2607,-0.2656,17,0.4250,0.8571,7,8,8,0,0,8,8,0.0000
4,128.0000,16,34,709.0523,-87.4793,-0.0231,7,0.1750,1.0000,8,8,7,0,0,8,7,0.1250
4,128.0000,16,36,671.9357,-86.9882,1.4078,5,0.1250,1.0000,8,8,7,0,0,8,7,0.1250
4,128.0000,16,37,667.1090,-86.3680,0.0336,7,0.1750,1.0000,8,8,8,0,0,8,8,0.0000
4,128.0000,16,38,642.1834,-85.3194,0.0732,7,0.1750,1.0000,8,8,8,0,0,8,8,0.0000
4,128.0000,16,41,820.9080,-86.9716,-0.3196,5,0.1250,1.0000,8,8,8,0,0,8,8,0.0000
4,128.0000,16,43,268.0268,-77.6781,-0.5904,35,0.8750,0.0000,4,5,1,0,0,5,1,0.8000
4,128.0000,16,47,446.3944,-82.6124,0.3843,20,0.5000,0.8571,7,7,6,0,0,7,6,0.1429
4,128.0000,17,2,269.9715,-76.6543,-0.4578,39,0.9512,0.0000,4,4,0,0,0,4,0,1.0000
4,128.0000,17,4,537.4970,-84.0014,0.1496,15,0.3659,1.0000,8,8,7,0,0,8,7,0.1250
4,128.0000,17,8,470.3481,-82.3941,0.0823,16,0.3902,0.7143,7,8,8,0,0,8,8,0.0000
4,128.0000,17,9,574.4403,-84.2791,-0.1699,11,0.2683,1.0000,8,8,8,0,0,8,8,0.0000
4,128.0000,17,11,339.0280,-80.0020,0.1676,29,0.7073,0.5000,6,7,6,0,0,7,6,0.1429
4,128.0000,17,13,517.7283,-83.0781,0.2718,13,0.3171,0.8889,9,8,8,0,0,8,8,0.0000
4,128.0000,17,14,649.9549,-85.6900,-0.8496,8,0.1951,0.8750,8,8,8,0,0,8,8,0.0000
4,128.0000,17,15,396.6717,-81.6241,-0.1862,14,0.3415,0.6667,6,8,7,0,0,8,7,0.1250
4,128.0000,17,18,538.3603,-84.0904,0.0361,15,0.3659,0.8333,6,8,7,0,0,8,7,0.1250
4,128.0000,17,20,610.0416,-86.4770,-0.3314,7,0.1707,1.0000,8,8,8,0,0,8,8,0.0000
4,128.0000,17,24,851.9503,-88.1594,-1.7488,4,0.0976,1.0000,8,8,8,0,0,8,8,0.0000
4,128.0000,17,25,504.9518,-82.4515,-0.5493,12,0.2927,1.0000,8,8,8,0,0,8,8,0.0000
4,128.0000,17,27,816.3328,-88.4327,-0.4575,3,0.0732,0.8571,7,8,8,0,0,8,8,0.0000
4,128.0000,17,28,748.0291,-86.7186,-0.7871,7,0.1707,1.0000,8,8,8,0,0,8,8,0.0000
4,128.0000,17,31,752.4609,-86.5773,1.0740,6,0.1463,1.0000,8,8,8,0,0,8,8,0.0000
4,128.0000,17,32,841.6131,-86.5144,-0.6529,6,0.1463,1.0000,6,4,4,0,0,4,4,0.0000
4,128.0000,17,33,858.2182,-88.4996,-1.1113,3,0.0732,1.0000,6,8,8,0,0,8,8,0.0000
4,128.0000,17,35,760.2232,-86.6189,0.5567,9,0.2195,1.0000,6,7,6,0,0,7,6,0.1429
4,128.0000,17,39,295.2804,-78.7623,-0.1741,37,0.9024,0.4286,7,7,6,0,0,7,6,0.1429
4,128.0000,17,40,542.8151,-83.3415,-0.3901,12,0.2927,1.0000,8,8,8,0,0,8,8,0.0000
4,128.0000,17,42,368.7406,-81.5199,-1.0711,13,0.3171,0.5000,6,8,8,0,0,8,8,0.0000
4,128.0000,17,44,682.3421,-83.6285,0.0012,8,0.1951,0.8571,7,7,6,0,0,7,6,0.1429
4,128.0000,17,45,624.8097,-83.5967,-0.0746,7,0.1707,0.7143,7,8,8,0,0,8,8,0.0000
4,128.0000,17,46,282.1228,-79.0947,0.0644,35,0.8537,0.3333,6,8,6,0,0,8,6,0.2500
4,128.0000,18,1,823.3524,-88.3228,-0.1882,4,0.1026,1.0000,8,8,8,0,0,8,8,0.0000
4,128.0000,18,4,421.1267,-82.0731,-0.0301,19,0.4872,0.7500,8,6,4,0,0,6,4,0.3333
4,128.0000,18,8,718.5937,-86.1208,0.2431,6,0.1538,0.8571,7,8,8,0,0,8,8,0.0000
4,128.0000,18,9,362.2566,-80.1198,-0.2856,27,0.6923,0.7692,13,8,6,0,0,8,6,0.2500
4,128.0000,18,11,496.0343,-83.4663,-0.0837,16,0.4103,0.8750,8,6,4,0,0,6,4,0.3333
4,128.0000,18,13,563.2924,-84.9678,0.0368,8,0.2051,0.8571,7,8,8,0,0,8,8,0.0000
4,128.0000,18,14,476.8299,-84.4886,0.8468,9,0.2308,0.8750,8,6,4,0,0,6,4,0.3333
4,128.0000,18,15,163.5910,-73.6476,0.2026,29,0.7436,0.5000,6,5,1,0,0,5,1,0.8000
4,128.0000,18,17,538.3603,-84.4971,0.3842,19,0.4872,0.8750,8,6,5,0,0,6,5,0.1667
4,128.0000,18,20,368.6288,-80.5611,-0.0093,14,0.3590,0.6667,6,4,0,0,0,4,0,1.0000
4,128.0000,18,21,639.5559,-84.7416,0.3862,8,0.2051,0.8571,7,8,8,0,0,8,8,0.0000
4,128.0000,18,24,459.9628,-83.3304,0.8747,9,0.2308,0.8571,7,8,7,0,0,8,7,0.1250
4,128.0000,18,25,463.6517,-83.5196,1.0064,9,0.2308,1.0000,8,7,5,0,0,7,5,0.2857
4,128.0000,18,28,559.1523,-84.5915,0.5021,18,0.4615,0.8571,7,7,6,0,0,7,6,0.1429
4,128.0000,18,30,690.2968,-85.5614,0.1639,13,0.3333,0.8000,5,6,6,0,0,6,6,0.0000
4,128.0000,18,31,636.0843,-85.8039,1.7882,5,0.1282,1.0000,8,8,8,0,0,8,8,0.0000
4,128.0000,18,32,464.3653,-82.0041,-0.2864,17,0.4359,0.8571,7,7,6,0,0,7,6,0.1429
4,128.0000,18,33,541.3379,-85.0318,1.9982,10,0.2564,1.0000,4,8,8,0,0,8,8,0.0000
4,128.0000,18,35,606.7619,-84.7347,0.0771,20,0.5128,0.8750,8,7,6,0,0,7,6,0.1429
4,128.0000,18,39,571.3633,-84.7305,-0.1174,13,0.3333,0.4000,5,8,8,0,0,8,8,0.0000
4,128.0000,18,40,570.2613,-85.4000,-0.4176,8,0.2051,1.0000,8,7,6,0,0,7,6,0.1429
4,128.0000,18,42,536.4516,-84.5386,1.5990,9,0.2308,0.8750,8,8,8,0,0,8,8,0.0000
4,128.0000,18,44,520.9993,-84.0325,0.2974,19,0.4872,0.6667,6,6,4,0,0,6,4,0.3333
4,128.0000,18,45,509.2663,-85.3536,0.0047,9,0.2308,0.8750,8,7,5,0,0,7,5,0.2857
4,128.0000,18,46,430.0522,-82.0412,0.1273,20,0.5128,0.8571,7,8,7,0,0,8,7,0.1250
4,128.0000,19,0,971.5712,-87.8308,0.3362,4,0.1000,1.0000,4,8,8,0,0,8,8,0.0000
4,128.0000,19,1,59.6740,-68.4867,2.3865,34,0.8500,0.2000,5,5,1,0,0,5,1,0.8000
4,128.0000,19,3,516.0657,-82.9970,0.5487,12,0.3000,1.0000,8,8,8,0,0,8,8,0.0000
4,128.0000,19,5,588.3039,-84.1942,-0.1365,13,0.3250,0.8750,8,7,6,0,0,7,6,0.1429
4,128.0000,19,6,313.3479,-79.4705,-0.5868,19,0.4750,0.6250,8,5,2,0,0,5,2,0.6000
4,128.0000,19,7,488.3715,-85.4077,0.1236,8,0.2000,0.8571,7,7,6,0,0,7,6,0.1429
4,128.0000,19,10,943.9334,-87.2121,1.1468,5,0.1250,1.0000,6,10,10,0,0,10,10,0.0000
4,128.0000,19,12,911.3070,-87.6053,0.1667,3,0.0750,1.0000,4,4,4,0,0,4,4,0.0000
4,128.0000,19,13,962.5311,-88.4211,0.2973,3,0.0750,1.0000,2,4,4,0,0,4,4,0.0000
4,128.0000,19,14,705.9352,-87.6583,-0.6082,6,0.1500,1.0000,8,8,8,0,0,8,8,0.0000
4,128.0000,19,16,815.3722,-86.8750,0.3322,5,0.1250,1.0000,10,4,4,0,0,4,4,0.0000
4,128.0000,19,20,567.1708,-83.9930,1.8270,6,0.1500,1.0000,8,8,8,0,0,8,8,0.0000
4,128.0000,19,21,465.8942,-82.6069,0.1379,11,0.2750,0.8750,8,7,5,0,0,7,5,0.2857
4,128.0000,19,22,521.0614,-84.0261,1.1219,12,0.3000,0.8750,8,8,8,0,0,8,8,0.0000
4,128.0000,19,24,384.8324,-80.7331,-0.6101,12,0.3000,0.6667,6,6,3,0,0,6,3,0.5000
4,128.0000,19,27,520.4704,-86.8082,-0.5743,5,0.1250,0.8750,8,8,7,0,0,8,7,0.1250
4,128.0000,19,31,616.8875,-86.4368,1.3906,5,0.1250,1.0000,8,7,5,0,0,7,5,0.2857
4,128.0000,19,32,788.4698,-87.6557,0.2815,5,0.1250,1.0000,8,6,5,0,0,6,5,0.1667
4,128.0000,19,33,461.1469,-81.7343,-0.5912,12,0.3000,0.8750,8,8,8,0,0,8,8,0.0000
4,128.0000,19,34,818.2817,-87.1792,1.9500,5,0.1250,1.0000,2,7,5,0,0,7,5,0.2857
4,128.0000,19,36,164.1119,-75.7089,1.4778,29,0.7250,0.6667,6,4,0,0,0,4,0,1.0000
4,128.0000,19,37,343.3974,-80.2963,0.6017,19,0.4750,0.4000,5,6,4,0,0,6,4,0.3333
4,128.0000,19,38,613.0839,-88.0679,0.5413,6,0.1500,1.0000,6,7,5,0,0,7,5,0.2857
4,128.0000,19,40,725.0698,-86.6365,0.8371,3,0.0750,1.0000,6,8,8,0,0,8,8,0.0000
4,128.0000,19,43,882.0968,-87.6454,0.1482,5,0.1250,1.0000,8,6,6,0,0,6,6,0.0000
4,128.0000,19,45,576.4948,-85.1778,0.4505,6,0.1500,1.0000,8,8,8,0,0,8,8,0.0000
4,128.0000,19,47,776.9021,-86.0573,-1.2902,4,0.1000,1.0000,8,4,4,0,0,4,4,0.0000
4,128.0000,20,1,549.4780,-83.6701,-0.2762,13,0.3250,0.8571,7,7,6,0,0,7,6,0.1429
4,128.0000,20,2,868.3623,-87.6171,0.2283,10,0.2500,1.0000,4,2,2,0,0,2,2,0.0000
4,128.0000,20,3,646.7159,-86.7651,0.4930,4,0.1000,0.8750,8,8,7,0,0,8,7,0.1250
4,128.0000,20,4,449.6995,-82.5017,-0.1444,21,0.5250,0.8000,10,5,4,0,0,5,4,0.2000
4,128.0000,20,5,1101.5630,-88.3466,0.4954,3,0.0750,1.0000,6,2,2,0,0,2,2,0.0000
4,128.0000,20,6,607.2666,-87.1838,0.2626,6,0.1500,1.0000,8,7,5,0,0,7,5,0.2857
4,128.0000,20,8,587.8341,-83.7886,-0.3284,15,0.3750,0.8571,7,8,8,0,0,8,8,0.0000
4,128.0000,20,9,427.9606,-82.4393,-0.4241,19,0.4750,0.3333,6,4,0,0,0,4,0,1.0000
4,128.0000,20,11,738.7340,-87.0798,0.1752,7,0.1750,1.0000,6,8,8,0,0,8,8,0.0000
4,128.0000,20,13,560.1370,-84.9034,0.1373,12,0.3000,0.8571,7,7,5,0,0,7,5,0.2857
4,128.0000,20,14,392.7664,-82.5143,-0.8408,12,0.3000,0.7143,7,8,8,0,0,8,8,0.0000
4,128.0000,20,15,421.0376,-83.1888,-0.3027,17,0.4250,0.7143,7,6,3,0,0,6,3,0.5000
4,128.0000,20,17,610.0416,-85.2085,-0.5095,12,0.3000,1.0000,8,7,6,0,0,7,6,0.1429
4,128.0000,20,18,368.6288,-82.3132,-0.2613,22,0.5500,0.6667,6,6,3,0,0,6,3,0.5000
4,128.0000,20,19,567.1708,-84.5850,0.2626,9,0.2250,0.8571,7,6,6,0,0,6,6,0.0000
4,128.0000,20,21,301.9990,-77.4127,-0.8584,32,0.8000,0.4000,5,5,2,0,0,5,2,0.6000
4,128.0000,20,24,262.3996,-76.2066,-0.2977,28,0.7000,0.3333,12,6,3,0,0,6,3,0.5000
4,128.0000,20,25,394.0226,-83.2390,0.1443,16,0.4000,0.8750,8,7,6,0,0,7,6,0.1429
4,128.0000,20,27,398.9861,-80.5078,-0.8738,21,0.5250,0.5000,6,6,3,0,0,6,3,0.5000
4,128.0000,20,28,817.2362,-87.4696,0.0392,7,0.1750,1.0000,4,4,4,0,0,4,4,0.0000
4,128.0000,20,31,416.7904,-82.1339,0.6453,12,0.3000,1.0000,8,6,4,0,0,6,4,0.3333
4,128.0000,20,32,506.2184,-82.3715,-0.1232,21,0.5250,0.7143,7,6,4,0,0,6,4,0.3333
4,128.0000,20,33,304.7186,-79.4512,0.4706,29,0.7250,0.6935,62,8,7,0,0,8,7,0.1250
4,128.0000,20,35,929.1012,-88.3221,0.1579,4,0.1000,1.0000,4,4,4,0,0,4,4,0.0000
4,128.0000,20,36,661.8245,-82.8655,2.9854,6,0.1500,0.6667,6,8,8,0,0,8,8,0.0000
4,128.0000,20,37,674.6593,-85.7913,0.6524,6,0.1500,0.8571,7,8,8,0,0,8,8,0.0000
4,128.0000,20,38,846.9547,-88.8188,-0.2559,3,0.0750,1.0000,4,8,8,0,0,8,8,0.0000
4,128.0000,20,39,756.2934,-86.4520,-0.2085,11,0.2750,0.8571,7,8,8,0,0,8,8,0.0000
4,128.0000,20,40,320.5371,-80.8751,0.8043,25,0.6250,0.7333,15,6,3,0,0,6,3,0.5000
4,128.0000,20,42,425.0636,-83.2140,-0.1914,20,0.5000,0.8571,7,8,6,0,0,8,6,0.2500
4,128.0000,20,44,769.7727,-87.2195,0.0034,8,0.2000,,0,8,8,0,0,8,8,0.0000
4,128.0000,20,45,156.6270,-73.1052,0.5244,34,0.8500,0.2000,5,6,2,55,18,61,20,0.6721
4,128.0000,20,46,613.0462,-85.2087,0.1267,8,0.2000,1.0000,8,8,8,0,0,8,8,0.0000
4,128.0000,21,1,462.6195,-82.8132,-0.0594,13,0.3171,0.5000,6,7,6,0,0,7,6,0.1429
4,128.0000,21,3,641.6707,-87.9481,0.2016,9,0.2195,0.8750,8,8,8,0,0,8,8,0.0000
4,128.0000,21,4,556.3772,-83.8004,-1.2353,13,0.3171,1.0000,8,6,6,0,0,6,6,0.0000
4,128.0000,21,5,964.1451,-88.1618,0.8958,5,0.1220,1.0000,6,6,6,0,0,6,6,0.0000
4,128.0000,21,6,618.5407,-85.2146,0.7943,6,0.1463,0.8750,8,8,8,0,0,8,8,0.0000
4,128.0000,21,8,767.1120,-86.0965,-1.7148,8,0.1951,1.0000,10,6,6,0,0,6,6,0.0000
4,128.0000,21,9,552.8209,-83.8607,0.4248,14,0.3415,0.8571,7,9,9,0,0,9,9,0.0000
4,128.0000,21,11,1016.6477,-88.5434,0.3346,4,0.0976,1.0000,4,6,6,0,0,6,6,0.0000
4,128.0000,21,13,822.6897,-88.2698,1.0759,5,0.1220,1.0000,6,8,8,0,0,8,8,0.0000
4,128.0000,21,14,643.4101,-86.3288,0.3368,7,0.1707,1.0000,8,8,8,0,0,8,8,0.0000
4,128.0000,21,15,708.1168,-86.4919,0.2876,9,0.2195,1.0000,8,8,8,0,0,8,8,0.0000
4,128.0000,21,17,831.4878,-86.6649,-0.9082,5,0.1220,,0,8,8,0,0,8,8,0.0000
4,128.0000,21,18,639.5559,-86.4369,1.0413,6,0.1463,1.0000,8,8,8,0,0,8,8,0.0000
4,128.0000,21,19,465.8942,-83.8974,0.7601,14,0.3415,0.8571,7,7,6,0,0,7,6,0.1429
4,128.0000,21,20,301.9990,-76.9437,-0.4047,23,0.5610,0.4000,5,6,3,0,0,6,3,0.5000
4,128.0000,21,22,715.1687,-87.8090,0.5008,7,0.1707,1.0000,6,8,8,0,0,8,8,0.0000
4,128.0000,21,24,332.7073,-80.0408,0.2818,16,0.3902,0.6667,6,8,7,0,0,8,7,0.1250
4,128.0000,21,25,655.1969,-86.6206,0.4146,8,0.1951,0.8571,7,8,8,0,0,8,8,0.0000
4,128.0000,21,27,448.3563,-82.4669,-0.9788,11,0.2683,0.7500,8,7,5,0,0,7,5,0.2857
4,128.0000,21,31,576.3024,-84.6194,0.4676,9,0.2195,0.8750,8,8,7,0,0,8,7,0.1250
4,128.0000,21,32,557.1352,-83.8035,0.0675,12,0.2927,0.8750,8,8,8,0,0,8,8,0.0000
4,128.0000,21,33,211.5151,-76.3306,0.6611,32,0.7805,0.0000,4,4,0,0,0,4,0,1.0000
4,128.0000,21,36,570.4937,-85.0577,0.7585,12,0.2927,1.0000,8,8,8,0,0,8,8,0.0000
4,128.0000,21,37,641.0778,-85.1137,-0.1687,9,0.2195,1.0000,8,8,8,0,0,8,8,0.0000
4,128.0000,21,38,826.4380,-87.7499,-0.8669,6,0.1463,1.0000,6,8,8,0,0,8,8,0.0000
4,128.0000,21,39,1028.8960,-88.1250,-0.9285,3,0.0732,1.0000,4,4,4,0,0,4,4,0.0000
4,128.0000,21,40,479.2656,-83.7835,-0.6520,9,0.2195,0.8571,7,5,2,0,0,5,2,0.6000
4,128.0000,21,42,642.3311,-87.2201,0.1312,7,0.1707,1.0000,8,8,8,0,0,8,8,0.0000
4,128.0000,21,44,933.5296,-88.6518,-0.3151,6,0.1463,,0,2,2,0,0,2,2,0.0000
4,128.0000,21,45,253.8182,-77.0212,-0.2020,28,0.6829,0.6667,6,6,2,0,0,6,2,0.6667
4,128.0000,21,46,895.7195,-86.9501,-0.2321,6,0.1463,0.8571,7,4,4,0,0,4,4,0.0000
4,128.0000,22,0,599.6752,-83.5497,-0.4436,12,0.3000,1.0000,8,8,7,0,0,8,7,0.1250
4,128.0000,22,1,505.9324,-83.6218,-0.2812,9,0.2250,1.0000,8,8,8,0,0,8,8,0.0000
4,128.0000,22,3,542.5635,-84.1449,-0.2253,10,0.2500,1.0000,8,7,6,0,0,7,6,0.1429
4,128.0000,22,5,379.8168,-81.1730,-0.4113,25,0.6250,0.7143,7,8,7,0,0,8,7,0.1250
4,128.0000,22,6,582.0169,-85.2216,0.3286,10,0.2500,0.8571,7,8,7,0,0,8,7,0.1250
4,128.0000,22,7,457.7692,-82.9196,0.1732,14,0.3500,1.0000,8,7,6,0,0,7,6,0.1429
4,128.0000,22,10,660.5312,-86.3281,-0.2103,11,0.2750,0.8750,8,7,6,0,0,7,6,0.1429
4,128.0000,22,12,668.2746,-86.5410,-0.3573,6,0.1500,1.0000,8,7,6,0,0,7,6,0.1429
4,128.0000,22,16,508.9261,-84.0950,-0.1560,15,0.3750,0.5000,6,7,6,0,0,7,6,0.1429
4,128.0000,22,19,521.0614,-84.2846,0.0981,9,0.2250,0.6667,6,7,6,0,0,7,6,0.1429
4,128.0000,22,20,913.9862,-87.5927,-0.6821,4,0.1000,1.0000,6,4,4,0,0,4,4,0.0000
4,128.0000,22,21,715.1687,-85.7854,0.5671,4,0.1000,1.0000,8,8,8,0,0,8,8,0.0000
4,128.0000,22,23,678.0048,-86.4159,-0.3811,6,0.1500,1.0000,8,7,6,0,0,7,6,0.1429
4,128.0000,22,24,840.9083,-85.0679,0.2886,3,0.0750,1.0000,8,6,6,0,0,6,6,0.0000
4,128.0000,22,26,985.9674,-88.9467,-0.3931,4,0.1000,1.0000,2,4,4,0,0,4,4,0.0000
4,128.0000,22,29,967.6308,-86.3976,-0.7882,4,0.1000,1.0000,6,4,4,0,0,4,4,0.0000
4,128.0000,22,31,843.8977,-86.6379,0.0041,3,0.0750,1.0000,8,8,8,0,0,8,8,0.0000
4,128.0000,22,34,710.1683,-85.3615,-0.6177,6,0.1500,1.0000,6,8,8,0,0,8,8,0.0000
4,128.0000,22,36,429.0303,-82.2185,-0.4534,13,0.3250,0.8571,7,7,5,0,0,7,5,0.2857
4,128.0000,22,37,473.2501,-84.2805,-0.1922,12,0.3000,0.8571,7,8,8,0,0,8,8,0.0000
4,128.0000,22,38,535.7753,-84.5628,-0.1659,11,0.2750,0.8571,7,6,3,0,0,6,3,0.5000
4,128.0000,22,41,789.0425,-87.5651,0.0957,6,0.1500,1.0000,8,8,8,0,0,8,8,0.0000
4,128.0000,22,43,488.3815,-83.4967,-0.2774,21,0.5250,1.0000,8,7,6,0,0,7,6,0.1429
4,128.0000,22,47,571.9672,-84.5643,0.5718,13,0.3250,1.0000,8,7,6,0,0,7,6,0.1429
4,128.0000,23,0,782.4941,-87.3885,0.7714,7,0.1750,1.0000,6,8,8,0,0,8,8,0.0000
4,128.0000,23,1,846.2634,-87.8541,-0.9655,5,0.1250,1.0000,8,8,8,0,0,8,8,0.0000
4,128.0000,23,3,421.9544,-82.0476,-0.6546,10,0.2500,0.7143,7,8,7,56,54,64,61,0.0469
4,128.0000,23,5,817.4317,-88.3425,0.3505,3,0.0750,0.8750,8,8,8,0,0,8,8,0.0000
4,128.0000,23,6,701.2494,-86.3207,0.2262,7,0.1750,1.0000,8,8,8,0,0,8,8,0.0000
4,128.0000,23,7,799.9884,-87.5222,0.2561,5,0.1250,0.8333,6,6,5,0,0,6,5,0.1667
4,128.0000,23,10,627.2430,-85.1808,-0.0145,16,0.4000,1.0000,8,8,8,0,0,8,8,0.0000
4,128.0000,23,12,328.7068,-78.1019,-0.9582,30,0.7500,0.7368,57,6,4,72,54,78,58,0.2564
4,128.0000,23,14,887.6561,-87.0921,0.5193,3,0.0750,0.8000,5,4,4,0,0,4,4,0.0000
4,128.0000,23,16,833.8021,-86.1916,-1.1288,5,0.1250,1.0000,6,2,2,0,0,2,2,0.0000
4,128.0000,23,19,900.4863,-87.3926,-3.6400,3,0.0750,1.0000,2,8,7,0,0,8,7,0.1250
4,128.0000,23,22,678.0048,-86.0627,-0.3853,6,0.1500,0.7778,9,8,8,0,0,8,8,0.0000
4,128.0000,23,26,695.2452,-85.2607,-0.5785,15,0.3750,0.8000,5,8,8,0,0,8,8,0.0000
4,128.0000,23,27,602.2727,-86.6127,0.0214,4,0.1000,0.8750,8,8,8,0,0,8,8,0.0000
4,128.0000,23,29,735.0820,-85.3175,-0.8637,12,0.3000,1.0000,8,6,6,0,0,6,6,0.0000
4,128.0000,23,31,681.3251,-86.4122,0.3350,5,0.1250,1.0000,8,8,7,0,0,8,7,0.1250
4,128.0000,23,34,340.0969,-79.9658,0.1366,19,0.4750,0.6667,6,8,6,0,0,8,6,0.2500
4,128.0000,23,36,781.0469,-87.8390,0.3508,5,0.1250,1.0000,8,7,6,0,0,7,6,0.1429
4,128.0000,23,37,607.6518,-85.1166,-0.6889,6,0.1500,1.0000,8,8,8,0,0,8,8,0.0000
4,128.0000,23,38,368.0227,-81.3986,-0.1353,16,0.4000,0.5000,6,7,5,0,0,7,5,0.2857
4,128.0000,23,41,221.1319,-76.7505,0.1118,33,0.8250,0.3651,63,5,1,0,0,5,1,0.8000
4,128.0000,23,43,960.5468,-87.7255,0.2396,6,0.1500,1.0000,8,6,6,0,0,6,6,0.0000
4,128.0000,23,47,470.7007,-81.8512,0.0349,19,0.4750,0.8571,7,8,8,4,4,12,12,0.0000
4,128.0000,24,1,387.7504,-80.7238,-0.1169,17,0.4250,0.7143,7,7,6,0,0,7,6,0.1429
4,128.0000,24,3,662.6207,-85.7293,-0.4967,5,0.1250,1.0000,8,10,9,0,0,10,9,0.1000
4,128.0000,24,4,584.1194,-84.4663,-0.7285,9,0.2250,0.6667,6,7,5,0,0,7,5,0.2857
4,128.0000,24,5,966.4935,-87.3771,0.0855,6,0.1500,1.0000,2,4,4,0,0,4,4,0.0000
4,128.0000,24,6,510.2131,-83.8497,0.8604,11,0.2750,0.8571,7,8,8,0,0,8,8,0.0000
4,128.0000,24,7,850.8979,-87.1447,-0.4543,3,0.0750,1.0000,6,2,2,0,0,2,2,0.0000
4,128.0000,24,8,824.8121,-86.5961,-1.0276,4,0.1000,1.0000,8,4,4,0,0,4,4,0.0000
4,128.0000,24,9,532.3900,-84.4302,-0.0952,8,0.2000,1.0000,8,6,4,0,0,6,4,0.3333
4,128.0000,24,11,922.8806,-87.1171,-0.4594,3,0.0750,1.0000,4,6,6,0,0,6,6,0.0000
4,128.0000,24,13,742.8669,-85.2444,-0.3917,7,0.1750,1.0000,8,8,6,0,0,8,6,0.2500
4,128.0000,24,14,511.9774,-83.0143,0.6608,10,0.2500,0.8750,8,7,5,0,0,7,5,0.2857
4,128.0000,24,15,578.4222,-84.8497,-0.0512,6,0.1500,0.6667,6,7,6,0,0,7,6,0.1429
4,128.0000,24,17,851.9503,-88.0353,0.0598,4,0.1000,1.0000,4,8,7,0,0,8,7,0.1250
4,128.0000,24,18,459.9628,-83.2773,0.8437,6,0.1500,1.0000,8,8,8,0,0,8,8,0.0000
4,128.0000,24,19,384.8324,-80.9671,-0.0674,18,0.4500,0.8750,8,7,6,0,0,7,6,0.1429
4,128.0000,24,20,262.3996,-76.0285,-0.6568,24,0.6000,0.2000,5,5,2,0,0,5,2,0.6000
4,128.0000,24,21,332.7073,-79.9556,0.0685,21,0.5250,0.5000,6,8,7,0,0,8,7,0.1250
4,128.0000,24,22,840.9083,-86.3484,-0.7892,3,0.0750,1.0000,8,8,8,0,0,8,8,0.0000
4,128.0000,24,23,1064.4302,-87.9750,0.9822,3,0.0750,1.0000,4,4,4,0,0,4,4,0.0000
4,128.0000,24,25,582.4325,-84.5982,-0.4584,7,0.1750,0.8750,8,8,8,0,0,8,8,0.0000
4,128.0000,24,27,497.4739,-82.4870,-1.4969,12,0.3000,1.0000,8,8,8,0,0,8,8,0.0000
4,128.0000,24,30,945.4035,-87.2643,-0.3576,3,0.0750,1.0000,4,2,2,0,0,2,2,0.0000
4,128.0000,24,31,528.3456,-83.0136,-0.6254,11,0.2750,0.8571,7,8,7,0,0,8,7,0.1250
4,128.0000,24,32,457.3866,-83.0326,0.3090,13,0.3250,0.8750,8,5,2,0,0,5,2,0.6000
4,128.0000,24,33,214.7081,-77.7480,0.9897,29,0.7250,0.2308,13,6,3,0,0,6,3,0.5000
4,128.0000,24,34,1019.8473,-88.9132,0.2355,3,0.0750,1.0000,8,6,6,0,0,6,6,0.0000
4,128.0000,24,36,516.5479,-82.7913,-1.2094,11,0.2750,1.0000,6,10,10,0,0,10,10,0.0000
4,128.0000,24,37,595.0096,-83.9876,-0.0551,8,0.2000,0.8571,7,8,8,0,0,8,8,0.0000
4,128.0000,24,38,831.8507,-87.0447,-1.4499,3,0.0750,1.0000,4,8,8,0,0,8,8,0.0000
4,128.0000,24,40,545.3646,-84.0170,-0.7308,7,0.1750,1.0000,8,8,8,0,0,8,8,0.0000
4,128.0000,24,42,670.5145,-86.8821,-0.5777,5,0.1250,1.0000,8,8,8,0,0,8,8,0.0000
4,128.0000,24,44,851.4083,-89.0824,-1.0383,3,0.0750,1.0000,4,8,8,0,0,8,8,0.0000
4,128.0000,24,45,364.9943,-80.1915,0.3199,16,0.4000,0.6667,6,8,8,0,0,8,8,0.0000
4,128.0000,24,46,810.9368,-87.4060,1.3939,3,0.0750,0.8000,5,6,6,0,0,6,6,0.0000
4,128.0000,25,1,771.2137,-87.8197,0.2433,7,0.1750,0.8750,8,8,8,0,0,8,8,0.0000
4,128.0000,25,2,723.8393,-86.1872,-0.5434,17,0.4250,1.0000,8,4,3,0,0,4,3,0.2500
4,128.0000,25,3,643.4174,-86.8934,0.1082,9,0.2250,1.0000,8,7,6,0,0,7,6,0.1429
4,128.0000,25,4,700.9204,-85.6750,-0.8403,16,0.4000,0.8750,8,4,4,0,0,4,4,0.0000
4,128.0000,25,6,683.5334,-88.0219,0.4104,6,0.1500,0.8333,6,7,5,0,0,7,5,0.2857
4,128.0000,25,8,330.0888,-79.2212,-0.5021,31,0.7750,0.6667,6,6,3,0,0,6,3,0.5000
4,128.0000,25,9,690.4318,-86.1929,0.5794,16,0.4000,1.0000,6,8,8,0,0,8,8,0.0000
4,128.0000,25,11,572.6837,-84.1033,0.1661,26,0.6500,0.5714,7,8,7,0,0,8,7,0.1250
4,128.0000,25,12,1107.6282,-88.3565,0.3263,3,0.0750,1.0000,2,2,2,0,0,2,2,0.0000
4,128.0000,25,13,169.2978,-75.1472,-0.2443,36,0.9000,0.0000,4,4,0,0,0,4,0,1.0000
4,128.0000,25,14,158.9472,-75.4557,0.2256,36,0.9000,0.0000,4,4,0,0,0,4,0,1.0000
4,128.0000,25,15,393.5991,-79.2044,-0.6747,32,0.8000,0.0000,4,8,8,0,0,8,8,0.0000
4,128.0000,25,17,504.9518,-83.1569,-0.5839,25,0.6250,0.7143,7,8,7,0,0,8,7,0.1250
4,128.0000,25,18,463.6517,-82.6060,-0.4372,20,0.5000,0.8571,7,7,6,0,0,7,6,0.1429
4,128.0000,25,19,810.8890,-87.4603,-0.7475,8,0.2000,1.0000,6,6,6,0,0,6,6,0.0000
4,128.0000,25,20,394.0226,-81.4671,-0.4789,17,0.4250,0.7500,8,7,4,0,0,7,4,0.4286
4,128.0000,25,21,655.1969,-86.6005,-0.1304,13,0.3250,0.9000,10,6,6,0,0,6,6,0.0000
4,128.0000,25,23,922.9819,-88.3495,-1.8761,4,0.1000,1.0000,6,6,6,0,0,6,6,0.0000
4,128.0000,25,24,582.4325,-84.4493,-0.5051,14,0.3500,0.5714,7,7,6,0,0,7,6,0.1429
4,128.0000,25,27,425.3762,-82.6251,0.0711,18,0.4500,1.0000,8,8,7,0,0,8,7,0.1250
4,128.0000,25,31,282.4256,-80.3774,0.6070,26,0.6500,0.7500,8,5,1,0,0,5,1,0.8000
4,128.0000,25,32,836.9903,-87.5320,-0.0780,9,0.2250,0.8571,7,8,8,0,0,8,8,0.0000
4,128.0000,25,33,694.2696,-86.4197,-0.7685,12,0.3000,0.8571,7,7,5,0,0,7,5,0.2857
4,128.0000,25,34,924.2382,-88.5141,-0.6330,6,0.1500,1.0000,6,6,6,0,0,6,6,0.0000
4,128.0000,25,35,1000.8801,-87.8305,-0.7211,7,0.1750,1.0000,4,4,4,0,0,4,4,0.0000
4,128.0000,25,37,753.6596,-88.2750,-0.6707,4,0.1000,0.8571,7,8,8,0,0,8,8,0.0000
4,128.0000,25,38,825.0446,-88.0842,-0.4554,6,0.1500,1.0000,6,7,5,0,0,7,5,0.2857
4,128.0000,25,39,538.0776,-84.0419,-0.3424,25,0.6250,0.5714,7,8,7,0,0,8,7,0.1250
4,128.0000,25,40,263.7465,-77.9068,0.8261,30,0.7500,0.8750,8,6,4,0,0,6,4,0.3333
4,128.0000,25,41,978.2484,-87.8631,0.7957,3,0.0750,1.0000,2,4,4,0,0,4,4,0.0000
4,128.0000,25,42,217.1644,-75.8789,0.3777,36,0.9000,0.2000,5,6,4,0,0,6,4,0.3333
4,128.0000,25,44,925.1122,-87.2691,-0.3016,8,0.2000,1.0000,8,4,4,0,0,4,4,0.0000
4,128.0000,25,45,412.7150,-82.5826,-0.1859,22,0.5500,0.8750,8,7,6,0,0,7,6,0.1429
4,128.0000,25,46,410.0092,-79.6734,-0.6867,32,0.8000,0.6667,6,8,8,0,0,8,8,0.0000
4,128.0000,26,0,561.1690,-85.0266,-0.0535,13,0.3250,1.0000,8,8,8,0,0,8,8,0.0000
4,128.0000,26,10,377.6863,-80.8745,-0.2805,27,0.6750,0.8571,7,8,7,0,0,8,7,0.1250
4,128.0000,26,12,418.4643,-81.8756,-0.8470,17,0.4250,0.3333,6,8,4,0,0,8,4,0.5000
4,128.0000,26,16,714.9235,-85.3337,-0.4909,8,0.2000,1.0000,8,8,8,0,0,8,8,0.0000
4,128.0000,26,23,695.2452,-85.3447,-0.8877,6,0.1500,1.0000,8,7,6,0,0,7,6,0.1429
4,128.0000,26,29,137.7912,-73.4824,0.6490,35,0.8750,0.0000,4,4,0,0,0,4,0,1.0000
4,128.0000,26,34,582.1745,-85.0413,0.5304,9,0.2250,1.0000,8,8,8,0,0,8,8,0.0000
4,128.0000,26,41,556.2614,-82.7976,-1.0827,18,0.4500,0.7143,7,7,6,0,0,7,6,0.1429
4,128.0000,26,43,904.7915,-87.2098,-0.9651,3,0.0750,1.0000,4,4,4,0,0,4,4,0.0000
4,128.0000,26,47,499.3489,-81.9896,-0.9920,17,0.4250,1.0000,9,7,6,0,0,7,6,0.1429
4,128.0000,27,1,469.6634,-83.0899,-1.0324,18,0.4615,0.5000,6,8,8,0,0,8,8,0.0000
4,128.0000,27,3,275.2449,-79.9436,0.6876,18,0.4615,0.8750,8,6,3,0,0,6,3,0.5000
4,128.0000,27,4,823.8991,-86.1392,-0.5828,8,0.2051,0.8333,6,6,6,0,0,6,6,0.0000
4,128.0000,27,5,865.0207,-87.3673,0.6829,8,0.2051,1.0000,8,8,7,0,0,8,7,0.1250
4,128.0000,27,6,400.2677,-82.5989,1.4475,9,0.2308,0.6667,6,6,3,0,0,6,3,0.5000
4,128.0000,27,7,770.7514,-87.9005,1.6814,5,0.1282,1.0000,4,8,7,0,0,8,7,0.1250
4,128.0000,27,8,519.5034,-82.2091,-0.9759,14,0.3590,0.8571,7,6,4,0,0,6,4,0.3333
4,128.0000,27,9,818.4600,-87.0827,0.4533,7,0.1795,1.0000,8,5,4,0,0,5,4,0.2000
4,128.0000,27,12,777.3477,-87.0616,-2.0423,4,0.1026,1.0000,8,8,7,0,0,8,7,0.1250
4,128.0000,27,13,557.9922,-84.8431,-0.3553,14,0.3590,0.8571,7,8,7,0,0,8,7,0.1250
4,128.0000,27,14,384.9696,-80.5899,0.4542,18,0.4615,0.7500,8,7,6,0,0,7,6,0.1429
4,128.0000,27,15,718.8693,-86.4978,0.3865,9,0.2308,1.0000,10,6,6,0,0,6,6,0.0000
4,128.0000,27,16,1024.7491,-88.9433,-0.5837,5,0.1282,1.0000,2,4,4,0,0,4,4,0.0000
4,128.0000,27,17,816.3328,-86.1754,-0.0757,6,0.1538,1.0000,6,8,8,0,0,8,8,0.0000
4,128.0000,27,18,710.9299,-86.5617,0.6633,7,0.1795,1.0000,10,6,6,0,0,6,6,0.0000
4,128.0000,27,19,520.4704,-84.8288,0.1370,13,0.3333,0.8333,6,10,7,0,0,10,7,0.3000
4,128.0000,27,20,398.9861,-80.9204,0.8086,17,0.4359,0.7500,8,8,8,0,0,8,8,0.0000
4,128.0000,27,21,448.3563,-82.1373,-1.1879,16,0.4103,0.6250,8,8,8,0,0,8,8,0.0000
4,128.0000,27,22,677.8826,-86.3311,1.4555,8,0.2051,1.0000,4,8,7,0,0,8,7,0.1250
4,128.0000,27,23,602.2727,-85.8370,0.2484,9,0.2308,0.8000,5,7,5,0,0,7,5,0.2857
4,128.0000,27,24,497.4739,-82.3979,-2.2883,16,0.4103,0.2000,5,8,8,0,0,8,8,0.0000
4,128.0000,27,25,425.3762,-83.1419,-0.1901,16,0.4103,0.7143,7,8,6,0,0,8,6,0.2500
4,128.0000,27,28,1208.5449,-88.4896,-0.1041,3,0.0769,,0,4,4,0,0,4,4,0.0000
4,128.0000,27,31,195.7348,-75.8190,0.2172,32,0.8205,0.3333,6,6,2,0,0,6,2,0.6667
4,128.0000,27,32,885.4229,-86.6608,0.3466,6,0.1538,1.0000,2,4,4,0,0,4,4,0.0000
4,128.0000,27,33,574.4071,-84.5693,0.2937,10,0.2564,0.8571,7,8,8,0,0,8,8,0.0000
4,128.0000,27,34,639.2571,-85.1924,0.5267,9,0.2308,0.8750,8,7,6,0,0,7,6,0.1429
4,128.0000,27,36,508.0623,-83.0237,0.5709,15,0.3846,1.0000,8,8,7,0,0,8,7,0.1250
4,128.0000,27,37,410.2702,-82.6821,0.2749,14,0.3590,0.8571,7,8,8,0,0,8,8,0.0000
4,128.0000,27,38,482.8928,-85.4566,1.7068,9,0.2308,1.0000,8,7,6,0,0,7,6,0.1429
4,128.0000,27,39,941.1482,-87.9766,-0.4371,4,0.1026,1.0000,4,4,4,0,0,4,4,0.0000
4,128.0000,27,40,278.6860,-78.7021,0.2354,24,0.6154,0.4000,5,4,0,0,0,4,0,1.0000
4,128.0000,27,41,702.6769,-87.4847,2.4255,7,0.1795,0.6667,6,8,8,0,0,8,8,0.0000
4,128.0000,27,42,473.1807,-82.1673,-0.2977,13,0.3333,0.7143,7,7,5,0,0,7,5,0.2857
4,128.0000,27,45,312.2266,-79.5614,-0.7636,19,0.4872,0.8750,8,8,6,0,0,8,6,0.2500
4,128.0000,27,46,812.8874,-87.9627,-1.0596,4,0.1026,0.8750,8,6,6,0,0,6,6,0.0000
4,128.0000,27,47,759.5843,-87.4847,0.1091,7,0.1795,0.8571,7,7,6,0,0,7,6,0.1429
4,128.0000,28,4,464.1232,-83.6306,3.0593,5,0.1250,1.0000,8,8,6,0,0,8,6,0.2500
4,128.0000,28,9,431.5169,-82.6418,-0.4833,8,0.2000,0.8571,7,7,6,0,0,7,6,0.1429
4,128.0000,28,11,690.4533,-85.0044,0.6522,5,0.1250,1.0000,6,8,8,0,0,8,8,0.0000
4,128.0000,28,18,559.1523,-85.4916,-0.2933,4,0.1000,0.8571,7,8,8,0,0,8,8,0.0000
4,128.0000,28,30,179.9664,-74.5959,0.3624,38,0.9500,0.0000,4,4,0,0,0,4,0,1.0000
4,128.0000,28,32,520.0733,-82.2417,-0.0989,7,0.1750,0.7143,7,7,6,0,0,7,6,0.1429
4,128.0000,28,35,239.8034,-75.2724,-0.5230,36,0.9000,0.0000,4,4,0,0,0,4,0,1.0000
4,128.0000,28,44,68.8652,-65.4405,-0.1332,35,0.8750,0.3333,6,4,0,0,0,4,0,1.0000
4,128.0000,29,0,526.2630,-85.0787,-0.3220,14,0.3500,1.0000,8,8,6,0,0,8,6,0.2500
4,128.0000,29,3,906.5937,-87.6282,0.3494,4,0.1000,1.0000,88,8,8,0,0,8,8,0.0000
4,128.0000,29,6,1005.4608,-87.8235,0.7515,3,0.0750,1.0000,8,6,6,0,0,6,6,0.0000
4,128.0000,29,7,812.0067,-85.9308,-0.2930,6,0.1500,1.0000,8,8,8,0,0,8,8,0.0000
4,128.0000,29,10,320.8217,-77.9435,-0.7951,29,0.7250,0.2000,5,7,6,0,0,7,6,0.1429
4,128.0000,29,12,424.7981,-82.9903,0.7088,16,0.4000,0.5000,6,6,3,0,0,6,3,0.5000
4,128.0000,29,16,653.7285,-86.0002,-0.8704,10,0.2500,0.5000,6,8,8,0,0,8,8,0.0000
4,128.0000,29,23,735.0820,-86.1735,1.5087,5,0.1250,1.0000,8,8,8,0,0,8,8,0.0000
4,128.0000,29,26,137.7912,-73.5231,0.5492,35,0.8750,0.0000,4,4,0,0,0,4,0,1.0000
4,128.0000,29,34,559.6168,-84.6190,0.0686,7,0.1750,1.0000,8,7,6,0,0,7,6,0.1429
4,128.0000,29,37,914.2554,-87.1040,0.1033,4,0.1000,1.0000,8,8,8,0,0,8,8,0.0000
4,128.0000,29,38,701.0743,-83.5815,0.8721,8,0.2000,1.0000,8,8,8,0,0,8,8,0.0000
4,128.0000,29,41,581.7576,-82.8745,-0.4672,15,0.3750,1.0000,8,8,8,0,0,8,8,0.0000
4,128.0000,29,43,869.9073,-88.5682,3.6968,4,0.1000,0.8571,7,8,8,0,0,8,8,0.0000
4,128.0000,29,47,451.7861,-80.2714,-0.8831,24,0.6000,1.0000,8,8,8,0,0,8,8,0.0000
4,128.0000,30,4,492.7565,-83.0986,0.1105,10,0.2500,0.8750,8,8,8,0,0,8,8,0.0000
4,128.0000,30,9,474.0158,-83.5194,0.2524,9,0.2250,0.6667,6,8,7,0,0,8,7,0.1250
4,128.0000,30,11,846.9518,-86.7929,-0.0518,3,0.0750,1.0000,8,6,6,0,0,6,6,0.0000
4,128.0000,30,18,690.2968,-84.2395,0.8844,3,0.0750,1.0000,8,8,8,0,0,8,8,0.0000
4,128.0000,30,28,179.9664,-74.1828,0.1265,34,0.8500,0.2000,5,5,1,0,0,5,1,0.8000
4,128.0000,30,32,528.8944,-82.1860,-0.1918,14,0.3500,0.8750,8,7,5,0,0,7,5,0.2857
4,128.0000,30,35,394.5082,-80.7288,-0.3009,29,0.7250,0.2000,5,6,4,0,0,6,4,0.3333
4,128.0000,30,44,208.3713,-75.6711,-0.1447,31,0.7750,0.0000,4,5,2,0,0,5,2,0.6000
4,128.0000,31,1,566.0373,-86.0646,1.0456,10,0.2500,0.8750,8,7,6,0,0,7,6,0.1429
4,128.0000,31,3,362.5762,-82.6045,-0.6128,20,0.5000,0.8571,7,7,5,0,0,7,5,0.2857
4,128.0000,31,4,838.7706,-88.1076,-0.3945,3,0.0750,1.0000,8,6,6,0,0,6,6,0.0000
4,128.0000,31,5,975.1818,-87.9336,-0.1832,7,0.1750,1.0000,4,2,2,0,0,2,2,0.0000
4,128.0000,31,6,436.9686,-82.5565,0.7124,14,0.3500,0.7143,7,6,3,0,0,6,3,0.5000
4,128.0000,31,7,852.3587,-89.2360,-0.2923,3,0.0750,0.7500,4,2,2,0,0,2,2,0.0000
4,128.0000,31,8,452.8184,-81.1710,-0.5699,21,0.5250,0.7143,7,8,8,0,0,8,8,0.0000
4,128.0000,31,9,824.4828,-87.5307,-0.7676,7,0.1750,1.0000,8,8,8,0,0,8,8,0.0000
4,128.0000,31,11,852.6793,-88.4598,-0.0481,5,0.1250,1.0000,6,6,6,0,0,6,6,0.0000
4,128.0000,31,12,838.4273,-87.0034,-0.5696,9,0.2250,1.0000,7,8,8,0,0,8,8,0.0000
4,128.0000,31,13,393.7293,-81.0493,0.6076,22,0.5500,0.8819,144,6,4,135,118,141,122,0.1348
4,128.0000,31,14,214.4115,-74.6489,-0.0130,36,0.9000,0.4000,5,4,0,0,0,4,0,1.0000
4,128.0000,31,15,624.6561,-85.2529,-0.2326,13,0.3250,1.0000,8,8,8,0,0,8,8,0.0000
4,128.0000,31,17,752.4609,-87.4883,0.0314,9,0.2250,1.0000,6,8,7,0,0,8,7,0.1250
4,128.0000,31,18,636.0843,-85.1068,0.0222,12,0.3000,0.8750,8,8,8,0,0,8,8,0.0000
4,128.0000,31,19,616.8875,-87.1463,0.0421,7,0.1750,0.7500,8,8,8,0,0,8,8,0.0000
4,128.0000,31,20,416.7904,-82.3295,0.0743,14,0.3500,0.8571,7,8,7,0,0,8,7,0.1250
4,128.0000,31,21,576.3024,-85.1549,-0.3557,13,0.3250,1.0000,8,8,8,0,0,8,8,0.0000
4,128.0000,31,22,843.8977,-87.5903,-0.3897,3,0.0750,1.0000,8,4,4,0,0,4,4,0.0000
4,128.0000,31,23,681.3251,-87.0609,-0.4374,9,0.2250,1.0000,8,7,6,0,0,7,6,0.1429
4,128.0000,31,24,528.3456,-84.3661,-1.5940,15,0.3750,0.8750,8,8,8,0,0,8,8,0.0000
4,128.0000,31,25,282.4256,-79.3320,0.0198,23,0.5750,0.8571,7,7,5,0,0,7,5,0.2857
4,128.0000,31,27,195.7348,-76.6352,1.0724,33,0.8250,0.2000,5,5,1,0,0,5,1,0.8000
4,128.0000,31,32,907.5244,-87.7504,-0.0397,4,0.1000,1.0000,6,4,4,0,0,4,4,0.0000
4,128.0000,31,33,654.3636,-86.8481,1.2121,7,0.1750,0.8000,5,6,6,0,0,6,6,0.0000
4,128.0000,31,34,661.1258,-85.7389,0.6379,11,0.2750,0.8571,7,8,8,0,0,8,8,0.0000
4,128.0000,31,36,607.0184,-85.6454,-0.2717,13,0.3250,1.0000,8,8,7,0,0,8,7,0.1250
4,128.0000,31,37,486.3965,-84.8649,1.3171,11,0.2750,1.0000,8,8,7,0,0,8,7,0.1250
4,128.0000,31,38,544.5795,-84.2463,0.5515,13,0.3250,1.0000,6,7,6,0,0,7,6,0.1429
4,128.0000,31,39,819.7147,-87.2004,-0.2632,8,0.2000,1.0000,4,2,2,0,0,2,2,0.0000
4,128.0000,31,40,276.4515,-78.6983,-0.0733,24,0.6000,0.5000,6,4,0,0,0,4,0,1.0000
4,128.0000,31,41,733.8029,-86.0286,0.9684,8,0.2000,1.0000,8,4,4,0,0,4,4,0.0000
4,128.0000,31,42,403.6291,-81.1360,-1.2127,19,0.4750,0.5000,6,7,5,0,0,7,5,0.2857
4,128.0000,31,45,385.6887,-81.4560,0.8638,17,0.4250,0.8571,7,7,5,0,0,7,5,0.2857
4,128.0000,31,46,691.2366,-85.9470,-0.7128,10,0.2500,1.0000,8,8,8,0,0,8,8,0.0000
4,128.0000,31,47,824.6422,-87.6408,0.2627,7,0.1750,1.0000,6,4,4,0,0,4,4,0.0000
4,128.0000,32,4,356.2131,-80.3850,0.0135,21,0.5250,0.6250,8,7,4,0,0,7,4,0.4286
4,128.0000,32,9,283.9947,-78.5887,-0.1931,27,0.6750,0.4000,5,7,5,0,0,7,5,0.2857
4,128.0000,32,11,892.2672,-87.0098,-0.8331,3,0.0750,1.0000,8,8,8,0,0,8,8,0.0000
4,128.0000,32,15,596.5185,-84.5930,-0.1727,8,0.2000,0.8750,8,8,8,0,0,8,8,0.0000
4,128.0000,32,17,841.6131,-87.3252,0.0227,4,0.1000,1.0000,8,8,8,0,0,8,8,0.0000
4,128.0000,32,18,464.3653,-81.6157,0.2218,14,0.3500,0.8571,7,8,6,0,0,8,6,0.2500
4,128.0000,32,20,506.2184,-83.1492,-0.4118,6,0.1500,0.8750,8,8,8,0,0,8,8,0.0000
4,128.0000,32,21,557.1352,-84.3773,-0.2303,5,0.1250,0.5000,6,8,6,0,0,8,6,0.2500
4,128.0000,32,24,457.3866,-83.2940,1.7716,6,0.1500,1.0000,8,7,5,0,0,7,5,0.2857
4,128.0000,32,28,520.0733,-82.4036,0.2685,17,0.4250,1.0000,8,8,8,0,0,8,8,0.0000
4,128.0000,32,30,528.8944,-82.4572,-1.5562,19,0.4750,0.6667,6,7,6,0,0,7,6,0.1429
4,128.0000,32,33,376.8355,-81.6452,-0.6691,15,0.3750,0.5714,7,5,2,0,0,5,2,0.6000
4,128.0000,32,35,711.0982,-84.4841,-0.1070,12,0.3000,1.0000,8,5,4,0,0,5,4,0.2000
4,128.0000,32,44,506.6666,-84.5155,-0.4714,14,0.3500,0.8571,7,8,8,0,0,8,8,0.0000
4,128.0000,32,45,620.4334,-83.2553,0.1910,6,0.1500,1.0000,8,8,7,0,0,8,7,0.1250
4,128.0000,33,1,475.8083,-80.9354,-0.6472,15,0.3750,0.8571,7,8,7,0,0,8,7,0.1250
4,128.0000,33,3,759.7381,-86.1005,0.1821,4,0.1000,1.0000,8,8,8,0,0,8,8,0.0000
4,128.0000,33,4,492.5683,-83.3523,0.1460,13,0.3250,1.0000,8,8,8,0,0,8,8,0.0000
4,128.0000,33,6,654.9987,-86.1213,-0.6878,3,0.0750,1.0000,8,8,7,0,0,8,7,0.1250
4,128.0000,33,9,458.2404,-84.1940,1.2147,11,0.2750,0.8750,8,7,5,0,0,7,5,0.2857
4,128.0000,33,13,861.1187,-85.5844,0.6414,3,0.0750,1.0000,8,8,8,0,0,8,8,0.0000
4,128.0000,33,14,663.2337,-84.8688,0.6012,3,0.0750,1.0000,8,7,6,0,0,7,6,0.1429
4,128.0000,33,15,651.3112,-85.7308,-0.4348,6,0.1500,0.9714,70,7,6,0,0,7,6,0.1429
4,128.0000,33,17,858.2182,-88.6284,0.0593,3,0.0750,1.0000,6,8,8,0,0,8,8,0.0000
4,128.0000,33,18,541.3379,-84.0159,0.2064,7,0.1750,0.8750,8,8,8,0,0,8,8,0.0000
4,128.0000,33,19,461.1469,-81.4158,0.0650,13,0.3250,0.8571,7,8,7,0,0,8,7,0.1250
4,128.0000,33,20,304.7186,-79.3484,-0.3023,21,0.5250,0.7778,9,7,5,0,0,7,5,0.2857
4,128.0000,33,21,211.5151,-76.3566,0.2917,32,0.8000,0.2000,5,5,1,0,0,5,1,0.8000
4,128.0000,33,24,214.7081,-77.9112,1.6223,23,0.5750,0.6667,6,5,1,0,0,5,1,0.8000
4,128.0000,33,25,694.2696,-85.5294,-0.3367,3,0.0750,1.0000,6,8,5,0,0,8,5,0.3750
4,128.0000,33,27,574.4071,-84.3108,-1.2013,7,0.1750,0.8333,6,8,8,0,0,8,8,0.0000
4,128.0000,33,28,846.9353,-86.6772,0.9166,3,0.0750,1.0000,8,4,4,0,0,4,4,0.0000
4,128.0000,33,32,376.8355,-81.4239,0.4399,19,0.4750,1.0000,8,8,4,0,0,8,4,0.5000
4,128.0000,33,36,605.0726,-84.0201,-0.9849,5,0.1250,1.0000,8,8,8,0,0,8,8,0.0000
4,128.0000,33,37,709.6934,-86.8026,0.2234,4,0.1000,0.6000,5,8,8,0,0,8,8,0.0000
4,128.0000,33,38,936.5435,-86.7954,2.4186,3,0.0750,1.0000,2,4,4,0,0,4,4,0.0000
4,128.0000,33,40,589.9591,-85.2246,0.9099,5,0.1250,1.0000,8,7,6,0,0,7,6,0.1429
4,128.0000,33,42,719.8551,-86.8257,1.1391,5,0.1250,1.0000,8,8,8,0,0,8,8,0.0000
4,128.0000,33,44,814.2112,-87.8019,0.0141,7,0.1750,1.0000,6,4,4,0,0,4,4,0.0000
4,128.0000,33,45,361.2652,-80.6537,0.7332,13,0.3250,1.0000,8,7,5,0,0,7,5,0.2857
4,128.0000,33,46,883.0356,-88.2268,-0.9240,4,0.1000,1.0000,6,6,4,0,0,6,4,0.3333
4,128.0000,34,0,693.6439,-86.0983,0.6181,6,0.1463,1.0000,8,8,7,0,0,8,7,0.1250
4,128.0000,34,3,384.0994,-81.3736,-0.4625,11,0.2683,0.5000,6,8,8,0,0,8,8,0.0000
4,128.0000,34,6,551.7549,-83.7648,-1.1953,7,0.1707,0.7143,7,8,7,0,0,8,7,0.1250
4,128.0000,34,7,616.0963,-84.7915,0.1548,6,0.1463,0.8571,7,8,8,0,0,8,8,0.0000
4,128.0000,34,10,467.8012,-83.4782,0.3357,10,0.2439,0.8750,8,7,5,0,0,7,5,0.2857
4,128.0000,34,12,220.0238,-76.3690,-0.0077,32,0.7805,0.5000,6,5,1,0,0,5,1,0.8000
4,128.0000,34,16,709.0523,-86.2002,-1.4268,4,0.0976,1.0000,8,8,7,0,0,8,7,0.1250
4,128.0000,34,23,340.0969,-79.9105,0.0296,27,0.6585,0.5714,7,7,6,0,0,7,6,0.1429
4,128.0000,34,26,582.1745,-84.2028,0.1376,10,0.2439,0.7143,7,8,8,0,0,8,8,0.0000
4,128.0000,34,27,639.2571,-86.8106,-0.5602,5,0.1220,0.9000,10,8,8,0,0,8,8,0.0000
4,128.0000,34,29,559.6168,-84.5601,-0.3311,16,0.3902,0.6667,6,7,6,0,0,7,6,0.1429
4,128.0000,34,31,661.1258,-84.1982,1.3119,4,0.0976,0.8750,8,7,6,0,0,7,6,0.1429
4,128.0000,34,36,675.0973,-85.2607,-0.7669,4,0.0976,0.8750,8,8,8,0,0,8,8,0.0000
4,128.0000,34,37,475.9976,-82.9090,-0.2711,9,0.2195,0.7778,9,5,2,0,0,5,2,0.6000
4,128.0000,34,38,212.8447,-75.9711,-0.0172,29,0.7073,0.4286,7,6,3,0,0,6,3,0.5000
4,128.0000,34,41,203.5440,-76.0567,0.2639,35,0.8537,0.5000,6,4,0,0,0,4,0,1.0000
4,128.0000,34,47,266.6124,-79.8503,1.1373,26,0.6341,0.3333,6,5,2,0,0,5,2,0.6000
4,128.0000,35,2,748.8387,-87.5482,0.9599,6,0.1500,0.8571,7,7,6,0,0,7,6,0.1429
4,128.0000,35,4,638.5777,-84.5918,0.2066,11,0.2750,0.8750,8,7,6,0,0,7,6,0.1429
4,128.0000,35,9,605.3309,-83.5120,-0.4977,8,0.2000,0.8571,7,8,8,0,0,8,8,0.0000
4,128.0000,35,11,602.0035,-84.8854,0.3835,8,0.2000,1.0000,8,8,6,0,0,8,6,0.2500
4,128.0000,35,15,608.8696,-85.3372,2.4134,8,0.2000,1.0000,8,6,4,0,0,6,4,0.3333
4,128.0000,35,17,760.2232,-87.2162,1.2412,5,0.1250,1.0000,8,8,8,0,0,8,8,0.0000
4,128.0000,35,18,606.7619,-83.5437,-1.6679,8,0.2000,0.6667,6,8,8,0,0,8,8,0.0000
4,128.0000,35,28,239.8034,-75.1245,-0.8047,35,0.8750,0.0000,4,5,1,0,0,5,1,0.8000
4,128.0000,35,30,394.5082,-80.4647,-0.2794,28,0.7000,0.5714,7,6,4,0,0,6,4,0.3333
4,128.0000,35,32,711.0982,-85.2171,-0.2796,8,0.2000,1.0000,8,8,8,0,0,8,8,0.0000
4,128.0000,35,39,730.3028,-87.3984,-0.7704,6,0.1500,0.8571,7,8,8,0,0,8,8,0.0000
4,128.0000,35,44,259.4218,-76.6119,-0.5348,33,0.8250,0.0000,4,7,4,0,0,7,4,0.4286
4,128.0000,35,46,704.6599,-87.3550,-0.4659,3,0.0750,1.0000,8,8,8,0,0,8,8,0.0000
4,128.0000,36,0,820.8120,-87.2404,-0.2010,6,0.1500,1.0000,2,8,7,0,0,8,7,0.1250
4,128.0000,36,1,132.8779,-72.3151,-0.0117,34,0.8500,0.0000,4,5,1,0,0,5,1,0.8000
4,128.0000,36,3,418.4991,-79.8066,-0.7102,17,0.4250,0.7143,7,8,7,0,0,8,7,0.1250
4,128.0000,36,5,453.5329,-82.5953,0.5500,19,0.4750,1.0000,8,8,7,0,0,8,7,0.1250
4,128.0000,36,6,228.5086,-73.6678,-1.3713,32,0.8000,0.2000,5,6,4,0,0,6,4,0.3333
4,128.0000,36,7,343.5213,-81.3768,1.0385,16,0.4000,0.7143,7,8,6,0,0,8,6,0.2500
4,128.0000,36,8,1021.8705,-88.8809,-0.7165,3,0.0750,1.0000,4,2,2,0,0,2,2,0.0000
4,128.0000,36,10,780.8549,-87.4875,-0.0332,4,0.1000,1.0000,6,8,8,0,0,8,8,0.0000
4,128.0000,36,12,757.7905,-86.7617,-0.1091,8,0.2000,1.0000,8,8,8,0,0,8,8,0.0000
4,128.0000,36,14,729.4016,-86.4489,-3.0027,4,0.1000,1.0000,8,8,8,0,0,8,8,0.0000
4,128.0000,36,16,671.9357,-85.8435,-1.5766,4,0.1000,0.8750,8,8,7,0,0,8,7,0.1250
4,128.0000,36,19,164.1119,-76.3500,1.1203,30,0.7500,0.3333,6,5,1,0,0,5,1,0.8000
4,128.0000,36,20,661.8245,-85.0516,-0.8044,7,0.1750,1.0000,6,6,6,0,0,6,6,0.0000
4,128.0000,36,21,570.4937,-86.8366,-0.0543,5,0.1250,0.8571,7,8,8,0,0,8,8,0.0000
4,128.0000,36,22,429.0303,-83.9744,0.3620,15,0.3750,0.6667,6,6,3,0,0,6,3,0.5000
4,128.0000,36,23,781.0469,-86.4969,-0.4055,5,0.1250,1.0000,6,5,3,0,0,5,3,0.4000
4,128.0000,36,24,516.5479,-81.3952,-0.9549,11,0.2750,0.8750,8,8,7,0,0,8,7,0.1250
4,128.0000,36,27,508.0623,-82.2192,-0.8608,7,0.1750,1.0000,8,8,8,0,0,8,8,0.0000
4,128.0000,36,29,1055.5480,-87.9400,-0.7475,4,0.1000,,0,6,6,0,0,6,6,0.0000
4,128.0000,36,31,607.0184,-84.3999,-1.2599,4,0.1000,1.0000,8,8,7,0,0,8,7,0.1250
4,128.0000,36,33,605.0726,-86.4118,-1.4449,5,0.1250,1.0000,12,7,6,0,0,7,6,0.1429
4,128.0000,36,34,675.0973,-85.6608,-1.4913,5,0.1250,1.0000,8,8,8,0,0,8,8,0.0000
4,128.0000,36,37,211.2158,-74.0896,-0.7127,35,0.8750,0.0000,4,5,2,0,0,5,2,0.6000
4,128.0000,36,38,472.9211,-82.9523,0.8174,13,0.3250,1.0000,8,6,4,0,0,6,4,0.3333
4,128.0000,36,41,828.3148,-86.7012,-0.9181,4,0.1000,1.0000,8,4,4,0,0,4,4,0.0000
4,128.0000,36,43,768.1102,-87.5880,-0.5008,3,0.0750,,0,6,6,0,0,6,6,0.0000
4,128.0000,36,45,647.9189,-84.0578,-0.4694,4,0.1000,1.0000,8,7,6,0,0,7,6,0.1429
4,128.0000,36,47,614.9330,-86.7544,0.8518,6,0.1500,1.0000,2,7,6,0,0,7,6,0.1429
4,128.0000,37,0,776.0587,-86.8186,-0.6447,7,0.1750,1.0000,8,8,8,0,0,8,8,0.0000
4,128.0000,37,1,289.1921,-78.8157,-0.2313,26,0.6500,0.6364,11,6,4,0,0,6,4,0.3333
4,128.0000,37,3,237.3649,-77.6625,0.3105,26,0.6500,0.2000,5,4,0,0,0,4,0,1.0000
4,128.0000,37,5,493.7567,-81.7937,-0.3441,21,0.5250,0.6667,6,8,8,0,0,8,8,0.0000
4,128.0000,37,6,129.3912,-70.9291,-0.0827,34,0.8500,0.1667,6,4,0,0,0,4,0,1.0000
4,128.0000,37,7,367.8414,-79.6140,-0.0473,24,0.6000,0.7143,7,7,4,0,0,7,4,0.4286
4,128.0000,37,8,910.7793,-88.2183,-0.4259,3,0.0750,1.0000,2,4,4,0,0,4,4,0.0000
4,128.0000,37,10,673.9069,-86.1923,0.1957,9,0.2250,0.7500,8,8,8,0,0,8,8,0.0000
4,128.0000,37,12,589.5125,-85.6107,-0.6476,9,0.2250,0.6667,6,7,6,0,0,7,6,0.1429
4,128.0000,37,13,870.8539,-86.8617,-0.1860,4,0.1000,0.7500,4,8,8,0,0,8,8,0.0000
4,128.0000,37,14,639.1519,-86.1327,-0.9083,5,0.1250,0.8750,8,8,7,0,0,8,7,0.1250
4,128.0000,37,16,667.1090,-86.7178,-0.4547,9,0.2250,1.0000,8,8,8,0,0,8,8,0.0000
4,128.0000,37,19,343.3974,-81.4374,0.2040,22,0.5500,0.4000,5,6,3,0,0,6,3,0.5000
4,128.0000,37,20,674.6593,-85.5092,-0.5425,4,0.1000,1.0000,8,8,8,0,0,8,8,0.0000
4,128.0000,37,21,641.0778,-85.8424,-1.2108,5,0.1250,0.8571,7,7,6,0,0,7,6,0.1429
4,128.0000,37,22,473.2501,-82.3592,0.4537,15,0.3750,0.6000,5,7,6,0,0,7,6,0.1429
4,128.0000,37,23,607.6518,-85.3657,0.1065,8,0.2000,0.8000,5,7,6,0,0,7,6,0.1429
4,128.0000,37,24,595.0096,-85.0668,1.0684,5,0.1250,0.8750,8,6,6,0,0,6,6,0.0000
4,128.0000,37,25,753.6596,-87.2525,2.5638,4,0.1000,1.0000,8,8,8,0,0,8,8,0.0000
4,128.0000,37,27,410.2702,-82.7038,1.2638,9,0.2250,0.8571,7,6,4,0,0,6,4,0.3333
4,128.0000,37,29,914.2554,-86.7569,0.7017,5,0.1250,1.0000,8,4,4,0,0,4,4,0.0000
4,128.0000,37,31,486.3965,-85.1144,-1.3077,6,0.1500,0.8571,7,7,6,0,0,7,6,0.1429
4,128.0000,37,34,475.9976,-82.5514,0.6506,11,0.2750,1.0000,8,7,6,0,0,7,6,0.1429
4,128.0000,37,36,211.2158,-74.3581,-0.7973,32,0.8000,0.2000,5,6,4,0,0,6,4,0.3333
4,128.0000,37,38,277.1940,-79.3076,0.2755,23,0.5750,0.7143,7,6,2,0,0,6,2,0.6667
4,128.0000,37,40,681.1959,-86.7098,-2.5115,3,0.0750,1.0000,8,7,6,0,0,7,6,0.1429
4,128.0000,37,41,632.5524,-85.1933,0.0699,7,0.1750,1.0000,8,6,4,0,0,6,4,0.3333
4,128.0000,37,42,864.2793,-88.7661,2.0858,4,0.1000,1.0000,8,8,8,0,0,8,8,0.0000
4,128.0000,37,43,812.2973,-87.0463,0.0391,5,0.1250,0.7500,4,8,8,0,0,8,8,0.0000
4,128.0000,37,45,641.8322,-87.0336,-0.2249,6,0.1500,1.0000,8,8,8,0,0,8,8,0.0000
4,128.0000,37,47,471.0486,-83.4976,0.6932,13,0.3250,1.0000,8,7,6,0,0,7,6,0.1429
4,128.0000,38,0,676.6494,-85.9803,0.5627,13,0.3171,1.0000,8,8,6,0,0,8,6,0.2500
4,128.0000,38,1,558.4147,-85.1268,1.1404,5,0.1220,1.0000,8,8,8,0,0,8,8,0.0000
4,128.0000,38,3,208.0192,-76.0149,0.4276,29,0.7073,0.3333,6,5,1,0,0,5,1,0.8000
4,128.0000,38,5,559.2933,-84.2151,-0.6781,17,0.4146,1.0000,8,7,6,0,0,7,6,0.1429
4,128.0000,38,6,372.0704,-81.4470,0.1059,14,0.3415,0.7143,7,6,4,0,0,6,4,0.3333
4,128.0000,38,7,478.9425,-82.8336,-0.0074,15,0.3659,0.6667,6,8,7,0,0,8,7,0.1250
4,128.0000,38,10,510.8285,-84.1467,-0.3402,18,0.4390,0.7143,7,8,7,0,0,8,7,0.1250
4,128.0000,38,12,331.1440,-78.8263,-0.5183,32,0.7805,0.3333,6,5,3,0,0,5,3,0.4000
4,128.0000,38,14,732.0126,-85.5178,-0.8220,3,0.0732,1.0000,8,8,8,0,0,8,8,0.0000
4,128.0000,38,16,642.1834,-85.2062,-0.4188,14,0.3415,0.8571,7,8,8,0,0,8,8,0.0000
4,128.0000,38,19,613.0839,-84.5591,-1.2094,3,0.0732,1.0000,8,8,8,0,0,8,8,0.0000
4,128.0000,38,22,535.7753,-84.1588,0.5825,14,0.3415,0.5000,6,8,8,0,0,8,8,0.0000
4,128.0000,38,23,368.0227,-80.9948,-0.2227,25,0.6098,0.7143,7,8,8,0,0,8,8,0.0000
4,128.0000,38,24,831.8507,-87.7235,-1.8218,3,0.0732,1.0000,8,2,2,0,0,2,2,0.0000
4,128.0000,38,25,825.0446,-88.4478,0.7003,3,0.0732,1.0000,6,8,8,0,0,8,8,0.0000
4,128.0000,38,26,731.3458,-85.6435,-0.8753,14,0.3415,0.8333,6,2,2,0,0,2,2,0.0000
4,128.0000,38,27,482.8928,-85.1571,-0.4809,6,0.1463,0.6250,8,7,6,0,0,7,6,0.1429
4,128.0000,38,29,701.0743,-84.4809,-0.7464,15,0.3659,1.0000,8,8,7,0,0,8,7,0.1250
4,128.0000,38,31,544.5795,-85.5139,-0.2109,6,0.1463,1.0000,8,7,5,0,0,7,5,0.2857
4,128.0000,38,34,212.8447,-75.3753,-0.6747,37,0.9024,0.0000,4,6,3,0,0,6,3,0.5000
4,128.0000,38,36,472.9211,-82.3707,-0.2376,12,0.2927,0.8571,7,8,8,0,0,8,8,0.0000
4,128.0000,38,37,277.1940,-79.8420,-0.1241,22,0.5366,0.8000,5,5,1,0,0,5,1,0.8000
4,128.0000,38,41,357.7146,-81.0126,-0.1178,28,0.6829,0.5714,7,8,6,0,0,8,6,0.2500
4,128.0000,38,43,818.6424,-85.9113,-0.4575,7,0.1707,1.0000,6,4,3,0,0,4,3,0.2500
4,128.0000,38,47,282.2008,-78.2674,0.4390,32,0.7805,0.3333,6,5,1,0,0,5,1,0.8000
4,128.0000,39,2,273.9076,-77.7465,-0.5009,37,0.9250,0.3333,6,5,2,0,0,5,2,0.6000
4,128.0000,39,8,578.7189,-85.1689,0.3561,8,0.2000,1.0000,8,8,8,0,0,8,8,0.0000
4,128.0000,39,11,135.1707,-67.7951,-1.5035,34,0.8500,0.0000,4,5,1,0,0,5,1,0.8000
4,128.0000,39,13,475.4160,-83.5094,0.8299,11,0.2750,1.0000,8,6,4,0,0,6,4,0.3333
4,128.0000,39,14,662.0537,-87.0825,-2.9603,5,0.1250,1.0000,6,8,8,0,0,8,8,0.0000
4,128.0000,39,15,410.0651,-82.5216,1.2380,11,0.2750,1.0000,8,7,6,0,0,7,6,0.1429
4,128.0000,39,17,295.2804,-78.7826,0.1403,25,0.6250,0.7143,7,5,2,0,0,5,2,0.6000
4,128.0000,39,18,571.3633,-84.2994,-0.5514,9,0.2250,0.8571,7,6,4,0,0,6,4,0.3333
4,128.0000,39,20,756.2934,-87.3129,-0.8760,3,0.0750,0.8571,7,8,8,0,0,8,8,0.0000
4,128.0000,39,25,538.0776,-83.2431,0.0586,7,0.1750,0.8750,8,8,8,0,0,8,8,0.0000
4,128.0000,39,28,805.5134,-87.7347,-0.8797,4,0.1000,1.0000,8,6,6,0,0,6,6,0.0000
4,128.0000,39,35,730.3028,-85.0855,1.3224,5,0.1250,1.0000,6,8,8,0,0,8,8,0.0000
4,128.0000,39,40,694.6848,-85.8880,-0.1007,5,0.1250,1.0000,8,8,8,0,0,8,8,0.0000
4,128.0000,39,42,500.5665,-85.1717,1.6493,7,0.1750,0.8750,8,8,8,0,0,8,8,0.0000
4,128.0000,39,44,752.5122,-86.8228,0.2957,5,0.1250,0.8750,8,6,6,0,0,6,6,0.0000
4,128.0000,39,46,154.7974,-75.6312,0.9243,27,0.6750,0.5000,6,4,0,0,0,4,0,1.0000
4,128.0000,40,1,685.2547,-86.6305,0.5943,4,0.1000,1.0000,8,7,6,0,0,7,6,0.1429
4,128.0000,40,3,543.4099,-84.8249,1.2209,7,0.1750,1.0000,4,7,6,0,0,7,6,0.1429
4,128.0000,40,4,649.9565,-85.2670,-0.1382,6,0.1500,1.0000,8,5,3,0,0,5,3,0.4000
4,128.0000,40,6,647.2359,-86.1412,0.1768,5,0.1250,1.0000,8,8,8,0,0,8,8,0.0000
4,128.0000,40,8,298.6108,-76.0613,-1.8080,37,0.9250,0.2000,5,6,4,0,0,6,4,0.3333
4,128.0000,40,9,661.4138,-85.4265,0.2479,9,0.2250,0.8571,7,8,8,0,0,8,8,0.0000
4,128.0000,40,11,735.6858,-84.7456,0.4519,6,0.1500,1.0000,6,4,4,0,0,4,4,0.0000
4,128.0000,40,12,1019.3571,-88.8226,-0.1521,3,0.0750,,0,6,6,0,0,6,6,0.0000
4,128.0000,40,13,397.7065,-80.7834,-0.3660,25,0.6250,0.2000,5,7,6,0,0,7,6,0.1429
4,128.0000,40,14,336.1525,-79.6591,0.1674,21,0.5250,1.0000,8,8,7,0,0,8,7,0.1250
4,128.0000,40,15,528.1469,-81.4443,-0.3816,11,0.2750,1.0000,8,6,6,0,0,6,6,0.0000
4,128.0000,40,17,542.8151,-84.1189,-0.4629,14,0.3500,0.6667,6,8,7,0,0,8,7,0.1250
4,128.0000,40,18,570.2613,-85.2155,1.5496,8,0.2000,0.8750,8,7,5,0,0,7,5,0.2857
4,128.0000,40,19,725.0698,-86.4977,0.9965,4,0.1000,1.0000,4,8,8,0,0,8,8,0.0000
4,128.0000,40,20,320.5371,-80.7008,0.3583,15,0.3750,0.2000,5,7,5,0,0,7,5,0.2857
4,128.0000,40,21,479.2656,-83.2118,-0.6326,11,0.2750,1.0000,8,7,6,0,0,7,6,0.1429
4,128.0000,40,23,794.5561,-88.2355,-0.1509,4,0.1000,1.0000,2,8,8,0,0,8,8,0.0000
4,128.0000,40,24,545.3646,-84.3279,0.0014,7,0.1750,0.8571,7,8,7,0,0,8,7,0.1250
4,128.0000,40,25,263.7465,-77.9745,0.4077,30,0.7500,0.4000,5,6,2,0,0,6,2,0.6667
4,128.0000,40,27,278.6860,-79.2967,0.5918,23,0.5750,0.7259,135,6,3,126,91,132,94,0.2879
4,128.0000,40,31,276.4515,-78.3250,0.2061,30,0.7500,0.6667,6,6,3,0,0,6,3,0.5000
4,128.0000,40,32,811.4019,-86.8123,-0.9852,5,0.1250,1.0000,8,4,3,0,0,4,3,0.2500
4,128.0000,40,33,589.9591,-87.2514,-0.4178,6,0.1500,1.0000,4,7,6,0,0,7,6,0.1429
4,128.0000,40,35,1106.2522,-88.3025,2.2949,3,0.0750,1.0000,4,4,4,0,0,4,4,0.0000
4,128.0000,40,36,755.0327,-87.5486,1.5918,3,0.0750,1.0000,8,8,7,0,0,8,7,0.1250
4,128.0000,40,37,681.1959,-86.2582,-0.6734,3,0.0750,0.8333,6,8,8,0,0,8,8,0.0000
4,128.0000,40,38,745.9307,-86.2643,-0.5623,4,0.1000,1.0000,6,7,6,0,0,7,6,0.1429
4,128.0000,40,39,694.6848,-85.5824,0.1786,12,0.3000,1.0000,8,6,6,0,0,6,6,0.0000
4,128.0000,40,42,207.8464,-72.0160,-1.9564,36,0.9000,0.0000,4,7,3,0,0,7,3,0.5714
4,128.0000,40,45,234.7203,-78.0080,0.2712,25,0.6250,0.5714,7,5,1,0,0,5,1,0.8000
4,128.0000,40,46,579.4581,-83.9332,-1.5040,15,0.3750,0.7143,7,8,8,0,0,8,8,0.0000
4,128.0000,41,0,761.2843,-87.2927,-0.4602,9,0.2250,1.0000,8,8,8,0,0,8,8,0.0000
4,128.0000,41,3,482.2018,-83.8838,0.3191,7,0.1750,0.9706,68,8,8,0,0,8,8,0.0000
4,128.0000,41,5,827.9978,-85.5163,-1.7810,5,0.1250,1.0000,8,8,8,0,0,8,8,0.0000
4,128.0000,41,6,714.5900,-87.6667,-0.4869,4,0.1000,1.0000,8,8,8,0,0,8,8,0.0000
4,128.0000,41,7,787.2566,-86.2333,-0.5250,4,0.1000,0.8750,8,8,8,0,0,8,8,0.0000
4,128.0000,41,10,546.4362,-83.6830,0.0907,16,0.4000,0.6667,6,10,10,0,0,10,10,0.0000
4,128.0000,41,12,228.7664,-72.7548,-1.7984,39,0.9750,0.2000,5,6,3,0,0,6,3,0.5000
4,128.0000,41,13,1010.7669,-88.4085,-0.5802,5,0.1250,1.0000,4,2,2,0,0,2,2,0.0000
4,128.0000,41,14,920.3653,-88.1872,1.2168,3,0.0750,1.0000,8,4,4,0,0,4,4,0.0000
4,128.0000,41,16,820.9080,-87.0498,-0.7421,8,0.2000,1.0000,8,8,8,0,0,8,8,0.0000
4,128.0000,41,19,964.0973,-89.3519,0.3492,4,0.1000,1.0000,2,8,8,0,0,8,8,0.0000
4,128.0000,41,22,789.0425,-86.6161,0.6633,4,0.1000,1.0000,8,7,6,0,0,7,6,0.1429
4,128.0000,41,23,221.1319,-76.1101,0.0146,32,0.8000,0.0000,4,6,2,0,0,6,2,0.6667
4,128.0000,41,26,556.2614,-82.8926,-0.0855,26,0.6500,0.8571,7,7,6,0,0,7,6,0.1429
4,128.0000,41,27,702.6769,-86.9290,-0.8687,4,0.1000,1.0000,6,8,8,0,0,8,8,0.0000
4,128.0000,41,29,581.7576,-84.3004,-0.2475,23,0.5750,0.9500,20,8,7,0,0,8,7,0.1250
4,128.0000,41,34,203.5440,-75.8153,0.8890,35,0.8750,0.1667,6,4,0,0,0,4,0,1.0000
4,128.0000,41,37,632.5524,-86.0137,0.9750,6,0.1500,0.8750,8,8,7,0,0,8,7,0.1250
4,128.0000,41,38,357.7146,-81.0085,-0.3411,20,0.5000,0.4000,5,7,6,0,0,7,6,0.1429
4,128.0000,41,47,394.9224,-80.5884,-0.8645,22,0.5500,1.0000,8,7,5,0,0,7,5,0.2857
4,128.0000,42,2,609.3535,-85.6089,0.4757,16,0.3902,0.4000,5,4,4,0,0,4,4,0.0000
4,128.0000,42,3,722.3238,-85.1518,1.3836,4,0.0976,1.0000,4,8,8,0,0,8,8,0.0000
4,128.0000,42,4,639.4749,-85.4267,0.3753,13,0.3171,1.0000,8,8,8,0,0,8,8,0.0000
4,128.0000,42,6,816.7391,-87.4282,0.6751,4,0.0976,1.0000,8,8,7,0,0,8,7,0.1250
4,128.0000,42,8,186.8920,-70.3216,-1.9067,37,0.9024,0.3333,6,6,2,0,0,6,2,0.6667
4,128.0000,42,9,657.2104,-86.0225,-1.0949,10,0.2439,1.0000,6,8,8,0,0,8,8,0.0000
4,128.0000,42,11,560.2760,-84.7216,0.2475,21,0.5122,0.8750,8,6,4,0,0,6,4,0.3333
4,128.0000,42,13,285.0146,-79.5102,0.1094,30,0.7317,0.6667,6,6,2,0,0,6,2,0.6667
4,128.0000,42,14,365.6393,-80.6883,-0.2557,18,0.4390,1.0000,8,7,4,0,0,7,4,0.4286
4,128.0000,42,15,437.8666,-81.6871,0.7387,16,0.3902,1.0000,8,7,6,0,0,7,6,0.1429
4,128.0000,42,17,368.7406,-81.9918,0.4781,28,0.6829,0.7143,7,7,6,0,0,7,6,0.1429
4,128.0000,42,18,536.4516,-84.1680,-0.4790,15,0.3659,1.0000,8,7,4,0,0,7,4,0.4286
4,128.0000,42,20,425.0636,-82.9360,0.4881,13,0.3171,0.8750,8,6,4,0,0,6,4,0.3333
4,128.0000,42,21,642.3311,-85.4387,-0.1100,11,0.2683,0.8571,7,8,8,0,0,8,8,0.0000
4,128.0000,42,23,942.0523,-88.9281,-0.0422,3,0.0732,1.0000,2,2,2,0,0,2,2,0.0000
4,128.0000,42,24,670.5145,-85.6370,0.1279,9,0.2195,0.6667,6,7,5,0,0,7,5,0.2857
4,128.0000,42,25,217.1644,-76.6034,-0.0093,30,0.7317,0.2000,5,6,3,0,0,6,3,0.5000
4,128.0000,42,27,473.1807,-82.5209,-0.8989,16,0.3902,0.8750,8,8,8,0,0,8,8,0.0000
4,128.0000,42,31,403.6291,-80.4803,-0.7651,19,0.4634,0.8750,8,6,4,0,0,6,4,0.3333
4,128.0000,42,32,857.4141,-87.0055,-0.3894,6,0.1463,1.0000,6,4,4,0,0,4,4,0.0000
4,128.0000,42,33,719.8551,-87.5058,-0.3784,8,0.1951,1.0000,6,8,8,0,0,8,8,0.0000
4,128.0000,42,35,1005.3248,-88.9157,0.1856,4,0.0976,1.0000,4,2,2,0,0,2,2,0.0000
4,128.0000,42,37,864.2793,-87.6071,0.9147,7,0.1707,1.0000,4,7,6,0,0,7,6,0.1429
4,128.0000,42,38,915.6646,-87.3800,-0.8657,3,0.0732,0.8750,8,6,6,0,0,6,6,0.0000
4,128.0000,42,39,500.5665,-83.8574,0.4152,22,0.5366,0.7500,8,7,6,0,0,7,6,0.1429
4,128.0000,42,40,207.8464,-72.6702,-1.7431,34,0.8293,0.2000,5,6,3,0,0,6,3,0.5000
4,128.0000,42,41,1036.6416,-89.2042,0.6308,3,0.0732,1.0000,4,6,6,0,0,6,6,0.0000
4,128.0000,42,44,903.0110,-87.7210,-0.0529,5,0.1220,1.0000,6,8,8,0,0,8,8,0.0000
4,128.0000,42,45,391.0997,-81.3299,0.3533,20,0.4878,0.3333,6,7,6,0,0,7,6,0.1429
4,128.0000,42,46,404.9040,-80.8765,-0.5190,21,0.5122,0.7143,7,7,4,0,0,7,4,0.4286
4,128.0000,43,0,347.3200,-77.6317,-1.6750,28,0.6829,0.2000,5,6,3,0,0,6,3,0.5000
4,128.0000,43,5,359.5837,-81.7146,-0.4192,14,0.3415,0.8889,9,5,2,0,0,5,2,0.6000
4,128.0000,43,7,547.9133,-84.0913,0.8063,11,0.2683,0.7143,7,8,7,0,0,8,7,0.1250
4,128.0000,43,10,578.4960,-83.4357,-0.5090,12,0.2927,1.0000,8,8,7,0,0,8,7,0.1250
4,128.0000,43,16,268.0268,-77.9229,-0.3040,30,0.7317,0.2000,5,5,1,0,0,5,1,0.8000
4,128.0000,43,22,488.3815,-83.0768,0.0844,11,0.2683,1.0000,8,7,6,0,0,7,6,0.1429
4,128.0000,43,23,960.5468,-86.7788,-1.1387,3,0.0732,1.0000,8,6,6,0,0,6,6,0.0000
4,128.0000,43,29,869.9073,-85.7160,0.3501,3,0.0732,1.0000,6,4,4,0,0,4,4,0.0000
4,128.0000,43,47,665.0263,-84.2849,0.0394,7,0.1707,0.8750,8,8,8,0,0,8,8,0.0000
4,128.0000,44,2,742.5765,-86.5323,-0.4937,8,0.2051,0.8750,8,6,6,0,0,6,6,0.0000
4,128.0000,44,4,409.2447,-82.1525,0.3098,16,0.4103,0.8571,7,8,8,0,0,8,8,0.0000
4,128.0000,44,9,383.0865,-82.2370,-0.2615,15,0.3846,0.7143,7,7,5,0,0,7,5,0.2857
4,128.0000,44,11,642.2547,-85.9133,0.0790,8,0.2051,0.8571,7,6,4,0,0,6,4,0.3333
4,128.0000,44,15,548.5029,-84.1968,0.6145,8,0.2051,1.0000,8,8,8,0,0,8,8,0.0000
4,128.0000,44,17,682.3421,-85.4400,1.9554,5,0.1282,1.0000,8,8,8,0,0,8,8,0.0000
4,128.0000,44,18,520.9993,-84.2421,-0.0072,11,0.2821,1.0000,8,7,6,0,0,7,6,0.1429
4,128.0000,44,28,68.8652,-65.6199,0.2279,32,0.8205,0.0000,4,5,1,0,0,5,1,0.8000
4,128.0000,44,30,208.3713,-76.0705,0.1709,37,0.9487,0.2000,5,4,0,0,0,4,0,1.0000
4,128.0000,44,32,506.6666,-83.5540,0.0832,16,0.4103,1.0000,8,7,4,0,0,7,4,0.4286
4,128.0000,44,35,259.4218,-76.0939,-0.4273,36,0.9231,0.0000,4,5,1,0,0,5,1,0.8000
4,128.0000,44,39,752.5122,-86.0558,0.4670,7,0.1795,1.0000,8,8,8,0,0,8,8,0.0000
4,128.0000,44,42,903.0110,-86.5100,2.3659,3,0.0769,1.0000,8,8,8,0,0,8,8,0.0000
4,128.0000,45,1,551.1417,-85.3808,-0.3500,13,0.3250,0.8571,7,7,6,0,0,7,6,0.1429
4,128.0000,45,3,574.6361,-86.4662,1.1965,14,0.3500,1.0000,8,6,4,0,0,6,4,0.3333
4,128.0000,45,4,517.4418,-82.3871,-0.6821,24,0.6000,0.5714,7,5,4,0,0,5,4,0.2000
4,128.0000,45,5,1060.0114,-88.6779,-0.1193,5,0.1250,1.0000,6,4,4,0,0,4,4,0.0000
4,128.0000,45,6,602.4231,-86.1174,1.4889,10,0.2500,1.0000,8,8,8,0,0,8,8,0.0000
4,128.0000,45,8,522.5818,-83.9254,-0.1075,19,0.4750,0.7143,7,7,6,0,0,7,6,0.1429
4,128.0000,45,9,519.9768,-83.4420,-0.6060,19,0.4750,0.8750,8,6,4,0,0,6,4,0.3333
4,128.0000,45,11,811.4454,-88.1120,-0.0068,11,0.2750,1.0000,8,8,8,72,69,80,77,0.0375
4,128.0000,45,12,1078.7351,-89.4222,-0.3812,3,0.0750,1.0000,4,4,4,0,0,4,4,0.0000
4,128.0000,45,13,576.3819,-85.3358,0.2561,15,0.3750,0.8750,8,7,6,0,0,7,6,0.1429
4,128.0000,45,14,432.7987,-83.6074,0.5707,18,0.4500,0.8571,7,7,5,0,0,7,5,0.2857
4,128.0000,45,15,529.8061,-83.2266,-0.3940,19,0.4750,0.6667,6,8,8,0,0,8,8,0.0000
4,128.0000,45,17,624.8097,-85.0257,-0.1026,15,0.3750,1.0000,8,6,4,0,0,6,4,0.3333
4,128.0000,45,18,509.2663,-84.7386,0.2410,16,0.4000,0.7143,7,6,6,0,0,6,6,0.0000
4,128.0000,45,19,576.4948,-86.3027,-2.1395,12,0.3000,0.8571,7,6,4,0,0,6,4,0.3333
4,128.0000,45,20,156.6270,-73.5114,0.7787,35,0.8750,0.0000,4,4,0,0,0,4,0,1.0000
4,128.0000,45,21,253.8182,-77.8275,0.1446,32,0.8000,0.4286,7,6,3,0,0,6,3,0.5000
4,128.0000,45,22,832.0967,-87.8364,1.6178,8,0.2000,1.0000,2,7,6,0,0,7,6,0.1429
4,128.0000,45,24,364.9943,-81.4535,-0.1989,20,0.5000,0.8750,8,8,7,2,2,10,9,0.1000
4,128.0000,45,25,412.7150,-82.3587,0.5167,18,0.4500,0.8571,7,6,3,0,0,6,3,0.5000
4,128.0000,45,27,312.2266,-79.4201,0.1983,22,0.5500,0.7143,7,6,4,0,0,6,4,0.3333
4,128.0000,45,28,930.5366,-88.5943,0.2706,8,0.2000,1.0000,4,4,4,0,0,4,4,0.0000
4,128.0000,45,31,385.6887,-82.3844,0.7503,18,0.4500,0.8571,7,7,4,0,0,7,4,0.4286
4,128.0000,45,32,620.4334,-84.3087,-0.3560,16,0.4000,0.7500,8,8,8,0,0,8,8,0.0000
4,128.0000,45,33,361.2652,-81.5794,-0.0016,22,0.5500,0.8750,8,7,4,0,0,7,4,0.4286
4,128.0000,45,34,949.7554,-88.4713,-0.7479,6,0.1500,1.0000,6,4,4,0,0,4,4,0.0000
4,128.0000,45,35,1048.9102,-88.7722,-0.4475,7,0.1750,1.0000,4,2,2,0,0,2,2,0.0000
4,128.0000,45,36,647.9189,-85.9153,-0.0278,15,0.3750,1.0000,8,8,8,0,0,8,8,0.0000
4,128.0000,45,37,641.8322,-87.1795,1.0360,7,0.1750,1.0000,8,8,7,0,0,8,7,0.1250
4,128.0000,45,38,780.9181,-86.8013,-1.0201,7,0.1750,1.0000,6,7,6,0,0,7,6,0.1429
4,128.0000,45,39,805.7219,-88.1694,0.1068,7,0.1750,1.0000,6,4,4,0,0,4,4,0.0000
4,128.0000,45,40,234.7203,-78.4047,0.2374,25,0.6250,0.5000,6,4,0,0,0,4,0,1.0000
4,128.0000,45,42,391.0997,-81.1542,-0.2826,23,0.5750,0.5714,7,7,6,0,0,7,6,0.1429
4,128.0000,45,44,877.9370,-88.5510,0.0275,9,0.2250,0.8000,5,6,6,0,0,6,6,0.0000
4,128.0000,45,46,674.5976,-85.7414,0.2064,13,0.3250,1.0000,8,6,6,0,0,6,6,0.0000
4,128.0000,46,2,381.5140,-81.3829,0.3859,26,0.6500,0.5714,7,6,3,0,0,6,3,0.5000
4,128.0000,46,4,639.4014,-85.8655,-0.2686,9,0.2250,0.7143,7,8,8,0,0,8,8,0.0000
4,128.0000,46,8,520.2802,-83.0333,-0.8740,14,0.3500,0.7143,7,8,8,0,0,8,8,0.0000
4,128.0000,46,9,636.5201,-84.9182,-0.6949,14,0.3500,0.8750,8,8,8,0,0,8,8,0.0000
4,128.0000,46,11,164.7899,-75.6356,0.7352,37,0.9250,0.2000,5,5,1,0,0,5,1,0.8000
4,128.0000,46,13,378.7924,-79.3699,-0.7477,28,0.7000,0.5000,4,7,6,0,0,7,6,0.1429
4,128.0000,46,14,524.4867,-83.9120,-0.3387,10,0.2500,1.0000,6,9,8,0,0,9,8,0.1111
4,128.0000,46,15,267.9677,-78.0221,0.3227,25,0.6250,0.5000,6,5,2,0,0,5,2,0.6000
4,128.0000,46,17,282.1228,-79.1000,0.6194,31,0.7750,0.5000,6,5,2,0,0,5,2,0.6000
4,128.0000,46,18,430.0522,-82.1004,0.2387,18,0.4500,1.0000,8,8,8,0,0,8,8,0.0000
4,128.0000,46,20,613.0462,-85.0796,0.5190,7,0.1750,0.8750,8,6,6,0,0,6,6,0.0000
4,128.0000,46,24,810.9368,-87.2453,-1.6121,3,0.0750,1.0000,8,6,6,0,0,6,6,0.0000
4,128.0000,46,25,410.0092,-78.9603,-0.9742,20,0.5000,0.7143,7,7,4,0,0,7,4,0.4286
4,128.0000,46,27,812.8874,-85.7212,-0.2915,3,0.0750,0.8571,7,8,8,0,0,8,8,0.0000
4,128.0000,46,28,751.7610,-87.1630,-0.2414,4,0.1000,1.0000,6,8,7,0,0,8,7,0.1250
4,128.0000,46,30,900.5264,-87.7261,0.6302,5,0.1250,1.0000,4,3,2,0,0,3,2,0.3333
4,128.0000,46,31,691.2366,-85.3061,-1.5926,5,0.1250,1.0000,8,6,6,0,0,6,6,0.0000
4,128.0000,46,32,851.2868,-86.8819,4.7644,3,0.0750,1.0000,8,4,4,0,0,4,4,0.0000
4,128.0000,46,33,883.0356,-88.6571,1.1740,3,0.0750,1.0000,8,8,8,0,0,8,8,0.0000
4,128.0000,46,35,704.6599,-87.0898,1.2459,9,0.2250,1.0000,8,8,8,0,0,8,8,0.0000
4,128.0000,46,39,154.7974,-76.0014,1.6761,37,0.9250,0.4000,5,5,1,0,0,5,1,0.8000
4,128.0000,46,40,579.4581,-83.6792,-0.0652,13,0.3250,1.0000,8,8,8,0,0,8,8,0.0000
4,128.0000,46,42,404.9040,-81.6455,-0.0558,20,0.5000,1.0000,8,7,6,0,0,7,6,0.1429
4,128.0000,46,44,698.4891,-87.0444,-0.9680,9,0.2250,1.0000,6,7,6,0,0,7,6,0.1429
4,128.0000,46,45,674.5976,-87.0433,2.5956,5,0.1250,1.0000,8,8,7,0,0,8,7,0.1250
4,128.0000,47,0,436.3377,-82.0864,-0.1407,31,0.7750,0.4000,5,7,5,0,0,7,5,0.2857
4,128.0000,47,1,733.2554,-86.0779,0.1600,3,0.0750,1.0000,8,8,8,0,0,8,8,0.0000
4,128.0000,47,3,485.0845,-82.2083,-1.0780,8,0.2000,0.8750,8,7,6,0,0,7,6,0.1429
4,128.0000,47,5,464.9803,-83.0059,0.2102,18,0.4500,0.5000,6,8,6,0,0,8,6,0.2500
4,128.0000,47,6,575.7975,-84.5058,-0.4340,6,0.1500,0.8571,7,8,8,0,0,8,8,0.0000
4,128.0000,47,7,440.3926,-80.9130,-0.4489,25,0.6250,0.7143,7,7,6,0,0,7,6,0.1429
4,128.0000,47,10,231.0309,-76.8590,-0.2190,31,0.7750,0.2000,5,5,1,0,0,5,1,0.8000
4,128.0000,47,12,205.7961,-76.3493,0.6335,33,0.8250,0.2000,5,4,0,0,0,4,0,1.0000
4,128.0000,47,16,446.3944,-83.5446,-0.0076,23,0.5750,0.4000,5,6,3,0,0,6,3,0.5000
4,128.0000,47,22,571.9672,-86.0661,-0.2433,7,0.1750,1.0000,8,6,3,0,0,6,3,0.5000
4,128.0000,47,23,470.7007,-81.9160,-0.6432,16,0.4000,0.8571,7,8,7,0,0,8,7,0.1250
4,128.0000,47,26,499.3489,-82.5339,-0.2680,30,0.7500,0.7143,7,6,4,0,0,6,4,0.3333
4,128.0000,47,29,451.7861,-81.6895,-0.8948,28,0.7000,0.6667,6,7,5,0,0,7,5,0.2857
4,128.0000,47,34,266.6124,-78.5522,0.7735,31,0.7750,0.2000,5,7,4,0,0,7,4,0.4286
4,128.0000,47,37,471.0486,-84.1289,0.2376,10,0.2500,0.7143,7,8,7,0,0,8,7,0.1250
4,128.0000,47,38,282.2008,-78.4147,0.1260,27,0.6750,0.5000,6,6,4,0,0,6,4,0.3333
4,128.0000,47,41,394.9224,-81.4622,-0.2045,29,0.7250,0.5000,6,8,7,0,0,8,7,0.1250
4,128.0000,47,43,665.0263,-85.1186,-0.2078,21,0.5250,1.0000,8,8,8,0,0,8,8,0.0000
4,132.0000,0,1,876.7438,-86.6794,0.3128,4,0.1000,1.0000,4,6,6,0,0,6,6,0.0000
4,132.0000,0,3,858.0609,-88.5361,0.4994,3,0.0750,1.0000,8,8,8,0,0,8,8,0.0000
4,132.0000,0,5,369.7513,-80.7461,0.5956,30,0.7500,0.6667,6,5,2,0,0,5,2,0.6000
4,132.0000,0,6,956.3353,-87.9927,-1.4259,3,0.0750,1.0000,8,4,4,0,0,4,4,0.0000
4,132.0000,0,7,652.6400,-85.4018,0.0970,12,0.3000,1.0000,8,7,6,0,0,7,6,0.1429
4,132.0000,0,10,206.2424,-77.5368,0.2534,34,0.8500,0.2000,5,6,3,0,0,6,3,0.5000
4,132.0000,0,12,365.0010,-82.4738,0.8548,22,0.5500,0.6667,6,6,2,0,0,6,2,0.6667
4,132.0000,0,16,370.2852,-77.7118,-1.6115,30,0.7500,0.2000,5,5,1,0,0,5,1,0.8000
4,132.0000,0,19,923.0283,-88.0170,1.0006,3,0.0750,1.0000,8,8,7,0,0,8,7,0.1250
4,132.0000,0,22,651.0626,-84.7688,-0.9922,7,0.1750,1.0000,8,8,8,0,0,8,8,0.0000
4,132.0000,0,23,775.9414,-86.5388,0.6441,6,0.1500,1.0000,8,8,8,0,0,8,8,0.0000
4,132.0000,0,26,439.9210,-83.4061,0.9392,27,0.6750,0.5000,6,5,2,0,0,5,2,0.6000
4,132.0000,0,29,476.0415,-84.0820,-0.4617,26,0.6500,0.8571,7,7,5,0,0,7,5,0.2857
4,132.0000,0,34,526.4200,-86.2445,0.2807,9,0.2250,1.0000,8,8,6,0,0,8,6,0.2500
4,132.0000,0,36,785.8897,-88.3114,0.3333,3,0.0750,1.0000,8,8,8,0,0,8,8,0.0000
4,132.0000,0,37,798.4943,-87.2133,-0.6290,4,0.1000,1.0000,8,8,8,0,0,8,8,0.0000
4,132.0000,0,38,678.3993,-85.5283,1.2722,8,0.2000,0.6667,6,8,8,0,0,8,8,0.0000
4,132.0000,0,41,736.0614,-86.9190,-0.3355,9,0.2250,0.8750,8,8,8,0,0,8,8,0.0000
4,132.0000,0,43,395.0658,-82.0184,0.0005,28,0.7000,0.5714,7,8,5,0,0,8,5,0.3750
4,132.0000,0,47,424.9260,-82.2912,-0.4703,19,0.4750,0.8571,7,7,6,0,0,7,6,0.1429
4,132.0000,1,3,477.7049,-82.6320,-0.4718,10,0.2500,1.0000,8,8,8,0,0,8,8,0.0000
4,132.0000,1,5,614.4328,-85.8225,0.0738,7,0.1750,0.8750,8,8,6,0,0,8,6,0.2500
4,132.0000,1,6,283.1623,-78.3435,-0.2527,23,0.5750,0.7143,7,6,3,0,0,6,3,0.5000
4,132.0000,1,7,341.6355,-81.2501,0.3952,17,0.4250,0.8333,6,7,5,0,0,7,5,0.2857
4,132.0000,1,8,913.7188,-88.0161,1.3308,3,0.0750,,0,4,4,0,0,4,4,0.0000
4,132.0000,1,10,741.3048,-87.4075,-0.7159,4,0.1000,1.0000,6,6,6,0,0,6,6,0.0000
4,132.0000,1,12,819.9910,-88.2971,-0.4016,5,0.1250,1.0000,8,4,4,0,0,4,4,0.0000
4,132.0000,1,14,691.1467,-86.8896,0.4957,4,0.1000,1.0000,8,8,8,0,0,8,8,0.0000
4,132.0000,1,15,1006.2652,-88.2333,-0.7631,3,0.0750,1.0000,4,4,4,0,0,4,4,0.0000
4,132.0000,1,16,665.5982,-86.3514,-0.2126,9,0.2250,1.0000,8,5,4,0,0,5,4,0.2000
4,132.0000,1,18,770.9702,-88.3752,0.4325,4,0.1000,1.0000,2,8,8,0,0,8,8,0.0000
4,132.0000,1,19,47.5031,-61.2136,0.8005,34,0.8500,0.2000,5,5,1,0,0,5,1,0.8000
4,132.0000,1,20,635.4447,-85.5964,-0.2399,3,0.0750,1.0000,8,8,8,0,0,8,8,0.0000
4,132.0000,1,21,456.8348,-83.1745,-1.7004,7,0.1750,0.5000,6,8,7,0,0,8,7,0.1250
4,132.0000,1,22,418.9995,-82.6838,0.2706,14,0.3500,0.7143,7,5,2,0,0,5,2,0.6000
4,132.0000,1,23,815.6261,-86.3509,1.9334,3,0.0750,1.0000,8,8,8,0,0,8,8,0.0000
4,132.0000,1,24,502.9432,-83.5149,-0.2374,7,0.1750,0.8571,7,7,5,0,0,7,5,0.2857
4,132.0000,1,25,751.9122,-86.7786,-0.8083,3,0.0750,1.0000,8,8,8,0,0,8,8,0.0000
4,132.0000,1,27,456.0906,-81.3005,-0.2231,5,0.1250,0.7143,7,6,4,0,0,6,4,0.3333
4,132.0000,1,31,505.4767,-85.9739,-1.0263,7,0.1750,1.0000,8,8,8,0,0,8,8,0.0000
4,132.0000,1,32,789.1114,-85.7315,-0.7278,4,0.1000,1.0000,4,6,6,0,0,6,6,0.0000
4,132.0000,1,33,547.1412,-84.0124,-1.3163,8,0.2000,1.0000,8,6,3,0,0,6,3,0.5000
4,132.0000,1,34,736.1971,-86.3840,0.7000,6,0.1500,1.0000,8,4,4,0,0,4,4,0.0000
4,132.0000,1,36,167.8186,-71.9827,-0.5627,36,0.9000,0.0000,4,4,0,0,0,4,0,1.0000
4,132.0000,1,37,318.3067,-78.7359,-0.0346,17,0.4250,0.6667,6,8,7,0,0,8,7,0.1250
4,132.0000,1,38,443.9583,-82.7920,0.3727,10,0.2500,1.0000,8,8,7,0,0,8,7,0.1250
4,132.0000,1,40,614.5263,-86.8450,-0.1477,5,0.1250,0.8571,7,8,7,0,0,8,7,0.1250
4,132.0000,1,41,875.5501,-88.5623,-0.7439,4,0.1000,1.0000,6,6,6,0,0,6,6,0.0000
4,132.0000,1,43,757.5077,-86.8044,-0.2075,6,0.1500,1.0000,4,8,6,0,0,8,6,0.2500
4,132.0000,1,45,505.2483,-84.7875,0.6351,7,0.1750,0.8571,7,7,5,0,0,7,5,0.2857
4,132.0000,1,47,570.7787,-84.6669,0.0677,8,0.2000,1.0000,6,10,9,0,0,10,9,0.1000
4,132.0000,2,11,311.0842,-78.9625,1.0429,26,0.6341,0.4000,5,7,4,0,0,7,4,0.4286
4,132.0000,2,17,218.6891,-77.3621,0.3951,25,0.6098,0.5000,4,6,3,0,0,6,3,0.5000
4,132.0000,2,30,804.5182,-87.9256,-0.7966,3,0.0732,0.8000,5,7,6,0,0,7,6,0.1429
4,132.0000,2,35,591.0014,-85.1990,1.2502,5,0.1220,0.0000,2,7,6,0,0,7,6,0.1429
4,132.0000,2,39,343.8228,-79.0569,-0.8287,21,0.5122,0.5714,7,7,5,0,0,7,5,0.2857
4,132.0000,2,44,642.7955,-85.1054,0.9769,3,0.0732,1.0000,8,7,6,0,0,7,6,0.1429
4,132.0000,2,46,302.1464,-78.7193,0.5169,18,0.4390,0.8571,7,5,2,0,0,5,2,0.6000
4,132.0000,3,0,858.0609,-87.2741,0.0988,10,0.2500,0.8000,5,6,6,0,0,6,6,0.0000
4,132.0000,3,1,477.7049,-82.5673,-0.8110,12,0.3000,0.9000,10,8,7,0,0,8,7,0.1250
4,132.0000,3,5,791.0667,-86.1844,0.0366,11,0.2750,0.7143,7,8,7,0,0,8,7,0.1250
4,132.0000,3,6,321.8711,-79.6925,-0.3327,22,0.5500,0.7143,7,6,4,0,0,6,4,0.3333
4,132.0000,3,7,651.6115,-84.7969,-0.3591,14,0.3500,1.0000,6,8,8,0,0,8,8,0.0000
4,132.0000,3,8,614.1967,-86.5459,0.4436,8,0.2000,0.8571,7,6,4,0,0,6,4,0.3333
4,132.0000,3,10,697.9062,-86.0276,-0.1301,14,0.3500,1.0000,8,8,8,0,0,8,8,0.0000
4,132.0000,3,12,611.9820,-85.0192,-0.6381,14,0.3500,1.0000,8,8,8,0,0,8,8,0.0000
4,132.0000,3,13,620.6130,-84.8882,0.1849,8,0.2000,0.8750,8,8,8,0,0,8,8,0.0000
4,132.0000,3,14,570.0687,-84.0538,0.8158,9,0.2250,0.8333,6,8,8,0,0,8,8,0.0000
4,132.0000,3,15,988.4194,-88.4889,0.7257,3,0.0750,1.0000,4,6,6,0,0,6,6,0.0000
4,132.0000,3,16,851.4000,-87.1631,-0.1186,7,0.1750,0.8750,8,7,6,0,0,7,6,0.1429
4,132.0000,3,19,483.9811,-84.4797,0.2717,13,0.3250,0.7500,8,7,5,0,0,7,5,0.2857
4,132.0000,3,20,611.6608,-85.0853,1.7539,8,0.2000,1.0000,8,8,8,0,0,8,8,0.0000
4,132.0000,3,21,623.4730,-85.5642,0.3064,7,0.1750,1.0000,8,8,8,0,0,8,8,0.0000
4,132.0000,3,22,545.0974,-85.0135,1.0643,13,0.3250,0.8750,8,7,6,0,0,7,6,0.1429
4,132.0000,3,23,402.9711,-82.8546,0.2825,17,0.4250,0.5714,7,8,7,0,0,8,7,0.1250
4,132.0000,3,24,759.5833,-86.2419,-0.3896,8,0.2000,0.8333,6,7,6,0,0,7,6,0.1429
4,132.0000,3,25,500.3311,-84.9066,0.2800,9,0.2250,1.0000,8,8,8,0,0,8,8,0.0000
4,132.0000,3,26,1034.2330,-88.4307,0.7415,7,0.1750,1.0000,6,2,2,0,0,2,2,0.0000
4,132.0000,3,27,156.9014,-75.7323,1.0724,30,0.7500,0.7500,8,4,0,0,0,4,0,1.0000
4,132.0000,3,29,1016.4534,-86.8993,0.2498,5,0.1250,1.0000,6,6,6,0,0,6,6,0.0000
4,132.0000,3,31,294.2688,-79.6273,0.6961,26,0.6500,0.8571,7,7,5,0,0,7,5,0.2857
4,132.0000,3,33,726.7450,-86.0840,0.8021,5,0.1250,1.0000,2,7,6,0,0,7,6,0.1429
4,132.0000,3,34,479.6611,-82.9378,-0.4573,18,0.4500,0.7143,7,5,4,0,0,5,4,0.2000
4,132.0000,3,36,588.9045,-83.7657,-0.8205,16,0.4000,1.0000,8,10,9,0,0,10,9,0.1000
4,132.0000,3,37,208.1786,-76.4943,0.7296,29,0.7250,0.7143,7,4,0,0,0,4,0,1.0000
4,132.0000,3,38,197.0942,-75.4691,0.2614,29,0.7250,0.0000,4,6,3,0,0,6,3,0.5000
4,132.0000,3,40,411.0687,-84.1122,0.7777,14,0.3500,0.8571,7,8,6,0,0,8,6,0.2500
4,132.0000,3,41,473.4236,-82.5452,-0.7034,22,0.5500,0.7143,7,6,3,0,0,6,3,0.5000
4,132.0000,3,42,723.0504,-86.3365,0.8046,6,0.1500,1.0000,8,4,4,0,0,4,4,0.0000
4,132.0000,3,43,927.2289,-87.1458,-0.0489,4,0.1000,,0,6,6,0,0,6,6,0.0000
4,132.0000,3,45,473.1066,-83.7199,1.2535,10,0.2500,0.9333,15,8,7,0,0,8,7,0.1250
4,132.0000,3,47,464.9848,-82.5607,0.0324,22,0.5500,0.8571,7,8,6,0,0,8,6,0.2500
4,132.0000,4,2,640.8138,-85.6750,-0.0534,9,0.2250,0.7500,4,6,6,0,0,6,6,0.0000
4,132.0000,4,9,171.3631,-70.2747,-1.2918,34,0.8500,0.0000,4,5,1,0,0,5,1,0.8000
4,132.0000,4,11,642.0347,-84.7005,-0.3575,8,0.2000,1.0000,8,8,7,0,0,8,7,0.1250
4,132.0000,4,14,741.2860,-86.2169,1.2953,4,0.1000,1.0000,8,8,7,0,0,8,7,0.1250
4,132.0000,4,15,446.9836,-82.9256,-0.2351,10,0.2500,0.7143,7,7,6,0,0,7,6,0.1429
4,132.0000,4,17,519.7089,-82.9240,-0.5206,9,0.2250,1.0000,8,8,6,0,0,8,6,0.2500
4,132.0000,4,18,475.3684,-82.5720,-0.0130,7,0.1750,1.0000,8,8,8,0,0,8,8,0.0000
4,132.0000,4,20,516.3486,-82.6695,-0.0823,5,0.1250,0.6667,6,8,8,0,0,8,8,0.0000
4,132.0000,4,24,587.0748,-83.6079,0.2939,5,0.1250,1.0000,8,7,6,0,0,7,6,0.1429
4,132.0000,4,28,365.0027,-80.9393,0.2576,16,0.4000,0.4000,5,7,4,0,0,7,4,0.4286
4,132.0000,4,30,496.1924,-83.7752,-0.6798,22,0.5500,1.0000,8,8,8,0,0,8,8,0.0000
4,132.0000,4,32,395.9174,-80.8620,0.1745,21,0.5250,0.8571,7,8,7,0,0,8,7,0.1250
4,132.0000,4,33,487.7605,-81.7735,-0.0014,8,0.2000,1.0000,8,8,8,0,0,8,8,0.0000
4,132.0000,4,35,657.9096,-84.7329,-0.2517,12,0.3000,1.0000,8,7,5,0,0,7,5,0.2857
4,132.0000,4,39,770.0086,-86.1608,0.7776,4,0.1000,1.0000,8,7,5,0,0,7,5,0.2857
4,132.0000,4,42,661.7239,-86.3185,1.2103,4,0.1000,0.8571,7,8,8,0,0,8,8,0.0000
4,132.0000,4,44,296.3318,-80.4169,0.5663,23,0.5750,0.3333,6,5,1,0,0,5,1,0.8000
4,132.0000,4,45,659.3335,-83.3827,2.0547,4,0.1000,0.8571,7,8,8,0,0,8,8,0.0000
4,132.0000,4,46,636.2218,-86.3749,0.7128,5,0.1250,1.0000,8,6,3,0,0,6,3,0.5000
4,132.0000,5,0,369.7513,-81.4623,-0.1319,28,0.7000,0.5000,4,8,8,0,0,8,8,0.0000
4,132.0000,5,1,614.4328,-85.6462,0.7432,6,0.1500,1.0000,8,8,8,0,0,8,8,0.0000
4,132.0000,5,3,791.0667,-86.5783,-1.7681,6,0.1500,1.0000,8,8,8,0,0,8,8,0.0000
4,132.0000,5,6,767.1418,-86.3649,-0.1107,4,0.1000,0.7778,9,8,8,0,0,8,8,0.0000
4,132.0000,5,7,328.9968,-77.9625,-0.7768,27,0.6750,0.4000,5,7,5,0,0,7,5,0.2857
4,132.0000,5,10,337.8667,-81.5206,0.8056,21,0.5250,1.0000,8,7,5,0,0,7,5,0.2857
4,132.0000,5,12,571.9895,-85.0728,-0.5918,11,0.2750,0.8571,7,8,6,0,0,8,6,0.2500
4,132.0000,5,16,73.1281,-71.1456,2.9588,34,0.8500,0.2000,5,4,0,0,0,4,0,1.0000
4,132.0000,5,19,661.5258,-85.1725,-2.1624,7,0.1750,0.8750,8,8,8,0,0,8,8,0.0000
4,132.0000,5,22,494.6513,-82.2173,0.1387,15,0.3750,0.8750,8,8,7,0,0,8,7,0.1250
4,132.0000,5,26,770.9265,-87.8385,-0.1497,8,0.2000,0.8750,8,6,6,0,0,6,6,0.0000
4,132.0000,5,27,870.3804,-87.6902,-0.5229,4,0.1000,1.0000,8,8,7,0,0,8,7,0.1250
4,132.0000,5,29,769.2350,-86.8484,-0.0485,12,0.3000,1.0000,6,8,8,0,0,8,8,0.0000
4,132.0000,5,34,628.3673,-85.0809,-0.5519,7,0.1750,0.8571,7,7,6,0,0,7,6,0.1429
4,132.0000,5,36,481.3643,-83.0742,-0.9669,15,0.3750,0.5000,6,6,3,0,0,6,3,0.5000
4,132.0000,5,37,657.5441,-84.5617,-1.5829,9,0.2250,1.0000,6,8,8,0,0,8,8,0.0000
4,132.0000,5,38,613.7383,-84.6652,-0.9797,9,0.2250,1.0000,8,8,8,0,0,8,8,0.0000
4,132.0000,5,41,874.5112,-87.5103,-0.1642,6,0.1500,0.8571,7,6,6,0,0,6,6,0.0000
4,132.0000,5,43,260.5096,-79.7759,1.5191,31,0.7750,0.2000,5,6,4,0,0,6,4,0.3333
4,132.0000,5,47,422.1884,-83.3553,-0.3208,15,0.3750,1.0000,8,7,5,0,0,7,5,0.2857
4,132.0000,6,0,956.3353,-87.7209,0.7669,8,0.2000,1.0000,6,4,4,0,0,4,4,0.0000
4,132.0000,6,1,283.1623,-78.0940,0.2924,28,0.7000,0.4000,5,6,3,0,0,6,3,0.5000
4,132.0000,6,3,321.8711,-78.7489,0.1131,23,0.5750,0.3333,6,8,8,0,0,8,8,0.0000
4,132.0000,6,5,767.1418,-85.0080,0.3066,12,0.3000,0.8571,7,8,8,0,0,8,8,0.0000
4,132.0000,6,7,509.0454,-82.2712,-0.3266,21,0.5250,0.8750,8,8,8,0,0,8,8,0.0000
4,132.0000,6,10,781.3845,-87.3522,0.6508,11,0.2750,1.0000,6,3,2,0,0,3,2,0.3333
4,132.0000,6,12,794.2493,-85.3042,0.6305,7,0.1750,1.0000,8,6,6,0,0,6,6,0.0000
4,132.0000,6,13,630.8225,-87.4822,1.7525,3,0.0750,1.0000,8,8,8,0,0,8,8,0.0000
4,132.0000,6,14,475.6687,-83.8842,0.1586,5,0.1250,1.0000,8,9,8,0,0,9,8,0.1111
4,132.0000,6,16,831.8130,-86.7328,0.0266,8,0.2000,1.0000,8,6,5,0,0,6,5,0.1667
4,132.0000,6,19,271.5524,-78.3947,-0.1549,28,0.7000,0.2000,5,6,3,0,0,6,3,0.5000
4,132.0000,6,20,532.8251,-83.1269,-0.5667,7,0.1750,0.8571,7,8,8,0,0,8,8,0.0000
4,132.0000,6,21,552.6718,-85.7750,0.1767,5,0.1250,1.0000,8,8,7,0,0,8,7,0.1250
4,132.0000,6,22,596.9317,-84.9760,-0.8439,9,0.2250,1.0000,8,8,8,0,0,8,8,0.0000
4,132.0000,6,23,715.4162,-84.5989,0.4808,5,0.1250,1.0000,8,3,1,0,0,3,1,0.6667
4,132.0000,6,24,535.4793,-83.3797,0.4093,10,0.2500,0.8750,8,7,6,0,0,7,6,0.1429
4,132.0000,6,25,526.2570,-84.9962,1.3515,5,0.1250,0.8571,7,8,7,0,0,8,7,0.1250
4,132.0000,6,27,322.8852,-80.4994,0.3939,15,0.3750,0.7143,7,7,5,0,0,7,5,0.2857
4,132.0000,6,31,290.4245,-80.6631,1.8364,14,0.3500,0.8571,7,7,4,0,0,7,4,0.4286
4,132.0000,6,33,579.2914,-85.5241,0.6893,7,0.1750,0.8571,7,7,6,0,0,7,6,0.1429
4,132.0000,6,34,648.8447,-84.0065,-0.4352,11,0.2750,0.6667,6,6,6,0,0,6,6,0.0000
4,132.0000,6,36,422.3414,-77.8434,-1.2170,22,0.5500,0.7143,7,7,6,0,0,7,6,0.1429
4,132.0000,6,37,180.3587,-72.9949,-0.1760,36,0.9000,0.0000,4,4,0,0,0,4,0,1.0000
4,132.0000,6,38,349.1291,-80.9139,0.9256,23,0.5750,0.8750,8,8,8,0,0,8,8,0.0000
4,132.0000,6,40,485.0723,-86.2190,1.1875,5,0.1250,0.4000,5,8,7,0,0,8,7,0.1250
4,132.0000,6,41,742.5396,-85.7723,-0.4146,6,0.1500,1.0000,6,6,5,0,0,6,5,0.1667
4,132.0000,6,42,770.6091,-87.1942,0.2151,3,0.0750,0.8750,8,8,8,0,0,8,8,0.0000
4,132.0000,6,45,460.8844,-83.0846,0.2678,5,0.1250,1.0000,8,7,6,0,0,7,6,0.1429
4,132.0000,6,47,560.7996,-84.1971,0.1967,15,0.3750,0.6667,6,8,8,0,0,8,8,0.0000
4,132.0000,7,0,652.6400,-84.6441,-0.6410,14,0.3500,0.8571,7,7,6,0,0,7,6,0.1429
4,132.0000,7,1,341.6355,-81.3523,0.2685,10,0.2500,0.5000,6,6,3,0,0,6,3,0.5000
4,132.0000,7,5,328.9968,-77.6288,-1.2435,28,0.7000,0.3333,6,7,6,0,0,7,6,0.1429
4,132.0000,7,6,509.0454,-83.6619,-0.3761,7,0.1750,1.0000,8,8,7,0,0,8,7,0.1250
4,132.0000,7,10,531.2773,-84.7687,-0.2738,13,0.3250,0.8750,8,8,8,0,0,8,8,0.0000
4,132.0000,7,12,705.8391,-85.0016,0.5115,8,0.2000,1.0000,8,5,4,0,0,5,4,0.2000
4,132.0000,7,16,384.4109,-80.9952,-0.0325,25,0.6250,0.6667,6,7,5,0,0,7,5,0.2857
4,132.0000,7,19,383.3868,-82.7475,0.4979,9,0.2250,0.8571,7,7,6,0,0,7,6,0.1429
4,132.0000,7,22,472.0843,-81.5766,0.3797,16,0.4000,0.8571,7,8,7,0,0,8,7,0.1250
4,132.0000,7,26,997.5962,-87.6464,-0.0634,3,0.0750,0.8000,5,2,2,0,0,2,2,0.0000
4,132.0000,7,29,971.5234,-86.7007,0.3540,4,0.1000,1.0000,8,8,8,0,0,8,8,0.0000
4,132.0000,7,34,663.7663,-86.1605,-1.1855,6,0.1500,1.0000,8,7,6,0,0,7,6,0.1429
4,132.0000,7,36,210.4886,-77.6230,1.0893,29,0.7250,0.4000,5,4,0,0,0,4,0,1.0000
4,132.0000,7,37,465.0546,-81.6751,0.3667,7,0.1750,0.8571,7,7,6,0,0,7,6,0.1429
4,132.0000,7,38,510.0912,-82.8173,-0.9232,11,0.2750,0.8750,8,8,8,0,0,8,8,0.0000
4,132.0000,7,41,892.4398,-87.0000,-0.6100,4,0.1000,1.0000,8,8,8,0,0,8,8,0.0000
4,132.0000,7,43,535.6828,-83.9517,0.2048,14,0.3500,1.0000,8,8,8,0,0,8,8,0.0000
4,132.0000,7,47,456.1069,-83.0729,0.3637,15,0.3750,1.0000,8,8,6,0,0,8,6,0.2500
4,132.0000,8,2,686.3139,-85.3221,0.2242,11,0.2750,1.0000,4,6,5,0,0,6,5,0.1667
4,132.0000,8,3,614.1967,-84.9711,1.8623,7,0.1750,0.6667,6,6,3,0,0,6,3,0.5000
4,132.0000,8,4,811.5210,-85.6163,0.6529,4,0.1000,0.6667,3,4,4,0,0,4,4,0.0000
4,132.0000,8,9,814.1618,-88.0512,-0.5736,4,0.1000,1.0000,8,8,8,0,0,8,8,0.0000
4,132.0000,8,11,676.1496,-86.0390,-0.2180,5,0.1250,0.8571,7,5,2,0,0,5,2,0.6000
4,132.0000,8,13,319.6574,-80.2827,-0.4683,23,0.5750,0.6667,6,7,5,32,19,39,24,0.3846
4,132.0000,8,14,451.8989,-82.4906,-0.0698,12,0.3000,1.0000,8,7,6,0,0,7,6,0.1429
4,132.0000,8,15,649.1315,-85.5633,0.4434,4,0.1000,1.0000,8,8,8,0,0,8,8,0.0000
4,132.0000,8,17,502.9699,-82.9590,-0.1021,15,0.3750,0.7143,7,7,6,0,0,7,6,0.1429
4,132.0000,8,18,671.3212,-85.4529,-0.2685,4,0.1000,0.8571,7,7,6,0,0,7,6,0.1429
4,132.0000,8,19,890.0644,-88.3532,-0.2516,3,0.0750,1.0000,6,8,8,0,0,8,8,0.0000
4,132.0000,8,20,451.9833,-84.3828,0.8431,8,0.2000,0.8750,8,8,8,0,0,8,8,0.0000
4,132.0000,8,21,727.2808,-86.9745,-0.8176,3,0.0750,1.0000,6,8,8,0,0,8,8,0.0000
4,132.0000,8,23,786.3549,-88.7458,0.5088,3,0.0750,1.0000,6,6,6,0,0,6,6,0.0000
4,132.0000,8,25,289.1068,-79.2049,0.0467,19,0.4750,0.8750,8,5,2,0,0,5,2,0.6000
4,132.0000,8,27,513.3294,-83.0369,-0.7916,7,0.1750,1.0000,8,8,7,0,0,8,7,0.1250
4,132.0000,8,31,448.7949,-82.8523,0.2507,11,0.2750,0.5000,6,7,6,0,0,7,6,0.1429
4,132.0000,8,39,532.0782,-85.0583,0.0805,14,0.3500,1.0000,8,7,6,0,0,7,6,0.1429
4,132.0000,8,40,309.2756,-78.8395,0.5975,17,0.4250,0.8571,7,8,8,0,0,8,8,0.0000
4,132.0000,8,41,908.9073,-88.2485,-0.4219,4,0.1000,1.0000,2,4,4,0,0,4,4,0.0000
4,132.0000,8,42,189.6683,-74.8566,0.4907,29,0.7250,0.0000,4,4,0,0,0,4,0,1.0000
4,132.0000,8,45,484.5943,-83.8312,-0.4717,6,0.1500,0.7500,8,8,8,0,0,8,8,0.0000
4,132.0000,8,46,612.2149,-83.4853,-0.9218,11,0.2750,1.0000,6,7,6,0,0,7,6,0.1429
4,132.0000,9,2,760.6222,-86.1282,0.5209,10,0.2500,1.0000,4,6,6,0,0,6,6,0.0000
4,132.0000,9,4,171.3631,-70.8921,-1.4978,35,0.8750,0.0000,4,4,0,0,0,4,0,1.0000
4,132.0000,9,8,814.1618,-86.4725,0.2851,5,0.1250,0.8571,7,8,8,0,0,8,8,0.0000
4,132.0000,9,11,704.9304,-86.1325,-0.5528,7,0.1750,0.8571,7,4,3,0,0,4,3,0.2500
4,132.0000,9,13,802.6422,-86.7554,0.1707,3,0.0750,1.0000,8,8,8,0,0,8,8,0.0000
4,132.0000,9,14,672.2720,-87.5216,3.4067,3,0.0750,1.0000,6,8,8,0,0,8,8,0.0000
4,132.0000,9,15,454.4937,-82.0420,-0.1515,19,0.4750,0.7500,8,7,5,0,0,7,5,0.2857
4,132.0000,9,17,614.1218,-83.9169,-0.7257,11,0.2750,0.5000,6,8,8,0,0,8,8,0.0000
4,132.0000,9,18,386.7616,-81.2356,0.1021,17,0.4250,0.8571,7,7,5,0,0,7,5,0.2857
4,132.0000,9,19,841.0775,-87.0935,0.9014,4,0.1000,1.0000,8,2,2,0,0,2,2,0.0000
4,132.0000,9,20,439.1596,-82.4045,0.4463,9,0.2250,1.0000,8,8,8,0,0,8,8,0.0000
4,132.0000,9,21,548.1434,-85.1485,0.8966,6,0.1500,1.0000,8,8,8,0,0,8,8,0.0000
4,132.0000,9,24,423.2871,-82.1810,0.0597,11,0.2750,1.0000,8,8,7,0,0,8,7,0.1250
4,132.0000,9,25,777.5425,-86.0972,0.2355,4,0.1000,0.8750,8,6,6,0,0,6,6,0.0000
4,132.0000,9,28,424.4764,-82.4784,0.3748,23,0.5750,0.2000,5,8,7,0,0,8,7,0.1250
4,132.0000,9,30,587.5352,-84.2033,-0.5827,20,0.5000,1.0000,8,8,8,0,0,8,8,0.0000
4,132.0000,9,31,780.9186,-85.7977,0.4265,4,0.1000,1.0000,8,10,10,0,0,10,10,0.0000
4,132.0000,9,32,233.6064,-78.4053,0.7622,30,0.7500,0.5000,6,5,2,0,0,5,2,0.6000
4,132.0000,9,33,343.3211,-81.4934,1.0750,13,0.3250,0.8571,7,6,4,0,0,6,4,0.3333
4,132.0000,9,35,740.9505,-85.4597,0.2725,13,0.3250,1.0000,8,3,2,0,0,3,2,0.3333
4,132.0000,9,39,825.3237,-87.7772,0.8174,5,0.1250,1.0000,8,4,4,0,0,4,4,0.0000
4,132.0000,9,40,684.5851,-84.7286,5.1246,4,0.1000,0.8571,7,8,8,0,0,8,8,0.0000
4,132.0000,9,42,678.2659,-86.3554,-0.4104,7,0.1750,0.8750,8,8,8,0,0,8,8,0.0000
4,132.0000,9,44,364.5455,-81.5992,-0.4516,27,0.6750,0.8571,7,7,4,0,0,7,4,0.4286
4,132.0000,9,45,571.4518,-82.4198,0.1719,5,0.1250,0.8750,8,7,6,0,0,7,6,0.1429
4,132.0000,9,46,695.4736,-85.9342,0.6804,4,0.1000,1.0000,8,5,4,0,0,5,4,0.2000
4,132.0000,10,0,206.2424,-77.1993,0.4623,35,0.8750,0.4000,5,6,2,0,0,6,2,0.6667
4,132.0000,10,3,697.9062,-84.8331,-2.3315,3,0.0750,1.0000,8,8,8,0,0,8,8,0.0000
4,132.0000,10,5,337.8667,-82.0441,0.9008,15,0.3750,0.7143,7,5,1,0,0,5,1,0.8000
4,132.0000,10,7,531.2773,-84.2005,-0.1879,10,0.2500,0.8571,7,7,5,0,0,7,5,0.2857
4,132.0000,10,12,259.8691,-78.9819,0.9903,26,0.6500,0.5000,4,5,2,0,0,5,2,0.6000
4,132.0000,10,16,377.9688,-81.0001,-0.6123,26,0.6500,0.0000,4,4,1,0,0,4,1,0.7500
4,132.0000,10,22,598.9020,-85.2158,-0.7066,6,0.1500,0.8333,6,8,8,0,0,8,8,0.0000
4,132.0000,10,23,670.2060,-84.8816,-1.6943,6,0.1500,0.7143,7,8,8,0,0,8,8,0.0000
4,132.0000,10,26,472.7663,-83.0477,-0.5945,28,0.7000,0.2000,5,5,4,0,0,5,4,0.2000
4,132.0000,10,29,466.5409,-82.1465,-0.3995,31,0.7750,0.5000,6,7,6,0,0,7,6,0.1429
4,132.0000,10,34,354.5468,-80.5457,1.1171,15,0.3750,0.8750,8,7,5,0,0,7,5,0.2857
4,132.0000,10,36,670.8748,-87.4960,-0.6967,3,0.0750,1.0000,8,8,7,0,0,8,7,0.1250
4,132.0000,10,37,624.7540,-85.5632,0.0563,4,0.1000,1.0000,8,8,8,0,0,8,8,0.0000
4,132.0000,10,38,507.5884,-84.1987,-0.0973,5,0.1250,0.8750,8,7,6,0,0,7,6,0.1429
4,132.0000,10,41,604.5942,-83.9041,-0.0518,7,0.1750,0.6667,6,10,10,0,0,10,10,0.0000
4,132.0000,10,43,478.5382,-84.4448,1.2200,14,0.3500,1.0000,10,7,5,0,0,7,5,0.2857
4,132.0000,10,47,238.3911,-76.3474,-0.2019,25,0.6250,0.3333,6,5,1,0,0,5,1,0.8000
4,132.0000,11,2,311.0842,-78.8524,-0.1939,32,0.8000,0.6667,6,6,3,0,0,6,3,0.5000
4,132.0000,11,4,642.0347,-86.4112,-0.2170,8,0.2000,1.0000,8,7,6,0,0,7,6,0.1429
4,132.0000,11,8,676.1496,-85.7857,-0.2086,7,0.1750,1.0000,8,8,8,0,0,8,8,0.0000
4,132.0000,11,9,704.9304,-86.7804,-1.5419,4,0.1000,0.8750,8,8,7,0,0,8,7,0.1250
4,132.0000,11,13,558.7441,-84.1889,0.2918,8,0.2000,0.6667,6,8,8,0,0,8,8,0.0000
4,132.0000,11,14,607.5386,-85.7635,-0.2040,6,0.1500,1.0000,8,7,6,0,0,7,6,0.1429
4,132.0000,11,15,290.6208,-80.2299,-0.6093,24,0.6000,0.7143,7,7,5,0,0,7,5,0.2857
4,132.0000,11,17,327.4187,-80.7312,0.5588,21,0.5250,0.7143,7,6,3,0,0,6,3,0.5000
4,132.0000,11,18,537.4271,-84.4664,0.4324,9,0.2250,0.8571,7,8,8,0,0,8,8,0.0000
4,132.0000,11,20,647.8657,-87.2854,2.1237,3,0.0750,0.7500,8,7,6,0,0,7,6,0.1429
4,132.0000,11,21,1034.5959,-89.0241,-0.2227,3,0.0750,1.0000,8,8,8,0,0,8,8,0.0000
4,132.0000,11,25,652.0811,-85.5873,-0.0882,7,0.1750,0.8000,5,10,10,0,0,10,10,0.0000
4,132.0000,11,28,600.4978,-84.9251,1.1673,15,0.3750,0.8571,7,7,5,0,0,7,5,0.2857
4,132.0000,11,31,857.3635,-88.4277,-1.2428,3,0.0750,0.8571,7,8,8,0,0,8,8,0.0000
4,132.0000,11,32,863.2931,-87.2018,0.2822,3,0.0750,1.0000,6,5,4,0,0,5,4,0.2000
4,132.0000,11,35,487.6183,-83.6802,0.3167,16,0.4000,0.8571,7,4,0,0,0,4,0,1.0000
4,132.0000,11,39,226.1330,-74.9901,-0.4950,31,0.7750,0.0667,15,5,1,0,0,5,1,0.8000
4,132.0000,11,42,497.3786,-82.8634,-0.4928,10,0.2500,0.7143,7,7,5,0,0,7,5,0.2857
4,132.0000,11,44,575.6139,-85.3485,-0.1351,11,0.2750,1.0000,8,5,2,0,0,5,2,0.6000
4,132.0000,11,46,64.4915,-69.7010,2.5698,35,0.8750,0.3333,6,4,0,0,0,4,0,1.0000
4,132.0000,12,0,365.0010,-82.4701,0.9423,22,0.5500,1.0000,8,5,1,0,0,5,1,0.8000
4,132.0000,12,1,819.9910,-87.2748,0.3910,3,0.0750,1.0000,8,8,8,0,0,8,8,0.0000
4,132.0000,12,3,611.9820,-85.3897,-0.4921,7,0.1750,1.0000,8,8,8,0,0,8,8,0.0000
4,132.0000,12,5,571.9895,-84.8036,1.4736,10,0.2500,0.8750,8,8,7,0,0,8,7,0.1250
4,132.0000,12,6,794.2493,-85.6763,-0.1263,3,0.0750,0.9231,13,8,8,0,0,8,8,0.0000
4,132.0000,12,7,705.8391,-86.5670,-0.4819,5,0.1250,1.0000,8,8,8,0,0,8,8,0.0000
4,132.0000,12,10,259.8691,-78.6490,1.0329,28,0.7000,0.2000,5,5,1,0,0,5,1,0.8000
4,132.0000,12,16,612.4199,-85.4729,0.0714,10,0.2500,0.8750,8,8,7,0,0,8,7,0.1250
4,132.0000,12,22,654.0126,-87.0510,-0.2113,5,0.1250,0.8571,7,6,6,0,0,6,6,0.0000
4,132.0000,12,23,458.9960,-80.8347,-0.9969,19,0.4750,0.7143,7,6,4,0,0,6,4,0.3333
4,132.0000,12,26,429.8592,-81.6396,0.2023,25,0.6250,0.6667,6,5,2,0,0,5,2,0.6000
4,132.0000,12,27,749.2896,-88.2997,-1.0064,3,0.0750,1.0000,6,8,8,0,0,8,8,0.0000
4,132.0000,12,29,437.1804,-82.1905,-0.6623,31,0.7750,0.5000,6,6,4,0,0,6,4,0.3333
4,132.0000,12,31,900.5337,-86.6792,-1.2083,3,0.0750,1.0000,8,8,8,0,0,8,8,0.0000
4,132.0000,12,34,208.5385,-76.0608,0.1372,31,0.7750,0.2000,5,4,0,0,0,4,0,1.0000
4,132.0000,12,36,798.0708,-85.8659,2.3052,4,0.1000,1.0000,60,8,8,0,0,8,8,0.0000
4,132.0000,12,37,617.7694,-85.0763,1.3892,5,0.1250,1.0000,10,8,8,0,0,8,8,0.0000
4,132.0000,12,38,457.5738,-81.6752,-0.1976,13,0.3250,1.0000,8,8,7,0,0,8,7,0.1250
4,132.0000,12,41,374.1232,-78.7436,-0.8070,31,0.7750,0.5714,7,8,7,0,0,8,7,0.1250
4,132.0000,12,43,671.4228,-85.1195,0.5363,6,0.1500,1.0000,8,8,8,0,0,8,8,0.0000
4,132.0000,12,47,267.3141,-76.3656,-0.5319,32,0.8000,0.2500,4,6,3,0,0,6,3,0.5000
4,132.0000,13,2,711.5443,-86.7967,-0.3451,11,0.2750,,0,6,6,0,0,6,6,0.0000
4,132.0000,13,3,620.6130,-84.9976,-0.6246,5,0.1250,1.0000,8,7,6,0,0,7,6,0.1429
4,132.0000,13,4,830.4813,-88.5598,0.3034,5,0.1250,1.0000,2,4,4,0,0,4,4,0.0000
4,132.0000,13,6,630.8225,-86.7219,-1.4186,6,0.1500,1.0000,6,8,7,0,0,8,7,0.1250
4,132.0000,13,8,319.6574,-79.9291,-0.2818,26,0.6500,0.5000,6,7,5,0,0,7,5,0.2857
4,132.0000,13,9,802.6422,-86.1490,1.2640,4,0.1000,1.0000,8,6,6,0,0,6,6,0.0000
4,132.0000,13,11,558.7441,-84.2784,0.4049,13,0.3250,0.6667,6,7,5,0,0,7,5,0.2857
4,132.0000,13,14,224.1884,-77.1665,0.2675,32,0.8000,0.5714,7,5,1,0,0,5,1,0.8000
4,132.0000,13,15,515.5848,-83.3381,-0.9510,13,0.3250,1.0000,8,8,8,0,0,8,8,0.0000
4,132.0000,13,17,556.1533,-83.9982,-0.1399,15,0.3750,1.0000,8,8,8,0,0,8,8,0.0000
4,132.0000,13,18,518.6299,-84.0852,-0.1854,11,0.2750,0.6667,6,7,6,0,0,7,6,0.1429
4,132.0000,13,20,425.0807,-82.4091,-0.1278,15,0.3750,0.8571,7,7,6,0,0,7,6,0.1429
4,132.0000,13,21,788.0047,-87.6613,0.4928,5,0.1250,0.8571,7,8,7,0,0,8,7,0.1250
4,132.0000,13,24,745.4198,-87.1843,0.7753,7,0.1750,0.8750,8,8,8,0,0,8,8,0.0000
4,132.0000,13,25,128.1820,-72.4333,0.7559,38,0.9500,0.2000,5,5,1,0,0,5,1,0.8000
4,132.0000,13,27,549.1128,-84.3061,-1.5213,8,0.2000,0.6667,6,7,5,0,0,7,5,0.2857
4,132.0000,13,31,376.6412,-81.0188,-0.3134,11,0.2750,0.8571,7,7,5,0,0,7,5,0.2857
4,132.0000,13,33,708.2200,-85.4922,1.0068,8,0.2000,1.0000,8,8,7,0,0,8,7,0.1250
4,132.0000,13,37,710.3832,-86.8350,0.7111,7,0.1750,0.8333,6,8,8,0,0,8,8,0.0000
4,132.0000,13,39,440.3337,-82.9118,-0.3083,22,0.5500,0.8571,7,7,6,37,32,44,38,0.1364
4,132.0000,13,40,404.8925,-81.3470,-1.0855,11,0.2750,0.4000,5,7,6,0,0,7,6,0.1429
4,132.0000,13,42,285.0651,-79.1917,0.3006,23,0.5750,0.5714,7,5,2,0,0,5,2,0.6000
4,132.0000,13,44,916.6629,-87.4516,-2.1619,4,0.1000,1.0000,6,4,4,0,0,4,4,0.0000
4,132.0000,13,45,548.4718,-84.4234,0.4189,6,0.1500,0.8571,7,8,8,0,0,8,8,0.0000
4,132.0000,13,46,504.0800,-82.1208,-1.3956,23,0.5750,0.7143,7,7,6,0,0,7,6,0.1429
4,132.0000,14,1,691.1467,-86.8874,-0.8108,7,0.1750,1.0000,8,8,8,0,0,8,8,0.0000
4,132.0000,14,2,795.8434,-88.1248,0.3963,8,0.2000,,0,6,6,0,0,6,6,0.0000
4,132.0000,14,3,570.0687,-84.5454,-0.5412,9,0.2250,0.8750,8,8,7,0,0,8,7,0.1250
4,132.0000,14,4,741.2860,-86.6266,1.1514,8,0.2000,1.0000,8,7,6,0,0,7,6,0.1429
4,132.0000,14,6,475.6687,-83.1117,0.7100,13,0.3250,0.8571,7,7,5,0,0,7,5,0.2857
4,132.0000,14,7,977.9925,-88.7276,1.0967,4,0.1000,1.0000,4,4,4,0,0,4,4,0.0000
4,132.0000,14,8,451.8989,-82.1327,0.0150,16,0.4000,0.8571,7,8,7,0,0,8,7,0.1250
4,132.0000,14,9,672.2720,-85.9633,0.4325,9,0.2250,1.0000,8,2,2,0,0,2,2,0.0000
4,132.0000,14,11,607.5386,-85.3588,-0.3796,13,0.3250,1.0000,8,7,6,0,0,7,6,0.1429
4,132.0000,14,13,224.1884,-77.0838,0.1179,33,0.8250,0.2000,5,4,0,0,0,4,0,1.0000
4,132.0000,14,15,454.0111,-81.9403,-0.6877,16,0.4000,1.0000,8,7,6,0,0,7,6,0.1429
4,132.0000,14,17,622.8481,-85.0237,-0.0852,12,0.3000,1.0000,8,4,4,0,0,4,4,0.0000
4,132.0000,14,18,352.6502,-82.4274,0.6618,18,0.4500,1.0000,8,6,3,0,0,6,3,0.5000
4,132.0000,14,19,656.6632,-85.3501,0.5318,6,0.1500,1.0000,8,8,7,0,0,8,7,0.1250
4,132.0000,14,20,295.1865,-80.1382,0.2859,20,0.5000,0.4000,5,7,4,0,0,7,4,0.4286
4,132.0000,14,21,645.5249,-86.1457,-0.4044,10,0.2500,1.0000,8,7,6,0,0,7,6,0.1429
4,132.0000,14,22,973.0011,-87.1121,-0.8201,4,0.1000,1.0000,4,2,2,0,0,2,2,0.0000
4,132.0000,14,23,917.4552,-88.2128,-0.4229,5,0.1250,1.0000,4,3,2,0,0,3,2,0.3333
4,132.0000,14,24,539.2898,-83.8778,-0.1280,15,0.3750,0.8571,7,8,8,0,0,8,8,0.0000
4,132.0000,14,25,195.5850,-73.6337,-1.0292,37,0.9250,0.2000,5,7,6,0,0,7,6,0.1429
4,132.0000,14,27,485.6663,-82.0472,-1.0872,14,0.3500,0.6667,6,8,7,0,0,8,7,0.1250
4,132.0000,14,28,871.5986,-87.8288,-0.1208,11,0.2750,,0,2,1,0,0,2,1,0.5000
4,132.0000,14,31,281.5948,-77.1516,-1.1511,26,0.6500,0.0000,3,10,8,0,0,10,8,0.2000
4,132.0000,14,32,721.7795,-87.3477,0.3724,7,0.1750,1.0000,4,6,6,0,0,6,6,0.0000
4,132.0000,14,33,537.0759,-84.8825,1.1068,11,0.2750,1.0000,8,6,4,0,0,6,4,0.3333
4,132.0000,14,34,998.1109,-88.3712,0.2034,3,0.0750,0.8000,5,4,4,0,0,4,4,0.0000
4,132.0000,14,35,968.3941,-88.8176,-0.2345,4,0.1000,1.0000,4,4,4,0,0,4,4,0.0000
4,132.0000,14,36,855.7444,-86.8052,-1.3076,5,0.1250,1.0000,8,5,4,0,0,5,4,0.2000
4,132.0000,14,37,598.7162,-87.0275,0.8594,5,0.1250,1.0000,8,7,5,0,0,7,5,0.2857
4,132.0000,14,38,722.3634,-86.8574,0.0576,5,0.1250,1.0000,8,8,7,0,0,8,7,0.1250
4,132.0000,14,39,569.2936,-85.5902,0.2406,16,0.4000,0.8571,7,8,8,0,0,8,8,0.0000
4,132.0000,14,40,369.8434,-79.3312,-0.2942,20,0.5000,0.8571,7,7,5,0,0,7,5,0.2857
4,132.0000,14,42,390.6353,-80.3383,-0.3122,21,0.5250,0.6667,6,7,5,0,0,7,5,0.2857
4,132.0000,14,44,826.4788,-88.5235,0.0743,4,0.1000,1.0000,2,2,2,0,0,2,2,0.0000
4,132.0000,14,45,440.2396,-81.4894,-0.1844,15,0.3750,0.8571,7,8,7,0,0,8,7,0.1250
4,132.0000,14,46,564.6320,-84.0828,0.7516,10,0.2500,0.8571,7,6,4,0,0,6,4,0.3333
4,132.0000,15,2,495.9194,-83.7784,0.4289,21,0.5250,0.8000,5,6,6,0,0,6,6,0.0000
4,132.0000,15,4,446.9836,-83.4074,-0.1647,15,0.3750,0.4000,5,8,6,0,0,8,6,0.2500
4,132.0000,15,8,649.1315,-86.3714,0.6833,5,0.1250,1.0000,8,8,8,0,0,8,8,0.0000
4,132.0000,15,9,454.4937,-81.8165,-0.5557,14,0.3500,0.8571,7,8,7,0,0,8,7,0.1250
4,132.0000,15,11,290.6208,-79.5558,0.7078,30,0.7500,0.3333,6,5,1,0,0,5,1,0.8000
4,132.0000,15,13,515.5848,-82.4406,-1.6195,12,0.3000,0.6667,6,8,8,0,0,8,8,0.0000
4,132.0000,15,14,454.0111,-82.5981,1.4189,9,0.2250,0.8750,8,8,8,0,0,8,8,0.0000
4,132.0000,15,17,390.8020,-81.0553,-0.7069,20,0.5000,0.4000,5,6,3,0,0,6,3,0.5000
4,132.0000,15,18,257.9761,-75.2843,-1.5731,31,0.7750,0.0000,4,7,6,0,0,7,6,0.1429
4,132.0000,15,20,431.3356,-82.7528,-1.1257,11,0.2750,1.0000,8,7,6,0,0,7,6,0.1429
4,132.0000,15,21,794.8108,-87.2370,0.2872,5,0.1250,0.8750,8,8,8,0,0,8,8,0.0000
4,132.0000,15,24,613.1052,-84.6463,0.8525,8,0.2000,0.8571,7,8,8,0,0,8,8,0.0000
4,132.0000,15,25,563.2793,-85.4254,-0.9681,9,0.2250,0.7500,8,8,7,0,0,8,7,0.1250
4,132.0000,15,27,868.3326,-86.2118,0.2774,4,0.1000,1.0000,8,6,6,0,0,6,6,0.0000
4,132.0000,15,28,454.4328,-83.4111,0.4036,20,0.5000,0.8750,8,5,2,0,0,5,2,0.6000
4,132.0000,15,30,697.4265,-87.1795,-0.0027,8,0.2000,,0,7,6,0,0,7,6,0.1429
4,132.0000,15,31,696.5660,-86.6965,0.6002,5,0.1250,0.8571,7,8,8,0,0,8,8,0.0000
4,132.0000,15,32,582.7136,-84.1053,0.0070,11,0.2750,0.8571,7,8,8,0,0,8,8,0.0000
4,132.0000,15,33,590.6236,-85.3942,-0.3363,7,0.1750,1.0000,8,7,6,0,0,7,6,0.1429
4,132.0000,15,35,524.1776,-85.0988,0.6710,18,0.4500,0.7143,7,7,6,0,0,7,6,0.1429
4,132.0000,15,39,430.1718,-82.1599,-0.2770,24,0.6000,0.8571,7,8,6,37,30,45,36,0.2000
4,132.0000,15,40,655.9468,-84.1860,-0.8271,6,0.1500,1.0000,8,8,8,0,0,8,8,0.0000
4,132.0000,15,42,468.9110,-82.2868,-0.4701,17,0.4250,0.7143,7,8,8,0,0,8,8,0.0000
4,132.0000,15,44,416.4712,-83.6674,-0.2848,18,0.4500,0.7143,7,7,4,0,0,7,4,0.4286
4,132.0000,15,45,663.6996,-84.6408,-0.1490,7,0.1750,1.0000,8,8,8,0,0,8,8,0.0000
4,132.0000,15,46,285.7832,-78.2542,-0.0626,30,0.7500,0.4000,5,6,2,0,0,6,2,0.6667
4,132.0000,16,0,370.2852,-78.8359,-1.3144,28,0.7000,0.5000,8,8,8,0,0,8,8,0.0000
4,132.0000,16,1,665.5982,-86.2768,2.0318,5,0.1250,1.0000,8,8,7,0,0,8,7,0.1250
4,132.0000,16,3,851.4000,-86.9759,0.1352,3,0.0750,1.0000,8,8,8,0,0,8,8,0.0000
4,132.0000,16,5,73.1281,-71.5381,3.3249,31,0.7750,0.0000,4,4,0,0,0,4,0,1.0000
4,132.0000,16,6,831.8130,-86.6309,1.9059,3,0.0750,1.0000,8,8,8,0,0,8,8,0.0000
4,132.0000,16,7,384.4109,-80.9920,0.2432,21,0.5250,0.3333,6,7,5,0,0,7,5,0.2857
4,132.0000,16,10,377.9688,-80.4478,-0.0568,23,0.5750,0.8571,7,8,5,0,0,8,5,0.3750
4,132.0000,16,12,612.4199,-85.6795,0.7094,9,0.2250,1.0000,8,8,8,0,0,8,8,0.0000
4,132.0000,16,19,712.4774,-85.6040,-0.4019,5,0.1250,1.0000,6,8,8,0,0,8,8,0.0000
4,132.0000,16,22,516.6018,-83.5841,-0.0857,11,0.2750,0.8571,7,8,7,0,0,8,7,0.1250
4,132.0000,16,23,930.0787,-87.4971,-4.3629,3,0.0750,0.8571,7,4,4,0,0,4,4,0.0000
4,132.0000,16,26,786.2838,-85.6632,-0.1229,9,0.2250,0.8571,7,8,8,0,0,8,8,0.0000
4,132.0000,16,29,792.2653,-85.9459,-0.5745,6,0.1500,1.0000,8,8,8,0,0,8,8,0.0000
4,132.0000,16,34,685.8688,-84.9885,-1.3145,7,0.1750,0.8750,8,7,6,0,0,7,6,0.1429
4,132.0000,16,36,526.0949,-85.0352,-2.6353,9,0.2250,0.8750,8,8,8,0,0,8,8,0.0000
4,132.0000,16,37,722.8925,-86.1487,-0.5964,4,0.1000,1.0000,8,8,8,0,0,8,8,0.0000
4,132.0000,16,38,677.1060,-86.6584,0.7687,7,0.1750,1.0000,8,8,8,0,0,8,8,0.0000
4,132.0000,16,41,927.0026,-88.4777,0.0183,6,0.1500,1.0000,8,6,6,0,0,6,6,0.0000
4,132.0000,16,43,200.9976,-76.4620,0.7273,34,0.8500,0.2000,5,4,0,0,0,4,0,1.0000
4,132.0000,16,47,483.7618,-82.2749,-0.4910,13,0.3250,0.8571,7,7,6,0,0,7,6,0.1429
4,132.0000,17,2,218.6891,-77.7284,0.5498,35,0.8750,0.0000,4,5,1,0,0,5,1,0.8000
4,132.0000,17,4,519.7089,-84.6461,0.8081,11,0.2750,0.8750,8,8,7,0,0,8,7,0.1250
4,132.0000,17,8,502.9699,-82.7999,0.0842,12,0.3000,1.0000,8,8,8,0,0,8,8,0.0000
4,132.0000,17,9,614.1218,-83.7642,-0.2178,6,0.1500,1.0000,8,8,8,0,0,8,8,0.0000
4,132.0000,17,11,327.4187,-80.3044,0.4321,23,0.5750,0.8571,7,8,8,0,0,8,8,0.0000
4,132.0000,17,13,556.1533,-82.7009,0.0560,10,0.2500,1.0000,8,6,6,0,0,6,6,0.0000
4,132.0000,17,14,622.8481,-86.5613,1.9429,5,0.1250,1.0000,8,7,6,0,0,7,6,0.1429
4,132.0000,17,15,390.8020,-81.7499,-0.0710,15,0.3750,0.8750,8,7,5,0,0,7,5,0.2857
4,132.0000,17,18,580.7388,-84.3467,-1.1910,6,0.1500,0.8750,8,8,8,0,0,8,8,0.0000
4,132.0000,17,20,544.9845,-84.1405,-0.1206,6,0.1500,1.0000,8,8,7,0,0,8,7,0.1250
4,132.0000,17,25,605.8250,-85.2820,-0.0715,8,0.2000,1.0000,8,8,8,0,0,8,8,0.0000
4,132.0000,17,27,910.6340,-88.4657,-1.7878,3,0.0750,1.0000,8,2,2,0,0,2,2,0.0000
4,132.0000,17,28,654.7995,-87.2281,0.0175,4,0.1000,1.0000,8,8,8,0,0,8,8,0.0000
4,132.0000,17,30,816.3280,-87.5844,0.5694,4,0.1000,,0,8,8,0,0,8,8,0.0000
4,132.0000,17,31,789.7498,-88.4749,0.5640,4,0.1000,1.0000,8,8,8,0,0,8,8,0.0000
4,132.0000,17,32,822.2815,-86.1592,-0.3305,3,0.0750,1.0000,4,4,4,0,0,4,4,0.0000
4,132.0000,17,33,753.6334,-86.7575,1.2205,3,0.0750,1.0000,8,8,8,0,0,8,8,0.0000
4,132.0000,17,35,672.4639,-85.6339,0.5181,13,0.3250,0.8571,7,7,6,0,0,7,6,0.1429
4,132.0000,17,39,325.5982,-78.9270,-0.5092,25,0.6250,0.8571,7,6,3,1,0,7,3,0.5714
4,132.0000,17,40,649.9047,-86.3219,-1.8125,6,0.1500,1.0000,8,7,6,0,0,7,6,0.1429
4,132.0000,17,42,334.7469,-80.3183,0.6318,17,0.4250,1.0000,8,5,2,0,0,5,2,0.6000
4,132.0000,17,44,601.8821,-84.6919,1.0147,10,0.2500,0.8571,7,8,8,0,0,8,8,0.0000
4,132.0000,17,45,712.7900,-85.2636,-0.7809,6,0.1500,1.0000,8,8,8,0,0,8,8,0.0000
4,132.0000,17,46,286.6584,-78.5783,0.0905,25,0.6250,0.7500,8,5,2,0,0,5,2,0.6000
4,132.0000,18,2,732.0873,-86.3820,-0.0238,13,0.3250,,0,6,6,0,0,6,6,0.0000
4,132.0000,18,3,836.0654,-87.5230,1.2137,4,0.1000,1.0000,6,8,8,0,0,8,8,0.0000
4,132.0000,18,4,475.3684,-82.1118,-0.5781,19,0.4750,0.6667,6,7,6,0,0,7,6,0.1429
4,132.0000,18,6,661.9012,-85.2967,1.5977,3,0.0750,1.0000,4,7,6,0,0,7,6,0.1429
4,132.0000,18,8,671.3212,-85.6635,0.6305,9,0.2250,1.0000,8,8,8,0,0,8,8,0.0000
4,132.0000,18,9,386.7616,-81.0993,-0.3793,26,0.6500,0.7500,8,6,4,0,0,6,4,0.3333
4,132.0000,18,11,537.4271,-83.1537,0.3764,17,0.4250,0.6667,6,8,8,0,0,8,8,0.0000
4,132.0000,18,13,518.6299,-83.9829,-0.1032,11,0.2750,1.0000,8,7,6,0,0,7,6,0.1429
4,132.0000,18,14,352.6502,-81.5348,0.8516,10,0.2500,0.6667,6,7,5,0,0,7,5,0.2857
4,132.0000,18,15,257.9761,-74.7635,-1.1755,34,0.8500,0.2000,5,6,3,0,0,6,3,0.5000
4,132.0000,18,17,580.7388,-84.1824,-0.2523,11,0.2750,0.8333,6,8,8,0,0,8,8,0.0000
4,132.0000,18,19,725.1654,-86.8663,-0.7013,4,0.1000,1.0000,8,8,8,0,0,8,8,0.0000
4,132.0000,18,20,301.3498,-80.0284,0.1878,18,0.4500,0.0000,4,6,2,0,0,6,2,0.6667
4,132.0000,18,21,613.6151,-85.0237,-0.0217,8,0.2000,1.0000,8,8,7,0,0,8,7,0.1250
4,132.0000,18,24,370.3803,-81.5636,-0.3158,15,0.3750,0.8750,8,8,7,0,0,8,7,0.1250
4,132.0000,18,25,515.7185,-82.8302,0.1087,11,0.2750,0.7143,7,8,8,0,0,8,8,0.0000
4,132.0000,18,27,720.2098,-86.9374,-0.4213,4,0.1000,1.0000,8,6,6,0,0,6,6,0.0000
4,132.0000,18,28,550.2701,-84.1409,0.0759,16,0.4000,0.8571,7,7,5,0,0,7,5,0.2857
4,132.0000,18,30,798.0802,-87.6274,-0.3421,9,0.2250,1.0000,6,8,8,0,0,8,8,0.0000
4,132.0000,18,31,553.0493,-83.9635,0.7734,8,0.2000,1.0000,8,8,8,0,0,8,8,0.0000
4,132.0000,18,32,422.8914,-82.2944,0.6847,15,0.3750,0.8571,7,7,6,0,0,7,6,0.1429
4,132.0000,18,33,394.6872,-84.1262,1.1314,13,0.3250,1.0000,8,8,7,0,0,8,7,0.1250
4,132.0000,18,35,722.6823,-85.2520,-0.2174,14,0.3500,0.8571,7,7,6,0,0,7,6,0.1429
4,132.0000,18,36,925.6797,-89.1066,-0.0268,3,0.0750,1.0000,10,4,4,0,0,4,4,0.0000
4,132.0000,18,39,629.7628,-85.1472,-0.2471,10,0.2500,1.0000,8,8,8,0,0,8,8,0.0000
4,132.0000,18,40,559.7313,-83.8305,0.2030,10,0.2500,0.8571,7,6,6,0,0,6,6,0.0000
4,132.0000,18,42,532.5137,-83.5589,-0.7982,9,0.2250,1.0000,8,7,6,0,0,7,6,0.1429
4,132.0000,18,44,510.2371,-83.5568,0.1372,16,0.4000,0.6667,6,8,8,0,0,8,8,0.0000
4,132.0000,18,45,516.6441,-84.2252,-0.9615,10,0.2500,0.7143,7,8,8,0,0,8,8,0.0000
4,132.0000,18,46,522.1844,-83.5685,-0.6201,16,0.4000,0.8750,8,8,8,0,0,8,8,0.0000
4,132.0000,19,0,923.0283,-88.4873,-0.2720,7,0.1750,1.0000,8,6,6,0,0,6,6,0.0000
4,132.0000,19,1,47.5031,-61.4487,0.6817,34,0.8500,0.2000,5,4,0,0,0,4,0,1.0000
4,132.0000,19,3,483.9811,-83.6177,-0.3266,14,0.3500,1.0000,8,8,6,0,0,8,6,0.2500
4,132.0000,19,4,988.5576,-87.8443,-0.8228,6,0.1500,1.0000,6,4,4,0,0,4,4,0.0000
4,132.0000,19,5,661.5258,-85.4389,-0.0221,19,0.4750,0.8571,7,5,4,0,0,5,4,0.2000
4,132.0000,19,6,271.5524,-78.7745,0.8909,29,0.7250,0.4000,5,5,2,0,0,5,2,0.6000
4,132.0000,19,7,383.3868,-82.2981,-0.0763,20,0.5000,0.8571,7,8,7,0,0,8,7,0.1250
4,132.0000,19,8,890.0644,-88.7730,-0.7059,5,0.1250,1.0000,6,8,8,0,0,8,8,0.0000
4,132.0000,19,9,841.0775,-87.4683,-1.1507,5,0.1250,1.0000,6,7,6,0,0,7,6,0.1429
4,132.0000,19,10,785.6395,-87.4344,0.6345,10,0.2500,1.0000,10,4,4,0,0,4,4,0.0000
4,132.0000,19,12,858.0369,-88.2428,0.3722,5,0.1250,1.0000,4,5,4,0,0,5,4,0.2000
4,132.0000,19,13,835.0526,-86.9981,-0.6271,6,0.1500,1.0000,4,8,7,0,0,8,7,0.1250
4,132.0000,19,14,656.6632,-86.3971,0.2512,9,0.2250,1.0000,8,8,8,0,0,8,8,0.0000
4,132.0000,19,15,961.9800,-89.4868,-1.6249,3,0.0750,1.0000,2,4,4,0,0,4,4,0.0000
4,132.0000,19,16,712.4774,-86.6893,0.3817,15,0.3750,1.0000,4,8,8,0,0,8,8,0.0000
4,132.0000,19,18,725.1654,-86.5616,0.2935,6,0.1500,1.0000,6,8,8,0,0,8,8,0.0000
4,132.0000,19,20,595.9202,-85.0124,0.3450,10,0.2500,1.0000,8,8,8,0,0,8,8,0.0000
4,132.0000,19,21,428.3077,-83.1410,0.1889,17,0.4250,0.7143,7,8,8,0,0,8,8,0.0000
4,132.0000,19,22,452.5866,-84.1685,0.5196,19,0.4750,1.0000,8,8,8,0,0,8,8,0.0000
4,132.0000,19,23,834.9328,-88.6686,0.5094,6,0.1500,0.8333,6,7,5,0,0,7,5,0.2857
4,132.0000,19,24,456.1867,-82.7927,-0.5300,16,0.4000,0.5000,6,8,8,0,0,8,8,0.0000
4,132.0000,19,25,725.1784,-87.5453,1.6272,5,0.1250,0.8571,7,8,8,0,0,8,8,0.0000
4,132.0000,19,27,449.8709,-83.9011,0.3615,17,0.4250,0.8750,8,7,6,0,0,7,6,0.1429
4,132.0000,19,31,483.7587,-83.3641,0.5992,11,0.2750,0.7143,7,5,2,0,0,5,2,0.6000
4,132.0000,19,32,744.1639,-86.9085,0.8692,10,0.2500,0.8333,6,6,6,0,0,6,6,0.0000
4,132.0000,19,33,504.1898,-83.8177,0.4787,14,0.3500,1.0000,8,8,8,0,0,8,8,0.0000
4,132.0000,19,34,768.0449,-86.6479,-0.7642,4,0.1000,0.7143,7,6,6,0,0,6,6,0.0000
4,132.0000,19,36,206.8488,-74.0463,-0.3146,34,0.8500,0.0000,4,8,6,0,0,8,6,0.2500
4,132.0000,19,37,331.4432,-80.6927,0.8638,20,0.5000,0.6667,6,6,3,0,0,6,3,0.5000
4,132.0000,19,38,467.6896,-84.6426,0.9590,19,0.4750,0.7143,7,7,6,0,0,7,6,0.1429
4,132.0000,19,40,590.4920,-87.0956,1.0652,10,0.2500,1.0000,8,5,4,0,0,5,4,0.2000
4,132.0000,19,41,898.1423,-87.1075,0.8869,6,0.1500,1.0000,6,4,4,0,0,4,4,0.0000
4,132.0000,19,42,908.8040,-87.8649,1.4229,6,0.1500,1.0000,6,2,2,0,0,2,2,0.0000
4,132.0000,19,43,803.0521,-88.3608,0.0505,6,0.1500,1.0000,6,8,8,0,0,8,8,0.0000
4,132.0000,19,45,475.6611,-84.0921,-0.6247,9,0.2250,1.0000,8,8,8,0,0,8,8,0.0000
4,132.0000,19,47,609.7485,-87.0145,0.1884,12,0.3000,1.0000,4,8,8,0,0,8,8,0.0000
4,132.0000,20,1,635.4447,-84.2702,-0.2282,5,0.1282,0.8571,7,6,4,0,0,6,4,0.3333
4,132.0000,20,2,751.2481,-88.6027,0.3608,3,0.0769,1.0000,2,6,6,0,0,6,6,0.0000
4,132.0000,20,3,611.6608,-84.9459,0.3020,5,0.1282,0.8750,8,8,7,0,0,8,7,0.1250
4,132.0000,20,4,516.3486,-82.9640,-0.4680,13,0.3333,0.8000,5,8,5,0,0,8,5,0.3750
4,132.0000,20,6,532.8251,-85.0591,0.2224,7,0.1795,0.7143,7,6,3,0,0,6,3,0.5000
4,132.0000,20,8,451.9833,-83.6446,1.1356,13,0.3333,1.0000,8,7,4,0,0,7,4,0.4286
4,132.0000,20,9,439.1596,-81.2772,-0.2193,20,0.5128,0.0000,4,6,6,0,0,6,6,0.0000
4,132.0000,20,11,647.8657,-86.7913,1.0443,8,0.2051,1.0000,8,8,8,0,0,8,8,0.0000
4,132.0000,20,13,425.0807,-82.5669,1.5600,11,0.2821,0.7143,7,8,5,48,33,56,38,0.3214
4,132.0000,20,14,295.1865,-79.8153,0.4653,22,0.5641,1.0000,8,5,1,0,0,5,1,0.8000
4,132.0000,20,15,431.3356,-81.8389,0.4925,14,0.3590,0.5000,6,7,5,58,45,65,50,0.2308
4,132.0000,20,17,544.9845,-85.0021,-0.0934,9,0.2308,0.8571,7,8,8,8,8,16,16,0.0000
4,132.0000,20,18,301.3498,-79.3387,-0.0890,19,0.4872,0.5000,6,6,3,0,0,6,3,0.5000
4,132.0000,20,19,595.9202,-84.5386,-0.0595,6,0.1538,1.0000,6,9,8,0,0,9,8,0.1111
4,132.0000,20,21,406.4849,-80.1235,-1.1155,22,0.5641,0.4000,5,7,4,0,0,7,4,0.4286
4,132.0000,20,24,383.3221,-79.0808,-1.0208,16,0.4103,0.5000,6,5,4,0,0,5,4,0.2000
4,132.0000,20,25,360.7195,-80.6745,-0.1817,16,0.4103,0.8571,7,8,7,6,6,14,13,0.0714
4,132.0000,20,27,471.1786,-82.8491,-0.3076,9,0.2308,0.5000,6,8,7,0,0,8,7,0.1250
4,132.0000,20,28,747.2862,-87.2696,0.1632,7,0.1795,1.0000,4,7,5,0,0,7,5,0.2857
4,132.0000,20,30,965.6244,-86.8463,-0.1723,4,0.1026,,0,6,6,0,0,6,6,0.0000
4,132.0000,20,31,352.2296,-80.5805,0.0982,15,0.3846,0.6667,6,6,4,0,0,6,4,0.3333
4,132.0000,20,32,519.7989,-83.6045,0.8393,13,0.3333,0.6667,6,7,6,0,0,7,6,0.1429
4,132.0000,20,33,291.5059,-78.8474,-0.2015,27,0.6923,0.8750,8,6,3,0,0,6,3,0.5000
4,132.0000,20,36,799.4831,-86.9265,-0.9038,3,0.0769,1.0000,8,8,8,0,0,8,8,0.0000
4,132.0000,20,37,644.6059,-84.0956,-0.0299,5,0.1282,1.0000,8,8,8,0,0,8,8,0.0000
4,132.0000,20,39,651.7119,-87.1488,2.2418,5,0.1282,1.0000,8,7,5,0,0,7,5,0.2857
4,132.0000,20,40,273.6777,-78.0710,0.1089,24,0.6154,0.5000,6,9,5,0,0,9,5,0.4444
4,132.0000,20,42,372.4247,-80.6769,0.5614,17,0.4359,0.7500,8,7,5,0,0,7,5,0.2857
4,132.0000,20,44,688.1963,-85.7785,-0.2856,8,0.2051,1.0000,8,6,5,0,0,6,5,0.1667
4,132.0000,20,45,234.0044,-74.7894,-1.3238,30,0.7692,0.3279,61,5,2,0,0,5,2,0.6000
4,132.0000,20,46,605.7220,-86.5436,-0.6242,5,0.1282,1.0000,8,7,6,2,2,9,8,0.1111
4,132.0000,21,1,456.8348,-82.2713,-0.1951,15,0.3750,0.8571,7,6,4,0,0,6,4,0.3333
4,132.0000,21,3,623.4730,-85.9506,0.0367,7,0.1750,1.0000,8,8,8,0,0,8,8,0.0000
4,132.0000,21,4,666.0367,-84.7242,-1.0521,10,0.2500,1.0000,6,6,6,0,0,6,6,0.0000
4,132.0000,21,5,989.3870,-88.6915,0.9062,4,0.1000,1.0000,6,4,4,0,0,4,4,0.0000
4,132.0000,21,6,552.6718,-84.9307,-0.2054,9,0.2250,1.0000,8,7,6,0,0,7,6,0.1429
4,132.0000,21,7,777.8953,-86.4203,2.3445,4,0.1000,1.0000,2,8,8,0,0,8,8,0.0000
4,132.0000,21,8,727.2808,-86.3260,-0.6262,6,0.1500,1.0000,6,7,6,0,0,7,6,0.1429
4,132.0000,21,9,548.1434,-83.5647,-0.7598,15,0.3750,1.0000,9,7,5,0,0,7,5,0.2857
4,132.0000,21,11,1034.5959,-88.5369,-1.2297,3,0.0750,1.0000,6,2,2,0,0,2,2,0.0000
4,132.0000,21,13,788.0047,-86.2791,-0.4787,6,0.1500,1.0000,8,8,8,0,0,8,8,0.0000
4,132.0000,21,14,645.5249,-85.4869,1.6462,7,0.1750,1.0000,8,8,8,0,0,8,8,0.0000
4,132.0000,21,15,794.8108,-86.7857,0.0788,5,0.1250,1.0000,8,6,6,0,0,6,6,0.0000
4,132.0000,21,18,613.6151,-85.9463,0.5942,9,0.2250,1.0000,8,7,5,0,0,7,5,0.2857
4,132.0000,21,19,428.3077,-83.2457,-0.0348,14,0.3500,0.8571,7,8,7,0,0,8,7,0.1250
4,132.0000,21,20,406.4849,-80.6925,-1.3768,16,0.4000,0.5000,6,8,8,0,0,8,8,0.0000
4,132.0000,21,22,576.2853,-85.7794,-0.7247,7,0.1750,1.0000,8,8,8,0,0,8,8,0.0000
4,132.0000,21,23,922.6060,-88.3707,0.9373,6,0.1500,1.0000,4,8,8,0,0,8,8,0.0000
4,132.0000,21,24,376.4282,-81.0217,-0.1379,18,0.4500,0.8750,8,6,3,0,0,6,3,0.5000
4,132.0000,21,25,685.3228,-84.9813,-0.6876,8,0.2000,1.0000,8,7,6,0,0,7,6,0.1429
4,132.0000,21,27,490.3631,-83.8340,1.0598,8,0.2000,0.7143,7,8,7,0,0,8,7,0.1250
4,132.0000,21,28,964.7591,-88.1610,0.2054,4,0.1000,,0,4,4,0,0,4,4,0.0000
4,132.0000,21,31,527.5387,-84.7632,0.7786,8,0.2000,0.8750,8,8,8,0,0,8,8,0.0000
4,132.0000,21,32,535.2160,-83.8634,-0.3545,18,0.4500,1.0000,8,8,8,0,0,8,8,0.0000
4,132.0000,21,33,246.2175,-75.8872,-0.5924,32,0.8000,0.0000,4,6,4,0,0,6,4,0.3333
4,132.0000,21,36,574.7279,-85.0592,0.2603,9,0.2250,1.0000,8,8,8,0,0,8,8,0.0000
4,132.0000,21,37,610.6060,-85.8514,-0.1324,6,0.1500,1.0000,8,8,8,0,0,8,8,0.0000
4,132.0000,21,38,714.8121,-86.1711,0.7954,6,0.1500,1.0000,8,6,6,0,0,6,6,0.0000
4,132.0000,21,40,444.4173,-83.4383,-0.3981,10,0.2500,0.4000,5,8,8,0,0,8,8,0.0000
4,132.0000,21,42,718.3573,-86.1391,-0.1885,10,0.2500,1.0000,8,8,8,0,0,8,8,0.0000
4,132.0000,21,45,252.7291,-77.1968,-0.4275,22,0.5500,0.3333,6,8,5,0,0,8,5,0.3750
4,132.0000,22,0,651.0626,-84.5504,-0.1042,14,0.3500,0.8750,8,7,4,0,0,7,4,0.4286
4,132.0000,22,1,418.9995,-82.1809,1.1142,11,0.2750,1.0000,8,8,8,0,0,8,8,0.0000
4,132.0000,22,3,545.0974,-84.1182,0.3565,6,0.1500,0.8571,7,8,8,0,0,8,8,0.0000
4,132.0000,22,5,494.6513,-81.6794,-0.2212,18,0.4500,0.8750,8,8,7,0,0,8,7,0.1250
4,132.0000,22,6,596.9317,-85.0173,-0.4846,7,0.1750,0.8750,8,8,8,0,0,8,8,0.0000
4,132.0000,22,7,472.0843,-83.5269,-0.0164,18,0.4500,0.8571,7,6,3,0,0,6,3,0.5000
4,132.0000,22,10,598.9020,-84.5666,-0.2248,11,0.2750,0.8571,7,8,8,0,0,8,8,0.0000
4,132.0000,22,12,654.0126,-86.2493,-0.4175,8,0.2000,0.8571,7,7,6,0,0,7,6,0.1429
4,132.0000,22,16,516.6018,-83.3013,0.9609,20,0.5000,0.8571,7,8,8,0,0,8,8,0.0000
4,132.0000,22,19,452.5866,-80.9237,0.2633,7,0.1750,0.8571,7,7,6,0,0,7,6,0.1429
4,132.0000,22,23,673.7227,-84.9932,1.2731,6,0.1500,0.8571,7,8,8,0,0,8,8,0.0000
4,132.0000,22,26,1020.0584,-87.3386,0.4500,4,0.1000,1.0000,4,6,6,0,0,6,6,0.0000
4,132.0000,22,27,547.7211,-86.7781,0.9898,5,0.1250,0.8571,7,6,4,0,0,6,4,0.3333
4,132.0000,22,29,1040.4805,-88.0216,-0.4136,6,0.1500,1.0000,4,2,2,0,0,2,2,0.0000
4,132.0000,22,34,677.2863,-86.2401,-0.3697,5,0.1250,1.0000,8,6,6,0,0,6,6,0.0000
4,132.0000,22,36,387.6638,-81.2496,0.4545,18,0.4500,0.7143,7,7,6,0,0,7,6,0.1429
4,132.0000,22,37,495.8405,-83.3290,-0.0534,11,0.2750,1.0000,8,8,8,0,0,8,8,0.0000
4,132.0000,22,38,476.0603,-82.9416,-0.4140,14,0.3500,0.5000,6,6,4,0,0,6,4,0.3333
4,132.0000,22,41,789.5198,-86.6577,-0.7336,8,0.2000,1.0000,8,7,6,0,0,7,6,0.1429
4,132.0000,22,43,499.3524,-83.5928,0.1947,20,0.5000,0.8571,7,8,7,0,0,8,7,0.1250
4,132.0000,22,45,651.6540,-87.0461,-0.9271,3,0.0750,1.0000,8,7,5,0,0,7,5,0.2857
4,132.0000,22,47,502.6425,-84.1782,0.0674,16,0.4000,0.8571,7,8,8,0,0,8,8,0.0000
4,132.0000,23,0,775.9414,-85.6626,0.9788,7,0.1750,1.0000,8,8,7,0,0,8,7,0.1250
4,132.0000,23,1,815.6261,-85.2527,0.2574,4,0.1000,1.0000,8,6,6,0,0,6,6,0.0000
4,132.0000,23,3,402.9711,-81.5698,-0.2589,10,0.2500,0.9531,64,8,7,2,2,10,9,0.1000
4,132.0000,23,5,883.9851,-86.2745,-0.5263,4,0.1000,1.0000,8,8,8,0,0,8,8,0.0000
4,132.0000,23,6,715.4162,-86.6072,3.7187,3,0.0750,1.0000,8,8,8,0,0,8,8,0.0000
4,132.0000,23,7,891.4857,-86.5678,-0.0456,5,0.1250,0.8333,6,8,8,0,0,8,8,0.0000
4,132.0000,23,8,786.3549,-86.2122,2.4131,3,0.0750,0.8750,8,7,6,0,0,7,6,0.1429
4,132.0000,23,10,670.2060,-85.3006,0.2449,15,0.3750,1.0000,8,5,4,0,0,5,4,0.2000
4,132.0000,23,12,458.9960,-81.1798,-0.7560,28,0.7000,0.7436,78,8,7,0,0,8,7,0.1250
4,132.0000,23,16,930.0787,-88.2121,2.0701,3,0.0750,1.0000,2,2,2,0,0,2,2,0.0000
4,132.0000,23,19,834.9328,-87.0321,0.0629,3,0.0750,0.8750,8,8,8,0,0,8,8,0.0000
4,132.0000,23,22,673.7227,-86.2940,-0.6014,6,0.1500,1.0000,8,8,8,0,0,8,8,0.0000
4,132.0000,23,25,786.9717,-86.0509,0.4624,3,0.0750,1.0000,8,8,8,0,0,8,8,0.0000
4,132.0000,23,26,838.8641,-86.0120,0.1169,4,0.1000,1.0000,8,8,8,0,0,8,8,0.0000
4,132.0000,23,27,499.2075,-85.2359,1.7920,9,0.2250,1.0000,8,8,8,0,0,8,8,0.0000
4,132.0000,23,29,851.3581,-85.6022,0.3165,7,0.1750,1.0000,6,4,4,0,0,4,4,0.0000
4,132.0000,23,31,660.4000,-88.6898,-1.2784,3,0.0750,0.8750,8,8,8,0,0,8,8,0.0000
4,132.0000,23,34,417.5372,-80.6397,-0.4864,19,0.4750,0.7500,8,7,6,0,0,7,6,0.1429
4,132.0000,23,37,560.5140,-84.4745,-0.1845,8,0.2000,1.0000,8,8,8,0,0,8,8,0.0000
4,132.0000,23,38,419.2602,-81.5257,-1.4681,16,0.4000,0.7143,7,8,8,0,0,8,8,0.0000
4,132.0000,23,40,691.0667,-86.8306,1.3620,3,0.0750,1.0000,8,8,8,0,0,8,8,0.0000
4,132.0000,23,41,228.8223,-77.1752,-0.1029,32,0.8000,0.2000,5,5,1,0,0,5,1,0.8000
4,132.0000,23,43,957.9874,-87.9825,-0.6198,3,0.0750,1.0000,6,8,8,0,0,8,8,0.0000
4,132.0000,23,47,515.7543,-83.2192,0.1087,11,0.2750,1.0000,12,7,5,0,0,7,5,0.2857
4,132.0000,24,1,502.9432,-80.8857,-0.9011,9,0.2250,0.8571,7,8,8,0,0,8,8,0.0000
4,132.0000,24,4,587.0748,-84.7491,-0.1477,11,0.2750,0.7143,7,8,7,0,0,8,7,0.1250
4,132.0000,24,6,535.4793,-82.4852,0.0036,5,0.1250,1.0000,8,8,8,0,0,8,8,0.0000
4,132.0000,24,9,423.2871,-82.6385,0.8871,14,0.3500,0.6667,6,6,3,0,0,6,3,0.5000
4,132.0000,24,11,896.2674,-87.2060,0.4285,5,0.1250,1.0000,6,4,4,0,0,4,4,0.0000
4,132.0000,24,13,745.4198,-86.3173,1.8009,3,0.0750,0.7500,8,8,8,0,0,8,8,0.0000
4,132.0000,24,14,539.2898,-82.9885,-1.2385,7,0.1750,0.7143,7,8,8,0,0,8,8,0.0000
4,132.0000,24,15,613.1052,-84.1948,-0.3223,8,0.2000,0.8571,7,7,6,0,0,7,6,0.1429
4,132.0000,24,18,370.3803,-82.5014,-0.3042,11,0.2750,1.0000,8,7,6,0,0,7,6,0.1429
4,132.0000,24,19,456.1867,-82.5681,0.1598,8,0.2000,0.8571,7,7,6,0,0,7,6,0.1429
4,132.0000,24,20,383.3221,-80.0658,-1.2828,13,0.3250,0.4000,5,5,4,0,0,5,4,0.2000
4,132.0000,24,21,376.4282,-80.1118,-1.0431,14,0.3500,0.8750,8,8,8,0,0,8,8,0.0000
4,132.0000,24,25,679.4880,-83.3598,-0.4077,8,0.2000,1.0000,8,10,10,0,0,10,10,0.0000
4,132.0000,24,28,755.4821,-86.9673,-0.8402,3,0.0750,,0,8,8,0,0,8,8,0.0000
4,132.0000,24,31,562.8459,-84.2552,0.4281,5,0.1250,0.8750,8,8,8,0,0,8,8,0.0000
4,132.0000,24,32,301.8482,-81.0469,1.1324,13,0.3250,0.4000,5,5,1,0,0,5,1,0.8000
4,132.0000,24,33,188.9511,-75.5250,0.1361,31,0.7750,0.5000,6,6,3,0,0,6,3,0.5000
4,132.0000,24,36,630.9038,-83.9993,-0.3449,7,0.1750,1.0000,10,7,6,0,0,7,6,0.1429
4,132.0000,24,37,683.1958,-86.4859,0.1159,4,0.1000,1.0000,8,8,8,0,0,8,8,0.0000
4,132.0000,24,39,966.6862,-87.4507,0.0952,5,0.1250,1.0000,4,4,4,0,0,4,4,0.0000
4,132.0000,24,40,583.4006,-83.9005,0.5125,7,0.1750,1.0000,8,8,8,0,0,8,8,0.0000
4,132.0000,24,42,751.6935,-85.8686,1.2215,6,0.1500,1.0000,8,8,8,0,0,8,8,0.0000
4,132.0000,24,44,712.9304,-87.8284,0.2611,6,0.1500,1.0000,8,7,6,0,0,7,6,0.1429
4,132.0000,24,45,434.2205,-81.2546,-0.4613,6,0.1500,1.0000,8,7,6,0,0,7,6,0.1429
4,132.0000,24,46,875.0661,-86.9801,-0.1586,3,0.0750,1.0000,6,4,4,0,0,4,4,0.0000
4,132.0000,25,1,751.9122,-87.4963,0.7846,6,0.1463,1.0000,8,6,6,0,0,6,6,0.0000
4,132.0000,25,2,785.0286,-86.0422,-0.0181,16,0.3902,0.7500,4,6,6,0,0,6,6,0.0000
4,132.0000,25,3,500.3311,-84.1131,0.7332,11,0.2683,0.8571,7,7,6,0,0,7,6,0.1429
4,132.0000,25,4,822.2523,-86.3850,-0.2190,9,0.2195,1.0000,4,6,6,0,0,6,6,0.0000
4,132.0000,25,6,526.2570,-84.5794,0.5015,8,0.1951,0.7143,7,7,5,0,0,7,5,0.2857
4,132.0000,25,8,289.1068,-79.9897,0.0877,28,0.6829,0.5000,6,6,4,0,0,6,4,0.3333
4,132.0000,25,9,777.5425,-87.6770,0.5801,9,0.2195,1.0000,8,8,8,0,0,8,8,0.0000
4,132.0000,25,11,652.0811,-85.8583,-0.2523,15,0.3659,0.8750,8,7,6,0,0,7,6,0.1429
4,132.0000,25,13,128.1820,-72.5734,0.1839,35,0.8537,0.0000,4,4,0,3,0,7,0,1.0000
4,132.0000,25,14,195.5850,-73.6802,-0.8048,34,0.8293,0.0000,4,6,3,0,0,6,3,0.5000
4,132.0000,25,15,563.2793,-83.4228,-0.6433,18,0.4390,1.0000,8,7,5,0,0,7,5,0.2857
4,132.0000,25,17,605.8250,-84.5031,0.0042,17,0.4146,0.8750,8,2,2,0,0,2,2,0.0000
4,132.0000,25,18,515.7185,-83.7525,0.0825,18,0.4390,0.8571,7,8,8,0,0,8,8,0.0000
4,132.0000,25,19,725.1784,-87.4021,0.4440,7,0.1707,1.0000,6,8,7,0,0,8,7,0.1250
4,132.0000,25,20,360.7195,-80.8315,0.7978,16,0.3902,0.5714,7,8,6,0,0,8,6,0.2500
4,132.0000,25,21,685.3228,-85.9346,-0.1760,7,0.1707,1.0000,6,8,8,0,0,8,8,0.0000
4,132.0000,25,23,786.9717,-87.5636,-0.1759,8,0.1951,1.0000,6,2,2,0,0,2,2,0.0000
4,132.0000,25,24,679.4880,-84.9245,-0.2770,11,0.2683,0.8571,7,8,8,0,0,8,8,0.0000
4,132.0000,25,27,421.4100,-81.1794,-0.3703,15,0.3659,0.8750,8,6,3,0,0,6,3,0.5000
4,132.0000,25,28,993.3178,-88.1917,-0.0751,3,0.0732,,0,2,2,0,0,2,2,0.0000
4,132.0000,25,31,255.2542,-78.8555,0.1593,23,0.5610,0.2000,5,6,4,0,0,6,4,0.3333
4,132.0000,25,33,634.3421,-86.0157,-0.6902,8,0.1951,0.7143,7,8,8,0,0,8,8,0.0000
4,132.0000,25,36,914.4020,-87.3533,-3.3191,4,0.0976,,0,4,4,0,0,4,4,0.0000
4,132.0000,25,37,595.5001,-86.2442,0.1377,9,0.2195,1.0000,8,7,6,0,0,7,6,0.1429
4,132.0000,25,38,679.4571,-86.3491,0.6058,9,0.2195,0.7143,7,7,6,0,0,7,6,0.1429
4,132.0000,25,39,547.6675,-83.5371,-0.3644,17,0.4146,0.8750,8,7,6,2,2,9,8,0.1111
4,132.0000,25,40,291.8065,-78.0242,-0.4591,25,0.6098,0.6667,6,6,4,0,0,6,4,0.3333
4,132.0000,25,42,299.2477,-77.8026,-1.1375,30,0.7317,0.6667,6,7,5,0,0,7,5,0.2857
4,132.0000,25,44,941.8787,-87.8170,-0.4102,5,0.1220,1.0000,4,8,8,0,0,8,8,0.0000
4,132.0000,25,45,441.4483,-81.9651,0.1825,16,0.3902,0.8571,7,6,4,0,0,6,4,0.3333
4,132.0000,25,46,596.6342,-84.6538,-0.3642,17,0.4146,1.0000,8,8,8,0,0,8,8,0.0000
4,132.0000,26,0,439.9210,-84.0595,0.0591,16,0.3902,1.0000,8,6,4,0,0,6,4,0.3333
4,132.0000,26,5,770.9265,-87.0004,-0.2961,6,0.1463,1.0000,8,8,8,0,0,8,8,0.0000
4,132.0000,26,10,472.7663,-82.4948,-0.0431,19,0.4634,0.8750,8,6,4,0,0,6,4,0.3333
4,132.0000,26,12,429.8592,-82.4572,-0.7821,17,0.4146,0.5000,8,6,4,0,0,6,4,0.3333
4,132.0000,26,16,786.2838,-86.6484,0.0429,5,0.1220,1.0000,8,8,8,0,0,8,8,0.0000
4,132.0000,26,23,838.8641,-87.8676,0.5133,6,0.1463,0.8571,7,8,7,0,0,8,7,0.1250
4,132.0000,26,29,115.8861,-71.0351,0.0507,35,0.8537,0.0000,4,4,0,0,0,4,0,1.0000
4,132.0000,26,34,571.6735,-84.6575,-0.2060,8,0.1951,1.0000,8,8,8,0,0,8,8,0.0000
4,132.0000,26,41,707.6243,-86.8655,-0.1073,10,0.2439,0.8571,7,8,8,0,0,8,8,0.0000
4,132.0000,26,43,832.9995,-87.3585,-1.0825,4,0.0976,1.0000,4,8,8,0,0,8,8,0.0000
4,132.0000,26,47,637.3763,-83.7545,0.4333,8,0.1951,0.8571,7,8,8,0,0,8,8,0.0000
4,132.0000,27,1,456.0906,-83.0360,-0.0471,14,0.3500,1.0000,8,6,3,0,0,6,3,0.5000
4,132.0000,27,3,156.9014,-75.3500,1.1824,30,0.7500,0.5000,6,5,1,0,0,5,1,0.8000
4,132.0000,27,5,870.3804,-87.3843,-1.8081,4,0.1000,0.8750,8,8,8,0,0,8,8,0.0000
4,132.0000,27,6,322.8852,-81.4186,-0.6337,21,0.5250,0.5000,6,7,6,0,0,7,6,0.1429
4,132.0000,27,7,702.2601,-87.2431,0.1418,9,0.2250,0.8750,8,6,6,0,0,6,6,0.0000
4,132.0000,27,8,513.3294,-82.7794,0.6746,15,0.3750,0.6667,6,7,5,0,0,7,5,0.2857
4,132.0000,27,9,875.4653,-87.8400,0.3047,5,0.1250,0.8000,5,2,2,0,0,2,2,0.0000
4,132.0000,27,10,821.9025,-87.8362,-0.5402,7,0.1750,,0,6,6,0,0,6,6,0.0000
4,132.0000,27,11,1029.6606,-87.7452,0.4333,3,0.0750,,0,4,4,0,0,4,4,0.0000
4,132.0000,27,12,749.2896,-87.5799,-0.0623,10,0.2500,0.8750,8,8,7,0,0,8,7,0.1250
4,132.0000,27,13,549.1128,-84.7873,1.1172,10,0.2500,0.8750,8,8,8,0,0,8,8,0.0000
4,132.0000,27,14,485.6663,-81.3614,-0.3498,15,0.3750,0.8571,7,7,5,0,0,7,5,0.2857
4,132.0000,27,15,868.3326,-88.1690,-0.4390,6,0.1500,1.0000,6,4,4,0,0,4,4,0.0000
4,132.0000,27,16,926.4594,-88.4688,-0.5527,3,0.0750,1.0000,4,6,6,0,0,6,6,0.0000
4,132.0000,27,18,720.2098,-85.2693,0.2018,3,0.0750,1.0000,6,8,8,0,0,8,8,0.0000
4,132.0000,27,19,449.8709,-83.2769,1.0726,15,0.3750,0.7000,10,6,6,0,0,6,6,0.0000
4,132.0000,27,20,471.1786,-82.8109,-1.4799,15,0.3750,1.0000,8,8,8,0,0,8,8,0.0000
4,132.0000,27,21,490.3631,-83.4343,-0.9281,13,0.3250,1.0000,8,7,4,0,0,7,4,0.4286
4,132.0000,27,22,547.7211,-84.8555,0.8699,12,0.3000,0.8750,8,7,6,0,0,7,6,0.1429
4,132.0000,27,23,499.2075,-84.4621,1.0496,16,0.4000,0.7143,7,6,2,0,0,6,2,0.6667
4,132.0000,27,24,647.8429,-84.2636,-0.8212,12,0.3000,1.0000,8,8,8,0,0,8,8,0.0000
4,132.0000,27,25,421.4100,-82.2509,0.2408,17,0.4250,0.7500,8,6,3,0,0,6,3,0.5000
4,132.0000,27,31,208.8314,-74.7076,0.1748,35,0.8750,0.3333,6,4,0,0,0,4,0,1.0000
4,132.0000,27,32,898.0441,-87.4839,0.9562,6,0.1500,1.0000,4,4,4,0,0,4,4,0.0000
4,132.0000,27,33,590.3523,-84.8842,-0.4411,14,0.3500,1.0000,8,7,6,0,0,7,6,0.1429
4,132.0000,27,34,632.2122,-84.7150,0.0046,9,0.2250,0.8571,7,6,6,0,0,6,6,0.0000
4,132.0000,27,36,592.7905,-84.2233,-1.0414,15,0.3750,0.8750,8,7,6,0,0,7,6,0.1429
4,132.0000,27,37,281.2235,-80.6932,0.8827,18,0.4500,1.0000,8,5,2,0,0,5,2,0.6000
4,132.0000,27,38,330.4930,-82.5402,0.9689,18,0.4500,0.8571,7,6,4,0,0,6,4,0.3333
4,132.0000,27,40,266.2947,-78.1117,0.1428,27,0.6750,0.0000,4,8,7,0,0,8,7,0.1250
4,132.0000,27,41,610.3347,-86.4899,1.2791,10,0.2500,1.0000,8,7,6,0,0,7,6,0.1429
4,132.0000,27,42,606.0730,-84.1739,-0.3051,15,0.3750,0.7143,7,8,8,0,0,8,8,0.0000
4,132.0000,27,45,319.0223,-79.4742,-0.1415,18,0.4500,0.7500,8,8,7,0,0,8,7,0.1250
4,132.0000,27,46,975.6886,-87.2596,-0.2660,5,0.1250,1.0000,6,4,4,0,0,4,4,0.0000
4,132.0000,27,47,594.6424,-86.8439,0.2651,10,0.2500,0.8571,7,8,7,0,0,8,7,0.1250
4,132.0000,28,2,679.4278,-86.2270,-1.0997,4,0.1000,1.0000,4,7,6,0,0,7,6,0.1429
4,132.0000,28,4,365.0027,-82.6748,1.1646,12,0.3000,0.7500,8,6,4,0,0,6,4,0.3333
4,132.0000,28,9,424.4764,-82.1182,0.5252,12,0.3000,0.8571,7,7,5,0,0,7,5,0.2857
4,132.0000,28,11,600.4978,-85.7572,1.2517,8,0.2000,1.0000,8,6,4,0,0,6,4,0.3333
4,132.0000,28,15,454.4328,-84.9364,-0.1897,7,0.1750,1.0000,8,8,8,0,0,8,8,0.0000
4,132.0000,28,17,654.7995,-86.8063,0.4157,5,0.1250,1.0000,8,8,8,0,0,8,8,0.0000
4,132.0000,28,18,550.2701,-84.2217,1.3560,9,0.2250,1.0000,8,7,6,0,0,7,6,0.1429
4,132.0000,28,30,256.9624,-76.1081,-0.8022,35,0.8750,0.0000,4,4,0,0,0,4,0,1.0000
4,132.0000,28,32,531.1477,-82.6631,-0.5208,8,0.2000,0.8571,7,7,5,0,0,7,5,0.2857
4,132.0000,28,33,739.5912,-86.9792,1.2105,3,0.0750,1.0000,8,8,8,0,0,8,8,0.0000
4,132.0000,28,35,365.4406,-78.6763,-1.3471,33,0.8250,0.0000,4,5,2,0,0,5,2,0.6000
4,132.0000,28,39,804.9522,-87.9194,1.0561,3,0.0750,1.0000,8,8,8,0,0,8,8,0.0000
4,132.0000,28,44,70.9298,-64.9713,-0.1223,36,0.9000,0.0000,4,4,0,0,0,4,0,1.0000
4,132.0000,28,46,630.7172,-86.2632,-0.9628,6,0.1500,1.0000,8,7,6,0,0,7,6,0.1429
4,132.0000,29,0,476.0415,-83.2257,-0.3557,16,0.4000,0.7500,8,9,8,0,0,9,8,0.1111
4,132.0000,29,5,769.2350,-87.0533,-0.9406,6,0.1500,1.0000,8,8,8,0,0,8,8,0.0000
4,132.0000,29,7,971.5234,-87.4819,-0.4586,3,0.0750,1.0000,8,6,6,0,0,6,6,0.0000
4,132.0000,29,10,466.5409,-81.3879,-1.2493,18,0.4500,0.8571,7,8,8,0,0,8,8,0.0000
4,132.0000,29,12,437.1804,-82.0310,0.1682,18,0.4500,0.5000,6,6,3,0,0,6,3,0.5000
4,132.0000,29,16,792.2653,-85.5791,-1.1508,5,0.1250,1.0000,8,8,8,0,0,8,8,0.0000
4,132.0000,29,22,1040.4805,-88.2842,-0.4845,3,0.0750,1.0000,8,6,6,0,0,6,6,0.0000
4,132.0000,29,23,851.3581,-85.9792,-7.2949,3,0.0750,1.0000,8,4,4,0,0,4,4,0.0000
4,132.0000,29,26,115.8861,-70.1908,0.5416,38,0.9500,0.0000,4,4,0,0,0,4,0,1.0000
4,132.0000,29,34,541.0353,-83.3536,0.0509,12,0.3000,0.8571,7,8,8,0,0,8,8,0.0000
4,132.0000,29,38,850.4981,-86.6894,-1.4922,7,0.1750,1.0000,8,6,6,0,0,6,6,0.0000
4,132.0000,29,41,697.0610,-85.2129,-0.4438,9,0.2250,1.0000,8,8,8,0,0,8,8,0.0000
4,132.0000,29,43,865.7324,-87.3923,-0.1186,5,0.1250,1.0000,8,8,8,0,0,8,8,0.0000
4,132.0000,29,47,617.0109,-83.2661,-0.1619,10,0.2500,1.0000,8,8,8,0,0,8,8,0.0000
4,132.0000,30,4,496.1924,-83.5691,-0.6781,8,0.2051,1.0000,8,7,6,0,0,7,6,0.1429
4,132.0000,30,9,587.5352,-82.5029,-0.9313,5,0.1282,0.8750,8,7,6,0,0,7,6,0.1429
4,132.0000,30,11,798.6890,-87.4534,-1.0224,3,0.0769,1.0000,6,6,6,0,0,6,6,0.0000
4,132.0000,30,28,256.9624,-75.4099,-0.9134,30,0.7692,0.2000,5,7,4,0,0,7,4,0.4286
4,132.0000,30,32,690.5432,-84.9690,-2.0789,8,0.2051,0.7143,7,7,6,0,0,7,6,0.1429
4,132.0000,30,35,462.1056,-81.9712,-0.0033,22,0.5641,0.6667,6,6,4,0,0,6,4,0.3333
4,132.0000,30,39,1001.9457,-87.0984,-1.5429,3,0.0769,1.0000,6,5,4,0,0,5,4,0.2000
4,132.0000,30,44,291.4740,-77.0942,-1.2265,27,0.6923,0.4000,5,5,2,0,0,5,2,0.6000
4,132.0000,31,1,505.4767,-83.9243,-0.6133,10,0.2500,0.8571,7,7,5,0,0,7,5,0.2857
4,132.0000,31,2,989.3683,-88.2822,0.1622,3,0.0750,,0,6,6,0,0,6,6,0.0000
4,132.0000,31,3,294.2688,-79.7113,0.3581,20,0.5000,0.7143,7,5,1,0,0,5,1,0.8000
4,132.0000,31,4,868.5667,-87.7852,-0.9746,5,0.1250,1.0000,6,2,2,0,0,2,2,0.0000
4,132.0000,31,5,998.6326,-88.5859,-0.7843,3,0.0750,1.0000,2,4,4,0,0,4,4,0.0000
4,132.0000,31,6,290.4245,-80.3899,0.6131,21,0.5250,0.5000,6,4,0,0,0,4,0,1.0000
4,132.0000,31,7,777.8340,-88.5261,1.0286,6,0.1500,1.0000,2,6,5,0,0,6,5,0.1667
4,132.0000,31,8,448.7949,-82.1636,-0.5264,21,0.5250,1.0000,8,8,8,66,54,74,62,0.1622
4,132.0000,31,9,780.9186,-86.6885,-0.6796,6,0.1500,1.0000,8,6,6,0,0,6,6,0.0000
4,132.0000,31,10,961.2673,-87.0155,-0.0071,5,0.1250,,0,2,2,0,0,2,2,0.0000
4,132.0000,31,11,857.3635,-87.8589,0.2841,6,0.1500,1.0000,6,6,6,0,0,6,6,0.0000
4,132.0000,31,12,900.5337,-87.5039,-0.6686,5,0.1250,1.0000,8,4,4,0,0,4,4,0.0000
4,132.0000,31,13,376.6412,-80.8573,0.4166,18,0.4500,0.8652,141,7,6,56,39,63,45,0.2857
4,132.0000,31,14,281.5948,-76.5966,-0.5366,29,0.7250,0.0000,4,6,4,0,0,6,4,0.3333
4,132.0000,31,15,696.5660,-86.2891,-0.5933,12,0.3000,1.0000,8,9,8,0,0,9,8,0.1111
4,132.0000,31,17,789.7498,-86.6765,-0.0702,6,0.1500,0.8750,8,4,4,0,0,4,4,0.0000
4,132.0000,31,18,553.0493,-84.0215,0.7312,11,0.2750,1.0000,8,8,7,0,0,8,7,0.1250
4,132.0000,31,19,483.7587,-84.6645,-0.7111,12,0.3000,1.0000,8,6,3,0,0,6,3,0.5000
4,132.0000,31,20,352.2296,-81.7065,-0.2035,20,0.5000,0.8750,8,8,7,0,0,8,7,0.1250
4,132.0000,31,21,527.5387,-82.9376,0.2782,16,0.4000,1.0000,8,8,8,0,0,8,8,0.0000
4,132.0000,31,22,718.7865,-87.9523,-0.5432,8,0.2000,1.0000,4,8,7,0,0,8,7,0.1250
4,132.0000,31,23,660.4000,-84.9289,-0.2732,10,0.2500,0.8571,7,4,2,0,0,4,2,0.5000
4,132.0000,31,24,562.8459,-84.6472,-0.2285,10,0.2500,1.0000,8,8,8,0,0,8,8,0.0000
4,132.0000,31,25,255.2542,-77.1269,0.0934,25,0.6250,0.7143,7,4,0,5,2,9,2,0.7778
4,132.0000,31,27,208.8314,-75.0394,0.1027,35,0.8750,0.2000,5,4,0,0,0,4,0,1.0000
4,132.0000,31,32,807.7315,-88.3155,-0.3696,7,0.1750,1.0000,4,8,8,0,0,8,8,0.0000
4,132.0000,31,33,533.8533,-84.0914,-0.4108,14,0.3500,1.0000,6,7,6,0,0,7,6,0.1429
4,132.0000,31,34,750.3659,-87.8836,-0.6913,7,0.1750,1.0000,8,6,5,0,0,6,5,0.1667
4,132.0000,31,36,664.2553,-85.3648,-0.9514,10,0.2500,0.8750,8,8,8,0,0,8,8,0.0000
4,132.0000,31,37,352.6964,-80.5244,1.3125,15,0.3750,0.8750,8,7,5,0,0,7,5,0.2857
4,132.0000,31,38,457.5067,-83.4346,0.2844,11,0.2750,0.8571,7,6,4,0,0,6,4,0.3333
4,132.0000,31,39,787.5685,-87.4168,-0.4095,7,0.1750,1.0000,2,6,6,0,0,6,6,0.0000
4,132.0000,31,40,236.1483,-78.1789,0.3130,31,0.7750,0.0000,4,4,0,0,0,4,0,1.0000
4,132.0000,31,41,731.9844,-86.3017,-0.2383,11,0.2750,1.0000,4,4,4,0,0,4,4,0.0000
4,132.0000,31,42,492.1167,-82.5203,-0.1213,17,0.4250,0.7143,7,8,8,0,0,8,8,0.0000
4,132.0000,31,44,1021.9578,-88.9523,0.6480,5,0.1250,1.0000,2,6,6,0,0,6,6,0.0000
4,132.0000,31,45,316.2739,-80.3613,-0.1263,22,0.5500,0.7143,7,7,3,0,0,7,3,0.5714
4,132.0000,31,46,806.8506,-87.0734,0.6927,6,0.1500,1.0000,8,7,6,0,0,7,6,0.1429
4,132.0000,31,47,725.3462,-86.8056,-0.5178,4,0.1000,1.0000,4,6,5,0,0,6,5,0.1667
4,132.0000,32,1,789.1114,-84.6521,0.0145,3,0.0750,1.0000,8,6,6,0,0,6,6,0.0000
4,132.0000,32,2,970.2049,-88.2274,-0.3074,3,0.0750,,0,4,4,0,0,4,4,0.0000
4,132.0000,32,4,395.9174,-80.9515,-0.7345,23,0.5750,0.5714,7,7,6,0,0,7,6,0.1429
4,132.0000,32,9,233.6064,-78.0969,0.4032,31,0.7750,0.7143,7,4,0,0,0,4,0,1.0000
4,132.0000,32,14,721.7795,-85.3325,-1.9301,3,0.0750,1.0000,8,10,9,0,0,10,9,0.1000
4,132.0000,32,15,582.7136,-85.3498,-0.1370,10,0.2500,1.0000,8,7,6,0,0,7,6,0.1429
4,132.0000,32,17,822.2815,-86.9304,3.4357,3,0.0750,1.0000,8,4,4,0,0,4,4,0.0000
4,132.0000,32,18,422.8914,-81.6225,0.7465,10,0.2500,0.7500,8,8,8,0,0,8,8,0.0000
4,132.0000,32,19,744.1639,-85.4684,0.7533,5,0.1250,1.0000,8,8,8,0,0,8,8,0.0000
4,132.0000,32,20,519.7989,-83.9206,0.0180,9,0.2250,1.0000,8,8,8,0,0,8,8,0.0000
4,132.0000,32,21,535.2160,-86.1690,-1.0049,7,0.1750,0.7500,8,7,6,0,0,7,6,0.1429
4,132.0000,32,24,301.8482,-80.4358,0.8111,13,0.3250,0.7143,7,4,0,0,0,4,0,1.0000
4,132.0000,32,28,531.1477,-83.1509,-0.0312,14,0.3500,1.0000,8,6,4,0,0,6,4,0.3333
4,132.0000,32,30,690.5432,-84.8346,-0.7126,15,0.3750,0.8571,7,6,5,0,0,6,5,0.1667
4,132.0000,32,33,318.3056,-80.2653,-0.2754,15,0.3750,0.4000,5,6,2,0,0,6,2,0.6667
4,132.0000,32,35,862.1610,-86.4386,0.3521,6,0.1500,0.8000,5,6,6,0,0,6,6,0.0000
4,132.0000,32,39,988.8174,-88.0034,-0.1630,3,0.0750,1.0000,8,8,8,0,0,8,8,0.0000
4,132.0000,32,44,493.7087,-83.4950,-0.1599,15,0.3750,1.0000,8,8,8,0,0,8,8,0.0000
4,132.0000,32,45,620.1935,-85.1478,-1.0460,7,0.1750,0.8750,8,7,5,0,0,7,5,0.2857
4,132.0000,32,46,857.4786,-86.5131,0.4682,6,0.1500,1.0000,8,8,8,0,0,8,8,0.0000
4,132.0000,33,1,547.1412,-82.8273,-0.4631,7,0.1750,0.8750,8,8,8,0,0,8,8,0.0000
4,132.0000,33,4,487.7605,-82.7789,0.3886,16,0.4000,1.0000,8,8,7,0,0,8,7,0.1250
4,132.0000,33,5,1144.1786,-89.0302,0.2466,3,0.0750,1.0000,4,4,4,0,0,4,4,0.0000
4,132.0000,33,6,579.2914,-85.8899,-0.7467,4,0.1000,0.8750,8,9,8,0,0,9,8,0.1111
4,132.0000,33,7,882.3314,-87.0701,-1.0349,3,0.0750,1.0000,2,8,8,0,0,8,8,0.0000
4,132.0000,33,8,720.1899,-86.8420,0.7738,5,0.1250,1.0000,2,8,8,0,0,8,8,0.0000
4,132.0000,33,9,343.3211,-81.4795,-0.0932,20,0.5000,0.7143,7,5,1,0,0,5,1,0.8000
4,132.0000,33,11,857.0057,-87.0886,0.3035,6,0.1500,1.0000,6,4,4,0,0,4,4,0.0000
4,132.0000,33,13,708.2200,-88.4974,0.3446,5,0.1250,1.0000,8,8,8,0,0,8,8,0.0000
4,132.0000,33,14,537.0759,-85.7619,-0.7586,5,0.1250,0.8571,7,7,6,0,0,7,6,0.1429
4,132.0000,33,15,590.6236,-84.3531,0.9924,11,0.2750,0.8571,7,7,6,0,0,7,6,0.1429
4,132.0000,33,17,753.6334,-86.8754,-0.2524,6,0.1500,1.0000,8,6,6,0,0,6,6,0.0000
4,132.0000,33,18,394.6872,-82.1578,1.1789,13,0.3250,1.0000,8,6,4,0,0,6,4,0.3333
4,132.0000,33,19,504.1898,-83.6400,-0.5413,8,0.2000,0.8750,8,8,7,0,0,8,7,0.1250
4,132.0000,33,20,291.5059,-78.4955,-0.0858,22,0.5500,0.7143,7,6,3,0,0,6,3,0.5000
4,132.0000,33,21,246.2175,-75.9381,-0.8937,34,0.8500,0.2000,5,5,2,0,0,5,2,0.6000
4,132.0000,33,24,188.9511,-74.6029,0.2616,33,0.8250,0.2000,5,4,0,0,0,4,0,1.0000
4,132.0000,33,25,634.3421,-85.7865,-0.4281,7,0.1750,0.6250,8,8,7,0,0,8,7,0.1250
4,132.0000,33,27,590.3523,-86.4957,-0.2041,4,0.1000,1.0000,8,9,8,0,0,9,8,0.1111
4,132.0000,33,28,739.5912,-85.2928,0.9063,5,0.1250,1.0000,4,8,8,0,0,8,8,0.0000
4,132.0000,33,31,533.8533,-85.9126,-0.3333,5,0.1250,1.0000,8,8,8,0,0,8,8,0.0000
4,132.0000,33,32,318.3056,-80.4979,0.5209,20,0.5000,0.5000,8,5,1,0,0,5,1,0.8000
4,132.0000,33,36,683.7941,-84.9433,-0.7945,7,0.1750,1.0000,8,8,8,0,0,8,8,0.0000
4,132.0000,33,37,697.3277,-85.3031,2.1623,3,0.0750,1.0000,8,7,5,0,0,7,5,0.2857
4,132.0000,33,40,478.2853,-84.0866,0.3176,12,0.3000,0.8571,7,8,8,0,0,8,8,0.0000
4,132.0000,33,42,650.3484,-85.8976,0.2455,9,0.2250,1.0000,8,8,8,0,0,8,8,0.0000
4,132.0000,33,44,684.1097,-86.5244,-0.1621,10,0.2500,1.0000,4,8,8,0,0,8,8,0.0000
4,132.0000,33,45,310.3360,-79.2898,-0.0287,15,0.3750,0.7143,7,6,3,0,0,6,3,0.5000
4,132.0000,33,46,828.3341,-86.9522,-0.3391,4,0.1000,0.6667,6,6,6,0,0,6,6,0.0000
4,132.0000,34,0,526.4200,-84.4593,0.1247,14,0.3500,0.8750,8,6,4,0,0,6,4,0.3333
4,132.0000,34,1,736.1971,-86.5176,-0.8077,5,0.1250,0.8571,7,4,4,0,0,4,4,0.0000
4,132.0000,34,3,479.6611,-83.2068,-0.3925,11,0.2750,1.0000,8,8,8,0,0,8,8,0.0000
4,132.0000,34,5,628.3673,-86.5231,-0.2129,13,0.3250,0.8571,7,7,5,0,0,7,5,0.2857
4,132.0000,34,6,648.8447,-83.9874,0.6598,5,0.1250,0.8750,8,8,7,0,0,8,7,0.1250
4,132.0000,34,7,663.7663,-85.2339,1.0516,10,0.2500,1.0000,8,7,6,0,0,7,6,0.1429
4,132.0000,34,10,354.5468,-82.2497,0.3083,23,0.5750,0.7143,7,6,4,0,0,6,4,0.3333
4,132.0000,34,12,208.5385,-75.8995,-0.2027,30,0.7500,0.2000,5,4,0,0,0,4,0,1.0000
4,132.0000,34,16,685.8688,-85.3221,0.6259,11,0.2750,0.8750,8,6,6,0,0,6,6,0.0000
4,132.0000,34,19,768.0449,-87.1802,-0.7787,4,0.1000,1.0000,8,8,8,0,0,8,8,0.0000
4,132.0000,34,22,677.2863,-87.5783,0.9961,4,0.1000,0.8571,7,8,7,0,0,8,7,0.1250
4,132.0000,34,23,417.5372,-80.6319,-0.1620,21,0.5250,0.8571,7,7,6,0,0,7,6,0.1429
4,132.0000,34,26,571.6735,-84.3904,0.4996,17,0.4250,1.0000,8,8,7,0,0,8,7,0.1250
4,132.0000,34,27,632.2122,-87.4486,-0.0250,4,0.1000,1.0000,8,8,8,0,0,8,8,0.0000
4,132.0000,34,29,541.0353,-83.9361,-0.2845,20,0.5000,0.8571,7,7,6,0,0,7,6,0.1429
4,132.0000,34,31,750.3659,-86.2857,0.3231,4,0.1000,0.8571,7,8,8,0,0,8,8,0.0000
4,132.0000,34,36,745.3153,-86.8521,-0.1939,4,0.1000,1.0000,8,8,8,0,0,8,8,0.0000
4,132.0000,34,37,482.1393,-82.3562,-0.4286,12,0.3000,0.4000,5,8,8,0,0,8,8,0.0000
4,132.0000,34,38,330.5131,-78.0433,-1.0649,23,0.5750,0.5000,6,7,5,0,0,7,5,0.2857
4,132.0000,34,40,888.3160,-88.7543,-1.3087,3,0.0750,1.0000,4,6,6,0,0,6,6,0.0000
4,132.0000,34,41,283.2241,-76.9406,-0.6779,33,0.8250,0.0000,4,7,6,0,0,7,6,0.1429
4,132.0000,34,43,784.2912,-87.4810,0.8990,6,0.1500,1.0000,6,8,8,0,0,8,8,0.0000
4,132.0000,34,47,221.6098,-76.5435,-0.2064,27,0.6750,0.4000,5,5,1,0,0,5,1,0.8000
4,132.0000,35,2,591.0014,-85.2503,1.5342,4,0.0976,0.8571,7,8,7,0,0,8,7,0.1250
4,132.0000,35,4,657.9096,-86.1516,-0.3029,9,0.2195,0.8571,7,8,7,0,0,8,7,0.1250
4,132.0000,35,9,740.9505,-86.2682,-0.3063,9,0.2195,1.0000,8,8,7,0,0,8,7,0.1250
4,132.0000,35,11,487.6183,-83.9348,-0.8185,7,0.1707,0.7500,8,7,6,0,0,7,6,0.1429
4,132.0000,35,15,524.1776,-84.1308,1.4402,7,0.1707,0.6667,6,8,8,0,0,8,8,0.0000
4,132.0000,35,17,672.4639,-86.4586,0.2947,6,0.1463,1.0000,8,7,6,0,0,7,6,0.1429
4,132.0000,35,18,722.6823,-85.7275,1.3022,5,0.1220,1.0000,8,8,8,0,0,8,8,0.0000
4,132.0000,35,28,365.4406,-78.9712,-0.3186,33,0.8049,0.2000,5,7,5,0,0,7,5,0.2857
4,132.0000,35,30,462.1056,-82.6447,-0.7854,29,0.7073,0.6667,6,7,6,0,0,7,6,0.1429
4,132.0000,35,32,862.1610,-86.1699,-0.2868,4,0.0976,1.0000,8,8,8,0,0,8,8,0.0000
4,132.0000,35,39,709.3837,-85.9847,-0.3717,3,0.0732,1.0000,8,8,8,0,0,8,8,0.0000
4,132.0000,35,44,401.8648,-79.8945,-0.9156,27,0.6585,0.5714,7,7,5,0,0,7,5,0.2857
4,132.0000,35,46,545.1176,-84.2143,0.0818,9,0.2195,1.0000,8,8,8,0,0,8,8,0.0000
4,132.0000,36,0,785.8897,-87.0557,-2.2444,5,0.1250,0.8750,8,8,8,0,0,8,8,0.0000
4,132.0000,36,1,167.8186,-71.7273,-0.7666,34,0.8500,0.2000,5,5,1,0,0,5,1,0.8000
4,132.0000,36,3,588.9045,-83.2209,-1.1367,13,0.3250,0.8750,8,8,8,0,0,8,8,0.0000
4,132.0000,36,5,481.3643,-83.6065,-0.0039,17,0.4250,0.8750,8,6,4,0,0,6,4,0.3333
4,132.0000,36,6,422.3414,-78.7217,-0.8186,17,0.4250,0.6667,6,8,8,0,0,8,8,0.0000
4,132.0000,36,7,210.4886,-79.0648,1.2531,27,0.6750,0.7500,8,5,1,0,0,5,1,0.8000
4,132.0000,36,8,1071.5578,-88.3189,-1.1447,3,0.0750,1.0000,2,2,2,0,0,2,2,0.0000
4,132.0000,36,10,670.8748,-86.1145,-0.8778,8,0.2000,1.0000,8,8,8,0,0,8,8,0.0000
4,132.0000,36,12,798.0708,-86.6829,-0.4388,7,0.1750,1.0000,8,8,8,0,0,8,8,0.0000
4,132.0000,36,13,1027.2569,-87.5880,0.0851,3,0.0750,1.0000,2,2,2,0,0,2,2,0.0000
4,132.0000,36,14,855.7444,-86.8012,-0.9171,6,0.1500,1.0000,8,8,8,0,0,8,8,0.0000
4,132.0000,36,16,526.0949,-84.4495,-0.2862,12,0.3000,0.8750,8,7,6,0,0,7,6,0.1429
4,132.0000,36,18,925.6797,-88.6232,0.1636,3,0.0750,0.8333,6,8,8,0,0,8,8,0.0000
4,132.0000,36,19,206.8488,-74.4020,-0.0149,31,0.7750,0.2000,5,7,5,0,0,7,5,0.2857
4,132.0000,36,20,799.4831,-86.5027,-0.6095,9,0.2250,1.0000,6,8,8,0,0,8,8,0.0000
4,132.0000,36,21,574.7279,-85.9224,-1.4262,11,0.2750,1.0000,8,7,6,0,0,7,6,0.1429
4,132.0000,36,22,387.6638,-81.6492,-0.2392,18,0.4500,0.5000,6,8,8,0,0,8,8,0.0000
4,132.0000,36,23,877.6148,-87.7225,1.0792,3,0.0750,0.6000,5,2,2,0,0,2,2,0.0000
4,132.0000,36,24,630.9038,-83.9038,-0.3192,9,0.2250,0.8750,8,7,6,0,0,7,6,0.1429
4,132.0000,36,27,592.7905,-85.1511,-0.4716,7,0.1750,1.0000,8,8,8,0,0,8,8,0.0000
4,132.0000,36,31,664.2553,-85.7251,-1.3737,6,0.1500,0.8750,8,8,8,0,0,8,8,0.0000
4,132.0000,36,33,683.7941,-85.6357,-1.0816,9,0.2250,0.8571,7,8,8,0,0,8,8,0.0000
4,132.0000,36,34,745.3153,-86.4559,-0.6946,10,0.2500,1.0000,8,8,8,0,0,8,8,0.0000
4,132.0000,36,37,417.2641,-78.8118,-1.5898,22,0.5500,0.4000,5,7,6,0,0,7,6,0.1429
4,132.0000,36,38,504.0590,-83.7304,0.1034,15,0.3750,0.6667,6,8,8,0,0,8,8,0.0000
4,132.0000,36,40,771.6881,-87.1252,1.0312,5,0.1250,1.0000,8,7,6,0,0,7,6,0.1429
4,132.0000,36,41,924.6572,-88.9048,-0.1584,3,0.0750,1.0000,4,6,6,0,0,6,6,0.0000
4,132.0000,36,43,623.6598,-85.7286,-0.5968,13,0.3250,1.0000,6,8,8,0,0,8,8,0.0000
4,132.0000,36,45,658.9866,-86.8892,0.0121,5,0.1250,0.8571,7,8,8,0,0,8,8,0.0000
4,132.0000,36,47,547.9845,-84.0897,0.6912,10,0.2500,0.8571,7,8,8,0,0,8,8,0.0000
4,132.0000,37,0,798.4943,-86.3794,0.0165,12,0.3000,1.0000,8,4,4,0,0,4,4,0.0000
4,132.0000,37,1,318.3067,-79.3839,0.0301,26,0.6500,0.6667,6,8,7,0,0,8,7,0.1250
4,132.0000,37,3,208.1786,-76.3688,0.2682,31,0.7750,0.0000,4,7,3,0,0,7,3,0.5714
4,132.0000,37,5,657.5441,-84.2226,-0.8287,15,0.3750,1.0000,8,8,8,0,0,8,8,0.0000
4,132.0000,37,6,180.3587,-73.0964,-0.6773,34,0.8500,0.0000,4,6,3,0,0,6,3,0.5000
4,132.0000,37,7,465.0546,-82.7015,-0.0825,22,0.5500,0.5714,7,8,8,0,0,8,8,0.0000
4,132.0000,37,8,766.0963,-85.7683,1.6117,6,0.1500,1.0000,4,6,6,0,0,6,6,0.0000
4,132.0000,37,9,1015.7754,-88.9505,0.1754,8,0.2000,,0,4,2,0,0,4,2,0.5000
4,132.0000,37,10,624.7540,-85.4160,0.2520,23,0.5750,1.0000,8,6,6,0,0,6,6,0.0000
4,132.0000,37,12,617.7694,-84.8159,-0.1807,18,0.4500,0.8571,7,7,5,0,0,7,5,0.2857
4,132.0000,37,13,710.3832,-87.0398,-0.1067,10,0.2500,1.0000,8,6,4,0,0,6,4,0.3333
4,132.0000,37,14,598.7162,-86.2776,-0.6628,11,0.2750,0.8750,8,8,8,0,0,8,8,0.0000
4,132.0000,37,15,1012.8559,-89.0528,-0.2188,3,0.0750,,0,4,4,0,0,4,4,0.0000
4,132.0000,37,16,722.8925,-85.8140,0.5033,16,0.4000,1.0000,8,6,6,0,0,6,6,0.0000
4,132.0000,37,18,819.2534,-88.3368,0.3564,10,0.2500,1.0000,2,8,8,0,0,8,8,0.0000
4,132.0000,37,19,331.4432,-79.9697,0.9885,24,0.6000,0.5000,6,4,0,0,0,4,0,1.0000
4,132.0000,37,20,644.6059,-86.6886,-0.1700,10,0.2500,1.0000,8,8,8,0,0,8,8,0.0000
4,132.0000,37,21,610.6060,-86.3617,0.4517,14,0.3500,0.8571,7,5,3,0,0,5,3,0.4000
4,132.0000,37,22,495.8405,-83.4942,-0.1655,17,0.4250,0.8571,7,7,6,0,0,7,6,0.1429
4,132.0000,37,23,560.5140,-84.6976,0.4817,15,0.3750,0.8571,7,8,8,0,0,8,8,0.0000
4,132.0000,37,24,683.1958,-86.1489,-0.1958,12,0.3000,1.0000,6,7,6,0,0,7,6,0.1429
4,132.0000,37,25,595.5001,-86.3751,0.4939,11,0.2750,1.0000,8,8,8,0,0,8,8,0.0000
4,132.0000,37,26,1020.4603,-88.0540,-0.1091,8,0.2000,1.0000,2,2,2,0,0,2,2,0.0000
4,132.0000,37,27,281.2235,-80.3056,1.2865,18,0.4500,0.6667,6,4,0,0,0,4,0,1.0000
4,132.0000,37,29,991.5495,-88.1982,0.5045,9,0.2250,1.0000,4,6,6,0,0,6,6,0.0000
4,132.0000,37,31,352.6964,-82.4424,1.4826,16,0.4000,0.8571,7,8,7,0,0,8,7,0.1250
4,132.0000,37,33,697.3277,-86.4224,0.7136,10,0.2500,1.0000,8,8,8,0,0,8,8,0.0000
4,132.0000,37,34,482.1393,-82.8075,-0.1822,21,0.5250,0.8571,7,5,4,0,0,5,4,0.2000
4,132.0000,37,36,417.2641,-79.6695,-1.5178,26,0.6500,0.6667,6,8,7,0,0,8,7,0.1250
4,132.0000,37,38,170.1838,-76.2862,0.9364,30,0.7500,0.3333,6,4,0,0,0,4,0,1.0000
4,132.0000,37,39,1136.0481,-89.2551,-0.2630,4,0.1000,1.0000,2,4,4,0,0,4,4,0.0000
4,132.0000,37,40,521.1932,-85.7737,1.2494,11,0.2750,0.8571,7,6,4,0,0,6,4,0.3333
4,132.0000,37,41,585.0035,-85.5021,-0.5150,17,0.4250,0.6667,6,5,2,0,0,5,2,0.6000
4,132.0000,37,42,838.8879,-87.5155,-0.7441,7,0.1750,1.0000,8,4,4,0,0,4,4,0.0000
4,132.0000,37,43,829.3442,-87.1778,-0.2082,10,0.2500,1.0000,8,8,8,0,0,8,8,0.0000
4,132.0000,37,45,519.9291,-85.3066,0.5588,13,0.3250,1.0000,8,8,7,0,0,8,7,0.1250
4,132.0000,37,47,395.3536,-81.7997,0.4935,24,0.6000,0.8571,7,8,8,0,0,8,8,0.0000
4,132.0000,38,0,678.3993,-87.1539,-0.4927,14,0.3590,0.7500,8,6,6,0,0,6,6,0.0000
4,132.0000,38,1,443.9583,-83.7354,0.5464,16,0.4103,1.0000,8,6,4,0,0,6,4,0.3333
4,132.0000,38,3,197.0942,-75.5948,-0.3493,25,0.6410,0.2000,5,6,2,0,0,6,2,0.6667
4,132.0000,38,5,613.7383,-85.0361,0.6547,20,0.5128,0.8571,7,8,7,0,0,8,7,0.1250
4,132.0000,38,6,349.1291,-80.1003,0.6507,17,0.4359,0.6667,6,8,7,0,0,8,7,0.1250
4,132.0000,38,7,510.0912,-82.7788,0.2949,15,0.3846,0.8750,8,8,7,0,0,8,7,0.1250
4,132.0000,38,8,811.1831,-87.8536,-0.3079,6,0.1538,1.0000,4,4,4,0,0,4,4,0.0000
4,132.0000,38,10,507.5884,-83.6365,-0.5562,20,0.5128,0.8750,8,7,6,0,0,7,6,0.1429
4,132.0000,38,12,457.5738,-81.5424,0.0617,28,0.7179,0.6000,5,10,9,0,0,10,9,0.1000
4,132.0000,38,13,795.3552,-87.8674,0.6947,6,0.1538,1.0000,6,8,8,0,0,8,8,0.0000
4,132.0000,38,14,722.3634,-86.2196,-0.1777,7,0.1795,1.0000,8,8,8,0,0,8,8,0.0000
4,132.0000,38,15,1146.8755,-88.9367,0.5882,3,0.0769,1.0000,4,4,4,0,0,4,4,0.0000
4,132.0000,38,16,677.1060,-86.1950,-0.5058,14,0.3590,1.0000,8,8,7,0,0,8,7,0.1250
4,132.0000,38,18,969.3757,-88.0698,-1.2306,3,0.0769,,0,6,6,0,0,6,6,0.0000
4,132.0000,38,19,467.6896,-83.7298,0.8744,19,0.4872,1.0000,8,8,7,0,0,8,7,0.1250
4,132.0000,38,20,768.8157,-88.9263,-0.0635,6,0.1538,1.0000,4,8,7,0,0,8,7,0.1250
4,132.0000,38,21,714.8121,-87.2585,-0.6868,4,0.1026,1.0000,8,8,7,0,0,8,7,0.1250
4,132.0000,38,22,476.0603,-82.1206,0.6257,18,0.4615,1.0000,8,6,3,0,0,6,3,0.5000
4,132.0000,38,23,419.2602,-81.6155,-0.7471,31,0.7949,1.0000,8,6,4,0,0,6,4,0.3333
4,132.0000,38,24,840.3878,-87.8707,0.0413,6,0.1538,1.0000,2,6,6,0,0,6,6,0.0000
4,132.0000,38,25,679.4571,-86.9890,-0.0680,6,0.1538,1.0000,8,8,8,0,0,8,8,0.0000
4,132.0000,38,26,871.8718,-87.7655,0.1131,9,0.2308,1.0000,2,4,4,0,0,4,4,0.0000
4,132.0000,38,27,330.4930,-82.0953,0.3194,15,0.3846,0.8571,7,8,6,0,0,8,6,0.2500
4,132.0000,38,29,850.4981,-86.4610,-1.2036,9,0.2308,0.8750,8,8,7,0,0,8,7,0.1250
4,132.0000,38,31,457.5067,-83.2213,-0.3215,13,0.3333,0.7143,7,8,8,0,0,8,8,0.0000
4,132.0000,38,34,330.5131,-77.9156,-1.2065,32,0.8205,0.5000,6,6,4,0,0,6,4,0.3333
4,132.0000,38,36,504.0590,-83.9126,-0.6324,15,0.3846,1.0000,8,8,8,0,0,8,8,0.0000
4,132.0000,38,37,170.1838,-77.1620,0.9243,28,0.7179,0.2000,5,4,0,0,0,4,0,1.0000
4,132.0000,38,40,595.3379,-85.4802,0.4275,10,0.2564,0.8571,7,8,7,0,0,8,7,0.1250
4,132.0000,38,41,433.3354,-81.1875,-0.2184,25,0.6410,0.7500,8,7,6,0,0,7,6,0.1429
4,132.0000,38,43,770.6908,-87.0391,0.4952,12,0.3077,0.7500,4,8,8,0,0,8,8,0.0000
4,132.0000,38,45,619.9869,-87.1470,0.3851,6,0.1538,1.0000,8,7,6,0,0,7,6,0.1429
4,132.0000,38,47,271.5228,-77.7918,0.7523,30,0.7692,0.2000,5,8,5,0,0,8,5,0.3750
4,132.0000,39,2,343.8228,-79.5368,-0.9805,31,0.7750,0.4000,5,6,3,0,0,6,3,0.5000
4,132.0000,39,4,770.0086,-86.2487,0.5465,5,0.1250,1.0000,6,8,8,0,0,8,8,0.0000
4,132.0000,39,8,532.0782,-85.1400,0.1764,5,0.1250,1.0000,8,8,8,0,0,8,8,0.0000
4,132.0000,39,11,226.1330,-74.6644,-1.3877,36,0.9000,0.2000,5,5,1,0,0,5,1,0.8000
4,132.0000,39,13,440.3337,-83.1816,0.5060,9,0.2250,0.6667,6,7,6,0,0,7,6,0.1429
4,132.0000,39,14,569.2936,-85.0205,0.6520,4,0.1000,1.0000,8,8,8,0,0,8,8,0.0000
4,132.0000,39,15,430.1718,-82.6827,-0.3104,9,0.2250,0.8571,7,7,6,0,0,7,6,0.1429
4,132.0000,39,17,325.5982,-79.8122,-1.1277,14,0.3500,0.4000,5,6,3,0,0,6,3,0.5000
4,132.0000,39,18,629.7628,-84.5351,-1.8125,5,0.1250,0.6667,6,7,6,0,0,7,6,0.1429
4,132.0000,39,28,804.9522,-86.5581,-0.1847,3,0.0750,1.0000,6,7,6,0,0,7,6,0.1429
4,132.0000,39,30,1001.9457,-87.8866,-0.1537,4,0.1000,1.0000,6,6,6,0,0,6,6,0.0000
4,132.0000,39,32,988.8174,-88.4688,-0.8815,3,0.0750,1.0000,4,2,2,0,0,2,2,0.0000
4,132.0000,39,35,709.3837,-84.5058,-1.1968,7,0.1750,1.0000,8,8,7,0,0,8,7,0.1250
4,132.0000,39,42,387.0547,-81.9641,1.5540,6,0.1500,1.0000,8,6,4,0,0,6,4,0.3333
4,132.0000,39,44,770.0599,-86.5634,-0.9327,4,0.1000,1.0000,6,8,8,0,0,8,8,0.0000
4,132.0000,39,46,177.8009,-73.1406,-0.5108,31,0.7750,0.0000,4,4,0,0,0,4,0,1.0000
4,132.0000,40,1,614.5263,-86.8943,1.4789,8,0.2000,0.8571,7,8,8,0,0,8,8,0.0000
4,132.0000,40,2,863.2801,-87.1377,-0.5264,9,0.2250,,0,6,6,0,0,6,6,0.0000
4,132.0000,40,3,411.0687,-82.8221,-0.3411,11,0.2750,0.8571,7,6,3,0,0,6,3,0.5000
4,132.0000,40,4,742.0605,-86.7104,-0.2549,9,0.2250,0.6000,5,2,2,0,0,2,2,0.0000
4,132.0000,40,6,485.0723,-84.9395,0.7184,9,0.2250,1.0000,8,8,8,0,0,8,8,0.0000
4,132.0000,40,7,917.8346,-89.5460,0.1066,4,0.1000,1.0000,2,2,2,0,0,2,2,0.0000
4,132.0000,40,8,309.2756,-79.9549,-0.3671,32,0.8000,0.6667,6,6,2,0,0,6,2,0.6667
4,132.0000,40,11,802.8675,-87.0030,-0.4182,8,0.2000,1.0000,4,4,4,0,0,4,4,0.0000
4,132.0000,40,12,1006.8808,-88.1543,-0.8850,4,0.1000,1.0000,6,2,2,0,0,2,2,0.0000
4,132.0000,40,13,404.8925,-80.7631,0.6091,15,0.3750,0.8571,7,8,8,0,0,8,8,0.0000
4,132.0000,40,14,369.8434,-80.3240,-0.5091,22,0.5500,0.8750,8,8,8,0,0,8,8,0.0000
4,132.0000,40,15,655.9468,-85.3158,-1.2479,10,0.2500,1.0000,6,6,6,0,0,6,6,0.0000
4,132.0000,40,17,649.9047,-84.2033,-0.9137,10,0.2500,0.8750,8,2,2,0,0,2,2,0.0000
4,132.0000,40,18,559.7313,-84.6311,0.1485,11,0.2750,0.7143,7,8,7,0,0,8,7,0.1250
4,132.0000,40,19,590.4920,-84.9307,0.9304,9,0.2250,1.0000,8,8,8,0,0,8,8,0.0000
4,132.0000,40,20,273.6777,-78.6407,0.2182,23,0.5750,0.7143,7,7,4,0,0,7,4,0.4286
4,132.0000,40,21,444.4173,-83.8543,-0.2681,12,0.3000,0.8571,7,6,4,0,0,6,4,0.3333
4,132.0000,40,22,739.5160,-87.8392,1.3123,4,0.1000,1.0000,8,8,7,0,0,8,7,0.1250
4,132.0000,40,23,691.0667,-87.5196,-0.0043,7,0.1750,1.0000,8,8,8,0,0,8,8,0.0000
4,132.0000,40,24,583.4006,-84.4234,-0.0220,10,0.2500,0.8750,8,8,8,0,0,8,8,0.0000
4,132.0000,40,25,291.8065,-77.7069,-0.2889,29,0.7250,0.3333,6,7,6,0,0,7,6,0.1429
4,132.0000,40,27,266.2947,-78.5401,0.6749,23,0.5750,0.7121,132,5,1,116,68,121,69,0.4298
4,132.0000,40,30,1212.9855,-89.4049,0.3533,3,0.0750,1.0000,2,8,8,0,0,8,8,0.0000
4,132.0000,40,31,236.1483,-76.5327,0.3775,27,0.6750,0.5000,6,6,3,0,0,6,3,0.5000
4,132.0000,40,32,766.2177,-86.9396,-0.1730,9,0.2250,0.7500,4,8,7,0,0,8,7,0.1250
4,132.0000,40,33,478.2853,-83.3140,0.1754,11,0.2750,0.8571,7,7,6,0,0,7,6,0.1429
4,132.0000,40,36,771.6881,-86.9898,-1.6504,6,0.1500,0.8750,8,8,8,0,0,8,8,0.0000
4,132.0000,40,37,521.1932,-84.5539,0.2636,9,0.2250,1.0000,8,6,4,0,0,6,4,0.3333
4,132.0000,40,38,595.3379,-85.2766,0.6655,8,0.2000,0.8571,7,7,6,0,0,7,6,0.1429
4,132.0000,40,39,728.9050,-86.2363,-0.5654,9,0.2250,1.0000,6,8,8,0,0,8,8,0.0000
4,132.0000,40,42,362.9204,-78.7565,-1.5432,25,0.6250,0.4286,7,5,2,0,0,5,2,0.6000
4,132.0000,40,45,194.3514,-75.7464,0.1233,30,0.7500,0.2000,5,4,0,0,0,4,0,1.0000
4,132.0000,40,46,747.2126,-85.8208,-1.2266,9,0.2250,1.0000,8,6,5,0,0,6,5,0.1667
4,132.0000,40,47,860.8462,-87.5006,-0.6470,6,0.1500,1.0000,2,8,8,0,0,8,8,0.0000
4,132.0000,41,0,736.0614,-87.4504,-0.1636,4,0.1000,1.0000,8,6,5,0,0,6,5,0.1667
4,132.0000,41,3,473.4236,-83.3375,0.0267,7,0.1750,1.0000,8,8,8,0,0,8,8,0.0000
4,132.0000,41,5,874.5112,-87.7724,0.5465,4,0.1000,1.0000,8,8,8,0,0,8,8,0.0000
4,132.0000,41,10,604.5942,-84.8197,0.2383,7,0.1750,1.0000,10,6,6,0,0,6,6,0.0000
4,132.0000,41,12,374.1232,-78.9520,-1.3672,23,0.5750,0.5000,6,7,6,0,0,7,6,0.1429
4,132.0000,41,22,789.5198,-86.9358,0.2487,4,0.1000,0.8571,7,8,8,0,0,8,8,0.0000
4,132.0000,41,23,228.8223,-76.6882,0.3819,35,0.8750,0.3333,6,4,0,0,0,4,0,1.0000
4,132.0000,41,26,707.6243,-84.6949,-0.1918,15,0.3750,0.8571,7,8,8,0,0,8,8,0.0000
4,132.0000,41,27,610.3347,-86.2742,3.5871,4,0.1000,1.0000,8,8,8,0,0,8,8,0.0000
4,132.0000,41,29,697.0610,-84.6686,0.1699,13,0.3250,0.8750,8,8,8,0,0,8,8,0.0000
4,132.0000,41,31,731.9844,-86.2990,0.0096,4,0.1000,1.0000,8,8,8,0,0,8,8,0.0000
4,132.0000,41,34,283.2241,-77.0856,-0.6804,30,0.7500,0.0000,4,6,4,0,0,6,4,0.3333
4,132.0000,41,37,585.0035,-84.1457,-0.1616,7,0.1750,0.8750,8,8,8,0,0,8,8,0.0000
4,132.0000,41,38,433.3354,-81.9017,-1.3524,10,0.2500,0.8571,7,8,7,0,0,8,7,0.1250
4,132.0000,41,47,465.9550,-82.0025,0.0581,15,0.3750,0.7143,7,7,6,0,0,7,6,0.1429
4,132.0000,42,1,940.3972,-88.1688,-0.2388,4,0.1026,1.0000,6,4,4,0,0,4,4,0.0000
4,132.0000,42,2,526.9168,-85.0556,-0.0411,13,0.3333,1.0000,4,8,8,0,0,8,8,0.0000
4,132.0000,42,3,723.0504,-86.3518,-1.5932,8,0.2051,1.0000,8,8,8,0,0,8,8,0.0000
4,132.0000,42,4,661.7239,-85.5462,-1.4114,10,0.2564,1.0000,8,7,6,0,0,7,6,0.1429
4,132.0000,42,6,770.6091,-87.0829,0.8959,6,0.1538,0.8750,8,8,8,0,0,8,8,0.0000
4,132.0000,42,8,189.6683,-74.5628,-0.2291,35,0.8974,0.3333,6,6,3,0,0,6,3,0.5000
4,132.0000,42,9,678.2659,-86.5052,0.1925,9,0.2308,1.0000,8,6,6,0,0,6,6,0.0000
4,132.0000,42,11,497.3786,-82.8075,0.2823,15,0.3846,0.6667,6,7,6,0,0,7,6,0.1429
4,132.0000,42,13,285.0651,-78.6153,-0.0972,29,0.7436,0.3333,6,6,3,0,0,6,3,0.5000
4,132.0000,42,14,390.6353,-81.8578,-1.0098,18,0.4615,0.5714,7,6,2,0,0,6,2,0.6667
4,132.0000,42,15,468.9110,-82.8149,0.5185,14,0.3590,0.8571,7,8,8,0,0,8,8,0.0000
4,132.0000,42,17,334.7469,-80.5615,-0.5333,25,0.6410,0.8571,7,7,5,0,0,7,5,0.2857
4,132.0000,42,18,532.5137,-83.5962,1.0168,12,0.3077,0.5714,7,7,6,0,0,7,6,0.1429
4,132.0000,42,19,908.8040,-87.1422,0.4317,4,0.1026,1.0000,8,8,8,0,0,8,8,0.0000
4,132.0000,42,20,372.4247,-81.5572,-0.4305,19,0.4872,0.6667,6,8,7,0,0,8,7,0.1250
4,132.0000,42,21,718.3573,-86.1920,-1.2706,9,0.2308,1.0000,8,8,8,0,0,8,8,0.0000
4,132.0000,42,23,953.0762,-87.2795,0.2507,4,0.1026,1.0000,2,4,4,0,0,4,4,0.0000
4,132.0000,42,24,751.6935,-86.3723,-0.0451,7,0.1795,0.7143,7,8,7,0,0,8,7,0.1250
4,132.0000,42,25,299.2477,-77.1259,-0.2922,28,0.7179,0.5000,6,6,3,0,0,6,3,0.5000
4,132.0000,42,27,606.0730,-84.0015,-0.1921,9,0.2308,1.0000,8,8,8,0,0,8,8,0.0000
4,132.0000,42,28,858.9713,-88.1622,0.5770,5,0.1282,,0,6,6,0,0,6,6,0.0000
4,132.0000,42,31,492.1167,-81.8781,-0.3768,15,0.3846,0.6667,6,8,8,0,0,8,8,0.0000
4,132.0000,42,32,835.1632,-88.1413,0.2404,5,0.1282,1.0000,4,8,8,0,0,8,8,0.0000
4,132.0000,42,33,650.3484,-87.0662,0.9146,7,0.1795,1.0000,8,8,8,0,0,8,8,0.0000
4,132.0000,42,37,838.8879,-87.7733,1.1899,3,0.0769,0.8571,7,7,6,0,0,7,6,0.1429
4,132.0000,42,38,915.9370,-87.8480,-0.2701,5,0.1282,1.0000,6,6,6,0,0,6,6,0.0000
4,132.0000,42,39,387.0547,-82.1021,0.2327,23,0.5897,0.8571,7,6,2,0,0,6,2,0.6667
4,132.0000,42,40,362.9204,-77.8834,-0.8324,25,0.6410,0.5000,6,8,8,0,0,8,8,0.0000
4,132.0000,42,44,801.0127,-85.8430,0.8057,4,0.1026,1.0000,8,6,6,0,0,6,6,0.0000
4,132.0000,42,45,491.5513,-83.3275,0.5511,12,0.3077,0.8571,7,6,6,0,0,6,6,0.0000
4,132.0000,42,46,434.7594,-81.9574,-0.0106,22,0.5641,0.5714,7,6,4,0,0,6,4,0.3333
4,132.0000,43,0,395.0658,-81.5916,0.0942,21,0.5250,0.5000,6,7,5,0,0,7,5,0.2857
4,132.0000,43,1,757.5077,-86.6459,-0.1740,3,0.0750,1.0000,8,7,6,0,0,7,6,0.1429
4,132.0000,43,5,260.5096,-80.1156,0.8651,23,0.5750,0.4000,5,5,1,0,0,5,1,0.8000
4,132.0000,43,7,535.6828,-84.1467,-0.8490,8,0.2000,0.8750,8,7,5,0,0,7,5,0.2857
4,132.0000,43,10,478.5382,-84.0829,-0.0021,11,0.2750,0.8750,8,8,7,0,0,8,7,0.1250
4,132.0000,43,12,671.4228,-85.8147,0.2233,5,0.1250,1.0000,8,7,6,0,0,7,6,0.1429
4,132.0000,43,16,200.9976,-76.9291,0.7391,30,0.7500,0.2000,5,4,0,0,0,4,0,1.0000
4,132.0000,43,22,499.3524,-83.5247,-0.2630,8,0.2000,0.8571,7,7,6,0,0,7,6,0.1429
4,132.0000,43,34,784.2912,-87.8798,0.7721,4,0.1000,1.0000,8,6,6,0,0,6,6,0.0000
4,132.0000,43,36,623.6598,-85.6106,0.7702,5,0.1250,0.8750,8,8,7,0,0,8,7,0.1250
4,132.0000,43,47,593.8071,-84.1689,0.2846,6,0.1500,1.0000,8,8,8,0,0,8,8,0.0000
4,132.0000,44,2,642.7955,-85.2280,0.2428,10,0.2500,1.0000,6,7,6,0,0,7,6,0.1429
4,132.0000,44,4,296.3318,-80.6757,0.4233,20,0.5000,1.0000,8,5,1,0,0,5,1,0.8000
4,132.0000,44,9,364.5455,-80.7488,0.0203,19,0.4750,0.7143,7,8,8,0,0,8,8,0.0000
4,132.0000,44,11,575.6139,-84.6573,-1.2100,12,0.3000,0.6667,6,8,8,0,0,8,8,0.0000
4,132.0000,44,13,916.6629,-87.6347,0.9741,3,0.0750,0.7778,9,4,4,0,0,4,4,0.0000
4,132.0000,44,15,416.4712,-82.7297,0.7814,15,0.3750,1.0000,8,7,6,0,0,7,6,0.1429
4,132.0000,44,17,601.8821,-84.5697,-0.1057,8,0.2000,1.0000,8,6,4,0,0,6,4,0.3333
4,132.0000,44,18,510.2371,-83.8128,-0.2617,6,0.1500,0.8571,7,8,8,0,0,8,8,0.0000
4,132.0000,44,24,712.9304,-85.8017,0.4928,3,0.0750,1.0000,8,8,8,0,0,8,8,0.0000
4,132.0000,44,28,70.9298,-64.7572,-0.4917,39,0.9750,0.2000,5,4,0,0,0,4,0,1.0000
4,132.0000,44,30,291.4740,-77.7526,-0.8478,37,0.9250,0.0000,4,5,2,0,0,5,2,0.6000
4,132.0000,44,32,493.7087,-82.9996,-0.4632,12,0.3000,0.5714,7,7,6,0,0,7,6,0.1429
4,132.0000,44,33,684.1097,-85.8190,4.9610,3,0.0750,1.0000,8,8,8,0,0,8,8,0.0000
4,132.0000,44,35,401.8648,-79.8190,-1.0257,32,0.8000,0.2000,5,7,6,0,0,7,6,0.1429
4,132.0000,44,39,770.0599,-85.9297,-0.4162,3,0.0750,1.0000,8,8,8,0,0,8,8,0.0000
4,132.0000,44,42,801.0127,-86.9155,0.1179,3,0.0750,1.0000,8,8,8,0,0,8,8,0.0000
4,132.0000,44,46,599.6534,-85.0238,0.4538,8,0.2000,1.0000,8,8,7,0,0,8,7,0.1250
4,132.0000,45,1,505.2483,-83.6896,-0.4987,14,0.3590,0.8571,7,7,6,0,0,7,6,0.1429
4,132.0000,45,2,929.8902,-88.4271,-0.3147,5,0.1282,,0,4,4,0,0,4,4,0.0000
4,132.0000,45,3,473.1066,-83.9246,0.9127,14,0.3590,0.6667,6,8,8,0,0,8,8,0.0000
4,132.0000,45,4,659.3335,-86.2170,-1.1084,16,0.4103,0.8000,5,4,4,0,0,4,4,0.0000
4,132.0000,45,6,460.8844,-83.7870,0.8332,14,0.3590,1.0000,8,8,7,0,0,8,7,0.1250
4,132.0000,45,7,833.7717,-88.0432,-1.0634,7,0.1795,,0,2,2,0,0,2,2,0.0000
4,132.0000,45,8,484.5943,-83.6979,0.4993,14,0.3590,0.8571,7,5,2,0,0,5,2,0.6000
4,132.0000,45,9,571.4518,-85.1599,0.7133,16,0.4103,0.6667,6,2,0,0,0,2,0,1.0000
4,132.0000,45,10,1079.5426,-89.0080,-0.2596,3,0.0769,,0,4,4,0,0,4,4,0.0000
4,132.0000,45,11,865.9122,-87.1224,-0.1410,10,0.2564,0.9625,80,4,4,0,0,4,4,0.0000
4,132.0000,45,12,1041.4763,-89.6168,-0.3068,3,0.0769,1.0000,4,4,4,0,0,4,4,0.0000
4,132.0000,45,13,548.4718,-85.1718,0.0946,14,0.3590,0.8571,7,8,7,0,0,8,7,0.1250
4,132.0000,45,14,440.2396,-81.6598,0.2925,18,0.4615,0.7143,7,8,8,0,0,8,8,0.0000
4,132.0000,45,15,663.6996,-86.4242,0.2134,13,0.3333,1.0000,8,6,6,0,0,6,6,0.0000
4,132.0000,45,17,712.7900,-86.9257,0.9089,13,0.3333,0.6667,6,4,4,0,0,4,4,0.0000
4,132.0000,45,18,516.6441,-84.8175,-0.1607,17,0.4359,1.0000,6,8,8,0,0,8,8,0.0000
4,132.0000,45,19,475.6611,-84.9508,0.1910,17,0.4359,0.6667,6,8,6,0,0,8,6,0.2500
4,132.0000,45,20,234.0044,-75.0490,-1.2733,34,0.8718,0.0000,4,6,4,0,0,6,4,0.3333
4,132.0000,45,21,252.7291,-78.0220,0.0618,33,0.8462,0.5000,6,7,5,0,0,7,5,0.2857
4,132.0000,45,22,651.6540,-87.7964,0.5958,9,0.2308,0.8571,7,7,6,0,0,7,6,0.1429
4,132.0000,45,23,785.3030,-87.6242,-1.0875,9,0.2308,,0,7,6,0,0,7,6,0.1429
4,132.0000,45,24,434.2205,-82.3997,-0.2763,25,0.6410,0.9000,10,8,8,0,0,8,8,0.0000
4,132.0000,45,25,441.4483,-83.0701,-0.0728,17,0.4359,0.5000,6,8,6,0,0,8,6,0.2500
4,132.0000,45,27,319.0223,-79.4834,-0.4132,24,0.6154,0.6667,6,7,5,0,0,7,5,0.2857
4,132.0000,45,30,1140.0498,-88.8261,-0.3672,4,0.1026,,0,4,4,0,0,4,4,0.0000
4,132.0000,45,31,316.2739,-79.9655,0.4598,24,0.6154,0.5714,7,5,2,0,0,5,2,0.6000
4,132.0000,45,32,620.1935,-85.2520,0.7348,12,0.3077,1.0000,8,8,7,0,0,8,7,0.1250
4,132.0000,45,33,310.3360,-79.3492,0.1462,29,0.7436,0.5714,7,5,2,0,0,5,2,0.6000
4,132.0000,45,36,658.9866,-85.3308,-0.3116,14,0.3590,1.0000,8,4,4,0,0,4,4,0.0000
4,132.0000,45,37,519.9291,-83.6030,1.5119,11,0.2821,0.8750,8,7,6,0,0,7,6,0.1429
4,132.0000,45,38,619.9869,-87.0724,1.2707,9,0.2308,0.8571,7,8,8,0,0,8,8,0.0000
4,132.0000,45,39,838.9520,-87.4296,-2.1039,6,0.1538,1.0000,4,6,6,0,0,6,6,0.0000
4,132.0000,45,40,194.3514,-76.2244,0.7526,29,0.7436,0.0000,4,5,1,0,0,5,1,0.8000
4,132.0000,45,41,924.0607,-88.4780,0.2993,7,0.1795,0.8000,5,6,6,0,0,6,6,0.0000
4,132.0000,45,42,491.5513,-82.5515,-0.7508,24,0.6154,0.8571,7,6,3,0,0,6,3,0.5000
4,132.0000,45,43,1135.9478,-88.4903,0.4663,3,0.0769,1.0000,6,8,8,0,0,8,8,0.0000
4,132.0000,45,44,879.9456,-87.6743,-0.8467,6,0.1538,1.0000,6,8,8,0,0,8,8,0.0000
4,132.0000,45,46,818.3708,-87.2450,-0.5233,10,0.2564,1.0000,6,2,2,0,0,2,2,0.0000
4,132.0000,45,47,866.0957,-87.2509,-3.0375,5,0.1282,1.0000,6,6,6,0,0,6,6,0.0000
4,132.0000,46,2,302.1464,-80.3584,-0.1581,32,0.8000,0.5000,6,4,0,0,0,4,0,1.0000
4,132.0000,46,4,636.2218,-86.0261,1.4558,10,0.2500,1.0000,8,7,6,0,0,7,6,0.1429
4,132.0000,46,8,612.2149,-84.8730,-0.0643,10,0.2500,1.0000,8,8,8,0,0,8,8,0.0000
4,132.0000,46,9,695.4736,-86.0090,0.7725,10,0.2500,1.0000,8,8,7,0,0,8,7,0.1250
4,132.0000,46,11,64.4915,-69.5595,2.5811,38,0.9500,0.2000,5,4,0,0,0,4,0,1.0000
4,132.0000,46,13,504.0800,-82.3009,0.7842,13,0.3250,0.8571,7,8,8,0,0,8,8,0.0000
4,132.0000,46,14,564.6320,-84.3752,1.2302,9,0.2250,0.8889,9,6,6,0,0,6,6,0.0000
4,132.0000,46,15,285.7832,-78.8345,0.0107,26,0.6500,0.4000,5,7,5,0,0,7,5,0.2857
4,132.0000,46,17,286.6584,-78.3593,0.2158,30,0.7500,0.4000,5,7,3,0,0,7,3,0.5714
4,132.0000,46,18,522.1844,-83.2106,-1.0108,10,0.2500,1.0000,8,7,6,0,0,7,6,0.1429
4,132.0000,46,20,605.7220,-86.0833,0.1343,7,0.1750,1.0000,6,8,6,0,0,8,6,0.2500
4,132.0000,46,25,596.6342,-83.6078,0.5064,11,0.2750,0.5714,7,8,8,0,0,8,8,0.0000
4,132.0000,46,28,630.7172,-86.1157,0.2919,9,0.2250,0.8750,8,7,6,0,0,7,6,0.1429
4,132.0000,46,31,806.8506,-87.0372,0.8185,5,0.1250,1.0000,6,8,8,0,0,8,8,0.0000
4,132.0000,46,32,857.4786,-87.7292,0.3333,5,0.1250,1.0000,4,7,6,0,0,7,6,0.1429
4,132.0000,46,33,828.3341,-88.4178,1.7186,3,0.0750,1.0000,8,8,8,0,0,8,8,0.0000
4,132.0000,46,35,545.1176,-84.7525,0.2938,17,0.4250,1.0000,8,7,6,0,0,7,6,0.1429
4,132.0000,46,39,177.8009,-72.8994,-0.1457,37,0.9250,0.2000,5,5,1,1,0,6,1,0.8333
4,132.0000,46,40,747.2126,-86.9311,-0.1255,6,0.1500,1.0000,8,8,8,0,0,8,8,0.0000
4,132.0000,46,42,434.7594,-82.6399,0.9534,16,0.4000,0.8571,7,8,7,0,0,8,7,0.1250
4,132.0000,46,44,599.6534,-86.1141,0.4801,13,0.3250,0.8571,7,8,8,0,0,8,8,0.0000
4,132.0000,46,45,818.3708,-86.9959,-3.7436,3,0.0750,0.8750,8,8,8,0,0,8,8,0.0000
4,132.0000,47,0,424.9260,-82.4075,-0.0612,23,0.5750,0.7143,7,8,7,0,0,8,7,0.1250
4,132.0000,47,1,570.7787,-85.0190,0.9761,5,0.1250,1.0000,8,8,8,0,0,8,8,0.0000
4,132.0000,47,3,464.9848,-82.8253,-1.3744,8,0.2000,0.8571,7,7,5,0,0,7,5,0.2857
4,132.0000,47,5,422.1884,-81.5367,0.8526,20,0.5000,0.7500,8,7,5,0,0,7,5,0.2857
4,132.0000,47,6,560.7996,-83.8696,0.5673,7,0.1750,1.0000,8,7,6,0,0,7,6,0.1429
4,132.0000,47,7,456.1069,-82.8468,-0.2458,15,0.3750,0.8571,7,7,5,0,0,7,5,0.2857
4,132.0000,47,10,238.3911,-77.0491,0.1114,32,0.8000,0.2000,5,4,0,0,0,4,0,1.0000
4,132.0000,47,12,267.3141,-76.7108,-0.3562,33,0.8250,0.0000,4,5,1,0,0,5,1,0.8000
4,132.0000,47,16,483.7618,-82.8483,-0.4774,23,0.5750,0.5000,6,8,8,0,0,8,8,0.0000
4,132.0000,47,19,609.7485,-86.5740,1.1732,6,0.1500,1.0000,8,7,6,0,0,7,6,0.1429
4,132.0000,47,22,502.6425,-84.3127,-0.7965,10,0.2500,0.5000,6,8,7,0,0,8,7,0.1250
4,132.0000,47,23,515.7543,-82.8930,-1.2002,16,0.4000,0.8750,8,8,8,0,0,8,8,0.0000
4,132.0000,47,26,637.3763,-84.5358,-1.0276,19,0.4750,0.6667,6,7,5,0,0,7,5,0.2857
4,132.0000,47,27,594.6424,-85.3981,2.5371,5,0.1250,1.0000,8,7,6,0,0,7,6,0.1429
4,132.0000,47,29,617.0109,-84.2030,-0.4926,23,0.5750,0.7143,7,7,4,0,0,7,4,0.4286
4,132.0000,47,34,221.6098,-76.0406,0.1511,28,0.7000,0.5714,7,5,1,0,0,5,1,0.8000
4,132.0000,47,36,547.9845,-84.9901,2.2504,4,0.1000,0.8750,8,8,8,0,0,8,8,0.0000
4,132.0000,47,37,395.3536,-81.3857,0.0791,12,0.3000,0.8750,8,8,8,0,0,8,8,0.0000
4,132.0000,47,38,271.5228,-78.2335,0.3245,17,0.4250,0.6667,6,6,4,0,0,6,4,0.3333
4,132.0000,47,41,465.9550,-82.4780,-0.3967,20,0.5000,0.8750,8,7,5,0,0,7,5,0.2857
4,132.0000,47,43,593.8071,-84.7596,0.0791,14,0.3500,1.0000,8,7,5,0,0,7,5,0.2857
4,136.0000,0,5,378.0093,-81.1786,-0.2684,27,0.6750,0.4000,5,6,4,0,0,6,4,0.3333
4,136.0000,0,7,807.4908,-83.8664,0.3127,3,0.0750,0.8571,7,8,8,0,0,8,8,0.0000
4,136.0000,0,10,291.5454,-76.4387,-1.4027,28,0.7000,0.5000,6,7,6,0,0,7,6,0.1429
4,136.0000,0,12,227.2931,-78.5774,0.8228,30,0.7500,0.3333,6,5,1,0,0,5,1,0.8000
4,136.0000,0,16,573.4341,-82.4001,-0.7299,17,0.4250,0.2000,5,8,8,0,0,8,8,0.0000
4,136.0000,0,22,745.8053,-85.9259,0.8675,4,0.1000,1.0000,8,6,6,0,0,6,6,0.0000
4,136.0000,0,23,798.4589,-86.8246,0.7672,4,0.1000,1.0000,8,8,8,0,0,8,8,0.0000
4,136.0000,0,26,272.6752,-81.1161,0.9684,35,0.8750,0.4000,5,4,0,0,0,4,0,1.0000
4,136.0000,0,29,421.6664,-82.7755,0.0754,25,0.6250,0.7143,7,7,4,0,0,7,4,0.4286
4,136.0000,0,34,397.6716,-82.6982,0.6382,19,0.4750,0.7500,8,7,5,0,0,7,5,0.2857
4,136.0000,0,38,753.5310,-84.1780,0.1419,5,0.1250,1.0000,8,8,8,0,0,8,8,0.0000
4,136.0000,0,43,425.9815,-81.3588,0.0812,23,0.5750,0.6250,8,6,3,0,0,6,3,0.5000
4,136.0000,0,47,507.3925,-83.0918,-0.6267,16,0.4000,0.8571,7,8,8,0,0,8,8,0.0000
4,136.0000,1,3,512.9940,-82.8861,0.2995,6,0.1500,1.0000,8,8,8,0,0,8,8,0.0000
4,136.0000,1,5,642.8576,-84.2991,0.5755,11,0.2750,0.7500,8,8,7,0,0,8,7,0.1250
4,136.0000,1,6,367.9995,-79.5170,-0.4805,15,0.3750,0.5000,6,7,6,0,0,7,6,0.1429
4,136.0000,1,7,298.7218,-78.7737,-0.0218,26,0.6500,0.7143,7,5,2,0,0,5,2,0.6000
4,136.0000,1,8,838.5120,-86.8403,0.5521,3,0.0750,1.0000,4,8,8,0,0,8,8,0.0000
4,136.0000,1,10,584.6945,-84.7075,0.8064,7,0.1750,1.0000,6,7,5,0,0,7,5,0.2857
4,136.0000,1,12,798.5981,-86.5265,-0.5845,6,0.1500,1.0000,4,7,6,0,0,7,6,0.1429
4,136.0000,1,14,727.0201,-86.6247,-0.6741,3,0.0750,1.0000,8,6,6,0,0,6,6,0.0000
4,136.0000,1,16,581.5620,-85.3491,0.0623,13,0.3250,0.8000,5,8,7,0,0,8,7,0.1250
4,136.0000,1,18,723.0156,-87.3119,0.9522,3,0.0750,1.0000,8,8,7,0,0,8,7,0.1250
4,136.0000,1,19,111.5303,-66.3071,-2.2250,33,0.8250,0.2000,5,5,1,0,0,5,1,0.8000
4,136.0000,1,20,698.0381,-86.3819,1.0360,5,0.1250,1.0000,8,8,8,0,0,8,8,0.0000
4,136.0000,1,21,450.6224,-82.0774,-0.2088,11,0.2750,0.8750,8,7,6,0,0,7,6,0.1429
4,136.0000,1,22,361.8201,-80.8769,0.1033,18,0.4500,0.4000,5,8,8,0,0,8,8,0.0000
4,136.0000,1,23,791.9126,-86.3380,0.9912,3,0.0750,1.0000,8,7,5,0,0,7,5,0.2857
4,136.0000,1,24,629.6812,-84.3322,-0.3556,10,0.2500,0.7143,7,5,2,0,0,5,2,0.6000
4,136.0000,1,26,1070.9890,-88.7478,0.3931,4,0.1000,1.0000,6,2,2,0,0,2,2,0.0000
4,136.0000,1,27,434.8143,-82.3881,-0.8607,8,0.2000,0.6667,6,6,3,0,0,6,3,0.5000
4,136.0000,1,31,453.2013,-83.9639,0.7044,6,0.1500,1.0000,8,7,6,0,0,7,6,0.1429
4,136.0000,1,33,631.5864,-84.1220,-2.1014,5,0.1250,0.5000,6,8,7,0,0,8,7,0.1250
4,136.0000,1,36,270.2212,-76.2428,-1.1304,30,0.7500,0.0000,4,6,3,0,0,6,3,0.5000
4,136.0000,1,37,366.3086,-80.2391,0.0439,14,0.3500,0.8750,8,8,8,0,0,8,8,0.0000
4,136.0000,1,38,360.1609,-81.3300,0.6630,12,0.3000,0.8750,8,7,4,0,0,7,4,0.4286
4,136.0000,1,40,534.2284,-85.7204,0.3930,4,0.1000,0.8750,8,8,8,0,0,8,8,0.0000
4,136.0000,1,43,640.0497,-85.4501,-0.3679,8,0.2000,0.7500,8,6,5,0,0,6,5,0.1667
4,136.0000,1,45,448.6842,-81.9386,-0.1697,8,0.2000,0.7143,7,6,4,0,0,6,4,0.3333
4,136.0000,1,47,408.7105,-81.9719,-0.3582,15,0.3750,0.9000,10,5,2,0,0,5,2,0.6000
4,136.0000,2,4,577.2751,-85.5855,-1.7728,8,0.2000,0.8571,7,8,8,0,0,8,8,0.0000
4,136.0000,2,8,738.4717,-86.4672,1.9557,5,0.1250,0.8571,7,8,8,0,0,8,8,0.0000
4,136.0000,2,9,798.3110,-86.4017,-1.8437,4,0.1000,1.0000,8,8,7,0,0,8,7,0.1250
4,136.0000,2,11,316.4491,-80.1231,0.0577,27,0.6750,0.5714,7,5,2,0,0,5,2,0.6000
4,136.0000,2,13,773.5025,-85.7974,-1.9127,3,0.0750,0.7143,7,4,4,0,0,4,4,0.0000
4,136.0000,2,15,443.9037,-82.8572,-1.1641,14,0.3500,0.6667,6,8,7,0,0,8,7,0.1250
4,136.0000,2,17,220.2876,-76.4078,0.1655,30,0.7500,0.5000,6,7,2,0,0,7,2,0.7143
4,136.0000,2,18,801.9506,-85.6899,-2.1752,6,0.1500,1.0000,8,8,8,0,0,8,8,0.0000
4,136.0000,2,20,721.4060,-87.3955,1.8726,5,0.1250,1.0000,8,8,8,0,0,8,8,0.0000
4,136.0000,2,24,1024.9392,-88.2514,0.0919,4,0.1000,1.0000,8,4,4,0,0,4,4,0.0000
4,136.0000,2,25,904.8678,-86.8497,-0.2425,3,0.0750,1.0000,8,8,8,0,0,8,8,0.0000
4,136.0000,2,28,601.2244,-85.0895,-0.1118,14,0.3500,1.0000,8,8,7,0,0,8,7,0.1250
4,136.0000,2,30,694.6736,-86.9695,0.2990,9,0.2250,0.8571,7,8,8,0,0,8,8,0.0000
4,136.0000,2,35,452.9461,-83.8021,0.6392,22,0.5500,0.8571,7,6,3,0,0,6,3,0.5000
4,136.0000,2,39,452.4792,-81.0518,-0.4441,20,0.5000,0.7143,7,7,6,0,0,7,6,0.1429
4,136.0000,2,42,511.3877,-83.6118,0.7365,12,0.3000,1.0000,8,7,6,0,0,7,6,0.1429
4,136.0000,2,44,557.2765,-84.6089,-0.1197,14,0.3500,0.8571,7,7,5,0,0,7,5,0.2857
4,136.0000,2,46,281.2699,-78.6045,-0.1694,25,0.6250,0.4000,5,7,4,0,0,7,4,0.4286
4,136.0000,3,1,512.9940,-82.7003,-0.3609,9,0.2250,0.8750,8,8,8,0,0,8,8,0.0000
4,136.0000,3,5,903.7679,-88.9150,-0.0364,3,0.0750,0.8750,8,2,2,0,0,2,2,0.0000
4,136.0000,3,6,361.6428,-80.0658,-0.0984,19,0.4750,0.6667,6,8,8,0,0,8,8,0.0000
4,136.0000,3,7,772.6377,-85.4741,-0.9793,9,0.2250,1.0000,8,2,2,0,0,2,2,0.0000
4,136.0000,3,8,522.2975,-85.4662,0.3991,7,0.1750,0.6667,6,7,6,0,0,7,6,0.1429
4,136.0000,3,9,1017.0565,-88.9483,0.4534,4,0.1000,1.0000,2,4,4,0,0,4,4,0.0000
4,136.0000,3,10,730.0307,-86.6428,-0.5663,8,0.2000,1.0000,8,2,2,0,0,2,2,0.0000
4,136.0000,3,12,730.8670,-85.2823,-0.9128,8,0.2000,1.0000,8,4,4,0,0,4,4,0.0000
4,136.0000,3,13,523.2466,-84.5313,-0.4868,8,0.2000,1.0000,8,6,3,0,0,6,3,0.5000
4,136.0000,3,14,609.1197,-85.5917,0.1325,7,0.1750,1.0000,8,6,6,0,0,6,6,0.0000
4,136.0000,3,16,947.5837,-87.4870,0.0398,4,0.1000,0.8571,7,2,2,0,0,2,2,0.0000
4,136.0000,3,18,790.3627,-87.6058,0.4210,5,0.1250,1.0000,8,8,8,0,0,8,8,0.0000
4,136.0000,3,19,451.0851,-84.0547,0.2108,10,0.2500,0.7143,7,6,6,0,0,6,6,0.0000
4,136.0000,3,20,571.6767,-85.1507,-2.0711,6,0.1500,1.0000,8,8,8,0,0,8,8,0.0000
4,136.0000,3,21,649.0865,-85.1009,0.5343,10,0.2500,1.0000,8,8,8,0,0,8,8,0.0000
4,136.0000,3,22,545.8831,-84.0549,0.2861,11,0.2750,0.8571,7,8,7,0,0,8,7,0.1250
4,136.0000,3,23,380.0115,-81.1162,0.2673,21,0.5250,0.8750,8,7,5,0,0,7,5,0.2857
4,136.0000,3,24,878.1374,-87.4163,0.8867,5,0.1250,0.8571,7,2,2,0,0,2,2,0.0000
4,136.0000,3,25,364.8354,-81.8394,1.6108,12,0.3000,1.0000,8,7,6,0,0,7,6,0.1429
4,136.0000,3,27,121.2087,-71.2760,0.2935,33,0.8250,0.0000,4,7,3,0,0,7,3,0.5714
4,136.0000,3,29,1097.9915,-88.3665,-0.7581,3,0.0750,1.0000,6,4,4,0,0,4,4,0.0000
4,136.0000,3,31,288.4717,-78.0093,0.0103,21,0.5250,0.7143,7,8,6,0,0,8,6,0.2500
4,136.0000,3,32,934.4904,-87.4853,0.0650,3,0.0750,1.0000,4,4,3,0,0,4,3,0.2500
4,136.0000,3,33,715.7409,-85.9402,-0.4788,5,0.1250,0.8571,7,8,8,0,0,8,8,0.0000
4,136.0000,3,34,595.9859,-83.3235,-0.1409,16,0.4000,0.8000,5,4,4,0,0,4,4,0.0000
4,136.0000,3,36,766.8277,-87.1650,-0.6061,8,0.2000,0.9000,10,6,6,0,0,6,6,0.0000
4,136.0000,3,37,190.1584,-75.2622,0.2784,35,0.8750,0.0000,4,5,1,0,0,5,1,0.8000
4,136.0000,3,38,205.8916,-74.9431,-0.1617,31,0.7750,0.5000,6,6,3,0,0,6,3,0.5000
4,136.0000,3,39,909.8797,-87.4699,0.6194,3,0.0750,0.8333,6,8,8,0,0,8,8,0.0000
4,136.0000,3,40,335.1452,-80.6567,0.0445,15,0.3750,0.7500,8,7,5,0,0,7,5,0.2857
4,136.0000,3,41,411.4302,-82.3169,0.4585,20,0.5000,0.5000,6,7,5,0,0,7,5,0.2857
4,136.0000,3,42,734.3293,-86.4723,0.2160,5,0.1250,1.0000,4,8,8,0,0,8,8,0.0000
4,136.0000,3,43,894.8853,-88.4521,0.5161,3,0.0750,1.0000,6,4,4,0,0,4,4,0.0000
4,136.0000,3,45,457.0970,-82.6758,-0.5874,8,0.2000,0.8750,8,7,6,0,0,7,6,0.1429
4,136.0000,3,47,461.4858,-83.3946,0.1065,12,0.3000,0.7500,8,6,4,0,0,6,4,0.3333
4,136.0000,4,2,577.2751,-84.8475,-0.3602,13,0.3250,1.0000,6,7,6,0,0,7,6,0.1429
4,136.0000,4,9,285.9241,-76.5507,-1.0190,29,0.7250,0.2000,5,6,3,0,0,6,3,0.5000
4,136.0000,4,11,610.7388,-84.4441,0.2369,5,0.1250,0.8750,8,7,6,0,0,7,6,0.1429
4,136.0000,4,14,715.0080,-85.1092,0.4434,4,0.1000,0.8750,8,8,8,0,0,8,8,0.0000
4,136.0000,4,15,448.8426,-82.2558,-0.4954,19,0.4750,0.8571,7,7,6,0,0,7,6,0.1429
4,136.0000,4,17,499.0163,-83.3987,0.3283,16,0.4000,0.7500,8,5,4,0,0,5,4,0.2000
4,136.0000,4,18,549.1210,-84.6847,-0.2724,7,0.1750,1.0000,8,8,8,0,0,8,8,0.0000
4,136.0000,4,20,610.0164,-85.4659,-0.3024,4,0.1000,1.0000,8,7,6,0,0,7,6,0.1429
4,136.0000,4,21,781.6832,-84.9348,-0.3836,3,0.0750,1.0000,8,8,8,0,0,8,8,0.0000
4,136.0000,4,24,599.5286,-84.4749,1.4419,6,0.1500,0.8571,7,8,8,0,0,8,8,0.0000
4,136.0000,4,28,292.2832,-80.2952,0.5154,27,0.6750,0.5714,7,5,1,0,0,5,1,0.8000
4,136.0000,4,30,374.6003,-82.3593,0.3546,29,0.7250,1.0000,8,5,2,0,0,5,2,0.6000
4,136.0000,4,32,445.4453,-81.3598,-1.3191,17,0.4250,0.8750,8,8,8,0,0,8,8,0.0000
4,136.0000,4,33,502.3491,-84.6130,0.9647,7,0.1750,1.0000,8,7,6,0,0,7,6,0.1429
4,136.0000,4,35,680.9606,-86.0770,-0.5472,14,0.3500,0.7143,7,8,8,0,0,8,8,0.0000
4,136.0000,4,39,788.5854,-86.7575,1.1696,3,0.0750,0.7143,7,8,8,0,0,8,8,0.0000
4,136.0000,4,42,696.4832,-85.5821,1.1394,4,0.1000,1.0000,8,8,8,0,0,8,8,0.0000
4,136.0000,4,44,221.8347,-77.9057,0.3968,32,0.8000,0.2000,5,4,0,0,0,4,0,1.0000
4,136.0000,4,46,603.5746,-85.1755,0.0795,14,0.3500,0.5000,6,8,8,0,0,8,8,0.0000
4,136.0000,5,0,378.0093,-81.7011,-0.2681,23,0.5750,1.0000,8,8,5,0,0,8,5,0.3750
4,136.0000,5,1,642.8576,-85.6710,-1.6450,4,0.1000,1.0000,8,8,8,0,0,8,8,0.0000
4,136.0000,5,7,489.7488,-80.7484,-1.0373,17,0.4250,0.7143,7,8,7,0,0,8,7,0.1250
4,136.0000,5,10,215.4201,-78.6799,1.0290,24,0.6000,0.7143,7,5,1,0,0,5,1,0.8000
4,136.0000,5,12,501.7179,-83.0111,0.3737,13,0.3250,0.7500,8,7,6,0,0,7,6,0.1429
4,136.0000,5,16,215.7753,-70.9258,-3.6832,31,0.7750,0.0000,4,4,0,0,0,4,0,1.0000
4,136.0000,5,22,624.8900,-85.4167,-3.0984,4,0.1000,0.8750,8,8,8,0,0,8,8,0.0000
4,136.0000,5,26,599.2278,-85.5771,1.1490,11,0.2750,1.0000,6,7,4,0,0,7,4,0.4286
4,136.0000,5,27,864.0379,-87.6655,0.2860,3,0.0750,0.8750,8,8,8,0,0,8,8,0.0000
4,136.0000,5,29,720.0238,-85.6085,0.0163,10,0.2500,1.0000,8,8,8,0,0,8,8,0.0000
4,136.0000,5,34,553.5974,-83.6314,-0.2885,8,0.2000,0.8571,7,7,6,0,0,7,6,0.1429
4,136.0000,5,36,534.0486,-83.5791,-0.6306,7,0.1750,0.5000,6,8,8,0,0,8,8,0.0000
4,136.0000,5,41,864.2662,-86.2056,0.4159,4,0.1000,1.0000,6,8,8,0,0,8,8,0.0000
4,136.0000,5,43,232.5350,-77.2205,-0.4375,33,0.8250,0.6667,6,5,1,0,0,5,1,0.8000
4,136.0000,5,47,453.4915,-81.6383,-0.1042,10,0.2500,0.7143,7,7,6,0,0,7,6,0.1429
4,136.0000,6,1,367.9995,-79.3120,-1.0869,25,0.6250,0.5000,6,7,6,0,0,7,6,0.1429
4,136.0000,6,3,361.6428,-80.2745,-1.0554,21,0.5250,1.0000,8,8,6,0,0,8,6,0.2500
4,136.0000,6,4,982.5289,-89.3967,-0.1390,3,0.0750,,0,2,2,0,0,2,2,0.0000
4,136.0000,6,7,623.6081,-84.4378,-0.1590,14,0.3500,1.0000,8,6,6,0,0,6,6,0.0000
4,136.0000,6,8,587.5003,-85.6258,0.5805,9,0.2250,1.0000,6,8,8,0,0,8,8,0.0000
4,136.0000,6,9,794.6127,-87.3397,3.7288,3,0.0750,1.0000,4,5,4,0,0,5,4,0.2000
4,136.0000,6,13,458.2605,-83.4673,-0.2177,10,0.2500,1.0000,8,7,6,0,0,7,6,0.1429
4,136.0000,6,14,399.5847,-82.1965,-0.1966,14,0.3500,0.8889,9,6,4,0,0,6,4,0.3333
4,136.0000,6,15,831.1519,-88.0966,-0.2514,6,0.1500,1.0000,8,4,4,0,0,4,4,0.0000
4,136.0000,6,16,926.8534,-87.9785,-1.6712,4,0.1000,0.8333,6,8,8,0,0,8,8,0.0000
4,136.0000,6,17,946.6499,-88.1844,0.4000,3,0.0750,,0,4,4,0,0,4,4,0.0000
4,136.0000,6,18,505.0060,-84.7125,0.4965,8,0.2000,0.8750,8,8,8,0,0,8,8,0.0000
4,136.0000,6,19,266.7764,-77.8701,-0.2681,29,0.7250,0.5000,6,7,3,0,0,7,3,0.5714
4,136.0000,6,20,444.8749,-82.2597,-0.0197,14,0.3500,1.0000,8,7,6,0,0,7,6,0.1429
4,136.0000,6,21,539.3799,-84.1228,-0.0476,12,0.3000,0.8750,8,8,6,0,0,8,6,0.2500
4,136.0000,6,22,611.5428,-83.6449,-1.3392,8,0.2000,1.0000,8,6,4,0,0,6,4,0.3333
4,136.0000,6,23,738.4731,-86.2636,-0.3383,13,0.3250,0.3333,3,4,4,0,0,4,4,0.0000
4,136.0000,6,24,586.3252,-85.2334,-0.6118,11,0.2750,0.8571,7,6,6,0,0,6,6,0.0000
4,136.0000,6,25,386.2881,-83.8890,0.2175,12,0.3000,0.8750,8,8,7,0,0,8,7,0.1250
4,136.0000,6,27,342.5850,-79.9779,0.9261,22,0.5500,0.7143,7,7,4,0,0,7,4,0.4286
4,136.0000,6,31,169.1131,-76.2980,0.9560,23,0.5750,0.5714,7,5,1,0,0,5,1,0.8000
4,136.0000,6,32,670.8416,-86.9794,-0.0804,4,0.1000,1.0000,2,4,3,0,0,4,3,0.2500
4,136.0000,6,33,512.0753,-83.3288,-0.1746,9,0.2250,0.8571,7,7,5,0,0,7,5,0.2857
4,136.0000,6,34,791.9021,-85.8705,-0.3678,9,0.2250,1.0000,6,4,4,0,0,4,4,0.0000
4,136.0000,6,36,626.7970,-83.3774,-0.7575,19,0.4750,0.8571,7,7,5,0,0,7,5,0.2857
4,136.0000,6,37,222.2088,-75.4091,-0.2703,27,0.6750,0.0000,4,5,1,0,0,5,1,0.8000
4,136.0000,6,38,348.2201,-81.2745,0.1172,17,0.4250,1.0000,8,8,7,0,0,8,7,0.1250
4,136.0000,6,39,849.7730,-87.8759,0.1004,4,0.1000,,0,8,8,0,0,8,8,0.0000
4,136.0000,6,40,369.0485,-81.9413,-0.0894,12,0.3000,0.8750,8,8,8,0,0,8,8,0.0000
4,136.0000,6,41,731.8549,-86.2827,0.0085,6,0.1500,0.8333,6,8,8,0,0,8,8,0.0000
4,136.0000,6,42,722.1714,-87.2853,-0.9360,5,0.1250,1.0000,8,8,6,0,0,8,6,0.2500
4,136.0000,6,45,392.6608,-81.7659,-0.1182,13,0.3250,0.8571,7,8,6,0,0,8,6,0.2500
4,136.0000,6,47,564.8180,-85.4192,0.9771,9,0.2250,1.0000,8,8,7,0,0,8,7,0.1250
4,136.0000,7,0,807.4908,-86.4236,1.0676,7,0.1750,0.8571,7,4,4,0,0,4,4,0.0000
4,136.0000,7,1,298.7218,-78.5399,-0.3754,15,0.3750,0.5000,6,8,6,0,0,8,6,0.2500
4,136.0000,7,5,489.7488,-81.1653,-0.6787,22,0.5500,0.8571,7,7,5,0,0,7,5,0.2857
4,136.0000,7,6,623.6081,-84.9587,0.8163,3,0.0750,0.8750,8,8,8,0,0,8,8,0.0000
4,136.0000,7,10,525.8297,-84.2928,1.0373,16,0.4000,1.0000,8,8,8,0,0,8,8,0.0000
4,136.0000,7,12,820.7925,-85.7086,-1.3703,3,0.0750,0.8000,5,4,4,0,0,4,4,0.0000
4,136.0000,7,16,383.7231,-81.9656,-0.4602,24,0.6000,0.7143,7,8,7,0,0,8,7,0.1250
4,136.0000,7,19,399.8200,-80.2811,-0.2470,9,0.2250,0.8571,7,8,8,0,0,8,8,0.0000
4,136.0000,7,21,682.4531,-86.8062,0.7824,4,0.1000,1.0000,8,8,8,0,0,8,8,0.0000
4,136.0000,7,22,525.3354,-83.8482,-0.8780,11,0.2750,0.8750,8,7,6,0,0,7,6,0.1429
4,136.0000,7,23,1003.0244,-86.6988,-0.1603,4,0.1000,1.0000,6,6,6,0,0,6,6,0.0000
4,136.0000,7,25,990.3887,-87.4304,-0.3388,3,0.0750,1.0000,6,8,8,0,0,8,8,0.0000
4,136.0000,7,36,135.3124,-73.4512,1.1247,29,0.7250,0.0000,4,5,2,0,0,5,2,0.6000
4,136.0000,7,37,615.0418,-83.7344,-2.0898,3,0.0750,0.8571,7,7,6,0,0,7,6,0.1429
4,136.0000,7,38,584.2968,-84.0838,-0.2967,6,0.1500,1.0000,8,7,6,0,0,7,6,0.1429
4,136.0000,7,43,543.7700,-84.1764,-0.7361,15,0.3750,1.0000,8,7,5,0,0,7,5,0.2857
4,136.0000,7,47,488.2644,-82.6202,-0.2915,11,0.2750,0.7500,8,8,8,0,0,8,8,0.0000
4,136.0000,8,1,838.5120,-87.3860,1.7405,5,0.1250,1.0000,6,8,8,0,0,8,8,0.0000
4,136.0000,8,2,738.4717,-85.3843,-0.2150,7,0.1750,0.8333,6,2,2,0,0,2,2,0.0000
4,136.0000,8,3,522.2975,-83.9813,1.6025,7,0.1750,0.5000,6,7,6,0,0,7,6,0.1429
4,136.0000,8,4,794.8965,-87.8084,-0.8937,4,0.1000,1.0000,4,6,6,0,0,6,6,0.0000
4,136.0000,8,6,587.5003,-84.5096,1.1655,7,0.1750,0.8571,7,6,6,0,0,6,6,0.0000
4,136.0000,8,9,771.3586,-87.6526,-0.6249,6,0.1500,1.0000,8,8,8,0,0,8,8,0.0000
4,136.0000,8,11,689.5680,-86.2026,-0.7769,9,0.2250,0.4000,5,8,8,0,0,8,8,0.0000
4,136.0000,8,13,311.9613,-78.9125,0.2297,19,0.4750,0.6154,39,7,4,0,0,7,4,0.4286
4,136.0000,8,14,439.5381,-82.9817,-0.7679,13,0.3250,0.8571,7,7,6,0,0,7,6,0.1429
4,136.0000,8,15,673.3119,-85.8261,-1.4644,7,0.1750,1.0000,8,8,8,0,0,8,8,0.0000
4,136.0000,8,17,528.8398,-84.0790,0.1141,12,0.3000,0.8571,7,7,6,0,0,7,6,0.1429
4,136.0000,8,18,629.3845,-85.5265,-1.1811,6,0.1500,0.8571,7,8,8,0,0,8,8,0.0000
4,136.0000,8,19,738.8942,-88.5885,1.2573,4,0.1000,1.0000,8,8,8,0,0,8,8,0.0000
4,136.0000,8,20,295.3980,-80.1747,0.4068,12,0.3000,1.0000,8,6,3,0,0,6,3,0.5000
4,136.0000,8,21,671.0709,-86.6753,0.3082,5,0.1250,1.0000,8,8,8,0,0,8,8,0.0000
4,136.0000,8,22,850.9882,-88.1097,-0.3170,4,0.1000,1.0000,2,6,6,0,0,6,6,0.0000
4,136.0000,8,23,734.6418,-85.9126,-0.3024,5,0.1250,1.0000,6,6,6,0,0,6,6,0.0000
4,136.0000,8,24,810.0205,-87.3513,-0.6126,3,0.0750,0.6667,6,6,6,0,0,6,6,0.0000
4,136.0000,8,25,293.5238,-78.9701,0.3954,19,0.4750,0.4000,5,8,5,0,0,8,5,0.3750
4,136.0000,8,27,515.5685,-82.7212,-0.7991,9,0.2250,0.8750,8,7,6,0,0,7,6,0.1429
4,136.0000,8,28,927.9508,-87.7496,0.2379,6,0.1500,1.0000,2,6,6,0,0,6,6,0.0000
4,136.0000,8,31,424.6979,-82.2135,1.8673,6,0.1500,0.8571,7,8,7,0,0,8,7,0.1250
4,136.0000,8,32,774.5079,-87.0770,-1.0204,5,0.1250,,0,6,6,0,0,6,6,0.0000
4,136.0000,8,33,544.9448,-85.5814,-0.5067,7,0.1750,0.8750,8,7,6,0,0,7,6,0.1429
4,136.0000,8,34,1113.6589,-89.7588,0.0219,4,0.1000,1.0000,4,2,2,0,0,2,2,0.0000
4,136.0000,8,37,619.6529,-85.7554,-0.3492,6,0.1500,1.0000,8,8,8,0,0,8,8,0.0000
4,136.0000,8,38,695.8162,-87.4157,-1.2618,3,0.0750,1.0000,6,8,8,0,0,8,8,0.0000
4,136.0000,8,39,497.7117,-83.2606,-0.5502,16,0.4000,0.8571,7,7,6,0,0,7,6,0.1429
4,136.0000,8,40,314.2940,-78.2778,-0.1170,13,0.3250,1.0000,8,7,4,0,0,7,4,0.4286
4,136.0000,8,41,859.7888,-86.7481,-0.7424,4,0.1000,1.0000,4,4,4,0,0,4,4,0.0000
4,136.0000,8,42,245.2356,-76.6744,-0.5369,33,0.8250,0.0000,4,7,5,0,0,7,5,0.2857
4,136.0000,8,44,838.9479,-87.9746,-0.4757,3,0.0750,1.0000,6,6,5,0,0,6,5,0.1667
4,136.0000,8,45,462.7672,-82.9312,-0.7344,10,0.2500,1.0000,8,7,5,0,0,7,5,0.2857
4,136.0000,8,46,694.2163,-84.9406,0.0111,8,0.2000,0.8571,7,4,4,0,0,4,4,0.0000
4,136.0000,8,47,961.2668,-87.5899,0.6946,4,0.1000,1.0000,4,8,8,0,0,8,8,0.0000
4,136.0000,9,2,798.3110,-86.1291,0.0980,3,0.0750,1.0000,6,2,2,0,0,2,2,0.0000
4,136.0000,9,4,285.9241,-76.4323,-1.2327,33,0.8250,0.0000,4,7,6,0,0,7,6,0.1429
4,136.0000,9,8,771.3586,-87.2946,-0.2907,4,0.1000,1.0000,8,8,8,0,0,8,8,0.0000
4,136.0000,9,11,745.9366,-85.9824,-0.0954,10,0.2500,0.7500,4,8,8,0,0,8,8,0.0000
4,136.0000,9,14,625.2487,-86.7734,-1.5989,4,0.1000,1.0000,8,8,8,0,0,8,8,0.0000
4,136.0000,9,15,533.7786,-82.9611,-0.0803,14,0.3500,0.7143,7,7,6,0,0,7,6,0.1429
4,136.0000,9,17,665.4647,-85.5129,-1.1969,9,0.2250,1.0000,8,7,6,0,0,7,6,0.1429
4,136.0000,9,18,396.1424,-80.3859,-0.6659,18,0.4500,0.7143,7,8,7,0,0,8,7,0.1250
4,136.0000,9,19,809.6226,-86.4392,-0.8471,3,0.0750,1.0000,2,8,8,0,0,8,8,0.0000
4,136.0000,9,20,523.7074,-84.3250,-0.6318,5,0.1250,1.0000,8,8,8,0,0,8,8,0.0000
4,136.0000,9,21,556.6784,-84.0721,0.0327,8,0.2000,1.0000,8,8,8,0,0,8,8,0.0000
4,136.0000,9,24,328.2755,-80.2174,0.1227,19,0.4750,0.8750,8,6,3,0,0,6,3,0.5000
4,136.0000,9,28,421.9788,-82.0271,-0.3067,24,0.6000,0.8750,8,8,8,0,0,8,8,0.0000
4,136.0000,9,30,565.2865,-85.6453,-0.9564,13,0.3250,1.0000,8,8,8,0,0,8,8,0.0000
4,136.0000,9,32,176.2625,-74.7350,0.1903,35,0.8750,0.4000,5,5,1,0,0,5,1,0.8000
4,136.0000,9,33,301.9737,-79.1042,0.2218,17,0.4250,0.6667,6,7,6,0,0,7,6,0.1429
4,136.0000,9,39,874.7828,-86.6287,2.7805,3,0.0750,1.0000,4,8,8,0,0,8,8,0.0000
4,136.0000,9,44,358.6493,-80.4888,-0.2761,26,0.6500,0.5714,7,8,7,0,0,8,7,0.1250
4,136.0000,9,45,605.3650,-84.4539,0.1041,5,0.1250,0.8571,7,8,8,0,0,8,8,0.0000
4,136.0000,9,46,751.1165,-86.5622,-0.5932,7,0.1750,0.8000,5,8,8,0,0,8,8,0.0000
4,136.0000,10,0,291.5454,-77.0250,-1.3564,37,0.9250,0.3333,6,7,5,0,0,7,5,0.2857
4,136.0000,10,1,584.6945,-85.4048,0.0107,3,0.0750,1.0000,6,8,8,0,0,8,8,0.0000
4,136.0000,10,3,730.0307,-85.7523,0.8407,4,0.1000,1.0000,8,8,8,0,0,8,8,0.0000
4,136.0000,10,5,215.4201,-78.7411,1.4179,30,0.7500,0.2000,5,6,2,0,0,6,2,0.6667
4,136.0000,10,7,525.8297,-82.8103,0.2029,10,0.2500,0.7143,7,6,4,0,0,6,4,0.3333
4,136.0000,10,12,319.4956,-78.3876,-0.4388,35,0.8750,0.4000,5,6,3,0,0,6,3,0.5000
4,136.0000,10,16,385.7989,-81.5576,0.4673,23,0.5750,0.2500,4,7,6,0,0,7,6,0.1429
4,136.0000,10,22,562.0588,-83.8311,-1.1544,5,0.1250,1.0000,8,8,7,0,0,8,7,0.1250
4,136.0000,10,26,504.6976,-83.4999,0.6868,22,0.5500,0.8000,5,6,2,0,0,6,2,0.6667
4,136.0000,10,29,612.4778,-84.2049,-0.2157,23,0.5750,0.8571,7,7,6,0,0,7,6,0.1429
4,136.0000,10,34,341.9147,-80.1063,0.7147,19,0.4750,0.7143,7,7,4,0,0,7,4,0.4286
4,136.0000,10,36,573.0567,-85.0584,0.1835,6,0.1500,0.8750,8,7,5,0,0,7,5,0.2857
4,136.0000,10,38,543.9825,-83.0489,0.7826,8,0.2000,0.8571,7,8,8,0,0,8,8,0.0000
4,136.0000,10,41,651.7415,-84.5518,0.2771,6,0.1500,1.0000,10,6,6,0,0,6,6,0.0000
4,136.0000,10,43,326.8006,-80.9784,1.3960,29,0.7250,0.7143,7,4,0,0,0,4,0,1.0000
4,136.0000,10,47,275.6498,-77.2584,0.0265,28,0.7000,0.2000,5,6,2,0,0,6,2,0.6667
4,136.0000,11,2,316.4491,-79.4503,-0.2691,29,0.7250,0.5000,6,7,5,0,0,7,5,0.2857
4,136.0000,11,4,610.7388,-86.3092,0.6094,3,0.0750,0.8571,7,8,8,0,0,8,8,0.0000
4,136.0000,11,8,689.5680,-85.5370,-0.1776,5,0.1250,1.0000,8,8,7,0,0,8,7,0.1250
4,136.0000,11,9,745.9366,-88.0473,1.2301,3,0.0750,0.8750,8,6,4,0,0,6,4,0.3333
4,136.0000,11,13,594.8323,-84.0906,-1.9096,7,0.1750,1.0000,8,6,6,0,0,6,6,0.0000
4,136.0000,11,14,555.4607,-87.3089,1.5065,3,0.0750,0.8571,7,8,8,0,0,8,8,0.0000
4,136.0000,11,15,234.2868,-77.6503,0.7678,22,0.5500,0.7143,7,5,1,0,0,5,1,0.8000
4,136.0000,11,17,323.7801,-79.2279,0.4072,23,0.5750,0.5000,6,6,4,0,0,6,4,0.3333
4,136.0000,11,18,609.0845,-85.6449,-0.6219,6,0.1500,1.0000,8,8,8,0,0,8,8,0.0000
4,136.0000,11,20,603.1364,-84.2694,0.3028,6,0.1500,0.8571,7,8,7,0,0,8,7,0.1250
4,136.0000,11,25,751.7639,-88.2159,-1.2739,3,0.0750,1.0000,10,4,4,0,0,4,4,0.0000
4,136.0000,11,28,530.0472,-83.7098,0.2328,13,0.3250,0.7143,7,7,6,0,0,7,6,0.1429
4,136.0000,11,30,719.3282,-88.1956,-0.5593,5,0.1250,1.0000,4,8,7,0,0,8,7,0.1250
4,136.0000,11,32,790.8306,-85.7205,0.4260,3,0.0750,0.8000,5,8,8,0,0,8,8,0.0000
4,136.0000,11,33,744.5719,-88.8706,1.0459,3,0.0750,1.0000,8,8,8,0,0,8,8,0.0000
4,136.0000,11,35,372.6340,-82.2382,0.5708,22,0.5500,0.0000,4,5,1,0,0,5,1,0.8000
4,136.0000,11,39,305.1583,-77.7609,-1.0355,27,0.6750,0.2000,5,7,4,0,0,7,4,0.4286
4,136.0000,11,40,884.8381,-85.5610,-1.3910,3,0.0750,1.0000,8,4,4,0,0,4,4,0.0000
4,136.0000,11,42,463.7197,-82.6345,0.6556,12,0.3000,0.7143,7,7,6,0,0,7,6,0.1429
4,136.0000,11,44,494.8533,-84.3274,-0.3327,12,0.3000,0.4000,5,8,8,0,0,8,8,0.0000
4,136.0000,11,45,943.1975,-87.7480,-1.5365,4,0.1000,1.0000,8,6,6,0,0,6,6,0.0000
4,136.0000,11,46,35.9766,-60.2523,1.7699,34,0.8500,0.0000,4,4,0,0,0,4,0,1.0000
4,136.0000,12,0,227.2931,-79.0137,1.2111,33,0.8250,0.2000,5,4,0,0,0,4,0,1.0000
4,136.0000,12,3,730.8670,-86.8784,1.7420,3,0.0750,1.0000,8,8,8,0,0,8,8,0.0000
4,136.0000,12,5,501.7179,-83.4226,0.0029,15,0.3750,0.8750,8,7,5,0,0,7,5,0.2857
4,136.0000,12,6,942.9393,-88.9183,-0.4686,3,0.0750,1.0000,8,6,6,0,0,6,6,0.0000
4,136.0000,12,10,319.4956,-78.0960,-0.5580,28,0.7000,0.2000,5,8,7,0,0,8,7,0.1250
4,136.0000,12,16,685.8793,-85.0735,0.2277,12,0.3000,0.8750,8,8,8,0,0,8,8,0.0000
4,136.0000,12,19,849.9149,-88.0133,0.4333,3,0.0750,1.0000,8,8,8,0,0,8,8,0.0000
4,136.0000,12,22,703.7044,-85.2505,-1.2422,6,0.1500,1.0000,6,8,8,0,0,8,8,0.0000
4,136.0000,12,23,598.0865,-84.5296,-0.6178,11,0.2750,0.6667,6,8,8,0,0,8,8,0.0000
4,136.0000,12,26,327.6179,-81.6066,0.6537,29,0.7250,0.4000,5,4,0,0,0,4,0,1.0000
4,136.0000,12,27,743.3519,-87.0378,2.7755,3,0.0750,1.0000,8,8,8,0,0,8,8,0.0000
4,136.0000,12,29,421.2672,-82.2024,0.7224,28,0.7000,0.6667,6,3,0,0,0,3,0,1.0000
4,136.0000,12,34,204.3437,-75.7415,0.1256,34,0.8500,0.0000,4,6,2,0,0,6,2,0.6667
4,136.0000,12,36,856.5700,-88.6195,-0.2110,3,0.0750,1.0000,8,8,8,0,0,8,8,0.0000
4,136.0000,12,37,736.2794,-85.3222,-0.1072,6,0.1500,1.0000,8,8,8,0,0,8,8,0.0000
4,136.0000,12,38,607.7101,-84.2929,-1.0567,8,0.2000,0.8750,8,8,8,0,0,8,8,0.0000
4,136.0000,12,41,477.4089,-81.0988,-0.6792,20,0.5000,0.8750,8,7,6,0,0,7,6,0.1429
4,136.0000,12,43,547.1905,-84.5235,0.4909,14,0.3500,1.0000,8,7,5,0,0,7,5,0.2857
4,136.0000,12,47,402.6408,-79.7525,-1.0350,19,0.4750,0.5000,6,8,7,0,0,8,7,0.1250
4,136.0000,13,1,802.6933,-86.5441,0.2679,8,0.2000,,0,8,8,0,0,8,8,0.0000
4,136.0000,13,2,773.5025,-86.2299,0.3515,6,0.1500,1.0000,6,8,8,0,0,8,8,0.0000
4,136.0000,13,3,523.2466,-84.1776,-0.2625,13,0.3250,0.8571,7,8,8,0,0,8,8,0.0000
4,136.0000,13,4,846.0597,-87.9812,-0.5741,4,0.1000,1.0000,4,5,4,0,0,5,4,0.2000
4,136.0000,13,6,458.2605,-84.2417,0.9706,14,0.3500,0.8750,8,7,5,0,0,7,5,0.2857
4,136.0000,13,8,311.9613,-79.2799,0.7068,25,0.6250,0.7143,7,6,2,0,0,6,2,0.6667
4,136.0000,13,9,795.0828,-86.5982,-0.6417,7,0.1750,1.0000,6,8,8,0,0,8,8,0.0000
4,136.0000,13,11,594.8323,-85.5793,-0.3938,9,0.2250,0.7143,7,7,6,0,0,7,6,0.1429
4,136.0000,13,14,225.3820,-76.1028,-0.2707,34,0.8500,0.2000,5,6,3,0,0,6,3,0.5000
4,136.0000,13,15,573.7729,-85.0538,0.8167,10,0.2500,1.0000,8,6,4,0,0,6,4,0.3333
4,136.0000,13,17,596.0490,-83.6301,-0.3964,11,0.2750,1.0000,8,8,8,0,0,8,8,0.0000
4,136.0000,13,18,504.8709,-83.2736,0.7502,10,0.2500,0.8571,7,7,6,0,0,7,6,0.1429
4,136.0000,13,19,693.9334,-87.0865,-0.4159,5,0.1250,1.0000,4,10,10,0,0,10,10,0.0000
4,136.0000,13,20,298.1391,-80.6145,-0.0353,19,0.4750,0.8571,7,6,3,0,0,6,3,0.5000
4,136.0000,13,21,761.3030,-85.9414,1.1389,6,0.1500,0.8750,8,8,8,0,0,8,8,0.0000
4,136.0000,13,22,938.4079,-87.9071,0.6601,4,0.1000,1.0000,6,6,6,0,0,6,6,0.0000
4,136.0000,13,23,825.8196,-87.4722,0.8759,6,0.1500,1.0000,4,6,6,0,0,6,6,0.0000
4,136.0000,13,24,757.0849,-87.5109,-0.8079,6,0.1500,1.0000,8,6,6,0,0,6,6,0.0000
4,136.0000,13,25,163.4052,-72.4514,-0.9548,38,0.9500,0.2000,5,7,3,32,1,39,4,0.8974
4,136.0000,13,27,552.3505,-84.6670,-0.2409,11,0.2750,0.7143,7,7,6,0,0,7,6,0.1429
4,136.0000,13,28,881.0620,-87.8333,-0.8666,8,0.2000,1.0000,4,8,8,0,0,8,8,0.0000
4,136.0000,13,31,356.8379,-80.7196,-0.6346,15,0.3750,0.7143,7,8,8,0,0,8,8,0.0000
4,136.0000,13,32,749.8459,-88.3856,0.3699,5,0.1250,1.0000,8,6,6,0,0,6,6,0.0000
4,136.0000,13,33,565.6257,-86.2441,1.0058,10,0.2500,0.8750,8,8,8,0,0,8,8,0.0000
4,136.0000,13,37,551.5169,-84.6494,0.0484,10,0.2500,1.0000,8,8,7,0,0,8,7,0.1250
4,136.0000,13,38,671.0998,-87.4871,-0.6704,7,0.1750,1.0000,8,8,8,0,0,8,8,0.0000
4,136.0000,13,39,407.6904,-81.9305,0.1579,17,0.4250,0.8636,44,7,5,4,3,11,8,0.2727
4,136.0000,13,40,419.6284,-81.4791,-0.4229,16,0.4000,0.8571,7,7,5,0,0,7,5,0.2857
4,136.0000,13,41,876.5100,-87.8168,-0.9682,5,0.1250,,0,6,6,0,0,6,6,0.0000
4,136.0000,13,42,327.5975,-79.6671,-0.4347,22,0.5500,0.4000,5,6,2,0,0,6,2,0.6667
4,136.0000,13,44,808.4839,-89.0426,-0.8153,4,0.1000,1.0000,4,2,2,0,0,2,2,0.0000
4,136.0000,13,45,553.0292,-83.4851,1.1026,9,0.2250,1.0000,8,7,6,0,0,7,6,0.1429
4,136.0000,13,46,614.5832,-84.0697,-1.1603,10,0.2500,0.8571,7,4,4,0,0,4,4,0.0000
4,136.0000,14,1,727.0201,-87.2464,0.4277,7,0.1750,1.0000,8,8,8,0,0,8,8,0.0000
4,136.0000,14,2,768.6264,-86.8712,1.4512,4,0.1000,1.0000,6,3,2,0,0,3,2,0.3333
4,136.0000,14,3,609.1197,-84.6838,1.5582,6,0.1500,0.8750,8,7,6,0,0,7,6,0.1429
4,136.0000,14,4,715.0080,-86.1059,-0.3263,9,0.2250,0.8571,7,8,8,0,0,8,8,0.0000
4,136.0000,14,6,399.5847,-82.5255,2.8126,10,0.2500,0.7143,7,8,7,0,0,8,7,0.1250
4,136.0000,14,8,439.5381,-81.9093,0.1370,16,0.4000,0.8750,8,8,7,0,0,8,7,0.1250
4,136.0000,14,9,625.2487,-85.0941,-0.8681,9,0.2250,1.0000,2,8,7,0,0,8,7,0.1250
4,136.0000,14,11,555.4607,-83.9491,0.0625,14,0.3500,0.8571,7,8,8,0,0,8,8,0.0000
4,136.0000,14,13,225.3820,-76.4584,-0.0672,31,0.7750,0.0000,4,7,5,0,0,7,5,0.2857
4,136.0000,14,15,451.7721,-82.4402,-0.0473,18,0.4500,0.8571,7,6,6,0,0,6,6,0.0000
4,136.0000,14,17,597.6837,-84.7915,0.5045,12,0.3000,1.0000,4,8,8,0,0,8,8,0.0000
4,136.0000,14,18,286.7159,-79.6221,0.8844,22,0.5500,0.5000,6,6,3,0,0,6,3,0.5000
4,136.0000,14,19,616.3747,-84.6168,-0.8652,5,0.1250,0.8750,8,8,7,0,0,8,7,0.1250
4,136.0000,14,20,234.4539,-77.3041,0.1777,22,0.5500,0.5714,7,4,0,0,0,4,0,1.0000
4,136.0000,14,21,669.4792,-85.4687,-0.8921,5,0.1250,0.8571,7,7,6,0,0,7,6,0.1429
4,136.0000,14,24,557.4782,-84.3233,0.2350,10,0.2500,1.0000,8,8,7,0,0,8,7,0.1250
4,136.0000,14,25,326.1389,-77.7178,-1.1242,25,0.6250,0.8571,7,7,6,0,0,7,6,0.1429
4,136.0000,14,27,605.5821,-84.7432,0.9744,9,0.2250,0.8750,8,8,8,0,0,8,8,0.0000
4,136.0000,14,28,718.6654,-86.0183,0.1831,8,0.2000,0.5000,2,7,6,0,0,7,6,0.1429
4,136.0000,14,31,351.4557,-79.3206,-0.2014,16,0.4000,0.8000,10,7,6,0,0,7,6,0.1429
4,136.0000,14,32,556.2525,-85.0425,0.2551,8,0.2000,1.0000,6,8,7,0,0,8,7,0.1250
4,136.0000,14,33,417.2534,-83.4313,1.2421,10,0.2500,0.6667,6,7,5,0,0,7,5,0.2857
4,136.0000,14,36,968.5143,-87.9282,-1.4961,4,0.1000,0.8000,5,6,6,0,0,6,6,0.0000
4,136.0000,14,37,571.9986,-85.9486,-0.5312,6,0.1500,0.7143,7,7,6,0,0,7,6,0.1429
4,136.0000,14,38,702.0264,-86.0803,-0.0690,4,0.1000,0.8750,8,7,6,0,0,7,6,0.1429
4,136.0000,14,39,490.1768,-84.4252,0.8491,18,0.4500,1.0000,8,8,7,0,0,8,7,0.1250
4,136.0000,14,40,446.5859,-81.2666,-0.7242,14,0.3500,0.7143,7,8,8,0,0,8,8,0.0000
4,136.0000,14,41,999.5709,-88.1375,-0.4046,3,0.0750,1.0000,2,4,4,0,0,4,4,0.0000
4,136.0000,14,42,428.2181,-81.9959,-0.0034,17,0.4250,0.7143,7,6,4,0,0,6,4,0.3333
4,136.0000,14,44,652.6127,-85.8969,0.1421,10,0.2500,1.0000,2,7,5,0,0,7,5,0.2857
4,136.0000,14,45,505.8262,-83.2977,0.7485,10,0.2500,0.8750,8,8,8,0,0,8,8,0.0000
4,136.0000,14,46,580.3133,-84.6014,0.9399,10,0.2500,0.6667,6,8,7,0,0,8,7,0.1250
4,136.0000,15,2,443.9037,-83.7001,-0.1683,21,0.5250,1.0000,6,5,2,0,0,5,2,0.6000
4,136.0000,15,4,448.8426,-82.7903,0.7436,17,0.4250,0.7500,8,6,2,0,0,6,2,0.6667
4,136.0000,15,6,831.1519,-86.6363,-0.5358,3,0.0750,1.0000,4,8,8,0,0,8,8,0.0000
4,136.0000,15,8,673.3119,-86.4651,0.2742,8,0.2000,1.0000,8,8,8,0,0,8,8,0.0000
4,136.0000,15,9,533.7786,-82.9167,-0.4167,15,0.3750,0.8750,8,8,8,0,0,8,8,0.0000
4,136.0000,15,11,234.2868,-77.6632,0.8655,32,0.8000,0.2000,5,5,1,0,0,5,1,0.8000
4,136.0000,15,13,573.7729,-86.2493,0.1913,8,0.2000,1.0000,8,7,6,0,0,7,6,0.1429
4,136.0000,15,14,451.7721,-83.4019,-0.0458,10,0.2500,1.0000,8,7,6,0,0,7,6,0.1429
4,136.0000,15,17,379.0495,-80.7306,0.5664,24,0.6000,0.5000,6,7,6,0,0,7,6,0.1429
4,136.0000,15,18,406.9946,-79.2666,-1.3025,22,0.5500,0.8571,7,8,8,0,0,8,8,0.0000
4,136.0000,15,20,492.7871,-82.3061,-1.1269,8,0.2000,0.8571,7,7,5,0,0,7,5,0.2857
4,136.0000,15,24,663.5210,-85.9238,-1.2327,6,0.1500,1.0000,8,8,7,0,0,8,7,0.1250
4,136.0000,15,25,719.2190,-86.6209,0.0734,6,0.1500,0.8750,8,8,8,0,0,8,8,0.0000
4,136.0000,15,27,1014.8458,-88.0487,-0.1953,3,0.0750,1.0000,6,8,8,0,0,8,8,0.0000
4,136.0000,15,28,350.7073,-81.1296,0.5510,29,0.7250,0.4000,5,5,2,0,0,5,2,0.6000
4,136.0000,15,30,587.7278,-84.9370,0.3137,17,0.4250,0.8571,7,9,7,0,0,9,7,0.2222
4,136.0000,15,31,775.3530,-87.2861,0.1834,3,0.0750,1.0000,8,10,10,0,0,10,10,0.0000
4,136.0000,15,32,566.7108,-83.8900,-0.0625,11,0.2750,1.0000,8,8,8,0,0,8,8,0.0000
4,136.0000,15,33,559.7706,-85.0733,-0.0595,8,0.2000,0.8571,7,7,6,0,0,7,6,0.1429
4,136.0000,15,35,441.1818,-83.5704,-0.6189,21,0.5250,0.8571,7,7,6,0,0,7,6,0.1429
4,136.0000,15,39,448.6576,-82.6447,-0.4880,22,0.5500,0.8000,45,6,4,17,11,23,15,0.3478
4,136.0000,15,40,790.2976,-86.7589,-0.9202,4,0.1000,1.0000,8,8,8,0,0,8,8,0.0000
4,136.0000,15,42,501.0907,-83.1815,0.7883,17,0.4250,1.0000,8,7,6,0,0,7,6,0.1429
4,136.0000,15,44,305.3011,-79.9903,0.6605,27,0.6750,0.5714,7,7,4,0,0,7,4,0.4286
4,136.0000,15,45,807.2070,-87.2823,-0.6404,5,0.1250,1.0000,8,8,8,0,0,8,8,0.0000
4,136.0000,15,46,251.2464,-78.0415,0.2330,32,0.8000,0.3333,6,4,0,0,0,4,0,1.0000
4,136.0000,16,0,573.4341,-82.7258,-1.3376,23,0.5750,1.0000,8,8,7,0,0,8,7,0.1250
4,136.0000,16,1,581.5620,-86.2402,-0.1702,5,0.1250,0.8750,8,8,8,0,0,8,8,0.0000
4,136.0000,16,3,947.5837,-87.2822,0.7021,4,0.1000,1.0000,8,8,8,0,0,8,8,0.0000
4,136.0000,16,5,215.7753,-70.8981,-3.0647,36,0.9000,0.0000,4,5,1,0,0,5,1,0.8000
4,136.0000,16,6,926.8534,-87.8815,-0.4764,3,0.0750,1.0000,8,8,8,0,0,8,8,0.0000
4,136.0000,16,7,383.7231,-81.4183,-0.3660,16,0.4000,0.7143,7,8,8,0,0,8,8,0.0000
4,136.0000,16,10,385.7989,-81.7679,-0.2697,22,0.5500,0.6250,8,5,2,0,0,5,2,0.6000
4,136.0000,16,12,685.8793,-84.8194,-0.7000,11,0.2750,1.0000,8,8,8,0,0,8,8,0.0000
4,136.0000,16,19,691.8640,-86.5235,-0.6075,4,0.1000,1.0000,8,8,8,0,0,8,8,0.0000
4,136.0000,16,21,899.8342,-88.4081,-0.1424,3,0.0750,1.0000,2,8,8,0,0,8,8,0.0000
4,136.0000,16,22,574.1117,-84.2624,0.1970,10,0.2500,0.8750,8,8,8,0,0,8,8,0.0000
4,136.0000,16,26,810.8760,-88.4210,0.0013,7,0.1750,1.0000,8,8,8,0,0,8,8,0.0000
4,136.0000,16,29,935.3982,-87.2448,-0.1293,10,0.2500,1.0000,8,4,4,0,0,4,4,0.0000
4,136.0000,16,34,722.3605,-86.3835,-0.7082,4,0.1000,0.8571,7,8,8,0,0,8,8,0.0000
4,136.0000,16,36,396.3493,-81.9437,0.5700,13,0.3250,1.0000,8,8,7,0,0,8,7,0.1250
4,136.0000,16,37,840.6587,-88.2400,-0.0170,3,0.0750,1.0000,8,8,8,0,0,8,8,0.0000
4,136.0000,16,38,750.8233,-87.6220,0.8782,3,0.0750,1.0000,8,4,4,0,0,4,4,0.0000
4,136.0000,16,43,237.1964,-75.6950,-0.2897,36,0.9000,0.0000,4,6,4,0,0,6,4,0.3333
4,136.0000,16,47,542.4821,-83.7040,-0.1077,10,0.2500,0.8571,7,8,8,0,0,8,8,0.0000
4,136.0000,17,2,220.2876,-75.9584,0.1778,34,0.8500,0.2000,5,5,1,0,0,5,1,0.8000
4,136.0000,17,4,499.0163,-83.2782,-0.2946,11,0.2750,0.8750,8,7,6,0,0,7,6,0.1429
4,136.0000,17,8,528.8398,-82.4760,0.4324,6,0.1500,1.0000,8,8,8,0,0,8,8,0.0000
4,136.0000,17,9,665.4647,-85.8743,-1.7387,6,0.1500,1.0000,8,8,8,0,0,8,8,0.0000
4,136.0000,17,11,323.7801,-80.3901,-0.7682,25,0.6250,1.0000,8,7,6,0,0,7,6,0.1429
4,136.0000,17,13,596.0490,-85.0825,-3.1543,5,0.1250,1.0000,6,9,8,0,0,9,8,0.1111
4,136.0000,17,14,597.6837,-85.2004,1.9724,3,0.0750,0.8571,7,7,6,0,0,7,6,0.1429
4,136.0000,17,15,379.0495,-81.4252,0.4579,14,0.3500,0.7143,7,8,8,0,0,8,8,0.0000
4,136.0000,17,18,650.5027,-85.8438,-0.5001,5,0.1250,1.0000,8,8,8,0,0,8,8,0.0000
4,136.0000,17,20,514.6102,-83.6281,-0.6459,5,0.1250,0.8750,8,8,8,0,0,8,8,0.0000
4,136.0000,17,25,712.6056,-86.1339,-1.6527,3,0.0750,1.0000,8,8,8,0,0,8,8,0.0000
4,136.0000,17,28,585.4814,-83.6348,-0.1499,10,0.2500,1.0000,8,8,8,0,0,8,8,0.0000
4,136.0000,17,30,728.9245,-87.2141,-0.4533,11,0.2750,1.0000,8,8,7,0,0,8,7,0.1250
4,136.0000,17,31,827.9339,-87.5328,-0.7700,3,0.0750,1.0000,8,6,6,0,0,6,6,0.0000
4,136.0000,17,32,754.7284,-86.1310,1.6780,4,0.1000,1.0000,4,7,6,0,0,7,6,0.1429
4,136.0000,17,33,653.1889,-86.3195,-0.0296,5,0.1250,1.0000,8,8,8,0,0,8,8,0.0000
4,136.0000,17,35,588.1346,-84.4379,-0.4668,16,0.4000,0.8571,7,7,5,0,0,7,5,0.2857
4,136.0000,17,39,366.6988,-80.2305,0.0146,22,0.5500,0.4286,7,8,5,26,19,34,24,0.2941
4,136.0000,17,40,755.7016,-88.0929,0.9135,3,0.0750,0.8571,7,8,8,0,0,8,8,0.0000
4,136.0000,17,42,319.8341,-79.8456,0.2098,16,0.4000,0.4000,5,7,5,0,0,7,5,0.2857
4,136.0000,17,44,513.6910,-83.6232,0.5334,15,0.3750,1.0000,8,8,7,0,0,8,7,0.1250
4,136.0000,17,46,302.6176,-78.8297,-0.2263,30,0.7500,0.4000,5,8,5,0,0,8,5,0.3750
4,136.0000,18,1,723.0156,-87.3267,1.6926,6,0.1500,1.0000,8,8,8,0,0,8,8,0.0000
4,136.0000,18,2,801.9506,-85.8803,-0.5147,11,0.2750,1.0000,6,2,2,0,0,2,2,0.0000
4,136.0000,18,3,790.3627,-86.5956,-0.8927,4,0.1000,1.0000,8,6,6,0,0,6,6,0.0000
4,136.0000,18,4,549.1210,-82.7233,-0.6554,23,0.5750,0.8571,7,8,8,0,0,8,8,0.0000
4,136.0000,18,6,505.0060,-86.9854,1.4417,5,0.1250,0.8571,7,8,8,0,0,8,8,0.0000
4,136.0000,18,8,629.3845,-85.0505,-0.4833,8,0.2000,1.0000,8,8,8,0,0,8,8,0.0000
4,136.0000,18,9,396.1424,-81.2323,0.1494,22,0.5500,0.6667,6,8,8,0,0,8,8,0.0000
4,136.0000,18,11,609.0845,-84.6956,0.3695,17,0.4250,1.0000,8,7,6,0,0,7,6,0.1429
4,136.0000,18,13,504.8709,-83.7899,0.0891,10,0.2500,0.8571,7,8,8,0,0,8,8,0.0000
4,136.0000,18,14,286.7159,-78.9898,0.3415,20,0.5000,0.7143,7,6,4,0,0,6,4,0.3333
4,136.0000,18,15,406.9946,-80.0610,-0.9169,28,0.7000,0.5000,6,8,8,0,0,8,8,0.0000
4,136.0000,18,17,650.5027,-85.2852,-0.0969,14,0.3500,1.0000,8,10,10,0,0,10,10,0.0000
4,136.0000,18,19,625.2446,-86.7726,-0.1179,7,0.1750,1.0000,8,8,8,0,0,8,8,0.0000
4,136.0000,18,20,338.7469,-79.0370,-0.3562,23,0.5750,0.3333,6,8,8,0,0,8,8,0.0000
4,136.0000,18,21,592.1568,-84.7848,0.2036,9,0.2250,0.8750,8,7,6,0,0,7,6,0.1429
4,136.0000,18,24,310.2468,-80.2822,0.2846,24,0.6000,0.8750,8,5,2,0,0,5,2,0.6000
4,136.0000,18,25,585.2590,-84.2766,0.2645,12,0.3000,1.0000,8,8,8,0,0,8,8,0.0000
4,136.0000,18,27,748.9207,-87.2729,-1.0775,4,0.1000,1.0000,6,8,8,0,0,8,8,0.0000
4,136.0000,18,28,531.3374,-83.6553,0.2610,23,0.5750,0.7143,7,8,8,0,0,8,8,0.0000
4,136.0000,18,30,779.5308,-86.8400,0.3343,11,0.2750,1.0000,8,8,8,0,0,8,8,0.0000
4,136.0000,18,31,502.1139,-84.1257,2.4621,6,0.1500,1.0000,8,8,7,0,0,8,7,0.1250
4,136.0000,18,32,297.0628,-80.6590,0.8429,26,0.6500,0.8571,7,4,0,0,0,4,0,1.0000
4,136.0000,18,33,282.1111,-80.1689,0.6410,22,0.5500,0.8750,8,6,4,0,0,6,4,0.3333
4,136.0000,18,37,713.2753,-86.5478,2.2183,5,0.1250,0.8750,8,8,8,0,0,8,8,0.0000
4,136.0000,18,38,830.7948,-87.8532,0.2105,3,0.0750,,0,8,8,0,0,8,8,0.0000
4,136.0000,18,39,674.9336,-85.6026,-0.1188,9,0.2250,1.0000,8,6,6,0,0,6,6,0.0000
4,136.0000,18,40,567.0134,-86.2358,-1.0627,6,0.1500,1.0000,6,7,6,0,0,7,6,0.1429
4,136.0000,18,42,605.8263,-83.8467,-0.6890,14,0.3500,0.8571,7,8,8,0,0,8,8,0.0000
4,136.0000,18,44,475.0673,-84.2902,0.4979,21,0.5250,1.0000,8,7,6,0,0,7,6,0.1429
4,136.0000,18,45,526.1307,-84.7010,-0.9895,11,0.2750,1.0000,8,8,7,0,0,8,7,0.1250
4,136.0000,18,46,631.3998,-84.0593,-1.2576,15,0.3750,1.0000,8,10,9,0,0,10,9,0.1000
4,136.0000,19,0,930.4881,-88.1432,-0.0768,3,0.0750,1.0000,6,4,4,0,0,4,4,0.0000
4,136.0000,19,1,111.5303,-66.6547,-2.2556,36,0.9000,0.0000,4,4,0,0,0,4,0,1.0000
4,136.0000,19,3,451.0851,-82.9749,0.7535,11,0.2750,0.7500,8,6,4,0,0,6,4,0.3333
4,136.0000,19,5,743.3182,-85.6722,-0.7135,6,0.1500,0.8000,5,6,6,0,0,6,6,0.0000
4,136.0000,19,6,266.7764,-78.1126,0.5645,20,0.5000,0.4000,5,5,2,0,0,5,2,0.6000
4,136.0000,19,7,399.8200,-80.6498,-0.2312,22,0.5500,0.8750,8,7,6,0,0,7,6,0.1429
4,136.0000,19,8,738.8942,-87.3826,0.3449,5,0.1250,1.0000,8,7,6,0,0,7,6,0.1429
4,136.0000,19,9,809.6226,-87.9542,-0.9500,3,0.0750,0.8571,7,4,4,0,0,4,4,0.0000
4,136.0000,19,10,665.4349,-85.8145,-0.1648,7,0.1750,1.0000,4,2,2,0,0,2,2,0.0000
4,136.0000,19,12,849.9149,-87.2349,0.2745,4,0.1000,0.8000,5,6,6,0,0,6,6,0.0000
4,136.0000,19,13,693.9334,-88.5341,1.8410,3,0.0750,0.8750,8,7,6,0,0,7,6,0.1429
4,136.0000,19,14,616.3747,-85.5481,-0.1722,6,0.1500,1.0000,8,8,7,0,0,8,7,0.1250
4,136.0000,19,16,691.8640,-85.9657,0.9360,9,0.2250,1.0000,8,7,6,0,0,7,6,0.1429
4,136.0000,19,18,625.2446,-86.3696,0.0331,6,0.1500,1.0000,8,8,8,0,0,8,8,0.0000
4,136.0000,19,20,590.3472,-83.6449,-0.2282,6,0.1500,1.0000,8,8,8,0,0,8,8,0.0000
4,136.0000,19,21,408.4580,-82.5612,-0.4649,16,0.4000,1.0000,8,7,6,0,0,7,6,0.1429
4,136.0000,19,22,403.4798,-81.8642,0.6729,14,0.3500,1.0000,8,7,5,0,0,7,5,0.2857
4,136.0000,19,23,766.6451,-87.6968,0.3253,5,0.1250,0.7143,7,8,7,0,0,8,7,0.1250
4,136.0000,19,24,565.4308,-84.3158,-0.7156,12,0.3000,1.0000,8,6,6,0,0,6,6,0.0000
4,136.0000,19,25,607.7516,-85.7604,0.7681,8,0.2000,1.0000,8,8,8,0,0,8,8,0.0000
4,136.0000,19,27,374.0165,-81.7485,0.9839,13,0.3250,0.8571,7,7,6,0,0,7,6,0.1429
4,136.0000,19,31,348.0066,-80.7088,0.5160,11,0.2750,0.4000,5,6,3,0,0,6,3,0.5000
4,136.0000,19,32,677.2246,-84.8573,1.6109,6,0.1500,1.0000,6,6,6,0,0,6,6,0.0000
4,136.0000,19,33,542.5610,-82.9602,-0.1626,10,0.2500,1.0000,8,8,7,0,0,8,7,0.1250
4,136.0000,19,34,741.6278,-87.3421,-0.3702,5,0.1250,1.0000,6,4,4,0,0,4,4,0.0000
4,136.0000,19,36,373.0755,-78.7114,-1.1824,27,0.6750,0.7500,8,7,6,0,0,7,6,0.1429
4,136.0000,19,37,303.3861,-79.8717,0.2409,17,0.4250,0.5000,6,5,2,0,0,5,2,0.6000
4,136.0000,19,38,334.1871,-81.2575,0.8333,15,0.3750,0.8571,7,5,1,0,0,5,1,0.8000
4,136.0000,19,40,442.4680,-82.7580,1.0485,10,0.2500,0.8000,5,8,8,0,0,8,8,0.0000
4,136.0000,19,41,768.3367,-87.6312,-0.7853,5,0.1250,1.0000,4,6,6,0,0,6,6,0.0000
4,136.0000,19,42,904.7677,-88.2462,0.9057,3,0.0750,1.0000,2,6,6,0,0,6,6,0.0000
4,136.0000,19,43,738.6804,-86.8142,-0.4634,4,0.1000,1.0000,8,5,4,0,0,5,4,0.2000
4,136.0000,19,45,367.1528,-81.9989,0.6663,11,0.2750,1.0000,8,7,6,0,0,7,6,0.1429
4,136.0000,19,47,455.1363,-84.4152,-0.8111,10,0.2500,1.0000,8,7,6,0,0,7,6,0.1429
4,136.0000,20,1,698.0381,-86.0685,0.6294,4,0.1000,0.6667,6,7,6,0,0,7,6,0.1429
4,136.0000,20,2,721.4060,-85.7354,0.3841,15,0.3750,1.0000,6,2,2,0,0,2,2,0.0000
4,136.0000,20,3,571.6767,-84.9995,1.5542,8,0.2000,0.8750,8,5,3,0,0,5,3,0.4000
4,136.0000,20,4,610.0164,-84.5693,-0.7030,18,0.4500,0.6250,8,8,7,0,0,8,7,0.1250
4,136.0000,20,6,444.8749,-83.1693,0.3621,11,0.2750,0.5000,6,7,6,0,0,7,6,0.1429
4,136.0000,20,8,295.3980,-81.1980,1.0965,19,0.4750,0.5714,7,6,3,0,0,6,3,0.5000
4,136.0000,20,9,523.7074,-82.7049,-1.0485,20,0.5000,1.0000,6,8,8,0,0,8,8,0.0000
4,136.0000,20,11,603.1364,-85.1977,0.0466,16,0.4000,1.0000,8,8,7,0,0,8,7,0.1250
4,136.0000,20,13,298.1391,-79.7082,1.2180,20,0.5000,0.6786,56,5,1,65,40,70,41,0.4143
4,136.0000,20,14,234.4539,-77.3366,0.7928,29,0.7250,0.2000,5,6,3,0,0,6,3,0.5000
4,136.0000,20,15,492.7871,-83.1976,-0.3627,21,0.5250,0.7692,65,7,6,0,0,7,6,0.1429
4,136.0000,20,17,514.6102,-84.7345,-0.0572,20,0.5000,1.0000,16,8,8,59,54,67,62,0.0746
4,136.0000,20,18,338.7469,-79.9785,0.2490,23,0.5750,0.5000,6,7,5,0,0,7,5,0.2857
4,136.0000,20,19,590.3472,-83.8109,-0.2189,10,0.2500,0.8889,9,6,4,0,0,6,4,0.3333
4,136.0000,20,21,515.3476,-82.6177,0.3892,16,0.4000,0.5714,7,7,6,0,0,7,6,0.1429
4,136.0000,20,22,803.5518,-87.8518,0.0813,4,0.1000,1.0000,6,6,6,0,0,6,6,0.0000
4,136.0000,20,24,526.1099,-81.7628,-0.3016,20,0.5000,0.8000,5,6,6,0,0,6,6,0.0000
4,136.0000,20,25,340.6565,-79.7532,0.3884,22,0.5500,0.9286,14,8,6,0,0,8,6,0.2500
4,136.0000,20,27,534.6965,-82.6982,-1.0443,10,0.2500,0.8750,8,8,7,0,0,8,7,0.1250
4,136.0000,20,28,708.6893,-86.6265,0.1194,9,0.2250,0.7143,7,8,8,0,0,8,8,0.0000
4,136.0000,20,30,932.4828,-87.1976,0.0203,3,0.0750,1.0000,6,8,8,0,0,8,8,0.0000
4,136.0000,20,31,329.1350,-81.3013,0.0667,17,0.4250,0.6667,6,6,4,0,0,6,4,0.3333
4,136.0000,20,32,495.4849,-83.4521,0.4413,19,0.4750,0.8571,7,8,8,0,0,8,8,0.0000
4,136.0000,20,33,283.5257,-78.6133,-0.2199,27,0.6750,0.5000,6,8,6,0,0,8,6,0.2500
4,136.0000,20,36,935.5506,-87.8373,-0.8983,4,0.1000,1.0000,8,6,6,0,0,6,6,0.0000
4,136.0000,20,37,575.6088,-84.7009,0.2031,6,0.1500,1.0000,8,8,8,0,0,8,8,0.0000
4,136.0000,20,38,679.1956,-87.1214,-2.9426,4,0.1000,1.0000,6,8,8,0,0,8,8,0.0000
4,136.0000,20,39,530.5515,-84.8721,-0.1635,16,0.4000,0.7143,7,7,5,0,0,7,5,0.2857
4,136.0000,20,40,297.5431,-78.7040,-0.0825,23,0.5750,0.5556,9,7,5,0,0,7,5,0.2857
4,136.0000,20,41,974.3400,-88.6092,1.1494,3,0.0750,,0,4,4,0,0,4,4,0.0000
4,136.0000,20,42,345.6826,-80.6669,-0.2710,24,0.6000,0.7143,7,6,4,0,0,6,4,0.3333
4,136.0000,20,44,623.6261,-85.6015,0.1613,13,0.3250,0.8333,6,6,4,0,0,6,4,0.3333
4,136.0000,20,45,345.2068,-78.1395,-0.9806,21,0.5250,0.4000,5,6,4,0,0,6,4,0.3333
4,136.0000,20,46,616.2544,-85.1432,0.1195,16,0.4000,0.8889,9,7,6,0,0,7,6,0.1429
4,136.0000,21,1,450.6224,-82.3293,-1.1809,9,0.2250,0.6667,6,7,6,0,0,7,6,0.1429
4,136.0000,21,3,649.0865,-85.6476,1.7215,3,0.0750,1.0000,8,8,8,0,0,8,8,0.0000
4,136.0000,21,4,781.6832,-87.2677,-0.2087,4,0.1000,1.0000,6,8,8,0,0,8,8,0.0000
4,136.0000,21,6,539.3799,-82.8081,-0.1749,8,0.2000,0.8571,7,7,6,0,0,7,6,0.1429
4,136.0000,21,7,682.4531,-85.0437,1.0436,3,0.0750,1.0000,8,4,4,0,0,4,4,0.0000
4,136.0000,21,8,671.0709,-87.3658,-0.8182,4,0.1000,0.8571,7,8,8,0,0,8,8,0.0000
4,136.0000,21,9,556.6784,-84.5329,-1.0142,10,0.2500,0.7143,7,7,6,0,0,7,6,0.1429
4,136.0000,21,13,761.3030,-85.3729,0.8773,4,0.1000,1.0000,8,8,8,0,0,8,8,0.0000
4,136.0000,21,14,669.4792,-86.7677,-0.2633,4,0.1000,1.0000,8,8,8,0,0,8,8,0.0000
4,136.0000,21,16,899.8342,-87.4114,-3.2186,3,0.0750,1.0000,6,6,6,0,0,6,6,0.0000
4,136.0000,21,18,592.1568,-85.2914,-0.6680,7,0.1750,0.7143,7,9,8,0,0,9,8,0.1111
4,136.0000,21,19,408.4580,-80.7570,-0.3979,13,0.3250,0.8750,8,8,7,0,0,8,7,0.1250
4,136.0000,21,20,515.3476,-82.9829,-0.1614,6,0.1500,1.0000,8,6,4,0,0,6,4,0.3333
4,136.0000,21,22,444.0681,-83.5009,0.5765,8,0.2000,1.0000,8,7,5,0,0,7,5,0.2857
4,136.0000,21,24,452.9779,-80.1396,-0.9746,17,0.4250,0.5000,6,8,8,0,0,8,8,0.0000
4,136.0000,21,25,709.8144,-86.8731,-0.1516,5,0.1250,0.8571,7,8,8,0,0,8,8,0.0000
4,136.0000,21,27,535.5265,-82.7636,0.7273,7,0.1750,0.8750,8,8,8,0,0,8,8,0.0000
4,136.0000,21,31,497.9181,-83.2340,0.1934,5,0.1250,1.0000,8,8,8,0,0,8,8,0.0000
4,136.0000,21,32,493.4336,-83.5110,0.9610,8,0.2000,1.0000,8,8,8,0,0,8,8,0.0000
4,136.0000,21,33,347.6090,-78.8869,-0.7135,20,0.5000,0.6667,6,7,5,0,0,7,5,0.2857
4,136.0000,21,36,579.6913,-82.8122,1.0830,7,0.1750,1.0000,8,8,8,0,0,8,8,0.0000
4,136.0000,21,37,603.9553,-84.7960,0.9933,4,0.1000,1.0000,8,8,7,0,0,8,7,0.1250
4,136.0000,21,38,626.0611,-85.7843,1.0982,3,0.0750,1.0000,6,8,8,0,0,8,8,0.0000
4,136.0000,21,40,414.8783,-83.5565,1.2298,7,0.1750,1.0000,8,8,8,0,0,8,8,0.0000
4,136.0000,21,42,820.8754,-87.7080,0.2848,3,0.0750,1.0000,8,6,6,0,0,6,6,0.0000
4,136.0000,21,44,874.4124,-88.5515,-0.9791,3,0.0750,1.0000,8,4,4,0,0,4,4,0.0000
4,136.0000,21,45,229.2396,-76.7700,0.6163,24,0.6000,0.6250,8,6,3,0,0,6,3,0.5000
4,136.0000,21,47,772.8895,-87.6460,0.3177,3,0.0750,0.8333,6,8,8,0,0,8,8,0.0000
4,136.0000,22,0,745.8053,-86.0177,-0.2126,8,0.2000,0.5714,7,8,8,0,0,8,8,0.0000
4,136.0000,22,1,361.8201,-80.8117,-0.3400,11,0.2750,1.0000,8,7,6,0,0,7,6,0.1429
4,136.0000,22,3,545.8831,-84.9674,-0.4776,8,0.2000,1.0000,8,8,7,0,0,8,7,0.1250
4,136.0000,22,5,624.8900,-83.7191,-0.5006,12,0.3000,0.8750,8,8,8,0,0,8,8,0.0000
4,136.0000,22,6,611.5428,-84.5534,-1.3025,6,0.1500,1.0000,8,8,8,0,0,8,8,0.0000
4,136.0000,22,7,525.3354,-83.1978,-0.3831,10,0.2500,0.5000,6,6,6,0,0,6,6,0.0000
4,136.0000,22,10,562.0588,-86.1945,0.0519,9,0.2250,1.0000,8,8,8,0,0,8,8,0.0000
4,136.0000,22,12,703.7044,-87.4659,-3.2372,5,0.1250,0.8571,7,6,6,0,0,6,6,0.0000
4,136.0000,22,13,938.4079,-88.1603,-0.6793,3,0.0750,1.0000,8,8,8,0,0,8,8,0.0000
4,136.0000,22,16,574.1117,-83.7391,-1.6336,18,0.4500,1.0000,8,7,5,0,0,7,5,0.2857
4,136.0000,22,19,403.4798,-82.0880,0.0948,8,0.2000,0.8571,7,7,6,0,0,7,6,0.1429
4,136.0000,22,20,803.5518,-86.0940,0.1068,3,0.0750,1.0000,10,8,8,0,0,8,8,0.0000
4,136.0000,22,21,444.0681,-84.6708,1.9566,5,0.1250,0.8571,7,8,8,0,0,8,8,0.0000
4,136.0000,22,23,665.3883,-85.2067,0.5576,4,0.1000,1.0000,8,8,8,0,0,8,8,0.0000
4,136.0000,22,24,831.0226,-86.1507,-0.0125,4,0.1000,1.0000,8,4,4,0,0,4,4,0.0000
4,136.0000,22,27,440.5122,-82.7806,0.2213,9,0.2250,0.6667,6,8,7,0,0,8,7,0.1250
4,136.0000,22,31,599.1645,-86.6971,-0.5848,4,0.1000,1.0000,8,7,6,0,0,7,6,0.1429
4,136.0000,22,33,747.8673,-86.7882,0.0544,3,0.0750,0.8571,7,8,7,0,0,8,7,0.1250
4,136.0000,22,34,692.1572,-85.7029,1.5707,4,0.1000,1.0000,6,6,6,0,0,6,6,0.0000
4,136.0000,22,36,442.2312,-82.7502,0.3584,15,0.3750,0.8571,7,7,5,0,0,7,5,0.2857
4,136.0000,22,37,516.9861,-84.6310,0.1626,6,0.1500,1.0000,8,8,7,0,0,8,7,0.1250
4,136.0000,22,38,435.0924,-82.2792,0.4602,8,0.2000,0.6667,6,6,4,0,0,6,4,0.3333
4,136.0000,22,40,551.1034,-86.2028,-0.1641,5,0.1250,1.0000,8,7,6,0,0,7,6,0.1429
4,136.0000,22,41,726.1550,-85.4292,-0.3724,5,0.1250,0.8571,7,6,6,0,0,6,6,0.0000
4,136.0000,22,43,501.4139,-83.6887,-0.4247,14,0.3500,0.8750,8,7,6,0,0,7,6,0.1429
4,136.0000,22,45,469.0130,-83.5749,1.5905,8,0.2000,0.7143,7,6,4,0,0,6,4,0.3333
4,136.0000,22,47,445.4992,-82.0360,0.3361,15,0.3750,1.0000,8,7,6,0,0,7,6,0.1429
4,136.0000,23,0,798.4589,-86.3158,-0.4259,11,0.2821,0.8750,8,4,4,0,0,4,4,0.0000
4,136.0000,23,1,791.9126,-87.4274,1.4524,4,0.1026,1.0000,6,8,8,0,0,8,8,0.0000
4,136.0000,23,3,380.0115,-80.7483,-0.1431,13,0.3333,0.9000,10,8,8,0,0,8,8,0.0000
4,136.0000,23,5,948.5244,-88.3600,0.0964,3,0.0769,1.0000,8,6,6,0,0,6,6,0.0000
4,136.0000,23,10,751.2751,-86.1418,-1.2060,4,0.1026,0.8000,5,6,6,0,0,6,6,0.0000
4,136.0000,23,12,598.0865,-82.9305,-0.8044,14,0.3590,0.8750,8,10,9,0,0,10,9,0.1000
4,136.0000,23,19,766.6451,-87.5504,-0.0215,3,0.0769,1.0000,8,8,8,0,0,8,8,0.0000
4,136.0000,23,22,665.3883,-85.8676,-0.3170,6,0.1538,1.0000,8,8,8,0,0,8,8,0.0000
4,136.0000,23,26,898.9034,-87.2676,0.4274,5,0.1282,1.0000,8,4,4,0,0,4,4,0.0000
4,136.0000,23,27,426.3717,-82.8431,-2.5218,5,0.1282,1.0000,8,8,6,0,0,8,6,0.2500
4,136.0000,23,29,947.1572,-87.0510,2.6224,4,0.1026,1.0000,4,2,2,0,0,2,2,0.0000
4,136.0000,23,34,533.3674,-82.7405,-1.0030,17,0.4359,0.8571,7,6,4,0,0,6,4,0.3333
4,136.0000,23,37,537.9857,-85.4692,-0.0613,4,0.1026,1.0000,8,7,6,0,0,7,6,0.1429
4,136.0000,23,38,462.0901,-82.0725,1.4205,7,0.1795,1.0000,8,7,6,0,0,7,6,0.1429
4,136.0000,23,40,621.5278,-86.6508,-0.6242,3,0.0769,1.0000,8,8,8,0,0,8,8,0.0000
4,136.0000,23,41,218.7989,-76.0726,0.1407,32,0.8205,0.2000,5,5,2,0,0,5,2,0.6000
4,136.0000,23,45,741.1573,-86.0032,-1.7473,4,0.1026,1.0000,8,8,8,0,0,8,8,0.0000
4,136.0000,23,47,565.1586,-83.4744,-0.9254,11,0.2821,0.7143,7,8,7,0,0,8,7,0.1250
4,136.0000,24,1,629.6812,-84.9164,0.1610,9,0.2250,1.0000,8,8,8,0,0,8,8,0.0000
4,136.0000,24,2,1024.9392,-88.5804,-0.3868,3,0.0750,1.0000,6,8,8,0,0,8,8,0.0000
4,136.0000,24,3,878.1374,-88.0356,0.4281,4,0.1000,0.8571,7,6,6,0,0,6,6,0.0000
4,136.0000,24,4,599.5286,-85.5760,-0.4299,10,0.2500,0.8750,8,8,8,0,0,8,8,0.0000
4,136.0000,24,6,586.3252,-84.6961,0.4770,8,0.2000,1.0000,8,8,7,0,0,8,7,0.1250
4,136.0000,24,8,810.0205,-88.2028,0.7467,4,0.1000,1.0000,8,7,6,0,0,7,6,0.1429
4,136.0000,24,9,328.2755,-80.7798,0.1615,17,0.4250,0.5000,6,6,3,0,0,6,3,0.5000
4,136.0000,24,11,885.0738,-87.7335,0.2393,6,0.1500,1.0000,4,6,6,0,0,6,6,0.0000
4,136.0000,24,13,757.0849,-86.6365,0.9830,5,0.1250,1.0000,8,6,6,0,0,6,6,0.0000
4,136.0000,24,14,557.4782,-84.1269,1.1814,9,0.2250,1.0000,8,8,8,0,0,8,8,0.0000
4,136.0000,24,15,663.5210,-86.6470,0.1914,7,0.1750,0.8571,7,8,8,0,0,8,8,0.0000
4,136.0000,24,18,310.2468,-80.0115,1.1064,18,0.4500,0.8571,7,6,3,0,0,6,3,0.5000
4,136.0000,24,19,565.4308,-83.7557,-0.5722,12,0.3000,0.8571,7,8,8,0,0,8,8,0.0000
4,136.0000,24,20,526.1099,-82.7121,-0.2850,10,0.2500,0.8000,5,8,8,0,0,8,8,0.0000
4,136.0000,24,21,452.9779,-80.6982,0.5095,14,0.3500,1.0000,8,8,8,0,0,8,8,0.0000
4,136.0000,24,25,789.3134,-86.3904,0.5859,4,0.1000,1.0000,10,7,5,0,0,7,5,0.2857
4,136.0000,24,27,801.5546,-86.2845,1.2356,4,0.1000,1.0000,8,8,8,0,0,8,8,0.0000
4,136.0000,24,28,638.7516,-86.9775,1.3750,5,0.1250,1.0000,8,8,8,0,0,8,8,0.0000
4,136.0000,24,30,829.0656,-87.1601,0.4130,3,0.0750,1.0000,4,4,4,0,0,4,4,0.0000
4,136.0000,24,31,613.3711,-83.9776,-0.8158,7,0.1750,1.0000,8,8,8,0,0,8,8,0.0000
4,136.0000,24,32,154.9802,-76.1271,2.0507,31,0.7750,0.2000,5,4,0,0,0,4,0,1.0000
4,136.0000,24,33,283.7679,-76.1230,-1.0606,25,0.6250,0.5000,6,7,6,0,0,7,6,0.1429
4,136.0000,24,36,737.5569,-83.7441,1.0496,6,0.1500,0.8571,7,8,7,0,0,8,7,0.1250
4,136.0000,24,37,774.2950,-85.9440,0.3019,6,0.1500,1.0000,8,8,8,0,0,8,8,0.0000
4,136.0000,24,38,858.9521,-87.1674,0.8009,5,0.1250,1.0000,8,2,2,0,0,2,2,0.0000
4,136.0000,24,39,963.9675,-88.1354,0.4405,6,0.1500,1.0000,4,8,8,0,0,8,8,0.0000
4,136.0000,24,40,647.1358,-85.6850,-1.3141,7,0.1750,1.0000,8,8,8,0,0,8,8,0.0000
4,136.0000,24,42,843.5256,-87.5003,-0.0791,5,0.1250,1.0000,8,7,6,0,0,7,6,0.1429
4,136.0000,24,44,591.8121,-86.6731,-0.4633,9,0.2250,0.8571,7,7,6,0,0,7,6,0.1429
4,136.0000,24,45,516.9530,-83.4316,0.4291,8,0.2000,0.8571,7,8,7,0,0,8,7,0.1250
4,136.0000,25,1,710.0138,-87.5511,0.7115,5,0.1282,1.0000,6,8,8,0,0,8,8,0.0000
4,136.0000,25,2,904.8678,-87.3803,0.5048,3,0.0769,1.0000,6,2,2,0,0,2,2,0.0000
4,136.0000,25,3,364.8354,-81.8105,2.8552,8,0.2051,0.8571,7,7,5,0,0,7,5,0.2857
4,136.0000,25,4,939.7796,-85.4443,-1.2508,3,0.0769,1.0000,6,4,4,0,0,4,4,0.0000
4,136.0000,25,6,386.2881,-82.6840,-0.3102,12,0.3077,0.7143,7,8,5,0,0,8,5,0.3750
4,136.0000,25,8,293.5238,-78.6233,-0.6363,25,0.6410,0.6667,6,5,3,0,0,5,3,0.4000
4,136.0000,25,9,858.2895,-87.5486,-2.0708,3,0.0769,1.0000,8,2,2,0,0,2,2,0.0000
4,136.0000,25,11,751.7639,-86.7083,1.4596,6,0.1538,0.8571,7,8,8,0,0,8,8,0.0000
4,136.0000,25,13,163.4052,-71.6891,-0.6619,35,0.8974,0.0000,7,5,1,0,0,5,1,0.8000
4,136.0000,25,14,326.1389,-77.4027,-0.7122,25,0.6410,0.5000,6,6,3,0,0,6,3,0.5000
4,136.0000,25,15,719.2190,-84.6901,-0.0407,9,0.2308,0.7143,7,6,6,60,55,66,61,0.0758
4,136.0000,25,17,712.6056,-85.5833,1.0902,6,0.1538,1.0000,2,8,8,0,0,8,8,0.0000
4,136.0000,25,18,585.2590,-84.9785,-1.3639,8,0.2051,1.0000,8,7,5,0,0,7,5,0.2857
4,136.0000,25,19,607.7516,-86.4056,-2.5985,4,0.1026,0.8750,8,8,8,0,0,8,8,0.0000
4,136.0000,25,20,340.6565,-80.3037,0.7006,14,0.3590,0.7500,8,8,8,0,0,8,8,0.0000
4,136.0000,25,21,709.8144,-87.1786,0.2387,5,0.1282,1.0000,8,7,6,0,0,7,6,0.1429
4,136.0000,25,22,816.9428,-87.3427,-0.2118,6,0.1538,1.0000,2,8,8,0,0,8,8,0.0000
4,136.0000,25,23,664.8064,-87.4199,-0.9223,7,0.1795,1.0000,2,7,5,0,0,7,5,0.2857
4,136.0000,25,24,789.3134,-86.0071,0.3151,5,0.1282,1.0000,8,4,4,0,0,4,4,0.0000
4,136.0000,25,27,405.2151,-82.3386,-0.1060,8,0.2051,0.5000,6,6,4,0,0,6,4,0.3333
4,136.0000,25,31,262.4134,-77.5033,0.5546,18,0.4615,0.6667,6,6,3,0,0,6,3,0.5000
4,136.0000,25,32,801.8541,-87.7810,-0.7054,6,0.1538,,0,4,4,0,0,4,4,0.0000
4,136.0000,25,33,591.4038,-85.4282,-1.7154,6,0.1538,1.0000,8,8,7,0,0,8,7,0.1250
4,136.0000,25,37,420.7894,-82.9068,0.2980,12,0.3077,0.8571,7,8,8,0,0,8,8,0.0000
4,136.0000,25,38,528.2879,-85.3173,1.2657,5,0.1282,0.8571,7,7,6,0,0,7,6,0.1429
4,136.0000,25,39,549.6722,-84.1326,-0.6015,13,0.3333,0.8889,9,8,8,0,0,8,8,0.0000
4,136.0000,25,40,325.7780,-79.1653,-0.5363,21,0.5385,0.6667,6,8,8,0,0,8,8,0.0000
4,136.0000,25,41,716.4021,-86.6403,1.4178,6,0.1538,,0,8,8,0,0,8,8,0.0000
4,136.0000,25,42,417.5226,-79.8146,-1.0484,19,0.4872,0.7143,7,8,8,0,0,8,8,0.0000
4,136.0000,25,44,927.4681,-87.3517,0.2936,4,0.1026,1.0000,8,6,6,0,0,6,6,0.0000
4,136.0000,25,45,486.4910,-82.7213,-0.1550,9,0.2308,0.6667,6,6,4,0,0,6,4,0.3333
4,136.0000,25,46,769.4782,-85.4760,2.2705,3,0.0769,1.0000,8,6,6,0,0,6,6,0.0000
4,136.0000,25,47,796.2210,-88.4308,0.7033,3,0.0769,1.0000,8,3,2,0,0,3,2,0.3333
4,136.0000,26,0,272.6752,-79.7684,1.0177,24,0.6000,0.6667,6,5,2,0,0,5,2,0.6000
4,136.0000,26,5,599.2278,-85.9837,1.3329,6,0.1500,1.0000,8,7,5,0,0,7,5,0.2857
4,136.0000,26,10,504.6976,-83.0515,-0.2688,12,0.3000,0.6667,6,8,8,0,0,8,8,0.0000
4,136.0000,26,12,327.6179,-81.1900,0.5212,18,0.4500,0.6667,6,4,0,0,0,4,0,1.0000
4,136.0000,26,16,810.8760,-86.3030,-0.3652,5,0.1250,1.0000,8,8,8,0,0,8,8,0.0000
4,136.0000,26,29,160.6002,-71.4496,-1.0560,38,0.9500,0.0000,4,4,0,0,0,4,0,1.0000
4,136.0000,26,34,464.6869,-83.4790,0.6792,11,0.2750,1.0000,8,6,4,0,0,6,4,0.3333
4,136.0000,26,41,758.2663,-87.4691,0.2483,7,0.1750,1.0000,8,8,8,0,0,8,8,0.0000
4,136.0000,26,43,692.1243,-86.5047,0.3357,4,0.1000,1.0000,8,8,8,0,0,8,8,0.0000
4,136.0000,26,47,685.2959,-86.3701,-0.3122,3,0.0750,1.0000,8,8,7,0,0,8,7,0.1250
4,136.0000,27,1,434.8143,-82.5933,-0.1512,16,0.3902,0.5000,6,8,8,0,0,8,8,0.0000
4,136.0000,27,3,121.2087,-71.0980,0.7148,40,0.9756,0.2000,5,5,1,0,0,5,1,0.8000
4,136.0000,27,5,864.0379,-88.9244,-0.7138,4,0.0976,1.0000,8,8,8,0,0,8,8,0.0000
4,136.0000,27,6,342.5850,-79.5303,0.0558,24,0.5854,0.8571,7,7,4,0,0,7,4,0.4286
4,136.0000,27,7,709.1574,-86.6018,-0.1505,10,0.2439,1.0000,6,5,4,0,0,5,4,0.2000
4,136.0000,27,8,515.5685,-83.4662,0.6845,11,0.2683,0.7143,7,6,3,0,0,6,3,0.5000
4,136.0000,27,10,708.5170,-86.7711,0.5625,5,0.1220,1.0000,6,5,4,0,0,5,4,0.2000
4,136.0000,27,12,743.3519,-85.6088,-0.8790,4,0.0976,0.8750,8,2,2,0,0,2,2,0.0000
4,136.0000,27,13,552.3505,-84.2676,1.9202,5,0.1220,1.0000,8,7,6,0,0,7,6,0.1429
4,136.0000,27,14,605.5821,-84.2149,-1.3133,9,0.2195,0.7143,7,8,7,0,0,8,7,0.1250
4,136.0000,27,16,884.5422,-88.1658,0.2094,7,0.1707,1.0000,6,2,2,0,0,2,2,0.0000
4,136.0000,27,18,748.9207,-85.9132,-0.0440,5,0.1220,1.0000,8,8,8,0,0,8,8,0.0000
4,136.0000,27,19,374.0165,-80.9946,0.6193,17,0.4146,1.0000,6,6,3,0,0,6,3,0.5000
4,136.0000,27,20,534.6965,-83.6653,0.5376,11,0.2683,1.0000,8,7,5,0,0,7,5,0.2857
4,136.0000,27,21,535.5265,-83.1606,-0.3302,14,0.3415,0.5714,7,8,8,0,0,8,8,0.0000
4,136.0000,27,22,440.5122,-82.4713,0.9195,16,0.3902,0.8571,7,8,7,0,0,8,7,0.1250
4,136.0000,27,23,426.3717,-82.4638,0.1186,15,0.3659,0.3333,6,6,3,0,0,6,3,0.5000
4,136.0000,27,24,801.5546,-85.8916,0.4673,5,0.1220,1.0000,8,6,6,0,0,6,6,0.0000
4,136.0000,27,25,405.2151,-82.0007,1.0095,11,0.2683,0.5000,6,7,6,0,0,7,6,0.1429
4,136.0000,27,31,261.8414,-76.4253,-0.1553,28,0.6829,0.0000,4,7,5,0,0,7,5,0.2857
4,136.0000,27,32,858.8825,-89.3534,0.2806,3,0.0732,1.0000,4,4,4,0,0,4,4,0.0000
4,136.0000,27,33,639.5296,-85.0832,-0.0442,10,0.2439,0.8571,7,7,6,0,0,7,6,0.1429
4,136.0000,27,34,629.8934,-84.3758,0.3072,12,0.2927,1.0000,6,4,4,0,0,4,4,0.0000
4,136.0000,27,36,685.5429,-85.7530,-0.1012,11,0.2683,0.8571,7,7,6,0,0,7,6,0.1429
4,136.0000,27,37,196.9105,-76.8506,0.7288,26,0.6341,0.4000,5,5,1,0,0,5,1,0.8000
4,136.0000,27,38,195.4283,-77.6213,1.4913,28,0.6829,0.6667,6,5,1,0,0,5,1,0.8000
4,136.0000,27,40,267.1467,-77.6826,-0.2756,22,0.5366,0.8750,8,6,3,0,0,6,3,0.5000
4,136.0000,27,41,485.2679,-85.1454,0.1138,13,0.3171,0.8571,7,5,2,0,0,5,2,0.6000
4,136.0000,27,42,736.3568,-87.4630,-0.2167,3,0.0732,1.0000,8,7,6,0,0,7,6,0.1429
4,136.0000,27,45,356.2779,-79.8911,-0.4365,20,0.4878,0.8750,8,8,8,0,0,8,8,0.0000
4,136.0000,27,47,447.7789,-83.7134,1.3020,13,0.3171,0.8750,8,6,3,0,0,6,3,0.5000
4,136.0000,28,2,601.2244,-84.9740,0.2137,8,0.2000,0.8571,7,7,6,0,0,7,6,0.1429
4,136.0000,28,4,292.2832,-79.8904,1.3343,22,0.5500,0.6667,6,6,3,0,0,6,3,0.5000
4,136.0000,28,9,421.9788,-81.7107,0.9798,12,0.3000,0.7143,7,6,3,0,0,6,3,0.5000
4,136.0000,28,11,530.0472,-84.0930,0.1597,13,0.3250,0.6667,6,8,8,0,0,8,8,0.0000
4,136.0000,28,15,350.7073,-80.6489,-0.3619,15,0.3750,1.0000,8,5,1,0,0,5,1,0.8000
4,136.0000,28,17,585.4814,-85.7968,-0.1429,7,0.1750,1.0000,8,8,7,0,0,8,7,0.1250
4,136.0000,28,18,531.3374,-84.4664,-0.0868,7,0.1750,0.8571,7,8,8,0,0,8,8,0.0000
4,136.0000,28,20,708.6893,-85.9562,-2.6394,3,0.0750,1.0000,8,8,8,0,0,8,8,0.0000
4,136.0000,28,24,638.7516,-84.1445,-0.4898,4,0.1000,0.8750,8,8,8,0,0,8,8,0.0000
4,136.0000,28,30,263.3777,-77.7939,0.3241,36,0.9000,0.0000,4,4,0,0,0,4,0,1.0000
4,136.0000,28,32,507.6185,-83.4074,0.2706,8,0.2000,0.7143,7,8,8,0,0,8,8,0.0000
4,136.0000,28,33,627.6803,-85.7833,-1.1072,5,0.1250,1.0000,8,8,8,0,0,8,8,0.0000
4,136.0000,28,35,493.5402,-82.2476,-0.0233,23,0.5750,0.4000,5,6,4,0,0,6,4,0.3333
4,136.0000,28,39,784.4509,-88.0885,1.2106,3,0.0750,1.0000,8,8,7,0,0,8,7,0.1250
4,136.0000,28,42,788.2513,-88.5658,-0.7502,3,0.0750,1.0000,8,8,8,0,0,8,8,0.0000
4,136.0000,28,44,94.9710,-66.6366,-0.5001,33,0.8250,0.0000,4,4,0,0,0,4,0,1.0000
4,136.0000,28,46,531.7269,-84.4336,0.0801,11,0.2750,0.8571,7,8,8,0,0,8,8,0.0000
4,136.0000,29,0,421.6664,-82.3685,0.0001,20,0.5128,0.8889,9,6,4,0,0,6,4,0.3333
4,136.0000,29,5,720.0238,-85.2740,0.0944,7,0.1795,1.0000,8,8,7,0,0,8,7,0.1250
4,136.0000,29,7,1113.6158,-88.2090,-0.0227,3,0.0769,1.0000,6,2,2,0,0,2,2,0.0000
4,136.0000,29,10,612.4778,-83.4665,0.8948,8,0.2051,1.0000,8,8,8,0,0,8,8,0.0000
4,136.0000,29,12,421.2672,-81.8823,0.0114,19,0.4872,0.5000,6,6,4,0,0,6,4,0.3333
4,136.0000,29,26,160.6002,-71.5876,-0.3804,37,0.9487,0.0000,4,5,1,0,0,5,1,0.8000
4,136.0000,29,34,506.7843,-83.1221,-2.1573,7,0.1795,1.0000,8,5,2,0,0,5,2,0.6000
4,136.0000,29,41,782.4149,-87.3061,-1.2919,3,0.0769,1.0000,8,8,8,0,0,8,8,0.0000
4,136.0000,29,47,762.2220,-85.6263,-1.6945,5,0.1282,1.0000,8,7,6,0,0,7,6,0.1429
4,136.0000,30,2,694.6736,-86.1729,0.2203,5,0.1250,1.0000,8,8,8,0,0,8,8,0.0000
4,136.0000,30,4,374.6003,-81.3826,0.9969,16,0.4000,0.8571,7,6,2,0,0,6,2,0.6667
4,136.0000,30,9,565.2865,-85.3240,0.3807,6,0.1500,0.8571,7,8,8,0,0,8,8,0.0000
4,136.0000,30,11,719.3282,-87.3130,-0.9121,3,0.0750,1.0000,6,8,8,0,0,8,8,0.0000
4,136.0000,30,15,587.7278,-85.0800,0.4721,7,0.1750,1.0000,8,8,8,0,0,8,8,0.0000
4,136.0000,30,17,728.9245,-86.6364,1.0858,3,0.0750,1.0000,8,7,6,0,0,7,6,0.1429
4,136.0000,30,18,779.5308,-87.8733,0.7753,3,0.0750,0.8571,7,8,8,0,0,8,8,0.0000
4,136.0000,30,28,263.3777,-77.4505,0.2553,32,0.8000,0.5714,7,4,1,0,0,4,1,0.7500
4,136.0000,30,35,577.0306,-83.0502,-0.0132,21,0.5250,0.6667,6,8,8,0,0,8,8,0.0000
4,136.0000,30,44,319.7263,-78.6206,0.5089,30,0.7500,0.4000,5,8,8,0,0,8,8,0.0000
4,136.0000,30,46,710.9894,-86.8808,1.1727,3,0.0750,1.0000,8,8,7,0,0,8,7,0.1250
4,136.0000,31,1,453.2013,-83.7817,0.5964,15,0.3750,0.7143,7,8,5,0,0,8,5,0.3750
4,136.0000,31,3,288.4717,-78.1892,-0.0155,28,0.7000,0.2000,5,4,0,0,0,4,0,1.0000
4,136.0000,31,4,911.7775,-87.7067,-0.0618,3,0.0750,1.0000,2,6,6,0,0,6,6,0.0000
4,136.0000,31,5,1018.4791,-88.1499,0.9651,5,0.1250,1.0000,4,2,2,0,0,2,2,0.0000
4,136.0000,31,6,169.1131,-76.0220,0.9201,34,0.8500,0.0000,4,5,2,0,0,5,2,0.6000
4,136.0000,31,7,739.4982,-87.1892,-0.1217,9,0.2250,0.8333,6,7,6,0,0,7,6,0.1429
4,136.0000,31,8,424.6979,-83.5052,0.2224,18,0.4500,0.8378,74,8,6,0,0,8,6,0.2500
4,136.0000,31,9,755.2259,-87.1286,0.1718,12,0.3000,1.0000,6,4,4,0,0,4,4,0.0000
4,136.0000,31,10,885.2198,-88.0650,-0.5362,6,0.1500,1.0000,2,2,2,0,0,2,2,0.0000
4,136.0000,31,11,878.4298,-88.3829,-0.6718,6,0.1500,1.0000,6,8,8,0,0,8,8,0.0000
4,136.0000,31,12,966.4522,-87.5001,0.4277,5,0.1250,1.0000,4,4,4,0,0,4,4,0.0000
4,136.0000,31,13,356.8379,-82.0751,0.5599,23,0.5750,0.7143,63,6,2,131,106,137,108,0.2117
4,136.0000,31,14,351.4557,-79.9677,-0.9909,27,0.6750,0.6667,6,8,8,0,0,8,8,0.0000
4,136.0000,31,15,775.3530,-86.5735,0.4139,7,0.1750,0.8889,9,8,8,0,0,8,8,0.0000
4,136.0000,31,16,1008.2685,-87.7981,-0.0357,5,0.1250,1.0000,2,2,2,0,0,2,2,0.0000
4,136.0000,31,17,827.9339,-87.9062,0.3435,11,0.2750,1.0000,4,8,7,0,0,8,7,0.1250
4,136.0000,31,18,502.1139,-83.5848,0.2934,16,0.4000,0.8750,8,7,6,0,0,7,6,0.1429
4,136.0000,31,19,348.0066,-81.9392,1.0216,19,0.4750,0.5000,6,6,3,0,0,6,3,0.5000
4,136.0000,31,20,329.1350,-80.2473,-0.1425,19,0.4750,0.8750,8,7,5,0,0,7,5,0.2857
4,136.0000,31,21,497.9181,-83.7448,0.4441,15,0.3750,1.0000,8,6,4,0,0,6,4,0.3333
4,136.0000,31,22,599.1645,-86.5368,-0.0648,9,0.2250,0.8750,8,7,5,0,0,7,5,0.2857
4,136.0000,31,23,658.0530,-85.8286,0.2326,13,0.3250,0.5000,4,4,2,0,0,4,2,0.5000
4,136.0000,31,24,613.3711,-84.7585,0.4589,10,0.2500,1.0000,8,5,4,0,0,5,4,0.2000
4,136.0000,31,25,262.4134,-77.9610,0.4698,33,0.8250,0.2222,9,5,1,0,0,5,1,0.8000
4,136.0000,31,27,261.8414,-76.7609,-0.7814,34,0.8500,0.0000,4,6,3,0,0,6,3,0.5000
4,136.0000,31,28,992.1038,-87.3534,0.7720,4,0.1000,,0,2,2,0,0,2,2,0.0000
4,136.0000,31,32,663.7180,-85.8529,0.9320,11,0.2750,1.0000,8,7,6,0,0,7,6,0.1429
4,136.0000,31,33,458.2400,-83.2058,1.0133,14,0.3500,0.8571,7,8,7,0,0,8,7,0.1250
4,136.0000,31,34,826.8822,-87.5281,0.3417,10,0.2500,0.8333,6,4,4,0,0,4,4,0.0000
4,136.0000,31,36,720.3436,-86.8425,-0.0762,12,0.3000,1.0000,8,8,8,0,0,8,8,0.0000
4,136.0000,31,37,247.1104,-78.7370,0.4508,26,0.6500,0.7143,7,4,0,0,0,4,0,1.0000
4,136.0000,31,38,361.0541,-82.1757,1.2354,23,0.5750,0.6667,6,6,4,0,0,6,4,0.3333
4,136.0000,31,39,747.3928,-87.5685,0.0487,9,0.2250,1.0000,6,6,6,0,0,6,6,0.0000
4,136.0000,31,40,213.9824,-76.3179,0.0699,33,0.8250,0.0000,4,4,0,0,0,4,0,1.0000
4,136.0000,31,41,696.5501,-86.3487,-0.0599,15,0.3750,1.0000,4,8,7,0,0,8,7,0.1250
4,136.0000,31,42,584.2869,-84.1852,-1.1601,17,0.4250,1.0000,8,8,8,0,0,8,8,0.0000
4,136.0000,31,44,915.2581,-87.6716,0.4955,6,0.1500,1.0000,6,8,8,0,0,8,8,0.0000
4,136.0000,31,45,297.7139,-78.7217,-0.1023,26,0.6500,0.4286,7,8,3,0,0,8,3,0.6250
4,136.0000,31,46,897.7804,-88.4471,0.0273,9,0.2250,0.8571,7,2,2,0,0,2,2,0.0000
4,136.0000,31,47,618.4955,-86.1314,-0.0074,14,0.3500,0.8333,6,8,8,0,0,8,8,0.0000
4,136.0000,32,4,445.4453,-80.8515,-0.3390,14,0.3500,0.8571,7,8,6,0,0,8,6,0.2500
4,136.0000,32,9,176.2625,-74.9106,0.9401,32,0.8000,0.0000,4,6,2,0,0,6,2,0.6667
4,136.0000,32,11,790.8306,-85.6818,-0.2901,3,0.0750,1.0000,8,7,5,0,0,7,5,0.2857
4,136.0000,32,14,556.2525,-83.9283,0.4946,3,0.0750,0.9000,10,6,6,0,0,6,6,0.0000
4,136.0000,32,15,566.7108,-84.9930,1.6581,5,0.1250,0.8571,7,6,4,0,0,6,4,0.3333
4,136.0000,32,18,297.0628,-79.6693,0.6027,13,0.3250,1.0000,8,4,0,0,0,4,0,1.0000
4,136.0000,32,19,677.2246,-84.1469,-0.1850,3,0.0750,1.0000,8,8,8,0,0,8,8,0.0000
4,136.0000,32,20,495.4849,-84.2496,0.2990,4,0.1000,1.0000,8,8,8,0,0,8,8,0.0000
4,136.0000,32,21,493.4336,-82.5497,-0.0965,9,0.2250,0.8571,7,8,7,0,0,8,7,0.1250
4,136.0000,32,24,154.9802,-75.5860,0.9067,26,0.6500,0.0000,4,4,0,0,0,4,0,1.0000
4,136.0000,32,28,507.6185,-82.7038,-1.0488,11,0.2750,0.6667,6,7,5,0,0,7,5,0.2857
4,136.0000,32,30,688.4546,-86.0086,0.4561,8,0.2000,0.8333,6,6,5,0,0,6,5,0.1667
4,136.0000,32,33,247.0022,-77.9983,0.2418,23,0.5750,0.3333,6,6,3,0,0,6,3,0.5000
4,136.0000,32,44,454.4284,-83.4880,0.1318,10,0.2500,1.0000,8,7,6,0,0,7,6,0.1429
4,136.0000,32,45,545.0450,-85.9336,-0.7709,4,0.1000,0.7143,7,8,8,0,0,8,8,0.0000
4,136.0000,33,1,631.5864,-84.4882,-0.3082,11,0.2821,1.0000,8,8,7,0,0,8,7,0.1250
4,136.0000,33,2,841.3298,-87.9644,1.1082,8,0.2051,,0,2,2,0,0,2,2,0.0000
4,136.0000,33,3,715.7409,-87.2646,-0.4612,5,0.1282,1.0000,8,7,6,0,0,7,6,0.1429
4,136.0000,33,4,502.3491,-83.3179,-0.1730,17,0.4359,0.8750,8,7,5,0,0,7,5,0.2857
4,136.0000,33,6,512.0753,-85.1135,1.1792,10,0.2564,0.8889,9,8,7,0,0,8,7,0.1250
4,136.0000,33,7,879.5307,-86.0758,-0.2414,4,0.1026,1.0000,8,2,2,0,0,2,2,0.0000
4,136.0000,33,8,544.9448,-85.8655,-0.0377,7,0.1795,1.0000,8,7,6,0,0,7,6,0.1429
4,136.0000,33,9,301.9737,-78.5422,0.3139,24,0.6154,0.2000,5,7,5,0,0,7,5,0.2857
4,136.0000,33,11,744.5719,-87.5135,0.5548,7,0.1795,1.0000,4,8,8,0,0,8,8,0.0000
4,136.0000,33,13,565.6257,-85.4530,1.3741,8,0.2051,1.0000,8,8,7,0,0,8,7,0.1250
4,136.0000,33,14,417.2534,-83.5218,0.7978,9,0.2308,0.8571,7,7,6,0,0,7,6,0.1429
4,136.0000,33,15,559.7706,-85.2891,1.0715,12,0.3077,0.8571,7,8,8,0,0,8,8,0.0000
4,136.0000,33,17,653.1889,-87.0807,0.4974,10,0.2564,1.0000,6,7,6,0,0,7,6,0.1429
4,136.0000,33,18,282.1111,-80.0236,0.6025,21,0.5385,0.6667,6,5,2,0,0,5,2,0.6000
4,136.0000,33,19,542.5610,-85.7655,0.4561,9,0.2308,0.8750,8,7,5,0,0,7,5,0.2857
4,136.0000,33,20,283.5257,-78.4204,0.3810,19,0.4872,0.5000,6,5,2,0,0,5,2,0.6000
4,136.0000,33,21,347.6090,-78.0440,-1.0401,26,0.6667,0.4000,5,6,3,0,0,6,3,0.5000
4,136.0000,33,22,747.8673,-87.0579,-0.4026,6,0.1538,1.0000,4,6,4,0,0,6,4,0.3333
4,136.0000,33,24,283.7679,-76.4199,-0.4826,32,0.8205,0.0000,4,8,6,0,0,8,6,0.2500
4,136.0000,33,25,591.4038,-85.2295,-0.8220,9,0.2308,0.8750,8,6,6,0,0,6,6,0.0000
4,136.0000,33,27,639.5296,-85.6880,-0.0604,7,0.1795,0.8889,9,6,6,0,0,6,6,0.0000
4,136.0000,33,28,627.6803,-86.2027,0.0676,8,0.2051,1.0000,8,8,8,0,0,8,8,0.0000
4,136.0000,33,30,826.4539,-87.7564,-0.0713,5,0.1282,,0,6,6,0,0,6,6,0.0000
4,136.0000,33,31,458.2400,-84.2087,-0.4605,10,0.2564,1.0000,8,7,6,0,0,7,6,0.1429
4,136.0000,33,32,247.0022,-77.6153,0.0040,28,0.7179,0.2000,5,5,1,0,0,5,1,0.8000
4,136.0000,33,36,810.0083,-87.3886,-0.6987,3,0.0769,1.0000,8,6,6,0,0,6,6,0.0000
4,136.0000,33,37,669.2776,-84.4826,-0.0459,6,0.1538,0.7143,7,8,8,0,0,8,8,0.0000
4,136.0000,33,38,754.3120,-87.2271,2.2612,3,0.0769,1.0000,2,8,8,0,0,8,8,0.0000
4,136.0000,33,39,767.4905,-88.0886,0.1265,6,0.1538,1.0000,6,6,6,0,0,6,6,0.0000
4,136.0000,33,40,421.9411,-82.4136,-0.1570,10,0.2564,1.0000,8,8,7,0,0,8,7,0.1250
4,136.0000,33,42,595.4045,-85.3223,0.2652,9,0.2308,1.0000,8,7,6,0,0,7,6,0.1429
4,136.0000,33,44,548.3961,-85.6169,-0.1739,10,0.2564,1.0000,8,8,8,0,0,8,8,0.0000
4,136.0000,33,45,320.5472,-78.6907,0.2960,17,0.4359,0.5000,6,7,5,0,0,7,5,0.2857
4,136.0000,33,46,756.1888,-87.3234,0.6522,8,0.2051,1.0000,6,5,3,0,0,5,3,0.4000
4,136.0000,33,47,964.8513,-88.4891,0.0309,4,0.1026,1.0000,6,4,4,0,0,4,4,0.0000
4,136.0000,34,0,397.6716,-81.7458,0.9677,19,0.4750,0.6667,6,4,0,0,0,4,0,1.0000
4,136.0000,34,3,595.9859,-85.8772,-1.8352,6,0.1500,1.0000,8,8,8,0,0,8,8,0.0000
4,136.0000,34,5,553.5974,-84.0366,0.3418,11,0.2750,0.7143,7,7,6,0,0,7,6,0.1429
4,136.0000,34,7,758.6065,-85.4166,2.2858,4,0.1000,0.8571,7,8,7,0,0,8,7,0.1250
4,136.0000,34,10,341.9147,-80.6965,0.6525,24,0.6000,0.6667,6,6,3,0,0,6,3,0.5000
4,136.0000,34,12,204.3437,-75.7402,-0.0986,34,0.8500,0.0000,4,4,0,0,0,4,0,1.0000
4,136.0000,34,16,722.3605,-86.1308,1.2648,5,0.1250,1.0000,6,5,3,0,0,5,3,0.4000
4,136.0000,34,19,741.6278,-87.8644,3.8838,3,0.0750,1.0000,8,7,6,0,0,7,6,0.1429
4,136.0000,34,23,533.3674,-81.8809,0.2552,13,0.3250,0.8571,7,6,4,0,0,6,4,0.3333
4,136.0000,34,26,464.6869,-83.8647,0.4543,19,0.4750,0.8750,8,7,5,0,0,7,5,0.2857
4,136.0000,34,29,506.7843,-84.0828,0.1313,21,0.5250,0.8571,7,6,3,0,0,6,3,0.5000
4,136.0000,34,31,826.8822,-87.3658,-6.8576,3,0.0750,1.0000,8,8,8,0,0,8,8,0.0000
4,136.0000,34,36,809.9682,-85.3363,2.0978,5,0.1250,1.0000,8,8,8,0,0,8,8,0.0000
4,136.0000,34,37,586.4203,-82.8103,1.5484,7,0.1750,1.0000,8,8,8,0,0,8,8,0.0000
4,136.0000,34,38,474.4061,-80.9532,-0.9707,14,0.3500,0.7143,7,8,8,0,0,8,8,0.0000
4,136.0000,34,41,366.6850,-79.5096,0.0570,24,0.6000,0.8571,7,8,6,0,0,8,6,0.2500
4,136.0000,34,43,635.4238,-84.7884,1.1876,6,0.1500,1.0000,8,7,6,0,0,7,6,0.1429
4,136.0000,34,47,300.4128,-77.4647,-0.2311,28,0.7000,0.2000,5,8,8,0,0,8,8,0.0000
4,136.0000,35,2,452.9461,-84.1381,0.4467,13,0.3250,0.8750,8,7,5,0,0,7,5,0.2857
4,136.0000,35,4,680.9606,-85.4603,-2.1462,5,0.1250,0.8750,8,8,8,0,0,8,8,0.0000
4,136.0000,35,11,372.6340,-81.2049,-0.3867,13,0.3250,0.8571,7,7,4,0,0,7,4,0.4286
4,136.0000,35,15,441.1818,-81.8918,1.2348,11,0.2750,1.0000,8,8,8,0,0,8,8,0.0000
4,136.0000,35,17,588.1346,-84.6755,2.3527,8,0.2000,0.8571,7,8,8,0,0,8,8,0.0000
4,136.0000,35,28,493.5402,-81.9408,-0.3851,15,0.3750,0.7143,7,7,6,0,0,7,6,0.1429
4,136.0000,35,30,577.0306,-82.9674,-0.5347,14,0.3500,0.8571,7,7,6,0,0,7,6,0.1429
4,136.0000,35,39,665.1579,-85.1570,1.3061,3,0.0750,1.0000,8,8,8,0,0,8,8,0.0000
4,136.0000,35,44,522.3302,-83.0210,-0.7163,19,0.4750,0.7143,7,7,6,0,0,7,6,0.1429
4,136.0000,35,46,364.4417,-81.3155,0.5927,12,0.3000,1.0000,8,7,5,0,0,7,5,0.2857
4,136.0000,36,0,841.7516,-87.2149,-0.1540,10,0.2500,1.0000,8,4,4,0,0,4,4,0.0000
4,136.0000,36,1,270.2212,-75.8653,-0.2798,27,0.6750,0.2000,5,7,6,0,0,7,6,0.1429
4,136.0000,36,3,766.8277,-86.3490,-0.2220,8,0.2000,1.0000,8,8,8,0,0,8,8,0.0000
4,136.0000,36,5,534.0486,-83.5394,-0.4444,20,0.5000,0.6667,6,8,8,0,0,8,8,0.0000
4,136.0000,36,6,626.7970,-83.7246,-0.6690,10,0.2500,1.0000,8,8,8,0,0,8,8,0.0000
4,136.0000,36,7,135.3124,-73.5587,1.3062,37,0.9250,0.2000,5,7,2,0,0,7,2,0.7143
4,136.0000,36,10,573.0567,-86.1405,-0.3164,11,0.2750,1.0000,8,8,7,0,0,8,7,0.1250
4,136.0000,36,12,856.5700,-87.5229,-0.1375,8,0.2000,1.0000,8,2,2,0,0,2,2,0.0000
4,136.0000,36,16,396.3493,-82.8134,1.1628,22,0.5500,0.8571,7,6,3,0,0,6,3,0.5000
4,136.0000,36,18,910.2878,-87.9915,0.0829,3,0.0750,1.0000,8,8,8,0,0,8,8,0.0000
4,136.0000,36,19,373.0755,-77.9906,-0.8747,21,0.5250,0.7143,7,8,8,0,0,8,8,0.0000
4,136.0000,36,20,935.5506,-87.9132,0.0272,4,0.1000,1.0000,8,4,4,0,0,4,4,0.0000
4,136.0000,36,21,579.6913,-85.2613,0.4833,8,0.2000,0.8571,7,8,8,0,0,8,8,0.0000
4,136.0000,36,22,442.2312,-81.8587,-0.1057,20,0.5000,1.0000,8,8,8,0,0,8,8,0.0000
4,136.0000,36,24,737.5569,-86.4513,-0.1028,5,0.1250,0.8571,7,8,8,0,0,8,8,0.0000
4,136.0000,36,27,685.5429,-84.4549,-0.8571,5,0.1250,1.0000,8,7,6,0,0,7,6,0.1429
4,136.0000,36,31,720.3436,-87.2000,0.7543,4,0.1000,1.0000,8,8,7,0,0,8,7,0.1250
4,136.0000,36,33,810.0083,-85.4259,1.5083,3,0.0750,1.0000,8,6,6,0,0,6,6,0.0000
4,136.0000,36,34,809.9682,-85.4207,-0.3730,8,0.2000,1.0000,8,4,4,0,0,4,4,0.0000
4,136.0000,36,37,625.0369,-83.8115,-0.4516,11,0.2750,0.8571,7,10,10,0,0,10,10,0.0000
4,136.0000,36,38,591.7573,-83.3839,-0.9159,8,0.2000,1.0000,8,8,8,0,0,8,8,0.0000
4,136.0000,36,40,782.4952,-86.6610,-0.4387,4,0.1000,0.8571,7,8,8,0,0,8,8,0.0000
4,136.0000,36,41,972.4383,-87.8216,-0.4035,5,0.1250,1.0000,6,4,4,0,0,4,4,0.0000
4,136.0000,36,43,528.8225,-84.1769,-0.0528,16,0.4000,1.0000,8,7,6,0,0,7,6,0.1429
4,136.0000,36,45,664.2678,-85.9184,0.9363,5,0.1250,1.0000,8,8,8,0,0,8,8,0.0000
4,136.0000,36,47,524.5168,-83.9655,0.1790,11,0.2750,1.0000,8,8,8,0,0,8,8,0.0000
4,136.0000,37,0,883.8456,-87.2012,-0.0692,9,0.2250,1.0000,4,4,4,0,0,4,4,0.0000
4,136.0000,37,1,366.3086,-79.7665,0.4056,26,0.6500,0.8750,8,8,7,0,0,8,7,0.1250
4,136.0000,37,3,190.1584,-76.2709,0.0514,34,0.8500,0.4286,7,4,0,0,0,4,0,1.0000
4,136.0000,37,4,1147.7768,-88.2338,-0.6651,4,0.1000,,0,4,4,0,0,4,4,0.0000
4,136.0000,37,5,813.7926,-86.1438,-0.3966,14,0.3500,1.0000,8,8,8,0,0,8,8,0.0000
4,136.0000,37,6,222.2088,-75.0199,-0.5162,32,0.8000,0.5000,6,5,2,0,0,5,2,0.6000
4,136.0000,37,8,619.6529,-87.1402,0.3842,8,0.2000,1.0000,6,9,8,0,0,9,8,0.1111
4,136.0000,37,10,660.9204,-86.2412,0.1326,16,0.4000,1.0000,6,4,4,0,0,4,4,0.0000
4,136.0000,37,11,1110.7516,-88.8822,0.2165,5,0.1250,1.0000,4,4,4,0,0,4,4,0.0000
4,136.0000,37,12,736.2794,-85.2137,-0.6998,16,0.4000,0.7143,7,6,6,0,0,6,6,0.0000
4,136.0000,37,13,551.5169,-85.1049,1.6447,10,0.2500,0.6667,6,5,3,0,0,5,3,0.4000
4,136.0000,37,14,571.9986,-85.2120,0.1192,13,0.3250,1.0000,8,8,8,0,0,8,8,0.0000
4,136.0000,37,16,840.6587,-87.1437,-0.1451,12,0.3000,1.0000,6,4,4,0,0,4,4,0.0000
4,136.0000,37,17,1068.6725,-88.4239,-0.4563,3,0.0750,,0,8,8,0,0,8,8,0.0000
4,136.0000,37,18,713.2753,-88.1129,0.3522,7,0.1750,1.0000,8,8,8,0,0,8,8,0.0000
4,136.0000,37,19,303.3861,-79.3082,-0.5364,25,0.6250,0.0000,4,6,3,0,0,6,3,0.5000
4,136.0000,37,20,575.6088,-86.3574,0.0914,10,0.2500,1.0000,8,7,6,0,0,7,6,0.1429
4,136.0000,37,21,603.9553,-86.2878,-0.0829,11,0.2750,0.6000,5,10,9,0,0,10,9,0.1000
4,136.0000,37,22,516.9861,-84.4071,-0.8112,16,0.4000,0.8571,7,8,8,0,0,8,8,0.0000
4,136.0000,37,23,537.9857,-83.6084,1.0095,19,0.4750,1.0000,8,4,2,0,0,4,2,0.5000
4,136.0000,37,24,774.2950,-86.8718,-0.6021,9,0.2250,0.8571,7,6,6,0,0,6,6,0.0000
4,136.0000,37,25,420.7894,-83.9466,1.3621,14,0.3500,1.0000,8,8,6,0,0,8,6,0.2500
4,136.0000,37,27,196.9105,-76.9212,1.0827,31,0.7750,0.0000,4,5,2,0,0,5,2,0.6000
4,136.0000,37,31,247.1104,-79.3212,0.7635,24,0.6000,0.8750,8,6,3,0,0,6,3,0.5000
4,136.0000,37,32,856.4871,-88.1367,0.1288,6,0.1500,,0,3,2,0,0,3,2,0.3333
4,136.0000,37,33,669.2776,-86.7337,0.7191,9,0.2250,1.0000,8,8,8,0,0,8,8,0.0000
4,136.0000,37,34,586.4203,-83.7703,-0.6437,18,0.4500,0.8000,5,2,2,0,0,2,2,0.0000
4,136.0000,37,36,625.0369,-82.7893,-1.0124,21,0.5250,0.8750,8,8,8,0,0,8,8,0.0000
4,136.0000,37,38,138.4947,-72.1535,-0.0767,37,0.9250,0.0000,4,4,0,0,0,4,0,1.0000
4,136.0000,37,39,957.6466,-87.9625,0.0299,6,0.1500,1.0000,4,5,4,0,0,5,4,0.2000
4,136.0000,37,40,383.4017,-82.4011,0.7712,15,0.3750,0.6667,6,8,8,0,0,8,8,0.0000
4,136.0000,37,41,516.2856,-84.5410,-0.4054,16,0.4000,0.4000,5,8,8,0,0,8,8,0.0000
4,136.0000,37,42,804.7529,-86.2810,-0.6536,6,0.1500,1.0000,4,6,6,0,0,6,6,0.0000
4,136.0000,37,43,833.4288,-86.7679,0.1858,9,0.2250,1.0000,8,4,4,0,0,4,4,0.0000
4,136.0000,37,45,445.2933,-84.8912,-0.3802,10,0.2500,0.8750,8,8,8,0,0,8,8,0.0000
4,136.0000,37,47,387.5568,-81.1937,0.9234,21,0.5250,1.0000,8,7,5,0,0,7,5,0.2857
4,136.0000,38,0,753.5310,-85.7656,-1.0620,8,0.2000,1.0000,6,2,2,0,0,2,2,0.0000
4,136.0000,38,1,360.1609,-81.4897,-0.4566,12,0.3000,0.6667,6,7,4,0,0,7,4,0.4286
4,136.0000,38,3,205.8916,-75.6861,0.1915,31,0.7750,0.3333,6,6,2,0,0,6,2,0.6667
4,136.0000,38,5,707.6612,-85.9845,0.1468,12,0.3000,0.8750,8,8,7,0,0,8,7,0.1250
4,136.0000,38,6,348.2201,-79.3279,0.0384,14,0.3500,0.8750,8,6,4,0,0,6,4,0.3333
4,136.0000,38,7,584.2968,-82.8944,-1.1795,12,0.3000,0.8750,8,8,8,0,0,8,8,0.0000
4,136.0000,38,8,695.8162,-86.6994,-0.1440,4,0.1000,1.0000,4,8,7,0,0,8,7,0.1250
4,136.0000,38,10,543.9825,-83.8740,-0.7824,13,0.3250,0.8571,7,5,4,0,0,5,4,0.2000
4,136.0000,38,12,607.7101,-83.8690,-0.7715,16,0.4000,0.9000,10,7,6,0,0,7,6,0.1429
4,136.0000,38,13,671.0998,-86.1619,-0.5505,4,0.1000,1.0000,8,8,8,0,0,8,8,0.0000
4,136.0000,38,14,702.0264,-85.2194,-0.3462,7,0.1750,1.0000,8,8,8,0,0,8,8,0.0000
4,136.0000,38,16,750.8233,-86.0647,-0.2167,7,0.1750,0.8750,8,8,8,0,0,8,8,0.0000
4,136.0000,38,19,334.1871,-81.4867,0.4365,13,0.3250,0.8750,8,6,3,0,0,6,3,0.5000
4,136.0000,38,20,679.1956,-87.7975,9.8975,3,0.0750,0.8750,8,8,7,0,0,8,7,0.1250
4,136.0000,38,21,626.0611,-86.1635,1.9179,5,0.1250,0.8750,8,8,8,0,0,8,8,0.0000
4,136.0000,38,22,435.0924,-82.7348,-0.2728,13,0.3250,0.5000,6,7,5,0,0,7,5,0.2857
4,136.0000,38,23,462.0901,-83.8992,-0.1702,11,0.2750,0.6667,6,8,8,0,0,8,8,0.0000
4,136.0000,38,24,858.9521,-87.5075,-1.5937,4,0.1000,1.0000,6,2,2,0,0,2,2,0.0000
4,136.0000,38,25,528.2879,-85.0749,-0.4843,9,0.2250,1.0000,8,7,6,0,0,7,6,0.1429
4,136.0000,38,26,917.0014,-88.3740,-0.0748,3,0.0750,1.0000,4,4,4,0,0,4,4,0.0000
4,136.0000,38,27,195.4283,-76.9394,0.6507,21,0.5250,0.7500,8,5,1,0,0,5,1,0.8000
4,136.0000,38,31,361.0541,-82.1433,0.9008,15,0.3750,1.0000,8,8,7,0,0,8,7,0.1250
4,136.0000,38,33,754.3120,-87.6381,6.8490,3,0.0750,1.0000,6,8,8,0,0,8,8,0.0000
4,136.0000,38,34,474.4061,-80.7086,-0.2252,20,0.5000,0.6667,6,8,7,0,0,8,7,0.1250
4,136.0000,38,36,591.7573,-83.8882,-0.4297,12,0.3000,1.0000,8,8,7,0,0,8,7,0.1250
4,136.0000,38,37,138.4947,-72.6595,1.3962,35,0.8750,0.0000,4,5,2,0,0,5,2,0.6000
4,136.0000,38,40,443.1004,-83.2337,-0.5148,7,0.1750,0.8750,8,7,5,0,0,7,5,0.2857
4,136.0000,38,41,434.9467,-82.4185,0.3019,22,0.5500,0.8571,7,7,5,0,0,7,5,0.2857
4,136.0000,38,43,717.6991,-86.8698,-0.1775,7,0.1750,1.0000,8,6,6,0,0,6,6,0.0000
4,136.0000,38,45,490.8886,-83.8506,-1.6944,6,0.1500,0.8571,7,7,6,0,0,7,6,0.1429
4,136.0000,38,47,270.7058,-79.1123,0.8120,26,0.6500,0.6250,8,7,4,0,0,7,4,0.4286
4,136.0000,39,2,452.4792,-81.4997,-0.6105,22,0.5500,0.5000,6,8,8,0,0,8,8,0.0000
4,136.0000,39,4,788.5854,-87.2027,-0.3884,9,0.2250,1.0000,8,8,8,0,0,8,8,0.0000
4,136.0000,39,8,497.7117,-84.2769,1.3241,9,0.2250,1.0000,8,7,6,0,0,7,6,0.1429
4,136.0000,39,11,305.1583,-77.5967,-1.1407,33,0.8250,0.2000,5,5,2,0,0,5,2,0.6000
4,136.0000,39,13,407.6904,-82.4919,0.6547,11,0.2750,0.8571,7,8,8,0,0,8,8,0.0000
4,136.0000,39,14,490.1768,-83.9879,0.5231,10,0.2500,1.0000,8,8,8,0,0,8,8,0.0000
4,136.0000,39,15,448.6576,-82.6073,0.2569,16,0.4000,0.8571,7,8,7,0,0,8,7,0.1250
4,136.0000,39,17,366.6988,-80.5052,-0.4212,27,0.6750,0.5000,6,6,4,0,0,6,4,0.3333
4,136.0000,39,18,674.9336,-85.4143,0.3583,9,0.2250,0.8571,7,8,8,0,0,8,8,0.0000
4,136.0000,39,20,530.5515,-84.8214,1.1234,5,0.1250,1.0000,6,8,8,0,0,8,8,0.0000
4,136.0000,39,25,549.6722,-83.4283,0.3528,5,0.1250,1.0000,8,7,6,0,0,7,6,0.1429
4,136.0000,39,28,784.4509,-87.4557,-0.5493,6,0.1500,0.8571,7,7,6,0,0,7,6,0.1429
4,136.0000,39,31,747.3928,-85.5105,-0.3091,3,0.0750,1.0000,8,8,8,0,0,8,8,0.0000
4,136.0000,39,33,767.4905,-86.6472,-0.6970,3,0.0750,1.0000,8,8,8,0,0,8,8,0.0000
4,136.0000,39,35,665.1579,-85.5286,0.8427,14,0.3500,0.8750,8,4,4,0,0,4,4,0.0000
4,136.0000,39,40,748.5932,-85.5928,0.4691,6,0.1500,0.8571,7,8,8,0,0,8,8,0.0000
4,136.0000,39,42,277.2248,-79.2253,0.4289,20,0.5000,0.6667,6,6,2,0,0,6,2,0.6667
4,136.0000,39,44,726.1735,-87.4174,0.3925,6,0.1500,1.0000,8,7,6,0,0,7,6,0.1429
4,136.0000,39,46,311.8400,-76.1401,-1.0816,32,0.8000,0.0000,4,7,5,0,0,7,5,0.2857
4,136.0000,40,1,534.2284,-85.1207,-0.0627,8,0.2000,1.0000,8,8,8,0,0,8,8,0.0000
4,136.0000,40,3,335.1452,-80.6893,-0.0920,15,0.3750,0.5000,6,7,5,0,0,7,5,0.2857
4,136.0000,40,4,844.8705,-87.3931,-0.9656,10,0.2500,1.0000,2,6,6,0,0,6,6,0.0000
4,136.0000,40,6,369.0485,-82.2374,0.4130,13,0.3250,1.0000,8,7,4,0,0,7,4,0.4286
4,136.0000,40,7,832.8341,-87.7552,0.2202,4,0.1000,1.0000,2,2,2,0,0,2,2,0.0000
4,136.0000,40,8,314.2940,-78.5634,-0.4140,25,0.6250,0.3333,6,8,6,0,0,8,6,0.2500
4,136.0000,40,9,712.7160,-87.6184,-0.3205,7,0.1750,,0,7,6,0,0,7,6,0.1429
4,136.0000,40,11,884.8381,-88.5013,-0.0193,7,0.1750,1.0000,4,8,8,0,0,8,8,0.0000
4,136.0000,40,13,419.6284,-83.2191,0.6564,15,0.3750,1.0000,8,7,6,0,0,7,6,0.1429
4,136.0000,40,14,446.5859,-81.4759,0.2375,16,0.4000,1.0000,8,8,8,0,0,8,8,0.0000
4,136.0000,40,15,790.2976,-86.4223,-0.9902,7,0.1750,1.0000,6,6,6,0,0,6,6,0.0000
4,136.0000,40,17,755.7016,-86.7616,-0.4163,10,0.2500,1.0000,2,8,8,0,0,8,8,0.0000
4,136.0000,40,18,567.0134,-83.7440,0.5030,11,0.2750,0.8750,8,7,4,0,0,7,4,0.4286
4,136.0000,40,19,442.4680,-82.9112,0.7438,10,0.2500,1.0000,8,7,5,0,0,7,5,0.2857
4,136.0000,40,20,297.5431,-78.5249,-0.1061,23,0.5750,0.5714,7,6,3,0,0,6,3,0.5000
4,136.0000,40,21,414.8783,-81.0457,0.0524,14,0.3500,0.6667,6,8,6,0,0,8,6,0.2500
4,136.0000,40,22,551.1034,-87.3738,0.2108,6,0.1500,0.8750,8,7,6,0,0,7,6,0.1429
4,136.0000,40,23,621.5278,-84.8138,0.7209,8,0.2000,1.0000,8,6,5,0,0,6,5,0.1667
4,136.0000,40,24,647.1358,-85.6351,-0.4687,11,0.2750,1.0000,8,6,6,0,0,6,6,0.0000
4,136.0000,40,25,325.7780,-79.5541,-0.1340,24,0.6000,0.8571,7,6,4,0,0,6,4,0.3333
4,136.0000,40,27,267.1467,-78.0133,-0.1194,22,0.5500,0.5702,121,6,4,122,82,128,86,0.3281
4,136.0000,40,31,213.9824,-75.7613,-0.1236,27,0.6750,0.5000,6,4,0,0,0,4,0,1.0000
4,136.0000,40,32,663.4327,-85.9524,0.8262,8,0.2000,0.8750,8,8,7,0,0,8,7,0.1250
4,136.0000,40,33,421.9411,-82.3294,-0.4081,14,0.3500,0.8571,7,8,7,0,0,8,7,0.1250
4,136.0000,40,34,896.7916,-88.5275,0.0664,6,0.1500,1.0000,4,6,6,0,0,6,6,0.0000
4,136.0000,40,36,782.4952,-87.0431,0.2781,7,0.1750,1.0000,8,8,8,0,0,8,8,0.0000
4,136.0000,40,37,383.4017,-82.4191,0.4744,12,0.3000,0.6667,6,7,4,0,0,7,4,0.4286
4,136.0000,40,38,443.1004,-84.2185,0.6070,10,0.2500,0.8571,7,8,7,0,0,8,7,0.1250
4,136.0000,40,39,748.5932,-87.1303,0.0385,8,0.2000,1.0000,8,8,8,0,0,8,8,0.0000
4,136.0000,40,41,724.8417,-87.0175,-0.2020,10,0.2500,1.0000,4,8,8,0,0,8,8,0.0000
4,136.0000,40,42,521.5046,-82.7878,-2.0929,18,0.4500,0.4000,5,8,8,0,0,8,8,0.0000
4,136.0000,40,44,897.5252,-87.7400,0.7180,4,0.1000,1.0000,4,8,7,0,0,8,7,0.1250
4,136.0000,40,45,186.8148,-74.9852,-0.0929,31,0.7750,0.0000,4,4,0,0,0,4,0,1.0000
4,136.0000,40,46,896.4153,-87.2791,-1.3190,7,0.1750,0.8333,6,2,2,0,0,2,2,0.0000
4,136.0000,40,47,693.7096,-88.6641,-0.2792,6,0.1500,1.0000,8,8,8,0,0,8,8,0.0000
4,136.0000,41,0,699.1309,-85.4674,0.2091,5,0.1250,0.8333,6,8,8,0,0,8,8,0.0000
4,136.0000,41,3,411.4302,-82.3253,0.6030,6,0.1500,1.0000,8,7,6,0,0,7,6,0.1429
4,136.0000,41,5,864.2662,-88.5628,-0.4934,3,0.0750,1.0000,8,6,6,0,0,6,6,0.0000
4,136.0000,41,10,651.7415,-84.6579,-0.4436,7,0.1750,1.0000,6,8,8,0,0,8,8,0.0000
4,136.0000,41,12,477.4089,-81.3319,-0.3364,15,0.3750,0.8571,7,8,8,0,0,8,8,0.0000
4,136.0000,41,23,218.7989,-76.5165,0.3701,31,0.7750,0.0000,4,5,1,0,0,5,1,0.8000
4,136.0000,41,26,758.2663,-86.3983,0.1276,6,0.1500,1.0000,8,8,8,0,0,8,8,0.0000
4,136.0000,41,27,485.2679,-85.9920,-0.9169,4,0.1000,1.0000,8,7,6,0,0,7,6,0.1429
4,136.0000,41,29,782.4149,-85.3973,-0.0419,8,0.2000,1.0000,8,7,6,0,0,7,6,0.1429
4,136.0000,41,34,366.6850,-79.8465,-0.2440,20,0.5000,0.6667,6,5,2,0,0,5,2,0.6000
4,136.0000,41,37,516.2856,-83.5132,-0.7521,4,0.1000,1.0000,8,7,6,0,0,7,6,0.1429
4,136.0000,41,38,434.9467,-82.0716,0.1569,8,0.2000,0.8750,8,7,6,0,0,7,6,0.1429
4,136.0000,41,47,477.7791,-83.0944,-1.4539,5,0.1250,0.8571,7,8,8,0,0,8,8,0.0000
4,136.0000,42,2,511.3877,-83.4296,0.3907,15,0.3750,1.0000,8,6,4,0,0,6,4,0.3333
4,136.0000,42,4,696.4832,-85.4253,0.9986,5,0.1250,0.8571,7,7,6,0,0,7,6,0.1429
4,136.0000,42,6,722.1714,-85.6068,2.5065,3,0.0750,1.0000,8,7,6,0,0,7,6,0.1429
4,136.0000,42,8,245.2356,-76.6344,-0.2319,31,0.7750,0.5000,6,7,6,0,0,7,6,0.1429
4,136.0000,42,9,747.1035,-86.3805,0.9090,4,0.1000,1.0000,6,8,8,0,0,8,8,0.0000
4,136.0000,42,11,463.7197,-83.0670,0.6949,12,0.3000,0.8571,7,7,5,0,0,7,5,0.2857
4,136.0000,42,13,327.5975,-79.6070,-0.3359,22,0.5500,0.5000,6,8,8,0,0,8,8,0.0000
4,136.0000,42,14,428.2181,-80.9021,-0.3795,10,0.2500,0.3333,6,8,8,0,0,8,8,0.0000
4,136.0000,42,15,501.0907,-83.3832,-0.1113,10,0.2500,1.0000,8,6,4,0,0,6,4,0.3333
4,136.0000,42,17,319.8341,-79.6258,-0.2626,22,0.5500,0.7143,7,7,4,0,0,7,4,0.4286
4,136.0000,42,18,605.8263,-84.3298,-0.5989,7,0.1750,0.8571,7,8,8,0,0,8,8,0.0000
4,136.0000,42,20,345.6826,-80.7959,0.1225,14,0.3500,0.8750,8,8,8,0,0,8,8,0.0000
4,136.0000,42,21,820.8754,-87.1991,-1.9035,3,0.0750,1.0000,8,6,6,0,0,6,6,0.0000
4,136.0000,42,25,417.5226,-79.4757,-1.5278,12,0.3000,0.5000,6,8,8,0,0,8,8,0.0000
4,136.0000,42,27,736.3568,-87.6519,-1.0757,4,0.1000,1.0000,8,8,8,0,0,8,8,0.0000
4,136.0000,42,28,788.2513,-87.5180,0.3405,5,0.1250,1.0000,6,8,8,0,0,8,8,0.0000
4,136.0000,42,31,584.2869,-83.5064,-0.9391,5,0.1250,1.0000,8,8,8,0,0,8,8,0.0000
4,136.0000,42,35,821.7982,-86.0343,-0.0118,6,0.1500,1.0000,2,4,3,0,0,4,3,0.2500
4,136.0000,42,39,277.2248,-79.8372,1.8026,22,0.5500,0.3333,6,7,3,0,0,7,3,0.5714
4,136.0000,42,40,521.5046,-81.9472,-0.3313,10,0.2500,1.0000,8,8,8,0,0,8,8,0.0000
4,136.0000,42,44,706.7381,-84.9814,-0.0208,5,0.1250,1.0000,6,10,10,0,0,10,10,0.0000
4,136.0000,42,45,636.7557,-83.9050,-0.8954,6,0.1500,1.0000,6,8,8,0,0,8,8,0.0000
4,136.0000,42,46,464.2743,-81.6615,0.6505,20,0.5000,0.6667,6,7,4,0,0,7,4,0.4286
4,136.0000,43,0,425.9815,-82.3469,0.7522,20,0.5000,0.7143,7,6,3,0,0,6,3,0.5000
4,136.0000,43,1,640.0497,-86.7987,-0.1165,5,0.1250,0.8571,7,8,8,0,0,8,8,0.0000
4,136.0000,43,5,232.5350,-76.9852,0.3156,29,0.7250,0.2000,5,5,1,0,0,5,1,0.8000
4,136.0000,43,7,543.7700,-84.6437,-0.6230,12,0.3000,0.7143,7,8,8,0,0,8,8,0.0000
4,136.0000,43,10,326.8006,-81.0059,0.6340,15,0.3750,0.8750,8,7,5,0,0,7,5,0.2857
4,136.0000,43,12,547.1905,-85.4565,1.2134,12,0.3000,0.8571,7,7,6,0,0,7,6,0.1429
4,136.0000,43,16,237.1964,-75.9308,-0.3034,29,0.7250,0.0000,4,6,2,0,0,6,2,0.6667
4,136.0000,43,19,738.6804,-85.5172,-0.3076,3,0.0750,1.0000,8,8,8,0,0,8,8,0.0000
4,136.0000,43,21,905.3370,-87.3882,0.6024,3,0.0750,,0,6,6,0,0,6,6,0.0000
4,136.0000,43,22,501.4139,-82.7095,0.0091,11,0.2750,0.8571,7,8,8,0,0,8,8,0.0000
4,136.0000,43,26,692.1243,-87.0404,1.2258,10,0.2500,1.0000,8,8,8,0,0,8,8,0.0000
4,136.0000,43,29,836.3007,-87.4440,0.7345,9,0.2250,1.0000,6,8,8,0,0,8,8,0.0000
4,136.0000,43,34,635.4238,-86.0957,0.3325,4,0.1000,1.0000,6,8,7,0,0,8,7,0.1250
4,136.0000,43,36,528.8225,-84.4380,-0.1075,13,0.3250,0.8750,8,7,5,0,0,7,5,0.2857
4,136.0000,43,37,833.4288,-86.9278,-0.3209,4,0.1000,1.0000,8,8,7,0,0,8,7,0.1250
4,136.0000,43,38,717.6991,-86.8947,-0.7247,8,0.2000,1.0000,8,8,8,0,0,8,8,0.0000
4,136.0000,43,41,879.0668,-87.1210,0.7458,5,0.1250,1.0000,6,7,6,0,0,7,6,0.1429
4,136.0000,43,47,504.2527,-84.0289,0.5314,11,0.2750,1.0000,8,8,8,0,0,8,8,0.0000
4,136.0000,44,2,557.2765,-83.1402,0.7262,11,0.2750,0.8571,7,6,5,0,0,6,5,0.1667
4,136.0000,44,4,221.8347,-77.2294,0.1410,31,0.7750,0.2000,5,4,0,0,0,4,0,1.0000
4,136.0000,44,9,358.6493,-81.7017,0.1102,15,0.3750,1.0000,8,7,6,0,0,7,6,0.1429
4,136.0000,44,11,494.8533,-83.3904,0.0606,11,0.2750,1.0000,8,7,6,0,0,7,6,0.1429
4,136.0000,44,15,305.3011,-80.8226,1.4876,17,0.4250,0.8571,7,6,3,0,0,6,3,0.5000
4,136.0000,44,17,513.6910,-84.8163,0.3910,7,0.1750,0.6667,6,8,8,0,0,8,8,0.0000
4,136.0000,44,18,475.0673,-83.4145,-0.1020,10,0.2500,1.0000,8,6,6,0,0,6,6,0.0000
4,136.0000,44,20,623.6261,-85.3175,-0.8319,5,0.1250,1.0000,8,8,8,0,0,8,8,0.0000
4,136.0000,44,24,591.8121,-84.3794,-1.9791,3,0.0750,1.0000,8,8,8,0,0,8,8,0.0000
4,136.0000,44,25,927.4681,-86.7822,0.7706,4,0.1000,0.8750,8,6,6,0,0,6,6,0.0000
4,136.0000,44,28,94.9710,-66.9137,-0.6431,35,0.8750,0.0000,4,5,1,0,0,5,1,0.8000
4,136.0000,44,30,319.7263,-78.5372,0.2486,33,0.8250,0.4000,5,5,1,0,0,5,1,0.8000
4,136.0000,44,32,454.4284,-83.0863,-0.6450,16,0.4000,0.8571,7,8,8,0,0,8,8,0.0000
4,136.0000,44,33,548.3961,-84.9919,1.6980,5,0.1250,1.0000,8,10,10,0,0,10,10,0.0000
4,136.0000,44,35,522.3302,-82.0294,-1.2030,18,0.4500,0.8571,7,6,6,0,0,6,6,0.0000
4,136.0000,44,39,726.1735,-86.0038,-1.1259,8,0.2000,1.0000,8,8,8,0,0,8,8,0.0000
4,136.0000,44,40,897.5252,-86.8167,-0.9867,3,0.0750,1.0000,8,2,2,0,0,2,2,0.0000
4,136.0000,44,42,706.7381,-86.3845,-0.2317,5,0.1250,1.0000,8,7,6,0,0,7,6,0.1429
4,136.0000,44,46,495.8422,-84.8406,0.5037,11,0.2750,0.8750,8,8,6,0,0,8,6,0.2500
4,136.0000,45,1,448.6842,-83.5215,0.3675,10,0.2500,0.8571,7,5,2,0,0,5,2,0.6000
4,136.0000,45,3,457.0970,-82.8986,-0.5123,11,0.2750,1.0000,8,8,7,0,0,8,7,0.1250
4,136.0000,45,4,784.4805,-86.1957,0.1073,6,0.1500,1.0000,4,7,5,0,0,7,5,0.2857
4,136.0000,45,6,392.6608,-82.7485,-0.0697,14,0.3500,0.8750,8,7,6,0,0,7,6,0.1429
4,136.0000,45,7,736.1000,-87.3305,-0.1580,9,0.2250,1.0000,2,6,6,0,0,6,6,0.0000
4,136.0000,45,8,462.7672,-82.1798,-0.3358,13,0.3250,0.4000,5,7,6,0,0,7,6,0.1429
4,136.0000,45,9,605.3650,-84.7890,-0.4898,13,0.3250,0.0000,2,8,8,0,0,8,8,0.0000
4,136.0000,45,11,943.1975,-87.6193,-0.7145,5,0.1250,1.0000,4,8,8,0,0,8,8,0.0000
4,136.0000,45,12,1036.9288,-88.9479,0.9026,3,0.0750,1.0000,4,2,2,0,0,2,2,0.0000
4,136.0000,45,13,553.0292,-83.8994,-0.7109,11,0.2750,0.8750,8,8,8,0,0,8,8,0.0000
4,136.0000,45,14,505.8262,-82.5989,-0.5696,14,0.3500,1.0000,8,8,6,0,0,8,6,0.2500
4,136.0000,45,15,807.2070,-87.3558,-0.8237,6,0.1500,1.0000,6,6,6,0,0,6,6,0.0000
4,136.0000,45,16,967.5811,-88.4799,0.8317,3,0.0750,1.0000,4,2,2,0,0,2,2,0.0000
4,136.0000,45,17,811.2170,-86.5923,-0.2767,8,0.2000,1.0000,4,8,8,0,0,8,8,0.0000
4,136.0000,45,18,526.1307,-84.7684,-0.5478,11,0.2750,1.0000,8,8,6,0,0,8,6,0.2500
4,136.0000,45,19,367.1528,-82.0474,0.1680,15,0.3750,0.7500,8,7,6,0,0,7,6,0.1429
4,136.0000,45,20,345.2068,-78.4869,-1.1520,20,0.5000,0.6667,6,7,6,0,0,7,6,0.1429
4,136.0000,45,21,229.2396,-76.9945,0.5670,36,0.9000,0.7143,7,6,2,0,0,6,2,0.6667
4,136.0000,45,22,469.0130,-85.5218,0.6166,12,0.3000,0.8571,7,6,4,0,0,6,4,0.3333
4,136.0000,45,23,741.1573,-87.2477,1.0430,9,0.2250,0.8571,7,8,8,0,0,8,8,0.0000
4,136.0000,45,24,516.9530,-83.5246,-0.3450,13,0.3250,1.0000,8,8,8,0,0,8,8,0.0000
4,136.0000,45,25,486.4910,-82.7441,-0.1057,11,0.2750,0.7500,8,7,5,0,0,7,5,0.2857
4,136.0000,45,27,356.2779,-79.2079,0.5001,21,0.5250,0.7143,7,5,2,0,0,5,2,0.6000
4,136.0000,45,28,937.9885,-86.7659,0.6875,4,0.1000,,0,6,6,0,0,6,6,0.0000
4,136.0000,45,31,297.7139,-79.4800,-1.2376,15,0.3750,0.4000,5,7,6,0,0,7,6,0.1429
4,136.0000,45,32,545.0450,-83.7662,1.5508,10,0.2500,0.8750,8,7,6,0,0,7,6,0.1429
4,136.0000,45,33,320.5472,-78.9501,-0.4907,17,0.4250,0.4000,5,7,6,0,0,7,6,0.1429
4,136.0000,45,36,664.2678,-85.9538,-0.2214,6,0.1500,1.0000,4,8,8,0,0,8,8,0.0000
4,136.0000,45,37,445.2933,-84.9914,0.9977,9,0.2250,0.8571,7,6,4,0,0,6,4,0.3333
4,136.0000,45,38,490.8886,-83.3025,0.4464,12,0.3000,1.0000,8,8,8,0,0,8,8,0.0000
4,136.0000,45,39,861.8545,-88.0464,0.1115,6,0.1500,1.0000,6,4,4,0,0,4,4,0.0000
4,136.0000,45,40,186.8148,-75.0361,-0.0560,25,0.6250,0.2000,5,6,2,0,0,6,2,0.6667
4,136.0000,45,41,837.2453,-88.2441,0.5191,6,0.1500,1.0000,6,8,8,0,0,8,8,0.0000
4,136.0000,45,42,636.7557,-84.4835,-0.2477,11,0.2750,0.5000,6,8,8,0,0,8,8,0.0000
4,136.0000,45,44,853.4986,-87.3596,-3.0623,4,0.1000,1.0000,8,6,6,0,0,6,6,0.0000
4,136.0000,45,46,954.6160,-87.7991,0.1781,7,0.1750,1.0000,2,6,6,0,0,6,6,0.0000
4,136.0000,45,47,701.2013,-87.4657,-0.4985,7,0.1750,1.0000,6,7,5,0,0,7,5,0.2857
4,136.0000,46,2,281.2699,-78.4261,0.2519,31,0.7750,0.0000,4,5,2,0,0,5,2,0.6000
4,136.0000,46,4,603.5746,-85.8201,1.2856,7,0.1750,0.8571,7,8,8,0,0,8,8,0.0000
4,136.0000,46,8,694.2163,-84.0498,-1.7938,4,0.1000,1.0000,8,8,7,0,0,8,7,0.1250
4,136.0000,46,9,751.1165,-85.3216,0.6165,3,0.0750,0.8750,8,8,8,0,0,8,8,0.0000
4,136.0000,46,11,35.9766,-59.4829,1.6471,35,0.8750,0.0000,4,4,0,0,0,4,0,1.0000
4,136.0000,46,13,614.5832,-83.8432,-0.0087,7,0.1750,1.0000,8,8,8,0,0,8,8,0.0000
4,136.0000,46,14,580.3133,-84.9853,0.4270,11,0.2750,1.0000,6,9,8,0,0,9,8,0.1111
4,136.0000,46,15,251.2464,-77.6474,0.3757,25,0.6250,0.7143,7,4,0,0,0,4,0,1.0000
4,136.0000,46,17,302.6176,-79.9754,-0.5230,20,0.5000,0.4286,7,5,2,0,0,5,2,0.6000
4,136.0000,46,18,631.3998,-83.5358,-0.4770,6,0.1500,0.8571,7,8,8,0,0,8,8,0.0000
4,136.0000,46,20,616.2544,-84.9859,0.3841,5,0.1250,0.7500,8,7,6,0,0,7,6,0.1429
4,136.0000,46,28,531.7269,-83.7295,0.7341,13,0.3250,0.8571,7,8,7,0,0,8,7,0.1250
4,136.0000,46,30,710.9894,-86.2047,0.6571,8,0.2000,0.8750,8,8,8,0,0,8,8,0.0000
4,136.0000,46,32,803.5345,-87.6421,-0.0329,6,0.1500,0.8571,7,4,4,0,0,4,4,0.0000
4,136.0000,46,35,364.4417,-82.6450,0.4941,24,0.6000,0.8571,7,5,1,0,0,5,1,0.8000
4,136.0000,46,39,311.8400,-76.7723,-1.2547,29,0.7250,0.1667,6,5,1,0,0,5,1,0.8000
4,136.0000,46,42,464.2743,-82.2369,1.3263,15,0.3750,0.8750,8,6,3,0,0,6,3,0.5000
4,136.0000,46,44,495.8422,-84.7509,0.6104,12,0.3000,1.0000,8,8,8,0,0,8,8,0.0000
4,136.0000,47,0,507.3925,-82.2566,-0.3887,23,0.5750,0.8750,8,7,6,0,0,7,6,0.1429
4,136.0000,47,1,408.7105,-83.0953,0.0213,8,0.2000,1.0000,8,6,3,0,0,6,3,0.5000
4,136.0000,47,3,461.4858,-83.1028,0.4069,11,0.2750,0.7143,7,7,6,0,0,7,6,0.1429
4,136.0000,47,5,453.4915,-83.0265,-0.4112,16,0.4000,0.7143,7,7,6,0,0,7,6,0.1429
4,136.0000,47,6,564.8180,-84.0931,-0.6180,7,0.1750,0.8571,7,8,8,0,0,8,8,0.0000
4,136.0000,47,7,488.2644,-82.1022,-0.3721,16,0.4000,0.7143,7,7,6,0,0,7,6,0.1429
4,136.0000,47,10,275.6498,-77.6035,-0.1621,28,0.7000,0.0000,4,6,2,0,0,6,2,0.6667
4,136.0000,47,12,402.6408,-79.2352,-1.3626,28,0.7000,0.2000,5,6,3,0,0,6,3,0.5000
4,136.0000,47,16,542.4821,-83.5909,-0.3526,20,0.5000,1.0000,8,8,8,0,0,8,8,0.0000
4,136.0000,47,19,455.1363,-84.3357,-0.5380,5,0.1250,0.8571,7,6,4,0,0,6,4,0.3333
4,136.0000,47,20,934.2847,-89.3787,0.1491,3,0.0750,1.0000,6,8,8,0,0,8,8,0.0000
4,136.0000,47,21,772.8895,-86.8901,-0.2440,5,0.1250,1.0000,8,5,4,0,0,5,4,0.2000
4,136.0000,47,22,445.4992,-83.8047,-0.2571,13,0.3250,0.8750,8,7,5,0,0,7,5,0.2857
4,136.0000,47,23,565.1586,-83.8557,-0.5088,11,0.2750,1.0000,8,8,8,0,0,8,8,0.0000
4,136.0000,47,26,685.2959,-86.6015,-0.3418,11,0.2750,0.7143,7,8,8,0,0,8,8,0.0000
4,136.0000,47,27,447.7789,-84.0889,-0.5746,6,0.1500,0.8571,7,8,5,0,0,8,5,0.3750
4,136.0000,47,29,762.2220,-85.8488,-0.4423,9,0.2250,0.5714,7,6,6,0,0,6,6,0.0000
4,136.0000,47,31,618.4955,-86.7756,-0.0563,4,0.1000,1.0000,8,7,6,0,0,7,6,0.1429
4,136.0000,47,34,300.4128,-77.5560,-0.9422,33,0.8250,0.2000,5,6,3,0,0,6,3,0.5000
4,136.0000,47,36,524.5168,-84.3375,-0.1536,12,0.3000,1.0000,8,8,8,0,0,8,8,0.0000
4,136.0000,47,37,387.5568,-80.9371,-0.4329,16,0.4000,1.0000,8,8,8,0,0,8,8,0.0000
4,136.0000,47,38,270.7058,-78.5945,-0.5864,16,0.4000,0.6667,6,6,3,0,0,6,3,0.5000
4,136.0000,47,40,693.7096,-84.7635,2.3763,3,0.0750,1.0000,6,8,7,0,0,8,7,0.1250
4,136.0000,47,41,477.7791,-83.2563,0.8872,16,0.4000,0.7143,7,8,8,0,0,8,8,0.0000
4,136.0000,47,43,504.2527,-84.2768,0.6483,18,0.4500,0.7143,7,8,7,0,0,8,7,0.1250
4,136.0000,47,45,701.2013,-87.0532,0.5321,3,0.0750,1.0000,8,8,8,0,0,8,8,0.0000
4,140.0000,0,5,432.1226,-81.3705,-0.4159,21,0.5250,0.6667,6,7,6,0,0,7,6,0.1429
4,140.0000,0,10,471.0589,-81.7839,-0.6778,16,0.4000,0.8571,7,6,4,0,0,6,4,0.3333
4,140.0000,0,12,103.6887,-72.8422,1.7295,39,0.9750,0.2000,5,5,1,0,0,5,1,0.8000
4,140.0000,0,16,718.0747,-85.5849,-0.3285,9,0.2250,1.0000,8,5,4,0,0,5,4,0.2000
4,140.0000,0,26,131.5882,-75.2120,1.4041,38,0.9500,0.0000,4,4,0,0,0,4,0,1.0000
4,140.0000,0,29,315.9789,-81.1145,0.4567,32,0.8000,0.5714,7,5,1,0,0,5,1,0.8000
4,140.0000,0,34,301.3188,-80.4529,0.6752,24,0.6000,0.7143,7,4,0,0,0,4,0,1.0000
4,140.0000,0,41,683.9989,-85.4878,1.0340,4,0.1000,1.0000,8,8,8,0,0,8,8,0.0000
4,140.0000,0,43,501.1421,-83.0318,-0.6634,15,0.3750,0.5000,6,7,6,0,0,7,6,0.1429
4,140.0000,0,47,641.7011,-84.3808,-1.7019,5,0.1250,1.0000,8,8,8,0,0,8,8,0.0000
4,140.0000,1,0,859.2294,-87.6256,-0.6568,6,0.1500,1.0000,2,2,2,0,0,2,2,0.0000
4,140.0000,1,3,556.4139,-84.6193,0.5645,11,0.2750,1.0000,8,8,8,0,0,8,8,0.0000
4,140.0000,1,5,692.4891,-86.3795,-0.2131,13,0.3250,0.8750,8,4,4,0,0,4,4,0.0000
4,140.0000,1,6,476.0163,-82.1562,-0.6496,10,0.2500,0.8571,7,8,7,0,0,8,7,0.1250
4,140.0000,1,7,356.5066,-79.7422,-0.5023,27,0.6750,0.4000,5,6,3,0,0,6,3,0.5000
4,140.0000,1,8,773.4916,-87.7152,1.3386,4,0.1000,1.0000,8,7,6,0,0,7,6,0.1429
4,140.0000,1,9,918.5106,-86.1455,-0.5007,4,0.1000,1.0000,4,6,6,0,0,6,6,0.0000
4,140.0000,1,10,442.7472,-83.7834,1.0410,18,0.4500,0.7143,7,7,6,0,0,7,6,0.1429
4,140.0000,1,12,780.1865,-87.1867,0.7111,7,0.1750,0.8571,7,8,8,0,0,8,8,0.0000
4,140.0000,1,13,744.2818,-87.5916,-0.5791,4,0.1000,1.0000,6,10,10,0,0,10,10,0.0000
4,140.0000,1,14,814.6877,-87.5821,0.1787,5,0.1250,1.0000,6,8,8,0,0,8,8,0.0000
4,140.0000,1,16,492.3095,-83.8978,0.5999,19,0.4750,0.8750,8,6,3,0,0,6,3,0.5000
4,140.0000,1,18,672.6336,-86.6419,-0.0779,7,0.1750,0.8750,8,8,8,0,0,8,8,0.0000
4,140.0000,1,19,166.6444,-71.5893,-0.8492,36,0.9000,0.2000,5,4,0,0,0,4,0,1.0000
4,140.0000,1,20,749.1513,-87.7745,-0.6673,5,0.1250,1.0000,8,6,6,0,0,6,6,0.0000
4,140.0000,1,21,449.5392,-82.2788,0.3483,10,0.2500,0.8571,7,6,4,0,0,6,4,0.3333
4,140.0000,1,22,349.4934,-80.6110,-0.2972,19,0.4750,1.0000,8,6,4,0,0,6,4,0.3333
4,140.0000,1,23,765.5039,-87.4094,0.5151,5,0.1250,0.7143,7,6,6,0,0,6,6,0.0000
4,140.0000,1,24,755.0825,-85.9296,-1.2400,8,0.2000,0.4000,5,4,4,0,0,4,4,0.0000
4,140.0000,1,25,663.7839,-86.4690,0.4315,9,0.2250,1.0000,6,5,4,0,0,5,4,0.2000
4,140.0000,1,27,424.0345,-82.5109,0.2928,14,0.3500,0.5000,6,7,6,0,0,7,6,0.1429
4,140.0000,1,31,412.4247,-81.8621,-0.5046,10,0.2500,0.8571,7,8,8,0,0,8,8,0.0000
4,140.0000,1,32,708.5676,-86.6797,0.0766,8,0.2000,1.0000,4,4,4,0,0,4,4,0.0000
4,140.0000,1,33,672.8355,-85.5409,-0.9826,8,0.2000,0.8750,8,8,8,0,0,8,8,0.0000
4,140.0000,1,34,689.4934,-86.5456,0.8224,11,0.2750,1.0000,6,3,2,0,0,3,2,0.3333
4,140.0000,1,36,292.7869,-78.8598,-0.1428,30,0.7500,0.5000,6,6,3,0,0,6,3,0.5000
4,140.0000,1,37,448.1292,-82.0411,-0.2562,12,0.3000,1.0000,8,8,8,0,0,8,8,0.0000
4,140.0000,1,38,298.4940,-78.5201,0.5341,19,0.4750,0.5714,7,6,4,0,0,6,4,0.3333
4,140.0000,1,39,1123.8784,-89.3103,-0.2425,3,0.0750,1.0000,4,4,4,0,0,4,4,0.0000
4,140.0000,1,40,455.1368,-83.8200,-0.0059,10,0.2500,1.0000,8,8,7,0,0,8,7,0.1250
4,140.0000,1,41,674.8804,-85.5787,1.4224,9,0.2250,1.0000,6,8,8,0,0,8,8,0.0000
4,140.0000,1,43,519.6438,-84.0714,0.3428,16,0.4000,0.8333,6,7,5,0,0,7,5,0.2857
4,140.0000,1,45,398.7214,-81.9021,0.8697,13,0.3250,0.6667,6,6,4,0,0,6,4,0.3333
4,140.0000,1,47,259.0736,-80.0156,0.1431,25,0.6250,0.4000,5,4,0,0,0,4,0,1.0000
4,140.0000,2,4,521.9788,-83.6376,-0.2396,11,0.2750,1.0000,8,7,5,0,0,7,5,0.2857
4,140.0000,2,11,325.1463,-80.2612,0.2894,26,0.6500,0.4000,5,4,0,0,0,4,0,1.0000
4,140.0000,2,15,395.7971,-81.9584,-0.8254,15,0.3750,0.8750,8,7,5,0,0,7,5,0.2857
4,140.0000,2,17,226.5117,-77.0614,-0.4469,32,0.8000,0.2857,7,5,1,0,0,5,1,0.8000
4,140.0000,2,28,564.9869,-84.1584,-0.0777,10,0.2500,0.8750,8,7,6,0,0,7,6,0.1429
4,140.0000,2,30,580.4834,-85.7242,0.4869,12,0.3000,1.0000,8,8,7,0,0,8,7,0.1250
4,140.0000,2,35,390.9030,-81.9136,0.9623,24,0.6000,0.5000,6,5,2,0,0,5,2,0.6000
4,140.0000,2,39,585.7414,-83.6347,-1.0161,7,0.1750,0.8571,7,8,8,8,8,16,16,0.0000
4,140.0000,2,42,538.8088,-83.3993,-1.4773,11,0.2750,0.8571,7,8,8,0,0,8,8,0.0000
4,140.0000,2,44,539.9695,-83.5079,0.2497,9,0.2250,0.7143,7,7,6,0,0,7,6,0.1429
4,140.0000,2,46,269.7712,-78.6966,0.1461,21,0.5250,0.5714,7,5,1,0,0,5,1,0.8000
4,140.0000,3,1,556.4139,-85.2126,-0.3863,11,0.2750,1.0000,8,8,8,0,0,8,8,0.0000
4,140.0000,3,5,1044.3728,-86.4137,0.7821,5,0.1250,1.0000,2,4,4,0,0,4,4,0.0000
4,140.0000,3,6,409.8331,-80.3594,0.0463,19,0.4750,1.0000,8,8,8,0,0,8,8,0.0000
4,140.0000,3,7,909.2582,-87.7073,0.2012,7,0.1750,1.0000,2,4,4,0,0,4,4,0.0000
4,140.0000,3,8,491.8802,-84.0690,-0.5807,13,0.3250,0.8571,7,7,6,0,0,7,6,0.1429
4,140.0000,3,12,865.5763,-86.8365,-0.2445,11,0.2750,1.0000,4,4,4,0,0,4,4,0.0000
4,140.0000,3,13,456.1224,-83.6006,-0.2667,12,0.3000,0.5000,6,8,8,2,2,10,10,0.0000
4,140.0000,3,14,686.6084,-84.9161,0.2107,9,0.2250,1.0000,6,8,8,0,0,8,8,0.0000
4,140.0000,3,17,1030.6386,-88.1887,0.2179,5,0.1250,1.0000,4,6,6,0,0,6,6,0.0000
4,140.0000,3,18,767.7907,-87.0074,0.7889,4,0.1000,1.0000,8,8,7,0,0,8,7,0.1250
4,140.0000,3,19,424.5858,-82.7727,1.3042,13,0.3250,1.0000,6,10,8,0,0,10,8,0.2000
4,140.0000,3,20,529.2544,-83.8617,0.6385,9,0.2250,1.0000,8,8,7,0,0,8,7,0.1250
4,140.0000,3,21,703.4187,-87.2431,0.2711,7,0.1750,1.0000,8,8,8,0,0,8,8,0.0000
4,140.0000,3,22,544.9845,-85.6373,0.4569,13,0.3250,0.8750,8,7,6,0,0,7,6,0.1429
4,140.0000,3,23,351.9146,-81.0555,-0.0829,24,0.6000,0.7143,7,6,3,0,0,6,3,0.5000
4,140.0000,3,24,971.7697,-87.9333,0.4951,3,0.0750,1.0000,2,4,4,0,0,4,4,0.0000
4,140.0000,3,25,232.9843,-78.9660,1.5272,21,0.5250,0.8571,7,6,3,0,0,6,3,0.5000
4,140.0000,3,27,180.6448,-72.3873,-0.8782,35,0.8750,0.4286,7,7,5,0,0,7,5,0.2857
4,140.0000,3,31,338.7028,-78.8317,0.0208,16,0.4000,0.7500,8,7,6,0,0,7,6,0.1429
4,140.0000,3,32,843.7321,-88.4353,-0.1113,4,0.1000,0.7500,4,2,2,0,0,2,2,0.0000
4,140.0000,3,33,666.0617,-86.1578,-1.2948,4,0.1000,1.0000,8,7,5,0,0,7,5,0.2857
4,140.0000,3,34,729.8091,-86.0958,-0.9591,9,0.2250,1.0000,4,6,6,0,0,6,6,0.0000
4,140.0000,3,36,843.2841,-86.4021,0.3890,4,0.1000,1.0000,6,8,8,0,0,8,8,0.0000
4,140.0000,3,37,167.6467,-74.1223,0.5766,33,0.8250,0.2000,5,6,2,0,0,6,2,0.6667
4,140.0000,3,38,260.6958,-76.7424,-0.6598,34,0.8500,0.5000,6,7,5,0,0,7,5,0.2857
4,140.0000,3,39,777.9612,-87.1953,0.8815,5,0.1250,1.0000,8,7,6,0,0,7,6,0.1429
4,140.0000,3,40,352.0902,-81.2218,0.2364,16,0.4000,0.7143,7,7,6,0,0,7,6,0.1429
4,140.0000,3,41,359.1330,-81.5903,0.3433,18,0.4500,0.7143,7,7,4,0,0,7,4,0.4286
4,140.0000,3,42,740.8888,-86.8952,0.0607,6,0.1500,1.0000,8,2,2,0,0,2,2,0.0000
4,140.0000,3,43,859.7592,-87.2522,0.0738,5,0.1250,1.0000,4,4,4,0,0,4,4,0.0000
4,140.0000,3,45,499.7740,-83.0958,-0.8269,12,0.3000,0.8571,7,8,8,0,0,8,8,0.0000
4,140.0000,3,47,476.3607,-83.4326,-1.0208,15,0.3750,0.6667,6,8,8,0,0,8,8,0.0000
4,140.0000,4,2,521.9788,-83.0530,0.6863,16,0.4000,0.8571,7,7,5,0,0,7,5,0.2857
4,140.0000,4,8,774.3761,-86.8319,0.2337,4,0.1000,1.0000,8,7,6,0,0,7,6,0.1429
4,140.0000,4,9,387.5056,-79.6502,-0.9124,22,0.5500,0.5000,6,7,6,0,0,7,6,0.1429
4,140.0000,4,11,599.7303,-85.0031,0.6856,11,0.2750,0.8571,7,8,8,0,0,8,8,0.0000
4,140.0000,4,13,873.3499,-87.8219,0.5357,4,0.1000,1.0000,8,6,6,0,0,6,6,0.0000
4,140.0000,4,14,683.6390,-86.5579,-0.1417,8,0.2000,1.0000,8,8,8,0,0,8,8,0.0000
4,140.0000,4,15,456.0844,-81.9852,-0.2225,16,0.4000,0.8571,7,8,8,0,0,8,8,0.0000
4,140.0000,4,17,487.0843,-83.4445,0.2683,13,0.3250,0.8000,5,8,7,0,0,8,7,0.1250
4,140.0000,4,18,655.0297,-84.6481,-1.1519,8,0.2000,1.0000,8,8,8,0,0,8,8,0.0000
4,140.0000,4,20,711.5241,-85.4307,-0.3720,4,0.1000,0.8571,7,7,6,0,0,7,6,0.1429
4,140.0000,4,21,899.1600,-86.4698,-0.6202,4,0.1000,1.0000,8,8,8,0,0,8,8,0.0000
4,140.0000,4,24,591.6554,-85.1907,-1.1050,11,0.2750,1.0000,8,8,8,0,0,8,8,0.0000
4,140.0000,4,25,1067.9071,-88.1904,0.4556,3,0.0750,1.0000,2,4,4,0,0,4,4,0.0000
4,140.0000,4,28,268.5819,-78.6682,0.3232,28,0.7000,0.2000,5,6,3,0,0,6,3,0.5000
4,140.0000,4,30,252.2763,-79.4225,0.9843,33,0.8250,0.4000,5,5,1,0,0,5,1,0.8000
4,140.0000,4,31,958.4836,-87.6865,0.5646,3,0.0750,1.0000,6,8,8,0,0,8,8,0.0000
4,140.0000,4,32,541.1117,-82.9626,-0.1559,10,0.2500,1.0000,8,8,7,0,0,8,7,0.1250
4,140.0000,4,33,581.8798,-85.1373,-0.6664,7,0.1750,0.8571,7,8,8,0,0,8,8,0.0000
4,140.0000,4,35,740.4076,-86.2133,1.2487,9,0.2250,1.0000,8,8,8,0,0,8,8,0.0000
4,140.0000,4,39,836.8723,-87.5333,-2.0381,3,0.0750,1.0000,8,8,8,0,0,8,8,0.0000
4,140.0000,4,42,743.9658,-87.0754,0.3527,6,0.1500,1.0000,8,8,8,0,0,8,8,0.0000
4,140.0000,4,44,232.9994,-76.7331,-0.2379,29,0.7250,0.0000,4,6,3,0,0,6,3,0.5000
4,140.0000,4,45,912.1574,-87.4200,0.2713,3,0.0750,1.0000,8,6,6,0,0,6,6,0.0000
4,140.0000,4,46,568.5317,-84.4159,-0.6154,11,0.2750,1.0000,8,8,8,0,0,8,8,0.0000
4,140.0000,5,0,432.1226,-81.4849,-0.1029,25,0.6250,0.6250,8,7,5,0,0,7,5,0.2857
4,140.0000,5,1,692.4891,-85.4485,-1.2545,8,0.2000,1.0000,8,8,8,0,0,8,8,0.0000
4,140.0000,5,7,653.8879,-83.5701,-0.5099,14,0.3500,0.8750,8,7,6,0,0,7,6,0.1429
4,140.0000,5,10,265.8926,-76.5992,-1.0734,32,0.8000,0.2000,5,7,6,0,0,7,6,0.1429
4,140.0000,5,12,442.4285,-82.9352,0.3327,23,0.5750,0.8571,7,6,3,0,0,6,3,0.5000
4,140.0000,5,16,353.9968,-78.2217,-0.8369,33,0.8250,0.0000,4,7,6,0,0,7,6,0.1429
4,140.0000,5,22,776.8176,-85.3510,-1.5891,7,0.1750,1.0000,8,8,8,0,0,8,8,0.0000
4,140.0000,5,26,421.1419,-83.3740,0.5852,17,0.4250,0.5714,7,7,6,0,0,7,6,0.1429
4,140.0000,5,29,641.5540,-86.0921,-0.1209,11,0.2750,1.0000,8,8,7,0,0,8,7,0.1250
4,140.0000,5,34,513.0137,-84.1458,-0.5467,16,0.4000,0.8571,7,8,8,0,0,8,8,0.0000
4,140.0000,5,36,586.6470,-84.9948,0.8770,10,0.2500,1.0000,8,8,7,0,0,8,7,0.1250
4,140.0000,5,37,972.9029,-87.7802,0.9441,3,0.0750,0.9000,10,8,8,0,0,8,8,0.0000
4,140.0000,5,38,838.5731,-86.5643,0.5799,4,0.1000,1.0000,8,8,8,0,0,8,8,0.0000
4,140.0000,5,41,887.4627,-86.2836,-0.0623,3,0.0750,1.0000,8,4,4,0,0,4,4,0.0000
4,140.0000,5,43,315.6697,-78.3312,-0.5792,32,0.8000,0.2000,5,7,5,0,0,7,5,0.2857
4,140.0000,5,47,585.2374,-83.1206,-0.5608,12,0.3000,0.8571,7,7,6,0,0,7,6,0.1429
4,140.0000,6,1,476.0163,-81.5528,-0.4463,15,0.3750,0.8571,7,8,8,0,0,8,8,0.0000
4,140.0000,6,3,409.8331,-81.5755,-0.2179,17,0.4250,0.7500,8,6,3,0,0,6,3,0.5000
4,140.0000,6,4,961.3977,-89.3618,-0.3508,3,0.0750,1.0000,2,4,4,0,0,4,4,0.0000
4,140.0000,6,7,749.6772,-85.8010,-0.0921,11,0.2750,1.0000,6,3,2,0,0,3,2,0.3333
4,140.0000,6,8,466.4987,-83.1864,0.4810,13,0.3250,1.0000,8,8,8,0,0,8,8,0.0000
4,140.0000,6,9,769.5884,-87.3762,-0.6840,9,0.2250,0.8000,5,8,7,0,0,8,7,0.1250
4,140.0000,6,10,871.7431,-87.6065,0.8441,5,0.1250,,0,3,2,0,0,3,2,0.3333
4,140.0000,6,11,863.0159,-88.3906,0.3959,5,0.1250,1.0000,8,2,2,0,0,2,2,0.0000
4,140.0000,6,13,294.5510,-81.1129,0.8695,17,0.4250,0.8571,7,5,1,0,0,5,1,0.8000
4,140.0000,6,14,375.9889,-81.5260,0.2368,18,0.4500,0.6667,6,6,4,0,0,6,4,0.3333
4,140.0000,6,15,805.1617,-87.1951,0.4892,5,0.1250,1.0000,4,6,6,0,0,6,6,0.0000
4,140.0000,6,18,389.3673,-83.2289,-1.4000,12,0.3000,1.0000,8,7,6,0,0,7,6,0.1429
4,140.0000,6,19,317.9127,-78.3749,-0.4932,23,0.5750,0.4286,7,6,4,0,0,6,4,0.3333
4,140.0000,6,20,366.9566,-81.6732,0.5467,14,0.3500,0.8571,7,7,6,0,0,7,6,0.1429
4,140.0000,6,21,583.4830,-84.5676,0.4463,9,0.2250,0.7500,8,7,5,0,0,7,5,0.2857
4,140.0000,6,22,625.8545,-84.4518,0.5687,9,0.2250,0.6667,6,8,8,0,0,8,8,0.0000
4,140.0000,6,23,757.5983,-87.8929,-0.0154,7,0.1750,1.0000,4,6,5,0,0,6,5,0.1667
4,140.0000,6,24,623.8298,-84.1717,-0.1864,10,0.2500,1.0000,6,6,6,0,0,6,6,0.0000
4,140.0000,6,25,319.5394,-79.6887,0.6763,16,0.4000,0.8750,8,6,3,0,0,6,3,0.5000
4,140.0000,6,27,447.5449,-81.6185,0.3135,15,0.3750,0.5714,7,8,8,0,0,8,8,0.0000
4,140.0000,6,28,878.7327,-89.1111,-0.4354,3,0.0750,0.8333,6,8,8,0,0,8,8,0.0000
4,140.0000,6,31,145.3314,-72.6280,0.7589,29,0.7250,0.2000,5,5,1,0,0,5,1,0.8000
4,140.0000,6,32,520.5471,-85.3183,1.8221,10,0.2500,0.7500,4,8,8,0,0,8,8,0.0000
4,140.0000,6,33,413.9763,-82.9991,-0.6363,14,0.3500,0.7143,7,8,7,0,0,8,7,0.1250
4,140.0000,6,36,739.5298,-86.1731,0.0513,10,0.2500,0.7143,7,8,8,0,0,8,8,0.0000
4,140.0000,6,37,306.2102,-77.5270,-0.3853,29,0.7250,0.2000,5,7,6,0,0,7,6,0.1429
4,140.0000,6,38,356.0307,-81.5295,-0.0723,12,0.3000,0.8750,8,8,7,0,0,8,7,0.1250
4,140.0000,6,39,671.2318,-86.6087,0.9097,8,0.2000,1.0000,8,8,8,0,0,8,8,0.0000
4,140.0000,6,40,352.6268,-81.1402,0.7047,16,0.4000,1.0000,8,7,6,0,0,7,6,0.1429
4,140.0000,6,41,724.6893,-87.0264,1.1554,8,0.2000,1.0000,8,5,4,0,0,5,4,0.2000
4,140.0000,6,42,675.9442,-87.3679,0.4136,10,0.2500,0.7500,8,8,8,0,0,8,8,0.0000
4,140.0000,6,44,794.6348,-87.3271,0.8774,5,0.1250,1.0000,8,8,8,0,0,8,8,0.0000
4,140.0000,6,45,424.1411,-81.1680,0.6673,18,0.4500,0.7500,8,7,5,0,0,7,5,0.2857
4,140.0000,6,47,572.9656,-84.9593,-0.1833,9,0.2250,0.8750,8,7,6,0,0,7,6,0.1429
4,140.0000,7,1,356.5066,-80.5019,1.3414,15,0.3750,0.7500,8,7,5,0,0,7,5,0.2857
4,140.0000,7,5,653.8879,-82.6312,-0.0960,12,0.3000,0.7143,7,4,4,0,0,4,4,0.0000
4,140.0000,7,10,507.7099,-83.5296,0.0868,13,0.3250,1.0000,8,7,6,0,0,7,6,0.1429
4,140.0000,7,12,926.5702,-87.9682,-2.6976,3,0.0750,1.0000,4,6,6,0,0,6,6,0.0000
4,140.0000,7,16,358.5623,-80.4174,0.1151,23,0.5750,0.8750,8,5,1,0,0,5,1,0.8000
4,140.0000,7,19,499.3057,-81.3999,-0.5480,9,0.2250,1.0000,8,8,8,0,0,8,8,0.0000
4,140.0000,7,22,613.8430,-83.6875,0.5479,3,0.0750,0.8571,7,8,8,0,0,8,8,0.0000
4,140.0000,7,36,145.2890,-71.4750,0.5473,36,0.9000,0.4000,5,4,0,0,0,4,0,1.0000
4,140.0000,7,43,576.6747,-84.3838,-0.1481,12,0.3000,0.7143,7,7,6,0,0,7,6,0.1429
4,140.0000,7,47,535.6669,-83.5064,-0.9631,9,0.2250,1.0000,8,7,5,0,0,7,5,0.2857
4,140.0000,8,1,773.4916,-87.1277,-0.3881,6,0.1500,1.0000,8,4,4,0,0,4,4,0.0000
4,140.0000,8,2,791.4535,-87.2370,-0.0751,10,0.2500,1.0000,2,2,2,0,0,2,2,0.0000
4,140.0000,8,3,491.8802,-83.3225,0.3382,13,0.3250,0.8571,7,6,4,0,0,6,4,0.3333
4,140.0000,8,4,774.3761,-86.6910,-0.7475,6,0.1500,1.0000,6,3,2,0,0,3,2,0.3333
4,140.0000,8,6,466.4987,-85.3712,2.1860,12,0.3000,1.0000,6,7,6,0,0,7,6,0.1429
4,140.0000,8,9,728.6439,-86.3208,0.7158,10,0.2500,1.0000,8,8,7,0,0,8,7,0.1250
4,140.0000,8,11,712.7970,-86.5786,0.0743,9,0.2250,1.0000,8,8,8,0,0,8,8,0.0000
4,140.0000,8,13,313.0559,-79.6534,-0.7993,25,0.6250,0.5714,7,6,4,0,0,6,4,0.3333
4,140.0000,8,14,436.6151,-83.1788,0.0503,19,0.4750,0.8571,7,10,9,0,0,10,9,0.1000
4,140.0000,8,15,703.4178,-85.9281,-0.9208,11,0.2750,1.0000,8,7,6,0,0,7,6,0.1429
4,140.0000,8,17,565.9949,-84.3408,-0.9564,21,0.5250,0.8571,7,5,1,0,0,5,1,0.8000
4,140.0000,8,18,569.1434,-85.9327,0.5306,14,0.3500,1.0000,8,8,8,0,0,8,8,0.0000
4,140.0000,8,19,626.5953,-86.2448,0.4719,9,0.2250,1.0000,8,7,6,0,0,7,6,0.1429
4,140.0000,8,20,173.4410,-76.5233,1.3500,25,0.6250,0.5000,6,5,1,0,0,5,1,0.8000
4,140.0000,8,21,617.1467,-84.6554,1.4580,11,0.2750,1.0000,8,8,8,0,0,8,8,0.0000
4,140.0000,8,22,691.2493,-86.5370,0.1002,6,0.1500,1.0000,6,7,6,0,0,7,6,0.1429
4,140.0000,8,23,724.0347,-86.6224,0.7459,11,0.2750,1.0000,6,2,2,0,0,2,2,0.0000
4,140.0000,8,24,740.6807,-87.2718,1.0731,9,0.2250,1.0000,6,4,3,0,0,4,3,0.2500
4,140.0000,8,25,365.9928,-80.4206,-1.0615,23,0.5750,0.6250,8,7,6,0,0,7,6,0.1429
4,140.0000,8,27,557.2745,-84.4816,0.0858,14,0.3500,0.8571,7,8,8,0,0,8,8,0.0000
4,140.0000,8,28,810.5713,-87.3550,-0.0466,7,0.1750,1.0000,6,8,8,0,0,8,8,0.0000
4,140.0000,8,30,988.3335,-87.9479,0.3414,6,0.1500,1.0000,2,4,4,0,0,4,4,0.0000
4,140.0000,8,31,401.3983,-81.9713,-0.0984,16,0.4000,0.8750,8,6,4,0,0,6,4,0.3333
4,140.0000,8,32,577.7192,-85.8707,1.2695,11,0.2750,1.0000,6,8,5,0,0,8,5,0.3750
4,140.0000,8,33,349.3636,-82.2136,1.7648,19,0.4750,0.8571,7,8,6,0,0,8,6,0.2500
4,140.0000,8,37,554.5245,-83.5907,0.8904,10,0.2500,1.0000,8,6,3,0,0,6,3,0.5000
4,140.0000,8,38,598.3084,-85.7269,0.2319,9,0.2250,1.0000,8,10,10,0,0,10,10,0.0000
4,140.0000,8,39,485.4748,-83.7472,-0.5089,24,0.6000,0.8571,7,8,7,0,0,8,7,0.1250
4,140.0000,8,40,335.7889,-79.5907,0.5772,18,0.4500,0.5714,7,7,6,0,0,7,6,0.1429
4,140.0000,8,41,829.1820,-86.7548,0.4747,11,0.2750,1.0000,4,8,8,0,0,8,8,0.0000
4,140.0000,8,42,345.5286,-78.7542,-1.0829,29,0.7250,0.7143,7,8,7,0,0,8,7,0.1250
4,140.0000,8,44,699.8796,-86.2982,0.4953,10,0.2500,0.8333,6,5,4,0,0,5,4,0.2000
4,140.0000,8,45,451.0378,-83.6196,0.3877,17,0.4250,0.7143,7,7,6,0,0,7,6,0.1429
4,140.0000,8,46,766.9381,-86.5341,-0.5838,10,0.2500,1.0000,4,8,8,0,0,8,8,0.0000
4,140.0000,8,47,844.5117,-88.7505,2.0088,3,0.0750,1.0000,8,6,6,0,0,6,6,0.0000
4,140.0000,9,4,387.5056,-79.2802,-0.4050,24,0.6000,0.8571,7,6,4,0,0,6,4,0.3333
4,140.0000,9,11,810.3035,-86.5482,-1.0280,6,0.1500,1.0000,8,6,6,0,0,6,6,0.0000
4,140.0000,9,14,626.0077,-84.3661,-1.7070,4,0.1000,1.0000,8,10,10,0,0,10,10,0.0000
4,140.0000,9,15,636.3961,-83.7798,-0.8885,8,0.2000,0.8571,7,7,6,0,0,7,6,0.1429
4,140.0000,9,17,734.3359,-86.3197,-1.6685,4,0.1000,0.8571,7,8,8,0,0,8,8,0.0000
4,140.0000,9,18,435.0516,-80.6925,-0.0140,8,0.2000,0.8750,8,8,8,0,0,8,8,0.0000
4,140.0000,9,20,652.6614,-86.7852,-2.7574,3,0.0750,1.0000,8,8,8,0,0,8,8,0.0000
4,140.0000,9,21,595.1280,-85.2137,-0.3522,5,0.1250,1.0000,8,6,6,0,0,6,6,0.0000
4,140.0000,9,24,252.6315,-77.9171,0.6866,22,0.5500,0.5000,6,5,1,0,0,5,1,0.8000
4,140.0000,9,28,414.5936,-81.3223,0.6480,15,0.3750,1.0000,8,4,0,0,0,4,0,1.0000
4,140.0000,9,30,531.3466,-84.3711,0.0322,13,0.3250,1.0000,8,8,7,0,0,8,7,0.1250
4,140.0000,9,32,253.4759,-75.2217,-0.3283,26,0.6500,0.2000,5,7,4,0,0,7,4,0.4286
4,140.0000,9,33,410.4110,-78.7865,-1.1694,12,0.3000,0.8571,7,8,8,0,0,8,8,0.0000
4,140.0000,9,42,852.4325,-87.0316,0.3723,4,0.1000,1.0000,8,6,6,0,0,6,6,0.0000
4,140.0000,9,44,355.8808,-80.1667,-0.6184,17,0.4250,0.8750,8,7,5,0,0,7,5,0.2857
4,140.0000,9,46,813.9256,-87.6834,0.3594,4,0.1000,1.0000,8,8,8,0,0,8,8,0.0000
4,140.0000,10,0,471.0589,-81.3538,-0.9686,25,0.6250,0.7143,7,6,3,0,0,6,3,0.5000
4,140.0000,10,1,442.7472,-83.4074,-1.7664,7,0.1750,1.0000,8,8,8,0,0,8,8,0.0000
4,140.0000,10,5,265.8926,-76.0828,-0.7465,36,0.9000,0.3333,6,5,1,0,0,5,1,0.8000
4,140.0000,10,7,507.7099,-83.0520,-0.1624,12,0.3000,0.6667,6,7,6,0,0,7,6,0.1429
4,140.0000,10,12,421.8061,-80.6595,-0.5342,24,0.6000,0.5000,6,9,7,0,0,9,7,0.2222
4,140.0000,10,16,305.8241,-80.0169,0.9794,27,0.6750,0.8571,7,5,1,0,0,5,1,0.8000
4,140.0000,10,22,547.0549,-83.8645,-0.0018,7,0.1750,0.8750,8,8,8,0,0,8,8,0.0000
4,140.0000,10,26,505.1842,-83.8220,-0.4847,22,0.5500,0.3333,6,8,8,0,0,8,8,0.0000
4,140.0000,10,27,634.4557,-85.0554,0.4699,3,0.0750,1.0000,8,8,8,0,0,8,8,0.0000
4,140.0000,10,29,686.3852,-85.1470,-0.9951,14,0.3500,0.8571,7,7,6,0,0,7,6,0.1429
4,140.0000,10,34,410.8493,-80.1996,-0.7980,24,0.6000,0.5714,7,8,8,0,0,8,8,0.0000
4,140.0000,10,36,420.8635,-83.5857,1.6423,10,0.2500,0.7143,7,7,4,0,0,7,4,0.4286
4,140.0000,10,38,573.6645,-84.8976,2.3014,3,0.0750,1.0000,8,8,7,0,0,8,7,0.1250
4,140.0000,10,41,679.4397,-84.1408,0.1348,6,0.1500,1.0000,6,7,5,0,0,7,5,0.2857
4,140.0000,10,43,221.7124,-78.3539,1.5614,32,0.8000,0.0000,4,5,1,0,0,5,1,0.8000
4,140.0000,10,47,322.6840,-78.5623,-0.7646,19,0.4750,0.3333,6,7,4,0,0,7,4,0.4286
4,140.0000,11,2,325.1463,-80.6118,0.4399,30,0.7500,0.7143,7,7,5,0,0,7,5,0.2857
4,140.0000,11,4,599.7303,-85.4990,-0.3564,10,0.2500,1.0000,8,7,6,0,0,7,6,0.1429
4,140.0000,11,8,712.7970,-86.6836,-0.6546,6,0.1500,0.8750,8,8,8,0,0,8,8,0.0000
4,140.0000,11,9,810.3035,-87.0220,-0.5097,7,0.1750,0.6667,6,8,8,0,0,8,8,0.0000
4,140.0000,11,13,647.2038,-84.5037,0.5749,5,0.1250,1.0000,6,8,8,0,0,8,8,0.0000
4,140.0000,11,14,494.1815,-83.8370,-0.1523,9,0.2250,1.0000,8,6,4,0,0,6,4,0.3333
4,140.0000,11,15,198.1449,-75.9692,0.1460,34,0.8500,0.2000,5,5,1,0,0,5,1,0.8000
4,140.0000,11,17,322.3404,-78.8778,-0.2004,25,0.6250,0.6667,6,7,4,0,0,7,4,0.4286
4,140.0000,11,18,708.5771,-86.9294,-0.8565,6,0.1500,1.0000,8,8,8,0,0,8,8,0.0000
4,140.0000,11,20,607.3342,-83.8413,-1.3277,6,0.1500,0.8750,8,7,6,0,0,7,6,0.1429
4,140.0000,11,24,857.1387,-89.0521,-0.5789,3,0.0750,,0,8,8,0,0,8,8,0.0000
4,140.0000,11,25,871.5773,-87.4004,4.9697,3,0.0750,1.0000,4,6,6,0,0,6,6,0.0000
4,140.0000,11,28,501.2302,-85.2818,-0.5511,15,0.3750,0.8571,7,7,6,0,0,7,6,0.1429
4,140.0000,11,30,637.5050,-85.7548,0.3464,12,0.3000,0.8750,8,8,8,0,0,8,8,0.0000
4,140.0000,11,31,918.7284,-89.1172,-0.5688,3,0.0750,1.0000,8,8,8,0,0,8,8,0.0000
4,140.0000,11,32,762.6288,-87.1169,-0.2192,5,0.1250,1.0000,8,8,8,0,0,8,8,0.0000
4,140.0000,11,33,697.1958,-87.0679,-1.0261,3,0.0750,1.0000,8,8,8,0,0,8,8,0.0000
4,140.0000,11,35,309.1832,-79.9990,0.6616,32,0.8000,0.2000,5,5,1,0,0,5,1,0.8000
4,140.0000,11,39,399.9116,-80.0341,-0.1875,23,0.5750,0.5714,7,6,4,0,0,6,4,0.3333
4,140.0000,11,42,463.0659,-83.6341,0.0722,9,0.2250,0.8571,7,8,8,0,0,8,8,0.0000
4,140.0000,11,44,479.8810,-83.5837,-0.4968,16,0.4000,1.0000,8,6,4,0,0,6,4,0.3333
4,140.0000,11,46,83.5880,-62.8328,-2.3569,38,0.9500,0.0000,4,5,1,0,0,5,1,0.8000
4,140.0000,12,0,103.6887,-73.0998,2.2981,36,0.9000,0.0000,4,4,0,0,0,4,0,1.0000
4,140.0000,12,1,780.1865,-87.1018,-0.7753,4,0.1000,1.0000,8,7,6,0,0,7,6,0.1429
4,140.0000,12,5,442.4285,-82.6450,0.2930,15,0.3750,0.7143,7,6,4,0,0,6,4,0.3333
4,140.0000,12,10,421.8061,-79.5665,-0.1126,18,0.4500,0.8750,8,7,6,0,0,7,6,0.1429
4,140.0000,12,16,694.6180,-85.4963,-1.0798,6,0.1500,1.0000,8,8,8,0,0,8,8,0.0000
4,140.0000,12,23,742.6526,-85.0924,-1.0827,8,0.2000,1.0000,8,8,8,0,0,8,8,0.0000
4,140.0000,12,26,196.8839,-77.7092,0.7582,36,0.9000,0.0000,4,5,1,0,0,5,1,0.8000
4,140.0000,12,29,335.8917,-81.6273,-0.0297,32,0.8000,0.0000,3,6,2,0,0,6,2,0.6667
4,140.0000,12,34,208.4005,-75.2328,-0.1187,34,0.8500,0.3333,6,4,0,0,0,4,0,1.0000
4,140.0000,12,38,759.3124,-85.4206,-0.6200,5,0.1250,1.0000,8,6,6,0,0,6,6,0.0000
4,140.0000,12,41,584.8626,-83.7822,-1.1132,12,0.3000,0.8571,7,8,8,0,0,8,8,0.0000
4,140.0000,12,43,474.1468,-83.4922,-0.4634,8,0.2000,0.7143,7,8,7,0,0,8,7,0.1250
4,140.0000,12,47,551.6638,-82.3609,-2.0364,9,0.2250,0.8750,8,8,8,0,0,8,8,0.0000
4,140.0000,13,1,744.2818,-86.5752,-2.6192,3,0.0750,1.0000,8,8,8,0,0,8,8,0.0000
4,140.0000,13,3,456.1224,-83.8496,0.5342,6,0.1500,1.0000,8,8,7,0,0,8,7,0.1250
4,140.0000,13,4,873.3499,-87.0621,0.8006,4,0.1000,0.8000,5,2,2,0,0,2,2,0.0000
4,140.0000,13,6,294.5510,-81.5534,0.8736,11,0.2750,0.7143,7,6,4,0,0,6,4,0.3333
4,140.0000,13,8,313.0559,-78.6671,-0.4439,19,0.4750,0.3333,6,7,5,0,0,7,5,0.2857
4,140.0000,13,9,806.2032,-87.9226,0.3590,5,0.1250,1.0000,8,8,8,0,0,8,8,0.0000
4,140.0000,13,11,647.2038,-85.3109,-0.2401,10,0.2500,0.8571,7,8,8,0,0,8,8,0.0000
4,140.0000,13,14,263.1199,-77.3791,-0.0564,27,0.6750,0.5000,6,7,3,0,0,7,3,0.5714
4,140.0000,13,15,647.1153,-84.5076,-0.5210,8,0.2000,0.6667,6,8,8,0,0,8,8,0.0000
4,140.0000,13,17,652.2157,-86.2120,0.0187,8,0.2000,1.0000,8,5,4,0,0,5,4,0.2000
4,140.0000,13,18,481.0666,-84.3000,0.6374,11,0.2750,0.8571,7,6,2,0,0,6,2,0.6667
4,140.0000,13,19,578.7894,-86.3298,0.9451,5,0.1250,1.0000,10,7,6,0,0,7,6,0.1429
4,140.0000,13,20,201.3879,-76.5617,0.7533,26,0.6500,0.5000,6,5,2,0,0,5,2,0.6000
4,140.0000,13,21,742.2826,-87.1200,-0.2766,3,0.0750,1.0000,8,2,2,0,0,2,2,0.0000
4,140.0000,13,22,799.4599,-87.8201,0.8334,3,0.0750,1.0000,6,7,6,0,0,7,6,0.1429
4,140.0000,13,24,734.3566,-87.6293,-1.1764,5,0.1250,1.0000,6,2,2,0,0,2,2,0.0000
4,140.0000,13,25,237.3574,-75.4552,-0.3738,31,0.7750,0.1026,39,8,6,0,0,8,6,0.2500
4,140.0000,13,27,571.0428,-86.7696,0.1331,5,0.1250,0.8571,7,8,7,0,0,8,7,0.1250
4,140.0000,13,31,336.6641,-79.1858,0.3642,12,0.3000,1.0000,8,6,4,0,0,6,4,0.3333
4,140.0000,13,32,596.3709,-86.0694,1.5354,4,0.1000,1.0000,6,8,8,0,0,8,8,0.0000
4,140.0000,13,33,422.5798,-85.0814,1.5270,7,0.1750,1.0000,8,6,3,0,0,6,3,0.5000
4,140.0000,13,37,448.7478,-84.2644,0.7136,6,0.1500,0.8750,8,8,8,0,0,8,8,0.0000
4,140.0000,13,38,554.9627,-86.5757,-0.2516,5,0.1250,1.0000,8,7,6,0,0,7,6,0.1429
4,140.0000,13,39,384.2677,-80.9894,0.6974,21,0.5250,0.7273,11,8,7,0,0,8,7,0.1250
4,140.0000,13,40,441.1268,-81.7636,0.0582,8,0.2000,0.7143,7,8,8,0,0,8,8,0.0000
4,140.0000,13,41,808.7000,-86.8842,0.8402,3,0.0750,1.0000,6,8,8,0,0,8,8,0.0000
4,140.0000,13,42,402.0207,-80.4646,-0.1934,16,0.4000,0.3333,6,8,7,0,0,8,7,0.1250
4,140.0000,13,44,719.2803,-85.4603,0.3317,7,0.1750,1.0000,2,8,7,0,0,8,7,0.1250
4,140.0000,13,45,564.2469,-85.7096,1.5014,6,0.1500,0.8571,7,8,7,0,0,8,7,0.1250
4,140.0000,13,46,721.9697,-85.7804,-1.1014,6,0.1500,1.0000,4,8,7,0,0,8,7,0.1250
4,140.0000,14,2,724.3994,-87.1462,-0.7107,5,0.1250,0.6667,3,5,4,0,0,5,4,0.2000
4,140.0000,14,3,686.6084,-87.7110,0.6750,4,0.1000,0.8571,7,8,8,0,0,8,8,0.0000
4,140.0000,14,4,683.6390,-86.4307,-0.1579,9,0.2250,1.0000,8,6,5,0,0,6,5,0.1667
4,140.0000,14,6,375.9889,-80.9380,0.3263,15,0.3750,0.8750,8,7,6,0,0,7,6,0.1429
4,140.0000,14,8,436.6151,-81.8172,0.0515,15,0.3750,0.8750,8,9,7,0,0,9,7,0.2222
4,140.0000,14,9,626.0077,-85.4628,0.5823,13,0.3250,0.8750,8,7,5,0,0,7,5,0.2857
4,140.0000,14,11,494.1815,-84.2554,0.7602,13,0.3250,1.0000,8,7,4,0,0,7,4,0.4286
4,140.0000,14,13,263.1199,-76.9452,-0.1094,27,0.6750,0.7143,7,6,4,0,0,6,4,0.3333
4,140.0000,14,15,433.2816,-81.9858,-0.2040,15,0.3750,1.0000,6,8,8,0,0,8,8,0.0000
4,140.0000,14,17,562.0411,-84.5495,-0.0651,12,0.3000,1.0000,8,6,6,0,0,6,6,0.0000
4,140.0000,14,18,301.4162,-78.3673,0.2843,28,0.7000,0.5000,6,7,4,0,0,7,4,0.4286
4,140.0000,14,19,666.6805,-85.1487,-0.4106,6,0.1500,0.8750,8,8,8,0,0,8,8,0.0000
4,140.0000,14,20,263.8182,-76.7845,-0.1306,22,0.5500,0.0000,4,5,2,0,0,5,2,0.6000
4,140.0000,14,21,747.4708,-86.3623,0.2131,6,0.1500,0.8571,7,8,8,0,0,8,8,0.0000
4,140.0000,14,22,907.2834,-87.5227,-0.3480,4,0.1000,1.0000,8,4,4,0,0,4,4,0.0000
4,140.0000,14,24,551.6281,-84.4835,0.1914,10,0.2500,0.8750,8,8,6,0,0,8,6,0.2500
4,140.0000,14,25,490.5821,-81.4849,-1.0247,12,0.3000,0.8571,7,7,6,0,0,7,6,0.1429
4,140.0000,14,27,764.2250,-85.4010,0.4156,5,0.1250,1.0000,8,8,8,0,0,8,8,0.0000
4,140.0000,14,28,568.1407,-85.4728,1.7952,10,0.2500,0.8571,7,8,8,0,0,8,8,0.0000
4,140.0000,14,30,807.0560,-87.0891,0.0029,4,0.1000,1.0000,4,6,6,0,0,6,6,0.0000
4,140.0000,14,31,449.5062,-81.2004,-0.8070,13,0.3250,0.8571,7,8,6,0,0,8,6,0.2500
4,140.0000,14,32,434.7517,-82.8577,0.9393,16,0.4000,0.8750,8,7,5,0,0,7,5,0.2857
4,140.0000,14,33,341.1788,-80.4761,0.3928,18,0.4500,0.7143,7,8,6,0,0,8,6,0.2500
4,140.0000,14,35,785.8837,-86.5963,0.3597,6,0.1500,1.0000,4,5,4,0,0,5,4,0.2000
4,140.0000,14,37,643.0543,-86.1622,-0.2185,5,0.1250,0.8571,7,7,6,0,0,7,6,0.1429
4,140.0000,14,38,712.7345,-84.4740,0.4757,5,0.1250,0.8571,7,8,7,0,0,8,7,0.1250
4,140.0000,14,39,422.3853,-83.1984,0.8031,15,0.3750,0.8750,8,7,6,31,21,38,27,0.2895
4,140.0000,14,40,565.1578,-83.8998,-0.7535,10,0.2500,1.0000,8,8,7,0,0,8,7,0.1250
4,140.0000,14,42,456.6139,-82.1852,-0.1910,20,0.5000,0.6667,6,8,8,0,0,8,8,0.0000
4,140.0000,14,44,493.0560,-85.6753,0.8809,10,0.2500,0.7143,7,7,6,0,0,7,6,0.1429
4,140.0000,14,45,625.9250,-84.0290,0.3561,9,0.2250,1.0000,8,8,7,0,0,8,7,0.1250
4,140.0000,14,46,560.7430,-86.0543,0.5073,13,0.3250,0.8750,8,7,6,0,0,7,6,0.1429
4,140.0000,15,2,395.7971,-81.5071,-0.2259,17,0.4250,0.4000,5,7,6,0,0,7,6,0.1429
4,140.0000,15,4,456.0844,-83.0005,0.0184,13,0.3250,0.3333,6,7,6,0,0,7,6,0.1429
4,140.0000,15,9,636.3961,-83.4580,0.0488,7,0.1750,1.0000,8,7,6,0,0,7,6,0.1429
4,140.0000,15,11,198.1449,-76.4005,0.4229,31,0.7750,0.2000,5,4,0,0,0,4,0,1.0000
4,140.0000,15,13,647.1153,-85.7803,-1.4473,4,0.1000,0.8571,7,7,6,0,0,7,6,0.1429
4,140.0000,15,14,433.2816,-81.3042,-0.2817,6,0.1500,0.8571,7,6,4,0,0,6,4,0.3333
4,140.0000,15,17,370.0624,-81.3640,0.0046,19,0.4750,0.8571,7,6,4,0,0,6,4,0.3333
4,140.0000,15,18,571.6955,-81.1830,-2.2046,6,0.1500,1.0000,8,8,8,0,0,8,8,0.0000
4,140.0000,15,24,683.0362,-86.5587,2.1327,3,0.0750,0.8750,8,8,8,0,0,8,8,0.0000
4,140.0000,15,28,310.2104,-79.5240,0.1674,26,0.6500,0.4000,5,7,6,0,0,7,6,0.1429
4,140.0000,15,30,484.0611,-82.7265,0.1570,13,0.3250,0.7778,9,5,2,0,0,5,2,0.6000
4,140.0000,15,32,608.2270,-85.0379,0.1620,5,0.1250,1.0000,8,7,6,0,0,7,6,0.1429
4,140.0000,15,35,408.9528,-82.0495,0.1253,25,0.6250,0.8571,7,7,4,0,0,7,4,0.4286
4,140.0000,15,39,514.3876,-82.8732,-0.0819,11,0.2750,0.6522,23,6,4,17,16,23,20,0.1304
4,140.0000,15,42,542.2207,-82.9563,-0.0150,8,0.2000,0.8571,7,7,5,0,0,7,5,0.2857
4,140.0000,15,44,296.7895,-78.0273,-0.0014,28,0.7000,0.5714,7,7,4,0,0,7,4,0.4286
4,140.0000,15,46,203.5427,-76.5359,0.7841,33,0.8250,0.0000,4,4,0,0,0,4,0,1.0000
4,140.0000,16,0,718.0747,-84.3118,-0.2411,7,0.1750,0.8750,8,4,4,0,0,4,4,0.0000
4,140.0000,16,1,492.3095,-85.5607,0.1475,4,0.1000,1.0000,8,8,8,0,0,8,8,0.0000
4,140.0000,16,5,353.9968,-78.6019,-1.3733,27,0.6750,0.2000,5,6,3,0,0,6,3,0.5000
4,140.0000,16,7,358.5623,-80.8053,-0.3754,15,0.3750,1.0000,8,8,7,0,0,8,7,0.1250
4,140.0000,16,10,305.8241,-79.9015,0.5016,20,0.5000,0.4000,5,5,2,0,0,5,2,0.6000
4,140.0000,16,12,694.6180,-86.4002,-0.9179,3,0.0750,1.0000,8,8,7,0,0,8,7,0.1250
4,140.0000,16,19,657.2809,-85.9300,2.8812,3,0.0750,1.0000,8,7,6,0,0,7,6,0.1429
4,140.0000,16,22,600.0183,-83.4464,-1.9859,4,0.1000,1.0000,8,8,8,0,0,8,8,0.0000
4,140.0000,16,26,743.7304,-87.4917,0.2240,5,0.1250,1.0000,8,8,7,0,0,8,7,0.1250
4,140.0000,16,36,276.2112,-79.1731,0.5715,20,0.5000,0.8750,8,5,2,0,0,5,2,0.6000
4,140.0000,16,38,735.8245,-87.6950,-0.0978,3,0.0750,1.0000,4,8,7,0,0,8,7,0.1250
4,140.0000,16,43,291.2696,-78.3914,-0.8027,30,0.7500,0.6667,6,5,1,0,0,5,1,0.8000
4,140.0000,16,47,530.6316,-84.7101,1.3623,6,0.1500,1.0000,8,7,5,0,0,7,5,0.2857
4,140.0000,17,2,226.5117,-76.5399,-0.2380,35,0.8750,0.2000,5,5,1,4,0,9,1,0.8889
4,140.0000,17,3,1030.6386,-88.6336,-1.4941,3,0.0750,1.0000,8,8,8,0,0,8,8,0.0000
4,140.0000,17,4,487.0843,-83.6441,-0.0237,16,0.4000,0.8571,7,8,8,0,0,8,8,0.0000
4,140.0000,17,8,565.9949,-84.2868,-0.3745,7,0.1750,1.0000,8,8,8,0,0,8,8,0.0000
4,140.0000,17,9,734.3359,-85.8464,-0.1984,8,0.2000,1.0000,8,8,8,0,0,8,8,0.0000
4,140.0000,17,11,322.3404,-79.0284,-0.7017,25,0.6250,0.8571,7,8,7,0,0,8,7,0.1250
4,140.0000,17,13,652.2157,-85.7596,0.3012,8,0.2000,0.8889,9,8,8,0,0,8,8,0.0000
4,140.0000,17,14,562.0411,-85.8003,0.7618,9,0.2250,0.8571,7,7,5,0,0,7,5,0.2857
4,140.0000,17,15,370.0624,-80.7478,0.1787,23,0.5750,1.0000,8,6,3,22,16,28,19,0.3214
4,140.0000,17,18,741.9238,-86.9565,0.1280,6,0.1500,1.0000,8,7,6,0,0,7,6,0.1429
4,140.0000,17,20,532.4672,-84.5640,0.3193,9,0.2250,1.0000,8,8,7,0,0,8,7,0.1250
4,140.0000,17,25,839.5261,-86.6955,0.1007,5,0.1250,1.0000,8,8,8,0,0,8,8,0.0000
4,140.0000,17,28,544.9150,-84.2845,0.9126,12,0.3000,1.0000,8,7,6,0,0,7,6,0.1429
4,140.0000,17,30,629.0998,-85.6672,0.4892,11,0.2750,0.8750,8,7,6,0,0,7,6,0.1429
4,140.0000,17,32,725.5550,-86.9490,1.9660,4,0.1000,0.8571,7,8,8,0,0,8,8,0.0000
4,140.0000,17,33,610.8019,-86.7280,0.8687,7,0.1750,1.0000,8,8,8,0,0,8,8,0.0000
4,140.0000,17,35,538.1617,-84.5039,-0.0231,21,0.5250,0.7143,7,6,4,0,0,6,4,0.3333
4,140.0000,17,39,441.0223,-81.3141,0.0563,17,0.4250,0.7059,34,6,6,4,3,10,9,0.1000
4,140.0000,17,40,868.4415,-88.7677,1.0152,4,0.1000,1.0000,8,8,8,0,0,8,8,0.0000
4,140.0000,17,42,340.9708,-79.2289,0.1477,26,0.6500,0.7143,7,8,7,0,0,8,7,0.1250
4,140.0000,17,44,476.8456,-83.5975,-0.3411,12,0.3000,0.8750,8,8,8,0,0,8,8,0.0000
4,140.0000,17,45,927.0406,-87.2225,-0.7241,3,0.0750,0.8750,8,6,6,0,0,6,6,0.0000
4,140.0000,17,46,319.4173,-80.2110,-0.3657,31,0.7750,0.6250,8,6,3,0,0,6,3,0.5000
4,140.0000,18,1,672.6336,-86.8924,-0.1396,6,0.1500,1.0000,8,8,8,0,0,8,8,0.0000
4,140.0000,18,2,894.2065,-86.9722,-1.4167,5,0.1250,1.0000,2,4,4,0,0,4,4,0.0000
4,140.0000,18,3,767.7907,-87.9442,-0.5794,5,0.1250,1.0000,6,4,4,0,0,4,4,0.0000
4,140.0000,18,4,655.0297,-84.8373,-0.7856,16,0.4000,1.0000,8,8,8,0,0,8,8,0.0000
4,140.0000,18,6,389.3673,-82.8925,-0.4012,11,0.2750,1.0000,8,8,8,0,0,8,8,0.0000
4,140.0000,18,7,817.4798,-87.5835,1.4664,4,0.1000,,0,4,4,0,0,4,4,0.0000
4,140.0000,18,8,569.1434,-87.1632,0.5679,6,0.1500,1.0000,8,8,8,0,0,8,8,0.0000
4,140.0000,18,9,435.0516,-82.3187,0.1871,22,0.5500,1.0000,8,7,6,0,0,7,6,0.1429
4,140.0000,18,11,708.5771,-85.8940,0.2082,15,0.3750,0.8571,7,6,6,0,0,6,6,0.0000
4,140.0000,18,13,481.0666,-84.0931,0.4191,14,0.3500,1.0000,8,6,3,0,0,6,3,0.5000
4,140.0000,18,14,301.4162,-78.6501,-0.1078,30,0.7500,0.6667,6,8,8,0,0,8,8,0.0000
4,140.0000,18,15,571.6955,-83.4374,-0.4513,15,0.3750,1.0000,8,8,8,0,0,8,8,0.0000
4,140.0000,18,17,741.9238,-86.4472,-0.5398,9,0.2250,1.0000,10,4,3,0,0,4,3,0.2500
4,140.0000,18,19,567.5520,-85.3686,0.3416,8,0.2000,1.0000,8,7,6,0,0,7,6,0.1429
4,140.0000,18,20,424.8522,-81.0569,-1.3229,19,0.4750,1.0000,8,8,7,0,0,8,7,0.1250
4,140.0000,18,21,572.3248,-85.5454,0.3994,9,0.2250,0.8571,7,8,8,0,0,8,8,0.0000
4,140.0000,18,22,804.0242,-88.4165,0.0681,4,0.1000,1.0000,4,8,8,0,0,8,8,0.0000
4,140.0000,18,24,273.9488,-79.6505,0.3162,27,0.6750,0.4000,5,6,4,0,0,6,4,0.3333
4,140.0000,18,25,643.3148,-84.6737,-1.0138,8,0.2000,1.0000,8,8,8,0,0,8,8,0.0000
4,140.0000,18,27,777.5180,-86.0708,-0.4033,7,0.1750,1.0000,8,8,8,0,0,8,8,0.0000
4,140.0000,18,28,536.4931,-84.1720,0.0632,16,0.4000,1.0000,8,7,6,0,0,7,6,0.1429
4,140.0000,18,31,440.6300,-83.0719,-0.6892,10,0.2500,0.8750,8,8,7,0,0,8,7,0.1250
4,140.0000,18,32,201.2691,-77.6268,0.8353,31,0.7750,0.0000,4,5,2,0,0,5,2,0.6000
4,140.0000,18,33,275.1026,-77.9326,0.8475,24,0.6000,0.6667,6,6,4,0,0,6,4,0.3333
4,140.0000,18,35,971.1003,-87.6033,-1.1979,4,0.1000,,0,4,4,0,0,4,4,0.0000
4,140.0000,18,36,837.6040,-87.8637,0.1677,7,0.1750,1.0000,8,8,8,0,0,8,8,0.0000
4,140.0000,18,37,686.8449,-85.3568,0.4360,6,0.1500,1.0000,8,7,6,0,0,7,6,0.1429
4,140.0000,18,38,688.4494,-86.1107,0.8800,7,0.1750,1.0000,8,7,6,0,0,7,6,0.1429
4,140.0000,18,39,716.7071,-86.3460,-0.5053,7,0.1750,1.0000,6,8,8,0,0,8,8,0.0000
4,140.0000,18,40,550.0131,-86.2061,-0.2073,10,0.2500,0.8571,7,8,8,0,0,8,8,0.0000
4,140.0000,18,42,705.8675,-86.6786,1.1531,9,0.2250,1.0000,8,6,6,0,0,6,6,0.0000
4,140.0000,18,44,469.4280,-84.0179,-0.1329,15,0.3750,0.8571,7,7,6,0,0,7,6,0.1429
4,140.0000,18,45,526.1559,-84.0149,0.0617,8,0.2000,0.8750,8,7,6,0,0,7,6,0.1429
4,140.0000,18,46,753.8898,-86.5720,0.3448,12,0.3000,0.9000,10,6,6,0,0,6,6,0.0000
4,140.0000,19,1,166.6444,-71.6612,-1.0753,37,0.9024,0.0000,4,4,0,0,0,4,0,1.0000
4,140.0000,19,3,424.5858,-81.6231,0.1520,14,0.3415,0.6667,6,6,3,0,0,6,3,0.5000
4,140.0000,19,5,832.2089,-86.3757,-0.6205,11,0.2683,1.0000,6,2,2,0,0,2,2,0.0000
4,140.0000,19,6,317.9127,-78.7797,-0.1102,27,0.6585,0.4000,5,7,5,0,0,7,5,0.2857
4,140.0000,19,7,499.3057,-81.9758,-0.0309,21,0.5122,0.8571,7,8,8,0,0,8,8,0.0000
4,140.0000,19,8,626.5953,-86.1776,-0.1444,10,0.2439,0.8571,7,6,4,0,0,6,4,0.3333
4,140.0000,19,9,854.5360,-88.3118,0.1868,6,0.1463,1.0000,4,5,4,0,0,5,4,0.2000
4,140.0000,19,10,571.5501,-86.3733,0.3471,11,0.2683,1.0000,2,8,6,0,0,8,6,0.2500
4,140.0000,19,11,1150.5368,-89.2472,-0.1386,3,0.0732,1.0000,4,2,2,0,0,2,2,0.0000
4,140.0000,19,12,851.6154,-86.9882,0.2262,7,0.1707,1.0000,6,7,6,0,0,7,6,0.1429
4,140.0000,19,13,578.7894,-86.8414,0.3229,9,0.2195,0.8571,7,7,4,0,0,7,4,0.4286
4,140.0000,19,14,666.6805,-85.5331,-1.2438,11,0.2683,0.8750,8,8,8,0,0,8,8,0.0000
4,140.0000,19,15,1072.5030,-87.9084,-0.9919,3,0.0732,1.0000,2,4,4,0,0,4,4,0.0000
4,140.0000,19,16,657.2809,-85.2534,0.3543,11,0.2683,0.8571,7,4,4,0,0,4,4,0.0000
4,140.0000,19,18,567.5520,-85.6105,0.0114,14,0.3415,1.0000,8,8,8,0,0,8,8,0.0000
4,140.0000,19,20,594.9235,-85.5864,-0.3568,12,0.2927,1.0000,8,8,8,0,0,8,8,0.0000
4,140.0000,19,21,440.0211,-82.4897,-0.3184,18,0.4390,0.8571,7,5,2,0,0,5,2,0.6000
4,140.0000,19,22,373.6948,-81.3561,0.3183,19,0.4634,0.7143,7,7,6,0,0,7,6,0.1429
4,140.0000,19,23,687.9312,-86.4209,0.2590,7,0.1707,0.8750,8,5,4,0,0,5,4,0.2000
4,140.0000,19,24,699.9369,-85.7980,-0.8056,8,0.1951,1.0000,6,4,4,0,0,4,4,0.0000
4,140.0000,19,25,502.4236,-84.9356,-0.0545,13,0.3171,1.0000,8,6,3,0,0,6,3,0.5000
4,140.0000,19,27,327.3571,-80.1979,0.0215,23,0.5610,0.8571,7,8,5,0,0,8,5,0.3750
4,140.0000,19,29,1104.4280,-89.1724,-0.3836,3,0.0732,1.0000,2,2,2,0,0,2,2,0.0000
4,140.0000,19,31,249.2960,-77.8046,0.6021,23,0.5610,0.5000,6,7,6,0,0,7,6,0.1429
4,140.0000,19,32,625.9691,-84.5868,0.5335,10,0.2439,1.0000,6,7,6,0,0,7,6,0.1429
4,140.0000,19,33,554.4490,-84.7343,-0.2926,13,0.3171,0.8750,8,8,8,0,0,8,8,0.0000
4,140.0000,19,34,736.4372,-87.2775,0.0660,11,0.2683,1.0000,4,8,8,0,0,8,8,0.0000
4,140.0000,19,36,452.7151,-82.5590,-0.7944,22,0.5366,0.8571,7,5,2,0,0,5,2,0.6000
4,140.0000,19,37,311.0671,-79.1313,-0.3416,22,0.5366,0.4000,5,7,4,0,0,7,4,0.4286
4,140.0000,19,38,188.7825,-77.3472,1.1301,31,0.7561,0.2000,5,4,0,0,0,4,0,1.0000
4,140.0000,19,39,959.5916,-89.2060,0.2443,5,0.1220,1.0000,8,8,8,0,0,8,8,0.0000
4,140.0000,19,40,329.5231,-80.8343,1.2522,15,0.3659,1.0000,8,8,4,0,0,8,4,0.5000
4,140.0000,19,41,618.6492,-86.3459,-0.6761,12,0.2927,1.0000,6,8,8,0,0,8,8,0.0000
4,140.0000,19,42,921.6988,-88.6558,-0.5268,3,0.0732,1.0000,6,2,2,0,0,2,2,0.0000
4,140.0000,19,43,652.1313,-86.8528,-0.5499,10,0.2439,0.8000,5,6,6,0,0,6,6,0.0000
4,140.0000,19,44,994.1518,-87.4631,-1.4429,3,0.0732,1.0000,4,2,2,0,0,2,2,0.0000
4,140.0000,19,45,320.7275,-80.6691,0.0407,20,0.4878,0.8571,7,7,6,0,0,7,6,0.1429
4,140.0000,19,47,303.3471,-80.8718,0.5955,23,0.5610,0.8571,7,6,3,0,0,6,3,0.5000
4,140.0000,20,1,749.1513,-87.6154,-0.2397,8,0.2000,0.8571,7,5,4,0,0,5,4,0.2000
4,140.0000,20,2,745.0468,-87.1220,0.2975,14,0.3500,1.0000,2,7,6,0,0,7,6,0.1429
4,140.0000,20,3,529.2544,-83.0261,-0.1402,12,0.3000,0.6000,5,10,10,0,0,10,10,0.0000
4,140.0000,20,4,711.5241,-85.9758,-0.4595,17,0.4250,0.8750,8,4,4,0,0,4,4,0.0000
4,140.0000,20,6,366.9566,-81.5722,0.6571,18,0.4500,0.8571,7,5,2,0,0,5,2,0.6000
4,140.0000,20,8,173.4410,-76.6334,1.5234,32,0.8000,0.5000,6,5,2,0,0,5,2,0.6000
4,140.0000,20,9,652.6614,-84.7515,-0.2135,16,0.4000,1.0000,8,7,6,0,0,7,6,0.1429
4,140.0000,20,11,607.3342,-85.0989,0.3118,18,0.4500,0.8750,8,8,7,0,0,8,7,0.1250
4,140.0000,20,13,201.3879,-76.9756,0.6562,35,0.8750,0.5857,70,5,2,0,0,5,2,0.6000
4,140.0000,20,14,263.8182,-76.6564,0.1150,29,0.7250,0.5000,6,4,0,45,29,49,29,0.4082
4,140.0000,20,15,578.8066,-84.3212,-1.2997,20,0.5000,0.8571,7,7,5,0,0,7,5,0.2857
4,140.0000,20,17,532.4672,-84.1503,-0.1700,19,0.4750,0.9254,67,6,6,81,76,87,82,0.0575
4,140.0000,20,18,424.8522,-80.8654,-0.4147,26,0.6500,0.7143,7,8,7,0,0,8,7,0.1250
4,140.0000,20,19,594.9235,-85.8763,0.6928,11,0.2750,0.6667,6,8,8,0,0,8,8,0.0000
4,140.0000,20,21,627.0590,-85.1183,-0.5424,15,0.3750,0.8571,7,8,8,0,0,8,8,0.0000
4,140.0000,20,22,744.1250,-87.0966,0.1318,7,0.1750,1.0000,6,8,8,0,0,8,8,0.0000
4,140.0000,20,23,820.3239,-87.3054,0.5286,7,0.1750,1.0000,2,7,6,0,0,7,6,0.1429
4,140.0000,20,24,631.2147,-84.4038,-0.2899,18,0.4500,1.0000,6,8,8,0,0,8,8,0.0000
4,140.0000,20,25,357.2342,-80.5582,0.6179,22,0.5500,0.7500,8,7,5,0,0,7,5,0.2857
4,140.0000,20,27,602.2039,-85.7146,0.0534,10,0.2500,0.8750,8,8,7,0,0,8,7,0.1250
4,140.0000,20,28,694.7158,-86.6565,-0.0380,14,0.3500,1.0000,8,7,4,0,0,7,4,0.4286
4,140.0000,20,30,899.2829,-88.4505,-0.1757,7,0.1750,1.0000,8,4,4,0,0,4,4,0.0000
4,140.0000,20,31,351.9718,-80.7172,-0.1018,20,0.5000,0.6667,6,6,3,0,0,6,3,0.5000
4,140.0000,20,32,474.3692,-83.4241,0.1506,19,0.4750,1.0000,8,8,8,0,0,8,8,0.0000
4,140.0000,20,33,265.7470,-78.0466,-0.3943,26,0.6500,0.7500,8,4,0,0,0,4,0,1.0000
4,140.0000,20,35,916.1840,-88.1765,0.1504,8,0.2000,,0,6,6,0,0,6,6,0.0000
4,140.0000,20,37,542.8126,-84.2772,0.0111,12,0.3000,1.0000,8,8,7,0,0,8,7,0.1250
4,140.0000,20,38,599.6372,-86.1658,0.2257,11,0.2750,1.0000,8,8,8,0,0,8,8,0.0000
4,140.0000,20,39,419.3031,-84.3719,0.3158,22,0.5500,0.7143,7,7,3,0,0,7,3,0.5714
4,140.0000,20,40,376.0616,-79.9740,-0.5013,19,0.4750,0.7143,7,8,8,0,0,8,8,0.0000
4,140.0000,20,41,886.4012,-87.8401,1.1465,5,0.1250,1.0000,4,6,6,0,0,6,6,0.0000
4,140.0000,20,42,341.6709,-80.1874,0.3911,27,0.6750,0.6667,6,4,0,6,5,10,5,0.5000
4,140.0000,20,44,591.1141,-85.1934,-0.4086,13,0.3250,0.6667,6,8,7,0,0,8,7,0.1250
4,140.0000,20,45,471.6375,-81.4024,-0.5743,20,0.5000,0.6667,6,8,8,0,0,8,8,0.0000
4,140.0000,20,46,667.9001,-86.0155,-0.2432,16,0.4000,0.8571,7,8,7,0,0,8,7,0.1250
4,140.0000,20,47,848.1486,-88.0734,-0.4170,10,0.2500,1.0000,8,6,5,0,0,6,5,0.1667
4,140.0000,21,1,449.5392,-82.2487,-1.0660,12,0.3000,0.8571,7,8,8,0,0,8,8,0.0000
4,140.0000,21,3,703.4187,-85.3933,-0.5640,8,0.2000,1.0000,8,8,8,0,0,8,8,0.0000
4,140.0000,21,4,899.1600,-88.0151,0.5329,6,0.1500,1.0000,8,4,3,0,0,4,3,0.2500
4,140.0000,21,5,1025.5730,-87.9011,-0.5290,4,0.1000,,0,4,4,0,0,4,4,0.0000
4,140.0000,21,6,583.4830,-85.6251,-1.0368,8,0.2000,0.8571,7,8,8,0,0,8,8,0.0000
4,140.0000,21,7,616.3624,-85.3196,0.2427,10,0.2500,1.0000,4,8,8,0,0,8,8,0.0000
4,140.0000,21,8,617.1467,-86.7628,-0.1030,6,0.1500,1.0000,8,8,8,0,0,8,8,0.0000
4,140.0000,21,9,595.1280,-84.5316,-0.1037,11,0.2750,0.8571,7,8,8,0,0,8,8,0.0000
4,140.0000,21,10,802.9133,-87.7713,0.3470,7,0.1750,1.0000,4,4,4,0,0,4,4,0.0000
4,140.0000,21,13,742.2826,-87.0890,-0.1832,7,0.1750,1.0000,8,8,8,0,0,8,8,0.0000
4,140.0000,21,14,747.4708,-87.5709,0.9059,6,0.1500,1.0000,8,8,8,0,0,8,8,0.0000
4,140.0000,21,16,751.6889,-87.8295,0.1522,9,0.2250,1.0000,6,8,8,0,0,8,8,0.0000
4,140.0000,21,18,572.3248,-85.5726,-0.0080,9,0.2250,0.8889,9,8,8,0,0,8,8,0.0000
4,140.0000,21,19,440.0211,-82.4631,-0.0979,14,0.3500,0.8750,8,5,4,0,0,5,4,0.2000
4,140.0000,21,20,627.0590,-85.4944,-1.3040,9,0.2250,0.6667,6,8,8,0,0,8,8,0.0000
4,140.0000,21,22,351.3103,-81.2743,0.8909,20,0.5000,0.7143,7,5,2,0,0,5,2,0.6000
4,140.0000,21,23,898.7574,-87.5997,-0.2844,4,0.1000,1.0000,6,4,4,0,0,4,4,0.0000
4,140.0000,21,24,545.4115,-83.8332,0.2635,14,0.3500,1.0000,8,7,5,0,0,7,5,0.2857
4,140.0000,21,25,741.8314,-86.5917,-0.8580,6,0.1500,1.0000,8,8,8,0,0,8,8,0.0000
4,140.0000,21,27,592.3810,-83.3641,-0.3231,11,0.2750,1.0000,8,6,6,0,0,6,6,0.0000
4,140.0000,21,28,942.5492,-88.4331,0.1212,4,0.1000,1.0000,4,2,2,0,0,2,2,0.0000
4,140.0000,21,31,476.8624,-85.0025,-1.1344,10,0.2500,1.0000,8,7,6,0,0,7,6,0.1429
4,140.0000,21,32,475.4265,-83.5544,-0.8345,10,0.2500,1.0000,8,8,8,0,0,8,8,0.0000
4,140.0000,21,33,445.5261,-82.1048,-0.6231,11,0.2750,0.7143,7,6,4,0,0,6,4,0.3333
4,140.0000,21,36,540.6456,-84.0937,0.0874,16,0.4000,1.0000,8,8,8,0,0,8,8,0.0000
4,140.0000,21,37,673.2542,-85.6570,-0.4867,9,0.2250,0.8750,8,8,8,0,0,8,8,0.0000
4,140.0000,21,38,553.8762,-84.7555,0.2992,11,0.2750,1.0000,8,7,6,0,0,7,6,0.1429
4,140.0000,21,39,1045.7069,-88.7997,-0.0704,4,0.1000,,0,6,6,0,0,6,6,0.0000
4,140.0000,21,40,377.8850,-81.7385,0.4605,11,0.2750,1.0000,8,6,4,0,0,6,4,0.3333
4,140.0000,21,41,921.4369,-88.5345,0.1996,6,0.1500,1.0000,8,2,2,0,0,2,2,0.0000
4,140.0000,21,43,760.9654,-87.6366,0.0466,6,0.1500,1.0000,4,6,6,0,0,6,6,0.0000
4,140.0000,21,45,210.0136,-75.7919,0.1498,24,0.6000,0.5000,6,5,2,0,0,5,2,0.6000
4,140.0000,21,47,646.1681,-85.9357,-0.4802,10,0.2500,1.0000,8,7,5,0,0,7,5,0.2857
4,140.0000,22,0,848.1197,-86.4647,-0.4091,7,0.1750,1.0000,8,6,6,0,0,6,6,0.0000
4,140.0000,22,1,349.4934,-80.2119,0.0807,20,0.5000,0.8571,7,8,8,0,0,8,8,0.0000
4,140.0000,22,3,544.9845,-84.6962,-1.5657,10,0.2500,0.8750,8,7,6,0,0,7,6,0.1429
4,140.0000,22,5,776.8176,-86.0733,-0.9670,11,0.2750,1.0000,8,4,4,0,0,4,4,0.0000
4,140.0000,22,6,625.8545,-85.7531,-0.7364,6,0.1500,1.0000,8,8,8,0,0,8,8,0.0000
4,140.0000,22,7,613.8430,-85.4380,0.2469,13,0.3250,1.0000,6,6,5,0,0,6,5,0.1667
4,140.0000,22,8,691.2493,-87.9975,-0.2470,5,0.1250,1.0000,8,8,8,0,0,8,8,0.0000
4,140.0000,22,9,931.9719,-87.8483,1.6022,3,0.0750,1.0000,2,6,6,0,0,6,6,0.0000
4,140.0000,22,10,547.0549,-84.2375,-0.1986,12,0.3000,1.0000,8,7,5,0,0,7,5,0.2857
4,140.0000,22,12,775.6169,-87.2687,1.0925,7,0.1750,1.0000,6,6,6,0,0,6,6,0.0000
4,140.0000,22,14,907.2834,-87.9833,-0.9569,4,0.1000,1.0000,8,4,4,0,0,4,4,0.0000
4,140.0000,22,18,804.0242,-87.8295,1.4303,5,0.1250,1.0000,6,8,8,0,0,8,8,0.0000
4,140.0000,22,19,373.6948,-80.8604,0.0546,14,0.3500,0.8571,7,7,6,0,0,7,6,0.1429
4,140.0000,22,20,744.1250,-85.7839,2.4718,5,0.1250,1.0000,8,7,6,0,0,7,6,0.1429
4,140.0000,22,21,351.3103,-81.1115,0.5862,18,0.4500,1.0000,8,7,6,0,0,7,6,0.1429
4,140.0000,22,23,635.3940,-85.7895,-0.1030,11,0.2750,1.0000,8,6,4,0,0,6,4,0.3333
4,140.0000,22,24,856.7544,-87.7293,-0.3595,4,0.1000,1.0000,4,6,6,0,0,6,6,0.0000
4,140.0000,22,25,690.1791,-86.6608,1.1576,7,0.1750,0.8750,8,5,4,0,0,5,4,0.2000
4,140.0000,22,26,942.7636,-87.3216,-1.0225,5,0.1250,1.0000,2,6,6,0,0,6,6,0.0000
4,140.0000,22,27,377.6696,-81.1673,-0.0187,12,0.3000,0.8750,8,5,2,0,0,5,2,0.6000
4,140.0000,22,31,494.4238,-85.1614,1.4792,9,0.2250,0.8571,7,8,8,0,0,8,8,0.0000
4,140.0000,22,32,771.8939,-88.9390,0.4545,3,0.0750,,0,6,6,0,0,6,6,0.0000
4,140.0000,22,33,676.4036,-86.5382,1.3706,5,0.1250,0.8750,8,7,6,0,0,7,6,0.1429
4,140.0000,22,34,747.6293,-85.6908,-0.9866,7,0.1750,1.0000,6,7,5,0,0,7,5,0.2857
4,140.0000,22,36,489.4372,-83.0478,-0.5298,16,0.4000,0.7143,7,5,2,0,0,5,2,0.6000
4,140.0000,22,37,540.8849,-84.0480,1.0471,10,0.2500,0.8750,8,7,6,0,0,7,6,0.1429
4,140.0000,22,38,386.1363,-82.4658,-0.7498,12,0.3000,0.6667,6,8,8,0,0,8,8,0.0000
4,140.0000,22,40,371.8946,-82.9602,1.5925,12,0.3000,0.8571,7,7,6,0,0,7,6,0.1429
4,140.0000,22,41,638.7349,-86.2271,0.4184,7,0.1750,1.0000,6,10,9,0,0,10,9,0.1000
4,140.0000,22,43,489.9728,-83.0926,-0.3588,16,0.4000,0.8571,7,6,4,0,0,6,4,0.3333
4,140.0000,22,45,304.8537,-80.3210,0.8592,13,0.3250,0.6667,6,7,4,0,0,7,4,0.4286
4,140.0000,22,47,402.2358,-81.9410,0.1231,14,0.3500,0.8571,7,7,5,0,0,7,5,0.2857
4,140.0000,23,0,834.0061,-86.8607,0.5222,5,0.1250,1.0000,4,4,3,0,0,4,3,0.2500
4,140.0000,23,3,351.9146,-80.1337,0.0460,12,0.3000,1.0000,8,5,1,0,0,5,1,0.8000
4,140.0000,23,10,828.9002,-89.0355,3.7304,3,0.0750,1.0000,6,2,2,0,0,2,2,0.0000
4,140.0000,23,12,742.6526,-85.1584,-0.5872,9,0.2250,0.9000,10,6,6,0,0,6,6,0.0000
4,140.0000,23,19,687.9312,-86.7745,17.3195,3,0.0750,1.0000,8,8,8,0,0,8,8,0.0000
4,140.0000,23,22,635.3940,-83.9427,1.3735,5,0.1250,1.0000,8,8,8,0,0,8,8,0.0000
4,140.0000,23,25,547.2649,-85.3945,-0.0205,4,0.1000,0.8571,7,6,4,0,0,6,4,0.3333
4,140.0000,23,27,362.4033,-79.9513,-0.2594,10,0.2500,0.7500,8,7,6,0,0,7,6,0.1429
4,140.0000,23,29,944.4684,-88.0089,0.3603,3,0.0750,1.0000,2,2,2,0,0,2,2,0.0000
4,140.0000,23,34,658.7140,-84.3834,-0.6108,7,0.1750,0.6667,6,8,8,0,0,8,8,0.0000
4,140.0000,23,37,486.4153,-83.4113,0.5400,6,0.1500,0.8571,7,6,5,0,0,6,5,0.1667
4,140.0000,23,38,507.4455,-84.0638,0.7050,8,0.2000,0.8571,7,8,8,0,0,8,8,0.0000
4,140.0000,23,40,595.7246,-86.2796,-0.1089,5,0.1250,1.0000,8,8,8,0,0,8,8,0.0000
4,140.0000,23,41,228.3154,-76.6112,-0.2384,33,0.8250,0.4000,5,6,3,0,0,6,3,0.5000
4,140.0000,23,47,599.7876,-85.2350,1.4668,6,0.1500,0.8750,8,8,8,0,0,8,8,0.0000
4,140.0000,24,1,755.0825,-84.8328,0.4553,3,0.0750,1.0000,8,7,6,0,0,7,6,0.1429
4,140.0000,24,4,591.6554,-84.1819,0.8392,6,0.1500,1.0000,8,8,8,0,0,8,8,0.0000
4,140.0000,24,9,252.6315,-78.3891,0.0875,27,0.6750,0.5000,6,6,4,0,0,6,4,0.3333
4,140.0000,24,14,551.6281,-82.8392,-0.2177,5,0.1250,1.0000,8,8,8,0,0,8,8,0.0000
4,140.0000,24,15,683.0362,-84.6840,0.9202,6,0.1500,1.0000,8,8,8,0,0,8,8,0.0000
4,140.0000,24,18,273.9488,-78.9527,0.2715,22,0.5500,0.5000,6,6,2,0,0,6,2,0.6667
4,140.0000,24,20,631.2147,-82.7994,-2.7293,3,0.0750,1.0000,8,8,8,0,0,8,8,0.0000
4,140.0000,24,21,545.4115,-82.7931,-0.3402,6,0.1500,1.0000,8,8,8,0,0,8,8,0.0000
4,140.0000,24,28,510.9433,-85.2578,1.4397,9,0.2250,1.0000,8,8,8,0,0,8,8,0.0000
4,140.0000,24,30,694.7823,-87.3921,-0.0296,5,0.1250,1.0000,4,7,6,0,0,7,6,0.1429
4,140.0000,24,32,164.1671,-72.5964,-0.5931,35,0.8750,0.0000,4,4,0,0,0,4,0,1.0000
4,140.0000,24,33,391.9208,-79.4196,-0.4508,11,0.2750,0.8571,7,8,8,0,0,8,8,0.0000
4,140.0000,24,35,1083.4421,-88.6648,0.9644,3,0.0750,,0,4,4,0,0,4,4,0.0000
4,140.0000,24,44,463.6463,-83.3700,1.0636,10,0.2500,0.8571,7,5,4,0,0,5,4,0.2000
4,140.0000,24,45,600.1000,-83.6420,1.1401,3,0.0750,0.8750,8,8,8,0,0,8,8,0.0000
4,140.0000,25,2,1047.4703,-86.4060,0.2940,3,0.0750,1.0000,2,4,4,0,0,4,4,0.0000
4,140.0000,25,3,232.9843,-77.9349,0.3323,23,0.5750,0.7143,7,4,0,0,0,4,0,1.0000
4,140.0000,25,6,319.5394,-79.3945,0.3344,20,0.5000,0.6250,8,7,6,0,0,7,6,0.1429
4,140.0000,25,8,365.9928,-79.4817,0.0385,25,0.6250,0.6000,5,7,6,0,0,7,6,0.1429
4,140.0000,25,9,963.4683,-87.3321,-2.2650,3,0.0750,1.0000,2,8,8,0,0,8,8,0.0000
4,140.0000,25,12,1089.4755,-88.3538,0.4583,3,0.0750,,0,6,6,0,0,6,6,0.0000
4,140.0000,25,13,237.3574,-74.6791,-0.7104,36,0.9000,0.2000,5,5,2,0,0,5,2,0.6000
4,140.0000,25,14,490.5821,-80.9492,-2.0961,11,0.2750,0.5000,6,7,6,0,0,7,6,0.1429
4,140.0000,25,15,881.0767,-87.3300,-0.3962,3,0.0750,0.9242,66,7,6,0,0,7,6,0.1429
4,140.0000,25,17,839.5261,-85.8174,-0.2070,3,0.0750,1.0000,8,8,8,0,0,8,8,0.0000
4,140.0000,25,18,643.3148,-84.4312,0.6647,7,0.1750,0.7143,7,7,5,0,0,7,5,0.2857
4,140.0000,25,19,502.4236,-83.6288,0.4638,7,0.1750,1.0000,8,9,7,0,0,9,7,0.2222
4,140.0000,25,20,357.2342,-80.0582,0.2326,16,0.4000,1.0000,8,6,3,0,0,6,3,0.5000
4,140.0000,25,21,741.8314,-85.4765,-0.2991,7,0.1750,0.8571,7,8,8,0,0,8,8,0.0000
4,140.0000,25,22,690.1791,-87.2012,1.4672,5,0.1250,1.0000,8,8,8,0,0,8,8,0.0000
4,140.0000,25,23,547.2649,-84.8900,0.0242,7,0.1750,0.7143,7,6,3,0,0,6,3,0.5000
4,140.0000,25,24,880.6073,-86.9087,-0.4347,4,0.1000,1.0000,4,6,6,0,0,6,6,0.0000
4,140.0000,25,27,383.2872,-82.1350,1.3019,15,0.3750,0.6667,6,6,4,0,0,6,4,0.3333
4,140.0000,25,31,305.2331,-78.1675,-0.5628,22,0.5500,0.5000,6,7,5,0,0,7,5,0.2857
4,140.0000,25,37,271.8757,-79.6709,0.7909,19,0.4750,1.0000,8,7,4,0,0,7,4,0.4286
4,140.0000,25,38,405.3780,-82.8368,0.0222,9,0.2250,0.8571,7,7,5,0,0,7,5,0.2857
4,140.0000,25,39,552.5260,-83.2543,-0.1195,8,0.2000,1.0000,8,6,3,0,0,6,3,0.5000
4,140.0000,25,40,378.6349,-80.3846,0.3320,13,0.3250,1.0000,8,7,5,0,0,7,5,0.2857
4,140.0000,25,41,576.4699,-85.5379,0.1291,5,0.1250,1.0000,8,8,8,0,0,8,8,0.0000
4,140.0000,25,42,543.8826,-81.7312,0.1066,13,0.3250,1.0000,8,8,8,0,0,8,8,0.0000
4,140.0000,25,45,536.2262,-84.0221,-0.0581,7,0.1750,0.6667,6,8,8,0,0,8,8,0.0000
4,140.0000,25,47,652.6625,-86.5510,0.9167,4,0.1000,0.6667,3,8,7,0,0,8,7,0.1250
4,140.0000,26,0,131.5882,-74.1996,2.3571,34,0.8500,0.4000,5,5,1,0,0,5,1,0.8000
4,140.0000,26,5,421.1419,-82.5718,0.4219,11,0.2750,0.7143,7,7,6,0,0,7,6,0.1429
4,140.0000,26,7,999.8069,-87.2441,5.6554,3,0.0750,1.0000,6,4,4,0,0,4,4,0.0000
4,140.0000,26,10,505.1842,-83.3988,0.9290,14,0.3500,1.0000,8,8,7,0,0,8,7,0.1250
4,140.0000,26,12,196.8839,-77.6521,1.7906,25,0.6250,0.0000,4,4,0,0,0,4,0,1.0000
4,140.0000,26,16,743.7304,-84.8258,-0.0172,4,0.1000,1.0000,8,8,8,0,0,8,8,0.0000
4,140.0000,26,29,244.2824,-75.7934,-1.2960,35,0.8750,0.0000,4,6,3,0,0,6,3,0.5000
4,140.0000,26,34,332.5232,-81.2601,1.7035,15,0.3750,0.6667,6,5,1,0,0,5,1,0.8000
4,140.0000,26,43,568.6542,-84.7758,0.2025,13,0.3250,1.0000,8,8,7,0,0,8,7,0.1250
4,140.0000,27,0,843.5910,-86.7802,0.6255,6,0.1500,,0,2,2,0,0,2,2,0.0000
4,140.0000,27,1,424.0345,-82.0844,0.4866,19,0.4750,1.0000,8,7,5,0,0,7,5,0.2857
4,140.0000,27,3,180.6448,-72.5303,-1.4007,36,0.9000,0.2000,5,6,2,0,0,6,2,0.6667
4,140.0000,27,6,447.5449,-80.6840,-0.4362,20,0.5000,0.5714,7,8,8,0,0,8,8,0.0000
4,140.0000,27,7,778.7083,-86.5963,0.5863,12,0.3000,0.8000,5,4,4,0,0,4,4,0.0000
4,140.0000,27,8,557.2745,-84.8478,0.0673,12,0.3000,0.5000,6,8,8,0,0,8,8,0.0000
4,140.0000,27,10,634.4557,-86.7419,1.3619,10,0.2500,0.8000,5,7,6,0,0,7,6,0.1429
4,140.0000,27,12,745.6035,-87.4251,0.5412,11,0.2750,1.0000,2,8,8,0,0,8,8,0.0000
4,140.0000,27,13,571.0428,-83.3912,-0.1892,8,0.2000,0.8571,7,8,8,0,0,8,8,0.0000
4,140.0000,27,14,764.2250,-85.3870,-0.6727,9,0.2250,0.8750,8,8,8,0,0,8,8,0.0000
4,140.0000,27,18,777.5180,-87.4802,-0.6378,8,0.2000,1.0000,8,6,6,0,0,6,6,0.0000
4,140.0000,27,19,327.3571,-80.4564,0.4607,19,0.4750,0.5000,6,5,2,0,0,5,2,0.6000
4,140.0000,27,20,602.2039,-84.5550,-1.6455,10,0.2500,0.7143,7,7,6,0,0,7,6,0.1429
4,140.0000,27,21,592.3810,-85.8817,-1.5561,8,0.2000,1.0000,8,8,8,0,0,8,8,0.0000
4,140.0000,27,22,377.6696,-81.3624,0.0732,19,0.4750,0.8750,8,7,5,0,0,7,5,0.2857
4,140.0000,27,23,362.4033,-82.4917,0.6918,19,0.4750,0.5000,6,4,0,0,0,4,0,1.0000
4,140.0000,27,25,383.2872,-82.0194,-0.0442,16,0.4000,0.8571,7,7,6,0,0,7,6,0.1429
4,140.0000,27,26,927.7201,-88.7677,-0.4000,3,0.0750,1.0000,2,6,6,0,0,6,6,0.0000
4,140.0000,27,31,340.9681,-78.7074,-0.2319,23,0.5750,0.7143,7,7,6,0,0,7,6,0.1429
4,140.0000,27,32,826.4974,-87.6365,0.6949,6,0.1500,1.0000,4,8,8,0,0,8,8,0.0000
4,140.0000,27,33,670.8359,-86.5702,-1.3514,8,0.2000,0.8571,7,6,4,0,0,6,4,0.3333
4,140.0000,27,34,634.4902,-85.9850,-0.4921,13,0.3250,1.0000,4,8,8,0,0,8,8,0.0000
4,140.0000,27,36,695.1931,-86.4896,-0.2009,12,0.3000,0.8571,7,8,8,0,0,8,8,0.0000
4,140.0000,27,37,215.4087,-75.2151,-0.6259,37,0.9250,0.2000,5,6,2,0,0,6,2,0.6667
4,140.0000,27,38,158.4780,-73.3939,0.4047,36,0.9000,0.2000,5,4,0,0,0,4,0,1.0000
4,140.0000,27,39,915.7595,-87.1618,0.5234,4,0.1000,1.0000,4,8,8,0,0,8,8,0.0000
4,140.0000,27,40,306.2220,-78.6924,-0.3204,24,0.6000,0.5000,6,8,8,0,0,8,8,0.0000
4,140.0000,27,41,344.2788,-81.6453,0.1157,23,0.5750,0.4000,5,5,2,0,0,5,2,0.6000
4,140.0000,27,43,686.0717,-85.5633,0.6184,14,0.3500,0.8571,7,6,6,0,0,6,6,0.0000
4,140.0000,27,45,409.8141,-81.1016,0.3946,16,0.4000,1.0000,8,8,8,0,0,8,8,0.0000
4,140.0000,27,47,337.2082,-81.1446,1.6578,21,0.5250,0.5000,6,6,2,0,0,6,2,0.6667
4,140.0000,28,2,564.9869,-85.1535,0.3757,12,0.3000,0.8571,7,6,3,0,0,6,3,0.5000
4,140.0000,28,4,268.5819,-78.4521,0.2367,26,0.6500,0.5000,6,4,0,0,0,4,0,1.0000
4,140.0000,28,9,414.5936,-82.6596,-0.0173,16,0.4000,0.5000,6,7,4,0,0,7,4,0.4286
4,140.0000,28,11,501.2302,-83.7806,0.1821,13,0.3250,1.0000,8,7,6,0,0,7,6,0.1429
4,140.0000,28,13,808.5067,-85.4826,1.1495,4,0.1000,1.0000,4,6,6,0,0,6,6,0.0000
4,140.0000,28,14,568.1407,-86.2852,1.0656,6,0.1500,1.0000,8,8,8,0,0,8,8,0.0000
4,140.0000,28,15,310.2104,-79.3548,-0.2683,25,0.6250,0.2000,5,6,3,0,0,6,3,0.5000
4,140.0000,28,17,544.9150,-83.5298,-0.1222,13,0.3250,0.8750,8,7,6,0,0,7,6,0.1429
4,140.0000,28,18,536.4931,-84.8121,-1.3564,8,0.2000,1.0000,8,8,8,0,0,8,8,0.0000
4,140.0000,28,20,694.7158,-84.5639,-0.8391,4,0.1000,1.0000,8,8,8,0,0,8,8,0.0000
4,140.0000,28,24,510.9433,-84.3000,1.5313,5,0.1250,1.0000,8,8,7,0,0,8,7,0.1250
4,140.0000,28,30,252.5920,-77.4921,0.2239,39,0.9750,0.0000,4,5,1,0,0,5,1,0.8000
4,140.0000,28,32,492.3086,-84.3400,0.3686,7,0.1750,1.0000,8,8,8,0,0,8,8,0.0000
4,140.0000,28,33,578.3048,-83.6820,1.0611,7,0.1750,1.0000,8,8,7,0,0,8,7,0.1250
4,140.0000,28,35,634.1981,-84.1263,-0.2784,16,0.4000,0.6667,6,8,8,0,0,8,8,0.0000
4,140.0000,28,39,783.1460,-89.2221,-0.7682,3,0.0750,0.8750,8,8,8,0,0,8,8,0.0000
4,140.0000,28,40,959.0290,-88.6725,-0.0473,3,0.0750,,0,8,8,0,0,8,8,0.0000
4,140.0000,28,42,758.0589,-86.3897,1.2494,4,0.1000,1.0000,8,8,7,0,0,8,7,0.1250
4,140.0000,28,44,115.4656,-70.1611,-0.6606,33,0.8250,0.0000,4,5,1,0,0,5,1,0.8000
4,140.0000,28,46,481.0097,-83.5841,-0.2981,15,0.3750,1.0000,8,7,6,0,0,7,6,0.1429
4,140.0000,29,0,315.9789,-81.5792,0.4996,28,0.6829,0.6667,6,4,0,0,0,4,0,1.0000
4,140.0000,29,5,641.5540,-85.3442,0.7008,8,0.1951,0.8750,8,8,8,0,0,8,8,0.0000
4,140.0000,29,10,686.3852,-85.7396,-2.1978,6,0.1463,1.0000,8,8,8,0,0,8,8,0.0000
4,140.0000,29,12,335.8917,-80.1985,1.0448,17,0.4146,0.6667,6,5,1,0,0,5,1,0.8000
4,140.0000,29,16,953.7372,-88.0359,1.0749,3,0.0732,1.0000,8,4,4,0,0,4,4,0.0000
4,140.0000,29,26,244.2824,-74.8532,-1.0848,36,0.8780,0.2000,5,6,3,0,0,6,3,0.5000
4,140.0000,29,34,371.4931,-81.4634,-0.1000,12,0.2927,0.4000,5,6,3,0,0,6,3,0.5000
4,140.0000,29,47,805.1017,-86.7099,0.1073,5,0.1220,0.8571,7,8,8,0,0,8,8,0.0000
4,140.0000,30,2,580.4834,-85.3805,0.9000,9,0.2250,1.0000,8,7,5,0,0,7,5,0.2857
4,140.0000,30,4,252.2763,-79.7421,1.0023,20,0.5000,0.3333,6,4,0,0,0,4,0,1.0000
4,140.0000,30,9,531.3466,-83.9380,-0.3849,9,0.2250,1.0000,8,8,8,0,0,8,8,0.0000
4,140.0000,30,11,637.5050,-86.9559,0.0397,4,0.1000,1.0000,8,8,8,0,0,8,8,0.0000
4,140.0000,30,15,484.0611,-83.1155,0.4484,8,0.2000,1.0000,8,8,6,0,0,8,6,0.2500
4,140.0000,30,17,629.0998,-85.9990,0.9490,8,0.2000,0.8571,7,7,6,0,0,7,6,0.1429
4,140.0000,30,28,252.5920,-77.6515,0.0249,25,0.6250,0.2500,4,7,2,0,0,7,2,0.7143
4,140.0000,30,32,690.7269,-86.3550,-0.1233,3,0.0750,0.8571,7,8,8,0,0,8,8,0.0000
4,140.0000,30,33,776.5094,-85.5076,2.1746,3,0.0750,0.8571,7,8,8,0,0,8,8,0.0000
4,140.0000,30,35,680.8742,-84.1435,-0.1890,10,0.2500,1.0000,8,6,6,0,0,6,6,0.0000
4,140.0000,30,44,322.5221,-79.3101,-0.3920,19,0.4750,1.0000,8,6,4,0,0,6,4,0.3333
4,140.0000,30,46,587.4360,-85.0091,-0.3277,4,0.1000,0.8750,8,8,6,0,0,8,6,0.2500
4,140.0000,31,1,412.4247,-81.9641,0.2961,22,0.5500,0.6250,8,6,3,0,0,6,3,0.5000
4,140.0000,31,3,338.7028,-79.1613,-0.7239,28,0.7000,0.0000,4,6,4,3,2,9,6,0.3333
4,140.0000,31,4,958.4836,-88.5949,0.2999,4,0.1000,1.0000,6,4,4,0,0,4,4,0.0000
4,140.0000,31,5,1070.4394,-88.2941,-0.7600,4,0.1000,1.0000,2,4,4,0,0,4,4,0.0000
4,140.0000,31,6,145.3314,-72.6540,0.6726,37,0.9250,0.4000,5,4,0,0,0,4,0,1.0000
4,140.0000,31,7,722.1581,-86.9396,0.3378,10,0.2500,0.8571,7,6,6,0,0,6,6,0.0000
4,140.0000,31,8,401.3983,-82.4926,-0.4557,19,0.4750,0.7500,8,7,5,0,0,7,5,0.2857
4,140.0000,31,9,755.2046,-87.6241,0.6173,13,0.3250,1.0000,4,6,6,0,0,6,6,0.0000
4,140.0000,31,10,805.8686,-88.1820,-0.1652,6,0.1500,1.0000,2,4,4,0,0,4,4,0.0000
4,140.0000,31,11,918.7284,-88.6667,-0.3443,4,0.1000,1.0000,8,4,4,0,0,4,4,0.0000
4,140.0000,31,12,1030.4567,-88.4369,0.1468,8,0.2000,1.0000,4,6,6,0,0,6,6,0.0000
4,140.0000,31,13,336.6641,-80.1915,0.1060,27,0.6750,0.7883,137,6,3,125,93,131,96,0.2672
4,140.0000,31,14,449.5062,-80.7811,-1.0005,20,0.5000,1.0000,8,6,4,0,0,6,4,0.3333
4,140.0000,31,15,860.4181,-87.5722,-0.2866,8,0.2000,1.0000,8,6,6,0,0,6,6,0.0000
4,140.0000,31,18,440.6300,-82.9657,-0.6282,15,0.3750,0.8571,7,5,2,0,0,5,2,0.6000
4,140.0000,31,19,249.2960,-79.6538,1.4442,28,0.7000,0.5000,6,7,4,0,0,7,4,0.4286
4,140.0000,31,20,351.9718,-79.7422,-0.7472,26,0.6500,0.7143,7,9,7,0,0,9,7,0.2222
4,140.0000,31,21,476.8624,-82.9950,0.6068,17,0.4250,0.6667,6,7,6,0,0,7,6,0.1429
4,140.0000,31,22,494.4238,-84.2389,0.6833,16,0.4000,0.7143,7,7,5,0,0,7,5,0.2857
4,140.0000,31,23,665.7320,-85.9879,-0.2418,13,0.3250,0.5000,4,2,2,0,0,2,2,0.0000
4,140.0000,31,24,636.6921,-86.5106,0.3390,12,0.3000,0.8000,5,4,4,0,0,4,4,0.0000
4,140.0000,31,25,305.2331,-78.4162,0.1301,29,0.7250,0.2000,5,6,3,0,0,6,3,0.5000
4,140.0000,31,27,340.9681,-79.1843,-1.4618,29,0.7250,0.5000,6,5,2,0,0,5,2,0.6000
4,140.0000,31,28,915.4983,-87.2986,-0.2279,4,0.1000,1.0000,2,2,2,0,0,2,2,0.0000
4,140.0000,31,32,519.0820,-84.3169,0.0917,13,0.3250,0.8571,7,8,7,0,0,8,7,0.1250
4,140.0000,31,33,381.3299,-82.9721,-0.0641,20,0.5000,0.8750,8,8,8,0,0,8,8,0.0000
4,140.0000,31,34,902.0156,-88.0063,0.1215,11,0.2750,1.0000,4,4,4,0,0,4,4,0.0000
4,140.0000,31,36,685.0893,-86.1150,-0.3992,12,0.3000,1.0000,8,8,8,0,0,8,8,0.0000
4,140.0000,31,37,268.5177,-77.5826,0.1186,31,0.7750,0.0000,4,6,2,0,0,6,2,0.6667
4,140.0000,31,38,272.5290,-79.8928,0.0994,24,0.6000,0.6667,6,5,1,0,0,5,1,0.8000
4,140.0000,31,39,712.5292,-86.7841,0.5402,13,0.3250,1.0000,6,7,6,0,0,7,6,0.1429
4,140.0000,31,40,210.7844,-75.7612,0.1671,34,0.8500,0.0000,4,5,1,0,0,5,1,0.8000
4,140.0000,31,41,655.5517,-86.6260,-0.0677,18,0.4500,0.8750,8,8,8,0,0,8,8,0.0000
4,140.0000,31,42,674.5176,-86.8571,-0.0342,9,0.2250,1.0000,8,2,2,0,0,2,2,0.0000
4,140.0000,31,43,873.4861,-88.0871,-0.1303,6,0.1500,,0,2,2,0,0,2,2,0.0000
4,140.0000,31,45,294.9159,-79.2012,0.1503,28,0.7000,0.3750,8,5,4,0,0,5,4,0.2000
4,140.0000,31,46,983.5228,-86.6888,-2.1400,3,0.0750,1.0000,2,2,2,0,0,2,2,0.0000
4,140.0000,31,47,506.6805,-83.7431,0.5170,16,0.4000,1.0000,8,7,6,0,0,7,6,0.1429
4,140.0000,32,4,541.1117,-83.3057,-0.5315,12,0.3000,0.7500,8,7,5,0,0,7,5,0.2857
4,140.0000,32,6,520.5471,-84.2544,1.2542,3,0.0750,0.8571,7,7,5,0,0,7,5,0.2857
4,140.0000,32,8,577.7192,-86.6871,0.8170,4,0.1000,1.0000,8,7,6,0,0,7,6,0.1429
4,140.0000,32,9,253.4759,-75.1621,-1.1420,34,0.8500,0.3333,6,4,0,0,0,4,0,1.0000
4,140.0000,32,11,762.6288,-85.7940,0.5395,5,0.1250,0.7143,7,8,8,0,0,8,8,0.0000
4,140.0000,32,13,596.3709,-84.9348,1.1688,4,0.1000,1.0000,8,8,8,0,0,8,8,0.0000
4,140.0000,32,14,434.7517,-80.9609,0.7903,6,0.1500,1.0000,6,7,4,0,0,7,4,0.4286
4,140.0000,32,15,608.2270,-85.4320,0.1170,6,0.1500,0.6667,6,7,6,0,0,7,6,0.1429
4,140.0000,32,17,725.5550,-87.0830,1.3873,4,0.1000,0.6000,5,8,8,0,0,8,8,0.0000
4,140.0000,32,18,201.2691,-77.3862,0.9154,24,0.6000,0.0000,4,6,2,0,0,6,2,0.6667
4,140.0000,32,19,625.9691,-85.5316,1.4065,3,0.0750,1.0000,8,7,5,0,0,7,5,0.2857
4,140.0000,32,20,474.3692,-82.2095,-0.1404,7,0.1750,1.0000,8,7,6,0,0,7,6,0.1429
4,140.0000,32,21,475.4265,-82.3494,0.2911,7,0.1750,0.8750,8,8,8,0,0,8,8,0.0000
4,140.0000,32,24,164.1671,-72.5662,-0.2284,35,0.8750,0.0000,4,4,0,0,0,4,0,1.0000
4,140.0000,32,28,492.3086,-83.1975,-0.3023,13,0.3250,0.7143,7,5,4,0,0,5,4,0.2000
4,140.0000,32,30,690.7269,-84.5280,1.1916,8,0.2000,0.8333,6,4,2,0,0,4,2,0.5000
4,140.0000,32,31,519.0820,-84.3473,0.6900,4,0.1000,0.8889,9,6,6,0,0,6,6,0.0000
4,140.0000,32,33,228.7591,-76.0649,0.1794,24,0.6000,0.5000,6,7,5,0,0,7,5,0.2857
4,140.0000,32,40,554.9990,-84.0630,0.9511,4,0.1000,1.0000,8,8,8,0,0,8,8,0.0000
4,140.0000,32,42,743.4498,-88.2969,0.3321,3,0.0750,1.0000,6,6,6,0,0,6,6,0.0000
4,140.0000,32,44,413.1239,-82.4625,0.7283,12,0.3000,0.8571,7,8,8,0,0,8,8,0.0000
4,140.0000,32,45,487.9924,-83.2886,1.0567,6,0.1500,1.0000,8,7,6,0,0,7,6,0.1429
4,140.0000,32,46,791.9956,-87.9074,0.5295,3,0.0750,0.8000,5,8,8,0,0,8,8,0.0000
4,140.0000,33,1,672.8355,-88.0455,-1.1356,3,0.0750,0.8750,8,8,8,0,0,8,8,0.0000
4,140.0000,33,2,803.2812,-87.4906,-0.8536,5,0.1250,1.0000,2,6,6,0,0,6,6,0.0000
4,140.0000,33,4,581.8798,-84.8405,-0.6658,15,0.3750,0.7143,7,7,6,0,0,7,6,0.1429
4,140.0000,33,6,413.9763,-82.2659,-0.0813,7,0.1750,0.8750,8,6,4,0,0,6,4,0.3333
4,140.0000,33,8,349.3636,-82.0162,0.8869,10,0.2500,0.8571,7,6,3,0,0,6,3,0.5000
4,140.0000,33,9,410.4110,-80.5386,-0.7932,22,0.5500,0.7143,7,5,1,0,0,5,1,0.8000
4,140.0000,33,11,697.1958,-85.8589,-0.4544,7,0.1750,1.0000,8,6,5,0,0,6,5,0.1667
4,140.0000,33,13,422.5798,-83.2896,0.6006,7,0.1750,0.8750,8,6,2,0,0,6,2,0.6667
4,140.0000,33,14,341.1788,-79.8370,0.1377,14,0.3500,0.8571,7,7,5,0,0,7,5,0.2857
4,140.0000,33,15,592.3002,-84.5682,0.1796,6,0.1500,1.0000,8,7,6,0,0,7,6,0.1429
4,140.0000,33,17,610.8019,-84.1001,0.2022,11,0.2750,0.8571,7,6,6,0,0,6,6,0.0000
4,140.0000,33,18,275.1026,-77.8110,0.0075,26,0.6500,0.4000,5,6,4,0,0,6,4,0.3333
4,140.0000,33,19,554.4490,-83.5521,1.2038,5,0.1250,0.7143,7,8,5,0,0,8,5,0.3750
4,140.0000,33,20,265.7470,-77.9953,-0.1707,24,0.6000,0.4000,5,5,2,0,0,5,2,0.6000
4,140.0000,33,21,445.5261,-80.1168,-1.3578,16,0.4000,0.5000,6,8,8,0,0,8,8,0.0000
4,140.0000,33,22,676.4036,-85.4173,1.0983,3,0.0750,0.6667,6,6,4,0,0,6,4,0.3333
4,140.0000,33,24,391.9208,-80.3464,-1.3137,19,0.4750,0.7500,8,7,6,0,0,7,6,0.1429
4,140.0000,33,25,555.7228,-85.2521,-1.6606,5,0.1250,1.0000,6,8,8,0,0,8,8,0.0000
4,140.0000,33,27,670.8359,-85.6185,-1.5335,4,0.1000,1.0000,6,7,6,0,0,7,6,0.1429
4,140.0000,33,28,578.3048,-85.1731,0.5966,12,0.3000,1.0000,8,8,8,0,0,8,8,0.0000
4,140.0000,33,30,776.5094,-86.8271,0.0265,11,0.2750,1.0000,6,5,4,0,0,5,4,0.2000
4,140.0000,33,31,381.3299,-80.8237,-0.1026,9,0.2250,0.8571,7,8,8,0,0,8,8,0.0000
4,140.0000,33,32,228.7591,-76.6378,0.3269,32,0.8000,0.2000,5,7,5,0,0,7,5,0.2857
4,140.0000,33,35,986.1019,-87.3346,-1.0744,3,0.0750,,0,4,4,0,0,4,4,0.0000
4,140.0000,33,37,642.7974,-85.8978,-1.6841,4,0.1000,1.0000,8,8,8,0,0,8,8,0.0000
4,140.0000,33,38,634.0667,-85.6502,-1.1405,4,0.1000,1.0000,8,7,6,0,0,7,6,0.1429
4,140.0000,33,39,644.3374,-85.1779,-0.3274,8,0.2000,1.0000,6,7,6,0,0,7,6,0.1429
4,140.0000,33,40,382.5809,-82.3540,-1.8709,8,0.2000,0.8750,8,8,7,0,0,8,7,0.1250
4,140.0000,33,42,554.9995,-84.2703,-0.6956,7,0.1750,0.8571,7,8,7,0,0,8,7,0.1250
4,140.0000,33,44,472.6207,-83.4675,0.2809,12,0.3000,1.0000,8,7,5,0,0,7,5,0.2857
4,140.0000,33,45,371.5586,-80.5888,-0.6884,11,0.2750,0.7143,7,7,5,0,0,7,5,0.2857
4,140.0000,33,46,738.7305,-86.4203,-0.5512,8,0.2000,0.6000,5,8,7,0,0,8,7,0.1250
4,140.0000,34,0,301.3188,-81.0020,0.9696,29,0.7250,0.0000,4,5,1,0,0,5,1,0.8000
4,140.0000,34,5,513.0137,-83.3237,-0.3021,14,0.3500,0.8571,7,6,4,0,0,6,4,0.3333
4,140.0000,34,10,410.8493,-80.2380,-0.5546,17,0.4250,0.5000,6,6,4,0,0,6,4,0.3333
4,140.0000,34,12,208.4005,-75.9990,0.6219,27,0.6750,0.0000,4,6,3,0,0,6,3,0.5000
4,140.0000,34,16,715.1048,-85.8428,-0.1638,4,0.1000,0.6000,5,2,2,0,0,2,2,0.0000
4,140.0000,34,23,658.7140,-84.0806,-1.1813,5,0.1250,0.6667,6,8,8,0,0,8,8,0.0000
4,140.0000,34,26,332.5232,-80.8944,0.0777,30,0.7500,0.7143,7,4,0,0,0,4,0,1.0000
4,140.0000,34,29,371.4931,-83.1764,0.7541,28,0.7000,0.5000,6,6,2,0,0,6,2,0.6667
4,140.0000,34,38,631.2995,-84.9178,-0.2423,3,0.0750,1.0000,8,8,8,0,0,8,8,0.0000
4,140.0000,34,41,459.5413,-81.2750,-1.3121,15,0.3750,0.7500,8,8,8,0,0,8,8,0.0000
4,140.0000,34,43,539.2644,-84.1476,0.9988,10,0.2500,0.8571,7,8,7,0,0,8,7,0.1250
4,140.0000,34,47,439.5456,-80.1768,-0.2065,14,0.3500,1.0000,8,8,8,0,0,8,8,0.0000
4,140.0000,35,2,390.9030,-81.6760,0.8836,15,0.3750,0.7143,7,6,3,0,0,6,3,0.5000
4,140.0000,35,4,740.4076,-84.7854,-0.5511,4,0.1000,1.0000,8,8,8,0,0,8,8,0.0000
4,140.0000,35,11,309.1832,-79.4190,0.7625,19,0.4750,0.5714,7,6,2,0,0,6,2,0.6667
4,140.0000,35,15,408.9528,-81.1622,-0.8792,9,0.2250,1.0000,8,6,3,0,0,6,3,0.5000
4,140.0000,35,17,538.1617,-82.3799,-0.3319,5,0.1250,1.0000,8,8,8,0,0,8,8,0.0000
4,140.0000,35,28,634.1981,-84.4241,0.0885,11,0.2750,0.8571,7,8,8,0,0,8,8,0.0000
4,140.0000,35,30,680.8742,-84.3466,0.2304,3,0.0750,0.8571,7,8,8,0,0,8,8,0.0000
4,140.0000,35,44,662.7493,-83.6000,1.7640,3,0.0750,0.8571,7,8,8,0,0,8,8,0.0000
4,140.0000,35,46,254.5931,-79.0714,1.0405,24,0.6000,0.7143,7,5,1,0,0,5,1,0.8000
4,140.0000,36,1,292.7869,-78.4378,0.4314,20,0.5000,0.8571,7,6,3,0,0,6,3,0.5000
4,140.0000,36,3,843.2841,-87.7529,-1.3125,4,0.1000,1.0000,8,8,7,0,0,8,7,0.1250
4,140.0000,36,5,586.6470,-84.6061,0.1480,15,0.3750,1.0000,8,4,4,0,0,4,4,0.0000
4,140.0000,36,6,739.5298,-86.2840,0.6507,5,0.1250,1.0000,8,8,8,0,0,8,8,0.0000
4,140.0000,36,7,145.2890,-71.8128,0.2816,36,0.9000,0.2857,7,5,2,0,0,5,2,0.6000
4,140.0000,36,10,420.8635,-84.0036,0.8179,11,0.2750,0.8750,8,6,2,0,0,6,2,0.6667
4,140.0000,36,12,835.1522,-86.8451,1.0050,5,0.1250,1.0000,2,6,6,0,0,6,6,0.0000
4,140.0000,36,16,276.2112,-80.6298,0.5971,24,0.6000,0.5000,6,5,1,0,0,5,1,0.8000
4,140.0000,36,18,837.6040,-88.1469,-1.0570,3,0.0750,1.0000,8,6,6,0,0,6,6,0.0000
4,140.0000,36,19,452.7151,-82.2235,0.2540,9,0.2250,1.0000,8,7,6,0,0,7,6,0.1429
4,140.0000,36,21,540.6456,-85.3207,1.0229,4,0.1000,1.0000,8,6,4,0,0,6,4,0.3333
4,140.0000,36,22,489.4372,-82.9539,0.8892,13,0.3250,1.0000,8,8,8,0,0,8,8,0.0000
4,140.0000,36,25,954.0901,-87.8707,-3.0337,3,0.0750,,0,4,4,0,0,4,4,0.0000
4,140.0000,36,26,923.7576,-88.2505,0.0681,3,0.0750,,0,4,4,0,0,4,4,0.0000
4,140.0000,36,27,695.1931,-87.5449,-0.9040,4,0.1000,0.8571,7,10,10,0,0,10,10,0.0000
4,140.0000,36,29,1101.8656,-89.8175,0.1060,3,0.0750,1.0000,2,2,2,0,0,2,2,0.0000
4,140.0000,36,32,836.8713,-87.4720,1.7581,3,0.0750,1.0000,6,8,8,0,0,8,8,0.0000
4,140.0000,36,33,864.1307,-86.8512,0.0548,4,0.1000,1.0000,6,8,8,0,0,8,8,0.0000
4,140.0000,36,34,796.5530,-87.3206,0.8430,5,0.1250,1.0000,4,8,8,0,0,8,8,0.0000
4,140.0000,36,37,738.9371,-86.0222,1.8212,4,0.1000,1.0000,10,8,8,0,0,8,8,0.0000
4,140.0000,36,38,585.7561,-84.8662,0.5707,6,0.1500,1.0000,8,8,8,0,0,8,8,0.0000
4,140.0000,36,40,704.4865,-86.2294,-1.0840,4,0.1000,1.0000,8,8,8,0,0,8,8,0.0000
4,140.0000,36,43,453.3373,-83.0893,0.5056,18,0.4500,0.8571,7,8,6,0,0,8,6,0.2500
4,140.0000,36,45,597.0354,-85.1441,8.1144,3,0.0750,1.0000,8,10,10,0,0,10,10,0.0000
4,140.0000,36,47,458.6419,-83.4478,-0.0091,12,0.3000,1.0000,8,6,4,0,0,6,4,0.3333
4,140.0000,37,1,448.1292,-81.3777,-0.6784,18,0.4500,0.8750,8,6,4,0,0,6,4,0.3333
4,140.0000,37,3,167.6467,-74.2585,0.3165,33,0.8250,0.0000,4,4,0,0,0,4,0,1.0000
4,140.0000,37,5,972.9029,-87.2445,-0.5064,4,0.1000,1.0000,8,2,2,0,0,2,2,0.0000
4,140.0000,37,6,306.2102,-77.4255,-0.8383,26,0.6500,0.4000,5,7,5,0,0,7,5,0.2857
4,140.0000,37,7,785.4714,-86.2730,-0.5489,11,0.2750,,0,4,4,0,0,4,4,0.0000
4,140.0000,37,8,554.5245,-84.8026,0.2984,8,0.2000,0.8889,9,6,6,0,0,6,6,0.0000
4,140.0000,37,10,713.0537,-85.3518,-0.3952,11,0.2750,1.0000,4,4,4,0,0,4,4,0.0000
4,140.0000,37,12,848.9888,-87.2301,0.2708,9,0.2250,1.0000,6,6,6,0,0,6,6,0.0000
4,140.0000,37,13,448.7478,-83.1279,-0.1591,14,0.3500,0.6000,5,8,8,0,0,8,8,0.0000
4,140.0000,37,14,643.0543,-85.6863,-1.9151,9,0.2250,1.0000,8,8,8,0,0,8,8,0.0000
4,140.0000,37,18,686.8449,-85.1367,-0.5515,6,0.1500,1.0000,8,8,7,0,0,8,7,0.1250
4,140.0000,37,19,311.0671,-78.3987,0.1410,25,0.6250,0.5000,6,8,7,0,0,8,7,0.1250
4,140.0000,37,20,542.8126,-84.9850,-0.4074,5,0.1250,0.8571,7,8,8,0,0,8,8,0.0000
4,140.0000,37,21,673.2542,-85.8208,0.4276,9,0.2250,0.9000,10,8,8,0,0,8,8,0.0000
4,140.0000,37,22,540.8849,-84.9114,-0.7503,15,0.3750,1.0000,8,8,7,0,0,8,7,0.1250
4,140.0000,37,23,486.4153,-84.2607,0.8568,14,0.3500,0.5000,4,7,6,0,0,7,6,0.1429
4,140.0000,37,24,894.8693,-87.7582,-2.1217,4,0.1000,1.0000,6,2,2,0,0,2,2,0.0000
4,140.0000,37,25,271.8757,-79.7854,1.0060,22,0.5500,0.7500,8,6,4,0,0,6,4,0.3333
4,140.0000,37,27,215.4087,-75.4316,-0.2365,32,0.8000,0.4000,5,6,2,0,0,6,2,0.6667
4,140.0000,37,29,1053.1422,-88.1068,-0.2879,3,0.0750,1.0000,2,2,2,0,0,2,2,0.0000
4,140.0000,37,31,268.5177,-76.8823,-0.7079,25,0.6250,0.5000,6,5,2,0,0,5,2,0.6000
4,140.0000,37,32,785.6827,-88.4144,-0.2608,5,0.1250,0.6667,3,6,5,0,0,6,5,0.1667
4,140.0000,37,33,642.7974,-86.6714,2.9681,5,0.1250,1.0000,8,8,8,0,0,8,8,0.0000
4,140.0000,37,34,695.2747,-86.0190,0.0908,10,0.2500,1.0000,2,8,8,0,0,8,8,0.0000
4,140.0000,37,36,738.9371,-86.1768,0.0057,11,0.2750,1.0000,8,8,8,0,0,8,8,0.0000
4,140.0000,37,38,170.9731,-71.8146,-0.0716,35,0.8750,0.0000,4,6,2,0,0,6,2,0.6667
4,140.0000,37,39,810.8770,-87.9088,-2.6257,4,0.1000,0.8000,5,8,8,0,0,8,8,0.0000
4,140.0000,37,40,367.6404,-79.8845,-0.6192,13,0.3250,1.0000,8,6,3,0,0,6,3,0.5000
4,140.0000,37,41,420.4689,-83.0902,0.2865,18,0.4500,1.0000,8,6,3,0,0,6,3,0.5000
4,140.0000,37,42,800.1304,-87.9755,0.5874,5,0.1250,1.0000,6,2,2,0,0,2,2,0.0000
4,140.0000,37,43,816.0023,-86.7408,-0.0658,7,0.1750,1.0000,4,6,6,0,0,6,6,0.0000
4,140.0000,37,45,483.9001,-83.0825,-0.0852,14,0.3500,1.0000,8,8,7,0,0,8,7,0.1250
4,140.0000,37,47,390.7516,-82.1268,0.1619,20,0.5000,0.7143,7,6,4,0,0,6,4,0.3333
4,140.0000,38,1,298.4940,-80.0685,0.5095,17,0.4250,0.5714,7,6,3,0,0,6,3,0.5000
4,140.0000,38,3,260.6958,-76.2918,-0.1204,28,0.7000,0.3333,6,5,1,0,0,5,1,0.8000
4,140.0000,38,5,838.5731,-87.3067,0.2728,3,0.0750,0.8750,8,4,4,0,0,4,4,0.0000
4,140.0000,38,6,356.0307,-79.9513,0.6860,15,0.3750,0.6667,6,7,6,0,0,7,6,0.1429
4,140.0000,38,7,650.0174,-85.0456,-0.6347,7,0.1750,1.0000,8,4,4,0,0,4,4,0.0000
4,140.0000,38,8,598.3084,-85.3664,0.1445,4,0.1000,0.8750,8,8,8,0,0,8,8,0.0000
4,140.0000,38,10,573.6645,-83.7826,-0.9041,9,0.2250,0.8000,5,8,8,0,0,8,8,0.0000
4,140.0000,38,13,554.9627,-85.8793,1.1144,5,0.1250,1.0000,8,7,6,0,0,7,6,0.1429
4,140.0000,38,14,712.7345,-87.5751,1.3153,4,0.1000,1.0000,8,8,8,0,0,8,8,0.0000
4,140.0000,38,18,688.4494,-86.6728,0.0200,3,0.0750,1.0000,8,8,7,0,0,8,7,0.1250
4,140.0000,38,19,188.7825,-76.6952,0.7033,23,0.5750,0.5000,6,4,0,0,0,4,0,1.0000
4,140.0000,38,20,599.6372,-83.6798,1.9527,4,0.1000,0.8750,8,7,5,0,0,7,5,0.2857
4,140.0000,38,21,553.8762,-84.3193,0.6923,8,0.2000,1.0000,8,6,4,0,0,6,4,0.3333
4,140.0000,38,22,386.1363,-81.3892,0.6131,11,0.2750,0.7143,7,6,4,0,0,6,4,0.3333
4,140.0000,38,23,507.4455,-82.0607,0.2525,15,0.3750,1.0000,8,8,6,0,0,8,6,0.2500
4,140.0000,38,25,405.3780,-81.8844,0.2979,11,0.2750,0.8571,7,8,8,0,0,8,8,0.0000
4,140.0000,38,27,158.4780,-73.7555,0.0041,31,0.7750,0.2000,5,4,1,0,0,4,1,0.7500
4,140.0000,38,31,272.5290,-79.1015,1.4921,15,0.3750,0.8750,8,5,2,0,0,5,2,0.6000
4,140.0000,38,33,634.0667,-85.4478,1.5407,4,0.1000,1.0000,8,8,8,0,0,8,8,0.0000
4,140.0000,38,34,631.2995,-82.9078,-0.2292,11,0.2750,0.8750,8,8,8,0,0,8,8,0.0000
4,140.0000,38,36,585.7561,-84.3324,-0.8406,8,0.2000,0.8750,8,8,7,0,0,8,7,0.1250
4,140.0000,38,37,170.9731,-72.1529,-0.4566,35,0.8750,0.4000,5,6,2,0,0,6,2,0.6667
4,140.0000,38,40,320.0005,-80.2469,0.1565,12,0.3000,0.7143,7,7,6,0,0,7,6,0.1429
4,140.0000,38,41,435.4436,-81.8021,-0.0838,17,0.4250,0.7143,7,7,6,0,0,7,6,0.1429
4,140.0000,38,42,890.4918,-88.6566,-0.5955,3,0.0750,1.0000,8,4,3,0,0,4,3,0.2500
4,140.0000,38,43,658.5719,-85.7505,-0.8370,7,0.1750,1.0000,6,4,4,0,0,4,4,0.0000
4,140.0000,38,45,387.7848,-82.4172,1.5575,11,0.2750,0.8571,7,6,4,0,0,6,4,0.3333
4,140.0000,38,47,256.1879,-77.5372,0.2357,28,0.7000,0.5714,7,5,1,0,0,5,1,0.8000
4,140.0000,39,2,585.7414,-83.8580,0.0429,21,0.5250,1.0000,8,8,7,0,0,8,7,0.1250
4,140.0000,39,3,777.9612,-88.9767,0.5933,3,0.0750,0.8571,7,8,8,0,0,8,8,0.0000
4,140.0000,39,4,836.8723,-86.6116,-0.5412,4,0.1000,1.0000,8,4,4,0,0,4,4,0.0000
4,140.0000,39,6,671.2318,-85.8239,0.0528,5,0.1250,1.0000,8,8,8,0,0,8,8,0.0000
4,140.0000,39,8,485.4748,-83.6617,0.5470,6,0.1500,0.8571,7,8,7,0,0,8,7,0.1250
4,140.0000,39,9,939.3585,-88.9725,0.0654,4,0.1000,1.0000,4,8,8,0,0,8,8,0.0000
4,140.0000,39,11,399.9116,-80.4716,-0.5741,22,0.5500,0.4000,5,7,6,0,0,7,6,0.1429
4,140.0000,39,13,384.2677,-80.1614,0.3577,12,0.3000,1.0000,8,7,6,0,0,7,6,0.1429
4,140.0000,39,14,422.3853,-82.8083,0.0792,11,0.2750,1.0000,8,8,8,0,0,8,8,0.0000
4,140.0000,39,15,514.3876,-82.9194,-1.8299,15,0.3750,0.8750,8,7,6,0,0,7,6,0.1429
4,140.0000,39,17,441.0223,-81.4432,-0.5460,18,0.4500,0.6667,6,7,6,0,0,7,6,0.1429
4,140.0000,39,18,716.7071,-86.6680,0.4074,3,0.0750,1.0000,8,8,8,0,0,8,8,0.0000
4,140.0000,39,19,959.5916,-89.0912,-0.0295,4,0.1000,1.0000,8,8,8,0,0,8,8,0.0000
4,140.0000,39,20,419.3031,-83.5029,0.8468,10,0.2500,1.0000,8,7,6,0,0,7,6,0.1429
4,140.0000,39,22,1139.4301,-88.5232,-1.1036,3,0.0750,1.0000,6,4,4,0,0,4,4,0.0000
4,140.0000,39,24,941.1210,-88.1026,0.1048,3,0.0750,1.0000,2,2,2,0,0,2,2,0.0000
4,140.0000,39,25,552.5260,-84.8927,0.3161,6,0.1500,0.8571,7,8,8,0,0,8,8,0.0000
4,140.0000,39,28,783.1460,-86.6987,-0.8094,7,0.1750,0.8571,7,8,7,0,0,8,7,0.1250
4,140.0000,39,31,712.5292,-85.0130,0.4708,3,0.0750,1.0000,8,8,8,0,0,8,8,0.0000
4,140.0000,39,33,644.3374,-85.0708,0.1720,5,0.1250,1.0000,8,8,8,0,0,8,8,0.0000
4,140.0000,39,35,665.8380,-85.0472,-0.2149,14,0.3500,1.0000,4,6,5,0,0,6,5,0.1667
4,140.0000,39,42,214.2012,-76.8979,1.0298,29,0.7250,0.3333,6,6,2,0,0,6,2,0.6667
4,140.0000,39,44,713.3188,-86.3080,-1.0146,6,0.1500,0.8571,7,8,8,0,0,8,8,0.0000
4,140.0000,39,46,473.5828,-81.5638,-1.3694,20,0.5000,0.7143,7,8,8,0,0,8,8,0.0000
4,140.0000,40,1,455.1368,-82.2032,0.7492,10,0.2500,1.0000,8,6,4,0,0,6,4,0.3333
4,140.0000,40,3,352.0902,-80.1579,-0.1503,19,0.4750,0.7143,7,6,4,0,0,6,4,0.3333
4,140.0000,40,5,1070.7451,-88.5401,-3.4838,3,0.0750,1.0000,4,4,4,0,0,4,4,0.0000
4,140.0000,40,6,352.6268,-79.8556,-0.0875,20,0.5000,0.5714,7,6,2,0,0,6,2,0.6667
4,140.0000,40,7,776.7226,-85.5324,1.2108,3,0.0750,1.0000,2,4,4,0,0,4,4,0.0000
4,140.0000,40,8,335.7889,-78.8123,-0.0840,22,0.5500,0.7500,8,7,3,0,0,7,3,0.5714
4,140.0000,40,9,748.6594,-85.8229,-2.2733,6,0.1500,0.8571,7,8,8,0,0,8,8,0.0000
4,140.0000,40,10,810.7655,-87.3583,-0.5841,4,0.1000,,0,4,3,0,0,4,3,0.2500
4,140.0000,40,13,441.1268,-81.8500,-0.3110,11,0.2750,0.8571,7,8,8,0,0,8,8,0.0000
4,140.0000,40,14,565.1578,-84.0239,-0.0367,10,0.2500,1.0000,8,8,8,0,0,8,8,0.0000
4,140.0000,40,15,924.3567,-86.8418,-1.1777,6,0.1500,1.0000,6,8,8,0,0,8,8,0.0000
4,140.0000,40,16,896.2882,-88.3189,1.3451,3,0.0750,1.0000,6,2,2,0,0,2,2,0.0000
4,140.0000,40,17,868.4415,-87.4506,1.3448,4,0.1000,1.0000,8,4,4,0,0,4,4,0.0000
4,140.0000,40,18,550.0131,-83.6894,-0.6687,7,0.1750,0.5714,7,8,6,0,0,8,6,0.2500
4,140.0000,40,19,329.5231,-79.8873,0.6537,16,0.4000,0.7143,7,6,3,0,0,6,3,0.5000
4,140.0000,40,20,376.0616,-78.8340,-0.3014,17,0.4250,0.5000,6,6,4,0,0,6,4,0.3333
4,140.0000,40,21,377.8850,-81.5075,0.4735,12,0.3000,0.7500,8,8,6,0,0,8,6,0.2500
4,140.0000,40,22,371.8946,-81.4449,-0.6199,9,0.2250,0.8571,7,5,1,0,0,5,1,0.8000
4,140.0000,40,23,595.7246,-85.2020,-0.4165,10,0.2500,0.8333,6,2,0,0,0,2,0,1.0000
4,140.0000,40,24,688.4561,-86.2206,0.0756,6,0.1500,1.0000,6,7,6,0,0,7,6,0.1429
4,140.0000,40,25,378.6349,-80.7060,0.1903,13,0.3250,0.6667,6,7,5,0,0,7,5,0.2857
4,140.0000,40,27,306.2220,-78.2290,-0.8648,22,0.5500,0.6719,128,6,4,128,94,134,98,0.2687
4,140.0000,40,31,210.7844,-75.7028,-0.5596,25,0.6250,0.0000,4,6,4,0,0,6,4,0.3333
4,140.0000,40,32,554.9990,-84.9345,0.0884,7,0.1750,0.8750,8,7,6,0,0,7,6,0.1429
4,140.0000,40,33,382.5809,-81.5031,-0.3243,12,0.3000,0.8750,8,6,4,0,0,6,4,0.3333
4,140.0000,40,36,704.4865,-86.3818,0.0162,7,0.1750,1.0000,8,6,5,0,0,6,5,0.1667
4,140.0000,40,37,367.6404,-80.2611,-0.5653,15,0.3750,0.5714,7,6,4,0,0,6,4,0.3333
4,140.0000,40,38,320.0005,-80.5150,0.6797,15,0.3750,0.8750,8,6,4,0,0,6,4,0.3333
4,140.0000,40,39,768.2298,-86.1229,1.9161,4,0.1000,1.0000,8,8,8,0,0,8,8,0.0000
4,140.0000,40,41,642.7483,-86.0406,-0.2732,4,0.1000,1.0000,8,8,8,0,0,8,8,0.0000
4,140.0000,40,42,671.5551,-83.8523,-0.4844,7,0.1750,1.0000,8,2,2,0,0,2,2,0.0000
4,140.0000,40,45,168.8149,-74.1940,0.5752,33,0.8250,0.0000,4,5,1,0,0,5,1,0.8000
4,140.0000,40,46,1035.7870,-88.4735,-0.5580,5,0.1250,1.0000,2,6,6,0,0,6,6,0.0000
4,140.0000,40,47,535.8086,-83.6039,2.5966,6,0.1500,1.0000,8,6,3,0,0,6,3,0.5000
4,140.0000,41,0,683.9989,-86.2135,0.3514,12,0.3000,1.0000,8,7,5,0,0,7,5,0.2857
4,140.0000,41,1,674.8804,-87.7288,1.4601,4,0.1000,1.0000,8,8,8,0,0,8,8,0.0000
4,140.0000,41,3,359.1330,-80.9127,1.4090,12,0.3000,0.8571,7,8,8,0,0,8,8,0.0000
4,140.0000,41,5,887.4627,-87.7815,0.4455,6,0.1500,1.0000,6,4,4,0,0,4,4,0.0000
4,140.0000,41,6,724.6893,-87.1789,0.9581,3,0.0750,1.0000,8,8,8,0,0,8,8,0.0000
4,140.0000,41,7,994.2108,-88.6508,-0.1641,5,0.1250,1.0000,4,4,4,0,0,4,4,0.0000
4,140.0000,41,10,679.4397,-86.0354,0.4353,8,0.2000,1.0000,8,8,8,0,0,8,8,0.0000
4,140.0000,41,12,584.8626,-83.9900,-0.2130,15,0.3750,1.0000,8,8,7,0,0,8,7,0.1250
4,140.0000,41,19,618.6492,-86.1333,0.8530,5,0.1250,1.0000,8,8,8,0,0,8,8,0.0000
4,140.0000,41,22,638.7349,-86.7420,-0.0535,4,0.1000,1.0000,8,5,4,0,0,5,4,0.2000
4,140.0000,41,23,228.3154,-76.4422,-0.5166,30,0.7500,0.2000,5,4,0,0,0,4,0,1.0000
4,140.0000,41,25,576.4699,-85.1127,1.1427,4,0.1000,1.0000,8,8,8,0,0,8,8,0.0000
4,140.0000,41,26,763.2966,-85.6556,-0.6725,8,0.2000,1.0000,8,8,8,0,0,8,8,0.0000
4,140.0000,41,27,344.2788,-81.4086,1.1676,10,0.2500,0.8571,7,7,5,0,0,7,5,0.2857
4,140.0000,41,31,655.5517,-86.7486,2.5128,3,0.0750,1.0000,8,8,8,0,0,8,8,0.0000
4,140.0000,41,34,459.5413,-80.9934,-0.8448,19,0.4750,0.4000,5,6,4,0,0,6,4,0.3333
4,140.0000,41,37,420.4689,-83.0480,0.0380,6,0.1500,0.8571,7,8,8,0,0,8,8,0.0000
4,140.0000,41,38,435.4436,-82.2517,-1.0581,10,0.2500,0.8571,7,8,7,0,0,8,7,0.1250
4,140.0000,41,40,642.7483,-88.0779,-1.0261,3,0.0750,1.0000,8,10,10,0,0,10,10,0.0000
4,140.0000,41,43,755.3041,-87.2051,-0.4859,4,0.1000,1.0000,2,7,6,0,0,7,6,0.1429
4,140.0000,41,45,750.4746,-88.3471,-1.0769,3,0.0750,1.0000,8,8,8,0,0,8,8,0.0000
4,140.0000,41,47,460.5375,-82.0761,1.0449,10,0.2500,1.0000,8,6,6,0,0,6,6,0.0000
4,140.0000,42,1,1079.8752,-88.8749,0.2391,3,0.0732,1.0000,4,4,4,0,0,4,4,0.0000
4,140.0000,42,2,538.8088,-82.9412,0.5036,17,0.4146,0.6667,6,7,6,0,0,7,6,0.1429
4,140.0000,42,3,740.8888,-87.5578,-2.4864,4,0.0976,1.0000,8,8,8,0,0,8,8,0.0000
4,140.0000,42,4,743.9658,-87.2904,-0.1959,10,0.2439,0.8571,7,8,7,0,0,8,7,0.1250
4,140.0000,42,6,675.9442,-86.0844,0.8156,4,0.0976,0.8571,7,8,8,0,0,8,8,0.0000
4,140.0000,42,8,345.5286,-78.6448,-0.8300,17,0.4146,0.8571,7,8,8,0,0,8,8,0.0000
4,140.0000,42,9,852.4325,-87.0601,-0.1491,9,0.2195,1.0000,8,8,8,0,0,8,8,0.0000
4,140.0000,42,11,463.0659,-82.3698,0.4772,21,0.5122,0.7143,7,8,6,0,0,8,6,0.2500
4,140.0000,42,13,402.0207,-81.0063,-0.0968,15,0.3659,1.0000,8,7,6,0,0,7,6,0.1429
4,140.0000,42,14,456.6139,-82.8405,0.6455,15,0.3659,1.0000,8,8,8,0,0,8,8,0.0000
4,140.0000,42,15,542.2207,-84.9014,0.0058,15,0.3659,0.6667,6,8,8,0,0,8,8,0.0000
4,140.0000,42,17,340.9708,-80.3513,0.0076,26,0.6341,0.5714,7,5,2,0,0,5,2,0.6000
4,140.0000,42,18,705.8675,-87.1223,-1.5969,9,0.2195,1.0000,8,8,8,0,0,8,8,0.0000
4,140.0000,42,19,921.6988,-87.5863,-0.5983,4,0.0976,1.0000,8,8,8,0,0,8,8,0.0000
4,140.0000,42,20,341.6709,-80.4216,1.0367,18,0.4390,1.0000,8,7,6,0,0,7,6,0.1429
4,140.0000,42,24,895.5755,-88.4475,0.4429,6,0.1463,1.0000,4,4,4,0,0,4,4,0.0000
4,140.0000,42,25,543.8826,-82.8093,-1.4880,8,0.1951,1.0000,8,8,8,0,0,8,8,0.0000
4,140.0000,42,27,856.2019,-87.5854,0.3126,5,0.1220,1.0000,8,4,4,0,0,4,4,0.0000
4,140.0000,42,28,758.0589,-86.4537,0.1906,7,0.1707,1.0000,8,8,8,0,0,8,8,0.0000
4,140.0000,42,30,913.1381,-88.3030,-0.7598,3,0.0732,1.0000,2,2,2,0,0,2,2,0.0000
4,140.0000,42,31,674.5176,-85.1020,-2.7001,4,0.0976,1.0000,8,8,8,0,0,8,8,0.0000
4,140.0000,42,32,743.4498,-86.5498,-0.2729,9,0.2195,1.0000,4,5,4,0,0,5,4,0.2000
4,140.0000,42,33,554.9995,-84.7352,-0.0106,8,0.1951,1.0000,8,8,7,0,0,8,7,0.1250
4,140.0000,42,35,741.6094,-86.5651,-0.1528,7,0.1707,0.7500,4,6,6,0,0,6,6,0.0000
4,140.0000,42,37,800.1304,-86.0685,-3.0659,4,0.0976,1.0000,8,7,6,0,0,7,6,0.1429
4,140.0000,42,38,890.4918,-87.1533,-0.5369,3,0.0732,0.8571,7,8,8,0,0,8,8,0.0000
4,140.0000,42,39,214.2012,-76.5595,0.3573,37,0.9024,0.4286,7,5,1,4,1,9,2,0.7778
4,140.0000,42,40,671.5551,-84.9006,1.1994,8,0.1951,1.0000,8,8,8,0,0,8,8,0.0000
4,140.0000,42,44,668.5712,-86.2134,-0.3917,11,0.2683,1.0000,10,8,8,0,0,8,8,0.0000
4,140.0000,42,45,783.0954,-87.2329,0.2057,6,0.1463,1.0000,8,8,8,0,0,8,8,0.0000
4,140.0000,42,46,517.4569,-83.8824,0.5913,20,0.4878,0.5714,7,8,7,0,0,8,7,0.1250
4,140.0000,43,0,501.1421,-82.3426,-0.4578,21,0.5250,0.5000,6,7,6,0,0,7,6,0.1429
4,140.0000,43,1,519.6438,-84.7230,0.7340,5,0.1250,1.0000,8,8,8,0,0,8,8,0.0000
4,140.0000,43,5,315.6697,-78.1336,-0.8856,34,0.8500,0.2000,5,7,5,0,0,7,5,0.2857
4,140.0000,43,7,576.6747,-84.3831,1.4292,8,0.2000,1.0000,8,8,8,0,0,8,8,0.0000
4,140.0000,43,10,221.7124,-77.1096,0.0235,26,0.6500,0.7143,7,5,1,0,0,5,1,0.8000
4,140.0000,43,12,474.1468,-83.2231,-0.5716,14,0.3500,0.8571,7,7,5,0,0,7,5,0.2857
4,140.0000,43,16,291.2696,-78.8634,-0.3092,27,0.6750,0.3333,6,5,1,0,0,5,1,0.8000
4,140.0000,43,22,489.9728,-82.3887,-0.9157,5,0.1250,1.0000,8,8,7,0,0,8,7,0.1250
4,140.0000,43,23,855.8306,-86.6171,-0.6687,3,0.0750,1.0000,2,6,6,0,0,6,6,0.0000
4,140.0000,43,26,568.6542,-85.0553,0.3718,19,0.4750,1.0000,8,8,8,0,0,8,8,0.0000
4,140.0000,43,27,686.0717,-84.9166,0.1528,4,0.1000,1.0000,8,7,6,0,0,7,6,0.1429
4,140.0000,43,29,783.6412,-86.4420,-0.5554,4,0.1000,1.0000,8,8,7,0,0,8,7,0.1250
4,140.0000,43,34,539.2644,-84.6388,-0.4224,10,0.2500,0.8750,8,7,6,0,0,7,6,0.1429
4,140.0000,43,36,453.3373,-83.8274,0.4491,8,0.2000,0.7143,7,7,6,0,0,7,6,0.1429
4,140.0000,43,47,445.7550,-83.7241,1.7742,5,0.1250,1.0000,8,5,2,0,0,5,2,0.6000
4,140.0000,44,2,539.9695,-83.6247,0.6109,15,0.3750,0.8333,6,7,5,0,0,7,5,0.2857
4,140.0000,44,4,232.9994,-76.2616,-0.2292,37,0.9250,0.0000,4,6,3,0,0,6,3,0.5000
4,140.0000,44,6,794.6348,-87.3637,0.1445,5,0.1250,1.0000,10,6,6,0,0,6,6,0.0000
4,140.0000,44,8,699.8796,-86.5642,-0.1910,4,0.1000,1.0000,8,8,8,0,0,8,8,0.0000
4,140.0000,44,9,355.8808,-80.1165,0.5965,18,0.4500,0.8571,7,8,4,0,0,8,4,0.5000
4,140.0000,44,11,479.8810,-83.5244,1.5630,11,0.2750,0.8571,7,7,6,0,0,7,6,0.1429
4,140.0000,44,13,719.2803,-88.0465,4.6919,3,0.0750,1.0000,8,8,8,0,0,8,8,0.0000
4,140.0000,44,14,493.0560,-86.1443,0.6698,8,0.2000,0.4000,5,8,8,0,0,8,8,0.0000
4,140.0000,44,15,296.7895,-78.8195,0.0301,28,0.7000,0.5000,6,7,5,0,0,7,5,0.2857
4,140.0000,44,17,476.8456,-83.5034,-0.4355,14,0.3500,1.0000,8,8,8,0,0,8,8,0.0000
4,140.0000,44,18,469.4280,-83.4470,0.3508,9,0.2250,1.0000,6,6,4,0,0,6,4,0.3333
4,140.0000,44,20,591.1141,-85.3762,0.1171,6,0.1500,1.0000,8,8,7,0,0,8,7,0.1250
4,140.0000,44,24,463.6463,-84.1693,0.1732,9,0.2250,1.0000,8,6,2,0,0,6,2,0.6667
4,140.0000,44,25,932.3901,-89.2104,-0.5426,3,0.0750,1.0000,6,8,8,0,0,8,8,0.0000
4,140.0000,44,28,115.4656,-69.2577,-0.0899,37,0.9250,0.2000,5,4,0,0,0,4,0,1.0000
4,140.0000,44,30,322.5221,-80.2706,-0.3186,35,0.8750,0.2000,5,7,5,0,0,7,5,0.2857
4,140.0000,44,31,820.4444,-87.2105,-0.1023,5,0.1250,1.0000,8,6,6,0,0,6,6,0.0000
4,140.0000,44,32,413.1239,-82.6283,0.3739,11,0.2750,1.0000,8,7,6,0,0,7,6,0.1429
4,140.0000,44,33,472.6207,-84.7525,2.2282,8,0.2000,1.0000,10,6,6,0,0,6,6,0.0000
4,140.0000,44,35,662.7493,-84.7791,-0.5491,12,0.3000,1.0000,6,8,8,0,0,8,8,0.0000
4,140.0000,44,39,713.3188,-86.6020,-0.0545,6,0.1500,1.0000,8,8,8,0,0,8,8,0.0000
4,140.0000,44,40,852.1427,-89.1618,0.0266,5,0.1250,1.0000,2,8,8,0,0,8,8,0.0000
4,140.0000,44,42,668.5712,-86.6890,0.3184,6,0.1500,0.8571,7,6,5,0,0,6,5,0.1667
4,140.0000,44,46,471.3737,-83.1204,0.0514,15,0.3750,0.7500,8,7,6,0,0,7,6,0.1429
4,140.0000,45,1,398.7214,-82.9755,0.5496,11,0.2750,0.4000,5,7,6,0,0,7,6,0.1429
4,140.0000,45,2,1139.1630,-88.9152,-0.5454,3,0.0750,,0,4,4,0,0,4,4,0.0000
4,140.0000,45,3,499.7740,-83.3300,-0.3382,12,0.3000,0.8750,8,6,4,0,0,6,4,0.3333
4,140.0000,45,4,912.1574,-89.2678,-0.5522,3,0.0750,0.7143,7,4,4,0,0,4,4,0.0000
4,140.0000,45,6,424.1411,-81.5814,-0.3277,15,0.3750,0.8571,7,8,8,0,0,8,8,0.0000
4,140.0000,45,7,672.7477,-86.4946,2.4192,5,0.1250,1.0000,6,6,6,0,0,6,6,0.0000
4,140.0000,45,8,451.0378,-82.9615,1.2346,16,0.4000,0.8571,7,8,7,0,0,8,7,0.1250
4,140.0000,45,9,663.3140,-85.0110,0.0829,9,0.2250,1.0000,8,8,6,0,0,8,6,0.2500
4,140.0000,45,10,773.8821,-87.8514,0.3306,5,0.1250,,0,4,4,0,0,4,4,0.0000
4,140.0000,45,12,1028.4238,-88.6368,-1.2838,4,0.1000,1.0000,2,8,8,0,0,8,8,0.0000
4,140.0000,45,13,564.2469,-84.6254,1.3337,10,0.2500,1.0000,8,6,4,0,0,6,4,0.3333
4,140.0000,45,14,625.9250,-84.6072,-0.6061,8,0.2000,0.7500,8,8,8,0,0,8,8,0.0000
4,140.0000,45,15,958.4396,-88.5430,-0.0398,7,0.1750,1.0000,6,8,8,0,0,8,8,0.0000
4,140.0000,45,17,927.0406,-87.3310,-0.4436,6,0.1500,1.0000,8,2,2,0,0,2,2,0.0000
4,140.0000,45,18,526.1559,-84.3801,0.4118,11,0.2750,0.7500,8,6,6,0,0,6,6,0.0000
4,140.0000,45,19,320.7275,-79.7928,0.2089,17,0.4250,0.8571,7,6,4,0,0,6,4,0.3333
4,140.0000,45,20,471.6375,-82.5072,0.7981,12,0.3000,0.8571,7,7,6,0,0,7,6,0.1429
4,140.0000,45,21,210.0136,-76.2998,0.0975,36,0.9000,0.3333,6,4,0,0,0,4,0,1.0000
4,140.0000,45,22,304.8537,-81.6859,0.3873,20,0.5000,0.6667,6,6,2,0,0,6,2,0.6667
4,140.0000,45,23,720.0723,-86.6828,-2.2396,8,0.2000,1.0000,8,5,4,0,0,5,4,0.2000
4,140.0000,45,24,600.1000,-85.4297,-0.0853,11,0.2750,1.0000,8,8,8,0,0,8,8,0.0000
4,140.0000,45,25,536.2262,-84.1574,-0.0758,12,0.3000,0.7143,7,7,6,0,0,7,6,0.1429
4,140.0000,45,27,409.8141,-81.4949,-1.3078,16,0.4000,0.4000,5,7,5,0,0,7,5,0.2857
4,140.0000,45,28,937.9399,-88.4123,-0.3538,5,0.1250,1.0000,6,6,5,0,0,6,5,0.1667
4,140.0000,45,31,294.9159,-79.1932,0.4814,21,0.5250,0.8571,7,7,5,0,0,7,5,0.2857
4,140.0000,45,32,487.9924,-82.9687,0.2122,14,0.3500,0.8571,7,8,6,0,0,8,6,0.2500
4,140.0000,45,33,371.5586,-80.8252,0.0255,17,0.4250,0.8571,7,6,4,0,0,6,4,0.3333
4,140.0000,45,34,954.3135,-87.5346,-2.2346,4,0.1000,1.0000,6,4,4,0,0,4,4,0.0000
4,140.0000,45,36,597.0354,-84.5882,0.1395,7,0.1750,1.0000,8,7,6,0,0,7,6,0.1429
4,140.0000,45,37,483.9001,-82.5875,0.9077,14,0.3500,0.6667,6,8,6,0,0,8,6,0.2500
4,140.0000,45,38,387.7848,-82.1633,-0.0257,9,0.2250,1.0000,8,6,5,0,0,6,5,0.1667
4,140.0000,45,39,886.8115,-88.3713,-1.2751,4,0.1000,1.0000,4,4,4,0,0,4,4,0.0000
4,140.0000,45,40,168.8149,-74.2759,0.3953,29,0.7250,0.3333,6,4,0,0,0,4,0,1.0000
4,140.0000,45,41,750.4746,-86.9071,-0.5541,5,0.1250,1.0000,8,8,8,0,0,8,8,0.0000
4,140.0000,45,42,783.0954,-85.7843,-1.1096,8,0.2000,1.0000,8,3,2,0,0,3,2,0.3333
4,140.0000,45,43,766.1272,-87.6728,-1.3966,4,0.1000,1.0000,2,8,7,0,0,8,7,0.1250
4,140.0000,45,44,834.7567,-87.3761,0.0805,6,0.1500,1.0000,6,4,4,0,0,4,4,0.0000
4,140.0000,45,47,545.1258,-84.6537,0.6515,9,0.2250,0.7143,7,6,4,0,0,6,4,0.3333
4,140.0000,46,2,269.7712,-78.4248,0.2641,33,0.8250,0.4000,5,6,2,0,0,6,2,0.6667
4,140.0000,46,4,568.5317,-84.4403,-0.5068,12,0.3000,1.0000,8,8,8,0,0,8,8,0.0000
4,140.0000,46,9,813.9256,-86.1980,-0.4111,8,0.2000,1.0000,8,8,8,0,0,8,8,0.0000
4,140.0000,46,11,83.5880,-63.1542,-1.9318,38,0.9500,0.0000,4,4,0,0,0,4,0,1.0000
4,140.0000,46,13,721.9697,-85.5204,-0.6288,4,0.1000,1.0000,8,7,6,0,0,7,6,0.1429
4,140.0000,46,14,560.7430,-84.5728,0.8412,6,0.1500,0.8889,9,7,6,0,0,7,6,0.1429
4,140.0000,46,15,203.5427,-76.4806,0.4781,32,0.8000,0.0000,4,4,0,0,0,4,0,1.0000
4,140.0000,46,17,319.4173,-79.8748,-0.3985,28,0.7000,0.4000,5,6,3,0,0,6,3,0.5000
4,140.0000,46,18,753.8898,-84.5601,0.2609,6,0.1500,1.0000,8,6,6,0,0,6,6,0.0000
4,140.0000,46,20,667.9001,-86.3552,-0.3762,5,0.1250,0.8571,7,8,8,0,0,8,8,0.0000
4,140.0000,46,28,481.0097,-83.9597,0.3604,20,0.5000,0.8750,8,8,8,0,0,8,8,0.0000
4,140.0000,46,30,587.4360,-85.2305,1.0513,15,0.3750,1.0000,8,6,6,0,0,6,6,0.0000
4,140.0000,46,32,791.9956,-89.0286,0.3148,3,0.0750,1.0000,4,8,8,0,0,8,8,0.0000
4,140.0000,46,33,738.7305,-85.6236,0.2226,5,0.1250,1.0000,8,8,8,0,0,8,8,0.0000
4,140.0000,46,35,254.5931,-78.7559,1.1783,34,0.8500,0.2000,5,4,0,0,0,4,0,1.0000
4,140.0000,46,39,473.5828,-80.6964,-0.5050,22,0.5500,0.2000,5,8,8,0,0,8,8,0.0000
4,140.0000,46,42,517.4569,-84.3423,0.1572,15,0.3750,0.5000,6,8,8,0,0,8,8,0.0000
4,140.0000,46,44,471.3737,-83.3849,0.1472,16,0.4000,1.0000,8,5,2,0,0,5,2,0.6000
4,140.0000,47,0,641.7011,-83.8866,-0.6258,16,0.4000,0.8571,7,6,6,0,0,6,6,0.0000
4,140.0000,47,1,259.0736,-79.3897,1.4370,20,0.5000,0.5000,6,4,0,0,0,4,0,1.0000
4,140.0000,47,3,476.3607,-83.1638,-1.0473,17,0.4250,0.8571,7,8,8,0,0,8,8,0.0000
4,140.0000,47,5,585.2374,-83.5867,-0.8543,16,0.4000,0.8571,7,4,4,0,0,4,4,0.0000
4,140.0000,47,6,572.9656,-86.0673,0.0454,8,0.2000,1.0000,8,7,6,0,0,7,6,0.1429
4,140.0000,47,7,535.6669,-83.0971,-0.6694,16,0.4000,0.8571,7,8,8,0,0,8,8,0.0000
4,140.0000,47,8,844.5117,-88.7144,0.3280,4,0.1000,1.0000,6,6,6,0,0,6,6,0.0000
4,140.0000,47,10,322.6840,-79.0057,-0.3786,29,0.7250,0.3333,6,6,4,0,0,6,4,0.3333
4,140.0000,47,12,551.6638,-83.4201,-1.3698,24,0.6000,0.5000,6,7,5,0,0,7,5,0.2857
4,140.0000,47,13,805.1175,-88.5257,-0.1689,3,0.0750,1.0000,2,6,6,0,0,6,6,0.0000
4,140.0000,47,16,530.6316,-83.8593,-0.1824,18,0.4500,1.0000,8,4,4,0,0,4,4,0.0000
4,140.0000,47,18,869.0381,-87.0662,-1.4507,4,0.1000,1.0000,4,8,8,0,0,8,8,0.0000
4,140.0000,47,19,303.3471,-81.0405,0.8992,15,0.3750,0.6667,6,6,3,0,0,6,3,0.5000
4,140.0000,47,20,848.1486,-87.5888,-0.5855,4,0.1000,1.0000,8,8,8,0,0,8,8,0.0000
4,140.0000,47,21,646.1681,-88.2288,0.2893,7,0.1750,0.8000,5,7,6,0,0,7,6,0.1429
4,140.0000,47,22,402.2358,-82.0664,0.5102,17,0.4250,0.7143,7,8,7,0,0,8,7,0.1250
4,140.0000,47,23,599.7876,-84.2205,-1.4870,13,0.3250,1.0000,8,7,6,0,0,7,6,0.1429
4,140.0000,47,25,652.6625,-85.5004,-1.3256,4,0.1000,1.0000,8,8,8,0,0,8,8,0.0000
4,140.0000,47,26,697.9476,-85.9726,-1.0439,19,0.4750,1.0000,8,5,4,0,0,5,4,0.2000
4,140.0000,47,27,337.2082,-80.9506,-0.0378,15,0.3750,0.6250,8,7,3,0,0,7,3,0.5714
4,140.0000,47,29,805.1017,-86.9747,-0.3296,7,0.1750,1.0000,6,6,6,0,0,6,6,0.0000
4,140.0000,47,31,506.6805,-84.1143,0.0938,8,0.2000,0.8571,7,7,6,0,0,7,6,0.1429
4,140.0000,47,32,925.2860,-88.3474,-2.0108,3,0.0750,1.0000,4,4,4,0,0,4,4,0.0000
4,140.0000,47,33,843.3913,-88.5111,0.1293,4,0.1000,1.0000,4,8,8,0,0,8,8,0.0000
4,140.0000,47,34,439.5456,-80.7444,-0.7885,29,0.7250,0.5000,6,6,3,0,0,6,3,0.5000
4,140.0000,47,36,458.6419,-83.3412,-0.4632,16,0.4000,1.0000,8,7,5,0,0,7,5,0.2857
4,140.0000,47,37,390.7516,-81.0156,-0.0996,16,0.4000,1.0000,8,6,3,0,0,6,3,0.5000
4,140.0000,47,38,256.1879,-77.9852,-0.0133,23,0.5750,0.5000,6,5,2,0,0,5,2,0.6000
4,140.0000,47,40,535.8086,-84.9842,0.9225,9,0.2250,0.8750,8,8,8,0,0,8,8,0.0000
4,140.0000,47,41,460.5375,-83.2604,-0.1894,20,0.5000,1.0000,8,8,7,0,0,8,7,0.1250
4,140.0000,47,43,445.7550,-84.0699,-0.1334,20,0.5000,0.8750,8,7,6,0,0,7,6,0.1429
4,140.0000,47,45,545.1258,-85.4353,-1.9982,9,0.2250,1.0000,8,8,7,0,0,8,7,0.1250
4,144.0000,0,5,490.6178,-83.6748,-1.2897,20,0.5000,0.8571,7,8,8,0,0,8,8,0.0000
4,144.0000,0,10,653.5230,-82.6887,-1.8982,5,0.1250,0.6667,6,8,8,0,0,8,8,0.0000
4,144.0000,0,12,147.8508,-69.0882,-0.6078,38,0.9500,0.2000,5,4,0,0,0,4,0,1.0000
4,144.0000,0,26,242.5509,-74.3580,-1.5205,38,0.9500,0.0000,4,5,1,0,0,5,1,0.8000
4,144.0000,0,29,231.9735,-78.4533,0.6068,39,0.9750,0.2000,5,4,0,0,0,4,0,1.0000
4,144.0000,0,34,245.7837,-78.1651,0.3052,34,0.8500,0.0000,4,5,1,0,0,5,1,0.8000
4,144.0000,0,43,582.1485,-83.8297,-1.5371,6,0.1500,0.8571,7,8,8,0,0,8,8,0.0000
4,144.0000,1,0,852.1318,-86.1920,-0.0280,4,0.1000,1.0000,2,4,4,0,0,4,4,0.0000
4,144.0000,1,3,614.6336,-84.6024,-0.8299,5,0.1250,1.0000,8,4,4,0,0,4,4,0.0000
4,144.0000,1,5,736.4632,-86.3674,0.1364,5,0.1250,1.0000,4,8,8,0,0,8,8,0.0000
4,144.0000,1,6,605.8466,-84.6416,-1.0826,7,0.1750,0.8750,8,8,8,0,0,8,8,0.0000
4,144.0000,1,7,323.5452,-79.6168,0.7989,29,0.7250,0.5000,6,6,3,0,0,6,3,0.5000
4,144.0000,1,9,913.3746,-88.9394,0.3414,3,0.0750,1.0000,6,2,2,0,0,2,2,0.0000
4,144.0000,1,10,304.0654,-81.3042,1.4850,21,0.5250,0.8571,7,5,2,0,0,5,2,0.6000
4,144.0000,1,12,750.4777,-86.6567,0.6639,7,0.1750,1.0000,8,6,6,0,0,6,6,0.0000
4,144.0000,1,13,708.7432,-84.7403,-0.4628,4,0.1000,1.0000,10,7,6,0,0,7,6,0.1429
4,144.0000,1,16,373.8195,-82.5000,0.2834,24,0.6000,0.5000,6,5,2,0,0,5,2,0.6000
4,144.0000,1,18,653.7040,-86.0022,0.7105,4,0.1000,1.0000,8,8,8,0,0,8,8,0.0000
4,144.0000,1,19,226.2409,-74.8945,-0.8498,26,0.6500,0.0000,4,3,0,0,0,3,0,1.0000
4,144.0000,1,21,458.8889,-81.9159,-0.0117,10,0.2500,0.6667,6,8,6,0,0,8,6,0.2500
4,144.0000,1,22,382.7504,-80.6587,-0.3358,16,0.4000,0.6667,6,6,3,0,0,6,3,0.5000
4,144.0000,1,24,829.1850,-86.9548,0.6318,3,0.0750,1.0000,4,6,6,0,0,6,6,0.0000
4,144.0000,1,25,638.9686,-86.2641,1.1351,6,0.1500,0.8000,5,7,6,0,0,7,6,0.1429
4,144.0000,1,26,777.0662,-87.1437,0.0088,6,0.1500,1.0000,4,8,8,0,0,8,8,0.0000
4,144.0000,1,27,420.3864,-81.9560,-0.2646,13,0.3250,0.8571,7,6,4,0,0,6,4,0.3333
4,144.0000,1,29,910.5709,-87.5307,1.0485,4,0.1000,1.0000,2,4,4,0,0,4,4,0.0000
4,144.0000,1,31,409.7643,-82.5191,-0.0873,9,0.2250,1.0000,8,7,6,0,0,7,6,0.1429
4,144.0000,1,34,672.9679,-85.1322,0.2363,11,0.2750,0.6667,3,8,7,0,0,8,7,0.1250
4,144.0000,1,36,243.1841,-78.3498,0.6084,37,0.9250,0.5000,6,6,2,0,0,6,2,0.6667
4,144.0000,1,37,541.6044,-82.2697,-0.5712,9,0.2250,1.0000,8,8,8,0,0,8,8,0.0000
4,144.0000,1,38,303.9855,-78.7897,-0.4173,20,0.5000,0.6667,6,8,6,0,0,8,6,0.2500
4,144.0000,1,40,406.4728,-81.7118,0.3898,9,0.2250,0.8750,8,7,5,0,0,7,5,0.2857
4,144.0000,1,41,568.3601,-85.4616,0.2443,8,0.2000,1.0000,8,8,8,0,0,8,8,0.0000
4,144.0000,1,43,397.4628,-82.7938,0.7427,19,0.4750,0.7143,7,6,3,0,0,6,3,0.5000
4,144.0000,1,45,367.1412,-80.5312,-0.0639,12,0.3000,0.6667,6,7,6,0,0,7,6,0.1429
4,144.0000,1,47,143.8460,-74.6780,1.4366,26,0.6500,0.0000,4,6,4,0,0,6,4,0.3333
4,144.0000,2,4,464.0237,-84.3224,0.0483,13,0.3250,0.7143,7,4,0,0,0,4,0,1.0000
4,144.0000,2,11,326.0952,-78.6113,0.0324,23,0.5750,0.0000,4,5,2,0,0,5,2,0.6000
4,144.0000,2,14,678.6418,-84.7312,0.4541,3,0.0750,1.0000,8,8,8,0,0,8,8,0.0000
4,144.0000,2,15,344.3191,-80.3984,0.1674,21,0.5250,0.7143,7,6,3,0,0,6,3,0.5000
4,144.0000,2,17,225.2587,-76.0401,0.5712,32,0.8000,0.2000,5,5,1,0,0,5,1,0.8000
4,144.0000,2,20,786.9059,-86.2349,1.8731,3,0.0750,1.0000,8,8,8,0,0,8,8,0.0000
4,144.0000,2,24,847.5632,-86.7702,2.0858,3,0.0750,1.0000,4,8,8,0,0,8,8,0.0000
4,144.0000,2,28,550.8782,-84.8454,-0.1250,10,0.2500,0.8571,7,8,8,0,0,8,8,0.0000
4,144.0000,2,30,474.9968,-83.4849,0.1834,17,0.4250,0.8750,8,7,5,0,0,7,5,0.2857
4,144.0000,2,35,448.4166,-81.2981,0.1216,28,0.7000,0.4000,5,8,7,0,0,8,7,0.1250
4,144.0000,2,39,709.3242,-85.7981,0.3975,3,0.0750,1.0000,16,8,8,0,0,8,8,0.0000
4,144.0000,2,42,579.4693,-84.4410,0.6328,10,0.2500,1.0000,8,8,8,0,0,8,8,0.0000
4,144.0000,2,44,546.5110,-83.9715,0.2209,10,0.2500,0.8571,7,8,8,0,0,8,8,0.0000
4,144.0000,2,46,256.7265,-77.0208,-0.1261,31,0.7750,0.2000,5,4,0,0,0,4,0,1.0000
4,144.0000,3,1,614.6336,-84.8080,-0.3091,10,0.2439,1.0000,8,8,8,0,0,8,8,0.0000
4,144.0000,3,6,457.3968,-82.1867,-0.7851,16,0.3902,1.0000,8,8,8,0,0,8,8,0.0000
4,144.0000,3,8,541.0569,-84.2793,0.1226,10,0.2439,0.8571,7,8,8,0,0,8,8,0.0000
4,144.0000,3,9,1037.4069,-89.3220,0.1462,3,0.0732,,0,4,4,0,0,4,4,0.0000
4,144.0000,3,10,835.0070,-87.2220,-0.7755,5,0.1220,,0,8,8,0,0,8,8,0.0000
4,144.0000,3,13,449.8665,-82.7840,0.0609,15,0.3659,1.0000,10,7,6,0,0,7,6,0.1429
4,144.0000,3,14,776.2954,-86.5501,0.2515,6,0.1463,1.0000,8,7,6,0,0,7,6,0.1429
4,144.0000,3,16,961.6542,-87.6903,1.1612,4,0.0976,,0,2,2,0,0,2,2,0.0000
4,144.0000,3,17,1059.5996,-88.6807,0.5680,3,0.0732,1.0000,6,2,2,0,0,2,2,0.0000
4,144.0000,3,18,809.8610,-89.5114,0.3392,3,0.0732,0.8750,8,8,7,0,0,8,7,0.1250
4,144.0000,3,19,415.8963,-81.5794,0.6639,12,0.2927,0.8000,10,6,6,0,0,6,6,0.0000
4,144.0000,3,20,497.2595,-84.0849,-0.6809,12,0.2927,0.8750,8,7,6,0,0,7,6,0.1429
4,144.0000,3,21,769.0522,-85.0558,-1.6433,7,0.1707,1.0000,8,8,8,0,0,8,8,0.0000
4,144.0000,3,22,546.9031,-84.8375,-0.3887,12,0.2927,0.8571,7,8,7,0,0,8,7,0.1250
4,144.0000,3,23,300.8124,-79.6140,0.3901,29,0.7073,0.5000,6,7,5,0,0,7,5,0.2857
4,144.0000,3,24,948.1613,-88.2084,-0.2938,5,0.1220,1.0000,4,4,4,0,0,4,4,0.0000
4,144.0000,3,25,134.4307,-73.7884,1.2267,31,0.7561,0.5000,6,4,0,0,0,4,0,1.0000
4,144.0000,3,26,1089.5559,-88.2277,0.0081,4,0.0976,,0,6,6,0,0,6,6,0.0000
4,144.0000,3,27,274.6223,-76.3232,-0.6637,31,0.7561,0.7143,7,6,4,0,0,6,4,0.3333
4,144.0000,3,31,446.1744,-80.7902,-0.0454,16,0.3902,0.8571,7,8,8,0,0,8,8,0.0000
4,144.0000,3,32,773.7526,-87.2636,0.1780,6,0.1463,1.0000,2,8,8,0,0,8,8,0.0000
4,144.0000,3,33,629.6403,-86.3469,0.8330,5,0.1220,0.7143,7,8,8,0,0,8,8,0.0000
4,144.0000,3,34,862.1966,-87.0584,-0.6015,7,0.1707,1.0000,6,6,6,0,0,6,6,0.0000
4,144.0000,3,36,854.5226,-87.8409,-0.1548,5,0.1220,1.0000,8,6,6,0,0,6,6,0.0000
4,144.0000,3,37,153.8927,-72.8038,0.1757,35,0.8537,0.3333,6,5,1,0,0,5,1,0.8000
4,144.0000,3,38,335.2711,-78.9799,0.0102,17,0.4146,0.7143,7,8,8,0,0,8,8,0.0000
4,144.0000,3,39,660.0316,-86.3896,0.1699,6,0.1463,0.8571,7,8,8,0,0,8,8,0.0000
4,144.0000,3,40,457.1036,-82.4610,-0.3223,14,0.3415,0.8571,7,7,6,0,0,7,6,0.1429
4,144.0000,3,41,322.4705,-80.6415,0.8866,24,0.5854,0.5714,7,6,2,0,0,6,2,0.6667
4,144.0000,3,42,760.2421,-86.5849,0.1972,9,0.2195,1.0000,2,7,6,0,0,7,6,0.1429
4,144.0000,3,43,822.7741,-86.8338,1.5452,7,0.1707,1.0000,4,4,4,0,0,4,4,0.0000
4,144.0000,3,45,579.0818,-84.3187,-1.3325,11,0.2683,1.0000,8,8,8,0,0,8,8,0.0000
4,144.0000,3,47,503.5022,-82.7627,-0.5071,12,0.2927,1.0000,8,8,8,0,0,8,8,0.0000
4,144.0000,4,2,464.0237,-83.3767,0.6791,16,0.4000,0.7143,7,8,8,0,0,8,8,0.0000
4,144.0000,4,9,465.0116,-81.2056,-0.7831,15,0.3750,0.8571,7,8,8,0,0,8,8,0.0000
4,144.0000,4,11,597.3391,-84.5952,0.9273,8,0.2000,1.0000,8,8,8,0,0,8,8,0.0000
4,144.0000,4,14,654.8292,-85.1390,0.3334,4,0.1000,1.0000,8,6,4,0,0,6,4,0.3333
4,144.0000,4,15,477.8358,-81.8991,-0.0839,14,0.3500,1.0000,8,7,6,0,0,7,6,0.1429
4,144.0000,4,17,477.3355,-83.2274,0.7499,16,0.4000,0.8750,8,8,8,0,0,8,8,0.0000
4,144.0000,4,24,571.5034,-84.4885,0.7724,5,0.1250,1.0000,8,8,7,0,0,8,7,0.1250
4,144.0000,4,28,296.6597,-78.9541,-0.0186,27,0.6750,0.5000,6,8,8,0,0,8,8,0.0000
4,144.0000,4,30,154.0965,-75.4188,1.4258,31,0.7750,0.2000,5,5,1,0,0,5,1,0.8000
4,144.0000,4,32,674.5192,-83.9811,1.1263,5,0.1250,0.8750,8,8,8,0,0,8,8,0.0000
4,144.0000,4,35,837.1289,-86.0573,0.4930,7,0.1750,1.0000,8,8,8,0,0,8,8,0.0000
4,144.0000,4,42,807.3190,-86.0118,0.4859,3,0.0750,1.0000,8,8,8,0,0,8,8,0.0000
4,144.0000,4,44,326.6127,-77.3224,-0.9343,24,0.6000,0.5000,6,7,6,0,0,7,6,0.1429
4,144.0000,4,46,569.9769,-84.7330,0.2449,12,0.3000,1.0000,8,8,7,0,0,8,7,0.1250
4,144.0000,5,0,490.6178,-82.1740,-0.0849,18,0.4500,0.7143,7,7,6,0,0,7,6,0.1429
4,144.0000,5,10,437.8976,-79.4522,-1.5397,11,0.2750,0.8571,7,8,8,0,0,8,8,0.0000
4,144.0000,5,12,354.8342,-80.5837,1.0026,17,0.4250,0.5000,6,6,2,0,0,6,2,0.6667
4,144.0000,5,16,499.3843,-80.8294,-0.9132,9,0.2250,0.8571,7,9,8,0,0,9,8,0.1111
4,144.0000,5,26,254.9912,-79.4530,0.6074,27,0.6750,0.8571,7,5,1,0,0,5,1,0.8000
4,144.0000,5,29,566.1775,-84.5751,0.4233,8,0.2000,0.8750,8,7,6,0,0,7,6,0.1429
4,144.0000,5,34,470.5325,-81.5924,0.9243,9,0.2250,1.0000,8,9,6,0,0,9,6,0.3333
4,144.0000,5,43,463.5333,-79.9281,-1.1005,14,0.3500,0.7143,7,8,8,0,0,8,8,0.0000
4,144.0000,6,1,605.8466,-84.6340,-0.9526,12,0.3000,1.0000,8,8,8,0,0,8,8,0.0000
4,144.0000,6,3,457.3968,-83.0300,-0.3522,15,0.3750,0.5000,6,7,5,0,0,7,5,0.2857
4,144.0000,6,4,960.3609,-88.4324,0.7116,6,0.1500,1.0000,4,4,4,0,0,4,4,0.0000
4,144.0000,6,7,763.8127,-87.0383,-0.1510,10,0.2500,0.6667,3,2,2,0,0,2,2,0.0000
4,144.0000,6,8,405.7784,-82.2222,-0.5945,19,0.4750,1.0000,8,8,8,0,0,8,8,0.0000
4,144.0000,6,9,702.7029,-86.7435,0.7974,9,0.2250,0.8750,8,7,6,0,0,7,6,0.1429
4,144.0000,6,10,905.2514,-87.8249,-0.2108,6,0.1500,0.6667,3,4,4,0,0,4,4,0.0000
4,144.0000,6,11,803.5316,-86.7354,-0.6097,12,0.3000,1.0000,2,6,4,0,0,6,4,0.3333
4,144.0000,6,13,140.8960,-76.0010,1.5479,34,0.8500,0.2000,5,4,0,0,0,4,0,1.0000
4,144.0000,6,14,371.2245,-80.6336,-0.4354,18,0.4500,0.6667,6,6,4,0,0,6,4,0.3333
4,144.0000,6,15,795.6540,-87.1489,-0.5611,7,0.1750,1.0000,6,8,8,0,0,8,8,0.0000
4,144.0000,6,16,967.2188,-88.6127,0.6518,4,0.1000,,0,2,2,0,0,2,2,0.0000
4,144.0000,6,17,821.5358,-87.6498,0.1352,8,0.2000,1.0000,4,2,2,0,0,2,2,0.0000
4,144.0000,6,18,406.6973,-81.9622,1.1799,18,0.4500,0.8571,7,7,6,0,0,7,6,0.1429
4,144.0000,6,19,402.9152,-81.3366,-0.5676,20,0.5000,0.6667,6,8,8,0,0,8,8,0.0000
4,144.0000,6,20,310.8294,-78.9959,-0.3378,25,0.6250,0.8571,7,7,6,0,0,7,6,0.1429
4,144.0000,6,21,669.1673,-85.6339,-0.9033,12,0.3000,0.7143,7,6,6,0,0,6,6,0.0000
4,144.0000,6,22,638.8899,-86.5799,-0.0579,10,0.2500,1.0000,8,8,8,0,0,8,8,0.0000
4,144.0000,6,23,728.2009,-86.9549,-0.7933,9,0.2250,0.8333,6,4,3,0,0,4,3,0.2500
4,144.0000,6,24,549.4211,-84.6851,-0.4761,13,0.3250,1.0000,6,7,6,0,0,7,6,0.1429
4,144.0000,6,25,344.9723,-80.0589,-0.1101,23,0.5750,0.5000,6,6,3,0,0,6,3,0.5000
4,144.0000,6,27,577.8151,-83.8130,-1.2397,13,0.3250,1.0000,8,8,8,0,0,8,8,0.0000
4,144.0000,6,28,770.1224,-88.1979,-0.2364,6,0.1500,1.0000,8,8,8,0,0,8,8,0.0000
4,144.0000,6,31,237.0587,-75.4981,-1.0512,28,0.7000,0.2000,5,6,4,0,0,6,4,0.3333
4,144.0000,6,32,423.0150,-83.8293,-0.4779,15,0.3750,1.0000,8,8,7,0,0,8,7,0.1250
4,144.0000,6,33,340.4575,-81.3718,0.2514,15,0.3750,0.8750,8,8,8,0,0,8,8,0.0000
4,144.0000,6,34,1119.3096,-89.1120,-0.1118,3,0.0750,,0,8,8,0,0,8,8,0.0000
4,144.0000,6,35,1080.1807,-89.1664,-0.1916,3,0.0750,,0,4,4,0,0,4,4,0.0000
4,144.0000,6,36,815.1986,-86.8067,-0.8744,9,0.2250,1.0000,8,7,6,0,0,7,6,0.1429
4,144.0000,6,37,366.1076,-80.2314,-0.6942,23,0.5750,0.8571,7,7,6,0,0,7,6,0.1429
4,144.0000,6,38,367.3815,-82.0840,-1.3217,15,0.3750,0.8750,8,7,6,0,0,7,6,0.1429
4,144.0000,6,39,498.8749,-84.5481,0.6179,16,0.4000,1.0000,8,8,7,0,0,8,7,0.1250
4,144.0000,6,40,433.3023,-82.9894,-0.8026,18,0.4500,0.8571,7,8,7,0,0,8,7,0.1250
4,144.0000,6,41,711.7665,-86.0229,-0.3848,12,0.3000,0.8000,5,7,6,0,0,7,6,0.1429
4,144.0000,6,42,640.5419,-86.2079,0.7180,11,0.2750,1.0000,8,6,6,0,0,6,6,0.0000
4,144.0000,6,44,650.4187,-86.0647,0.0683,8,0.2000,1.0000,8,8,8,0,0,8,8,0.0000
4,144.0000,6,45,532.4761,-83.3581,-0.2342,14,0.3500,0.7143,7,7,6,0,0,7,6,0.1429
4,144.0000,6,46,930.7787,-88.8813,-0.5802,5,0.1250,,0,6,6,0,0,6,6,0.0000
4,144.0000,6,47,582.6967,-85.1855,0.2727,12,0.3000,0.8571,7,7,6,0,0,7,6,0.1429
4,144.0000,7,1,323.5452,-78.6217,1.1125,13,0.3250,0.7143,7,6,3,0,0,6,3,0.5000
4,144.0000,7,6,763.8127,-87.0290,1.7623,3,0.0750,1.0000,8,6,6,0,0,6,6,0.0000
4,144.0000,7,10,407.6844,-81.8638,0.5622,15,0.3750,0.8571,7,6,4,0,0,6,4,0.3333
4,144.0000,7,12,926.3706,-86.6054,0.2992,4,0.1000,1.0000,6,4,4,0,0,4,4,0.0000
4,144.0000,7,16,335.6852,-80.2842,0.6926,28,0.7000,0.2000,5,6,4,0,0,6,4,0.3333
4,144.0000,7,18,640.1628,-86.9810,3.7837,4,0.1000,1.0000,6,7,6,0,0,7,6,0.1429
4,144.0000,7,19,494.8931,-85.0560,1.7993,3,0.0750,1.0000,8,8,8,0,0,8,8,0.0000
4,144.0000,7,21,530.5391,-85.9853,0.8437,4,0.1000,0.8571,7,7,6,0,0,7,6,0.1429
4,144.0000,7,22,622.8526,-86.2487,1.3246,3,0.0750,1.0000,8,8,8,0,0,8,8,0.0000
4,144.0000,7,32,696.5486,-87.0576,-3.1558,3,0.0750,1.0000,8,8,8,0,0,8,8,0.0000
4,144.0000,7,36,205.5504,-74.2656,-0.7069,31,0.7750,0.0000,4,6,3,0,0,6,3,0.5000
4,144.0000,7,40,627.0984,-87.3134,1.2530,3,0.0750,1.0000,8,8,7,0,0,8,7,0.1250
4,144.0000,7,43,564.4729,-85.0088,0.5713,6,0.1500,0.8571,7,5,4,0,0,5,4,0.2000
4,144.0000,7,45,546.3834,-85.5458,0.6491,4,0.1000,1.0000,8,8,8,0,0,8,8,0.0000
4,144.0000,7,47,458.4935,-82.9227,0.4925,8,0.2000,0.7143,7,8,6,0,0,8,6,0.2500
4,144.0000,8,1,760.0692,-87.1994,-0.8410,4,0.0976,1.0000,4,4,4,0,0,4,4,0.0000
4,144.0000,8,3,541.0569,-83.7831,0.4380,10,0.2439,0.6667,6,8,8,0,0,8,8,0.0000
4,144.0000,8,4,762.6811,-86.9539,0.3160,10,0.2439,0.6667,3,3,2,0,0,3,2,0.3333
4,144.0000,8,6,405.7784,-82.9376,-0.2926,15,0.3659,0.8571,7,9,8,0,0,9,8,0.1111
4,144.0000,8,9,579.0573,-85.4009,0.4330,9,0.2195,0.8750,8,2,0,0,0,2,0,1.0000
4,144.0000,8,11,745.5779,-87.6042,0.4038,7,0.1707,1.0000,8,6,6,0,0,6,6,0.0000
4,144.0000,8,13,318.2167,-78.9763,-0.3103,22,0.5366,0.6667,6,6,4,0,0,6,4,0.3333
4,144.0000,8,14,449.3366,-83.4650,0.3589,14,0.3415,0.9000,10,6,5,0,0,6,5,0.1667
4,144.0000,8,15,743.0240,-86.6710,-0.8444,10,0.2439,0.8571,7,8,7,0,0,8,7,0.1250
4,144.0000,8,17,599.9450,-85.6272,-0.2885,11,0.2683,0.2000,5,8,8,0,0,8,8,0.0000
4,144.0000,8,18,538.2256,-85.5575,1.9908,9,0.2195,1.0000,8,8,8,0,0,8,8,0.0000
4,144.0000,8,19,583.8332,-85.1675,1.4415,8,0.1951,0.8571,7,8,7,0,0,8,7,0.1250
4,144.0000,8,20,194.4552,-73.5156,-0.0087,30,0.7317,0.2000,5,6,3,0,0,6,3,0.5000
4,144.0000,8,21,583.0952,-85.3738,0.8952,10,0.2439,1.0000,8,8,8,0,0,8,8,0.0000
4,144.0000,8,22,563.6240,-86.0044,1.1148,6,0.1463,0.8571,7,8,8,0,0,8,8,0.0000
4,144.0000,8,23,708.2947,-86.2979,-0.0046,7,0.1707,1.0000,2,6,6,0,0,6,6,0.0000
4,144.0000,8,24,562.8683,-86.0768,0.8607,9,0.2195,0.7500,4,7,6,0,0,7,6,0.1429
4,144.0000,8,25,477.4317,-80.9239,-0.5784,17,0.4146,0.8571,7,8,8,0,0,8,8,0.0000
4,144.0000,8,27,649.6362,-85.5842,-0.6042,9,0.2195,1.0000,8,7,6,0,0,7,6,0.1429
4,144.0000,8,28,701.1393,-87.0606,-0.7102,6,0.1463,1.0000,8,7,5,0,0,7,5,0.2857
4,144.0000,8,30,833.3839,-86.2765,-0.3503,4,0.0976,1.0000,4,4,4,0,0,4,4,0.0000
4,144.0000,8,31,391.3256,-81.3680,-0.3018,11,0.2683,0.6667,6,8,8,0,0,8,8,0.0000
4,144.0000,8,32,415.0121,-83.3650,1.1600,14,0.3415,0.6250,8,7,5,0,0,7,5,0.2857
4,144.0000,8,33,185.2681,-76.5078,1.7787,23,0.5610,0.7500,8,4,0,0,0,4,0,1.0000
4,144.0000,8,36,947.3008,-88.6551,-0.8067,4,0.0976,1.0000,8,8,8,0,0,8,8,0.0000
4,144.0000,8,37,565.7828,-84.5162,0.2443,9,0.2195,0.5000,6,8,8,0,0,8,8,0.0000
4,144.0000,8,38,524.3712,-85.6109,-0.0487,8,0.1951,1.0000,10,7,6,0,0,7,6,0.1429
4,144.0000,8,39,487.4356,-82.5515,0.3789,12,0.2927,0.8750,8,7,5,0,0,7,5,0.2857
4,144.0000,8,40,377.6393,-79.5155,0.0710,15,0.3659,0.8571,7,8,8,0,0,8,8,0.0000
4,144.0000,8,41,805.4772,-88.1267,-0.3654,8,0.1951,1.0000,8,4,4,0,0,4,4,0.0000
4,144.0000,8,42,467.2926,-80.5461,-0.5623,18,0.4390,0.8750,8,8,7,0,0,8,7,0.1250
4,144.0000,8,44,548.1188,-86.1206,1.1471,8,0.1951,0.8000,5,8,8,0,0,8,8,0.0000
4,144.0000,8,45,477.1278,-82.9960,0.1217,9,0.2195,0.8571,7,7,6,0,0,7,6,0.1429
4,144.0000,8,46,849.1717,-87.1230,-1.6894,7,0.1707,1.0000,8,8,8,0,0,8,8,0.0000
4,144.0000,8,47,747.3838,-86.7218,-0.0719,6,0.1463,1.0000,6,8,8,0,0,8,8,0.0000
4,144.0000,9,4,465.0116,-81.4797,-0.4871,18,0.4500,0.6667,6,5,4,0,0,5,4,0.2000
4,144.0000,9,6,702.7029,-86.9318,-2.7049,3,0.0750,1.0000,8,8,8,0,0,8,8,0.0000
4,144.0000,9,8,579.0573,-86.2759,0.3757,5,0.1250,1.0000,8,7,6,0,0,7,6,0.1429
4,144.0000,9,11,812.1275,-86.8557,0.5092,4,0.1000,1.0000,6,6,6,0,0,6,6,0.0000
4,144.0000,9,13,701.9768,-86.6824,-1.3312,3,0.0750,1.0000,8,7,5,0,0,7,5,0.2857
4,144.0000,9,14,548.0924,-84.0272,1.2184,9,0.2250,1.0000,10,7,6,0,0,7,6,0.1429
4,144.0000,9,15,694.6251,-86.4161,0.2572,6,0.1500,0.8571,7,6,4,0,0,6,4,0.3333
4,144.0000,9,17,721.1160,-85.2323,-0.1280,4,0.1000,1.0000,8,8,8,0,0,8,8,0.0000
4,144.0000,9,18,394.8354,-81.9420,0.2312,11,0.2750,1.0000,8,5,2,0,0,5,2,0.6000
4,144.0000,9,20,675.0005,-86.9495,1.3708,4,0.1000,1.0000,8,9,8,0,0,9,8,0.1111
4,144.0000,9,21,590.9727,-84.9081,-0.6443,6,0.1500,1.0000,6,6,6,0,0,6,6,0.0000
4,144.0000,9,24,228.9117,-76.7600,0.1280,31,0.7750,0.2000,5,6,3,0,0,6,3,0.5000
4,144.0000,9,28,391.0163,-82.1446,1.1435,20,0.5000,0.0000,4,5,4,0,0,5,4,0.2000
4,144.0000,9,30,508.5317,-83.4885,0.3032,12,0.3000,0.8750,8,8,8,0,0,8,8,0.0000
4,144.0000,9,31,648.0994,-85.9312,-3.5795,3,0.0750,1.0000,6,7,6,0,0,7,6,0.1429
4,144.0000,9,32,295.5604,-78.6046,-0.3112,28,0.7000,0.5714,7,5,2,0,0,5,2,0.6000
4,144.0000,9,33,439.5328,-82.1534,-0.2648,8,0.2000,1.0000,8,7,6,0,0,7,6,0.1429
4,144.0000,9,40,675.4137,-88.2040,0.5662,4,0.1000,1.0000,8,7,5,0,0,7,5,0.2857
4,144.0000,9,44,323.0142,-80.6336,0.3561,22,0.5500,0.7143,7,7,5,0,0,7,5,0.2857
4,144.0000,9,45,656.2343,-86.0061,-1.3471,4,0.1000,1.0000,2,7,6,0,0,7,6,0.1429
4,144.0000,9,46,857.8137,-87.2360,-0.0532,7,0.1750,1.0000,8,7,6,0,0,7,6,0.1429
4,144.0000,10,0,653.5230,-84.4941,-0.2683,19,0.4750,0.5000,6,8,8,0,0,8,8,0.0000
4,144.0000,10,1,304.0654,-80.2916,0.7286,15,0.3750,1.0000,8,6,4,0,0,6,4,0.3333
4,144.0000,10,5,437.8976,-80.3554,-0.9625,33,0.8250,0.2000,5,8,7,0,0,8,7,0.1250
4,144.0000,10,7,407.6844,-82.3688,1.1909,12,0.3000,0.8571,7,5,2,0,0,5,2,0.6000
4,144.0000,10,12,523.4718,-83.1298,-0.6500,22,0.5500,0.7778,9,8,8,0,0,8,8,0.0000
4,144.0000,10,16,189.6655,-78.1405,0.9505,35,0.8750,0.2000,5,4,0,0,0,4,0,1.0000
4,144.0000,10,19,511.9953,-83.9019,0.2185,5,0.1250,0.8750,8,8,8,0,0,8,8,0.0000
4,144.0000,10,22,555.7219,-84.5460,-1.2737,6,0.1500,1.0000,8,9,8,0,0,9,8,0.1111
4,144.0000,10,26,521.3320,-83.8108,-0.0336,17,0.4250,1.0000,8,8,7,0,0,8,7,0.1250
4,144.0000,10,27,586.1282,-83.7278,-0.4531,6,0.1500,1.0000,8,8,8,0,0,8,8,0.0000
4,144.0000,10,29,733.2699,-85.3144,0.5207,13,0.3250,0.8571,7,6,5,0,0,6,5,0.1667
4,144.0000,10,34,511.8026,-82.9983,-0.0387,22,0.5500,1.0000,8,7,6,0,0,7,6,0.1429
4,144.0000,10,36,222.1618,-78.8449,1.3365,24,0.6000,0.5714,7,4,0,0,0,4,0,1.0000
4,144.0000,10,38,578.4573,-85.1983,-0.8175,4,0.1000,0.8750,8,8,8,0,0,8,8,0.0000
4,144.0000,10,41,672.5712,-84.6387,0.4411,6,0.1500,0.7143,7,8,8,0,0,8,8,0.0000
4,144.0000,10,43,208.4545,-76.4043,0.0858,38,0.9500,0.2000,5,6,3,0,0,6,3,0.5000
4,144.0000,10,47,347.8750,-80.9717,-0.8979,14,0.3500,0.5714,7,7,6,0,0,7,6,0.1429
4,144.0000,11,2,326.0952,-79.5897,0.6073,35,0.8750,0.7143,7,7,5,0,0,7,5,0.2857
4,144.0000,11,4,597.3391,-84.8290,0.0023,10,0.2500,0.8571,7,8,8,0,0,8,8,0.0000
4,144.0000,11,8,745.5779,-85.3022,1.3958,3,0.0750,1.0000,8,8,8,0,0,8,8,0.0000
4,144.0000,11,9,812.1275,-87.6443,-2.0885,3,0.0750,1.0000,8,6,6,0,0,6,6,0.0000
4,144.0000,11,13,711.7140,-87.0823,0.6774,3,0.0750,1.0000,8,8,8,0,0,8,8,0.0000
4,144.0000,11,14,466.3246,-82.8991,-0.0513,7,0.1750,0.6667,6,8,7,0,0,8,7,0.1250
4,144.0000,11,15,163.1233,-74.4526,0.2221,36,0.9000,0.2000,5,5,1,0,0,5,1,0.8000
4,144.0000,11,17,325.0268,-80.1367,-0.1829,27,0.6750,0.5714,7,6,3,0,0,6,3,0.5000
4,144.0000,11,20,649.1008,-84.7008,0.8766,6,0.1500,0.8571,7,8,8,0,0,8,8,0.0000
4,144.0000,11,24,744.3245,-86.6361,-0.0060,4,0.1000,1.0000,8,8,8,0,0,8,8,0.0000
4,144.0000,11,28,503.8357,-83.4917,0.1144,16,0.4000,0.8571,7,7,6,0,0,7,6,0.1429
4,144.0000,11,30,554.0195,-85.1437,0.0904,11,0.2750,1.0000,8,8,8,0,0,8,8,0.0000
4,144.0000,11,32,803.1277,-86.8832,0.6910,3,0.0750,1.0000,8,8,8,0,0,8,8,0.0000
4,144.0000,11,35,318.4022,-79.9008,-0.1564,37,0.9250,0.2000,5,7,4,0,0,7,4,0.4286
4,144.0000,11,39,510.0352,-82.7230,-0.4079,14,0.3500,0.6667,6,8,8,0,0,8,8,0.0000
4,144.0000,11,42,487.0197,-82.5765,-0.1659,15,0.3750,1.0000,8,6,4,0,0,6,4,0.3333
4,144.0000,11,44,492.1916,-81.9151,-0.4581,18,0.4500,0.6667,6,8,8,0,0,8,8,0.0000
4,144.0000,11,46,137.0794,-69.3120,-1.0765,39,0.9750,0.2000,5,4,0,0,0,4,0,1.0000
4,144.0000,12,0,147.8508,-69.2357,-1.3503,35,0.8750,0.0000,4,5,1,0,0,5,1,0.8000
4,144.0000,12,1,750.4777,-87.1191,1.6211,4,0.1000,0.8571,7,8,8,0,0,8,8,0.0000
4,144.0000,12,5,354.8342,-81.6252,0.5520,24,0.6000,0.6667,6,4,0,0,0,4,0,1.0000
4,144.0000,12,10,523.4718,-82.4989,-1.5747,13,0.3250,0.8571,7,8,8,0,0,8,8,0.0000
4,144.0000,12,16,666.3119,-85.0682,-1.5450,6,0.1500,1.0000,8,8,8,0,0,8,8,0.0000
4,144.0000,12,19,874.4503,-86.9040,2.2868,4,0.1000,1.0000,8,8,8,0,0,8,8,0.0000
4,144.0000,12,22,873.8767,-87.3482,-2.1223,3,0.0750,1.0000,8,8,8,0,0,8,8,0.0000
4,144.0000,12,23,848.3261,-87.3755,-0.9980,4,0.1000,1.0000,8,8,8,0,0,8,8,0.0000
4,144.0000,12,26,131.9103,-73.1339,0.7335,36,0.9000,0.2000,5,4,0,0,0,4,0,1.0000
4,144.0000,12,27,757.1012,-85.1277,4.3861,4,0.1000,1.0000,8,8,8,0,0,8,8,0.0000
4,144.0000,12,29,308.8248,-79.9455,0.1384,38,0.9500,0.3333,6,7,4,0,0,7,4,0.4286
4,144.0000,12,34,225.4233,-76.2907,-0.3047,35,0.8750,0.0000,4,5,1,0,0,5,1,0.8000
4,144.0000,12,36,744.9913,-87.0212,0.9184,4,0.1000,1.0000,8,8,8,0,0,8,8,0.0000
4,144.0000,12,37,996.7464,-88.2984,-0.7282,4,0.1000,1.0000,8,8,8,0,0,8,8,0.0000
4,144.0000,12,38,905.1781,-86.3446,-0.8297,5,0.1250,1.0000,6,10,10,0,0,10,10,0.0000
4,144.0000,12,41,705.7640,-85.7481,0.4116,8,0.2000,1.0000,8,10,10,0,0,10,10,0.0000
4,144.0000,12,43,461.2511,-81.9302,1.3980,17,0.4250,0.8750,8,8,8,0,0,8,8,0.0000
4,144.0000,12,45,997.9910,-89.3567,0.3828,3,0.0750,1.0000,8,8,8,0,0,8,8,0.0000
4,144.0000,12,47,695.5304,-85.3467,-1.0912,6,0.1500,1.0000,8,8,8,0,0,8,8,0.0000
4,144.0000,13,1,708.7432,-86.1257,0.3079,4,0.0976,1.0000,8,8,7,0,0,8,7,0.1250
4,144.0000,13,2,901.0849,-87.8624,0.2576,7,0.1707,1.0000,4,4,4,0,0,4,4,0.0000
4,144.0000,13,3,449.8665,-81.3241,-0.1876,15,0.3659,0.8750,8,7,6,0,0,7,6,0.1429
4,144.0000,13,4,901.3382,-86.4038,0.6928,3,0.0732,1.0000,2,4,4,0,0,4,4,0.0000
4,144.0000,13,6,140.8960,-74.8881,1.3080,28,0.6829,0.6667,6,5,1,0,0,5,1,0.8000
4,144.0000,13,7,883.9409,-87.7684,0.2963,4,0.0976,1.0000,4,6,6,0,0,6,6,0.0000
4,144.0000,13,8,318.2167,-79.3098,-0.1001,25,0.6098,0.7143,7,8,8,0,0,8,8,0.0000
4,144.0000,13,9,701.9768,-87.1372,0.6321,8,0.1951,1.0000,8,2,2,0,0,2,2,0.0000
4,144.0000,13,11,711.7140,-86.1268,-0.4595,13,0.3171,1.0000,8,2,2,0,0,2,2,0.0000
4,144.0000,13,14,326.8957,-78.5658,-0.9974,24,0.5854,0.4286,7,8,7,0,0,8,7,0.1250
4,144.0000,13,15,722.7096,-85.2324,0.1638,14,0.3415,1.0000,8,4,4,0,0,4,4,0.0000
4,144.0000,13,17,707.5140,-86.1764,-0.0116,11,0.2683,0.8000,5,6,6,0,0,6,6,0.0000
4,144.0000,13,18,474.7300,-82.9710,0.0392,14,0.3415,0.3333,6,7,6,0,0,7,6,0.1429
4,144.0000,13,19,496.7071,-83.8230,0.2196,11,0.2683,0.8571,7,6,6,0,0,6,6,0.0000
4,144.0000,13,20,179.2914,-74.4876,0.2009,30,0.7317,0.4000,5,5,1,0,0,5,1,0.8000
4,144.0000,13,21,714.3747,-87.3906,-0.2262,8,0.1951,1.0000,2,5,4,0,0,5,4,0.2000
4,144.0000,13,22,671.9121,-88.2657,0.0847,4,0.0976,0.8571,7,8,8,0,0,8,8,0.0000
4,144.0000,13,23,720.4207,-86.9211,0.6447,7,0.1707,0.0000,1,6,6,0,0,6,6,0.0000
4,144.0000,13,24,574.1526,-86.0460,0.2321,10,0.2439,1.0000,2,7,6,0,0,7,6,0.1429
4,144.0000,13,25,328.5480,-78.2418,0.1383,24,0.5854,0.7500,8,8,6,0,0,8,6,0.2500
4,144.0000,13,27,615.7937,-84.4130,-0.1640,8,0.1951,0.8750,8,7,6,0,0,7,6,0.1429
4,144.0000,13,28,737.7807,-87.2451,0.0727,7,0.1707,1.0000,2,8,8,0,0,8,8,0.0000
4,144.0000,13,30,920.8168,-87.6299,0.3261,6,0.1463,1.0000,2,6,6,0,0,6,6,0.0000
4,144.0000,13,31,315.5162,-79.3986,-0.1530,17,0.4146,0.6667,6,6,3,0,0,6,3,0.5000
4,144.0000,13,32,451.9369,-83.8028,0.5259,12,0.2927,1.0000,8,6,4,0,0,6,4,0.3333
4,144.0000,13,33,290.0868,-81.2722,0.4528,20,0.4878,0.5000,6,5,2,0,0,5,2,0.6000
4,144.0000,13,35,984.0189,-88.0699,-0.8634,4,0.0976,1.0000,4,4,4,0,0,4,4,0.0000
4,144.0000,13,36,922.7722,-88.2854,0.8545,6,0.1463,1.0000,2,5,4,0,0,5,4,0.2000
4,144.0000,13,37,400.1370,-81.8353,-0.0907,18,0.4390,1.0000,8,6,4,0,0,6,4,0.3333
4,144.0000,13,38,442.8463,-84.3691,0.3335,7,0.1707,0.8571,7,4,2,0,0,4,2,0.5000
4,144.0000,13,39,371.6429,-81.7106,0.3463,26,0.6341,0.8750,8,6,4,0,0,6,4,0.3333
4,144.0000,13,40,461.1424,-82.8405,0.8864,11,0.2683,1.0000,8,7,6,0,0,7,6,0.1429
4,144.0000,13,41,743.0018,-86.9402,-0.3526,6,0.1463,1.0000,8,6,6,0,0,6,6,0.0000
4,144.0000,13,42,501.4704,-83.0562,-0.7868,19,0.4634,0.8750,8,8,8,0,0,8,8,0.0000
4,144.0000,13,44,608.5763,-85.4513,0.2485,13,0.3171,0.8750,8,7,6,0,0,7,6,0.1429
4,144.0000,13,45,575.6899,-84.3147,0.7939,9,0.2195,0.8750,8,8,7,0,0,8,7,0.1250
4,144.0000,13,46,840.7019,-87.3671,0.2573,12,0.2927,0.8750,8,10,10,0,0,10,10,0.0000
4,144.0000,13,47,676.6119,-86.6820,1.0271,5,0.1220,1.0000,6,6,6,0,0,6,6,0.0000
4,144.0000,14,1,915.3942,-87.7158,-1.1414,5,0.1250,1.0000,4,6,6,0,0,6,6,0.0000
4,144.0000,14,2,678.6418,-85.6583,1.5966,12,0.3000,0.8000,5,4,4,0,0,4,4,0.0000
4,144.0000,14,3,776.2954,-87.2462,-0.4466,7,0.1750,1.0000,8,6,6,0,0,6,6,0.0000
4,144.0000,14,4,654.8292,-85.7913,-0.3707,8,0.2000,0.8333,6,8,8,0,0,8,8,0.0000
4,144.0000,14,6,371.2245,-80.3798,-0.2679,11,0.2750,0.8571,7,7,6,0,0,7,6,0.1429
4,144.0000,14,8,449.3366,-82.2835,-0.0509,13,0.3250,0.7778,9,8,7,0,0,8,7,0.1250
4,144.0000,14,9,548.0924,-85.7382,-0.2666,8,0.2000,0.7143,7,4,4,0,0,4,4,0.0000
4,144.0000,14,11,466.3246,-82.7809,-0.6368,19,0.4750,0.5714,7,7,6,0,0,7,6,0.1429
4,144.0000,14,13,326.8957,-78.6549,-0.2044,23,0.5750,0.6667,6,7,6,0,0,7,6,0.1429
4,144.0000,14,15,429.4905,-81.6570,0.7199,18,0.4500,1.0000,8,7,5,0,0,7,5,0.2857
4,144.0000,14,17,538.0828,-84.6002,0.6875,13,0.3250,1.0000,6,5,4,0,0,5,4,0.2000
4,144.0000,14,18,399.1223,-79.7391,-1.1445,15,0.3750,0.5714,7,6,4,0,0,6,4,0.3333
4,144.0000,14,19,741.1140,-86.3619,0.2891,6,0.1500,1.0000,8,6,6,0,0,6,6,0.0000
4,144.0000,14,20,352.3885,-79.2262,-0.5962,20,0.5000,0.4000,5,8,7,0,0,8,7,0.1250
4,144.0000,14,21,824.5581,-86.7217,-0.4942,3,0.0750,1.0000,8,2,2,0,0,2,2,0.0000
4,144.0000,14,24,397.1970,-82.9150,0.5249,11,0.2750,0.7500,8,5,2,0,0,5,2,0.6000
4,144.0000,14,25,654.8326,-84.6750,-0.2287,9,0.2250,0.8571,7,8,8,0,0,8,8,0.0000
4,144.0000,14,27,920.3587,-87.3707,-0.2622,4,0.1000,1.0000,8,6,6,0,0,6,6,0.0000
4,144.0000,14,28,442.5142,-83.8625,0.7491,16,0.4000,1.0000,8,8,6,0,0,8,6,0.2500
4,144.0000,14,30,636.5578,-85.3954,1.1398,8,0.2000,1.0000,6,6,5,0,0,6,5,0.1667
4,144.0000,14,31,523.9668,-83.4372,0.0193,8,0.2000,0.7500,8,7,6,0,0,7,6,0.1429
4,144.0000,14,32,397.9606,-81.8790,-0.3260,12,0.3000,0.7143,7,8,8,0,0,8,8,0.0000
4,144.0000,14,33,315.2723,-78.9224,-0.0496,18,0.4500,0.7500,8,6,2,0,0,6,2,0.6667
4,144.0000,14,35,765.9976,-86.7276,0.6626,9,0.2250,0.8000,5,8,8,0,0,8,8,0.0000
4,144.0000,14,37,718.5651,-84.6838,0.7082,5,0.1250,0.8571,7,6,5,0,0,6,5,0.1667
4,144.0000,14,38,711.1776,-87.0292,0.4933,5,0.1250,0.8750,8,8,8,0,0,8,8,0.0000
4,144.0000,14,39,424.0507,-81.5291,0.4637,18,0.4500,0.7105,38,6,4,33,30,39,34,0.1282
4,144.0000,14,40,673.6630,-83.8866,-0.1326,8,0.2000,0.8750,8,8,8,0,0,8,8,0.0000
4,144.0000,14,42,513.5371,-82.4119,-0.3349,17,0.4250,1.0000,8,7,6,0,0,7,6,0.1429
4,144.0000,14,44,345.3794,-81.8657,0.9913,14,0.3500,0.8571,7,6,4,0,0,6,4,0.3333
4,144.0000,14,45,750.4967,-85.7213,0.8078,6,0.1500,0.8750,8,8,8,0,0,8,8,0.0000
4,144.0000,14,46,581.7857,-84.5337,-0.1869,15,0.3750,0.8571,7,8,8,0,0,8,8,0.0000
4,144.0000,14,47,924.3206,-89.0999,0.1139,3,0.0750,1.0000,4,8,8,0,0,8,8,0.0000
4,144.0000,15,2,344.3191,-81.4513,-0.0148,28,0.7000,0.8571,7,6,3,0,0,6,3,0.5000
4,144.0000,15,4,477.8358,-82.9575,-0.1286,25,0.6250,0.8571,7,8,7,0,0,8,7,0.1250
4,144.0000,15,6,795.6540,-86.2295,0.6890,4,0.1000,0.8750,8,8,8,0,0,8,8,0.0000
4,144.0000,15,8,743.0240,-87.1528,-0.3268,6,0.1500,1.0000,8,8,8,0,0,8,8,0.0000
4,144.0000,15,9,694.6251,-86.3592,-0.3275,10,0.2500,0.8571,7,6,5,0,0,6,5,0.1667
4,144.0000,15,11,163.1233,-74.6068,1.0848,34,0.8500,0.0000,4,4,0,0,0,4,0,1.0000
4,144.0000,15,13,722.7096,-86.4524,-0.1109,7,0.1750,0.8571,7,8,8,0,0,8,8,0.0000
4,144.0000,15,14,429.4905,-82.4983,-0.8364,14,0.3500,0.6667,6,7,5,0,0,7,5,0.2857
4,144.0000,15,17,361.5493,-81.6380,0.2850,27,0.6750,0.6667,6,7,3,0,0,7,3,0.5714
4,144.0000,15,18,745.3270,-86.3860,-0.2404,4,0.1000,1.0000,8,10,10,0,0,10,10,0.0000
4,144.0000,15,20,672.7154,-86.0839,-0.0384,8,0.2000,0.5000,6,8,7,0,0,8,7,0.1250
4,144.0000,15,24,630.9390,-85.9065,0.1558,11,0.2750,1.0000,8,7,6,0,0,7,6,0.1429
4,144.0000,15,25,1034.3722,-87.8197,-0.0430,6,0.1500,1.0000,6,2,2,0,0,2,2,0.0000
4,144.0000,15,28,352.4978,-79.5529,0.2175,25,0.6250,0.8571,7,6,2,0,0,6,2,0.6667
4,144.0000,15,30,410.9167,-82.6517,0.5609,30,0.7500,0.4000,5,7,6,0,0,7,6,0.1429
4,144.0000,15,31,937.6981,-88.8898,0.1013,4,0.1000,0.8000,5,8,8,0,0,8,8,0.0000
4,144.0000,15,32,721.5291,-85.9741,1.1357,8,0.2000,0.8571,7,7,6,0,0,7,6,0.1429
4,144.0000,15,33,646.7660,-86.1567,-0.5209,6,0.1500,1.0000,8,8,8,0,0,8,8,0.0000
4,144.0000,15,35,434.8952,-82.7028,0.2784,31,0.7750,0.5714,7,6,4,0,0,6,4,0.3333
4,144.0000,15,39,602.4094,-84.3982,-0.0697,13,0.3250,0.8696,23,8,8,0,0,8,8,0.0000
4,144.0000,15,42,585.5024,-84.7909,0.1228,12,0.3000,0.7143,7,8,7,0,0,8,7,0.1250
4,144.0000,15,44,372.2143,-78.6792,-0.2202,24,0.6000,0.5714,7,6,4,0,0,6,4,0.3333
4,144.0000,15,46,187.7473,-75.8763,0.3639,36,0.9000,0.0000,4,4,0,0,0,4,0,1.0000
4,144.0000,16,1,373.8195,-81.1021,-1.7639,3,0.0750,1.0000,8,7,4,0,0,7,4,0.4286
4,144.0000,16,5,499.3843,-81.8866,-0.1317,21,0.5250,0.5000,6,8,8,0,0,8,8,0.0000
4,144.0000,16,7,335.6852,-79.4156,0.3961,20,0.5000,0.8750,8,8,7,0,0,8,7,0.1250
4,144.0000,16,10,189.6655,-76.7241,0.6355,28,0.7000,0.4000,5,5,1,0,0,5,1,0.8000
4,144.0000,16,12,666.3119,-85.0283,0.3682,7,0.1750,0.8750,8,7,6,0,0,7,6,0.1429
4,144.0000,16,21,599.3843,-85.0017,0.3809,3,0.0750,1.0000,8,8,8,0,0,8,8,0.0000
4,144.0000,16,26,648.9327,-84.8924,-0.2370,6,0.1500,0.8750,8,7,6,0,0,7,6,0.1429
4,144.0000,16,29,899.5393,-86.0939,0.2809,3,0.0750,1.0000,4,6,6,0,0,6,6,0.0000
4,144.0000,16,36,160.8136,-75.7625,1.1044,34,0.8500,0.4000,5,5,1,0,0,5,1,0.8000
4,144.0000,16,43,299.8160,-78.9039,-0.1154,22,0.5500,0.2000,5,5,1,0,0,5,1,0.8000
4,144.0000,16,47,471.0817,-82.9897,-1.8488,3,0.0750,0.7143,7,8,8,0,0,8,8,0.0000
4,144.0000,17,2,225.2587,-76.1917,-0.0221,32,0.8000,0.1111,9,6,2,0,0,6,2,0.6667
4,144.0000,17,4,477.3355,-83.1979,-0.1949,18,0.4500,1.0000,8,8,7,0,0,8,7,0.1250
4,144.0000,17,8,599.9450,-84.3401,0.5905,6,0.1500,1.0000,8,8,8,0,0,8,8,0.0000
4,144.0000,17,11,325.0268,-79.8495,0.1208,27,0.6750,0.8750,8,7,6,0,0,7,6,0.1429
4,144.0000,17,14,538.0828,-83.2920,3.0608,3,0.0750,0.7143,7,8,8,0,0,8,8,0.0000
4,144.0000,17,15,361.5493,-80.6556,-0.0303,20,0.5000,0.6786,28,6,2,0,0,6,2,0.6667
4,144.0000,17,20,576.0007,-83.7795,-1.0705,4,0.1000,0.8750,8,8,8,0,0,8,8,0.0000
4,144.0000,17,28,528.1487,-83.4502,0.0832,11,0.2750,0.8571,7,8,7,0,0,8,7,0.1250
4,144.0000,17,30,523.9419,-85.6760,-0.0526,10,0.2500,0.8571,7,7,6,0,0,7,6,0.1429
4,144.0000,17,35,545.4121,-84.3252,0.0209,21,0.5250,0.6667,6,7,6,0,0,7,6,0.1429
4,144.0000,17,39,532.2891,-82.0482,0.1054,13,0.3250,0.9000,10,8,7,0,0,8,7,0.1250
4,144.0000,17,42,383.5073,-80.8226,-0.0814,21,0.5250,0.8750,8,6,4,0,0,6,4,0.3333
4,144.0000,17,44,461.5298,-82.7165,0.2674,9,0.2250,1.0000,8,7,6,0,0,7,6,0.1429
4,144.0000,17,46,350.4591,-80.4563,-0.1807,26,0.6500,0.5000,6,7,4,0,0,7,4,0.4286
4,144.0000,18,1,653.7040,-86.0215,-0.9214,7,0.1750,1.0000,8,8,8,0,0,8,8,0.0000
4,144.0000,18,3,809.8610,-87.2045,0.7789,5,0.1250,1.0000,4,8,8,0,0,8,8,0.0000
4,144.0000,18,4,761.7587,-84.4441,0.2947,7,0.1750,1.0000,8,8,8,0,0,8,8,0.0000
4,144.0000,18,6,406.6973,-80.9714,0.1328,10,0.2500,1.0000,8,8,7,0,0,8,7,0.1250
4,144.0000,18,7,640.1628,-86.3322,-1.3177,5,0.1250,1.0000,4,7,6,0,0,7,6,0.1429
4,144.0000,18,8,538.2256,-85.2340,-1.2167,5,0.1250,1.0000,8,8,8,0,0,8,8,0.0000
4,144.0000,18,9,394.8354,-81.6812,0.2747,15,0.3750,0.8571,7,9,6,0,0,9,6,0.3333
4,144.0000,18,11,832.6429,-86.3366,0.4494,6,0.1500,1.0000,6,2,2,0,0,2,2,0.0000
4,144.0000,18,13,474.7300,-83.3353,0.7286,8,0.2000,0.5000,6,6,4,0,0,6,4,0.3333
4,144.0000,18,14,399.1223,-82.0199,-0.2358,12,0.3000,1.0000,8,8,8,0,0,8,8,0.0000
4,144.0000,18,15,745.3270,-85.6768,-0.5925,7,0.1750,1.0000,8,6,6,0,0,6,6,0.0000
4,144.0000,18,17,845.2263,-87.0522,-0.3179,5,0.1250,0.7500,4,2,2,0,0,2,2,0.0000
4,144.0000,18,19,564.6116,-84.6293,0.3276,5,0.1250,0.8571,7,8,7,0,0,8,7,0.1250
4,144.0000,18,20,552.9311,-85.0148,-0.3483,5,0.1250,0.8750,8,8,7,0,0,8,7,0.1250
4,144.0000,18,21,550.8449,-84.9816,-0.1333,9,0.2250,1.0000,8,8,8,0,0,8,8,0.0000
4,144.0000,18,24,204.2696,-76.1990,1.0400,31,0.7750,0.6667,6,5,2,0,0,5,2,0.6000
4,144.0000,18,25,724.1589,-87.4381,0.3142,4,0.1000,1.0000,8,8,8,0,0,8,8,0.0000
4,144.0000,18,28,547.5215,-83.6351,-0.8736,11,0.2750,0.8571,7,8,7,0,0,8,7,0.1250
4,144.0000,18,30,756.0463,-88.0406,0.4139,5,0.1250,,0,6,6,0,0,6,6,0.0000
4,144.0000,18,31,384.0085,-81.9664,0.6107,10,0.2500,0.8750,8,8,7,0,0,8,7,0.1250
4,144.0000,18,32,167.1285,-74.0221,0.2531,28,0.7000,0.4000,5,6,3,0,0,6,3,0.5000
4,144.0000,18,33,365.3359,-79.0739,-1.7087,14,0.3500,0.6667,6,6,4,0,0,6,4,0.3333
4,144.0000,18,37,724.6097,-85.4474,-1.7439,5,0.1250,0.8571,7,6,6,0,0,6,6,0.0000
4,144.0000,18,38,580.0051,-86.6223,-0.9453,3,0.0750,0.8571,7,8,7,0,0,8,7,0.1250
4,144.0000,18,39,768.6140,-86.6776,-0.4165,6,0.1500,1.0000,8,6,4,0,0,6,4,0.3333
4,144.0000,18,40,527.7747,-83.1235,0.3526,7,0.1750,1.0000,8,7,6,0,0,7,6,0.1429
4,144.0000,18,42,847.5583,-87.5058,1.0533,4,0.1000,1.0000,6,5,4,0,0,5,4,0.2000
4,144.0000,18,44,465.2807,-83.2076,-0.3391,10,0.2500,0.8571,7,7,5,0,0,7,5,0.2857
4,144.0000,18,45,535.3103,-83.6361,-0.1441,7,0.1750,0.8571,7,8,7,0,0,8,7,0.1250
4,144.0000,18,46,924.1951,-87.8941,0.0387,3,0.0750,1.0000,6,8,8,0,0,8,8,0.0000
4,144.0000,18,47,718.6518,-87.5002,0.6817,6,0.1500,1.0000,8,8,8,0,0,8,8,0.0000
4,144.0000,19,0,948.7357,-88.1361,-0.0131,4,0.1026,,0,4,4,0,0,4,4,0.0000
4,144.0000,19,1,226.2409,-75.3908,-0.4500,33,0.8462,0.0000,4,5,1,0,0,5,1,0.8000
4,144.0000,19,3,415.8963,-82.4248,0.2310,17,0.4359,0.5000,6,7,5,0,0,7,5,0.2857
4,144.0000,19,5,926.2907,-88.2887,-0.4995,6,0.1538,1.0000,2,4,4,0,0,4,4,0.0000
4,144.0000,19,6,402.9152,-80.4739,-0.4525,18,0.4615,0.7143,7,6,4,0,0,6,4,0.3333
4,144.0000,19,7,494.8931,-84.2945,0.2015,16,0.4103,1.0000,8,8,7,0,0,8,7,0.1250
4,144.0000,19,8,583.8332,-85.8605,1.1188,10,0.2564,0.6667,6,8,8,0,0,8,8,0.0000
4,144.0000,19,9,844.6318,-86.9855,-0.5061,7,0.1795,0.8000,5,4,4,0,0,4,4,0.0000
4,144.0000,19,10,511.9953,-84.0293,0.1412,12,0.3077,0.7500,8,7,6,0,0,7,6,0.1429
4,144.0000,19,13,496.7071,-83.7841,0.6836,13,0.3333,0.5714,7,8,6,0,0,8,6,0.2500
4,144.0000,19,14,741.1140,-86.3058,-0.5167,12,0.3077,1.0000,8,5,4,0,0,5,4,0.2000
4,144.0000,19,16,598.7656,-85.9090,0.4632,14,0.3590,1.0000,4,8,8,0,0,8,8,0.0000
4,144.0000,19,18,564.6116,-84.8548,0.3868,12,0.3077,1.0000,8,8,6,0,0,8,6,0.2500
4,144.0000,19,20,602.1464,-84.6279,0.6243,8,0.2051,1.0000,8,8,8,0,0,8,8,0.0000
4,144.0000,19,21,486.7631,-82.3105,0.2718,18,0.4615,0.4000,5,6,3,0,0,6,3,0.5000
4,144.0000,19,22,366.3389,-80.5102,0.4028,22,0.5641,0.8571,7,7,6,0,0,7,6,0.1429
4,144.0000,19,23,549.8916,-85.6140,-0.0803,15,0.3846,0.8000,5,8,8,0,0,8,8,0.0000
4,144.0000,19,24,741.9144,-86.6137,0.5673,9,0.2308,1.0000,4,8,8,0,0,8,8,0.0000
4,144.0000,19,25,419.1545,-82.8978,-0.0065,17,0.4359,0.5000,6,7,6,0,0,7,6,0.1429
4,144.0000,19,26,921.6568,-88.8245,0.0060,3,0.0769,,0,6,5,0,0,6,5,0.1667
4,144.0000,19,27,304.9149,-79.6508,0.4700,18,0.4615,0.6250,8,7,4,0,0,7,4,0.4286
4,144.0000,19,28,1057.7225,-87.1882,1.9157,3,0.0769,,0,4,4,0,0,4,4,0.0000
4,144.0000,19,31,230.6174,-76.3431,-0.2192,32,0.8205,0.8571,7,8,7,0,0,8,7,0.1250
4,144.0000,19,32,567.1291,-86.0225,0.0379,10,0.2564,0.8571,7,7,6,0,0,7,6,0.1429
4,144.0000,19,33,570.8351,-85.8381,0.9140,13,0.3333,1.0000,8,8,7,0,0,8,7,0.1250
4,144.0000,19,34,759.6226,-86.0999,0.1064,9,0.2308,1.0000,8,6,6,0,0,6,6,0.0000
4,144.0000,19,36,464.9920,-83.7715,0.5846,16,0.4103,0.4000,5,6,4,0,0,6,4,0.3333
4,144.0000,19,37,332.5555,-79.5209,-0.2789,20,0.5128,0.5714,7,7,6,0,0,7,6,0.1429
4,144.0000,19,38,87.1780,-70.7212,2.2861,33,0.8462,0.0000,4,5,1,0,0,5,1,0.8000
4,144.0000,19,39,853.2238,-87.4039,0.3520,6,0.1538,1.0000,8,7,5,0,0,7,5,0.2857
4,144.0000,19,40,285.9786,-79.7368,0.6384,22,0.5641,0.5000,8,6,4,0,0,6,4,0.3333
4,144.0000,19,41,471.1522,-84.6485,0.8186,16,0.4103,1.0000,8,7,6,0,0,7,6,0.1429
4,144.0000,19,43,567.8954,-85.1973,0.6526,7,0.1795,1.0000,6,8,8,0,0,8,8,0.0000
4,144.0000,19,44,932.4903,-88.3091,-0.4786,7,0.1795,1.0000,2,4,4,0,0,4,4,0.0000
4,144.0000,19,45,328.3921,-79.0777,-0.0972,24,0.6154,0.8571,7,7,4,0,0,7,4,0.4286
4,144.0000,19,47,184.3955,-76.5986,1.3038,30,0.7692,0.5000,6,4,0,0,0,4,0,1.0000
4,144.0000,20,3,497.2595,-83.5962,2.1977,11,0.2750,1.0000,10,8,8,0,0,8,8,0.0000
4,144.0000,20,4,814.6740,-86.7428,-1.4683,8,0.2000,1.0000,4,4,4,0,0,4,4,0.0000
4,144.0000,20,6,310.8294,-79.2809,0.2733,18,0.4500,0.4000,5,8,8,0,0,8,8,0.0000
4,144.0000,20,7,993.7116,-88.5704,-0.3965,4,0.1000,,0,8,8,0,0,8,8,0.0000
4,144.0000,20,8,194.4552,-74.6040,-0.4973,36,0.9000,0.4000,5,6,4,0,0,6,4,0.3333
4,144.0000,20,9,675.0005,-86.4522,-0.4935,11,0.2750,0.8571,7,4,4,0,0,4,4,0.0000
4,144.0000,20,11,649.1008,-85.0019,-0.2351,16,0.4000,0.8750,8,8,8,0,0,8,8,0.0000
4,144.0000,20,13,179.2914,-74.6415,0.1772,36,0.9000,0.4000,5,6,2,0,0,6,2,0.6667
4,144.0000,20,14,352.3885,-79.5153,-0.8172,23,0.5750,0.5918,49,7,6,78,68,85,74,0.1294
4,144.0000,20,15,672.7154,-85.7589,-0.5766,12,0.3000,0.7143,7,7,6,0,0,7,6,0.1429
4,144.0000,20,17,576.0007,-84.7501,0.1137,18,0.4500,0.9425,87,4,3,0,0,4,3,0.2500
4,144.0000,20,18,552.9311,-83.3075,-1.6017,8,0.2000,0.8750,8,8,8,0,0,8,8,0.0000
4,144.0000,20,19,602.1464,-85.6857,-0.1085,7,0.1750,1.0000,8,8,7,0,0,8,7,0.1250
4,144.0000,20,21,725.5717,-85.2245,0.6581,3,0.0750,1.0000,8,8,8,0,0,8,8,0.0000
4,144.0000,20,22,683.3098,-85.9074,1.6010,5,0.1250,1.0000,8,6,4,0,0,6,4,0.3333
4,144.0000,20,23,728.6554,-88.0239,0.2655,5,0.1250,0.8571,7,7,5,0,0,7,5,0.2857
4,144.0000,20,24,599.4087,-84.8682,0.6641,13,0.3250,1.0000,8,8,7,0,0,8,7,0.1250
4,144.0000,20,25,396.0965,-80.9015,-0.7078,20,0.5000,0.7143,7,8,8,0,0,8,8,0.0000
4,144.0000,20,27,672.3813,-84.8149,-0.2050,7,0.1750,0.8750,8,8,8,0,0,8,8,0.0000
4,144.0000,20,28,705.8204,-86.1344,-0.0499,11,0.2750,0.5714,7,8,6,0,0,8,6,0.2500
4,144.0000,20,30,856.9982,-86.8134,0.5144,5,0.1250,1.0000,4,8,8,0,0,8,8,0.0000
4,144.0000,20,31,410.3163,-80.6784,0.8749,13,0.3250,0.5000,6,6,4,0,0,6,4,0.3333
4,144.0000,20,32,478.1459,-83.7766,0.2461,13,0.3250,1.0000,8,7,6,0,0,7,6,0.1429
4,144.0000,20,33,243.8247,-77.2593,0.2175,26,0.6500,0.0000,4,6,3,0,0,6,3,0.5000
4,144.0000,20,35,922.2264,-86.6300,0.0126,6,0.1500,1.0000,6,8,8,0,0,8,8,0.0000
4,144.0000,20,36,1016.8591,-88.9633,-0.0286,3,0.0750,1.0000,2,2,2,0,0,2,2,0.0000
4,144.0000,20,37,501.0650,-83.9416,0.5916,11,0.2750,0.8750,8,8,8,0,0,8,8,0.0000
4,144.0000,20,38,537.7866,-83.9369,0.8936,9,0.2250,1.0000,8,8,8,0,0,8,8,0.0000
4,144.0000,20,39,311.3103,-80.3976,0.9779,24,0.6000,0.4286,7,4,0,40,13,44,13,0.7045
4,144.0000,20,40,480.5036,-82.3834,-1.2036,11,0.2750,1.0000,8,8,8,0,0,8,8,0.0000
4,144.0000,20,41,802.1774,-86.5628,-0.1289,3,0.0750,1.0000,6,6,4,0,0,6,4,0.3333
4,144.0000,20,42,363.0385,-80.9128,0.1091,26,0.6500,0.5000,10,7,6,0,0,7,6,0.1429
4,144.0000,20,44,563.8017,-85.1741,0.4697,14,0.3500,0.8750,8,8,7,0,0,8,7,0.1250
4,144.0000,20,45,597.7936,-83.2751,-0.1938,10,0.2500,1.0000,8,7,6,0,0,7,6,0.1429
4,144.0000,20,46,770.2833,-85.8625,-0.3408,10,0.2500,0.8750,8,7,6,0,0,7,6,0.1429
4,144.0000,20,47,777.2984,-88.7942,-1.0417,4,0.1000,0.8333,6,5,4,0,0,5,4,0.2000
4,144.0000,21,1,458.8889,-82.1407,-0.3553,17,0.4250,1.0000,8,8,8,0,0,8,8,0.0000
4,144.0000,21,3,769.0522,-88.0014,0.2893,5,0.1250,1.0000,8,5,4,0,0,5,4,0.2000
4,144.0000,21,4,1011.0217,-88.9252,-0.5325,4,0.1000,0.7500,4,4,4,0,0,4,4,0.0000
4,144.0000,21,6,669.1673,-85.1134,1.1378,8,0.2000,1.0000,8,8,8,0,0,8,8,0.0000
4,144.0000,21,7,530.5391,-84.2089,0.4969,13,0.3250,1.0000,8,7,6,0,0,7,6,0.1429
4,144.0000,21,8,583.0952,-85.0137,-1.2043,6,0.1500,1.0000,8,7,6,0,0,7,6,0.1429
4,144.0000,21,9,590.9727,-85.2562,0.4396,6,0.1500,1.0000,8,5,4,0,0,5,4,0.2000
4,144.0000,21,10,647.3085,-86.7590,-0.5708,10,0.2500,1.0000,4,7,6,0,0,7,6,0.1429
4,144.0000,21,14,824.5581,-88.4525,1.2691,3,0.0750,1.0000,8,6,6,0,0,6,6,0.0000
4,144.0000,21,16,599.3843,-86.1549,-0.3651,10,0.2500,1.0000,8,7,5,0,0,7,5,0.2857
4,144.0000,21,18,550.8449,-85.0014,-0.8062,9,0.2250,1.0000,8,7,6,0,0,7,6,0.1429
4,144.0000,21,19,486.7631,-82.7767,-0.7651,13,0.3250,0.8000,5,7,6,0,0,7,6,0.1429
4,144.0000,21,20,725.5717,-86.4656,-0.6296,6,0.1500,1.0000,8,8,8,0,0,8,8,0.0000
4,144.0000,21,22,306.1455,-79.3243,1.4168,23,0.5750,0.4000,5,6,4,0,0,6,4,0.3333
4,144.0000,21,23,811.1742,-86.5379,-0.1379,3,0.0750,1.0000,4,2,1,0,0,2,1,0.5000
4,144.0000,21,24,623.4211,-84.5306,1.1414,5,0.1250,0.7143,7,8,8,0,0,8,8,0.0000
4,144.0000,21,25,771.5932,-86.6084,-1.6359,4,0.1000,1.0000,8,8,8,0,0,8,8,0.0000
4,144.0000,21,27,639.5633,-84.7457,-1.1531,7,0.1750,1.0000,6,7,6,0,0,7,6,0.1429
4,144.0000,21,31,446.6197,-82.3525,-0.2344,14,0.3500,0.8571,7,8,7,0,0,8,7,0.1250
4,144.0000,21,32,463.1087,-83.0493,0.0207,13,0.3250,1.0000,8,7,6,0,0,7,6,0.1429
4,144.0000,21,33,554.8500,-82.4326,-0.8528,10,0.2500,0.6667,6,7,6,0,0,7,6,0.1429
4,144.0000,21,34,1060.2951,-87.9618,-0.5989,7,0.1750,1.0000,4,4,4,0,0,4,4,0.0000
4,144.0000,21,36,503.9119,-83.6441,0.0009,18,0.4500,1.0000,8,6,6,0,0,6,6,0.0000
4,144.0000,21,37,752.1299,-86.3635,0.5157,5,0.1250,1.0000,8,8,8,0,0,8,8,0.0000
4,144.0000,21,38,506.6202,-85.5578,0.0608,9,0.2250,0.8571,7,8,8,0,0,8,8,0.0000
4,144.0000,21,40,317.5242,-79.9633,0.6321,15,0.3750,0.6667,6,5,1,0,0,5,1,0.8000
4,144.0000,21,43,632.8738,-85.7866,-0.2663,5,0.1250,1.0000,6,7,6,0,0,7,6,0.1429
4,144.0000,21,44,822.1960,-89.4132,-0.2642,3,0.0750,0.8000,5,8,8,0,0,8,8,0.0000
4,144.0000,21,45,190.4169,-75.0584,0.1513,28,0.7000,0.4000,5,7,4,0,0,7,4,0.4286
4,144.0000,21,47,544.1245,-86.2019,0.1242,6,0.1500,0.7143,7,8,8,0,0,8,8,0.0000
4,144.0000,22,0,950.9592,-87.3904,0.5465,7,0.1750,1.0000,6,4,3,0,0,4,3,0.2500
4,144.0000,22,1,382.7504,-80.9811,0.1812,14,0.3500,1.0000,8,8,7,0,0,8,7,0.1250
4,144.0000,22,3,546.9031,-85.9754,0.7714,7,0.1750,0.8571,7,8,8,0,0,8,8,0.0000
4,144.0000,22,6,638.8899,-83.7538,-1.2389,3,0.0750,1.0000,8,7,6,0,0,7,6,0.1429
4,144.0000,22,7,622.8526,-85.4270,0.5147,9,0.2250,0.8333,6,7,6,0,0,7,6,0.1429
4,144.0000,22,8,563.6240,-85.9966,1.0346,4,0.1000,1.0000,8,8,8,0,0,8,8,0.0000
4,144.0000,22,9,821.9393,-87.9012,0.1025,4,0.1000,1.0000,6,2,2,0,0,2,2,0.0000
4,144.0000,22,10,555.7219,-83.8069,-0.4956,14,0.3500,0.7143,7,7,6,0,0,7,6,0.1429
4,144.0000,22,16,595.3104,-84.0410,0.0135,12,0.3000,0.0000,1,4,3,0,0,4,3,0.2500
4,144.0000,22,18,708.6891,-86.3338,0.5920,3,0.0750,1.0000,8,8,7,0,0,8,7,0.1250
4,144.0000,22,19,366.3389,-81.6926,1.5526,13,0.3250,0.8571,7,8,6,0,0,8,6,0.2500
4,144.0000,22,21,306.1455,-78.5202,0.7466,24,0.6000,0.8571,7,8,6,0,0,8,6,0.2500
4,144.0000,22,23,518.9117,-86.0549,2.2842,5,0.1250,0.6667,6,6,4,0,0,6,4,0.3333
4,144.0000,22,24,819.9859,-87.3869,0.8058,4,0.1000,1.0000,6,8,8,0,0,8,8,0.0000
4,144.0000,22,25,595.4337,-86.2569,-0.4874,4,0.1000,0.8000,5,9,8,0,0,9,8,0.1111
4,144.0000,22,26,944.7175,-86.2468,-2.9435,3,0.0750,1.0000,6,6,6,0,0,6,6,0.0000
4,144.0000,22,27,372.4957,-80.8877,-1.0256,10,0.2500,0.4000,5,7,5,0,0,7,5,0.2857
4,144.0000,22,31,418.5550,-82.6640,1.1708,10,0.2500,1.0000,8,8,8,0,0,8,8,0.0000
4,144.0000,22,32,627.9679,-87.2654,3.7159,4,0.1000,1.0000,6,8,8,0,0,8,8,0.0000
4,144.0000,22,33,612.6909,-86.2950,-1.9578,3,0.0750,0.8571,7,8,8,0,0,8,8,0.0000
4,144.0000,22,34,841.8863,-86.5011,-0.8063,6,0.1500,0.7143,7,4,4,0,0,4,4,0.0000
4,144.0000,22,36,518.2183,-84.2829,-1.2948,8,0.2000,0.4000,5,8,8,0,0,8,8,0.0000
4,144.0000,22,37,567.1293,-84.2246,0.9405,10,0.2500,0.8571,7,7,6,0,0,7,6,0.1429
4,144.0000,22,38,356.0511,-82.1597,0.5554,13,0.3250,1.0000,8,8,8,0,0,8,8,0.0000
4,144.0000,22,40,219.0599,-79.0560,2.2115,17,0.4250,0.8571,7,5,1,0,0,5,1,0.8000
4,144.0000,22,41,554.4191,-84.3391,2.1327,8,0.2000,0.9000,10,7,6,0,0,7,6,0.1429
4,144.0000,22,43,485.4726,-83.0857,0.3990,17,0.4250,0.6667,6,7,6,0,0,7,6,0.1429
4,144.0000,22,45,179.1382,-76.6688,0.6084,24,0.6000,0.5714,7,6,2,0,0,6,2,0.6667
4,144.0000,22,47,386.2702,-81.0042,0.6044,14,0.3500,0.7143,7,8,7,0,0,8,7,0.1250
4,144.0000,23,0,844.1717,-87.6216,-1.4584,6,0.1500,0.7500,4,5,4,0,0,5,4,0.2000
4,144.0000,23,1,672.0473,-85.0756,0.2714,4,0.1000,1.0000,8,8,8,0,0,8,8,0.0000
4,144.0000,23,3,300.8124,-80.1936,-0.4751,18,0.4500,0.2000,5,7,6,0,0,7,6,0.1429
4,144.0000,23,12,848.3261,-86.8022,-0.4425,6,0.1500,1.0000,6,4,4,0,0,4,4,0.0000
4,144.0000,23,16,941.3215,-88.4754,-0.0433,4,0.1000,,0,6,6,0,0,6,6,0.0000
4,144.0000,23,19,549.8916,-85.5975,-0.9713,5,0.1250,1.0000,8,8,7,0,0,8,7,0.1250
4,144.0000,23,20,728.6554,-85.9358,-0.7175,3,0.0750,1.0000,8,6,6,0,0,6,6,0.0000
4,144.0000,23,22,518.9117,-86.0885,0.4944,6,0.1500,1.0000,8,8,7,0,0,8,7,0.1250
4,144.0000,23,25,432.4373,-83.5588,0.2141,6,0.1500,0.6667,6,7,6,0,0,7,6,0.1429
4,144.0000,23,26,956.9738,-87.7315,-0.5862,4,0.1000,,0,3,3,0,0,3,3,0.0000
4,144.0000,23,27,257.6279,-78.5426,0.9527,18,0.4500,0.8571,7,6,2,0,0,6,2,0.6667
4,144.0000,23,29,919.6536,-88.5084,-1.4275,3,0.0750,1.0000,2,2,2,0,0,2,2,0.0000
4,144.0000,23,34,748.9855,-86.8573,-0.4229,9,0.2250,1.0000,8,7,6,0,0,7,6,0.1429
4,144.0000,23,37,421.9709,-81.3289,0.1234,11,0.2750,0.8333,6,10,8,0,0,10,8,0.2000
4,144.0000,23,38,485.5487,-82.7813,1.4305,6,0.1500,1.0000,8,8,8,0,0,8,8,0.0000
4,144.0000,23,39,912.9246,-88.4180,-0.7905,3,0.0750,1.0000,8,8,8,0,0,8,8,0.0000
4,144.0000,23,40,549.0099,-83.5732,-1.3877,3,0.0750,1.0000,8,6,4,0,0,6,4,0.3333
4,144.0000,23,41,222.0479,-76.7312,0.4209,32,0.8000,0.5000,6,7,4,0,0,7,4,0.4286
4,144.0000,23,43,721.5755,-87.3336,-0.7212,4,0.1000,1.0000,4,5,4,0,0,5,4,0.2000
4,144.0000,23,45,635.9141,-87.8056,-0.5363,3,0.0750,1.0000,6,8,8,0,0,8,8,0.0000
4,144.0000,23,47,552.7584,-84.4718,0.2320,10,0.2500,1.0000,8,8,7,0,0,8,7,0.1250
4,144.0000,24,2,847.5632,-88.0144,0.9795,4,0.1000,1.0000,8,4,4,0,0,4,4,0.0000
4,144.0000,24,4,571.5034,-83.9196,0.5553,11,0.2750,1.0000,8,8,8,0,0,8,8,0.0000
4,144.0000,24,6,549.4211,-84.5865,-0.0842,7,0.1750,1.0000,8,10,10,0,0,10,10,0.0000
4,144.0000,24,7,801.2640,-87.7940,-0.5952,5,0.1250,,0,4,4,0,0,4,4,0.0000
4,144.0000,24,8,562.8683,-86.2194,-1.8566,6,0.1500,0.8571,7,7,6,0,0,7,6,0.1429
4,144.0000,24,9,228.9117,-76.8298,-0.1937,32,0.8000,0.6667,6,5,1,0,0,5,1,0.8000
4,144.0000,24,11,744.3245,-87.2085,0.9034,7,0.1750,1.0000,8,4,4,0,0,4,4,0.0000
4,144.0000,24,13,574.1526,-86.4180,0.0485,5,0.1250,1.0000,8,10,9,0,0,10,9,0.1000
4,144.0000,24,14,397.1970,-83.9517,1.5881,10,0.2500,1.0000,8,8,8,0,0,8,8,0.0000
4,144.0000,24,15,630.9390,-86.8394,-1.3496,7,0.1750,1.0000,8,6,4,0,0,6,4,0.3333
4,144.0000,24,17,737.5918,-87.4097,0.6419,7,0.1750,1.0000,6,6,6,0,0,6,6,0.0000
4,144.0000,24,18,204.2696,-75.4745,1.5943,24,0.6000,0.3333,6,7,6,0,0,7,6,0.1429
4,144.0000,24,19,741.9144,-86.0357,-2.9058,4,0.1000,1.0000,8,8,8,0,0,8,8,0.0000
4,144.0000,24,20,599.4087,-85.4808,-0.5955,8,0.2000,1.0000,8,8,8,0,0,8,8,0.0000
4,144.0000,24,21,623.4211,-84.9534,0.3364,8,0.2000,1.0000,8,6,6,0,0,6,6,0.0000
4,144.0000,24,25,858.7243,-87.7805,1.1516,4,0.1000,0.8571,7,9,9,0,0,9,9,0.0000
4,144.0000,24,28,368.9131,-82.9700,1.4547,19,0.4750,1.0000,8,6,3,0,0,6,3,0.5000
4,144.0000,24,30,564.4805,-85.4334,0.1388,11,0.2750,0.8571,7,6,3,0,0,6,3,0.5000
4,144.0000,24,31,541.1438,-85.1681,1.1698,4,0.1000,0.8571,7,8,6,0,0,8,6,0.2500
4,144.0000,24,32,196.7885,-73.5086,-0.0683,30,0.7500,0.0000,4,7,5,0,0,7,5,0.2857
4,144.0000,24,33,383.3842,-81.5889,-0.8123,10,0.2500,1.0000,8,8,8,0,0,8,8,0.0000
4,144.0000,24,35,1054.7548,-88.3458,0.1094,3,0.0750,1.0000,4,4,4,0,0,4,4,0.0000
4,144.0000,24,36,920.1615,-87.7607,-1.3614,3,0.0750,1.0000,4,4,4,0,0,4,4,0.0000
4,144.0000,24,37,882.9721,-87.9480,0.7864,3,0.0750,0.8571,7,6,6,0,0,6,6,0.0000
4,144.0000,24,39,794.3642,-87.3292,-1.4586,4,0.1000,1.0000,8,10,10,0,0,10,10,0.0000
4,144.0000,24,40,642.2756,-85.2420,-0.7257,3,0.0750,1.0000,8,8,8,0,0,8,8,0.0000
4,144.0000,24,44,303.3123,-81.2506,1.2686,21,0.5250,0.8000,5,6,3,0,0,6,3,0.5000
4,144.0000,24,45,644.0363,-85.9245,0.8229,5,0.1250,1.0000,8,8,8,0,0,8,8,0.0000
4,144.0000,24,46,812.5639,-88.1672,0.2715,8,0.2000,1.0000,8,6,6,0,0,6,6,0.0000
4,144.0000,25,1,638.9686,-87.3361,1.0317,6,0.1500,0.8750,8,8,8,0,0,8,8,0.0000
4,144.0000,25,3,134.4307,-74.3719,1.0879,35,0.8750,0.0000,4,6,2,0,0,6,2,0.6667
4,144.0000,25,6,344.9723,-78.9799,-0.6466,16,0.4000,0.8571,7,6,4,0,0,6,4,0.3333
4,144.0000,25,7,906.4375,-89.1950,-0.2998,3,0.0750,1.0000,4,6,6,0,0,6,6,0.0000
4,144.0000,25,8,477.4317,-81.9444,-0.5348,10,0.2500,0.8571,7,8,8,0,0,8,8,0.0000
4,144.0000,25,13,328.5480,-78.5133,-0.6087,25,0.6250,0.4000,5,7,4,0,0,7,4,0.4286
4,144.0000,25,14,654.8326,-85.0242,-0.2895,7,0.1750,0.8571,7,8,7,0,0,8,7,0.1250
4,144.0000,25,15,1034.3722,-88.1370,0.6391,3,0.0750,0.8571,7,2,2,0,0,2,2,0.0000
4,144.0000,25,17,962.5374,-87.7293,0.2369,3,0.0750,1.0000,8,8,8,0,0,8,8,0.0000
4,144.0000,25,18,724.1589,-84.8508,0.0318,10,0.2500,0.7143,7,7,6,0,0,7,6,0.1429
4,144.0000,25,19,419.1545,-81.9916,1.2469,9,0.2250,0.7778,9,7,6,0,0,7,6,0.1429
4,144.0000,25,20,396.0965,-79.8043,-0.9738,14,0.3500,0.5000,6,7,5,0,0,7,5,0.2857
4,144.0000,25,21,771.5932,-87.6837,1.0502,5,0.1250,1.0000,8,8,8,0,0,8,8,0.0000
4,144.0000,25,22,595.4337,-85.6353,0.4603,4,0.1000,1.0000,8,8,8,0,0,8,8,0.0000
4,144.0000,25,23,432.4373,-83.9085,0.8495,17,0.4250,0.5000,6,7,5,0,0,7,5,0.2857
4,144.0000,25,24,858.7243,-85.7162,-0.3103,3,0.0750,1.0000,6,6,6,0,0,6,6,0.0000
4,144.0000,25,27,374.3673,-81.1144,-0.6712,16,0.4000,0.6667,6,8,7,0,0,8,7,0.1250
4,144.0000,25,31,392.5287,-80.1887,-0.8935,13,0.3250,0.7143,7,7,5,0,0,7,5,0.2857
4,144.0000,25,32,697.5296,-85.0512,-0.2531,3,0.0750,1.0000,6,8,8,0,0,8,8,0.0000
4,144.0000,25,33,545.0709,-84.1143,0.5867,10,0.2500,1.0000,8,8,7,0,0,8,7,0.1250
4,144.0000,25,37,137.2961,-74.9631,1.8431,30,0.7500,0.5714,7,5,2,0,0,5,2,0.6000
4,144.0000,25,38,339.8780,-81.7195,0.8484,15,0.3750,0.7143,7,8,7,0,0,8,7,0.1250
4,144.0000,25,39,544.6866,-83.9208,0.3509,10,0.2500,0.5000,6,6,5,0,0,6,5,0.1667
4,144.0000,25,40,457.7110,-82.0036,-0.9879,11,0.2750,0.7143,7,7,6,0,0,7,6,0.1429
4,144.0000,25,41,444.4727,-83.5183,0.3700,15,0.3750,1.0000,8,7,6,0,0,7,6,0.1429
4,144.0000,25,42,666.7831,-85.7156,0.5893,8,0.2000,1.0000,8,8,8,0,0,8,8,0.0000
4,144.0000,25,44,921.9598,-87.3710,-2.3717,4,0.1000,1.0000,8,8,8,0,0,8,8,0.0000
4,144.0000,25,45,587.1980,-84.0144,-0.3319,7,0.1750,1.0000,8,8,8,0,0,8,8,0.0000
4,144.0000,25,47,545.0540,-83.9223,0.4448,9,0.2250,0.8750,8,7,6,0,0,7,6,0.1429
4,144.0000,26,0,242.5509,-73.6449,-1.8118,36,0.9000,0.2000,5,7,3,0,0,7,3,0.5714
4,144.0000,26,5,254.9912,-80.1867,0.5107,30,0.7500,0.8571,7,4,0,0,0,4,0,1.0000
4,144.0000,26,10,521.3320,-82.8707,0.1123,14,0.3500,0.8750,8,8,8,0,0,8,8,0.0000
4,144.0000,26,12,131.9103,-73.1026,0.8519,36,0.9000,0.0000,4,5,1,0,0,5,1,0.8000
4,144.0000,26,16,648.9327,-85.1587,0.6112,4,0.1000,1.0000,8,8,8,0,0,8,8,0.0000
4,144.0000,26,29,327.8453,-78.6687,-0.7906,34,0.8500,0.5000,6,6,3,0,0,6,3,0.5000
4,144.0000,26,34,275.0409,-79.1786,0.1892,30,0.7500,0.2000,5,4,0,0,0,4,0,1.0000
4,144.0000,26,41,801.3594,-86.6623,-0.1430,4,0.1000,1.0000,8,8,8,0,0,8,8,0.0000
4,144.0000,26,43,499.2878,-83.6152,0.1416,13,0.3250,0.8750,8,8,8,0,0,8,8,0.0000
4,144.0000,26,47,738.2465,-85.9073,-0.9205,3,0.0750,1.0000,8,8,8,0,0,8,8,0.0000
4,144.0000,27,0,792.3041,-87.3152,0.1298,10,0.2500,1.0000,2,6,6,0,0,6,6,0.0000
4,144.0000,27,1,420.3864,-82.4615,-0.3315,18,0.4500,0.7143,7,6,4,0,0,6,4,0.3333
4,144.0000,27,3,274.6223,-76.7754,-1.1792,30,0.7500,0.3333,6,6,4,0,0,6,4,0.3333
4,144.0000,27,5,922.2019,-87.0542,0.4593,7,0.1750,,0,4,4,0,0,4,4,0.0000
4,144.0000,27,6,577.8151,-83.7660,0.4088,14,0.3500,1.0000,8,6,6,0,0,6,6,0.0000
4,144.0000,27,7,742.2073,-87.6593,0.6331,10,0.2500,1.0000,4,5,4,0,0,5,4,0.2000
4,144.0000,27,8,649.6362,-84.9787,-0.5411,8,0.2000,1.0000,8,8,7,0,0,8,7,0.1250
4,144.0000,27,9,1054.8146,-88.9759,0.0140,5,0.1250,1.0000,6,4,4,0,0,4,4,0.0000
4,144.0000,27,10,586.1282,-84.6050,0.3085,14,0.3500,0.8571,7,6,4,0,0,6,4,0.3333
4,144.0000,27,12,757.1012,-86.0865,-0.1309,16,0.4000,1.0000,8,6,6,0,0,6,6,0.0000
4,144.0000,27,13,615.7937,-85.3157,0.8964,10,0.2500,1.0000,8,8,8,0,0,8,8,0.0000
4,144.0000,27,14,920.3587,-89.0627,-0.0412,5,0.1250,1.0000,8,6,6,0,0,6,6,0.0000
4,144.0000,27,16,721.2966,-87.1099,0.3565,13,0.3250,,0,2,2,0,0,2,2,0.0000
4,144.0000,27,18,830.7651,-87.4871,-0.5209,6,0.1500,1.0000,6,8,8,0,0,8,8,0.0000
4,144.0000,27,19,304.9149,-78.8274,0.4660,24,0.6000,0.4000,5,7,3,0,0,7,3,0.5714
4,144.0000,27,20,672.3813,-85.7696,-0.6583,9,0.2250,0.8571,7,6,3,0,0,6,3,0.5000
4,144.0000,27,21,639.5633,-86.4360,0.1654,10,0.2500,1.0000,8,6,6,0,0,6,6,0.0000
4,144.0000,27,22,372.4957,-81.2015,0.7300,18,0.4500,0.7143,7,8,7,0,0,8,7,0.1250
4,144.0000,27,23,257.6279,-79.4269,0.9119,31,0.7750,0.0000,4,5,2,0,0,5,2,0.6000
4,144.0000,27,25,374.3673,-81.1333,0.4365,17,0.4250,0.8571,7,7,6,0,0,7,6,0.1429
4,144.0000,27,26,841.8539,-87.4598,0.9168,7,0.1750,1.0000,6,2,2,0,0,2,2,0.0000
4,144.0000,27,29,854.9441,-88.4292,0.7315,7,0.1750,1.0000,4,6,6,0,0,6,6,0.0000
4,144.0000,27,31,450.5192,-82.2650,-0.7455,15,0.3750,0.8571,7,8,8,0,0,8,8,0.0000
4,144.0000,27,32,795.3751,-87.0965,0.3549,8,0.2000,1.0000,8,8,8,0,0,8,8,0.0000
4,144.0000,27,33,719.2357,-86.7883,-0.4519,6,0.1500,0.6667,6,8,8,0,0,8,8,0.0000
4,144.0000,27,34,643.7029,-86.1848,-0.2819,19,0.4750,1.0000,8,8,8,0,0,8,8,0.0000
4,144.0000,27,36,639.3005,-86.6806,0.6587,11,0.2750,1.0000,8,7,6,0,0,7,6,0.1429
4,144.0000,27,37,301.1104,-77.3370,-1.4475,29,0.7250,0.3333,6,7,5,0,0,7,5,0.2857
4,144.0000,27,38,258.0064,-75.9769,-1.1245,29,0.7250,0.0000,4,6,4,0,0,6,4,0.3333
4,144.0000,27,39,898.0780,-88.2119,-0.1126,6,0.1500,1.0000,8,8,8,0,0,8,8,0.0000
4,144.0000,27,40,389.1308,-81.1515,-0.7545,18,0.4500,1.0000,8,8,5,0,0,8,5,0.3750
4,144.0000,27,41,197.1698,-77.8398,0.6304,38,0.9500,0.4000,5,5,1,0,0,5,1,0.8000
4,144.0000,27,42,981.0238,-87.7403,1.9250,3,0.0750,1.0000,2,4,4,0,0,4,4,0.0000
4,144.0000,27,43,551.7466,-85.3033,0.5038,13,0.3250,1.0000,6,8,8,0,0,8,8,0.0000
4,144.0000,27,45,460.3558,-82.1153,-0.6191,18,0.4500,1.0000,8,8,8,0,0,8,8,0.0000
4,144.0000,27,47,298.1714,-79.2329,-0.0026,25,0.6250,0.3333,6,6,2,0,0,6,2,0.6667
4,144.0000,28,2,550.8782,-83.6422,-0.4839,15,0.3750,0.5000,6,7,5,0,0,7,5,0.2857
4,144.0000,28,4,296.6597,-78.6708,-0.0889,33,0.8250,0.0000,4,4,0,0,0,4,0,1.0000
4,144.0000,28,6,770.1224,-86.7667,1.3544,3,0.0750,1.0000,8,8,8,0,0,8,8,0.0000
4,144.0000,28,8,701.1393,-87.2420,0.9445,5,0.1250,1.0000,8,7,6,0,0,7,6,0.1429
4,144.0000,28,9,391.0163,-82.3269,-0.6504,20,0.5000,0.5714,7,6,4,0,0,6,4,0.3333
4,144.0000,28,11,503.8357,-83.6309,-0.4767,13,0.3250,0.8571,7,7,6,0,0,7,6,0.1429
4,144.0000,28,13,737.7807,-86.9250,1.3719,3,0.0750,1.0000,6,8,7,0,0,8,7,0.1250
4,144.0000,28,14,442.5142,-83.2578,0.3762,9,0.2250,1.0000,8,6,4,0,0,6,4,0.3333
4,144.0000,28,15,352.4978,-80.1280,-0.0572,27,0.6750,0.5000,6,7,6,0,0,7,6,0.1429
4,144.0000,28,17,528.1487,-84.7345,0.1703,12,0.3000,0.8571,7,6,4,0,0,6,4,0.3333
4,144.0000,28,18,547.5215,-84.4549,0.3813,8,0.2000,1.0000,8,8,8,0,0,8,8,0.0000
4,144.0000,28,20,705.8204,-86.4677,0.2530,6,0.1500,1.0000,8,8,7,0,0,8,7,0.1250
4,144.0000,28,24,368.9131,-81.7891,-0.0693,15,0.3750,0.8750,8,7,5,0,0,7,5,0.2857
4,144.0000,28,30,224.3078,-77.2086,0.1438,38,0.9500,0.2000,5,4,0,0,0,4,0,1.0000
4,144.0000,28,32,516.4498,-83.3419,-1.0287,8,0.2000,1.0000,8,7,6,0,0,7,6,0.1429
4,144.0000,28,33,556.4988,-84.3866,0.9530,7,0.1750,0.8750,8,8,7,0,0,8,7,0.1250
4,144.0000,28,35,782.4570,-86.0027,-0.8335,14,0.3500,1.0000,8,8,7,0,0,8,7,0.1250
4,144.0000,28,39,785.0212,-87.6667,0.9708,5,0.1250,1.0000,8,8,8,0,0,8,8,0.0000
4,144.0000,28,42,768.4342,-86.4460,0.1192,4,0.1000,0.8750,8,6,6,0,0,6,6,0.0000
4,144.0000,28,44,153.5089,-72.0291,-0.5032,33,0.8250,0.2000,5,6,2,0,0,6,2,0.6667
4,144.0000,28,46,519.8715,-83.2821,-0.2744,17,0.4250,0.8571,7,7,3,0,0,7,3,0.5714
4,144.0000,29,0,231.9735,-77.7898,0.5336,33,0.8250,0.0000,4,4,0,0,0,4,0,1.0000
4,144.0000,29,5,566.1775,-84.7306,0.5872,8,0.2000,1.0000,8,8,8,0,0,8,8,0.0000
4,144.0000,29,10,733.2699,-86.8902,0.5649,5,0.1250,1.0000,8,8,8,0,0,8,8,0.0000
4,144.0000,29,12,308.8248,-79.8768,0.4905,27,0.6750,0.2000,5,5,1,0,0,5,1,0.8000
4,144.0000,29,26,327.8453,-78.6396,-0.5054,29,0.7250,0.5000,6,7,6,0,0,7,6,0.1429
4,144.0000,29,34,239.4779,-78.6371,1.7957,21,0.5250,0.5000,6,4,0,0,0,4,0,1.0000
4,144.0000,29,43,721.5089,-85.7556,-0.5186,3,0.0750,0.8571,7,8,8,0,0,8,8,0.0000
4,144.0000,30,2,474.9968,-84.7661,0.3287,12,0.3000,0.7143,7,5,2,0,0,5,2,0.6000
4,144.0000,30,4,154.0965,-75.1443,1.4696,34,0.8500,0.0000,4,5,1,0,0,5,1,0.8000
4,144.0000,30,9,508.5317,-83.3564,-0.4926,6,0.1500,1.0000,8,8,8,0,0,8,8,0.0000
4,144.0000,30,11,554.0195,-85.5693,0.6864,5,0.1250,1.0000,8,7,5,0,0,7,5,0.2857
4,144.0000,30,15,410.9167,-82.8805,-0.0966,10,0.2500,0.7500,8,7,6,0,0,7,6,0.1429
4,144.0000,30,17,523.9419,-84.2430,0.7602,5,0.1250,0.8571,7,8,5,0,0,8,5,0.3750
4,144.0000,30,24,564.4805,-85.5247,0.2730,4,0.1000,1.0000,8,8,8,0,0,8,8,0.0000
4,144.0000,30,28,224.3078,-77.1080,1.2060,28,0.7000,0.2857,7,3,0,0,0,3,0,1.0000
4,144.0000,30,35,780.8966,-85.3863,-0.3007,8,0.2000,1.0000,6,6,6,0,0,6,6,0.0000
4,144.0000,30,44,322.7733,-78.7722,0.4245,14,0.3500,0.6667,6,7,4,0,0,7,4,0.4286
4,144.0000,30,46,516.4743,-83.8758,0.2359,12,0.3000,0.7500,8,8,6,0,0,8,6,0.2500
4,144.0000,31,1,409.7643,-81.7111,-0.3274,21,0.5250,0.5000,6,8,7,0,0,8,7,0.1250
4,144.0000,31,3,446.1744,-81.9889,0.4626,24,0.6000,0.6667,9,7,6,0,0,7,6,0.1429
4,144.0000,31,6,237.0587,-74.9781,-1.0446,33,0.8250,0.0000,4,6,4,0,0,6,4,0.3333
4,144.0000,31,7,589.7713,-85.6590,0.1659,14,0.3500,1.0000,6,6,4,0,0,6,4,0.3333
4,144.0000,31,8,391.3256,-81.1782,0.2714,19,0.4750,0.7143,7,8,7,0,0,8,7,0.1250
4,144.0000,31,9,648.0994,-85.9816,-0.8920,10,0.2500,1.0000,6,5,3,0,0,5,3,0.4000
4,144.0000,31,10,711.4420,-86.0288,-0.5412,12,0.3000,1.0000,4,4,4,0,0,4,4,0.0000
4,144.0000,31,11,966.5247,-87.6825,-0.0062,3,0.0750,1.0000,4,2,2,0,0,2,2,0.0000
4,144.0000,31,12,1097.5886,-87.8102,-0.2697,5,0.1250,1.0000,6,4,4,0,0,4,4,0.0000
4,144.0000,31,13,315.5162,-80.0368,0.6500,26,0.6500,0.7328,131,8,5,133,102,141,107,0.2411
4,144.0000,31,14,523.9668,-83.9833,-0.1089,15,0.3750,0.6667,6,8,7,0,0,8,7,0.1250
4,144.0000,31,15,937.6981,-88.9552,-0.1589,3,0.0750,1.0000,6,6,6,0,0,6,6,0.0000
4,144.0000,31,16,759.0059,-87.5248,-0.2241,10,0.2500,,0,3,2,0,0,3,2,0.3333
4,144.0000,31,17,922.9977,-87.2875,-0.1580,3,0.0750,0.0000,1,4,4,0,0,4,4,0.0000
4,144.0000,31,18,384.0085,-82.3026,0.1961,19,0.4750,0.4000,5,7,6,0,0,7,6,0.1429
4,144.0000,31,19,230.6174,-76.9055,0.0277,29,0.7250,0.5714,7,5,1,0,0,5,1,0.8000
4,144.0000,31,20,410.3163,-81.8214,-0.5347,15,0.3750,0.7778,9,5,4,0,0,5,4,0.2000
4,144.0000,31,21,446.6197,-83.8920,1.2835,17,0.4250,0.8571,7,7,5,0,0,7,5,0.2857
4,144.0000,31,22,418.5550,-82.9464,0.6831,21,0.5250,0.7143,7,8,7,0,0,8,7,0.1250
4,144.0000,31,23,641.4623,-85.6986,0.7045,15,0.3750,1.0000,2,6,4,0,0,6,4,0.3333
4,144.0000,31,24,541.1438,-85.3786,0.1671,15,0.3750,1.0000,4,8,7,0,0,8,7,0.1250
4,144.0000,31,25,392.5287,-80.9311,-1.0617,28,0.7000,0.5000,6,7,5,0,0,7,5,0.2857
4,144.0000,31,27,450.5192,-81.7422,-0.7330,23,0.5750,0.4000,5,7,6,0,0,7,6,0.1429
4,144.0000,31,28,834.4058,-88.3982,0.0086,7,0.1750,1.0000,2,6,6,0,0,6,6,0.0000
4,144.0000,31,32,362.4857,-82.6977,0.8420,17,0.4250,0.8750,8,4,0,0,0,4,0,1.0000
4,144.0000,31,33,344.6338,-80.1967,0.0292,22,0.5500,1.0000,8,8,5,0,0,8,5,0.3750
4,144.0000,31,34,987.7224,-87.5257,0.4815,3,0.0750,1.0000,4,6,6,0,0,6,6,0.0000
4,144.0000,31,36,612.4429,-85.4212,-0.6713,15,0.3750,1.0000,8,8,8,0,0,8,8,0.0000
4,144.0000,31,37,375.6646,-79.8331,-1.3229,31,0.7750,0.3333,6,7,6,0,0,7,6,0.1429
4,144.0000,31,38,210.2527,-77.3699,0.2520,32,0.8000,0.2000,5,6,4,0,0,6,4,0.3333
4,144.0000,31,39,681.3674,-85.5942,-0.4084,14,0.3500,0.8571,7,7,6,0,0,7,6,0.1429
4,144.0000,31,40,222.7205,-75.8587,-0.3699,30,0.7500,0.2000,5,6,4,0,0,6,4,0.3333
4,144.0000,31,41,626.0642,-85.6036,-0.2866,13,0.3250,1.0000,8,7,6,0,0,7,6,0.1429
4,144.0000,31,42,773.2551,-86.6664,-0.0860,11,0.2750,1.0000,2,6,4,0,0,6,4,0.3333
4,144.0000,31,43,757.3705,-87.2738,-0.0365,6,0.1500,1.0000,2,4,4,0,0,4,4,0.0000
4,144.0000,31,44,705.2111,-86.8697,0.8847,9,0.2250,1.0000,8,6,5,0,0,6,5,0.1667
4,144.0000,31,45,301.9385,-78.9166,-0.2988,27,0.6750,0.8000,5,6,1,0,0,6,1,0.8333
4,144.0000,31,47,411.1176,-83.0013,0.1601,18,0.4500,0.8571,7,7,4,0,0,7,4,0.4286
4,144.0000,32,1,666.6367,-86.1848,2.3057,7,0.1750,1.0000,8,8,8,0,0,8,8,0.0000
4,144.0000,32,3,773.7526,-88.6379,1.3271,4,0.1000,0.8571,7,6,4,0,0,6,4,0.3333
4,144.0000,32,4,674.5192,-84.4784,0.4000,11,0.2750,0.7143,7,4,4,0,0,4,4,0.0000
4,144.0000,32,6,423.0150,-83.0149,-1.0784,9,0.2250,0.7143,7,8,7,0,0,8,7,0.1250
4,144.0000,32,7,696.5486,-88.0062,-0.8892,3,0.0750,1.0000,6,7,6,0,0,7,6,0.1429
4,144.0000,32,8,415.0121,-82.3279,2.0166,10,0.2500,0.8571,7,4,0,0,0,4,0,1.0000
4,144.0000,32,9,295.5604,-78.7300,-0.7676,29,0.7250,0.0000,4,7,3,0,0,7,3,0.5714
4,144.0000,32,11,803.1277,-87.3217,0.0277,7,0.1750,1.0000,8,4,4,0,0,4,4,0.0000
4,144.0000,32,13,451.9369,-84.4471,2.6638,6,0.1500,1.0000,8,8,8,0,0,8,8,0.0000
4,144.0000,32,14,397.9606,-80.2666,-0.1720,16,0.4000,0.5714,7,6,3,0,0,6,3,0.5000
4,144.0000,32,15,721.5291,-84.6278,-0.2510,10,0.2500,0.8571,7,2,2,0,0,2,2,0.0000
4,144.0000,32,17,753.3697,-87.3811,-0.1159,6,0.1500,1.0000,8,2,2,0,0,2,2,0.0000
4,144.0000,32,18,167.1285,-73.9933,0.4853,35,0.8750,0.3333,6,5,1,0,0,5,1,0.8000
4,144.0000,32,19,567.1291,-86.2524,0.3551,6,0.1500,0.7143,7,8,8,0,0,8,8,0.0000
4,144.0000,32,20,478.1459,-82.9690,-0.0439,10,0.2500,0.8571,7,6,4,0,0,6,4,0.3333
4,144.0000,32,21,463.1087,-83.3553,0.4173,14,0.3500,1.0000,8,7,6,0,0,7,6,0.1429
4,144.0000,32,22,627.9679,-85.3739,1.3637,3,0.0750,1.0000,8,7,6,0,0,7,6,0.1429
4,144.0000,32,24,196.7885,-74.4871,0.0516,36,0.9000,0.0000,4,5,2,0,0,5,2,0.6000
4,144.0000,32,25,697.5296,-87.3424,-0.1876,3,0.0750,1.0000,6,6,6,0,0,6,6,0.0000
4,144.0000,32,27,795.3751,-86.3008,-1.3259,3,0.0750,0.8571,7,6,6,0,0,6,6,0.0000
4,144.0000,32,28,516.4498,-83.9047,-0.1691,14,0.3500,0.8000,5,8,8,0,0,8,8,0.0000
4,144.0000,32,30,700.8198,-86.7609,-0.5251,10,0.2500,0.5000,4,8,8,0,0,8,8,0.0000
4,144.0000,32,31,362.4857,-82.8171,2.2179,9,0.2250,1.0000,6,5,1,0,0,5,1,0.8000
4,144.0000,32,33,249.4770,-76.5157,0.2539,23,0.5750,0.7143,7,6,4,0,0,6,4,0.3333
4,144.0000,32,35,1120.3018,-89.1475,0.1884,3,0.0750,,0,4,4,0,0,4,4,0.0000
4,144.0000,32,36,782.6600,-87.7864,0.7631,6,0.1500,1.0000,2,8,8,0,0,8,8,0.0000
4,144.0000,32,37,718.3794,-85.9135,0.4345,4,0.1000,1.0000,8,7,6,0,0,7,6,0.1429
4,144.0000,32,38,566.5429,-85.1940,-0.3357,7,0.1750,1.0000,8,8,7,0,0,8,7,0.1250
4,144.0000,32,39,729.3194,-86.6945,0.5147,6,0.1500,1.0000,8,6,6,0,0,6,6,0.0000
4,144.0000,32,40,445.6051,-83.6316,2.1915,8,0.2000,1.0000,8,7,6,0,0,7,6,0.1429
4,144.0000,32,42,768.0799,-87.7378,1.0718,5,0.1250,1.0000,6,8,8,0,0,8,8,0.0000
4,144.0000,32,44,402.8246,-82.5805,0.0988,12,0.3000,1.0000,8,7,6,0,0,7,6,0.1429
4,144.0000,32,45,454.7567,-83.5497,0.5894,11,0.2750,0.8571,7,8,8,0,0,8,8,0.0000
4,144.0000,32,46,890.4928,-87.2167,-0.4562,6,0.1500,1.0000,8,6,6,0,0,6,6,0.0000
4,144.0000,32,47,725.5593,-85.0718,1.3758,4,0.1000,1.0000,6,8,8,0,0,8,8,0.0000
4,144.0000,33,1,733.0346,-86.7305,0.9851,9,0.2250,1.0000,8,4,4,0,0,4,4,0.0000
4,144.0000,33,3,629.6403,-85.8934,0.4787,10,0.2500,0.8000,10,8,8,0,0,8,8,0.0000
4,144.0000,33,4,671.2361,-85.3040,-1.0148,13,0.3250,0.8571,7,8,8,0,0,8,8,0.0000
4,144.0000,33,6,340.4575,-80.7701,0.3862,18,0.4500,0.6667,6,6,4,0,0,6,4,0.3333
4,144.0000,33,7,856.8857,-87.5768,-0.3742,6,0.1500,,0,8,8,0,0,8,8,0.0000
4,144.0000,33,8,185.2681,-77.1044,1.5539,25,0.6250,0.5000,6,4,0,0,0,4,0,1.0000
4,144.0000,33,9,439.5328,-82.5478,0.4215,22,0.5500,0.2000,5,2,2,0,0,2,2,0.0000
4,144.0000,33,11,682.1406,-86.1631,0.7757,12,0.3000,0.8333,6,7,6,0,0,7,6,0.1429
4,144.0000,33,13,290.0868,-80.7405,0.8472,19,0.4750,0.3333,6,5,1,0,0,5,1,0.8000
4,144.0000,33,14,315.2723,-80.0649,0.0161,24,0.6000,0.7143,7,7,5,0,0,7,5,0.2857
4,144.0000,33,15,646.7660,-85.9047,0.1073,15,0.3750,0.8571,7,5,3,0,0,5,3,0.4000
4,144.0000,33,16,1044.5142,-88.0380,-0.5580,4,0.1000,,0,2,2,0,0,2,2,0.0000
4,144.0000,33,17,591.8637,-84.3102,-0.1933,15,0.3750,1.0000,6,6,6,0,0,6,6,0.0000
4,144.0000,33,18,365.3359,-79.4104,-0.4566,28,0.7000,0.6667,6,8,8,0,0,8,8,0.0000
4,144.0000,33,19,570.8351,-85.3975,0.2014,10,0.2500,0.6250,8,5,2,0,0,5,2,0.6000
4,144.0000,33,20,243.8247,-77.8219,-0.0110,26,0.6500,0.4000,5,6,3,0,0,6,3,0.5000
4,144.0000,33,21,554.8500,-84.4246,0.2908,13,0.3250,1.0000,8,8,8,0,0,8,8,0.0000
4,144.0000,33,22,612.6909,-85.0815,0.7269,11,0.2750,0.6667,6,8,8,0,0,8,8,0.0000
4,144.0000,33,23,829.6892,-88.3117,0.2448,6,0.1500,1.0000,4,4,4,0,0,4,4,0.0000
4,144.0000,33,24,383.3842,-80.4591,0.0898,27,0.6750,0.8571,7,6,4,0,0,6,4,0.3333
4,144.0000,33,25,545.0709,-83.8762,0.3278,13,0.3250,1.0000,8,8,8,0,0,8,8,0.0000
4,144.0000,33,27,719.2357,-87.2021,0.0298,9,0.2250,0.8571,7,8,8,0,0,8,8,0.0000
4,144.0000,33,28,556.4988,-84.7993,-0.3364,20,0.5000,1.0000,8,8,8,0,0,8,8,0.0000
4,144.0000,33,30,718.6498,-87.7504,0.1186,9,0.2250,0.8000,5,6,6,0,0,6,6,0.0000
4,144.0000,33,31,344.6338,-81.3633,-0.4458,16,0.4000,1.0000,8,8,6,0,0,8,6,0.2500
4,144.0000,33,32,249.4770,-77.1993,0.1262,32,0.8000,0.7143,7,6,3,0,0,6,3,0.5000
4,144.0000,33,35,991.2917,-87.3442,0.9526,3,0.0750,1.0000,4,4,4,0,0,4,4,0.0000
4,144.0000,33,36,902.2551,-87.4362,0.1660,5,0.1250,1.0000,2,4,4,0,0,4,4,0.0000
4,144.0000,33,37,608.9861,-85.6226,0.5602,12,0.3000,1.0000,8,6,6,0,0,6,6,0.0000
4,144.0000,33,38,532.5402,-86.1764,0.4055,8,0.2000,0.8571,7,7,6,0,0,7,6,0.1429
4,144.0000,33,39,516.0492,-85.5576,0.0371,16,0.4000,0.8571,7,8,7,0,0,8,7,0.1250
4,144.0000,33,40,405.0928,-81.0042,-0.6916,12,0.3000,0.8750,8,8,8,0,0,8,8,0.0000
4,144.0000,33,42,534.3392,-84.5263,0.2443,15,0.3750,0.8750,8,8,6,0,0,8,6,0.2500
4,144.0000,33,44,408.2230,-83.2568,-0.3605,20,0.5000,0.7143,7,5,4,0,0,5,4,0.2000
4,144.0000,33,45,478.7273,-82.4181,-0.7041,15,0.3750,0.7143,7,7,5,0,0,7,5,0.2857
4,144.0000,33,46,784.3831,-87.3153,-0.0408,12,0.3000,0.8750,8,8,8,0,0,8,8,0.0000
4,144.0000,33,47,746.3041,-87.1919,0.3030,9,0.2250,1.0000,8,6,6,0,0,6,6,0.0000
4,144.0000,34,0,245.7837,-77.9440,0.9134,33,0.8250,0.2000,5,4,1,0,0,4,1,0.7500
4,144.0000,34,1,672.9679,-85.6407,-0.3769,3,0.0750,1.0000,8,8,8,0,0,8,8,0.0000
4,144.0000,34,3,862.1966,-85.3212,-0.5884,3,0.0750,1.0000,8,8,8,0,0,8,8,0.0000
4,144.0000,34,5,470.5325,-83.5557,0.2504,16,0.4000,0.6667,6,6,3,0,0,6,3,0.5000
4,144.0000,34,10,511.8026,-82.9098,0.0022,13,0.3250,0.6667,6,7,5,0,0,7,5,0.2857
4,144.0000,34,12,225.4233,-76.1274,-0.2803,34,0.8500,0.5000,6,6,2,0,0,6,2,0.6667
4,144.0000,34,16,689.2334,-85.8453,0.0822,5,0.1250,1.0000,2,8,8,0,0,8,8,0.0000
4,144.0000,34,23,748.9855,-87.3502,-0.6589,6,0.1500,1.0000,8,6,6,0,0,6,6,0.0000
4,144.0000,34,26,275.0409,-79.5439,0.3270,29,0.7250,0.0000,4,6,4,0,0,6,4,0.3333
4,144.0000,34,29,239.4779,-79.2551,1.1735,33,0.8250,0.3333,6,4,0,0,0,4,0,1.0000
4,144.0000,34,36,722.9469,-83.5514,0.6473,3,0.0750,0.8750,8,7,6,0,0,7,6,0.1429
4,144.0000,34,38,786.6168,-84.9722,-1.0694,6,0.1500,1.0000,8,8,8,0,0,8,8,0.0000
4,144.0000,34,41,567.0918,-83.2074,-0.7508,9,0.2250,1.0000,8,7,6,0,0,7,6,0.1429
4,144.0000,34,43,505.9528,-84.7110,-0.2983,5,0.1250,0.8750,8,8,8,0,0,8,8,0.0000
4,144.0000,34,47,590.0013,-84.3997,-0.6805,9,0.2250,1.0000,8,8,8,0,0,8,8,0.0000
4,144.0000,35,2,448.4166,-81.8492,-0.2806,27,0.6750,0.5000,6,8,7,0,0,8,7,0.1250
4,144.0000,35,4,837.1289,-87.0618,-0.5568,5,0.1250,1.0000,8,8,8,0,0,8,8,0.0000
4,144.0000,35,11,318.4022,-79.8995,0.3401,27,0.6750,0.3333,6,7,6,0,0,7,6,0.1429
4,144.0000,35,13,984.0189,-88.8169,-0.2943,3,0.0750,1.0000,8,6,6,0,0,6,6,0.0000
4,144.0000,35,14,765.9976,-85.6237,-0.0321,4,0.1000,1.0000,8,8,8,0,0,8,8,0.0000
4,144.0000,35,15,434.8952,-82.2406,0.0158,22,0.5500,0.5000,6,7,6,0,0,7,6,0.1429
4,144.0000,35,17,545.4121,-84.0104,-0.1714,16,0.4000,1.0000,8,7,6,0,0,7,6,0.1429
4,144.0000,35,20,922.2264,-87.8990,0.0023,3,0.0750,1.0000,6,8,8,0,0,8,8,0.0000
4,144.0000,35,28,782.4570,-85.9104,0.2074,8,0.2000,1.0000,8,8,8,0,0,8,8,0.0000
4,144.0000,35,30,780.8966,-86.1498,0.6626,6,0.1500,1.0000,8,8,8,0,0,8,8,0.0000
4,144.0000,35,39,706.5238,-85.4124,-1.2906,8,0.2000,1.0000,8,8,8,0,0,8,8,0.0000
4,144.0000,35,42,677.2885,-85.2577,-0.1834,6,0.1500,1.0000,8,8,8,0,0,8,8,0.0000
4,144.0000,35,44,798.6663,-85.9179,-0.1478,5,0.1250,1.0000,8,8,8,0,0,8,8,0.0000
4,144.0000,35,46,272.2476,-77.0765,-0.1706,32,0.8000,0.2000,5,5,2,0,0,5,2,0.6000
4,144.0000,36,0,874.1010,-86.8687,0.2552,5,0.1250,1.0000,4,4,4,0,0,4,4,0.0000
4,144.0000,36,1,243.1841,-77.5633,0.7859,22,0.5500,0.5000,6,5,1,0,0,5,1,0.8000
4,144.0000,36,3,854.5226,-88.1096,-0.5830,5,0.1250,0.8750,8,7,6,0,0,7,6,0.1429
4,144.0000,36,5,622.1764,-84.7616,-0.2493,15,0.3750,1.0000,4,8,7,0,0,8,7,0.1250
4,144.0000,36,6,815.1986,-86.8849,-1.4136,4,0.1000,1.0000,8,4,4,0,0,4,4,0.0000
4,144.0000,36,7,205.5504,-74.1602,-0.6173,35,0.8750,0.4000,5,5,2,0,0,5,2,0.6000
4,144.0000,36,8,947.3008,-89.0439,-0.1249,3,0.0750,1.0000,8,6,6,0,0,6,6,0.0000
4,144.0000,36,10,222.1618,-79.4142,0.8834,27,0.6750,0.3333,6,5,1,0,0,5,1,0.8000
4,144.0000,36,12,744.9913,-86.3460,-0.3014,8,0.2000,1.0000,6,6,6,0,0,6,6,0.0000
4,144.0000,36,16,160.8136,-75.6273,0.9905,33,0.8250,0.2000,5,6,2,0,0,6,2,0.6667
4,144.0000,36,18,761.2899,-87.1204,0.4139,3,0.0750,1.0000,6,6,6,0,0,6,6,0.0000
4,144.0000,36,19,464.9920,-82.8134,0.0172,12,0.3000,0.8571,7,8,8,0,0,8,8,0.0000
4,144.0000,36,21,503.9119,-83.1188,0.7322,12,0.3000,0.6667,6,8,8,0,0,8,8,0.0000
4,144.0000,36,22,518.2183,-84.4976,0.4267,12,0.3000,1.0000,8,8,7,0,0,8,7,0.1250
4,144.0000,36,23,877.9476,-86.7930,-1.1321,5,0.1250,1.0000,4,2,2,0,0,2,2,0.0000
4,144.0000,36,25,881.0237,-87.7360,0.0404,3,0.0750,1.0000,4,8,8,0,0,8,8,0.0000
4,144.0000,36,26,739.8809,-87.1894,0.8377,9,0.2250,1.0000,4,8,7,0,0,8,7,0.1250
4,144.0000,36,27,639.3005,-85.9998,-0.0076,7,0.1750,1.0000,10,5,3,0,0,5,3,0.4000
4,144.0000,36,31,612.4429,-84.7895,0.2378,7,0.1750,1.0000,8,8,8,0,0,8,8,0.0000
4,144.0000,36,34,722.9469,-85.8835,-0.8409,5,0.1250,1.0000,8,8,8,0,0,8,8,0.0000
4,144.0000,36,37,784.5123,-88.6506,0.5290,4,0.1000,1.0000,8,8,8,0,0,8,8,0.0000
4,144.0000,36,38,543.1625,-84.8021,-0.4058,9,0.2250,1.0000,8,8,7,0,0,8,7,0.1250
4,144.0000,36,40,588.9112,-85.8753,0.9650,5,0.1250,1.0000,8,8,8,0,0,8,8,0.0000
4,144.0000,36,41,773.3341,-86.2703,0.8636,6,0.1500,1.0000,2,8,8,0,0,8,8,0.0000
4,144.0000,36,43,360.4110,-81.9122,0.9048,20,0.5000,0.7500,8,8,7,0,0,8,7,0.1250
4,144.0000,36,45,501.4936,-84.8647,0.6271,10,0.2500,1.0000,10,8,8,0,0,8,8,0.0000
4,144.0000,36,47,366.7055,-82.1360,0.7857,13,0.3250,0.6667,6,7,6,0,0,7,6,0.1429
4,144.0000,37,0,1025.6337,-87.7568,-0.2673,5,0.1250,,0,4,4,0,0,4,4,0.0000
4,144.0000,37,1,541.6044,-83.4621,-0.1184,13,0.3250,0.6667,6,8,8,0,0,8,8,0.0000
4,144.0000,37,3,153.8927,-73.6597,0.1859,34,0.8500,0.0000,4,4,1,0,0,4,1,0.7500
4,144.0000,37,6,366.1076,-79.3379,-0.7845,17,0.4250,0.7143,7,8,6,0,0,8,6,0.2500
4,144.0000,37,7,815.4995,-86.8189,-0.6308,5,0.1250,1.0000,4,4,4,0,0,4,4,0.0000
4,144.0000,37,8,565.7828,-84.4601,-1.5605,5,0.1250,1.0000,6,8,7,0,0,8,7,0.1250
4,144.0000,37,9,1000.5408,-88.5978,-0.1003,4,0.1000,1.0000,6,2,2,0,0,2,2,0.0000
4,144.0000,37,10,780.0500,-85.9532,-0.5770,3,0.0750,1.0000,4,6,6,0,0,6,6,0.0000
4,144.0000,37,12,996.7464,-86.3546,-1.1698,4,0.1000,1.0000,6,4,4,0,0,4,4,0.0000
4,144.0000,37,13,400.1370,-81.5998,-0.6355,12,0.3000,1.0000,8,7,6,0,0,7,6,0.1429
4,144.0000,37,14,718.5651,-86.2216,-1.0268,4,0.1000,1.0000,8,7,6,0,0,7,6,0.1429
4,144.0000,37,18,724.6097,-87.5141,0.4781,5,0.1250,0.8750,8,6,6,0,0,6,6,0.0000
4,144.0000,37,19,332.5555,-79.0661,-0.6160,19,0.4750,0.8750,8,8,8,0,0,8,8,0.0000
4,144.0000,37,20,501.0650,-86.3894,0.0825,5,0.1250,1.0000,8,8,8,0,0,8,8,0.0000
4,144.0000,37,21,752.1299,-86.8151,-1.1921,5,0.1250,1.0000,8,6,6,0,0,6,6,0.0000
4,144.0000,37,22,567.1293,-85.9919,0.0424,8,0.2000,0.8750,8,8,8,0,0,8,8,0.0000
4,144.0000,37,23,421.9709,-82.7707,0.4934,17,0.4250,0.8571,7,10,8,0,0,10,8,0.2000
4,144.0000,37,24,882.9721,-87.7996,0.1709,3,0.0750,1.0000,2,7,6,0,0,7,6,0.1429
4,144.0000,37,25,137.2961,-75.2156,1.8557,33,0.8250,0.6667,6,5,1,0,0,5,1,0.8000
4,144.0000,37,27,301.1104,-77.1120,-1.4222,24,0.6000,0.3333,6,8,5,16,11,24,16,0.3333
4,144.0000,37,31,375.6646,-78.5794,-0.9118,17,0.4250,0.4000,5,8,8,0,0,8,8,0.0000
4,144.0000,37,33,608.9861,-86.3578,3.3963,4,0.1000,1.0000,8,8,8,0,0,8,8,0.0000
4,144.0000,37,34,838.4431,-86.9325,0.1795,7,0.1750,1.0000,8,6,6,0,0,6,6,0.0000
4,144.0000,37,36,784.5123,-86.9557,1.1391,4,0.1000,1.0000,8,8,8,0,0,8,8,0.0000
4,144.0000,37,38,265.5879,-75.5890,-1.3115,32,0.8000,0.3333,6,7,6,0,0,7,6,0.1429
4,144.0000,37,39,662.2742,-87.9052,1.2321,4,0.1000,1.0000,8,8,8,0,0,8,8,0.0000
4,144.0000,37,40,453.1324,-81.5531,-0.6106,12,0.3000,0.5000,6,8,7,0,0,8,7,0.1250
4,144.0000,37,41,367.4237,-81.6744,0.5198,22,0.5500,0.5000,6,8,8,0,0,8,8,0.0000
4,144.0000,37,42,795.8460,-87.2873,1.1318,5,0.1250,1.0000,2,8,8,0,0,8,8,0.0000
4,144.0000,37,43,806.2422,-86.7093,1.0633,3,0.0750,1.0000,6,2,2,0,0,2,2,0.0000
4,144.0000,37,44,987.0352,-89.2518,0.1579,3,0.0750,1.0000,2,2,2,0,0,2,2,0.0000
4,144.0000,37,45,566.5630,-83.7249,-2.1730,8,0.2000,0.8750,8,6,4,0,0,6,4,0.3333
4,144.0000,37,47,436.1781,-82.2712,0.3477,12,0.3000,0.6667,6,7,6,0,0,7,6,0.1429
4,144.0000,38,0,968.9421,-87.8549,-0.3201,7,0.1750,,0,4,4,0,0,4,4,0.0000
4,144.0000,38,1,303.9855,-79.1566,0.1593,27,0.6750,0.5000,6,5,2,0,0,5,2,0.6000
4,144.0000,38,3,335.2711,-78.9986,-0.5952,26,0.6500,0.2000,5,6,3,0,0,6,3,0.5000
4,144.0000,38,6,367.3815,-80.9589,-0.5789,15,0.3750,0.8571,7,7,5,0,0,7,5,0.2857
4,144.0000,38,7,578.9257,-85.1820,0.3493,10,0.2500,1.0000,4,8,8,0,0,8,8,0.0000
4,144.0000,38,8,524.3712,-85.1058,0.1953,10,0.2500,1.0000,8,8,7,0,0,8,7,0.1250
4,144.0000,38,9,844.5152,-87.3593,1.0067,3,0.0750,1.0000,4,4,4,0,0,4,4,0.0000
4,144.0000,38,10,578.4573,-84.9321,0.1431,12,0.3000,1.0000,8,8,7,0,0,8,7,0.1250
4,144.0000,38,12,905.1781,-87.5520,0.3294,10,0.2500,0.5000,4,4,4,0,0,4,4,0.0000
4,144.0000,38,13,442.8463,-83.8609,0.2629,11,0.2750,0.8571,7,6,4,0,0,6,4,0.3333
4,144.0000,38,14,711.1776,-86.1233,0.0564,7,0.1750,1.0000,8,6,5,0,0,6,5,0.1667
4,144.0000,38,16,671.2705,-86.5234,0.5861,13,0.3250,1.0000,2,4,4,0,0,4,4,0.0000
4,144.0000,38,18,580.0051,-85.6656,-0.3060,9,0.2250,0.8750,8,8,8,0,0,8,8,0.0000
4,144.0000,38,19,87.1780,-71.4991,1.8456,37,0.9250,0.0000,4,5,1,0,0,5,1,0.8000
4,144.0000,38,20,537.7866,-84.0845,-0.1647,10,0.2500,0.7143,7,8,7,0,0,8,7,0.1250
4,144.0000,38,21,506.6202,-83.9075,1.0939,13,0.3250,0.6667,6,6,6,0,0,6,6,0.0000
4,144.0000,38,22,356.0511,-80.3571,-0.0745,22,0.5500,0.6667,6,8,7,0,0,8,7,0.1250
4,144.0000,38,23,485.5487,-82.0684,-0.4608,16,0.4000,0.7500,8,7,6,0,0,7,6,0.1429
4,144.0000,38,24,747.3542,-87.3530,-0.0396,4,0.1000,0.6667,3,8,7,0,0,8,7,0.1250
4,144.0000,38,25,339.8780,-80.5389,0.2208,21,0.5250,1.0000,8,6,3,0,0,6,3,0.5000
4,144.0000,38,26,962.5188,-88.7290,-0.2987,4,0.1000,,0,4,4,0,0,4,4,0.0000
4,144.0000,38,27,258.0064,-76.0484,-0.9447,34,0.8500,0.2500,4,6,4,0,0,6,4,0.3333
4,144.0000,38,29,1013.5134,-87.9992,0.1617,8,0.2000,1.0000,4,2,2,0,0,2,2,0.0000
4,144.0000,38,31,210.2527,-76.8686,0.8041,27,0.6750,0.4000,5,7,5,0,0,7,5,0.2857
4,144.0000,38,32,566.5429,-86.1208,0.3201,10,0.2500,1.0000,8,7,4,0,0,7,4,0.4286
4,144.0000,38,33,532.5402,-85.5436,-0.1346,10,0.2500,1.0000,8,6,4,0,0,6,4,0.3333
4,144.0000,38,34,786.6168,-87.7463,0.1369,8,0.2000,1.0000,8,4,4,0,0,4,4,0.0000
4,144.0000,38,36,543.1625,-84.4399,0.0161,11,0.2750,0.8750,8,7,5,0,0,7,5,0.2857
4,144.0000,38,37,265.5879,-76.4239,-1.6122,31,0.7750,0.3333,6,7,5,0,0,7,5,0.2857
4,144.0000,38,39,787.4902,-87.7872,-0.6279,5,0.1250,1.0000,6,8,8,0,0,8,8,0.0000
4,144.0000,38,40,253.6291,-78.5672,0.3237,22,0.5500,0.8571,7,4,0,0,0,4,0,1.0000
4,144.0000,38,41,429.7400,-82.6163,0.0248,19,0.4750,0.8571,7,8,7,0,0,8,7,0.1250
4,144.0000,38,42,888.8750,-88.5274,-1.2296,5,0.1250,0.7500,4,7,6,0,0,7,6,0.1429
4,144.0000,38,43,611.9262,-85.1679,0.5824,15,0.3750,1.0000,4,6,6,0,0,6,6,0.0000
4,144.0000,38,44,912.2490,-87.8930,-0.3350,5,0.1250,1.0000,2,2,2,0,0,2,2,0.0000
4,144.0000,38,45,330.0268,-79.9061,0.1728,21,0.5250,0.6667,6,7,6,0,0,7,6,0.1429
4,144.0000,38,47,240.6035,-77.5863,-0.2686,29,0.7250,0.2000,5,6,2,0,0,6,2,0.6667
4,144.0000,39,3,660.0316,-87.3447,1.2341,4,0.1000,1.0000,8,8,7,0,0,8,7,0.1250
4,144.0000,39,4,900.4509,-86.8757,0.3583,8,0.2000,1.0000,4,4,4,0,0,4,4,0.0000
4,144.0000,39,6,498.8749,-85.1892,1.5762,10,0.2500,1.0000,8,8,6,0,0,8,6,0.2500
4,144.0000,39,8,487.4356,-81.8754,-0.0032,11,0.2750,0.8750,8,8,8,0,0,8,8,0.0000
4,144.0000,39,9,892.6460,-88.5465,-0.0116,3,0.0750,1.0000,8,2,2,0,0,2,2,0.0000
4,144.0000,39,11,510.0352,-82.6884,-0.4807,16,0.4000,0.8571,7,8,8,0,0,8,8,0.0000
4,144.0000,39,13,371.6429,-81.8185,0.2176,11,0.2750,0.8571,7,7,6,0,0,7,6,0.1429
4,144.0000,39,14,424.0507,-83.4835,0.1257,8,0.2000,1.0000,8,8,8,0,0,8,8,0.0000
4,144.0000,39,15,602.4094,-84.6164,0.0906,12,0.3000,0.8571,7,8,8,0,0,8,8,0.0000
4,144.0000,39,17,532.2891,-84.0609,0.0080,13,0.3250,0.8571,7,8,8,0,0,8,8,0.0000
4,144.0000,39,18,768.6140,-86.3737,-0.2677,7,0.1750,1.0000,8,8,7,0,0,8,7,0.1250
4,144.0000,39,20,311.3103,-81.0910,0.5904,10,0.2500,0.8571,7,7,5,0,0,7,5,0.2857
4,144.0000,39,22,980.8722,-89.6765,-0.9645,3,0.0750,1.0000,4,4,4,0,0,4,4,0.0000
4,144.0000,39,24,794.3642,-88.4031,0.0752,4,0.1000,1.0000,2,8,8,0,0,8,8,0.0000
4,144.0000,39,25,544.6866,-84.2648,-0.5036,10,0.2500,1.0000,8,7,5,0,0,7,5,0.2857
4,144.0000,39,27,898.0780,-87.6782,0.0529,3,0.0750,1.0000,8,8,8,0,0,8,8,0.0000
4,144.0000,39,28,785.0212,-87.2518,-0.3719,7,0.1750,0.8750,8,8,7,0,0,8,7,0.1250
4,144.0000,39,30,914.5085,-87.2506,0.8892,6,0.1500,1.0000,4,4,4,0,0,4,4,0.0000
4,144.0000,39,31,681.3674,-87.2009,1.5761,4,0.1000,1.0000,8,8,8,0,0,8,8,0.0000
4,144.0000,39,32,729.3194,-86.5766,1.0686,5,0.1250,1.0000,6,8,8,0,0,8,8,0.0000
4,144.0000,39,33,516.0492,-85.1387,2.2925,4,0.1000,1.0000,8,8,8,0,0,8,8,0.0000
4,144.0000,39,35,706.5238,-86.6654,0.5742,13,0.3250,0.8333,6,8,8,0,0,8,8,0.0000
4,144.0000,39,37,662.2742,-86.2980,0.9733,4,0.1000,1.0000,8,8,8,0,0,8,8,0.0000
4,144.0000,39,40,782.3322,-86.8134,-0.9228,3,0.0750,1.0000,8,6,6,0,0,6,6,0.0000
4,144.0000,39,42,224.8754,-75.5345,0.1017,33,0.8250,0.3333,6,6,2,0,0,6,2,0.6667
4,144.0000,39,44,676.9698,-86.8181,-0.6282,5,0.1250,1.0000,8,7,5,0,0,7,5,0.2857
4,144.0000,39,46,639.4477,-83.4758,-0.3155,14,0.3500,1.0000,8,8,7,0,0,8,7,0.1250
4,144.0000,40,1,406.4728,-82.7048,-1.0272,18,0.4500,0.6667,6,7,4,0,0,7,4,0.4286
4,144.0000,40,3,457.1036,-82.1381,-0.0407,22,0.5500,0.6667,6,6,3,0,0,6,3,0.5000
4,144.0000,40,4,1024.6391,-88.4059,-0.5779,4,0.1000,,0,4,4,0,0,4,4,0.0000
4,144.0000,40,6,433.3023,-81.7381,-0.8053,16,0.4000,0.3333,6,6,6,0,0,6,6,0.0000
4,144.0000,40,7,627.0984,-86.5761,0.1221,13,0.3250,1.0000,4,7,6,0,0,7,6,0.1429
4,144.0000,40,8,377.6393,-80.8167,-0.2394,24,0.6000,0.4286,7,8,7,0,0,8,7,0.1250
4,144.0000,40,9,675.4137,-88.0802,0.5193,7,0.1750,1.0000,8,4,4,0,0,4,4,0.0000
4,144.0000,40,10,667.5946,-86.7809,-0.1510,9,0.2250,0.7500,4,5,3,0,0,5,3,0.4000
4,144.0000,40,12,1024.2311,-86.9682,0.1188,5,0.1250,1.0000,4,4,4,0,0,4,4,0.0000
4,144.0000,40,13,461.1424,-84.4227,-0.4103,14,0.3500,1.0000,8,7,5,0,0,7,5,0.2857
4,144.0000,40,14,673.6630,-85.9443,-0.2987,11,0.2750,1.0000,8,6,6,0,0,6,6,0.0000
4,144.0000,40,16,707.9448,-87.4938,0.7442,9,0.2250,1.0000,2,5,4,0,0,5,4,0.2000
4,144.0000,40,18,527.7747,-84.8628,1.0149,12,0.3000,0.7500,8,7,6,0,0,7,6,0.1429
4,144.0000,40,19,285.9786,-80.3368,1.1356,24,0.6000,0.5000,6,7,6,0,0,7,6,0.1429
4,144.0000,40,20,480.5036,-82.8847,-0.5144,16,0.4000,0.6667,6,8,8,0,0,8,8,0.0000
4,144.0000,40,21,317.5242,-79.9914,0.4067,27,0.6750,0.7500,8,6,2,0,0,6,2,0.6667
4,144.0000,40,22,219.0599,-78.5028,1.6776,30,0.7500,0.2000,5,5,1,0,0,5,1,0.8000
4,144.0000,40,23,549.0099,-84.2921,0.2299,20,0.5000,0.0000,2,8,7,0,0,8,7,0.1250
4,144.0000,40,24,642.2756,-86.3046,-1.1328,11,0.2750,0.8571,7,8,8,0,0,8,8,0.0000
4,144.0000,40,25,457.7110,-82.2349,0.2012,18,0.4500,0.7143,7,8,8,0,0,8,8,0.0000
4,144.0000,40,26,1088.8428,-87.7559,0.6317,5,0.1250,,0,4,4,0,0,4,4,0.0000
4,144.0000,40,27,389.1308,-79.8770,-1.2225,24,0.6000,0.7313,134,7,6,77,69,84,75,0.1071
4,144.0000,40,28,926.7828,-87.3745,0.2327,6,0.1500,1.0000,6,6,6,0,0,6,6,0.0000
4,144.0000,40,31,222.7205,-76.6755,-0.4500,26,0.6500,0.6667,6,5,1,0,0,5,1,0.8000
4,144.0000,40,32,445.6051,-84.2334,-0.3246,16,0.4000,0.8571,7,7,6,0,0,7,6,0.1429
4,144.0000,40,33,405.0928,-81.8144,-0.0022,17,0.4250,0.6667,6,8,8,0,0,8,8,0.0000
4,144.0000,40,34,951.4277,-87.6375,-0.7785,8,0.2000,,0,6,6,0,0,6,6,0.0000
4,144.0000,40,36,588.9112,-86.5919,0.1812,12,0.3000,0.8333,6,8,8,0,0,8,8,0.0000
4,144.0000,40,37,453.1324,-81.7781,0.0615,21,0.5250,0.6667,6,6,4,61,55,67,59,0.1194
4,144.0000,40,38,253.6291,-78.2342,0.6401,28,0.7000,0.6667,6,6,3,0,0,6,3,0.5000
4,144.0000,40,39,782.3322,-87.7427,0.0161,8,0.2000,1.0000,8,6,6,0,0,6,6,0.0000
4,144.0000,40,41,583.7057,-85.7711,1.3588,15,0.3750,1.0000,8,8,7,0,0,8,7,0.1250
4,144.0000,40,42,822.2671,-87.1729,0.1796,10,0.2500,1.0000,2,8,8,0,0,8,8,0.0000
4,144.0000,40,43,653.5801,-85.7901,0.1616,7,0.1750,1.0000,4,5,4,0,0,5,4,0.2000
4,144.0000,40,44,786.2482,-86.6705,0.4420,9,0.2250,1.0000,2,8,8,0,0,8,8,0.0000
4,144.0000,40,45,136.5587,-72.8015,0.7251,37,0.9250,0.2000,5,4,0,0,0,4,0,1.0000
4,144.0000,40,47,407.7661,-84.0218,1.0372,18,0.4500,0.5000,6,7,5,0,0,7,5,0.2857
4,144.0000,41,0,705.7826,-85.5528,0.2883,10,0.2500,0.7143,7,8,8,0,0,8,8,0.0000
4,144.0000,41,1,568.3601,-84.4008,1.1509,5,0.1250,1.0000,8,8,8,0,0,8,8,0.0000
4,144.0000,41,3,322.4705,-80.1897,0.8572,11,0.2750,1.0000,8,7,6,0,0,7,6,0.1429
4,144.0000,41,5,932.4696,-87.1301,3.5277,3,0.0750,1.0000,4,4,4,0,0,4,4,0.0000
4,144.0000,41,6,711.7665,-87.7733,-0.3243,3,0.0750,1.0000,8,8,8,0,0,8,8,0.0000
4,144.0000,41,8,805.4772,-87.2910,0.1767,3,0.0750,1.0000,8,8,8,0,0,8,8,0.0000
4,144.0000,41,10,672.5712,-85.9580,-0.7450,8,0.2000,1.0000,8,8,8,0,0,8,8,0.0000
4,144.0000,41,12,705.7640,-85.4484,0.0329,8,0.2000,0.8750,8,8,8,0,0,8,8,0.0000
4,144.0000,41,13,743.0018,-84.6640,1.7407,3,0.0750,1.0000,4,8,8,0,0,8,8,0.0000
4,144.0000,41,16,835.1459,-86.7901,2.1802,4,0.1000,,0,4,4,0,0,4,4,0.0000
4,144.0000,41,19,471.1522,-83.8748,0.9590,7,0.1750,1.0000,8,8,8,0,0,8,8,0.0000
4,144.0000,41,20,802.1774,-86.8585,0.1084,4,0.1000,1.0000,8,6,6,0,0,6,6,0.0000
4,144.0000,41,21,832.9647,-85.9198,-5.2698,3,0.0750,0.8333,6,6,6,0,0,6,6,0.0000
4,144.0000,41,22,554.4191,-84.0631,0.8575,5,0.1250,0.8000,5,8,8,0,0,8,8,0.0000
4,144.0000,41,23,222.0479,-76.8070,-0.3215,31,0.7750,0.0000,4,4,0,0,0,4,0,1.0000
4,144.0000,41,25,444.4727,-83.2321,-0.1702,5,0.1250,1.0000,8,7,5,0,0,7,5,0.2857
4,144.0000,41,26,801.3594,-86.0263,0.0937,8,0.2000,1.0000,8,8,8,0,0,8,8,0.0000
4,144.0000,41,27,197.1698,-77.6004,0.8126,22,0.5500,0.7143,7,6,3,0,0,6,3,0.5000
4,144.0000,41,31,626.0642,-86.4954,1.0496,3,0.0750,1.0000,8,8,8,0,0,8,8,0.0000
4,144.0000,41,34,567.0918,-85.1489,-0.0835,12,0.3000,0.6667,6,8,8,0,0,8,8,0.0000
4,144.0000,41,37,367.4237,-80.9451,0.9316,9,0.2250,1.0000,8,6,4,0,0,6,4,0.3333
4,144.0000,41,38,429.7400,-82.2406,-0.9683,10,0.2500,0.8750,8,8,8,0,0,8,8,0.0000
4,144.0000,41,40,583.7057,-83.7900,-0.3665,5,0.1250,1.0000,10,7,6,0,0,7,6,0.1429
4,144.0000,41,43,631.0784,-84.7654,0.5189,6,0.1500,0.8571,7,5,4,0,0,5,4,0.2000
4,144.0000,41,45,656.6531,-86.7321,-0.4517,5,0.1250,1.0000,8,8,8,0,0,8,8,0.0000
4,144.0000,41,47,429.2545,-82.0376,0.0951,9,0.2250,1.0000,6,10,10,0,0,10,10,0.0000
4,144.0000,42,2,579.4693,-83.5764,-0.7447,14,0.3500,0.8571,7,8,8,0,0,8,8,0.0000
4,144.0000,42,4,807.3190,-86.1122,-1.6427,4,0.1000,0.8750,8,6,6,0,0,6,6,0.0000
4,144.0000,42,6,640.5419,-84.9545,0.9114,6,0.1500,1.0000,8,8,8,0,0,8,8,0.0000
4,144.0000,42,8,467.2926,-81.4773,0.6186,12,0.3000,1.0000,8,8,8,0,0,8,8,0.0000
4,144.0000,42,11,487.0197,-83.2801,0.9940,13,0.3250,0.7500,8,6,4,0,0,6,4,0.3333
4,144.0000,42,13,501.4704,-82.2189,0.5936,6,0.1500,0.8571,7,6,4,0,0,6,4,0.3333
4,144.0000,42,14,513.5371,-83.1256,0.2230,7,0.1750,1.0000,8,7,6,0,0,7,6,0.1429
4,144.0000,42,15,585.5024,-84.1521,-0.7248,12,0.3000,1.0000,8,8,8,0,0,8,8,0.0000
4,144.0000,42,17,383.5073,-79.9991,-1.0824,17,0.4250,0.4000,5,7,6,0,0,7,6,0.1429
4,144.0000,42,18,847.5583,-85.9400,0.9406,3,0.0750,1.0000,8,4,4,0,0,4,4,0.0000
4,144.0000,42,20,363.0385,-79.6699,0.4134,13,0.3250,0.8571,7,7,6,0,0,7,6,0.1429
4,144.0000,42,25,666.7831,-84.3745,2.2356,3,0.0750,1.0000,8,8,8,0,0,8,8,0.0000
4,144.0000,42,28,768.4342,-86.2945,-0.7496,4,0.1000,1.0000,8,8,7,0,0,8,7,0.1250
4,144.0000,42,30,849.8883,-88.7449,0.2736,3,0.0750,1.0000,2,4,4,0,0,4,4,0.0000
4,144.0000,42,33,534.3392,-83.5479,-1.9430,4,0.1000,0.8750,8,8,8,0,0,8,8,0.0000
4,144.0000,42,35,677.2885,-85.4431,0.1992,11,0.2750,1.0000,6,7,6,0,0,7,6,0.1429
4,144.0000,42,39,224.8754,-76.0902,-0.2389,34,0.8500,0.2222,9,5,1,0,0,5,1,0.8000
4,144.0000,42,46,589.8913,-84.4023,1.1134,11,0.2750,0.8750,8,7,6,0,0,7,6,0.1429
4,144.0000,43,0,582.1485,-83.7742,-0.1254,21,0.5250,0.8571,7,7,6,0,0,7,6,0.1429
4,144.0000,43,1,397.4628,-82.2060,1.9827,5,0.1250,1.0000,8,7,6,0,0,7,6,0.1429
4,144.0000,43,5,463.5333,-81.3906,-1.2070,29,0.7250,0.7143,7,8,6,0,0,8,6,0.2500
4,144.0000,43,7,564.4729,-84.2244,0.5698,8,0.2000,1.0000,8,8,7,0,0,8,7,0.1250
4,144.0000,43,10,208.4545,-75.9975,-0.0144,32,0.8000,0.2000,5,6,4,0,0,6,4,0.3333
4,144.0000,43,12,461.2511,-82.8759,0.4138,23,0.5750,0.7143,7,7,6,0,0,7,6,0.1429
4,144.0000,43,16,299.8160,-78.8449,0.1010,29,0.7250,0.2000,5,5,1,0,0,5,1,0.8000
4,144.0000,43,19,567.8954,-83.7843,-0.4342,5,0.1250,1.0000,8,8,8,0,0,8,8,0.0000
4,144.0000,43,21,632.8738,-85.5355,1.0471,3,0.0750,1.0000,8,8,8,0,0,8,8,0.0000
4,144.0000,43,22,485.4726,-83.5037,0.5090,8,0.2000,0.8750,8,8,8,0,0,8,8,0.0000
4,144.0000,43,23,721.5755,-85.0579,-0.0382,4,0.1000,1.0000,6,8,8,0,0,8,8,0.0000
4,144.0000,43,26,499.2878,-82.8860,0.1121,23,0.5750,1.0000,8,8,7,0,0,8,7,0.1250
4,144.0000,43,27,551.7466,-85.2002,-0.4214,5,0.1250,0.8571,7,8,7,0,0,8,7,0.1250
4,144.0000,43,29,721.5089,-86.5948,-0.4260,8,0.2000,0.8750,8,8,8,0,0,8,8,0.0000
4,144.0000,43,34,505.9528,-82.8358,0.6159,10,0.2500,0.8571,7,7,6,0,0,7,6,0.1429
4,144.0000,43,36,360.4110,-81.3732,0.1565,18,0.4500,0.8571,7,7,4,0,0,7,4,0.4286
4,144.0000,43,38,611.9262,-83.3084,-2.1909,3,0.0750,1.0000,8,8,7,0,0,8,7,0.1250
4,144.0000,43,40,653.5801,-87.9964,-0.6158,3,0.0750,1.0000,6,8,7,0,0,8,7,0.1250
4,144.0000,43,41,631.0784,-85.3751,-0.9763,4,0.1000,0.8750,8,7,6,0,0,7,6,0.1429
4,144.0000,43,45,587.8468,-85.6182,2.0906,3,0.0750,1.0000,8,8,8,0,0,8,8,0.0000
4,144.0000,43,47,409.6748,-83.4095,-0.1866,7,0.1750,0.4000,5,8,8,0,0,8,8,0.0000
4,144.0000,44,2,546.5110,-84.5779,0.1738,17,0.4250,0.7143,7,7,6,0,0,7,6,0.1429
4,144.0000,44,3,1023.4110,-87.9654,-2.2400,3,0.0750,1.0000,4,6,6,0,0,6,6,0.0000
4,144.0000,44,4,326.6127,-78.4993,-0.7766,33,0.8250,0.5000,6,7,5,0,0,7,5,0.2857
4,144.0000,44,6,650.4187,-87.5099,-0.8542,3,0.0750,1.0000,6,10,10,0,0,10,10,0.0000
4,144.0000,44,8,548.1188,-84.7521,-0.3891,3,0.0750,1.0000,8,8,8,0,0,8,8,0.0000
4,144.0000,44,9,323.0142,-80.7760,0.3654,24,0.6000,0.5000,8,6,4,0,0,6,4,0.3333
4,144.0000,44,11,492.1916,-83.4485,0.6647,16,0.4000,0.8571,7,6,2,0,0,6,2,0.6667
4,144.0000,44,13,608.5763,-84.5436,0.0971,4,0.1000,1.0000,8,8,7,0,0,8,7,0.1250
4,144.0000,44,14,345.3794,-81.2577,0.1924,14,0.3500,1.0000,8,6,3,0,0,6,3,0.5000
4,144.0000,44,15,372.2143,-79.6542,-0.2445,23,0.5750,0.7143,7,7,6,0,0,7,6,0.1429
4,144.0000,44,17,461.5298,-82.3960,-0.4054,16,0.4000,1.0000,8,7,5,0,0,7,5,0.2857
4,144.0000,44,18,465.2807,-82.7794,0.7815,6,0.1500,0.6667,6,8,8,0,0,8,8,0.0000
4,144.0000,44,20,563.8017,-83.9511,-0.2607,6,0.1500,0.8750,8,8,8,0,0,8,8,0.0000
4,144.0000,44,24,303.3123,-80.1260,0.7538,16,0.4000,0.3333,6,4,0,0,0,4,0,1.0000
4,144.0000,44,25,921.9598,-88.6902,-0.7192,3,0.0750,1.0000,8,8,7,0,0,8,7,0.1250
4,144.0000,44,28,153.5089,-71.3798,-0.5659,36,0.9000,0.0000,4,5,1,0,0,5,1,0.8000
4,144.0000,44,30,322.7733,-80.2427,0.0434,38,0.9500,0.7143,7,6,3,0,0,6,3,0.5000
4,144.0000,44,32,402.8246,-81.0765,0.3280,13,0.3250,0.8571,7,6,4,0,0,6,4,0.3333
4,144.0000,44,33,408.2230,-82.2972,-0.0256,5,0.1250,1.0000,6,7,6,0,0,7,6,0.1429
4,144.0000,44,35,798.6663,-85.7291,0.2469,9,0.2250,1.0000,8,7,6,0,0,7,6,0.1429
4,144.0000,44,39,676.9698,-85.9600,0.0526,5,0.1250,1.0000,8,8,8,0,0,8,8,0.0000
4,144.0000,44,42,655.7546,-85.2150,-0.7998,7,0.1750,0.8333,6,8,8,0,0,8,8,0.0000
4,144.0000,44,45,821.0612,-88.2729,-3.6245,3,0.0750,1.0000,8,8,8,0,0,8,8,0.0000
4,144.0000,44,46,538.5880,-83.9612,-0.5335,15,0.3750,0.8571,7,8,8,0,0,8,8,0.0000
4,144.0000,45,1,367.1412,-80.6377,-0.4582,19,0.4750,0.8571,7,7,3,0,0,7,3,0.5714
4,144.0000,45,3,579.0818,-85.4760,0.1442,14,0.3500,0.6667,6,8,8,0,0,8,8,0.0000
4,144.0000,45,6,532.4761,-82.9403,-1.3162,10,0.2500,1.0000,8,8,8,0,0,8,8,0.0000
4,144.0000,45,7,546.3834,-84.8097,0.2479,12,0.3000,1.0000,6,9,8,0,0,9,8,0.1111
4,144.0000,45,8,477.1278,-83.0298,-0.3027,10,0.2500,0.8750,8,6,4,0,0,6,4,0.3333
4,144.0000,45,9,656.2343,-84.6744,1.1379,4,0.1000,0.7500,8,4,4,0,0,4,4,0.0000
4,144.0000,45,10,603.4781,-86.0092,0.2478,9,0.2250,1.0000,4,8,7,0,0,8,7,0.1250
4,144.0000,45,12,997.9910,-87.0681,-0.5996,5,0.1250,1.0000,8,4,4,0,0,4,4,0.0000
4,144.0000,45,13,575.6899,-84.2691,-0.4377,6,0.1500,0.6667,6,8,8,0,0,8,8,0.0000
4,144.0000,45,14,750.4967,-86.7777,-0.8010,4,0.1000,1.0000,8,8,7,0,0,8,7,0.1250
4,144.0000,45,16,613.1228,-86.4025,1.3509,8,0.2000,,0,7,5,0,0,7,5,0.2857
4,144.0000,45,18,535.3103,-83.9416,-0.9681,12,0.3000,1.0000,6,8,8,0,0,8,8,0.0000
4,144.0000,45,19,328.3921,-79.8088,0.1894,19,0.4750,0.6667,6,6,3,0,0,6,3,0.5000
4,144.0000,45,20,597.7936,-84.1831,-1.4709,9,0.2250,0.8571,7,8,8,0,0,8,8,0.0000
4,144.0000,45,21,190.4169,-75.4504,-0.0949,39,0.9750,0.0000,4,5,1,0,0,5,1,0.8000
4,144.0000,45,22,179.1382,-76.0676,1.3782,30,0.7500,0.3333,6,4,0,0,0,4,0,1.0000
4,144.0000,45,23,635.9141,-87.5350,0.4673,7,0.1750,0.8000,5,2,2,0,0,2,2,0.0000
4,144.0000,45,24,644.0363,-85.5350,0.4936,10,0.2500,1.0000,8,8,8,0,0,8,8,0.0000
4,144.0000,45,25,587.1980,-84.5457,-0.4157,10,0.2500,0.8571,7,7,6,0,0,7,6,0.1429
4,144.0000,45,27,460.3558,-82.8516,-0.3387,16,0.4000,0.7143,7,8,6,0,0,8,6,0.2500
4,144.0000,45,28,953.4858,-85.7263,-1.1809,3,0.0750,0.8333,6,6,5,0,0,6,5,0.1667
4,144.0000,45,31,301.9385,-78.9201,-0.2562,23,0.5750,0.7143,7,5,1,0,0,5,1,0.8000
4,144.0000,45,32,454.7567,-81.9630,0.1125,11,0.2750,0.7500,8,8,6,0,0,8,6,0.2500
4,144.0000,45,33,478.7273,-81.0444,-0.7952,12,0.3000,0.6667,6,8,8,0,0,8,8,0.0000
4,144.0000,45,34,949.1714,-87.7536,0.5281,4,0.1000,1.0000,4,6,6,0,0,6,6,0.0000
4,144.0000,45,36,501.4936,-84.2437,0.5703,11,0.2750,0.8571,7,7,6,0,0,7,6,0.1429
4,144.0000,45,37,566.5630,-83.9841,-0.7470,12,0.3000,0.7500,8,6,4,0,0,6,4,0.3333
4,144.0000,45,38,330.0268,-79.9349,0.2324,17,0.4250,0.8333,6,10,10,0,0,10,10,0.0000
4,144.0000,45,39,904.2343,-87.2149,0.5063,3,0.0750,1.0000,4,6,6,0,0,6,6,0.0000
4,144.0000,45,40,136.5587,-73.1265,0.4432,35,0.8750,0.0000,4,5,1,0,0,5,1,0.8000
4,144.0000,45,41,656.6531,-85.9544,-0.0498,6,0.1500,1.0000,8,7,5,0,0,7,5,0.2857
4,144.0000,45,42,936.7465,-88.6588,-0.2176,3,0.0750,0.6667,3,4,4,0,0,4,4,0.0000
4,144.0000,45,43,587.8468,-86.3583,-0.0196,11,0.2750,0.8750,8,7,6,0,0,7,6,0.1429
4,144.0000,45,44,821.0612,-87.6633,-0.3087,5,0.1250,1.0000,4,7,6,0,0,7,6,0.1429
4,144.0000,45,47,410.1582,-83.3070,0.3996,14,0.3500,0.6667,6,8,6,0,0,8,6,0.2500
4,144.0000,46,2,256.7265,-78.0084,0.3476,38,0.9500,0.3333,6,5,1,0,0,5,1,0.8000
4,144.0000,46,4,569.9769,-84.3636,-0.3843,14,0.3500,1.0000,8,5,4,0,0,5,4,0.2000
4,144.0000,46,9,857.8137,-86.4730,0.4425,4,0.1000,1.0000,8,8,8,0,0,8,8,0.0000
4,144.0000,46,11,137.0794,-69.8239,-1.0746,38,0.9500,0.0000,4,4,0,0,0,4,0,1.0000
4,144.0000,46,13,840.7019,-85.4741,-0.9872,3,0.0750,0.8571,7,8,8,0,0,8,8,0.0000
4,144.0000,46,14,581.7857,-84.1358,0.3994,11,0.2750,0.8571,7,8,7,0,0,8,7,0.1250
4,144.0000,46,15,187.7473,-75.2248,0.3514,36,0.9000,0.0000,4,4,0,0,0,4,0,1.0000
4,144.0000,46,17,350.4591,-80.0828,-0.7876,31,0.7750,0.5000,6,6,3,0,0,6,3,0.5000
4,144.0000,46,18,924.1951,-87.5310,0.9061,4,0.1000,1.0000,6,8,8,0,0,8,8,0.0000
4,144.0000,46,20,770.2833,-86.6707,-1.6130,5,0.1250,1.0000,8,8,8,0,0,8,8,0.0000
4,144.0000,46,24,812.5639,-88.7473,-0.1326,3,0.0750,1.0000,6,8,8,0,0,8,8,0.0000
4,144.0000,46,28,519.8715,-83.3771,0.0995,19,0.4750,1.0000,8,7,6,0,0,7,6,0.1429
4,144.0000,46,30,516.4743,-84.4512,-0.3058,15,0.3750,1.0000,6,9,7,0,0,9,7,0.2222
4,144.0000,46,33,784.3831,-87.3742,-0.1438,3,0.0750,1.0000,8,8,8,0,0,8,8,0.0000
4,144.0000,46,35,272.2476,-78.2483,0.1316,38,0.9500,0.0000,4,4,0,0,0,4,0,1.0000
4,144.0000,46,39,639.4477,-83.5469,-1.2992,8,0.2000,1.0000,8,8,8,0,0,8,8,0.0000
4,144.0000,46,42,589.8913,-83.5783,-0.8571,13,0.3250,1.0000,8,8,8,0,0,8,8,0.0000
4,144.0000,46,44,538.5880,-83.5240,0.4985,16,0.4000,0.4000,5,8,8,0,0,8,8,0.0000
4,144.0000,47,0,777.9439,-86.1509,-0.4187,15,0.3750,1.0000,6,4,4,0,0,4,4,0.0000
4,144.0000,47,1,143.8460,-74.2617,1.7657,36,0.9000,0.0000,4,5,1,0,0,5,1,0.8000
4,144.0000,47,3,503.5022,-83.6406,0.7467,14,0.3500,1.0000,8,8,8,0,0,8,8,0.0000
4,144.0000,47,5,745.7841,-85.7341,-0.5773,14,0.3500,1.0000,4,4,4,0,0,4,4,0.0000
4,144.0000,47,6,582.6967,-83.0595,-0.1428,8,0.2000,0.8571,7,7,6,0,0,7,6,0.1429
4,144.0000,47,7,458.4935,-84.4143,1.4987,18,0.4500,1.0000,8,8,8,0,0,8,8,0.0000
4,144.0000,47,8,747.3838,-88.0774,-1.4042,3,0.0750,1.0000,6,8,8,0,0,8,8,0.0000
4,144.0000,47,10,347.8750,-80.4475,-0.0704,28,0.7000,0.6667,6,8,6,0,0,8,6,0.2500
4,144.0000,47,12,695.5304,-86.4157,-0.8770,17,0.4250,0.7143,7,6,6,0,0,6,6,0.0000
4,144.0000,47,13,676.6119,-87.8499,0.9555,4,0.1000,1.0000,6,8,8,0,0,8,8,0.0000
4,144.0000,47,16,471.0817,-83.5675,1.0185,23,0.5750,1.0000,4,7,5,0,0,7,5,0.2857
4,144.0000,47,18,718.6518,-88.0688,1.1915,5,0.1250,1.0000,8,8,8,0,0,8,8,0.0000
4,144.0000,47,19,184.3955,-76.4310,1.1970,29,0.7250,0.5000,6,5,1,0,0,5,1,0.8000
4,144.0000,47,20,777.2984,-88.5797,-0.7871,4,0.1000,1.0000,8,8,8,0,0,8,8,0.0000
4,144.0000,47,21,544.1245,-85.7003,1.2030,6,0.1500,0.8571,7,7,6,0,0,7,6,0.1429
4,144.0000,47,22,386.2702,-81.1621,-0.1179,18,0.4500,0.8750,8,7,6,0,0,7,6,0.1429
4,144.0000,47,23,552.7584,-84.1188,0.6191,11,0.2750,0.8571,7,8,8,0,0,8,8,0.0000
4,144.0000,47,24,897.9612,-88.8659,-0.5916,3,0.0750,,0,8,8,0,0,8,8,0.0000
4,144.0000,47,25,545.0540,-83.7146,1.3375,10,0.2500,1.0000,8,8,8,0,0,8,8,0.0000
4,144.0000,47,26,738.2465,-86.8961,0.5482,13,0.3250,0.8000,5,6,6,0,0,6,6,0.0000
4,144.0000,47,27,298.1714,-79.5656,0.6397,20,0.5000,0.4286,7,7,6,0,0,7,6,0.1429
4,144.0000,47,29,825.8499,-86.7996,-0.2556,12,0.3000,1.0000,6,2,2,0,0,2,2,0.0000
4,144.0000,47,31,411.1176,-83.3269,1.1930,9,0.2250,0.8571,7,4,2,0,0,4,2,0.5000
4,144.0000,47,32,725.5593,-87.3216,-2.0005,3,0.0750,1.0000,4,8,8,0,0,8,8,0.0000
4,144.0000,47,33,746.3041,-89.2590,0.8076,4,0.1000,1.0000,8,6,6,0,0,6,6,0.0000
4,144.0000,47,34,590.0013,-84.0955,-0.6355,19,0.4750,0.5000,6,8,8,0,0,8,8,0.0000
4,144.0000,47,36,366.7055,-82.6917,0.7666,24,0.6000,0.7143,7,6,3,0,0,6,3,0.5000
4,144.0000,47,37,436.1781,-81.0329,-0.0631,16,0.4000,0.5000,6,6,4,0,0,6,4,0.3333
4,144.0000,47,38,240.6035,-77.7292,0.1859,25,0.6250,0.4000,5,4,0,0,0,4,0,1.0000
4,144.0000,47,40,407.7661,-82.3341,0.5482,11,0.2750,1.0000,8,7,5,0,0,7,5,0.2857
4,144.0000,47,41,429.2545,-82.3120,-0.2373,24,0.6000,0.8750,8,8,8,0,0,8,8,0.0000
4,144.0000,47,43,409.6748,-82.0574,-0.2208,23,0.5750,0.8571,7,6,3,0,0,6,3,0.5000
4,144.0000,47,45,410.1582,-82.6687,0.4747,11,0.2750,0.8750,8,8,5,0,0,8,5,0.3750
4,148.0000,0,5,528.9816,-83.9614,0.4353,16,0.4103,1.0000,8,6,4,0,0,6,4,0.3333
4,148.0000,0,10,838.1640,-84.9135,-2.0892,4,0.1026,1.0000,8,8,8,0,0,8,8,0.0000
4,148.0000,0,12,291.2640,-76.4598,-2.0069,32,0.8205,0.0000,4,6,4,0,0,6,4,0.3333
4,148.0000,0,16,923.2820,-87.6908,0.8005,4,0.1026,1.0000,8,8,8,0,0,8,8,0.0000
4,148.0000,0,26,434.0010,-79.4567,-1.4014,27,0.6923,0.2000,5,8,8,0,0,8,8,0.0000
4,148.0000,0,27,741.8536,-87.4247,-1.0987,5,0.1282,1.0000,8,8,8,0,0,8,8,0.0000
4,148.0000,0,29,219.5786,-75.9250,0.1200,35,0.8974,0.0000,4,5,1,0,0,5,1,0.8000
4,148.0000,0,34,245.6417,-76.7641,-0.2227,34,0.8718,0.2000,5,4,0,0,0,4,0,1.0000
4,148.0000,0,36,867.0246,-87.9008,0.1510,3,0.0769,1.0000,8,8,8,0,0,8,8,0.0000
4,148.0000,0,37,1113.1246,-89.4434,-1.9539,3,0.0769,1.0000,8,4,4,0,0,4,4,0.0000
4,148.0000,0,41,776.4237,-86.1654,-0.5010,6,0.1538,1.0000,8,8,8,0,0,8,8,0.0000
4,148.0000,0,43,659.5714,-84.5391,-0.8822,7,0.1795,1.0000,8,7,6,0,0,7,6,0.1429
4,148.0000,1,0,858.5944,-87.0677,0.3666,9,0.2250,1.0000,4,6,6,0,0,6,6,0.0000
4,148.0000,1,3,668.8806,-85.7322,-0.6716,8,0.2000,1.0000,4,10,10,0,0,10,10,0.0000
4,148.0000,1,5,767.2141,-87.3543,-0.3517,11,0.2750,1.0000,8,7,6,0,0,7,6,0.1429
4,148.0000,1,6,725.6179,-85.4903,-0.0117,6,0.1500,1.0000,8,8,7,0,0,8,7,0.1250
4,148.0000,1,7,315.1018,-79.8152,-0.3022,27,0.6750,0.5000,6,8,8,0,0,8,8,0.0000
4,148.0000,1,9,882.1109,-88.7673,-0.9310,3,0.0750,1.0000,2,8,8,0,0,8,8,0.0000
4,148.0000,1,10,240.7315,-78.7883,0.4882,31,0.7750,0.4000,5,6,2,0,0,6,2,0.6667
4,148.0000,1,12,757.5074,-86.9248,-0.4786,12,0.3000,1.0000,6,6,6,0,0,6,6,0.0000
4,148.0000,1,13,671.3581,-85.0688,-0.1157,4,0.1000,0.8571,7,6,6,0,0,6,6,0.0000
4,148.0000,1,14,1011.2372,-87.9716,1.2240,3,0.0750,1.0000,8,6,6,0,0,6,6,0.0000
4,148.0000,1,16,299.1512,-80.0886,0.5928,27,0.6750,0.4000,5,5,2,0,0,5,2,0.6000
4,148.0000,1,18,622.7690,-85.1395,-0.3937,7,0.1750,1.0000,8,7,5,0,0,7,5,0.2857
4,148.0000,1,19,281.2649,-76.8837,-0.6573,21,0.5250,0.0000,3,6,4,0,0,6,4,0.3333
4,148.0000,1,20,854.5480,-87.2961,-0.2291,5,0.1250,0.8000,5,6,6,0,0,6,6,0.0000
4,148.0000,1,21,478.7243,-83.2951,-0.4442,13,0.3250,0.7500,8,6,4,0,0,6,4,0.3333
4,148.0000,1,22,445.8353,-80.9442,-1.0126,14,0.3500,0.5000,6,6,4,0,0,6,4,0.3333
4,148.0000,1,23,618.2117,-85.3965,0.4704,10,0.2500,1.0000,8,8,8,0,0,8,8,0.0000
4,148.0000,1,24,914.9378,-87.9256,-0.3984,5,0.1250,1.0000,6,6,6,0,0,6,6,0.0000
4,148.0000,1,25,593.4964,-85.0312,0.7350,6,0.1500,0.8571,7,8,8,0,0,8,8,0.0000
4,148.0000,1,26,664.3426,-86.2167,-0.3555,11,0.2750,1.0000,8,8,7,0,0,8,7,0.1250
4,148.0000,1,27,390.8519,-82.4439,0.6558,10,0.2500,0.6667,6,8,8,31,27,39,35,0.1026
4,148.0000,1,29,785.1150,-87.2341,-0.3222,4,0.1000,1.0000,4,3,2,0,0,3,2,0.3333
4,148.0000,1,31,448.3975,-81.1441,-1.0192,13,0.3250,0.8571,7,7,6,0,0,7,6,0.1429
4,148.0000,1,32,612.1409,-85.2170,-0.1426,7,0.1750,1.0000,10,7,6,0,0,7,6,0.1429
4,148.0000,1,33,815.9184,-88.2876,-2.0112,3,0.0750,1.0000,8,8,8,0,0,8,8,0.0000
4,148.0000,1,34,682.7663,-85.5729,0.3211,16,0.4000,0.8750,8,2,2,0,0,2,2,0.0000
4,148.0000,1,36,193.9811,-75.9158,0.8652,34,0.8500,0.3333,6,5,2,0,0,5,2,0.6000
4,148.0000,1,37,633.4784,-84.1707,-0.5401,14,0.3500,1.0000,8,8,8,0,0,8,8,0.0000
4,148.0000,1,38,368.8933,-80.7674,0.9647,15,0.3750,0.7500,8,8,7,0,0,8,7,0.1250
4,148.0000,1,40,389.6927,-81.3515,0.5066,15,0.3750,0.7143,7,8,7,0,0,8,7,0.1250
4,148.0000,1,41,499.3087,-83.3711,0.1853,12,0.3000,1.0000,8,7,6,0,0,7,6,0.1429
4,148.0000,1,43,306.6608,-80.7106,0.9673,22,0.5500,0.5000,6,6,4,0,0,6,4,0.3333
4,148.0000,1,45,334.8495,-79.7400,0.1151,21,0.5250,0.8571,7,8,7,0,0,8,7,0.1250
4,148.0000,1,47,140.0326,-71.4707,0.2391,32,0.8000,0.6667,6,8,6,0,0,8,6,0.2500
4,148.0000,2,4,373.6979,-82.2842,0.3303,15,0.3750,0.0000,4,6,3,0,0,6,3,0.5000
4,148.0000,2,11,342.2866,-79.5227,-0.2394,23,0.5750,0.4000,5,5,2,0,0,5,2,0.6000
4,148.0000,2,15,314.2959,-79.9439,0.4486,21,0.5250,0.5000,6,7,4,0,0,7,4,0.4286
4,148.0000,2,17,248.2904,-76.6305,-0.3405,31,0.7750,0.2000,5,7,4,0,0,7,4,0.4286
4,148.0000,2,28,565.4378,-84.0827,0.0911,5,0.1250,1.0000,8,8,8,0,0,8,8,0.0000
4,148.0000,2,30,428.6831,-82.0441,0.5218,18,0.4500,0.7143,7,7,6,0,0,7,6,0.1429
4,148.0000,2,35,588.9605,-83.6556,-0.6088,14,0.3500,0.8750,8,8,8,0,0,8,8,0.0000
4,148.0000,2,42,637.6988,-83.4277,-0.1003,4,0.1000,1.0000,8,8,8,0,0,8,8,0.0000
4,148.0000,2,44,614.1539,-84.6402,0.5131,3,0.0750,1.0000,8,8,8,0,0,8,8,0.0000
4,148.0000,2,46,272.3909,-77.4848,-0.4687,31,0.7750,0.0000,4,5,1,0,0,5,1,0.8000
4,148.0000,3,6,485.2010,-82.3904,-0.5979,9,0.2250,1.0000,8,8,8,0,0,8,8,0.0000
4,148.0000,3,8,641.1738,-85.9901,-1.5596,6,0.1500,1.0000,8,8,7,0,0,8,7,0.1250
4,148.0000,3,10,899.5908,-87.3827,-2.1023,3,0.0750,1.0000,8,8,8,0,0,8,8,0.0000
4,148.0000,3,13,478.3935,-84.1872,0.1341,4,0.1000,0.8571,7,7,5,0,0,7,5,0.2857
4,148.0000,3,19,408.5912,-80.9175,0.2087,9,0.2250,1.0000,6,7,5,0,0,7,5,0.2857
4,148.0000,3,20,457.8017,-83.3376,-0.2236,8,0.2000,0.8571,7,8,8,0,0,8,8,0.0000
4,148.0000,3,22,542.0647,-83.6929,-0.2303,6,0.1500,0.8750,8,8,8,0,0,8,8,0.0000
4,148.0000,3,23,286.2967,-78.3638,0.5060,28,0.7000,0.7143,7,8,6,0,0,8,6,0.2500
4,148.0000,3,25,103.4121,-69.6765,1.1043,33,0.8250,0.0000,4,5,1,0,0,5,1,0.8000
4,148.0000,3,27,400.3174,-80.0429,-0.2471,14,0.3500,0.6667,6,8,8,0,0,8,8,0.0000
4,148.0000,3,31,570.4648,-83.0041,-0.9222,10,0.2500,1.0000,8,7,6,0,0,7,6,0.1429
4,148.0000,3,32,728.1254,-86.4678,0.0036,4,0.1000,1.0000,8,8,8,0,0,8,8,0.0000
4,148.0000,3,33,609.1793,-84.2320,-0.1541,8,0.2000,1.0000,8,8,8,0,0,8,8,0.0000
4,148.0000,3,37,143.2302,-72.4894,0.0987,32,0.8000,0.2000,5,4,0,0,0,4,0,1.0000
4,148.0000,3,38,410.5986,-79.1519,0.0741,12,0.3000,1.0000,8,7,5,0,0,7,5,0.2857
4,148.0000,3,39,544.0113,-84.8158,1.2063,7,0.1750,1.0000,8,8,8,0,0,8,8,0.0000
4,148.0000,3,40,583.7157,-83.0235,-0.3904,7,0.1750,0.8571,7,8,8,0,0,8,8,0.0000
4,148.0000,3,41,316.9254,-79.1253,0.1709,29,0.7250,0.3333,6,6,3,0,0,6,3,0.5000
4,148.0000,3,42,775.3030,-87.5255,1.2609,3,0.0750,0.8571,7,7,7,0,0,7,7,0.0000
4,148.0000,3,45,667.2352,-84.8750,-2.0301,7,0.1750,1.0000,8,8,8,0,0,8,8,0.0000
4,148.0000,3,47,544.6479,-83.5167,-2.2936,4,0.1000,1.0000,8,8,8,0,0,8,8,0.0000
4,148.0000,4,2,373.6979,-82.7512,0.5122,24,0.6000,1.0000,8,6,3,0,0,6,3,0.5000
4,148.0000,4,9,589.3900,-82.9574,-6.5570,5,0.1250,1.0000,8,8,8,0,0,8,8,0.0000
4,148.0000,4,11,570.7663,-83.9304,0.5961,13,0.3250,1.0000,8,8,8,0,0,8,8,0.0000
4,148.0000,4,14,632.5230,-84.8773,-0.8468,4,0.1000,0.6667,6,8,8,0,0,8,8,0.0000
4,148.0000,4,15,491.4924,-82.9247,-0.2823,14,0.3500,0.8571,7,7,6,0,0,7,6,0.1429
4,148.0000,4,17,452.9907,-82.5564,0.4563,13,0.3250,1.0000,8,9,7,0,0,9,7,0.2222
4,148.0000,4,18,914.3497,-86.4816,1.2231,4,0.1000,0.8571,7,6,6,0,0,6,6,0.0000
4,148.0000,4,24,594.4541,-85.9378,-0.1353,7,0.1750,0.8750,8,7,6,0,0,7,6,0.1429
4,148.0000,4,28,370.1651,-79.5680,-0.2690,25,0.6250,1.0000,8,8,8,0,0,8,8,0.0000
4,148.0000,4,30,173.0389,-73.0379,-0.1953,34,0.8500,0.2000,5,4,0,0,0,4,0,1.0000
4,148.0000,4,33,755.4320,-85.8554,0.5338,5,0.1250,1.0000,8,8,8,0,0,8,8,0.0000
4,148.0000,4,42,840.6514,-87.9633,0.9010,4,0.1000,1.0000,8,8,8,0,0,8,8,0.0000
4,148.0000,4,44,458.4914,-80.3063,-0.5714,14,0.3500,0.8571,7,8,8,0,0,8,8,0.0000
4,148.0000,4,46,562.5241,-84.3186,1.0987,13,0.3250,0.8750,8,8,8,0,0,8,8,0.0000
4,148.0000,5,0,528.9816,-84.0786,0.3756,22,0.5500,0.8571,7,8,7,0,0,8,7,0.1250
4,148.0000,5,1,767.2141,-85.8901,-0.4814,4,0.1000,1.0000,8,8,8,0,0,8,8,0.0000
4,148.0000,5,10,610.8967,-83.6669,-0.0728,12,0.3000,1.0000,8,8,8,0,0,8,8,0.0000
4,148.0000,5,12,254.6898,-79.6101,1.3220,33,0.8250,0.3333,6,4,0,0,0,4,0,1.0000
4,148.0000,5,16,666.5569,-83.6176,0.0678,12,0.3000,0.8889,9,8,8,0,0,8,8,0.0000
4,148.0000,5,26,143.0327,-75.0450,1.1426,35,0.8750,0.2000,5,4,0,0,0,4,0,1.0000
4,148.0000,5,29,508.4265,-84.3958,0.1398,20,0.5000,0.8571,7,8,8,0,0,8,8,0.0000
4,148.0000,5,34,410.7665,-82.6618,0.7085,22,0.5500,0.6667,9,6,3,0,0,6,3,0.5000
4,148.0000,5,36,659.6515,-85.2013,-0.0804,6,0.1500,1.0000,8,8,7,0,0,8,7,0.1250
4,148.0000,5,43,596.3045,-82.8912,-0.5599,11,0.2750,1.0000,8,8,8,0,0,8,8,0.0000
4,148.0000,6,1,725.6179,-86.3456,-1.2092,6,0.1500,1.0000,8,6,6,0,0,6,6,0.0000
4,148.0000,6,3,485.2010,-82.9390,-0.2092,12,0.3000,0.7143,7,8,7,0,0,8,7,0.1250
4,148.0000,6,4,994.3452,-88.9137,-0.4152,3,0.0750,1.0000,4,4,4,0,0,4,4,0.0000
4,148.0000,6,7,770.2195,-87.6413,0.6718,5,0.1250,1.0000,2,8,8,0,0,8,8,0.0000
4,148.0000,6,8,431.7670,-82.1354,-1.4844,14,0.3500,1.0000,8,8,7,0,0,8,7,0.1250
4,148.0000,6,9,646.6635,-85.6260,-0.4035,13,0.3250,0.8571,7,6,6,0,0,6,6,0.0000
4,148.0000,6,10,947.7666,-87.5898,2.1396,3,0.0750,1.0000,4,8,8,0,0,8,8,0.0000
4,148.0000,6,11,758.8615,-87.2043,0.3769,7,0.1750,0.6667,6,4,4,0,0,4,4,0.0000
4,148.0000,6,13,110.5550,-68.7507,0.6751,32,0.8000,0.0000,4,4,0,0,0,4,0,1.0000
4,148.0000,6,14,409.5807,-81.0879,-1.1988,22,0.5500,0.6667,6,4,2,0,0,4,2,0.5000
4,148.0000,6,15,812.6471,-87.0186,-1.2949,8,0.2000,1.0000,8,2,2,0,0,2,2,0.0000
4,148.0000,6,17,784.4967,-87.7871,-0.5131,9,0.2250,1.0000,2,8,8,0,0,8,8,0.0000
4,148.0000,6,18,519.6836,-83.1866,-0.4077,14,0.3500,0.8571,7,8,7,0,0,8,7,0.1250
4,148.0000,6,19,481.8960,-82.1181,-1.7984,10,0.2500,1.0000,8,8,8,0,0,8,8,0.0000
4,148.0000,6,20,276.8272,-79.0178,-0.0458,23,0.5750,0.8571,7,8,6,0,0,8,6,0.2500
4,148.0000,6,21,792.0079,-87.1291,-0.8803,8,0.2000,1.0000,6,8,8,0,0,8,8,0.0000
4,148.0000,6,22,649.6927,-85.3482,-0.3378,7,0.1750,1.0000,8,8,8,0,0,8,8,0.0000
4,148.0000,6,23,699.4656,-87.0178,-0.4090,7,0.1750,0.7500,4,8,7,0,0,8,7,0.1250
4,148.0000,6,24,504.6005,-83.7684,0.0428,12,0.3000,0.8571,7,8,8,0,0,8,8,0.0000
4,148.0000,6,25,422.7306,-81.8476,-1.5290,15,0.3750,0.5000,6,7,6,0,0,7,6,0.1429
4,148.0000,6,27,717.0511,-86.5543,0.2506,6,0.1500,1.0000,8,8,8,0,0,8,8,0.0000
4,148.0000,6,28,721.2128,-87.1374,-0.6190,6,0.1500,1.0000,8,8,8,0,0,8,8,0.0000
4,148.0000,6,30,867.0894,-87.4638,-0.9348,6,0.1500,,0,2,2,0,0,2,2,0.0000
4,148.0000,6,31,365.0974,-78.4970,-1.1192,19,0.4750,0.6667,6,7,5,0,0,7,5,0.2857
4,148.0000,6,32,428.9863,-82.2077,0.0531,15,0.3750,0.8750,8,8,8,0,0,8,8,0.0000
4,148.0000,6,33,306.0309,-78.8117,0.1613,16,0.4000,1.0000,8,7,4,0,0,7,4,0.4286
4,148.0000,6,36,891.4947,-88.9009,-0.3343,4,0.1000,0.8571,7,8,8,0,0,8,8,0.0000
4,148.0000,6,37,403.1823,-80.3688,-0.2853,16,0.4000,0.8571,7,8,7,0,0,8,7,0.1250
4,148.0000,6,38,378.5859,-81.4930,-0.4134,12,0.3000,0.8571,7,8,8,0,0,8,8,0.0000
4,148.0000,6,39,337.5220,-81.5543,0.2369,18,0.4500,0.8750,8,6,3,0,0,6,3,0.5000
4,148.0000,6,40,562.7364,-83.9976,-1.3813,7,0.1750,0.8750,8,7,6,0,0,7,6,0.1429
4,148.0000,6,41,702.4155,-87.0092,-0.8259,6,0.1500,0.8571,7,8,8,0,0,8,8,0.0000
4,148.0000,6,42,599.1413,-84.7574,-0.2710,12,0.3000,1.0000,6,8,8,0,0,8,8,0.0000
4,148.0000,6,44,574.4747,-86.2178,0.2221,9,0.2250,1.0000,8,7,6,0,0,7,6,0.1429
4,148.0000,6,45,684.2541,-86.0754,-0.4199,7,0.1750,0.8571,7,8,8,0,0,8,8,0.0000
4,148.0000,6,47,592.4973,-85.2784,-0.1983,8,0.2000,0.8571,7,8,8,0,0,8,8,0.0000
4,148.0000,7,0,1121.7462,-87.5596,1.6608,3,0.0750,,0,6,6,0,0,6,6,0.0000
4,148.0000,7,1,315.1018,-80.3834,0.0495,17,0.4250,0.5000,6,7,5,0,0,7,5,0.2857
4,148.0000,7,5,899.4786,-87.8273,0.1033,9,0.2250,,0,8,8,0,0,8,8,0.0000
4,148.0000,7,6,770.2195,-86.0221,-3.5420,3,0.0750,1.0000,6,7,6,0,0,7,6,0.1429
4,148.0000,7,8,831.0132,-88.2456,0.1693,4,0.1000,1.0000,4,4,4,0,0,4,4,0.0000
4,148.0000,7,9,774.4522,-87.9097,0.6938,3,0.0750,1.0000,4,8,8,0,0,8,8,0.0000
4,148.0000,7,10,325.7856,-80.9916,0.1521,19,0.4750,0.6667,6,6,4,0,0,6,4,0.3333
4,148.0000,7,12,968.1710,-87.7364,0.4615,5,0.1250,1.0000,4,4,4,0,0,4,4,0.0000
4,148.0000,7,13,717.2921,-86.5082,-1.0732,3,0.0750,1.0000,8,8,8,0,0,8,8,0.0000
4,148.0000,7,16,301.5654,-79.3066,0.7032,25,0.6250,0.6667,6,8,6,0,0,8,6,0.2500
4,148.0000,7,18,458.2361,-83.3547,1.1545,10,0.2500,0.8571,7,8,8,0,0,8,8,0.0000
4,148.0000,7,19,487.4599,-83.5459,0.3790,8,0.2000,1.0000,8,8,8,0,0,8,8,0.0000
4,148.0000,7,20,945.6375,-86.2807,0.7826,3,0.0750,1.0000,2,4,4,0,0,4,4,0.0000
4,148.0000,7,21,472.5107,-82.1540,0.6087,13,0.3250,0.8571,7,7,5,0,0,7,5,0.2857
4,148.0000,7,22,623.6894,-85.0370,-0.1587,9,0.2250,1.0000,8,7,6,0,0,7,6,0.1429
4,148.0000,7,26,837.0124,-88.1640,0.2294,4,0.1000,1.0000,6,4,4,0,0,4,4,0.0000
4,148.0000,7,27,693.9451,-86.3576,0.2911,5,0.1250,1.0000,8,5,4,0,0,5,4,0.2000
4,148.0000,7,31,462.3305,-83.6464,0.6477,7,0.1750,1.0000,8,7,6,0,0,7,6,0.1429
4,148.0000,7,32,546.2637,-85.0443,0.6959,6,0.1500,1.0000,8,8,8,0,0,8,8,0.0000
4,148.0000,7,33,842.4632,-87.4151,-0.1917,3,0.0750,1.0000,8,8,8,0,0,8,8,0.0000
4,148.0000,7,34,921.3417,-86.9355,-1.4572,3,0.0750,1.0000,2,2,2,0,0,2,2,0.0000
4,148.0000,7,36,277.2371,-77.2755,-0.9556,29,0.7250,0.5000,6,6,4,0,0,6,4,0.3333
4,148.0000,7,37,829.5827,-86.2196,-3.2372,3,0.0750,1.0000,8,6,6,0,0,6,6,0.0000
4,148.0000,7,38,505.8394,-83.2461,0.9583,9,0.2250,0.8571,7,7,6,0,0,7,6,0.1429
4,148.0000,7,40,492.7314,-84.7330,1.6096,9,0.2250,0.8750,8,8,7,0,0,8,7,0.1250
4,148.0000,7,41,792.6147,-88.0694,0.2892,6,0.1500,1.0000,8,8,8,0,0,8,8,0.0000
4,148.0000,7,43,554.4415,-84.8943,-0.8645,10,0.2500,0.8000,5,8,8,0,0,8,8,0.0000
4,148.0000,7,45,449.0372,-83.4566,0.4383,10,0.2500,1.0000,8,6,4,0,0,6,4,0.3333
4,148.0000,7,47,370.3336,-82.7413,0.2194,14,0.3500,0.7500,8,7,5,0,0,7,5,0.2857
4,148.0000,8,1,795.0354,-86.3225,0.3123,6,0.1500,1.0000,4,8,8,0,0,8,8,0.0000
4,148.0000,8,3,641.1738,-85.0552,-0.4011,14,0.3500,1.0000,8,8,7,0,0,8,7,0.1250
4,148.0000,8,4,751.4689,-87.4635,-0.1934,4,0.1000,0.6667,3,8,8,0,0,8,8,0.0000
4,148.0000,8,6,431.7670,-81.3041,0.2008,17,0.4250,0.8889,9,8,7,0,0,8,7,0.1250
4,148.0000,8,7,831.0132,-87.2620,1.1138,4,0.1000,1.0000,8,5,4,0,0,5,4,0.2000
4,148.0000,8,9,391.6266,-82.5998,1.4164,19,0.4750,0.0000,2,8,7,0,0,8,7,0.1250
4,148.0000,8,10,969.3870,-89.3074,0.5290,7,0.1750,,0,8,8,0,0,8,8,0.0000
4,148.0000,8,11,752.4894,-86.2307,-1.5048,11,0.2750,1.0000,6,4,4,0,0,4,4,0.0000
4,148.0000,8,13,335.9568,-79.7969,0.7023,21,0.5250,0.6667,6,8,8,0,0,8,8,0.0000
4,148.0000,8,14,459.9684,-82.9940,0.2348,13,0.3250,0.8333,6,7,6,0,0,7,6,0.1429
4,148.0000,8,15,783.9869,-87.0511,0.0033,9,0.2250,0.8750,8,8,8,0,0,8,8,0.0000
4,148.0000,8,16,957.9652,-87.5850,1.2532,4,0.1000,1.0000,2,7,6,0,0,7,6,0.1429
4,148.0000,8,17,605.3471,-85.4462,-0.2873,8,0.2000,1.0000,8,7,5,0,0,7,5,0.2857
4,148.0000,8,18,529.6676,-83.7608,-0.2888,13,0.3250,1.0000,8,8,6,0,0,8,6,0.2500
4,148.0000,8,19,619.1072,-85.2650,-0.9365,12,0.3000,0.8750,8,8,8,0,0,8,8,0.0000
4,148.0000,8,20,317.4526,-76.9452,-1.6868,30,0.7500,0.5000,6,6,4,0,0,6,4,0.3333
4,148.0000,8,21,599.1401,-85.8946,-0.4154,10,0.2500,1.0000,8,8,8,0,0,8,8,0.0000
4,148.0000,8,22,498.2825,-83.8364,0.2247,15,0.3750,1.0000,8,7,6,0,0,7,6,0.1429
4,148.0000,8,23,711.0258,-85.9198,1.5733,9,0.2250,1.0000,6,6,6,0,0,6,6,0.0000
4,148.0000,8,24,427.4105,-83.6463,-0.0447,16,0.4000,0.8571,7,6,4,0,0,6,4,0.3333
4,148.0000,8,25,619.8900,-85.2311,-0.9571,11,0.2750,1.0000,8,8,8,0,0,8,8,0.0000
4,148.0000,8,27,790.9728,-86.5280,-0.8056,6,0.1500,0.8571,7,8,7,0,0,8,7,0.1250
4,148.0000,8,28,592.6497,-86.4333,0.7335,9,0.2250,0.7143,7,8,8,0,0,8,8,0.0000
4,148.0000,8,30,674.5609,-86.0719,1.0593,5,0.1250,1.0000,4,7,6,0,0,7,6,0.1429
4,148.0000,8,31,393.7854,-82.3680,-1.0439,16,0.4000,1.0000,8,7,6,0,0,7,6,0.1429
4,148.0000,8,32,329.3822,-80.0175,0.8473,17,0.4250,0.7143,7,6,4,0,0,6,4,0.3333
4,148.0000,8,33,153.5166,-73.0019,0.3317,35,0.8750,0.0000,4,6,3,0,0,6,3,0.5000
4,148.0000,8,36,923.3490,-87.1253,0.6421,6,0.1500,1.0000,8,2,2,0,0,2,2,0.0000
4,148.0000,8,37,651.8854,-86.2968,0.1316,13,0.3250,1.0000,8,8,8,0,0,8,8,0.0000
4,148.0000,8,38,481.9733,-83.9109,0.3521,14,0.3500,0.8571,7,7,6,0,0,7,6,0.1429
4,148.0000,8,39,512.5631,-83.0613,0.2841,16,0.4000,0.7143,7,7,5,0,0,7,5,0.2857
4,148.0000,8,40,440.3095,-81.7523,0.0421,16,0.4000,1.0000,8,8,8,0,0,8,8,0.0000
4,148.0000,8,41,814.2283,-86.8601,-0.9579,5,0.1250,1.0000,4,8,8,0,0,8,8,0.0000
4,148.0000,8,42,562.0358,-83.3876,-0.6616,15,0.3750,0.8750,8,8,8,0,0,8,8,0.0000
4,148.0000,8,43,960.2675,-88.2861,0.7916,5,0.1250,,0,4,4,0,0,4,4,0.0000
4,148.0000,8,44,403.6486,-83.2117,1.2409,13,0.3250,1.0000,8,7,6,0,0,7,6,0.1429
4,148.0000,8,45,564.2430,-83.3207,1.5122,13,0.3250,0.8571,7,6,6,0,0,6,6,0.0000
4,148.0000,8,46,917.2274,-88.7956,-0.0688,3,0.0750,1.0000,8,2,2,0,0,2,2,0.0000
4,148.0000,8,47,683.3740,-87.2192,-0.2008,8,0.2000,1.0000,8,8,7,0,0,8,7,0.1250
4,148.0000,9,4,589.3900,-83.6374,-1.4201,12,0.3000,0.8000,5,7,6,0,0,7,6,0.1429
4,148.0000,9,6,646.6635,-85.5711,-1.8457,7,0.1750,1.0000,8,8,8,0,0,8,8,0.0000
4,148.0000,9,8,391.6266,-83.0028,-1.2984,9,0.2250,0.8571,7,6,4,0,0,6,4,0.3333
4,148.0000,9,11,801.2117,-87.8617,-0.4496,4,0.1000,1.0000,6,8,8,0,0,8,8,0.0000
4,148.0000,9,13,563.8752,-85.8213,-0.2311,6,0.1500,0.7143,7,7,6,0,0,7,6,0.1429
4,148.0000,9,14,475.2282,-83.9784,-1.5864,7,0.1750,0.8571,7,8,7,0,0,8,7,0.1250
4,148.0000,9,15,771.0579,-86.3274,-1.3366,7,0.1750,0.6667,6,6,6,0,0,6,6,0.0000
4,148.0000,9,16,944.6084,-88.0311,-3.2942,3,0.0750,1.0000,2,8,8,0,0,8,8,0.0000
4,148.0000,9,17,702.0624,-87.2967,-0.7615,3,0.0750,1.0000,8,8,8,0,0,8,8,0.0000
4,148.0000,9,18,382.4154,-80.9329,-0.3706,14,0.3500,0.4000,5,7,6,0,0,7,6,0.1429
4,148.0000,9,20,661.0733,-85.9837,-1.3119,6,0.1500,0.8889,9,7,6,0,0,7,6,0.1429
4,148.0000,9,21,576.1833,-85.5592,0.3764,7,0.1750,1.0000,6,8,8,0,0,8,8,0.0000
4,148.0000,9,22,700.7853,-86.3452,2.6323,5,0.1250,1.0000,4,7,6,0,0,7,6,0.1429
4,148.0000,9,24,257.0679,-76.9634,-0.6345,24,0.6000,0.5000,6,7,5,0,0,7,5,0.2857
4,148.0000,9,25,924.3847,-89.3995,-1.1754,3,0.0750,1.0000,8,8,8,0,0,8,8,0.0000
4,148.0000,9,27,1032.6591,-88.6167,-0.5608,3,0.0750,1.0000,6,4,4,0,0,4,4,0.0000
4,148.0000,9,28,375.3103,-80.7421,-0.1506,16,0.4000,0.8000,5,6,4,0,0,6,4,0.3333
4,148.0000,9,30,484.3958,-82.9553,-0.8532,16,0.4000,1.0000,8,8,7,0,0,8,7,0.1250
4,148.0000,9,31,496.5739,-81.6906,0.9421,5,0.1250,0.8571,7,8,8,0,0,8,8,0.0000
4,148.0000,9,32,300.5509,-78.7826,-0.0427,18,0.4500,0.4000,5,7,6,0,0,7,6,0.1429
4,148.0000,9,33,437.7631,-82.6643,-0.5821,8,0.2000,0.8571,7,7,6,0,0,7,6,0.1429
4,148.0000,9,38,674.9346,-86.4708,3.2493,3,0.0750,1.0000,10,7,6,0,0,7,6,0.1429
4,148.0000,9,39,812.7818,-86.0171,-2.4129,3,0.0750,0.8333,6,6,6,0,0,6,6,0.0000
4,148.0000,9,40,575.8481,-84.6193,1.6771,6,0.1500,0.7143,7,8,8,0,0,8,8,0.0000
4,148.0000,9,42,847.3688,-88.4465,-2.8813,3,0.0750,1.0000,6,6,6,0,0,6,6,0.0000
4,148.0000,9,44,250.7111,-78.8020,0.5227,22,0.5500,0.7143,7,6,2,0,0,6,2,0.6667
4,148.0000,9,45,655.5347,-86.7435,0.9140,6,0.1500,0.8571,7,8,8,0,0,8,8,0.0000
4,148.0000,9,46,929.5753,-87.0894,0.0035,3,0.0750,0.8571,7,2,2,0,0,2,2,0.0000
4,148.0000,9,47,810.8039,-87.4420,2.3733,4,0.1000,1.0000,4,8,8,0,0,8,8,0.0000
4,148.0000,10,0,838.1640,-87.6945,-0.4806,7,0.1750,1.0000,8,4,4,0,0,4,4,0.0000
4,148.0000,10,1,240.7315,-77.5170,0.1359,21,0.5250,0.6667,6,5,1,0,0,5,1,0.8000
4,148.0000,10,3,899.5908,-86.9390,0.0410,4,0.1000,1.0000,8,8,8,0,0,8,8,0.0000
4,148.0000,10,5,610.8967,-84.4231,-0.9109,20,0.5000,0.8750,8,7,6,0,0,7,6,0.1429
4,148.0000,10,7,325.7856,-80.9595,0.9523,15,0.3750,0.4000,5,7,6,0,0,7,6,0.1429
4,148.0000,10,12,660.5148,-83.8058,-1.0401,11,0.2750,1.0000,8,7,6,0,0,7,6,0.1429
4,148.0000,10,16,99.3362,-72.3409,1.2271,35,0.8750,0.0000,4,4,0,0,0,4,0,1.0000
4,148.0000,10,18,738.5866,-86.7156,0.9775,3,0.0750,1.0000,6,8,8,0,0,8,8,0.0000
4,148.0000,10,19,520.9762,-84.5341,-0.9605,6,0.1500,1.0000,8,8,8,0,0,8,8,0.0000
4,148.0000,10,21,506.2618,-84.0452,0.7496,5,0.1250,0.8571,7,8,7,0,0,8,7,0.1250
4,148.0000,10,22,589.0986,-83.3726,1.0768,6,0.1500,0.8889,9,6,6,0,0,6,6,0.0000
4,148.0000,10,26,535.8597,-82.9428,0.1090,13,0.3250,0.8750,8,7,6,0,0,7,6,0.1429
4,148.0000,10,27,574.6112,-85.4687,0.0539,6,0.1500,1.0000,8,8,8,0,0,8,8,0.0000
4,148.0000,10,29,781.9946,-87.4491,-0.8821,7,0.1750,0.8333,6,2,2,0,0,2,2,0.0000
4,148.0000,10,34,659.9699,-84.5176,-0.5878,17,0.4250,0.8571,7,4,4,0,0,4,4,0.0000
4,148.0000,10,36,59.4420,-69.9306,3.1561,33,0.8250,0.0000,4,5,1,0,0,5,1,0.8000
4,148.0000,10,37,872.3549,-88.1885,-0.3602,3,0.0750,1.0000,8,8,8,0,0,8,8,0.0000
4,148.0000,10,38,595.1143,-84.8055,-0.2397,4,0.1000,1.0000,8,7,6,0,0,7,6,0.1429
4,148.0000,10,40,541.0710,-84.9758,0.6111,7,0.1750,0.8750,8,8,8,0,0,8,8,0.0000
4,148.0000,10,41,694.8817,-85.7697,0.4313,4,0.1000,1.0000,8,8,7,0,0,8,7,0.1250
4,148.0000,10,43,275.8887,-76.4529,-0.5094,27,0.6750,0.5000,6,6,3,0,0,6,3,0.5000
4,148.0000,10,45,438.8309,-83.5204,1.0117,7,0.1750,0.6667,6,8,8,0,0,8,8,0.0000
4,148.0000,10,47,377.5867,-81.1862,1.6420,10,0.2500,0.8571,7,7,5,0,0,7,5,0.2857
4,148.0000,11,2,342.2866,-79.8223,0.3271,26,0.6500,0.7143,7,8,6,0,0,8,6,0.2500
4,148.0000,11,4,570.7663,-84.8130,0.7871,11,0.2750,1.0000,8,6,3,0,0,6,3,0.5000
4,148.0000,11,14,440.4608,-80.9973,-0.6810,9,0.2250,0.8750,8,6,3,0,0,6,3,0.5000
4,148.0000,11,15,123.5769,-72.8751,0.6067,29,0.7250,0.2000,5,5,1,0,0,5,1,0.8000
4,148.0000,11,17,325.5567,-79.9944,0.5397,18,0.4500,0.5000,6,5,2,0,0,5,2,0.6000
4,148.0000,11,20,702.5300,-87.1719,0.1546,3,0.0750,1.0000,8,8,8,0,0,8,8,0.0000
4,148.0000,11,28,525.9931,-83.7964,0.2538,7,0.1750,0.8571,7,8,7,0,0,8,7,0.1250
4,148.0000,11,30,509.9431,-84.2133,-0.1681,12,0.3000,1.0000,8,6,4,0,0,6,4,0.3333
4,148.0000,11,33,654.3028,-83.9214,-0.0726,5,0.1250,1.0000,8,8,8,0,0,8,8,0.0000
4,148.0000,11,35,394.4681,-80.4418,-0.4952,30,0.7500,0.5714,7,7,5,0,0,7,5,0.2857
4,148.0000,11,39,626.3900,-84.9415,-0.7193,5,0.1250,1.0000,8,8,8,0,0,8,8,0.0000
4,148.0000,11,42,507.7227,-83.0811,-0.5113,10,0.2500,0.6667,6,7,5,0,0,7,5,0.2857
4,148.0000,11,44,554.1940,-83.1068,1.2208,4,0.1000,1.0000,8,8,8,0,0,8,8,0.0000
4,148.0000,11,46,200.8364,-73.9884,-0.7318,33,0.8250,0.0000,4,5,1,0,0,5,1,0.8000
4,148.0000,12,0,291.2640,-76.1217,-1.9741,37,0.9250,0.2000,5,6,4,0,0,6,4,0.3333
4,148.0000,12,1,757.5074,-86.4945,-0.7270,3,0.0750,1.0000,8,8,8,0,0,8,8,0.0000
4,148.0000,12,5,254.6898,-78.9200,0.5772,32,0.8000,0.0000,4,5,1,0,0,5,1,0.8000
4,148.0000,12,10,660.5148,-83.6083,-0.9763,5,0.1250,1.0000,8,8,8,0,0,8,8,0.0000
4,148.0000,12,16,732.0993,-85.8788,-0.8057,5,0.1250,1.0000,8,8,8,0,0,8,8,0.0000
4,148.0000,12,21,1073.9638,-89.4814,-0.1731,3,0.0750,1.0000,6,8,8,0,0,8,8,0.0000
4,148.0000,12,26,167.2603,-72.5270,-0.8012,34,0.8500,0.0000,4,5,1,0,0,5,1,0.8000
4,148.0000,12,29,346.0438,-80.1677,-0.1405,33,0.8250,0.5714,7,7,5,0,0,7,5,0.2857
4,148.0000,12,34,259.1284,-76.8145,-0.3571,30,0.7500,0.2000,5,6,3,0,0,6,3,0.5000
4,148.0000,12,36,703.1274,-86.9625,-0.0740,4,0.1000,1.0000,8,7,6,0,0,7,6,0.1429
4,148.0000,12,41,850.1791,-86.6050,-0.9567,5,0.1250,1.0000,10,4,4,0,0,4,4,0.0000
4,148.0000,12,43,536.9792,-82.5248,-2.1531,9,0.2250,1.0000,8,10,9,0,0,10,9,0.1000
4,148.0000,12,47,860.1431,-86.9164,-0.0124,4,0.1000,1.0000,8,8,8,0,0,8,8,0.0000
4,148.0000,13,1,671.3581,-86.9097,0.0137,8,0.2000,0.8750,8,7,6,0,0,7,6,0.1429
4,148.0000,13,3,478.3935,-81.9024,-0.8620,16,0.4000,0.8571,7,7,4,0,0,7,4,0.4286
4,148.0000,13,6,110.5550,-68.9354,0.9972,37,0.9250,0.2000,5,4,0,0,0,4,0,1.0000
4,148.0000,13,7,717.2921,-87.7683,1.4665,7,0.1750,1.0000,6,7,6,0,0,7,6,0.1429
4,148.0000,13,8,335.9568,-78.8872,0.2716,21,0.5250,1.0000,8,6,4,0,0,6,4,0.3333
4,148.0000,13,9,563.8752,-85.6817,0.4500,9,0.2250,1.0000,2,8,8,0,0,8,8,0.0000
4,148.0000,13,10,886.9035,-89.1339,0.1569,5,0.1250,1.0000,4,4,3,0,0,4,3,0.2500
4,148.0000,13,11,778.7284,-87.2041,-0.3685,11,0.2750,1.0000,2,5,4,0,0,5,4,0.2000
4,148.0000,13,14,410.2157,-80.7610,-0.2443,21,0.5250,0.8750,8,6,4,0,0,6,4,0.3333
4,148.0000,13,15,825.2459,-86.8081,0.7054,9,0.2250,1.0000,4,8,8,0,0,8,8,0.0000
4,148.0000,13,17,764.0494,-86.9244,0.5243,8,0.2000,1.0000,6,6,6,0,0,6,6,0.0000
4,148.0000,13,18,461.1752,-82.4423,0.3035,13,0.3250,0.8571,7,6,4,0,0,6,4,0.3333
4,148.0000,13,19,438.6985,-84.0849,0.2519,14,0.3500,1.0000,6,8,6,0,0,8,6,0.2500
4,148.0000,13,20,253.3797,-75.7635,-0.6264,34,0.8500,0.2000,5,5,1,0,0,5,1,0.8000
4,148.0000,13,21,691.3630,-87.8364,-0.4325,8,0.2000,0.8000,5,7,6,0,0,7,6,0.1429
4,148.0000,13,22,555.2156,-85.2579,0.5284,11,0.2750,1.0000,8,8,8,0,0,8,8,0.0000
4,148.0000,13,23,654.1821,-86.4960,-0.6238,7,0.1750,1.0000,6,8,8,0,0,8,8,0.0000
4,148.0000,13,24,458.9840,-84.0758,0.5293,14,0.3500,0.8571,7,7,6,0,0,7,6,0.1429
4,148.0000,13,25,418.3551,-81.4885,-1.1221,18,0.4500,0.7500,8,7,5,0,0,7,5,0.2857
4,148.0000,13,27,674.3051,-86.6448,-0.5696,10,0.2500,0.8571,7,6,4,0,0,6,4,0.3333
4,148.0000,13,28,687.1342,-86.7891,1.8328,10,0.2500,1.0000,8,7,6,0,0,7,6,0.1429
4,148.0000,13,30,829.1175,-87.7138,0.0969,5,0.1250,1.0000,6,4,3,0,0,4,3,0.2500
4,148.0000,13,31,279.6168,-79.0809,-0.1066,20,0.5000,0.5000,6,6,4,0,0,6,4,0.3333
4,148.0000,13,32,338.8154,-81.3685,0.4648,15,0.3750,0.6667,6,4,0,0,0,4,0,1.0000
4,148.0000,13,33,231.1157,-77.8253,0.3680,24,0.6000,0.4000,5,8,6,2,2,10,8,0.2000
4,148.0000,13,35,1028.0851,-88.8415,-0.2079,4,0.1000,1.0000,4,4,4,0,0,4,4,0.0000
4,148.0000,13,36,831.9183,-86.6110,-0.3555,7,0.1750,0.8000,5,8,8,0,0,8,8,0.0000
4,148.0000,13,37,418.8000,-82.0479,-0.8404,17,0.4250,0.6667,6,7,6,0,0,7,6,0.1429
4,148.0000,13,38,315.2957,-80.7808,0.6037,15,0.3750,0.5000,4,9,6,0,0,9,6,0.3333
4,148.0000,13,39,381.7724,-81.7483,-0.0571,23,0.5750,0.6667,6,7,5,0,0,7,5,0.2857
4,148.0000,13,40,464.8426,-83.3713,-0.6555,14,0.3500,0.8571,7,7,5,0,0,7,5,0.2857
4,148.0000,13,41,674.6758,-84.7398,-0.8765,4,0.1000,1.0000,6,7,6,0,0,7,6,0.1429
4,148.0000,13,42,606.4046,-83.7899,-0.5289,15,0.3750,1.0000,8,8,7,0,0,8,7,0.1250
4,148.0000,13,43,906.6817,-87.6356,-1.4714,4,0.1000,,0,7,6,0,0,7,6,0.1429
4,148.0000,13,44,523.4294,-83.8786,1.2984,11,0.2750,0.8571,7,8,8,0,0,8,8,0.0000
4,148.0000,13,45,590.6296,-86.0852,0.4905,12,0.3000,0.8750,8,8,8,0,0,8,8,0.0000
4,148.0000,13,46,974.3925,-88.2850,-0.5956,5,0.1250,1.0000,10,2,2,0,0,2,2,0.0000
4,148.0000,13,47,539.4289,-85.8382,-0.0340,10,0.2500,1.0000,6,8,8,0,0,8,8,0.0000
4,148.0000,14,2,647.2718,-85.3713,-0.8602,12,0.3000,1.0000,4,6,6,0,0,6,6,0.0000
4,148.0000,14,3,866.0023,-87.8062,0.5097,3,0.0750,1.0000,6,6,6,0,0,6,6,0.0000
4,148.0000,14,4,632.5230,-85.7733,0.5642,18,0.4500,1.0000,8,8,7,0,0,8,7,0.1250
4,148.0000,14,6,409.5807,-80.1305,0.2092,15,0.3750,0.8571,7,8,8,0,0,8,8,0.0000
4,148.0000,14,8,459.9684,-82.5024,-0.4520,12,0.3000,0.8750,8,8,8,0,0,8,8,0.0000
4,148.0000,14,9,475.2282,-84.1129,0.6912,10,0.2500,1.0000,4,8,8,0,0,8,8,0.0000
4,148.0000,14,11,440.4608,-82.6109,0.2472,19,0.4750,0.8571,7,6,4,0,0,6,4,0.3333
4,148.0000,14,13,410.2157,-79.6413,-0.0500,9,0.2250,0.8571,7,8,7,0,0,8,7,0.1250
4,148.0000,14,15,448.9998,-82.1483,0.7034,21,0.5250,0.7143,7,8,7,0,0,8,7,0.1250
4,148.0000,14,17,517.7802,-84.2983,0.3792,17,0.4250,0.8000,5,8,8,0,0,8,8,0.0000
4,148.0000,14,18,523.3313,-82.1968,-0.8499,14,0.3500,0.6667,6,7,5,0,0,7,5,0.2857
4,148.0000,14,20,469.6557,-82.0691,-0.7128,10,0.2500,0.8750,8,8,8,0,0,8,8,0.0000
4,148.0000,14,24,248.3997,-79.8296,1.5981,23,0.5750,0.4000,5,7,4,0,0,7,4,0.4286
4,148.0000,14,25,817.7012,-83.9927,0.7137,3,0.0750,1.0000,8,8,8,0,0,8,8,0.0000
4,148.0000,14,28,346.6951,-81.5844,0.3241,21,0.5250,0.7500,8,8,7,0,0,8,7,0.1250
4,148.0000,14,30,488.8044,-84.2978,0.5232,20,0.5000,0.8333,6,6,4,0,0,6,4,0.3333
4,148.0000,14,31,572.2611,-83.7684,-0.8618,5,0.1250,0.8571,7,8,8,0,0,8,8,0.0000
4,148.0000,14,32,466.8611,-81.2888,0.3246,11,0.2750,1.0000,8,8,8,0,0,8,8,0.0000
4,148.0000,14,33,340.6064,-79.8503,-0.5911,16,0.4000,0.3333,6,7,6,0,0,7,6,0.1429
4,148.0000,14,35,775.9052,-86.4407,-0.2885,6,0.1500,1.0000,8,8,8,0,0,8,8,0.0000
4,148.0000,14,37,806.5233,-85.3257,0.1487,7,0.1750,0.8333,6,6,6,0,0,6,6,0.0000
4,148.0000,14,38,696.9065,-86.6514,-1.3179,3,0.0750,1.0000,8,8,8,0,0,8,8,0.0000
4,148.0000,14,39,491.3295,-82.1580,-1.1178,13,0.3250,0.8718,39,6,4,0,0,6,4,0.3333
4,148.0000,14,40,769.3590,-86.5435,-0.3513,3,0.0750,1.0000,8,8,8,0,0,8,8,0.0000
4,148.0000,14,42,568.8259,-83.1333,0.6299,14,0.3500,0.8571,7,8,8,0,0,8,8,0.0000
4,148.0000,14,44,268.4799,-78.7468,0.7015,25,0.6250,0.6667,6,5,1,0,0,5,1,0.8000
4,148.0000,14,46,621.0007,-84.9437,0.2290,9,0.2250,1.0000,8,7,6,0,0,7,6,0.1429
4,148.0000,15,2,314.2959,-80.0695,0.4500,30,0.7500,0.5000,6,7,5,0,0,7,5,0.2857
4,148.0000,15,4,491.4924,-83.2924,-0.3118,15,0.3750,0.8750,8,8,8,0,0,8,8,0.0000
4,148.0000,15,8,783.9869,-86.3948,-1.5469,3,0.0750,1.0000,8,6,6,0,0,6,6,0.0000
4,148.0000,15,9,771.0579,-86.1407,-1.2066,4,0.1000,0.8333,6,8,8,0,0,8,8,0.0000
4,148.0000,15,11,123.5769,-72.1832,0.7195,32,0.8000,0.0000,4,4,0,0,0,4,0,1.0000
4,148.0000,15,14,448.9998,-83.2856,0.2787,9,0.2250,0.7143,7,8,8,0,0,8,8,0.0000
4,148.0000,15,17,362.0889,-80.5586,-0.5993,25,0.6250,0.4286,7,7,5,0,0,7,5,0.2857
4,148.0000,15,24,604.5743,-83.7494,-0.2400,6,0.1500,0.8571,7,8,8,0,0,8,8,0.0000
4,148.0000,15,28,455.6803,-81.5897,-0.7693,20,0.5000,0.3333,6,8,8,0,0,8,8,0.0000
4,148.0000,15,30,425.2961,-81.6569,-0.1222,23,0.5750,0.8571,7,7,5,0,0,7,5,0.2857
4,148.0000,15,35,483.8890,-82.5960,-0.5397,25,0.6250,0.6667,6,7,6,0,0,7,6,0.1429
4,148.0000,15,39,721.6870,-85.9849,0.1584,4,0.1000,1.0000,8,8,8,0,0,8,8,0.0000
4,148.0000,15,42,613.7353,-85.6337,-0.2530,9,0.2250,0.8750,8,8,8,0,0,8,8,0.0000
4,148.0000,15,44,523.8156,-82.7422,-0.6609,9,0.2250,0.6667,6,8,7,0,0,8,7,0.1250
4,148.0000,15,46,182.8517,-75.1069,0.4360,38,0.9500,0.0000,4,4,0,0,0,4,0,1.0000
4,148.0000,16,0,923.2820,-87.7705,-0.3646,5,0.1250,1.0000,8,4,4,0,0,4,4,0.0000
4,148.0000,16,1,299.1512,-79.5475,-0.0422,18,0.4500,0.5714,7,6,4,0,0,6,4,0.3333
4,148.0000,16,5,666.5569,-84.7180,-1.3246,17,0.4250,1.0000,8,6,6,0,0,6,6,0.0000
4,148.0000,16,7,301.5654,-80.0184,0.1219,27,0.6750,0.8750,8,6,2,0,0,6,2,0.6667
4,148.0000,16,10,99.3362,-71.8183,2.1600,33,0.8250,0.2000,5,6,2,0,0,6,2,0.6667
4,148.0000,16,12,732.0993,-86.1287,-0.6509,10,0.2500,0.8571,7,7,6,0,0,7,6,0.1429
4,148.0000,16,19,568.9195,-86.0650,4.1544,3,0.0750,1.0000,8,9,8,0,0,9,8,0.1111
4,148.0000,16,21,454.5189,-83.7401,0.0831,9,0.2250,1.0000,8,8,8,0,0,8,8,0.0000
4,148.0000,16,22,597.3290,-83.6970,-2.2891,5,0.1250,0.8571,7,8,8,0,0,8,8,0.0000
4,148.0000,16,23,861.5897,-86.9426,-0.3232,4,0.1000,1.0000,8,5,4,0,0,5,4,0.2000
4,148.0000,16,25,883.3860,-88.3473,0.9080,3,0.0750,1.0000,4,8,8,0,0,8,8,0.0000
4,148.0000,16,26,603.6360,-85.3506,-0.4460,12,0.3000,0.8571,7,8,8,0,0,8,8,0.0000
4,148.0000,16,27,644.4238,-88.3477,1.2553,3,0.0750,1.0000,8,8,8,0,0,8,8,0.0000
4,148.0000,16,31,633.7659,-85.5825,4.0830,3,0.0750,1.0000,8,8,8,0,0,8,8,0.0000
4,148.0000,16,32,735.0211,-88.0933,-1.9391,3,0.0750,1.0000,78,8,8,144,143,152,151,0.0066
4,148.0000,16,34,751.6415,-85.7137,0.3414,9,0.2250,1.0000,8,4,4,0,0,4,4,0.0000
4,148.0000,16,36,117.8746,-71.1428,0.8740,37,0.9250,0.2000,5,4,0,0,0,4,0,1.0000
4,148.0000,16,40,536.2931,-85.9540,2.0863,4,0.1000,1.0000,8,7,6,0,0,7,6,0.1429
4,148.0000,16,41,767.0720,-86.8546,0.9558,3,0.0750,1.0000,6,7,6,0,0,7,6,0.1429
4,148.0000,16,43,337.4437,-79.1881,-0.4695,24,0.6000,0.2000,5,7,5,0,0,7,5,0.2857
4,148.0000,16,45,427.6338,-81.7645,-0.1307,4,0.1000,1.0000,8,6,3,0,0,6,3,0.5000
4,148.0000,16,47,424.2370,-82.9312,0.5087,7,0.1750,1.0000,8,7,6,0,0,7,6,0.1429
4,148.0000,17,2,248.2904,-77.2803,-0.3288,27,0.6750,0.3333,6,4,0,0,0,4,0,1.0000
4,148.0000,17,4,452.9907,-83.0709,0.6898,15,0.3750,0.8750,8,6,4,0,0,6,4,0.3333
4,148.0000,17,8,605.3471,-85.2419,-4.8600,3,0.0750,1.0000,8,8,8,0,0,8,8,0.0000
4,148.0000,17,9,702.0624,-86.4846,-0.3212,3,0.0750,1.0000,4,8,8,0,0,8,8,0.0000
4,148.0000,17,11,325.5567,-80.3007,0.1591,23,0.5750,0.8571,7,7,5,0,0,7,5,0.2857
4,148.0000,17,14,517.7802,-83.0628,-0.2158,8,0.2000,1.0000,8,7,6,0,0,7,6,0.1429
4,148.0000,17,15,362.0889,-81.1351,-0.6354,18,0.4500,0.3333,6,7,6,0,0,7,6,0.1429
4,148.0000,17,20,632.5934,-84.2930,-2.9471,3,0.0750,1.0000,8,8,8,0,0,8,8,0.0000
4,148.0000,17,24,633.6900,-85.8167,-0.3733,5,0.1250,1.0000,8,8,8,0,0,8,8,0.0000
4,148.0000,17,28,538.5151,-83.1596,-0.2619,12,0.3000,0.8750,8,8,7,0,0,8,7,0.1250
4,148.0000,17,30,462.4851,-83.0566,0.0336,15,0.3750,0.8571,7,6,3,0,0,6,3,0.5000
4,148.0000,17,31,941.4830,-86.1785,-3.7866,3,0.0750,1.0000,8,6,6,0,0,6,6,0.0000
4,148.0000,17,33,567.4385,-85.2107,-0.2260,5,0.1250,1.0000,8,8,8,0,0,8,8,0.0000
4,148.0000,17,35,589.4024,-85.1693,0.3601,17,0.4250,0.8571,7,8,8,0,0,8,8,0.0000
4,148.0000,17,39,632.2799,-84.4523,-0.7252,8,0.2000,0.8750,8,8,8,0,0,8,8,0.0000
4,148.0000,17,42,414.0958,-81.6803,0.0409,18,0.4500,0.6667,6,8,8,0,0,8,8,0.0000
4,148.0000,17,44,506.5780,-83.3209,-1.0206,11,0.2750,0.8571,7,8,7,0,0,8,7,0.1250
4,148.0000,17,46,392.8562,-81.1547,-0.2764,25,0.6250,0.5714,7,5,1,0,0,5,1,0.8000
4,148.0000,18,1,622.7690,-86.8549,-0.4892,5,0.1220,1.0000,8,8,8,0,0,8,8,0.0000
4,148.0000,18,3,859.1657,-86.3779,-1.1224,3,0.0732,1.0000,8,8,8,0,0,8,8,0.0000
4,148.0000,18,6,519.6836,-84.2289,-1.0838,8,0.1951,0.8750,8,8,8,0,0,8,8,0.0000
4,148.0000,18,7,458.2361,-84.0773,1.5841,10,0.2439,0.8571,7,8,7,0,0,8,7,0.1250
4,148.0000,18,8,529.6676,-84.4399,-0.3875,7,0.1707,1.0000,8,8,8,0,0,8,8,0.0000
4,148.0000,18,9,382.4154,-81.5452,0.6923,17,0.4146,0.6667,9,7,6,0,0,7,6,0.1429
4,148.0000,18,11,955.8340,-87.9656,0.5523,4,0.0976,1.0000,2,4,4,0,0,4,4,0.0000
4,148.0000,18,13,461.1752,-82.6983,1.0806,10,0.2439,0.6667,6,8,7,0,0,8,7,0.1250
4,148.0000,18,14,523.3313,-81.7515,-0.6975,9,0.2195,1.0000,8,7,6,0,0,7,6,0.1429
4,148.0000,18,15,941.0296,-87.4608,-1.0974,6,0.1463,1.0000,6,4,4,0,0,4,4,0.0000
4,148.0000,18,16,706.6258,-88.0201,0.3990,3,0.0732,1.0000,4,7,5,0,0,7,5,0.2857
4,148.0000,18,17,954.3169,-88.2764,0.5796,3,0.0732,1.0000,2,4,4,0,0,4,4,0.0000
4,148.0000,18,19,579.0149,-85.3474,0.4685,7,0.1707,0.8750,8,7,6,0,0,7,6,0.1429
4,148.0000,18,20,681.4998,-83.7314,-1.2461,6,0.1463,0.8750,8,8,8,0,0,8,8,0.0000
4,148.0000,18,21,521.2502,-83.7535,0.1499,10,0.2439,1.0000,8,8,8,0,0,8,8,0.0000
4,148.0000,18,22,649.4406,-86.2063,0.1391,5,0.1220,0.8750,8,8,8,0,0,8,8,0.0000
4,148.0000,18,24,348.6850,-77.2105,-1.0705,25,0.6098,0.4000,5,8,8,0,0,8,8,0.0000
4,148.0000,18,25,777.8816,-85.7109,-0.4605,5,0.1220,1.0000,8,8,8,0,0,8,8,0.0000
4,148.0000,18,27,859.1102,-87.6148,-0.3445,6,0.1463,1.0000,8,6,6,0,0,6,6,0.0000
4,148.0000,18,28,589.0596,-84.6701,-0.2112,12,0.2927,0.8750,8,7,6,0,0,7,6,0.1429
4,148.0000,18,30,769.2854,-88.0280,-1.2408,3,0.0732,1.0000,6,8,8,0,0,8,8,0.0000
4,148.0000,18,31,302.6938,-79.6071,-0.2355,14,0.3415,0.8750,8,6,3,0,0,6,3,0.5000
4,148.0000,18,32,206.6645,-74.8910,-0.5214,34,0.8293,0.5000,6,8,6,0,0,8,6,0.2500
4,148.0000,18,33,511.2089,-80.8555,-0.3999,10,0.2439,0.6667,6,8,8,0,0,8,8,0.0000
4,148.0000,18,36,685.3269,-88.6515,0.5695,4,0.0976,1.0000,8,8,8,0,0,8,8,0.0000
4,148.0000,18,37,791.7777,-87.3963,-0.1146,3,0.0732,1.0000,6,4,4,0,0,4,4,0.0000
4,148.0000,18,38,482.6597,-83.7188,0.9876,8,0.1951,0.8750,8,8,7,0,0,8,7,0.1250
4,148.0000,18,39,814.7720,-87.5702,-0.7243,4,0.0976,0.6667,6,4,4,0,0,4,4,0.0000
4,148.0000,18,40,480.2364,-83.3041,-0.1511,8,0.1951,0.8571,7,8,7,0,0,8,7,0.1250
4,148.0000,18,44,480.9894,-82.4109,-0.1606,11,0.2683,0.7143,7,8,8,0,0,8,8,0.0000
4,148.0000,18,45,542.3187,-83.2743,0.1252,7,0.1707,0.8750,8,8,8,0,0,8,8,0.0000
4,148.0000,18,46,1119.6719,-88.2830,-0.2698,4,0.0976,1.0000,8,2,2,0,0,2,2,0.0000
4,148.0000,18,47,563.5602,-86.0049,0.8796,7,0.1707,1.0000,8,8,8,0,0,8,8,0.0000
4,148.0000,19,1,281.2649,-77.4529,-0.7487,26,0.6500,0.2000,5,7,6,0,0,7,6,0.1429
4,148.0000,19,3,408.5912,-81.8291,-0.4084,20,0.5000,0.7143,7,8,7,0,0,8,7,0.1250
4,148.0000,19,5,1003.4654,-88.1513,-0.4221,7,0.1750,1.0000,4,4,4,0,0,4,4,0.0000
4,148.0000,19,6,481.8960,-82.3336,-0.8733,10,0.2500,0.6667,6,7,6,0,0,7,6,0.1429
4,148.0000,19,7,487.4599,-84.4244,-0.9106,15,0.3750,0.8750,8,6,3,0,0,6,3,0.5000
4,148.0000,19,8,619.1072,-85.1004,0.0737,8,0.2000,1.0000,8,8,6,0,0,8,6,0.2500
4,148.0000,19,10,520.9762,-83.8202,0.4393,22,0.5500,0.8571,7,8,6,0,0,8,6,0.2500
4,148.0000,19,12,947.0178,-88.3777,-0.6531,6,0.1500,,0,2,2,0,0,2,2,0.0000
4,148.0000,19,13,438.6985,-83.0226,-1.0281,12,0.3000,0.7500,8,8,6,0,0,8,6,0.2500
4,148.0000,19,16,568.9195,-84.8467,-1.1508,16,0.4000,1.0000,8,7,6,0,0,7,6,0.1429
4,148.0000,19,18,579.0149,-85.5982,1.0743,9,0.2250,0.7500,8,8,6,0,0,8,6,0.2500
4,148.0000,19,20,600.7857,-86.0063,1.2750,7,0.1750,1.0000,8,8,8,0,0,8,8,0.0000
4,148.0000,19,21,558.9614,-84.0207,-0.2547,12,0.3000,0.5000,6,8,8,0,0,8,8,0.0000
4,148.0000,19,22,381.2854,-81.0817,-0.6241,22,0.5500,0.8571,7,7,5,0,0,7,5,0.2857
4,148.0000,19,23,447.2565,-83.4492,-0.1827,16,0.4000,1.0000,8,9,6,0,0,9,6,0.3333
4,148.0000,19,24,790.1081,-86.2769,0.0953,5,0.1250,1.0000,8,6,6,0,0,6,6,0.0000
4,148.0000,19,25,323.3667,-80.9297,0.5324,17,0.4250,0.8571,7,5,1,0,0,5,1,0.8000
4,148.0000,19,26,885.6197,-87.7168,0.2091,6,0.1500,0.8333,6,8,6,0,0,8,6,0.2500
4,148.0000,19,27,299.9632,-79.3382,-0.0435,26,0.6500,0.5714,7,8,6,0,0,8,6,0.2500
4,148.0000,19,29,894.5125,-88.2747,0.1601,9,0.2250,,0,4,4,0,0,4,4,0.0000
4,148.0000,19,31,313.5867,-76.8355,-0.6460,25,0.6250,0.8750,8,7,5,0,0,7,5,0.2857
4,148.0000,19,32,512.3948,-83.9570,0.9285,9,0.2250,0.8571,7,7,6,0,0,7,6,0.1429
4,148.0000,19,33,609.9922,-85.8080,0.4020,8,0.2000,0.8750,8,7,5,0,0,7,5,0.2857
4,148.0000,19,36,472.7769,-82.1920,0.0726,21,0.5250,0.6667,6,7,6,0,0,7,6,0.1429
4,148.0000,19,37,360.9506,-80.6239,-0.3399,24,0.6000,0.8571,7,6,3,0,0,6,3,0.5000
4,148.0000,19,38,141.5482,-68.4085,-1.4851,32,0.8000,0.2000,5,5,1,0,0,5,1,0.8000
4,148.0000,19,39,743.0377,-87.1405,0.6387,5,0.1250,0.7143,7,4,4,0,0,4,4,0.0000
4,148.0000,19,40,332.8629,-79.9171,-0.5026,19,0.4750,0.6667,6,8,6,0,0,8,6,0.2500
4,148.0000,19,41,352.1698,-81.9769,0.4774,22,0.5500,0.8571,7,7,6,0,0,7,6,0.1429
4,148.0000,19,43,505.0528,-84.9798,-0.0497,14,0.3500,1.0000,8,7,6,0,0,7,6,0.1429
4,148.0000,19,44,879.6454,-86.5992,-3.5685,4,0.1000,1.0000,4,2,2,0,0,2,2,0.0000
4,148.0000,19,45,376.7419,-80.5445,0.8325,16,0.4000,0.5714,7,8,7,0,0,8,7,0.1250
4,148.0000,19,47,145.1098,-72.5754,0.8326,37,0.9250,0.0000,4,5,1,0,0,5,1,0.8000
4,148.0000,20,3,457.8017,-82.8169,0.5590,8,0.2000,1.0000,8,7,5,0,0,7,5,0.2857
4,148.0000,20,4,922.7934,-87.6380,0.8082,3,0.0750,1.0000,4,5,4,0,0,5,4,0.2000
4,148.0000,20,6,276.8272,-78.5926,-0.0526,20,0.5000,1.0000,8,7,5,0,0,7,5,0.2857
4,148.0000,20,8,317.4526,-77.4170,-0.8695,27,0.6750,0.6667,6,8,7,0,0,8,7,0.1250
4,148.0000,20,9,661.0733,-84.8998,-0.0116,6,0.1500,1.0000,4,8,7,0,0,8,7,0.1250
4,148.0000,20,11,702.5300,-85.4454,0.1072,9,0.2250,1.0000,8,7,6,0,0,7,6,0.1429
4,148.0000,20,13,253.3797,-75.4943,-0.8242,24,0.6000,0.3333,6,6,3,0,0,6,3,0.5000
4,148.0000,20,14,469.6557,-82.1413,-1.2259,14,0.3500,0.8706,85,8,8,0,0,8,8,0.0000
4,148.0000,20,15,776.2104,-86.6130,0.7768,8,0.2000,0.8571,7,6,6,0,0,6,6,0.0000
4,148.0000,20,17,632.5934,-83.6204,-0.2696,12,0.3000,0.7500,4,6,6,0,0,6,6,0.0000
4,148.0000,20,18,681.4998,-85.8767,-2.0751,4,0.1000,1.0000,8,8,8,0,0,8,8,0.0000
4,148.0000,20,19,600.7857,-85.2905,-2.3891,4,0.1000,0.8750,8,8,8,0,0,8,8,0.0000
4,148.0000,20,22,623.2505,-87.9942,0.2246,4,0.1000,0.6667,6,8,8,0,0,8,8,0.0000
4,148.0000,20,24,579.7722,-85.2293,1.0237,6,0.1500,0.8750,8,8,8,0,0,8,8,0.0000
4,148.0000,20,25,451.8108,-81.1882,-0.1559,10,0.2500,1.0000,8,8,7,0,0,8,7,0.1250
4,148.0000,20,28,745.1146,-85.3799,0.8894,8,0.2000,0.7500,8,7,6,0,0,7,6,0.1429
4,148.0000,20,30,836.1395,-89.0764,0.1869,3,0.0750,1.0000,8,2,2,0,0,2,2,0.0000
4,148.0000,20,31,489.1483,-81.3506,-1.2801,7,0.1750,0.6667,6,8,7,0,0,8,7,0.1250
4,148.0000,20,32,518.9144,-83.2820,-0.3605,9,0.2250,0.8571,7,7,6,0,0,7,6,0.1429
4,148.0000,20,33,223.9543,-76.9778,-0.1838,25,0.6250,0.5000,6,7,2,0,0,7,2,0.7143
4,148.0000,20,37,455.7498,-83.5950,1.7982,5,0.1250,1.0000,8,8,6,0,0,8,6,0.2500
4,148.0000,20,38,487.1455,-84.9789,-0.5010,3,0.0750,1.0000,8,8,8,0,0,8,8,0.0000
4,148.0000,20,39,216.0981,-78.3449,0.7201,29,0.7250,0.2955,44,5,2,94,24,99,26,0.7374
4,148.0000,20,40,592.4580,-83.8444,4.1675,3,0.0750,1.0000,8,8,8,0,0,8,8,0.0000
4,148.0000,20,42,385.9862,-80.9311,-0.1593,17,0.4250,0.8571,7,7,6,0,0,7,6,0.1429
4,148.0000,20,44,579.5965,-84.4956,0.9850,9,0.2250,0.8750,8,4,3,0,0,4,3,0.2500
4,148.0000,20,45,723.5900,-85.0322,0.2857,3,0.0750,0.8571,7,8,8,0,0,8,8,0.0000
4,148.0000,21,1,478.7243,-81.9733,-0.3956,7,0.1750,1.0000,8,6,6,0,0,6,6,0.0000
4,148.0000,21,6,792.0079,-86.3533,0.5820,3,0.0750,1.0000,8,8,8,0,0,8,8,0.0000
4,148.0000,21,7,472.5107,-83.2581,-0.6197,9,0.2250,0.8571,7,8,8,0,0,8,8,0.0000
4,148.0000,21,8,599.1401,-84.9743,-1.1779,6,0.1500,0.8571,7,4,4,0,0,4,4,0.0000
4,148.0000,21,9,576.1833,-84.0289,1.1565,5,0.1250,0.8000,5,8,8,0,0,8,8,0.0000
4,148.0000,21,10,506.2618,-85.0169,0.7054,8,0.2000,0.8571,7,6,4,0,0,6,4,0.3333
4,148.0000,21,13,691.3630,-87.2847,0.3897,3,0.0750,1.0000,8,8,8,0,0,8,8,0.0000
4,148.0000,21,16,454.5189,-83.4088,0.4309,10,0.2500,0.7143,7,7,6,0,0,7,6,0.1429
4,148.0000,21,18,521.2502,-83.7950,0.8828,7,0.1750,0.8571,7,8,8,0,0,8,8,0.0000
4,148.0000,21,19,558.9614,-83.2879,-0.6761,5,0.1250,0.8571,7,7,5,0,0,7,5,0.2857
4,148.0000,21,22,352.1545,-78.4071,-0.4820,15,0.3750,0.6667,6,8,8,0,0,8,8,0.0000
4,148.0000,21,25,801.4492,-85.6658,0.2675,3,0.0750,1.0000,8,4,4,0,0,4,4,0.0000
4,148.0000,21,31,439.2059,-82.6747,-0.1744,8,0.2000,0.8750,8,8,8,0,0,8,8,0.0000
4,148.0000,21,32,449.8777,-81.2364,-0.2760,7,0.1750,0.8571,7,8,8,0,0,8,8,0.0000
4,148.0000,21,33,694.6570,-84.5001,-0.5359,4,0.1000,0.8571,7,8,8,0,0,8,8,0.0000
4,148.0000,21,36,482.9378,-83.2325,-1.7851,8,0.2000,1.0000,6,7,6,0,0,7,6,0.1429
4,148.0000,21,38,510.1699,-82.7089,1.8151,3,0.0750,1.0000,8,7,6,0,0,7,6,0.1429
4,148.0000,21,40,271.2075,-77.8802,0.2956,14,0.3500,0.2000,5,5,2,0,0,5,2,0.6000
4,148.0000,21,41,787.0019,-87.4771,-0.4504,4,0.1000,1.0000,8,8,8,0,0,8,8,0.0000
4,148.0000,21,43,550.1842,-85.4885,-0.8165,8,0.2000,0.8571,7,8,8,0,0,8,8,0.0000
4,148.0000,21,45,202.5859,-74.0836,-0.1574,23,0.5750,0.5714,7,5,1,0,0,5,1,0.8000
4,148.0000,21,47,480.9684,-81.5916,0.1668,7,0.1750,1.0000,8,8,8,0,0,8,8,0.0000
4,148.0000,22,1,445.8353,-82.4800,-1.0936,9,0.2250,0.8750,8,8,8,0,0,8,8,0.0000
4,148.0000,22,3,542.0647,-85.1197,-0.0295,9,0.2250,1.0000,8,8,6,0,0,8,6,0.2500
4,148.0000,22,6,649.6927,-84.7902,-0.4760,5,0.1250,0.8571,7,8,8,0,0,8,8,0.0000
4,148.0000,22,7,623.6894,-85.3252,0.3819,5,0.1250,0.8571,7,7,6,0,0,7,6,0.1429
4,148.0000,22,8,498.2825,-82.8619,0.5866,8,0.2000,1.0000,8,8,7,0,0,8,7,0.1250
4,148.0000,22,9,700.7853,-87.0630,1.3958,4,0.1000,1.0000,2,8,8,0,0,8,8,0.0000
4,148.0000,22,10,589.0986,-86.2216,0.9656,6,0.1500,0.8571,7,8,7,0,0,8,7,0.1250
4,148.0000,22,13,555.2156,-86.2016,-0.5678,7,0.1750,0.8750,8,6,4,0,0,6,4,0.3333
4,148.0000,22,16,597.3290,-85.8407,-0.9006,5,0.1250,0.7500,4,7,6,0,0,7,6,0.1429
4,148.0000,22,18,649.4406,-86.1143,0.5199,6,0.1500,0.8750,8,8,7,0,0,8,7,0.1250
4,148.0000,22,19,381.2854,-81.1823,-0.4562,10,0.2500,0.7500,8,8,6,0,0,8,6,0.2500
4,148.0000,22,20,623.2505,-87.1277,1.0381,5,0.1250,0.8571,7,8,7,0,0,8,7,0.1250
4,148.0000,22,21,352.1545,-78.7503,-0.0841,19,0.4750,0.7500,8,6,3,0,0,6,3,0.5000
4,148.0000,22,23,420.1033,-81.6920,0.5774,10,0.2500,0.6667,6,6,3,0,0,6,3,0.5000
4,148.0000,22,24,798.9756,-85.6980,1.1862,7,0.1750,1.0000,8,8,8,0,0,8,8,0.0000
4,148.0000,22,25,518.5824,-83.9024,0.1533,6,0.1500,0.8889,9,8,7,0,0,8,7,0.1250
4,148.0000,22,27,410.4549,-80.9105,-0.2930,15,0.3750,0.7143,7,6,4,0,0,6,4,0.3333
4,148.0000,22,31,396.9138,-81.5049,0.4350,11,0.2750,1.0000,8,7,6,0,0,7,6,0.1429
4,148.0000,22,32,503.0959,-84.5398,-0.2357,6,0.1500,1.0000,8,8,7,0,0,8,7,0.1250
4,148.0000,22,36,560.9738,-82.8398,-0.0636,8,0.2000,1.0000,8,8,8,0,0,8,8,0.0000
4,148.0000,22,37,587.6703,-84.2513,0.1745,8,0.2000,0.8571,7,6,6,0,0,6,6,0.0000
4,148.0000,22,38,342.9069,-79.9775,-0.8914,13,0.3250,1.0000,8,6,3,0,0,6,3,0.5000
4,148.0000,22,40,171.2982,-74.3633,0.7999,28,0.7000,0.2000,5,5,1,0,0,5,1,0.8000
4,148.0000,22,41,492.7585,-82.5365,0.9492,10,0.2500,0.8571,7,8,8,0,0,8,8,0.0000
4,148.0000,22,42,966.4693,-87.3531,-0.1543,4,0.1000,,0,4,4,0,0,4,4,0.0000
4,148.0000,22,43,491.1079,-83.4105,-0.7874,8,0.2000,0.8571,7,8,8,0,0,8,8,0.0000
4,148.0000,22,45,195.8080,-73.8609,-0.4871,36,0.9000,0.3333,6,5,2,0,0,5,2,0.6000
4,148.0000,22,47,380.6693,-80.5724,-0.1337,14,0.3500,0.8750,8,6,4,0,0,6,4,0.3333
4,148.0000,23,1,618.2117,-85.5041,-0.7057,4,0.1000,1.0000,8,9,7,0,0,9,7,0.2222
4,148.0000,23,3,286.2967,-78.8222,-0.1328,20,0.5000,0.8571,7,5,2,0,0,5,2,0.6000
4,148.0000,23,6,699.4656,-86.6777,0.0345,3,0.0750,0.8571,7,7,6,0,0,7,6,0.1429
4,148.0000,23,10,807.5246,-86.9847,-0.2580,3,0.0750,1.0000,6,8,8,0,0,8,8,0.0000
4,148.0000,23,19,447.2565,-82.6539,0.5958,5,0.1250,0.8750,8,8,8,0,0,8,8,0.0000
4,148.0000,23,20,637.8558,-87.2509,-0.7384,4,0.1000,1.0000,6,7,6,0,0,7,6,0.1429
4,148.0000,23,22,420.1033,-81.7935,1.0888,5,0.1250,0.8750,8,8,8,0,0,8,8,0.0000
4,148.0000,23,25,332.3156,-81.1750,1.2344,8,0.2000,0.8571,7,7,5,0,0,7,5,0.2857
4,148.0000,23,27,268.9691,-77.4594,-0.1916,21,0.5250,0.3333,6,7,4,0,0,7,4,0.4286
4,148.0000,23,31,641.8175,-88.5588,-1.9472,3,0.0750,1.0000,8,8,8,0,0,8,8,0.0000
4,148.0000,23,37,401.1138,-80.7316,-0.2922,12,0.3000,0.8000,10,6,4,0,0,6,4,0.3333
4,148.0000,23,38,478.0187,-84.4659,-1.3479,5,0.1250,1.0000,8,8,8,0,0,8,8,0.0000
4,148.0000,23,40,536.4577,-82.7848,-0.5200,5,0.1250,0.6667,6,8,8,0,0,8,8,0.0000
4,148.0000,23,41,224.6916,-76.3633,-0.4663,27,0.6750,0.5714,7,8,5,0,0,8,5,0.3750
4,148.0000,23,43,625.5440,-86.9492,-0.2263,4,0.1000,0.8000,5,8,8,0,0,8,8,0.0000
4,148.0000,23,47,530.6002,-84.1148,-0.0705,5,0.1250,0.8750,8,7,6,0,0,7,6,0.1429
4,148.0000,24,1,914.9378,-87.6728,0.2101,3,0.0750,1.0000,8,8,8,0,0,8,8,0.0000
4,148.0000,24,2,744.8579,-86.9584,0.5961,9,0.2250,1.0000,4,6,6,0,0,6,6,0.0000
4,148.0000,24,4,594.4541,-84.6775,-0.7338,18,0.4500,1.0000,8,8,8,0,0,8,8,0.0000
4,148.0000,24,6,504.6005,-84.2816,0.1471,10,0.2500,1.0000,10,8,8,0,0,8,8,0.0000
4,148.0000,24,7,802.4506,-87.1725,-0.5388,4,0.1000,1.0000,4,8,8,0,0,8,8,0.0000
4,148.0000,24,8,427.4105,-82.9130,0.2890,10,0.2500,0.8571,7,7,6,0,0,7,6,0.1429
4,148.0000,24,9,257.0679,-76.8651,-0.5403,30,0.7500,0.2000,5,6,4,0,0,6,4,0.3333
4,148.0000,24,11,630.9790,-85.6875,0.2140,9,0.2250,1.0000,4,7,6,0,0,7,6,0.1429
4,148.0000,24,13,458.9840,-83.2609,0.2618,9,0.2250,0.9000,10,6,4,0,0,6,4,0.3333
4,148.0000,24,14,248.3997,-78.9911,0.5742,20,0.5000,1.0000,8,8,6,0,0,8,6,0.2500
4,148.0000,24,15,604.5743,-86.2045,-0.6216,12,0.3000,0.6667,6,5,4,0,0,5,4,0.2000
4,148.0000,24,17,633.6900,-85.9588,-0.6705,13,0.3250,1.0000,6,8,7,0,0,8,7,0.1250
4,148.0000,24,18,348.6850,-77.4297,-1.1794,25,0.6250,0.8571,7,8,8,0,0,8,8,0.0000
4,148.0000,24,19,790.1081,-89.3384,0.2638,4,0.1000,1.0000,8,6,5,0,0,6,5,0.1667
4,148.0000,24,20,579.7722,-86.5643,0.2122,9,0.2250,1.0000,8,8,8,0,0,8,8,0.0000
4,148.0000,24,21,736.0907,-85.6618,-1.1533,7,0.1750,1.0000,6,5,4,0,0,5,4,0.2000
4,148.0000,24,25,870.4028,-86.4750,-0.5312,3,0.0750,1.0000,9,4,4,0,0,4,4,0.0000
4,148.0000,24,27,1053.2380,-87.7948,1.5730,3,0.0750,1.0000,2,6,6,0,0,6,6,0.0000
4,148.0000,24,28,262.3967,-79.3776,0.8816,28,0.7000,0.5000,6,6,2,0,0,6,2,0.6667
4,148.0000,24,30,441.9175,-82.5497,0.7701,21,0.5250,0.5000,6,8,8,0,0,8,8,0.0000
4,148.0000,24,31,487.6013,-84.5581,0.4365,7,0.1750,0.7500,8,8,8,0,0,8,8,0.0000
4,148.0000,24,32,318.1978,-77.7240,-0.8391,22,0.5500,0.7143,7,8,8,0,0,8,8,0.0000
4,148.0000,24,33,377.0973,-80.7288,0.2827,14,0.3500,1.0000,8,7,6,0,0,7,6,0.1429
4,148.0000,24,37,876.0204,-87.6521,0.5288,4,0.1000,1.0000,6,4,4,0,0,4,4,0.0000
4,148.0000,24,38,659.0859,-85.0593,-1.0156,5,0.1250,1.0000,8,7,5,0,0,7,5,0.2857
4,148.0000,24,39,675.6860,-86.8372,0.9871,5,0.1250,1.0000,10,6,6,0,0,6,6,0.0000
4,148.0000,24,40,661.5368,-87.7601,-0.5740,6,0.1500,1.0000,8,6,6,0,0,6,6,0.0000
4,148.0000,24,42,748.7175,-86.8042,0.6143,6,0.1500,1.0000,8,8,8,0,0,8,8,0.0000
4,148.0000,24,44,151.5503,-75.2644,1.7227,30,0.7500,0.5000,6,5,2,1,0,6,2,0.6667
4,148.0000,24,45,762.6489,-86.0541,-0.1183,4,0.1000,1.0000,8,8,8,0,0,8,8,0.0000
4,148.0000,24,46,780.8723,-88.0033,0.9687,5,0.1250,1.0000,6,8,8,0,0,8,8,0.0000
4,148.0000,24,47,824.0090,-87.2913,-0.3576,6,0.1500,1.0000,8,8,8,0,0,8,8,0.0000
4,148.0000,25,1,593.4964,-85.8510,0.2628,6,0.1500,1.0000,8,7,6,0,0,7,6,0.1429
4,148.0000,25,3,103.4121,-69.2597,0.5758,36,0.9000,0.3333,6,5,1,0,0,5,1,0.8000
4,148.0000,25,6,422.7306,-79.9528,-0.1678,13,0.3250,0.6667,6,6,4,0,0,6,4,0.3333
4,148.0000,25,8,619.8900,-82.9903,-0.8173,9,0.2250,1.0000,8,8,8,0,0,8,8,0.0000
4,148.0000,25,13,418.3551,-80.1553,-0.5942,15,0.3750,0.5714,7,7,4,0,0,7,4,0.4286
4,148.0000,25,14,817.7012,-86.7522,-1.0868,4,0.1000,0.8750,8,8,8,0,0,8,8,0.0000
4,148.0000,25,18,777.8816,-86.6855,0.7080,4,0.1000,0.8571,7,8,8,0,0,8,8,0.0000
4,148.0000,25,19,323.3667,-80.9660,-0.3808,18,0.4500,0.8571,7,5,1,0,0,5,1,0.8000
4,148.0000,25,20,451.8108,-81.7096,-0.1892,14,0.3500,0.7143,7,7,6,0,0,7,6,0.1429
4,148.0000,25,21,801.4492,-86.7567,0.3294,4,0.1000,1.0000,8,8,8,0,0,8,8,0.0000
4,148.0000,25,22,518.5824,-84.2019,1.3025,8,0.2000,1.0000,8,7,6,0,0,7,6,0.1429
4,148.0000,25,23,332.3156,-82.1172,0.3521,20,0.5000,0.7143,7,5,2,0,0,5,2,0.6000
4,148.0000,25,24,870.4028,-88.6521,-0.9488,3,0.0750,1.0000,6,6,6,0,0,6,6,0.0000
4,148.0000,25,27,375.1640,-81.2539,0.0364,16,0.4000,0.8750,8,6,4,0,0,6,4,0.3333
4,148.0000,25,31,494.5821,-82.3675,0.7424,11,0.2750,0.7143,7,8,8,0,0,8,8,0.0000
4,148.0000,25,32,662.7721,-87.0785,1.3861,4,0.1000,1.0000,8,8,8,0,0,8,8,0.0000
4,148.0000,25,33,579.0532,-85.0676,-1.7770,7,0.1750,0.8750,8,8,8,0,0,8,8,0.0000
4,148.0000,25,36,786.8131,-86.3526,0.6435,6,0.1500,1.0000,8,8,8,0,0,8,8,0.0000
4,148.0000,25,37,75.9963,-67.1251,2.2046,36,0.9000,0.4000,5,6,1,0,0,6,1,0.8333
4,148.0000,25,38,329.6589,-81.4885,-0.3145,14,0.3500,0.8750,8,7,5,0,0,7,5,0.2857
4,148.0000,25,39,543.4776,-83.5110,-1.6033,8,0.2000,0.8333,6,8,8,0,0,8,8,0.0000
4,148.0000,25,40,533.6032,-83.3858,1.1567,9,0.2250,0.8571,7,8,7,0,0,8,7,0.1250
4,148.0000,25,41,310.1685,-81.4761,-0.1650,17,0.4250,0.8571,7,5,2,0,0,5,2,0.6000
4,148.0000,25,42,796.9875,-84.9988,-0.9998,7,0.1750,1.0000,8,2,2,0,0,2,2,0.0000
4,148.0000,25,43,747.7530,-88.3000,0.6014,6,0.1500,,0,8,8,0,0,8,8,0.0000
4,148.0000,25,44,928.3156,-87.1507,0.8198,4,0.1000,1.0000,8,2,2,0,0,2,2,0.0000
4,148.0000,25,45,617.4830,-85.1044,0.0920,8,0.2000,1.0000,8,7,6,0,0,7,6,0.1429
4,148.0000,25,47,464.9608,-82.6266,0.4125,7,0.1750,0.8571,7,8,8,0,0,8,8,0.0000
4,148.0000,26,0,434.0010,-79.9629,-1.8287,32,0.8000,0.4286,7,8,7,0,0,8,7,0.1250
4,148.0000,26,1,664.3426,-85.4666,1.3757,5,0.1250,1.0000,8,8,8,0,0,8,8,0.0000
4,148.0000,26,5,143.0327,-74.6425,1.2463,36,0.9000,0.0000,4,4,0,0,0,4,0,1.0000
4,148.0000,26,7,837.0124,-86.8883,0.4316,4,0.1000,1.0000,8,8,8,0,0,8,8,0.0000
4,148.0000,26,10,535.8597,-83.3904,0.0072,16,0.4000,1.0000,8,8,8,0,0,8,8,0.0000
4,148.0000,26,12,167.2603,-72.3290,-0.8923,35,0.8750,0.2000,5,4,0,0,0,4,0,1.0000
4,148.0000,26,16,603.6360,-85.3018,0.0476,10,0.2500,1.0000,8,8,8,0,0,8,8,0.0000
4,148.0000,26,19,885.6197,-88.1055,-0.1236,3,0.0750,1.0000,8,8,8,0,0,8,8,0.0000
4,148.0000,26,22,965.8341,-88.9736,0.5977,3,0.0750,1.0000,6,6,6,0,0,6,6,0.0000
4,148.0000,26,29,419.1639,-82.5664,-0.6424,27,0.6750,0.5000,6,8,7,0,0,8,7,0.1250
4,148.0000,26,34,304.6790,-78.5286,-0.2965,29,0.7250,0.0000,4,5,1,0,0,5,1,0.8000
4,148.0000,26,36,581.3265,-84.4417,1.1259,7,0.1750,0.8571,7,8,8,0,0,8,8,0.0000
4,148.0000,26,41,852.7453,-87.4851,-0.0056,6,0.1500,1.0000,8,8,8,0,0,8,8,0.0000
4,148.0000,26,43,477.2535,-82.7962,-0.1065,14,0.3500,1.0000,8,8,7,0,0,8,7,0.1250
4,148.0000,27,0,741.8536,-86.3682,0.7626,6,0.1500,1.0000,6,8,7,0,0,8,7,0.1250
4,148.0000,27,1,390.8519,-80.7853,0.7815,12,0.3000,0.6667,6,6,4,0,0,6,4,0.3333
4,148.0000,27,3,400.3174,-80.0300,-0.5518,25,0.6250,0.6667,6,8,8,0,0,8,8,0.0000
4,148.0000,27,6,717.0511,-86.7804,-0.6813,6,0.1500,1.0000,6,8,8,0,0,8,8,0.0000
4,148.0000,27,7,693.9451,-86.6362,-0.9976,6,0.1500,0.8000,5,8,8,0,0,8,8,0.0000
4,148.0000,27,8,790.9728,-87.3563,0.3936,6,0.1500,0.8750,8,2,2,0,0,2,2,0.0000
4,148.0000,27,10,574.6112,-85.0307,1.3798,7,0.1750,0.6667,6,8,8,0,0,8,8,0.0000
4,148.0000,27,12,774.6226,-87.2473,-1.8554,5,0.1250,1.0000,6,8,8,0,0,8,8,0.0000
4,148.0000,27,13,674.3051,-86.8713,-1.2478,5,0.1250,1.0000,8,8,8,0,0,8,8,0.0000
4,148.0000,27,16,644.4238,-85.4041,0.2308,4,0.1000,1.0000,2,7,6,0,0,7,6,0.1429
4,148.0000,27,18,859.1102,-88.6542,0.9254,4,0.1000,1.0000,8,8,8,0,0,8,8,0.0000
4,148.0000,27,19,299.9632,-78.6129,-0.6601,18,0.4500,0.4286,7,6,3,0,0,6,3,0.5000
4,148.0000,27,20,753.8877,-86.1954,-0.6992,6,0.1500,0.5000,6,6,5,0,0,6,5,0.1667
4,148.0000,27,21,679.6123,-86.4370,-0.8886,8,0.2000,1.0000,6,8,8,0,0,8,8,0.0000
4,148.0000,27,22,410.4549,-81.1902,-0.2024,16,0.4000,0.8750,8,8,7,0,0,8,7,0.1250
4,148.0000,27,23,268.9691,-77.5174,0.0675,30,0.7500,0.4000,5,7,5,0,0,7,5,0.2857
4,148.0000,27,25,375.1640,-81.7435,0.3589,13,0.3250,0.8571,7,8,8,0,0,8,8,0.0000
4,148.0000,27,26,763.5583,-87.0142,-0.1883,8,0.2000,1.0000,2,7,6,0,0,7,6,0.1429
4,148.0000,27,29,709.2266,-85.7056,0.7137,8,0.2000,1.0000,6,7,6,0,0,7,6,0.1429
4,148.0000,27,31,578.7499,-83.5597,-1.1880,11,0.2750,1.0000,8,8,8,0,0,8,8,0.0000
4,148.0000,27,32,764.8977,-86.7739,-2.5953,3,0.0750,1.0000,8,8,8,0,0,8,8,0.0000
4,148.0000,27,34,650.0019,-84.3959,-0.5088,8,0.2000,1.0000,8,8,8,0,0,8,8,0.0000
4,148.0000,27,36,552.2121,-83.6144,1.0595,6,0.1500,0.8571,7,6,4,0,0,6,4,0.3333
4,148.0000,27,37,433.3177,-80.7012,-0.9236,15,0.3750,0.7143,7,7,6,0,0,7,6,0.1429
4,148.0000,27,38,401.1111,-79.8703,-1.0740,15,0.3750,0.6667,6,8,8,0,0,8,8,0.0000
4,148.0000,27,40,480.5305,-82.4265,-1.1008,8,0.2000,0.6250,8,8,8,0,0,8,8,0.0000
4,148.0000,27,41,129.4724,-72.9131,0.3854,32,0.8000,0.2000,5,5,1,0,0,5,1,0.8000
4,148.0000,27,43,410.3897,-82.3405,0.0249,12,0.3000,1.0000,8,8,8,0,0,8,8,0.0000
4,148.0000,27,45,478.7831,-82.3828,-1.1673,10,0.2500,1.0000,8,7,6,0,0,7,6,0.1429
4,148.0000,27,47,335.6109,-79.0074,0.2513,20,0.5000,0.3333,6,7,6,0,0,7,6,0.1429
4,148.0000,28,2,565.4378,-84.8410,-0.3709,13,0.3250,0.7143,7,8,7,0,0,8,7,0.1250
4,148.0000,28,4,370.1651,-79.7296,-0.8862,29,0.7250,0.0000,4,7,5,0,0,7,5,0.2857
4,148.0000,28,6,721.2128,-87.1295,-0.8011,6,0.1500,1.0000,8,8,7,0,0,8,7,0.1250
4,148.0000,28,8,592.6497,-86.9478,-0.3007,5,0.1250,0.8571,7,7,6,0,0,7,6,0.1429
4,148.0000,28,9,375.3103,-81.1101,-0.7690,19,0.4750,0.6667,6,8,8,0,0,8,8,0.0000
4,148.0000,28,11,525.9931,-84.0841,-0.3846,15,0.3750,0.8571,7,7,5,0,0,7,5,0.2857
4,148.0000,28,13,687.1342,-85.7146,0.1373,5,0.1250,0.8750,8,8,8,0,0,8,8,0.0000
4,148.0000,28,14,346.6951,-80.5766,0.4523,16,0.4000,0.6667,6,5,2,0,0,5,2,0.6000
4,148.0000,28,15,455.6803,-82.0240,-1.0360,22,0.5500,0.8571,7,8,8,0,0,8,8,0.0000
4,148.0000,28,17,538.5151,-84.7581,-0.3869,14,0.3500,0.6667,6,8,8,0,0,8,8,0.0000
4,148.0000,28,18,589.0596,-85.0440,0.2145,8,0.2000,1.0000,8,8,8,0,0,8,8,0.0000
4,148.0000,28,20,745.1146,-87.5404,-2.3487,4,0.1000,0.8750,8,8,8,0,0,8,8,0.0000
4,148.0000,28,24,262.3967,-78.8097,0.6059,21,0.5250,0.7143,7,6,4,0,0,6,4,0.3333
4,148.0000,28,25,1101.2031,-88.6607,1.4522,3,0.0750,1.0000,6,8,8,0,0,8,8,0.0000
4,148.0000,28,30,199.9851,-75.9969,0.2109,36,0.9000,0.0000,4,4,0,0,0,4,0,1.0000
4,148.0000,28,31,744.7039,-86.3331,0.5766,6,0.1500,1.0000,8,8,8,0,0,8,8,0.0000
4,148.0000,28,32,565.7527,-84.8698,-1.0494,8,0.2000,0.8571,7,8,8,0,0,8,8,0.0000
4,148.0000,28,33,554.1937,-85.5553,0.2672,12,0.3000,0.8750,8,8,7,0,0,8,7,0.1250
4,148.0000,28,35,919.8343,-86.9913,-1.8330,7,0.1750,0.8750,8,6,6,0,0,6,6,0.0000
4,148.0000,28,39,806.3988,-87.0037,0.8876,4,0.1000,1.0000,8,8,8,0,0,8,8,0.0000
4,148.0000,28,42,790.5628,-87.4343,-1.6519,6,0.1500,1.0000,6,6,6,0,0,6,6,0.0000
4,148.0000,28,44,190.4707,-74.0237,-0.7967,33,0.8250,0.3333,6,7,5,0,0,7,5,0.2857
4,148.0000,28,46,619.5513,-84.4638,-0.5965,17,0.4250,0.4286,7,8,7,0,0,8,7,0.1250
4,148.0000,29,0,219.5786,-76.4603,0.5915,37,0.9250,0.0000,4,7,3,0,0,7,3,0.5714
4,148.0000,29,5,508.4265,-83.9949,0.0412,17,0.4250,1.0000,8,8,7,0,0,8,7,0.1250
4,148.0000,29,12,346.0438,-80.4292,-0.6399,30,0.7500,0.2000,5,7,5,0,0,7,5,0.2857
4,148.0000,29,26,419.1639,-81.4888,0.2915,23,0.5750,0.8571,7,8,8,0,0,8,8,0.0000
4,148.0000,29,34,129.4506,-73.8103,1.5518,33,0.8250,0.0000,4,5,1,0,0,5,1,0.8000
4,148.0000,30,2,428.6831,-81.9200,1.1861,23,0.5750,0.4000,5,6,3,0,0,6,3,0.5000
4,148.0000,30,4,173.0389,-73.2705,-0.3323,37,0.9250,0.2000,5,4,0,0,0,4,0,1.0000
4,148.0000,30,9,484.3958,-83.2282,0.2856,14,0.3500,1.0000,8,8,7,0,0,8,7,0.1250
4,148.0000,30,11,509.9431,-84.2005,0.1057,16,0.4000,0.7143,7,8,8,0,0,8,8,0.0000
4,148.0000,30,13,829.1175,-87.8944,0.8299,3,0.0750,1.0000,8,8,8,0,0,8,8,0.0000
4,148.0000,30,14,488.8044,-84.0739,-1.0650,8,0.2000,1.0000,8,7,5,0,0,7,5,0.2857
4,148.0000,30,15,425.2961,-81.6945,0.4014,19,0.4750,0.8571,7,6,3,0,0,6,3,0.5000
4,148.0000,30,17,462.4851,-82.8869,0.1936,15,0.3750,0.6250,8,6,6,0,0,6,6,0.0000
4,148.0000,30,18,769.2854,-83.8988,-0.2960,4,0.1000,0.8571,7,8,8,0,0,8,8,0.0000
4,148.0000,30,24,441.9175,-81.9303,-0.4978,10,0.2500,1.0000,8,8,7,0,0,8,7,0.1250
4,148.0000,30,28,199.9851,-75.8795,0.2776,31,0.7750,0.0000,3,6,1,0,0,6,1,0.8333
4,148.0000,30,32,718.6631,-83.1725,0.0386,3,0.0750,1.0000,8,8,8,0,0,8,8,0.0000
4,148.0000,30,33,657.4106,-85.3296,-0.0995,4,0.1000,1.0000,8,8,8,0,0,8,8,0.0000
4,148.0000,30,35,892.7744,-87.0049,-0.3275,7,0.1750,1.0000,6,6,6,0,0,6,6,0.0000
4,148.0000,30,42,803.0818,-88.0189,-0.2401,4,0.1000,1.0000,8,8,8,0,0,8,8,0.0000
4,148.0000,30,44,321.6757,-80.0015,0.1014,18,0.4500,0.5714,7,7,6,0,0,7,6,0.1429
4,148.0000,30,46,546.8475,-83.7718,-0.0076,16,0.4000,0.7500,8,7,6,0,0,7,6,0.1429
4,148.0000,31,1,448.3975,-81.2260,-0.4387,16,0.4000,0.8750,8,8,8,0,0,8,8,0.0000
4,148.0000,31,3,570.4648,-83.7348,-1.8039,15,0.3750,0.8571,7,8,8,0,0,8,8,0.0000
4,148.0000,31,6,365.0974,-77.8470,-1.3878,25,0.6250,0.6667,6,7,6,0,0,7,6,0.1429
4,148.0000,31,7,462.3305,-84.2811,0.8469,11,0.2750,0.6667,6,8,7,0,0,8,7,0.1250
4,148.0000,31,8,393.7854,-81.5037,0.6336,16,0.4000,0.8750,8,7,6,0,0,7,6,0.1429
4,148.0000,31,9,496.5739,-84.6322,0.8771,13,0.3250,0.6000,5,7,6,0,0,7,6,0.1429
4,148.0000,31,10,634.4223,-85.9494,1.0493,8,0.2000,1.0000,4,8,8,0,0,8,8,0.0000
4,148.0000,31,11,987.7784,-88.2029,-0.0044,3,0.0750,1.0000,2,2,2,0,0,2,2,0.0000
4,148.0000,31,13,279.6168,-78.4080,0.4867,25,0.6250,0.7589,141,6,3,135,107,141,110,0.2199
4,148.0000,31,14,572.2611,-84.7979,0.8324,14,0.3500,0.8750,8,8,8,0,0,8,8,0.0000
4,148.0000,31,15,1009.0708,-87.7000,0.9775,3,0.0750,1.0000,6,6,6,0,0,6,6,0.0000
4,148.0000,31,16,633.7659,-86.4100,-0.7400,11,0.2750,0.6667,3,5,4,0,0,5,4,0.2000
4,148.0000,31,17,941.4830,-87.4704,2.7233,3,0.0750,1.0000,4,2,2,0,0,2,2,0.0000
4,148.0000,31,18,302.6938,-80.5187,0.4113,21,0.5250,0.8571,7,7,3,0,0,7,3,0.5714
4,148.0000,31,19,313.5867,-77.7765,-0.5866,25,0.6250,0.2000,5,8,8,0,0,8,8,0.0000
4,148.0000,31,20,489.1483,-82.2659,-0.6479,14,0.3500,0.8000,5,7,4,0,0,7,4,0.4286
4,148.0000,31,21,439.2059,-81.9126,0.0362,17,0.4250,0.7143,7,6,4,0,0,6,4,0.3333
4,148.0000,31,22,396.9138,-82.0996,0.2894,19,0.4750,0.8750,8,7,5,0,0,7,5,0.2857
4,148.0000,31,23,641.8175,-85.6900,0.9801,7,0.1750,0.6667,6,8,6,0,0,8,6,0.2500
4,148.0000,31,24,487.6013,-83.7013,0.4334,13,0.3250,0.8750,8,7,6,0,0,7,6,0.1429
4,148.0000,31,25,494.5821,-82.6953,-0.0131,14,0.3500,0.7143,7,8,7,0,0,8,7,0.1250
4,148.0000,31,27,578.7499,-83.4172,-0.8368,11,0.2750,0.8571,7,6,4,0,0,6,4,0.3333
4,148.0000,31,28,744.7039,-87.6041,1.2120,5,0.1250,1.0000,6,8,8,0,0,8,8,0.0000
4,148.0000,31,30,899.9116,-88.7452,-0.2503,4,0.1000,1.0000,4,2,2,0,0,2,2,0.0000
4,148.0000,31,32,199.4766,-78.2750,1.5180,23,0.5750,0.0000,4,5,1,0,0,5,1,0.8000
4,148.0000,31,33,387.9931,-81.2126,-0.6206,19,0.4750,0.6250,8,8,8,0,0,8,8,0.0000
4,148.0000,31,36,580.1464,-84.1000,0.3090,8,0.2000,1.0000,8,8,8,0,0,8,8,0.0000
4,148.0000,31,37,522.6703,-81.8293,-0.1498,18,0.4500,0.8571,7,7,6,0,0,7,6,0.1429
4,148.0000,31,38,191.4143,-75.1532,0.0250,31,0.7750,0.6667,6,6,2,0,0,6,2,0.6667
4,148.0000,31,39,655.9965,-86.8894,1.1148,8,0.2000,0.8571,7,8,8,0,0,8,8,0.0000
4,148.0000,31,40,248.4763,-76.1726,-0.4981,29,0.7250,0.6667,6,5,1,0,0,5,1,0.8000
4,148.0000,31,41,632.2268,-85.4658,0.8200,11,0.2750,0.8571,7,7,5,0,0,7,5,0.2857
4,148.0000,31,42,850.6073,-87.9587,0.7949,4,0.1000,0.6667,6,6,5,0,0,6,5,0.1667
4,148.0000,31,43,690.4968,-86.5530,-0.3647,6,0.1500,1.0000,4,8,7,0,0,8,7,0.1250
4,148.0000,31,44,579.5875,-85.3674,-0.0583,12,0.3000,0.8333,6,3,2,0,0,3,2,0.3333
4,148.0000,31,45,351.1575,-79.5473,0.3946,19,0.4750,0.1667,6,6,4,0,0,6,4,0.3333
4,148.0000,31,47,341.9531,-81.2841,-0.3833,15,0.3750,0.5714,7,8,8,0,0,8,8,0.0000
4,148.0000,32,1,612.1409,-84.5549,0.5938,10,0.2500,1.0000,8,8,8,0,0,8,8,0.0000
4,148.0000,32,3,728.1254,-86.0269,1.3749,8,0.2000,0.6667,6,5,4,0,0,5,4,0.2000
4,148.0000,32,4,843.0418,-86.9667,-0.5581,15,0.3750,1.0000,4,4,4,0,0,4,4,0.0000
4,148.0000,32,6,428.9863,-83.1582,0.2762,16,0.4000,0.8750,8,5,2,0,0,5,2,0.6000
4,148.0000,32,7,546.2637,-84.1361,0.5745,13,0.3250,0.8571,7,8,8,0,0,8,8,0.0000
4,148.0000,32,8,329.3822,-80.6239,0.5941,24,0.6000,0.0000,4,5,2,0,0,5,2,0.6000
4,148.0000,32,9,300.5509,-80.0623,-0.0713,31,0.7750,0.4286,7,6,4,0,0,6,4,0.3333
4,148.0000,32,10,759.1507,-87.8457,0.3852,9,0.2250,,0,8,8,0,0,8,8,0.0000
4,148.0000,32,11,880.9806,-86.8680,-0.0747,5,0.1250,1.0000,4,7,6,0,0,7,6,0.1429
4,148.0000,32,13,338.8154,-81.1666,0.9426,21,0.5250,1.0000,8,5,1,0,0,5,1,0.8000
4,148.0000,32,14,466.8611,-82.2544,-0.2908,23,0.5750,0.5000,6,8,8,0,0,8,8,0.0000
4,148.0000,32,15,882.9453,-86.8050,-1.5597,10,0.2500,1.0000,2,6,6,0,0,6,6,0.0000
4,148.0000,32,16,735.0211,-86.8474,1.3597,5,0.1250,1.0000,2,8,8,0,0,8,8,0.0000
4,148.0000,32,17,824.7918,-87.4610,-1.0528,9,0.2250,1.0000,2,2,2,0,0,2,2,0.0000
4,148.0000,32,18,206.6645,-74.5238,-0.5490,35,0.8750,0.2000,5,6,3,0,0,6,3,0.5000
4,148.0000,32,19,512.3948,-83.4512,-0.1257,12,0.3000,1.0000,8,8,8,0,0,8,8,0.0000
4,148.0000,32,20,518.9144,-83.0088,-1.0854,20,0.5000,0.6667,6,7,6,0,0,7,6,0.1429
4,148.0000,32,21,449.8777,-82.3966,0.2709,19,0.4750,0.8571,7,8,7,0,0,8,7,0.1250
4,148.0000,32,22,503.0959,-85.0562,0.8942,13,0.3250,0.8571,7,8,8,0,0,8,8,0.0000
4,148.0000,32,23,799.4935,-88.7239,0.2399,4,0.1000,,0,5,4,0,0,5,4,0.2000
4,148.0000,32,24,318.1978,-77.5721,-0.8210,34,0.8500,0.4000,5,7,5,4,4,11,9,0.1818
4,148.0000,32,25,662.7721,-86.6826,-0.3063,11,0.2750,1.0000,6,8,8,0,0,8,8,0.0000
4,148.0000,32,27,764.8977,-87.7091,-0.2902,7,0.1750,1.0000,6,6,6,0,0,6,6,0.0000
4,148.0000,32,28,565.7527,-85.0216,-0.3494,20,0.5000,1.0000,8,7,6,0,0,7,6,0.1429
4,148.0000,32,30,718.6631,-87.2391,0.1377,10,0.2500,1.0000,8,6,6,0,0,6,6,0.0000
4,148.0000,32,31,199.4766,-78.4118,0.8994,24,0.6000,0.2000,5,5,2,0,0,5,2,0.6000
4,148.0000,32,33,338.4644,-78.2886,-0.8258,27,0.6750,0.6667,6,7,4,0,0,7,4,0.4286
4,148.0000,32,36,707.6769,-86.9298,1.4445,10,0.2500,1.0000,8,7,6,0,0,7,6,0.1429
4,148.0000,32,37,687.5990,-86.3444,-0.4340,10,0.2500,0.8571,7,8,7,0,0,8,7,0.1250
4,148.0000,32,38,386.1882,-83.4354,1.1328,15,0.3750,0.8750,8,7,6,0,0,7,6,0.1429
4,148.0000,32,39,684.2193,-87.2630,-0.4374,9,0.2250,1.0000,6,8,8,0,0,8,8,0.0000
4,148.0000,32,40,350.5559,-80.8002,0.2463,19,0.4750,0.8571,7,6,3,0,0,6,3,0.5000
4,148.0000,32,41,819.8787,-88.9980,-0.2074,5,0.1250,1.0000,6,4,4,0,0,4,4,0.0000
4,148.0000,32,42,822.5458,-87.7808,0.0354,10,0.2500,1.0000,8,2,2,0,0,2,2,0.0000
4,148.0000,32,43,838.2219,-88.4981,0.6992,5,0.1250,1.0000,4,7,6,0,0,7,6,0.1429
4,148.0000,32,44,405.5183,-81.6598,0.7970,25,0.6250,0.8571,7,8,7,0,0,8,7,0.1250
4,148.0000,32,45,447.5411,-83.3890,0.3276,14,0.3500,1.0000,8,8,8,0,0,8,8,0.0000
4,148.0000,32,46,1050.4577,-88.3579,-0.3224,6,0.1500,1.0000,6,2,2,0,0,2,2,0.0000
4,148.0000,32,47,525.9650,-85.8729,1.0765,10,0.2500,1.0000,8,7,6,0,0,7,6,0.1429
4,148.0000,33,1,815.9184,-87.4863,-1.1447,4,0.1000,1.0000,4,4,4,0,0,4,4,0.0000
4,148.0000,33,3,609.1793,-83.8594,1.7695,10,0.2500,1.0000,8,8,8,0,0,8,8,0.0000
4,148.0000,33,4,755.4320,-86.5471,0.0717,9,0.2250,1.0000,8,8,8,0,0,8,8,0.0000
4,148.0000,33,6,306.0309,-78.8213,0.4623,25,0.6250,0.6667,6,7,3,0,0,7,3,0.5714
4,148.0000,33,7,842.4632,-88.3977,0.5850,3,0.0750,1.0000,8,8,8,0,0,8,8,0.0000
4,148.0000,33,8,153.5166,-73.2485,0.4684,34,0.8500,0.0000,4,5,2,0,0,5,2,0.6000
4,148.0000,33,9,437.7631,-81.9113,-0.7783,19,0.4750,1.0000,2,8,8,0,0,8,8,0.0000
4,148.0000,33,11,654.3028,-85.4382,0.2190,10,0.2500,0.8571,7,7,6,0,0,7,6,0.1429
4,148.0000,33,13,231.1157,-76.9284,0.4014,25,0.6250,0.2000,5,6,3,0,0,6,3,0.5000
4,148.0000,33,14,340.6064,-79.0618,0.7577,20,0.5000,0.7143,7,8,7,0,0,8,7,0.1250
4,148.0000,33,15,695.1570,-86.2309,-0.1317,14,0.3500,0.6000,5,6,6,0,0,6,6,0.0000
4,148.0000,33,17,567.4385,-85.1189,-0.1494,13,0.3250,1.0000,6,8,8,0,0,8,8,0.0000
4,148.0000,33,18,511.2089,-82.2832,-1.0392,17,0.4250,1.0000,8,8,7,0,0,8,7,0.1250
4,148.0000,33,19,609.9922,-85.1495,0.8449,8,0.2000,0.4000,5,7,6,0,0,7,6,0.1429
4,148.0000,33,20,223.9543,-76.9922,0.6182,29,0.7250,0.5000,6,5,2,0,0,5,2,0.6000
4,148.0000,33,21,694.6570,-87.8191,-0.3660,6,0.1500,1.0000,8,8,8,0,0,8,8,0.0000
4,148.0000,33,22,584.0605,-85.0534,-0.3429,6,0.1500,1.0000,8,8,8,0,0,8,8,0.0000
4,148.0000,33,23,739.7113,-87.5231,-1.1242,4,0.1000,1.0000,4,6,5,0,0,6,5,0.1667
4,148.0000,33,24,377.0973,-80.4734,-0.5414,21,0.5250,0.6667,6,8,7,0,0,8,7,0.1250
4,148.0000,33,25,579.0532,-84.4968,-1.2061,11,0.2750,1.0000,8,8,7,0,0,8,7,0.1250
4,148.0000,33,27,810.9979,-87.6915,-0.6317,4,0.1000,1.0000,8,8,8,0,0,8,8,0.0000
4,148.0000,33,28,554.1937,-84.1815,0.9455,10,0.2500,1.0000,8,7,6,0,0,7,6,0.1429
4,148.0000,33,30,657.4106,-85.1091,0.5354,9,0.2250,1.0000,6,7,5,0,0,7,5,0.2857
4,148.0000,33,31,387.9931,-80.2159,-0.4939,14,0.3500,0.7500,8,7,6,0,0,7,6,0.1429
4,148.0000,33,32,338.4644,-78.1884,-0.9043,22,0.5500,0.5000,6,6,4,0,0,6,4,0.3333
4,148.0000,33,35,938.4962,-88.9339,0.1677,4,0.1000,1.0000,4,4,4,0,0,4,4,0.0000
4,148.0000,33,36,958.1408,-88.8200,0.4970,4,0.1000,1.0000,4,8,8,0,0,8,8,0.0000
4,148.0000,33,37,593.8618,-86.4368,0.2363,7,0.1750,1.0000,6,8,8,0,0,8,8,0.0000
4,148.0000,33,38,471.8875,-84.0962,0.9282,8,0.2000,0.8571,7,8,8,0,0,8,8,0.0000
4,148.0000,33,39,389.9760,-82.1181,0.8205,21,0.5250,0.8750,8,7,6,0,0,7,6,0.1429
4,148.0000,33,40,509.2156,-83.2305,-0.5983,11,0.2750,1.0000,8,8,7,0,0,8,7,0.1250
4,148.0000,33,41,818.7287,-88.1818,1.1881,4,0.1000,0.8000,5,8,8,0,0,8,8,0.0000
4,148.0000,33,42,486.0907,-83.8671,0.3574,16,0.4000,0.7500,8,7,5,0,0,7,5,0.2857
4,148.0000,33,44,374.1415,-82.5450,0.5013,19,0.4750,0.8000,5,8,6,0,0,8,6,0.2500
4,148.0000,33,45,640.2074,-84.4082,-0.0373,9,0.2250,0.7143,7,8,7,0,0,8,7,0.1250
4,148.0000,33,46,835.0632,-87.7620,0.1447,8,0.2000,1.0000,8,2,2,0,0,2,2,0.0000
4,148.0000,34,0,245.6417,-77.3027,-0.0118,38,0.9500,0.2500,4,5,1,0,0,5,1,0.8000
4,148.0000,34,5,410.7665,-81.9234,0.2018,24,0.6000,0.5000,6,7,4,0,0,7,4,0.4286
4,148.0000,34,10,659.9699,-83.8708,-0.4963,9,0.2250,0.7143,7,8,8,0,0,8,8,0.0000
4,148.0000,34,12,259.1284,-77.6512,-0.2782,38,0.9500,0.3333,6,4,0,0,0,4,0,1.0000
4,148.0000,34,16,751.6415,-86.2559,-0.7044,5,0.1250,1.0000,8,8,8,0,0,8,8,0.0000
4,148.0000,34,23,876.6430,-87.3550,-1.4702,3,0.0750,1.0000,6,8,8,0,0,8,8,0.0000
4,148.0000,34,26,304.6790,-78.4001,-0.4837,34,0.8500,0.6667,6,8,8,0,0,8,8,0.0000
4,148.0000,34,27,650.0019,-84.3731,-0.1626,6,0.1500,1.0000,8,7,6,0,0,7,6,0.1429
4,148.0000,34,29,129.4506,-74.8015,1.1638,36,0.9000,0.0000,4,4,0,0,0,4,0,1.0000
4,148.0000,34,36,684.3065,-85.3161,1.2131,4,0.1000,0.8571,7,8,8,0,0,8,8,0.0000
4,148.0000,34,41,698.8372,-84.5215,-0.1392,5,0.1250,0.8571,7,8,8,0,0,8,8,0.0000
4,148.0000,34,43,543.7091,-82.9429,-0.6103,11,0.2750,1.0000,8,8,8,0,0,8,8,0.0000
4,148.0000,34,47,760.7436,-83.5685,-1.4761,4,0.1000,1.0000,8,8,8,0,0,8,8,0.0000
4,148.0000,35,2,588.9605,-83.0578,-0.0903,19,0.4872,0.8750,8,7,6,0,0,7,6,0.1429
4,148.0000,35,4,921.4301,-88.4623,0.6956,3,0.0769,1.0000,8,8,8,0,0,8,8,0.0000
4,148.0000,35,11,394.4681,-80.5415,-0.7900,19,0.4872,0.8571,7,6,4,0,0,6,4,0.3333
4,148.0000,35,14,775.9052,-86.8967,-0.0671,4,0.1026,1.0000,8,7,5,0,0,7,5,0.2857
4,148.0000,35,15,483.8890,-83.1001,0.2644,17,0.4359,0.8571,7,6,4,0,0,6,4,0.3333
4,148.0000,35,17,589.4024,-85.5157,0.5071,9,0.2308,0.8571,7,7,6,0,0,7,6,0.1429
4,148.0000,35,20,898.6151,-88.7486,-0.9597,3,0.0769,1.0000,8,6,6,0,0,6,6,0.0000
4,148.0000,35,28,919.8343,-88.0906,0.0457,4,0.1026,1.0000,8,8,8,0,0,8,8,0.0000
4,148.0000,35,30,892.7744,-87.9735,-0.9109,4,0.1026,1.0000,8,8,8,0,0,8,8,0.0000
4,148.0000,35,39,744.4163,-86.9917,-0.3826,5,0.1282,1.0000,8,8,8,0,0,8,8,0.0000
4,148.0000,35,42,594.3985,-84.9555,-0.0160,5,0.1282,1.0000,8,8,8,0,0,8,8,0.0000
4,148.0000,35,44,934.6010,-87.8049,0.2705,3,0.0769,1.0000,8,8,8,0,0,8,8,0.0000
4,148.0000,35,46,388.8359,-79.8481,0.0298,26,0.6667,0.4000,5,6,2,0,0,6,2,0.6667
4,148.0000,36,0,867.0246,-88.1380,0.1049,6,0.1463,1.0000,4,8,8,0,0,8,8,0.0000
4,148.0000,36,1,193.9811,-76.1653,0.9823,24,0.5854,0.2000,5,6,3,0,0,6,3,0.5000
4,148.0000,36,5,659.6515,-84.8481,-0.0622,16,0.3902,0.8750,8,8,8,0,0,8,8,0.0000
4,148.0000,36,6,891.4947,-86.8717,0.5184,3,0.0732,1.0000,4,4,4,0,0,4,4,0.0000
4,148.0000,36,7,277.2371,-77.1380,-0.5810,38,0.9268,0.4000,5,7,5,0,0,7,5,0.2857
4,148.0000,36,9,945.5959,-88.5072,0.8593,3,0.0732,1.0000,2,8,8,0,0,8,8,0.0000
4,148.0000,36,10,59.4420,-69.8241,3.0075,35,0.8537,0.2000,5,5,2,0,0,5,2,0.6000
4,148.0000,36,12,703.1274,-86.2913,0.3560,11,0.2683,1.0000,6,4,4,0,0,4,4,0.0000
4,148.0000,36,16,117.8746,-70.3011,0.6556,36,0.8780,0.3333,6,4,0,0,0,4,0,1.0000
4,148.0000,36,18,685.3269,-85.5341,3.0324,4,0.0976,1.0000,6,8,8,0,0,8,8,0.0000
4,148.0000,36,19,472.7769,-85.1178,2.1671,6,0.1463,1.0000,8,8,6,0,0,8,6,0.2500
4,148.0000,36,21,482.9378,-81.9763,-0.3003,7,0.1707,1.0000,8,8,8,0,0,8,8,0.0000
4,148.0000,36,22,560.9738,-84.2219,-0.1209,6,0.1463,0.8750,8,7,6,0,0,7,6,0.1429
4,148.0000,36,23,783.0437,-87.2052,1.2276,6,0.1463,1.0000,2,8,8,0,0,8,8,0.0000
4,148.0000,36,25,786.8131,-86.4664,-0.7807,3,0.0732,1.0000,8,8,8,0,0,8,8,0.0000
4,148.0000,36,26,581.3265,-84.7004,1.0381,15,0.3659,0.8750,8,7,6,0,0,7,6,0.1429
4,148.0000,36,27,552.2121,-84.0580,0.9919,7,0.1707,0.6000,5,9,8,0,0,9,8,0.1111
4,148.0000,36,29,802.7331,-87.7252,-0.3090,5,0.1220,,0,2,2,0,0,2,2,0.0000
4,148.0000,36,31,580.1464,-85.2745,-0.0293,6,0.1463,1.0000,8,8,8,0,0,8,8,0.0000
4,148.0000,36,32,707.6769,-86.6794,0.1183,4,0.0976,1.0000,8,8,8,0,0,8,8,0.0000
4,148.0000,36,34,684.3065,-86.4244,-0.4350,8,0.1951,1.0000,8,8,8,0,0,8,8,0.0000
4,148.0000,36,37,827.4155,-86.8776,-0.8775,3,0.0732,1.0000,8,4,4,0,0,4,4,0.0000
4,148.0000,36,38,543.7379,-85.0428,-1.1698,4,0.0976,0.8750,8,5,4,0,0,5,4,0.2000
4,148.0000,36,40,501.1799,-85.3558,0.6928,5,0.1220,1.0000,8,7,5,0,0,7,5,0.2857
4,148.0000,36,41,669.9168,-86.3467,0.4047,4,0.0976,1.0000,8,8,8,0,0,8,8,0.0000
4,148.0000,36,43,296.5237,-78.5661,0.7394,25,0.6098,0.8750,8,6,2,0,0,6,2,0.6667
4,148.0000,36,45,407.6809,-83.1894,1.3449,10,0.2439,1.0000,8,8,7,0,0,8,7,0.1250
4,148.0000,36,47,328.3156,-80.0495,-0.0732,14,0.3415,0.8571,7,8,8,0,0,8,8,0.0000
4,148.0000,37,1,633.4784,-85.9564,-0.9565,8,0.2000,1.0000,8,8,8,0,0,8,8,0.0000
4,148.0000,37,3,143.2302,-72.5667,0.1865,34,0.8500,0.2500,4,5,1,0,0,5,1,0.8000
4,148.0000,37,6,403.1823,-80.0155,-0.3229,16,0.4000,0.7500,8,7,6,0,0,7,6,0.1429
4,148.0000,37,7,829.5827,-85.9930,0.0937,5,0.1250,1.0000,4,6,6,0,0,6,6,0.0000
4,148.0000,37,8,651.8854,-84.7936,-0.4929,8,0.2000,0.8750,8,8,8,0,0,8,8,0.0000
4,148.0000,37,10,872.3549,-86.9370,0.0760,4,0.1000,1.0000,6,8,8,0,0,8,8,0.0000
4,148.0000,37,11,1107.0945,-88.7385,-1.1530,3,0.0750,1.0000,2,2,2,0,0,2,2,0.0000
4,148.0000,37,13,418.8000,-81.4173,0.2529,13,0.3250,0.8571,7,8,8,0,0,8,8,0.0000
4,148.0000,37,14,806.5233,-86.8204,-1.9912,3,0.0750,0.8571,7,8,8,0,0,8,8,0.0000
4,148.0000,37,16,927.3089,-88.8862,-0.6811,4,0.1000,,0,8,8,0,0,8,8,0.0000
4,148.0000,37,18,791.7777,-88.2183,1.5607,4,0.1000,1.0000,6,8,7,0,0,8,7,0.1250
4,148.0000,37,19,360.9506,-80.0036,-1.3089,14,0.3500,1.0000,8,7,6,0,0,7,6,0.1429
4,148.0000,37,20,455.7498,-82.7842,1.1028,12,0.3000,1.0000,8,8,8,0,0,8,8,0.0000
4,148.0000,37,21,857.2639,-87.6447,-0.8629,5,0.1250,1.0000,6,8,8,0,0,8,8,0.0000
4,148.0000,37,22,587.6703,-85.4644,-1.8313,8,0.2000,1.0000,8,7,6,0,0,7,6,0.1429
4,148.0000,37,23,401.1138,-81.6833,-0.1456,17,0.4250,0.8000,10,7,6,0,0,7,6,0.1429
4,148.0000,37,25,75.9963,-67.5094,1.8744,34,0.8500,0.2000,5,4,0,0,0,4,0,1.0000
4,148.0000,37,27,433.3177,-80.1869,-1.3659,17,0.4250,0.6667,24,7,6,1,0,8,6,0.2500
4,148.0000,37,29,1034.3217,-89.3998,-0.0806,3,0.0750,,0,6,6,0,0,6,6,0.0000
4,148.0000,37,31,522.6703,-81.9217,-0.6170,11,0.2750,1.0000,8,8,8,0,0,8,8,0.0000
4,148.0000,37,32,687.5990,-85.5745,0.9890,4,0.1000,0.8571,7,8,8,0,0,8,8,0.0000
4,148.0000,37,33,593.8618,-85.5826,0.9526,7,0.1750,1.0000,8,8,8,0,0,8,8,0.0000
4,148.0000,37,34,1000.7823,-88.3894,-1.0951,5,0.1250,1.0000,6,2,2,0,0,2,2,0.0000
4,148.0000,37,36,827.4155,-87.2493,-0.9153,4,0.1000,1.0000,8,8,8,0,0,8,8,0.0000
4,148.0000,37,38,367.0663,-79.5054,-0.2047,18,0.4500,0.8571,7,8,8,0,0,8,8,0.0000
4,148.0000,37,39,518.4676,-85.5325,0.1750,11,0.2750,1.0000,8,8,8,0,0,8,8,0.0000
4,148.0000,37,40,589.8463,-82.5619,-0.9599,9,0.2250,0.8750,8,8,8,0,0,8,8,0.0000
4,148.0000,37,41,361.4233,-80.6087,-0.1033,24,0.6000,1.0000,8,8,7,0,0,8,7,0.1250
4,148.0000,37,42,789.1154,-87.4458,-0.5632,6,0.1500,1.0000,8,4,4,0,0,4,4,0.0000
4,148.0000,37,43,803.9543,-87.1968,-0.5335,6,0.1500,1.0000,2,6,6,0,0,6,6,0.0000
4,148.0000,37,45,676.6427,-83.9753,0.0655,6,0.1500,0.6667,6,8,8,0,0,8,8,0.0000
4,148.0000,37,47,504.5469,-82.9529,-1.3466,9,0.2250,0.8571,7,8,8,0,0,8,8,0.0000
4,148.0000,38,1,368.8933,-79.6204,-0.4588,23,0.5750,0.4000,5,5,2,0,0,5,2,0.6000
4,148.0000,38,3,410.5986,-81.1736,-1.6661,21,0.5250,0.5000,6,8,7,0,0,8,7,0.1250
4,148.0000,38,6,378.5859,-82.1935,-0.2448,16,0.4000,0.7143,7,8,7,0,0,8,7,0.1250
4,148.0000,38,7,505.8394,-84.5017,0.3324,17,0.4250,1.0000,8,8,8,0,0,8,8,0.0000
4,148.0000,38,8,481.9733,-83.3382,0.3085,13,0.3250,0.8750,8,8,7,0,0,8,7,0.1250
4,148.0000,38,9,674.9346,-85.4248,-0.3647,6,0.1500,1.0000,4,8,6,0,0,8,6,0.2500
4,148.0000,38,10,595.1143,-85.2698,-0.5310,10,0.2500,0.8750,8,7,6,0,0,7,6,0.1429
4,148.0000,38,13,315.2957,-81.2882,0.7674,16,0.4000,0.6667,6,7,5,0,0,7,5,0.2857
4,148.0000,38,14,696.9065,-85.8220,0.1749,6,0.1500,0.8333,6,8,8,0,0,8,8,0.0000
4,148.0000,38,16,622.9868,-86.1238,0.4506,9,0.2250,1.0000,4,8,8,0,0,8,8,0.0000
4,148.0000,38,18,482.6597,-84.0554,1.1290,8,0.2000,1.0000,8,7,4,0,0,7,4,0.4286
4,148.0000,38,19,141.5482,-68.3761,-1.5418,37,0.9250,0.2000,5,4,0,0,0,4,0,1.0000
4,148.0000,38,20,487.1455,-84.7007,-0.9752,12,0.3000,0.8750,8,6,4,0,0,6,4,0.3333
4,148.0000,38,21,510.1699,-83.7038,0.2531,11,0.2750,1.0000,6,8,7,0,0,8,7,0.1250
4,148.0000,38,22,342.9069,-80.5469,-0.0711,22,0.5500,0.8750,8,6,4,0,0,6,4,0.3333
4,148.0000,38,23,478.0187,-82.9622,-0.5022,21,0.5250,0.8571,7,7,4,0,0,7,4,0.4286
4,148.0000,38,24,659.0859,-86.5943,0.6332,6,0.1500,0.8750,8,7,5,0,0,7,5,0.2857
4,148.0000,38,25,329.6589,-80.2547,0.2082,20,0.5000,0.5000,6,7,6,0,0,7,6,0.1429
4,148.0000,38,26,1005.7648,-88.0117,0.2848,6,0.1500,1.0000,4,4,4,0,0,4,4,0.0000
4,148.0000,38,27,401.1111,-79.4401,-0.9480,27,0.6750,0.6667,6,8,8,0,0,8,8,0.0000
4,148.0000,38,31,191.4143,-74.8052,0.4282,29,0.7250,0.7143,7,5,2,0,0,5,2,0.6000
4,148.0000,38,32,386.1882,-82.7701,0.3783,9,0.2250,0.5714,7,7,4,0,0,7,4,0.4286
4,148.0000,38,33,471.8875,-84.1601,-0.3216,11,0.2750,0.6667,6,8,8,0,0,8,8,0.0000
4,148.0000,38,36,543.7379,-84.1179,-0.1319,17,0.4250,0.7143,7,7,6,0,0,7,6,0.1429
4,148.0000,38,37,367.0663,-79.3215,-0.8042,24,0.6000,0.7143,7,7,5,0,0,7,5,0.2857
4,148.0000,38,39,645.6529,-84.7534,1.1076,6,0.1500,1.0000,8,8,8,0,0,8,8,0.0000
4,148.0000,38,40,261.0230,-76.5925,0.0412,29,0.7250,0.0000,4,6,4,0,0,6,4,0.3333
4,148.0000,38,41,443.8529,-82.3036,0.5226,20,0.5000,0.8750,8,8,8,0,0,8,8,0.0000
4,148.0000,38,42,872.3548,-88.4839,-0.0620,3,0.0750,0.8571,7,8,8,0,0,8,8,0.0000
4,148.0000,38,43,594.6961,-84.6744,0.1710,14,0.3500,1.0000,6,8,8,0,0,8,8,0.0000
4,148.0000,38,44,741.6907,-86.7440,-0.3185,4,0.1000,1.0000,2,5,4,0,0,5,4,0.2000
4,148.0000,38,45,349.5188,-79.3588,-0.3748,21,0.5250,0.8571,7,6,4,0,0,6,4,0.3333
4,148.0000,38,47,232.5021,-76.8779,-0.2646,25,0.6250,0.3333,6,4,0,0,0,4,0,1.0000
4,148.0000,39,3,544.0113,-86.4280,1.4700,6,0.1500,0.8750,8,8,7,0,0,8,7,0.1250
4,148.0000,39,6,337.5220,-81.0542,1.3938,10,0.2500,0.7500,8,8,8,0,0,8,8,0.0000
4,148.0000,39,8,512.5631,-84.0382,1.1500,6,0.1500,1.0000,8,8,8,0,0,8,8,0.0000
4,148.0000,39,11,626.3900,-84.8984,0.1161,10,0.2500,1.0000,8,8,8,0,0,8,8,0.0000
4,148.0000,39,13,381.7724,-82.5915,0.5315,8,0.2000,0.8571,7,6,4,0,0,6,4,0.3333
4,148.0000,39,14,491.3295,-82.1854,-0.6187,7,0.1750,1.0000,8,10,10,0,0,10,10,0.0000
4,148.0000,39,15,721.6870,-85.3691,-0.3992,10,0.2500,1.0000,8,4,4,0,0,4,4,0.0000
4,148.0000,39,17,632.2799,-83.5224,1.0868,9,0.2250,1.0000,8,8,8,0,0,8,8,0.0000
4,148.0000,39,18,814.7720,-87.5340,-1.0252,3,0.0750,0.8750,8,8,8,0,0,8,8,0.0000
4,148.0000,39,20,216.0981,-76.6065,1.3982,21,0.5250,0.7143,7,7,3,0,0,7,3,0.5714
4,148.0000,39,25,543.4776,-83.7518,-1.1833,4,0.1000,0.7143,7,8,8,0,0,8,8,0.0000
4,148.0000,39,28,806.3988,-85.2341,1.5652,5,0.1250,0.8750,8,8,8,0,0,8,8,0.0000
4,148.0000,39,30,891.1277,-88.2480,-0.1548,5,0.1250,1.0000,4,4,4,0,0,4,4,0.0000
4,148.0000,39,31,655.9965,-85.3570,1.0019,4,0.1000,1.0000,8,8,8,0,0,8,8,0.0000
4,148.0000,39,33,389.9760,-82.8866,1.8732,9,0.2250,1.0000,8,7,6,0,0,7,6,0.1429
4,148.0000,39,35,744.4163,-87.0767,-0.0926,8,0.2000,1.0000,8,6,6,0,0,6,6,0.0000
4,148.0000,39,37,518.4676,-85.7966,0.1820,4,0.1000,1.0000,8,6,6,0,0,6,6,0.0000
4,148.0000,39,38,645.6529,-87.3817,-0.6257,4,0.1000,1.0000,8,8,8,0,0,8,8,0.0000
4,148.0000,39,41,845.9454,-87.9669,1.0006,3,0.0750,1.0000,8,6,6,0,0,6,6,0.0000
4,148.0000,39,42,310.7747,-77.8117,-1.2307,27,0.6750,0.3333,6,8,7,0,0,8,7,0.1250
4,148.0000,39,44,674.7343,-86.5738,1.1579,4,0.1000,0.7143,7,4,4,0,0,4,4,0.0000
4,148.0000,39,46,815.3300,-86.0979,-0.1948,5,0.1250,0.8750,8,2,2,0,0,2,2,0.0000
4,148.0000,40,1,389.6927,-82.1211,0.4165,18,0.4500,0.5714,7,7,6,68,60,75,66,0.1200
4,148.0000,40,3,583.7157,-84.4887,-0.3300,14,0.3500,0.5000,6,8,8,0,0,8,8,0.0000
4,148.0000,40,4,1118.0216,-87.7385,-1.6225,4,0.1000,1.0000,4,4,4,0,0,4,4,0.0000
4,148.0000,40,6,562.7364,-83.0827,-0.2819,14,0.3500,1.0000,6,8,7,0,0,8,7,0.1250
4,148.0000,40,7,492.7314,-83.8653,0.4911,14,0.3500,0.8571,7,7,6,0,0,7,6,0.1429
4,148.0000,40,8,440.3095,-81.0665,-0.3009,17,0.4250,0.8750,8,6,4,0,0,6,4,0.3333
4,148.0000,40,9,575.8481,-85.7080,-0.0293,7,0.1750,1.0000,4,7,6,0,0,7,6,0.1429
4,148.0000,40,10,541.0710,-84.6106,0.0889,14,0.3500,0.6000,5,7,5,0,0,7,5,0.2857
4,148.0000,40,13,464.8426,-82.2254,0.2017,14,0.3500,0.7143,7,7,6,0,0,7,6,0.1429
4,148.0000,40,14,769.3590,-86.8015,-1.0281,7,0.1750,1.0000,6,8,7,0,0,8,7,0.1250
4,148.0000,40,16,536.2931,-84.9826,0.2574,14,0.3500,0.8000,5,4,0,0,0,4,0,1.0000
4,148.0000,40,18,480.2364,-84.1482,0.0915,15,0.3750,0.8571,7,7,6,0,0,7,6,0.1429
4,148.0000,40,19,332.8629,-79.1244,-0.0698,27,0.6750,0.8571,7,6,2,0,0,6,2,0.6667
4,148.0000,40,20,592.4580,-84.4706,-0.4427,9,0.2250,1.0000,8,8,8,0,0,8,8,0.0000
4,148.0000,40,21,271.2075,-78.9684,-0.0157,32,0.8000,0.3333,6,5,1,0,0,5,1,0.8000
4,148.0000,40,22,171.2982,-74.5053,0.3122,33,0.8250,0.2000,5,5,2,0,0,5,2,0.6000
4,148.0000,40,23,536.4577,-84.5646,0.0597,15,0.3750,0.8750,8,8,8,0,0,8,8,0.0000
4,148.0000,40,24,661.5368,-85.1582,1.3209,4,0.1000,1.0000,8,8,8,0,0,8,8,0.0000
4,148.0000,40,25,533.6032,-82.9848,-0.8849,18,0.4500,1.0000,8,7,6,0,0,7,6,0.1429
4,148.0000,40,26,991.6173,-87.9339,-0.8809,3,0.0750,1.0000,4,4,4,0,0,4,4,0.0000
4,148.0000,40,27,480.5305,-81.9762,0.3243,19,0.4750,0.8929,84,8,8,0,0,8,8,0.0000
4,148.0000,40,28,896.0002,-87.0720,0.0261,5,0.1250,1.0000,6,8,8,0,0,8,8,0.0000
4,148.0000,40,31,248.4763,-76.4475,-0.5997,32,0.8000,0.2000,5,5,2,0,0,5,2,0.6000
4,148.0000,40,32,350.5559,-82.3664,-0.2105,17,0.4250,0.8571,7,8,7,0,0,8,7,0.1250
4,148.0000,40,33,509.2156,-84.2904,0.1290,12,0.3000,1.0000,8,8,7,0,0,8,7,0.1250
4,148.0000,40,36,501.1799,-84.2693,-0.2660,16,0.4000,1.0000,8,8,8,0,0,8,8,0.0000
4,148.0000,40,37,589.8463,-83.9277,-0.9718,15,0.3750,0.8806,67,7,6,10,9,17,15,0.1176
4,148.0000,40,38,261.0230,-77.1873,0.0711,25,0.6250,0.5000,6,8,7,0,0,8,7,0.1250
4,148.0000,40,39,792.6869,-88.0159,2.4566,4,0.1000,1.0000,6,8,8,0,0,8,8,0.0000
4,148.0000,40,41,564.5525,-85.1650,-1.0037,11,0.2750,0.8750,8,8,8,0,0,8,8,0.0000
4,148.0000,40,42,948.5110,-88.6199,-0.9642,4,0.1000,1.0000,8,2,2,0,0,2,2,0.0000
4,148.0000,40,43,528.4052,-84.7482,-0.6931,15,0.3750,0.8000,5,7,6,0,0,7,6,0.1429
4,148.0000,40,44,719.4753,-86.7943,0.2236,8,0.2000,1.0000,8,8,8,0,0,8,8,0.0000
4,148.0000,40,45,133.0461,-71.2445,0.2252,37,0.9250,0.0000,4,4,0,0,0,4,0,1.0000
4,148.0000,40,47,316.1925,-79.9525,0.8773,21,0.5250,0.7143,7,6,3,57,41,63,44,0.3016
4,148.0000,41,0,776.4237,-85.6708,1.3796,6,0.1500,1.0000,8,4,4,0,0,4,4,0.0000
4,148.0000,41,1,499.3087,-82.9630,0.6085,9,0.2250,1.0000,8,7,6,0,0,7,6,0.1429
4,148.0000,41,3,316.9254,-78.9651,-0.3587,16,0.4000,0.8571,7,6,3,0,0,6,3,0.5000
4,148.0000,41,10,694.8817,-86.0397,-1.5023,4,0.1000,1.0000,8,8,8,0,0,8,8,0.0000
4,148.0000,41,12,850.1791,-86.3412,-1.4348,4,0.1000,1.0000,8,8,8,0,0,8,8,0.0000
4,148.0000,41,16,767.0720,-87.3589,0.0506,3,0.0750,1.0000,4,8,8,0,0,8,8,0.0000
4,148.0000,41,19,352.1698,-81.7194,0.5574,9,0.2250,1.0000,8,7,6,0,0,7,6,0.1429
4,148.0000,41,22,492.7585,-82.8128,-0.0494,8,0.2000,1.0000,8,6,4,0,0,6,4,0.3333
4,148.0000,41,23,224.6916,-76.6418,-0.3859,29,0.7250,0.0000,4,6,3,0,0,6,3,0.5000
4,148.0000,41,25,310.1685,-81.0252,-0.3078,8,0.2000,0.7143,7,4,0,0,0,4,0,1.0000
4,148.0000,41,26,852.7453,-87.1096,-0.2379,3,0.0750,1.0000,8,8,8,0,0,8,8,0.0000
4,148.0000,41,27,129.4724,-71.9815,0.9474,34,0.8500,0.5000,6,4,0,0,0,4,0,1.0000
4,148.0000,41,29,736.9932,-86.4594,-2.5481,6,0.1500,,0,2,2,0,0,2,2,0.0000
4,148.0000,41,34,698.8372,-85.0660,-1.4086,11,0.2750,1.0000,8,8,8,0,0,8,8,0.0000
4,148.0000,41,36,669.9168,-86.5058,0.5715,4,0.1000,0.8750,8,5,4,0,0,5,4,0.2000
4,148.0000,41,37,361.4233,-79.9738,1.2215,14,0.3500,0.6667,6,7,5,0,0,7,5,0.2857
4,148.0000,41,38,443.8529,-81.3778,-1.2707,8,0.2000,1.0000,8,8,8,0,0,8,8,0.0000
4,148.0000,41,40,564.5525,-84.1468,-0.2333,4,0.1000,0.8571,7,6,6,0,0,6,6,0.0000
4,148.0000,41,43,535.4734,-83.6283,-0.0396,12,0.3000,0.8000,5,8,7,0,0,8,7,0.1250
4,148.0000,41,45,584.6830,-85.6548,3.0472,5,0.1250,1.0000,8,8,8,0,0,8,8,0.0000
4,148.0000,41,47,426.1255,-80.9843,-0.0632,10,0.2500,1.0000,10,5,4,0,0,5,4,0.2000
4,148.0000,42,2,637.6988,-85.0037,-0.4898,13,0.3250,1.0000,8,8,8,0,0,8,8,0.0000
4,148.0000,42,3,775.3030,-87.0060,-0.7626,6,0.1500,1.0000,8,6,6,0,0,6,6,0.0000
4,148.0000,42,4,840.6514,-86.6721,-0.2126,4,0.1000,1.0000,6,8,8,0,0,8,8,0.0000
4,148.0000,42,6,599.1413,-84.6634,0.0350,8,0.2000,1.0000,8,8,8,0,0,8,8,0.0000
4,148.0000,42,8,562.0358,-84.4208,0.5046,8,0.2000,1.0000,8,8,7,0,0,8,7,0.1250
4,148.0000,42,9,847.3688,-88.3616,-0.2915,4,0.1000,1.0000,2,8,8,0,0,8,8,0.0000
4,148.0000,42,11,507.7227,-82.2873,-1.1617,13,0.3250,0.6667,6,7,5,0,0,7,5,0.2857
4,148.0000,42,13,606.4046,-85.5079,-1.0988,8,0.2000,0.6667,6,8,8,0,0,8,8,0.0000
4,148.0000,42,14,568.8259,-84.4338,1.4920,9,0.2250,0.8571,7,8,8,0,0,8,8,0.0000
4,148.0000,42,15,613.7353,-84.6957,0.3993,13,0.3250,1.0000,8,8,8,0,0,8,8,0.0000
4,148.0000,42,17,414.0958,-81.2337,-0.0881,22,0.5500,0.8571,7,6,4,0,0,6,4,0.3333
4,148.0000,42,18,977.0842,-88.2524,-0.0609,3,0.0750,1.0000,4,6,6,0,0,6,6,0.0000
4,148.0000,42,20,385.9862,-81.2542,-0.9875,17,0.4250,0.8571,7,8,8,0,0,8,8,0.0000
4,148.0000,42,23,951.9767,-87.8449,-2.0341,3,0.0750,1.0000,4,6,6,0,0,6,6,0.0000
4,148.0000,42,24,748.7175,-87.8675,0.6154,3,0.0750,1.0000,6,7,6,0,0,7,6,0.1429
4,148.0000,42,25,796.9875,-87.3120,-0.8464,5,0.1250,1.0000,8,6,6,0,0,6,6,0.0000
4,148.0000,42,28,790.5628,-88.3362,-1.3591,3,0.0750,0.8750,8,8,8,0,0,8,8,0.0000
4,148.0000,42,30,803.0818,-86.9435,1.1925,7,0.1750,1.0000,4,7,6,0,0,7,6,0.1429
4,148.0000,42,32,822.5458,-87.6232,-0.8630,4,0.1000,1.0000,8,8,8,0,0,8,8,0.0000
4,148.0000,42,33,486.0907,-84.8246,0.8985,7,0.1750,1.0000,8,8,8,0,0,8,8,0.0000
4,148.0000,42,35,594.3985,-85.1174,0.2949,15,0.3750,0.8571,7,7,6,0,0,7,6,0.1429
4,148.0000,42,37,789.1154,-86.5065,-1.5492,5,0.1250,1.0000,8,8,8,0,0,8,8,0.0000
4,148.0000,42,38,872.3548,-87.8456,0.8639,3,0.0750,1.0000,8,8,8,0,0,8,8,0.0000
4,148.0000,42,39,310.7747,-78.2970,-0.7007,27,0.6750,0.2000,5,7,5,0,0,7,5,0.2857
4,148.0000,42,40,948.5110,-87.5427,0.7075,3,0.0750,1.0000,8,6,6,0,0,6,6,0.0000
4,148.0000,42,44,682.6907,-86.0241,0.5697,8,0.2000,1.0000,8,6,6,0,0,6,6,0.0000
4,148.0000,42,46,653.2800,-84.4950,-0.7789,11,0.2750,0.8571,7,8,8,0,0,8,8,0.0000
4,148.0000,43,0,659.5714,-84.1581,-0.5637,9,0.2250,0.8571,7,8,8,0,0,8,8,0.0000
4,148.0000,43,1,306.6608,-79.1382,0.2638,14,0.3500,0.8571,7,8,7,0,0,8,7,0.1250
4,148.0000,43,5,596.3045,-84.0461,0.2816,13,0.3250,0.7500,8,6,6,0,0,6,6,0.0000
4,148.0000,43,7,554.4415,-83.3377,-1.0556,5,0.1250,0.8750,8,8,8,0,0,8,8,0.0000
4,148.0000,43,10,275.8887,-76.6234,-0.7268,26,0.6500,0.6667,6,8,6,0,0,8,6,0.2500
4,148.0000,43,12,536.9792,-83.0127,-0.6583,16,0.4000,0.8571,7,6,4,0,0,6,4,0.3333
4,148.0000,43,16,337.4437,-79.2064,-0.3801,21,0.5250,0.2000,5,6,4,0,0,6,4,0.3333
4,148.0000,43,19,505.0528,-83.5916,-1.3497,4,0.1000,1.0000,8,8,8,0,0,8,8,0.0000
4,148.0000,43,21,550.1842,-84.3149,0.3912,4,0.1000,1.0000,8,8,8,0,0,8,8,0.0000
4,148.0000,43,22,491.1079,-82.9410,0.4270,6,0.1500,1.0000,8,7,6,0,0,7,6,0.1429
4,148.0000,43,23,625.5440,-84.3696,1.6527,3,0.0750,1.0000,8,7,6,0,0,7,6,0.1429
4,148.0000,43,26,477.2535,-82.9348,0.0745,18,0.4500,0.8750,8,7,6,0,0,7,6,0.1429
4,148.0000,43,27,410.3897,-82.5806,-0.4381,6,0.1500,0.8750,8,5,2,0,0,5,2,0.6000
4,148.0000,43,29,658.7362,-86.4507,0.1144,5,0.1250,1.0000,8,7,5,0,0,7,5,0.2857
4,148.0000,43,34,543.7091,-83.5972,-0.2270,12,0.3000,0.8571,7,8,8,0,0,8,8,0.0000
4,148.0000,43,36,296.5237,-78.7196,-0.1052,13,0.3250,0.5714,7,6,2,0,0,6,2,0.6667
4,148.0000,43,41,535.4734,-83.8006,0.2862,5,0.1250,0.8571,7,6,4,0,0,6,4,0.3333
4,148.0000,43,45,425.0858,-83.0387,-0.7637,3,0.0750,1.0000,8,8,8,0,0,8,8,0.0000
4,148.0000,43,47,399.1510,-80.9785,0.3497,8,0.2000,1.0000,8,7,6,0,0,7,6,0.1429
4,148.0000,44,2,614.1539,-85.2672,-0.3898,13,0.3250,0.8571,7,8,8,0,0,8,8,0.0000
4,148.0000,44,4,458.4914,-81.7176,-0.9327,25,0.6250,0.7143,7,8,8,0,0,8,8,0.0000
4,148.0000,44,6,574.4747,-86.2390,1.4273,3,0.0750,1.0000,10,6,6,0,0,6,6,0.0000
4,148.0000,44,8,403.6486,-81.3485,0.3527,5,0.1250,1.0000,8,5,2,0,0,5,2,0.6000
4,148.0000,44,9,250.7111,-78.0433,0.9118,24,0.6000,0.6667,6,6,2,0,0,6,2,0.6667
4,148.0000,44,11,554.1940,-84.0255,-0.3584,18,0.4500,0.3333,6,8,7,0,0,8,7,0.1250
4,148.0000,44,13,523.4294,-84.3597,0.3931,5,0.1250,0.8750,8,8,7,0,0,8,7,0.1250
4,148.0000,44,14,268.4799,-78.6108,0.2642,20,0.5000,0.5000,6,7,5,0,0,7,5,0.2857
4,148.0000,44,15,523.8156,-81.5345,-0.9252,17,0.4250,0.8571,7,8,8,0,0,8,8,0.0000
4,148.0000,44,17,506.5780,-83.7664,-0.0578,11,0.2750,0.7143,7,8,6,0,0,8,6,0.2500
4,148.0000,44,18,480.9894,-83.8829,-0.7039,7,0.1750,1.0000,8,8,8,0,0,8,8,0.0000
4,148.0000,44,20,579.5965,-83.3209,-1.8166,5,0.1250,1.0000,8,8,8,0,0,8,8,0.0000
4,148.0000,44,21,789.6688,-86.4524,-1.3234,3,0.0750,1.0000,4,8,8,0,0,8,8,0.0000
4,148.0000,44,24,151.5503,-75.1844,1.8472,28,0.7000,0.0000,4,6,3,0,0,6,3,0.5000
4,148.0000,44,28,190.4707,-75.8110,-0.3990,30,0.7500,0.2000,5,6,3,0,0,6,3,0.5000
4,148.0000,44,30,321.6757,-79.6769,-0.2491,26,0.6500,0.5000,6,6,4,0,0,6,4,0.3333
4,148.0000,44,32,405.5183,-81.7657,1.4469,8,0.2000,0.6667,6,8,8,0,0,8,8,0.0000
4,148.0000,44,33,374.1415,-81.5862,-0.1661,8,0.2000,0.8571,7,6,4,0,0,6,4,0.3333
4,148.0000,44,39,674.7343,-85.6407,0.1648,6,0.1500,1.0000,8,8,8,0,0,8,8,0.0000
4,148.0000,44,42,682.6907,-84.5853,0.9760,5,0.1250,1.0000,8,8,8,0,0,8,8,0.0000
4,148.0000,44,46,688.0762,-83.9966,-0.8594,15,0.3750,1.0000,8,2,2,0,0,2,2,0.0000
4,148.0000,45,1,334.8495,-80.8354,0.4117,14,0.3415,0.4286,7,6,4,0,0,6,4,0.3333
4,148.0000,45,3,667.2352,-85.5676,0.2257,7,0.1707,1.0000,8,7,6,0,0,7,6,0.1429
4,148.0000,45,5,994.8987,-88.7374,-0.4473,4,0.0976,1.0000,6,2,2,0,0,2,2,0.0000
4,148.0000,45,6,684.2541,-85.6074,0.0952,7,0.1707,1.0000,8,8,8,0,0,8,8,0.0000
4,148.0000,45,7,449.0372,-84.0796,0.4591,13,0.3171,0.8889,9,4,2,0,0,4,2,0.5000
4,148.0000,45,8,564.2430,-83.8302,-0.6209,8,0.1951,0.6667,6,4,3,0,0,4,3,0.2500
4,148.0000,45,9,655.5347,-86.7376,0.0965,9,0.2195,1.0000,4,8,8,0,0,8,8,0.0000
4,148.0000,45,10,438.8309,-84.0016,-0.0985,9,0.2195,0.8750,8,6,4,0,0,6,4,0.3333
4,148.0000,45,12,961.7276,-87.7117,0.8098,5,0.1220,1.0000,4,4,4,0,0,4,4,0.0000
4,148.0000,45,13,590.6296,-85.0760,-0.9207,8,0.1951,1.0000,8,7,6,0,0,7,6,0.1429
4,148.0000,45,14,889.5077,-87.8268,0.7152,4,0.0976,0.8750,8,6,6,0,0,6,6,0.0000
4,148.0000,45,16,427.6338,-81.8168,-0.2592,14,0.3415,0.7143,7,7,4,0,0,7,4,0.4286
4,148.0000,45,18,542.3187,-84.0997,-0.5124,11,0.2683,1.0000,8,10,10,0,0,10,10,0.0000
4,148.0000,45,19,376.7419,-80.1505,-1.1871,17,0.4146,0.5000,6,7,6,0,0,7,6,0.1429
4,148.0000,45,20,723.5900,-86.3901,0.2924,10,0.2439,1.0000,8,8,8,0,0,8,8,0.0000
4,148.0000,45,21,202.5859,-75.0473,-0.2821,35,0.8537,0.2000,5,6,2,0,0,6,2,0.6667
4,148.0000,45,22,195.8080,-73.8878,-0.7180,34,0.8293,0.0000,4,5,1,0,0,5,1,0.8000
4,148.0000,45,23,576.0716,-84.2672,-0.8394,12,0.2927,1.0000,2,8,6,0,0,8,6,0.2500
4,148.0000,45,24,762.6489,-87.9821,-0.7024,4,0.0976,1.0000,8,6,6,0,0,6,6,0.0000
4,148.0000,45,25,617.4830,-84.5863,-0.9121,9,0.2195,0.8571,7,7,6,0,0,7,6,0.1429
4,148.0000,45,26,889.2755,-87.3209,0.0773,4,0.0976,,0,10,10,0,0,10,10,0.0000
4,148.0000,45,27,478.7831,-82.2970,-0.5699,12,0.2927,0.7500,8,7,5,0,0,7,5,0.2857
4,148.0000,45,31,351.1575,-80.0061,-1.2799,17,0.4146,0.2000,5,5,2,0,0,5,2,0.6000
4,148.0000,45,32,447.5411,-82.8559,0.2554,11,0.2683,0.7500,8,8,8,0,0,8,8,0.0000
4,148.0000,45,33,640.2074,-84.8145,-0.4559,7,0.1707,1.0000,8,8,8,0,0,8,8,0.0000
4,148.0000,45,36,407.6809,-82.6376,0.4234,13,0.3171,0.8571,7,7,5,0,0,7,5,0.2857
4,148.0000,45,37,676.6427,-84.5580,-1.4246,7,0.1707,0.6667,6,6,6,0,0,6,6,0.0000
4,148.0000,45,38,349.5188,-79.6404,-0.2763,21,0.5122,1.0000,10,7,6,0,0,7,6,0.1429
4,148.0000,45,40,133.0461,-71.2367,-0.3375,35,0.8537,0.2000,5,5,1,0,0,5,1,0.8000
4,148.0000,45,41,584.6830,-85.8891,0.5451,9,0.2195,0.7143,7,8,8,0,0,8,8,0.0000
4,148.0000,45,43,425.0858,-83.4171,0.4194,14,0.3415,0.8571,7,7,6,0,0,7,6,0.1429
4,148.0000,45,44,825.0480,-88.9835,0.5397,4,0.0976,0.8571,7,4,4,0,0,4,4,0.0000
4,148.0000,45,47,310.4544,-80.3945,1.4168,17,0.4146,0.7500,8,7,6,0,0,7,6,0.1429
4,148.0000,46,2,272.3909,-78.1618,0.0949,36,0.9000,0.2000,5,6,2,0,0,6,2,0.6667
4,148.0000,46,4,562.5241,-84.7045,-0.2238,15,0.3750,0.8000,5,8,8,0,0,8,8,0.0000
4,148.0000,46,8,917.2274,-87.9546,-0.7604,3,0.0750,1.0000,8,8,8,0,0,8,8,0.0000
4,148.0000,46,9,929.5753,-87.6217,2.0422,3,0.0750,1.0000,8,8,8,0,0,8,8,0.0000
4,148.0000,46,11,200.8364,-74.1216,-0.5553,35,0.8750,0.0000,4,5,1,0,0,5,1,0.8000
4,148.0000,46,14,621.0007,-85.7462,-1.8262,6,0.1500,0.8750,8,7,6,0,0,7,6,0.1429
4,148.0000,46,15,182.8517,-74.9338,-0.2247,32,0.8000,0.0000,4,6,2,0,0,6,2,0.6667
4,148.0000,46,17,392.8562,-80.5531,-0.9152,20,0.5000,0.5000,6,7,5,0,0,7,5,0.2857
4,148.0000,46,18,1119.6719,-88.1575,2.1376,3,0.0750,1.0000,8,4,4,0,0,4,4,0.0000
4,148.0000,46,28,619.5513,-85.3406,-0.6766,7,0.1750,0.8571,7,7,6,0,0,7,6,0.1429
4,148.0000,46,30,546.8475,-82.8038,-0.2025,14,0.3500,0.7778,9,7,6,0,0,7,6,0.1429
4,148.0000,46,33,835.0632,-88.2278,0.0695,4,0.1000,1.0000,8,8,8,0,0,8,8,0.0000
4,148.0000,46,35,388.8359,-79.6594,-0.4470,33,0.8250,0.0000,4,7,5,0,0,7,5,0.2857
4,148.0000,46,39,815.3300,-85.7183,0.8454,4,0.1000,1.0000,8,8,8,0,0,8,8,0.0000
4,148.0000,46,42,653.2800,-85.5480,-0.0888,6,0.1500,1.0000,8,8,7,0,0,8,7,0.1250
4,148.0000,46,44,688.0762,-83.2864,-0.3282,9,0.2250,1.0000,8,8,8,0,0,8,8,0.0000
4,148.0000,47,1,140.0326,-72.1738,-0.2751,37,0.9250,0.2000,5,4,0,0,0,4,0,1.0000
4,148.0000,47,3,544.6479,-83.9464,-0.4839,13,0.3250,1.0000,8,8,8,0,0,8,8,0.0000
4,148.0000,47,5,892.5075,-87.0580,-0.1550,6,0.1500,1.0000,4,4,4,0,0,4,4,0.0000
4,148.0000,47,6,592.4973,-84.6453,-0.9349,8,0.2000,0.8571,7,7,6,0,0,7,6,0.1429
4,148.0000,47,7,370.3336,-81.1145,0.9167,15,0.3750,1.0000,8,8,6,0,0,8,6,0.2500
4,148.0000,47,8,683.3740,-84.5837,0.5222,7,0.1750,1.0000,8,8,8,0,0,8,8,0.0000
4,148.0000,47,9,810.8039,-88.4061,-0.2873,3,0.0750,1.0000,2,8,8,0,0,8,8,0.0000
4,148.0000,47,10,377.5867,-80.9288,0.4524,25,0.6250,0.7500,8,7,5,0,0,7,5,0.2857
4,148.0000,47,12,860.1431,-86.7665,-0.7811,15,0.3750,1.0000,6,2,1,0,0,2,1,0.5000
4,148.0000,47,13,539.4289,-84.9920,2.2182,6,0.1500,1.0000,8,8,7,0,0,8,7,0.1250
4,148.0000,47,14,897.7443,-87.4005,-0.6792,4,0.1000,1.0000,6,8,8,0,0,8,8,0.0000
4,148.0000,47,16,424.2370,-82.3247,-0.2245,19,0.4750,0.7143,7,7,6,0,0,7,6,0.1429
4,148.0000,47,18,563.5602,-83.9391,0.3657,7,0.1750,1.0000,8,8,7,0,0,8,7,0.1250
4,148.0000,47,19,145.1098,-72.8387,1.0265,33,0.8250,0.2000,5,4,0,0,0,4,0,1.0000
4,148.0000,47,20,718.2866,-87.5537,0.7694,4,0.1000,1.0000,8,5,4,0,0,5,4,0.2000
4,148.0000,47,21,480.9684,-83.5580,0.7339,8,0.2000,0.8571,7,6,4,0,0,6,4,0.3333
4,148.0000,47,22,380.6693,-81.9203,-0.0724,17,0.4250,0.8571,7,7,5,0,0,7,5,0.2857
4,148.0000,47,23,530.6002,-83.9989,-0.2530,13,0.3250,1.0000,8,7,6,0,0,7,6,0.1429
4,148.0000,47,24,824.0090,-87.8245,0.5869,3,0.0750,1.0000,8,4,3,0,0,4,3,0.2500
4,148.0000,47,25,464.9608,-83.1050,0.5878,11,0.2750,1.0000,8,8,7,0,0,8,7,0.1250
4,148.0000,47,26,782.0384,-87.0988,0.1878,10,0.2500,1.0000,6,7,6,0,0,7,6,0.1429
4,148.0000,47,27,335.6109,-79.0265,-0.3564,25,0.6250,0.8571,7,7,5,37,29,44,34,0.2273
4,148.0000,47,31,341.9531,-80.3377,0.7926,12,0.3000,0.5000,4,8,8,0,0,8,8,0.0000
4,148.0000,47,32,525.9650,-86.8103,1.1607,7,0.1750,1.0000,8,7,5,0,0,7,5,0.2857
4,148.0000,47,33,693.0037,-86.2596,0.1878,5,0.1250,1.0000,6,8,7,0,0,8,7,0.1250
4,148.0000,47,36,328.3156,-80.3368,0.2357,22,0.5500,0.5000,6,8,7,0,0,8,7,0.1250
4,148.0000,47,37,504.5469,-83.2229,-0.0389,16,0.4000,0.6667,6,7,5,0,0,7,5,0.2857
4,148.0000,47,38,232.5021,-77.3225,-0.1033,29,0.7250,0.0000,4,6,3,0,0,6,3,0.5000
4,148.0000,47,39,871.9968,-87.9351,0.7641,4,0.1000,1.0000,6,8,8,0,0,8,8,0.0000
4,148.0000,47,40,316.1925,-79.8521,1.4306,15,0.3750,0.7143,7,7,4,0,0,7,4,0.4286
4,148.0000,47,41,426.1255,-81.4221,0.2016,16,0.4000,1.0000,8,5,2,0,0,5,2,0.6000
4,148.0000,47,43,399.1510,-82.0542,0.1460,18,0.4500,0.5000,6,7,5,0,0,7,5,0.2857
4,148.0000,47,45,310.4544,-80.0363,0.0885,16,0.4000,0.6250,8,5,3,0,0,5,3,0.4000
4,152.0000,0,5,542.4037,-82.8506,-0.0715,18,0.4390,0.6667,6,7,4,0,0,7,4,0.4286
4,152.0000,0,12,452.9927,-80.0211,-1.4939,27,0.6585,0.6667,6,7,5,0,0,7,5,0.2857
4,152.0000,0,26,624.8612,-83.4792,-0.1833,19,0.4634,1.0000,8,8,8,0,0,8,8,0.0000
4,152.0000,0,27,718.3608,-86.9785,1.1760,3,0.0732,1.0000,8,8,8,0,0,8,8,0.0000
4,152.0000,0,29,287.0342,-77.6981,-0.9636,31,0.7561,0.2000,5,5,1,0,0,5,1,0.8000
4,152.0000,0,34,275.8831,-77.5025,-0.3884,30,0.7317,0.0000,4,5,2,0,0,5,2,0.6000
4,152.0000,0,41,881.8165,-86.9426,1.0567,3,0.0732,1.0000,8,8,8,0,0,8,8,0.0000
4,152.0000,0,43,756.0574,-86.4614,0.6886,7,0.1707,0.8571,7,7,6,0,0,7,6,0.1429
4,152.0000,1,0,881.2966,-87.6768,-0.4123,7,0.1707,1.0000,6,8,8,0,0,8,8,0.0000
4,152.0000,1,3,716.5884,-86.6434,0.0517,10,0.2439,1.0000,10,8,8,0,0,8,8,0.0000
4,152.0000,1,5,784.7239,-86.7125,-0.0392,13,0.3171,0.8571,7,2,2,0,0,2,2,0.0000
4,152.0000,1,7,330.5590,-79.2167,-0.0812,27,0.6585,1.0000,8,7,5,0,0,7,5,0.2857
4,152.0000,1,8,827.2275,-87.0650,-0.1598,7,0.1707,1.0000,2,6,6,0,0,6,6,0.0000
4,152.0000,1,9,848.1793,-88.6114,-0.2164,6,0.1463,1.0000,8,8,8,0,0,8,8,0.0000
4,152.0000,1,10,258.0706,-77.1288,-0.3728,31,0.7561,0.3333,6,6,3,0,0,6,3,0.5000
4,152.0000,1,12,761.1384,-86.5609,0.0528,14,0.3415,1.0000,6,4,4,0,0,4,4,0.0000
4,152.0000,1,13,658.6416,-87.1302,-0.5284,5,0.1220,1.0000,6,8,8,0,0,8,8,0.0000
4,152.0000,1,16,293.3518,-78.8816,-0.1235,31,0.7561,0.4000,5,8,7,0,0,8,7,0.1250
4,152.0000,1,18,626.2604,-85.8035,0.1461,11,0.2683,0.7143,7,8,8,0,0,8,8,0.0000
4,152.0000,1,19,341.1123,-79.9444,-0.8641,18,0.4390,0.6667,6,7,5,0,0,7,5,0.2857
4,152.0000,1,20,884.4309,-87.1521,1.5598,3,0.0732,1.0000,6,8,8,0,0,8,8,0.0000
4,152.0000,1,21,500.6420,-82.2088,0.4256,16,0.3902,0.6667,6,8,7,0,0,8,7,0.1250
4,152.0000,1,22,515.4561,-82.2817,0.7781,13,0.3171,0.6667,6,6,5,0,0,6,5,0.1667
4,152.0000,1,23,586.5938,-86.2180,0.8852,11,0.2683,1.0000,8,6,4,0,0,6,4,0.3333
4,152.0000,1,24,1007.8229,-88.1246,-0.0195,4,0.0976,1.0000,6,2,2,0,0,2,2,0.0000
4,152.0000,1,25,538.0766,-84.4845,0.6649,8,0.1951,1.0000,8,8,7,0,0,8,7,0.1250
4,152.0000,1,26,555.5928,-85.3060,0.1509,17,0.4146,0.8750,8,6,6,0,0,6,6,0.0000
4,152.0000,1,27,381.7136,-80.9330,0.0927,20,0.4878,0.8974,39,8,7,0,0,8,7,0.1250
4,152.0000,1,29,675.3303,-87.3114,0.5939,14,0.3415,0.6667,3,8,8,0,0,8,8,0.0000
4,152.0000,1,31,519.6911,-83.4868,0.9286,9,0.2195,0.8571,7,8,8,0,0,8,8,0.0000
4,152.0000,1,32,545.4828,-83.6969,0.2779,8,0.1951,0.8571,7,8,8,0,0,8,8,0.0000
4,152.0000,1,34,711.6473,-86.2314,-0.9407,13,0.3171,1.0000,2,6,6,0,0,6,6,0.0000
4,152.0000,1,36,163.7046,-74.5681,0.8795,36,0.8780,0.4000,5,4,0,0,0,4,0,1.0000
4,152.0000,1,37,712.8031,-85.3553,-0.0626,8,0.1951,1.0000,8,6,6,0,0,6,6,0.0000
4,152.0000,1,38,471.2289,-81.5807,-0.0185,13,0.3171,0.8750,8,7,6,0,0,7,6,0.1429
4,152.0000,1,40,411.8157,-81.6890,0.4296,14,0.3415,0.8750,8,8,8,0,0,8,8,0.0000
4,152.0000,1,41,449.1186,-83.0243,0.6118,13,0.3171,0.8571,7,6,4,0,0,6,4,0.3333
4,152.0000,1,43,242.0722,-78.3390,1.0762,29,0.7073,0.6667,6,6,3,0,0,6,3,0.5000
4,152.0000,1,44,988.7979,-89.0500,-0.1683,4,0.0976,,0,6,6,0,0,6,6,0.0000
4,152.0000,1,45,331.6429,-79.5175,-0.4843,20,0.4878,0.8750,8,5,2,0,0,5,2,0.6000
4,152.0000,1,47,255.6899,-74.1837,-0.8243,29,0.7073,0.7500,8,6,4,0,0,6,4,0.3333
4,152.0000,2,4,302.8983,-80.1614,0.5724,27,0.6750,0.5000,6,6,2,0,0,6,2,0.6667
4,152.0000,2,11,371.3538,-80.1903,-0.5170,21,0.5250,0.4000,5,6,2,0,0,6,2,0.6667
4,152.0000,2,14,638.5157,-85.0302,-0.8587,4,0.1000,1.0000,8,8,8,0,0,8,8,0.0000
4,152.0000,2,15,322.0875,-79.0795,-0.1302,30,0.7500,0.5714,7,7,6,0,0,7,6,0.1429
4,152.0000,2,17,295.5249,-78.2880,-0.6504,30,0.7500,0.5714,7,6,4,0,0,6,4,0.3333
4,152.0000,2,24,719.8302,-85.3212,0.4832,4,0.1000,0.8750,8,8,7,0,0,8,7,0.1250
4,152.0000,2,28,638.2128,-85.1755,-0.9937,4,0.1000,1.0000,8,7,5,0,0,7,5,0.2857
4,152.0000,2,30,483.7697,-82.3803,0.0932,14,0.3500,0.8571,7,6,4,0,0,6,4,0.3333
4,152.0000,2,35,763.3923,-84.7311,-0.2448,11,0.2750,1.0000,8,8,8,0,0,8,8,0.0000
4,152.0000,2,42,739.8891,-83.2524,-0.3103,5,0.1250,1.0000,8,8,8,0,0,8,8,0.0000
4,152.0000,2,44,736.6136,-84.8808,-1.1687,4,0.1000,1.0000,8,8,7,0,0,8,7,0.1250
4,152.0000,2,46,283.0279,-78.1792,-0.1498,29,0.7250,0.2000,5,6,3,0,0,6,3,0.5000
4,152.0000,3,1,716.5884,-85.4442,0.0314,4,0.1000,1.0000,8,8,7,0,0,8,7,0.1250
4,152.0000,3,6,468.9227,-84.3766,1.7072,6,0.1500,1.0000,8,7,6,0,0,7,6,0.1429
4,152.0000,3,8,716.4639,-86.8749,-0.5063,3,0.0750,0.8750,8,8,8,0,0,8,8,0.0000
4,152.0000,3,10,933.2422,-87.8306,0.0172,4,0.1000,1.0000,8,6,6,0,0,6,6,0.0000
4,152.0000,3,13,510.5277,-83.1185,0.2793,7,0.1750,0.7143,7,7,5,0,0,7,5,0.2857
4,152.0000,3,16,936.5842,-88.1767,1.1628,3,0.0750,1.0000,8,8,8,0,0,8,8,0.0000
4,152.0000,3,18,919.9244,-87.4346,-0.4606,3,0.0750,1.0000,6,8,8,0,0,8,8,0.0000
4,152.0000,3,19,386.7148,-82.5155,0.5625,9,0.2250,0.7143,7,7,6,0,0,7,6,0.1429
4,152.0000,3,20,365.3588,-81.5279,0.7966,12,0.3000,1.0000,8,7,6,0,0,7,6,0.1429
4,152.0000,3,22,505.2731,-82.1096,1.5545,4,0.1000,1.0000,8,8,8,0,0,8,8,0.0000
4,152.0000,3,23,308.9454,-78.8629,0.0955,19,0.4750,0.7500,8,8,8,0,0,8,8,0.0000
4,152.0000,3,24,879.0572,-87.9629,1.0668,3,0.0750,1.0000,8,8,8,0,0,8,8,0.0000
4,152.0000,3,25,194.8239,-72.3349,-2.2137,27,0.6750,0.2000,5,4,0,0,0,4,0,1.0000
4,152.0000,3,27,517.0183,-82.0362,-1.1270,8,0.2000,1.0000,8,7,6,0,0,7,6,0.1429
4,152.0000,3,31,658.0464,-84.5863,0.4650,6,0.1500,0.8571,7,6,6,0,0,6,6,0.0000
4,152.0000,3,33,578.9365,-83.1445,0.1584,5,0.1250,1.0000,8,6,4,0,0,6,4,0.3333
4,152.0000,3,36,876.7134,-87.8886,0.9962,3,0.0750,1.0000,8,6,6,0,0,6,6,0.0000
4,152.0000,3,37,138.1201,-72.1754,0.0716,34,0.8500,0.0000,4,4,0,0,0,4,0,1.0000
4,152.0000,3,38,472.9046,-84.0679,-0.8777,4,0.1000,0.7143,7,8,8,0,0,8,8,0.0000
4,152.0000,3,39,432.1066,-82.9385,-0.3637,9,0.2250,1.0000,8,5,2,0,0,5,2,0.6000
4,152.0000,3,40,689.1335,-86.3467,0.2135,5,0.1250,1.0000,8,8,8,0,0,8,8,0.0000
4,152.0000,3,41,337.2383,-78.6684,-0.6171,11,0.2750,0.5000,6,6,4,0,0,6,4,0.3333
4,152.0000,3,44,926.9118,-87.0398,0.3591,3,0.0750,1.0000,2,8,8,0,0,8,8,0.0000
4,152.0000,3,45,770.4972,-85.9875,-0.8951,3,0.0750,1.0000,8,4,4,0,0,4,4,0.0000
4,152.0000,3,47,569.7194,-84.5648,-0.2960,4,0.1000,1.0000,8,8,8,0,0,8,8,0.0000
4,152.0000,4,2,302.8983,-79.3951,1.0226,25,0.6250,0.5000,6,6,2,0,0,6,2,0.6667
4,152.0000,4,8,781.6784,-86.9950,-0.7611,3,0.0750,1.0000,8,8,8,0,0,8,8,0.0000
4,152.0000,4,9,733.1393,-85.1086,-0.9997,6,0.1500,1.0000,8,8,8,0,0,8,8,0.0000
4,152.0000,4,11,542.1247,-83.6332,-0.0686,9,0.2250,1.0000,8,8,7,0,0,8,7,0.1250
4,152.0000,4,14,613.7156,-85.4431,0.9888,4,0.1000,1.0000,8,8,8,0,0,8,8,0.0000
4,152.0000,4,15,495.8470,-82.9704,-0.9714,13,0.3250,0.8571,7,8,7,0,0,8,7,0.1250
4,152.0000,4,17,427.3321,-81.6600,0.2645,15,0.3750,0.7778,9,6,3,0,0,6,3,0.5000
4,152.0000,4,24,637.9315,-85.6159,-2.1778,4,0.1000,0.8571,7,7,6,0,0,7,6,0.1429
4,152.0000,4,28,474.7678,-82.7138,-1.0058,11,0.2750,1.0000,8,8,8,0,0,8,8,0.0000
4,152.0000,4,30,288.1435,-75.8554,-1.2127,31,0.7750,0.0000,4,5,2,0,0,5,2,0.6000
4,152.0000,4,44,596.5927,-85.6691,-1.4189,5,0.1250,1.0000,8,8,8,0,0,8,8,0.0000
4,152.0000,4,46,505.2700,-84.4084,0.1171,14,0.3500,1.0000,8,8,8,0,0,8,8,0.0000
4,152.0000,5,0,542.4037,-84.3810,-0.3945,21,0.5250,0.8750,8,7,6,0,0,7,6,0.1429
4,152.0000,5,7,1013.2725,-87.1563,-1.3798,5,0.1250,1.0000,8,2,2,0,0,2,2,0.0000
4,152.0000,5,10,788.6860,-86.7009,-0.0992,5,0.1250,1.0000,8,8,8,0,0,8,8,0.0000
4,152.0000,5,12,155.7574,-75.8315,1.4531,35,0.8750,0.0000,4,4,0,0,0,4,0,1.0000
4,152.0000,5,16,843.2428,-84.1285,-3.6318,3,0.0750,1.0000,8,8,8,0,0,8,8,0.0000
4,152.0000,5,26,257.7836,-74.4518,-1.2959,34,0.8500,0.0000,4,7,4,0,0,7,4,0.4286
4,152.0000,5,27,872.2347,-86.5611,0.7253,4,0.1000,1.0000,4,8,8,0,0,8,8,0.0000
4,152.0000,5,29,491.2751,-83.7454,0.6333,19,0.4750,1.0000,8,8,7,0,0,8,7,0.1250
4,152.0000,5,34,350.1750,-81.7678,0.4532,27,0.6750,0.5000,6,4,2,0,0,4,2,0.5000
4,152.0000,5,36,666.1229,-84.9812,-0.4373,7,0.1750,0.8750,8,8,8,0,0,8,8,0.0000
4,152.0000,5,43,732.6422,-85.0642,-0.5663,5,0.1250,1.0000,8,8,7,0,0,8,7,0.1250
4,152.0000,6,1,851.0835,-85.8990,-1.0193,4,0.1000,1.0000,6,7,6,0,0,7,6,0.1429
4,152.0000,6,3,468.9227,-83.0266,-0.3381,11,0.2750,0.8750,8,8,8,0,0,8,8,0.0000
4,152.0000,6,8,537.9036,-82.7244,-1.0149,8,0.2000,0.8750,8,5,4,0,0,5,4,0.2000
4,152.0000,6,9,637.2995,-84.2438,0.3991,5,0.1250,1.0000,6,8,8,0,0,8,8,0.0000
4,152.0000,6,11,748.2686,-87.7912,0.6647,4,0.1000,1.0000,4,5,4,0,0,5,4,0.2000
4,152.0000,6,13,266.1044,-73.2596,-1.3916,25,0.6250,0.0000,4,8,7,0,0,8,7,0.1250
4,152.0000,6,14,497.5631,-82.3770,-0.9433,12,0.3000,0.5000,4,7,5,0,0,7,5,0.2857
4,152.0000,6,15,852.6526,-88.0268,2.6030,3,0.0750,1.0000,2,4,3,0,0,4,3,0.2500
4,152.0000,6,17,785.5891,-87.0614,-0.4753,3,0.0750,1.0000,8,4,4,0,0,4,4,0.0000
4,152.0000,6,18,708.1807,-84.8257,0.7335,4,0.1000,0.8750,8,8,8,0,0,8,8,0.0000
4,152.0000,6,19,565.0788,-85.6835,1.1725,4,0.1000,1.0000,8,8,8,0,0,8,8,0.0000
4,152.0000,6,20,262.0698,-78.3381,-0.0125,25,0.6250,0.7500,8,5,1,0,0,5,1,0.8000
4,152.0000,6,22,662.2576,-86.6876,0.4714,6,0.1500,1.0000,8,8,7,0,0,8,7,0.1250
4,152.0000,6,23,679.1490,-85.1651,1.9886,4,0.1000,0.8750,8,8,8,0,0,8,8,0.0000
4,152.0000,6,24,488.2494,-81.8974,-0.4535,9,0.2250,1.0000,8,6,4,0,0,6,4,0.3333
4,152.0000,6,25,525.6464,-83.3746,-0.6286,9,0.2250,0.8571,7,8,7,0,0,8,7,0.1250
4,152.0000,6,27,855.0454,-88.7505,-0.8957,3,0.0750,1.0000,8,6,6,0,0,6,6,0.0000
4,152.0000,6,28,731.1460,-87.2556,2.5450,6,0.1500,1.0000,8,6,5,0,0,6,5,0.1667
4,152.0000,6,30,835.7075,-88.7332,-1.9466,3,0.0750,1.0000,2,4,4,0,0,4,4,0.0000
4,152.0000,6,31,512.3040,-82.3342,-2.3181,7,0.1750,0.7143,7,8,8,0,0,8,8,0.0000
4,152.0000,6,32,514.5294,-84.2519,-2.3153,5,0.1250,1.0000,8,8,8,0,0,8,8,0.0000
4,152.0000,6,33,303.0359,-78.6769,-0.6395,14,0.3500,0.5714,7,8,6,0,0,8,6,0.2500
4,152.0000,6,37,401.5074,-80.8386,-0.7111,13,0.3250,0.8750,8,8,8,0,0,8,8,0.0000
4,152.0000,6,38,418.9078,-82.2699,-0.7123,8,0.2000,1.0000,8,8,7,0,0,8,7,0.1250
4,152.0000,6,39,198.4455,-77.6346,1.3996,27,0.6750,0.5000,6,4,0,0,0,4,0,1.0000
4,152.0000,6,40,716.5426,-85.0440,-0.2762,6,0.1500,0.8571,7,7,6,0,0,7,6,0.1429
4,152.0000,6,41,692.6283,-86.4042,-0.8720,3,0.0750,1.0000,8,6,5,0,0,6,5,0.1667
4,152.0000,6,42,569.3956,-84.5125,1.1571,9,0.2250,1.0000,8,8,5,0,0,8,5,0.3750
4,152.0000,6,44,594.7109,-85.9409,-1.7488,6,0.1500,0.8571,7,8,8,0,0,8,8,0.0000
4,152.0000,6,45,868.5961,-85.5499,-1.0404,6,0.1500,1.0000,8,4,4,0,0,4,4,0.0000
4,152.0000,6,47,612.2606,-83.6518,1.9953,5,0.1250,1.0000,8,8,7,0,0,8,7,0.1250
4,152.0000,7,1,330.5590,-79.5607,-0.5095,19,0.4750,0.7143,7,7,6,0,0,7,6,0.1429
4,152.0000,7,3,837.9373,-88.0848,-0.5625,4,0.1000,1.0000,4,8,8,0,0,8,8,0.0000
4,152.0000,7,5,1013.2725,-88.2223,-0.8111,3,0.0750,1.0000,8,4,4,0,0,4,4,0.0000
4,152.0000,7,6,779.4450,-87.2274,-1.3922,4,0.1000,0.8571,7,6,6,0,0,6,6,0.0000
4,152.0000,7,9,665.2217,-85.8437,0.6934,3,0.0750,1.0000,8,7,6,0,0,7,6,0.1429
4,152.0000,7,10,289.6857,-78.9162,0.4143,26,0.6500,0.6667,6,7,4,0,0,7,4,0.4286
4,152.0000,7,13,555.0384,-84.5477,0.6885,4,0.1000,1.0000,8,8,6,0,0,8,6,0.2500
4,152.0000,7,16,278.7124,-79.0427,0.1167,29,0.7250,0.7500,8,7,3,0,0,7,3,0.5714
4,152.0000,7,18,333.2248,-82.2328,0.3275,18,0.4500,1.0000,8,8,8,0,0,8,8,0.0000
4,152.0000,7,19,483.0699,-83.1911,0.7067,10,0.2500,1.0000,8,8,6,0,0,8,6,0.2500
4,152.0000,7,21,466.3132,-82.2666,-0.3370,13,0.3250,0.7143,7,7,6,0,0,7,6,0.1429
4,152.0000,7,22,612.8102,-85.6253,-0.2602,5,0.1250,0.8571,7,8,8,0,0,8,8,0.0000
4,152.0000,7,23,778.2856,-86.8980,1.1268,6,0.1500,1.0000,8,6,6,0,0,6,6,0.0000
4,152.0000,7,25,689.5074,-87.4235,0.3995,3,0.0750,1.0000,6,8,8,0,0,8,8,0.0000
4,152.0000,7,26,777.1960,-86.1932,-0.5637,4,0.1000,1.0000,4,6,5,0,0,6,5,0.1667
4,152.0000,7,27,677.3290,-84.0888,0.8260,5,0.1250,0.8000,5,7,6,0,0,7,6,0.1429
4,152.0000,7,31,360.4875,-81.5711,-0.2442,11,0.2750,0.8571,7,6,3,0,0,6,3,0.5000
4,152.0000,7,32,396.1525,-83.0542,-0.7484,6,0.1500,1.0000,8,6,4,0,0,6,4,0.3333
4,152.0000,7,34,998.9321,-88.5496,0.8308,4,0.1000,1.0000,2,4,4,0,0,4,4,0.0000
4,152.0000,7,36,373.2068,-79.4616,-0.7932,21,0.5250,0.6667,6,8,7,0,0,8,7,0.1250
4,152.0000,7,38,426.8370,-83.2967,0.6820,9,0.2250,0.8571,7,7,5,0,0,7,5,0.2857
4,152.0000,7,40,397.2510,-82.5506,0.7322,11,0.2750,0.8750,8,7,5,0,0,7,5,0.2857
4,152.0000,7,41,679.4291,-87.0337,0.4858,4,0.1000,1.0000,8,7,6,0,0,7,6,0.1429
4,152.0000,7,43,543.0177,-83.9168,1.2253,12,0.3000,1.0000,8,8,7,0,0,8,7,0.1250
4,152.0000,7,44,783.7349,-88.1424,-1.9688,4,0.1000,1.0000,2,8,8,0,0,8,8,0.0000
4,152.0000,7,45,413.2614,-83.4650,0.6202,11,0.2750,0.6667,6,7,6,0,0,7,6,0.1429
4,152.0000,7,47,280.1431,-79.4530,0.6136,21,0.5250,0.7143,7,5,3,0,0,5,3,0.4000
4,152.0000,8,3,716.4639,-85.0560,-0.0515,4,0.1000,0.8750,8,7,6,0,0,7,6,0.1429
4,152.0000,8,4,781.6784,-85.9755,-0.0803,5,0.1250,1.0000,8,4,4,0,0,4,4,0.0000
4,152.0000,8,6,537.9036,-82.3466,-1.1725,5,0.1250,0.8750,8,7,6,0,0,7,6,0.1429
4,152.0000,8,9,208.6627,-78.0095,1.7366,22,0.5500,0.8750,8,6,3,0,0,6,3,0.5000
4,152.0000,8,11,798.6572,-85.5141,0.4030,6,0.1500,1.0000,4,7,6,0,0,7,6,0.1429
4,152.0000,8,13,359.7692,-79.7306,-0.5620,9,0.2250,1.0000,8,7,6,0,0,7,6,0.1429
4,152.0000,8,14,507.4805,-82.4366,-0.2261,10,0.2500,0.8571,7,8,7,0,0,8,7,0.1250
4,152.0000,8,17,661.5626,-84.9825,-0.7389,8,0.2000,0.7143,7,5,3,0,0,5,3,0.4000
4,152.0000,8,18,536.8754,-83.3689,-0.0819,7,0.1750,0.7500,8,8,8,0,0,8,8,0.0000
4,152.0000,8,20,482.4219,-81.1838,-0.9462,11,0.2750,0.6667,6,7,6,0,0,7,6,0.1429
4,152.0000,8,22,466.5335,-82.9365,0.5212,6,0.1500,0.8571,7,7,6,0,0,7,6,0.1429
4,152.0000,8,24,379.6919,-81.3002,1.0929,14,0.3500,0.6667,6,8,6,0,0,8,6,0.2500
4,152.0000,8,25,739.3093,-85.8972,-8.2499,3,0.0750,1.0000,8,8,8,0,0,8,8,0.0000
4,152.0000,8,28,505.4143,-84.2237,-0.1736,8,0.2000,1.0000,8,8,7,0,0,8,7,0.1250
4,152.0000,8,30,564.9381,-84.8023,0.2761,8,0.2000,0.8571,7,7,4,0,0,7,4,0.4286
4,152.0000,8,31,368.9679,-81.4922,0.7539,7,0.1750,0.8571,7,7,5,0,0,7,5,0.2857
4,152.0000,8,32,327.6968,-78.8842,0.2325,15,0.3750,0.6667,6,6,4,0,0,6,4,0.3333
4,152.0000,8,33,300.0940,-75.6108,-2.0369,26,0.6500,0.5000,6,8,7,0,0,8,7,0.1250
4,152.0000,8,38,424.4621,-81.4150,1.4536,4,0.1000,0.8571,7,8,7,0,0,8,7,0.1250
4,152.0000,8,39,583.6720,-84.3593,-0.5394,7,0.1750,0.7143,7,8,7,0,0,8,7,0.1250
4,152.0000,8,40,461.5620,-81.2723,1.3336,5,0.1250,1.0000,8,8,7,0,0,8,7,0.1250
4,152.0000,8,42,710.5014,-86.0368,-0.7309,8,0.2000,1.0000,8,6,6,0,0,6,6,0.0000
4,152.0000,8,44,305.7699,-80.3041,0.5402,16,0.4000,0.8571,7,6,3,0,0,6,3,0.5000
4,152.0000,8,46,908.8921,-87.9942,0.7692,3,0.0750,1.0000,2,6,6,0,0,6,6,0.0000
4,152.0000,8,47,597.9397,-85.0337,0.6199,3,0.0750,0.8750,8,8,8,0,0,8,8,0.0000
4,152.0000,9,1,848.1793,-88.2465,0.3078,3,0.0769,1.0000,8,2,2,0,0,2,2,0.0000
4,152.0000,9,3,875.3066,-86.3535,0.3835,3,0.0769,1.0000,4,2,2,0,0,2,2,0.0000
4,152.0000,9,4,733.1393,-85.9918,-0.8621,13,0.3333,0.8571,7,8,8,0,0,8,8,0.0000
4,152.0000,9,6,637.2995,-86.6829,0.5385,7,0.1795,1.0000,8,8,8,0,0,8,8,0.0000
4,152.0000,9,7,665.2217,-85.2207,1.3116,6,0.1538,1.0000,6,8,8,0,0,8,8,0.0000
4,152.0000,9,8,208.6627,-78.6667,0.8762,25,0.6410,0.6667,6,5,1,0,0,5,1,0.8000
4,152.0000,9,10,822.0290,-86.8545,-0.1963,5,0.1282,1.0000,8,8,8,0,0,8,8,0.0000
4,152.0000,9,11,820.5009,-86.8037,-0.9820,5,0.1282,1.0000,8,4,4,0,0,4,4,0.0000
4,152.0000,9,13,430.6800,-83.0591,0.5048,11,0.2821,0.8571,7,8,8,0,0,8,8,0.0000
4,152.0000,9,14,483.3929,-83.8333,-0.1196,15,0.3846,0.8750,8,7,6,0,0,7,6,0.1429
4,152.0000,9,16,772.3227,-88.4134,-0.3889,5,0.1282,1.0000,8,8,8,0,0,8,8,0.0000
4,152.0000,9,17,723.1645,-86.5278,0.0599,12,0.3077,1.0000,8,4,4,0,0,4,4,0.0000
4,152.0000,9,18,406.7177,-81.3329,-0.0371,20,0.5128,0.8571,7,7,5,0,0,7,5,0.2857
4,152.0000,9,19,773.6274,-87.6424,0.0953,3,0.0769,1.0000,8,7,6,0,0,7,6,0.1429
4,152.0000,9,20,652.8637,-85.8608,-1.0786,8,0.2051,0.8571,7,8,8,0,0,8,8,0.0000
4,152.0000,9,21,577.7370,-84.6557,0.1066,9,0.2308,1.0000,8,6,4,0,0,6,4,0.3333
4,152.0000,9,22,593.6003,-86.0621,0.3070,6,0.1538,0.8571,7,10,10,0,0,10,10,0.0000
4,152.0000,9,23,851.6345,-87.3841,1.6810,3,0.0769,1.0000,6,6,6,0,0,6,6,0.0000
4,152.0000,9,24,330.0291,-79.1270,-0.7902,26,0.6667,0.7143,7,8,7,0,0,8,7,0.1250
4,152.0000,9,25,866.3210,-88.0727,-0.0641,5,0.1282,1.0000,8,8,8,0,0,8,8,0.0000
4,152.0000,9,28,383.2022,-80.8180,-0.2922,26,0.6667,0.6667,6,7,3,0,0,7,3,0.5714
4,152.0000,9,30,479.6001,-83.4226,-0.0964,20,0.5128,0.8750,8,8,7,0,0,8,7,0.1250
4,152.0000,9,31,356.8559,-82.1671,0.2513,12,0.3077,1.0000,8,8,8,0,0,8,8,0.0000
4,152.0000,9,32,321.6647,-78.3489,-0.9620,18,0.4615,0.8571,7,6,4,0,0,6,4,0.3333
4,152.0000,9,33,446.6798,-83.5444,-0.0377,13,0.3333,0.8571,7,8,8,0,0,8,8,0.0000
4,152.0000,9,37,881.4786,-88.6477,-0.2815,3,0.0769,1.0000,6,5,4,0,0,5,4,0.2000
4,152.0000,9,38,492.8103,-84.7198,0.8304,9,0.2308,0.8571,7,8,8,0,0,8,8,0.0000
4,152.0000,9,39,728.2261,-86.5762,0.9437,7,0.1795,1.0000,6,6,6,0,0,6,6,0.0000
4,152.0000,9,40,487.4618,-83.2745,-0.1563,8,0.2051,1.0000,8,7,6,0,0,7,6,0.1429
4,152.0000,9,42,860.8468,-87.7731,0.3827,6,0.1538,1.0000,6,6,6,0,0,6,6,0.0000
4,152.0000,9,44,201.0458,-77.1436,0.3254,29,0.7436,0.3333,6,5,1,0,0,5,1,0.8000
4,152.0000,9,45,657.0851,-85.0765,-0.7927,5,0.1282,1.0000,8,8,8,0,0,8,8,0.0000
4,152.0000,9,46,920.9249,-87.6811,-0.2145,6,0.1538,1.0000,2,6,6,0,0,6,6,0.0000
4,152.0000,9,47,629.7718,-85.0964,-0.9660,5,0.1282,1.0000,8,8,8,0,0,8,8,0.0000
4,152.0000,10,0,1019.0650,-87.7500,-1.0871,3,0.0750,1.0000,4,6,6,0,0,6,6,0.0000
4,152.0000,10,1,258.0706,-77.2502,-0.2320,19,0.4750,0.2000,5,6,2,0,0,6,2,0.6667
4,152.0000,10,5,788.6860,-85.8632,-0.2991,18,0.4500,0.8571,7,8,8,0,0,8,8,0.0000
4,152.0000,10,6,993.9069,-88.2003,0.0036,3,0.0750,1.0000,8,6,6,0,0,6,6,0.0000
4,152.0000,10,7,289.6857,-80.2613,-0.2041,16,0.4000,0.8571,7,6,4,0,0,6,4,0.3333
4,152.0000,10,8,854.8324,-87.5180,-0.0265,5,0.1250,1.0000,4,4,4,0,0,4,4,0.0000
4,152.0000,10,9,822.0290,-88.7702,0.6150,3,0.0750,1.0000,8,8,8,0,0,8,8,0.0000
4,152.0000,10,12,781.6367,-85.6435,-0.8015,9,0.2250,0.8571,7,6,5,0,0,6,5,0.1667
4,152.0000,10,13,760.4510,-88.1269,0.7553,4,0.1000,1.0000,8,8,8,0,0,8,8,0.0000
4,152.0000,10,16,61.5546,-65.4378,0.8137,30,0.7500,0.0000,4,6,1,0,0,6,1,0.8333
4,152.0000,10,18,557.0914,-84.4114,-0.0807,4,0.1000,1.0000,8,8,8,0,0,8,8,0.0000
4,152.0000,10,19,565.6789,-85.4125,-0.6112,7,0.1750,1.0000,8,8,8,0,0,8,8,0.0000
4,152.0000,10,20,1036.1721,-89.3771,0.1932,3,0.0750,1.0000,4,6,6,0,0,6,6,0.0000
4,152.0000,10,21,380.3962,-82.2606,-0.1498,12,0.3000,0.8750,8,7,5,0,0,7,5,0.2857
4,152.0000,10,22,618.5993,-86.1043,-0.1453,6,0.1500,1.0000,6,10,9,0,0,10,9,0.1000
4,152.0000,10,25,770.1925,-88.3330,-0.7670,4,0.1000,1.0000,8,8,8,0,0,8,8,0.0000
4,152.0000,10,26,535.8452,-84.0654,-0.3141,20,0.5000,0.8571,7,7,6,0,0,7,6,0.1429
4,152.0000,10,27,614.9645,-85.3324,0.1635,14,0.3500,1.0000,8,8,7,0,0,8,7,0.1250
4,152.0000,10,29,834.3296,-85.3278,1.2411,4,0.1000,1.0000,2,6,6,0,0,6,6,0.0000
4,152.0000,10,31,551.5859,-85.3944,0.3005,6,0.1500,1.0000,8,8,8,0,0,8,8,0.0000
4,152.0000,10,32,573.0923,-86.7655,0.1222,6,0.1500,0.8571,7,8,8,0,0,8,8,0.0000
4,152.0000,10,33,1014.5555,-88.6446,-0.3622,3,0.0750,1.0000,8,6,6,0,0,6,6,0.0000
4,152.0000,10,34,828.1992,-86.8889,-0.6439,8,0.2000,1.0000,4,8,8,0,0,8,8,0.0000
4,152.0000,10,36,175.6706,-67.1671,-3.4579,34,0.8500,0.2000,5,7,4,0,0,7,4,0.4286
4,152.0000,10,38,589.4377,-85.3727,-0.4089,6,0.1500,0.8571,7,8,8,0,0,8,8,0.0000
4,152.0000,10,40,416.8284,-84.1359,0.2933,8,0.2000,1.0000,8,7,6,0,0,7,6,0.1429
4,152.0000,10,41,686.5201,-86.6041,-1.3680,4,0.1000,0.8750,8,8,8,0,0,8,8,0.0000
4,152.0000,10,43,375.4815,-78.5097,-1.0921,21,0.5250,0.5000,6,8,8,0,0,8,8,0.0000
4,152.0000,10,45,303.5569,-80.3300,0.9268,11,0.2750,1.0000,8,7,4,0,0,7,4,0.4286
4,152.0000,10,47,393.3148,-82.9857,0.4708,8,0.2000,0.7143,7,5,2,0,0,5,2,0.6000
4,152.0000,11,2,371.3538,-80.7870,-0.4653,34,0.8500,0.7500,8,6,2,0,0,6,2,0.6667
4,152.0000,11,4,542.1247,-84.6279,-0.3071,16,0.4000,0.5000,6,7,5,0,0,7,5,0.2857
4,152.0000,11,6,748.2686,-85.8217,-2.0893,3,0.0750,1.0000,8,8,7,0,0,8,7,0.1250
4,152.0000,11,8,798.6572,-88.0045,0.7186,3,0.0750,1.0000,8,8,8,0,0,8,8,0.0000
4,152.0000,11,9,820.5009,-86.2217,-0.9892,4,0.1000,1.0000,8,8,8,0,0,8,8,0.0000
4,152.0000,11,14,404.7524,-82.3805,-0.3558,13,0.3250,0.5000,6,8,6,0,0,8,6,0.2500
4,152.0000,11,15,119.7155,-70.6926,0.2421,39,0.9750,0.2000,5,5,0,0,0,5,0,1.0000
4,152.0000,11,17,323.2414,-79.6370,0.1866,28,0.7000,0.4000,5,8,6,0,0,8,6,0.2500
4,152.0000,11,20,797.6437,-86.5892,-1.7973,3,0.0750,1.0000,8,6,6,0,0,6,6,0.0000
4,152.0000,11,24,541.7584,-84.9054,-0.2025,7,0.1750,0.8750,8,8,8,0,0,8,8,0.0000
4,152.0000,11,28,567.3022,-83.4206,-0.2892,10,0.2500,0.8750,8,8,8,0,0,8,8,0.0000
4,152.0000,11,30,517.4297,-83.9226,-0.0403,15,0.3750,0.6667,6,8,8,0,0,8,8,0.0000
4,152.0000,11,33,636.0104,-84.9457,0.4271,6,0.1500,1.0000,8,8,8,0,0,8,8,0.0000
4,152.0000,11,35,525.9573,-82.2478,-0.9008,29,0.7250,0.7143,7,8,7,0,0,8,7,0.1250
4,152.0000,11,39,734.0883,-85.5327,1.2900,3,0.0750,1.0000,8,8,8,0,0,8,8,0.0000
4,152.0000,11,42,551.6152,-83.3975,-0.3828,14,0.3500,0.7143,7,5,4,0,0,5,4,0.2000
4,152.0000,11,44,636.2334,-84.2606,0.0837,5,0.1250,1.0000,8,8,8,0,0,8,8,0.0000
4,152.0000,11,46,148.2610,-75.0982,1.0275,39,0.9750,0.2000,5,4,0,0,0,4,0,1.0000
4,152.0000,12,0,452.9927,-80.3671,-1.3158,28,0.7000,0.6667,6,6,6,0,0,6,6,0.0000
4,152.0000,12,5,155.7574,-75.9404,1.1087,35,0.8750,0.2000,5,4,0,0,0,4,0,1.0000
4,152.0000,12,26,261.7907,-76.1324,-1.5802,30,0.7500,0.2000,5,5,1,0,0,5,1,0.8000
4,152.0000,12,27,798.7837,-86.8331,-1.1956,3,0.0750,1.0000,6,8,8,0,0,8,8,0.0000
4,152.0000,12,29,456.9484,-81.5713,-0.8407,24,0.6000,0.7143,7,8,8,0,0,8,8,0.0000
4,152.0000,12,34,321.8917,-78.8912,-0.9068,34,0.8500,0.5000,6,8,7,0,0,8,7,0.1250
4,152.0000,12,41,976.9407,-88.6137,-0.5452,3,0.0750,1.0000,4,6,6,0,0,6,6,0.0000
4,152.0000,12,43,662.8235,-84.7280,-0.1324,4,0.1000,0.9000,10,8,8,0,0,8,8,0.0000
4,152.0000,13,1,658.6416,-85.4333,0.8126,4,0.1000,0.8571,7,8,6,0,0,8,6,0.2500
4,152.0000,13,3,510.5277,-83.4420,0.1264,15,0.3750,0.5714,7,8,8,0,0,8,8,0.0000
4,152.0000,13,6,266.1044,-74.9426,-1.8308,29,0.7250,0.0000,4,5,2,0,0,5,2,0.6000
4,152.0000,13,7,555.0384,-85.2426,1.0971,11,0.2750,0.8571,7,7,6,0,0,7,6,0.1429
4,152.0000,13,8,359.7692,-80.7648,-0.5374,21,0.5250,0.6667,6,7,6,0,0,7,6,0.1429
4,152.0000,13,9,430.6800,-83.7567,0.1907,17,0.4250,1.0000,8,8,7,0,0,8,7,0.1250
4,152.0000,13,10,760.4510,-86.8688,0.1598,6,0.1500,0.7500,4,8,8,0,0,8,8,0.0000
4,152.0000,13,11,846.5331,-86.9949,-0.0997,10,0.2500,0.8000,5,2,2,0,0,2,2,0.0000
4,152.0000,13,14,503.8522,-83.5310,-0.6206,18,0.4500,0.6667,6,8,8,0,0,8,8,0.0000
4,152.0000,13,15,935.3068,-88.2184,2.2280,4,0.1000,1.0000,8,4,4,0,0,4,4,0.0000
4,152.0000,13,16,737.6964,-87.1970,-0.9020,3,0.0750,1.0000,10,8,8,0,0,8,8,0.0000
4,152.0000,13,17,829.9000,-87.3931,-0.0203,6,0.1500,1.0000,6,4,4,0,0,4,4,0.0000
4,152.0000,13,18,470.9657,-83.0381,-0.6452,14,0.3500,0.6667,6,7,6,0,0,7,6,0.1429
4,152.0000,13,19,444.5378,-82.4554,-0.2872,15,0.3750,0.7500,8,7,5,0,0,7,5,0.2857
4,152.0000,13,20,359.5738,-79.4099,-0.8051,28,0.7000,0.2000,5,8,8,0,0,8,8,0.0000
4,152.0000,13,21,680.1421,-85.5238,0.3129,9,0.2250,0.8571,7,6,6,0,0,6,6,0.0000
4,152.0000,13,22,476.9957,-83.1745,-0.2830,12,0.3000,1.0000,8,7,5,0,0,7,5,0.2857
4,152.0000,13,23,597.5124,-85.1267,-0.0561,9,0.2250,1.0000,8,7,4,0,0,7,4,0.4286
4,152.0000,13,24,412.5958,-81.5061,1.4377,17,0.4250,0.8571,7,6,3,0,0,6,3,0.5000
4,152.0000,13,25,497.1969,-82.1744,-0.5487,17,0.4250,0.7143,7,7,6,0,0,7,6,0.1429
4,152.0000,13,27,742.5199,-86.6887,-0.9681,8,0.2000,0.6667,6,6,6,0,0,6,6,0.0000
4,152.0000,13,28,635.6869,-87.1356,0.2772,7,0.1750,0.8571,7,6,6,0,0,6,6,0.0000
4,152.0000,13,30,761.6488,-86.9092,0.9422,7,0.1750,0.7500,4,6,4,0,0,6,4,0.3333
4,152.0000,13,31,248.3555,-78.1039,0.1763,24,0.6000,0.6667,6,5,1,0,0,5,1,0.8000
4,152.0000,13,32,248.5275,-78.6745,0.8275,23,0.5750,0.0000,4,5,1,0,0,5,1,0.8000
4,152.0000,13,33,299.1712,-77.3986,-0.6493,28,0.7000,0.8000,10,8,8,2,2,10,10,0.0000
4,152.0000,13,36,798.6405,-87.7586,-0.1190,4,0.1000,1.0000,8,8,8,0,0,8,8,0.0000
4,152.0000,13,37,477.1274,-82.1161,-0.4563,16,0.4000,0.8571,7,7,5,0,0,7,5,0.2857
4,152.0000,13,38,195.4385,-77.2528,1.3315,25,0.6250,0.6667,9,4,0,4,0,8,0,1.0000
4,152.0000,13,39,407.2841,-82.1218,-0.1167,19,0.4750,0.7143,7,7,5,0,0,7,5,0.2857
4,152.0000,13,40,466.1743,-82.1355,0.2159,12,0.3000,0.7143,7,8,8,0,0,8,8,0.0000
4,152.0000,13,41,611.1584,-84.3876,-1.0382,7,0.1750,0.8571,7,7,6,0,0,7,6,0.1429
4,152.0000,13,42,725.9959,-85.2888,-0.1481,14,0.3500,0.8750,8,6,6,0,0,6,6,0.0000
4,152.0000,13,43,780.7315,-87.7862,0.0456,5,0.1250,0.8571,7,8,7,0,0,8,7,0.1250
4,152.0000,13,44,458.5116,-83.2198,-0.1733,14,0.3500,1.0000,8,6,5,0,0,6,5,0.1667
4,152.0000,13,45,627.9516,-84.3871,-0.1216,9,0.2250,1.0000,8,8,7,0,0,8,7,0.1250
4,152.0000,13,47,403.7299,-83.6472,1.1133,13,0.3250,1.0000,8,6,4,0,0,6,4,0.3333
4,152.0000,14,2,638.5157,-85.8749,0.4473,14,0.3500,1.0000,6,8,7,0,0,8,7,0.1250
4,152.0000,14,3,929.2245,-89.2178,-0.8317,3,0.0750,1.0000,6,4,4,0,0,4,4,0.0000
4,152.0000,14,4,613.7156,-85.0980,0.6560,20,0.5000,0.8750,8,7,5,0,0,7,5,0.2857
4,152.0000,14,6,497.5631,-81.8072,-0.8752,10,0.2500,1.0000,8,8,8,0,0,8,8,0.0000
4,152.0000,14,8,507.4805,-82.3832,-0.2585,8,0.2000,1.0000,8,7,6,0,0,7,6,0.1429
4,152.0000,14,9,483.3929,-82.7134,0.3128,10,0.2500,1.0000,8,8,8,0,0,8,8,0.0000
4,152.0000,14,11,404.7524,-82.2985,0.3432,22,0.5500,0.6667,6,5,2,0,0,5,2,0.6000
4,152.0000,14,13,503.8522,-82.1337,-0.2617,6,0.1500,0.8750,8,8,8,0,0,8,8,0.0000
4,152.0000,14,15,462.6576,-82.2785,0.4775,24,0.6000,0.8750,8,7,6,0,0,7,6,0.1429
4,152.0000,14,17,497.2614,-83.7912,-0.2539,17,0.4250,1.0000,8,8,8,0,0,8,8,0.0000
4,152.0000,14,18,678.0323,-85.3838,0.4742,4,0.1000,0.7143,7,8,8,0,0,8,8,0.0000
4,152.0000,14,20,612.8778,-84.3520,-2.7748,8,0.2000,1.0000,8,6,6,0,0,6,6,0.0000
4,152.0000,14,21,1021.2739,-88.5318,0.9713,4,0.1000,1.0000,6,2,2,0,0,2,2,0.0000
4,152.0000,14,24,157.3600,-74.4726,1.2981,31,0.7750,0.5714,7,4,0,0,0,4,0,1.0000
4,152.0000,14,25,973.9124,-86.9377,-3.7494,3,0.0750,1.0000,8,6,6,0,0,6,6,0.0000
4,152.0000,14,28,295.2179,-80.0801,0.4687,30,0.7500,0.8750,8,4,0,0,0,4,0,1.0000
4,152.0000,14,30,388.8219,-82.6480,0.2018,23,0.5750,0.6667,6,7,4,0,0,7,4,0.4286
4,152.0000,14,31,629.2942,-85.2602,-0.5891,4,0.1000,1.0000,8,8,8,0,0,8,8,0.0000
4,152.0000,14,32,615.7694,-83.6647,-0.5519,4,0.1000,1.0000,8,8,8,0,0,8,8,0.0000
4,152.0000,14,33,404.4069,-80.8474,-0.0435,10,0.2500,0.8571,7,8,8,2,2,10,10,0.0000
4,152.0000,14,35,830.4508,-86.5873,0.0859,9,0.2250,1.0000,8,6,6,0,0,6,6,0.0000
4,152.0000,14,37,888.3342,-87.8019,-1.0712,4,0.1000,1.0000,6,6,6,0,0,6,6,0.0000
4,152.0000,14,38,687.9922,-86.0742,2.2696,4,0.1000,1.0000,8,8,8,0,0,8,8,0.0000
4,152.0000,14,39,579.4387,-84.4372,0.6872,8,0.2000,0.6667,6,7,6,0,0,7,6,0.1429
4,152.0000,14,40,869.2607,-87.5552,-0.8379,4,0.1000,1.0000,8,8,8,0,0,8,8,0.0000
4,152.0000,14,42,635.9848,-84.1267,-0.2529,12,0.3000,1.0000,8,7,6,0,0,7,6,0.1429
4,152.0000,14,44,299.2786,-78.9261,0.0812,25,0.6250,0.2000,5,7,6,0,0,7,6,0.1429
4,152.0000,14,46,529.1872,-84.4222,0.6933,21,0.5250,0.8571,7,6,4,0,0,6,4,0.3333
4,152.0000,15,2,322.0875,-79.7629,-0.1688,31,0.7750,0.7143,7,7,5,0,0,7,5,0.2857
4,152.0000,15,4,495.8470,-83.2334,-0.2592,16,0.4000,1.0000,8,5,2,0,0,5,2,0.6000
4,152.0000,15,11,119.7155,-70.1372,-0.0558,33,0.8250,0.0000,4,5,1,0,0,5,1,0.8000
4,152.0000,15,14,462.6576,-82.6887,0.1585,11,0.2750,1.0000,8,8,8,0,0,8,8,0.0000
4,152.0000,15,17,374.0581,-80.6861,0.4283,24,0.6000,0.7143,7,7,3,0,0,7,3,0.5714
4,152.0000,15,24,596.7363,-84.9303,5.0478,3,0.0750,1.0000,8,8,8,0,0,8,8,0.0000
4,152.0000,15,28,575.5253,-83.1934,-0.4606,11,0.2750,1.0000,8,8,8,0,0,8,8,0.0000
4,152.0000,15,30,508.3520,-82.7059,-0.0947,15,0.3750,0.7143,7,6,6,0,0,6,6,0.0000
4,152.0000,15,35,589.0237,-83.7949,-0.5147,20,0.5000,0.8571,7,7,6,0,0,7,6,0.1429
4,152.0000,15,42,665.2288,-84.6756,0.4636,9,0.2250,1.0000,8,8,8,0,0,8,8,0.0000
4,152.0000,15,44,679.3450,-84.4805,-0.3035,5,0.1250,0.8750,8,8,8,0,0,8,8,0.0000
4,152.0000,15,46,84.0637,-72.7470,2.3680,37,0.9250,0.0000,4,6,2,0,0,6,2,0.6667
4,152.0000,16,1,293.3518,-78.0131,-0.1245,25,0.6250,0.6667,6,8,5,0,0,8,5,0.3750
4,152.0000,16,3,936.5842,-87.9959,-1.0461,4,0.1000,1.0000,8,4,4,0,0,4,4,0.0000
4,152.0000,16,5,843.2428,-87.0944,-0.7562,6,0.1500,1.0000,6,3,2,0,0,3,2,0.3333
4,152.0000,16,7,278.7124,-79.3961,-0.2530,21,0.5250,0.3333,6,6,2,0,0,6,2,0.6667
4,152.0000,16,8,812.1804,-87.6361,0.2028,6,0.1500,0.6667,3,4,4,0,0,4,4,0.0000
4,152.0000,16,9,772.3227,-87.7248,1.1617,5,0.1250,1.0000,8,8,8,0,0,8,8,0.0000
4,152.0000,16,10,61.5546,-65.3272,0.8024,37,0.9250,0.3333,6,5,2,0,0,5,2,0.6000
4,152.0000,16,12,832.9942,-87.7570,0.3632,5,0.1250,0.8571,7,4,4,0,0,4,4,0.0000
4,152.0000,16,13,737.6964,-86.5827,-2.5936,5,0.1250,1.0000,6,8,6,0,0,8,6,0.2500
4,152.0000,16,18,515.4321,-85.8043,1.4908,8,0.2000,0.8571,7,6,4,0,0,6,4,0.3333
4,152.0000,16,19,577.5880,-84.8161,1.0323,7,0.1750,0.8889,9,6,5,0,0,6,5,0.1667
4,152.0000,16,21,327.4889,-80.9474,0.0591,15,0.3750,1.0000,8,8,6,0,0,8,6,0.2500
4,152.0000,16,22,598.4388,-87.0004,1.6266,4,0.1000,1.0000,8,8,8,0,0,8,8,0.0000
4,152.0000,16,23,782.6197,-88.4383,0.6935,4,0.1000,0.8000,5,5,4,0,0,5,4,0.2000
4,152.0000,16,25,781.4000,-87.4379,-0.7837,4,0.1000,1.0000,8,7,5,0,0,7,5,0.2857
4,152.0000,16,26,588.7561,-84.4308,0.0241,14,0.3500,1.0000,8,8,8,0,0,8,8,0.0000
4,152.0000,16,27,643.2045,-87.6696,-0.2485,5,0.1250,1.0000,8,8,8,0,0,8,8,0.0000
4,152.0000,16,29,890.9653,-87.2058,0.3017,6,0.1500,,0,4,4,0,0,4,4,0.0000
4,152.0000,16,31,518.4202,-84.8205,-0.4135,5,0.1250,1.0000,8,6,4,0,0,6,4,0.3333
4,152.0000,16,32,537.3229,-84.1830,0.6440,8,0.2000,0.9934,152,7,6,2,2,9,8,0.1111
4,152.0000,16,34,885.9917,-87.1618,-0.5735,5,0.1250,1.0000,4,6,6,0,0,6,6,0.0000
4,152.0000,16,36,232.5735,-73.7439,-1.1022,33,0.8250,0.0000,4,7,6,0,0,7,6,0.1429
4,152.0000,16,37,938.5664,-88.9185,-1.4173,4,0.1000,1.0000,6,4,4,0,0,4,4,0.0000
4,152.0000,16,38,572.0931,-86.6346,-1.2205,4,0.1000,1.0000,8,8,7,0,0,8,7,0.1250
4,152.0000,16,40,379.7719,-83.6054,-0.1585,8,0.2000,0.8571,7,6,4,0,0,6,4,0.3333
4,152.0000,16,41,703.9868,-86.4860,0.3030,6,0.1500,0.8571,7,8,8,0,0,8,8,0.0000
4,152.0000,16,43,402.9603,-80.4387,0.3971,18,0.4500,0.7143,7,8,7,0,0,8,7,0.1250
4,152.0000,16,45,275.4723,-78.7343,1.0229,18,0.4500,0.5000,6,6,2,0,0,6,2,0.6667
4,152.0000,16,47,389.8514,-81.5582,0.3853,11,0.2750,0.8571,7,8,7,0,0,8,7,0.1250
4,152.0000,17,2,295.5249,-78.7565,-0.8754,32,0.8000,0.0000,4,6,3,0,0,6,3,0.5000
4,152.0000,17,4,427.3321,-82.6705,0.0887,22,0.5500,0.6667,6,6,4,0,0,6,4,0.3333
4,152.0000,17,8,661.5626,-84.2480,-0.6953,6,0.1500,1.0000,8,8,8,0,0,8,8,0.0000
4,152.0000,17,11,323.2414,-80.3036,0.0399,28,0.7000,0.7143,7,6,4,0,0,6,4,0.3333
4,152.0000,17,14,497.2614,-83.1116,-0.0187,6,0.1500,0.8571,7,7,6,0,0,7,6,0.1429
4,152.0000,17,15,374.0581,-80.8359,0.4171,28,0.7000,0.8571,7,7,6,0,0,7,6,0.1429
4,152.0000,17,24,560.4515,-83.5438,0.7546,3,0.0750,1.0000,8,8,8,0,0,8,8,0.0000
4,152.0000,17,28,571.7105,-84.0944,-0.5562,10,0.2500,0.8750,8,7,6,0,0,7,6,0.1429
4,152.0000,17,30,459.3904,-82.9514,-0.3226,15,0.3750,0.5000,6,7,5,0,0,7,5,0.2857
4,152.0000,17,33,560.6643,-85.2621,0.3261,3,0.0750,1.0000,8,8,8,0,0,8,8,0.0000
4,152.0000,17,35,678.7366,-84.0595,-0.3403,17,0.4250,1.0000,8,8,8,0,0,8,8,0.0000
4,152.0000,17,39,731.6608,-84.4027,-0.3561,4,0.1000,1.0000,8,8,8,0,0,8,8,0.0000
4,152.0000,17,42,473.7268,-82.3278,0.2966,16,0.4000,1.0000,8,8,8,0,0,8,8,0.0000
4,152.0000,17,44,586.2396,-85.3467,-0.3865,5,0.1250,0.8750,8,8,8,0,0,8,8,0.0000
4,152.0000,17,46,354.1744,-81.2262,-0.3259,28,0.7000,0.2000,5,4,0,0,0,4,0,1.0000
4,152.0000,18,1,626.2604,-85.4461,-0.8758,6,0.1500,1.0000,8,7,6,0,0,7,6,0.1429
4,152.0000,18,3,919.9244,-87.7618,-0.7751,5,0.1250,1.0000,8,8,8,0,0,8,8,0.0000
4,152.0000,18,6,708.1807,-85.1711,-0.8183,8,0.2000,1.0000,8,6,6,0,0,6,6,0.0000
4,152.0000,18,7,333.2248,-81.2492,0.2812,13,0.3250,0.8750,8,8,7,0,0,8,7,0.1250
4,152.0000,18,8,536.8754,-84.9717,0.1157,7,0.1750,1.0000,8,8,8,0,0,8,8,0.0000
4,152.0000,18,9,406.7177,-80.8430,-0.5435,17,0.4250,0.8571,7,6,6,0,0,6,6,0.0000
4,152.0000,18,10,557.0914,-85.4174,0.5940,7,0.1750,0.8750,8,8,8,0,0,8,8,0.0000
4,152.0000,18,13,470.9657,-83.3476,-0.3654,9,0.2250,0.8750,8,7,6,0,0,7,6,0.1429
4,152.0000,18,14,678.0323,-86.2470,-0.1467,8,0.2000,0.8571,7,4,4,0,0,4,4,0.0000
4,152.0000,18,16,515.4321,-85.0073,0.5927,7,0.1750,0.7143,7,7,5,0,0,7,5,0.2857
4,152.0000,18,19,663.1275,-87.1199,0.5916,5,0.1250,0.8571,7,8,8,0,0,8,8,0.0000
4,152.0000,18,20,821.8807,-87.2503,-1.5007,4,0.1000,1.0000,8,4,4,0,0,4,4,0.0000
4,152.0000,18,21,505.1682,-83.8821,0.5225,10,0.2500,1.0000,8,8,8,0,0,8,8,0.0000
4,152.0000,18,22,666.5826,-87.2921,-0.1085,6,0.1500,1.0000,8,7,6,0,0,7,6,0.1429
4,152.0000,18,24,540.5754,-81.7760,0.4028,11,0.2750,1.0000,8,8,7,0,0,8,7,0.1250
4,152.0000,18,25,829.9587,-87.0162,-0.2839,4,0.1000,1.0000,8,8,8,0,0,8,8,0.0000
4,152.0000,18,27,914.0747,-87.0661,2.2389,3,0.0750,1.0000,6,8,8,0,0,8,8,0.0000
4,152.0000,18,28,618.4640,-84.9996,-0.3490,10,0.2500,0.8571,7,8,8,0,0,8,8,0.0000
4,152.0000,18,30,784.5889,-86.5249,-2.2101,7,0.1750,1.0000,8,4,4,0,0,4,4,0.0000
4,152.0000,18,31,273.5243,-78.6294,-0.7283,16,0.4000,0.5000,6,5,1,0,0,5,1,0.8000
4,152.0000,18,32,290.1335,-77.2899,-0.8027,21,0.5250,0.7500,8,7,5,0,0,7,5,0.2857
4,152.0000,18,33,688.0761,-86.2724,-1.1976,7,0.1750,1.0000,8,8,8,0,0,8,8,0.0000
4,152.0000,18,36,681.8945,-86.9678,1.6718,4,0.1000,1.0000,8,8,8,0,0,8,8,0.0000
4,152.0000,18,38,449.7598,-82.6514,0.7456,10,0.2500,0.8750,8,8,8,0,0,8,8,0.0000
4,152.0000,18,39,871.5749,-86.7125,-1.4540,6,0.1500,1.0000,4,8,8,0,0,8,8,0.0000
4,152.0000,18,40,443.2293,-81.8313,1.4861,9,0.2250,0.8750,8,7,6,0,0,7,6,0.1429
4,152.0000,18,41,866.6115,-87.3707,-1.2753,4,0.1000,1.0000,4,8,8,0,0,8,8,0.0000
4,152.0000,18,42,1136.7067,-89.0161,0.2751,3,0.0750,1.0000,6,6,6,0,0,6,6,0.0000
4,152.0000,18,43,796.9285,-86.8196,0.6844,3,0.0750,1.0000,8,4,4,0,0,4,4,0.0000
4,152.0000,18,44,498.2919,-84.4539,-0.6901,10,0.2500,1.0000,8,7,6,0,0,7,6,0.1429
4,152.0000,18,45,555.1029,-85.5065,-1.0863,6,0.1500,1.0000,8,8,8,0,0,8,8,0.0000
4,152.0000,18,47,461.3177,-83.6721,0.3125,8,0.2000,1.0000,8,7,6,0,0,7,6,0.1429
4,152.0000,19,1,341.1123,-80.1270,-0.5122,17,0.4250,0.8571,7,8,8,0,0,8,8,0.0000
4,152.0000,19,3,386.7148,-80.6766,-0.0779,16,0.4000,0.8750,8,8,8,0,0,8,8,0.0000
4,152.0000,19,6,565.0788,-83.0440,-0.4341,9,0.2250,0.8571,7,6,6,0,0,6,6,0.0000
4,152.0000,19,7,483.0699,-83.3839,0.2256,10,0.2500,0.5000,6,7,6,0,0,7,6,0.1429
4,152.0000,19,8,689.3439,-86.0476,-2.3345,4,0.1000,0.7500,8,6,6,0,0,6,6,0.0000
4,152.0000,19,9,773.6274,-86.4089,0.4206,5,0.1250,1.0000,8,7,6,0,0,7,6,0.1429
4,152.0000,19,10,565.6789,-84.1885,-1.0128,10,0.2500,0.7500,8,8,7,0,0,8,7,0.1250
4,152.0000,19,13,444.5378,-81.9765,0.2147,8,0.2000,0.7500,8,8,8,0,0,8,8,0.0000
4,152.0000,19,16,577.5880,-84.6776,-0.3941,10,0.2500,0.8571,7,6,3,0,0,6,3,0.5000
4,152.0000,19,18,663.1275,-84.6556,3.8833,4,0.1000,0.7500,8,8,8,0,0,8,8,0.0000
4,152.0000,19,20,583.3217,-85.0249,1.1846,4,0.1000,1.0000,8,7,6,0,0,7,6,0.1429
4,152.0000,19,21,650.1826,-84.8297,0.2866,7,0.1750,1.0000,8,8,8,0,0,8,8,0.0000
4,152.0000,19,22,404.5020,-81.0337,0.3828,9,0.2250,0.7143,7,6,4,0,0,6,4,0.3333
4,152.0000,19,23,367.4663,-81.1033,0.2410,18,0.4500,0.6667,9,7,6,0,0,7,6,0.1429
4,152.0000,19,25,212.0053,-78.0190,0.2563,28,0.7000,0.2000,5,5,1,0,0,5,1,0.8000
4,152.0000,19,26,859.4013,-88.1840,-0.9850,4,0.1000,0.7500,8,4,4,0,0,4,4,0.0000
4,152.0000,19,27,321.7030,-79.2814,-0.1775,26,0.6500,0.7500,8,7,4,5,3,12,7,0.4167
4,152.0000,19,31,447.0263,-81.6211,-1.5461,15,0.3750,0.7143,7,7,6,0,0,7,6,0.1429
4,152.0000,19,32,467.9577,-82.8709,1.0607,8,0.2000,0.8571,7,7,5,0,0,7,5,0.2857
4,152.0000,19,33,678.3443,-86.6894,0.2088,5,0.1250,0.7143,7,8,8,0,0,8,8,0.0000
4,152.0000,19,34,891.3902,-87.7091,-0.8925,5,0.1250,,0,6,6,0,0,6,6,0.0000
4,152.0000,19,36,504.5844,-83.2691,-0.1600,12,0.3000,0.8571,7,8,6,0,0,8,6,0.2500
4,152.0000,19,37,372.2452,-80.7948,-0.0248,16,0.4000,0.5000,6,8,6,0,0,8,6,0.2500
4,152.0000,19,38,286.6014,-74.8064,-1.0097,25,0.6250,0.2000,5,6,4,0,0,6,4,0.3333
4,152.0000,19,39,654.8850,-87.1156,0.7529,5,0.1250,1.0000,4,8,8,0,0,8,8,0.0000
4,152.0000,19,40,445.5828,-80.9476,-0.1883,11,0.2750,0.7500,8,7,6,0,0,7,6,0.1429
4,152.0000,19,41,227.3963,-78.3504,0.2638,29,0.7250,0.8571,7,5,2,0,0,5,2,0.6000
4,152.0000,19,43,434.4948,-83.4477,0.6210,15,0.3750,0.8571,7,7,6,0,0,7,6,0.1429
4,152.0000,19,44,871.8794,-87.7126,0.2782,3,0.0750,1.0000,2,8,8,0,0,8,8,0.0000
4,152.0000,19,45,483.9486,-82.0316,-0.0678,11,0.2750,0.8750,8,7,6,0,0,7,6,0.1429
4,152.0000,19,47,226.0394,-74.5546,-0.7155,21,0.5250,0.2000,5,6,3,0,0,6,3,0.5000
4,152.0000,20,1,884.4309,-87.8824,0.5603,4,0.1000,1.0000,8,4,4,0,0,4,4,0.0000
4,152.0000,20,3,365.3588,-81.2096,0.6217,20,0.5000,0.7143,7,4,0,0,0,4,0,1.0000
4,152.0000,20,4,1049.9597,-87.3273,-0.8662,3,0.0750,0.8000,5,2,2,0,0,2,2,0.0000
4,152.0000,20,6,262.0698,-77.4181,0.2801,21,0.5250,0.7143,7,6,4,0,0,6,4,0.3333
4,152.0000,20,7,880.0584,-87.5375,0.3673,3,0.0750,1.0000,4,6,6,0,0,6,6,0.0000
4,152.0000,20,8,482.4219,-80.9743,-1.0852,13,0.3250,0.8750,8,8,5,0,0,8,5,0.3750
4,152.0000,20,9,652.8637,-86.2231,-0.3276,7,0.1750,0.8750,8,8,8,0,0,8,8,0.0000
4,152.0000,20,11,797.6437,-87.1278,0.3752,5,0.1250,0.8571,7,8,8,0,0,8,8,0.0000
4,152.0000,20,13,359.5738,-77.9271,-0.7708,13,0.3250,0.5000,6,8,7,0,0,8,7,0.1250
4,152.0000,20,14,612.8778,-84.4307,-0.8042,9,0.2250,1.0000,8,8,8,0,0,8,8,0.0000
4,152.0000,20,17,735.2092,-86.3895,-0.8247,10,0.2500,1.0000,6,4,4,0,0,4,4,0.0000
4,152.0000,20,18,821.8807,-85.8541,-1.1983,6,0.1500,1.0000,8,8,8,0,0,8,8,0.0000
4,152.0000,20,19,583.3217,-84.9064,-0.5019,7,0.1750,1.0000,8,6,5,0,0,6,5,0.1667
4,152.0000,20,22,552.6302,-86.2824,-0.3431,8,0.2000,1.0000,8,6,4,0,0,6,4,0.3333
4,152.0000,20,23,540.7431,-85.5479,1.1026,7,0.1750,0.8571,7,8,8,0,0,8,8,0.0000
4,152.0000,20,24,586.3072,-84.3649,-0.0032,9,0.2250,1.0000,8,8,7,0,0,8,7,0.1250
4,152.0000,20,25,492.0537,-84.1329,0.5466,10,0.2500,0.8750,8,8,7,0,0,8,7,0.1250
4,152.0000,20,27,806.8059,-86.3587,-0.3272,3,0.0750,1.0000,8,8,8,0,0,8,8,0.0000
4,152.0000,20,28,810.8049,-86.8832,0.0943,6,0.1500,0.8571,7,2,2,0,0,2,2,0.0000
4,152.0000,20,30,871.1879,-88.2511,-0.4656,6,0.1500,1.0000,2,2,2,0,0,2,2,0.0000
4,152.0000,20,31,576.6790,-86.6073,-0.2469,5,0.1250,0.8750,8,7,6,0,0,7,6,0.1429
4,152.0000,20,32,563.2510,-85.1670,-0.7871,7,0.1750,0.8571,7,8,8,0,0,8,8,0.0000
4,152.0000,20,33,245.9667,-76.4691,-0.1885,21,0.5250,0.2857,7,5,4,0,0,5,4,0.2000
4,152.0000,20,37,379.8162,-81.4554,0.4674,11,0.2750,0.7500,8,7,4,0,0,7,4,0.4286
4,152.0000,20,38,457.5032,-83.0089,0.9659,7,0.1750,1.0000,8,8,8,0,0,8,8,0.0000
4,152.0000,20,39,156.4674,-74.3179,0.5883,33,0.8250,0.2626,99,5,1,78,7,83,8,0.9036
4,152.0000,20,40,694.8783,-86.7434,-0.0865,4,0.1000,1.0000,8,8,8,0,0,8,8,0.0000
4,152.0000,20,41,634.6925,-83.9949,0.9900,5,0.1250,1.0000,8,6,4,0,0,6,4,0.3333
4,152.0000,20,42,451.1725,-81.8153,-0.2962,20,0.5000,0.8571,7,8,8,0,0,8,8,0.0000
4,152.0000,20,44,648.0417,-86.2906,0.6244,6,0.1500,0.7500,4,8,7,0,0,8,7,0.1250
4,152.0000,20,45,842.3450,-88.2611,-0.1967,5,0.1250,1.0000,8,6,6,0,0,6,6,0.0000
4,152.0000,20,46,934.0524,-88.4170,-0.2644,4,0.1000,,0,4,4,0,0,4,4,0.0000
4,152.0000,20,47,657.3904,-86.5171,-0.1942,6,0.1500,1.0000,8,6,6,0,0,6,6,0.0000
4,152.0000,21,1,500.6420,-83.4842,0.1743,8,0.2000,1.0000,6,10,9,0,0,10,9,0.1000
4,152.0000,21,6,939.5676,-88.1118,-1.1655,5,0.1250,1.0000,8,4,4,0,0,4,4,0.0000
4,152.0000,21,7,466.3132,-82.9115,-0.0103,17,0.4250,1.0000,8,7,6,0,0,7,6,0.1429
4,152.0000,21,8,605.4154,-85.3806,-0.7586,6,0.1500,1.0000,4,2,2,0,0,2,2,0.0000
4,152.0000,21,9,577.7370,-85.2304,0.0803,10,0.2500,1.0000,8,7,6,0,0,7,6,0.1429
4,152.0000,21,10,380.3962,-82.0453,0.2401,13,0.3250,0.6667,6,8,8,0,0,8,8,0.0000
4,152.0000,21,12,1044.6951,-88.7778,0.0265,3,0.0750,1.0000,2,4,4,0,0,4,4,0.0000
4,152.0000,21,13,680.1421,-85.7624,-0.3812,5,0.1250,1.0000,8,8,8,0,0,8,8,0.0000
4,152.0000,21,16,327.4889,-81.2925,0.3630,22,0.5500,0.8571,7,6,3,0,0,6,3,0.5000
4,152.0000,21,18,505.1682,-84.2817,-0.0439,9,0.2250,1.0000,8,8,8,0,0,8,8,0.0000
4,152.0000,21,19,650.1826,-83.7780,0.3711,8,0.2000,0.7143,7,7,6,0,0,7,6,0.1429
4,152.0000,21,20,917.9963,-88.4246,-1.3580,4,0.1000,1.0000,4,8,8,0,0,8,8,0.0000
4,152.0000,21,22,452.0453,-80.6923,-2.1495,10,0.2500,1.0000,8,7,6,0,0,7,6,0.1429
4,152.0000,21,23,725.8683,-87.7699,-0.5057,3,0.0750,1.0000,4,8,8,0,0,8,8,0.0000
4,152.0000,21,24,867.4233,-87.7156,0.1315,3,0.0750,1.0000,2,7,6,0,0,7,6,0.1429
4,152.0000,21,25,813.5269,-87.6983,-0.4137,5,0.1250,1.0000,4,8,8,0,0,8,8,0.0000
4,152.0000,21,26,834.0019,-87.7307,1.1116,6,0.1500,,0,8,8,0,0,8,8,0.0000
4,152.0000,21,27,727.2651,-86.3514,-0.2434,7,0.1750,1.0000,8,7,6,0,0,7,6,0.1429
4,152.0000,21,28,943.3780,-87.5032,0.4399,3,0.0750,1.0000,8,2,2,0,0,2,2,0.0000
4,152.0000,21,31,458.6471,-83.1898,-0.0564,10,0.2500,1.0000,8,8,7,0,0,8,7,0.1250
4,152.0000,21,32,449.2222,-83.7121,-0.4960,8,0.2000,1.0000,8,7,6,0,0,7,6,0.1429
4,152.0000,21,33,844.9119,-87.6146,-1.1339,5,0.1250,1.0000,8,8,8,0,0,8,8,0.0000
4,152.0000,21,36,506.6733,-82.3116,-0.1208,14,0.3500,0.8571,7,6,4,0,0,6,4,0.3333
4,152.0000,21,38,542.5540,-86.6286,-0.2679,4,0.1000,0.8571,7,8,8,0,0,8,8,0.0000
4,152.0000,21,40,234.7633,-76.6779,0.4328,19,0.4750,0.4000,5,6,3,0,0,6,3,0.5000
4,152.0000,21,41,746.2617,-87.4837,0.5852,4,0.1000,1.0000,8,8,8,0,0,8,8,0.0000
4,152.0000,21,43,508.8488,-82.8675,-0.1061,13,0.3250,1.0000,8,6,4,0,0,6,4,0.3333
4,152.0000,21,44,772.0472,-87.9513,0.2627,6,0.1500,1.0000,4,8,8,0,0,8,8,0.0000
4,152.0000,21,45,198.6689,-75.8793,-0.2854,28,0.7000,0.2000,5,5,2,0,0,5,2,0.6000
4,152.0000,21,47,464.7981,-83.4473,-0.4883,12,0.3000,1.0000,8,8,8,0,0,8,8,0.0000
4,152.0000,22,1,515.4561,-83.6246,-0.9890,15,0.3750,1.0000,8,8,8,0,0,8,8,0.0000
4,152.0000,22,3,505.2731,-84.2461,-0.1720,12,0.3000,0.7500,8,7,6,0,0,7,6,0.1429
4,152.0000,22,6,662.2576,-87.3281,0.0122,7,0.1750,1.0000,8,8,8,0,0,8,8,0.0000
4,152.0000,22,7,612.8102,-84.5681,0.2467,11,0.2750,0.8571,7,8,8,0,0,8,8,0.0000
4,152.0000,22,8,466.5335,-83.7150,0.6016,6,0.1500,0.8750,8,8,6,0,0,8,6,0.2500
4,152.0000,22,9,593.6003,-86.7171,0.9271,8,0.2000,1.0000,8,8,8,0,0,8,8,0.0000
4,152.0000,22,10,618.5993,-86.2794,-0.3868,13,0.3250,0.8750,8,8,8,0,0,8,8,0.0000
4,152.0000,22,13,476.9957,-84.3200,0.4394,10,0.2500,0.6667,6,7,5,0,0,7,5,0.2857
4,152.0000,22,16,598.4388,-86.1727,-0.7198,10,0.2500,0.8571,7,7,6,0,0,7,6,0.1429
4,152.0000,22,18,666.5826,-86.2580,0.5562,10,0.2500,0.8750,8,8,8,0,0,8,8,0.0000
4,152.0000,22,19,404.5020,-82.3042,0.1892,14,0.3500,0.7500,8,8,7,0,0,8,7,0.1250
4,152.0000,22,20,552.6302,-85.2002,0.4207,9,0.2250,0.8750,8,8,6,0,0,8,6,0.2500
4,152.0000,22,21,452.0453,-81.3779,-0.8703,19,0.4750,0.5000,6,7,6,0,0,7,6,0.1429
4,152.0000,22,23,306.5535,-80.2939,0.8769,23,0.5750,0.5000,6,6,3,0,0,6,3,0.5000
4,152.0000,22,24,786.3282,-88.0136,-0.2268,5,0.1250,1.0000,8,8,8,0,0,8,8,0.0000
4,152.0000,22,25,461.0790,-83.6304,-0.5658,12,0.3000,0.8750,8,7,6,0,0,7,6,0.1429
4,152.0000,22,26,975.4288,-88.8071,-0.0295,3,0.0750,1.0000,8,6,6,0,0,6,6,0.0000
4,152.0000,22,27,488.3335,-82.2686,0.0868,15,0.3750,0.6667,6,7,6,0,0,7,6,0.1429
4,152.0000,22,29,1034.5562,-88.5781,0.1985,3,0.0750,1.0000,2,2,2,0,0,2,2,0.0000
4,152.0000,22,30,1029.8516,-87.5758,0.2358,4,0.1000,1.0000,2,6,6,0,0,6,6,0.0000
4,152.0000,22,31,424.6039,-81.8649,-0.5339,13,0.3250,0.8571,7,8,8,0,0,8,8,0.0000
4,152.0000,22,32,407.3393,-83.0755,1.1082,11,0.2750,0.8750,8,7,6,0,0,7,6,0.1429
4,152.0000,22,33,580.0212,-85.6322,0.6942,10,0.2500,1.0000,8,8,8,0,0,8,8,0.0000
4,152.0000,22,36,631.4151,-85.5062,-0.2833,9,0.2250,1.0000,8,7,6,0,0,7,6,0.1429
4,152.0000,22,37,579.4828,-84.0174,0.2259,8,0.2000,1.0000,6,8,8,0,0,8,8,0.0000
4,152.0000,22,38,342.3571,-79.6154,-0.5343,14,0.3500,0.5000,6,7,6,0,0,7,6,0.1429
4,152.0000,22,39,692.6040,-86.5138,0.3162,5,0.1250,1.0000,2,6,6,0,0,6,6,0.0000
4,152.0000,22,40,268.3841,-75.0851,-1.1262,26,0.6500,0.2000,5,8,8,0,0,8,8,0.0000
4,152.0000,22,41,419.4159,-82.3358,1.8274,14,0.3500,1.0000,8,7,5,0,0,7,5,0.2857
4,152.0000,22,42,945.6546,-88.3638,0.9047,3,0.0750,1.0000,4,4,4,0,0,4,4,0.0000
4,152.0000,22,43,473.5025,-83.3618,0.1720,19,0.4750,1.0000,8,8,8,0,0,8,8,0.0000
4,152.0000,22,44,743.1352,-87.4698,0.8902,6,0.1500,1.0000,2,8,8,0,0,8,8,0.0000
4,152.0000,22,45,347.0695,-77.2418,-1.0335,27,0.6750,0.4000,5,6,5,0,0,6,5,0.1667
4,152.0000,22,47,380.9175,-81.3183,-0.1196,15,0.3750,0.6667,6,8,7,0,0,8,7,0.1250
4,152.0000,23,0,1021.8649,-87.6899,-0.9405,4,0.1000,,0,4,4,0,0,4,4,0.0000
4,152.0000,23,1,586.5938,-86.0659,-1.4189,4,0.1000,0.7778,9,8,8,0,0,8,8,0.0000
4,152.0000,23,3,308.9454,-78.8910,-0.3878,23,0.5750,0.4000,5,7,6,0,0,7,6,0.1429
4,152.0000,23,6,679.1490,-86.1142,0.1234,3,0.0750,0.8571,7,8,8,0,0,8,8,0.0000
4,152.0000,23,7,778.2856,-86.7516,0.8918,4,0.1000,0.8750,8,8,8,0,0,8,8,0.0000
4,152.0000,23,8,695.8802,-87.9670,1.8984,3,0.0750,0.8000,5,6,6,0,0,6,6,0.0000
4,152.0000,23,10,780.5417,-86.5125,-3.8085,3,0.0750,1.0000,8,7,6,0,0,7,6,0.1429
4,152.0000,23,13,597.5124,-86.5234,1.5811,3,0.0750,0.9726,73,8,8,10,10,18,18,0.0000
4,152.0000,23,18,896.9915,-88.5019,-1.1485,3,0.0750,1.0000,6,6,6,0,0,6,6,0.0000
4,152.0000,23,19,367.4663,-81.5193,0.0413,10,0.2500,1.0000,8,7,6,0,0,7,6,0.1429
4,152.0000,23,20,540.7431,-86.4985,3.2161,4,0.1000,0.8571,7,8,7,0,0,8,7,0.1250
4,152.0000,23,21,725.8683,-87.0012,3.1518,5,0.1250,0.8750,8,8,8,0,0,8,8,0.0000
4,152.0000,23,22,306.5535,-80.4889,0.0402,12,0.3000,1.0000,8,5,1,0,0,5,1,0.8000
4,152.0000,23,25,288.3551,-79.2759,0.2500,21,0.5250,0.7143,7,4,0,123,92,127,92,0.2756
4,152.0000,23,27,345.6123,-79.6597,-0.2302,21,0.5250,0.5714,7,5,2,0,0,5,2,0.6000
4,152.0000,23,31,636.7343,-85.9861,6.9284,3,0.0750,1.0000,8,7,6,0,0,7,6,0.1429
4,152.0000,23,32,631.9655,-84.1969,-1.6258,4,0.1000,0.8571,7,8,8,0,0,8,8,0.0000
4,152.0000,23,36,723.2935,-86.3985,0.8329,4,0.1000,1.0000,8,7,5,0,0,7,5,0.2857
4,152.0000,23,37,419.5316,-82.3770,0.6659,14,0.3500,0.6667,6,7,6,0,0,7,6,0.1429
4,152.0000,23,38,477.1017,-82.3616,-1.7334,6,0.1500,1.0000,8,8,8,0,0,8,8,0.0000
4,152.0000,23,39,663.8662,-87.1245,-1.4459,4,0.1000,1.0000,4,8,8,0,0,8,8,0.0000
4,152.0000,23,40,537.8004,-84.1865,0.7154,9,0.2250,1.0000,8,8,8,0,0,8,8,0.0000
4,152.0000,23,41,226.3045,-76.6567,0.1288,31,0.7750,0.6250,8,5,2,0,0,5,2,0.6000
4,152.0000,23,43,512.2221,-84.1062,1.6563,8,0.2000,1.0000,8,8,8,0,0,8,8,0.0000
4,152.0000,23,45,569.6008,-83.2324,0.4702,6,0.1500,1.0000,8,8,8,0,0,8,8,0.0000
4,152.0000,23,47,502.2837,-84.4689,-0.9258,6,0.1500,0.8571,7,8,8,0,0,8,8,0.0000
4,152.0000,24,1,1007.8229,-89.2083,0.2797,3,0.0750,1.0000,8,4,4,0,0,4,4,0.0000
4,152.0000,24,2,719.8302,-86.6910,-0.0163,8,0.2000,1.0000,6,8,8,0,0,8,8,0.0000
4,152.0000,24,3,879.0572,-88.4359,1.0331,4,0.1000,1.0000,8,8,8,0,0,8,8,0.0000
4,152.0000,24,4,637.9315,-85.3367,0.3085,17,0.4250,1.0000,8,8,7,0,0,8,7,0.1250
4,152.0000,24,6,488.2494,-83.6809,0.9864,8,0.2000,1.0000,8,8,8,0,0,8,8,0.0000
4,152.0000,24,7,804.5994,-87.7270,0.8460,4,0.1000,1.0000,8,8,8,0,0,8,8,0.0000
4,152.0000,24,8,379.6919,-82.7291,0.8277,9,0.2250,0.8571,7,7,6,0,0,7,6,0.1429
4,152.0000,24,9,330.0291,-78.4909,-0.2166,22,0.5500,0.6667,6,8,8,0,0,8,8,0.0000
4,152.0000,24,11,541.7584,-85.9441,-0.7673,11,0.2750,0.8571,7,8,8,0,0,8,8,0.0000
4,152.0000,24,13,412.5958,-82.2578,0.3789,9,0.2250,0.6667,6,7,6,0,0,7,6,0.1429
4,152.0000,24,14,157.3600,-74.8210,0.9292,33,0.8250,0.7500,8,4,0,0,0,4,0,1.0000
4,152.0000,24,15,596.7363,-85.1104,-0.1402,15,0.3750,0.8000,5,6,6,0,0,6,6,0.0000
4,152.0000,24,17,560.4515,-85.3089,0.2008,15,0.3750,0.8750,8,7,5,0,0,7,5,0.2857
4,152.0000,24,18,540.5754,-82.9540,0.5641,9,0.2250,1.0000,8,8,8,0,0,8,8,0.0000
4,152.0000,24,20,586.3072,-84.0933,0.8205,6,0.1500,1.0000,8,8,8,0,0,8,8,0.0000
4,152.0000,24,22,786.3282,-87.4606,-0.0157,5,0.1250,1.0000,8,8,8,0,0,8,8,0.0000
4,152.0000,24,23,966.8950,-88.0034,-0.2301,3,0.0750,,0,4,4,0,0,4,4,0.0000
4,152.0000,24,25,903.5271,-87.9066,0.2244,4,0.1000,1.0000,4,2,2,0,0,2,2,0.0000
4,152.0000,24,28,243.2321,-76.9417,0.0897,34,0.8500,0.3333,6,6,3,0,0,6,3,0.5000
4,152.0000,24,30,374.2835,-81.7305,0.3293,26,0.6500,1.0000,8,6,4,0,0,6,4,0.3333
4,152.0000,24,31,494.0044,-83.6072,0.1960,10,0.2500,1.0000,8,8,8,0,0,8,8,0.0000
4,152.0000,24,32,476.9059,-82.3071,-0.5433,10,0.2500,1.0000,8,7,6,0,0,7,6,0.1429
4,152.0000,24,33,359.9062,-81.4743,0.9379,11,0.2750,0.8571,7,8,6,0,0,8,6,0.2500
4,152.0000,24,35,965.6970,-87.6386,-0.1074,5,0.1250,,0,2,1,0,0,2,1,0.5000
4,152.0000,24,37,848.4713,-87.6842,0.7584,4,0.1000,1.0000,4,6,6,0,0,6,6,0.0000
4,152.0000,24,38,577.6011,-85.0484,-0.6091,5,0.1250,0.7143,7,8,8,0,0,8,8,0.0000
4,152.0000,24,39,589.1967,-84.0070,-1.5274,5,0.1250,1.0000,6,9,8,0,0,9,8,0.1111
4,152.0000,24,40,725.8172,-87.0977,-0.7573,5,0.1250,1.0000,6,8,8,0,0,8,8,0.0000
4,152.0000,24,42,695.3141,-87.9908,0.9085,5,0.1250,1.0000,8,8,8,0,0,8,8,0.0000
4,152.0000,24,44,159.1762,-72.0598,0.2340,34,0.8500,0.3333,6,5,2,0,0,5,2,0.6000
4,152.0000,24,46,659.0922,-85.6886,0.4817,9,0.2250,1.0000,8,8,8,0,0,8,8,0.0000
4,152.0000,25,1,538.0766,-85.0564,-1.0006,7,0.1750,0.8571,7,8,7,0,0,8,7,0.1250
4,152.0000,25,3,194.8239,-72.3041,-2.2149,34,0.8500,0.2000,5,6,3,0,0,6,3,0.5000
4,152.0000,25,6,525.6464,-82.4743,-0.3721,10,0.2500,0.6667,6,8,7,0,0,8,7,0.1250
4,152.0000,25,7,689.5074,-87.0573,1.6386,5,0.1250,1.0000,8,8,8,0,0,8,8,0.0000
4,152.0000,25,10,770.1925,-87.5535,0.1747,4,0.1000,0.9000,10,8,8,0,0,8,8,0.0000
4,152.0000,25,13,497.1969,-82.1765,-0.2880,11,0.2750,0.5714,7,7,6,47,44,54,50,0.0741
4,152.0000,25,14,973.9124,-86.0989,0.0239,5,0.1250,1.0000,8,2,2,0,0,2,2,0.0000
4,152.0000,25,16,781.4000,-87.0359,1.2850,3,0.0750,0.8750,8,8,8,0,0,8,8,0.0000
4,152.0000,25,18,829.9587,-87.9501,-1.7732,4,0.1000,1.0000,8,8,8,0,0,8,8,0.0000
4,152.0000,25,19,212.0053,-77.3726,1.1296,18,0.4500,0.2000,5,5,1,0,0,5,1,0.8000
4,152.0000,25,20,492.0537,-82.3695,1.0799,10,0.2500,0.8571,7,7,6,0,0,7,6,0.1429
4,152.0000,25,22,461.0790,-81.2256,1.0939,8,0.2000,0.8571,7,8,7,0,0,8,7,0.1250
4,152.0000,25,23,288.3551,-79.0219,0.3328,23,0.5750,0.4000,5,6,4,0,0,6,4,0.3333
4,152.0000,25,26,1013.7436,-87.8971,-0.9890,4,0.1000,,0,4,4,0,0,4,4,0.0000
4,152.0000,25,27,360.5063,-80.7529,-0.0795,18,0.4500,0.6667,6,7,5,0,0,7,5,0.2857
4,152.0000,25,31,585.4829,-83.5081,-1.5063,8,0.2000,1.0000,8,8,8,0,0,8,8,0.0000
4,152.0000,25,32,597.4751,-85.4381,0.6322,7,0.1750,1.0000,8,8,8,0,0,8,8,0.0000
4,152.0000,25,33,657.7571,-85.3369,-0.5836,9,0.2250,1.0000,8,8,7,43,42,51,49,0.0392
4,152.0000,25,36,697.9665,-86.9834,0.8663,5,0.1250,1.0000,8,7,6,0,0,7,6,0.1429
4,152.0000,25,37,201.2785,-72.0281,-2.1351,35,0.8750,0.1667,6,5,2,0,0,5,2,0.6000
4,152.0000,25,38,398.1869,-80.5007,0.5716,7,0.1750,0.7143,7,7,6,0,0,7,6,0.1429
4,152.0000,25,39,557.5144,-83.8144,0.7391,6,0.1500,1.0000,8,8,7,0,0,8,7,0.1250
4,152.0000,25,40,596.0749,-85.2866,0.5757,6,0.1500,0.8750,8,8,8,0,0,8,8,0.0000
4,152.0000,25,41,187.9162,-76.8294,1.3698,29,0.7250,0.4000,5,4,0,0,0,4,0,1.0000
4,152.0000,25,43,574.2328,-88.3265,0.1083,6,0.1500,1.0000,8,7,5,0,0,7,5,0.2857
4,152.0000,25,44,941.3592,-87.4974,0.1908,5,0.1250,1.0000,2,8,8,0,0,8,8,0.0000
4,152.0000,25,45,649.0916,-86.0996,-0.6342,4,0.1000,0.8571,7,8,7,0,0,8,7,0.1250
4,152.0000,25,47,425.4012,-82.6643,0.4171,8,0.2000,1.0000,8,8,8,0,0,8,8,0.0000
4,152.0000,26,0,624.8612,-83.4088,-0.5345,20,0.5128,0.8750,8,7,6,0,0,7,6,0.1429
4,152.0000,26,1,555.5928,-85.9516,0.8988,4,0.1026,1.0000,8,7,6,0,0,7,6,0.1429
4,152.0000,26,5,257.7836,-74.6123,-1.1877,37,0.9487,0.0000,4,5,2,0,0,5,2,0.6000
4,152.0000,26,10,535.8452,-84.4486,-0.6870,9,0.2308,1.0000,8,8,8,0,0,8,8,0.0000
4,152.0000,26,12,261.7907,-75.4407,-0.7798,38,0.9744,0.0000,4,5,2,0,0,5,2,0.6000
4,152.0000,26,16,588.7561,-84.9143,0.1558,4,0.1026,1.0000,8,8,8,0,0,8,8,0.0000
4,152.0000,26,29,511.7549,-82.7902,-0.8821,23,0.5897,0.8750,8,8,7,0,0,8,7,0.1250
4,152.0000,26,34,418.1975,-80.6609,-0.0869,26,0.6667,0.2000,5,7,6,0,0,7,6,0.1429
4,152.0000,26,36,422.8264,-81.6146,1.5221,10,0.2564,1.0000,8,8,7,0,0,8,7,0.1250
4,152.0000,26,43,511.3214,-82.9594,1.3645,7,0.1795,0.8750,8,8,8,0,0,8,8,0.0000
4,152.0000,27,0,718.3608,-86.3439,0.7895,11,0.2750,0.8750,8,8,8,0,0,8,8,0.0000
4,152.0000,27,1,381.7136,-81.8887,-0.1337,15,0.3750,0.6667,6,5,1,0,0,5,1,0.8000
4,152.0000,27,3,517.0183,-82.7696,-1.6117,13,0.3250,1.0000,8,8,8,0,0,8,8,0.0000
4,152.0000,27,5,872.2347,-86.8709,-0.3468,3,0.0750,0.8750,8,8,8,0,0,8,8,0.0000
4,152.0000,27,6,855.0454,-87.6883,-0.8115,5,0.1250,1.0000,8,4,4,0,0,4,4,0.0000
4,152.0000,27,7,677.3290,-86.5441,-0.4962,6,0.1500,1.0000,8,8,8,0,0,8,8,0.0000
4,152.0000,27,8,911.4105,-87.0900,-1.6710,4,0.1000,1.0000,2,4,4,0,0,4,4,0.0000
4,152.0000,27,10,614.9645,-86.0262,-0.7329,13,0.3250,1.0000,8,8,8,0,0,8,8,0.0000
4,152.0000,27,12,798.7837,-86.9407,-0.2389,8,0.2000,1.0000,8,8,7,0,0,8,7,0.1250
4,152.0000,27,13,742.5199,-86.7690,2.0897,5,0.1250,1.0000,8,8,8,0,0,8,8,0.0000
4,152.0000,27,16,643.2045,-86.3928,-0.1499,5,0.1250,0.8571,7,10,10,0,0,10,10,0.0000
4,152.0000,27,18,914.0747,-88.3299,-1.1466,4,0.1000,1.0000,8,8,8,0,0,8,8,0.0000
4,152.0000,27,19,321.7030,-78.7604,-0.7678,19,0.4750,0.5000,6,7,6,0,0,7,6,0.1429
4,152.0000,27,20,806.8059,-87.4422,2.2810,4,0.1000,0.8333,6,7,6,0,0,7,6,0.1429
4,152.0000,27,21,727.2651,-86.5540,-0.2951,6,0.1500,1.0000,8,4,4,0,0,4,4,0.0000
4,152.0000,27,22,488.3335,-82.2156,-0.5661,12,0.3000,0.8750,8,6,4,0,0,6,4,0.3333
4,152.0000,27,23,345.6123,-78.9490,-0.4128,25,0.6250,0.7143,7,7,5,0,0,7,5,0.2857
4,152.0000,27,25,360.5063,-80.7474,-1.4260,14,0.3500,1.0000,8,7,6,0,0,7,6,0.1429
4,152.0000,27,26,704.5641,-86.4624,-0.3908,13,0.3250,0.8571,7,6,6,0,0,6,6,0.0000
4,152.0000,27,29,572.9408,-86.3078,0.2806,12,0.3000,0.8571,7,8,7,0,0,8,7,0.1250
4,152.0000,27,31,710.7361,-86.0957,-0.4440,6,0.1500,1.0000,8,8,8,0,0,8,8,0.0000
4,152.0000,27,32,724.2222,-88.7800,-0.2502,4,0.1000,1.0000,8,8,7,0,0,8,7,0.1250
4,152.0000,27,33,933.0122,-86.0441,-0.6701,3,0.0750,1.0000,8,8,8,0,0,8,8,0.0000
4,152.0000,27,34,663.2265,-85.6830,-0.3462,13,0.3250,1.0000,8,8,8,0,0,8,8,0.0000
4,152.0000,27,36,492.2201,-82.7967,0.4183,15,0.3750,0.6667,6,7,6,0,0,7,6,0.1429
4,152.0000,27,37,559.1107,-83.9724,0.3069,11,0.2750,0.8571,7,8,6,0,0,8,6,0.2500
4,152.0000,27,38,570.0395,-83.6882,-1.5005,7,0.1750,1.0000,8,8,8,0,0,8,8,0.0000
4,152.0000,27,39,900.2074,-86.7982,-1.6574,3,0.0750,,0,7,6,0,0,7,6,0.1429
4,152.0000,27,40,585.5066,-84.1712,-1.2928,8,0.2000,1.0000,8,8,8,0,0,8,8,0.0000
4,152.0000,27,41,180.8585,-72.6107,-1.2993,35,0.8750,0.2000,5,7,5,0,0,7,5,0.2857
4,152.0000,27,43,294.9219,-79.9508,0.8764,19,0.4750,1.0000,8,6,3,0,0,6,3,0.5000
4,152.0000,27,45,529.8504,-84.5226,-0.0772,10,0.2500,0.8571,7,7,6,0,0,7,6,0.1429
4,152.0000,27,47,455.9623,-81.6629,-0.0820,11,0.2750,0.8571,7,8,8,0,0,8,8,0.0000
4,152.0000,28,2,638.2128,-84.5234,-0.5179,17,0.4250,0.8750,8,4,4,0,0,4,4,0.0000
4,152.0000,28,4,474.7678,-81.9903,-0.5521,27,0.6750,0.7143,7,8,8,0,0,8,8,0.0000
4,152.0000,28,6,731.1460,-87.0818,-0.4393,7,0.1750,0.8750,8,6,6,0,0,6,6,0.0000
4,152.0000,28,8,505.4143,-83.8039,0.9677,8,0.2000,0.8571,7,6,3,0,0,6,3,0.5000
4,152.0000,28,9,383.2022,-81.2201,-0.0852,12,0.3000,1.0000,8,6,4,0,0,6,4,0.3333
4,152.0000,28,11,567.3022,-84.0694,-0.2702,16,0.4000,0.7143,7,7,6,0,0,7,6,0.1429
4,152.0000,28,13,635.6869,-85.9023,0.3433,5,0.1250,1.0000,8,8,8,0,0,8,8,0.0000
4,152.0000,28,14,295.2179,-79.0337,1.3591,14,0.3500,0.4000,5,6,3,0,0,6,3,0.5000
4,152.0000,28,15,575.5253,-84.6058,-0.9125,17,0.4250,1.0000,8,7,6,0,0,7,6,0.1429
4,152.0000,28,17,571.7105,-84.4449,-0.3115,13,0.3250,1.0000,8,7,6,0,0,7,6,0.1429
4,152.0000,28,18,618.4640,-83.2981,-0.5299,11,0.2750,1.0000,8,8,8,0,0,8,8,0.0000
4,152.0000,28,20,810.8049,-87.5875,0.2901,7,0.1750,1.0000,8,8,8,0,0,8,8,0.0000
4,152.0000,28,21,943.3780,-88.3960,0.9174,3,0.0750,1.0000,8,6,6,0,0,6,6,0.0000
4,152.0000,28,24,243.2321,-76.5670,0.1327,21,0.5250,0.6667,6,6,4,0,0,6,4,0.3333
4,152.0000,28,30,189.7592,-75.4091,0.2677,29,0.7250,0.0000,4,5,1,0,0,5,1,0.8000
4,152.0000,28,31,652.7521,-86.0952,1.0663,8,0.2000,1.0000,8,8,8,0,0,8,8,0.0000
4,152.0000,28,32,632.0954,-85.5308,0.0954,6,0.1500,1.0000,8,8,8,0,0,8,8,0.0000
4,152.0000,28,33,570.1331,-85.0922,1.2839,7,0.1750,0.8750,8,8,8,0,0,8,8,0.0000
4,152.0000,28,38,776.0258,-87.9362,-0.4645,6,0.1500,1.0000,8,6,6,0,0,6,6,0.0000
4,152.0000,28,39,820.9958,-87.9734,0.6923,6,0.1500,1.0000,8,8,8,0,0,8,8,0.0000
4,152.0000,28,40,854.6197,-87.5881,0.1042,5,0.1250,1.0000,8,8,7,0,0,8,7,0.1250
4,152.0000,28,42,852.1372,-87.1589,-0.5486,7,0.1750,1.0000,6,6,6,0,0,6,6,0.0000
4,152.0000,28,44,206.0572,-75.4131,-0.2927,30,0.7500,0.7143,7,5,2,0,0,5,2,0.6000
4,152.0000,28,46,639.4874,-86.4845,0.1376,12,0.3000,0.8750,8,6,5,0,0,6,5,0.1667
4,152.0000,28,47,935.5300,-88.2712,2.2730,3,0.0750,1.0000,8,8,8,0,0,8,8,0.0000
4,152.0000,29,0,287.0342,-77.3287,-0.4819,36,0.9000,0.4286,7,5,1,0,0,5,1,0.8000
4,152.0000,29,5,491.2751,-83.1580,-0.2921,14,0.3500,0.8750,8,8,7,0,0,8,7,0.1250
4,152.0000,29,12,456.9484,-81.6456,-0.5373,24,0.6000,0.7143,7,8,8,0,0,8,8,0.0000
4,152.0000,29,26,511.7549,-82.6586,-0.3714,16,0.4000,1.0000,8,8,8,0,0,8,8,0.0000
4,152.0000,29,34,149.2382,-71.2993,-0.0255,35,0.8750,0.2000,5,4,0,0,0,4,0,1.0000
4,152.0000,29,43,620.1084,-86.4346,-0.1626,4,0.1000,1.0000,8,8,8,0,0,8,8,0.0000
4,152.0000,30,2,483.7697,-82.4563,-0.3427,21,0.5122,0.5000,6,8,8,0,0,8,8,0.0000
4,152.0000,30,4,288.1435,-76.9326,-1.1497,35,0.8537,0.0000,4,6,2,0,0,6,2,0.6667
4,152.0000,30,8,564.9381,-86.2139,-0.6437,3,0.0732,1.0000,8,8,8,0,0,8,8,0.0000
4,152.0000,30,9,479.6001,-84.2909,-0.8175,9,0.2195,0.8750,8,8,8,0,0,8,8,0.0000
4,152.0000,30,11,517.4297,-84.3253,0.0149,13,0.3171,1.0000,8,7,5,0,0,7,5,0.2857
4,152.0000,30,14,388.8219,-81.6327,0.4353,9,0.2195,0.7143,7,5,2,0,0,5,2,0.6000
4,152.0000,30,15,508.3520,-82.9539,-0.4875,19,0.4634,0.5000,6,7,6,0,0,7,6,0.1429
4,152.0000,30,17,459.3904,-82.1421,0.0217,18,0.4390,1.0000,6,7,5,0,0,7,5,0.2857
4,152.0000,30,24,374.2835,-81.5323,-0.8895,5,0.1220,0.8750,8,6,3,0,0,6,3,0.5000
4,152.0000,30,28,189.7592,-75.1109,0.3147,38,0.9268,0.1667,6,5,2,0,0,5,2,0.6000
4,152.0000,30,33,627.2954,-86.0433,-0.7671,3,0.0732,1.0000,8,7,6,0,0,7,6,0.1429
4,152.0000,30,44,323.1122,-78.9184,0.5731,18,0.4390,0.8571,7,5,2,0,0,5,2,0.6000
4,152.0000,30,46,555.2291,-83.9651,0.3019,12,0.2927,0.8571,7,7,6,0,0,7,6,0.1429
4,152.0000,31,1,519.6911,-83.2222,-0.1851,11,0.2750,1.0000,8,8,8,0,0,8,8,0.0000
4,152.0000,31,3,658.0464,-85.0122,-0.9949,7,0.1750,1.0000,8,7,6,0,0,7,6,0.1429
4,152.0000,31,6,512.3040,-81.7870,-1.1113,14,0.3500,0.8571,7,6,6,0,0,6,6,0.0000
4,152.0000,31,7,360.4875,-81.1103,0.6162,12,0.3000,0.8750,8,7,3,0,0,7,3,0.5714
4,152.0000,31,8,368.9679,-82.1244,0.1149,13,0.3250,0.8571,7,6,4,0,0,6,4,0.3333
4,152.0000,31,9,356.8559,-82.1249,0.9619,18,0.4500,0.8571,7,6,4,0,0,6,4,0.3333
4,152.0000,31,10,551.5859,-86.1825,0.7819,7,0.1750,1.0000,8,7,6,0,0,7,6,0.1429
4,152.0000,31,13,248.3555,-78.4241,0.2234,23,0.5750,0.7801,141,7,4,125,88,132,92,0.3030
4,152.0000,31,16,518.4202,-85.3099,-0.8321,9,0.2250,0.8000,5,8,8,0,0,8,8,0.0000
4,152.0000,31,18,273.5243,-78.6800,0.5012,26,0.6500,0.4286,7,5,2,0,0,5,2,0.6000
4,152.0000,31,19,447.0263,-79.9492,-0.4024,14,0.3500,1.0000,8,7,6,0,0,7,6,0.1429
4,152.0000,31,20,576.6790,-84.4484,-1.3277,12,0.3000,0.5714,7,8,8,0,0,8,8,0.0000
4,152.0000,31,21,458.6471,-82.2817,0.2786,11,0.2750,0.6667,6,8,7,0,0,8,7,0.1250
4,152.0000,31,22,424.6039,-82.4383,-0.4054,14,0.3500,0.7143,7,7,6,0,0,7,6,0.1429
4,152.0000,31,23,636.7343,-84.3640,0.8645,6,0.1500,0.7500,8,6,6,0,0,6,6,0.0000
4,152.0000,31,24,494.0044,-82.7156,-0.2319,12,0.3000,0.8571,7,7,6,0,0,7,6,0.1429
4,152.0000,31,25,585.4829,-85.0869,-0.2028,8,0.2000,0.8750,8,6,4,0,0,6,4,0.3333
4,152.0000,31,27,710.7361,-85.8951,-0.9450,10,0.2500,0.6667,6,6,6,0,0,6,6,0.0000
4,152.0000,31,28,652.7521,-84.9130,-0.7319,7,0.1750,1.0000,8,9,8,0,0,9,8,0.1111
4,152.0000,31,30,793.1063,-87.8829,0.4984,4,0.1000,1.0000,2,7,6,0,0,7,6,0.1429
4,152.0000,31,32,43.8459,-68.7619,3.9020,33,0.8250,0.2000,5,4,0,0,0,4,0,1.0000
4,152.0000,31,33,486.7835,-81.4075,1.0036,11,0.2750,1.0000,8,8,8,0,0,8,8,0.0000
4,152.0000,31,36,628.5444,-85.3067,-1.2208,10,0.2500,1.0000,8,8,8,0,0,8,8,0.0000
4,152.0000,31,37,642.6808,-84.3816,-0.0211,10,0.2500,0.8571,7,6,6,0,0,6,6,0.0000
4,152.0000,31,38,189.3120,-74.6141,0.2547,31,0.7750,0.3333,6,6,2,0,0,6,2,0.6667
4,152.0000,31,39,650.2825,-86.2666,1.9257,8,0.2000,1.0000,8,8,8,0,0,8,8,0.0000
4,152.0000,31,40,278.7622,-77.2219,0.0453,18,0.4500,0.2000,5,8,5,0,0,8,5,0.3750
4,152.0000,31,41,632.4619,-84.8568,1.2336,5,0.1250,0.7143,7,8,8,0,0,8,8,0.0000
4,152.0000,31,42,940.6363,-87.4002,0.0428,6,0.1500,0.8333,6,2,2,0,0,2,2,0.0000
4,152.0000,31,43,653.5645,-85.5518,-0.7265,7,0.1750,0.8750,8,8,7,0,0,8,7,0.1250
4,152.0000,31,44,470.6848,-83.9363,0.6404,14,0.3500,0.6667,3,7,6,0,0,7,6,0.1429
4,152.0000,31,45,437.9564,-82.3541,-1.1193,14,0.3500,0.6667,6,8,8,0,0,8,8,0.0000
4,152.0000,31,47,284.8418,-79.6520,0.0667,17,0.4250,1.0000,8,6,2,0,0,6,2,0.6667
4,152.0000,32,1,545.4828,-83.0395,0.2116,9,0.2250,1.0000,8,7,5,0,0,7,5,0.2857
4,152.0000,32,3,660.0958,-87.1836,0.0421,10,0.2500,0.8000,5,7,6,0,0,7,6,0.1429
4,152.0000,32,4,1030.1791,-87.4231,-0.5075,6,0.1500,1.0000,4,2,2,0,0,2,2,0.0000
4,152.0000,32,6,514.5294,-83.5521,-0.8324,17,0.4250,0.4000,5,6,6,0,0,6,6,0.0000
4,152.0000,32,7,396.1525,-82.8262,0.9371,14,0.3500,1.0000,8,7,6,0,0,7,6,0.1429
4,152.0000,32,8,327.6968,-79.5089,0.2112,22,0.5500,0.4000,5,5,2,0,0,5,2,0.6000
4,152.0000,32,9,321.6647,-79.6157,0.4757,27,0.6750,0.6667,6,7,4,0,0,7,4,0.4286
4,152.0000,32,10,573.0923,-85.5228,0.6088,9,0.2250,1.0000,8,8,7,0,0,8,7,0.1250
4,152.0000,32,13,248.5275,-78.2296,0.5549,24,0.6000,0.2000,5,6,3,0,0,6,3,0.5000
4,152.0000,32,14,615.7694,-84.4429,0.0850,11,0.2750,1.0000,8,6,5,0,0,6,5,0.1667
4,152.0000,32,16,537.3229,-85.5635,0.9974,8,0.2000,1.0000,8,8,7,0,0,8,7,0.1250
4,152.0000,32,17,936.2265,-87.5701,0.2145,3,0.0750,1.0000,2,4,4,0,0,4,4,0.0000
4,152.0000,32,18,290.1335,-76.9598,-0.5895,28,0.7000,0.5000,6,7,5,0,0,7,5,0.2857
4,152.0000,32,19,467.9577,-82.8556,0.2529,11,0.2750,1.0000,8,7,5,0,0,7,5,0.2857
4,152.0000,32,20,563.2510,-84.5682,-0.6852,12,0.3000,0.8571,7,8,7,0,0,8,7,0.1250
4,152.0000,32,21,449.2222,-82.3905,-0.4944,12,0.3000,0.8750,8,7,6,0,0,7,6,0.1429
4,152.0000,32,22,407.3393,-82.7626,0.6809,9,0.2250,1.0000,8,7,5,0,0,7,5,0.2857
4,152.0000,32,23,631.9655,-85.8694,0.6108,6,0.1500,0.8000,5,8,7,0,0,8,7,0.1250
4,152.0000,32,24,476.9059,-82.8389,0.0839,18,0.4500,0.8182,11,8,7,0,0,8,7,0.1250
4,152.0000,32,25,597.4751,-86.8884,-0.3073,8,0.2000,1.0000,8,8,8,0,0,8,8,0.0000
4,152.0000,32,27,724.2222,-88.5776,-0.3995,6,0.1500,1.0000,6,7,6,0,0,7,6,0.1429
4,152.0000,32,28,632.0954,-84.5199,-0.8421,14,0.3500,0.8571,7,8,8,0,0,8,8,0.0000
4,152.0000,32,30,765.8116,-86.2395,-1.2238,5,0.1250,1.0000,6,6,6,0,0,6,6,0.0000
4,152.0000,32,31,43.8459,-68.6966,3.6264,32,0.8000,0.4000,5,6,2,0,0,6,2,0.6667
4,152.0000,32,33,463.4002,-82.1446,-0.5848,15,0.3750,0.5714,7,8,8,0,0,8,8,0.0000
4,152.0000,32,36,653.2173,-86.0212,0.4745,10,0.2500,0.8571,7,8,8,0,0,8,8,0.0000
4,152.0000,32,37,651.9407,-84.9539,0.7909,7,0.1750,0.8750,8,5,3,0,0,5,3,0.4000
4,152.0000,32,38,201.3650,-77.9622,1.0358,23,0.5750,0.8571,7,5,2,0,0,5,2,0.6000
4,152.0000,32,39,643.2562,-85.3412,0.0679,10,0.2500,1.0000,8,6,4,0,0,6,4,0.3333
4,152.0000,32,40,269.6315,-79.7847,-0.0169,19,0.4750,0.5000,6,5,2,0,0,5,2,0.6000
4,152.0000,32,41,643.1762,-87.0817,1.4487,8,0.2000,1.0000,4,7,6,0,0,7,6,0.1429
4,152.0000,32,42,918.9209,-87.2165,-0.8649,5,0.1250,1.0000,2,2,2,0,0,2,2,0.0000
4,152.0000,32,43,665.8567,-87.1953,-0.2110,5,0.1250,0.8571,7,6,5,0,0,6,5,0.1667
4,152.0000,32,44,444.4646,-82.3421,-0.2378,18,0.4500,0.8750,8,7,5,0,0,7,5,0.2857
4,152.0000,32,45,438.3702,-82.8865,1.3704,12,0.3000,1.0000,8,7,6,7,6,14,12,0.1429
4,152.0000,32,47,311.9315,-81.5795,1.7684,12,0.3000,0.8571,7,6,2,0,0,6,2,0.6667
4,152.0000,33,1,919.4027,-87.4655,-0.0376,4,0.1000,1.0000,4,6,6,0,0,6,6,0.0000
4,152.0000,33,3,578.9365,-85.0096,1.0630,11,0.2750,1.0000,8,8,7,0,0,8,7,0.1250
4,152.0000,33,4,820.9499,-87.5100,0.2087,9,0.2250,1.0000,8,6,6,0,0,6,6,0.0000
4,152.0000,33,6,303.0359,-78.9943,-0.0438,23,0.5750,0.4286,7,6,3,0,0,6,3,0.5000
4,152.0000,33,7,835.4286,-87.0203,-1.1124,6,0.1500,1.0000,8,8,8,0,0,8,8,0.0000
4,152.0000,33,8,300.0940,-75.5332,-1.4501,28,0.7000,0.4000,5,7,6,0,0,7,6,0.1429
4,152.0000,33,9,446.6798,-82.3892,0.0597,15,0.3750,1.0000,8,7,6,0,0,7,6,0.1429
4,152.0000,33,11,636.0104,-86.1728,0.0605,17,0.4250,0.8571,7,5,4,0,0,5,4,0.2000
4,152.0000,33,13,299.1712,-76.8470,-0.4863,21,0.5250,0.5000,6,7,5,0,0,7,5,0.2857
4,152.0000,33,14,404.4069,-79.9594,-0.8687,22,0.5500,0.8750,8,7,6,0,0,7,6,0.1429
4,152.0000,33,15,735.7856,-86.8320,-0.6363,13,0.3250,1.0000,6,6,6,0,0,6,6,0.0000
4,152.0000,33,17,560.6643,-84.1372,-0.1374,16,0.4000,1.0000,8,6,6,0,0,6,6,0.0000
4,152.0000,33,18,688.0761,-85.2733,-1.2339,9,0.2250,0.8750,8,8,8,0,0,8,8,0.0000
4,152.0000,33,19,678.3443,-86.8004,-0.6657,8,0.2000,0.8571,7,8,8,0,0,8,8,0.0000
4,152.0000,33,20,245.9667,-76.3548,-0.0414,32,0.8000,0.4000,5,7,4,0,0,7,4,0.4286
4,152.0000,33,21,844.9119,-86.2167,-1.5326,8,0.2000,1.0000,8,6,6,0,0,6,6,0.0000
4,152.0000,33,22,580.0212,-85.1041,0.4536,9,0.2250,1.0000,8,8,8,0,0,8,8,0.0000
4,152.0000,33,23,686.1719,-87.4659,-0.3816,6,0.1500,0.8333,6,8,8,0,0,8,8,0.0000
4,152.0000,33,24,359.9062,-81.4302,0.1394,23,0.5750,0.8750,8,8,7,0,0,8,7,0.1250
4,152.0000,33,25,657.7571,-85.7028,0.0884,9,0.2250,0.8750,8,10,10,0,0,10,10,0.0000
4,152.0000,33,27,933.0122,-87.3249,-1.2041,5,0.1250,1.0000,8,6,6,0,0,6,6,0.0000
4,152.0000,33,28,570.1331,-85.9329,0.6161,16,0.4000,0.8571,7,8,7,0,0,8,7,0.1250
4,152.0000,33,30,627.2954,-84.6871,0.0169,13,0.3250,0.7143,7,7,6,0,0,7,6,0.1429
4,152.0000,33,31,486.7835,-82.2627,0.6098,11,0.2750,0.8571,7,8,8,0,0,8,8,0.0000
4,152.0000,33,32,463.4002,-82.4095,-0.3009,13,0.3250,0.6667,6,8,7,0,0,8,7,0.1250
4,152.0000,33,35,892.9438,-88.1092,-0.2290,6,0.1500,1.0000,4,8,8,0,0,8,8,0.0000
4,152.0000,33,37,581.8019,-85.5079,0.5290,11,0.2750,1.0000,8,8,8,0,0,8,8,0.0000
4,152.0000,33,38,452.0039,-83.5910,-0.3122,11,0.2750,1.0000,8,7,6,0,0,7,6,0.1429
4,152.0000,33,39,302.7835,-81.1044,0.5281,23,0.5750,0.8571,7,7,5,0,0,7,5,0.2857
4,152.0000,33,40,648.0856,-84.5986,-1.9413,7,0.1750,0.8750,8,8,8,0,0,8,8,0.0000
4,152.0000,33,42,456.9526,-82.6320,0.4890,20,0.5000,0.7143,7,6,4,0,0,6,4,0.3333
4,152.0000,33,43,993.6360,-89.2213,0.3092,5,0.1250,1.0000,4,4,4,0,0,4,4,0.0000
4,152.0000,33,44,410.9509,-80.9697,-1.2247,21,0.5250,0.7500,8,7,6,0,0,7,6,0.1429
4,152.0000,33,45,821.7714,-84.9628,-1.7996,6,0.1500,0.8750,8,4,4,0,0,4,4,0.0000
4,152.0000,33,46,768.5137,-86.7967,0.5183,8,0.2000,1.0000,2,6,6,0,0,6,6,0.0000
4,152.0000,33,47,669.8553,-88.1153,-0.1389,6,0.1500,1.0000,8,7,6,0,0,7,6,0.1429
4,152.0000,34,0,275.8831,-78.2369,-0.5220,38,0.9500,0.2000,5,4,0,0,0,4,0,1.0000
4,152.0000,34,5,350.1750,-81.1227,0.3131,28,0.7000,0.5714,7,4,0,0,0,4,0,1.0000
4,152.0000,34,12,321.8917,-78.6696,-0.5263,31,0.7750,0.0000,4,5,2,0,0,5,2,0.6000
4,152.0000,34,26,418.1975,-81.0901,-1.5473,23,0.5750,1.0000,8,8,7,0,0,8,7,0.1250
4,152.0000,34,27,663.2265,-84.4723,-1.8278,4,0.1000,0.8571,7,8,8,0,0,8,8,0.0000
4,152.0000,34,29,149.2382,-70.7062,-0.3675,35,0.8750,0.0000,4,5,1,0,0,5,1,0.8000
4,152.0000,34,43,647.4871,-84.4838,-0.2457,3,0.0750,1.0000,8,8,8,0,0,8,8,0.0000
4,152.0000,35,2,763.3923,-85.1070,-0.2669,6,0.1500,0.8571,7,7,6,0,0,7,6,0.1429
4,152.0000,35,11,525.9573,-81.4022,-0.5824,17,0.4250,0.6667,6,8,7,0,0,8,7,0.1250
4,152.0000,35,14,830.4508,-86.4852,-1.5038,3,0.0750,0.7143,7,8,8,0,0,8,8,0.0000
4,152.0000,35,15,589.0237,-82.9793,-0.1593,16,0.4000,0.6667,6,8,8,0,0,8,8,0.0000
4,152.0000,35,17,678.7366,-84.3222,-0.2154,13,0.3250,0.8571,7,7,6,0,0,7,6,0.1429
4,152.0000,35,33,892.9438,-88.1506,0.7855,3,0.0750,1.0000,8,6,6,0,0,6,6,0.0000
4,152.0000,35,42,543.5249,-84.7725,0.0490,9,0.2250,1.0000,8,6,4,0,0,6,4,0.3333
4,152.0000,35,46,552.0436,-82.6881,-1.0546,19,0.4750,0.3333,6,5,1,0,0,5,1,0.8000
4,152.0000,36,0,854.4012,-86.5695,-0.3096,6,0.1500,1.0000,8,8,8,0,0,8,8,0.0000
4,152.0000,36,1,163.7046,-74.8201,-0.0571,35,0.8750,0.5000,6,6,3,0,0,6,3,0.5000
4,152.0000,36,3,876.7134,-87.5086,1.4064,3,0.0750,1.0000,6,6,6,0,0,6,6,0.0000
4,152.0000,36,5,666.1229,-86.3282,-0.3946,9,0.2250,1.0000,8,7,6,0,0,7,6,0.1429
4,152.0000,36,7,373.2068,-79.6522,-0.6565,18,0.4500,0.7143,7,8,8,0,0,8,8,0.0000
4,152.0000,36,10,175.6706,-67.7407,-3.6345,36,0.9000,0.4000,5,6,3,0,0,6,3,0.5000
4,152.0000,36,12,654.2589,-85.7570,-0.1028,10,0.2500,1.0000,4,8,8,0,0,8,8,0.0000
4,152.0000,36,13,798.6405,-88.4822,-0.0409,3,0.0750,1.0000,8,6,6,0,0,6,6,0.0000
4,152.0000,36,16,232.5735,-73.3166,-1.1530,36,0.9000,0.0000,4,7,5,0,0,7,5,0.2857
4,152.0000,36,18,681.8945,-85.0862,0.1998,5,0.1250,1.0000,8,8,8,0,0,8,8,0.0000
4,152.0000,36,19,504.5844,-83.5168,-1.5560,5,0.1250,0.7500,8,8,8,0,0,8,8,0.0000
4,152.0000,36,21,506.6733,-83.2804,-0.0958,12,0.3000,1.0000,8,8,7,0,0,8,7,0.1250
4,152.0000,36,22,631.4151,-85.7704,-1.2901,5,0.1250,0.8571,7,8,8,0,0,8,8,0.0000
4,152.0000,36,23,723.2935,-87.3909,-1.8700,3,0.0750,1.0000,8,7,6,0,0,7,6,0.1429
4,152.0000,36,25,697.9665,-86.6010,2.6651,3,0.0750,1.0000,8,8,8,0,0,8,8,0.0000
4,152.0000,36,26,422.8264,-82.3690,0.8060,19,0.4750,0.8571,7,8,7,0,0,8,7,0.1250
4,152.0000,36,27,492.2201,-83.5366,-1.5301,7,0.1750,0.8889,9,8,8,0,0,8,8,0.0000
4,152.0000,36,29,659.9776,-85.9040,-0.4375,6,0.1500,1.0000,2,8,8,0,0,8,8,0.0000
4,152.0000,36,31,628.5444,-83.8520,-0.1962,4,0.1000,1.0000,8,8,8,0,0,8,8,0.0000
4,152.0000,36,32,653.2173,-86.5888,0.6445,5,0.1250,1.0000,8,8,8,0,0,8,8,0.0000
4,152.0000,36,34,661.5289,-84.9975,0.5740,9,0.2250,1.0000,8,6,6,0,0,6,6,0.0000
4,152.0000,36,37,875.8392,-87.3525,-0.3183,4,0.1000,1.0000,4,6,6,0,0,6,6,0.0000
4,152.0000,36,38,614.0917,-84.5876,-0.5633,4,0.1000,0.8000,5,7,5,0,0,7,5,0.2857
4,152.0000,36,40,493.2998,-84.0077,-1.4261,7,0.1750,0.7143,7,7,5,0,0,7,5,0.2857
4,152.0000,36,41,593.0983,-85.5102,1.1838,4,0.1000,1.0000,8,8,8,0,0,8,8,0.0000
4,152.0000,36,43,274.2777,-77.9863,0.2796,26,0.6500,0.3333,6,7,6,0,0,7,6,0.1429
4,152.0000,36,45,368.3026,-81.4576,1.0243,12,0.3000,0.8750,8,6,5,0,0,6,5,0.1667
4,152.0000,36,47,397.7178,-80.5569,-0.7723,10,0.2500,1.0000,8,8,8,0,0,8,8,0.0000
4,152.0000,37,1,712.8031,-86.4342,-4.4712,5,0.1250,1.0000,8,8,8,0,0,8,8,0.0000
4,152.0000,37,3,138.1201,-72.6879,0.4208,32,0.8000,0.2000,5,6,2,0,0,6,2,0.6667
4,152.0000,37,6,401.5074,-82.6085,1.2777,9,0.2250,0.8571,7,7,6,0,0,7,6,0.1429
4,152.0000,37,8,743.3078,-88.6238,-0.2312,3,0.0750,1.0000,8,8,8,0,0,8,8,0.0000
4,152.0000,37,10,932.7745,-87.5585,-4.1065,5,0.1250,1.0000,8,2,2,0,0,2,2,0.0000
4,152.0000,37,13,477.1274,-82.4445,-0.5200,4,0.1000,1.0000,8,8,8,0,0,8,8,0.0000
4,152.0000,37,19,372.2452,-81.2067,1.3087,7,0.1750,0.8571,7,7,6,0,0,7,6,0.1429
4,152.0000,37,20,379.8162,-81.9508,0.4060,8,0.2000,1.0000,8,5,2,0,0,5,2,0.6000
4,152.0000,37,22,579.4828,-83.7430,2.4360,5,0.1250,0.8571,7,7,5,0,0,7,5,0.2857
4,152.0000,37,23,419.5316,-81.7499,-0.5232,9,0.2250,0.8571,7,7,5,0,0,7,5,0.2857
4,152.0000,37,25,201.2785,-71.2832,-2.7116,31,0.7750,0.0000,4,6,2,0,0,6,2,0.6667
4,152.0000,37,27,559.1107,-84.8014,0.0683,5,0.1250,0.7500,8,8,8,0,0,8,8,0.0000
4,152.0000,37,31,642.6808,-83.8311,-2.0115,4,0.1000,1.0000,8,8,8,0,0,8,8,0.0000
4,152.0000,37,32,651.9407,-85.4718,0.4976,4,0.1000,1.0000,8,8,8,0,0,8,8,0.0000
4,152.0000,37,38,459.5565,-80.9549,-0.1606,5,0.1250,1.0000,8,7,6,0,0,7,6,0.1429
4,152.0000,37,39,401.8057,-84.2361,2.6424,6,0.1500,1.0000,8,7,5,0,0,7,5,0.2857
4,152.0000,37,40,719.4164,-87.3167,-2.6507,3,0.0750,1.0000,8,7,6,0,0,7,6,0.1429
4,152.0000,37,41,384.4086,-81.0493,-0.6419,12,0.3000,0.8750,8,7,6,0,0,7,6,0.1429
4,152.0000,37,42,785.6491,-85.9830,-0.4898,3,0.0750,1.0000,4,5,4,0,0,5,4,0.2000
4,152.0000,37,45,807.1523,-87.0326,-1.2156,3,0.0750,1.0000,8,8,8,0,0,8,8,0.0000
4,152.0000,37,47,556.7035,-84.4401,0.8716,4,0.1000,1.0000,8,8,8,0,0,8,8,0.0000
4,152.0000,38,1,471.2289,-81.4463,-1.4087,16,0.4000,0.4000,5,7,6,0,0,7,6,0.1429
4,152.0000,38,3,472.9046,-82.9289,-0.9092,20,0.5000,0.8750,8,6,4,0,0,6,4,0.3333
4,152.0000,38,6,418.9078,-81.9323,-0.3188,18,0.4500,0.8750,8,8,8,0,0,8,8,0.0000
4,152.0000,38,7,426.8370,-82.8595,-0.1911,19,0.4750,1.0000,8,8,8,0,0,8,8,0.0000
4,152.0000,38,8,424.4621,-82.5911,-0.1044,17,0.4250,0.8750,8,6,4,0,0,6,4,0.3333
4,152.0000,38,9,492.8103,-85.3790,0.4072,9,0.2250,0.7500,8,6,3,0,0,6,3,0.5000
4,152.0000,38,10,589.4377,-83.7123,0.2164,9,0.2250,0.8571,7,10,9,0,0,10,9,0.1000
4,152.0000,38,13,195.4385,-77.2633,1.0134,26,0.6500,0.7143,7,5,2,0,0,5,2,0.6000
4,152.0000,38,14,687.9922,-86.9181,0.7117,8,0.2000,1.0000,8,3,2,0,0,3,2,0.3333
4,152.0000,38,16,572.0931,-84.6498,0.1020,15,0.3750,1.0000,8,6,4,0,0,6,4,0.3333
4,152.0000,38,18,449.7598,-83.6876,0.8153,17,0.4250,0.5714,7,8,7,0,0,8,7,0.1250
4,152.0000,38,19,286.6014,-75.4529,-1.4531,32,0.8000,0.0000,4,7,5,0,0,7,5,0.2857
4,152.0000,38,20,457.5032,-82.8125,0.3547,16,0.4000,0.6667,6,8,8,0,0,8,8,0.0000
4,152.0000,38,21,542.5540,-84.2325,-0.6199,13,0.3250,0.8750,8,8,8,0,0,8,8,0.0000
4,152.0000,38,22,342.3571,-80.7931,0.1035,21,0.5250,0.6667,6,5,1,0,0,5,1,0.8000
4,152.0000,38,23,477.1017,-83.0262,0.0540,20,0.5000,0.5714,7,6,5,0,0,6,5,0.1667
4,152.0000,38,24,577.6011,-84.8109,-0.2530,10,0.2500,0.7143,7,8,7,0,0,8,7,0.1250
4,152.0000,38,25,398.1869,-80.7635,-1.0627,23,0.5750,0.8571,7,8,8,0,0,8,8,0.0000
4,152.0000,38,26,1023.4208,-88.3810,-0.3712,6,0.1500,1.0000,4,4,4,0,0,4,4,0.0000
4,152.0000,38,27,570.0395,-82.5759,-1.3896,20,0.5000,1.0000,8,9,8,0,0,9,8,0.1111
4,152.0000,38,28,776.0258,-88.1033,0.4630,7,0.1750,0.8750,8,4,4,0,0,4,4,0.0000
4,152.0000,38,30,903.7712,-87.6993,-0.4314,5,0.1250,1.0000,2,7,6,0,0,7,6,0.1429
4,152.0000,38,31,189.3120,-74.5085,-0.1543,31,0.7750,0.4000,5,7,4,0,0,7,4,0.4286
4,152.0000,38,32,201.3650,-77.8009,1.7765,22,0.5500,0.5714,7,5,1,5,1,10,2,0.8000
4,152.0000,38,33,452.0039,-82.5235,-0.5393,16,0.4000,1.0000,8,8,7,0,0,8,7,0.1250
4,152.0000,38,34,1138.0005,-88.8254,-0.0192,3,0.0750,,0,4,4,0,0,4,4,0.0000
4,152.0000,38,36,614.0917,-84.4384,0.0767,12,0.3000,0.8571,7,8,8,0,0,8,8,0.0000
4,152.0000,38,37,459.5565,-81.7190,-0.0640,24,0.6000,0.7143,7,7,6,0,0,7,6,0.1429
4,152.0000,38,39,537.9962,-84.6125,0.5405,11,0.2750,1.0000,8,8,7,0,0,8,7,0.1250
4,152.0000,38,40,315.2822,-78.6771,-0.4602,26,0.6500,0.6667,6,5,2,0,0,5,2,0.6000
4,152.0000,38,41,463.9694,-82.5640,-0.2660,18,0.4500,1.0000,8,8,8,0,0,8,8,0.0000
4,152.0000,38,42,874.4717,-87.5625,0.6224,8,0.2000,1.0000,8,4,4,0,0,4,4,0.0000
4,152.0000,38,43,585.7029,-85.0733,-0.0273,14,0.3500,1.0000,8,8,7,0,0,8,7,0.1250
4,152.0000,38,44,585.9523,-86.0436,1.4508,9,0.2250,0.8000,5,6,4,0,0,6,4,0.3333
4,152.0000,38,45,453.5064,-81.3514,-0.7865,17,0.4250,0.6667,6,8,6,0,0,8,6,0.2500
4,152.0000,38,47,218.7417,-75.8220,0.1704,29,0.7250,0.0000,4,5,1,0,0,5,1,0.8000
4,152.0000,39,3,432.1066,-83.5912,0.1374,9,0.2250,0.8750,8,7,6,0,0,7,6,0.1429
4,152.0000,39,6,198.4455,-77.8558,1.1919,19,0.4750,1.0000,8,6,3,0,0,6,3,0.5000
4,152.0000,39,8,583.6720,-83.4679,-0.4095,8,0.2000,1.0000,8,8,8,0,0,8,8,0.0000
4,152.0000,39,11,734.0883,-84.7273,0.0241,11,0.2750,1.0000,8,4,4,0,0,4,4,0.0000
4,152.0000,39,13,407.2841,-80.1696,-0.7930,6,0.1500,0.6667,6,8,7,0,0,8,7,0.1250
4,152.0000,39,14,579.4387,-84.7557,0.0033,6,0.1500,1.0000,10,6,4,0,0,6,4,0.3333
4,152.0000,39,15,849.5582,-86.0635,-0.8118,5,0.1250,1.0000,4,6,6,0,0,6,6,0.0000
4,152.0000,39,17,731.6608,-86.7514,-0.2145,6,0.1500,1.0000,8,4,4,0,0,4,4,0.0000
4,152.0000,39,20,156.4674,-74.9402,0.4385,30,0.7500,0.4286,7,5,2,0,0,5,2,0.6000
4,152.0000,39,24,589.1967,-85.5024,-0.8365,7,0.1750,1.0000,8,8,8,0,0,8,8,0.0000
4,152.0000,39,25,557.5144,-83.5656,0.5154,8,0.2000,1.0000,8,8,8,0,0,8,8,0.0000
4,152.0000,39,28,820.9958,-86.9283,0.1385,5,0.1250,1.0000,8,4,4,0,0,4,4,0.0000
4,152.0000,39,30,887.2111,-87.7073,-1.5758,4,0.1000,1.0000,4,8,8,0,0,8,8,0.0000
4,152.0000,39,31,650.2825,-85.1818,-0.5076,5,0.1250,1.0000,8,8,8,0,0,8,8,0.0000
4,152.0000,39,32,643.2562,-85.9955,-1.8108,4,0.1000,1.0000,8,8,7,0,0,8,7,0.1250
4,152.0000,39,33,302.7835,-78.4582,0.3361,13,0.3250,0.8571,7,5,2,0,0,5,2,0.6000
4,152.0000,39,37,401.8057,-82.9528,-0.4237,12,0.3000,1.0000,6,8,7,0,0,8,7,0.1250
4,152.0000,39,38,537.9962,-84.5965,0.0776,6,0.1500,1.0000,8,8,8,0,0,8,8,0.0000
4,152.0000,39,40,809.6658,-88.0268,-0.2548,3,0.0750,1.0000,8,7,6,0,0,7,6,0.1429
4,152.0000,39,41,724.1446,-85.9198,2.5396,4,0.1000,1.0000,6,8,8,0,0,8,8,0.0000
4,152.0000,39,42,413.8083,-80.0902,-0.6824,23,0.5750,0.8750,8,7,6,0,0,7,6,0.1429
4,152.0000,39,44,684.9652,-84.3520,-0.1720,5,0.1250,1.0000,4,8,8,0,0,8,8,0.0000
4,152.0000,39,46,875.2405,-86.7087,0.0853,6,0.1500,1.0000,2,8,8,0,0,8,8,0.0000
4,152.0000,39,47,736.6275,-88.1754,0.6204,3,0.0750,1.0000,8,8,8,0,0,8,8,0.0000
4,152.0000,40,1,411.8157,-81.1051,-0.7354,20,0.5000,0.8800,75,7,5,0,0,7,5,0.2857
4,152.0000,40,3,689.1335,-83.5146,-2.0660,7,0.1750,1.0000,8,7,6,0,0,7,6,0.1429
4,152.0000,40,6,716.5426,-84.1814,0.3560,6,0.1500,0.8750,8,5,4,0,0,5,4,0.2000
4,152.0000,40,7,397.2510,-82.6695,0.1081,12,0.3000,0.8571,7,6,4,0,0,6,4,0.3333
4,152.0000,40,8,461.5620,-83.2987,-0.7986,12,0.3000,0.6667,6,7,6,0,0,7,6,0.1429
4,152.0000,40,9,487.4618,-84.5169,-0.7393,8,0.2000,0.8571,7,6,4,0,0,6,4,0.3333
4,152.0000,40,10,416.8284,-82.2891,0.9975,17,0.4250,0.7143,7,6,4,0,0,6,4,0.3333
4,152.0000,40,13,466.1743,-83.5940,-0.1084,5,0.1250,0.8571,7,8,7,0,0,8,7,0.1250
4,152.0000,40,14,869.2607,-87.3936,-0.6113,5,0.1250,0.8750,8,4,4,0,0,4,4,0.0000
4,152.0000,40,16,379.7719,-82.5072,-0.0733,22,0.5500,0.0000,4,6,4,0,0,6,4,0.3333
4,152.0000,40,18,443.2293,-82.9841,0.5451,9,0.2250,0.8571,7,5,2,0,0,5,2,0.6000
4,152.0000,40,19,445.5828,-80.2624,0.4890,12,0.3000,0.3333,6,7,6,63,61,70,67,0.0429
4,152.0000,40,20,694.8783,-84.9479,-1.2904,6,0.1500,1.0000,8,8,8,0,0,8,8,0.0000
4,152.0000,40,21,234.7633,-77.8533,0.4469,34,0.8500,0.2000,5,4,0,0,0,4,0,1.0000
4,152.0000,40,22,268.3841,-75.9942,-0.7264,32,0.8000,0.4000,5,8,6,0,0,8,6,0.2500
4,152.0000,40,23,537.8004,-83.7385,0.7137,8,0.2000,1.0000,8,8,8,4,4,12,12,0.0000
4,152.0000,40,25,596.0749,-84.1389,0.2880,8,0.2000,0.8571,7,8,7,0,0,8,7,0.1250
4,152.0000,40,27,585.5066,-84.5940,-0.3178,10,0.2500,1.0000,8,8,6,0,0,8,6,0.2500
4,152.0000,40,28,854.6197,-87.0452,0.4407,3,0.0750,1.0000,8,4,4,0,0,4,4,0.0000
4,152.0000,40,31,278.7622,-77.3763,-0.3821,23,0.5750,0.4000,5,7,5,0,0,7,5,0.2857
4,152.0000,40,32,269.6315,-79.1642,0.0276,18,0.4500,0.8750,8,7,5,0,0,7,5,0.2857
4,152.0000,40,33,648.0856,-82.8981,0.1343,5,0.1250,0.8750,8,8,8,0,0,8,8,0.0000
4,152.0000,40,36,493.2998,-82.8861,0.6516,13,0.3250,1.0000,8,7,6,0,0,7,6,0.1429
4,152.0000,40,37,719.4164,-84.6615,0.1410,7,0.1750,0.8824,17,6,6,0,0,6,6,0.0000
4,152.0000,40,38,315.2822,-78.3794,-0.8040,23,0.5750,0.8750,8,8,8,0,0,8,8,0.0000
4,152.0000,40,39,809.6658,-85.7457,-2.2417,3,0.0750,1.0000,8,8,8,0,0,8,8,0.0000
4,152.0000,40,41,559.2887,-83.9617,0.2463,10,0.2500,1.0000,8,7,6,0,0,7,6,0.1429
4,152.0000,40,42,1080.5871,-88.3582,0.2717,3,0.0750,1.0000,2,6,6,0,0,6,6,0.0000
4,152.0000,40,43,454.1738,-82.7283,1.6023,12,0.3000,0.8571,7,7,5,60,53,67,58,0.1343
4,152.0000,40,44,662.1449,-87.5403,-0.0779,4,0.1000,1.0000,8,8,8,5,4,13,12,0.0769
4,152.0000,40,45,181.7946,-73.5030,-0.9168,34,0.8500,0.0000,4,5,2,0,0,5,2,0.6000
4,152.0000,40,47,278.4958,-79.2456,0.6401,18,0.4500,0.6984,63,6,4,13,12,19,16,0.1579
4,152.0000,41,0,881.8165,-86.9705,-0.7312,5,0.1250,1.0000,4,7,6,0,0,7,6,0.1429
4,152.0000,41,1,449.1186,-82.7415,-1.9882,7,0.1750,0.8571,7,8,7,0,0,8,7,0.1250
4,152.0000,41,3,337.2383,-79.5927,-0.0537,25,0.6250,0.5000,6,6,4,0,0,6,4,0.3333
4,152.0000,41,6,692.6283,-87.0712,0.4095,5,0.1250,1.0000,6,6,6,0,0,6,6,0.0000
4,152.0000,41,7,679.4291,-85.7657,0.4751,6,0.1500,1.0000,8,8,8,0,0,8,8,0.0000
4,152.0000,41,8,800.7780,-87.3872,-0.4105,3,0.0750,1.0000,8,4,4,0,0,4,4,0.0000
4,152.0000,41,9,921.7416,-88.1480,1.5366,3,0.0750,1.0000,6,7,6,0,0,7,6,0.1429
4,152.0000,41,10,686.5201,-86.2827,-0.7892,5,0.1250,1.0000,8,7,6,0,0,7,6,0.1429
4,152.0000,41,13,611.1584,-84.1273,0.5467,7,0.1750,1.0000,8,8,8,0,0,8,8,0.0000
4,152.0000,41,16,703.9868,-84.1587,-0.7491,4,0.1000,1.0000,8,8,8,0,0,8,8,0.0000
4,152.0000,41,19,227.3963,-78.0018,1.0058,20,0.5000,0.8571,7,5,2,0,0,5,2,0.6000
4,152.0000,41,20,634.6925,-85.2533,0.0584,7,0.1750,1.0000,8,8,8,0,0,8,8,0.0000
4,152.0000,41,21,746.2617,-87.1879,-0.4319,3,0.0750,0.8571,7,8,8,0,0,8,8,0.0000
4,152.0000,41,22,419.4159,-82.1862,-0.1995,11,0.2750,0.6667,6,7,6,0,0,7,6,0.1429
4,152.0000,41,23,226.3045,-76.5332,-0.4256,34,0.8500,0.5000,6,5,2,0,0,5,2,0.6000
4,152.0000,41,25,187.9162,-76.8266,1.3953,29,0.7250,0.0000,4,4,0,0,0,4,0,1.0000
4,152.0000,41,26,867.4014,-87.3264,-0.8035,4,0.1000,1.0000,8,4,4,0,0,4,4,0.0000
4,152.0000,41,27,180.8585,-72.3849,-1.0850,33,0.8250,0.0000,4,5,1,0,0,5,1,0.8000
4,152.0000,41,29,727.5551,-86.1746,0.1837,7,0.1750,1.0000,2,4,4,0,0,4,4,0.0000
4,152.0000,41,31,632.4619,-84.2312,-0.1306,7,0.1750,1.0000,8,8,8,0,0,8,8,0.0000
4,152.0000,41,33,780.3974,-86.7451,0.5137,4,0.1000,1.0000,2,9,8,0,0,9,8,0.1111
4,152.0000,41,34,829.7015,-86.6828,-0.3379,6,0.1500,1.0000,8,2,2,0,0,2,2,0.0000
4,152.0000,41,36,593.0983,-85.1932,-1.0437,5,0.1250,0.8000,5,10,10,0,0,10,10,0.0000
4,152.0000,41,37,384.4086,-81.2290,0.1350,19,0.4750,0.7143,7,7,5,0,0,7,5,0.2857
4,152.0000,41,38,463.9694,-83.2822,-1.3185,11,0.2750,1.0000,8,8,8,0,0,8,8,0.0000
4,152.0000,41,40,559.2887,-83.2913,0.2940,6,0.1500,1.0000,6,10,9,0,0,10,9,0.1000
4,152.0000,41,43,420.5942,-81.8315,1.2962,8,0.2000,0.8750,8,6,5,0,0,6,5,0.1667
4,152.0000,41,45,561.5345,-83.7372,0.1294,7,0.1750,1.0000,8,8,8,0,0,8,8,0.0000
4,152.0000,41,47,417.5883,-82.3504,0.1268,8,0.2000,0.8000,5,6,4,0,0,6,4,0.3333
4,152.0000,42,2,739.8891,-86.3957,-0.3253,7,0.1750,1.0000,8,6,6,0,0,6,6,0.0000
4,152.0000,42,4,891.2036,-85.8539,0.3252,4,0.1000,1.0000,8,3,2,0,0,3,2,0.3333
4,152.0000,42,6,569.3956,-84.0391,-2.0480,5,0.1250,1.0000,8,8,8,0,0,8,8,0.0000
4,152.0000,42,8,710.5014,-85.4633,1.2140,3,0.0750,0.8750,8,8,8,0,0,8,8,0.0000
4,152.0000,42,11,551.6152,-84.1129,0.0468,12,0.3000,0.7143,7,8,8,0,0,8,8,0.0000
4,152.0000,42,13,725.9959,-86.5898,-0.0333,3,0.0750,1.0000,8,8,8,0,0,8,8,0.0000
4,152.0000,42,14,635.9848,-85.0395,-1.1882,5,0.1250,1.0000,8,8,8,0,0,8,8,0.0000
4,152.0000,42,15,665.2288,-84.5321,0.6888,8,0.2000,1.0000,8,8,8,0,0,8,8,0.0000
4,152.0000,42,17,473.7268,-82.3610,-0.1083,18,0.4500,0.6667,6,8,8,0,0,8,8,0.0000
4,152.0000,42,19,1033.7276,-89.5243,-0.1372,3,0.0750,1.0000,2,6,6,0,0,6,6,0.0000
4,152.0000,42,20,451.1725,-80.4412,0.1146,11,0.2750,1.0000,8,8,8,0,0,8,8,0.0000
4,152.0000,42,28,852.1372,-87.9244,0.1070,3,0.0750,1.0000,8,6,6,0,0,6,6,0.0000
4,152.0000,42,30,829.1133,-87.3828,-0.1551,3,0.0750,0.8571,7,8,8,0,0,8,8,0.0000
4,152.0000,42,31,940.6363,-89.5910,0.1133,3,0.0750,1.0000,8,4,4,0,0,4,4,0.0000
4,152.0000,42,33,456.9526,-83.6768,0.0794,7,0.1750,1.0000,8,8,8,0,0,8,8,0.0000
4,152.0000,42,35,543.5249,-84.0133,0.5465,21,0.5250,0.8571,7,8,8,0,0,8,8,0.0000
4,152.0000,42,39,413.8083,-80.6243,-0.2869,17,0.4250,0.7143,7,8,7,0,0,8,7,0.1250
4,152.0000,42,44,772.2951,-87.2829,-1.4800,3,0.0750,1.0000,6,7,6,0,0,7,6,0.1429
4,152.0000,42,46,651.0746,-85.8693,-1.3390,9,0.2250,1.0000,8,8,8,0,0,8,8,0.0000
4,152.0000,43,0,756.0574,-85.5948,0.0200,12,0.3000,1.0000,8,8,8,0,0,8,8,0.0000
4,152.0000,43,1,242.0722,-77.7130,0.8647,25,0.6250,0.8750,8,5,2,0,0,5,2,0.6000
4,152.0000,43,3,732.6045,-87.6626,-0.1427,3,0.0750,1.0000,6,6,6,0,0,6,6,0.0000
4,152.0000,43,5,732.6422,-84.5181,-0.1417,13,0.3250,1.0000,6,6,6,0,0,6,6,0.0000
4,152.0000,43,7,543.0177,-84.4733,0.0429,8,0.2000,1.0000,8,8,8,0,0,8,8,0.0000
4,152.0000,43,10,375.4815,-80.3888,-0.2337,23,0.5750,0.7500,8,7,6,0,0,7,6,0.1429
4,152.0000,43,12,662.8235,-85.4655,-0.1315,17,0.4250,0.6667,6,8,8,0,0,8,8,0.0000
4,152.0000,43,13,780.7315,-88.1571,0.7687,3,0.0750,1.0000,6,8,8,0,0,8,8,0.0000
4,152.0000,43,16,402.9603,-80.5616,-0.0910,19,0.4750,0.6667,6,5,2,0,0,5,2,0.6000
4,152.0000,43,19,434.4948,-83.3509,-0.2912,7,0.1750,1.0000,8,7,6,0,0,7,6,0.1429
4,152.0000,43,21,508.8488,-82.5677,0.0241,8,0.2000,1.0000,8,8,8,0,0,8,8,0.0000
4,152.0000,43,22,473.5025,-82.4342,-0.2216,8,0.2000,0.8571,7,8,7,0,0,8,7,0.1250
4,152.0000,43,23,512.2221,-84.4682,-0.4816,8,0.2000,0.8571,7,6,6,0,0,6,6,0.0000
4,152.0000,43,25,574.2328,-85.6449,0.3275,8,0.2000,0.8750,8,7,6,0,0,7,6,0.1429
4,152.0000,43,26,511.3214,-82.9875,-0.5429,26,0.6500,0.8571,7,8,8,0,0,8,8,0.0000
4,152.0000,43,27,294.9219,-79.9609,0.0365,21,0.5250,0.4000,5,6,4,12,2,18,6,0.6667
4,152.0000,43,29,620.1084,-85.1991,0.6120,15,0.3750,0.7143,7,6,6,0,0,6,6,0.0000
4,152.0000,43,31,653.5645,-86.4160,0.4594,3,0.0750,1.0000,8,8,8,0,0,8,8,0.0000
4,152.0000,43,34,647.4871,-84.7728,-0.3876,16,0.4000,1.0000,8,8,7,0,0,8,7,0.1250
4,152.0000,43,36,274.2777,-78.1114,0.2048,26,0.6500,0.3333,6,5,1,0,0,5,1,0.8000
4,152.0000,43,37,770.9454,-87.1165,-0.3557,3,0.0750,1.0000,8,2,2,0,0,2,2,0.0000
4,152.0000,43,40,454.1738,-83.5200,-0.8283,3,0.0750,1.0000,8,7,6,0,0,7,6,0.1429
4,152.0000,43,41,420.5942,-83.4720,1.1459,12,0.3000,0.6667,6,5,2,0,0,5,2,0.6000
4,152.0000,43,45,320.3453,-81.0360,-0.3416,11,0.2750,1.0000,8,8,6,0,0,8,6,0.2500
4,152.0000,43,47,410.8656,-81.5519,1.6482,9,0.2250,0.8571,7,8,8,0,0,8,8,0.0000
4,152.0000,44,2,736.6136,-84.8924,-0.7162,13,0.3250,1.0000,8,6,6,0,0,6,6,0.0000
4,152.0000,44,4,596.5927,-82.6940,-0.3011,17,0.4250,1.0000,8,6,5,0,0,6,5,0.1667
4,152.0000,44,6,594.7109,-85.3955,-0.8021,4,0.1000,1.0000,6,10,10,0,0,10,10,0.0000
4,152.0000,44,8,305.7699,-80.1320,1.0574,15,0.3750,0.4000,5,6,2,0,0,6,2,0.6667
4,152.0000,44,9,201.0458,-76.1749,0.7576,31,0.7750,0.3333,6,5,2,0,0,5,2,0.6000
4,152.0000,44,11,636.2334,-84.9625,-0.2253,13,0.3250,0.8750,8,8,8,0,0,8,8,0.0000
4,152.0000,44,14,299.2786,-77.8631,-0.4677,28,0.7000,0.7143,7,7,6,1,0,8,6,0.2500
4,152.0000,44,15,679.3450,-84.6483,-1.2295,14,0.3500,1.0000,8,8,8,0,0,8,8,0.0000
4,152.0000,44,17,586.2396,-84.2420,0.1788,10,0.2500,0.7500,8,5,4,0,0,5,4,0.2000
4,152.0000,44,18,498.2919,-83.3773,0.0393,8,0.2000,1.0000,8,8,8,0,0,8,8,0.0000
4,152.0000,44,24,159.1762,-71.7477,-0.4333,34,0.8500,0.5000,6,6,4,0,0,6,4,0.3333
4,152.0000,44,28,206.0572,-75.4885,-0.2473,38,0.9500,0.5000,6,5,1,0,0,5,1,0.8000
4,152.0000,44,30,323.1122,-79.6144,-0.3266,31,0.7750,0.6667,6,4,0,0,0,4,0,1.0000
4,152.0000,44,32,444.4646,-82.2848,0.6715,6,0.1500,1.0000,8,8,7,0,0,8,7,0.1250
4,152.0000,44,33,410.9509,-80.9215,0.0616,8,0.2000,0.6667,6,6,4,0,0,6,4,0.3333
4,152.0000,44,40,662.1449,-86.0606,0.0912,3,0.0750,0.6667,6,8,8,0,0,8,8,0.0000
4,152.0000,44,42,772.2951,-85.0783,-0.0234,4,0.1000,1.0000,8,8,8,0,0,8,8,0.0000
4,152.0000,44,46,735.5306,-85.1063,-1.2709,6,0.1500,1.0000,2,8,8,0,0,8,8,0.0000
4,152.0000,45,1,331.6429,-80.2108,0.4723,16,0.4000,0.6667,6,5,1,0,0,5,1,0.8000
4,152.0000,45,3,770.4972,-86.6491,0.0680,7,0.1750,0.8571,7,8,8,0,0,8,8,0.0000
4,152.0000,45,5,968.0469,-88.7602,0.1300,3,0.0750,1.0000,2,2,2,0,0,2,2,0.0000
4,152.0000,45,6,868.5961,-86.9321,-0.8126,3,0.0750,1.0000,8,6,6,0,0,6,6,0.0000
4,152.0000,45,7,413.2614,-81.2365,0.2047,11,0.2750,0.5000,4,6,4,0,0,6,4,0.3333
4,152.0000,45,8,638.1030,-84.9583,-0.2794,6,0.1500,0.7500,4,8,8,0,0,8,8,0.0000
4,152.0000,45,9,657.0851,-86.7742,-1.0732,8,0.2000,1.0000,8,8,8,0,0,8,8,0.0000
4,152.0000,45,10,303.5569,-79.9902,1.7390,19,0.4750,0.6667,6,5,2,0,0,5,2,0.6000
4,152.0000,45,13,627.9516,-85.0055,0.0022,7,0.1750,0.8571,7,8,8,0,0,8,8,0.0000
4,152.0000,45,16,275.4723,-79.8892,0.5603,22,0.5500,0.5714,7,6,4,0,0,6,4,0.3333
4,152.0000,45,18,555.1029,-84.2718,0.3824,7,0.1750,1.0000,10,6,6,0,0,6,6,0.0000
4,152.0000,45,19,483.9486,-82.2690,-1.4319,10,0.2500,0.8571,7,8,8,0,0,8,8,0.0000
4,152.0000,45,20,842.3450,-87.4047,-0.4943,3,0.0750,1.0000,8,8,8,0,0,8,8,0.0000
4,152.0000,45,21,198.6689,-75.8105,-0.2370,33,0.8250,0.3333,6,7,4,0,0,7,4,0.4286
4,152.0000,45,22,347.0695,-77.5334,-1.8709,24,0.6000,0.2000,5,7,6,0,0,7,6,0.1429
4,152.0000,45,23,569.6008,-83.7943,0.3190,8,0.2000,0.7500,8,6,4,0,0,6,4,0.3333
4,152.0000,45,24,903.9438,-88.2537,-0.1601,5,0.1250,1.0000,6,8,7,0,0,8,7,0.1250
4,152.0000,45,25,649.0916,-85.8064,-0.4155,7,0.1750,0.8571,7,8,8,0,0,8,8,0.0000
4,152.0000,45,26,716.2049,-86.7896,-0.1122,6,0.1500,1.0000,10,6,6,0,0,6,6,0.0000
4,152.0000,45,27,529.8504,-82.8046,-0.0987,9,0.2250,0.7143,7,5,1,0,0,5,1,0.8000
4,152.0000,45,31,437.9564,-81.1242,0.7769,12,0.3000,0.4000,5,8,8,0,0,8,8,0.0000
4,152.0000,45,32,438.3702,-80.8485,-0.5519,10,0.2500,1.0000,8,6,4,0,0,6,4,0.3333
4,152.0000,45,33,821.7714,-86.0630,-1.5575,6,0.1500,1.0000,8,8,8,0,0,8,8,0.0000
4,152.0000,45,34,948.2528,-88.2693,-1.0301,5,0.1250,,0,4,4,0,0,4,4,0.0000
4,152.0000,45,36,368.3026,-80.7397,0.6243,20,0.5000,0.7143,7,6,2,0,0,6,2,0.6667
4,152.0000,45,37,807.1523,-87.0959,-0.4679,6,0.1500,1.0000,6,4,4,0,0,4,4,0.0000
4,152.0000,45,38,453.5064,-81.1781,-0.6760,12,0.3000,0.8571,7,8,8,0,0,8,8,0.0000
4,152.0000,45,40,181.7946,-73.2319,-0.7156,33,0.8250,0.2000,5,5,2,3,0,8,2,0.7500
4,152.0000,45,41,561.5345,-83.6070,-0.2433,7,0.1750,1.0000,8,8,8,0,0,8,8,0.0000
4,152.0000,45,43,320.3453,-80.2073,1.6360,22,0.5500,0.8571,7,8,5,0,0,8,5,0.3750
4,152.0000,45,47,330.6408,-80.6891,-0.0976,16,0.4000,0.8571,7,8,7,0,0,8,7,0.1250
4,152.0000,46,2,283.0279,-78.6839,-0.3501,34,0.8500,0.3333,6,4,1,0,0,4,1,0.7500
4,152.0000,46,4,505.2700,-83.6512,0.2526,18,0.4500,1.0000,8,7,5,0,0,7,5,0.2857
4,152.0000,46,11,148.2610,-75.2569,0.9739,38,0.9500,0.2000,5,4,0,0,0,4,0,1.0000
4,152.0000,46,14,529.1872,-85.1127,1.4462,5,0.1250,0.8571,7,7,4,0,0,7,4,0.4286
4,152.0000,46,15,84.0637,-72.6722,1.9567,36,0.9000,0.3333,6,4,0,0,0,4,0,1.0000
4,152.0000,46,17,354.1744,-81.3315,0.5773,21,0.5250,0.7143,7,6,2,0,0,6,2,0.6667
4,152.0000,46,28,639.4874,-84.1266,0.1246,5,0.1250,0.8571,7,8,8,0,0,8,8,0.0000
4,152.0000,46,30,555.2291,-83.2904,-0.7105,10,0.2500,0.8571,7,6,4,0,0,6,4,0.3333
4,152.0000,46,35,552.0436,-82.4882,-0.8988,29,0.7250,0.7143,7,8,7,0,0,8,7,0.1250
4,152.0000,46,42,651.0746,-84.7517,-0.4932,4,0.1000,0.8750,8,7,5,0,0,7,5,0.2857
4,152.0000,47,1,255.6899,-74.3411,-1.6623,36,0.9231,0.0000,4,6,3,0,0,6,3,0.5000
4,152.0000,47,3,569.7194,-84.6796,-0.5588,10,0.2564,1.0000,8,7,5,0,0,7,5,0.2857
4,152.0000,47,6,612.2606,-85.7151,-0.5409,10,0.2564,0.8571,7,6,6,0,0,6,6,0.0000
4,152.0000,47,7,280.1431,-80.1907,0.7183,25,0.6410,0.7500,8,4,1,0,0,4,1,0.7500
4,152.0000,47,8,597.9397,-84.6436,-0.1193,12,0.3077,1.0000,8,8,7,0,0,8,7,0.1250
4,152.0000,47,9,629.7718,-85.2211,0.5609,11,0.2821,1.0000,8,7,6,0,0,7,6,0.1429
4,152.0000,47,10,393.3148,-81.5772,-0.3593,24,0.6154,0.7143,7,7,6,0,0,7,6,0.1429
4,152.0000,47,13,403.7299,-83.2907,0.3416,13,0.3333,0.8750,8,6,4,0,0,6,4,0.3333
4,152.0000,47,16,389.8514,-81.8741,-0.1266,23,0.5897,0.8571,7,5,2,0,0,5,2,0.6000
4,152.0000,47,18,461.3177,-83.4864,0.0953,13,0.3333,0.8750,8,6,3,0,0,6,3,0.5000
4,152.0000,47,19,226.0394,-74.7368,-1.0498,31,0.7949,0.0000,4,6,4,4,4,10,8,0.2000
4,152.0000,47,20,657.3904,-86.8169,1.1033,6,0.1538,0.8000,5,7,6,0,0,7,6,0.1429
4,152.0000,47,21,464.7981,-83.2178,0.2299,17,0.4359,0.6667,6,7,6,0,0,7,6,0.1429
4,152.0000,47,22,380.9175,-81.6230,-0.2556,18,0.4615,0.7143,7,6,4,0,0,6,4,0.3333
4,152.0000,47,23,502.2837,-83.5016,-0.3645,17,0.4359,0.8571,7,6,4,0,0,6,4,0.3333
4,152.0000,47,24,760.1063,-88.0475,-1.4777,4,0.1026,0.7500,4,6,6,0,0,6,6,0.0000
4,152.0000,47,25,425.4012,-82.4356,1.0312,16,0.4103,0.8750,8,8,7,0,0,8,7,0.1250
4,152.0000,47,27,455.9623,-80.8133,-0.6537,27,0.6923,0.7727,44,6,4,0,0,6,4,0.3333
4,152.0000,47,28,935.5300,-88.1794,-0.3602,3,0.0769,1.0000,4,4,4,0,0,4,4,0.0000
4,152.0000,47,31,284.8418,-79.5106,0.1435,17,0.4359,1.0000,8,7,4,0,0,7,4,0.4286
4,152.0000,47,32,311.9315,-81.2283,1.3014,16,0.4103,0.7143,7,6,3,0,0,6,3,0.5000
4,152.0000,47,33,669.8553,-86.6158,0.6913,7,0.1795,0.8750,8,8,8,0,0,8,8,0.0000
4,152.0000,47,34,945.3413,-87.8346,-0.7372,9,0.2308,,0,4,4,0,0,4,4,0.0000
4,152.0000,47,36,397.7178,-80.4043,-0.7455,27,0.6923,0.8750,8,8,8,0,0,8,8,0.0000
4,152.0000,47,37,556.7035,-85.1786,-0.0610,16,0.4103,0.7143,7,5,3,0,0,5,3,0.4000
4,152.0000,47,38,218.7417,-76.5136,-0.4479,27,0.6923,0.5000,6,8,4,0,0,8,4,0.5000
4,152.0000,47,39,736.6275,-86.8327,0.3991,8,0.2051,1.0000,8,8,8,0,0,8,8,0.0000
4,152.0000,47,40,278.4958,-78.7578,0.7492,26,0.6667,0.5714,7,5,1,0,0,5,1,0.8000
4,152.0000,47,41,417.5883,-82.2467,0.2334,21,0.5385,0.4000,5,6,4,0,0,6,4,0.3333
4,152.0000,47,43,410.8656,-81.1791,-0.1596,26,0.6667,0.7143,7,6,3,0,0,6,3,0.5000
4,152.0000,47,44,752.1968,-87.9605,0.0634,5,0.1282,,0,8,8,0,0,8,8,0.0000
4,152.0000,47,45,330.6408,-78.7072,0.3537,30,0.7692,0.6000,5,5,1,0,0,5,1,0.8000
4,156.0000,0,5,524.1635,-83.7387,0.3991,17,0.4250,0.5714,7,7,5,0,0,7,5,0.2857
4,156.0000,0,12,555.5410,-84.2679,0.0275,15,0.3750,0.7143,7,7,6,0,0,7,6,0.1429
4,156.0000,0,26,783.3923,-87.2919,0.4644,6,0.1500,1.0000,8,8,8,0,0,8,8,0.0000
4,156.0000,0,27,686.4279,-85.7481,1.2861,4,0.1000,1.0000,8,8,8,0,0,8,8,0.0000
4,156.0000,0,29,365.3554,-79.8018,-0.2786,28,0.7000,0.2000,5,7,4,0,0,7,4,0.4286
4,156.0000,0,34,306.8903,-79.7172,-0.5872,28,0.7000,0.4000,5,6,3,0,0,6,3,0.5000
4,156.0000,0,36,809.1027,-86.9982,3.2568,3,0.0750,1.0000,8,8,8,0,0,8,8,0.0000
4,156.0000,0,41,983.7256,-86.7499,0.9853,3,0.0750,1.0000,8,8,8,0,0,8,8,0.0000
4,156.0000,0,43,804.0286,-87.6581,0.7983,3,0.0750,0.8571,7,8,8,0,0,8,8,0.0000
4,156.0000,1,0,869.3472,-87.7255,0.1951,8,0.2000,1.0000,8,6,6,0,0,6,6,0.0000
4,156.0000,1,3,726.5985,-86.6722,0.6019,8,0.2000,1.0000,8,7,6,0,0,7,6,0.1429
4,156.0000,1,5,727.4892,-86.4687,0.2708,14,0.3500,1.0000,2,6,4,0,0,6,4,0.3333
4,156.0000,1,6,993.1123,-88.1059,-0.3101,6,0.1500,1.0000,6,2,2,0,0,2,2,0.0000
4,156.0000,1,7,383.8196,-80.6807,0.2434,22,0.5500,0.7143,7,8,8,0,0,8,8,0.0000
4,156.0000,1,8,870.8036,-88.1095,-0.5885,4,0.1000,1.0000,6,8,8,0,0,8,8,0.0000
4,156.0000,1,10,355.8102,-79.4592,-0.4233,27,0.6750,0.5000,6,7,5,0,0,7,5,0.2857
4,156.0000,1,12,772.0854,-86.5816,0.3195,12,0.3000,1.0000,4,8,8,0,0,8,8,0.0000
4,156.0000,1,13,672.5486,-86.2941,-1.0010,5,0.1250,1.0000,8,8,8,0,0,8,8,0.0000
4,156.0000,1,16,331.2871,-79.7296,0.1021,27,0.6750,0.8750,8,8,8,0,0,8,8,0.0000
4,156.0000,1,18,667.7759,-86.0871,0.0775,7,0.1750,1.0000,8,7,6,0,0,7,6,0.1429
4,156.0000,1,19,410.7601,-81.4736,-0.1393,17,0.4250,0.7143,7,8,8,0,0,8,8,0.0000
4,156.0000,1,21,537.2370,-83.3403,-0.1675,18,0.4500,0.8750,8,8,8,0,0,8,8,0.0000
4,156.0000,1,22,600.8953,-85.7443,-0.0495,9,0.2250,0.8333,6,10,10,0,0,10,10,0.0000
4,156.0000,1,23,577.0250,-84.1946,-0.0515,10,0.2500,0.6667,6,6,6,0,0,6,6,0.0000
4,156.0000,1,25,489.2416,-83.7568,0.2347,10,0.2500,0.8750,8,8,7,0,0,8,7,0.1250
4,156.0000,1,26,511.1621,-84.6035,0.7991,19,0.4750,1.0000,6,7,6,0,0,7,6,0.1429
4,156.0000,1,27,380.0148,-81.1582,0.0642,25,0.6250,0.8750,8,6,3,0,0,6,3,0.5000
4,156.0000,1,29,571.6540,-84.4736,-0.0565,18,0.4500,1.0000,8,8,7,0,0,8,7,0.1250
4,156.0000,1,31,601.0842,-83.3051,-0.6969,9,0.2250,1.0000,8,6,4,0,0,6,4,0.3333
4,156.0000,1,32,488.3235,-83.1068,1.3326,10,0.2500,1.0000,8,7,6,0,0,7,6,0.1429
4,156.0000,1,33,1029.6244,-87.7562,-4.6057,3,0.0750,1.0000,6,6,6,0,0,6,6,0.0000
4,156.0000,1,36,130.5199,-72.5779,0.1390,36,0.9000,0.0000,4,4,0,0,0,4,0,1.0000
4,156.0000,1,37,694.2961,-87.2141,-0.8751,7,0.1750,1.0000,6,8,8,0,0,8,8,0.0000
4,156.0000,1,38,604.7648,-83.6936,-0.9416,9,0.2250,0.8571,7,8,7,0,0,8,7,0.1250
4,156.0000,1,40,460.1838,-81.3748,-0.6018,16,0.4000,1.0000,8,8,6,0,0,8,6,0.2500
4,156.0000,1,41,439.2739,-82.3995,0.3316,18,0.4500,0.6667,6,7,6,0,0,7,6,0.1429
4,156.0000,1,43,247.8541,-77.3910,0.2057,31,0.7750,0.5000,6,6,4,0,0,6,4,0.3333
4,156.0000,1,44,974.1317,-88.4372,0.2695,3,0.0750,1.0000,6,6,6,0,0,6,6,0.0000
4,156.0000,1,45,340.5892,-80.0866,0.2118,24,0.6000,0.4000,5,8,6,0,0,8,6,0.2500
4,156.0000,1,47,404.1079,-79.2408,-0.8147,18,0.4500,0.6667,6,8,7,0,0,8,7,0.1250
4,156.0000,2,4,225.7328,-78.3645,0.3977,31,0.7750,0.3333,6,6,2,0,0,6,2,0.6667
4,156.0000,2,11,398.2498,-81.0872,-0.2020,19,0.4750,0.3333,6,6,3,0,0,6,3,0.5000
4,156.0000,2,14,621.5143,-85.0032,-1.3827,5,0.1250,1.0000,8,8,7,0,0,8,7,0.1250
4,156.0000,2,15,344.5032,-80.7059,-0.7490,28,0.7000,0.8571,7,5,1,0,0,5,1,0.8000
4,156.0000,2,17,338.0339,-79.0169,-0.0362,24,0.6000,0.6667,6,8,7,0,0,8,7,0.1250
4,156.0000,2,24,723.6035,-87.0316,-3.1963,3,0.0750,0.8750,8,7,6,0,0,7,6,0.1429
4,156.0000,2,30,553.5170,-82.5369,-0.1292,9,0.2250,0.6667,6,8,8,0,0,8,8,0.0000
4,156.0000,2,35,800.2751,-85.6660,-0.4436,5,0.1250,1.0000,8,8,8,0,0,8,8,0.0000
4,156.0000,2,46,358.8543,-79.5856,-0.7897,25,0.6250,0.5000,6,6,4,0,0,6,4,0.3333
4,156.0000,3,1,726.5985,-86.9251,-1.2764,4,0.1000,0.8750,8,7,6,0,0,7,6,0.1429
4,156.0000,3,6,434.1660,-82.2905,0.4396,6,0.1500,0.8571,7,8,8,0,0,8,8,0.0000
4,156.0000,3,7,701.9126,-88.5800,-0.1653,3,0.0750,0.8571,7,8,8,0,0,8,8,0.0000
4,156.0000,3,8,728.9183,-85.6915,0.7169,3,0.0750,1.0000,8,8,8,0,0,8,8,0.0000
4,156.0000,3,13,482.8111,-82.9034,-0.5598,7,0.1750,0.7143,7,8,8,0,0,8,8,0.0000
4,156.0000,3,19,341.1275,-80.1194,0.5371,11,0.2750,0.8571,7,7,6,0,0,7,6,0.1429
4,156.0000,3,20,272.0442,-78.6370,0.9334,19,0.4750,0.8571,7,6,3,0,0,6,3,0.5000
4,156.0000,3,22,393.8299,-80.4261,0.7813,9,0.2250,1.0000,8,7,5,0,0,7,5,0.2857
4,156.0000,3,23,320.5188,-78.7495,0.8223,16,0.4000,1.0000,8,7,6,0,0,7,6,0.1429
4,156.0000,3,24,769.2241,-85.7237,-0.7206,3,0.0750,1.0000,8,4,4,0,0,4,4,0.0000
4,156.0000,3,25,293.8713,-77.3120,-1.0762,22,0.5500,0.0000,4,7,4,0,0,7,4,0.4286
4,156.0000,3,27,614.5387,-83.2543,0.4932,8,0.2000,0.8571,7,6,5,0,0,6,5,0.1667
4,156.0000,3,31,659.6955,-85.5601,0.7252,4,0.1000,1.0000,6,6,6,0,0,6,6,0.0000
4,156.0000,3,32,552.4407,-84.2858,-0.8363,6,0.1500,1.0000,8,7,5,0,0,7,5,0.2857
4,156.0000,3,33,509.0786,-83.1532,-0.0261,8,0.2000,0.6667,6,7,6,0,0,7,6,0.1429
4,156.0000,3,37,147.6752,-71.4607,-0.2008,33,0.8250,0.0000,4,4,0,0,0,4,0,1.0000
4,156.0000,3,38,431.3135,-82.2499,-1.4215,8,0.2000,1.0000,8,8,8,0,0,8,8,0.0000
4,156.0000,3,39,318.7949,-80.5590,0.2097,15,0.3750,0.4000,5,6,3,0,0,6,3,0.5000
4,156.0000,3,40,720.8997,-86.5500,0.4860,3,0.0750,1.0000,8,8,8,0,0,8,8,0.0000
4,156.0000,3,41,328.0243,-79.0722,0.4480,14,0.3500,0.6667,6,7,5,0,0,7,5,0.2857
4,156.0000,3,43,642.4610,-87.1369,1.5015,3,0.0750,1.0000,6,7,6,0,0,7,6,0.1429
4,156.0000,3,44,831.8455,-86.0910,0.6963,5,0.1250,1.0000,8,8,8,0,0,8,8,0.0000
4,156.0000,3,45,809.7564,-88.5539,-0.3089,4,0.1000,1.0000,4,4,4,0,0,4,4,0.0000
4,156.0000,3,47,507.2429,-82.9221,0.1488,4,0.1000,1.0000,8,8,7,0,0,8,7,0.1250
4,156.0000,4,2,225.7328,-78.4625,0.7216,35,0.8750,0.3333,6,4,0,0,0,4,0,1.0000
4,156.0000,4,9,889.5771,-86.2319,-0.8805,4,0.1000,1.0000,8,6,6,0,0,6,6,0.0000
4,156.0000,4,11,512.0496,-84.9060,0.1144,16,0.4000,0.8750,8,7,6,0,0,7,6,0.1429
4,156.0000,4,14,597.8288,-84.6564,0.1572,8,0.2000,1.0000,8,8,8,0,0,8,8,0.0000
4,156.0000,4,15,495.2156,-83.4362,-0.3069,19,0.4750,0.8750,8,7,5,0,0,7,5,0.2857
4,156.0000,4,17,404.7959,-81.3758,-0.1568,21,0.5250,0.5000,6,6,3,0,0,6,3,0.5000
4,156.0000,4,24,695.6065,-86.8610,-0.1388,4,0.1000,0.8571,7,8,8,0,0,8,8,0.0000
4,156.0000,4,28,587.6757,-84.2208,0.5281,12,0.3000,1.0000,8,8,8,0,0,8,8,0.0000
4,156.0000,4,30,416.4373,-80.0590,-0.4604,22,0.5500,0.4000,5,8,8,0,0,8,8,0.0000
4,156.0000,4,35,981.8500,-87.3797,0.4901,3,0.0750,1.0000,6,8,8,0,0,8,8,0.0000
4,156.0000,4,42,944.4800,-88.4147,-0.5760,3,0.0750,0.8571,7,8,8,0,0,8,8,0.0000
4,156.0000,4,46,475.1417,-82.6160,0.3272,21,0.5250,1.0000,8,7,6,0,0,7,6,0.1429
4,156.0000,5,0,524.1635,-84.1021,1.0712,13,0.3250,0.8571,7,7,6,0,0,7,6,0.1429
4,156.0000,5,12,157.9211,-72.1124,0.6019,36,0.9000,0.0000,4,4,0,0,0,4,0,1.0000
4,156.0000,5,26,371.8803,-79.8292,-1.4162,22,0.5500,0.5714,7,6,4,0,0,6,4,0.3333
4,156.0000,5,27,798.6175,-86.8818,2.4040,4,0.1000,1.0000,8,8,8,0,0,8,8,0.0000
4,156.0000,5,29,499.6711,-83.7084,0.3824,14,0.3500,0.8750,8,7,5,0,0,7,5,0.2857
4,156.0000,5,34,262.0039,-79.4983,0.6288,31,0.7750,0.5000,4,6,1,0,0,6,1,0.8333
4,156.0000,5,36,610.1088,-84.2136,-0.6115,4,0.1000,1.0000,8,8,8,0,0,8,8,0.0000
4,156.0000,6,3,434.1660,-81.6391,0.3351,12,0.3000,1.0000,8,7,6,0,0,7,6,0.1429
4,156.0000,6,7,792.4414,-87.2836,-0.2425,3,0.0750,1.0000,8,10,10,0,0,10,10,0.0000
4,156.0000,6,8,700.3363,-85.9234,-0.6402,5,0.1250,0.8000,5,8,8,0,0,8,8,0.0000
4,156.0000,6,9,673.7511,-84.1186,0.8409,5,0.1250,1.0000,8,8,8,0,0,8,8,0.0000
4,156.0000,6,11,750.6782,-86.6577,-0.5059,6,0.1500,0.8000,5,8,8,0,0,8,8,0.0000
4,156.0000,6,13,443.8139,-79.0007,-1.1487,12,0.3000,0.8750,8,8,7,0,0,8,7,0.1250
4,156.0000,6,14,606.0877,-83.0799,-1.9218,10,0.2500,0.7143,7,8,8,0,0,8,8,0.0000
4,156.0000,6,15,901.1218,-87.3686,-6.8451,3,0.0750,0.7500,4,2,2,0,0,2,2,0.0000
4,156.0000,6,17,792.7217,-86.3188,-1.3984,4,0.1000,1.0000,4,8,8,0,0,8,8,0.0000
4,156.0000,6,19,656.4604,-85.2231,-0.1526,4,0.1000,1.0000,8,8,8,0,0,8,8,0.0000
4,156.0000,6,20,276.3907,-78.0493,-0.4705,30,0.7500,0.2000,5,6,3,0,0,6,3,0.5000
4,156.0000,6,23,701.4598,-84.1634,-0.4204,3,0.0750,1.0000,8,10,10,0,0,10,10,0.0000
4,156.0000,6,24,471.0118,-83.3988,-0.5310,8,0.2000,0.6667,6,8,7,0,0,8,7,0.1250
4,156.0000,6,25,661.6776,-84.1566,-0.8232,5,0.1250,0.8750,8,8,8,0,0,8,8,0.0000
4,156.0000,6,28,774.8236,-85.5866,1.3630,3,0.0750,0.8333,6,6,6,0,0,6,6,0.0000
4,156.0000,6,31,674.9786,-85.6295,0.7992,4,0.1000,1.0000,8,8,8,0,0,8,8,0.0000
4,156.0000,6,32,653.0173,-84.4954,-1.1728,5,0.1250,1.0000,8,8,8,0,0,8,8,0.0000
4,156.0000,6,33,305.1951,-78.2962,-0.2874,20,0.5000,0.7500,8,7,5,0,0,7,5,0.2857
4,156.0000,6,35,801.7061,-86.1450,0.0770,9,0.2250,,0,4,4,0,0,4,4,0.0000
4,156.0000,6,37,363.6829,-80.0080,0.1741,22,0.5500,1.0000,8,8,8,0,0,8,8,0.0000
4,156.0000,6,38,476.3242,-81.2644,-0.7383,5,0.1250,0.8750,8,7,5,0,0,7,5,0.2857
4,156.0000,6,39,138.7861,-72.5168,0.8125,38,0.9500,0.0000,4,5,1,0,0,5,1,0.8000
4,156.0000,6,40,889.9718,-87.4469,-0.4557,3,0.0750,0.8571,7,6,6,0,0,6,6,0.0000
4,156.0000,6,41,710.2621,-88.0024,-0.3062,3,0.0750,0.8333,6,4,3,0,0,4,3,0.2500
4,156.0000,6,42,539.0679,-84.2114,-0.3332,13,0.3250,0.6250,8,5,4,0,0,5,4,0.2000
4,156.0000,6,44,681.2197,-83.6468,-0.8401,3,0.0750,1.0000,8,8,8,0,0,8,8,0.0000
4,156.0000,6,47,647.2773,-85.0601,-0.0699,5,0.1250,0.8750,8,8,8,0,0,8,8,0.0000
4,156.0000,7,1,383.8196,-80.5086,-0.1010,18,0.4500,0.8571,7,7,6,0,0,7,6,0.1429
4,156.0000,7,3,701.9126,-87.6258,-0.8882,4,0.1000,1.0000,8,2,2,0,0,2,2,0.0000
4,156.0000,7,6,792.4414,-86.3199,-0.7644,5,0.1250,1.0000,6,4,4,0,0,4,4,0.0000
4,156.0000,7,8,632.1296,-86.0322,-2.3250,6,0.1500,1.0000,6,8,8,0,0,8,8,0.0000
4,156.0000,7,9,547.6102,-84.8616,1.8756,6,0.1500,0.8571,7,8,8,0,0,8,8,0.0000
4,156.0000,7,10,307.2452,-78.7949,0.0043,24,0.6000,0.5714,7,8,8,0,0,8,8,0.0000
4,156.0000,7,13,405.0420,-84.3542,0.5966,10,0.2500,0.7500,8,7,6,0,0,7,6,0.1429
4,156.0000,7,14,923.1238,-87.5149,-0.9365,4,0.1000,,0,2,2,0,0,2,2,0.0000
4,156.0000,7,16,264.9716,-78.6096,0.4391,25,0.6250,0.4286,7,5,1,0,0,5,1,0.8000
4,156.0000,7,18,338.1706,-78.9018,-0.1937,21,0.5250,1.0000,8,7,5,0,0,7,5,0.2857
4,156.0000,7,19,486.2650,-82.0484,-0.5176,10,0.2500,0.7500,8,8,7,0,0,8,7,0.1250
4,156.0000,7,20,825.2725,-88.0657,-0.1220,5,0.1250,1.0000,8,6,6,0,0,6,6,0.0000
4,156.0000,7,21,512.0967,-83.9984,-0.3348,13,0.3250,0.8571,7,6,4,0,0,6,4,0.3333
4,156.0000,7,22,603.7320,-85.3321,-0.0899,7,0.1750,1.0000,8,8,8,0,0,8,8,0.0000
4,156.0000,7,23,654.4921,-87.2560,0.3761,8,0.2000,1.0000,6,8,7,0,0,8,7,0.1250
4,156.0000,7,24,800.4557,-88.2253,-0.3183,6,0.1500,1.0000,8,4,4,0,0,4,4,0.0000
4,156.0000,7,25,590.3936,-85.5453,2.0951,8,0.2000,1.0000,8,8,7,0,0,8,7,0.1250
4,156.0000,7,26,785.8535,-87.1876,-0.2456,6,0.1500,0.8333,6,5,3,0,0,5,3,0.4000
4,156.0000,7,27,688.0844,-87.5695,1.1114,7,0.1750,0.8571,7,8,8,0,0,8,8,0.0000
4,156.0000,7,28,828.4478,-87.4545,1.1201,5,0.1250,1.0000,4,8,8,0,0,8,8,0.0000
4,156.0000,7,31,296.0076,-79.9260,-0.2912,16,0.4000,0.5000,6,6,4,0,0,6,4,0.3333
4,156.0000,7,32,258.6236,-78.6299,0.1061,17,0.4250,0.6667,6,7,6,0,0,7,6,0.1429
4,156.0000,7,33,818.1779,-88.0357,-0.6907,6,0.1500,1.0000,8,8,8,0,0,8,8,0.0000
4,156.0000,7,36,472.1154,-82.8340,-1.0743,14,0.3500,0.8750,8,7,6,0,0,7,6,0.1429
4,156.0000,7,37,620.5488,-85.7753,-0.0520,7,0.1750,1.0000,6,6,4,0,0,6,4,0.3333
4,156.0000,7,38,380.3238,-80.3090,-1.1831,8,0.2000,0.7143,7,8,7,0,0,8,7,0.1250
4,156.0000,7,39,762.6108,-87.3023,2.8020,4,0.1000,1.0000,2,8,8,0,0,8,8,0.0000
4,156.0000,7,40,367.1851,-81.5817,0.5889,15,0.3750,0.7143,7,6,3,0,0,6,3,0.5000
4,156.0000,7,41,567.0435,-85.8569,1.8930,8,0.2000,0.8571,7,7,6,0,0,7,6,0.1429
4,156.0000,7,43,550.1087,-83.9259,0.2882,10,0.2500,0.8750,8,8,7,0,0,8,7,0.1250
4,156.0000,7,44,658.6429,-86.8860,0.3877,6,0.1500,1.0000,8,8,8,0,0,8,8,0.0000
4,156.0000,7,45,458.8328,-81.9692,-0.5741,12,0.3000,0.8571,7,8,7,0,0,8,7,0.1250
4,156.0000,7,47,213.3884,-77.1495,-0.1784,20,0.5000,0.6000,5,7,3,0,0,7,3,0.5714
4,156.0000,8,1,870.8036,-88.1458,-0.1242,5,0.1250,1.0000,8,6,6,0,0,6,6,0.0000
4,156.0000,8,3,728.9183,-85.4976,-0.3955,7,0.1750,0.8571,7,6,6,0,0,6,6,0.0000
4,156.0000,8,4,845.5730,-87.1374,0.7370,7,0.1750,1.0000,4,6,6,0,0,6,6,0.0000
4,156.0000,8,6,700.3363,-86.3757,-0.3130,8,0.2000,0.8571,7,2,2,0,0,2,2,0.0000
4,156.0000,8,9,96.0203,-71.9233,1.8246,33,0.8250,0.5000,6,4,0,0,0,4,0,1.0000
4,156.0000,8,11,851.3546,-87.0047,0.3388,5,0.1250,0.8571,7,8,8,0,0,8,8,0.0000
4,156.0000,8,13,383.8255,-80.3408,-0.1184,14,0.3500,0.8571,7,8,8,0,0,8,8,0.0000
4,156.0000,8,14,579.9593,-85.0350,-1.2125,9,0.2250,0.8750,8,8,8,0,0,8,8,0.0000
4,156.0000,8,16,657.3049,-87.8162,-1.0526,3,0.0750,1.0000,8,8,7,0,0,8,7,0.1250
4,156.0000,8,17,718.8217,-86.7844,0.4348,7,0.1750,0.6000,5,6,6,0,0,6,6,0.0000
4,156.0000,8,18,549.7015,-83.0512,-0.1278,6,0.1500,1.0000,8,8,8,0,0,8,8,0.0000
4,156.0000,8,20,659.4574,-84.6311,-0.9445,8,0.2000,0.8571,7,8,8,0,0,8,8,0.0000
4,156.0000,8,22,515.2094,-83.4768,-0.5185,8,0.2000,0.8571,7,8,7,0,0,8,7,0.1250
4,156.0000,8,24,457.9572,-80.8164,0.2002,14,0.3500,0.7500,8,7,6,0,0,7,6,0.1429
4,156.0000,8,25,840.8686,-88.4482,0.1067,3,0.0750,1.0000,8,6,6,0,0,6,6,0.0000
4,156.0000,8,28,432.8068,-82.1099,1.1329,18,0.4500,0.8750,8,7,5,0,0,7,5,0.2857
4,156.0000,8,30,481.0448,-84.7168,0.7246,11,0.2750,0.5714,7,7,5,0,0,7,5,0.2857
4,156.0000,8,31,341.4601,-81.1465,-0.3984,13,0.3250,0.7143,7,8,7,0,0,8,7,0.1250
4,156.0000,8,32,407.0121,-80.1799,-0.4315,10,0.2500,0.6667,6,8,8,0,0,8,8,0.0000
4,156.0000,8,33,482.6802,-80.8014,-0.2804,13,0.3250,0.8750,8,7,6,0,0,7,6,0.1429
4,156.0000,8,36,965.7566,-88.9948,-0.3131,3,0.0750,1.0000,4,8,8,0,0,8,8,0.0000
4,156.0000,8,37,721.1546,-86.9182,0.1788,4,0.1000,1.0000,6,8,8,0,0,8,8,0.0000
4,156.0000,8,38,397.0124,-81.3520,0.2711,10,0.2500,0.8750,8,8,8,0,0,8,8,0.0000
4,156.0000,8,39,645.3503,-84.9343,-0.7869,8,0.2000,0.8750,8,8,8,0,0,8,8,0.0000
4,156.0000,8,40,466.5991,-83.2177,0.0311,7,0.1750,0.8750,8,8,7,0,0,8,7,0.1250
4,156.0000,8,42,879.3995,-86.2963,-0.5812,5,0.1250,1.0000,6,4,4,0,0,4,4,0.0000
4,156.0000,8,44,236.2170,-77.8422,0.4087,23,0.5750,0.5000,6,7,3,0,0,7,3,0.5714
4,156.0000,8,45,701.9222,-86.9528,-0.5692,4,0.1000,1.0000,8,8,7,0,0,8,7,0.1250
4,156.0000,8,46,850.8359,-86.8125,-0.4996,3,0.0750,1.0000,6,2,2,0,0,2,2,0.0000
4,156.0000,8,47,520.1516,-84.3343,-0.7119,7,0.1750,1.0000,8,8,8,0,0,8,8,0.0000
4,156.0000,9,1,811.8163,-87.6967,-0.7082,3,0.0732,1.0000,2,4,4,0,0,4,4,0.0000
4,156.0000,9,2,1000.2168,-88.3559,-0.1655,4,0.0976,,0,6,6,0,0,6,6,0.0000
4,156.0000,9,3,710.5691,-86.6232,1.0371,4,0.0976,1.0000,2,8,8,0,0,8,8,0.0000
4,156.0000,9,4,889.5771,-87.2675,0.5857,5,0.1220,1.0000,8,6,6,0,0,6,6,0.0000
4,156.0000,9,6,673.7511,-84.0775,0.0241,7,0.1707,1.0000,8,4,3,0,0,4,3,0.2500
4,156.0000,9,7,547.6102,-84.8582,1.1258,7,0.1707,1.0000,8,8,7,0,0,8,7,0.1250
4,156.0000,9,8,96.0203,-71.4153,1.8081,31,0.7561,0.2000,5,5,1,0,0,5,1,0.8000
4,156.0000,9,10,652.8394,-85.9973,-1.8157,5,0.1220,1.0000,8,7,5,0,0,7,5,0.2857
4,156.0000,9,11,865.7114,-85.9134,-0.2099,4,0.0976,1.0000,4,6,6,0,0,6,6,0.0000
4,156.0000,9,13,316.2712,-80.5285,0.5792,18,0.4390,1.0000,8,7,5,0,0,7,5,0.2857
4,156.0000,9,14,565.2577,-83.3501,-0.5233,12,0.2927,0.8571,7,6,6,0,0,6,6,0.0000
4,156.0000,9,16,593.6340,-84.3635,0.7270,3,0.0732,1.0000,8,6,6,0,0,6,6,0.0000
4,156.0000,9,17,766.7872,-86.5287,0.1757,9,0.2195,1.0000,4,8,8,0,0,8,8,0.0000
4,156.0000,9,18,464.9141,-82.4238,0.7248,18,0.4390,0.7143,7,6,4,0,0,6,4,0.3333
4,156.0000,9,19,745.0933,-88.1472,0.7239,5,0.1220,0.8571,7,8,8,0,0,8,8,0.0000
4,156.0000,9,20,659.7901,-86.1625,0.0446,9,0.2195,1.0000,8,6,4,0,0,6,4,0.3333
4,156.0000,9,21,575.5396,-84.4062,0.6876,9,0.2195,0.6667,6,7,6,0,0,7,6,0.1429
4,156.0000,9,22,517.5588,-84.3657,0.4362,10,0.2439,1.0000,10,6,6,0,0,6,6,0.0000
4,156.0000,9,23,668.5688,-86.6657,0.0041,6,0.1463,1.0000,6,8,8,0,0,8,8,0.0000
4,156.0000,9,24,441.3597,-80.1817,-0.9099,19,0.4634,0.8750,8,6,4,0,0,6,4,0.3333
4,156.0000,9,25,802.9195,-87.8865,-0.8372,3,0.0732,1.0000,8,4,4,0,0,4,4,0.0000
4,156.0000,9,28,417.1612,-81.6405,0.3785,14,0.3415,0.4286,7,6,5,0,0,6,5,0.1667
4,156.0000,9,30,501.3090,-83.2677,0.3335,17,0.4146,0.8750,8,8,8,0,0,8,8,0.0000
4,156.0000,9,31,252.8264,-77.9502,0.9128,24,0.5854,1.0000,8,6,4,0,0,6,4,0.3333
4,156.0000,9,32,337.0236,-79.2390,0.0148,16,0.3902,0.6667,6,8,8,0,0,8,8,0.0000
4,156.0000,9,33,493.3049,-82.2029,-0.3107,12,0.2927,1.0000,8,7,6,0,0,7,6,0.1429
4,156.0000,9,36,907.8325,-88.3114,-0.0483,4,0.0976,1.0000,4,8,8,0,0,8,8,0.0000
4,156.0000,9,37,685.4555,-88.0675,-0.1263,5,0.1220,0.8000,5,8,7,0,0,8,7,0.1250
4,156.0000,9,38,337.0005,-80.5281,1.5873,11,0.2683,1.0000,8,6,3,0,0,6,3,0.5000
4,156.0000,9,39,628.3388,-86.3926,2.2927,7,0.1707,1.0000,6,7,6,0,0,7,6,0.1429
4,156.0000,9,40,424.7676,-82.5258,-1.1742,13,0.3171,0.8571,7,8,8,0,0,8,8,0.0000
4,156.0000,9,41,755.0526,-87.5509,1.2411,6,0.1463,1.0000,8,7,6,0,0,7,6,0.1429
4,156.0000,9,42,910.7633,-87.4491,0.3765,3,0.0732,1.0000,6,2,2,0,0,2,2,0.0000
4,156.0000,9,43,829.3498,-88.0539,-0.4388,3,0.0732,1.0000,6,8,8,0,0,8,8,0.0000
4,156.0000,9,44,205.2990,-75.7293,0.0454,31,0.7561,0.2000,5,7,3,0,0,7,3,0.5714
4,156.0000,9,45,665.5539,-86.0241,-0.9624,4,0.0976,1.0000,8,8,8,0,0,8,8,0.0000
4,156.0000,9,46,868.4557,-88.2255,0.0620,4,0.0976,1.0000,6,6,6,0,0,6,6,0.0000
4,156.0000,9,47,451.2646,-83.9465,1.1367,9,0.2195,1.0000,8,8,6,0,0,8,6,0.2500
4,156.0000,10,1,355.8102,-78.4060,-0.6767,20,0.5000,0.3333,6,7,6,0,0,7,6,0.1429
4,156.0000,10,5,905.9936,-86.9821,-0.4185,8,0.2000,1.0000,8,8,8,0,0,8,8,0.0000
4,156.0000,10,7,307.2452,-79.0878,0.0655,20,0.5000,0.6667,6,8,6,0,0,8,6,0.2500
4,156.0000,10,8,717.3965,-89.0483,1.4620,3,0.0750,1.0000,4,8,8,0,0,8,8,0.0000
4,156.0000,10,9,652.8394,-87.5532,0.3057,5,0.1250,1.0000,8,8,8,0,0,8,8,0.0000
4,156.0000,10,12,920.9438,-87.3996,-0.9976,5,0.1250,0.8333,6,4,4,0,0,4,4,0.0000
4,156.0000,10,13,636.3969,-86.3499,1.7869,4,0.1000,1.0000,8,8,8,0,0,8,8,0.0000
4,156.0000,10,16,78.1353,-64.7082,-0.8440,34,0.8500,0.1667,6,4,1,0,0,4,1,0.7500
4,156.0000,10,18,391.8421,-81.6147,1.1559,10,0.2500,1.0000,8,5,1,0,0,5,1,0.8000
4,156.0000,10,19,652.7979,-84.5836,0.0043,8,0.2000,1.0000,8,8,8,0,0,8,8,0.0000
4,156.0000,10,21,296.3855,-80.0362,1.2452,21,0.5250,0.7143,7,7,5,0,0,7,5,0.2857
4,156.0000,10,22,670.1554,-85.3816,-1.1267,5,0.1250,0.9000,10,6,6,0,0,6,6,0.0000
4,156.0000,10,23,734.2598,-87.2591,-0.8306,6,0.1500,1.0000,8,8,7,0,0,8,7,0.1250
4,156.0000,10,25,744.8118,-87.9742,-0.6024,5,0.1250,1.0000,8,8,7,0,0,8,7,0.1250
4,156.0000,10,26,570.4531,-84.2048,-0.2400,16,0.4000,0.8571,7,7,4,0,0,7,4,0.4286
4,156.0000,10,27,706.7738,-86.5327,-0.7620,8,0.2000,0.8750,8,5,4,0,0,5,4,0.2000
4,156.0000,10,31,453.5490,-85.3763,-0.7268,8,0.2000,1.0000,8,8,7,0,0,8,7,0.1250
4,156.0000,10,32,419.8827,-83.3444,-2.1325,7,0.1750,1.0000,8,8,8,0,0,8,8,0.0000
4,156.0000,10,34,994.3229,-87.1659,0.4690,4,0.1000,1.0000,8,4,4,0,0,4,4,0.0000
4,156.0000,10,36,368.3407,-77.6274,-1.7614,24,0.6000,0.5714,7,8,8,0,0,8,8,0.0000
4,156.0000,10,37,850.8191,-87.5915,-1.2724,3,0.0750,1.0000,4,4,4,0,0,4,4,0.0000
4,156.0000,10,38,593.9025,-84.1483,1.4687,6,0.1500,1.0000,8,8,8,0,0,8,8,0.0000
4,156.0000,10,40,296.9453,-79.0953,0.3631,14,0.3500,0.8571,7,8,8,0,0,8,8,0.0000
4,156.0000,10,41,681.0423,-86.1579,1.0170,6,0.1500,1.0000,8,8,8,0,0,8,8,0.0000
4,156.0000,10,43,508.0065,-82.1361,-1.0278,16,0.4000,1.0000,8,8,6,0,0,8,6,0.2500
4,156.0000,10,44,796.2605,-88.1785,-0.7333,3,0.0750,1.0000,6,7,6,0,0,7,6,0.1429
4,156.0000,10,45,264.7424,-77.7357,-0.0757,24,0.6000,0.5714,7,6,4,0,0,6,4,0.3333
4,156.0000,10,47,415.7130,-81.6931,-0.9576,10,0.2500,0.4000,5,6,4,0,0,6,4,0.3333
4,156.0000,11,2,398.2498,-81.9523,0.1937,33,0.8250,0.3333,6,7,5,0,0,7,5,0.2857
4,156.0000,11,4,512.0496,-83.0866,-0.6859,20,0.5000,0.7143,7,4,0,0,0,4,0,1.0000
4,156.0000,11,6,750.6782,-87.8312,0.2365,3,0.0750,0.8750,8,8,8,0,0,8,8,0.0000
4,156.0000,11,14,364.0057,-81.6923,-0.9008,17,0.4250,0.7500,8,6,4,0,0,6,4,0.3333
4,156.0000,11,15,157.0681,-72.2032,-0.8165,36,0.9000,0.0000,5,6,2,0,0,6,2,0.6667
4,156.0000,11,17,318.1430,-79.5913,-0.3446,26,0.6500,0.7500,8,5,1,0,0,5,1,0.8000
4,156.0000,11,20,877.5663,-84.6281,-0.2666,3,0.0750,1.0000,6,8,8,0,0,8,8,0.0000
4,156.0000,11,24,464.2552,-82.7209,-1.4555,6,0.1500,1.0000,8,7,6,0,0,7,6,0.1429
4,156.0000,11,28,599.2477,-83.4760,-0.0943,8,0.2000,1.0000,8,8,8,0,0,8,8,0.0000
4,156.0000,11,30,530.1118,-83.9194,-0.5724,12,0.3000,1.0000,8,8,8,0,0,8,8,0.0000
4,156.0000,11,33,628.9640,-87.8408,0.7166,3,0.0750,1.0000,8,8,8,0,0,8,8,0.0000
4,156.0000,11,35,524.9546,-84.0170,-0.2292,17,0.4250,0.8750,8,7,6,0,0,7,6,0.1429
4,156.0000,11,42,603.5022,-85.5735,-0.5572,8,0.2000,0.8000,5,8,8,0,0,8,8,0.0000
4,156.0000,11,44,713.3605,-86.9123,-0.5155,4,0.1000,1.0000,8,8,8,0,0,8,8,0.0000
4,156.0000,11,46,39.5664,-67.5403,3.0060,38,0.9500,0.0000,4,4,0,0,0,4,0,1.0000
4,156.0000,12,0,555.5410,-83.6016,-0.0142,19,0.4750,1.0000,6,6,4,0,0,6,4,0.3333
4,156.0000,12,5,157.9211,-73.0636,0.1840,39,0.9750,0.0000,4,5,1,0,0,5,1,0.8000
4,156.0000,12,10,920.9438,-86.9149,-0.9413,4,0.1000,1.0000,8,8,8,0,0,8,8,0.0000
4,156.0000,12,26,369.7592,-79.7143,-1.1130,30,0.7500,0.2000,5,8,4,0,0,8,4,0.5000
4,156.0000,12,27,834.6093,-87.1994,-0.0217,3,0.0750,1.0000,8,8,8,0,0,8,8,0.0000
4,156.0000,12,29,590.7799,-83.5537,-0.5465,17,0.4250,1.0000,8,8,7,0,0,8,7,0.1250
4,156.0000,12,34,363.6416,-80.6162,0.0095,35,0.8750,0.8750,8,6,3,0,0,6,3,0.5000
4,156.0000,12,36,651.0292,-86.0831,-0.4274,4,0.1000,1.0000,8,10,10,0,0,10,10,0.0000
4,156.0000,12,43,800.9253,-86.9119,0.3806,4,0.1000,1.0000,8,8,8,0,0,8,8,0.0000
4,156.0000,13,1,672.5486,-86.4242,0.7122,9,0.2250,0.7500,8,6,5,0,0,6,5,0.1667
4,156.0000,13,3,482.8111,-84.1803,-1.1111,13,0.3250,1.0000,8,8,8,0,0,8,8,0.0000
4,156.0000,13,6,443.8139,-79.7231,-1.5351,19,0.4750,0.4000,5,6,3,0,0,6,3,0.5000
4,156.0000,13,7,405.0420,-82.6856,0.5175,13,0.3250,0.8571,7,7,6,0,0,7,6,0.1429
4,156.0000,13,8,383.8255,-81.2553,-0.1016,22,0.5500,0.8571,7,8,7,0,0,8,7,0.1250
4,156.0000,13,9,316.2712,-80.2040,0.6083,24,0.6000,0.8750,8,7,6,0,0,7,6,0.1429
4,156.0000,13,10,636.3969,-84.5363,0.2842,7,0.1750,1.0000,8,6,6,0,0,6,6,0.0000
4,156.0000,13,11,896.7096,-88.7772,0.5498,6,0.1500,1.0000,2,4,4,0,0,4,4,0.0000
4,156.0000,13,14,596.4320,-84.6049,-0.1226,14,0.3500,1.0000,8,8,8,0,0,8,8,0.0000
4,156.0000,13,15,1044.9799,-88.7621,-0.0589,3,0.0750,1.0000,4,4,4,0,0,4,4,0.0000
4,156.0000,13,16,568.1151,-85.8713,-0.4295,10,0.2500,1.0000,8,7,6,0,0,7,6,0.1429
4,156.0000,13,17,873.0648,-87.7029,0.2284,6,0.1500,1.0000,4,4,4,0,0,4,4,0.0000
4,156.0000,13,18,506.9647,-84.1040,0.7485,9,0.2250,0.8571,7,8,6,0,0,8,6,0.2500
4,156.0000,13,19,502.5474,-82.5529,1.0573,10,0.2500,0.7143,7,8,7,0,0,8,7,0.1250
4,156.0000,13,20,481.8991,-80.9192,-0.2706,13,0.3250,1.0000,8,8,8,0,0,8,8,0.0000
4,156.0000,13,21,678.6718,-86.9205,0.2828,5,0.1250,1.0000,6,8,8,0,0,8,8,0.0000
4,156.0000,13,22,459.1206,-82.5427,0.0796,13,0.3250,0.7143,7,7,5,0,0,7,5,0.2857
4,156.0000,13,23,545.7210,-84.5952,0.2327,12,0.3000,0.5714,7,6,6,0,0,6,6,0.0000
4,156.0000,13,24,441.2480,-81.8073,-0.2325,14,0.3500,0.5000,6,7,5,0,0,7,5,0.2857
4,156.0000,13,25,565.4894,-84.5547,-0.0149,13,0.3250,0.8571,7,8,8,0,0,8,8,0.0000
4,156.0000,13,27,814.2428,-86.7705,0.3005,5,0.1250,1.0000,6,5,4,0,0,5,4,0.2000
4,156.0000,13,28,579.2318,-85.2736,-0.1881,10,0.2500,1.0000,6,7,6,0,0,7,6,0.1429
4,156.0000,13,30,697.6346,-86.4431,0.5607,12,0.3000,0.6667,6,5,4,0,0,5,4,0.2000
4,156.0000,13,31,232.3663,-77.6256,-0.0016,24,0.6000,0.2000,5,5,2,0,0,5,2,0.6000
4,156.0000,13,32,229.3283,-77.3230,0.0738,23,0.5750,0.2000,5,7,4,0,0,7,4,0.4286
4,156.0000,13,33,415.2483,-80.3924,-1.5600,20,0.5000,1.0000,10,8,7,0,0,8,7,0.1250
4,156.0000,13,36,791.7227,-88.8369,-0.0053,3,0.0750,1.0000,8,8,6,0,0,8,6,0.2500
4,156.0000,13,37,410.5691,-83.0129,-0.5622,16,0.4000,0.7143,7,6,3,0,0,6,3,0.5000
4,156.0000,13,38,89.4736,-71.2770,2.0944,34,0.8500,0.0000,8,5,1,0,0,5,1,0.8000
4,156.0000,13,39,410.1142,-83.4596,0.3262,15,0.3750,0.7143,7,7,6,0,0,7,6,0.1429
4,156.0000,13,40,472.2072,-82.7968,0.0168,12,0.3000,1.0000,8,7,6,0,0,7,6,0.1429
4,156.0000,13,41,556.1533,-84.1542,0.0676,11,0.2750,0.8571,7,7,4,0,0,7,4,0.4286
4,156.0000,13,43,712.7445,-84.8017,0.3582,5,0.1250,0.8750,8,7,6,0,0,7,6,0.1429
4,156.0000,13,44,402.4138,-83.0698,0.0446,14,0.3500,0.8333,6,6,4,0,0,6,4,0.3333
4,156.0000,13,45,669.2460,-86.4006,1.3042,9,0.2250,0.8750,8,8,8,0,0,8,8,0.0000
4,156.0000,13,47,269.7018,-80.8243,0.9494,12,0.3000,0.6667,6,6,3,0,0,6,3,0.5000
4,156.0000,14,2,621.5143,-86.1787,0.3065,13,0.3250,0.8750,8,8,8,0,0,8,8,0.0000
4,156.0000,14,4,597.8288,-84.0516,-0.1137,10,0.2500,0.7143,7,7,6,0,0,7,6,0.1429
4,156.0000,14,6,606.0877,-84.2357,-0.9010,8,0.2000,1.0000,8,8,8,0,0,8,8,0.0000
4,156.0000,14,8,579.9593,-83.2967,-0.8915,7,0.1750,0.8571,7,8,7,0,0,8,7,0.1250
4,156.0000,14,9,565.2577,-84.8377,-0.8806,4,0.1000,1.0000,8,8,8,0,0,8,8,0.0000
4,156.0000,14,11,364.0057,-80.8018,0.5191,23,0.5750,0.4000,5,5,1,0,0,5,1,0.8000
4,156.0000,14,13,596.4320,-84.4059,-0.8086,6,0.1500,1.0000,8,8,8,0,0,8,8,0.0000
4,156.0000,14,15,483.3885,-83.7988,-0.0325,16,0.4000,0.8571,7,8,6,0,0,8,6,0.2500
4,156.0000,14,17,470.9943,-84.6759,0.3146,14,0.3500,1.0000,8,8,7,0,0,8,7,0.1250
4,156.0000,14,20,754.6434,-84.2591,-2.6339,4,0.1000,1.0000,6,8,8,0,0,8,8,0.0000
4,156.0000,14,24,173.8472,-73.1558,-0.1355,26,0.6500,0.0000,4,4,0,0,0,4,0,1.0000
4,156.0000,14,28,290.5228,-78.6436,-0.1961,26,0.6500,0.0000,4,6,2,0,0,6,2,0.6667
4,156.0000,14,30,331.2470,-79.7502,0.3972,25,0.6250,0.5714,7,6,4,0,0,6,4,0.3333
4,156.0000,14,33,491.4344,-83.3376,-1.1777,12,0.3000,1.0000,10,7,5,0,0,7,5,0.2857
4,156.0000,14,35,798.0568,-86.4106,-0.3710,7,0.1750,1.0000,6,7,6,0,0,7,6,0.1429
4,156.0000,14,38,677.7770,-84.4508,-1.1298,3,0.0750,1.0000,8,8,7,0,0,8,7,0.1250
4,156.0000,14,39,664.9601,-86.7289,0.1407,3,0.0750,0.8571,7,8,8,0,0,8,8,0.0000
4,156.0000,14,42,718.8186,-86.5835,-0.4985,5,0.1250,0.8571,7,7,6,0,0,7,6,0.1429
4,156.0000,14,44,392.7697,-80.1139,-0.3562,15,0.3750,0.8571,7,8,8,0,0,8,8,0.0000
4,156.0000,14,46,375.7880,-81.8383,0.4341,18,0.4500,0.6667,6,5,2,0,0,5,2,0.6000
4,156.0000,15,2,344.5032,-80.3134,0.2759,33,0.8250,0.7143,7,7,6,0,0,7,6,0.1429
4,156.0000,15,4,495.2156,-83.0038,0.5684,21,0.5250,0.4000,5,6,4,0,0,6,4,0.3333
4,156.0000,15,11,157.0681,-71.3008,-0.5932,32,0.8000,0.2000,5,4,0,0,0,4,0,1.0000
4,156.0000,15,14,483.3885,-83.0144,0.0502,10,0.2500,1.0000,8,7,6,0,0,7,6,0.1429
4,156.0000,15,17,402.5672,-80.5986,-0.2890,20,0.5000,0.4286,7,7,6,0,0,7,6,0.1429
4,156.0000,15,24,607.0401,-86.1294,0.9680,4,0.1000,1.0000,8,8,8,0,0,8,8,0.0000
4,156.0000,15,28,694.5206,-84.1307,-0.4091,5,0.1250,1.0000,8,8,8,0,0,8,8,0.0000
4,156.0000,15,30,611.0848,-83.4156,-0.3750,12,0.3000,1.0000,6,8,8,0,0,8,8,0.0000
4,156.0000,15,35,555.4852,-83.6988,-0.3696,15,0.3750,0.8571,7,8,7,0,0,8,7,0.1250
4,156.0000,15,42,723.7906,-85.7897,0.1032,7,0.1750,1.0000,8,8,8,0,0,8,8,0.0000
4,156.0000,15,46,143.6334,-65.9035,-1.3742,34,0.8500,0.3333,6,6,2,0,0,6,2,0.6667
4,156.0000,16,1,331.2871,-79.0960,-0.1453,26,0.6500,0.6250,8,6,4,0,0,6,4,0.3333
4,156.0000,16,3,819.0551,-87.2317,-0.0759,6,0.1500,1.0000,4,6,6,0,0,6,6,0.0000
4,156.0000,16,5,938.2414,-86.3641,-1.1771,8,0.2000,0.6667,3,2,2,0,0,2,2,0.0000
4,156.0000,16,6,986.0494,-88.2720,-0.8087,4,0.1000,1.0000,2,2,2,0,0,2,2,0.0000
4,156.0000,16,7,264.9716,-78.7431,-0.2834,27,0.6750,0.3333,6,6,3,0,0,6,3,0.5000
4,156.0000,16,8,657.3049,-86.5481,-0.6227,7,0.1750,1.0000,4,8,8,0,0,8,8,0.0000
4,156.0000,16,9,593.6340,-85.5678,-0.2872,5,0.1250,1.0000,8,8,8,0,0,8,8,0.0000
4,156.0000,16,10,78.1353,-64.2909,-0.5691,38,0.9500,0.4000,5,4,0,0,0,4,0,1.0000
4,156.0000,16,12,954.1510,-86.3096,-0.0965,8,0.2000,1.0000,4,2,2,0,0,2,2,0.0000
4,156.0000,16,13,568.1151,-86.1914,1.1562,9,0.2250,0.7500,8,8,8,0,0,8,8,0.0000
4,156.0000,16,18,382.6519,-82.4971,-0.8422,15,0.3750,0.6667,6,8,6,0,0,8,6,0.2500
4,156.0000,16,19,589.9647,-86.9077,-0.5679,7,0.1750,0.8333,6,8,8,0,0,8,8,0.0000
4,156.0000,16,21,280.6879,-78.4813,0.6758,28,0.7000,0.7500,8,6,4,0,0,6,4,0.3333
4,156.0000,16,22,594.6479,-85.5922,-0.1439,8,0.2000,1.0000,8,7,5,0,0,7,5,0.2857
4,156.0000,16,23,661.4381,-85.7886,0.1814,10,0.2500,0.8000,5,6,6,0,0,6,6,0.0000
4,156.0000,16,25,680.7404,-87.7469,0.7833,5,0.1250,0.7143,7,7,6,0,0,7,6,0.1429
4,156.0000,16,26,615.6204,-85.1482,-0.0075,18,0.4500,1.0000,8,8,8,0,0,8,8,0.0000
4,156.0000,16,27,664.3700,-86.2651,-0.1813,9,0.2250,1.0000,8,8,8,62,61,70,69,0.0143
4,156.0000,16,29,893.7306,-86.7743,-0.6378,4,0.1000,1.0000,4,6,6,0,0,6,6,0.0000
4,156.0000,16,31,393.8683,-81.5535,0.2898,10,0.2500,0.6667,6,8,8,0,0,8,8,0.0000
4,156.0000,16,32,347.1996,-81.3051,0.9667,11,0.2750,0.8889,9,5,2,0,0,5,2,0.6000
4,156.0000,16,36,369.4772,-79.2681,-1.3197,30,0.7500,0.8571,7,7,6,0,0,7,6,0.1429
4,156.0000,16,37,779.2517,-86.8541,-0.8086,3,0.0750,1.0000,4,10,10,0,0,10,10,0.0000
4,156.0000,16,38,521.3206,-85.1818,0.5239,8,0.2000,0.8750,8,6,4,0,0,6,4,0.3333
4,156.0000,16,40,232.5725,-77.9659,1.0503,21,0.5250,0.6667,6,5,1,0,0,5,1,0.8000
4,156.0000,16,41,615.2056,-85.9423,0.4924,7,0.1750,1.0000,8,7,6,0,0,7,6,0.1429
4,156.0000,16,43,464.8973,-82.1447,-0.0325,21,0.5250,0.8750,8,8,8,0,0,8,8,0.0000
4,156.0000,16,44,745.5592,-87.0602,0.7980,4,0.1000,1.0000,74,8,8,144,139,152,147,0.0329
4,156.0000,16,45,233.6005,-77.0697,0.6286,32,0.8000,0.3333,6,6,4,0,0,6,4,0.3333
4,156.0000,16,47,344.1021,-80.9487,0.6035,11,0.2750,0.8750,8,5,2,0,0,5,2,0.6000
4,156.0000,17,2,338.0339,-80.0137,-0.8635,33,0.8250,0.5000,6,6,3,0,0,6,3,0.5000
4,156.0000,17,4,404.7959,-81.9454,-0.2140,22,0.5500,0.6667,6,7,4,0,0,7,4,0.4286
4,156.0000,17,11,318.1430,-80.1058,-0.1708,27,0.6750,0.6667,6,7,5,0,0,7,5,0.2857
4,156.0000,17,14,470.9943,-83.1254,0.7149,13,0.3250,0.8571,7,6,4,0,0,6,4,0.3333
4,156.0000,17,15,402.5672,-82.4740,0.2608,23,0.5750,0.8571,7,6,4,0,0,6,4,0.3333
4,156.0000,17,24,496.4900,-83.7322,0.4999,6,0.1500,1.0000,8,8,8,0,0,8,8,0.0000
4,156.0000,17,28,592.6667,-83.6202,0.6334,6,0.1500,0.8571,7,8,8,0,0,8,8,0.0000
4,156.0000,17,30,461.1433,-82.7911,-0.8034,16,0.4000,0.7143,7,7,5,0,0,7,5,0.2857
4,156.0000,17,35,673.9780,-85.0123,0.2108,8,0.2000,1.0000,8,8,8,0,0,8,8,0.0000
4,156.0000,17,42,540.7815,-82.3227,-0.9745,14,0.3500,1.0000,8,7,6,0,0,7,6,0.1429
4,156.0000,17,46,295.4388,-80.2797,0.4795,30,0.7500,0.0000,4,4,0,0,0,4,0,1.0000
4,156.0000,18,1,667.7759,-86.2206,0.2424,7,0.1750,0.8571,7,6,4,0,0,6,4,0.3333
4,156.0000,18,3,938.5630,-86.9924,-1.9360,4,0.1000,1.0000,8,4,4,0,0,4,4,0.0000
4,156.0000,18,6,929.6484,-86.8829,0.3573,7,0.1750,1.0000,6,2,2,0,0,2,2,0.0000
4,156.0000,18,7,338.1706,-78.7506,0.1186,17,0.4250,0.8750,8,8,8,0,0,8,8,0.0000
4,156.0000,18,8,549.7015,-84.0912,-0.6239,11,0.2750,1.0000,8,8,8,0,0,8,8,0.0000
4,156.0000,18,9,464.9141,-82.0316,0.1081,14,0.3500,1.0000,6,9,8,0,0,9,8,0.1111
4,156.0000,18,10,391.8421,-82.9371,1.6385,13,0.3250,1.0000,8,7,4,0,0,7,4,0.4286
4,156.0000,18,13,506.9647,-83.7095,-0.2772,9,0.2250,0.8571,7,7,6,0,0,7,6,0.1429
4,156.0000,18,14,825.5252,-86.7357,-0.1245,11,0.2750,1.0000,4,8,8,0,0,8,8,0.0000
4,156.0000,18,16,382.6519,-81.5852,0.0223,14,0.3500,0.7143,7,7,4,0,0,7,4,0.4286
4,156.0000,18,19,796.4388,-87.1002,0.7179,5,0.1250,1.0000,8,8,8,0,0,8,8,0.0000
4,156.0000,18,20,984.8766,-87.9921,-0.4402,4,0.1000,1.0000,4,7,6,0,0,7,6,0.1429
4,156.0000,18,21,494.7418,-82.9944,-1.0225,15,0.3750,1.0000,8,8,8,0,0,8,8,0.0000
4,156.0000,18,22,769.0588,-86.9761,0.0434,5,0.1250,0.8571,7,8,8,0,0,8,8,0.0000
4,156.0000,18,23,876.9675,-88.3113,0.9753,4,0.1000,,0,6,6,0,0,6,6,0.0000
4,156.0000,18,24,748.0567,-85.0702,0.3042,7,0.1750,0.8750,8,4,3,0,0,4,3,0.2500
4,156.0000,18,25,893.4235,-88.6499,0.4509,5,0.1250,1.0000,8,6,6,0,0,6,6,0.0000
4,156.0000,18,26,943.4349,-87.3765,0.8502,3,0.0750,1.0000,4,4,4,0,0,4,4,0.0000
4,156.0000,18,27,990.4396,-88.7270,-0.6966,5,0.1250,1.0000,8,4,4,0,0,4,4,0.0000
4,156.0000,18,28,642.9924,-85.5960,-0.4177,10,0.2500,1.0000,8,8,8,0,0,8,8,0.0000
4,156.0000,18,30,799.9075,-87.6448,-0.8440,4,0.1000,1.0000,4,8,7,0,0,8,7,0.1250
4,156.0000,18,31,299.1565,-78.1807,-0.2122,20,0.5000,0.2000,5,6,4,0,0,6,4,0.3333
4,156.0000,18,32,399.4412,-80.2584,-0.7184,13,0.3250,0.7143,7,8,8,0,0,8,8,0.0000
4,156.0000,18,33,877.0565,-88.5322,-0.2919,3,0.0750,1.0000,8,5,4,0,0,5,4,0.2000
4,156.0000,18,36,722.8695,-86.6406,-0.7766,8,0.2000,1.0000,8,7,6,0,0,7,6,0.1429
4,156.0000,18,37,864.8336,-87.4822,-1.8291,3,0.0750,1.0000,4,4,4,0,0,4,4,0.0000
4,156.0000,18,38,522.6083,-84.6096,0.3052,9,0.2250,1.0000,8,8,8,0,0,8,8,0.0000
4,156.0000,18,39,915.7706,-89.0547,-0.3979,3,0.0750,1.0000,8,6,6,0,0,6,6,0.0000
4,156.0000,18,40,424.3075,-81.9976,0.1227,9,0.2250,0.8571,7,7,5,0,0,7,5,0.2857
4,156.0000,18,41,855.2609,-86.8948,0.4416,4,0.1000,1.0000,8,8,8,0,0,8,8,0.0000
4,156.0000,18,43,813.4775,-87.8357,-0.2331,6,0.1500,1.0000,4,8,8,0,0,8,8,0.0000
4,156.0000,18,44,514.5675,-83.3417,-0.4400,17,0.4250,0.8571,7,8,8,0,0,8,8,0.0000
4,156.0000,18,45,585.4710,-85.4970,0.4080,7,0.1750,1.0000,8,8,8,0,0,8,8,0.0000
4,156.0000,18,47,457.2510,-82.7645,1.6984,9,0.2250,0.8571,7,7,6,0,0,7,6,0.1429
4,156.0000,19,1,410.7601,-81.1257,-0.6792,24,0.6000,1.0000,8,8,8,0,0,8,8,0.0000
4,156.0000,19,3,341.1275,-79.8510,0.6039,24,0.6000,1.0000,8,7,6,0,0,7,6,0.1429
4,156.0000,19,5,1057.7693,-88.6739,0.2270,4,0.1000,,0,4,4,0,0,4,4,0.0000
4,156.0000,19,6,656.4604,-84.2493,-0.6556,12,0.3000,1.0000,6,8,8,0,0,8,8,0.0000
4,156.0000,19,7,486.2650,-82.8153,-0.3334,19,0.4750,0.8571,7,8,7,0,0,8,7,0.1250
4,156.0000,19,8,792.4887,-86.4406,-0.0688,8,0.2000,1.0000,6,6,6,0,0,6,6,0.0000
4,156.0000,19,9,745.0933,-86.7163,0.4796,10,0.2500,0.8571,7,7,6,0,0,7,6,0.1429
4,156.0000,19,10,652.7979,-85.1829,-0.2582,12,0.3000,0.8750,8,8,8,0,0,8,8,0.0000
4,156.0000,19,13,502.5474,-84.2663,0.7230,11,0.2750,1.0000,8,8,8,0,0,8,8,0.0000
4,156.0000,19,16,589.9647,-84.9153,-0.0259,11,0.2750,0.5000,6,7,5,0,0,7,5,0.2857
4,156.0000,19,18,796.4388,-86.5938,-1.1450,8,0.2000,1.0000,8,8,8,0,0,8,8,0.0000
4,156.0000,19,20,586.5795,-84.8233,-0.1821,12,0.3000,0.8571,7,8,7,0,0,8,7,0.1250
4,156.0000,19,21,758.6550,-86.2593,-0.5808,8,0.2000,1.0000,8,8,8,0,0,8,8,0.0000
4,156.0000,19,22,432.9762,-82.4446,0.3592,20,0.5000,0.6667,6,8,7,0,0,8,7,0.1250
4,156.0000,19,23,345.4964,-80.1988,0.3331,24,0.6000,0.8571,7,6,4,0,0,6,4,0.3333
4,156.0000,19,25,106.7763,-72.3792,1.8150,33,0.8250,0.2000,5,5,1,0,0,5,1,0.8000
4,156.0000,19,26,911.0871,-87.3229,-1.0772,5,0.1250,1.0000,4,8,8,0,0,8,8,0.0000
4,156.0000,19,27,359.5236,-80.1492,0.1118,26,0.6500,0.5833,12,7,5,0,0,7,5,0.2857
4,156.0000,19,29,713.5506,-86.5179,0.1087,12,0.3000,,0,8,8,0,0,8,8,0.0000
4,156.0000,19,30,1190.2917,-89.3469,0.0724,3,0.0750,1.0000,2,4,4,0,0,4,4,0.0000
4,156.0000,19,31,587.0262,-84.0488,0.2516,8,0.2000,0.8571,7,7,6,0,0,7,6,0.1429
4,156.0000,19,32,451.5411,-83.2172,-0.0548,11,0.2750,0.7143,7,8,8,0,0,8,8,0.0000
4,156.0000,19,33,749.0345,-87.6681,0.2435,4,0.1000,1.0000,8,8,8,0,0,8,8,0.0000
4,156.0000,19,36,533.9751,-84.1311,-0.1707,14,0.3500,0.7500,8,8,8,0,0,8,8,0.0000
4,156.0000,19,37,309.2903,-79.7639,-0.1755,27,0.6750,0.7500,8,8,7,0,0,8,7,0.1250
4,156.0000,19,38,431.6791,-79.9656,-0.4540,19,0.4750,0.6667,6,8,8,0,0,8,8,0.0000
4,156.0000,19,39,579.1415,-85.0205,0.9953,10,0.2500,1.0000,8,8,8,0,0,8,8,0.0000
4,156.0000,19,40,581.9800,-83.3236,-0.1222,18,0.4500,0.8571,7,7,5,0,0,7,5,0.2857
4,156.0000,19,41,145.5798,-74.3630,1.1474,31,0.7750,0.4000,5,4,0,0,0,4,0,1.0000
4,156.0000,19,43,383.9276,-81.7767,0.2524,22,0.5500,0.8571,7,8,6,0,0,8,6,0.2500
4,156.0000,19,44,891.1068,-87.9822,0.1354,6,0.1500,1.0000,8,4,4,0,0,4,4,0.0000
4,156.0000,19,45,597.0961,-83.9308,-1.1054,16,0.4000,0.8571,7,7,5,0,0,7,5,0.2857
4,156.0000,19,47,349.4742,-78.5285,-1.4048,25,0.6250,0.5000,6,8,8,0,0,8,8,0.0000
4,156.0000,20,1,942.4002,-88.1194,-0.2838,4,0.1000,1.0000,4,4,4,0,0,4,4,0.0000
4,156.0000,20,3,272.0442,-80.1752,1.4615,21,0.5250,0.0000,4,8,5,0,0,8,5,0.3750
4,156.0000,20,6,276.3907,-78.2747,-0.5807,26,0.6500,0.6667,6,7,4,0,0,7,4,0.4286
4,156.0000,20,7,825.2725,-87.5666,0.7642,5,0.1250,1.0000,6,8,7,0,0,8,7,0.1250
4,156.0000,20,8,659.4574,-83.8907,-0.6966,12,0.3000,0.6250,8,8,7,0,0,8,7,0.1250
4,156.0000,20,9,659.7901,-85.9637,0.4334,7,0.1750,1.0000,8,8,8,0,0,8,8,0.0000
4,156.0000,20,10,1034.8553,-88.4218,-0.2826,5,0.1250,1.0000,4,8,8,0,0,8,8,0.0000
4,156.0000,20,11,877.5663,-87.7389,-0.2177,3,0.0750,1.0000,8,8,8,0,0,8,8,0.0000
4,156.0000,20,13,481.8991,-82.7143,-1.0084,13,0.3250,0.8750,8,8,8,0,0,8,8,0.0000
4,156.0000,20,17,817.7041,-88.3562,-0.7490,5,0.1250,1.0000,4,6,6,0,0,6,6,0.0000
4,156.0000,20,18,984.8766,-88.9764,-0.1096,3,0.0750,1.0000,8,4,4,0,0,4,4,0.0000
4,156.0000,20,19,586.5795,-86.7345,-0.1207,7,0.1750,0.8333,6,10,10,0,0,10,10,0.0000
4,156.0000,20,21,1026.1609,-88.7497,0.6059,4,0.1000,1.0000,6,2,2,0,0,2,2,0.0000
4,156.0000,20,22,504.8757,-85.4598,0.1238,9,0.2250,0.6667,6,8,7,0,0,8,7,0.1250
4,156.0000,20,23,507.7245,-84.1854,0.2319,13,0.3250,1.0000,8,8,7,0,0,8,7,0.1250
4,156.0000,20,24,594.6470,-84.5758,0.1119,8,0.2000,0.8750,8,6,4,0,0,6,4,0.3333
4,156.0000,20,25,559.9244,-84.8467,0.6596,9,0.2250,0.8750,8,7,6,0,0,7,6,0.1429
4,156.0000,20,27,877.1147,-87.5690,-0.5990,5,0.1250,1.0000,8,7,6,0,0,7,6,0.1429
4,156.0000,20,28,868.3679,-86.9475,-0.1659,5,0.1250,1.0000,2,8,8,0,0,8,8,0.0000
4,156.0000,20,30,906.3122,-87.5087,-1.4398,4,0.1000,1.0000,2,4,4,0,0,4,4,0.0000
4,156.0000,20,31,692.6781,-86.0204,-1.4950,4,0.1000,0.8571,7,7,5,0,0,7,5,0.2857
4,156.0000,20,32,633.3117,-86.0580,-0.7003,6,0.1500,1.0000,8,8,8,0,0,8,8,0.0000
4,156.0000,20,33,285.5885,-77.5745,-0.4229,28,0.7000,0.8000,5,7,5,0,0,7,5,0.2857
4,156.0000,20,36,1070.4145,-88.8166,0.2627,3,0.0750,1.0000,4,2,2,0,0,2,2,0.0000
4,156.0000,20,37,309.8814,-80.2056,0.7227,20,0.5000,0.5714,7,5,1,0,0,5,1,0.8000
4,156.0000,20,38,469.9320,-83.0040,1.1840,10,0.2500,1.0000,8,7,5,0,0,7,5,0.2857
4,156.0000,20,39,146.0199,-72.6139,0.3794,38,0.9500,0.0964,83,5,1,91,23,96,24,0.7500
4,156.0000,20,40,822.0894,-87.6072,-1.5109,6,0.1500,1.0000,8,4,3,0,0,4,3,0.2500
4,156.0000,20,41,582.2706,-85.6720,-0.7638,9,0.2250,0.6667,6,8,8,0,0,8,8,0.0000
4,156.0000,20,42,508.4350,-83.2156,-1.1604,16,0.4000,1.0000,8,8,8,0,0,8,8,0.0000
4,156.0000,20,44,731.5032,-85.2863,-0.4204,8,0.2000,0.8750,8,8,8,0,0,8,8,0.0000
4,156.0000,20,45,968.9230,-88.8399,-0.3964,3,0.0750,1.0000,6,8,8,0,0,8,8,0.0000
4,156.0000,20,47,631.8984,-87.5505,0.2242,5,0.1250,1.0000,6,8,8,0,0,8,8,0.0000
4,156.0000,21,1,537.2370,-84.2133,-0.3841,8,0.2000,0.9000,10,6,5,0,0,6,5,0.1667
4,156.0000,21,3,920.0719,-88.0373,-0.7215,3,0.0750,1.0000,4,6,6,0,0,6,6,0.0000
4,156.0000,21,5,1054.2289,-88.2378,-0.4735,3,0.0750,,0,2,2,0,0,2,2,0.0000
4,156.0000,21,7,512.0967,-83.3442,0.2186,9,0.2250,0.8571,7,6,5,0,0,6,5,0.1667
4,156.0000,21,8,604.3543,-85.1915,-0.8691,5,0.1250,1.0000,2,8,8,0,0,8,8,0.0000
4,156.0000,21,9,575.5396,-84.4237,-0.9749,5,0.1250,0.8571,7,6,4,0,0,6,4,0.3333
4,156.0000,21,10,296.3855,-80.2059,0.5993,19,0.4750,1.0000,8,8,5,0,0,8,5,0.3750
4,156.0000,21,12,1028.1970,-88.5343,-0.6224,4,0.1000,1.0000,4,6,6,0,0,6,6,0.0000
4,156.0000,21,16,280.6879,-78.8328,0.1015,25,0.6250,0.5000,6,8,7,0,0,8,7,0.1250
4,156.0000,21,18,494.7418,-84.4846,1.0021,9,0.2250,1.0000,8,7,6,0,0,7,6,0.1429
4,156.0000,21,19,758.6550,-88.3599,2.1018,3,0.0750,0.8571,7,8,8,0,0,8,8,0.0000
4,156.0000,21,20,1026.1609,-87.5022,4.7854,3,0.0750,1.0000,8,6,6,0,0,6,6,0.0000
4,156.0000,21,22,590.9804,-83.9664,-1.3603,6,0.1500,0.8571,7,8,8,0,0,8,8,0.0000
4,156.0000,21,23,697.2617,-86.1225,-1.5208,3,0.0750,1.0000,8,8,8,0,0,8,8,0.0000
4,156.0000,21,26,713.7240,-86.9921,0.5387,8,0.2000,1.0000,8,7,6,0,0,7,6,0.1429
4,156.0000,21,31,487.2833,-83.1241,-1.0995,8,0.2000,0.8750,8,8,8,0,0,8,8,0.0000
4,156.0000,21,32,463.7405,-82.3303,0.2924,8,0.2000,0.8571,7,8,7,0,0,8,7,0.1250
4,156.0000,21,36,555.0012,-83.7575,0.4661,8,0.2000,0.6667,6,7,6,0,0,7,6,0.1429
4,156.0000,21,37,917.1867,-87.1521,0.6795,4,0.1000,1.0000,6,6,5,0,0,6,5,0.1667
4,156.0000,21,39,1025.4920,-89.5800,-0.1334,3,0.0750,1.0000,4,8,8,0,0,8,8,0.0000
4,156.0000,21,40,213.6014,-76.2912,0.6065,22,0.5500,0.5000,6,5,1,0,0,5,1,0.8000
4,156.0000,21,41,735.1166,-86.1828,0.7434,4,0.1000,1.0000,8,8,8,0,0,8,8,0.0000
4,156.0000,21,43,560.7511,-84.2500,-0.0457,12,0.3000,0.6667,6,8,8,0,0,8,8,0.0000
4,156.0000,21,44,746.9654,-87.5416,-2.1440,3,0.0750,1.0000,8,8,8,0,0,8,8,0.0000
4,156.0000,21,45,224.4733,-76.1895,-0.0671,30,0.7500,0.4000,5,7,5,0,0,7,5,0.2857
4,156.0000,21,47,514.2099,-82.7440,-1.3886,7,0.1750,1.0000,8,8,8,0,0,8,8,0.0000
4,156.0000,22,1,600.8953,-84.4883,-1.1255,9,0.2250,1.0000,8,8,8,0,0,8,8,0.0000
4,156.0000,22,3,393.8299,-81.8240,0.5662,13,0.3250,0.8571,7,8,7,0,0,8,7,0.1250
4,156.0000,22,7,603.7320,-85.8880,-0.6498,7,0.1750,1.0000,8,8,8,0,0,8,8,0.0000
4,156.0000,22,8,515.2094,-84.0083,-0.6673,10,0.2500,0.7500,8,6,6,0,0,6,6,0.0000
4,156.0000,22,9,517.5588,-84.8450,0.3448,11,0.2750,1.0000,8,8,8,0,0,8,8,0.0000
4,156.0000,22,10,670.1554,-86.1892,1.0516,7,0.1750,1.0000,8,6,6,0,0,6,6,0.0000
4,156.0000,22,13,459.1206,-82.5063,0.6338,8,0.2000,0.7143,7,8,8,0,0,8,8,0.0000
4,156.0000,22,14,958.9136,-88.2201,-1.0514,3,0.0750,,0,4,4,0,0,4,4,0.0000
4,156.0000,22,16,594.6479,-86.0545,0.0630,9,0.2250,0.8571,7,8,8,0,0,8,8,0.0000
4,156.0000,22,17,1053.2808,-89.1191,-0.3013,3,0.0750,1.0000,4,4,4,0,0,4,4,0.0000
4,156.0000,22,18,769.0588,-86.3310,0.0798,6,0.1500,1.0000,8,4,4,0,0,4,4,0.0000
4,156.0000,22,19,432.9762,-81.5708,-0.2900,12,0.3000,0.8750,8,6,4,0,0,6,4,0.3333
4,156.0000,22,20,504.8757,-84.6789,-0.1541,11,0.2750,0.7500,8,7,5,0,0,7,5,0.2857
4,156.0000,22,21,590.9804,-84.7728,-0.5130,9,0.2250,0.8571,7,6,4,0,0,6,4,0.3333
4,156.0000,22,23,169.1877,-76.5455,0.4120,35,0.8750,0.5000,6,6,2,0,0,6,2,0.6667
4,156.0000,22,24,789.6214,-87.1641,-0.4827,6,0.1500,1.0000,8,6,6,0,0,6,6,0.0000
4,156.0000,22,25,435.1931,-82.2655,-0.5106,12,0.3000,0.8571,7,7,6,0,0,7,6,0.1429
4,156.0000,22,26,1034.2962,-88.6566,-0.2792,4,0.1000,1.0000,6,2,2,0,0,2,2,0.0000
4,156.0000,22,27,572.9310,-84.0459,0.6311,9,0.2250,0.8571,7,8,8,0,0,8,8,0.0000
4,156.0000,22,28,911.1511,-88.3231,-0.7558,3,0.0750,0.6667,3,7,7,0,0,7,7,0.0000
4,156.0000,22,31,503.5574,-84.2483,-1.6753,7,0.1750,1.0000,8,7,4,0,0,7,4,0.4286
4,156.0000,22,32,390.9445,-83.6242,-1.5783,10,0.2500,0.8571,7,7,6,0,0,7,6,0.1429
4,156.0000,22,33,585.2201,-84.6422,0.6203,9,0.2250,1.0000,8,7,6,52,49,59,55,0.0678
4,156.0000,22,36,705.7318,-85.7865,-0.1635,7,0.1750,0.8571,7,8,8,0,0,8,8,0.0000
4,156.0000,22,37,463.1149,-85.9318,-0.8483,10,0.2500,1.0000,8,8,8,0,0,8,8,0.0000
4,156.0000,22,38,378.7741,-79.7639,0.4482,13,0.3250,0.8571,7,7,5,0,0,7,5,0.2857
4,156.0000,22,39,563.2648,-86.7116,0.2742,6,0.1500,1.0000,6,9,8,0,0,9,8,0.1111
4,156.0000,22,40,424.4475,-79.3546,-1.4624,15,0.3750,1.0000,8,7,6,0,0,7,6,0.1429
4,156.0000,22,41,348.0688,-81.0201,1.0852,15,0.3750,0.7143,7,6,5,0,0,6,5,0.1667
4,156.0000,22,43,471.6960,-83.2092,-1.5007,9,0.2250,1.0000,8,8,8,0,0,8,8,0.0000
4,156.0000,22,44,704.5073,-86.9584,-0.6283,7,0.1750,1.0000,8,8,8,0,0,8,8,0.0000
4,156.0000,22,45,515.8238,-82.4362,-0.0970,15,0.3750,0.8333,6,8,8,0,0,8,8,0.0000
4,156.0000,22,47,402.9792,-82.0859,-0.4456,7,0.1750,0.8750,8,7,6,0,0,7,6,0.1429
4,156.0000,23,1,577.0250,-82.5375,-0.5447,5,0.1250,1.0000,8,8,8,0,0,8,8,0.0000
4,156.0000,23,3,320.5188,-79.4704,-0.1406,20,0.5000,0.8571,7,7,6,0,0,7,6,0.1429
4,156.0000,23,6,701.4598,-86.1613,0.4447,5,0.1250,1.0000,8,3,2,0,0,3,2,0.3333
4,156.0000,23,7,654.4921,-87.1682,1.4629,4,0.1000,1.0000,8,8,7,0,0,8,7,0.1250
4,156.0000,23,8,674.3080,-85.2776,-0.4363,4,0.1000,1.0000,6,8,8,0,0,8,8,0.0000
4,156.0000,23,9,668.5688,-86.0028,0.6805,4,0.1000,1.0000,8,8,8,0,0,8,8,0.0000
4,156.0000,23,10,734.2598,-85.0248,1.3689,6,0.1500,0.8571,7,6,6,0,0,6,6,0.0000
4,156.0000,23,13,545.7210,-84.6357,0.3317,5,0.1250,1.0000,18,7,6,0,0,7,6,0.1429
4,156.0000,23,16,661.4381,-88.5530,-0.0876,3,0.0750,0.8750,8,6,4,0,0,6,4,0.3333
4,156.0000,23,19,345.4964,-80.4851,0.6428,11,0.2750,0.8571,7,6,4,0,0,6,4,0.3333
4,156.0000,23,20,507.7245,-83.7654,0.2636,8,0.2000,0.8750,8,7,6,12,12,19,18,0.0526
4,156.0000,23,21,697.2617,-86.2046,0.0887,4,0.1000,1.0000,8,8,8,0,0,8,8,0.0000
4,156.0000,23,22,169.1877,-75.8346,2.0981,19,0.4750,0.2000,5,4,0,29,2,33,2,0.9394
4,156.0000,23,24,896.9345,-87.4729,0.5631,3,0.0750,1.0000,2,6,6,0,0,6,6,0.0000
4,156.0000,23,25,313.4828,-78.8479,0.4299,19,0.4750,0.7244,127,7,6,72,63,79,69,0.1266
4,156.0000,23,27,451.9676,-80.7026,-0.4185,14,0.3500,0.4000,5,8,8,0,0,8,8,0.0000
4,156.0000,23,31,618.1579,-86.5038,-0.7053,4,0.1000,0.8571,7,8,8,0,0,8,8,0.0000
4,156.0000,23,32,486.7399,-85.4635,0.5673,5,0.1250,1.0000,8,5,1,0,0,5,1,0.8000
4,156.0000,23,33,663.1020,-85.8432,-0.2074,5,0.1250,1.0000,6,8,8,0,0,8,8,0.0000
4,156.0000,23,36,683.0280,-85.1019,0.3776,4,0.1000,0.7143,7,7,6,0,0,7,6,0.1429
4,156.0000,23,37,412.7811,-82.4126,-0.5145,12,0.3000,0.8571,7,8,7,0,0,8,7,0.1250
4,156.0000,23,38,461.7381,-82.7388,0.3544,5,0.1250,1.0000,8,8,8,2,2,10,10,0.0000
4,156.0000,23,39,576.1573,-82.8856,-0.4962,4,0.1000,1.0000,8,8,8,0,0,8,8,0.0000
4,156.0000,23,40,536.4904,-84.9081,-0.6161,4,0.1000,1.0000,8,8,8,0,0,8,8,0.0000
4,156.0000,23,41,225.6865,-75.9962,0.0560,26,0.6500,0.4000,5,3,0,0,0,3,0,1.0000
4,156.0000,23,43,414.8285,-82.3947,1.2849,5,0.1250,1.0000,8,6,4,0,0,6,4,0.3333
4,156.0000,23,45,571.9798,-85.6633,-0.1576,5,0.1250,1.0000,8,6,4,0,0,6,4,0.3333
4,156.0000,23,47,457.3312,-82.5863,-0.0044,5,0.1250,1.0000,8,8,8,0,0,8,8,0.0000
4,156.0000,24,2,723.6035,-85.6704,0.3058,10,0.2500,1.0000,8,6,6,0,0,6,6,0.0000
4,156.0000,24,4,695.6065,-85.5077,-0.2756,16,0.4000,0.8750,8,8,8,0,0,8,8,0.0000
4,156.0000,24,6,471.0118,-83.5953,0.7110,7,0.1750,1.0000,8,7,6,0,0,7,6,0.1429
4,156.0000,24,7,800.4557,-88.2647,0.2882,3,0.0750,1.0000,8,8,8,0,0,8,8,0.0000
4,156.0000,24,8,457.9572,-81.1798,-0.6668,11,0.2750,0.8571,7,6,6,0,0,6,6,0.0000
4,156.0000,24,9,441.3597,-80.4095,1.6961,10,0.2500,1.0000,8,8,8,0,0,8,8,0.0000
4,156.0000,24,11,464.2552,-83.4010,0.8915,20,0.5000,1.0000,8,6,4,0,0,6,4,0.3333
4,156.0000,24,13,441.2480,-81.2241,0.8916,8,0.2000,0.8571,7,6,4,0,0,6,4,0.3333
4,156.0000,24,14,173.8472,-73.1075,-0.3051,36,0.9000,0.0000,4,5,2,0,0,5,2,0.6000
4,156.0000,24,15,607.0401,-85.1389,0.3815,12,0.3000,1.0000,6,8,8,0,0,8,8,0.0000
4,156.0000,24,17,496.4900,-84.0944,0.8053,13,0.3250,0.7143,7,7,5,0,0,7,5,0.2857
4,156.0000,24,18,748.0567,-83.8810,-1.9735,4,0.1000,1.0000,8,8,8,0,0,8,8,0.0000
4,156.0000,24,20,594.6470,-84.7293,-1.7381,6,0.1500,1.0000,8,8,8,0,0,8,8,0.0000
4,156.0000,24,28,321.3354,-77.9627,-0.3223,29,0.7250,0.5000,6,8,8,0,0,8,8,0.0000
4,156.0000,24,30,381.5766,-81.1516,0.6124,20,0.5000,0.6667,6,6,4,0,0,6,4,0.3333
4,156.0000,24,31,561.3047,-83.1951,0.7100,4,0.1000,1.0000,8,6,6,0,0,6,6,0.0000
4,156.0000,24,32,638.3271,-84.4913,0.2469,3,0.0750,0.8571,7,8,8,0,0,8,8,0.0000
4,156.0000,24,33,335.3280,-80.5704,0.3144,17,0.4250,0.7500,8,7,6,0,0,7,6,0.1429
4,156.0000,24,37,712.4157,-85.8357,0.2880,3,0.0750,1.0000,6,8,8,0,0,8,8,0.0000
4,156.0000,24,38,517.8264,-87.5005,2.1808,3,0.0750,1.0000,8,8,8,0,0,8,8,0.0000
4,156.0000,24,39,509.6547,-83.2819,-0.1439,7,0.1750,0.8889,9,6,6,0,0,6,6,0.0000
4,156.0000,24,40,829.2912,-88.0861,2.7734,3,0.0750,1.0000,8,8,8,0,0,8,8,0.0000
4,156.0000,24,42,643.8961,-85.4214,0.6930,10,0.2500,1.0000,8,8,8,0,0,8,8,0.0000
4,156.0000,24,44,315.3310,-76.1786,-0.4552,26,0.6500,0.4000,5,8,7,0,0,8,7,0.1250
4,156.0000,24,46,478.4673,-84.0347,0.9935,14,0.3500,1.0000,8,8,5,0,0,8,5,0.3750
4,156.0000,25,1,489.2416,-84.9501,-0.2270,9,0.2250,0.8750,8,7,5,0,0,7,5,0.2857
4,156.0000,25,3,293.8713,-77.1231,-0.7137,30,0.7500,0.5000,6,4,0,0,0,4,0,1.0000
4,156.0000,25,6,661.6776,-84.3983,-0.1743,8,0.2000,0.8750,8,4,4,0,0,4,4,0.0000
4,156.0000,25,7,590.3936,-86.8288,-1.4883,3,0.0750,1.0000,8,8,6,0,0,8,6,0.2500
4,156.0000,25,8,840.8686,-87.5333,-0.2611,4,0.1000,,0,7,6,0,0,7,6,0.1429
4,156.0000,25,9,802.9195,-89.6639,-0.0598,3,0.0750,1.0000,8,8,8,0,0,8,8,0.0000
4,156.0000,25,10,744.8118,-86.5985,-1.7272,5,0.1250,1.0000,8,8,8,0,0,8,8,0.0000
4,156.0000,25,13,565.4894,-83.2998,-0.8247,5,0.1250,0.9259,54,7,6,0,0,7,6,0.1429
4,156.0000,25,16,680.7404,-87.3735,1.4236,4,0.1000,1.0000,8,3,2,0,0,3,2,0.3333
4,156.0000,25,18,893.4235,-86.9843,-1.7388,3,0.0750,1.0000,8,6,6,0,0,6,6,0.0000
4,156.0000,25,19,106.7763,-73.0496,1.9818,28,0.7000,0.2000,5,3,0,0,0,3,0,1.0000
4,156.0000,25,20,559.9244,-83.3231,0.4467,6,0.1500,0.8571,7,8,8,0,0,8,8,0.0000
4,156.0000,25,22,435.1931,-82.4583,0.2160,8,0.2000,0.8750,8,7,6,0,0,7,6,0.1429
4,156.0000,25,23,313.4828,-78.3890,0.2049,21,0.5250,0.6667,6,8,7,0,0,8,7,0.1250
4,156.0000,25,27,346.2264,-80.9443,0.9979,16,0.4000,0.7143,7,6,3,0,0,6,3,0.5000
4,156.0000,25,29,720.6164,-86.6856,0.9136,5,0.1250,1.0000,4,8,8,0,0,8,8,0.0000
4,156.0000,25,31,668.5971,-84.8186,-1.0379,5,0.1250,1.0000,8,8,8,0,0,8,8,0.0000
4,156.0000,25,32,531.7375,-86.5932,-0.9510,5,0.1250,1.0000,8,7,6,0,0,7,6,0.1429
4,156.0000,25,33,756.5538,-88.0195,0.8735,4,0.1000,0.9608,51,8,8,0,0,8,8,0.0000
4,156.0000,25,36,605.6454,-85.9619,1.5570,3,0.0750,0.8571,7,8,8,0,0,8,8,0.0000
4,156.0000,25,37,298.8329,-77.1473,-0.9220,32,0.8000,0.4000,5,8,7,0,0,8,7,0.1250
4,156.0000,25,38,493.6445,-82.0744,-0.3014,6,0.1500,0.8571,7,8,6,0,0,8,6,0.2500
4,156.0000,25,39,573.3825,-86.1619,-0.1945,7,0.1750,0.8750,8,8,8,0,0,8,8,0.0000
4,156.0000,25,40,653.6663,-85.1589,0.8514,4,0.1000,1.0000,8,8,8,0,0,8,8,0.0000
4,156.0000,25,41,116.9598,-72.1530,1.1433,31,0.7750,0.0000,4,6,3,0,0,6,3,0.5000
4,156.0000,25,43,415.1124,-82.9512,0.5675,12,0.3000,0.7143,7,8,7,0,0,8,7,0.1250
4,156.0000,25,45,661.7645,-87.1606,1.0383,5,0.1250,0.8750,8,7,6,0,0,7,6,0.1429
4,156.0000,25,47,439.7247,-82.8197,-1.4729,7,0.1750,1.0000,8,7,6,0,0,7,6,0.1429
4,156.0000,26,0,783.3923,-85.5206,-0.5665,10,0.2439,0.8571,7,8,8,0,0,8,8,0.0000
4,156.0000,26,1,511.1621,-83.2019,0.3026,5,0.1220,0.8571,7,8,8,0,0,8,8,0.0000
4,156.0000,26,5,371.8803,-79.4787,-1.1535,30,0.7317,0.4000,5,8,8,0,0,8,8,0.0000
4,156.0000,26,7,785.8535,-87.3749,-0.5011,3,0.0732,1.0000,8,8,8,0,0,8,8,0.0000
4,156.0000,26,10,570.4531,-84.4823,-0.2827,4,0.0976,1.0000,8,8,8,0,0,8,8,0.0000
4,156.0000,26,12,369.7592,-79.6514,-0.9385,35,0.8537,0.4000,5,8,8,0,0,8,8,0.0000
4,156.0000,26,16,615.6204,-83.6729,0.2871,3,0.0732,1.0000,8,8,8,0,0,8,8,0.0000
4,156.0000,26,21,713.7240,-87.1231,-1.0184,3,0.0732,1.0000,8,8,8,0,0,8,8,0.0000
4,156.0000,26,27,729.3682,-84.5338,-0.2173,5,0.1220,1.0000,8,8,8,0,0,8,8,0.0000
4,156.0000,26,29,636.8086,-84.4912,-0.2538,12,0.2927,0.8750,8,8,8,0,0,8,8,0.0000
4,156.0000,26,34,554.8820,-83.3088,-0.5065,17,0.4146,0.8571,7,8,8,0,0,8,8,0.0000
4,156.0000,26,36,381.3877,-81.5973,-0.1276,10,0.2439,0.8750,8,5,2,0,0,5,2,0.6000
4,156.0000,26,43,616.2444,-81.5732,0.3172,3,0.0732,1.0000,8,8,8,0,0,8,8,0.0000
4,156.0000,26,45,576.6365,-84.3239,1.1039,4,0.0976,0.8571,7,6,6,0,0,6,6,0.0000
4,156.0000,27,0,686.4279,-85.7561,-0.7522,15,0.3750,1.0000,8,8,8,0,0,8,8,0.0000
4,156.0000,27,1,380.0148,-81.6079,0.1643,16,0.4000,0.2000,5,8,7,0,0,8,7,0.1250
4,156.0000,27,3,614.5387,-85.0290,-0.6601,8,0.2000,1.0000,8,8,8,0,0,8,8,0.0000
4,156.0000,27,5,798.6175,-87.5495,-0.0952,7,0.1750,1.0000,8,8,8,0,0,8,8,0.0000
4,156.0000,27,7,688.0844,-85.7207,0.1332,8,0.2000,1.0000,8,7,6,0,0,7,6,0.1429
4,156.0000,27,9,985.8236,-88.1033,-1.3695,4,0.1000,1.0000,6,4,4,0,0,4,4,0.0000
4,156.0000,27,10,706.7738,-86.2567,0.4055,10,0.2500,1.0000,8,8,8,0,0,8,8,0.0000
4,156.0000,27,12,834.6093,-86.8833,-0.4839,9,0.2250,0.8750,8,8,7,0,0,8,7,0.1250
4,156.0000,27,13,814.2428,-87.1772,-0.0796,5,0.1250,1.0000,8,8,8,0,0,8,8,0.0000
4,156.0000,27,16,664.3700,-86.0316,0.2135,8,0.2000,1.0000,10,6,6,0,0,6,6,0.0000
4,156.0000,27,18,990.4396,-88.2859,0.3247,4,0.1000,1.0000,8,6,6,0,0,6,6,0.0000
4,156.0000,27,19,359.5236,-80.8661,0.0236,16,0.4000,0.8571,7,6,2,0,0,6,2,0.6667
4,156.0000,27,20,877.1147,-88.1427,-1.0455,6,0.1500,0.8571,7,8,8,0,0,8,8,0.0000
4,156.0000,27,21,786.1795,-86.8708,0.1040,7,0.1750,1.0000,4,8,8,0,0,8,8,0.0000
4,156.0000,27,22,572.9310,-85.2969,0.1656,9,0.2250,0.6667,6,8,8,0,0,8,8,0.0000
4,156.0000,27,23,451.9676,-81.5078,-0.8630,16,0.4000,0.7143,7,7,6,0,0,7,6,0.1429
4,156.0000,27,25,346.2264,-81.3952,-0.9312,18,0.4500,0.8571,7,7,5,0,0,7,5,0.2857
4,156.0000,27,26,729.3682,-86.0189,-0.0901,9,0.2250,1.0000,6,8,8,0,0,8,8,0.0000
4,156.0000,27,29,442.8965,-82.6668,0.2533,15,0.3750,0.8750,8,7,4,0,0,7,4,0.4286
4,156.0000,27,31,830.5071,-88.5122,-0.5804,5,0.1250,1.0000,8,8,8,0,0,8,8,0.0000
4,156.0000,27,32,687.2183,-87.0422,-1.1104,6,0.1500,0.8750,8,8,8,0,0,8,8,0.0000
4,156.0000,27,34,688.6287,-87.0981,0.3288,13,0.3250,1.0000,8,4,4,0,0,4,4,0.0000
4,156.0000,27,36,433.8798,-81.5653,-0.1268,15,0.3750,0.8571,7,6,4,0,0,6,4,0.3333
4,156.0000,27,37,641.7467,-85.1459,-0.2857,8,0.2000,0.7500,8,8,8,0,0,8,8,0.0000
4,156.0000,27,38,731.2911,-85.7235,-1.1127,9,0.2250,1.0000,8,8,8,0,0,8,8,0.0000
4,156.0000,27,39,906.3067,-88.3805,1.4226,5,0.1250,0.8571,7,8,8,0,0,8,8,0.0000
4,156.0000,27,40,687.7932,-84.4672,0.8815,5,0.1250,1.0000,8,8,8,0,0,8,8,0.0000
4,156.0000,27,41,299.4967,-76.5844,-0.9696,28,0.7000,0.7143,7,7,6,0,0,7,6,0.1429
4,156.0000,27,43,227.1196,-77.5998,0.4021,24,0.6000,0.5000,6,6,3,0,0,6,3,0.5000
4,156.0000,27,45,570.1207,-85.3361,-0.0392,9,0.2250,0.8571,7,8,7,0,0,8,7,0.1250
4,156.0000,27,47,597.9700,-83.3500,-1.1051,8,0.2000,1.0000,8,8,8,0,0,8,8,0.0000
4,156.0000,28,2,708.7570,-86.0092,-1.1190,8,0.2000,1.0000,4,6,6,0,0,6,6,0.0000
4,156.0000,28,4,587.6757,-83.5746,-1.3399,11,0.2750,1.0000,8,6,6,0,0,6,6,0.0000
4,156.0000,28,8,432.8068,-82.4368,0.2024,7,0.1750,0.5000,6,7,6,0,0,7,6,0.1429
4,156.0000,28,9,417.1612,-81.6540,0.3781,10,0.2500,0.6667,6,8,8,0,0,8,8,0.0000
4,156.0000,28,11,599.2477,-84.7851,0.3410,8,0.2000,0.8571,7,7,6,0,0,7,6,0.1429
4,156.0000,28,13,579.2318,-85.1514,-2.7162,4,0.1000,1.0000,8,8,8,0,0,8,8,0.0000
4,156.0000,28,14,290.5228,-78.5338,0.5011,21,0.5250,0.5000,6,6,4,0,0,6,4,0.3333
4,156.0000,28,15,694.5206,-86.0486,0.0099,7,0.1750,0.8571,7,7,6,0,0,7,6,0.1429
4,156.0000,28,17,592.6667,-85.1286,-1.3958,9,0.2250,0.8571,7,6,4,0,0,6,4,0.3333
4,156.0000,28,18,642.9924,-85.7394,0.9587,4,0.1000,1.0000,8,7,6,0,0,7,6,0.1429
4,156.0000,28,24,321.3354,-77.7277,-0.0735,15,0.3750,0.6667,6,8,6,0,0,8,6,0.2500
4,156.0000,28,30,183.6816,-74.6017,0.5107,34,0.8500,0.2000,5,4,0,0,0,4,0,1.0000
4,156.0000,28,31,567.7000,-83.5446,-2.2968,4,0.1000,1.0000,8,8,8,0,0,8,8,0.0000
4,156.0000,28,32,693.3100,-85.5773,0.7494,4,0.1000,1.0000,8,7,6,0,0,7,6,0.1429
4,156.0000,28,33,608.2780,-85.4468,-0.6305,6,0.1500,1.0000,8,8,8,0,0,8,8,0.0000
4,156.0000,28,44,213.2466,-75.1650,-0.0899,30,0.7500,0.4000,5,6,2,0,0,6,2,0.6667
4,156.0000,28,46,595.9600,-85.6064,-0.2158,7,0.1750,0.8333,6,8,8,0,0,8,8,0.0000
4,156.0000,29,0,365.3554,-79.9773,-0.0386,35,0.8750,0.2000,5,6,2,0,0,6,2,0.6667
4,156.0000,29,1,571.6540,-83.8401,0.8467,5,0.1250,1.0000,8,8,8,0,0,8,8,0.0000
4,156.0000,29,5,499.6711,-82.6838,-0.0350,19,0.4750,0.8750,8,8,7,0,0,8,7,0.1250
4,156.0000,29,12,590.7799,-83.0826,-0.1444,17,0.4250,1.0000,8,8,7,0,0,8,7,0.1250
4,156.0000,29,26,636.8086,-84.3827,-0.9327,13,0.3250,1.0000,8,6,3,0,0,6,3,0.5000
4,156.0000,29,27,442.8965,-83.5558,-0.7957,9,0.2250,1.0000,8,6,4,0,0,6,4,0.3333
4,156.0000,29,34,297.6584,-76.6477,-1.2664,34,0.8500,0.0000,4,6,3,0,0,6,3,0.5000
4,156.0000,29,36,533.7752,-83.0322,-0.0020,4,0.1000,1.0000,8,7,6,0,0,7,6,0.1429
4,156.0000,29,43,568.5667,-83.1099,-0.4238,3,0.0750,1.0000,8,8,8,0,0,8,8,0.0000
4,156.0000,30,2,553.5170,-83.1320,-0.3786,20,0.5000,1.0000,8,6,5,0,0,6,5,0.1667
4,156.0000,30,4,416.4373,-80.4976,-0.6472,29,0.7250,0.3333,6,8,7,0,0,8,7,0.1250
4,156.0000,30,8,481.0448,-83.7600,0.0866,8,0.2000,1.0000,8,7,6,0,0,7,6,0.1429
4,156.0000,30,9,501.3090,-81.7941,0.5909,5,0.1250,1.0000,8,8,8,0,0,8,8,0.0000
4,156.0000,30,11,530.1118,-84.6256,-0.4710,15,0.3750,0.7143,7,8,7,0,0,8,7,0.1250
4,156.0000,30,13,697.6346,-88.2076,-0.3552,3,0.0750,1.0000,8,8,8,0,0,8,8,0.0000
4,156.0000,30,14,331.2470,-80.8158,0.0429,20,0.5000,0.4000,5,6,4,0,0,6,4,0.3333
4,156.0000,30,15,611.0848,-85.2156,-0.7053,20,0.5000,0.8571,7,8,8,0,0,8,8,0.0000
4,156.0000,30,17,461.1433,-82.0543,-0.5103,18,0.4500,0.7143,7,8,5,0,0,8,5,0.3750
4,156.0000,30,18,799.9075,-88.1432,0.3384,3,0.0750,1.0000,8,8,8,0,0,8,8,0.0000
4,156.0000,30,24,381.5766,-80.7311,0.5641,15,0.3750,0.5000,6,8,8,0,0,8,8,0.0000
4,156.0000,30,28,183.6816,-75.1807,0.0229,36,0.9000,0.4000,5,4,0,0,0,4,0,1.0000
4,156.0000,30,31,701.0931,-86.3666,0.6315,3,0.0750,1.0000,4,8,8,0,0,8,8,0.0000
4,156.0000,30,33,627.9282,-85.7430,-0.6375,7,0.1750,0.8571,7,8,8,0,0,8,8,0.0000
4,156.0000,30,38,760.9288,-86.9698,-0.4583,3,0.0750,1.0000,6,5,4,0,0,5,4,0.2000
4,156.0000,30,39,855.3565,-87.0779,0.1406,4,0.1000,1.0000,8,8,8,0,0,8,8,0.0000
4,156.0000,30,42,875.1408,-87.3911,0.0994,7,0.1750,1.0000,8,6,5,0,0,6,5,0.1667
4,156.0000,30,44,324.9909,-78.4912,-0.0075,21,0.5250,0.4000,5,5,2,0,0,5,2,0.6000
4,156.0000,30,46,515.7266,-84.7172,-0.0804,13,0.3250,0.8571,7,7,6,0,0,7,6,0.1429
4,156.0000,31,1,601.0842,-83.8637,0.7928,8,0.2000,1.0000,8,6,4,0,0,6,4,0.3333
4,156.0000,31,3,659.6955,-85.2890,0.7432,6,0.1500,0.8571,7,7,6,0,0,7,6,0.1429
4,156.0000,31,6,674.9786,-83.9931,-0.4076,8,0.2000,1.0000,6,3,2,0,0,3,2,0.3333
4,156.0000,31,7,296.0076,-79.2266,0.0972,19,0.4750,0.4286,7,7,5,0,0,7,5,0.2857
4,156.0000,31,8,341.4601,-80.4514,0.9337,16,0.4000,0.6667,6,7,5,0,0,7,5,0.2857
4,156.0000,31,9,252.8264,-80.4851,1.2626,18,0.4500,0.6667,6,8,4,0,0,8,4,0.5000
4,156.0000,31,10,453.5490,-84.1856,0.7547,11,0.2750,0.8571,7,6,2,0,0,6,2,0.6667
4,156.0000,31,13,232.3663,-76.8052,-0.2026,27,0.6750,0.6970,132,4,0,111,51,115,51,0.5565
4,156.0000,31,14,688.5935,-85.4203,-0.3553,6,0.1500,,0,8,8,0,0,8,8,0.0000
4,156.0000,31,16,393.8683,-82.5355,1.4170,10,0.2500,1.0000,8,8,7,0,0,8,7,0.1250
4,156.0000,31,17,977.4043,-87.8517,-0.5908,3,0.0750,,0,6,6,0,0,6,6,0.0000
4,156.0000,31,18,299.1565,-78.3195,-0.1404,30,0.7500,0.4000,5,5,1,0,0,5,1,0.8000
4,156.0000,31,19,587.0262,-83.0903,0.3932,11,0.2750,0.8571,7,5,3,0,0,5,3,0.4000
4,156.0000,31,20,692.6781,-85.0862,0.4192,7,0.1750,1.0000,8,10,9,0,0,10,9,0.1000
4,156.0000,31,21,487.2833,-82.4734,-0.0971,15,0.3750,0.8750,8,8,6,0,0,8,6,0.2500
4,156.0000,31,22,503.5574,-82.6986,-1.7772,8,0.2000,0.8571,7,7,6,0,0,7,6,0.1429
4,156.0000,31,23,618.1579,-84.6658,-0.4883,10,0.2500,1.0000,6,8,7,0,0,8,7,0.1250
4,156.0000,31,24,561.3047,-83.5075,-0.5843,8,0.2000,0.8571,7,5,4,0,0,5,4,0.2000
4,156.0000,31,25,668.5971,-86.3959,-0.4103,5,0.1250,0.6667,6,8,8,0,0,8,8,0.0000
4,156.0000,31,27,830.5071,-87.3321,-1.0589,6,0.1500,1.0000,6,4,4,0,0,4,4,0.0000
4,156.0000,31,28,567.7000,-85.1985,0.8577,7,0.1750,0.8889,9,6,6,0,0,6,6,0.0000
4,156.0000,31,32,145.9884,-64.4530,-3.8925,35,0.8750,0.0000,4,5,2,0,0,5,2,0.6000
4,156.0000,31,33,603.9061,-84.4313,-1.0833,7,0.1750,1.0000,8,7,6,0,0,7,6,0.1429
4,156.0000,31,36,697.8062,-84.5356,-1.0511,7,0.1750,1.0000,8,8,7,0,0,8,7,0.1250
4,156.0000,31,37,601.6357,-83.6745,0.4792,7,0.1750,1.0000,6,7,6,0,0,7,6,0.1429
4,156.0000,31,38,235.4491,-75.8674,-0.4385,26,0.6500,0.3333,6,7,4,0,0,7,4,0.4286
4,156.0000,31,39,638.1464,-84.7043,0.3808,6,0.1500,1.0000,8,8,8,0,0,8,8,0.0000
4,156.0000,31,40,307.3942,-78.6918,-0.6586,21,0.5250,0.6250,8,8,8,0,0,8,8,0.0000
4,156.0000,31,41,629.7623,-84.9629,0.0384,7,0.1750,1.0000,8,7,6,0,0,7,6,0.1429
4,156.0000,31,43,675.0968,-86.6981,-0.1670,6,0.1500,0.8750,8,8,8,0,0,8,8,0.0000
4,156.0000,31,44,376.1569,-81.8342,0.5974,9,0.2250,0.8571,7,6,4,0,0,6,4,0.3333
4,156.0000,31,45,526.2805,-82.2741,-0.4495,7,0.1750,1.0000,8,8,7,0,0,8,7,0.1250
4,156.0000,31,47,246.3549,-77.4372,-0.1035,23,0.5750,0.3333,6,6,2,0,0,6,2,0.6667
4,156.0000,32,1,488.3235,-83.8702,-0.2997,13,0.3250,0.7143,7,8,7,0,0,8,7,0.1250
4,156.0000,32,3,552.4407,-84.9277,0.9788,11,0.2750,0.8571,7,5,1,0,0,5,1,0.8000
4,156.0000,32,6,653.0173,-85.0135,0.5363,11,0.2750,1.0000,6,4,4,0,0,4,4,0.0000
4,156.0000,32,7,258.6236,-79.7462,0.7934,25,0.6250,0.8571,7,4,0,0,0,4,0,1.0000
4,156.0000,32,8,407.0121,-81.3432,-0.9626,14,0.3500,0.4000,5,7,4,0,0,7,4,0.4286
4,156.0000,32,9,337.0236,-80.0335,0.6804,25,0.6250,0.5714,7,6,3,0,0,6,3,0.5000
4,156.0000,32,10,419.8827,-83.1393,0.6837,17,0.4250,0.8750,8,8,7,0,0,8,7,0.1250
4,156.0000,32,13,229.3283,-76.6946,-0.0949,30,0.7500,0.5000,6,8,6,0,0,8,6,0.2500
4,156.0000,32,14,783.9947,-85.6302,-0.4120,10,0.2500,0.8333,6,7,6,0,0,7,6,0.1429
4,156.0000,32,16,347.1996,-82.1479,0.6827,22,0.5500,0.8750,8,7,5,0,0,7,5,0.2857
4,156.0000,32,18,399.4412,-80.7142,-0.9009,26,0.6500,0.7143,7,9,8,0,0,9,8,0.1111
4,156.0000,32,19,451.5411,-83.0529,0.1209,11,0.2750,0.7143,7,8,8,0,0,8,8,0.0000
4,156.0000,32,20,633.3117,-86.1972,-0.1568,9,0.2250,0.8750,8,8,8,0,0,8,8,0.0000
4,156.0000,32,21,463.7405,-82.2007,0.1884,20,0.5000,0.8571,7,8,7,0,0,8,7,0.1250
4,156.0000,32,22,390.9445,-81.7587,0.2527,16,0.4000,0.7143,7,7,6,0,0,7,6,0.1429
4,156.0000,32,23,486.7399,-84.7291,0.1200,11,0.2750,0.8750,8,7,6,0,0,7,6,0.1429
4,156.0000,32,24,638.3271,-83.9751,-0.7606,13,0.3250,0.8750,8,6,6,0,0,6,6,0.0000
4,156.0000,32,25,531.7375,-84.6795,-0.5615,12,0.3000,1.0000,8,6,4,0,0,6,4,0.3333
4,156.0000,32,26,927.8505,-88.8606,0.4647,4,0.1000,1.0000,4,4,4,0,0,4,4,0.0000
4,156.0000,32,27,687.2183,-86.8184,-0.2029,7,0.1750,0.8571,7,8,8,0,0,8,8,0.0000
4,156.0000,32,28,693.3100,-86.5312,-0.3632,13,0.3250,1.0000,8,8,8,0,0,8,8,0.0000
4,156.0000,32,30,814.4789,-86.9112,-0.9928,10,0.2500,1.0000,6,7,6,0,0,7,6,0.1429
4,156.0000,32,31,145.9884,-65.3248,-3.4115,32,0.8000,0.3333,6,8,5,0,0,8,5,0.3750
4,156.0000,32,33,605.8167,-83.5476,-1.3851,11,0.2750,1.0000,8,7,6,0,0,7,6,0.1429
4,156.0000,32,36,596.0989,-85.4145,-0.0022,11,0.2750,1.0000,8,8,8,0,0,8,8,0.0000
4,156.0000,32,37,505.1381,-84.4337,0.2654,9,0.2250,0.6000,5,7,4,0,0,7,4,0.4286
4,156.0000,32,38,178.2375,-73.8457,0.6095,33,0.8250,0.4000,5,6,4,0,0,6,4,0.3333
4,156.0000,32,39,595.2762,-85.8833,0.9211,10,0.2500,0.6667,6,6,4,0,0,6,4,0.3333
4,156.0000,32,40,255.6432,-77.1331,0.0838,25,0.6250,0.4000,5,6,3,0,0,6,3,0.5000
4,156.0000,32,41,486.2916,-85.5490,0.9276,12,0.3000,0.8571,7,6,3,0,0,6,3,0.5000
4,156.0000,32,43,539.5299,-85.6377,-0.1549,11,0.2750,0.8333,6,6,4,0,0,6,4,0.3333
4,156.0000,32,44,492.8548,-83.2597,0.1382,18,0.4500,0.7143,7,7,6,0,0,7,6,0.1429
4,156.0000,32,45,443.4146,-82.8720,0.3956,16,0.4000,0.8571,14,7,6,0,0,7,6,0.1429
4,156.0000,32,47,119.2449,-75.1410,2.4144,26,0.6500,0.3333,6,4,0,0,0,4,0,1.0000
4,156.0000,33,3,509.0786,-83.6514,1.3872,11,0.2750,0.8750,8,8,7,0,0,8,7,0.1250
4,156.0000,33,4,884.5021,-87.8914,0.8157,6,0.1500,1.0000,6,4,4,0,0,4,4,0.0000
4,156.0000,33,6,305.1951,-79.0276,-0.6147,27,0.6750,0.5000,6,6,4,0,0,6,4,0.3333
4,156.0000,33,7,818.1779,-87.6096,0.4455,4,0.1000,1.0000,8,6,6,0,0,6,6,0.0000
4,156.0000,33,8,482.6802,-81.4612,-1.6340,15,0.3750,0.8571,7,8,7,0,0,8,7,0.1250
4,156.0000,33,9,493.3049,-81.7982,-0.1872,13,0.3250,0.8571,7,8,8,0,0,8,8,0.0000
4,156.0000,33,11,628.9640,-85.1585,0.3266,10,0.2500,0.8000,5,7,5,0,0,7,5,0.2857
4,156.0000,33,13,415.2483,-79.8071,0.3543,16,0.4000,0.7143,7,8,8,0,0,8,8,0.0000
4,156.0000,33,14,491.4344,-81.9380,0.2165,17,0.4250,0.8571,7,8,8,0,0,8,8,0.0000
4,156.0000,33,15,785.3080,-87.0481,1.7651,6,0.1500,1.0000,6,4,4,0,0,4,4,0.0000
4,156.0000,33,17,560.2788,-84.6615,0.9240,16,0.4000,1.0000,6,7,6,0,0,7,6,0.1429
4,156.0000,33,18,877.0565,-87.3677,1.6657,4,0.1000,1.0000,8,4,4,0,0,4,4,0.0000
4,156.0000,33,19,749.0345,-87.8034,0.6825,5,0.1250,1.0000,8,8,8,0,0,8,8,0.0000
4,156.0000,33,20,285.5885,-77.7911,-0.6706,23,0.5750,0.5714,7,6,4,0,0,6,4,0.3333
4,156.0000,33,21,989.1720,-87.6370,0.3982,3,0.0750,1.0000,6,2,2,0,0,2,2,0.0000
4,156.0000,33,22,585.2201,-85.6296,-0.6825,7,0.1750,1.0000,8,5,3,0,0,5,3,0.4000
4,156.0000,33,23,663.1020,-84.7865,2.2604,5,0.1250,1.0000,8,8,8,0,0,8,8,0.0000
4,156.0000,33,24,335.3280,-80.2920,-0.7132,19,0.4750,0.8750,8,8,6,0,0,8,6,0.2500
4,156.0000,33,25,756.5538,-86.9002,0.4404,7,0.1750,1.0000,10,6,6,0,0,6,6,0.0000
4,156.0000,33,27,1055.6224,-88.8039,0.7574,3,0.0750,1.0000,6,6,6,0,0,6,6,0.0000
4,156.0000,33,28,608.2780,-84.9591,-2.3242,11,0.2750,0.8750,8,8,8,0,0,8,8,0.0000
4,156.0000,33,30,627.9282,-86.7061,-1.4434,9,0.2250,0.8571,7,8,8,0,0,8,8,0.0000
4,156.0000,33,31,603.9061,-83.9626,-0.9764,8,0.2000,1.0000,8,8,7,0,0,8,7,0.1250
4,156.0000,33,32,605.8167,-83.3519,-0.4646,8,0.2000,0.8750,8,6,6,0,0,6,6,0.0000
4,156.0000,33,35,800.3890,-86.2126,-0.5047,4,0.1000,1.0000,8,4,4,0,0,4,4,0.0000
4,156.0000,33,36,1154.0841,-88.6161,-0.9688,4,0.1000,,0,4,4,0,0,4,4,0.0000
4,156.0000,33,37,502.7801,-83.2685,1.1013,10,0.2500,1.0000,8,6,4,0,0,6,4,0.3333
4,156.0000,33,38,445.5550,-82.5508,0.7306,11,0.2750,0.8571,7,8,7,0,0,8,7,0.1250
4,156.0000,33,39,261.9426,-77.8798,1.0166,28,0.7000,0.7143,7,5,2,0,0,5,2,0.6000
4,156.0000,33,40,794.2970,-87.4705,-1.4943,5,0.1250,1.0000,8,7,6,0,0,7,6,0.1429
4,156.0000,33,41,758.7267,-88.5366,1.6803,5,0.1250,1.0000,6,8,8,0,0,8,8,0.0000
4,156.0000,33,42,439.6229,-82.4001,1.2251,17,0.4250,0.6667,6,6,3,0,0,6,3,0.5000
4,156.0000,33,43,995.1943,-87.4676,-4.5890,3,0.0750,1.0000,4,6,6,0,0,6,6,0.0000
4,156.0000,33,44,504.0593,-82.2175,0.3533,12,0.3000,0.8571,7,8,7,0,0,8,7,0.1250
4,156.0000,33,45,994.2597,-86.4509,-0.5351,4,0.1000,1.0000,4,8,8,0,0,8,8,0.0000
4,156.0000,33,46,644.6214,-87.3733,1.6378,6,0.1500,1.0000,6,9,8,0,0,9,8,0.1111
4,156.0000,33,47,650.9878,-85.3764,0.2808,7,0.1750,0.8571,7,8,8,0,0,8,8,0.0000
4,156.0000,34,0,306.8903,-79.3426,0.3530,38,0.9500,0.0000,4,7,2,0,0,7,2,0.7143
4,156.0000,34,1,730.1080,-86.0416,0.7149,3,0.0750,1.0000,8,9,8,0,0,9,8,0.1111
4,156.0000,34,5,262.0039,-79.4146,0.9251,36,0.9000,0.0000,4,4,0,0,0,4,0,1.0000
4,156.0000,34,12,363.6416,-80.0545,-0.1705,32,0.8000,0.4000,5,5,2,0,0,5,2,0.6000
4,156.0000,34,16,1008.4375,-87.4193,-1.5688,3,0.0750,1.0000,8,6,6,0,0,6,6,0.0000
4,156.0000,34,26,554.8820,-82.8803,-0.2927,15,0.3750,0.8750,8,8,8,0,0,8,8,0.0000
4,156.0000,34,27,688.6287,-85.5142,-0.1049,6,0.1500,1.0000,8,8,8,0,0,8,8,0.0000
4,156.0000,34,29,297.6584,-76.0095,-1.5766,34,0.8500,0.2000,5,7,4,0,0,7,4,0.4286
4,156.0000,34,36,643.1144,-85.6047,0.1647,5,0.1250,1.0000,6,8,8,0,0,8,8,0.0000
4,156.0000,34,43,752.3974,-84.3138,-1.6326,3,0.0750,1.0000,8,8,8,0,0,8,8,0.0000
4,156.0000,35,11,524.9546,-84.7609,-0.4175,9,0.2250,0.8750,8,7,6,0,0,7,6,0.1429
4,156.0000,35,15,555.4852,-85.6312,0.1031,9,0.2250,1.0000,8,7,6,0,0,7,6,0.1429
4,156.0000,35,17,673.9780,-84.4089,0.4871,5,0.1250,0.8571,7,7,6,0,0,7,6,0.1429
4,156.0000,35,42,493.1334,-83.9427,0.1582,8,0.2000,0.6667,6,8,8,0,0,8,8,0.0000
4,156.0000,35,46,547.6806,-84.1336,-0.2424,9,0.2250,0.2000,5,7,6,0,0,7,6,0.1429
4,156.0000,36,0,809.1027,-86.7431,-0.5573,7,0.1750,1.0000,8,4,2,0,0,4,2,0.5000
4,156.0000,36,1,130.5199,-72.6841,0.6687,34,0.8500,0.5000,6,5,1,0,0,5,1,0.8000
4,156.0000,36,5,610.1088,-85.4799,-0.0391,13,0.3250,0.8571,7,8,8,0,0,8,8,0.0000
4,156.0000,36,7,472.1154,-83.0627,-0.6717,16,0.4000,1.0000,8,8,8,0,0,8,8,0.0000
4,156.0000,36,10,368.3407,-77.3724,-2.4972,27,0.6750,0.5000,6,6,4,0,0,6,4,0.3333
4,156.0000,36,12,651.0292,-85.4368,-0.0818,16,0.4000,1.0000,8,8,7,0,0,8,7,0.1250
4,156.0000,36,13,791.7227,-84.7905,-0.0764,3,0.0750,1.0000,6,6,6,0,0,6,6,0.0000
4,156.0000,36,16,369.4772,-79.9995,-0.9522,24,0.6000,0.7143,7,6,4,0,0,6,4,0.3333
4,156.0000,36,18,722.8695,-85.2825,-0.2384,4,0.1000,1.0000,8,4,2,0,0,4,2,0.5000
4,156.0000,36,19,533.9751,-83.8778,0.5886,8,0.2000,1.0000,8,8,8,0,0,8,8,0.0000
4,156.0000,36,21,555.0012,-83.4810,0.4281,12,0.3000,0.8750,8,6,6,0,0,6,6,0.0000
4,156.0000,36,22,705.7318,-85.6571,-0.7069,4,0.1000,1.0000,8,8,8,0,0,8,8,0.0000
4,156.0000,36,23,683.0280,-85.4844,0.9329,5,0.1250,0.8571,7,8,7,0,0,8,7,0.1250
4,156.0000,36,25,605.6454,-86.2995,-0.8010,5,0.1250,1.0000,8,7,6,0,0,7,6,0.1429
4,156.0000,36,26,381.3877,-81.4782,0.9177,21,0.5250,0.8750,8,6,3,0,0,6,3,0.5000
4,156.0000,36,27,433.8798,-83.0492,-0.8956,9,0.2250,1.0000,8,8,7,0,0,8,7,0.1250
4,156.0000,36,29,533.7752,-84.8699,0.7166,11,0.2750,1.0000,8,7,5,0,0,7,5,0.2857
4,156.0000,36,31,697.8062,-85.8009,-1.5277,4,0.1000,1.0000,8,8,8,0,0,8,8,0.0000
4,156.0000,36,32,596.0989,-85.8325,-1.6707,3,0.0750,1.0000,8,8,8,0,0,8,8,0.0000
4,156.0000,36,34,643.1144,-86.2009,-0.0889,7,0.1750,1.0000,6,7,5,0,0,7,5,0.2857
4,156.0000,36,38,725.8042,-85.4104,-2.1155,3,0.0750,0.7143,7,8,8,0,0,8,8,0.0000
4,156.0000,36,40,526.9460,-83.1743,-0.0545,8,0.2000,0.7143,7,8,8,0,0,8,8,0.0000
4,156.0000,36,41,552.7729,-83.3715,0.4187,4,0.1000,1.0000,8,8,7,0,0,8,7,0.1250
4,156.0000,36,43,304.6022,-79.2508,-0.2248,16,0.4000,0.8571,7,8,7,0,0,8,7,0.1250
4,156.0000,36,45,359.1897,-80.4335,0.9276,16,0.4000,0.8333,6,10,8,0,0,10,8,0.2000
4,156.0000,36,47,522.1599,-83.9476,-0.9657,5,0.1250,1.0000,8,8,8,0,0,8,8,0.0000
4,156.0000,37,1,694.2961,-85.2932,-1.6093,4,0.1000,1.0000,8,6,6,0,0,6,6,0.0000
4,156.0000,37,3,147.6752,-72.6866,-0.2859,29,0.7250,0.3333,6,4,0,0,0,4,0,1.0000
4,156.0000,37,6,363.6829,-80.1713,0.6916,13,0.3250,0.8571,7,6,5,0,0,6,5,0.1667
4,156.0000,37,7,620.5488,-86.5897,0.7982,4,0.1000,1.0000,6,8,8,0,0,8,8,0.0000
4,156.0000,37,8,721.1546,-86.4780,-11.3347,3,0.0750,1.0000,8,8,7,0,0,8,7,0.1250
4,156.0000,37,9,685.4555,-86.6133,1.3822,5,0.1250,0.8571,7,8,8,0,0,8,8,0.0000
4,156.0000,37,13,410.5691,-81.6548,-0.2156,8,0.2000,1.0000,8,8,7,0,0,8,7,0.1250
4,156.0000,37,16,779.2517,-87.7804,0.1039,3,0.0750,1.0000,6,7,6,0,0,7,6,0.1429
4,156.0000,37,19,309.2903,-79.5095,0.9782,16,0.4000,0.8571,7,6,3,0,0,6,3,0.5000
4,156.0000,37,20,309.8814,-81.6946,-0.3989,10,0.2500,0.4000,5,6,3,0,0,6,3,0.5000
4,156.0000,37,22,463.1149,-83.8507,1.7851,6,0.1500,0.7143,7,10,9,0,0,10,9,0.1000
4,156.0000,37,23,412.7811,-80.5807,-0.5101,10,0.2500,0.7143,7,6,4,0,0,6,4,0.3333
4,156.0000,37,24,712.4157,-88.3805,-0.4969,4,0.1000,1.0000,8,5,4,0,0,5,4,0.2000
4,156.0000,37,25,298.8329,-78.1242,-0.7915,20,0.5000,0.3333,6,6,3,0,0,6,3,0.5000
4,156.0000,37,27,641.7467,-83.8942,0.4635,10,0.2500,1.0000,8,8,8,0,0,8,8,0.0000
4,156.0000,37,31,601.6357,-85.9051,0.8589,5,0.1250,1.0000,8,8,8,0,0,8,8,0.0000
4,156.0000,37,32,505.1381,-83.6812,0.1942,6,0.1500,1.0000,8,7,6,0,0,7,6,0.1429
4,156.0000,37,33,502.7801,-83.8752,-0.4639,9,0.2250,0.8571,7,8,7,0,0,8,7,0.1250
4,156.0000,37,36,823.5243,-87.0317,-1.0621,3,0.0750,1.0000,4,7,6,0,0,7,6,0.1429
4,156.0000,37,38,373.3721,-80.9228,2.5341,4,0.1000,0.8571,7,8,8,0,0,8,8,0.0000
4,156.0000,37,39,284.0562,-80.1924,0.4386,19,0.4750,0.7143,7,6,3,0,0,6,3,0.5000
4,156.0000,37,40,709.8658,-86.2813,-10.7191,3,0.0750,0.8571,7,8,7,0,0,8,7,0.1250
4,156.0000,37,41,359.2271,-80.6005,-0.3276,14,0.3500,0.8571,7,7,5,0,0,7,5,0.2857
4,156.0000,37,42,802.0757,-87.8007,-0.9027,3,0.0750,0.8000,5,4,4,0,0,4,4,0.0000
4,156.0000,37,43,662.0833,-86.1993,-3.9029,3,0.0750,1.0000,6,8,7,0,0,8,7,0.1250
4,156.0000,37,45,811.2410,-86.7594,-1.0125,3,0.0750,1.0000,8,8,8,0,0,8,8,0.0000
4,156.0000,37,47,447.8161,-83.3099,1.1286,6,0.1500,1.0000,8,7,5,0,0,7,5,0.2857
4,156.0000,38,1,604.7648,-83.3079,-0.9345,6,0.1500,0.8571,7,7,5,0,0,7,5,0.2857
4,156.0000,38,3,431.3135,-82.3468,0.8900,13,0.3250,0.6667,6,7,6,0,0,7,6,0.1429
4,156.0000,38,6,476.3242,-82.0580,-1.2044,12,0.3000,1.0000,8,7,5,0,0,7,5,0.2857
4,156.0000,38,7,380.3238,-81.4500,-0.1189,11,0.2750,1.0000,8,7,5,0,0,7,5,0.2857
4,156.0000,38,8,397.0124,-80.7862,0.5381,11,0.2750,0.6667,6,8,8,0,0,8,8,0.0000
4,156.0000,38,9,337.0005,-81.2658,1.1541,14,0.3500,0.5000,6,5,2,0,0,5,2,0.6000
4,156.0000,38,10,593.9025,-87.4611,0.9593,3,0.0750,0.9000,10,6,5,0,0,6,5,0.1667
4,156.0000,38,13,89.4736,-71.6888,2.1181,34,0.8500,0.4000,5,4,0,0,0,4,0,1.0000
4,156.0000,38,14,677.7770,-86.2241,-0.2509,6,0.1500,0.6667,3,6,4,0,0,6,4,0.3333
4,156.0000,38,16,521.3206,-82.9405,-0.1787,6,0.1500,0.6667,6,7,5,0,0,7,5,0.2857
4,156.0000,38,18,522.6083,-82.2152,-0.3478,11,0.2750,0.8750,8,6,6,0,0,6,6,0.0000
4,156.0000,38,19,431.6791,-80.7386,-0.4749,13,0.3250,0.7143,7,8,6,0,0,8,6,0.2500
4,156.0000,38,20,469.9320,-82.2831,-0.4684,13,0.3250,1.0000,8,7,6,0,0,7,6,0.1429
4,156.0000,38,21,629.4107,-83.4847,-0.6749,9,0.2250,1.0000,8,8,8,0,0,8,8,0.0000
4,156.0000,38,22,378.7741,-80.3765,0.4915,14,0.3500,0.2000,5,8,5,0,0,8,5,0.3750
4,156.0000,38,23,461.7381,-83.6518,-1.2565,8,0.2000,0.8333,6,7,5,0,0,7,5,0.2857
4,156.0000,38,24,517.8264,-84.6683,0.1542,7,0.1750,0.8750,8,4,3,0,0,4,3,0.2500
4,156.0000,38,25,493.6445,-82.2157,0.0154,12,0.3000,1.0000,8,8,8,0,0,8,8,0.0000
4,156.0000,38,27,731.2911,-84.7188,-0.1774,4,0.1000,0.8889,9,6,6,0,0,6,6,0.0000
4,156.0000,38,28,650.2655,-86.7276,-0.0481,6,0.1500,1.0000,4,4,4,0,0,4,4,0.0000
4,156.0000,38,31,235.4491,-76.3636,-0.4797,29,0.7250,0.5714,7,6,2,0,0,6,2,0.6667
4,156.0000,38,32,178.2375,-73.4415,0.1842,30,0.7500,0.2000,10,7,4,0,0,7,4,0.4286
4,156.0000,38,33,445.5550,-81.6348,0.5443,9,0.2250,0.8750,8,6,4,0,0,6,4,0.3333
4,156.0000,38,36,725.8042,-84.8538,-2.1500,6,0.1500,1.0000,8,8,8,0,0,8,8,0.0000
4,156.0000,38,37,373.3721,-81.6503,-0.0254,11,0.2750,0.8571,7,7,6,0,0,7,6,0.1429
4,156.0000,38,39,419.5707,-83.8628,1.3337,8,0.2000,0.8750,8,7,6,0,0,7,6,0.1429
4,156.0000,38,40,417.4687,-81.1568,-1.0497,10,0.2500,0.4000,5,7,6,0,0,7,6,0.1429
4,156.0000,38,41,474.2833,-82.9915,-0.7982,10,0.2500,1.0000,8,8,8,0,0,8,8,0.0000
4,156.0000,38,42,874.7058,-87.4494,0.2490,4,0.1000,1.0000,4,2,2,0,0,2,2,0.0000
4,156.0000,38,43,628.1760,-86.1808,-1.1610,4,0.1000,0.8750,8,7,6,0,0,7,6,0.1429
4,156.0000,38,44,460.5497,-82.8771,0.4275,8,0.2000,0.6667,6,7,6,0,0,7,6,0.1429
4,156.0000,38,45,600.8961,-83.9423,-0.3117,6,0.1500,0.7500,8,7,5,0,0,7,5,0.2857
4,156.0000,38,47,207.9098,-75.4989,0.6702,22,0.5500,0.2000,5,6,3,0,0,6,3,0.5000
4,156.0000,39,1,926.0208,-88.5445,-0.4198,3,0.0750,1.0000,6,4,4,0,0,4,4,0.0000
4,156.0000,39,3,318.7949,-81.9557,0.5047,16,0.4000,0.8571,7,7,5,0,0,7,5,0.2857
4,156.0000,39,6,138.7861,-72.5282,1.1264,32,0.8000,0.5000,6,4,0,0,0,4,0,1.0000
4,156.0000,39,8,645.3503,-85.7382,-0.5426,5,0.1250,1.0000,8,8,7,0,0,8,7,0.1250
4,156.0000,39,9,628.3388,-88.2502,0.7280,4,0.1000,0.8571,7,8,8,0,0,8,8,0.0000
4,156.0000,39,11,815.1383,-85.5208,0.3604,4,0.1000,1.0000,4,8,8,0,0,8,8,0.0000
4,156.0000,39,13,410.1142,-82.2570,-1.3913,10,0.2500,0.8750,8,7,6,0,0,7,6,0.1429
4,156.0000,39,14,664.9601,-85.0913,-0.2150,8,0.2000,0.6667,6,8,8,0,0,8,8,0.0000
4,156.0000,39,16,928.8031,-88.5004,-0.7151,3,0.0750,1.0000,2,8,8,0,0,8,8,0.0000
4,156.0000,39,17,803.5700,-86.8193,-0.4696,6,0.1500,1.0000,4,2,2,0,0,2,2,0.0000
4,156.0000,39,18,915.7706,-89.2662,0.3464,3,0.0750,1.0000,8,8,8,0,0,8,8,0.0000
4,156.0000,39,19,579.1415,-84.9802,0.6566,7,0.1750,1.0000,8,7,6,0,0,7,6,0.1429
4,156.0000,39,20,146.0199,-72.5699,0.2516,35,0.8750,0.4000,5,4,0,0,0,4,0,1.0000
4,156.0000,39,22,563.2648,-87.4416,1.5624,3,0.0750,1.0000,8,8,8,0,0,8,8,0.0000
4,156.0000,39,23,576.1573,-84.9449,-0.7827,6,0.1500,1.0000,6,8,8,0,0,8,8,0.0000
4,156.0000,39,24,509.6547,-84.4196,0.1500,10,0.2500,1.0000,8,6,4,0,0,6,4,0.3333
4,156.0000,39,25,573.3825,-84.0082,1.5611,8,0.2000,1.0000,8,8,8,0,0,8,8,0.0000
4,156.0000,39,28,796.8438,-87.2434,-0.0111,4,0.1000,1.0000,4,6,6,0,0,6,6,0.0000
4,156.0000,39,30,855.3565,-87.4050,-0.1471,3,0.0750,1.0000,8,8,8,0,0,8,8,0.0000
4,156.0000,39,31,638.1464,-85.8441,1.4445,6,0.1500,1.0000,8,8,8,0,0,8,8,0.0000
4,156.0000,39,32,595.2762,-84.4726,0.8458,5,0.1250,0.8750,8,8,8,0,0,8,8,0.0000
4,156.0000,39,33,261.9426,-77.9146,-0.0096,28,0.7000,0.4000,5,6,2,0,0,6,2,0.6667
4,156.0000,39,35,875.2905,-86.6938,-0.4379,7,0.1750,,0,8,8,0,0,8,8,0.0000
4,156.0000,39,37,284.0562,-79.2305,0.6066,19,0.4750,0.8750,8,6,4,0,0,6,4,0.3333
4,156.0000,39,38,419.5707,-82.7366,0.8684,7,0.1750,1.0000,8,7,5,0,0,7,5,0.2857
4,156.0000,39,40,814.6492,-87.7332,0.7648,4,0.1000,0.8571,7,8,8,0,0,8,8,0.0000
4,156.0000,39,41,609.7576,-86.1640,-0.0383,6,0.1500,1.0000,8,8,8,0,0,8,8,0.0000
4,156.0000,39,42,534.9526,-82.1345,-1.0435,18,0.4500,0.8571,7,7,6,0,0,7,6,0.1429
4,156.0000,39,44,673.4958,-85.1861,0.0487,5,0.1250,1.0000,8,8,8,0,0,8,8,0.0000
4,156.0000,39,46,839.2335,-88.1326,-0.9537,5,0.1250,1.0000,8,3,2,0,0,3,2,0.3333
4,156.0000,39,47,590.5126,-85.5491,-0.3733,8,0.2000,1.0000,8,8,8,0,0,8,8,0.0000
4,156.0000,40,1,460.1838,-82.4545,-0.5974,13,0.3250,0.7143,7,7,5,0,0,7,5,0.2857
4,156.0000,40,3,720.8997,-86.6129,-0.4284,7,0.1750,0.8571,7,8,8,0,0,8,8,0.0000
4,156.0000,40,6,889.9718,-87.7974,-1.0364,5,0.1250,0.8000,5,4,4,0,0,4,4,0.0000
4,156.0000,40,7,367.1851,-81.8675,0.4785,15,0.3750,0.6667,6,8,8,0,0,8,8,0.0000
4,156.0000,40,8,466.5991,-83.5949,-0.0720,9,0.2250,0.8571,7,7,4,0,0,7,4,0.4286
4,156.0000,40,9,424.7676,-82.0888,-0.0502,17,0.4250,0.6667,6,7,5,0,0,7,5,0.2857
4,156.0000,40,10,296.9453,-81.2763,0.5865,15,0.3750,0.6667,6,5,1,0,0,5,1,0.8000
4,156.0000,40,13,472.2072,-82.1154,-0.9313,9,0.2250,0.8750,8,8,7,0,0,8,7,0.1250
4,156.0000,40,16,232.5725,-78.8666,1.1179,28,0.7000,0.6667,6,4,0,49,18,53,18,0.6604
4,156.0000,40,18,424.3075,-81.4726,-0.3402,18,0.4500,0.4000,5,6,4,0,0,6,4,0.3333
4,156.0000,40,19,581.9800,-84.7941,-1.3589,9,0.2250,0.9571,70,8,8,0,0,8,8,0.0000
4,156.0000,40,20,822.0894,-86.2013,-0.8671,5,0.1250,1.0000,8,6,6,0,0,6,6,0.0000
4,156.0000,40,21,213.6014,-77.0842,0.2893,33,0.8250,0.0000,4,6,3,0,0,6,3,0.5000
4,156.0000,40,22,424.4475,-79.1984,-0.0200,15,0.3750,0.7500,8,8,7,0,0,8,7,0.1250
4,156.0000,40,23,536.4904,-83.8290,1.5431,5,0.1250,1.0000,12,8,8,0,0,8,8,0.0000
4,156.0000,40,24,829.2912,-87.0503,-0.5767,4,0.1000,0.8571,7,6,6,0,0,6,6,0.0000
4,156.0000,40,25,653.6663,-85.0868,0.1188,6,0.1500,0.8750,8,8,8,0,0,8,8,0.0000
4,156.0000,40,26,790.2341,-86.5465,-0.0217,7,0.1750,1.0000,4,6,6,0,0,6,6,0.0000
4,156.0000,40,27,687.7932,-85.9243,-0.8817,5,0.1250,0.7500,8,8,8,68,67,76,75,0.0132
4,156.0000,40,28,812.6815,-86.7765,-1.3635,6,0.1500,1.0000,4,5,4,0,0,5,4,0.2000
4,156.0000,40,31,307.3942,-79.2406,-0.2406,16,0.4000,0.7143,7,7,4,0,0,7,4,0.4286
4,156.0000,40,32,255.6432,-77.9746,0.0259,20,0.5000,0.7143,7,6,4,0,0,6,4,0.3333
4,156.0000,40,33,794.2970,-85.5437,-0.6030,4,0.1000,1.0000,8,8,8,0,0,8,8,0.0000
4,156.0000,40,36,526.9460,-83.5270,-1.0680,10,0.2500,0.8571,7,6,3,0,0,6,3,0.5000
4,156.0000,40,37,709.8658,-87.1674,0.2117,5,0.1250,1.0000,6,8,7,0,0,8,7,0.1250
4,156.0000,40,38,417.4687,-80.8376,-0.2709,7,0.1750,1.0000,8,8,8,0,0,8,8,0.0000
4,156.0000,40,41,570.5541,-83.9106,-0.1569,7,0.1750,0.8571,7,8,8,0,0,8,8,0.0000
4,156.0000,40,43,482.0677,-83.2612,-1.4991,11,0.2750,0.8657,67,6,4,10,9,16,13,0.1875
4,156.0000,40,44,609.5616,-85.0093,-1.3530,8,0.2000,0.9231,13,7,6,0,0,7,6,0.1429
4,156.0000,40,45,242.0720,-75.3150,-0.3148,27,0.6750,0.4000,5,6,4,0,0,6,4,0.3333
4,156.0000,40,47,313.3783,-78.3185,-0.0979,16,0.4000,0.8421,19,7,6,0,0,7,6,0.1429
4,156.0000,41,1,439.2739,-81.9594,-0.8353,13,0.3250,0.8750,8,8,6,0,0,8,6,0.2500
4,156.0000,41,3,328.0243,-79.8864,-0.5410,21,0.5250,0.6667,6,7,4,0,0,7,4,0.4286
4,156.0000,41,7,567.0435,-84.4494,0.7889,7,0.1750,1.0000,8,8,8,0,0,8,8,0.0000
4,156.0000,41,10,681.0423,-85.8358,0.2062,9,0.2250,0.8571,7,8,8,0,0,8,8,0.0000
4,156.0000,41,13,556.1533,-85.7114,-1.4565,4,0.1000,1.0000,8,8,8,0,0,8,8,0.0000
4,156.0000,41,16,615.2056,-84.5447,1.2469,7,0.1750,1.0000,8,7,6,0,0,7,6,0.1429
4,156.0000,41,18,855.2609,-85.3113,-0.7645,4,0.1000,1.0000,8,6,6,0,0,6,6,0.0000
4,156.0000,41,19,145.5798,-74.0351,0.5260,32,0.8000,0.4000,5,5,1,0,0,5,1,0.8000
4,156.0000,41,20,582.2706,-84.7944,0.6847,7,0.1750,1.0000,8,7,5,0,0,7,5,0.2857
4,156.0000,41,21,735.1166,-86.6008,0.1859,5,0.1250,1.0000,8,8,7,0,0,8,7,0.1250
4,156.0000,41,22,348.0688,-82.0818,0.5857,12,0.3000,0.8571,7,7,6,0,0,7,6,0.1429
4,156.0000,41,23,225.6865,-76.0047,-0.2134,29,0.7250,0.4000,5,6,2,0,0,6,2,0.6667
4,156.0000,41,25,116.9598,-71.8909,1.0647,36,0.9000,0.0000,4,4,0,0,0,4,0,1.0000
4,156.0000,41,26,914.6935,-88.3672,0.6481,3,0.0750,1.0000,4,4,4,0,0,4,4,0.0000
4,156.0000,41,27,299.4967,-76.8873,-0.5747,29,0.7250,0.2000,5,6,4,0,0,6,4,0.3333
4,156.0000,41,29,715.1343,-86.5493,-0.2477,8,0.2000,1.0000,4,5,4,0,0,5,4,0.2000
4,156.0000,41,31,629.7623,-85.8360,1.9012,5,0.1250,1.0000,8,8,8,0,0,8,8,0.0000
4,156.0000,41,32,486.2916,-84.5961,0.9325,7,0.1750,0.8750,8,8,8,0,0,8,8,0.0000
4,156.0000,41,33,758.7267,-86.5969,-1.2236,3,0.0750,0.8889,9,6,6,0,0,6,6,0.0000
4,156.0000,41,36,552.7729,-85.7247,1.0535,9,0.2250,1.0000,10,6,6,0,0,6,6,0.0000
4,156.0000,41,37,359.2271,-81.0982,-0.2054,15,0.3750,0.7143,7,7,6,0,0,7,6,0.1429
4,156.0000,41,38,474.2833,-83.3461,-0.2005,8,0.2000,1.0000,8,8,7,0,0,8,7,0.1250
4,156.0000,41,39,609.7576,-85.7212,-1.4260,6,0.1500,1.0000,8,7,6,0,0,7,6,0.1429
4,156.0000,41,40,570.5541,-84.0114,-0.9259,10,0.2500,0.9000,10,7,6,0,0,7,6,0.1429
4,156.0000,41,43,324.9091,-80.2746,0.6986,17,0.4250,0.8333,6,6,4,0,0,6,4,0.3333
4,156.0000,41,45,566.9944,-84.9842,-0.2903,9,0.2250,1.0000,8,8,8,0,0,8,8,0.0000
4,156.0000,41,47,405.5788,-82.2003,0.0007,10,0.2500,0.6667,6,7,6,0,0,7,6,0.1429
4,156.0000,42,2,837.5866,-86.8068,-1.3504,4,0.1000,1.0000,6,6,6,0,0,6,6,0.0000
4,156.0000,42,4,944.4800,-88.3320,-0.4652,5,0.1250,0.6667,3,6,6,0,0,6,6,0.0000
4,156.0000,42,6,539.0679,-82.4032,0.1637,3,0.0750,1.0000,8,8,8,0,0,8,8,0.0000
4,156.0000,42,11,603.5022,-84.4965,-0.2056,11,0.2750,1.0000,8,8,8,0,0,8,8,0.0000
4,156.0000,42,14,718.8186,-86.0119,0.5825,3,0.0750,1.0000,8,8,8,0,0,8,8,0.0000
4,156.0000,42,15,723.7906,-85.5642,0.3931,10,0.2500,1.0000,8,7,6,0,0,7,6,0.1429
4,156.0000,42,17,540.7815,-84.2249,0.7588,12,0.3000,1.0000,8,8,8,0,0,8,8,0.0000
4,156.0000,42,20,508.4350,-81.6458,0.6425,6,0.1500,1.0000,8,8,7,0,0,8,7,0.1250
4,156.0000,42,24,643.8961,-86.4957,-0.2527,5,0.1250,1.0000,8,8,8,0,0,8,8,0.0000
4,156.0000,42,30,875.1408,-86.5297,-1.6293,3,0.0750,1.0000,8,8,8,0,0,8,8,0.0000
4,156.0000,42,33,439.6229,-81.2019,0.5303,11,0.2750,1.0000,8,8,7,0,0,8,7,0.1250
4,156.0000,42,35,493.1334,-83.8417,0.7717,24,0.6000,1.0000,8,8,7,0,0,8,7,0.1250
4,156.0000,42,39,534.9526,-81.6057,0.2154,10,0.2500,0.8750,8,7,6,0,0,7,6,0.1429
4,156.0000,42,44,886.5131,-87.0372,0.3485,3,0.0750,0.8571,7,8,7,0,0,8,7,0.1250
4,156.0000,42,46,618.8157,-85.0356,-0.5346,12,0.3000,1.0000,8,7,6,0,0,7,6,0.1429
4,156.0000,43,0,804.0286,-87.7644,-0.4711,5,0.1282,1.0000,8,6,6,0,0,6,6,0.0000
4,156.0000,43,1,247.8541,-77.5798,-0.5392,28,0.7179,0.4000,5,7,4,0,0,7,4,0.4286
4,156.0000,43,3,642.4610,-85.2661,-2.6071,7,0.1795,1.0000,6,8,8,0,0,8,8,0.0000
4,156.0000,43,5,787.3531,-86.7400,-0.7301,14,0.3590,1.0000,6,5,4,0,0,5,4,0.2000
4,156.0000,43,7,550.1087,-84.1330,-1.4955,9,0.2308,1.0000,8,8,8,0,0,8,8,0.0000
4,156.0000,43,8,864.7169,-87.4815,-0.9498,4,0.1026,1.0000,4,7,6,0,0,7,6,0.1429
4,156.0000,43,9,829.3498,-86.7907,-0.9156,5,0.1282,1.0000,8,8,8,0,0,8,8,0.0000
4,156.0000,43,10,508.0065,-82.0202,-1.5017,22,0.5641,0.8571,7,7,6,0,0,7,6,0.1429
4,156.0000,43,12,800.9253,-85.7672,-0.9690,17,0.4359,1.0000,8,3,2,0,0,3,2,0.3333
4,156.0000,43,13,712.7445,-85.3966,1.0203,5,0.1282,1.0000,8,7,6,0,0,7,6,0.1429
4,156.0000,43,16,464.8973,-81.5603,-0.6174,14,0.3590,0.4000,5,6,3,0,0,6,3,0.5000
4,156.0000,43,18,813.4775,-87.5267,0.1914,6,0.1538,0.8571,7,8,8,0,0,8,8,0.0000
4,156.0000,43,19,383.9276,-80.7592,0.5657,12,0.3077,0.8571,7,8,7,0,0,8,7,0.1250
4,156.0000,43,20,872.4906,-87.4560,-0.2422,4,0.1026,1.0000,4,6,6,0,0,6,6,0.0000
4,156.0000,43,21,560.7511,-84.5384,-0.7715,13,0.3333,1.0000,8,7,6,0,0,7,6,0.1429
4,156.0000,43,22,471.6960,-83.2987,0.6348,15,0.3846,0.8750,8,7,6,0,0,7,6,0.1429
4,156.0000,43,23,414.8285,-82.9396,0.8047,17,0.4359,1.0000,6,8,8,0,0,8,8,0.0000
4,156.0000,43,25,415.1124,-82.8725,1.7239,11,0.2821,0.8571,7,5,2,0,0,5,2,0.6000
4,156.0000,43,26,616.2444,-84.3810,-0.8140,18,0.4615,1.0000,8,6,6,0,0,6,6,0.0000
4,156.0000,43,27,227.1196,-77.6847,0.4561,29,0.7436,0.3333,18,5,2,3,1,8,3,0.6250
4,156.0000,43,29,568.5667,-85.1535,0.3972,17,0.4359,1.0000,6,7,5,0,0,7,5,0.2857
4,156.0000,43,31,675.0968,-86.4577,0.4178,6,0.1538,1.0000,8,8,7,0,0,8,7,0.1250
4,156.0000,43,32,539.5299,-85.1168,1.4150,6,0.1538,1.0000,8,6,4,0,0,6,4,0.3333
4,156.0000,43,34,752.3974,-86.2940,-0.4329,14,0.3590,0.8750,8,2,2,0,0,2,2,0.0000
4,156.0000,43,36,304.6022,-78.7579,-0.6426,29,0.7436,0.2000,5,8,6,0,0,8,6,0.2500
4,156.0000,43,37,662.0833,-86.1076,-0.9277,9,0.2308,1.0000,2,8,8,0,0,8,8,0.0000
4,156.0000,43,38,628.1760,-85.3898,-1.6800,6,0.1538,0.8571,7,7,5,0,0,7,5,0.2857
4,156.0000,43,39,894.9915,-89.5105,-0.1872,3,0.0769,1.0000,8,7,6,0,0,7,6,0.1429
4,156.0000,43,40,482.0677,-84.2309,-1.1593,9,0.2308,0.8571,7,7,6,0,0,7,6,0.1429
4,156.0000,43,41,324.9091,-80.8101,0.7952,18,0.4615,0.4000,5,6,5,0,0,6,5,0.1667
4,156.0000,43,45,343.7186,-79.3399,0.0842,18,0.4615,0.7500,8,6,3,0,0,6,3,0.5000
4,156.0000,43,47,471.7904,-83.1207,-1.5160,9,0.2308,1.0000,8,8,7,0,0,8,7,0.1250
4,156.0000,44,2,848.3709,-86.3080,-0.3060,11,0.2750,1.0000,6,4,4,0,0,4,4,0.0000
4,156.0000,44,3,831.8455,-87.7646,-1.3244,3,0.0750,1.0000,8,4,4,0,0,4,4,0.0000
4,156.0000,44,4,734.9263,-85.9361,-0.1510,21,0.5250,0.8333,6,2,2,0,0,2,2,0.0000
4,156.0000,44,6,681.2197,-84.9991,-1.1690,10,0.2500,1.0000,10,2,2,0,0,2,2,0.0000
4,156.0000,44,7,658.6429,-88.0681,0.1451,3,0.0750,1.0000,8,8,8,0,0,8,8,0.0000
4,156.0000,44,8,236.2170,-77.6989,0.2348,22,0.5500,0.3333,6,4,0,0,0,4,0,1.0000
4,156.0000,44,9,205.2990,-75.5586,-0.3598,27,0.6750,0.4000,5,5,2,0,0,5,2,0.6000
4,156.0000,44,10,796.2605,-88.1770,0.8471,5,0.1250,1.0000,8,3,2,0,0,3,2,0.3333
4,156.0000,44,11,713.3605,-85.2368,-0.5984,14,0.3500,1.0000,8,8,8,0,0,8,8,0.0000
4,156.0000,44,13,402.4138,-81.7390,0.7131,14,0.3500,0.8571,7,4,0,0,0,4,0,1.0000
4,156.0000,44,14,392.7697,-80.1691,-0.5932,30,0.7500,0.7500,8,6,4,0,0,6,4,0.3333
4,156.0000,44,15,835.1199,-86.6284,0.1125,8,0.2000,1.0000,8,2,2,0,0,2,2,0.0000
4,156.0000,44,16,745.5592,-87.2672,0.4516,6,0.1500,1.0000,8,8,8,0,0,8,8,0.0000
4,156.0000,44,17,656.6770,-85.4753,-0.0164,15,0.3750,0.8000,5,8,8,0,0,8,8,0.0000
4,156.0000,44,18,514.5675,-84.3223,0.5767,13,0.3250,1.0000,8,8,7,0,0,8,7,0.1250
4,156.0000,44,19,891.1068,-88.6224,1.8962,3,0.0750,1.0000,8,8,8,0,0,8,8,0.0000
4,156.0000,44,20,731.5032,-85.6747,0.2786,5,0.1250,1.0000,8,8,8,0,0,8,8,0.0000
4,156.0000,44,21,746.9654,-85.9843,0.5117,4,0.1000,1.0000,8,8,8,0,0,8,8,0.0000
4,156.0000,44,22,704.5073,-86.6181,-0.0463,7,0.1750,0.8750,8,7,6,0,0,7,6,0.1429
4,156.0000,44,23,847.0779,-88.4150,-1.3827,3,0.0750,1.0000,4,8,8,0,0,8,8,0.0000
4,156.0000,44,24,315.3310,-76.3062,-0.9893,28,0.7000,0.6667,6,8,8,0,0,8,8,0.0000
4,156.0000,44,25,951.2848,-88.8989,-0.5707,3,0.0750,1.0000,6,2,2,0,0,2,2,0.0000
4,156.0000,44,27,1163.6683,-89.0746,0.0775,4,0.1000,1.0000,4,2,2,0,0,2,2,0.0000
4,156.0000,44,28,213.2466,-75.4787,-0.4419,37,0.9250,0.2000,5,6,2,0,0,6,2,0.6667
4,156.0000,44,30,324.9909,-80.0499,0.0383,31,0.7750,0.0000,4,8,8,0,0,8,8,0.0000
4,156.0000,44,31,376.1569,-82.1623,0.1222,11,0.2750,0.8750,8,7,5,0,0,7,5,0.2857
4,156.0000,44,32,492.8548,-82.9415,-0.6704,9,0.2250,0.8750,8,8,8,0,0,8,8,0.0000
4,156.0000,44,33,504.0593,-83.0330,0.1046,15,0.3750,0.6667,6,8,8,0,0,8,8,0.0000
4,156.0000,44,35,1125.1240,-89.2118,0.3645,3,0.0750,,0,6,6,0,0,6,6,0.0000
4,156.0000,44,37,786.9434,-88.1116,-0.2651,6,0.1500,1.0000,4,7,6,0,0,7,6,0.1429
4,156.0000,44,38,460.5497,-82.9825,-0.1854,8,0.2000,1.0000,8,8,8,0,0,8,8,0.0000
4,156.0000,44,39,673.4958,-85.5836,-0.6953,8,0.2000,1.0000,8,8,8,0,0,8,8,0.0000
4,156.0000,44,40,609.5616,-86.3949,1.3745,7,0.1750,1.0000,8,8,8,0,0,8,8,0.0000
4,156.0000,44,41,920.4477,-88.3075,0.1317,5,0.1250,1.0000,2,8,8,0,0,8,8,0.0000
4,156.0000,44,42,886.5131,-86.3059,0.1724,5,0.1250,1.0000,8,4,3,0,0,4,3,0.2500
4,156.0000,44,45,851.2323,-86.9730,-0.7152,3,0.0750,1.0000,4,6,6,0,0,6,6,0.0000
4,156.0000,44,46,714.6166,-86.2286,-0.6234,13,0.3250,1.0000,8,8,8,0,0,8,8,0.0000
4,156.0000,44,47,596.4643,-86.7060,1.6613,5,0.1250,1.0000,8,8,8,0,0,8,8,0.0000
4,156.0000,45,0,1054.9857,-87.4323,-0.4094,4,0.1026,1.0000,4,2,2,0,0,2,2,0.0000
4,156.0000,45,1,340.5892,-79.8533,0.4157,21,0.5385,0.2000,5,7,4,0,0,7,4,0.4286
4,156.0000,45,5,881.2400,-87.2284,-0.7727,6,0.1538,1.0000,2,8,8,0,0,8,8,0.0000
4,156.0000,45,7,458.8328,-81.0985,-0.1043,14,0.3590,0.6667,6,8,8,0,0,8,8,0.0000
4,156.0000,45,8,701.9222,-85.6281,0.5046,5,0.1282,1.0000,8,8,7,0,0,8,7,0.1250
4,156.0000,45,9,665.5539,-86.0053,-1.0478,6,0.1538,1.0000,8,8,8,0,0,8,8,0.0000
4,156.0000,45,10,264.7424,-78.2379,0.3335,28,0.7179,0.4000,5,6,3,0,0,6,3,0.5000
4,156.0000,45,12,866.7501,-87.0396,-1.6840,3,0.0769,1.0000,4,8,8,0,0,8,8,0.0000
4,156.0000,45,13,669.2460,-84.9990,-0.4382,9,0.2308,1.0000,8,7,6,0,0,7,6,0.1429
4,156.0000,45,16,233.6005,-77.1120,-0.1769,29,0.7436,0.6667,6,6,3,0,0,6,3,0.5000
4,156.0000,45,18,585.4710,-84.0251,0.8905,7,0.1795,1.0000,6,8,8,0,0,8,8,0.0000
4,156.0000,45,19,597.0961,-84.3065,0.6223,8,0.2051,1.0000,8,8,8,0,0,8,8,0.0000
4,156.0000,45,21,224.4733,-75.8977,-0.5298,33,0.8462,0.5714,7,5,1,0,0,5,1,0.8000
4,156.0000,45,22,515.8238,-82.7430,-0.9566,8,0.2051,0.8571,7,7,6,0,0,7,6,0.1429
4,156.0000,45,23,571.9798,-84.2701,-0.3777,9,0.2308,0.6667,6,8,8,0,0,8,8,0.0000
4,156.0000,45,25,661.7645,-84.7522,-0.2285,6,0.1538,1.0000,8,8,8,0,0,8,8,0.0000
4,156.0000,45,26,576.6365,-84.5625,0.2748,13,0.3333,1.0000,6,8,6,0,0,8,6,0.2500
4,156.0000,45,27,570.1207,-85.1443,-0.5104,11,0.2821,0.2000,5,8,8,0,0,8,8,0.0000
4,156.0000,45,29,836.3968,-87.0428,-0.4811,6,0.1538,,0,8,8,0,0,8,8,0.0000
4,156.0000,45,31,526.2805,-84.0139,-0.0727,11,0.2821,1.0000,8,7,6,0,0,7,6,0.1429
4,156.0000,45,32,443.4146,-80.7296,-1.1692,11,0.2821,0.6667,6,7,6,0,0,7,6,0.1429
4,156.0000,45,33,994.2597,-87.8360,-0.3729,3,0.0769,1.0000,8,8,8,0,0,8,8,0.0000
4,156.0000,45,36,359.1897,-82.0568,0.5371,23,0.5897,0.3333,6,6,2,0,0,6,2,0.6667
4,156.0000,45,37,811.2410,-87.4386,-0.3109,5,0.1282,1.0000,4,8,8,0,0,8,8,0.0000
4,156.0000,45,38,600.8961,-83.5946,-1.0410,8,0.2051,1.0000,8,8,8,0,0,8,8,0.0000
4,156.0000,45,39,974.6741,-89.1836,-0.7844,3,0.0769,1.0000,4,5,4,0,0,5,4,0.2000
4,156.0000,45,40,242.0720,-75.6651,-0.8614,25,0.6410,0.2500,8,4,0,0,0,4,0,1.0000
4,156.0000,45,41,566.9944,-84.8556,-0.2649,7,0.1795,1.0000,8,8,8,0,0,8,8,0.0000
4,156.0000,45,43,343.7186,-79.4873,0.3176,28,0.7179,0.6250,8,8,7,0,0,8,7,0.1250
4,156.0000,45,44,851.2323,-87.0379,-0.1343,3,0.0769,1.0000,6,6,6,0,0,6,6,0.0000
4,156.0000,45,47,442.0129,-80.2328,-0.5292,15,0.3846,0.8750,8,8,8,0,0,8,8,0.0000
4,156.0000,46,2,358.8543,-79.6188,-1.2727,32,0.8000,0.2500,4,5,1,0,0,5,1,0.8000
4,156.0000,46,4,475.1417,-83.5284,-0.3080,21,0.5250,0.7143,7,8,8,0,0,8,8,0.0000
4,156.0000,46,6,779.2075,-88.4621,0.6972,4,0.1000,1.0000,6,7,6,0,0,7,6,0.1429
4,156.0000,46,9,868.4557,-88.3362,-0.5131,4,0.1000,1.0000,8,2,2,0,0,2,2,0.0000
4,156.0000,46,11,39.5664,-67.1905,2.8918,34,0.8500,0.0000,4,4,0,0,0,4,0,1.0000
4,156.0000,46,14,375.7880,-81.7032,1.6752,12,0.3000,0.5714,7,6,3,0,0,6,3,0.5000
4,156.0000,46,15,143.6334,-66.2590,-1.7905,36,0.9000,0.0000,4,5,1,0,0,5,1,0.8000
4,156.0000,46,17,295.4388,-79.8709,0.4872,27,0.6750,0.3333,6,5,1,0,0,5,1,0.8000
4,156.0000,46,24,478.4673,-84.7711,0.5303,6,0.1500,1.0000,8,8,8,0,0,8,8,0.0000
4,156.0000,46,28,595.9600,-85.5620,-0.2681,8,0.2000,1.0000,8,8,8,0,0,8,8,0.0000
4,156.0000,46,30,515.7266,-84.2694,0.2665,11,0.2750,0.6667,6,4,2,0,0,4,2,0.5000
4,156.0000,46,33,644.6214,-86.7569,-0.3403,6,0.1500,1.0000,8,8,8,0,0,8,8,0.0000
4,156.0000,46,35,547.6806,-84.5512,-0.1804,17,0.4250,0.8750,8,7,6,0,0,7,6,0.1429
4,156.0000,46,42,618.8157,-85.5414,-0.6240,5,0.1250,0.7143,7,6,4,0,0,6,4,0.3333
4,156.0000,46,44,714.6166,-87.4845,0.1670,4,0.1000,1.0000,8,8,8,0,0,8,8,0.0000
4,156.0000,47,1,404.1079,-79.6386,-1.4674,21,0.5250,0.5000,6,8,6,0,0,8,6,0.2500
4,156.0000,47,3,507.2429,-84.5734,0.1673,12,0.3000,0.7143,7,7,5,0,0,7,5,0.2857
4,156.0000,47,6,647.2773,-86.3686,0.6249,9,0.2250,1.0000,6,4,4,0,0,4,4,0.0000
4,156.0000,47,7,213.3884,-77.4576,0.1397,30,0.7500,0.2500,4,7,3,0,0,7,3,0.5714
4,156.0000,47,8,520.1516,-84.3470,-0.7331,12,0.3000,0.8750,8,7,6,0,0,7,6,0.1429
4,156.0000,47,9,451.2646,-83.0787,1.0816,12,0.3000,0.8571,7,6,4,0,0,6,4,0.3333
4,156.0000,47,10,415.7130,-81.6698,0.4183,21,0.5250,0.8571,7,8,8,0,0,8,8,0.0000
4,156.0000,47,13,269.7018,-79.2228,0.8988,19,0.4750,0.6667,6,4,0,0,0,4,0,1.0000
4,156.0000,47,14,855.2384,-88.0047,0.0759,6,0.1500,,0,8,8,0,0,8,8,0.0000
4,156.0000,47,16,344.1021,-80.8118,0.5650,22,0.5500,0.4000,5,6,3,0,0,6,3,0.5000
4,156.0000,47,18,457.2510,-82.3606,0.3462,14,0.3500,0.5000,6,8,8,0,0,8,8,0.0000
4,156.0000,47,19,349.4742,-78.4239,-1.5171,22,0.5500,0.8000,10,5,2,0,0,5,2,0.6000
4,156.0000,47,20,631.8984,-84.3742,0.1859,7,0.1750,0.8571,7,8,8,0,0,8,8,0.0000
4,156.0000,47,21,514.2099,-82.6962,0.0592,17,0.4250,0.8571,7,7,6,0,0,7,6,0.1429
4,156.0000,47,22,402.9792,-80.8071,-0.7265,19,0.4750,0.6667,6,7,6,0,0,7,6,0.1429
4,156.0000,47,23,457.3312,-83.3625,0.2494,15,0.3750,0.6667,6,8,7,0,0,8,7,0.1250
4,156.0000,47,24,706.6981,-86.1148,-0.7279,7,0.1750,1.0000,6,3,2,0,0,3,2,0.3333
4,156.0000,47,25,439.7247,-81.5890,-0.7738,16,0.4000,0.8750,8,8,6,0,0,8,6,0.2500
4,156.0000,47,26,875.9175,-87.4429,0.9558,5,0.1250,,0,2,2,0,0,2,2,0.0000
4,156.0000,47,27,597.9700,-84.2808,-0.6070,12,0.3000,0.6667,6,6,6,0,0,6,6,0.0000
4,156.0000,47,28,790.0545,-88.7743,-0.5585,4,0.1000,1.0000,4,6,4,0,0,6,4,0.3333
4,156.0000,47,30,916.8740,-88.3545,0.2619,6,0.1500,,0,4,4,0,0,4,4,0.0000
4,156.0000,47,31,246.3549,-77.6331,0.3292,27,0.6750,0.5714,7,6,2,0,0,6,2,0.6667
4,156.0000,47,32,119.2449,-75.3221,2.3544,32,0.8000,0.5000,6,6,3,0,0,6,3,0.5000
4,156.0000,47,33,650.9878,-85.9539,-0.6323,7,0.1750,1.0000,8,8,8,0,0,8,8,0.0000
4,156.0000,47,36,522.1599,-83.2158,-0.8300,17,0.4250,1.0000,8,8,7,0,0,8,7,0.1250
4,156.0000,47,37,447.8161,-84.6347,0.0252,13,0.3250,0.6000,5,7,6,0,0,7,6,0.1429
4,156.0000,47,38,207.9098,-75.8773,0.4623,31,0.7750,0.5000,8,7,5,0,0,7,5,0.2857
4,156.0000,47,39,590.5126,-84.8932,0.7715,7,0.1750,1.0000,8,8,7,0,0,8,7,0.1250
4,156.0000,47,40,313.3783,-78.0160,-0.1197,24,0.6000,0.2000,5,7,6,0,0,7,6,0.1429
4,156.0000,47,41,405.5788,-81.4573,0.3883,13,0.3250,0.6667,6,7,6,0,0,7,6,0.1429
4,156.0000,47,43,471.7904,-83.1638,0.0280,12,0.3000,0.5000,6,6,3,0,0,6,3,0.5000
4,156.0000,47,44,596.4643,-85.4159,0.2516,11,0.2750,1.0000,8,7,6,0,0,7,6,0.1429
4,156.0000,47,45,442.0129,-80.6979,-0.2953,18,0.4500,0.2000,5,6,4,0,0,6,4,0.3333
4,160.0000,0,1,787.2550,-86.5834,0.0439,3,0.0750,1.0000,8,7,6,0,0,7,6,0.1429
4,160.0000,0,5,408.4560,-81.6381,1.0796,20,0.5000,0.7143,7,6,2,0,0,6,2,0.6667
4,160.0000,0,12,486.3341,-83.0984,0.9998,17,0.4250,0.8571,7,8,7,0,0,8,7,0.1250
4,160.0000,0,26,810.9390,-86.4795,1.1070,4,0.1000,1.0000,8,8,8,0,0,8,8,0.0000
4,160.0000,0,27,640.4192,-83.8709,-0.2536,7,0.1750,1.0000,8,7,6,0,0,7,6,0.1429
4,160.0000,0,29,434.6616,-81.4386,-0.5585,23,0.5750,0.5714,7,6,3,0,0,6,3,0.5000
4,160.0000,0,34,258.4522,-78.7916,0.8482,35,0.8750,0.5000,6,6,2,0,0,6,2,0.6667
4,160.0000,0,36,676.2393,-88.7230,0.1454,4,0.1000,1.0000,8,8,8,0,0,8,8,0.0000
4,160.0000,1,0,787.2550,-86.4607,-0.3965,5,0.1250,1.0000,6,3,2,0,0,3,2,0.3333
4,160.0000,1,3,770.5890,-86.5306,-1.4862,5,0.1250,0.8571,7,8,8,0,0,8,8,0.0000
4,160.0000,1,5,590.0895,-85.6632,1.3641,11,0.2750,0.6667,6,6,5,0,0,6,5,0.1667
4,160.0000,1,7,481.1141,-82.9063,-0.4432,12,0.3000,1.0000,8,8,8,0,0,8,8,0.0000
4,160.0000,1,9,782.4379,-88.1618,-1.2357,5,0.1250,1.0000,8,7,6,0,0,7,6,0.1429
4,160.0000,1,10,482.6374,-81.2296,0.7633,14,0.3500,0.7143,7,7,5,0,0,7,5,0.2857
4,160.0000,1,12,692.6159,-86.3277,0.2468,8,0.2000,1.0000,8,5,4,0,0,5,4,0.2000
4,160.0000,1,13,708.3214,-83.8647,-2.1303,3,0.0750,1.0000,8,8,8,0,0,8,8,0.0000
4,160.0000,1,16,404.6912,-81.9174,-1.0082,14,0.3500,1.0000,8,7,5,0,0,7,5,0.2857
4,160.0000,1,18,661.1905,-86.7961,-0.8622,6,0.1500,0.8571,7,7,6,0,0,7,6,0.1429
4,160.0000,1,19,487.5228,-82.0814,0.9239,8,0.2000,1.0000,8,7,5,0,0,7,5,0.2857
4,160.0000,1,21,570.5767,-84.4514,1.6209,9,0.2250,1.0000,8,8,6,0,0,8,6,0.2500
4,160.0000,1,22,707.1891,-86.9216,-0.2888,5,0.1250,1.0000,10,8,8,0,0,8,8,0.0000
4,160.0000,1,23,619.4768,-84.9972,-0.5925,8,0.2000,1.0000,6,8,8,0,0,8,8,0.0000
4,160.0000,1,25,450.7323,-82.6185,1.3957,10,0.2500,0.8750,8,7,6,0,0,7,6,0.1429
4,160.0000,1,26,485.6590,-82.5483,0.7380,18,0.4500,0.8571,7,6,4,0,0,6,4,0.3333
4,160.0000,1,27,382.8320,-81.9226,0.5767,21,0.5250,0.5000,6,6,2,0,0,6,2,0.6667
4,160.0000,1,29,485.1969,-83.9895,-0.0339,18,0.4500,0.8750,8,6,4,0,0,6,4,0.3333
4,160.0000,1,31,690.0778,-85.8013,-1.7479,6,0.1500,0.6667,6,8,8,0,0,8,8,0.0000
4,160.0000,1,32,425.7402,-84.1327,-1.5686,8,0.2000,0.8571,7,7,6,0,0,7,6,0.1429
4,160.0000,1,34,747.3439,-86.5101,0.9523,10,0.2500,,0,8,8,0,0,8,8,0.0000
4,160.0000,1,36,126.7487,-71.1604,-0.3524,35,0.8750,0.0000,4,4,0,0,0,4,0,1.0000
4,160.0000,1,37,721.0252,-86.0264,0.9837,4,0.1000,1.0000,8,8,8,0,0,8,8,0.0000
4,160.0000,1,38,737.3354,-85.8903,0.3020,6,0.1500,0.8750,8,8,8,0,0,8,8,0.0000
4,160.0000,1,40,513.5228,-83.9303,-1.7584,12,0.3000,0.7500,8,7,5,0,0,7,5,0.2857
4,160.0000,1,41,468.5597,-83.7722,-0.4955,11,0.2750,0.8571,7,8,7,0,0,8,7,0.1250
4,160.0000,1,43,309.0658,-78.2582,-0.4839,25,0.6250,0.6667,6,7,5,0,0,7,5,0.2857
4,160.0000,1,45,346.4950,-80.0051,0.7358,19,0.4750,0.7500,8,5,2,0,0,5,2,0.6000
4,160.0000,1,47,551.3868,-84.3633,-0.5213,8,0.2000,0.8750,8,6,4,0,0,6,4,0.3333
4,160.0000,2,4,116.2818,-73.5139,1.6892,38,0.9500,0.3333,6,5,1,0,0,5,1,0.8000
4,160.0000,2,11,405.8188,-81.2841,-0.5503,26,0.6500,0.5000,6,6,3,0,0,6,3,0.5000
4,160.0000,2,14,555.4066,-84.9907,1.4127,7,0.1750,0.8750,8,8,8,0,0,8,8,0.0000
4,160.0000,2,15,382.1457,-80.8589,-0.4743,24,0.6000,0.2000,5,6,3,0,0,6,3,0.5000
4,160.0000,2,17,341.7923,-79.3905,-0.2495,22,0.5500,0.8750,8,4,1,0,0,4,1,0.7500
4,160.0000,2,28,730.3729,-84.6879,-0.9044,3,0.0750,1.0000,8,8,8,0,0,8,8,0.0000
4,160.0000,2,30,589.7955,-83.5099,-1.0956,6,0.1500,1.0000,8,8,7,0,0,8,7,0.1250
4,160.0000,2,35,811.1236,-85.8835,-0.0239,6,0.1500,1.0000,8,8,8,0,0,8,8,0.0000
4,160.0000,2,46,451.3523,-81.4078,-0.7845,22,0.5500,0.6667,6,7,6,0,0,7,6,0.1429
4,160.0000,3,1,770.5890,-86.6431,0.9588,4,0.1000,0.8571,7,4,3,0,0,4,3,0.2500
4,160.0000,3,6,438.0404,-81.6514,-0.7076,17,0.4250,1.0000,8,8,8,0,0,8,8,0.0000
4,160.0000,3,9,556.6003,-84.6750,-1.0298,4,0.1000,0.8571,7,8,7,0,0,8,7,0.1250
4,160.0000,3,10,850.0579,-86.6904,0.4613,3,0.0750,1.0000,8,8,8,0,0,8,8,0.0000
4,160.0000,3,13,479.7161,-84.1941,0.0322,5,0.1250,1.0000,8,7,6,0,0,7,6,0.1429
4,160.0000,3,16,693.4735,-86.0026,-0.6880,3,0.0750,1.0000,8,7,6,0,0,7,6,0.1429
4,160.0000,3,19,364.7973,-79.1812,-0.3659,19,0.4750,0.8571,7,8,7,0,0,8,7,0.1250
4,160.0000,3,20,254.1798,-77.8384,-0.1749,32,0.8000,0.5000,6,6,4,0,0,6,4,0.3333
4,160.0000,3,22,307.9821,-79.3528,0.1882,15,0.3750,0.7143,7,7,4,0,0,7,4,0.4286
4,160.0000,3,23,321.0435,-79.0815,0.6289,16,0.4000,0.8571,7,6,3,0,0,6,3,0.5000
4,160.0000,3,24,685.8508,-85.2320,-0.7179,3,0.0750,1.0000,4,6,5,0,0,6,5,0.1667
4,160.0000,3,25,422.4379,-80.4929,-0.9628,16,0.4000,0.5714,7,8,8,0,0,8,8,0.0000
4,160.0000,3,27,739.1839,-85.5052,-1.1246,5,0.1250,0.8333,6,2,2,0,0,2,2,0.0000
4,160.0000,3,31,662.0724,-85.4547,0.1545,3,0.0750,1.0000,6,6,6,0,0,6,6,0.0000
4,160.0000,3,32,521.7836,-83.8688,0.0204,4,0.1000,0.7143,7,8,8,0,0,8,8,0.0000
4,160.0000,3,33,436.6728,-81.6672,1.3021,12,0.3000,0.8571,7,8,6,0,0,8,6,0.2500
4,160.0000,3,36,883.4329,-87.9107,-1.7228,3,0.0750,1.0000,8,7,6,0,0,7,6,0.1429
4,160.0000,3,37,168.7766,-73.5191,-0.1568,33,0.8250,0.0000,4,5,2,0,0,5,2,0.6000
4,160.0000,3,38,381.9011,-81.6091,0.8289,10,0.2500,1.0000,8,8,7,0,0,8,7,0.1250
4,160.0000,3,39,204.8722,-77.1414,1.2841,29,0.7250,0.5000,6,5,1,0,0,5,1,0.8000
4,160.0000,3,41,325.3554,-79.1171,-0.1003,14,0.3500,0.7143,7,7,5,0,0,7,5,0.2857
4,160.0000,3,42,788.2254,-85.9054,-0.3528,8,0.2000,1.0000,4,8,8,0,0,8,8,0.0000
4,160.0000,3,43,572.5550,-84.7143,0.6901,4,0.1000,0.8571,7,7,5,0,0,7,5,0.2857
4,160.0000,3,45,872.0508,-87.3987,-1.2801,3,0.0750,1.0000,4,8,8,0,0,8,8,0.0000
4,160.0000,3,47,467.6464,-81.9782,-0.1124,8,0.2000,0.8750,8,8,8,0,0,8,8,0.0000
4,160.0000,4,2,116.2818,-73.8490,1.3229,36,0.9000,0.0000,4,4,0,0,0,4,0,1.0000
4,160.0000,4,11,486.8783,-83.4277,-0.0026,17,0.4250,0.8571,7,8,6,0,0,8,6,0.2500
4,160.0000,4,14,575.0050,-84.4059,0.7159,9,0.2250,1.0000,8,8,8,0,0,8,8,0.0000
4,160.0000,4,15,479.0124,-83.3948,0.7794,18,0.4500,0.7143,7,6,2,0,0,6,2,0.6667
4,160.0000,4,17,382.2242,-81.1641,0.0066,21,0.5250,0.5000,6,4,2,0,0,4,2,0.5000
4,160.0000,4,30,545.2964,-82.4859,0.3018,9,0.2250,1.0000,8,8,8,0,0,8,8,0.0000
4,160.0000,4,46,510.1903,-82.2281,0.6426,16,0.4000,0.8571,7,8,7,0,0,8,7,0.1250
4,160.0000,5,0,408.4560,-83.9781,1.0056,22,0.5500,0.8571,7,7,5,0,0,7,5,0.2857
4,160.0000,5,1,590.0895,-85.4764,-2.0785,5,0.1250,1.0000,8,7,6,0,0,7,6,0.1429
4,160.0000,5,12,213.2761,-74.9366,-1.2659,35,0.8750,0.0000,4,5,1,0,0,5,1,0.8000
4,160.0000,5,26,453.9247,-81.1552,-0.8256,18,0.4500,0.6667,6,8,8,0,0,8,8,0.0000
4,160.0000,5,27,669.9981,-85.4739,-1.3070,3,0.0750,1.0000,8,8,8,0,0,8,8,0.0000
4,160.0000,5,29,476.8346,-82.9602,0.2756,19,0.4750,0.7143,7,7,6,0,0,7,6,0.1429
4,160.0000,5,34,238.3353,-77.2620,0.3925,33,0.8250,0.1667,6,5,1,0,0,5,1,0.8000
4,160.0000,5,36,464.4433,-84.0374,-0.0354,6,0.1500,1.0000,8,7,5,0,0,7,5,0.2857
4,160.0000,5,45,715.1807,-87.4524,-1.1901,3,0.0750,1.0000,8,8,7,0,0,8,7,0.1250
4,160.0000,6,3,438.0404,-81.6082,-0.0671,8,0.2000,0.8571,7,7,6,0,0,7,6,0.1429
4,160.0000,6,11,781.6100,-85.7078,-0.2110,4,0.1000,1.0000,8,8,8,0,0,8,8,0.0000
4,160.0000,6,13,616.3068,-84.2745,0.9160,3,0.0750,0.8750,8,8,8,0,0,8,8,0.0000
4,160.0000,6,14,713.7273,-85.7252,-0.1502,7,0.1750,1.0000,8,8,8,0,0,8,8,0.0000
4,160.0000,6,15,892.3555,-87.1471,0.6656,4,0.1000,1.0000,2,2,2,0,0,2,2,0.0000
4,160.0000,6,17,825.4533,-86.6226,-0.6390,4,0.1000,1.0000,8,8,7,0,0,8,7,0.1250
4,160.0000,6,20,300.2263,-78.4279,-0.3365,26,0.6500,0.5000,6,7,5,0,0,7,5,0.2857
4,160.0000,6,24,457.8725,-82.9787,-0.4140,10,0.2500,0.8750,8,6,3,0,0,6,3,0.5000
4,160.0000,6,33,287.9244,-78.4514,0.1540,23,0.5750,0.7143,7,4,0,0,0,4,0,1.0000
4,160.0000,6,35,712.4537,-85.1775,0.1831,8,0.2000,1.0000,4,8,8,0,0,8,8,0.0000
4,160.0000,6,37,411.5067,-81.3065,-0.4690,8,0.2000,1.0000,8,8,7,0,0,8,7,0.1250
4,160.0000,6,38,530.6793,-81.9114,-0.9326,6,0.1500,0.7143,7,8,8,0,0,8,8,0.0000
4,160.0000,6,39,260.1556,-74.8499,-1.5551,31,0.7750,0.2000,5,8,8,0,0,8,8,0.0000
4,160.0000,6,42,515.9952,-84.0455,-0.0173,13,0.3250,0.8000,5,7,5,0,0,7,5,0.2857
4,160.0000,6,46,692.8118,-85.4955,0.5656,6,0.1500,1.0000,8,4,4,0,0,4,4,0.0000
4,160.0000,7,1,481.1141,-82.6749,-0.1744,18,0.4500,0.8571,7,7,6,0,0,7,6,0.1429
4,160.0000,7,3,590.7611,-85.4950,-0.3002,10,0.2500,1.0000,2,8,8,0,0,8,8,0.0000
4,160.0000,7,6,803.4859,-87.5287,-0.1899,5,0.1250,1.0000,4,6,6,0,0,6,6,0.0000
4,160.0000,7,8,617.3723,-85.2627,-0.2558,11,0.2750,1.0000,8,8,8,0,0,8,8,0.0000
4,160.0000,7,9,433.1776,-84.0782,-1.0179,12,0.3000,1.0000,8,9,7,0,0,9,7,0.2222
4,160.0000,7,10,352.0018,-80.2457,-0.3939,27,0.6750,1.0000,8,8,7,0,0,8,7,0.1250
4,160.0000,7,13,283.1073,-80.4279,0.2903,18,0.4500,0.8571,7,5,2,0,0,5,2,0.6000
4,160.0000,7,14,928.1983,-87.8237,-2.3935,3,0.0750,1.0000,2,2,2,0,0,2,2,0.0000
4,160.0000,7,16,249.4683,-78.1627,-0.0720,27,0.6750,0.2000,5,7,4,0,0,7,4,0.4286
4,160.0000,7,18,370.7625,-80.5602,-0.5156,25,0.6250,0.7143,7,7,5,0,0,7,5,0.2857
4,160.0000,7,19,517.9885,-82.9238,0.2337,14,0.3500,0.8750,8,8,7,0,0,8,7,0.1250
4,160.0000,7,21,589.9714,-84.3570,0.7206,16,0.4000,0.6667,6,8,7,0,0,8,7,0.1250
4,160.0000,7,22,599.2752,-86.3590,-0.1500,9,0.2250,1.0000,8,8,6,0,0,8,6,0.2500
4,160.0000,7,23,573.3781,-85.0064,-1.0284,11,0.2750,0.8750,8,8,8,0,0,8,8,0.0000
4,160.0000,7,24,792.9336,-87.4277,0.1612,6,0.1500,1.0000,4,2,2,0,0,2,2,0.0000
4,160.0000,7,25,560.4360,-84.4042,-0.1611,13,0.3250,0.8750,8,7,6,0,0,7,6,0.1429
4,160.0000,7,26,805.6513,-86.8812,-0.2079,10,0.2500,0.6000,5,6,6,0,0,6,6,0.0000
4,160.0000,7,27,751.5297,-86.6507,1.1565,8,0.2000,1.0000,8,3,1,0,0,3,1,0.6667
4,160.0000,7,28,733.1638,-85.1632,2.0934,5,0.1250,1.0000,8,7,6,0,0,7,6,0.1429
4,160.0000,7,29,912.6424,-88.6744,-1.1828,5,0.1250,,0,4,4,0,0,4,4,0.0000
4,160.0000,7,31,288.4232,-78.7787,-0.5527,21,0.5250,0.6667,6,8,8,0,0,8,8,0.0000
4,160.0000,7,32,191.7729,-75.5644,0.6565,29,0.7250,0.8571,7,7,4,0,0,7,4,0.4286
4,160.0000,7,33,796.2874,-86.6329,1.1414,5,0.1250,1.0000,8,8,8,0,0,8,8,0.0000
4,160.0000,7,36,601.1729,-83.6489,-0.7449,16,0.4000,0.8571,7,6,4,0,0,6,4,0.3333
4,160.0000,7,37,466.3977,-85.1452,-0.2892,13,0.3250,0.6667,6,8,7,0,0,8,7,0.1250
4,160.0000,7,38,356.0007,-82.1267,-0.8321,13,0.3250,0.8750,8,6,4,0,0,6,4,0.3333
4,160.0000,7,39,597.3491,-86.6974,0.5220,8,0.2000,1.0000,8,7,6,0,0,7,6,0.1429
4,160.0000,7,40,417.3103,-81.6844,-0.5356,19,0.4750,0.5000,6,8,8,0,0,8,8,0.0000
4,160.0000,7,41,483.2248,-83.2823,0.5479,12,0.3000,0.8571,7,8,6,0,0,8,6,0.2500
4,160.0000,7,43,553.6731,-85.0951,-0.3121,14,0.3500,0.8750,8,8,8,0,0,8,8,0.0000
4,160.0000,7,44,550.1524,-85.7697,0.1250,10,0.2500,1.0000,8,8,8,0,0,8,8,0.0000
4,160.0000,7,45,570.0186,-84.2738,-0.8436,15,0.3750,0.8750,8,8,8,0,0,8,8,0.0000
4,160.0000,7,47,172.3484,-74.7035,-0.0556,29,0.7250,0.4286,7,5,1,0,0,5,1,0.8000
4,160.0000,8,2,932.5576,-88.0768,-0.1247,6,0.1500,,0,4,4,0,0,4,4,0.0000
4,160.0000,8,3,763.4689,-86.8582,-0.0777,5,0.1250,1.0000,6,4,4,0,0,4,4,0.0000
4,160.0000,8,4,880.2466,-87.1904,-0.3963,7,0.1750,1.0000,6,6,6,0,0,6,6,0.0000
4,160.0000,8,6,871.0525,-87.6187,-1.2910,4,0.1000,1.0000,2,6,6,0,0,6,6,0.0000
4,160.0000,8,7,617.3723,-86.0707,0.6149,6,0.1500,1.0000,8,5,2,0,0,5,2,0.6000
4,160.0000,8,9,227.2930,-72.1593,-1.9499,30,0.7500,0.0000,4,7,6,0,0,7,6,0.1429
4,160.0000,8,10,615.1679,-86.0168,0.1716,6,0.1500,0.8750,8,7,6,0,0,7,6,0.1429
4,160.0000,8,11,886.7993,-87.5929,0.2132,5,0.1250,1.0000,8,8,8,0,0,8,8,0.0000
4,160.0000,8,13,414.3777,-81.2982,-0.2967,13,0.3250,1.0000,8,7,4,0,0,7,4,0.4286
4,160.0000,8,14,641.7690,-85.5190,-0.1694,9,0.2250,1.0000,8,2,2,0,0,2,2,0.0000
4,160.0000,8,15,996.0122,-88.8817,0.0530,3,0.0750,,0,4,4,0,0,4,4,0.0000
4,160.0000,8,16,581.8406,-85.3091,1.9061,9,0.2250,0.8750,8,8,8,0,0,8,8,0.0000
4,160.0000,8,17,754.0812,-86.2944,-0.0667,8,0.2000,1.0000,6,5,4,0,0,5,4,0.2000
4,160.0000,8,18,583.6768,-84.8477,0.1203,10,0.2500,1.0000,8,8,8,0,0,8,8,0.0000
4,160.0000,8,19,936.7261,-87.7485,-1.1262,3,0.0750,1.0000,8,8,8,0,0,8,8,0.0000
4,160.0000,8,20,839.0483,-86.8859,-0.4670,7,0.1750,1.0000,8,4,4,0,0,4,4,0.0000
4,160.0000,8,21,653.2104,-86.5437,0.3508,5,0.1250,0.8571,7,8,8,0,0,8,8,0.0000
4,160.0000,8,22,627.7845,-84.9711,-0.6222,10,0.2500,0.8750,8,8,8,0,0,8,8,0.0000
4,160.0000,8,23,691.0916,-85.5192,0.5380,6,0.1500,1.0000,8,7,6,0,0,7,6,0.1429
4,160.0000,8,24,588.3843,-84.5241,0.0303,16,0.4000,0.8571,7,6,6,0,0,6,6,0.0000
4,160.0000,8,25,971.0841,-88.1836,-0.4705,4,0.1000,1.0000,6,8,8,0,0,8,8,0.0000
4,160.0000,8,28,356.9253,-82.5898,0.3147,19,0.4750,0.7143,7,7,6,0,0,7,6,0.1429
4,160.0000,8,30,375.7351,-82.3719,0.3261,20,0.5000,0.7143,7,6,3,0,0,6,3,0.5000
4,160.0000,8,31,342.6860,-79.6903,-0.7044,15,0.3750,0.8750,8,7,6,0,0,7,6,0.1429
4,160.0000,8,32,560.0534,-82.8829,0.0470,9,0.2250,1.0000,8,7,6,0,0,7,6,0.1429
4,160.0000,8,33,670.4464,-84.8848,-0.7527,7,0.1750,0.8571,7,8,8,0,0,8,8,0.0000
4,160.0000,8,36,1072.1501,-88.9668,0.4312,4,0.1000,1.0000,8,2,2,0,0,2,2,0.0000
4,160.0000,8,37,724.2521,-85.9081,-0.5686,9,0.2250,1.0000,8,8,8,0,0,8,8,0.0000
4,160.0000,8,38,443.0028,-82.5339,-1.2267,11,0.2750,1.0000,8,8,8,0,0,8,8,0.0000
4,160.0000,8,39,713.8487,-86.5151,-0.2043,8,0.2000,1.0000,8,8,8,0,0,8,8,0.0000
4,160.0000,8,40,519.8827,-83.3531,-0.4442,11,0.2750,0.8750,8,8,8,0,0,8,8,0.0000
4,160.0000,8,41,811.1672,-88.0315,-0.1929,6,0.1500,1.0000,8,8,8,0,0,8,8,0.0000
4,160.0000,8,43,899.8240,-88.0893,-0.2772,6,0.1500,1.0000,8,6,6,0,0,6,6,0.0000
4,160.0000,8,44,182.9547,-75.3520,0.5063,30,0.7500,0.4286,7,5,1,0,0,5,1,0.8000
4,160.0000,8,45,819.1828,-87.7571,-0.9325,4,0.1000,0.8750,8,5,4,0,0,5,4,0.2000
4,160.0000,8,46,771.7694,-87.1830,0.8135,7,0.1750,1.0000,2,3,2,0,0,3,2,0.3333
4,160.0000,8,47,499.9958,-83.8601,0.6947,8,0.2000,1.0000,8,7,6,0,0,7,6,0.1429
4,160.0000,9,1,782.4379,-87.6724,0.9786,4,0.1000,1.0000,4,4,4,0,0,4,4,0.0000
4,160.0000,9,3,556.6003,-85.0826,0.2584,9,0.2250,1.0000,8,8,8,0,0,8,8,0.0000
4,160.0000,9,4,1031.4630,-87.7823,-0.7776,4,0.1000,1.0000,6,6,6,0,0,6,6,0.0000
4,160.0000,9,6,721.8677,-87.0222,0.4433,7,0.1750,0.7500,4,8,8,0,0,8,8,0.0000
4,160.0000,9,7,433.1776,-83.0297,0.1572,10,0.2500,0.8750,8,8,8,0,0,8,8,0.0000
4,160.0000,9,8,227.2930,-72.4189,-2.0677,35,0.8750,0.2000,5,6,3,0,0,6,3,0.5000
4,160.0000,9,10,520.3712,-84.2040,1.8708,9,0.2250,0.7143,7,8,7,0,0,8,7,0.1250
4,160.0000,9,11,935.0103,-87.3399,-0.9229,4,0.1000,1.0000,6,4,4,0,0,4,4,0.0000
4,160.0000,9,13,216.9155,-77.3869,1.0407,19,0.4750,0.7143,7,7,4,0,0,7,4,0.4286
4,160.0000,9,14,687.7515,-85.0682,-0.7496,8,0.2000,1.0000,6,4,4,10,9,14,13,0.0714
4,160.0000,9,16,435.2875,-82.8339,1.1784,12,0.3000,1.0000,6,6,4,0,0,6,4,0.3333
4,160.0000,9,17,835.2017,-87.0928,-0.5983,7,0.1750,1.0000,8,4,4,0,0,4,4,0.0000
4,160.0000,9,18,526.9158,-83.8775,-0.6694,13,0.3250,0.6667,6,7,6,0,0,7,6,0.1429
4,160.0000,9,19,711.2501,-85.4769,-0.4232,8,0.2000,1.0000,8,6,4,0,0,6,4,0.3333
4,160.0000,9,20,672.4977,-85.9254,-0.5806,7,0.1750,0.6667,6,7,5,0,0,7,5,0.2857
4,160.0000,9,21,604.0547,-86.2861,-0.5440,13,0.3250,0.8571,7,8,8,0,0,8,8,0.0000
4,160.0000,9,22,448.8778,-83.9641,0.1683,11,0.2750,1.0000,6,10,9,0,0,10,9,0.1000
4,160.0000,9,23,500.0973,-84.6119,-0.1936,10,0.2500,1.0000,8,7,6,0,0,7,6,0.1429
4,160.0000,9,24,555.0216,-83.9298,-1.2665,12,0.3000,0.6667,6,6,4,0,0,6,4,0.3333
4,160.0000,9,25,749.4910,-86.7662,0.7495,4,0.1000,1.0000,4,8,8,0,0,8,8,0.0000
4,160.0000,9,28,464.6071,-81.5656,-0.3583,18,0.4500,0.8333,6,8,8,0,0,8,8,0.0000
4,160.0000,9,30,517.8763,-83.4128,-0.7169,16,0.4000,1.0000,8,8,8,0,0,8,8,0.0000
4,160.0000,9,31,223.2206,-76.6286,0.0851,27,0.6750,0.6667,6,8,8,0,0,8,8,0.0000
4,160.0000,9,32,362.8188,-79.7536,-0.8421,15,0.3750,1.0000,8,6,4,0,0,6,4,0.3333
4,160.0000,9,33,562.4022,-83.5980,-1.3550,12,0.3000,0.8571,7,8,8,0,0,8,8,0.0000
4,160.0000,9,36,899.5135,-87.9209,-0.4122,4,0.1000,1.0000,8,8,8,0,0,8,8,0.0000
4,160.0000,9,37,508.2465,-84.2528,0.8695,9,0.2250,0.8750,8,6,2,0,0,6,2,0.6667
4,160.0000,9,38,233.4820,-77.5309,-0.0420,18,0.4500,0.5000,6,6,3,0,0,6,3,0.5000
4,160.0000,9,39,526.7312,-84.5600,0.4305,13,0.3250,0.8571,7,7,5,0,0,7,5,0.2857
4,160.0000,9,40,427.1465,-82.4092,-0.0021,13,0.3250,1.0000,8,7,5,0,0,7,5,0.2857
4,160.0000,9,41,593.1230,-86.5104,-0.1244,6,0.1500,0.8571,7,6,4,0,0,6,4,0.3333
4,160.0000,9,43,705.2766,-87.1803,-0.2379,6,0.1500,1.0000,8,7,6,0,0,7,6,0.1429
4,160.0000,9,44,246.9719,-76.5879,-0.2157,33,0.8250,0.4286,7,6,3,0,0,6,3,0.5000
4,160.0000,9,45,700.2835,-85.3977,-0.1193,9,0.2250,1.0000,8,5,4,0,0,5,4,0.2000
4,160.0000,9,47,288.5663,-80.4265,1.3812,12,0.3000,0.7500,8,5,1,0,0,5,1,0.8000
4,160.0000,10,1,482.6374,-82.6211,-0.1604,15,0.3750,0.8571,7,8,8,0,0,8,8,0.0000
4,160.0000,10,3,850.0579,-86.5053,-0.1899,3,0.0750,1.0000,4,8,8,0,0,8,8,0.0000
4,160.0000,10,7,352.0018,-80.3388,0.1090,17,0.4250,0.7500,8,6,4,0,0,6,4,0.3333
4,160.0000,10,8,615.1679,-85.1429,0.5972,10,0.2500,1.0000,8,7,6,0,0,7,6,0.1429
4,160.0000,10,9,520.3712,-83.5136,0.9994,7,0.1750,1.0000,8,7,5,0,0,7,5,0.2857
4,160.0000,10,12,969.9317,-87.9401,-0.1104,4,0.1000,1.0000,4,6,6,0,0,6,6,0.0000
4,160.0000,10,13,511.9089,-84.9573,0.2399,6,0.1500,1.0000,8,8,8,0,0,8,8,0.0000
4,160.0000,10,16,161.1817,-70.7098,-1.6547,33,0.8250,0.2500,4,6,4,0,0,6,4,0.3333
4,160.0000,10,18,227.0773,-78.5207,0.3690,26,0.6500,0.2000,5,6,3,0,0,6,3,0.5000
4,160.0000,10,19,754.6616,-87.1510,-1.9316,4,0.1000,1.0000,8,8,8,0,0,8,8,0.0000
4,160.0000,10,21,288.1881,-77.9327,-0.2555,30,0.7500,0.7143,7,6,2,0,0,6,2,0.6667
4,160.0000,10,22,731.0465,-86.4761,-0.4240,4,0.1000,1.0000,6,8,8,0,0,8,8,0.0000
4,160.0000,10,23,701.8014,-86.4447,0.3339,4,0.1000,0.8750,8,8,8,0,0,8,8,0.0000
4,160.0000,10,25,760.2310,-87.4430,1.1339,4,0.1000,0.8750,8,8,8,0,0,8,8,0.0000
4,160.0000,10,26,579.8943,-85.0063,-0.5597,15,0.3750,0.5714,7,8,8,0,0,8,8,0.0000
4,160.0000,10,27,822.1704,-86.8186,-0.5551,8,0.2000,0.8000,5,4,4,0,0,4,4,0.0000
4,160.0000,10,31,356.6157,-81.3142,0.6274,11,0.2750,0.8750,8,5,1,0,0,5,1,0.8000
4,160.0000,10,32,329.8528,-81.0400,0.5670,14,0.3500,1.0000,8,6,4,0,0,6,4,0.3333
4,160.0000,10,36,561.9828,-84.1111,-0.9264,13,0.3250,1.0000,8,8,8,0,0,8,8,0.0000
4,160.0000,10,37,767.5983,-85.7668,0.4991,4,0.1000,1.0000,4,7,6,0,0,7,6,0.1429
4,160.0000,10,38,594.9842,-85.3447,-1.8529,6,0.1500,1.0000,8,8,8,0,0,8,8,0.0000
4,160.0000,10,40,204.2325,-77.5136,0.5770,26,0.6500,1.0000,8,4,0,0,0,4,0,1.0000
4,160.0000,10,41,670.3355,-84.6632,-0.5117,8,0.2000,1.0000,8,6,4,0,0,6,4,0.3333
4,160.0000,10,43,614.8736,-84.5798,-2.8899,10,0.2500,0.7500,8,8,8,0,0,8,8,0.0000
4,160.0000,10,45,367.5391,-79.9453,-1.1516,23,0.5750,0.6667,6,8,8,0,0,8,8,0.0000
4,160.0000,10,47,413.7044,-82.4592,-1.4874,11,0.2750,0.6667,6,7,6,0,0,7,6,0.1429
4,160.0000,11,2,405.8188,-81.2464,-0.3781,26,0.6500,0.7143,7,7,6,0,0,7,6,0.1429
4,160.0000,11,4,486.8783,-83.5585,0.1530,17,0.4250,0.0000,4,6,2,0,0,6,2,0.6667
4,160.0000,11,6,781.6100,-85.9768,-0.5316,6,0.1500,1.0000,8,6,6,0,0,6,6,0.0000
4,160.0000,11,8,886.7993,-86.8490,1.0322,3,0.0750,1.0000,8,8,7,0,0,8,7,0.1250
4,160.0000,11,14,324.8003,-81.1636,0.1320,19,0.4750,0.6667,6,6,2,0,0,6,2,0.6667
4,160.0000,11,15,126.8216,-73.3721,0.3999,40,1.0000,0.3333,6,4,0,0,0,4,0,1.0000
4,160.0000,11,17,318.2989,-79.8486,-0.1355,31,0.7750,0.2000,5,5,2,0,0,5,2,0.6000
4,160.0000,11,20,952.4222,-87.6986,-0.3985,4,0.1000,1.0000,8,6,6,0,0,6,6,0.0000
4,160.0000,11,24,431.4220,-83.0196,0.2096,12,0.3000,0.8571,7,8,8,0,0,8,8,0.0000
4,160.0000,11,28,651.0493,-85.1842,-0.4706,9,0.2250,1.0000,8,8,8,0,0,8,8,0.0000
4,160.0000,11,30,568.0334,-84.2390,-0.5872,11,0.2750,1.0000,8,8,8,0,0,8,8,0.0000
4,160.0000,11,33,675.5698,-85.3648,-0.5736,7,0.1750,1.0000,8,8,8,0,0,8,8,0.0000
4,160.0000,11,35,484.3537,-83.9643,0.4815,22,0.5500,0.8571,7,6,6,0,0,6,6,0.0000
4,160.0000,11,42,657.3459,-85.3997,0.4392,11,0.2750,1.0000,8,8,8,0,0,8,8,0.0000
4,160.0000,11,44,804.4005,-87.8600,0.3267,3,0.0750,1.0000,8,8,8,0,0,8,8,0.0000
4,160.0000,11,46,124.8441,-63.5990,-3.6832,35,0.8750,0.0000,4,5,1,0,0,5,1,0.8000
4,160.0000,12,0,486.3341,-84.1073,0.4652,22,0.5500,0.6667,6,5,2,0,0,5,2,0.6000
4,160.0000,12,5,213.2761,-74.9607,-1.1332,34,0.8500,0.2000,5,6,3,0,0,6,3,0.5000
4,160.0000,12,26,424.8010,-81.8539,-0.9002,17,0.4250,0.5000,8,7,5,0,0,7,5,0.2857
4,160.0000,12,27,785.1049,-87.3641,-0.0457,3,0.0750,1.0000,8,8,8,0,0,8,8,0.0000
4,160.0000,12,29,650.8919,-85.1792,-0.2443,12,0.3000,0.8750,8,8,6,0,0,8,6,0.2500
4,160.0000,12,34,375.7776,-81.3750,-0.3955,28,0.7000,0.5000,6,6,2,0,0,6,2,0.6667
4,160.0000,12,36,570.4023,-85.2455,1.0856,4,0.1000,1.0000,10,8,7,0,0,8,7,0.1250
4,160.0000,12,45,714.3389,-86.2927,0.6326,4,0.1000,1.0000,8,8,8,0,0,8,8,0.0000
4,160.0000,13,1,708.3214,-85.7628,1.2400,6,0.1500,0.8333,6,6,5,0,0,6,5,0.1667
4,160.0000,13,3,479.7161,-82.5500,-0.5213,14,0.3500,1.0000,8,6,4,0,0,6,4,0.3333
4,160.0000,13,4,1129.6797,-88.8785,-0.2580,3,0.0750,1.0000,4,2,2,0,0,2,2,0.0000
4,160.0000,13,6,616.3068,-83.9160,-1.4479,17,0.4250,0.5000,6,6,6,0,0,6,6,0.0000
4,160.0000,13,7,283.1073,-80.7508,0.3751,18,0.4500,0.8571,7,4,0,0,0,4,0,1.0000
4,160.0000,13,8,414.3777,-81.3980,-0.6312,22,0.5500,0.8750,8,9,7,0,0,9,7,0.2222
4,160.0000,13,9,216.9155,-77.9001,1.0435,28,0.7000,0.8571,7,7,4,0,0,7,4,0.4286
4,160.0000,13,10,511.9089,-84.5829,-0.0463,12,0.3000,1.0000,6,7,6,0,0,7,6,0.1429
4,160.0000,13,14,684.0083,-85.4829,0.1070,13,0.3250,1.0000,8,6,6,0,0,6,6,0.0000
4,160.0000,13,16,407.0843,-83.6076,1.3221,12,0.3000,0.8571,7,5,4,0,0,5,4,0.2000
4,160.0000,13,18,491.9318,-83.7714,-0.1571,18,0.4500,0.7500,8,7,6,0,0,7,6,0.1429
4,160.0000,13,19,595.0504,-83.6825,0.9514,9,0.2250,0.8750,8,6,4,0,0,6,4,0.3333
4,160.0000,13,20,621.4392,-85.2964,0.0477,13,0.3250,1.0000,8,8,7,0,0,8,7,0.1250
4,160.0000,13,21,681.8932,-85.9072,-0.5747,7,0.1750,1.0000,8,7,6,0,0,7,6,0.1429
4,160.0000,13,22,488.5270,-82.8577,-0.4257,15,0.3750,0.7143,7,7,6,0,0,7,6,0.1429
4,160.0000,13,23,514.6894,-82.6804,0.2644,15,0.3750,1.0000,6,8,8,0,0,8,8,0.0000
4,160.0000,13,24,529.1567,-83.1242,0.7135,19,0.4750,0.7143,7,8,7,0,0,8,7,0.1250
4,160.0000,13,25,651.1850,-86.0351,-0.1405,12,0.3000,1.0000,8,8,8,0,0,8,8,0.0000
4,160.0000,13,27,902.9818,-88.4664,1.1677,4,0.1000,0.8000,5,2,2,0,0,2,2,0.0000
4,160.0000,13,28,517.6518,-85.5445,0.7796,15,0.3750,0.8571,7,7,5,0,0,7,5,0.2857
4,160.0000,13,30,612.2672,-84.9892,0.7023,14,0.3500,0.8000,5,8,7,0,0,8,7,0.1250
4,160.0000,13,31,209.7818,-76.2049,0.3021,26,0.6500,0.4000,5,7,4,0,0,7,4,0.4286
4,160.0000,13,32,295.9135,-77.5151,-1.1896,23,0.5750,0.5714,7,6,3,0,0,6,3,0.5000
4,160.0000,13,33,546.5439,-84.1249,0.0003,16,0.4000,0.8750,8,7,6,0,0,7,6,0.1429
4,160.0000,13,36,833.1526,-87.2455,0.1265,7,0.1750,0.7500,8,8,8,0,0,8,8,0.0000
4,160.0000,13,37,372.3725,-81.0562,0.0359,21,0.5250,0.5000,6,8,8,0,0,8,8,0.0000
4,160.0000,13,38,111.0114,-67.6119,-0.4178,34,0.8500,0.2000,5,4,0,0,0,4,0,1.0000
4,160.0000,13,39,424.5108,-81.6176,0.5968,17,0.4250,0.8571,7,8,7,0,0,8,7,0.1250
4,160.0000,13,40,488.0129,-84.3451,0.2143,12,0.3000,0.8571,7,7,6,0,0,7,6,0.1429
4,160.0000,13,41,523.1758,-83.5129,-0.2956,11,0.2750,0.5714,7,6,4,0,0,6,4,0.3333
4,160.0000,13,43,669.1746,-87.0289,0.2898,10,0.2500,0.8571,7,4,3,0,0,4,3,0.2500
4,160.0000,13,44,336.6062,-81.0992,-0.0861,28,0.7000,0.6667,6,7,6,0,0,7,6,0.1429
4,160.0000,13,45,723.6120,-87.6919,-0.4937,6,0.1500,1.0000,8,8,8,0,0,8,8,0.0000
4,160.0000,13,46,823.8569,-88.2930,-0.6699,8,0.2000,,0,5,4,0,0,5,4,0.2000
4,160.0000,13,47,157.2691,-76.6240,1.6412,24,0.6000,0.5000,6,4,0,0,0,4,0,1.0000
4,160.0000,14,2,555.4066,-85.2470,0.8385,16,0.4000,1.0000,8,8,7,0,0,8,7,0.1250
4,160.0000,14,4,575.0050,-83.8718,0.5406,17,0.4250,0.8571,7,8,8,0,0,8,8,0.0000
4,160.0000,14,6,713.7273,-85.1134,-0.1922,6,0.1500,1.0000,8,8,8,0,0,8,8,0.0000
4,160.0000,14,8,641.7690,-84.7116,-2.9170,3,0.0750,0.8750,8,6,6,0,0,6,6,0.0000
4,160.0000,14,9,687.7515,-86.5208,0.3037,3,0.0750,1.0000,8,8,8,0,0,8,8,0.0000
4,160.0000,14,11,324.8003,-79.3721,0.0120,32,0.8000,0.2000,5,5,1,0,0,5,1,0.8000
4,160.0000,14,13,684.0083,-85.7913,-0.5220,4,0.1000,1.0000,8,10,10,0,0,10,10,0.0000
4,160.0000,14,15,418.4649,-82.6423,0.5586,25,0.6250,0.7500,8,5,2,0,0,5,2,0.6000
4,160.0000,14,17,448.6869,-82.3602,0.1932,21,0.5250,0.8750,8,7,6,3,2,10,8,0.2000
4,160.0000,14,24,272.4257,-76.2135,-0.8434,28,0.7000,0.0000,4,8,6,0,0,8,6,0.2500
4,160.0000,14,28,354.4430,-78.7701,-0.3139,23,0.5750,0.3333,6,8,8,0,0,8,8,0.0000
4,160.0000,14,30,337.4665,-79.8616,0.2235,27,0.6750,0.6667,6,8,5,0,0,8,5,0.3750
4,160.0000,14,31,751.1233,-87.7863,0.4519,3,0.0750,1.0000,8,8,8,0,0,8,8,0.0000
4,160.0000,14,33,609.8824,-83.1284,0.3507,7,0.1750,0.7143,7,7,6,0,0,7,6,0.1429
4,160.0000,14,35,726.9681,-86.3601,0.4491,11,0.2750,0.8571,7,7,6,0,0,7,6,0.1429
4,160.0000,14,39,764.7109,-86.2524,-1.2223,5,0.1250,1.0000,8,8,8,0,0,8,8,0.0000
4,160.0000,14,42,788.9222,-86.8813,0.8288,6,0.1500,0.8571,7,8,7,0,0,8,7,0.1250
4,160.0000,14,44,520.5598,-81.3406,0.0003,11,0.2750,1.0000,8,8,8,0,0,8,8,0.0000
4,160.0000,14,46,237.9839,-79.3537,1.2231,33,0.8250,0.4000,5,5,1,0,0,5,1,0.8000
4,160.0000,15,2,382.1457,-80.5271,0.0664,31,0.7561,0.8571,7,4,0,0,0,4,0,1.0000
4,160.0000,15,4,479.0124,-82.9633,-0.1450,21,0.5122,0.6667,6,6,4,0,0,6,4,0.3333
4,160.0000,15,11,126.8216,-73.5699,0.5660,33,0.8049,0.0000,4,4,0,0,0,4,0,1.0000
4,160.0000,15,14,418.4649,-82.7509,0.1239,11,0.2683,0.8571,7,6,2,0,0,6,2,0.6667
4,160.0000,15,17,392.5585,-82.0577,-0.3444,19,0.4634,0.8571,7,7,6,0,0,7,6,0.1429
4,160.0000,15,24,554.7676,-85.5703,0.5393,6,0.1463,1.0000,8,8,8,0,0,8,8,0.0000
4,160.0000,15,28,743.2626,-85.5078,-1.2605,4,0.0976,1.0000,8,8,8,0,0,8,8,0.0000
4,160.0000,15,30,658.8980,-86.9538,-0.0890,4,0.0976,1.0000,8,8,6,0,0,8,6,0.2500
4,160.0000,15,35,499.7591,-83.9566,-0.3840,18,0.4390,0.8750,8,7,5,0,0,7,5,0.2857
4,160.0000,15,42,740.6224,-85.6086,-0.3252,6,0.1463,1.0000,8,8,8,0,0,8,8,0.0000
4,160.0000,15,46,250.0000,-76.5549,-1.0985,32,0.7805,0.3333,6,4,0,0,0,4,0,1.0000
4,160.0000,16,1,404.6912,-80.8681,-0.4676,17,0.4250,0.6667,6,8,6,0,0,8,6,0.2500
4,160.0000,16,3,693.4735,-87.4563,-0.1193,4,0.1000,1.0000,6,7,4,0,0,7,4,0.4286
4,160.0000,16,5,936.4491,-87.0386,0.3729,6,0.1500,1.0000,2,8,8,0,0,8,8,0.0000
4,160.0000,16,6,978.9002,-88.7364,-0.5842,3,0.0750,1.0000,2,6,6,0,0,6,6,0.0000
4,160.0000,16,7,249.4683,-77.2090,-0.1336,27,0.6750,0.5000,6,7,4,0,0,7,4,0.4286
4,160.0000,16,8,581.8406,-84.5299,-0.0054,8,0.2000,1.0000,8,8,7,0,0,8,7,0.1250
4,160.0000,16,9,435.2875,-83.7600,0.0382,7,0.1750,1.0000,8,8,8,0,0,8,8,0.0000
4,160.0000,16,10,161.1817,-70.7290,-1.4927,38,0.9500,0.0000,4,5,2,0,0,5,2,0.6000
4,160.0000,16,13,407.0843,-83.0019,1.0751,9,0.2250,1.0000,8,7,5,0,0,7,5,0.2857
4,160.0000,16,18,323.1644,-79.9555,0.1617,25,0.6250,0.7500,8,6,3,0,0,6,3,0.5000
4,160.0000,16,19,601.4516,-85.5863,0.7285,7,0.1750,1.0000,8,8,7,0,0,8,7,0.1250
4,160.0000,16,21,343.2696,-79.3056,-0.4851,29,0.7250,0.6667,6,7,6,0,0,7,6,0.1429
4,160.0000,16,22,583.8871,-85.0885,-0.4957,7,0.1750,0.7143,7,8,7,0,0,8,7,0.1250
4,160.0000,16,23,549.6433,-85.9349,0.7992,4,0.1000,1.0000,6,8,8,0,0,8,8,0.0000
4,160.0000,16,24,929.5399,-88.7490,-0.8344,3,0.0750,,0,8,8,0,0,8,8,0.0000
4,160.0000,16,25,609.6186,-82.5987,1.6381,5,0.1250,0.8571,7,8,8,0,0,8,8,0.0000
4,160.0000,16,26,638.0947,-85.6645,-0.0067,15,0.3750,1.0000,8,6,6,0,0,6,6,0.0000
4,160.0000,16,27,706.6768,-85.9023,-0.3919,7,0.1750,0.9857,70,8,7,0,0,8,7,0.1250
4,160.0000,16,31,308.1749,-79.5911,0.4765,14,0.3500,1.0000,8,6,3,0,0,6,3,0.5000
4,160.0000,16,32,172.8679,-76.4466,0.9615,26,0.6500,0.4000,5,4,0,0,0,4,0,1.0000
4,160.0000,16,36,508.1664,-83.1112,-0.5657,15,0.3750,0.8571,7,8,8,0,0,8,8,0.0000
4,160.0000,16,37,618.1617,-87.5956,0.4517,3,0.0750,1.0000,10,6,5,0,0,6,5,0.1667
4,160.0000,16,38,472.9454,-83.8345,-0.7983,7,0.1750,0.6667,6,7,6,0,0,7,6,0.1429
4,160.0000,16,39,744.7408,-88.9476,0.4473,3,0.0750,0.8750,8,8,8,0,0,8,8,0.0000
4,160.0000,16,40,184.7454,-74.8980,0.4191,35,0.8750,0.2000,5,6,3,0,0,6,3,0.5000
4,160.0000,16,41,511.4033,-84.3162,0.0296,11,0.2750,0.8571,7,7,5,0,0,7,5,0.2857
4,160.0000,16,43,482.1893,-82.1616,0.0041,14,0.3500,1.0000,8,7,6,0,0,7,6,0.1429
4,160.0000,16,44,582.1664,-86.6246,-0.1708,6,0.1500,0.9671,152,8,8,138,126,146,134,0.0822
4,160.0000,16,45,346.9006,-78.8452,-1.2033,25,0.6250,0.6667,6,6,4,0,0,6,4,0.3333
4,160.0000,16,47,281.4953,-79.2494,0.1102,15,0.3750,0.4000,5,7,5,0,0,7,5,0.2857
4,160.0000,17,2,341.7923,-80.7074,0.3048,33,0.8250,0.5000,6,4,0,0,0,4,0,1.0000
4,160.0000,17,4,382.2242,-81.3672,-0.1986,33,0.8250,0.5714,7,7,4,0,0,7,4,0.4286
4,160.0000,17,6,825.4533,-86.9806,-0.5762,4,0.1000,1.0000,8,8,8,0,0,8,8,0.0000
4,160.0000,17,8,754.0812,-87.1461,0.1955,7,0.1750,1.0000,8,7,6,0,0,7,6,0.1429
4,160.0000,17,9,835.2017,-87.5045,0.1966,4,0.1000,1.0000,8,8,8,0,0,8,8,0.0000
4,160.0000,17,11,318.2989,-80.0293,-0.2164,29,0.7250,0.7143,7,6,3,0,0,6,3,0.5000
4,160.0000,17,14,448.6869,-83.8907,-0.6212,16,0.4000,0.6667,6,6,3,0,0,6,3,0.5000
4,160.0000,17,15,392.5585,-81.5312,-0.2744,31,0.7750,0.6667,6,6,3,0,0,6,3,0.5000
4,160.0000,17,20,895.0531,-87.0680,0.1779,4,0.1000,1.0000,8,8,8,4,4,12,12,0.0000
4,160.0000,17,24,474.9788,-82.4267,-0.3594,12,0.3000,1.0000,8,8,8,0,0,8,8,0.0000
4,160.0000,17,28,631.1843,-86.1965,-0.2576,12,0.3000,1.0000,8,8,7,0,0,8,7,0.1250
4,160.0000,17,30,486.8533,-83.4444,-0.0910,14,0.3500,0.7143,7,8,8,0,0,8,8,0.0000
4,160.0000,17,33,615.9457,-85.2745,0.0064,10,0.2500,1.0000,8,8,7,0,0,8,7,0.1250
4,160.0000,17,35,639.5668,-85.3745,0.4762,15,0.3750,1.0000,8,8,6,0,0,8,6,0.2500
4,160.0000,17,42,607.5395,-84.5196,-0.7872,17,0.4250,0.8571,7,8,8,0,0,8,8,0.0000
4,160.0000,17,44,738.6904,-86.4386,-0.0420,8,0.2000,1.0000,8,8,8,0,0,8,8,0.0000
4,160.0000,17,46,287.0692,-78.4050,0.2167,35,0.8750,0.0000,4,8,7,0,0,8,7,0.1250
4,160.0000,17,47,1058.9412,-88.2683,0.7070,4,0.1000,1.0000,6,6,6,0,0,6,6,0.0000
4,160.0000,18,1,661.1905,-86.9992,1.2823,5,0.1250,0.6667,6,6,6,0,0,6,6,0.0000
4,160.0000,18,7,370.7625,-81.2505,-0.0848,12,0.3000,1.0000,8,7,6,0,0,7,6,0.1429
4,160.0000,18,8,583.6768,-84.0065,0.5980,8,0.2000,1.0000,8,8,8,0,0,8,8,0.0000
4,160.0000,18,9,526.9158,-84.3258,-0.9285,6,0.1500,0.8889,9,8,8,0,0,8,8,0.0000
4,160.0000,18,10,227.0773,-78.7109,1.8883,21,0.5250,0.5714,7,4,0,0,0,4,0,1.0000
4,160.0000,18,13,491.9318,-84.2550,2.2321,7,0.1750,0.8571,7,8,8,0,0,8,8,0.0000
4,160.0000,18,14,974.7265,-87.9763,-0.9206,5,0.1250,1.0000,8,2,2,0,0,2,2,0.0000
4,160.0000,18,16,323.1644,-80.4022,0.6134,15,0.3750,0.5714,7,6,3,0,0,6,3,0.5000
4,160.0000,18,21,474.6945,-83.1917,-0.5988,10,0.2500,1.0000,8,8,8,0,0,8,8,0.0000
4,160.0000,18,23,836.0214,-86.9617,0.4210,6,0.1500,1.0000,6,6,6,0,0,6,6,0.0000
4,160.0000,18,26,747.4683,-86.5962,0.1454,5,0.1250,1.0000,4,7,5,0,0,7,5,0.2857
4,160.0000,18,28,681.4296,-85.1844,-1.1734,8,0.2000,1.0000,8,8,8,0,0,8,8,0.0000
4,160.0000,18,31,313.2045,-79.6035,-1.0949,12,0.3000,0.6667,6,7,6,0,0,7,6,0.1429
4,160.0000,18,32,438.4227,-81.5694,-0.5783,9,0.2250,1.0000,8,6,3,0,0,6,3,0.5000
4,160.0000,18,37,807.7563,-86.6368,3.4995,3,0.0750,1.0000,4,6,6,0,0,6,6,0.0000
4,160.0000,18,38,597.6394,-83.9796,0.5610,6,0.1500,1.0000,8,8,8,0,0,8,8,0.0000
4,160.0000,18,40,381.4424,-81.5628,0.6297,12,0.3000,0.7143,7,6,3,0,0,6,3,0.5000
4,160.0000,18,43,800.9147,-86.5647,0.4641,3,0.0750,1.0000,8,8,8,0,0,8,8,0.0000
4,160.0000,18,44,527.2970,-83.5643,-1.1274,10,0.2500,1.0000,8,8,8,0,0,8,8,0.0000
4,160.0000,18,45,594.5424,-84.9895,-0.6181,8,0.2000,1.0000,8,7,6,0,0,7,6,0.1429
4,160.0000,18,47,451.3803,-83.0686,-0.2164,9,0.2250,0.8571,7,8,8,0,0,8,8,0.0000
4,160.0000,19,0,1046.2865,-88.0257,0.2857,3,0.0750,1.0000,6,4,4,0,0,4,4,0.0000
4,160.0000,19,1,487.5228,-83.6431,-0.2564,15,0.3750,1.0000,8,8,8,0,0,8,8,0.0000
4,160.0000,19,3,364.7973,-79.8929,-0.3322,19,0.4750,0.8571,7,8,6,0,0,8,6,0.2500
4,160.0000,19,6,732.7246,-87.5440,0.5253,4,0.1000,1.0000,8,6,6,0,0,6,6,0.0000
4,160.0000,19,7,517.9885,-84.5100,0.3836,11,0.2750,0.8750,8,8,8,0,0,8,8,0.0000
4,160.0000,19,8,936.7261,-87.2819,-1.3127,5,0.1250,1.0000,6,2,2,0,0,2,2,0.0000
4,160.0000,19,9,711.2501,-85.5831,1.2421,5,0.1250,0.8571,7,8,8,0,0,8,8,0.0000
4,160.0000,19,10,754.6616,-85.1910,-0.2244,8,0.2000,1.0000,8,8,8,0,0,8,8,0.0000
4,160.0000,19,13,595.0504,-85.9148,0.2172,7,0.1750,1.0000,8,8,7,0,0,8,7,0.1250
4,160.0000,19,16,601.4516,-84.8757,0.0829,6,0.1500,0.7143,7,7,6,0,0,7,6,0.1429
4,160.0000,19,18,869.2171,-87.1406,0.8525,6,0.1500,1.0000,8,4,4,0,0,4,4,0.0000
4,160.0000,19,20,603.7105,-84.7393,-0.5448,7,0.1750,0.8750,8,7,6,0,0,7,6,0.1429
4,160.0000,19,21,866.6273,-87.2458,1.7588,5,0.1250,1.0000,8,4,4,0,0,4,4,0.0000
4,160.0000,19,22,471.9778,-83.4620,0.0460,13,0.3250,0.8750,8,7,5,0,0,7,5,0.2857
4,160.0000,19,23,394.3926,-80.5305,-0.8085,18,0.4500,0.6667,6,7,5,0,0,7,5,0.2857
4,160.0000,19,25,90.0038,-67.0074,0.3301,34,0.8500,0.2000,5,5,2,0,0,5,2,0.6000
4,160.0000,19,27,424.3581,-82.0943,-0.2373,25,0.6250,0.7143,7,7,5,0,0,7,5,0.2857
4,160.0000,19,29,652.5244,-86.8453,-0.5539,13,0.3250,1.0000,8,4,3,0,0,4,3,0.2500
4,160.0000,19,31,719.8134,-85.4899,0.0150,4,0.1000,0.8571,7,8,8,0,0,8,8,0.0000
4,160.0000,19,32,462.3084,-83.0930,-0.1338,11,0.2750,1.0000,8,8,8,0,0,8,8,0.0000
4,160.0000,19,33,788.0436,-87.7915,0.4362,3,0.0750,1.0000,8,6,6,0,0,6,6,0.0000
4,160.0000,19,36,582.8541,-84.5321,-0.9578,16,0.4000,1.0000,8,6,4,0,0,6,4,0.3333
4,160.0000,19,37,354.1740,-79.3008,-0.6166,19,0.4750,0.8750,8,5,4,0,0,5,4,0.2000
4,160.0000,19,38,552.7060,-82.1463,-1.8179,8,0.2000,1.0000,8,6,4,0,0,6,4,0.3333
4,160.0000,19,39,515.0459,-83.1941,0.7194,11,0.2750,1.0000,8,8,7,0,0,8,7,0.1250
4,160.0000,19,40,720.4849,-85.3456,0.1540,11,0.2750,0.7143,7,8,8,0,0,8,8,0.0000
4,160.0000,19,41,172.4280,-73.1683,-0.7662,32,0.8000,0.0000,4,6,2,0,0,6,2,0.6667
4,160.0000,19,43,340.3814,-79.8213,-0.6613,17,0.4250,0.7500,8,8,6,0,0,8,6,0.2500
4,160.0000,19,44,919.9417,-88.1845,-0.7177,4,0.1000,1.0000,4,8,8,0,0,8,8,0.0000
4,160.0000,19,45,704.4522,-85.3418,-1.1346,8,0.2000,0.7143,7,8,8,0,0,8,8,0.0000
4,160.0000,19,47,488.5363,-83.1532,0.6172,12,0.3000,1.0000,8,10,10,0,0,10,10,0.0000
4,160.0000,20,3,254.1798,-77.6351,0.3770,23,0.5750,0.6250,8,5,2,0,0,5,2,0.6000
4,160.0000,20,6,300.2263,-78.6135,-0.9884,28,0.7000,0.5714,7,7,4,0,0,7,4,0.4286
4,160.0000,20,9,672.4977,-86.6504,-0.7194,5,0.1250,1.0000,8,8,8,0,0,8,8,0.0000
4,160.0000,20,11,952.4222,-87.3900,-0.7697,4,0.1000,1.0000,8,2,2,0,0,2,2,0.0000
4,160.0000,20,13,621.4392,-84.5953,-0.6965,8,0.2000,1.0000,8,8,8,0,0,8,8,0.0000
4,160.0000,20,19,603.7105,-85.1936,-0.2403,7,0.1750,1.0000,10,8,8,0,0,8,8,0.0000
4,160.0000,20,22,466.5311,-83.2966,-0.2260,8,0.2000,0.8750,8,10,10,0,0,10,10,0.0000
4,160.0000,20,23,518.8186,-84.1783,0.5689,7,0.1750,0.8750,8,8,7,0,0,8,7,0.1250
4,160.0000,20,24,609.3288,-85.1064,-0.1409,8,0.2000,0.6667,6,7,6,0,0,7,6,0.1429
4,160.0000,20,25,661.4354,-84.3687,-0.3030,5,0.1250,0.8571,7,8,8,0,0,8,8,0.0000
4,160.0000,20,27,974.4466,-87.8016,1.0395,4,0.1000,0.8571,7,4,4,0,0,4,4,0.0000
4,160.0000,20,28,933.4079,-87.8094,0.1293,4,0.1000,1.0000,8,8,8,0,0,8,8,0.0000
4,160.0000,20,31,816.4606,-87.8125,-0.0905,4,0.1000,0.7143,7,6,6,0,0,6,6,0.0000
4,160.0000,20,32,743.4168,-85.3996,-0.1570,3,0.0750,1.0000,8,8,8,0,0,8,8,0.0000
4,160.0000,20,33,289.3752,-79.0120,0.0820,21,0.5250,0.7143,7,8,6,2,2,10,8,0.2000
4,160.0000,20,37,352.4039,-79.3271,-0.2349,16,0.4000,0.2000,5,8,7,0,0,8,7,0.1250
4,160.0000,20,38,512.4763,-83.2374,0.3180,5,0.1250,0.7143,7,7,6,0,0,7,6,0.1429
4,160.0000,20,39,224.9299,-73.7805,-1.0242,35,0.8750,0.2500,96,5,2,126,92,131,94,0.2824
4,160.0000,20,41,575.0327,-86.0542,0.2906,5,0.1250,1.0000,8,8,8,0,0,8,8,0.0000
4,160.0000,20,42,548.3091,-84.0125,-0.4169,17,0.4250,1.0000,8,8,8,0,0,8,8,0.0000
4,160.0000,20,43,816.9373,-87.0993,-0.7391,3,0.0750,1.0000,8,6,6,0,0,6,6,0.0000
4,160.0000,20,44,823.9580,-85.0758,0.6119,4,0.1000,1.0000,8,8,8,0,0,8,8,0.0000
4,160.0000,20,46,852.5377,-88.5797,-0.1124,3,0.0750,1.0000,6,4,4,0,0,4,4,0.0000
4,160.0000,20,47,662.8534,-85.4737,1.1423,5,0.1250,1.0000,8,8,8,0,0,8,8,0.0000
4,160.0000,21,1,570.5767,-84.5260,-0.5567,9,0.2250,0.8333,6,8,8,0,0,8,8,0.0000
4,160.0000,21,5,943.3110,-87.5930,1.9259,3,0.0750,1.0000,2,2,2,0,0,2,2,0.0000
4,160.0000,21,7,589.9714,-85.5467,0.1100,5,0.1250,0.8333,6,8,8,0,0,8,8,0.0000
4,160.0000,21,8,653.2104,-84.5819,0.3983,4,0.1000,1.0000,8,8,8,0,0,8,8,0.0000
4,160.0000,21,9,604.0547,-84.6319,2.3635,5,0.1250,0.6667,6,8,8,0,0,8,8,0.0000
4,160.0000,21,10,288.1881,-78.7760,0.1427,25,0.6250,0.6250,8,7,6,0,0,7,6,0.1429
4,160.0000,21,12,916.7028,-87.0261,0.2777,3,0.0750,1.0000,6,6,6,0,0,6,6,0.0000
4,160.0000,21,13,681.8932,-85.1657,-2.2852,3,0.0750,1.0000,8,8,8,0,0,8,8,0.0000
4,160.0000,21,16,343.2696,-79.5557,-0.3410,16,0.4000,0.8750,8,7,5,0,0,7,5,0.2857
4,160.0000,21,18,474.6945,-82.9240,-0.0140,13,0.3250,0.8571,7,8,8,0,0,8,8,0.0000
4,160.0000,21,19,866.6273,-87.5543,-0.6747,5,0.1250,1.0000,8,8,8,0,0,8,8,0.0000
4,160.0000,21,22,737.0911,-85.4687,-0.4429,5,0.1250,1.0000,8,8,8,0,0,8,8,0.0000
4,160.0000,21,23,709.5282,-86.3399,-0.1652,6,0.1500,1.0000,8,8,8,0,0,8,8,0.0000
4,160.0000,21,25,848.3401,-87.7111,2.5647,3,0.0750,1.0000,2,8,8,0,0,8,8,0.0000
4,160.0000,21,26,565.4160,-86.2751,1.2589,8,0.2000,0.8571,7,6,4,0,0,6,4,0.3333
4,160.0000,21,27,840.5848,-86.0531,-1.9678,4,0.1000,1.0000,8,8,8,0,0,8,8,0.0000
4,160.0000,21,31,530.4316,-83.6092,0.6211,7,0.1750,1.0000,8,8,8,0,0,8,8,0.0000
4,160.0000,21,32,479.8133,-81.2139,-1.4728,6,0.1500,0.8750,8,8,8,0,0,8,8,0.0000
4,160.0000,21,36,618.3146,-84.9698,0.1501,8,0.2000,0.8571,7,8,7,0,0,8,7,0.1250
4,160.0000,21,38,738.4670,-86.1025,-0.1374,3,0.0750,0.8750,8,7,6,0,0,7,6,0.1429
4,160.0000,21,40,195.4990,-74.9882,0.3536,27,0.6750,0.2000,5,5,1,0,0,5,1,0.8000
4,160.0000,21,41,742.2025,-87.0478,-1.6915,5,0.1250,1.0000,8,8,7,0,0,8,7,0.1250
4,160.0000,21,43,627.9258,-85.0384,2.1267,6,0.1500,1.0000,8,4,4,0,0,4,4,0.0000
4,160.0000,21,44,727.7508,-86.4393,1.1950,3,0.0750,1.0000,8,8,8,0,0,8,8,0.0000
4,160.0000,21,45,268.4080,-76.7348,-0.7117,26,0.6500,0.7143,7,4,0,0,0,4,0,1.0000
4,160.0000,21,47,587.9083,-85.0559,-1.8995,5,0.1250,1.0000,8,8,8,0,0,8,8,0.0000
4,160.0000,22,1,707.1891,-85.8186,0.5494,8,0.2000,1.0000,8,4,4,0,0,4,4,0.0000
4,160.0000,22,3,307.9821,-79.6577,1.3585,27,0.6750,0.8750,8,5,1,0,0,5,1,0.8000
4,160.0000,22,6,687.2500,-86.6701,-0.1250,6,0.1500,0.0000,1,4,4,0,0,4,4,0.0000
4,160.0000,22,7,599.2752,-86.9527,0.0211,5,0.1250,1.0000,8,6,6,0,0,6,6,0.0000
4,160.0000,22,8,627.7845,-84.5878,-0.0436,8,0.2000,1.0000,6,7,6,0,0,7,6,0.1429
4,160.0000,22,9,448.8778,-83.1070,0.9871,8,0.2000,1.0000,8,8,8,57,53,65,61,0.0615
4,160.0000,22,10,731.0465,-86.4774,-0.2435,6,0.1500,1.0000,6,8,8,0,0,8,8,0.0000
4,160.0000,22,13,488.5270,-83.0312,0.0429,9,0.2250,1.0000,8,7,6,0,0,7,6,0.1429
4,160.0000,22,16,583.8871,-85.5988,0.0978,6,0.1500,1.0000,8,8,8,0,0,8,8,0.0000
4,160.0000,22,18,846.4535,-86.3762,0.2295,5,0.1250,1.0000,4,4,4,0,0,4,4,0.0000
4,160.0000,22,19,471.9778,-82.4552,0.2300,18,0.4500,0.6667,6,8,6,0,0,8,6,0.2500
4,160.0000,22,20,466.5311,-82.5905,0.6420,20,0.5000,0.7143,7,6,4,0,0,6,4,0.3333
4,160.0000,22,21,737.0911,-85.3183,-0.7034,10,0.2500,0.6667,6,6,6,0,0,6,6,0.0000
4,160.0000,22,23,105.6056,-71.3421,1.2706,38,0.9500,0.3333,6,4,0,0,0,4,0,1.0000
4,160.0000,22,24,780.0461,-87.2356,0.4272,7,0.1750,1.0000,6,5,4,0,0,5,4,0.2000
4,160.0000,22,25,481.2548,-82.9493,-0.4924,17,0.4250,0.8571,7,8,8,0,0,8,8,0.0000
4,160.0000,22,27,693.7463,-85.7956,-0.2370,11,0.2750,1.0000,8,8,8,0,0,8,8,0.0000
4,160.0000,22,29,1003.7640,-88.4574,0.5358,5,0.1250,,0,4,4,0,0,4,4,0.0000
4,160.0000,22,30,895.7808,-88.4193,-0.4826,4,0.1000,1.0000,2,4,4,0,0,4,4,0.0000
4,160.0000,22,31,593.4508,-83.9861,-0.3977,10,0.2500,0.5714,7,8,8,0,0,8,8,0.0000
4,160.0000,22,32,446.5004,-81.5174,-0.4133,12,0.3000,0.8571,7,8,8,0,0,8,8,0.0000
4,160.0000,22,33,557.5597,-84.9421,0.5101,10,0.2500,0.9322,59,8,8,4,2,12,10,0.1667
4,160.0000,22,36,810.6066,-87.1337,0.1314,8,0.2000,1.0000,8,8,8,0,0,8,8,0.0000
4,160.0000,22,37,401.7093,-82.3220,0.8120,20,0.5000,1.0000,8,8,8,0,0,8,8,0.0000
4,160.0000,22,38,411.2118,-80.5772,0.8295,11,0.2750,0.7143,7,8,8,0,0,8,8,0.0000
4,160.0000,22,39,444.1834,-83.5508,1.1156,13,0.3250,0.8889,9,8,7,0,0,8,7,0.1250
4,160.0000,22,40,588.3261,-83.7774,0.3167,9,0.2250,0.8571,7,7,6,0,0,7,6,0.1429
4,160.0000,22,41,319.8878,-80.7213,0.8434,21,0.5250,0.8333,6,9,7,0,0,9,7,0.2222
4,160.0000,22,42,915.5223,-88.1866,0.7524,5,0.1250,,0,6,6,0,0,6,6,0.0000
4,160.0000,22,43,466.1497,-83.1875,0.4337,16,0.4000,1.0000,8,8,8,0,0,8,8,0.0000
4,160.0000,22,44,687.7202,-85.9037,0.0563,6,0.1500,1.0000,8,7,6,0,0,7,6,0.1429
4,160.0000,22,45,688.3617,-83.8016,-0.1867,10,0.2500,1.0000,8,8,8,0,0,8,8,0.0000
4,160.0000,22,46,1049.6662,-89.0965,-0.1254,4,0.1000,,0,4,4,0,0,4,4,0.0000
4,160.0000,22,47,449.4566,-82.6889,0.2470,12,0.3000,0.8571,7,6,4,0,0,6,4,0.3333
4,160.0000,23,1,619.4768,-85.7086,1.4454,9,0.2250,1.0000,8,4,4,0,0,4,4,0.0000
4,160.0000,23,3,321.0435,-79.0878,-0.9605,18,0.4500,0.8571,7,7,5,0,0,7,5,0.2857
4,160.0000,23,6,736.3529,-85.5395,0.5627,5,0.1250,0.6667,3,6,6,0,0,6,6,0.0000
4,160.0000,23,7,573.3781,-85.2533,-0.6003,8,0.2000,0.8750,8,6,6,0,0,6,6,0.0000
4,160.0000,23,8,691.0916,-84.1287,0.0835,6,0.1500,1.0000,8,7,6,0,0,7,6,0.1429
4,160.0000,23,9,500.0973,-85.7899,-0.7185,4,0.1000,1.0000,8,8,8,0,0,8,8,0.0000
4,160.0000,23,10,701.8014,-85.8712,0.6876,5,0.1250,1.0000,6,8,8,0,0,8,8,0.0000
4,160.0000,23,13,514.6894,-84.0232,0.2450,9,0.2250,0.8571,7,7,6,0,0,7,6,0.1429
4,160.0000,23,16,549.6433,-85.9575,-1.7138,5,0.1250,0.6667,6,8,7,6,6,14,13,0.0714
4,160.0000,23,18,836.0214,-88.5869,5.0335,3,0.0750,1.0000,10,8,8,0,0,8,8,0.0000
4,160.0000,23,19,394.3926,-80.8273,0.2535,16,0.4000,0.6667,6,6,4,0,0,6,4,0.3333
4,160.0000,23,20,518.8186,-83.5928,0.9506,10,0.2500,0.9474,19,7,5,0,0,7,5,0.2857
4,160.0000,23,21,709.5282,-85.1770,-1.1163,6,0.1500,1.0000,8,6,6,0,0,6,6,0.0000
4,160.0000,23,22,105.6056,-71.1752,1.5464,37,0.9250,0.0606,33,4,0,42,11,46,11,0.7609
4,160.0000,23,25,390.8854,-80.3778,0.4947,17,0.4250,0.8734,79,7,6,0,0,7,6,0.1429
4,160.0000,23,26,1018.9307,-88.7907,0.7380,6,0.1500,,0,4,4,0,0,4,4,0.0000
4,160.0000,23,27,588.1789,-83.2991,0.0208,9,0.2250,1.0000,8,8,7,0,0,8,7,0.1250
4,160.0000,23,31,611.0663,-85.1056,0.2899,6,0.1500,1.0000,8,8,8,0,0,8,8,0.0000
4,160.0000,23,32,414.5415,-82.6237,0.6452,12,0.3000,0.2000,5,7,6,0,0,7,6,0.1429
4,160.0000,23,33,639.6307,-84.9257,1.3780,5,0.1250,1.0000,8,7,5,0,0,7,5,0.2857
4,160.0000,23,36,718.6393,-85.5421,-0.3789,6,0.1500,0.8571,7,8,8,0,0,8,8,0.0000
4,160.0000,23,37,405.5606,-81.8571,-0.5717,13,0.3250,0.8750,8,8,8,0,0,8,8,0.0000
4,160.0000,23,38,448.5426,-82.3628,-0.4767,10,0.2500,1.0000,10,5,1,0,0,5,1,0.8000
4,160.0000,23,39,484.8762,-83.9060,-0.0787,8,0.2000,1.0000,8,7,5,0,0,7,5,0.2857
4,160.0000,23,40,567.9462,-84.3120,-0.9516,7,0.1750,1.0000,8,8,8,71,70,79,78,0.0127
4,160.0000,23,41,232.3431,-76.7782,-0.4009,29,0.7250,0.0000,3,7,5,0,0,7,5,0.2857
4,160.0000,23,43,364.2654,-80.9284,-0.4755,14,0.3500,0.6667,6,6,3,0,0,6,3,0.5000
4,160.0000,23,44,744.3851,-87.1626,1.1247,4,0.1000,1.0000,8,8,7,0,0,8,7,0.1250
4,160.0000,23,45,625.0404,-84.9000,-1.5089,9,0.2250,0.6667,6,7,6,0,0,7,6,0.1429
4,160.0000,23,47,443.9611,-82.6618,-1.5107,9,0.2250,1.0000,8,8,7,0,0,8,7,0.1250
4,160.0000,24,2,718.2778,-84.4983,0.4185,8,0.2000,1.0000,6,4,4,0,0,4,4,0.0000
4,160.0000,24,4,744.4890,-85.7003,-0.1093,9,0.2250,1.0000,8,4,4,0,0,4,4,0.0000
4,160.0000,24,6,457.8725,-81.8892,-0.2863,11,0.2750,0.8571,7,5,4,0,0,5,4,0.2000
4,160.0000,24,8,588.3843,-82.3154,0.5407,6,0.1500,1.0000,6,10,10,0,0,10,10,0.0000
4,160.0000,24,9,555.0216,-82.0530,-2.3666,4,0.1000,1.0000,8,7,5,0,0,7,5,0.2857
4,160.0000,24,11,431.4220,-82.4767,0.4934,24,0.6000,0.6667,6,7,6,0,0,7,6,0.1429
4,160.0000,24,13,529.1567,-81.5216,1.1962,4,0.1000,0.6667,6,8,8,0,0,8,8,0.0000
4,160.0000,24,14,272.4257,-76.1714,-1.5475,32,0.8000,0.4000,5,4,0,0,0,4,0,1.0000
4,160.0000,24,15,554.7676,-84.3844,0.7417,16,0.4000,1.0000,8,8,8,0,0,8,8,0.0000
4,160.0000,24,17,474.9788,-82.4403,0.1200,16,0.4000,0.7143,7,7,6,0,0,7,6,0.1429
4,160.0000,24,20,609.3288,-84.2463,0.4268,7,0.1750,1.0000,8,8,8,0,0,8,8,0.0000
4,160.0000,24,28,441.7389,-79.0732,-0.6283,11,0.2750,1.0000,8,8,8,0,0,8,8,0.0000
4,160.0000,24,30,431.3363,-82.6305,0.1909,12,0.3000,0.6667,6,7,5,0,0,7,5,0.2857
4,160.0000,24,33,343.7424,-80.4455,0.0947,12,0.3000,0.8571,7,7,6,0,0,7,6,0.1429
4,160.0000,24,35,664.6332,-87.2881,0.3204,9,0.2250,1.0000,4,8,8,0,0,8,8,0.0000
4,160.0000,24,39,503.3189,-85.3360,-0.3823,4,0.1000,1.0000,6,8,8,0,0,8,8,0.0000
4,160.0000,24,42,596.8015,-85.2536,0.7682,10,0.2500,1.0000,8,6,6,0,0,6,6,0.0000
4,160.0000,24,44,487.5034,-80.3729,-0.3517,12,0.3000,0.8750,8,8,8,0,0,8,8,0.0000
4,160.0000,24,46,312.4004,-80.9629,1.1332,25,0.6250,0.6250,8,4,0,0,0,4,0,1.0000
4,160.0000,25,0,968.0366,-87.8099,-0.4281,6,0.1500,,0,2,2,0,0,2,2,0.0000
4,160.0000,25,1,450.7323,-82.2530,0.0006,11,0.2750,0.7143,7,7,4,0,0,7,4,0.4286
4,160.0000,25,3,422.4379,-80.3908,-0.9539,21,0.5250,0.0000,4,8,8,0,0,8,8,0.0000
4,160.0000,25,6,812.0463,-86.5917,0.6560,7,0.1750,1.0000,4,4,4,0,0,4,4,0.0000
4,160.0000,25,7,560.4360,-86.5128,-0.4131,9,0.2250,0.7500,8,7,6,0,0,7,6,0.1429
4,160.0000,25,9,749.4910,-88.1890,1.4386,6,0.1500,1.0000,8,8,7,0,0,8,7,0.1250
4,160.0000,25,10,760.2310,-87.2397,-0.4058,8,0.2000,1.0000,8,8,8,0,0,8,8,0.0000
4,160.0000,25,12,1063.7221,-88.8459,-0.6026,5,0.1250,,0,4,4,0,0,4,4,0.0000
4,160.0000,25,13,651.1850,-86.3774,-0.1987,5,0.1250,0.8571,7,8,8,0,0,8,8,0.0000
4,160.0000,25,16,609.6186,-87.3371,-1.0576,8,0.2000,0.6667,3,8,8,0,0,8,8,0.0000
4,160.0000,25,18,895.0837,-87.5759,-1.0975,4,0.1000,1.0000,6,6,6,0,0,6,6,0.0000
4,160.0000,25,19,90.0038,-67.0772,0.3407,36,0.9000,0.0000,3,4,0,0,0,4,0,1.0000
4,160.0000,25,20,661.4354,-84.1360,-0.3610,9,0.2250,1.0000,8,5,2,0,0,5,2,0.6000
4,160.0000,25,21,848.3401,-87.1662,-2.0144,4,0.1000,1.0000,6,8,8,0,0,8,8,0.0000
4,160.0000,25,22,481.2548,-83.3234,-1.1545,13,0.3250,0.8571,7,8,8,0,0,8,8,0.0000
4,160.0000,25,23,390.8854,-80.3813,-1.0829,18,0.4500,0.8750,8,7,5,0,0,7,5,0.2857
4,160.0000,25,26,931.0857,-88.5225,0.1540,4,0.1000,1.0000,8,8,8,0,0,8,8,0.0000
4,160.0000,25,27,338.6692,-79.7591,0.1742,29,0.7250,0.5000,6,5,2,0,0,5,2,0.6000
4,160.0000,25,29,586.7426,-85.2335,0.0178,14,0.3500,1.0000,8,6,4,0,0,6,4,0.3333
4,160.0000,25,31,759.0789,-85.9632,0.6107,4,0.1000,1.0000,8,10,10,0,0,10,10,0.0000
4,160.0000,25,32,484.4599,-84.1734,0.1950,9,0.2250,0.8571,7,8,7,0,0,8,7,0.1250
4,160.0000,25,33,851.9680,-87.5393,-1.1549,7,0.1750,1.0000,8,8,7,0,0,8,7,0.1250
4,160.0000,25,36,534.7069,-83.7605,0.0064,17,0.4250,1.0000,8,7,6,0,0,7,6,0.1429
4,160.0000,25,37,432.1094,-81.0896,-1.6639,17,0.4250,0.8750,8,6,4,0,0,6,4,0.3333
4,160.0000,25,38,611.6988,-85.3668,-0.3920,7,0.1750,0.7500,8,8,8,0,0,8,8,0.0000
4,160.0000,25,39,588.6896,-84.7895,-0.1943,12,0.3000,1.0000,8,8,7,0,0,8,7,0.1250
4,160.0000,25,40,717.2888,-85.6815,0.2673,5,0.1250,1.0000,8,8,8,0,0,8,8,0.0000
4,160.0000,25,41,170.9419,-71.2156,-0.9814,34,0.8500,0.5000,6,6,2,0,0,6,2,0.6667
4,160.0000,25,43,276.0362,-79.6294,0.5278,20,0.5000,0.8750,8,4,0,0,0,4,0,1.0000
4,160.0000,25,44,967.8133,-89.0405,-0.5888,3,0.0750,1.0000,8,4,4,0,0,4,4,0.0000
4,160.0000,25,45,666.1689,-86.0068,-0.4053,9,0.2250,0.8571,7,8,8,0,0,8,8,0.0000
4,160.0000,25,47,533.5245,-84.0235,-1.0131,10,0.2500,0.8571,7,8,8,0,0,8,8,0.0000
4,160.0000,26,0,810.9390,-86.0912,0.9656,10,0.2564,1.0000,8,4,4,0,0,4,4,0.0000
4,160.0000,26,1,485.6590,-83.3985,-0.9941,8,0.2051,1.0000,8,8,7,0,0,8,7,0.1250
4,160.0000,26,5,453.9247,-81.6110,-0.4636,22,0.5641,1.0000,8,7,6,0,0,7,6,0.1429
4,160.0000,26,10,579.8943,-82.9694,1.5426,3,0.0769,1.0000,8,8,8,0,0,8,8,0.0000
4,160.0000,26,12,424.8010,-81.9307,-0.2909,26,0.6667,1.0000,8,5,2,0,0,5,2,0.6000
4,160.0000,26,16,638.0947,-83.6056,3.1220,3,0.0769,1.0000,8,8,8,0,0,8,8,0.0000
4,160.0000,26,21,565.4160,-84.6394,0.4932,6,0.1538,1.0000,8,8,8,0,0,8,8,0.0000
4,160.0000,26,27,768.3363,-86.8382,0.5968,6,0.1538,1.0000,8,8,8,0,0,8,8,0.0000
4,160.0000,26,29,744.8233,-85.9026,0.0755,6,0.1538,1.0000,8,10,9,0,0,10,9,0.1000
4,160.0000,26,34,691.8721,-85.5465,1.2133,11,0.2821,1.0000,8,8,8,0,0,8,8,0.0000
4,160.0000,26,36,414.9497,-80.2624,0.5643,13,0.3333,0.4000,5,8,8,0,0,8,8,0.0000
4,160.0000,26,45,429.5658,-83.5105,2.7051,5,0.1282,1.0000,6,8,8,0,0,8,8,0.0000
4,160.0000,27,0,640.4192,-85.3969,-0.0604,17,0.4250,1.0000,8,8,8,0,0,8,8,0.0000
4,160.0000,27,1,382.8320,-80.7851,-0.3942,15,0.3750,0.8750,8,5,1,0,0,5,1,0.8000
4,160.0000,27,5,669.9981,-87.3166,0.2173,5,0.1250,1.0000,8,7,6,0,0,7,6,0.1429
4,160.0000,27,12,785.1049,-87.4374,-0.7931,9,0.2250,0.8750,8,8,8,0,0,8,8,0.0000
4,160.0000,27,16,706.6768,-86.1540,0.4461,4,0.1000,1.0000,6,8,8,0,0,8,8,0.0000
4,160.0000,27,19,424.3581,-81.1983,-0.8006,13,0.3250,0.3333,6,7,6,0,0,7,6,0.1429
4,160.0000,27,21,840.5848,-85.1332,0.2798,3,0.0750,1.0000,8,6,6,0,0,6,6,0.0000
4,160.0000,27,22,693.7463,-83.7409,-0.3322,3,0.0750,1.0000,8,8,8,0,0,8,8,0.0000
4,160.0000,27,23,588.1789,-84.3064,0.0085,4,0.1000,0.8571,7,8,8,0,0,8,8,0.0000
4,160.0000,27,25,338.6692,-80.9731,0.2904,17,0.4250,0.7143,7,6,3,0,0,6,3,0.5000
4,160.0000,27,26,768.3363,-86.2200,0.0759,7,0.1750,1.0000,8,8,8,0,0,8,8,0.0000
4,160.0000,27,29,327.6230,-81.4619,0.7003,28,0.7000,0.5714,7,7,6,0,0,7,6,0.1429
4,160.0000,27,34,719.7191,-85.5412,-0.2461,11,0.2750,1.0000,4,8,8,0,0,8,8,0.0000
4,160.0000,27,36,381.9900,-80.5969,0.8615,19,0.4750,0.6667,6,7,4,0,0,7,4,0.4286
4,160.0000,27,37,760.2903,-84.8245,-0.2630,3,0.0750,1.0000,8,8,8,0,0,8,8,0.0000
4,160.0000,27,39,916.5751,-85.9179,-2.9588,3,0.0750,1.0000,8,8,8,0,0,8,8,0.0000
4,160.0000,27,40,781.2719,-85.6888,-0.1553,4,0.1000,1.0000,8,8,8,0,0,8,8,0.0000
4,160.0000,27,41,434.2646,-80.2538,-1.1055,15,0.3750,0.8571,7,8,8,0,0,8,8,0.0000
4,160.0000,27,43,267.8359,-77.1436,-0.6510,27,0.6750,0.5000,6,8,6,0,0,8,6,0.2500
4,160.0000,27,45,590.6818,-85.2542,1.3899,6,0.1500,0.8750,8,8,8,0,0,8,8,0.0000
4,160.0000,28,2,730.3729,-86.5518,0.6578,10,0.2500,1.0000,6,8,8,0,0,8,8,0.0000
4,160.0000,28,4,691.6355,-85.2313,-0.9579,13,0.3250,1.0000,6,5,4,0,0,5,4,0.2000
4,160.0000,28,7,733.1638,-88.6289,0.3637,7,0.1750,1.0000,8,8,8,0,0,8,8,0.0000
4,160.0000,28,8,356.9253,-81.8866,-0.2193,13,0.3250,0.8571,7,7,4,0,0,7,4,0.4286
4,160.0000,28,9,464.6071,-83.0011,0.3076,11,0.2750,1.0000,8,7,6,0,0,7,6,0.1429
4,160.0000,28,11,651.0493,-85.3348,0.2646,15,0.3750,0.8571,7,8,8,0,0,8,8,0.0000
4,160.0000,28,13,517.6518,-84.8168,-1.5315,6,0.1500,1.0000,8,8,8,0,0,8,8,0.0000
4,160.0000,28,14,354.4430,-79.4247,0.0672,25,0.6250,0.6667,6,8,8,0,0,8,8,0.0000
4,160.0000,28,15,743.2626,-86.4051,-0.1299,8,0.2000,0.8571,7,8,8,0,0,8,8,0.0000
4,160.0000,28,16,795.0543,-88.4564,-0.4977,4,0.1000,1.0000,6,8,8,0,0,8,8,0.0000
4,160.0000,28,17,631.1843,-84.6656,0.0694,14,0.3500,0.6667,6,8,7,0,0,8,7,0.1250
4,160.0000,28,18,681.4296,-86.6298,1.5799,5,0.1250,0.8571,7,8,8,0,0,8,8,0.0000
4,160.0000,28,20,933.4079,-87.7595,-0.0084,4,0.1000,1.0000,8,8,8,0,0,8,8,0.0000
4,160.0000,28,23,948.3181,-88.4246,-0.7438,3,0.0750,1.0000,4,8,8,0,0,8,8,0.0000
4,160.0000,28,24,441.7389,-81.4549,-1.3490,19,0.4750,0.7500,8,8,8,0,0,8,8,0.0000
4,160.0000,28,30,172.4334,-74.4006,0.0295,36,0.9000,0.0000,4,5,1,0,0,5,1,0.8000
4,160.0000,28,31,489.2715,-84.4046,0.1876,7,0.1750,1.0000,8,8,8,0,0,8,8,0.0000
4,160.0000,28,32,764.5685,-86.6980,-1.5584,5,0.1250,0.8571,7,8,8,0,0,8,8,0.0000
4,160.0000,28,33,698.5080,-86.3280,-0.5131,7,0.1750,1.0000,8,8,8,0,0,8,8,0.0000
4,160.0000,28,37,827.2569,-87.4551,2.6390,5,0.1250,1.0000,4,8,8,0,0,8,8,0.0000
4,160.0000,28,38,559.6952,-85.2967,0.9169,6,0.1500,1.0000,10,6,6,0,0,6,6,0.0000
4,160.0000,28,39,782.0990,-88.8648,-0.8855,3,0.0750,1.0000,8,8,8,0,0,8,8,0.0000
4,160.0000,28,42,999.4874,-87.5209,0.0349,3,0.0750,1.0000,2,6,6,0,0,6,6,0.0000
4,160.0000,28,44,227.9091,-76.4972,0.1397,28,0.7000,0.3333,6,7,5,0,0,7,5,0.2857
4,160.0000,28,46,551.8118,-84.3209,0.5720,16,0.4000,1.0000,8,8,8,0,0,8,8,0.0000
4,160.0000,28,47,656.1034,-86.7941,0.3113,7,0.1750,1.0000,8,8,8,0,0,8,8,0.0000
4,160.0000,29,0,434.6616,-81.9517,-0.0850,25,0.6250,0.3333,6,7,5,0,0,7,5,0.2857
4,160.0000,29,1,485.1969,-84.9479,1.0814,5,0.1250,1.0000,8,8,8,0,0,8,8,0.0000
4,160.0000,29,5,476.8346,-83.0611,0.5926,21,0.5250,0.8750,8,8,8,0,0,8,8,0.0000
4,160.0000,29,12,650.8919,-84.5943,0.4220,9,0.2250,0.8750,8,8,8,0,0,8,8,0.0000
4,160.0000,29,19,652.5244,-86.3486,0.5265,3,0.0750,1.0000,8,8,8,0,0,8,8,0.0000
4,160.0000,29,25,586.7426,-85.4559,2.2132,3,0.0750,1.0000,8,7,5,0,0,7,5,0.2857
4,160.0000,29,26,744.8233,-85.7631,-0.1871,4,0.1000,0.5000,6,8,8,0,0,8,8,0.0000
4,160.0000,29,27,327.6230,-81.7330,1.2264,13,0.3250,0.6667,6,7,6,0,0,7,6,0.1429
4,160.0000,29,34,455.4621,-80.9987,-1.0603,26,0.6500,0.5000,6,8,8,0,0,8,8,0.0000
4,160.0000,29,36,417.0030,-83.6225,1.6363,7,0.1750,0.8571,7,5,2,0,0,5,2,0.6000
4,160.0000,29,43,558.0896,-83.7789,-0.0265,4,0.1000,1.0000,8,8,8,0,0,8,8,0.0000
4,160.0000,29,45,755.1251,-86.6859,-0.3341,4,0.1000,1.0000,8,8,8,0,0,8,8,0.0000
4,160.0000,30,2,589.7955,-83.8890,0.3209,18,0.4615,0.8333,6,5,4,0,0,5,4,0.2000
4,160.0000,30,4,545.2964,-83.0782,-0.5153,26,0.6667,0.8750,8,6,4,0,0,6,4,0.3333
4,160.0000,30,8,375.7351,-81.4554,-0.8713,8,0.2051,0.8571,7,7,5,0,0,7,5,0.2857
4,160.0000,30,9,517.8763,-82.2099,-1.9304,3,0.0769,1.0000,8,8,8,0,0,8,8,0.0000
4,160.0000,30,11,568.0334,-83.6909,0.3974,17,0.4359,0.8750,8,6,3,0,0,6,3,0.5000
4,160.0000,30,14,337.4665,-79.8474,0.2410,26,0.6667,0.6667,6,6,4,0,0,6,4,0.3333
4,160.0000,30,15,658.8980,-84.8073,0.6131,12,0.3077,1.0000,8,8,8,0,0,8,8,0.0000
4,160.0000,30,17,486.8533,-82.3389,-0.7331,15,0.3846,0.6250,8,7,5,0,0,7,5,0.2857
4,160.0000,30,24,431.3363,-81.6808,-0.2776,13,0.3333,1.0000,8,8,8,0,0,8,8,0.0000
4,160.0000,30,28,172.4334,-74.3877,0.5044,33,0.8462,0.0000,4,5,0,0,0,5,0,1.0000
4,160.0000,30,44,319.8280,-79.2994,0.1663,20,0.5128,0.4000,5,7,6,0,0,7,6,0.1429
4,160.0000,30,46,473.5153,-82.4668,-0.1716,20,0.5128,0.8571,7,8,6,0,0,8,6,0.2500
4,160.0000,31,1,690.0778,-84.6050,-0.8574,5,0.1250,0.6667,6,7,5,0,0,7,5,0.2857
4,160.0000,31,3,662.0724,-85.6255,0.1731,9,0.2250,0.8571,7,7,6,0,0,7,6,0.1429
4,160.0000,31,6,821.8202,-87.0463,1.8732,6,0.1500,0.6667,3,6,6,0,0,6,6,0.0000
4,160.0000,31,7,288.4232,-79.0318,0.5861,17,0.4250,0.7143,7,5,2,0,0,5,2,0.6000
4,160.0000,31,8,342.6860,-79.6984,-0.1869,20,0.5000,0.7143,7,6,3,0,0,6,3,0.5000
4,160.0000,31,9,223.2206,-77.0345,0.5746,28,0.7000,0.5000,8,4,0,0,0,4,0,1.0000
4,160.0000,31,10,356.6157,-80.9960,0.1540,14,0.3500,0.3333,6,6,3,0,0,6,3,0.5000
4,160.0000,31,11,1041.0991,-88.5569,-1.4393,3,0.0750,,0,4,4,0,0,4,4,0.0000
4,160.0000,31,13,209.7818,-76.4127,1.0091,30,0.7500,0.4435,115,4,0,109,55,113,55,0.5133
4,160.0000,31,14,751.1233,-87.2222,-0.4886,5,0.1250,1.0000,8,2,2,0,0,2,2,0.0000
4,160.0000,31,16,308.1749,-80.3689,-0.4542,13,0.3250,0.8750,8,6,2,0,0,6,2,0.6667
4,160.0000,31,17,991.3743,-87.5808,-1.1793,4,0.1000,1.0000,6,2,2,0,0,2,2,0.0000
4,160.0000,31,18,313.2045,-79.7644,-0.5667,19,0.4750,0.2000,5,7,6,0,0,7,6,0.1429
4,160.0000,31,19,719.8134,-85.7665,0.0849,7,0.1750,0.6000,5,8,8,0,0,8,8,0.0000
4,160.0000,31,20,816.4606,-87.3640,-1.1557,8,0.2000,0.9000,10,6,6,0,0,6,6,0.0000
4,160.0000,31,21,530.4316,-84.0894,0.3622,9,0.2250,0.7500,8,8,7,0,0,8,7,0.1250
4,160.0000,31,22,593.4508,-83.9764,-1.3992,8,0.2000,0.8571,7,8,8,0,0,8,8,0.0000
4,160.0000,31,23,611.0663,-83.2668,0.3122,5,0.1250,0.8750,8,8,8,0,0,8,8,0.0000
4,160.0000,31,24,660.2190,-85.6780,1.7420,7,0.1750,0.8000,5,6,6,0,0,6,6,0.0000
4,160.0000,31,25,759.0789,-86.1935,-0.0604,6,0.1500,1.0000,8,8,8,0,0,8,8,0.0000
4,160.0000,31,26,926.9640,-88.2219,-1.2662,3,0.0750,1.0000,2,6,6,0,0,6,6,0.0000
4,160.0000,31,28,489.2715,-83.9028,0.2619,11,0.2750,1.0000,6,10,8,0,0,10,8,0.2000
4,160.0000,31,30,603.1884,-85.2216,1.8249,8,0.2000,0.8571,7,6,5,0,0,6,5,0.1667
4,160.0000,31,32,295.9591,-75.4140,-0.9422,23,0.5750,0.4000,5,7,6,0,0,7,6,0.1429
4,160.0000,31,33,725.0191,-85.1263,-1.1552,6,0.1500,0.8571,7,8,8,0,0,8,8,0.0000
4,160.0000,31,36,804.2556,-86.5974,-0.6440,3,0.0750,0.8750,8,8,8,0,0,8,8,0.0000
4,160.0000,31,37,566.7059,-86.4731,0.2508,6,0.1500,0.8571,7,8,8,0,0,8,8,0.0000
4,160.0000,31,38,307.5504,-77.6273,-0.7335,24,0.6000,0.5714,7,7,6,0,0,7,6,0.1429
4,160.0000,31,39,630.6674,-86.7966,1.3960,6,0.1500,1.0000,8,8,8,0,0,8,8,0.0000
4,160.0000,31,40,353.1247,-79.2868,-0.1437,14,0.3500,1.0000,8,4,2,0,0,4,2,0.5000
4,160.0000,31,41,630.1105,-82.9915,-0.4724,7,0.1750,0.8571,7,6,4,0,0,6,4,0.3333
4,160.0000,31,43,705.7841,-87.3568,1.2342,7,0.1750,1.0000,8,8,8,0,0,8,8,0.0000
4,160.0000,31,44,283.9809,-79.3511,0.5392,19,0.4750,0.6667,6,6,2,0,0,6,2,0.6667
4,160.0000,31,45,632.4793,-85.1038,-3.3318,6,0.1500,0.8750,8,8,8,0,0,8,8,0.0000
4,160.0000,31,46,921.1557,-88.3153,0.2646,6,0.1500,,0,6,6,0,0,6,6,0.0000
4,160.0000,31,47,233.1332,-76.6368,-0.1552,21,0.5250,0.3333,6,8,8,0,0,8,8,0.0000
4,160.0000,32,1,425.7402,-82.8753,0.2853,21,0.5250,0.8750,8,7,5,0,0,7,5,0.2857
4,160.0000,32,3,521.7836,-84.3949,0.6499,12,0.3000,0.2000,5,8,8,0,0,8,8,0.0000
4,160.0000,32,6,817.9860,-87.3443,0.2325,11,0.2750,1.0000,4,6,6,0,0,6,6,0.0000
4,160.0000,32,7,191.7729,-76.2987,1.3693,27,0.6750,0.0000,4,4,0,0,0,4,0,1.0000
4,160.0000,32,8,560.0534,-84.2574,-1.1953,16,0.4000,0.5714,7,7,4,0,0,7,4,0.4286
4,160.0000,32,9,362.8188,-79.7926,-0.0427,19,0.4750,0.5000,6,7,4,0,0,7,4,0.4286
4,160.0000,32,10,329.8528,-81.6050,0.1220,23,0.5750,0.8750,8,7,5,0,0,7,5,0.2857
4,160.0000,32,12,1077.1368,-88.1411,-0.0322,5,0.1250,,0,6,6,0,0,6,6,0.0000
4,160.0000,32,13,295.9135,-77.9672,-0.2271,22,0.5500,0.7500,8,7,5,0,0,7,5,0.2857
4,160.0000,32,16,172.8679,-77.8163,1.9262,25,0.6250,0.7143,7,4,0,0,0,4,0,1.0000
4,160.0000,32,18,438.4227,-82.3003,-0.1291,22,0.5500,0.8889,9,6,4,0,0,6,4,0.3333
4,160.0000,32,19,462.3084,-82.8848,0.4236,18,0.4500,1.0000,8,7,6,0,0,7,6,0.1429
4,160.0000,32,20,743.4168,-85.1057,-0.1270,12,0.3000,1.0000,8,6,6,0,0,6,6,0.0000
4,160.0000,32,21,479.8133,-82.5077,0.4485,20,0.5000,0.8750,8,7,6,0,0,7,6,0.1429
4,160.0000,32,22,446.5004,-81.5042,-0.4821,21,0.5250,0.8571,7,5,2,0,0,5,2,0.6000
4,160.0000,32,23,414.5415,-83.0026,1.0908,16,0.4000,0.8571,7,7,6,0,0,7,6,0.1429
4,160.0000,32,24,817.6439,-86.2486,-0.6955,8,0.2000,1.0000,6,4,4,0,0,4,4,0.0000
4,160.0000,32,25,484.4599,-83.1793,0.7128,15,0.3750,0.6667,6,7,6,0,0,7,6,0.1429
4,160.0000,32,26,768.6113,-87.1368,0.2667,12,0.3000,1.0000,4,2,2,0,0,2,2,0.0000
4,160.0000,32,27,653.9660,-86.5062,-0.1886,13,0.3250,1.0000,8,5,3,0,0,5,3,0.4000
4,160.0000,32,28,764.5685,-86.7872,0.5790,9,0.2250,1.0000,8,8,8,0,0,8,8,0.0000
4,160.0000,32,29,867.8330,-87.3677,0.9086,7,0.1750,,0,4,4,0,0,4,4,0.0000
4,160.0000,32,30,858.5198,-86.9242,-0.3870,9,0.2250,0.8571,7,2,2,0,0,2,2,0.0000
4,160.0000,32,31,295.9591,-75.7986,-1.5753,30,0.7500,0.6250,8,7,5,0,0,7,5,0.2857
4,160.0000,32,33,762.8228,-87.5597,-0.3071,11,0.2750,0.8571,7,6,5,0,0,6,5,0.1667
4,160.0000,32,36,547.4682,-84.7798,-0.1937,18,0.4500,1.0000,8,8,7,0,0,8,7,0.1250
4,160.0000,32,37,447.3702,-83.1056,0.6467,15,0.3750,0.5714,7,5,2,0,0,5,2,0.6000
4,160.0000,32,38,334.2054,-76.8356,-2.1031,26,0.6500,0.6667,6,7,6,0,0,7,6,0.1429
4,160.0000,32,39,577.4908,-84.8466,0.4439,12,0.3000,0.6667,6,8,7,0,0,8,7,0.1250
4,160.0000,32,40,297.6204,-78.7582,-1.5731,33,0.8250,0.5000,6,7,3,0,0,7,3,0.5714
4,160.0000,32,41,369.0490,-82.1627,1.0209,16,0.4000,0.5000,6,6,3,0,0,6,3,0.5000
4,160.0000,32,43,416.4265,-84.0714,0.0522,18,0.4500,0.6667,6,3,1,0,0,3,1,0.6667
4,160.0000,32,44,550.6237,-85.2917,0.0157,14,0.3500,0.8571,7,8,8,0,0,8,8,0.0000
4,160.0000,32,45,445.5127,-83.4171,-0.1209,19,0.4750,0.8571,7,7,5,0,0,7,5,0.2857
4,160.0000,32,47,145.1697,-68.0157,-0.2090,36,0.9000,0.0000,4,7,5,0,0,7,5,0.2857
4,160.0000,33,2,938.5294,-88.6888,0.1724,6,0.1500,,0,4,4,0,0,4,4,0.0000
4,160.0000,33,3,436.6728,-83.7719,1.0353,11,0.2750,0.8750,8,6,4,0,0,6,4,0.3333
4,160.0000,33,4,966.5433,-88.0822,0.2059,7,0.1750,1.0000,4,2,2,0,0,2,2,0.0000
4,160.0000,33,6,287.9244,-78.8477,-0.1769,25,0.6250,0.6667,6,7,4,0,0,7,4,0.4286
4,160.0000,33,7,796.2874,-87.8314,-0.5546,5,0.1250,1.0000,6,4,4,0,0,4,4,0.0000
4,160.0000,33,8,670.4464,-84.5533,-1.0791,8,0.2000,0.8750,8,8,8,0,0,8,8,0.0000
4,160.0000,33,9,562.4022,-85.6300,-0.3499,8,0.2000,1.0000,8,8,8,0,0,8,8,0.0000
4,160.0000,33,11,675.5698,-86.4640,0.1255,14,0.3500,0.7143,7,8,8,0,0,8,8,0.0000
4,160.0000,33,13,546.5439,-82.3747,-0.3271,13,0.3250,1.0000,8,8,8,0,0,8,8,0.0000
4,160.0000,33,14,609.8824,-83.3918,-0.3822,13,0.3250,1.0000,8,8,8,0,0,8,8,0.0000
4,160.0000,33,15,797.9806,-86.1827,0.7104,7,0.1750,1.0000,4,8,8,0,0,8,8,0.0000
4,160.0000,33,16,912.1556,-88.3348,0.4126,3,0.0750,1.0000,6,8,8,0,0,8,8,0.0000
4,160.0000,33,17,615.9457,-84.3683,-0.6355,17,0.4250,0.8571,7,9,8,0,0,9,8,0.1111
4,160.0000,33,19,788.0436,-85.8660,-1.3498,5,0.1250,1.0000,8,7,6,0,0,7,6,0.1429
4,160.0000,33,20,289.3752,-79.0000,0.1166,26,0.6500,0.6667,6,6,4,0,0,6,4,0.3333
4,160.0000,33,21,1134.5657,-88.4360,-0.1631,3,0.0750,1.0000,2,2,2,0,0,2,2,0.0000
4,160.0000,33,22,557.5597,-83.8416,0.4697,10,0.2500,0.6000,5,9,8,0,0,9,8,0.1111
4,160.0000,33,23,639.6307,-86.1909,0.7255,7,0.1750,1.0000,8,8,8,0,0,8,8,0.0000
4,160.0000,33,24,343.7424,-79.9105,0.0445,20,0.5000,0.7500,8,6,4,0,0,6,4,0.3333
4,160.0000,33,25,851.9680,-87.1746,0.7899,6,0.1500,1.0000,6,8,8,0,0,8,8,0.0000
4,160.0000,33,28,698.5080,-85.6977,-0.7602,12,0.3000,1.0000,8,8,8,0,0,8,8,0.0000
4,160.0000,33,30,671.0309,-85.7090,0.8238,8,0.2000,1.0000,8,7,6,0,0,7,6,0.1429
4,160.0000,33,31,725.0191,-86.7709,-0.3337,7,0.1750,0.8750,8,10,9,0,0,10,9,0.1000
4,160.0000,33,32,762.8228,-86.9249,-0.1603,8,0.2000,1.0000,6,8,8,0,0,8,8,0.0000
4,160.0000,33,35,716.1437,-87.5861,0.0977,12,0.3000,1.0000,4,8,7,0,0,8,7,0.1250
4,160.0000,33,37,458.0225,-83.0910,-0.1872,9,0.2250,0.6667,6,8,7,0,0,8,7,0.1250
4,160.0000,33,38,450.5539,-84.2360,-0.7257,10,0.2500,0.8750,8,7,5,0,0,7,5,0.2857
4,160.0000,33,39,291.5738,-78.4820,0.8913,26,0.6500,0.4000,5,6,4,0,0,6,4,0.3333
4,160.0000,33,40,951.3213,-88.3821,-0.5253,7,0.1750,0.8571,7,6,6,0,0,6,6,0.0000
4,160.0000,33,41,731.9894,-87.3160,0.4699,8,0.2000,1.0000,8,10,9,0,0,10,9,0.1000
4,160.0000,33,42,425.3487,-82.4227,0.5629,25,0.6250,0.5000,6,8,8,0,0,8,8,0.0000
4,160.0000,33,44,639.2585,-84.3325,-0.1298,12,0.3000,0.8750,8,8,8,0,0,8,8,0.0000
4,160.0000,33,46,570.4061,-84.7414,0.0086,16,0.4000,0.8889,9,7,6,0,0,7,6,0.1429
4,160.0000,33,47,650.1281,-87.1509,0.5467,7,0.1750,1.0000,8,8,8,0,0,8,8,0.0000
4,160.0000,34,0,258.4522,-78.8921,-0.0278,33,0.8462,0.2857,7,3,0,0,0,3,0,1.0000
4,160.0000,34,5,238.3353,-76.9000,0.2387,30,0.7692,0.0000,4,4,0,0,0,4,0,1.0000
4,160.0000,34,12,375.7776,-80.8372,-0.2189,26,0.6667,0.4000,5,6,2,0,0,6,2,0.6667
4,160.0000,34,26,691.8721,-84.7240,-0.6781,9,0.2308,1.0000,8,8,8,0,0,8,8,0.0000
4,160.0000,34,27,719.7191,-86.8503,1.7495,3,0.0769,1.0000,8,8,7,0,0,8,7,0.1250
4,160.0000,34,29,455.4621,-81.1982,-0.1969,21,0.5385,0.5714,7,6,4,0,0,6,4,0.3333
4,160.0000,35,2,811.1236,-87.5057,0.4564,3,0.0750,1.0000,8,2,2,0,0,2,2,0.0000
4,160.0000,35,11,484.3537,-84.6190,0.4491,8,0.2000,0.8571,7,7,4,0,0,7,4,0.4286
4,160.0000,35,14,726.9681,-86.0720,-0.5508,3,0.0750,1.0000,8,8,8,0,0,8,8,0.0000
4,160.0000,35,15,499.7591,-82.6970,0.9110,13,0.3250,0.8571,7,7,4,0,0,7,4,0.4286
4,160.0000,35,17,639.5668,-85.3601,1.6290,8,0.2000,0.8571,7,7,6,0,0,7,6,0.1429
4,160.0000,35,20,898.3083,-88.1412,-0.2109,3,0.0750,0.8571,7,8,8,0,0,8,8,0.0000
4,160.0000,35,39,932.2179,-86.5546,-0.9657,3,0.0750,1.0000,6,8,8,0,0,8,8,0.0000
4,160.0000,35,42,456.2015,-83.2188,1.2874,14,0.3500,1.0000,8,5,2,0,0,5,2,0.6000
4,160.0000,35,46,526.6573,-83.7040,-0.6530,9,0.2250,0.8571,7,8,7,0,0,8,7,0.1250
4,160.0000,36,0,676.2393,-85.1496,-0.6686,12,0.3000,0.5000,4,5,4,0,0,5,4,0.2000
4,160.0000,36,1,126.7487,-71.0500,-0.2923,31,0.7750,0.2000,5,5,1,0,0,5,1,0.8000
4,160.0000,36,3,883.4329,-88.5843,1.4503,4,0.1000,1.0000,6,8,8,0,0,8,8,0.0000
4,160.0000,36,5,464.4433,-84.4394,0.2509,23,0.5750,1.0000,8,7,5,0,0,7,5,0.2857
4,160.0000,36,7,601.1729,-85.1396,-3.5583,5,0.1250,1.0000,8,10,10,0,0,10,10,0.0000
4,160.0000,36,8,1072.1501,-87.7743,-0.3292,4,0.1000,1.0000,8,6,6,0,0,6,6,0.0000
4,160.0000,36,9,899.5135,-89.3716,-0.2220,3,0.0750,1.0000,8,8,8,0,0,8,8,0.0000
4,160.0000,36,10,561.9828,-83.0112,-1.9532,13,0.3250,0.6667,6,8,8,0,0,8,8,0.0000
4,160.0000,36,12,570.4023,-85.3074,-0.2165,16,0.4000,0.8750,8,7,5,0,0,7,5,0.2857
4,160.0000,36,13,833.1526,-87.1289,-3.8419,5,0.1250,1.0000,6,6,6,0,0,6,6,0.0000
4,160.0000,36,16,508.1664,-82.0969,-1.6899,11,0.2750,0.6667,6,8,8,0,0,8,8,0.0000
4,160.0000,36,18,746.8754,-86.9655,0.0917,7,0.1750,0.5000,4,8,8,0,0,8,8,0.0000
4,160.0000,36,19,582.8541,-84.7284,-0.4374,10,0.2500,1.0000,8,8,7,0,0,8,7,0.1250
4,160.0000,36,21,618.3146,-86.2266,-0.6227,7,0.1750,1.0000,6,8,8,0,0,8,8,0.0000
4,160.0000,36,22,810.6066,-87.1879,-1.6589,6,0.1500,1.0000,8,8,8,0,0,8,8,0.0000
4,160.0000,36,23,718.6393,-86.5453,1.2140,5,0.1250,0.8750,8,8,8,0,0,8,8,0.0000
4,160.0000,36,25,534.7069,-83.8071,0.7552,8,0.2000,0.8571,7,8,7,0,0,8,7,0.1250
4,160.0000,36,26,414.9497,-81.2201,0.1076,26,0.6500,0.5000,6,7,6,0,0,7,6,0.1429
4,160.0000,36,27,381.9900,-80.7313,0.7409,18,0.4500,0.8750,8,5,3,0,0,5,3,0.4000
4,160.0000,36,29,417.0030,-82.3017,0.5772,20,0.5000,0.7143,7,8,4,0,0,8,4,0.5000
4,160.0000,36,31,804.2556,-87.3800,-1.1456,5,0.1250,1.0000,8,8,8,0,0,8,8,0.0000
4,160.0000,36,32,547.4682,-83.1402,-0.1879,7,0.1750,1.0000,8,8,8,0,0,8,8,0.0000
4,160.0000,36,34,626.5076,-85.8012,0.7710,15,0.3750,0.7143,7,7,5,0,0,7,5,0.2857
4,160.0000,36,37,841.2521,-87.3472,-1.0216,4,0.1000,0.6667,3,8,8,0,0,8,8,0.0000
4,160.0000,36,38,863.1181,-88.5842,0.8409,4,0.1000,1.0000,8,8,8,0,0,8,8,0.0000
4,160.0000,36,40,597.2508,-84.3888,0.4177,8,0.2000,1.0000,8,8,8,0,0,8,8,0.0000
4,160.0000,36,41,571.2872,-84.8584,-1.2490,7,0.1750,0.8750,8,8,7,0,0,8,7,0.1250
4,160.0000,36,43,378.8380,-79.7626,-1.2340,16,0.4000,0.8750,8,8,8,0,0,8,8,0.0000
4,160.0000,36,45,373.5931,-82.0225,-0.3462,18,0.4500,0.8000,10,7,5,0,0,7,5,0.2857
4,160.0000,36,47,676.3202,-85.8827,0.5552,6,0.1500,1.0000,8,8,8,0,0,8,8,0.0000
4,160.0000,37,1,721.0252,-86.1963,-0.4819,7,0.1750,1.0000,6,6,6,0,0,6,6,0.0000
4,160.0000,37,3,168.7766,-73.1410,-0.2513,36,0.9000,0.0000,4,4,0,0,0,4,0,1.0000
4,160.0000,37,6,411.5067,-80.8387,-0.0556,23,0.5750,0.8333,6,9,7,0,0,9,7,0.2222
4,160.0000,37,7,466.3977,-83.7351,0.5771,8,0.2000,1.0000,8,8,8,0,0,8,8,0.0000
4,160.0000,37,8,724.2521,-86.8436,-0.5847,8,0.2000,0.8750,8,6,5,0,0,6,5,0.1667
4,160.0000,37,9,508.2465,-85.6403,-1.2006,7,0.1750,1.0000,8,8,8,0,0,8,8,0.0000
4,160.0000,37,10,767.5983,-88.3531,0.3155,3,0.0750,1.0000,8,8,8,0,0,8,8,0.0000
4,160.0000,37,11,1047.7012,-88.9463,0.6762,3,0.0750,1.0000,4,6,6,0,0,6,6,0.0000
4,160.0000,37,13,372.3725,-82.2073,-0.8870,13,0.3250,0.8750,8,8,7,0,0,8,7,0.1250
4,160.0000,37,14,868.1891,-87.2658,0.2306,8,0.2000,1.0000,8,2,2,0,0,2,2,0.0000
4,160.0000,37,16,618.1617,-87.1666,-1.2944,3,0.0750,0.8571,7,8,8,0,0,8,8,0.0000
4,160.0000,37,17,1027.3771,-88.3572,2.1328,3,0.0750,,0,4,4,0,0,4,4,0.0000
4,160.0000,37,19,354.1740,-78.9276,-0.1789,17,0.4250,0.5000,6,6,4,0,0,6,4,0.3333
4,160.0000,37,20,352.4039,-79.5229,-0.5762,31,0.7750,0.5000,6,8,6,0,0,8,6,0.2500
4,160.0000,37,22,401.7093,-81.7986,-0.4801,15,0.3750,0.9000,10,5,4,0,0,5,4,0.2000
4,160.0000,37,23,405.5606,-81.2157,-0.7927,14,0.3500,0.6667,6,10,9,0,0,10,9,0.1000
4,160.0000,37,24,627.0512,-86.1290,-0.1819,7,0.1750,0.8000,5,6,5,0,0,6,5,0.1667
4,160.0000,37,25,432.1094,-80.5648,-0.6017,17,0.4250,0.5000,6,8,7,0,0,8,7,0.1250
4,160.0000,37,27,760.2903,-85.2123,0.0727,6,0.1500,1.0000,8,4,4,0,0,4,4,0.0000
4,160.0000,37,28,827.2569,-88.5191,0.4443,4,0.1000,1.0000,8,6,6,0,0,6,6,0.0000
4,160.0000,37,31,566.7059,-85.1344,0.1237,7,0.1750,1.0000,8,7,6,0,0,7,6,0.1429
4,160.0000,37,32,447.3702,-82.6358,0.0845,11,0.2750,0.8571,7,6,4,0,0,6,4,0.3333
4,160.0000,37,33,458.0225,-82.8853,-0.0794,17,0.4250,0.8750,8,6,3,0,0,6,3,0.5000
4,160.0000,37,36,841.2521,-87.7260,-1.8915,3,0.0750,0.8571,7,8,8,0,0,8,8,0.0000
4,160.0000,37,38,291.8780,-79.1477,0.2091,21,0.5250,1.0000,8,6,4,0,0,6,4,0.3333
4,160.0000,37,39,176.9110,-76.2405,1.4445,31,0.7750,0.5000,6,4,0,0,0,4,0,1.0000
4,160.0000,37,40,723.8007,-86.4493,-1.6681,6,0.1500,0.8750,8,8,6,0,0,8,6,0.2500
4,160.0000,37,41,348.2067,-80.6113,0.3628,16,0.4000,0.7143,7,6,4,0,0,6,4,0.3333
4,160.0000,37,42,841.6049,-87.6288,-0.2817,8,0.2000,1.0000,4,5,4,0,0,5,4,0.2000
4,160.0000,37,43,589.4489,-85.1136,0.1181,11,0.2750,0.8750,8,8,8,0,0,8,8,0.0000
4,160.0000,37,44,676.7438,-86.3400,1.5343,7,0.1750,1.0000,8,8,8,0,0,8,8,0.0000
4,160.0000,37,45,848.2558,-86.6315,-0.0765,4,0.1000,1.0000,8,8,8,0,0,8,8,0.0000
4,160.0000,37,47,366.2457,-81.2952,-0.1726,13,0.3250,0.7143,7,8,7,0,0,8,7,0.1250
4,160.0000,38,1,737.3354,-86.4845,-0.1340,13,0.3250,0.7143,7,2,2,0,0,2,2,0.0000
4,160.0000,38,3,381.9011,-81.7559,0.1825,22,0.5500,0.8571,7,7,6,0,0,7,6,0.1429
4,160.0000,38,6,530.6793,-84.1510,-1.1292,17,0.4250,0.7143,7,8,8,0,0,8,8,0.0000
4,160.0000,38,7,356.0007,-80.8218,1.0042,22,0.5500,0.7143,7,7,6,0,0,7,6,0.1429
4,160.0000,38,8,443.0028,-81.6009,0.7410,19,0.4750,1.0000,8,8,7,0,0,8,7,0.1250
4,160.0000,38,9,233.4820,-78.4172,0.7156,31,0.7750,0.4000,5,5,1,0,0,5,1,0.8000
4,160.0000,38,10,594.9842,-85.4557,0.7824,15,0.3750,0.8333,6,8,8,0,0,8,8,0.0000
4,160.0000,38,11,917.1315,-88.4644,0.5320,6,0.1500,1.0000,6,4,4,0,0,4,4,0.0000
4,160.0000,38,13,111.0114,-67.6175,-0.2358,38,0.9500,0.0000,4,4,0,0,0,4,0,1.0000
4,160.0000,38,14,683.6871,-85.8521,-0.0889,10,0.2500,0.6667,6,2,2,0,0,2,2,0.0000
4,160.0000,38,16,472.9454,-83.4955,0.0141,17,0.4250,0.7143,7,6,4,0,0,6,4,0.3333
4,160.0000,38,17,872.7831,-88.2030,0.9188,4,0.1000,1.0000,4,4,4,0,0,4,4,0.0000
4,160.0000,38,18,597.6394,-85.2601,0.0132,16,0.4000,1.0000,6,7,6,0,0,7,6,0.1429
4,160.0000,38,19,552.7060,-83.0807,-0.8211,18,0.4500,0.7500,8,8,8,0,0,8,8,0.0000
4,160.0000,38,20,512.4763,-83.4917,-1.5386,16,0.4000,0.8571,7,8,5,0,0,8,5,0.3750
4,160.0000,38,21,738.4670,-85.2854,-0.3278,12,0.3000,1.0000,8,2,2,0,0,2,2,0.0000
4,160.0000,38,22,411.2118,-81.1491,-0.6780,20,0.5000,0.6250,8,8,7,0,0,8,7,0.1250
4,160.0000,38,23,448.5426,-82.8521,-0.5067,17,0.4250,0.7143,7,8,7,0,0,8,7,0.1250
4,160.0000,38,24,491.2960,-84.5296,-0.0785,17,0.4250,0.7500,4,7,5,0,0,7,5,0.2857
4,160.0000,38,25,611.6988,-85.1826,-0.4223,15,0.3750,1.0000,8,8,8,0,0,8,8,0.0000
4,160.0000,38,28,559.6952,-85.1606,0.7191,16,0.4000,1.0000,4,8,8,0,0,8,8,0.0000
4,160.0000,38,29,1124.7856,-88.6567,-0.6202,3,0.0750,,0,4,4,0,0,4,4,0.0000
4,160.0000,38,30,628.7193,-86.5127,0.9858,8,0.2000,1.0000,6,5,4,0,0,5,4,0.2000
4,160.0000,38,31,307.5504,-78.4849,-0.5922,29,0.7250,0.3333,6,6,3,0,0,6,3,0.5000
4,160.0000,38,32,334.2054,-76.7563,-1.0692,26,0.6500,0.5714,7,7,5,0,0,7,5,0.2857
4,160.0000,38,33,450.5539,-82.3496,0.5993,20,0.5000,0.6667,6,7,6,0,0,7,6,0.1429
4,160.0000,38,36,863.1181,-87.1465,-0.3466,9,0.2250,1.0000,8,6,6,0,0,6,6,0.0000
4,160.0000,38,37,291.8780,-80.6839,1.4285,24,0.6000,0.8571,7,5,1,0,0,5,1,0.8000
4,160.0000,38,39,324.3871,-80.3326,0.8436,29,0.7250,0.8571,7,8,6,0,0,8,6,0.2500
4,160.0000,38,40,544.0816,-83.7875,-0.7028,19,0.4750,0.8571,7,8,7,0,0,8,7,0.1250
4,160.0000,38,41,476.4916,-83.2826,0.1170,15,0.3750,1.0000,8,7,6,0,0,7,6,0.1429
4,160.0000,38,42,875.4441,-87.1665,-0.2888,9,0.2250,1.0000,2,8,8,0,0,8,8,0.0000
4,160.0000,38,43,652.8149,-85.8849,-0.5448,10,0.2500,0.8571,7,4,2,0,0,4,2,0.5000
4,160.0000,38,44,387.7074,-81.4690,0.5257,23,0.5750,0.8571,7,7,4,0,0,7,4,0.4286
4,160.0000,38,45,761.7181,-86.6260,-0.0062,12,0.3000,0.7143,7,4,3,0,0,4,3,0.2500
4,160.0000,38,46,793.8211,-87.8509,-0.2288,9,0.2250,,0,4,4,0,0,4,4,0.0000
4,160.0000,38,47,205.1305,-75.7470,-0.3915,34,0.8500,0.5000,6,6,2,0,0,6,2,0.6667
4,160.0000,39,3,204.8722,-77.3589,0.7044,28,0.6829,0.7143,7,6,3,0,0,6,3,0.5000
4,160.0000,39,6,260.1556,-75.3710,-1.3819,39,0.9512,0.0000,4,6,3,0,0,6,3,0.5000
4,160.0000,39,7,597.3491,-86.1117,1.1580,10,0.2439,0.8750,8,6,4,0,0,6,4,0.3333
4,160.0000,39,8,713.8487,-86.4990,0.8460,8,0.1951,0.8750,8,8,7,0,0,8,7,0.1250
4,160.0000,39,9,526.7312,-84.3018,0.1338,10,0.2439,1.0000,8,8,8,0,0,8,8,0.0000
4,160.0000,39,10,887.1892,-88.9251,-0.4653,5,0.1220,1.0000,4,8,8,0,0,8,8,0.0000
4,160.0000,39,11,904.5540,-88.4345,0.1885,8,0.1951,1.0000,8,8,8,0,0,8,8,0.0000
4,160.0000,39,13,424.5108,-82.0304,0.3829,12,0.2927,0.8571,7,8,7,0,0,8,7,0.1250
4,160.0000,39,14,764.7109,-87.3331,0.1862,11,0.2683,1.0000,8,2,2,0,0,2,2,0.0000
4,160.0000,39,15,1027.0373,-87.8285,-0.0040,3,0.0732,,0,4,4,0,0,4,4,0.0000
4,160.0000,39,16,744.7408,-87.7219,0.9162,6,0.1463,1.0000,8,8,7,0,0,8,7,0.1250
4,160.0000,39,17,884.1859,-88.1389,-0.3270,7,0.1707,1.0000,2,8,8,0,0,8,8,0.0000
4,160.0000,39,19,515.0459,-84.4524,0.0893,12,0.2927,0.8571,7,8,8,0,0,8,8,0.0000
4,160.0000,39,20,224.9299,-74.4044,-1.2922,38,0.9268,0.0000,4,6,3,0,0,6,3,0.5000
4,160.0000,39,22,444.1834,-84.1468,0.4235,13,0.3171,1.0000,8,8,8,0,0,8,8,0.0000
4,160.0000,39,23,484.8762,-84.4521,0.3753,15,0.3659,1.0000,8,8,7,0,0,8,7,0.1250
4,160.0000,39,24,503.3189,-84.3121,-0.1634,14,0.3415,0.6667,6,8,8,0,0,8,8,0.0000
4,160.0000,39,25,588.6896,-85.4725,0.1575,10,0.2439,1.0000,8,8,8,0,0,8,8,0.0000
4,160.0000,39,27,916.5751,-87.8160,-0.7283,4,0.0976,0.8000,5,2,2,0,0,2,2,0.0000
4,160.0000,39,28,782.0990,-86.7354,-0.4456,8,0.1951,1.0000,6,8,8,0,0,8,8,0.0000
4,160.0000,39,31,630.6674,-86.5124,-0.6800,8,0.1951,1.0000,8,8,7,0,0,8,7,0.1250
4,160.0000,39,32,577.4908,-84.5017,-0.4359,10,0.2439,1.0000,8,7,6,0,0,7,6,0.1429
4,160.0000,39,33,291.5738,-78.2205,-0.4183,30,0.7317,0.3333,6,8,7,0,0,8,7,0.1250
4,160.0000,39,35,932.2179,-87.3402,-0.2430,9,0.2195,1.0000,8,2,2,0,0,2,2,0.0000
4,160.0000,39,37,176.9110,-76.7006,1.0760,32,0.7805,0.6667,6,6,4,0,0,6,4,0.3333
4,160.0000,39,38,324.3871,-80.3622,1.5922,17,0.4146,0.7143,7,8,7,0,0,8,7,0.1250
4,160.0000,39,40,827.8536,-88.3503,0.8989,4,0.0976,1.0000,8,8,8,0,0,8,8,0.0000
4,160.0000,39,41,494.3835,-85.1641,1.2486,9,0.2195,1.0000,8,8,8,0,0,8,8,0.0000
4,160.0000,39,42,666.2048,-84.8879,0.8267,15,0.3659,0.8571,7,6,6,0,0,6,6,0.0000
4,160.0000,39,43,738.8879,-87.5918,-0.2511,7,0.1707,1.0000,8,2,2,0,0,2,2,0.0000
4,160.0000,39,44,664.9492,-86.0915,-0.0264,11,0.2683,1.0000,8,8,7,0,0,8,7,0.1250
4,160.0000,39,46,794.0085,-87.1573,-0.8586,10,0.2439,0.6667,3,4,4,0,0,4,4,0.0000
4,160.0000,39,47,475.1219,-84.9499,0.9894,8,0.1951,1.0000,8,7,6,0,0,7,6,0.1429
4,160.0000,40,1,513.5228,-82.5018,-0.4695,15,0.3750,0.7143,7,8,8,0,0,8,8,0.0000
4,160.0000,40,5,994.5019,-87.9678,0.4801,5,0.1250,1.0000,6,8,8,0,0,8,8,0.0000
4,160.0000,40,7,417.3103,-81.8157,0.0630,19,0.4750,1.0000,8,7,6,0,0,7,6,0.1429
4,160.0000,40,8,519.8827,-84.0403,-0.3442,16,0.4000,0.5714,7,8,7,0,0,8,7,0.1250
4,160.0000,40,9,427.1465,-82.1563,-1.6604,15,0.3750,0.7143,7,8,7,0,0,8,7,0.1250
4,160.0000,40,10,204.2325,-77.0161,1.1240,32,0.8000,0.2000,5,6,2,0,0,6,2,0.6667
4,160.0000,40,12,1007.3965,-89.1973,-0.0034,5,0.1250,,0,6,6,0,0,6,6,0.0000
4,160.0000,40,13,488.0129,-83.8658,-1.6537,14,0.3500,0.8750,8,8,8,0,0,8,8,0.0000
4,160.0000,40,16,184.7454,-75.2526,0.7012,37,0.9250,0.3396,53,5,1,0,0,5,1,0.8000
4,160.0000,40,18,381.4424,-82.5611,0.3315,21,0.5250,0.6667,6,6,3,0,0,6,3,0.5000
4,160.0000,40,19,720.4849,-86.6606,0.5148,11,0.2750,1.0000,8,8,8,0,0,8,8,0.0000
4,160.0000,40,21,195.4990,-75.4395,0.0662,35,0.8750,0.5000,6,6,2,0,0,6,2,0.6667
4,160.0000,40,22,588.3261,-84.1052,-0.2839,15,0.3750,0.8750,8,8,7,0,0,8,7,0.1250
4,160.0000,40,23,567.9462,-85.8005,-0.6775,12,0.3000,1.0000,8,7,5,0,0,7,5,0.2857
4,160.0000,40,24,971.5049,-87.0096,0.0292,5,0.1250,1.0000,6,6,6,0,0,6,6,0.0000
4,160.0000,40,25,717.2888,-87.0009,-0.8664,11,0.2750,1.0000,8,8,8,0,0,8,8,0.0000
4,160.0000,40,26,657.2821,-86.7712,-0.1321,11,0.2750,1.0000,6,7,6,0,0,7,6,0.1429
4,160.0000,40,27,781.2719,-86.7666,0.0614,10,0.2500,0.9868,76,8,8,144,144,152,152,0.0000
4,160.0000,40,28,792.6470,-87.3650,0.5536,7,0.1750,0.8000,5,7,6,0,0,7,6,0.1429
4,160.0000,40,29,983.9264,-89.5190,-0.0005,4,0.1000,,0,4,4,0,0,4,4,0.0000
4,160.0000,40,30,875.5991,-87.9955,-0.4893,7,0.1750,1.0000,8,4,4,0,0,4,4,0.0000
4,160.0000,40,31,353.1247,-80.3378,-0.9579,17,0.4250,0.5714,7,7,6,0,0,7,6,0.1429
4,160.0000,40,32,297.6204,-78.1780,-0.7959,27,0.6750,0.6667,6,8,7,0,0,8,7,0.1250
4,160.0000,40,33,951.3213,-87.6608,0.2206,10,0.2500,1.0000,8,8,8,2,2,10,10,0.0000
4,160.0000,40,36,597.2508,-84.4022,-0.9098,18,0.4500,0.5000,6,8,8,0,0,8,8,0.0000
4,160.0000,40,37,723.8007,-87.0774,-0.1278,10,0.2500,0.8750,8,8,7,0,0,8,7,0.1250
4,160.0000,40,38,544.0816,-84.6963,0.2330,12,0.3000,1.0000,8,7,6,0,0,7,6,0.1429
4,160.0000,40,39,827.8536,-86.8830,-0.1129,9,0.2250,1.0000,8,8,8,0,0,8,8,0.0000
4,160.0000,40,41,596.7762,-85.2009,0.0207,15,0.3750,1.0000,8,8,8,0,0,8,8,0.0000
4,160.0000,40,43,540.3600,-83.8021,-0.8592,16,0.4000,0.8125,16,3,1,0,0,3,1,0.6667
4,160.0000,40,44,573.6942,-85.4454,0.4505,13,0.3250,0.8571,7,8,7,0,0,8,7,0.1250
4,160.0000,40,45,309.6460,-78.1115,-1.0961,34,0.8500,0.6667,6,8,7,0,0,8,7,0.1250
4,160.0000,40,47,394.6550,-81.4606,-0.7320,15,0.3750,0.8571,7,8,7,0,0,8,7,0.1250
4,160.0000,41,0,1067.6675,-89.1811,-0.0005,4,0.1000,,0,4,4,0,0,4,4,0.0000
4,160.0000,41,1,468.5597,-81.3869,1.0717,11,0.2750,0.7500,8,8,8,0,0,8,8,0.0000
4,160.0000,41,3,325.3554,-78.5561,-0.2495,21,0.5250,0.5714,7,6,3,0,0,6,3,0.5000
4,160.0000,41,7,483.2248,-84.8518,0.5621,5,0.1250,1.0000,8,8,8,0,0,8,8,0.0000
4,160.0000,41,8,811.1672,-87.4444,-0.3960,3,0.0750,0.8571,7,8,8,0,0,8,8,0.0000
4,160.0000,41,9,593.1230,-87.3210,0.5161,3,0.0750,1.0000,8,8,8,0,0,8,8,0.0000
4,160.0000,41,10,670.3355,-86.9130,-1.4532,4,0.1000,1.0000,8,8,8,0,0,8,8,0.0000
4,160.0000,41,13,523.1758,-83.5615,1.5036,7,0.1750,1.0000,8,8,7,0,0,8,7,0.1250
4,160.0000,41,16,511.4033,-84.6157,0.2849,5,0.1250,0.8571,7,8,7,0,0,8,7,0.1250
4,160.0000,41,19,172.4280,-72.7439,-0.4949,38,0.9500,0.2000,5,6,1,0,0,6,1,0.8333
4,160.0000,41,20,575.0327,-83.9002,0.3304,6,0.1500,0.7143,7,6,3,0,0,6,3,0.5000
4,160.0000,41,21,742.2025,-86.7972,-1.0474,5,0.1250,0.8750,8,5,3,0,0,5,3,0.4000
4,160.0000,41,22,319.8878,-78.6973,0.1163,15,0.3750,0.8571,7,8,6,0,0,8,6,0.2500
4,160.0000,41,23,232.3431,-76.8933,-0.4348,31,0.7750,0.3333,6,6,3,0,0,6,3,0.5000
4,160.0000,41,25,170.9419,-71.5834,-1.1696,36,0.9000,0.0000,4,4,0,0,0,4,0,1.0000
4,160.0000,41,26,927.7701,-87.9336,0.6992,3,0.0750,1.0000,4,2,2,0,0,2,2,0.0000
4,160.0000,41,27,434.2646,-80.9396,-0.6125,25,0.6250,0.6667,6,8,8,0,0,8,8,0.0000
4,160.0000,41,29,714.6468,-86.5659,0.5279,8,0.2000,0.8000,5,8,8,0,0,8,8,0.0000
4,160.0000,41,31,630.1105,-86.4250,-0.3470,5,0.1250,1.0000,8,8,8,0,0,8,8,0.0000
4,160.0000,41,32,369.0490,-82.6994,0.6995,9,0.2250,1.0000,8,7,6,0,0,7,6,0.1429
4,160.0000,41,33,731.9894,-87.6229,-0.0091,5,0.1250,1.0000,6,8,7,0,0,8,7,0.1250
4,160.0000,41,36,571.2872,-84.3321,0.0511,9,0.2250,1.0000,6,10,10,0,0,10,10,0.0000
4,160.0000,41,37,348.2067,-80.1851,0.4614,16,0.4000,0.8571,7,6,4,0,0,6,4,0.3333
4,160.0000,41,38,476.4916,-82.6342,0.8348,7,0.1750,0.8750,8,7,6,0,0,7,6,0.1429
4,160.0000,41,39,494.3835,-87.2189,0.0231,4,0.1000,0.8571,7,5,2,0,0,5,2,0.6000
4,160.0000,41,40,596.7762,-84.4611,-0.6807,9,0.2250,0.8571,7,8,7,0,0,8,7,0.1250
4,160.0000,41,43,251.7992,-78.0141,0.3408,20,0.5000,0.6667,6,7,3,0,0,7,3,0.5714
4,160.0000,41,45,599.8827,-83.6745,1.1911,6,0.1500,1.0000,8,8,8,0,0,8,8,0.0000
4,160.0000,41,47,412.8819,-83.3838,-0.9474,6,0.1500,0.8571,7,8,7,0,0,8,7,0.1250
4,160.0000,42,2,916.7242,-88.2041,-0.1997,3,0.0750,1.0000,6,6,6,0,0,6,6,0.0000
4,160.0000,42,4,982.6258,-87.9443,1.4222,3,0.0750,1.0000,6,8,8,0,0,8,8,0.0000
4,160.0000,42,6,515.9952,-83.5111,0.3323,7,0.1750,1.0000,8,8,8,0,0,8,8,0.0000
4,160.0000,42,11,657.3459,-83.9918,-1.1699,9,0.2250,1.0000,8,8,8,0,0,8,8,0.0000
4,160.0000,42,14,788.9222,-86.8746,-0.2872,7,0.1750,1.0000,8,4,4,0,0,4,4,0.0000
4,160.0000,42,15,740.6224,-87.1683,-0.4234,8,0.2000,0.8571,7,8,8,0,0,8,8,0.0000
4,160.0000,42,17,607.5395,-85.1406,0.6290,9,0.2250,1.0000,8,8,8,0,0,8,8,0.0000
4,160.0000,42,20,548.3091,-83.2042,-0.2364,4,0.1000,0.8750,8,7,6,0,0,7,6,0.1429
4,160.0000,42,33,425.3487,-82.2463,-0.7181,5,0.1250,0.8750,8,8,8,0,0,8,8,0.0000
4,160.0000,42,35,456.2015,-82.6223,0.5643,26,0.6500,0.8750,8,7,5,0,0,7,5,0.2857
4,160.0000,42,39,666.2048,-85.4380,-0.6117,5,0.1250,0.8571,7,8,8,0,0,8,8,0.0000
4,160.0000,42,46,617.4187,-84.9733,1.5269,4,0.1000,0.8571,7,8,7,0,0,8,7,0.1250
4,160.0000,43,0,855.0878,-86.9864,-0.2001,13,0.3250,1.0000,6,2,2,0,0,2,2,0.0000
4,160.0000,43,1,309.0658,-79.3156,-0.3137,24,0.6000,0.5714,7,6,4,0,0,6,4,0.3333
4,160.0000,43,3,572.5550,-84.2937,0.2544,8,0.2000,1.0000,8,8,8,0,0,8,8,0.0000
4,160.0000,43,5,791.7195,-86.9712,-0.4300,9,0.2250,0.8000,5,8,8,0,0,8,8,0.0000
4,160.0000,43,7,553.6731,-84.9615,0.0061,8,0.2000,1.0000,8,8,7,0,0,8,7,0.1250
4,160.0000,43,8,899.8240,-88.1077,-0.2460,5,0.1250,0.8571,7,2,2,0,0,2,2,0.0000
4,160.0000,43,9,705.2766,-86.3529,-0.1522,6,0.1500,1.0000,8,8,8,0,0,8,8,0.0000
4,160.0000,43,10,614.8736,-84.0443,-0.2110,11,0.2750,0.8571,7,8,8,0,0,8,8,0.0000
4,160.0000,43,12,872.5397,-87.0452,0.4038,7,0.1750,0.6667,3,6,6,0,0,6,6,0.0000
4,160.0000,43,13,669.1746,-87.5502,-0.1030,4,0.1000,0.8571,7,8,8,0,0,8,8,0.0000
4,160.0000,43,16,482.1893,-83.7062,0.2713,12,0.3000,0.5000,6,8,6,0,0,8,6,0.2500
4,160.0000,43,18,800.9147,-87.8820,0.0186,7,0.1750,1.0000,8,8,8,0,0,8,8,0.0000
4,160.0000,43,19,340.3814,-80.6066,0.3146,23,0.5750,0.8750,8,8,6,0,0,8,6,0.2500
4,160.0000,43,20,816.9373,-88.2257,0.3849,4,0.1000,1.0000,6,7,6,0,0,7,6,0.1429
4,160.0000,43,21,627.9258,-84.2992,0.7505,11,0.2750,0.8571,7,7,5,0,0,7,5,0.2857
4,160.0000,43,22,466.1497,-84.2754,1.4496,10,0.2500,0.8571,7,6,4,0,0,6,4,0.3333
4,160.0000,43,23,364.2654,-81.8884,0.4319,18,0.4500,1.0000,8,8,6,0,0,8,6,0.2500
4,160.0000,43,25,276.0362,-80.0526,0.4475,23,0.5750,0.4000,5,7,5,0,0,7,5,0.2857
4,160.0000,43,26,727.8307,-86.1314,-0.3150,13,0.3250,1.0000,6,6,6,0,0,6,6,0.0000
4,160.0000,43,27,267.8359,-76.7613,-0.4985,30,0.7500,0.3750,8,6,3,0,0,6,3,0.5000
4,160.0000,43,29,558.0896,-84.6381,-0.0131,19,0.4750,0.7143,7,8,8,0,0,8,8,0.0000
4,160.0000,43,31,705.7841,-88.0677,-0.3134,5,0.1250,0.8750,8,8,8,0,0,8,8,0.0000
4,160.0000,43,32,416.4265,-82.1048,0.4635,10,0.2500,0.6667,6,6,4,0,0,6,4,0.3333
4,160.0000,43,34,905.0523,-87.4064,0.0399,9,0.2250,1.0000,2,8,8,0,0,8,8,0.0000
4,160.0000,43,36,378.8380,-80.8949,-0.0715,26,0.6500,0.7500,8,8,7,0,0,8,7,0.1250
4,160.0000,43,37,589.4489,-85.6331,-0.2704,10,0.2500,1.0000,8,8,8,0,0,8,8,0.0000
4,160.0000,43,38,652.8149,-86.5867,0.1363,8,0.2000,0.7143,7,8,7,0,0,8,7,0.1250
4,160.0000,43,39,738.8879,-86.7231,2.1523,4,0.1000,0.8571,7,6,6,0,0,6,6,0.0000
4,160.0000,43,40,540.3600,-83.3622,-0.0854,11,0.2750,0.8571,7,8,8,0,0,8,8,0.0000
4,160.0000,43,41,251.7992,-77.7097,0.3278,27,0.6750,0.8333,6,7,6,0,0,7,6,0.1429
4,160.0000,43,45,419.7086,-81.2251,-0.5629,21,0.5250,0.5000,6,7,6,0,0,7,6,0.1429
4,160.0000,43,47,527.4637,-85.0458,0.2329,9,0.2250,0.8750,8,7,6,0,0,7,6,0.1429
4,160.0000,44,3,751.8085,-86.7084,0.1716,8,0.2000,1.0000,4,6,6,0,0,6,6,0.0000
4,160.0000,44,4,863.4920,-87.2272,-1.0798,11,0.2750,1.0000,2,2,2,0,0,2,2,0.0000
4,160.0000,44,6,795.4778,-86.3621,-0.6747,7,0.1750,1.0000,2,4,4,0,0,4,4,0.0000
4,160.0000,44,7,550.1524,-85.7155,0.5365,9,0.2250,1.0000,8,8,8,0,0,8,8,0.0000
4,160.0000,44,8,182.9547,-75.6463,0.7606,30,0.7500,0.0000,4,4,0,0,0,4,0,1.0000
4,160.0000,44,9,246.9719,-76.2749,-0.5983,24,0.6000,0.4000,5,5,2,0,0,5,2,0.6000
4,160.0000,44,10,613.8450,-87.0617,0.8652,9,0.2250,0.6667,3,8,8,0,0,8,8,0.0000
4,160.0000,44,11,804.4005,-86.7469,-0.7615,11,0.2750,1.0000,8,8,8,0,0,8,8,0.0000
4,160.0000,44,13,336.6062,-81.1588,-0.1694,17,0.4250,0.0000,4,6,4,0,0,6,4,0.3333
4,160.0000,44,14,520.5598,-82.4135,-1.1925,23,0.5750,0.6667,6,4,4,0,0,4,4,0.0000
4,160.0000,44,15,912.5484,-87.9764,-0.0042,8,0.2000,1.0000,2,4,4,0,0,4,4,0.0000
4,160.0000,44,16,582.1664,-86.3588,-0.0527,8,0.2000,1.0000,8,8,7,0,0,8,7,0.1250
4,160.0000,44,17,738.6904,-86.0719,0.3325,12,0.3000,1.0000,8,4,4,0,0,4,4,0.0000
4,160.0000,44,18,527.2970,-83.3681,-0.5173,10,0.2500,0.8750,8,8,8,0,0,8,8,0.0000
4,160.0000,44,19,919.9417,-87.7997,1.7069,3,0.0750,1.0000,8,6,6,0,0,6,6,0.0000
4,160.0000,44,20,823.9580,-87.2703,-0.0180,11,0.2750,1.0000,8,2,2,0,0,2,2,0.0000
4,160.0000,44,21,727.7508,-86.5858,-0.7282,10,0.2500,1.0000,8,6,6,0,0,6,6,0.0000
4,160.0000,44,22,687.7202,-86.2158,0.3069,11,0.2750,0.8571,7,8,8,0,0,8,8,0.0000
4,160.0000,44,23,744.3851,-86.1492,-0.5239,8,0.2000,1.0000,8,8,8,0,0,8,8,0.0000
4,160.0000,44,24,487.5034,-81.8338,-2.1338,21,0.5250,1.0000,8,8,8,0,0,8,8,0.0000
4,160.0000,44,28,227.9091,-76.2831,0.1609,34,0.8500,0.3333,6,5,1,0,0,5,1,0.8000
4,160.0000,44,30,319.8280,-79.5643,0.6080,26,0.6500,1.0000,8,5,2,0,0,5,2,0.6000
4,160.0000,44,31,283.9809,-79.7469,-0.0345,17,0.4250,0.7143,7,6,4,0,0,6,4,0.3333
4,160.0000,44,32,550.6237,-85.1262,0.5487,9,0.2250,1.0000,8,8,8,0,0,8,8,0.0000
4,160.0000,44,33,639.2585,-84.9085,0.2589,13,0.3250,1.0000,8,8,8,0,0,8,8,0.0000
4,160.0000,44,36,1080.6774,-89.1875,-0.4908,3,0.0750,1.0000,4,6,6,0,0,6,6,0.0000
4,160.0000,44,37,676.7438,-87.4054,0.7130,7,0.1750,0.8571,7,8,8,0,0,8,8,0.0000
4,160.0000,44,38,387.7074,-83.1104,0.6472,15,0.3750,1.0000,8,8,8,0,0,8,8,0.0000
4,160.0000,44,39,664.9492,-85.1001,-0.2959,11,0.2750,1.0000,8,8,8,0,0,8,8,0.0000
4,160.0000,44,40,573.6942,-84.6830,0.4968,11,0.2750,1.0000,8,8,8,0,0,8,8,0.0000
4,160.0000,44,41,821.8308,-88.0210,0.5730,6,0.1500,1.0000,8,6,6,0,0,6,6,0.0000
4,160.0000,44,42,1004.9392,-89.2546,0.3606,5,0.1250,0.7500,4,6,6,0,0,6,6,0.0000
4,160.0000,44,45,875.9325,-86.7072,-0.6663,3,0.0750,1.0000,6,6,6,0,0,6,6,0.0000
4,160.0000,44,46,688.9808,-86.3327,-0.2607,13,0.3250,1.0000,8,8,8,0,0,8,8,0.0000
4,160.0000,44,47,456.3122,-83.9582,1.3708,11,0.2750,1.0000,8,8,8,0,0,8,8,0.0000
4,160.0000,45,0,928.2744,-88.2361,-0.9333,3,0.0732,1.0000,2,6,6,0,0,6,6,0.0000
4,160.0000,45,1,346.4950,-81.0284,-0.2505,22,0.5366,0.5714,7,8,8,0,0,8,8,0.0000
4,160.0000,45,3,872.0508,-86.2827,-0.5924,3,0.0732,1.0000,8,4,4,0,0,4,4,0.0000
4,160.0000,45,5,715.1807,-86.4375,0.1840,10,0.2439,1.0000,8,8,8,0,0,8,8,0.0000
4,160.0000,45,7,570.0186,-82.8231,-1.0878,13,0.3171,1.0000,8,8,8,0,0,8,8,0.0000
4,160.0000,45,8,819.1828,-85.8356,-0.0751,6,0.1463,0.8750,8,6,6,0,0,6,6,0.0000
4,160.0000,45,9,700.2835,-85.9919,0.1907,6,0.1463,1.0000,8,8,7,0,0,8,7,0.1250
4,160.0000,45,10,367.5391,-79.1093,-0.6929,23,0.5610,0.5000,6,7,5,0,0,7,5,0.2857
4,160.0000,45,12,714.3389,-86.3418,-0.5021,12,0.2927,1.0000,8,5,2,0,0,5,2,0.6000
4,160.0000,45,13,723.6120,-85.8112,-0.1656,6,0.1463,0.8571,7,8,8,0,0,8,8,0.0000
4,160.0000,45,16,346.9006,-77.6352,-1.1093,26,0.6341,0.5000,6,7,6,0,0,7,6,0.1429
4,160.0000,45,18,594.5424,-84.7547,-0.0089,11,0.2683,1.0000,8,8,8,0,0,8,8,0.0000
4,160.0000,45,19,704.4522,-86.4641,-0.6320,9,0.2195,1.0000,8,8,8,0,0,8,8,0.0000
4,160.0000,45,20,1106.0377,-86.8989,1.7385,3,0.0732,1.0000,8,2,2,0,0,2,2,0.0000
4,160.0000,45,21,268.4080,-77.4593,-0.5143,29,0.7073,0.2000,5,6,3,0,0,6,3,0.5000
4,160.0000,45,22,688.3617,-85.6718,-1.2663,8,0.1951,0.8571,7,8,8,0,0,8,8,0.0000
4,160.0000,45,23,625.0404,-84.7035,-1.0158,10,0.2439,1.0000,8,8,7,0,0,8,7,0.1250
4,160.0000,45,25,666.1689,-86.1282,0.8089,8,0.1951,1.0000,8,8,8,0,0,8,8,0.0000
4,160.0000,45,26,429.5658,-82.9680,0.6374,22,0.5366,0.7500,8,6,4,0,0,6,4,0.3333
4,160.0000,45,27,590.6818,-85.3219,-0.4581,14,0.3415,1.0000,8,8,6,0,0,8,6,0.2500
4,160.0000,45,29,755.1251,-86.0428,0.5453,10,0.2439,1.0000,8,5,4,0,0,5,4,0.2000
4,160.0000,45,31,632.4793,-84.9314,0.0348,8,0.1951,0.8571,7,6,6,0,0,6,6,0.0000
4,160.0000,45,32,445.5127,-82.7223,0.0568,13,0.3171,0.8571,7,8,8,0,0,8,8,0.0000
4,160.0000,45,33,1156.8556,-88.1344,-2.6128,3,0.0732,1.0000,8,4,4,0,0,4,4,0.0000
4,160.0000,45,34,913.0976,-88.5489,0.0796,4,0.0976,,0,3,2,0,0,3,2,0.3333
4,160.0000,45,36,373.5931,-80.2934,0.4115,23,0.5610,0.3333,6,7,3,0,0,7,3,0.5714
4,160.0000,45,37,848.2558,-86.7346,-0.9341,4,0.0976,1.0000,8,8,8,0,0,8,8,0.0000
4,160.0000,45,38,761.7181,-85.8262,-1.9019,5,0.1220,1.0000,8,8,7,0,0,8,7,0.1250
4,160.0000,45,40,309.6460,-78.2518,-0.8563,26,0.6341,0.0000,4,7,5,0,0,7,5,0.2857
4,160.0000,45,41,599.8827,-83.9431,0.5082,10,0.2439,1.0000,8,8,8,0,0,8,8,0.0000
4,160.0000,45,43,419.7086,-80.7837,-0.6559,19,0.4634,0.8750,8,7,6,0,0,7,6,0.1429
4,160.0000,45,47,587.4619,-83.8473,-0.1755,10,0.2439,1.0000,8,7,6,0,0,7,6,0.1429
4,160.0000,46,2,451.3523,-81.8512,-0.3229,29,0.7250,0.2000,5,7,6,0,0,7,6,0.1429
4,160.0000,46,4,510.1903,-84.2361,-0.5005,21,0.5250,1.0000,8,8,6,0,0,8,6,0.2500
4,160.0000,46,6,692.8118,-86.3467,-0.6553,3,0.0750,0.8571,7,8,8,0,0,8,8,0.0000
4,160.0000,46,9,811.3812,-85.7248,-0.6397,3,0.0750,1.0000,2,8,8,0,0,8,8,0.0000
4,160.0000,46,11,124.8441,-63.5602,-4.0067,35,0.8750,0.0000,4,4,0,0,0,4,0,1.0000
4,160.0000,46,14,237.9839,-79.1097,1.1162,27,0.6750,0.5000,6,5,1,0,0,5,1,0.8000
4,160.0000,46,15,250.0000,-76.4404,-1.2427,38,0.9500,0.2000,5,7,3,0,0,7,3,0.5714
4,160.0000,46,17,287.0692,-78.9124,0.8769,34,0.8500,0.2000,5,5,1,0,0,5,1,0.8000
4,160.0000,46,24,312.4004,-80.6394,1.0261,15,0.3750,1.0000,8,6,2,0,0,6,2,0.6667
4,160.0000,46,28,551.8118,-84.1343,0.2410,8,0.2000,1.0000,8,8,8,0,0,8,8,0.0000
4,160.0000,46,30,473.5153,-83.3864,-0.7415,14,0.3500,0.5000,4,7,6,0,0,7,6,0.1429
4,160.0000,46,33,570.4061,-84.7107,1.6205,4,0.1000,1.0000,8,7,6,0,0,7,6,0.1429
4,160.0000,46,35,526.6573,-84.1834,0.2041,23,0.5750,0.8571,7,7,5,0,0,7,5,0.2857
4,160.0000,46,39,794.0085,-86.8995,1.2704,3,0.0750,1.0000,8,7,6,0,0,7,6,0.1429
4,160.0000,46,42,617.4187,-83.9313,-0.0505,14,0.3500,0.6667,6,8,8,0,0,8,8,0.0000
4,160.0000,46,44,688.9808,-85.2659,-1.5808,3,0.0750,1.0000,8,8,8,0,0,8,8,0.0000
4,160.0000,47,1,551.3868,-83.9025,-0.1373,16,0.4000,0.7500,8,2,2,0,0,2,2,0.0000
4,160.0000,47,3,467.6464,-83.7126,0.1350,14,0.3500,0.7143,7,7,5,0,0,7,5,0.2857
4,160.0000,47,6,699.3929,-86.7606,-0.2730,10,0.2500,1.0000,4,6,5,0,0,6,5,0.1667
4,160.0000,47,7,172.3484,-74.2388,0.5262,32,0.8000,0.4286,7,4,1,0,0,4,1,0.7500
4,160.0000,47,8,499.9958,-84.2832,-0.3341,13,0.3250,0.8571,7,8,8,0,0,8,8,0.0000
4,160.0000,47,9,288.5663,-80.6800,1.1152,19,0.4750,0.6667,6,7,2,0,0,7,2,0.7143
4,160.0000,47,10,413.7044,-82.5969,0.6417,24,0.6000,1.0000,8,6,3,0,0,6,3,0.5000
4,160.0000,47,13,157.2691,-75.3735,0.5771,30,0.7500,0.0000,4,5,2,0,0,5,2,0.6000
4,160.0000,47,14,841.0140,-87.9957,-0.1742,6,0.1500,1.0000,8,5,4,0,0,5,4,0.2000
4,160.0000,47,16,281.4953,-79.4182,0.8162,27,0.6750,0.5000,6,6,3,0,0,6,3,0.5000
4,160.0000,47,17,1058.9412,-88.3483,0.0743,5,0.1250,1.0000,6,4,4,0,0,4,4,0.0000
4,160.0000,47,18,451.3803,-83.2535,0.0822,21,0.5250,1.0000,8,7,6,0,0,7,6,0.1429
4,160.0000,47,19,488.5363,-82.2954,-1.0363,16,0.4000,0.4000,5,7,5,0,0,7,5,0.2857
4,160.0000,47,20,662.8534,-85.9664,0.5046,11,0.2750,1.0000,8,8,7,0,0,8,7,0.1250
4,160.0000,47,21,587.9083,-84.4415,-0.6386,16,0.4000,0.8571,7,6,2,0,0,6,2,0.6667
4,160.0000,47,22,449.4566,-82.4822,0.1351,16,0.4000,0.8571,7,7,6,0,0,7,6,0.1429
4,160.0000,47,23,443.9611,-82.8065,-0.4836,21,0.5250,0.8750,8,6,4,0,0,6,4,0.3333
4,160.0000,47,24,680.1322,-86.1143,1.1141,11,0.2750,0.6667,3,7,6,0,0,7,6,0.1429
4,160.0000,47,25,533.5245,-83.5535,-0.8286,18,0.4500,0.7500,8,8,8,0,0,8,8,0.0000
4,160.0000,47,27,758.6918,-87.5209,-0.9807,13,0.3250,1.0000,6,2,2,0,0,2,2,0.0000
4,160.0000,47,28,656.1034,-87.2712,0.0260,11,0.2750,0.6667,6,6,4,0,0,6,4,0.3333
4,160.0000,47,29,973.0824,-88.0061,0.7370,5,0.1250,,0,4,4,0,0,4,4,0.0000
4,160.0000,47,30,753.2161,-86.6055,2.0990,5,0.1250,1.0000,4,4,4,0,0,4,4,0.0000
4,160.0000,47,31,233.1332,-76.6607,-0.1492,30,0.7500,0.3333,6,6,4,0,0,6,4,0.3333
4,160.0000,47,32,145.1697,-68.5109,-0.7677,37,0.9250,0.5000,6,5,2,0,0,5,2,0.6000
4,160.0000,47,33,650.1281,-85.7571,-0.0865,12,0.3000,1.0000,8,8,8,0,0,8,8,0.0000
4,160.0000,47,36,676.3202,-84.6225,-1.5076,16,0.4000,0.8750,8,8,8,0,0,8,8,0.0000
4,160.0000,47,37,366.2457,-82.3350,0.0717,17,0.4250,0.8571,7,8,7,0,0,8,7,0.1250
4,160.0000,47,38,205.1305,-75.5810,-0.3636,28,0.7000,0.7143,7,4,0,0,0,4,0,1.0000
4,160.0000,47,39,475.1219,-84.5503,0.7735,13,0.3250,0.8750,8,7,6,0,0,7,6,0.1429
4,160.0000,47,40,394.6550,-80.2995,-0.9357,24,0.6000,0.8571,7,8,8,0,0,8,8,0.0000
4,160.0000,47,41,412.8819,-81.9455,-0.3016,21,0.5250,0.8571,7,6,4,0,0,6,4,0.3333
4,160.0000,47,43,527.4637,-84.9284,0.0354,15,0.3750,0.5000,6,6,6,0,0,6,6,0.0000
4,160.0000,47,44,456.3122,-83.9822,0.1644,15,0.3750,0.8571,7,8,7,0,0,8,7,0.1250
4,160.0000,47,45,587.4619,-84.5057,-0.4305,18,0.4500,0.6667,6,6,6,0,0,6,6,0.0000
4,164.0000,0,1,712.0951,-86.7023,-1.5690,3,0.0769,0.8571,7,7,5,0,0,7,5,0.2857
4,164.0000,0,5,353.5516,-81.0723,0.8793,17,0.4359,0.3333,6,5,2,0,0,5,2,0.6000
4,164.0000,0,12,441.4195,-82.5299,0.1333,18,0.4615,0.8750,8,7,6,0,0,7,6,0.1429
4,164.0000,0,27,617.7805,-85.5554,-0.8032,5,0.1282,0.8571,7,7,6,0,0,7,6,0.1429
4,164.0000,0,29,528.5287,-82.7704,-0.9431,11,0.2821,0.5000,6,8,8,0,0,8,8,0.0000
4,164.0000,0,34,232.0507,-76.8004,-0.5896,36,0.9231,0.3333,6,6,2,0,0,6,2,0.6667
4,164.0000,1,0,712.0951,-85.2236,0.0430,11,0.2750,0.6667,3,8,8,0,0,8,8,0.0000
4,164.0000,1,5,457.7496,-83.0973,0.9754,24,0.6000,0.8333,6,8,8,0,0,8,8,0.0000
4,164.0000,1,7,611.5250,-83.6289,0.2524,4,0.1000,1.0000,8,8,7,0,0,8,7,0.1250
4,164.0000,1,10,638.6679,-83.7455,-0.1631,6,0.1500,0.7143,7,7,6,0,0,7,6,0.1429
4,164.0000,1,12,599.4311,-85.2728,-0.2005,16,0.4000,0.8000,5,10,9,0,0,10,9,0.1000
4,164.0000,1,16,506.4839,-82.3617,-0.3288,7,0.1750,0.7143,7,8,8,0,0,8,8,0.0000
4,164.0000,1,18,625.6858,-86.0471,-0.6705,5,0.1250,0.8571,7,8,8,0,0,8,8,0.0000
4,164.0000,1,19,529.7318,-83.7923,0.4598,7,0.1750,0.7143,7,7,6,0,0,7,6,0.1429
4,164.0000,1,21,610.6961,-83.9728,-0.1188,11,0.2750,0.7500,8,8,8,0,0,8,8,0.0000
4,164.0000,1,23,672.1343,-86.4242,-4.1359,3,0.0750,1.0000,8,8,8,0,0,8,8,0.0000
4,164.0000,1,25,411.3511,-82.1907,-0.1225,17,0.4250,0.8571,7,8,7,0,0,8,7,0.1250
4,164.0000,1,26,506.3302,-82.4787,-0.0955,19,0.4750,0.6667,6,8,8,0,0,8,8,0.0000
4,164.0000,1,27,378.0041,-81.0091,-0.0914,25,0.6250,0.3333,6,8,7,0,0,8,7,0.1250
4,164.0000,1,29,395.7697,-82.1390,0.4146,21,0.5250,0.6667,6,6,3,0,0,6,3,0.5000
4,164.0000,1,31,782.7129,-86.1674,-0.5514,4,0.1000,1.0000,8,4,4,0,0,4,4,0.0000
4,164.0000,1,32,365.9086,-80.8688,0.5204,15,0.3750,0.8571,7,5,2,0,0,5,2,0.6000
4,164.0000,1,34,610.4738,-84.8501,-0.1538,11,0.2750,1.0000,8,8,8,0,0,8,8,0.0000
4,164.0000,1,36,128.3585,-71.6854,-0.3797,37,0.9250,0.0000,4,4,0,0,0,4,0,1.0000
4,164.0000,1,37,805.9563,-86.7417,-1.0229,3,0.0750,1.0000,8,8,8,0,0,8,8,0.0000
4,164.0000,1,40,596.1261,-85.2775,0.3040,6,0.1500,0.7143,7,8,8,0,0,8,8,0.0000
4,164.0000,1,41,532.0693,-84.5324,-0.0081,6,0.1500,0.8750,8,7,6,0,0,7,6,0.1429
4,164.0000,1,43,404.6410,-80.2676,-0.8739,23,0.5750,0.7143,7,7,4,0,0,7,4,0.4286
4,164.0000,1,45,399.1965,-80.7637,-0.6441,19,0.4750,0.4000,5,6,3,0,0,6,3,0.5000
4,164.0000,2,4,56.9297,-65.0505,1.4977,39,0.9750,0.2000,5,4,0,0,0,4,0,1.0000
4,164.0000,2,11,388.0846,-80.8620,-0.1452,23,0.5750,0.5000,6,7,4,0,0,7,4,0.4286
4,164.0000,2,14,490.7205,-84.8859,0.6462,12,0.3000,1.0000,8,6,4,0,0,6,4,0.3333
4,164.0000,2,15,413.8626,-81.9490,-0.5356,22,0.5500,0.5000,6,6,4,0,0,6,4,0.3333
4,164.0000,2,17,312.1974,-79.5532,0.4924,24,0.6000,0.2500,4,6,4,0,0,6,4,0.3333
4,164.0000,2,24,739.0796,-87.6210,-0.0462,4,0.1000,1.0000,8,8,8,0,0,8,8,0.0000
4,164.0000,2,28,766.9055,-86.2366,2.0031,3,0.0750,1.0000,8,8,7,0,0,8,7,0.1250
4,164.0000,2,30,645.0218,-86.1829,0.6918,5,0.1250,0.8750,8,8,8,0,0,8,8,0.0000
4,164.0000,2,42,954.1016,-88.0106,-0.9363,4,0.1000,1.0000,6,6,6,0,0,6,6,0.0000
4,164.0000,2,46,501.0215,-82.3201,0.9699,12,0.3000,0.8571,7,8,8,0,0,8,8,0.0000
4,164.0000,3,1,849.8983,-86.2752,0.2219,3,0.0769,0.7500,4,2,2,0,0,2,2,0.0000
4,164.0000,3,6,467.7413,-82.3146,-0.1863,17,0.4359,1.0000,8,7,6,0,0,7,6,0.1429
4,164.0000,3,7,492.3552,-84.2269,-0.9689,4,0.1026,0.8571,7,8,8,0,0,8,8,0.0000
4,164.0000,3,9,433.7107,-82.7600,-0.7247,8,0.2051,0.8750,8,7,6,0,0,7,6,0.1429
4,164.0000,3,13,495.9235,-82.3578,0.5983,4,0.1026,0.8571,7,8,7,0,0,8,7,0.1250
4,164.0000,3,16,578.1675,-84.8040,0.3915,6,0.1538,0.8571,7,8,8,0,0,8,8,0.0000
4,164.0000,3,19,489.0476,-82.2424,-0.7956,18,0.4615,0.8750,8,7,6,0,0,7,6,0.1429
4,164.0000,3,20,228.4826,-77.4658,0.3316,35,0.8974,0.6667,6,4,0,0,0,4,0,1.0000
4,164.0000,3,22,270.1422,-79.0428,0.4412,23,0.5897,0.5714,7,7,4,0,0,7,4,0.4286
4,164.0000,3,23,340.8364,-79.1688,-0.0275,15,0.3846,0.5000,6,5,1,0,0,5,1,0.8000
4,164.0000,3,24,604.4374,-86.2182,10.7253,3,0.0769,0.8333,6,7,6,0,0,7,6,0.1429
4,164.0000,3,25,578.9580,-82.7633,-0.7533,13,0.3333,1.0000,8,8,8,0,0,8,8,0.0000
4,164.0000,3,27,887.9701,-86.9424,1.3035,4,0.1026,1.0000,2,6,6,0,0,6,6,0.0000
4,164.0000,3,31,667.6637,-85.2320,0.0756,5,0.1282,1.0000,6,7,6,0,0,7,6,0.1429
4,164.0000,3,32,574.7781,-84.4420,0.5700,3,0.0769,1.0000,8,8,8,0,0,8,8,0.0000
4,164.0000,3,33,374.5057,-81.3003,0.6963,19,0.4872,0.7500,8,6,3,0,0,6,3,0.5000
4,164.0000,3,36,946.7201,-87.1197,1.8787,3,0.0769,0.8571,7,6,6,0,0,6,6,0.0000
4,164.0000,3,37,179.6193,-73.9536,-0.2679,33,0.8462,0.4000,5,4,0,0,0,4,0,1.0000
4,164.0000,3,38,336.6460,-80.0471,0.7811,12,0.3077,0.8750,8,8,7,0,0,8,7,0.1250
4,164.0000,3,39,112.2449,-73.0196,1.7024,33,0.8462,0.2000,5,5,2,0,0,5,2,0.6000
4,164.0000,3,41,336.3158,-80.9340,-1.1015,14,0.3590,0.7143,7,7,4,0,0,7,4,0.4286
4,164.0000,3,42,785.8712,-85.3476,1.2717,4,0.1026,1.0000,8,6,6,0,0,6,6,0.0000
4,164.0000,3,43,555.0645,-85.7527,0.0373,6,0.1538,0.7143,7,7,5,0,0,7,5,0.2857
4,164.0000,3,47,438.0609,-81.8353,0.9162,8,0.2051,1.0000,8,8,8,0,0,8,8,0.0000
4,164.0000,4,2,56.9297,-65.3258,1.3570,36,0.9000,0.0000,4,4,0,0,0,4,0,1.0000
4,164.0000,4,11,422.4076,-82.4074,0.4916,22,0.5500,0.7500,8,6,4,0,0,6,4,0.3333
4,164.0000,4,14,536.3117,-83.1081,0.5337,11,0.2750,1.0000,8,6,4,0,0,6,4,0.3333
4,164.0000,4,15,449.4447,-82.7071,0.6727,17,0.4250,0.3333,6,5,2,0,0,5,2,0.6000
4,164.0000,4,17,308.8250,-79.7704,1.0416,27,0.6750,0.5000,4,5,2,0,0,5,2,0.6000
4,164.0000,4,24,762.8680,-87.1190,1.2452,6,0.1500,1.0000,8,8,8,0,0,8,8,0.0000
4,164.0000,4,28,799.4389,-85.7391,-0.2931,5,0.1250,1.0000,8,8,8,0,0,8,8,0.0000
4,164.0000,4,30,670.2008,-85.5773,-0.4593,10,0.2500,1.0000,8,8,8,0,0,8,8,0.0000
4,164.0000,4,35,782.3940,-87.1511,0.8631,4,0.1000,0.8571,7,8,7,0,0,8,7,0.1250
4,164.0000,4,42,949.9011,-88.5306,0.5578,3,0.0750,1.0000,6,4,4,0,0,4,4,0.0000
4,164.0000,4,46,533.2997,-84.4424,0.4495,12,0.3000,0.8750,8,7,5,0,0,7,5,0.2857
4,164.0000,5,0,353.5516,-80.5271,0.9067,30,0.7500,0.7143,7,5,1,0,0,5,1,0.8000
4,164.0000,5,1,457.7496,-82.8627,0.5333,6,0.1500,0.8571,7,7,6,0,0,7,6,0.1429
4,164.0000,5,12,267.9503,-77.3325,-0.6910,35,0.8750,0.2000,5,5,1,0,0,5,1,0.8000
4,164.0000,5,16,931.2331,-87.6766,-0.1914,3,0.0750,1.0000,6,6,6,0,0,6,6,0.0000
4,164.0000,5,26,535.4824,-83.8983,-0.3089,12,0.3000,1.0000,8,8,8,0,0,8,8,0.0000
4,164.0000,5,27,562.5526,-86.3185,1.0919,7,0.1750,1.0000,8,7,6,0,0,7,6,0.1429
4,164.0000,5,29,447.3014,-81.8682,-0.3073,15,0.3750,0.8571,7,5,2,0,0,5,2,0.6000
4,164.0000,5,34,197.4624,-76.1527,0.1938,38,0.9500,0.2000,5,4,0,0,0,4,0,1.0000
4,164.0000,5,36,353.9263,-80.6566,0.7591,15,0.3750,0.7143,7,5,2,0,0,5,2,0.6000
4,164.0000,5,43,798.6129,-87.0650,0.4099,3,0.0750,1.0000,4,8,7,0,0,8,7,0.1250
4,164.0000,5,45,591.8193,-87.3494,1.1528,4,0.1000,0.8750,8,7,6,0,0,7,6,0.1429
4,164.0000,6,3,467.7413,-83.3159,0.1622,10,0.2500,0.8571,7,5,4,0,0,5,4,0.2000
4,164.0000,6,11,836.3645,-86.8855,3.7087,4,0.1000,1.0000,8,8,8,0,0,8,8,0.0000
4,164.0000,6,17,885.7568,-87.0730,0.7097,4,0.1000,0.8750,8,2,2,0,0,2,2,0.0000
4,164.0000,6,19,842.2179,-87.3523,-9.9369,3,0.0750,1.0000,8,8,8,0,0,8,8,0.0000
4,164.0000,6,20,344.1790,-79.3132,-0.8902,24,0.6000,0.7143,7,7,6,0,0,7,6,0.1429
4,164.0000,6,22,700.7437,-86.5642,-0.0268,4,0.1000,1.0000,6,7,6,0,0,7,6,0.1429
4,164.0000,6,24,442.2365,-84.1856,0.5831,13,0.3250,0.5000,6,8,7,0,0,8,7,0.1250
4,164.0000,6,30,932.6502,-88.6620,-2.0715,4,0.1000,1.0000,6,4,4,0,0,4,4,0.0000
4,164.0000,6,31,969.4000,-86.2123,-2.7795,3,0.0750,1.0000,4,2,2,0,0,2,2,0.0000
4,164.0000,6,33,272.5502,-78.6597,-0.0158,27,0.6750,0.0000,4,5,1,0,0,5,1,0.8000
4,164.0000,6,35,653.8455,-84.6870,-0.3670,8,0.2000,1.0000,8,8,7,0,0,8,7,0.1250
4,164.0000,6,37,484.4775,-82.1118,-0.3779,11,0.2750,0.8750,8,7,6,0,0,7,6,0.1429
4,164.0000,6,38,600.0818,-84.9105,-0.3740,6,0.1500,1.0000,8,8,8,0,0,8,8,0.0000
4,164.0000,6,39,424.4691,-79.7385,-1.6591,15,0.3750,1.0000,8,8,8,0,0,8,8,0.0000
4,164.0000,6,42,497.5407,-83.6756,0.0395,16,0.4000,0.7143,7,8,6,0,0,8,6,0.2500
4,164.0000,6,44,928.1489,-88.6485,-1.6049,3,0.0750,1.0000,8,8,8,0,0,8,8,0.0000
4,164.0000,6,46,699.2615,-85.3700,-0.3357,3,0.0750,1.0000,4,8,8,0,0,8,8,0.0000
4,164.0000,6,47,770.3922,-86.2838,-0.6386,6,0.1500,1.0000,8,8,7,0,0,8,7,0.1250
4,164.0000,7,1,611.5250,-83.7977,-0.6352,8,0.2000,0.8571,7,7,5,0,0,7,5,0.2857
4,164.0000,7,3,492.3552,-82.8721,-0.0335,5,0.1250,1.0000,8,7,5,0,0,7,5,0.2857
4,164.0000,7,8,653.2761,-85.9724,-0.0323,3,0.0750,1.0000,8,3,2,0,0,3,2,0.3333
4,164.0000,7,9,335.8243,-78.5538,0.2852,9,0.2250,0.7778,9,7,5,0,0,7,5,0.2857
4,164.0000,7,10,442.9959,-81.3843,-1.0841,12,0.3000,0.8750,8,8,8,0,0,8,8,0.0000
4,164.0000,7,13,207.3358,-75.9630,0.6160,26,0.6500,0.4000,5,4,0,0,0,4,0,1.0000
4,164.0000,7,16,249.1724,-77.6112,-0.0934,20,0.5000,0.5714,7,5,2,0,0,5,2,0.6000
4,164.0000,7,18,444.8014,-80.6522,0.0140,16,0.4000,0.7143,7,6,4,0,0,6,4,0.3333
4,164.0000,7,19,578.1834,-82.9089,-0.7457,8,0.2000,0.8750,8,7,5,0,0,7,5,0.2857
4,164.0000,7,20,710.0994,-85.0889,-0.4140,4,0.1000,,0,4,4,0,0,4,4,0.0000
4,164.0000,7,21,707.5422,-84.2610,0.4815,3,0.0750,0.8750,8,6,5,0,0,6,5,0.1667
4,164.0000,7,22,598.8683,-84.7027,0.9060,3,0.0750,0.7500,8,8,8,0,0,8,8,0.0000
4,164.0000,7,23,507.8136,-85.9180,-1.6263,3,0.0750,1.0000,8,7,5,0,0,7,5,0.2857
4,164.0000,7,25,599.5095,-83.5709,-0.1534,7,0.1750,0.8571,7,8,8,0,0,8,8,0.0000
4,164.0000,7,26,843.5871,-85.2365,0.1848,7,0.1750,1.0000,6,8,8,0,0,8,8,0.0000
4,164.0000,7,27,853.1070,-86.5386,-0.7772,5,0.1250,0.3333,3,8,8,0,0,8,8,0.0000
4,164.0000,7,31,328.2305,-77.8063,-0.0623,17,0.4250,1.0000,8,8,7,0,0,8,7,0.1250
4,164.0000,7,32,298.1853,-75.6082,-1.2697,22,0.5500,0.5714,7,7,6,0,0,7,6,0.1429
4,164.0000,7,36,737.0746,-85.3991,-0.8539,4,0.1000,0.6667,6,8,7,0,0,8,7,0.1250
4,164.0000,7,37,348.5947,-80.7558,0.3774,14,0.3500,0.8750,8,8,5,0,0,8,5,0.3750
4,164.0000,7,38,324.6851,-79.4360,0.6904,12,0.3000,0.6667,6,5,2,0,0,5,2,0.6000
4,164.0000,7,39,437.3576,-83.1806,1.7179,6,0.1500,0.8571,7,6,3,0,0,6,3,0.5000
4,164.0000,7,40,541.1544,-82.1031,-0.7977,6,0.1500,1.0000,8,8,8,0,0,8,8,0.0000
4,164.0000,7,41,433.2274,-83.9693,-0.1569,6,0.1500,0.7500,8,6,4,0,0,6,4,0.3333
4,164.0000,7,43,586.0895,-83.6341,-1.3212,8,0.2000,1.0000,8,5,3,0,0,5,3,0.4000
4,164.0000,7,44,463.1249,-82.8063,-0.3486,4,0.1000,1.0000,8,7,6,0,0,7,6,0.1429
4,164.0000,7,45,731.4939,-84.7840,-1.1381,8,0.2000,1.0000,8,8,8,0,0,8,8,0.0000
4,164.0000,7,47,159.4241,-73.2305,0.0535,31,0.7750,0.2000,5,5,1,0,0,5,1,0.8000
4,164.0000,8,4,919.2689,-87.6332,-0.9159,5,0.1250,1.0000,6,2,2,0,0,2,2,0.0000
4,164.0000,8,9,421.8243,-78.4016,-0.8381,13,0.3250,0.8571,7,7,4,0,0,7,4,0.4286
4,164.0000,8,10,540.0473,-84.4779,-1.3505,3,0.0750,0.8571,7,6,3,0,0,6,3,0.5000
4,164.0000,8,11,917.4457,-86.6278,-0.6059,5,0.1250,1.0000,8,8,8,0,0,8,8,0.0000
4,164.0000,8,13,453.8751,-84.6262,-1.1571,4,0.1000,0.5714,7,7,5,0,0,7,5,0.2857
4,164.0000,8,14,703.7376,-83.3740,-1.7925,4,0.1000,1.0000,2,8,8,0,0,8,8,0.0000
4,164.0000,8,16,585.4654,-84.8712,1.4137,4,0.1000,1.0000,8,8,7,0,0,8,7,0.1250
4,164.0000,8,18,659.2817,-84.5750,-0.9462,5,0.1250,1.0000,8,4,4,0,0,4,4,0.0000
4,164.0000,8,21,724.7690,-84.2921,-0.1482,5,0.1250,1.0000,8,6,6,0,0,6,6,0.0000
4,164.0000,8,24,755.2338,-85.2034,-1.8309,4,0.1000,1.0000,6,8,7,0,0,8,7,0.1250
4,164.0000,8,28,298.8386,-80.4367,0.7408,25,0.6250,0.8571,7,7,4,0,0,7,4,0.4286
4,164.0000,8,30,293.4803,-79.7937,0.3730,20,0.5000,0.5000,6,6,2,0,0,6,2,0.6667
4,164.0000,8,31,359.4544,-79.6680,0.0602,12,0.3000,0.8571,7,7,6,0,0,7,6,0.1429
4,164.0000,8,32,736.1591,-85.7372,-0.8000,3,0.0750,0.8571,7,8,8,0,0,8,8,0.0000
4,164.0000,8,38,520.3216,-81.8532,-0.7141,7,0.1750,1.0000,8,7,4,0,0,7,4,0.4286
4,164.0000,8,40,577.7953,-82.8294,-1.5389,5,0.1250,1.0000,8,8,7,0,0,8,7,0.1250
4,164.0000,8,44,208.6488,-75.0265,-0.1836,32,0.8000,0.2000,5,6,3,0,0,6,3,0.5000
4,164.0000,8,46,701.6361,-87.2225,0.7582,4,0.1000,0.6667,3,8,7,0,0,8,7,0.1250
4,164.0000,8,47,517.5068,-84.1289,1.0390,4,0.1000,0.8571,7,7,5,0,0,7,5,0.2857
4,164.0000,9,1,753.7773,-86.8427,-0.4557,9,0.2250,1.0000,4,10,10,0,0,10,10,0.0000
4,164.0000,9,3,433.7107,-83.5588,0.7239,17,0.4250,1.0000,8,8,7,0,0,8,7,0.1250
4,164.0000,9,4,1157.0753,-88.3103,-0.2449,3,0.0750,1.0000,6,2,2,0,0,2,2,0.0000
4,164.0000,9,6,801.4727,-86.8275,0.2932,9,0.2250,1.0000,8,6,6,0,0,6,6,0.0000
4,164.0000,9,7,335.8243,-80.9337,1.2778,23,0.5750,1.0000,8,7,4,0,0,7,4,0.4286
4,164.0000,9,8,421.8243,-78.9671,-1.5934,27,0.6750,0.5000,6,7,5,0,0,7,5,0.2857
4,164.0000,9,10,461.9337,-83.9611,-0.0297,16,0.4000,0.8750,8,7,6,0,0,7,6,0.1429
4,164.0000,9,11,1024.5298,-89.0438,-0.0131,4,0.1000,1.0000,4,2,2,0,0,2,2,0.0000
4,164.0000,9,13,197.7516,-75.4959,0.2868,33,0.8250,0.5714,7,7,5,0,0,7,5,0.2857
4,164.0000,9,14,835.7789,-87.4061,-0.3430,9,0.2250,0.9286,14,8,8,0,0,8,8,0.0000
4,164.0000,9,15,1042.6266,-87.1220,0.7801,3,0.0750,,0,2,2,0,0,2,2,0.0000
4,164.0000,9,16,283.1046,-80.1640,0.8830,25,0.6250,0.6667,6,5,2,0,0,5,2,0.6000
4,164.0000,9,18,565.9785,-85.6696,0.6378,13,0.3250,0.8571,7,8,8,0,0,8,8,0.0000
4,164.0000,9,19,693.9079,-86.5480,0.8551,7,0.1750,0.6667,6,7,6,0,0,7,6,0.1429
4,164.0000,9,20,633.2379,-85.2176,-0.2223,9,0.2250,0.7143,7,8,8,0,0,8,8,0.0000
4,164.0000,9,21,642.2945,-85.1058,0.2054,14,0.3500,1.0000,8,7,6,0,0,7,6,0.1429
4,164.0000,9,22,424.7957,-83.6290,0.2854,15,0.3750,0.9000,10,7,6,0,0,7,6,0.1429
4,164.0000,9,23,341.5599,-81.9292,1.5719,16,0.4000,0.8571,7,7,4,0,0,7,4,0.4286
4,164.0000,9,24,680.7046,-85.6198,-0.9940,9,0.2250,0.6667,6,6,6,0,0,6,6,0.0000
4,164.0000,9,25,705.5049,-86.8471,0.1388,11,0.2750,1.0000,8,8,8,0,0,8,8,0.0000
4,164.0000,9,26,930.1026,-88.2885,-1.3378,4,0.1000,1.0000,2,4,3,0,0,4,3,0.2500
4,164.0000,9,27,940.0627,-87.4908,-0.6399,4,0.1000,,0,6,6,0,0,6,6,0.0000
4,164.0000,9,28,531.3280,-83.9611,-0.2519,12,0.3000,1.0000,8,5,4,0,0,5,4,0.2000
4,164.0000,9,29,1074.1343,-89.1292,-0.0842,3,0.0750,1.0000,4,2,2,0,0,2,2,0.0000
4,164.0000,9,30,551.8764,-85.2281,0.2475,16,0.4000,1.0000,8,7,5,0,0,7,5,0.2857
4,164.0000,9,31,281.1823,-77.2788,-1.1363,31,0.7750,1.0000,8,8,7,0,0,8,7,0.1250
4,164.0000,9,32,391.6527,-82.4875,-0.1740,19,0.4750,0.6667,6,8,7,0,0,8,7,0.1250
4,164.0000,9,33,646.3038,-85.4885,-0.0526,12,0.3000,1.0000,8,8,8,0,0,8,8,0.0000
4,164.0000,9,36,872.9257,-87.5194,2.4376,7,0.1750,1.0000,8,8,8,0,0,8,8,0.0000
4,164.0000,9,37,385.7843,-82.8068,1.4254,18,0.4500,0.3333,6,6,4,0,0,6,4,0.3333
4,164.0000,9,38,229.5342,-75.9611,0.5393,31,0.7750,0.5000,6,6,4,0,0,6,4,0.3333
4,164.0000,9,39,439.6488,-83.5740,-0.4102,16,0.4000,0.7143,7,7,5,0,0,7,5,0.2857
4,164.0000,9,40,474.0701,-83.6518,-0.7331,18,0.4500,0.7143,7,8,8,0,0,8,8,0.0000
4,164.0000,9,41,445.8098,-84.5486,0.7831,15,0.3750,0.6667,6,8,6,0,0,8,6,0.2500
4,164.0000,9,43,604.0392,-86.9262,1.1780,13,0.3250,0.8571,7,2,2,0,0,2,2,0.0000
4,164.0000,9,44,306.4830,-78.1386,-0.5988,31,0.7750,0.5000,6,5,2,0,0,5,2,0.6000
4,164.0000,9,45,735.3890,-87.0339,0.0774,10,0.2500,0.8000,5,8,8,0,0,8,8,0.0000
4,164.0000,9,46,776.5925,-86.9216,1.6542,8,0.2000,1.0000,6,8,8,0,0,8,8,0.0000
4,164.0000,9,47,184.6711,-76.5471,1.1513,31,0.7750,0.2000,5,5,2,0,0,5,2,0.6000
4,164.0000,10,1,638.6679,-83.6487,-0.8583,12,0.3000,1.0000,8,8,8,0,0,8,8,0.0000
4,164.0000,10,3,840.8398,-88.7687,-0.4786,3,0.0750,1.0000,8,8,8,0,0,8,8,0.0000
4,164.0000,10,7,442.9959,-81.8720,-0.7194,13,0.3250,0.6667,6,7,5,0,0,7,5,0.2857
4,164.0000,10,8,540.0473,-84.3672,0.3716,10,0.2500,0.8571,7,8,8,0,0,8,8,0.0000
4,164.0000,10,9,461.9337,-84.4037,0.7057,9,0.2250,0.7143,7,8,8,0,0,8,8,0.0000
4,164.0000,10,13,413.6919,-82.6049,-0.8031,11,0.2750,1.0000,8,8,7,0,0,8,7,0.1250
4,164.0000,10,16,284.3135,-75.7872,-1.4631,27,0.6750,0.6667,6,8,7,0,0,8,7,0.1250
4,164.0000,10,18,161.2248,-74.1166,0.7447,34,0.8500,0.5000,6,5,1,0,0,5,1,0.8000
4,164.0000,10,21,353.8804,-79.1597,-0.3340,27,0.6750,0.3333,6,8,6,0,0,8,6,0.2500
4,164.0000,10,22,822.4340,-87.5736,-0.1364,8,0.2000,1.0000,8,4,4,0,0,4,4,0.0000
4,164.0000,10,23,682.9840,-86.9013,1.9809,5,0.1250,1.0000,8,8,8,0,0,8,8,0.0000
4,164.0000,10,25,840.8810,-87.5867,-0.6939,4,0.1000,1.0000,8,4,4,0,0,4,4,0.0000
4,164.0000,10,26,564.6764,-85.0331,0.3027,14,0.3500,1.0000,8,6,6,0,0,6,6,0.0000
4,164.0000,10,27,966.1565,-88.2146,-0.9966,4,0.1000,1.0000,4,8,8,0,0,8,8,0.0000
4,164.0000,10,28,661.1547,-86.6386,1.6570,8,0.2000,1.0000,6,6,5,0,0,6,5,0.1667
4,164.0000,10,30,761.8117,-87.1225,1.5474,6,0.1500,0.8750,8,6,6,0,0,6,6,0.0000
4,164.0000,10,31,280.0885,-78.6318,0.9312,15,0.3750,0.2000,5,6,4,0,0,6,4,0.3333
4,164.0000,10,32,397.5854,-79.8229,0.1230,15,0.3750,0.6667,6,7,6,0,0,7,6,0.1429
4,164.0000,10,36,754.2036,-86.7819,1.5080,6,0.1500,1.0000,8,6,6,0,0,6,6,0.0000
4,164.0000,10,37,743.5958,-86.0542,0.9735,5,0.1250,0.8571,7,8,8,0,0,8,8,0.0000
4,164.0000,10,38,615.8487,-85.3657,-0.0085,8,0.2000,1.0000,8,8,8,0,0,8,8,0.0000
4,164.0000,10,39,822.8794,-87.9142,-0.3798,4,0.1000,1.0000,8,8,8,0,0,8,8,0.0000
4,164.0000,10,40,200.0727,-74.7917,-0.2909,33,0.8250,0.0000,4,6,4,0,0,6,4,0.3333
4,164.0000,10,41,702.2170,-85.4826,0.1836,8,0.2000,0.6667,6,8,8,0,0,8,8,0.0000
4,164.0000,10,43,752.2463,-86.6224,-0.8567,5,0.1250,1.0000,8,6,6,0,0,6,6,0.0000
4,164.0000,10,44,447.7391,-83.9492,-0.1658,10,0.2500,1.0000,8,7,6,0,0,7,6,0.1429
4,164.0000,10,45,505.4288,-82.9672,-1.1612,20,0.5000,1.0000,8,8,8,0,0,8,8,0.0000
4,164.0000,10,47,431.3443,-81.8704,0.3344,13,0.3250,0.8571,7,8,6,0,0,8,6,0.2500
4,164.0000,11,2,388.0846,-82.4576,-0.1237,29,0.7250,0.8571,7,5,1,0,0,5,1,0.8000
4,164.0000,11,4,422.4076,-82.9039,0.1874,27,0.6750,0.3333,6,7,4,0,0,7,4,0.4286
4,164.0000,11,6,836.3645,-89.0113,-0.5614,3,0.0750,1.0000,6,8,8,0,0,8,8,0.0000
4,164.0000,11,14,285.1690,-79.1390,0.8920,27,0.6750,0.3333,6,4,1,0,0,4,1,0.7500
4,164.0000,11,15,35.5746,-65.4224,3.1438,37,0.9250,0.0000,4,4,0,0,0,4,0,1.0000
4,164.0000,11,17,320.7126,-79.9137,-0.2423,29,0.7250,0.4000,5,5,2,0,0,5,2,0.6000
4,164.0000,11,24,444.7186,-82.4493,-0.3248,12,0.3000,1.0000,8,7,6,0,0,7,6,0.1429
4,164.0000,11,28,714.7459,-85.6622,-0.8801,6,0.1500,1.0000,8,8,8,0,0,8,8,0.0000
4,164.0000,11,30,631.1504,-83.9839,0.0465,8,0.2000,1.0000,8,8,8,0,0,8,8,0.0000
4,164.0000,11,33,758.8153,-86.6630,-0.1997,7,0.1750,1.0000,8,8,8,0,0,8,8,0.0000
4,164.0000,11,35,437.8317,-82.7319,0.0104,23,0.5750,1.0000,6,5,1,0,0,5,1,0.8000
4,164.0000,11,37,998.0247,-88.0546,0.6490,3,0.0750,1.0000,4,8,8,0,0,8,8,0.0000
4,164.0000,11,39,997.8314,-88.4472,-0.7674,4,0.1000,1.0000,6,8,8,0,0,8,8,0.0000
4,164.0000,11,42,711.0066,-84.8547,0.3344,10,0.2500,1.0000,8,8,8,0,0,8,8,0.0000
4,164.0000,11,44,896.0411,-89.4313,-0.1463,3,0.0750,1.0000,8,8,8,0,0,8,8,0.0000
4,164.0000,11,46,250.2210,-74.5795,-1.8633,33,0.8250,0.2000,5,6,3,0,0,6,3,0.5000
4,164.0000,12,0,441.4195,-82.6094,0.0959,24,0.6000,0.4000,5,7,5,0,0,7,5,0.2857
4,164.0000,12,1,599.4311,-84.9814,0.3307,4,0.1000,1.0000,8,7,6,0,0,7,6,0.1429
4,164.0000,12,5,267.9503,-77.3725,-0.2857,30,0.7500,0.5000,6,5,1,0,0,5,1,0.8000
4,164.0000,12,10,975.4714,-88.7620,1.6688,3,0.0750,1.0000,6,8,8,0,0,8,8,0.0000
4,164.0000,12,21,769.8236,-88.0254,-0.1895,3,0.0750,1.0000,8,8,8,0,0,8,8,0.0000
4,164.0000,12,26,450.1370,-81.7452,-0.5138,20,0.5000,0.7143,7,8,7,0,0,8,7,0.1250
4,164.0000,12,27,737.3935,-86.7573,1.8494,4,0.1000,1.0000,8,8,8,0,0,8,8,0.0000
4,164.0000,12,29,683.4887,-85.8809,-1.4800,9,0.2250,0.7500,8,6,6,0,0,6,6,0.0000
4,164.0000,12,34,386.7129,-81.1604,0.3243,31,0.7750,0.3333,6,7,5,0,0,7,5,0.2857
4,164.0000,12,36,522.7601,-83.1161,0.4043,7,0.1750,0.8750,8,6,5,0,0,6,5,0.1667
4,164.0000,12,45,542.2434,-85.7724,1.6137,7,0.1750,1.0000,8,8,7,0,0,8,7,0.1250
4,164.0000,13,1,755.7282,-88.0215,-0.1566,7,0.1750,0.8333,6,8,8,0,0,8,8,0.0000
4,164.0000,13,3,495.9235,-83.4765,-0.6935,12,0.3000,0.6667,6,6,4,0,0,6,4,0.3333
4,164.0000,13,4,1169.6743,-87.6028,2.0029,3,0.0750,1.0000,2,2,2,0,0,2,2,0.0000
4,164.0000,13,6,794.7828,-85.5890,0.3315,12,0.3000,1.0000,6,8,8,0,0,8,8,0.0000
4,164.0000,13,7,207.3358,-76.4614,0.8464,24,0.6000,0.0000,4,4,0,0,0,4,0,1.0000
4,164.0000,13,8,453.8751,-82.3543,-1.0268,18,0.4500,0.7778,9,5,3,0,0,5,3,0.4000
4,164.0000,13,9,197.7516,-75.1888,0.1814,30,0.7500,0.5714,7,5,2,0,0,5,2,0.6000
4,164.0000,13,10,413.6919,-82.1300,0.2317,16,0.4000,0.8571,7,6,4,0,0,6,4,0.3333
4,164.0000,13,14,773.5730,-87.7153,0.2511,5,0.1250,1.0000,6,5,3,0,0,5,3,0.4000
4,164.0000,13,15,1008.0556,-89.0258,-1.9205,3,0.0750,,0,2,2,0,0,2,2,0.0000
4,164.0000,13,16,276.3628,-79.2900,0.6906,19,0.4750,0.8000,5,7,2,0,0,7,2,0.7143
4,164.0000,13,17,957.5831,-88.6487,0.3821,4,0.1000,,0,4,4,0,0,4,4,0.0000
4,164.0000,13,18,468.8754,-85.0989,-0.9937,12,0.3000,0.8571,7,8,7,0,0,8,7,0.1250
4,164.0000,13,19,720.1646,-86.8511,-0.4023,11,0.2750,0.6667,6,8,8,0,0,8,8,0.0000
4,164.0000,13,20,700.4659,-86.4761,0.8086,10,0.2500,0.8750,8,6,6,0,0,6,6,0.0000
4,164.0000,13,21,689.0412,-86.2748,0.0123,7,0.1750,0.8571,7,7,6,0,0,7,6,0.1429
4,164.0000,13,22,573.6959,-84.6723,0.3744,11,0.2750,0.8571,7,8,8,0,0,8,8,0.0000
4,164.0000,13,23,494.0359,-83.0087,-0.6140,12,0.3000,1.0000,8,8,8,0,0,8,8,0.0000
4,164.0000,13,24,657.3879,-85.8754,-1.6715,9,0.2250,0.8750,8,8,8,0,0,8,8,0.0000
4,164.0000,13,25,742.0157,-87.0856,-0.2608,7,0.1750,1.0000,8,8,8,0,0,8,8,0.0000
4,164.0000,13,26,916.1232,-88.4952,-1.3271,3,0.0750,,0,6,6,0,0,6,6,0.0000
4,164.0000,13,27,990.7087,-88.7694,0.0645,4,0.1000,1.0000,2,6,6,0,0,6,6,0.0000
4,164.0000,13,28,463.5290,-83.4843,-0.2878,13,0.3250,0.7143,7,6,4,0,0,6,4,0.3333
4,164.0000,13,30,538.0162,-84.3826,1.0760,9,0.2250,0.8750,8,8,7,0,0,8,7,0.1250
4,164.0000,13,31,184.6241,-75.5413,-0.1170,32,0.8000,0.5714,7,5,2,0,0,5,2,0.6000
4,164.0000,13,32,398.7602,-79.9925,-1.3783,17,0.4250,0.5000,6,8,8,0,0,8,8,0.0000
4,164.0000,13,33,694.7123,-84.4157,-1.7727,11,0.2750,0.8571,7,6,6,0,0,6,6,0.0000
4,164.0000,13,36,882.6046,-88.7887,0.5089,3,0.0750,1.0000,8,4,4,0,0,4,4,0.0000
4,164.0000,13,37,374.7249,-81.5730,-0.1099,19,0.4750,1.0000,8,9,8,0,0,9,8,0.1111
4,164.0000,13,38,211.3477,-73.3188,-1.8225,34,0.8500,0.0000,4,6,3,0,0,6,3,0.5000
4,164.0000,13,39,455.2396,-82.7231,-0.6007,17,0.4250,0.8750,8,8,6,0,0,8,6,0.2500
4,164.0000,13,40,506.4468,-84.2203,-0.7265,9,0.2250,0.8571,7,8,8,0,0,8,8,0.0000
4,164.0000,13,41,516.4645,-83.3454,0.4542,9,0.2250,0.6667,6,6,3,0,0,6,3,0.5000
4,164.0000,13,43,684.1438,-86.1919,0.2462,10,0.2500,0.7500,4,6,6,0,0,6,6,0.0000
4,164.0000,13,44,263.8343,-79.1969,0.3234,27,0.6750,0.8571,7,6,2,0,0,6,2,0.6667
4,164.0000,13,45,781.1122,-85.8407,-0.4147,7,0.1750,1.0000,8,6,6,0,0,6,6,0.0000
4,164.0000,13,46,745.9568,-86.4742,0.1518,7,0.1750,0.8000,5,8,8,0,0,8,8,0.0000
4,164.0000,13,47,83.8438,-70.2790,1.3892,35,0.8750,0.0000,4,5,1,0,0,5,1,0.8000
4,164.0000,14,2,490.7205,-84.0970,0.1848,21,0.5250,0.8750,8,8,7,0,0,8,7,0.1250
4,164.0000,14,4,536.3117,-83.7426,0.2312,16,0.4000,1.0000,8,7,5,0,0,7,5,0.2857
4,164.0000,14,6,828.7065,-86.9971,-1.2313,3,0.0750,1.0000,8,4,4,0,0,4,4,0.0000
4,164.0000,14,11,285.1690,-79.2080,0.0318,32,0.8000,0.2000,5,6,3,0,0,6,3,0.5000
4,164.0000,14,15,292.3960,-80.4564,0.7005,30,0.7500,0.4000,5,5,1,0,0,5,1,0.8000
4,164.0000,14,17,432.4709,-82.5977,0.2712,13,0.3250,0.8000,10,8,7,0,0,8,7,0.1250
4,164.0000,14,24,398.3222,-80.2332,-1.3968,20,0.5000,0.7500,8,6,4,0,0,6,4,0.3333
4,164.0000,14,28,456.2013,-80.9863,-1.1516,15,0.3750,1.0000,8,7,6,0,0,7,6,0.1429
4,164.0000,14,30,416.4761,-80.0572,-0.6728,17,0.4250,0.6250,8,7,6,0,0,7,6,0.1429
4,164.0000,14,33,747.9836,-84.0153,-0.5351,5,0.1250,0.8571,7,8,8,0,0,8,8,0.0000
4,164.0000,14,35,647.6107,-84.5249,0.3564,11,0.2750,0.8571,7,8,8,0,0,8,8,0.0000
4,164.0000,14,44,658.9760,-85.0763,-1.9985,5,0.1250,1.0000,8,8,8,0,0,8,8,0.0000
4,164.0000,14,46,174.5293,-74.4308,0.8686,31,0.7750,0.2000,5,6,2,0,0,6,2,0.6667
4,164.0000,15,2,413.8626,-81.7929,-0.6880,23,0.5750,0.0000,4,6,4,0,0,6,4,0.3333
4,164.0000,15,4,449.4447,-82.8586,0.2690,24,0.6000,0.6667,6,7,6,0,0,7,6,0.1429
4,164.0000,15,11,35.5746,-65.3841,3.3748,33,0.8250,0.0000,4,5,1,0,0,5,1,0.8000
4,164.0000,15,14,292.3960,-80.4411,0.5418,22,0.5500,0.3333,6,7,5,0,0,7,5,0.2857
4,164.0000,15,17,355.6463,-81.2047,-0.3420,21,0.5250,0.8571,7,6,2,0,0,6,2,0.6667
4,164.0000,15,24,451.3035,-84.1056,-0.5274,9,0.2250,1.0000,8,6,4,0,0,6,4,0.3333
4,164.0000,15,30,654.2814,-87.0796,1.1643,3,0.0750,0.7500,8,7,5,0,0,7,5,0.2857
4,164.0000,15,35,424.3224,-82.5802,0.8164,24,0.6000,0.7143,7,6,3,0,0,6,3,0.5000
4,164.0000,15,42,718.0626,-86.5514,0.0903,7,0.1750,1.0000,8,8,8,0,0,8,8,0.0000
4,164.0000,15,46,266.5108,-77.5967,-0.2118,25,0.6250,0.0000,4,5,1,0,0,5,1,0.8000
4,164.0000,16,1,506.4839,-82.1374,-0.9194,21,0.5250,0.7500,8,6,4,0,0,6,4,0.3333
4,164.0000,16,3,578.1675,-85.7073,1.1881,7,0.1750,0.5714,7,8,8,0,0,8,8,0.0000
4,164.0000,16,5,931.2331,-87.3982,-1.5233,4,0.1000,1.0000,8,2,2,0,0,2,2,0.0000
4,164.0000,16,7,249.1724,-77.3433,-0.0144,33,0.8250,0.5714,7,6,3,0,0,6,3,0.5000
4,164.0000,16,8,585.4654,-83.9311,0.6129,12,0.3000,0.8750,8,8,8,0,0,8,8,0.0000
4,164.0000,16,9,283.1046,-80.7362,0.5009,19,0.4750,1.0000,8,5,2,0,0,5,2,0.6000
4,164.0000,16,10,284.3135,-76.5259,-1.5797,35,0.8750,0.4000,5,7,5,0,0,7,5,0.2857
4,164.0000,16,12,990.1503,-88.1022,-0.6875,10,0.2500,1.0000,6,4,4,0,0,4,4,0.0000
4,164.0000,16,13,276.3628,-79.5932,0.6454,19,0.4750,0.7143,7,6,3,0,0,6,3,0.5000
4,164.0000,16,18,354.7087,-79.4707,-0.4250,30,0.7500,0.5000,6,7,6,0,0,7,6,0.1429
4,164.0000,16,19,617.4529,-85.1214,0.3640,9,0.2250,0.8750,8,8,7,0,0,8,7,0.1250
4,164.0000,16,21,469.6350,-81.6350,-0.4995,24,0.6000,0.8571,7,7,6,0,0,7,6,0.1429
4,164.0000,16,22,566.9322,-83.6286,0.4286,8,0.2000,0.8750,8,8,6,0,0,8,6,0.2500
4,164.0000,16,23,428.8185,-82.7617,1.3701,11,0.2750,1.0000,8,5,2,0,0,5,2,0.6000
4,164.0000,16,24,912.0367,-86.4855,0.6979,3,0.0750,1.0000,8,4,4,0,0,4,4,0.0000
4,164.0000,16,25,586.9596,-85.1702,0.0433,10,0.2500,1.0000,8,7,5,0,0,7,5,0.2857
4,164.0000,16,26,668.7561,-85.3858,0.0799,15,0.3750,1.0000,6,8,8,0,0,8,8,0.0000
4,164.0000,16,27,770.3192,-86.9263,0.0542,12,0.3000,0.8750,8,4,4,0,0,4,4,0.0000
4,164.0000,16,28,692.1396,-87.0154,0.6679,5,0.1250,0.8571,7,8,8,0,0,8,8,0.0000
4,164.0000,16,29,866.3320,-87.6414,0.2210,6,0.1500,0.6667,3,7,5,0,0,7,5,0.2857
4,164.0000,16,30,763.4790,-86.4595,0.0173,4,0.1000,,0,6,5,0,0,6,5,0.1667
4,164.0000,16,31,290.9098,-79.2361,0.5158,24,0.6000,0.5000,6,8,6,0,0,8,6,0.2500
4,164.0000,16,32,156.7858,-72.0993,0.2740,35,0.8750,0.0000,4,7,4,0,0,7,4,0.4286
4,164.0000,16,33,873.7055,-87.4200,0.2641,4,0.1000,1.0000,6,4,4,0,0,4,4,0.0000
4,164.0000,16,36,631.4785,-84.1569,-0.6838,19,0.4750,1.0000,8,8,8,0,0,8,8,0.0000
4,164.0000,16,37,497.1894,-83.6202,0.4423,10,0.2500,0.8333,6,8,6,0,0,8,6,0.2500
4,164.0000,16,38,429.7573,-82.4235,-0.1252,9,0.2250,0.8571,7,8,6,0,0,8,6,0.2500
4,164.0000,16,39,569.4515,-85.1586,-0.1016,6,0.1500,1.0000,8,8,8,0,0,8,8,0.0000
4,164.0000,16,40,309.4457,-77.2156,-1.3542,34,0.8500,0.5000,6,6,4,0,0,6,4,0.3333
4,164.0000,16,41,419.9773,-82.9444,0.1175,16,0.4000,0.7143,7,7,5,0,0,7,5,0.2857
4,164.0000,16,43,502.3219,-83.8659,0.7707,16,0.4000,0.8571,7,5,3,0,0,5,3,0.4000
4,164.0000,16,44,451.2927,-82.8843,0.2748,9,0.2250,0.9178,146,8,8,138,122,146,130,0.1096
4,164.0000,16,45,510.8934,-82.5455,-0.9631,21,0.5250,0.6667,6,8,6,0,0,8,6,0.2500
4,164.0000,16,47,236.7559,-77.6230,0.6725,29,0.7250,0.7143,7,4,0,0,0,4,0,1.0000
4,164.0000,17,2,312.1974,-80.9636,0.2137,32,0.8000,0.0000,4,5,1,0,0,5,1,0.8000
4,164.0000,17,4,308.8250,-80.6762,0.0322,26,0.6500,0.5714,7,5,2,0,0,5,2,0.6000
4,164.0000,17,11,320.7126,-79.7018,0.0278,29,0.7250,0.5000,6,6,2,0,0,6,2,0.6667
4,164.0000,17,14,432.4709,-81.9211,-0.5617,13,0.3250,0.5000,6,7,4,0,0,7,4,0.4286
4,164.0000,17,15,355.6463,-81.0344,-0.1160,29,0.7250,0.5000,6,5,1,0,0,5,1,0.8000
4,164.0000,17,24,499.9793,-82.9353,-1.1710,8,0.2000,1.0000,8,8,6,0,0,8,6,0.2500
4,164.0000,17,28,684.4076,-85.4379,0.5017,4,0.1000,0.8750,8,8,8,0,0,8,8,0.0000
4,164.0000,17,30,542.3412,-82.9329,-0.7143,7,0.1750,1.0000,8,6,4,0,0,6,4,0.3333
4,164.0000,17,33,712.5048,-84.3764,0.3418,4,0.1000,0.8750,8,10,10,0,0,10,10,0.0000
4,164.0000,17,35,599.9245,-84.2140,0.0187,11,0.2750,0.7500,8,7,6,0,0,7,6,0.1429
4,164.0000,17,42,673.3108,-84.4162,0.4567,6,0.1500,1.0000,8,8,8,0,0,8,8,0.0000
4,164.0000,17,46,332.8368,-79.1066,0.0599,23,0.5750,0.8750,8,6,3,0,0,6,3,0.5000
4,164.0000,18,1,625.6858,-85.3939,-0.1190,10,0.2500,1.0000,6,8,8,0,0,8,8,0.0000
4,164.0000,18,7,444.8014,-82.0530,0.0142,9,0.2250,0.8571,7,8,7,0,0,8,7,0.1250
4,164.0000,18,8,659.2817,-86.3288,-0.3142,5,0.1250,1.0000,8,7,6,0,0,7,6,0.1429
4,164.0000,18,9,565.9785,-83.9042,0.4482,8,0.2000,1.0000,8,6,4,0,0,6,4,0.3333
4,164.0000,18,10,161.2248,-74.2871,1.1204,28,0.7000,0.0000,4,8,6,0,0,8,6,0.2500
4,164.0000,18,13,468.8754,-83.4260,0.0186,7,0.1750,1.0000,8,8,8,0,0,8,8,0.0000
4,164.0000,18,16,354.7087,-79.6031,-0.0132,15,0.3750,0.5000,6,7,6,0,0,7,6,0.1429
4,164.0000,18,19,902.4435,-87.5630,2.9717,3,0.0750,1.0000,4,6,6,0,0,6,6,0.0000
4,164.0000,18,21,456.2699,-82.4924,0.1970,15,0.3750,1.0000,8,7,5,0,0,7,5,0.2857
4,164.0000,18,23,781.7178,-87.9021,0.4853,4,0.1000,1.0000,6,8,8,0,0,8,8,0.0000
4,164.0000,18,25,858.7843,-87.9103,0.5041,5,0.1250,0.8571,7,8,7,0,0,8,7,0.1250
4,164.0000,18,26,539.4812,-84.2226,-0.5209,9,0.2250,0.7143,7,7,6,0,0,7,6,0.1429
4,164.0000,18,28,723.1874,-85.6273,0.2717,7,0.1750,1.0000,8,4,4,0,0,4,4,0.0000
4,164.0000,18,31,357.3341,-80.2460,-1.1506,14,0.3500,0.8571,7,7,5,0,0,7,5,0.2857
4,164.0000,18,32,436.8943,-83.1660,0.3103,9,0.2250,0.5000,6,7,6,0,0,7,6,0.1429
4,164.0000,18,36,739.4347,-86.1286,0.0878,6,0.1500,1.0000,8,8,8,0,0,8,8,0.0000
4,164.0000,18,37,782.0272,-88.0149,-1.5503,4,0.1000,1.0000,6,8,8,0,0,8,8,0.0000
4,164.0000,18,38,678.2651,-85.6773,0.0225,4,0.1000,1.0000,8,8,8,0,0,8,8,0.0000
4,164.0000,18,40,336.6643,-81.4385,-1.0692,14,0.3500,0.5000,6,8,7,0,0,8,7,0.1250
4,164.0000,18,43,803.7577,-87.1777,-0.0256,3,0.0750,1.0000,8,6,6,0,0,6,6,0.0000
4,164.0000,18,44,537.5325,-84.1317,-0.7036,12,0.3000,1.0000,8,8,8,0,0,8,8,0.0000
4,164.0000,18,45,557.2136,-84.4729,0.4051,9,0.2250,0.8571,7,8,8,0,0,8,8,0.0000
4,164.0000,18,47,484.4814,-83.1645,-0.4850,7,0.1750,1.0000,8,8,7,0,0,8,7,0.1250
4,164.0000,19,0,1061.9457,-89.0581,-0.0237,4,0.1000,1.0000,4,8,8,0,0,8,8,0.0000
4,164.0000,19,1,529.7318,-84.1436,-0.8761,12,0.3000,1.0000,8,7,5,0,0,7,5,0.2857
4,164.0000,19,3,489.0476,-80.8398,-1.4265,13,0.3250,0.7500,8,8,8,0,0,8,8,0.0000
4,164.0000,19,6,842.2179,-86.8187,-0.4502,7,0.1750,1.0000,6,4,4,0,0,4,4,0.0000
4,164.0000,19,7,578.1834,-84.0452,-0.8936,6,0.1500,1.0000,8,9,8,0,0,9,8,0.1111
4,164.0000,19,9,693.9079,-86.3836,-0.7534,4,0.1000,1.0000,8,7,6,0,0,7,6,0.1429
4,164.0000,19,10,886.9087,-87.2457,1.8404,4,0.1000,1.0000,8,4,4,0,0,4,4,0.0000
4,164.0000,19,13,720.1646,-85.7776,-0.2397,7,0.1750,0.8750,8,8,7,0,0,8,7,0.1250
4,164.0000,19,16,617.4529,-84.5414,-0.2547,10,0.2500,0.8571,7,8,8,0,0,8,8,0.0000
4,164.0000,19,20,624.6730,-84.6398,-0.8824,12,0.3000,0.8571,7,8,8,0,0,8,8,0.0000
4,164.0000,19,21,962.3672,-88.2341,-1.4890,4,0.1000,1.0000,4,6,6,0,0,6,6,0.0000
4,164.0000,19,22,526.4666,-82.6090,-0.4705,12,0.3000,0.7143,7,8,8,0,0,8,8,0.0000
4,164.0000,19,23,491.9948,-81.3228,-0.6098,12,0.3000,0.7143,7,7,5,0,0,7,5,0.2857
4,164.0000,19,25,142.6015,-70.5424,-1.2602,33,0.8250,0.4000,5,4,0,0,0,4,0,1.0000
4,164.0000,19,27,461.4737,-81.8854,-0.1789,19,0.4750,0.7143,7,8,7,0,0,8,7,0.1250
4,164.0000,19,29,568.4345,-83.9437,0.4242,15,0.3750,0.7500,4,7,6,0,0,7,6,0.1429
4,164.0000,19,31,856.2664,-86.7042,0.0577,4,0.1000,1.0000,8,4,4,0,0,4,4,0.0000
4,164.0000,19,32,494.3072,-83.4993,-0.3133,12,0.3000,1.0000,8,8,8,0,0,8,8,0.0000
4,164.0000,19,33,844.9390,-87.0329,-0.4496,7,0.1750,1.0000,6,4,4,0,0,4,4,0.0000
4,164.0000,19,36,581.6756,-84.6834,-0.5512,9,0.2250,0.6667,6,8,7,0,0,8,7,0.1250
4,164.0000,19,37,506.7544,-81.0730,-0.8433,12,0.3000,0.8000,5,9,8,0,0,9,8,0.1111
4,164.0000,19,38,692.9752,-84.7871,-0.5764,9,0.2250,0.6667,6,8,8,0,0,8,8,0.0000
4,164.0000,19,39,505.5899,-82.6904,0.7637,11,0.2750,0.8750,8,8,7,0,0,8,7,0.1250
4,164.0000,19,40,870.5514,-87.2835,0.3206,5,0.1250,1.0000,8,8,8,0,0,8,8,0.0000
4,164.0000,19,41,266.1329,-75.6020,-0.8863,25,0.6250,0.3333,6,7,5,0,0,7,5,0.2857
4,164.0000,19,43,289.4060,-79.3194,0.8341,18,0.4500,0.7500,8,7,5,0,0,7,5,0.2857
4,164.0000,19,45,828.1541,-86.9197,-0.4701,9,0.2250,1.0000,8,6,6,0,0,6,6,0.0000
4,164.0000,19,47,636.9014,-83.8403,-0.3924,8,0.2000,1.0000,10,8,7,0,0,8,7,0.1250
4,164.0000,20,3,228.4826,-77.6389,0.1081,28,0.6829,0.4000,5,5,1,0,0,5,1,0.8000
4,164.0000,20,6,344.1790,-79.7274,-0.2928,23,0.5610,0.5714,7,6,3,0,0,6,3,0.5000
4,164.0000,20,9,633.2379,-85.3039,0.0816,5,0.1220,1.0000,8,8,8,0,0,8,8,0.0000
4,164.0000,20,13,700.4659,-85.2729,-0.8444,4,0.0976,1.0000,8,8,8,0,0,8,8,0.0000
4,164.0000,20,17,956.3192,-87.9948,-1.0425,4,0.0976,1.0000,2,4,4,0,0,4,4,0.0000
4,164.0000,20,19,624.6730,-84.9084,1.4779,7,0.1707,1.0000,8,7,6,0,0,7,6,0.1429
4,164.0000,20,22,386.0457,-82.0962,1.0745,11,0.2683,1.0000,10,6,4,0,0,6,4,0.3333
4,164.0000,20,23,514.6365,-83.8811,-1.4328,7,0.1707,0.8750,8,8,8,0,0,8,8,0.0000
4,164.0000,20,24,591.3419,-85.8701,-0.8560,11,0.2683,0.8571,7,8,8,0,0,8,8,0.0000
4,164.0000,20,25,733.0248,-86.1517,1.5979,6,0.1463,1.0000,8,7,6,0,0,7,6,0.1429
4,164.0000,20,27,1036.8623,-87.7381,0.7885,3,0.0732,1.0000,4,4,4,0,0,4,4,0.0000
4,164.0000,20,30,925.1006,-87.4434,-0.8604,5,0.1220,,0,4,4,0,0,4,4,0.0000
4,164.0000,20,32,800.0213,-86.6509,-2.3020,4,0.0976,1.0000,8,6,6,0,0,6,6,0.0000
4,164.0000,20,33,260.0696,-79.1254,0.2982,31,0.7561,0.8000,10,5,1,38,11,43,12,0.7209
4,164.0000,20,35,906.2780,-87.1174,-0.3415,7,0.1707,,0,8,8,0,0,8,8,0.0000
4,164.0000,20,37,368.5450,-80.9682,-0.2593,16,0.3902,0.8750,8,7,6,0,0,7,6,0.1429
4,164.0000,20,38,511.3697,-84.0018,0.9978,8,0.1951,0.8571,7,7,6,0,0,7,6,0.1429
4,164.0000,20,39,278.2651,-79.0649,-0.0852,23,0.5610,0.7176,131,7,6,128,96,135,102,0.2444
4,164.0000,20,41,528.1022,-83.2009,0.9158,7,0.1707,1.0000,8,8,8,0,0,8,8,0.0000
4,164.0000,20,42,611.8025,-84.6120,-0.6859,19,0.4634,1.0000,8,8,8,0,0,8,8,0.0000
4,164.0000,21,1,610.6961,-83.9623,0.0821,8,0.2000,1.0000,8,7,6,0,0,7,6,0.1429
4,164.0000,21,7,707.5422,-85.6737,1.4000,3,0.0750,1.0000,8,8,7,0,0,8,7,0.1250
4,164.0000,21,8,724.7690,-85.2180,-0.3821,4,0.1000,1.0000,8,8,7,0,0,8,7,0.1250
4,164.0000,21,9,642.2945,-85.5770,-1.3613,5,0.1250,1.0000,8,6,4,0,0,6,4,0.3333
4,164.0000,21,10,353.8804,-79.4762,-0.7719,18,0.4500,0.8571,7,8,7,0,0,8,7,0.1250
4,164.0000,21,12,769.8236,-86.9955,0.5226,7,0.1750,1.0000,6,8,8,0,0,8,8,0.0000
4,164.0000,21,13,689.0412,-86.2010,-1.3439,4,0.1000,1.0000,8,7,6,0,0,7,6,0.1429
4,164.0000,21,16,469.6350,-82.2210,-0.6826,10,0.2500,0.7143,7,8,8,0,0,8,8,0.0000
4,164.0000,21,18,456.2699,-81.8855,0.5365,13,0.3250,1.0000,8,8,8,0,0,8,8,0.0000
4,164.0000,21,22,882.1938,-88.6037,-0.6581,3,0.0750,1.0000,8,2,2,0,0,2,2,0.0000
4,164.0000,21,25,873.2468,-87.6383,0.9420,4,0.1000,1.0000,8,8,8,0,0,8,8,0.0000
4,164.0000,21,26,417.6253,-83.3904,0.7481,15,0.3750,0.6667,6,5,2,0,0,5,2,0.6000
4,164.0000,21,27,888.0972,-87.6732,0.4637,3,0.0750,1.0000,8,6,6,0,0,6,6,0.0000
4,164.0000,21,31,582.3931,-85.3192,-0.3562,4,0.1000,1.0000,8,8,8,0,0,8,8,0.0000
4,164.0000,21,32,506.7322,-82.5112,0.2278,6,0.1500,1.0000,8,8,6,0,0,8,6,0.2500
4,164.0000,21,36,686.9162,-85.5118,-1.4548,4,0.1000,0.8750,8,8,8,0,0,8,8,0.0000
4,164.0000,21,40,184.5062,-75.2716,0.0537,32,0.8000,0.2000,5,5,1,0,0,5,1,0.8000
4,164.0000,21,43,736.9496,-88.1195,0.3487,5,0.1250,1.0000,4,6,6,0,0,6,6,0.0000
4,164.0000,21,44,710.3652,-86.1773,1.0908,5,0.1250,1.0000,8,8,8,0,0,8,8,0.0000
4,164.0000,21,45,271.0865,-77.9856,0.1187,26,0.6500,0.0000,4,5,1,0,0,5,1,0.8000
4,164.0000,21,47,681.7926,-84.1151,-0.7957,4,0.1000,1.0000,8,8,8,0,0,8,8,0.0000
4,164.0000,22,1,807.2030,-87.1469,0.0079,6,0.1500,1.0000,4,4,4,0,0,4,4,0.0000
4,164.0000,22,3,270.1422,-77.9101,0.5508,24,0.6000,0.2000,5,4,2,0,0,4,2,0.5000
4,164.0000,22,6,700.7437,-86.3473,-0.5007,6,0.1500,1.0000,4,8,8,0,0,8,8,0.0000
4,164.0000,22,7,598.8683,-84.0034,-1.0557,8,0.2000,1.0000,6,8,8,0,0,8,8,0.0000
4,164.0000,22,8,787.6177,-86.1159,-1.0937,5,0.1250,0.8571,7,6,6,0,0,6,6,0.0000
4,164.0000,22,9,424.7957,-81.2750,-0.1713,11,0.2750,0.9385,65,8,8,4,4,12,12,0.0000
4,164.0000,22,10,822.4340,-86.4638,-0.4574,8,0.2000,1.0000,8,8,8,0,0,8,8,0.0000
4,164.0000,22,13,573.6959,-85.8163,0.4802,6,0.1500,0.8571,7,8,8,0,0,8,8,0.0000
4,164.0000,22,16,566.9322,-84.8849,0.6580,12,0.3000,1.0000,8,8,8,0,0,8,8,0.0000
4,164.0000,22,19,526.4666,-84.1268,-0.3918,10,0.2500,0.7500,8,6,6,0,0,6,6,0.0000
4,164.0000,22,20,386.0457,-83.1287,0.8883,14,0.3500,0.6667,6,7,5,0,0,7,5,0.2857
4,164.0000,22,21,882.1938,-86.3858,-1.0315,5,0.1250,1.0000,6,6,6,0,0,6,6,0.0000
4,164.0000,22,23,159.3141,-71.0666,-0.7245,37,0.9250,0.0000,4,6,2,0,0,6,2,0.6667
4,164.0000,22,24,780.8236,-85.6685,-0.1731,4,0.1000,0.8000,5,6,6,0,0,6,6,0.0000
4,164.0000,22,25,562.8269,-84.1146,0.1457,9,0.2250,1.0000,8,8,8,0,0,8,8,0.0000
4,164.0000,22,27,806.2554,-85.0163,-0.3479,4,0.1000,1.0000,8,6,6,0,0,6,6,0.0000
4,164.0000,22,30,871.3203,-87.7789,0.1356,4,0.1000,1.0000,4,4,4,0,0,4,4,0.0000
4,164.0000,22,31,700.4837,-86.4041,0.6480,5,0.1250,1.0000,8,5,4,0,0,5,4,0.2000
4,164.0000,22,32,554.2060,-84.1259,-1.0367,10,0.2500,1.0000,8,8,8,0,0,8,8,0.0000
4,164.0000,22,33,534.3093,-83.7833,0.7391,6,0.1500,0.8333,12,8,8,0,0,8,8,0.0000
4,164.0000,22,36,891.4538,-87.7356,-1.0123,4,0.1000,1.0000,8,6,6,0,0,6,6,0.0000
4,164.0000,22,37,407.2836,-80.6718,-0.5466,10,0.2500,1.0000,8,10,10,0,0,10,10,0.0000
4,164.0000,22,38,464.9607,-82.6425,-0.4637,10,0.2500,1.0000,8,8,7,0,0,8,7,0.1250
4,164.0000,22,39,374.1560,-81.8526,1.0887,12,0.3000,0.8750,8,8,7,0,0,8,7,0.1250
4,164.0000,22,40,766.6746,-85.2365,0.5340,5,0.1250,0.8571,7,8,8,0,0,8,8,0.0000
4,164.0000,22,41,310.6395,-79.1954,-0.4171,22,0.5500,0.7778,9,6,3,13,10,19,13,0.3158
4,164.0000,22,42,902.2570,-86.9313,0.6455,3,0.0750,1.0000,6,4,4,0,0,4,4,0.0000
4,164.0000,22,43,456.3474,-82.2997,-0.0532,14,0.3500,1.0000,8,7,6,0,0,7,6,0.1429
4,164.0000,22,44,715.0274,-84.7553,-0.5952,6,0.1500,0.8571,7,6,6,0,0,6,6,0.0000
4,164.0000,22,45,874.2991,-87.7565,0.2401,4,0.1000,1.0000,8,4,4,0,0,4,4,0.0000
4,164.0000,22,47,514.7012,-82.6669,-0.0706,10,0.2500,0.6667,6,7,5,0,0,7,5,0.2857
4,164.0000,23,1,672.1343,-85.8605,0.3241,7,0.1750,1.0000,4,7,6,0,0,7,6,0.1429
4,164.0000,23,3,340.8364,-79.2168,-0.8525,17,0.4250,0.7143,7,7,6,0,0,7,6,0.1429
4,164.0000,23,6,802.5187,-87.2094,-0.6646,5,0.1250,1.0000,6,4,4,0,0,4,4,0.0000
4,164.0000,23,7,507.8136,-83.7275,0.4221,13,0.3250,1.0000,6,7,5,0,0,7,5,0.2857
4,164.0000,23,8,724.1721,-86.7769,-0.0691,6,0.1500,0.8571,7,6,6,0,0,6,6,0.0000
4,164.0000,23,9,341.5599,-81.1110,0.2604,13,0.3250,1.0000,8,7,5,0,0,7,5,0.2857
4,164.0000,23,10,682.9840,-84.5125,-0.8948,6,0.1500,1.0000,8,8,8,0,0,8,8,0.0000
4,164.0000,23,13,494.0359,-84.4047,-1.7200,10,0.2500,0.8571,7,6,4,0,0,6,4,0.3333
4,164.0000,23,16,428.8185,-83.7935,-0.7339,11,0.2750,0.9286,14,7,6,0,0,7,6,0.1429
4,164.0000,23,18,781.7178,-88.0594,-0.0473,5,0.1250,1.0000,8,5,4,0,0,5,4,0.2000
4,164.0000,23,19,491.9948,-82.6782,-0.3472,18,0.4500,0.6667,6,6,3,0,0,6,3,0.5000
4,164.0000,23,20,514.6365,-83.5033,-1.0822,14,0.3500,0.7143,7,6,5,128,119,134,124,0.0746
4,164.0000,23,21,728.0024,-86.8091,-0.6502,7,0.1750,1.0000,6,6,6,0,0,6,6,0.0000
4,164.0000,23,22,159.3141,-70.9705,-0.9983,36,0.9000,0.2391,46,5,2,9,3,14,5,0.6429
4,164.0000,23,24,844.0131,-87.8253,0.5612,3,0.0750,1.0000,6,8,8,0,0,8,8,0.0000
4,164.0000,23,25,495.1440,-82.2777,-0.4122,18,0.4500,0.8571,7,6,4,0,0,6,4,0.3333
4,164.0000,23,27,717.3487,-85.8700,0.1254,11,0.2750,0.8750,8,8,8,0,0,8,8,0.0000
4,164.0000,23,28,861.2795,-88.1127,-0.7704,6,0.1500,1.0000,6,7,5,0,0,7,5,0.2857
4,164.0000,23,31,599.0580,-84.9878,-0.6843,9,0.2250,1.0000,8,6,6,0,0,6,6,0.0000
4,164.0000,23,32,411.0960,-81.9057,-0.4923,14,0.3500,0.8571,7,7,6,0,0,7,6,0.1429
4,164.0000,23,33,648.9314,-84.7971,-0.2033,10,0.2500,0.7143,7,4,2,0,0,4,2,0.5000
4,164.0000,23,36,762.0484,-86.5240,-1.2823,8,0.2000,1.0000,8,8,8,0,0,8,8,0.0000
4,164.0000,23,37,417.9185,-82.1289,-0.6269,15,0.3750,1.0000,8,8,8,0,0,8,8,0.0000
4,164.0000,23,38,445.3561,-81.9897,0.3766,10,0.2500,0.2000,5,8,6,0,0,8,6,0.2500
4,164.0000,23,39,418.5256,-81.8704,0.0627,14,0.3500,0.7143,7,7,5,0,0,7,5,0.2857
4,164.0000,23,40,616.5996,-86.1777,-0.2488,8,0.2000,0.9873,79,8,8,0,0,8,8,0.0000
4,164.0000,23,41,236.6233,-77.0116,-0.9611,31,0.7750,0.7143,7,7,5,0,0,7,5,0.2857
4,164.0000,23,43,359.5060,-80.1347,-0.3373,21,0.5250,0.5000,6,8,5,0,0,8,5,0.3750
4,164.0000,23,44,645.9112,-87.1130,-0.6457,5,0.1250,0.8750,8,8,8,0,0,8,8,0.0000
4,164.0000,23,45,717.0800,-86.4296,0.6170,9,0.2250,0.8571,7,6,6,0,0,6,6,0.0000
4,164.0000,23,47,430.4376,-82.5595,-1.6166,10,0.2500,0.8750,8,8,7,0,0,8,7,0.1250
4,164.0000,24,2,739.0796,-86.3561,0.5498,11,0.2750,1.0000,4,4,4,0,0,4,4,0.0000
4,164.0000,24,3,604.4374,-85.2322,1.3949,3,0.0750,1.0000,6,6,6,0,0,6,6,0.0000
4,164.0000,24,4,762.8680,-85.1512,0.2272,8,0.2000,1.0000,4,8,8,0,0,8,8,0.0000
4,164.0000,24,6,442.2365,-82.9450,-0.0311,14,0.3500,0.8000,5,10,10,0,0,10,10,0.0000
4,164.0000,24,8,755.2338,-86.3345,0.0960,5,0.1250,1.0000,10,4,4,0,0,4,4,0.0000
4,164.0000,24,9,680.7046,-83.7973,-2.9490,5,0.1250,0.7143,7,8,8,0,0,8,8,0.0000
4,164.0000,24,11,444.7186,-81.4975,-0.4423,22,0.5500,0.8571,7,8,7,0,0,8,7,0.1250
4,164.0000,24,13,657.3879,-85.4796,0.8267,6,0.1500,1.0000,8,7,6,0,0,7,6,0.1429
4,164.0000,24,14,398.3222,-79.2445,-0.4098,25,0.6250,0.0000,4,8,8,0,0,8,8,0.0000
4,164.0000,24,15,451.3035,-84.4193,0.5506,16,0.4000,1.0000,8,8,6,0,0,8,6,0.2500
4,164.0000,24,16,912.0367,-88.5976,0.5329,3,0.0750,1.0000,10,6,6,0,0,6,6,0.0000
4,164.0000,24,17,499.9793,-83.2713,0.0916,16,0.4000,0.8571,7,8,8,0,0,8,8,0.0000
4,164.0000,24,20,591.3419,-85.6428,-0.4153,8,0.2000,1.0000,8,8,7,0,0,8,7,0.1250
4,164.0000,24,22,780.8236,-88.5907,0.8444,3,0.0750,1.0000,8,8,8,0,0,8,8,0.0000
4,164.0000,24,28,598.9470,-83.3926,-0.7323,9,0.2250,1.0000,8,7,6,0,0,7,6,0.1429
4,164.0000,24,30,548.1588,-82.4767,-0.1918,14,0.3500,0.7143,7,7,6,0,0,7,6,0.1429
4,164.0000,24,31,778.6705,-87.7261,1.2919,4,0.1000,1.0000,8,8,8,0,0,8,8,0.0000
4,164.0000,24,33,360.6875,-80.2432,0.9598,17,0.4250,0.8571,7,7,6,0,0,7,6,0.1429
4,164.0000,24,35,506.1771,-84.0946,0.7440,17,0.4250,1.0000,8,7,6,0,0,7,6,0.1429
4,164.0000,24,37,564.5942,-83.7600,-0.4713,6,0.1500,1.0000,8,8,8,0,0,8,8,0.0000
4,164.0000,24,38,485.7688,-84.3602,-0.6423,7,0.1750,1.0000,8,8,7,0,0,8,7,0.1250
4,164.0000,24,39,556.9059,-84.7048,0.4727,8,0.2000,1.0000,8,7,6,0,0,7,6,0.1429
4,164.0000,24,40,1131.1674,-88.3633,-0.6833,3,0.0750,1.0000,4,4,4,0,0,4,4,0.0000
4,164.0000,24,42,537.5343,-83.7711,0.2989,17,0.4250,1.0000,6,7,5,0,0,7,5,0.2857
4,164.0000,24,44,663.3986,-84.2417,-0.4320,7,0.1750,1.0000,8,8,8,0,0,8,8,0.0000
4,164.0000,24,46,259.6408,-77.9144,0.7491,29,0.7250,0.0000,4,6,3,0,0,6,3,0.5000
4,164.0000,24,47,680.8434,-86.0425,0.2251,5,0.1250,1.0000,8,8,8,0,0,8,8,0.0000
4,164.0000,25,0,929.0740,-88.3196,-0.0048,6,0.1500,1.0000,2,6,6,0,0,6,6,0.0000
4,164.0000,25,1,411.3511,-82.7635,0.8157,11,0.2750,0.5714,7,8,8,0,0,8,8,0.0000
4,164.0000,25,3,578.9580,-83.9524,-0.7004,11,0.2750,1.0000,8,8,8,0,0,8,8,0.0000
4,164.0000,25,5,789.4983,-86.5108,2.5729,4,0.1000,1.0000,2,8,8,0,0,8,8,0.0000
4,164.0000,25,6,968.4986,-86.6550,-0.0559,3,0.0750,1.0000,4,6,6,0,0,6,6,0.0000
4,164.0000,25,7,599.5095,-84.5915,-0.2259,8,0.2000,0.8571,7,8,8,0,0,8,8,0.0000
4,164.0000,25,9,705.5049,-88.0386,0.0166,5,0.1250,0.8750,8,8,7,0,0,8,7,0.1250
4,164.0000,25,10,840.8810,-86.3303,0.2931,6,0.1500,1.0000,8,6,6,0,0,6,6,0.0000
4,164.0000,25,13,742.0157,-86.2204,-1.0981,6,0.1500,1.0000,8,8,8,0,0,8,8,0.0000
4,164.0000,25,16,586.9596,-85.2550,0.5136,7,0.1750,1.0000,8,8,8,0,0,8,8,0.0000
4,164.0000,25,18,858.7843,-87.8975,0.0531,6,0.1500,1.0000,6,8,8,0,0,8,8,0.0000
4,164.0000,25,19,142.6015,-70.1989,-1.2090,34,0.8500,0.0000,4,4,0,0,0,4,0,1.0000
4,164.0000,25,20,733.0248,-85.8197,-0.3063,10,0.2500,0.4000,5,3,2,0,0,3,2,0.3333
4,164.0000,25,21,873.2468,-87.4492,-0.5209,4,0.1000,1.0000,8,8,8,0,0,8,8,0.0000
4,164.0000,25,22,562.8269,-83.0019,0.0571,10,0.2500,1.0000,8,7,6,0,0,7,6,0.1429
4,164.0000,25,23,495.1440,-82.3461,-0.1655,11,0.2750,0.7143,7,8,8,0,0,8,8,0.0000
4,164.0000,25,27,329.7684,-79.4536,0.0962,20,0.5000,0.4000,5,8,3,0,0,8,3,0.6250
4,164.0000,25,29,455.8930,-83.1719,-0.0660,17,0.4250,0.6667,6,8,8,0,0,8,8,0.0000
4,164.0000,25,31,853.7556,-86.7575,-0.0423,5,0.1250,1.0000,10,6,6,0,0,6,6,0.0000
4,164.0000,25,32,444.6633,-83.2323,-0.4155,9,0.2250,0.8750,8,8,7,0,0,8,7,0.1250
4,164.0000,25,34,878.5928,-87.8072,4.2363,4,0.1000,,0,4,3,0,0,4,3,0.2500
4,164.0000,25,36,451.9343,-83.8746,1.8569,8,0.2000,0.8571,7,7,5,0,0,7,5,0.2857
4,164.0000,25,37,593.6565,-84.6296,-1.3174,8,0.2000,0.6667,6,9,9,0,0,9,9,0.0000
4,164.0000,25,38,747.5460,-85.7585,-1.2278,7,0.1750,1.0000,8,8,8,0,0,8,8,0.0000
4,164.0000,25,39,603.6324,-87.7790,0.2701,6,0.1500,0.8750,8,8,8,0,0,8,8,0.0000
4,164.0000,25,40,803.7720,-88.0975,8.6612,3,0.0750,1.0000,8,8,8,0,0,8,8,0.0000
4,164.0000,25,41,284.1742,-76.6107,-1.1295,23,0.5750,0.3333,6,7,6,0,0,7,6,0.1429
4,164.0000,25,43,196.3639,-76.2565,0.1919,24,0.6000,0.0000,4,5,1,0,0,5,1,0.8000
4,164.0000,25,45,713.0038,-86.1152,-1.2954,5,0.1250,1.0000,8,8,8,0,0,8,8,0.0000
4,164.0000,25,47,659.1952,-84.1305,-1.1178,7,0.1750,1.0000,8,8,8,0,0,8,8,0.0000
4,164.0000,26,0,838.8656,-86.9018,-1.2312,7,0.1750,1.0000,4,6,6,0,0,6,6,0.0000
4,164.0000,26,1,506.3302,-83.5465,-0.7597,8,0.2000,0.8750,8,7,6,0,0,7,6,0.1429
4,164.0000,26,5,535.4824,-84.5076,-0.8542,13,0.3250,0.8571,7,8,6,0,0,8,6,0.2500
4,164.0000,26,7,843.5871,-87.1890,1.0136,4,0.1000,0.8571,7,6,6,0,0,6,6,0.0000
4,164.0000,26,10,564.6764,-84.2777,-0.2019,7,0.1750,1.0000,8,8,8,0,0,8,8,0.0000
4,164.0000,26,12,450.1370,-81.6957,-0.3855,25,0.6250,0.4000,5,8,7,0,0,8,7,0.1250
4,164.0000,26,18,539.4812,-85.0815,1.4086,7,0.1750,1.0000,8,8,7,0,0,8,7,0.1250
4,164.0000,26,21,417.6253,-83.2140,0.7299,12,0.3000,1.0000,8,8,7,0,0,8,7,0.1250
4,164.0000,26,27,826.5067,-87.4432,1.2141,4,0.1000,1.0000,8,4,4,0,0,4,4,0.0000
4,164.0000,26,29,818.7590,-84.9660,-0.2192,4,0.1000,0.9000,10,6,6,0,0,6,6,0.0000
4,164.0000,26,31,833.3429,-86.0725,-0.1413,4,0.1000,1.0000,8,8,8,0,0,8,8,0.0000
4,164.0000,26,34,728.5989,-85.7010,-0.4981,9,0.2250,1.0000,8,7,6,0,0,7,6,0.1429
4,164.0000,26,36,533.4812,-82.7689,-1.0124,10,0.2500,1.0000,8,8,8,0,0,8,8,0.0000
4,164.0000,26,40,513.7898,-86.0575,-0.5451,5,0.1250,0.8750,8,7,5,0,0,7,5,0.2857
4,164.0000,26,45,310.7509,-81.0573,0.3403,14,0.3500,1.0000,8,6,3,0,0,6,3,0.5000
4,164.0000,27,0,617.7805,-85.6494,-0.5364,11,0.2750,1.0000,8,8,7,0,0,8,7,0.1250
4,164.0000,27,1,378.0041,-81.2595,-0.4035,14,0.3500,0.2000,5,7,5,0,0,7,5,0.2857
4,164.0000,27,5,562.5526,-84.5486,0.1548,14,0.3500,0.8571,7,7,6,0,0,7,6,0.1429
4,164.0000,27,12,737.3935,-85.2391,-0.7332,9,0.2250,1.0000,8,8,8,0,0,8,8,0.0000
4,164.0000,27,19,461.4737,-82.7581,-0.3577,11,0.2750,0.8571,7,6,2,0,0,6,2,0.6667
4,164.0000,27,21,888.0972,-87.8903,0.5263,3,0.0750,1.0000,6,8,8,0,0,8,8,0.0000
4,164.0000,27,22,806.2554,-85.9997,-2.1028,3,0.0750,1.0000,8,4,4,0,0,4,4,0.0000
4,164.0000,27,23,717.3487,-84.4142,-0.8680,6,0.1500,1.0000,8,8,8,0,0,8,8,0.0000
4,164.0000,27,25,329.7684,-80.6660,-0.3816,19,0.4750,0.5000,6,7,6,0,0,7,6,0.1429
4,164.0000,27,26,826.5067,-88.3585,-0.5186,4,0.1000,1.0000,8,8,8,0,0,8,8,0.0000
4,164.0000,27,29,236.4924,-78.0813,0.3012,33,0.8250,0.8571,7,5,1,0,0,5,1,0.8000
4,164.0000,27,32,617.2078,-85.0976,0.1701,3,0.0750,0.8750,8,8,8,0,0,8,8,0.0000
4,164.0000,27,34,614.2521,-86.1102,-0.3459,11,0.2750,1.0000,8,8,8,0,0,8,8,0.0000
4,164.0000,27,36,318.0751,-79.8547,0.2209,20,0.5000,0.5714,7,4,0,0,0,4,0,1.0000
4,164.0000,27,40,886.5729,-87.6689,-0.9912,3,0.0750,1.0000,8,6,6,0,0,6,6,0.0000
4,164.0000,27,41,566.7186,-83.7987,-1.1199,8,0.2000,1.0000,8,8,8,0,0,8,8,0.0000
4,164.0000,27,43,359.9517,-78.8991,0.0277,16,0.4000,0.7500,8,8,8,0,0,8,8,0.0000
4,164.0000,27,45,654.2311,-86.1376,0.1588,5,0.1250,1.0000,8,8,8,0,0,8,8,0.0000
4,164.0000,28,2,766.9055,-85.6178,-0.5549,7,0.1750,1.0000,8,6,6,0,0,6,6,0.0000
4,164.0000,28,4,799.4389,-85.7050,-0.3495,12,0.3000,0.8000,5,8,8,0,0,8,8,0.0000
4,164.0000,28,8,298.8386,-79.1195,0.0702,21,0.5250,0.5714,7,4,0,0,0,4,0,1.0000
4,164.0000,28,9,531.3280,-81.9488,2.3958,3,0.0750,0.8571,7,7,6,0,0,7,6,0.1429
4,164.0000,28,11,714.7459,-85.9124,0.6082,8,0.2000,1.0000,8,8,8,0,0,8,8,0.0000
4,164.0000,28,13,463.5290,-82.0193,0.3647,7,0.1750,1.0000,8,8,8,0,0,8,8,0.0000
4,164.0000,28,14,456.2013,-81.3800,-0.4065,17,0.4250,1.0000,8,7,5,0,0,7,5,0.2857
4,164.0000,28,15,731.6209,-86.7910,0.7840,9,0.2250,1.0000,8,8,8,0,0,8,8,0.0000
4,164.0000,28,16,692.1396,-86.0155,1.3904,3,0.0750,1.0000,8,8,8,0,0,8,8,0.0000
4,164.0000,28,17,684.4076,-85.5783,1.1103,7,0.1750,0.8750,8,6,6,0,0,6,6,0.0000
4,164.0000,28,18,723.1874,-85.7831,-1.9987,4,0.1000,1.0000,8,6,6,0,0,6,6,0.0000
4,164.0000,28,20,961.5056,-87.1697,0.6008,3,0.0750,1.0000,8,4,4,0,0,4,4,0.0000
4,164.0000,28,24,598.9470,-83.4036,-0.8709,11,0.2750,1.0000,8,8,8,0,0,8,8,0.0000
4,164.0000,28,30,166.5806,-74.3320,0.5303,34,0.8500,0.2000,5,5,1,0,0,5,1,0.8000
4,164.0000,28,31,416.3438,-83.3023,1.1600,8,0.2000,1.0000,8,8,7,0,0,8,7,0.1250
4,164.0000,28,33,825.0696,-87.0081,-0.6405,3,0.0750,1.0000,8,8,8,0,0,8,8,0.0000
4,164.0000,28,38,501.5342,-84.5755,0.0867,5,0.1250,1.0000,6,8,6,0,0,8,6,0.2500
4,164.0000,28,39,787.0688,-85.5653,0.5650,4,0.1000,1.0000,8,7,5,0,0,7,5,0.2857
4,164.0000,28,44,251.8368,-76.9298,0.3884,25,0.6250,0.7143,7,8,7,0,0,8,7,0.1250
4,164.0000,28,46,505.0536,-84.5991,0.7381,15,0.3750,1.0000,8,10,10,0,0,10,10,0.0000
4,164.0000,28,47,543.6244,-83.8504,2.7231,5,0.1250,1.0000,8,8,7,0,0,8,7,0.1250
4,164.0000,29,0,528.5287,-83.7338,-0.8650,29,0.7250,0.7143,7,5,3,0,0,5,3,0.4000
4,164.0000,29,1,395.7697,-82.0273,0.1965,13,0.3250,1.0000,8,8,6,0,0,8,6,0.2500
4,164.0000,29,5,447.3014,-83.1242,0.5478,23,0.5750,1.0000,8,8,6,0,0,8,6,0.2500
4,164.0000,29,12,683.4887,-85.9980,0.2031,12,0.3000,1.0000,8,7,6,0,0,7,6,0.1429
4,164.0000,29,19,568.4345,-84.3939,1.1299,7,0.1750,1.0000,8,8,8,0,0,8,8,0.0000
4,164.0000,29,25,455.8930,-84.3897,1.2136,9,0.2250,0.7143,7,6,3,0,0,6,3,0.5000
4,164.0000,29,26,818.7590,-87.4155,0.4023,4,0.1000,1.0000,8,8,7,0,0,8,7,0.1250
4,164.0000,29,27,236.4924,-78.3784,0.5956,32,0.8000,0.8571,7,4,0,0,0,4,0,1.0000
4,164.0000,29,34,461.6362,-82.6318,-0.1311,27,0.6750,1.0000,8,7,6,0,0,7,6,0.1429
4,164.0000,29,36,302.1189,-79.9781,1.8613,22,0.5500,0.4000,5,5,2,0,0,5,2,0.6000
4,164.0000,29,41,718.2687,-85.9072,0.7827,5,0.1250,1.0000,8,7,6,0,0,7,6,0.1429
4,164.0000,29,43,545.5469,-84.7531,0.5129,8,0.2000,1.0000,8,7,6,0,0,7,6,0.1429
4,164.0000,29,45,733.7483,-86.2311,3.8687,4,0.1000,1.0000,8,8,8,0,0,8,8,0.0000
4,164.0000,30,2,645.0218,-85.0192,-0.2043,12,0.2927,0.8000,5,8,8,0,0,8,8,0.0000
4,164.0000,30,3,819.4600,-87.2804,1.2606,3,0.0732,1.0000,6,8,8,0,0,8,8,0.0000
4,164.0000,30,4,670.2008,-85.0220,-0.7770,15,0.3659,0.6667,6,8,8,0,0,8,8,0.0000
4,164.0000,30,8,293.4803,-80.0197,-0.2882,16,0.3902,0.7143,7,7,5,0,0,7,5,0.2857
4,164.0000,30,9,551.8764,-83.6104,0.6881,4,0.0976,1.0000,8,8,8,0,0,8,8,0.0000
4,164.0000,30,11,631.1504,-84.9018,-0.0414,10,0.2439,0.5000,6,7,6,0,0,7,6,0.1429
4,164.0000,30,13,538.0162,-83.2043,0.9930,4,0.0976,0.8571,7,8,8,0,0,8,8,0.0000
4,164.0000,30,14,416.4761,-80.4664,-0.6185,24,0.5854,0.6667,6,7,5,0,0,7,5,0.2857
4,164.0000,30,15,654.2814,-85.4850,-0.1111,13,0.3171,1.0000,8,6,6,0,0,6,6,0.0000
4,164.0000,30,17,542.3412,-83.6340,-0.5830,19,0.4634,0.7143,7,6,3,0,0,6,3,0.5000
4,164.0000,30,24,548.1588,-83.8710,-0.8200,12,0.2927,1.0000,8,8,7,0,0,8,7,0.1250
4,164.0000,30,28,166.5806,-73.9434,-0.1500,31,0.7561,0.0000,5,5,1,0,0,5,1,0.8000
4,164.0000,30,33,765.5191,-85.9569,-0.3148,3,0.0732,1.0000,8,8,8,0,0,8,8,0.0000
4,164.0000,30,38,523.9639,-85.7706,0.8721,3,0.0732,0.8571,7,7,6,0,0,7,6,0.1429
4,164.0000,30,44,323.4294,-79.0676,-0.3170,13,0.3171,0.8571,7,8,7,0,0,8,7,0.1250
4,164.0000,30,46,429.1088,-82.0836,0.3316,20,0.4878,0.7500,8,7,6,0,0,7,6,0.1429
4,164.0000,31,1,782.7129,-85.8718,-0.6095,6,0.1500,0.7143,7,6,6,0,0,6,6,0.0000
4,164.0000,31,3,667.6637,-86.3403,-0.2463,6,0.1500,0.8571,7,8,8,0,0,8,8,0.0000
4,164.0000,31,7,328.2305,-78.9910,-0.7196,20,0.5000,0.4000,5,6,3,0,0,6,3,0.5000
4,164.0000,31,8,359.4544,-80.1655,0.0935,22,0.5500,0.5000,6,6,4,0,0,6,4,0.3333
4,164.0000,31,9,281.1823,-77.2284,-0.3047,25,0.6250,0.0000,4,7,5,0,0,7,5,0.2857
4,164.0000,31,10,280.0885,-80.1411,-0.2226,24,0.6000,0.5000,6,6,2,0,0,6,2,0.6667
4,164.0000,31,13,184.6241,-75.1473,0.2113,26,0.6500,0.4867,113,4,0,108,45,112,45,0.5982
4,164.0000,31,14,813.7072,-86.9325,0.1301,5,0.1250,1.0000,2,9,8,0,0,9,8,0.1111
4,164.0000,31,16,290.9098,-78.6806,0.1918,20,0.5000,0.3333,6,8,7,0,0,8,7,0.1250
4,164.0000,31,18,357.3341,-80.5924,-0.5043,28,0.7000,0.8571,7,6,4,0,0,6,4,0.3333
4,164.0000,31,19,856.2664,-88.0588,-1.5581,6,0.1500,1.0000,8,7,6,0,0,7,6,0.1429
4,164.0000,31,21,582.3931,-83.5990,-0.8237,11,0.2750,0.8750,8,8,7,0,0,8,7,0.1250
4,164.0000,31,22,700.4837,-87.2960,0.4894,4,0.1000,1.0000,8,2,2,0,0,2,2,0.0000
4,164.0000,31,23,599.0580,-85.4130,-1.8215,5,0.1250,1.0000,8,7,6,0,0,7,6,0.1429
4,164.0000,31,24,778.6705,-85.2811,-0.0997,7,0.1750,1.0000,6,8,8,0,0,8,8,0.0000
4,164.0000,31,26,833.3429,-87.9797,-0.3063,3,0.0750,1.0000,6,8,8,0,0,8,8,0.0000
4,164.0000,31,28,416.3438,-82.9320,0.6045,14,0.3500,0.8000,10,7,4,0,0,7,4,0.4286
4,164.0000,31,30,513.7368,-84.1787,0.4284,17,0.4250,0.8333,6,6,6,0,0,6,6,0.0000
4,164.0000,31,32,444.4207,-80.2734,-1.1928,11,0.2750,0.8571,7,8,8,0,0,8,8,0.0000
4,164.0000,31,33,852.6784,-84.5943,-0.6924,3,0.0750,1.0000,8,6,6,0,0,6,6,0.0000
4,164.0000,31,36,909.0255,-86.5455,-0.6505,4,0.1000,1.0000,8,6,6,0,0,6,6,0.0000
4,164.0000,31,37,558.0593,-84.8593,-0.8654,9,0.2250,1.0000,8,8,8,0,0,8,8,0.0000
4,164.0000,31,38,377.2608,-80.6775,-0.9983,13,0.3250,0.8571,7,8,8,0,0,8,8,0.0000
4,164.0000,31,39,636.7196,-86.1108,-0.2163,6,0.1500,1.0000,8,8,7,0,0,8,7,0.1250
4,164.0000,31,40,399.6806,-80.4079,-0.4962,17,0.4250,0.5000,4,9,7,0,0,9,7,0.2222
4,164.0000,31,41,645.5977,-84.4931,-1.0537,6,0.1500,0.6667,6,7,6,0,0,7,6,0.1429
4,164.0000,31,44,192.9152,-77.3385,0.7325,28,0.7000,0.3333,6,4,0,0,0,4,0,1.0000
4,164.0000,31,45,726.9096,-87.5658,0.7464,4,0.1000,1.0000,8,6,6,0,0,6,6,0.0000
4,164.0000,31,46,814.1817,-87.8472,-0.5915,4,0.1000,1.0000,6,8,8,0,0,8,8,0.0000
4,164.0000,31,47,246.2480,-76.9802,-0.2723,24,0.6000,1.0000,8,6,3,0,0,6,3,0.5000
4,164.0000,32,1,365.9086,-81.5340,-0.7808,26,0.6500,0.7143,7,7,4,0,0,7,4,0.4286
4,164.0000,32,3,574.7781,-84.7125,-0.2388,10,0.2500,1.0000,8,8,8,0,0,8,8,0.0000
4,164.0000,32,5,809.8414,-87.6725,-0.0078,12,0.3000,0.0000,1,6,6,0,0,6,6,0.0000
4,164.0000,32,7,298.1853,-76.7068,-0.7683,33,0.8250,0.0000,4,8,5,0,0,8,5,0.3750
4,164.0000,32,8,736.1591,-86.0348,-2.1131,5,0.1250,0.5714,7,6,5,0,0,6,5,0.1667
4,164.0000,32,9,391.6527,-80.7811,0.3060,11,0.2750,0.5714,7,7,5,0,0,7,5,0.2857
4,164.0000,32,10,397.5854,-80.6785,-0.4445,25,0.6250,0.7143,7,7,6,0,0,7,6,0.1429
4,164.0000,32,12,896.0929,-88.1271,-0.2179,5,0.1250,1.0000,6,5,4,0,0,5,4,0.2000
4,164.0000,32,13,398.7602,-79.6020,-0.6580,16,0.4000,0.7143,7,8,8,0,0,8,8,0.0000
4,164.0000,32,16,156.7858,-72.1288,-0.1418,32,0.8000,0.0000,4,7,6,0,0,7,6,0.1429
4,164.0000,32,18,436.8943,-82.2240,-0.5016,20,0.5000,0.6667,6,6,3,0,0,6,3,0.5000
4,164.0000,32,19,494.3072,-82.6347,-0.9175,13,0.3250,0.8571,7,8,7,0,0,8,7,0.1250
4,164.0000,32,20,800.0213,-87.6592,0.1092,6,0.1500,1.0000,6,6,6,0,0,6,6,0.0000
4,164.0000,32,21,506.7322,-83.7168,-0.0474,17,0.4250,0.8571,7,8,7,0,0,8,7,0.1250
4,164.0000,32,22,554.2060,-83.0733,-0.8105,12,0.3000,0.4000,5,8,7,0,0,8,7,0.1250
4,164.0000,32,23,411.0960,-82.5960,-0.4493,15,0.3750,0.8571,7,7,5,0,0,7,5,0.2857
4,164.0000,32,24,997.4836,-87.7048,-0.7323,4,0.1000,1.0000,4,4,4,0,0,4,4,0.0000
4,164.0000,32,25,444.6633,-83.5325,-0.0258,15,0.3750,0.8571,7,7,6,0,0,7,6,0.1429
4,164.0000,32,26,633.6387,-85.6082,0.2419,11,0.2750,1.0000,2,8,7,0,0,8,7,0.1250
4,164.0000,32,27,617.2078,-85.4811,0.4707,12,0.3000,0.6000,5,7,6,0,0,7,6,0.1429
4,164.0000,32,28,840.4885,-86.6634,-0.4067,6,0.1500,1.0000,8,8,8,0,0,8,8,0.0000
4,164.0000,32,29,711.4079,-86.3306,-0.2397,8,0.2000,1.0000,4,6,6,0,0,6,6,0.0000
4,164.0000,32,31,444.4207,-80.5328,-0.7748,19,0.4750,0.7143,7,6,5,0,0,6,5,0.1667
4,164.0000,32,34,974.2526,-87.5941,0.1553,6,0.1500,,0,4,4,0,0,4,4,0.0000
4,164.0000,32,36,489.7334,-83.7883,-0.2620,18,0.4500,0.8750,8,7,6,0,0,7,6,0.1429
4,164.0000,32,37,510.7569,-83.0016,-0.5558,11,0.2750,0.4000,5,7,6,0,0,7,6,0.1429
4,164.0000,32,38,514.2408,-83.0783,-1.7730,10,0.2500,0.8571,7,8,8,0,0,8,8,0.0000
4,164.0000,32,39,573.8192,-85.4210,0.5962,10,0.2500,0.8750,8,7,6,0,0,7,6,0.1429
4,164.0000,32,40,388.3472,-79.7702,-0.5949,27,0.6750,0.4286,7,6,4,0,0,6,4,0.3333
4,164.0000,32,41,334.9341,-80.2630,-0.1605,17,0.4250,0.5000,6,7,4,0,0,7,4,0.4286
4,164.0000,32,43,372.5700,-81.7642,0.3041,18,0.4500,0.3333,3,6,4,0,0,6,4,0.3333
4,164.0000,32,44,602.6976,-85.5096,-0.1295,8,0.2000,1.0000,8,8,7,0,0,8,7,0.1250
4,164.0000,32,45,461.0398,-82.8209,0.0001,20,0.5000,0.7143,7,8,8,0,0,8,8,0.0000
4,164.0000,32,47,336.6513,-76.0986,-2.1575,24,0.6000,0.7143,7,7,5,0,0,7,5,0.2857
4,164.0000,33,3,374.5057,-79.7889,-0.2842,11,0.2750,0.6667,6,4,0,0,0,4,0,1.0000
4,164.0000,33,4,1016.8183,-87.7191,0.5563,4,0.1000,1.0000,2,8,8,0,0,8,8,0.0000
4,164.0000,33,6,272.5502,-78.6993,-0.1119,31,0.7750,0.5714,7,3,0,0,0,3,0,1.0000
4,164.0000,33,7,762.2481,-86.6809,0.3188,4,0.1000,1.0000,4,7,6,0,0,7,6,0.1429
4,164.0000,33,8,871.9059,-86.5401,0.0153,4,0.1000,1.0000,8,4,4,0,0,4,4,0.0000
4,164.0000,33,9,646.3038,-85.7392,1.1856,5,0.1250,1.0000,8,8,8,0,0,8,8,0.0000
4,164.0000,33,11,758.8153,-85.4005,-0.2194,4,0.1000,1.0000,8,8,8,0,0,8,8,0.0000
4,164.0000,33,13,694.7123,-84.4277,-3.5049,4,0.1000,1.0000,8,8,7,0,0,8,7,0.1250
4,164.0000,33,14,747.9836,-86.6945,0.4981,9,0.2250,1.0000,8,8,8,0,0,8,8,0.0000
4,164.0000,33,15,769.2540,-86.0130,0.2827,9,0.2250,1.0000,8,6,6,0,0,6,6,0.0000
4,164.0000,33,17,712.5048,-85.8716,0.7054,8,0.2000,0.8889,9,2,2,0,0,2,2,0.0000
4,164.0000,33,19,844.9390,-88.4235,0.6858,3,0.0750,0.8571,7,8,8,0,0,8,8,0.0000
4,164.0000,33,20,260.0696,-78.7362,0.3132,27,0.6750,0.6667,6,5,1,0,0,5,1,0.8000
4,164.0000,33,22,534.3093,-86.4360,0.3981,4,0.1000,0.8889,9,8,7,0,0,8,7,0.1250
4,164.0000,33,23,648.9314,-85.5893,2.1538,3,0.0750,1.0000,8,7,6,0,0,7,6,0.1429
4,164.0000,33,24,360.6875,-80.4574,-0.5420,17,0.4250,0.6667,6,7,5,0,0,7,5,0.2857
4,164.0000,33,28,825.0696,-86.9588,0.2375,5,0.1250,1.0000,8,6,6,0,0,6,6,0.0000
4,164.0000,33,30,765.5191,-86.9775,-0.1696,5,0.1250,0.8571,7,8,8,0,0,8,8,0.0000
4,164.0000,33,31,852.6784,-87.1943,-0.2890,5,0.1250,0.9000,10,4,4,0,0,4,4,0.0000
4,164.0000,33,32,912.8784,-88.6469,-1.3673,3,0.0750,1.0000,8,2,2,0,0,2,2,0.0000
4,164.0000,33,35,668.0428,-86.9310,0.8072,9,0.2250,0.8750,8,8,7,0,0,8,7,0.1250
4,164.0000,33,37,442.8313,-83.7755,-1.1664,7,0.1750,0.8750,8,8,7,0,0,8,7,0.1250
4,164.0000,33,38,483.4011,-84.0764,1.9894,7,0.1750,0.7143,7,7,6,0,0,7,6,0.1429
4,164.0000,33,39,379.6796,-78.7470,-0.3693,16,0.4000,0.6667,6,8,8,0,0,8,8,0.0000
4,164.0000,33,41,708.6389,-85.4990,1.3077,4,0.1000,0.9000,10,6,6,0,0,6,6,0.0000
4,164.0000,33,42,420.2977,-82.2771,0.6931,19,0.4750,1.0000,8,8,8,0,0,8,8,0.0000
4,164.0000,33,44,781.7616,-87.1850,0.2187,5,0.1250,1.0000,8,8,8,0,0,8,8,0.0000
4,164.0000,33,46,593.9999,-85.1489,-0.5171,13,0.3250,0.8571,7,8,8,0,0,8,8,0.0000
4,164.0000,33,47,676.4475,-87.3041,1.5964,3,0.0750,1.0000,8,8,8,0,0,8,8,0.0000
4,164.0000,34,0,232.0507,-77.5855,0.2748,39,0.9512,0.0000,3,5,0,0,0,5,0,1.0000
4,164.0000,34,1,610.4738,-83.9673,0.9562,5,0.1220,1.0000,6,8,7,0,0,8,7,0.1250
4,164.0000,34,5,197.4624,-76.2355,0.9735,35,0.8537,0.0000,4,5,1,0,0,5,1,0.8000
4,164.0000,34,12,386.7129,-80.7552,-0.4123,22,0.5366,0.3333,6,4,1,0,0,4,1,0.7500
4,164.0000,34,26,728.5989,-84.4982,-0.5332,3,0.0732,1.0000,8,8,8,0,0,8,8,0.0000
4,164.0000,34,27,614.2521,-84.4898,0.3575,7,0.1707,0.8750,8,8,6,0,0,8,6,0.2500
4,164.0000,34,29,461.6362,-82.0650,-0.1430,16,0.3902,0.6667,6,7,5,0,0,7,5,0.2857
4,164.0000,34,36,491.6888,-84.9126,-0.1071,6,0.1463,0.9000,10,6,5,0,0,6,5,0.1667
4,164.0000,35,2,768.3721,-87.1243,0.0828,6,0.1500,1.0000,2,8,8,0,0,8,8,0.0000
4,164.0000,35,4,782.3940,-86.1117,0.8763,6,0.1500,1.0000,8,8,8,0,0,8,8,0.0000
4,164.0000,35,6,653.8455,-84.9369,1.2471,7,0.1750,1.0000,8,8,7,0,0,8,7,0.1250
4,164.0000,35,11,437.8317,-82.4167,0.1452,23,0.5750,0.5714,7,7,3,0,0,7,3,0.5714
4,164.0000,35,14,647.6107,-85.5901,0.4567,9,0.2250,1.0000,8,8,8,0,0,8,8,0.0000
4,164.0000,35,15,424.3224,-83.3985,-0.5085,14,0.3500,0.5714,7,6,2,0,0,6,2,0.6667
4,164.0000,35,17,599.9245,-84.6082,0.0817,9,0.2250,0.8571,7,6,4,0,0,6,4,0.3333
4,164.0000,35,24,506.1771,-84.3539,0.0206,9,0.2250,1.0000,8,7,5,0,0,7,5,0.2857
4,164.0000,35,33,668.0428,-85.3719,-0.2951,5,0.1250,1.0000,8,8,8,0,0,8,8,0.0000
4,164.0000,35,42,447.3662,-82.6344,0.1221,17,0.4250,0.4000,5,6,4,0,0,6,4,0.3333
4,164.0000,35,46,540.0262,-84.6853,-0.1492,9,0.2250,0.8750,8,7,5,0,0,7,5,0.2857
4,164.0000,36,0,586.4614,-85.4723,0.7318,19,0.4750,0.8000,5,8,8,0,0,8,8,0.0000
4,164.0000,36,1,128.3585,-71.1518,-0.1429,36,0.9000,0.2000,5,4,0,0,0,4,0,1.0000
4,164.0000,36,3,946.7201,-88.4518,-0.4542,5,0.1250,1.0000,8,4,4,0,0,4,4,0.0000
4,164.0000,36,5,353.9263,-81.9265,1.1390,27,0.6750,0.7143,7,7,4,0,0,7,4,0.4286
4,164.0000,36,7,737.0746,-87.3330,0.1929,6,0.1500,1.0000,10,7,6,0,0,7,6,0.1429
4,164.0000,36,9,872.9257,-88.4916,-0.5426,4,0.1000,1.0000,8,8,8,0,0,8,8,0.0000
4,164.0000,36,10,754.2036,-86.0098,-0.9143,6,0.1500,1.0000,8,8,8,0,0,8,8,0.0000
4,164.0000,36,12,522.7601,-84.1595,0.0108,20,0.5000,0.7143,7,5,2,0,0,5,2,0.6000
4,164.0000,36,13,882.6046,-88.2217,0.2369,6,0.1500,1.0000,6,8,8,0,0,8,8,0.0000
4,164.0000,36,16,631.4785,-84.7104,-1.0030,8,0.2000,1.0000,8,8,8,0,0,8,8,0.0000
4,164.0000,36,18,739.4347,-86.1638,-0.5402,9,0.2250,1.0000,8,5,4,0,0,5,4,0.2000
4,164.0000,36,19,581.6756,-84.3425,0.7049,10,0.2500,0.8750,8,7,6,0,0,7,6,0.1429
4,164.0000,36,21,686.9162,-86.2096,-1.0812,10,0.2500,1.0000,8,8,8,0,0,8,8,0.0000
4,164.0000,36,22,891.4538,-87.3757,0.5804,3,0.0750,1.0000,8,8,8,0,0,8,8,0.0000
4,164.0000,36,23,762.0484,-86.7591,-0.2543,8,0.2000,1.0000,8,8,8,0,0,8,8,0.0000
4,164.0000,36,25,451.9343,-83.8864,0.2349,16,0.4000,0.8750,8,7,4,0,0,7,4,0.4286
4,164.0000,36,26,533.4812,-82.2267,-0.4768,19,0.4750,0.8571,7,8,7,0,0,8,7,0.1250
4,164.0000,36,27,318.0751,-80.0709,0.1564,26,0.6500,0.6000,5,5,2,0,0,5,2,0.6000
4,164.0000,36,29,302.1189,-81.1835,0.2132,31,0.7750,0.5000,8,7,3,0,0,7,3,0.5714
4,164.0000,36,31,909.0255,-87.2962,-0.8398,5,0.1250,1.0000,8,2,2,0,0,2,2,0.0000
4,164.0000,36,32,489.7334,-84.6584,0.1143,8,0.2000,1.0000,8,7,6,0,0,7,6,0.1429
4,164.0000,36,34,491.6888,-84.6692,-0.1936,20,0.5000,0.7143,7,7,6,0,0,7,6,0.1429
4,164.0000,36,37,914.5374,-88.2010,0.2647,4,0.1000,1.0000,8,6,6,0,0,6,6,0.0000
4,164.0000,36,40,698.2097,-85.7086,-0.2756,7,0.1750,1.0000,8,8,8,0,0,8,8,0.0000
4,164.0000,36,41,619.4578,-84.6295,0.1913,11,0.2750,0.8750,8,8,8,0,0,8,8,0.0000
4,164.0000,36,43,457.9842,-81.4926,0.0536,20,0.5000,1.0000,8,8,8,0,0,8,8,0.0000
4,164.0000,36,45,444.0666,-82.1694,-0.1280,20,0.5000,0.7143,7,7,6,0,0,7,6,0.1429
4,164.0000,36,47,819.2744,-86.5760,-0.6179,7,0.1750,1.0000,8,4,4,0,0,4,4,0.0000
4,164.0000,37,1,805.9563,-86.9289,-0.2832,6,0.1500,1.0000,6,8,8,0,0,8,8,0.0000
4,164.0000,37,3,179.6193,-74.2075,-0.0452,33,0.8250,0.0000,4,5,1,0,0,5,1,0.8000
4,164.0000,37,6,484.4775,-82.5543,-0.6687,17,0.4250,0.7778,9,8,5,0,0,8,5,0.3750
4,164.0000,37,7,348.5947,-82.0380,1.1489,13,0.3250,1.0000,8,5,2,0,0,5,2,0.6000
4,164.0000,37,8,751.1788,-86.5819,-0.0257,9,0.2250,0.8333,6,8,7,0,0,8,7,0.1250
4,164.0000,37,9,385.7843,-81.4823,1.7685,14,0.3500,1.0000,8,7,6,0,0,7,6,0.1429
4,164.0000,37,10,743.5958,-87.6330,1.0340,8,0.2000,1.0000,8,8,8,0,0,8,8,0.0000
4,164.0000,37,13,374.7249,-80.6860,-0.8204,15,0.3750,0.8750,8,7,5,0,0,7,5,0.2857
4,164.0000,37,14,855.5689,-87.8521,-0.0577,3,0.0750,1.0000,2,5,4,0,0,5,4,0.2000
4,164.0000,37,16,497.1894,-84.3260,0.9875,12,0.3000,1.0000,8,8,7,0,0,8,7,0.1250
4,164.0000,37,18,782.0272,-88.4371,0.4531,5,0.1250,1.0000,8,6,4,0,0,6,4,0.3333
4,164.0000,37,19,506.7544,-82.9832,-1.4174,18,0.4500,0.6667,6,8,8,0,0,8,8,0.0000
4,164.0000,37,20,368.5450,-80.4715,-0.1277,28,0.7000,0.7500,8,7,6,0,0,7,6,0.1429
4,164.0000,37,21,952.3641,-88.1239,-0.0981,5,0.1250,1.0000,4,4,4,0,0,4,4,0.0000
4,164.0000,37,22,407.2836,-81.9470,0.4221,18,0.4500,0.8000,5,8,8,0,0,8,8,0.0000
4,164.0000,37,23,417.9185,-81.9218,-0.2979,19,0.4750,0.9000,10,6,4,0,0,6,4,0.3333
4,164.0000,37,24,564.5942,-85.3234,0.8765,10,0.2500,0.8333,6,6,4,0,0,6,4,0.3333
4,164.0000,37,25,593.6565,-82.7269,-0.9548,15,0.3750,0.8750,8,8,8,0,0,8,8,0.0000
4,164.0000,37,27,910.1809,-87.8346,-0.9688,6,0.1500,1.0000,4,4,4,0,0,4,4,0.0000
4,164.0000,37,28,729.9417,-86.8569,0.3887,5,0.1250,1.0000,6,7,6,0,0,7,6,0.1429
4,164.0000,37,30,753.4277,-87.4583,0.1910,8,0.2000,1.0000,4,4,4,0,0,4,4,0.0000
4,164.0000,37,31,558.0593,-85.0454,1.0400,12,0.3000,0.8571,7,6,6,0,0,6,6,0.0000
4,164.0000,37,32,510.7569,-83.3881,0.1378,9,0.2250,0.6667,6,7,6,0,0,7,6,0.1429
4,164.0000,37,33,442.8313,-82.8208,0.2707,16,0.4000,0.5000,6,6,3,0,0,6,3,0.5000
4,164.0000,37,36,914.5374,-87.2710,-0.1085,4,0.1000,1.0000,8,8,8,0,0,8,8,0.0000
4,164.0000,37,38,237.2977,-77.9509,0.2906,26,0.6500,0.6667,6,6,2,0,0,6,2,0.6667
4,164.0000,37,39,91.4413,-70.4676,1.5190,34,0.8500,0.0000,4,4,0,0,0,4,0,1.0000
4,164.0000,37,40,790.6188,-86.5341,-0.6542,5,0.1250,0.7500,8,8,8,0,0,8,8,0.0000
4,164.0000,37,41,366.5969,-81.1567,-0.8542,20,0.5000,0.6667,6,6,4,0,0,6,4,0.3333
4,164.0000,37,42,859.6618,-86.3362,-0.4915,7,0.1750,0.8000,5,8,8,0,0,8,8,0.0000
4,164.0000,37,43,592.5142,-84.5862,0.4352,11,0.2750,1.0000,8,6,6,0,0,6,6,0.0000
4,164.0000,37,44,589.6976,-85.9674,-0.5127,9,0.2250,1.0000,8,7,6,0,0,7,6,0.1429
4,164.0000,37,46,768.3982,-87.5626,-0.1159,8,0.2000,,0,8,8,0,0,8,8,0.0000
4,164.0000,37,47,320.5875,-82.0489,0.4765,14,0.3500,0.8750,8,8,6,0,0,8,6,0.2500
4,164.0000,38,1,866.4604,-87.1701,-0.0955,9,0.2195,1.0000,2,4,4,0,0,4,4,0.0000
4,164.0000,38,3,336.6460,-80.6677,0.6718,20,0.4878,0.8571,7,7,6,0,0,7,6,0.1429
4,164.0000,38,6,600.0818,-84.7924,-1.2649,15,0.3659,1.0000,8,7,5,0,0,7,5,0.2857
4,164.0000,38,7,324.6851,-79.8485,0.0207,18,0.4390,0.8571,7,6,4,0,0,6,4,0.3333
4,164.0000,38,8,520.3216,-83.2299,-0.4309,17,0.4146,0.8750,8,6,4,0,0,6,4,0.3333
4,164.0000,38,9,229.5342,-76.1733,0.0376,29,0.7073,0.2000,5,7,4,0,0,7,4,0.4286
4,164.0000,38,10,615.8487,-84.4229,-0.7088,14,0.3415,1.0000,8,7,6,0,0,7,6,0.1429
4,164.0000,38,11,870.1414,-88.1682,-0.7397,4,0.0976,1.0000,4,6,6,0,0,6,6,0.0000
4,164.0000,38,13,211.3477,-72.8872,-1.4552,34,0.8293,0.0000,4,6,4,0,0,6,4,0.3333
4,164.0000,38,14,692.8216,-85.6822,0.3328,8,0.1951,1.0000,2,8,7,0,0,8,7,0.1250
4,164.0000,38,15,883.1201,-87.8041,0.3357,7,0.1707,,0,2,2,0,0,2,2,0.0000
4,164.0000,38,16,429.7573,-82.7753,-0.8345,13,0.3171,0.6667,6,8,7,0,0,8,7,0.1250
4,164.0000,38,18,678.2651,-85.9826,-0.3200,11,0.2683,0.8571,7,2,2,0,0,2,2,0.0000
4,164.0000,38,19,692.9752,-84.3678,-0.8415,10,0.2439,1.0000,8,8,8,0,0,8,8,0.0000
4,164.0000,38,20,511.3697,-84.4848,-0.1058,20,0.4878,0.6250,8,7,6,0,0,7,6,0.1429
4,164.0000,38,21,852.6122,-87.0096,-0.2380,12,0.2927,1.0000,2,4,4,0,0,4,4,0.0000
4,164.0000,38,22,464.9607,-82.9381,-0.2177,18,0.4390,0.8750,8,8,8,0,0,8,8,0.0000
4,164.0000,38,23,445.3561,-83.6457,0.6498,15,0.3659,0.8750,8,7,5,0,0,7,5,0.2857
4,164.0000,38,24,485.7688,-83.9183,-0.5495,18,0.4390,0.7143,7,7,6,0,0,7,6,0.1429
4,164.0000,38,25,747.5460,-86.5025,-0.0737,10,0.2439,1.0000,8,8,8,0,0,8,8,0.0000
4,164.0000,38,28,501.5342,-84.4906,0.5721,14,0.3415,1.0000,8,7,4,0,0,7,4,0.4286
4,164.0000,38,30,523.9639,-84.8737,1.7975,11,0.2683,0.8000,5,8,8,0,0,8,8,0.0000
4,164.0000,38,31,377.2608,-79.7248,-0.4317,21,0.5122,0.5000,6,6,3,0,0,6,3,0.5000
4,164.0000,38,32,514.2408,-82.7093,-1.2842,15,0.3659,0.7143,7,7,5,0,0,7,5,0.2857
4,164.0000,38,33,483.4011,-83.2521,0.4847,21,0.5122,0.8571,7,8,7,0,0,8,7,0.1250
4,164.0000,38,36,987.0300,-89.0393,0.3466,3,0.0732,1.0000,6,6,6,0,0,6,6,0.0000
4,164.0000,38,37,237.2977,-78.0989,0.3462,22,0.5366,0.2000,5,6,4,0,0,6,4,0.3333
4,164.0000,38,39,295.2936,-79.3787,0.0353,27,0.6585,0.7500,8,6,3,0,0,6,3,0.5000
4,164.0000,38,40,676.4682,-85.5039,-0.8586,11,0.2683,0.8750,8,7,6,0,0,7,6,0.1429
4,164.0000,38,41,489.2709,-83.6340,-0.4414,13,0.3171,0.8571,7,7,5,0,0,7,5,0.2857
4,164.0000,38,42,877.4217,-87.9294,-0.3670,8,0.1951,1.0000,8,8,8,0,0,8,8,0.0000
4,164.0000,38,43,697.5959,-86.0879,-1.1419,10,0.2439,0.5000,4,2,2,0,0,2,2,0.0000
4,164.0000,38,44,361.7997,-79.8758,-0.0428,24,0.5854,0.5714,7,6,4,0,0,6,4,0.3333
4,164.0000,38,46,623.4759,-85.8408,-0.3206,7,0.1707,1.0000,4,6,4,0,0,6,4,0.3333
4,164.0000,38,47,206.0582,-75.8296,-0.3229,31,0.7561,0.3333,6,4,0,0,0,4,0,1.0000
4,164.0000,39,1,855.3542,-88.3265,0.1865,5,0.1282,,0,6,6,0,0,6,6,0.0000
4,164.0000,39,3,112.2449,-72.8756,1.5057,33,0.8462,0.5000,6,4,0,0,0,4,0,1.0000
4,164.0000,39,6,424.4691,-79.9983,-1.1280,32,0.8205,0.5000,6,8,7,0,0,8,7,0.1250
4,164.0000,39,7,437.3576,-82.9553,1.1236,11,0.2821,0.6667,6,6,3,0,0,6,3,0.5000
4,164.0000,39,8,802.9445,-87.8902,-0.5873,6,0.1538,0.8750,8,8,8,0,0,8,8,0.0000
4,164.0000,39,9,439.6488,-82.8808,0.2715,11,0.2821,1.0000,8,7,6,0,0,7,6,0.1429
4,164.0000,39,10,822.8794,-88.9093,-0.8885,6,0.1538,1.0000,8,8,8,0,0,8,8,0.0000
4,164.0000,39,11,997.8314,-88.4283,-0.2429,3,0.0769,1.0000,8,6,6,0,0,6,6,0.0000
4,164.0000,39,13,455.2396,-81.8401,-0.7680,12,0.3077,0.8750,8,8,8,0,0,8,8,0.0000
4,164.0000,39,14,879.9819,-87.2831,0.4296,7,0.1795,1.0000,2,4,4,0,0,4,4,0.0000
4,164.0000,39,16,569.4515,-85.2379,1.1199,8,0.2051,0.8750,8,8,8,0,0,8,8,0.0000
4,164.0000,39,17,972.7828,-87.4414,0.1640,4,0.1026,1.0000,8,2,2,0,0,2,2,0.0000
4,164.0000,39,18,867.7842,-88.1652,1.4785,3,0.0769,,0,6,6,0,0,6,6,0.0000
4,164.0000,39,19,505.5899,-83.9930,-0.2211,13,0.3333,1.0000,8,7,6,0,0,7,6,0.1429
4,164.0000,39,20,278.2651,-77.7632,-0.5431,31,0.7949,0.5000,6,4,0,0,0,4,0,1.0000
4,164.0000,39,21,1013.7932,-88.0660,-0.0396,3,0.0769,1.0000,2,2,2,0,0,2,2,0.0000
4,164.0000,39,22,374.1560,-81.6509,0.0193,12,0.3077,1.0000,8,7,4,0,0,7,4,0.4286
4,164.0000,39,23,418.5256,-83.3125,0.8965,12,0.3077,0.8750,8,8,7,0,0,8,7,0.1250
4,164.0000,39,24,556.9059,-83.7931,-0.4877,13,0.3333,1.0000,8,7,5,0,0,7,5,0.2857
4,164.0000,39,25,603.6324,-86.3292,-0.9958,10,0.2564,1.0000,8,8,8,0,0,8,8,0.0000
4,164.0000,39,27,923.7706,-87.9961,-0.0155,6,0.1538,1.0000,2,4,4,0,0,4,4,0.0000
4,164.0000,39,28,787.0688,-87.0547,0.3630,7,0.1795,1.0000,8,8,8,0,0,8,8,0.0000
4,164.0000,39,29,1044.7554,-88.9628,0.2001,4,0.1026,1.0000,4,6,6,0,0,6,6,0.0000
4,164.0000,39,30,794.4319,-86.7835,-0.6981,7,0.1795,,0,8,8,0,0,8,8,0.0000
4,164.0000,39,31,636.7196,-87.3836,-0.4125,7,0.1795,0.8750,8,8,8,0,0,8,8,0.0000
4,164.0000,39,32,573.8192,-85.0242,-0.1614,11,0.2821,0.8571,7,6,4,0,0,6,4,0.3333
4,164.0000,39,33,379.6796,-79.0998,-0.7048,23,0.5897,0.8750,8,6,4,0,0,6,4,0.3333
4,164.0000,39,35,981.9811,-89.3538,-0.2735,3,0.0769,1.0000,2,4,4,0,0,4,4,0.0000
4,164.0000,39,36,957.7933,-88.1629,1.2479,3,0.0769,1.0000,2,6,6,0,0,6,6,0.0000
4,164.0000,39,37,91.4413,-71.0877,1.9103,36,0.9231,0.6667,6,5,1,0,0,5,1,0.8000
4,164.0000,39,38,295.2936,-78.8454,0.4141,21,0.5385,0.8750,8,7,6,0,0,7,6,0.1429
4,164.0000,39,40,856.9004,-86.4397,-1.1960,3,0.0769,1.0000,8,8,8,0,0,8,8,0.0000
4,164.0000,39,41,377.6803,-82.7975,0.9883,13,0.3333,1.0000,8,8,8,0,0,8,8,0.0000
4,164.0000,39,42,795.2623,-86.0507,-0.2322,11,0.2821,1.0000,6,6,6,0,0,6,6,0.0000
4,164.0000,39,43,603.7296,-87.1846,0.3491,8,0.2051,1.0000,2,6,6,0,0,6,6,0.0000
4,164.0000,39,44,654.6744,-87.5493,0.0699,7,0.1795,0.8750,8,7,6,0,0,7,6,0.1429
4,164.0000,39,45,1014.7877,-87.2795,-0.2874,6,0.1538,1.0000,2,2,2,0,0,2,2,0.0000
4,164.0000,39,46,777.3297,-87.2541,-0.7563,6,0.1538,1.0000,4,2,2,0,0,2,2,0.0000
4,164.0000,39,47,401.8138,-82.6478,0.2594,13,0.3333,0.8571,7,8,7,0,0,8,7,0.1250
4,164.0000,40,1,596.1261,-84.5481,-0.1496,13,0.3171,1.0000,8,8,8,0,0,8,8,0.0000
4,164.0000,40,5,915.3914,-87.9062,-0.5538,4,0.0976,1.0000,8,2,2,0,0,2,2,0.0000
4,164.0000,40,7,541.1544,-81.6695,-0.1989,14,0.3415,0.8571,7,8,7,0,0,8,7,0.1250
4,164.0000,40,8,577.7953,-83.3487,-0.2658,16,0.3902,0.8750,8,7,6,0,0,7,6,0.1429
4,164.0000,40,9,474.0701,-82.2867,-0.4412,13,0.3171,0.8750,8,8,7,0,0,8,7,0.1250
4,164.0000,40,10,200.0727,-74.6217,0.0011,35,0.8537,0.3333,6,7,4,0,0,7,4,0.4286
4,164.0000,40,12,887.3775,-87.5484,2.3744,3,0.0732,1.0000,6,8,8,0,0,8,8,0.0000
4,164.0000,40,13,506.4468,-84.2405,0.1290,12,0.2927,1.0000,8,8,8,0,0,8,8,0.0000
4,164.0000,40,16,309.4457,-76.4934,-1.2643,30,0.7317,0.2000,5,8,6,0,0,8,6,0.2500
4,164.0000,40,18,336.6643,-80.1925,0.2660,29,0.7073,0.5000,6,7,4,0,0,7,4,0.4286
4,164.0000,40,19,870.5514,-87.7458,-0.2414,7,0.1707,1.0000,8,8,8,0,0,8,8,0.0000
4,164.0000,40,21,184.5062,-74.8308,0.4752,38,0.9268,0.3333,6,6,2,0,0,6,2,0.6667
4,164.0000,40,22,766.6746,-85.5134,-0.9976,7,0.1707,0.8750,8,2,2,0,0,2,2,0.0000
4,164.0000,40,23,616.5996,-85.3999,2.6253,7,0.1707,0.7143,7,10,10,0,0,10,10,0.0000
4,164.0000,40,25,803.7720,-87.0934,0.9228,6,0.1463,1.0000,8,4,4,0,0,4,4,0.0000
4,164.0000,40,26,513.7898,-84.4609,0.7378,16,0.3902,0.8571,7,7,6,0,0,7,6,0.1429
4,164.0000,40,27,886.5729,-87.2872,-0.3745,4,0.0976,1.0000,152,8,8,4,4,12,12,0.0000
4,164.0000,40,28,770.2226,-87.4070,0.2492,5,0.1220,0.8571,7,6,6,0,0,6,6,0.0000
4,164.0000,40,29,983.4019,-88.5752,0.4198,4,0.0976,1.0000,4,8,8,0,0,8,8,0.0000
4,164.0000,40,30,837.4331,-89.5957,-0.5746,3,0.0732,1.0000,4,6,6,0,0,6,6,0.0000
4,164.0000,40,31,399.6806,-80.6910,-1.4991,19,0.4634,0.8571,7,7,6,0,0,7,6,0.1429
4,164.0000,40,32,388.3472,-79.8606,-0.8901,17,0.4146,0.8750,8,7,6,0,0,7,6,0.1429
4,164.0000,40,36,698.2097,-86.6291,-0.3561,7,0.1707,1.0000,8,8,8,0,0,8,8,0.0000
4,164.0000,40,37,790.6188,-87.3309,0.4178,6,0.1463,0.8750,8,8,8,0,0,8,8,0.0000
4,164.0000,40,38,676.4682,-84.6410,-0.2589,10,0.2439,0.8571,7,8,8,0,0,8,8,0.0000
4,164.0000,40,39,856.9004,-87.5202,-1.6435,4,0.0976,1.0000,8,8,8,0,0,8,8,0.0000
4,164.0000,40,41,670.2341,-85.0066,-0.7861,8,0.1951,1.0000,8,8,8,0,0,8,8,0.0000
4,164.0000,40,43,677.6178,-84.0342,0.6146,9,0.2195,0.3333,3,6,6,140,139,146,145,0.0068
4,164.0000,40,44,535.4894,-83.6282,1.3090,11,0.2683,0.8750,8,7,6,0,0,7,6,0.1429
4,164.0000,40,45,367.3914,-79.6731,-0.7546,28,0.6829,0.8750,8,6,3,0,0,6,3,0.5000
4,164.0000,40,47,504.7853,-82.8518,-0.0971,12,0.2927,0.8750,8,7,6,0,0,7,6,0.1429
4,164.0000,41,1,532.0693,-82.4496,-0.4466,13,0.3250,1.0000,8,7,5,0,0,7,5,0.2857
4,164.0000,41,3,336.3158,-80.2464,-0.5131,19,0.4750,0.5000,6,7,6,0,0,7,6,0.1429
4,164.0000,41,6,782.8573,-87.4002,0.9078,4,0.1000,1.0000,4,2,2,0,0,2,2,0.0000
4,164.0000,41,7,433.2274,-81.8960,0.6422,10,0.2500,1.0000,8,8,7,0,0,8,7,0.1250
4,164.0000,41,9,445.8098,-83.9640,0.6966,8,0.2000,1.0000,8,8,8,0,0,8,8,0.0000
4,164.0000,41,10,702.2170,-85.9533,-0.8017,6,0.1500,1.0000,8,7,6,0,0,7,6,0.1429
4,164.0000,41,13,516.4645,-84.3255,-0.1532,5,0.1250,0.8750,8,7,6,0,0,7,6,0.1429
4,164.0000,41,16,419.9773,-83.4978,0.6222,9,0.2250,0.8750,8,8,7,0,0,8,7,0.1250
4,164.0000,41,18,756.0667,-86.4027,-1.2778,4,0.1000,1.0000,2,8,8,0,0,8,8,0.0000
4,164.0000,41,19,266.1329,-75.3600,-1.0699,35,0.8750,0.1667,6,6,4,0,0,6,4,0.3333
4,164.0000,41,20,528.1022,-85.0075,0.5136,8,0.2000,0.5000,6,6,4,0,0,6,4,0.3333
4,164.0000,41,21,780.6629,-84.7994,-0.2255,4,0.1000,0.6000,5,5,4,0,0,5,4,0.2000
4,164.0000,41,22,310.6395,-79.0186,-0.6381,26,0.6500,0.7500,8,7,5,7,4,14,9,0.3571
4,164.0000,41,23,236.6233,-76.5464,0.3950,29,0.7250,0.5000,6,5,2,0,0,5,2,0.6000
4,164.0000,41,24,904.2258,-87.7844,-0.4339,4,0.1000,1.0000,4,4,4,0,0,4,4,0.0000
4,164.0000,41,25,284.1742,-76.5355,-0.8896,29,0.7250,0.0000,4,7,6,0,0,7,6,0.1429
4,164.0000,41,26,931.1831,-88.1381,-0.2899,4,0.1000,1.0000,2,6,6,0,0,6,6,0.0000
4,164.0000,41,27,566.7186,-83.1806,-0.7482,14,0.3500,1.0000,8,8,8,0,0,8,8,0.0000
4,164.0000,41,29,718.2687,-87.2771,-0.6752,9,0.2250,1.0000,8,8,7,0,0,8,7,0.1250
4,164.0000,41,30,976.7862,-88.3210,-0.8185,3,0.0750,1.0000,4,4,4,0,0,4,4,0.0000
4,164.0000,41,31,645.5977,-86.1825,-0.0733,5,0.1250,1.0000,8,6,6,0,0,6,6,0.0000
4,164.0000,41,32,334.9341,-80.0284,-0.6257,14,0.3500,0.8571,7,7,6,0,0,7,6,0.1429
4,164.0000,41,33,708.6389,-85.3875,1.0219,4,0.1000,0.8750,8,6,6,0,0,6,6,0.0000
4,164.0000,41,36,619.4578,-84.5238,-0.2506,7,0.1750,1.0000,10,7,5,0,0,7,5,0.2857
4,164.0000,41,37,366.5969,-81.7666,-0.7400,13,0.3250,0.6667,6,7,6,0,0,7,6,0.1429
4,164.0000,41,38,489.2709,-84.1590,-1.6055,7,0.1750,0.8571,7,7,5,0,0,7,5,0.2857
4,164.0000,41,39,377.6803,-83.1560,0.0075,10,0.2500,0.4000,5,6,2,0,0,6,2,0.6667
4,164.0000,41,40,670.2341,-86.2004,1.6794,6,0.1500,0.8750,8,6,6,0,0,6,6,0.0000
4,164.0000,41,43,227.5956,-77.0589,-0.1109,30,0.7500,0.4286,7,3,0,0,0,3,0,1.0000
4,164.0000,41,44,738.6059,-86.8350,0.8234,4,0.1000,1.0000,8,7,6,0,0,7,6,0.1429
4,164.0000,41,45,707.3669,-86.4208,-0.7013,4,0.1000,1.0000,8,8,7,0,0,8,7,0.1250
4,164.0000,41,47,434.2711,-81.3891,0.5385,7,0.1750,0.8750,8,8,8,0,0,8,8,0.0000
4,164.0000,42,6,497.5407,-83.4625,0.4290,8,0.2000,1.0000,8,8,8,0,0,8,8,0.0000
4,164.0000,42,11,711.0066,-85.2881,-0.1149,13,0.3250,1.0000,8,7,6,0,0,7,6,0.1429
4,164.0000,42,15,718.0626,-87.4452,-0.8905,5,0.1250,1.0000,8,8,8,0,0,8,8,0.0000
4,164.0000,42,17,673.3108,-85.1005,0.1224,6,0.1500,1.0000,8,8,8,0,0,8,8,0.0000
4,164.0000,42,20,611.8025,-84.8457,-1.2083,6,0.1500,0.8571,7,8,8,0,0,8,8,0.0000
4,164.0000,42,22,902.2570,-86.8098,-0.2165,3,0.0750,1.0000,8,8,8,0,0,8,8,0.0000
4,164.0000,42,24,537.5343,-84.1841,-0.4043,7,0.1750,1.0000,8,8,8,0,0,8,8,0.0000
4,164.0000,42,33,420.2977,-82.4883,0.8104,9,0.2250,1.0000,8,8,8,0,0,8,8,0.0000
4,164.0000,42,35,447.3662,-82.5067,0.6408,23,0.5750,0.7143,7,7,5,0,0,7,5,0.2857
4,164.0000,42,37,859.6618,-87.7256,1.1280,3,0.0750,1.0000,8,8,8,0,0,8,8,0.0000
4,164.0000,42,38,877.4217,-87.9276,0.0035,3,0.0750,1.0000,8,8,8,0,0,8,8,0.0000
4,164.0000,42,46,684.6362,-85.2154,-0.1405,5,0.1250,0.8750,8,8,8,0,0,8,8,0.0000
4,164.0000,43,0,935.7192,-87.8205,-0.1793,4,0.1000,1.0000,2,6,6,0,0,6,6,0.0000
4,164.0000,43,1,404.6410,-79.6714,-0.1857,13,0.3250,0.6667,6,7,6,0,0,7,6,0.1429
4,164.0000,43,3,555.0645,-82.3749,0.5322,3,0.0750,1.0000,8,8,6,0,0,8,6,0.2500
4,164.0000,43,16,502.3219,-84.3294,-1.5122,4,0.1000,0.7500,8,7,6,0,0,7,6,0.1429
4,164.0000,43,19,289.4060,-78.6972,0.7930,19,0.4750,0.7500,8,5,1,0,0,5,1,0.8000
4,164.0000,43,21,736.9496,-86.5742,4.1777,3,0.0750,0.7143,7,8,8,0,0,8,8,0.0000
4,164.0000,43,22,456.3474,-81.9254,0.6105,6,0.1500,0.6667,6,7,5,0,0,7,5,0.2857
4,164.0000,43,23,359.5060,-79.8935,1.0908,12,0.3000,0.7500,8,8,8,0,0,8,8,0.0000
4,164.0000,43,25,196.3639,-76.2607,1.3350,29,0.7250,0.7143,7,5,1,0,0,5,1,0.8000
4,164.0000,43,27,359.9517,-78.6103,-0.9547,26,0.6500,0.5000,6,8,7,5,4,13,11,0.1538
4,164.0000,43,29,545.5469,-83.6479,0.5695,11,0.2750,1.0000,8,7,6,0,0,7,6,0.1429
4,164.0000,43,32,372.5700,-80.8633,0.5726,3,0.0750,0.6667,6,8,7,0,0,8,7,0.1250
4,164.0000,43,36,457.9842,-81.3674,-0.9697,9,0.2250,0.8750,8,7,6,0,0,7,6,0.1429
4,164.0000,43,37,592.5142,-83.6612,1.1297,5,0.1250,1.0000,8,8,8,0,0,8,8,0.0000
4,164.0000,43,41,227.5956,-76.8665,0.4074,25,0.6250,0.8571,7,4,0,0,0,4,0,1.0000
4,164.0000,43,45,594.8461,-82.3071,0.4518,8,0.2000,0.8571,7,5,4,0,0,5,4,0.2000
4,164.0000,44,3,680.7794,-87.9857,0.9907,4,0.1000,1.0000,6,7,6,0,0,7,6,0.1429
4,164.0000,44,4,990.4425,-87.5708,-1.0730,6,0.1500,1.0000,2,8,8,0,0,8,8,0.0000
4,164.0000,44,6,928.1489,-88.1829,0.5245,3,0.0750,1.0000,4,6,6,0,0,6,6,0.0000
4,164.0000,44,7,463.1249,-83.3031,0.6390,7,0.1750,1.0000,8,6,4,0,0,6,4,0.3333
4,164.0000,44,8,208.6488,-74.8835,-0.1313,34,0.8500,0.0000,4,4,0,0,0,4,0,1.0000
4,164.0000,44,9,306.4830,-79.0790,-0.3214,17,0.4250,0.4000,5,6,3,0,0,6,3,0.5000
4,164.0000,44,10,447.7391,-83.4564,0.0169,9,0.2250,1.0000,8,8,7,0,0,8,7,0.1250
4,164.0000,44,11,896.0411,-87.3409,0.5500,6,0.1500,1.0000,8,6,6,0,0,6,6,0.0000
4,164.0000,44,13,263.8343,-78.1495,0.2486,17,0.4250,0.6667,6,5,2,0,0,5,2,0.6000
4,164.0000,44,14,658.9760,-84.7465,-0.9615,10,0.2500,1.0000,4,8,8,0,0,8,8,0.0000
4,164.0000,44,15,914.2111,-87.2099,1.0074,3,0.0750,1.0000,4,4,4,0,0,4,4,0.0000
4,164.0000,44,16,451.2927,-82.6947,0.8576,9,0.2250,0.8750,8,6,4,0,0,6,4,0.3333
4,164.0000,44,17,824.6898,-88.0665,-1.0814,5,0.1250,1.0000,4,6,6,0,0,6,6,0.0000
4,164.0000,44,18,537.5325,-83.5227,-0.4533,7,0.1750,1.0000,8,8,8,0,0,8,8,0.0000
4,164.0000,44,19,967.5553,-88.9731,-0.1472,4,0.1000,1.0000,6,6,6,0,0,6,6,0.0000
4,164.0000,44,20,853.5747,-86.9803,-0.0651,3,0.0750,1.0000,2,8,8,0,0,8,8,0.0000
4,164.0000,44,21,710.3652,-86.0634,1.8062,5,0.1250,1.0000,6,8,7,0,0,8,7,0.1250
4,164.0000,44,22,715.0274,-85.4201,0.7967,5,0.1250,1.0000,8,8,8,0,0,8,8,0.0000
4,164.0000,44,23,645.9112,-87.5187,0.3173,4,0.1000,1.0000,8,8,8,0,0,8,8,0.0000
4,164.0000,44,24,663.3986,-85.3141,-2.0102,9,0.2250,1.0000,8,6,6,0,0,6,6,0.0000
4,164.0000,44,25,980.7504,-89.3938,-0.0682,3,0.0750,1.0000,6,4,4,0,0,4,4,0.0000
4,164.0000,44,28,251.8368,-77.0038,-0.5147,32,0.8000,0.2000,5,4,0,0,0,4,0,1.0000
4,164.0000,44,30,323.4294,-79.7268,0.3658,22,0.5500,0.4000,5,6,4,0,0,6,4,0.3333
4,164.0000,44,31,192.9152,-76.7431,0.7741,20,0.5000,0.6667,6,6,2,0,0,6,2,0.6667
4,164.0000,44,32,602.6976,-86.7213,-2.7938,3,0.0750,1.0000,8,7,6,0,0,7,6,0.1429
4,164.0000,44,33,781.7616,-86.7712,-0.1688,5,0.1250,1.0000,8,6,6,0,0,6,6,0.0000
4,164.0000,44,37,589.6976,-85.5232,0.9435,6,0.1500,1.0000,8,7,6,0,0,7,6,0.1429
4,164.0000,44,38,361.7997,-82.1107,-0.5068,11,0.2750,1.0000,8,8,8,0,0,8,8,0.0000
4,164.0000,44,39,654.6744,-87.0275,-0.1992,4,0.1000,1.0000,8,8,7,0,0,8,7,0.1250
4,164.0000,44,40,535.4894,-83.0639,0.6102,7,0.1750,1.0000,8,8,8,0,0,8,8,0.0000
4,164.0000,44,41,738.6059,-87.3726,0.4342,4,0.1000,1.0000,6,8,8,0,0,8,8,0.0000
4,164.0000,44,42,1115.9310,-88.7932,-0.2636,4,0.1000,1.0000,6,8,8,0,0,8,8,0.0000
4,164.0000,44,43,892.0444,-89.0366,0.6095,3,0.0750,1.0000,4,2,2,0,0,2,2,0.0000
4,164.0000,44,45,881.2977,-89.0341,0.2207,3,0.0750,1.0000,6,8,8,0,0,8,8,0.0000
4,164.0000,44,46,658.2020,-85.4920,0.8199,7,0.1750,1.0000,8,7,5,0,0,7,5,0.2857
4,164.0000,44,47,339.2031,-80.0940,0.4500,7,0.1750,1.0000,8,6,4,0,0,6,4,0.3333
4,164.0000,45,0,826.6443,-87.5367,-0.3761,8,0.2051,1.0000,6,6,6,0,0,6,6,0.0000
4,164.0000,45,1,399.1965,-80.4167,-1.1731,15,0.3846,1.0000,8,8,7,0,0,8,7,0.1250
4,164.0000,45,5,591.8193,-85.6456,-0.0658,9,0.2308,1.0000,8,8,8,0,0,8,8,0.0000
4,164.0000,45,7,731.4939,-86.9040,-1.5601,4,0.1026,1.0000,8,10,10,0,0,10,10,0.0000
4,164.0000,45,10,505.4288,-81.5544,-0.4095,14,0.3590,0.7143,7,8,8,0,0,8,8,0.0000
4,164.0000,45,12,542.2434,-85.8447,0.6753,11,0.2821,0.4000,5,8,8,0,0,8,8,0.0000
4,164.0000,45,16,510.8934,-82.2784,-0.8659,8,0.2051,0.8571,7,7,6,0,0,7,6,0.1429
4,164.0000,45,18,557.2136,-83.9435,-0.1224,8,0.2051,1.0000,8,6,4,0,0,6,4,0.3333
4,164.0000,45,21,271.0865,-78.3628,-0.0073,33,0.8462,0.5000,6,6,3,0,0,6,3,0.5000
4,164.0000,45,23,717.0800,-86.0342,-0.8455,3,0.0769,0.8750,8,8,8,0,0,8,8,0.0000
4,164.0000,45,25,713.0038,-85.5617,-2.0201,5,0.1282,1.0000,8,7,6,0,0,7,6,0.1429
4,164.0000,45,26,310.7509,-80.1947,0.9438,28,0.7179,0.6667,6,7,6,0,0,7,6,0.1429
4,164.0000,45,27,654.2311,-85.3923,-1.2834,5,0.1282,0.7500,8,8,8,0,0,8,8,0.0000
4,164.0000,45,29,733.7483,-86.4571,3.2763,4,0.1026,0.8000,5,6,6,0,0,6,6,0.0000
4,164.0000,45,31,726.9096,-86.5069,-1.8120,6,0.1538,1.0000,6,6,6,0,0,6,6,0.0000
4,164.0000,45,32,461.0398,-80.3631,-1.3372,4,0.1026,1.0000,8,8,7,0,0,8,7,0.1250
4,164.0000,45,34,777.0906,-87.4055,-0.2720,5,0.1282,0.6667,3,8,8,0,0,8,8,0.0000
4,164.0000,45,36,444.0666,-81.5832,-2.3693,15,0.3846,0.4286,7,8,8,0,0,8,8,0.0000
4,164.0000,45,40,367.3914,-80.7383,0.0420,13,0.3333,0.7143,7,6,4,0,0,6,4,0.3333
4,164.0000,45,41,707.3669,-85.3009,0.7670,3,0.0769,1.0000,8,8,8,0,0,8,8,0.0000
4,164.0000,45,43,594.8461,-82.3808,-0.6071,12,0.3077,0.8571,7,8,8,0,0,8,8,0.0000
4,164.0000,46,2,501.0215,-83.1373,0.0232,15,0.3750,0.8571,7,8,6,0,0,8,6,0.2500
4,164.0000,46,4,533.2997,-83.4257,-0.3624,18,0.4500,0.7500,8,8,8,0,0,8,8,0.0000
4,164.0000,46,11,250.2210,-74.7563,-1.5451,32,0.8000,0.0000,4,7,4,0,0,7,4,0.4286
4,164.0000,46,14,174.5293,-74.8724,0.9374,33,0.8250,0.2000,5,4,0,0,0,4,0,1.0000
4,164.0000,46,15,266.5108,-77.5111,-0.1192,34,0.8500,0.4286,7,7,5,0,0,7,5,0.2857
4,164.0000,46,17,332.8368,-78.2981,0.0671,26,0.6500,0.2000,5,6,2,0,0,6,2,0.6667
4,164.0000,46,24,259.6408,-77.9264,0.1313,22,0.5500,0.3333,6,4,2,0,0,4,2,0.5000
4,164.0000,46,28,505.0536,-83.2515,-0.4101,5,0.1250,1.0000,8,8,7,0,0,8,7,0.1250
4,164.0000,46,30,429.1088,-82.6925,0.6862,8,0.2000,0.8571,7,7,5,0,0,7,5,0.2857
4,164.0000,46,31,814.1817,-87.7192,-0.5328,3,0.0750,1.0000,8,8,8,0,0,8,8,0.0000
4,164.0000,46,33,593.9999,-84.8265,-0.9787,3,0.0750,0.8571,7,8,8,0,0,8,8,0.0000
4,164.0000,46,35,540.0262,-84.3408,-0.1798,12,0.3000,0.7143,7,7,6,0,0,7,6,0.1429
4,164.0000,46,42,684.6362,-85.4692,0.2113,6,0.1500,1.0000,8,8,8,0,0,8,8,0.0000
4,164.0000,46,44,658.2020,-85.0247,1.1582,3,0.0750,1.0000,8,7,6,0,0,7,6,0.1429
4,164.0000,47,1,693.8469,-85.4584,1.2954,14,0.3500,1.0000,2,4,4,0,0,4,4,0.0000
4,164.0000,47,3,438.0609,-82.0821,0.9913,13,0.3250,0.7143,7,7,5,0,0,7,5,0.2857
4,164.0000,47,6,770.3922,-86.3070,0.2405,7,0.1750,0.8333,6,8,8,0,0,8,8,0.0000
4,164.0000,47,7,159.4241,-73.6076,0.5681,33,0.8250,0.2500,4,7,3,0,0,7,3,0.5714
4,164.0000,47,8,517.5068,-83.3588,0.2602,12,0.3000,1.0000,8,8,8,0,0,8,8,0.0000
4,164.0000,47,9,184.6711,-76.6143,1.3781,32,0.8000,0.2857,7,4,0,0,0,4,0,1.0000
4,164.0000,47,10,431.3443,-82.3206,1.0268,15,0.3750,0.5000,6,8,7,0,0,8,7,0.1250
4,164.0000,47,11,1043.2754,-89.0496,0.4090,4,0.1000,,0,4,4,0,0,4,4,0.0000
4,164.0000,47,13,83.8438,-69.6457,1.8217,37,0.9250,0.4000,5,5,1,0,0,5,1,0.8000
4,164.0000,47,14,833.6772,-87.9511,-0.3829,6,0.1500,0.8000,5,3,2,0,0,3,2,0.3333
4,164.0000,47,16,236.7559,-77.7126,0.3542,24,0.6000,0.5000,6,5,2,0,0,5,2,0.6000
4,164.0000,47,18,484.4814,-82.6702,-0.2451,16,0.4000,0.8571,7,8,8,0,0,8,8,0.0000
4,164.0000,47,19,636.9014,-84.9429,1.2197,11,0.2750,0.7143,7,7,6,0,0,7,6,0.1429
4,164.0000,47,20,652.8995,-87.3154,0.5511,7,0.1750,0.8750,8,7,5,0,0,7,5,0.2857
4,164.0000,47,21,681.7926,-85.1574,0.0516,12,0.3000,0.3333,6,6,5,0,0,6,5,0.1667
4,164.0000,47,22,514.7012,-83.4230,-0.2516,10,0.2500,0.8571,7,7,6,0,0,7,6,0.1429
4,164.0000,47,23,430.4376,-84.4049,0.6455,12,0.3000,0.6667,6,8,5,0,0,8,5,0.3750
4,164.0000,47,24,680.8434,-85.6341,-0.2935,9,0.2250,0.8571,7,8,6,0,0,8,6,0.2500
4,164.0000,47,25,659.1952,-86.0939,-0.2398,12,0.3000,1.0000,8,8,8,0,0,8,8,0.0000
4,164.0000,47,26,895.2876,-88.3853,0.7775,6,0.1500,,0,8,8,0,0,8,8,0.0000
4,164.0000,47,27,913.5339,-85.8518,-1.1965,6,0.1500,1.0000,2,4,4,0,0,4,4,0.0000
4,164.0000,47,28,543.6244,-86.3214,1.0505,11,0.2750,0.6667,6,8,8,0,0,8,8,0.0000
4,164.0000,47,30,608.4094,-87.3502,-0.2301,8,0.2000,1.0000,4,6,6,0,0,6,6,0.0000
4,164.0000,47,31,246.2480,-76.8461,0.0365,29,0.7250,0.6667,6,5,2,0,0,5,2,0.6000
4,164.0000,47,32,336.6513,-75.5943,-1.7898,20,0.5000,0.4000,5,7,5,0,0,7,5,0.2857
4,164.0000,47,33,676.4475,-85.7292,-0.9163,8,0.2000,1.0000,8,8,7,0,0,8,7,0.1250
4,164.0000,47,36,819.2744,-86.6092,-0.3342,8,0.2000,1.0000,8,8,8,0,0,8,8,0.0000
4,164.0000,47,37,320.5875,-81.2638,0.9183,16,0.4000,0.8750,8,7,5,0,0,7,5,0.2857
4,164.0000,47,38,206.0582,-75.8023,0.0831,25,0.6250,0.0000,4,7,4,0,0,7,4,0.4286
4,164.0000,47,39,401.8138,-82.9764,0.6948,15,0.3750,0.8571,7,7,6,0,0,7,6,0.1429
4,164.0000,47,40,504.7853,-81.4272,-0.3860,13,0.3250,1.0000,8,8,8,0,0,8,8,0.0000
4,164.0000,47,41,434.2711,-82.4348,-0.3355,17,0.4250,0.6667,6,7,6,0,0,7,6,0.1429
4,164.0000,47,43,604.8127,-84.7426,-0.2569,9,0.2250,1.0000,6,8,7,0,0,8,7,0.1250
4,164.0000,47,44,339.2031,-81.4948,0.3836,19,0.4750,0.8750,8,7,4,0,0,7,4,0.4286
4,164.0000,47,45,746.4903,-85.3983,-0.1862,11,0.2750,1.0000,6,8,8,0,0,8,8,0.0000
4,168.0000,0,1,627.6325,-85.4390,1.3767,5,0.1220,0.7143,7,8,8,0,0,8,8,0.0000
4,168.0000,0,5,356.1639,-80.2282,-0.0641,24,0.5854,0.4000,5,6,4,0,0,6,4,0.3333
4,168.0000,0,12,411.4103,-81.8344,0.0604,25,0.6098,0.8571,7,5,2,0,0,5,2,0.6000
4,168.0000,0,27,596.0619,-86.1805,1.5551,5,0.1220,0.8571,7,8,8,0,0,8,8,0.0000
4,168.0000,0,29,619.7875,-84.7111,0.0614,9,0.2195,1.0000,8,7,6,0,0,7,6,0.1429
4,168.0000,0,34,248.9814,-77.7361,0.0107,34,0.8293,0.3333,6,4,0,0,0,4,0,1.0000
4,168.0000,0,36,531.2706,-83.4723,0.3006,11,0.2683,1.0000,8,7,6,0,0,7,6,0.1429
4,168.0000,0,45,721.2370,-86.2545,-0.1070,4,0.0976,1.0000,8,8,8,0,0,8,8,0.0000
4,168.0000,1,0,627.6325,-85.3276,1.0509,13,0.3250,1.0000,8,8,8,0,0,8,8,0.0000
4,168.0000,1,5,311.0933,-80.5996,1.1997,29,0.7250,1.0000,8,5,2,0,0,5,2,0.6000
4,168.0000,1,7,741.9110,-86.9185,-1.5056,6,0.1500,0.8750,8,8,8,0,0,8,8,0.0000
4,168.0000,1,9,741.2091,-85.6875,-0.1421,6,0.1500,0.8571,7,8,8,0,0,8,8,0.0000
4,168.0000,1,10,792.0131,-86.5342,-1.1534,5,0.1250,0.8571,7,8,8,0,0,8,8,0.0000
4,168.0000,1,12,499.4305,-84.8601,-0.3477,19,0.4750,0.9000,10,4,2,0,0,4,2,0.5000
4,168.0000,1,13,810.8724,-86.4491,0.9331,4,0.1000,0.8750,8,10,10,0,0,10,10,0.0000
4,168.0000,1,16,619.1238,-84.8254,-0.7809,7,0.1750,1.0000,8,8,7,0,0,8,7,0.1250
4,168.0000,1,18,561.4860,-86.1172,1.3828,7,0.1750,1.0000,8,7,6,0,0,7,6,0.1429
4,168.0000,1,19,541.1457,-84.1460,-0.8962,10,0.2500,0.8571,7,5,2,0,0,5,2,0.6000
4,168.0000,1,21,651.2594,-84.9309,-0.8297,8,0.2000,1.0000,8,8,7,0,0,8,7,0.1250
4,168.0000,1,22,933.0035,-87.2803,-1.4702,4,0.1000,0.8000,5,4,4,0,0,4,4,0.0000
4,168.0000,1,23,765.6001,-87.3083,2.3122,5,0.1250,1.0000,8,8,8,0,0,8,8,0.0000
4,168.0000,1,25,397.0979,-81.8964,-0.4763,18,0.4500,0.8750,8,7,5,0,0,7,5,0.2857
4,168.0000,1,26,576.5624,-83.6865,-0.5749,12,0.3000,1.0000,8,8,8,0,0,8,8,0.0000
4,168.0000,1,27,399.6997,-81.3132,-0.4097,23,0.5750,0.8750,8,5,2,0,0,5,2,0.6000
4,168.0000,1,29,337.5291,-79.9117,1.1013,27,0.6750,0.5000,6,4,0,0,0,4,0,1.0000
4,168.0000,1,32,323.0033,-81.8273,-0.4687,11,0.2750,0.4000,5,7,6,0,0,7,6,0.1429
4,168.0000,1,34,469.7471,-83.6994,0.3936,21,0.5250,1.0000,8,6,3,0,0,6,3,0.5000
4,168.0000,1,36,170.9342,-72.3173,-0.9692,36,0.9000,0.0000,4,5,1,0,0,5,1,0.8000
4,168.0000,1,37,919.1940,-87.7002,0.3588,3,0.0750,1.0000,8,6,6,0,0,6,6,0.0000
4,168.0000,1,40,687.0401,-85.9935,0.1174,9,0.2250,1.0000,8,8,8,0,0,8,8,0.0000
4,168.0000,1,41,619.8894,-84.9709,-1.0342,10,0.2500,0.8571,7,8,8,0,0,8,8,0.0000
4,168.0000,1,43,543.9339,-82.6846,-0.7895,12,0.3000,0.5714,7,7,5,0,0,7,5,0.2857
4,168.0000,1,44,943.8029,-89.1763,0.5135,3,0.0750,1.0000,6,8,8,0,0,8,8,0.0000
4,168.0000,1,45,440.2794,-81.2070,-0.4499,18,0.4500,0.5000,6,8,7,0,0,8,7,0.1250
4,168.0000,2,4,111.3308,-65.5848,-1.4569,35,0.8750,0.0000,4,5,1,0,0,5,1,0.8000
4,168.0000,2,11,280.1218,-80.6159,0.9644,28,0.7000,0.5714,7,6,2,0,0,6,2,0.6667
4,168.0000,2,14,446.6868,-82.0730,-0.5947,14,0.3500,0.6667,6,7,6,0,0,7,6,0.1429
4,168.0000,2,15,376.4083,-80.8361,0.2679,21,0.5250,0.6667,6,6,4,0,0,6,4,0.3333
4,168.0000,2,17,166.6215,-76.5194,1.7104,27,0.6750,0.6667,6,4,0,0,0,4,0,1.0000
4,168.0000,2,30,742.9287,-85.3217,-0.2931,3,0.0750,1.0000,8,8,8,0,0,8,8,0.0000
4,168.0000,2,35,565.6646,-85.3909,-0.1769,6,0.1500,1.0000,8,8,8,0,0,8,8,0.0000
4,168.0000,2,42,823.2372,-87.7087,-0.9492,4,0.1000,1.0000,6,8,8,0,0,8,8,0.0000
4,168.0000,2,46,500.5020,-83.6721,0.0285,10,0.2500,1.0000,8,7,6,0,0,7,6,0.1429
4,168.0000,3,6,525.9119,-82.8786,-0.2915,16,0.3902,0.8571,7,8,6,0,0,8,6,0.2500
4,168.0000,3,7,390.4915,-82.7318,1.6469,10,0.2439,1.0000,8,6,3,0,0,6,3,0.5000
4,168.0000,3,8,649.8299,-87.1410,0.0674,4,0.0976,1.0000,6,8,7,0,0,8,7,0.1250
4,168.0000,3,9,361.4085,-79.6280,0.7886,12,0.2927,0.8571,7,8,6,0,0,8,6,0.2500
4,168.0000,3,10,842.5097,-87.2729,0.2136,5,0.1220,1.0000,8,8,8,0,0,8,8,0.0000
4,168.0000,3,13,525.3108,-84.6937,-0.3895,6,0.1463,0.8750,8,8,8,0,0,8,8,0.0000
4,168.0000,3,16,461.7530,-84.3052,1.6538,6,0.1463,1.0000,8,8,8,0,0,8,8,0.0000
4,168.0000,3,18,902.6521,-88.1104,-0.5244,3,0.0732,1.0000,4,8,8,0,0,8,8,0.0000
4,168.0000,3,19,599.9800,-84.6111,0.7771,10,0.2439,0.8571,7,8,7,0,0,8,7,0.1250
4,168.0000,3,20,205.0466,-76.3669,0.0231,36,0.8780,0.0000,4,4,0,0,0,4,0,1.0000
4,168.0000,3,22,281.2454,-77.7778,-0.3119,32,0.7805,0.5714,7,7,4,0,0,7,4,0.4286
4,168.0000,3,23,345.9750,-80.1501,-0.3162,17,0.4146,0.2000,5,8,8,0,0,8,8,0.0000
4,168.0000,3,24,567.5111,-85.2917,-1.3996,8,0.1951,0.8571,7,4,2,0,0,4,2,0.5000
4,168.0000,3,25,726.5339,-85.6707,-0.3828,7,0.1707,1.0000,8,6,6,0,0,6,6,0.0000
4,168.0000,3,28,755.0897,-85.9769,-0.0328,3,0.0732,1.0000,4,8,8,0,0,8,8,0.0000
4,168.0000,3,30,717.8109,-87.0947,0.2306,5,0.1220,1.0000,4,7,6,0,0,7,6,0.1429
4,168.0000,3,31,680.6384,-86.5241,-0.1512,4,0.0976,0.8571,7,8,8,0,0,8,8,0.0000
4,168.0000,3,32,656.9909,-86.1382,-1.3227,7,0.1707,1.0000,8,7,6,0,0,7,6,0.1429
4,168.0000,3,33,373.2774,-80.5060,-0.3632,27,0.6585,0.5000,6,6,3,0,0,6,3,0.5000
4,168.0000,3,35,948.6090,-86.7780,0.5331,3,0.0732,,0,4,4,0,0,4,4,0.0000
4,168.0000,3,37,190.4707,-74.3523,-0.2093,33,0.8049,0.0000,4,5,2,0,0,5,2,0.6000
4,168.0000,3,38,293.7103,-79.1353,-0.0040,20,0.4878,0.8750,8,6,3,0,0,6,3,0.5000
4,168.0000,3,39,156.3077,-70.5950,-0.8225,37,0.9024,0.4000,5,6,3,0,0,6,3,0.5000
4,168.0000,3,41,349.8676,-79.2895,0.0133,16,0.3902,0.5714,7,6,3,0,0,6,3,0.5000
4,168.0000,3,42,805.5172,-86.1719,1.3894,5,0.1220,1.0000,6,8,8,0,0,8,8,0.0000
4,168.0000,3,43,558.7229,-83.7703,0.9714,10,0.2439,0.7143,7,8,8,0,0,8,8,0.0000
4,168.0000,3,44,644.6724,-86.2956,0.9540,5,0.1220,1.0000,8,7,6,0,0,7,6,0.1429
4,168.0000,3,46,705.3944,-86.5636,0.4217,5,0.1220,0.8750,8,8,8,0,0,8,8,0.0000
4,168.0000,3,47,397.7180,-80.8615,0.9591,12,0.2927,1.0000,8,7,5,0,0,7,5,0.2857
4,168.0000,4,2,111.3308,-66.1923,-2.0425,39,0.9750,0.0000,4,4,0,0,0,4,0,1.0000
4,168.0000,4,11,375.6264,-81.7613,0.3987,22,0.5500,0.6667,6,6,2,0,0,6,2,0.6667
4,168.0000,4,14,524.5953,-83.3895,0.1083,15,0.3750,0.6667,6,7,6,0,0,7,6,0.1429
4,168.0000,4,15,482.5604,-82.6343,-0.0515,24,0.6000,0.4000,5,8,7,0,0,8,7,0.1250
4,168.0000,4,17,249.3046,-78.5254,0.3918,33,0.8250,0.4000,5,5,1,0,0,5,1,0.8000
4,168.0000,4,24,779.7187,-86.7818,-0.3852,6,0.1500,1.0000,8,8,8,0,0,8,8,0.0000
4,168.0000,4,30,803.3621,-86.4551,-2.6981,4,0.1000,1.0000,8,8,8,0,0,8,8,0.0000
4,168.0000,4,35,663.0628,-85.9983,0.1657,12,0.3000,0.8750,8,8,7,0,0,8,7,0.1250
4,168.0000,4,42,912.1751,-87.1848,-1.4756,4,0.1000,1.0000,4,6,6,0,0,6,6,0.0000
4,168.0000,4,46,596.2318,-84.3363,0.7120,10,0.2500,0.7143,7,8,7,0,0,8,7,0.1250
4,168.0000,5,0,356.1639,-81.3121,0.4246,34,0.8500,0.2000,5,4,0,0,0,4,0,1.0000
4,168.0000,5,1,311.0933,-79.6284,0.4327,14,0.3500,0.8571,7,6,4,0,0,6,4,0.3333
4,168.0000,5,12,318.1816,-79.3562,-1.4024,31,0.7750,0.2000,5,5,1,0,0,5,1,0.8000
4,168.0000,5,21,784.8838,-85.5362,-0.8094,3,0.0750,1.0000,6,6,6,0,0,6,6,0.0000
4,168.0000,5,25,640.7399,-84.3447,0.0159,6,0.1500,1.0000,8,8,8,0,0,8,8,0.0000
4,168.0000,5,26,624.8379,-84.8971,-0.5248,10,0.2500,1.0000,8,7,5,0,0,7,5,0.2857
4,168.0000,5,27,474.4133,-83.4743,0.4245,9,0.2250,0.8571,7,6,3,0,0,6,3,0.5000
4,168.0000,5,29,417.7608,-81.5622,0.1647,21,0.5250,0.4000,5,5,1,0,0,5,1,0.8000
4,168.0000,5,32,629.6349,-85.1519,-0.7731,4,0.1000,1.0000,8,8,8,0,0,8,8,0.0000
4,168.0000,5,34,172.9695,-74.4910,0.3295,37,0.9250,0.0000,4,4,0,0,0,4,0,1.0000
4,168.0000,5,36,271.2143,-79.0568,0.8502,23,0.5750,0.4000,5,6,2,0,0,6,2,0.6667
4,168.0000,5,45,520.2380,-83.1321,-0.2059,8,0.2000,0.8571,7,6,4,0,0,6,4,0.3333
4,168.0000,6,3,525.9119,-85.3296,-0.3827,3,0.0750,0.8000,5,8,7,0,0,8,7,0.1250
4,168.0000,6,15,758.2137,-85.9000,-1.0628,5,0.1250,1.0000,2,8,8,0,0,8,8,0.0000
4,168.0000,6,20,402.8269,-80.4046,0.0661,11,0.2750,0.8571,7,8,8,0,0,8,8,0.0000
4,168.0000,6,22,704.9328,-86.3433,2.2189,3,0.0750,0.8571,7,7,6,0,0,7,6,0.1429
4,168.0000,6,24,400.2194,-82.3252,1.2707,7,0.1750,0.8750,8,6,3,0,0,6,3,0.5000
4,168.0000,6,33,259.4642,-78.1010,0.1857,29,0.7250,0.2000,5,5,1,0,0,5,1,0.8000
4,168.0000,6,35,636.3452,-84.1677,0.9907,10,0.2500,0.8750,8,8,8,0,0,8,8,0.0000
4,168.0000,6,37,570.6806,-84.7007,-4.5172,4,0.1000,0.8571,7,8,7,0,0,8,7,0.1250
4,168.0000,6,39,590.1949,-81.5150,-2.3325,7,0.1750,1.0000,8,7,5,0,0,7,5,0.2857
4,168.0000,6,42,487.4607,-82.3321,0.0394,18,0.4500,0.7500,8,6,4,0,0,6,4,0.3333
4,168.0000,6,46,755.5788,-84.3314,0.8233,4,0.1000,1.0000,8,8,8,0,0,8,8,0.0000
4,168.0000,7,1,741.9110,-87.4059,-1.0606,8,0.2000,0.7143,7,8,7,0,0,8,7,0.1250
4,168.0000,7,3,390.4915,-81.1190,1.0431,9,0.2250,0.7143,7,6,2,0,0,6,2,0.6667
4,168.0000,7,6,785.5996,-87.5676,-0.6979,5,0.1250,1.0000,4,5,4,0,0,5,4,0.2000
4,168.0000,7,8,602.1191,-85.1865,0.2391,11,0.2750,0.6667,3,6,5,0,0,6,5,0.1667
4,168.0000,7,9,303.7980,-79.0944,-0.2420,20,0.5000,0.7143,7,7,3,0,0,7,3,0.5714
4,168.0000,7,10,569.7144,-84.2448,-0.0729,14,0.3500,1.0000,8,8,8,0,0,8,8,0.0000
4,168.0000,7,13,269.9879,-76.3750,-0.3587,25,0.6250,0.0000,4,7,6,0,0,7,6,0.1429
4,168.0000,7,14,944.2280,-87.3219,0.5724,4,0.1000,1.0000,8,2,2,0,0,2,2,0.0000
4,168.0000,7,16,252.9903,-77.0760,0.1062,23,0.5750,0.4000,5,7,4,13,6,20,10,0.5000
4,168.0000,7,18,565.8256,-84.3947,-0.6318,13,0.3250,0.6667,6,8,8,0,0,8,8,0.0000
4,168.0000,7,19,576.8335,-83.9387,-0.5323,10,0.2500,0.7143,7,7,6,0,0,7,6,0.1429
4,168.0000,7,20,582.7536,-84.8723,0.1461,10,0.2500,1.0000,4,8,7,0,0,8,7,0.1250
4,168.0000,7,22,587.9092,-85.3041,0.1015,6,0.1500,1.0000,8,7,6,0,0,7,6,0.1429
4,168.0000,7,23,461.0372,-83.7953,0.2213,11,0.2750,0.7143,7,7,6,0,0,7,6,0.1429
4,168.0000,7,24,758.2057,-85.9916,-0.4254,5,0.1250,0.8000,5,4,4,0,0,4,4,0.0000
4,168.0000,7,25,659.1483,-85.0596,-1.0002,8,0.2000,1.0000,8,8,8,0,0,8,8,0.0000
4,168.0000,7,26,926.8078,-88.6699,-0.4970,4,0.1000,1.0000,8,8,8,0,0,8,8,0.0000
4,168.0000,7,27,961.0044,-87.3148,-0.1981,4,0.1000,1.0000,8,4,4,0,0,4,4,0.0000
4,168.0000,7,28,617.5535,-85.9646,0.6355,12,0.3000,1.0000,6,7,5,0,0,7,5,0.2857
4,168.0000,7,29,900.2434,-88.6254,0.1257,6,0.1500,1.0000,2,8,8,0,0,8,8,0.0000
4,168.0000,7,30,666.3997,-85.8601,-0.1861,6,0.1500,0.8750,8,7,6,0,0,7,6,0.1429
4,168.0000,7,31,433.9057,-80.9458,-1.2748,22,0.5500,0.8750,8,6,3,0,0,6,3,0.5000
4,168.0000,7,32,447.2591,-80.4019,-1.1872,16,0.4000,0.8571,7,7,6,0,0,7,6,0.1429
4,168.0000,7,33,721.0256,-87.2286,-0.0258,4,0.1000,1.0000,8,7,6,0,0,7,6,0.1429
4,168.0000,7,36,862.2759,-86.3943,-0.1852,7,0.1750,0.8750,8,8,8,0,0,8,8,0.0000
4,168.0000,7,37,238.3921,-78.5548,0.5392,19,0.4750,0.6250,8,4,0,0,0,4,0,1.0000
4,168.0000,7,38,320.8426,-79.3541,0.4230,17,0.4250,0.4000,5,8,7,0,0,8,7,0.1250
4,168.0000,7,39,280.9676,-79.8630,0.8035,17,0.4250,0.5000,6,7,4,0,0,7,4,0.4286
4,168.0000,7,40,698.7948,-84.4618,-0.9182,8,0.2000,1.0000,8,8,8,0,0,8,8,0.0000
4,168.0000,7,41,375.8311,-82.6549,-0.3229,13,0.3250,0.6667,6,5,2,0,0,5,2,0.6000
4,168.0000,7,43,598.4378,-86.0417,-0.3627,9,0.2250,0.6000,5,8,7,0,0,8,7,0.1250
4,168.0000,7,44,465.1091,-83.3989,-0.7008,9,0.2250,0.8571,7,8,8,0,0,8,8,0.0000
4,168.0000,7,45,896.6488,-86.1544,-0.0892,5,0.1250,1.0000,8,4,4,0,0,4,4,0.0000
4,168.0000,7,46,760.2814,-87.6425,0.8656,5,0.1250,1.0000,8,8,8,0,0,8,8,0.0000
4,168.0000,7,47,204.9397,-73.5859,-0.0199,31,0.7750,0.2000,5,6,3,0,0,6,3,0.5000
4,168.0000,8,9,438.9623,-83.0821,0.8734,6,0.1500,0.5714,7,7,5,0,0,7,5,0.2857
4,168.0000,8,10,483.5797,-82.8764,0.2273,12,0.3000,0.5000,6,7,5,0,0,7,5,0.2857
4,168.0000,8,11,908.4098,-87.1728,-1.4995,3,0.0750,1.0000,8,2,2,0,0,2,2,0.0000
4,168.0000,8,13,377.7929,-81.5049,0.8531,8,0.2000,0.7143,7,8,7,0,0,8,7,0.1250
4,168.0000,8,14,718.0598,-85.3605,-0.2508,9,0.2250,1.0000,8,8,8,0,0,8,8,0.0000
4,168.0000,8,15,839.5932,-86.5055,0.8970,4,0.1000,0.8333,6,2,2,0,0,2,2,0.0000
4,168.0000,8,16,516.4712,-84.5524,-0.0758,4,0.1000,0.8750,8,8,8,0,0,8,8,0.0000
4,168.0000,8,17,778.4596,-85.8052,-0.1667,11,0.2750,,0,6,5,0,0,6,5,0.1667
4,168.0000,8,18,745.6878,-86.6886,9.6030,3,0.0750,1.0000,4,8,8,0,0,8,8,0.0000
4,168.0000,8,24,785.7523,-86.3320,0.2817,4,0.1000,0.8750,8,4,4,0,0,4,4,0.0000
4,168.0000,8,28,284.2510,-78.5374,0.5033,30,0.7500,0.5714,7,6,4,0,0,6,4,0.3333
4,168.0000,8,30,220.5302,-77.8010,0.5784,36,0.9000,0.3333,6,4,0,0,0,4,0,1.0000
4,168.0000,8,31,335.3845,-80.0285,0.9005,15,0.3750,0.8571,7,8,7,0,0,8,7,0.1250
4,168.0000,8,37,593.7369,-84.8647,-0.1019,3,0.0750,1.0000,8,8,8,0,0,8,8,0.0000
4,168.0000,8,38,428.0800,-81.7023,0.9285,9,0.2250,0.5714,7,7,5,0,0,7,5,0.2857
4,168.0000,8,40,611.7902,-83.7464,0.0675,7,0.1750,0.8750,8,8,8,0,0,8,8,0.0000
4,168.0000,8,44,221.2393,-76.1120,-0.4414,31,0.7750,0.5000,6,8,6,0,0,8,6,0.2500
4,168.0000,8,46,562.7262,-85.3072,0.0844,11,0.2750,0.8750,8,7,4,0,0,7,4,0.4286
4,168.0000,8,47,398.6724,-83.5202,0.5130,5,0.1250,0.7143,7,6,3,0,0,6,3,0.5000
4,168.0000,9,1,741.2091,-87.7543,-0.3413,10,0.2500,1.0000,10,8,8,0,0,8,8,0.0000
4,168.0000,9,3,361.4085,-82.2336,0.6027,17,0.4250,0.8750,8,7,6,0,0,7,6,0.1429
4,168.0000,9,6,870.5785,-87.3094,0.9014,6,0.1500,1.0000,6,8,8,0,0,8,8,0.0000
4,168.0000,9,7,303.7980,-79.1383,0.4893,28,0.7000,0.5714,7,6,3,0,0,6,3,0.5000
4,168.0000,9,8,438.9623,-82.7529,-0.0327,21,0.5250,0.7143,7,8,7,0,0,8,7,0.1250
4,168.0000,9,10,510.5136,-83.0155,-0.7121,18,0.4500,0.8571,7,8,6,0,0,8,6,0.2500
4,168.0000,9,13,273.1272,-76.3257,-0.8802,34,0.8500,0.7143,7,8,7,0,0,8,7,0.1250
4,168.0000,9,15,1024.3305,-88.1535,0.9927,6,0.1500,1.0000,2,2,2,0,0,2,2,0.0000
4,168.0000,9,16,156.3922,-75.8942,1.1905,34,0.8500,0.4000,5,5,1,0,0,5,1,0.8000
4,168.0000,9,18,595.7112,-84.4720,-0.3144,19,0.4750,1.0000,8,7,6,0,0,7,6,0.1429
4,168.0000,9,19,619.3929,-85.4748,-0.0881,11,0.2750,0.8571,7,6,6,0,0,6,6,0.0000
4,168.0000,9,20,555.2667,-84.8459,-0.3363,14,0.3500,1.0000,8,5,4,0,0,5,4,0.2000
4,168.0000,9,21,710.0904,-85.1060,-0.3871,10,0.2500,0.8571,7,2,2,0,0,2,2,0.0000
4,168.0000,9,22,428.3688,-81.9666,0.0200,18,0.4500,0.8571,7,7,5,0,0,7,5,0.2857
4,168.0000,9,23,208.9532,-78.3829,1.2617,28,0.7000,0.5714,7,6,2,0,0,6,2,0.6667
4,168.0000,9,24,803.1690,-86.6722,-0.5434,6,0.1500,1.0000,6,6,5,0,0,6,5,0.1667
4,168.0000,9,25,665.3940,-86.1934,-0.0084,13,0.3250,1.0000,8,6,4,0,0,6,4,0.3333
4,168.0000,9,26,878.1254,-88.3127,-0.2624,6,0.1500,0.7500,4,6,6,0,0,6,6,0.0000
4,168.0000,9,27,930.6941,-88.3900,-1.1906,3,0.0750,1.0000,6,8,8,0,0,8,8,0.0000
4,168.0000,9,28,593.2987,-85.0162,-0.2386,15,0.3750,0.8000,5,8,8,0,0,8,8,0.0000
4,168.0000,9,29,928.9179,-88.0728,0.7006,6,0.1500,1.0000,2,7,6,0,0,7,6,0.1429
4,168.0000,9,30,588.8655,-84.8584,-0.5421,13,0.3250,0.7143,7,8,8,0,0,8,8,0.0000
4,168.0000,9,31,396.9447,-79.6127,-0.9054,28,0.7000,0.8750,8,8,8,0,0,8,8,0.0000
4,168.0000,9,32,420.6850,-81.8004,-0.0144,17,0.4250,0.8750,8,7,6,0,0,7,6,0.1429
4,168.0000,9,33,714.6495,-86.4055,0.2577,9,0.2250,1.0000,8,8,8,0,0,8,8,0.0000
4,168.0000,9,35,1183.5073,-89.4237,0.3403,3,0.0750,1.0000,2,2,2,0,0,2,2,0.0000
4,168.0000,9,36,860.4202,-87.9994,-0.1990,8,0.2000,1.0000,8,2,2,0,0,2,2,0.0000
4,168.0000,9,37,334.3064,-80.6518,0.4782,22,0.5500,0.6667,6,6,2,0,0,6,2,0.6667
4,168.0000,9,38,325.0763,-78.3577,-0.3711,26,0.6500,0.6667,6,7,6,0,0,7,6,0.1429
4,168.0000,9,39,343.5930,-82.2016,0.7127,19,0.4750,0.7143,7,6,4,0,0,6,4,0.3333
4,168.0000,9,40,564.4065,-84.0206,-1.0893,17,0.4250,1.0000,8,6,4,0,0,6,4,0.3333
4,168.0000,9,41,304.3351,-80.7100,0.9270,20,0.5000,0.7500,8,6,4,0,0,6,4,0.3333
4,168.0000,9,43,521.6636,-83.9997,1.4491,13,0.3250,1.0000,2,7,6,0,0,7,6,0.1429
4,168.0000,9,44,377.2710,-79.5777,-1.4150,29,0.7250,0.4000,5,7,6,0,0,7,6,0.1429
4,168.0000,9,45,783.1540,-87.5832,0.1712,10,0.2500,1.0000,8,8,7,0,0,8,7,0.1250
4,168.0000,9,46,770.4472,-86.8686,0.4943,8,0.2000,1.0000,8,8,8,0,0,8,8,0.0000
4,168.0000,9,47,226.1762,-75.1798,-0.5941,36,0.9000,0.4000,5,5,2,0,0,5,2,0.6000
4,168.0000,10,1,792.0131,-86.4791,-0.7716,9,0.2250,1.0000,8,8,8,0,0,8,8,0.0000
4,168.0000,10,3,842.5097,-86.8389,-0.4995,6,0.1500,1.0000,8,3,2,0,0,3,2,0.3333
4,168.0000,10,7,569.7144,-84.1473,-1.2618,12,0.3000,0.7143,7,6,4,0,0,6,4,0.3333
4,168.0000,10,8,483.5797,-83.6617,0.6972,15,0.3750,1.0000,8,8,8,0,0,8,8,0.0000
4,168.0000,10,9,510.5136,-84.3311,1.1472,13,0.3250,1.0000,8,8,6,0,0,8,6,0.2500
4,168.0000,10,13,342.8981,-80.0947,0.5930,19,0.4750,0.8750,8,7,5,0,0,7,5,0.2857
4,168.0000,10,16,432.8592,-80.1555,-0.8117,18,0.4500,0.8750,8,6,4,69,64,75,68,0.0933
4,168.0000,10,18,303.3828,-75.6887,-1.3005,34,0.8500,0.2000,5,7,6,0,0,7,6,0.1429
4,168.0000,10,20,1044.7647,-87.7107,0.2785,3,0.0750,1.0000,6,4,4,0,0,4,4,0.0000
4,168.0000,10,21,455.8723,-82.4386,-0.0357,26,0.6500,0.7500,8,8,7,0,0,8,7,0.1250
4,168.0000,10,22,934.7306,-87.9778,-1.0042,4,0.1000,1.0000,4,6,6,0,0,6,6,0.0000
4,168.0000,10,23,686.2709,-85.8988,-0.4915,8,0.2000,1.0000,8,7,6,0,0,7,6,0.1429
4,168.0000,10,25,953.7332,-87.9076,-0.0083,6,0.1500,1.0000,4,8,8,0,0,8,8,0.0000
4,168.0000,10,26,567.6524,-84.7225,0.5184,14,0.3500,1.0000,6,9,8,0,0,9,8,0.1111
4,168.0000,10,28,511.7968,-83.9508,0.7664,15,0.3750,0.8333,6,8,8,0,0,8,8,0.0000
4,168.0000,10,30,604.1686,-85.4027,0.9485,11,0.2750,1.0000,6,7,6,0,0,7,6,0.1429
4,168.0000,10,31,216.9956,-77.0001,0.6775,31,0.7750,0.6667,6,5,2,0,0,5,2,0.6000
4,168.0000,10,32,572.0250,-83.2653,-0.0520,12,0.3000,0.8571,7,5,4,0,0,5,4,0.2000
4,168.0000,10,34,1188.7071,-89.5219,-0.0793,3,0.0750,,0,4,4,0,0,4,4,0.0000
4,168.0000,10,36,959.2377,-87.0946,-0.1824,5,0.1250,1.0000,6,6,5,0,0,6,5,0.1667
4,168.0000,10,37,732.8459,-85.9868,0.5570,6,0.1500,1.0000,8,8,8,0,0,8,8,0.0000
4,168.0000,10,38,659.9803,-86.0571,-0.1003,8,0.2000,1.0000,8,8,8,0,0,8,8,0.0000
4,168.0000,10,39,793.6704,-88.0032,0.8031,7,0.1750,1.0000,8,7,6,0,0,7,6,0.1429
4,168.0000,10,40,254.7615,-76.6126,-0.6817,33,0.8250,0.6667,6,8,7,0,0,8,7,0.1250
4,168.0000,10,41,743.7559,-86.2656,-0.5933,8,0.2000,1.0000,8,7,5,0,0,7,5,0.2857
4,168.0000,10,43,906.4806,-86.9015,1.0888,4,0.1000,1.0000,6,4,4,0,0,4,4,0.0000
4,168.0000,10,44,298.8766,-80.5392,1.1237,24,0.6000,0.8571,7,6,3,0,0,6,3,0.5000
4,168.0000,10,45,647.8387,-84.1361,0.2278,13,0.3250,1.0000,8,8,8,0,0,8,8,0.0000
4,168.0000,10,46,932.0665,-88.8604,-0.0570,4,0.1000,1.0000,6,8,8,0,0,8,8,0.0000
4,168.0000,10,47,474.7420,-83.2927,0.2555,12,0.3000,0.7500,8,7,6,0,0,7,6,0.1429
4,168.0000,11,2,280.1218,-79.3011,0.7051,36,0.9000,0.2000,5,5,1,0,0,5,1,0.8000
4,168.0000,11,4,375.6264,-81.3118,0.2113,30,0.7500,0.5714,7,4,0,0,0,4,0,1.0000
4,168.0000,11,6,884.3192,-87.4213,-1.0572,3,0.0750,1.0000,8,8,8,0,0,8,8,0.0000
4,168.0000,11,14,291.3143,-78.3200,-0.0313,33,0.8250,0.2500,4,4,0,0,0,4,0,1.0000
4,168.0000,11,15,137.9611,-65.5794,-3.6899,38,0.9500,0.0000,4,5,2,0,0,5,2,0.6000
4,168.0000,11,17,321.7216,-79.0010,0.3144,28,0.7000,0.4000,5,6,3,0,0,6,3,0.5000
4,168.0000,11,24,504.0216,-83.8029,0.7511,10,0.2500,0.8571,7,8,8,0,0,8,8,0.0000
4,168.0000,11,28,801.4740,-87.8116,0.9234,5,0.1250,1.0000,8,8,8,0,0,8,8,0.0000
4,168.0000,11,30,723.6123,-85.8524,1.6350,3,0.0750,1.0000,8,8,8,0,0,8,8,0.0000
4,168.0000,11,33,874.0413,-86.9502,-0.4102,3,0.0750,1.0000,8,8,7,0,0,8,7,0.1250
4,168.0000,11,35,382.2981,-81.3778,-0.1427,24,0.6000,0.2000,5,6,4,0,0,6,4,0.3333
4,168.0000,11,38,834.5668,-89.0808,-0.6589,3,0.0750,1.0000,8,8,8,0,0,8,8,0.0000
4,168.0000,11,42,759.8187,-86.5480,-1.4819,6,0.1500,1.0000,8,8,8,0,0,8,8,0.0000
4,168.0000,11,46,376.2679,-79.5735,-0.7930,27,0.6750,0.5000,6,8,7,0,0,8,7,0.1250
4,168.0000,12,0,411.4103,-82.1154,0.3084,28,0.7000,0.7143,7,6,3,0,0,6,3,0.5000
4,168.0000,12,1,499.4305,-84.3930,1.2464,7,0.1750,0.8571,7,8,8,0,0,8,8,0.0000
4,168.0000,12,5,318.1816,-79.6080,-0.5428,32,0.8000,0.2000,5,8,8,0,0,8,8,0.0000
4,168.0000,12,21,638.0592,-86.0940,2.4647,5,0.1250,1.0000,8,7,6,0,0,7,6,0.1429
4,168.0000,12,25,867.2804,-88.0572,3.4694,3,0.0750,1.0000,2,7,6,0,0,7,6,0.1429
4,168.0000,12,26,470.2908,-82.6992,0.3535,14,0.3500,0.8750,8,8,8,0,0,8,8,0.0000
4,168.0000,12,27,711.1502,-86.7249,0.6932,8,0.2000,1.0000,8,8,8,0,0,8,8,0.0000
4,168.0000,12,29,706.6787,-86.7149,0.9346,6,0.1500,1.0000,6,8,7,0,0,8,7,0.1250
4,168.0000,12,34,391.8683,-81.3113,0.2064,27,0.6750,0.7143,7,6,3,0,0,6,3,0.5000
4,168.0000,12,36,527.0622,-83.7959,0.1118,11,0.2750,0.8333,6,9,8,0,0,9,8,0.1111
4,168.0000,12,40,790.8867,-87.0919,1.4371,3,0.0750,1.0000,8,8,8,0,0,8,8,0.0000
4,168.0000,12,45,385.3997,-82.2047,0.3487,15,0.3750,0.8750,8,7,4,0,0,7,4,0.4286
4,168.0000,13,1,810.8724,-86.3120,0.1092,5,0.1250,1.0000,8,8,8,0,0,8,8,0.0000
4,168.0000,13,3,525.3108,-82.9461,-0.0138,10,0.2500,0.6667,6,7,5,0,0,7,5,0.2857
4,168.0000,13,6,947.7022,-87.8980,0.8082,5,0.1250,1.0000,8,2,2,0,0,2,2,0.0000
4,168.0000,13,7,269.9879,-76.9563,-0.6256,27,0.6750,0.0000,4,6,4,0,0,6,4,0.3333
4,168.0000,13,8,377.7929,-82.5985,-0.0420,13,0.3250,0.6000,5,10,7,0,0,10,7,0.3000
4,168.0000,13,9,273.1272,-76.2584,-0.2754,31,0.7750,0.4000,5,8,6,0,0,8,6,0.2500
4,168.0000,13,10,342.8981,-80.9211,-0.4708,24,0.6000,0.6667,6,7,5,0,0,7,5,0.2857
4,168.0000,13,14,850.8711,-87.5189,-0.1708,6,0.1500,0.6000,5,2,2,0,0,2,2,0.0000
4,168.0000,13,16,238.2777,-77.7950,0.9076,23,0.5750,0.2857,7,6,3,0,0,6,3,0.5000
4,168.0000,13,18,468.6935,-82.6313,-0.4377,14,0.3500,0.8750,8,8,7,0,0,8,7,0.1250
4,168.0000,13,19,781.5031,-87.9506,-1.5001,4,0.1000,1.0000,8,8,8,0,0,8,8,0.0000
4,168.0000,13,20,727.0222,-87.2256,-0.1508,6,0.1500,1.0000,6,6,5,0,0,6,5,0.1667
4,168.0000,13,21,704.3767,-84.8477,0.7119,8,0.2000,0.8571,7,2,2,0,0,2,2,0.0000
4,168.0000,13,22,680.6389,-84.2255,-1.0348,8,0.2000,1.0000,8,6,6,0,0,6,6,0.0000
4,168.0000,13,23,481.8122,-82.3155,-0.4424,13,0.3250,1.0000,8,9,7,0,0,9,7,0.2222
4,168.0000,13,24,808.5243,-86.2373,-0.8322,5,0.1250,1.0000,8,4,4,0,0,4,4,0.0000
4,168.0000,13,25,823.9372,-87.4153,0.6803,6,0.1500,1.0000,8,8,8,0,0,8,8,0.0000
4,168.0000,13,26,821.7941,-86.6107,-0.1054,7,0.1750,1.0000,6,4,3,0,0,4,3,0.2500
4,168.0000,13,28,401.7974,-82.3901,0.9492,12,0.3000,0.6667,6,7,6,0,0,7,6,0.1429
4,168.0000,13,30,465.7435,-83.9258,0.1560,12,0.3000,0.8750,8,9,6,0,0,9,6,0.3333
4,168.0000,13,31,169.6369,-73.9771,-0.0848,33,0.8250,0.4000,5,4,0,0,0,4,0,1.0000
4,168.0000,13,32,508.3918,-81.6237,-1.6484,12,0.3000,1.0000,8,8,8,0,0,8,8,0.0000
4,168.0000,13,37,395.4513,-79.6451,-0.6773,17,0.4250,0.8889,9,5,2,0,0,5,2,0.6000
4,168.0000,13,38,329.1890,-77.5176,-1.1118,23,0.5750,0.5000,6,8,8,0,0,8,8,0.0000
4,168.0000,13,39,481.0039,-82.5991,0.1529,10,0.2500,0.7500,8,7,5,0,0,7,5,0.2857
4,168.0000,13,40,514.0090,-83.1317,1.0095,12,0.3000,1.0000,8,8,8,0,0,8,8,0.0000
4,168.0000,13,41,520.2932,-83.7088,0.8578,8,0.2000,0.5000,6,8,8,0,0,8,8,0.0000
4,168.0000,13,44,200.1545,-76.3033,1.5345,27,0.6750,0.3333,6,5,2,0,0,5,2,0.6000
4,168.0000,13,46,685.8341,-86.3606,0.3632,8,0.2000,1.0000,8,8,8,0,0,8,8,0.0000
4,168.0000,13,47,134.6884,-68.1341,-1.3903,36,0.9000,0.2000,5,5,2,0,0,5,2,0.6000
4,168.0000,14,2,446.6868,-82.9232,0.0696,28,0.7000,0.8750,8,8,8,0,0,8,8,0.0000
4,168.0000,14,4,524.5953,-83.1706,0.0300,29,0.7250,0.7143,7,6,4,0,0,6,4,0.3333
4,168.0000,14,6,932.1542,-87.1603,0.0743,5,0.1250,1.0000,4,6,6,0,0,6,6,0.0000
4,168.0000,14,8,718.0598,-85.2073,1.6369,3,0.0750,1.0000,8,8,8,0,0,8,8,0.0000
4,168.0000,14,11,291.3143,-79.0382,0.4035,35,0.8750,0.5000,6,6,3,0,0,6,3,0.5000
4,168.0000,14,15,272.6772,-78.0420,0.4162,35,0.8750,0.2000,5,6,4,0,0,6,4,0.3333
4,168.0000,14,17,440.6966,-81.8753,-0.1715,18,0.4500,0.8750,8,9,8,0,0,9,8,0.1111
4,168.0000,14,24,544.0527,-82.6103,-0.5050,15,0.3750,0.6667,6,7,6,0,0,7,6,0.1429
4,168.0000,14,28,549.0080,-82.6933,0.1195,11,0.2750,0.8571,7,8,8,0,0,8,8,0.0000
4,168.0000,14,30,507.8374,-82.6338,-0.3909,11,0.2750,0.8571,7,8,8,0,0,8,8,0.0000
4,168.0000,14,35,601.5757,-85.7655,-0.1390,15,0.3750,1.0000,8,7,6,0,0,7,6,0.1429
4,168.0000,14,42,934.2657,-87.7390,0.1514,6,0.1500,1.0000,2,2,2,0,0,2,2,0.0000
4,168.0000,14,44,788.7191,-87.7622,-1.0476,3,0.0750,1.0000,8,8,8,0,0,8,8,0.0000
4,168.0000,14,46,236.3337,-76.3098,-0.8232,35,0.8750,0.3333,6,6,3,0,0,6,3,0.5000
4,168.0000,15,2,376.4083,-81.1233,0.2757,33,0.8250,0.6667,6,6,3,0,0,6,3,0.5000
4,168.0000,15,4,482.5604,-83.3341,0.3989,21,0.5250,0.8571,7,5,2,0,0,5,2,0.6000
4,168.0000,15,8,839.5932,-87.8237,-0.3004,3,0.0750,1.0000,8,8,8,0,0,8,8,0.0000
4,168.0000,15,11,137.9611,-65.9873,-3.8522,38,0.9500,0.2000,5,5,1,0,0,5,1,0.8000
4,168.0000,15,14,272.6772,-78.5044,0.3899,27,0.6750,0.7143,7,6,2,0,0,6,2,0.6667
4,168.0000,15,17,358.1189,-80.5810,-0.2868,25,0.6250,0.3333,6,6,4,0,0,6,4,0.3333
4,168.0000,15,24,373.5231,-81.2596,-0.5525,15,0.3750,0.6667,6,7,4,0,0,7,4,0.4286
4,168.0000,15,33,754.1902,-86.0273,-1.6175,3,0.0750,1.0000,8,8,8,0,0,8,8,0.0000
4,168.0000,15,35,333.1477,-81.4359,0.2453,26,0.6500,0.5000,6,7,5,0,0,7,5,0.2857
4,168.0000,15,42,688.6318,-85.6349,0.2557,9,0.2250,1.0000,8,8,8,0,0,8,8,0.0000
4,168.0000,15,46,285.3946,-78.3946,-0.0448,27,0.6750,0.2000,5,6,4,0,0,6,4,0.3333
4,168.0000,16,1,619.1238,-84.0722,-0.4018,11,0.2750,0.6667,6,7,6,0,0,7,6,0.1429
4,168.0000,16,3,461.7530,-83.0501,0.4908,11,0.2750,1.0000,8,8,8,0,0,8,8,0.0000
4,168.0000,16,6,954.4159,-88.4817,-0.3579,3,0.0750,1.0000,6,4,4,0,0,4,4,0.0000
4,168.0000,16,7,252.9903,-76.4570,0.2445,23,0.5750,0.5000,6,5,2,17,10,22,12,0.4545
4,168.0000,16,8,516.4712,-84.0728,0.5606,10,0.2500,1.0000,8,4,4,0,0,4,4,0.0000
4,168.0000,16,9,156.3922,-74.8981,1.0854,26,0.6500,0.4000,5,3,0,0,0,3,0,1.0000
4,168.0000,16,10,432.8592,-80.7475,-0.8490,19,0.4750,0.7143,7,7,5,0,0,7,5,0.2857
4,168.0000,16,13,238.2777,-76.9853,0.3202,25,0.6250,0.5000,6,6,3,0,0,6,3,0.5000
4,168.0000,16,18,454.6311,-81.3294,-0.5115,18,0.4500,0.8571,7,6,3,0,0,6,3,0.5000
4,168.0000,16,19,575.9204,-85.3091,-0.1145,10,0.2500,0.8750,8,8,8,0,0,8,8,0.0000
4,168.0000,16,20,661.4593,-85.9485,-0.1536,10,0.2500,0.7500,4,8,7,0,0,8,7,0.1250
4,168.0000,16,21,631.5681,-84.0239,-1.0847,14,0.3500,0.8571,7,6,6,0,0,6,6,0.0000
4,168.0000,16,22,544.0432,-84.2621,0.0887,9,0.2250,0.7500,8,8,8,0,0,8,8,0.0000
4,168.0000,16,23,322.4271,-80.0509,-0.3938,19,0.4750,0.4000,5,7,4,0,0,7,4,0.4286
4,168.0000,16,24,903.0548,-89.1898,0.2395,3,0.0750,1.0000,4,2,2,0,0,2,2,0.0000
4,168.0000,16,25,600.7117,-84.7742,0.1267,10,0.2500,0.7143,7,7,6,0,0,7,6,0.1429
4,168.0000,16,26,754.4852,-87.3474,-0.1804,8,0.2000,1.0000,8,8,8,0,0,8,8,0.0000
4,168.0000,16,27,856.9250,-88.2144,0.7631,3,0.0750,1.0000,4,5,4,0,0,5,4,0.2000
4,168.0000,16,28,625.2019,-85.1139,-0.9278,9,0.2250,1.0000,8,8,7,0,0,8,7,0.1250
4,168.0000,16,30,658.3776,-86.5609,0.4690,6,0.1500,0.8333,6,8,8,0,0,8,8,0.0000
4,168.0000,16,31,359.5940,-79.3563,-0.2430,22,0.5500,0.7500,8,7,5,0,0,7,5,0.2857
4,168.0000,16,32,298.6252,-76.2339,-1.7356,32,0.8000,0.5714,7,6,3,0,0,6,3,0.5000
4,168.0000,16,36,752.2936,-86.4554,-0.3141,8,0.2000,1.0000,8,7,6,0,0,7,6,0.1429
4,168.0000,16,37,391.2512,-82.6452,-0.0561,12,0.3000,0.7500,8,7,5,0,0,7,5,0.2857
4,168.0000,16,38,411.9634,-82.3359,-0.3628,15,0.3750,0.7500,8,4,0,0,0,4,0,1.0000
4,168.0000,16,39,391.1662,-82.0324,0.9912,13,0.3250,1.0000,8,7,5,0,0,7,5,0.2857
4,168.0000,16,40,488.2500,-81.2688,-1.9052,20,0.5000,0.6667,6,8,7,0,0,8,7,0.1250
4,168.0000,16,41,315.1475,-80.3172,0.8875,19,0.4750,0.7143,7,6,3,0,0,6,3,0.5000
4,168.0000,16,43,511.3626,-83.3294,-0.2988,14,0.3500,0.6000,5,7,6,0,0,7,6,0.1429
4,168.0000,16,44,386.7625,-81.6489,0.1059,18,0.4500,0.8904,146,8,8,136,116,144,124,0.1389
4,168.0000,16,45,683.7375,-84.7272,-0.9004,10,0.2500,0.7500,8,6,5,0,0,6,5,0.1667
4,168.0000,16,46,857.8779,-86.6672,-2.2036,6,0.1500,1.0000,8,7,5,0,0,7,5,0.2857
4,168.0000,16,47,245.5990,-76.2789,0.1919,28,0.7000,0.0000,4,8,4,0,0,8,4,0.5000
4,168.0000,17,2,166.6215,-75.9386,1.3813,36,0.9000,0.2000,5,4,0,0,0,4,0,1.0000
4,168.0000,17,4,249.3046,-78.3387,0.1213,38,0.9500,0.4000,5,4,0,0,0,4,0,1.0000
4,168.0000,17,11,321.7216,-79.4621,0.2967,34,0.8500,0.3333,6,6,2,0,0,6,2,0.6667
4,168.0000,17,14,440.6966,-81.5979,-0.4744,17,0.4250,0.5714,7,6,3,0,0,6,3,0.5000
4,168.0000,17,15,358.1189,-80.5374,-0.1617,28,0.7000,0.2000,5,7,6,0,0,7,6,0.1429
4,168.0000,17,24,567.9163,-82.3592,-0.9535,7,0.1750,0.7500,8,8,8,0,0,8,8,0.0000
4,168.0000,17,30,637.6632,-85.1361,-0.9297,6,0.1500,0.6667,6,8,8,0,0,8,8,0.0000
4,168.0000,17,35,551.9015,-84.6469,0.0290,13,0.3250,0.8571,7,6,4,0,0,6,4,0.3333
4,168.0000,17,42,730.9907,-84.3694,-0.7945,7,0.1750,1.0000,8,8,8,0,0,8,8,0.0000
4,168.0000,17,46,412.5850,-80.5904,0.2114,15,0.3750,0.5000,6,8,8,0,0,8,8,0.0000
4,168.0000,18,1,561.4860,-85.1716,-1.1981,6,0.1500,1.0000,8,7,6,0,0,7,6,0.1429
4,168.0000,18,5,762.0774,-85.8020,0.0941,6,0.1500,,0,6,6,0,0,6,6,0.0000
4,168.0000,18,7,565.8256,-82.5690,-1.3036,5,0.1250,0.8750,8,8,8,0,0,8,8,0.0000
4,168.0000,18,9,595.7112,-85.0471,1.3402,5,0.1250,0.6667,6,8,8,0,0,8,8,0.0000
4,168.0000,18,10,303.3828,-75.7975,-1.3887,32,0.8000,0.7500,8,8,8,0,0,8,8,0.0000
4,168.0000,18,12,763.4136,-86.6454,1.2158,3,0.0750,1.0000,6,4,4,0,0,4,4,0.0000
4,168.0000,18,13,468.6935,-84.4403,-1.7540,7,0.1750,1.0000,8,7,6,0,0,7,6,0.1429
4,168.0000,18,16,454.6311,-80.7076,0.1006,12,0.3000,0.8571,7,8,8,0,0,8,8,0.0000
4,168.0000,18,21,453.6439,-83.1346,-1.1356,15,0.3750,0.7143,7,6,4,0,0,6,4,0.3333
4,168.0000,18,25,796.2987,-87.8073,-1.5419,4,0.1000,0.8750,8,7,6,0,0,7,6,0.1429
4,168.0000,18,26,398.1916,-82.7861,-0.3763,15,0.3750,0.8571,7,8,6,0,0,8,6,0.2500
4,168.0000,18,29,873.2961,-88.2814,-0.6388,6,0.1500,1.0000,4,8,8,0,0,8,8,0.0000
4,168.0000,18,30,862.2527,-88.1919,-0.7771,4,0.1000,,0,8,8,0,0,8,8,0.0000
4,168.0000,18,31,437.3368,-80.9535,-0.4603,19,0.4750,0.7143,7,8,8,0,0,8,8,0.0000
4,168.0000,18,32,431.0807,-81.6726,-1.0783,7,0.1750,0.8571,7,7,6,0,0,7,6,0.1429
4,168.0000,18,36,731.9520,-86.1269,0.5607,5,0.1250,1.0000,8,6,6,0,0,6,6,0.0000
4,168.0000,18,40,344.4701,-78.7517,-0.5759,23,0.5750,0.8750,8,6,3,0,0,6,3,0.5000
4,168.0000,18,41,713.3958,-86.3780,-0.2014,4,0.1000,1.0000,8,8,8,0,0,8,8,0.0000
4,168.0000,18,44,541.9398,-83.3782,0.2075,10,0.2500,1.0000,8,7,5,0,0,7,5,0.2857
4,168.0000,18,45,514.9760,-84.7755,-0.4506,10,0.2500,1.0000,8,8,7,0,0,8,7,0.1250
4,168.0000,18,47,580.2257,-85.1982,0.1104,5,0.1250,0.8750,8,8,8,0,0,8,8,0.0000
4,168.0000,19,1,541.1457,-83.6580,-0.4137,11,0.2750,0.7143,7,8,7,0,0,8,7,0.1250
4,168.0000,19,3,599.9800,-84.6903,-0.3792,10,0.2500,1.0000,8,8,8,0,0,8,8,0.0000
4,168.0000,19,5,802.2952,-88.6847,0.8409,5,0.1250,,0,5,4,0,0,5,4,0.2000
4,168.0000,19,7,576.8335,-86.0513,-0.2251,7,0.1750,0.8889,9,6,6,0,0,6,6,0.0000
4,168.0000,19,9,619.3929,-86.4645,0.5465,6,0.1500,0.8571,7,7,6,0,0,7,6,0.1429
4,168.0000,19,13,781.5031,-87.6844,-0.2469,4,0.1000,0.8750,8,6,6,0,0,6,6,0.0000
4,168.0000,19,16,575.9204,-85.3312,-0.5829,7,0.1750,1.0000,8,8,8,0,0,8,8,0.0000
4,168.0000,19,18,842.3804,-87.8044,-1.1488,5,0.1250,1.0000,6,8,8,0,0,8,8,0.0000
4,168.0000,19,20,680.2156,-85.2520,0.3351,9,0.2250,1.0000,8,7,4,0,0,7,4,0.4286
4,168.0000,19,21,1005.5466,-88.0434,1.1842,5,0.1250,1.0000,6,2,2,0,0,2,2,0.0000
4,168.0000,19,22,581.0911,-85.2182,0.4669,10,0.2500,1.0000,8,8,8,0,0,8,8,0.0000
4,168.0000,19,23,570.8126,-84.2466,-0.7757,8,0.2000,0.7143,7,8,8,0,0,8,8,0.0000
4,168.0000,19,25,177.0681,-73.2847,-0.5274,34,0.8500,0.0000,4,4,0,0,0,4,0,1.0000
4,168.0000,19,26,1040.7872,-88.7617,-0.5953,3,0.0750,1.0000,4,4,4,0,0,4,4,0.0000
4,168.0000,19,27,496.7044,-83.0279,-0.6900,20,0.5000,0.8750,8,8,6,0,0,8,6,0.2500
4,168.0000,19,29,467.0350,-84.2300,0.8198,16,0.4000,0.8571,7,8,8,0,0,8,8,0.0000
4,168.0000,19,31,925.3788,-87.6756,0.6096,5,0.1250,1.0000,4,8,8,0,0,8,8,0.0000
4,168.0000,19,32,440.4688,-83.2162,0.0865,9,0.2250,1.0000,8,7,6,0,0,7,6,0.1429
4,168.0000,19,33,887.2425,-88.2829,2.6040,3,0.0750,1.0000,4,6,6,0,0,6,6,0.0000
4,168.0000,19,34,911.6555,-87.6046,2.1703,3,0.0750,,0,8,8,0,0,8,8,0.0000
4,168.0000,19,36,538.3395,-85.4856,0.5246,11,0.2750,0.8750,8,7,6,0,0,7,6,0.1429
4,168.0000,19,37,629.6955,-86.5465,-0.9603,7,0.1750,0.8889,9,6,6,0,0,6,6,0.0000
4,168.0000,19,38,789.7740,-86.5814,-2.1711,3,0.0750,1.0000,8,6,6,0,0,6,6,0.0000
4,168.0000,19,39,485.4168,-84.7161,-0.6640,9,0.2250,0.8750,8,7,6,0,0,7,6,0.1429
4,168.0000,19,40,955.4026,-87.9249,-0.4802,5,0.1250,1.0000,8,8,8,0,0,8,8,0.0000
4,168.0000,19,41,329.5367,-79.5099,-0.6819,20,0.5000,0.7143,7,7,6,0,0,7,6,0.1429
4,168.0000,19,43,231.1110,-77.5997,0.5681,32,0.8000,0.7143,7,3,0,0,0,3,0,1.0000
4,168.0000,19,44,956.2908,-88.2199,1.1526,4,0.1000,1.0000,8,8,8,0,0,8,8,0.0000
4,168.0000,19,45,884.2406,-87.4615,0.0027,6,0.1500,1.0000,6,4,4,0,0,4,4,0.0000
4,168.0000,19,47,727.8684,-84.9446,-0.3903,7,0.1750,0.8750,8,5,4,0,0,5,4,0.2000
4,168.0000,20,3,205.0466,-76.1345,-0.2736,24,0.6000,0.2000,5,4,0,0,0,4,0,1.0000
4,168.0000,20,6,402.8269,-81.1706,-0.9336,26,0.6500,0.5000,6,7,5,0,0,7,5,0.2857
4,168.0000,20,7,582.7536,-85.3875,0.5492,7,0.1750,1.0000,8,8,7,0,0,8,7,0.1250
4,168.0000,20,9,555.2667,-84.4784,0.1822,8,0.2000,1.0000,8,7,5,0,0,7,5,0.2857
4,168.0000,20,13,727.0222,-87.2895,1.1960,5,0.1250,1.0000,8,8,8,0,0,8,8,0.0000
4,168.0000,20,14,1002.6203,-87.6555,0.7535,3,0.0750,0.7500,4,4,4,0,0,4,4,0.0000
4,168.0000,20,16,661.4593,-86.0684,-0.2684,4,0.1000,1.0000,8,8,7,0,0,8,7,0.1250
4,168.0000,20,17,965.2699,-86.8744,-0.2971,4,0.1000,1.0000,4,8,8,0,0,8,8,0.0000
4,168.0000,20,19,680.2156,-84.8699,-0.9128,5,0.1250,0.8571,7,8,8,0,0,8,8,0.0000
4,168.0000,20,22,302.1338,-79.7586,0.5933,24,0.6000,0.6667,6,5,1,0,0,5,1,0.8000
4,168.0000,20,23,488.8685,-83.5604,0.5187,8,0.2000,1.0000,8,7,5,0,0,7,5,0.2857
4,168.0000,20,24,544.0974,-84.5468,-1.6089,9,0.2250,1.0000,8,8,7,0,0,8,7,0.1250
4,168.0000,20,28,916.9115,-88.1230,0.6211,5,0.1250,1.0000,4,8,8,0,0,8,8,0.0000
4,168.0000,20,31,878.9641,-87.7684,1.6209,3,0.0750,1.0000,8,8,8,0,0,8,8,0.0000
4,168.0000,20,33,218.5504,-76.5973,1.0858,30,0.7500,0.2791,43,4,0,21,4,25,4,0.8400
4,168.0000,20,35,889.2478,-89.1524,-0.3098,4,0.1000,1.0000,8,8,8,0,0,8,8,0.0000
4,168.0000,20,37,367.9431,-80.7124,-1.3846,14,0.3500,0.8571,7,8,7,0,0,8,7,0.1250
4,168.0000,20,38,459.1990,-83.3578,-0.3885,7,0.1750,0.8571,7,6,3,0,0,6,3,0.5000
4,168.0000,20,39,319.3776,-78.9201,-0.3385,23,0.5750,0.7556,135,7,6,139,128,146,134,0.0822
4,168.0000,20,41,491.0419,-83.4423,-0.9247,6,0.1500,1.0000,8,8,8,0,0,8,8,0.0000
4,168.0000,20,42,660.3084,-86.3521,-0.7548,8,0.2000,1.0000,8,8,8,0,0,8,8,0.0000
4,168.0000,20,43,645.5617,-86.5887,0.3045,6,0.1500,1.0000,6,8,8,0,0,8,8,0.0000
4,168.0000,20,44,834.2064,-86.7524,0.9515,4,0.1000,1.0000,8,7,6,0,0,7,6,0.1429
4,168.0000,20,46,774.4074,-86.9097,-0.1737,6,0.1500,1.0000,2,6,4,0,0,6,4,0.3333
4,168.0000,20,47,596.9321,-86.3988,-0.3948,6,0.1500,1.0000,8,7,6,0,0,7,6,0.1429
4,168.0000,21,1,651.2594,-84.5371,1.0327,6,0.1500,0.8571,7,8,8,0,0,8,8,0.0000
4,168.0000,21,5,784.8838,-88.2117,-2.6354,3,0.0750,1.0000,4,8,7,0,0,8,7,0.1250
4,168.0000,21,9,710.0904,-85.9014,0.8158,3,0.0750,0.6667,6,8,8,0,0,8,8,0.0000
4,168.0000,21,10,455.8723,-82.0455,-0.6857,11,0.2750,0.8750,8,8,6,0,0,8,6,0.2500
4,168.0000,21,12,638.0592,-85.4967,0.3932,8,0.2000,1.0000,8,8,8,0,0,8,8,0.0000
4,168.0000,21,16,631.5681,-82.5561,-0.0950,4,0.1000,1.0000,8,8,8,0,0,8,8,0.0000
4,168.0000,21,18,453.6439,-82.5875,-1.6017,9,0.2250,1.0000,8,8,8,0,0,8,8,0.0000
4,168.0000,21,26,318.3979,-79.6829,1.2723,25,0.6250,0.4000,5,4,0,0,0,4,0,1.0000
4,168.0000,21,27,960.6511,-88.7919,-1.6973,3,0.0750,1.0000,6,6,6,0,0,6,6,0.0000
4,168.0000,21,30,981.1745,-86.8707,0.2590,3,0.0750,,0,2,2,0,0,2,2,0.0000
4,168.0000,21,31,637.9501,-85.7018,3.5958,3,0.0750,1.0000,8,8,8,0,0,8,8,0.0000
4,168.0000,21,32,581.6585,-83.8668,0.4558,7,0.1750,0.7500,8,8,7,0,0,8,7,0.1250
4,168.0000,21,36,791.9997,-85.9207,0.8207,7,0.1750,1.0000,8,8,8,0,0,8,8,0.0000
4,168.0000,21,40,206.8371,-75.2704,-0.3577,32,0.8000,0.2000,5,4,0,0,0,4,0,1.0000
4,168.0000,21,43,889.3171,-87.3314,1.6253,4,0.1000,1.0000,6,8,8,0,0,8,8,0.0000
4,168.0000,21,44,685.7498,-86.8696,0.6124,4,0.1000,1.0000,8,8,8,0,0,8,8,0.0000
4,168.0000,21,45,280.8952,-78.0198,0.2465,32,0.8000,0.2000,5,7,4,0,0,7,4,0.4286
4,168.0000,22,1,933.0035,-87.9279,-0.9644,4,0.1000,1.0000,4,8,8,0,0,8,8,0.0000
4,168.0000,22,3,281.2454,-78.0786,0.3173,19,0.4750,0.5000,4,10,10,0,0,10,10,0.0000
4,168.0000,22,6,704.9328,-86.0369,-0.6507,8,0.2000,1.0000,8,8,7,0,0,8,7,0.1250
4,168.0000,22,7,587.9092,-85.1552,-2.0836,7,0.1750,1.0000,8,8,8,0,0,8,8,0.0000
4,168.0000,22,9,428.3688,-80.7823,-0.5013,7,0.1750,1.0000,12,8,8,0,0,8,8,0.0000
4,168.0000,22,13,680.6389,-86.2926,-0.1627,6,0.1500,1.0000,8,6,6,0,0,6,6,0.0000
4,168.0000,22,16,544.0432,-84.8618,-0.4101,7,0.1750,1.0000,8,6,4,0,0,6,4,0.3333
4,168.0000,22,19,581.0911,-85.1197,-2.2144,6,0.1500,1.0000,6,7,5,0,0,7,5,0.2857
4,168.0000,22,20,302.1338,-79.6355,0.7392,21,0.5250,0.7143,7,7,6,0,0,7,6,0.1429
4,168.0000,22,23,263.4828,-75.6098,-1.1859,24,0.6000,0.3333,6,7,4,0,0,7,4,0.4286
4,168.0000,22,24,779.2771,-88.1138,0.3629,3,0.0750,1.0000,6,6,6,0,0,6,6,0.0000
4,168.0000,22,25,675.1186,-84.6864,-0.1691,10,0.2500,1.0000,8,7,6,0,0,7,6,0.1429
4,168.0000,22,29,987.2372,-88.4606,-0.0046,4,0.1000,1.0000,2,6,6,0,0,6,6,0.0000
4,168.0000,22,32,669.9266,-85.0434,-0.3572,7,0.1750,1.0000,8,7,6,0,0,7,6,0.1429
4,168.0000,22,33,494.7638,-84.1218,0.0441,10,0.2500,1.0000,8,8,7,0,0,8,7,0.1250
4,168.0000,22,37,453.6339,-82.6180,-0.8896,9,0.2250,1.0000,10,8,8,0,0,8,8,0.0000
4,168.0000,22,38,519.7672,-84.0597,-1.3946,8,0.2000,0.8750,8,8,8,0,0,8,8,0.0000
4,168.0000,22,39,362.7461,-80.1499,-0.7054,12,0.3000,0.8750,8,8,7,0,0,8,7,0.1250
4,168.0000,22,41,339.0633,-79.7386,0.2380,13,0.3250,0.6842,19,5,4,0,0,5,4,0.2000
4,168.0000,22,42,890.6465,-87.0749,-0.5982,4,0.1000,1.0000,4,8,8,0,0,8,8,0.0000
4,168.0000,22,43,449.7592,-82.9568,-0.1220,10,0.2500,0.8571,7,7,6,0,0,7,6,0.1429
4,168.0000,22,44,771.4040,-87.1086,-0.5023,5,0.1250,1.0000,6,8,8,0,0,8,8,0.0000
4,168.0000,22,47,580.4285,-84.6708,-1.5638,5,0.1250,0.7143,7,8,7,0,0,8,7,0.1250
4,168.0000,23,1,765.6001,-86.7805,1.9875,4,0.1000,0.8571,7,8,8,0,0,8,8,0.0000
4,168.0000,23,3,345.9750,-79.7118,0.3463,17,0.4250,0.8571,7,5,1,0,0,5,1,0.8000
4,168.0000,23,6,865.1756,-87.4387,-1.7310,4,0.1000,1.0000,4,8,7,0,0,8,7,0.1250
4,168.0000,23,7,461.0372,-82.7048,0.1179,8,0.2000,0.7143,7,7,6,0,0,7,6,0.1429
4,168.0000,23,8,566.6891,-84.3500,-0.0332,7,0.1750,1.0000,6,7,6,0,0,7,6,0.1429
4,168.0000,23,9,208.9532,-77.9964,1.1383,20,0.5000,0.7143,7,5,1,0,0,5,1,0.8000
4,168.0000,23,10,686.2709,-85.9371,-0.9657,5,0.1250,1.0000,8,8,8,0,0,8,8,0.0000
4,168.0000,23,13,481.8122,-83.5763,-0.3331,9,0.2250,0.6667,6,8,8,0,0,8,8,0.0000
4,168.0000,23,16,322.4271,-82.1109,-1.0039,8,0.2000,0.8571,7,7,6,0,0,7,6,0.1429
4,168.0000,23,18,753.4880,-85.9068,0.7353,4,0.1000,0.8000,5,8,8,0,0,8,8,0.0000
4,168.0000,23,19,570.8126,-84.4879,-0.2718,14,0.3500,0.5000,6,8,8,0,0,8,8,0.0000
4,168.0000,23,20,488.8685,-83.6504,-1.6158,13,0.3250,0.9254,134,6,4,81,72,87,76,0.1264
4,168.0000,23,21,784.5367,-85.7404,-0.5567,5,0.1250,1.0000,6,4,4,0,0,4,4,0.0000
4,168.0000,23,22,263.4828,-75.9075,-1.3909,33,0.8250,0.3571,14,7,5,0,0,7,5,0.2857
4,168.0000,23,25,616.3370,-83.6528,-0.1763,10,0.2500,0.6667,6,8,7,0,0,8,7,0.1250
4,168.0000,23,27,866.8386,-86.3751,-3.7136,3,0.0750,1.0000,8,6,6,0,0,6,6,0.0000
4,168.0000,23,30,730.6225,-87.1542,0.9973,4,0.1000,1.0000,6,8,8,0,0,8,8,0.0000
4,168.0000,23,31,595.5025,-85.6505,-0.4863,5,0.1250,1.0000,6,8,8,0,0,8,8,0.0000
4,168.0000,23,32,475.6579,-83.0160,0.5916,10,0.2500,0.8571,7,8,6,0,0,8,6,0.2500
4,168.0000,23,33,672.9209,-85.5290,-0.3522,7,0.1750,0.5000,4,4,4,0,0,4,4,0.0000
4,168.0000,23,37,423.1362,-81.8081,0.4146,14,0.3500,1.0000,8,7,5,0,0,7,5,0.2857
4,168.0000,23,38,447.7078,-81.3332,-0.1726,9,0.2250,0.7500,8,8,8,0,0,8,8,0.0000
4,168.0000,23,39,368.2444,-81.4052,0.6268,16,0.4000,0.7143,7,8,8,55,51,63,59,0.0635
4,168.0000,23,40,680.2267,-86.0605,-0.7719,8,0.2000,1.0000,8,6,4,0,0,6,4,0.3333
4,168.0000,23,41,251.9576,-77.4566,-0.1950,28,0.7000,0.7143,7,5,1,0,0,5,1,0.8000
4,168.0000,23,43,415.4389,-80.5175,0.4775,23,0.5750,0.6250,8,6,4,2,2,8,6,0.2500
4,168.0000,23,44,562.4058,-85.0164,-1.6176,4,0.1000,1.0000,8,6,4,0,0,6,4,0.3333
4,168.0000,23,45,821.1747,-86.7649,-1.0259,4,0.1000,1.0000,6,5,4,0,0,5,4,0.2000
4,168.0000,23,47,420.0702,-83.2083,0.8452,6,0.1500,0.8750,8,6,4,0,0,6,4,0.3333
4,168.0000,24,2,669.1295,-85.6251,0.7497,9,0.2250,1.0000,4,8,8,0,0,8,8,0.0000
4,168.0000,24,4,779.7187,-86.6195,1.0988,6,0.1500,1.0000,8,7,6,0,0,7,6,0.1429
4,168.0000,24,6,400.2194,-81.7043,-0.5506,16,0.4000,1.0000,10,4,1,0,0,4,1,0.7500
4,168.0000,24,11,504.0216,-82.7674,-0.3851,17,0.4250,0.8750,8,7,6,0,0,7,6,0.1429
4,168.0000,24,13,808.5243,-85.6864,-1.0190,3,0.0750,0.8571,7,8,8,0,0,8,8,0.0000
4,168.0000,24,14,544.0527,-82.4567,-0.7121,20,0.5000,1.0000,8,7,6,0,0,7,6,0.1429
4,168.0000,24,15,373.5231,-81.7339,-0.1255,24,0.6000,0.7500,8,6,3,0,0,6,3,0.5000
4,168.0000,24,17,567.9163,-83.0852,-0.0912,15,0.3750,1.0000,8,7,6,0,0,7,6,0.1429
4,168.0000,24,20,544.0974,-83.4661,-0.0549,10,0.2500,0.8750,8,8,8,0,0,8,8,0.0000
4,168.0000,24,23,853.4460,-86.2433,1.7830,4,0.1000,0.8333,6,8,8,0,0,8,8,0.0000
4,168.0000,24,30,688.6234,-84.2614,0.2933,7,0.1750,0.8571,7,6,4,0,0,6,4,0.3333
4,168.0000,24,33,394.7558,-80.6302,0.3924,13,0.3250,0.8571,7,8,8,0,0,8,8,0.0000
4,168.0000,24,35,388.9578,-82.6530,0.3745,20,0.5000,0.8571,7,6,3,0,0,6,3,0.5000
4,168.0000,24,38,497.1632,-83.0869,0.5260,4,0.1000,0.8750,8,8,8,0,0,8,8,0.0000
4,168.0000,24,39,661.2405,-84.6023,0.9631,7,0.1750,0.8571,7,8,8,0,0,8,8,0.0000
4,168.0000,24,42,483.3914,-82.5450,0.6993,14,0.3500,0.7143,7,6,4,0,0,6,4,0.3333
4,168.0000,24,46,373.9809,-79.1537,-1.2401,26,0.6500,0.5000,6,6,6,0,0,6,6,0.0000
4,168.0000,25,0,876.4805,-87.9156,-0.2261,7,0.1750,1.0000,6,4,4,0,0,4,4,0.0000
4,168.0000,25,1,397.0979,-82.0994,0.4703,23,0.5750,1.0000,8,6,5,0,0,6,5,0.1667
4,168.0000,25,3,726.5339,-85.9871,-0.9196,9,0.2250,1.0000,8,6,6,0,0,6,6,0.0000
4,168.0000,25,5,640.7399,-85.9730,0.2827,13,0.3250,1.0000,8,8,7,0,0,8,7,0.1250
4,168.0000,25,7,659.1483,-86.2485,-1.5175,4,0.1000,1.0000,8,8,8,0,0,8,8,0.0000
4,168.0000,25,9,665.3940,-86.2793,-0.9569,6,0.1500,0.8750,8,8,6,0,0,8,6,0.2500
4,168.0000,25,13,823.9372,-87.4084,0.6372,4,0.1000,1.0000,8,8,8,0,0,8,8,0.0000
4,168.0000,25,16,600.7117,-86.2259,-0.3303,7,0.1750,1.0000,8,8,8,0,0,8,8,0.0000
4,168.0000,25,18,796.2987,-87.7408,-0.0720,7,0.1750,1.0000,8,6,6,0,0,6,6,0.0000
4,168.0000,25,19,177.0681,-73.5947,-0.6255,31,0.7750,0.0000,4,5,0,0,0,5,0,1.0000
4,168.0000,25,20,824.3743,-85.8088,-0.8191,6,0.1500,0.6667,3,6,6,0,0,6,6,0.0000
4,168.0000,25,22,675.1186,-85.3178,0.2956,7,0.1750,0.8571,7,8,8,0,0,8,8,0.0000
4,168.0000,25,23,616.3370,-85.1249,-0.9125,7,0.1750,1.0000,8,8,8,0,0,8,8,0.0000
4,168.0000,25,26,931.5712,-87.8552,0.3284,6,0.1500,0.8571,7,6,6,0,0,6,6,0.0000
4,168.0000,25,27,331.1434,-79.3180,0.5558,25,0.6250,0.3750,8,7,5,0,0,7,5,0.2857
4,168.0000,25,29,316.6865,-81.7630,1.0194,22,0.5500,1.0000,8,7,4,0,0,7,4,0.4286
4,168.0000,25,31,946.9455,-86.9899,0.1702,3,0.0750,1.0000,6,4,4,0,0,4,4,0.0000
4,168.0000,25,32,384.9945,-81.9668,0.0223,12,0.3000,0.8750,8,7,6,0,0,7,6,0.1429
4,168.0000,25,34,748.3422,-86.5741,-0.8005,6,0.1500,0.7500,4,7,6,0,0,7,6,0.1429
4,168.0000,25,36,371.5539,-81.9418,-0.0022,16,0.4000,0.7143,7,5,3,0,0,5,3,0.4000
4,168.0000,25,37,749.4709,-86.9903,0.0079,7,0.1750,1.0000,9,8,8,0,0,8,8,0.0000
4,168.0000,25,38,889.6958,-88.0600,-0.9057,3,0.0750,1.0000,8,4,4,0,0,4,4,0.0000
4,168.0000,25,39,615.7145,-85.6832,-0.0530,8,0.2000,1.0000,8,8,8,0,0,8,8,0.0000
4,168.0000,25,41,402.9605,-80.8027,-0.8936,14,0.3500,0.8571,7,7,6,0,0,7,6,0.1429
4,168.0000,25,43,239.5748,-75.7269,-0.7770,27,0.6750,0.2000,5,5,1,0,0,5,1,0.8000
4,168.0000,25,44,986.9589,-88.1593,0.6904,3,0.0750,1.0000,8,6,6,0,0,6,6,0.0000
4,168.0000,25,45,754.4095,-87.1079,-1.2014,6,0.1500,1.0000,8,8,7,0,0,8,7,0.1250
4,168.0000,25,47,796.0252,-87.1743,-1.9318,5,0.1250,1.0000,8,8,8,0,0,8,8,0.0000
4,168.0000,26,0,867.3251,-86.4521,0.2712,4,0.1000,1.0000,6,3,2,0,0,3,2,0.3333
4,168.0000,26,1,576.5624,-84.0332,0.1139,10,0.2500,0.8571,7,8,8,0,0,8,8,0.0000
4,168.0000,26,5,624.8379,-84.5192,-0.6255,15,0.3750,0.7500,8,8,8,0,0,8,8,0.0000
4,168.0000,26,7,926.8078,-89.0051,0.3460,3,0.0750,1.0000,6,8,8,0,0,8,8,0.0000
4,168.0000,26,10,567.6524,-83.0620,-0.4071,6,0.1500,1.0000,8,8,8,0,0,8,8,0.0000
4,168.0000,26,12,470.2908,-83.6792,0.0839,20,0.5000,0.8750,8,8,7,0,0,8,7,0.1250
4,168.0000,26,16,754.4852,-86.2010,0.0514,3,0.0750,1.0000,8,8,8,0,0,8,8,0.0000
4,168.0000,26,18,398.1916,-81.6886,0.7579,7,0.1750,0.8750,8,6,4,0,0,6,4,0.3333
4,168.0000,26,21,318.3979,-80.0672,0.9216,21,0.5250,0.8750,8,4,0,0,0,4,0,1.0000
4,168.0000,26,27,941.5724,-88.0780,0.5994,4,0.1000,1.0000,4,8,8,0,0,8,8,0.0000
4,168.0000,26,31,764.9779,-86.3155,2.8228,3,0.0750,1.0000,8,6,6,0,0,6,6,0.0000
4,168.0000,26,32,624.5705,-85.4662,0.0671,5,0.1250,1.0000,8,6,4,0,0,6,4,0.3333
4,168.0000,26,34,769.3666,-85.5788,-0.5640,10,0.2500,0.8571,7,8,8,0,0,8,8,0.0000
4,168.0000,26,36,717.4052,-83.8747,-0.5073,9,0.2250,1.0000,8,8,8,0,0,8,8,0.0000
4,168.0000,26,40,414.3197,-81.9127,0.0461,9,0.2250,0.7143,7,6,3,0,0,6,3,0.5000
4,168.0000,26,45,300.1906,-78.6845,0.1413,28,0.7000,0.5000,6,5,2,0,0,5,2,0.6000
4,168.0000,26,47,931.4793,-88.9497,-0.0029,3,0.0750,1.0000,8,8,8,0,0,8,8,0.0000
4,168.0000,27,0,596.0619,-84.9486,-0.4211,15,0.3750,0.8750,8,8,7,0,0,8,7,0.1250
4,168.0000,27,1,399.6997,-82.1585,-0.1361,16,0.4000,0.7143,7,7,6,0,0,7,6,0.1429
4,168.0000,27,5,474.4133,-82.4384,0.0383,15,0.3750,0.8571,7,8,7,0,0,8,7,0.1250
4,168.0000,27,9,930.6941,-89.0144,0.1413,3,0.0750,1.0000,8,8,8,0,0,8,8,0.0000
4,168.0000,27,12,711.1502,-85.7416,-0.2521,6,0.1500,1.0000,8,8,8,0,0,8,8,0.0000
4,168.0000,27,19,496.7044,-83.2849,0.1393,11,0.2750,0.3333,6,8,7,0,0,8,7,0.1250
4,168.0000,27,23,866.8386,-86.9109,0.3068,3,0.0750,1.0000,8,6,6,0,0,6,6,0.0000
4,168.0000,27,25,331.1434,-78.3859,-0.0703,19,0.4750,0.8571,7,7,4,0,0,7,4,0.4286
4,168.0000,27,29,191.9055,-76.3408,0.3460,34,0.8500,0.2000,5,4,0,0,0,4,0,1.0000
4,168.0000,27,32,585.9124,-85.5160,0.8918,5,0.1250,1.0000,8,8,8,0,0,8,8,0.0000
4,168.0000,27,34,526.2935,-84.5250,0.1376,15,0.3750,1.0000,8,7,6,0,0,7,6,0.1429
4,168.0000,27,36,254.9616,-78.5299,-0.4199,20,0.5000,0.0000,4,6,3,0,0,6,3,0.5000
4,168.0000,27,41,701.0674,-85.0170,0.7133,4,0.1000,1.0000,8,8,8,0,0,8,8,0.0000
4,168.0000,27,43,495.5749,-82.1924,-1.0447,10,0.2500,1.0000,8,8,8,0,0,8,8,0.0000
4,168.0000,27,45,727.7254,-85.2498,1.5703,4,0.1000,1.0000,8,8,8,0,0,8,8,0.0000
4,168.0000,28,2,856.8299,-86.7222,0.1254,6,0.1500,1.0000,6,8,8,0,0,8,8,0.0000
4,168.0000,28,4,918.7044,-86.4913,-1.0711,4,0.1000,1.0000,8,8,8,0,0,8,8,0.0000
4,168.0000,28,7,617.5535,-85.6329,2.4462,5,0.1250,1.0000,8,7,6,0,0,7,6,0.1429
4,168.0000,28,8,284.2510,-78.2478,0.0255,26,0.6500,0.0000,4,7,4,0,0,7,4,0.4286
4,168.0000,28,9,593.2987,-83.5725,0.8037,7,0.1750,0.8571,7,8,8,0,0,8,8,0.0000
4,168.0000,28,10,511.7968,-83.7769,0.8344,9,0.2250,1.0000,8,7,5,0,0,7,5,0.2857
4,168.0000,28,11,801.4740,-86.8825,-0.6082,6,0.1500,1.0000,8,4,4,0,0,4,4,0.0000
4,168.0000,28,13,401.7974,-81.9405,0.8226,10,0.2500,1.0000,8,6,4,0,0,6,4,0.3333
4,168.0000,28,14,549.0080,-83.5077,-0.1176,12,0.3000,0.7143,7,8,8,0,0,8,8,0.0000
4,168.0000,28,15,736.7895,-85.8362,0.7861,8,0.2000,1.0000,8,6,6,0,0,6,6,0.0000
4,168.0000,28,16,625.2019,-85.3662,-0.4232,5,0.1250,1.0000,8,7,6,0,0,7,6,0.1429
4,168.0000,28,17,766.3129,-87.3636,-0.3439,9,0.2250,1.0000,6,7,6,0,0,7,6,0.1429
4,168.0000,28,18,758.9044,-86.1854,0.7068,3,0.0750,1.0000,6,8,8,0,0,8,8,0.0000
4,168.0000,28,21,930.6351,-88.1889,0.4390,4,0.1000,,0,2,2,0,0,2,2,0.0000
4,168.0000,28,23,767.1553,-87.8583,0.9542,3,0.0750,1.0000,2,8,8,0,0,8,8,0.0000
4,168.0000,28,30,159.2137,-73.3921,0.4660,34,0.8500,0.2000,5,6,3,0,0,6,3,0.5000
4,168.0000,28,31,334.7801,-79.9515,0.5416,12,0.3000,0.8750,8,8,7,0,0,8,7,0.1250
4,168.0000,28,33,948.1255,-86.0743,-1.5601,3,0.0750,1.0000,8,2,2,0,0,2,2,0.0000
4,168.0000,28,35,1027.2539,-88.3390,-0.1766,5,0.1250,1.0000,4,6,6,0,0,6,6,0.0000
4,168.0000,28,37,636.2877,-86.4757,0.9883,5,0.1250,1.0000,8,8,8,0,0,8,8,0.0000
4,168.0000,28,38,468.6876,-84.6232,-0.3909,8,0.2000,0.7500,8,9,7,0,0,9,7,0.2222
4,168.0000,28,39,774.1906,-86.6367,-0.5983,4,0.1000,0.7143,7,8,8,0,0,8,8,0.0000
4,168.0000,28,40,726.2822,-86.9923,-0.4417,6,0.1500,1.0000,6,6,6,0,0,6,6,0.0000
4,168.0000,28,44,271.1106,-78.1848,-0.0577,21,0.5250,0.8750,8,5,2,0,0,5,2,0.6000
4,168.0000,28,46,461.2425,-82.1997,0.7021,12,0.3000,1.0000,10,6,5,0,0,6,5,0.1667
4,168.0000,28,47,438.1750,-82.9015,0.1279,8,0.2000,0.8750,8,8,7,0,0,8,7,0.1250
4,168.0000,29,0,619.7875,-83.8677,-0.9856,20,0.4878,0.6000,5,8,6,0,0,8,6,0.2500
4,168.0000,29,1,337.5291,-79.9746,0.6639,17,0.4146,0.7500,8,8,5,0,0,8,5,0.3750
4,168.0000,29,5,417.7608,-81.7980,-0.2367,21,0.5122,0.7500,8,8,8,0,0,8,8,0.0000
4,168.0000,29,12,706.6787,-86.1788,-0.3091,9,0.2195,0.8571,7,8,8,0,0,8,8,0.0000
4,168.0000,29,16,832.6328,-87.9728,-0.2982,3,0.0732,1.0000,2,8,8,0,0,8,8,0.0000
4,168.0000,29,19,467.0350,-83.8065,-0.1980,9,0.2195,1.0000,8,8,8,0,0,8,8,0.0000
4,168.0000,29,25,316.6865,-80.6833,-0.3470,16,0.3902,0.5000,6,6,3,0,0,6,3,0.5000
4,168.0000,29,26,905.6613,-86.4939,0.4372,4,0.0976,0.8750,8,4,4,0,0,4,4,0.0000
4,168.0000,29,27,191.9055,-75.8320,-0.0186,39,0.9512,0.0000,4,4,0,0,0,4,0,1.0000
4,168.0000,29,34,474.1930,-82.2072,-0.3730,24,0.5854,0.8571,7,7,6,0,0,7,6,0.1429
4,168.0000,29,36,196.9994,-76.4460,0.9313,32,0.7805,0.4000,5,5,1,0,0,5,1,0.8000
4,168.0000,29,40,1008.1719,-89.1551,-0.2025,3,0.0732,1.0000,8,4,4,0,0,4,4,0.0000
4,168.0000,29,41,704.6479,-84.0984,1.8846,3,0.0732,0.8571,7,8,8,0,0,8,8,0.0000
4,168.0000,29,43,541.0890,-83.7772,-0.4089,8,0.1951,0.8571,7,7,6,0,0,7,6,0.1429
4,168.0000,29,45,745.9327,-86.6890,0.3122,3,0.0732,1.0000,8,8,8,0,0,8,8,0.0000
4,168.0000,30,2,742.9287,-85.3497,-0.4565,11,0.2750,1.0000,8,8,8,0,0,8,8,0.0000
4,168.0000,30,4,803.3621,-86.4065,-0.6115,10,0.2500,1.0000,8,7,6,0,0,7,6,0.1429
4,168.0000,30,7,666.3997,-86.0639,-0.3154,4,0.1000,1.0000,8,8,8,0,0,8,8,0.0000
4,168.0000,30,8,220.5302,-77.7245,1.0506,27,0.6750,0.7143,7,7,4,0,0,7,4,0.4286
4,168.0000,30,9,588.8655,-85.2873,0.0597,4,0.1000,1.0000,8,7,6,0,0,7,6,0.1429
4,168.0000,30,10,604.1686,-84.9078,-0.3272,3,0.0750,1.0000,8,8,5,0,0,8,5,0.3750
4,168.0000,30,11,723.6123,-85.9349,-0.2428,7,0.1750,0.8571,7,5,4,0,0,5,4,0.2000
4,168.0000,30,13,465.7435,-84.8334,-0.7539,5,0.1250,1.0000,8,8,7,0,0,8,7,0.1250
4,168.0000,30,14,507.8374,-83.5240,-0.5404,16,0.4000,0.7143,7,8,7,0,0,8,7,0.1250
4,168.0000,30,15,664.8036,-86.1931,0.0919,5,0.1250,1.0000,6,6,6,0,0,6,6,0.0000
4,168.0000,30,16,658.3776,-85.6977,0.8152,5,0.1250,1.0000,8,8,8,0,0,8,8,0.0000
4,168.0000,30,17,637.6632,-84.5303,-0.7671,15,0.3750,0.5000,6,8,8,0,0,8,8,0.0000
4,168.0000,30,20,859.3585,-89.1703,0.3230,3,0.0750,1.0000,6,8,8,0,0,8,8,0.0000
4,168.0000,30,23,730.6225,-87.3835,-0.4146,4,0.1000,0.8571,7,8,8,0,0,8,8,0.0000
4,168.0000,30,24,688.6234,-86.1782,-0.1352,5,0.1250,0.8750,8,8,8,0,0,8,8,0.0000
4,168.0000,30,28,159.2137,-73.2625,0.1121,30,0.7500,0.2000,5,5,1,0,0,5,1,0.8000
4,168.0000,30,31,425.1723,-82.1382,-1.2055,5,0.1250,0.8571,7,7,5,0,0,7,5,0.2857
4,168.0000,30,33,874.8660,-86.9807,1.6396,5,0.1250,1.0000,8,4,4,0,0,4,4,0.0000
4,168.0000,30,37,633.9006,-87.0921,-1.2621,3,0.0750,1.0000,8,7,5,0,0,7,5,0.2857
4,168.0000,30,38,448.2532,-83.2042,0.6423,7,0.1750,0.8571,7,8,8,0,0,8,8,0.0000
4,168.0000,30,40,784.5806,-87.6300,-0.8527,4,0.1000,1.0000,6,6,6,0,0,6,6,0.0000
4,168.0000,30,44,328.1543,-79.5446,-0.3649,13,0.3250,0.8750,8,5,2,0,0,5,2,0.6000
4,168.0000,30,46,389.6169,-81.0808,0.0075,18,0.4500,0.8571,7,8,8,0,0,8,8,0.0000
4,168.0000,30,47,470.4213,-85.4483,-0.8351,5,0.1250,1.0000,8,6,5,0,0,6,5,0.1667
4,168.0000,31,3,680.6384,-84.2229,0.6798,5,0.1250,1.0000,8,8,8,0,0,8,8,0.0000
4,168.0000,31,7,433.9057,-80.3629,-0.6941,14,0.3500,0.5000,6,8,8,0,0,8,8,0.0000
4,168.0000,31,8,335.3845,-79.7934,-0.3675,25,0.6250,0.6667,6,6,4,0,0,6,4,0.3333
4,168.0000,31,9,396.9447,-79.5192,-1.0684,13,0.3250,0.7143,7,8,7,0,0,8,7,0.1250
4,168.0000,31,10,216.9956,-77.0020,0.2934,29,0.7250,0.3333,6,4,0,0,0,4,0,1.0000
4,168.0000,31,13,169.6369,-73.6681,0.4643,33,0.8250,0.4018,112,7,3,106,41,113,44,0.6106
4,168.0000,31,14,856.0080,-86.6257,0.0607,5,0.1250,0.8889,9,4,4,0,0,4,4,0.0000
4,168.0000,31,16,359.5940,-79.0177,-1.2203,11,0.2750,0.8750,8,7,5,0,0,7,5,0.2857
4,168.0000,31,18,437.3368,-80.2712,-0.4669,17,0.4250,0.6667,6,7,6,0,0,7,6,0.1429
4,168.0000,31,20,878.9641,-88.1543,-0.3928,3,0.0750,1.0000,4,6,6,0,0,6,6,0.0000
4,168.0000,31,21,637.9501,-85.0242,-0.4846,7,0.1750,0.8750,8,8,7,0,0,8,7,0.1250
4,168.0000,31,22,815.0430,-86.7574,-0.6546,3,0.0750,1.0000,2,6,6,0,0,6,6,0.0000
4,168.0000,31,23,595.5025,-83.4329,-0.2893,5,0.1250,0.8571,7,8,7,0,0,8,7,0.1250
4,168.0000,31,25,946.9455,-88.1961,0.0954,4,0.1000,1.0000,8,6,6,0,0,6,6,0.0000
4,168.0000,31,26,764.9779,-86.2414,0.7959,3,0.0750,1.0000,8,6,6,0,0,6,6,0.0000
4,168.0000,31,28,334.7801,-81.0491,-0.1399,25,0.6250,0.5714,7,5,1,0,0,5,1,0.8000
4,168.0000,31,30,425.1723,-82.3778,0.7751,13,0.3250,1.0000,6,6,4,0,0,6,4,0.3333
4,168.0000,31,32,595.7522,-84.7761,-0.5293,6,0.1500,1.0000,8,8,8,0,0,8,8,0.0000
4,168.0000,31,37,558.0101,-86.6724,1.4796,3,0.0750,1.0000,8,7,6,0,0,7,6,0.1429
4,168.0000,31,38,459.9668,-81.5326,-0.6403,12,0.3000,1.0000,8,7,6,0,0,7,6,0.1429
4,168.0000,31,39,648.2103,-86.8742,0.1719,3,0.0750,0.8750,8,8,8,0,0,8,8,0.0000
4,168.0000,31,40,432.8686,-82.7785,-0.4112,9,0.2250,0.7778,9,7,5,0,0,7,5,0.2857
4,168.0000,31,44,114.8083,-72.9223,1.5129,32,0.8000,0.0000,4,4,0,0,0,4,0,1.0000
4,168.0000,31,46,721.7772,-87.7385,0.9382,3,0.0750,1.0000,8,8,7,0,0,8,7,0.1250
4,168.0000,31,47,293.5796,-77.7041,-0.3889,18,0.4500,0.5000,6,5,2,0,0,5,2,0.6000
4,168.0000,32,1,323.0033,-79.5798,0.6123,22,0.5500,0.5714,7,6,4,0,0,6,4,0.3333
4,168.0000,32,3,656.9909,-86.0590,0.6572,3,0.0750,1.0000,8,7,6,0,0,7,6,0.1429
4,168.0000,32,5,629.6349,-85.0562,0.5390,9,0.2250,1.0000,6,7,6,0,0,7,6,0.1429
4,168.0000,32,7,447.2591,-79.3085,-0.9031,10,0.2500,0.6250,8,8,8,0,0,8,8,0.0000
4,168.0000,32,9,420.6850,-80.8181,-2.1691,6,0.1500,0.7143,7,8,7,0,0,8,7,0.1250
4,168.0000,32,10,572.0250,-82.5198,0.1361,6,0.1500,0.8571,7,8,8,0,0,8,8,0.0000
4,168.0000,32,12,746.0237,-85.5417,-0.4066,6,0.1500,0.8000,5,4,4,0,0,4,4,0.0000
4,168.0000,32,13,508.3918,-83.1889,-1.1683,5,0.1250,1.0000,8,8,8,0,0,8,8,0.0000
4,168.0000,32,16,298.6252,-76.2238,-1.5580,19,0.4750,0.8571,7,8,8,0,0,8,8,0.0000
4,168.0000,32,18,431.0807,-81.9197,1.2508,12,0.3000,0.5000,6,7,5,0,0,7,5,0.2857
4,168.0000,32,19,440.4688,-82.1712,0.4709,8,0.2000,0.8750,8,8,7,0,0,8,7,0.1250
4,168.0000,32,21,581.6585,-84.8576,-0.8381,9,0.2250,0.8750,8,7,6,0,0,7,6,0.1429
4,168.0000,32,22,669.9266,-85.6850,-0.6948,5,0.1250,0.8750,8,5,4,0,0,5,4,0.2000
4,168.0000,32,23,475.6579,-81.1163,-1.4880,5,0.1250,0.7143,7,7,5,0,0,7,5,0.2857
4,168.0000,32,25,384.9945,-81.3644,0.3343,15,0.3750,0.8571,7,8,6,0,0,8,6,0.2500
4,168.0000,32,26,624.5705,-86.6475,0.4702,6,0.1500,0.8750,8,8,8,0,0,8,8,0.0000
4,168.0000,32,27,585.9124,-84.0517,0.0530,8,0.2000,0.8571,7,8,8,0,0,8,8,0.0000
4,168.0000,32,29,551.9386,-84.9878,0.3471,7,0.1750,1.0000,6,5,2,0,0,5,2,0.6000
4,168.0000,32,31,595.7522,-84.7410,1.5146,4,0.1000,0.8333,6,8,8,0,0,8,8,0.0000
4,168.0000,32,36,454.6757,-82.6829,-0.0624,17,0.4250,0.8571,7,6,3,0,0,6,3,0.5000
4,168.0000,32,37,615.0795,-82.6600,2.3955,4,0.1000,0.8571,7,8,8,0,0,8,8,0.0000
4,168.0000,32,38,691.0474,-83.9209,-2.3452,4,0.1000,1.0000,8,8,8,0,0,8,8,0.0000
4,168.0000,32,39,549.7293,-83.6047,-2.2171,4,0.1000,0.8571,7,7,6,0,0,7,6,0.1429
4,168.0000,32,40,526.3977,-81.3384,-1.2876,11,0.2750,0.6667,6,8,6,0,0,8,6,0.2500
4,168.0000,32,41,352.5382,-79.4277,-0.8743,14,0.3500,0.5714,7,7,6,0,0,7,6,0.1429
4,168.0000,32,43,399.4123,-80.7798,-0.4075,15,0.3750,0.6667,6,6,4,0,0,6,4,0.3333
4,168.0000,32,44,651.5928,-85.8850,3.6617,3,0.0750,0.8750,8,8,8,0,0,8,8,0.0000
4,168.0000,32,45,506.0010,-82.5809,-0.8525,17,0.4250,1.0000,8,6,4,0,0,6,4,0.3333
4,168.0000,32,47,532.0526,-81.5346,-2.6181,9,0.2250,0.7143,7,8,6,0,0,8,6,0.2500
4,168.0000,33,3,373.2774,-79.9761,-0.1149,13,0.3250,0.0000,4,7,6,0,0,7,6,0.1429
4,168.0000,33,6,259.4642,-77.9455,0.3034,30,0.7500,0.0000,3,5,1,0,0,5,1,0.8000
4,168.0000,33,7,721.0256,-85.2482,0.2224,4,0.1000,0.8571,7,10,10,0,0,10,10,0.0000
4,168.0000,33,8,872.8406,-87.3434,0.3397,4,0.1000,1.0000,4,6,6,0,0,6,6,0.0000
4,168.0000,33,9,714.6495,-85.3483,1.4498,4,0.1000,1.0000,8,8,8,0,0,8,8,0.0000
4,168.0000,33,11,874.0413,-85.7468,1.1470,5,0.1250,1.0000,8,4,4,0,0,4,4,0.0000
4,168.0000,33,14,909.2855,-86.0541,-1.2833,5,0.1250,1.0000,8,4,4,0,0,4,4,0.0000
4,168.0000,33,15,754.1902,-86.0700,-0.2791,8,0.2000,1.0000,6,8,8,0,0,8,8,0.0000
4,168.0000,33,17,839.6171,-86.4661,0.7202,6,0.1500,1.0000,2,8,8,0,0,8,8,0.0000
4,168.0000,33,20,218.5504,-76.5306,0.5754,29,0.7250,0.2000,5,7,6,0,0,7,6,0.1429
4,168.0000,33,22,494.7638,-82.5965,-0.0639,8,0.2000,0.8750,8,7,6,0,0,7,6,0.1429
4,168.0000,33,24,394.7558,-81.1174,0.1584,19,0.4750,0.7143,7,9,7,0,0,9,7,0.2222
4,168.0000,33,28,948.1255,-87.2534,-0.0659,3,0.0750,1.0000,6,6,6,0,0,6,6,0.0000
4,168.0000,33,30,874.8660,-86.8884,0.2397,4,0.1000,1.0000,8,6,6,0,0,6,6,0.0000
4,168.0000,33,35,693.3232,-84.7093,-0.0223,11,0.2750,0.8750,8,8,7,0,0,8,7,0.1250
4,168.0000,33,37,484.8295,-82.4704,-0.0611,6,0.1500,0.8750,8,8,8,0,0,8,8,0.0000
4,168.0000,33,38,528.7442,-84.9693,1.5599,5,0.1250,0.8571,7,7,6,0,0,7,6,0.1429
4,168.0000,33,39,493.2695,-82.7405,0.1506,8,0.2000,1.0000,8,7,6,0,0,7,6,0.1429
4,168.0000,33,42,449.6699,-82.2974,-0.3357,23,0.5750,1.0000,8,5,2,0,0,5,2,0.6000
4,168.0000,33,46,696.4724,-85.1788,1.0082,8,0.2000,1.0000,8,8,8,0,0,8,8,0.0000
4,168.0000,33,47,709.6847,-86.3407,0.4188,3,0.0750,1.0000,8,8,8,0,0,8,8,0.0000
4,168.0000,34,0,248.9814,-78.0284,0.1946,35,0.8750,0.0000,5,4,2,0,0,4,2,0.5000
4,168.0000,34,1,469.7471,-84.4465,1.4462,5,0.1250,0.8750,8,6,4,0,0,6,4,0.3333
4,168.0000,34,5,172.9695,-74.3348,0.1337,33,0.8250,0.2000,5,5,1,0,0,5,1,0.8000
4,168.0000,34,12,391.8683,-81.3018,0.0200,21,0.5250,0.2500,4,8,3,0,0,8,3,0.6250
4,168.0000,34,25,748.3422,-86.0993,-2.4004,3,0.0750,1.0000,6,8,8,0,0,8,8,0.0000
4,168.0000,34,26,769.3666,-84.4248,-0.6825,4,0.1000,1.0000,8,8,7,0,0,8,7,0.1250
4,168.0000,34,27,526.2935,-84.4284,-0.6480,10,0.2500,0.7500,8,7,6,0,0,7,6,0.1429
4,168.0000,34,29,474.1930,-81.9864,0.7361,12,0.3000,0.7143,7,7,6,0,0,7,6,0.1429
4,168.0000,34,36,385.2995,-81.6726,3.2167,9,0.2250,0.8333,6,8,4,0,0,8,4,0.5000
4,168.0000,34,45,671.4298,-86.3858,-1.7262,6,0.1500,1.0000,8,8,7,0,0,8,7,0.1250
4,168.0000,35,2,565.6646,-85.6435,0.6061,11,0.2683,1.0000,8,7,6,0,0,7,6,0.1429
4,168.0000,35,4,663.0628,-86.5426,-0.1653,11,0.2683,1.0000,8,7,6,0,0,7,6,0.1429
4,168.0000,35,6,636.3452,-84.9632,0.0423,8,0.1951,0.8750,8,8,8,0,0,8,8,0.0000
4,168.0000,35,11,382.2981,-81.2221,0.3283,21,0.5122,0.4286,7,5,1,0,0,5,1,0.8000
4,168.0000,35,14,601.5757,-84.4153,-0.1433,11,0.2683,1.0000,8,8,8,0,0,8,8,0.0000
4,168.0000,35,15,333.1477,-81.0448,1.2317,20,0.4878,0.3333,6,5,2,0,0,5,2,0.6000
4,168.0000,35,17,551.9015,-84.1210,0.4221,10,0.2439,0.6667,6,5,4,0,0,5,4,0.2000
4,168.0000,35,20,889.2478,-88.9849,0.4569,3,0.0732,1.0000,8,8,8,0,0,8,8,0.0000
4,168.0000,35,24,388.9578,-83.0729,0.4756,13,0.3171,0.7143,7,7,6,0,0,7,6,0.1429
4,168.0000,35,30,950.4678,-87.9962,-2.3323,3,0.0732,1.0000,8,4,4,0,0,4,4,0.0000
4,168.0000,35,33,693.3232,-85.7796,0.2432,3,0.0732,1.0000,8,8,8,0,0,8,8,0.0000
4,168.0000,35,42,477.2518,-81.8890,0.0147,21,0.5122,0.6667,6,5,2,0,0,5,2,0.6000
4,168.0000,35,46,569.4316,-83.9368,0.2856,11,0.2683,0.7143,7,8,8,0,0,8,8,0.0000
4,168.0000,36,0,531.2706,-84.8657,0.0272,21,0.5250,1.0000,8,7,5,0,0,7,5,0.2857
4,168.0000,36,1,170.9342,-72.5770,-0.2634,29,0.7250,0.0000,4,4,0,0,0,4,0,1.0000
4,168.0000,36,5,271.2143,-79.1420,0.2528,30,0.7500,0.5714,7,6,3,0,0,6,3,0.5000
4,168.0000,36,7,862.2759,-88.6618,0.5062,5,0.1250,0.8571,7,6,6,0,0,6,6,0.0000
4,168.0000,36,9,860.4202,-86.9655,1.2294,4,0.1000,1.0000,8,8,8,0,0,8,8,0.0000
4,168.0000,36,10,959.2377,-87.9275,0.1083,3,0.0750,1.0000,8,4,4,0,0,4,4,0.0000
4,168.0000,36,12,527.0622,-83.7714,0.0391,22,0.5500,0.4000,5,8,6,0,0,8,6,0.2500
4,168.0000,36,16,752.2936,-85.9992,0.8313,6,0.1500,1.0000,8,6,6,0,0,6,6,0.0000
4,168.0000,36,18,731.9520,-87.3077,1.4293,6,0.1500,0.8000,5,6,5,0,0,6,5,0.1667
4,168.0000,36,19,538.3395,-84.8086,0.3210,11,0.2750,0.8571,7,6,3,0,0,6,3,0.5000
4,168.0000,36,21,791.9997,-84.9239,0.3414,4,0.1000,1.0000,8,2,2,0,0,2,2,0.0000
4,168.0000,36,22,985.7413,-87.1328,-2.0393,3,0.0750,1.0000,8,6,6,0,0,6,6,0.0000
4,168.0000,36,23,852.6578,-86.2540,1.9027,4,0.1000,1.0000,8,4,4,0,0,4,4,0.0000
4,168.0000,36,25,371.5539,-82.1272,0.3493,10,0.2500,0.5714,7,5,2,0,0,5,2,0.6000
4,168.0000,36,26,717.4052,-84.5684,-0.0298,15,0.3750,0.8750,8,8,8,0,0,8,8,0.0000
4,168.0000,36,27,254.9616,-78.5596,0.3034,27,0.6750,0.4000,5,4,0,0,0,4,0,1.0000
4,168.0000,36,29,196.9994,-77.0059,0.6783,33,0.8250,0.4286,7,4,0,0,0,4,0,1.0000
4,168.0000,36,32,454.6757,-83.5376,0.4666,8,0.2000,0.8571,7,8,8,0,0,8,8,0.0000
4,168.0000,36,34,385.2995,-83.5848,0.2213,26,0.6500,0.8571,7,6,2,0,0,6,2,0.6667
4,168.0000,36,40,844.9631,-86.8918,0.1375,4,0.1000,1.0000,8,6,6,0,0,6,6,0.0000
4,168.0000,36,41,689.5807,-85.5116,0.0652,6,0.1500,1.0000,8,8,6,0,0,8,6,0.2500
4,168.0000,36,43,555.6902,-83.9419,0.1392,9,0.2250,1.0000,8,8,8,0,0,8,8,0.0000
4,168.0000,36,45,553.4345,-83.4548,0.4520,12,0.3000,0.8571,7,7,6,0,0,7,6,0.1429
4,168.0000,36,47,981.2168,-87.1556,0.3388,5,0.1250,1.0000,4,8,8,0,0,8,8,0.0000
4,168.0000,37,1,919.1940,-87.5941,1.8410,4,0.1000,1.0000,8,2,2,0,0,2,2,0.0000
4,168.0000,37,2,1087.9888,-88.4131,0.7269,4,0.1000,,0,4,4,0,0,4,4,0.0000
4,168.0000,37,3,190.4707,-74.3100,-0.2306,32,0.8000,0.2000,5,6,3,0,0,6,3,0.5000
4,168.0000,37,6,570.6806,-84.4376,-0.0705,13,0.3250,0.6250,8,6,4,0,0,6,4,0.3333
4,168.0000,37,7,238.3921,-77.7466,0.8121,27,0.6750,0.4000,5,7,3,0,0,7,3,0.5714
4,168.0000,37,8,593.7369,-87.9322,1.1821,6,0.1500,0.8750,8,8,6,0,0,8,6,0.2500
4,168.0000,37,9,334.3064,-80.0491,0.7805,16,0.4000,0.8571,7,7,6,0,0,7,6,0.1429
4,168.0000,37,10,732.8459,-87.8299,1.6470,5,0.1250,1.0000,8,6,6,0,0,6,6,0.0000
4,168.0000,37,13,395.4513,-82.5202,-0.0434,11,0.2750,0.7143,7,9,8,0,0,9,8,0.1111
4,168.0000,37,14,844.6692,-87.3673,0.2643,6,0.1500,0.8000,5,7,6,0,0,7,6,0.1429
4,168.0000,37,16,391.2512,-82.7606,-0.0232,12,0.3000,0.8750,8,7,6,0,0,7,6,0.1429
4,168.0000,37,18,786.5831,-86.3257,0.7290,6,0.1500,0.6667,6,6,6,0,0,6,6,0.0000
4,168.0000,37,19,629.6955,-85.6515,0.0558,13,0.3250,1.0000,8,8,8,0,0,8,8,0.0000
4,168.0000,37,20,367.9431,-80.6828,0.6005,24,0.6000,0.8571,7,7,4,0,0,7,4,0.4286
4,168.0000,37,22,453.6339,-82.4085,-0.1723,17,0.4250,1.0000,8,8,6,0,0,8,6,0.2500
4,168.0000,37,23,423.1362,-81.9695,-0.0463,13,0.3250,0.6667,6,5,1,0,0,5,1,0.8000
4,168.0000,37,24,553.0444,-84.3120,0.3325,13,0.3250,0.6667,6,6,6,0,0,6,6,0.0000
4,168.0000,37,25,749.4709,-86.2919,0.2578,10,0.2500,1.0000,8,7,6,0,0,7,6,0.1429
4,168.0000,37,28,636.2877,-87.0214,1.6871,7,0.1750,0.8571,7,8,8,0,0,8,8,0.0000
4,168.0000,37,30,633.9006,-87.7664,-0.2680,6,0.1500,1.0000,4,8,8,0,0,8,8,0.0000
4,168.0000,37,31,558.0101,-84.6430,0.7619,8,0.2000,1.0000,6,8,8,0,0,8,8,0.0000
4,168.0000,37,32,615.0795,-83.2532,-1.0975,12,0.3000,0.8571,7,6,6,0,0,6,6,0.0000
4,168.0000,37,33,484.8295,-82.9688,-0.2256,18,0.4500,0.5000,6,6,3,0,0,6,3,0.5000
4,168.0000,37,35,940.6128,-88.1929,0.6692,3,0.0750,,0,2,2,0,0,2,2,0.0000
4,168.0000,37,38,189.2532,-75.8732,0.5790,27,0.6750,0.3333,6,5,1,0,0,5,1,0.8000
4,168.0000,37,39,158.8620,-70.1901,-1.4936,34,0.8500,0.0000,4,6,3,0,0,6,3,0.5000
4,168.0000,37,40,856.8015,-88.0508,0.3619,4,0.1000,1.0000,8,8,8,0,0,8,8,0.0000
4,168.0000,37,41,392.5556,-80.8141,-0.7949,15,0.3750,0.6667,6,7,6,0,0,7,6,0.1429
4,168.0000,37,42,893.0460,-86.8817,0.3102,5,0.1250,1.0000,8,2,2,0,0,2,2,0.0000
4,168.0000,37,43,628.1734,-85.5164,-0.1795,10,0.2500,1.0000,6,8,8,0,0,8,8,0.0000
4,168.0000,37,44,539.9462,-85.8232,-1.4141,4,0.1000,0.8571,7,6,5,0,0,6,5,0.1667
4,168.0000,37,46,633.1625,-87.1614,0.1475,8,0.2000,1.0000,8,6,3,0,0,6,3,0.5000
4,168.0000,37,47,264.8085,-78.5929,1.1929,17,0.4250,0.7500,8,6,4,0,0,6,4,0.3333
4,168.0000,38,1,1010.4276,-88.6059,-0.0237,3,0.0769,1.0000,4,4,4,0,0,4,4,0.0000
4,168.0000,38,2,935.7788,-87.9930,0.3255,5,0.1282,,0,4,4,0,0,4,4,0.0000
4,168.0000,38,3,293.7103,-80.1363,0.5260,24,0.6154,0.8571,7,5,2,0,0,5,2,0.6000
4,168.0000,38,4,1029.2770,-88.7511,0.2349,4,0.1026,1.0000,4,2,2,0,0,2,2,0.0000
4,168.0000,38,6,642.9406,-84.9006,0.7110,14,0.3590,0.7143,7,6,6,0,0,6,6,0.0000
4,168.0000,38,7,320.8426,-80.7069,-0.0375,21,0.5385,0.6667,6,6,3,0,0,6,3,0.5000
4,168.0000,38,8,428.0800,-83.3057,0.9979,13,0.3333,0.6667,6,7,6,0,0,7,6,0.1429
4,168.0000,38,9,325.0763,-77.3073,-0.9298,20,0.5128,0.5714,7,7,6,0,0,7,6,0.1429
4,168.0000,38,10,659.9803,-84.7168,0.5243,6,0.1538,0.8571,7,8,8,0,0,8,8,0.0000
4,168.0000,38,11,834.5668,-86.3818,-1.1707,9,0.2308,1.0000,6,8,8,0,0,8,8,0.0000
4,168.0000,38,13,329.1890,-76.9034,-1.1037,22,0.5641,0.6667,6,6,4,0,0,6,4,0.3333
4,168.0000,38,14,694.6720,-86.4517,0.0260,10,0.2564,0.8750,8,7,6,0,0,7,6,0.1429
4,168.0000,38,15,716.0557,-87.0693,-0.5583,7,0.1795,1.0000,2,2,2,0,0,2,2,0.0000
4,168.0000,38,16,411.9634,-80.1830,0.2585,14,0.3590,0.8750,8,7,5,0,0,7,5,0.2857
4,168.0000,38,17,800.6905,-87.7388,0.2751,9,0.2308,,0,8,8,0,0,8,8,0.0000
4,168.0000,38,18,785.2169,-86.7593,0.3605,9,0.2308,1.0000,2,6,6,0,0,6,6,0.0000
4,168.0000,38,19,789.7740,-85.6060,1.1306,8,0.2051,1.0000,8,2,2,0,0,2,2,0.0000
4,168.0000,38,20,459.1990,-82.8394,-0.1747,17,0.4359,0.8571,7,7,5,0,0,7,5,0.2857
4,168.0000,38,22,519.7672,-82.9754,0.5927,13,0.3333,1.0000,8,5,4,0,0,5,4,0.2000
4,168.0000,38,23,447.7078,-82.2048,0.2573,13,0.3333,0.7143,7,8,8,0,0,8,8,0.0000
4,168.0000,38,24,497.1632,-83.6407,0.0472,18,0.4615,0.8571,7,8,7,0,0,8,7,0.1250
4,168.0000,38,25,889.6958,-87.4123,-1.0765,4,0.1026,1.0000,8,6,6,0,0,6,6,0.0000
4,168.0000,38,28,468.6876,-83.9704,0.4314,14,0.3590,0.5714,7,7,6,0,0,7,6,0.1429
4,168.0000,38,30,448.2532,-83.3375,0.2872,15,0.3846,1.0000,8,8,8,0,0,8,8,0.0000
4,168.0000,38,31,459.9668,-81.7574,-0.2731,16,0.4103,0.5000,6,7,5,0,0,7,5,0.2857
4,168.0000,38,32,691.0474,-86.2567,0.4477,6,0.1538,0.7143,7,4,4,0,0,4,4,0.0000
4,168.0000,38,33,528.7442,-83.5917,-0.3934,19,0.4872,0.8750,8,7,4,0,0,7,4,0.4286
4,168.0000,38,35,874.8340,-87.3992,0.4098,6,0.1538,1.0000,6,2,2,0,0,2,2,0.0000
4,168.0000,38,37,189.2532,-75.7985,0.7727,26,0.6667,0.6667,6,6,3,0,0,6,3,0.5000
4,168.0000,38,39,330.4786,-80.0310,-1.1941,27,0.6923,0.5000,6,8,6,0,0,8,6,0.2500
4,168.0000,38,40,806.7259,-85.5749,0.6023,7,0.1795,0.8571,7,4,4,0,0,4,4,0.0000
4,168.0000,38,41,509.4066,-82.8347,0.5497,9,0.2308,0.7143,7,7,5,0,0,7,5,0.2857
4,168.0000,38,42,876.1269,-87.3669,-0.5521,10,0.2564,1.0000,8,4,4,0,0,4,4,0.0000
4,168.0000,38,43,752.1852,-86.3276,-0.1993,7,0.1795,1.0000,2,8,8,0,0,8,8,0.0000
4,168.0000,38,44,411.7301,-82.2418,-0.1264,18,0.4615,0.6667,6,7,6,0,0,7,6,0.1429
4,168.0000,38,46,479.5975,-84.1607,0.3091,19,0.4872,0.6667,6,7,6,0,0,7,6,0.1429
4,168.0000,38,47,205.0326,-75.3092,0.3746,26,0.6667,0.0000,4,4,0,0,0,4,0,1.0000
4,168.0000,39,1,835.7040,-89.0008,0.3048,4,0.1000,1.0000,6,6,6,0,0,6,6,0.0000
4,168.0000,39,3,156.3077,-70.8408,-1.3509,35,0.8750,0.0000,4,6,3,0,0,6,3,0.5000
4,168.0000,39,6,590.1949,-83.9061,-1.0218,19,0.4750,0.8750,8,7,6,0,0,7,6,0.1429
4,168.0000,39,7,280.9676,-79.8699,0.7036,17,0.4250,0.5000,6,4,0,0,0,4,0,1.0000
4,168.0000,39,8,695.5513,-87.3010,0.5427,6,0.1500,1.0000,8,6,6,0,0,6,6,0.0000
4,168.0000,39,9,343.5930,-80.3106,0.5460,12,0.3000,0.8571,7,7,5,0,0,7,5,0.2857
4,168.0000,39,10,793.6704,-87.6122,0.4451,3,0.0750,1.0000,8,8,8,0,0,8,8,0.0000
4,168.0000,39,13,481.0039,-83.1583,0.0557,9,0.2250,1.0000,8,8,8,0,0,8,8,0.0000
4,168.0000,39,16,391.1662,-85.2938,-0.3405,8,0.2000,1.0000,8,7,4,0,0,7,4,0.4286
4,168.0000,39,18,806.0892,-87.8820,5.8104,3,0.0750,1.0000,6,6,6,0,0,6,6,0.0000
4,168.0000,39,19,485.4168,-83.8109,0.8498,15,0.3750,0.8571,7,8,7,0,0,8,7,0.1250
4,168.0000,39,20,319.3776,-78.9570,-0.7829,29,0.7250,0.0000,4,6,3,0,0,6,3,0.5000
4,168.0000,39,22,362.7461,-80.8696,0.8118,21,0.5250,0.5714,7,6,3,0,0,6,3,0.5000
4,168.0000,39,23,368.2444,-80.8349,0.6113,20,0.5000,0.8750,8,6,3,0,0,6,3,0.5000
4,168.0000,39,24,661.2405,-84.2890,-0.1810,11,0.2750,0.7143,7,6,6,0,0,6,6,0.0000
4,168.0000,39,25,615.7145,-85.9652,-0.5211,9,0.2250,1.0000,8,7,6,0,0,7,6,0.1429
4,168.0000,39,27,939.1737,-89.0017,0.8860,3,0.0750,1.0000,4,8,8,0,0,8,8,0.0000
4,168.0000,39,28,774.1906,-87.2378,0.4849,6,0.1500,1.0000,8,7,6,0,0,7,6,0.1429
4,168.0000,39,30,768.4332,-85.7084,0.0290,4,0.1000,1.0000,8,6,6,0,0,6,6,0.0000
4,168.0000,39,31,648.2103,-85.6370,0.5612,6,0.1500,1.0000,8,8,7,0,0,8,7,0.1250
4,168.0000,39,32,549.7293,-84.6148,0.0878,7,0.1750,0.6667,6,6,4,0,0,6,4,0.3333
4,168.0000,39,33,493.2695,-81.8626,-0.5561,20,0.5000,0.6667,6,8,7,17,15,25,22,0.1200
4,168.0000,39,36,915.9494,-87.1893,1.2169,3,0.0750,1.0000,6,4,4,0,0,4,4,0.0000
4,168.0000,39,37,158.8620,-69.2185,-1.6785,33,0.8250,0.2000,5,5,2,0,0,5,2,0.6000
4,168.0000,39,38,330.4786,-79.8577,0.0622,20,0.5000,0.8571,7,7,6,0,0,7,6,0.1429
4,168.0000,39,40,877.4757,-87.5004,0.6197,4,0.1000,1.0000,8,6,6,0,0,6,6,0.0000
4,168.0000,39,41,270.7784,-79.2664,0.4390,17,0.4250,1.0000,8,7,5,0,0,7,5,0.2857
4,168.0000,39,42,934.0786,-86.9344,-2.4888,5,0.1250,1.0000,6,4,4,0,0,4,4,0.0000
4,168.0000,39,43,487.8574,-83.6704,0.1969,12,0.3000,1.0000,6,7,5,0,0,7,5,0.2857
4,168.0000,39,44,638.9796,-86.9248,0.8182,6,0.1500,0.8571,7,8,8,0,0,8,8,0.0000
4,168.0000,39,46,781.5175,-86.5718,0.1373,5,0.1250,1.0000,2,8,8,0,0,8,8,0.0000
4,168.0000,39,47,364.3770,-80.5814,0.2129,16,0.4000,0.8750,8,7,6,0,0,7,6,0.1429
4,168.0000,40,1,687.0401,-84.9917,-0.1522,7,0.1795,1.0000,8,8,8,0,0,8,8,0.0000
4,168.0000,40,5,880.2227,-87.6107,0.6607,3,0.0769,1.0000,2,2,2,0,0,2,2,0.0000
4,168.0000,40,7,698.7948,-85.6891,-1.0167,4,0.1026,0.8750,8,8,8,0,0,8,8,0.0000
4,168.0000,40,8,611.7902,-86.8620,-0.7227,4,0.1026,0.8571,7,8,8,0,0,8,8,0.0000
4,168.0000,40,9,564.4065,-83.4224,0.0988,4,0.1026,0.8750,8,8,8,0,0,8,8,0.0000
4,168.0000,40,10,254.7615,-76.2513,-0.6552,31,0.7949,0.5714,7,5,2,119,93,124,95,0.2339
4,168.0000,40,12,790.8867,-87.2506,0.1862,8,0.2051,1.0000,8,4,3,0,0,4,3,0.2500
4,168.0000,40,13,514.0090,-82.2566,-0.5045,5,0.1282,1.0000,8,8,7,0,0,8,7,0.1250
4,168.0000,40,16,488.2500,-82.3297,-1.6529,6,0.1538,0.7500,8,8,8,0,0,8,8,0.0000
4,168.0000,40,18,344.4701,-79.5027,0.4777,24,0.6154,0.5714,7,8,8,0,0,8,8,0.0000
4,168.0000,40,19,955.4026,-88.6713,-1.5275,4,0.1026,1.0000,8,8,8,0,0,8,8,0.0000
4,168.0000,40,21,206.8371,-74.7660,-0.5941,31,0.7949,0.3333,6,5,1,0,0,5,1,0.8000
4,168.0000,40,23,680.2267,-86.1811,0.7488,3,0.0769,1.0000,10,6,6,0,0,6,6,0.0000
4,168.0000,40,25,896.5952,-87.9593,-0.1267,3,0.0769,1.0000,4,6,6,0,0,6,6,0.0000
4,168.0000,40,26,414.3197,-82.6577,0.0184,18,0.4615,0.8571,7,6,3,0,0,6,3,0.5000
4,168.0000,40,28,726.2822,-86.9923,-1.7659,3,0.0769,1.0000,6,7,6,0,0,7,6,0.1429
4,168.0000,40,29,1008.1719,-87.8133,-0.2641,4,0.1026,1.0000,8,4,4,0,0,4,4,0.0000
4,168.0000,40,30,784.5806,-87.4896,0.6657,5,0.1282,1.0000,6,8,8,0,0,8,8,0.0000
4,168.0000,40,31,432.8686,-82.5185,-0.3072,10,0.2564,0.8571,7,7,6,0,0,7,6,0.1429
4,168.0000,40,32,526.3977,-81.7595,-0.6603,9,0.2308,0.8571,7,8,8,0,0,8,8,0.0000
4,168.0000,40,36,844.9631,-87.7622,-0.3248,4,0.1026,1.0000,8,4,4,0,0,4,4,0.0000
4,168.0000,40,38,806.7259,-86.4524,0.6715,5,0.1282,1.0000,8,7,6,0,0,7,6,0.1429
4,168.0000,40,39,877.4757,-88.2231,-0.4670,4,0.1026,1.0000,8,7,6,0,0,7,6,0.1429
4,168.0000,40,41,748.3578,-85.5530,-2.3583,3,0.0769,1.0000,8,8,7,0,0,8,7,0.1250
4,168.0000,40,44,483.2503,-82.8173,0.8408,8,0.2051,0.8571,7,8,8,0,0,8,8,0.0000
4,168.0000,40,45,430.8751,-80.7562,-0.1345,20,0.5128,0.5000,6,8,8,0,0,8,8,0.0000
4,168.0000,40,47,624.9911,-84.8018,0.3259,5,0.1282,0.8571,7,7,6,0,0,7,6,0.1429
4,168.0000,41,0,1192.2885,-88.7337,0.7742,3,0.0750,1.0000,4,4,4,0,0,4,4,0.0000
4,168.0000,41,1,619.8894,-86.3378,-0.2072,11,0.2750,0.7143,7,8,7,0,0,8,7,0.1250
4,168.0000,41,3,349.8676,-79.9451,0.6739,20,0.5000,0.8571,7,7,5,0,0,7,5,0.2857
4,168.0000,41,5,925.0066,-86.7998,0.2047,10,0.2500,1.0000,2,2,2,0,0,2,2,0.0000
4,168.0000,41,6,834.4154,-85.8527,-1.6540,8,0.2000,1.0000,2,8,8,0,0,8,8,0.0000
4,168.0000,41,7,375.8311,-82.0881,0.2712,16,0.4000,0.8750,8,5,2,0,0,5,2,0.6000
4,168.0000,41,8,740.1494,-87.3690,0.4513,9,0.2250,0.7143,7,6,6,0,0,6,6,0.0000
4,168.0000,41,9,304.3351,-81.3459,1.1645,15,0.3750,1.0000,8,6,2,0,0,6,2,0.6667
4,168.0000,41,10,743.7559,-86.0468,-0.7537,8,0.2000,0.8571,7,8,8,0,0,8,8,0.0000
4,168.0000,41,12,1066.9973,-88.6395,0.3467,3,0.0750,,0,4,4,0,0,4,4,0.0000
4,168.0000,41,13,520.2932,-83.6785,0.4930,11,0.2750,0.8571,7,8,8,0,0,8,8,0.0000
4,168.0000,41,16,315.1475,-81.1078,0.5242,15,0.3750,0.8750,8,7,6,0,0,7,6,0.1429
4,168.0000,41,18,713.3958,-86.4141,0.0240,8,0.2000,1.0000,8,6,6,0,0,6,6,0.0000
4,168.0000,41,19,329.5367,-79.2976,-1.0536,31,0.7750,0.6667,6,6,4,0,0,6,4,0.3333
4,168.0000,41,20,491.0419,-83.8162,0.3684,11,0.2750,0.6667,6,7,6,0,0,7,6,0.1429
4,168.0000,41,22,339.0633,-80.2213,-0.0781,24,0.6000,0.6429,14,7,5,0,0,7,5,0.2857
4,168.0000,41,23,251.9576,-76.9361,-0.4690,29,0.7250,0.4000,5,7,4,0,0,7,4,0.4286
4,168.0000,41,24,908.6240,-86.9431,0.5967,6,0.1500,1.0000,4,4,4,0,0,4,4,0.0000
4,168.0000,41,25,402.9605,-80.3501,-1.1680,23,0.5750,0.8571,7,6,4,0,0,6,4,0.3333
4,168.0000,41,26,957.4098,-88.2002,0.1310,4,0.1000,1.0000,6,8,8,0,0,8,8,0.0000
4,168.0000,41,27,701.0674,-85.9825,-0.6755,13,0.3250,1.0000,8,8,7,0,0,8,7,0.1250
4,168.0000,41,28,878.3972,-89.3761,0.1089,3,0.0750,1.0000,2,8,8,0,0,8,8,0.0000
4,168.0000,41,29,704.6479,-86.4391,0.1945,12,0.3000,0.8750,8,4,4,0,0,4,4,0.0000
4,168.0000,41,30,876.9024,-87.9668,0.6910,3,0.0750,1.0000,4,8,8,0,0,8,8,0.0000
4,168.0000,41,31,664.9246,-84.8692,-0.8561,4,0.1000,1.0000,6,7,6,0,0,7,6,0.1429
4,168.0000,41,32,352.5382,-79.9414,-0.2463,19,0.4750,0.8571,7,6,3,0,0,6,3,0.5000
4,168.0000,41,33,700.8161,-86.8957,-0.4638,7,0.1750,1.0000,6,3,2,0,0,3,2,0.3333
4,168.0000,41,36,689.5807,-85.4805,-0.2172,12,0.3000,0.7143,7,5,3,0,0,5,3,0.4000
4,168.0000,41,37,392.5556,-81.1744,0.4813,18,0.4500,0.8571,7,8,7,0,0,8,7,0.1250
4,168.0000,41,38,509.4066,-83.0492,0.0681,12,0.3000,0.7143,7,8,8,0,0,8,8,0.0000
4,168.0000,41,39,270.7784,-79.4764,0.3015,21,0.5250,0.3333,6,6,2,0,0,6,2,0.6667
4,168.0000,41,40,748.3578,-84.9673,-0.4144,8,0.2000,1.0000,6,5,4,0,0,5,4,0.2000
4,168.0000,41,43,244.3828,-76.0448,0.2401,31,0.7750,0.0000,3,8,5,0,0,8,5,0.3750
4,168.0000,41,44,670.0659,-86.0973,0.6304,8,0.2000,0.8571,7,8,7,0,0,8,7,0.1250
4,168.0000,41,45,808.7468,-87.5043,0.3421,8,0.2000,0.8750,8,4,4,0,0,4,4,0.0000
4,168.0000,41,47,454.3275,-82.4948,-0.3130,15,0.3750,1.0000,8,7,6,0,0,7,6,0.1429
4,168.0000,42,2,823.2372,-87.0997,1.2844,5,0.1250,1.0000,8,8,8,0,0,8,8,0.0000
4,168.0000,42,6,487.4607,-83.5812,-0.7566,11,0.2750,1.0000,8,6,4,0,0,6,4,0.3333
4,168.0000,42,11,759.8187,-85.8055,0.0814,5,0.1250,0.8571,7,8,7,0,0,8,7,0.1250
4,168.0000,42,15,688.6318,-85.7384,-0.7419,6,0.1500,1.0000,8,8,8,0,0,8,8,0.0000
4,168.0000,42,17,730.9907,-86.3178,-0.9560,6,0.1500,1.0000,8,8,8,0,0,8,8,0.0000
4,168.0000,42,20,660.3084,-85.4774,1.6228,3,0.0750,1.0000,8,8,8,0,0,8,8,0.0000
4,168.0000,42,24,483.3914,-83.4835,0.8833,8,0.2000,1.0000,8,6,4,0,0,6,4,0.3333
4,168.0000,42,33,449.6699,-81.8030,-0.3217,13,0.3250,1.0000,8,8,7,0,0,8,7,0.1250
4,168.0000,42,35,477.2518,-83.6777,-0.2287,18,0.4500,0.7143,7,8,8,0,0,8,8,0.0000
4,168.0000,42,37,893.0460,-87.1742,-0.1875,3,0.0750,1.0000,8,6,6,0,0,6,6,0.0000
4,168.0000,42,39,934.0786,-86.8172,-0.7841,4,0.1000,1.0000,8,6,6,0,0,6,6,0.0000
4,168.0000,42,46,789.3613,-86.1580,-0.5651,6,0.1500,1.0000,8,8,8,0,0,8,8,0.0000
4,168.0000,43,0,1034.1290,-87.6362,-0.8331,3,0.0750,1.0000,6,6,6,0,0,6,6,0.0000
4,168.0000,43,1,543.9339,-82.5423,-1.0767,13,0.3250,0.8571,7,7,6,0,0,7,6,0.1429
4,168.0000,43,3,558.7229,-83.6926,-0.2862,6,0.1500,0.7500,8,8,8,0,0,8,8,0.0000
4,168.0000,43,5,814.6287,-86.5937,-0.0733,5,0.1250,1.0000,4,4,4,0,0,4,4,0.0000
4,168.0000,43,7,598.4378,-84.4693,-3.1016,4,0.1000,0.7143,7,8,8,0,0,8,8,0.0000
4,168.0000,43,9,521.6636,-83.6676,-4.1098,3,0.0750,1.0000,8,8,8,0,0,8,8,0.0000
4,168.0000,43,12,984.0134,-87.5394,0.5356,3,0.0750,1.0000,6,4,4,0,0,4,4,0.0000
4,168.0000,43,16,511.3626,-83.7221,0.4905,4,0.1000,0.8571,7,7,6,0,0,7,6,0.1429
4,168.0000,43,19,231.1110,-77.5911,0.0569,29,0.7250,0.2000,5,6,3,0,0,6,3,0.5000
4,168.0000,43,20,645.5617,-85.9915,0.9476,3,0.0750,1.0000,8,6,6,0,0,6,6,0.0000
4,168.0000,43,21,889.3171,-86.8150,0.1278,5,0.1250,1.0000,8,5,4,0,0,5,4,0.2000
4,168.0000,43,22,449.7592,-82.7313,-0.5049,14,0.3500,0.7143,7,8,7,0,0,8,7,0.1250
4,168.0000,43,23,415.4389,-80.7813,-0.9569,13,0.3250,1.0000,8,7,6,0,0,7,6,0.1429
4,168.0000,43,25,239.5748,-75.7952,-0.5983,35,0.8750,0.2000,5,7,5,0,0,7,5,0.2857
4,168.0000,43,27,495.5749,-82.1320,-0.9207,22,0.5500,0.8462,13,8,8,0,0,8,8,0.0000
4,168.0000,43,29,541.0890,-84.5425,0.1786,14,0.3500,0.8571,7,7,6,0,0,7,6,0.1429
4,168.0000,43,32,399.4123,-79.4528,-0.8609,14,0.3500,0.8750,8,8,8,0,0,8,8,0.0000
4,168.0000,43,34,937.3037,-87.0464,0.3185,6,0.1500,1.0000,2,8,8,0,0,8,8,0.0000
4,168.0000,43,36,555.6902,-83.7103,-1.1522,15,0.3750,0.8571,7,7,6,0,0,7,6,0.1429
4,168.0000,43,37,628.1734,-85.2626,-0.3082,3,0.0750,1.0000,8,7,6,0,0,7,6,0.1429
4,168.0000,43,39,487.8574,-83.6133,0.4672,9,0.2250,1.0000,8,8,8,0,0,8,8,0.0000
4,168.0000,43,41,244.3828,-76.3497,0.1524,23,0.5750,0.0000,4,5,2,0,0,5,2,0.6000
4,168.0000,43,45,786.0684,-86.9055,0.2836,4,0.1000,0.8000,5,4,4,0,0,4,4,0.0000
4,168.0000,43,47,691.4557,-85.9248,-1.1400,4,0.1000,1.0000,8,8,8,0,0,8,8,0.0000
4,168.0000,44,1,943.8029,-87.9099,-0.1579,4,0.1000,1.0000,8,6,6,0,0,6,6,0.0000
4,168.0000,44,3,644.6724,-86.2815,-0.9673,5,0.1250,0.8571,7,8,8,0,0,8,8,0.0000
4,168.0000,44,4,1126.2899,-88.0742,-1.1015,4,0.1000,1.0000,8,6,6,0,0,6,6,0.0000
4,168.0000,44,7,465.1091,-84.1252,0.1526,14,0.3500,0.6667,6,8,8,0,0,8,8,0.0000
4,168.0000,44,8,221.2393,-76.1430,0.2595,37,0.9250,0.0000,4,5,2,0,0,5,2,0.6000
4,168.0000,44,9,377.2710,-80.0510,0.0473,17,0.4250,0.5000,6,7,5,0,0,7,5,0.2857
4,168.0000,44,10,298.8766,-80.8975,1.2894,18,0.4500,0.8750,8,6,3,0,0,6,3,0.5000
4,168.0000,44,13,200.1545,-76.0441,0.7361,26,0.6500,0.4000,5,6,2,0,0,6,2,0.6667
4,168.0000,44,14,788.7191,-86.6134,-0.5431,7,0.1750,1.0000,8,8,8,0,0,8,8,0.0000
4,168.0000,44,16,386.7625,-82.3105,1.1549,13,0.3250,0.6667,6,6,2,0,0,6,2,0.6667
4,168.0000,44,17,941.7361,-86.9391,-0.3794,7,0.1750,1.0000,6,6,6,0,0,6,6,0.0000
4,168.0000,44,18,541.9398,-84.9362,0.2471,12,0.3000,1.0000,8,8,8,0,0,8,8,0.0000
4,168.0000,44,19,956.2908,-87.9890,0.6518,5,0.1250,1.0000,6,6,6,0,0,6,6,0.0000
4,168.0000,44,20,834.2064,-87.7989,-0.4130,4,0.1000,1.0000,8,8,8,0,0,8,8,0.0000
4,168.0000,44,21,685.7498,-86.4897,0.1774,8,0.2000,0.8750,8,2,2,0,0,2,2,0.0000
4,168.0000,44,22,771.4040,-87.8244,-0.3003,6,0.1500,1.0000,8,6,6,0,0,6,6,0.0000
4,168.0000,44,23,562.4058,-85.5304,0.2713,9,0.2250,1.0000,8,6,4,0,0,6,4,0.3333
4,168.0000,44,24,847.0918,-86.2621,-0.3191,7,0.1750,1.0000,6,4,4,0,0,4,4,0.0000
4,168.0000,44,28,271.1106,-78.0247,-0.4546,32,0.8000,0.0000,4,6,2,0,0,6,2,0.6667
4,168.0000,44,30,328.1543,-79.5058,0.3741,29,0.7250,0.6667,6,6,4,0,0,6,4,0.3333
4,168.0000,44,31,114.8083,-72.1816,1.2446,33,0.8250,0.3333,6,5,1,0,0,5,1,0.8000
4,168.0000,44,32,651.5928,-84.0208,-0.0393,8,0.2000,0.8571,7,8,8,0,0,8,8,0.0000
4,168.0000,44,33,926.3856,-87.5880,-0.5252,6,0.1500,1.0000,6,4,4,0,0,4,4,0.0000
4,168.0000,44,37,539.9462,-83.9026,0.6639,10,0.2500,0.8571,7,8,8,0,0,8,8,0.0000
4,168.0000,44,38,411.7301,-80.8188,0.4441,19,0.4750,1.0000,8,8,8,0,0,8,8,0.0000
4,168.0000,44,39,638.9796,-85.6578,0.7627,5,0.1250,0.8750,8,8,6,0,0,8,6,0.2500
4,168.0000,44,40,483.2503,-83.5374,0.5637,15,0.3750,1.0000,8,8,8,0,0,8,8,0.0000
4,168.0000,44,41,670.0659,-87.2449,0.6134,5,0.1250,1.0000,8,7,6,0,0,7,6,0.1429
4,168.0000,44,43,882.8842,-87.2340,1.5291,4,0.1000,1.0000,2,7,6,0,0,7,6,0.1429
4,168.0000,44,45,866.6531,-86.9992,-0.7262,7,0.1750,1.0000,8,4,4,0,0,4,4,0.0000
4,168.0000,44,46,644.8075,-85.4629,1.6017,10,0.2500,0.7143,7,8,8,0,0,8,8,0.0000
4,168.0000,44,47,285.2733,-79.2537,0.5733,18,0.4500,0.6667,6,8,7,0,0,8,7,0.1250
4,168.0000,45,0,721.2370,-86.9373,0.1824,11,0.2683,1.0000,6,7,6,0,0,7,6,0.1429
4,168.0000,45,1,440.2794,-82.2104,-0.2340,17,0.4146,0.8750,8,7,6,0,0,7,6,0.1429
4,168.0000,45,5,520.2380,-83.7003,-0.1044,15,0.3659,1.0000,8,7,6,0,0,7,6,0.1429
4,168.0000,45,10,647.8387,-84.4443,0.2299,5,0.1220,1.0000,8,8,8,0,0,8,8,0.0000
4,168.0000,45,12,385.3997,-82.7092,0.9361,28,0.6829,1.0000,8,7,6,0,0,7,6,0.1429
4,168.0000,45,13,824.7035,-86.6536,-2.0997,3,0.0732,1.0000,8,8,8,0,0,8,8,0.0000
4,168.0000,45,16,683.7375,-83.0895,0.9018,4,0.0976,0.8571,7,8,8,0,0,8,8,0.0000
4,168.0000,45,18,514.9760,-84.4575,-0.3242,9,0.2195,0.6667,6,8,8,0,0,8,8,0.0000
4,168.0000,45,21,280.8952,-78.1799,-0.1137,29,0.7073,0.5000,6,7,5,0,0,7,5,0.2857
4,168.0000,45,23,821.1747,-86.5316,-0.8621,3,0.0732,1.0000,8,8,8,0,0,8,8,0.0000
4,168.0000,45,25,754.4095,-85.0427,-0.0336,3,0.0732,0.8571,7,8,8,0,0,8,8,0.0000
4,168.0000,45,26,300.1906,-78.4859,0.2768,30,0.7317,0.8571,7,4,0,0,0,4,0,1.0000
4,168.0000,45,27,727.7254,-86.3172,-0.2537,8,0.1951,1.0000,8,8,8,0,0,8,8,0.0000
4,168.0000,45,29,745.9327,-85.8735,0.0391,3,0.0732,1.0000,6,8,8,0,0,8,8,0.0000
4,168.0000,45,32,506.0010,-82.1026,-0.9415,6,0.1463,0.8750,8,8,8,0,0,8,8,0.0000
4,168.0000,45,34,671.4298,-85.6213,0.1542,7,0.1707,1.0000,8,8,8,0,0,8,8,0.0000
4,168.0000,45,36,553.4345,-83.1480,-1.0050,13,0.3171,1.0000,8,8,7,0,0,8,7,0.1250
4,168.0000,45,40,430.8751,-80.9517,0.0631,11,0.2683,0.6667,6,8,8,0,0,8,8,0.0000
4,168.0000,46,2,500.5020,-82.8351,0.0990,23,0.5750,0.7500,8,7,5,0,0,7,5,0.2857
4,168.0000,46,3,705.3944,-86.0572,-2.0588,3,0.0750,1.0000,6,7,6,0,0,7,6,0.1429
4,168.0000,46,4,596.2318,-84.6113,-0.6229,19,0.4750,1.0000,8,9,8,0,0,9,8,0.1111
4,168.0000,46,6,755.5788,-86.5940,-0.2707,7,0.1750,1.0000,8,8,8,0,0,8,8,0.0000
4,168.0000,46,7,760.2814,-87.1346,-1.2888,5,0.1250,1.0000,8,8,8,0,0,8,8,0.0000
4,168.0000,46,8,562.7262,-84.3650,0.8243,10,0.2500,1.0000,8,8,7,0,0,8,7,0.1250
4,168.0000,46,9,770.4472,-84.8657,-0.6962,3,0.0750,1.0000,8,8,8,0,0,8,8,0.0000
4,168.0000,46,10,932.0665,-88.5877,0.6002,3,0.0750,1.0000,6,8,8,0,0,8,8,0.0000
4,168.0000,46,11,376.2679,-79.3926,-1.2562,33,0.8250,0.5714,7,8,8,0,0,8,8,0.0000
4,168.0000,46,13,685.8341,-86.6734,-0.5142,5,0.1250,1.0000,8,8,8,0,0,8,8,0.0000
4,168.0000,46,14,236.3337,-75.4211,-0.8222,37,0.9250,0.0000,4,5,1,0,0,5,1,0.8000
4,168.0000,46,15,285.3946,-78.7797,0.6629,37,0.9250,0.7143,7,6,3,0,0,6,3,0.5000
4,168.0000,46,17,412.5850,-80.9934,0.2649,29,0.7250,0.3333,6,7,5,0,0,7,5,0.2857
4,168.0000,46,22,910.1482,-89.1365,0.2034,3,0.0750,1.0000,4,4,4,0,0,4,4,0.0000
4,168.0000,46,24,373.9809,-79.4958,-1.4803,29,0.7250,0.5000,4,6,4,0,0,6,4,0.3333
4,168.0000,46,28,461.2425,-84.3033,-0.4216,13,0.3250,0.8750,8,7,5,0,0,7,5,0.2857
4,168.0000,46,30,389.6169,-81.0037,0.1513,21,0.5250,0.7143,7,7,6,0,0,7,6,0.1429
4,168.0000,46,33,696.4724,-85.6352,-0.7241,11,0.2750,1.0000,8,8,8,0,0,8,8,0.0000
4,168.0000,46,35,569.4316,-84.0720,-0.2920,21,0.5250,0.8571,7,7,6,0,0,7,6,0.1429
4,168.0000,46,37,633.1625,-86.6537,-0.2498,6,0.1500,1.0000,8,9,8,0,0,9,8,0.1111
4,168.0000,46,38,479.5975,-84.2854,0.8573,7,0.1750,0.8571,7,6,4,0,0,6,4,0.3333
4,168.0000,46,39,781.5175,-85.3225,0.0102,4,0.1000,0.8750,8,8,8,0,0,8,8,0.0000
4,168.0000,46,41,984.9507,-89.3664,-0.2694,3,0.0750,1.0000,4,4,4,0,0,4,4,0.0000
4,168.0000,46,42,789.3613,-85.6004,-0.6899,10,0.2500,1.0000,8,8,8,0,0,8,8,0.0000
4,168.0000,46,44,644.8075,-86.2880,-0.2346,7,0.1750,0.8571,7,8,8,0,0,8,8,0.0000
4,168.0000,46,47,621.5802,-84.7626,0.9357,4,0.1000,0.9000,10,7,6,0,0,7,6,0.1429
4,168.0000,47,1,848.0037,-87.3275,-0.6307,12,0.3000,1.0000,4,8,8,0,0,8,8,0.0000
4,168.0000,47,3,397.7180,-81.3874,-0.0698,19,0.4750,0.7143,7,8,7,0,0,8,7,0.1250
4,168.0000,47,6,815.4373,-86.3990,-0.4720,9,0.2250,1.0000,8,8,8,0,0,8,8,0.0000
4,168.0000,47,7,204.9397,-74.4172,-0.2470,32,0.8000,0.4286,7,5,3,0,0,5,3,0.4000
4,168.0000,47,8,398.6724,-82.8355,0.7867,23,0.5750,1.0000,8,7,5,0,0,7,5,0.2857
4,168.0000,47,9,226.1762,-75.3257,-0.5389,35,0.8750,0.0000,4,5,1,0,0,5,1,0.8000
4,168.0000,47,10,474.7420,-83.2308,0.4676,21,0.5250,0.8750,8,8,8,0,0,8,8,0.0000
4,168.0000,47,13,134.6884,-68.4689,-1.5316,38,0.9500,0.2000,5,6,2,0,0,6,2,0.6667
4,168.0000,47,14,809.3580,-86.7974,0.2576,7,0.1750,0.6667,3,8,7,0,0,8,7,0.1250
4,168.0000,47,15,881.5230,-88.0303,0.5566,7,0.1750,1.0000,2,5,4,0,0,5,4,0.2000
4,168.0000,47,16,245.5990,-76.6932,0.0577,33,0.8250,0.4000,5,7,6,0,0,7,6,0.1429
4,168.0000,47,17,958.5332,-87.6997,-0.3516,6,0.1500,1.0000,4,6,6,0,0,6,6,0.0000
4,168.0000,47,18,580.2257,-84.5861,-1.3407,17,0.4250,1.0000,8,6,6,0,0,6,6,0.0000
4,168.0000,47,19,727.8684,-86.9988,-0.4279,11,0.2750,0.8571,7,8,6,0,0,8,6,0.2500
4,168.0000,47,20,596.9321,-84.9092,0.4737,16,0.4000,0.7143,7,7,6,0,0,7,6,0.1429
4,168.0000,47,22,580.4285,-85.6533,0.1784,12,0.3000,0.8571,7,8,8,0,0,8,8,0.0000
4,168.0000,47,23,420.0702,-82.1688,0.4533,18,0.4500,0.6250,8,7,5,0,0,7,5,0.2857
4,168.0000,47,25,796.0252,-86.6952,-0.2638,11,0.2750,1.0000,8,8,7,0,0,8,7,0.1250
4,168.0000,47,26,931.4793,-87.7885,0.2522,8,0.2000,1.0000,8,4,4,0,0,4,4,0.0000
4,168.0000,47,28,438.1750,-82.9973,0.6754,23,0.5750,1.0000,8,7,5,0,0,7,5,0.2857
4,168.0000,47,29,1044.4503,-87.7858,0.0811,5,0.1250,,0,6,5,0,0,6,5,0.1667
4,168.0000,47,30,470.4213,-84.4852,0.2275,17,0.4250,1.0000,6,5,4,0,0,5,4,0.2000
4,168.0000,47,31,293.5796,-77.9864,-0.6383,33,0.8250,0.4000,5,6,2,0,0,6,2,0.6667
4,168.0000,47,32,532.0526,-82.6304,-0.4935,18,0.4500,0.7143,7,8,7,0,0,8,7,0.1250
4,168.0000,47,33,709.6847,-86.2503,0.1442,12,0.3000,0.8750,8,3,2,0,0,3,2,0.3333
4,168.0000,47,35,1066.6970,-88.4525,-0.7122,5,0.1250,,0,2,2,0,0,2,2,0.0000
4,168.0000,47,36,981.2168,-88.6388,-0.3459,5,0.1250,1.0000,8,4,4,0,0,4,4,0.0000
4,168.0000,47,37,264.8085,-78.2395,0.7532,23,0.5750,0.7143,7,6,2,0,0,6,2,0.6667
4,168.0000,47,38,205.0326,-75.3025,0.2455,32,0.8000,0.5714,7,6,2,0,0,6,2,0.6667
4,168.0000,47,39,364.3770,-80.6229,0.4179,21,0.5250,0.8571,7,6,3,0,0,6,3,0.5000
4,168.0000,47,40,624.9911,-84.3730,-0.5863,18,0.4500,1.0000,8,8,6,0,0,8,6,0.2500
4,168.0000,47,41,454.3275,-82.8821,-0.4489,19,0.4750,0.8571,7,7,6,0,0,7,6,0.1429
4,168.0000,47,42,1079.0042,-87.9505,0.4258,6,0.1500,1.0000,4,3,2,0,0,3,2,0.3333
4,168.0000,47,43,691.4557,-85.8518,-0.7029,18,0.4500,0.8750,8,7,6,0,0,7,6,0.1429
4,168.0000,47,44,285.2733,-80.3434,0.4030,30,0.7500,0.5714,7,5,1,0,0,5,1,0.8000
4,168.0000,47,45,905.6849,-86.7228,-1.2916,10,0.2500,1.0000,8,2,2,0,0,2,2,0.0000
4,168.0000,47,46,621.5802,-85.7434,0.5222,16,0.4000,0.8571,7,8,8,0,0,8,8,0.0000
4,172.0000,0,1,520.7490,-83.9159,0.3624,8,0.2000,1.0000,8,7,6,0,0,7,6,0.1429
4,172.0000,0,5,375.4392,-81.0513,-0.1657,20,0.5000,0.6667,6,6,4,0,0,6,4,0.3333
4,172.0000,0,12,393.4656,-81.2693,-0.0213,22,0.5500,0.4000,5,5,2,0,0,5,2,0.6000
4,172.0000,0,27,581.1472,-84.0882,1.3166,9,0.2250,1.0000,8,8,8,0,0,8,8,0.0000
4,172.0000,0,29,672.9057,-86.1500,0.1145,6,0.1500,0.8571,7,8,8,0,0,8,8,0.0000
4,172.0000,0,34,277.2774,-77.9917,-0.5576,30,0.7500,0.0000,4,6,3,0,0,6,3,0.5000
4,172.0000,0,36,519.0040,-84.2501,0.7129,9,0.2250,0.8571,7,7,5,0,0,7,5,0.2857
4,172.0000,0,45,568.0241,-84.5907,0.7731,4,0.1000,1.0000,8,8,8,0,0,8,8,0.0000
4,172.0000,1,0,520.7490,-84.5523,-0.2052,19,0.4750,1.0000,8,7,6,0,0,7,6,0.1429
4,172.0000,1,5,171.2238,-77.2855,1.4877,36,0.9000,0.4000,5,4,0,0,0,4,0,1.0000
4,172.0000,1,7,868.4399,-86.1111,-0.1963,3,0.0750,1.0000,8,8,8,0,0,8,8,0.0000
4,172.0000,1,9,720.0791,-85.9952,-1.0986,6,0.1500,1.0000,8,8,8,0,0,8,8,0.0000
4,172.0000,1,10,883.3621,-87.3190,0.1447,6,0.1500,1.0000,8,6,6,0,0,6,6,0.0000
4,172.0000,1,12,441.6232,-82.7062,-0.1376,21,0.5250,0.5000,4,9,8,0,0,9,8,0.1111
4,172.0000,1,13,875.1921,-87.7360,0.2906,6,0.1500,1.0000,10,8,8,0,0,8,8,0.0000
4,172.0000,1,16,750.0766,-87.5114,-0.4887,7,0.1750,0.8750,8,8,8,0,0,8,8,0.0000
4,172.0000,1,18,515.5901,-84.3292,-0.5449,10,0.2500,0.8571,7,7,4,0,0,7,4,0.4286
4,172.0000,1,19,494.2455,-83.6641,-0.7293,14,0.3500,0.4000,5,8,8,0,0,8,8,0.0000
4,172.0000,1,21,699.5222,-84.9713,-0.3881,8,0.2000,0.8750,8,8,8,0,0,8,8,0.0000
4,172.0000,1,23,884.6005,-87.3129,0.7984,4,0.1000,1.0000,8,8,8,0,0,8,8,0.0000
4,172.0000,1,25,383.2679,-80.7806,-0.4138,19,0.4750,0.7143,7,5,1,0,0,5,1,0.8000
4,172.0000,1,26,573.9531,-84.1934,-0.2378,14,0.3500,1.0000,8,8,8,0,0,8,8,0.0000
4,172.0000,1,27,418.5668,-82.0584,-0.7978,27,0.6750,0.4000,5,7,5,0,0,7,5,0.2857
4,172.0000,1,29,296.1562,-79.2407,0.3488,30,0.7500,0.0000,4,6,3,0,0,6,3,0.5000
4,172.0000,1,32,298.5331,-79.8858,0.1856,17,0.4250,0.8571,7,4,0,0,0,4,0,1.0000
4,172.0000,1,34,328.3298,-81.1589,0.7136,27,0.6750,0.5000,6,6,3,0,0,6,3,0.5000
4,172.0000,1,36,235.8594,-75.3449,-0.8249,36,0.9000,0.2000,5,7,3,0,0,7,3,0.5714
4,172.0000,1,39,833.7764,-88.0665,0.0810,4,0.1000,1.0000,8,6,6,0,0,6,6,0.0000
4,172.0000,1,40,723.8942,-86.4875,0.6260,8,0.2000,1.0000,8,8,8,0,0,8,8,0.0000
4,172.0000,1,41,719.2367,-85.2090,-1.1090,5,0.1250,1.0000,8,8,8,0,0,8,8,0.0000
4,172.0000,1,43,676.3554,-85.7747,-0.7189,9,0.2250,0.7143,7,8,8,0,0,8,8,0.0000
4,172.0000,1,44,932.4354,-88.9798,0.3658,3,0.0750,1.0000,8,4,4,0,0,4,4,0.0000
4,172.0000,1,45,470.7621,-81.9717,-0.2232,17,0.4250,0.8750,8,8,8,0,0,8,8,0.0000
4,172.0000,1,47,1012.2857,-88.4188,0.0750,5,0.1250,1.0000,8,2,2,0,0,2,2,0.0000
4,172.0000,2,4,172.5336,-72.0964,-0.9359,37,0.9250,0.2000,5,4,0,0,0,4,0,1.0000
4,172.0000,2,11,266.9793,-78.2847,0.2325,31,0.7750,0.3333,6,5,2,0,0,5,2,0.6000
4,172.0000,2,14,467.5057,-82.0784,-0.3835,19,0.4750,0.8571,7,7,6,0,0,7,6,0.1429
4,172.0000,2,15,363.6257,-80.7388,0.3246,20,0.5000,0.6667,6,7,6,0,0,7,6,0.1429
4,172.0000,2,17,118.2549,-70.4790,0.5246,37,0.9250,0.0000,4,4,0,0,0,4,0,1.0000
4,172.0000,2,24,596.2599,-85.2956,-0.3725,9,0.2250,1.0000,8,8,8,0,0,8,8,0.0000
4,172.0000,2,35,404.5849,-82.5546,0.9663,19,0.4750,1.0000,8,6,2,0,0,6,2,0.6667
4,172.0000,2,42,711.1585,-87.0938,0.9010,6,0.1500,1.0000,8,8,8,0,0,8,8,0.0000
4,172.0000,2,46,542.3866,-83.2409,-0.2194,11,0.2750,0.8571,7,7,6,0,0,7,6,0.1429
4,172.0000,3,2,925.6055,-88.4375,-1.1302,5,0.1282,,0,7,5,0,0,7,5,0.2857
4,172.0000,3,6,479.0075,-84.2384,-0.4607,18,0.4615,0.7500,8,7,5,0,0,7,5,0.2857
4,172.0000,3,7,336.4288,-81.4539,0.1456,19,0.4872,0.5000,6,7,5,0,0,7,5,0.2857
4,172.0000,3,8,500.9559,-85.8202,-0.7607,8,0.2051,0.8750,8,6,4,0,0,6,4,0.3333
4,172.0000,3,9,428.1847,-81.3132,-0.7465,16,0.4103,0.7500,8,8,8,0,0,8,8,0.0000
4,172.0000,3,13,600.4776,-84.5158,-0.6194,8,0.2051,1.0000,8,8,8,0,0,8,8,0.0000
4,172.0000,3,15,717.5155,-88.0724,-1.3360,5,0.1282,1.0000,2,4,2,0,0,4,2,0.5000
4,172.0000,3,16,388.8568,-82.0442,0.9381,13,0.3333,1.0000,8,7,4,0,0,7,4,0.4286
4,172.0000,3,18,992.2738,-88.4683,0.6873,3,0.0769,1.0000,8,4,4,0,0,4,4,0.0000
4,172.0000,3,19,711.8132,-86.4873,0.4179,6,0.1538,0.8750,8,4,4,0,0,4,4,0.0000
4,172.0000,3,20,150.3280,-74.2996,0.4302,35,0.8974,0.0000,4,4,0,0,0,4,0,1.0000
4,172.0000,3,22,339.6697,-78.9660,-0.2570,23,0.5897,0.5714,7,8,6,0,0,8,6,0.2500
4,172.0000,3,23,362.2278,-80.8871,-0.2372,17,0.4359,1.0000,8,7,6,0,0,7,6,0.1429
4,172.0000,3,24,546.9933,-84.6174,0.2590,15,0.3846,0.5000,4,8,7,0,0,8,7,0.1250
4,172.0000,3,25,883.7060,-86.5552,0.6093,4,0.1026,1.0000,6,8,8,0,0,8,8,0.0000
4,172.0000,3,28,694.4238,-85.9217,3.7794,3,0.0769,1.0000,8,8,8,0,0,8,8,0.0000
4,172.0000,3,30,685.6959,-87.7094,0.4317,5,0.1282,0.8571,7,8,8,0,0,8,8,0.0000
4,172.0000,3,31,731.1586,-86.3280,-0.5815,5,0.1282,1.0000,8,7,6,0,0,7,6,0.1429
4,172.0000,3,32,790.7709,-86.1119,-2.3569,4,0.1026,0.8571,7,8,8,0,0,8,8,0.0000
4,172.0000,3,33,419.0166,-81.5081,-0.1079,24,0.6154,0.5000,6,7,6,0,0,7,6,0.1429
4,172.0000,3,35,875.5762,-87.0879,0.1670,7,0.1795,1.0000,4,6,6,0,0,6,6,0.0000
4,172.0000,3,37,233.5826,-76.3000,-0.2594,31,0.7949,0.4000,5,6,2,0,0,6,2,0.6667
4,172.0000,3,38,278.7555,-78.9897,-0.1114,24,0.6154,0.5000,6,7,6,0,0,7,6,0.1429
4,172.0000,3,39,271.1740,-75.8740,-1.3489,27,0.6923,0.5000,6,8,5,0,0,8,5,0.3750
4,172.0000,3,41,379.5160,-80.5512,-0.4613,15,0.3846,0.5000,6,6,3,0,0,6,3,0.5000
4,172.0000,3,42,808.7754,-86.3552,-0.3106,7,0.1795,1.0000,8,2,2,0,0,2,2,0.0000
4,172.0000,3,43,642.5377,-84.4806,-0.4975,7,0.1795,1.0000,8,8,8,0,0,8,8,0.0000
4,172.0000,3,44,677.2346,-86.5551,-1.1168,5,0.1282,0.8571,7,7,6,0,0,7,6,0.1429
4,172.0000,3,46,614.5227,-86.2704,-0.0026,13,0.3333,1.0000,8,8,7,0,0,8,7,0.1250
4,172.0000,3,47,400.5759,-81.3205,-0.4517,11,0.2821,0.7143,7,6,3,0,0,6,3,0.5000
4,172.0000,4,2,172.5336,-72.4906,-0.5432,37,0.9250,0.0000,4,4,0,0,0,4,0,1.0000
4,172.0000,4,11,331.0951,-80.4871,-0.5946,30,0.7500,0.3333,6,6,3,0,0,6,3,0.5000
4,172.0000,4,14,495.9961,-83.4670,0.1129,14,0.3500,0.8571,7,6,4,0,0,6,4,0.3333
4,172.0000,4,15,499.6030,-83.7773,0.0976,12,0.3000,0.8750,8,8,8,0,0,8,8,0.0000
4,172.0000,4,17,140.3774,-75.5758,1.2817,37,0.9250,0.2000,5,4,0,0,0,4,0,1.0000
4,172.0000,4,24,767.4861,-86.3217,1.9444,4,0.1000,1.0000,8,7,5,0,0,7,5,0.2857
4,172.0000,4,30,858.3634,-87.5296,-0.4092,4,0.1000,1.0000,8,8,8,0,0,8,8,0.0000
4,172.0000,4,35,549.1520,-83.4592,0.3414,9,0.2250,0.8750,8,7,6,0,0,7,6,0.1429
4,172.0000,4,42,865.4802,-87.7061,1.0870,4,0.1000,1.0000,6,8,8,0,0,8,8,0.0000
4,172.0000,4,46,632.8755,-85.6117,1.1188,4,0.1000,0.8750,8,8,8,0,0,8,8,0.0000
4,172.0000,5,0,375.4392,-80.6684,-0.0018,33,0.8250,0.0000,4,7,5,0,0,7,5,0.2857
4,172.0000,5,1,171.2238,-76.5111,1.3840,25,0.6250,0.6667,6,6,2,0,0,6,2,0.6667
4,172.0000,5,12,389.1799,-80.4819,-0.7130,26,0.6500,0.2000,5,7,5,0,0,7,5,0.2857
4,172.0000,5,25,503.6124,-82.6858,2.4644,4,0.1000,1.0000,8,7,6,0,0,7,6,0.1429
4,172.0000,5,26,629.0415,-85.3129,1.1290,4,0.1000,0.7143,7,8,8,0,0,8,8,0.0000
4,172.0000,5,27,422.4878,-82.0805,0.0062,17,0.4250,0.5000,6,5,2,0,0,5,2,0.6000
4,172.0000,5,29,366.4969,-81.2563,0.0599,15,0.3750,0.2000,5,5,2,0,0,5,2,0.6000
4,172.0000,5,32,469.7553,-84.2306,-3.9384,3,0.0750,1.0000,8,7,6,0,0,7,6,0.1429
4,172.0000,5,34,157.4138,-73.2884,0.4480,35,0.8750,0.0000,4,4,1,0,0,4,1,0.7500
4,172.0000,5,36,249.6801,-77.5766,0.0090,28,0.7000,0.3333,6,5,1,0,0,5,1,0.8000
4,172.0000,5,45,495.7679,-83.7824,-0.7895,8,0.2000,0.6667,6,8,6,0,0,8,6,0.2500
4,172.0000,6,2,843.5990,-86.7399,-0.8592,6,0.1500,1.0000,2,8,7,0,0,8,7,0.1250
4,172.0000,6,3,479.0075,-84.8954,1.0406,6,0.1500,0.8750,8,7,5,0,0,7,5,0.2857
4,172.0000,6,9,895.1928,-89.4173,-0.2905,3,0.0750,1.0000,8,7,6,0,0,7,6,0.1429
4,172.0000,6,11,844.5311,-87.8194,-1.1496,4,0.1000,1.0000,8,8,8,0,0,8,8,0.0000
4,172.0000,6,14,921.6242,-87.3216,0.1625,5,0.1250,1.0000,8,5,4,0,0,5,4,0.2000
4,172.0000,6,15,607.8917,-85.5694,-0.1725,8,0.2000,1.0000,8,8,8,0,0,8,8,0.0000
4,172.0000,6,17,909.8568,-88.3906,-0.9780,5,0.1250,1.0000,6,2,2,0,0,2,2,0.0000
4,172.0000,6,20,437.6023,-81.7181,-0.0242,12,0.3000,1.0000,8,7,6,0,0,7,6,0.1429
4,172.0000,6,23,838.3603,-87.7069,1.1714,3,0.0750,1.0000,8,6,6,0,0,6,6,0.0000
4,172.0000,6,24,251.8697,-80.0884,1.5943,22,0.5500,0.5000,6,5,1,0,0,5,1,0.8000
4,172.0000,6,33,270.6641,-77.4957,0.2080,32,0.8000,0.2000,5,4,0,0,0,4,0,1.0000
4,172.0000,6,35,599.2305,-85.5604,0.2430,14,0.3500,1.0000,8,8,8,0,0,8,8,0.0000
4,172.0000,6,37,571.8631,-84.8743,-1.2212,5,0.1250,0.8750,8,8,8,0,0,8,8,0.0000
4,172.0000,6,38,567.0117,-88.4910,0.9997,3,0.0750,1.0000,8,8,8,0,0,8,8,0.0000
4,172.0000,6,39,669.0953,-86.2944,0.6216,6,0.1500,0.7143,7,8,8,0,0,8,8,0.0000
4,172.0000,6,41,817.2913,-87.4523,0.3464,3,0.0750,1.0000,8,8,8,0,0,8,8,0.0000
4,172.0000,6,42,505.7556,-83.1749,0.3093,22,0.5500,0.6667,6,8,5,0,0,8,5,0.3750
4,172.0000,6,46,726.6593,-87.1779,0.2890,5,0.1250,1.0000,8,8,8,0,0,8,8,0.0000
4,172.0000,6,47,753.1336,-88.2625,0.0076,4,0.1000,1.0000,8,8,7,0,0,8,7,0.1250
4,172.0000,7,1,868.4399,-87.7626,1.2333,7,0.1795,0.8750,8,2,2,0,0,2,2,0.0000
4,172.0000,7,2,1131.0840,-89.1688,-0.8792,3,0.0769,,0,2,2,0,0,2,2,0.0000
4,172.0000,7,3,336.4288,-81.6811,0.3888,21,0.5385,0.3333,6,6,4,0,0,6,4,0.3333
4,172.0000,7,6,673.5962,-87.1206,0.9539,11,0.2821,0.8000,5,8,6,0,0,8,6,0.2500
4,172.0000,7,8,545.2788,-85.1446,-0.1445,13,0.3333,0.8333,6,8,8,0,0,8,8,0.0000
4,172.0000,7,9,341.3441,-79.0737,0.4754,20,0.5128,0.4286,7,7,5,0,0,7,5,0.2857
4,172.0000,7,10,590.7731,-84.1365,0.1458,14,0.3590,1.0000,8,8,7,0,0,8,7,0.1250
4,172.0000,7,13,417.2398,-80.4973,-0.8530,18,0.4615,0.8571,7,8,8,0,0,8,8,0.0000
4,172.0000,7,14,1002.3036,-88.4010,-0.6390,7,0.1795,1.0000,2,4,4,0,0,4,4,0.0000
4,172.0000,7,16,247.7621,-77.2334,0.2126,31,0.7949,0.5000,20,6,3,0,0,6,3,0.5000
4,172.0000,7,18,724.3120,-85.9637,-0.2072,10,0.2564,1.0000,8,6,6,0,0,6,6,0.0000
4,172.0000,7,19,560.8295,-84.8617,0.5419,12,0.3077,0.8571,7,8,8,0,0,8,8,0.0000
4,172.0000,7,20,453.1191,-83.9321,1.1660,16,0.4103,0.8750,8,7,5,0,0,7,5,0.2857
4,172.0000,7,21,1012.5340,-87.4624,-1.5434,5,0.1282,,0,8,8,0,0,8,8,0.0000
4,172.0000,7,22,575.2850,-85.1956,0.5203,14,0.3590,0.8571,7,8,7,0,0,8,7,0.1250
4,172.0000,7,23,446.4762,-82.0910,0.6836,14,0.3590,0.8571,7,8,7,0,0,8,7,0.1250
4,172.0000,7,24,759.7360,-86.7570,-1.1305,12,0.3077,1.0000,4,8,8,0,0,8,8,0.0000
4,172.0000,7,25,735.8275,-85.9818,0.3061,10,0.2564,1.0000,8,8,8,0,0,8,8,0.0000
4,172.0000,7,26,953.4102,-88.5659,0.2754,7,0.1795,1.0000,8,2,2,0,0,2,2,0.0000
4,172.0000,7,27,1069.6102,-88.7580,0.0083,5,0.1282,1.0000,4,2,2,0,0,2,2,0.0000
4,172.0000,7,28,612.8198,-85.5299,0.0817,16,0.4103,0.7143,7,8,8,0,0,8,8,0.0000
4,172.0000,7,30,676.9094,-85.3087,-0.1511,14,0.3590,0.8571,7,8,8,0,0,8,8,0.0000
4,172.0000,7,31,567.9854,-82.8219,-0.3369,15,0.3846,0.5000,6,8,8,0,0,8,8,0.0000
4,172.0000,7,32,588.9487,-83.6761,0.2774,8,0.2051,0.8571,7,6,6,0,0,6,6,0.0000
4,172.0000,7,33,700.3395,-86.4545,0.5658,11,0.2821,0.8571,7,4,4,0,0,4,4,0.0000
4,172.0000,7,35,1058.3888,-87.7236,0.2231,4,0.1026,1.0000,2,4,4,0,0,4,4,0.0000
4,172.0000,7,37,201.2558,-76.6384,0.5413,31,0.7949,0.0000,4,7,6,0,0,7,6,0.1429
4,172.0000,7,38,358.7170,-79.7517,-0.3874,22,0.5641,0.8750,8,8,7,0,0,8,7,0.1250
4,172.0000,7,39,161.5404,-75.5827,1.6854,28,0.7179,0.5714,7,5,1,0,0,5,1,0.8000
4,172.0000,7,41,326.1767,-80.7548,0.7544,18,0.4615,0.4000,5,6,4,0,0,6,4,0.3333
4,172.0000,7,43,625.7676,-84.5261,-0.4204,8,0.2051,0.8750,8,8,8,0,0,8,8,0.0000
4,172.0000,7,44,546.6557,-84.4135,0.2869,15,0.3846,1.0000,8,8,8,0,0,8,8,0.0000
4,172.0000,7,45,1058.8665,-88.6808,-0.3081,4,0.1026,1.0000,4,4,4,0,0,4,4,0.0000
4,172.0000,7,46,682.2634,-86.0998,0.2246,14,0.3590,1.0000,8,7,5,0,0,7,5,0.2857
4,172.0000,7,47,304.2108,-77.0855,-1.1202,29,0.7436,0.5000,6,6,3,0,0,6,3,0.5000
4,172.0000,8,2,875.7511,-87.6582,1.2460,5,0.1250,,0,8,8,0,0,8,8,0.0000
4,172.0000,8,3,500.9559,-86.0874,-1.1063,8,0.2000,0.8571,7,7,5,0,0,7,5,0.2857
4,172.0000,8,4,953.7947,-87.6013,0.1907,3,0.0750,1.0000,4,2,2,0,0,2,2,0.0000
4,172.0000,8,6,888.8720,-87.9441,-0.7655,3,0.0750,1.0000,4,8,8,0,0,8,8,0.0000
4,172.0000,8,7,545.2788,-86.4048,-1.9626,4,0.1000,1.0000,8,8,8,0,0,8,8,0.0000
4,172.0000,8,9,434.8521,-82.0935,0.0717,12,0.3000,0.7143,7,6,3,0,0,6,3,0.5000
4,172.0000,8,10,422.0145,-82.2574,0.3233,16,0.4000,0.7143,7,7,5,0,0,7,5,0.2857
4,172.0000,8,13,357.4136,-80.6855,0.6594,13,0.3250,0.8750,8,5,2,0,0,5,2,0.6000
4,172.0000,8,14,793.3550,-86.3631,0.8585,9,0.2250,1.0000,8,8,8,0,0,8,8,0.0000
4,172.0000,8,15,747.1858,-87.2984,-0.3283,7,0.1750,1.0000,2,7,6,0,0,7,6,0.1429
4,172.0000,8,16,427.3107,-83.2538,-1.0753,7,0.1750,1.0000,8,6,4,0,0,6,4,0.3333
4,172.0000,8,18,831.5563,-86.6635,1.9940,4,0.1000,1.0000,8,4,4,0,0,4,4,0.0000
4,172.0000,8,20,626.5823,-86.3559,1.7740,5,0.1250,1.0000,6,5,4,0,0,5,4,0.2000
4,172.0000,8,21,878.5926,-88.0869,-0.6841,4,0.1000,,0,6,5,0,0,6,5,0.1667
4,172.0000,8,22,685.4048,-85.9417,-3.7422,4,0.1000,1.0000,8,8,8,0,0,8,8,0.0000
4,172.0000,8,23,380.1365,-83.7091,4.0005,9,0.2250,0.7143,7,6,4,0,0,6,4,0.3333
4,172.0000,8,24,824.6409,-87.1391,0.3238,4,0.1000,1.0000,4,8,8,0,0,8,8,0.0000
4,172.0000,8,28,327.6558,-78.8420,0.3510,22,0.5500,0.6667,6,5,2,0,0,5,2,0.6000
4,172.0000,8,30,269.9180,-76.9782,-0.3315,33,0.8250,0.0000,4,3,0,0,0,3,0,1.0000
4,172.0000,8,31,388.7724,-81.2889,-0.2990,16,0.4000,0.8750,8,7,5,0,0,7,5,0.2857
4,172.0000,8,32,832.1206,-88.6838,0.7106,3,0.0750,1.0000,8,4,4,0,0,4,4,0.0000
4,172.0000,8,33,866.0761,-87.8922,0.3292,5,0.1250,1.0000,2,6,6,0,0,6,6,0.0000
4,172.0000,8,37,421.5355,-83.3609,0.6338,10,0.2500,1.0000,8,7,6,0,0,7,6,0.1429
4,172.0000,8,38,347.3994,-80.7003,1.4227,9,0.2250,0.7143,7,6,6,0,0,6,6,0.0000
4,172.0000,8,39,559.3493,-86.0276,0.1246,6,0.1500,1.0000,8,8,8,0,0,8,8,0.0000
4,172.0000,8,40,667.7769,-83.9959,0.2683,8,0.2000,1.0000,8,6,5,0,0,6,5,0.1667
4,172.0000,8,41,583.0228,-85.2328,-1.1416,6,0.1500,1.0000,8,8,8,0,0,8,8,0.0000
4,172.0000,8,42,1108.9364,-88.8628,-3.1160,3,0.0750,,0,4,4,0,0,4,4,0.0000
4,172.0000,8,43,910.8876,-87.6614,-2.1052,3,0.0750,,0,7,6,0,0,7,6,0.1429
4,172.0000,8,44,313.3148,-78.0605,-1.1268,20,0.5000,0.7500,8,6,3,6,4,12,7,0.4167
4,172.0000,8,46,470.1692,-84.3381,0.6341,7,0.1750,0.5714,7,8,8,0,0,8,8,0.0000
4,172.0000,8,47,288.6124,-81.2007,0.7292,13,0.3250,0.5000,6,7,5,0,0,7,5,0.2857
4,172.0000,9,1,720.0791,-86.6417,0.1262,11,0.2750,1.0000,8,7,5,0,0,7,5,0.2857
4,172.0000,9,2,1215.9252,-88.0693,0.6458,3,0.0750,,0,2,2,0,0,2,2,0.0000
4,172.0000,9,3,428.1847,-81.8367,0.4573,21,0.5250,0.8571,7,7,6,0,0,7,6,0.1429
4,172.0000,9,5,889.7441,-87.6813,0.8529,5,0.1250,,0,8,8,0,0,8,8,0.0000
4,172.0000,9,6,895.1928,-87.9686,-0.5220,6,0.1500,1.0000,8,6,6,0,0,6,6,0.0000
4,172.0000,9,7,341.3441,-79.8692,-0.3222,24,0.6000,0.5000,6,7,6,0,0,7,6,0.1429
4,172.0000,9,8,434.8521,-81.8875,0.0044,16,0.4000,0.8750,8,7,5,0,0,7,5,0.2857
4,172.0000,9,10,481.8602,-83.7225,0.2841,14,0.3500,0.7500,8,8,8,0,0,8,8,0.0000
4,172.0000,9,12,966.5603,-89.0784,0.2079,5,0.1250,,0,2,2,0,0,2,2,0.0000
4,172.0000,9,13,375.9574,-79.5446,-0.7125,24,0.6000,0.8750,8,8,8,0,0,8,8,0.0000
4,172.0000,9,16,99.5037,-70.0004,1.7294,33,0.8250,0.2000,5,4,0,1,0,5,0,1.0000
4,172.0000,9,18,616.7234,-85.1429,0.1822,16,0.4000,0.8571,7,8,8,0,0,8,8,0.0000
4,172.0000,9,19,507.2444,-84.9520,0.4061,14,0.3500,1.0000,6,7,4,0,0,7,4,0.4286
4,172.0000,9,20,526.4397,-84.4258,0.0964,20,0.5000,0.8000,5,6,6,0,0,6,6,0.0000
4,172.0000,9,21,759.1430,-87.1081,-0.1654,10,0.2500,1.0000,2,8,8,0,0,8,8,0.0000
4,172.0000,9,22,499.6776,-83.2183,-0.0393,16,0.4000,0.7143,7,8,8,0,0,8,8,0.0000
4,172.0000,9,23,203.2611,-74.3909,0.3852,30,0.7500,0.3333,6,6,3,0,0,6,3,0.5000
4,172.0000,9,24,952.5531,-87.8342,-0.2281,7,0.1750,0.8333,6,4,3,0,0,4,3,0.2500
4,172.0000,9,25,628.2924,-84.9515,0.0005,17,0.4250,0.6667,6,7,6,0,0,7,6,0.1429
4,172.0000,9,26,769.2670,-87.0498,1.1430,9,0.2250,1.0000,6,5,4,0,0,5,4,0.2000
4,172.0000,9,27,920.5055,-88.2546,0.1833,7,0.1750,1.0000,8,6,6,0,0,6,6,0.0000
4,172.0000,9,28,622.5480,-84.3906,-0.0976,12,0.3000,1.0000,8,8,8,0,0,8,8,0.0000
4,172.0000,9,30,655.2384,-85.8960,0.1227,12,0.3000,1.0000,8,8,8,0,0,8,8,0.0000
4,172.0000,9,31,506.1012,-83.1832,-0.8020,17,0.4250,1.0000,8,8,8,0,0,8,8,0.0000
4,172.0000,9,32,426.8753,-82.4782,-0.0901,22,0.5500,0.8571,7,7,6,0,0,7,6,0.1429
4,172.0000,9,33,829.0421,-86.7247,-0.6726,10,0.2500,1.0000,8,6,5,0,0,6,5,0.1667
4,172.0000,9,36,838.0310,-88.4671,0.0003,10,0.2500,1.0000,2,4,4,0,0,4,4,0.0000
4,172.0000,9,37,394.8801,-81.2762,0.9262,15,0.3750,0.3333,6,7,4,0,0,7,4,0.4286
4,172.0000,9,38,482.5578,-82.1908,-0.9036,18,0.4500,0.8571,7,7,6,0,0,7,6,0.1429
4,172.0000,9,39,276.5906,-79.6007,0.8468,25,0.6250,0.6667,6,4,0,0,0,4,0,1.0000
4,172.0000,9,40,592.7406,-84.7327,0.3437,14,0.3500,0.6667,6,8,7,0,0,8,7,0.1250
4,172.0000,9,41,193.0420,-77.4269,1.1154,30,0.7500,0.6667,6,6,2,0,0,6,2,0.6667
4,172.0000,9,43,509.9852,-83.5145,-0.8344,20,0.5000,0.8571,7,8,7,0,0,8,7,0.1250
4,172.0000,9,44,436.3236,-82.4795,-0.5689,16,0.4000,0.8571,7,5,4,0,0,5,4,0.2000
4,172.0000,9,45,812.5428,-87.5292,-1.0998,11,0.2750,0.8750,8,2,2,0,0,2,2,0.0000
4,172.0000,9,46,793.8084,-87.9313,0.0461,5,0.1250,1.0000,8,7,6,0,0,7,6,0.1429
4,172.0000,9,47,379.5164,-78.0563,-0.4575,22,0.5500,0.4000,5,8,6,0,0,8,6,0.2500
4,172.0000,10,1,883.3621,-86.7906,-1.3742,4,0.1000,1.0000,8,6,6,0,0,6,6,0.0000
4,172.0000,10,3,760.7465,-86.7575,0.3091,4,0.1000,0.6667,3,7,6,0,0,7,6,0.1429
4,172.0000,10,7,590.7731,-83.5116,-0.1534,6,0.1500,0.6667,6,7,6,0,0,7,6,0.1429
4,172.0000,10,8,422.0145,-83.4557,0.0885,12,0.3000,1.0000,8,8,8,0,0,8,8,0.0000
4,172.0000,10,9,481.8602,-81.4799,-0.1460,5,0.1250,0.7500,8,7,6,0,0,7,6,0.1429
4,172.0000,10,12,953.2526,-88.4590,-1.5753,3,0.0750,,0,2,2,0,0,2,2,0.0000
4,172.0000,10,13,179.8935,-76.7592,1.4956,21,0.5250,0.7143,7,4,0,0,0,4,0,1.0000
4,172.0000,10,16,463.1045,-82.1852,-0.5435,9,0.2250,0.9067,75,7,4,4,4,11,8,0.2727
4,172.0000,10,18,469.0964,-82.0339,-0.7554,15,0.3750,0.8571,7,7,6,0,0,7,6,0.1429
4,172.0000,10,19,890.1706,-86.8764,0.5376,3,0.0750,1.0000,4,4,4,0,0,4,4,0.0000
4,172.0000,10,21,589.6249,-82.7148,-0.1888,8,0.2000,0.8750,8,8,7,0,0,8,7,0.1250
4,172.0000,10,23,589.3841,-84.8084,0.3289,4,0.1000,0.8571,7,6,4,0,0,6,4,0.3333
4,172.0000,10,26,586.8459,-84.1144,-1.2604,10,0.2500,0.8889,9,8,8,0,0,8,8,0.0000
4,172.0000,10,28,344.5428,-81.5911,0.0948,15,0.3750,1.0000,8,5,1,0,0,5,1,0.8000
4,172.0000,10,30,438.4295,-83.0167,-0.4178,8,0.2000,0.8571,7,6,3,0,0,6,3,0.5000
4,172.0000,10,31,95.3059,-71.7217,2.5621,28,0.7000,0.4000,5,4,0,0,0,4,0,1.0000
4,172.0000,10,32,677.1650,-86.3484,-1.4171,4,0.1000,0.8000,5,8,8,0,0,8,8,0.0000
4,172.0000,10,37,593.0925,-84.9583,-1.4205,4,0.1000,1.0000,8,8,8,0,0,8,8,0.0000
4,172.0000,10,38,608.9118,-85.4653,-0.2682,5,0.1250,1.0000,8,8,8,0,0,8,8,0.0000
4,172.0000,10,39,657.6676,-86.3529,0.7579,6,0.1500,0.8571,7,7,6,0,0,7,6,0.1429
4,172.0000,10,40,356.0021,-79.2140,-0.4364,24,0.6000,0.8750,8,8,7,0,0,8,7,0.1250
4,172.0000,10,41,662.8613,-83.8961,0.3136,6,0.1500,0.7143,7,7,6,0,0,7,6,0.1429
4,172.0000,10,43,970.6937,-88.5195,-0.5905,3,0.0750,1.0000,4,8,8,0,0,8,8,0.0000
4,172.0000,10,44,109.2968,-74.7082,2.2114,27,0.6750,0.5000,6,5,1,0,0,5,1,0.8000
4,172.0000,10,45,788.5792,-86.2370,-1.6767,6,0.1500,1.0000,8,8,8,0,0,8,8,0.0000
4,172.0000,10,46,724.9603,-87.7798,1.5313,3,0.0750,1.0000,8,7,5,0,0,7,5,0.2857
4,172.0000,10,47,406.4514,-81.4108,0.6695,5,0.1250,0.8571,7,7,6,0,0,7,6,0.1429
4,172.0000,11,2,266.9793,-78.2455,0.7687,30,0.7500,0.2000,5,5,1,0,0,5,1,0.8000
4,172.0000,11,4,331.0951,-80.7980,0.6289,33,0.8250,0.0000,4,4,0,0,0,4,0,1.0000
4,172.0000,11,14,299.1943,-79.1098,-0.6629,29,0.7250,0.0000,4,4,0,0,0,4,0,1.0000
4,172.0000,11,15,271.6066,-75.4916,-1.2991,31,0.7750,0.4000,5,6,4,0,0,6,4,0.3333
4,172.0000,11,17,321.4290,-80.1356,0.1260,26,0.6500,0.5000,6,6,3,0,0,6,3,0.5000
4,172.0000,11,24,600.0382,-83.5987,-0.5307,11,0.2750,1.0000,8,8,8,0,0,8,8,0.0000
4,172.0000,11,35,333.7182,-81.4095,0.2939,28,0.7000,0.6667,6,4,0,0,0,4,0,1.0000
4,172.0000,11,42,820.0253,-85.6692,-0.4887,7,0.1750,1.0000,8,6,6,0,0,6,6,0.0000
4,172.0000,11,46,504.1338,-81.4478,-0.1602,13,0.3250,0.8750,8,6,4,0,0,6,4,0.3333
4,172.0000,12,0,393.4656,-82.6968,-0.1677,21,0.5250,0.5000,6,5,2,0,0,5,2,0.6000
4,172.0000,12,1,441.6232,-82.8526,-0.3310,8,0.2000,1.0000,8,7,4,0,0,7,4,0.4286
4,172.0000,12,5,389.1799,-80.6876,-0.2800,24,0.6000,1.0000,8,7,6,0,0,7,6,0.1429
4,172.0000,12,21,504.0914,-83.9747,1.6498,5,0.1250,0.8571,7,7,5,0,0,7,5,0.2857
4,172.0000,12,26,412.9089,-83.0374,-0.2922,10,0.2500,1.0000,8,6,4,0,0,6,4,0.3333
4,172.0000,12,27,735.7701,-85.3271,0.2053,4,0.1000,1.0000,8,8,8,0,0,8,8,0.0000
4,172.0000,12,29,719.8140,-84.9261,0.7637,5,0.1250,0.8750,8,8,8,0,0,8,8,0.0000
4,172.0000,12,34,416.7655,-82.5238,-0.7036,14,0.3500,0.5000,6,7,5,0,0,7,5,0.2857
4,172.0000,12,36,602.5569,-84.1550,0.0704,7,0.1750,0.8889,9,8,7,0,0,8,7,0.1250
4,172.0000,12,45,220.2676,-78.8717,0.9992,25,0.6250,0.5714,7,4,0,0,0,4,0,1.0000
4,172.0000,13,1,875.1921,-86.1139,-0.1019,4,0.1000,1.0000,8,8,8,0,0,8,8,0.0000
4,172.0000,13,3,600.4776,-84.0446,-0.0807,7,0.1750,0.7143,7,5,4,0,0,5,4,0.2000
4,172.0000,13,6,986.3552,-88.9199,-0.5164,3,0.0750,1.0000,2,4,4,0,0,4,4,0.0000
4,172.0000,13,7,417.2398,-78.6767,-1.1533,14,0.3500,0.6667,6,7,5,0,0,7,5,0.2857
4,172.0000,13,8,357.4136,-80.7247,0.0776,21,0.5250,0.7000,10,6,3,0,0,6,3,0.5000
4,172.0000,13,9,375.9574,-79.2833,-0.3517,14,0.3500,0.7500,8,8,8,0,0,8,8,0.0000
4,172.0000,13,10,179.8935,-77.7747,1.5652,27,0.6750,0.7143,7,4,0,0,0,4,0,1.0000
4,172.0000,13,14,926.7057,-88.2072,-0.4856,3,0.0750,1.0000,2,8,8,0,0,8,8,0.0000
4,172.0000,13,16,327.9296,-77.9815,-0.3428,20,0.5000,0.5000,6,5,3,0,0,5,3,0.4000
4,172.0000,13,18,520.1996,-83.7384,-0.3833,8,0.2000,0.8750,8,4,4,0,0,4,4,0.0000
4,172.0000,13,19,789.2613,-87.7587,-0.8276,3,0.0750,1.0000,8,3,2,0,0,3,2,0.3333
4,172.0000,13,20,744.9314,-85.3239,0.9825,3,0.0750,0.8333,6,7,6,0,0,7,6,0.1429
4,172.0000,13,21,720.0966,-86.2591,0.9791,5,0.1250,1.0000,2,8,8,0,0,8,8,0.0000
4,172.0000,13,22,814.9573,-86.9915,-0.2393,3,0.0750,1.0000,6,8,8,0,0,8,8,0.0000
4,172.0000,13,23,491.2715,-82.1285,-1.2683,6,0.1500,0.7778,9,8,8,0,0,8,8,0.0000
4,172.0000,13,24,978.0779,-86.8502,-0.0398,3,0.0750,1.0000,4,4,4,0,0,4,4,0.0000
4,172.0000,13,26,695.0723,-87.0813,0.5343,6,0.1500,0.7500,4,3,2,0,0,3,2,0.3333
4,172.0000,13,28,312.1054,-79.9467,0.7193,21,0.5250,0.8571,7,7,4,0,0,7,4,0.4286
4,172.0000,13,30,411.5091,-83.1165,0.6400,14,0.3500,0.6667,9,8,8,0,0,8,8,0.0000
4,172.0000,13,31,154.1962,-73.7308,0.6196,33,0.8250,0.0000,4,4,0,0,0,4,0,1.0000
4,172.0000,13,32,631.0039,-85.6413,-0.5851,6,0.1500,1.0000,8,8,8,0,0,8,8,0.0000
4,172.0000,13,37,418.6056,-80.8325,-0.4620,11,0.2750,0.4000,5,8,7,0,0,8,7,0.1250
4,172.0000,13,38,452.7008,-80.5972,-0.6464,12,0.3000,1.0000,8,8,7,0,0,8,7,0.1250
4,172.0000,13,39,497.7166,-84.7988,-2.4129,6,0.1500,0.7143,7,8,7,0,0,8,7,0.1250
4,172.0000,13,40,491.9524,-83.6070,0.4439,7,0.1750,1.0000,8,6,3,0,0,6,3,0.5000
4,172.0000,13,41,537.2283,-83.2961,0.2803,7,0.1750,1.0000,8,6,4,0,0,6,4,0.3333
4,172.0000,13,43,865.8029,-86.2191,0.1103,3,0.0750,1.0000,6,8,8,0,0,8,8,0.0000
4,172.0000,13,44,146.6814,-74.2640,0.9342,36,0.9000,0.4000,5,4,0,0,0,4,0,1.0000
4,172.0000,13,45,872.2387,-87.6356,0.0384,4,0.1000,,0,2,2,0,0,2,2,0.0000
4,172.0000,13,46,623.0281,-84.4134,0.1013,8,0.2000,1.0000,8,8,8,0,0,8,8,0.0000
4,172.0000,13,47,242.0262,-73.5886,-1.5241,28,0.7000,0.4000,5,6,3,0,0,6,3,0.5000
4,172.0000,14,2,467.5057,-83.2793,0.3420,21,0.5250,1.0000,8,7,6,0,0,7,6,0.1429
4,172.0000,14,4,495.9961,-83.7431,-0.7050,22,0.5500,0.6667,6,7,4,0,0,7,4,0.4286
4,172.0000,14,6,921.6242,-88.2694,-0.7519,4,0.1000,1.0000,6,8,8,0,0,8,8,0.0000
4,172.0000,14,8,793.3550,-86.7086,0.0611,4,0.1000,1.0000,8,8,8,0,0,8,8,0.0000
4,172.0000,14,11,299.1943,-79.0451,-0.2509,35,0.8750,0.5000,6,4,0,0,0,4,0,1.0000
4,172.0000,14,15,333.7831,-78.6573,-0.3649,26,0.6500,0.6667,6,6,2,0,0,6,2,0.6667
4,172.0000,14,17,449.2733,-82.2281,-0.4583,22,0.5500,0.8889,9,6,4,0,0,6,4,0.3333
4,172.0000,14,24,710.2848,-84.9672,-0.4696,9,0.2250,0.8571,7,8,8,0,0,8,8,0.0000
4,172.0000,14,28,659.8763,-83.7481,-0.1865,9,0.2250,1.0000,8,8,8,0,0,8,8,0.0000
4,172.0000,14,30,609.0333,-85.2902,-1.2235,7,0.1750,1.0000,8,8,8,0,0,8,8,0.0000
4,172.0000,14,35,564.7718,-84.8693,-0.4118,10,0.2500,0.8571,7,7,5,0,0,7,5,0.2857
4,172.0000,14,37,829.2307,-87.4434,-1.0267,3,0.0750,0.8750,8,8,8,0,0,8,8,0.0000
4,172.0000,14,38,695.1942,-87.1280,-0.6682,5,0.1250,1.0000,8,8,8,0,0,8,8,0.0000
4,172.0000,14,42,1026.6312,-88.6870,2.5357,3,0.0750,1.0000,2,6,6,0,0,6,6,0.0000
4,172.0000,14,44,927.6077,-87.2113,-0.8826,4,0.1000,1.0000,8,8,8,0,0,8,8,0.0000
4,172.0000,14,46,347.7982,-78.5362,-0.4596,21,0.5250,0.5000,6,7,4,0,0,7,4,0.4286
4,172.0000,14,47,778.5028,-87.3070,1.6139,3,0.0750,1.0000,8,8,8,0,0,8,8,0.0000
4,172.0000,15,2,363.6257,-81.4109,0.5825,27,0.6750,0.5000,6,6,4,0,0,6,4,0.3333
4,172.0000,15,4,499.6030,-83.8966,0.2093,23,0.5750,0.4000,5,7,6,0,0,7,6,0.1429
4,172.0000,15,6,607.8917,-84.7241,0.4850,4,0.1000,0.8571,7,7,6,0,0,7,6,0.1429
4,172.0000,15,11,271.6066,-75.2786,-1.3784,40,1.0000,0.2000,5,6,4,0,0,6,4,0.3333
4,172.0000,15,14,333.7831,-78.7446,-0.0897,30,0.7500,0.3333,6,4,0,0,0,4,0,1.0000
4,172.0000,15,17,410.2411,-81.8911,-0.4720,27,0.6750,0.6667,6,6,3,0,0,6,3,0.5000
4,172.0000,15,24,380.3407,-80.3612,0.0473,16,0.4000,0.5714,7,7,6,0,0,7,6,0.1429
4,172.0000,15,30,672.6249,-84.3692,-0.5107,5,0.1250,0.9000,10,8,7,0,0,8,7,0.1250
4,172.0000,15,33,758.7731,-86.4460,-0.1397,6,0.1500,1.0000,8,8,8,0,0,8,8,0.0000
4,172.0000,15,35,300.8256,-79.5110,-0.0637,33,0.8250,0.7143,7,6,3,0,0,6,3,0.5000
4,172.0000,15,42,706.9641,-84.9584,-0.5330,5,0.1250,1.0000,8,8,8,0,0,8,8,0.0000
4,172.0000,15,46,322.0116,-78.7521,-0.2011,26,0.6500,0.6667,6,6,3,0,0,6,3,0.5000
4,172.0000,16,1,750.0766,-84.7429,0.8169,5,0.1250,0.8571,7,8,8,0,0,8,8,0.0000
4,172.0000,16,3,388.8568,-81.8720,0.1194,16,0.4000,1.0000,8,7,5,0,0,7,5,0.2857
4,172.0000,16,5,920.0935,-88.0630,-0.8395,5,0.1250,,0,8,8,0,0,8,8,0.0000
4,172.0000,16,6,837.0578,-87.9529,0.1057,5,0.1250,1.0000,4,6,6,0,0,6,6,0.0000
4,172.0000,16,7,247.7621,-77.0927,0.1616,29,0.7250,0.5455,22,4,0,0,0,4,0,1.0000
4,172.0000,16,8,427.3107,-83.3217,0.0529,14,0.3500,1.0000,4,8,7,10,6,18,13,0.2778
4,172.0000,16,9,99.5037,-69.4543,1.4929,39,0.9750,0.0000,3,4,0,1,0,5,0,1.0000
4,172.0000,16,10,463.1045,-82.7214,0.2775,13,0.3250,0.7143,7,7,6,0,0,7,6,0.1429
4,172.0000,16,13,327.9296,-78.1637,-0.7635,25,0.6250,0.5000,6,7,6,0,0,7,6,0.1429
4,172.0000,16,15,960.2484,-87.6470,0.8179,3,0.0750,,0,4,4,0,0,4,4,0.0000
4,172.0000,16,18,611.5798,-84.0880,-0.2134,11,0.2750,0.5000,6,5,4,0,0,5,4,0.2000
4,172.0000,16,19,517.9412,-83.9399,1.2844,10,0.2500,1.0000,8,7,5,0,0,7,5,0.2857
4,172.0000,16,20,502.9640,-83.8005,0.0189,12,0.3000,0.8750,8,8,7,0,0,8,7,0.1250
4,172.0000,16,21,806.9042,-86.4569,-0.8198,7,0.1750,1.0000,6,8,8,0,0,8,8,0.0000
4,172.0000,16,22,523.9236,-83.5817,-0.2196,12,0.3000,1.0000,8,7,4,0,0,7,4,0.4286
4,172.0000,16,23,259.6596,-78.2602,0.5368,26,0.6500,0.5714,7,6,2,0,0,6,2,0.6667
4,172.0000,16,24,895.6690,-88.1240,0.5232,3,0.0750,1.0000,2,4,4,0,0,4,4,0.0000
4,172.0000,16,25,657.5260,-85.8808,0.1933,11,0.2750,0.8571,7,8,8,0,0,8,8,0.0000
4,172.0000,16,26,792.7651,-86.6928,-0.6548,5,0.1250,1.0000,8,2,2,0,0,2,2,0.0000
4,172.0000,16,27,965.1722,-89.2366,0.2352,4,0.1000,0.8000,5,2,2,0,0,2,2,0.0000
4,172.0000,16,28,576.2197,-85.0998,0.1275,10,0.2500,0.8750,8,7,6,0,0,7,6,0.1429
4,172.0000,16,30,622.3071,-84.7086,0.3559,9,0.2250,1.0000,8,7,6,0,0,7,6,0.1429
4,172.0000,16,31,472.8013,-81.2269,-1.0789,21,0.5250,0.7143,7,7,6,0,0,7,6,0.1429
4,172.0000,16,32,455.7332,-81.4076,-0.9617,14,0.3500,0.5000,6,5,4,0,0,5,4,0.2000
4,172.0000,16,33,798.5394,-86.4980,0.7735,7,0.1750,,0,6,6,0,0,6,6,0.0000
4,172.0000,16,37,314.8835,-80.7208,0.6404,19,0.4750,0.7143,7,6,4,0,0,6,4,0.3333
4,172.0000,16,38,419.4523,-81.3946,0.4642,14,0.3500,0.0000,4,8,7,0,0,8,7,0.1250
4,172.0000,16,39,217.2945,-78.7644,1.2149,20,0.5000,0.7143,7,4,0,0,0,4,0,1.0000
4,172.0000,16,40,625.0624,-84.6192,-0.3157,12,0.3000,0.8750,8,2,2,0,0,2,2,0.0000
4,172.0000,16,41,209.8420,-77.1305,1.4451,27,0.6750,0.5000,6,4,0,0,0,4,0,1.0000
4,172.0000,16,43,548.4314,-83.5177,-0.9782,13,0.3250,0.8571,7,7,6,0,0,7,6,0.1429
4,172.0000,16,44,416.6978,-82.2621,-0.4420,19,0.4750,0.8611,144,7,6,124,109,131,115,0.1221
4,172.0000,16,45,865.7104,-87.5036,0.1788,6,0.1500,0.8333,6,4,4,0,0,4,4,0.0000
4,172.0000,16,46,736.3046,-85.4283,0.3533,6,0.1500,0.7143,7,8,7,0,0,8,7,0.1250
4,172.0000,16,47,307.6822,-78.0136,-0.3644,27,0.6750,0.5000,8,5,2,0,0,5,2,0.6000
4,172.0000,17,2,118.2549,-70.4400,0.6371,36,0.9000,0.0000,4,5,1,0,0,5,1,0.8000
4,172.0000,17,3,933.2359,-89.0762,0.9786,4,0.1000,1.0000,8,8,8,0,0,8,8,0.0000
4,172.0000,17,4,140.3774,-75.0944,1.5866,37,0.9250,0.0000,4,4,0,0,0,4,0,1.0000
4,172.0000,17,6,909.8568,-87.7278,3.0435,3,0.0750,1.0000,6,8,8,0,0,8,8,0.0000
4,172.0000,17,8,820.5080,-87.6357,-0.4578,6,0.1500,1.0000,8,8,8,0,0,8,8,0.0000
4,172.0000,17,11,321.4290,-80.1888,0.3203,30,0.7500,0.3333,6,5,1,0,0,5,1,0.8000
4,172.0000,17,14,449.2733,-82.1217,0.4987,24,0.6000,0.5000,6,7,6,0,0,7,6,0.1429
4,172.0000,17,15,410.2411,-81.3345,-0.6369,24,0.6000,0.8571,7,7,5,0,0,7,5,0.2857
4,172.0000,17,20,983.5139,-87.8587,-2.2181,4,0.1000,1.0000,6,8,8,0,0,8,8,0.0000
4,172.0000,17,24,669.0015,-84.5424,0.2221,11,0.2750,1.0000,8,8,7,0,0,8,7,0.1250
4,172.0000,17,28,858.2933,-87.6859,-1.7744,4,0.1000,1.0000,8,8,8,0,0,8,8,0.0000
4,172.0000,17,30,742.0727,-84.8370,0.1851,6,0.1500,1.0000,8,8,8,0,0,8,8,0.0000
4,172.0000,17,35,510.8716,-84.7214,0.2398,15,0.3750,0.6667,6,7,6,0,0,7,6,0.1429
4,172.0000,17,38,771.6999,-87.3190,0.6180,6,0.1500,1.0000,8,7,6,0,0,7,6,0.1429
4,172.0000,17,42,800.0826,-86.9969,0.6778,9,0.2250,1.0000,8,8,8,0,0,8,8,0.0000
4,172.0000,17,46,515.4653,-82.2995,1.3032,15,0.3750,1.0000,8,8,8,0,0,8,8,0.0000
4,172.0000,18,1,515.5901,-84.9897,0.0227,14,0.3500,0.8571,7,8,8,0,0,8,8,0.0000
4,172.0000,18,5,615.8287,-85.6872,0.5314,11,0.2750,1.0000,6,8,7,0,0,8,7,0.1250
4,172.0000,18,7,724.3120,-83.5577,0.3773,4,0.1000,1.0000,8,8,8,0,0,8,8,0.0000
4,172.0000,18,8,831.5563,-87.0824,-0.2517,3,0.0750,1.0000,6,8,8,0,0,8,8,0.0000
4,172.0000,18,9,616.7234,-86.7757,-0.6831,5,0.1250,1.0000,8,5,4,0,0,5,4,0.2000
4,172.0000,18,10,469.0964,-80.9954,-0.6851,12,0.3000,1.0000,8,7,6,0,0,7,6,0.1429
4,172.0000,18,12,572.3341,-86.0497,0.4000,11,0.2750,1.0000,4,7,5,0,0,7,5,0.2857
4,172.0000,18,13,520.1996,-83.1642,0.0699,7,0.1750,0.8571,7,8,8,0,0,8,8,0.0000
4,172.0000,18,16,611.5798,-83.1258,-2.2867,6,0.1500,1.0000,8,8,8,0,0,8,8,0.0000
4,172.0000,18,19,736.2486,-86.4397,-0.5863,3,0.0750,0.8750,8,8,8,0,0,8,8,0.0000
4,172.0000,18,21,469.6221,-82.4274,-0.4410,16,0.4000,0.6667,6,8,8,0,0,8,8,0.0000
4,172.0000,18,23,802.2272,-87.1008,-3.3893,3,0.0750,1.0000,8,8,8,0,0,8,8,0.0000
4,172.0000,18,26,272.8765,-80.3207,0.8103,31,0.7750,0.7500,8,5,1,0,0,5,1,0.8000
4,172.0000,18,27,922.5272,-87.9656,0.3812,7,0.1750,1.0000,8,8,8,0,0,8,8,0.0000
4,172.0000,18,29,749.0228,-87.6486,-0.4544,7,0.1750,1.0000,8,6,6,0,0,6,6,0.0000
4,172.0000,18,30,900.0455,-88.4928,-0.3201,3,0.0750,1.0000,8,4,4,0,0,4,4,0.0000
4,172.0000,18,31,539.6356,-84.6027,-0.5612,8,0.2000,1.0000,8,8,8,0,0,8,8,0.0000
4,172.0000,18,32,456.0899,-83.7579,0.8506,11,0.2750,0.8571,7,8,8,0,0,8,8,0.0000
4,172.0000,18,36,745.4323,-86.0621,-0.0772,5,0.1250,1.0000,6,8,8,0,0,8,8,0.0000
4,172.0000,18,37,845.7407,-86.6229,-0.6750,4,0.1000,0.6667,3,8,8,0,0,8,8,0.0000
4,172.0000,18,38,936.7628,-88.0837,0.3730,3,0.0750,1.0000,8,6,6,0,0,6,6,0.0000
4,172.0000,18,39,772.1647,-84.7857,-2.6430,3,0.0750,1.0000,8,8,7,0,0,8,7,0.1250
4,172.0000,18,40,377.5718,-80.5187,-0.5704,17,0.4250,0.5000,6,7,6,0,0,7,6,0.1429
4,172.0000,18,44,557.3629,-85.2425,-0.2486,6,0.1500,0.7143,7,8,8,0,0,8,8,0.0000
4,172.0000,18,45,493.4898,-83.9623,-0.2841,15,0.3750,0.8750,8,7,6,0,0,7,6,0.1429
4,172.0000,18,47,734.5416,-83.6858,-0.5472,4,0.1000,1.0000,8,8,8,0,0,8,8,0.0000
4,172.0000,19,1,494.2455,-83.3364,-0.4500,11,0.2750,0.8750,8,8,5,0,0,8,5,0.3750
4,172.0000,19,5,639.6796,-86.8105,-0.9433,8,0.2000,0.8000,5,7,6,0,0,7,6,0.1429
4,172.0000,19,7,560.8295,-84.4121,0.3825,3,0.0750,1.0000,6,10,10,0,0,10,10,0.0000
4,172.0000,19,9,507.2444,-84.7183,1.1955,3,0.0750,0.8571,7,7,6,0,0,7,6,0.1429
4,172.0000,19,12,910.5364,-88.0576,-0.7892,4,0.1000,1.0000,2,4,4,0,0,4,4,0.0000
4,172.0000,19,13,789.2613,-88.0706,0.1281,3,0.0750,1.0000,6,8,8,0,0,8,8,0.0000
4,172.0000,19,18,736.2486,-86.9858,0.0333,5,0.1250,1.0000,8,8,8,0,0,8,8,0.0000
4,172.0000,19,22,656.5027,-83.4519,1.2163,4,0.1000,1.0000,8,6,6,0,0,6,6,0.0000
4,172.0000,19,23,631.9920,-84.7577,-0.1620,5,0.1250,1.0000,8,7,6,0,0,7,6,0.1429
4,172.0000,19,25,190.1189,-74.5396,0.1870,33,0.8250,0.0000,4,5,1,0,0,5,1,0.8000
4,172.0000,19,27,530.2241,-84.3857,-0.8403,19,0.4750,0.7500,8,7,6,0,0,7,6,0.1429
4,172.0000,19,29,346.0282,-80.7089,1.2779,25,0.6250,1.0000,8,4,0,0,0,4,0,1.0000
4,172.0000,19,32,312.5214,-80.0162,0.8830,17,0.4250,0.8571,7,7,5,0,0,7,5,0.2857
4,172.0000,19,34,777.1318,-87.8871,0.2521,5,0.1250,1.0000,8,8,8,0,0,8,8,0.0000
4,172.0000,19,36,477.2779,-82.7485,0.5193,14,0.3500,0.8571,7,8,7,0,0,8,7,0.1250
4,172.0000,19,39,472.6333,-83.2988,-1.9090,6,0.1500,0.8571,7,8,8,0,0,8,8,0.0000
4,172.0000,19,41,377.9921,-80.6904,-1.5554,8,0.2000,0.8571,7,7,6,0,0,7,6,0.1429
4,172.0000,19,43,263.1754,-77.4068,-0.4948,25,0.6250,0.0000,3,5,2,0,0,5,2,0.6000
4,172.0000,20,3,150.3280,-73.5462,0.4834,25,0.6250,0.0000,4,5,1,0,0,5,1,0.8000
4,172.0000,20,6,437.6023,-81.9542,-0.2036,19,0.4750,0.7143,7,8,8,0,0,8,8,0.0000
4,172.0000,20,7,453.1191,-83.8270,3.0082,4,0.1000,0.8750,8,6,4,0,0,6,4,0.3333
4,172.0000,20,8,626.5823,-84.9831,0.5648,3,0.0750,1.0000,4,7,6,0,0,7,6,0.1429
4,172.0000,20,9,526.4397,-83.2691,0.4499,4,0.1000,0.7143,7,8,6,0,0,8,6,0.2500
4,172.0000,20,13,744.9314,-86.4155,1.2719,3,0.0750,1.0000,8,7,6,0,0,7,6,0.1429
4,172.0000,20,19,732.5338,-87.3098,0.5319,4,0.1000,1.0000,8,4,4,0,0,4,4,0.0000
4,172.0000,20,22,257.3245,-78.0121,0.1922,31,0.7750,0.2000,5,5,2,0,0,5,2,0.6000
4,172.0000,20,23,435.8763,-82.5215,0.4544,7,0.1750,0.7143,7,7,6,0,0,7,6,0.1429
4,172.0000,20,24,544.1288,-84.0465,0.5486,10,0.2500,0.8750,8,8,8,0,0,8,8,0.0000
4,172.0000,20,33,303.7066,-77.0536,-0.8226,32,0.8000,0.1600,25,7,5,0,0,7,5,0.2857
4,172.0000,20,35,893.1914,-87.2599,5.1249,3,0.0750,1.0000,8,6,6,0,0,6,6,0.0000
4,172.0000,20,37,378.7453,-81.7088,-0.5378,9,0.2250,0.8750,8,7,6,0,0,7,6,0.1429
4,172.0000,20,38,416.5658,-83.2517,-1.1154,7,0.1750,0.5000,6,7,6,0,0,7,6,0.1429
4,172.0000,20,39,357.1267,-80.8604,0.3134,8,0.2000,0.9178,146,7,5,137,119,144,124,0.1389
4,172.0000,20,41,434.4750,-81.9689,1.3511,6,0.1500,1.0000,8,8,7,0,0,8,7,0.1250
4,172.0000,20,42,733.3948,-84.6907,0.3437,7,0.1750,1.0000,8,6,6,0,0,6,6,0.0000
4,172.0000,20,43,620.7715,-85.7671,-3.2499,5,0.1250,1.0000,8,8,8,0,0,8,8,0.0000
4,172.0000,20,44,818.4823,-85.5694,0.4080,3,0.0750,0.8571,7,6,6,0,0,6,6,0.0000
4,172.0000,20,47,550.7541,-82.1091,5.7814,5,0.1250,0.8571,7,8,7,0,0,8,7,0.1250
4,172.0000,21,1,699.5222,-86.7193,-0.3568,6,0.1500,1.0000,8,8,8,0,0,8,8,0.0000
4,172.0000,21,5,767.1418,-87.5879,-0.6494,4,0.1000,0.8750,8,8,8,0,0,8,8,0.0000
4,172.0000,21,9,759.1430,-87.9873,2.1865,3,0.0750,1.0000,8,8,8,0,0,8,8,0.0000
4,172.0000,21,10,589.6249,-83.1123,0.2548,7,0.1750,0.7500,8,7,6,0,0,7,6,0.1429
4,172.0000,21,12,504.0914,-84.1335,0.7090,10,0.2500,1.0000,8,8,8,0,0,8,8,0.0000
4,172.0000,21,16,806.9042,-85.1770,-0.3665,3,0.0750,1.0000,8,8,8,0,0,8,8,0.0000
4,172.0000,21,18,469.6221,-82.4465,-0.5353,7,0.1750,1.0000,8,7,6,0,0,7,6,0.1429
4,172.0000,21,26,261.0515,-78.4235,0.4407,30,0.7500,0.0000,4,4,0,0,0,4,0,1.0000
4,172.0000,21,31,683.7391,-85.5597,0.8061,6,0.1500,1.0000,8,8,8,0,0,8,8,0.0000
4,172.0000,21,32,674.4206,-84.7313,-0.1616,6,0.1500,0.8750,8,4,4,0,0,4,4,0.0000
4,172.0000,21,34,865.5597,-87.6311,6.4152,3,0.0750,0.7500,4,2,2,0,0,2,2,0.0000
4,172.0000,21,40,233.9945,-76.6311,-0.4927,27,0.6750,0.0000,4,6,4,0,0,6,4,0.3333
4,172.0000,21,44,658.1537,-85.3238,-3.9083,5,0.1250,1.0000,8,7,6,0,0,7,6,0.1429
4,172.0000,21,45,310.3341,-78.7621,-1.1621,26,0.6500,0.5714,7,6,3,0,0,6,3,0.5000
4,172.0000,22,3,339.6697,-78.3701,-0.2003,18,0.4500,1.0000,10,8,7,0,0,8,7,0.1250
4,172.0000,22,6,677.3011,-84.3182,0.6039,7,0.1750,0.8750,8,6,6,0,0,6,6,0.0000
4,172.0000,22,7,575.2850,-84.9461,0.1323,6,0.1500,1.0000,8,8,7,0,0,8,7,0.1250
4,172.0000,22,8,685.4048,-86.0024,1.2282,3,0.0750,1.0000,8,7,6,0,0,7,6,0.1429
4,172.0000,22,9,499.6776,-82.5993,0.0266,10,0.2500,1.0000,8,8,8,0,0,8,8,0.0000
4,172.0000,22,16,523.9236,-83.5730,-0.2827,5,0.1250,0.6667,6,5,4,0,0,5,4,0.2000
4,172.0000,22,19,656.5027,-84.9574,1.0130,5,0.1250,0.7143,7,8,8,0,0,8,8,0.0000
4,172.0000,22,20,257.3245,-78.0636,0.6660,28,0.7000,0.8571,7,7,5,0,0,7,5,0.2857
4,172.0000,22,23,374.5760,-79.7507,-0.9504,16,0.4000,0.5714,7,8,7,0,0,8,7,0.1250
4,172.0000,22,24,781.9812,-86.1570,0.4526,4,0.1000,1.0000,6,6,6,0,0,6,6,0.0000
4,172.0000,22,25,790.0345,-84.9201,0.8471,4,0.1000,0.8571,7,8,8,0,0,8,8,0.0000
4,172.0000,22,28,955.4127,-87.3337,-0.1456,3,0.0750,1.0000,4,8,8,0,0,8,8,0.0000
4,172.0000,22,30,929.5435,-87.4192,0.6031,3,0.0750,1.0000,6,3,2,0,0,3,2,0.3333
4,172.0000,22,32,784.6846,-85.8267,-2.4640,3,0.0750,0.8571,7,6,6,0,0,6,6,0.0000
4,172.0000,22,33,477.3033,-82.8995,0.5370,13,0.3250,0.8750,8,8,7,0,0,8,7,0.1250
4,172.0000,22,37,548.7232,-82.6086,0.6900,6,0.1500,1.0000,8,6,6,0,0,6,6,0.0000
4,172.0000,22,38,595.9267,-83.9793,11.3903,3,0.0750,1.0000,8,8,8,0,0,8,8,0.0000
4,172.0000,22,39,428.3649,-82.2135,0.7776,11,0.2750,0.8750,8,8,8,0,0,8,8,0.0000
4,172.0000,22,41,386.0595,-80.9406,0.6310,15,0.3750,0.8000,5,10,9,0,0,10,9,0.1000
4,172.0000,22,42,889.5001,-87.6390,-6.8011,4,0.1000,1.0000,8,5,4,0,0,5,4,0.2000
4,172.0000,22,43,469.1230,-82.1291,0.0039,15,0.3750,0.8571,7,9,7,0,0,9,7,0.2222
4,172.0000,22,47,676.5475,-84.3864,-0.3079,5,0.1250,0.8750,8,8,7,0,0,8,7,0.1250
4,172.0000,23,1,884.6005,-87.5722,-0.9172,8,0.2000,1.0000,8,2,2,0,0,2,2,0.0000
4,172.0000,23,3,362.2278,-79.6694,1.2326,14,0.3500,0.2000,5,7,6,0,0,7,6,0.1429
4,172.0000,23,6,838.3603,-87.9227,-0.5569,8,0.2000,0.8750,8,8,8,0,0,8,8,0.0000
4,172.0000,23,7,446.4762,-83.3566,0.8485,16,0.4000,0.8571,7,8,8,0,0,8,8,0.0000
4,172.0000,23,8,380.1365,-82.5217,0.1564,13,0.3250,0.8571,7,8,5,0,0,8,5,0.3750
4,172.0000,23,9,203.2611,-74.5002,0.4256,30,0.7500,0.2000,5,7,3,0,0,7,3,0.5714
4,172.0000,23,10,589.3841,-86.5400,-0.1516,11,0.2750,1.0000,8,8,7,0,0,8,7,0.1250
4,172.0000,23,13,491.2715,-83.7497,0.2730,15,0.3750,1.0000,8,7,6,0,0,7,6,0.1429
4,172.0000,23,16,259.6596,-78.3232,0.5327,25,0.6250,0.8571,7,5,1,0,0,5,1,0.8000
4,172.0000,23,18,802.2272,-86.7045,-0.0754,9,0.2250,1.0000,8,4,3,0,0,4,3,0.2500
4,172.0000,23,19,631.9920,-85.4184,0.0891,13,0.3250,1.0000,8,8,8,0,0,8,8,0.0000
4,172.0000,23,20,435.8763,-83.4611,0.5281,13,0.3250,0.8736,87,7,6,0,0,7,6,0.1429
4,172.0000,23,21,866.2487,-87.5081,0.3044,8,0.2000,1.0000,4,6,6,0,0,6,6,0.0000
4,172.0000,23,22,374.5760,-79.0905,-0.9838,25,0.6250,0.7143,7,8,8,0,0,8,8,0.0000
4,172.0000,23,24,874.1846,-87.6123,-1.3129,5,0.1250,1.0000,2,4,4,0,0,4,4,0.0000
4,172.0000,23,25,750.8996,-86.0614,-1.2058,10,0.2500,0.8750,8,6,6,0,0,6,6,0.0000
4,172.0000,23,26,924.4448,-88.2826,1.0555,4,0.1000,1.0000,6,8,8,0,0,8,8,0.0000
4,172.0000,23,27,1031.2774,-88.8134,-0.6419,3,0.0750,1.0000,6,4,4,0,0,4,4,0.0000
4,172.0000,23,28,655.5698,-86.7776,1.1856,10,0.2500,1.0000,8,7,6,0,0,7,6,0.1429
4,172.0000,23,29,910.8896,-88.1995,0.0147,6,0.1500,1.0000,4,2,2,0,0,2,2,0.0000
4,172.0000,23,30,641.6355,-85.9563,1.0663,8,0.2000,1.0000,8,8,8,0,0,8,8,0.0000
4,172.0000,23,31,601.5702,-85.5599,-0.0438,11,0.2750,1.0000,8,8,7,0,0,8,7,0.1250
4,172.0000,23,32,597.5245,-83.7849,0.0313,14,0.3500,0.7500,8,8,8,0,0,8,8,0.0000
4,172.0000,23,33,730.0884,-86.0963,0.7345,11,0.2750,1.0000,4,8,8,0,0,8,8,0.0000
4,172.0000,23,37,417.1214,-81.9278,0.4173,15,0.3750,0.7143,7,6,3,0,0,6,3,0.5000
4,172.0000,23,38,453.6349,-83.0010,-1.0501,13,0.3250,1.0000,8,6,4,0,0,6,4,0.3333
4,172.0000,23,39,349.3839,-80.2548,-0.0751,16,0.4000,0.9365,63,7,4,132,109,139,113,0.1871
4,172.0000,23,40,705.7669,-86.1844,0.6024,12,0.3000,0.6667,6,4,3,0,0,4,3,0.2500
4,172.0000,23,41,270.5666,-77.4901,-0.1846,25,0.6250,0.2000,5,7,5,0,0,7,5,0.2857
4,172.0000,23,43,547.4894,-83.9703,-0.6602,18,0.4500,0.7500,8,6,3,0,0,6,3,0.5000
4,172.0000,23,44,515.0670,-84.4437,0.1112,13,0.3250,0.6667,6,8,8,0,0,8,8,0.0000
4,172.0000,23,45,941.7773,-88.0011,-1.6373,4,0.1000,0.8000,5,8,8,0,0,8,8,0.0000
4,172.0000,23,46,753.6714,-88.5975,0.2561,5,0.1250,0.8000,5,8,8,0,0,8,8,0.0000
4,172.0000,23,47,426.4316,-81.5682,0.4260,17,0.4250,0.6667,6,7,6,0,0,7,6,0.1429
4,172.0000,24,2,596.2599,-85.3078,0.5530,13,0.3171,1.0000,8,8,7,0,0,8,7,0.1250
4,172.0000,24,3,546.9933,-83.8541,-0.0936,6,0.1463,1.0000,8,7,5,0,0,7,5,0.2857
4,172.0000,24,4,767.4861,-86.8657,0.4475,8,0.1951,0.8571,7,8,7,0,0,8,7,0.1250
4,172.0000,24,6,251.8697,-79.6265,1.0127,28,0.6829,0.2500,4,7,5,0,0,7,5,0.2857
4,172.0000,24,11,600.0382,-84.2703,-0.4215,17,0.4146,0.8571,7,8,7,0,0,8,7,0.1250
4,172.0000,24,14,710.2848,-85.8543,-0.9444,9,0.2195,0.8571,7,6,6,0,0,6,6,0.0000
4,172.0000,24,15,380.3407,-80.2257,0.2379,23,0.5610,0.5000,6,6,4,0,0,6,4,0.3333
4,172.0000,24,17,669.0015,-85.5366,-0.3152,13,0.3171,0.8571,7,7,6,0,0,7,6,0.1429
4,172.0000,24,20,544.1288,-84.8653,-0.1682,11,0.2683,1.0000,8,8,8,0,0,8,8,0.0000
4,172.0000,24,22,781.9812,-86.9972,-1.2292,3,0.0732,1.0000,8,8,8,0,0,8,8,0.0000
4,172.0000,24,30,867.2817,-85.1773,-1.1676,4,0.0976,0.6667,6,8,8,0,0,8,8,0.0000
4,172.0000,24,33,414.4299,-81.9047,-0.8823,20,0.4878,1.0000,8,5,2,0,0,5,2,0.6000
4,172.0000,24,35,366.6471,-80.1561,0.4719,24,0.5854,0.5000,6,5,2,0,0,5,2,0.6000
4,172.0000,24,37,602.9337,-82.3074,-0.0997,7,0.1707,1.0000,8,8,8,0,0,8,8,0.0000
4,172.0000,24,38,531.0552,-83.8154,0.4181,13,0.3171,1.0000,8,8,8,0,0,8,8,0.0000
4,172.0000,24,42,432.0934,-82.7017,0.5383,19,0.4634,0.6667,6,8,8,0,0,8,8,0.0000
4,172.0000,24,46,566.2222,-82.2583,-1.5483,16,0.3902,1.0000,6,10,9,0,0,10,9,0.1000
4,172.0000,25,0,805.4457,-87.2887,0.6057,7,0.1750,1.0000,4,4,4,0,0,4,4,0.0000
4,172.0000,25,1,383.2679,-82.5341,-0.3933,14,0.3500,0.8333,6,8,4,0,0,8,4,0.5000
4,172.0000,25,5,503.6124,-85.3677,0.4221,13,0.3250,0.8750,8,8,6,0,0,8,6,0.2500
4,172.0000,25,7,735.8275,-87.0968,-2.7907,3,0.0750,1.0000,8,8,8,0,0,8,8,0.0000
4,172.0000,25,9,628.2924,-86.7406,-1.1849,6,0.1500,0.7500,8,8,8,0,0,8,8,0.0000
4,172.0000,25,10,979.9007,-88.0653,0.4171,3,0.0750,1.0000,8,8,8,0,0,8,8,0.0000
4,172.0000,25,12,802.2869,-87.5691,-0.8010,6,0.1500,0.8333,6,6,6,0,0,6,6,0.0000
4,172.0000,25,13,907.1302,-87.6634,0.8239,5,0.1250,1.0000,8,2,2,0,0,2,2,0.0000
4,172.0000,25,16,657.5260,-85.3702,0.9146,6,0.1500,1.0000,8,8,8,0,0,8,8,0.0000
4,172.0000,25,18,755.5739,-86.7219,0.0636,6,0.1500,1.0000,6,8,8,0,0,8,8,0.0000
4,172.0000,25,19,190.1189,-74.1852,-0.1610,33,0.8250,0.0000,5,6,3,0,0,6,3,0.5000
4,172.0000,25,20,901.1205,-87.1902,0.9359,4,0.1000,1.0000,6,8,8,0,0,8,8,0.0000
4,172.0000,25,22,790.0345,-86.3892,-1.0923,8,0.2000,1.0000,8,7,6,0,0,7,6,0.1429
4,172.0000,25,23,750.8996,-86.9696,-1.6975,3,0.0750,1.0000,8,6,6,0,0,6,6,0.0000
4,172.0000,25,26,879.5482,-87.9464,-0.5793,6,0.1500,1.0000,6,4,4,0,0,4,4,0.0000
4,172.0000,25,27,340.7513,-80.8222,-0.4083,26,0.6500,0.7143,7,5,2,0,0,5,2,0.6000
4,172.0000,25,29,187.6372,-77.9204,1.2831,33,0.8250,0.5714,7,4,0,0,0,4,0,1.0000
4,172.0000,25,31,1030.7133,-88.9076,0.4983,3,0.0750,1.0000,4,4,4,0,0,4,4,0.0000
4,172.0000,25,32,318.6391,-79.8674,0.8438,14,0.3500,0.8571,7,5,2,0,0,5,2,0.6000
4,172.0000,25,34,628.8491,-86.4337,0.8363,10,0.2500,0.8571,7,8,8,0,0,8,8,0.0000
4,172.0000,25,36,304.8313,-80.6489,-0.2116,25,0.6250,0.6000,5,6,2,0,0,6,2,0.6667
4,172.0000,25,37,902.0053,-87.0944,0.2350,3,0.0750,1.0000,8,6,6,0,0,6,6,0.0000
4,172.0000,25,39,648.9800,-84.4280,-0.9359,4,0.1000,1.0000,8,8,7,0,0,8,7,0.1250
4,172.0000,25,41,526.7133,-83.4791,-1.0941,9,0.2250,0.8571,7,8,8,0,0,8,8,0.0000
4,172.0000,25,43,341.7108,-78.5569,-1.0054,27,0.6750,0.2000,5,7,5,0,0,7,5,0.2857
4,172.0000,25,45,778.7082,-86.3610,-0.8011,8,0.2000,0.8750,8,8,8,0,0,8,8,0.0000
4,172.0000,25,47,953.3657,-88.3568,0.1498,3,0.0750,1.0000,8,2,2,0,0,2,2,0.0000
4,172.0000,26,0,794.8209,-86.4821,0.2806,9,0.2250,0.6667,3,8,8,0,0,8,8,0.0000
4,172.0000,26,1,573.9531,-84.1641,0.0218,12,0.3000,1.0000,8,8,8,0,0,8,8,0.0000
4,172.0000,26,5,629.0415,-85.2870,0.1170,7,0.1750,1.0000,8,8,8,0,0,8,8,0.0000
4,172.0000,26,9,769.2670,-86.4650,0.7207,3,0.0750,1.0000,8,6,6,0,0,6,6,0.0000
4,172.0000,26,10,586.8459,-83.7539,0.7334,5,0.1250,1.0000,8,8,7,0,0,8,7,0.1250
4,172.0000,26,12,412.9089,-82.6972,0.6060,20,0.5000,0.8750,8,7,5,0,0,7,5,0.2857
4,172.0000,26,18,272.8765,-78.1959,1.0919,20,0.5000,0.6667,6,7,4,0,0,7,4,0.4286
4,172.0000,26,21,261.0515,-78.5231,0.8241,30,0.7500,0.0000,4,4,0,0,0,4,0,1.0000
4,172.0000,26,25,879.5482,-88.5112,0.1361,3,0.0750,1.0000,8,7,6,0,0,7,6,0.1429
4,172.0000,26,31,674.9448,-88.8693,0.2241,3,0.0750,1.0000,6,8,8,0,0,8,8,0.0000
4,172.0000,26,32,594.1674,-85.6890,1.1010,4,0.1000,0.6667,6,8,8,0,0,8,8,0.0000
4,172.0000,26,34,722.8748,-86.0115,1.3536,8,0.2000,1.0000,8,8,8,0,0,8,8,0.0000
4,172.0000,26,36,804.9296,-86.8309,0.3442,8,0.2000,1.0000,8,6,6,0,0,6,6,0.0000
4,172.0000,26,40,314.8479,-80.3128,0.6256,16,0.4000,0.5000,6,5,2,0,0,5,2,0.6000
4,172.0000,26,45,309.1269,-79.4813,-1.0759,23,0.5750,0.4000,5,8,5,0,0,8,5,0.3750
4,172.0000,27,0,581.1472,-85.6102,-0.6444,17,0.4250,0.8750,8,7,6,0,0,7,6,0.1429
4,172.0000,27,1,418.5668,-82.6799,0.1375,15,0.3750,0.8571,7,6,4,0,0,6,4,0.3333
4,172.0000,27,5,422.4878,-82.6472,0.5782,15,0.3750,0.8750,8,8,5,0,0,8,5,0.3750
4,172.0000,27,12,735.7701,-87.0903,-0.0192,10,0.2500,1.0000,8,3,2,0,0,3,2,0.3333
4,172.0000,27,16,965.1722,-86.9120,-1.3109,4,0.1000,1.0000,8,8,8,0,0,8,8,0.0000
4,172.0000,27,18,922.5272,-85.8354,-0.9144,3,0.0750,1.0000,8,8,8,0,0,8,8,0.0000
4,172.0000,27,19,530.2241,-84.2628,0.0408,11,0.2750,0.8750,8,8,8,0,0,8,8,0.0000
4,172.0000,27,25,340.7513,-79.9052,0.5634,23,0.5750,0.5714,7,5,2,0,0,5,2,0.6000
4,172.0000,27,26,967.1873,-87.2997,0.7522,4,0.1000,1.0000,6,6,6,0,0,6,6,0.0000
4,172.0000,27,29,256.7781,-76.0576,-0.7162,35,0.8750,0.0000,4,6,2,0,0,6,2,0.6667
4,172.0000,27,32,556.6931,-84.4345,0.4469,10,0.2500,1.0000,8,5,2,0,0,5,2,0.6000
4,172.0000,27,34,474.6708,-83.3332,0.1756,24,0.6000,0.8571,7,5,2,0,0,5,2,0.6000
4,172.0000,27,36,199.0616,-76.4671,0.8915,32,0.8000,0.5000,6,5,1,0,0,5,1,0.8000
4,172.0000,27,41,843.3986,-86.8097,-1.2180,3,0.0750,1.0000,8,7,6,0,0,7,6,0.1429
4,172.0000,27,43,614.5070,-85.1635,-0.7033,8,0.2000,1.0000,8,8,8,0,0,8,8,0.0000
4,172.0000,27,45,778.5365,-86.5118,-0.7228,7,0.1750,1.0000,8,8,8,0,0,8,8,0.0000
4,172.0000,28,2,915.8237,-86.6198,-0.1333,8,0.2000,1.0000,8,8,8,0,0,8,8,0.0000
4,172.0000,28,3,694.4238,-87.2096,1.1270,6,0.1500,1.0000,8,7,5,0,0,7,5,0.2857
4,172.0000,28,4,973.0437,-88.2060,0.2328,8,0.2000,1.0000,8,2,2,0,0,2,2,0.0000
4,172.0000,28,6,993.1370,-87.7238,-0.4617,4,0.1000,1.0000,2,4,4,0,0,4,4,0.0000
4,172.0000,28,7,612.8198,-85.2980,-0.3797,6,0.1500,0.8571,7,8,7,0,0,8,7,0.1250
4,172.0000,28,8,327.6558,-78.7045,-0.3877,22,0.5500,0.5714,7,7,6,0,0,7,6,0.1429
4,172.0000,28,9,622.5480,-86.3171,0.7678,5,0.1250,1.0000,8,8,8,0,0,8,8,0.0000
4,172.0000,28,10,344.5428,-82.1436,0.4858,13,0.3250,0.7143,7,5,2,0,0,5,2,0.6000
4,172.0000,28,11,891.5324,-87.1057,-0.2381,10,0.2500,1.0000,4,2,2,0,0,2,2,0.0000
4,172.0000,28,13,312.1054,-81.7831,1.6118,13,0.3250,0.6667,6,6,4,0,0,6,4,0.3333
4,172.0000,28,14,659.8763,-85.1388,-0.4448,16,0.4000,1.0000,8,7,6,0,0,7,6,0.1429
4,172.0000,28,15,727.6916,-85.8116,0.8202,6,0.1500,1.0000,6,6,6,0,0,6,6,0.0000
4,172.0000,28,16,576.2197,-84.8223,-0.4125,6,0.1500,0.8571,7,8,8,0,0,8,8,0.0000
4,172.0000,28,17,858.2933,-86.7332,0.3058,8,0.2000,0.8571,7,4,4,0,0,4,4,0.0000
4,172.0000,28,18,789.4842,-88.0453,0.9898,3,0.0750,1.0000,8,8,8,0,0,8,8,0.0000
4,172.0000,28,20,840.2786,-89.4197,0.0551,3,0.0750,1.0000,8,6,6,0,0,6,6,0.0000
4,172.0000,28,21,916.8827,-87.9586,0.4767,3,0.0750,1.0000,2,8,8,0,0,8,8,0.0000
4,172.0000,28,23,655.5698,-87.3977,1.8524,5,0.1250,1.0000,8,5,4,0,0,5,4,0.2000
4,172.0000,28,24,906.7359,-88.8915,0.8901,4,0.1000,,0,4,4,0,0,4,4,0.0000
4,172.0000,28,30,149.8394,-72.7205,0.3314,36,0.9000,0.5000,6,4,0,0,0,4,0,1.0000
4,172.0000,28,31,255.8029,-78.7100,0.5487,22,0.5500,0.8750,8,5,1,0,0,5,1,0.8000
4,172.0000,28,32,939.7807,-87.2337,-1.0247,3,0.0750,1.0000,4,6,6,0,0,6,6,0.0000
4,172.0000,28,37,512.8967,-85.0384,0.3718,7,0.1750,1.0000,8,8,8,0,0,8,8,0.0000
4,172.0000,28,38,446.9175,-83.2928,-0.0304,11,0.2750,0.7778,9,9,9,0,0,9,9,0.0000
4,172.0000,28,39,704.3503,-85.4642,-0.0765,5,0.1250,1.0000,8,6,6,0,0,6,6,0.0000
4,172.0000,28,40,685.2395,-86.3129,1.2816,6,0.1500,1.0000,6,7,6,0,0,7,6,0.1429
4,172.0000,28,41,776.6899,-87.9884,-0.7757,5,0.1250,1.0000,8,8,8,0,0,8,8,0.0000
4,172.0000,28,44,277.5570,-78.3640,0.3016,20,0.5000,0.4000,5,7,2,0,0,7,2,0.7143
4,172.0000,28,46,408.0027,-82.5190,0.2023,20,0.5000,0.8333,6,7,3,0,0,7,3,0.5714
4,172.0000,28,47,321.5323,-79.6078,0.5063,15,0.3750,0.8750,8,5,2,0,0,5,2,0.6000
4,172.0000,29,0,672.9057,-84.7718,-0.4805,12,0.3000,0.7500,8,8,8,0,0,8,8,0.0000
4,172.0000,29,1,296.1562,-78.6451,-0.0217,23,0.5750,0.6250,8,5,1,0,0,5,1,0.8000
4,172.0000,29,5,366.4969,-81.3119,0.8366,20,0.5000,1.0000,8,6,3,0,0,6,3,0.5000
4,172.0000,29,7,861.9868,-87.8996,0.9927,3,0.0750,0.8571,7,6,6,0,0,6,6,0.0000
4,172.0000,29,12,719.8140,-86.6581,1.2997,4,0.1000,1.0000,8,8,8,0,0,8,8,0.0000
4,172.0000,29,19,346.0282,-81.8063,1.1510,16,0.4000,1.0000,8,6,4,0,0,6,4,0.3333
4,172.0000,29,25,187.6372,-76.5539,1.3991,28,0.7000,0.5000,6,5,1,0,0,5,1,0.8000
4,172.0000,29,26,856.7750,-89.2731,0.6535,3,0.0750,1.0000,4,7,6,0,0,7,6,0.1429
4,172.0000,29,27,256.7781,-76.4864,-0.8537,37,0.9250,0.0000,4,4,0,0,0,4,0,1.0000
4,172.0000,29,32,383.7972,-80.8105,0.3044,9,0.2250,1.0000,8,3,0,0,0,3,0,1.0000
4,172.0000,29,34,470.0336,-83.4722,0.3738,19,0.4750,0.8571,7,7,5,0,0,7,5,0.2857
4,172.0000,29,36,155.8896,-72.9436,0.8253,36,0.9000,0.2000,5,6,2,0,0,6,2,0.6667
4,172.0000,29,43,528.4381,-83.3370,0.3969,10,0.2500,0.8571,7,8,8,0,0,8,8,0.0000
4,172.0000,30,2,809.6731,-86.4285,-1.1857,6,0.1538,1.0000,8,8,7,0,0,8,7,0.1250
4,172.0000,30,3,685.6959,-85.2605,-0.6941,6,0.1538,1.0000,8,8,8,0,0,8,8,0.0000
4,172.0000,30,4,858.3634,-87.1393,-1.4623,4,0.1026,0.8571,7,8,8,0,0,8,8,0.0000
4,172.0000,30,7,676.9094,-85.8822,0.0720,3,0.0769,1.0000,8,7,6,0,0,7,6,0.1429
4,172.0000,30,8,269.9180,-77.2742,-0.8800,26,0.6667,0.5714,7,6,3,0,0,6,3,0.5000
4,172.0000,30,9,655.2384,-86.2875,0.7164,6,0.1538,0.8571,7,7,6,0,0,7,6,0.1429
4,172.0000,30,10,438.4295,-83.3084,0.3556,8,0.2051,0.6250,8,5,1,0,0,5,1,0.8000
4,172.0000,30,11,818.9790,-86.9648,0.8900,8,0.2051,0.8000,5,5,4,0,0,5,4,0.2000
4,172.0000,30,13,411.5091,-82.7396,-1.3114,10,0.2564,0.8750,8,7,5,0,0,7,5,0.2857
4,172.0000,30,14,609.0333,-84.8751,-0.8144,15,0.3846,0.8750,8,8,8,0,0,8,8,0.0000
4,172.0000,30,15,672.6249,-85.3606,-1.3148,6,0.1538,1.0000,6,4,4,0,0,4,4,0.0000
4,172.0000,30,16,622.3071,-85.9314,-0.2331,3,0.0769,1.0000,8,8,8,0,0,8,8,0.0000
4,172.0000,30,17,742.0727,-86.0901,-0.4347,10,0.2564,1.0000,8,6,6,0,0,6,6,0.0000
4,172.0000,30,18,900.0455,-89.1071,-0.2407,4,0.1026,1.0000,4,8,8,0,0,8,8,0.0000
4,172.0000,30,22,929.5435,-87.2305,-0.2017,3,0.0769,1.0000,4,6,6,0,0,6,6,0.0000
4,172.0000,30,23,641.6355,-85.5279,1.7545,5,0.1282,1.0000,8,7,6,0,0,7,6,0.1429
4,172.0000,30,24,867.2817,-86.5737,-0.1980,3,0.0769,1.0000,8,4,4,0,0,4,4,0.0000
4,172.0000,30,28,149.8394,-72.6273,0.0017,34,0.8718,0.2000,5,4,0,0,0,4,0,1.0000
4,172.0000,30,31,365.0320,-82.0666,-0.8190,14,0.3590,0.7143,7,7,3,0,0,7,3,0.5714
4,172.0000,30,33,1020.4066,-87.7787,1.0698,3,0.0769,1.0000,4,4,4,0,0,4,4,0.0000
4,172.0000,30,35,966.8414,-88.2670,-3.5768,3,0.0769,1.0000,2,6,6,0,0,6,6,0.0000
4,172.0000,30,37,543.4552,-83.3185,-0.0914,7,0.1795,0.7143,7,8,8,0,0,8,8,0.0000
4,172.0000,30,38,441.3895,-81.8306,0.2312,7,0.1795,1.0000,8,5,2,0,0,5,2,0.6000
4,172.0000,30,39,744.5542,-85.7844,0.3899,3,0.0769,1.0000,8,8,8,0,0,8,8,0.0000
4,172.0000,30,44,351.4060,-79.7191,0.4163,15,0.3846,0.4000,5,8,7,0,0,8,7,0.1250
4,172.0000,30,46,354.3865,-81.2864,-0.1452,16,0.4103,1.0000,8,8,7,0,0,8,7,0.1250
4,172.0000,30,47,372.6995,-80.7924,0.7873,9,0.2308,0.8333,6,7,2,0,0,7,2,0.7143
4,172.0000,31,3,731.1586,-86.3065,0.0770,3,0.0750,1.0000,8,7,6,0,0,7,6,0.1429
4,172.0000,31,7,567.9854,-84.2199,-0.3286,9,0.2250,1.0000,8,8,8,0,0,8,8,0.0000
4,172.0000,31,8,388.7724,-79.4870,-0.1043,18,0.4500,0.6667,6,7,6,0,0,7,6,0.1429
4,172.0000,31,9,506.1012,-82.7608,-1.0023,8,0.2000,0.8750,8,8,7,0,0,8,7,0.1250
4,172.0000,31,10,95.3059,-72.5584,1.8237,34,0.8500,0.0000,4,5,1,0,0,5,1,0.8000
4,172.0000,31,13,154.1962,-73.0393,-0.0884,32,0.8000,0.3894,113,5,2,99,31,104,33,0.6827
4,172.0000,31,14,911.6196,-87.1483,0.1666,5,0.1250,1.0000,4,8,8,0,0,8,8,0.0000
4,172.0000,31,15,951.7096,-88.3004,0.7135,5,0.1250,,0,2,2,0,0,2,2,0.0000
4,172.0000,31,16,472.8013,-81.1946,0.1358,9,0.2250,0.7143,7,8,8,0,0,8,8,0.0000
4,172.0000,31,18,539.6356,-83.0337,-0.7677,14,0.3500,0.8571,7,7,6,0,0,7,6,0.1429
4,172.0000,31,21,683.7391,-85.7492,0.8440,9,0.2250,0.8750,8,8,8,0,0,8,8,0.0000
4,172.0000,31,22,943.9491,-86.7723,0.5057,3,0.0750,1.0000,6,8,7,0,0,8,7,0.1250
4,172.0000,31,23,601.5702,-84.8210,-0.3037,8,0.2000,0.8750,8,7,6,0,0,7,6,0.1429
4,172.0000,31,24,1068.2854,-87.7446,-0.6996,4,0.1000,,0,2,2,0,0,2,2,0.0000
4,172.0000,31,28,255.8029,-78.4107,1.1975,26,0.6500,0.2000,5,6,3,0,0,6,3,0.5000
4,172.0000,31,30,365.0320,-81.7265,0.2249,20,0.5000,0.6667,6,7,5,0,0,7,5,0.2857
4,172.0000,31,32,736.9851,-86.5421,-0.0717,5,0.1250,1.0000,8,6,6,0,0,6,6,0.0000
4,172.0000,31,37,548.9574,-83.8066,0.3832,5,0.1250,0.8571,7,8,8,0,0,8,8,0.0000
4,172.0000,31,38,551.1747,-84.7974,-0.1601,10,0.2500,0.8571,7,8,8,0,0,8,8,0.0000
4,172.0000,31,39,649.9851,-86.6419,-0.9832,6,0.1500,1.0000,8,4,2,0,0,4,2,0.5000
4,172.0000,31,40,450.2488,-81.5230,-0.0515,18,0.4500,0.7143,7,8,6,0,0,8,6,0.2500
4,172.0000,31,41,680.3580,-85.9004,-0.0103,8,0.2000,0.8571,7,8,8,0,0,8,8,0.0000
4,172.0000,31,44,100.3800,-68.8154,0.9041,35,0.8750,0.0000,4,4,0,0,0,4,0,1.0000
4,172.0000,31,45,882.1996,-88.0772,-0.7319,5,0.1250,1.0000,4,4,4,0,0,4,4,0.0000
4,172.0000,31,46,640.3749,-85.7775,-0.0895,7,0.1750,0.8750,8,8,8,0,0,8,8,0.0000
4,172.0000,31,47,352.2751,-79.4588,-0.2380,18,0.4500,0.4000,5,7,5,0,0,7,5,0.2857
4,172.0000,32,1,298.5331,-79.2910,0.6647,26,0.6500,0.6667,6,7,5,0,0,7,5,0.2857
4,172.0000,32,3,790.7709,-85.5125,-1.2070,5,0.1250,0.8571,7,8,8,0,0,8,8,0.0000
4,172.0000,32,5,469.7553,-84.0053,0.8897,18,0.4500,0.8571,7,6,4,0,0,6,4,0.3333
4,172.0000,32,7,588.9487,-84.5533,-0.4475,7,0.1750,1.0000,8,8,8,0,0,8,8,0.0000
4,172.0000,32,8,832.1206,-86.1115,-0.5788,3,0.0750,1.0000,6,6,6,0,0,6,6,0.0000
4,172.0000,32,9,426.8753,-82.1079,-0.2668,13,0.3250,0.8750,8,8,8,0,0,8,8,0.0000
4,172.0000,32,10,677.1650,-85.6387,-0.9383,5,0.1250,1.0000,8,8,8,0,0,8,8,0.0000
4,172.0000,32,12,640.4289,-86.4080,0.6168,10,0.2500,1.0000,4,4,4,0,0,4,4,0.0000
4,172.0000,32,13,631.0039,-84.0184,0.4284,9,0.2250,1.0000,8,8,8,0,0,8,8,0.0000
4,172.0000,32,16,455.7332,-81.8736,-1.4712,11,0.2750,1.0000,8,8,5,0,0,8,5,0.3750
4,172.0000,32,18,456.0899,-83.1338,-0.1455,14,0.3500,0.7143,7,7,6,0,0,7,6,0.1429
4,172.0000,32,19,312.5214,-79.7854,0.2685,21,0.5250,0.8750,8,5,2,0,0,5,2,0.6000
4,172.0000,32,20,858.1799,-87.5663,0.6069,4,0.1000,1.0000,6,8,8,0,0,8,8,0.0000
4,172.0000,32,21,674.4206,-85.0160,-0.6565,8,0.2000,0.8571,7,6,6,0,0,6,6,0.0000
4,172.0000,32,22,784.6846,-86.8264,-0.2842,4,0.1000,0.8000,5,8,8,0,0,8,8,0.0000
4,172.0000,32,23,597.5245,-84.7195,-0.6748,10,0.2500,0.7143,7,8,8,0,0,8,8,0.0000
4,172.0000,32,25,318.6391,-80.8428,0.3009,23,0.5750,0.7500,8,6,3,0,0,6,3,0.5000
4,172.0000,32,26,594.1674,-85.1321,-0.2903,13,0.3250,1.0000,8,8,7,0,0,8,7,0.1250
4,172.0000,32,27,556.6931,-84.6862,-0.6304,14,0.3500,1.0000,8,6,4,0,0,6,4,0.3333
4,172.0000,32,29,383.7972,-82.9883,1.7422,20,0.5000,0.4000,5,5,2,0,0,5,2,0.6000
4,172.0000,32,31,736.9851,-86.2296,-0.3670,8,0.2000,1.0000,8,8,8,0,0,8,8,0.0000
4,172.0000,32,34,626.7548,-87.1535,0.1694,8,0.2000,1.0000,4,6,4,0,0,6,4,0.3333
4,172.0000,32,36,429.4830,-82.2593,0.0039,20,0.5000,0.5000,6,8,7,0,0,8,7,0.1250
4,172.0000,32,37,744.9511,-87.5812,-0.6296,3,0.0750,1.0000,8,8,8,0,0,8,8,0.0000
4,172.0000,32,38,870.6699,-87.5455,0.3267,3,0.0750,1.0000,8,8,8,0,0,8,8,0.0000
4,172.0000,32,39,543.1987,-83.9253,0.4308,6,0.1500,0.8571,7,8,7,0,0,8,7,0.1250
4,172.0000,32,40,610.3362,-84.5386,-0.3785,9,0.2250,0.7500,8,8,8,0,0,8,8,0.0000
4,172.0000,32,41,426.6533,-82.1371,-0.0219,13,0.3250,0.8571,7,8,6,0,0,8,6,0.2500
4,172.0000,32,43,475.0848,-82.1963,0.0258,12,0.3000,0.6667,6,6,4,0,0,6,4,0.3333
4,172.0000,32,44,700.9705,-85.2911,0.3203,6,0.1500,1.0000,8,6,6,0,0,6,6,0.0000
4,172.0000,32,45,564.1976,-83.7098,0.3941,11,0.2750,0.6667,6,8,8,0,0,8,8,0.0000
4,172.0000,32,47,733.8922,-86.0384,-1.2492,5,0.1250,0.7500,8,8,8,0,0,8,8,0.0000
4,172.0000,33,3,419.0166,-81.2808,-0.7476,9,0.2250,0.8571,7,8,8,0,0,8,8,0.0000
4,172.0000,33,6,270.6641,-76.8539,0.3417,28,0.7000,0.2000,5,4,0,0,0,4,0,1.0000
4,172.0000,33,9,829.0421,-87.3824,0.2294,3,0.0750,1.0000,8,8,8,0,0,8,8,0.0000
4,172.0000,33,11,988.2174,-86.5190,0.0113,4,0.1000,1.0000,4,6,6,0,0,6,6,0.0000
4,172.0000,33,14,1070.7960,-88.3384,-1.4096,3,0.0750,1.0000,4,4,4,0,0,4,4,0.0000
4,172.0000,33,15,758.7731,-86.5341,-0.1103,7,0.1750,1.0000,8,8,8,0,0,8,8,0.0000
4,172.0000,33,17,967.4897,-87.1975,0.1239,5,0.1250,1.0000,8,8,8,0,0,8,8,0.0000
4,172.0000,33,20,303.7066,-77.4241,-0.9376,19,0.4750,0.8571,7,7,5,0,0,7,5,0.2857
4,172.0000,33,22,477.3033,-82.0714,-0.2118,11,0.2750,0.8571,7,8,8,0,0,8,8,0.0000
4,172.0000,33,23,730.0884,-87.5631,0.9286,3,0.0750,1.0000,8,8,8,0,0,8,8,0.0000
4,172.0000,33,24,414.4299,-82.0589,-0.1702,18,0.4500,0.7778,9,4,0,0,0,4,0,1.0000
4,172.0000,33,35,761.9407,-86.0233,-0.7028,11,0.2750,0.8750,8,6,6,0,0,6,6,0.0000
4,172.0000,33,37,607.7626,-84.4161,-0.6217,6,0.1500,1.0000,8,8,8,0,0,8,8,0.0000
4,172.0000,33,38,609.2382,-84.5379,-0.4799,10,0.2500,0.8571,7,7,6,0,0,7,6,0.1429
4,172.0000,33,39,633.4277,-86.0074,1.1620,3,0.0750,0.8571,7,8,8,0,0,8,8,0.0000
4,172.0000,33,41,728.4905,-85.4294,-3.2036,3,0.0750,1.0000,8,8,8,0,0,8,8,0.0000
4,172.0000,33,42,479.6845,-82.4483,-0.2477,28,0.7000,0.4000,5,8,8,0,0,8,8,0.0000
4,172.0000,33,46,829.8185,-86.7264,0.0993,6,0.1500,1.0000,8,7,6,0,0,7,6,0.1429
4,172.0000,34,0,277.2774,-78.0936,-0.1415,36,0.9000,0.5000,4,7,2,0,0,7,2,0.7143
4,172.0000,34,1,328.3298,-80.9639,1.1814,16,0.4000,0.6667,6,7,5,0,0,7,5,0.2857
4,172.0000,34,5,157.4138,-73.6017,0.2961,32,0.8000,0.2000,5,4,0,0,0,4,0,1.0000
4,172.0000,34,12,416.7655,-81.0720,-0.6266,23,0.5750,0.3750,8,7,4,0,0,7,4,0.4286
4,172.0000,34,19,777.1318,-87.1961,-0.1957,4,0.1000,1.0000,8,8,8,0,0,8,8,0.0000
4,172.0000,34,25,628.8491,-85.6488,0.1469,5,0.1250,1.0000,8,8,8,0,0,8,8,0.0000
4,172.0000,34,27,474.6708,-83.0223,0.5625,22,0.5500,0.8571,7,8,7,0,0,8,7,0.1250
4,172.0000,34,29,470.0336,-82.5174,0.3785,20,0.5000,0.8571,7,7,5,0,0,7,5,0.2857
4,172.0000,34,36,338.9539,-80.2312,-0.0350,24,0.6000,0.5000,8,4,2,0,0,4,2,0.5000
4,172.0000,34,43,953.8786,-87.2130,-0.8285,3,0.0750,1.0000,8,8,8,0,0,8,8,0.0000
4,172.0000,34,45,576.3044,-84.8381,-0.4022,9,0.2250,0.8750,8,6,4,0,0,6,4,0.3333
4,172.0000,35,2,404.5849,-83.2863,0.1400,20,0.5128,0.8571,7,5,1,0,0,5,1,0.8000
4,172.0000,35,4,549.1520,-84.9366,1.2387,11,0.2821,0.8571,7,7,5,0,0,7,5,0.2857
4,172.0000,35,6,599.2305,-84.0970,-0.5343,12,0.3077,1.0000,8,8,8,0,0,8,8,0.0000
4,172.0000,35,11,333.7182,-80.9341,0.2264,22,0.5641,0.2000,5,6,4,0,0,6,4,0.3333
4,172.0000,35,14,564.7718,-84.7524,-0.4551,13,0.3333,1.0000,8,7,4,0,0,7,4,0.4286
4,172.0000,35,15,300.8256,-79.9099,0.2220,23,0.5897,0.4000,5,7,5,0,0,7,5,0.2857
4,172.0000,35,17,510.8716,-83.7367,-0.3282,15,0.3846,0.8000,5,7,6,0,0,7,6,0.1429
4,172.0000,35,20,893.1914,-86.5730,1.4731,3,0.0769,1.0000,8,6,5,0,0,6,5,0.1667
4,172.0000,35,24,366.6471,-80.5421,0.5022,19,0.4872,0.8571,7,7,6,0,0,7,6,0.1429
4,172.0000,35,28,1024.8476,-88.9912,0.0950,3,0.0769,1.0000,6,6,6,0,0,6,6,0.0000
4,172.0000,35,33,761.9407,-86.7800,-1.1977,6,0.1538,1.0000,8,6,6,0,0,6,6,0.0000
4,172.0000,35,42,545.7506,-83.5532,-0.0494,16,0.4103,0.4000,5,6,4,0,0,6,4,0.3333
4,172.0000,35,46,620.1999,-84.9696,-2.1973,6,0.1538,1.0000,8,8,8,0,0,8,8,0.0000
4,172.0000,36,0,519.0040,-83.4050,0.1253,26,0.6500,0.7143,7,6,2,0,0,6,2,0.6667
4,172.0000,36,1,235.8594,-75.7970,-0.4159,33,0.8250,0.0000,4,5,1,0,0,5,1,0.8000
4,172.0000,36,5,249.6801,-78.3409,0.4266,36,0.9000,0.5000,6,5,1,0,0,5,1,0.8000
4,172.0000,36,12,602.5569,-84.0139,0.3673,14,0.3500,0.7500,8,8,8,0,0,8,8,0.0000
4,172.0000,36,16,872.0676,-86.9373,-2.6645,3,0.0750,1.0000,6,8,8,0,0,8,8,0.0000
4,172.0000,36,18,745.4323,-87.3183,5.7546,4,0.1000,0.8333,6,4,4,0,0,4,4,0.0000
4,172.0000,36,19,477.2779,-83.3746,1.0252,8,0.2000,0.5000,6,7,6,0,0,7,6,0.1429
4,172.0000,36,21,907.8399,-87.0015,-0.9390,3,0.0750,1.0000,2,8,8,0,0,8,8,0.0000
4,172.0000,36,23,979.7420,-87.8192,0.6872,3,0.0750,1.0000,4,4,4,0,0,4,4,0.0000
4,172.0000,36,25,304.8313,-80.3623,0.0816,21,0.5250,0.4000,5,6,3,0,0,6,3,0.5000
4,172.0000,36,26,804.9296,-85.0491,-0.5259,5,0.1250,1.0000,8,6,6,0,0,6,6,0.0000
4,172.0000,36,27,199.0616,-77.0108,0.7629,35,0.8750,0.0000,4,5,1,0,0,5,1,0.8000
4,172.0000,36,29,155.8896,-73.3165,0.8567,38,0.9500,0.0000,4,5,1,0,0,5,1,0.8000
4,172.0000,36,32,429.4830,-81.3761,0.4075,8,0.2000,1.0000,8,8,8,0,0,8,8,0.0000
4,172.0000,36,34,338.9539,-81.1053,0.2435,31,0.7750,0.3333,6,5,1,0,0,5,1,0.8000
4,172.0000,36,43,633.3969,-85.2064,0.1146,5,0.1250,1.0000,8,7,6,0,0,7,6,0.1429
4,172.0000,36,45,656.0409,-85.4427,-0.0455,8,0.2000,0.8571,7,8,8,0,0,8,8,0.0000
4,172.0000,37,1,1035.0090,-88.7650,-0.4380,4,0.1000,1.0000,2,6,6,0,0,6,6,0.0000
4,172.0000,37,2,931.4471,-88.1203,-0.1411,5,0.1250,1.0000,4,6,5,0,0,6,5,0.1667
4,172.0000,37,3,233.5826,-75.9191,-0.7255,31,0.7750,0.5000,6,5,2,0,0,5,2,0.6000
4,172.0000,37,6,571.8631,-85.5182,0.8562,10,0.2500,0.6667,6,8,7,0,0,8,7,0.1250
4,172.0000,37,7,201.2558,-75.5936,-0.0519,30,0.7500,0.4286,7,7,5,0,0,7,5,0.2857
4,172.0000,37,8,421.5355,-83.6437,1.4955,16,0.4000,0.7500,8,8,6,0,0,8,6,0.2500
4,172.0000,37,9,394.8801,-80.5659,-0.9991,19,0.4750,0.8571,7,8,7,0,0,8,7,0.1250
4,172.0000,37,10,593.0925,-84.7065,0.8579,8,0.2000,1.0000,6,8,8,0,0,8,8,0.0000
4,172.0000,37,11,931.5346,-87.7576,0.2307,5,0.1250,,0,4,3,0,0,4,3,0.2500
4,172.0000,37,13,418.6056,-81.4936,-0.8442,18,0.4500,0.8889,9,5,4,0,0,5,4,0.2000
4,172.0000,37,14,829.2307,-86.9043,0.4860,7,0.1750,0.8571,7,8,8,0,0,8,8,0.0000
4,172.0000,37,15,670.5311,-87.0214,0.3789,8,0.2000,0.0000,1,7,6,0,0,7,6,0.1429
4,172.0000,37,16,314.8835,-80.1706,0.0430,21,0.5250,0.8571,7,8,6,0,0,8,6,0.2500
4,172.0000,37,17,928.2184,-88.0640,0.6874,9,0.2250,1.0000,4,4,4,0,0,4,4,0.0000
4,172.0000,37,18,845.7407,-87.3366,-0.5013,4,0.1000,1.0000,6,4,4,0,0,4,4,0.0000
4,172.0000,37,19,729.1939,-86.5625,-0.3159,10,0.2500,1.0000,8,5,4,0,0,5,4,0.2000
4,172.0000,37,20,378.7453,-80.6750,0.1885,25,0.6250,0.5714,7,5,4,0,0,5,4,0.2000
4,172.0000,37,21,1076.2946,-89.1485,-0.2236,3,0.0750,,0,6,6,0,0,6,6,0.0000
4,172.0000,37,22,548.7232,-83.2280,-0.0477,19,0.4750,0.7500,8,7,6,0,0,7,6,0.1429
4,172.0000,37,23,417.1214,-82.3891,0.9735,18,0.4500,0.2000,5,6,6,0,0,6,6,0.0000
4,172.0000,37,24,602.9337,-84.6535,-0.2939,14,0.3500,1.0000,6,8,7,0,0,8,7,0.1250
4,172.0000,37,25,902.0053,-88.5184,-0.1095,7,0.1750,0.8571,7,4,4,0,0,4,4,0.0000
4,172.0000,37,28,512.8967,-84.1395,0.4515,15,0.3750,1.0000,8,7,4,0,0,7,4,0.4286
4,172.0000,37,30,543.4552,-83.8718,0.2906,17,0.4250,1.0000,8,8,8,0,0,8,8,0.0000
4,172.0000,37,31,548.9574,-84.4176,-0.4392,15,0.3750,1.0000,8,7,6,0,0,7,6,0.1429
4,172.0000,37,32,744.9511,-86.4723,-0.6454,10,0.2500,1.0000,6,4,4,0,0,4,4,0.0000
4,172.0000,37,33,607.7626,-84.3632,0.7211,16,0.4000,0.5000,6,7,6,0,0,7,6,0.1429
4,172.0000,37,35,884.0751,-88.5610,0.4621,6,0.1500,1.0000,2,6,6,0,0,6,6,0.0000
4,172.0000,37,38,159.6013,-74.3022,0.4751,34,0.8500,0.2000,5,4,0,0,0,4,0,1.0000
4,172.0000,37,39,263.8402,-75.7170,-1.2580,33,0.8250,0.5000,6,8,8,0,0,8,8,0.0000
4,172.0000,37,40,866.5801,-87.6279,0.1214,8,0.2000,1.0000,8,2,2,0,0,2,2,0.0000
4,172.0000,37,41,417.2672,-82.2185,0.0989,19,0.4750,0.8571,7,7,5,0,0,7,5,0.2857
4,172.0000,37,43,739.6300,-85.9894,-0.5601,10,0.2500,1.0000,8,8,8,0,0,8,8,0.0000
4,172.0000,37,44,518.6779,-85.1172,-0.2895,13,0.3250,0.8333,6,10,8,0,0,10,8,0.2000
4,172.0000,37,46,499.7610,-84.7001,0.6808,14,0.3500,0.5000,6,7,5,0,0,7,5,0.2857
4,172.0000,37,47,204.1414,-76.5391,0.6117,29,0.7250,0.6667,6,6,3,0,0,6,3,0.5000
4,172.0000,38,1,1162.4312,-88.2155,0.4402,4,0.1000,1.0000,4,2,2,0,0,2,2,0.0000
4,172.0000,38,2,780.7674,-88.0385,0.1009,11,0.2750,1.0000,4,7,6,0,0,7,6,0.1429
4,172.0000,38,3,278.7555,-78.3762,-0.1445,29,0.7250,0.4000,5,7,4,0,0,7,4,0.4286
4,172.0000,38,4,906.7504,-88.0252,0.0301,7,0.1750,1.0000,2,4,4,0,0,4,4,0.0000
4,172.0000,38,6,567.0117,-85.3920,0.2053,16,0.4000,1.0000,6,6,4,0,0,6,4,0.3333
4,172.0000,38,7,358.7170,-80.3644,0.3079,20,0.5000,0.5000,6,6,3,0,0,6,3,0.5000
4,172.0000,38,8,347.3994,-81.8097,0.6120,21,0.5250,0.8571,7,7,5,0,0,7,5,0.2857
4,172.0000,38,9,482.5578,-82.3230,-1.2297,19,0.4750,0.8571,7,8,8,0,0,8,8,0.0000
4,172.0000,38,10,608.9118,-86.4069,0.3873,15,0.3750,1.0000,8,9,7,0,0,9,7,0.2222
4,172.0000,38,11,792.8501,-88.0210,0.1185,11,0.2750,1.0000,8,2,2,0,0,2,2,0.0000
4,172.0000,38,13,452.7008,-81.8345,-0.4889,19,0.4750,0.6667,6,8,8,0,0,8,8,0.0000
4,172.0000,38,14,695.1942,-86.9691,1.3394,10,0.2500,0.8571,7,6,6,0,0,6,6,0.0000
4,172.0000,38,15,541.0975,-85.9902,0.1529,18,0.4500,1.0000,2,7,4,0,0,7,4,0.4286
4,172.0000,38,16,419.4523,-81.1190,-1.1012,16,0.4000,0.7143,7,8,8,0,0,8,8,0.0000
4,172.0000,38,18,936.7628,-87.3376,1.0491,5,0.1250,1.0000,6,6,6,0,0,6,6,0.0000
4,172.0000,38,19,873.7722,-86.9830,-0.7541,3,0.0750,1.0000,2,2,2,0,0,2,2,0.0000
4,172.0000,38,20,416.5658,-83.4603,-0.5369,19,0.4750,0.7143,7,8,7,0,0,8,7,0.1250
4,172.0000,38,22,595.9267,-84.0845,-0.4538,12,0.3000,0.8000,5,8,8,0,0,8,8,0.0000
4,172.0000,38,23,453.6349,-83.5681,0.9073,11,0.2750,1.0000,8,7,6,0,0,7,6,0.1429
4,172.0000,38,24,531.0552,-84.2933,0.3806,17,0.4250,0.8750,8,8,8,0,0,8,8,0.0000
4,172.0000,38,28,446.9175,-82.3749,0.5695,23,0.5750,0.8571,7,7,5,0,0,7,5,0.2857
4,172.0000,38,30,441.3895,-82.7976,-0.1191,24,0.6000,1.0000,8,7,5,0,0,7,5,0.2857
4,172.0000,38,31,551.1747,-84.3346,0.0692,15,0.3750,0.7143,7,8,7,0,0,8,7,0.1250
4,172.0000,38,32,870.6699,-88.0948,0.4300,5,0.1250,1.0000,4,6,6,0,0,6,6,0.0000
4,172.0000,38,33,609.2382,-84.8908,-0.2226,17,0.4250,0.5714,7,4,4,18,13,22,17,0.2273
4,172.0000,38,35,774.2145,-86.9584,0.4416,10,0.2500,1.0000,2,8,8,0,0,8,8,0.0000
4,172.0000,38,37,159.6013,-73.6862,0.1443,34,0.8500,0.5000,6,6,3,0,0,6,3,0.5000
4,172.0000,38,39,406.4747,-80.7157,-0.1410,19,0.4750,0.7500,8,8,8,0,0,8,8,0.0000
4,172.0000,38,40,904.5111,-88.2099,0.0716,9,0.2250,1.0000,4,2,2,0,0,2,2,0.0000
4,172.0000,38,41,534.2467,-83.0417,0.6498,10,0.2500,0.7143,7,8,8,0,0,8,8,0.0000
4,172.0000,38,42,881.6427,-86.9998,-0.3270,8,0.2000,1.0000,4,6,6,0,0,6,6,0.0000
4,172.0000,38,43,859.8220,-87.6401,-0.0446,6,0.1500,1.0000,8,4,4,0,0,4,4,0.0000
4,172.0000,38,44,517.4539,-82.6100,0.4676,19,0.4750,0.8571,7,8,8,0,0,8,8,0.0000
4,172.0000,38,46,356.8335,-81.5034,0.5000,25,0.6250,0.8571,7,5,2,0,0,5,2,0.6000
4,172.0000,38,47,212.2689,-76.2751,-0.3491,31,0.7750,0.0000,4,4,0,0,0,4,0,1.0000
4,172.0000,39,1,833.7764,-87.0488,-1.3705,4,0.1000,1.0000,6,8,8,0,0,8,8,0.0000
4,172.0000,39,3,271.1740,-76.0353,-1.0592,34,0.8500,0.5000,6,4,0,0,0,4,0,1.0000
4,172.0000,39,6,669.0953,-85.5189,-0.3328,17,0.4250,0.8571,7,8,8,0,0,8,8,0.0000
4,172.0000,39,7,161.5404,-75.8541,1.5878,34,0.8500,0.0000,4,5,2,0,0,5,2,0.6000
4,172.0000,39,8,559.3493,-85.6441,0.0160,12,0.3000,1.0000,6,7,5,0,0,7,5,0.2857
4,172.0000,39,9,276.5906,-80.0132,0.5649,20,0.5000,0.7143,7,5,2,0,0,5,2,0.6000
4,172.0000,39,10,657.6676,-86.4389,0.7349,7,0.1750,1.0000,8,8,7,0,0,8,7,0.1250
4,172.0000,39,13,497.7166,-82.7462,0.2520,13,0.3250,1.0000,8,7,6,0,0,7,6,0.1429
4,172.0000,39,15,917.6834,-89.1607,-0.1320,4,0.1000,,0,4,3,0,0,4,3,0.2500
4,172.0000,39,16,217.2945,-78.2028,1.5462,27,0.6750,0.5714,7,6,3,0,0,6,3,0.5000
4,172.0000,39,18,772.1647,-85.9713,0.2521,8,0.2000,1.0000,6,4,3,0,0,4,3,0.2500
4,172.0000,39,19,472.6333,-83.2020,-0.9836,17,0.4250,0.8750,8,7,6,0,0,7,6,0.1429
4,172.0000,39,20,357.1267,-79.9865,-0.2597,26,0.6500,0.5000,6,5,1,0,0,5,1,0.8000
4,172.0000,39,22,428.3649,-81.5517,-0.2610,23,0.5750,0.5000,6,6,4,0,0,6,4,0.3333
4,172.0000,39,23,349.3839,-80.7592,-0.0361,23,0.5750,0.5000,6,7,6,0,0,7,6,0.1429
4,172.0000,39,24,776.2687,-85.7435,0.2542,12,0.3000,1.0000,6,7,5,0,0,7,5,0.2857
4,172.0000,39,25,648.9800,-84.2086,-0.9521,13,0.3250,0.8571,7,7,6,0,0,7,6,0.1429
4,172.0000,39,27,983.1880,-86.3704,-0.1590,6,0.1500,1.0000,8,6,6,0,0,6,6,0.0000
4,172.0000,39,28,704.3503,-86.9852,0.0300,7,0.1750,0.8571,7,8,7,0,0,8,7,0.1250
4,172.0000,39,29,798.9900,-86.7896,0.5613,5,0.1250,1.0000,8,2,2,0,0,2,2,0.0000
4,172.0000,39,30,744.5542,-86.9383,-0.2853,6,0.1500,1.0000,6,8,7,0,0,8,7,0.1250
4,172.0000,39,31,649.9851,-85.9029,0.4690,9,0.2250,0.8750,8,7,6,0,0,7,6,0.1429
4,172.0000,39,32,543.1987,-85.5477,0.6898,11,0.2750,0.6667,6,7,6,0,0,7,6,0.1429
4,172.0000,39,33,633.4277,-84.0128,-0.9200,13,0.3250,0.8800,25,3,2,32,30,35,32,0.0857
4,172.0000,39,36,910.1751,-88.6218,2.4910,3,0.0750,1.0000,4,6,6,0,0,6,6,0.0000
4,172.0000,39,37,263.8402,-75.7018,-1.0697,32,0.8000,0.4000,5,6,3,0,0,6,3,0.5000
4,172.0000,39,38,406.4747,-80.5587,-0.2189,22,0.5500,0.8571,7,7,5,27,20,34,25,0.2647
4,172.0000,39,40,837.7505,-87.0505,-1.0355,5,0.1250,1.0000,6,4,4,0,0,4,4,0.0000
4,172.0000,39,41,189.2447,-76.5849,1.4319,35,0.8750,0.7143,7,5,2,0,0,5,2,0.6000
4,172.0000,39,43,483.9211,-83.1907,-0.1444,20,0.5000,0.7143,7,7,4,0,0,7,4,0.4286
4,172.0000,39,44,606.1165,-85.2089,0.1712,7,0.1750,1.0000,8,6,6,0,0,6,6,0.0000
4,172.0000,39,45,1036.3400,-87.0372,0.4732,3,0.0750,1.0000,4,6,6,0,0,6,6,0.0000
4,172.0000,39,46,758.9643,-88.3019,-0.7517,9,0.2250,1.0000,8,8,7,0,0,8,7,0.1250
4,172.0000,39,47,387.6729,-80.6939,0.3439,15,0.3750,0.8571,7,8,8,0,0,8,8,0.0000
4,172.0000,40,1,723.8942,-87.1673,0.1204,6,0.1500,1.0000,8,8,8,0,0,8,8,0.0000
4,172.0000,40,3,983.8915,-88.6460,-0.0992,5,0.1250,,0,4,4,0,0,4,4,0.0000
4,172.0000,40,5,830.9867,-86.6729,-0.1236,6,0.1500,1.0000,2,8,8,0,0,8,8,0.0000
4,172.0000,40,8,667.7769,-86.7379,1.2909,8,0.2000,1.0000,8,8,7,0,0,8,7,0.1250
4,172.0000,40,9,592.7406,-86.4480,-0.4915,8,0.2000,1.0000,8,7,6,0,0,7,6,0.1429
4,172.0000,40,10,356.0021,-79.3310,-1.4573,23,0.5750,0.7661,124,8,8,17,16,25,24,0.0400
4,172.0000,40,12,659.2730,-86.9660,-0.4626,12,0.3000,0.7500,4,8,8,0,0,8,8,0.0000
4,172.0000,40,13,491.9524,-84.0379,-0.9754,12,0.3000,0.8750,8,8,8,0,0,8,8,0.0000
4,172.0000,40,16,625.0624,-84.4900,-1.1862,8,0.2000,1.0000,8,8,8,0,0,8,8,0.0000
4,172.0000,40,18,377.5718,-81.2818,-0.4816,18,0.4500,1.0000,8,8,8,0,0,8,8,0.0000
4,172.0000,40,19,898.5995,-87.9817,-0.4530,5,0.1250,1.0000,8,6,6,0,0,6,6,0.0000
4,172.0000,40,21,233.9945,-76.3061,-0.5925,32,0.8000,0.2000,5,4,0,0,0,4,0,1.0000
4,172.0000,40,22,1065.1393,-88.7413,-1.0571,3,0.0750,1.0000,6,4,4,0,0,4,4,0.0000
4,172.0000,40,23,705.7669,-87.7061,-0.2848,6,0.1500,1.0000,6,8,8,0,0,8,8,0.0000
4,172.0000,40,25,918.9929,-87.3582,0.5872,5,0.1250,1.0000,6,6,6,0,0,6,6,0.0000
4,172.0000,40,26,314.8479,-80.3843,0.5365,25,0.6250,0.5000,6,4,0,0,0,4,0,1.0000
4,172.0000,40,27,1074.2377,-87.9750,-1.8090,3,0.0750,1.0000,2,6,6,0,0,6,6,0.0000
4,172.0000,40,28,685.2395,-86.1594,-1.5591,8,0.2000,0.8571,7,7,6,0,0,7,6,0.1429
4,172.0000,40,30,747.3390,-85.6226,0.3896,8,0.2000,1.0000,8,7,6,0,0,7,6,0.1429
4,172.0000,40,31,450.2488,-82.8591,-1.3343,14,0.3500,0.8571,7,6,4,0,0,6,4,0.3333
4,172.0000,40,32,610.3362,-85.3516,-0.3358,9,0.2250,1.0000,8,8,8,0,0,8,8,0.0000
4,172.0000,40,36,939.2755,-87.4754,0.9606,6,0.1500,1.0000,4,6,6,0,0,6,6,0.0000
4,172.0000,40,37,866.5801,-86.8779,0.5379,5,0.1250,1.0000,8,8,7,0,0,8,7,0.1250
4,172.0000,40,39,837.7505,-87.5584,0.0065,3,0.0750,0.8571,7,8,8,0,0,8,8,0.0000
4,172.0000,40,41,763.3396,-86.5529,1.1399,7,0.1750,0.8750,8,9,8,0,0,9,8,0.1111
4,172.0000,40,44,425.7343,-82.8556,-0.4517,14,0.3500,1.0000,8,7,6,0,0,7,6,0.1429
4,172.0000,40,45,471.7678,-82.3374,-0.2010,15,0.3750,1.0000,8,8,7,0,0,8,7,0.1250
4,172.0000,40,47,712.6131,-87.1599,-0.2088,5,0.1250,0.8571,7,8,7,0,0,8,7,0.1250
4,172.0000,41,1,719.2367,-86.1332,-0.0707,12,0.3000,0.8750,8,8,8,0,0,8,8,0.0000
4,172.0000,41,3,379.5160,-80.2012,0.2132,18,0.4500,0.7143,7,8,7,0,0,8,7,0.1250
4,172.0000,41,5,888.8665,-87.2032,-0.3458,6,0.1500,1.0000,2,8,8,0,0,8,8,0.0000
4,172.0000,41,6,817.2913,-86.6940,-0.5549,5,0.1250,1.0000,8,7,5,0,0,7,5,0.2857
4,172.0000,41,7,326.1767,-80.9975,-0.2731,16,0.4000,0.4000,5,8,6,0,0,8,6,0.2500
4,172.0000,41,8,583.0228,-87.0107,1.3586,6,0.1500,1.0000,6,6,4,0,0,6,4,0.3333
4,172.0000,41,9,193.0420,-77.5366,0.7845,29,0.7250,0.3333,6,5,1,0,0,5,1,0.8000
4,172.0000,41,10,662.8613,-87.6276,-0.2960,6,0.1500,1.0000,8,8,8,0,0,8,8,0.0000
4,172.0000,41,13,537.2283,-83.1324,-0.2776,9,0.2250,1.0000,8,7,6,0,0,7,6,0.1429
4,172.0000,41,16,209.8420,-76.9613,0.9223,26,0.6500,0.8571,7,4,0,0,0,4,0,1.0000
4,172.0000,41,18,729.7686,-85.6343,-0.2194,8,0.2000,1.0000,6,6,6,0,0,6,6,0.0000
4,172.0000,41,19,377.9921,-80.6994,-1.2226,24,0.6000,0.6667,6,7,5,0,0,7,5,0.2857
4,172.0000,41,20,434.4750,-82.3864,0.5059,19,0.4750,0.8571,7,8,6,0,0,8,6,0.2500
4,172.0000,41,21,908.2060,-88.0198,-0.8872,5,0.1250,,0,8,8,0,0,8,8,0.0000
4,172.0000,41,22,386.0595,-80.8524,-0.2241,21,0.5250,0.7143,7,7,5,0,0,7,5,0.2857
4,172.0000,41,23,270.5666,-77.5157,-0.3271,26,0.6500,0.5714,7,5,2,0,0,5,2,0.6000
4,172.0000,41,25,526.7133,-83.2851,-0.5092,19,0.4750,0.6667,6,7,6,0,0,7,6,0.1429
4,172.0000,41,26,898.5946,-87.3875,3.0768,3,0.0750,1.0000,8,4,4,0,0,4,4,0.0000
4,172.0000,41,27,843.3986,-86.3789,-0.5708,8,0.2000,0.8750,8,8,8,0,0,8,8,0.0000
4,172.0000,41,28,776.6899,-87.3515,-0.1076,7,0.1750,1.0000,8,7,6,0,0,7,6,0.1429
4,172.0000,41,29,690.1200,-85.7057,0.1127,10,0.2500,1.0000,4,2,2,0,0,2,2,0.0000
4,172.0000,41,30,807.2187,-87.2253,-1.6088,6,0.1500,1.0000,8,6,6,0,0,6,6,0.0000
4,172.0000,41,31,680.3580,-86.7245,0.4730,6,0.1500,0.8571,7,6,4,0,0,6,4,0.3333
4,172.0000,41,32,426.6533,-80.4974,-0.8030,20,0.5000,0.5000,6,8,8,0,0,8,8,0.0000
4,172.0000,41,33,728.4905,-85.7264,0.2101,9,0.2250,0.6667,3,6,6,0,0,6,6,0.0000
4,172.0000,41,36,786.1513,-86.3646,0.7808,12,0.3000,0.6000,5,8,8,0,0,8,8,0.0000
4,172.0000,41,37,417.2672,-82.3881,-0.4827,16,0.4000,0.8750,8,7,6,0,0,7,6,0.1429
4,172.0000,41,38,534.2467,-83.6758,0.1014,9,0.2250,1.0000,8,8,8,0,0,8,8,0.0000
4,172.0000,41,39,189.2447,-76.8220,0.6162,23,0.5750,0.3333,6,7,4,0,0,7,4,0.4286
4,172.0000,41,40,763.3396,-87.5820,-0.5993,5,0.1250,0.8000,5,4,4,0,0,4,4,0.0000
4,172.0000,41,43,347.3519,-78.2692,-0.5399,31,0.7750,0.6250,8,5,3,0,0,5,3,0.4000
4,172.0000,41,44,618.9758,-85.8598,0.1806,10,0.2500,0.8750,8,7,6,0,0,7,6,0.1429
4,172.0000,41,47,488.2389,-83.0731,0.0060,11,0.2750,0.8571,7,6,4,0,0,6,4,0.3333
4,172.0000,42,2,711.1585,-85.7174,0.4939,7,0.1750,1.0000,8,8,8,0,0,8,8,0.0000
4,172.0000,42,3,808.7754,-86.7623,0.7231,5,0.1250,1.0000,8,8,8,0,0,8,8,0.0000
4,172.0000,42,6,505.7556,-83.3256,-0.6399,11,0.2750,0.6667,6,8,8,0,0,8,8,0.0000
4,172.0000,42,11,820.0253,-86.4303,-0.1791,7,0.1750,0.8750,8,8,8,0,0,8,8,0.0000
4,172.0000,42,15,706.9641,-86.0867,0.7267,9,0.2250,1.0000,8,8,8,0,0,8,8,0.0000
4,172.0000,42,17,800.0826,-86.4081,-0.1883,5,0.1250,1.0000,8,6,6,0,0,6,6,0.0000
4,172.0000,42,20,733.3948,-85.8914,-0.4790,6,0.1500,1.0000,8,8,8,0,0,8,8,0.0000
4,172.0000,42,22,889.5001,-88.6030,0.3884,3,0.0750,1.0000,4,8,8,0,0,8,8,0.0000
4,172.0000,42,24,432.0934,-82.5673,0.6286,17,0.4250,0.6667,6,7,4,0,0,7,4,0.4286
4,172.0000,42,33,479.6845,-83.1894,-0.6637,13,0.3250,0.8750,8,6,4,0,0,6,4,0.3333
4,172.0000,42,35,545.7506,-83.8406,-0.5207,18,0.4500,1.0000,8,8,8,0,0,8,8,0.0000
4,172.0000,42,46,922.3227,-87.0532,1.0374,3,0.0750,1.0000,8,6,6,0,0,6,6,0.0000
4,172.0000,43,1,676.3554,-84.8887,0.0802,8,0.1951,0.8571,7,8,8,0,0,8,8,0.0000
4,172.0000,43,3,642.5377,-84.8608,-0.6490,7,0.1707,1.0000,8,8,8,0,0,8,8,0.0000
4,172.0000,43,5,819.1391,-88.0868,0.2892,6,0.1463,1.0000,4,6,4,0,0,6,4,0.3333
4,172.0000,43,6,996.0418,-89.0128,0.1428,3,0.0732,1.0000,4,6,6,0,0,6,6,0.0000
4,172.0000,43,7,625.7676,-86.7284,0.1700,4,0.0976,1.0000,8,8,8,0,0,8,8,0.0000
4,172.0000,43,8,910.8876,-87.5909,-2.2145,3,0.0732,1.0000,2,8,8,0,0,8,8,0.0000
4,172.0000,43,9,509.9852,-84.8006,0.6340,6,0.1463,1.0000,8,8,7,0,0,8,7,0.1250
4,172.0000,43,10,970.6937,-88.9855,-1.3033,3,0.0732,1.0000,8,6,6,0,0,6,6,0.0000
4,172.0000,43,13,865.8029,-88.3713,-0.7769,3,0.0732,1.0000,8,8,8,0,0,8,8,0.0000
4,172.0000,43,16,548.4314,-85.4173,-1.4458,5,0.1220,0.8571,7,7,6,0,0,7,6,0.1429
4,172.0000,43,18,911.4746,-87.8088,-1.0035,6,0.1463,1.0000,8,6,6,0,0,6,6,0.0000
4,172.0000,43,19,263.1754,-76.2743,-0.7075,32,0.7805,0.5000,6,5,1,0,0,5,1,0.8000
4,172.0000,43,20,620.7715,-86.0770,0.4278,6,0.1463,1.0000,6,6,6,0,0,6,6,0.0000
4,172.0000,43,21,1060.7883,-87.8592,-0.6912,3,0.0732,0.8000,5,4,4,0,0,4,4,0.0000
4,172.0000,43,22,469.1230,-83.7501,-0.6410,12,0.2927,0.8750,8,6,4,0,0,6,4,0.3333
4,172.0000,43,23,547.4894,-83.4683,-2.0810,10,0.2439,0.8571,7,8,8,0,0,8,8,0.0000
4,172.0000,43,25,341.7108,-78.9162,-0.6864,30,0.7317,0.7143,7,7,5,0,0,7,5,0.2857
4,172.0000,43,27,614.5070,-84.8224,-0.0398,17,0.4146,1.0000,8,7,6,0,0,7,6,0.1429
4,172.0000,43,29,528.4381,-83.9158,-0.2478,21,0.5122,0.8571,7,8,8,0,0,8,8,0.0000
4,172.0000,43,30,1149.2723,-88.2769,-0.4025,4,0.0976,1.0000,4,6,6,0,0,6,6,0.0000
4,172.0000,43,31,1003.8386,-88.6858,-0.7312,3,0.0732,1.0000,2,9,8,0,0,9,8,0.1111
4,172.0000,43,32,475.0848,-83.6602,-0.2016,9,0.2195,1.0000,8,8,8,0,0,8,8,0.0000
4,172.0000,43,33,853.5731,-87.5254,-0.2943,3,0.0732,,0,4,4,0,0,4,4,0.0000
4,172.0000,43,34,953.8786,-87.7360,0.1398,5,0.1220,1.0000,8,4,4,0,0,4,4,0.0000
4,172.0000,43,36,633.3969,-85.5750,-0.8234,11,0.2683,0.8571,7,8,8,0,0,8,8,0.0000
4,172.0000,43,37,739.6300,-86.4384,-0.2322,5,0.1220,0.8571,7,8,8,0,0,8,8,0.0000
4,172.0000,43,38,859.8220,-86.9731,-0.7678,4,0.0976,1.0000,8,6,6,0,0,6,6,0.0000
4,172.0000,43,39,483.9211,-83.2242,-0.0309,9,0.2195,1.0000,8,7,5,0,0,7,5,0.2857
4,172.0000,43,41,347.3519,-79.0464,-0.7488,18,0.4390,0.4000,5,8,7,0,0,8,7,0.1250
4,172.0000,43,44,941.7530,-87.9277,-0.8671,4,0.0976,0.8571,7,6,6,0,0,6,6,0.0000
4,172.0000,43,45,962.6323,-88.4505,-0.6827,3,0.0732,1.0000,4,6,6,0,0,6,6,0.0000
4,172.0000,43,47,834.4905,-87.0246,-0.8424,7,0.1707,1.0000,8,8,8,0,0,8,8,0.0000
4,172.0000,44,1,932.4354,-87.7509,-1.8455,5,0.1250,1.0000,6,10,10,0,0,10,10,0.0000
4,172.0000,44,3,677.2346,-84.5251,-0.2968,9,0.2250,1.0000,8,8,8,0,0,8,8,0.0000
4,172.0000,44,5,1079.9302,-88.4155,0.5254,4,0.1000,,0,6,6,0,0,6,6,0.0000
4,172.0000,44,6,1075.5067,-88.0085,-0.4624,4,0.1000,,0,4,4,0,0,4,4,0.0000
4,172.0000,44,7,546.6557,-85.0592,0.2233,14,0.3500,1.0000,8,8,7,0,0,8,7,0.1250
4,172.0000,44,8,313.3148,-78.2429,-0.7790,31,0.7750,0.4000,5,8,7,0,0,8,7,0.1250
4,172.0000,44,9,436.3236,-82.1769,0.9331,16,0.4000,0.7143,7,8,8,0,0,8,8,0.0000
4,172.0000,44,10,109.2968,-75.4934,2.3195,33,0.8250,0.5000,6,4,0,0,0,4,0,1.0000
4,172.0000,44,13,146.6814,-74.1647,0.8626,30,0.7500,0.3333,6,5,1,0,0,5,1,0.8000
4,172.0000,44,14,927.6077,-87.0032,-0.2795,10,0.2500,1.0000,8,2,2,0,0,2,2,0.0000
4,172.0000,44,15,944.8399,-88.5600,0.2996,4,0.1000,,0,4,4,0,0,4,4,0.0000
4,172.0000,44,16,416.6978,-81.1307,-0.7931,18,0.4500,0.3333,6,8,6,0,0,8,6,0.2500
4,172.0000,44,18,557.3629,-84.3649,-0.2735,17,0.4250,1.0000,8,7,6,0,0,7,6,0.1429
4,172.0000,44,19,886.4789,-88.3258,-0.1733,6,0.1500,1.0000,6,6,6,0,0,6,6,0.0000
4,172.0000,44,20,818.4823,-88.5490,0.2680,8,0.2000,1.0000,8,8,7,0,0,8,7,0.1250
4,172.0000,44,21,658.1537,-85.4110,1.0088,10,0.2500,1.0000,2,8,8,0,0,8,8,0.0000
4,172.0000,44,22,867.8060,-87.0379,-0.3688,4,0.1000,1.0000,6,5,4,0,0,5,4,0.2000
4,172.0000,44,23,515.0670,-84.9787,-0.1866,16,0.4000,0.6667,6,8,6,0,0,8,6,0.2500
4,172.0000,44,25,989.1020,-87.3768,-0.6920,5,0.1250,1.0000,6,8,8,0,0,8,8,0.0000
4,172.0000,44,26,678.1816,-87.5958,0.7990,8,0.2000,1.0000,4,2,2,0,0,2,2,0.0000
4,172.0000,44,28,277.5570,-78.9443,-0.4493,31,0.7750,0.3333,6,6,4,0,0,6,4,0.3333
4,172.0000,44,30,351.4060,-81.1206,0.4875,31,0.7750,0.6667,6,7,5,0,0,7,5,0.2857
4,172.0000,44,31,100.3800,-68.8640,0.6535,36,0.9000,0.2000,5,4,0,0,0,4,0,1.0000
4,172.0000,44,32,700.9705,-86.9834,-0.6165,7,0.1750,1.0000,8,5,4,0,0,5,4,0.2000
4,172.0000,44,33,1085.3616,-89.4221,-0.1224,5,0.1250,1.0000,4,2,2,0,0,2,2,0.0000
4,172.0000,44,36,1121.2790,-89.0655,0.5978,3,0.0750,,0,4,4,0,0,4,4,0.0000
4,172.0000,44,37,518.6779,-84.0812,1.1044,13,0.3250,1.0000,8,7,6,0,0,7,6,0.1429
4,172.0000,44,38,517.4539,-83.6380,-0.3162,15,0.3750,1.0000,8,8,8,0,0,8,8,0.0000
4,172.0000,44,39,606.1165,-85.9074,0.0397,12,0.3000,0.7500,8,6,6,0,0,6,6,0.0000
4,172.0000,44,40,425.7343,-82.2921,0.9157,19,0.4750,1.0000,8,6,4,0,0,6,4,0.3333
4,172.0000,44,41,618.9758,-86.1330,-0.7659,8,0.2000,0.8571,7,7,6,0,0,7,6,0.1429
4,172.0000,44,43,941.7530,-87.5593,0.2436,3,0.0750,0.8571,7,8,8,0,0,8,8,0.0000
4,172.0000,44,46,635.8385,-85.2764,0.4854,14,0.3500,1.0000,8,8,8,0,0,8,8,0.0000
4,172.0000,44,47,326.6872,-79.4625,-0.6597,27,0.6750,0.8750,8,7,6,0,0,7,6,0.1429
4,172.0000,45,0,568.0241,-86.0104,0.7387,13,0.3333,0.8571,7,8,8,0,0,8,8,0.0000
4,172.0000,45,1,470.7621,-82.5981,-0.8917,15,0.3846,0.8571,7,8,8,0,0,8,8,0.0000
4,172.0000,45,5,495.7679,-83.7354,0.1235,11,0.2821,0.8571,7,8,8,0,0,8,8,0.0000
4,172.0000,45,9,812.5428,-86.3694,-0.1368,3,0.0769,1.0000,8,8,8,0,0,8,8,0.0000
4,172.0000,45,10,788.5792,-87.1815,2.3440,3,0.0769,1.0000,8,8,8,0,0,8,8,0.0000
4,172.0000,45,12,220.2676,-78.4655,1.1489,30,0.7692,0.8571,7,6,2,0,0,6,2,0.6667
4,172.0000,45,18,493.4898,-82.3612,0.3177,5,0.1282,1.0000,8,8,7,0,0,8,7,0.1250
4,172.0000,45,21,310.3341,-78.8650,-0.1502,24,0.6154,0.7143,7,7,4,0,0,7,4,0.4286
4,172.0000,45,25,778.7082,-85.6779,0.5820,5,0.1282,1.0000,8,8,8,0,0,8,8,0.0000
4,172.0000,45,26,309.1269,-79.4146,0.4137,21,0.5385,0.0000,4,8,6,0,0,8,6,0.2500
4,172.0000,45,27,778.5365,-85.1077,0.2648,8,0.2051,1.0000,8,8,8,0,0,8,8,0.0000
4,172.0000,45,29,747.7351,-85.9184,-0.0703,7,0.1795,1.0000,8,6,6,0,0,6,6,0.0000
4,172.0000,45,32,564.1976,-85.1948,-0.2533,4,0.1026,1.0000,8,8,8,0,0,8,8,0.0000
4,172.0000,45,34,576.3044,-85.4488,1.0494,10,0.2564,1.0000,8,8,7,0,0,8,7,0.1250
4,172.0000,45,36,656.0409,-84.9639,0.3627,12,0.3077,0.8750,8,8,8,0,0,8,8,0.0000
4,172.0000,45,40,471.7678,-82.0658,-1.1537,7,0.1795,1.0000,8,8,8,0,0,8,8,0.0000
4,172.0000,46,2,542.3866,-83.0533,-0.4810,21,0.5250,0.7143,7,5,4,0,0,5,4,0.2000
4,172.0000,46,3,614.5227,-86.4224,0.3578,9,0.2250,0.8571,7,8,8,0,0,8,8,0.0000
4,172.0000,46,4,632.8755,-84.7295,-0.2248,20,0.5000,0.8889,9,7,6,0,0,7,6,0.1429
4,172.0000,46,6,726.6593,-86.7389,-0.4015,11,0.2750,1.0000,8,8,8,0,0,8,8,0.0000
4,172.0000,46,7,682.2634,-85.1738,0.3382,4,0.1000,1.0000,8,8,7,0,0,8,7,0.1250
4,172.0000,46,8,470.1692,-82.6997,0.0894,11,0.2750,0.8750,8,7,5,0,0,7,5,0.2857
4,172.0000,46,9,793.8084,-86.4739,1.0990,3,0.0750,1.0000,8,8,8,0,0,8,8,0.0000
4,172.0000,46,10,724.9603,-88.1086,1.0679,4,0.1000,1.0000,8,7,6,0,0,7,6,0.1429
4,172.0000,46,11,504.1338,-81.6387,-0.8471,25,0.6250,1.0000,8,6,4,0,0,6,4,0.3333
4,172.0000,46,13,623.0281,-85.1237,1.8965,7,0.1750,1.0000,8,7,6,0,0,7,6,0.1429
4,172.0000,46,14,347.7982,-78.3770,-1.2608,33,0.8250,0.2000,5,7,5,0,0,7,5,0.2857
4,172.0000,46,15,322.0116,-79.5964,0.1208,30,0.7500,0.5000,6,5,2,0,0,5,2,0.6000
4,172.0000,46,16,736.3046,-88.4576,-0.5508,4,0.1000,1.0000,8,8,8,0,0,8,8,0.0000
4,172.0000,46,17,515.4653,-82.4997,-0.2930,24,0.6000,0.7143,7,8,8,0,0,8,8,0.0000
4,172.0000,46,20,727.4897,-86.2410,-0.1080,5,0.1250,1.0000,8,4,3,0,0,4,3,0.2500
4,172.0000,46,24,566.2222,-83.0167,-1.0065,17,0.4250,0.6667,6,7,6,0,0,7,6,0.1429
4,172.0000,46,28,408.0027,-83.8721,0.3188,10,0.2500,0.7143,7,8,7,0,0,8,7,0.1250
4,172.0000,46,30,354.3865,-81.8992,-0.3989,13,0.3250,0.8571,7,8,5,0,0,8,5,0.3750
4,172.0000,46,31,640.3749,-86.7574,-0.2556,5,0.1250,1.0000,8,7,6,0,0,7,6,0.1429
4,172.0000,46,33,829.8185,-86.6195,-0.8172,6,0.1500,1.0000,8,4,4,0,0,4,4,0.0000
4,172.0000,46,35,620.1999,-84.8901,0.1181,17,0.4250,0.8571,7,7,6,0,0,7,6,0.1429
4,172.0000,46,37,499.7610,-84.9630,-0.5310,7,0.1750,0.8889,9,8,7,0,0,8,7,0.1250
4,172.0000,46,38,356.8335,-80.6428,0.3771,9,0.2250,0.6667,6,6,4,0,0,6,4,0.3333
4,172.0000,46,39,758.9643,-87.3183,-0.1287,5,0.1250,1.0000,8,8,8,0,0,8,8,0.0000
4,172.0000,46,42,922.3227,-86.8560,0.0304,11,0.2750,1.0000,8,4,4,0,0,4,4,0.0000
4,172.0000,46,44,635.8385,-86.4593,-0.8793,6,0.1500,1.0000,8,8,7,0,0,8,7,0.1250
4,172.0000,46,47,446.3278,-84.2884,1.4323,7,0.1750,0.8571,7,5,3,0,0,5,3,0.4000
4,172.0000,47,1,1012.2857,-87.5331,-0.6546,5,0.1250,1.0000,8,6,6,0,0,6,6,0.0000
4,172.0000,47,2,941.0823,-88.6038,-0.2457,6,0.1500,,0,6,6,0,0,6,6,0.0000
4,172.0000,47,3,400.5759,-81.8141,0.1849,15,0.3750,0.8750,8,8,8,0,0,8,8,0.0000
4,172.0000,47,6,753.1336,-87.3217,0.0468,10,0.2500,1.0000,8,7,6,0,0,7,6,0.1429
4,172.0000,47,7,304.2108,-77.1350,-0.6736,31,0.7750,0.6000,5,6,2,0,0,6,2,0.6667
4,172.0000,47,8,288.6124,-79.9239,0.6041,27,0.6750,0.7143,7,8,7,0,0,8,7,0.1250
4,172.0000,47,9,379.5164,-78.7404,-1.0516,24,0.6000,0.2000,5,7,6,0,0,7,6,0.1429
4,172.0000,47,10,406.4514,-84.0077,0.4592,18,0.4500,1.0000,8,7,6,0,0,7,6,0.1429
4,172.0000,47,11,936.4880,-88.3873,0.1404,5,0.1250,,0,2,2,0,0,2,2,0.0000
4,172.0000,47,13,242.0262,-74.5660,-2.0614,34,0.8500,0.3333,6,6,2,0,0,6,2,0.6667
4,172.0000,47,14,778.5028,-87.0874,-0.1819,7,0.1750,0.8750,8,6,6,0,0,6,6,0.0000
4,172.0000,47,15,702.0440,-86.0449,1.1775,8,0.2000,0.8000,5,7,6,0,0,7,6,0.1429
4,172.0000,47,16,307.6822,-78.1363,-0.2252,27,0.6750,0.8571,7,6,3,0,0,6,3,0.5000
4,172.0000,47,17,914.1561,-87.6490,0.0280,10,0.2500,1.0000,6,4,4,0,0,4,4,0.0000
4,172.0000,47,18,734.5416,-86.0060,-0.8555,11,0.2750,1.0000,6,4,4,0,0,4,4,0.0000
4,172.0000,47,19,801.6420,-86.2860,2.1812,6,0.1500,0.7500,8,4,4,0,0,4,4,0.0000
4,172.0000,47,20,550.7541,-84.4191,0.2331,11,0.2750,0.8571,7,8,7,0,0,8,7,0.1250
4,172.0000,47,21,935.9308,-86.5787,0.8888,7,0.1750,,0,4,4,0,0,4,4,0.0000
4,172.0000,47,22,676.5475,-85.1945,0.1286,10,0.2500,1.0000,8,6,6,0,0,6,6,0.0000
4,172.0000,47,23,426.4316,-82.0354,-0.6897,18,0.4500,0.7143,7,7,5,0,0,7,5,0.2857
4,172.0000,47,24,736.4797,-85.7094,-1.2358,11,0.2750,,0,8,8,0,0,8,8,0.0000
4,172.0000,47,25,953.3657,-87.7538,0.2216,5,0.1250,0.8750,8,8,8,0,0,8,8,0.0000
4,172.0000,47,26,923.9412,-87.5758,-1.2054,3,0.0750,1.0000,4,2,2,0,0,2,2,0.0000
4,172.0000,47,28,321.5323,-80.6248,0.8075,23,0.5750,0.7143,7,7,3,0,0,7,3,0.5714
4,172.0000,47,29,1075.9199,-88.1002,0.5794,3,0.0750,0.8333,6,2,2,0,0,2,2,0.0000
4,172.0000,47,30,372.6995,-82.4219,0.9633,20,0.5000,0.8000,5,5,2,0,0,5,2,0.6000
4,172.0000,47,31,352.2751,-79.2804,-0.3666,26,0.6500,0.3333,6,7,6,0,0,7,6,0.1429
4,172.0000,47,32,733.8922,-85.2446,-0.3893,8,0.2000,0.8750,8,8,8,0,0,8,8,0.0000
4,172.0000,47,33,790.4955,-88.0568,0.2188,7,0.1750,0.6667,3,6,6,0,0,6,6,0.0000
4,172.0000,47,35,960.8601,-88.9501,0.8410,3,0.0750,1.0000,2,6,6,0,0,6,6,0.0000
4,172.0000,47,36,1157.4090,-88.7467,-0.4410,4,0.1000,1.0000,4,2,2,0,0,2,2,0.0000
4,172.0000,47,37,204.1414,-76.3355,0.6458,30,0.7500,0.3333,6,6,2,0,0,6,2,0.6667
4,172.0000,47,38,212.2689,-75.9625,-0.1394,33,0.8250,0.3333,6,5,1,0,0,5,1,0.8000
4,172.0000,47,39,387.6729,-81.5912,0.3309,17,0.4250,0.5000,6,6,3,0,0,6,3,0.5000
4,172.0000,47,40,712.6131,-86.3478,0.8389,8,0.2000,0.7500,8,8,7,0,0,8,7,0.1250
4,172.0000,47,41,488.2389,-82.8389,-0.7987,13,0.3250,0.8571,7,6,4,0,0,6,4,0.3333
4,172.0000,47,42,1093.0340,-87.8073,-0.4948,4,0.1000,0.6667,3,4,4,0,0,4,4,0.0000
4,172.0000,47,43,834.4905,-85.7497,0.0515,8,0.2000,0.8571,7,6,6,0,0,6,6,0.0000
4,172.0000,47,44,326.6872,-79.3438,-0.3533,30,0.7500,0.2000,5,6,2,0,0,6,2,0.6667
4,172.0000,47,45,1070.0550,-88.3458,-0.0441,3,0.0750,1.0000,2,2,2,0,0,2,2,0.0000
4,172.0000,47,46,446.3278,-84.4218,0.4188,16,0.4000,1.0000,8,6,4,0,0,6,4,0.3333
4,176.0000,0,1,483.9757,-83.7797,0.5108,11,0.2821,0.8571,7,6,4,0,0,6,4,0.3333
4,176.0000,0,5,462.6565,-80.8154,-0.1112,18,0.4615,0.6667,6,7,6,0,0,7,6,0.1429
4,176.0000,0,12,395.0602,-81.5023,0.3180,25,0.6410,0.4000,5,6,2,0,0,6,2,0.6667
4,176.0000,0,18,722.5994,-85.0778,-2.3642,4,0.1026,1.0000,8,8,7,0,0,8,7,0.1250
4,176.0000,0,21,754.3999,-85.1914,1.2778,3,0.0769,1.0000,8,8,7,0,0,8,7,0.1250
4,176.0000,0,26,739.5353,-86.6597,-1.4820,3,0.0769,1.0000,8,8,8,0,0,8,8,0.0000
4,176.0000,0,27,586.0876,-84.2655,-0.4126,12,0.3077,1.0000,8,8,8,0,0,8,8,0.0000
4,176.0000,0,29,770.0969,-85.7655,0.1846,7,0.1795,1.0000,8,8,8,0,0,8,8,0.0000
4,176.0000,0,34,353.5727,-79.6082,-0.3586,28,0.7179,0.5000,6,6,2,0,0,6,2,0.6667
4,176.0000,0,36,600.9926,-84.8148,-1.0671,12,0.3077,0.7143,7,8,8,0,0,8,8,0.0000
4,176.0000,0,45,438.1108,-82.7510,0.3125,14,0.3590,1.0000,8,6,2,0,0,6,2,0.6667
4,176.0000,1,0,483.9757,-83.2921,0.1260,30,0.7692,0.8571,7,8,7,0,0,8,7,0.1250
4,176.0000,1,5,52.2218,-70.3544,2.8493,32,0.8205,0.0000,4,4,0,0,0,4,0,1.0000
4,176.0000,1,9,700.8244,-86.9415,0.8431,3,0.0769,1.0000,8,8,8,0,0,8,8,0.0000
4,176.0000,1,12,450.7778,-82.3979,0.8685,21,0.5385,0.8889,9,6,4,0,0,6,4,0.3333
4,176.0000,1,18,468.6087,-82.9687,0.8482,10,0.2564,0.5714,7,8,7,0,0,8,7,0.1250
4,176.0000,1,19,483.7089,-83.6881,-0.2192,10,0.2564,1.0000,8,7,6,0,0,7,6,0.1429
4,176.0000,1,21,749.2380,-87.0941,-2.7470,4,0.1026,1.0000,8,8,8,0,0,8,8,0.0000
4,176.0000,1,25,353.0987,-81.1601,0.1478,19,0.4872,0.2000,5,7,3,0,0,7,3,0.5714
4,176.0000,1,26,580.0232,-84.4596,0.4108,12,0.3077,1.0000,8,8,8,0,0,8,8,0.0000
4,176.0000,1,27,362.1567,-81.7141,0.5376,26,0.6667,0.7143,7,6,3,0,0,6,3,0.5000
4,176.0000,1,29,311.9212,-79.0615,-0.1907,30,0.7692,0.5000,6,7,5,0,0,7,5,0.2857
4,176.0000,1,32,268.6329,-77.9875,0.5554,22,0.5641,0.0000,4,5,2,0,0,5,2,0.6000
4,176.0000,1,34,193.1622,-77.6418,1.3932,35,0.8974,0.5000,6,4,0,0,0,4,0,1.0000
4,176.0000,1,36,296.2179,-78.3033,-0.4690,32,0.8205,0.4286,7,5,1,0,0,5,1,0.8000
4,176.0000,1,40,710.7994,-85.8697,1.0715,3,0.0769,1.0000,8,8,8,0,0,8,8,0.0000
4,176.0000,1,41,820.9611,-86.6318,-0.5878,4,0.1026,1.0000,8,8,8,0,0,8,8,0.0000
4,176.0000,1,44,935.5610,-88.7079,-0.3165,3,0.0769,1.0000,4,4,4,0,0,4,4,0.0000
4,176.0000,1,45,535.9461,-84.0346,-0.6394,12,0.3077,1.0000,8,8,8,0,0,8,8,0.0000
4,176.0000,2,3,757.4457,-87.2148,0.4261,5,0.1250,1.0000,6,10,10,0,0,10,10,0.0000
4,176.0000,2,4,237.2599,-76.4642,-1.0814,37,0.9250,0.0000,4,4,0,0,0,4,0,1.0000
4,176.0000,2,6,647.9161,-86.7550,1.5167,6,0.1500,0.6667,6,8,8,0,0,8,8,0.0000
4,176.0000,2,8,852.5187,-87.7064,-0.6927,5,0.1250,1.0000,6,8,8,0,0,8,8,0.0000
4,176.0000,2,11,356.4227,-79.3361,-0.2130,33,0.8250,0.4000,5,8,7,0,0,8,7,0.1250
4,176.0000,2,14,443.0759,-83.1806,0.3537,14,0.3500,0.8571,7,6,3,0,0,6,3,0.5000
4,176.0000,2,15,371.6129,-80.6276,-0.1806,21,0.5250,0.8571,7,7,6,0,0,7,6,0.1429
4,176.0000,2,17,259.5271,-74.5200,-2.1442,33,0.8250,0.0000,4,8,6,0,0,8,6,0.2500
4,176.0000,2,20,831.7155,-89.0704,0.2696,3,0.0750,1.0000,6,8,8,0,0,8,8,0.0000
4,176.0000,2,24,532.7762,-84.7657,0.7348,11,0.2750,1.0000,8,8,8,0,0,8,8,0.0000
4,176.0000,2,28,964.8198,-89.3016,0.4274,3,0.0750,1.0000,8,2,2,0,0,2,2,0.0000
4,176.0000,2,30,875.9189,-86.6068,-1.3277,4,0.1000,1.0000,8,6,6,0,0,6,6,0.0000
4,176.0000,2,33,728.2043,-88.7404,-0.0577,6,0.1500,1.0000,4,8,8,0,0,8,8,0.0000
4,176.0000,2,35,318.0535,-80.6779,0.5281,27,0.6750,0.3333,6,8,7,0,0,8,7,0.1250
4,176.0000,2,37,783.3798,-87.0847,-0.7851,4,0.1000,1.0000,8,6,4,0,0,6,4,0.3333
4,176.0000,2,38,629.4500,-85.7247,1.3532,5,0.1250,0.8571,7,8,8,0,0,8,8,0.0000
4,176.0000,2,42,635.9828,-85.1126,-0.4459,10,0.2500,1.0000,8,6,5,0,0,6,5,0.1667
4,176.0000,2,46,626.0092,-85.2414,-0.0854,7,0.1750,0.8571,7,8,8,0,0,8,8,0.0000
4,176.0000,2,47,802.2605,-87.2533,0.1614,3,0.0750,1.0000,8,8,8,0,0,8,8,0.0000
4,176.0000,3,2,757.4457,-87.3116,0.7462,8,0.1951,0.7143,7,8,8,0,0,8,8,0.0000
4,176.0000,3,4,933.3893,-88.1631,1.0814,4,0.0976,1.0000,6,4,4,0,0,4,4,0.0000
4,176.0000,3,6,467.4647,-83.1172,0.3361,18,0.4390,0.7143,7,6,3,0,0,6,3,0.5000
4,176.0000,3,7,301.1358,-79.4043,0.7676,33,0.8049,0.7143,7,6,3,0,0,6,3,0.5000
4,176.0000,3,8,374.5365,-82.8795,0.6800,22,0.5366,0.6667,6,6,4,0,0,6,4,0.3333
4,176.0000,3,9,522.2509,-83.6973,-0.2799,17,0.4146,1.0000,8,6,6,0,0,6,6,0.0000
4,176.0000,3,10,641.4339,-86.7854,0.0329,10,0.2439,1.0000,8,7,6,0,0,7,6,0.1429
4,176.0000,3,11,962.6816,-88.4684,-0.7972,6,0.1463,,0,6,6,0,0,6,6,0.0000
4,176.0000,3,13,639.8433,-85.6867,0.0814,10,0.2439,1.0000,8,8,7,0,0,8,7,0.1250
4,176.0000,3,14,839.9495,-88.4398,-0.0626,7,0.1707,,0,4,4,0,0,4,4,0.0000
4,176.0000,3,15,593.1658,-85.7103,0.7218,14,0.3415,0.5000,4,7,5,0,0,7,5,0.2857
4,176.0000,3,16,301.6942,-79.9132,1.2405,26,0.6341,0.5714,7,4,0,0,0,4,0,1.0000
4,176.0000,3,18,1073.4743,-88.8795,0.7385,6,0.1463,1.0000,4,2,2,0,0,2,2,0.0000
4,176.0000,3,19,767.2502,-86.8094,0.8519,11,0.2683,1.0000,4,8,8,0,0,8,8,0.0000
4,176.0000,3,20,142.5579,-72.5842,0.7753,38,0.9268,0.0000,4,4,0,0,0,4,0,1.0000
4,176.0000,3,22,424.6262,-80.8351,-0.2396,34,0.8293,0.7500,8,7,4,0,0,7,4,0.4286
4,176.0000,3,23,355.8884,-80.8605,0.4879,24,0.5854,0.8571,7,7,5,0,0,7,5,0.2857
4,176.0000,3,24,583.4507,-84.8744,0.7762,15,0.3659,0.8750,8,8,7,0,0,8,7,0.1250
4,176.0000,3,28,645.1624,-85.0603,0.2622,13,0.3171,1.0000,8,8,7,0,0,8,7,0.1250
4,176.0000,3,29,1043.8715,-89.5759,-0.0377,3,0.0732,,0,4,4,0,0,4,4,0.0000
4,176.0000,3,30,651.2066,-85.3539,-0.3278,17,0.4146,1.0000,8,8,7,0,0,8,7,0.1250
4,176.0000,3,31,743.5961,-86.7514,-0.0054,11,0.2683,0.8571,7,8,6,0,0,8,6,0.2500
4,176.0000,3,32,933.5575,-87.5199,0.0347,8,0.1951,1.0000,8,8,8,0,0,8,8,0.0000
4,176.0000,3,33,408.6006,-81.7822,0.2379,26,0.6341,0.8571,7,7,5,0,0,7,5,0.2857
4,176.0000,3,37,269.0853,-77.2251,0.2550,32,0.7805,0.3333,6,8,8,0,0,8,8,0.0000
4,176.0000,3,38,262.4779,-78.3266,0.0621,31,0.7561,0.8571,7,5,1,0,0,5,1,0.8000
4,176.0000,3,39,367.3343,-79.7685,-0.7008,25,0.6098,0.6250,8,8,6,51,46,59,52,0.1186
4,176.0000,3,41,384.5511,-81.5879,0.0408,23,0.5610,0.5000,6,7,6,0,0,7,6,0.1429
4,176.0000,3,42,844.5007,-86.9538,-0.6392,12,0.2927,1.0000,2,6,6,0,0,6,6,0.0000
4,176.0000,3,43,617.1962,-86.1977,0.4226,14,0.3415,1.0000,8,3,2,0,0,3,2,0.3333
4,176.0000,3,44,720.2938,-86.1768,0.4610,17,0.4146,0.8571,7,8,8,0,0,8,8,0.0000
4,176.0000,3,46,531.0401,-84.9479,0.6907,18,0.4390,0.8750,8,6,3,0,0,6,3,0.5000
4,176.0000,3,47,380.9436,-81.5283,0.4736,25,0.6098,0.5000,6,7,5,0,0,7,5,0.2857
4,176.0000,4,2,237.2599,-75.8998,-0.2441,37,0.9250,0.0000,4,6,3,0,0,6,3,0.5000
4,176.0000,4,11,320.6564,-79.8498,0.2630,29,0.7250,0.5000,6,6,2,0,0,6,2,0.6667
4,176.0000,4,14,440.3325,-82.0226,-0.4343,21,0.5250,0.6667,6,6,4,0,0,6,4,0.3333
4,176.0000,4,15,493.3616,-83.5784,0.8270,13,0.3250,1.0000,8,8,8,0,0,8,8,0.0000
4,176.0000,4,17,50.5647,-67.4080,2.6660,37,0.9250,0.0000,4,6,1,0,0,6,1,0.8333
4,176.0000,4,24,765.3078,-87.2358,0.1256,5,0.1250,0.7143,7,8,7,0,0,8,7,0.1250
4,176.0000,4,35,454.3553,-83.0204,0.5094,18,0.4500,0.8571,7,6,4,0,0,6,4,0.3333
4,176.0000,4,42,850.4521,-86.7887,-0.0981,4,0.1000,1.0000,8,8,8,0,0,8,8,0.0000
4,176.0000,4,46,683.5087,-84.3121,0.0401,8,0.2000,1.0000,8,8,8,0,0,8,8,0.0000
4,176.0000,5,0,462.6565,-81.3847,-0.8601,27,0.6750,0.7143,7,7,6,0,0,7,6,0.1429
4,176.0000,5,1,52.2218,-69.7182,2.9048,37,0.9250,0.3333,6,4,0,0,0,4,0,1.0000
4,176.0000,5,9,750.3268,-86.5926,-1.0120,3,0.0750,1.0000,8,8,8,0,0,8,8,0.0000
4,176.0000,5,12,465.3774,-81.7660,-0.2969,23,0.5750,0.7143,7,8,7,0,0,8,7,0.1250
4,176.0000,5,18,495.4475,-84.3846,1.5618,14,0.3500,0.5000,6,8,7,0,0,8,7,0.1250
4,176.0000,5,19,520.7301,-85.0964,-0.6378,10,0.2500,0.5000,6,7,5,0,0,7,5,0.2857
4,176.0000,5,21,781.1774,-87.5998,-0.1822,7,0.1750,1.0000,8,8,8,0,0,8,8,0.0000
4,176.0000,5,25,375.5766,-82.5572,0.9972,19,0.4750,0.8571,7,6,3,0,0,6,3,0.5000
4,176.0000,5,26,613.4564,-84.9134,-0.1522,10,0.2500,1.0000,8,8,8,0,0,8,8,0.0000
4,176.0000,5,27,351.3151,-81.5165,0.5449,27,0.6750,0.4000,5,6,2,0,0,6,2,0.6667
4,176.0000,5,29,328.9271,-81.4195,0.7565,28,0.7000,0.4000,5,5,1,0,0,5,1,0.8000
4,176.0000,5,32,314.3128,-81.5055,1.3431,18,0.4500,0.8571,7,4,0,0,0,4,0,1.0000
4,176.0000,5,34,148.7218,-72.9673,0.2619,39,0.9750,0.2500,4,5,0,0,0,5,0,1.0000
4,176.0000,5,36,279.9493,-77.7829,-0.5439,37,0.9250,0.2000,5,6,4,0,0,6,4,0.3333
4,176.0000,5,39,885.3385,-86.9337,0.4758,4,0.1000,1.0000,6,6,6,0,0,6,6,0.0000
4,176.0000,5,40,753.3253,-87.3006,-0.2971,7,0.1750,1.0000,8,6,4,0,0,6,4,0.3333
4,176.0000,5,41,867.9567,-88.1989,-0.2563,3,0.0750,1.0000,8,8,8,0,0,8,8,0.0000
4,176.0000,5,43,751.0066,-87.9135,-0.1516,4,0.1000,1.0000,8,8,7,0,0,8,7,0.1250
4,176.0000,5,45,555.0012,-84.8152,0.4359,15,0.3750,0.7500,8,6,4,0,0,6,4,0.3333
4,176.0000,6,2,647.9161,-86.6295,0.9786,7,0.1750,0.8750,8,7,6,0,0,7,6,0.1429
4,176.0000,6,3,467.4647,-83.0963,0.5912,9,0.2250,0.7143,7,8,7,0,0,8,7,0.1250
4,176.0000,6,7,594.9845,-85.2888,0.3638,5,0.1250,1.0000,8,8,8,0,0,8,8,0.0000
4,176.0000,6,8,804.8901,-88.4839,1.1637,3,0.0750,1.0000,8,8,8,0,0,8,8,0.0000
4,176.0000,6,9,962.5776,-87.4675,-0.1802,3,0.0750,0.8571,7,8,8,0,0,8,8,0.0000
4,176.0000,6,11,808.2091,-87.1721,-1.3694,8,0.2000,1.0000,8,8,7,0,0,8,7,0.1250
4,176.0000,6,14,758.9320,-86.3855,1.1577,8,0.2000,0.8000,5,8,8,0,0,8,8,0.0000
4,176.0000,6,15,517.8790,-83.7927,0.3551,12,0.3000,1.0000,8,8,8,0,0,8,8,0.0000
4,176.0000,6,16,737.0006,-87.3944,1.2045,5,0.1250,1.0000,8,8,8,0,0,8,8,0.0000
4,176.0000,6,17,882.2496,-87.6562,0.3312,5,0.1250,1.0000,2,4,4,0,0,4,4,0.0000
4,176.0000,6,20,487.9123,-83.1736,-0.1025,12,0.3000,0.8571,7,7,6,0,0,7,6,0.1429
4,176.0000,6,22,684.3176,-86.1344,2.1780,6,0.1500,0.8571,7,8,8,0,0,8,8,0.0000
4,176.0000,6,23,819.5604,-86.4577,2.0378,4,0.1000,1.0000,6,8,8,0,0,8,8,0.0000
4,176.0000,6,24,182.4023,-76.1760,0.6945,32,0.8000,0.2000,5,6,2,0,0,6,2,0.6667
4,176.0000,6,33,286.3002,-78.4720,-0.1183,28,0.7000,0.0000,4,7,4,6,4,13,8,0.3846
4,176.0000,6,35,573.0344,-84.3632,0.8108,16,0.4000,1.0000,8,8,7,0,0,8,7,0.1250
4,176.0000,6,37,577.6826,-85.0291,1.2132,7,0.1750,1.0000,8,8,7,0,0,8,7,0.1250
4,176.0000,6,38,507.7462,-84.5342,0.4079,11,0.2750,1.0000,8,8,7,0,0,8,7,0.1250
4,176.0000,6,39,754.7338,-86.9730,0.5889,7,0.1750,1.0000,8,8,8,0,0,8,8,0.0000
4,176.0000,6,41,811.4118,-88.5869,0.9888,3,0.0750,1.0000,8,8,8,0,0,8,8,0.0000
4,176.0000,6,42,539.2232,-83.8085,0.9700,17,0.4250,0.6250,8,7,6,0,0,7,6,0.1429
4,176.0000,6,46,713.9123,-87.1599,-0.0881,6,0.1500,1.0000,8,8,8,0,0,8,8,0.0000
4,176.0000,6,47,697.8368,-85.6937,0.6889,7,0.1750,0.8750,8,8,8,0,0,8,8,0.0000
4,176.0000,7,3,301.1358,-79.0157,-0.1233,25,0.6250,0.6667,6,7,6,0,0,7,6,0.1429
4,176.0000,7,6,594.9845,-85.1909,0.4262,10,0.2500,0.7500,8,5,4,0,0,5,4,0.2000
4,176.0000,7,8,496.8543,-84.1971,0.3098,14,0.3500,1.0000,8,8,8,0,0,8,8,0.0000
4,176.0000,7,9,433.1853,-80.4439,-0.8540,19,0.4750,0.7143,7,8,8,0,0,8,8,0.0000
4,176.0000,7,10,595.8814,-84.9095,-0.2099,10,0.2500,0.8750,8,7,6,0,0,7,6,0.1429
4,176.0000,7,13,565.4291,-84.5429,-0.5794,11,0.2750,1.0000,8,8,8,0,0,8,8,0.0000
4,176.0000,7,14,978.7695,-88.1525,0.7388,4,0.1000,1.0000,4,6,6,0,0,6,6,0.0000
4,176.0000,7,15,751.6044,-87.4502,-0.2230,5,0.1250,,0,4,4,0,0,4,4,0.0000
4,176.0000,7,16,239.2888,-77.5901,-0.1229,28,0.7000,0.5000,6,5,2,0,0,5,2,0.6000
4,176.0000,7,18,878.5834,-86.2040,-1.1225,8,0.2000,1.0000,6,6,6,0,0,6,6,0.0000
4,176.0000,7,19,570.6058,-84.7059,-0.4478,12,0.3000,1.0000,8,8,8,0,0,8,8,0.0000
4,176.0000,7,20,345.0586,-81.0417,0.8292,22,0.5500,0.7143,7,6,3,0,0,6,3,0.5000
4,176.0000,7,22,566.4374,-84.5840,-0.3129,10,0.2500,0.8750,8,7,5,0,0,7,5,0.2857
4,176.0000,7,23,472.3722,-82.3317,-0.5339,13,0.3250,0.8750,8,7,6,0,0,7,6,0.1429
4,176.0000,7,24,758.4614,-87.1080,0.0419,7,0.1750,1.0000,8,8,8,0,0,8,8,0.0000
4,176.0000,7,25,841.5954,-86.8328,0.5999,9,0.2250,1.0000,8,5,4,0,0,5,4,0.2000
4,176.0000,7,26,950.8642,-88.1092,-1.8318,3,0.0750,1.0000,2,2,2,0,0,2,2,0.0000
4,176.0000,7,28,641.4482,-85.2878,1.9191,8,0.2000,1.0000,8,8,8,0,0,8,8,0.0000
4,176.0000,7,30,714.9679,-86.0742,0.1398,7,0.1750,1.0000,8,8,7,0,0,8,7,0.1250
4,176.0000,7,31,691.5308,-84.7118,-0.9505,9,0.2250,1.0000,8,8,8,0,0,8,8,0.0000
4,176.0000,7,32,749.1185,-85.0985,-0.3250,8,0.2000,1.0000,6,5,4,0,0,5,4,0.2000
4,176.0000,7,33,600.4258,-85.0786,0.6319,13,0.3250,1.0000,4,8,8,0,0,8,8,0.0000
4,176.0000,7,36,1108.5713,-87.5213,0.3136,6,0.1500,,0,4,4,0,0,4,4,0.0000
4,176.0000,7,37,298.6936,-76.7400,-0.9402,27,0.6750,0.8571,7,6,4,0,0,6,4,0.3333
4,176.0000,7,38,414.5672,-81.8872,-0.2712,24,0.6000,0.8750,8,8,8,0,0,8,8,0.0000
4,176.0000,7,39,192.1759,-73.1175,-0.3635,32,0.8000,0.2000,5,7,5,0,0,7,5,0.2857
4,176.0000,7,41,312.4524,-79.8678,0.6702,18,0.4500,0.6667,6,6,3,0,0,6,3,0.5000
4,176.0000,7,43,530.7130,-84.1655,0.9472,13,0.3250,1.0000,8,7,6,0,0,7,6,0.1429
4,176.0000,7,44,669.2762,-84.2003,-0.3483,10,0.2500,1.0000,8,8,8,0,0,8,8,0.0000
4,176.0000,7,46,635.3305,-85.2530,0.8361,11,0.2750,0.7143,7,8,8,0,0,8,8,0.0000
4,176.0000,7,47,411.2526,-79.9765,-0.6306,22,0.5500,0.5000,6,8,8,0,0,8,8,0.0000
4,176.0000,8,3,374.5365,-81.5494,0.9286,18,0.4390,0.7143,7,8,6,0,0,8,6,0.2500
4,176.0000,8,4,947.2928,-87.9431,0.7930,5,0.1220,1.0000,2,6,6,0,0,6,6,0.0000
4,176.0000,8,6,804.8901,-86.1650,-0.1362,5,0.1220,1.0000,8,6,6,0,0,6,6,0.0000
4,176.0000,8,7,496.8543,-82.9708,-0.2394,11,0.2683,1.0000,8,7,6,0,0,7,6,0.1429
4,176.0000,8,9,438.9157,-82.3118,-1.0701,13,0.3171,0.5000,6,7,5,0,0,7,5,0.2857
4,176.0000,8,10,362.3807,-81.2128,0.1731,19,0.4634,0.7143,7,7,6,0,0,7,6,0.1429
4,176.0000,8,13,395.4693,-80.7831,0.3189,18,0.4390,0.4000,5,7,6,0,0,7,6,0.1429
4,176.0000,8,14,871.0799,-87.2663,-0.7382,5,0.1220,1.0000,8,6,6,0,0,6,6,0.0000
4,176.0000,8,15,694.2620,-84.8012,-0.4449,6,0.1463,0.8571,7,7,5,0,0,7,5,0.2857
4,176.0000,8,16,318.4371,-80.5669,0.3127,17,0.4146,0.6667,6,7,5,0,0,7,5,0.2857
4,176.0000,8,17,919.2729,-86.3938,-1.0870,4,0.0976,,0,4,4,0,0,4,4,0.0000
4,176.0000,8,19,795.6361,-87.6516,-0.6092,5,0.1220,1.0000,2,8,8,0,0,8,8,0.0000
4,176.0000,8,20,463.6795,-84.3951,0.7993,9,0.2195,0.8000,5,8,8,0,0,8,8,0.0000
4,176.0000,8,21,956.3554,-88.3941,-0.4379,4,0.0976,0.8333,6,6,6,0,0,6,6,0.0000
4,176.0000,8,22,648.3439,-85.4039,0.2582,11,0.2683,1.0000,8,8,8,0,0,8,8,0.0000
4,176.0000,8,23,183.3921,-77.8487,1.5995,26,0.6341,0.6667,6,4,0,0,0,4,0,1.0000
4,176.0000,8,24,889.5309,-87.1606,0.1180,6,0.1463,1.0000,8,4,4,0,0,4,4,0.0000
4,176.0000,8,26,849.7632,-86.9556,0.1828,3,0.0732,1.0000,2,8,8,0,0,8,8,0.0000
4,176.0000,8,28,394.0970,-81.1610,-0.6096,23,0.5610,0.4000,5,7,4,0,0,7,4,0.4286
4,176.0000,8,30,366.0724,-79.2682,-0.6602,26,0.6341,0.0000,3,9,7,0,0,9,7,0.2222
4,176.0000,8,31,466.9786,-82.5365,-0.6155,17,0.4146,0.7143,7,7,4,0,0,7,4,0.4286
4,176.0000,8,32,872.8172,-87.4562,-1.0503,4,0.0976,1.0000,4,5,4,0,0,5,4,0.2000
4,176.0000,8,33,758.2349,-87.7474,0.1970,7,0.1707,1.0000,6,8,8,0,0,8,8,0.0000
4,176.0000,8,37,329.3588,-80.4694,1.3867,19,0.4634,0.8571,7,7,4,0,0,7,4,0.4286
4,176.0000,8,38,351.9479,-80.1196,-1.0232,18,0.4390,1.0000,6,7,6,0,0,7,6,0.1429
4,176.0000,8,39,443.6972,-83.7186,1.6360,9,0.2195,1.0000,8,7,6,0,0,7,6,0.1429
4,176.0000,8,40,684.9494,-85.6504,-0.4568,9,0.2195,0.8333,6,8,8,0,0,8,8,0.0000
4,176.0000,8,41,415.5605,-81.2653,1.7563,11,0.2683,1.0000,8,8,7,0,0,8,7,0.1250
4,176.0000,8,43,683.0085,-87.8287,0.0331,5,0.1220,0.8571,7,8,7,0,0,8,7,0.1250
4,176.0000,8,44,419.8803,-81.1399,-0.4970,23,0.5610,0.5833,12,8,8,0,0,8,8,0.0000
4,176.0000,8,46,447.0310,-83.3302,-0.3991,14,0.3415,1.0000,8,8,7,0,0,8,7,0.1250
4,176.0000,8,47,285.5315,-77.3789,-0.0360,28,0.6829,0.7143,7,4,2,0,0,4,2,0.5000
4,176.0000,9,1,700.8244,-86.7802,-0.0891,11,0.2750,0.7143,7,7,6,0,0,7,6,0.1429
4,176.0000,9,3,522.2509,-81.9683,-1.0119,14,0.3500,0.8571,7,7,6,0,0,7,6,0.1429
4,176.0000,9,5,750.3268,-88.2046,-0.7687,7,0.1750,1.0000,8,6,6,0,0,6,6,0.0000
4,176.0000,9,6,962.5776,-88.7454,-0.2864,4,0.1000,1.0000,6,2,2,0,0,2,2,0.0000
4,176.0000,9,7,433.1853,-81.2654,-0.8866,16,0.4000,0.8571,7,6,4,0,0,6,4,0.3333
4,176.0000,9,8,438.9157,-82.5054,0.4611,13,0.3250,0.7143,7,8,8,0,0,8,8,0.0000
4,176.0000,9,10,499.7163,-82.7861,0.2329,13,0.3250,1.0000,8,6,4,0,0,6,4,0.3333
4,176.0000,9,12,843.9948,-88.2222,-0.6995,5,0.1250,1.0000,2,6,6,0,0,6,6,0.0000
4,176.0000,9,13,495.5602,-81.9326,-0.4918,14,0.3500,1.0000,8,8,8,0,0,8,8,0.0000
4,176.0000,9,16,238.8852,-72.4399,-2.1391,30,0.7500,0.0000,5,7,6,0,0,7,6,0.1429
4,176.0000,9,18,630.9868,-86.3652,0.3279,9,0.2250,1.0000,8,8,8,0,0,8,8,0.0000
4,176.0000,9,19,369.3134,-82.7056,0.5855,16,0.4000,0.5714,7,6,3,0,0,6,3,0.5000
4,176.0000,9,20,524.8674,-84.0528,0.7919,15,0.3750,1.0000,6,7,6,0,0,7,6,0.1429
4,176.0000,9,21,811.7075,-85.8228,-0.3056,6,0.1500,1.0000,8,4,4,0,0,4,4,0.0000
4,176.0000,9,22,597.0840,-83.9896,-0.3588,15,0.3750,1.0000,8,6,6,0,0,6,6,0.0000
4,176.0000,9,23,326.3435,-77.7141,-1.3603,25,0.6250,0.5000,6,8,7,0,0,8,7,0.1250
4,176.0000,9,25,592.9463,-85.5156,-0.2976,13,0.3250,0.8571,7,8,8,0,0,8,8,0.0000
4,176.0000,9,26,645.7814,-85.2991,-0.1072,8,0.2000,0.8000,5,8,8,0,0,8,8,0.0000
4,176.0000,9,27,878.8578,-87.4557,-0.3877,7,0.1750,1.0000,6,2,2,0,0,2,2,0.0000
4,176.0000,9,28,655.0908,-86.2037,-0.4616,8,0.2000,1.0000,8,7,6,0,0,7,6,0.1429
4,176.0000,9,29,614.5871,-85.2565,0.8142,10,0.2500,,0,8,7,0,0,8,7,0.1250
4,176.0000,9,30,713.7274,-85.0231,0.8062,7,0.1750,1.0000,8,7,6,0,0,7,6,0.1429
4,176.0000,9,31,617.9743,-85.2755,-0.4456,9,0.2250,1.0000,8,7,6,0,0,7,6,0.1429
4,176.0000,9,32,446.5646,-82.7185,-0.5263,14,0.3500,0.8571,7,8,7,0,0,8,7,0.1250
4,176.0000,9,33,870.7074,-87.8989,-0.7527,4,0.1000,0.8333,6,6,6,0,0,6,6,0.0000
4,176.0000,9,34,889.0012,-88.4440,-0.0449,6,0.1500,,0,4,4,0,0,4,4,0.0000
4,176.0000,9,36,840.2126,-87.8499,0.0865,8,0.2000,1.0000,4,4,4,0,0,4,4,0.0000
4,176.0000,9,37,540.1077,-82.3697,-0.9425,12,0.3000,0.5714,7,8,8,0,0,8,8,0.0000
4,176.0000,9,38,650.0073,-85.5425,-0.8366,11,0.2750,0.8571,7,7,6,0,0,7,6,0.1429
4,176.0000,9,39,243.7108,-77.2603,0.2986,25,0.6250,0.0000,4,6,3,0,0,6,3,0.5000
4,176.0000,9,40,562.4478,-84.9881,0.3130,13,0.3250,0.8750,8,6,4,0,0,6,4,0.3333
4,176.0000,9,41,161.7230,-73.7539,0.3981,35,0.8750,0.3333,6,4,0,0,0,4,0,1.0000
4,176.0000,9,43,315.7638,-81.6637,1.3341,20,0.5000,0.8750,8,5,1,0,0,5,1,0.8000
4,176.0000,9,44,504.9408,-84.3624,-0.9878,10,0.2500,0.8000,5,8,8,0,0,8,8,0.0000
4,176.0000,9,45,864.2320,-88.0774,0.0122,8,0.2000,1.0000,2,10,10,0,0,10,10,0.0000
4,176.0000,9,46,812.2232,-86.7571,-0.0837,5,0.1250,0.8571,7,6,6,0,0,6,6,0.0000
4,176.0000,9,47,560.4343,-81.8800,-0.1845,13,0.3250,0.7500,8,7,6,0,0,7,6,0.1429
4,176.0000,10,3,641.4339,-85.8768,3.0521,3,0.0750,0.8571,7,8,8,0,0,8,8,0.0000
4,176.0000,10,7,595.8814,-83.5017,0.2175,10,0.2500,0.8571,7,8,8,0,0,8,8,0.0000
4,176.0000,10,8,362.3807,-82.7330,-0.8687,10,0.2500,1.0000,8,7,6,0,0,7,6,0.1429
4,176.0000,10,9,499.7163,-83.4182,-0.2870,13,0.3250,0.8571,7,8,8,0,0,8,8,0.0000
4,176.0000,10,12,934.4890,-86.3687,0.6353,3,0.0750,1.0000,2,6,6,0,0,6,6,0.0000
4,176.0000,10,13,66.1912,-69.6713,2.7421,39,0.9750,0.0000,4,4,0,0,0,4,0,1.0000
4,176.0000,10,16,459.6348,-83.7905,0.2868,9,0.2250,0.7273,11,8,7,0,0,8,7,0.1250
4,176.0000,10,18,647.1534,-84.3027,-0.7531,12,0.3000,0.8571,7,8,7,0,0,8,7,0.1250
4,176.0000,10,19,794.9402,-86.3339,0.5329,3,0.0750,1.0000,4,8,7,0,0,8,7,0.1250
4,176.0000,10,20,744.3700,-87.5444,3.2117,5,0.1250,1.0000,6,7,5,0,0,7,5,0.2857
4,176.0000,10,21,741.3052,-85.8037,-0.7697,10,0.2500,0.8750,8,8,8,0,0,8,8,0.0000
4,176.0000,10,23,473.6393,-83.1855,0.7952,10,0.2500,0.6667,6,8,8,0,0,8,8,0.0000
4,176.0000,10,25,1018.5167,-87.9950,-1.1865,5,0.1250,1.0000,4,6,6,0,0,6,6,0.0000
4,176.0000,10,26,595.3989,-85.6804,-1.1597,8,0.2000,1.0000,8,7,6,0,0,7,6,0.1429
4,176.0000,10,28,198.5764,-78.1858,1.0625,31,0.7750,0.2000,5,6,2,0,0,6,2,0.6667
4,176.0000,10,30,297.5775,-80.5816,0.7947,22,0.5500,0.5000,6,6,3,0,0,6,3,0.5000
4,176.0000,10,31,124.7069,-68.4284,-1.0538,38,0.9500,0.0000,4,4,0,0,0,4,0,1.0000
4,176.0000,10,32,804.8944,-86.5389,0.1542,7,0.1750,1.0000,8,8,8,0,0,8,8,0.0000
4,176.0000,10,37,452.9775,-83.9152,0.0955,9,0.2250,1.0000,8,8,8,0,0,8,8,0.0000
4,176.0000,10,38,548.2968,-86.1279,0.7759,7,0.1750,1.0000,8,7,5,0,0,7,5,0.2857
4,176.0000,10,39,531.0155,-85.9537,-0.3338,9,0.2250,0.8571,7,7,5,0,0,7,5,0.2857
4,176.0000,10,40,465.4793,-81.6451,-0.9057,21,0.5250,0.8750,8,8,7,0,0,8,7,0.1250
4,176.0000,10,41,556.5186,-84.3589,0.4672,9,0.2250,0.8571,7,7,5,0,0,7,5,0.2857
4,176.0000,10,44,105.7438,-65.1519,0.1272,38,0.9500,0.2000,5,4,0,0,0,4,0,1.0000
4,176.0000,10,46,517.5840,-84.9811,0.1133,9,0.2250,0.7143,7,6,4,0,0,6,4,0.3333
4,176.0000,10,47,344.9041,-80.9294,0.9433,13,0.3250,0.8571,7,6,4,0,0,6,4,0.3333
4,176.0000,11,2,356.4227,-79.5392,-0.9040,29,0.7250,0.2000,5,6,3,0,0,6,3,0.5000
4,176.0000,11,4,320.6564,-79.5710,0.2009,33,0.8250,0.0000,4,7,4,0,0,7,4,0.4286
4,176.0000,11,6,808.2091,-86.9924,0.0075,5,0.1250,1.0000,8,7,5,0,0,7,5,0.2857
4,176.0000,11,14,236.0333,-77.9089,0.8016,36,0.9000,0.0000,4,7,3,0,0,7,3,0.5714
4,176.0000,11,15,388.7455,-79.3113,-0.6413,22,0.5500,0.6667,6,8,8,0,0,8,8,0.0000
4,176.0000,11,17,322.0134,-79.3325,0.0980,32,0.8000,0.5000,6,5,2,0,0,5,2,0.6000
4,176.0000,11,24,712.2773,-86.6488,-0.0605,7,0.1750,1.0000,8,8,8,0,0,8,8,0.0000
4,176.0000,11,35,283.4314,-79.5378,0.3662,34,0.8500,0.0000,4,4,0,0,0,4,0,1.0000
4,176.0000,11,46,657.2692,-83.4333,-0.4913,5,0.1250,0.6667,6,8,8,0,0,8,8,0.0000
4,176.0000,12,0,395.0602,-82.0559,-0.5133,20,0.4878,0.4000,5,6,4,0,0,6,4,0.3333
4,176.0000,12,1,450.7778,-82.4462,-1.0168,16,0.3902,0.5714,7,8,6,0,0,8,6,0.2500
4,176.0000,12,5,465.3774,-82.0119,-0.0681,19,0.4634,0.8571,7,7,6,0,0,7,6,0.1429
4,176.0000,12,18,410.2232,-82.3155,-0.4495,11,0.2683,0.6667,6,7,5,0,0,7,5,0.2857
4,176.0000,12,19,813.8745,-85.4276,-0.8893,3,0.0732,1.0000,8,8,8,0,0,8,8,0.0000
4,176.0000,12,21,381.8312,-80.6669,0.6324,22,0.5366,0.7143,7,5,2,0,0,5,2,0.6000
4,176.0000,12,25,763.6184,-85.5332,0.4757,5,0.1220,1.0000,8,8,8,0,0,8,8,0.0000
4,176.0000,12,26,356.5743,-81.4962,0.1194,18,0.4390,0.6667,6,5,2,0,0,5,2,0.6000
4,176.0000,12,27,727.5264,-86.6937,-0.3821,5,0.1220,1.0000,8,6,4,0,0,6,4,0.3333
4,176.0000,12,29,741.3806,-85.8078,-2.4517,3,0.0732,1.0000,8,8,8,0,0,8,8,0.0000
4,176.0000,12,31,961.2958,-89.1920,3.1587,3,0.0732,1.0000,2,8,8,0,0,8,8,0.0000
4,176.0000,12,32,586.5221,-85.3945,-0.0852,6,0.1463,0.8571,7,8,8,0,0,8,8,0.0000
4,176.0000,12,34,445.6260,-81.7184,-0.6192,21,0.5122,0.7143,7,7,5,0,0,7,5,0.2857
4,176.0000,12,36,711.3768,-84.9129,-0.8548,7,0.1707,0.8750,8,8,7,0,0,8,7,0.1250
4,176.0000,12,40,508.8733,-82.9785,0.0288,11,0.2683,0.8750,8,7,5,0,0,7,5,0.2857
4,176.0000,12,45,120.5217,-72.7964,2.0555,36,0.8780,0.0000,4,5,1,0,0,5,1,0.8000
4,176.0000,13,1,964.0085,-87.7015,-0.8056,7,0.1750,1.0000,8,6,6,0,0,6,6,0.0000
4,176.0000,13,3,639.8433,-85.4896,-0.1040,9,0.2250,0.8000,5,10,9,0,0,10,9,0.1000
4,176.0000,13,6,1016.3949,-88.6310,0.3704,5,0.1250,1.0000,4,4,4,0,0,4,4,0.0000
4,176.0000,13,7,565.4291,-83.5499,0.2266,13,0.3250,0.7143,7,7,6,0,0,7,6,0.1429
4,176.0000,13,8,395.4693,-81.5798,-1.3699,19,0.4750,0.5000,6,8,8,0,0,8,8,0.0000
4,176.0000,13,9,495.5602,-82.5162,-0.3150,15,0.3750,1.0000,8,8,8,0,0,8,8,0.0000
4,176.0000,13,10,66.1912,-69.0962,2.5072,36,0.9000,0.0000,4,4,0,0,0,4,0,1.0000
4,176.0000,13,14,972.6137,-88.3248,0.7621,5,0.1250,1.0000,8,2,2,0,0,2,2,0.0000
4,176.0000,13,15,852.3046,-87.2919,-0.7797,4,0.1000,1.0000,4,2,2,0,0,2,2,0.0000
4,176.0000,13,16,449.7661,-80.6954,-0.1249,18,0.4500,0.6000,5,8,8,0,0,8,8,0.0000
4,176.0000,13,18,618.6856,-84.7112,0.0127,11,0.2750,1.0000,4,9,7,0,0,9,7,0.2222
4,176.0000,13,19,768.8621,-87.9592,1.2783,4,0.1000,0.6667,3,6,6,0,0,6,6,0.0000
4,176.0000,13,20,743.4700,-85.6997,-0.2932,8,0.2000,0.8571,7,4,4,0,0,4,4,0.0000
4,176.0000,13,21,758.5117,-86.2897,0.2622,9,0.2250,1.0000,8,6,6,0,0,6,6,0.0000
4,176.0000,13,22,950.1422,-87.9072,0.7423,6,0.1500,1.0000,8,4,4,0,0,4,4,0.0000
4,176.0000,13,23,499.1905,-83.6277,0.4991,14,0.3500,1.0000,8,7,5,0,0,7,5,0.2857
4,176.0000,13,24,1131.0703,-88.0056,0.3835,4,0.1000,1.0000,4,8,8,0,0,8,8,0.0000
4,176.0000,13,26,588.3825,-86.7737,-0.5014,10,0.2500,0.6667,3,7,5,0,0,7,5,0.2857
4,176.0000,13,28,213.1446,-78.2204,0.9639,29,0.7250,0.5714,7,3,0,0,0,3,0,1.0000
4,176.0000,13,29,983.4527,-88.0470,0.4399,4,0.1000,1.0000,2,8,8,0,0,8,8,0.0000
4,176.0000,13,30,336.4472,-80.1610,0.3326,24,0.6000,1.0000,8,7,5,0,0,7,5,0.2857
4,176.0000,13,31,135.3925,-72.3147,0.5363,33,0.8250,0.0000,4,4,0,0,0,4,0,1.0000
4,176.0000,13,32,783.7992,-87.0995,-0.5412,10,0.2500,1.0000,8,8,8,0,0,8,8,0.0000
4,176.0000,13,37,439.2841,-82.6341,-0.6574,12,0.3000,0.8750,8,8,8,0,0,8,8,0.0000
4,176.0000,13,38,548.0614,-83.3968,-0.1845,14,0.3500,0.8750,8,8,8,0,0,8,8,0.0000
4,176.0000,13,39,508.1574,-83.8028,0.3989,14,0.3500,0.8750,8,6,4,0,0,6,4,0.3333
4,176.0000,13,40,481.4357,-82.9434,0.1811,18,0.4500,0.5000,6,5,2,0,0,5,2,0.6000
4,176.0000,13,41,548.7954,-85.7487,0.5084,8,0.2000,0.6667,6,7,6,0,0,7,6,0.1429
4,176.0000,13,43,802.6505,-87.8762,0.8853,5,0.1250,1.0000,8,8,8,0,0,8,8,0.0000
4,176.0000,13,44,142.5267,-71.9081,0.0794,36,0.9000,0.0000,4,5,2,0,0,5,2,0.6000
4,176.0000,13,45,947.4059,-87.4592,-0.0638,7,0.1750,1.0000,2,6,6,0,0,6,6,0.0000
4,176.0000,13,46,525.4735,-84.6223,0.0935,13,0.3250,1.0000,8,8,8,0,0,8,8,0.0000
4,176.0000,13,47,339.3879,-78.5816,-1.0903,28,0.7000,0.5000,6,8,7,0,0,8,7,0.1250
4,176.0000,14,2,443.0759,-82.8907,0.4313,17,0.4250,0.8571,7,5,1,0,0,5,1,0.8000
4,176.0000,14,4,440.3325,-82.9343,-0.4921,19,0.4750,0.5714,7,7,5,0,0,7,5,0.2857
4,176.0000,14,6,758.9320,-86.3404,3.0083,4,0.1000,1.0000,8,8,8,0,0,8,8,0.0000
4,176.0000,14,10,968.4965,-86.3196,1.1321,3,0.0750,1.0000,6,8,8,0,0,8,8,0.0000
4,176.0000,14,11,236.0333,-77.7159,0.4408,35,0.8750,0.0000,4,4,0,0,0,4,0,1.0000
4,176.0000,14,15,260.8217,-78.0681,0.2174,26,0.6500,0.3333,6,5,2,0,0,5,2,0.6000
4,176.0000,14,17,417.8056,-82.2346,0.4410,21,0.5250,0.6667,6,7,5,0,0,7,5,0.2857
4,176.0000,14,24,715.6666,-86.2929,0.9933,6,0.1500,1.0000,8,8,8,0,0,8,8,0.0000
4,176.0000,14,28,790.2034,-86.7792,-0.1274,3,0.0750,1.0000,8,8,8,0,0,8,8,0.0000
4,176.0000,14,30,735.9721,-85.4934,-0.4146,5,0.1250,1.0000,8,8,7,0,0,8,7,0.1250
4,176.0000,14,31,965.3222,-88.0612,-0.6436,3,0.0750,1.0000,8,8,8,0,0,8,8,0.0000
4,176.0000,14,35,382.4778,-83.0394,0.6931,19,0.4750,0.7143,7,6,3,0,0,6,3,0.5000
4,176.0000,14,37,719.4777,-86.9584,-0.1668,3,0.0750,1.0000,8,8,8,0,0,8,8,0.0000
4,176.0000,14,46,456.9489,-81.8713,-1.4759,10,0.2500,0.5714,7,8,8,0,0,8,8,0.0000
4,176.0000,15,2,371.6129,-80.2542,0.2821,22,0.5641,0.6667,6,7,5,0,0,7,5,0.2857
4,176.0000,15,3,593.1658,-84.8060,-0.0901,4,0.1026,1.0000,8,8,8,0,0,8,8,0.0000
4,176.0000,15,4,493.3616,-82.8895,0.0795,24,0.6154,0.8571,7,7,4,0,0,7,4,0.4286
4,176.0000,15,6,517.8790,-85.0318,-0.6474,7,0.1795,0.8571,7,8,8,0,0,8,8,0.0000
4,176.0000,15,8,694.2620,-86.6471,0.0551,4,0.1026,0.8571,7,8,7,0,0,8,7,0.1250
4,176.0000,15,11,388.7455,-80.1790,-1.2588,31,0.7949,0.6667,6,7,4,0,0,7,4,0.4286
4,176.0000,15,14,260.8217,-78.2125,0.3577,35,0.8974,0.0000,4,7,4,0,0,7,4,0.4286
4,176.0000,15,17,479.7087,-83.1367,-0.4032,23,0.5897,0.5000,6,7,6,0,0,7,6,0.1429
4,176.0000,15,20,708.3531,-86.3789,0.1007,3,0.0769,0.8571,7,6,6,0,0,6,6,0.0000
4,176.0000,15,24,498.9350,-82.4993,-0.5179,17,0.4359,0.8571,7,8,8,0,0,8,8,0.0000
4,176.0000,15,28,705.5473,-86.5301,-1.1272,3,0.0769,1.0000,8,7,6,0,0,7,6,0.1429
4,176.0000,15,33,690.6167,-86.6595,0.4515,5,0.1282,1.0000,8,8,7,0,0,8,7,0.1250
4,176.0000,15,35,343.9024,-80.0509,-0.2491,31,0.7949,0.5000,6,5,2,0,0,5,2,0.6000
4,176.0000,15,37,514.3741,-84.1984,0.0216,6,0.1538,1.0000,6,8,8,0,0,8,8,0.0000
4,176.0000,15,38,386.5471,-83.1424,1.6989,6,0.1538,0.2000,5,6,4,0,0,6,4,0.3333
4,176.0000,15,42,800.7848,-86.7920,-1.0869,6,0.1538,1.0000,8,4,4,0,0,4,4,0.0000
4,176.0000,15,46,352.0530,-78.8422,0.0493,17,0.4359,0.5000,6,7,6,0,0,7,6,0.1429
4,176.0000,15,47,532.1572,-84.0811,1.4529,6,0.1538,1.0000,8,7,6,0,0,7,6,0.1429
4,176.0000,16,3,301.6942,-81.2663,1.3324,22,0.5500,0.7143,7,6,3,0,0,6,3,0.5000
4,176.0000,16,6,737.0006,-87.8462,0.3773,10,0.2500,1.0000,6,6,6,0,0,6,6,0.0000
4,176.0000,16,7,239.2888,-76.9279,-0.0885,27,0.6750,0.0000,4,5,0,0,0,5,0,1.0000
4,176.0000,16,8,318.4371,-81.2662,0.3188,18,0.4500,0.7222,18,8,8,0,0,8,8,0.0000
4,176.0000,16,9,238.8852,-72.7718,-2.1687,35,0.8750,0.0000,5,6,3,0,0,6,3,0.5000
4,176.0000,16,10,459.6348,-82.9630,0.3425,14,0.3500,0.8571,7,7,5,0,0,7,5,0.2857
4,176.0000,16,13,449.7661,-80.7846,-0.1391,16,0.4000,0.8571,7,7,6,0,0,7,6,0.1429
4,176.0000,16,14,1024.5203,-88.0422,1.2486,8,0.2000,1.0000,2,4,4,0,0,4,4,0.0000
4,176.0000,16,15,808.2787,-88.0054,0.7496,7,0.1750,1.0000,4,5,4,0,0,5,4,0.2000
4,176.0000,16,18,778.9251,-85.6270,-0.4004,9,0.2250,0.8000,5,5,4,0,0,5,4,0.2000
4,176.0000,16,19,517.6890,-84.2047,-0.2417,12,0.3000,0.7143,7,7,6,0,0,7,6,0.1429
4,176.0000,16,20,342.3624,-81.3555,0.7915,19,0.4750,0.8750,8,7,5,0,0,7,5,0.2857
4,176.0000,16,21,982.7917,-87.8387,3.4383,3,0.0750,1.0000,8,2,2,0,0,2,2,0.0000
4,176.0000,16,22,518.8516,-84.5861,0.0298,13,0.3250,0.5714,7,6,3,0,0,6,3,0.5000
4,176.0000,16,23,255.6289,-76.9828,-0.6388,28,0.7000,0.3333,6,7,5,0,0,7,5,0.2857
4,176.0000,16,24,873.8038,-87.2984,-0.9492,3,0.0750,1.0000,4,8,8,0,0,8,8,0.0000
4,176.0000,16,25,776.7863,-84.9405,-0.5079,9,0.2250,1.0000,8,6,6,0,0,6,6,0.0000
4,176.0000,16,26,803.9889,-86.7778,0.5406,6,0.1500,1.0000,2,8,8,0,0,8,8,0.0000
4,176.0000,16,28,550.7629,-83.9031,0.5330,14,0.3500,0.8571,7,7,6,0,0,7,6,0.1429
4,176.0000,16,29,790.3843,-87.8644,0.8895,3,0.0750,0.0000,1,6,6,0,0,6,6,0.0000
4,176.0000,16,30,603.3565,-85.8236,0.7381,12,0.3000,0.8571,7,8,7,0,0,8,7,0.1250
4,176.0000,16,31,577.1820,-84.4425,-0.2519,13,0.3250,0.8571,7,7,6,0,0,7,6,0.1429
4,176.0000,16,32,650.5448,-85.5475,-1.0410,10,0.2500,0.8000,5,8,8,0,0,8,8,0.0000
4,176.0000,16,33,680.0061,-86.7074,-1.6090,6,0.1500,1.0000,6,8,7,0,0,8,7,0.1250
4,176.0000,16,36,1039.7040,-87.4560,-0.7129,4,0.1000,1.0000,6,4,4,0,0,4,4,0.0000
4,176.0000,16,37,315.4695,-78.4966,-0.0230,22,0.5500,0.6667,6,5,2,0,0,5,2,0.6000
4,176.0000,16,38,423.4747,-82.6506,-0.3837,18,0.4500,0.8750,8,6,4,0,0,6,4,0.3333
4,176.0000,16,39,126.8287,-73.1393,1.1819,31,0.7750,0.0000,4,4,0,0,0,4,0,1.0000
4,176.0000,16,40,706.7644,-85.7457,-0.0408,9,0.2250,1.0000,2,8,8,0,0,8,8,0.0000
4,176.0000,16,41,143.2119,-73.8974,0.7334,32,0.8000,0.0000,4,4,0,0,0,4,0,1.0000
4,176.0000,16,43,432.9707,-82.7290,0.6003,22,0.5500,0.8571,7,7,6,0,0,7,6,0.1429
4,176.0000,16,44,513.3052,-83.6859,-0.9426,11,0.2750,0.8779,131,7,5,140,127,147,132,0.1020
4,176.0000,16,45,1074.7814,-87.2090,0.5495,5,0.1250,1.0000,4,4,4,0,0,4,4,0.0000
4,176.0000,16,46,618.7652,-87.6401,0.6785,8,0.2000,0.8750,8,6,3,0,0,6,3,0.5000
4,176.0000,16,47,370.4989,-79.6360,-1.4164,18,0.4500,0.4000,5,7,5,0,0,7,5,0.2857
4,176.0000,17,2,259.5271,-74.2161,-2.3564,30,0.7500,0.2000,5,5,2,0,0,5,2,0.6000
4,176.0000,17,4,50.5647,-67.5171,2.5313,36,0.9000,0.0000,4,4,0,0,0,4,0,1.0000
4,176.0000,17,11,322.0134,-80.0265,0.2489,31,0.7750,0.2000,5,5,1,0,0,5,1,0.8000
4,176.0000,17,14,417.8056,-81.9790,0.3731,18,0.4500,0.8571,7,8,8,0,0,8,8,0.0000
4,176.0000,17,15,479.7087,-83.1758,0.8225,9,0.2250,0.7143,7,7,6,0,0,7,6,0.1429
4,176.0000,17,24,782.6797,-85.3940,-0.2721,7,0.1750,0.8750,8,8,8,0,0,8,8,0.0000
4,176.0000,17,33,966.9485,-86.6684,0.3060,6,0.1500,,0,8,8,0,0,8,8,0.0000
4,176.0000,17,35,473.5522,-83.3248,0.5554,17,0.4250,0.8571,7,7,4,0,0,7,4,0.4286
4,176.0000,17,42,884.7142,-86.5618,0.6490,3,0.0750,1.0000,8,8,8,0,0,8,8,0.0000
4,176.0000,17,46,648.8717,-84.6786,0.7236,4,0.1000,1.0000,8,8,8,0,0,8,8,0.0000
4,176.0000,18,0,722.5994,-87.2660,-0.2068,6,0.1500,0.8000,5,7,5,0,0,7,5,0.2857
4,176.0000,18,1,468.6087,-83.3618,0.4204,10,0.2500,1.0000,8,6,4,0,0,6,4,0.3333
4,176.0000,18,5,495.4475,-84.3318,0.4170,13,0.3250,0.8750,8,6,4,0,0,6,4,0.3333
4,176.0000,18,7,878.5834,-87.2852,0.1579,3,0.0750,1.0000,8,6,6,0,0,6,6,0.0000
4,176.0000,18,9,630.9868,-85.7799,-0.4617,5,0.1250,0.8000,5,8,8,0,0,8,8,0.0000
4,176.0000,18,10,647.1534,-83.3373,-0.3908,9,0.2250,0.8571,7,7,5,0,0,7,5,0.2857
4,176.0000,18,12,410.2232,-82.5289,1.0460,16,0.4000,0.7143,7,5,4,0,0,5,4,0.2000
4,176.0000,18,13,618.6856,-85.6311,-1.6004,4,0.1000,1.0000,8,8,7,0,0,8,7,0.1250
4,176.0000,18,19,621.0994,-86.0550,1.0783,4,0.1000,1.0000,8,7,6,0,0,7,6,0.1429
4,176.0000,18,21,507.0422,-83.3890,0.1680,17,0.4250,1.0000,8,7,6,0,0,7,6,0.1429
4,176.0000,18,25,696.3433,-86.1027,0.0243,4,0.1000,1.0000,8,8,8,0,0,8,8,0.0000
4,176.0000,18,26,220.6241,-76.5916,0.5595,29,0.7250,0.2000,5,5,2,0,0,5,2,0.6000
4,176.0000,18,27,826.1582,-86.2837,0.7460,3,0.0750,1.0000,8,8,8,0,0,8,8,0.0000
4,176.0000,18,28,822.9875,-87.4092,0.1225,5,0.1250,1.0000,8,6,6,0,0,6,6,0.0000
4,176.0000,18,29,649.2124,-85.6128,-0.2233,5,0.1250,1.0000,6,8,8,0,0,8,8,0.0000
4,176.0000,18,30,940.7290,-87.2183,0.2353,3,0.0750,1.0000,4,8,8,0,0,8,8,0.0000
4,176.0000,18,31,668.3487,-84.6827,-0.6773,5,0.1250,1.0000,8,7,6,0,0,7,6,0.1429
4,176.0000,18,32,467.8148,-83.5779,0.4066,10,0.2500,1.0000,8,6,4,0,0,6,4,0.3333
4,176.0000,18,34,548.4071,-86.3090,0.9847,10,0.2500,1.0000,6,8,8,0,0,8,8,0.0000
4,176.0000,18,40,403.4823,-81.5575,-0.0658,11,0.2750,0.8571,7,7,5,0,0,7,5,0.2857
4,176.0000,18,41,765.3983,-88.5174,0.4893,3,0.0750,1.0000,10,8,8,0,0,8,8,0.0000
4,176.0000,18,44,586.4534,-84.6228,0.3015,6,0.1500,1.0000,8,7,6,0,0,7,6,0.1429
4,176.0000,18,45,491.1880,-82.7733,0.2744,16,0.4000,0.8571,7,7,6,0,0,7,6,0.1429
4,176.0000,19,0,955.3111,-88.1894,-0.9795,4,0.1000,,0,6,6,0,0,6,6,0.0000
4,176.0000,19,1,483.7089,-83.4515,-0.5468,16,0.4000,0.6250,8,7,6,0,0,7,6,0.1429
4,176.0000,19,5,520.7301,-84.3172,0.1067,16,0.4000,0.8571,7,6,4,0,0,6,4,0.3333
4,176.0000,19,7,570.6058,-84.7593,-0.0178,7,0.1750,1.0000,10,6,6,0,0,6,6,0.0000
4,176.0000,19,9,369.3134,-82.2096,-0.2230,10,0.2500,0.8571,7,7,5,0,0,7,5,0.2857
4,176.0000,19,12,813.8745,-86.0389,-0.2796,4,0.1000,1.0000,4,7,6,0,0,7,6,0.1429
4,176.0000,19,16,517.6890,-84.2843,-0.1466,7,0.1750,1.0000,8,8,8,0,0,8,8,0.0000
4,176.0000,19,18,621.0994,-85.1889,-0.2582,5,0.1250,1.0000,8,7,6,0,0,7,6,0.1429
4,176.0000,19,20,733.0566,-84.4803,2.6594,3,0.0750,1.0000,6,10,10,0,0,10,10,0.0000
4,176.0000,19,22,741.4881,-85.1037,-0.9590,9,0.2250,1.0000,6,8,8,0,0,8,8,0.0000
4,176.0000,19,23,679.3963,-86.6208,-0.5552,7,0.1750,0.8571,7,8,8,0,0,8,8,0.0000
4,176.0000,19,25,273.2838,-76.9285,-0.4902,32,0.8000,0.2000,5,6,3,0,0,6,3,0.5000
4,176.0000,19,26,731.4541,-86.0088,-0.9792,3,0.0750,1.0000,2,8,8,0,0,8,8,0.0000
4,176.0000,19,27,605.7616,-84.8714,0.1106,18,0.4500,0.8571,7,8,6,0,0,8,6,0.2500
4,176.0000,19,29,277.3512,-79.3751,0.3599,28,0.7000,0.0000,4,5,2,0,0,5,2,0.6000
4,176.0000,19,32,235.8656,-77.9943,1.2652,21,0.5250,0.7143,7,5,1,0,0,5,1,0.8000
4,176.0000,19,34,667.9959,-84.7582,-0.1765,7,0.1750,1.0000,8,6,6,0,0,6,6,0.0000
4,176.0000,19,36,540.2935,-83.7170,-1.2027,17,0.4250,0.8750,8,8,7,0,0,8,7,0.1250
4,176.0000,19,39,423.3168,-81.8676,0.2404,8,0.2000,1.0000,8,7,5,0,0,7,5,0.2857
4,176.0000,19,40,755.2809,-88.0919,-0.7221,3,0.0750,1.0000,2,6,6,0,0,6,6,0.0000
4,176.0000,19,41,411.4580,-81.0075,-0.4464,13,0.3250,0.8571,7,7,6,0,0,7,6,0.1429
4,176.0000,19,43,287.9498,-78.0049,-0.2696,30,0.7500,0.4000,5,5,2,0,0,5,2,0.6000
4,176.0000,19,44,792.7654,-89.2033,-0.8153,3,0.0750,1.0000,6,8,8,0,0,8,8,0.0000
4,176.0000,20,2,831.7155,-87.9840,-0.4080,5,0.1250,1.0000,6,6,6,0,0,6,6,0.0000
4,176.0000,20,3,142.5579,-72.2665,0.1264,32,0.8000,0.2000,5,4,0,35,9,39,9,0.7692
4,176.0000,20,6,487.9123,-82.4326,-0.4556,16,0.4000,1.0000,8,8,7,0,0,8,7,0.1250
4,176.0000,20,7,345.0586,-81.2819,0.2483,14,0.3500,0.6667,6,6,3,0,0,6,3,0.5000
4,176.0000,20,8,463.6795,-82.8278,1.4573,9,0.2250,0.8571,7,6,4,0,0,6,4,0.3333
4,176.0000,20,9,524.8674,-82.8448,-0.3086,9,0.2250,0.7500,8,8,8,0,0,8,8,0.0000
4,176.0000,20,10,744.3700,-87.4569,0.1104,6,0.1500,1.0000,8,7,6,0,0,7,6,0.1429
4,176.0000,20,15,708.3531,-87.5388,-0.2072,8,0.2000,1.0000,8,6,6,0,0,6,6,0.0000
4,176.0000,20,16,342.3624,-81.2635,2.1101,11,0.2750,0.8889,9,7,5,0,0,7,5,0.2857
4,176.0000,20,19,733.0566,-86.4604,0.3135,8,0.2000,1.0000,4,8,8,0,0,8,8,0.0000
4,176.0000,20,22,287.5312,-78.2219,-0.1011,29,0.7250,0.4000,5,7,3,12,6,19,9,0.5263
4,176.0000,20,23,388.6110,-81.8836,0.7025,15,0.3750,0.8571,7,7,5,0,0,7,5,0.2857
4,176.0000,20,24,604.7114,-84.7244,-0.7118,15,0.3750,1.0000,8,8,8,0,0,8,8,0.0000
4,176.0000,20,25,973.0124,-87.5751,-0.0901,4,0.1000,1.0000,8,6,6,0,0,6,6,0.0000
4,176.0000,20,28,771.1497,-85.9998,1.1908,7,0.1750,0.8571,7,8,8,0,0,8,8,0.0000
4,176.0000,20,29,1003.2763,-87.8913,-0.4393,5,0.1250,,0,6,6,0,0,6,6,0.0000
4,176.0000,20,30,776.5733,-85.7368,0.4846,4,0.1000,1.0000,6,4,4,0,0,4,4,0.0000
4,176.0000,20,32,914.9095,-87.4234,-0.4174,6,0.1500,1.0000,6,8,8,0,0,8,8,0.0000
4,176.0000,20,33,349.2195,-79.3741,-0.4061,27,0.6750,0.7143,7,6,4,0,0,6,4,0.3333
4,176.0000,20,37,404.3578,-81.1222,0.1439,17,0.4250,0.8571,7,7,6,0,0,7,6,0.1429
4,176.0000,20,38,403.2033,-82.2852,-0.0597,15,0.3750,0.8571,7,8,8,0,0,8,8,0.0000
4,176.0000,20,39,384.0788,-80.6119,-0.5821,15,0.3750,0.8611,144,8,6,72,65,80,71,0.1125
4,176.0000,20,40,1027.5804,-89.2574,-0.3425,3,0.0750,,0,6,6,0,0,6,6,0.0000
4,176.0000,20,41,372.0375,-81.6255,0.7568,12,0.3000,0.8750,8,7,6,0,0,7,6,0.1429
4,176.0000,20,42,819.4180,-86.0174,-1.7368,11,0.2750,1.0000,6,6,5,0,0,6,5,0.1667
4,176.0000,20,43,545.1780,-83.4916,0.1475,8,0.2000,1.0000,8,8,8,0,0,8,8,0.0000
4,176.0000,20,44,812.8216,-87.9596,0.3474,6,0.1500,1.0000,6,4,4,0,0,4,4,0.0000
4,176.0000,20,46,671.4457,-86.6809,-0.2786,7,0.1750,1.0000,8,8,8,0,0,8,8,0.0000
4,176.0000,20,47,515.9519,-84.6941,0.1503,10,0.2500,0.8750,8,7,6,0,0,7,6,0.1429
4,176.0000,21,0,754.3999,-87.6927,0.6916,6,0.1500,1.0000,4,8,7,0,0,8,7,0.1250
4,176.0000,21,1,749.2380,-86.0877,-0.5360,6,0.1500,1.0000,8,8,8,0,0,8,8,0.0000
4,176.0000,21,5,781.1774,-86.3984,-0.1432,6,0.1500,1.0000,8,8,8,0,0,8,8,0.0000
4,176.0000,21,9,811.7075,-86.1640,0.5932,3,0.0750,1.0000,8,8,8,0,0,8,8,0.0000
4,176.0000,21,10,741.3052,-87.3970,-1.0300,3,0.0750,0.8571,7,8,7,0,0,8,7,0.1250
4,176.0000,21,12,381.8312,-83.4359,0.2097,17,0.4250,1.0000,8,6,4,0,0,6,4,0.3333
4,176.0000,21,13,758.5117,-85.2928,0.1510,3,0.0750,1.0000,8,8,8,0,0,8,8,0.0000
4,176.0000,21,18,507.0422,-83.1662,0.7168,12,0.3000,0.8571,7,8,8,0,0,8,8,0.0000
4,176.0000,21,23,950.8790,-88.4532,-0.1474,4,0.1000,1.0000,8,6,6,0,0,6,6,0.0000
4,176.0000,21,26,295.6889,-78.6302,-0.2889,28,0.7000,0.0000,4,7,6,0,0,7,6,0.1429
4,176.0000,21,27,1027.1597,-87.8052,-0.2004,3,0.0750,0.5000,2,2,2,0,0,2,2,0.0000
4,176.0000,21,31,747.8104,-84.3990,-0.0341,5,0.1250,1.0000,8,8,8,0,0,8,8,0.0000
4,176.0000,21,34,804.1055,-86.5791,0.9511,5,0.1250,1.0000,2,8,8,0,0,8,8,0.0000
4,176.0000,21,36,1016.8222,-88.6018,-0.0422,3,0.0750,1.0000,8,8,8,0,0,8,8,0.0000
4,176.0000,21,40,287.6597,-77.4343,-0.3405,29,0.7250,0.6667,6,5,2,0,0,5,2,0.6000
4,176.0000,21,41,969.0465,-88.4530,-0.6104,4,0.1000,1.0000,8,8,8,0,0,8,8,0.0000
4,176.0000,21,44,637.3473,-84.8950,-0.4573,4,0.1000,0.8571,7,8,8,0,0,8,8,0.0000
4,176.0000,21,45,317.3692,-79.6179,0.2715,28,0.7000,0.5000,6,5,1,0,0,5,1,0.8000
4,176.0000,22,3,424.6262,-79.9301,-0.1363,14,0.3500,0.8750,8,6,5,0,0,6,5,0.1667
4,176.0000,22,6,684.3176,-85.4202,-0.0547,8,0.2000,1.0000,6,8,8,0,0,8,8,0.0000
4,176.0000,22,7,566.4374,-84.6766,0.0623,9,0.2250,0.8750,8,7,6,0,0,7,6,0.1429
4,176.0000,22,8,648.3439,-86.0190,0.8092,5,0.1250,0.8571,7,8,8,0,0,8,8,0.0000
4,176.0000,22,9,597.0840,-86.8984,2.0047,6,0.1500,1.0000,8,8,8,0,0,8,8,0.0000
4,176.0000,22,13,950.1422,-88.5111,1.3372,3,0.0750,1.0000,8,6,6,0,0,6,6,0.0000
4,176.0000,22,16,518.8516,-85.7938,-0.8830,6,0.1500,0.8000,5,8,8,0,0,8,8,0.0000
4,176.0000,22,19,741.4881,-85.6501,-0.4184,5,0.1250,1.0000,8,8,8,0,0,8,8,0.0000
4,176.0000,22,20,287.5312,-77.8963,0.2397,23,0.5750,0.7143,7,7,5,9,4,16,9,0.4375
4,176.0000,22,23,507.3395,-81.0797,-0.4834,13,0.3250,0.8750,8,8,8,0,0,8,8,0.0000
4,176.0000,22,24,776.9986,-86.5521,0.1140,10,0.2500,1.0000,6,6,6,0,0,6,6,0.0000
4,176.0000,22,29,976.2940,-87.4278,3.5529,3,0.0750,,0,4,4,0,0,4,4,0.0000
4,176.0000,22,30,1001.9519,-86.4796,2.4387,3,0.0750,0.6667,3,8,8,0,0,8,8,0.0000
4,176.0000,22,31,1064.6620,-87.0047,-1.1779,4,0.1000,1.0000,8,8,8,0,0,8,8,0.0000
4,176.0000,22,32,922.6417,-86.8044,-0.4218,4,0.1000,1.0000,6,4,4,0,0,4,4,0.0000
4,176.0000,22,33,442.6260,-82.2149,0.5605,22,0.5500,0.8750,8,6,4,0,0,6,4,0.3333
4,176.0000,22,37,679.7339,-83.9519,-1.0331,9,0.2250,1.0000,6,8,8,0,0,8,8,0.0000
4,176.0000,22,38,680.1574,-85.1465,-3.2374,6,0.1500,1.0000,8,8,8,0,0,8,8,0.0000
4,176.0000,22,39,538.2374,-82.4518,-0.9515,10,0.2500,1.0000,8,7,6,0,0,7,6,0.1429
4,176.0000,22,41,465.0452,-81.5983,0.1698,9,0.2250,0.9000,10,8,7,0,0,8,7,0.1250
4,176.0000,22,42,876.1598,-87.4892,0.9324,7,0.1750,0.8000,5,5,4,0,0,5,4,0.2000
4,176.0000,22,43,480.0662,-81.5747,-0.1906,13,0.3250,0.7778,9,8,8,0,0,8,8,0.0000
4,176.0000,22,44,990.7273,-87.1634,0.4033,4,0.1000,1.0000,6,4,4,0,0,4,4,0.0000
4,176.0000,22,46,938.3497,-88.2518,2.0659,4,0.1000,1.0000,4,8,8,0,0,8,8,0.0000
4,176.0000,22,47,777.5233,-87.2646,-0.0049,6,0.1500,0.8750,8,5,4,0,0,5,4,0.2000
4,176.0000,23,1,1015.7803,-86.7304,-0.2721,5,0.1250,1.0000,2,4,4,0,0,4,4,0.0000
4,176.0000,23,2,947.0244,-88.5885,0.5756,9,0.2250,0.8000,5,4,4,0,0,4,4,0.0000
4,176.0000,23,3,355.8884,-80.1091,-0.1380,24,0.6000,0.8571,7,6,4,0,0,6,4,0.3333
4,176.0000,23,4,1066.0370,-88.7514,-1.0255,3,0.0750,,0,4,3,0,0,4,3,0.2500
4,176.0000,23,6,819.5604,-88.2184,0.5018,6,0.1500,1.0000,8,4,4,139,137,143,141,0.0140
4,176.0000,23,7,472.3722,-81.8975,-0.0143,16,0.4000,1.0000,8,6,3,0,0,6,3,0.5000
4,176.0000,23,8,183.3921,-78.0073,1.9220,27,0.6750,0.6250,8,4,0,0,0,4,0,1.0000
4,176.0000,23,9,326.3435,-77.2904,-1.0509,30,0.7500,0.4286,7,10,8,0,0,10,8,0.2000
4,176.0000,23,10,473.6393,-84.3151,-0.4642,11,0.2750,0.8750,8,8,8,0,0,8,8,0.0000
4,176.0000,23,13,499.1905,-84.5319,-0.0163,15,0.3750,0.8571,7,6,4,0,0,6,4,0.3333
4,176.0000,23,15,816.4125,-88.3455,-0.7018,6,0.1500,1.0000,4,8,7,0,0,8,7,0.1250
4,176.0000,23,16,255.6289,-77.3333,-0.3458,29,0.7250,0.2000,5,7,5,0,0,7,5,0.2857
4,176.0000,23,18,884.5915,-87.1057,-0.0339,4,0.1000,0.7500,4,4,4,0,0,4,4,0.0000
4,176.0000,23,19,679.3963,-85.7101,-0.6623,9,0.2250,1.0000,8,8,7,0,0,8,7,0.1250
4,176.0000,23,20,388.6110,-81.0407,0.0010,24,0.6000,0.8571,7,8,7,0,0,8,7,0.1250
4,176.0000,23,21,950.8790,-88.2895,0.5038,6,0.1500,1.0000,6,4,4,0,0,4,4,0.0000
4,176.0000,23,22,507.3395,-83.2760,-1.0025,25,0.6250,1.0000,8,8,8,0,0,8,8,0.0000
4,176.0000,23,24,915.6587,-88.0464,0.3691,9,0.2250,1.0000,4,8,8,0,0,8,8,0.0000
4,176.0000,23,25,901.0418,-87.4916,-0.9317,7,0.1750,1.0000,6,2,2,0,0,2,2,0.0000
4,176.0000,23,26,845.6349,-86.6711,0.2138,3,0.0750,1.0000,8,8,8,0,0,8,8,0.0000
4,176.0000,23,28,554.8249,-84.9871,-0.0698,11,0.2750,0.8571,7,8,8,0,0,8,8,0.0000
4,176.0000,23,29,932.6975,-87.1078,1.0704,3,0.0750,1.0000,2,6,6,0,0,6,6,0.0000
4,176.0000,23,30,543.9033,-84.1802,0.4151,13,0.3250,1.0000,8,8,8,0,0,8,8,0.0000
4,176.0000,23,31,593.2030,-85.3410,0.5109,12,0.3000,0.8750,8,8,8,0,0,8,8,0.0000
4,176.0000,23,32,768.5204,-87.8290,-1.7495,6,0.1500,1.0000,8,8,8,0,0,8,8,0.0000
4,176.0000,23,33,715.8141,-85.5404,-0.7798,7,0.1750,1.0000,8,6,4,0,0,6,4,0.3333
4,176.0000,23,37,416.8611,-81.8784,0.0721,16,0.4000,0.5000,6,8,7,0,0,8,7,0.1250
4,176.0000,23,38,453.9222,-81.8461,-0.0989,16,0.4000,0.6667,6,7,6,0,0,7,6,0.1429
4,176.0000,23,39,372.9886,-80.5000,-0.3730,20,0.5000,0.8129,139,7,5,4,2,11,7,0.3636
4,176.0000,23,40,690.2456,-85.5753,0.6954,5,0.1250,0.7500,4,8,7,0,0,8,7,0.1250
4,176.0000,23,41,292.6463,-78.3191,0.3499,25,0.6250,0.7143,7,8,6,0,0,8,6,0.2500
4,176.0000,23,43,524.2930,-84.0010,-0.9010,17,0.4250,0.5000,6,6,4,0,0,6,4,0.3333
4,176.0000,23,44,509.1548,-84.4358,-0.0945,11,0.2750,1.0000,8,7,6,0,0,7,6,0.1429
4,176.0000,23,46,612.6205,-86.4116,0.2457,12,0.3000,1.0000,8,8,6,0,0,8,6,0.2500
4,176.0000,23,47,422.9858,-83.2317,-0.5757,20,0.5000,0.8571,7,8,8,0,0,8,8,0.0000
4,176.0000,24,2,532.7762,-84.8928,0.9194,14,0.3500,0.8750,8,8,7,0,0,8,7,0.1250
4,176.0000,24,3,583.4507,-84.3212,-0.2263,5,0.1250,0.7143,7,8,8,0,0,8,8,0.0000
4,176.0000,24,4,765.3078,-86.7043,0.1327,11,0.2750,0.8750,8,8,8,0,0,8,8,0.0000
4,176.0000,24,6,182.4023,-75.9883,0.7373,32,0.8000,0.7143,7,7,3,0,0,7,3,0.5714
4,176.0000,24,7,758.4614,-87.5922,0.4073,3,0.0750,1.0000,8,8,8,0,0,8,8,0.0000
4,176.0000,24,8,889.5309,-87.8439,-0.6102,4,0.1000,1.0000,8,8,8,0,0,8,8,0.0000
4,176.0000,24,11,712.2773,-85.5918,-0.5027,11,0.2750,0.8750,8,7,6,0,0,7,6,0.1429
4,176.0000,24,14,715.6666,-85.7458,-0.1675,8,0.2000,1.0000,6,8,8,0,0,8,8,0.0000
4,176.0000,24,15,498.9350,-80.7113,-1.2147,18,0.4500,0.6667,6,8,8,0,0,8,8,0.0000
4,176.0000,24,17,782.6797,-87.0085,0.5579,8,0.2000,0.8571,7,2,2,0,0,2,2,0.0000
4,176.0000,24,20,604.7114,-84.3537,-1.3736,8,0.2000,1.0000,8,8,7,0,0,8,7,0.1250
4,176.0000,24,33,347.6806,-80.7361,0.6575,24,0.6000,0.4000,5,7,5,0,0,7,5,0.2857
4,176.0000,24,35,454.0615,-81.6608,0.4381,27,0.6750,0.4000,5,8,7,0,0,8,7,0.1250
4,176.0000,24,37,695.0299,-86.0252,-0.3319,3,0.0750,1.0000,8,8,7,0,0,8,7,0.1250
4,176.0000,24,38,592.2100,-85.9550,-0.9571,6,0.1500,1.0000,8,8,8,0,0,8,8,0.0000
4,176.0000,24,39,907.8901,-87.0196,-0.5240,3,0.0750,0.8750,8,4,4,0,0,4,4,0.0000
4,176.0000,24,42,392.6723,-81.1234,0.3770,28,0.7000,1.0000,8,7,6,0,0,7,6,0.1429
4,176.0000,24,46,761.6116,-85.5851,-0.3320,5,0.1250,0.9000,10,6,6,0,0,6,6,0.0000
4,176.0000,24,47,798.2558,-85.8820,-1.8106,6,0.1500,1.0000,8,8,8,0,0,8,8,0.0000
4,176.0000,25,0,790.5391,-87.3544,-0.1977,8,0.2000,1.0000,4,8,8,0,0,8,8,0.0000
4,176.0000,25,1,353.0987,-80.9103,0.5097,27,0.6750,0.5000,8,4,0,0,0,4,0,1.0000
4,176.0000,25,5,375.5766,-81.9819,0.6751,17,0.4250,0.7500,8,6,3,0,0,6,3,0.5000
4,176.0000,25,7,841.5954,-86.9280,0.4950,5,0.1250,1.0000,8,8,8,0,0,8,8,0.0000
4,176.0000,25,9,592.9463,-86.1592,-2.8355,3,0.0750,1.0000,8,6,6,0,0,6,6,0.0000
4,176.0000,25,12,763.6184,-84.0737,-1.2265,5,0.1250,1.0000,6,8,8,0,0,8,8,0.0000
4,176.0000,25,13,996.7794,-87.9796,-0.0733,6,0.1500,1.0000,2,6,6,0,0,6,6,0.0000
4,176.0000,25,16,776.7863,-85.8945,0.3790,4,0.1000,1.0000,8,8,8,0,0,8,8,0.0000
4,176.0000,25,18,696.3433,-86.9734,-0.0728,5,0.1250,1.0000,8,6,4,0,0,6,4,0.3333
4,176.0000,25,19,273.2838,-77.1784,-0.6508,30,0.7500,0.5000,6,8,8,0,0,8,8,0.0000
4,176.0000,25,21,982.4386,-88.7947,0.1013,4,0.1000,1.0000,6,6,6,0,0,6,6,0.0000
4,176.0000,25,22,923.2697,-87.0088,0.9223,3,0.0750,0.8571,7,6,6,0,0,6,6,0.0000
4,176.0000,25,26,805.9781,-88.2087,-0.3135,4,0.1000,1.0000,4,8,8,0,0,8,8,0.0000
4,176.0000,25,27,340.3797,-80.5514,-0.2160,33,0.8250,0.4000,5,5,2,0,0,5,2,0.6000
4,176.0000,25,29,93.0484,-71.0385,1.4997,37,0.9250,0.0000,4,4,0,0,0,4,0,1.0000
4,176.0000,25,32,244.0263,-78.2821,0.4606,28,0.7000,0.4000,5,6,3,0,0,6,3,0.5000
4,176.0000,25,34,511.0385,-84.5286,0.5770,18,0.4500,1.0000,8,7,4,0,0,7,4,0.4286
4,176.0000,25,36,283.9495,-79.2774,0.1351,36,0.9000,0.3333,6,5,1,0,0,5,1,0.8000
4,176.0000,25,39,692.0071,-84.8249,-0.0666,5,0.1250,0.8750,8,8,8,0,0,8,8,0.0000
4,176.0000,25,41,657.7597,-86.0302,-0.4707,5,0.1250,1.0000,8,7,6,0,0,7,6,0.1429
4,176.0000,25,43,451.5035,-82.2988,-0.8842,16,0.4000,0.7143,7,7,6,0,0,7,6,0.1429
4,176.0000,25,44,996.3728,-88.0507,-0.4870,3,0.0750,0.7500,4,4,4,0,0,4,4,0.0000
4,176.0000,25,45,823.8687,-86.4530,1.0466,5,0.1250,1.0000,8,8,8,0,0,8,8,0.0000
4,176.0000,25,47,1113.8169,-89.1523,-0.3342,3,0.0750,1.0000,2,4,4,0,0,4,4,0.0000
4,176.0000,26,0,739.5353,-86.6459,-0.3404,9,0.2250,1.0000,8,8,8,0,0,8,8,0.0000
4,176.0000,26,1,580.0232,-85.2145,-0.3921,6,0.1500,1.0000,8,8,8,0,0,8,8,0.0000
4,176.0000,26,5,613.4564,-84.3335,0.8039,6,0.1500,1.0000,8,8,8,0,0,8,8,0.0000
4,176.0000,26,10,595.3989,-86.3353,-1.2034,3,0.0750,0.8750,8,8,8,0,0,8,8,0.0000
4,176.0000,26,12,356.5743,-80.2206,0.2293,22,0.5500,0.7143,7,6,3,0,0,6,3,0.5000
4,176.0000,26,13,588.3825,-85.9065,-2.0372,3,0.0750,1.0000,8,7,5,0,0,7,5,0.2857
4,176.0000,26,18,220.6241,-76.5253,0.3943,30,0.7500,0.5714,7,5,2,0,0,5,2,0.6000
4,176.0000,26,21,295.6889,-78.0435,-0.4205,33,0.8250,0.0000,4,8,6,0,0,8,6,0.2500
4,176.0000,26,23,845.6349,-86.9414,-0.9775,3,0.0750,1.0000,6,7,6,0,0,7,6,0.1429
4,176.0000,26,25,805.9781,-86.1922,0.4129,3,0.0750,0.8571,7,8,8,0,0,8,8,0.0000
4,176.0000,26,27,912.4758,-87.6019,-0.4168,3,0.0750,1.0000,8,8,8,0,0,8,8,0.0000
4,176.0000,26,29,779.9612,-87.9437,-0.6279,3,0.0750,0.8571,7,8,8,0,0,8,8,0.0000
4,176.0000,26,32,567.9677,-84.9651,-0.6964,7,0.1750,1.0000,8,8,8,0,0,8,8,0.0000
4,176.0000,26,34,659.5545,-85.8065,0.6269,6,0.1500,1.0000,8,8,8,0,0,8,8,0.0000
4,176.0000,26,36,869.2280,-86.4500,-1.1380,4,0.1000,1.0000,6,8,8,0,0,8,8,0.0000
4,176.0000,26,40,221.0017,-77.7382,1.0369,25,0.6250,0.4000,5,6,2,0,0,6,2,0.6667
4,176.0000,26,44,507.8735,-83.8899,0.8626,4,0.1000,1.0000,6,7,5,0,0,7,5,0.2857
4,176.0000,26,45,385.5572,-78.9616,-0.5803,24,0.6000,0.6250,8,8,6,0,0,8,6,0.2500
4,176.0000,27,0,586.0876,-85.3236,-0.1195,15,0.3750,0.8571,7,6,4,0,0,6,4,0.3333
4,176.0000,27,1,362.1567,-82.3825,0.4705,22,0.5500,0.6667,6,7,4,0,0,7,4,0.4286
4,176.0000,27,5,351.3151,-80.6144,0.2785,23,0.5750,0.6250,8,7,6,0,0,7,6,0.1429
4,176.0000,27,12,727.5264,-87.0079,0.0554,9,0.2250,0.6667,3,10,10,0,0,10,10,0.0000
4,176.0000,27,18,826.1582,-87.3250,-0.7514,4,0.1000,1.0000,8,7,6,0,0,7,6,0.1429
4,176.0000,27,19,605.7616,-85.7085,0.5726,7,0.1750,1.0000,8,8,8,0,0,8,8,0.0000
4,176.0000,27,25,340.3797,-80.9368,0.2316,19,0.4750,0.4000,5,6,4,0,0,6,4,0.3333
4,176.0000,27,26,912.4758,-88.9990,-0.4861,3,0.0750,1.0000,6,8,8,0,0,8,8,0.0000
4,176.0000,27,29,357.8901,-78.5762,-0.7136,24,0.6000,0.3333,6,8,7,0,0,8,7,0.1250
4,176.0000,27,32,475.2414,-84.4745,0.9350,11,0.2750,0.4000,5,8,7,0,0,8,7,0.1250
4,176.0000,27,34,401.0164,-82.0573,0.2262,21,0.5250,0.4000,5,6,2,0,0,6,2,0.6667
4,176.0000,27,36,124.5916,-73.1639,1.3014,32,0.8000,0.2000,5,5,1,0,0,5,1,0.8000
4,176.0000,27,41,969.1989,-87.5963,-0.0371,3,0.0750,0.8571,7,6,6,0,0,6,6,0.0000
4,176.0000,27,43,754.3263,-85.7145,-0.8110,11,0.2750,1.0000,8,8,8,0,0,8,8,0.0000
4,176.0000,27,45,780.9282,-86.1253,-0.8104,9,0.2250,1.0000,8,8,8,0,0,8,8,0.0000
4,176.0000,28,2,964.8198,-87.6997,-0.6092,5,0.1250,1.0000,8,5,4,0,0,5,4,0.2000
4,176.0000,28,3,645.1624,-86.4493,-0.8783,6,0.1500,0.7143,7,8,8,0,0,8,8,0.0000
4,176.0000,28,7,641.4482,-85.8732,0.6815,7,0.1750,0.8750,8,8,8,0,0,8,8,0.0000
4,176.0000,28,8,394.0970,-80.3137,-1.2971,17,0.4250,0.8571,7,6,4,0,0,6,4,0.3333
4,176.0000,28,9,655.0908,-86.4136,-0.5057,8,0.2000,1.0000,8,8,6,0,0,8,6,0.2500
4,176.0000,28,10,198.5764,-78.0796,0.9473,27,0.6750,0.4000,5,4,0,0,0,4,0,1.0000
4,176.0000,28,11,1001.8556,-87.9795,-0.7277,4,0.1000,1.0000,2,5,4,0,0,5,4,0.2000
4,176.0000,28,13,213.1446,-77.3555,0.7764,25,0.6250,0.6667,6,4,0,0,0,4,0,1.0000
4,176.0000,28,14,790.2034,-85.7526,-0.1736,7,0.1750,0.8571,7,4,4,0,0,4,4,0.0000
4,176.0000,28,15,705.5473,-85.5733,-0.2243,7,0.1750,1.0000,6,7,6,0,0,7,6,0.1429
4,176.0000,28,16,550.7629,-85.8199,0.8184,9,0.2250,1.0000,8,8,7,0,0,8,7,0.1250
4,176.0000,28,20,771.1497,-88.1696,-1.4773,3,0.0750,1.0000,6,7,6,0,0,7,6,0.1429
4,176.0000,28,21,910.3346,-88.9354,0.9031,3,0.0750,1.0000,8,4,4,0,0,4,4,0.0000
4,176.0000,28,22,1005.9392,-87.3151,-0.9011,3,0.0750,1.0000,6,4,4,0,0,4,4,0.0000
4,176.0000,28,23,554.8249,-84.6330,0.8942,7,0.1750,0.8000,5,8,7,0,0,8,7,0.1250
4,176.0000,28,30,155.1680,-73.0416,0.2263,37,0.9250,0.0000,4,5,1,0,0,5,1,0.8000
4,176.0000,28,31,177.9404,-75.4388,0.7372,35,0.8750,0.2000,5,5,1,0,0,5,1,0.8000
4,176.0000,28,37,417.1727,-82.3872,0.1086,9,0.2250,1.0000,8,7,6,0,0,7,6,0.1429
4,176.0000,28,38,475.1919,-82.2777,-0.3924,11,0.2750,1.0000,9,6,5,0,0,6,5,0.1667
4,176.0000,28,39,631.8117,-86.3691,-0.2308,4,0.1000,1.0000,6,7,6,0,0,7,6,0.1429
4,176.0000,28,40,648.0446,-85.9073,-1.0926,6,0.1500,0.8571,7,8,7,0,0,8,7,0.1250
4,176.0000,28,41,674.2159,-86.7513,2.4122,4,0.1000,1.0000,8,10,9,0,0,10,9,0.1000
4,176.0000,28,44,283.7734,-78.0913,0.9768,22,0.5500,0.2857,7,8,7,0,0,8,7,0.1250
4,176.0000,28,46,357.3212,-81.1199,0.2024,18,0.4500,0.4286,7,8,5,0,0,8,5,0.3750
4,176.0000,28,47,280.2162,-78.4507,-0.1790,20,0.5000,0.4000,5,5,2,0,0,5,2,0.6000
4,176.0000,29,0,770.0969,-87.4281,-0.3949,5,0.1250,1.0000,8,8,8,0,0,8,8,0.0000
4,176.0000,29,1,311.9212,-78.4359,-0.5943,28,0.7000,0.2000,5,6,4,0,0,6,4,0.3333
4,176.0000,29,5,328.9271,-80.9541,-0.0280,26,0.6500,0.5000,6,6,4,0,0,6,4,0.3333
4,176.0000,29,12,741.3806,-86.9009,-0.9886,5,0.1250,1.0000,8,7,6,0,0,7,6,0.1429
4,176.0000,29,18,649.2124,-87.2153,0.0783,5,0.1250,1.0000,8,8,8,0,0,8,8,0.0000
4,176.0000,29,19,277.3512,-79.5002,0.5530,18,0.4500,0.6667,6,7,4,0,0,7,4,0.4286
4,176.0000,29,25,93.0484,-71.4166,1.6643,35,0.8750,0.2000,5,5,1,0,0,5,1,0.8000
4,176.0000,29,26,779.9612,-87.5478,0.2180,3,0.0750,0.8571,7,6,6,0,0,6,6,0.0000
4,176.0000,29,27,357.8901,-79.0768,-0.8871,31,0.7750,0.0000,4,7,5,0,0,7,5,0.2857
4,176.0000,29,32,231.6964,-77.8181,0.7053,22,0.5500,0.0000,3,6,3,0,0,6,3,0.5000
4,176.0000,29,34,463.1710,-82.3265,0.4081,17,0.4250,0.7143,7,7,6,0,0,7,6,0.1429
4,176.0000,29,36,271.6171,-75.4454,-1.3618,37,0.9250,0.3333,6,4,0,0,0,4,0,1.0000
4,176.0000,29,43,504.5923,-83.8923,-2.3037,7,0.1750,1.0000,8,8,7,0,0,8,7,0.1250
4,176.0000,29,45,813.2921,-85.5405,-0.4372,6,0.1500,1.0000,8,8,8,0,0,8,8,0.0000
4,176.0000,30,2,875.9189,-87.1573,-0.6661,7,0.1750,0.8750,8,4,4,0,0,4,4,0.0000
4,176.0000,30,3,651.2066,-85.0647,-1.2548,7,0.1750,1.0000,8,7,5,0,0,7,5,0.2857
4,176.0000,30,4,894.3777,-86.9068,-0.4895,6,0.1500,1.0000,8,4,4,0,0,4,4,0.0000
4,176.0000,30,7,714.9679,-85.6446,-0.8210,5,0.1250,0.8571,7,7,6,0,0,7,6,0.1429
4,176.0000,30,8,366.0724,-80.0792,-0.4811,20,0.5000,0.5000,6,6,4,0,0,6,4,0.3333
4,176.0000,30,9,713.7274,-87.8259,-2.4646,4,0.1000,0.8571,7,8,8,0,0,8,8,0.0000
4,176.0000,30,10,297.5775,-80.4542,0.5405,22,0.5500,0.2000,5,7,3,0,0,7,3,0.5714
4,176.0000,30,11,930.6340,-88.5050,-0.5440,3,0.0750,0.8000,5,6,6,0,0,6,6,0.0000
4,176.0000,30,13,336.4472,-81.2105,0.2326,16,0.4000,0.7143,7,5,2,0,0,5,2,0.6000
4,176.0000,30,14,735.9721,-84.8144,-0.4341,12,0.3000,1.0000,8,6,6,0,0,6,6,0.0000
4,176.0000,30,15,664.4287,-86.2543,-0.1321,9,0.2250,1.0000,4,8,7,0,0,8,7,0.1250
4,176.0000,30,16,603.3565,-85.9561,-0.2678,8,0.2000,1.0000,8,7,6,0,0,7,6,0.1429
4,176.0000,30,17,852.6858,-86.4434,-0.8341,8,0.2000,1.0000,6,2,1,0,0,2,1,0.5000
4,176.0000,30,18,940.7290,-88.3801,7.2217,3,0.0750,1.0000,8,10,10,0,0,10,10,0.0000
4,176.0000,30,20,776.5733,-88.1352,-0.1448,5,0.1250,0.8333,6,8,8,0,0,8,8,0.0000
4,176.0000,30,23,543.9033,-84.9609,1.3149,5,0.1250,0.8571,7,7,6,0,0,7,6,0.1429
4,176.0000,30,28,155.1680,-73.0066,-0.3115,33,0.8250,0.0000,4,4,1,0,0,4,1,0.7500
4,176.0000,30,31,292.3226,-78.9411,0.1903,24,0.6000,0.4286,7,8,4,0,0,8,4,0.5000
4,176.0000,30,37,458.4654,-84.0333,0.3472,10,0.2500,1.0000,8,7,6,0,0,7,6,0.1429
4,176.0000,30,38,469.1696,-83.2893,-0.7456,15,0.3750,0.4000,5,7,6,0,0,7,6,0.1429
4,176.0000,30,39,704.2883,-86.5781,-0.7252,7,0.1750,1.0000,8,8,8,0,0,8,8,0.0000
4,176.0000,30,40,710.7670,-86.8301,-0.1855,9,0.2250,0.0000,1,8,8,0,0,8,8,0.0000
4,176.0000,30,41,724.6763,-86.5807,-0.0578,4,0.1000,1.0000,8,8,8,0,0,8,8,0.0000
4,176.0000,30,44,363.9074,-80.1837,-0.7448,19,0.4750,0.8750,8,5,2,0,0,5,2,0.6000
4,176.0000,30,46,318.5819,-79.9720,-0.1556,21,0.5250,0.8750,8,7,4,0,0,7,4,0.4286
4,176.0000,30,47,321.5223,-79.7826,0.1348,16,0.4000,0.2857,7,5,3,0,0,5,3,0.4000
4,176.0000,31,2,1137.1459,-89.4240,-0.0445,4,0.1000,,0,3,2,0,0,3,2,0.3333
4,176.0000,31,3,743.5961,-86.9191,0.1973,5,0.1250,0.8571,7,8,8,0,0,8,8,0.0000
4,176.0000,31,7,691.5308,-84.2558,0.6685,6,0.1500,1.0000,8,6,3,0,0,6,3,0.5000
4,176.0000,31,8,466.9786,-82.0834,-0.7925,15,0.3750,0.8571,7,8,7,0,0,8,7,0.1250
4,176.0000,31,9,617.9743,-83.7556,-0.1125,8,0.2000,0.8750,8,8,8,0,0,8,8,0.0000
4,176.0000,31,10,124.7069,-68.6008,-1.0709,36,0.9000,0.2000,5,4,0,0,0,4,0,1.0000
4,176.0000,31,13,135.3925,-73.0970,0.0904,34,0.8500,0.3173,104,6,3,89,21,95,24,0.7474
4,176.0000,31,14,965.3222,-86.9863,0.4297,3,0.0750,1.0000,8,4,4,0,0,4,4,0.0000
4,176.0000,31,16,577.1820,-84.4099,-1.3149,5,0.1250,1.0000,8,8,8,0,0,8,8,0.0000
4,176.0000,31,18,668.3487,-85.3461,0.3796,7,0.1750,0.8571,7,6,6,0,0,6,6,0.0000
4,176.0000,31,21,747.8104,-84.1987,0.3647,3,0.0750,1.0000,8,6,5,0,0,6,5,0.1667
4,176.0000,31,23,593.2030,-84.9048,-1.1051,6,0.1500,0.8571,7,8,8,0,0,8,8,0.0000
4,176.0000,31,26,609.2464,-85.8224,-0.1914,8,0.2000,0.0000,1,8,6,0,0,8,6,0.2500
4,176.0000,31,28,177.9404,-75.6688,0.5787,32,0.8000,0.5000,6,4,0,0,0,4,0,1.0000
4,176.0000,31,30,292.3226,-79.2362,0.7220,23,0.5750,0.7143,7,4,0,0,0,4,0,1.0000
4,176.0000,31,32,889.7561,-88.0259,-0.1670,4,0.1000,1.0000,6,6,6,0,0,6,6,0.0000
4,176.0000,31,37,530.3644,-83.8429,0.1562,9,0.2250,1.0000,8,8,8,0,0,8,8,0.0000
4,176.0000,31,38,617.8376,-84.9881,-0.0141,8,0.2000,1.0000,8,8,8,0,0,8,8,0.0000
4,176.0000,31,39,642.1752,-86.9591,0.3958,6,0.1500,0.5000,4,8,8,0,0,8,8,0.0000
4,176.0000,31,40,493.2014,-82.4406,0.2949,10,0.2500,0.7500,8,7,6,0,0,7,6,0.1429
4,176.0000,31,41,677.4279,-88.2700,0.8261,4,0.1000,1.0000,8,8,8,0,0,8,8,0.0000
4,176.0000,31,43,929.6958,-86.8143,0.9786,4,0.1000,1.0000,6,4,4,0,0,4,4,0.0000
4,176.0000,31,44,152.7296,-70.8742,-1.3755,35,0.8750,0.0000,4,6,2,0,0,6,2,0.6667
4,176.0000,31,46,533.9863,-84.4825,-1.0125,7,0.1750,1.0000,8,6,4,0,0,6,4,0.3333
4,176.0000,31,47,409.1509,-81.8510,-0.3134,11,0.2750,0.7143,7,7,6,0,0,7,6,0.1429
4,176.0000,32,0,725.5950,-85.3961,-0.3515,4,0.1000,,0,8,8,0,0,8,8,0.0000
4,176.0000,32,1,268.6329,-78.4266,0.2300,30,0.7500,0.7143,7,5,1,0,0,5,1,0.8000
4,176.0000,32,3,933.5575,-87.6654,-0.3649,4,0.1000,1.0000,8,8,8,0,0,8,8,0.0000
4,176.0000,32,5,314.3128,-80.7217,0.7896,19,0.4750,0.6667,6,4,0,0,0,4,0,1.0000
4,176.0000,32,9,446.5646,-82.1779,1.2918,7,0.1750,1.0000,8,8,8,0,0,8,8,0.0000
4,176.0000,32,10,804.8944,-87.6128,0.5496,4,0.1000,1.0000,8,6,6,0,0,6,6,0.0000
4,176.0000,32,12,586.5221,-83.8073,-0.2755,16,0.4000,1.0000,4,7,6,0,0,7,6,0.1429
4,176.0000,32,13,783.7992,-86.6736,-0.1736,4,0.1000,1.0000,8,8,8,0,0,8,8,0.0000
4,176.0000,32,16,650.5448,-82.4201,-1.3782,3,0.0750,0.6250,8,8,8,0,0,8,8,0.0000
4,176.0000,32,18,467.8148,-82.4709,-0.1364,11,0.2750,0.8571,7,7,5,0,0,7,5,0.2857
4,176.0000,32,19,235.8656,-77.9412,0.5932,25,0.6250,0.4000,5,6,2,0,0,6,2,0.6667
4,176.0000,32,20,914.9095,-87.2979,-0.1609,3,0.0750,1.0000,8,4,4,0,0,4,4,0.0000
4,176.0000,32,23,768.5204,-85.0072,-1.5809,4,0.1000,1.0000,8,8,8,0,0,8,8,0.0000
4,176.0000,32,25,244.0263,-78.5361,0.6124,29,0.7250,0.5000,6,6,2,0,0,6,2,0.6667
4,176.0000,32,26,567.9677,-82.9615,-0.1940,6,0.1500,0.8750,8,8,8,0,0,8,8,0.0000
4,176.0000,32,27,475.2414,-83.6375,0.2281,18,0.4500,0.6667,6,5,2,0,0,5,2,0.6000
4,176.0000,32,29,231.6964,-78.8428,0.8190,31,0.7750,0.4000,5,4,0,0,0,4,0,1.0000
4,176.0000,32,34,460.9096,-85.0004,-0.2925,14,0.3500,0.6667,6,7,6,0,0,7,6,0.1429
4,176.0000,32,36,414.9822,-82.1699,-0.5508,22,0.5500,0.8750,8,6,4,0,0,6,4,0.3333
4,176.0000,32,39,582.6939,-85.7661,0.5404,5,0.1250,0.8750,8,7,6,0,0,7,6,0.1429
4,176.0000,32,40,629.9989,-85.5587,0.5433,7,0.1750,1.0000,8,8,8,0,0,8,8,0.0000
4,176.0000,32,41,555.4994,-83.6909,-0.3487,7,0.1750,0.7500,8,7,6,0,0,7,6,0.1429
4,176.0000,32,43,452.5376,-82.5734,-0.4842,16,0.4000,0.6667,6,7,5,0,0,7,5,0.2857
4,176.0000,32,44,772.4376,-86.0245,0.4640,3,0.0750,1.0000,6,8,8,0,0,8,8,0.0000
4,176.0000,32,45,647.7307,-84.9867,-0.1701,12,0.3000,1.0000,8,7,6,0,0,7,6,0.1429
4,176.0000,32,47,949.8586,-87.1641,-0.1737,3,0.0750,1.0000,8,8,8,0,0,8,8,0.0000
4,176.0000,33,3,408.6006,-81.4248,-0.2324,9,0.2308,1.0000,8,8,6,0,0,8,6,0.2500
4,176.0000,33,6,286.3002,-78.5381,-0.4630,28,0.7179,0.0000,4,6,3,0,0,6,3,0.5000
4,176.0000,33,15,690.6167,-83.5980,2.0512,3,0.0769,1.0000,8,8,8,0,0,8,8,0.0000
4,176.0000,33,20,349.2195,-79.4357,-0.0367,15,0.3846,0.7143,7,6,4,0,0,6,4,0.3333
4,176.0000,33,22,442.6260,-81.9312,0.2158,9,0.2308,1.0000,8,7,6,0,0,7,6,0.1429
4,176.0000,33,24,347.6806,-80.3209,0.7006,15,0.3846,0.0000,4,7,4,0,0,7,4,0.4286
4,176.0000,33,35,763.2923,-86.6798,-0.5181,4,0.1026,1.0000,6,4,4,0,0,4,4,0.0000
4,176.0000,33,37,632.8424,-85.9732,1.9986,3,0.0769,1.0000,8,7,6,0,0,7,6,0.1429
4,176.0000,33,42,499.2929,-82.8071,-0.6543,18,0.4615,1.0000,8,8,8,0,0,8,8,0.0000
4,176.0000,33,43,836.6550,-85.1898,-0.6887,3,0.0769,1.0000,8,6,6,0,0,6,6,0.0000
4,176.0000,34,0,353.5727,-79.8971,-0.8795,33,0.8250,0.2857,7,6,3,0,0,6,3,0.5000
4,176.0000,34,1,193.1622,-77.9478,1.6204,29,0.7250,0.7143,7,5,1,0,0,5,1,0.8000
4,176.0000,34,5,148.7218,-72.6926,-0.2506,31,0.7750,0.0000,4,5,1,0,0,5,1,0.8000
4,176.0000,34,12,445.6260,-82.1917,-0.2088,25,0.6250,0.5714,7,5,2,0,0,5,2,0.6000
4,176.0000,34,18,548.4071,-84.1965,1.5812,5,0.1250,0.7778,9,7,6,0,0,7,6,0.1429
4,176.0000,34,19,667.9959,-85.5194,-0.0087,8,0.2000,1.0000,8,10,10,0,0,10,10,0.0000
4,176.0000,34,25,511.0385,-83.7538,0.3215,10,0.2500,1.0000,8,7,6,0,0,7,6,0.1429
4,176.0000,34,26,659.5545,-85.1501,-0.3790,7,0.1750,1.0000,8,8,6,0,0,8,6,0.2500
4,176.0000,34,27,401.0164,-82.1618,0.3704,26,0.6500,0.8750,8,6,3,0,0,6,3,0.5000
4,176.0000,34,29,463.1710,-83.4689,-0.3415,14,0.3500,0.7143,7,6,3,0,0,6,3,0.5000
4,176.0000,34,32,460.9096,-83.3987,0.5676,8,0.2000,1.0000,8,6,3,0,0,6,3,0.5000
4,176.0000,34,36,344.7627,-80.1179,-0.3880,27,0.6750,0.5000,4,8,5,0,0,8,5,0.3750
4,176.0000,34,45,542.1117,-83.4036,-0.2848,16,0.4000,0.6667,6,8,8,0,0,8,8,0.0000
4,176.0000,35,2,318.0535,-80.4770,0.1050,30,0.7317,0.2000,5,6,3,0,0,6,3,0.5000
4,176.0000,35,3,837.3830,-87.3668,1.0536,4,0.0976,1.0000,8,8,8,0,0,8,8,0.0000
4,176.0000,35,4,454.3553,-83.6865,1.0510,23,0.5610,0.7143,7,7,5,0,0,7,5,0.2857
4,176.0000,35,6,573.0344,-83.8164,-0.3723,9,0.2195,1.0000,8,8,8,0,0,8,8,0.0000
4,176.0000,35,11,283.4314,-79.7719,0.3654,32,0.7805,0.6667,6,4,0,0,0,4,0,1.0000
4,176.0000,35,14,382.4778,-81.5682,0.9808,24,0.5854,0.5714,7,5,1,0,0,5,1,0.8000
4,176.0000,35,15,343.9024,-79.9156,0.3409,24,0.5854,0.7143,7,6,4,0,0,6,4,0.3333
4,176.0000,35,17,473.5522,-83.2265,-0.1317,21,0.5122,0.8571,7,10,9,0,0,10,9,0.1000
4,176.0000,35,20,917.6889,-89.0272,-0.2098,3,0.0732,0.8333,6,8,8,0,0,8,8,0.0000
4,176.0000,35,24,454.0615,-81.8923,-0.3036,20,0.4878,0.8571,7,8,8,0,0,8,8,0.0000
4,176.0000,35,33,763.2923,-85.6224,-0.5617,4,0.0976,1.0000,6,7,6,0,0,7,6,0.1429
4,176.0000,35,38,694.7513,-87.3684,1.3128,5,0.1220,1.0000,8,8,7,0,0,8,7,0.1250
4,176.0000,35,42,650.2745,-85.0441,-0.2762,19,0.4634,0.6667,6,8,8,0,0,8,8,0.0000
4,176.0000,35,46,692.7168,-85.3925,0.0533,6,0.1463,1.0000,8,7,6,0,0,7,6,0.1429
4,176.0000,36,0,600.9926,-84.4945,0.1970,23,0.5750,0.3333,6,6,4,0,0,6,4,0.3333
4,176.0000,36,1,296.2179,-78.1830,-0.3793,31,0.7750,0.2000,5,5,2,0,0,5,2,0.6000
4,176.0000,36,5,279.9493,-78.0085,0.4494,37,0.9250,0.2000,5,6,3,0,0,6,3,0.5000
4,176.0000,36,12,711.3768,-85.3032,-0.7292,15,0.3750,1.0000,8,7,6,0,0,7,6,0.1429
4,176.0000,36,16,1039.7040,-88.1900,-0.8468,3,0.0750,1.0000,8,2,2,0,0,2,2,0.0000
4,176.0000,36,18,756.9521,-86.8977,-2.2807,5,0.1250,1.0000,4,7,6,0,0,7,6,0.1429
4,176.0000,36,19,540.2935,-82.9356,-0.0916,16,0.4000,0.8571,7,8,8,0,0,8,8,0.0000
4,176.0000,36,25,283.9495,-79.0395,0.8039,31,0.7750,0.5000,6,5,1,0,0,5,1,0.8000
4,176.0000,36,26,869.2280,-86.6672,0.7458,5,0.1250,1.0000,6,8,8,0,0,8,8,0.0000
4,176.0000,36,27,124.5916,-73.2466,0.9299,40,1.0000,0.2000,5,5,0,0,0,5,0,1.0000
4,176.0000,36,29,271.6171,-75.7674,-1.2460,34,0.8500,0.2000,5,6,4,0,0,6,4,0.3333
4,176.0000,36,32,414.9822,-81.7604,0.4028,13,0.3250,1.0000,8,7,6,0,0,7,6,0.1429
4,176.0000,36,34,344.7627,-79.9274,0.2892,32,0.8000,0.2000,5,6,2,0,0,6,2,0.6667
4,176.0000,36,39,958.3747,-86.3934,-0.7320,3,0.0750,1.0000,6,6,6,0,0,6,6,0.0000
4,176.0000,36,41,926.9977,-88.8100,-0.6291,3,0.0750,1.0000,8,8,8,0,0,8,8,0.0000
4,176.0000,36,43,728.6323,-86.2915,-0.2830,5,0.1250,0.8571,7,8,8,0,0,8,8,0.0000
4,176.0000,36,45,780.6838,-86.9259,-1.5244,7,0.1750,1.0000,8,8,8,0,0,8,8,0.0000
4,176.0000,37,2,783.3798,-86.9964,0.2893,8,0.2000,0.8333,6,6,6,0,0,6,6,0.0000
4,176.0000,37,3,269.0853,-76.3974,-0.1212,24,0.6000,0.4000,5,5,3,0,0,5,3,0.4000
4,176.0000,37,4,917.3911,-88.3056,-1.2868,4,0.1000,1.0000,8,7,6,0,0,7,6,0.1429
4,176.0000,37,6,577.6826,-84.9518,0.1704,14,0.3500,0.8750,8,8,7,0,0,8,7,0.1250
4,176.0000,37,7,298.6936,-77.2045,-1.0850,26,0.6500,0.7143,7,6,3,0,0,6,3,0.5000
4,176.0000,37,8,329.3588,-81.0844,0.2806,24,0.6000,0.7500,8,6,3,0,0,6,3,0.5000
4,176.0000,37,9,540.1077,-84.3211,-1.7410,12,0.3000,0.8750,8,7,5,0,0,7,5,0.2857
4,176.0000,37,10,452.9775,-83.7805,0.4930,13,0.3250,1.0000,8,8,7,0,0,8,7,0.1250
4,176.0000,37,11,895.9506,-87.8751,-0.5307,6,0.1500,0.7500,4,6,6,0,0,6,6,0.0000
4,176.0000,37,13,439.2841,-81.6180,0.1209,17,0.4250,0.8000,5,9,8,0,0,9,8,0.1111
4,176.0000,37,14,719.4777,-87.1268,0.3196,9,0.2250,1.0000,8,8,8,0,0,8,8,0.0000
4,176.0000,37,15,514.3741,-85.1152,0.4769,16,0.4000,0.8571,7,8,6,0,0,8,6,0.2500
4,176.0000,37,16,315.4695,-79.5340,0.1324,22,0.5500,0.7500,8,6,3,0,0,6,3,0.5000
4,176.0000,37,18,951.0381,-87.2885,1.2306,4,0.1000,1.0000,4,6,6,0,0,6,6,0.0000
4,176.0000,37,19,800.6913,-87.6451,-1.0852,7,0.1750,0.8000,5,8,7,0,0,8,7,0.1250
4,176.0000,37,20,404.3578,-81.7686,-0.2877,21,0.5250,0.8000,5,7,5,0,0,7,5,0.2857
4,176.0000,37,21,1150.6285,-88.6390,-0.3761,3,0.0750,1.0000,6,2,2,0,0,2,2,0.0000
4,176.0000,37,22,679.7339,-85.5107,-0.8049,14,0.3500,0.8571,7,4,4,0,0,4,4,0.0000
4,176.0000,37,23,416.8611,-82.2991,0.1614,17,0.4250,1.0000,6,7,6,0,0,7,6,0.1429
4,176.0000,37,24,695.0299,-85.1191,-1.0154,14,0.3500,0.8750,8,7,6,0,0,7,6,0.1429
4,176.0000,37,26,970.5926,-88.4473,0.3685,4,0.1000,1.0000,2,8,8,0,0,8,8,0.0000
4,176.0000,37,28,417.1727,-82.9930,-0.3223,18,0.4500,0.5714,7,4,0,0,0,4,0,1.0000
4,176.0000,37,30,458.4654,-83.1130,1.5808,15,0.3750,1.0000,8,8,7,0,0,8,7,0.1250
4,176.0000,37,31,530.3644,-84.9548,0.4782,16,0.4000,0.8571,7,7,6,0,0,7,6,0.1429
4,176.0000,37,32,931.4437,-87.3358,-0.3188,8,0.2000,1.0000,4,4,4,0,0,4,4,0.0000
4,176.0000,37,33,632.8424,-85.9575,-0.6033,13,0.3250,0.8571,7,8,7,0,0,8,7,0.1250
4,176.0000,37,35,827.4331,-88.4568,-0.6748,6,0.1500,1.0000,6,2,2,0,0,2,2,0.0000
4,176.0000,37,38,154.9831,-72.8244,0.2266,36,0.9000,0.0000,4,4,0,0,0,4,0,1.0000
4,176.0000,37,39,383.3571,-80.2812,-1.2813,23,0.5750,1.0000,8,8,8,0,0,8,8,0.0000
4,176.0000,37,41,455.3193,-82.5827,-1.7400,14,0.3500,0.7143,7,7,6,0,0,7,6,0.1429
4,176.0000,37,43,737.6297,-87.4928,0.5209,10,0.2500,1.0000,8,8,8,0,0,8,8,0.0000
4,176.0000,37,44,550.5905,-84.2316,0.3166,16,0.4000,0.8000,10,7,6,0,0,7,6,0.1429
4,176.0000,37,46,338.5080,-81.5947,1.1070,20,0.5000,0.7143,7,8,6,0,0,8,6,0.2500
4,176.0000,37,47,140.2735,-73.8464,1.0385,32,0.8000,0.5000,6,6,2,0,0,6,2,0.6667
4,176.0000,38,2,629.4500,-86.2231,0.3989,13,0.3250,0.8571,7,8,8,0,0,8,8,0.0000
4,176.0000,38,3,262.4779,-78.2282,0.3245,26,0.6500,0.5714,7,5,1,0,0,5,1,0.8000
4,176.0000,38,4,768.4771,-86.9504,0.0214,10,0.2500,1.0000,4,5,4,0,0,5,4,0.2000
4,176.0000,38,6,507.7462,-83.7570,0.8370,17,0.4250,0.6667,6,7,5,0,0,7,5,0.2857
4,176.0000,38,7,414.5672,-80.9562,-0.5487,19,0.4750,0.5000,6,7,5,0,0,7,5,0.2857
4,176.0000,38,8,351.9479,-80.1099,0.1636,22,0.5500,0.7143,7,6,4,0,0,6,4,0.3333
4,176.0000,38,9,650.0073,-84.7312,-0.5658,9,0.2250,1.0000,8,8,8,0,0,8,8,0.0000
4,176.0000,38,10,548.2968,-84.9714,-0.7211,11,0.2750,0.7778,9,7,5,0,0,7,5,0.2857
4,176.0000,38,11,763.7035,-86.6014,0.0466,11,0.2750,1.0000,2,8,8,0,0,8,8,0.0000
4,176.0000,38,13,548.0614,-83.5496,0.2501,16,0.4000,1.0000,8,7,6,0,0,7,6,0.1429
4,176.0000,38,14,606.9723,-86.0931,-0.1034,10,0.2500,1.0000,6,7,4,0,0,7,4,0.4286
4,176.0000,38,15,386.5471,-83.6022,0.5618,19,0.4750,0.5714,7,6,4,0,0,6,4,0.3333
4,176.0000,38,16,423.4747,-82.7866,0.4898,12,0.3000,1.0000,8,7,6,0,0,7,6,0.1429
4,176.0000,38,17,747.8549,-87.8076,-0.5024,7,0.1750,,0,4,4,0,0,4,4,0.0000
4,176.0000,38,19,928.5151,-88.1469,-0.0144,5,0.1250,1.0000,2,8,8,0,0,8,8,0.0000
4,176.0000,38,20,403.2033,-81.8791,-0.1882,20,0.5000,0.8750,8,7,6,0,0,7,6,0.1429
4,176.0000,38,22,680.1574,-85.5295,-0.3833,12,0.3000,1.0000,8,4,4,0,0,4,4,0.0000
4,176.0000,38,23,453.9222,-82.8158,0.0135,17,0.4250,0.8571,7,7,5,0,0,7,5,0.2857
4,176.0000,38,24,592.2100,-84.7827,0.0666,17,0.4250,1.0000,8,5,2,0,0,5,2,0.6000
4,176.0000,38,28,475.1919,-82.9533,-0.4275,19,0.4750,0.7143,7,6,4,0,0,6,4,0.3333
4,176.0000,38,30,469.1696,-82.3249,0.0839,15,0.3750,0.7143,7,10,10,0,0,10,10,0.0000
4,176.0000,38,31,617.8376,-85.2095,0.3631,14,0.3500,0.8750,8,7,5,0,0,7,5,0.2857
4,176.0000,38,33,569.4774,-84.9874,-0.0983,15,0.3750,0.7727,22,8,8,1,0,9,8,0.1111
4,176.0000,38,35,694.7513,-85.7936,0.2914,8,0.2000,1.0000,8,5,4,0,0,5,4,0.2000
4,176.0000,38,37,154.9831,-72.6576,-0.0172,31,0.7750,0.5000,6,4,0,0,0,4,0,1.0000
4,176.0000,38,39,505.8335,-83.0724,0.1281,16,0.4000,1.0000,8,7,6,0,0,7,6,0.1429
4,176.0000,38,40,969.3688,-88.9224,0.2719,3,0.0750,1.0000,2,6,6,0,0,6,6,0.0000
4,176.0000,38,41,554.1752,-83.2954,0.0526,10,0.2500,1.0000,8,8,7,0,0,8,7,0.1250
4,176.0000,38,42,901.7266,-86.6453,-0.3339,5,0.1250,1.0000,6,4,4,0,0,4,4,0.0000
4,176.0000,38,43,829.2448,-88.0092,0.2740,4,0.1000,1.0000,4,6,5,0,0,6,5,0.1667
4,176.0000,38,44,645.8089,-84.9980,-1.4090,12,0.3000,1.0000,8,4,4,0,0,4,4,0.0000
4,176.0000,38,46,273.9831,-79.0882,1.0060,26,0.6500,0.4000,5,8,8,0,0,8,8,0.0000
4,176.0000,38,47,213.0851,-75.7956,0.2825,28,0.7000,0.0000,4,7,5,0,0,7,5,0.2857
4,176.0000,39,1,841.5904,-86.8264,4.0671,3,0.0750,1.0000,8,7,6,0,0,7,6,0.1429
4,176.0000,39,3,367.3343,-79.1939,0.0626,18,0.4500,0.0000,4,7,6,0,0,7,6,0.1429
4,176.0000,39,6,754.7338,-86.3975,-0.2276,7,0.1750,1.0000,8,8,8,0,0,8,8,0.0000
4,176.0000,39,7,192.1759,-72.9777,-0.4063,30,0.7500,0.4000,5,4,0,0,0,4,0,1.0000
4,176.0000,39,8,443.6972,-83.2445,1.4601,8,0.2000,0.7143,7,6,4,0,0,6,4,0.3333
4,176.0000,39,9,243.7108,-77.1651,0.1877,22,0.5500,0.4000,5,6,3,0,0,6,3,0.5000
4,176.0000,39,10,531.0155,-84.0451,-0.1555,7,0.1750,0.8750,8,7,5,0,0,7,5,0.2857
4,176.0000,39,13,508.1574,-84.4788,2.3742,5,0.1250,0.8571,7,8,8,0,0,8,8,0.0000
4,176.0000,39,16,126.8287,-72.7101,0.6864,24,0.6000,0.5000,6,6,2,0,0,6,2,0.6667
4,176.0000,39,18,746.4969,-86.8984,1.5445,5,0.1250,0.7500,4,4,4,0,0,4,4,0.0000
4,176.0000,39,19,423.3168,-81.9002,0.6410,16,0.4000,0.8571,7,8,7,0,0,8,7,0.1250
4,176.0000,39,20,384.0788,-80.9145,-0.1944,16,0.4000,0.2000,5,8,7,0,0,8,7,0.1250
4,176.0000,39,22,538.2374,-82.1486,-0.3318,11,0.2750,0.6667,6,8,8,0,0,8,8,0.0000
4,176.0000,39,23,372.9886,-79.1251,0.2186,8,0.2000,0.8571,7,7,5,0,0,7,5,0.2857
4,176.0000,39,24,907.8901,-87.2372,-0.0388,6,0.1500,0.7143,7,2,2,0,0,2,2,0.0000
4,176.0000,39,25,692.0071,-86.1429,-1.0352,6,0.1500,0.8571,7,3,2,0,0,3,2,0.3333
4,176.0000,39,28,631.8117,-84.8809,0.6823,3,0.0750,0.8750,8,7,6,0,0,7,6,0.1429
4,176.0000,39,29,698.9284,-85.7377,0.6752,9,0.2250,1.0000,2,6,4,0,0,6,4,0.3333
4,176.0000,39,30,704.2883,-86.2751,0.8209,3,0.0750,0.8750,8,8,8,0,0,8,8,0.0000
4,176.0000,39,31,642.1752,-85.6319,0.3756,3,0.0750,0.8571,7,8,8,0,0,8,8,0.0000
4,176.0000,39,32,582.6939,-84.6820,-1.9840,9,0.2250,0.8571,7,7,5,0,0,7,5,0.2857
4,176.0000,39,33,704.0646,-84.9721,-0.1847,7,0.1750,0.9143,35,8,8,0,0,8,8,0.0000
4,176.0000,39,37,383.3571,-78.2389,-0.6212,17,0.4250,0.5000,6,7,3,0,0,7,3,0.5714
4,176.0000,39,38,505.8335,-82.1070,-0.7987,11,0.2750,0.7353,34,7,6,3,2,10,8,0.2000
4,176.0000,39,40,740.7931,-87.5829,-0.0526,3,0.0750,1.0000,4,2,2,0,0,2,2,0.0000
4,176.0000,39,41,141.7867,-73.4498,0.7977,29,0.7250,0.4000,5,5,1,0,0,5,1,0.8000
4,176.0000,39,43,379.4437,-81.2457,1.1529,20,0.5000,0.5714,7,6,3,0,0,6,3,0.5000
4,176.0000,39,44,579.6526,-86.2212,0.0379,5,0.1250,1.0000,6,6,4,0,0,6,4,0.3333
4,176.0000,39,46,707.6018,-86.4810,-0.5984,4,0.1000,0.8750,8,6,4,0,0,6,4,0.3333
4,176.0000,39,47,454.1566,-81.7656,-0.7031,7,0.1750,1.0000,8,7,6,0,0,7,6,0.1429
4,176.0000,40,1,710.7994,-85.1984,1.2345,6,0.1500,1.0000,8,8,8,0,0,8,8,0.0000
4,176.0000,40,5,753.3253,-87.3677,-0.6869,5,0.1250,1.0000,8,7,6,0,0,7,6,0.1429
4,176.0000,40,9,562.4478,-84.2882,0.9286,4,0.1000,0.8571,7,7,6,0,0,7,6,0.1429
4,176.0000,40,10,465.4793,-79.6103,-0.7277,9,0.2250,0.9600,25,7,5,0,0,7,5,0.2857
4,176.0000,40,12,508.8733,-82.6701,0.7493,13,0.3250,1.0000,8,8,7,0,0,8,7,0.1250
4,176.0000,40,13,481.4357,-82.0479,1.0242,6,0.1500,1.0000,8,8,8,0,0,8,8,0.0000
4,176.0000,40,18,403.4823,-81.5771,-0.1603,13,0.3250,1.0000,8,8,8,0,0,8,8,0.0000
4,176.0000,40,21,287.6597,-77.6226,-0.7829,28,0.7000,0.0000,4,6,3,0,0,6,3,0.5000
4,176.0000,40,26,221.0017,-77.8254,0.5833,24,0.6000,0.0000,4,5,2,0,0,5,2,0.6000
4,176.0000,40,28,648.0446,-84.1815,0.5670,5,0.1250,0.8571,7,8,8,0,0,8,8,0.0000
4,176.0000,40,31,493.2014,-82.2351,0.1980,6,0.1500,0.6667,6,8,7,0,0,8,7,0.1250
4,176.0000,40,32,629.9989,-83.8322,-0.8290,5,0.1250,1.0000,8,8,8,0,0,8,8,0.0000
4,176.0000,40,34,822.8501,-85.4082,0.3785,5,0.1250,1.0000,4,6,6,0,0,6,6,0.0000
4,176.0000,40,44,365.7467,-83.3582,1.1906,4,0.1000,0.8571,7,8,8,0,0,8,8,0.0000
4,176.0000,40,45,492.8754,-82.4615,0.4036,16,0.4000,0.8750,8,7,5,0,0,7,5,0.2857
4,176.0000,41,1,820.9611,-86.9489,0.0570,6,0.1500,1.0000,8,8,8,0,0,8,8,0.0000
4,176.0000,41,2,1121.9571,-88.6428,0.5333,4,0.1000,,0,8,8,0,0,8,8,0.0000
4,176.0000,41,3,384.5511,-81.3514,-0.7624,21,0.5250,0.8750,8,7,5,0,0,7,5,0.2857
4,176.0000,41,5,867.9567,-86.8238,0.3321,6,0.1500,1.0000,8,4,4,0,0,4,4,0.0000
4,176.0000,41,6,811.4118,-87.6457,-0.4911,8,0.2000,0.7143,7,4,4,0,0,4,4,0.0000
4,176.0000,41,7,312.4524,-78.9485,-0.1575,20,0.5000,0.7500,8,5,2,0,0,5,2,0.6000
4,176.0000,41,8,415.5605,-84.0698,0.4117,13,0.3250,0.6667,6,6,3,0,0,6,3,0.5000
4,176.0000,41,9,161.7230,-73.0095,0.9031,32,0.8000,0.2000,5,5,1,0,0,5,1,0.8000
4,176.0000,41,10,556.5186,-84.6083,0.1632,11,0.2750,1.0000,8,8,7,0,0,8,7,0.1250
4,176.0000,41,13,548.7954,-83.8514,0.2861,9,0.2250,0.8571,7,8,8,0,0,8,8,0.0000
4,176.0000,41,14,1159.7215,-88.9296,1.3114,3,0.0750,,0,4,4,0,0,4,4,0.0000
4,176.0000,41,16,143.2119,-73.5666,1.2638,30,0.7500,0.0000,4,4,0,0,0,4,0,1.0000
4,176.0000,41,18,765.3983,-86.9303,0.1460,7,0.1750,1.0000,6,6,6,0,0,6,6,0.0000
4,176.0000,41,19,411.4580,-81.6223,-0.5728,24,0.6000,0.7143,7,5,4,0,0,5,4,0.2000
4,176.0000,41,20,372.0375,-82.3008,0.2098,17,0.4250,0.7500,8,6,3,0,0,6,3,0.5000
4,176.0000,41,21,969.0465,-87.5258,-0.2673,4,0.1000,1.0000,8,8,8,0,0,8,8,0.0000
4,176.0000,41,22,465.0452,-82.3006,-0.5349,17,0.4250,0.7143,7,5,2,0,0,5,2,0.6000
4,176.0000,41,23,292.6463,-78.7902,-0.5310,25,0.6250,0.4000,5,4,0,0,0,4,0,1.0000
4,176.0000,41,25,657.7597,-84.4758,0.1687,14,0.3500,0.8571,7,8,8,0,0,8,8,0.0000
4,176.0000,41,26,796.4825,-85.7304,0.5584,4,0.1000,1.0000,4,8,8,0,0,8,8,0.0000
4,176.0000,41,28,674.2159,-86.4352,-0.3124,7,0.1750,0.8571,7,7,6,0,0,7,6,0.1429
4,176.0000,41,29,682.0766,-87.1372,-0.6458,9,0.2250,1.0000,2,5,3,0,0,5,3,0.4000
4,176.0000,41,30,724.6763,-86.9830,-0.6854,7,0.1750,1.0000,6,6,4,0,0,6,4,0.3333
4,176.0000,41,31,677.4279,-86.1691,-0.1701,8,0.2000,0.6667,6,8,8,0,0,8,8,0.0000
4,176.0000,41,32,555.4994,-83.9417,-0.0289,12,0.3000,1.0000,8,8,8,0,0,8,8,0.0000
4,176.0000,41,33,713.2349,-87.0413,-0.2215,7,0.1750,1.0000,6,7,6,0,0,7,6,0.1429
4,176.0000,41,34,1011.5984,-89.2062,0.0754,5,0.1250,,0,4,4,0,0,4,4,0.0000
4,176.0000,41,36,926.9977,-86.7673,0.5081,6,0.1500,1.0000,8,4,4,0,0,4,4,0.0000
4,176.0000,41,37,455.3193,-83.1756,-0.8882,16,0.4000,0.8571,7,7,6,0,0,7,6,0.1429
4,176.0000,41,38,554.1752,-84.8989,-0.2239,14,0.3500,1.0000,8,8,8,0,0,8,8,0.0000
4,176.0000,41,39,141.7867,-73.6102,0.2932,30,0.7500,0.5714,7,4,0,0,0,4,0,1.0000
4,176.0000,41,40,710.9004,-87.2390,-1.3397,6,0.1500,1.0000,4,8,8,0,0,8,8,0.0000
4,176.0000,41,43,291.1704,-79.5149,0.2964,30,0.7500,0.6000,5,6,2,0,0,6,2,0.6667
4,176.0000,41,44,589.4541,-84.7406,0.9726,13,0.3250,0.8571,7,8,8,0,0,8,8,0.0000
4,176.0000,41,46,758.4786,-87.0474,0.8311,9,0.2250,1.0000,6,7,6,0,0,7,6,0.1429
4,176.0000,41,47,512.5464,-83.7886,-0.3957,15,0.3750,0.6667,6,6,4,0,0,6,4,0.3333
4,176.0000,42,2,635.9828,-85.5308,0.5989,11,0.2750,1.0000,8,8,8,0,0,8,8,0.0000
4,176.0000,42,4,850.4521,-86.7704,0.4288,5,0.1250,1.0000,8,6,6,0,0,6,6,0.0000
4,176.0000,42,6,539.2232,-84.9756,1.0781,9,0.2250,1.0000,8,7,6,0,0,7,6,0.1429
4,176.0000,42,15,800.7848,-85.9004,1.4039,4,0.1000,1.0000,8,8,8,0,0,8,8,0.0000
4,176.0000,42,17,884.7142,-85.8878,-0.2097,3,0.0750,1.0000,6,4,4,0,0,4,4,0.0000
4,176.0000,42,20,819.4180,-86.4290,-3.7926,3,0.0750,1.0000,8,8,8,0,0,8,8,0.0000
4,176.0000,42,24,392.6723,-82.2386,-0.2944,17,0.4250,0.5714,7,7,6,0,0,7,6,0.1429
4,176.0000,42,33,499.2929,-82.9658,0.2616,14,0.3500,0.6667,6,7,4,0,0,7,4,0.4286
4,176.0000,42,35,650.2745,-84.7327,1.8107,7,0.1750,1.0000,8,8,8,0,0,8,8,0.0000
4,176.0000,43,1,708.5502,-86.5453,-0.1730,10,0.2500,1.0000,8,7,6,0,0,7,6,0.1429
4,176.0000,43,3,617.1962,-85.8089,0.4890,7,0.1750,1.0000,8,8,8,0,0,8,8,0.0000
4,176.0000,43,5,751.0066,-87.4332,0.1534,5,0.1250,0.6667,6,8,8,0,0,8,8,0.0000
4,176.0000,43,6,987.5888,-88.4931,-0.0517,3,0.0750,1.0000,6,2,2,0,0,2,2,0.0000
4,176.0000,43,7,530.7130,-85.0714,-0.1567,8,0.2000,1.0000,8,7,5,0,0,7,5,0.2857
4,176.0000,43,8,683.0085,-86.7111,0.6244,4,0.1000,1.0000,8,8,7,0,0,8,7,0.1250
4,176.0000,43,9,315.7638,-81.0414,0.2343,11,0.2750,0.8750,8,7,6,0,0,7,6,0.1429
4,176.0000,43,10,811.0618,-87.6118,0.7908,4,0.1000,1.0000,6,7,6,0,0,7,6,0.1429
4,176.0000,43,13,802.6505,-87.7020,0.1832,5,0.1250,1.0000,8,8,8,0,0,8,8,0.0000
4,176.0000,43,16,432.9707,-82.5990,0.7611,9,0.2250,0.8571,7,8,7,0,0,8,7,0.1250
4,176.0000,43,18,826.6500,-88.1236,0.5743,4,0.1000,1.0000,6,4,4,0,0,4,4,0.0000
4,176.0000,43,19,287.9498,-78.4249,-0.2458,27,0.6750,0.2000,5,7,5,0,0,7,5,0.2857
4,176.0000,43,20,545.1780,-83.6398,0.7433,11,0.2750,1.0000,6,8,7,0,0,8,7,0.1250
4,176.0000,43,22,480.0662,-83.0583,-0.0985,14,0.3500,0.6667,6,8,7,0,0,8,7,0.1250
4,176.0000,43,23,524.2930,-85.9952,0.1131,8,0.2000,1.0000,8,8,8,0,0,8,8,0.0000
4,176.0000,43,25,451.5035,-81.6006,0.0408,24,0.6000,0.7143,7,8,7,0,0,8,7,0.1250
4,176.0000,43,26,878.0964,-88.8705,-0.1994,3,0.0750,1.0000,2,8,8,0,0,8,8,0.0000
4,176.0000,43,27,754.3263,-86.2173,-0.3455,11,0.2750,0.8571,7,6,6,0,0,6,6,0.0000
4,176.0000,43,28,952.2275,-87.7371,0.5927,3,0.0750,,0,2,2,0,0,2,2,0.0000
4,176.0000,43,29,504.5923,-84.2255,0.3098,18,0.4500,1.0000,8,8,8,0,0,8,8,0.0000
4,176.0000,43,31,929.6958,-88.0793,1.4707,3,0.0750,0.8889,9,8,8,0,0,8,8,0.0000
4,176.0000,43,32,452.5376,-83.4193,-0.2707,13,0.3250,1.0000,8,7,5,0,0,7,5,0.2857
4,176.0000,43,33,836.6550,-87.0535,-0.2050,8,0.2000,1.0000,4,8,8,0,0,8,8,0.0000
4,176.0000,43,34,898.8185,-87.8182,0.0183,7,0.1750,1.0000,4,4,4,0,0,4,4,0.0000
4,176.0000,43,36,728.6323,-86.2375,-0.6570,7,0.1750,1.0000,8,8,8,0,0,8,8,0.0000
4,176.0000,43,37,737.6297,-86.5269,0.0761,6,0.1500,1.0000,8,8,8,0,0,8,8,0.0000
4,176.0000,43,39,379.4437,-82.0932,-0.1061,11,0.2750,0.7143,7,6,3,0,0,6,3,0.5000
4,176.0000,43,40,829.9488,-88.0155,-0.2272,5,0.1250,0.7500,4,6,6,0,0,6,6,0.0000
4,176.0000,43,41,291.1704,-80.3468,-0.2672,15,0.3750,0.8750,8,7,6,0,0,7,6,0.1429
4,176.0000,44,3,720.2938,-85.8349,0.2043,6,0.1500,1.0000,8,8,8,0,0,8,8,0.0000
4,176.0000,44,7,669.2762,-84.8137,-0.4435,9,0.2250,0.8750,8,8,8,0,0,8,8,0.0000
4,176.0000,44,8,419.8803,-79.6649,-0.0422,14,0.3500,0.8750,8,8,8,0,0,8,8,0.0000
4,176.0000,44,9,504.9408,-84.1511,0.7494,7,0.1750,1.0000,8,8,8,0,0,8,8,0.0000
4,176.0000,44,10,105.7438,-65.0073,-0.2026,34,0.8500,0.0000,4,5,1,0,0,5,1,0.8000
4,176.0000,44,13,142.5267,-72.0394,-0.0466,37,0.9250,0.2000,5,5,1,0,0,5,1,0.8000
4,176.0000,44,16,513.3052,-82.8534,0.2508,10,0.2500,0.7500,8,8,8,0,0,8,8,0.0000
4,176.0000,44,18,586.4534,-83.7113,-0.2156,10,0.2500,0.8571,7,7,6,0,0,7,6,0.1429
4,176.0000,44,21,637.3473,-86.2018,-0.1391,9,0.2250,1.0000,8,8,7,0,0,8,7,0.1250
4,176.0000,44,23,509.1548,-84.1117,0.4609,8,0.2000,0.7500,8,7,6,0,0,7,6,0.1429
4,176.0000,44,26,507.8735,-85.6490,2.0046,4,0.1000,1.0000,2,6,4,0,0,6,4,0.3333
4,176.0000,44,28,283.7734,-78.0598,-0.3216,27,0.6750,0.6667,6,4,0,0,0,4,0,1.0000
4,176.0000,44,30,363.9074,-80.5623,0.3778,22,0.5500,0.7143,7,8,7,0,0,8,7,0.1250
4,176.0000,44,31,152.7296,-70.5238,-1.0204,34,0.8500,0.0000,4,5,1,0,0,5,1,0.8000
4,176.0000,44,32,772.4376,-84.8362,-1.1175,4,0.1000,0.8000,5,8,8,0,0,8,8,0.0000
4,176.0000,44,37,550.5905,-83.8545,0.0226,11,0.2750,0.8571,7,8,8,0,0,8,8,0.0000
4,176.0000,44,38,645.8089,-83.8012,-1.4385,7,0.1750,1.0000,8,8,8,0,0,8,8,0.0000
4,176.0000,44,39,579.6526,-85.4267,-0.9378,5,0.1250,1.0000,6,8,8,0,0,8,8,0.0000
4,176.0000,44,40,365.7467,-81.1236,0.0289,15,0.3750,0.6667,6,6,4,0,0,6,4,0.3333
4,176.0000,44,41,589.4541,-84.7500,0.9536,5,0.1250,0.8571,7,6,4,0,0,6,4,0.3333
4,176.0000,44,45,850.8368,-87.6023,-0.9334,4,0.1000,0.8750,8,6,5,0,0,6,5,0.1667
4,176.0000,44,46,615.1211,-85.6635,-0.1764,9,0.2250,1.0000,8,8,7,0,0,8,7,0.1250
4,176.0000,44,47,447.2512,-80.9321,0.0109,11,0.2750,0.8571,7,8,7,0,0,8,7,0.1250
4,176.0000,45,0,438.1108,-83.8506,0.1637,24,0.5854,1.0000,8,6,4,0,0,6,4,0.3333
4,176.0000,45,1,535.9461,-82.9923,0.2232,13,0.3171,1.0000,8,8,8,0,0,8,8,0.0000
4,176.0000,45,5,555.0012,-84.0450,0.1024,13,0.3171,1.0000,8,8,7,0,0,8,7,0.1250
4,176.0000,45,10,944.1404,-88.1423,-0.1719,3,0.0732,1.0000,8,8,8,0,0,8,8,0.0000
4,176.0000,45,12,120.5217,-72.4357,1.7549,35,0.8537,0.3333,6,4,0,0,0,4,0,1.0000
4,176.0000,45,18,491.1880,-83.2260,1.1054,10,0.2439,0.8750,8,8,5,0,0,8,5,0.3750
4,176.0000,45,21,317.3692,-79.4394,0.4741,27,0.6585,0.5714,7,5,1,0,0,5,1,0.8000
4,176.0000,45,25,823.8687,-86.5470,0.2696,6,0.1463,1.0000,8,6,6,0,0,6,6,0.0000
4,176.0000,45,26,385.5572,-79.1302,-1.2129,22,0.5366,0.7500,8,8,8,0,0,8,8,0.0000
4,176.0000,45,27,780.9282,-86.6206,1.0610,6,0.1463,1.0000,8,8,8,0,0,8,8,0.0000
4,176.0000,45,29,813.2921,-86.9364,-0.8314,6,0.1463,1.0000,6,8,8,0,0,8,8,0.0000
4,176.0000,45,32,647.7307,-86.2605,1.2294,5,0.1220,1.0000,8,7,5,0,0,7,5,0.2857
4,176.0000,45,34,542.1117,-84.2863,0.0755,13,0.3171,0.8750,8,7,6,0,0,7,6,0.1429
4,176.0000,45,36,780.6838,-84.9396,-0.6464,10,0.2439,1.0000,8,4,4,0,0,4,4,0.0000
4,176.0000,45,40,492.8754,-82.5870,-0.2262,9,0.2195,1.0000,8,8,8,0,0,8,8,0.0000
4,176.0000,45,43,1008.2511,-88.8146,0.0030,4,0.0976,1.0000,4,4,4,0,0,4,4,0.0000
4,176.0000,45,44,850.8368,-87.8934,0.4696,4,0.0976,1.0000,6,8,8,0,0,8,8,0.0000
4,176.0000,46,2,626.0092,-84.8679,-1.6931,11,0.2750,0.8000,5,8,8,0,0,8,8,0.0000
4,176.0000,46,3,531.0401,-83.8560,0.3809,6,0.1500,1.0000,8,5,1,0,0,5,1,0.8000
4,176.0000,46,4,683.5087,-85.5732,0.0418,15,0.3750,0.8571,7,8,8,0,0,8,8,0.0000
4,176.0000,46,6,713.9123,-85.9249,0.7873,8,0.2000,1.0000,8,8,8,0,0,8,8,0.0000
4,176.0000,46,7,635.3305,-85.6902,-0.9740,6,0.1500,0.8750,8,8,8,0,0,8,8,0.0000
4,176.0000,46,8,447.0310,-82.4322,1.1161,11,0.2750,0.7143,7,8,7,0,0,8,7,0.1250
4,176.0000,46,9,812.2232,-87.0443,1.6441,3,0.0750,1.0000,8,8,8,0,0,8,8,0.0000
4,176.0000,46,10,517.5840,-83.7151,1.8401,4,0.1000,0.8571,7,6,3,0,0,6,3,0.5000
4,176.0000,46,11,657.2692,-84.6134,-0.0249,15,0.3750,0.6667,6,8,7,0,0,8,7,0.1250
4,176.0000,46,13,525.4735,-85.4895,1.3151,8,0.2000,0.8571,7,8,7,0,0,8,7,0.1250
4,176.0000,46,14,456.9489,-81.8443,-0.9069,26,0.6500,0.7143,7,8,8,0,0,8,8,0.0000
4,176.0000,46,15,352.0530,-80.3684,0.2689,23,0.5750,0.4000,5,7,5,0,0,7,5,0.2857
4,176.0000,46,16,618.7652,-85.3659,2.3182,4,0.1000,1.0000,8,7,6,0,0,7,6,0.1429
4,176.0000,46,17,648.8717,-84.8822,0.0161,16,0.4000,1.0000,8,6,6,0,0,6,6,0.0000
4,176.0000,46,20,671.4457,-85.2546,0.2909,8,0.2000,0.7500,4,7,6,0,0,7,6,0.1429
4,176.0000,46,23,612.6205,-84.7114,-0.5147,4,0.1000,0.8750,8,8,8,0,0,8,8,0.0000
4,176.0000,46,24,761.6116,-85.4802,-0.5621,9,0.2250,0.8571,7,8,8,0,0,8,8,0.0000
4,176.0000,46,28,357.3212,-80.6785,-0.0445,12,0.3000,0.8750,8,6,2,0,0,6,2,0.6667
4,176.0000,46,30,318.5819,-79.1686,0.3793,16,0.4000,0.6250,8,5,1,0,0,5,1,0.8000
4,176.0000,46,31,533.9863,-83.9146,2.3050,8,0.2000,0.8571,7,7,6,0,0,7,6,0.1429
4,176.0000,46,33,819.3895,-88.0129,0.8346,4,0.1000,1.0000,4,8,8,0,0,8,8,0.0000
4,176.0000,46,35,692.7168,-84.9910,-0.4321,12,0.3000,0.8571,7,8,8,0,0,8,8,0.0000
4,176.0000,46,37,338.5080,-81.7588,1.3232,13,0.3250,0.8750,8,5,3,0,0,5,3,0.4000
4,176.0000,46,38,273.9831,-79.2694,1.0989,16,0.4000,0.6667,6,7,5,0,0,7,5,0.2857
4,176.0000,46,39,707.6018,-86.2763,-1.0160,4,0.1000,1.0000,8,8,8,0,0,8,8,0.0000
4,176.0000,46,41,758.4786,-87.0820,0.8074,3,0.0750,1.0000,8,8,8,0,0,8,8,0.0000
4,176.0000,46,44,615.1211,-84.6051,-0.0653,5,0.1250,0.8750,8,8,7,0,0,8,7,0.1250
4,176.0000,46,47,262.9556,-78.1175,1.7107,13,0.3250,0.6000,5,4,0,0,0,4,0,1.0000
4,176.0000,47,2,802.2605,-88.9745,0.7278,3,0.0750,1.0000,6,5,4,0,0,5,4,0.2000
4,176.0000,47,3,380.9436,-80.7789,0.3287,16,0.4000,1.0000,8,6,4,0,0,6,4,0.3333
4,176.0000,47,4,902.3749,-88.0146,0.1040,3,0.0750,,0,8,8,0,0,8,8,0.0000
4,176.0000,47,6,697.8368,-87.2160,0.9986,8,0.2000,0.8571,7,5,4,0,0,5,4,0.2000
4,176.0000,47,7,411.2526,-80.2355,-1.4139,19,0.4750,0.3333,6,7,6,0,0,7,6,0.1429
4,176.0000,47,8,285.5315,-77.8790,0.0104,26,0.6500,0.8750,8,7,6,0,0,7,6,0.1429
4,176.0000,47,9,560.4343,-81.9440,-0.6845,9,0.2250,0.8571,7,5,4,0,0,5,4,0.2000
4,176.0000,47,10,344.9041,-80.1268,-0.2479,18,0.4500,0.8571,7,6,4,0,0,6,4,0.3333
4,176.0000,47,13,339.3879,-79.1742,-0.5398,20,0.5000,0.3333,6,7,6,0,0,7,6,0.1429
4,176.0000,47,14,698.5732,-86.5212,0.4589,11,0.2750,1.0000,6,6,4,0,0,6,4,0.3333
4,176.0000,47,15,532.1572,-84.5467,0.5732,14,0.3500,0.8571,7,7,5,0,0,7,5,0.2857
4,176.0000,47,16,370.4989,-79.3159,-0.5243,18,0.4500,0.5000,6,7,6,0,0,7,6,0.1429
4,176.0000,47,19,850.8609,-87.5665,0.1067,4,0.1000,1.0000,4,6,5,0,0,6,5,0.1667
4,176.0000,47,20,515.9519,-84.6466,-0.8436,7,0.1750,0.8750,8,7,5,0,0,7,5,0.2857
4,176.0000,47,22,777.5233,-87.4061,-1.5939,3,0.0750,1.0000,6,2,2,0,0,2,2,0.0000
4,176.0000,47,23,422.9858,-81.5869,-0.2239,16,0.4000,0.7143,7,7,6,0,0,7,6,0.1429
4,176.0000,47,24,798.2558,-87.9323,-0.0261,7,0.1750,1.0000,8,8,7,0,0,8,7,0.1250
4,176.0000,47,28,280.2162,-78.6491,0.7651,30,0.7500,0.4286,7,6,4,0,0,6,4,0.3333
4,176.0000,47,30,321.5223,-81.1043,-0.9260,22,0.5500,0.4000,5,6,3,0,0,6,3,0.5000
4,176.0000,47,31,409.1509,-80.7799,-0.8977,16,0.4000,0.8571,7,7,5,0,0,7,5,0.2857
4,176.0000,47,32,949.8586,-87.4747,-0.1591,3,0.0750,1.0000,8,4,4,0,0,4,4,0.0000
4,176.0000,47,33,754.6650,-85.6756,-0.6929,10,0.2500,1.0000,6,8,8,0,0,8,8,0.0000
4,176.0000,47,37,140.2735,-73.5618,0.2568,31,0.7750,0.3333,6,5,2,0,0,5,2,0.6000
4,176.0000,47,38,213.0851,-75.7858,0.5903,34,0.8500,0.2000,5,5,1,0,0,5,1,0.8000
4,176.0000,47,39,454.1566,-83.4882,-1.6719,11,0.2750,0.5000,6,8,8,0,0,8,8,0.0000
4,176.0000,47,40,786.5144,-88.2006,-1.5654,3,0.0750,0.8750,8,2,2,0,0,2,2,0.0000
4,176.0000,47,41,512.5464,-83.2003,-1.2034,6,0.1500,0.6667,6,8,7,0,0,8,7,0.1250
4,176.0000,47,43,803.3355,-88.0303,0.7885,3,0.0750,1.0000,6,8,8,0,0,8,8,0.0000
4,176.0000,47,44,447.2512,-80.8414,-0.9052,19,0.4750,0.3333,6,8,8,0,0,8,8,0.0000
4,176.0000,47,46,262.9556,-79.9489,0.2138,21,0.5250,0.6667,6,4,0,0,0,4,0,1.0000
4,180.0000,0,1,509.1294,-83.1513,0.8616,17,0.4250,0.6667,6,7,6,0,0,7,6,0.1429
4,180.0000,0,5,606.1895,-83.8993,-0.5808,14,0.3500,0.8571,7,8,8,0,0,8,8,0.0000
4,180.0000,0,12,421.1834,-80.6681,0.5581,21,0.5250,0.3333,6,5,2,0,0,5,2,0.6000
4,180.0000,0,18,611.0150,-86.6772,0.3637,6,0.1500,0.8750,8,8,7,0,0,8,7,0.1250
4,180.0000,0,19,938.2499,-88.8889,-0.2971,3,0.0750,1.0000,8,8,8,0,0,8,8,0.0000
4,180.0000,0,21,617.2915,-85.8197,0.7360,13,0.3250,0.8750,8,8,8,0,0,8,8,0.0000
4,180.0000,0,25,826.8291,-87.4732,-0.3212,6,0.1500,1.0000,8,8,8,0,0,8,8,0.0000
4,180.0000,0,26,756.8068,-85.8854,0.1551,5,0.1250,1.0000,8,8,8,0,0,8,8,0.0000
4,180.0000,0,27,619.2419,-83.9591,-1.4552,12,0.3000,1.0000,8,8,7,0,0,8,7,0.1250
4,180.0000,0,29,899.6700,-84.8441,0.0226,5,0.1250,1.0000,8,6,6,0,0,6,6,0.0000
4,180.0000,0,32,731.0660,-85.7690,0.6811,6,0.1500,1.0000,8,8,8,0,0,8,8,0.0000
4,180.0000,0,34,460.4800,-81.3629,-0.5418,22,0.5500,0.3333,6,6,3,0,0,6,3,0.5000
4,180.0000,0,36,649.3772,-84.8875,-0.0979,11,0.2750,1.0000,8,8,8,0,0,8,8,0.0000
4,180.0000,0,40,773.0687,-86.9507,0.2863,5,0.1250,1.0000,8,8,8,0,0,8,8,0.0000
4,180.0000,0,45,341.9443,-81.7343,1.3008,29,0.7250,0.3333,6,6,2,0,0,6,2,0.6667
4,180.0000,1,0,509.1294,-83.4933,0.0492,28,0.7000,0.8750,8,6,4,0,0,6,4,0.3333
4,180.0000,1,5,109.4085,-62.0021,-2.8478,35,0.8750,0.0000,4,4,0,0,0,4,0,1.0000
4,180.0000,1,9,671.1929,-86.8168,-0.0158,4,0.1000,1.0000,8,8,8,0,0,8,8,0.0000
4,180.0000,1,12,488.8070,-83.8905,-0.5690,20,0.5000,0.6667,6,6,5,0,0,6,5,0.1667
4,180.0000,1,18,410.6740,-83.5658,0.0732,13,0.3250,0.8750,8,7,6,0,0,7,6,0.1429
4,180.0000,1,19,490.1827,-82.7027,-1.5163,13,0.3250,0.8571,7,7,5,0,0,7,5,0.2857
4,180.0000,1,21,757.8837,-87.9420,-0.4026,4,0.1000,1.0000,8,7,6,0,0,7,6,0.1429
4,180.0000,1,25,341.7004,-79.7740,0.6906,25,0.6250,0.4286,7,6,4,0,0,6,4,0.3333
4,180.0000,1,26,628.9049,-85.7077,0.5155,9,0.2250,1.0000,8,8,8,0,0,8,8,0.0000
4,180.0000,1,27,317.9071,-80.5460,0.6005,33,0.8250,0.5000,6,4,0,0,0,4,0,1.0000
4,180.0000,1,29,398.8313,-79.0616,-0.0412,23,0.5750,0.7143,7,6,3,0,0,6,3,0.5000
4,180.0000,1,32,253.6232,-77.8999,0.0304,29,0.7250,0.4000,5,4,0,0,0,4,0,1.0000
4,180.0000,1,34,99.7759,-71.4761,1.2326,34,0.8500,0.0000,4,4,0,0,0,4,0,1.0000
4,180.0000,1,36,263.0402,-79.9963,-0.2155,32,0.8000,0.2000,5,4,0,0,0,4,0,1.0000
4,180.0000,1,39,846.8278,-87.8440,-0.2595,4,0.1000,1.0000,8,8,8,0,0,8,8,0.0000
4,180.0000,1,40,689.6534,-85.8951,1.0342,5,0.1250,1.0000,8,8,8,0,0,8,8,0.0000
4,180.0000,1,41,927.5689,-86.8426,-0.3957,3,0.0750,1.0000,8,4,4,0,0,4,4,0.0000
4,180.0000,1,44,947.2422,-87.0053,-0.5422,3,0.0750,1.0000,4,6,6,0,0,6,6,0.0000
4,180.0000,1,45,620.0913,-84.2701,-0.3542,12,0.3000,1.0000,8,7,6,0,0,7,6,0.1429
4,180.0000,2,4,296.1988,-78.1611,-0.4007,37,0.9250,0.0000,4,7,6,0,0,7,6,0.1429
4,180.0000,2,6,487.3561,-83.4767,0.9156,10,0.2500,1.0000,8,7,6,0,0,7,6,0.1429
4,180.0000,2,11,490.3524,-82.3469,-0.5009,26,0.6500,0.8750,8,7,6,0,0,7,6,0.1429
4,180.0000,2,14,449.0418,-81.6437,-0.7720,21,0.5250,0.5000,6,6,3,0,0,6,3,0.5000
4,180.0000,2,15,453.1902,-81.5892,-0.6748,20,0.5000,0.8571,7,8,8,0,0,8,8,0.0000
4,180.0000,2,17,440.4253,-80.1016,-1.4206,26,0.6500,0.7500,8,8,8,0,0,8,8,0.0000
4,180.0000,2,20,727.5315,-86.0250,-0.1766,5,0.1250,1.0000,8,7,6,0,0,7,6,0.1429
4,180.0000,2,24,509.1208,-83.0539,-0.2304,17,0.4250,1.0000,8,8,8,0,0,8,8,0.0000
4,180.0000,2,33,547.1696,-85.1240,1.6318,4,0.1000,1.0000,8,7,5,0,0,7,5,0.2857
4,180.0000,2,35,360.3331,-79.0050,-0.1163,28,0.7000,0.8750,8,8,8,0,0,8,8,0.0000
4,180.0000,2,38,526.5059,-84.5948,0.7868,4,0.1000,1.0000,8,8,8,0,0,8,8,0.0000
4,180.0000,2,42,571.0581,-84.4360,-0.7050,12,0.3000,0.8333,6,8,5,0,0,8,5,0.3750
4,180.0000,2,46,754.9014,-85.9692,0.9453,4,0.1000,1.0000,8,8,8,0,0,8,8,0.0000
4,180.0000,2,47,723.4898,-86.3908,-0.1689,3,0.0750,1.0000,8,8,8,0,0,8,8,0.0000
4,180.0000,3,2,629.0824,-85.9793,-0.3736,12,0.3000,1.0000,8,6,4,0,0,6,4,0.3333
4,180.0000,3,4,795.2688,-87.7626,0.3946,11,0.2750,1.0000,4,4,2,0,0,4,2,0.5000
4,180.0000,3,6,452.5213,-83.5693,-0.9221,24,0.6000,0.5000,6,7,6,0,0,7,6,0.1429
4,180.0000,3,7,339.5442,-80.2645,-0.6461,26,0.6500,0.5000,6,7,6,0,0,7,6,0.1429
4,180.0000,3,8,299.7467,-80.2313,0.2553,24,0.6000,0.6667,6,6,4,0,0,6,4,0.3333
4,180.0000,3,9,665.1887,-85.4833,-1.1077,15,0.3750,1.0000,6,8,8,0,0,8,8,0.0000
4,180.0000,3,10,524.1035,-85.0659,0.7898,10,0.2500,0.8571,7,5,2,0,0,5,2,0.6000
4,180.0000,3,11,945.3120,-88.8945,-0.0908,8,0.2000,1.0000,6,8,8,0,0,8,8,0.0000
4,180.0000,3,13,670.2827,-85.4886,0.7906,14,0.3500,0.8750,8,7,6,0,0,7,6,0.1429
4,180.0000,3,14,749.0342,-87.0930,1.0435,8,0.2000,1.0000,4,8,8,0,0,8,8,0.0000
4,180.0000,3,15,473.7644,-84.4409,0.7826,22,0.5500,0.7143,7,7,6,0,0,7,6,0.1429
4,180.0000,3,16,246.4479,-78.1644,0.7756,25,0.6250,0.0000,4,6,2,0,0,6,2,0.6667
4,180.0000,3,17,906.2818,-88.2872,0.2265,12,0.3000,,0,4,4,0,0,4,4,0.0000
4,180.0000,3,19,844.4095,-87.1939,0.4315,8,0.2000,1.0000,8,8,8,0,0,8,8,0.0000
4,180.0000,3,20,153.6435,-72.6990,-0.2687,36,0.9000,0.0000,4,4,0,0,0,4,0,1.0000
4,180.0000,3,22,459.3985,-82.1555,-0.1303,24,0.6000,0.5714,7,8,7,0,0,8,7,0.1250
4,180.0000,3,23,342.9140,-81.0478,-0.3766,24,0.6000,0.7143,7,5,2,0,0,5,2,0.6000
4,180.0000,3,24,630.8597,-85.1488,-0.5485,21,0.5250,0.8750,8,8,8,0,0,8,8,0.0000
4,180.0000,3,28,603.4326,-84.9062,0.6510,14,0.3500,0.8750,8,8,8,0,0,8,8,0.0000
4,180.0000,3,30,632.6492,-85.4407,0.3696,11,0.2750,0.8750,8,7,6,0,0,7,6,0.1429
4,180.0000,3,31,678.6701,-87.8091,0.5488,10,0.2500,0.7500,8,7,6,0,0,7,6,0.1429
4,180.0000,3,32,1091.9913,-87.6361,-0.8500,3,0.0750,1.0000,8,2,2,0,0,2,2,0.0000
4,180.0000,3,33,375.4617,-81.8958,-0.5263,26,0.6500,0.7143,7,6,2,0,0,6,2,0.6667
4,180.0000,3,35,800.4460,-87.1845,0.5336,14,0.3500,,0,6,6,0,0,6,6,0.0000
4,180.0000,3,37,301.2955,-79.0279,-0.5868,28,0.7000,1.0000,8,7,5,0,0,7,5,0.2857
4,180.0000,3,38,235.0618,-77.2021,0.3051,33,0.8250,0.2000,5,7,5,0,0,7,5,0.2857
4,180.0000,3,39,480.1464,-82.6145,-0.8204,18,0.4500,0.8814,59,8,8,3,2,11,10,0.0909
4,180.0000,3,41,396.6513,-81.1764,-0.7535,17,0.4250,0.8571,7,8,8,0,0,8,8,0.0000
4,180.0000,3,42,888.3278,-87.0197,-0.2524,12,0.3000,1.0000,6,5,4,0,0,5,4,0.2000
4,180.0000,3,43,595.9223,-85.4805,0.2169,14,0.3500,0.6667,3,8,7,0,0,8,7,0.1250
4,180.0000,3,44,800.3969,-87.2338,-0.9199,8,0.2000,1.0000,8,8,8,0,0,8,8,0.0000
4,180.0000,3,46,481.2995,-83.8977,0.6964,20,0.5000,0.5000,6,6,4,0,0,6,4,0.3333
4,180.0000,3,47,348.8470,-81.2281,0.6273,22,0.5500,0.7143,7,5,2,0,0,5,2,0.6000
4,180.0000,4,2,296.1988,-78.3044,-0.6676,26,0.6500,0.5000,6,6,4,0,0,6,4,0.3333
4,180.0000,4,6,738.0037,-87.6504,1.0479,6,0.1500,1.0000,8,8,8,0,0,8,8,0.0000
4,180.0000,4,11,359.7832,-80.5612,0.2022,28,0.7000,0.3333,6,7,5,0,0,7,5,0.2857
4,180.0000,4,14,409.1174,-82.6666,0.2987,17,0.4250,0.6667,6,6,4,0,0,6,4,0.3333
4,180.0000,4,15,505.2410,-83.0816,0.3012,15,0.3750,1.0000,8,7,6,0,0,7,6,0.1429
4,180.0000,4,17,148.8619,-67.3848,-3.1287,36,0.9000,0.1667,6,5,1,0,0,5,1,0.8000
4,180.0000,4,24,796.4894,-85.6552,-1.0187,5,0.1250,0.8750,8,8,8,0,0,8,8,0.0000
4,180.0000,4,35,392.2263,-82.5519,-0.3979,18,0.4500,0.6667,6,6,4,0,0,6,4,0.3333
4,180.0000,4,37,787.8146,-86.6130,2.4345,3,0.0750,1.0000,8,8,8,0,0,8,8,0.0000
4,180.0000,4,38,638.9416,-86.3389,0.7606,3,0.0750,1.0000,8,8,8,0,0,8,8,0.0000
4,180.0000,4,42,840.2312,-88.0397,1.2262,6,0.1500,1.0000,8,8,8,0,0,8,8,0.0000
4,180.0000,4,46,748.6533,-86.6732,1.7621,5,0.1250,1.0000,8,8,8,0,0,8,8,0.0000
4,180.0000,4,47,773.9042,-88.1647,-0.6053,3,0.0750,1.0000,8,8,6,0,0,8,6,0.2500
4,180.0000,5,0,606.1895,-84.3344,-0.5709,20,0.5000,0.8571,7,6,6,0,0,6,6,0.0000
4,180.0000,5,1,109.4085,-63.0832,-2.8894,31,0.7750,0.0000,4,4,0,0,0,4,0,1.0000
4,180.0000,5,12,519.2037,-83.0754,-0.1123,17,0.4250,0.8750,8,7,5,0,0,7,5,0.2857
4,180.0000,5,18,386.6817,-81.1607,0.6059,12,0.3000,0.8750,8,5,2,0,0,5,2,0.6000
4,180.0000,5,19,384.9334,-82.1594,0.7931,12,0.3000,0.7143,7,5,2,0,0,5,2,0.6000
4,180.0000,5,21,777.7065,-86.1672,-0.3016,6,0.1500,1.0000,8,6,6,0,0,6,6,0.0000
4,180.0000,5,25,277.5014,-79.7001,0.9174,25,0.6250,0.5000,6,5,1,0,0,5,1,0.8000
4,180.0000,5,26,595.0418,-84.7284,-0.4217,5,0.1250,1.0000,8,8,7,0,0,8,7,0.1250
4,180.0000,5,27,371.7349,-81.1267,0.0920,35,0.8750,0.3333,6,7,4,20,15,27,19,0.2963
4,180.0000,5,29,303.6169,-79.6453,-0.0798,23,0.5750,0.2000,5,6,3,0,0,6,3,0.5000
4,180.0000,5,32,160.0443,-76.6354,1.1944,27,0.6750,0.0000,4,4,0,0,0,4,0,1.0000
4,180.0000,5,34,172.5313,-73.4231,-0.0947,35,0.8750,0.0000,5,6,2,0,0,6,2,0.6667
4,180.0000,5,36,299.3972,-79.0114,-0.0123,31,0.7750,0.6667,6,5,1,0,0,5,1,0.8000
4,180.0000,5,40,663.6593,-84.6018,-0.6682,6,0.1500,0.6667,6,8,8,0,0,8,8,0.0000
4,180.0000,5,43,701.9012,-85.8861,-0.2444,5,0.1250,0.8750,8,8,8,0,0,8,8,0.0000
4,180.0000,5,45,676.8711,-85.2897,-0.6444,10,0.2500,0.6667,6,8,8,0,0,8,8,0.0000
4,180.0000,6,2,487.3561,-84.2902,0.7519,18,0.4390,0.8571,7,7,6,0,0,7,6,0.1429
4,180.0000,6,3,452.5213,-82.7464,0.3971,10,0.2439,0.8750,8,8,8,0,0,8,8,0.0000
4,180.0000,6,4,738.0037,-86.0590,-0.9886,9,0.2195,1.0000,8,7,5,0,0,7,5,0.2857
4,180.0000,6,7,569.2560,-85.1510,-1.8650,5,0.1220,1.0000,8,8,8,0,0,8,8,0.0000
4,180.0000,6,8,750.4014,-86.3829,0.0402,5,0.1220,1.0000,8,8,8,0,0,8,8,0.0000
4,180.0000,6,11,770.1315,-87.0111,-0.7379,13,0.3171,0.8750,8,8,8,0,0,8,8,0.0000
4,180.0000,6,13,1030.0785,-88.4151,1.1508,3,0.0732,1.0000,8,4,4,0,0,4,4,0.0000
4,180.0000,6,14,600.3598,-85.3232,0.1653,14,0.3415,1.0000,8,6,4,0,0,6,4,0.3333
4,180.0000,6,15,459.2081,-83.3874,0.0809,17,0.4146,1.0000,8,6,4,0,0,6,4,0.3333
4,180.0000,6,16,652.9024,-85.4253,2.9598,6,0.1463,1.0000,8,8,8,0,0,8,8,0.0000
4,180.0000,6,17,859.8529,-87.2057,-0.6579,5,0.1220,1.0000,4,8,8,0,0,8,8,0.0000
4,180.0000,6,20,526.1082,-83.7977,-0.5787,11,0.2683,0.8571,7,8,8,0,0,8,8,0.0000
4,180.0000,6,22,694.5942,-85.1162,-0.8681,7,0.1707,1.0000,8,7,6,0,0,7,6,0.1429
4,180.0000,6,23,790.4751,-85.7814,5.1409,3,0.0732,1.0000,8,8,8,0,0,8,8,0.0000
4,180.0000,6,24,244.3352,-76.1907,-0.7549,39,0.9512,0.3333,6,7,4,0,0,7,4,0.4286
4,180.0000,6,33,295.7082,-79.1015,0.2355,36,0.8780,0.6154,13,5,2,6,3,11,5,0.5455
4,180.0000,6,35,555.0681,-85.0634,-0.0107,18,0.4390,0.8750,8,7,6,0,0,7,6,0.1429
4,180.0000,6,37,575.4436,-84.3345,-0.0328,10,0.2439,0.8750,8,7,6,0,0,7,6,0.1429
4,180.0000,6,38,430.2794,-82.3338,-0.1876,11,0.2683,0.8750,8,8,8,0,0,8,8,0.0000
4,180.0000,6,41,805.4134,-87.8912,0.1158,5,0.1220,1.0000,8,7,6,0,0,7,6,0.1429
4,180.0000,6,42,596.6462,-85.0895,-0.3122,20,0.4878,0.8571,7,8,8,0,0,8,8,0.0000
4,180.0000,6,46,731.0782,-86.8032,-1.3460,6,0.1463,1.0000,8,8,8,0,0,8,8,0.0000
4,180.0000,6,47,629.9140,-87.1143,1.8908,5,0.1220,1.0000,8,8,8,0,0,8,8,0.0000
4,180.0000,7,2,918.4870,-87.8245,1.3891,5,0.1250,1.0000,6,8,8,0,0,8,8,0.0000
4,180.0000,7,3,339.5442,-78.9745,-0.4387,21,0.5250,0.8571,7,6,4,0,0,6,4,0.3333
4,180.0000,7,6,569.2560,-84.3703,0.0365,15,0.3750,0.8000,5,8,8,0,0,8,8,0.0000
4,180.0000,7,8,472.7079,-84.0232,0.1796,13,0.3250,1.0000,8,8,8,0,0,8,8,0.0000
4,180.0000,7,9,552.2219,-82.8601,-0.9085,15,0.3750,1.0000,8,8,8,0,0,8,8,0.0000
4,180.0000,7,10,609.2017,-85.4888,-0.1701,12,0.3000,0.8571,7,5,4,0,0,5,4,0.2000
4,180.0000,7,13,716.1608,-85.4264,-0.1426,8,0.2000,1.0000,8,8,8,0,0,8,8,0.0000
4,180.0000,7,14,976.4140,-88.7532,0.2539,4,0.1000,1.0000,6,6,6,0,0,6,6,0.0000
4,180.0000,7,15,702.6082,-86.9583,0.6979,10,0.2500,1.0000,4,6,6,0,0,6,6,0.0000
4,180.0000,7,16,241.7986,-76.5913,-0.0122,24,0.6000,0.4000,5,6,2,0,0,6,2,0.6667
4,180.0000,7,18,1001.9698,-88.0838,0.2397,6,0.1500,1.0000,6,4,4,0,0,4,4,0.0000
4,180.0000,7,19,628.8559,-85.2282,0.3672,10,0.2500,1.0000,8,8,8,0,0,8,8,0.0000
4,180.0000,7,20,304.4053,-80.4173,0.5880,23,0.5750,0.5000,6,7,5,0,0,7,5,0.2857
4,180.0000,7,22,513.3176,-84.2761,0.3917,17,0.4250,0.7143,7,6,4,0,0,6,4,0.3333
4,180.0000,7,23,530.9171,-83.0484,-0.4248,17,0.4250,0.8571,7,8,8,0,0,8,8,0.0000
4,180.0000,7,24,746.7219,-86.9470,0.4295,15,0.3750,1.0000,8,7,6,0,0,7,6,0.1429
4,180.0000,7,26,935.3494,-87.8917,-1.3185,5,0.1250,1.0000,2,4,4,0,0,4,4,0.0000
4,180.0000,7,28,687.4262,-85.7373,0.9558,8,0.2000,1.0000,8,8,8,0,0,8,8,0.0000
4,180.0000,7,29,807.8819,-87.2933,0.8707,8,0.2000,1.0000,4,8,7,0,0,8,7,0.1250
4,180.0000,7,30,784.6532,-86.5503,-0.3900,8,0.2000,0.8750,8,8,8,0,0,8,8,0.0000
4,180.0000,7,31,725.3418,-86.5835,-0.0246,10,0.2500,1.0000,8,8,8,0,0,8,8,0.0000
4,180.0000,7,32,885.6978,-88.4311,-0.1717,5,0.1250,0.8000,5,8,8,0,0,8,8,0.0000
4,180.0000,7,33,516.6829,-84.5715,1.1073,18,0.4500,1.0000,8,7,6,0,0,7,6,0.1429
4,180.0000,7,35,1029.4614,-88.4571,-0.8011,3,0.0750,1.0000,2,2,2,0,0,2,2,0.0000
4,180.0000,7,37,459.8491,-82.1518,-0.9783,18,0.4500,0.6667,6,8,8,0,0,8,8,0.0000
4,180.0000,7,38,494.6789,-82.7187,-0.0672,17,0.4250,1.0000,8,8,7,0,0,8,7,0.1250
4,180.0000,7,39,319.7873,-77.0225,-1.1155,27,0.6750,0.7143,7,7,6,0,0,7,6,0.1429
4,180.0000,7,41,331.7635,-79.2512,0.6890,20,0.5000,0.5000,6,7,6,0,0,7,6,0.1429
4,180.0000,7,43,464.7871,-83.3882,-0.1602,13,0.3250,0.8571,7,7,6,0,0,7,6,0.1429
4,180.0000,7,44,825.2508,-86.2885,1.4934,4,0.1000,1.0000,8,4,4,0,0,4,4,0.0000
4,180.0000,7,46,665.5259,-86.1364,0.5082,6,0.1500,1.0000,8,8,7,0,0,8,7,0.1250
4,180.0000,7,47,522.0850,-83.3023,0.1938,18,0.4500,1.0000,8,7,6,0,0,7,6,0.1429
4,180.0000,8,2,832.6351,-87.1015,-0.6327,10,0.2564,1.0000,2,8,8,0,0,8,8,0.0000
4,180.0000,8,3,299.7467,-79.7301,-0.1351,17,0.4359,0.7500,8,7,5,0,0,7,5,0.2857
4,180.0000,8,4,926.9766,-86.9805,-0.6937,4,0.1026,1.0000,6,4,4,0,0,4,4,0.0000
4,180.0000,8,6,750.4014,-86.1580,1.1533,6,0.1538,1.0000,6,4,4,0,0,4,4,0.0000
4,180.0000,8,7,472.7079,-83.1727,1.0878,10,0.2564,0.8571,7,6,4,0,0,6,4,0.3333
4,180.0000,8,9,477.7812,-82.4397,0.6246,12,0.3077,0.7143,7,8,7,0,0,8,7,0.1250
4,180.0000,8,10,351.0452,-80.0953,-0.0310,19,0.4872,0.8571,7,8,7,0,0,8,7,0.1250
4,180.0000,8,13,497.1445,-83.2984,-1.6259,14,0.3590,0.8571,7,6,4,0,0,6,4,0.3333
4,180.0000,8,14,930.1325,-88.8023,0.4860,5,0.1282,1.0000,6,6,6,0,0,6,6,0.0000
4,180.0000,8,15,650.5562,-85.8025,-0.6447,7,0.1795,0.7143,7,8,8,0,0,8,8,0.0000
4,180.0000,8,16,235.9759,-77.8860,-0.2134,26,0.6667,0.7143,7,6,4,0,0,6,4,0.3333
4,180.0000,8,20,305.7867,-80.9907,1.3668,16,0.4103,1.0000,8,7,5,0,0,7,5,0.2857
4,180.0000,8,22,538.0320,-85.6736,-0.0217,10,0.2564,1.0000,8,6,4,0,0,6,4,0.3333
4,180.0000,8,23,63.8354,-68.7812,3.1168,33,0.8462,0.0000,4,4,0,0,0,4,0,1.0000
4,180.0000,8,24,922.7374,-88.0868,0.7272,4,0.1026,1.0000,4,8,8,0,0,8,8,0.0000
4,180.0000,8,28,455.9130,-81.7567,-0.5438,18,0.4615,0.5714,7,7,5,0,0,7,5,0.2857
4,180.0000,8,29,938.5634,-87.7838,0.2518,4,0.1026,1.0000,4,4,4,0,0,4,4,0.0000
4,180.0000,8,30,467.0244,-82.6635,0.1297,13,0.3333,0.7778,9,5,3,0,0,5,3,0.4000
4,180.0000,8,31,501.6528,-82.9735,-1.1964,13,0.3333,0.5714,7,5,2,0,0,5,2,0.6000
4,180.0000,8,33,643.4377,-86.8283,0.3118,9,0.2308,1.0000,8,8,7,0,0,8,7,0.1250
4,180.0000,8,37,372.6685,-79.8581,0.4330,20,0.5128,0.5714,7,6,4,0,0,6,4,0.3333
4,180.0000,8,38,419.5756,-81.3613,-0.5500,15,0.3846,0.8571,7,8,8,0,0,8,8,0.0000
4,180.0000,8,39,387.2161,-82.0968,-0.5403,14,0.3590,0.8571,7,6,4,0,0,6,4,0.3333
4,180.0000,8,40,750.5498,-87.9721,-0.5668,4,0.1026,1.0000,8,4,4,0,0,4,4,0.0000
4,180.0000,8,41,276.2077,-80.1140,0.8744,19,0.4872,0.8750,8,7,4,0,0,7,4,0.4286
4,180.0000,8,43,483.5260,-85.0120,1.4989,8,0.2051,0.8750,8,7,5,0,0,7,5,0.2857
4,180.0000,8,44,566.6792,-83.4366,-2.2766,10,0.2564,1.0000,8,8,8,0,0,8,8,0.0000
4,180.0000,8,46,470.7910,-82.5856,0.1134,15,0.3846,0.8750,8,6,4,0,0,6,4,0.3333
4,180.0000,8,47,376.8517,-79.6873,-0.4028,19,0.4872,0.5000,4,7,6,0,0,7,6,0.1429
4,180.0000,9,1,671.1929,-85.6969,0.7318,10,0.2500,0.8571,7,7,6,0,0,7,6,0.1429
4,180.0000,9,3,665.1887,-83.0314,-0.8252,4,0.1000,0.8571,7,8,8,0,0,8,8,0.0000
4,180.0000,9,5,582.9156,-86.1055,0.2850,9,0.2250,1.0000,6,8,7,0,0,8,7,0.1250
4,180.0000,9,7,552.2219,-82.8239,-0.2796,8,0.2000,0.6667,6,8,7,0,0,8,7,0.1250
4,180.0000,9,8,477.7812,-83.5102,0.2540,7,0.1750,1.0000,8,7,6,0,0,7,6,0.1429
4,180.0000,9,10,563.9598,-84.5245,0.7827,10,0.2500,0.6667,6,6,6,0,0,6,6,0.0000
4,180.0000,9,12,717.7224,-86.3095,0.5474,9,0.2250,1.0000,6,8,8,0,0,8,8,0.0000
4,180.0000,9,13,617.8780,-84.0294,0.1613,6,0.1500,1.0000,8,8,6,0,0,8,6,0.2500
4,180.0000,9,16,426.0400,-79.3346,-0.7081,14,0.3500,0.8571,7,7,5,0,0,7,5,0.2857
4,180.0000,9,18,601.6256,-85.2358,0.6712,10,0.2500,1.0000,8,6,4,0,0,6,4,0.3333
4,180.0000,9,19,265.4540,-79.2998,-0.1997,28,0.7000,0.5000,6,5,1,0,0,5,1,0.8000
4,180.0000,9,20,589.2161,-84.9590,-0.2748,4,0.1000,0.8571,7,8,8,0,0,8,8,0.0000
4,180.0000,9,21,811.7366,-86.4215,-0.7669,6,0.1500,1.0000,4,4,4,0,0,4,4,0.0000
4,180.0000,9,22,684.6832,-86.2301,0.2935,5,0.1250,1.0000,6,8,8,0,0,8,8,0.0000
4,180.0000,9,23,495.7163,-81.7558,-0.1441,12,0.3000,0.8750,8,8,8,0,0,8,8,0.0000
4,180.0000,9,25,568.6173,-84.1688,0.3647,13,0.3250,1.0000,8,7,6,0,0,7,6,0.1429
4,180.0000,9,26,514.2968,-85.0442,1.8603,7,0.1750,1.0000,8,8,8,0,0,8,8,0.0000
4,180.0000,9,27,846.7021,-86.6407,-0.7920,5,0.1250,1.0000,2,6,6,0,0,6,6,0.0000
4,180.0000,9,28,659.3199,-85.0221,0.3765,7,0.1750,0.8571,7,6,6,0,0,6,6,0.0000
4,180.0000,9,29,482.0800,-84.2694,2.0476,11,0.2750,0.8750,8,6,3,0,0,6,3,0.5000
4,180.0000,9,30,744.5034,-86.5594,-0.5293,5,0.1250,0.8571,7,6,6,0,0,6,6,0.0000
4,180.0000,9,31,619.0336,-85.9093,-0.5484,6,0.1500,0.8571,7,7,6,0,0,7,6,0.1429
4,180.0000,9,32,456.6105,-82.8943,0.6732,16,0.4000,0.8750,8,7,6,0,0,7,6,0.1429
4,180.0000,9,34,718.3513,-86.1421,1.5502,8,0.2000,1.0000,4,7,6,0,0,7,6,0.1429
4,180.0000,9,36,807.3826,-86.3099,1.2292,7,0.1750,1.0000,4,8,7,0,0,8,7,0.1250
4,180.0000,9,37,721.2177,-85.0982,-0.7607,6,0.1500,1.0000,8,8,7,0,0,8,7,0.1250
4,180.0000,9,39,257.6516,-76.6642,-0.1089,25,0.6250,0.5000,6,7,5,0,0,7,5,0.2857
4,180.0000,9,40,525.0054,-85.3684,0.3493,9,0.2250,0.6667,6,8,8,0,0,8,8,0.0000
4,180.0000,9,41,271.0043,-75.5893,-0.9602,23,0.5750,0.0000,4,7,6,0,0,7,6,0.1429
4,180.0000,9,43,221.9262,-77.4731,1.0342,31,0.7750,0.2000,5,5,2,0,0,5,2,0.6000
4,180.0000,9,44,564.4361,-84.3803,-0.1573,8,0.2000,1.0000,8,7,5,0,0,7,5,0.2857
4,180.0000,9,45,905.1812,-87.2025,0.1541,7,0.1750,1.0000,10,2,2,0,0,2,2,0.0000
4,180.0000,9,46,833.4394,-87.4434,0.9289,5,0.1250,1.0000,6,4,4,0,0,4,4,0.0000
4,180.0000,9,47,737.8157,-86.4399,-1.3155,5,0.1250,0.8571,7,4,4,0,0,4,4,0.0000
4,180.0000,10,2,992.9456,-88.4009,-0.0285,5,0.1250,1.0000,2,8,8,0,0,8,8,0.0000
4,180.0000,10,3,524.1035,-85.2240,0.8037,13,0.3250,1.0000,8,7,5,0,0,7,5,0.2857
4,180.0000,10,6,903.3264,-88.0825,-0.4506,5,0.1250,,0,5,4,0,0,5,4,0.2000
4,180.0000,10,7,609.2017,-84.9150,-0.1180,11,0.2750,1.0000,8,6,6,0,0,6,6,0.0000
4,180.0000,10,8,351.0452,-80.4636,0.1871,21,0.5250,0.8571,7,8,7,0,0,8,7,0.1250
4,180.0000,10,9,563.9598,-83.3734,0.0094,10,0.2500,1.0000,8,7,6,0,0,7,6,0.1429
4,180.0000,10,12,941.2932,-87.0662,-0.3104,5,0.1250,1.0000,6,6,6,0,0,6,6,0.0000
4,180.0000,10,13,153.4067,-67.5254,-2.2101,33,0.8250,0.0000,4,5,1,0,0,5,1,0.8000
4,180.0000,10,14,926.6624,-87.4248,-0.2591,5,0.1250,1.0000,8,4,4,0,0,4,4,0.0000
4,180.0000,10,15,661.3786,-85.3577,0.1217,5,0.1250,0.8750,8,6,4,0,0,6,4,0.3333
4,180.0000,10,16,441.5971,-83.2157,-0.1461,14,0.3500,0.8750,8,6,6,0,0,6,6,0.0000
4,180.0000,10,18,826.8398,-86.9384,-1.2060,8,0.2000,0.8750,8,8,8,0,0,8,8,0.0000
4,180.0000,10,19,749.5941,-87.2561,0.4649,7,0.1750,0.8750,8,4,4,0,0,4,4,0.0000
4,180.0000,10,20,590.9900,-85.7846,-0.7813,10,0.2500,0.7143,7,8,6,0,0,8,6,0.2500
4,180.0000,10,21,900.3457,-87.0188,-1.5100,5,0.1250,1.0000,8,2,2,0,0,2,2,0.0000
4,180.0000,10,22,868.4455,-87.4017,-1.5844,4,0.1000,,0,8,8,0,0,8,8,0.0000
4,180.0000,10,23,377.9478,-82.1383,0.2504,17,0.4250,1.0000,8,7,6,0,0,7,6,0.1429
4,180.0000,10,26,603.0055,-85.6105,0.4696,14,0.3500,0.8571,7,6,6,0,0,6,6,0.0000
4,180.0000,10,28,111.8380,-73.1969,1.3546,37,0.9250,0.3333,6,5,1,0,0,5,1,0.8000
4,180.0000,10,29,996.2262,-88.9327,0.2495,4,0.1000,1.0000,4,8,8,0,0,8,8,0.0000
4,180.0000,10,30,204.0166,-76.7609,0.6458,32,0.8000,0.5000,6,5,2,0,0,5,2,0.6000
4,180.0000,10,31,159.7687,-72.3013,-0.3816,37,0.9250,0.0000,4,4,0,0,0,4,0,1.0000
4,180.0000,10,32,954.6850,-88.3112,-1.4617,3,0.0750,1.0000,8,6,6,0,0,6,6,0.0000
4,180.0000,10,33,898.9459,-86.8521,2.6102,3,0.0750,1.0000,4,8,8,0,0,8,8,0.0000
4,180.0000,10,37,341.2743,-80.3572,0.9979,14,0.3500,1.0000,8,4,0,0,0,4,0,1.0000
4,180.0000,10,38,505.1498,-84.0300,-0.0780,13,0.3250,0.7143,7,7,5,0,0,7,5,0.2857
4,180.0000,10,39,455.6413,-81.7030,-0.0806,13,0.3250,0.7143,7,7,5,0,0,7,5,0.2857
4,180.0000,10,40,609.5518,-83.0722,-0.4832,12,0.3000,0.8750,8,7,6,0,0,7,6,0.1429
4,180.0000,10,41,464.9467,-84.5763,-0.3853,13,0.3250,0.7143,7,6,3,0,0,6,3,0.5000
4,180.0000,10,43,679.2170,-88.1383,-0.8630,7,0.1750,1.0000,8,8,8,0,0,8,8,0.0000
4,180.0000,10,44,304.7554,-75.7125,-3.2537,37,0.9250,0.0000,4,7,4,15,10,22,14,0.3636
4,180.0000,10,46,320.9139,-81.7549,0.5468,22,0.5500,0.6667,6,5,2,0,0,5,2,0.6000
4,180.0000,10,47,305.6573,-80.0691,0.5453,20,0.5000,0.6667,6,7,5,0,0,7,5,0.2857
4,180.0000,11,2,490.3524,-82.3348,-0.1650,26,0.6341,0.5000,6,6,3,0,0,6,3,0.5000
4,180.0000,11,3,945.3120,-87.2978,-0.8505,3,0.0732,1.0000,8,6,6,0,0,6,6,0.0000
4,180.0000,11,4,359.7832,-80.8315,0.0254,35,0.8537,0.5714,7,6,2,0,0,6,2,0.6667
4,180.0000,11,6,770.1315,-86.9507,0.1531,6,0.1463,0.7143,7,6,5,0,0,6,5,0.1667
4,180.0000,11,14,238.8027,-76.9307,0.1327,36,0.8780,0.4286,7,5,2,0,0,5,2,0.6000
4,180.0000,11,15,515.1349,-82.0349,-0.5004,22,0.5366,1.0000,8,8,7,0,0,8,7,0.1250
4,180.0000,11,17,329.1629,-80.5610,0.4387,34,0.8293,0.4000,5,8,7,0,0,8,7,0.1250
4,180.0000,11,24,848.2919,-86.6263,-0.8328,7,0.1707,1.0000,8,8,8,0,0,8,8,0.0000
4,180.0000,11,30,1059.2280,-88.8651,-0.0665,3,0.0732,1.0000,6,4,4,0,0,4,4,0.0000
4,180.0000,11,33,960.1125,-87.4340,1.0447,3,0.0732,1.0000,8,8,8,0,0,8,8,0.0000
4,180.0000,11,35,229.3480,-78.1140,0.2327,36,0.8780,0.0000,4,6,2,0,0,6,2,0.6667
4,180.0000,11,37,864.5453,-88.3151,-1.1438,3,0.0732,1.0000,8,8,8,0,0,8,8,0.0000
4,180.0000,11,38,741.7211,-86.1501,-0.6055,4,0.0976,1.0000,8,7,6,0,0,7,6,0.1429
4,180.0000,11,42,958.3518,-87.8906,0.0496,5,0.1220,1.0000,6,8,8,0,0,8,8,0.0000
4,180.0000,11,46,816.3036,-86.8313,-0.2525,5,0.1220,1.0000,8,8,8,0,0,8,8,0.0000
4,180.0000,11,47,855.7209,-87.2726,0.7671,4,0.0976,1.0000,8,8,8,0,0,8,8,0.0000
4,180.0000,12,0,421.1834,-82.1491,0.0694,30,0.7500,0.6667,6,5,2,0,0,5,2,0.6000
4,180.0000,12,1,488.8070,-82.5757,0.1952,17,0.4250,0.7500,8,8,8,0,0,8,8,0.0000
4,180.0000,12,5,519.2037,-82.9792,-0.1775,12,0.3000,0.8571,7,7,6,0,0,7,6,0.1429
4,180.0000,12,9,717.7224,-85.7005,0.2908,3,0.0750,0.8571,7,8,8,0,0,8,8,0.0000
4,180.0000,12,18,329.4584,-80.1981,0.0906,17,0.4250,0.7143,7,6,3,0,0,6,3,0.5000
4,180.0000,12,19,694.3597,-86.0503,0.8700,5,0.1250,1.0000,8,8,7,0,0,8,7,0.1250
4,180.0000,12,21,280.2892,-79.7324,0.3352,29,0.7250,0.4000,5,6,3,0,0,6,3,0.5000
4,180.0000,12,25,755.1665,-88.5756,0.5998,3,0.0750,1.0000,8,8,8,0,0,8,8,0.0000
4,180.0000,12,26,345.2569,-80.6863,-0.4858,23,0.5750,0.4000,5,6,4,0,0,6,4,0.3333
4,180.0000,12,27,734.4023,-86.3176,-0.4513,8,0.2000,0.6667,6,8,8,52,52,60,60,0.0000
4,180.0000,12,29,768.5142,-86.8120,0.6260,6,0.1500,1.0000,8,8,8,0,0,8,8,0.0000
4,180.0000,12,31,861.7441,-86.5019,0.5303,4,0.1000,1.0000,8,8,8,0,0,8,8,0.0000
4,180.0000,12,32,589.6825,-85.1633,0.5012,5,0.1250,1.0000,8,8,8,0,0,8,8,0.0000
4,180.0000,12,34,448.6155,-82.7291,-0.3276,17,0.4250,0.7143,7,8,7,0,0,8,7,0.1250
4,180.0000,12,36,730.6208,-85.3163,0.1196,6,0.1500,0.8750,8,4,4,0,0,4,4,0.0000
4,180.0000,12,40,356.7333,-82.2500,0.5689,18,0.4500,0.7143,7,6,4,0,0,6,4,0.3333
4,180.0000,12,44,679.0405,-85.4542,-0.5699,3,0.0750,1.0000,8,8,8,0,0,8,8,0.0000
4,180.0000,12,45,213.7240,-73.5092,-0.9996,37,0.9250,0.2000,5,5,1,0,0,5,1,0.8000
4,180.0000,13,3,670.2827,-86.7746,-2.2334,5,0.1250,0.9000,10,7,6,0,0,7,6,0.1429
4,180.0000,13,6,1030.0785,-88.8103,-0.4010,3,0.0750,1.0000,4,4,4,0,0,4,4,0.0000
4,180.0000,13,7,716.1608,-85.7002,-0.0432,6,0.1500,0.8571,7,8,8,0,0,8,8,0.0000
4,180.0000,13,8,497.1445,-82.6698,0.4242,11,0.2750,1.0000,8,6,6,0,0,6,6,0.0000
4,180.0000,13,9,617.8780,-84.1872,-1.0597,9,0.2250,1.0000,8,8,7,0,0,8,7,0.1250
4,180.0000,13,10,153.4067,-68.0976,-2.3460,30,0.7500,0.0000,4,5,2,0,0,5,2,0.6000
4,180.0000,13,14,1015.4436,-88.1273,-0.0191,3,0.0750,1.0000,2,6,6,0,0,6,6,0.0000
4,180.0000,13,16,570.6200,-83.3041,0.5042,8,0.2000,1.0000,8,8,8,0,0,8,8,0.0000
4,180.0000,13,18,754.1723,-86.3108,-0.2732,8,0.2000,0.7778,9,6,6,0,0,6,6,0.0000
4,180.0000,13,19,772.1919,-86.7592,-1.1563,5,0.1250,1.0000,6,6,6,0,0,6,6,0.0000
4,180.0000,13,20,735.2351,-86.5003,0.1538,3,0.0750,1.0000,4,8,8,0,0,8,8,0.0000
4,180.0000,13,21,819.1003,-87.6905,0.6618,6,0.1500,1.0000,6,6,6,0,0,6,6,0.0000
4,180.0000,13,23,520.7393,-83.6293,-0.5232,7,0.1750,0.7143,7,8,7,0,0,8,7,0.1250
4,180.0000,13,26,526.2212,-84.4885,0.6841,15,0.3750,0.7143,7,7,6,0,0,7,6,0.1429
4,180.0000,13,28,105.9582,-73.0186,1.7990,29,0.7250,0.0000,3,5,1,0,0,5,1,0.8000
4,180.0000,13,29,1015.4120,-88.9996,0.0381,4,0.1000,1.0000,8,4,4,0,0,4,4,0.0000
4,180.0000,13,30,230.5422,-77.8582,1.1277,23,0.5750,0.7143,7,5,2,0,0,5,2,0.6000
4,180.0000,13,31,11.5221,-65.2575,5.1910,33,0.8250,0.0000,4,4,0,0,0,4,0,1.0000
4,180.0000,13,32,955.1628,-85.7444,5.6141,3,0.0750,1.0000,8,4,4,0,0,4,4,0.0000
4,180.0000,13,37,460.4795,-84.0532,0.3338,10,0.2500,1.0000,8,7,6,0,0,7,6,0.1429
4,180.0000,13,38,636.8721,-84.7282,2.3588,6,0.1500,1.0000,8,8,8,0,0,8,8,0.0000
4,180.0000,13,39,533.0008,-84.1862,0.2266,7,0.1750,0.6667,6,8,8,0,0,8,8,0.0000
4,180.0000,13,40,548.3101,-83.3985,-0.6872,14,0.3500,0.4000,5,7,3,0,0,7,3,0.5714
4,180.0000,13,41,573.9093,-84.2550,-0.2027,7,0.1750,0.8571,7,7,6,0,0,7,6,0.1429
4,180.0000,13,43,767.4760,-87.3228,-0.1331,5,0.1250,1.0000,8,5,4,0,0,5,4,0.2000
4,180.0000,13,44,212.5143,-74.1303,-1.1058,30,0.7500,0.4000,5,6,3,0,0,6,3,0.5000
4,180.0000,13,46,404.9414,-82.9056,0.4559,11,0.2750,1.0000,8,7,6,0,0,7,6,0.1429
4,180.0000,13,47,421.9990,-81.1454,-1.2705,13,0.3250,0.8750,8,7,6,0,0,7,6,0.1429
4,180.0000,14,2,449.0418,-82.4613,0.0818,22,0.5500,0.2000,5,8,8,0,0,8,8,0.0000
4,180.0000,14,3,749.0342,-86.8581,0.3431,4,0.1000,1.0000,8,8,8,0,0,8,8,0.0000
4,180.0000,14,4,409.1174,-82.0967,0.0974,28,0.7000,0.7143,7,7,6,0,0,7,6,0.1429
4,180.0000,14,6,600.3598,-85.3075,0.5995,9,0.2250,1.0000,8,6,3,0,0,6,3,0.5000
4,180.0000,14,7,976.4140,-87.5790,2.2351,3,0.0750,1.0000,8,8,8,0,0,8,8,0.0000
4,180.0000,14,8,930.1325,-86.8089,0.6070,3,0.0750,1.0000,8,8,8,0,0,8,8,0.0000
4,180.0000,14,11,238.8027,-77.1991,0.1554,35,0.8750,0.0000,4,6,2,0,0,6,2,0.6667
4,180.0000,14,13,1015.4436,-88.4562,-3.2603,3,0.0750,1.0000,8,6,6,0,0,6,6,0.0000
4,180.0000,14,15,292.5593,-77.9099,-0.6497,30,0.7500,0.4000,5,7,6,0,0,7,6,0.1429
4,180.0000,14,17,429.2100,-82.3555,-0.2458,28,0.7000,0.7143,7,5,4,0,0,5,4,0.2000
4,180.0000,14,20,894.5709,-88.1461,-1.4740,3,0.0750,1.0000,8,6,6,0,0,6,6,0.0000
4,180.0000,14,24,735.6250,-85.8747,0.4449,10,0.2500,1.0000,8,8,8,0,0,8,8,0.0000
4,180.0000,14,33,808.6092,-87.7680,1.5982,3,0.0750,1.0000,6,8,8,0,0,8,8,0.0000
4,180.0000,14,35,204.0949,-79.2121,1.3898,32,0.8000,0.5000,6,4,0,0,0,4,0,1.0000
4,180.0000,14,37,643.4864,-85.3191,0.4920,7,0.1750,1.0000,8,7,6,0,0,7,6,0.1429
4,180.0000,14,38,533.2814,-85.2815,-1.1066,9,0.2250,1.0000,8,6,4,0,0,6,4,0.3333
4,180.0000,14,46,613.7878,-84.3764,-1.0525,11,0.2750,1.0000,8,8,8,0,0,8,8,0.0000
4,180.0000,14,47,640.3059,-84.6186,1.1784,7,0.1750,1.0000,8,8,8,0,0,8,8,0.0000
4,180.0000,15,2,453.1902,-81.9097,-0.7022,24,0.6000,0.7143,7,7,6,0,0,7,6,0.1429
4,180.0000,15,3,473.7644,-83.5245,0.7776,7,0.1750,1.0000,8,7,5,0,0,7,5,0.2857
4,180.0000,15,4,505.2410,-83.3563,0.4273,23,0.5750,0.5714,7,8,8,0,0,8,8,0.0000
4,180.0000,15,6,459.2081,-84.7876,0.8614,12,0.3000,1.0000,8,7,5,0,0,7,5,0.2857
4,180.0000,15,8,650.5562,-84.8807,-1.7006,6,0.1500,0.8750,8,8,8,0,0,8,8,0.0000
4,180.0000,15,10,661.3786,-85.5152,-0.6978,4,0.1000,1.0000,8,7,6,0,0,7,6,0.1429
4,180.0000,15,11,515.1349,-83.0292,-0.8519,27,0.6750,0.5714,7,7,6,0,0,7,6,0.1429
4,180.0000,15,14,292.5593,-77.7355,-0.6326,32,0.8000,0.5714,7,7,3,0,0,7,3,0.5714
4,180.0000,15,16,668.4628,-86.6899,0.8373,4,0.1000,1.0000,8,7,6,0,0,7,6,0.1429
4,180.0000,15,17,571.1403,-83.9738,-0.3523,21,0.5250,0.8571,7,8,8,0,0,8,8,0.0000
4,180.0000,15,20,625.1478,-85.9098,0.3564,5,0.1250,1.0000,6,6,4,0,0,6,4,0.3333
4,180.0000,15,23,681.9608,-86.9787,0.0086,4,0.1000,1.0000,8,8,7,0,0,8,7,0.1250
4,180.0000,15,24,658.8759,-84.4337,-0.8313,13,0.3250,1.0000,8,8,8,0,0,8,8,0.0000
4,180.0000,15,30,653.1530,-85.4542,-0.0037,6,0.1500,1.0000,8,6,6,0,0,6,6,0.0000
4,180.0000,15,31,775.0488,-88.2350,-0.1193,3,0.0750,1.0000,8,8,8,0,0,8,8,0.0000
4,180.0000,15,33,623.2888,-85.4047,-0.4950,8,0.2000,0.8750,8,8,7,0,0,8,7,0.1250
4,180.0000,15,35,414.8116,-81.7448,-0.6582,30,0.7500,0.4000,5,8,7,0,0,8,7,0.1250
4,180.0000,15,37,356.0687,-83.3117,0.6364,9,0.2250,1.0000,8,7,5,0,0,7,5,0.2857
4,180.0000,15,38,246.4963,-78.5040,0.9975,13,0.3250,0.6667,6,5,2,0,0,5,2,0.6000
4,180.0000,15,42,915.4169,-86.4592,-0.3967,7,0.1750,1.0000,4,8,8,0,0,8,8,0.0000
4,180.0000,15,46,374.0595,-80.6803,-0.5415,18,0.4500,0.8571,7,8,8,0,0,8,8,0.0000
4,180.0000,15,47,361.5338,-82.4433,0.1275,8,0.2000,0.8571,7,8,7,0,0,8,7,0.1250
4,180.0000,16,2,874.3735,-86.6202,1.1894,5,0.1250,1.0000,4,8,8,0,0,8,8,0.0000
4,180.0000,16,3,246.4479,-78.1543,0.6711,31,0.7750,0.5000,6,4,2,0,0,4,2,0.5000
4,180.0000,16,4,1023.2176,-89.0981,0.2840,3,0.0750,,0,2,1,0,0,2,1,0.5000
4,180.0000,16,5,973.0497,-87.4107,-0.0960,3,0.0750,1.0000,2,6,6,0,0,6,6,0.0000
4,180.0000,16,6,652.9024,-86.4447,-0.4803,8,0.2000,1.0000,6,8,8,0,0,8,8,0.0000
4,180.0000,16,7,241.7986,-76.6138,0.5030,33,0.8250,0.0000,5,7,4,0,0,7,4,0.4286
4,180.0000,16,8,235.9759,-78.2851,0.7847,27,0.6750,1.0000,8,8,4,0,0,8,4,0.5000
4,180.0000,16,9,426.0400,-79.3313,-1.3380,21,0.5250,0.5000,6,7,6,0,0,7,6,0.1429
4,180.0000,16,10,441.5971,-83.0779,1.1982,11,0.2750,0.7143,7,8,8,0,0,8,8,0.0000
4,180.0000,16,13,570.6200,-83.9098,-0.7709,12,0.3000,0.8571,7,8,8,0,0,8,8,0.0000
4,180.0000,16,15,668.4628,-87.8198,0.8243,5,0.1250,0.8000,5,7,6,0,0,7,6,0.1429
4,180.0000,16,18,935.0279,-88.1829,-0.3368,5,0.1250,0.8000,5,6,5,0,0,6,5,0.1667
4,180.0000,16,19,599.2183,-84.8382,-0.3005,9,0.2250,0.8571,7,8,8,0,0,8,8,0.0000
4,180.0000,16,20,206.1000,-78.1200,1.3618,32,0.8000,0.7143,7,4,0,0,0,4,0,1.0000
4,180.0000,16,22,463.5709,-82.7761,0.7216,19,0.4750,0.5000,6,6,4,0,0,6,4,0.3333
4,180.0000,16,23,292.7626,-78.0960,-1.0635,29,0.7250,0.7143,7,6,4,0,0,6,4,0.3333
4,180.0000,16,24,831.7303,-87.6646,1.3213,6,0.1500,1.0000,8,2,2,0,0,2,2,0.0000
4,180.0000,16,25,928.6079,-87.8141,0.0159,7,0.1750,1.0000,6,6,6,0,0,6,6,0.0000
4,180.0000,16,26,804.5141,-87.6688,1.0693,6,0.1500,1.0000,8,4,4,0,0,4,4,0.0000
4,180.0000,16,28,540.4098,-85.6678,1.0864,10,0.2500,0.8571,7,8,8,0,0,8,8,0.0000
4,180.0000,16,29,811.7783,-86.9131,-0.0498,4,0.1000,1.0000,6,8,8,0,0,8,8,0.0000
4,180.0000,16,30,610.0470,-86.2488,-0.5353,9,0.2250,0.8750,8,8,8,0,0,8,8,0.0000
4,180.0000,16,31,577.9510,-85.5269,-1.0005,10,0.2500,0.8571,7,7,6,0,0,7,6,0.1429
4,180.0000,16,32,846.4659,-87.6091,-0.2014,7,0.1750,1.0000,8,8,7,0,0,8,7,0.1250
4,180.0000,16,33,554.5575,-85.2650,1.1092,9,0.2250,0.8750,8,6,2,0,0,6,2,0.6667
4,180.0000,16,37,374.2393,-80.6363,0.9650,21,0.5250,0.4000,5,7,5,0,0,7,5,0.2857
4,180.0000,16,38,426.7225,-82.7624,-0.0929,17,0.4250,0.6667,6,6,4,0,0,6,4,0.3333
4,180.0000,16,39,238.9299,-73.1848,-2.0450,33,0.8250,0.0000,4,7,5,168,132,175,137,0.2171
4,180.0000,16,40,818.7425,-88.0351,0.4453,11,0.2750,1.0000,8,3,2,0,0,3,2,0.3333
4,180.0000,16,41,158.8650,-72.2571,-0.6002,37,0.9250,0.0000,4,4,0,0,0,4,0,1.0000
4,180.0000,16,43,377.1181,-81.3824,0.1852,22,0.5500,0.8571,7,6,4,0,0,6,4,0.3333
4,180.0000,16,44,658.2014,-84.1365,-1.1037,10,0.2500,0.8980,147,8,8,18,17,26,25,0.0385
4,180.0000,16,46,549.6375,-85.2163,-0.1063,9,0.2250,0.5000,6,6,4,0,0,6,4,0.3333
4,180.0000,16,47,415.5098,-81.2278,-0.1812,18,0.4500,0.7143,7,8,6,0,0,8,6,0.2500
4,180.0000,17,2,440.4253,-80.0099,-1.3794,20,0.5000,0.4000,5,7,5,0,0,7,5,0.2857
4,180.0000,17,4,148.8619,-67.0528,-2.7349,37,0.9250,0.0000,4,6,3,0,0,6,3,0.5000
4,180.0000,17,11,329.1629,-78.8606,0.5325,36,0.9000,0.2000,5,4,0,0,0,4,0,1.0000
4,180.0000,17,14,429.2100,-81.1383,-0.1066,19,0.4750,1.0000,8,6,4,0,0,6,4,0.3333
4,180.0000,17,15,571.1403,-81.6594,-0.0652,8,0.2000,0.8571,7,8,7,0,0,8,7,0.1250
4,180.0000,17,35,445.7968,-83.2417,0.5209,16,0.4000,0.5714,7,8,7,0,0,8,7,0.1250
4,180.0000,18,0,611.0150,-84.9971,0.6071,16,0.4000,0.7143,7,7,6,0,0,7,6,0.1429
4,180.0000,18,1,410.6740,-82.3724,-0.2700,25,0.6250,0.6667,6,7,5,0,0,7,5,0.2857
4,180.0000,18,5,386.6817,-81.8485,0.7447,26,0.6500,0.6667,6,6,3,30,20,36,23,0.3611
4,180.0000,18,12,329.4584,-80.7513,0.3047,26,0.6500,0.8000,5,7,6,0,0,7,6,0.1429
4,180.0000,18,13,754.1723,-85.9606,1.1740,4,0.1000,0.8750,8,8,8,0,0,8,8,0.0000
4,180.0000,18,19,501.7273,-82.2691,1.5195,7,0.1750,0.8571,7,7,6,0,0,7,6,0.1429
4,180.0000,18,21,544.5452,-83.8153,-0.0699,17,0.4250,0.8571,7,7,6,0,0,7,6,0.1429
4,180.0000,18,25,634.9321,-84.9648,1.0822,8,0.2000,1.0000,8,7,6,0,0,7,6,0.1429
4,180.0000,18,26,304.9506,-77.5774,-1.1369,25,0.6250,0.4000,5,7,5,0,0,7,5,0.2857
4,180.0000,18,27,725.9120,-86.5251,0.1950,8,0.2000,1.0000,8,8,7,0,0,8,7,0.1250
4,180.0000,18,29,596.4505,-85.0030,1.4322,6,0.1500,1.0000,8,8,8,0,0,8,8,0.0000
4,180.0000,18,31,750.7364,-84.3982,-1.7757,4,0.1000,0.8571,7,8,8,0,0,8,8,0.0000
4,180.0000,18,32,457.7875,-83.2976,-0.8928,11,0.2750,0.6667,6,7,6,0,0,7,6,0.1429
4,180.0000,18,34,358.6907,-82.1992,0.8589,17,0.4250,1.0000,8,6,2,0,0,6,2,0.6667
4,180.0000,18,36,669.0832,-86.3433,0.4714,8,0.2000,1.0000,6,8,6,0,0,8,6,0.2500
4,180.0000,18,40,427.9732,-81.9121,-0.0172,19,0.4750,0.7143,7,8,8,0,0,8,8,0.0000
4,180.0000,18,44,623.5614,-84.7244,0.5081,5,0.1250,0.8571,7,7,6,0,0,7,6,0.1429
4,180.0000,18,45,530.8553,-83.7710,-0.2491,17,0.4250,0.8571,7,8,7,0,0,8,7,0.1250
4,180.0000,19,0,938.2499,-87.4526,0.6775,3,0.0732,1.0000,6,4,4,0,0,4,4,0.0000
4,180.0000,19,1,490.1827,-83.9621,0.2775,21,0.5122,0.8571,7,6,4,0,0,6,4,0.3333
4,180.0000,19,3,844.4095,-88.3670,-0.1581,7,0.1707,1.0000,8,6,6,0,0,6,6,0.0000
4,180.0000,19,5,384.9334,-83.5261,1.2124,22,0.5366,0.6667,6,5,1,0,0,5,1,0.8000
4,180.0000,19,7,628.8559,-85.0836,-0.4331,8,0.1951,1.0000,6,10,10,0,0,10,10,0.0000
4,180.0000,19,8,714.3818,-86.0904,1.1214,9,0.2195,1.0000,8,6,6,0,0,6,6,0.0000
4,180.0000,19,9,265.4540,-79.4744,0.8330,23,0.5610,0.7143,7,5,2,0,0,5,2,0.6000
4,180.0000,19,10,749.5941,-85.7778,0.1595,5,0.1220,0.8571,7,6,6,0,0,6,6,0.0000
4,180.0000,19,12,694.3597,-86.9542,0.1699,8,0.1951,0.8571,7,8,8,0,0,8,8,0.0000
4,180.0000,19,13,772.1919,-86.8643,-2.7162,5,0.1220,0.8750,8,6,6,0,0,6,6,0.0000
4,180.0000,19,16,599.2183,-84.0781,1.0282,9,0.2195,1.0000,8,8,8,0,0,8,8,0.0000
4,180.0000,19,18,501.7273,-85.2361,-0.3175,15,0.3659,0.8571,7,6,4,0,0,6,4,0.3333
4,180.0000,19,20,764.5530,-87.4501,0.2428,5,0.1220,1.0000,10,8,8,0,0,8,8,0.0000
4,180.0000,19,21,870.9811,-87.1820,0.8454,6,0.1463,1.0000,4,8,8,0,0,8,8,0.0000
4,180.0000,19,22,837.3749,-87.5793,2.2454,3,0.0732,1.0000,8,8,8,0,0,8,8,0.0000
4,180.0000,19,23,743.0436,-86.4639,1.1251,8,0.1951,1.0000,8,6,6,0,0,6,6,0.0000
4,180.0000,19,25,364.2314,-80.9037,-1.3604,32,0.7805,0.5000,6,5,1,0,0,5,1,0.8000
4,180.0000,19,26,561.7460,-86.6928,0.3205,13,0.3171,1.0000,8,8,8,0,0,8,8,0.0000
4,180.0000,19,27,674.4310,-85.3959,-0.2412,16,0.3902,0.7500,8,8,8,0,0,8,8,0.0000
4,180.0000,19,28,827.7043,-87.3895,-0.7463,3,0.0732,0.8333,6,7,6,0,0,7,6,0.1429
4,180.0000,19,29,246.7285,-78.1203,0.1478,33,0.8049,0.4000,5,6,2,0,0,6,2,0.6667
4,180.0000,19,30,942.4757,-87.6047,-2.5842,3,0.0732,1.0000,2,4,4,0,0,4,4,0.0000
4,180.0000,19,31,774.0088,-88.9482,0.8864,6,0.1463,1.0000,8,8,7,0,0,8,7,0.1250
4,180.0000,19,32,259.4168,-77.6338,-0.5976,33,0.8049,0.2000,5,5,1,0,0,5,1,0.8000
4,180.0000,19,34,539.9629,-85.0210,1.0417,15,0.3659,1.0000,6,4,0,0,0,4,0,1.0000
4,180.0000,19,36,607.2645,-84.3039,-0.6693,22,0.5366,0.8750,8,8,8,0,0,8,8,0.0000
4,180.0000,19,37,887.1162,-87.7558,-0.0911,4,0.0976,1.0000,6,8,8,0,0,8,8,0.0000
4,180.0000,19,38,1004.0777,-89.6228,-0.1547,3,0.0732,1.0000,8,4,4,0,0,4,4,0.0000
4,180.0000,19,39,378.2399,-81.8528,1.2638,19,0.4634,0.7143,7,8,8,0,0,8,8,0.0000
4,180.0000,19,40,623.9131,-85.3198,0.5685,9,0.2195,1.0000,6,8,8,0,0,8,8,0.0000
4,180.0000,19,41,464.7613,-81.7134,0.3868,15,0.3659,0.8571,7,5,2,0,0,5,2,0.6000
4,180.0000,19,43,351.9735,-80.1203,-0.2246,25,0.6098,0.4000,5,7,6,0,0,7,6,0.1429
4,180.0000,19,44,717.4342,-87.4479,0.1807,5,0.1220,1.0000,8,8,7,0,0,8,7,0.1250
4,180.0000,20,2,727.5315,-86.8193,1.0695,9,0.2250,1.0000,6,8,8,0,0,8,8,0.0000
4,180.0000,20,3,153.6435,-72.9955,0.0086,35,0.8750,0.2308,39,4,0,5,3,9,3,0.6667
4,180.0000,20,4,913.5233,-88.0864,0.3154,3,0.0750,1.0000,4,8,8,0,0,8,8,0.0000
4,180.0000,20,6,526.1082,-82.5654,0.1396,16,0.4000,0.8750,8,7,5,0,0,7,5,0.2857
4,180.0000,20,7,304.4053,-79.6782,0.1024,25,0.6250,0.5000,6,5,2,0,0,5,2,0.6000
4,180.0000,20,8,305.7867,-81.1390,1.2867,15,0.3750,0.6667,6,4,0,0,0,4,0,1.0000
4,180.0000,20,9,589.2161,-83.7219,0.3561,8,0.2000,1.0000,8,6,6,0,0,6,6,0.0000
4,180.0000,20,10,590.9900,-86.1739,-0.0127,6,0.1500,0.8571,7,6,4,0,0,6,4,0.3333
4,180.0000,20,13,735.2351,-86.9070,0.1484,4,0.1000,0.8750,8,8,8,0,0,8,8,0.0000
4,180.0000,20,14,894.5709,-87.9910,-0.3226,4,0.1000,1.0000,6,2,2,0,0,2,2,0.0000
4,180.0000,20,15,625.1478,-86.7572,0.8039,6,0.1500,1.0000,6,8,7,0,0,8,7,0.1250
4,180.0000,20,16,206.1000,-77.8245,0.6562,22,0.5500,0.7143,7,5,1,43,13,48,14,0.7083
4,180.0000,20,19,764.5530,-87.4055,-0.7902,5,0.1250,1.0000,8,8,6,0,0,8,6,0.2500
4,180.0000,20,22,318.3809,-79.6720,-0.0382,30,0.7500,0.4737,19,5,2,0,0,5,2,0.6000
4,180.0000,20,23,342.4392,-80.2202,-0.2726,15,0.3750,0.7143,7,7,4,0,0,7,4,0.4286
4,180.0000,20,24,667.9431,-85.7920,-0.7097,12,0.3000,1.0000,8,8,7,0,0,8,7,0.1250
4,180.0000,20,28,685.3431,-87.2890,-0.0831,8,0.2000,1.0000,8,8,8,0,0,8,8,0.0000
4,180.0000,20,30,722.3589,-87.0133,-1.3792,5,0.1250,1.0000,4,7,6,0,0,7,6,0.1429
4,180.0000,20,31,742.6648,-89.0407,0.2616,3,0.0750,1.0000,6,6,6,0,0,6,6,0.0000
4,180.0000,20,33,367.0166,-81.5816,-0.3672,18,0.4500,0.6667,6,5,2,0,0,5,2,0.6000
4,180.0000,20,37,432.8257,-82.4486,-0.1999,10,0.2500,0.8571,7,5,2,0,0,5,2,0.6000
4,180.0000,20,38,388.6750,-80.8246,-0.4980,17,0.4250,1.0000,8,8,8,0,0,8,8,0.0000
4,180.0000,20,39,433.3955,-80.7069,-1.1425,12,0.3000,0.8875,80,7,6,0,0,7,6,0.1429
4,180.0000,20,41,323.7884,-79.9433,0.4847,13,0.3250,0.8571,7,8,5,58,48,66,53,0.1970
4,180.0000,20,42,903.7694,-87.6318,-0.0669,6,0.1500,0.8333,6,8,8,0,0,8,8,0.0000
4,180.0000,20,43,479.5670,-84.0915,0.5366,12,0.3000,1.0000,8,8,8,9,8,17,16,0.0588
4,180.0000,20,44,833.3901,-88.8172,-0.0370,4,0.1000,1.0000,4,6,6,0,0,6,6,0.0000
4,180.0000,20,46,613.7014,-85.0919,1.3558,4,0.1000,1.0000,8,6,4,0,0,6,4,0.3333
4,180.0000,20,47,479.2645,-84.3589,-0.1965,7,0.1750,0.8571,7,7,6,0,0,7,6,0.1429
4,180.0000,21,0,617.2915,-85.8801,0.1232,10,0.2500,0.8750,8,8,8,0,0,8,8,0.0000
4,180.0000,21,1,757.8837,-86.3662,0.5887,8,0.2000,1.0000,8,8,8,0,0,8,8,0.0000
4,180.0000,21,5,777.7065,-86.9184,-0.1694,6,0.1500,1.0000,8,8,8,0,0,8,8,0.0000
4,180.0000,21,12,280.2892,-80.4123,0.5103,29,0.7250,0.6667,6,6,2,0,0,6,2,0.6667
4,180.0000,21,18,544.5452,-83.2912,-0.3235,10,0.2500,1.0000,8,7,6,0,0,7,6,0.1429
4,180.0000,21,25,986.6167,-86.9860,-2.1087,3,0.0750,1.0000,4,5,4,0,0,5,4,0.2000
4,180.0000,21,26,388.8050,-79.8378,-0.4208,20,0.5000,0.8571,7,8,6,0,0,8,6,0.2500
4,180.0000,21,32,817.2629,-87.9848,-0.2630,6,0.1500,1.0000,4,8,7,0,0,8,7,0.1250
4,180.0000,21,34,726.4986,-86.1277,0.6774,7,0.1750,1.0000,8,8,8,0,0,8,8,0.0000
4,180.0000,21,40,316.2516,-80.5167,-0.2491,18,0.4500,0.4000,5,8,6,0,0,8,6,0.2500
4,180.0000,21,44,608.8711,-84.5592,-0.2993,4,0.1000,1.0000,8,7,5,0,0,7,5,0.2857
4,180.0000,21,45,282.1317,-79.2583,0.2993,33,0.8250,0.2000,5,5,1,0,0,5,1,0.8000
4,180.0000,22,2,872.1546,-88.2015,0.4924,5,0.1250,1.0000,4,2,2,0,0,2,2,0.0000
4,180.0000,22,3,459.3985,-83.8038,-0.2744,11,0.2750,0.8333,6,8,8,0,0,8,8,0.0000
4,180.0000,22,6,694.5942,-86.1169,-0.2354,11,0.2750,1.0000,8,8,8,0,0,8,8,0.0000
4,180.0000,22,7,513.3176,-85.0161,-0.7580,9,0.2250,0.8571,7,8,8,0,0,8,8,0.0000
4,180.0000,22,8,538.0320,-84.7193,0.6076,6,0.1500,1.0000,8,8,8,0,0,8,8,0.0000
4,180.0000,22,9,684.6832,-85.4436,-1.3720,5,0.1250,1.0000,8,8,8,0,0,8,8,0.0000
4,180.0000,22,15,902.6922,-88.4239,-1.3417,3,0.0750,1.0000,4,8,8,0,0,8,8,0.0000
4,180.0000,22,16,463.5709,-82.8203,1.5528,9,0.2250,1.0000,8,6,4,0,0,6,4,0.3333
4,180.0000,22,19,837.3749,-86.3043,-0.7049,6,0.1500,1.0000,8,8,7,0,0,8,7,0.1250
4,180.0000,22,20,318.3809,-79.0568,-1.4845,15,0.3750,0.5625,16,6,3,0,0,6,3,0.5000
4,180.0000,22,23,546.5389,-83.9745,1.0332,7,0.1750,1.0000,8,8,8,0,0,8,8,0.0000
4,180.0000,22,24,736.6288,-86.6404,0.8559,6,0.1500,1.0000,6,7,6,0,0,7,6,0.1429
4,180.0000,22,28,972.4126,-88.7096,-1.0412,3,0.0750,1.0000,4,6,6,0,0,6,6,0.0000
4,180.0000,22,30,999.2485,-86.9465,-0.9520,4,0.1000,1.0000,8,6,6,0,0,6,6,0.0000
4,180.0000,22,32,1038.4598,-88.0799,-0.5343,4,0.1000,1.0000,4,8,8,0,0,8,8,0.0000
4,180.0000,22,33,424.0641,-81.8692,-0.5671,18,0.4500,0.6667,6,6,4,0,0,6,4,0.3333
4,180.0000,22,37,750.2059,-87.6919,0.3754,4,0.1000,1.0000,8,8,8,0,0,8,8,0.0000
4,180.0000,22,38,684.4586,-84.4338,-0.3803,5,0.1250,1.0000,8,8,8,0,0,8,8,0.0000
4,180.0000,22,39,619.5675,-85.5756,-0.3401,5,0.1250,0.8571,7,8,8,0,0,8,8,0.0000
4,180.0000,22,41,491.9062,-83.1087,0.3196,8,0.2000,0.8750,8,7,6,0,0,7,6,0.1429
4,180.0000,22,42,875.4510,-87.2287,0.3541,6,0.1500,0.8000,5,4,4,0,0,4,4,0.0000
4,180.0000,22,43,497.1867,-83.8823,-0.0357,13,0.3250,1.0000,8,8,8,0,0,8,8,0.0000
4,180.0000,23,2,840.9708,-86.8001,0.6523,7,0.1750,1.0000,4,6,5,0,0,6,5,0.1667
4,180.0000,23,3,342.9140,-80.6028,0.0968,23,0.5750,0.6667,6,7,5,0,0,7,5,0.2857
4,180.0000,23,6,790.4751,-85.4734,-0.8547,4,0.1000,0.9860,143,6,6,75,74,81,80,0.0123
4,180.0000,23,7,530.9171,-83.8169,-0.2239,12,0.3000,0.5000,6,8,8,0,0,8,8,0.0000
4,180.0000,23,8,63.8354,-69.2795,3.0032,36,0.9000,0.0000,4,5,1,0,0,5,1,0.8000
4,180.0000,23,9,495.7163,-81.7389,0.3900,20,0.5000,0.8000,10,7,6,0,0,7,6,0.1429
4,180.0000,23,10,377.9478,-82.7091,0.7394,17,0.4250,1.0000,8,7,5,0,0,7,5,0.2857
4,180.0000,23,11,1133.6317,-88.8442,0.0931,3,0.0750,,0,4,4,0,0,4,4,0.0000
4,180.0000,23,12,1068.1373,-89.2260,-0.0211,3,0.0750,1.0000,2,6,6,0,0,6,6,0.0000
4,180.0000,23,13,520.7393,-84.7695,-0.0892,15,0.3750,0.6667,6,8,7,0,0,8,7,0.1250
4,180.0000,23,14,954.5898,-88.8621,0.0991,6,0.1500,1.0000,6,2,2,0,0,2,2,0.0000
4,180.0000,23,15,681.9608,-87.0058,0.1529,7,0.1750,0.8750,8,8,7,0,0,8,7,0.1250
4,180.0000,23,16,292.7626,-78.2373,-0.0971,27,0.6750,0.7143,7,8,8,0,0,8,8,0.0000
4,180.0000,23,18,994.2219,-88.2048,-0.8526,9,0.2250,1.0000,4,4,4,0,0,4,4,0.0000
4,180.0000,23,19,743.0436,-86.8607,0.1700,8,0.2000,0.8750,8,6,6,0,0,6,6,0.0000
4,180.0000,23,20,342.4392,-81.0136,0.4944,22,0.5500,0.8750,8,7,4,0,0,7,4,0.4286
4,180.0000,23,22,546.5389,-84.5193,-0.2225,20,0.5000,1.0000,8,8,8,0,0,8,8,0.0000
4,180.0000,23,25,1054.8802,-88.1071,0.4757,5,0.1250,1.0000,2,2,2,0,0,2,2,0.0000
4,180.0000,23,26,784.2462,-86.8994,0.5177,5,0.1250,1.0000,8,6,6,0,0,6,6,0.0000
4,180.0000,23,28,481.1764,-84.7038,0.5333,16,0.4000,1.0000,8,7,6,0,0,7,6,0.1429
4,180.0000,23,30,474.1469,-84.4286,0.7310,11,0.2750,1.0000,8,8,6,0,0,8,6,0.2500
4,180.0000,23,31,524.0783,-85.8466,0.3344,13,0.3250,1.0000,8,8,8,0,0,8,8,0.0000
4,180.0000,23,32,951.9661,-87.4326,-1.1949,7,0.1750,1.0000,8,4,4,0,0,4,4,0.0000
4,180.0000,23,33,671.1101,-86.1539,0.2410,12,0.3000,0.6667,6,6,4,0,0,6,4,0.3333
4,180.0000,23,37,421.0115,-81.6860,0.8705,21,0.5250,0.8750,8,6,3,0,0,6,3,0.5000
4,180.0000,23,38,457.5333,-82.6202,0.5782,19,0.4750,0.8571,7,8,6,0,0,8,6,0.2500
4,180.0000,23,39,434.8465,-81.0131,0.4094,22,0.5500,0.6364,11,6,4,0,0,6,4,0.3333
4,180.0000,23,40,747.9127,-86.8023,-0.3282,12,0.3000,0.8750,8,8,8,0,0,8,8,0.0000
4,180.0000,23,41,315.8182,-79.0403,-0.1843,26,0.6500,0.7500,8,7,3,0,0,7,3,0.5714
4,180.0000,23,43,503.7062,-83.8371,-0.8699,15,0.3750,0.6667,6,7,6,0,0,7,6,0.1429
4,180.0000,23,44,574.8625,-85.0400,0.0193,13,0.3250,0.8571,7,6,4,0,0,6,4,0.3333
4,180.0000,23,46,499.6772,-84.4603,0.5801,13,0.3250,0.7500,8,8,8,0,0,8,8,0.0000
4,180.0000,23,47,418.5517,-81.7844,-0.2869,20,0.5000,1.0000,8,8,8,0,0,8,8,0.0000
4,180.0000,24,2,509.1208,-83.1940,0.4442,17,0.4250,0.8750,8,8,8,0,0,8,8,0.0000
4,180.0000,24,3,630.8597,-85.7081,-0.8467,6,0.1500,1.0000,8,8,7,0,0,8,7,0.1250
4,180.0000,24,4,796.4894,-87.7938,0.0713,6,0.1500,1.0000,8,8,8,0,0,8,8,0.0000
4,180.0000,24,6,244.3352,-75.6603,-0.8354,32,0.8000,0.4286,7,7,5,0,0,7,5,0.2857
4,180.0000,24,7,746.7219,-85.7798,-0.0750,6,0.1500,1.0000,8,8,8,0,0,8,8,0.0000
4,180.0000,24,11,848.2919,-85.8892,-0.0517,8,0.2000,0.8571,7,6,6,0,0,6,6,0.0000
4,180.0000,24,14,735.6250,-86.0595,-0.3868,10,0.2500,1.0000,8,8,8,0,0,8,8,0.0000
4,180.0000,24,15,658.8759,-84.5289,0.0445,12,0.3000,1.0000,8,6,4,0,0,6,4,0.3333
4,180.0000,24,17,930.1257,-87.3927,-0.0105,11,0.2750,1.0000,2,6,6,0,0,6,6,0.0000
4,180.0000,24,20,667.9431,-85.7162,-0.0676,6,0.1500,0.8750,8,8,8,0,0,8,8,0.0000
4,180.0000,24,22,736.6288,-86.5899,-0.8276,3,0.0750,1.0000,8,8,8,0,0,8,8,0.0000
4,180.0000,24,33,323.0644,-79.6334,-0.0449,25,0.6250,0.7143,7,7,6,0,0,7,6,0.1429
4,180.0000,24,35,624.6578,-83.3816,-0.8152,19,0.4750,0.8750,8,8,8,0,0,8,8,0.0000
4,180.0000,24,37,803.8107,-86.9417,-0.4498,7,0.1750,0.8750,8,7,6,0,0,7,6,0.1429
4,180.0000,24,38,642.5094,-86.1293,0.6814,6,0.1500,1.0000,8,8,8,0,0,8,8,0.0000
4,180.0000,24,41,973.1408,-89.0376,0.2562,4,0.1000,1.0000,8,8,8,0,0,8,8,0.0000
4,180.0000,24,42,374.9243,-81.7097,0.4210,32,0.8000,0.8571,7,6,3,0,0,6,3,0.5000
4,180.0000,24,46,953.6741,-87.4848,1.0610,4,0.1000,1.0000,6,8,8,0,0,8,8,0.0000
4,180.0000,24,47,855.4487,-87.5974,-0.1180,5,0.1250,1.0000,8,8,8,0,0,8,8,0.0000
4,180.0000,25,0,826.8291,-86.3568,0.0480,8,0.2000,1.0000,8,8,8,0,0,8,8,0.0000
4,180.0000,25,1,341.7004,-80.3723,0.4033,23,0.5750,0.0000,4,6,3,0,0,6,3,0.5000
4,180.0000,25,5,277.5014,-80.0846,0.2089,28,0.7000,0.5000,6,6,3,0,0,6,3,0.5000
4,180.0000,25,9,568.6173,-82.5888,0.7743,7,0.1750,1.0000,6,8,8,0,0,8,8,0.0000
4,180.0000,25,12,755.1665,-86.3195,0.0274,7,0.1750,1.0000,8,8,8,0,0,8,8,0.0000
4,180.0000,25,18,634.9321,-84.8599,0.8104,4,0.1000,0.6667,6,8,8,0,0,8,8,0.0000
4,180.0000,25,19,364.2314,-79.5330,-0.9951,19,0.4750,1.0000,8,6,3,0,0,6,3,0.5000
4,180.0000,25,26,786.1478,-86.3789,-0.5588,3,0.0750,1.0000,8,8,8,0,0,8,8,0.0000
4,180.0000,25,27,355.0775,-79.8504,-0.2956,30,0.7500,0.4000,5,6,3,0,0,6,3,0.5000
4,180.0000,25,29,146.7625,-69.4657,-1.4021,36,0.9000,0.0000,4,4,0,0,0,4,0,1.0000
4,180.0000,25,32,187.3855,-75.9029,0.8155,34,0.8500,0.5000,6,5,2,0,0,5,2,0.6000
4,180.0000,25,34,432.3751,-82.8191,0.3682,15,0.3750,0.5714,7,7,6,0,0,7,6,0.1429
4,180.0000,25,36,290.3295,-78.9200,0.1216,36,0.9000,0.2000,5,5,1,0,0,5,1,0.8000
4,180.0000,25,41,786.8941,-86.4969,-0.8039,3,0.0750,0.8571,7,8,8,0,0,8,8,0.0000
4,180.0000,25,43,596.4654,-85.7487,2.0575,4,0.1000,0.8571,7,8,8,0,0,8,8,0.0000
4,180.0000,25,45,904.2212,-86.9393,-0.4741,3,0.0750,1.0000,8,2,2,0,0,2,2,0.0000
4,180.0000,26,0,756.8068,-86.3240,-0.7723,12,0.3000,1.0000,8,4,4,0,0,4,4,0.0000
4,180.0000,26,1,628.9049,-85.2033,-0.7279,14,0.3500,1.0000,8,7,5,0,0,7,5,0.2857
4,180.0000,26,5,595.0418,-85.3631,-0.4481,14,0.3500,1.0000,8,7,6,0,0,7,6,0.1429
4,180.0000,26,8,774.6657,-88.5466,0.1320,4,0.1000,1.0000,4,8,8,0,0,8,8,0.0000
4,180.0000,26,9,514.2968,-84.6856,0.2226,9,0.2250,1.0000,10,8,8,0,0,8,8,0.0000
4,180.0000,26,10,603.0055,-84.4793,-0.8224,6,0.1500,1.0000,8,6,6,0,0,6,6,0.0000
4,180.0000,26,12,345.2569,-80.5740,-0.2545,29,0.7250,0.5000,6,6,4,0,0,6,4,0.3333
4,180.0000,26,13,526.2212,-85.1756,-0.0124,8,0.2000,0.7143,7,7,6,0,0,7,6,0.1429
4,180.0000,26,16,804.5141,-86.9227,1.9574,4,0.1000,1.0000,8,8,8,0,0,8,8,0.0000
4,180.0000,26,18,304.9506,-77.4070,-0.4862,31,0.7750,0.4000,5,6,3,0,0,6,3,0.5000
4,180.0000,26,19,561.7460,-87.1651,-0.8169,8,0.2000,0.8750,8,7,6,0,0,7,6,0.1429
4,180.0000,26,20,998.2621,-88.8158,0.2854,3,0.0750,1.0000,6,8,8,0,0,8,8,0.0000
4,180.0000,26,21,388.8050,-80.5812,-0.1113,29,0.7250,0.7500,8,7,6,0,0,7,6,0.1429
4,180.0000,26,23,784.2462,-87.1496,0.4425,5,0.1250,0.8571,7,8,8,0,0,8,8,0.0000
4,180.0000,26,25,786.1478,-86.6137,1.1269,6,0.1500,1.0000,8,8,8,0,0,8,8,0.0000
4,180.0000,26,27,910.5853,-88.4946,-0.1170,5,0.1250,1.0000,8,6,6,0,0,6,6,0.0000
4,180.0000,26,28,626.6071,-87.4770,0.9020,8,0.2000,1.0000,8,6,6,0,0,6,6,0.0000
4,180.0000,26,29,737.1972,-87.3516,0.7309,7,0.1750,1.0000,8,8,8,0,0,8,8,0.0000
4,180.0000,26,30,710.7112,-85.6683,1.2298,6,0.1500,1.0000,8,8,8,0,0,8,8,0.0000
4,180.0000,26,31,519.7999,-84.7543,0.9308,8,0.2000,0.8750,8,7,6,0,0,7,6,0.1429
4,180.0000,26,32,599.9254,-84.3372,-0.5572,12,0.3000,1.0000,8,8,8,0,0,8,8,0.0000
4,180.0000,26,34,606.0622,-85.8904,-0.0352,11,0.2750,1.0000,8,7,5,0,0,7,5,0.2857
4,180.0000,26,36,877.2913,-87.5137,0.1482,4,0.1000,1.0000,8,4,4,0,0,4,4,0.0000
4,180.0000,26,37,910.2837,-87.5122,1.8535,3,0.0750,1.0000,4,8,8,0,0,8,8,0.0000
4,180.0000,26,39,626.8355,-87.6989,0.2601,5,0.1250,0.8750,8,8,8,0,0,8,8,0.0000
4,180.0000,26,40,149.5849,-74.0583,0.8721,35,0.8750,0.3333,6,4,0,0,0,4,0,1.0000
4,180.0000,26,41,697.8910,-86.7548,-0.1706,6,0.1500,1.0000,8,8,7,0,0,8,7,0.1250
4,180.0000,26,43,736.0401,-87.6384,-0.8267,5,0.1250,1.0000,6,7,6,0,0,7,6,0.1429
4,180.0000,26,44,350.3915,-82.5307,1.0767,16,0.4000,0.7143,7,5,1,0,0,5,1,0.8000
4,180.0000,26,45,533.1992,-82.8477,-0.8815,24,0.6000,0.7500,8,6,6,0,0,6,6,0.0000
4,180.0000,26,46,917.0162,-87.4491,0.2471,5,0.1250,1.0000,4,4,4,0,0,4,4,0.0000
4,180.0000,26,47,894.0298,-87.8338,2.3766,3,0.0750,1.0000,8,4,4,0,0,4,4,0.0000
4,180.0000,27,0,619.2419,-85.0483,-0.5841,13,0.3250,0.6667,6,8,8,0,0,8,8,0.0000
4,180.0000,27,1,317.9071,-79.8382,-0.0803,29,0.7250,0.5714,7,6,3,0,0,6,3,0.5000
4,180.0000,27,5,371.7349,-80.8639,0.1715,21,0.5250,0.8571,7,6,3,0,0,6,3,0.5000
4,180.0000,27,12,734.4023,-85.9787,-0.0789,8,0.2000,1.0000,10,6,6,0,0,6,6,0.0000
4,180.0000,27,19,674.4310,-85.6798,-0.7600,9,0.2250,1.0000,8,8,8,0,0,8,8,0.0000
4,180.0000,27,25,355.0775,-79.8032,-0.4739,27,0.6750,0.6667,6,7,4,0,0,7,4,0.4286
4,180.0000,27,29,491.7133,-81.1032,-0.4876,21,0.5250,0.8750,8,7,6,0,0,7,6,0.1429
4,180.0000,27,32,420.7958,-82.0226,0.6798,16,0.4000,0.8750,8,7,4,0,0,7,4,0.4286
4,180.0000,27,34,392.1327,-80.8079,0.0978,25,0.6250,0.3333,6,8,7,0,0,8,7,0.1250
4,180.0000,27,36,120.8692,-70.9087,0.1227,38,0.9500,0.2000,5,4,0,0,0,4,0,1.0000
4,180.0000,27,45,808.0024,-87.7767,1.4378,7,0.1750,1.0000,8,8,8,0,0,8,8,0.0000
4,180.0000,28,3,603.4326,-85.4867,0.8300,4,0.1000,1.0000,8,7,6,0,0,7,6,0.1429
4,180.0000,28,7,687.4262,-87.6813,0.1513,3,0.0750,1.0000,8,8,8,0,0,8,8,0.0000
4,180.0000,28,8,455.9130,-81.7816,-0.6758,9,0.2250,0.6667,6,8,8,0,0,8,8,0.0000
4,180.0000,28,9,659.3199,-85.2657,0.2699,5,0.1250,0.7500,8,8,8,0,0,8,8,0.0000
4,180.0000,28,10,111.8380,-72.2737,1.3664,34,0.8500,0.0000,4,5,0,0,0,5,0,1.0000
4,180.0000,28,13,105.9582,-72.9003,1.4778,32,0.8000,0.0000,4,5,0,0,0,5,0,1.0000
4,180.0000,28,14,911.7590,-87.2404,2.2426,3,0.0750,1.0000,4,8,8,0,0,8,8,0.0000
4,180.0000,28,15,664.3933,-86.0690,0.5163,3,0.0750,0.8571,7,7,6,0,0,7,6,0.1429
4,180.0000,28,16,540.4098,-84.5596,-1.3551,5,0.1250,0.8750,8,6,4,0,0,6,4,0.3333
4,180.0000,28,19,827.7043,-85.5421,2.3917,3,0.0750,1.0000,8,8,8,0,0,8,8,0.0000
4,180.0000,28,21,914.2301,-87.9981,-1.5872,3,0.0750,1.0000,4,2,2,0,0,2,2,0.0000
4,180.0000,28,23,481.1764,-86.3496,-0.7637,5,0.1250,0.8750,8,7,6,0,0,7,6,0.1429
4,180.0000,28,26,626.6071,-85.0279,0.2944,9,0.2250,0.7143,7,6,6,0,0,6,6,0.0000
4,180.0000,28,30,160.6890,-72.8109,-0.0215,34,0.8500,0.2000,5,5,1,0,0,5,1,0.8000
4,180.0000,28,31,113.3072,-72.0575,1.1137,36,0.9000,0.2000,5,5,1,0,0,5,1,0.8000
4,180.0000,28,37,374.3032,-82.0061,1.2127,7,0.1750,0.8571,7,8,6,0,0,8,6,0.2500
4,180.0000,28,38,545.6505,-83.0608,0.3047,7,0.1750,0.8333,6,7,6,0,0,7,6,0.1429
4,180.0000,28,39,546.9700,-84.7227,-0.2889,5,0.1250,0.8571,7,7,6,0,0,7,6,0.1429
4,180.0000,28,40,641.0991,-85.0894,-0.1092,6,0.1500,0.8750,8,8,8,0,0,8,8,0.0000
4,180.0000,28,41,571.0320,-85.5133,1.0496,4,0.1000,0.9000,10,7,6,0,0,7,6,0.1429
4,180.0000,28,44,305.5116,-78.0868,-0.2445,22,0.5500,0.8750,8,6,4,0,0,6,4,0.3333
4,180.0000,28,46,299.8100,-80.0776,0.4015,18,0.4500,0.6250,8,6,3,0,0,6,3,0.5000
4,180.0000,28,47,328.0685,-79.9956,-0.6783,13,0.3250,0.4000,5,7,5,0,0,7,5,0.2857
4,180.0000,29,0,899.6700,-87.3472,-0.2024,6,0.1500,1.0000,8,6,6,0,0,6,6,0.0000
4,180.0000,29,1,398.8313,-80.8695,-0.3797,25,0.6250,0.6667,6,6,4,0,0,6,4,0.3333
4,180.0000,29,5,303.6169,-79.1328,0.3172,27,0.6750,0.6667,6,7,4,0,0,7,4,0.4286
4,180.0000,29,7,807.8819,-87.8968,-0.5285,4,0.1000,1.0000,8,6,6,0,0,6,6,0.0000
4,180.0000,29,9,482.0800,-83.4744,-0.7176,11,0.2750,0.8750,8,6,4,0,0,6,4,0.3333
4,180.0000,29,12,768.5142,-86.5551,0.6453,10,0.2500,0.8571,7,8,8,0,0,8,8,0.0000
4,180.0000,29,13,1015.4120,-88.4718,0.4429,3,0.0750,1.0000,8,4,4,0,0,4,4,0.0000
4,180.0000,29,16,811.7783,-87.4215,-2.4637,3,0.0750,1.0000,8,8,8,0,0,8,8,0.0000
4,180.0000,29,18,596.4505,-86.3318,-0.9867,9,0.2250,1.0000,8,6,4,0,0,6,4,0.3333
4,180.0000,29,19,246.7285,-78.0015,0.3654,31,0.7750,0.5714,7,5,1,0,0,5,1,0.8000
4,180.0000,29,20,952.4769,-88.2729,-1.1440,3,0.0750,1.0000,6,8,8,0,0,8,8,0.0000
4,180.0000,29,25,146.7625,-69.0438,-1.3849,37,0.9250,0.2000,5,5,1,0,0,5,1,0.8000
4,180.0000,29,26,737.1972,-86.1526,-0.1475,8,0.2000,1.0000,6,8,8,0,0,8,8,0.0000
4,180.0000,29,27,491.7133,-82.1868,-0.4267,26,0.6500,0.7143,7,8,8,0,0,8,8,0.0000
4,180.0000,29,32,183.7334,-74.9991,0.6291,33,0.8250,0.5000,6,7,4,0,0,7,4,0.4286
4,180.0000,29,34,472.8992,-83.0581,0.5356,22,0.5500,0.8571,7,7,6,0,0,7,6,0.1429
4,180.0000,29,36,412.7594,-81.2113,-1.0472,26,0.6500,0.0000,4,5,4,0,0,5,4,0.2000
4,180.0000,29,39,606.9821,-85.1561,-0.7795,7,0.1750,1.0000,8,7,6,0,0,7,6,0.1429
4,180.0000,29,40,797.8400,-86.5990,0.5120,7,0.1750,1.0000,6,7,6,0,0,7,6,0.1429
4,180.0000,29,41,678.7236,-85.4227,0.7792,4,0.1000,1.0000,8,8,8,0,0,8,8,0.0000
4,180.0000,29,43,506.2437,-84.3577,-0.5189,12,0.3000,0.8750,8,8,8,0,0,8,8,0.0000
4,180.0000,29,44,947.4296,-87.8432,0.5958,3,0.0750,1.0000,4,8,8,0,0,8,8,0.0000
4,180.0000,29,45,941.6478,-88.3628,-0.4778,4,0.1000,1.0000,8,8,8,0,0,8,8,0.0000
4,180.0000,30,2,979.1000,-87.7765,-2.2070,3,0.0750,1.0000,4,4,4,0,0,4,4,0.0000
4,180.0000,30,3,632.6492,-85.6088,0.5165,5,0.1250,0.7143,7,8,8,0,0,8,8,0.0000
4,180.0000,30,4,944.2641,-87.7874,-1.3246,3,0.0750,1.0000,4,4,4,0,0,4,4,0.0000
4,180.0000,30,6,981.1169,-87.9679,3.6073,3,0.0750,1.0000,3,6,6,0,0,6,6,0.0000
4,180.0000,30,7,784.6532,-86.5350,1.1457,6,0.1500,0.8571,7,8,8,0,0,8,8,0.0000
4,180.0000,30,8,467.0244,-80.2286,-0.7689,15,0.3750,0.6667,6,7,6,0,0,7,6,0.1429
4,180.0000,30,9,744.5034,-86.3121,1.0231,4,0.1000,1.0000,8,8,8,0,0,8,8,0.0000
4,180.0000,30,10,204.0166,-77.3037,0.9976,28,0.7000,0.4286,7,5,2,0,0,5,2,0.6000
4,180.0000,30,11,1059.2280,-87.7985,0.3085,3,0.0750,1.0000,6,4,4,0,0,4,4,0.0000
4,180.0000,30,13,230.5422,-79.0986,0.5463,24,0.6000,0.4000,5,5,2,0,0,5,2,0.6000
4,180.0000,30,14,879.5184,-87.0172,0.2557,8,0.2000,1.0000,6,8,8,0,0,8,8,0.0000
4,180.0000,30,15,653.1530,-85.8382,-0.8141,7,0.1750,0.8750,8,8,8,0,0,8,8,0.0000
4,180.0000,30,16,610.0470,-86.0425,0.2909,9,0.2250,0.8571,7,8,8,0,0,8,8,0.0000
4,180.0000,30,17,967.6108,-87.5227,0.0755,4,0.1000,0.5000,2,4,4,0,0,4,4,0.0000
4,180.0000,30,18,966.2749,-87.8564,0.2360,4,0.1000,1.0000,10,8,8,0,0,8,8,0.0000
4,180.0000,30,21,946.1799,-88.3124,0.7151,4,0.1000,1.0000,2,2,2,0,0,2,2,0.0000
4,180.0000,30,22,999.2485,-89.3830,0.3878,3,0.0750,1.0000,6,4,4,0,0,4,4,0.0000
4,180.0000,30,23,474.1469,-83.2921,1.5510,10,0.2500,0.8571,7,6,3,0,0,6,3,0.5000
4,180.0000,30,26,710.7112,-85.5190,-0.1350,6,0.1500,1.0000,8,7,6,0,0,7,6,0.1429
4,180.0000,30,28,160.6890,-72.5109,0.2012,33,0.8250,0.2500,4,5,1,0,0,5,1,0.8000
4,180.0000,30,31,230.7298,-77.8112,0.6292,32,0.8000,0.5000,8,5,2,0,0,5,2,0.6000
4,180.0000,30,35,1042.3522,-88.1991,0.4693,5,0.1250,,0,2,2,0,0,2,2,0.0000
4,180.0000,30,37,420.3803,-81.7621,0.9685,12,0.3000,0.8571,7,6,4,0,0,6,4,0.3333
4,180.0000,30,38,554.7828,-83.6685,0.3086,7,0.1750,0.8571,7,7,6,0,0,7,6,0.1429
4,180.0000,30,39,656.1567,-85.4974,-1.3213,5,0.1250,1.0000,8,8,8,0,0,8,8,0.0000
4,180.0000,30,40,693.9515,-85.7772,0.5957,6,0.1500,1.0000,8,8,8,0,0,8,8,0.0000
4,180.0000,30,41,646.5233,-86.7944,-1.1549,4,0.1000,1.0000,8,8,8,0,0,8,8,0.0000
4,180.0000,30,44,364.5242,-80.4049,1.1192,19,0.4750,0.4000,5,6,2,0,0,6,2,0.6667
4,180.0000,30,46,287.8592,-78.8887,0.0926,31,0.7750,0.5714,7,7,6,0,0,7,6,0.1429
4,180.0000,30,47,358.5455,-79.8348,-0.3591,21,0.5250,0.6000,5,9,7,0,0,9,7,0.2222
4,180.0000,31,3,678.6701,-85.0913,-0.0538,4,0.1000,1.0000,8,7,6,0,0,7,6,0.1429
4,180.0000,31,7,725.3418,-87.3190,1.2121,5,0.1250,0.5000,6,8,8,0,0,8,8,0.0000
4,180.0000,31,8,501.6528,-83.6496,1.0787,7,0.1750,0.8750,8,8,8,0,0,8,8,0.0000
4,180.0000,31,9,619.0336,-83.3332,-0.0407,7,0.1750,1.0000,8,8,8,0,0,8,8,0.0000
4,180.0000,31,10,159.7687,-71.8390,-0.4657,26,0.6500,0.0000,4,7,3,0,0,7,3,0.5714
4,180.0000,31,12,861.7441,-87.9329,-0.7807,4,0.1000,1.0000,6,7,6,0,0,7,6,0.1429
4,180.0000,31,13,11.5221,-63.9277,4.8056,31,0.7750,0.2526,95,4,0,80,9,84,9,0.8929
4,180.0000,31,14,1023.8916,-89.0443,0.2899,3,0.0750,1.0000,4,6,6,0,0,6,6,0.0000
4,180.0000,31,15,775.0488,-87.2000,1.3660,3,0.0750,1.0000,8,8,8,0,0,8,8,0.0000
4,180.0000,31,16,577.9510,-84.8909,-0.5823,8,0.2000,1.0000,8,8,8,0,0,8,8,0.0000
4,180.0000,31,18,750.7364,-86.5447,-0.8446,8,0.2000,1.0000,6,8,7,0,0,8,7,0.1250
4,180.0000,31,19,774.0088,-87.0765,0.6274,3,0.0750,1.0000,8,6,6,0,0,6,6,0.0000
4,180.0000,31,20,742.6648,-87.6768,-1.1170,3,0.0750,1.0000,8,6,6,0,0,6,6,0.0000
4,180.0000,31,23,524.0783,-84.3722,0.2724,8,0.2000,1.0000,8,8,7,0,0,8,7,0.1250
4,180.0000,31,26,519.7999,-84.3356,0.6003,13,0.3250,0.7500,8,7,6,0,0,7,6,0.1429
4,180.0000,31,28,113.3072,-72.2266,0.8896,33,0.8250,0.0000,4,4,0,0,0,4,0,1.0000
4,180.0000,31,30,230.7298,-77.9607,0.2725,27,0.6750,0.0000,4,7,3,0,0,7,3,0.5714
4,180.0000,31,32,954.6212,-87.0654,-0.1766,3,0.0750,1.0000,6,8,8,0,0,8,8,0.0000
4,180.0000,31,37,470.5357,-84.2432,0.3519,6,0.1500,1.0000,8,6,3,0,0,6,3,0.5000
4,180.0000,31,38,646.0900,-86.4860,0.2540,6,0.1500,1.0000,8,7,6,0,0,7,6,0.1429
4,180.0000,31,39,538.8005,-86.5205,1.7676,6,0.1500,1.0000,8,7,6,0,0,7,6,0.1429
4,180.0000,31,40,540.3055,-85.2183,-0.9326,9,0.2250,0.8571,7,6,6,0,0,6,6,0.0000
4,180.0000,31,41,579.0192,-85.4211,0.2428,8,0.2000,1.0000,8,8,8,0,0,8,8,0.0000
4,180.0000,31,43,770.7940,-87.4825,-0.0036,6,0.1500,1.0000,4,8,7,0,0,8,7,0.1250
4,180.0000,31,44,202.7654,-73.5057,-0.5701,33,0.8250,0.3333,6,5,1,0,0,5,1,0.8000
4,180.0000,31,46,412.9283,-83.2781,0.8576,11,0.2750,0.6667,6,6,5,0,0,6,5,0.1667
4,180.0000,31,47,431.5146,-81.3034,0.7633,11,0.2750,0.8571,7,8,6,0,0,8,6,0.2500
4,180.0000,32,0,731.0660,-86.4225,-0.5087,9,0.2250,1.0000,8,6,4,0,0,6,4,0.3333
4,180.0000,32,1,253.6232,-78.1603,0.2292,36,0.9000,0.2000,5,4,0,0,0,4,0,1.0000
4,180.0000,32,5,160.0443,-76.3588,1.4198,35,0.8750,0.0000,4,3,0,0,0,3,0,1.0000
4,180.0000,32,7,885.6978,-87.8277,-0.0142,3,0.0750,1.0000,8,4,4,0,0,4,4,0.0000
4,180.0000,32,8,933.5209,-88.2800,1.9248,3,0.0750,1.0000,2,4,4,0,0,4,4,0.0000
4,180.0000,32,9,456.6105,-83.3744,-0.2888,10,0.2500,1.0000,8,8,8,0,0,8,8,0.0000
4,180.0000,32,12,589.6825,-84.2294,0.5060,17,0.4250,0.8571,7,8,8,0,0,8,8,0.0000
4,180.0000,32,13,955.1628,-87.6028,0.6907,3,0.0750,1.0000,8,2,2,0,0,2,2,0.0000
4,180.0000,32,16,846.4659,-86.8231,-1.7262,3,0.0750,1.0000,8,8,8,0,0,8,8,0.0000
4,180.0000,32,18,457.7875,-83.7286,0.5501,12,0.3000,0.7143,7,8,8,0,0,8,8,0.0000
4,180.0000,32,19,259.4168,-77.3203,-0.0160,29,0.7250,0.3333,6,7,5,0,0,7,5,0.2857
4,180.0000,32,21,817.2629,-87.2691,3.0275,5,0.1250,1.0000,8,8,8,0,0,8,8,0.0000
4,180.0000,32,22,1038.4598,-87.5750,-0.6205,4,0.1000,1.0000,6,2,2,0,0,2,2,0.0000
4,180.0000,32,23,951.9661,-88.5295,1.0750,3,0.0750,1.0000,8,8,8,0,0,8,8,0.0000
4,180.0000,32,25,187.3855,-76.6785,0.4926,38,0.9500,0.3333,6,4,0,0,0,4,0,1.0000
4,180.0000,32,26,599.9254,-84.1879,-1.4845,7,0.1750,1.0000,8,8,7,0,0,8,7,0.1250
4,180.0000,32,27,420.7958,-82.0032,-0.5378,25,0.6250,0.4000,5,4,0,0,0,4,0,1.0000
4,180.0000,32,29,183.7334,-74.9793,0.6274,37,0.9250,0.0000,4,5,1,0,0,5,1,0.8000
4,180.0000,32,30,1133.1156,-87.9764,-0.1463,3,0.0750,1.0000,6,2,2,0,0,2,2,0.0000
4,180.0000,32,34,329.1810,-81.2199,0.5454,30,0.7500,0.8571,7,6,4,0,0,6,4,0.3333
4,180.0000,32,36,359.0433,-80.6582,0.2105,30,0.7500,0.6667,6,5,2,0,0,5,2,0.6000
4,180.0000,32,39,630.5831,-85.4118,0.2381,7,0.1750,0.8571,7,8,8,0,0,8,8,0.0000
4,180.0000,32,40,653.7047,-84.5109,-0.1571,7,0.1750,1.0000,8,7,6,0,0,7,6,0.1429
4,180.0000,32,41,701.1551,-84.5745,-0.5142,6,0.1500,0.8571,7,8,8,0,0,8,8,0.0000
4,180.0000,32,43,550.7240,-83.4706,0.6831,12,0.3000,0.7143,7,8,8,0,0,8,8,0.0000
4,180.0000,32,44,853.4053,-84.3627,-1.5764,3,0.0750,1.0000,8,8,8,0,0,8,8,0.0000
4,180.0000,32,45,758.3751,-85.7900,0.0947,8,0.2000,0.8571,7,8,8,0,0,8,8,0.0000
4,180.0000,33,2,547.1696,-85.1834,-0.5085,18,0.4500,0.8571,7,8,8,0,0,8,8,0.0000
4,180.0000,33,3,375.4617,-81.5869,0.0725,14,0.3500,0.7500,8,6,3,0,0,6,3,0.5000
4,180.0000,33,4,816.5841,-87.2761,0.7277,7,0.1750,1.0000,4,8,8,0,0,8,8,0.0000
4,180.0000,33,6,295.7082,-78.6879,-0.4090,29,0.7250,0.5000,6,6,3,0,0,6,3,0.5000
4,180.0000,33,7,516.6829,-84.4878,0.6461,10,0.2500,0.8000,5,7,4,0,0,7,4,0.4286
4,180.0000,33,8,643.4377,-86.2227,-0.3202,6,0.1500,0.8571,7,8,8,0,0,8,8,0.0000
4,180.0000,33,9,942.8284,-87.9014,0.4618,5,0.1250,1.0000,6,4,4,0,0,4,4,0.0000
4,180.0000,33,10,898.9459,-88.5515,-2.3156,3,0.0750,1.0000,4,6,6,0,0,6,6,0.0000
4,180.0000,33,11,960.1125,-88.0770,0.1906,5,0.1250,1.0000,10,7,6,0,0,7,6,0.1429
4,180.0000,33,14,808.6092,-88.1030,0.3086,5,0.1250,1.0000,4,8,8,0,0,8,8,0.0000
4,180.0000,33,15,623.2888,-86.2067,0.0368,9,0.2250,1.0000,8,8,8,0,0,8,8,0.0000
4,180.0000,33,16,554.5575,-85.3121,1.2856,9,0.2250,1.0000,8,8,7,0,0,8,7,0.1250
4,180.0000,33,17,956.7213,-87.5553,-0.9910,4,0.1000,1.0000,6,6,6,0,0,6,6,0.0000
4,180.0000,33,20,367.0166,-81.1088,0.3936,14,0.3500,0.6667,6,7,5,0,0,7,5,0.2857
4,180.0000,33,22,424.0641,-81.3324,-0.2550,16,0.4000,0.8571,7,6,5,0,0,6,5,0.1667
4,180.0000,33,23,671.1101,-86.4571,0.3146,6,0.1500,1.0000,8,8,8,0,0,8,8,0.0000
4,180.0000,33,24,323.0644,-79.8912,0.3906,28,0.7000,0.5714,7,5,2,0,0,5,2,0.6000
4,180.0000,33,30,996.0309,-89.2330,0.6414,3,0.0750,1.0000,2,6,6,0,0,6,6,0.0000
4,180.0000,33,31,1052.0403,-88.5162,-0.0134,4,0.1000,1.0000,4,2,2,0,0,2,2,0.0000
4,180.0000,33,35,763.0356,-87.7901,-0.5707,6,0.1500,1.0000,4,8,7,0,0,8,7,0.1250
4,180.0000,33,37,632.0611,-86.1360,0.7045,8,0.2000,0.8571,7,8,8,0,0,8,8,0.0000
4,180.0000,33,38,489.6506,-84.9981,0.0683,12,0.3000,1.0000,8,7,5,0,0,7,5,0.2857
4,180.0000,33,39,768.9130,-86.7302,-1.0001,3,0.0750,1.0000,8,8,8,0,0,8,8,0.0000
4,180.0000,33,41,681.6167,-85.9794,0.3248,9,0.2250,1.0000,8,8,7,0,0,8,7,0.1250
4,180.0000,33,42,551.4308,-83.8795,-0.2092,21,0.5250,1.0000,8,6,3,0,0,6,3,0.5000
4,180.0000,33,43,798.8213,-86.3474,-0.6852,5,0.1250,1.0000,6,8,8,0,0,8,8,0.0000
4,180.0000,33,46,805.4191,-87.5857,0.5872,5,0.1250,1.0000,4,7,6,0,0,7,6,0.1429
4,180.0000,33,47,685.1293,-87.4032,-0.2889,8,0.2000,0.8571,7,8,7,0,0,8,7,0.1250
4,180.0000,34,0,460.4800,-81.6704,-0.9237,27,0.6750,0.5000,6,7,6,0,0,7,6,0.1429
4,180.0000,34,1,99.7759,-70.8430,1.8219,36,0.9000,0.2000,5,6,2,0,0,6,2,0.6667
4,180.0000,34,5,172.5313,-72.7000,-0.1806,33,0.8250,0.2000,5,5,2,0,0,5,2,0.6000
4,180.0000,34,9,718.3513,-86.6268,-0.7972,4,0.1000,1.0000,8,7,6,0,0,7,6,0.1429
4,180.0000,34,12,448.6155,-82.4311,0.0108,19,0.4750,0.4000,5,5,2,0,0,5,2,0.6000
4,180.0000,34,18,358.6907,-81.8094,0.7258,15,0.3750,0.8571,7,6,3,0,0,6,3,0.5000
4,180.0000,34,19,539.9629,-84.1834,0.5675,7,0.1750,1.0000,10,7,4,0,0,7,4,0.4286
4,180.0000,34,21,726.4986,-87.1376,1.9031,5,0.1250,0.8889,9,6,6,0,0,6,6,0.0000
4,180.0000,34,25,432.3751,-83.1265,0.4389,16,0.4000,0.8571,7,8,8,0,0,8,8,0.0000
4,180.0000,34,26,606.0622,-84.5709,-0.5289,8,0.2000,0.7500,8,8,8,0,0,8,8,0.0000
4,180.0000,34,27,392.1327,-81.2281,-0.7362,28,0.7000,0.5000,6,4,0,0,0,4,0,1.0000
4,180.0000,34,29,472.8992,-82.3837,0.4775,19,0.4750,0.5000,6,8,8,0,0,8,8,0.0000
4,180.0000,34,32,329.1810,-80.0162,1.1993,19,0.4750,0.5000,6,6,4,0,0,6,4,0.3333
4,180.0000,34,36,336.5003,-79.9432,-0.0862,26,0.6500,0.6250,8,4,1,0,0,4,1,0.7500
4,180.0000,34,40,678.7217,-86.3703,-0.5285,3,0.0750,1.0000,8,6,4,0,0,6,4,0.3333
4,180.0000,34,43,859.6625,-87.4101,-1.2576,3,0.0750,1.0000,6,8,8,0,0,8,8,0.0000
4,180.0000,34,45,578.5592,-84.2710,0.1909,16,0.4000,1.0000,8,7,6,0,0,7,6,0.1429
4,180.0000,35,2,360.3331,-79.2881,-0.5313,27,0.6750,0.5000,6,8,6,0,0,8,6,0.2500
4,180.0000,35,4,392.2263,-82.1696,-0.5653,23,0.5750,0.7143,7,5,1,0,0,5,1,0.8000
4,180.0000,35,6,555.0681,-83.5430,-1.1727,8,0.2000,1.0000,8,8,8,0,0,8,8,0.0000
4,180.0000,35,11,229.3480,-77.5363,0.3609,34,0.8500,0.0000,4,4,0,0,0,4,0,1.0000
4,180.0000,35,14,204.0949,-78.4915,1.4980,27,0.6750,0.2000,5,4,0,0,0,4,0,1.0000
4,180.0000,35,15,414.8116,-80.5524,-0.3601,19,0.4750,0.6667,6,7,6,0,0,7,6,0.1429
4,180.0000,35,17,445.7968,-82.8434,-0.2494,22,0.5500,0.9000,10,6,3,0,0,6,3,0.5000
4,180.0000,35,24,624.6578,-84.5328,-1.0499,10,0.2500,1.0000,8,8,8,0,0,8,8,0.0000
4,180.0000,35,37,766.0567,-86.5391,0.2158,3,0.0750,1.0000,8,8,8,0,0,8,8,0.0000
4,180.0000,35,38,620.1591,-84.9846,-0.9891,4,0.1000,0.8750,8,8,8,0,0,8,8,0.0000
4,180.0000,35,42,771.0197,-85.4297,-0.4205,8,0.2000,1.0000,8,8,8,0,0,8,8,0.0000
4,180.0000,35,46,774.8340,-87.9219,0.0412,3,0.0750,0.8571,7,8,8,0,0,8,8,0.0000
4,180.0000,36,0,649.3772,-85.4804,0.3564,14,0.3500,0.6667,6,6,4,0,0,6,4,0.3333
4,180.0000,36,1,263.0402,-79.3294,0.9535,27,0.6750,0.4000,5,3,0,0,0,3,0,1.0000
4,180.0000,36,5,299.3972,-79.9868,-0.3004,24,0.6000,0.5000,6,5,2,0,0,5,2,0.6000
4,180.0000,36,12,730.6208,-87.0743,-0.1761,10,0.2500,0.8571,7,8,8,0,0,8,8,0.0000
4,180.0000,36,18,669.0832,-89.4688,0.3234,3,0.0750,0.8571,7,8,8,0,0,8,8,0.0000
4,180.0000,36,19,607.2645,-85.3182,-2.8894,4,0.1000,1.0000,8,7,6,0,0,7,6,0.1429
4,180.0000,36,25,290.3295,-79.0791,-0.2758,29,0.7250,0.2000,5,4,0,0,0,4,0,1.0000
4,180.0000,36,26,877.2913,-87.5964,-0.2359,3,0.0750,1.0000,8,8,8,0,0,8,8,0.0000
4,180.0000,36,27,120.8692,-70.7592,0.2740,36,0.9000,0.0000,5,4,0,0,0,4,0,1.0000
4,180.0000,36,29,412.7594,-79.5174,-1.2867,24,0.6000,0.6667,6,7,6,0,0,7,6,0.1429
4,180.0000,36,32,359.0433,-81.7407,1.1113,14,0.3500,0.8571,7,5,2,0,0,5,2,0.6000
4,180.0000,36,34,336.5003,-81.5066,-0.3399,22,0.5500,0.3333,6,5,2,0,0,5,2,0.6000
4,180.0000,36,43,872.0419,-86.4999,-0.4474,3,0.0750,1.0000,8,8,8,0,0,8,8,0.0000
4,180.0000,36,45,829.5168,-86.2963,0.6225,4,0.1000,1.0000,8,7,6,0,0,7,6,0.1429
4,180.0000,37,2,711.2082,-85.5287,-0.2412,10,0.2500,1.0000,6,8,8,0,0,8,8,0.0000
4,180.0000,37,3,301.2955,-78.2560,0.1650,26,0.6500,0.6000,5,7,6,0,0,7,6,0.1429
4,180.0000,37,4,787.8146,-86.3487,0.8985,8,0.2000,0.8571,7,6,6,0,0,6,6,0.0000
4,180.0000,37,6,575.4436,-85.4982,-1.0887,13,0.3250,0.8750,8,8,8,0,0,8,8,0.0000
4,180.0000,37,7,459.8491,-80.4032,-1.2990,15,0.3750,0.5000,6,7,6,0,0,7,6,0.1429
4,180.0000,37,8,372.6685,-79.8331,-0.3681,18,0.4500,0.5000,6,6,3,0,0,6,3,0.5000
4,180.0000,37,9,721.2177,-85.3667,-0.9212,6,0.1500,0.7143,7,8,8,0,0,8,8,0.0000
4,180.0000,37,10,341.2743,-81.0199,0.7483,16,0.4000,0.8750,8,7,6,0,0,7,6,0.1429
4,180.0000,37,11,864.5453,-86.5930,0.1073,7,0.1750,1.0000,6,6,6,0,0,6,6,0.0000
4,180.0000,37,13,460.4795,-82.3816,-0.5688,15,0.3750,0.8889,9,8,8,0,0,8,8,0.0000
4,180.0000,37,14,643.4864,-86.0446,0.1857,9,0.2250,1.0000,8,6,4,0,0,6,4,0.3333
4,180.0000,37,15,356.0687,-82.0364,0.3755,23,0.5750,0.7500,8,6,4,0,0,6,4,0.3333
4,180.0000,37,16,374.2393,-80.7842,-0.4190,17,0.4250,0.5000,6,6,2,0,0,6,2,0.6667
4,180.0000,37,17,858.1051,-87.0042,0.5809,8,0.2000,,0,4,4,0,0,4,4,0.0000
4,180.0000,37,19,887.1162,-86.4901,-0.8012,5,0.1250,0.8750,8,2,2,0,0,2,2,0.0000
4,180.0000,37,20,432.8257,-83.0702,0.1330,14,0.3500,0.7143,7,8,8,0,0,8,8,0.0000
4,180.0000,37,22,750.2059,-87.4977,2.2164,3,0.0750,1.0000,4,8,8,0,0,8,8,0.0000
4,180.0000,37,23,421.0115,-81.9676,0.3369,19,0.4750,0.8571,7,7,5,0,0,7,5,0.2857
4,180.0000,37,24,803.8107,-85.9321,-0.8004,14,0.3500,0.8571,7,8,7,0,0,8,7,0.1250
4,180.0000,37,28,374.3032,-80.4271,0.3087,18,0.4500,0.0000,4,7,6,0,0,7,6,0.1429
4,180.0000,37,30,420.3803,-81.6403,-0.3593,17,0.4250,0.8750,8,8,7,0,0,8,7,0.1250
4,180.0000,37,31,470.5357,-82.7558,0.1070,14,0.3500,0.8571,7,8,7,0,0,8,7,0.1250
4,180.0000,37,33,632.0611,-85.6037,-0.6572,13,0.3250,0.8750,8,8,8,0,0,8,8,0.0000
4,180.0000,37,35,766.0567,-86.8456,-0.0359,12,0.3000,1.0000,2,6,6,0,0,6,6,0.0000
4,180.0000,37,38,190.4892,-72.9041,-0.5404,35,0.8750,0.0000,4,6,2,0,0,6,2,0.6667
4,180.0000,37,39,515.7185,-82.6759,0.7523,11,0.2750,1.0000,8,8,8,0,0,8,8,0.0000
4,180.0000,37,41,501.8465,-83.0766,-0.2558,11,0.2750,0.8571,7,7,6,0,0,7,6,0.1429
4,180.0000,37,43,739.7613,-86.3249,-0.6771,3,0.0750,1.0000,8,8,8,0,0,8,8,0.0000
4,180.0000,37,44,643.3740,-87.3250,-0.7353,7,0.1750,0.8571,7,8,8,0,0,8,8,0.0000
4,180.0000,37,46,211.5045,-77.7864,0.5714,28,0.7000,0.7500,8,5,1,0,0,5,1,0.8000
4,180.0000,37,47,69.8860,-69.2409,2.0060,33,0.8250,0.3333,6,4,0,0,0,4,0,1.0000
4,180.0000,38,2,526.5059,-84.4307,0.8778,16,0.4000,1.0000,8,7,5,0,0,7,5,0.2857
4,180.0000,38,3,235.0618,-77.3056,0.2115,32,0.8000,0.2000,5,4,0,0,0,4,0,1.0000
4,180.0000,38,4,638.9416,-86.0091,0.8707,14,0.3500,0.8000,5,2,2,0,0,2,2,0.0000
4,180.0000,38,6,430.2794,-82.3806,0.0987,24,0.6000,0.7143,7,8,7,0,0,8,7,0.1250
4,180.0000,38,7,494.6789,-82.6704,-0.7171,23,0.5750,0.7143,7,7,6,0,0,7,6,0.1429
4,180.0000,38,8,419.5756,-81.2762,-1.5574,21,0.5250,0.6667,6,7,6,0,0,7,6,0.1429
4,180.0000,38,9,827.0947,-87.6408,-0.3706,7,0.1750,1.0000,8,8,8,0,0,8,8,0.0000
4,180.0000,38,10,505.1498,-84.4225,0.3304,13,0.3250,0.7143,7,8,7,0,0,8,7,0.1250
4,180.0000,38,11,741.7211,-86.6663,0.0858,15,0.3750,1.0000,8,5,2,0,0,5,2,0.6000
4,180.0000,38,13,636.8721,-85.5262,-0.3313,13,0.3250,0.8571,7,8,8,0,0,8,8,0.0000
4,180.0000,38,14,533.2814,-83.2145,1.0762,20,0.5000,0.5714,7,8,7,0,0,8,7,0.1250
4,180.0000,38,15,246.4963,-79.2130,0.6928,28,0.7000,0.6667,6,5,2,0,0,5,2,0.6000
4,180.0000,38,16,426.7225,-82.1480,-0.2865,18,0.4500,0.8571,7,8,7,0,0,8,7,0.1250
4,180.0000,38,17,730.2642,-86.3194,-0.4648,10,0.2500,1.0000,4,8,6,0,0,8,6,0.2500
4,180.0000,38,19,1004.0777,-89.0592,-0.2122,3,0.0750,1.0000,8,4,4,0,0,4,4,0.0000
4,180.0000,38,20,388.6750,-80.8383,0.0054,24,0.6000,0.8571,7,8,8,0,0,8,8,0.0000
4,180.0000,38,22,684.4586,-86.2544,0.4926,12,0.3000,1.0000,4,8,8,0,0,8,8,0.0000
4,180.0000,38,23,457.5333,-83.6450,-0.0886,17,0.4250,0.7143,7,7,5,0,0,7,5,0.2857
4,180.0000,38,24,642.5094,-85.7348,0.3083,19,0.4750,0.4000,5,6,4,0,0,6,4,0.3333
4,180.0000,38,28,545.6505,-83.9109,0.6919,15,0.3750,0.6667,6,6,4,0,0,6,4,0.3333
4,180.0000,38,30,554.7828,-83.0393,-0.1458,17,0.4250,1.0000,10,4,2,0,0,4,2,0.5000
4,180.0000,38,31,646.0900,-85.5220,-0.6491,10,0.2500,0.7143,7,8,8,0,0,8,8,0.0000
4,180.0000,38,33,489.6506,-83.2741,0.1514,21,0.5250,0.8889,9,8,6,0,0,8,6,0.2500
4,180.0000,38,35,620.1591,-85.7993,0.3808,14,0.3500,0.8000,5,8,6,0,0,8,6,0.2500
4,180.0000,38,37,190.4892,-73.5574,-0.6905,34,0.8500,0.0000,4,5,2,0,0,5,2,0.6000
4,180.0000,38,39,625.9304,-84.0390,-1.0541,13,0.3250,0.8571,7,8,8,0,0,8,8,0.0000
4,180.0000,38,40,1084.2215,-87.5040,-0.0097,4,0.1000,1.0000,6,2,2,0,0,2,2,0.0000
4,180.0000,38,41,575.9369,-84.3449,-0.3239,11,0.2750,0.8750,8,8,8,0,0,8,8,0.0000
4,180.0000,38,42,911.5729,-87.9153,0.0216,4,0.1000,1.0000,4,6,5,0,0,6,5,0.1667
4,180.0000,38,43,800.6754,-87.2176,-0.3853,8,0.2000,0.8333,6,5,4,0,0,5,4,0.2000
4,180.0000,38,44,809.0618,-86.6159,0.5716,8,0.2000,1.0000,4,8,8,0,0,8,8,0.0000
4,180.0000,38,46,320.5942,-78.7218,-0.4425,28,0.7000,1.0000,8,8,8,0,0,8,8,0.0000
4,180.0000,38,47,222.5958,-76.6818,0.0062,32,0.8000,0.7143,7,6,3,0,0,6,3,0.5000
4,180.0000,39,1,846.8278,-86.7607,-0.3805,9,0.2250,0.8571,7,4,4,0,0,4,4,0.0000
4,180.0000,39,3,480.1464,-82.0007,0.0578,14,0.3500,0.8571,7,8,8,0,0,8,8,0.0000
4,180.0000,39,5,746.6002,-87.2983,0.0453,6,0.1500,1.0000,4,6,6,0,0,6,6,0.0000
4,180.0000,39,6,850.3574,-88.8793,-0.2806,7,0.1750,1.0000,8,8,8,0,0,8,8,0.0000
4,180.0000,39,7,319.7873,-76.7372,-1.6388,26,0.6500,0.0000,4,7,6,0,0,7,6,0.1429
4,180.0000,39,8,387.2161,-81.7161,0.7856,15,0.3750,0.6667,6,8,8,0,0,8,8,0.0000
4,180.0000,39,9,257.6516,-77.8110,-0.0523,28,0.7000,0.5000,6,4,0,0,0,4,0,1.0000
4,180.0000,39,10,455.6413,-83.4435,-0.5232,10,0.2500,0.7143,7,6,4,64,60,70,64,0.0857
4,180.0000,39,12,896.2482,-87.6318,0.3661,4,0.1000,1.0000,4,8,8,0,0,8,8,0.0000
4,180.0000,39,13,533.0008,-83.5729,0.0300,14,0.3500,1.0000,8,6,5,0,0,6,5,0.1667
4,180.0000,39,15,851.7335,-88.1378,-0.0490,5,0.1250,1.0000,6,4,4,0,0,4,4,0.0000
4,180.0000,39,16,238.9299,-72.8429,-1.0293,26,0.6500,0.3333,6,7,5,0,0,7,5,0.2857
4,180.0000,39,18,711.0451,-87.7217,0.8255,7,0.1750,1.0000,4,8,8,0,0,8,8,0.0000
4,180.0000,39,19,378.2399,-80.5050,-0.0567,16,0.4000,0.8750,8,6,4,0,0,6,4,0.3333
4,180.0000,39,20,433.3955,-82.1957,0.1153,19,0.4750,0.8750,8,7,6,0,0,7,6,0.1429
4,180.0000,39,22,619.5675,-84.1389,0.6927,14,0.3500,1.0000,8,7,6,0,0,7,6,0.1429
4,180.0000,39,23,434.8465,-81.7966,-0.4687,18,0.4500,0.7143,7,8,8,0,0,8,8,0.0000
4,180.0000,39,25,729.8754,-87.8450,0.4227,6,0.1500,0.6667,3,8,7,0,0,8,7,0.1250
4,180.0000,39,26,626.8355,-86.2994,-0.3129,10,0.2500,0.8889,9,6,6,0,0,6,6,0.0000
4,180.0000,39,28,546.9700,-85.6024,0.5703,9,0.2250,0.8571,7,8,7,0,0,8,7,0.1250
4,180.0000,39,29,606.9821,-85.5173,0.2453,12,0.3000,0.6667,6,8,8,0,0,8,8,0.0000
4,180.0000,39,30,656.1567,-86.1006,1.0745,8,0.2000,1.0000,8,7,6,0,0,7,6,0.1429
4,180.0000,39,31,538.8005,-85.4180,-0.0563,9,0.2250,1.0000,8,7,5,0,0,7,5,0.2857
4,180.0000,39,32,630.5831,-85.7736,0.1752,13,0.3250,0.7143,7,8,8,0,0,8,8,0.0000
4,180.0000,39,33,768.9130,-86.1796,-0.5489,7,0.1750,1.0000,8,2,2,0,0,2,2,0.0000
4,180.0000,39,36,984.2563,-88.7316,0.3831,4,0.1000,1.0000,6,4,4,0,0,4,4,0.0000
4,180.0000,39,37,515.7185,-80.7185,-0.8990,14,0.3500,0.4286,7,8,8,0,0,8,8,0.0000
4,180.0000,39,38,625.9304,-85.5250,-0.5365,12,0.3000,0.8000,10,8,8,0,0,8,8,0.0000
4,180.0000,39,40,668.6460,-86.5257,0.2515,11,0.2750,1.0000,2,8,8,0,0,8,8,0.0000
4,180.0000,39,41,157.0532,-71.8808,-0.5295,32,0.8000,0.2000,5,5,2,0,0,5,2,0.6000
4,180.0000,39,43,292.1604,-79.9982,1.3357,21,0.5250,0.5000,6,7,5,0,0,7,5,0.2857
4,180.0000,39,44,572.4618,-85.8364,1.2815,11,0.2750,0.6667,6,5,4,0,0,5,4,0.2000
4,180.0000,39,46,663.4452,-85.6863,0.7916,6,0.1500,0.6667,6,8,7,0,0,8,7,0.1250
4,180.0000,39,47,547.5596,-82.9233,-0.8912,13,0.3250,0.8571,7,7,5,0,0,7,5,0.2857
4,180.0000,40,0,773.0687,-86.7955,0.1741,8,0.2000,1.0000,8,7,6,0,0,7,6,0.1429
4,180.0000,40,1,689.6534,-85.7213,-0.2536,5,0.1250,1.0000,8,7,6,0,0,7,6,0.1429
4,180.0000,40,5,663.6593,-86.1952,0.6243,7,0.1750,0.8571,7,7,6,0,0,7,6,0.1429
4,180.0000,40,8,750.5498,-86.1160,0.7374,5,0.1250,1.0000,8,8,8,0,0,8,8,0.0000
4,180.0000,40,9,525.0054,-84.7135,2.2892,5,0.1250,0.8571,7,7,6,0,0,7,6,0.1429
4,180.0000,40,10,609.5518,-84.0469,-0.1881,8,0.2000,0.7143,7,5,4,0,0,5,4,0.2000
4,180.0000,40,12,356.7333,-82.9726,0.9428,20,0.5000,0.8750,8,7,4,40,19,47,23,0.5106
4,180.0000,40,13,548.3101,-83.5644,-0.3238,8,0.2000,1.0000,8,8,8,0,0,8,8,0.0000
4,180.0000,40,16,818.7425,-87.0222,-0.3268,3,0.0750,1.0000,8,8,8,0,0,8,8,0.0000
4,180.0000,40,18,427.9732,-81.5799,-0.0588,15,0.3750,1.0000,8,7,6,67,59,74,65,0.1216
4,180.0000,40,19,623.9131,-85.1337,-0.8098,5,0.1250,1.0000,8,7,6,0,0,7,6,0.1429
4,180.0000,40,21,316.2516,-78.8679,0.2419,28,0.7000,0.5000,6,6,3,0,0,6,3,0.5000
4,180.0000,40,23,747.9127,-86.2078,0.7601,4,0.1000,1.0000,8,7,6,0,0,7,6,0.1429
4,180.0000,40,26,149.5849,-74.5774,0.6421,33,0.8250,0.4000,5,5,1,0,0,5,1,0.8000
4,180.0000,40,28,641.0991,-85.0490,-0.1807,6,0.1500,1.0000,8,7,6,0,0,7,6,0.1429
4,180.0000,40,29,797.8400,-87.1493,-0.1002,3,0.0750,1.0000,8,8,8,0,0,8,8,0.0000
4,180.0000,40,30,693.9515,-85.7805,0.1437,4,0.1000,1.0000,8,8,8,0,0,8,8,0.0000
4,180.0000,40,31,540.3055,-85.2315,-0.3911,8,0.2000,0.8750,8,8,8,0,0,8,8,0.0000
4,180.0000,40,32,653.7047,-85.6201,0.3919,7,0.1750,1.0000,8,8,8,0,0,8,8,0.0000
4,180.0000,40,34,678.7217,-86.8483,0.3134,9,0.2250,1.0000,6,8,8,0,0,8,8,0.0000
4,180.0000,40,41,707.6007,-85.6083,0.0460,4,0.1000,1.0000,8,8,8,0,0,8,8,0.0000
4,180.0000,40,43,742.4573,-87.1576,-0.1087,5,0.1250,1.0000,8,7,6,0,0,7,6,0.1429
4,180.0000,40,44,346.2948,-80.8834,0.1437,12,0.3000,1.0000,8,6,4,0,0,6,4,0.3333
4,180.0000,40,45,508.9912,-83.8014,-0.4970,18,0.4500,0.7143,7,8,8,0,0,8,8,0.0000
4,180.0000,41,1,927.5689,-88.2568,0.3019,3,0.0750,1.0000,8,4,4,0,0,4,4,0.0000
4,180.0000,41,3,396.6513,-81.8404,-0.5509,15,0.3750,0.7143,7,7,6,0,0,7,6,0.1429
4,180.0000,41,5,831.6451,-86.9248,0.3922,10,0.2500,1.0000,4,8,8,0,0,8,8,0.0000
4,180.0000,41,6,805.4134,-88.2521,-0.8982,7,0.1750,1.0000,4,8,8,0,0,8,8,0.0000
4,180.0000,41,7,331.7635,-79.9435,-0.4117,25,0.6250,0.4000,5,8,6,0,0,8,6,0.2500
4,180.0000,41,8,276.2077,-80.7069,0.7669,20,0.5000,0.5000,6,6,3,0,0,6,3,0.5000
4,180.0000,41,9,271.0043,-75.5381,-0.9935,32,0.8000,0.2000,5,5,2,0,0,5,2,0.6000
4,180.0000,41,10,464.9467,-84.5496,0.7096,13,0.3250,0.8750,8,9,7,0,0,9,7,0.2222
4,180.0000,41,12,959.6466,-87.5884,-0.8130,5,0.1250,,0,6,6,0,0,6,6,0.0000
4,180.0000,41,13,573.9093,-85.2745,0.1443,12,0.3000,1.0000,8,8,8,0,0,8,8,0.0000
4,180.0000,41,15,817.2702,-88.5688,0.0275,9,0.2250,,0,6,6,0,0,6,6,0.0000
4,180.0000,41,16,158.8650,-72.1100,-0.0676,30,0.7500,0.0000,4,6,2,0,0,6,2,0.6667
4,180.0000,41,18,818.5822,-86.5495,-0.2826,11,0.2750,1.0000,6,7,6,0,0,7,6,0.1429
4,180.0000,41,19,464.7613,-82.2176,-0.0588,14,0.3500,0.8000,5,8,8,0,0,8,8,0.0000
4,180.0000,41,20,323.7884,-81.0418,-0.4322,22,0.5500,0.5000,6,8,7,0,0,8,7,0.1250
4,180.0000,41,22,491.9062,-84.0045,-0.1863,21,0.5250,0.4000,5,7,5,0,0,7,5,0.2857
4,180.0000,41,23,315.8182,-79.3052,0.3443,24,0.6000,0.0000,4,6,4,0,0,6,4,0.3333
4,180.0000,41,24,973.1408,-88.4688,0.5571,8,0.2000,1.0000,8,4,4,0,0,4,4,0.0000
4,180.0000,41,25,786.8941,-87.1866,-0.3737,12,0.3000,1.0000,8,8,8,0,0,8,8,0.0000
4,180.0000,41,26,697.8910,-86.7145,0.6072,6,0.1500,1.0000,8,4,4,0,0,4,4,0.0000
4,180.0000,41,28,571.0320,-85.7544,0.8593,10,0.2500,0.8571,7,8,7,0,0,8,7,0.1250
4,180.0000,41,29,678.7236,-86.2360,0.7279,10,0.2500,0.6000,5,8,8,0,0,8,8,0.0000
4,180.0000,41,30,646.5233,-85.6881,1.1615,8,0.2000,0.6667,6,7,6,0,0,7,6,0.1429
4,180.0000,41,31,579.0192,-86.1055,0.5466,13,0.3250,1.0000,8,7,6,0,0,7,6,0.1429
4,180.0000,41,32,701.1551,-85.1779,-0.4577,12,0.3000,1.0000,8,8,8,0,0,8,8,0.0000
4,180.0000,41,33,681.6167,-86.7301,-0.8736,8,0.2000,0.8571,7,8,7,0,0,8,7,0.1250
4,180.0000,41,34,971.6131,-88.0341,0.9528,3,0.0750,1.0000,4,4,4,0,0,4,4,0.0000
4,180.0000,41,37,501.8465,-82.5325,0.2510,16,0.4000,0.8571,7,8,8,0,0,8,8,0.0000
4,180.0000,41,38,575.9369,-86.0418,-0.0729,14,0.3500,1.0000,8,7,6,0,0,7,6,0.1429
4,180.0000,41,39,157.0532,-71.9963,-0.1728,35,0.8750,0.0000,4,4,0,24,7,28,7,0.7500
4,180.0000,41,40,707.6007,-86.9680,-0.9714,7,0.1750,1.0000,8,8,8,0,0,8,8,0.0000
4,180.0000,41,43,240.0586,-77.5768,0.8260,28,0.7000,0.3333,6,7,2,0,0,7,2,0.7143
4,180.0000,41,44,610.0080,-85.5347,0.9925,13,0.3250,1.0000,8,7,6,0,0,7,6,0.1429
4,180.0000,41,46,651.4902,-86.9747,-0.0890,10,0.2500,0.8571,7,7,6,0,0,7,6,0.1429
4,180.0000,41,47,531.6886,-84.7146,-0.0797,12,0.3000,0.6667,6,8,8,0,0,8,8,0.0000
4,180.0000,42,2,571.0581,-84.7766,0.1511,9,0.2250,1.0000,8,8,6,0,0,8,6,0.2500
4,180.0000,42,4,840.2312,-88.6346,-0.1955,3,0.0750,1.0000,6,8,8,0,0,8,8,0.0000
4,180.0000,42,6,596.6462,-84.8540,-0.5079,11,0.2750,0.8571,7,7,6,0,0,7,6,0.1429
4,180.0000,42,11,958.3518,-85.7829,0.4391,3,0.0750,1.0000,8,6,6,0,0,6,6,0.0000
4,180.0000,42,17,977.1323,-86.8895,-0.5240,3,0.0750,1.0000,4,4,4,0,0,4,4,0.0000
4,180.0000,42,20,903.7694,-88.0997,1.4913,3,0.0750,1.0000,8,8,8,0,0,8,8,0.0000
4,180.0000,42,22,875.4510,-88.3830,-0.1591,3,0.0750,0.8750,8,8,8,0,0,8,8,0.0000
4,180.0000,42,24,374.9243,-80.5543,0.6501,17,0.4250,0.8571,7,5,2,0,0,5,2,0.6000
4,180.0000,42,33,551.4308,-83.3648,-1.3052,13,0.3250,0.5714,7,8,7,0,0,8,7,0.1250
4,180.0000,42,35,771.0197,-86.7479,-0.8319,8,0.2000,1.0000,8,8,8,0,0,8,8,0.0000
4,180.0000,43,1,796.1944,-86.3895,-0.9073,6,0.1500,0.8571,7,4,4,0,0,4,4,0.0000
4,180.0000,43,3,595.9223,-86.1060,-0.3768,5,0.1250,1.0000,8,7,6,0,0,7,6,0.1429
4,180.0000,43,5,701.9012,-86.9879,0.3148,7,0.1750,1.0000,8,8,7,0,0,8,7,0.1250
4,180.0000,43,6,967.6378,-89.2442,-0.2522,3,0.0750,1.0000,2,6,5,0,0,6,5,0.1667
4,180.0000,43,7,464.7871,-82.5797,-0.0627,10,0.2500,0.7143,7,7,5,0,0,7,5,0.2857
4,180.0000,43,8,483.5260,-87.9534,-0.4094,3,0.0750,0.8750,8,6,4,0,0,6,4,0.3333
4,180.0000,43,9,221.9262,-77.7548,0.8862,22,0.5500,0.8571,7,6,3,0,0,6,3,0.5000
4,180.0000,43,10,679.2170,-86.2016,-0.2931,4,0.1000,0.8571,7,8,8,0,0,8,8,0.0000
4,180.0000,43,12,922.3859,-87.9300,0.7138,3,0.0750,,0,4,4,0,0,4,4,0.0000
4,180.0000,43,13,767.4760,-86.4684,-0.8855,3,0.0750,1.0000,8,6,6,0,0,6,6,0.0000
4,180.0000,43,16,377.1181,-79.9647,0.2667,11,0.2750,0.8750,8,8,5,0,0,8,5,0.3750
4,180.0000,43,18,797.8736,-88.3484,-3.0562,3,0.0750,1.0000,4,8,7,0,0,8,7,0.1250
4,180.0000,43,19,351.9735,-79.5107,-0.4594,25,0.6250,0.7143,7,7,6,0,0,7,6,0.1429
4,180.0000,43,20,479.5670,-84.0530,0.7312,8,0.2000,0.8750,8,8,7,0,0,8,7,0.1250
4,180.0000,43,22,497.1867,-82.3627,0.3651,13,0.3250,0.8750,8,8,8,0,0,8,8,0.0000
4,180.0000,43,23,503.7062,-83.4118,-0.1846,8,0.2000,1.0000,8,8,8,0,0,8,8,0.0000
4,180.0000,43,25,596.4654,-84.2531,-0.6170,15,0.3750,0.8750,8,8,8,0,0,8,8,0.0000
4,180.0000,43,26,736.0401,-86.7652,0.1178,3,0.0750,1.0000,8,8,8,0,0,8,8,0.0000
4,180.0000,43,27,911.1369,-86.7746,-0.2315,10,0.2500,1.0000,6,6,6,0,0,6,6,0.0000
4,180.0000,43,28,784.2360,-88.6366,-0.5523,4,0.1000,1.0000,2,8,8,0,0,8,8,0.0000
4,180.0000,43,29,506.2437,-83.4275,0.1791,12,0.3000,1.0000,8,7,5,0,0,7,5,0.2857
4,180.0000,43,30,860.5640,-88.6147,0.3759,3,0.0750,0.8750,8,8,7,0,0,8,7,0.1250
4,180.0000,43,32,550.7240,-83.0543,0.0736,11,0.2750,0.7143,7,8,7,0,0,8,7,0.1250
4,180.0000,43,33,798.8213,-87.8839,-0.4050,3,0.0750,1.0000,8,8,8,0,0,8,8,0.0000
4,180.0000,43,34,859.6625,-87.1025,-0.4353,4,0.1000,1.0000,4,8,8,0,0,8,8,0.0000
4,180.0000,43,37,739.7613,-86.4304,-0.8539,3,0.0750,1.0000,8,8,8,0,0,8,8,0.0000
4,180.0000,43,39,292.1604,-80.1588,0.7256,17,0.4250,0.5000,6,6,4,2,2,8,6,0.2500
4,180.0000,43,41,240.0586,-78.1257,1.0773,18,0.4500,0.8571,7,4,0,0,0,4,0,1.0000
4,180.0000,43,44,753.2436,-87.4968,0.6297,4,0.1000,0.8333,6,8,8,0,0,8,8,0.0000
4,180.0000,43,47,771.6135,-86.9621,0.7854,3,0.0750,1.0000,8,8,8,0,0,8,8,0.0000
4,180.0000,44,3,800.3969,-86.7431,-0.7984,5,0.1250,1.0000,8,6,6,0,0,6,6,0.0000
4,180.0000,44,5,892.1469,-86.4211,-0.3945,3,0.0750,1.0000,4,8,8,0,0,8,8,0.0000
4,180.0000,44,7,825.2508,-85.9375,-0.9576,6,0.1500,1.0000,8,8,7,0,0,8,7,0.1250
4,180.0000,44,8,566.6792,-83.0675,-1.1146,8,0.2000,1.0000,8,7,5,0,0,7,5,0.2857
4,180.0000,44,9,564.4361,-86.0241,-0.3840,6,0.1500,1.0000,8,8,7,0,0,8,7,0.1250
4,180.0000,44,10,304.7554,-75.5799,-1.9996,28,0.7000,0.2000,5,7,5,0,0,7,5,0.2857
4,180.0000,44,12,679.0405,-86.1079,0.9080,7,0.1750,1.0000,8,7,6,0,0,7,6,0.1429
4,180.0000,44,13,212.5143,-74.3347,-0.8913,29,0.7250,0.2000,5,5,2,0,0,5,2,0.6000
4,180.0000,44,16,658.2014,-85.7145,-1.5186,7,0.1750,1.0000,8,8,7,0,0,8,7,0.1250
4,180.0000,44,18,623.5614,-84.3763,-1.0257,11,0.2750,0.8571,7,7,6,0,0,7,6,0.1429
4,180.0000,44,19,717.4342,-85.6779,4.2073,3,0.0750,1.0000,8,8,7,0,0,8,7,0.1250
4,180.0000,44,21,608.8711,-85.1077,-0.2795,13,0.3250,0.8750,8,6,4,0,0,6,4,0.3333
4,180.0000,44,23,574.8625,-84.2648,0.0009,10,0.2500,0.8571,7,7,6,0,0,7,6,0.1429
4,180.0000,44,26,350.3915,-81.4408,0.3142,18,0.4500,0.6667,6,6,3,0,0,6,3,0.5000
4,180.0000,44,28,305.5116,-79.2574,-0.2111,28,0.7000,0.0000,4,7,4,0,0,7,4,0.4286
4,180.0000,44,30,364.5242,-79.5396,0.2691,18,0.4500,0.8750,8,8,6,0,0,8,6,0.2500
4,180.0000,44,31,202.7654,-74.1981,-0.7667,34,0.8500,0.2000,5,7,5,0,0,7,5,0.2857
4,180.0000,44,32,853.4053,-87.1449,0.4427,5,0.1250,1.0000,8,4,4,0,0,4,4,0.0000
4,180.0000,44,37,643.3740,-85.3620,-1.3203,6,0.1500,1.0000,8,8,8,0,0,8,8,0.0000
4,180.0000,44,38,809.0618,-85.9689,-1.2907,3,0.0750,1.0000,8,8,8,0,0,8,8,0.0000
4,180.0000,44,39,572.4618,-85.9356,0.2236,8,0.2000,1.0000,8,8,7,0,0,8,7,0.1250
4,180.0000,44,40,346.2948,-80.6211,-0.4296,24,0.6000,0.6667,6,7,5,0,0,7,5,0.2857
4,180.0000,44,41,610.0080,-86.0986,-0.8906,6,0.1500,0.6667,6,8,8,0,0,8,8,0.0000
4,180.0000,44,43,753.2436,-86.8228,1.7952,4,0.1000,1.0000,8,6,6,0,0,6,6,0.0000
4,180.0000,44,45,836.7246,-87.2977,-0.0278,3,0.0750,0.8333,6,8,8,0,0,8,8,0.0000
4,180.0000,44,46,599.1063,-85.1725,0.0020,10,0.2500,0.8750,8,6,5,0,0,6,5,0.1667
4,180.0000,44,47,608.5142,-84.4160,-0.5287,10,0.2500,0.8750,8,6,6,0,0,6,6,0.0000
4,180.0000,45,0,341.9443,-81.8276,0.7203,29,0.7250,0.6667,6,4,0,0,0,4,0,1.0000
4,180.0000,45,1,620.0913,-84.6499,-0.3553,15,0.3750,1.0000,8,7,6,0,0,7,6,0.1429
4,180.0000,45,5,676.8711,-84.8407,-0.5251,16,0.4000,0.8750,8,7,6,0,0,7,6,0.1429
4,180.0000,45,9,905.1812,-86.3925,-0.6178,3,0.0750,1.0000,8,8,8,0,0,8,8,0.0000
4,180.0000,45,12,213.7240,-73.1488,-1.8373,33,0.8250,0.0000,4,5,2,0,0,5,2,0.6000
4,180.0000,45,18,530.8553,-83.8715,-0.4504,15,0.3750,0.6250,8,6,6,0,0,6,6,0.0000
4,180.0000,45,21,282.1317,-79.5847,0.4218,32,0.8000,0.2000,5,4,0,0,0,4,0,1.0000
4,180.0000,45,25,904.2212,-87.1277,-0.0364,5,0.1250,1.0000,6,6,6,0,0,6,6,0.0000
4,180.0000,45,26,533.1992,-83.3087,-0.5410,18,0.4500,1.0000,8,8,8,0,0,8,8,0.0000
4,180.0000,45,27,808.0024,-88.3026,0.3740,6,0.1500,1.0000,8,8,8,0,0,8,8,0.0000
4,180.0000,45,32,758.3751,-86.0264,-0.3110,11,0.2750,0.7143,7,6,6,0,0,6,6,0.0000
4,180.0000,45,34,578.5592,-85.8770,-0.1693,16,0.4000,0.8571,7,7,6,0,0,7,6,0.1429
4,180.0000,45,36,829.5168,-86.6456,-0.5519,10,0.2500,1.0000,4,8,8,0,0,8,8,0.0000
4,180.0000,45,40,508.9912,-84.1665,-0.4989,16,0.4000,1.0000,8,7,6,0,0,7,6,0.1429
4,180.0000,45,44,836.7246,-87.2441,-0.4366,4,0.1000,1.0000,8,8,8,0,0,8,8,0.0000
4,180.0000,46,2,754.9014,-86.4874,0.0480,10,0.2500,1.0000,8,6,6,0,0,6,6,0.0000
4,180.0000,46,3,481.2995,-82.7397,0.5162,12,0.3000,0.2000,5,8,7,0,0,8,7,0.1250
4,180.0000,46,4,748.6533,-86.5369,-1.3014,10,0.2500,1.0000,8,8,8,0,0,8,8,0.0000
4,180.0000,46,6,731.0782,-87.6708,-0.2386,6,0.1500,1.0000,8,8,8,0,0,8,8,0.0000
4,180.0000,46,7,665.5259,-84.6449,-0.3469,8,0.2000,1.0000,8,8,8,0,0,8,8,0.0000
4,180.0000,46,8,470.7910,-82.0783,-0.1899,11,0.2750,0.8750,8,8,8,0,0,8,8,0.0000
4,180.0000,46,10,320.9139,-81.9822,0.7184,17,0.4250,0.5000,6,6,3,0,0,6,3,0.5000
4,180.0000,46,11,816.3036,-86.1315,-0.7306,14,0.3500,0.8750,8,6,6,0,0,6,6,0.0000
4,180.0000,46,13,404.9414,-82.6817,1.0920,11,0.2750,0.8750,8,7,6,0,0,7,6,0.1429
4,180.0000,46,14,613.7878,-84.3401,-0.5925,17,0.4250,1.0000,8,8,7,0,0,8,7,0.1250
4,180.0000,46,15,374.0595,-80.5483,-0.2940,22,0.5500,0.7143,7,7,6,0,0,7,6,0.1429
4,180.0000,46,16,549.6375,-85.2567,0.2419,8,0.2000,0.8571,7,7,6,0,0,7,6,0.1429
4,180.0000,46,17,784.9170,-85.3402,-0.5094,11,0.2750,1.0000,6,4,4,0,0,4,4,0.0000
4,180.0000,46,19,1013.8501,-88.5540,0.1277,4,0.1000,1.0000,6,6,6,0,0,6,6,0.0000
4,180.0000,46,20,613.7014,-84.1789,0.5364,6,0.1500,0.8571,7,8,7,0,0,8,7,0.1250
4,180.0000,46,23,499.6772,-85.4673,-0.2293,8,0.2000,1.0000,8,6,4,0,0,6,4,0.3333
4,180.0000,46,24,953.6741,-86.7268,-0.6386,8,0.2000,1.0000,8,4,4,0,0,4,4,0.0000
4,180.0000,46,28,299.8100,-79.8343,0.3728,24,0.6000,0.3333,6,7,6,0,0,7,6,0.1429
4,180.0000,46,30,287.8592,-79.0517,0.3893,26,0.6500,0.2000,5,4,0,0,0,4,0,1.0000
4,180.0000,46,31,412.9283,-83.0930,0.8993,15,0.3750,0.8571,7,7,5,0,0,7,5,0.2857
4,180.0000,46,33,805.4191,-87.3700,1.5666,3,0.0750,1.0000,8,4,4,0,0,4,4,0.0000
4,180.0000,46,35,774.8340,-86.4079,-0.3157,8,0.2000,1.0000,8,4,4,0,0,4,4,0.0000
4,180.0000,46,37,211.5045,-78.1376,1.2590,30,0.7500,0.6000,5,7,2,0,0,7,2,0.7143
4,180.0000,46,38,320.5942,-78.5553,-0.4593,25,0.6250,0.7143,7,7,6,0,0,7,6,0.1429
4,180.0000,46,39,663.4452,-86.7191,-0.1534,8,0.2000,1.0000,8,8,8,0,0,8,8,0.0000
4,180.0000,46,41,651.4902,-86.0359,-0.3513,6,0.1500,1.0000,8,6,4,0,0,6,4,0.3333
4,180.0000,46,44,599.1063,-85.5282,-0.0543,9,0.2250,0.8750,8,8,8,0,0,8,8,0.0000
4,180.0000,46,47,145.6143,-74.8541,1.2718,31,0.7750,0.0000,4,4,0,0,0,4,0,1.0000
4,180.0000,47,2,723.4898,-86.2732,0.2108,8,0.2000,0.8000,5,8,8,0,0,8,8,0.0000
4,180.0000,47,3,348.8470,-81.0208,0.2559,15,0.3750,0.6667,6,6,4,0,0,6,4,0.3333
4,180.0000,47,4,773.9042,-87.8879,-0.0310,8,0.2000,1.0000,8,6,5,0,0,6,5,0.1667
4,180.0000,47,6,629.9140,-85.8777,0.2156,10,0.2500,0.8000,5,8,8,0,0,8,8,0.0000
4,180.0000,47,7,522.0850,-82.4916,-0.0908,12,0.3000,0.8571,7,10,9,0,0,10,9,0.1000
4,180.0000,47,8,376.8517,-79.3510,-1.4814,17,0.4250,0.8571,7,8,8,0,0,8,8,0.0000
4,180.0000,47,9,737.8157,-86.9132,-1.0421,3,0.0750,0.8000,5,6,6,0,0,6,6,0.0000
4,180.0000,47,10,305.6573,-78.8249,-0.4794,18,0.4500,0.6667,6,7,5,0,0,7,5,0.2857
4,180.0000,47,11,855.7209,-87.5743,0.4609,7,0.1750,1.0000,8,7,6,0,0,7,6,0.1429
4,180.0000,47,13,421.9990,-79.8585,-1.0529,17,0.4250,0.8571,7,8,8,0,0,8,8,0.0000
4,180.0000,47,14,640.3059,-85.6052,0.7583,13,0.3250,0.6667,6,7,5,0,0,7,5,0.2857
4,180.0000,47,15,361.5338,-82.3418,0.7845,22,0.5500,0.7143,7,5,1,0,0,5,1,0.8000
4,180.0000,47,16,415.5098,-81.1765,-0.4109,11,0.2750,0.8571,7,7,6,0,0,7,6,0.1429
4,180.0000,47,17,835.0129,-86.5542,0.3651,5,0.1250,,0,8,7,0,0,8,7,0.1250
4,180.0000,47,20,479.2645,-83.3749,0.1093,8,0.2000,0.7143,7,6,3,0,0,6,3,0.5000
4,180.0000,47,23,418.5517,-82.7712,-0.5270,11,0.2750,0.8571,7,8,7,0,0,8,7,0.1250
4,180.0000,47,24,855.4487,-86.9515,0.3696,6,0.1500,0.8750,8,5,4,0,0,5,4,0.2000
4,180.0000,47,26,894.0298,-88.4486,-0.3057,3,0.0750,1.0000,6,2,2,0,0,2,2,0.0000
4,180.0000,47,28,328.0685,-78.6938,0.1679,20,0.5000,0.6667,6,6,2,0,0,6,2,0.6667
4,180.0000,47,30,358.5455,-79.1244,-0.4815,23,0.5750,0.5000,6,6,3,0,0,6,3,0.5000
4,180.0000,47,31,431.5146,-80.9898,-0.1793,13,0.3250,0.7143,7,8,6,0,0,8,6,0.2500
4,180.0000,47,35,775.1459,-86.2502,-0.0194,9,0.2250,1.0000,2,8,8,0,0,8,8,0.0000
4,180.0000,47,37,69.8860,-69.0512,1.5058,34,0.8500,0.4000,5,4,0,0,0,4,0,1.0000
4,180.0000,47,38,222.5958,-76.0798,-0.4478,33,0.8250,0.2000,5,4,0,0,0,4,0,1.0000
4,180.0000,47,39,547.5596,-83.2406,1.0771,5,0.1250,1.0000,8,7,6,0,0,7,6,0.1429
4,180.0000,47,41,531.6886,-82.5874,0.2921,5,0.1250,0.8750,8,7,5,0,0,7,5,0.2857
4,180.0000,47,43,771.6135,-86.4654,1.5773,3,0.0750,1.0000,8,6,6,0,0,6,6,0.0000
4,180.0000,47,44,608.5142,-81.9756,-0.9285,7,0.1750,1.0000,8,8,8,0,0,8,8,0.0000
4,180.0000,47,46,145.6143,-74.7084,0.9153,35,0.8750,0.0000,4,5,1,0,0,5,1,0.8000
4,184.0000,0,1,575.8205,-84.4292,-0.2369,10,0.2500,0.8571,7,8,8,0,0,8,8,0.0000
4,184.0000,0,5,755.1188,-85.2317,-1.0037,4,0.1000,1.0000,8,8,8,0,0,8,8,0.0000
4,184.0000,0,12,476.2920,-81.7845,0.0755,14,0.3500,0.4000,5,7,6,0,0,7,6,0.1429
4,184.0000,0,18,557.1476,-85.1451,-1.0293,9,0.2250,0.8750,8,7,6,0,0,7,6,0.1429
4,184.0000,0,19,909.9042,-88.5449,1.0365,3,0.0750,1.0000,8,8,8,0,0,8,8,0.0000
4,184.0000,0,21,482.5867,-83.2897,0.6950,10,0.2500,1.0000,8,6,4,0,0,6,4,0.3333
4,184.0000,0,25,859.0336,-87.1826,-0.6903,3,0.0750,1.0000,8,8,8,0,0,8,8,0.0000
4,184.0000,0,27,673.2277,-87.1629,-0.0991,9,0.2250,0.8750,8,8,7,0,0,8,7,0.1250
4,184.0000,0,32,812.9313,-88.0991,-0.1573,3,0.0750,1.0000,8,8,7,0,0,8,7,0.1250
4,184.0000,0,34,564.8339,-83.7715,-0.0589,15,0.3750,0.5000,6,8,8,0,0,8,8,0.0000
4,184.0000,0,36,625.5996,-84.5524,-0.7361,12,0.3000,1.0000,8,8,8,0,0,8,8,0.0000
4,184.0000,0,45,251.0608,-78.7872,0.6800,33,0.8250,0.3333,6,4,0,0,0,4,0,1.0000
4,184.0000,1,0,575.8205,-83.8101,-0.7904,18,0.4500,0.6667,6,8,7,0,0,8,7,0.1250
4,184.0000,1,5,254.4987,-74.4326,-2.0947,32,0.8000,0.0000,4,7,5,0,0,7,5,0.2857
4,184.0000,1,9,637.6984,-85.6531,1.3373,5,0.1250,1.0000,8,6,4,0,0,6,4,0.3333
4,184.0000,1,12,581.0824,-82.9371,0.0985,11,0.2750,0.8333,6,9,7,0,0,9,7,0.2222
4,184.0000,1,18,362.7315,-80.9498,0.2420,16,0.4000,0.8571,7,7,5,0,0,7,5,0.2857
4,184.0000,1,19,507.6327,-83.9078,0.6814,9,0.2250,0.7143,7,10,10,0,0,10,10,0.0000
4,184.0000,1,21,757.1541,-85.9203,-0.2028,7,0.1750,0.8571,7,6,6,0,0,6,6,0.0000
4,184.0000,1,25,302.7596,-78.8007,-0.0917,26,0.6500,0.6667,6,5,1,0,0,5,1,0.8000
4,184.0000,1,26,707.3420,-84.8769,0.7868,5,0.1250,1.0000,8,8,8,0,0,8,8,0.0000
4,184.0000,1,27,280.6742,-78.8762,0.5634,30,0.7500,0.0000,4,5,1,0,0,5,1,0.8000
4,184.0000,1,29,509.7826,-83.4583,-0.8668,14,0.3500,0.5000,6,8,8,0,0,8,8,0.0000
4,184.0000,1,32,270.1494,-77.6387,-0.1819,30,0.7500,0.0000,4,4,0,0,0,4,0,1.0000
4,184.0000,1,34,176.8023,-71.3002,-1.0872,35,0.8750,0.0000,4,5,2,0,0,5,2,0.6000
4,184.0000,1,36,117.3278,-74.3410,1.6913,37,0.9250,0.0000,4,4,0,0,0,4,0,1.0000
4,184.0000,1,40,677.9129,-85.9070,-0.6086,6,0.1500,1.0000,8,8,8,0,0,8,8,0.0000
4,184.0000,1,45,707.6028,-85.5010,0.0351,5,0.1250,0.8571,7,7,6,0,0,7,6,0.1429
4,184.0000,2,3,528.9046,-84.4670,1.6115,6,0.1500,1.0000,8,7,6,0,0,7,6,0.1429
4,184.0000,2,4,359.5721,-79.9018,-0.1925,23,0.5750,0.8571,7,6,4,0,0,6,4,0.3333
4,184.0000,2,6,372.5310,-82.5689,1.0692,20,0.5000,0.8571,7,5,2,0,0,5,2,0.6000
4,184.0000,2,7,846.5546,-86.2311,2.6128,4,0.1000,1.0000,4,8,8,0,0,8,8,0.0000
4,184.0000,2,11,634.4633,-84.0308,-0.0901,16,0.4000,0.8571,7,8,8,0,0,8,8,0.0000
4,184.0000,2,14,475.8877,-82.2893,-0.3509,19,0.4750,0.5000,6,6,4,0,0,6,4,0.3333
4,184.0000,2,15,575.8635,-84.9845,-0.9156,7,0.1750,1.0000,8,7,5,0,0,7,5,0.2857
4,184.0000,2,16,745.6442,-88.3692,1.3391,3,0.0750,1.0000,8,6,6,0,0,6,6,0.0000
4,184.0000,2,17,569.3417,-83.6812,0.0144,20,0.5000,1.0000,8,7,5,0,0,7,5,0.2857
4,184.0000,2,20,659.5787,-84.5295,-2.1371,3,0.0750,0.8571,7,8,8,0,0,8,8,0.0000
4,184.0000,2,22,706.7683,-85.3013,-0.3269,3,0.0750,1.0000,8,8,8,0,0,8,8,0.0000
4,184.0000,2,23,801.8365,-87.3118,0.5955,4,0.1000,0.8750,8,8,8,0,0,8,8,0.0000
4,184.0000,2,24,476.7191,-83.1121,0.0398,21,0.5250,1.0000,8,7,4,0,0,7,4,0.4286
4,184.0000,2,33,384.9059,-83.3841,1.0128,14,0.3500,0.7143,7,7,5,0,0,7,5,0.2857
4,184.0000,2,35,518.1234,-83.2983,-0.6544,25,0.6250,1.0000,8,6,4,0,0,6,4,0.3333
4,184.0000,2,37,727.0644,-85.9738,-1.3460,5,0.1250,0.8571,7,8,8,0,0,8,8,0.0000
4,184.0000,2,38,473.0231,-83.8614,-0.7708,9,0.2250,1.0000,8,6,4,0,0,6,4,0.3333
4,184.0000,2,42,463.0816,-83.3158,0.2963,26,0.6500,0.6250,8,6,6,0,0,6,6,0.0000
4,184.0000,2,47,677.5778,-86.4083,5.1913,3,0.0750,1.0000,8,8,8,0,0,8,8,0.0000
4,184.0000,3,2,528.9046,-84.2420,0.2624,16,0.4000,0.6667,6,5,1,0,0,5,1,0.8000
4,184.0000,3,4,650.9904,-85.4620,0.3062,7,0.1750,0.5000,4,6,4,0,0,6,4,0.3333
4,184.0000,3,6,441.7432,-83.8321,0.1592,18,0.4500,0.8571,7,7,6,0,0,7,6,0.1429
4,184.0000,3,7,442.7193,-81.7615,-0.7013,24,0.6000,0.8571,7,8,8,0,0,8,8,0.0000
4,184.0000,3,8,321.6879,-78.9565,0.1045,29,0.7250,0.6667,6,7,6,0,0,7,6,0.1429
4,184.0000,3,9,840.1757,-87.8548,-2.2917,5,0.1250,1.0000,8,8,8,0,0,8,8,0.0000
4,184.0000,3,10,420.7856,-84.1786,0.3176,15,0.3750,0.4000,5,8,7,0,0,8,7,0.1250
4,184.0000,3,11,860.7967,-87.4914,0.1157,6,0.1500,1.0000,8,2,2,0,0,2,2,0.0000
4,184.0000,3,13,714.4077,-86.5298,-0.7167,4,0.1000,0.8571,7,6,6,0,0,6,6,0.0000
4,184.0000,3,14,657.0934,-86.8910,-0.0564,10,0.2500,1.0000,8,8,7,0,0,8,7,0.1250
4,184.0000,3,15,371.5468,-82.5799,-0.2882,20,0.5000,0.8571,7,7,6,0,0,7,6,0.1429
4,184.0000,3,16,258.6774,-77.8238,-0.0153,30,0.7500,0.3333,6,7,5,0,0,7,5,0.2857
4,184.0000,3,17,839.2200,-88.4207,-0.6481,6,0.1500,1.0000,4,6,6,0,0,6,6,0.0000
4,184.0000,3,19,955.6598,-89.1058,-0.8230,3,0.0750,1.0000,8,8,8,0,0,8,8,0.0000
4,184.0000,3,20,192.3580,-73.9079,-0.0139,31,0.7750,0.0000,4,6,4,0,0,6,4,0.3333
4,184.0000,3,22,449.1463,-83.2496,0.4828,19,0.4750,0.8750,8,6,4,0,0,6,4,0.3333
4,184.0000,3,23,363.3762,-79.8438,-0.2669,22,0.5500,0.4000,5,7,5,0,0,7,5,0.2857
4,184.0000,3,24,698.5879,-86.4101,0.7231,14,0.3500,1.0000,8,4,3,0,0,4,3,0.2500
4,184.0000,3,28,626.0609,-85.5337,-0.1237,12,0.3000,1.0000,8,8,8,0,0,8,8,0.0000
4,184.0000,3,30,667.8924,-84.5194,-0.7032,11,0.2750,0.8571,7,8,6,0,0,8,6,0.2500
4,184.0000,3,31,640.6003,-86.8662,0.8969,9,0.2250,0.8571,7,8,8,0,0,8,8,0.0000
4,184.0000,3,33,321.2909,-80.0171,-0.2455,27,0.6750,0.3333,6,5,2,0,0,5,2,0.6000
4,184.0000,3,35,782.4653,-87.1450,-0.5372,8,0.2000,1.0000,6,6,6,0,0,6,6,0.0000
4,184.0000,3,37,343.1397,-80.4996,-1.3315,26,0.6500,0.7143,7,8,7,0,0,8,7,0.1250
4,184.0000,3,38,205.9766,-76.4545,0.7308,33,0.8250,0.7143,7,5,1,0,0,5,1,0.8000
4,184.0000,3,39,617.2147,-83.8811,-0.7592,14,0.3500,0.9091,11,8,8,0,0,8,8,0.0000
4,184.0000,3,40,1063.0253,-87.6761,-0.2932,3,0.0750,1.0000,4,6,6,0,0,6,6,0.0000
4,184.0000,3,41,426.9004,-81.8496,0.0381,20,0.5000,1.0000,8,8,7,0,0,8,7,0.1250
4,184.0000,3,42,838.5255,-87.2550,0.0722,8,0.2000,0.8000,5,2,2,0,0,2,2,0.0000
4,184.0000,3,43,589.2240,-84.2632,0.1554,11,0.2750,0.8750,8,8,6,0,0,8,6,0.2500
4,184.0000,3,44,887.3797,-86.5110,-0.6130,4,0.1000,1.0000,8,8,8,0,0,8,8,0.0000
4,184.0000,3,46,502.6197,-83.0067,0.6855,14,0.3500,0.6667,6,7,6,0,0,7,6,0.1429
4,184.0000,3,47,306.7087,-80.6492,0.6012,21,0.5250,0.4000,5,5,2,0,0,5,2,0.6000
4,184.0000,4,2,359.5721,-79.4885,0.4617,22,0.5500,0.6667,6,8,8,0,0,8,8,0.0000
4,184.0000,4,6,612.4429,-86.4853,1.3193,4,0.1000,1.0000,8,7,6,0,0,7,6,0.1429
4,184.0000,4,11,407.2901,-81.4531,0.0925,28,0.7000,0.7143,7,6,3,0,0,6,3,0.5000
4,184.0000,4,14,402.9366,-80.8340,0.1068,20,0.5000,0.6667,6,6,3,0,0,6,3,0.5000
4,184.0000,4,15,535.0960,-82.9452,-0.7199,9,0.2250,0.8571,7,7,5,0,0,7,5,0.2857
4,184.0000,4,17,224.4795,-75.2391,-1.2590,34,0.8500,0.2000,5,5,2,0,0,5,2,0.6000
4,184.0000,4,20,813.2602,-86.8766,0.1184,3,0.0750,1.0000,8,8,8,0,0,8,8,0.0000
4,184.0000,4,24,821.1449,-87.7906,0.4331,3,0.0750,1.0000,8,7,6,0,0,7,6,0.1429
4,184.0000,4,35,392.7278,-80.8306,0.8801,20,0.5000,0.6667,6,7,5,0,0,7,5,0.2857
4,184.0000,4,38,523.1203,-84.3997,-3.8015,4,0.1000,1.0000,8,8,8,0,0,8,8,0.0000
4,184.0000,4,46,825.1649,-86.6719,-0.3396,5,0.1250,1.0000,8,8,8,0,0,8,8,0.0000
4,184.0000,4,47,653.1776,-85.1540,1.1976,4,0.1000,0.7500,8,8,7,0,0,8,7,0.1250
4,184.0000,5,0,755.1188,-85.7146,-0.7934,15,0.3750,1.0000,6,8,8,0,0,8,8,0.0000
4,184.0000,5,1,254.4987,-74.8764,-1.9063,38,0.9500,0.0000,4,4,0,0,0,4,0,1.0000
4,184.0000,5,9,417.7167,-83.1185,1.2338,13,0.3250,0.7143,7,5,2,0,0,5,2,0.6000
4,184.0000,5,12,583.1685,-84.3941,-0.4123,15,0.3750,0.7143,7,8,7,0,0,8,7,0.1250
4,184.0000,5,18,346.1375,-80.5565,-0.2310,21,0.5250,0.4000,5,8,5,0,0,8,5,0.3750
4,184.0000,5,19,264.6778,-79.1317,0.4521,22,0.5500,0.4000,5,5,1,0,0,5,1,0.8000
4,184.0000,5,21,789.3010,-85.6896,0.7761,9,0.2250,1.0000,6,7,6,0,0,7,6,0.1429
4,184.0000,5,25,238.4456,-77.1583,0.5568,34,0.8500,0.2000,5,5,1,0,0,5,1,0.8000
4,184.0000,5,26,568.9682,-84.2096,0.0144,9,0.2250,0.8750,8,7,5,0,0,7,5,0.2857
4,184.0000,5,27,471.7377,-82.0951,-0.4195,27,0.6750,0.7037,27,6,4,0,0,6,4,0.3333
4,184.0000,5,28,965.0924,-88.2364,4.2233,3,0.0750,,0,4,3,0,0,4,3,0.2500
4,184.0000,5,29,285.8641,-79.3422,0.3589,27,0.6750,0.5000,6,4,0,0,0,4,0,1.0000
4,184.0000,5,31,926.5711,-88.2930,-1.1583,3,0.0750,1.0000,6,8,8,0,0,8,8,0.0000
4,184.0000,5,32,139.2359,-71.4262,0.2891,34,0.8500,0.0000,4,5,1,0,0,5,1,0.8000
4,184.0000,5,34,212.3515,-74.2630,-0.6072,34,0.8500,0.3333,6,4,0,0,0,4,0,1.0000
4,184.0000,5,36,325.6400,-79.7464,-0.3809,32,0.8000,0.2000,5,7,6,0,0,7,6,0.1429
4,184.0000,5,39,606.7046,-87.3330,0.4923,3,0.0750,1.0000,8,8,8,0,0,8,8,0.0000
4,184.0000,5,40,586.0391,-84.9822,-0.3661,9,0.2250,1.0000,8,7,6,0,0,7,6,0.1429
4,184.0000,5,41,798.8796,-87.0506,-0.4413,4,0.1000,1.0000,8,8,8,0,0,8,8,0.0000
4,184.0000,5,43,677.5771,-86.0947,-0.2213,7,0.1750,1.0000,8,8,8,0,0,8,8,0.0000
4,184.0000,5,44,793.2933,-87.5812,-0.1402,3,0.0750,0.8750,8,8,8,0,0,8,8,0.0000
4,184.0000,5,45,822.0424,-86.5849,-0.0330,6,0.1500,1.0000,8,6,6,0,0,6,6,0.0000
4,184.0000,6,2,372.5310,-82.3651,-0.2843,17,0.4359,0.8571,7,5,2,0,0,5,2,0.6000
4,184.0000,6,3,441.7432,-82.5368,1.2935,7,0.1795,1.0000,8,8,7,0,0,8,7,0.1250
4,184.0000,6,4,612.4429,-86.2015,-0.7115,6,0.1538,0.7143,7,8,7,0,0,8,7,0.1250
4,184.0000,6,7,616.4662,-86.5996,-0.1019,3,0.0769,1.0000,8,6,5,0,0,6,5,0.1667
4,184.0000,6,11,708.3081,-86.6949,0.0024,6,0.1538,1.0000,8,6,6,0,0,6,6,0.0000
4,184.0000,6,14,449.9799,-83.2677,1.8485,12,0.3077,0.6667,6,6,3,0,0,6,3,0.5000
4,184.0000,6,15,465.9151,-82.0175,0.3523,8,0.2051,0.6667,6,7,6,0,0,7,6,0.1429
4,184.0000,6,16,611.0883,-84.7339,2.0493,4,0.1026,1.0000,8,8,8,0,0,8,8,0.0000
4,184.0000,6,17,789.0159,-86.5211,-0.7304,6,0.1538,1.0000,8,8,8,0,0,8,8,0.0000
4,184.0000,6,20,576.9067,-83.7698,0.6514,3,0.0769,1.0000,8,8,8,0,0,8,8,0.0000
4,184.0000,6,22,698.5655,-86.2400,3.8277,3,0.0769,0.8571,7,7,5,0,0,7,5,0.2857
4,184.0000,6,23,801.1039,-86.9597,0.2533,3,0.0769,1.0000,8,8,8,0,0,8,8,0.0000
4,184.0000,6,24,369.5257,-79.0963,-0.9718,30,0.7692,0.5714,7,6,3,0,0,6,3,0.5000
4,184.0000,6,33,308.6471,-77.9586,-0.1954,22,0.5641,0.4545,11,7,6,0,0,7,6,0.1429
4,184.0000,6,35,561.4067,-83.9639,0.0776,12,0.3077,0.8571,7,7,6,0,0,7,6,0.1429
4,184.0000,6,37,605.5472,-85.4718,-2.7495,4,0.1026,0.8571,7,7,6,0,0,7,6,0.1429
4,184.0000,6,38,376.9044,-81.9671,0.2254,6,0.1538,1.0000,8,7,4,0,0,7,4,0.4286
4,184.0000,6,42,584.9640,-84.2205,-0.4398,12,0.3077,1.0000,8,5,4,0,0,5,4,0.2000
4,184.0000,6,47,568.3811,-84.6866,-2.2372,3,0.0769,1.0000,8,6,3,0,0,6,3,0.5000
4,184.0000,7,3,442.7193,-81.1725,-0.0535,18,0.4500,0.6667,6,7,4,0,0,7,4,0.4286
4,184.0000,7,6,616.4662,-84.2511,-0.4072,9,0.2250,1.0000,8,8,7,0,0,8,7,0.1250
4,184.0000,7,8,458.9154,-84.1816,0.1002,10,0.2500,1.0000,8,7,5,0,0,7,5,0.2857
4,184.0000,7,9,683.0992,-84.3737,-0.6071,5,0.1250,1.0000,8,6,6,0,0,6,6,0.0000
4,184.0000,7,10,631.1881,-86.8870,-2.9491,5,0.1250,0.8000,5,8,8,0,0,8,8,0.0000
4,184.0000,7,13,876.8774,-86.5933,-0.4588,4,0.1000,1.0000,8,8,8,0,0,8,8,0.0000
4,184.0000,7,14,981.0264,-87.8928,0.0506,5,0.1250,1.0000,6,4,4,0,0,4,4,0.0000
4,184.0000,7,15,716.8164,-86.6940,-0.2377,6,0.1500,1.0000,6,7,6,0,0,7,6,0.1429
4,184.0000,7,16,260.3297,-77.7300,-0.3851,28,0.7000,0.3333,6,7,5,0,0,7,5,0.2857
4,184.0000,7,19,737.0752,-84.4291,-0.8571,5,0.1250,1.0000,8,8,8,0,0,8,8,0.0000
4,184.0000,7,20,350.0152,-80.6887,-0.3723,19,0.4750,0.7143,7,7,6,0,0,7,6,0.1429
4,184.0000,7,22,462.6003,-82.6789,0.1128,21,0.5250,0.6667,6,8,7,0,0,8,7,0.1250
4,184.0000,7,23,633.3223,-86.5859,-1.1945,6,0.1500,1.0000,8,8,7,0,0,8,7,0.1250
4,184.0000,7,28,771.1537,-86.6272,-0.8446,6,0.1500,1.0000,8,8,8,0,0,8,8,0.0000
4,184.0000,7,30,892.6000,-88.6515,-0.6140,3,0.0750,1.0000,8,6,6,0,0,6,6,0.0000
4,184.0000,7,31,764.1092,-85.8172,-2.8328,3,0.0750,1.0000,8,8,8,0,0,8,8,0.0000
4,184.0000,7,33,480.5797,-83.7761,-0.2169,15,0.3750,0.8571,7,8,8,0,0,8,8,0.0000
4,184.0000,7,37,644.8098,-84.1015,-1.2306,11,0.2750,1.0000,8,7,6,0,0,7,6,0.1429
4,184.0000,7,38,590.6786,-85.7031,-0.5264,9,0.2250,0.8750,8,8,7,0,0,8,7,0.1250
4,184.0000,7,39,462.8955,-79.9307,-0.9257,16,0.4000,0.8571,7,7,6,0,0,7,6,0.1429
4,184.0000,7,41,394.1992,-80.7718,-0.4880,15,0.3750,0.8571,7,8,8,0,0,8,8,0.0000
4,184.0000,7,43,454.2036,-81.8175,0.1756,11,0.2750,0.8571,7,8,8,0,0,8,8,0.0000
4,184.0000,7,44,953.6939,-87.3674,-1.1695,3,0.0750,1.0000,4,4,4,0,0,4,4,0.0000
4,184.0000,7,46,769.8459,-86.6426,0.0820,4,0.1000,0.8750,8,8,8,0,0,8,8,0.0000
4,184.0000,7,47,636.5827,-86.0495,-1.1130,7,0.1750,0.8571,7,7,6,0,0,7,6,0.1429
4,184.0000,8,2,794.5794,-86.4132,-0.8226,8,0.2000,1.0000,8,6,6,0,0,6,6,0.0000
4,184.0000,8,3,321.6879,-78.9350,-0.0397,19,0.4750,0.7143,7,8,8,0,0,8,8,0.0000
4,184.0000,8,4,897.4123,-87.6032,0.5782,6,0.1500,1.0000,4,6,6,0,0,6,6,0.0000
4,184.0000,8,6,746.5057,-86.0919,0.2560,4,0.1000,1.0000,4,8,8,0,0,8,8,0.0000
4,184.0000,8,7,458.9154,-83.1100,-0.8227,11,0.2750,0.6667,6,6,5,0,0,6,5,0.1667
4,184.0000,8,9,562.2238,-84.6755,-0.2066,6,0.1500,0.8750,8,7,6,0,0,7,6,0.1429
4,184.0000,8,10,378.6885,-80.8924,-0.6972,17,0.4250,0.8750,8,7,6,0,0,7,6,0.1429
4,184.0000,8,13,648.2073,-83.2360,0.6536,8,0.2000,0.6667,6,8,8,0,0,8,8,0.0000
4,184.0000,8,15,637.6113,-86.2124,-0.4111,5,0.1250,1.0000,8,7,5,0,0,7,5,0.2857
4,184.0000,8,16,208.4301,-76.1740,0.2543,27,0.6750,0.6667,6,6,4,0,0,6,4,0.3333
4,184.0000,8,19,717.9539,-85.2495,1.1346,4,0.1000,0.8571,7,8,8,0,0,8,8,0.0000
4,184.0000,8,20,180.1269,-76.8725,1.5798,31,0.7750,0.7143,7,7,5,0,0,7,5,0.2857
4,184.0000,8,22,374.0801,-82.5349,0.4261,17,0.4250,0.6667,6,6,4,0,0,6,4,0.3333
4,184.0000,8,23,207.8257,-70.7604,-3.1309,32,0.8000,0.0000,4,8,7,0,0,8,7,0.1250
4,184.0000,8,26,728.9125,-85.9089,0.8890,4,0.1000,1.0000,8,8,8,0,0,8,8,0.0000
4,184.0000,8,28,547.7867,-82.7519,-1.0431,10,0.2500,0.7143,7,7,6,0,0,7,6,0.1429
4,184.0000,8,30,595.4027,-83.5200,-0.6257,9,0.2250,0.6000,5,7,6,0,0,7,6,0.1429
4,184.0000,8,31,546.5757,-83.8822,0.3342,9,0.2250,0.4000,5,8,7,0,0,8,7,0.1250
4,184.0000,8,33,541.3777,-83.9238,0.1883,8,0.2000,0.8750,8,8,6,0,0,8,6,0.2500
4,184.0000,8,37,509.2425,-81.2077,-1.0869,16,0.4000,0.6667,6,8,7,0,0,8,7,0.1250
4,184.0000,8,38,505.4913,-82.6874,-0.2278,14,0.3500,1.0000,8,6,4,0,0,6,4,0.3333
4,184.0000,8,39,417.4458,-81.4133,-0.3510,16,0.4000,0.6667,6,8,7,0,0,8,7,0.1250
4,184.0000,8,40,807.6330,-87.8320,0.1388,5,0.1250,1.0000,4,8,8,0,0,8,8,0.0000
4,184.0000,8,41,191.2316,-76.8321,0.9621,28,0.7000,0.5714,7,6,3,0,0,6,3,0.5000
4,184.0000,8,43,316.7563,-80.2191,0.5088,14,0.3500,0.7143,7,5,1,0,0,5,1,0.8000
4,184.0000,8,44,702.7272,-86.4556,-0.6373,8,0.2000,1.0000,8,8,8,0,0,8,8,0.0000
4,184.0000,8,46,563.8083,-83.7183,-0.4698,11,0.2750,0.6667,6,7,6,0,0,7,6,0.1429
4,184.0000,8,47,495.6801,-83.0383,0.4572,12,0.3000,0.8571,7,9,8,0,0,9,8,0.1111
4,184.0000,9,0,988.5671,-88.0215,0.4660,4,0.1000,1.0000,4,4,4,0,0,4,4,0.0000
4,184.0000,9,1,637.6984,-86.0615,0.2080,17,0.4250,0.8571,7,6,4,0,0,6,4,0.3333
4,184.0000,9,3,840.1757,-86.4163,-0.9782,6,0.1500,1.0000,8,8,8,0,0,8,8,0.0000
4,184.0000,9,5,417.7167,-83.3031,0.1880,22,0.5500,0.8750,8,8,5,0,0,8,5,0.3750
4,184.0000,9,7,683.0992,-85.9076,-0.2664,7,0.1750,0.8750,8,8,8,0,0,8,8,0.0000
4,184.0000,9,8,562.2238,-82.9474,-0.0638,8,0.2000,0.8571,7,6,5,0,0,6,5,0.1667
4,184.0000,9,10,676.2260,-84.8684,-1.0416,6,0.1500,1.0000,6,7,6,0,0,7,6,0.1429
4,184.0000,9,12,629.2005,-84.5444,0.3504,12,0.3000,1.0000,8,6,6,0,0,6,6,0.0000
4,184.0000,9,13,757.9664,-85.1868,1.6870,3,0.0750,0.7500,8,8,8,0,0,8,8,0.0000
4,184.0000,9,15,1096.9630,-88.4428,1.0208,3,0.0750,1.0000,6,4,4,0,0,4,4,0.0000
4,184.0000,9,16,615.5696,-84.9137,-0.9595,8,0.2000,0.7143,7,8,8,0,0,8,8,0.0000
4,184.0000,9,18,581.0835,-83.9113,0.1816,14,0.3500,0.6667,6,8,7,0,0,8,7,0.1250
4,184.0000,9,19,210.5084,-77.6320,0.4028,33,0.8250,0.2000,5,5,1,0,0,5,1,0.8000
4,184.0000,9,20,684.6817,-85.2373,-0.1557,5,0.1250,1.0000,8,8,8,0,0,8,8,0.0000
4,184.0000,9,21,800.9649,-86.8345,-0.2552,6,0.1500,1.0000,4,4,4,0,0,4,4,0.0000
4,184.0000,9,22,769.4768,-85.8313,-0.2367,4,0.1000,1.0000,8,8,8,0,0,8,8,0.0000
4,184.0000,9,23,661.6452,-83.5967,-0.7886,7,0.1750,1.0000,8,6,5,0,0,6,5,0.1667
4,184.0000,9,25,538.4521,-84.6674,0.8146,19,0.4750,0.8571,7,6,3,0,0,6,3,0.5000
4,184.0000,9,26,419.3922,-82.3171,0.5403,18,0.4500,1.0000,8,8,8,0,0,8,8,0.0000
4,184.0000,9,27,810.3202,-86.4719,0.6848,12,0.3000,1.0000,6,8,8,0,0,8,8,0.0000
4,184.0000,9,28,674.8698,-86.5910,1.0494,9,0.2250,1.0000,6,8,8,0,0,8,8,0.0000
4,184.0000,9,29,372.4223,-81.8857,1.3347,25,0.6250,0.5000,6,6,3,0,0,6,3,0.5000
4,184.0000,9,30,780.7170,-86.3097,0.5317,4,0.1000,1.0000,6,2,2,0,0,2,2,0.0000
4,184.0000,9,31,642.0844,-87.0382,-0.6962,5,0.1250,0.8571,7,7,6,0,0,7,6,0.1429
4,184.0000,9,32,458.8116,-81.9404,0.1023,25,0.6250,0.8571,7,8,7,0,0,8,7,0.1250
4,184.0000,9,34,557.3979,-85.7775,0.6983,14,0.3500,0.8571,7,7,5,0,0,7,5,0.2857
4,184.0000,9,36,702.7425,-86.0706,-0.3011,14,0.3500,0.8750,8,8,8,0,0,8,8,0.0000
4,184.0000,9,37,909.9783,-88.5591,0.0531,5,0.1250,0.8750,8,4,4,0,0,4,4,0.0000
4,184.0000,9,38,1005.6375,-87.5595,1.0365,4,0.1000,0.0000,1,4,4,0,0,4,4,0.0000
4,184.0000,9,39,289.8217,-77.9942,-0.2122,28,0.7000,0.7143,7,6,4,0,0,6,4,0.3333
4,184.0000,9,40,462.7069,-83.3574,1.1003,14,0.3500,1.0000,8,7,6,0,0,7,6,0.1429
4,184.0000,9,41,413.3564,-79.2074,-0.6577,9,0.2250,0.8571,7,8,7,0,0,8,7,0.1250
4,184.0000,9,43,288.3434,-77.0050,-0.7843,33,0.8250,0.4000,5,7,4,0,0,7,4,0.4286
4,184.0000,9,44,578.3841,-85.4189,0.4687,8,0.2000,0.7143,7,7,6,0,0,7,6,0.1429
4,184.0000,9,45,950.3005,-88.1927,0.7414,5,0.1250,1.0000,2,4,4,0,0,4,4,0.0000
4,184.0000,9,46,876.1730,-87.9632,-1.7179,3,0.0750,1.0000,4,6,6,0,0,6,6,0.0000
4,184.0000,10,2,903.1879,-88.8043,-0.3262,3,0.0750,1.0000,8,6,6,0,0,6,6,0.0000
4,184.0000,10,3,420.7856,-82.1184,0.9434,14,0.3500,0.7143,7,7,4,0,0,7,4,0.4286
4,184.0000,10,4,889.2241,-87.5861,-0.1528,6,0.1500,,0,4,4,0,0,4,4,0.0000
4,184.0000,10,6,806.4712,-87.8785,-1.0701,6,0.1500,0.8000,5,8,8,0,0,8,8,0.0000
4,184.0000,10,7,631.1881,-84.3440,-0.5020,6,0.1500,1.0000,6,7,6,0,0,7,6,0.1429
4,184.0000,10,8,378.6885,-80.3899,-0.0421,18,0.4500,0.8750,8,7,6,0,0,7,6,0.1429
4,184.0000,10,9,676.2260,-86.0774,-7.8759,4,0.1000,0.8571,7,6,5,0,0,6,5,0.1667
4,184.0000,10,13,298.3506,-76.2833,-1.9236,28,0.7000,0.2000,5,7,5,0,0,7,5,0.2857
4,184.0000,10,14,880.0884,-87.3983,0.3913,5,0.1250,1.0000,4,6,6,0,0,6,6,0.0000
4,184.0000,10,15,483.9661,-84.5919,1.0204,14,0.3500,0.6667,6,5,1,0,0,5,1,0.8000
4,184.0000,10,16,435.1160,-82.0656,-0.7882,12,0.3000,1.0000,6,8,6,0,0,8,6,0.2500
4,184.0000,10,19,766.7833,-86.8859,1.2127,3,0.0750,1.0000,4,8,7,0,0,8,7,0.1250
4,184.0000,10,20,442.6236,-83.2050,-0.1727,13,0.3250,0.7500,8,8,7,0,0,8,7,0.1250
4,184.0000,10,22,731.7508,-86.1869,1.7339,6,0.1500,1.0000,8,6,4,0,0,6,4,0.3333
4,184.0000,10,23,283.7942,-79.5052,1.3314,16,0.4000,0.8571,7,5,1,0,0,5,1,0.8000
4,184.0000,10,26,610.4011,-84.8428,-0.4425,4,0.1000,1.0000,6,10,10,0,0,10,10,0.0000
4,184.0000,10,28,208.8550,-72.6768,-1.6908,33,0.8250,0.2000,5,7,4,0,0,7,4,0.4286
4,184.0000,10,30,268.6613,-75.9985,-0.7648,32,0.8000,0.4000,5,7,5,0,0,7,5,0.2857
4,184.0000,10,31,227.1549,-74.9514,-0.4529,30,0.7500,0.0000,4,7,5,0,0,7,5,0.2857
4,184.0000,10,33,739.2472,-87.2196,-0.0170,4,0.1000,1.0000,8,7,6,0,0,7,6,0.1429
4,184.0000,10,35,1005.7992,-87.7608,0.2720,7,0.1750,,0,4,4,0,0,4,4,0.0000
4,184.0000,10,37,273.6582,-78.3218,0.7878,22,0.5500,0.0000,4,6,3,0,0,6,3,0.5000
4,184.0000,10,38,464.4851,-82.3850,0.0289,10,0.2500,0.7143,7,7,4,0,0,7,4,0.4286
4,184.0000,10,39,466.1040,-83.1885,0.1797,8,0.2000,0.7143,7,7,5,0,0,7,5,0.2857
4,184.0000,10,40,726.9662,-88.0591,6.6173,3,0.0750,0.8571,7,8,8,0,0,8,8,0.0000
4,184.0000,10,41,375.9645,-82.4969,-0.1361,12,0.3000,0.5000,6,5,2,0,0,5,2,0.6000
4,184.0000,10,43,555.8166,-85.1293,-0.6760,6,0.1500,1.0000,8,7,6,0,0,7,6,0.1429
4,184.0000,10,44,490.9172,-80.1051,-1.3373,15,0.3750,0.6364,22,6,5,3,2,9,7,0.2222
4,184.0000,10,46,210.9504,-77.8361,0.4260,31,0.7750,0.4000,5,4,0,0,0,4,0,1.0000
4,184.0000,10,47,297.4187,-78.7765,-0.7991,22,0.5500,0.7143,7,7,5,0,0,7,5,0.2857
4,184.0000,11,2,634.4633,-84.7538,-0.9511,10,0.2564,0.5000,6,8,8,0,0,8,8,0.0000
4,184.0000,11,4,407.2901,-81.5841,-0.5893,20,0.5128,0.3333,6,7,5,0,0,7,5,0.2857
4,184.0000,11,6,708.3081,-85.9833,-0.1852,5,0.1282,0.8333,6,8,8,0,0,8,8,0.0000
4,184.0000,11,14,266.8687,-76.9494,-0.4562,32,0.8205,0.4000,5,5,1,0,0,5,1,0.8000
4,184.0000,11,15,573.9781,-83.6856,-0.2372,6,0.1538,0.8750,8,8,7,0,0,8,7,0.1250
4,184.0000,11,17,315.3967,-79.1955,0.2928,29,0.7436,0.8750,8,5,2,0,0,5,2,0.6000
4,184.0000,11,24,971.8063,-88.5540,3.0622,3,0.0769,1.0000,8,8,8,0,0,8,8,0.0000
4,184.0000,11,33,908.1969,-88.1098,0.2076,3,0.0769,1.0000,8,8,8,0,0,8,8,0.0000
4,184.0000,11,35,171.0854,-74.8134,0.6706,32,0.8205,0.3333,6,5,1,0,0,5,1,0.8000
4,184.0000,11,37,774.2183,-86.9082,0.3525,4,0.1026,1.0000,8,8,8,0,0,8,8,0.0000
4,184.0000,11,38,667.4776,-86.1822,1.0999,3,0.0769,0.8571,7,8,8,0,0,8,8,0.0000
4,184.0000,11,42,1024.3585,-86.9125,0.4766,4,0.1026,1.0000,8,2,2,0,0,2,2,0.0000
4,184.0000,11,46,891.5747,-88.5885,0.5229,3,0.0769,1.0000,8,8,8,0,0,8,8,0.0000
4,184.0000,11,47,745.7067,-87.2364,0.4318,3,0.0769,1.0000,8,8,8,0,0,8,8,0.0000
4,184.0000,12,0,476.2920,-82.5674,-0.6835,25,0.6250,0.4000,5,7,6,0,0,7,6,0.1429
4,184.0000,12,1,581.0824,-83.9639,-0.2418,12,0.3000,1.0000,8,8,8,0,0,8,8,0.0000
4,184.0000,12,5,583.1685,-85.0074,-0.5286,10,0.2500,0.8571,7,7,6,0,0,7,6,0.1429
4,184.0000,12,9,629.2005,-85.7805,-0.0276,6,0.1500,1.0000,8,7,6,0,0,7,6,0.1429
4,184.0000,12,10,955.8357,-87.9848,-0.7154,3,0.0750,0.8333,6,6,6,0,0,6,6,0.0000
4,184.0000,12,18,359.8313,-81.2454,0.2098,28,0.7000,0.5000,6,8,6,0,0,8,6,0.2500
4,184.0000,12,19,592.2348,-87.0809,-0.8128,3,0.0750,0.8750,8,6,4,0,0,6,4,0.3333
4,184.0000,12,21,223.4068,-77.1393,0.3926,36,0.9000,0.5000,6,5,2,0,0,5,2,0.6000
4,184.0000,12,25,772.2607,-86.3624,-0.3859,7,0.1750,1.0000,8,8,8,0,0,8,8,0.0000
4,184.0000,12,26,355.9511,-80.1856,-0.1889,22,0.5500,0.6667,6,8,8,0,0,8,8,0.0000
4,184.0000,12,27,792.2070,-85.8863,-0.4140,9,0.2250,1.0000,60,8,8,8,8,16,16,0.0000
4,184.0000,12,29,814.3020,-87.7170,-0.0973,5,0.1250,1.0000,8,8,8,0,0,8,8,0.0000
4,184.0000,12,30,869.4037,-87.3460,0.5678,3,0.0750,1.0000,6,8,7,0,0,8,7,0.1250
4,184.0000,12,31,779.6120,-87.0109,2.5610,3,0.0750,1.0000,8,8,8,0,0,8,8,0.0000
4,184.0000,12,32,684.2430,-84.7429,-1.2988,8,0.2000,1.0000,8,8,8,0,0,8,8,0.0000
4,184.0000,12,34,459.8753,-82.9013,-0.7183,20,0.5000,0.8750,8,8,8,0,0,8,8,0.0000
4,184.0000,12,36,680.6928,-86.3853,0.4946,11,0.2750,1.0000,4,8,8,0,0,8,8,0.0000
4,184.0000,12,39,779.3321,-88.6546,0.3245,3,0.0750,1.0000,8,7,5,0,0,7,5,0.2857
4,184.0000,12,40,247.6478,-78.8754,0.5828,17,0.4250,0.6667,6,4,0,0,0,4,0,1.0000
4,184.0000,12,44,501.3829,-85.4680,1.0751,8,0.2000,1.0000,8,8,8,0,0,8,8,0.0000
4,184.0000,12,45,356.8665,-78.7116,-1.5236,37,0.9250,0.2000,5,4,0,0,0,4,0,1.0000
4,184.0000,13,3,714.4077,-85.1066,1.0393,5,0.1250,0.8571,7,8,8,0,0,8,8,0.0000
4,184.0000,13,7,876.8774,-87.3649,1.0810,4,0.1000,1.0000,8,6,6,0,0,6,6,0.0000
4,184.0000,13,8,648.2073,-85.4115,-1.1521,7,0.1750,1.0000,6,7,6,0,0,7,6,0.1429
4,184.0000,13,9,757.9664,-85.2526,-0.5897,4,0.1000,0.8750,8,6,6,0,0,6,6,0.0000
4,184.0000,13,10,298.3506,-76.1395,-1.3381,24,0.6000,0.4000,5,6,3,0,0,6,3,0.5000
4,184.0000,13,12,817.2907,-86.7116,-0.0073,5,0.1250,,0,6,6,0,0,6,6,0.0000
4,184.0000,13,15,681.0726,-85.3746,-0.0664,4,0.1000,1.0000,8,8,8,0,0,8,8,0.0000
4,184.0000,13,16,713.6016,-85.7344,0.0981,5,0.1250,1.0000,8,8,8,0,0,8,8,0.0000
4,184.0000,13,19,802.9586,-87.6380,0.3499,5,0.1250,1.0000,6,8,8,0,0,8,8,0.0000
4,184.0000,13,20,735.5454,-87.8130,0.0170,6,0.1500,1.0000,8,8,8,0,0,8,8,0.0000
4,184.0000,13,21,898.0461,-86.2220,-0.7221,4,0.1000,1.0000,6,4,4,0,0,4,4,0.0000
4,184.0000,13,23,532.5664,-83.7787,0.5087,9,0.2250,0.8750,8,7,6,0,0,7,6,0.1429
4,184.0000,13,26,510.4389,-83.3803,-0.9567,12,0.3000,0.8571,7,8,8,0,0,8,8,0.0000
4,184.0000,13,28,109.3298,-68.0015,-0.1612,35,0.8750,0.2000,5,5,1,0,0,5,1,0.8000
4,184.0000,13,30,149.5027,-75.1506,1.2428,32,0.8000,0.4000,5,5,1,0,0,5,1,0.8000
4,184.0000,13,31,127.7842,-61.7249,-6.0263,37,0.9250,0.0000,4,5,1,0,0,5,1,0.8000
4,184.0000,13,32,1134.4893,-87.9792,1.0067,3,0.0750,1.0000,4,2,2,0,0,2,2,0.0000
4,184.0000,13,37,475.4989,-82.8791,0.8053,8,0.2000,0.8571,7,7,6,0,0,7,6,0.1429
4,184.0000,13,38,720.8119,-86.0392,0.0213,6,0.1500,1.0000,8,8,8,0,0,8,8,0.0000
4,184.0000,13,39,596.3631,-85.7436,1.2968,7,0.1750,1.0000,8,8,7,0,0,8,7,0.1250
4,184.0000,13,40,626.2624,-84.5367,-0.7892,12,0.3000,0.4286,7,8,8,0,0,8,8,0.0000
4,184.0000,13,41,602.6192,-85.7235,-0.4944,7,0.1750,0.8571,7,8,8,0,0,8,8,0.0000
4,184.0000,13,43,746.4201,-87.2381,0.9637,4,0.1000,0.8000,5,7,6,0,0,7,6,0.1429
4,184.0000,13,44,321.5162,-78.0184,-1.1202,30,0.7500,0.5000,6,7,6,0,0,7,6,0.1429
4,184.0000,13,46,292.0416,-80.4325,0.6576,14,0.3500,0.8571,7,5,1,0,0,5,1,0.8000
4,184.0000,13,47,516.4422,-83.6410,-0.2672,12,0.3000,0.8571,7,8,8,0,0,8,8,0.0000
4,184.0000,14,2,475.8877,-83.4237,0.5402,13,0.3250,1.0000,8,7,6,0,0,7,6,0.1429
4,184.0000,14,3,657.0934,-86.3367,0.5415,3,0.0750,1.0000,8,8,8,0,0,8,8,0.0000
4,184.0000,14,4,402.9366,-81.0774,-0.5074,19,0.4750,0.8571,7,6,5,0,0,6,5,0.1667
4,184.0000,14,6,449.9799,-84.5541,1.3308,11,0.2750,0.5000,6,6,3,0,0,6,3,0.5000
4,184.0000,14,11,266.8687,-76.7313,-0.8954,35,0.8750,0.3333,6,5,1,0,0,5,1,0.8000
4,184.0000,14,15,399.6508,-79.9422,-0.8231,14,0.3500,0.8571,7,8,8,0,0,8,8,0.0000
4,184.0000,14,17,456.5940,-82.7957,-0.4096,16,0.4000,0.8000,5,7,6,0,0,7,6,0.1429
4,184.0000,14,24,744.0755,-85.1731,0.9227,7,0.1750,1.0000,8,8,8,0,0,8,8,0.0000
4,184.0000,14,33,679.9569,-86.1176,0.7491,4,0.1000,1.0000,8,7,6,0,0,7,6,0.1429
4,184.0000,14,35,146.1059,-72.8970,0.8887,35,0.8750,0.0000,4,4,0,0,0,4,0,1.0000
4,184.0000,14,37,616.7632,-84.1247,-0.1086,5,0.1250,0.8571,7,8,8,0,0,8,8,0.0000
4,184.0000,14,38,466.7340,-83.0315,1.2861,7,0.1750,0.6667,6,8,7,0,0,8,7,0.1250
4,184.0000,14,46,777.3499,-86.3282,-1.2807,4,0.1000,1.0000,8,7,5,0,0,7,5,0.2857
4,184.0000,14,47,584.2894,-85.6741,0.0453,4,0.1000,1.0000,8,8,8,0,0,8,8,0.0000
4,184.0000,15,2,575.8635,-83.8298,-0.7977,16,0.4000,0.8571,7,7,6,0,0,7,6,0.1429
4,184.0000,15,3,371.5468,-82.5822,-0.7047,10,0.2500,0.7143,7,8,7,0,0,8,7,0.1250
4,184.0000,15,4,535.0960,-83.7983,-0.2763,23,0.5750,1.0000,8,8,7,0,0,8,7,0.1250
4,184.0000,15,6,465.9151,-83.0037,-0.1756,18,0.4500,0.7143,7,7,6,0,0,7,6,0.1429
4,184.0000,15,7,716.8164,-87.7480,0.1854,6,0.1500,0.6667,6,8,8,0,0,8,8,0.0000
4,184.0000,15,8,637.6113,-84.5824,1.8808,5,0.1250,1.0000,8,8,8,0,0,8,8,0.0000
4,184.0000,15,9,1096.9630,-89.0258,-0.1872,3,0.0750,1.0000,6,4,4,0,0,4,4,0.0000
4,184.0000,15,10,483.9661,-83.9415,1.4179,10,0.2500,0.8571,7,7,5,0,0,7,5,0.2857
4,184.0000,15,11,573.9781,-83.7964,0.3951,21,0.5250,0.8571,7,7,6,0,0,7,6,0.1429
4,184.0000,15,13,681.0726,-86.4933,-0.3367,6,0.1500,0.8571,7,8,8,0,0,8,8,0.0000
4,184.0000,15,14,399.6508,-80.4850,-0.6958,31,0.7750,0.4286,7,7,6,0,0,7,6,0.1429
4,184.0000,15,16,588.8672,-84.8011,0.7820,8,0.2000,0.8571,7,7,6,0,0,7,6,0.1429
4,184.0000,15,17,645.0689,-84.9728,-0.2032,17,0.4250,1.0000,8,8,8,0,0,8,8,0.0000
4,184.0000,15,20,553.8187,-84.9394,0.6222,8,0.2000,0.6667,6,8,8,0,0,8,8,0.0000
4,184.0000,15,22,817.2886,-87.5277,-0.8128,5,0.1250,1.0000,4,7,6,0,0,7,6,0.1429
4,184.0000,15,23,576.4089,-85.9859,-0.6303,5,0.1250,0.8750,8,7,6,0,0,7,6,0.1429
4,184.0000,15,24,826.0228,-85.2847,-0.8348,13,0.3250,1.0000,8,6,6,0,0,6,6,0.0000
4,184.0000,15,28,636.3631,-86.4810,-0.7746,6,0.1500,0.8571,7,8,8,0,0,8,8,0.0000
4,184.0000,15,30,647.8476,-85.0573,-0.7694,11,0.2750,1.0000,6,7,6,0,0,7,6,0.1429
4,184.0000,15,31,666.2968,-85.6072,-1.2379,8,0.2000,1.0000,8,7,6,0,0,7,6,0.1429
4,184.0000,15,33,573.6385,-85.9705,0.1608,10,0.2500,0.8750,8,5,2,0,0,5,2,0.6000
4,184.0000,15,35,531.6434,-84.0407,0.2219,26,0.6500,0.8750,8,6,4,0,0,6,4,0.3333
4,184.0000,15,37,217.2445,-78.1839,0.7016,22,0.5500,0.7143,7,5,2,0,0,5,2,0.6000
4,184.0000,15,38,179.3431,-75.2028,0.9976,28,0.7000,0.4000,5,5,2,0,0,5,2,0.6000
4,184.0000,15,39,841.8305,-87.6392,-0.4702,3,0.0750,1.0000,8,8,8,0,0,8,8,0.0000
4,184.0000,15,41,707.2951,-87.1697,-0.9821,5,0.1250,0.8750,8,8,7,0,0,8,7,0.1250
4,184.0000,15,42,980.2624,-87.5289,0.1820,5,0.1250,1.0000,8,4,4,0,0,4,4,0.0000
4,184.0000,15,43,896.2854,-88.3093,-1.6359,3,0.0750,1.0000,4,8,7,0,0,8,7,0.1250
4,184.0000,15,44,957.5388,-88.3548,0.0293,5,0.1250,1.0000,4,8,8,0,0,8,8,0.0000
4,184.0000,15,46,393.0142,-80.5054,-0.3294,17,0.4250,1.0000,8,8,6,0,0,8,6,0.2500
4,184.0000,15,47,186.7596,-77.6069,1.1067,19,0.4750,0.8750,8,4,0,0,0,4,0,1.0000
4,184.0000,16,2,745.6442,-87.9468,0.2983,7,0.1750,1.0000,8,7,6,0,0,7,6,0.1429
4,184.0000,16,3,258.6774,-77.1431,0.2430,31,0.7750,0.5000,4,7,5,0,0,7,5,0.2857
4,184.0000,16,4,904.7661,-88.0927,0.5344,6,0.1500,0.5000,2,6,6,0,0,6,6,0.0000
4,184.0000,16,6,611.0883,-85.8747,0.1662,18,0.4500,1.0000,8,8,8,0,0,8,8,0.0000
4,184.0000,16,7,260.3297,-77.1118,0.0507,36,0.9000,0.5714,7,4,0,0,0,4,0,1.0000
4,184.0000,16,8,208.4301,-76.7667,0.4930,32,0.8000,0.5000,8,5,1,0,0,5,1,0.8000
4,184.0000,16,9,615.5696,-84.6167,-1.4398,18,0.4500,0.8571,7,8,8,0,0,8,8,0.0000
4,184.0000,16,10,435.1160,-81.6241,-1.0787,21,0.5250,1.0000,8,7,6,0,0,7,6,0.1429
4,184.0000,16,13,713.6016,-85.5038,-1.2433,20,0.5000,1.0000,8,8,8,0,0,8,8,0.0000
4,184.0000,16,14,898.7913,-88.5973,-0.2440,10,0.2500,0.6667,3,6,6,0,0,6,6,0.0000
4,184.0000,16,15,588.8672,-86.0123,0.5325,17,0.4250,0.8571,7,7,6,0,0,7,6,0.1429
4,184.0000,16,18,1107.4383,-88.5249,0.7389,5,0.1250,0.8333,6,4,4,0,0,4,4,0.0000
4,184.0000,16,19,727.4133,-85.6479,-0.0231,14,0.3500,1.0000,8,8,8,0,0,8,8,0.0000
4,184.0000,16,20,113.1339,-72.8727,1.9151,33,0.8250,0.0000,4,4,0,0,0,4,0,1.0000
4,184.0000,16,22,355.5139,-82.3999,1.0113,28,0.7000,0.6667,6,4,0,0,0,4,0,1.0000
4,184.0000,16,23,376.5416,-79.8833,-0.8151,28,0.7000,0.6667,6,7,4,0,0,7,4,0.4286
4,184.0000,16,24,798.6924,-86.9075,-0.0866,21,0.5250,1.0000,2,4,4,0,0,4,4,0.0000
4,184.0000,16,26,808.4565,-87.1998,0.0203,6,0.1500,1.0000,4,8,7,0,0,8,7,0.1250
4,184.0000,16,28,607.3574,-84.1967,-0.3257,17,0.4250,1.0000,8,8,8,0,0,8,8,0.0000
4,184.0000,16,29,818.6408,-87.9344,0.2830,5,0.1250,1.0000,8,8,7,0,0,8,7,0.1250
4,184.0000,16,30,694.3290,-85.9961,-1.5064,13,0.3250,1.0000,8,8,8,0,0,8,8,0.0000
4,184.0000,16,31,605.7259,-85.2692,-0.3105,14,0.3500,0.8571,7,8,8,0,0,8,8,0.0000
4,184.0000,16,32,1019.0482,-87.9371,1.8992,5,0.1250,0.8750,8,6,6,0,0,6,6,0.0000
4,184.0000,16,33,429.2760,-83.6820,0.4214,22,0.5500,0.3333,6,6,3,0,0,6,3,0.5000
4,184.0000,16,35,1030.0593,-88.5243,0.2187,3,0.0750,,0,4,4,0,0,4,4,0.0000
4,184.0000,16,37,488.2406,-82.1402,-0.3925,24,0.6000,0.7143,7,7,6,8,7,15,13,0.1333
4,184.0000,16,38,448.0695,-83.0029,0.1962,23,0.5750,0.6667,6,8,7,140,132,148,139,0.0608
4,184.0000,16,39,404.0762,-80.4435,-1.4999,23,0.5750,0.7829,175,10,10,4,3,14,13,0.0714
4,184.0000,16,40,915.8471,-87.8332,-0.2562,7,0.1750,0.6667,3,8,8,0,0,8,8,0.0000
4,184.0000,16,41,221.2609,-74.6603,-1.3011,34,0.8500,0.0000,4,3,0,47,24,50,24,0.5200
4,184.0000,16,42,960.1231,-88.6265,-0.5525,6,0.1500,,0,2,1,0,0,2,1,0.5000
4,184.0000,16,43,353.0635,-80.9309,0.7675,22,0.5500,0.6667,6,5,1,9,8,14,9,0.3571
4,184.0000,16,44,801.2332,-87.2647,0.1641,11,0.2750,0.9615,26,8,8,0,0,8,8,0.0000
4,184.0000,16,46,595.4534,-84.3915,-0.2616,19,0.4750,0.6667,6,8,8,0,0,8,8,0.0000
4,184.0000,16,47,474.2456,-82.6380,-0.2030,21,0.5250,0.7500,8,8,7,0,0,8,7,0.1250
4,184.0000,17,2,569.3417,-83.6580,-0.1885,11,0.2750,0.7143,7,7,6,0,0,7,6,0.1429
4,184.0000,17,4,224.4795,-75.4117,-0.5841,32,0.8000,0.5000,6,4,0,0,0,4,0,1.0000
4,184.0000,17,11,315.3967,-78.9828,0.0614,29,0.7250,0.0000,4,5,1,0,0,5,1,0.8000
4,184.0000,17,14,456.5940,-82.3126,-0.2852,22,0.5500,0.6667,6,8,8,0,0,8,8,0.0000
4,184.0000,17,15,645.0689,-84.8603,0.6450,7,0.1750,0.8750,8,8,8,0,0,8,8,0.0000
4,184.0000,17,35,390.9898,-82.5460,-0.2726,17,0.4250,0.8750,8,5,2,0,0,5,2,0.6000
4,184.0000,17,38,685.9742,-84.6376,-1.8165,4,0.1000,1.0000,8,8,8,0,0,8,8,0.0000
4,184.0000,18,0,557.1476,-84.9342,0.6035,23,0.5610,0.8571,7,5,4,0,0,5,4,0.2000
4,184.0000,18,1,362.7315,-81.3599,0.4643,25,0.6098,0.7143,7,8,7,0,0,8,7,0.1250
4,184.0000,18,5,346.1375,-81.1292,0.6942,24,0.5854,0.6389,36,5,2,0,0,5,2,0.6000
4,184.0000,18,9,581.0835,-85.0822,0.6119,11,0.2683,1.0000,8,8,8,0,0,8,8,0.0000
4,184.0000,18,10,1008.5690,-87.6978,-0.5602,6,0.1463,1.0000,4,2,2,0,0,2,2,0.0000
4,184.0000,18,12,359.8313,-80.0324,-0.8702,30,0.7317,0.8571,7,7,4,0,0,7,4,0.4286
4,184.0000,18,13,910.9275,-88.2998,1.3590,3,0.0732,1.0000,8,7,6,0,0,7,6,0.1429
4,184.0000,18,19,429.7787,-83.8961,-0.5508,12,0.2927,0.8571,7,7,4,0,0,7,4,0.4286
4,184.0000,18,21,573.6938,-85.1065,-0.0100,16,0.3902,0.8571,7,5,4,0,0,5,4,0.2000
4,184.0000,18,25,562.9635,-85.0762,0.1808,12,0.2927,0.8571,7,7,6,0,0,7,6,0.1429
4,184.0000,18,26,444.3775,-80.2155,-0.7766,16,0.3902,0.7143,7,6,4,0,0,6,4,0.3333
4,184.0000,18,27,638.2283,-86.0332,0.0941,14,0.3415,0.8750,8,8,8,32,29,40,37,0.0750
4,184.0000,18,29,603.7042,-85.1665,0.0346,16,0.3902,1.0000,8,8,8,0,0,8,8,0.0000
4,184.0000,18,30,998.9497,-88.5437,0.4832,5,0.1220,1.0000,8,2,2,0,0,2,2,0.0000
4,184.0000,18,31,845.1013,-88.1594,-0.2607,4,0.0976,1.0000,8,8,8,0,0,8,8,0.0000
4,184.0000,18,32,474.1024,-83.3164,-0.0655,18,0.4390,0.8571,7,6,6,0,0,6,6,0.0000
4,184.0000,18,34,191.0891,-77.6716,1.5759,33,0.8049,0.3333,6,6,1,0,0,6,1,0.8333
4,184.0000,18,36,479.8666,-84.2981,0.2010,21,0.5122,0.7500,8,6,4,0,0,6,4,0.3333
4,184.0000,18,39,704.2515,-85.6798,0.7113,8,0.1951,1.0000,8,8,8,0,0,8,8,0.0000
4,184.0000,18,40,460.8871,-83.2746,0.0116,14,0.3415,1.0000,8,8,8,0,0,8,8,0.0000
4,184.0000,18,41,908.4740,-87.5990,-0.4490,5,0.1220,1.0000,8,6,6,0,0,6,6,0.0000
4,184.0000,18,43,848.3774,-86.5613,0.1333,6,0.1463,1.0000,6,8,8,0,0,8,8,0.0000
4,184.0000,18,44,651.2438,-85.4136,0.3996,9,0.2195,0.8571,7,6,4,0,0,6,4,0.3333
4,184.0000,18,45,594.4348,-84.7246,-0.0053,23,0.5610,0.8750,8,7,4,0,0,7,4,0.4286
4,184.0000,19,0,909.9042,-87.2929,-0.2812,8,0.2000,1.0000,4,8,8,0,0,8,8,0.0000
4,184.0000,19,1,507.6327,-83.7128,0.1360,16,0.4000,0.6667,6,8,7,0,0,8,7,0.1250
4,184.0000,19,5,264.6778,-79.8737,0.8898,27,0.6750,0.2000,5,4,0,0,0,4,0,1.0000
4,184.0000,19,7,737.0752,-85.8293,-0.3363,5,0.1250,1.0000,10,8,8,0,0,8,8,0.0000
4,184.0000,19,8,717.9539,-86.0899,-0.1474,5,0.1250,1.0000,6,8,8,0,0,8,8,0.0000
4,184.0000,19,9,210.5084,-76.8613,0.6804,28,0.7000,0.4000,5,5,2,0,0,5,2,0.6000
4,184.0000,19,10,766.7833,-88.3190,-0.5330,4,0.1000,1.0000,6,8,8,0,0,8,8,0.0000
4,184.0000,19,12,592.2348,-85.2186,0.6531,9,0.2250,1.0000,8,6,6,0,0,6,6,0.0000
4,184.0000,19,13,802.9586,-86.5384,0.0616,7,0.1750,1.0000,6,8,8,0,0,8,8,0.0000
4,184.0000,19,16,727.4133,-86.0300,-0.2216,5,0.1250,1.0000,8,6,6,0,0,6,6,0.0000
4,184.0000,19,18,429.7787,-83.1290,-0.1211,17,0.4250,0.6667,6,7,5,0,0,7,5,0.2857
4,184.0000,19,20,815.4129,-86.4615,-0.9301,5,0.1250,1.0000,8,4,4,0,0,4,4,0.0000
4,184.0000,19,21,798.5368,-87.2479,0.2914,6,0.1500,1.0000,8,7,6,0,0,7,6,0.1429
4,184.0000,19,22,923.3604,-88.3554,-0.0904,4,0.1000,1.0000,8,4,4,0,0,4,4,0.0000
4,184.0000,19,25,441.2917,-81.8111,-0.4078,26,0.6500,0.2000,5,7,6,0,0,7,6,0.1429
4,184.0000,19,26,417.7710,-83.5164,1.8024,11,0.2750,1.0000,8,7,6,0,0,7,6,0.1429
4,184.0000,19,27,721.9811,-85.1913,-0.7052,13,0.3250,1.0000,8,7,6,0,0,7,6,0.1429
4,184.0000,19,28,728.9143,-87.9315,-1.0728,3,0.0750,0.8571,7,8,7,0,0,8,7,0.1250
4,184.0000,19,29,279.4155,-77.3604,-0.6435,35,0.8750,0.3333,6,5,1,0,0,5,1,0.8000
4,184.0000,19,31,692.0599,-86.2997,-0.9685,3,0.0750,0.8750,8,6,4,0,0,6,4,0.3333
4,184.0000,19,32,347.4956,-79.1024,-0.8045,29,0.7250,0.2000,5,8,6,0,0,8,6,0.2500
4,184.0000,19,34,406.6920,-83.6205,1.0059,16,0.4000,0.0000,4,7,6,0,0,7,6,0.1429
4,184.0000,19,36,585.8180,-84.2465,0.6425,21,0.5250,1.0000,8,8,8,0,0,8,8,0.0000
4,184.0000,19,39,342.6499,-80.4201,0.7291,13,0.3250,1.0000,8,8,8,0,0,8,8,0.0000
4,184.0000,19,40,489.8522,-84.6536,0.7224,10,0.2500,1.0000,8,8,8,0,0,8,8,0.0000
4,184.0000,19,41,541.5494,-83.9666,-0.6778,6,0.1500,0.4000,5,8,8,0,0,8,8,0.0000
4,184.0000,19,43,445.3650,-80.7492,-0.6608,18,0.4500,0.8571,7,8,7,0,0,8,7,0.1250
4,184.0000,19,44,615.1245,-85.5737,0.5465,6,0.1500,0.8750,8,6,4,0,0,6,4,0.3333
4,184.0000,19,45,909.4083,-86.7543,-0.8963,4,0.1000,,0,2,2,0,0,2,2,0.0000
4,184.0000,19,47,1008.5913,-88.2652,-0.4755,3,0.0750,1.0000,4,6,6,0,0,6,6,0.0000
4,184.0000,20,2,659.5787,-85.2467,0.9035,8,0.2000,1.0000,8,8,7,0,0,8,7,0.1250
4,184.0000,20,3,192.3580,-73.9532,-0.1895,38,0.9500,0.3333,9,6,3,0,0,6,3,0.5000
4,184.0000,20,4,813.2602,-87.3824,0.2433,10,0.2500,1.0000,8,8,8,0,0,8,8,0.0000
4,184.0000,20,6,576.9067,-84.2915,-0.5333,21,0.5250,0.7143,7,8,7,0,0,8,7,0.1250
4,184.0000,20,7,350.0152,-80.3168,-0.4328,27,0.6750,0.4000,5,7,6,0,0,7,6,0.1429
4,184.0000,20,8,180.1269,-76.9165,0.9842,32,0.8000,0.0000,4,5,2,0,0,5,2,0.6000
4,184.0000,20,9,684.6817,-86.6509,-0.5698,10,0.2500,1.0000,6,6,6,0,0,6,6,0.0000
4,184.0000,20,10,442.6236,-82.6145,0.4321,12,0.3000,0.6667,6,7,5,0,0,7,5,0.2857
4,184.0000,20,11,1050.8533,-88.4499,0.3373,6,0.1500,,0,4,4,0,0,4,4,0.0000
4,184.0000,20,13,735.5454,-85.6339,-0.1950,7,0.1750,1.0000,8,8,8,0,0,8,8,0.0000
4,184.0000,20,14,846.5521,-87.6913,0.2429,9,0.2250,1.0000,2,6,5,0,0,6,5,0.1667
4,184.0000,20,15,553.8187,-85.7654,-0.2167,14,0.3500,0.8750,8,7,5,0,0,7,5,0.2857
4,184.0000,20,16,113.1339,-72.4827,1.9682,29,0.7250,0.2917,48,4,1,60,19,64,20,0.6875
4,184.0000,20,17,1009.3612,-88.8632,-0.5647,4,0.1000,1.0000,4,4,4,0,0,4,4,0.0000
4,184.0000,20,19,815.4129,-87.1413,0.3394,8,0.2000,0.7500,8,6,6,0,0,6,6,0.0000
4,184.0000,20,22,307.3321,-79.2641,0.4089,31,0.7750,0.4000,5,5,1,0,0,5,1,0.8000
4,184.0000,20,23,326.9517,-80.3463,0.1925,23,0.5750,0.5714,7,5,2,0,0,5,2,0.6000
4,184.0000,20,24,762.7836,-85.7419,0.0684,7,0.1750,0.8750,8,8,8,0,0,8,8,0.0000
4,184.0000,20,26,866.1910,-88.3914,-0.0950,4,0.1000,1.0000,6,5,4,0,0,5,4,0.2000
4,184.0000,20,28,634.1644,-86.5217,-0.3838,11,0.2750,1.0000,8,7,6,0,0,7,6,0.1429
4,184.0000,20,29,909.9000,-87.6831,-0.0780,5,0.1250,1.0000,8,8,8,0,0,8,8,0.0000
4,184.0000,20,30,694.0802,-85.9884,-2.0217,7,0.1750,0.8571,7,8,8,0,0,8,8,0.0000
4,184.0000,20,31,637.8689,-86.1882,-0.5513,8,0.2000,1.0000,6,7,6,0,0,7,6,0.1429
4,184.0000,20,32,1103.3537,-89.0811,-0.4858,3,0.0750,1.0000,4,4,4,0,0,4,4,0.0000
4,184.0000,20,33,370.6262,-80.9500,-0.2127,26,0.6500,0.4000,5,7,6,0,0,7,6,0.1429
4,184.0000,20,35,970.4605,-88.4292,-0.7506,6,0.1500,,0,6,6,0,0,6,6,0.0000
4,184.0000,20,37,474.8094,-83.0015,-0.0122,20,0.5000,0.4000,5,7,5,0,0,7,5,0.2857
4,184.0000,20,38,397.1810,-81.6843,-0.1684,18,0.4500,1.0000,8,6,4,0,0,6,4,0.3333
4,184.0000,20,39,494.2471,-82.0006,-0.4918,15,0.3750,0.8571,7,6,4,0,0,6,4,0.3333
4,184.0000,20,40,962.8736,-88.4915,-1.0614,3,0.0750,1.0000,2,8,8,0,0,8,8,0.0000
4,184.0000,20,41,284.2981,-78.9832,0.6431,24,0.6000,0.8030,66,4,0,48,41,52,41,0.2115
4,184.0000,20,42,895.2475,-87.3157,0.1665,10,0.2500,1.0000,8,2,2,0,0,2,2,0.0000
4,184.0000,20,43,414.5636,-81.6771,0.3761,18,0.4500,0.9412,17,6,4,0,0,6,4,0.3333
4,184.0000,20,44,838.6454,-88.2696,-0.1345,6,0.1500,1.0000,6,10,10,0,0,10,10,0.0000
4,184.0000,20,46,590.9646,-84.6391,0.5105,16,0.4000,0.6667,6,6,4,0,0,6,4,0.3333
4,184.0000,20,47,451.0861,-83.4474,0.1639,17,0.4250,0.8571,7,7,5,0,0,7,5,0.2857
4,184.0000,21,0,482.5867,-83.8690,0.3270,13,0.3250,1.0000,8,5,2,0,0,5,2,0.6000
4,184.0000,21,1,757.1541,-85.9417,-2.1225,3,0.0750,1.0000,8,9,8,0,0,9,8,0.1111
4,184.0000,21,5,789.3010,-86.9658,-1.2803,3,0.0750,1.0000,8,8,8,0,0,8,8,0.0000
4,184.0000,21,12,223.4068,-77.0498,0.3648,26,0.6500,0.3333,6,6,2,0,0,6,2,0.6667
4,184.0000,21,13,898.0461,-88.2485,-0.3593,3,0.0750,1.0000,8,8,8,0,0,8,8,0.0000
4,184.0000,21,18,573.6938,-85.8870,0.6110,4,0.1000,0.8571,7,8,8,0,0,8,8,0.0000
4,184.0000,21,19,798.5368,-85.8992,-0.8922,3,0.0750,1.0000,8,8,8,0,0,8,8,0.0000
4,184.0000,21,26,513.5805,-82.3727,-1.4859,8,0.2000,0.7500,8,8,8,0,0,8,8,0.0000
4,184.0000,21,32,876.1865,-87.8709,0.6352,3,0.0750,0.8750,8,7,6,0,0,7,6,0.1429
4,184.0000,21,34,661.7604,-87.6938,1.2855,3,0.0750,1.0000,8,8,8,0,0,8,8,0.0000
4,184.0000,21,36,843.0819,-88.2415,-0.5060,3,0.0750,1.0000,8,6,6,0,0,6,6,0.0000
4,184.0000,21,40,372.4353,-78.9320,-0.6196,17,0.4250,0.7500,8,7,6,0,0,7,6,0.1429
4,184.0000,21,44,587.1981,-85.1535,-1.0319,5,0.1250,0.7143,7,8,8,0,0,8,8,0.0000
4,184.0000,21,45,263.3320,-78.3808,0.0383,33,0.8250,0.2000,5,5,1,0,0,5,1,0.8000
4,184.0000,22,2,706.7683,-84.2401,1.9000,3,0.0750,1.0000,2,8,8,0,0,8,8,0.0000
4,184.0000,22,3,449.1463,-84.2148,-0.0924,5,0.1250,1.0000,8,7,5,0,0,7,5,0.2857
4,184.0000,22,4,935.4824,-87.8332,-0.7147,3,0.0750,,0,2,0,0,0,2,0,1.0000
4,184.0000,22,6,698.5655,-85.6405,1.8836,3,0.0750,1.0000,8,5,4,0,0,5,4,0.2000
4,184.0000,22,7,462.6003,-82.2497,0.5425,5,0.1250,1.0000,8,7,6,0,0,7,6,0.1429
4,184.0000,22,8,374.0801,-81.8542,-0.1946,7,0.1750,1.0000,8,7,5,0,0,7,5,0.2857
4,184.0000,22,9,769.4768,-85.5442,4.6277,5,0.1250,1.0000,8,8,8,0,0,8,8,0.0000
4,184.0000,22,16,355.5139,-81.4318,2.4780,6,0.1500,0.6667,6,6,4,0,0,6,4,0.3333
4,184.0000,22,19,923.3604,-88.0476,0.7245,3,0.0750,0.8750,8,8,8,0,0,8,8,0.0000
4,184.0000,22,20,307.3321,-77.8460,-1.1358,13,0.3250,0.5000,6,6,3,0,0,6,3,0.5000
4,184.0000,22,23,541.1398,-83.7802,-0.2213,5,0.1250,1.0000,8,8,8,0,0,8,8,0.0000
4,184.0000,22,24,731.7185,-87.1536,0.1808,5,0.1250,0.8571,7,2,2,0,0,2,2,0.0000
4,184.0000,22,28,913.7703,-87.6882,4.1878,3,0.0750,1.0000,6,6,6,0,0,6,6,0.0000
4,184.0000,22,33,399.2517,-81.6859,-0.4756,16,0.4000,0.6667,6,7,5,0,0,7,5,0.2857
4,184.0000,22,37,773.5669,-87.0658,0.3898,4,0.1000,1.0000,8,6,4,0,0,6,4,0.3333
4,184.0000,22,38,642.0303,-86.1701,-1.4176,3,0.0750,1.0000,8,8,8,0,0,8,8,0.0000
4,184.0000,22,41,476.7048,-81.4811,0.2819,4,0.1000,0.8571,7,8,7,0,0,8,7,0.1250
4,184.0000,22,43,486.6801,-83.1352,-1.5890,5,0.1250,1.0000,8,8,7,0,0,8,7,0.1250
4,184.0000,22,46,889.6720,-87.1619,-0.8207,3,0.0750,1.0000,8,8,8,0,0,8,8,0.0000
4,184.0000,23,2,801.8365,-88.4630,-0.4186,3,0.0750,0.8333,6,6,5,0,0,6,5,0.1667
4,184.0000,23,3,363.3762,-80.0999,-0.3145,16,0.4000,0.7143,7,7,6,0,0,7,6,0.1429
4,184.0000,23,4,817.2871,-87.8490,-1.1175,5,0.1250,,0,6,6,0,0,6,6,0.0000
4,184.0000,23,5,1066.2455,-88.7805,-0.0250,3,0.0750,,0,8,8,0,0,8,8,0.0000
4,184.0000,23,6,801.1039,-88.0718,1.2241,6,0.1500,0.9877,81,6,6,0,0,6,6,0.0000
4,184.0000,23,7,633.3223,-83.9793,-0.2075,8,0.2000,1.0000,8,7,6,0,0,7,6,0.1429
4,184.0000,23,8,207.8257,-71.0442,-3.2538,28,0.7000,0.2000,5,8,8,0,0,8,8,0.0000
4,184.0000,23,9,661.6452,-85.7684,-0.3085,6,0.1500,0.8571,7,6,6,0,0,6,6,0.0000
4,184.0000,23,10,283.7942,-79.0505,0.7081,18,0.4500,0.7143,7,6,3,0,0,6,3,0.5000
4,184.0000,23,12,1030.3265,-89.2649,1.9129,3,0.0750,1.0000,6,3,2,0,0,3,2,0.3333
4,184.0000,23,13,532.5664,-83.6686,0.1073,11,0.2750,0.8750,8,7,4,0,0,7,4,0.4286
4,184.0000,23,15,576.4089,-83.8840,0.3426,9,0.2250,0.8750,8,7,4,0,0,7,4,0.4286
4,184.0000,23,16,376.5416,-80.2862,-1.1447,17,0.4250,1.0000,8,7,5,0,0,7,5,0.2857
4,184.0000,23,19,816.6440,-87.3846,-0.6257,6,0.1500,1.0000,6,8,8,0,0,8,8,0.0000
4,184.0000,23,20,326.9517,-80.6992,-0.3674,17,0.4250,0.5714,7,7,5,5,4,12,9,0.2500
4,184.0000,23,22,541.1398,-83.8034,-0.2806,12,0.3000,1.0000,8,6,4,0,0,6,4,0.3333
4,184.0000,23,26,714.2325,-86.0833,0.0120,6,0.1500,1.0000,6,6,6,0,0,6,6,0.0000
4,184.0000,23,28,451.6133,-82.9455,-0.8377,13,0.3250,0.8571,7,7,5,0,0,7,5,0.2857
4,184.0000,23,30,442.5270,-82.5427,-0.5448,8,0.2000,0.7500,8,7,5,0,0,7,5,0.2857
4,184.0000,23,31,461.0309,-83.1807,-0.0143,11,0.2750,1.0000,8,7,6,0,0,7,6,0.1429
4,184.0000,23,33,640.5724,-85.7552,0.9203,12,0.3000,0.6667,6,7,5,0,0,7,5,0.2857
4,184.0000,23,37,433.9288,-83.5050,-0.6347,14,0.3500,0.5000,6,8,8,0,0,8,8,0.0000
4,184.0000,23,38,481.9726,-83.5535,-0.5463,16,0.4000,0.7500,8,8,8,0,0,8,8,0.0000
4,184.0000,23,39,525.0532,-82.5815,-0.3834,10,0.2500,0.6667,6,8,8,0,0,8,8,0.0000
4,184.0000,23,40,783.3988,-88.2928,0.5360,3,0.0750,1.0000,8,7,6,0,0,7,6,0.1429
4,184.0000,23,41,335.4356,-79.8305,0.2590,15,0.3750,0.4286,7,8,6,0,0,8,6,0.2500
4,184.0000,23,43,477.9282,-83.9653,-0.2437,10,0.2500,0.8571,7,7,5,0,0,7,5,0.2857
4,184.0000,23,44,626.6857,-86.0664,2.0263,6,0.1500,0.6667,6,8,8,0,0,8,8,0.0000
4,184.0000,23,46,440.2520,-81.9108,0.7517,16,0.4000,1.0000,8,7,6,0,0,7,6,0.1429
4,184.0000,23,47,422.7131,-82.7994,-0.4888,14,0.3500,1.0000,8,7,6,0,0,7,6,0.1429
4,184.0000,24,2,476.7191,-83.2171,0.4433,15,0.3750,1.0000,8,8,7,0,0,8,7,0.1250
4,184.0000,24,3,698.5879,-87.4205,5.1536,3,0.0750,0.8750,8,8,8,0,0,8,8,0.0000
4,184.0000,24,4,821.1449,-88.0807,0.4518,5,0.1250,1.0000,8,8,8,0,0,8,8,0.0000
4,184.0000,24,6,369.5257,-79.7863,-1.0014,28,0.7000,0.7143,7,8,8,0,0,8,8,0.0000
4,184.0000,24,11,971.8063,-88.6911,-1.5391,3,0.0750,1.0000,6,2,2,0,0,2,2,0.0000
4,184.0000,24,14,744.0755,-86.0526,-0.4181,9,0.2250,1.0000,8,8,8,0,0,8,8,0.0000
4,184.0000,24,15,826.0228,-86.3998,-1.1927,4,0.1000,0.6667,6,8,8,0,0,8,8,0.0000
4,184.0000,24,20,762.7836,-86.7551,0.6545,6,0.1500,1.0000,8,8,8,0,0,8,8,0.0000
4,184.0000,24,33,401.9584,-80.3418,-0.9028,22,0.5500,0.8571,7,7,6,0,0,7,6,0.1429
4,184.0000,24,35,809.6776,-86.8644,-1.0853,8,0.2000,1.0000,8,8,7,0,0,8,7,0.1250
4,184.0000,24,38,707.4057,-85.0414,1.1988,6,0.1500,1.0000,8,8,8,0,0,8,8,0.0000
4,184.0000,24,42,309.5733,-80.1414,1.0134,35,0.8750,0.5000,6,4,0,0,0,4,0,1.0000
4,184.0000,25,0,859.0336,-86.4379,-0.4712,4,0.1000,1.0000,8,8,8,0,0,8,8,0.0000
4,184.0000,25,1,302.7596,-79.0978,-0.3272,27,0.6750,0.5000,6,4,2,0,0,4,2,0.5000
4,184.0000,25,5,238.4456,-77.8300,0.8987,31,0.7750,0.5000,6,4,0,0,0,4,0,1.0000
4,184.0000,25,9,538.4521,-84.7899,0.0990,9,0.2250,1.0000,8,7,6,0,0,7,6,0.1429
4,184.0000,25,12,772.2607,-86.2767,-0.7639,7,0.1750,1.0000,8,8,8,0,0,8,8,0.0000
4,184.0000,25,18,562.9635,-85.5365,-0.9692,9,0.2250,1.0000,8,8,8,0,0,8,8,0.0000
4,184.0000,25,19,441.2917,-81.3249,-0.5264,14,0.3500,0.5000,6,8,7,0,0,8,7,0.1250
4,184.0000,25,21,956.3919,-88.4192,0.5521,3,0.0750,1.0000,2,6,6,0,0,6,6,0.0000
4,184.0000,25,26,783.0778,-87.9064,-0.5407,8,0.2000,1.0000,8,6,4,0,0,6,4,0.3333
4,184.0000,25,27,355.5804,-80.8406,-0.5760,27,0.6750,0.5000,6,7,5,0,0,7,5,0.2857
4,184.0000,25,29,288.0530,-76.1101,-1.5103,34,0.8500,0.0000,4,8,6,0,0,8,6,0.2500
4,184.0000,25,32,103.4948,-72.4397,2.2117,31,0.7750,0.4000,5,5,1,0,0,5,1,0.8000
4,184.0000,25,34,388.7169,-82.2450,-0.5035,19,0.4750,0.8571,7,7,5,0,0,7,5,0.2857
4,184.0000,25,36,280.1129,-78.4157,-0.1971,32,0.8000,0.2000,5,6,2,0,0,6,2,0.6667
4,184.0000,25,39,754.6426,-86.2481,-0.4539,6,0.1500,1.0000,8,8,8,0,0,8,8,0.0000
4,184.0000,25,40,778.4866,-85.1714,0.2204,3,0.0750,1.0000,8,8,8,0,0,8,8,0.0000
4,184.0000,25,41,918.1233,-87.5151,0.2555,6,0.1500,1.0000,8,6,6,0,0,6,6,0.0000
4,184.0000,25,43,761.6601,-86.0753,-1.1603,6,0.1500,1.0000,8,8,8,0,0,8,8,0.0000
4,184.0000,25,44,1004.1161,-88.7013,0.0404,3,0.0750,1.0000,6,8,8,0,0,8,8,0.0000
4,184.0000,25,45,960.0788,-86.4253,-1.9812,4,0.1000,1.0000,2,4,4,0,0,4,4,0.0000
4,184.0000,26,0,818.1321,-85.9105,0.0780,13,0.3250,1.0000,4,7,6,0,0,7,6,0.1429
4,184.0000,26,1,707.3420,-84.8562,-0.9151,10,0.2500,0.7143,7,5,4,0,0,5,4,0.2000
4,184.0000,26,5,568.9682,-84.7333,0.6825,14,0.3500,0.8571,7,7,5,0,0,7,5,0.2857
4,184.0000,26,8,728.9125,-87.4141,1.1496,3,0.0750,1.0000,8,7,6,0,0,7,6,0.1429
4,184.0000,26,9,419.3922,-82.7970,0.3422,9,0.2250,1.0000,8,6,6,0,0,6,6,0.0000
4,184.0000,26,10,610.4011,-84.9355,-0.1946,6,0.1500,1.0000,6,8,7,0,0,8,7,0.1250
4,184.0000,26,12,355.9511,-80.0824,0.1559,23,0.5750,0.6667,6,6,3,0,0,6,3,0.5000
4,184.0000,26,13,510.4389,-83.6932,-0.1448,12,0.3000,0.8571,7,7,6,0,0,7,6,0.1429
4,184.0000,26,16,808.4565,-86.7655,0.9341,3,0.0750,1.0000,8,8,8,0,0,8,8,0.0000
4,184.0000,26,18,444.3775,-81.3555,-0.1553,26,0.6500,0.5000,6,8,7,0,0,8,7,0.1250
4,184.0000,26,19,417.7710,-83.3270,0.3026,10,0.2500,0.8571,7,7,6,0,0,7,6,0.1429
4,184.0000,26,21,513.5805,-81.2426,-0.4252,21,0.5250,0.8571,7,8,8,0,0,8,8,0.0000
4,184.0000,26,25,783.0778,-86.4468,-0.2720,4,0.1000,1.0000,8,8,8,0,0,8,8,0.0000
4,184.0000,26,27,947.2786,-88.0322,-0.2272,5,0.1250,1.0000,6,6,5,0,0,6,5,0.1667
4,184.0000,26,28,481.9584,-84.9170,-1.9442,5,0.1250,1.0000,6,8,7,0,0,8,7,0.1250
4,184.0000,26,29,693.4708,-86.6136,0.0892,6,0.1500,1.0000,8,7,6,0,0,7,6,0.1429
4,184.0000,26,30,570.3845,-85.3521,1.6937,9,0.2250,1.0000,8,8,8,0,0,8,8,0.0000
4,184.0000,26,31,444.5020,-83.1258,0.6959,10,0.2500,0.8571,7,8,8,0,0,8,8,0.0000
4,184.0000,26,32,681.4381,-85.6199,0.3777,11,0.2750,1.0000,8,8,8,0,0,8,8,0.0000
4,184.0000,26,34,555.4564,-83.8465,0.9512,10,0.2500,0.7143,7,8,8,0,0,8,8,0.0000
4,184.0000,26,36,812.4285,-87.5435,-0.4467,5,0.1250,1.0000,4,4,4,0,0,4,4,0.0000
4,184.0000,26,39,462.8399,-83.6135,1.2831,7,0.1750,1.0000,8,7,6,0,0,7,6,0.1429
4,184.0000,26,40,172.7397,-73.1605,-0.2686,37,0.9250,0.0000,4,4,0,0,0,4,0,1.0000
4,184.0000,26,43,604.6376,-84.6644,0.3533,4,0.1000,0.8571,7,8,8,0,0,8,8,0.0000
4,184.0000,26,44,227.3428,-78.2020,1.0549,29,0.7250,0.2000,5,4,0,0,0,4,0,1.0000
4,184.0000,26,45,710.1246,-84.5667,-0.9593,17,0.4250,1.0000,6,7,6,0,0,7,6,0.1429
4,184.0000,27,0,673.2277,-84.7827,-0.1442,12,0.3000,1.0000,8,8,7,0,0,8,7,0.1250
4,184.0000,27,1,280.6742,-79.0755,0.2963,30,0.7500,0.5000,6,6,3,0,0,6,3,0.5000
4,184.0000,27,5,471.7377,-82.6353,-1.1106,18,0.4500,0.5000,6,8,7,0,0,8,7,0.1250
4,184.0000,27,12,792.2070,-87.5825,0.5194,5,0.1250,1.0000,6,8,8,0,0,8,8,0.0000
4,184.0000,27,18,638.2283,-85.5494,0.7645,12,0.3000,0.8750,8,8,7,0,0,8,7,0.1250
4,184.0000,27,19,721.9811,-84.8151,-1.2196,6,0.1500,1.0000,8,6,6,0,0,6,6,0.0000
4,184.0000,27,21,927.0257,-88.5498,-1.4056,3,0.0750,1.0000,6,6,6,0,0,6,6,0.0000
4,184.0000,27,25,355.5804,-80.4456,0.3056,26,0.6500,0.5714,7,7,4,0,0,7,4,0.4286
4,184.0000,27,26,947.2786,-86.6035,0.4381,3,0.0750,1.0000,8,8,8,0,0,8,8,0.0000
4,184.0000,27,29,640.0636,-84.5002,0.2855,8,0.2000,0.8571,7,8,8,0,0,8,8,0.0000
4,184.0000,27,32,400.0405,-81.9506,-0.4696,17,0.4250,0.5714,7,7,5,0,0,7,5,0.2857
4,184.0000,27,34,455.6302,-81.9264,-0.7831,18,0.4500,0.8750,8,7,6,0,0,7,6,0.1429
4,184.0000,27,36,170.0380,-72.4145,-1.0026,34,0.8500,0.0000,4,3,0,0,0,3,0,1.0000
4,184.0000,27,45,839.0113,-87.7332,0.0515,9,0.2250,1.0000,8,8,8,0,0,8,8,0.0000
4,184.0000,28,3,626.0609,-84.7913,-0.9933,4,0.1000,0.8571,7,7,6,0,0,7,6,0.1429
4,184.0000,28,8,547.7867,-83.0314,-0.7188,5,0.1250,1.0000,8,8,8,0,0,8,8,0.0000
4,184.0000,28,10,208.8550,-72.3593,-1.1653,32,0.8000,0.0000,5,5,3,0,0,5,3,0.4000
4,184.0000,28,13,109.3298,-67.8319,-0.3307,33,0.8250,0.0000,5,5,1,0,0,5,1,0.8000
4,184.0000,28,15,636.3631,-84.4305,0.3102,6,0.1500,0.8571,7,7,5,0,0,7,5,0.2857
4,184.0000,28,16,607.3574,-82.6750,-1.9656,4,0.1000,0.6667,6,8,8,0,0,8,8,0.0000
4,184.0000,28,20,634.1644,-83.3423,0.6947,4,0.1000,1.0000,8,8,8,0,0,8,8,0.0000
4,184.0000,28,23,451.6133,-80.9500,0.2387,10,0.2500,0.8571,7,8,8,0,0,8,8,0.0000
4,184.0000,28,26,481.9584,-84.1093,0.5741,8,0.2000,1.0000,6,8,7,0,0,8,7,0.1250
4,184.0000,28,30,176.2106,-73.9929,-0.2212,33,0.8250,0.2000,5,4,0,0,0,4,0,1.0000
4,184.0000,28,31,39.5100,-66.0936,2.5250,34,0.8500,0.2000,5,4,0,0,0,4,0,1.0000
4,184.0000,28,37,421.5743,-81.4736,-0.1989,14,0.3500,0.7500,8,8,8,0,0,8,8,0.0000
4,184.0000,28,38,653.6669,-83.7221,0.3699,5,0.1250,0.8571,7,8,8,0,0,8,8,0.0000
4,184.0000,28,39,496.6154,-83.0196,0.3212,8,0.2000,0.8571,7,8,8,0,0,8,8,0.0000
4,184.0000,28,40,607.4282,-83.9334,1.0800,6,0.1500,1.0000,8,8,7,0,0,8,7,0.1250
4,184.0000,28,41,494.8270,-83.4288,-0.1047,6,0.1500,0.8571,7,8,7,0,0,8,7,0.1250
4,184.0000,28,44,326.3920,-79.3083,-0.9951,20,0.5000,0.6667,6,6,4,0,0,6,4,0.3333
4,184.0000,28,46,268.7997,-78.5687,0.1326,28,0.7000,0.5000,6,5,2,0,0,5,2,0.6000
4,184.0000,28,47,459.9892,-81.3060,-0.4578,17,0.4250,0.7143,7,8,7,0,0,8,7,0.1250
4,184.0000,29,1,509.7826,-82.1470,-0.3606,17,0.4250,0.6667,6,7,6,0,0,7,6,0.1429
4,184.0000,29,5,285.8641,-79.2196,0.1584,26,0.6500,0.5714,7,4,0,0,0,4,0,1.0000
4,184.0000,29,7,763.6032,-85.2313,-2.8265,3,0.0750,1.0000,6,8,8,0,0,8,8,0.0000
4,184.0000,29,9,372.4223,-80.0300,0.3977,10,0.2500,0.6667,6,6,3,0,0,6,3,0.5000
4,184.0000,29,12,814.3020,-85.9672,-0.3620,5,0.1250,1.0000,8,8,8,0,0,8,8,0.0000
4,184.0000,29,18,603.7042,-84.4864,0.6849,8,0.2000,0.6667,6,8,7,0,0,8,7,0.1250
4,184.0000,29,19,279.4155,-77.3689,-0.2148,20,0.5000,0.2000,5,5,2,0,0,5,2,0.6000
4,184.0000,29,25,288.0530,-76.1892,-1.2156,37,0.9250,0.2000,5,5,1,0,0,5,1,0.8000
4,184.0000,29,26,693.4708,-86.2238,-0.6894,5,0.1250,1.0000,8,8,7,0,0,8,7,0.1250
4,184.0000,29,27,640.0636,-84.2258,-0.4775,11,0.2750,1.0000,8,7,6,0,0,7,6,0.1429
4,184.0000,29,31,942.6025,-88.1869,-0.4147,3,0.0750,1.0000,4,8,8,0,0,8,8,0.0000
4,184.0000,29,32,252.3290,-75.9233,-1.4806,32,0.8000,0.5714,7,5,1,0,0,5,1,0.8000
4,184.0000,29,34,496.9834,-83.5036,0.3924,14,0.3500,0.8571,7,8,7,0,0,8,7,0.1250
4,184.0000,29,36,536.8507,-83.0804,-0.3398,17,0.4250,0.8000,5,8,8,0,0,8,8,0.0000
4,184.0000,29,39,515.3586,-85.8911,-0.5984,4,0.1000,0.8571,7,7,6,0,0,7,6,0.1429
4,184.0000,29,40,741.8383,-87.8766,0.0694,4,0.1000,0.8571,7,7,6,0,0,7,6,0.1429
4,184.0000,29,43,529.9876,-82.2571,-0.2083,6,0.1500,1.0000,8,7,6,0,0,7,6,0.1429
4,184.0000,30,3,667.8924,-83.8347,1.4678,6,0.1500,1.0000,8,7,6,0,0,7,6,0.1429
4,184.0000,30,8,595.4027,-83.8509,-1.0421,7,0.1750,0.8571,7,8,8,0,0,8,8,0.0000
4,184.0000,30,9,780.7170,-87.6390,-0.0316,4,0.1000,1.0000,8,8,8,0,0,8,8,0.0000
4,184.0000,30,10,268.6613,-75.1877,-0.8060,20,0.5000,0.4000,5,6,6,0,0,6,6,0.0000
4,184.0000,30,12,869.4037,-87.2672,0.8820,3,0.0750,1.0000,6,8,8,0,0,8,8,0.0000
4,184.0000,30,13,149.5027,-75.0427,0.8537,30,0.7500,0.4000,5,5,1,0,0,5,1,0.8000
4,184.0000,30,16,694.3290,-86.3557,-0.9124,6,0.1500,1.0000,8,8,8,0,0,8,8,0.0000
4,184.0000,30,18,998.9497,-87.7319,1.0104,4,0.1000,1.0000,8,6,6,0,0,6,6,0.0000
4,184.0000,30,20,694.0802,-86.1088,1.2199,4,0.1000,1.0000,4,7,6,0,0,7,6,0.1429
4,184.0000,30,21,928.1459,-88.9706,1.4897,3,0.0750,1.0000,2,8,8,0,0,8,8,0.0000
4,184.0000,30,23,442.5270,-81.4905,0.2948,8,0.2000,0.5000,6,8,7,0,0,8,7,0.1250
4,184.0000,30,26,570.3845,-85.7687,-0.1306,7,0.1750,0.8571,7,8,8,0,0,8,8,0.0000
4,184.0000,30,28,176.2106,-72.8878,-0.6160,27,0.6750,0.2000,5,4,0,0,0,4,0,1.0000
4,184.0000,30,31,203.4655,-76.2268,0.4318,28,0.7000,0.4000,5,5,1,0,0,5,1,0.8000
4,184.0000,30,33,988.7636,-89.3419,-0.5112,3,0.0750,1.0000,4,8,8,0,0,8,8,0.0000
4,184.0000,30,37,452.4473,-81.8720,-0.9539,8,0.2000,0.6667,6,8,8,0,0,8,8,0.0000
4,184.0000,30,39,635.9368,-82.9551,0.8064,4,0.1000,1.0000,8,8,8,0,0,8,8,0.0000
4,184.0000,30,40,658.8071,-85.1417,1.3026,5,0.1250,1.0000,8,8,8,0,0,8,8,0.0000
4,184.0000,30,41,592.3304,-85.4660,1.9774,4,0.1000,1.0000,8,7,6,0,0,7,6,0.1429
4,184.0000,30,43,739.8351,-85.8966,-1.3808,4,0.1000,1.0000,8,8,8,0,0,8,8,0.0000
4,184.0000,30,44,371.2326,-80.6669,0.5609,20,0.5000,0.3333,6,8,8,0,0,8,8,0.0000
4,184.0000,30,46,268.0728,-78.3883,-0.1733,21,0.5250,0.8571,7,6,3,0,0,6,3,0.5000
4,184.0000,30,47,483.3326,-81.0258,-0.6514,9,0.2250,0.7778,9,7,5,0,0,7,5,0.2857
4,184.0000,31,3,640.6003,-86.8136,0.0401,6,0.1500,0.8571,7,8,8,0,0,8,8,0.0000
4,184.0000,31,4,1094.9636,-88.9940,1.0224,4,0.1000,,0,4,4,0,0,4,4,0.0000
4,184.0000,31,5,926.5711,-89.2023,0.2705,4,0.1000,1.0000,8,6,6,0,0,6,6,0.0000
4,184.0000,31,7,764.1092,-87.7741,0.9631,5,0.1250,1.0000,8,6,6,0,0,6,6,0.0000
4,184.0000,31,8,546.5757,-85.8205,0.0657,9,0.2250,1.0000,8,8,8,0,0,8,8,0.0000
4,184.0000,31,9,642.0844,-84.9476,0.0340,5,0.1250,1.0000,8,8,8,0,0,8,8,0.0000
4,184.0000,31,10,227.1549,-75.0062,-0.9790,30,0.7500,0.4286,7,7,4,2,0,9,4,0.5556
4,184.0000,31,12,779.6120,-87.7361,0.1012,9,0.2250,0.8571,7,8,6,0,0,8,6,0.2500
4,184.0000,31,13,127.7842,-62.0801,-6.0851,35,0.8750,0.1071,84,4,0,82,11,86,11,0.8721
4,184.0000,31,15,666.2968,-87.3485,-0.4624,10,0.2500,1.0000,8,8,7,0,0,8,7,0.1250
4,184.0000,31,16,605.7259,-84.2061,-0.8693,7,0.1750,1.0000,8,8,8,0,0,8,8,0.0000
4,184.0000,31,18,845.1013,-87.1130,0.8575,7,0.1750,0.8750,8,6,6,0,0,6,6,0.0000
4,184.0000,31,19,692.0599,-86.9512,0.3653,8,0.2000,1.0000,6,7,6,0,0,7,6,0.1429
4,184.0000,31,20,637.8689,-85.8992,-0.3785,3,0.0750,1.0000,6,8,8,0,0,8,8,0.0000
4,184.0000,31,21,884.1026,-86.6650,0.3883,5,0.1250,,0,6,6,0,0,6,6,0.0000
4,184.0000,31,23,461.0309,-83.1046,0.3240,8,0.2000,0.8750,8,7,6,0,0,7,6,0.1429
4,184.0000,31,26,444.5020,-83.0591,-0.0714,11,0.2750,0.8571,7,6,3,0,0,6,3,0.5000
4,184.0000,31,28,39.5100,-65.9657,2.4764,34,0.8500,0.0000,4,5,1,0,0,5,1,0.8000
4,184.0000,31,29,942.6025,-87.9937,1.3535,3,0.0750,1.0000,8,4,4,0,0,4,4,0.0000
4,184.0000,31,30,203.4655,-75.9069,0.3686,32,0.8000,0.4286,7,6,1,0,0,6,1,0.8333
4,184.0000,31,32,1029.4162,-88.0915,0.7537,3,0.0750,1.0000,8,8,8,0,0,8,8,0.0000
4,184.0000,31,37,450.1976,-84.1519,-0.4432,9,0.2250,0.5000,6,7,5,0,0,7,5,0.2857
4,184.0000,31,38,677.7112,-86.0753,-0.5688,7,0.1750,0.8571,7,8,8,0,0,8,8,0.0000
4,184.0000,31,39,469.2587,-83.7492,1.2896,12,0.3000,0.8571,7,6,4,0,0,6,4,0.3333
4,184.0000,31,40,573.5529,-85.0194,0.1505,13,0.3250,1.0000,6,7,6,0,0,7,6,0.1429
4,184.0000,31,41,481.6109,-84.3434,0.8804,7,0.1750,1.0000,8,7,6,0,0,7,6,0.1429
4,184.0000,31,43,622.5526,-86.4666,-0.9619,6,0.1500,0.8750,8,8,7,0,0,8,7,0.1250
4,184.0000,31,44,297.6686,-77.5062,-0.8087,31,0.7750,0.2000,5,6,4,0,0,6,4,0.3333
4,184.0000,31,46,305.6084,-79.2057,0.2971,18,0.4500,0.8333,6,6,3,0,0,6,3,0.5000
4,184.0000,31,47,488.1877,-83.3693,-0.7564,11,0.2750,0.7500,8,8,8,0,0,8,8,0.0000
4,184.0000,32,0,812.9313,-87.7037,0.2768,9,0.2250,0.6667,6,8,8,0,0,8,8,0.0000
4,184.0000,32,1,270.1494,-77.8751,-0.0839,32,0.8000,0.0000,4,4,0,0,0,4,0,1.0000
4,184.0000,32,5,139.2359,-71.8192,0.2023,34,0.8500,0.0000,3,5,1,0,0,5,1,0.8000
4,184.0000,32,7,997.3645,-89.0174,0.0544,4,0.1000,1.0000,4,10,10,0,0,10,10,0.0000
4,184.0000,32,9,458.8116,-82.1674,-0.4217,13,0.3250,1.0000,8,7,6,0,0,7,6,0.1429
4,184.0000,32,12,684.2430,-83.7875,0.7546,8,0.2000,1.0000,8,8,8,0,0,8,8,0.0000
4,184.0000,32,16,1019.0482,-89.2687,-0.1704,4,0.1000,1.0000,8,2,2,0,0,2,2,0.0000
4,184.0000,32,18,474.1024,-83.4867,-0.6400,14,0.3500,1.0000,8,8,8,0,0,8,8,0.0000
4,184.0000,32,19,347.4956,-78.6194,-0.1337,25,0.6250,0.7143,7,7,6,0,0,7,6,0.1429
4,184.0000,32,21,876.1865,-86.8923,0.1054,5,0.1250,1.0000,8,6,6,0,0,6,6,0.0000
4,184.0000,32,25,103.4948,-71.9923,1.3060,38,0.9500,0.0000,4,4,0,0,0,4,0,1.0000
4,184.0000,32,26,681.4381,-85.5963,-0.1600,10,0.2500,0.8750,8,9,8,0,0,9,8,0.1111
4,184.0000,32,27,400.0405,-82.1402,0.2372,29,0.7250,0.0000,4,6,3,0,0,6,3,0.5000
4,184.0000,32,29,252.3290,-75.5484,-0.9809,34,0.8500,0.2000,5,5,1,0,0,5,1,0.8000
4,184.0000,32,31,1029.4162,-88.1359,-0.1244,3,0.0750,1.0000,8,2,2,0,0,2,2,0.0000
4,184.0000,32,34,312.3177,-79.6363,0.5077,27,0.6750,0.6667,6,7,4,0,0,7,4,0.4286
4,184.0000,32,36,289.1785,-79.8274,-0.1304,29,0.7250,0.4000,5,5,2,0,0,5,2,0.6000
4,184.0000,32,39,673.0034,-84.4797,0.0041,8,0.2000,1.0000,8,8,8,0,0,8,8,0.0000
4,184.0000,32,40,683.1342,-86.2796,0.2817,8,0.2000,0.8571,7,8,8,0,0,8,8,0.0000
4,184.0000,32,41,845.6238,-87.1722,-0.4617,5,0.1250,1.0000,8,8,8,0,0,8,8,0.0000
4,184.0000,32,43,699.7093,-85.4190,-0.8617,8,0.2000,1.0000,8,8,8,0,0,8,8,0.0000
4,184.0000,32,45,896.1180,-87.9568,1.0096,4,0.1000,1.0000,8,4,4,0,0,4,4,0.0000
4,184.0000,33,2,384.9059,-83.4598,0.9209,20,0.4878,1.0000,8,5,2,0,0,5,2,0.6000
4,184.0000,33,3,321.2909,-79.8816,0.0987,20,0.4878,0.5000,6,8,7,0,0,8,7,0.1250
4,184.0000,33,4,672.9517,-85.8253,1.0364,11,0.2683,1.0000,8,6,6,0,0,6,6,0.0000
4,184.0000,33,6,308.6471,-79.0291,0.1220,30,0.7317,0.5000,6,7,5,0,0,7,5,0.2857
4,184.0000,33,7,480.5797,-83.7301,0.5673,14,0.3415,0.5714,7,8,7,0,0,8,7,0.1250
4,184.0000,33,8,541.3777,-85.4768,0.4977,5,0.1220,1.0000,8,8,8,0,0,8,8,0.0000
4,184.0000,33,9,1031.2095,-88.6904,-0.3230,3,0.0732,1.0000,4,6,6,0,0,6,6,0.0000
4,184.0000,33,10,739.2472,-86.7560,0.2856,5,0.1220,1.0000,6,8,8,0,0,8,8,0.0000
4,184.0000,33,11,908.1969,-88.1102,0.5474,6,0.1463,0.8571,7,8,8,0,0,8,8,0.0000
4,184.0000,33,14,679.9569,-86.3375,-0.4597,7,0.1707,1.0000,8,8,8,0,0,8,8,0.0000
4,184.0000,33,15,573.6385,-84.9240,-0.0579,15,0.3659,1.0000,8,7,6,0,0,7,6,0.1429
4,184.0000,33,16,429.2760,-83.3350,0.2848,12,0.2927,0.8750,8,8,7,0,0,8,7,0.1250
4,184.0000,33,17,888.9043,-87.2265,0.6801,3,0.0732,1.0000,6,8,8,0,0,8,8,0.0000
4,184.0000,33,20,370.6262,-81.2938,0.0159,20,0.4878,0.7143,7,8,6,0,0,8,6,0.2500
4,184.0000,33,22,399.2517,-81.6218,-0.0227,21,0.5122,0.8333,6,7,5,0,0,7,5,0.2857
4,184.0000,33,23,640.5724,-84.8294,-0.3715,7,0.1707,1.0000,8,6,3,0,0,6,3,0.5000
4,184.0000,33,24,401.9584,-80.6351,-0.7849,30,0.7317,0.4000,5,7,5,0,0,7,5,0.2857
4,184.0000,33,35,784.0761,-86.6491,0.1126,9,0.2195,0.8750,8,7,5,0,0,7,5,0.2857
4,184.0000,33,37,632.8718,-85.5275,0.2400,9,0.2195,1.0000,8,6,4,0,0,6,4,0.3333
4,184.0000,33,38,406.3476,-82.2894,0.7828,14,0.3415,0.7143,7,7,6,0,0,7,6,0.1429
4,184.0000,33,41,644.8092,-84.7450,0.0964,7,0.1707,0.8750,8,8,8,0,0,8,8,0.0000
4,184.0000,33,42,538.3336,-85.1589,0.2559,22,0.5366,0.5000,6,6,6,0,0,6,6,0.0000
4,184.0000,33,43,749.6306,-86.7412,0.4746,7,0.1707,1.0000,8,8,8,0,0,8,8,0.0000
4,184.0000,33,46,814.1204,-87.0937,-1.0324,3,0.0732,0.8571,7,8,8,0,0,8,8,0.0000
4,184.0000,33,47,592.0909,-86.1587,-0.0922,7,0.1707,0.8750,8,7,6,0,0,7,6,0.1429
4,184.0000,34,0,564.8339,-82.8818,-0.5096,22,0.5500,0.8571,7,7,5,0,0,7,5,0.2857
4,184.0000,34,1,176.8023,-70.9315,-1.4547,37,0.9250,0.3333,6,5,2,0,0,5,2,0.6000
4,184.0000,34,5,212.3515,-74.7164,-0.6597,34,0.8500,0.4000,5,5,1,0,0,5,1,0.8000
4,184.0000,34,9,557.3979,-84.6684,0.9487,4,0.1000,0.8571,7,8,8,0,0,8,8,0.0000
4,184.0000,34,12,459.8753,-81.8282,-0.0832,16,0.4000,0.4000,5,8,7,0,0,8,7,0.1250
4,184.0000,34,18,191.0891,-77.9217,1.6957,26,0.6500,0.5000,6,5,1,0,0,5,1,0.8000
4,184.0000,34,19,406.6920,-82.6739,0.9946,11,0.2750,0.5714,7,5,2,0,0,5,2,0.6000
4,184.0000,34,21,661.7604,-85.8336,-0.5312,6,0.1500,1.0000,6,8,7,0,0,8,7,0.1250
4,184.0000,34,25,388.7169,-81.4150,0.2541,17,0.4250,1.0000,8,7,5,0,0,7,5,0.2857
4,184.0000,34,26,555.4564,-84.4619,-0.2814,9,0.2250,1.0000,8,8,7,0,0,8,7,0.1250
4,184.0000,34,27,455.6302,-81.3956,-0.7569,29,0.7250,0.0000,4,6,2,0,0,6,2,0.6667
4,184.0000,34,29,496.9834,-83.0432,-0.9386,17,0.4250,1.0000,8,7,6,0,0,7,6,0.1429
4,184.0000,34,32,312.3177,-79.9881,0.2010,26,0.6500,0.6667,6,5,1,0,0,5,1,0.8000
4,184.0000,34,36,293.5196,-79.1306,0.3143,32,0.8000,0.2500,4,7,4,0,0,7,4,0.4286
4,184.0000,34,40,548.3350,-85.2882,0.0712,5,0.1250,0.6667,6,7,6,0,0,7,6,0.1429
4,184.0000,34,44,779.0537,-85.9498,0.9586,3,0.0750,1.0000,6,7,6,0,0,7,6,0.1429
4,184.0000,34,45,651.5080,-84.6139,-0.1326,14,0.3500,0.8571,7,7,6,0,0,7,6,0.1429
4,184.0000,35,2,518.1234,-83.0138,-1.0796,19,0.4750,0.7500,8,8,8,0,0,8,8,0.0000
4,184.0000,35,3,782.4653,-87.6728,2.2856,3,0.0750,0.8750,8,7,6,0,0,7,6,0.1429
4,184.0000,35,4,392.7278,-80.7570,-0.1230,26,0.6500,0.2000,5,7,4,0,0,7,4,0.4286
4,184.0000,35,6,561.4067,-84.2405,0.6392,13,0.3250,1.0000,8,8,8,0,0,8,8,0.0000
4,184.0000,35,11,171.0854,-75.4521,0.6494,33,0.8250,0.0000,4,4,0,0,0,4,0,1.0000
4,184.0000,35,14,146.1059,-72.6872,1.4973,34,0.8500,0.0000,4,4,0,0,0,4,0,1.0000
4,184.0000,35,15,531.6434,-83.4727,0.2777,9,0.2250,0.8571,7,8,7,0,0,8,7,0.1250
4,184.0000,35,17,390.9898,-82.1215,0.2580,26,0.6500,0.5000,6,4,2,0,0,4,2,0.5000
4,184.0000,35,24,809.6776,-85.2044,-0.6109,13,0.3250,1.0000,8,8,8,0,0,8,8,0.0000
4,184.0000,35,33,784.0761,-85.2404,-0.3805,4,0.1000,1.0000,8,8,8,0,0,8,8,0.0000
4,184.0000,35,38,596.7734,-86.2548,-0.5827,6,0.1500,1.0000,8,8,8,0,0,8,8,0.0000
4,184.0000,35,42,878.6565,-86.8844,-0.4246,6,0.1500,1.0000,8,2,2,0,0,2,2,0.0000
4,184.0000,35,47,713.5791,-85.8982,0.4626,5,0.1250,1.0000,8,8,8,0,0,8,8,0.0000
4,184.0000,36,0,625.5996,-85.1132,0.2547,16,0.4000,0.6667,6,7,5,0,0,7,5,0.2857
4,184.0000,36,1,117.3278,-74.0495,2.0199,36,0.9000,0.0000,3,4,0,0,0,4,0,1.0000
4,184.0000,36,5,325.6400,-79.4070,0.1720,23,0.5750,0.4000,5,7,4,0,0,7,4,0.4286
4,184.0000,36,9,702.7425,-86.6395,-1.7359,3,0.0750,1.0000,8,6,6,0,0,6,6,0.0000
4,184.0000,36,12,680.6928,-85.3568,3.2189,3,0.0750,1.0000,8,8,8,0,0,8,8,0.0000
4,184.0000,36,18,479.8666,-84.1855,1.8750,12,0.3000,1.0000,8,8,6,0,0,8,6,0.2500
4,184.0000,36,19,585.8180,-84.7706,0.4289,7,0.1750,0.8571,7,7,6,0,0,7,6,0.1429
4,184.0000,36,21,843.0819,-86.4575,-0.8669,4,0.1000,1.0000,8,8,8,0,0,8,8,0.0000
4,184.0000,36,25,280.1129,-78.6379,0.6955,32,0.8000,0.0000,4,7,4,0,0,7,4,0.4286
4,184.0000,36,27,170.0380,-72.3300,-1.3867,37,0.9250,0.0000,4,4,0,0,0,4,0,1.0000
4,184.0000,36,29,536.8507,-82.6790,-1.0842,14,0.3500,0.8571,7,8,7,0,0,8,7,0.1250
4,184.0000,36,32,289.1785,-78.5063,0.5342,28,0.7000,0.4000,5,5,1,0,0,5,1,0.8000
4,184.0000,36,34,293.5196,-78.9655,0.6882,27,0.6750,0.4000,5,5,2,0,0,5,2,0.6000
4,184.0000,36,45,776.9087,-86.4108,-0.4688,7,0.1750,0.8571,7,6,6,0,0,6,6,0.0000
4,184.0000,37,2,727.0644,-86.8744,-0.0097,13,0.3171,1.0000,8,8,8,0,0,8,8,0.0000
4,184.0000,37,3,343.1397,-79.3152,-0.8617,18,0.4390,0.8571,7,8,8,0,0,8,8,0.0000
4,184.0000,37,4,697.7572,-86.6285,-0.8624,10,0.2439,1.0000,6,6,5,0,0,6,5,0.1667
4,184.0000,37,6,605.5472,-85.1492,0.4545,11,0.2683,1.0000,8,7,5,0,0,7,5,0.2857
4,184.0000,37,7,644.8098,-83.9329,-0.5781,11,0.2683,0.8571,7,8,8,0,0,8,8,0.0000
4,184.0000,37,8,509.2425,-83.5187,-0.0307,14,0.3415,0.5000,6,8,7,0,0,8,7,0.1250
4,184.0000,37,9,909.9783,-86.4110,-1.0936,5,0.1220,1.0000,8,8,8,0,0,8,8,0.0000
4,184.0000,37,10,273.6582,-78.6010,0.6484,20,0.4878,0.8571,7,6,2,0,0,6,2,0.6667
4,184.0000,37,11,774.2183,-85.9500,-1.0060,6,0.1463,1.0000,6,8,8,0,0,8,8,0.0000
4,184.0000,37,13,475.4989,-82.6349,0.3143,14,0.3415,1.0000,8,7,5,0,0,7,5,0.2857
4,184.0000,37,14,616.7632,-86.3372,0.7577,15,0.3659,0.6667,6,8,8,0,0,8,8,0.0000
4,184.0000,37,15,217.2445,-78.9846,1.3522,28,0.6829,0.6667,6,4,0,0,0,4,0,1.0000
4,184.0000,37,16,488.2406,-83.2038,-0.5648,15,0.3659,0.3333,6,8,8,0,0,8,8,0.0000
4,184.0000,37,17,811.3927,-88.4001,-0.6700,5,0.1220,1.0000,4,6,6,0,0,6,6,0.0000
4,184.0000,37,19,986.7925,-88.8371,-0.0961,4,0.0976,1.0000,2,4,4,0,0,4,4,0.0000
4,184.0000,37,20,474.8094,-83.8635,-1.7300,14,0.3415,1.0000,8,7,5,0,0,7,5,0.2857
4,184.0000,37,22,773.5669,-85.6214,-0.3524,7,0.1707,1.0000,8,8,8,0,0,8,8,0.0000
4,184.0000,37,23,433.9288,-82.7158,-0.2798,13,0.3171,0.7143,7,8,8,0,0,8,8,0.0000
4,184.0000,37,24,948.6469,-88.0172,-0.4462,6,0.1463,0.8750,8,4,4,0,0,4,4,0.0000
4,184.0000,37,26,868.2028,-88.5585,-0.0247,5,0.1220,0.6667,3,6,6,0,0,6,6,0.0000
4,184.0000,37,28,421.5743,-82.2295,0.0470,16,0.3902,0.8571,7,8,7,0,0,8,7,0.1250
4,184.0000,37,30,452.4473,-82.6384,-0.6965,13,0.3171,0.8750,8,8,8,0,0,8,8,0.0000
4,184.0000,37,31,450.1976,-83.4794,0.0367,13,0.3171,0.8750,8,8,8,0,0,8,8,0.0000
4,184.0000,37,33,632.8718,-85.5619,0.1343,8,0.1951,1.0000,8,8,6,0,0,8,6,0.2500
4,184.0000,37,35,746.6176,-86.3200,-0.4738,9,0.2195,1.0000,6,7,6,0,0,7,6,0.1429
4,184.0000,37,38,260.7834,-76.1067,-0.7907,27,0.6585,0.3333,6,7,3,2,1,9,4,0.5556
4,184.0000,37,39,660.2188,-84.9387,0.3982,11,0.2683,1.0000,8,8,8,0,0,8,8,0.0000
4,184.0000,37,40,995.4149,-88.8197,-0.4778,6,0.1463,1.0000,4,6,6,0,0,6,6,0.0000
4,184.0000,37,41,547.3247,-83.1680,-1.2607,10,0.2439,0.8571,7,8,8,0,0,8,8,0.0000
4,184.0000,37,43,741.0079,-86.9465,1.1396,4,0.0976,1.0000,8,7,6,0,0,7,6,0.1429
4,184.0000,37,44,742.0679,-85.8113,-0.4276,9,0.2195,1.0000,8,8,6,0,0,8,6,0.2500
4,184.0000,37,46,203.1713,-74.6691,0.2230,31,0.7561,0.2000,5,7,6,0,0,7,6,0.1429
4,184.0000,37,47,50.5002,-60.6847,0.7486,33,0.8049,0.0000,4,4,0,0,0,4,0,1.0000
4,184.0000,38,2,473.0231,-82.9171,0.3424,14,0.3415,0.7143,7,8,7,0,0,8,7,0.1250
4,184.0000,38,3,205.9766,-76.1059,0.6045,24,0.5854,0.0000,4,5,2,0,0,5,2,0.6000
4,184.0000,38,4,523.1203,-84.6211,0.2731,15,0.3659,1.0000,2,7,5,0,0,7,5,0.2857
4,184.0000,38,6,376.9044,-81.4169,-0.2443,15,0.3659,0.8750,8,5,2,0,0,5,2,0.6000
4,184.0000,38,7,590.6786,-84.8525,1.1256,5,0.1220,0.8571,7,8,8,0,0,8,8,0.0000
4,184.0000,38,8,505.4913,-81.4953,-0.8004,9,0.2195,0.8571,7,8,8,0,0,8,8,0.0000
4,184.0000,38,10,464.4851,-84.0685,0.4943,8,0.1951,0.8750,8,8,8,0,0,8,8,0.0000
4,184.0000,38,11,667.4776,-85.8768,-0.1194,8,0.1951,0.4000,5,6,4,0,0,6,4,0.3333
4,184.0000,38,13,720.8119,-85.4032,-0.3097,7,0.1707,1.0000,8,8,8,0,0,8,8,0.0000
4,184.0000,38,14,466.7340,-83.5849,-0.3245,17,0.4146,0.8750,8,7,5,0,0,7,5,0.2857
4,184.0000,38,15,179.3431,-75.1308,0.1099,30,0.7317,0.4000,5,6,3,0,0,6,3,0.5000
4,184.0000,38,16,448.0695,-82.4524,-0.4061,11,0.2683,0.8750,8,6,3,0,0,6,3,0.5000
4,184.0000,38,17,685.9742,-86.1642,-0.3418,8,0.1951,0.7500,8,8,8,0,0,8,8,0.0000
4,184.0000,38,20,397.1810,-81.8530,-0.1797,10,0.2439,1.0000,8,7,5,0,0,7,5,0.2857
4,184.0000,38,22,642.0303,-86.5719,0.3305,8,0.1951,1.0000,8,7,6,0,0,7,6,0.1429
4,184.0000,38,23,481.9726,-83.5332,1.2174,6,0.1463,0.7143,7,7,5,0,0,7,5,0.2857
4,184.0000,38,24,707.4057,-86.4001,0.2612,11,0.2683,0.6667,6,8,8,0,0,8,8,0.0000
4,184.0000,38,28,653.6669,-85.0715,-2.0639,8,0.1951,0.6667,6,7,6,0,0,7,6,0.1429
4,184.0000,38,30,676.1168,-84.8200,-1.4732,7,0.1707,0.5000,4,7,6,0,0,7,6,0.1429
4,184.0000,38,31,677.7112,-87.8051,0.6955,4,0.0976,1.0000,8,7,6,15,14,22,20,0.0909
4,184.0000,38,33,406.3476,-82.6001,0.7281,13,0.3171,0.7500,8,6,3,0,0,6,3,0.5000
4,184.0000,38,35,596.7734,-84.3769,0.5097,12,0.2927,0.7500,8,7,5,0,0,7,5,0.2857
4,184.0000,38,37,260.7834,-75.7174,-0.5830,22,0.5366,0.4000,5,7,5,0,0,7,5,0.2857
4,184.0000,38,39,762.1908,-85.2446,-1.2109,5,0.1220,1.0000,8,7,6,0,0,7,6,0.1429
4,184.0000,38,41,597.5943,-83.8656,0.8801,5,0.1220,1.0000,8,8,8,0,0,8,8,0.0000
4,184.0000,38,43,775.6388,-86.9605,-1.1381,5,0.1220,0.8000,5,8,7,0,0,8,7,0.1250
4,184.0000,38,46,453.3232,-80.5202,-1.1603,15,0.3659,1.0000,8,8,8,0,0,8,8,0.0000
4,184.0000,38,47,213.7027,-75.9384,-0.6301,28,0.6829,0.5000,6,5,1,0,0,5,1,0.8000
4,184.0000,39,1,848.7999,-88.6953,-0.6941,6,0.1500,1.0000,4,6,6,0,0,6,6,0.0000
4,184.0000,39,3,617.2147,-83.4315,-1.2788,8,0.2000,1.0000,8,8,8,0,0,8,8,0.0000
4,184.0000,39,5,606.7046,-86.8812,-0.1517,6,0.1500,1.0000,6,8,7,0,0,8,7,0.1250
4,184.0000,39,6,972.1954,-88.6586,0.7799,6,0.1500,1.0000,8,4,4,0,0,4,4,0.0000
4,184.0000,39,7,462.8955,-81.4371,-1.4023,21,0.5250,0.8571,7,7,6,0,0,7,6,0.1429
4,184.0000,39,8,417.4458,-81.3046,0.5330,13,0.3250,1.0000,8,6,4,0,0,6,4,0.3333
4,184.0000,39,9,289.8217,-78.6871,-0.0671,26,0.6500,0.0000,4,6,4,0,0,6,4,0.3333
4,184.0000,39,10,466.1040,-84.4052,-0.4659,13,0.3250,0.9143,70,7,6,2,2,9,8,0.1111
4,184.0000,39,12,779.3321,-86.9782,0.4057,7,0.1750,1.0000,8,6,6,0,0,6,6,0.0000
4,184.0000,39,13,596.3631,-85.4515,-1.2469,10,0.2500,0.8333,6,8,8,0,0,8,8,0.0000
4,184.0000,39,15,841.8305,-87.6902,-0.7089,6,0.1500,1.0000,4,8,8,0,0,8,8,0.0000
4,184.0000,39,16,404.0762,-79.4452,-0.9527,16,0.4000,0.7143,7,10,9,0,0,10,9,0.1000
4,184.0000,39,18,704.2515,-86.5903,-0.1476,8,0.2000,1.0000,8,10,9,0,0,10,9,0.1000
4,184.0000,39,19,342.6499,-80.5625,0.9554,23,0.5750,0.6667,6,5,2,0,0,5,2,0.6000
4,184.0000,39,20,494.2471,-83.2513,-1.3969,12,0.3000,0.8571,7,7,6,0,0,7,6,0.1429
4,184.0000,39,22,669.8562,-86.0169,0.2234,7,0.1750,0.8571,7,8,8,0,0,8,8,0.0000
4,184.0000,39,23,525.0532,-83.6035,-0.6601,14,0.3500,1.0000,8,7,6,0,0,7,6,0.1429
4,184.0000,39,25,754.6426,-87.0776,0.0553,6,0.1500,0.8750,8,8,8,0,0,8,8,0.0000
4,184.0000,39,26,462.8399,-84.5420,0.3926,7,0.1750,1.0000,6,7,6,0,0,7,6,0.1429
4,184.0000,39,28,496.6154,-84.2658,0.2361,12,0.3000,0.8750,8,7,5,0,0,7,5,0.2857
4,184.0000,39,29,515.3586,-84.1095,0.9866,17,0.4250,1.0000,8,8,7,0,0,8,7,0.1250
4,184.0000,39,30,635.9368,-85.4379,0.2895,7,0.1750,0.8571,7,8,8,0,0,8,8,0.0000
4,184.0000,39,31,469.2587,-84.1441,0.1341,13,0.3250,0.7143,7,7,4,0,0,7,4,0.4286
4,184.0000,39,32,673.0034,-85.0126,-0.5908,13,0.3250,1.0000,8,7,3,0,0,7,3,0.5714
4,184.0000,39,33,829.9715,-88.3837,-0.0416,6,0.1500,1.0000,2,8,7,0,0,8,7,0.1250
4,184.0000,39,34,734.6166,-86.9075,-0.6090,7,0.1750,,0,6,4,0,0,6,4,0.3333
4,184.0000,39,36,926.6867,-87.7309,1.1977,4,0.1000,1.0000,4,2,2,0,0,2,2,0.0000
4,184.0000,39,37,660.2188,-85.0346,-1.5516,10,0.2500,1.0000,8,7,6,0,0,7,6,0.1429
4,184.0000,39,38,762.1908,-85.4027,0.2540,10,0.2500,1.0000,8,8,8,0,0,8,8,0.0000
4,184.0000,39,40,585.4856,-86.3748,-0.0171,9,0.2250,1.0000,8,6,4,0,0,6,4,0.3333
4,184.0000,39,41,227.7197,-74.8482,-0.4769,32,0.8000,0.4000,5,6,3,0,0,6,3,0.5000
4,184.0000,39,43,246.3167,-78.0582,0.5485,31,0.7750,0.7143,7,7,5,0,0,7,5,0.2857
4,184.0000,39,44,542.6589,-84.5647,0.1136,11,0.2750,0.8000,5,7,6,0,0,7,6,0.1429
4,184.0000,39,46,655.1594,-85.6024,0.0555,7,0.1750,0.8750,8,8,8,0,0,8,8,0.0000
4,184.0000,39,47,677.1311,-86.6749,0.0783,10,0.2500,0.7143,7,8,8,0,0,8,8,0.0000
4,184.0000,40,0,713.2241,-86.7235,0.0763,10,0.2500,0.8571,7,6,6,0,0,6,6,0.0000
4,184.0000,40,1,677.9129,-86.1422,-0.7823,8,0.2000,0.8571,7,8,8,0,0,8,8,0.0000
4,184.0000,40,5,586.0391,-84.9009,-0.6318,6,0.1500,0.8571,7,8,7,0,0,8,7,0.1250
4,184.0000,40,9,462.7069,-84.3256,-0.2058,9,0.2250,0.8571,7,7,6,0,0,7,6,0.1429
4,184.0000,40,10,726.9662,-85.7022,-0.8185,4,0.1000,0.8000,5,8,8,0,0,8,8,0.0000
4,184.0000,40,12,247.6478,-79.1290,0.6401,28,0.7000,0.4894,47,5,1,7,3,12,4,0.6667
4,184.0000,40,13,626.2624,-83.2931,-1.2397,4,0.1000,1.0000,8,8,8,0,0,8,8,0.0000
4,184.0000,40,18,460.8871,-82.2913,-0.2345,22,0.5500,0.8784,74,8,7,132,127,140,134,0.0429
4,184.0000,40,19,489.8522,-84.7597,-0.0352,9,0.2250,0.8571,7,6,3,0,0,6,3,0.5000
4,184.0000,40,21,372.4353,-80.2510,-0.2280,30,0.7500,0.5000,6,4,0,0,0,4,0,1.0000
4,184.0000,40,23,783.3988,-87.6118,-2.0933,4,0.1000,0.8571,7,8,8,0,0,8,8,0.0000
4,184.0000,40,25,778.4866,-86.8730,-1.4250,5,0.1250,1.0000,6,8,7,0,0,8,7,0.1250
4,184.0000,40,26,172.7397,-73.1541,-0.3267,36,0.9000,0.2000,5,5,1,0,0,5,1,0.8000
4,184.0000,40,27,890.4518,-88.8165,-0.3156,4,0.1000,1.0000,8,6,6,0,0,6,6,0.0000
4,184.0000,40,28,607.4282,-85.7460,1.1400,5,0.1250,0.8571,7,10,10,0,0,10,10,0.0000
4,184.0000,40,29,741.8383,-85.9946,0.1796,5,0.1250,1.0000,8,9,8,0,0,9,8,0.1111
4,184.0000,40,30,658.8071,-85.5208,0.2116,6,0.1500,1.0000,8,7,6,0,0,7,6,0.1429
4,184.0000,40,31,573.5529,-84.1102,0.1463,6,0.1500,1.0000,8,8,8,0,0,8,8,0.0000
4,184.0000,40,32,683.1342,-86.2195,-0.0598,9,0.2250,1.0000,8,8,8,0,0,8,8,0.0000
4,184.0000,40,34,548.3350,-84.7682,0.4048,12,0.3000,1.0000,8,5,2,0,0,5,2,0.6000
4,184.0000,40,36,775.4374,-86.9316,0.4146,7,0.1750,1.0000,4,4,4,0,0,4,4,0.0000
4,184.0000,40,39,585.4856,-85.9062,1.0000,6,0.1500,0.8571,7,8,8,0,0,8,8,0.0000
4,184.0000,40,41,698.0746,-85.7874,-0.7295,4,0.1000,1.0000,8,8,8,0,0,8,8,0.0000
4,184.0000,40,43,674.8693,-86.4016,-0.6091,5,0.1250,0.8571,7,8,8,0,0,8,8,0.0000
4,184.0000,40,44,310.6622,-79.9270,0.2086,19,0.4750,0.6667,6,5,2,0,0,5,2,0.6000
4,184.0000,40,45,582.8474,-84.2302,0.3525,16,0.4000,1.0000,8,7,6,0,0,7,6,0.1429
4,184.0000,41,2,937.8764,-88.0213,0.0083,10,0.2439,1.0000,4,6,6,0,0,6,6,0.0000
4,184.0000,41,3,426.9004,-81.7466,0.3292,16,0.3902,0.8571,7,7,6,0,0,7,6,0.1429
4,184.0000,41,4,1049.6531,-87.6337,-1.0568,4,0.0976,,0,7,6,0,0,7,6,0.1429
4,184.0000,41,5,798.8796,-87.2366,-0.4329,10,0.2439,1.0000,8,10,9,0,0,10,9,0.1000
4,184.0000,41,7,394.1992,-80.2965,-1.4565,25,0.6098,0.7500,8,7,6,0,0,7,6,0.1429
4,184.0000,41,8,191.2316,-75.7405,0.6149,31,0.7561,0.5000,6,5,2,0,0,5,2,0.6000
4,184.0000,41,9,413.3564,-79.7896,-1.0235,20,0.4878,0.4000,5,8,8,0,0,8,8,0.0000
4,184.0000,41,10,375.9645,-82.3121,1.0069,17,0.4146,0.7778,9,5,4,0,0,5,4,0.2000
4,184.0000,41,12,923.8497,-87.7730,-0.5939,7,0.1707,1.0000,6,4,4,0,0,4,4,0.0000
4,184.0000,41,13,602.6192,-86.0961,-0.3904,12,0.2927,1.0000,8,8,7,0,0,8,7,0.1250
4,184.0000,41,15,707.2951,-86.9958,0.9145,10,0.2439,1.0000,6,7,6,0,0,7,6,0.1429
4,184.0000,41,16,221.2609,-74.5763,-0.7252,36,0.8780,0.3333,6,6,3,0,0,6,3,0.5000
4,184.0000,41,18,908.4740,-87.7660,-0.6751,8,0.1951,0.8571,7,6,6,0,0,6,6,0.0000
4,184.0000,41,19,541.5494,-84.2161,0.2591,14,0.3415,1.0000,8,8,8,0,0,8,8,0.0000
4,184.0000,41,20,284.2981,-79.4002,-0.0323,26,0.6341,0.8750,8,7,5,0,0,7,5,0.2857
4,184.0000,41,22,476.7048,-83.1939,0.1204,22,0.5366,0.7143,7,6,4,0,0,6,4,0.3333
4,184.0000,41,23,335.4356,-79.1075,-0.0099,20,0.4878,0.6667,6,8,6,0,0,8,6,0.2500
4,184.0000,41,25,918.1233,-88.2412,0.3669,8,0.1951,1.0000,8,8,8,0,0,8,8,0.0000
4,184.0000,41,26,599.1141,-86.0058,0.5639,9,0.2195,1.0000,4,6,6,0,0,6,6,0.0000
4,184.0000,41,28,494.8270,-84.6679,-0.6304,16,0.3902,0.8750,8,8,8,0,0,8,8,0.0000
4,184.0000,41,29,676.9565,-86.1901,-0.5139,9,0.2195,1.0000,8,8,8,0,0,8,8,0.0000
4,184.0000,41,30,592.3304,-86.3656,0.5711,12,0.2927,0.8571,7,8,8,0,0,8,8,0.0000
4,184.0000,41,31,481.6109,-84.5519,0.0763,11,0.2683,0.8571,7,7,6,0,0,7,6,0.1429
4,184.0000,41,32,845.6238,-87.3443,-0.7879,9,0.2195,1.0000,8,8,8,0,0,8,8,0.0000
4,184.0000,41,33,644.8092,-86.8101,-0.6685,15,0.3659,0.8750,8,7,5,0,0,7,5,0.2857
4,184.0000,41,34,933.8494,-86.9082,0.8264,4,0.0976,1.0000,4,7,6,0,0,7,6,0.1429
4,184.0000,41,37,547.3247,-83.8732,0.1908,15,0.3659,1.0000,8,8,8,0,0,8,8,0.0000
4,184.0000,41,38,597.5943,-85.1809,0.3548,15,0.3659,0.8571,7,8,8,0,0,8,8,0.0000
4,184.0000,41,39,227.7197,-74.7411,-0.9141,36,0.8780,0.2500,28,7,5,55,30,62,35,0.4355
4,184.0000,41,40,698.0746,-86.7573,-0.2189,9,0.2195,1.0000,8,7,6,0,0,7,6,0.1429
4,184.0000,41,43,193.6985,-76.0932,0.3078,35,0.8537,0.2857,7,5,1,0,0,5,1,0.8000
4,184.0000,41,44,615.3103,-86.5764,0.4116,13,0.3171,0.8571,7,8,7,0,0,8,7,0.1250
4,184.0000,41,46,578.7863,-85.9330,0.8081,12,0.2927,0.8571,7,7,6,0,0,7,6,0.1429
4,184.0000,41,47,549.2555,-84.2519,0.0874,12,0.2927,1.0000,8,7,6,0,0,7,6,0.1429
4,184.0000,42,2,463.0816,-84.7964,0.6104,13,0.3250,0.7500,8,6,2,0,0,6,2,0.6667
4,184.0000,42,4,798.5623,-88.1769,-0.4537,4,0.1000,1.0000,8,8,8,0,0,8,8,0.0000
4,184.0000,42,6,584.9640,-85.7312,-1.2522,6,0.1500,0.8571,7,7,6,0,0,7,6,0.1429
4,184.0000,42,11,1024.3585,-87.8721,-0.0502,3,0.0750,1.0000,6,8,8,0,0,8,8,0.0000
4,184.0000,42,14,852.9190,-86.7965,-0.2465,4,0.1000,1.0000,6,8,8,0,0,8,8,0.0000
4,184.0000,42,24,309.5733,-80.1258,-0.0071,24,0.6000,0.4000,5,5,2,0,0,5,2,0.6000
4,184.0000,42,33,538.3336,-83.7464,0.1800,10,0.2500,0.8750,8,8,7,0,0,8,7,0.1250
4,184.0000,42,35,878.6565,-85.8876,-0.6320,5,0.1250,1.0000,8,8,8,0,0,8,8,0.0000
4,184.0000,43,3,589.2240,-85.2523,-0.7474,5,0.1250,0.8571,7,8,8,0,0,8,8,0.0000
4,184.0000,43,5,677.5771,-87.3936,0.8038,3,0.0750,0.8750,8,7,6,0,0,7,6,0.1429
4,184.0000,43,6,961.5462,-87.7268,0.7091,3,0.0750,0.8333,6,4,4,0,0,4,4,0.0000
4,184.0000,43,7,454.2036,-82.0698,0.4115,13,0.3250,0.7143,7,8,7,0,0,8,7,0.1250
4,184.0000,43,8,316.7563,-81.8952,1.4153,10,0.2500,0.6667,6,6,3,0,0,6,3,0.5000
4,184.0000,43,9,288.3434,-76.8505,-0.5929,24,0.6000,0.5000,6,7,6,0,0,7,6,0.1429
4,184.0000,43,10,555.8166,-84.3353,0.3427,8,0.2000,1.0000,8,8,8,0,0,8,8,0.0000
4,184.0000,43,13,746.4201,-87.4484,0.0182,3,0.0750,1.0000,6,8,8,0,0,8,8,0.0000
4,184.0000,43,16,353.0635,-81.4774,-0.0104,15,0.3750,0.6250,8,7,6,0,0,7,6,0.1429
4,184.0000,43,19,445.3650,-80.8989,-0.1601,15,0.3750,0.8571,7,8,8,0,0,8,8,0.0000
4,184.0000,43,20,414.5636,-83.9270,-0.4909,13,0.3250,0.8750,8,10,9,0,0,10,9,0.1000
4,184.0000,43,22,486.6801,-82.5710,0.2327,16,0.4000,1.0000,8,8,8,0,0,8,8,0.0000
4,184.0000,43,23,477.9282,-83.4034,0.6963,8,0.2000,1.0000,8,8,8,0,0,8,8,0.0000
4,184.0000,43,25,761.6601,-85.6567,0.4885,5,0.1250,1.0000,8,8,8,0,0,8,8,0.0000
4,184.0000,43,26,604.6376,-85.0800,0.9188,4,0.1000,1.0000,8,7,6,0,0,7,6,0.1429
4,184.0000,43,28,643.2479,-87.2151,0.5782,4,0.1000,1.0000,8,8,8,0,0,8,8,0.0000
4,184.0000,43,29,529.9876,-83.7282,-0.1388,9,0.2250,0.7143,7,7,6,0,0,7,6,0.1429
4,184.0000,43,30,739.8351,-86.6359,0.7729,3,0.0750,0.8750,8,7,6,0,0,7,6,0.1429
4,184.0000,43,31,622.5526,-85.1704,0.5761,8,0.2000,0.8750,8,8,7,0,0,8,7,0.1250
4,184.0000,43,32,699.7093,-84.9767,-0.4028,10,0.2500,0.8750,8,8,8,0,0,8,8,0.0000
4,184.0000,43,33,749.6306,-86.1390,-0.0483,8,0.2000,1.0000,8,8,8,0,0,8,8,0.0000
4,184.0000,43,37,741.0079,-84.4752,-1.9877,3,0.0750,1.0000,8,8,8,0,0,8,8,0.0000
4,184.0000,43,38,775.6388,-87.1316,0.1333,3,0.0750,1.0000,8,7,6,0,0,7,6,0.1429
4,184.0000,43,39,246.3167,-77.2602,1.3511,23,0.5750,0.7500,8,5,1,2,0,7,1,0.8571
4,184.0000,43,40,674.8693,-85.7562,0.6082,5,0.1250,1.0000,8,8,8,0,0,8,8,0.0000
4,184.0000,43,41,193.6985,-76.3345,0.2314,28,0.7000,0.0000,4,5,2,0,0,5,2,0.6000
4,184.0000,43,44,681.0281,-86.8798,-1.0383,3,0.0750,1.0000,8,7,6,0,0,7,6,0.1429
4,184.0000,44,0,974.8731,-88.7564,0.3754,3,0.0750,,0,6,6,0,0,6,6,0.0000
4,184.0000,44,1,932.8662,-88.6191,0.1726,5,0.1250,1.0000,6,4,4,0,0,4,4,0.0000
4,184.0000,44,3,887.3797,-87.6657,-0.4459,5,0.1250,1.0000,6,6,6,0,0,6,6,0.0000
4,184.0000,44,5,793.2933,-87.2648,0.0855,9,0.2250,1.0000,8,8,8,0,0,8,8,0.0000
4,184.0000,44,8,702.7272,-86.7078,-1.5804,6,0.1500,0.7143,7,5,4,0,0,5,4,0.2000
4,184.0000,44,9,578.3841,-84.2507,0.4461,12,0.3000,0.8750,8,7,6,0,0,7,6,0.1429
4,184.0000,44,10,490.9172,-80.5248,-1.2616,15,0.3750,0.7143,7,8,8,0,0,8,8,0.0000
4,184.0000,44,12,501.3829,-84.8129,-0.4510,12,0.3000,0.8571,7,7,6,0,0,7,6,0.1429
4,184.0000,44,13,321.5162,-77.9566,-0.8969,29,0.7250,0.4000,5,7,5,0,0,7,5,0.2857
4,184.0000,44,16,801.2332,-86.2278,-1.1661,4,0.1000,0.8750,8,8,8,0,0,8,8,0.0000
4,184.0000,44,18,651.2438,-85.2257,-0.5482,12,0.3000,0.8571,7,8,7,0,0,8,7,0.1250
4,184.0000,44,19,615.1245,-85.9192,0.5439,10,0.2500,0.8750,8,7,6,0,0,7,6,0.1429
4,184.0000,44,20,838.6454,-87.6720,-0.2964,4,0.1000,1.0000,8,7,6,0,0,7,6,0.1429
4,184.0000,44,21,587.1981,-85.2006,0.5932,11,0.2750,0.6667,6,6,4,0,0,6,4,0.3333
4,184.0000,44,23,626.6857,-86.2058,0.0664,9,0.2250,0.8571,7,8,7,0,0,8,7,0.1250
4,184.0000,44,26,227.3428,-78.4442,1.2666,27,0.6750,0.5000,6,4,0,0,0,4,0,1.0000
4,184.0000,44,28,326.3920,-79.8545,0.6660,23,0.5750,0.5714,7,7,6,0,0,7,6,0.1429
4,184.0000,44,29,890.3284,-88.0058,0.4827,6,0.1500,1.0000,6,8,8,0,0,8,8,0.0000
4,184.0000,44,30,371.2326,-80.4775,-0.4453,21,0.5250,0.7500,8,6,2,0,0,6,2,0.6667
4,184.0000,44,31,297.6686,-77.4536,-0.9893,25,0.6250,0.7143,7,7,5,0,0,7,5,0.2857
4,184.0000,44,32,903.1984,-86.9601,0.4115,5,0.1250,1.0000,4,8,8,0,0,8,8,0.0000
4,184.0000,44,34,779.0537,-87.2181,0.1923,5,0.1250,1.0000,6,8,8,0,0,8,8,0.0000
4,184.0000,44,37,742.0679,-85.7427,-0.3728,9,0.2250,1.0000,8,8,8,0,0,8,8,0.0000
4,184.0000,44,38,955.3330,-88.3562,-0.5376,4,0.1000,1.0000,8,8,8,0,0,8,8,0.0000
4,184.0000,44,39,542.6589,-83.6558,0.2311,6,0.1500,0.8750,8,8,8,0,0,8,8,0.0000
4,184.0000,44,40,310.6622,-80.0032,0.3936,24,0.6000,0.7143,7,6,4,0,0,6,4,0.3333
4,184.0000,44,41,615.3103,-85.5986,1.5943,6,0.1500,1.0000,8,8,8,0,0,8,8,0.0000
4,184.0000,44,43,681.0281,-86.5681,0.0937,7,0.1750,1.0000,6,8,8,0,0,8,8,0.0000
4,184.0000,44,45,822.2745,-87.4404,-0.0238,8,0.2000,1.0000,8,8,8,0,0,8,8,0.0000
4,184.0000,44,46,586.8741,-85.1628,-0.0658,12,0.3000,0.8333,6,8,8,0,0,8,8,0.0000
4,184.0000,44,47,776.2995,-86.2245,-0.2355,8,0.2000,1.0000,6,8,8,0,0,8,8,0.0000
4,184.0000,45,0,251.0608,-78.9584,0.3438,37,0.9250,0.0000,4,6,2,0,0,6,2,0.6667
4,184.0000,45,1,707.6028,-85.0998,-0.5281,11,0.2750,0.8571,7,8,7,0,0,8,7,0.1250
4,184.0000,45,5,822.0424,-84.5459,-0.8732,4,0.1000,0.8571,7,8,8,0,0,8,8,0.0000
4,184.0000,45,12,356.8665,-78.4786,-1.1750,29,0.7250,0.4000,5,6,4,0,0,6,4,0.3333
4,184.0000,45,18,594.4348,-82.9450,-1.0615,11,0.2750,1.0000,6,8,8,0,0,8,8,0.0000
4,184.0000,45,21,263.3320,-78.7568,0.4860,29,0.7250,0.0000,4,5,1,0,0,5,1,0.8000
4,184.0000,45,26,710.1246,-84.6267,-0.4103,5,0.1250,1.0000,8,8,8,0,0,8,8,0.0000
4,184.0000,45,27,839.0113,-87.4537,-0.2872,5,0.1250,1.0000,8,8,8,0,0,8,8,0.0000
4,184.0000,45,34,651.5080,-84.7598,0.1306,9,0.2250,0.8571,7,8,8,0,0,8,8,0.0000
4,184.0000,45,36,776.9087,-86.4545,0.0560,5,0.1250,1.0000,8,8,8,0,0,8,8,0.0000
4,184.0000,45,40,582.8474,-84.0509,0.1333,8,0.2000,0.8571,7,8,8,0,0,8,8,0.0000
4,184.0000,46,2,903.8063,-87.2333,0.2042,5,0.1250,1.0000,6,4,4,0,0,4,4,0.0000
4,184.0000,46,3,502.6197,-82.4869,-0.0250,11,0.2750,0.8750,8,8,8,0,0,8,8,0.0000
4,184.0000,46,4,825.1649,-87.5739,-6.6066,3,0.0750,1.0000,8,8,7,0,0,8,7,0.1250
4,184.0000,46,6,808.5479,-86.9542,-1.5897,3,0.0750,1.0000,8,4,4,0,0,4,4,0.0000
4,184.0000,46,7,769.8459,-87.1727,-0.4870,4,0.1000,1.0000,8,7,6,0,0,7,6,0.1429
4,184.0000,46,8,563.8083,-83.9804,0.3218,7,0.1750,1.0000,8,8,8,0,0,8,8,0.0000
4,184.0000,46,10,210.9504,-76.1633,1.2965,19,0.4750,0.5000,6,5,1,0,0,5,1,0.8000
4,184.0000,46,11,891.5747,-86.4651,-1.0025,7,0.1750,1.0000,6,4,4,0,0,4,4,0.0000
4,184.0000,46,13,292.0416,-79.8282,0.1228,20,0.5000,0.8571,7,6,2,0,0,6,2,0.6667
4,184.0000,46,14,777.3499,-85.2975,-1.6126,6,0.1500,0.8750,8,6,6,0,0,6,6,0.0000
4,184.0000,46,15,393.0142,-80.6393,-0.0736,14,0.3500,0.8571,7,8,7,0,0,8,7,0.1250
4,184.0000,46,16,595.4534,-84.9307,0.1111,9,0.2250,0.8571,7,6,4,0,0,6,4,0.3333
4,184.0000,46,17,909.4808,-87.0362,-0.4957,5,0.1250,1.0000,4,6,6,0,0,6,6,0.0000
4,184.0000,46,20,590.9646,-83.1430,-0.8822,8,0.2000,0.8750,8,8,8,0,0,8,8,0.0000
4,184.0000,46,23,440.2520,-83.7005,-0.1115,12,0.3000,0.6667,6,7,6,0,0,7,6,0.1429
4,184.0000,46,28,268.7997,-78.4979,0.0589,22,0.5500,0.8571,7,7,4,0,0,7,4,0.4286
4,184.0000,46,30,268.0728,-78.2537,-0.1666,30,0.7500,0.0000,4,3,0,0,0,3,0,1.0000
4,184.0000,46,31,305.6084,-79.6760,1.1083,20,0.5000,0.7143,7,5,2,0,0,5,2,0.6000
4,184.0000,46,33,814.1204,-86.3596,-1.1430,3,0.0750,1.0000,4,8,8,0,0,8,8,0.0000
4,184.0000,46,35,895.5462,-87.2483,-0.1988,6,0.1500,1.0000,4,6,6,0,0,6,6,0.0000
4,184.0000,46,37,203.1713,-74.3413,0.2952,33,0.8250,0.2857,7,7,5,0,0,7,5,0.2857
4,184.0000,46,38,453.3232,-80.3321,-0.5172,15,0.3750,0.8571,7,6,4,0,0,6,4,0.3333
4,184.0000,46,39,655.1594,-86.9234,-1.1911,3,0.0750,1.0000,8,8,8,0,0,8,8,0.0000
4,184.0000,46,40,867.8735,-87.5675,0.1591,3,0.0750,1.0000,2,3,2,0,0,3,2,0.3333
4,184.0000,46,41,578.7863,-85.8206,0.3897,8,0.2000,0.6667,6,6,4,0,0,6,4,0.3333
4,184.0000,46,44,586.8741,-84.0591,0.2587,9,0.2250,1.0000,8,7,6,0,0,7,6,0.1429
4,184.0000,46,47,242.2651,-74.1606,-1.3573,33,0.8250,0.0000,4,6,3,0,0,6,3,0.5000
4,184.0000,47,2,677.5778,-85.8493,0.2625,10,0.2500,1.0000,8,6,6,0,0,6,6,0.0000
4,184.0000,47,3,306.7087,-79.0917,-0.3694,21,0.5250,0.6667,6,5,1,0,0,5,1,0.8000
4,184.0000,47,4,653.1776,-86.5728,0.1384,8,0.2000,0.8333,6,8,7,0,0,8,7,0.1250
4,184.0000,47,6,568.3811,-85.1936,0.0380,11,0.2750,1.0000,8,7,5,0,0,7,5,0.2857
4,184.0000,47,7,636.5827,-84.7876,-0.7941,11,0.2750,0.9000,10,6,6,0,0,6,6,0.0000
4,184.0000,47,8,495.6801,-82.6327,-1.1543,15,0.3750,1.0000,8,7,6,0,0,7,6,0.1429
4,184.0000,47,10,297.4187,-78.2497,0.1327,17,0.4250,0.7143,7,8,5,0,0,8,5,0.3750
4,184.0000,47,11,745.7067,-86.5988,-0.3567,13,0.3250,0.8571,7,8,8,0,0,8,8,0.0000
4,184.0000,47,13,516.4422,-83.1831,-1.4576,10,0.2500,1.0000,8,7,6,0,0,7,6,0.1429
4,184.0000,47,14,584.2894,-84.4102,-0.0236,13,0.3250,0.7143,7,8,8,0,0,8,8,0.0000
4,184.0000,47,15,186.7596,-78.0419,1.7110,28,0.7000,0.2000,5,4,0,0,0,4,0,1.0000
4,184.0000,47,16,474.2456,-81.6469,-0.7432,12,0.3000,0.8571,7,8,6,0,0,8,6,0.2500
4,184.0000,47,17,774.4859,-86.5425,1.1005,7,0.1750,0.8750,8,8,8,0,0,8,8,0.0000
4,184.0000,47,20,451.0861,-83.3969,0.2470,16,0.4000,0.5000,6,8,7,0,0,8,7,0.1250
4,184.0000,47,22,743.9054,-87.1504,0.5107,6,0.1500,1.0000,6,6,4,0,0,6,4,0.3333
4,184.0000,47,23,422.7131,-82.4843,-1.4922,9,0.2250,0.8750,8,8,7,0,0,8,7,0.1250
4,184.0000,47,24,909.2605,-88.1759,0.3069,5,0.1250,0.8000,5,2,2,0,0,2,2,0.0000
4,184.0000,47,28,459.9892,-81.7006,-0.6514,17,0.4250,0.3333,6,6,4,0,0,6,4,0.3333
4,184.0000,47,30,483.3326,-80.9522,-0.4825,12,0.3000,0.5000,6,8,7,0,0,8,7,0.1250
4,184.0000,47,31,488.1877,-84.1379,0.4957,9,0.2250,0.7500,8,8,6,0,0,8,6,0.2500
4,184.0000,47,33,592.0909,-84.5789,0.6678,10,0.2500,0.7143,7,7,6,0,0,7,6,0.1429
4,184.0000,47,35,713.5791,-86.2398,-0.4864,11,0.2750,1.0000,8,6,6,0,0,6,6,0.0000
4,184.0000,47,37,50.5002,-60.7086,0.8460,37,0.9250,0.0000,4,4,0,0,0,4,0,1.0000
4,184.0000,47,38,213.7027,-76.5327,-0.5698,32,0.8000,0.0000,4,6,2,0,0,6,2,0.6667
4,184.0000,47,39,677.1311,-84.2911,-0.6471,11,0.2750,0.8571,7,8,8,0,0,8,8,0.0000
4,184.0000,47,40,1023.5152,-88.9212,-0.2306,3,0.0750,1.0000,6,6,6,0,0,6,6,0.0000
4,184.0000,47,41,549.2555,-83.1367,0.3564,9,0.2250,0.7143,7,8,7,0,0,8,7,0.1250
4,184.0000,47,42,1065.4183,-89.0787,0.0421,3,0.0750,,0,8,8,0,0,8,8,0.0000
4,184.0000,47,43,742.1406,-86.2466,0.1686,8,0.2000,1.0000,6,8,8,0,0,8,8,0.0000
4,184.0000,47,44,776.2995,-86.3903,-1.8455,4,0.1000,1.0000,8,8,8,0,0,8,8,0.0000
4,184.0000,47,46,242.2651,-74.0806,-1.5914,31,0.7750,0.2000,5,6,3,0,0,6,3,0.5000
4,188.0000,0,1,658.4341,-84.3104,-0.6169,18,0.4500,1.0000,8,8,8,0,0,8,8,0.0000
4,188.0000,0,5,904.3914,-86.5420,0.2546,5,0.1250,1.0000,8,8,8,0,0,8,8,0.0000
4,188.0000,0,12,534.6323,-83.3110,0.3825,14,0.3500,0.8571,7,8,8,0,0,8,8,0.0000
4,188.0000,0,18,553.3748,-85.1552,-0.3431,10,0.2500,0.8571,7,7,5,0,0,7,5,0.2857
4,188.0000,0,19,881.9380,-88.3743,-0.1579,4,0.1000,1.0000,8,8,7,0,0,8,7,0.1250
4,188.0000,0,21,363.2126,-81.4765,1.3956,22,0.5500,0.6667,6,4,0,0,0,4,0,1.0000
4,188.0000,0,25,926.3402,-86.8035,-0.2680,4,0.1000,1.0000,8,8,8,0,0,8,8,0.0000
4,188.0000,0,26,905.5365,-87.9065,0.5724,4,0.1000,1.0000,8,7,6,0,0,7,6,0.1429
4,188.0000,0,27,726.9656,-85.9708,0.0128,15,0.3750,0.8750,8,7,6,0,0,7,6,0.1429
4,188.0000,0,32,932.9403,-87.8463,-0.0932,3,0.0750,0.8750,8,8,8,0,0,8,8,0.0000
4,188.0000,0,34,669.5403,-85.3006,-1.0244,11,0.2750,1.0000,8,8,8,0,0,8,8,0.0000
4,188.0000,0,36,613.8526,-84.2324,-0.3182,17,0.4250,1.0000,8,8,8,0,0,8,8,0.0000
4,188.0000,0,40,697.8833,-85.4925,0.0224,5,0.1250,1.0000,8,8,8,0,0,8,8,0.0000
4,188.0000,0,45,163.8664,-75.1521,1.1128,37,0.9250,0.0000,4,4,0,0,0,4,0,1.0000
4,188.0000,1,0,658.4341,-84.1061,0.2730,12,0.2927,0.8750,8,8,8,0,0,8,8,0.0000
4,188.0000,1,5,401.0159,-79.4750,-1.2770,28,0.6829,0.7143,7,7,6,0,0,7,6,0.1429
4,188.0000,1,9,620.0188,-84.6461,0.7671,4,0.0976,0.6667,6,8,7,0,0,8,7,0.1250
4,188.0000,1,12,710.7587,-84.7512,-0.1618,5,0.1220,0.7778,9,8,8,0,0,8,8,0.0000
4,188.0000,1,18,325.7652,-80.5819,0.3359,21,0.5122,0.7143,7,5,1,0,0,5,1,0.8000
4,188.0000,1,19,562.5424,-84.0863,-0.4224,7,0.1707,1.0000,10,6,6,0,0,6,6,0.0000
4,188.0000,1,21,752.5340,-86.1829,0.9026,6,0.1463,1.0000,6,8,8,0,0,8,8,0.0000
4,188.0000,1,25,294.1633,-79.4025,-0.0631,32,0.7805,0.2000,5,4,0,0,0,4,0,1.0000
4,188.0000,1,27,244.3191,-78.4008,0.5659,39,0.9512,0.2000,5,4,0,0,0,4,0,1.0000
4,188.0000,1,29,635.8279,-84.9912,-0.7218,7,0.1707,1.0000,8,6,3,0,0,6,3,0.5000
4,188.0000,1,32,308.6965,-78.4902,-0.0303,30,0.7317,0.0000,4,6,2,0,0,6,2,0.6667
4,188.0000,1,34,320.2029,-77.2650,-0.6518,28,0.6829,0.4000,5,6,4,0,0,6,4,0.3333
4,188.0000,1,36,75.4929,-67.2899,1.2702,33,0.8049,0.0000,4,5,1,0,0,5,1,0.8000
4,188.0000,1,40,669.6955,-85.6764,0.1168,6,0.1463,1.0000,8,8,8,0,0,8,8,0.0000
4,188.0000,1,45,783.3882,-86.5105,-0.1891,6,0.1463,0.8571,7,8,8,0,0,8,8,0.0000
4,188.0000,2,3,475.5498,-82.0850,0.2245,4,0.1000,0.8571,7,8,8,0,0,8,8,0.0000
4,188.0000,2,4,427.6635,-80.8410,-0.1770,21,0.5250,0.6667,6,8,7,0,0,8,7,0.1250
4,188.0000,2,6,357.5258,-80.6985,-0.0116,22,0.5500,0.4000,5,7,6,0,0,7,6,0.1429
4,188.0000,2,11,714.2850,-86.5821,-0.9095,6,0.1500,1.0000,8,8,7,0,0,8,7,0.1250
4,188.0000,2,14,512.2669,-83.5041,0.0794,17,0.4250,0.6667,6,6,4,0,0,6,4,0.3333
4,188.0000,2,15,687.7741,-85.7007,-0.7987,4,0.1000,0.7143,7,8,8,0,0,8,8,0.0000
4,188.0000,2,16,609.2030,-87.0327,2.8335,3,0.0750,1.0000,6,8,8,0,0,8,8,0.0000
4,188.0000,2,17,643.9558,-83.6479,0.3123,13,0.3250,0.7143,7,8,8,0,0,8,8,0.0000
4,188.0000,2,20,604.0872,-87.9303,1.8715,3,0.0750,1.0000,8,6,3,0,0,6,3,0.5000
4,188.0000,2,22,546.4162,-84.7152,0.1108,8,0.2000,1.0000,8,8,8,0,0,8,8,0.0000
4,188.0000,2,23,777.5550,-87.3361,-3.8429,3,0.0750,1.0000,8,8,7,0,0,8,7,0.1250
4,188.0000,2,24,395.0126,-82.3556,1.1146,18,0.4500,0.5714,7,5,3,0,0,5,3,0.4000
4,188.0000,2,33,261.1680,-78.6462,0.8212,23,0.5750,0.7143,7,7,6,0,0,7,6,0.1429
4,188.0000,2,35,700.7432,-85.7473,-0.6776,10,0.2500,0.6667,6,6,4,0,0,6,4,0.3333
4,188.0000,2,38,466.8676,-82.2607,-0.3762,10,0.2500,0.6667,6,7,6,0,0,7,6,0.1429
4,188.0000,2,42,349.8807,-81.1730,0.6674,31,0.7750,1.0000,6,5,1,0,0,5,1,0.8000
4,188.0000,2,47,669.8354,-86.7108,-0.5950,4,0.1000,1.0000,8,8,8,0,0,8,8,0.0000
4,188.0000,3,2,475.5498,-82.8332,-0.5643,20,0.5000,0.2000,5,8,5,0,0,8,5,0.3750
4,188.0000,3,4,496.2739,-83.9543,0.6475,19,0.4750,0.6667,6,7,4,0,0,7,4,0.4286
4,188.0000,3,6,435.5823,-82.3656,0.2963,27,0.6750,0.8571,7,7,3,0,0,7,3,0.5714
4,188.0000,3,7,570.2603,-84.1155,-0.3687,14,0.3500,1.0000,8,7,6,0,0,7,6,0.1429
4,188.0000,3,8,450.2124,-81.0695,-0.2969,19,0.4750,0.8571,7,7,6,0,0,7,6,0.1429
4,188.0000,3,10,336.0311,-82.2018,0.3103,17,0.4250,0.8750,8,8,7,0,0,8,7,0.1250
4,188.0000,3,11,732.3384,-87.1524,0.2431,8,0.2000,1.0000,2,7,6,0,0,7,6,0.1429
4,188.0000,3,12,1296.1219,-89.0744,-0.1206,3,0.0750,0.5000,2,6,6,0,0,6,6,0.0000
4,188.0000,3,13,693.3327,-86.9762,-0.1940,7,0.1750,1.0000,6,8,8,0,0,8,8,0.0000
4,188.0000,3,14,569.0832,-85.2751,0.2392,17,0.4250,0.8750,8,8,6,0,0,8,6,0.2500
4,188.0000,3,15,287.7750,-80.1448,0.7524,27,0.6750,0.8571,7,6,2,0,0,6,2,0.6667
4,188.0000,3,16,343.0282,-79.5616,-0.9103,20,0.5000,0.7143,7,7,5,0,0,7,5,0.2857
4,188.0000,3,17,736.9868,-87.5817,0.1024,15,0.3750,1.0000,6,8,8,0,0,8,8,0.0000
4,188.0000,3,20,237.5514,-76.1488,-0.3173,29,0.7250,0.6667,6,5,1,0,0,5,1,0.8000
4,188.0000,3,22,444.6951,-82.4908,0.1060,20,0.5000,0.6667,6,8,7,0,0,8,7,0.1250
4,188.0000,3,23,375.8179,-81.4329,0.6254,21,0.5250,0.7143,7,7,5,0,0,7,5,0.2857
4,188.0000,3,24,729.2378,-86.3772,-0.0619,16,0.4000,0.7500,4,7,6,0,0,7,6,0.1429
4,188.0000,3,26,916.2545,-88.3980,0.1345,4,0.1000,,0,6,6,0,0,6,6,0.0000
4,188.0000,3,28,699.6576,-86.5324,0.8767,8,0.2000,1.0000,8,7,6,0,0,7,6,0.1429
4,188.0000,3,29,1105.2054,-88.2358,0.4600,3,0.0750,,0,8,8,0,0,8,8,0.0000
4,188.0000,3,30,728.8703,-86.0630,-0.4967,6,0.1500,0.7500,8,8,8,0,0,8,8,0.0000
4,188.0000,3,31,629.8312,-85.0182,0.7571,7,0.1750,1.0000,8,7,5,0,0,7,5,0.2857
4,188.0000,3,33,283.1901,-79.1444,0.6470,31,0.7750,0.4000,5,4,0,0,0,4,0,1.0000
4,188.0000,3,35,718.1641,-87.2019,0.7774,13,0.3250,1.0000,6,8,8,0,0,8,8,0.0000
4,188.0000,3,37,367.5270,-80.4872,-0.0067,25,0.6250,0.8750,8,5,2,0,0,5,2,0.6000
4,188.0000,3,38,188.5536,-74.8238,0.3469,35,0.8750,0.2000,5,5,1,0,0,5,1,0.8000
4,188.0000,3,39,766.2117,-86.1272,-0.5305,7,0.1750,1.0000,8,6,6,0,0,6,6,0.0000
4,188.0000,3,41,463.1250,-83.4712,0.7122,14,0.3500,0.8750,8,8,8,0,0,8,8,0.0000
4,188.0000,3,42,780.1335,-86.7083,-0.1141,10,0.2500,1.0000,2,2,2,0,0,2,2,0.0000
4,188.0000,3,43,572.4034,-84.3272,1.4235,9,0.2250,0.7500,8,6,5,0,0,6,5,0.1667
4,188.0000,3,46,589.6527,-84.2511,-0.2275,13,0.3250,0.8571,7,8,8,0,0,8,8,0.0000
4,188.0000,3,47,269.1930,-79.1914,0.7790,29,0.7250,0.4000,5,5,1,0,0,5,1,0.8000
4,188.0000,4,2,427.6635,-81.9429,-0.2246,24,0.6000,1.0000,8,7,6,0,0,7,6,0.1429
4,188.0000,4,3,496.2739,-83.8895,1.5504,7,0.1750,0.8571,7,7,4,0,0,7,4,0.4286
4,188.0000,4,6,503.4874,-84.7970,0.2668,15,0.3750,0.8571,7,8,8,0,0,8,8,0.0000
4,188.0000,4,11,430.8114,-82.1314,-0.3803,27,0.6750,0.5000,6,6,3,0,0,6,3,0.5000
4,188.0000,4,14,420.3731,-82.3235,0.0968,19,0.4750,0.5000,6,7,5,0,0,7,5,0.2857
4,188.0000,4,15,573.0171,-84.0303,-0.1089,9,0.2250,0.7143,7,8,7,0,0,8,7,0.1250
4,188.0000,4,16,798.2649,-88.3327,0.3157,3,0.0750,1.0000,8,6,6,0,0,6,6,0.0000
4,188.0000,4,17,266.5073,-76.8923,-0.6367,36,0.9000,0.4000,5,6,2,0,0,6,2,0.6667
4,188.0000,4,23,697.1082,-86.4793,0.0658,3,0.0750,1.0000,8,7,6,0,0,7,6,0.1429
4,188.0000,4,24,778.7182,-86.2986,0.3230,5,0.1250,0.8571,7,8,8,0,0,8,8,0.0000
4,188.0000,4,33,526.1778,-85.2088,-0.6962,10,0.2500,0.8571,7,9,8,0,0,9,8,0.1111
4,188.0000,4,35,446.3671,-82.4074,-0.7006,26,0.6500,0.7143,7,7,5,0,0,7,5,0.2857
4,188.0000,4,37,622.4650,-85.6637,-0.0519,9,0.2250,0.8750,8,8,8,0,0,8,8,0.0000
4,188.0000,4,38,400.7936,-82.5171,-0.4412,8,0.2000,1.0000,8,8,8,0,0,8,8,0.0000
4,188.0000,4,42,754.9892,-87.0901,0.1271,7,0.1750,1.0000,6,7,6,0,0,7,6,0.1429
4,188.0000,4,46,883.1618,-87.4644,-0.8281,5,0.1250,1.0000,8,4,4,0,0,4,4,0.0000
4,188.0000,4,47,535.2470,-84.6358,0.9773,8,0.2000,0.8750,8,8,6,0,0,8,6,0.2500
4,188.0000,5,0,904.3914,-85.8678,0.0107,5,0.1250,1.0000,8,8,8,0,0,8,8,0.0000
4,188.0000,5,1,401.0159,-80.0669,-1.0903,32,0.8000,0.0000,4,5,2,0,0,5,2,0.6000
4,188.0000,5,7,948.2239,-87.1895,-0.9498,3,0.0750,,0,8,8,0,0,8,8,0.0000
4,188.0000,5,9,288.8530,-80.3031,0.5643,20,0.5000,0.4000,5,7,4,0,0,7,4,0.4286
4,188.0000,5,12,682.0762,-86.1159,-0.0834,13,0.3250,0.8750,8,7,6,0,0,7,6,0.1429
4,188.0000,5,18,419.6161,-81.1227,-0.0591,27,0.6750,0.6250,8,7,6,0,0,7,6,0.1429
4,188.0000,5,19,249.3044,-77.4751,-0.0522,30,0.7500,0.2000,5,6,2,0,0,6,2,0.6667
4,188.0000,5,21,842.0971,-87.1578,-0.3408,9,0.2250,0.8571,7,8,8,0,0,8,8,0.0000
4,188.0000,5,23,1087.0111,-89.3634,-0.2823,3,0.0750,1.0000,6,8,8,0,0,8,8,0.0000
4,188.0000,5,25,303.4648,-77.9215,-0.4708,36,0.9000,0.2000,5,4,0,0,0,4,0,1.0000
4,188.0000,5,26,546.3211,-85.8750,0.5718,9,0.2250,0.7143,7,7,6,0,0,7,6,0.1429
4,188.0000,5,27,590.5521,-83.9518,-0.0612,30,0.7500,0.6667,6,8,7,0,0,8,7,0.1250
4,188.0000,5,28,875.9266,-88.3386,0.1795,3,0.0750,0.7500,4,8,8,0,0,8,8,0.0000
4,188.0000,5,29,260.9851,-78.8422,0.7428,32,0.8000,0.0000,4,7,3,0,0,7,3,0.5714
4,188.0000,5,32,258.1578,-75.6546,-1.3579,35,0.8750,0.2000,5,7,4,0,0,7,4,0.4286
4,188.0000,5,34,259.2300,-76.7286,-0.4044,33,0.8250,0.0000,4,5,2,0,0,5,2,0.6000
4,188.0000,5,36,469.0411,-81.3955,-1.4363,32,0.8000,0.8571,7,8,8,0,0,8,8,0.0000
4,188.0000,5,39,487.2380,-84.3933,-0.1138,12,0.3000,1.0000,8,8,8,0,0,8,8,0.0000
4,188.0000,5,40,535.0051,-84.3761,-0.4448,12,0.3000,0.8571,7,7,5,0,0,7,5,0.2857
4,188.0000,5,41,786.3350,-86.7396,0.0488,6,0.1500,1.0000,8,6,6,0,0,6,6,0.0000
4,188.0000,5,43,701.8791,-86.5099,-1.1223,6,0.1500,1.0000,8,8,8,0,0,8,8,0.0000
4,188.0000,5,44,745.6047,-86.6431,0.2878,8,0.2000,1.0000,8,7,6,0,0,7,6,0.1429
4,188.0000,5,45,987.7902,-87.4420,0.4556,4,0.1000,1.0000,6,4,4,0,0,4,4,0.0000
4,188.0000,6,2,357.5258,-81.2171,-0.3399,23,0.5750,0.4000,5,5,2,0,0,5,2,0.6000
4,188.0000,6,3,435.5823,-82.5604,-0.5351,11,0.2750,0.8750,8,8,8,0,0,8,8,0.0000
4,188.0000,6,4,503.4874,-84.0531,1.0434,12,0.3000,0.8750,8,7,4,0,0,7,4,0.4286
4,188.0000,6,7,706.3659,-84.8039,0.9532,7,0.1750,0.8333,6,8,8,0,0,8,8,0.0000
4,188.0000,6,8,818.1723,-87.3167,0.5276,5,0.1250,1.0000,8,8,8,0,0,8,8,0.0000
4,188.0000,6,10,731.6107,-87.4448,0.5828,3,0.0750,1.0000,8,8,8,0,0,8,8,0.0000
4,188.0000,6,11,565.4728,-85.3407,0.4270,10,0.2500,1.0000,6,8,6,0,0,8,6,0.2500
4,188.0000,6,14,283.5580,-80.3646,1.4064,20,0.5000,0.5000,6,4,0,0,0,4,0,1.0000
4,188.0000,6,15,510.7017,-83.2646,-1.2938,8,0.2000,0.8571,7,10,9,0,0,10,9,0.1000
4,188.0000,6,16,622.0673,-85.4941,-0.4476,8,0.2000,1.0000,8,8,8,0,0,8,8,0.0000
4,188.0000,6,17,666.3035,-86.5189,2.5789,3,0.0750,1.0000,8,8,7,0,0,8,7,0.1250
4,188.0000,6,20,624.3953,-85.3912,0.2452,8,0.2000,1.0000,8,7,6,0,0,7,6,0.1429
4,188.0000,6,22,708.6742,-85.9109,0.1724,3,0.0750,0.7143,7,7,6,0,0,7,6,0.1429
4,188.0000,6,24,432.8758,-81.3044,-0.1521,24,0.6000,0.5000,6,7,5,0,0,7,5,0.2857
4,188.0000,6,33,326.7763,-79.5325,0.2503,22,0.5500,0.8571,7,8,8,0,0,8,8,0.0000
4,188.0000,6,35,529.5435,-84.0004,0.9038,16,0.4000,0.8571,7,8,7,0,0,8,7,0.1250
4,188.0000,6,37,623.3899,-86.1646,-0.5038,8,0.2000,0.8571,7,8,8,0,0,8,8,0.0000
4,188.0000,6,38,333.2018,-80.4955,0.1792,14,0.3500,0.5714,7,7,5,0,0,7,5,0.2857
4,188.0000,6,42,587.3960,-84.4256,0.3119,13,0.3250,0.8000,5,8,8,0,0,8,8,0.0000
4,188.0000,6,47,518.0053,-85.3906,0.3792,8,0.2000,0.5000,6,8,7,0,0,8,7,0.1250
4,188.0000,7,2,750.5661,-86.1367,0.5419,7,0.1750,1.0000,8,6,6,0,0,6,6,0.0000
4,188.0000,7,3,570.2603,-82.9643,-1.2994,9,0.2250,0.5714,7,8,8,0,0,8,8,0.0000
4,188.0000,7,8,453.1357,-83.5242,0.1396,7,0.1750,0.7143,7,8,8,0,0,8,8,0.0000
4,188.0000,7,9,810.5186,-86.4095,0.5614,5,0.1250,1.0000,6,8,8,0,0,8,8,0.0000
4,188.0000,7,10,666.0066,-85.9198,-1.7062,7,0.1750,1.0000,8,8,7,0,0,8,7,0.1250
4,188.0000,7,13,930.8486,-88.5849,0.1942,3,0.0750,1.0000,8,4,4,0,0,4,4,0.0000
4,188.0000,7,14,966.3718,-88.5709,-0.5410,3,0.0750,1.0000,4,8,8,0,0,8,8,0.0000
4,188.0000,7,15,738.1144,-84.9503,1.4596,4,0.1000,0.8571,7,8,8,0,0,8,8,0.0000
4,188.0000,7,16,278.3827,-77.4062,0.0101,28,0.7000,0.7143,7,8,7,0,0,8,7,0.1250
4,188.0000,7,19,870.9207,-88.2315,-0.6236,5,0.1250,1.0000,8,4,4,0,0,4,4,0.0000
4,188.0000,7,20,448.4676,-82.2309,-0.4285,14,0.3500,0.8571,7,8,7,0,0,8,7,0.1250
4,188.0000,7,22,469.3591,-83.0543,-0.8162,15,0.3750,0.8750,8,7,5,0,0,7,5,0.2857
4,188.0000,7,23,745.5932,-87.5808,-0.5330,4,0.1000,0.8750,8,8,8,0,0,8,8,0.0000
4,188.0000,7,24,739.4562,-86.7606,0.8089,6,0.1500,,0,4,4,0,0,4,4,0.0000
4,188.0000,7,26,904.8926,-88.2737,-0.5887,4,0.1000,1.0000,6,6,6,0,0,6,6,0.0000
4,188.0000,7,28,881.7089,-86.8028,-0.3105,4,0.1000,1.0000,8,2,2,0,0,2,2,0.0000
4,188.0000,7,29,735.5254,-88.1793,0.2070,4,0.1000,1.0000,8,8,8,0,0,8,8,0.0000
4,188.0000,7,31,806.4787,-86.3637,0.2505,3,0.0750,1.0000,8,8,8,0,0,8,8,0.0000
4,188.0000,7,32,1123.0740,-89.3179,0.3006,3,0.0750,1.0000,8,4,4,0,0,4,4,0.0000
4,188.0000,7,33,511.1211,-83.8722,-0.4316,15,0.3750,1.0000,8,8,8,0,0,8,8,0.0000
4,188.0000,7,37,818.2369,-86.9680,-0.2936,4,0.1000,0.8571,7,6,6,0,0,6,6,0.0000
4,188.0000,7,38,698.5624,-85.1881,0.1055,6,0.1500,0.8750,8,8,8,0,0,8,8,0.0000
4,188.0000,7,39,615.7951,-83.6671,-0.2393,7,0.1750,0.8571,7,8,8,0,0,8,8,0.0000
4,188.0000,7,41,488.9018,-82.7073,0.0731,8,0.2000,1.0000,8,8,7,0,0,8,7,0.1250
4,188.0000,7,42,839.2686,-88.9795,-0.4375,3,0.0750,1.0000,8,2,2,0,0,2,2,0.0000
4,188.0000,7,43,500.7371,-82.7500,0.2126,12,0.3000,1.0000,8,8,8,0,0,8,8,0.0000
4,188.0000,7,46,936.4286,-87.7154,0.9000,4,0.1000,1.0000,8,8,8,0,0,8,8,0.0000
4,188.0000,7,47,755.2571,-84.8780,-0.9097,7,0.1750,0.8571,7,8,8,0,0,8,8,0.0000
4,188.0000,8,2,752.4548,-86.8228,-0.3006,8,0.2000,1.0000,6,8,8,0,0,8,8,0.0000
4,188.0000,8,3,450.2124,-81.1314,-0.6265,18,0.4500,1.0000,8,7,6,0,0,7,6,0.1429
4,188.0000,8,4,877.8007,-87.9959,-0.5399,6,0.1500,1.0000,6,6,6,0,0,6,6,0.0000
4,188.0000,8,6,818.1723,-86.7036,-0.3160,6,0.1500,1.0000,8,7,6,0,0,7,6,0.1429
4,188.0000,8,7,453.1357,-82.6784,0.1474,18,0.4500,0.8333,6,8,8,0,0,8,8,0.0000
4,188.0000,8,9,632.5281,-85.9742,-0.8125,6,0.1500,0.8571,7,6,5,0,0,6,5,0.1667
4,188.0000,8,10,441.1476,-80.8982,-0.1863,16,0.4000,0.8571,7,7,5,0,0,7,5,0.2857
4,188.0000,8,12,1047.6678,-88.6546,0.1168,4,0.1000,1.0000,4,4,4,0,0,4,4,0.0000
4,188.0000,8,13,704.2099,-84.6302,0.9383,6,0.1500,1.0000,8,8,7,0,0,8,7,0.1250
4,188.0000,8,15,655.7278,-85.0343,0.3612,8,0.2000,0.7143,7,8,8,0,0,8,8,0.0000
4,188.0000,8,16,235.4990,-76.8204,-0.4620,33,0.8250,0.6667,6,5,1,0,0,5,1,0.8000
4,188.0000,8,17,1136.4813,-88.6503,-0.1011,4,0.1000,1.0000,4,2,2,0,0,2,2,0.0000
4,188.0000,8,19,745.3607,-85.4485,0.0232,9,0.2250,1.0000,8,8,8,0,0,8,8,0.0000
4,188.0000,8,20,214.2794,-74.2832,-0.3855,34,0.8500,0.7143,7,8,7,0,0,8,7,0.1250
4,188.0000,8,22,276.5153,-79.4505,0.9306,32,0.8000,0.6667,6,6,3,0,0,6,3,0.5000
4,188.0000,8,23,382.3033,-78.3864,-1.4323,25,0.6250,0.8750,8,7,6,0,0,7,6,0.1429
4,188.0000,8,26,670.1451,-86.3265,-0.1242,8,0.2000,1.0000,8,8,8,0,0,8,8,0.0000
4,188.0000,8,28,652.1239,-84.5906,-0.5923,7,0.1750,0.8571,7,6,4,0,0,6,4,0.3333
4,188.0000,8,29,733.7783,-86.3888,0.2000,4,0.1000,0.8750,8,6,6,0,0,6,6,0.0000
4,188.0000,8,30,714.7026,-86.4566,-0.1946,7,0.1750,0.8571,7,8,8,0,0,8,8,0.0000
4,188.0000,8,31,587.1503,-83.5128,0.0158,9,0.2250,0.8750,8,7,5,0,0,7,5,0.2857
4,188.0000,8,33,536.2702,-83.6868,0.0183,18,0.4500,0.7500,8,8,7,0,0,8,7,0.1250
4,188.0000,8,37,689.4175,-84.3699,2.2206,7,0.1750,0.8750,8,8,8,0,0,8,8,0.0000
4,188.0000,8,38,638.0730,-84.4240,-0.3344,15,0.3750,0.6667,6,7,6,0,0,7,6,0.1429
4,188.0000,8,39,483.8628,-82.9343,0.0858,15,0.3750,0.8750,8,8,7,0,0,8,7,0.1250
4,188.0000,8,40,837.9058,-87.1406,-0.5299,5,0.1250,1.0000,8,8,8,0,0,8,8,0.0000
4,188.0000,8,41,210.6245,-75.1554,-0.5507,34,0.8500,0.5000,6,6,3,0,0,6,3,0.5000
4,188.0000,8,42,946.6327,-87.8955,0.1206,7,0.1750,1.0000,4,2,2,0,0,2,2,0.0000
4,188.0000,8,43,192.7291,-76.9096,1.6470,32,0.8000,0.2000,5,5,1,0,0,5,1,0.8000
4,188.0000,8,44,830.2385,-86.6584,-0.5712,5,0.1250,1.0000,8,8,8,0,0,8,8,0.0000
4,188.0000,8,46,728.8331,-85.3694,-0.9881,9,0.2250,0.8571,7,7,6,0,0,7,6,0.1429
4,188.0000,8,47,644.2595,-83.7944,-0.0426,13,0.3250,0.8889,9,6,5,0,0,6,5,0.1667
4,188.0000,9,0,985.2318,-88.7541,-0.0708,6,0.1500,1.0000,4,8,8,0,0,8,8,0.0000
4,188.0000,9,1,620.0188,-84.9403,0.8484,15,0.3750,0.6667,6,8,8,0,0,8,8,0.0000
4,188.0000,9,3,1019.2179,-88.0342,-0.0699,4,0.1000,1.0000,8,2,2,0,0,2,2,0.0000
4,188.0000,9,5,288.8530,-79.8346,0.9020,21,0.5250,0.6250,8,6,2,0,0,6,2,0.6667
4,188.0000,9,7,810.5186,-86.3832,-0.8700,10,0.2500,1.0000,8,8,7,0,0,8,7,0.1250
4,188.0000,9,8,632.5281,-85.2170,-0.2891,13,0.3250,0.8333,6,8,8,0,0,8,8,0.0000
4,188.0000,9,10,823.9480,-85.8537,1.0303,3,0.0750,0.8571,7,8,8,0,0,8,8,0.0000
4,188.0000,9,12,633.0377,-84.6879,-0.7134,14,0.3500,1.0000,6,6,4,0,0,6,4,0.3333
4,188.0000,9,13,806.4833,-86.9015,-0.7359,6,0.1500,1.0000,8,8,8,0,0,8,8,0.0000
4,188.0000,9,15,1109.6045,-88.6709,0.1466,4,0.1000,1.0000,4,8,8,0,0,8,8,0.0000
4,188.0000,9,16,783.8126,-85.6020,-0.0858,8,0.2000,1.0000,8,8,8,0,0,8,8,0.0000
4,188.0000,9,18,595.3223,-85.8904,-0.5974,16,0.4000,0.8750,8,7,6,0,0,7,6,0.1429
4,188.0000,9,19,231.2392,-75.7845,-0.1371,34,0.8500,0.2000,5,6,4,0,0,6,4,0.3333
4,188.0000,9,20,799.8903,-86.8522,0.2087,7,0.1750,1.0000,8,8,8,0,0,8,8,0.0000
4,188.0000,9,21,814.7448,-86.5525,-1.0466,9,0.2250,1.0000,4,5,3,0,0,5,3,0.4000
4,188.0000,9,22,875.9894,-86.4046,0.5470,6,0.1500,1.0000,8,8,7,0,0,8,7,0.1250
4,188.0000,9,23,831.8202,-86.6766,-0.8702,7,0.1750,0.8333,6,6,6,0,0,6,6,0.0000
4,188.0000,9,25,512.7367,-84.0582,0.0810,22,0.5500,0.5000,6,7,6,0,0,7,6,0.1429
4,188.0000,9,26,395.8937,-81.5868,0.5786,16,0.4000,1.0000,8,8,8,0,0,8,8,0.0000
4,188.0000,9,27,776.0672,-87.4188,0.1838,11,0.2750,1.0000,8,7,6,0,0,7,6,0.1429
4,188.0000,9,28,709.5543,-86.5016,0.0922,7,0.1750,1.0000,8,8,8,0,0,8,8,0.0000
4,188.0000,9,29,302.5200,-80.1368,-0.0901,24,0.6000,0.5000,6,6,2,0,0,6,2,0.6667
4,188.0000,9,30,818.0570,-87.3864,0.1808,6,0.1500,1.0000,2,8,8,0,0,8,8,0.0000
4,188.0000,9,31,692.7677,-86.6609,-1.1254,5,0.1250,0.8571,7,7,6,0,0,7,6,0.1429
4,188.0000,9,32,472.9843,-83.0979,-0.8753,25,0.6250,0.8750,8,7,4,0,0,7,4,0.4286
4,188.0000,9,33,1140.1456,-88.6515,0.3052,3,0.0750,1.0000,4,6,6,0,0,6,6,0.0000
4,188.0000,9,34,428.5246,-84.0407,0.0855,20,0.5000,0.7143,7,6,4,0,0,6,4,0.3333
4,188.0000,9,36,671.3044,-86.6225,-0.5262,13,0.3250,1.0000,8,7,5,0,0,7,5,0.2857
4,188.0000,9,39,325.2034,-79.0993,-0.1485,21,0.5250,0.6667,6,7,6,0,0,7,6,0.1429
4,188.0000,9,40,419.3041,-83.8712,1.0230,14,0.3500,0.8571,7,4,2,0,0,4,2,0.5000
4,188.0000,9,41,557.8356,-83.6820,-1.1234,8,0.2000,0.8750,8,8,7,0,0,8,7,0.1250
4,188.0000,9,43,455.6239,-81.5294,-1.7097,20,0.5000,0.5714,7,8,8,0,0,8,8,0.0000
4,188.0000,9,44,616.8587,-85.4356,0.7665,9,0.2250,0.8571,7,8,8,0,0,8,8,0.0000
4,188.0000,9,46,966.7309,-87.4359,-0.0992,4,0.1000,1.0000,6,6,6,0,0,6,6,0.0000
4,188.0000,10,2,809.3017,-88.2848,-0.6750,5,0.1250,1.0000,6,6,5,0,0,6,5,0.1667
4,188.0000,10,3,336.0311,-80.7827,0.2262,17,0.4250,0.5714,7,6,3,0,0,6,3,0.5000
4,188.0000,10,4,744.4512,-87.2881,-0.1827,9,0.2250,1.0000,4,7,6,0,0,7,6,0.1429
4,188.0000,10,6,731.6107,-86.7282,-0.2623,11,0.2750,1.0000,8,8,8,0,0,8,8,0.0000
4,188.0000,10,7,666.0066,-85.8043,-0.5166,6,0.1500,0.8571,7,8,8,0,0,8,8,0.0000
4,188.0000,10,8,441.1476,-81.8405,-0.6932,18,0.4500,0.8571,7,7,5,0,0,7,5,0.2857
4,188.0000,10,9,823.9480,-87.9077,-0.2040,5,0.1250,0.8333,6,2,2,0,0,2,2,0.0000
4,188.0000,10,11,924.6229,-88.4514,-1.9538,9,0.2250,1.0000,4,4,4,0,0,4,4,0.0000
4,188.0000,10,13,361.0394,-79.6636,-0.0649,28,0.7000,0.7143,7,8,6,0,0,8,6,0.2500
4,188.0000,10,14,820.3265,-87.7782,-0.4963,9,0.2250,1.0000,6,4,4,0,0,4,4,0.0000
4,188.0000,10,15,312.0152,-81.1815,0.9500,19,0.4750,0.2000,5,4,0,0,0,4,0,1.0000
4,188.0000,10,16,455.3275,-82.3045,-0.8810,16,0.4000,0.7500,8,8,8,0,0,8,8,0.0000
4,188.0000,10,17,950.1412,-88.3001,0.2580,8,0.2000,1.0000,8,8,8,0,0,8,8,0.0000
4,188.0000,10,19,820.9778,-87.9055,-0.2943,7,0.1750,0.8750,8,8,8,0,0,8,8,0.0000
4,188.0000,10,20,316.4618,-80.2067,1.0782,18,0.4500,0.8750,8,5,2,0,0,5,2,0.6000
4,188.0000,10,22,610.0346,-87.0296,0.3143,9,0.2250,0.6667,6,7,5,0,0,7,5,0.2857
4,188.0000,10,23,244.7289,-77.6669,0.2757,33,0.8250,0.2000,5,6,2,0,0,6,2,0.6667
4,188.0000,10,26,622.8059,-84.9165,0.4815,11,0.2750,1.0000,10,8,8,0,0,8,8,0.0000
4,188.0000,10,28,364.9705,-78.6342,-1.1344,33,0.8250,0.5714,7,7,6,0,0,7,6,0.1429
4,188.0000,10,30,402.9977,-80.1530,-1.6270,27,0.6750,0.7143,7,8,8,0,0,8,8,0.0000
4,188.0000,10,31,298.7610,-77.8143,-0.8473,36,0.9000,0.7143,7,7,6,0,0,7,6,0.1429
4,188.0000,10,33,602.9878,-85.0228,-0.1307,8,0.2000,0.8571,7,8,8,0,0,8,8,0.0000
4,188.0000,10,35,915.0360,-87.1214,-0.6546,7,0.1750,1.0000,4,8,8,0,0,8,8,0.0000
4,188.0000,10,37,288.5778,-79.1169,-0.0208,32,0.8000,0.5000,6,5,2,0,0,5,2,0.6000
4,188.0000,10,38,436.7432,-83.3603,0.1700,21,0.5250,0.5714,7,7,6,0,0,7,6,0.1429
4,188.0000,10,39,551.9805,-82.8319,0.0917,13,0.3250,0.7143,7,8,8,0,0,8,8,0.0000
4,188.0000,10,40,840.8497,-87.4444,-0.2845,9,0.2250,1.0000,8,8,8,0,0,8,8,0.0000
4,188.0000,10,41,313.9430,-80.3769,0.2215,15,0.3750,0.4000,5,5,1,0,0,5,1,0.8000
4,188.0000,10,43,448.3531,-83.0362,0.1757,15,0.3750,0.8571,7,7,6,0,0,7,6,0.1429
4,188.0000,10,44,677.6007,-85.6250,-0.5444,13,0.3250,0.7778,9,8,8,0,0,8,8,0.0000
4,188.0000,10,46,303.9392,-77.1673,-0.4156,36,0.9000,0.0000,4,7,6,0,0,7,6,0.1429
4,188.0000,10,47,303.2994,-79.0570,0.1164,31,0.7750,0.7143,7,7,5,0,0,7,5,0.2857
4,188.0000,11,2,714.2850,-85.7769,-0.6930,5,0.1220,1.0000,8,8,8,0,0,8,8,0.0000
4,188.0000,11,4,430.8114,-81.6979,-0.4085,19,0.4634,0.7143,7,7,5,0,0,7,5,0.2857
4,188.0000,11,6,565.4728,-86.5229,-0.6687,8,0.1951,1.0000,8,7,5,0,0,7,5,0.2857
4,188.0000,11,14,290.9761,-78.7177,0.1675,31,0.7561,0.2000,5,6,3,0,0,6,3,0.5000
4,188.0000,11,15,642.3621,-83.6704,0.5407,5,0.1220,0.8750,8,7,6,0,0,7,6,0.1429
4,188.0000,11,17,318.3775,-80.0948,0.1377,31,0.7561,0.4000,5,5,1,0,0,5,1,0.8000
4,188.0000,11,33,784.6703,-85.8464,0.2221,3,0.0732,1.0000,8,8,7,0,0,8,7,0.1250
4,188.0000,11,35,52.6781,-70.3030,2.9294,38,0.9268,0.2000,5,4,0,0,0,4,0,1.0000
4,188.0000,11,37,683.3167,-84.4914,1.4407,4,0.0976,1.0000,8,8,8,0,0,8,8,0.0000
4,188.0000,11,38,552.4150,-86.8816,0.5162,3,0.0732,1.0000,8,6,4,0,0,6,4,0.3333
4,188.0000,11,47,629.4938,-85.7124,-1.6094,4,0.0976,1.0000,8,8,8,0,0,8,8,0.0000
4,188.0000,12,0,534.6323,-83.9275,0.1853,22,0.5500,0.8571,7,6,3,0,0,6,3,0.5000
4,188.0000,12,1,710.7587,-84.8467,-0.1823,10,0.2500,1.0000,8,2,2,0,0,2,2,0.0000
4,188.0000,12,5,682.0762,-86.0308,-0.2757,8,0.2000,0.8571,7,7,6,0,0,7,6,0.1429
4,188.0000,12,9,633.0377,-85.0749,1.4907,4,0.1000,0.8571,7,8,8,0,0,8,8,0.0000
4,188.0000,12,13,727.5300,-84.5729,-0.3872,4,0.1000,1.0000,8,8,8,0,0,8,8,0.0000
4,188.0000,12,18,487.0590,-82.0482,-0.1746,23,0.5750,0.7500,8,8,8,8,7,16,15,0.0625
4,188.0000,12,19,523.6773,-83.9929,0.1872,6,0.1500,0.6667,6,7,6,0,0,7,6,0.1429
4,188.0000,12,21,263.2470,-77.2328,-0.5990,36,0.9000,0.4000,5,5,1,0,0,5,1,0.8000
4,188.0000,12,25,862.0424,-86.4449,-0.3635,5,0.1250,1.0000,8,6,6,0,0,6,6,0.0000
4,188.0000,12,26,406.2755,-80.6006,-0.1711,19,0.4750,1.0000,8,8,7,0,0,8,7,0.1250
4,188.0000,12,27,878.8379,-87.3508,0.0682,4,0.1000,1.0000,16,6,6,0,0,6,6,0.0000
4,188.0000,12,28,663.1891,-85.7796,-0.4358,3,0.0750,1.0000,8,8,7,0,0,8,7,0.1250
4,188.0000,12,29,876.8991,-85.7319,1.0724,3,0.0750,1.0000,8,6,6,0,0,6,6,0.0000
4,188.0000,12,30,696.5363,-86.8501,-1.1783,3,0.0750,0.8750,8,8,8,0,0,8,8,0.0000
4,188.0000,12,31,715.4278,-84.5611,0.6815,3,0.0750,1.0000,8,8,7,0,0,8,7,0.1250
4,188.0000,12,32,842.1108,-85.8189,-1.1535,6,0.1500,1.0000,8,8,8,0,0,8,8,0.0000
4,188.0000,12,34,491.9053,-82.1778,0.0461,16,0.4000,1.0000,8,8,8,0,0,8,8,0.0000
4,188.0000,12,36,717.0061,-84.9864,-0.9544,12,0.3000,1.0000,8,8,7,0,0,8,7,0.1250
4,188.0000,12,39,691.9476,-86.2652,0.0522,3,0.0750,0.7143,7,8,8,0,0,8,8,0.0000
4,188.0000,12,40,229.6872,-76.4820,0.3442,33,0.8250,0.0000,4,6,3,0,0,6,3,0.5000
4,188.0000,12,44,325.3591,-81.2727,1.1586,11,0.2750,1.0000,8,4,0,0,0,4,0,1.0000
4,188.0000,12,45,508.2996,-82.8033,-0.2965,24,0.6000,0.0000,4,5,1,0,0,5,1,0.8000
4,188.0000,13,3,693.3327,-85.9125,0.0414,4,0.1000,1.0000,8,8,8,0,0,8,8,0.0000
4,188.0000,13,7,930.8486,-87.8831,0.1889,3,0.0750,1.0000,6,8,8,0,0,8,8,0.0000
4,188.0000,13,8,704.2099,-87.7110,0.3833,6,0.1500,0.8571,7,8,8,0,0,8,8,0.0000
4,188.0000,13,9,806.4833,-86.9217,-1.5179,4,0.1000,1.0000,6,6,6,0,0,6,6,0.0000
4,188.0000,13,10,361.0394,-80.3791,0.3884,13,0.3250,0.5000,6,8,7,0,0,8,7,0.1250
4,188.0000,13,12,727.5300,-86.9009,1.2028,5,0.1250,1.0000,6,8,8,0,0,8,8,0.0000
4,188.0000,13,15,570.2409,-86.0594,0.3381,10,0.2500,1.0000,8,8,7,0,0,8,7,0.1250
4,188.0000,13,16,769.7355,-88.3239,-0.1906,7,0.1750,1.0000,8,6,6,0,0,6,6,0.0000
4,188.0000,13,18,1003.3459,-88.7257,-0.1294,5,0.1250,,0,3,2,0,0,3,2,0.3333
4,188.0000,13,19,725.3938,-86.9662,0.8941,4,0.1000,1.0000,8,8,8,0,0,8,8,0.0000
4,188.0000,13,20,652.8686,-85.8850,-0.2035,6,0.1500,1.0000,8,8,8,0,0,8,8,0.0000
4,188.0000,13,23,494.5550,-84.5048,-0.0026,9,0.2250,0.8571,7,5,2,0,0,5,2,0.6000
4,188.0000,13,26,460.2678,-84.0915,-0.2225,12,0.3000,1.0000,8,6,4,0,0,6,4,0.3333
4,188.0000,13,28,97.7208,-69.3501,0.6648,32,0.8000,0.2000,5,4,0,0,0,4,0,1.0000
4,188.0000,13,30,141.6228,-71.8305,0.3880,33,0.8250,0.2000,5,4,0,0,0,4,0,1.0000
4,188.0000,13,31,137.7594,-72.9699,0.0362,34,0.8500,0.2000,5,5,1,0,0,5,1,0.8000
4,188.0000,13,33,961.5733,-88.2239,-0.9685,3,0.0750,1.0000,2,8,8,0,0,8,8,0.0000
4,188.0000,13,34,932.0779,-88.2326,1.4799,3,0.0750,1.0000,6,8,8,0,0,8,8,0.0000
4,188.0000,13,37,487.1956,-82.5648,-0.3814,9,0.2250,0.8571,7,7,6,0,0,7,6,0.1429
4,188.0000,13,38,759.3527,-87.1380,0.0422,5,0.1250,1.0000,8,8,8,0,0,8,8,0.0000
4,188.0000,13,39,559.1912,-85.7824,0.4406,6,0.1500,0.8750,8,7,5,0,0,7,5,0.2857
4,188.0000,13,40,657.0835,-85.6695,0.0591,8,0.2000,1.0000,8,8,8,0,0,8,8,0.0000
4,188.0000,13,41,518.3168,-85.0273,0.8650,8,0.2000,1.0000,8,8,8,0,0,8,8,0.0000
4,188.0000,13,43,616.8507,-86.6534,0.6255,8,0.2000,0.8571,7,8,7,0,0,8,7,0.1250
4,188.0000,13,44,402.9388,-80.7293,0.1166,18,0.4500,0.8571,7,7,6,0,0,7,6,0.1429
4,188.0000,13,46,204.6719,-77.5726,1.5991,25,0.6250,0.2000,5,5,1,0,0,5,1,0.8000
4,188.0000,13,47,572.2234,-84.6016,-0.3869,9,0.2250,1.0000,8,7,6,0,0,7,6,0.1429
4,188.0000,14,2,512.2669,-83.1218,0.4397,17,0.4250,0.8571,7,8,8,0,0,8,8,0.0000
4,188.0000,14,3,569.0832,-84.3124,-0.1176,5,0.1250,1.0000,8,8,8,0,0,8,8,0.0000
4,188.0000,14,4,420.3731,-82.1050,1.0584,21,0.5250,0.8333,6,8,6,0,0,8,6,0.2500
4,188.0000,14,6,283.5580,-80.6877,1.1220,23,0.5750,0.5000,6,5,2,0,0,5,2,0.6000
4,188.0000,14,10,820.3265,-86.9925,0.6754,3,0.0750,1.0000,8,8,8,0,0,8,8,0.0000
4,188.0000,14,11,290.9761,-79.3006,-0.6326,37,0.9250,0.2000,5,6,2,0,0,6,2,0.6667
4,188.0000,14,15,537.6480,-82.9589,0.0732,9,0.2250,1.0000,8,8,8,0,0,8,8,0.0000
4,188.0000,14,17,471.1457,-83.1675,0.3145,23,0.5750,0.8571,7,9,7,0,0,9,7,0.2222
4,188.0000,14,20,799.3445,-85.4085,-3.7417,3,0.0750,0.8571,7,8,8,0,0,8,8,0.0000
4,188.0000,14,24,653.3085,-85.7445,-0.4414,6,0.1500,1.0000,8,7,6,0,0,7,6,0.1429
4,188.0000,14,33,555.6782,-84.6372,0.3225,11,0.2750,0.8571,7,7,5,0,0,7,5,0.2857
4,188.0000,14,35,250.4556,-75.0840,-1.6852,37,0.9250,0.0000,4,5,1,0,0,5,1,0.8000
4,188.0000,14,37,622.5109,-84.6058,-0.5588,6,0.1500,1.0000,8,8,8,0,0,8,8,0.0000
4,188.0000,14,38,395.6890,-81.4784,0.4244,18,0.4500,0.8750,8,8,7,0,0,8,7,0.1250
4,188.0000,14,42,773.2632,-87.5390,0.6063,8,0.2000,1.0000,6,8,8,0,0,8,8,0.0000
4,188.0000,14,46,932.7895,-85.2582,-1.9463,3,0.0750,0.7143,7,8,8,0,0,8,8,0.0000
4,188.0000,14,47,537.2269,-84.9462,0.3594,8,0.2000,1.0000,8,6,4,0,0,6,4,0.3333
4,188.0000,15,2,687.7741,-84.9733,-0.2164,14,0.3415,0.8571,7,8,8,0,0,8,8,0.0000
4,188.0000,15,3,287.7750,-81.1696,-0.5947,16,0.3902,0.8750,8,7,6,0,0,7,6,0.1429
4,188.0000,15,4,573.0171,-83.1496,-0.1291,17,0.4146,0.8750,8,6,4,0,0,6,4,0.3333
4,188.0000,15,6,510.7017,-83.6035,0.2377,15,0.3659,0.8571,7,7,6,0,0,7,6,0.1429
4,188.0000,15,7,738.1144,-85.5722,0.1515,8,0.1951,1.0000,8,8,8,0,0,8,8,0.0000
4,188.0000,15,8,655.7278,-86.0107,-1.7810,3,0.0732,1.0000,8,8,8,0,0,8,8,0.0000
4,188.0000,15,10,312.0152,-80.4038,0.1191,13,0.3171,0.7143,7,6,2,0,0,6,2,0.6667
4,188.0000,15,11,642.3621,-84.9291,0.0620,16,0.3902,0.8571,7,8,8,0,0,8,8,0.0000
4,188.0000,15,13,570.2409,-84.4661,1.4923,8,0.1951,1.0000,8,7,6,0,0,7,6,0.1429
4,188.0000,15,14,537.6480,-82.3346,-0.4683,21,0.5122,0.8571,7,8,8,0,0,8,8,0.0000
4,188.0000,15,16,562.7202,-84.6243,1.8646,7,0.1707,0.8571,7,7,6,0,0,7,6,0.1429
4,188.0000,15,17,738.9176,-86.7742,-0.1864,12,0.2927,1.0000,8,8,7,0,0,8,7,0.1250
4,188.0000,15,19,1092.4653,-88.5038,0.3875,3,0.0732,1.0000,4,8,8,0,0,8,8,0.0000
4,188.0000,15,20,457.0292,-83.0366,0.5524,10,0.2439,1.0000,8,8,6,0,0,8,6,0.2500
4,188.0000,15,22,721.3641,-86.2182,-0.5566,9,0.2195,0.8571,7,6,6,0,0,6,6,0.0000
4,188.0000,15,23,470.5761,-83.9240,-0.1455,11,0.2683,0.8571,7,8,8,0,0,8,8,0.0000
4,188.0000,15,28,609.5449,-84.9881,1.0266,8,0.1951,1.0000,8,8,7,0,0,8,7,0.1250
4,188.0000,15,30,632.7189,-84.7546,-0.9737,6,0.1463,0.8571,7,7,6,0,0,7,6,0.1429
4,188.0000,15,31,552.1804,-84.2426,0.5417,6,0.1463,0.8571,7,7,6,0,0,7,6,0.1429
4,188.0000,15,33,527.5672,-84.2547,-0.3877,13,0.3171,0.4000,5,7,6,0,0,7,6,0.1429
4,188.0000,15,35,625.6373,-85.3766,-1.3775,14,0.3415,0.6667,6,8,8,0,0,8,8,0.0000
4,188.0000,15,37,117.1916,-72.7910,1.5280,33,0.8049,0.4000,5,4,0,0,0,4,0,1.0000
4,188.0000,15,38,224.2205,-74.5320,-0.6688,31,0.7561,0.4000,5,7,3,0,0,7,3,0.5714
4,188.0000,15,39,814.0593,-88.7327,0.1109,3,0.0732,1.0000,8,8,8,0,0,8,8,0.0000
4,188.0000,15,41,576.0214,-84.8992,0.4256,7,0.1707,0.8750,8,7,5,0,0,7,5,0.2857
4,188.0000,15,42,1004.7824,-87.9959,0.3514,6,0.1463,1.0000,4,2,1,0,0,2,1,0.5000
4,188.0000,15,43,712.6940,-85.7634,0.7791,5,0.1220,0.8750,8,8,8,0,0,8,8,0.0000
4,188.0000,15,46,413.4493,-80.8499,-0.1662,14,0.3415,0.7500,8,6,4,0,0,6,4,0.3333
4,188.0000,15,47,53.4318,-68.2527,3.2145,33,0.8049,0.0000,4,4,0,0,0,4,0,1.0000
4,188.0000,16,2,609.2030,-85.5456,0.4528,9,0.2250,0.8571,7,8,7,0,0,8,7,0.1250
4,188.0000,16,3,343.0282,-78.2545,-0.9936,25,0.6250,0.7143,7,6,2,0,0,6,2,0.6667
4,188.0000,16,4,798.2649,-86.9162,-1.0287,7,0.1750,1.0000,6,7,6,0,0,7,6,0.1429
4,188.0000,16,6,622.0673,-86.0851,1.0831,12,0.3000,1.0000,8,7,6,0,0,7,6,0.1429
4,188.0000,16,7,278.3827,-78.0795,0.0101,31,0.7750,0.0000,4,5,2,0,0,5,2,0.6000
4,188.0000,16,8,235.4990,-76.2662,0.1212,30,0.7500,0.2000,5,5,2,0,0,5,2,0.6000
4,188.0000,16,9,783.8126,-86.5746,1.4560,5,0.1250,1.0000,8,4,4,0,0,4,4,0.0000
4,188.0000,16,10,455.3275,-81.6875,0.1026,14,0.3500,0.8571,7,8,7,0,0,8,7,0.1250
4,188.0000,16,11,1054.7831,-89.0681,0.5543,4,0.1000,,0,4,4,0,0,4,4,0.0000
4,188.0000,16,13,769.7355,-87.6346,-0.8668,5,0.1250,1.0000,8,8,8,0,0,8,8,0.0000
4,188.0000,16,14,845.5156,-87.9191,0.3432,8,0.2000,1.0000,6,8,8,0,0,8,8,0.0000
4,188.0000,16,15,562.7202,-86.0262,0.0985,15,0.3750,0.8571,7,8,8,0,0,8,8,0.0000
4,188.0000,16,19,861.4254,-87.8290,0.0032,4,0.1000,1.0000,8,6,6,0,0,6,6,0.0000
4,188.0000,16,20,176.9930,-71.5611,-1.0518,35,0.8750,0.0000,4,6,3,1,0,7,3,0.5714
4,188.0000,16,22,268.0857,-79.7203,0.6975,31,0.7750,0.0000,4,6,3,0,0,6,3,0.5000
4,188.0000,16,23,483.2406,-82.9681,0.8635,15,0.3750,0.5714,7,6,4,0,0,6,4,0.3333
4,188.0000,16,24,746.0236,-86.8041,0.9266,11,0.2750,1.0000,4,8,8,0,0,8,8,0.0000
4,188.0000,16,26,808.4278,-87.5943,0.3993,5,0.1250,0.8750,8,8,8,0,0,8,8,0.0000
4,188.0000,16,28,731.3823,-85.4285,1.3123,8,0.2000,1.0000,8,8,8,0,0,8,8,0.0000
4,188.0000,16,29,814.1803,-87.0918,-2.9340,4,0.1000,0.8750,8,8,8,0,0,8,8,0.0000
4,188.0000,16,30,814.2639,-86.6628,-0.0964,10,0.2500,1.0000,8,8,8,0,0,8,8,0.0000
4,188.0000,16,31,655.4269,-86.2313,-0.7313,7,0.1750,1.0000,8,7,5,60,60,67,65,0.0299
4,188.0000,16,33,360.7882,-81.2779,0.0604,22,0.5500,0.5000,6,7,6,0,0,7,6,0.1429
4,188.0000,16,35,1034.6603,-88.3147,0.2231,5,0.1250,1.0000,4,5,4,0,0,5,4,0.2000
4,188.0000,16,37,631.8787,-84.8209,-0.4907,12,0.3000,0.8667,15,8,8,0,0,8,8,0.0000
4,188.0000,16,38,511.6138,-83.5435,-0.2419,13,0.3250,0.9392,148,8,8,81,79,89,87,0.0225
4,188.0000,16,39,574.8916,-83.1757,-1.3760,12,0.3000,0.9286,14,8,7,0,0,8,7,0.1250
4,188.0000,16,40,1008.0742,-87.7573,-1.0334,4,0.1000,1.0000,8,8,8,0,0,8,8,0.0000
4,188.0000,16,41,313.8018,-78.5841,-0.6269,20,0.5000,0.4800,50,5,2,0,0,5,2,0.6000
4,188.0000,16,42,791.4312,-87.0794,2.0124,6,0.1500,0.5000,2,4,4,0,0,4,4,0.0000
4,188.0000,16,43,358.3840,-79.3429,-0.5134,20,0.5000,0.6429,14,8,6,0,0,8,6,0.2500
4,188.0000,16,44,968.0704,-88.7108,-0.2718,5,0.1250,1.0000,8,6,6,0,0,6,6,0.0000
4,188.0000,16,46,754.0576,-86.0762,-0.9184,9,0.2250,1.0000,8,8,8,0,0,8,8,0.0000
4,188.0000,16,47,563.2547,-84.1419,-0.1546,15,0.3750,0.8750,8,7,6,0,0,7,6,0.1429
4,188.0000,17,2,643.9558,-85.1467,0.5284,10,0.2500,0.8571,7,6,6,0,0,6,6,0.0000
4,188.0000,17,4,266.5073,-77.4912,-0.2736,29,0.7250,0.0000,4,5,2,0,0,5,2,0.6000
4,188.0000,17,6,666.3035,-85.9122,0.2026,9,0.2250,1.0000,2,8,8,0,0,8,8,0.0000
4,188.0000,17,10,950.1412,-88.4955,-0.3041,3,0.0750,1.0000,8,8,8,0,0,8,8,0.0000
4,188.0000,17,11,318.3775,-80.1521,-0.0048,27,0.6750,0.2000,5,6,3,0,0,6,3,0.5000
4,188.0000,17,14,471.1457,-82.3676,-1.1543,19,0.4750,1.0000,8,7,5,0,0,7,5,0.2857
4,188.0000,17,15,738.9176,-85.7146,0.5633,5,0.1250,1.0000,8,8,8,0,0,8,8,0.0000
4,188.0000,17,33,772.9430,-84.9717,0.6533,4,0.1000,1.0000,8,8,8,0,0,8,8,0.0000
4,188.0000,17,35,358.6293,-81.5097,0.3492,29,0.7250,0.4000,5,7,5,0,0,7,5,0.2857
4,188.0000,17,38,604.9824,-84.6744,0.4348,9,0.2250,1.0000,8,7,6,0,0,7,6,0.1429
4,188.0000,17,42,931.3615,-88.3129,-0.7576,3,0.0750,1.0000,6,4,4,0,0,4,4,0.0000
4,188.0000,17,47,705.4026,-87.6301,-0.3097,4,0.1000,1.0000,6,8,8,0,0,8,8,0.0000
4,188.0000,18,0,553.3748,-83.9451,-0.4160,17,0.4250,0.8000,5,7,5,0,0,7,5,0.2857
4,188.0000,18,1,325.7652,-79.8519,0.6458,27,0.6750,0.8750,8,6,4,0,0,6,4,0.3333
4,188.0000,18,5,419.6161,-80.4677,-0.7295,18,0.4500,0.4000,5,7,6,0,0,7,6,0.1429
4,188.0000,18,9,595.3223,-85.7150,0.1380,8,0.2000,1.0000,8,7,6,0,0,7,6,0.1429
4,188.0000,18,12,487.0590,-81.2959,-1.1359,17,0.4250,0.5714,7,7,4,0,0,7,4,0.4286
4,188.0000,18,19,431.9657,-81.6561,0.3793,13,0.3250,0.5714,7,6,4,0,0,6,4,0.3333
4,188.0000,18,21,593.3604,-84.6232,-0.7923,10,0.2500,0.8000,5,8,8,0,0,8,8,0.0000
4,188.0000,18,25,532.2974,-84.0791,-0.5594,11,0.2750,0.8571,7,8,7,17,14,25,21,0.1600
4,188.0000,18,26,600.0213,-83.7552,-0.9776,7,0.1750,0.6667,6,8,8,0,0,8,8,0.0000
4,188.0000,18,27,554.9788,-84.7071,0.1500,17,0.4250,0.9250,40,7,4,4,3,11,7,0.3636
4,188.0000,18,28,920.5069,-85.9939,0.1468,3,0.0750,1.0000,8,8,8,0,0,8,8,0.0000
4,188.0000,18,29,674.6212,-85.6920,0.0707,6,0.1500,1.0000,8,8,8,0,0,8,8,0.0000
4,188.0000,18,32,517.8488,-83.2047,-0.3489,16,0.4000,1.0000,6,8,6,0,0,8,6,0.2500
4,188.0000,18,34,171.0225,-73.0255,0.0211,37,0.9250,0.1667,6,4,2,0,0,4,2,0.5000
4,188.0000,18,36,355.6359,-82.3052,0.3741,21,0.5250,0.6667,6,6,3,0,0,6,3,0.5000
4,188.0000,18,39,719.1541,-85.7953,-0.0788,3,0.0750,1.0000,8,8,7,0,0,8,7,0.1250
4,188.0000,18,40,500.7574,-82.6671,1.1093,11,0.2750,1.0000,8,7,6,0,0,7,6,0.1429
4,188.0000,18,44,679.4284,-85.9497,-0.3232,6,0.1500,0.6667,6,8,7,0,0,8,7,0.1250
4,188.0000,18,45,661.2782,-85.4425,-0.4309,14,0.3500,0.5714,7,7,6,0,0,7,6,0.1429
4,188.0000,19,0,881.9380,-87.5221,0.2549,7,0.1750,1.0000,8,4,4,0,0,4,4,0.0000
4,188.0000,19,1,562.5424,-84.2703,-0.0447,15,0.3750,0.8750,8,4,1,0,0,4,1,0.7500
4,188.0000,19,3,1060.6484,-88.9577,-0.4703,3,0.0750,1.0000,4,4,4,0,0,4,4,0.0000
4,188.0000,19,5,249.3044,-76.8778,-0.1010,31,0.7750,0.0000,4,5,2,0,0,5,2,0.6000
4,188.0000,19,7,870.9207,-87.6283,0.1982,3,0.0750,1.0000,8,6,6,0,0,6,6,0.0000
4,188.0000,19,8,745.3607,-86.8059,1.0136,6,0.1500,1.0000,8,8,8,0,0,8,8,0.0000
4,188.0000,19,9,231.2392,-76.3833,0.1628,35,0.8750,0.4000,5,4,0,0,0,4,0,1.0000
4,188.0000,19,10,820.9778,-86.8808,0.8716,6,0.1500,1.0000,8,8,8,0,0,8,8,0.0000
4,188.0000,19,12,523.6773,-84.2376,0.3085,15,0.3750,1.0000,6,8,7,0,0,8,7,0.1250
4,188.0000,19,13,725.3938,-85.8981,0.0870,7,0.1750,1.0000,8,8,8,0,0,8,8,0.0000
4,188.0000,19,16,861.4254,-86.7162,0.4992,7,0.1750,1.0000,6,8,8,0,0,8,8,0.0000
4,188.0000,19,18,431.9657,-82.1854,-0.2883,19,0.4750,0.7143,7,5,2,0,0,5,2,0.6000
4,188.0000,19,20,868.9644,-88.3261,0.6741,4,0.1000,1.0000,4,6,6,0,0,6,6,0.0000
4,188.0000,19,21,738.3841,-86.9355,0.7767,11,0.2750,0.8571,7,6,6,0,0,6,6,0.0000
4,188.0000,19,22,1006.8818,-87.8078,0.8053,4,0.1000,1.0000,4,4,4,0,0,4,4,0.0000
4,188.0000,19,23,885.1424,-87.9174,-0.5399,4,0.1000,0.8750,8,8,8,0,0,8,8,0.0000
4,188.0000,19,25,541.3671,-82.8322,-0.7740,22,0.5500,0.8571,7,8,8,0,0,8,8,0.0000
4,188.0000,19,26,303.3786,-81.4335,1.3270,18,0.4500,0.8571,7,7,4,0,0,7,4,0.4286
4,188.0000,19,27,771.9336,-86.9350,-0.4389,8,0.2000,0.8571,7,4,4,0,0,4,4,0.0000
4,188.0000,19,28,629.2107,-86.6742,-0.3620,6,0.1500,0.8750,8,7,6,0,0,7,6,0.1429
4,188.0000,19,29,373.7507,-79.0904,-0.3240,34,0.8500,0.2000,5,5,2,0,0,5,2,0.6000
4,188.0000,19,30,761.0758,-87.8318,0.4617,7,0.1750,1.0000,4,8,8,0,0,8,8,0.0000
4,188.0000,19,31,625.3759,-87.9502,1.2365,5,0.1250,0.6667,6,8,8,0,0,8,8,0.0000
4,188.0000,19,32,499.3343,-81.3592,-0.3133,24,0.6000,0.7500,8,8,8,0,0,8,8,0.0000
4,188.0000,19,34,280.7692,-81.0853,0.5219,22,0.5500,0.8571,7,6,1,0,0,6,1,0.8333
4,188.0000,19,36,619.3105,-85.0004,0.4204,14,0.3500,1.0000,8,7,6,0,0,7,6,0.1429
4,188.0000,19,39,298.1430,-79.7170,0.3102,21,0.5250,1.0000,8,6,2,0,0,6,2,0.6667
4,188.0000,19,40,358.1149,-82.6720,0.2889,19,0.4750,1.0000,8,7,6,0,0,7,6,0.1429
4,188.0000,19,41,610.0313,-83.3935,-0.3444,8,0.2000,1.0000,8,7,6,0,0,7,6,0.1429
4,188.0000,19,43,553.4436,-83.7650,-0.7146,10,0.2500,0.8750,8,8,7,0,0,8,7,0.1250
4,188.0000,19,44,511.0828,-84.0943,0.5087,11,0.2750,0.6667,6,6,4,0,0,6,4,0.3333
4,188.0000,19,45,933.6282,-87.5888,-0.4585,10,0.2500,1.0000,2,2,2,0,0,2,2,0.0000
4,188.0000,19,46,904.3394,-87.0411,1.0441,5,0.1250,,0,6,6,0,0,6,6,0.0000
4,188.0000,20,2,604.0872,-85.0326,-0.3565,15,0.3750,0.8750,8,6,4,0,0,6,4,0.3333
4,188.0000,20,3,237.5514,-76.2700,-0.3279,33,0.8250,0.5000,6,6,4,0,0,6,4,0.3333
4,188.0000,20,4,696.4091,-85.9487,0.9538,10,0.2500,1.0000,8,6,6,0,0,6,6,0.0000
4,188.0000,20,6,624.3953,-84.6036,0.2539,18,0.4500,0.8750,8,8,8,0,0,8,8,0.0000
4,188.0000,20,7,448.4676,-82.0733,-0.5560,24,0.6000,0.8571,7,7,6,0,0,7,6,0.1429
4,188.0000,20,8,214.2794,-74.8220,-0.1789,32,0.8000,0.4000,5,5,2,0,0,5,2,0.6000
4,188.0000,20,9,799.8903,-86.0318,-0.1027,6,0.1500,1.0000,6,6,6,0,0,6,6,0.0000
4,188.0000,20,10,316.4618,-80.6146,0.4190,14,0.3500,0.7143,7,5,2,0,0,5,2,0.6000
4,188.0000,20,11,968.9961,-88.0482,0.4009,7,0.1750,1.0000,4,8,8,0,0,8,8,0.0000
4,188.0000,20,13,652.8686,-86.1011,-0.4465,8,0.2000,1.0000,8,6,4,0,0,6,4,0.3333
4,188.0000,20,14,799.3445,-86.6065,-0.6492,9,0.2250,0.8333,6,6,6,4,4,10,10,0.0000
4,188.0000,20,15,457.0292,-83.2564,0.3864,19,0.4750,0.7143,7,7,4,0,0,7,4,0.4286
4,188.0000,20,16,176.9930,-71.2352,-0.9898,34,0.8500,0.3125,64,6,3,0,0,6,3,0.5000
4,188.0000,20,22,300.0941,-78.7769,-0.2112,28,0.7000,0.2000,5,4,0,0,0,4,0,1.0000
4,188.0000,20,23,311.1297,-80.7488,-0.2438,18,0.4500,0.4000,5,7,6,0,0,7,6,0.1429
4,188.0000,20,24,823.3623,-87.2148,-0.6017,9,0.2250,1.0000,8,4,4,0,0,4,4,0.0000
4,188.0000,20,28,626.7007,-85.8590,-0.3984,11,0.2750,0.8571,7,8,8,0,0,8,8,0.0000
4,188.0000,20,29,890.4256,-88.8987,0.6167,4,0.1000,1.0000,8,8,8,0,0,8,8,0.0000
4,188.0000,20,30,679.9618,-84.7203,0.8464,8,0.2000,1.0000,8,8,8,0,0,8,8,0.0000
4,188.0000,20,31,554.0010,-84.6711,0.2237,9,0.2250,0.8571,7,7,5,0,0,7,5,0.2857
4,188.0000,20,33,376.4573,-81.7959,1.1313,27,0.6750,0.8571,7,6,4,0,0,6,4,0.3333
4,188.0000,20,35,955.6345,-88.0518,2.6830,3,0.0750,1.0000,6,4,4,0,0,4,4,0.0000
4,188.0000,20,37,507.3227,-82.8265,-0.2377,16,0.4000,0.7143,7,8,8,0,0,8,8,0.0000
4,188.0000,20,38,424.3849,-81.9443,0.2010,25,0.6250,0.6667,6,6,4,0,0,6,4,0.3333
4,188.0000,20,39,579.4940,-83.8430,-0.6874,11,0.2750,0.6667,6,8,7,0,0,8,7,0.1250
4,188.0000,20,41,262.0214,-77.5587,0.3745,20,0.5000,0.7885,52,6,2,14,11,20,13,0.3500
4,188.0000,20,42,849.6480,-86.5315,-0.5020,9,0.2250,1.0000,2,2,2,0,0,2,2,0.0000
4,188.0000,20,43,345.7813,-81.3483,0.0117,14,0.3500,0.6667,6,4,0,118,94,122,94,0.2295
4,188.0000,20,46,620.0155,-84.8225,0.9080,8,0.2000,0.6667,6,6,2,0,0,6,2,0.6667
4,188.0000,20,47,445.0489,-82.1044,0.0206,19,0.4750,0.7143,7,6,4,0,0,6,4,0.3333
4,188.0000,21,0,363.2126,-82.5151,0.2319,27,0.6750,0.4000,5,6,4,0,0,6,4,0.3333
4,188.0000,21,1,752.5340,-86.2134,0.6565,8,0.2000,0.8889,9,8,8,0,0,8,8,0.0000
4,188.0000,21,5,842.0971,-87.6305,4.9157,3,0.0750,1.0000,8,8,8,0,0,8,8,0.0000
4,188.0000,21,12,263.2470,-77.1968,-0.1522,26,0.6500,0.3333,6,6,2,0,0,6,2,0.6667
4,188.0000,21,18,593.3604,-85.0263,0.8757,8,0.2000,1.0000,8,8,8,0,0,8,8,0.0000
4,188.0000,21,19,738.3841,-88.1820,-3.6909,3,0.0750,1.0000,8,8,8,0,0,8,8,0.0000
4,188.0000,21,25,947.1746,-87.7077,-0.4153,3,0.0750,1.0000,6,8,8,0,0,8,8,0.0000
4,188.0000,21,26,656.7742,-84.3599,-3.6222,3,0.0750,1.0000,8,8,8,0,0,8,8,0.0000
4,188.0000,21,27,861.7894,-87.7264,1.4872,4,0.1000,1.0000,8,8,8,0,0,8,8,0.0000
4,188.0000,21,34,636.9283,-85.3884,1.5977,8,0.2000,1.0000,8,8,8,0,0,8,8,0.0000
4,188.0000,21,36,731.7907,-87.1493,0.9038,5,0.1250,1.0000,6,7,6,0,0,7,6,0.1429
4,188.0000,21,40,439.0814,-80.9417,-0.2192,15,0.3750,0.8571,7,6,3,0,0,6,3,0.5000
4,188.0000,21,44,565.7820,-84.1584,-0.0226,8,0.2000,1.0000,8,8,8,0,0,8,8,0.0000
4,188.0000,21,45,281.6125,-78.4741,0.0503,33,0.8250,0.2000,5,5,1,0,0,5,1,0.8000
4,188.0000,22,2,546.4162,-84.8644,0.3438,7,0.1750,1.0000,8,8,7,0,0,8,7,0.1250
4,188.0000,22,3,444.6951,-82.5553,0.1393,10,0.2500,0.7143,7,8,5,0,0,8,5,0.3750
4,188.0000,22,6,708.6742,-87.9236,0.9690,7,0.1750,0.8000,5,8,8,0,0,8,8,0.0000
4,188.0000,22,7,469.3591,-81.9661,0.1301,18,0.4500,0.8571,7,7,6,0,0,7,6,0.1429
4,188.0000,22,8,276.5153,-78.9547,0.9896,17,0.4250,0.7143,7,7,5,0,0,7,5,0.2857
4,188.0000,22,9,875.9894,-85.5945,0.1668,4,0.1000,1.0000,8,4,4,0,0,4,4,0.0000
4,188.0000,22,10,610.0346,-86.1628,1.3809,5,0.1250,1.0000,6,8,8,0,0,8,8,0.0000
4,188.0000,22,14,920.0589,-88.7836,-0.0141,4,0.1000,1.0000,6,3,2,0,0,3,2,0.3333
4,188.0000,22,15,721.3641,-85.8998,0.6062,5,0.1250,1.0000,8,8,8,0,0,8,8,0.0000
4,188.0000,22,16,268.0857,-79.6911,1.6119,18,0.4500,0.6667,6,6,3,0,0,6,3,0.5000
4,188.0000,22,20,300.0941,-79.7798,-0.4210,21,0.5250,0.5000,6,6,3,0,0,6,3,0.5000
4,188.0000,22,23,522.6336,-83.3998,-0.0559,8,0.2000,1.0000,8,7,6,0,0,7,6,0.1429
4,188.0000,22,24,745.4381,-86.2587,0.1988,9,0.2250,1.0000,2,8,8,0,0,8,8,0.0000
4,188.0000,22,28,895.9298,-87.0103,0.3369,3,0.0750,1.0000,6,6,6,0,0,6,6,0.0000
4,188.0000,22,29,931.7336,-88.3594,0.1594,3,0.0750,1.0000,8,6,6,0,0,6,6,0.0000
4,188.0000,22,33,384.0315,-81.5120,0.5285,16,0.4000,0.7143,7,6,3,0,0,6,3,0.5000
4,188.0000,22,37,784.5597,-85.7989,0.4875,3,0.0750,0.6667,6,6,6,0,0,6,6,0.0000
4,188.0000,22,38,613.5347,-86.1110,0.0294,8,0.2000,1.0000,8,8,8,0,0,8,8,0.0000
4,188.0000,22,39,746.5055,-86.4815,0.8305,5,0.1250,1.0000,8,8,8,0,0,8,8,0.0000
4,188.0000,22,41,469.2525,-83.4326,-0.4099,9,0.2250,0.8750,8,8,7,0,0,8,7,0.1250
4,188.0000,22,42,694.3988,-85.9412,0.8012,6,0.1500,1.0000,2,8,8,0,0,8,8,0.0000
4,188.0000,22,43,463.8863,-83.2052,0.3516,9,0.2250,0.8750,8,6,4,0,0,6,4,0.3333
4,188.0000,22,46,910.7170,-87.0585,-1.3136,3,0.0750,1.0000,8,8,8,0,0,8,8,0.0000
4,188.0000,22,47,704.2862,-88.3037,0.1976,4,0.1000,1.0000,8,6,5,0,0,6,5,0.1667
4,188.0000,23,2,777.5550,-88.4593,0.0184,4,0.1000,0.8333,6,8,8,0,0,8,8,0.0000
4,188.0000,23,3,375.8179,-81.0530,-0.0628,17,0.4250,0.8571,7,8,8,0,0,8,8,0.0000
4,188.0000,23,4,697.1082,-87.0506,0.6831,10,0.2500,1.0000,6,8,8,0,0,8,8,0.0000
4,188.0000,23,6,808.1694,-87.8167,0.0478,6,0.1500,1.0000,6,8,8,0,0,8,8,0.0000
4,188.0000,23,7,745.5932,-85.8031,-1.6286,7,0.1750,0.8571,7,8,8,0,0,8,8,0.0000
4,188.0000,23,8,382.3033,-78.3338,-1.7620,21,0.5250,1.0000,8,7,6,0,0,7,6,0.1429
4,188.0000,23,9,831.8202,-86.2188,-0.8296,6,0.1500,1.0000,6,6,6,0,0,6,6,0.0000
4,188.0000,23,10,244.7289,-77.5106,0.4353,23,0.5750,0.5000,6,5,2,0,0,5,2,0.6000
4,188.0000,23,11,974.9225,-87.4941,-0.1533,5,0.1250,,0,3,2,0,0,3,2,0.3333
4,188.0000,23,13,494.5550,-84.0135,-0.0374,11,0.2750,0.5714,7,8,8,0,0,8,8,0.0000
4,188.0000,23,14,893.5795,-87.6994,-0.1070,5,0.1250,1.0000,6,4,4,0,0,4,4,0.0000
4,188.0000,23,15,470.5761,-84.4771,1.3538,13,0.3250,0.5714,7,5,2,0,0,5,2,0.6000
4,188.0000,23,16,483.2406,-82.0489,-0.2366,16,0.4000,0.7143,7,8,6,0,0,8,6,0.2500
4,188.0000,23,17,917.8813,-89.1612,0.4945,4,0.1000,,0,5,4,0,0,5,4,0.2000
4,188.0000,23,19,885.1424,-88.0766,-0.3157,5,0.1250,1.0000,8,4,4,0,0,4,4,0.0000
4,188.0000,23,20,311.1297,-79.5470,0.1954,18,0.4500,0.7500,12,5,2,0,0,5,2,0.6000
4,188.0000,23,22,522.6336,-84.5886,0.0747,15,0.3750,0.6667,6,7,5,0,0,7,5,0.2857
4,188.0000,23,26,676.1499,-86.9762,-0.2399,9,0.2250,1.0000,6,8,8,0,0,8,8,0.0000
4,188.0000,23,28,490.1095,-84.0862,1.1254,11,0.2750,0.7143,7,8,8,0,0,8,8,0.0000
4,188.0000,23,30,463.5036,-83.4581,-0.0780,11,0.2750,0.7143,7,8,8,0,0,8,8,0.0000
4,188.0000,23,31,442.4320,-83.8839,-0.5367,10,0.2500,0.8571,7,8,8,0,0,8,8,0.0000
4,188.0000,23,33,611.2772,-84.3306,-0.6611,11,0.2750,0.7143,7,8,8,0,0,8,8,0.0000
4,188.0000,23,34,1145.5157,-87.2996,-0.7378,3,0.0750,1.0000,8,6,6,0,0,6,6,0.0000
4,188.0000,23,35,975.6722,-88.1032,0.5628,3,0.0750,1.0000,4,4,4,0,0,4,4,0.0000
4,188.0000,23,37,449.6093,-82.6046,0.4714,12,0.3000,1.0000,8,5,2,0,0,5,2,0.6000
4,188.0000,23,38,509.2202,-83.3550,0.3494,15,0.3750,1.0000,8,6,4,0,0,6,4,0.3333
4,188.0000,23,39,635.3340,-83.7017,-0.1206,8,0.2000,1.0000,8,8,7,0,0,8,7,0.1250
4,188.0000,23,40,848.6947,-86.9007,0.0867,5,0.1250,0.8571,7,8,8,0,0,8,8,0.0000
4,188.0000,23,41,352.8444,-80.2568,0.9975,13,0.3250,0.7500,8,8,6,0,0,8,6,0.2500
4,188.0000,23,43,439.1731,-82.4125,-1.0348,6,0.1500,0.7143,7,8,8,0,0,8,8,0.0000
4,188.0000,23,44,726.9566,-86.3983,-0.2146,9,0.2250,1.0000,8,6,6,0,0,6,6,0.0000
4,188.0000,23,46,456.4836,-83.2638,0.1110,16,0.4000,0.8571,7,7,6,0,0,7,6,0.1429
4,188.0000,23,47,437.3817,-82.2889,-0.3976,15,0.3750,0.8571,7,8,8,0,0,8,8,0.0000
4,188.0000,24,2,395.0126,-82.1031,1.1712,18,0.4500,0.8750,8,8,7,0,0,8,7,0.1250
4,188.0000,24,6,432.8758,-81.2088,-0.5583,14,0.3500,1.0000,8,8,7,0,0,8,7,0.1250
4,188.0000,24,14,653.3085,-87.0231,-0.7482,7,0.1750,1.0000,8,7,5,0,0,7,5,0.2857
4,188.0000,24,33,464.0062,-81.3889,-0.3461,11,0.2750,0.8571,7,8,8,0,0,8,8,0.0000
4,188.0000,24,35,888.3419,-88.7247,-0.2990,3,0.0750,0.8750,8,8,8,0,0,8,8,0.0000
4,188.0000,24,38,712.4687,-86.2211,-0.7879,4,0.1000,1.0000,8,8,8,0,0,8,8,0.0000
4,188.0000,24,42,272.9841,-79.0025,0.7038,33,0.8250,0.0000,4,6,3,0,0,6,3,0.5000
4,188.0000,25,0,926.3402,-87.1571,0.9110,7,0.1750,1.0000,8,2,2,0,0,2,2,0.0000
4,188.0000,25,1,294.1633,-79.8810,-0.0347,32,0.8000,0.5000,4,6,3,0,0,6,3,0.5000
4,188.0000,25,5,303.4648,-78.5286,-0.3681,30,0.7500,0.0000,4,6,3,0,0,6,3,0.5000
4,188.0000,25,9,512.7367,-84.0630,-0.2419,9,0.2250,0.8571,7,8,8,0,0,8,8,0.0000
4,188.0000,25,18,532.2974,-84.6207,0.2250,11,0.2750,1.0000,8,8,8,0,0,8,8,0.0000
4,188.0000,25,19,541.3671,-82.9836,-1.0434,13,0.3250,0.8750,8,8,8,0,0,8,8,0.0000
4,188.0000,25,26,818.7409,-87.4519,-0.1435,4,0.1000,0.6667,6,8,8,0,0,8,8,0.0000
4,188.0000,25,27,367.0147,-80.5535,-0.4926,34,0.8500,0.7143,7,7,5,5,2,12,7,0.4167
4,188.0000,25,29,433.7391,-80.2558,-2.0240,23,0.5750,0.7500,8,8,7,0,0,8,7,0.1250
4,188.0000,25,32,48.7546,-65.2107,1.9604,36,0.9000,0.2000,5,5,1,0,0,5,1,0.8000
4,188.0000,25,34,430.8376,-81.7567,-0.0894,23,0.5750,0.7143,7,7,6,34,31,41,37,0.0976
4,188.0000,25,36,346.4616,-79.2554,-0.1975,34,0.8500,0.3333,6,6,4,0,0,6,4,0.3333
4,188.0000,25,39,776.1603,-85.1058,0.2296,5,0.1250,1.0000,8,8,8,0,0,8,8,0.0000
4,188.0000,25,40,742.5702,-86.9358,-0.1736,4,0.1000,1.0000,8,8,8,0,0,8,8,0.0000
4,188.0000,25,45,1032.0580,-87.6550,-1.7511,3,0.0750,1.0000,4,4,4,0,0,4,4,0.0000
4,188.0000,26,0,905.5365,-87.1928,0.4771,8,0.2000,0.8571,7,8,8,0,0,8,8,0.0000
4,188.0000,26,1,797.4919,-86.6979,-0.1169,7,0.1750,0.8000,5,6,6,0,0,6,6,0.0000
4,188.0000,26,5,546.3211,-84.3162,-0.0942,16,0.4000,0.7143,7,8,8,0,0,8,8,0.0000
4,188.0000,26,7,904.8926,-88.9308,-0.1579,4,0.1000,1.0000,6,8,8,0,0,8,8,0.0000
4,188.0000,26,8,670.1451,-86.7236,0.7321,6,0.1500,0.8571,7,8,8,0,0,8,8,0.0000
4,188.0000,26,9,395.8937,-81.0901,1.5253,12,0.3000,1.0000,6,8,5,0,0,8,5,0.3750
4,188.0000,26,10,622.8059,-86.5488,1.0176,6,0.1500,0.8750,8,8,8,0,0,8,8,0.0000
4,188.0000,26,12,406.2755,-81.3693,-0.8173,22,0.5500,0.5000,6,7,5,0,0,7,5,0.2857
4,188.0000,26,13,460.2678,-82.6689,0.7518,16,0.4000,0.8571,7,6,3,0,0,6,3,0.5000
4,188.0000,26,16,808.4278,-88.1153,-0.1738,3,0.0750,1.0000,8,8,8,0,0,8,8,0.0000
4,188.0000,26,18,600.0213,-83.9084,-0.3163,17,0.4250,0.8750,8,7,6,0,0,7,6,0.1429
4,188.0000,26,19,303.3786,-80.1485,0.4775,20,0.5000,0.8571,7,6,2,0,0,6,2,0.6667
4,188.0000,26,20,754.5270,-88.1943,0.3155,3,0.0750,1.0000,4,8,8,0,0,8,8,0.0000
4,188.0000,26,21,656.7742,-84.7729,-0.1885,17,0.4250,1.0000,8,8,7,0,0,8,7,0.1250
4,188.0000,26,22,946.5529,-88.9575,-0.4364,3,0.0750,0.7500,4,6,6,0,0,6,6,0.0000
4,188.0000,26,23,676.1499,-86.7907,0.8343,7,0.1750,0.8750,8,6,6,0,0,6,6,0.0000
4,188.0000,26,25,818.7409,-86.3931,0.5424,9,0.2250,1.0000,8,7,6,0,0,7,6,0.1429
4,188.0000,26,27,996.2437,-87.3594,-0.5799,3,0.0750,0.8333,6,4,4,0,0,4,4,0.0000
4,188.0000,26,28,366.9080,-82.6730,0.5939,13,0.3250,0.8750,8,7,6,0,0,7,6,0.1429
4,188.0000,26,29,631.4366,-86.4257,-0.2772,10,0.2500,0.8571,7,4,4,0,0,4,4,0.0000
4,188.0000,26,30,470.1854,-84.3254,-0.5358,17,0.4250,1.0000,8,7,6,0,0,7,6,0.1429
4,188.0000,26,31,383.9304,-81.5627,0.4990,16,0.4000,1.0000,8,8,7,0,0,8,7,0.1250
4,188.0000,26,32,780.8822,-87.2646,0.2509,8,0.2000,1.0000,8,8,8,0,0,8,8,0.0000
4,188.0000,26,34,500.3549,-83.5135,-0.1523,15,0.3750,1.0000,8,6,4,0,0,6,4,0.3333
4,188.0000,26,36,838.0351,-86.5550,0.1261,10,0.2500,1.0000,4,8,8,0,0,8,8,0.0000
4,188.0000,26,38,1050.1400,-87.6883,0.6597,3,0.0750,1.0000,4,2,2,0,0,2,2,0.0000
4,188.0000,26,39,305.5334,-83.3351,1.0350,11,0.2750,0.8571,7,6,3,0,0,6,3,0.5000
4,188.0000,26,40,244.8593,-75.2282,-0.6185,31,0.7750,0.0000,4,5,2,0,0,5,2,0.6000
4,188.0000,26,41,502.2371,-83.1595,1.4400,8,0.2000,0.6667,6,8,7,0,0,8,7,0.1250
4,188.0000,26,43,492.6501,-85.1112,0.5359,9,0.2250,1.0000,8,6,4,0,0,6,4,0.3333
4,188.0000,26,44,236.1439,-76.6249,-0.2404,35,0.8750,0.0000,4,5,2,0,0,5,2,0.6000
4,188.0000,26,45,906.1069,-86.0713,-0.7046,10,0.2500,0.8571,7,4,4,0,0,4,4,0.0000
4,188.0000,26,46,651.6894,-85.1341,0.5837,7,0.1750,0.8750,8,6,4,0,0,6,4,0.3333
4,188.0000,26,47,915.4091,-89.1429,0.4580,4,0.1000,1.0000,6,4,4,0,0,4,4,0.0000
4,188.0000,27,0,726.9656,-86.2895,-0.5814,8,0.2000,0.8750,8,7,5,0,0,7,5,0.2857
4,188.0000,27,1,244.3191,-77.7457,0.7323,26,0.6500,0.5000,6,5,2,0,0,5,2,0.6000
4,188.0000,27,5,590.5521,-83.9145,0.5255,3,0.0750,0.8750,8,8,8,0,0,8,8,0.0000
4,188.0000,27,18,554.9788,-84.2257,-2.1322,5,0.1250,0.8750,8,7,6,0,0,7,6,0.1429
4,188.0000,27,19,771.9336,-86.3069,-3.0331,3,0.0750,1.0000,6,9,8,0,0,9,8,0.1111
4,188.0000,27,21,861.7894,-86.5315,0.2993,3,0.0750,1.0000,6,10,10,0,0,10,10,0.0000
4,188.0000,27,25,367.0147,-79.9344,-0.4686,18,0.4500,0.5714,7,5,1,0,0,5,1,0.8000
4,188.0000,27,29,785.8863,-85.3198,6.9807,3,0.0750,1.0000,8,8,8,0,0,8,8,0.0000
4,188.0000,27,32,406.9999,-81.1994,0.2373,17,0.4250,0.7143,7,7,6,0,0,7,6,0.1429
4,188.0000,27,34,553.0770,-85.0497,1.8403,6,0.1500,0.8571,7,7,6,0,0,7,6,0.1429
4,188.0000,27,36,199.5677,-75.0032,-0.6782,34,0.8500,0.0000,3,4,0,0,0,4,0,1.0000
4,188.0000,28,3,699.6576,-86.2822,-0.1809,10,0.2500,0.8571,7,8,8,0,0,8,8,0.0000
4,188.0000,28,5,875.9266,-87.2975,-1.0453,5,0.1250,1.0000,8,8,8,0,0,8,8,0.0000
4,188.0000,28,6,1074.2328,-88.4114,-0.2867,4,0.1000,1.0000,4,6,6,0,0,6,6,0.0000
4,188.0000,28,7,881.7089,-87.3608,-0.2470,9,0.2250,0.8571,7,6,5,0,0,6,5,0.1667
4,188.0000,28,8,652.1239,-85.3691,-0.7060,12,0.3000,1.0000,8,8,8,0,0,8,8,0.0000
4,188.0000,28,9,709.5543,-86.9609,0.1943,11,0.2750,1.0000,8,6,6,0,0,6,6,0.0000
4,188.0000,28,10,364.9705,-78.0351,-1.2388,27,0.6750,0.6000,5,8,8,0,0,8,8,0.0000
4,188.0000,28,12,663.1891,-86.7896,-1.1988,7,0.1750,1.0000,8,6,4,0,0,6,4,0.3333
4,188.0000,28,13,97.7208,-69.1240,1.0135,36,0.9000,0.2000,5,5,1,0,0,5,1,0.8000
4,188.0000,28,15,609.5449,-85.7857,-0.3793,11,0.2750,0.7143,7,6,4,0,0,6,4,0.3333
4,188.0000,28,16,731.3823,-87.3459,0.0870,12,0.3000,1.0000,8,6,6,0,0,6,6,0.0000
4,188.0000,28,18,920.5069,-87.9223,0.5118,4,0.1000,1.0000,6,6,6,0,0,6,6,0.0000
4,188.0000,28,19,629.2107,-85.5451,0.9323,10,0.2500,1.0000,6,7,6,0,0,7,6,0.1429
4,188.0000,28,20,626.7007,-84.7541,0.2477,11,0.2750,1.0000,8,8,8,0,0,8,8,0.0000
4,188.0000,28,21,907.6650,-87.9511,-0.5336,5,0.1250,1.0000,4,2,2,0,0,2,2,0.0000
4,188.0000,28,22,895.9298,-87.6305,-4.5558,3,0.0750,0.8333,6,8,7,0,0,8,7,0.1250
4,188.0000,28,23,490.1095,-83.4986,0.3052,14,0.3500,1.0000,8,6,4,0,0,6,4,0.3333
4,188.0000,28,26,366.9080,-82.0139,-0.0692,18,0.4500,0.8750,8,7,5,0,0,7,5,0.2857
4,188.0000,28,29,901.5161,-88.5683,-1.1284,4,0.1000,1.0000,2,6,6,0,0,6,6,0.0000
4,188.0000,28,30,177.8050,-74.7237,0.4147,38,0.9500,0.0000,4,5,1,0,0,5,1,0.8000
4,188.0000,28,31,78.4086,-60.7089,-2.1336,37,0.9250,0.0000,4,5,1,0,0,5,1,0.8000
4,188.0000,28,33,956.1835,-88.4121,0.0395,3,0.0750,1.0000,8,6,6,0,0,6,6,0.0000
4,188.0000,28,34,841.7956,-87.6978,0.5600,8,0.2000,0.7500,4,6,6,0,0,6,6,0.0000
4,188.0000,28,37,540.0075,-82.2102,-0.3704,15,0.3750,1.0000,8,8,8,0,0,8,8,0.0000
4,188.0000,28,38,786.4094,-86.7975,0.2334,8,0.2000,1.0000,8,10,9,0,0,10,9,0.1000
4,188.0000,28,39,467.1394,-83.7656,-0.6811,10,0.2500,1.0000,8,6,4,0,0,6,4,0.3333
4,188.0000,28,40,574.6109,-83.8713,-0.0801,15,0.3750,0.8750,8,8,7,0,0,8,7,0.1250
4,188.0000,28,41,458.7226,-82.4717,-0.3719,15,0.3750,0.8750,8,8,8,0,0,8,8,0.0000
4,188.0000,28,43,544.8900,-85.1045,0.3377,12,0.3000,0.8750,8,8,8,0,0,8,8,0.0000
4,188.0000,28,44,342.5235,-79.9907,0.4021,25,0.6250,0.6667,6,7,6,0,0,7,6,0.1429
4,188.0000,28,46,287.6103,-77.9500,0.1025,32,0.8000,0.4000,5,7,4,0,0,7,4,0.4286
4,188.0000,28,47,612.7863,-84.5306,-1.0990,14,0.3500,0.8750,8,8,8,0,0,8,8,0.0000
4,188.0000,29,1,635.8279,-84.0615,-0.5611,15,0.3750,0.8571,7,8,8,0,0,8,8,0.0000
4,188.0000,29,5,260.9851,-79.0671,0.8084,26,0.6500,0.0000,4,4,0,0,0,4,0,1.0000
4,188.0000,29,7,735.5254,-87.7747,0.1056,4,0.1000,1.0000,8,8,7,0,0,8,7,0.1250
4,188.0000,29,8,733.7783,-87.9117,0.5966,4,0.1000,1.0000,8,8,8,0,0,8,8,0.0000
4,188.0000,29,9,302.5200,-79.7293,0.3135,19,0.4750,0.5000,6,7,6,0,0,7,6,0.1429
4,188.0000,29,12,876.8991,-86.9970,-0.0963,5,0.1250,1.0000,8,6,6,0,0,6,6,0.0000
4,188.0000,29,13,996.2617,-89.1305,0.1836,3,0.0750,1.0000,6,8,8,0,0,8,8,0.0000
4,188.0000,29,16,814.1803,-88.0187,-0.2572,3,0.0750,1.0000,144,4,4,80,80,84,84,0.0000
4,188.0000,29,18,674.6212,-85.3203,-0.8651,12,0.3000,0.8750,8,8,8,0,0,8,8,0.0000
4,188.0000,29,19,373.7507,-79.7769,-0.5920,21,0.5250,0.4000,5,6,4,0,0,6,4,0.3333
4,188.0000,29,20,890.4256,-88.1801,0.2904,4,0.1000,1.0000,8,8,8,0,0,8,8,0.0000
4,188.0000,29,25,433.7391,-80.8040,-1.3284,20,0.5000,0.2000,5,7,4,0,0,7,4,0.4286
4,188.0000,29,26,631.4366,-86.1132,0.2907,9,0.2250,0.8750,8,8,8,0,0,8,8,0.0000
4,188.0000,29,27,785.8863,-86.3780,-0.0638,12,0.3000,0.8571,7,4,4,0,0,4,4,0.0000
4,188.0000,29,32,387.7307,-79.4405,-0.6932,29,0.7250,0.2000,5,6,3,0,0,6,3,0.5000
4,188.0000,29,34,512.4732,-82.7696,-0.1299,15,0.3750,0.8750,8,7,6,0,0,7,6,0.1429
4,188.0000,29,36,703.5308,-84.3171,-0.4269,11,0.2750,1.0000,8,7,6,0,0,7,6,0.1429
4,188.0000,29,39,441.8671,-84.7616,1.0230,7,0.1750,0.8571,7,6,4,0,0,6,4,0.3333
4,188.0000,29,40,689.1525,-86.6893,0.6868,8,0.2000,0.8571,7,8,8,0,0,8,8,0.0000
4,188.0000,29,41,680.9687,-86.3439,-0.2581,6,0.1500,0.8571,7,8,8,0,0,8,8,0.0000
4,188.0000,29,43,583.5301,-83.7402,-0.2451,11,0.2750,0.8571,7,8,7,16,16,24,23,0.0417
4,188.0000,30,3,728.8703,-87.0887,0.3234,7,0.1750,0.8571,7,6,6,0,0,6,6,0.0000
4,188.0000,30,7,1002.1777,-88.2795,-0.0296,3,0.0750,1.0000,8,6,6,0,0,6,6,0.0000
4,188.0000,30,8,714.7026,-85.8003,-0.5567,7,0.1750,1.0000,8,8,8,0,0,8,8,0.0000
4,188.0000,30,9,818.0570,-87.4760,2.1584,4,0.1000,1.0000,8,6,6,0,0,6,6,0.0000
4,188.0000,30,10,402.9977,-79.0296,-0.5581,20,0.5000,1.0000,6,6,4,0,0,6,4,0.3333
4,188.0000,30,12,696.5363,-87.1495,0.7176,6,0.1500,1.0000,8,8,8,0,0,8,8,0.0000
4,188.0000,30,13,141.6228,-72.9280,0.5623,34,0.8500,0.2000,5,5,1,0,0,5,1,0.8000
4,188.0000,30,15,632.7189,-84.9818,-0.0282,11,0.2750,0.7143,7,8,7,0,0,8,7,0.1250
4,188.0000,30,16,814.2639,-86.4788,-0.3905,7,0.1750,1.0000,8,8,8,0,0,8,8,0.0000
4,188.0000,30,19,761.0758,-89.2317,0.2849,3,0.0750,1.0000,8,8,8,0,0,8,8,0.0000
4,188.0000,30,20,679.9618,-86.1785,-0.4824,7,0.1750,0.8571,7,8,7,0,0,8,7,0.1250
4,188.0000,30,23,463.5036,-83.1910,0.1485,14,0.3500,0.8750,8,8,7,0,0,8,7,0.1250
4,188.0000,30,26,470.1854,-83.3508,0.4970,15,0.3750,1.0000,8,7,5,0,0,7,5,0.2857
4,188.0000,30,28,177.8050,-74.4556,0.0146,33,0.8250,0.0000,4,5,2,0,0,5,2,0.6000
4,188.0000,30,31,224.6744,-76.5594,0.3913,31,0.7750,0.2000,5,5,2,0,0,5,2,0.6000
4,188.0000,30,34,959.4264,-87.3892,0.7513,3,0.0750,1.0000,2,6,6,0,0,6,6,0.0000
4,188.0000,30,37,543.0929,-83.0465,-0.3984,13,0.3250,1.0000,8,8,8,0,0,8,8,0.0000
4,188.0000,30,38,803.4047,-87.4757,-0.3321,7,0.1750,1.0000,8,8,8,0,0,8,8,0.0000
4,188.0000,30,39,612.5575,-86.5552,-0.5679,8,0.2000,1.0000,8,8,8,0,0,8,8,0.0000
4,188.0000,30,40,630.2716,-85.2540,-0.2912,11,0.2750,1.0000,8,8,7,0,0,8,7,0.1250
4,188.0000,30,41,550.9877,-84.9097,0.4530,7,0.1750,0.8571,7,8,8,0,0,8,8,0.0000
4,188.0000,30,43,635.0674,-85.2475,0.9029,6,0.1500,1.0000,8,7,6,0,0,7,6,0.1429
4,188.0000,30,44,377.7374,-80.5366,-0.7613,23,0.5750,1.0000,8,6,4,0,0,6,4,0.3333
4,188.0000,30,46,259.9496,-77.9176,-0.3636,31,0.7750,0.5000,6,7,4,0,0,7,4,0.4286
4,188.0000,30,47,623.1617,-84.1479,-1.0661,11,0.2750,0.7143,7,8,8,0,0,8,8,0.0000
4,188.0000,31,3,629.8312,-85.6919,0.7912,6,0.1500,1.0000,8,7,6,0,0,7,6,0.1429
4,188.0000,31,5,866.9441,-88.0221,0.1989,5,0.1250,1.0000,6,8,8,0,0,8,8,0.0000
4,188.0000,31,6,1003.9565,-88.7049,-0.5767,4,0.1000,1.0000,4,4,4,0,0,4,4,0.0000
4,188.0000,31,7,806.4787,-86.7446,-0.9300,3,0.0750,1.0000,6,8,8,0,0,8,8,0.0000
4,188.0000,31,8,587.1503,-84.8186,0.2745,7,0.1750,1.0000,8,8,8,0,0,8,8,0.0000
4,188.0000,31,9,692.7677,-85.7013,-0.9556,10,0.2500,1.0000,8,2,2,0,0,2,2,0.0000
4,188.0000,31,10,298.7610,-77.2319,-0.3648,27,0.6750,0.4444,9,7,6,0,0,7,6,0.1429
4,188.0000,31,12,715.4278,-86.6165,0.2003,7,0.1750,0.7500,8,8,8,0,0,8,8,0.0000
4,188.0000,31,13,137.7594,-71.7402,0.3759,35,0.8750,0.1279,86,4,0,87,19,91,19,0.7912
4,188.0000,31,15,552.1804,-84.7765,0.6978,10,0.2500,0.8750,8,7,5,0,0,7,5,0.2857
4,188.0000,31,16,655.4269,-84.6754,0.3174,6,0.1500,1.0000,8,9,8,0,0,9,8,0.1111
4,188.0000,31,18,945.5570,-88.1908,0.2803,6,0.1500,1.0000,6,4,4,0,0,4,4,0.0000
4,188.0000,31,19,625.3759,-85.9535,0.3749,7,0.1750,0.8571,7,8,8,0,0,8,8,0.0000
4,188.0000,31,20,554.0010,-84.7268,-0.4299,9,0.2250,1.0000,8,7,6,0,0,7,6,0.1429
4,188.0000,31,21,963.0672,-87.2374,0.5311,5,0.1250,1.0000,6,4,4,0,0,4,4,0.0000
4,188.0000,31,22,827.2397,-87.4518,-0.8745,3,0.0750,1.0000,4,7,6,0,0,7,6,0.1429
4,188.0000,31,23,442.4320,-82.2684,0.7880,12,0.3000,0.8571,7,8,8,0,0,8,8,0.0000
4,188.0000,31,26,383.9304,-82.9333,0.5323,17,0.4250,0.5000,6,7,6,0,0,7,6,0.1429
4,188.0000,31,28,78.4086,-60.7826,-2.1867,35,0.8750,0.2000,5,4,0,0,0,4,0,1.0000
4,188.0000,31,29,870.2468,-86.8575,-0.3599,3,0.0750,1.0000,4,4,4,0,0,4,4,0.0000
4,188.0000,31,30,224.6744,-75.8092,-0.5395,33,0.8250,0.1667,6,5,1,0,0,5,1,0.8000
4,188.0000,31,33,881.8668,-87.9284,-0.4085,6,0.1500,0.8571,7,8,8,0,0,8,8,0.0000
4,188.0000,31,34,855.7835,-86.2718,0.0474,4,0.1000,1.0000,6,8,8,0,0,8,8,0.0000
4,188.0000,31,37,492.9729,-82.4974,0.4589,12,0.3000,0.7143,7,6,4,0,0,6,4,0.3333
4,188.0000,31,38,722.3198,-86.6658,-1.0386,7,0.1750,1.0000,8,8,7,0,0,8,7,0.1250
4,188.0000,31,39,429.5410,-82.5098,-0.1819,12,0.3000,0.6667,6,7,4,0,0,7,4,0.4286
4,188.0000,31,40,606.4191,-84.4978,-0.5991,13,0.3250,0.8571,7,8,8,0,0,8,8,0.0000
4,188.0000,31,41,391.1977,-82.2378,1.0026,15,0.3750,0.8571,7,8,7,0,0,8,7,0.1250
4,188.0000,31,43,487.4581,-85.3709,0.8510,11,0.2750,0.8750,8,6,4,0,0,6,4,0.3333
4,188.0000,31,44,401.6703,-79.7041,-1.1578,21,0.5250,0.6667,6,6,4,4,4,10,8,0.2000
4,188.0000,31,46,279.8334,-78.5584,0.3080,28,0.7000,0.5000,6,6,3,0,0,6,3,0.5000
4,188.0000,31,47,556.7677,-84.8534,0.5759,11,0.2750,1.0000,8,8,8,0,0,8,8,0.0000
4,188.0000,32,0,932.9403,-86.2513,-1.2493,8,0.2051,1.0000,8,8,8,0,0,8,8,0.0000
4,188.0000,32,1,308.6965,-78.6776,-0.2516,29,0.7436,0.0000,4,5,1,0,0,5,1,0.8000
4,188.0000,32,5,258.1578,-75.1572,-1.6745,32,0.8205,0.2000,5,8,5,0,0,8,5,0.3750
4,188.0000,32,7,1123.0740,-89.3358,0.0333,3,0.0769,1.0000,10,2,2,0,0,2,2,0.0000
4,188.0000,32,9,472.9843,-83.6775,0.2390,10,0.2564,0.8571,7,8,8,0,0,8,8,0.0000
4,188.0000,32,12,842.1108,-86.8796,0.2998,5,0.1282,1.0000,8,6,6,0,0,6,6,0.0000
4,188.0000,32,18,517.8488,-82.9175,-0.0212,19,0.4872,1.0000,8,6,4,0,0,6,4,0.3333
4,188.0000,32,19,499.3343,-81.7334,-1.3667,16,0.4103,0.8571,7,8,8,0,0,8,8,0.0000
4,188.0000,32,25,48.7546,-64.8173,1.7266,36,0.9231,0.0000,4,4,0,0,0,4,0,1.0000
4,188.0000,32,26,780.8822,-86.3644,-0.0987,7,0.1795,0.8889,9,6,6,0,0,6,6,0.0000
4,188.0000,32,27,406.9999,-82.0581,0.7320,29,0.7436,0.5000,6,6,4,0,0,6,4,0.3333
4,188.0000,32,29,387.7307,-79.5561,-0.2287,25,0.6410,0.2000,5,6,4,0,0,6,4,0.3333
4,188.0000,32,34,405.3509,-80.4998,-0.3517,27,0.6923,0.5714,7,7,5,0,0,7,5,0.2857
4,188.0000,32,36,367.0119,-79.6074,-1.0684,31,0.7949,0.4000,5,6,4,0,0,6,4,0.3333
4,188.0000,32,39,729.9472,-86.2519,-0.3379,5,0.1282,1.0000,8,8,8,0,0,8,8,0.0000
4,188.0000,32,40,715.8111,-86.7329,-0.6534,9,0.2308,1.0000,8,7,6,0,0,7,6,0.1429
4,188.0000,32,43,903.1338,-88.1215,-0.6441,4,0.1026,1.0000,8,8,8,0,0,8,8,0.0000
4,188.0000,32,44,966.8169,-88.8968,-0.4753,4,0.1026,1.0000,8,8,8,0,0,8,8,0.0000
4,188.0000,32,45,1035.7511,-87.2745,0.0050,4,0.1026,1.0000,4,4,4,0,0,4,4,0.0000
4,188.0000,33,2,261.1680,-79.1761,1.0151,28,0.7000,0.4000,5,6,3,0,0,6,3,0.5000
4,188.0000,33,3,283.1901,-78.8658,-0.1617,20,0.5000,0.8750,8,6,4,0,0,6,4,0.3333
4,188.0000,33,4,526.1778,-84.2657,0.4627,15,0.3750,1.0000,6,8,7,0,0,8,7,0.1250
4,188.0000,33,6,326.7763,-79.8182,-0.1627,31,0.7750,0.7143,7,6,2,0,0,6,2,0.6667
4,188.0000,33,7,511.1211,-83.2045,-0.3027,10,0.2500,0.8750,8,8,7,0,0,8,7,0.1250
4,188.0000,33,8,536.2702,-84.7546,-0.2381,10,0.2500,1.0000,8,6,4,0,0,6,4,0.3333
4,188.0000,33,10,602.9878,-86.1020,0.4018,6,0.1500,1.0000,8,8,7,0,0,8,7,0.1250
4,188.0000,33,11,784.6703,-88.2298,-0.0547,6,0.1500,1.0000,8,8,8,0,0,8,8,0.0000
4,188.0000,33,14,555.6782,-84.9109,-0.1857,16,0.4000,1.0000,8,5,2,0,0,5,2,0.6000
4,188.0000,33,15,527.5672,-83.6673,-0.0082,7,0.1750,0.8571,7,8,8,0,0,8,8,0.0000
4,188.0000,33,16,360.7882,-81.4086,0.3735,14,0.3500,0.8750,8,7,6,0,0,7,6,0.1429
4,188.0000,33,17,772.9430,-87.5762,-0.3643,11,0.2750,1.0000,8,6,4,0,0,6,4,0.3333
4,188.0000,33,20,376.4573,-81.2484,0.1737,11,0.2750,0.7500,8,8,8,0,0,8,8,0.0000
4,188.0000,33,22,384.0315,-80.9153,-0.2006,20,0.5000,0.7143,7,7,5,0,0,7,5,0.2857
4,188.0000,33,23,611.2772,-85.7412,-1.0305,7,0.1750,0.5000,6,8,7,0,0,8,7,0.1250
4,188.0000,33,24,464.0062,-82.3941,-0.3005,28,0.7000,0.7143,7,8,8,0,0,8,8,0.0000
4,188.0000,33,28,956.1835,-88.3668,-0.0030,4,0.1000,0.8750,8,2,2,0,0,2,2,0.0000
4,188.0000,33,30,1000.6896,-89.4777,0.0710,3,0.0750,,0,8,8,0,0,8,8,0.0000
4,188.0000,33,31,881.8668,-86.8781,-1.6069,5,0.1250,1.0000,8,8,8,0,0,8,8,0.0000
4,188.0000,33,35,763.9746,-87.2836,-0.5764,10,0.2500,0.7143,7,8,8,0,0,8,8,0.0000
4,188.0000,33,37,628.7150,-85.1623,-0.4733,9,0.2250,0.6667,6,7,5,0,0,7,5,0.2857
4,188.0000,33,38,345.1095,-80.6524,0.5979,22,0.5500,0.8571,7,6,3,0,0,6,3,0.5000
4,188.0000,33,39,917.6679,-88.3110,-0.1876,3,0.0750,1.0000,8,8,8,0,0,8,8,0.0000
4,188.0000,33,41,626.4695,-85.2218,-0.4076,6,0.1500,1.0000,8,8,8,0,0,8,8,0.0000
4,188.0000,33,42,506.5198,-83.9393,0.2461,26,0.6500,1.0000,6,7,6,0,0,7,6,0.1429
4,188.0000,33,43,697.0379,-86.7642,0.8972,6,0.1500,1.0000,8,7,6,0,0,7,6,0.1429
4,188.0000,33,46,869.1229,-87.8595,-0.0831,5,0.1250,1.0000,8,8,8,0,0,8,8,0.0000
4,188.0000,33,47,519.2544,-84.8801,0.3271,9,0.2250,0.8571,7,7,6,0,0,7,6,0.1429
4,188.0000,34,0,669.5403,-84.7433,-0.2568,18,0.4500,0.7143,7,7,6,0,0,7,6,0.1429
4,188.0000,34,1,320.2029,-77.1935,-1.2070,36,0.9000,0.4000,5,8,8,0,0,8,8,0.0000
4,188.0000,34,5,259.2300,-76.9768,-0.3340,34,0.8500,0.2000,5,5,1,0,0,5,1,0.8000
4,188.0000,34,9,428.5246,-83.4594,0.7756,15,0.3750,1.0000,8,5,1,0,0,5,1,0.8000
4,188.0000,34,12,491.9053,-82.2108,-0.2503,24,0.6000,0.8750,8,7,5,0,0,7,5,0.2857
4,188.0000,34,13,932.0779,-88.2098,0.4667,3,0.0750,1.0000,8,6,6,0,0,6,6,0.0000
4,188.0000,34,18,171.0225,-72.9116,0.3922,36,0.9000,0.2000,5,7,4,0,0,7,4,0.4286
4,188.0000,34,19,280.7692,-80.0161,1.3334,26,0.6500,0.4000,5,3,0,0,0,3,0,1.0000
4,188.0000,34,21,636.9283,-85.5448,0.1371,15,0.3750,0.8750,8,8,8,0,0,8,8,0.0000
4,188.0000,34,23,1145.5157,-87.5033,1.8220,3,0.0750,1.0000,4,4,4,0,0,4,4,0.0000
4,188.0000,34,25,430.8376,-82.0362,-0.0683,28,0.7000,0.7143,7,7,4,44,36,51,40,0.2157
4,188.0000,34,26,500.3549,-83.6101,0.5656,14,0.3500,0.8750,8,7,5,0,0,7,5,0.2857
4,188.0000,34,27,553.0770,-83.4141,-0.7053,26,0.6500,0.3333,6,8,8,0,0,8,8,0.0000
4,188.0000,34,29,512.4732,-83.1159,0.3071,19,0.4750,0.8571,7,7,4,0,0,7,4,0.4286
4,188.0000,34,31,855.7835,-87.2054,0.9554,4,0.1000,1.0000,8,8,8,0,0,8,8,0.0000
4,188.0000,34,32,405.3509,-81.1575,-0.6944,31,0.7750,0.2000,5,7,6,0,0,7,6,0.1429
4,188.0000,34,36,371.1970,-79.9177,-0.4240,34,0.8500,0.5714,7,4,2,0,0,4,2,0.5000
4,188.0000,34,39,577.5116,-84.9537,0.9123,8,0.2000,1.0000,8,7,6,0,0,7,6,0.1429
4,188.0000,34,40,425.4786,-82.6836,0.9146,19,0.4750,0.8571,7,7,5,0,0,7,5,0.2857
4,188.0000,34,44,632.2384,-85.8581,0.8444,9,0.2250,0.8571,7,6,4,0,0,6,4,0.3333
4,188.0000,34,45,758.3114,-86.1672,0.1904,13,0.3250,0.8571,7,6,6,0,0,6,6,0.0000
4,188.0000,35,2,700.7432,-83.9678,0.6086,7,0.1750,1.0000,8,8,8,0,0,8,8,0.0000
4,188.0000,35,4,446.3671,-82.4773,-1.2265,20,0.5000,0.5714,7,7,5,0,0,7,5,0.2857
4,188.0000,35,6,529.5435,-84.2738,-0.5406,8,0.2000,1.0000,8,8,8,0,0,8,8,0.0000
4,188.0000,35,11,52.6781,-70.3995,3.1555,35,0.8750,0.0000,4,4,0,0,0,4,0,1.0000
4,188.0000,35,14,250.4556,-75.1160,-1.4206,32,0.8000,0.0000,4,5,1,0,0,5,1,0.8000
4,188.0000,35,15,625.6373,-85.9464,-0.4191,5,0.1250,0.8750,8,8,8,0,0,8,8,0.0000
4,188.0000,35,17,358.6293,-80.7024,0.2785,33,0.8250,0.5000,4,7,6,0,0,7,6,0.1429
4,188.0000,35,24,888.3419,-87.6687,0.2219,6,0.1500,1.0000,8,6,6,0,0,6,6,0.0000
4,188.0000,35,33,763.9746,-86.0466,1.0273,5,0.1250,1.0000,8,6,4,0,0,6,4,0.3333
4,188.0000,35,37,672.8423,-85.0639,-1.0087,4,0.1000,1.0000,8,8,7,0,0,8,7,0.1250
4,188.0000,35,38,534.9798,-84.6665,2.9061,4,0.1000,1.0000,8,7,6,0,0,7,6,0.1429
4,188.0000,35,42,977.3545,-87.7137,-0.0672,4,0.1000,1.0000,2,6,6,0,0,6,6,0.0000
4,188.0000,35,47,616.5953,-86.9635,-1.1578,3,0.0750,1.0000,8,8,8,0,0,8,8,0.0000
4,188.0000,36,0,613.8526,-85.4757,0.7206,10,0.2500,0.7143,7,6,3,0,0,6,3,0.5000
4,188.0000,36,1,75.4929,-66.6914,1.3056,35,0.8750,0.0000,4,6,1,0,0,6,1,0.8333
4,188.0000,36,5,469.0411,-81.7073,-0.3003,21,0.5250,0.5714,7,8,7,0,0,8,7,0.1250
4,188.0000,36,9,671.3044,-85.5310,0.7867,6,0.1500,1.0000,6,10,10,0,0,10,10,0.0000
4,188.0000,36,12,717.0061,-85.6043,0.9642,6,0.1500,1.0000,8,7,6,0,0,7,6,0.1429
4,188.0000,36,18,355.6359,-81.5234,1.0753,20,0.5000,0.7500,8,5,1,0,0,5,1,0.8000
4,188.0000,36,19,619.3105,-83.2551,0.5640,3,0.0750,0.8571,7,7,6,0,0,7,6,0.1429
4,188.0000,36,21,731.7907,-86.6084,0.2942,3,0.0750,1.0000,8,8,8,0,0,8,8,0.0000
4,188.0000,36,25,346.4616,-79.0396,-0.3368,31,0.7750,0.5714,7,6,4,0,0,6,4,0.3333
4,188.0000,36,27,199.5677,-74.4067,-0.3690,37,0.9250,0.0000,4,5,1,0,0,5,1,0.8000
4,188.0000,36,29,703.5308,-85.9085,-1.0604,4,0.1000,0.8750,8,8,8,0,0,8,8,0.0000
4,188.0000,36,32,367.0119,-78.8774,0.0844,29,0.7250,0.2000,5,5,2,0,0,5,2,0.6000
4,188.0000,36,34,371.1970,-80.2563,-0.7489,26,0.6500,0.4000,5,8,7,0,0,8,7,0.1250
4,188.0000,36,45,741.8198,-86.3652,-0.0465,10,0.2500,1.0000,6,5,2,0,0,5,2,0.6000
4,188.0000,37,2,783.7995,-87.9904,-1.3375,5,0.1250,1.0000,8,9,8,0,0,9,8,0.1111
4,188.0000,37,3,367.5270,-81.4862,-0.5780,14,0.3500,1.0000,8,9,6,0,0,9,6,0.3333
4,188.0000,37,4,622.4650,-86.3746,-0.5916,11,0.2750,0.8333,6,7,6,0,0,7,6,0.1429
4,188.0000,37,6,623.3899,-84.1187,0.8205,10,0.2500,0.7143,7,8,8,0,0,8,8,0.0000
4,188.0000,37,7,818.2369,-87.3653,-2.6455,4,0.1000,1.0000,8,8,8,0,0,8,8,0.0000
4,188.0000,37,8,689.4175,-84.9679,-3.3419,7,0.1750,0.8750,8,8,8,0,0,8,8,0.0000
4,188.0000,37,10,288.5778,-78.6020,0.1785,18,0.4500,0.3333,6,6,4,0,0,6,4,0.3333
4,188.0000,37,11,683.3167,-85.3574,0.0962,11,0.2750,1.0000,8,7,6,0,0,7,6,0.1429
4,188.0000,37,13,487.1956,-82.1716,-0.1574,9,0.2250,0.7143,7,7,6,0,0,7,6,0.1429
4,188.0000,37,14,622.5109,-84.9879,0.2850,15,0.3750,1.0000,8,8,8,0,0,8,8,0.0000
4,188.0000,37,15,117.1916,-72.9437,1.3841,34,0.8500,0.0000,4,4,0,0,0,4,0,1.0000
4,188.0000,37,16,631.8787,-84.4278,1.4926,6,0.1500,1.0000,8,7,6,0,0,7,6,0.1429
4,188.0000,37,17,770.7820,-87.4288,0.5270,7,0.1750,1.0000,6,4,4,0,0,4,4,0.0000
4,188.0000,37,20,507.3227,-83.2286,0.0251,8,0.2000,0.7143,7,8,8,0,0,8,8,0.0000
4,188.0000,37,22,784.5597,-87.3255,-0.7919,3,0.0750,1.0000,8,8,8,0,0,8,8,0.0000
4,188.0000,37,23,449.6093,-82.6665,0.5508,9,0.2250,1.0000,8,8,7,0,0,8,7,0.1250
4,188.0000,37,24,1018.3919,-87.9153,-0.4383,4,0.1000,1.0000,4,6,6,0,0,6,6,0.0000
4,188.0000,37,26,867.7488,-87.8709,0.2473,3,0.0750,1.0000,6,8,7,0,0,8,7,0.1250
4,188.0000,37,28,540.0075,-83.6763,-0.2562,9,0.2250,0.8750,8,8,8,0,0,8,8,0.0000
4,188.0000,37,30,543.0929,-83.6161,0.4180,11,0.2750,1.0000,8,7,6,0,0,7,6,0.1429
4,188.0000,37,31,492.9729,-83.0338,-0.5948,10,0.2500,1.0000,8,8,8,0,0,8,8,0.0000
4,188.0000,37,33,628.7150,-85.6520,0.0990,7,0.1750,0.7500,8,7,6,0,0,7,6,0.1429
4,188.0000,37,35,672.8423,-86.6155,0.7291,11,0.2750,0.8571,7,6,6,0,0,6,6,0.0000
4,188.0000,37,38,322.7223,-78.1156,-0.5789,22,0.5500,0.4444,9,7,6,0,0,7,6,0.1429
4,188.0000,37,39,809.4148,-86.5618,-0.9217,3,0.0750,1.0000,8,6,6,0,0,6,6,0.0000
4,188.0000,37,41,588.6017,-84.3887,-0.8217,5,0.1250,1.0000,8,8,8,0,0,8,8,0.0000
4,188.0000,37,43,726.6772,-88.2695,0.1989,3,0.0750,0.8571,7,8,8,0,0,8,8,0.0000
4,188.0000,37,44,877.8550,-87.7632,4.2371,3,0.0750,0.7500,8,2,2,0,0,2,2,0.0000
4,188.0000,37,46,311.2644,-77.6455,-1.2300,27,0.6750,0.8571,7,7,6,0,0,7,6,0.1429
4,188.0000,37,47,114.6660,-66.0494,-1.4464,34,0.8500,0.0000,4,4,0,0,0,4,0,1.0000
4,188.0000,38,2,466.8676,-83.0216,-0.2785,17,0.4359,0.8750,8,7,6,0,0,7,6,0.1429
4,188.0000,38,3,188.5536,-74.8038,0.4849,25,0.6410,0.4000,5,5,1,0,0,5,1,0.8000
4,188.0000,38,4,400.7936,-83.4637,1.0051,17,0.4359,0.7143,7,6,4,0,0,6,4,0.3333
4,188.0000,38,6,333.2018,-80.1579,0.6184,22,0.5641,0.4000,5,5,1,0,0,5,1,0.8000
4,188.0000,38,7,698.5624,-85.5144,-0.8408,6,0.1538,1.0000,8,7,6,0,0,7,6,0.1429
4,188.0000,38,8,638.0730,-83.8511,-0.5193,8,0.2051,1.0000,8,8,8,0,0,8,8,0.0000
4,188.0000,38,10,436.7432,-81.3676,-0.3324,11,0.2821,1.0000,8,5,2,0,0,5,2,0.6000
4,188.0000,38,11,552.4150,-85.5231,0.8448,14,0.3590,0.6667,6,8,6,0,0,8,6,0.2500
4,188.0000,38,13,759.3527,-86.3273,-1.2820,4,0.1026,1.0000,8,8,8,0,0,8,8,0.0000
4,188.0000,38,14,395.6890,-82.3661,-0.2461,25,0.6410,0.7143,7,6,4,0,0,6,4,0.3333
4,188.0000,38,15,224.2205,-75.2122,-0.1977,34,0.8718,0.5000,6,5,2,0,0,5,2,0.6000
4,188.0000,38,16,511.6138,-82.3187,-0.3536,10,0.2564,0.5000,6,6,4,0,0,6,4,0.3333
4,188.0000,38,17,604.9824,-84.8199,0.0702,11,0.2821,1.0000,8,8,7,0,0,8,7,0.1250
4,188.0000,38,20,424.3849,-81.9824,0.3635,12,0.3077,0.7143,7,7,6,0,0,7,6,0.1429
4,188.0000,38,22,613.5347,-85.5679,-0.0888,7,0.1795,0.8571,7,7,6,0,0,7,6,0.1429
4,188.0000,38,23,509.2202,-82.1135,-0.2964,9,0.2308,0.7143,7,8,7,0,0,8,7,0.1250
4,188.0000,38,24,712.4687,-85.9044,0.0659,13,0.3333,1.0000,8,8,7,0,0,8,7,0.1250
4,188.0000,38,28,786.4094,-86.7920,-1.6560,5,0.1282,0.8571,7,6,6,0,0,6,6,0.0000
4,188.0000,38,30,803.4047,-85.8636,0.2841,3,0.0769,0.8571,7,9,8,0,0,9,8,0.1111
4,188.0000,38,31,722.3198,-83.9220,0.4617,4,0.1026,0.9091,22,8,8,12,12,20,20,0.0000
4,188.0000,38,33,345.1095,-81.5531,0.0271,19,0.4872,0.5000,6,5,2,0,0,5,2,0.6000
4,188.0000,38,35,534.9798,-84.0593,0.1221,21,0.5385,0.7143,7,7,6,0,0,7,6,0.1429
4,188.0000,38,37,322.7223,-78.1510,-0.6518,24,0.6154,0.7143,7,6,3,0,0,6,3,0.5000
4,188.0000,38,39,914.8942,-88.0500,0.6857,3,0.0769,0.8571,7,6,6,0,0,6,6,0.0000
4,188.0000,38,41,630.9083,-85.3502,-0.6228,7,0.1795,1.0000,8,7,6,0,0,7,6,0.1429
4,188.0000,38,42,792.3527,-86.9161,-0.3104,9,0.2308,0.6000,5,4,4,0,0,4,4,0.0000
4,188.0000,38,43,750.1387,-86.1974,1.7226,4,0.1026,0.8750,8,8,8,0,0,8,8,0.0000
4,188.0000,38,46,613.6250,-83.8855,-0.7748,11,0.2821,1.0000,8,7,6,0,0,7,6,0.1429
4,188.0000,38,47,208.6984,-76.2957,-0.3137,35,0.8974,0.2000,5,6,4,0,0,6,4,0.3333
4,188.0000,39,1,853.0096,-87.7105,-0.1208,8,0.2000,1.0000,6,4,4,0,0,4,4,0.0000
4,188.0000,39,3,766.2117,-84.9480,-1.2298,9,0.2250,1.0000,8,8,8,0,0,8,8,0.0000
4,188.0000,39,5,487.2380,-84.0722,0.8376,19,0.4750,0.8750,8,8,8,0,0,8,8,0.0000
4,188.0000,39,7,615.7951,-83.5057,-0.8372,19,0.4750,0.8571,7,8,8,0,0,8,8,0.0000
4,188.0000,39,8,483.8628,-82.7309,-0.2355,14,0.3500,0.6667,6,8,8,0,0,8,8,0.0000
4,188.0000,39,9,325.2034,-79.8806,-0.5221,25,0.6250,0.6667,6,5,2,0,0,5,2,0.6000
4,188.0000,39,10,551.9805,-83.5480,1.0065,12,0.3000,0.8889,9,7,6,0,0,7,6,0.1429
4,188.0000,39,12,691.9476,-87.1251,1.0993,10,0.2500,1.0000,6,10,9,0,0,10,9,0.1000
4,188.0000,39,13,559.1912,-86.2898,1.0706,10,0.2500,1.0000,8,8,8,0,0,8,8,0.0000
4,188.0000,39,15,814.0593,-87.7991,0.2316,8,0.2000,1.0000,8,8,8,0,0,8,8,0.0000
4,188.0000,39,16,574.8916,-83.3195,-0.5372,13,0.3250,0.9000,10,8,7,0,0,8,7,0.1250
4,188.0000,39,18,719.1541,-86.3685,0.4978,11,0.2750,0.9000,10,3,2,0,0,3,2,0.3333
4,188.0000,39,19,298.1430,-79.0060,-0.0990,23,0.5750,0.4000,5,6,3,0,0,6,3,0.5000
4,188.0000,39,20,579.4940,-84.5080,0.5096,10,0.2500,0.8571,7,8,7,0,0,8,7,0.1250
4,188.0000,39,22,746.5055,-86.9852,0.3732,7,0.1750,1.0000,8,6,5,0,0,6,5,0.1667
4,188.0000,39,23,635.3340,-84.9032,-0.7900,9,0.2250,0.8571,7,8,8,0,0,8,8,0.0000
4,188.0000,39,25,776.1603,-87.1128,-0.0709,10,0.2500,1.0000,8,8,7,0,0,8,7,0.1250
4,188.0000,39,26,305.5334,-80.5669,1.0630,17,0.4250,0.8571,7,7,3,0,0,7,3,0.5714
4,188.0000,39,28,467.1394,-83.5322,0.3436,15,0.3750,0.7143,7,5,2,0,0,5,2,0.6000
4,188.0000,39,29,441.8671,-83.1975,1.0406,25,0.6250,0.8750,8,7,5,0,0,7,5,0.2857
4,188.0000,39,30,612.5575,-86.1617,1.2763,11,0.2750,1.0000,8,8,8,0,0,8,8,0.0000
4,188.0000,39,31,429.5410,-82.3312,0.2177,17,0.4250,0.5714,7,7,6,0,0,7,6,0.1429
4,188.0000,39,32,729.9472,-86.7791,-0.5897,10,0.2500,0.4286,7,7,6,0,0,7,6,0.1429
4,188.0000,39,33,917.6679,-88.0168,-0.9773,8,0.2000,0.8750,8,8,8,0,0,8,8,0.0000
4,188.0000,39,34,577.5116,-85.6594,0.9257,14,0.3500,0.6667,6,8,8,0,0,8,8,0.0000
4,188.0000,39,36,911.5272,-88.2585,-0.1682,6,0.1500,1.0000,2,6,6,0,0,6,6,0.0000
4,188.0000,39,37,809.4148,-86.1130,-1.8601,9,0.2250,0.8571,7,8,8,0,0,8,8,0.0000
4,188.0000,39,38,914.8942,-87.5343,0.0393,5,0.1250,1.0000,8,2,2,0,0,2,2,0.0000
4,188.0000,39,40,501.6860,-84.8473,0.9466,13,0.3250,0.6667,6,6,4,0,0,6,4,0.3333
4,188.0000,39,41,325.6671,-78.5043,-0.9500,21,0.5250,0.5000,6,8,8,0,0,8,8,0.0000
4,188.0000,39,43,299.4920,-77.4854,-1.0328,28,0.7000,0.7143,7,5,2,0,0,5,2,0.6000
4,188.0000,39,44,525.9249,-83.5556,-0.3930,13,0.3250,0.8571,7,8,8,0,0,8,8,0.0000
4,188.0000,39,46,696.9486,-85.9375,-0.5764,9,0.2250,1.0000,8,6,4,0,0,6,4,0.3333
4,188.0000,39,47,825.1589,-85.7388,0.1695,6,0.1500,1.0000,8,8,8,0,0,8,8,0.0000
4,188.0000,40,0,697.8833,-85.8005,-0.3041,16,0.4000,1.0000,6,8,7,0,0,8,7,0.1250
4,188.0000,40,1,669.6955,-86.2475,-0.6433,13,0.3250,1.0000,8,8,7,0,0,8,7,0.1250
4,188.0000,40,5,535.0051,-84.2693,-0.1552,14,0.3500,0.8750,8,8,5,0,0,8,5,0.3750
4,188.0000,40,7,1103.9994,-88.5682,1.4255,4,0.1000,,0,4,4,0,0,4,4,0.0000
4,188.0000,40,8,837.9058,-87.2341,0.0940,5,0.1250,1.0000,6,8,8,0,0,8,8,0.0000
4,188.0000,40,9,419.3041,-82.2651,0.6909,19,0.4750,0.8571,7,6,4,0,0,6,4,0.3333
4,188.0000,40,10,840.8497,-86.6986,-2.4092,3,0.0750,1.0000,8,6,6,0,0,6,6,0.0000
4,188.0000,40,12,229.6872,-76.7169,0.2618,35,0.8750,0.3333,12,4,0,6,3,10,3,0.7000
4,188.0000,40,13,657.0835,-84.7750,-0.3522,8,0.2000,1.0000,8,7,6,0,0,7,6,0.1429
4,188.0000,40,16,1008.0742,-88.0304,-0.1979,5,0.1250,1.0000,8,4,4,0,0,4,4,0.0000
4,188.0000,40,18,500.7574,-83.4199,-0.0639,22,0.5500,0.9571,140,6,4,81,79,87,83,0.0460
4,188.0000,40,19,358.1149,-82.7621,0.5025,21,0.5250,0.5000,6,6,2,0,0,6,2,0.6667
4,188.0000,40,20,954.0686,-88.8319,0.4037,4,0.1000,1.0000,6,4,4,0,0,4,4,0.0000
4,188.0000,40,21,439.0814,-81.3479,-0.8597,28,0.7000,0.0000,4,6,4,0,0,6,4,0.3333
4,188.0000,40,23,848.6947,-88.0039,-0.1724,4,0.1000,1.0000,8,6,6,0,0,6,6,0.0000
4,188.0000,40,25,742.5702,-86.9406,0.1483,9,0.2250,0.8750,8,8,8,0,0,8,8,0.0000
4,188.0000,40,26,244.8593,-76.2924,-1.4633,34,0.8500,0.2000,5,5,1,0,0,5,1,0.8000
4,188.0000,40,27,840.2987,-86.5950,0.0473,6,0.1500,1.0000,6,8,8,0,0,8,8,0.0000
4,188.0000,40,28,574.6109,-85.8595,-0.4279,12,0.3000,1.0000,10,8,8,0,0,8,8,0.0000
4,188.0000,40,29,689.1525,-85.9805,-0.0567,6,0.1500,0.8889,9,8,7,0,0,8,7,0.1250
4,188.0000,40,30,630.2716,-85.6253,-0.2464,7,0.1750,0.8571,7,8,8,0,0,8,8,0.0000
4,188.0000,40,31,606.4191,-84.4294,0.0259,9,0.2250,1.0000,8,8,8,0,0,8,8,0.0000
4,188.0000,40,32,715.8111,-85.3162,0.2234,13,0.3250,1.0000,8,8,7,0,0,8,7,0.1250
4,188.0000,40,34,425.4786,-82.8716,0.5781,19,0.4750,0.4000,5,6,2,47,32,53,34,0.3585
4,188.0000,40,36,691.8478,-86.4335,0.2524,9,0.2250,1.0000,4,8,8,0,0,8,8,0.0000
4,188.0000,40,39,501.6860,-84.7509,-0.0592,11,0.2750,1.0000,8,8,8,0,0,8,8,0.0000
4,188.0000,40,41,704.6619,-87.1116,0.6161,5,0.1250,1.0000,8,8,8,0,0,8,8,0.0000
4,188.0000,40,43,662.7358,-86.7546,-0.3035,9,0.2250,1.0000,8,8,8,0,0,8,8,0.0000
4,188.0000,40,44,298.7120,-78.9279,-0.5707,30,0.7500,0.4000,5,5,1,0,0,5,1,0.8000
4,188.0000,40,45,691.1980,-85.0445,-0.1312,21,0.5250,0.8571,7,8,8,0,0,8,8,0.0000
4,188.0000,41,2,864.4142,-87.5953,0.8851,7,0.1795,1.0000,6,8,8,0,0,8,8,0.0000
4,188.0000,41,3,463.1250,-81.9255,-0.8303,16,0.4103,0.8571,7,8,7,0,0,8,7,0.1250
4,188.0000,41,5,786.3350,-86.8917,-0.5608,4,0.1026,0.9000,10,4,4,0,0,4,4,0.0000
4,188.0000,41,7,488.9018,-82.8428,-0.2610,17,0.4359,0.8571,7,7,5,0,0,7,5,0.2857
4,188.0000,41,8,210.6245,-74.7585,-0.4175,32,0.8205,0.4000,5,5,1,0,0,5,1,0.8000
4,188.0000,41,9,557.8356,-83.8358,-0.0962,12,0.3077,1.0000,8,6,6,6,6,12,12,0.0000
4,188.0000,41,10,313.9430,-79.8209,0.9565,16,0.4103,0.8000,5,6,3,0,0,6,3,0.5000
4,188.0000,41,12,898.3914,-86.7770,-0.0374,5,0.1282,1.0000,4,2,2,0,0,2,2,0.0000
4,188.0000,41,13,518.3168,-85.3492,0.6954,11,0.2821,0.8750,8,6,4,0,0,6,4,0.3333
4,188.0000,41,15,576.0214,-85.9604,0.1315,6,0.1538,0.8571,7,8,8,0,0,8,8,0.0000
4,188.0000,41,16,313.8018,-77.5528,-0.7288,24,0.6154,0.5000,6,8,6,0,0,8,6,0.2500
4,188.0000,41,18,1030.1660,-88.8389,0.2172,3,0.0769,1.0000,6,4,4,0,0,4,4,0.0000
4,188.0000,41,19,610.0313,-85.3410,0.2377,7,0.1795,1.0000,8,10,10,0,0,10,10,0.0000
4,188.0000,41,20,262.0214,-78.0519,0.3734,25,0.6410,0.7143,7,4,0,0,0,4,0,1.0000
4,188.0000,41,22,469.2525,-83.0088,-0.0493,16,0.4103,0.6667,6,7,5,0,0,7,5,0.2857
4,188.0000,41,23,352.8444,-80.0758,0.4113,18,0.4615,0.7500,8,7,6,0,0,7,6,0.1429
4,188.0000,41,26,502.2371,-84.6899,1.0229,13,0.3333,1.0000,6,7,5,0,0,7,5,0.2857
4,188.0000,41,28,458.7226,-83.4774,0.3724,15,0.3846,1.0000,8,7,6,0,0,7,6,0.1429
4,188.0000,41,29,680.9687,-86.4402,0.2946,10,0.2564,1.0000,8,6,6,0,0,6,6,0.0000
4,188.0000,41,30,550.9877,-85.3780,-0.3366,12,0.3077,1.0000,8,7,6,0,0,7,6,0.1429
4,188.0000,41,31,391.1977,-81.5104,0.8092,12,0.3077,0.8571,7,6,4,0,0,6,4,0.3333
4,188.0000,41,33,626.4695,-85.8457,0.7438,8,0.2051,0.7143,7,8,7,0,0,8,7,0.1250
4,188.0000,41,37,588.6017,-85.8059,-0.1882,9,0.2308,1.0000,8,6,4,0,0,6,4,0.3333
4,188.0000,41,38,630.9083,-84.9933,0.4400,10,0.2564,1.0000,8,8,6,0,0,8,6,0.2500
4,188.0000,41,39,325.6671,-77.9796,-1.5339,22,0.5641,0.5645,62,8,8,4,2,12,10,0.1667
4,188.0000,41,40,704.6619,-87.3262,-0.3424,8,0.2051,0.8571,7,8,7,0,0,8,7,0.1250
4,188.0000,41,43,140.1503,-73.9516,0.8746,32,0.8205,0.2000,5,4,0,0,0,4,0,1.0000
4,188.0000,41,44,657.2038,-84.7224,-0.3969,11,0.2821,0.8750,8,7,6,0,0,7,6,0.1429
4,188.0000,41,46,569.9292,-83.2538,0.1985,11,0.2821,0.8571,7,8,8,0,0,8,8,0.0000
4,188.0000,41,47,574.1849,-84.3512,0.2143,8,0.2051,0.8571,7,5,2,0,0,5,2,0.6000
4,188.0000,42,2,349.8807,-81.5042,0.5040,10,0.2500,0.3333,6,7,3,0,0,7,3,0.5714
4,188.0000,42,6,587.3960,-84.9529,-1.0619,4,0.1000,0.8571,7,8,7,0,0,8,7,0.1250
4,188.0000,42,14,773.2632,-88.3757,-0.2742,3,0.0750,1.0000,8,8,7,0,0,8,7,0.1250
4,188.0000,42,17,931.3615,-86.8645,0.6713,3,0.0750,1.0000,8,6,6,0,0,6,6,0.0000
4,188.0000,42,24,272.9841,-78.8201,-0.0224,23,0.5750,0.4000,5,5,1,0,0,5,1,0.8000
4,188.0000,42,33,506.5198,-83.3750,0.4370,3,0.0750,0.8750,8,8,8,0,0,8,8,0.0000
4,188.0000,42,38,792.3527,-86.1387,1.4181,3,0.0750,1.0000,8,8,8,0,0,8,8,0.0000
4,188.0000,43,3,572.4034,-86.0095,0.7124,8,0.2000,1.0000,8,7,6,0,0,7,6,0.1429
4,188.0000,43,5,701.8791,-86.0384,0.7859,6,0.1500,0.8571,7,8,8,0,0,8,8,0.0000
4,188.0000,43,6,948.7425,-88.3351,0.0333,3,0.0750,1.0000,4,6,6,0,0,6,6,0.0000
4,188.0000,43,7,500.7371,-83.3336,0.3742,15,0.3750,0.8750,8,7,5,0,0,7,5,0.2857
4,188.0000,43,8,192.7291,-77.4109,1.2426,25,0.6250,0.5000,6,5,1,0,0,5,1,0.8000
4,188.0000,43,9,455.6239,-81.3842,-1.1229,17,0.4250,0.8571,7,5,4,0,0,5,4,0.2000
4,188.0000,43,10,448.3531,-84.0262,-0.5301,8,0.2000,1.0000,8,6,3,0,0,6,3,0.5000
4,188.0000,43,12,875.0054,-87.4503,-0.7085,4,0.1000,,0,6,6,0,0,6,6,0.0000
4,188.0000,43,13,616.8507,-86.4227,0.8629,5,0.1250,1.0000,8,8,8,0,0,8,8,0.0000
4,188.0000,43,15,712.6940,-87.4623,-1.3211,4,0.1000,1.0000,10,5,4,0,0,5,4,0.2000
4,188.0000,43,16,358.3840,-80.6407,0.0050,15,0.3750,0.8571,7,8,7,0,0,8,7,0.1250
4,188.0000,43,18,980.7116,-88.2424,-0.1059,4,0.1000,1.0000,4,4,4,0,0,4,4,0.0000
4,188.0000,43,19,553.4436,-83.6120,-1.3419,12,0.3000,1.0000,8,8,8,0,0,8,8,0.0000
4,188.0000,43,20,345.7813,-81.0166,0.2382,17,0.4250,0.9000,10,4,2,2,2,6,4,0.3333
4,188.0000,43,22,463.8863,-82.4261,0.5230,14,0.3500,1.0000,8,8,7,0,0,8,7,0.1250
4,188.0000,43,23,439.1731,-82.9116,-0.5606,15,0.3750,1.0000,8,7,6,0,0,7,6,0.1429
4,188.0000,43,25,946.1664,-87.7188,0.1601,7,0.1750,1.0000,8,4,4,0,0,4,4,0.0000
4,188.0000,43,26,492.6501,-84.2764,0.3278,7,0.1750,0.8571,7,7,5,0,0,7,5,0.2857
4,188.0000,43,28,544.8900,-83.6337,0.0508,9,0.2250,1.0000,8,7,6,0,0,7,6,0.1429
4,188.0000,43,29,583.5301,-84.6931,-0.6633,9,0.2250,0.8571,7,6,6,0,0,6,6,0.0000
4,188.0000,43,30,635.0674,-85.0641,1.5041,6,0.1500,0.8571,7,8,8,0,0,8,8,0.0000
4,188.0000,43,31,487.4581,-84.8699,0.0894,9,0.2250,0.8750,8,8,6,0,0,8,6,0.2500
4,188.0000,43,32,903.1338,-87.3684,0.7124,5,0.1250,1.0000,8,4,4,0,0,4,4,0.0000
4,188.0000,43,33,697.0379,-86.2053,1.1032,13,0.3250,1.0000,8,8,8,0,0,8,8,0.0000
4,188.0000,43,34,828.3490,-86.7492,1.5130,6,0.1500,0.8571,7,8,8,0,0,8,8,0.0000
4,188.0000,43,36,1122.2564,-87.8565,1.3505,4,0.1000,,0,6,6,0,0,6,6,0.0000
4,188.0000,43,37,726.6772,-86.3028,0.6789,7,0.1750,1.0000,8,8,7,0,0,8,7,0.1250
4,188.0000,43,38,750.1387,-87.2338,0.1176,6,0.1500,0.8571,7,8,8,0,0,8,8,0.0000
4,188.0000,43,39,299.4920,-77.6176,-0.7714,22,0.5500,0.1429,7,7,6,71,60,78,66,0.1538
4,188.0000,43,40,662.7358,-87.3552,-0.3403,6,0.1500,1.0000,8,8,8,0,0,8,8,0.0000
4,188.0000,43,41,140.1503,-73.5457,0.8287,31,0.7750,0.4000,5,4,0,0,0,4,0,1.0000
4,188.0000,43,44,676.4296,-86.3850,-1.0996,8,0.2000,0.8571,7,6,6,0,0,6,6,0.0000
4,188.0000,43,46,692.7577,-87.4000,-0.0507,5,0.1250,0.8571,7,8,8,0,0,8,8,0.0000
4,188.0000,43,47,708.9613,-85.9466,0.7711,6,0.1500,1.0000,8,8,8,0,0,8,8,0.0000
4,188.0000,44,1,921.4656,-89.0498,-0.4562,3,0.0769,1.0000,4,2,2,0,0,2,2,0.0000
4,188.0000,44,3,1003.3778,-88.8761,-0.8855,3,0.0769,1.0000,6,2,2,0,0,2,2,0.0000
4,188.0000,44,5,745.6047,-87.2791,1.4243,7,0.1795,1.0000,8,8,8,0,0,8,8,0.0000
4,188.0000,44,8,830.2385,-88.1144,-1.1439,5,0.1282,0.8000,5,4,4,0,0,4,4,0.0000
4,188.0000,44,9,616.8587,-85.7906,-0.3052,7,0.1795,0.8571,7,8,8,0,0,8,8,0.0000
4,188.0000,44,10,677.6007,-85.3920,-1.6352,11,0.2821,1.0000,8,8,8,0,0,8,8,0.0000
4,188.0000,44,12,325.3591,-82.0178,0.7730,22,0.5641,0.8571,7,7,4,0,0,7,4,0.4286
4,188.0000,44,13,402.9388,-79.2158,-0.7223,16,0.4103,0.7143,7,8,8,0,0,8,8,0.0000
4,188.0000,44,15,948.5962,-88.4500,0.3363,5,0.1282,1.0000,6,6,6,0,0,6,6,0.0000
4,188.0000,44,16,968.0704,-86.8379,-0.0436,5,0.1282,1.0000,8,8,8,0,0,8,8,0.0000
4,188.0000,44,18,679.4284,-85.9417,0.3358,14,0.3590,0.8750,8,8,7,0,0,8,7,0.1250
4,188.0000,44,19,511.0828,-84.7531,1.0958,9,0.2308,0.8571,7,7,6,0,0,7,6,0.1429
4,188.0000,44,21,565.7820,-84.8038,-0.2059,14,0.3590,0.6667,6,8,8,0,0,8,8,0.0000
4,188.0000,44,23,726.9566,-86.5441,0.4156,8,0.2051,0.8750,8,8,8,0,0,8,8,0.0000
4,188.0000,44,25,999.6587,-88.4707,0.7546,3,0.0769,1.0000,8,7,6,0,0,7,6,0.1429
4,188.0000,44,26,236.1439,-75.6443,0.0556,32,0.8205,0.0000,4,5,1,0,0,5,1,0.8000
4,188.0000,44,27,1115.6835,-87.2080,0.0944,4,0.1026,,0,6,6,0,0,6,6,0.0000
4,188.0000,44,28,342.5235,-81.0712,-0.5583,16,0.4103,0.8571,7,6,3,0,0,6,3,0.5000
4,188.0000,44,29,862.1876,-88.2445,0.2343,6,0.1538,1.0000,8,8,8,0,0,8,8,0.0000
4,188.0000,44,30,377.7374,-80.6671,0.7757,20,0.5128,0.3333,6,6,4,0,0,6,4,0.3333
4,188.0000,44,31,401.6703,-80.3573,-1.2637,18,0.4615,0.7143,7,8,6,0,0,8,6,0.2500
4,188.0000,44,32,966.8169,-88.5033,-0.2440,3,0.0769,1.0000,8,4,4,0,0,4,4,0.0000
4,188.0000,44,33,1243.0374,-88.2722,-0.3507,3,0.0769,1.0000,6,4,4,0,0,4,4,0.0000
4,188.0000,44,34,632.2384,-85.7281,-0.5907,12,0.3077,1.0000,8,8,7,0,0,8,7,0.1250
4,188.0000,44,36,948.7630,-87.6360,-0.2348,4,0.1026,1.0000,2,6,6,0,0,6,6,0.0000
4,188.0000,44,37,877.8550,-87.2882,0.9459,6,0.1538,1.0000,8,4,4,0,0,4,4,0.0000
4,188.0000,44,39,525.9249,-83.0578,-0.1569,14,0.3590,1.0000,8,7,6,0,0,7,6,0.1429
4,188.0000,44,40,298.7120,-79.3451,-0.2539,22,0.5641,0.6667,6,6,4,0,0,6,4,0.3333
4,188.0000,44,41,657.2038,-86.4737,0.1445,8,0.2051,1.0000,8,8,8,0,0,8,8,0.0000
4,188.0000,44,43,676.4296,-85.8463,-1.0478,6,0.1538,1.0000,8,8,8,0,0,8,8,0.0000
4,188.0000,44,46,602.9740,-84.4711,-0.8691,9,0.2308,1.0000,8,8,8,0,0,8,8,0.0000
4,188.0000,44,47,948.2407,-87.8895,0.0290,3,0.0769,1.0000,8,8,8,0,0,8,8,0.0000
4,188.0000,45,0,163.8664,-75.8585,1.0894,38,0.9500,0.3333,6,4,0,0,0,4,0,1.0000
4,188.0000,45,1,783.3882,-85.3145,-1.3635,6,0.1500,0.8750,8,8,8,0,0,8,8,0.0000
4,188.0000,45,12,508.2996,-82.8993,-0.7029,11,0.2750,0.6667,6,8,7,0,0,8,7,0.1250
4,188.0000,45,18,661.2782,-84.8095,-1.3282,6,0.1500,1.0000,8,10,10,0,0,10,10,0.0000
4,188.0000,45,21,281.6125,-78.2585,-0.3466,31,0.7750,0.2000,5,7,6,0,0,7,6,0.1429
4,188.0000,45,27,850.5063,-87.1462,-1.2304,5,0.1250,1.0000,8,8,8,0,0,8,8,0.0000
4,188.0000,45,32,1035.7511,-87.3008,-6.0822,3,0.0750,1.0000,8,6,6,0,0,6,6,0.0000
4,188.0000,45,34,758.3114,-86.6317,-0.4382,4,0.1000,1.0000,8,8,8,0,0,8,8,0.0000
4,188.0000,45,36,741.8198,-87.2008,0.7962,5,0.1250,1.0000,8,8,8,0,0,8,8,0.0000
4,188.0000,45,40,691.1980,-85.1518,1.6228,4,0.1000,1.0000,8,8,7,0,0,8,7,0.1250
4,188.0000,45,44,821.7980,-87.7921,2.1353,3,0.0750,1.0000,8,8,8,0,0,8,8,0.0000
4,188.0000,46,2,1049.7310,-87.4506,-0.7212,7,0.1750,1.0000,4,4,4,0,0,4,4,0.0000
4,188.0000,46,3,589.6527,-84.0433,-0.3717,13,0.3250,1.0000,8,7,6,0,0,7,6,0.1429
4,188.0000,46,4,883.1618,-88.2320,1.0537,4,0.1000,0.8750,8,6,6,0,0,6,6,0.0000
4,188.0000,46,6,921.1203,-87.4658,0.2230,7,0.1750,1.0000,4,8,8,0,0,8,8,0.0000
4,188.0000,46,7,936.4286,-87.3558,0.5011,10,0.2500,0.8571,7,6,6,0,0,6,6,0.0000
4,188.0000,46,8,728.8331,-85.6864,-0.6008,9,0.2250,1.0000,8,8,8,0,0,8,8,0.0000
4,188.0000,46,9,966.7309,-88.4714,-0.8961,3,0.0750,1.0000,8,6,6,0,0,6,6,0.0000
4,188.0000,46,10,303.9392,-76.6587,-1.0094,29,0.7250,0.2000,5,8,7,0,0,8,7,0.1250
4,188.0000,46,11,964.2425,-87.8316,0.3772,5,0.1250,1.0000,4,6,6,0,0,6,6,0.0000
4,188.0000,46,13,204.6719,-77.7339,0.9745,34,0.8500,0.3333,6,5,1,0,0,5,1,0.8000
4,188.0000,46,15,413.4493,-81.6712,-0.6921,21,0.5250,0.8750,8,7,6,0,0,7,6,0.1429
4,188.0000,46,16,754.0576,-86.5978,-0.5752,10,0.2500,0.6667,6,7,6,0,0,7,6,0.1429
4,188.0000,46,20,620.0155,-85.7007,0.0214,11,0.2750,1.0000,8,8,8,0,0,8,8,0.0000
4,188.0000,46,22,910.7170,-87.5599,0.4413,6,0.1500,1.0000,8,4,4,0,0,4,4,0.0000
4,188.0000,46,23,456.4836,-82.1746,-0.2916,17,0.4250,0.8571,7,9,8,0,0,9,8,0.1111
4,188.0000,46,26,651.6894,-85.9078,-3.4438,5,0.1250,1.0000,6,8,7,0,0,8,7,0.1250
4,188.0000,46,28,287.6103,-78.3168,0.1106,32,0.8000,0.5714,7,5,2,0,0,5,2,0.6000
4,188.0000,46,30,259.9496,-78.0637,0.2807,35,0.8750,0.0000,3,4,0,0,0,4,0,1.0000
4,188.0000,46,31,279.8334,-78.3399,-0.8118,29,0.7250,0.4000,5,5,1,0,0,5,1,0.8000
4,188.0000,46,33,869.1229,-87.3199,-1.0179,10,0.2500,1.0000,8,8,8,0,0,8,8,0.0000
4,188.0000,46,35,959.9242,-87.3707,0.2836,4,0.1000,1.0000,6,6,6,0,0,6,6,0.0000
4,188.0000,46,37,311.2644,-77.4516,-1.2107,29,0.7250,0.7143,7,7,4,0,0,7,4,0.4286
4,188.0000,46,38,613.6250,-84.7031,-0.6960,15,0.3750,0.6667,6,7,5,0,0,7,5,0.2857
4,188.0000,46,39,696.9486,-85.6938,0.9604,6,0.1500,1.0000,8,8,8,0,0,8,8,0.0000
4,188.0000,46,40,852.9983,-87.4098,-0.4922,4,0.1000,0.6667,3,7,6,0,0,7,6,0.1429
4,188.0000,46,41,569.9292,-85.9320,0.3541,10,0.2500,0.6667,6,8,8,0,0,8,8,0.0000
4,188.0000,46,43,692.7577,-87.6762,0.6104,8,0.2000,0.8571,7,8,8,0,0,8,8,0.0000
4,188.0000,46,44,602.9740,-85.2404,-0.1587,11,0.2750,0.8571,7,7,6,0,0,7,6,0.1429
4,188.0000,46,47,411.5184,-79.3786,-1.7367,23,0.5750,0.5000,6,9,7,0,0,9,7,0.2222
4,188.0000,47,2,669.8354,-85.9065,0.6460,7,0.1750,1.0000,6,8,8,0,0,8,8,0.0000
4,188.0000,47,3,269.1930,-78.3249,0.3772,21,0.5250,0.2000,5,5,1,0,0,5,1,0.8000
4,188.0000,47,4,535.2470,-84.9089,0.5324,12,0.3000,0.8750,8,7,6,0,0,7,6,0.1429
4,188.0000,47,6,518.0053,-83.4891,-0.3523,17,0.4250,0.7143,7,8,8,0,0,8,8,0.0000
4,188.0000,47,7,755.2571,-86.0693,-0.2332,6,0.1500,1.0000,6,8,8,0,0,8,8,0.0000
4,188.0000,47,8,644.2595,-85.1510,-0.0550,7,0.1750,0.8571,7,7,6,0,0,7,6,0.1429
4,188.0000,47,10,303.2994,-79.0088,-0.1410,15,0.3750,0.6250,8,6,4,0,0,6,4,0.3333
4,188.0000,47,11,629.4938,-85.4917,0.7844,16,0.4000,1.0000,8,6,4,0,0,6,4,0.3333
4,188.0000,47,13,572.2234,-84.4350,0.9231,5,0.1250,0.8571,7,8,7,0,0,8,7,0.1250
4,188.0000,47,14,537.2269,-84.4855,0.2757,17,0.4250,1.0000,8,8,8,0,0,8,8,0.0000
4,188.0000,47,15,53.4318,-68.8506,3.7525,33,0.8250,0.0000,4,5,2,0,0,5,2,0.6000
4,188.0000,47,16,563.2547,-82.7652,-0.3391,8,0.2000,0.7500,8,6,3,0,0,6,3,0.5000
4,188.0000,47,17,705.4026,-86.3779,0.4633,12,0.3000,1.0000,8,7,6,0,0,7,6,0.1429
4,188.0000,47,20,445.0489,-81.7711,0.0327,13,0.3250,0.8750,8,7,6,0,0,7,6,0.1429
4,188.0000,47,22,704.2862,-87.1979,-1.2176,6,0.1500,0.6667,6,8,8,0,0,8,8,0.0000
4,188.0000,47,23,437.3817,-82.2813,-1.5239,11,0.2750,0.8750,8,6,3,0,0,6,3,0.5000
4,188.0000,47,28,612.7863,-85.2553,-0.8582,6,0.1500,0.6667,6,8,8,0,0,8,8,0.0000
4,188.0000,47,30,623.1617,-83.9040,-0.3947,4,0.1000,0.8750,8,7,6,0,0,7,6,0.1429
4,188.0000,47,31,556.7677,-83.4912,-0.0570,7,0.1750,0.7500,8,7,6,0,0,7,6,0.1429
4,188.0000,47,33,519.2544,-83.9704,0.3869,11,0.2750,0.8571,7,7,6,0,0,7,6,0.1429
4,188.0000,47,35,616.5953,-85.9803,0.5468,11,0.2750,1.0000,6,5,3,0,0,5,3,0.4000
4,188.0000,47,37,114.6660,-66.2952,-2.0476,32,0.8000,0.0000,4,4,0,0,0,4,0,1.0000
4,188.0000,47,38,208.6984,-75.8236,0.2540,28,0.7000,0.3333,6,5,1,0,0,5,1,0.8000
4,188.0000,47,39,825.1589,-87.0315,0.6029,4,0.1000,1.0000,8,6,6,0,0,6,6,0.0000
4,188.0000,47,40,1138.0218,-88.9892,0.3638,3,0.0750,1.0000,6,4,4,0,0,4,4,0.0000
4,188.0000,47,41,574.1849,-85.2330,-1.0021,6,0.1500,0.8750,8,8,8,0,0,8,8,0.0000
4,188.0000,47,43,708.9613,-85.3903,-0.1978,3,0.0750,1.0000,8,7,6,0,0,7,6,0.1429
4,188.0000,47,46,411.5184,-78.7807,-1.9563,17,0.4250,0.5000,6,7,6,0,0,7,6,0.1429
4,192.0000,0,1,778.0047,-86.0916,-0.1520,11,0.2750,1.0000,8,8,8,0,0,8,8,0.0000
4,192.0000,0,12,611.1412,-84.7449,0.1191,10,0.2500,1.0000,8,8,8,0,0,8,8,0.0000
4,192.0000,0,18,577.5184,-83.8743,-0.2494,12,0.3000,0.7143,7,8,8,0,0,8,8,0.0000
4,192.0000,0,21,282.8236,-79.1212,0.8222,29,0.7250,0.0000,4,5,1,0,0,5,1,0.8000
4,192.0000,0,27,800.3024,-88.0416,0.1042,6,0.1500,0.8571,7,8,8,0,0,8,8,0.0000
4,192.0000,0,32,950.7417,-88.1603,-0.7070,3,0.0750,1.0000,8,6,6,0,0,6,6,0.0000
4,192.0000,0,34,789.2800,-85.5687,-0.4995,6,0.1500,1.0000,8,8,8,0,0,8,8,0.0000
4,192.0000,0,36,609.6202,-85.8668,-0.5966,11,0.2750,1.0000,8,8,8,0,0,8,8,0.0000
4,192.0000,0,40,722.3255,-85.8211,-0.1943,8,0.2000,1.0000,8,8,7,0,0,8,7,0.1250
4,192.0000,0,44,759.9238,-87.3130,-1.7589,5,0.1250,1.0000,6,8,8,0,0,8,8,0.0000
4,192.0000,0,45,127.2332,-71.7459,0.6989,38,0.9500,0.0000,4,4,0,0,0,4,0,1.0000
4,192.0000,1,0,778.0047,-86.2335,-0.3306,11,0.2750,1.0000,8,7,6,0,0,7,6,0.1429
4,192.0000,1,5,534.9914,-82.2508,-1.5780,9,0.2250,0.8571,7,8,8,0,0,8,8,0.0000
4,192.0000,1,9,593.2023,-84.3410,-1.0627,7,0.1750,0.8750,8,8,8,0,0,8,8,0.0000
4,192.0000,1,18,331.1522,-80.7767,-0.1125,25,0.6250,0.2000,5,5,1,0,0,5,1,0.8000
4,192.0000,1,19,649.7502,-84.0717,-0.2236,4,0.1000,1.0000,6,8,8,0,0,8,8,0.0000
4,192.0000,1,21,773.8197,-86.1785,0.0120,10,0.2500,1.0000,8,8,8,0,0,8,8,0.0000
4,192.0000,1,25,251.9764,-78.5989,0.6486,31,0.7750,0.0000,4,6,3,0,0,6,3,0.5000
4,192.0000,1,26,899.3479,-86.8976,-1.6050,3,0.0750,1.0000,8,8,8,0,0,8,8,0.0000
4,192.0000,1,27,233.7721,-77.0239,0.1016,36,0.9000,0.0000,4,4,0,0,0,4,0,1.0000
4,192.0000,1,29,753.6269,-84.8135,-1.8691,4,0.1000,0.5000,6,8,8,0,0,8,8,0.0000
4,192.0000,1,32,242.4927,-78.2374,0.1769,27,0.6750,0.3333,6,5,1,0,0,5,1,0.8000
4,192.0000,1,34,473.5120,-81.9372,-1.5734,16,0.4000,0.6667,6,6,3,0,0,6,3,0.5000
4,192.0000,1,36,173.9470,-70.3533,-2.1918,35,0.8750,0.2000,5,4,0,0,0,4,0,1.0000
4,192.0000,1,40,661.7539,-86.8335,-1.6778,6,0.1500,1.0000,8,7,6,0,0,7,6,0.1429
4,192.0000,1,45,852.9531,-86.5309,0.3417,6,0.1500,1.0000,8,4,4,0,0,4,4,0.0000
4,192.0000,2,3,522.6477,-83.5561,0.2484,12,0.3000,1.0000,8,8,8,0,0,8,8,0.0000
4,192.0000,2,4,512.3251,-82.0674,1.2680,20,0.5000,0.8750,8,8,8,0,0,8,8,0.0000
4,192.0000,2,6,474.2697,-81.4339,-0.0799,23,0.5750,0.8571,7,8,7,0,0,8,7,0.1250
4,192.0000,2,7,679.6444,-86.4376,0.0575,9,0.2250,1.0000,8,7,5,0,0,7,5,0.2857
4,192.0000,2,8,735.5465,-86.9680,-1.2010,7,0.1750,1.0000,8,8,8,0,0,8,8,0.0000
4,192.0000,2,10,750.5446,-87.6693,-1.3187,6,0.1500,1.0000,8,8,8,0,0,8,8,0.0000
4,192.0000,2,11,768.9197,-86.8348,0.4585,11,0.2750,0.8750,8,8,7,0,0,8,7,0.1250
4,192.0000,2,14,541.8522,-83.8841,0.4591,18,0.4500,0.6667,6,7,6,0,0,7,6,0.1429
4,192.0000,2,15,816.3734,-86.2836,0.0295,6,0.1500,1.0000,8,6,6,0,0,6,6,0.0000
4,192.0000,2,16,496.2424,-84.2090,-0.6170,13,0.3250,1.0000,8,6,4,0,0,6,4,0.3333
4,192.0000,2,17,702.6355,-86.2069,-0.1490,17,0.4250,1.0000,8,9,8,0,0,9,8,0.1111
4,192.0000,2,20,639.0255,-85.8322,-0.3380,11,0.2750,0.5000,6,8,8,0,0,8,8,0.0000
4,192.0000,2,22,453.6275,-85.1523,0.3253,10,0.2500,1.0000,8,8,7,0,0,8,7,0.1250
4,192.0000,2,23,813.1538,-87.0339,-0.7856,5,0.1250,0.8750,8,8,8,0,0,8,8,0.0000
4,192.0000,2,24,350.6453,-81.2887,0.3473,31,0.7750,0.6000,5,7,6,0,0,7,6,0.1429
4,192.0000,2,31,1104.5684,-88.1980,-0.7570,3,0.0750,1.0000,10,4,4,0,0,4,4,0.0000
4,192.0000,2,33,293.6963,-77.9768,-0.5257,26,0.6500,0.8571,7,8,7,7,5,15,12,0.2000
4,192.0000,2,35,846.1583,-87.8314,0.0231,7,0.1750,0.6667,6,6,6,0,0,6,6,0.0000
4,192.0000,2,37,893.0348,-88.6631,0.1181,4,0.1000,1.0000,8,8,8,0,0,8,8,0.0000
4,192.0000,2,38,525.9444,-83.6408,-0.4945,13,0.3250,0.8571,7,7,6,0,0,7,6,0.1429
4,192.0000,2,41,832.2350,-86.6740,-1.3791,5,0.1250,1.0000,8,8,8,0,0,8,8,0.0000
4,192.0000,2,42,231.0408,-79.0648,0.8462,36,0.9000,0.2000,5,5,0,0,0,5,0,1.0000
4,192.0000,2,43,857.9957,-88.2877,0.3614,5,0.1250,1.0000,8,8,8,0,0,8,8,0.0000
4,192.0000,2,47,749.5198,-86.0629,-0.1750,12,0.3000,1.0000,8,8,8,0,0,8,8,0.0000
4,192.0000,3,2,522.6477,-83.3367,-0.0702,22,0.5500,0.6250,8,8,8,0,0,8,8,0.0000
4,192.0000,3,4,359.9646,-82.1864,1.1622,27,0.6750,0.5714,7,7,5,0,0,7,5,0.2857
4,192.0000,3,6,438.4814,-82.0200,-0.0073,22,0.5500,0.4286,7,6,4,0,0,6,4,0.3333
4,192.0000,3,7,711.2145,-84.3585,-0.4092,11,0.2750,0.8571,7,7,6,0,0,7,6,0.1429
4,192.0000,3,8,613.0908,-84.7119,-0.4808,11,0.2750,0.8571,7,8,8,0,0,8,8,0.0000
4,192.0000,3,10,274.6766,-79.1055,0.9337,22,0.5500,0.8750,8,5,1,0,0,5,1,0.8000
4,192.0000,3,11,602.5753,-85.4407,0.2925,17,0.4250,0.8571,7,8,8,0,0,8,8,0.0000
4,192.0000,3,13,697.7223,-85.7441,-1.1663,9,0.2250,1.0000,8,6,6,0,0,6,6,0.0000
4,192.0000,3,14,507.1387,-84.3790,-0.2082,21,0.5250,0.7500,8,5,2,0,0,5,2,0.6000
4,192.0000,3,15,311.2415,-79.0302,-0.2522,26,0.6500,0.3333,6,7,4,0,0,7,4,0.4286
4,192.0000,3,16,447.0373,-81.7303,0.1935,20,0.5000,0.7143,7,8,7,0,0,8,7,0.1250
4,192.0000,3,17,631.8005,-85.1643,-0.0628,20,0.5000,1.0000,8,8,6,0,0,8,6,0.2500
4,192.0000,3,19,1142.1578,-88.3725,0.0797,4,0.1000,,0,4,4,0,0,4,4,0.0000
4,192.0000,3,20,292.7688,-77.8501,-0.9222,29,0.7250,0.2000,5,7,5,0,0,7,5,0.2857
4,192.0000,3,22,434.2349,-81.5708,-0.3713,19,0.4750,0.8750,8,6,3,0,0,6,3,0.5000
4,192.0000,3,23,382.6871,-81.3300,-1.4706,20,0.5000,0.7143,7,8,8,0,0,8,8,0.0000
4,192.0000,3,24,732.7581,-86.5167,-0.5679,13,0.3250,0.8571,7,8,8,0,0,8,8,0.0000
4,192.0000,3,26,897.8073,-87.9518,-0.0777,4,0.1000,1.0000,6,6,6,0,0,6,6,0.0000
4,192.0000,3,28,798.9957,-86.7437,0.4805,6,0.1500,0.8571,7,6,5,0,0,6,5,0.1667
4,192.0000,3,30,807.5714,-88.8089,-0.5554,6,0.1500,1.0000,8,7,6,0,0,7,6,0.1429
4,192.0000,3,31,655.9225,-85.5404,-0.2029,10,0.2500,0.7143,7,7,6,0,0,7,6,0.1429
4,192.0000,3,33,241.9074,-78.3712,0.3801,30,0.7500,0.0000,4,5,1,0,0,5,1,0.8000
4,192.0000,3,35,633.1409,-85.6441,-0.2196,19,0.4750,1.0000,8,7,6,0,0,7,6,0.1429
4,192.0000,3,37,390.1470,-81.3361,-1.1659,23,0.5750,0.4000,5,6,4,0,0,6,4,0.3333
4,192.0000,3,38,179.0845,-74.5145,0.1275,33,0.8250,0.2000,5,4,0,0,0,4,0,1.0000
4,192.0000,3,39,918.0121,-87.1537,-0.1172,5,0.1250,1.0000,6,4,4,0,0,4,4,0.0000
4,192.0000,3,41,490.4288,-84.2265,0.1520,17,0.4250,1.0000,8,8,8,0,0,8,8,0.0000
4,192.0000,3,42,747.9838,-86.5438,-0.5250,12,0.3000,1.0000,2,7,6,0,0,7,6,0.1429
4,192.0000,3,43,547.2550,-84.9814,-0.6145,11,0.2750,0.8333,6,8,7,0,0,8,7,0.1250
4,192.0000,3,46,641.9463,-85.9348,0.6562,11,0.2750,1.0000,8,8,8,0,0,8,8,0.0000
4,192.0000,3,47,266.3410,-77.9824,-0.0061,31,0.7750,0.2000,5,5,2,0,0,5,2,0.6000
4,192.0000,4,2,512.3251,-82.7235,-0.6422,16,0.4000,0.8571,7,7,5,0,0,7,5,0.2857
4,192.0000,4,3,359.9646,-82.1749,0.5322,9,0.2250,0.5714,7,7,5,0,0,7,5,0.2857
4,192.0000,4,6,454.5398,-83.6250,0.2071,15,0.3750,1.0000,8,6,3,0,0,6,3,0.5000
4,192.0000,4,10,599.6857,-85.2438,1.4526,4,0.1000,1.0000,8,8,8,0,0,8,8,0.0000
4,192.0000,4,11,440.6730,-82.2217,0.1886,18,0.4500,0.5000,6,7,5,0,0,7,5,0.2857
4,192.0000,4,14,457.9486,-82.1861,-0.1138,21,0.5250,0.7143,7,8,6,0,0,8,6,0.2500
4,192.0000,4,15,609.2603,-84.9823,-0.3800,6,0.1500,0.8750,8,8,7,0,0,8,7,0.1250
4,192.0000,4,16,715.8955,-86.0545,2.5957,4,0.1000,1.0000,6,8,7,0,0,8,7,0.1250
4,192.0000,4,17,304.4849,-78.6587,0.0596,32,0.8000,0.3333,6,5,1,0,0,5,1,0.8000
4,192.0000,4,20,603.3929,-85.1359,0.8033,6,0.1500,1.0000,8,8,7,0,0,8,7,0.1250
4,192.0000,4,22,609.2540,-85.5516,0.7912,3,0.0750,1.0000,8,7,5,0,0,7,5,0.2857
4,192.0000,4,23,581.0215,-84.4360,0.4468,6,0.1500,0.8571,7,7,6,0,0,7,6,0.1429
4,192.0000,4,24,722.8149,-87.0630,0.7791,6,0.1500,1.0000,8,6,5,0,0,6,5,0.1667
4,192.0000,4,33,398.7731,-82.6589,1.8213,15,0.3750,0.8889,9,7,6,0,0,7,6,0.1429
4,192.0000,4,35,497.7259,-84.3382,-0.5384,20,0.5000,0.7143,7,7,6,0,0,7,6,0.1429
4,192.0000,4,37,569.2078,-83.7794,0.1435,7,0.1750,1.0000,8,6,3,0,0,6,3,0.5000
4,192.0000,4,38,312.0097,-80.8074,0.5073,14,0.3500,1.0000,8,7,5,0,0,7,5,0.2857
4,192.0000,4,41,813.1198,-87.2890,1.4105,3,0.0750,1.0000,8,8,8,0,0,8,8,0.0000
4,192.0000,4,42,726.9267,-86.3062,-1.3152,8,0.2000,0.8571,7,8,8,0,0,8,8,0.0000
4,192.0000,4,47,451.2637,-83.1812,0.5621,12,0.3000,0.7500,8,6,3,0,0,6,3,0.5000
4,192.0000,5,0,1061.1881,-88.4778,0.1857,5,0.1250,1.0000,8,2,2,0,0,2,2,0.0000
4,192.0000,5,1,534.9914,-82.7507,-0.7445,23,0.5750,0.4000,5,8,8,0,0,8,8,0.0000
4,192.0000,5,7,922.6878,-87.9242,-0.7274,5,0.1250,1.0000,8,8,8,0,0,8,8,0.0000
4,192.0000,5,8,791.6421,-87.7738,0.3268,4,0.1000,1.0000,6,8,8,0,0,8,8,0.0000
4,192.0000,5,9,208.3915,-77.5336,0.7277,31,0.7750,0.5714,7,4,0,0,0,4,0,1.0000
4,192.0000,5,12,776.2543,-85.5001,-0.3835,10,0.2500,0.8571,7,7,6,0,0,7,6,0.1429
4,192.0000,5,16,997.0914,-88.6996,0.0080,4,0.1000,1.0000,8,4,4,0,0,4,4,0.0000
4,192.0000,5,18,582.8263,-83.8565,-0.4664,21,0.5250,0.8571,7,7,6,0,0,7,6,0.1429
4,192.0000,5,19,344.1674,-79.7350,-1.4062,23,0.5750,0.3333,6,6,4,0,0,6,4,0.3333
4,192.0000,5,21,934.8548,-87.8143,-0.1423,5,0.1250,1.0000,8,2,2,0,0,2,2,0.0000
4,192.0000,5,25,403.6247,-81.2989,-0.5432,29,0.7250,0.0000,4,5,2,0,0,5,2,0.6000
4,192.0000,5,26,522.9944,-84.4767,0.7036,10,0.2500,0.8571,7,8,7,0,0,8,7,0.1250
4,192.0000,5,27,735.3007,-86.1909,-0.3657,17,0.4250,0.8750,8,4,4,0,0,4,4,0.0000
4,192.0000,5,28,817.5650,-87.8735,-0.1040,5,0.1250,1.0000,8,2,1,0,0,2,1,0.5000
4,192.0000,5,29,242.4213,-77.7838,-0.1120,34,0.8500,0.4286,7,4,0,0,0,4,0,1.0000
4,192.0000,5,30,935.8102,-88.3346,0.8348,3,0.0750,1.0000,6,6,6,0,0,6,6,0.0000
4,192.0000,5,31,810.7680,-88.0947,0.0882,4,0.1000,1.0000,8,8,7,0,0,8,7,0.1250
4,192.0000,5,32,339.8441,-79.3588,-0.8986,32,0.8000,0.5714,7,8,7,0,0,8,7,0.1250
4,192.0000,5,34,305.9799,-78.3366,-0.3955,28,0.7000,0.4000,5,4,2,0,0,4,2,0.5000
4,192.0000,5,36,637.6603,-84.2835,-0.5862,19,0.4750,1.0000,8,8,8,0,0,8,8,0.0000
4,192.0000,5,39,387.8832,-82.4327,0.0714,13,0.3250,1.0000,8,8,8,0,0,8,8,0.0000
4,192.0000,5,40,509.0386,-84.2864,1.0012,9,0.2250,0.7143,7,8,8,0,0,8,8,0.0000
4,192.0000,5,41,790.7229,-87.8863,1.0602,3,0.0750,1.0000,6,8,8,0,0,8,8,0.0000
4,192.0000,5,43,752.9578,-87.1337,0.1291,5,0.1250,1.0000,8,8,8,0,0,8,8,0.0000
4,192.0000,5,44,729.4026,-86.7863,0.3394,8,0.2000,0.8571,7,7,5,0,0,7,5,0.2857
4,192.0000,6,2,474.2697,-81.8387,-0.9673,20,0.5000,0.4000,5,8,8,0,0,8,8,0.0000
4,192.0000,6,3,438.4814,-82.8272,-0.9792,13,0.3250,1.0000,8,9,8,0,0,9,8,0.1111
4,192.0000,6,4,454.5398,-84.1458,1.3233,16,0.4000,0.5714,7,7,6,0,0,7,6,0.1429
4,192.0000,6,7,838.3868,-87.8016,-0.4396,7,0.1750,1.0000,8,8,8,0,0,8,8,0.0000
4,192.0000,6,8,944.6620,-86.4291,0.6345,3,0.0750,1.0000,8,6,6,0,0,6,6,0.0000
4,192.0000,6,10,680.3202,-86.1309,1.5152,5,0.1250,1.0000,8,7,6,0,0,7,6,0.1429
4,192.0000,6,11,400.2349,-82.5394,1.4727,24,0.6000,0.7500,8,5,2,0,0,5,2,0.6000
4,192.0000,6,14,108.6726,-74.8721,1.6611,35,0.8750,0.0000,4,4,0,0,0,4,0,1.0000
4,192.0000,6,15,616.5462,-84.8183,-1.5700,8,0.2000,0.9000,10,8,8,0,0,8,8,0.0000
4,192.0000,6,16,677.5434,-85.1062,0.1822,5,0.1250,1.0000,8,8,8,0,0,8,8,0.0000
4,192.0000,6,17,543.5311,-84.6009,-0.0454,15,0.3750,0.8750,8,6,4,0,0,6,4,0.3333
4,192.0000,6,20,694.0962,-85.0024,0.1924,4,0.1000,0.8571,7,8,8,0,0,8,8,0.0000
4,192.0000,6,22,723.6903,-87.4245,0.0374,3,0.0750,0.8571,7,8,7,0,0,8,7,0.1250
4,192.0000,6,23,816.9181,-87.9965,0.1623,6,0.1500,1.0000,8,7,6,0,0,7,6,0.1429
4,192.0000,6,24,448.4157,-83.0927,-0.4415,27,0.6750,0.7143,7,7,6,0,0,7,6,0.1429
4,192.0000,6,33,360.6693,-79.3103,0.2584,22,0.5500,1.0000,8,7,5,0,0,7,5,0.2857
4,192.0000,6,35,458.3606,-84.0479,0.2557,19,0.4750,0.8750,8,5,1,0,0,5,1,0.8000
4,192.0000,6,37,628.2872,-85.3963,-0.1292,9,0.2250,1.0000,8,8,7,0,0,8,7,0.1250
4,192.0000,6,38,291.5452,-78.7489,-0.5172,20,0.5000,0.7143,7,5,1,0,0,5,1,0.8000
4,192.0000,6,42,637.9302,-84.6339,-0.3508,14,0.3500,1.0000,8,7,6,0,0,7,6,0.1429
4,192.0000,6,46,1002.8318,-87.4654,0.4457,3,0.0750,0.8571,7,8,8,0,0,8,8,0.0000
4,192.0000,6,47,489.7768,-84.9190,-0.5853,9,0.2250,0.8750,8,8,8,0,0,8,8,0.0000
4,192.0000,7,2,679.6444,-86.4991,-0.4809,12,0.3000,1.0000,6,8,8,0,0,8,8,0.0000
4,192.0000,7,3,711.2145,-86.3157,-1.0728,8,0.2000,1.0000,8,8,7,0,0,8,7,0.1250
4,192.0000,7,5,922.6878,-87.0059,-1.2073,5,0.1250,1.0000,6,8,8,0,0,8,8,0.0000
4,192.0000,7,6,838.3868,-86.4982,-0.0874,8,0.2000,0.8571,7,8,8,0,0,8,8,0.0000
4,192.0000,7,8,454.2483,-83.7786,-0.6818,13,0.3250,1.0000,8,8,8,0,0,8,8,0.0000
4,192.0000,7,9,934.3210,-88.8049,-0.0817,3,0.0750,1.0000,8,8,8,0,0,8,8,0.0000
4,192.0000,7,10,709.2265,-85.9069,0.0506,7,0.1750,0.8750,8,8,8,0,0,8,8,0.0000
4,192.0000,7,13,979.1355,-87.9902,-1.5354,3,0.0750,1.0000,4,8,8,0,0,8,8,0.0000
4,192.0000,7,14,946.9157,-87.2361,1.6639,3,0.0750,1.0000,8,4,4,0,0,4,4,0.0000
4,192.0000,7,15,807.3709,-86.8807,-0.6154,6,0.1500,1.0000,8,8,8,0,0,8,8,0.0000
4,192.0000,7,16,306.7283,-78.9211,-0.6766,24,0.6000,0.8750,8,7,6,0,0,7,6,0.1429
4,192.0000,7,19,1002.3411,-88.0495,-0.2213,3,0.0750,1.0000,4,6,6,0,0,6,6,0.0000
4,192.0000,7,20,579.4215,-82.3677,-0.3670,12,0.3000,0.8750,8,8,8,0,0,8,8,0.0000
4,192.0000,7,22,531.3609,-83.7502,0.3782,20,0.5000,0.7143,7,7,6,0,0,7,6,0.1429
4,192.0000,7,23,870.8917,-87.2636,1.2605,5,0.1250,1.0000,8,8,7,0,0,8,7,0.1250
4,192.0000,7,26,885.5631,-87.0973,-0.4418,4,0.1000,1.0000,6,6,6,0,0,6,6,0.0000
4,192.0000,7,28,1001.6998,-88.4342,0.6236,3,0.0750,1.0000,2,6,6,0,0,6,6,0.0000
4,192.0000,7,29,710.6932,-86.3908,-0.6258,8,0.2000,1.0000,8,8,8,0,0,8,8,0.0000
4,192.0000,7,31,856.4010,-87.3128,1.1927,5,0.1250,1.0000,8,8,7,0,0,8,7,0.1250
4,192.0000,7,33,600.0697,-85.1638,0.8390,11,0.2750,1.0000,8,8,8,0,0,8,8,0.0000
4,192.0000,7,37,996.0683,-88.4800,0.1363,4,0.1000,1.0000,6,8,8,0,0,8,8,0.0000
4,192.0000,7,38,805.1715,-87.7447,0.2586,5,0.1250,1.0000,8,8,8,0,0,8,8,0.0000
4,192.0000,7,39,758.7319,-86.0551,0.7689,6,0.1500,1.0000,8,4,4,0,0,4,4,0.0000
4,192.0000,7,41,590.1483,-83.3531,-0.8167,10,0.2500,0.8750,8,7,6,0,0,7,6,0.1429
4,192.0000,7,42,734.2819,-86.6981,0.5980,7,0.1750,1.0000,2,8,8,0,0,8,8,0.0000
4,192.0000,7,43,606.1499,-85.1410,-0.7862,10,0.2500,1.0000,8,7,6,0,0,7,6,0.1429
4,192.0000,7,47,906.1111,-87.2579,-1.0539,5,0.1250,1.0000,8,8,8,0,0,8,8,0.0000
4,192.0000,8,2,735.5465,-86.6708,-1.5043,8,0.2000,1.0000,8,7,6,0,0,7,6,0.1429
4,192.0000,8,3,613.0908,-84.0964,-0.1523,10,0.2500,0.8571,7,6,6,0,0,6,6,0.0000
4,192.0000,8,4,878.8950,-87.2612,0.1955,7,0.1750,1.0000,6,8,8,0,0,8,8,0.0000
4,192.0000,8,5,791.6421,-87.7260,0.6819,5,0.1250,1.0000,6,8,8,0,0,8,8,0.0000
4,192.0000,8,6,944.6620,-87.0878,-0.2033,8,0.2000,0.8571,7,6,6,0,0,6,6,0.0000
4,192.0000,8,7,454.2483,-82.1258,0.1669,17,0.4250,1.0000,8,8,4,0,0,8,4,0.5000
4,192.0000,8,9,702.3416,-86.4975,0.9067,7,0.1750,0.8333,6,8,8,0,0,8,8,0.0000
4,192.0000,8,10,524.8177,-82.9284,-0.8301,10,0.2500,0.7143,7,8,8,0,0,8,8,0.0000
4,192.0000,8,13,751.2924,-86.7043,0.5369,4,0.1000,0.8750,8,7,6,0,0,7,6,0.1429
4,192.0000,8,15,709.9800,-85.5449,-0.4519,8,0.2000,1.0000,8,8,8,0,0,8,8,0.0000
4,192.0000,8,16,297.9658,-77.7424,-0.7594,32,0.8000,0.2000,5,5,2,0,0,5,2,0.6000
4,192.0000,8,19,797.4896,-85.2471,-0.4496,5,0.1250,1.0000,8,8,8,0,0,8,8,0.0000
4,192.0000,8,20,349.8629,-77.9177,-1.0890,24,0.6000,0.8750,8,8,8,0,0,8,8,0.0000
4,192.0000,8,22,315.7855,-78.4215,-0.3331,31,0.7750,0.5000,6,6,3,0,0,6,3,0.5000
4,192.0000,8,23,564.6199,-81.5311,-1.2608,13,0.3250,0.8571,7,8,8,0,0,8,8,0.0000
4,192.0000,8,26,615.9817,-85.9583,1.1673,6,0.1500,1.0000,8,8,8,0,0,8,8,0.0000
4,192.0000,8,28,759.2643,-86.8874,-0.4755,7,0.1750,0.6667,6,6,6,0,0,6,6,0.0000
4,192.0000,8,29,633.9470,-85.8175,-0.0316,7,0.1750,1.0000,6,8,8,0,0,8,8,0.0000
4,192.0000,8,30,813.1145,-86.7714,-0.1843,3,0.0750,1.0000,8,10,9,0,0,10,9,0.1000
4,192.0000,8,31,632.7347,-84.7883,-0.8368,5,0.1250,0.7143,7,8,7,0,0,8,7,0.1250
4,192.0000,8,33,603.8364,-84.8335,0.3157,12,0.3000,0.8750,8,8,8,0,0,8,8,0.0000
4,192.0000,8,37,886.7116,-88.7387,0.8859,4,0.1000,1.0000,8,6,6,0,0,6,6,0.0000
4,192.0000,8,38,778.2156,-87.4374,0.6303,3,0.0750,0.8571,7,6,6,0,0,6,6,0.0000
4,192.0000,8,39,566.4455,-83.5193,0.0753,9,0.2250,0.8750,8,7,4,0,0,7,4,0.4286
4,192.0000,8,40,876.4588,-87.7042,-0.4349,6,0.1500,1.0000,8,8,8,0,0,8,8,0.0000
4,192.0000,8,41,315.3382,-77.2895,-0.9353,23,0.5750,0.5000,6,6,4,0,0,6,4,0.3333
4,192.0000,8,42,861.3408,-88.0930,-0.5040,5,0.1250,1.0000,2,6,6,0,0,6,6,0.0000
4,192.0000,8,43,271.7688,-75.7976,-0.9725,30,0.7500,0.2000,5,8,8,0,0,8,8,0.0000
4,192.0000,8,46,790.6153,-86.5434,0.3173,5,0.1250,0.8571,7,6,6,0,0,6,6,0.0000
4,192.0000,8,47,824.7305,-86.0255,-0.3250,8,0.2000,0.8333,6,7,6,0,0,7,6,0.1429
4,192.0000,9,0,1020.0446,-87.0576,-0.8854,7,0.1750,1.0000,8,8,8,0,0,8,8,0.0000
4,192.0000,9,1,593.2023,-85.6821,-0.0292,16,0.4000,1.0000,8,7,6,0,0,7,6,0.1429
4,192.0000,9,5,208.3915,-77.3959,0.4769,31,0.7750,0.3333,6,5,2,0,0,5,2,0.6000
4,192.0000,9,7,934.3210,-86.2875,-0.9483,3,0.0750,0.8750,8,8,8,0,0,8,8,0.0000
4,192.0000,9,8,702.3416,-86.1095,3.2215,4,0.1000,1.0000,8,8,7,0,0,8,7,0.1250
4,192.0000,9,12,686.7716,-85.5604,-0.6621,9,0.2250,0.6667,6,8,8,0,0,8,8,0.0000
4,192.0000,9,13,850.8117,-88.4253,-0.0225,4,0.1000,1.0000,8,8,8,0,0,8,8,0.0000
4,192.0000,9,18,640.2193,-84.1564,-0.2556,14,0.3500,0.8571,7,8,7,0,0,8,7,0.1250
4,192.0000,9,19,328.6464,-78.2760,-0.4084,29,0.7250,0.6667,6,8,8,0,0,8,8,0.0000
4,192.0000,9,21,847.5011,-88.2437,-0.2240,3,0.0750,0.6000,5,6,6,0,0,6,6,0.0000
4,192.0000,9,25,473.0308,-83.3285,0.0285,23,0.5750,0.8571,7,6,3,0,0,6,3,0.5000
4,192.0000,9,26,438.1949,-81.6806,-0.8804,16,0.4000,1.0000,8,8,8,0,0,8,8,0.0000
4,192.0000,9,27,758.5950,-87.3564,-0.3730,12,0.3000,0.8571,7,7,6,0,0,7,6,0.1429
4,192.0000,9,28,752.4150,-86.8717,-2.6349,4,0.1000,1.0000,8,8,8,0,0,8,8,0.0000
4,192.0000,9,29,318.1541,-79.2704,-1.1101,32,0.8000,0.3333,6,7,5,0,0,7,5,0.2857
4,192.0000,9,30,842.2288,-87.3838,0.2497,5,0.1250,1.0000,8,6,6,0,0,6,6,0.0000
4,192.0000,9,31,750.2730,-86.6433,5.3357,3,0.0750,0.8571,7,7,6,0,0,7,6,0.1429
4,192.0000,9,32,415.9155,-82.2825,-0.3042,18,0.4500,0.5714,7,7,5,0,0,7,5,0.2857
4,192.0000,9,34,348.7418,-81.4595,0.1495,23,0.5750,0.6667,6,5,2,0,0,5,2,0.6000
4,192.0000,9,36,663.8186,-85.1702,0.1823,12,0.3000,0.7143,7,8,8,0,0,8,8,0.0000
4,192.0000,9,39,360.9529,-80.1764,-0.6194,16,0.4000,0.8571,7,8,7,5,3,13,10,0.2308
4,192.0000,9,40,390.0469,-81.4644,-1.4513,15,0.3750,0.5000,4,9,6,0,0,9,6,0.3333
4,192.0000,9,41,712.8034,-87.3782,-1.5895,3,0.0750,0.8750,8,8,8,0,0,8,8,0.0000
4,192.0000,9,43,658.5919,-83.7501,-0.7400,7,0.1750,1.0000,8,8,8,0,0,8,8,0.0000
4,192.0000,9,44,646.0732,-85.1624,0.1395,6,0.1500,1.0000,8,6,4,0,0,6,4,0.3333
4,192.0000,9,46,957.1683,-88.7965,0.2225,4,0.1000,1.0000,6,8,7,0,0,8,7,0.1250
4,192.0000,10,2,750.5446,-87.9186,0.1183,8,0.2000,0.8333,6,8,8,0,0,8,8,0.0000
4,192.0000,10,3,274.6766,-79.1496,0.6669,25,0.6250,0.5000,6,6,2,0,0,6,2,0.6667
4,192.0000,10,4,599.6857,-85.6702,-0.6823,7,0.1750,0.8571,7,7,6,0,0,7,6,0.1429
4,192.0000,10,6,680.3202,-86.7254,0.2086,10,0.2500,1.0000,8,7,6,0,0,7,6,0.1429
4,192.0000,10,7,709.2265,-85.5773,0.0889,11,0.2750,1.0000,8,8,8,0,0,8,8,0.0000
4,192.0000,10,8,524.8177,-83.1039,0.7752,13,0.3250,0.7143,7,8,8,0,0,8,8,0.0000
4,192.0000,10,9,981.0515,-88.8022,0.0467,4,0.1000,1.0000,2,4,4,0,0,4,4,0.0000
4,192.0000,10,11,820.1649,-87.3755,-0.2181,10,0.2500,1.0000,4,8,8,0,0,8,8,0.0000
4,192.0000,10,13,431.4855,-81.5952,-0.4284,19,0.4750,0.7500,8,7,5,0,0,7,5,0.2857
4,192.0000,10,14,752.1566,-87.4413,0.4606,7,0.1750,1.0000,4,7,6,0,0,7,6,0.1429
4,192.0000,10,15,203.3963,-77.2883,0.6073,29,0.7250,0.0000,4,5,2,0,0,5,2,0.6000
4,192.0000,10,16,474.7382,-83.8562,0.8548,15,0.3750,1.0000,8,6,4,0,0,6,4,0.3333
4,192.0000,10,17,868.6348,-88.1882,0.0481,6,0.1500,1.0000,8,8,8,0,0,8,8,0.0000
4,192.0000,10,19,886.4195,-87.0595,-0.2126,3,0.0750,1.0000,8,8,8,0,0,8,8,0.0000
4,192.0000,10,20,194.7061,-77.0472,1.6992,31,0.7750,0.4000,5,5,1,0,0,5,1,0.8000
4,192.0000,10,22,496.0606,-84.6520,0.1154,16,0.4000,0.7143,7,7,6,0,0,7,6,0.1429
4,192.0000,10,23,250.8712,-77.2947,-0.0826,31,0.7750,0.3333,6,7,3,0,0,7,3,0.5714
4,192.0000,10,24,967.1596,-88.5176,-0.1138,5,0.1250,,0,2,2,0,0,2,2,0.0000
4,192.0000,10,26,637.1417,-85.8402,0.4017,4,0.1000,1.0000,8,8,7,0,0,8,7,0.1250
4,192.0000,10,28,525.9098,-82.8136,-1.8335,16,0.4000,0.8571,7,8,8,0,0,8,8,0.0000
4,192.0000,10,29,970.6783,-87.2597,0.8134,4,0.1000,1.0000,6,6,6,0,0,6,6,0.0000
4,192.0000,10,30,546.6634,-83.4285,-0.9909,13,0.3250,1.0000,8,8,8,0,0,8,8,0.0000
4,192.0000,10,31,382.0746,-79.9177,-0.7125,18,0.4500,0.8571,7,7,6,0,0,7,6,0.1429
4,192.0000,10,33,470.4227,-84.5556,-0.0258,11,0.2750,1.0000,8,7,5,0,0,7,5,0.2857
4,192.0000,10,35,828.4205,-89.1335,0.4748,7,0.1750,1.0000,8,6,6,0,0,6,6,0.0000
4,192.0000,10,37,366.4429,-80.0972,-0.5797,28,0.7000,0.4000,5,7,4,0,0,7,4,0.4286
4,192.0000,10,38,420.4836,-83.0635,-0.6112,17,0.4250,0.8571,7,5,2,0,0,5,2,0.6000
4,192.0000,10,39,679.6333,-85.5510,-1.2559,8,0.2000,1.0000,8,8,7,0,0,8,7,0.1250
4,192.0000,10,41,279.4691,-78.6754,0.8377,24,0.6000,0.2000,5,6,2,0,0,6,2,0.6667
4,192.0000,10,43,348.0355,-80.7175,0.7909,19,0.4750,0.8571,7,8,7,21,12,29,19,0.3448
4,192.0000,10,44,857.3119,-86.8026,-1.5310,5,0.1250,1.0000,8,8,8,0,0,8,8,0.0000
4,192.0000,10,46,394.2215,-80.1922,-0.6440,26,0.6500,0.8571,7,6,3,0,0,6,3,0.5000
4,192.0000,10,47,339.2714,-79.5529,-0.1685,24,0.6000,0.7143,7,7,4,0,0,7,4,0.4286
4,192.0000,11,2,768.9197,-86.2120,0.5905,7,0.1795,1.0000,8,8,8,0,0,8,8,0.0000
4,192.0000,11,3,602.5753,-85.9329,-0.0314,6,0.1538,1.0000,8,8,8,0,0,8,8,0.0000
4,192.0000,11,4,440.6730,-82.6508,-0.5573,21,0.5385,0.7143,7,8,7,0,0,8,7,0.1250
4,192.0000,11,6,400.2349,-82.9752,1.4654,18,0.4615,0.7143,7,6,3,0,0,6,3,0.5000
4,192.0000,11,14,314.4851,-79.7688,-0.3684,30,0.7692,0.5000,6,7,6,0,0,7,6,0.1429
4,192.0000,11,15,712.8361,-86.2575,0.5008,6,0.1538,0.8571,7,8,8,0,0,8,8,0.0000
4,192.0000,11,17,320.9862,-80.0952,1.0875,32,0.8205,0.2000,5,5,2,0,0,5,2,0.6000
4,192.0000,11,20,894.5134,-87.5953,-0.5449,4,0.1026,1.0000,8,7,6,0,0,7,6,0.1429
4,192.0000,11,23,886.1869,-88.1616,-0.3279,4,0.1026,1.0000,8,8,8,0,0,8,8,0.0000
4,192.0000,11,33,648.8739,-87.6126,-0.3874,5,0.1282,0.8750,8,8,8,0,0,8,8,0.0000
4,192.0000,11,35,90.3111,-65.1126,-2.0882,36,0.9231,0.0000,4,5,1,0,0,5,1,0.8000
4,192.0000,11,37,600.9945,-85.8038,1.6466,7,0.1795,1.0000,8,8,7,0,0,8,7,0.1250
4,192.0000,11,38,434.9296,-84.1782,1.1112,11,0.2821,0.6667,6,5,2,0,0,5,2,0.6000
4,192.0000,11,42,946.6451,-88.6773,0.6643,3,0.0769,1.0000,2,8,8,0,0,8,8,0.0000
4,192.0000,11,46,1053.3768,-89.6046,-0.5270,3,0.0769,1.0000,6,6,6,0,0,6,6,0.0000
4,192.0000,11,47,511.1896,-84.2676,0.2319,12,0.3077,1.0000,8,7,6,0,0,7,6,0.1429
4,192.0000,12,0,611.1412,-83.8379,0.0229,20,0.5000,0.5000,6,8,8,0,0,8,8,0.0000
4,192.0000,12,1,856.4427,-85.7705,-0.5170,9,0.2250,1.0000,2,8,8,0,0,8,8,0.0000
4,192.0000,12,5,776.2543,-85.3161,-1.0977,5,0.1250,0.8571,7,7,6,0,0,7,6,0.1429
4,192.0000,12,9,686.7716,-85.1159,-1.1763,8,0.2000,1.0000,8,8,8,0,0,8,8,0.0000
4,192.0000,12,13,636.9876,-86.4559,0.3117,4,0.1000,1.0000,8,7,6,0,0,7,6,0.1429
4,192.0000,12,18,638.1117,-83.8879,-0.9176,19,0.4750,0.9375,16,6,6,0,0,6,6,0.0000
4,192.0000,12,19,463.2909,-82.9557,-0.6997,13,0.3250,0.8571,7,6,3,0,0,6,3,0.5000
4,192.0000,12,21,397.3130,-79.8637,-0.9754,32,0.8000,0.2000,5,7,6,0,0,7,6,0.1429
4,192.0000,12,25,945.2326,-87.1096,-0.4493,5,0.1250,1.0000,6,6,6,0,0,6,6,0.0000
4,192.0000,12,26,479.2663,-82.4501,0.7635,12,0.3000,0.8750,8,8,8,0,0,8,8,0.0000
4,192.0000,12,28,517.5669,-84.4426,0.9002,10,0.2500,0.8750,8,6,6,0,0,6,6,0.0000
4,192.0000,12,30,522.2626,-84.5131,0.2811,11,0.2750,1.0000,8,6,3,0,0,6,3,0.5000
4,192.0000,12,31,653.4777,-85.7525,-0.2247,5,0.1250,0.8750,8,8,8,0,0,8,8,0.0000
4,192.0000,12,32,876.4858,-88.8677,0.8598,4,0.1000,1.0000,8,8,8,0,0,8,8,0.0000
4,192.0000,12,34,527.2493,-83.6459,-0.1918,17,0.4250,1.0000,8,7,5,0,0,7,5,0.2857
4,192.0000,12,36,772.8927,-86.8496,0.1066,8,0.2000,0.8750,8,8,8,0,0,8,8,0.0000
4,192.0000,12,39,630.0213,-86.4524,0.6756,3,0.0750,1.0000,8,8,8,0,0,8,8,0.0000
4,192.0000,12,40,304.3564,-77.8309,-0.5902,31,0.7750,0.5000,6,7,6,0,0,7,6,0.1429
4,192.0000,12,44,160.1788,-77.4474,1.8074,29,0.7250,0.0000,4,5,2,0,0,5,2,0.6000
4,192.0000,12,45,678.6931,-84.9159,-0.9853,20,0.5000,0.2000,5,5,4,0,0,5,4,0.2000
4,192.0000,13,3,697.7223,-87.6589,0.4604,5,0.1220,1.0000,8,8,8,0,0,8,8,0.0000
4,192.0000,13,5,915.0541,-86.8451,-0.5703,4,0.0976,1.0000,6,4,4,0,0,4,4,0.0000
4,192.0000,13,6,1071.0591,-88.3824,0.4522,4,0.0976,1.0000,4,2,2,0,0,2,2,0.0000
4,192.0000,13,7,979.1355,-88.8484,-0.0234,3,0.0732,1.0000,8,6,6,0,0,6,6,0.0000
4,192.0000,13,8,751.2924,-87.3818,0.8298,9,0.2195,1.0000,8,10,10,0,0,10,10,0.0000
4,192.0000,13,9,850.8117,-87.5152,-0.8817,8,0.1951,1.0000,6,6,6,0,0,6,6,0.0000
4,192.0000,13,10,431.4855,-81.0909,-0.7204,16,0.3902,0.8750,8,6,4,0,0,6,4,0.3333
4,192.0000,13,12,636.9876,-86.4582,0.1553,11,0.2683,1.0000,8,8,7,0,0,8,7,0.1250
4,192.0000,13,15,461.2808,-83.9781,0.8228,15,0.3659,0.8750,8,6,4,0,0,6,4,0.3333
4,192.0000,13,16,822.4083,-87.8118,1.9864,5,0.1220,1.0000,6,6,6,0,0,6,6,0.0000
4,192.0000,13,19,635.9701,-86.4730,0.4725,10,0.2439,1.0000,8,8,6,0,0,8,6,0.2500
4,192.0000,13,20,561.1598,-84.9014,0.8367,12,0.2927,1.0000,8,8,8,0,0,8,8,0.0000
4,192.0000,13,21,1033.2390,-88.2472,-0.7034,4,0.0976,,0,2,2,0,0,2,2,0.0000
4,192.0000,13,22,861.4476,-87.8923,-0.6482,6,0.1463,1.0000,4,4,4,0,0,4,4,0.0000
4,192.0000,13,23,484.6674,-83.9616,-0.0001,13,0.3171,0.4000,5,8,8,0,0,8,8,0.0000
4,192.0000,13,26,414.4231,-82.0400,0.0921,17,0.4146,0.6667,6,8,7,0,0,8,7,0.1250
4,192.0000,13,28,129.0940,-69.8915,-0.4861,38,0.9268,0.0000,4,4,0,0,0,4,0,1.0000
4,192.0000,13,29,939.2918,-87.8520,0.6394,6,0.1463,1.0000,6,2,2,0,0,2,2,0.0000
4,192.0000,13,30,178.2065,-73.2191,-0.5315,37,0.9024,0.0000,4,6,3,0,0,6,3,0.5000
4,192.0000,13,31,134.4698,-71.4999,0.1138,38,0.9268,0.2000,5,5,2,0,0,5,2,0.6000
4,192.0000,13,33,899.5311,-88.8085,-0.1835,6,0.1463,1.0000,8,8,8,0,0,8,8,0.0000
4,192.0000,13,34,813.8196,-87.9186,-0.3959,5,0.1220,1.0000,8,7,6,0,0,7,6,0.1429
4,192.0000,13,37,559.0467,-84.3394,-0.3416,15,0.3659,0.8571,7,8,8,0,0,8,8,0.0000
4,192.0000,13,38,814.4171,-86.8009,0.5673,8,0.1951,1.0000,8,8,8,0,0,8,8,0.0000
4,192.0000,13,39,539.3341,-85.7345,-0.0251,14,0.3415,0.7143,7,7,6,0,0,7,6,0.1429
4,192.0000,13,40,690.6911,-85.3623,-0.8885,10,0.2439,1.0000,8,8,8,0,0,8,8,0.0000
4,192.0000,13,41,443.3289,-83.6379,0.4765,15,0.3659,1.0000,8,8,7,0,0,8,7,0.1250
4,192.0000,13,43,481.0423,-83.7648,-0.4746,12,0.2927,0.8750,8,7,6,0,0,7,6,0.1429
4,192.0000,13,44,482.6959,-81.6674,-0.7038,22,0.5366,0.8571,7,6,3,0,0,6,3,0.5000
4,192.0000,13,46,113.9258,-73.4519,0.9801,33,0.8049,0.2000,5,4,0,0,0,4,0,1.0000
4,192.0000,13,47,641.5197,-86.0530,-0.0383,8,0.1951,0.8571,7,8,8,0,0,8,8,0.0000
4,192.0000,14,2,541.8522,-84.0458,-0.4924,14,0.3500,1.0000,8,7,6,0,0,7,6,0.1429
4,192.0000,14,3,507.1387,-84.4969,0.5445,6,0.1500,1.0000,8,8,8,0,0,8,8,0.0000
4,192.0000,14,4,457.9486,-82.4359,0.2334,22,0.5500,0.7500,8,7,6,0,0,7,6,0.1429
4,192.0000,14,6,108.6726,-74.7409,1.9168,33,0.8250,0.4000,5,5,1,0,0,5,1,0.8000
4,192.0000,14,11,314.4851,-79.4554,-0.6322,32,0.8000,0.3333,6,5,2,0,0,5,2,0.6000
4,192.0000,14,15,673.7745,-84.8237,-0.3168,7,0.1750,1.0000,8,7,6,0,0,7,6,0.1429
4,192.0000,14,17,483.0191,-82.4750,0.1085,23,0.5750,0.7778,9,6,6,0,0,6,6,0.0000
4,192.0000,14,20,779.0748,-87.2492,0.1336,3,0.0750,1.0000,8,10,10,0,0,10,10,0.0000
4,192.0000,14,24,494.9256,-83.3201,0.4914,18,0.4500,0.8571,7,7,6,0,0,7,6,0.1429
4,192.0000,14,33,450.6983,-83.2661,1.2951,10,0.2500,0.7143,7,6,4,0,0,6,4,0.3333
4,192.0000,14,35,377.7469,-79.8100,-0.8825,31,0.7750,0.2000,5,5,1,0,0,5,1,0.8000
4,192.0000,14,37,653.4964,-84.4620,-0.0643,5,0.1250,1.0000,8,7,6,0,0,7,6,0.1429
4,192.0000,14,38,342.3479,-80.6460,0.2702,19,0.4750,0.8750,8,7,6,0,0,7,6,0.1429
4,192.0000,14,42,697.5984,-88.0018,0.0245,4,0.1000,1.0000,8,7,6,0,0,7,6,0.1429
4,192.0000,14,47,522.0712,-83.9820,0.1475,7,0.1750,0.6667,6,8,7,0,0,8,7,0.1250
4,192.0000,15,2,816.3734,-86.8978,-0.8543,9,0.2308,1.0000,8,6,6,0,0,6,6,0.0000
4,192.0000,15,3,311.2415,-78.4641,0.0531,26,0.6667,0.8571,7,6,4,0,0,6,4,0.3333
4,192.0000,15,4,609.2603,-84.5775,-0.4450,14,0.3590,0.6667,6,10,10,0,0,10,10,0.0000
4,192.0000,15,6,616.5462,-84.4677,-0.2524,18,0.4615,0.8571,7,8,8,0,0,8,8,0.0000
4,192.0000,15,7,807.3709,-86.7896,0.2931,6,0.1538,1.0000,8,8,8,0,0,8,8,0.0000
4,192.0000,15,8,709.9800,-86.1298,-0.7556,9,0.2308,1.0000,8,8,8,0,0,8,8,0.0000
4,192.0000,15,9,1127.3728,-88.1476,-0.4112,3,0.0769,1.0000,6,4,4,0,0,4,4,0.0000
4,192.0000,15,10,203.3963,-77.0900,0.8616,26,0.6667,0.3333,6,6,3,0,0,6,3,0.5000
4,192.0000,15,11,712.8361,-86.4706,0.7015,11,0.2821,1.0000,8,8,7,2,2,10,9,0.1000
4,192.0000,15,13,461.2808,-84.3937,-0.6005,12,0.3077,0.8571,7,6,4,0,0,6,4,0.3333
4,192.0000,15,14,673.7745,-85.6806,-0.2797,12,0.3077,1.0000,8,7,6,0,0,7,6,0.1429
4,192.0000,15,16,606.9912,-84.4980,0.1981,11,0.2821,0.8571,7,7,6,0,0,7,6,0.1429
4,192.0000,15,17,828.8179,-86.3300,-0.2080,16,0.4103,0.8750,8,8,8,0,0,8,8,0.0000
4,192.0000,15,20,381.1994,-81.5809,0.4241,14,0.3590,0.7500,8,7,5,0,0,7,5,0.2857
4,192.0000,15,22,659.9774,-85.8017,0.4737,12,0.3077,1.0000,6,8,6,0,0,8,6,0.2500
4,192.0000,15,23,398.9721,-83.1327,0.1176,16,0.4103,1.0000,8,7,6,0,0,7,6,0.1429
4,192.0000,15,24,973.4295,-87.8563,0.6448,7,0.1795,,0,4,4,0,0,4,4,0.0000
4,192.0000,15,26,755.0545,-86.2700,1.4911,5,0.1282,0.8571,7,8,8,0,0,8,8,0.0000
4,192.0000,15,28,577.6738,-84.1117,-0.3131,14,0.3590,0.8750,8,6,5,0,0,6,5,0.1667
4,192.0000,15,30,602.8773,-84.1767,-1.3446,11,0.2821,0.8571,7,8,7,0,0,8,7,0.1250
4,192.0000,15,31,451.0093,-83.3758,-0.0913,16,0.4103,0.8571,7,8,7,0,0,8,7,0.1250
4,192.0000,15,33,523.2002,-83.9063,-0.4347,16,0.4103,0.8571,7,8,8,0,0,8,8,0.0000
4,192.0000,15,35,703.9587,-86.4778,-0.7686,10,0.2564,1.0000,8,7,6,0,0,7,6,0.1429
4,192.0000,15,37,205.8194,-72.6792,-1.5280,34,0.8718,0.0000,4,6,3,0,0,6,3,0.5000
4,192.0000,15,38,371.7320,-79.3879,-1.5521,29,0.7436,0.4286,7,8,8,0,0,8,8,0.0000
4,192.0000,15,39,795.9080,-87.3884,0.2377,6,0.1538,1.0000,8,8,8,0,0,8,8,0.0000
4,192.0000,15,41,455.3679,-83.4909,0.1441,9,0.2308,0.7143,7,6,3,0,0,6,3,0.5000
4,192.0000,15,42,1031.8373,-89.4952,0.5589,3,0.0769,0.5000,2,4,4,0,0,4,4,0.0000
4,192.0000,15,43,532.5446,-84.0849,2.0889,9,0.2308,1.0000,8,7,5,0,0,7,5,0.2857
4,192.0000,15,44,934.7357,-87.8597,-0.0856,4,0.1026,,0,6,6,0,0,6,6,0.0000
4,192.0000,15,46,387.1251,-81.9006,0.4592,19,0.4872,0.6667,6,5,2,0,0,5,2,0.6000
4,192.0000,15,47,208.5876,-69.9294,-3.6863,35,0.8974,0.0000,4,5,1,0,0,5,1,0.8000
4,192.0000,16,2,496.2424,-84.8801,-0.3784,18,0.4500,0.8750,8,7,6,13,10,20,16,0.2000
4,192.0000,16,3,447.0373,-81.5165,-0.4957,18,0.4500,0.3333,6,8,8,0,0,8,8,0.0000
4,192.0000,16,4,715.8955,-88.0162,0.5589,5,0.1250,0.8571,7,7,5,0,0,7,5,0.2857
4,192.0000,16,6,677.5434,-86.5601,-0.2962,11,0.2750,0.8571,7,8,7,0,0,8,7,0.1250
4,192.0000,16,7,306.7283,-79.3911,-0.2990,30,0.7500,0.4000,5,4,0,0,0,4,0,1.0000
4,192.0000,16,8,297.9658,-76.8725,-0.3458,26,0.6500,0.4000,5,6,3,0,0,6,3,0.5000
4,192.0000,16,9,950.1234,-87.7347,0.7598,6,0.1500,1.0000,4,8,8,0,0,8,8,0.0000
4,192.0000,16,10,474.7382,-82.7510,-0.8062,12,0.3000,0.8750,8,7,6,0,0,7,6,0.1429
4,192.0000,16,11,990.0234,-88.6563,-0.3258,7,0.1750,1.0000,4,8,8,0,0,8,8,0.0000
4,192.0000,16,13,822.4083,-87.6990,-1.1946,6,0.1500,1.0000,8,8,8,0,0,8,8,0.0000
4,192.0000,16,14,780.8346,-87.9008,-1.0333,6,0.1500,1.0000,8,8,8,0,0,8,8,0.0000
4,192.0000,16,15,606.9912,-84.8598,-0.6595,12,0.3000,1.0000,8,7,6,0,0,7,6,0.1429
4,192.0000,16,19,993.5958,-88.2665,-0.1783,3,0.0750,1.0000,6,2,2,0,0,2,2,0.0000
4,192.0000,16,20,312.5914,-76.5882,-1.5781,25,0.6250,0.4286,7,8,8,126,119,134,127,0.0522
4,192.0000,16,22,246.3557,-77.7195,0.4639,32,0.8000,0.5000,6,6,2,0,0,6,2,0.6667
4,192.0000,16,23,596.6153,-84.6260,0.8344,9,0.2250,0.6667,6,8,8,0,0,8,8,0.0000
4,192.0000,16,26,805.0788,-86.9720,-1.0126,6,0.1500,1.0000,8,8,8,0,0,8,8,0.0000
4,192.0000,16,29,819.1725,-87.6512,0.0134,5,0.1250,1.0000,8,10,10,0,0,10,10,0.0000
4,192.0000,16,31,714.4816,-87.5235,-1.2831,3,0.0750,0.9701,67,8,8,18,18,26,26,0.0000
4,192.0000,16,33,358.2288,-80.1393,0.2729,26,0.6500,0.8571,7,4,2,0,0,4,2,0.5000
4,192.0000,16,37,778.1197,-85.8558,-0.5951,9,0.2250,1.0000,8,8,8,0,0,8,8,0.0000
4,192.0000,16,38,572.6783,-83.8449,-1.1027,14,0.3500,0.9775,89,8,8,0,0,8,8,0.0000
4,192.0000,16,39,742.4844,-85.6914,-0.0311,4,0.1000,0.8750,8,8,8,0,0,8,8,0.0000
4,192.0000,16,41,408.4963,-80.8858,-1.8918,15,0.3750,0.4000,5,6,4,0,0,6,4,0.3333
4,192.0000,16,42,630.7528,-86.5418,1.0140,11,0.2750,1.0000,4,5,4,0,0,5,4,0.2000
4,192.0000,16,43,427.9568,-80.6248,-0.4928,14,0.3500,0.7500,8,7,5,0,0,7,5,0.2857
4,192.0000,16,46,827.8310,-87.8849,-0.1803,7,0.1750,1.0000,8,6,6,0,0,6,6,0.0000
4,192.0000,16,47,679.5720,-84.8600,-0.7351,8,0.2000,0.8571,7,8,7,0,0,8,7,0.1250
4,192.0000,17,2,702.6355,-86.1988,0.2334,5,0.1250,1.0000,6,10,10,0,0,10,10,0.0000
4,192.0000,17,3,631.8005,-85.3843,0.6414,5,0.1250,1.0000,8,8,8,0,0,8,8,0.0000
4,192.0000,17,4,304.4849,-78.7377,-0.1200,33,0.8250,0.4000,5,6,4,0,0,6,4,0.3333
4,192.0000,17,6,543.5311,-85.4538,-0.0035,7,0.1750,1.0000,8,7,6,0,0,7,6,0.1429
4,192.0000,17,11,320.9862,-79.7986,-0.2698,28,0.7000,0.5000,6,4,0,0,0,4,0,1.0000
4,192.0000,17,14,483.0191,-82.3771,-0.2160,15,0.3750,0.7143,7,8,6,0,0,8,6,0.2500
4,192.0000,17,15,828.8179,-86.7620,-1.1059,3,0.0750,1.0000,8,8,8,0,0,8,8,0.0000
4,192.0000,17,23,852.8825,-86.9010,0.1589,4,0.1000,1.0000,6,7,6,0,0,7,6,0.1429
4,192.0000,17,24,811.9650,-85.7685,-0.4441,4,0.1000,1.0000,4,7,6,0,0,7,6,0.1429
4,192.0000,17,33,653.5202,-86.0409,1.8202,5,0.1250,1.0000,8,8,8,0,0,8,8,0.0000
4,192.0000,17,35,382.5164,-80.6062,-0.1867,24,0.6000,0.7143,7,7,5,0,0,7,5,0.2857
4,192.0000,17,37,729.9810,-87.3094,1.4357,4,0.1000,0.8571,7,7,6,0,0,7,6,0.1429
4,192.0000,17,38,519.2535,-84.0123,-2.2495,6,0.1500,0.8571,7,7,6,0,0,7,6,0.1429
4,192.0000,17,42,876.1127,-86.5915,1.0903,3,0.0750,1.0000,4,8,7,0,0,8,7,0.1250
4,192.0000,17,47,631.9982,-85.8328,0.5910,4,0.1000,1.0000,8,9,8,0,0,9,8,0.1111
4,192.0000,18,0,577.5184,-84.3095,-0.0987,18,0.4500,0.7143,7,10,9,0,0,10,9,0.1000
4,192.0000,18,1,331.1522,-79.7153,0.2332,27,0.6750,0.6667,6,8,6,0,0,8,6,0.2500
4,192.0000,18,5,582.8263,-83.4773,-1.5495,11,0.2750,0.8571,7,7,6,0,0,7,6,0.1429
4,192.0000,18,9,640.2193,-85.3400,1.0708,6,0.1500,0.8571,7,8,8,0,0,8,8,0.0000
4,192.0000,18,12,638.1117,-84.3895,-1.1369,8,0.2000,0.5714,7,7,6,0,0,7,6,0.1429
4,192.0000,18,19,519.3813,-83.1157,-1.4982,10,0.2500,0.6667,6,8,8,0,0,8,8,0.0000
4,192.0000,18,21,598.4323,-84.6203,-0.3335,14,0.3500,1.0000,8,7,6,0,0,7,6,0.1429
4,192.0000,18,25,522.7223,-83.9718,-0.2547,17,0.4250,0.8400,25,6,2,0,0,6,2,0.6667
4,192.0000,18,26,775.0102,-85.3353,-0.7320,3,0.0750,1.0000,8,8,8,0,0,8,8,0.0000
4,192.0000,18,27,505.7118,-83.9551,0.0069,19,0.4750,0.6364,11,8,7,0,0,8,7,0.1250
4,192.0000,18,29,823.9697,-87.6309,-0.6492,7,0.1750,1.0000,8,6,6,0,0,6,6,0.0000
4,192.0000,18,32,468.7458,-83.4354,0.7064,13,0.3250,0.7500,8,7,5,0,0,7,5,0.2857
4,192.0000,18,34,349.4267,-77.6433,-1.8056,19,0.4750,0.5000,4,9,7,0,0,9,7,0.2222
4,192.0000,18,36,262.5514,-79.2000,1.0953,26,0.6500,0.5000,6,4,0,0,0,4,0,1.0000
4,192.0000,18,39,760.9878,-87.2968,-0.0129,4,0.1000,0.8750,8,8,8,0,0,8,8,0.0000
4,192.0000,18,40,545.2346,-84.3952,-0.4442,9,0.2250,0.8571,7,10,10,0,0,10,10,0.0000
4,192.0000,18,44,694.9091,-87.1524,0.2603,5,0.1250,0.8750,8,8,8,0,0,8,8,0.0000
4,192.0000,18,45,685.4356,-85.1750,0.0774,14,0.3500,0.8571,7,8,8,0,0,8,8,0.0000
4,192.0000,19,0,873.3689,-87.2384,0.2212,8,0.2000,1.0000,4,8,8,0,0,8,8,0.0000
4,192.0000,19,1,649.7502,-85.7474,-0.1226,18,0.4500,0.2500,4,8,8,0,0,8,8,0.0000
4,192.0000,19,5,344.1674,-78.6791,-1.1546,27,0.6750,0.4000,5,6,3,0,0,6,3,0.5000
4,192.0000,19,8,797.4896,-87.2617,-0.5927,6,0.1500,1.0000,8,8,8,0,0,8,8,0.0000
4,192.0000,19,9,328.6464,-78.3253,-0.3295,27,0.6750,0.0000,4,7,5,0,0,7,5,0.2857
4,192.0000,19,10,886.4195,-88.5211,-0.2221,6,0.1500,1.0000,8,8,8,0,0,8,8,0.0000
4,192.0000,19,12,463.2909,-83.3464,0.6078,19,0.4750,0.8750,8,6,4,0,0,6,4,0.3333
4,192.0000,19,13,635.9701,-85.8016,0.0265,8,0.2000,1.0000,8,8,8,0,0,8,8,0.0000
4,192.0000,19,15,988.0308,-88.4361,0.2221,5,0.1250,1.0000,8,6,6,0,0,6,6,0.0000
4,192.0000,19,18,519.3813,-82.9760,-0.9767,21,0.5250,0.4000,5,8,7,0,0,8,7,0.1250
4,192.0000,19,21,717.6123,-86.2083,0.4425,12,0.3000,1.0000,6,7,5,0,0,7,5,0.2857
4,192.0000,19,25,640.7116,-85.6263,-0.0499,15,0.3750,1.0000,8,7,5,0,0,7,5,0.2857
4,192.0000,19,26,269.4533,-78.2361,-0.2313,25,0.6250,0.5714,7,8,8,0,0,8,8,0.0000
4,192.0000,19,27,852.0814,-86.9907,0.2165,10,0.2500,1.0000,4,4,4,0,0,4,4,0.0000
4,192.0000,19,28,520.0349,-84.5869,0.5126,11,0.2750,0.8571,7,7,5,0,0,7,5,0.2857
4,192.0000,19,29,503.2728,-82.6179,-0.2797,21,0.5250,0.4000,5,7,5,0,0,7,5,0.2857
4,192.0000,19,30,633.6169,-87.4813,-0.2495,7,0.1750,1.0000,8,8,8,0,0,8,8,0.0000
4,192.0000,19,31,562.3560,-85.4219,-0.6020,11,0.2750,1.0000,8,8,7,0,0,8,7,0.1250
4,192.0000,19,32,563.0423,-83.9022,0.3294,18,0.4500,1.0000,8,6,6,0,0,6,6,0.0000
4,192.0000,19,34,187.1665,-76.2138,0.6338,32,0.8000,0.1667,6,4,1,0,0,4,1,0.7500
4,192.0000,19,36,665.5417,-84.6126,-0.6856,18,0.4500,0.8571,7,8,8,0,0,8,8,0.0000
4,192.0000,19,39,253.0604,-78.1757,1.0130,24,0.6000,0.3333,6,6,2,0,0,6,2,0.6667
4,192.0000,19,40,271.2528,-79.8132,0.2490,27,0.6750,0.8571,7,5,1,0,0,5,1,0.8000
4,192.0000,19,41,669.0250,-86.7061,-0.3005,7,0.1750,0.8571,7,8,8,0,0,8,8,0.0000
4,192.0000,19,43,644.1958,-84.8760,-0.4544,12,0.3000,0.8750,8,8,8,0,0,8,8,0.0000
4,192.0000,19,44,394.6517,-83.6412,0.1287,17,0.4250,0.6667,6,7,5,0,0,7,5,0.2857
4,192.0000,19,45,966.6880,-87.8027,0.0029,7,0.1750,1.0000,2,4,4,0,0,4,4,0.0000
4,192.0000,19,46,748.3019,-86.8546,0.7428,4,0.1000,1.0000,6,7,6,0,0,7,6,0.1429
4,192.0000,19,47,1190.0131,-89.5639,-0.0791,3,0.0750,1.0000,4,6,6,0,0,6,6,0.0000
4,192.0000,20,2,639.0255,-84.8493,-0.5245,15,0.3750,0.6667,6,6,6,0,0,6,6,0.0000
4,192.0000,20,3,292.7688,-78.6486,-0.5299,27,0.6750,0.6667,6,8,7,0,0,8,7,0.1250
4,192.0000,20,4,603.3929,-85.6134,0.4757,12,0.3000,1.0000,6,8,6,0,0,8,6,0.2500
4,192.0000,20,6,694.0962,-86.0579,0.6208,10,0.2500,1.0000,8,7,6,0,0,7,6,0.1429
4,192.0000,20,7,579.4215,-82.9862,-0.7927,19,0.4750,0.8571,7,7,5,0,0,7,5,0.2857
4,192.0000,20,8,349.8629,-78.2523,-1.3174,36,0.9000,0.4000,5,7,4,0,0,7,4,0.4286
4,192.0000,20,9,913.6123,-86.9091,-0.2901,5,0.1250,1.0000,6,6,6,0,0,6,6,0.0000
4,192.0000,20,10,194.7061,-77.7350,0.9542,30,0.7500,0.4000,5,4,0,21,8,25,8,0.6800
4,192.0000,20,11,894.5134,-87.8695,-0.3210,5,0.1250,1.0000,8,8,8,0,0,8,8,0.0000
4,192.0000,20,13,561.1598,-85.6297,1.1264,11,0.2750,0.6667,6,7,6,0,0,7,6,0.1429
4,192.0000,20,14,779.0748,-87.6347,0.6786,9,0.2250,1.0000,10,7,6,0,0,7,6,0.1429
4,192.0000,20,15,381.1994,-82.0721,0.1866,20,0.5000,0.5714,7,6,4,0,0,6,4,0.3333
4,192.0000,20,16,312.5914,-76.5223,-1.3686,34,0.8500,0.5000,6,8,8,22,16,30,24,0.2000
4,192.0000,20,17,899.2329,-87.9175,0.0936,4,0.1000,,0,4,4,0,0,4,4,0.0000
4,192.0000,20,19,886.0297,-88.2353,-0.3056,4,0.1000,1.0000,4,4,3,0,0,4,3,0.2500
4,192.0000,20,22,312.0986,-79.5751,-0.0467,34,0.8500,0.0000,4,5,2,0,0,5,2,0.6000
4,192.0000,20,23,292.5666,-79.4064,0.3121,27,0.6750,0.8571,7,5,2,0,0,5,2,0.6000
4,192.0000,20,26,644.4907,-87.3150,-0.0053,4,0.1000,1.0000,8,8,8,0,0,8,8,0.0000
4,192.0000,20,28,626.2761,-86.0803,0.0206,11,0.2750,1.0000,8,7,6,0,0,7,6,0.1429
4,192.0000,20,29,880.2381,-87.9089,-0.2270,4,0.1000,1.0000,8,4,4,0,0,4,4,0.0000
4,192.0000,20,30,654.6029,-85.7240,-0.0553,7,0.1750,1.0000,8,8,8,0,0,8,8,0.0000
4,192.0000,20,31,477.9970,-83.6645,0.0618,15,0.3750,0.7143,7,8,6,0,0,8,6,0.2500
4,192.0000,20,33,396.8031,-81.1159,0.2631,25,0.6250,0.6667,6,6,4,0,0,6,4,0.3333
4,192.0000,20,35,920.7935,-87.6100,1.1458,5,0.1250,1.0000,4,7,6,0,0,7,6,0.1429
4,192.0000,20,37,541.6417,-84.0883,-0.0123,18,0.4500,1.0000,8,7,5,0,0,7,5,0.2857
4,192.0000,20,38,467.6094,-82.8159,-0.9609,19,0.4750,0.6667,6,8,7,0,0,8,7,0.1250
4,192.0000,20,39,657.2994,-85.6970,-0.3311,9,0.2250,0.8750,8,8,7,0,0,8,7,0.1250
4,192.0000,20,41,217.1198,-77.1650,0.9896,28,0.7000,0.6500,20,5,1,0,0,5,1,0.8000
4,192.0000,20,42,835.4754,-87.3834,0.8839,8,0.2000,1.0000,2,8,8,0,0,8,8,0.0000
4,192.0000,20,43,259.9773,-79.9977,0.5291,24,0.6000,0.7705,122,4,0,88,50,92,50,0.4565
4,192.0000,20,44,915.7044,-87.2909,-0.2966,4,0.1000,,0,10,10,18,18,28,28,0.0000
4,192.0000,20,46,552.9377,-85.7916,1.0420,15,0.3750,0.3333,6,7,6,0,0,7,6,0.1429
4,192.0000,20,47,478.4968,-83.9030,0.1974,17,0.4250,0.6667,6,8,8,6,6,14,14,0.0000
4,192.0000,21,0,282.8236,-79.3226,0.7671,31,0.7750,0.6667,6,5,1,0,0,5,1,0.8000
4,192.0000,21,1,773.8197,-87.4903,-0.3129,7,0.1750,1.0000,8,8,8,0,0,8,8,0.0000
4,192.0000,21,5,934.8548,-88.3881,-0.6941,3,0.0750,1.0000,8,8,8,0,0,8,8,0.0000
4,192.0000,21,9,847.5011,-88.5548,0.6706,3,0.0750,1.0000,8,8,8,0,0,8,8,0.0000
4,192.0000,21,12,397.3130,-79.3128,-0.5441,24,0.6000,0.3333,6,8,7,0,0,8,7,0.1250
4,192.0000,21,18,598.4323,-84.5386,0.5378,9,0.2250,1.0000,8,8,8,0,0,8,8,0.0000
4,192.0000,21,19,717.6123,-86.3529,1.1504,3,0.0750,1.0000,8,7,6,0,0,7,6,0.1429
4,192.0000,21,25,932.0575,-87.7617,0.6358,5,0.1250,1.0000,8,8,8,0,0,8,8,0.0000
4,192.0000,21,27,822.3497,-86.2892,0.0983,5,0.1250,1.0000,8,8,8,0,0,8,8,0.0000
4,192.0000,21,34,680.6692,-84.8872,-1.4378,8,0.2000,1.0000,8,8,8,0,0,8,8,0.0000
4,192.0000,21,36,631.3849,-85.6542,-0.1060,8,0.2000,0.8571,7,7,6,0,0,7,6,0.1429
4,192.0000,21,40,508.1212,-84.0381,1.3399,7,0.1750,0.5000,6,7,6,0,0,7,6,0.1429
4,192.0000,21,44,554.9158,-83.7119,0.0663,9,0.2250,1.0000,8,7,6,0,0,7,6,0.1429
4,192.0000,21,45,307.4113,-78.8225,-0.1738,36,0.9000,0.2000,5,5,2,0,0,5,2,0.6000
4,192.0000,22,2,453.6275,-82.7693,0.1497,21,0.5250,0.8750,8,8,7,0,0,8,7,0.1250
4,192.0000,22,3,434.2349,-82.7184,0.1527,16,0.4000,0.6250,8,5,2,0,0,5,2,0.6000
4,192.0000,22,4,609.2540,-85.7693,-0.2871,8,0.2000,0.8333,6,7,6,0,0,7,6,0.1429
4,192.0000,22,6,723.6903,-85.4205,0.0490,9,0.2250,1.0000,8,8,8,0,0,8,8,0.0000
4,192.0000,22,7,531.3609,-82.6336,-0.0510,16,0.4000,0.8571,7,6,4,0,0,6,4,0.3333
4,192.0000,22,8,315.7855,-78.7621,-0.3197,28,0.7000,0.7143,7,6,3,0,0,6,3,0.5000
4,192.0000,22,9,1012.6934,-86.2536,0.1099,5,0.1250,1.0000,4,6,6,0,0,6,6,0.0000
4,192.0000,22,10,496.0606,-84.4435,0.6767,9,0.2250,1.0000,8,7,6,0,0,7,6,0.1429
4,192.0000,22,11,972.2010,-88.0152,-0.2452,6,0.1500,,0,6,6,0,0,6,6,0.0000
4,192.0000,22,15,659.9774,-86.4795,0.1644,3,0.0750,1.0000,8,8,8,0,0,8,8,0.0000
4,192.0000,22,16,246.3557,-77.5539,0.3244,30,0.7500,0.5000,6,6,3,0,0,6,3,0.5000
4,192.0000,22,20,312.0986,-79.0217,-0.1933,21,0.5250,0.5000,6,7,6,0,0,7,6,0.1429
4,192.0000,22,23,508.3939,-83.4905,-0.4926,12,0.3000,0.8571,7,7,6,0,0,7,6,0.1429
4,192.0000,22,24,765.3341,-86.5883,0.3526,6,0.1500,1.0000,8,6,6,0,0,6,6,0.0000
4,192.0000,22,31,770.2716,-86.6343,0.1911,5,0.1250,1.0000,8,8,8,0,0,8,8,0.0000
4,192.0000,22,33,363.0579,-81.3112,1.0701,20,0.5000,0.5000,6,7,5,1,0,8,5,0.3750
4,192.0000,22,37,793.4623,-87.6705,1.7273,5,0.1250,1.0000,6,4,4,0,0,4,4,0.0000
4,192.0000,22,38,578.0536,-85.2166,1.2679,9,0.2250,1.0000,8,7,5,0,0,7,5,0.2857
4,192.0000,22,39,842.6099,-87.2929,0.0094,5,0.1250,1.0000,8,8,8,0,0,8,8,0.0000
4,192.0000,22,41,458.3343,-82.3976,0.7806,12,0.3000,0.8750,8,8,8,0,0,8,8,0.0000
4,192.0000,22,42,609.5539,-86.1133,0.3404,15,0.3750,1.0000,8,6,4,0,0,6,4,0.3333
4,192.0000,22,43,453.4109,-83.3922,0.2467,11,0.2750,0.6667,6,5,3,0,0,5,3,0.4000
4,192.0000,22,47,693.2084,-86.9953,0.5824,6,0.1500,0.8333,6,6,3,0,0,6,3,0.5000
4,192.0000,23,2,813.1538,-87.1767,-0.3444,6,0.1500,1.0000,8,8,8,0,0,8,8,0.0000
4,192.0000,23,3,382.6871,-80.9339,-0.0158,15,0.3750,1.0000,8,8,7,0,0,8,7,0.1250
4,192.0000,23,4,581.0215,-85.1871,0.0987,10,0.2500,1.0000,8,8,7,0,0,8,7,0.1250
4,192.0000,23,5,1122.7592,-88.1197,0.9040,3,0.0750,1.0000,8,2,2,0,0,2,2,0.0000
4,192.0000,23,6,816.9181,-86.8850,0.0549,4,0.1000,1.0000,8,8,7,0,0,8,7,0.1250
4,192.0000,23,7,870.8917,-87.9382,-0.7725,3,0.0750,1.0000,8,8,8,0,0,8,8,0.0000
4,192.0000,23,8,564.6199,-82.4812,-1.3726,12,0.3000,0.8571,7,8,8,0,0,8,8,0.0000
4,192.0000,23,10,250.8712,-76.8348,0.3296,29,0.7250,0.4000,5,6,4,0,0,6,4,0.3333
4,192.0000,23,11,886.1869,-87.8015,0.5845,3,0.0750,0.6667,3,8,8,0,0,8,8,0.0000
4,192.0000,23,13,484.6674,-81.6440,0.0709,9,0.2250,1.0000,8,6,4,0,0,6,4,0.3333
4,192.0000,23,14,873.9076,-87.8252,-0.2121,5,0.1250,1.0000,4,6,6,0,0,6,6,0.0000
4,192.0000,23,15,398.9721,-81.9878,0.5590,12,0.3000,0.4000,5,8,5,0,0,8,5,0.3750
4,192.0000,23,16,596.6153,-84.3390,-0.6389,5,0.1250,0.7500,8,8,8,0,0,8,8,0.0000
4,192.0000,23,17,852.8825,-87.9451,-0.1871,5,0.1250,0.8000,5,4,4,0,0,4,4,0.0000
4,192.0000,23,20,292.5666,-79.0738,0.1042,15,0.3750,0.4000,5,5,1,56,45,61,46,0.2459
4,192.0000,23,22,508.3939,-84.7297,0.5182,13,0.3250,0.7143,7,8,8,10,10,18,18,0.0000
4,192.0000,23,26,672.8734,-86.0509,-0.6999,3,0.0750,1.0000,8,7,6,0,0,7,6,0.1429
4,192.0000,23,28,566.6674,-84.5355,-0.6932,7,0.1750,1.0000,8,7,6,0,0,7,6,0.1429
4,192.0000,23,30,519.1732,-82.2308,-0.0536,11,0.2750,1.0000,8,7,6,0,0,7,6,0.1429
4,192.0000,23,31,465.3068,-82.5836,0.3557,10,0.2500,1.0000,8,7,6,0,0,7,6,0.1429
4,192.0000,23,33,575.3069,-85.6265,-0.3216,7,0.1750,1.0000,8,7,5,0,0,7,5,0.2857
4,192.0000,23,37,467.1999,-82.7452,0.7618,15,0.3750,0.4000,5,7,6,0,0,7,6,0.1429
4,192.0000,23,38,534.4751,-83.7960,-0.0981,10,0.2500,0.6667,6,5,2,0,0,5,2,0.6000
4,192.0000,23,39,763.8493,-86.0615,-1.0637,4,0.1000,0.8750,8,7,6,0,0,7,6,0.1429
4,192.0000,23,40,951.9115,-87.7122,0.6616,3,0.0750,1.0000,8,8,8,0,0,8,8,0.0000
4,192.0000,23,41,373.5667,-80.6820,0.1535,16,0.4000,0.7500,8,7,5,0,0,7,5,0.2857
4,192.0000,23,43,395.1954,-81.3977,0.1036,10,0.2500,1.0000,8,7,6,0,0,7,6,0.1429
4,192.0000,23,44,845.9128,-86.5837,-0.5985,3,0.0750,1.0000,6,4,4,0,0,4,4,0.0000
4,192.0000,23,46,451.8083,-82.4439,-0.3656,13,0.3250,0.8571,7,8,8,0,0,8,8,0.0000
4,192.0000,23,47,458.3684,-82.2261,0.2108,12,0.3000,1.0000,8,7,5,0,0,7,5,0.2857
4,192.0000,24,2,350.6453,-80.9401,0.1101,22,0.5500,0.8750,8,8,6,0,0,8,6,0.2500
4,192.0000,24,3,732.7581,-84.9429,0.0220,6,0.1500,1.0000,8,8,8,0,0,8,8,0.0000
4,192.0000,24,4,722.8149,-85.2574,0.3156,5,0.1250,1.0000,8,7,5,0,0,7,5,0.2857
4,192.0000,24,6,448.4157,-83.4360,0.8281,13,0.3250,0.8750,8,7,6,0,0,7,6,0.1429
4,192.0000,24,14,494.9256,-85.6712,0.5356,10,0.2500,0.7143,7,8,7,0,0,8,7,0.1250
4,192.0000,24,17,811.9650,-85.6781,0.9206,3,0.0750,1.0000,6,8,8,0,0,8,8,0.0000
4,192.0000,24,22,765.3341,-86.4706,0.8793,6,0.1500,1.0000,8,8,7,0,0,8,7,0.1250
4,192.0000,24,33,513.4069,-82.3354,0.1922,10,0.2500,1.0000,8,8,8,0,0,8,8,0.0000
4,192.0000,24,35,861.6265,-86.9367,0.9165,3,0.0750,1.0000,8,8,8,0,0,8,8,0.0000
4,192.0000,24,38,664.8212,-85.3233,1.2185,6,0.1500,1.0000,8,8,7,0,0,8,7,0.1250
4,192.0000,24,42,317.3819,-78.8365,-0.3411,35,0.8750,0.5000,6,6,3,0,0,6,3,0.5000
4,192.0000,25,0,990.8365,-89.2771,-0.0271,3,0.0750,1.0000,2,6,6,0,0,6,6,0.0000
4,192.0000,25,1,251.9764,-78.7630,0.6021,33,0.8250,0.5000,6,6,3,0,0,6,3,0.5000
4,192.0000,25,5,403.6247,-80.8601,0.2073,18,0.4500,0.5000,6,7,5,0,0,7,5,0.2857
4,192.0000,25,9,473.0308,-84.9445,1.5113,5,0.1250,1.0000,8,7,6,0,0,7,6,0.1429
4,192.0000,25,18,522.7223,-82.3469,-0.0042,14,0.3500,1.0000,8,6,4,0,0,6,4,0.3333
4,192.0000,25,19,640.7116,-83.9894,0.5378,5,0.1250,1.0000,8,8,8,0,0,8,8,0.0000
4,192.0000,25,21,932.0575,-88.4350,0.4183,3,0.0750,1.0000,8,8,8,0,0,8,8,0.0000
4,192.0000,25,26,862.7929,-87.3647,0.5272,5,0.1250,1.0000,8,8,8,0,0,8,8,0.0000
4,192.0000,25,27,382.3196,-81.6238,0.2485,30,0.7500,0.5833,12,6,3,0,0,6,3,0.5000
4,192.0000,25,29,572.0063,-82.4522,-0.8438,11,0.2750,0.8750,8,8,7,0,0,8,7,0.1250
4,192.0000,25,32,79.4292,-63.9944,-1.1347,37,0.9250,0.2000,5,4,0,0,0,4,0,1.0000
4,192.0000,25,34,498.2483,-82.6712,0.3640,17,0.4250,0.9024,41,8,7,0,0,8,7,0.1250
4,192.0000,25,36,412.4035,-81.4212,-0.5191,20,0.5000,0.6667,6,6,4,0,0,6,4,0.3333
4,192.0000,25,39,772.4278,-87.1121,-0.1830,4,0.1000,1.0000,8,8,8,0,0,8,8,0.0000
4,192.0000,25,40,688.8772,-85.3760,0.4476,7,0.1750,1.0000,8,7,6,0,0,7,6,0.1429
4,192.0000,25,44,964.0258,-88.3889,0.1802,4,0.1000,1.0000,6,8,8,0,0,8,8,0.0000
4,192.0000,26,0,1026.8914,-87.4263,1.0039,6,0.1500,1.0000,8,2,2,0,0,2,2,0.0000
4,192.0000,26,5,522.9944,-84.7433,0.3896,17,0.4250,1.0000,8,8,6,0,0,8,6,0.2500
4,192.0000,26,8,615.9817,-85.9997,-0.3653,8,0.2000,1.0000,8,8,8,0,0,8,8,0.0000
4,192.0000,26,9,438.1949,-82.2386,-0.2715,19,0.4750,0.6250,8,7,5,0,0,7,5,0.2857
4,192.0000,26,10,637.1417,-84.4073,0.0409,4,0.1000,1.0000,8,8,8,0,0,8,8,0.0000
4,192.0000,26,12,479.2663,-82.1856,-0.9070,23,0.5750,0.7143,7,7,6,0,0,7,6,0.1429
4,192.0000,26,13,414.4231,-82.2557,0.2510,15,0.3750,0.5000,6,8,8,0,0,8,8,0.0000
4,192.0000,26,15,755.0545,-88.1565,0.0751,3,0.0750,1.0000,6,8,6,0,0,8,6,0.2500
4,192.0000,26,16,805.0788,-87.2517,-0.1125,4,0.1000,1.0000,8,8,8,0,0,8,8,0.0000
4,192.0000,26,18,775.0102,-85.2820,-0.2961,12,0.3000,0.8571,7,6,6,0,0,6,6,0.0000
4,192.0000,26,19,269.4533,-78.5122,-0.0791,29,0.7250,0.3333,6,5,1,0,0,5,1,0.8000
4,192.0000,26,20,644.4907,-86.4332,0.8045,3,0.0750,1.0000,8,8,8,0,0,8,8,0.0000
4,192.0000,26,21,820.1195,-86.6595,-0.0878,11,0.2750,0.8750,8,3,2,0,0,3,2,0.3333
4,192.0000,26,22,860.1850,-87.3194,0.6462,3,0.0750,1.0000,6,6,6,0,0,6,6,0.0000
4,192.0000,26,23,672.8734,-84.6228,-0.4600,3,0.0750,1.0000,6,8,7,0,0,8,7,0.1250
4,192.0000,26,25,862.7929,-87.6223,-1.1525,6,0.1500,0.8571,7,5,4,0,0,5,4,0.2000
4,192.0000,26,28,315.3601,-80.2716,0.8122,24,0.6000,0.8571,7,7,4,0,0,7,4,0.4286
4,192.0000,26,29,581.2990,-85.0887,-0.5073,10,0.2500,1.0000,4,8,8,0,0,8,8,0.0000
4,192.0000,26,30,416.4913,-82.2744,0.1201,17,0.4250,0.8571,7,7,6,0,0,7,6,0.1429
4,192.0000,26,31,327.7453,-80.7527,0.2976,17,0.4250,0.8750,8,7,6,0,0,7,6,0.1429
4,192.0000,26,32,790.2274,-86.9543,0.3735,7,0.1750,1.0000,8,6,6,0,0,6,6,0.0000
4,192.0000,26,34,454.8860,-84.2727,0.8405,16,0.4000,0.6667,6,7,6,0,0,7,6,0.1429
4,192.0000,26,36,908.8684,-87.7748,0.5834,7,0.1750,1.0000,8,8,8,0,0,8,8,0.0000
4,192.0000,26,39,195.0749,-77.0193,1.4486,33,0.8250,0.5000,6,5,2,0,0,5,2,0.6000
4,192.0000,26,40,349.3522,-79.0516,-0.6771,25,0.6250,0.4000,5,7,5,0,0,7,5,0.2857
4,192.0000,26,41,432.7627,-83.3341,1.3681,11,0.2750,0.8750,8,8,8,0,0,8,8,0.0000
4,192.0000,26,43,409.6891,-83.3204,1.1364,17,0.4250,0.6667,6,6,4,0,0,6,4,0.3333
4,192.0000,26,44,349.8269,-78.2814,-0.6453,25,0.6250,0.4000,5,7,6,0,0,7,6,0.1429
4,192.0000,26,46,523.5638,-84.5818,0.1017,10,0.2500,0.6667,6,7,6,0,0,7,6,0.1429
4,192.0000,27,0,800.3024,-87.0854,-0.1203,9,0.2250,0.7143,7,8,8,0,0,8,8,0.0000
4,192.0000,27,1,233.7721,-76.2443,0.0949,36,0.9000,0.4000,5,5,2,0,0,5,2,0.6000
4,192.0000,27,5,735.3007,-85.5222,0.5719,7,0.1750,1.0000,8,8,8,0,0,8,8,0.0000
4,192.0000,27,9,758.5950,-84.9290,-0.5452,5,0.1250,0.8750,8,7,6,0,0,7,6,0.1429
4,192.0000,27,12,992.3033,-85.7631,-1.7831,4,0.1000,1.0000,6,6,6,0,0,6,6,0.0000
4,192.0000,27,18,505.7118,-83.0177,0.2669,18,0.4500,0.8571,7,6,4,0,0,6,4,0.3333
4,192.0000,27,21,822.3497,-87.4437,0.5412,6,0.1500,1.0000,10,8,8,0,0,8,8,0.0000
4,192.0000,27,25,382.3196,-81.1322,0.5435,29,0.7250,0.2000,5,7,5,0,0,7,5,0.2857
4,192.0000,27,32,412.4001,-81.6884,0.6852,26,0.6500,0.8571,7,7,5,0,0,7,5,0.2857
4,192.0000,27,34,685.8250,-84.6157,0.2068,10,0.2500,0.8571,7,8,8,0,0,8,8,0.0000
4,192.0000,27,36,253.5708,-76.5070,-0.8770,34,0.8500,0.0000,4,7,2,0,0,7,2,0.7143
4,192.0000,27,40,809.5221,-86.2532,0.9857,3,0.0750,1.0000,8,8,8,0,0,8,8,0.0000
4,192.0000,27,45,846.4389,-87.0590,0.2133,4,0.1000,0.8571,7,8,8,0,0,8,8,0.0000
4,192.0000,28,3,798.9957,-86.1537,-0.7820,4,0.1000,1.0000,8,8,8,0,0,8,8,0.0000
4,192.0000,28,5,817.5650,-86.9273,-0.5732,3,0.0750,1.0000,8,8,8,0,0,8,8,0.0000
4,192.0000,28,8,759.2643,-85.6032,-0.8998,4,0.1000,1.0000,8,8,8,0,0,8,8,0.0000
4,192.0000,28,10,525.9098,-83.4316,-1.6557,7,0.1750,1.0000,8,8,8,0,0,8,8,0.0000
4,192.0000,28,12,517.5669,-84.8500,0.0506,9,0.2250,0.6667,6,6,3,0,0,6,3,0.5000
4,192.0000,28,13,129.0940,-70.0570,-1.0239,33,0.8250,0.2000,5,5,2,0,0,5,2,0.6000
4,192.0000,28,15,577.6738,-85.3906,0.6605,4,0.1000,0.6667,6,8,8,0,0,8,8,0.0000
4,192.0000,28,18,963.8080,-86.9865,-0.4998,5,0.1250,1.0000,6,4,4,0,0,4,4,0.0000
4,192.0000,28,19,520.0349,-83.8812,0.2807,7,0.1750,0.8571,7,7,5,0,0,7,5,0.2857
4,192.0000,28,20,626.2761,-84.1755,0.9799,3,0.0750,1.0000,8,8,8,0,0,8,8,0.0000
4,192.0000,28,21,913.9006,-87.1606,-0.0216,3,0.0750,1.0000,2,2,2,0,0,2,2,0.0000
4,192.0000,28,23,566.6674,-82.9220,-0.5106,8,0.2000,0.6667,6,8,7,0,0,8,7,0.1250
4,192.0000,28,26,315.3601,-80.3894,0.4758,17,0.4250,0.7143,7,5,2,0,0,5,2,0.6000
4,192.0000,28,30,164.2315,-74.1966,0.0775,38,0.9500,0.2000,5,4,0,0,0,4,0,1.0000
4,192.0000,28,31,159.1179,-69.6213,-1.9366,33,0.8250,0.2000,5,6,2,0,0,6,2,0.6667
4,192.0000,28,37,687.0137,-85.2915,0.0080,5,0.1250,1.0000,8,8,8,0,0,8,8,0.0000
4,192.0000,28,39,459.2004,-82.6617,-0.0837,10,0.2500,0.6667,6,7,6,0,0,7,6,0.1429
4,192.0000,28,40,568.4199,-83.9984,1.1666,9,0.2250,0.8750,8,6,4,0,0,6,4,0.3333
4,192.0000,28,41,470.7982,-82.1109,-0.6831,8,0.2000,1.0000,8,8,6,0,0,8,6,0.2500
4,192.0000,28,43,492.0068,-83.6351,-0.1883,7,0.1750,1.0000,8,7,6,0,0,7,6,0.1429
4,192.0000,28,44,359.9995,-80.3311,-0.2788,20,0.5000,0.8571,7,6,3,0,0,6,3,0.5000
4,192.0000,28,46,240.8663,-78.1173,0.3745,31,0.7750,0.5714,7,6,3,0,0,6,3,0.5000
4,192.0000,28,47,764.1553,-85.1366,-2.7587,5,0.1250,1.0000,8,8,8,0,0,8,8,0.0000
4,192.0000,29,1,753.6269,-85.5453,-0.3967,8,0.2000,1.0000,8,8,8,0,0,8,8,0.0000
4,192.0000,29,3,1148.9112,-88.9987,0.0447,3,0.0750,1.0000,6,4,4,0,0,4,4,0.0000
4,192.0000,29,5,242.4213,-77.1564,0.4785,32,0.8000,0.0000,4,4,0,0,0,4,0,1.0000
4,192.0000,29,7,710.6932,-85.8902,1.8846,7,0.1750,0.8750,8,8,8,0,0,8,8,0.0000
4,192.0000,29,8,633.9470,-86.2466,3.5161,5,0.1250,1.0000,8,8,8,0,0,8,8,0.0000
4,192.0000,29,9,318.1541,-79.5625,0.0270,24,0.6000,0.8571,7,7,5,0,0,7,5,0.2857
4,192.0000,29,13,939.2918,-87.9156,2.0455,3,0.0750,1.0000,8,8,8,0,0,8,8,0.0000
4,192.0000,29,16,819.1725,-87.4970,-0.2638,3,0.0750,1.0000,84,8,8,0,0,8,8,0.0000
4,192.0000,29,18,823.9697,-86.8550,-0.7059,5,0.1250,1.0000,8,6,6,0,0,6,6,0.0000
4,192.0000,29,19,503.2728,-82.0480,-0.7582,12,0.3000,0.6667,6,8,8,0,0,8,8,0.0000
4,192.0000,29,25,572.0063,-82.7857,-0.7214,19,0.4750,0.5714,7,8,7,0,0,8,7,0.1250
4,192.0000,29,26,581.2990,-86.4366,0.2427,5,0.1250,1.0000,8,7,6,0,0,7,6,0.1429
4,192.0000,29,27,936.9534,-87.0211,-0.5089,3,0.0750,1.0000,4,6,6,0,0,6,6,0.0000
4,192.0000,29,28,867.6466,-87.2192,0.4023,4,0.1000,1.0000,8,8,8,0,0,8,8,0.0000
4,192.0000,29,32,529.2146,-83.1812,-0.7590,19,0.4750,0.5000,6,8,8,0,0,8,8,0.0000
4,192.0000,29,34,528.8084,-84.0510,-0.2899,11,0.2750,0.8571,7,8,8,0,0,8,8,0.0000
4,192.0000,29,36,870.3841,-86.4685,-0.1822,12,0.3000,0.8571,7,6,6,0,0,6,6,0.0000
4,192.0000,29,39,409.5800,-82.1311,-1.0463,12,0.3000,0.6667,6,7,5,141,135,148,140,0.0541
4,192.0000,29,40,674.4102,-86.3944,-0.7016,5,0.1250,1.0000,8,8,8,0,0,8,8,0.0000
4,192.0000,29,41,704.3022,-86.2810,-3.9839,3,0.0750,1.0000,8,8,8,0,0,8,8,0.0000
4,192.0000,29,43,666.9050,-85.1118,-0.9125,5,0.1250,0.9583,24,8,8,8,8,16,16,0.0000
4,192.0000,29,44,868.9346,-86.9678,-1.6766,3,0.0750,1.0000,8,8,8,0,0,8,8,0.0000
4,192.0000,30,3,807.5714,-87.0508,-0.0256,12,0.3000,1.0000,6,8,8,0,0,8,8,0.0000
4,192.0000,30,4,1063.7974,-87.8567,-0.1061,4,0.1000,1.0000,4,6,6,0,0,6,6,0.0000
4,192.0000,30,5,935.8102,-88.1841,0.3824,9,0.2250,1.0000,8,4,4,0,0,4,4,0.0000
4,192.0000,30,7,1101.8159,-88.8075,-2.5782,4,0.1000,1.0000,6,6,6,0,0,6,6,0.0000
4,192.0000,30,8,813.1145,-87.0596,0.0966,6,0.1500,1.0000,8,8,8,0,0,8,8,0.0000
4,192.0000,30,9,842.2288,-87.5201,0.0216,6,0.1500,1.0000,6,8,8,0,0,8,8,0.0000
4,192.0000,30,10,546.6634,-83.1745,-0.7209,16,0.4000,0.6667,6,10,10,0,0,10,10,0.0000
4,192.0000,30,12,522.2626,-84.5869,0.4318,12,0.3000,1.0000,8,7,6,0,0,7,6,0.1429
4,192.0000,30,13,178.2065,-72.9089,-0.8075,35,0.8750,0.2000,5,4,0,0,0,4,0,1.0000
4,192.0000,30,15,602.8773,-85.7127,0.8141,12,0.3000,0.8750,8,8,7,0,0,8,7,0.1250
4,192.0000,30,16,929.8315,-88.1403,-0.2503,5,0.1250,1.0000,8,8,8,0,0,8,8,0.0000
4,192.0000,30,19,633.6169,-86.9775,1.6358,9,0.2250,1.0000,8,8,6,0,0,8,6,0.2500
4,192.0000,30,20,654.6029,-85.2270,0.0474,9,0.2250,0.8750,8,8,8,0,0,8,8,0.0000
4,192.0000,30,22,932.5208,-87.8823,-0.5437,3,0.0750,1.0000,6,4,4,0,0,4,4,0.0000
4,192.0000,30,23,519.1732,-84.2880,-0.7768,16,0.4000,0.8750,8,7,6,0,0,7,6,0.1429
4,192.0000,30,26,416.4913,-83.1186,0.7427,14,0.3500,0.7143,7,8,8,0,0,8,8,0.0000
4,192.0000,30,28,164.2315,-73.8973,-0.1713,35,0.8750,0.4000,5,4,0,0,0,4,0,1.0000
4,192.0000,30,29,987.7421,-89.2145,-0.1204,4,0.1000,1.0000,2,4,4,0,0,4,4,0.0000
4,192.0000,30,31,262.6705,-76.3437,-0.4831,30,0.7500,0.4000,5,5,2,0,0,5,2,0.6000
4,192.0000,30,33,1013.2152,-88.5606,-0.2284,4,0.1000,1.0000,8,8,8,0,0,8,8,0.0000
4,192.0000,30,34,803.9289,-87.9549,0.2008,6,0.1500,1.0000,6,7,6,0,0,7,6,0.1429
4,192.0000,30,37,673.4764,-85.6447,-0.3340,11,0.2750,1.0000,8,8,8,0,0,8,8,0.0000
4,192.0000,30,38,934.0965,-88.9309,1.4740,4,0.1000,1.0000,8,4,3,0,0,4,3,0.2500
4,192.0000,30,39,586.8605,-85.3155,-1.1388,11,0.2750,1.0000,8,8,8,0,0,8,8,0.0000
4,192.0000,30,40,616.3976,-85.8872,0.4528,10,0.2500,0.8750,8,8,8,0,0,8,8,0.0000
4,192.0000,30,41,531.3824,-84.0100,0.8207,16,0.4000,1.0000,8,7,6,0,0,7,6,0.1429
4,192.0000,30,43,544.7670,-85.0988,0.5060,15,0.3750,0.8571,7,8,8,0,0,8,8,0.0000
4,192.0000,30,44,385.4823,-81.6982,0.2821,20,0.5000,0.6667,6,7,5,0,0,7,5,0.2857
4,192.0000,30,46,241.0353,-77.1891,0.1117,31,0.7750,0.5714,7,5,1,0,0,5,1,0.8000
4,192.0000,30,47,761.2809,-86.1913,-0.5022,10,0.2500,1.0000,8,8,8,0,0,8,8,0.0000
4,192.0000,31,2,1104.5684,-88.9545,-0.1497,3,0.0769,1.0000,8,8,8,0,0,8,8,0.0000
4,192.0000,31,3,655.9225,-86.1166,0.9667,7,0.1795,0.8571,7,8,8,0,0,8,8,0.0000
4,192.0000,31,4,970.2961,-87.4385,2.8347,4,0.1026,1.0000,4,4,4,0,0,4,4,0.0000
4,192.0000,31,5,810.7680,-87.4516,0.7337,6,0.1538,1.0000,8,7,6,0,0,7,6,0.1429
4,192.0000,31,6,1033.2770,-88.7984,0.3579,3,0.0769,1.0000,4,2,2,0,0,2,2,0.0000
4,192.0000,31,7,856.4010,-88.3891,-0.7016,6,0.1538,1.0000,8,8,8,0,0,8,8,0.0000
4,192.0000,31,8,632.7347,-85.9371,0.2983,8,0.2051,1.0000,8,6,6,0,0,6,6,0.0000
4,192.0000,31,9,750.2730,-85.5517,-0.3878,6,0.1538,1.0000,2,7,6,0,0,7,6,0.1429
4,192.0000,31,10,382.0746,-80.2946,-1.3543,18,0.4615,0.8571,7,8,7,0,0,8,7,0.1250
4,192.0000,31,12,653.4777,-85.6865,0.5586,16,0.4103,1.0000,8,8,8,0,0,8,8,0.0000
4,192.0000,31,13,134.4698,-71.5620,0.3636,37,0.9487,0.2088,91,5,1,81,9,86,10,0.8837
4,192.0000,31,15,451.0093,-84.9534,0.7385,12,0.3077,0.7143,7,6,4,4,4,10,8,0.2000
4,192.0000,31,16,714.4816,-87.0300,-0.1300,10,0.2564,0.8889,9,8,8,0,0,8,8,0.0000
4,192.0000,31,17,1227.7565,-88.4346,-0.8597,3,0.0769,,0,2,2,0,0,2,2,0.0000
4,192.0000,31,18,1047.9969,-87.4230,-1.1677,4,0.1026,1.0000,4,4,4,0,0,4,4,0.0000
4,192.0000,31,19,562.3560,-84.8913,-0.3519,13,0.3333,1.0000,8,8,8,0,0,8,8,0.0000
4,192.0000,31,20,477.9970,-84.1462,0.8750,13,0.3333,0.8571,7,7,5,0,0,7,5,0.2857
4,192.0000,31,22,770.2716,-87.3427,0.9229,6,0.1538,0.8571,7,7,6,0,0,7,6,0.1429
4,192.0000,31,23,465.3068,-82.7922,0.2666,14,0.3590,1.0000,8,8,7,0,0,8,7,0.1250
4,192.0000,31,26,327.7453,-81.0429,-0.7527,18,0.4615,0.8571,7,6,4,0,0,6,4,0.3333
4,192.0000,31,28,159.1179,-70.8733,-1.9811,38,0.9744,0.0000,4,6,2,0,0,6,2,0.6667
4,192.0000,31,29,815.6289,-88.4842,-0.2727,5,0.1282,1.0000,4,7,5,0,0,7,5,0.2857
4,192.0000,31,30,262.6705,-77.1972,-0.7516,36,0.9231,0.2000,5,6,3,0,0,6,3,0.5000
4,192.0000,31,33,833.8785,-88.4241,-0.0494,8,0.2051,1.0000,8,8,7,0,0,8,7,0.1250
4,192.0000,31,34,746.1148,-87.1148,0.7870,5,0.1282,1.0000,8,8,8,0,0,8,8,0.0000
4,192.0000,31,37,591.5411,-84.8854,-1.0188,11,0.2821,0.6667,6,8,7,0,0,8,7,0.1250
4,192.0000,31,38,787.4925,-87.2012,-0.0450,5,0.1282,0.8750,8,7,6,0,0,7,6,0.1429
4,192.0000,31,39,426.0915,-81.8389,0.3782,19,0.4872,0.5714,7,7,6,0,0,7,6,0.1429
4,192.0000,31,40,646.1907,-84.7372,0.4903,13,0.3333,1.0000,8,8,8,0,0,8,8,0.0000
4,192.0000,31,41,328.6830,-80.2646,0.0683,19,0.4872,0.8750,8,6,3,0,0,6,3,0.5000
4,192.0000,31,43,366.1336,-81.9402,0.5782,16,0.4103,0.6667,6,8,7,0,0,8,7,0.1250
4,192.0000,31,44,494.8212,-82.4856,-0.3610,19,0.4872,0.8000,10,7,6,0,0,7,6,0.1429
4,192.0000,31,46,216.3508,-77.5040,1.0469,30,0.7692,0.5000,6,4,0,0,0,4,0,1.0000
4,192.0000,31,47,646.1311,-84.5692,-0.7408,11,0.2821,1.0000,8,7,6,0,0,7,6,0.1429
4,192.0000,32,0,950.7417,-88.3656,0.1120,6,0.1500,1.0000,8,8,8,0,0,8,8,0.0000
4,192.0000,32,1,242.4927,-78.5624,0.6317,32,0.8000,0.2000,5,4,0,0,0,4,0,1.0000
4,192.0000,32,5,339.8441,-78.7032,-0.8766,24,0.6000,0.6250,8,6,4,0,0,6,4,0.3333
4,192.0000,32,9,415.9155,-82.6637,0.8553,12,0.3000,1.0000,8,6,3,0,0,6,3,0.5000
4,192.0000,32,12,876.4858,-86.8285,0.6688,6,0.1500,1.0000,6,8,8,0,0,8,8,0.0000
4,192.0000,32,18,468.7458,-83.6344,0.2717,14,0.3500,0.6667,6,6,3,0,0,6,3,0.5000
4,192.0000,32,19,563.0423,-83.4341,-1.0818,7,0.1750,1.0000,8,7,6,0,0,7,6,0.1429
4,192.0000,32,21,884.2793,-87.6534,0.2385,4,0.1000,1.0000,4,2,2,0,0,2,2,0.0000
4,192.0000,32,25,79.4292,-63.5609,-0.7499,37,0.9250,0.0000,4,4,0,0,0,4,0,1.0000
4,192.0000,32,27,412.4001,-81.4986,-0.3323,26,0.6500,0.6667,6,4,0,0,0,4,0,1.0000
4,192.0000,32,29,529.2146,-82.7265,0.0189,15,0.3750,0.6667,6,8,8,0,0,8,8,0.0000
4,192.0000,32,34,419.3024,-82.5549,0.4744,16,0.4000,0.7143,7,8,8,0,0,8,8,0.0000
4,192.0000,32,36,392.5474,-81.9664,-0.2759,24,0.6000,0.6667,6,6,3,0,0,6,3,0.5000
4,192.0000,32,39,701.5103,-85.6524,1.1778,3,0.0750,1.0000,8,8,8,0,0,8,8,0.0000
4,192.0000,32,40,621.7921,-86.5429,0.2641,7,0.1750,0.8571,7,7,5,0,0,7,5,0.2857
4,192.0000,33,2,293.6963,-78.1231,-0.5358,35,0.8750,0.5000,6,8,7,0,0,8,7,0.1250
4,192.0000,33,3,241.9074,-77.9129,0.4090,29,0.7250,0.6667,6,4,0,0,0,4,0,1.0000
4,192.0000,33,4,398.7731,-83.1469,0.3206,20,0.5000,0.8750,8,7,4,0,0,7,4,0.4286
4,192.0000,33,6,360.6693,-80.2190,-0.4031,29,0.7250,0.3333,6,7,6,0,0,7,6,0.1429
4,192.0000,33,7,600.0697,-84.5704,-0.1132,15,0.3750,0.8750,8,8,8,0,0,8,8,0.0000
4,192.0000,33,8,603.8364,-84.2021,-0.3596,11,0.2750,0.6667,6,7,6,0,0,7,6,0.1429
4,192.0000,33,10,470.4227,-84.0791,0.2252,10,0.2500,0.8750,8,6,3,0,0,6,3,0.5000
4,192.0000,33,11,648.8739,-85.4607,0.1342,13,0.3250,1.0000,8,7,6,0,0,7,6,0.1429
4,192.0000,33,13,899.5311,-87.6631,-0.0116,4,0.1000,0.8750,8,8,8,0,0,8,8,0.0000
4,192.0000,33,14,450.6983,-84.4630,0.6430,17,0.4250,0.4000,5,5,2,0,0,5,2,0.6000
4,192.0000,33,15,523.2002,-84.2384,-0.0538,12,0.3000,1.0000,8,7,6,0,0,7,6,0.1429
4,192.0000,33,16,358.2288,-80.5389,-0.6309,23,0.5750,0.8571,7,7,5,0,0,7,5,0.2857
4,192.0000,33,17,653.5202,-86.1811,0.1252,11,0.2750,0.6667,6,4,2,0,0,4,2,0.5000
4,192.0000,33,20,396.8031,-80.3364,-1.0239,18,0.4500,1.0000,8,7,5,0,0,7,5,0.2857
4,192.0000,33,22,363.0579,-81.2351,0.0843,25,0.6250,0.7143,7,7,5,0,0,7,5,0.2857
4,192.0000,33,23,575.3069,-84.7160,-1.3356,10,0.2500,0.8750,8,8,5,0,0,8,5,0.3750
4,192.0000,33,24,513.4069,-83.3385,-0.4362,27,0.6750,1.0000,8,7,6,0,0,7,6,0.1429
4,192.0000,33,30,1013.2152,-87.1540,-0.2602,4,0.1000,1.0000,8,8,8,0,0,8,8,0.0000
4,192.0000,33,31,833.8785,-87.8349,-0.7912,4,0.1000,1.0000,8,8,8,0,0,8,8,0.0000
4,192.0000,33,35,704.9500,-86.1386,-0.7590,10,0.2500,1.0000,8,6,4,0,0,6,4,0.3333
4,192.0000,33,37,614.9253,-85.2019,0.5878,12,0.3000,0.7143,7,7,6,0,0,7,6,0.1429
4,192.0000,33,38,278.4743,-78.6589,0.7494,26,0.6500,0.5000,6,7,6,0,0,7,6,0.1429
4,192.0000,33,39,1011.3261,-87.9290,1.0172,3,0.0750,1.0000,8,8,8,0,0,8,8,0.0000
4,192.0000,33,41,598.2735,-86.1415,-0.9256,8,0.2000,1.0000,8,8,8,0,0,8,8,0.0000
4,192.0000,33,42,510.9413,-83.3482,-0.8326,24,0.6000,0.8571,7,6,3,0,0,6,3,0.5000
4,192.0000,33,43,642.5374,-85.5122,1.5325,5,0.1250,0.8571,7,8,8,0,0,8,8,0.0000
4,192.0000,33,46,858.5095,-86.6251,0.0654,5,0.1250,1.0000,8,8,8,0,0,8,8,0.0000
4,192.0000,33,47,476.3775,-83.6635,0.9848,13,0.3250,0.8571,7,6,3,0,0,6,3,0.5000
4,192.0000,34,0,789.2800,-86.5723,1.0979,14,0.3500,0.8571,7,8,8,0,0,8,8,0.0000
4,192.0000,34,1,473.5120,-81.0509,-0.4049,31,0.7750,1.0000,8,10,9,0,0,10,9,0.1000
4,192.0000,34,5,305.9799,-78.4654,-0.2936,32,0.8000,0.2000,5,7,6,0,0,7,6,0.1429
4,192.0000,34,8,945.2684,-88.6582,0.2614,3,0.0750,1.0000,2,6,6,0,0,6,6,0.0000
4,192.0000,34,9,348.7418,-81.5633,0.1409,23,0.5750,0.2000,5,4,0,0,0,4,0,1.0000
4,192.0000,34,12,527.2493,-84.0530,-0.5212,20,0.5000,0.7143,7,8,8,0,0,8,8,0.0000
4,192.0000,34,13,813.8196,-87.9051,0.3809,4,0.1000,1.0000,6,8,8,0,0,8,8,0.0000
4,192.0000,34,18,349.4267,-78.1225,-1.7521,39,0.9750,0.5714,7,7,5,0,0,7,5,0.2857
4,192.0000,34,19,187.1665,-76.7425,0.8010,29,0.7250,0.0000,3,5,1,0,0,5,1,0.8000
4,192.0000,34,21,680.6692,-84.9035,-0.5582,11,0.2750,1.0000,8,8,8,0,0,8,8,0.0000
4,192.0000,34,23,1126.6937,-87.8153,-0.3142,3,0.0750,1.0000,4,8,8,0,0,8,8,0.0000
4,192.0000,34,25,498.2483,-84.0283,0.1942,28,0.7000,0.7843,51,8,8,0,0,8,8,0.0000
4,192.0000,34,26,454.8860,-83.8858,0.7077,16,0.4000,0.7143,7,6,3,0,0,6,3,0.5000
4,192.0000,34,27,685.8250,-85.0189,-0.8505,20,0.5000,1.0000,8,6,6,90,89,96,95,0.0104
4,192.0000,34,28,694.4110,-86.9826,-0.3458,7,0.1750,1.0000,6,6,6,0,0,6,6,0.0000
4,192.0000,34,29,528.8084,-83.5685,-0.5215,20,0.5000,0.5714,7,7,6,0,0,7,6,0.1429
4,192.0000,34,30,803.9289,-87.2282,0.4674,5,0.1250,1.0000,8,6,6,0,0,6,6,0.0000
4,192.0000,34,31,746.1148,-86.5860,-0.6034,6,0.1500,1.0000,8,8,8,0,0,8,8,0.0000
4,192.0000,34,32,419.3024,-81.9062,-0.3597,29,0.7250,0.8571,7,6,4,0,0,6,4,0.3333
4,192.0000,34,36,494.5001,-82.2898,-0.5266,32,0.8000,0.5000,4,6,4,0,0,6,4,0.3333
4,192.0000,34,39,414.0475,-82.9420,0.3005,15,0.3750,0.8571,7,6,3,0,0,6,3,0.5000
4,192.0000,34,40,331.0970,-79.9804,0.6256,21,0.5250,0.7143,7,5,1,0,0,5,1,0.8000
4,192.0000,34,43,818.9348,-87.5786,-0.8351,5,0.1250,1.0000,8,8,8,0,0,8,8,0.0000
4,192.0000,34,44,508.9891,-85.2660,0.6130,12,0.3000,0.6667,6,8,7,0,0,8,7,0.1250
4,192.0000,34,45,888.2401,-86.8738,0.0683,17,0.4250,1.0000,6,6,6,0,0,6,6,0.0000
4,192.0000,35,2,846.1583,-87.4094,0.0689,9,0.2250,1.0000,8,8,8,0,0,8,8,0.0000
4,192.0000,35,3,633.1409,-86.5363,1.0004,8,0.2000,1.0000,8,7,6,0,0,7,6,0.1429
4,192.0000,35,4,497.7259,-83.3258,-0.1787,17,0.4250,0.7143,7,8,8,0,0,8,8,0.0000
4,192.0000,35,6,458.3606,-82.7543,0.1259,12,0.3000,1.0000,8,4,0,0,0,4,0,1.0000
4,192.0000,35,10,828.4205,-88.2977,0.5034,4,0.1000,1.0000,8,8,8,0,0,8,8,0.0000
4,192.0000,35,11,90.3111,-64.7786,-2.2883,32,0.8000,0.0000,4,5,1,0,0,5,1,0.8000
4,192.0000,35,14,377.7469,-80.6237,-2.2159,20,0.5000,0.2000,5,8,8,0,0,8,8,0.0000
4,192.0000,35,15,703.9587,-85.8662,0.5706,7,0.1750,1.0000,8,8,8,0,0,8,8,0.0000
4,192.0000,35,17,382.5164,-81.4128,-0.0608,27,0.6750,0.8571,7,7,3,0,0,7,3,0.5714
4,192.0000,35,20,920.7935,-88.5014,0.1408,4,0.1000,1.0000,8,8,8,0,0,8,8,0.0000
4,192.0000,35,22,1023.8070,-89.3296,-0.3523,4,0.1000,1.0000,4,4,4,0,0,4,4,0.0000
4,192.0000,35,24,861.6265,-87.2568,0.3482,5,0.1250,1.0000,6,7,6,0,0,7,6,0.1429
4,192.0000,35,33,704.9500,-86.3911,0.4984,7,0.1750,0.6667,6,8,8,0,0,8,8,0.0000
4,192.0000,35,37,573.4413,-85.5622,0.3038,9,0.2250,0.8750,8,6,6,0,0,6,6,0.0000
4,192.0000,35,38,468.3581,-83.0872,0.7355,11,0.2750,0.8571,7,8,8,0,0,8,8,0.0000
4,192.0000,35,42,1028.6357,-88.1080,-0.6958,3,0.0750,1.0000,6,5,4,0,0,5,4,0.2000
4,192.0000,35,46,1030.0854,-88.9243,0.2342,3,0.0750,1.0000,4,8,8,0,0,8,8,0.0000
4,192.0000,35,47,503.0226,-84.0026,0.3029,10,0.2500,1.0000,8,6,4,0,0,6,4,0.3333
4,192.0000,36,0,609.6202,-85.2729,-0.5306,17,0.4359,0.5000,6,9,5,0,0,9,5,0.4444
4,192.0000,36,1,173.9470,-70.4391,-2.4942,31,0.7949,0.1667,6,3,0,0,0,3,0,1.0000
4,192.0000,36,5,637.6603,-83.8019,-0.4257,16,0.4103,0.8750,8,8,8,0,0,8,8,0.0000
4,192.0000,36,9,663.8186,-86.1021,-0.1616,7,0.1795,1.0000,10,6,6,0,0,6,6,0.0000
4,192.0000,36,12,772.8927,-86.5141,-0.2958,5,0.1282,0.8571,7,8,8,0,0,8,8,0.0000
4,192.0000,36,18,262.5514,-79.4035,0.4699,27,0.6923,0.2000,5,4,0,0,0,4,0,1.0000
4,192.0000,36,19,665.5417,-86.3262,0.0817,5,0.1282,0.8571,7,7,6,0,0,7,6,0.1429
4,192.0000,36,21,631.3849,-85.4338,-0.0968,11,0.2821,1.0000,8,7,5,0,0,7,5,0.2857
4,192.0000,36,25,412.4035,-80.4297,-0.4460,25,0.6410,0.6667,6,8,8,0,0,8,8,0.0000
4,192.0000,36,26,908.8684,-87.1896,0.5540,4,0.1026,1.0000,10,2,2,0,0,2,2,0.0000
4,192.0000,36,27,253.5708,-77.0142,-0.5748,35,0.8974,0.2000,5,4,0,0,0,4,0,1.0000
4,192.0000,36,29,870.3841,-87.1466,-0.9257,7,0.1795,1.0000,8,8,8,0,0,8,8,0.0000
4,192.0000,36,32,392.5474,-81.4183,-0.5694,22,0.5641,0.4000,5,8,7,0,0,8,7,0.1250
4,192.0000,36,34,494.5001,-82.3658,-0.5315,20,0.5128,0.8750,8,7,6,0,0,7,6,0.1429
4,192.0000,36,40,627.9680,-84.8952,1.1614,9,0.2308,0.8750,8,8,8,0,0,8,8,0.0000
4,192.0000,36,45,682.3926,-86.3726,-0.2962,12,0.3077,0.4000,5,7,6,0,0,7,6,0.1429
4,192.0000,37,2,893.0348,-86.7914,-0.3701,9,0.2250,0.8889,9,4,4,0,0,4,4,0.0000
4,192.0000,37,3,390.1470,-81.5289,0.5458,21,0.5250,0.6667,9,5,1,0,0,5,1,0.8000
4,192.0000,37,4,569.2078,-86.4395,-0.3190,16,0.4000,0.8571,7,7,6,0,0,7,6,0.1429
4,192.0000,37,6,628.2872,-85.8191,0.1326,13,0.3250,1.0000,8,7,5,0,0,7,5,0.2857
4,192.0000,37,7,996.0683,-88.2844,0.8213,6,0.1500,1.0000,8,8,8,0,0,8,8,0.0000
4,192.0000,37,8,886.7116,-88.2215,-0.0566,8,0.2000,1.0000,8,8,8,0,0,8,8,0.0000
4,192.0000,37,10,366.4429,-79.1563,-0.0962,22,0.5500,0.6667,6,7,6,0,0,7,6,0.1429
4,192.0000,37,11,600.9945,-85.6251,0.4335,20,0.5000,0.8571,7,8,8,0,0,8,8,0.0000
4,192.0000,37,13,559.0467,-83.9706,-0.0337,13,0.3250,0.8571,7,8,8,0,0,8,8,0.0000
4,192.0000,37,14,653.4964,-85.5009,0.1571,16,0.4000,1.0000,8,7,6,0,0,7,6,0.1429
4,192.0000,37,15,205.8194,-72.4060,-1.3588,36,0.9000,0.0000,4,7,5,0,0,7,5,0.2857
4,192.0000,37,16,778.1197,-87.1910,-1.1616,10,0.2500,0.8571,7,8,8,0,0,8,8,0.0000
4,192.0000,37,17,729.9810,-86.5905,-0.3494,16,0.4000,1.0000,4,8,8,0,0,8,8,0.0000
4,192.0000,37,20,541.6417,-83.6529,-0.3473,12,0.3000,1.0000,8,6,4,0,0,6,4,0.3333
4,192.0000,37,22,793.4623,-85.7551,0.3466,6,0.1500,1.0000,8,6,6,0,0,6,6,0.0000
4,192.0000,37,23,467.1999,-82.7596,-0.2738,15,0.3750,0.8750,8,7,6,0,0,7,6,0.1429
4,192.0000,37,24,1037.5322,-88.8194,-0.1592,4,0.1000,1.0000,6,2,2,0,0,2,2,0.0000
4,192.0000,37,26,911.1126,-88.5674,0.0146,6,0.1500,0.8750,8,6,6,0,0,6,6,0.0000
4,192.0000,37,28,687.0137,-87.2156,0.6097,10,0.2500,1.0000,8,6,6,0,0,6,6,0.0000
4,192.0000,37,30,673.4764,-86.7438,-0.1899,10,0.2500,0.8571,7,8,8,0,0,8,8,0.0000
4,192.0000,37,31,591.5411,-84.8755,-1.1126,11,0.2750,1.0000,8,8,8,0,0,8,8,0.0000
4,192.0000,37,33,614.9253,-84.8491,-0.1250,13,0.3250,0.8571,7,5,2,0,0,5,2,0.6000
4,192.0000,37,35,573.4413,-85.1502,-0.1930,18,0.4500,1.0000,6,9,8,0,0,9,8,0.1111
4,192.0000,37,38,383.7952,-81.1401,-0.5528,24,0.6000,0.8571,7,8,7,0,0,8,7,0.1250
4,192.0000,37,39,976.8248,-89.0134,-0.4995,4,0.1000,1.0000,6,4,4,0,0,4,4,0.0000
4,192.0000,37,41,637.1196,-84.6684,-0.6689,9,0.2250,1.0000,8,8,7,0,0,8,7,0.1250
4,192.0000,37,43,707.3746,-86.0057,0.0527,8,0.2000,1.0000,8,8,8,0,0,8,8,0.0000
4,192.0000,37,46,456.9242,-81.5913,-1.8333,18,0.4500,0.8571,7,6,4,0,0,6,4,0.3333
4,192.0000,37,47,147.9726,-71.2837,-0.7644,35,0.8750,0.0000,4,4,0,0,0,4,0,1.0000
4,192.0000,38,2,525.9444,-83.9614,-0.1931,22,0.5366,0.8571,7,8,7,0,0,8,7,0.1250
4,192.0000,38,3,179.0845,-74.8136,-0.0091,36,0.8780,0.2000,5,5,1,0,0,5,1,0.8000
4,192.0000,38,4,312.0097,-80.4661,0.9751,32,0.7805,0.6667,6,5,1,0,0,5,1,0.8000
4,192.0000,38,6,291.5452,-80.5261,0.3092,32,0.7805,0.2000,5,6,2,0,0,6,2,0.6667
4,192.0000,38,7,805.1715,-87.4055,-0.6823,10,0.2439,0.8571,7,8,6,0,0,8,6,0.2500
4,192.0000,38,8,778.2156,-85.5933,-0.9943,12,0.2927,1.0000,8,6,6,0,0,6,6,0.0000
4,192.0000,38,10,420.4836,-82.4654,-0.4713,20,0.4878,0.4000,5,7,6,0,0,7,6,0.1429
4,192.0000,38,11,434.9296,-83.2325,0.5189,26,0.6341,0.7500,8,8,7,0,0,8,7,0.1250
4,192.0000,38,13,814.4171,-87.6113,-0.1472,7,0.1707,1.0000,8,8,8,0,0,8,8,0.0000
4,192.0000,38,14,342.3479,-81.0112,0.0172,32,0.7805,0.6667,6,7,5,0,0,7,5,0.2857
4,192.0000,38,15,371.7320,-78.7586,-0.6496,34,0.8293,0.4000,5,8,8,0,0,8,8,0.0000
4,192.0000,38,16,572.6783,-84.5149,-0.7399,19,0.4634,0.6667,6,7,6,0,0,7,6,0.1429
4,192.0000,38,17,519.2535,-84.6559,-0.1407,24,0.5854,0.8750,8,7,4,0,0,7,4,0.4286
4,192.0000,38,20,467.6094,-82.2232,-0.2557,17,0.4146,0.8571,7,8,8,0,0,8,8,0.0000
4,192.0000,38,22,578.0536,-84.4661,1.2838,12,0.2927,0.8571,7,7,6,0,0,7,6,0.1429
4,192.0000,38,23,534.4751,-84.4897,-1.1480,17,0.4146,0.8750,8,7,5,0,0,7,5,0.2857
4,192.0000,38,24,664.8212,-86.3409,0.1119,15,0.3659,0.8750,8,4,4,0,0,4,4,0.0000
4,192.0000,38,28,925.8529,-86.9130,-0.6760,8,0.1951,1.0000,6,8,8,0,0,8,8,0.0000
4,192.0000,38,30,934.0965,-88.1082,-0.1956,5,0.1220,0.8889,9,6,6,0,0,6,6,0.0000
4,192.0000,38,31,787.4925,-86.3043,-1.3579,7,0.1707,1.0000,20,6,6,0,0,6,6,0.0000
4,192.0000,38,33,278.4743,-79.5499,0.4363,31,0.7561,0.4000,5,7,5,0,0,7,5,0.2857
4,192.0000,38,35,468.3581,-83.5618,0.4651,30,0.7317,0.8571,7,6,4,0,0,6,4,0.3333
4,192.0000,38,37,383.7952,-80.8995,-0.9876,27,0.6585,0.5000,6,5,1,0,0,5,1,0.8000
4,192.0000,38,41,656.0193,-86.2891,-0.1876,13,0.3171,0.8571,7,8,8,0,0,8,8,0.0000
4,192.0000,38,42,745.6754,-86.7003,-0.1506,15,0.3659,1.0000,4,8,8,0,0,8,8,0.0000
4,192.0000,38,43,718.6175,-86.8556,0.2637,9,0.2195,1.0000,8,8,8,0,0,8,8,0.0000
4,192.0000,38,46,742.7216,-85.1309,-0.6507,13,0.3171,0.8571,7,7,5,0,0,7,5,0.2857
4,192.0000,38,47,235.8802,-76.1058,-0.0215,35,0.8537,0.6667,6,4,0,0,0,4,0,1.0000
4,192.0000,39,1,846.5219,-87.5216,-0.0557,5,0.1250,1.0000,4,6,5,0,0,6,5,0.1667
4,192.0000,39,3,918.0121,-86.6759,6.9485,4,0.1000,1.0000,8,8,8,0,0,8,8,0.0000
4,192.0000,39,5,387.8832,-82.4134,1.2360,16,0.4000,1.0000,8,5,2,0,0,5,2,0.6000
4,192.0000,39,7,758.7319,-85.4475,-0.4127,10,0.2500,1.0000,8,6,6,0,0,6,6,0.0000
4,192.0000,39,8,566.4455,-84.4214,0.0506,11,0.2750,1.0000,8,7,6,0,0,7,6,0.1429
4,192.0000,39,9,360.9529,-79.6506,0.0622,24,0.6000,0.4000,5,6,3,0,0,6,3,0.5000
4,192.0000,39,10,679.6333,-85.7816,1.0711,8,0.2000,0.8571,7,6,6,0,0,6,6,0.0000
4,192.0000,39,12,630.0213,-85.6879,0.2250,10,0.2500,0.9000,10,5,5,0,0,5,5,0.0000
4,192.0000,39,13,539.3341,-84.4462,0.3980,7,0.1750,1.0000,8,8,8,0,0,8,8,0.0000
4,192.0000,39,15,795.9080,-87.4873,-0.1940,6,0.1500,1.0000,8,8,8,0,0,8,8,0.0000
4,192.0000,39,16,742.4844,-86.6064,-0.0340,9,0.2250,0.8750,8,8,8,0,0,8,8,0.0000
4,192.0000,39,18,760.9878,-86.5359,-0.0758,12,0.3000,0.6667,3,8,7,0,0,8,7,0.1250
4,192.0000,39,19,253.0604,-78.8813,-0.2308,26,0.6500,0.5000,6,6,2,0,0,6,2,0.6667
4,192.0000,39,20,657.2994,-85.1669,-0.1069,10,0.2500,0.8750,8,8,8,0,0,8,8,0.0000
4,192.0000,39,21,935.6848,-88.3186,3.4467,4,0.1000,,0,6,6,0,0,6,6,0.0000
4,192.0000,39,22,842.6099,-88.3684,-0.9348,6,0.1500,0.8333,6,2,2,0,0,2,2,0.0000
4,192.0000,39,23,763.8493,-87.6592,-0.4633,6,0.1500,1.0000,8,10,10,0,0,10,10,0.0000
4,192.0000,39,25,772.4278,-87.1854,-0.2783,7,0.1750,0.8750,8,5,4,0,0,5,4,0.2000
4,192.0000,39,26,195.0749,-76.9535,1.1037,30,0.7500,0.4286,7,5,1,0,0,5,1,0.8000
4,192.0000,39,28,459.2004,-83.7820,0.8570,18,0.4500,0.4000,5,7,5,0,0,7,5,0.2857
4,192.0000,39,29,409.5800,-81.8100,0.5781,21,0.5250,0.7143,7,8,6,0,0,8,6,0.2500
4,192.0000,39,30,586.8605,-84.9477,0.9057,9,0.2250,1.0000,8,7,5,0,0,7,5,0.2857
4,192.0000,39,31,426.0915,-82.0959,-0.3141,16,0.4000,0.8571,7,7,6,15,14,22,20,0.0909
4,192.0000,39,32,701.5103,-86.2637,-0.3949,11,0.2750,0.8571,7,8,7,0,0,8,7,0.1250
4,192.0000,39,34,414.0475,-83.7529,0.8978,18,0.4500,1.0000,8,7,4,0,0,7,4,0.4286
4,192.0000,39,36,891.4313,-87.7886,1.1471,5,0.1250,1.0000,6,8,8,0,0,8,8,0.0000
4,192.0000,39,37,976.8248,-87.4412,-0.6956,4,0.1000,1.0000,8,6,6,0,0,6,6,0.0000
4,192.0000,39,40,443.9021,-83.0644,-0.8021,18,0.4500,0.6667,6,8,8,0,0,8,8,0.0000
4,192.0000,39,41,442.4815,-81.3216,-0.2091,17,0.4250,1.0000,8,7,6,0,0,7,6,0.1429
4,192.0000,39,43,422.7364,-80.6829,-0.6296,15,0.3750,0.4000,5,7,5,0,0,7,5,0.2857
4,192.0000,39,44,513.3495,-83.4856,0.1432,15,0.3750,1.0000,8,6,3,0,0,6,3,0.5000
4,192.0000,39,46,639.5023,-86.6815,0.6765,8,0.2000,0.6667,6,8,8,0,0,8,8,0.0000
4,192.0000,40,0,722.3255,-86.3009,0.0534,19,0.4634,0.8750,8,6,5,0,0,6,5,0.1667
4,192.0000,40,1,661.7539,-85.4312,-0.1301,16,0.3902,0.8750,8,7,5,0,0,7,5,0.2857
4,192.0000,40,5,509.0386,-83.7311,-0.5078,19,0.4634,0.6250,8,7,5,0,0,7,5,0.2857
4,192.0000,40,7,1175.2262,-89.3882,-0.7551,3,0.0732,1.0000,4,2,2,0,0,2,2,0.0000
4,192.0000,40,8,876.4588,-87.5162,-0.1105,4,0.0976,1.0000,8,6,6,0,0,6,6,0.0000
4,192.0000,40,9,390.0469,-81.8312,0.8428,22,0.5366,0.6667,6,5,2,0,0,5,2,0.6000
4,192.0000,40,10,967.6948,-87.6764,-0.6227,5,0.1220,1.0000,6,4,4,0,0,4,4,0.0000
4,192.0000,40,12,304.3564,-78.0493,-0.7390,35,0.8537,0.3000,10,6,3,0,0,6,3,0.5000
4,192.0000,40,13,690.6911,-85.5165,0.2577,12,0.2927,0.8571,7,8,8,0,0,8,8,0.0000
4,192.0000,40,16,1114.1107,-88.6412,2.2258,3,0.0732,1.0000,4,6,6,0,0,6,6,0.0000
4,192.0000,40,18,545.2346,-84.0155,-0.4867,25,0.6098,0.9540,87,7,4,0,0,7,4,0.4286
4,192.0000,40,19,271.2528,-79.4805,1.2930,25,0.6098,0.3333,6,5,1,0,0,5,1,0.8000
4,192.0000,40,20,964.7051,-87.7245,-0.0378,3,0.0732,1.0000,4,8,8,0,0,8,8,0.0000
4,192.0000,40,21,508.1212,-82.8785,-0.1150,28,0.6829,0.6667,6,8,8,0,0,8,8,0.0000
4,192.0000,40,23,951.9115,-88.1823,-0.3967,8,0.1951,1.0000,6,6,6,0,0,6,6,0.0000
4,192.0000,40,25,688.8772,-86.3080,-0.1585,12,0.2927,1.0000,8,8,8,0,0,8,8,0.0000
4,192.0000,40,26,349.3522,-78.1196,-0.6819,25,0.6098,0.2000,5,8,8,0,0,8,8,0.0000
4,192.0000,40,27,809.5221,-87.5452,-0.8237,12,0.2927,1.0000,8,7,5,0,0,7,5,0.2857
4,192.0000,40,28,568.4199,-84.6204,-0.4327,12,0.2927,1.0000,8,7,6,0,0,7,6,0.1429
4,192.0000,40,29,674.4102,-85.7668,0.0376,13,0.3171,0.8750,8,8,8,0,0,8,8,0.0000
4,192.0000,40,30,616.3976,-87.1852,0.5683,8,0.1951,1.0000,8,8,8,0,0,8,8,0.0000
4,192.0000,40,31,646.1907,-86.5189,0.0845,11,0.2683,1.0000,8,8,7,0,0,8,7,0.1250
4,192.0000,40,32,621.7921,-85.8055,-0.2654,14,0.3415,0.8750,8,8,7,0,0,8,7,0.1250
4,192.0000,40,34,331.0970,-81.7516,0.0522,24,0.5854,0.6415,53,6,3,130,96,136,99,0.2721
4,192.0000,40,36,627.9680,-86.3118,0.2994,18,0.4390,1.0000,8,7,5,0,0,7,5,0.2857
4,192.0000,40,39,443.9021,-84.3021,-0.5660,15,0.3659,1.0000,8,8,8,0,0,8,8,0.0000
4,192.0000,40,41,759.4142,-86.5857,-0.2103,8,0.1951,1.0000,8,8,7,0,0,8,7,0.1250
4,192.0000,40,43,716.7588,-86.5708,-0.1477,11,0.2683,1.0000,8,8,8,0,0,8,8,0.0000
4,192.0000,40,44,309.2239,-79.7130,-0.3131,30,0.7317,0.2000,5,6,4,0,0,6,4,0.3333
4,192.0000,40,45,790.6492,-86.3657,-0.4787,14,0.3415,1.0000,8,8,8,0,0,8,8,0.0000
4,192.0000,40,46,802.0290,-87.8323,-1.9524,6,0.1463,1.0000,8,8,8,0,0,8,8,0.0000
4,192.0000,41,2,832.2350,-87.9119,-0.3853,10,0.2439,1.0000,8,8,8,0,0,8,8,0.0000
4,192.0000,41,3,490.4288,-84.1493,0.7594,18,0.4390,0.8750,8,8,8,0,0,8,8,0.0000
4,192.0000,41,4,813.1198,-87.4598,-0.4029,9,0.2195,0.8571,7,6,6,0,0,6,6,0.0000
4,192.0000,41,5,790.7229,-86.8571,0.0363,12,0.2927,1.0000,4,6,6,0,0,6,6,0.0000
4,192.0000,41,6,878.6874,-87.6176,-0.0984,12,0.2927,1.0000,4,6,6,0,0,6,6,0.0000
4,192.0000,41,7,590.1483,-84.6368,-0.8392,17,0.4146,0.7143,7,8,8,0,0,8,8,0.0000
4,192.0000,41,8,315.3382,-77.7187,-0.9208,34,0.8293,0.2000,5,6,3,0,0,6,3,0.5000
4,192.0000,41,9,712.8034,-85.3096,-0.1722,11,0.2683,1.0000,12,8,7,0,0,8,7,0.1250
4,192.0000,41,10,279.4691,-78.9341,0.7440,26,0.6341,0.5000,6,6,3,0,0,6,3,0.5000
4,192.0000,41,12,872.6274,-88.1642,-0.4187,5,0.1220,1.0000,2,6,6,0,0,6,6,0.0000
4,192.0000,41,13,443.3289,-82.5529,0.6596,18,0.4390,0.6667,6,8,7,0,0,8,7,0.1250
4,192.0000,41,14,966.8990,-88.1805,0.6589,6,0.1463,1.0000,4,4,4,0,0,4,4,0.0000
4,192.0000,41,15,455.3679,-83.4342,0.4511,18,0.4390,1.0000,8,8,7,0,0,8,7,0.1250
4,192.0000,41,16,408.4963,-80.6546,-0.5910,22,0.5366,0.7500,8,6,3,0,0,6,3,0.5000
4,192.0000,41,19,669.0250,-85.4736,-1.2232,14,0.3415,1.0000,10,8,8,0,0,8,8,0.0000
4,192.0000,41,20,217.1198,-77.8529,1.1429,30,0.7317,0.0000,4,6,3,0,0,6,3,0.5000
4,192.0000,41,22,458.3343,-83.1322,-0.3460,20,0.4878,0.7143,7,8,7,0,0,8,7,0.1250
4,192.0000,41,23,373.5667,-81.3732,-0.2725,22,0.5366,0.8571,7,7,4,0,0,7,4,0.4286
4,192.0000,41,24,1069.6292,-89.7080,0.1574,3,0.0732,1.0000,4,2,2,0,0,2,2,0.0000
4,192.0000,41,26,432.7627,-83.3523,-0.2682,18,0.4390,0.7143,7,6,4,0,0,6,4,0.3333
4,192.0000,41,28,470.7982,-83.2175,0.0090,18,0.4390,0.8571,7,8,8,0,0,8,8,0.0000
4,192.0000,41,29,704.3022,-85.5656,0.2791,14,0.3415,1.0000,6,8,8,0,0,8,8,0.0000
4,192.0000,41,30,531.3824,-84.5525,0.7117,15,0.3659,0.8571,7,7,6,0,0,7,6,0.1429
4,192.0000,41,31,328.6830,-80.3720,0.5646,28,0.6829,0.6667,6,8,4,0,0,8,4,0.5000
4,192.0000,41,33,598.2735,-85.8181,0.6392,17,0.4146,0.8750,8,7,6,0,0,7,6,0.1429
4,192.0000,41,34,847.0154,-88.8251,-0.2600,5,0.1220,,0,8,7,0,0,8,7,0.1250
4,192.0000,41,35,1096.0832,-88.4363,2.6139,3,0.0732,1.0000,4,4,4,0,0,4,4,0.0000
4,192.0000,41,37,637.1196,-85.5060,-0.6890,19,0.4634,0.6667,6,6,4,0,0,6,4,0.3333
4,192.0000,41,38,656.0193,-86.0292,0.2341,13,0.3171,0.7500,8,8,8,0,0,8,8,0.0000
4,192.0000,41,39,442.4815,-80.9960,-0.4929,17,0.4146,0.8333,12,6,4,0,0,6,4,0.3333
4,192.0000,41,40,759.4142,-87.2955,-0.6263,10,0.2439,0.8750,8,8,8,0,0,8,8,0.0000
4,192.0000,41,43,83.6933,-69.8856,1.5242,38,0.9268,0.0000,4,4,0,0,0,4,0,1.0000
4,192.0000,41,44,728.4192,-86.1403,-0.6508,13,0.3171,0.8571,7,8,8,0,0,8,8,0.0000
4,192.0000,41,46,477.9579,-84.1598,0.6467,18,0.4390,1.0000,8,8,6,0,0,8,6,0.2500
4,192.0000,41,47,615.5923,-85.8211,1.0474,11,0.2683,0.4000,5,7,6,0,0,7,6,0.1429
4,192.0000,42,2,231.0408,-78.4049,0.7559,22,0.5500,0.4286,7,4,0,0,0,4,0,1.0000
4,192.0000,42,3,747.9838,-85.7822,-1.2699,3,0.0750,1.0000,8,8,8,0,0,8,8,0.0000
4,192.0000,42,4,726.9267,-85.6837,-1.2923,8,0.2000,1.0000,6,8,8,0,0,8,8,0.0000
4,192.0000,42,6,637.9302,-84.4943,-0.9583,7,0.1750,0.8750,8,8,8,0,0,8,8,0.0000
4,192.0000,42,11,946.6451,-87.2340,-3.5904,4,0.1000,1.0000,6,8,8,0,0,8,8,0.0000
4,192.0000,42,14,697.5984,-86.2429,-0.4786,6,0.1500,0.8750,8,8,8,0,0,8,8,0.0000
4,192.0000,42,22,609.5539,-85.0582,-1.0045,4,0.1000,1.0000,8,7,6,0,0,7,6,0.1429
4,192.0000,42,24,317.3819,-78.6753,0.0108,32,0.8000,0.2000,5,6,2,0,0,6,2,0.6667
4,192.0000,42,33,510.9413,-82.0829,-1.4640,6,0.1500,1.0000,8,8,8,0,0,8,8,0.0000
4,192.0000,43,2,857.9957,-88.4687,0.1801,5,0.1250,1.0000,6,6,6,0,0,6,6,0.0000
4,192.0000,43,3,547.2550,-84.2456,-0.1758,9,0.2250,0.8571,7,7,5,0,0,7,5,0.2857
4,192.0000,43,4,852.9064,-88.5950,-0.0827,3,0.0750,1.0000,4,6,6,0,0,6,6,0.0000
4,192.0000,43,5,752.9578,-85.7432,0.1397,7,0.1750,1.0000,8,7,6,0,0,7,6,0.1429
4,192.0000,43,6,941.1521,-87.9744,0.2697,5,0.1250,1.0000,6,6,6,0,0,6,6,0.0000
4,192.0000,43,7,606.1499,-84.2239,0.0944,13,0.3250,0.7143,7,6,4,0,0,6,4,0.3333
4,192.0000,43,8,271.7688,-75.7109,-1.0198,29,0.7250,0.2000,5,8,5,0,0,8,5,0.3750
4,192.0000,43,9,658.5919,-84.3738,-0.9360,12,0.3000,0.8000,5,8,8,44,42,52,50,0.0385
4,192.0000,43,10,348.0355,-81.2464,0.8916,16,0.4000,0.5000,6,7,6,0,0,7,6,0.1429
4,192.0000,43,12,849.5036,-86.4981,-0.2932,6,0.1500,1.0000,6,6,6,0,0,6,6,0.0000
4,192.0000,43,13,481.0423,-84.4239,0.4784,15,0.3750,1.0000,8,7,5,0,0,7,5,0.2857
4,192.0000,43,14,1029.8698,-88.0937,0.3041,3,0.0750,,0,4,4,0,0,4,4,0.0000
4,192.0000,43,15,532.5446,-85.8188,0.6522,8,0.2000,0.8000,5,7,6,0,0,7,6,0.1429
4,192.0000,43,16,427.9568,-81.0658,-0.3146,19,0.4750,0.8750,8,6,3,0,0,6,3,0.5000
4,192.0000,43,19,644.1958,-85.2604,-0.7287,11,0.2750,1.0000,8,8,8,0,0,8,8,0.0000
4,192.0000,43,20,259.9773,-79.8247,1.4152,20,0.5000,0.6667,6,7,2,0,0,7,2,0.7143
4,192.0000,43,22,453.4109,-82.2831,-0.3949,18,0.4500,0.8750,8,5,2,0,0,5,2,0.6000
4,192.0000,43,23,395.1954,-82.7058,0.5185,15,0.3750,0.8571,7,5,2,0,0,5,2,0.6000
4,192.0000,43,26,409.6891,-82.3974,0.4632,13,0.3250,0.7143,7,7,5,0,0,7,5,0.2857
4,192.0000,43,28,492.0068,-83.4078,0.2525,12,0.3000,0.8571,7,7,5,0,0,7,5,0.2857
4,192.0000,43,29,666.9050,-84.8337,0.2555,14,0.3500,1.0000,6,8,7,52,50,60,57,0.0500
4,192.0000,43,30,544.7670,-85.7264,-0.1102,14,0.3500,1.0000,8,7,6,0,0,7,6,0.1429
4,192.0000,43,31,366.1336,-81.9962,1.2482,17,0.4250,0.7500,8,6,4,0,0,6,4,0.3333
4,192.0000,43,32,1063.5191,-87.7214,-0.6575,4,0.1000,1.0000,4,4,4,0,0,4,4,0.0000
4,192.0000,43,33,642.5374,-86.2963,0.7120,10,0.2500,1.0000,8,8,7,0,0,8,7,0.1250
4,192.0000,43,34,818.9348,-87.7343,0.5647,11,0.2750,1.0000,8,8,8,0,0,8,8,0.0000
4,192.0000,43,37,707.3746,-87.1196,0.5980,7,0.1750,0.8750,8,7,6,0,0,7,6,0.1429
4,192.0000,43,38,718.6175,-86.0301,-1.7573,6,0.1500,1.0000,8,8,8,0,0,8,8,0.0000
4,192.0000,43,39,422.7364,-80.3789,-0.7919,22,0.5500,0.8462,78,8,7,8,7,16,14,0.1250
4,192.0000,43,40,716.7588,-85.8422,-0.6672,6,0.1500,1.0000,8,7,6,0,0,7,6,0.1429
4,192.0000,43,41,83.6933,-69.8584,1.2885,35,0.8750,0.0000,4,4,0,0,0,4,0,1.0000
4,192.0000,43,42,1028.5271,-88.7867,0.7049,3,0.0750,,0,4,4,0,0,4,4,0.0000
4,192.0000,43,44,713.2538,-84.0361,0.3628,8,0.2000,1.0000,6,5,4,0,0,5,4,0.2000
4,192.0000,43,46,526.4344,-84.9083,0.0226,11,0.2750,1.0000,8,8,8,0,0,8,8,0.0000
4,192.0000,43,47,685.7760,-86.6830,0.6875,10,0.2500,1.0000,8,8,8,0,0,8,8,0.0000
4,192.0000,44,0,759.9238,-85.5214,-0.3306,10,0.2439,1.0000,8,7,5,0,0,7,5,0.2857
4,192.0000,44,1,907.7955,-87.7624,-0.1847,5,0.1220,1.0000,2,6,6,0,0,6,6,0.0000
4,192.0000,44,5,729.4026,-86.6058,0.4938,7,0.1707,1.0000,8,8,8,0,0,8,8,0.0000
4,192.0000,44,9,646.0732,-84.4790,-0.8047,7,0.1707,1.0000,8,8,8,0,0,8,8,0.0000
4,192.0000,44,10,857.3119,-86.0024,-1.5357,4,0.0976,1.0000,8,8,8,0,0,8,8,0.0000
4,192.0000,44,12,160.1788,-77.0303,1.7804,31,0.7561,0.5714,7,4,0,0,0,4,0,1.0000
4,192.0000,44,13,482.6959,-81.7446,-0.5621,12,0.2927,1.0000,8,7,5,0,0,7,5,0.2857
4,192.0000,44,18,694.9091,-86.5502,-0.3540,10,0.2439,0.8750,8,8,8,0,0,8,8,0.0000
4,192.0000,44,19,394.6517,-82.0841,0.9540,14,0.3415,0.8571,7,6,3,0,0,6,3,0.5000
4,192.0000,44,21,554.9158,-84.4742,-0.5264,13,0.3171,1.0000,8,6,4,0,0,6,4,0.3333
4,192.0000,44,25,964.0258,-89.1439,-0.4469,4,0.0976,0.8571,7,6,6,0,0,6,6,0.0000
4,192.0000,44,26,349.8269,-78.0496,-0.9901,21,0.5122,0.2000,5,7,6,0,0,7,6,0.1429
4,192.0000,44,28,359.9995,-80.4789,-0.7994,17,0.4146,0.5000,6,7,6,0,0,7,6,0.1429
4,192.0000,44,29,868.9346,-86.5482,-0.2505,3,0.0732,1.0000,8,8,7,0,0,8,7,0.1250
4,192.0000,44,30,385.4823,-81.5893,0.5059,13,0.3171,0.6667,6,8,8,0,0,8,8,0.0000
4,192.0000,44,31,494.8212,-83.3205,-1.1945,8,0.1951,0.7500,8,8,8,0,0,8,8,0.0000
4,192.0000,44,32,890.5553,-88.3915,0.2844,4,0.0976,1.0000,4,6,6,0,0,6,6,0.0000
4,192.0000,44,34,508.9891,-84.2314,0.5207,12,0.2927,0.8750,8,8,8,0,0,8,8,0.0000
4,192.0000,44,36,850.6435,-87.3713,-1.1181,4,0.0976,1.0000,6,4,4,0,0,4,4,0.0000
4,192.0000,44,39,513.3495,-84.9397,-0.7030,11,0.2683,0.8571,7,7,6,0,0,7,6,0.1429
4,192.0000,44,40,309.2239,-79.3413,-0.4764,22,0.5366,0.6667,6,5,1,0,0,5,1,0.8000
4,192.0000,44,41,728.4192,-86.3677,0.7295,4,0.0976,1.0000,8,8,8,0,0,8,8,0.0000
4,192.0000,44,43,713.2538,-87.2656,0.1860,3,0.0732,1.0000,8,8,8,0,0,8,8,0.0000
4,192.0000,44,45,834.5518,-86.4100,-0.4599,9,0.2195,,0,8,8,0,0,8,8,0.0000
4,192.0000,44,46,585.0806,-84.9809,-1.1604,5,0.1220,1.0000,8,7,6,0,0,7,6,0.1429
4,192.0000,45,0,127.2332,-71.7144,0.3546,37,0.9250,0.0000,4,4,0,0,0,4,0,1.0000
4,192.0000,45,1,852.9531,-86.2234,-4.3381,4,0.1000,1.0000,8,8,8,0,0,8,8,0.0000
4,192.0000,45,12,678.6931,-84.5940,-0.0572,9,0.2250,0.8750,8,8,8,0,0,8,8,0.0000
4,192.0000,45,18,685.4356,-84.9371,-0.4585,7,0.1750,1.0000,10,5,3,0,0,5,3,0.4000
4,192.0000,45,21,307.4113,-78.7151,0.0181,28,0.7000,0.8571,7,6,4,0,0,6,4,0.3333
4,192.0000,45,27,846.4389,-87.1914,0.7898,4,0.1000,1.0000,8,6,6,0,0,6,6,0.0000
4,192.0000,45,34,888.2401,-88.8656,0.7335,3,0.0750,1.0000,8,8,8,0,0,8,8,0.0000
4,192.0000,45,36,682.3926,-85.7783,-0.2111,9,0.2250,1.0000,8,8,8,0,0,8,8,0.0000
4,192.0000,45,40,790.6492,-87.3999,-1.5144,5,0.1250,0.8750,8,8,8,0,0,8,8,0.0000
4,192.0000,46,2,1143.4366,-88.0267,-0.7318,3,0.0732,1.0000,4,6,6,0,0,6,6,0.0000
4,192.0000,46,3,641.9463,-86.5292,-0.9419,10,0.2439,0.8571,7,8,8,0,0,8,8,0.0000
4,192.0000,46,4,914.5149,-88.3196,-0.1171,4,0.0976,1.0000,6,4,4,0,0,4,4,0.0000
4,192.0000,46,5,1020.4564,-89.1631,0.1574,3,0.0732,,0,6,6,0,0,6,6,0.0000
4,192.0000,46,6,1002.8318,-88.6524,0.1294,4,0.0976,1.0000,8,6,6,0,0,6,6,0.0000
4,192.0000,46,7,1002.6251,-88.9516,-0.1022,4,0.0976,1.0000,6,6,6,0,0,6,6,0.0000
4,192.0000,46,8,790.6153,-87.3181,-0.8324,5,0.1220,1.0000,8,6,5,0,0,6,5,0.1667
4,192.0000,46,9,957.1683,-87.8033,0.4902,3,0.0732,1.0000,6,8,8,0,0,8,8,0.0000
4,192.0000,46,10,394.2215,-81.7257,-0.3483,14,0.3415,0.8750,8,5,4,0,0,5,4,0.2000
4,192.0000,46,12,735.0952,-87.2578,2.1100,3,0.0732,,0,6,6,0,0,6,6,0.0000
4,192.0000,46,13,113.9258,-72.8309,1.8324,36,0.8780,0.2000,5,4,0,0,0,4,0,1.0000
4,192.0000,46,14,1057.5867,-87.9872,-0.7825,3,0.0732,,0,4,4,0,0,4,4,0.0000
4,192.0000,46,15,387.1251,-82.4673,-1.4356,16,0.3902,0.8571,7,8,7,0,0,8,7,0.1250
4,192.0000,46,16,827.8310,-87.5661,0.8933,3,0.0732,0.8571,7,8,8,0,0,8,8,0.0000
4,192.0000,46,19,748.3019,-86.9380,-0.0710,6,0.1463,1.0000,8,8,7,0,0,8,7,0.1250
4,192.0000,46,20,552.9377,-85.4480,0.2171,11,0.2683,1.0000,8,8,8,0,0,8,8,0.0000
4,192.0000,46,22,859.7146,-88.8805,-0.8312,4,0.0976,1.0000,4,6,6,0,0,6,6,0.0000
4,192.0000,46,23,451.8083,-83.2750,-0.6727,14,0.3415,0.8889,9,7,6,0,0,7,6,0.1429
4,192.0000,46,26,523.5638,-84.5769,0.8871,10,0.2439,0.8750,8,8,7,0,0,8,7,0.1250
4,192.0000,46,28,240.8663,-77.8154,0.4223,30,0.7317,0.4000,5,5,1,0,0,5,1,0.8000
4,192.0000,46,30,241.0353,-77.7146,0.0785,33,0.8049,0.0000,4,7,3,0,0,7,3,0.5714
4,192.0000,46,31,216.3508,-77.0172,0.4819,28,0.6829,0.2000,5,5,2,0,0,5,2,0.6000
4,192.0000,46,33,858.5095,-87.1398,0.6794,5,0.1220,1.0000,8,8,7,0,0,8,7,0.1250
4,192.0000,46,37,456.9242,-81.1434,-0.3532,19,0.4634,0.5714,7,8,7,0,0,8,7,0.1250
4,192.0000,46,38,742.7216,-86.3380,0.7248,7,0.1707,0.7143,7,6,6,0,0,6,6,0.0000
4,192.0000,46,39,639.5023,-86.6873,0.6698,6,0.1463,1.0000,8,5,4,0,0,5,4,0.2000
4,192.0000,46,40,802.0290,-87.3829,0.5282,6,0.1463,0.8571,7,8,8,0,0,8,8,0.0000
4,192.0000,46,41,477.9579,-83.9751,-0.5359,10,0.2439,1.0000,8,7,5,0,0,7,5,0.2857
4,192.0000,46,43,526.4344,-83.6442,0.7356,9,0.2195,1.0000,8,8,8,0,0,8,8,0.0000
4,192.0000,46,44,585.0806,-84.6337,1.0159,8,0.1951,0.8571,7,8,8,0,0,8,8,0.0000
4,192.0000,46,47,552.3680,-84.0477,-0.4055,15,0.3659,0.7778,9,6,6,0,0,6,6,0.0000
4,192.0000,47,2,749.5198,-86.1329,0.6069,9,0.2250,1.0000,8,8,8,0,0,8,8,0.0000
4,192.0000,47,3,266.3410,-78.4197,-0.0763,28,0.7000,0.2000,5,6,3,0,0,6,3,0.5000
4,192.0000,47,4,451.2637,-83.8969,0.7542,17,0.4250,0.8571,7,6,4,0,0,6,4,0.3333
4,192.0000,47,6,489.7768,-83.1912,0.8666,13,0.3250,1.0000,8,7,5,0,0,7,5,0.2857
4,192.0000,47,7,906.1111,-87.3815,0.9835,5,0.1250,1.0000,8,10,10,0,0,10,10,0.0000
4,192.0000,47,8,824.7305,-87.4122,-0.7233,7,0.1750,0.8571,7,8,7,0,0,8,7,0.1250
4,192.0000,47,10,339.2714,-80.2608,-0.6218,23,0.5750,0.6667,6,6,4,0,0,6,4,0.3333
4,192.0000,47,11,511.1896,-85.4005,-0.1970,19,0.4750,0.6667,6,6,5,0,0,6,5,0.1667
4,192.0000,47,13,641.5197,-85.4018,-0.0162,10,0.2500,0.8750,8,8,7,0,0,8,7,0.1250
4,192.0000,47,14,522.0712,-83.7784,-0.0923,18,0.4500,1.0000,8,7,6,0,0,7,6,0.1429
4,192.0000,47,15,208.5876,-69.8602,-3.1752,30,0.7500,0.4000,5,8,5,0,0,8,5,0.3750
4,192.0000,47,16,679.5720,-84.6385,0.2701,11,0.2750,0.5000,6,8,8,0,0,8,8,0.0000
4,192.0000,47,17,631.9982,-85.6895,-0.5050,14,0.3500,0.8571,7,8,8,0,0,8,8,0.0000
4,192.0000,47,20,478.4968,-82.2708,-0.7375,15,0.3750,0.8571,7,7,4,0,0,7,4,0.4286
4,192.0000,47,22,693.2084,-85.9161,-1.5964,10,0.2500,1.0000,8,8,8,0,0,8,8,0.0000
4,192.0000,47,23,458.3684,-81.9590,0.5648,17,0.4250,0.5000,6,7,5,0,0,7,5,0.2857
4,192.0000,47,28,764.1553,-85.6455,-1.7387,8,0.2000,1.0000,8,7,5,0,0,7,5,0.2857
4,192.0000,47,30,761.2809,-87.2999,0.2769,7,0.1750,0.8571,7,8,8,0,0,8,8,0.0000
4,192.0000,47,31,646.1311,-85.1349,-0.1664,11,0.2750,0.8571,7,8,8,0,0,8,8,0.0000
4,192.0000,47,33,476.3775,-82.9462,0.1019,16,0.4000,0.8571,7,7,5,0,0,7,5,0.2857
4,192.0000,47,35,503.0226,-84.9766,0.5064,16,0.4000,0.6000,5,6,4,0,0,6,4,0.3333
4,192.0000,47,37,147.9726,-71.7579,-0.7378,34,0.8500,0.0000,4,4,0,0,0,4,0,1.0000
4,192.0000,47,38,235.8802,-76.7653,-0.7418,30,0.7500,0.2000,5,4,0,0,0,4,0,1.0000
4,192.0000,47,41,615.5923,-86.3377,-1.0859,10,0.2500,1.0000,8,7,6,0,0,7,6,0.1429
4,192.0000,47,42,972.4952,-88.8092,0.3142,5,0.1250,1.0000,6,6,6,0,0,6,6,0.0000
4,192.0000,47,43,685.7760,-86.1588,-0.2773,8,0.2000,0.8571,7,6,6,0,0,6,6,0.0000
4,192.0000,47,46,552.3680,-83.5122,-1.6217,10,0.2500,0.8571,7,8,7,0,0,8,7,0.1250
4,196.0000,0,1,828.6414,-87.7903,0.1091,3,0.0750,1.0000,8,7,6,0,0,7,6,0.1429
4,196.0000,0,12,667.2649,-85.1775,0.5397,6,0.1500,1.0000,8,8,8,0,0,8,8,0.0000
4,196.0000,0,18,581.5107,-84.1572,0.1646,14,0.3500,1.0000,8,6,4,0,0,6,4,0.3333
4,196.0000,0,19,818.7449,-87.8184,-0.5511,3,0.0750,1.0000,8,7,6,0,0,7,6,0.1429
4,196.0000,0,21,219.6247,-78.1333,0.2255,31,0.7750,0.2000,5,4,0,0,0,4,0,1.0000
4,196.0000,0,25,964.9970,-88.8548,0.5148,3,0.0750,1.0000,4,6,6,0,0,6,6,0.0000
4,196.0000,0,27,810.2420,-87.6475,0.1151,8,0.2000,1.0000,8,8,8,0,0,8,8,0.0000
4,196.0000,0,32,869.7836,-87.6461,0.1440,4,0.1000,1.0000,6,8,8,0,0,8,8,0.0000
4,196.0000,0,36,531.1031,-84.5334,1.1190,13,0.3250,1.0000,8,7,6,0,0,7,6,0.1429
4,196.0000,0,44,674.0178,-84.2805,-0.7459,4,0.1000,1.0000,8,7,6,0,0,7,6,0.1429
4,196.0000,0,45,123.7479,-71.4581,0.9994,39,0.9750,0.0000,4,4,0,0,0,4,0,1.0000
4,196.0000,1,0,828.6414,-86.6265,0.0221,6,0.1500,0.8571,7,8,7,0,0,8,7,0.1250
4,196.0000,1,5,670.3598,-84.3867,-1.4379,8,0.2000,1.0000,8,7,6,0,0,7,6,0.1429
4,196.0000,1,9,557.3757,-84.1413,-0.3349,14,0.3500,1.0000,8,8,7,0,0,8,7,0.1250
4,196.0000,1,18,341.0570,-80.0694,-0.2746,31,0.7750,0.2000,5,7,5,0,0,7,5,0.2857
4,196.0000,1,19,745.7152,-86.5588,-1.0208,9,0.2250,1.0000,8,8,8,0,0,8,8,0.0000
4,196.0000,1,21,809.0811,-87.0074,-1.6195,7,0.1750,1.0000,8,7,6,0,0,7,6,0.1429
4,196.0000,1,25,199.3195,-77.0882,0.0027,35,0.8750,0.5000,6,4,0,0,0,4,0,1.0000
4,196.0000,1,27,233.2203,-77.1368,-0.0722,36,0.9000,0.0000,4,4,0,0,0,4,0,1.0000
4,196.0000,1,29,871.9155,-86.4484,-1.0993,3,0.0750,1.0000,8,8,8,0,0,8,8,0.0000
4,196.0000,1,32,172.2281,-75.4187,0.6876,34,0.8500,0.2000,5,5,1,0,0,5,1,0.8000
4,196.0000,1,34,615.3733,-83.8169,0.3934,14,0.3500,0.5000,6,9,8,0,0,9,8,0.1111
4,196.0000,1,36,300.3333,-77.4114,-1.5041,36,0.9000,0.0000,4,6,2,0,0,6,2,0.6667
4,196.0000,1,40,647.2597,-85.4255,-0.0291,10,0.2500,0.8571,7,8,8,0,0,8,8,0.0000
4,196.0000,1,45,900.6968,-87.4458,0.1058,10,0.2500,1.0000,4,6,6,0,0,6,6,0.0000
4,196.0000,2,3,654.6437,-84.3155,-1.0058,7,0.1750,1.0000,8,8,8,0,0,8,8,0.0000
4,196.0000,2,4,585.7276,-84.5917,1.0138,6,0.1500,1.0000,8,7,6,0,0,7,6,0.1429
4,196.0000,2,6,647.2250,-85.0581,-0.8440,11,0.2750,0.8750,8,8,8,0,0,8,8,0.0000
4,196.0000,2,7,578.0580,-85.5187,-0.0622,9,0.2250,0.7143,7,6,4,0,0,6,4,0.3333
4,196.0000,2,8,731.7224,-87.3092,0.0272,6,0.1500,1.0000,8,8,7,0,0,8,7,0.1250
4,196.0000,2,10,734.7416,-87.0100,0.1001,4,0.1000,1.0000,8,8,8,0,0,8,8,0.0000
4,196.0000,2,11,828.7874,-87.8288,-0.7406,4,0.1000,0.8750,8,8,8,0,0,8,8,0.0000
4,196.0000,2,14,602.1210,-83.7689,-0.1772,10,0.2500,0.8571,7,8,7,0,0,8,7,0.1250
4,196.0000,2,16,394.3538,-82.3696,0.7917,12,0.3000,0.6667,6,5,2,0,0,5,2,0.6000
4,196.0000,2,17,766.9646,-87.0890,0.1952,8,0.2000,0.8889,9,6,6,0,0,6,6,0.0000
4,196.0000,2,20,732.2874,-85.8510,-1.0807,4,0.1000,1.0000,8,8,8,0,0,8,8,0.0000
4,196.0000,2,22,436.4752,-82.0792,0.6880,11,0.2750,0.8750,8,8,7,0,0,8,7,0.1250
4,196.0000,2,23,864.7583,-88.1503,0.0563,4,0.1000,1.0000,8,8,8,0,0,8,8,0.0000
4,196.0000,2,24,404.3936,-81.1221,-0.4017,23,0.5750,0.8571,7,7,5,0,0,7,5,0.2857
4,196.0000,2,33,442.5193,-79.1982,-0.4960,12,0.3000,0.8000,15,6,4,2,2,8,6,0.2500
4,196.0000,2,35,868.8468,-87.2205,0.3796,7,0.1750,1.0000,6,8,8,0,0,8,8,0.0000
4,196.0000,2,38,633.3588,-85.3938,-0.7406,8,0.2000,0.8571,7,7,6,0,0,7,6,0.1429
4,196.0000,2,41,818.7723,-88.9581,0.2609,4,0.1000,1.0000,8,8,8,0,0,8,8,0.0000
4,196.0000,2,42,106.1116,-73.9175,1.7834,35,0.8750,0.0000,5,5,1,0,0,5,1,0.8000
4,196.0000,2,43,849.4269,-87.9750,0.1111,4,0.1000,1.0000,8,8,8,0,0,8,8,0.0000
4,196.0000,2,47,843.7066,-86.9406,-2.2178,3,0.0750,1.0000,8,8,8,0,0,8,8,0.0000
4,196.0000,3,2,654.6437,-85.1512,0.7914,12,0.3000,1.0000,8,8,8,0,0,8,8,0.0000
4,196.0000,3,4,278.4800,-78.8269,0.3857,27,0.6750,0.7143,7,4,0,0,0,4,0,1.0000
4,196.0000,3,6,464.3303,-82.9558,-0.9334,23,0.5750,0.6667,6,7,6,0,0,7,6,0.1429
4,196.0000,3,7,688.8060,-85.2397,-0.0114,11,0.2750,0.8571,7,8,7,0,0,8,7,0.1250
4,196.0000,3,8,792.9572,-86.9887,-1.4595,5,0.1250,1.0000,8,8,8,0,0,8,8,0.0000
4,196.0000,3,10,218.7751,-77.1778,1.4555,21,0.5250,0.2000,5,5,1,0,0,5,1,0.8000
4,196.0000,3,11,479.5689,-83.7108,0.3989,23,0.5750,1.0000,8,6,4,0,0,6,4,0.3333
4,196.0000,3,13,704.8877,-86.3894,-2.7554,6,0.1500,1.0000,6,7,6,0,0,7,6,0.1429
4,196.0000,3,14,531.9373,-84.0524,-0.4874,16,0.4000,0.4000,5,5,2,0,0,5,2,0.6000
4,196.0000,3,15,389.5374,-80.3058,-0.3127,19,0.4750,0.5714,7,8,7,0,0,8,7,0.1250
4,196.0000,3,16,556.6251,-84.1201,-0.4164,11,0.2750,0.8750,8,8,8,0,0,8,8,0.0000
4,196.0000,3,17,554.6849,-84.8536,-0.0506,19,0.4750,0.7500,8,6,3,0,0,6,3,0.5000
4,196.0000,3,20,345.4599,-80.7308,-1.2547,19,0.4750,0.7143,7,7,6,0,0,7,6,0.1429
4,196.0000,3,22,437.1657,-81.9611,0.2865,16,0.4000,0.5000,6,7,5,0,0,7,5,0.2857
4,196.0000,3,23,351.7055,-80.7779,-0.7350,19,0.4750,1.0000,8,7,6,0,0,7,6,0.1429
4,196.0000,3,24,708.0070,-86.3731,0.5285,10,0.2500,1.0000,8,5,2,0,0,5,2,0.6000
4,196.0000,3,26,914.9777,-88.6156,0.0484,3,0.0750,1.0000,6,6,6,0,0,6,6,0.0000
4,196.0000,3,28,893.7623,-88.9471,0.1320,3,0.0750,0.8333,6,4,4,0,0,4,4,0.0000
4,196.0000,3,31,708.0230,-87.7410,1.4423,5,0.1250,0.8571,7,7,6,0,0,7,6,0.1429
4,196.0000,3,33,218.1714,-76.1289,0.1621,33,0.8250,0.2000,5,5,1,0,0,5,1,0.8000
4,196.0000,3,35,512.3461,-84.4735,-0.3781,20,0.5000,0.8571,7,7,5,0,0,7,5,0.2857
4,196.0000,3,37,305.8221,-80.1630,0.2004,16,0.4000,0.6667,6,5,1,0,0,5,1,0.8000
4,196.0000,3,38,194.8700,-74.0079,-0.0691,33,0.8250,0.0000,4,4,0,0,0,4,0,1.0000
4,196.0000,3,41,499.7954,-83.4500,0.3452,11,0.2750,1.0000,8,7,6,0,0,7,6,0.1429
4,196.0000,3,42,757.5487,-85.1719,-4.5511,7,0.1750,0.8571,7,8,8,0,0,8,8,0.0000
4,196.0000,3,43,506.4882,-84.3158,-0.7543,11,0.2750,0.8750,8,7,4,0,0,7,4,0.4286
4,196.0000,3,46,723.3124,-86.5212,-1.0506,5,0.1250,1.0000,8,7,6,0,0,7,6,0.1429
4,196.0000,3,47,236.5852,-77.2257,0.2362,24,0.6000,0.4000,5,7,3,0,0,7,3,0.5714
4,196.0000,4,2,585.7276,-84.4739,-0.2857,13,0.3250,0.7143,7,8,8,0,0,8,8,0.0000
4,196.0000,4,3,278.4800,-79.7646,0.9470,22,0.5500,0.7143,7,4,2,0,0,4,2,0.5000
4,196.0000,4,6,466.7228,-83.9097,0.2643,17,0.4250,0.5000,6,7,6,0,0,7,6,0.1429
4,196.0000,4,7,837.8420,-87.2599,1.3918,3,0.0750,1.0000,8,4,4,0,0,4,4,0.0000
4,196.0000,4,10,467.1597,-84.1337,2.3160,7,0.1750,1.0000,8,7,4,0,0,7,4,0.4286
4,196.0000,4,11,445.4823,-82.8710,-0.2863,19,0.4750,0.7143,7,7,4,0,0,7,4,0.4286
4,196.0000,4,14,507.9538,-83.0604,-0.0602,22,0.5500,0.7500,8,7,4,0,0,7,4,0.4286
4,196.0000,4,15,658.2889,-85.3683,1.1365,6,0.1500,0.8750,8,7,6,0,0,7,6,0.1429
4,196.0000,4,16,646.1745,-86.3619,1.0553,10,0.2500,0.8750,8,8,8,0,0,8,8,0.0000
4,196.0000,4,17,343.0589,-80.1118,0.0870,32,0.8000,0.2000,5,6,3,0,0,6,3,0.5000
4,196.0000,4,20,540.9233,-84.4880,0.6157,7,0.1750,0.8750,8,7,5,0,0,7,5,0.2857
4,196.0000,4,22,457.6775,-83.3293,0.7029,13,0.3250,0.7143,7,8,8,0,0,8,8,0.0000
4,196.0000,4,23,481.3630,-83.8780,0.9745,10,0.2500,0.8571,7,7,5,0,0,7,5,0.2857
4,196.0000,4,24,644.5186,-86.3642,0.2365,12,0.3000,0.8333,6,8,8,0,0,8,8,0.0000
4,196.0000,4,33,281.5816,-79.7869,0.4660,21,0.5250,0.8571,7,5,1,0,0,5,1,0.8000
4,196.0000,4,35,491.1850,-82.6577,-1.0407,19,0.4750,0.8571,7,7,4,0,0,7,4,0.4286
4,196.0000,4,37,521.2802,-83.7269,0.8160,13,0.3250,0.5000,6,8,8,0,0,8,8,0.0000
4,196.0000,4,38,282.0785,-78.0035,-0.0675,25,0.6250,0.7143,7,4,0,0,0,4,0,1.0000
4,196.0000,4,42,675.7401,-85.7491,0.3229,10,0.2500,1.0000,8,8,7,0,0,8,7,0.1250
4,196.0000,4,47,415.2817,-82.0607,0.2144,17,0.4250,0.5000,6,6,4,0,0,6,4,0.3333
4,196.0000,5,1,670.3598,-83.9261,-0.4850,16,0.4000,1.0000,8,8,7,0,0,8,7,0.1250
4,196.0000,5,7,876.0213,-87.2381,0.1280,5,0.1250,1.0000,8,8,8,0,0,8,8,0.0000
4,196.0000,5,8,696.7066,-86.1569,-0.8978,5,0.1250,1.0000,8,8,8,0,0,8,8,0.0000
4,196.0000,5,9,249.9681,-75.8051,-0.4195,35,0.8750,0.0000,4,5,1,0,0,5,1,0.8000
4,196.0000,5,12,880.7325,-88.0033,-0.7573,4,0.1000,0.8571,7,8,8,0,0,8,8,0.0000
4,196.0000,5,18,770.0100,-85.4944,-0.2863,12,0.3000,0.8571,7,6,6,0,0,6,6,0.0000
4,196.0000,5,19,493.9493,-82.2166,-0.5661,15,0.3750,0.6667,6,8,7,0,0,8,7,0.1250
4,196.0000,5,25,522.9224,-83.7396,-0.2607,25,0.6250,0.4000,5,8,6,0,0,8,6,0.2500
4,196.0000,5,26,484.7492,-82.3890,0.0888,9,0.2250,0.8750,8,6,3,0,0,6,3,0.5000
4,196.0000,5,27,877.2135,-86.5277,-0.2621,11,0.2750,1.0000,4,7,6,0,0,7,6,0.1429
4,196.0000,5,28,799.5552,-88.8817,-0.2057,4,0.1000,0.5000,2,7,6,0,0,7,6,0.1429
4,196.0000,5,29,212.7021,-76.7042,0.5621,33,0.8250,0.0000,4,4,0,0,0,4,0,1.0000
4,196.0000,5,30,944.4456,-86.8254,0.7045,3,0.0750,1.0000,6,6,6,0,0,6,6,0.0000
4,196.0000,5,31,757.9808,-86.2755,0.9550,5,0.1250,0.8750,8,8,8,0,0,8,8,0.0000
4,196.0000,5,32,501.0309,-81.9077,-0.5011,22,0.5500,0.8750,8,8,8,0,0,8,8,0.0000
4,196.0000,5,34,362.3798,-79.9817,0.1876,25,0.6250,0.5000,4,6,4,0,0,6,4,0.3333
4,196.0000,5,36,814.4986,-85.2699,-0.5934,12,0.3000,1.0000,8,6,6,0,0,6,6,0.0000
4,196.0000,5,39,370.7783,-81.8854,-0.5063,17,0.4250,1.0000,8,7,6,0,0,7,6,0.1429
4,196.0000,5,40,516.7683,-84.1876,-0.2843,15,0.3750,1.0000,8,7,6,0,0,7,6,0.1429
4,196.0000,5,43,832.1319,-88.7658,0.2954,3,0.0750,1.0000,8,8,8,0,0,8,8,0.0000
4,196.0000,5,44,755.6117,-86.9731,0.8953,7,0.1750,0.7143,7,7,6,0,0,7,6,0.1429
4,196.0000,6,2,647.2250,-83.6545,-1.6934,13,0.3250,1.0000,8,8,8,0,0,8,8,0.0000
4,196.0000,6,3,464.3303,-83.1675,1.3385,9,0.2250,0.8889,9,8,8,0,0,8,8,0.0000
4,196.0000,6,4,466.7228,-82.4016,-0.3326,17,0.4250,0.8571,7,5,2,0,0,5,2,0.6000
4,196.0000,6,7,848.3129,-87.3561,-0.9264,4,0.1000,1.0000,8,8,8,0,0,8,8,0.0000
4,196.0000,6,10,647.7088,-87.7016,0.8748,5,0.1250,0.8571,7,8,8,0,0,8,8,0.0000
4,196.0000,6,11,254.2541,-79.8737,1.0507,29,0.7250,0.4000,5,4,0,0,0,4,0,1.0000
4,196.0000,6,14,98.8938,-67.5472,-0.0375,31,0.7750,0.0000,4,4,0,0,0,4,0,1.0000
4,196.0000,6,15,754.4400,-87.4415,-0.4767,6,0.1500,1.0000,8,8,8,0,0,8,8,0.0000
4,196.0000,6,16,748.6630,-85.2974,0.1938,8,0.2000,1.0000,8,8,8,0,0,8,8,0.0000
4,196.0000,6,17,453.9065,-83.8447,-0.1029,22,0.5500,0.6667,6,5,2,0,0,5,2,0.6000
4,196.0000,6,20,774.3509,-86.2125,0.4100,8,0.2000,1.0000,8,8,8,0,0,8,8,0.0000
4,196.0000,6,22,737.1773,-87.8173,0.5710,4,0.1000,0.8750,8,7,6,0,0,7,6,0.1429
4,196.0000,6,23,812.5165,-87.9854,0.1785,3,0.0750,0.8571,7,8,8,0,0,8,8,0.0000
4,196.0000,6,24,415.3482,-82.6101,-0.1449,23,0.5750,0.8571,7,8,7,0,0,8,7,0.1250
4,196.0000,6,33,397.6436,-80.2376,0.1636,14,0.3500,0.7143,7,8,8,0,0,8,8,0.0000
4,196.0000,6,35,273.1532,-79.8629,0.9801,26,0.6500,0.2000,5,5,1,0,0,5,1,0.8000
4,196.0000,6,37,577.1411,-85.7451,0.7511,9,0.2250,0.8750,8,7,6,0,0,7,6,0.1429
4,196.0000,6,38,273.4170,-78.5873,-1.0074,17,0.4250,0.2000,5,7,3,0,0,7,3,0.5714
4,196.0000,6,41,904.3385,-88.1488,3.1505,3,0.0750,1.0000,8,8,8,0,0,8,8,0.0000
4,196.0000,6,42,711.4577,-86.3255,-0.5024,12,0.3000,0.8571,7,8,8,0,0,8,8,0.0000
4,196.0000,6,47,439.7154,-83.7341,0.0915,12,0.3000,1.0000,8,8,8,0,0,8,8,0.0000
4,196.0000,7,2,578.0580,-85.4129,0.6506,12,0.3077,1.0000,8,8,8,0,0,8,8,0.0000
4,196.0000,7,3,688.8060,-86.4987,0.8363,8,0.2051,0.8750,8,7,6,0,0,7,6,0.1429
4,196.0000,7,4,837.8420,-88.9252,0.5577,4,0.1026,1.0000,4,7,6,0,0,7,6,0.1429
4,196.0000,7,5,876.0213,-87.1794,-1.2656,5,0.1282,1.0000,8,6,6,0,0,6,6,0.0000
4,196.0000,7,6,848.3129,-87.3219,-0.9330,9,0.2308,1.0000,8,8,7,0,0,8,7,0.1250
4,196.0000,7,8,428.0656,-83.0496,-0.0065,11,0.2821,1.0000,8,7,6,0,0,7,6,0.1429
4,196.0000,7,9,1040.1320,-89.5553,1.5636,3,0.0769,1.0000,8,8,8,0,0,8,8,0.0000
4,196.0000,7,10,600.0888,-86.1719,0.4186,10,0.2564,1.0000,8,7,6,0,0,7,6,0.1429
4,196.0000,7,13,856.3220,-88.2141,-0.8115,3,0.0769,1.0000,8,8,8,0,0,8,8,0.0000
4,196.0000,7,14,848.4411,-87.8693,-0.2031,4,0.1026,1.0000,4,4,4,0,0,4,4,0.0000
4,196.0000,7,15,722.1265,-85.9759,0.6094,4,0.1026,1.0000,8,8,7,0,0,8,7,0.1250
4,196.0000,7,16,239.9888,-77.4239,0.3029,28,0.7179,0.8571,7,6,2,0,0,6,2,0.6667
4,196.0000,7,20,555.0294,-84.3709,-1.1896,7,0.1795,1.0000,8,8,8,0,0,8,8,0.0000
4,196.0000,7,22,509.2353,-85.3915,0.4852,11,0.2821,0.8571,7,7,5,0,0,7,5,0.2857
4,196.0000,7,23,811.6238,-86.7516,-0.3358,8,0.2051,0.8750,8,7,6,0,0,7,6,0.1429
4,196.0000,7,24,779.5422,-86.9489,0.1709,9,0.2308,,0,8,8,0,0,8,8,0.0000
4,196.0000,7,26,766.9089,-88.0194,0.9889,5,0.1282,1.0000,6,6,6,0,0,6,6,0.0000
4,196.0000,7,28,976.6621,-88.2351,0.3136,4,0.1026,1.0000,6,2,2,0,0,2,2,0.0000
4,196.0000,7,29,692.8558,-84.9837,-0.3283,8,0.2051,1.0000,8,8,8,0,0,8,8,0.0000
4,196.0000,7,31,762.0213,-87.0241,1.3645,6,0.1538,0.8750,8,8,8,0,0,8,8,0.0000
4,196.0000,7,33,575.0723,-85.1948,0.7138,12,0.3077,1.0000,8,8,8,0,0,8,8,0.0000
4,196.0000,7,34,1050.9141,-88.5076,-0.2294,3,0.0769,1.0000,8,8,8,0,0,8,8,0.0000
4,196.0000,7,37,881.9311,-88.1000,-1.1477,3,0.0769,1.0000,8,4,4,0,0,4,4,0.0000
4,196.0000,7,38,752.1034,-86.3645,0.2536,6,0.1538,1.0000,8,8,8,0,0,8,8,0.0000
4,196.0000,7,39,823.6494,-86.7320,1.2967,4,0.1026,1.0000,4,8,7,0,0,8,7,0.1250
4,196.0000,7,41,517.9281,-84.8201,-0.7311,9,0.2308,0.8571,7,8,8,0,0,8,8,0.0000
4,196.0000,7,42,640.3480,-85.7636,0.0669,8,0.2051,1.0000,8,7,6,0,0,7,6,0.1429
4,196.0000,7,43,584.0819,-84.8955,0.3265,9,0.2308,0.8571,7,8,8,0,0,8,8,0.0000
4,196.0000,7,46,909.8008,-88.7473,-0.2135,5,0.1282,1.0000,8,6,6,0,0,6,6,0.0000
4,196.0000,7,47,855.6974,-87.9244,-0.1595,4,0.1026,1.0000,8,8,7,0,0,8,7,0.1250
4,196.0000,8,2,731.7224,-84.4167,0.4128,6,0.1500,0.8571,7,8,8,0,0,8,8,0.0000
4,196.0000,8,3,792.9572,-85.5136,-0.7212,4,0.1000,1.0000,6,8,8,0,0,8,8,0.0000
4,196.0000,8,4,902.3582,-87.8715,-1.2383,3,0.0750,1.0000,8,2,2,0,0,2,2,0.0000
4,196.0000,8,5,696.7066,-87.9497,-0.1675,4,0.1000,1.0000,8,8,7,0,0,8,7,0.1250
4,196.0000,8,7,428.0656,-81.4201,0.1962,14,0.3500,0.5000,8,8,8,0,0,8,8,0.0000
4,196.0000,8,9,773.0910,-86.7940,-1.0878,4,0.1000,1.0000,8,8,8,0,0,8,8,0.0000
4,196.0000,8,10,655.1913,-85.0826,0.9913,8,0.2000,1.0000,8,8,8,0,0,8,8,0.0000
4,196.0000,8,13,791.7914,-85.9980,-0.0356,4,0.1000,0.8571,7,8,8,0,0,8,8,0.0000
4,196.0000,8,16,393.4268,-79.5868,-0.7196,18,0.4500,0.4000,5,7,5,0,0,7,5,0.2857
4,196.0000,8,19,884.4856,-88.2474,0.5592,4,0.1000,1.0000,8,2,2,0,0,2,2,0.0000
4,196.0000,8,20,517.7705,-80.6992,-0.7831,11,0.2750,1.0000,8,8,7,0,0,8,7,0.1250
4,196.0000,8,22,457.9533,-81.0037,0.0483,15,0.3750,0.5000,6,7,6,0,0,7,6,0.1429
4,196.0000,8,23,732.1941,-86.5659,-1.0750,5,0.1250,1.0000,8,8,8,0,0,8,8,0.0000
4,196.0000,8,26,576.5065,-83.4917,0.0532,7,0.1750,1.0000,8,7,6,2,2,9,8,0.1111
4,196.0000,8,29,528.8119,-83.7082,0.6445,9,0.2250,1.0000,8,8,8,0,0,8,8,0.0000
4,196.0000,8,30,954.1254,-87.4652,0.3191,4,0.1000,0.9000,10,6,6,0,0,6,6,0.0000
4,196.0000,8,31,688.2785,-86.0578,0.0495,3,0.0750,0.8750,8,6,6,0,0,6,6,0.0000
4,196.0000,8,33,732.0214,-87.1608,-0.7260,7,0.1750,1.0000,8,8,8,0,0,8,8,0.0000
4,196.0000,8,37,1001.6663,-88.3954,-0.5542,4,0.1000,1.0000,6,2,2,0,0,2,2,0.0000
4,196.0000,8,39,667.0343,-84.4336,0.4860,8,0.2000,0.5714,7,8,8,0,0,8,8,0.0000
4,196.0000,8,40,901.2613,-87.1566,-0.2364,3,0.0750,1.0000,8,6,6,0,0,6,6,0.0000
4,196.0000,8,41,438.5787,-80.5720,-0.5150,12,0.3000,0.6667,6,7,6,0,0,7,6,0.1429
4,196.0000,8,42,797.8997,-87.0097,0.0178,4,0.1000,1.0000,6,8,8,0,0,8,8,0.0000
4,196.0000,8,43,463.0638,-80.3612,-0.5958,11,0.2750,1.0000,8,7,6,0,0,7,6,0.1429
4,196.0000,8,47,1002.6199,-87.2400,-0.7429,3,0.0750,0.8571,7,8,8,0,0,8,8,0.0000
4,196.0000,9,1,557.3757,-85.3183,-0.3405,22,0.5641,0.8571,7,5,2,0,0,5,2,0.6000
4,196.0000,9,5,249.9681,-76.3962,0.0231,33,0.8462,0.4000,5,6,4,0,0,6,4,0.3333
4,196.0000,9,7,1040.1320,-87.8902,1.4839,3,0.0769,1.0000,8,8,8,0,0,8,8,0.0000
4,196.0000,9,8,773.0910,-85.8628,-0.4820,9,0.2308,0.8750,8,8,8,0,0,8,8,0.0000
4,196.0000,9,12,766.2340,-86.2339,0.0360,11,0.2821,1.0000,8,8,8,0,0,8,8,0.0000
4,196.0000,9,18,672.4065,-86.3105,0.4750,12,0.3077,0.8750,8,8,8,0,0,8,8,0.0000
4,196.0000,9,19,450.5700,-81.0837,-0.5571,21,0.5385,1.0000,8,6,4,0,0,6,4,0.3333
4,196.0000,9,20,1028.8492,-89.4312,1.1845,3,0.0769,1.0000,8,6,6,0,0,6,6,0.0000
4,196.0000,9,21,877.5756,-87.9792,0.4271,7,0.1795,1.0000,6,6,6,0,0,6,6,0.0000
4,196.0000,9,25,421.4836,-82.9223,-0.1702,23,0.5897,0.5000,6,6,2,0,0,6,2,0.6667
4,196.0000,9,26,495.1217,-82.5089,-0.0026,15,0.3846,1.0000,8,7,6,0,0,7,6,0.1429
4,196.0000,9,27,726.5197,-86.9224,0.0802,13,0.3333,0.8571,7,4,3,0,0,4,3,0.2500
4,196.0000,9,28,788.3286,-87.8168,-0.0138,6,0.1538,1.0000,8,7,6,0,0,7,6,0.1429
4,196.0000,9,29,408.1584,-80.3360,-0.9800,23,0.5897,0.7143,7,8,7,0,0,8,7,0.1250
4,196.0000,9,30,897.3195,-88.4815,0.2350,4,0.1026,1.0000,6,4,4,0,0,4,4,0.0000
4,196.0000,9,31,793.8373,-86.2196,-0.3913,8,0.2051,0.8571,7,8,8,0,0,8,8,0.0000
4,196.0000,9,32,390.5843,-81.9550,0.3470,28,0.7179,0.7143,7,4,0,0,0,4,0,1.0000
4,196.0000,9,34,341.1688,-80.1258,0.3287,25,0.6410,0.4000,5,7,5,0,0,7,5,0.2857
4,196.0000,9,36,663.6368,-86.1418,-0.7436,15,0.3846,1.0000,8,7,5,0,0,7,5,0.2857
4,196.0000,9,39,411.4121,-81.5871,-1.0915,16,0.4103,0.7692,13,5,1,1,0,6,1,0.8333
4,196.0000,9,40,342.3785,-80.8502,-0.2654,21,0.5385,0.6667,9,4,2,0,0,4,2,0.5000
4,196.0000,9,41,870.1879,-88.1565,0.8246,3,0.0769,1.0000,8,8,8,0,0,8,8,0.0000
4,196.0000,9,43,872.3773,-87.2561,3.3931,5,0.1282,1.0000,8,8,8,0,0,8,8,0.0000
4,196.0000,9,44,650.7752,-85.4385,1.2641,11,0.2821,0.6667,6,7,5,0,0,7,5,0.2857
4,196.0000,9,46,937.6191,-89.3414,-0.0230,5,0.1282,0.8750,8,8,8,0,0,8,8,0.0000
4,196.0000,10,2,734.7416,-86.2061,-0.1925,12,0.3000,1.0000,8,6,6,0,0,6,6,0.0000
4,196.0000,10,3,218.7751,-76.8077,0.7823,25,0.6250,0.3333,6,5,1,0,0,5,1,0.8000
4,196.0000,10,4,467.1597,-83.8214,0.6896,20,0.5000,0.8571,7,6,4,0,0,6,4,0.3333
4,196.0000,10,6,647.7088,-85.6856,-0.1968,16,0.4000,0.8571,7,8,8,0,0,8,8,0.0000
4,196.0000,10,7,600.0888,-86.3628,-0.2662,12,0.3000,1.0000,8,7,6,0,0,7,6,0.1429
4,196.0000,10,8,655.1913,-84.8965,-0.9044,12,0.3000,1.0000,8,8,7,0,0,8,7,0.1250
4,196.0000,10,11,683.2715,-86.4959,0.1615,14,0.3500,1.0000,8,8,7,0,0,8,7,0.1250
4,196.0000,10,13,504.2002,-82.4004,-0.7007,14,0.3500,0.7143,7,8,8,0,0,8,8,0.0000
4,196.0000,10,14,711.5101,-87.3325,1.2259,5,0.1250,0.8571,7,6,5,0,0,6,5,0.1667
4,196.0000,10,15,239.1596,-75.3223,-0.2288,33,0.8250,0.4000,5,5,1,0,0,5,1,0.8000
4,196.0000,10,16,509.7133,-83.8924,0.3113,15,0.3750,0.6667,6,7,6,0,0,7,6,0.1429
4,196.0000,10,17,769.7127,-87.7123,0.7706,10,0.2500,1.0000,8,8,8,0,0,8,8,0.0000
4,196.0000,10,19,985.5937,-88.8072,-0.1186,5,0.1250,1.0000,8,4,4,0,0,4,4,0.0000
4,196.0000,10,20,159.9209,-73.4010,0.4637,33,0.8250,0.2000,5,4,0,0,0,4,0,1.0000
4,196.0000,10,22,420.5629,-82.5577,0.0356,16,0.4000,0.8571,7,6,4,0,0,6,4,0.3333
4,196.0000,10,23,270.6037,-77.4988,-0.2322,29,0.7250,0.4286,7,4,0,0,0,4,0,1.0000
4,196.0000,10,24,852.8822,-86.7032,1.3869,4,0.1000,1.0000,2,8,8,0,0,8,8,0.0000
4,196.0000,10,26,698.1936,-86.8075,-0.5647,7,0.1750,0.8750,8,8,8,0,0,8,8,0.0000
4,196.0000,10,28,689.2470,-85.7019,-0.1473,10,0.2500,1.0000,8,6,5,0,0,6,5,0.1667
4,196.0000,10,29,990.8375,-88.7781,-0.4455,4,0.1000,1.0000,6,4,4,0,0,4,4,0.0000
4,196.0000,10,30,721.3195,-85.6103,-0.3575,9,0.2250,1.0000,8,6,6,0,0,6,6,0.0000
4,196.0000,10,31,493.8712,-82.1278,-0.6838,14,0.3500,0.8571,7,8,7,0,0,8,7,0.1250
4,196.0000,10,33,349.5738,-82.5510,0.7293,23,0.5750,0.7143,7,6,4,0,0,6,4,0.3333
4,196.0000,10,35,710.7106,-87.2367,-0.1670,15,0.3750,1.0000,6,7,6,0,0,7,6,0.1429
4,196.0000,10,37,347.8085,-81.9497,-0.2031,21,0.5250,0.5714,7,6,4,0,0,6,4,0.3333
4,196.0000,10,38,395.6810,-82.1254,0.3418,21,0.5250,0.4000,5,5,2,0,0,5,2,0.6000
4,196.0000,10,39,830.1035,-87.3461,-0.3908,3,0.0750,0.8750,8,8,7,0,0,8,7,0.1250
4,196.0000,10,41,293.6115,-78.1781,-0.2579,24,0.6000,0.3333,6,5,2,0,0,5,2,0.6000
4,196.0000,10,42,840.2730,-87.3861,-0.1422,3,0.0750,1.0000,4,6,6,0,0,6,6,0.0000
4,196.0000,10,43,303.2993,-79.8507,0.0834,21,0.5250,0.6552,29,5,1,0,0,5,1,0.8000
4,196.0000,10,44,1030.6509,-88.7461,-0.1926,4,0.1000,1.0000,8,6,6,0,0,6,6,0.0000
4,196.0000,10,46,532.1479,-83.7229,-0.6475,17,0.4250,0.5000,6,7,5,0,0,7,5,0.2857
4,196.0000,10,47,366.5126,-79.7698,-0.1948,24,0.6000,0.5714,7,5,3,0,0,5,3,0.4000
4,196.0000,11,2,828.7874,-87.2746,-0.7175,6,0.1500,1.0000,8,6,6,0,0,6,6,0.0000
4,196.0000,11,3,479.5689,-85.0930,1.5283,6,0.1500,1.0000,8,5,1,0,0,5,1,0.8000
4,196.0000,11,4,445.4823,-82.4175,0.1505,15,0.3750,0.8750,8,7,5,0,0,7,5,0.2857
4,196.0000,11,6,254.2541,-78.9498,1.4861,24,0.6000,0.5000,6,5,1,0,0,5,1,0.8000
4,196.0000,11,10,683.2715,-85.8388,-2.7812,3,0.0750,1.0000,8,7,6,0,0,7,6,0.1429
4,196.0000,11,14,330.0906,-79.2605,-0.3812,30,0.7500,0.8571,7,6,3,0,0,6,3,0.5000
4,196.0000,11,15,761.8134,-87.1453,-2.7261,3,0.0750,1.0000,8,7,6,0,0,7,6,0.1429
4,196.0000,11,16,915.6524,-87.8892,-0.0955,7,0.1750,1.0000,4,6,6,0,0,6,6,0.0000
4,196.0000,11,17,330.1996,-79.8142,0.2879,34,0.8500,0.4000,5,5,1,0,0,5,1,0.8000
4,196.0000,11,20,823.8806,-87.0448,0.7379,5,0.1250,0.8571,7,7,6,0,0,7,6,0.1429
4,196.0000,11,22,834.3984,-87.6295,1.6698,3,0.0750,1.0000,8,8,8,0,0,8,8,0.0000
4,196.0000,11,24,637.7145,-85.6846,-0.5797,8,0.2000,0.7143,7,7,6,0,0,7,6,0.1429
4,196.0000,11,33,510.7299,-85.8708,0.3573,8,0.2000,1.0000,8,6,3,0,0,6,3,0.5000
4,196.0000,11,35,47.5964,-64.0716,1.3043,36,0.9000,0.2000,5,4,0,0,0,4,0,1.0000
4,196.0000,11,37,508.2016,-85.0213,0.1430,7,0.1750,0.8750,8,6,2,0,0,6,2,0.6667
4,196.0000,11,38,308.4085,-80.5883,0.9916,13,0.3250,0.4000,5,6,3,0,0,6,3,0.5000
4,196.0000,11,41,971.1909,-89.1077,0.1224,3,0.0750,1.0000,2,6,6,0,0,6,6,0.0000
4,196.0000,11,42,899.9871,-88.1564,1.1075,5,0.1250,1.0000,8,8,7,0,0,8,7,0.1250
4,196.0000,11,43,982.9044,-88.3564,1.0627,3,0.0750,,0,8,8,0,0,8,8,0.0000
4,196.0000,11,47,373.5548,-82.6424,1.2573,11,0.2750,0.8571,7,7,4,0,0,7,4,0.4286
4,196.0000,12,0,667.2649,-85.4106,-0.8366,16,0.4000,1.0000,8,8,8,0,0,8,8,0.0000
4,196.0000,12,1,991.3106,-88.6211,-1.0421,4,0.1000,1.0000,8,2,2,0,0,2,2,0.0000
4,196.0000,12,5,880.7325,-87.2356,-0.8038,4,0.1000,0.8571,7,8,8,0,0,8,8,0.0000
4,196.0000,12,9,766.2340,-87.4980,-0.3623,4,0.1000,1.0000,8,8,8,0,0,8,8,0.0000
4,196.0000,12,13,574.4905,-84.7113,0.2133,8,0.2000,0.8571,7,8,7,0,0,8,7,0.1250
4,196.0000,12,18,804.4772,-86.9208,-0.7007,8,0.2000,1.0000,6,6,6,0,0,6,6,0.0000
4,196.0000,12,19,412.3314,-83.1259,0.9965,13,0.3250,0.5000,6,6,4,0,0,6,4,0.3333
4,196.0000,12,21,535.8969,-82.7700,-0.9660,24,0.6000,0.8571,7,8,7,0,0,8,7,0.1250
4,196.0000,12,26,566.0751,-83.6105,-2.0706,7,0.1750,1.0000,8,8,8,0,0,8,8,0.0000
4,196.0000,12,28,395.4290,-82.4006,-0.0118,14,0.3500,1.0000,6,7,6,0,0,7,6,0.1429
4,196.0000,12,30,364.6225,-82.1898,0.2380,12,0.3000,0.5000,6,5,2,0,0,5,2,0.6000
4,196.0000,12,31,598.2433,-85.0764,-0.4118,8,0.2000,1.0000,8,8,8,0,0,8,8,0.0000
4,196.0000,12,32,907.4946,-87.3535,-0.2554,5,0.1250,1.0000,8,2,2,0,0,2,2,0.0000
4,196.0000,12,34,566.5651,-84.8239,-1.0216,11,0.2750,0.7143,7,8,8,0,0,8,8,0.0000
4,196.0000,12,36,820.1510,-87.5249,-0.5825,7,0.1750,1.0000,8,8,8,0,0,8,8,0.0000
4,196.0000,12,39,582.8010,-85.2936,-0.6044,10,0.2500,1.0000,8,7,6,0,0,7,6,0.1429
4,196.0000,12,40,437.1990,-81.6668,-0.8133,16,0.4000,0.8571,7,6,4,0,0,6,4,0.3333
4,196.0000,12,43,834.8899,-87.9186,-0.9148,3,0.0750,1.0000,8,8,8,0,0,8,8,0.0000
4,196.0000,12,44,131.5309,-70.9545,0.1003,31,0.7750,0.4000,5,5,1,0,0,5,1,0.8000
4,196.0000,12,45,727.0941,-85.9775,-1.5452,11,0.2750,0.8000,5,8,8,0,0,8,8,0.0000
4,196.0000,12,46,569.4760,-85.1002,1.2439,8,0.2000,1.0000,8,7,6,0,0,7,6,0.1429
4,196.0000,13,3,704.8877,-87.5606,4.8683,3,0.0750,1.0000,8,7,6,0,0,7,6,0.1429
4,196.0000,13,4,944.0929,-86.4682,0.6594,3,0.0750,,0,2,2,0,0,2,2,0.0000
4,196.0000,13,5,868.0170,-88.9732,0.3849,3,0.0750,1.0000,4,6,6,0,0,6,6,0.0000
4,196.0000,13,7,856.3220,-88.9873,-0.2160,3,0.0750,1.0000,6,8,7,0,0,8,7,0.1250
4,196.0000,13,8,791.7914,-88.7408,0.0174,4,0.1000,1.0000,10,3,2,0,0,3,2,0.3333
4,196.0000,13,9,888.5281,-86.7331,0.7431,4,0.1000,1.0000,6,6,6,0,0,6,6,0.0000
4,196.0000,13,10,504.2002,-83.3644,-0.7943,10,0.2500,0.6667,6,8,8,0,0,8,8,0.0000
4,196.0000,13,12,574.4905,-84.6853,-0.0780,10,0.2500,0.8750,8,8,7,0,0,8,7,0.1250
4,196.0000,13,15,364.3486,-81.7341,0.2952,15,0.3750,0.6667,6,7,6,0,0,7,6,0.1429
4,196.0000,13,16,866.2750,-86.9806,1.0307,6,0.1500,1.0000,6,2,2,0,0,2,2,0.0000
4,196.0000,13,19,565.6237,-85.8534,0.1501,7,0.1750,0.7500,8,8,8,0,0,8,8,0.0000
4,196.0000,13,20,473.4482,-84.7037,-1.1296,9,0.2250,1.0000,8,8,6,0,0,8,6,0.2500
4,196.0000,13,21,1100.0072,-89.5635,0.0075,3,0.0750,1.0000,2,2,2,0,0,2,2,0.0000
4,196.0000,13,22,819.1322,-88.5222,0.0929,5,0.1250,1.0000,4,8,8,0,0,8,8,0.0000
4,196.0000,13,23,519.6419,-83.0571,-0.0288,8,0.2000,1.0000,8,7,5,0,0,7,5,0.2857
4,196.0000,13,26,404.9687,-82.5286,0.1656,14,0.3500,0.8750,8,8,6,0,0,8,6,0.2500
4,196.0000,13,28,191.9167,-73.1401,-1.0664,36,0.9000,0.0000,4,6,3,0,0,6,3,0.5000
4,196.0000,13,29,870.3661,-87.4062,-0.2584,3,0.0750,1.0000,2,10,10,0,0,10,10,0.0000
4,196.0000,13,30,265.0443,-76.2121,-0.2944,34,0.8500,0.5000,6,6,3,0,0,6,3,0.5000
4,196.0000,13,31,122.4927,-71.0321,0.5135,33,0.8250,0.4000,5,5,1,0,0,5,1,0.8000
4,196.0000,13,33,850.6149,-88.9398,-0.0264,3,0.0750,1.0000,8,8,8,0,0,8,8,0.0000
4,196.0000,13,34,702.6215,-87.4307,1.6183,5,0.1250,0.8571,7,7,6,0,0,7,6,0.1429
4,196.0000,13,37,630.2588,-85.0302,0.8691,9,0.2250,1.0000,8,8,8,0,0,8,8,0.0000
4,196.0000,13,38,870.6208,-87.0109,-0.1085,5,0.1250,1.0000,8,6,5,0,0,6,5,0.1667
4,196.0000,13,39,508.9598,-85.8086,0.0822,8,0.2000,0.8571,7,7,5,0,0,7,5,0.2857
4,196.0000,13,40,724.3207,-85.6781,1.3162,6,0.1500,1.0000,8,8,7,0,0,8,7,0.1250
4,196.0000,13,41,398.7714,-81.2544,0.1989,12,0.3000,0.8750,8,8,8,0,0,8,8,0.0000
4,196.0000,13,43,381.6302,-82.9139,0.6778,10,0.2500,0.8571,7,7,6,0,0,7,6,0.1429
4,196.0000,13,44,558.0657,-84.5322,0.9600,15,0.3750,0.5000,6,8,8,0,0,8,8,0.0000
4,196.0000,13,46,64.8625,-67.1406,1.5014,37,0.9250,0.0000,4,4,0,0,0,4,0,1.0000
4,196.0000,13,47,745.2601,-84.9442,-0.7792,8,0.2000,1.0000,8,7,6,0,0,7,6,0.1429
4,196.0000,14,2,602.1210,-85.0694,-0.2262,12,0.3000,0.8571,7,8,8,0,0,8,8,0.0000
4,196.0000,14,3,531.9373,-84.5487,-0.3424,13,0.3250,1.0000,8,8,8,0,0,8,8,0.0000
4,196.0000,14,4,507.9538,-84.2502,-0.2393,12,0.3000,0.8571,7,8,7,0,0,8,7,0.1250
4,196.0000,14,6,98.8938,-67.7929,0.1019,34,0.8500,0.2000,5,6,3,0,0,6,3,0.5000
4,196.0000,14,10,711.5101,-87.2511,0.2429,4,0.1000,1.0000,8,10,10,0,0,10,10,0.0000
4,196.0000,14,11,330.0906,-80.6421,-0.2376,26,0.6500,0.4000,5,6,2,0,0,6,2,0.6667
4,196.0000,14,15,832.3707,-85.9248,-0.1984,6,0.1500,0.8571,7,8,8,0,0,8,8,0.0000
4,196.0000,14,16,746.9263,-87.2911,-0.7199,8,0.2000,1.0000,8,6,4,0,0,6,4,0.3333
4,196.0000,14,17,480.3130,-83.1328,-0.2800,19,0.4750,1.0000,6,6,3,0,0,6,3,0.5000
4,196.0000,14,20,827.1768,-88.2648,1.2343,5,0.1250,1.0000,10,8,8,0,0,8,8,0.0000
4,196.0000,14,22,752.1058,-86.9813,0.6461,4,0.1000,1.0000,6,8,8,0,0,8,8,0.0000
4,196.0000,14,23,879.5203,-87.6907,1.0571,4,0.1000,1.0000,8,8,8,0,0,8,8,0.0000
4,196.0000,14,24,326.0531,-82.0610,0.8793,19,0.4750,0.8571,7,6,3,0,0,6,3,0.5000
4,196.0000,14,31,1175.1085,-89.3128,-0.0047,3,0.0750,1.0000,6,6,6,0,0,6,6,0.0000
4,196.0000,14,33,427.8099,-82.4362,-0.6009,12,0.3000,0.6667,6,7,6,0,0,7,6,0.1429
4,196.0000,14,35,349.2540,-81.0943,0.0703,28,0.7000,0.2000,5,6,4,0,0,6,4,0.3333
4,196.0000,14,37,670.5281,-84.9270,0.2114,9,0.2250,0.8571,7,8,7,0,0,8,7,0.1250
4,196.0000,14,38,348.8145,-80.0496,-0.3970,19,0.4750,0.8571,7,7,4,0,0,7,4,0.4286
4,196.0000,14,42,654.8926,-87.0665,0.2830,12,0.3000,0.8571,7,8,8,0,0,8,8,0.0000
4,196.0000,14,47,533.2059,-84.3446,-0.7752,11,0.2750,0.8750,8,6,4,0,0,6,4,0.3333
4,196.0000,15,2,951.3763,-85.5582,1.7962,3,0.0750,1.0000,6,2,2,0,0,2,2,0.0000
4,196.0000,15,3,389.5374,-80.3816,-0.3303,23,0.5750,0.6667,6,7,6,0,0,7,6,0.1429
4,196.0000,15,4,658.2889,-85.4584,0.5397,10,0.2500,1.0000,10,7,5,0,0,7,5,0.2857
4,196.0000,15,6,754.4400,-85.4522,0.0187,10,0.2500,1.0000,8,8,8,0,0,8,8,0.0000
4,196.0000,15,7,722.1265,-87.0226,1.4160,4,0.1000,1.0000,8,8,7,0,0,8,7,0.1250
4,196.0000,15,8,799.6835,-85.5633,-0.1439,6,0.1500,1.0000,8,8,8,0,0,8,8,0.0000
4,196.0000,15,10,239.1596,-75.9173,-0.7236,26,0.6500,0.5000,6,5,1,0,0,5,1,0.8000
4,196.0000,15,11,761.8134,-87.3993,0.4957,11,0.2750,0.9000,10,8,8,0,0,8,8,0.0000
4,196.0000,15,13,364.3486,-82.1825,0.8834,12,0.3000,0.6667,6,6,3,0,0,6,3,0.5000
4,196.0000,15,14,832.3707,-86.0474,-0.2548,8,0.2000,0.8571,7,6,5,0,0,6,5,0.1667
4,196.0000,15,16,698.4161,-84.1079,-1.1672,8,0.2000,0.8571,7,8,7,0,0,8,7,0.1250
4,196.0000,15,17,914.8626,-87.9070,-0.2932,6,0.1500,1.0000,8,4,4,0,0,4,4,0.0000
4,196.0000,15,20,332.3520,-81.1922,0.6382,14,0.3500,0.7143,7,6,3,0,0,6,3,0.5000
4,196.0000,15,22,653.1945,-84.9227,1.2709,7,0.1750,0.7500,8,7,6,0,0,7,6,0.1429
4,196.0000,15,23,387.1956,-80.5422,0.6903,20,0.5000,0.8571,7,6,3,0,0,6,3,0.5000
4,196.0000,15,24,1018.5376,-87.4745,0.5460,5,0.1250,1.0000,4,4,4,0,0,4,4,0.0000
4,196.0000,15,26,665.4691,-85.3604,1.5833,6,0.1500,1.0000,8,8,8,0,0,8,8,0.0000
4,196.0000,15,28,554.0661,-84.4973,-0.1408,7,0.1750,0.8333,6,6,5,0,0,6,5,0.1667
4,196.0000,15,30,595.3370,-83.2337,0.7356,10,0.2500,0.8750,8,8,8,0,0,8,8,0.0000
4,196.0000,15,31,391.0657,-83.2039,0.8298,15,0.3750,0.8750,8,8,7,0,0,8,7,0.1250
4,196.0000,15,33,551.6278,-83.8768,-0.8658,15,0.3750,1.0000,8,8,8,0,0,8,8,0.0000
4,196.0000,15,35,776.2130,-86.7697,-0.5911,8,0.2000,0.8571,7,8,8,0,0,8,8,0.0000
4,196.0000,15,37,296.3095,-77.2590,-0.5836,33,0.8250,0.5000,6,6,3,0,0,6,3,0.5000
4,196.0000,15,38,524.7385,-82.1872,-0.7503,10,0.2500,1.0000,8,7,6,0,0,7,6,0.1429
4,196.0000,15,39,775.6958,-86.3939,0.5574,5,0.1250,1.0000,8,7,6,0,0,7,6,0.1429
4,196.0000,15,41,375.5373,-81.0526,0.6184,18,0.4500,0.5000,6,6,3,0,0,6,3,0.5000
4,196.0000,15,43,386.2729,-82.1455,-0.2716,14,0.3500,0.7143,7,6,3,0,0,6,3,0.5000
4,196.0000,15,46,371.3466,-81.6508,0.8441,18,0.4500,0.4000,5,5,2,0,0,5,2,0.6000
4,196.0000,15,47,395.3847,-78.1103,-1.1239,28,0.7000,0.2000,5,6,4,0,0,6,4,0.3333
4,196.0000,16,2,394.3538,-83.0229,0.8902,23,0.5750,0.8000,20,6,3,1,0,7,3,0.5714
4,196.0000,16,3,556.6251,-83.0154,-0.4655,16,0.4000,1.0000,8,5,2,0,0,5,2,0.6000
4,196.0000,16,4,646.1745,-86.2598,0.8355,13,0.3250,0.7143,7,7,6,0,0,7,6,0.1429
4,196.0000,16,6,748.6630,-86.2768,0.2316,11,0.2750,0.8750,8,8,7,0,0,8,7,0.1250
4,196.0000,16,7,239.9888,-78.4021,0.4319,30,0.7500,0.0000,4,5,1,0,0,5,1,0.8000
4,196.0000,16,8,393.4268,-79.8879,-0.1854,24,0.6000,0.5000,6,8,6,5,4,13,10,0.2308
4,196.0000,16,9,1122.2556,-89.0661,-0.2592,3,0.0750,1.0000,8,4,4,0,0,4,4,0.0000
4,196.0000,16,10,509.7133,-83.8696,-0.6389,14,0.3500,0.8571,7,8,8,0,0,8,8,0.0000
4,196.0000,16,13,866.2750,-87.9707,-1.7652,4,0.1000,1.0000,8,6,6,0,0,6,6,0.0000
4,196.0000,16,14,746.9263,-86.7810,-0.4948,5,0.1250,1.0000,8,8,7,0,0,8,7,0.1250
4,196.0000,16,15,698.4161,-86.4759,0.2245,9,0.2250,0.8571,7,7,6,0,0,7,6,0.1429
4,196.0000,16,20,457.3427,-81.3222,-0.2762,18,0.4500,0.9478,134,7,6,76,75,83,81,0.0241
4,196.0000,16,22,286.6504,-78.4284,-0.6139,28,0.7000,0.3333,6,5,2,59,54,64,56,0.1250
4,196.0000,16,23,679.1407,-85.6336,-1.3444,8,0.2000,1.0000,8,8,8,0,0,8,8,0.0000
4,196.0000,16,24,671.5135,-85.5977,-0.2999,16,0.4000,,0,8,6,0,0,8,6,0.2500
4,196.0000,16,26,816.6634,-87.1086,0.1175,5,0.1250,1.0000,8,8,8,0,0,8,8,0.0000
4,196.0000,16,28,1006.0696,-87.8171,1.6497,6,0.1500,1.0000,6,2,2,0,0,2,2,0.0000
4,196.0000,16,29,822.5768,-86.9697,-0.6088,10,0.2500,1.0000,10,6,6,2,2,8,8,0.0000
4,196.0000,16,30,1088.2124,-89.2951,-0.1194,4,0.1000,1.0000,2,2,2,0,0,2,2,0.0000
4,196.0000,16,31,787.3845,-88.1122,-0.3788,6,0.1500,1.0000,26,8,8,0,0,8,8,0.0000
4,196.0000,16,33,414.9709,-81.8857,-0.3543,19,0.4750,0.5000,4,7,3,0,0,7,3,0.5714
4,196.0000,16,35,951.1553,-88.4009,0.4791,5,0.1250,1.0000,4,7,6,0,0,7,6,0.1429
4,196.0000,16,37,810.1970,-88.0164,-1.1015,6,0.1500,1.0000,8,6,6,0,0,6,6,0.0000
4,196.0000,16,38,628.3306,-85.3712,0.1187,11,0.2750,1.0000,8,8,8,0,0,8,8,0.0000
4,196.0000,16,39,913.4283,-87.8641,-0.2591,7,0.1750,1.0000,8,8,8,0,0,8,8,0.0000
4,196.0000,16,41,480.5713,-82.9792,0.0018,14,0.3500,0.6667,6,10,10,0,0,10,10,0.0000
4,196.0000,16,42,474.9891,-84.8895,0.1952,19,0.4750,0.8000,5,7,5,0,0,7,5,0.2857
4,196.0000,16,43,527.2627,-82.4008,0.2301,14,0.3500,0.7143,7,8,8,0,0,8,8,0.0000
4,196.0000,16,46,918.4342,-87.8867,0.2435,4,0.1000,1.0000,6,6,6,0,0,6,6,0.0000
4,196.0000,16,47,763.0492,-85.6585,-0.1805,13,0.3250,0.8750,8,8,8,0,0,8,8,0.0000
4,196.0000,17,2,766.9646,-86.7153,0.3360,5,0.1250,1.0000,10,6,6,0,0,6,6,0.0000
4,196.0000,17,3,554.6849,-85.6682,-1.3700,6,0.1500,1.0000,8,7,6,0,0,7,6,0.1429
4,196.0000,17,4,343.0589,-79.8833,-0.3006,21,0.5250,0.6667,6,4,0,0,0,4,0,1.0000
4,196.0000,17,6,453.9065,-83.3628,0.5491,12,0.3000,0.8571,7,5,2,0,0,5,2,0.6000
4,196.0000,17,11,330.1996,-79.8831,0.3442,25,0.6250,0.0000,4,6,2,0,0,6,2,0.6667
4,196.0000,17,14,480.3130,-83.8861,-0.1197,12,0.3000,0.7500,8,6,4,0,0,6,4,0.3333
4,196.0000,17,15,914.8626,-88.0928,1.1985,3,0.0750,1.0000,8,8,8,0,0,8,8,0.0000
4,196.0000,17,22,782.6450,-87.3109,1.0377,3,0.0750,1.0000,8,8,6,0,0,8,6,0.2500
4,196.0000,17,24,664.6701,-86.4061,0.6326,7,0.1750,0.8571,7,7,6,0,0,7,6,0.1429
4,196.0000,17,33,549.0599,-85.4262,0.9688,8,0.2000,1.0000,8,8,7,0,0,8,7,0.1250
4,196.0000,17,35,367.4878,-80.9514,0.0340,22,0.5500,0.7143,7,6,4,0,0,6,4,0.3333
4,196.0000,17,37,688.9462,-85.8027,1.2543,4,0.1000,0.8571,7,8,7,0,0,8,7,0.1250
4,196.0000,17,38,443.5395,-83.6095,-0.3225,12,0.3000,0.8571,7,7,5,0,0,7,5,0.2857
4,196.0000,17,42,828.0943,-87.3748,-0.8199,5,0.1250,0.8750,8,8,8,0,0,8,8,0.0000
4,196.0000,17,47,559.8216,-84.2150,0.2107,6,0.1500,0.8889,9,6,6,0,0,6,6,0.0000
4,196.0000,18,0,581.5107,-85.0171,-0.0393,17,0.4250,0.9000,10,5,5,0,0,5,5,0.0000
4,196.0000,18,1,341.0570,-79.9689,0.0090,29,0.7250,0.7500,8,6,4,0,0,6,4,0.3333
4,196.0000,18,5,770.0100,-84.1534,1.0926,5,0.1250,0.8571,7,8,8,0,0,8,8,0.0000
4,196.0000,18,9,672.4065,-84.9496,-1.1206,8,0.2000,1.0000,8,8,7,0,0,8,7,0.1250
4,196.0000,18,19,628.0398,-84.4810,0.7802,7,0.1750,1.0000,8,8,7,0,0,8,7,0.1250
4,196.0000,18,21,619.4754,-85.2333,-0.3422,17,0.4250,0.8571,7,8,6,0,0,8,6,0.2500
4,196.0000,18,25,492.3763,-83.0757,-0.4590,19,0.4750,0.3333,6,6,2,1,0,7,2,0.7143
4,196.0000,18,27,451.5236,-83.1490,0.2029,27,0.6750,0.8750,8,6,4,0,0,6,4,0.3333
4,196.0000,18,32,394.3406,-82.9038,0.1021,27,0.6750,0.7143,7,8,7,0,0,8,7,0.1250
4,196.0000,18,34,547.9111,-81.8166,-0.4836,16,0.4000,0.7778,9,5,4,20,20,25,24,0.0400
4,196.0000,18,36,191.3492,-76.6341,0.9406,33,0.8250,0.0000,4,4,0,0,0,4,0,1.0000
4,196.0000,18,39,801.1675,-87.0640,0.4490,3,0.0750,1.0000,8,8,8,0,0,8,8,0.0000
4,196.0000,18,40,601.9834,-83.9303,-0.2402,11,0.2750,1.0000,10,6,6,0,0,6,6,0.0000
4,196.0000,18,45,681.8518,-85.8621,-0.3884,13,0.3250,1.0000,8,8,7,0,0,8,7,0.1250
4,196.0000,19,0,818.7449,-86.8578,0.1188,8,0.2000,1.0000,8,7,6,0,0,7,6,0.1429
4,196.0000,19,1,745.7152,-85.0897,-0.8559,13,0.3250,1.0000,8,6,6,0,0,6,6,0.0000
4,196.0000,19,5,493.9493,-81.9752,-0.7538,19,0.4750,0.5000,6,7,6,0,0,7,6,0.1429
4,196.0000,19,9,450.5700,-80.9013,-0.4787,26,0.6500,0.7143,7,8,7,0,0,8,7,0.1250
4,196.0000,19,12,412.3314,-82.1026,-0.1529,19,0.4750,0.6667,6,5,1,0,0,5,1,0.8000
4,196.0000,19,13,565.6237,-84.6681,-0.6391,8,0.2000,1.0000,8,7,6,0,0,7,6,0.1429
4,196.0000,19,18,628.0398,-84.3831,-0.0193,21,0.5250,0.8750,8,7,6,0,0,7,6,0.1429
4,196.0000,19,20,893.4948,-87.8522,-0.4125,4,0.1000,1.0000,8,8,8,0,0,8,8,0.0000
4,196.0000,19,21,718.0857,-85.9678,-0.2716,10,0.2500,0.7143,7,7,6,0,0,7,6,0.1429
4,196.0000,19,25,716.1808,-85.7716,0.0452,9,0.2250,0.7143,7,8,8,0,0,8,8,0.0000
4,196.0000,19,26,331.3321,-78.6627,-0.9326,23,0.5750,1.0000,8,7,6,0,0,7,6,0.1429
4,196.0000,19,27,920.5449,-88.1662,0.4703,6,0.1500,1.0000,4,4,3,0,0,4,3,0.2500
4,196.0000,19,28,412.7051,-82.9636,-1.3569,10,0.2500,0.7143,7,6,4,0,0,6,4,0.3333
4,196.0000,19,29,631.3192,-84.5779,-0.4449,11,0.2750,0.7143,7,8,8,0,0,8,8,0.0000
4,196.0000,19,30,540.2493,-84.4453,1.2082,13,0.3250,1.0000,8,8,7,0,0,8,7,0.1250
4,196.0000,19,31,508.5259,-84.4182,-0.8664,10,0.2500,0.8750,8,8,7,0,0,8,7,0.1250
4,196.0000,19,32,620.8588,-85.9508,-0.7679,13,0.3250,1.0000,6,8,6,0,0,8,6,0.2500
4,196.0000,19,34,170.3568,-73.7300,0.4681,35,0.8750,0.2500,4,4,0,0,0,4,0,1.0000
4,196.0000,19,36,690.9514,-86.0541,-0.0615,10,0.2500,1.0000,8,6,4,0,0,6,4,0.3333
4,196.0000,19,39,233.7915,-77.2539,0.2303,32,0.8000,0.3333,6,6,2,0,0,6,2,0.6667
4,196.0000,19,40,268.3043,-78.0103,-0.2513,30,0.7500,0.2000,5,6,4,0,0,6,4,0.3333
4,196.0000,19,41,741.8777,-87.4029,0.6637,5,0.1250,1.0000,8,8,8,0,0,8,8,0.0000
4,196.0000,19,43,738.6017,-86.0879,1.3828,5,0.1250,1.0000,8,8,8,0,0,8,8,0.0000
4,196.0000,19,44,282.9655,-80.0190,0.2903,24,0.6000,0.7143,7,7,4,0,0,7,4,0.4286
4,196.0000,19,45,910.0808,-88.1180,-0.5287,4,0.1000,1.0000,4,4,4,0,0,4,4,0.0000
4,196.0000,19,46,594.1405,-84.5470,0.3779,8,0.2000,0.8571,7,7,6,0,0,7,6,0.1429
4,196.0000,20,2,732.2874,-84.5097,-0.4159,10,0.2500,1.0000,6,4,4,0,0,4,4,0.0000
4,196.0000,20,3,345.4599,-80.8564,0.0595,23,0.5750,0.8750,8,5,3,0,0,5,3,0.4000
4,196.0000,20,4,540.9233,-84.3382,0.2813,16,0.4000,0.7500,8,7,4,0,0,7,4,0.4286
4,196.0000,20,6,774.3509,-86.7165,-0.3625,14,0.3500,0.8571,7,8,8,0,0,8,8,0.0000
4,196.0000,20,7,555.0294,-85.7032,-0.1408,15,0.3750,0.7143,7,8,6,0,0,8,6,0.2500
4,196.0000,20,8,517.7705,-81.7832,-0.6317,18,0.4500,0.5714,7,8,7,0,0,8,7,0.1250
4,196.0000,20,9,1028.8492,-88.7995,0.1332,4,0.1000,1.0000,6,4,4,0,0,4,4,0.0000
4,196.0000,20,10,159.9209,-73.8284,0.0720,32,0.8000,0.3200,25,4,0,0,0,4,0,1.0000
4,196.0000,20,11,823.8806,-88.5256,0.7237,4,0.1000,1.0000,8,8,8,0,0,8,8,0.0000
4,196.0000,20,13,473.4482,-82.8038,1.0799,14,0.3500,0.8571,7,8,8,0,0,8,8,0.0000
4,196.0000,20,14,827.1768,-86.7546,-0.4621,7,0.1750,0.8571,7,4,4,0,0,4,4,0.0000
4,196.0000,20,15,332.3520,-80.0824,0.7358,21,0.5250,0.6667,6,7,4,0,0,7,4,0.4286
4,196.0000,20,16,457.3427,-80.6435,-0.8775,25,0.6250,0.8000,30,10,10,11,10,21,20,0.0476
4,196.0000,20,17,870.3861,-87.2516,-0.5291,6,0.1500,1.0000,4,6,5,0,0,6,5,0.1667
4,196.0000,20,19,893.4948,-87.6891,0.7506,5,0.1250,0.7500,4,8,8,0,0,8,8,0.0000
4,196.0000,20,22,353.0543,-79.5274,-0.0794,28,0.7000,0.4000,5,5,4,2,2,7,6,0.1429
4,196.0000,20,23,265.2279,-78.5000,0.3339,31,0.7750,0.4000,5,6,2,4,2,10,4,0.6000
4,196.0000,20,24,921.6765,-87.6757,0.8007,7,0.1750,,0,6,6,0,0,6,6,0.0000
4,196.0000,20,26,585.1573,-85.8846,1.1359,6,0.1500,1.0000,8,8,8,0,0,8,8,0.0000
4,196.0000,20,28,638.0931,-85.0569,-0.1477,7,0.1750,0.8571,7,4,4,0,0,4,4,0.0000
4,196.0000,20,30,675.5383,-86.7177,-0.0593,10,0.2500,1.0000,8,8,7,0,0,8,7,0.1250
4,196.0000,20,31,436.8619,-82.3802,0.4508,13,0.3250,0.7500,8,7,6,55,51,62,57,0.0806
4,196.0000,20,33,423.6269,-81.4992,-0.0498,19,0.4750,0.6667,6,6,4,0,0,6,4,0.3333
4,196.0000,20,35,854.8822,-87.7034,0.3063,7,0.1750,0.8571,7,8,8,0,0,8,8,0.0000
4,196.0000,20,37,498.7276,-83.9158,-0.2088,17,0.4250,0.7143,7,7,4,0,0,7,4,0.4286
4,196.0000,20,38,527.7719,-83.3331,-0.4179,12,0.3000,0.8750,8,8,7,0,0,8,7,0.1250
4,196.0000,20,39,727.6214,-85.9059,-1.0561,7,0.1750,0.8750,8,8,8,0,0,8,8,0.0000
4,196.0000,20,41,166.7306,-74.9767,0.2644,32,0.8000,0.2000,5,5,1,45,16,50,17,0.6600
4,196.0000,20,42,835.9409,-87.2516,-0.9721,4,0.1000,1.0000,8,3,2,0,0,3,2,0.3333
4,196.0000,20,43,164.7354,-76.1983,1.0717,35,0.8750,0.5435,92,5,1,58,10,63,11,0.8254
4,196.0000,20,44,948.3075,-87.5917,-0.3325,4,0.1000,1.0000,28,4,4,2,2,6,6,0.0000
4,196.0000,20,46,516.2327,-84.7021,-0.2459,12,0.3000,0.8571,7,8,8,0,0,8,8,0.0000
4,196.0000,20,47,522.4385,-82.5494,-0.0512,19,0.4750,1.0000,14,8,8,0,0,8,8,0.0000
4,196.0000,21,0,219.6247,-77.4308,0.1114,38,0.9500,0.2000,5,5,1,0,0,5,1,0.8000
4,196.0000,21,1,809.0811,-86.3080,-0.0697,10,0.2500,1.0000,8,8,8,0,0,8,8,0.0000
4,196.0000,21,9,877.5756,-88.4660,-0.9319,4,0.1000,1.0000,8,8,8,0,0,8,8,0.0000
4,196.0000,21,12,535.8969,-82.8684,-0.2847,12,0.3000,0.8750,8,8,7,0,0,8,7,0.1250
4,196.0000,21,18,619.4754,-85.0532,-1.0987,10,0.2500,1.0000,8,8,7,0,0,8,7,0.1250
4,196.0000,21,19,718.0857,-86.3519,-0.3722,6,0.1500,0.8571,7,8,8,0,0,8,8,0.0000
4,196.0000,21,27,802.1158,-86.4021,0.1979,10,0.2500,1.0000,8,8,8,0,0,8,8,0.0000
4,196.0000,21,34,773.7025,-86.0820,-0.8484,5,0.1250,1.0000,8,7,6,0,0,7,6,0.1429
4,196.0000,21,36,539.9274,-84.0887,0.3169,17,0.4250,0.8571,7,6,4,0,0,6,4,0.3333
4,196.0000,21,40,591.5774,-82.2851,-0.6108,8,0.2000,0.8571,7,6,4,0,0,6,4,0.3333
4,196.0000,21,44,549.6500,-84.5051,-0.4724,7,0.1750,0.8571,7,8,8,0,0,8,8,0.0000
4,196.0000,21,45,230.7985,-78.9195,0.5770,37,0.9250,0.4000,5,4,0,0,0,4,0,1.0000
4,196.0000,22,2,436.4752,-82.6071,0.8889,15,0.3750,0.8750,8,8,8,0,0,8,8,0.0000
4,196.0000,22,3,437.1657,-82.3772,1.9676,7,0.1750,0.4000,5,5,4,0,0,5,4,0.2000
4,196.0000,22,4,457.6775,-83.8781,0.9660,8,0.2000,0.8571,7,8,8,0,0,8,8,0.0000
4,196.0000,22,6,737.1773,-87.6635,0.7785,6,0.1500,1.0000,8,8,7,0,0,8,7,0.1250
4,196.0000,22,7,509.2353,-84.1832,0.4880,8,0.2000,0.6667,6,7,4,0,0,7,4,0.4286
4,196.0000,22,8,457.9533,-81.4291,-0.5573,16,0.4000,0.5000,6,7,6,0,0,7,6,0.1429
4,196.0000,22,10,420.5629,-83.5510,-0.7382,9,0.2250,0.8571,7,8,7,0,0,8,7,0.1250
4,196.0000,22,11,834.3984,-88.0599,-1.2097,3,0.0750,1.0000,6,8,8,0,0,8,8,0.0000
4,196.0000,22,13,819.1322,-88.3948,0.6648,3,0.0750,1.0000,8,8,8,0,0,8,8,0.0000
4,196.0000,22,14,752.1058,-86.9971,0.2339,8,0.2000,1.0000,8,6,6,0,0,6,6,0.0000
4,196.0000,22,15,653.1945,-85.4757,0.2279,8,0.2000,1.0000,8,6,4,0,0,6,4,0.3333
4,196.0000,22,16,286.6504,-77.8223,-0.5062,26,0.6500,0.5000,6,5,2,0,0,5,2,0.6000
4,196.0000,22,17,782.6450,-87.2268,0.4169,5,0.1250,1.0000,8,8,7,0,0,8,7,0.1250
4,196.0000,22,20,353.0543,-79.0916,-0.1367,12,0.3000,0.8571,7,7,5,0,0,7,5,0.2857
4,196.0000,22,23,481.8092,-84.9582,1.4606,9,0.2250,0.8571,7,8,7,0,0,8,7,0.1250
4,196.0000,22,24,733.9366,-87.1696,-0.2053,5,0.1250,1.0000,6,8,7,0,0,8,7,0.1250
4,196.0000,22,26,827.3929,-86.9196,0.0464,3,0.0750,1.0000,6,6,6,0,0,6,6,0.0000
4,196.0000,22,31,766.2908,-88.1745,0.3303,5,0.1250,1.0000,8,8,8,0,0,8,8,0.0000
4,196.0000,22,33,345.4813,-80.4479,1.4001,12,0.3000,0.6250,8,6,2,20,14,26,16,0.3846
4,196.0000,22,37,721.2909,-87.4543,-0.9408,5,0.1250,1.0000,4,8,8,0,0,8,8,0.0000
4,196.0000,22,38,552.0929,-84.7820,0.0349,8,0.2000,0.7143,7,8,7,19,16,27,23,0.1481
4,196.0000,22,39,962.6004,-88.9893,0.4104,3,0.0750,1.0000,8,2,2,2,2,4,4,0.0000
4,196.0000,22,41,445.4082,-81.9291,-0.0151,9,0.2250,1.0000,8,6,3,0,0,6,3,0.5000
4,196.0000,22,42,532.9476,-84.3771,0.5601,10,0.2500,0.6667,6,8,8,0,0,8,8,0.0000
4,196.0000,22,43,452.6401,-82.9215,-1.7491,8,0.2000,0.6000,5,10,9,0,0,10,9,0.1000
4,196.0000,22,46,865.6949,-88.0678,0.8666,3,0.0750,0.8000,5,8,8,0,0,8,8,0.0000
4,196.0000,22,47,673.3446,-85.7984,-1.2684,5,0.1250,0.5000,6,7,6,0,0,7,6,0.1429
4,196.0000,23,2,864.7583,-88.2317,1.0854,3,0.0750,1.0000,8,4,4,0,0,4,4,0.0000
4,196.0000,23,3,351.7055,-80.7573,0.9904,24,0.6000,0.8750,8,7,6,0,0,7,6,0.1429
4,196.0000,23,4,481.3630,-83.4192,0.3065,24,0.6000,0.8750,8,8,7,0,0,8,7,0.1250
4,196.0000,23,6,812.5165,-87.7586,1.0444,8,0.2000,0.8750,8,8,8,0,0,8,8,0.0000
4,196.0000,23,7,811.6238,-87.5941,-0.8988,4,0.1000,1.0000,8,10,10,0,0,10,10,0.0000
4,196.0000,23,8,732.1941,-85.3049,-0.6638,14,0.3500,1.0000,8,8,7,0,0,8,7,0.1250
4,196.0000,23,10,270.6037,-77.6580,-0.3769,31,0.7750,0.6667,6,7,6,0,0,7,6,0.1429
4,196.0000,23,11,780.0469,-87.8240,-0.0846,7,0.1750,1.0000,8,7,6,0,0,7,6,0.1429
4,196.0000,23,12,977.3418,-88.0389,-7.1508,4,0.1000,1.0000,2,8,8,0,0,8,8,0.0000
4,196.0000,23,13,519.6419,-84.0379,0.2460,17,0.4250,0.6667,6,8,6,0,0,8,6,0.2500
4,196.0000,23,14,879.5203,-87.0509,-0.3408,6,0.1500,1.0000,6,6,4,0,0,6,4,0.3333
4,196.0000,23,15,387.1956,-81.4499,-0.1483,23,0.5750,0.6250,8,7,5,0,0,7,5,0.2857
4,196.0000,23,16,679.1407,-85.6825,1.1243,13,0.3250,1.0000,8,6,6,0,0,6,6,0.0000
4,196.0000,23,17,783.0116,-87.2489,0.5035,10,0.2500,1.0000,4,5,4,0,0,5,4,0.2000
4,196.0000,23,20,265.2279,-78.9802,0.0446,27,0.6750,0.7541,61,6,3,3,1,9,4,0.5556
4,196.0000,23,22,481.8092,-84.0702,0.1565,20,0.5000,1.0000,18,5,2,140,135,145,137,0.0552
4,196.0000,23,24,1025.3408,-88.9416,0.0176,3,0.0750,1.0000,2,6,6,0,0,6,6,0.0000
4,196.0000,23,26,729.6601,-87.5139,-0.1015,8,0.2000,0.8571,7,8,8,0,0,8,8,0.0000
4,196.0000,23,28,682.1039,-85.4487,-0.2212,12,0.3000,0.8571,7,7,6,0,0,7,6,0.1429
4,196.0000,23,29,1093.2328,-88.3608,1.0898,3,0.0750,,0,4,4,0,0,4,4,0.0000
4,196.0000,23,30,647.0608,-85.4222,-0.8387,14,0.3500,0.8571,7,8,8,0,0,8,8,0.0000
4,196.0000,23,31,540.7677,-83.9233,-0.0072,14,0.3500,0.8571,7,8,8,0,0,8,8,0.0000
4,196.0000,23,33,510.4422,-85.0319,-0.0433,16,0.4000,0.7143,7,6,4,0,0,6,4,0.3333
4,196.0000,23,34,1120.9436,-87.9348,0.0457,3,0.0750,1.0000,8,2,2,0,0,2,2,0.0000
4,196.0000,23,35,810.8983,-86.4969,0.4808,6,0.1500,1.0000,4,10,9,0,0,10,9,0.1000
4,196.0000,23,37,441.4525,-83.0732,-0.2573,21,0.5250,0.8571,7,7,6,0,0,7,6,0.1429
4,196.0000,23,38,539.7543,-84.5740,-0.2120,15,0.3750,0.4000,5,6,4,0,0,6,4,0.3333
4,196.0000,23,39,886.6453,-88.2196,-0.3343,5,0.1250,0.8571,7,2,2,4,4,6,6,0.0000
4,196.0000,23,40,1077.5253,-88.7090,-1.5865,3,0.0750,1.0000,8,2,2,0,0,2,2,0.0000
4,196.0000,23,41,391.6914,-81.5015,-0.2717,23,0.5750,0.7143,7,7,5,0,0,7,5,0.2857
4,196.0000,23,42,969.1107,-88.0446,1.3892,5,0.1250,1.0000,4,8,8,0,0,8,8,0.0000
4,196.0000,23,43,344.9573,-81.2639,0.7133,23,0.5750,0.8571,7,8,6,0,0,8,6,0.2500
4,196.0000,23,46,538.8542,-83.9260,-0.6868,18,0.4500,1.0000,8,7,6,0,0,7,6,0.1429
4,196.0000,23,47,479.2565,-82.8986,0.3353,22,0.5500,0.7143,7,7,6,0,0,7,6,0.1429
4,196.0000,24,2,404.3936,-80.8492,0.0596,17,0.4250,0.7500,8,7,6,0,0,7,6,0.1429
4,196.0000,24,4,644.5186,-86.8637,0.5304,3,0.0750,0.7143,7,8,8,0,0,8,8,0.0000
4,196.0000,24,6,415.3482,-81.9782,0.0748,16,0.4000,0.8571,7,6,4,0,0,6,4,0.3333
4,196.0000,24,11,637.7145,-85.3212,0.4971,5,0.1250,0.8750,8,8,8,0,0,8,8,0.0000
4,196.0000,24,14,326.0531,-81.3656,-0.1748,16,0.4000,0.8750,8,5,1,0,0,5,1,0.8000
4,196.0000,24,17,664.6701,-85.1429,1.2327,8,0.2000,1.0000,8,7,6,0,0,7,6,0.1429
4,196.0000,24,33,517.9332,-82.6913,0.7917,4,0.1000,1.0000,8,8,8,0,0,8,8,0.0000
4,196.0000,24,35,664.0023,-84.4778,-3.0687,3,0.0750,1.0000,8,8,7,0,0,8,7,0.1250
4,196.0000,24,38,576.8193,-84.2266,1.4812,3,0.0750,0.8750,8,7,6,0,0,7,6,0.1429
4,196.0000,24,42,410.3615,-81.3617,-0.9472,22,0.5500,0.5000,6,7,6,0,0,7,6,0.1429
4,196.0000,25,0,964.9970,-87.6670,-2.4621,4,0.1000,1.0000,6,8,8,0,0,8,8,0.0000
4,196.0000,25,1,199.3195,-76.5316,0.5238,34,0.8500,0.5000,6,4,0,0,0,4,0,1.0000
4,196.0000,25,5,522.9224,-82.6720,-1.4775,13,0.3250,0.7143,7,8,6,0,0,8,6,0.2500
4,196.0000,25,9,421.4836,-83.2307,0.3709,12,0.3000,0.8571,7,7,5,0,0,7,5,0.2857
4,196.0000,25,12,1008.5660,-87.3325,0.6531,3,0.0750,1.0000,2,10,10,0,0,10,10,0.0000
4,196.0000,25,18,492.3763,-83.1795,0.0705,17,0.4250,0.6667,6,7,5,0,0,7,5,0.2857
4,196.0000,25,19,716.1808,-86.3149,-0.3238,6,0.1500,1.0000,8,8,8,0,0,8,8,0.0000
4,196.0000,25,21,908.1235,-86.9326,0.0955,5,0.1250,1.0000,8,6,6,0,0,6,6,0.0000
4,196.0000,25,26,884.4417,-87.6629,-0.6807,3,0.0750,1.0000,8,8,8,0,0,8,8,0.0000
4,196.0000,25,27,376.2417,-81.6681,-0.0607,28,0.7000,0.5000,6,4,0,1,0,5,0,1.0000
4,196.0000,25,29,708.8192,-85.0544,-0.7015,7,0.1750,0.8750,8,8,8,0,0,8,8,0.0000
4,196.0000,25,32,115.0659,-69.1451,-0.9415,39,0.9750,0.0000,4,4,0,0,0,4,0,1.0000
4,196.0000,25,34,569.0401,-84.2409,0.0955,9,0.2250,0.8750,8,8,8,0,0,8,8,0.0000
4,196.0000,25,36,462.5124,-82.9547,-0.5828,22,0.5500,0.6667,6,7,6,0,0,7,6,0.1429
4,196.0000,25,40,610.5706,-85.8288,-0.2682,7,0.1750,0.8571,7,6,4,0,0,6,4,0.3333
4,196.0000,25,45,1035.2263,-87.1119,0.1720,3,0.0750,1.0000,2,6,6,0,0,6,6,0.0000
4,196.0000,26,3,914.9777,-88.5377,0.3568,3,0.0732,1.0000,8,7,6,0,0,7,6,0.1429
4,196.0000,26,5,484.7492,-83.2387,0.1090,16,0.3902,0.7500,8,7,6,0,0,7,6,0.1429
4,196.0000,26,7,766.9089,-87.3179,0.0133,3,0.0732,0.8571,7,8,6,0,0,8,6,0.2500
4,196.0000,26,8,576.5065,-84.1708,0.4868,9,0.2195,1.0000,8,10,10,0,0,10,10,0.0000
4,196.0000,26,9,495.1217,-83.0710,0.4189,18,0.4390,0.7143,7,6,4,0,0,6,4,0.3333
4,196.0000,26,10,698.1936,-87.3317,0.5918,6,0.1463,1.0000,8,7,6,0,0,7,6,0.1429
4,196.0000,26,12,566.0751,-83.5510,-1.0549,13,0.3171,0.8571,7,7,4,0,0,7,4,0.4286
4,196.0000,26,13,404.9687,-82.0800,0.7845,16,0.3902,1.0000,8,6,4,0,0,6,4,0.3333
4,196.0000,26,15,665.4691,-86.7969,1.3866,3,0.0732,0.7500,8,8,7,0,0,8,7,0.1250
4,196.0000,26,16,816.6634,-87.3015,-1.1004,5,0.1220,1.0000,8,6,6,0,0,6,6,0.0000
4,196.0000,26,18,933.5363,-88.2001,-0.4957,7,0.1707,1.0000,6,4,4,0,0,4,4,0.0000
4,196.0000,26,19,331.3321,-78.2738,-0.4501,26,0.6341,0.2000,5,7,5,0,0,7,5,0.2857
4,196.0000,26,20,585.1573,-84.6291,0.7579,8,0.1951,1.0000,8,6,4,0,0,6,4,0.3333
4,196.0000,26,21,968.0053,-87.4763,-4.8792,3,0.0732,0.6667,3,6,6,0,0,6,6,0.0000
4,196.0000,26,23,729.6601,-85.8184,1.1133,6,0.1463,0.8750,8,8,8,0,0,8,8,0.0000
4,196.0000,26,25,884.4417,-87.8460,0.1580,9,0.2195,0.8000,5,8,8,0,0,8,8,0.0000
4,196.0000,26,28,361.7685,-79.6068,-0.2651,24,0.5854,0.5714,7,7,6,0,0,7,6,0.1429
4,196.0000,26,29,504.5715,-83.3815,0.6178,14,0.3415,1.0000,8,7,5,0,0,7,5,0.2857
4,196.0000,26,30,489.8289,-81.2730,0.1343,16,0.3902,0.8571,7,7,5,0,0,7,5,0.2857
4,196.0000,26,31,302.3840,-78.8880,0.4936,29,0.7073,0.8571,7,7,6,0,0,7,6,0.1429
4,196.0000,26,32,818.6692,-87.9547,-0.6067,7,0.1707,1.0000,6,4,4,0,0,4,4,0.0000
4,196.0000,26,33,984.3087,-87.3985,0.6965,3,0.0732,1.0000,4,8,8,0,0,8,8,0.0000
4,196.0000,26,34,401.0549,-81.9527,0.2932,19,0.4634,0.8571,7,6,4,0,0,6,4,0.3333
4,196.0000,26,36,974.2754,-88.1492,-2.7553,3,0.0732,1.0000,8,4,4,0,0,4,4,0.0000
4,196.0000,26,39,167.1371,-73.9372,0.3192,35,0.8537,0.4000,5,6,2,0,0,6,2,0.6667
4,196.0000,26,40,430.8368,-81.3537,-0.4299,24,0.5854,0.7143,7,7,6,0,0,7,6,0.1429
4,196.0000,26,41,427.3788,-83.1454,-0.5451,11,0.2683,1.0000,8,7,6,0,0,7,6,0.1429
4,196.0000,26,43,425.7759,-82.9281,-0.3862,11,0.2683,0.6667,6,8,8,0,0,8,8,0.0000
4,196.0000,26,44,477.7295,-81.0686,-0.3378,25,0.6098,0.8571,7,8,8,0,0,8,8,0.0000
4,196.0000,26,46,461.2532,-82.9909,0.1849,15,0.3659,0.8571,7,6,3,0,0,6,3,0.5000
4,196.0000,27,0,810.2420,-87.1327,1.4980,6,0.1500,1.0000,8,7,6,0,0,7,6,0.1429
4,196.0000,27,1,233.2203,-76.9843,-0.2993,32,0.8000,0.4000,5,5,1,0,0,5,1,0.8000
4,196.0000,27,9,726.5197,-87.5145,2.2157,4,0.1000,0.8571,7,8,8,0,0,8,8,0.0000
4,196.0000,27,18,451.5236,-83.3681,-0.0747,17,0.4250,0.6667,6,7,5,0,0,7,5,0.2857
4,196.0000,27,21,802.1158,-86.3136,-0.6016,4,0.1000,1.0000,8,8,6,0,0,8,6,0.2500
4,196.0000,27,25,376.2417,-81.4328,0.2199,22,0.5500,0.7143,7,5,1,0,0,5,1,0.8000
4,196.0000,27,32,381.1073,-81.9115,0.6710,16,0.4000,0.7143,7,6,3,0,0,6,3,0.5000
4,196.0000,27,36,325.1022,-79.3449,-0.4187,35,0.8750,0.2857,7,5,2,0,0,5,2,0.6000
4,196.0000,27,40,778.0020,-86.8958,0.0275,3,0.0750,1.0000,8,8,8,0,0,8,8,0.0000
4,196.0000,28,3,893.7623,-87.2451,1.8714,4,0.1000,1.0000,8,8,8,0,0,8,8,0.0000
4,196.0000,28,7,976.6621,-87.2838,-0.1550,3,0.0750,1.0000,8,6,6,0,0,6,6,0.0000
4,196.0000,28,9,788.3286,-85.9706,-0.4450,9,0.2250,0.7143,7,8,8,0,0,8,8,0.0000
4,196.0000,28,10,689.2470,-83.9838,-0.4996,7,0.1750,1.0000,8,8,6,0,0,8,6,0.2500
4,196.0000,28,12,395.4290,-82.7673,-0.2877,19,0.4750,0.5000,6,4,1,0,0,4,1,0.7500
4,196.0000,28,13,191.9167,-72.4762,-0.9083,37,0.9250,0.4000,5,5,1,0,0,5,1,0.8000
4,196.0000,28,15,554.0661,-84.4935,0.8537,9,0.2250,1.0000,8,7,5,0,0,7,5,0.2857
4,196.0000,28,18,1007.8057,-87.6670,-0.5652,3,0.0750,1.0000,4,4,4,0,0,4,4,0.0000
4,196.0000,28,19,412.7051,-82.8853,0.4090,17,0.4250,0.7143,7,6,3,0,0,6,3,0.5000
4,196.0000,28,20,638.0931,-85.2279,-1.3623,6,0.1500,1.0000,8,8,8,0,0,8,8,0.0000
4,196.0000,28,23,682.1039,-85.1694,0.9180,8,0.2000,0.8750,8,6,5,0,0,6,5,0.1667
4,196.0000,28,26,361.7685,-79.4145,-0.6725,22,0.5500,0.4000,5,7,5,0,0,7,5,0.2857
4,196.0000,28,29,848.0995,-87.5734,0.6307,4,0.1000,1.0000,8,8,8,0,0,8,8,0.0000
4,196.0000,28,30,184.3794,-73.3881,-0.0424,38,0.9500,0.0000,4,4,0,0,0,4,0,1.0000
4,196.0000,28,31,222.7088,-75.2003,-1.1443,32,0.8000,0.3333,6,4,0,0,0,4,0,1.0000
4,196.0000,28,33,1032.7978,-88.0040,-0.9930,4,0.1000,1.0000,8,8,8,0,0,8,8,0.0000
4,196.0000,28,34,568.8225,-85.4740,-0.3138,5,0.1250,1.0000,8,8,8,0,0,8,8,0.0000
4,196.0000,28,37,816.5544,-86.9483,-0.6145,4,0.1000,1.0000,8,4,4,0,0,4,4,0.0000
4,196.0000,28,38,1061.8917,-88.1737,-1.1005,3,0.0750,1.0000,8,2,2,0,0,2,2,0.0000
4,196.0000,28,39,429.2256,-83.9246,0.3262,10,0.2500,0.8571,7,8,8,0,0,8,8,0.0000
4,196.0000,28,40,576.5580,-83.8304,-0.3264,11,0.2750,0.6667,6,6,6,0,0,6,6,0.0000
4,196.0000,28,41,536.3173,-84.1170,-1.2191,10,0.2500,0.7500,8,8,7,0,0,8,7,0.1250
4,196.0000,28,43,516.4279,-82.1228,0.0230,11,0.2750,0.8571,7,8,8,0,0,8,8,0.0000
4,196.0000,28,44,371.5240,-80.8923,-0.8139,17,0.4250,0.5000,6,7,6,0,0,7,6,0.1429
4,196.0000,28,46,197.0066,-75.8914,0.4504,34,0.8500,0.5000,6,5,1,0,0,5,1,0.8000
4,196.0000,28,47,935.5067,-87.8854,0.4605,5,0.1250,1.0000,8,8,8,0,0,8,8,0.0000
4,196.0000,29,1,871.9155,-87.6991,-0.1246,5,0.1282,1.0000,8,4,4,0,0,4,4,0.0000
4,196.0000,29,5,212.7021,-76.6678,0.3228,31,0.7949,0.0000,4,5,2,0,0,5,2,0.6000
4,196.0000,29,7,692.8558,-86.7682,-0.9289,5,0.1282,1.0000,8,7,6,0,0,7,6,0.1429
4,196.0000,29,8,528.8119,-83.3778,0.9303,5,0.1282,1.0000,8,8,8,0,0,8,8,0.0000
4,196.0000,29,9,408.1584,-80.3157,-0.1513,20,0.5128,0.7143,7,8,8,0,0,8,8,0.0000
4,196.0000,29,12,1000.3241,-88.7852,0.3978,4,0.1026,1.0000,4,8,8,0,0,8,8,0.0000
4,196.0000,29,16,822.5768,-86.1110,-0.3330,4,0.1026,1.0000,8,2,2,0,0,2,2,0.0000
4,196.0000,29,18,982.1025,-87.2294,-0.7658,6,0.1538,1.0000,6,4,4,0,0,4,4,0.0000
4,196.0000,29,19,631.3192,-86.3535,-0.1675,8,0.2051,1.0000,8,8,8,0,0,8,8,0.0000
4,196.0000,29,25,708.8192,-84.8803,-0.1174,20,0.5128,0.8750,8,8,7,0,0,8,7,0.1250
4,196.0000,29,26,504.5715,-84.5337,0.7091,9,0.2308,0.8571,7,6,4,0,0,6,4,0.3333
4,196.0000,29,27,1072.2364,-88.2685,-0.8772,4,0.1026,1.0000,6,4,4,0,0,4,4,0.0000
4,196.0000,29,28,848.0995,-87.6693,-2.0888,5,0.1282,1.0000,8,8,8,0,0,8,8,0.0000
4,196.0000,29,31,750.1845,-87.1568,-1.5459,4,0.1026,1.0000,8,8,8,0,0,8,8,0.0000
4,196.0000,29,32,702.8155,-84.8065,-0.4201,10,0.2564,1.0000,8,8,8,0,0,8,8,0.0000
4,196.0000,29,34,534.3226,-83.7609,0.7474,10,0.2564,1.0000,8,8,8,0,0,8,8,0.0000
4,196.0000,29,36,1024.1476,-87.8976,1.2336,6,0.1538,1.0000,6,4,4,0,0,4,4,0.0000
4,196.0000,29,39,441.9574,-80.7314,0.8249,10,0.2564,0.9459,148,8,8,10,10,18,18,0.0000
4,196.0000,29,40,666.5276,-85.7990,-1.0370,6,0.1538,1.0000,8,8,8,0,0,8,8,0.0000
4,196.0000,29,41,716.7555,-86.2344,1.3858,3,0.0769,1.0000,8,8,8,0,0,8,8,0.0000
4,196.0000,29,43,750.6445,-86.2101,0.0842,3,0.0769,1.0000,16,8,8,0,0,8,8,0.0000
4,196.0000,29,44,883.4646,-88.5827,-0.7912,3,0.0769,1.0000,8,8,8,0,0,8,8,0.0000
4,196.0000,30,10,721.3195,-84.4933,-0.2854,3,0.0750,1.0000,10,8,8,0,0,8,8,0.0000
4,196.0000,30,12,364.6225,-83.1658,1.4331,11,0.2750,0.8571,7,5,2,0,0,5,2,0.6000
4,196.0000,30,13,265.0443,-76.5215,-1.0600,28,0.7000,0.0000,4,8,7,0,0,8,7,0.1250
4,196.0000,30,15,595.3370,-84.0240,0.8461,4,0.1000,0.8750,8,8,8,0,0,8,8,0.0000
4,196.0000,30,19,540.2493,-84.1905,0.2172,6,0.1500,0.7500,8,6,4,0,0,6,4,0.3333
4,196.0000,30,20,675.5383,-85.9319,0.6870,6,0.1500,1.0000,8,8,8,0,0,8,8,0.0000
4,196.0000,30,21,897.4154,-85.6442,2.3244,4,0.1000,,0,8,8,0,0,8,8,0.0000
4,196.0000,30,22,1002.4717,-87.5080,0.4770,3,0.0750,1.0000,4,4,4,0,0,4,4,0.0000
4,196.0000,30,23,647.0608,-83.8584,-0.7599,6,0.1500,0.8571,7,8,8,0,0,8,8,0.0000
4,196.0000,30,26,489.8289,-82.7582,0.5383,11,0.2750,1.0000,8,7,6,0,0,7,6,0.1429
4,196.0000,30,28,184.3794,-73.7105,-0.1287,34,0.8500,0.0000,4,4,0,0,0,4,0,1.0000
4,196.0000,30,31,342.4477,-79.0054,-0.9314,18,0.4500,0.4000,5,7,6,0,0,7,6,0.1429
4,196.0000,30,34,705.7693,-87.8041,-1.1564,4,0.1000,0.8571,7,7,6,0,0,7,6,0.1429
4,196.0000,30,37,814.9870,-85.8953,-0.5682,4,0.1000,1.0000,8,6,6,0,0,6,6,0.0000
4,196.0000,30,39,581.7717,-84.9698,0.0589,3,0.0750,1.0000,8,8,8,0,0,8,8,0.0000
4,196.0000,30,40,644.3852,-86.1054,0.1828,6,0.1500,1.0000,8,7,6,0,0,7,6,0.1429
4,196.0000,30,41,607.7097,-82.7618,-1.3615,4,0.1000,0.8571,7,8,8,0,0,8,8,0.0000
4,196.0000,30,43,567.9269,-83.2133,-0.0890,7,0.1750,1.0000,8,8,8,0,0,8,8,0.0000
4,196.0000,30,44,401.3428,-81.0588,-0.2478,16,0.4000,0.7143,7,6,3,0,0,6,3,0.5000
4,196.0000,30,46,244.6772,-76.8355,0.0481,27,0.6750,0.2000,5,7,4,0,0,7,4,0.4286
4,196.0000,31,3,708.0230,-85.8648,1.0182,8,0.2000,1.0000,8,8,8,0,0,8,8,0.0000
4,196.0000,31,5,757.9808,-87.5594,0.4345,5,0.1250,0.8571,7,8,7,0,0,8,7,0.1250
4,196.0000,31,7,762.0213,-87.3484,0.3657,3,0.0750,1.0000,8,8,8,0,0,8,8,0.0000
4,196.0000,31,8,688.2785,-84.1885,-0.9590,8,0.2000,1.0000,6,4,4,0,0,4,4,0.0000
4,196.0000,31,9,793.8373,-87.7169,-0.2173,6,0.1500,0.8571,7,8,8,0,0,8,8,0.0000
4,196.0000,31,10,493.8712,-82.9486,-0.5956,11,0.2750,0.8750,8,6,3,0,0,6,3,0.5000
4,196.0000,31,12,598.2433,-84.9496,0.6437,10,0.2500,1.0000,8,8,8,0,0,8,8,0.0000
4,196.0000,31,13,122.4927,-70.6928,0.4816,37,0.9250,0.1163,86,4,0,84,15,88,15,0.8295
4,196.0000,31,15,391.0657,-81.5572,-0.6442,15,0.3750,0.8000,10,6,3,0,0,6,3,0.5000
4,196.0000,31,16,787.3845,-85.9588,-2.7863,5,0.1250,1.0000,8,6,6,0,0,6,6,0.0000
4,196.0000,31,19,508.5259,-83.8431,0.7027,12,0.3000,1.0000,8,8,7,0,0,8,7,0.1250
4,196.0000,31,20,436.8619,-83.5212,0.2719,13,0.3250,0.7143,7,8,7,0,0,8,7,0.1250
4,196.0000,31,22,766.2908,-86.6975,1.7731,3,0.0750,0.8571,7,6,6,0,0,6,6,0.0000
4,196.0000,31,23,540.7677,-83.1130,-0.8085,10,0.2500,0.8750,8,9,9,0,0,9,9,0.0000
4,196.0000,31,26,302.3840,-80.0173,0.1870,19,0.4750,0.6667,6,6,4,0,0,6,4,0.3333
4,196.0000,31,28,222.7088,-75.5283,-0.6223,33,0.8250,0.3333,6,5,1,0,0,5,1,0.8000
4,196.0000,31,29,750.1845,-85.8733,0.3841,7,0.1750,0.7143,7,8,8,0,0,8,8,0.0000
4,196.0000,31,30,342.4477,-78.2168,-0.6043,32,0.8000,0.5000,6,7,6,0,0,7,6,0.1429
4,196.0000,31,34,627.0208,-86.0543,0.3697,9,0.2250,1.0000,8,8,7,0,0,8,7,0.1250
4,196.0000,31,37,677.9699,-86.6062,0.3438,10,0.2500,0.8750,8,7,6,0,0,7,6,0.1429
4,196.0000,31,39,410.4832,-81.5196,0.1171,15,0.3750,0.8571,7,7,5,21,15,28,20,0.2857
4,196.0000,31,40,668.2907,-86.0276,-0.0578,9,0.2250,1.0000,8,8,7,0,0,8,7,0.1250
4,196.0000,31,41,325.4256,-79.0717,0.6370,16,0.4000,0.5000,6,6,3,0,0,6,3,0.5000
4,196.0000,31,43,320.6644,-80.3510,1.0902,23,0.5750,0.8750,8,6,3,0,0,6,3,0.5000
4,196.0000,31,44,556.6778,-83.8083,-0.2271,13,0.3250,0.8571,7,8,7,0,0,8,7,0.1250
4,196.0000,31,46,184.8629,-75.2801,0.5375,37,0.9250,0.0000,4,4,0,0,0,4,0,1.0000
4,196.0000,31,47,777.9936,-86.6434,-0.2485,7,0.1750,0.8571,7,8,8,0,0,8,8,0.0000
4,196.0000,32,1,172.2281,-75.4956,0.7023,38,0.9500,0.0000,4,4,0,0,0,4,0,1.0000
4,196.0000,32,5,501.0309,-83.5908,-1.2606,15,0.3750,0.6667,6,8,7,0,0,8,7,0.1250
4,196.0000,32,9,390.5843,-82.0059,-0.8491,20,0.5000,0.5000,6,8,7,0,0,8,7,0.1250
4,196.0000,32,12,907.4946,-87.2275,0.4874,4,0.1000,1.0000,8,8,8,0,0,8,8,0.0000
4,196.0000,32,18,394.3406,-82.2726,0.2572,21,0.5250,0.5000,6,5,2,2,2,7,4,0.4286
4,196.0000,32,19,620.8588,-84.5326,0.0195,5,0.1250,0.8571,7,8,8,0,0,8,8,0.0000
4,196.0000,32,21,816.6580,-86.8959,0.0784,3,0.0750,1.0000,2,6,6,0,0,6,6,0.0000
4,196.0000,32,25,115.0659,-69.0303,-0.6325,37,0.9250,0.0000,4,4,0,0,0,4,0,1.0000
4,196.0000,32,26,818.6692,-87.8069,-0.9631,3,0.0750,1.0000,8,8,8,0,0,8,8,0.0000
4,196.0000,32,27,381.1073,-82.9643,-0.3121,28,0.7000,0.0000,4,5,2,0,0,5,2,0.6000
4,196.0000,32,29,702.8155,-84.4230,-0.5463,12,0.3000,1.0000,8,8,7,0,0,8,7,0.1250
4,196.0000,32,34,478.7302,-82.6468,-0.0176,17,0.4250,1.0000,8,6,4,4,4,10,8,0.2000
4,196.0000,32,36,380.9786,-80.9822,0.3328,24,0.6000,0.5000,6,6,3,0,0,6,3,0.5000
4,196.0000,32,39,690.8232,-85.0871,2.1460,5,0.1250,1.0000,8,8,8,0,0,8,8,0.0000
4,196.0000,32,40,527.3952,-84.5360,0.5618,12,0.3000,0.7143,7,8,6,0,0,8,6,0.2500
4,196.0000,32,45,946.5811,-87.2991,0.4850,4,0.1000,1.0000,4,6,6,0,0,6,6,0.0000
4,196.0000,33,2,442.5193,-81.3520,-0.5119,28,0.7179,0.8750,8,6,4,0,0,6,4,0.3333
4,196.0000,33,3,218.1714,-76.8114,0.1367,29,0.7436,0.0000,4,4,0,0,0,4,0,1.0000
4,196.0000,33,4,281.5816,-79.4439,0.7529,22,0.5641,0.5714,7,5,1,0,0,5,1,0.8000
4,196.0000,33,6,397.6436,-81.0461,-0.0728,20,0.5128,0.8571,7,5,2,0,0,5,2,0.6000
4,196.0000,33,7,575.0723,-85.4771,-0.2892,9,0.2308,1.0000,8,5,4,0,0,5,4,0.2000
4,196.0000,33,8,732.0214,-85.4726,-0.5028,6,0.1538,0.8571,7,8,8,0,0,8,8,0.0000
4,196.0000,33,10,349.5738,-81.6351,-0.4893,13,0.3333,0.5000,6,4,0,0,0,4,0,1.0000
4,196.0000,33,11,510.7299,-84.7254,0.1654,19,0.4872,0.8571,7,6,4,0,0,6,4,0.3333
4,196.0000,33,13,850.6149,-88.6947,0.1754,5,0.1282,1.0000,8,6,6,0,0,6,6,0.0000
4,196.0000,33,14,427.8099,-83.0349,0.6775,18,0.4615,0.4000,5,6,3,0,0,6,3,0.5000
4,196.0000,33,15,551.6278,-84.2382,-0.4572,8,0.2051,0.8571,7,7,6,0,0,7,6,0.1429
4,196.0000,33,16,414.9709,-80.9735,-0.6701,22,0.5641,0.7143,7,6,4,0,0,6,4,0.3333
4,196.0000,33,17,549.0599,-84.7520,0.9425,16,0.4103,0.5000,4,7,5,0,0,7,5,0.2857
4,196.0000,33,20,423.6269,-81.6782,-0.2234,12,0.3077,0.7143,7,6,3,0,0,6,3,0.5000
4,196.0000,33,22,345.4813,-80.9538,-0.3747,17,0.4359,0.7143,7,8,6,0,0,8,6,0.2500
4,196.0000,33,23,510.4422,-83.7268,0.1809,12,0.3077,0.6250,8,8,7,0,0,8,7,0.1250
4,196.0000,33,24,517.9332,-83.8912,-0.0052,22,0.5641,0.8571,7,7,5,0,0,7,5,0.2857
4,196.0000,33,31,826.3080,-86.4587,0.6643,3,0.0769,1.0000,8,6,6,0,0,6,6,0.0000
4,196.0000,33,35,549.3112,-85.8411,-0.6928,14,0.3590,0.6667,6,6,3,0,0,6,3,0.5000
4,196.0000,33,37,503.5186,-85.3267,0.4846,9,0.2308,0.8571,7,7,6,0,0,7,6,0.1429
4,196.0000,33,38,226.5663,-77.3777,0.1123,32,0.8205,0.8571,7,5,1,0,0,5,1,0.8000
4,196.0000,33,41,559.4093,-84.8367,-0.0375,5,0.1282,1.0000,8,7,5,0,0,7,5,0.2857
4,196.0000,33,42,543.8124,-84.0280,-0.3678,21,0.5385,0.5000,6,6,4,0,0,6,4,0.3333
4,196.0000,33,43,582.4685,-85.9465,-0.2826,7,0.1795,1.0000,8,8,6,0,0,8,6,0.2500
4,196.0000,33,47,406.9615,-83.5750,0.3181,16,0.4103,0.5000,6,4,0,0,0,4,0,1.0000
4,196.0000,34,0,859.7841,-87.6037,-0.3603,10,0.2500,1.0000,8,7,6,0,0,7,6,0.1429
4,196.0000,34,1,615.3733,-84.4344,-0.8563,23,0.5750,0.9000,10,8,8,0,0,8,8,0.0000
4,196.0000,34,5,362.3798,-79.5652,-0.5830,32,0.8000,0.8571,7,7,5,0,0,7,5,0.2857
4,196.0000,34,8,884.2793,-88.3773,-0.3988,4,0.1000,1.0000,6,6,6,0,0,6,6,0.0000
4,196.0000,34,9,341.1688,-81.1886,0.0831,27,0.6750,0.0000,4,7,6,0,0,7,6,0.1429
4,196.0000,34,10,1078.5497,-88.7372,1.4539,3,0.0750,1.0000,4,6,6,0,0,6,6,0.0000
4,196.0000,34,12,566.5651,-83.9567,-0.8913,15,0.3750,1.0000,8,8,7,0,0,8,7,0.1250
4,196.0000,34,13,702.6215,-86.2318,0.0947,7,0.1750,1.0000,8,6,4,0,0,6,4,0.3333
4,196.0000,34,18,547.9111,-82.5087,-1.0998,26,0.6500,0.7143,7,6,4,0,0,6,4,0.3333
4,196.0000,34,19,170.3568,-74.1362,0.4177,36,0.9000,0.2000,5,5,1,0,0,5,1,0.8000
4,196.0000,34,21,773.7025,-86.6495,-0.2544,11,0.2750,1.0000,8,6,6,0,0,6,6,0.0000
4,196.0000,34,25,569.0401,-83.8303,-0.5179,25,0.6250,1.0000,8,7,5,0,0,7,5,0.2857
4,196.0000,34,26,401.0549,-81.2680,0.9224,16,0.4000,0.5000,6,6,4,0,0,6,4,0.3333
4,196.0000,34,27,811.3064,-86.7570,-0.3406,21,0.5250,0.9896,96,6,6,64,64,70,70,0.0000
4,196.0000,34,28,568.8225,-85.8032,0.6647,11,0.2750,1.0000,6,8,7,0,0,8,7,0.1250
4,196.0000,34,29,534.3226,-84.6275,0.1725,16,0.4000,0.8571,7,7,6,0,0,7,6,0.1429
4,196.0000,34,30,705.7693,-87.4495,0.4659,5,0.1250,1.0000,6,10,10,0,0,10,10,0.0000
4,196.0000,34,31,627.0208,-86.3963,-0.2460,6,0.1500,1.0000,8,6,6,0,0,6,6,0.0000
4,196.0000,34,32,478.7302,-82.2825,-1.1452,26,0.6500,0.6667,6,8,7,10,10,18,17,0.0556
4,196.0000,34,36,619.1846,-83.7737,-0.7548,24,0.6000,0.6667,6,7,6,0,0,7,6,0.1429
4,196.0000,34,39,254.5263,-79.7535,1.8125,21,0.5250,0.5000,6,5,1,0,0,5,1,0.8000
4,196.0000,34,40,294.0910,-80.2337,-0.1969,28,0.7000,0.2000,5,5,1,0,0,5,1,0.8000
4,196.0000,34,41,817.3653,-86.8301,-0.5647,3,0.0750,1.0000,6,8,8,0,0,8,8,0.0000
4,196.0000,34,43,823.9507,-87.8240,0.7804,7,0.1750,1.0000,8,8,8,0,0,8,8,0.0000
4,196.0000,34,44,435.1407,-83.2998,-0.1136,16,0.4000,0.8750,8,7,5,0,0,7,5,0.2857
4,196.0000,34,45,955.0661,-88.2065,-0.6000,8,0.2000,1.0000,6,5,4,0,0,5,4,0.2000
4,196.0000,34,46,737.5852,-87.5993,0.2284,8,0.2000,0.8750,8,8,8,0,0,8,8,0.0000
4,196.0000,35,2,868.8468,-88.1358,0.3228,3,0.0750,1.0000,8,8,8,0,0,8,8,0.0000
4,196.0000,35,3,512.3461,-84.2383,1.1207,9,0.2250,0.8571,7,8,7,0,0,8,7,0.1250
4,196.0000,35,4,491.1850,-83.1070,-0.8204,16,0.4000,1.0000,8,7,6,0,0,7,6,0.1429
4,196.0000,35,6,273.1532,-80.4604,0.9992,27,0.6750,0.0000,4,4,0,0,0,4,0,1.0000
4,196.0000,35,10,710.7106,-87.2028,-0.2268,6,0.1500,1.0000,8,8,8,0,0,8,8,0.0000
4,196.0000,35,11,47.5964,-64.6930,1.5379,39,0.9750,0.2000,5,4,0,0,0,4,0,1.0000
4,196.0000,35,14,349.2540,-80.7172,0.4134,27,0.6750,1.0000,8,5,2,0,0,5,2,0.6000
4,196.0000,35,15,776.2130,-86.4128,-0.1576,4,0.1000,1.0000,8,8,8,0,0,8,8,0.0000
4,196.0000,35,17,367.4878,-81.1195,-0.4746,28,0.7000,0.4286,7,6,3,0,0,6,3,0.5000
4,196.0000,35,20,854.8822,-88.1581,0.9388,5,0.1250,1.0000,8,8,8,0,0,8,8,0.0000
4,196.0000,35,22,876.2693,-86.9046,0.8219,4,0.1000,1.0000,4,8,8,0,0,8,8,0.0000
4,196.0000,35,23,810.8983,-87.1317,0.5555,3,0.0750,1.0000,8,8,8,0,0,8,8,0.0000
4,196.0000,35,24,664.0023,-86.5075,-0.1285,8,0.2000,0.8571,7,8,8,0,0,8,8,0.0000
4,196.0000,35,33,549.3112,-85.7808,-0.4971,10,0.2500,1.0000,8,6,3,0,0,6,3,0.5000
4,196.0000,35,37,516.8676,-84.7988,0.5806,9,0.2250,1.0000,6,9,8,0,0,9,8,0.1111
4,196.0000,35,38,342.0205,-80.8357,1.2327,15,0.3750,1.0000,8,4,0,0,0,4,0,1.0000
4,196.0000,35,43,1012.1480,-89.0862,-0.9317,3,0.0750,1.0000,2,8,8,0,0,8,8,0.0000
4,196.0000,35,47,387.8369,-82.8941,0.6683,16,0.4000,0.6667,6,7,4,0,0,7,4,0.4286
4,196.0000,36,0,531.1031,-84.7835,0.5984,16,0.4000,0.5556,9,5,2,0,0,5,2,0.6000
4,196.0000,36,1,300.3333,-76.7528,-1.1021,33,0.8250,0.0000,3,5,2,0,0,5,2,0.6000
4,196.0000,36,5,814.4986,-85.9224,0.3998,5,0.1250,1.0000,8,8,8,0,0,8,8,0.0000
4,196.0000,36,9,663.6368,-84.8171,-0.3441,12,0.3000,1.0000,6,8,8,0,0,8,8,0.0000
4,196.0000,36,12,820.1510,-86.8121,0.9067,8,0.2000,1.0000,8,8,8,0,0,8,8,0.0000
4,196.0000,36,18,191.3492,-76.5939,0.4234,33,0.8250,0.0000,4,6,2,0,0,6,2,0.6667
4,196.0000,36,19,690.9514,-86.6211,-0.7125,8,0.2000,0.8571,7,8,8,0,0,8,8,0.0000
4,196.0000,36,21,539.9274,-85.2955,0.0843,17,0.4250,0.7143,7,7,4,0,0,7,4,0.4286
4,196.0000,36,25,462.5124,-82.1286,-0.5901,25,0.6250,1.0000,8,7,4,0,0,7,4,0.4286
4,196.0000,36,26,974.2754,-87.3510,0.5914,5,0.1250,1.0000,2,8,8,0,0,8,8,0.0000
4,196.0000,36,27,325.1022,-78.9234,-0.9684,35,0.8750,0.0000,4,6,2,0,0,6,2,0.6667
4,196.0000,36,29,1024.1476,-89.3566,-1.1634,4,0.1000,1.0000,8,4,4,0,0,4,4,0.0000
4,196.0000,36,32,380.9786,-81.6239,0.2477,24,0.6000,0.8750,8,5,2,0,0,5,2,0.6000
4,196.0000,36,34,619.1846,-83.0143,-0.6890,15,0.3750,0.8571,7,8,8,0,0,8,8,0.0000
4,196.0000,36,39,860.9790,-87.4655,-0.6729,6,0.1500,1.0000,8,8,8,0,0,8,8,0.0000
4,196.0000,36,40,586.5925,-85.1372,-0.2019,10,0.2500,1.0000,8,8,8,0,0,8,8,0.0000
4,196.0000,36,44,739.9914,-88.4037,0.0138,6,0.1500,0.8750,8,8,8,0,0,8,8,0.0000
4,196.0000,36,45,605.6134,-85.8847,0.5781,11,0.2750,0.8571,7,7,6,0,0,7,6,0.1429
4,196.0000,37,3,305.8221,-80.5555,0.9779,17,0.4250,0.2000,5,6,3,0,0,6,3,0.5000
4,196.0000,37,4,521.2802,-83.5827,0.3430,10,0.2500,0.8571,7,8,8,0,0,8,8,0.0000
4,196.0000,37,6,577.1411,-84.1612,-0.7874,10,0.2500,0.7143,7,7,6,0,0,7,6,0.1429
4,196.0000,37,10,347.8085,-80.8401,-0.1375,12,0.3000,0.8571,7,8,6,0,0,8,6,0.2500
4,196.0000,37,11,508.2016,-84.2639,0.4591,17,0.4250,1.0000,8,7,6,0,0,7,6,0.1429
4,196.0000,37,13,630.2588,-84.3946,-0.2539,8,0.2000,1.0000,8,7,6,0,0,7,6,0.1429
4,196.0000,37,14,670.5281,-85.8412,0.1723,12,0.3000,0.8571,7,6,3,0,0,6,3,0.5000
4,196.0000,37,15,296.3095,-77.0617,-0.7524,23,0.5750,0.7143,7,4,2,0,0,4,2,0.5000
4,196.0000,37,16,810.1970,-89.4426,-0.0657,4,0.1000,1.0000,8,7,6,0,0,7,6,0.1429
4,196.0000,37,17,688.9462,-86.1029,0.4238,7,0.1750,1.0000,8,8,8,0,0,8,8,0.0000
4,196.0000,37,20,498.7276,-82.4392,-0.2482,8,0.2000,0.6667,6,8,7,0,0,8,7,0.1250
4,196.0000,37,23,441.4525,-81.9983,0.2782,13,0.3250,0.8571,7,10,9,0,0,10,9,0.1000
4,196.0000,37,24,925.0476,-87.9763,-0.1908,5,0.1250,1.0000,2,8,8,0,0,8,8,0.0000
4,196.0000,37,28,816.5544,-86.7107,-0.5085,5,0.1250,1.0000,6,4,4,0,0,4,4,0.0000
4,196.0000,37,30,814.9870,-87.5702,-0.4985,4,0.1000,1.0000,8,8,8,0,0,8,8,0.0000
4,196.0000,37,31,677.9699,-86.3317,0.1050,5,0.1250,1.0000,8,8,7,0,0,8,7,0.1250
4,196.0000,37,33,503.5186,-85.2522,0.9555,7,0.1750,0.4000,5,6,4,0,0,6,4,0.3333
4,196.0000,37,35,516.8676,-84.5228,0.4896,15,0.3750,0.8889,9,6,3,0,0,6,3,0.5000
4,196.0000,37,38,361.4266,-81.8342,-0.2358,18,0.4500,0.8750,8,6,4,0,0,6,4,0.3333
4,196.0000,37,41,612.5299,-86.2364,0.6143,5,0.1250,0.8750,8,7,4,0,0,7,4,0.4286
4,196.0000,37,42,1046.1535,-87.9740,-2.5306,3,0.0750,1.0000,6,8,8,0,0,8,8,0.0000
4,196.0000,37,43,614.2241,-85.5385,0.0711,7,0.1750,1.0000,8,8,7,0,0,8,7,0.1250
4,196.0000,37,46,621.4642,-83.6698,0.0182,8,0.2000,0.6667,6,8,7,0,0,8,7,0.1250
4,196.0000,37,47,145.3420,-72.4591,-0.0227,31,0.7750,0.0000,4,4,0,0,0,4,0,1.0000
4,196.0000,38,2,633.3588,-84.7892,-0.7050,18,0.4500,0.8750,8,8,7,0,0,8,7,0.1250
4,196.0000,38,3,194.8700,-74.6861,-0.2054,35,0.8750,0.2000,5,4,0,0,0,4,0,1.0000
4,196.0000,38,4,282.0785,-79.6155,0.4448,34,0.8500,0.2000,5,6,4,0,0,6,4,0.3333
4,196.0000,38,6,273.4170,-79.0162,-0.2562,33,0.8250,0.3333,6,6,2,0,0,6,2,0.6667
4,196.0000,38,7,752.1034,-86.8337,0.4210,6,0.1500,0.7500,8,8,8,0,0,8,8,0.0000
4,196.0000,38,10,395.6810,-81.7478,0.8243,13,0.3250,0.8571,7,6,4,0,0,6,4,0.3333
4,196.0000,38,11,308.4085,-81.3101,1.3308,34,0.8500,0.8750,8,4,0,0,0,4,0,1.0000
4,196.0000,38,13,870.6208,-87.6924,-1.0511,3,0.0750,1.0000,8,8,8,0,0,8,8,0.0000
4,196.0000,38,14,348.8145,-80.2434,0.1371,32,0.8000,0.7143,7,4,0,0,0,4,0,1.0000
4,196.0000,38,15,524.7385,-82.1478,-0.4151,14,0.3500,1.0000,8,8,8,0,0,8,8,0.0000
4,196.0000,38,16,628.3306,-85.3740,0.1578,9,0.2250,0.8571,7,7,5,0,0,7,5,0.2857
4,196.0000,38,17,443.5395,-83.2511,0.3128,29,0.7250,0.5714,7,6,3,0,0,6,3,0.5000
4,196.0000,38,20,527.7719,-82.8101,-0.3715,13,0.3250,1.0000,8,7,6,0,0,7,6,0.1429
4,196.0000,38,22,552.0929,-85.0254,-0.2777,8,0.2000,0.8571,7,8,8,0,0,8,8,0.0000
4,196.0000,38,23,539.7543,-84.8110,-0.6814,14,0.3500,0.7143,7,8,8,0,0,8,8,0.0000
4,196.0000,38,24,576.8193,-85.5983,-0.2091,19,0.4750,1.0000,4,7,5,0,0,7,5,0.2857
4,196.0000,38,28,1061.8917,-88.9889,0.2689,3,0.0750,1.0000,8,2,2,0,0,2,2,0.0000
4,196.0000,38,31,875.1543,-87.1693,-0.4518,4,0.1000,1.0000,6,6,6,0,0,6,6,0.0000
4,196.0000,38,33,226.5663,-77.5003,0.7211,28,0.7000,0.7143,7,7,5,0,0,7,5,0.2857
4,196.0000,38,35,342.0205,-82.0270,0.8901,30,0.7500,0.6667,6,5,2,0,0,5,2,0.6000
4,196.0000,38,37,361.4266,-81.5801,0.1688,24,0.6000,0.2000,5,6,2,0,0,6,2,0.6667
4,196.0000,38,41,672.3577,-87.2573,0.5792,5,0.1250,1.0000,8,8,7,0,0,8,7,0.1250
4,196.0000,38,42,725.2527,-86.7238,-0.0471,15,0.3750,1.0000,8,7,6,0,0,7,6,0.1429
4,196.0000,38,43,689.0465,-86.0712,0.0619,4,0.1000,1.0000,8,8,8,0,0,8,8,0.0000
4,196.0000,38,46,884.4843,-87.3153,-0.8127,3,0.0750,0.7143,7,6,6,0,0,6,6,0.0000
4,196.0000,38,47,227.9109,-77.1572,0.3971,32,0.8000,0.0000,4,4,0,0,0,4,0,1.0000
4,196.0000,39,1,844.8603,-87.3742,-1.1676,6,0.1500,0.8333,6,2,1,0,0,2,1,0.5000
4,196.0000,39,3,1047.4734,-88.2024,0.8541,3,0.0750,1.0000,8,4,4,0,0,4,4,0.0000
4,196.0000,39,5,370.7783,-80.6752,-0.1950,23,0.5750,0.4000,5,6,4,0,0,6,4,0.3333
4,196.0000,39,7,823.6494,-87.5383,-1.2215,5,0.1250,1.0000,6,6,6,0,0,6,6,0.0000
4,196.0000,39,8,667.0343,-86.3884,-0.5450,9,0.2250,0.8571,7,8,8,0,0,8,8,0.0000
4,196.0000,39,9,411.4121,-81.3231,-0.6500,21,0.5250,0.5000,6,6,3,0,0,6,3,0.5000
4,196.0000,39,10,830.1035,-86.5166,-0.4765,6,0.1500,1.0000,6,8,8,0,0,8,8,0.0000
4,196.0000,39,12,582.8010,-84.6035,0.1339,15,0.3750,1.0000,5,6,6,0,0,6,6,0.0000
4,196.0000,39,13,508.9598,-83.8904,1.9470,9,0.2250,1.0000,8,10,10,0,0,10,10,0.0000
4,196.0000,39,15,775.6958,-87.1102,-0.3975,6,0.1500,1.0000,8,8,8,0,0,8,8,0.0000
4,196.0000,39,18,801.1675,-86.2982,-0.3986,8,0.2000,0.8750,8,8,8,0,0,8,8,0.0000
4,196.0000,39,19,233.7915,-77.1879,0.7005,31,0.7750,0.3333,6,5,1,0,0,5,1,0.8000
4,196.0000,39,20,727.6214,-86.8141,0.5604,6,0.1500,1.0000,8,8,8,0,0,8,8,0.0000
4,196.0000,39,21,929.3278,-88.5757,-0.4227,7,0.1750,1.0000,6,8,8,0,0,8,8,0.0000
4,196.0000,39,22,962.6004,-88.0721,-0.0136,5,0.1250,1.0000,2,8,8,0,0,8,8,0.0000
4,196.0000,39,23,886.6453,-88.1127,-0.2298,6,0.1500,1.0000,10,4,4,0,0,4,4,0.0000
4,196.0000,39,25,761.4502,-86.7061,0.6693,12,0.3000,0.8000,5,9,9,0,0,9,9,0.0000
4,196.0000,39,26,167.1371,-73.4753,-0.1741,32,0.8000,0.2000,5,5,1,0,0,5,1,0.8000
4,196.0000,39,27,1037.6574,-88.4547,0.5356,4,0.1000,1.0000,4,2,2,0,0,2,2,0.0000
4,196.0000,39,28,429.2256,-82.8186,0.1553,14,0.3500,0.7143,7,5,2,0,0,5,2,0.6000
4,196.0000,39,29,441.9574,-81.2585,0.1334,22,0.5500,0.7500,8,7,6,0,0,7,6,0.1429
4,196.0000,39,30,581.7717,-84.0063,0.6079,11,0.2750,0.7143,7,7,6,0,0,7,6,0.1429
4,196.0000,39,31,410.4832,-82.6891,-0.4069,12,0.3000,0.9091,22,8,8,0,0,8,8,0.0000
4,196.0000,39,32,690.8232,-86.6929,-0.3136,12,0.3000,0.8750,8,8,8,0,0,8,8,0.0000
4,196.0000,39,33,1108.1740,-88.4497,0.0566,4,0.1000,1.0000,2,4,4,0,0,4,4,0.0000
4,196.0000,39,34,254.5263,-79.3219,1.1310,24,0.6000,0.5714,7,5,2,0,0,5,2,0.6000
4,196.0000,39,36,860.9790,-88.6415,-0.3203,4,0.1000,1.0000,8,6,6,0,0,6,6,0.0000
4,196.0000,39,37,1070.1811,-87.2572,2.8175,3,0.0750,1.0000,6,2,2,0,0,2,2,0.0000
4,196.0000,39,40,385.1644,-81.7036,0.8295,24,0.6000,1.0000,8,7,6,0,0,7,6,0.1429
4,196.0000,39,41,564.5238,-84.0168,-0.7916,11,0.2750,0.8571,7,6,4,0,0,6,4,0.3333
4,196.0000,39,43,575.5655,-83.5768,-1.6407,11,0.2750,0.7143,7,8,7,0,0,8,7,0.1250
4,196.0000,39,44,468.7504,-83.6647,-0.9938,17,0.4250,0.5000,6,6,4,0,0,6,4,0.3333
4,196.0000,39,46,557.3466,-85.6187,0.0111,10,0.2500,1.0000,8,8,7,0,0,8,7,0.1250
4,196.0000,40,0,740.1287,-86.8393,0.1066,9,0.2250,0.8333,6,7,6,0,0,7,6,0.1429
4,196.0000,40,1,647.2597,-85.4514,-0.6960,20,0.5000,0.7143,7,7,6,0,0,7,6,0.1429
4,196.0000,40,5,516.7683,-83.5590,0.3924,17,0.4250,0.7143,7,7,6,0,0,7,6,0.1429
4,196.0000,40,8,901.2613,-86.5980,-1.6839,5,0.1250,1.0000,6,8,8,0,0,8,8,0.0000
4,196.0000,40,9,342.3785,-80.9630,0.0221,19,0.4750,0.4000,5,8,8,0,0,8,8,0.0000
4,196.0000,40,12,437.1990,-81.1838,-0.5053,24,0.6000,0.5000,6,7,5,0,0,7,5,0.2857
4,196.0000,40,13,724.3207,-88.2769,0.0087,5,0.1250,1.0000,8,8,8,0,0,8,8,0.0000
4,196.0000,40,18,601.9834,-84.5824,-0.9225,17,0.4250,0.5714,7,8,7,53,51,61,58,0.0492
4,196.0000,40,19,268.3043,-77.5216,0.0336,34,0.8500,0.2000,5,7,5,0,0,7,5,0.2857
4,196.0000,40,21,591.5774,-84.8335,0.1814,21,0.5250,1.0000,8,6,4,0,0,6,4,0.3333
4,196.0000,40,25,610.5706,-85.1854,0.9457,22,0.5500,1.0000,8,8,7,0,0,8,7,0.1250
4,196.0000,40,26,430.8368,-81.8371,-0.4825,13,0.3250,1.0000,8,6,5,0,0,6,5,0.1667
4,196.0000,40,27,778.0020,-87.3975,-0.5040,9,0.2250,0.7143,7,7,6,0,0,7,6,0.1429
4,196.0000,40,28,576.5580,-85.7910,0.4715,9,0.2250,0.8571,7,8,8,0,0,8,8,0.0000
4,196.0000,40,29,666.5276,-85.0118,0.5270,12,0.3000,1.0000,8,6,6,0,0,6,6,0.0000
4,196.0000,40,30,644.3852,-84.9314,0.7670,10,0.2500,1.0000,8,8,8,0,0,8,8,0.0000
4,196.0000,40,31,668.2907,-87.2617,-0.3020,4,0.1000,0.8750,8,8,8,0,0,8,8,0.0000
4,196.0000,40,32,527.3952,-84.0513,0.7620,21,0.5250,0.8750,8,8,8,0,0,8,8,0.0000
4,196.0000,40,34,294.0910,-79.2245,0.4725,29,0.7250,0.7279,136,6,3,71,39,77,42,0.4545
4,196.0000,40,36,586.5925,-85.3716,-0.2151,19,0.4750,0.7143,7,7,6,0,0,7,6,0.1429
4,196.0000,40,39,385.1644,-82.0439,-0.1147,14,0.3500,1.0000,8,8,6,0,0,8,6,0.2500
4,196.0000,40,43,823.1596,-87.8803,-0.1166,6,0.1500,1.0000,8,8,8,0,0,8,8,0.0000
4,196.0000,40,44,333.8273,-79.8559,-0.5227,26,0.6500,0.6667,6,6,3,0,0,6,3,0.5000
4,196.0000,40,45,806.6583,-87.6447,0.4388,9,0.2250,1.0000,8,8,8,0,0,8,8,0.0000
4,196.0000,40,46,757.3683,-86.7309,0.2892,5,0.1250,1.0000,8,8,7,0,0,8,7,0.1250
4,196.0000,41,2,818.7723,-87.5933,-0.0699,6,0.1538,1.0000,8,2,2,0,0,2,2,0.0000
4,196.0000,41,3,499.7954,-84.2069,-0.2224,11,0.2821,1.0000,8,7,4,0,0,7,4,0.4286
4,196.0000,41,4,704.8311,-87.3780,0.5855,9,0.2308,1.0000,6,8,8,0,0,8,8,0.0000
4,196.0000,41,5,808.6839,-87.4636,0.8653,6,0.1538,1.0000,6,8,8,0,0,8,8,0.0000
4,196.0000,41,6,904.3385,-87.6529,-1.2695,5,0.1282,1.0000,6,6,5,0,0,6,5,0.1667
4,196.0000,41,7,517.9281,-85.6763,-0.2845,9,0.2308,1.0000,8,7,5,0,0,7,5,0.2857
4,196.0000,41,8,438.5787,-80.4856,-0.5552,25,0.6410,0.5000,6,7,5,0,0,7,5,0.2857
4,196.0000,41,9,870.1879,-86.8303,-0.2985,8,0.2051,0.8750,8,4,4,0,0,4,4,0.0000
4,196.0000,41,10,293.6115,-78.6782,-0.0903,21,0.5385,0.5000,6,8,7,0,0,8,7,0.1250
4,196.0000,41,12,869.6638,-87.3125,0.8864,4,0.1026,1.0000,6,6,6,0,0,6,6,0.0000
4,196.0000,41,13,398.7714,-82.1913,0.2136,16,0.4103,0.8750,8,8,7,0,0,8,7,0.1250
4,196.0000,41,14,953.7255,-88.0679,0.2751,4,0.1026,1.0000,4,6,6,0,0,6,6,0.0000
4,196.0000,41,15,375.5373,-81.1606,1.3464,17,0.4359,0.8750,8,7,5,0,0,7,5,0.2857
4,196.0000,41,16,480.5713,-82.7006,-0.5374,14,0.3590,0.5000,6,7,6,0,0,7,6,0.1429
4,196.0000,41,19,741.8777,-88.0721,-0.3467,7,0.1795,1.0000,8,8,8,0,0,8,8,0.0000
4,196.0000,41,20,166.7306,-74.5849,0.6007,31,0.7949,0.5000,6,6,2,0,0,6,2,0.6667
4,196.0000,41,22,445.4082,-83.1104,0.5882,13,0.3333,0.8750,8,5,2,0,0,5,2,0.6000
4,196.0000,41,23,391.6914,-81.2508,0.1722,15,0.3846,0.5714,7,6,2,0,0,6,2,0.6667
4,196.0000,41,24,1027.9220,-86.7976,-1.2564,3,0.0769,1.0000,2,2,2,0,0,2,2,0.0000
4,196.0000,41,26,427.3788,-83.0077,-0.1110,13,0.3333,0.6667,6,7,5,0,0,7,5,0.2857
4,196.0000,41,28,536.3173,-83.5309,-0.4224,11,0.2821,1.0000,8,8,8,0,0,8,8,0.0000
4,196.0000,41,29,716.7555,-86.1331,-0.0620,7,0.1795,1.0000,8,8,7,0,0,8,7,0.1250
4,196.0000,41,30,607.7097,-85.1525,-0.7402,11,0.2821,0.8571,7,8,8,0,0,8,8,0.0000
4,196.0000,41,31,325.4256,-79.4195,0.1609,16,0.4103,0.5000,8,7,5,0,0,7,5,0.2857
4,196.0000,41,33,559.4093,-84.8364,-0.7352,9,0.2308,0.8571,7,6,4,0,0,6,4,0.3333
4,196.0000,41,34,817.3653,-87.8171,0.7471,5,0.1282,0.8750,8,8,8,0,0,8,8,0.0000
4,196.0000,41,37,612.5299,-86.4043,0.9429,9,0.2308,0.6667,6,7,6,0,0,7,6,0.1429
4,196.0000,41,38,672.3577,-86.5436,-0.1284,7,0.1795,1.0000,8,6,6,0,0,6,6,0.0000
4,196.0000,41,39,564.5238,-83.9342,-0.4858,13,0.3333,0.6667,6,8,8,56,50,64,58,0.0938
4,196.0000,41,40,841.7955,-87.5209,1.0114,4,0.1026,1.0000,8,4,4,0,0,4,4,0.0000
4,196.0000,41,42,917.1435,-88.7463,0.2336,4,0.1026,1.0000,6,6,6,0,0,6,6,0.0000
4,196.0000,41,43,74.6033,-65.7011,0.4042,35,0.8974,0.0000,4,4,0,0,0,4,0,1.0000
4,196.0000,41,44,825.8393,-87.8510,-0.4492,5,0.1282,1.0000,8,6,6,0,0,6,6,0.0000
4,196.0000,41,46,454.9179,-84.6530,-0.0704,14,0.3590,0.7500,8,7,5,0,0,7,5,0.2857
4,196.0000,41,47,656.0661,-85.6098,0.5506,9,0.2308,0.8571,7,8,7,0,0,8,7,0.1250
4,196.0000,42,2,106.1116,-72.9126,1.8865,29,0.7250,0.0000,4,4,0,0,0,4,0,1.0000
4,196.0000,42,3,757.5487,-86.1106,1.4207,4,0.1000,1.0000,8,8,8,0,0,8,8,0.0000
4,196.0000,42,4,675.7401,-87.8906,0.7465,5,0.1250,1.0000,8,8,8,0,0,8,8,0.0000
4,196.0000,42,6,711.4577,-85.4909,-0.0958,5,0.1250,1.0000,8,8,8,0,0,8,8,0.0000
4,196.0000,42,7,640.3480,-86.0988,-1.4052,9,0.2250,1.0000,10,8,8,0,0,8,8,0.0000
4,196.0000,42,8,797.8997,-88.7741,0.3303,3,0.0750,1.0000,8,7,6,0,0,7,6,0.1429
4,196.0000,42,11,899.9871,-87.8489,0.8572,4,0.1000,1.0000,8,7,6,0,0,7,6,0.1429
4,196.0000,42,14,654.8926,-85.7030,0.8042,6,0.1500,1.0000,8,7,6,0,0,7,6,0.1429
4,196.0000,42,16,474.9891,-83.5780,-0.0325,10,0.2500,0.8571,7,7,5,0,0,7,5,0.2857
4,196.0000,42,17,828.0943,-87.4979,-0.9472,4,0.1000,1.0000,6,8,8,0,0,8,8,0.0000
4,196.0000,42,20,835.9409,-85.6161,0.1556,3,0.0750,1.0000,6,8,8,0,0,8,8,0.0000
4,196.0000,42,22,532.9476,-84.2205,0.7129,9,0.2250,0.8571,7,7,6,0,0,7,6,0.1429
4,196.0000,42,24,410.3615,-81.2024,-0.3800,25,0.6250,0.3333,6,7,6,0,0,7,6,0.1429
4,196.0000,42,33,543.8124,-83.9896,0.1711,9,0.2250,1.0000,8,8,7,0,0,8,7,0.1250
4,196.0000,42,37,1046.1535,-88.4533,1.1747,3,0.0750,1.0000,6,6,6,0,0,6,6,0.0000
4,196.0000,42,38,725.2527,-86.4734,0.1739,5,0.1250,1.0000,8,8,7,0,0,8,7,0.1250
4,196.0000,43,2,849.4269,-88.8890,0.1276,4,0.1000,1.0000,6,6,6,0,0,6,6,0.0000
4,196.0000,43,3,506.4882,-83.9047,-0.1759,9,0.2250,0.7143,7,7,6,0,0,7,6,0.1429
4,196.0000,43,4,698.8920,-86.8147,0.6228,3,0.0750,1.0000,6,6,6,0,0,6,6,0.0000
4,196.0000,43,5,832.1319,-86.9876,-0.0353,8,0.2000,0.8571,7,8,8,0,0,8,8,0.0000
4,196.0000,43,7,584.0819,-85.6667,-0.0911,10,0.2500,0.6667,6,7,6,0,0,7,6,0.1429
4,196.0000,43,8,463.0638,-80.4536,-1.6357,20,0.5000,0.6250,8,8,7,0,0,8,7,0.1250
4,196.0000,43,9,872.3773,-84.8681,-0.8450,4,0.1000,0.9615,52,4,4,8,7,12,11,0.0833
4,196.0000,43,10,303.2993,-80.6598,0.0642,14,0.3500,0.8571,7,4,1,0,0,4,1,0.7500
4,196.0000,43,12,834.8899,-86.8011,1.0225,3,0.0750,1.0000,6,8,7,0,0,8,7,0.1250
4,196.0000,43,13,381.6302,-82.3584,0.4481,11,0.2750,0.7143,7,8,6,0,0,8,6,0.2500
4,196.0000,43,14,984.9265,-88.9153,-0.4014,4,0.1000,1.0000,4,4,4,0,0,4,4,0.0000
4,196.0000,43,15,386.2729,-83.4387,1.6019,11,0.2750,0.8571,7,7,6,0,0,7,6,0.1429
4,196.0000,43,16,527.2627,-83.0668,0.0311,14,0.3500,0.5000,6,7,5,0,0,7,5,0.2857
4,196.0000,43,19,738.6017,-86.0076,-1.2719,10,0.2500,1.0000,8,8,8,0,0,8,8,0.0000
4,196.0000,43,20,164.7354,-75.4715,0.8664,27,0.6750,0.2857,7,3,0,54,11,57,11,0.8070
4,196.0000,43,22,452.6401,-82.8873,0.3107,15,0.3750,0.4000,5,4,2,0,0,4,2,0.5000
4,196.0000,43,23,344.9573,-80.5416,1.1474,15,0.3750,0.4000,5,5,2,0,0,5,2,0.6000
4,196.0000,43,24,1066.2195,-88.6823,0.2130,4,0.1000,,0,2,2,0,0,2,2,0.0000
4,196.0000,43,26,425.7759,-82.5726,-0.4662,14,0.3500,0.7143,7,6,4,0,0,6,4,0.3333
4,196.0000,43,28,516.4279,-83.2887,-0.1089,11,0.2750,0.7143,7,8,8,0,0,8,8,0.0000
4,196.0000,43,29,750.6445,-86.3974,-0.1647,6,0.1500,0.9500,60,7,6,0,0,7,6,0.1429
4,196.0000,43,30,567.9269,-84.3826,-0.4759,14,0.3500,0.8571,7,7,6,0,0,7,6,0.1429
4,196.0000,43,31,320.6644,-79.3895,0.0435,20,0.5000,0.6667,6,8,6,0,0,8,6,0.2500
4,196.0000,43,33,582.4685,-83.9899,-0.1672,7,0.1750,0.8750,8,8,7,0,0,8,7,0.1250
4,196.0000,43,34,823.9507,-88.4081,0.1088,3,0.0750,1.0000,8,8,8,0,0,8,8,0.0000
4,196.0000,43,37,614.2241,-84.8137,0.8418,7,0.1750,0.8571,7,7,4,0,0,7,4,0.4286
4,196.0000,43,38,689.0465,-87.4858,-0.2429,6,0.1500,1.0000,8,7,6,0,0,7,6,0.1429
4,196.0000,43,39,575.5655,-83.4913,-0.7320,11,0.2750,0.8750,16,7,6,0,0,7,6,0.1429
4,196.0000,43,40,823.1596,-87.8657,0.7193,4,0.1000,0.8571,7,7,6,0,0,7,6,0.1429
4,196.0000,43,41,74.6033,-65.3393,0.6662,36,0.9000,0.0000,4,5,1,0,0,5,1,0.8000
4,196.0000,43,44,799.5440,-86.3340,-0.4412,8,0.2000,0.8000,5,8,7,0,0,8,7,0.1250
4,196.0000,43,46,436.3114,-82.8758,0.0815,12,0.3000,1.0000,8,8,7,0,0,8,7,0.1250
4,196.0000,43,47,663.0060,-86.5127,0.6907,5,0.1250,1.0000,8,8,8,0,0,8,8,0.0000
4,196.0000,44,0,674.0178,-86.0054,0.0861,14,0.3500,0.7143,7,5,2,0,0,5,2,0.6000
4,196.0000,44,1,886.3174,-88.1063,0.6915,8,0.2000,1.0000,6,8,8,0,0,8,8,0.0000
4,196.0000,44,5,755.6117,-85.7173,-0.2278,10,0.2500,1.0000,8,8,7,0,0,8,7,0.1250
4,196.0000,44,9,650.7752,-85.4599,0.1306,12,0.3000,1.0000,8,8,8,0,0,8,8,0.0000
4,196.0000,44,10,1030.6509,-87.6771,-0.0651,3,0.0750,1.0000,8,8,8,0,0,8,8,0.0000
4,196.0000,44,12,131.5309,-71.0761,0.4844,38,0.9500,0.0000,4,4,0,0,0,4,0,1.0000
4,196.0000,44,13,558.0657,-83.0042,0.3573,11,0.2750,0.7143,7,7,6,0,0,7,6,0.1429
4,196.0000,44,15,921.9647,-89.0050,0.5120,3,0.0750,1.0000,6,6,6,0,0,6,6,0.0000
4,196.0000,44,18,712.3167,-86.8726,0.0318,10,0.2500,1.0000,8,7,6,0,0,7,6,0.1429
4,196.0000,44,19,282.9655,-80.5657,1.1276,25,0.6250,0.5000,6,5,2,0,0,5,2,0.6000
4,196.0000,44,21,549.6500,-85.0339,-0.6297,19,0.4750,0.6667,6,7,6,0,0,7,6,0.1429
4,196.0000,44,25,894.7513,-87.6951,0.1429,7,0.1750,1.0000,6,8,8,0,0,8,8,0.0000
4,196.0000,44,26,477.7295,-81.0133,-0.7732,19,0.4750,0.8571,7,8,7,0,0,8,7,0.1250
4,196.0000,44,27,1010.8694,-88.8806,-0.9881,4,0.1000,1.0000,2,2,2,0,0,2,2,0.0000
4,196.0000,44,28,371.5240,-79.7497,-0.7902,22,0.5500,0.8571,7,8,8,0,0,8,8,0.0000
4,196.0000,44,29,883.4646,-87.3987,0.4882,7,0.1750,0.8750,8,8,8,0,0,8,8,0.0000
4,196.0000,44,30,401.3428,-80.9040,-0.0088,20,0.5000,1.0000,8,7,5,0,0,7,5,0.2857
4,196.0000,44,31,556.6778,-82.6025,0.6193,10,0.2500,1.0000,8,7,6,0,0,7,6,0.1429
4,196.0000,44,32,793.2722,-87.4892,0.5259,8,0.2000,1.0000,6,7,6,0,0,7,6,0.1429
4,196.0000,44,34,435.1407,-82.8066,0.4601,24,0.6000,1.0000,8,8,6,0,0,8,6,0.2500
4,196.0000,44,36,739.9914,-87.5218,0.7558,8,0.2000,1.0000,4,8,8,0,0,8,8,0.0000
4,196.0000,44,39,468.7504,-83.4977,0.0309,15,0.3750,0.8571,7,6,4,0,0,6,4,0.3333
4,196.0000,44,40,333.8273,-80.0158,-0.3035,27,0.6750,0.2000,5,6,3,0,0,6,3,0.5000
4,196.0000,44,41,825.8393,-87.6159,-0.7399,5,0.1250,1.0000,8,8,8,0,0,8,8,0.0000
4,196.0000,44,43,799.5440,-87.8755,0.0120,4,0.1000,1.0000,8,8,7,0,0,8,7,0.1250
4,196.0000,44,45,747.6755,-87.1353,-0.0100,15,0.3750,1.0000,8,6,4,0,0,6,4,0.3333
4,196.0000,44,46,564.2106,-85.1074,0.5545,10,0.2500,0.8571,7,8,8,0,0,8,8,0.0000
4,196.0000,45,0,123.7479,-71.6054,0.1001,36,0.9000,0.0000,4,4,0,0,0,4,0,1.0000
4,196.0000,45,18,681.8518,-86.2792,-0.1939,8,0.2000,0.6000,5,7,5,0,0,7,5,0.2857
4,196.0000,45,21,230.7985,-78.2955,0.9202,28,0.7000,0.6667,6,6,2,0,0,6,2,0.6667
4,196.0000,45,36,605.6134,-84.7627,0.5999,10,0.2500,1.0000,8,8,7,0,0,8,7,0.1250
4,196.0000,46,3,723.3124,-86.5289,-0.7280,6,0.1500,1.0000,8,7,6,0,0,7,6,0.1429
4,196.0000,46,4,963.3578,-89.2130,0.0165,3,0.0750,1.0000,4,2,2,0,0,2,2,0.0000
4,196.0000,46,5,920.8029,-88.6960,-1.9467,3,0.0750,1.0000,6,6,6,0,0,6,6,0.0000
4,196.0000,46,7,909.8008,-87.7574,-0.2244,5,0.1250,1.0000,6,3,2,0,0,3,2,0.3333
4,196.0000,46,8,855.1851,-88.3690,0.4687,3,0.0750,0.8333,6,4,4,0,0,4,4,0.0000
4,196.0000,46,9,937.6191,-87.9504,0.5074,7,0.1750,1.0000,8,6,6,0,0,6,6,0.0000
4,196.0000,46,10,532.1479,-83.4751,0.3764,14,0.3500,0.8000,5,10,10,0,0,10,10,0.0000
4,196.0000,46,11,1117.5170,-89.4869,-1.0691,3,0.0750,1.0000,4,6,6,0,0,6,6,0.0000
4,196.0000,46,12,569.4760,-85.3165,0.0111,10,0.2500,1.0000,6,7,5,0,0,7,5,0.2857
4,196.0000,46,13,64.8625,-67.2353,1.2794,34,0.8500,0.0000,4,4,0,0,0,4,0,1.0000
4,196.0000,46,15,371.3466,-81.3207,0.0549,20,0.5000,0.8750,8,7,6,0,0,7,6,0.1429
4,196.0000,46,16,918.4342,-88.3091,-0.5630,3,0.0750,1.0000,8,4,4,0,0,4,4,0.0000
4,196.0000,46,19,594.1405,-85.1942,0.1572,12,0.3000,0.8750,8,7,6,0,0,7,6,0.1429
4,196.0000,46,20,516.2327,-84.2417,-0.2937,13,0.3250,1.0000,8,8,7,0,0,8,7,0.1250
4,196.0000,46,22,865.6949,-86.6677,0.4311,5,0.1250,1.0000,6,6,5,0,0,6,5,0.1667
4,196.0000,46,23,538.8542,-83.7680,-1.0475,15,0.3750,0.8571,7,8,8,0,0,8,8,0.0000
4,196.0000,46,26,461.2532,-83.5523,0.0709,15,0.3750,0.8750,8,7,4,0,0,7,4,0.4286
4,196.0000,46,28,197.0066,-75.6674,0.8305,36,0.9000,0.2000,5,4,0,0,0,4,0,1.0000
4,196.0000,46,29,929.7203,-88.4934,0.7066,4,0.1000,1.0000,4,4,4,0,0,4,4,0.0000
4,196.0000,46,30,244.6772,-76.6951,-0.2738,31,0.7750,0.4286,7,7,5,0,0,7,5,0.2857
4,196.0000,46,31,184.8629,-74.9296,0.4813,34,0.8500,0.4000,5,5,1,0,0,5,1,0.8000
4,196.0000,46,33,880.2010,-87.8549,0.1233,7,0.1750,0.8750,8,7,6,0,0,7,6,0.1429
4,196.0000,46,34,737.5852,-86.3753,-0.4120,6,0.1500,1.0000,8,6,4,0,0,6,4,0.3333
4,196.0000,46,35,1131.3831,-87.9998,-0.0066,3,0.0750,1.0000,6,2,2,0,0,2,2,0.0000
4,196.0000,46,37,621.4642,-83.3526,-1.2632,15,0.3750,0.8750,8,7,6,0,0,7,6,0.1429
4,196.0000,46,38,884.4843,-88.4374,-0.2391,8,0.2000,1.0000,6,4,4,0,0,4,4,0.0000
4,196.0000,46,39,557.3466,-85.0801,0.0171,13,0.3250,0.8000,5,9,8,0,0,9,8,0.1111
4,196.0000,46,40,757.3683,-87.6073,-0.1909,6,0.1500,1.0000,8,7,5,0,0,7,5,0.2857
4,196.0000,46,41,454.9179,-82.4472,0.7053,15,0.3750,0.7143,7,8,7,0,0,8,7,0.1250
4,196.0000,46,43,436.3114,-82.7270,0.1890,14,0.3500,1.0000,8,4,0,0,0,4,0,1.0000
4,196.0000,46,44,564.2106,-84.9617,0.8027,16,0.4000,1.0000,8,8,7,0,0,8,7,0.1250
4,196.0000,46,47,744.3414,-86.3275,-0.0937,10,0.2500,1.0000,6,4,4,0,0,4,4,0.0000
4,196.0000,47,2,843.7066,-86.1707,0.3417,10,0.2500,1.0000,8,6,5,0,0,6,5,0.1667
4,196.0000,47,3,236.5852,-77.7575,0.0547,29,0.7250,0.5000,6,5,2,0,0,5,2,0.6000
4,196.0000,47,4,415.2817,-82.9986,-0.9743,23,0.5750,0.6667,6,6,4,0,0,6,4,0.3333
4,196.0000,47,6,439.7154,-82.8517,0.6021,26,0.6500,0.7143,7,6,3,0,0,6,3,0.5000
4,196.0000,47,7,855.6974,-88.7940,-0.3275,4,0.1000,1.0000,10,8,8,0,0,8,8,0.0000
4,196.0000,47,8,1002.6199,-87.0629,-1.2743,4,0.1000,0.8750,8,6,6,0,0,6,6,0.0000
4,196.0000,47,10,366.5126,-80.7522,-0.2511,18,0.4500,0.6667,6,8,8,0,0,8,8,0.0000
4,196.0000,47,11,373.5548,-82.9205,1.1280,25,0.6250,0.8333,6,7,3,0,0,7,3,0.5714
4,196.0000,47,13,745.2601,-84.9260,-1.0782,6,0.1500,0.8750,8,6,6,0,0,6,6,0.0000
4,196.0000,47,14,533.2059,-84.0126,-0.3601,21,0.5250,0.8571,7,6,3,0,0,6,3,0.5000
4,196.0000,47,15,395.3847,-79.0783,-1.8840,24,0.6000,0.6250,8,8,8,0,0,8,8,0.0000
4,196.0000,47,16,763.0492,-86.5758,0.1525,11,0.2750,1.0000,8,7,6,0,0,7,6,0.1429
4,196.0000,47,17,559.8216,-84.3536,0.0077,19,0.4750,1.0000,8,6,6,0,0,6,6,0.0000
4,196.0000,47,20,522.4385,-83.0636,0.3701,13,0.3250,0.5714,7,8,7,0,0,8,7,0.1250
4,196.0000,47,22,673.3446,-85.7854,-0.6093,9,0.2250,1.0000,8,8,7,0,0,8,7,0.1250
4,196.0000,47,23,479.2565,-83.7160,0.6026,12,0.3000,0.7143,7,7,6,0,0,7,6,0.1429
4,196.0000,47,24,795.2921,-87.5082,0.0036,12,0.3000,,0,7,6,0,0,7,6,0.1429
4,196.0000,47,28,935.5067,-88.7559,-0.2122,3,0.0750,0.7143,7,8,7,0,0,8,7,0.1250
4,196.0000,47,30,939.1532,-87.0764,-0.3763,5,0.1250,1.0000,8,6,6,0,0,6,6,0.0000
4,196.0000,47,31,777.9936,-85.6528,-0.4742,6,0.1500,1.0000,8,6,6,0,0,6,6,0.0000
4,196.0000,47,33,406.9615,-83.3489,0.0330,19,0.4750,0.7143,7,7,5,0,0,7,5,0.2857
4,196.0000,47,35,387.8369,-82.6427,0.8631,26,0.6500,0.6667,6,6,2,0,0,6,2,0.6667
4,196.0000,47,37,145.3420,-73.1663,-0.3852,36,0.9000,0.0000,4,4,0,0,0,4,0,1.0000
4,196.0000,47,38,227.9109,-76.8855,-0.1265,33,0.8250,0.0000,4,6,3,0,0,6,3,0.5000
4,196.0000,47,41,656.0661,-85.1196,-0.7775,7,0.1750,0.8571,7,5,4,0,0,5,4,0.2000
4,196.0000,47,43,663.0060,-85.5737,-0.5308,7,0.1750,1.0000,6,8,7,0,0,8,7,0.1250
4,196.0000,47,46,744.3414,-86.0182,-0.6941,12,0.3000,0.8750,8,8,8,0,0,8,8,0.0000
4,200.0000,0,1,773.3154,-86.4723,-0.1670,7,0.1750,0.8571,7,8,8,0,0,8,8,0.0000
4,200.0000,0,12,727.8876,-85.7961,-1.0222,4,0.1000,1.0000,8,8,8,0,0,8,8,0.0000
4,200.0000,0,18,554.9427,-83.8893,-0.5501,13,0.3250,0.6667,6,7,5,0,0,7,5,0.2857
4,200.0000,0,19,714.7669,-85.6012,-0.7379,3,0.0750,0.8571,7,8,8,0,0,8,8,0.0000
4,200.0000,0,21,162.2453,-74.4991,0.5840,35,0.8750,0.0000,4,5,1,0,0,5,1,0.8000
4,200.0000,0,25,819.6634,-87.2877,-0.2208,6,0.1500,1.0000,6,6,4,0,0,6,4,0.3333
4,200.0000,0,27,673.1927,-86.0524,0.6372,9,0.2250,1.0000,8,7,6,0,0,7,6,0.1429
4,200.0000,0,32,673.6100,-85.8265,0.3458,7,0.1750,1.0000,8,7,6,0,0,7,6,0.1429
4,200.0000,0,34,861.0356,-86.9344,0.4150,4,0.1000,1.0000,8,8,8,0,0,8,8,0.0000
4,200.0000,0,36,347.5343,-82.3127,0.9027,22,0.5500,0.8571,7,5,2,0,0,5,2,0.6000
4,200.0000,0,40,661.7958,-86.0042,-1.3000,5,0.1250,1.0000,8,8,8,0,0,8,8,0.0000
4,200.0000,0,44,551.7081,-85.2737,-0.0038,7,0.1750,0.8571,7,7,6,0,0,7,6,0.1429
4,200.0000,0,45,164.7713,-71.6335,-1.1235,37,0.9250,0.0000,4,5,2,0,0,5,2,0.6000
4,200.0000,1,0,773.3154,-86.6688,0.6061,5,0.1250,0.8750,8,8,7,0,0,8,7,0.1250
4,200.0000,1,5,793.0332,-86.0681,0.6860,3,0.0750,0.8571,7,8,8,0,0,8,8,0.0000
4,200.0000,1,9,506.8692,-82.8881,0.4912,9,0.2250,0.8750,8,8,6,0,0,8,6,0.2500
4,200.0000,1,18,323.1329,-80.4219,-0.2379,30,0.7500,0.7143,7,5,1,0,0,5,1,0.8000
4,200.0000,1,19,844.3975,-84.8199,-2.3960,3,0.0750,1.0000,8,8,8,0,0,8,8,0.0000
4,200.0000,1,21,848.9942,-86.8093,0.8469,5,0.1250,0.8571,7,8,8,0,0,8,8,0.0000
4,200.0000,1,25,143.9898,-73.7306,0.4352,36,0.9000,0.0000,4,4,0,0,0,4,0,1.0000
4,200.0000,1,27,167.9470,-75.1118,1.0126,36,0.9000,0.0000,4,5,1,0,0,5,1,0.8000
4,200.0000,1,32,184.5534,-73.7254,-0.3538,34,0.8500,0.2000,5,5,1,0,0,5,1,0.8000
4,200.0000,1,34,748.1170,-85.7281,-1.3286,5,0.1250,0.8889,9,6,6,0,0,6,6,0.0000
4,200.0000,1,36,442.1664,-80.7217,-0.1981,26,0.6500,0.3333,6,5,2,0,0,5,2,0.6000
4,200.0000,1,40,624.9011,-85.5769,0.1159,6,0.1500,1.0000,8,8,8,0,0,8,8,0.0000
4,200.0000,1,44,902.1747,-86.3659,0.5483,3,0.0750,1.0000,8,8,8,0,0,8,8,0.0000
4,200.0000,1,45,922.0002,-86.9023,-0.6843,4,0.1000,1.0000,6,8,7,0,0,8,7,0.1250
4,200.0000,2,3,739.0530,-86.1108,0.1039,8,0.1951,1.0000,8,8,7,0,0,8,7,0.1250
4,200.0000,2,4,587.8009,-85.3901,-0.5016,8,0.1951,0.8571,7,7,6,0,0,7,6,0.1429
4,200.0000,2,6,797.4478,-86.8597,-0.5123,6,0.1463,1.0000,8,8,8,0,0,8,8,0.0000
4,200.0000,2,7,544.4481,-84.4167,-0.3045,8,0.1951,0.6667,6,8,8,0,0,8,8,0.0000
4,200.0000,2,8,696.3280,-86.3119,-0.4362,4,0.0976,0.8750,8,8,8,0,0,8,8,0.0000
4,200.0000,2,10,686.4815,-85.8122,-0.1497,6,0.1463,1.0000,8,8,7,0,0,8,7,0.1250
4,200.0000,2,11,829.1382,-88.3338,0.2934,4,0.0976,1.0000,8,8,8,0,0,8,8,0.0000
4,200.0000,2,14,644.4142,-86.5653,-0.1571,10,0.2439,0.8750,8,7,6,0,0,7,6,0.1429
4,200.0000,2,16,290.2494,-79.8388,0.3899,19,0.4634,0.4000,5,5,2,0,0,5,2,0.6000
4,200.0000,2,17,763.0884,-86.8881,-1.9953,7,0.1707,1.0000,6,10,10,0,0,10,10,0.0000
4,200.0000,2,22,472.4424,-83.3279,-0.6189,12,0.2927,0.8750,8,8,7,0,0,8,7,0.1250
4,200.0000,2,24,493.8626,-83.5464,-1.1918,19,0.4634,0.7143,7,8,8,0,0,8,8,0.0000
4,200.0000,2,33,556.4716,-84.0159,-0.9379,9,0.2195,0.7500,8,8,7,0,0,8,7,0.1250
4,200.0000,2,35,827.1420,-87.0444,1.4071,3,0.0732,1.0000,8,7,6,0,0,7,6,0.1429
4,200.0000,2,38,718.0513,-85.9622,-0.3696,5,0.1220,0.8571,7,7,6,64,64,71,70,0.0141
4,200.0000,2,42,39.0479,-61.9993,2.7612,34,0.8293,0.2000,5,5,2,0,0,5,2,0.6000
4,200.0000,3,2,739.0530,-87.3022,-0.2776,11,0.2750,1.0000,8,8,8,0,0,8,8,0.0000
4,200.0000,3,4,256.8294,-78.4264,-0.1796,31,0.7750,0.0000,4,4,0,0,0,4,0,1.0000
4,200.0000,3,6,462.1634,-83.1301,0.3875,26,0.6500,0.8571,7,5,2,0,0,5,2,0.6000
4,200.0000,3,7,667.1851,-86.8238,-0.0201,13,0.3250,0.8750,8,8,8,0,0,8,8,0.0000
4,200.0000,3,8,939.4817,-87.7616,-1.3116,4,0.1000,1.0000,8,8,8,0,0,8,8,0.0000
4,200.0000,3,10,233.8599,-76.0332,-0.2563,34,0.8500,0.2000,5,7,5,0,0,7,5,0.2857
4,200.0000,3,11,353.9797,-82.7592,0.8831,26,0.6500,0.6667,6,8,7,0,0,8,7,0.1250
4,200.0000,3,13,761.2086,-87.7677,0.4061,9,0.2250,0.8571,7,6,6,0,0,6,6,0.0000
4,200.0000,3,14,575.8647,-84.7971,-0.6241,23,0.5750,0.4000,5,8,7,0,0,8,7,0.1250
4,200.0000,3,15,516.9734,-83.5169,-0.1916,15,0.3750,0.8750,8,8,7,0,0,8,7,0.1250
4,200.0000,3,16,682.0033,-85.2311,-0.4831,18,0.4500,1.0000,8,4,4,0,0,4,4,0.0000
4,200.0000,3,17,444.3730,-84.3334,0.8490,22,0.5500,0.5000,6,6,3,0,0,6,3,0.5000
4,200.0000,3,20,390.2404,-81.1557,0.8654,19,0.4750,0.8571,7,8,8,0,0,8,8,0.0000
4,200.0000,3,22,426.2600,-81.6503,-0.3942,21,0.5250,0.7143,7,8,6,0,0,8,6,0.2500
4,200.0000,3,23,352.0411,-80.9183,-0.4589,24,0.6000,0.8571,7,7,6,0,0,7,6,0.1429
4,200.0000,3,24,639.9858,-85.7663,-0.3314,17,0.4250,0.4000,5,6,4,0,0,6,4,0.3333
4,200.0000,3,26,988.8934,-89.0909,-0.2642,5,0.1250,1.0000,6,8,7,0,0,8,7,0.1250
4,200.0000,3,28,1037.5028,-89.0454,0.2033,5,0.1250,1.0000,4,6,6,0,0,6,6,0.0000
4,200.0000,3,29,1202.8116,-88.8029,-0.0653,3,0.0750,1.0000,4,6,6,0,0,6,6,0.0000
4,200.0000,3,31,786.5712,-87.5426,-0.9332,9,0.2250,0.8571,7,8,8,0,0,8,8,0.0000
4,200.0000,3,33,187.3637,-75.6554,0.6526,34,0.8500,0.2000,5,5,1,17,0,22,1,0.9545
4,200.0000,3,35,410.1988,-82.4166,0.5298,28,0.7000,0.7143,7,6,2,0,0,6,2,0.6667
4,200.0000,3,37,209.4411,-77.6957,0.8714,33,0.8250,0.2000,5,5,2,0,0,5,2,0.6000
4,200.0000,3,38,190.6201,-74.7942,-0.0503,35,0.8750,0.0000,4,6,3,0,0,6,3,0.5000
4,200.0000,3,41,525.8929,-84.2848,-1.6923,12,0.3000,0.8571,7,7,6,0,0,7,6,0.1429
4,200.0000,3,42,768.1172,-87.3210,-0.4621,10,0.2500,1.0000,8,7,6,0,0,7,6,0.1429
4,200.0000,3,43,520.2663,-84.3955,0.5219,15,0.3750,0.5714,7,7,6,0,0,7,6,0.1429
4,200.0000,3,46,879.9087,-87.1390,-0.7342,5,0.1250,0.8571,7,8,8,0,0,8,8,0.0000
4,200.0000,3,47,217.6246,-76.3245,0.6029,33,0.8250,0.4286,7,5,1,0,0,5,1,0.8000
4,200.0000,4,2,587.8009,-84.5250,-0.3183,13,0.3250,1.0000,8,5,2,0,0,5,2,0.6000
4,200.0000,4,3,256.8294,-77.1750,-0.0119,27,0.6750,0.5000,4,6,3,0,0,6,3,0.5000
4,200.0000,4,6,537.9363,-83.6219,-0.8181,20,0.5000,0.8571,7,7,6,0,0,7,6,0.1429
4,200.0000,4,7,692.2732,-86.3026,-0.1538,6,0.1500,1.0000,4,7,5,0,0,7,5,0.2857
4,200.0000,4,10,354.0888,-80.5105,-0.0152,15,0.3750,0.5714,7,6,4,0,0,6,4,0.3333
4,200.0000,4,11,452.8623,-83.2988,-0.1104,24,0.6000,0.5714,7,7,6,0,0,7,6,0.1429
4,200.0000,4,13,900.9573,-88.0311,2.3791,3,0.0750,0.8750,8,8,8,0,0,8,8,0.0000
4,200.0000,4,14,577.3090,-83.5982,-0.9757,18,0.4500,0.5714,7,7,4,0,0,7,4,0.4286
4,200.0000,4,15,708.4809,-86.5699,-0.1319,9,0.2250,0.8571,7,8,7,0,0,8,7,0.1250
4,200.0000,4,16,603.5329,-84.3853,0.4391,12,0.3000,1.0000,8,7,6,0,0,7,6,0.1429
4,200.0000,4,17,348.6610,-80.1787,0.1766,29,0.7250,0.5000,6,6,4,0,0,6,4,0.3333
4,200.0000,4,20,474.3733,-84.3186,1.1781,9,0.2250,0.7143,7,7,5,0,0,7,5,0.2857
4,200.0000,4,22,296.1296,-80.1843,2.0732,18,0.4500,1.0000,8,5,1,0,0,5,1,0.8000
4,200.0000,4,23,424.0048,-83.0663,-1.5379,13,0.3250,0.7143,7,7,4,0,0,7,4,0.4286
4,200.0000,4,24,583.7204,-85.3068,-0.6003,14,0.3500,1.0000,8,8,8,0,0,8,8,0.0000
4,200.0000,4,31,908.6270,-87.3813,-0.5832,3,0.0750,1.0000,8,8,8,0,0,8,8,0.0000
4,200.0000,4,33,211.5715,-76.8491,0.9269,22,0.5500,0.2000,5,5,1,13,4,18,5,0.7222
4,200.0000,4,35,494.6873,-83.0939,-0.3614,22,0.5500,0.5714,7,7,5,0,0,7,5,0.2857
4,200.0000,4,37,465.7241,-83.1119,-0.4631,21,0.5250,1.0000,8,8,8,0,0,8,8,0.0000
4,200.0000,4,38,318.1523,-79.1469,-0.8737,29,0.7250,0.0000,4,7,6,0,0,7,6,0.1429
4,200.0000,4,41,602.9156,-87.2098,1.3876,5,0.1250,1.0000,8,6,4,0,0,6,4,0.3333
4,200.0000,4,42,611.5828,-86.1239,0.0358,10,0.2500,0.8750,8,7,6,0,0,7,6,0.1429
4,200.0000,4,43,606.0556,-85.1326,-0.2111,7,0.1750,0.8750,8,8,7,0,0,8,7,0.1250
4,200.0000,4,47,440.6032,-81.1529,0.1492,20,0.5000,0.6667,6,6,4,0,0,6,4,0.3333
4,200.0000,5,1,793.0332,-85.5041,-0.0402,14,0.3500,0.8750,8,8,8,0,0,8,8,0.0000
4,200.0000,5,8,633.6949,-86.5081,-0.3596,7,0.1750,1.0000,8,8,8,0,0,8,8,0.0000
4,200.0000,5,9,382.1435,-79.5561,-1.0023,24,0.6000,0.2000,5,5,2,0,0,5,2,0.6000
4,200.0000,5,12,993.7324,-88.3097,-0.0965,4,0.1000,1.0000,8,6,6,0,0,6,6,0.0000
4,200.0000,5,13,810.5739,-88.6894,0.1382,3,0.0750,1.0000,8,8,8,0,0,8,8,0.0000
4,200.0000,5,16,1000.6307,-88.6537,1.7639,4,0.1000,1.0000,2,2,2,0,0,2,2,0.0000
4,200.0000,5,19,644.8735,-84.1702,-0.9182,9,0.2250,0.8750,8,8,8,0,0,8,8,0.0000
4,200.0000,5,25,665.5677,-84.5516,-0.2084,19,0.4750,0.7500,8,8,7,0,0,8,7,0.1250
4,200.0000,5,26,422.7856,-81.8452,1.1049,12,0.3000,0.5000,6,8,8,0,0,8,8,0.0000
4,200.0000,5,27,884.5208,-86.4435,-0.1123,9,0.2250,0.8571,7,6,6,0,0,6,6,0.0000
4,200.0000,5,28,798.9851,-87.9201,-0.5648,5,0.1250,0.8571,7,6,6,0,0,6,6,0.0000
4,200.0000,5,29,192.6986,-76.1590,1.0067,35,0.8750,0.0000,4,4,0,0,0,4,0,1.0000
4,200.0000,5,30,977.0508,-87.8579,0.1238,4,0.1000,1.0000,6,8,8,0,0,8,8,0.0000
4,200.0000,5,31,701.0063,-86.1646,2.2053,5,0.1250,1.0000,8,8,7,0,0,8,7,0.1250
4,200.0000,5,32,678.3105,-84.6388,-0.1000,18,0.4500,1.0000,8,8,8,0,0,8,8,0.0000
4,200.0000,5,34,400.3046,-81.0062,0.2690,19,0.4750,0.6667,6,7,5,0,0,7,5,0.2857
4,200.0000,5,36,1009.1877,-87.5009,-0.2656,7,0.1750,1.0000,6,6,6,0,0,6,6,0.0000
4,200.0000,5,39,427.6664,-82.6839,0.1971,17,0.4250,0.8571,7,8,7,0,0,8,7,0.1250
4,200.0000,5,40,562.0532,-84.0393,0.2995,14,0.3500,0.8571,7,7,6,0,0,7,6,0.1429
4,200.0000,5,41,834.6073,-86.2749,-0.1111,4,0.1000,1.0000,10,6,6,0,0,6,6,0.0000
4,200.0000,5,43,902.8864,-88.6944,0.0611,4,0.1000,1.0000,8,8,8,0,0,8,8,0.0000
4,200.0000,5,44,851.8273,-86.7736,0.2979,8,0.2000,0.8571,7,8,8,0,0,8,8,0.0000
4,200.0000,5,46,840.2851,-86.8772,-0.3627,4,0.1000,1.0000,8,6,6,0,0,6,6,0.0000
4,200.0000,6,2,797.4478,-86.0728,0.1278,4,0.1000,1.0000,8,8,8,0,0,8,8,0.0000
4,200.0000,6,3,462.1634,-82.1078,0.4301,12,0.3000,1.0000,8,8,7,0,0,8,7,0.1250
4,200.0000,6,4,537.9363,-83.0162,-0.5710,18,0.4500,0.4000,5,5,4,0,0,5,4,0.2000
4,200.0000,6,7,866.1138,-87.4017,2.3532,3,0.0750,1.0000,8,8,8,0,0,8,8,0.0000
4,200.0000,6,10,633.8122,-85.3370,0.4782,7,0.1750,1.0000,8,7,5,0,0,7,5,0.2857
4,200.0000,6,11,153.4438,-75.4156,1.9691,30,0.7500,0.0000,4,5,1,0,0,5,1,0.8000
4,200.0000,6,14,231.5353,-73.0294,-2.2211,35,0.8750,0.0000,4,5,2,0,0,5,2,0.6000
4,200.0000,6,16,851.8795,-85.3765,-0.6025,4,0.1000,1.0000,8,5,4,0,0,5,4,0.2000
4,200.0000,6,17,406.9705,-82.1535,0.2779,22,0.5500,0.4000,5,7,3,0,0,7,3,0.5714
4,200.0000,6,20,824.3881,-86.4404,-0.9222,5,0.1250,1.0000,8,8,8,0,0,8,8,0.0000
4,200.0000,6,22,752.9856,-88.1244,1.2398,3,0.0750,0.8571,7,8,7,0,0,8,7,0.1250
4,200.0000,6,23,810.2642,-86.5795,0.6976,3,0.0750,1.0000,8,7,6,0,0,7,6,0.1429
4,200.0000,6,24,399.2181,-82.0851,-0.3937,24,0.6000,0.8750,8,6,3,0,0,6,3,0.5000
4,200.0000,6,33,436.5990,-82.0642,-0.1425,13,0.3250,1.0000,8,8,7,0,0,8,7,0.1250
4,200.0000,6,35,94.1483,-73.5696,2.3485,30,0.7500,0.2000,5,4,0,0,0,4,0,1.0000
4,200.0000,6,37,515.6472,-84.0205,-0.4816,12,0.3000,0.8571,7,8,8,0,0,8,8,0.0000
4,200.0000,6,38,272.1192,-78.4342,0.0359,25,0.6250,0.4286,7,6,3,0,0,6,3,0.5000
4,200.0000,6,42,811.0131,-85.1207,-1.2170,3,0.0750,1.0000,8,8,8,0,0,8,8,0.0000
4,200.0000,6,47,375.4446,-82.4483,1.2337,19,0.4750,1.0000,8,8,6,0,0,8,6,0.2500
4,200.0000,7,2,544.4481,-84.5175,0.2940,19,0.4634,1.0000,8,8,7,0,0,8,7,0.1250
4,200.0000,7,3,667.1851,-85.4745,0.3808,9,0.2195,0.8571,7,7,6,0,0,7,6,0.1429
4,200.0000,7,4,692.2732,-86.6381,1.8287,4,0.0976,0.8571,7,8,8,0,0,8,8,0.0000
4,200.0000,7,6,866.1138,-87.1972,-0.5404,6,0.1463,0.8750,8,7,6,0,0,7,6,0.1429
4,200.0000,7,8,476.4338,-82.3253,-0.1754,20,0.4878,0.8571,7,5,2,0,0,5,2,0.6000
4,200.0000,7,10,481.6640,-84.7690,-0.4179,8,0.1951,0.8571,7,8,6,0,0,8,6,0.2500
4,200.0000,7,11,873.1047,-87.5777,-0.7436,5,0.1220,1.0000,2,8,8,0,0,8,8,0.0000
4,200.0000,7,13,742.3352,-87.3384,0.5127,3,0.0732,1.0000,8,8,8,0,0,8,8,0.0000
4,200.0000,7,14,805.3975,-87.6113,-0.1029,6,0.1463,1.0000,4,5,4,0,0,5,4,0.2000
4,200.0000,7,15,661.6735,-87.0442,-0.4966,5,0.1220,0.8750,8,8,8,0,0,8,8,0.0000
4,200.0000,7,16,275.6606,-77.3838,0.0686,27,0.6585,0.3333,6,7,6,0,0,7,6,0.1429
4,200.0000,7,17,968.8391,-87.5139,0.4715,3,0.0732,1.0000,4,4,4,0,0,4,4,0.0000
4,200.0000,7,20,531.8424,-86.6884,-0.3425,5,0.1220,1.0000,8,8,7,0,0,8,7,0.1250
4,200.0000,7,22,497.1757,-83.5536,0.2355,10,0.2439,0.7143,7,8,8,0,0,8,8,0.0000
4,200.0000,7,23,768.9136,-87.3738,-0.3424,6,0.1463,0.8571,7,8,8,0,0,8,8,0.0000
4,200.0000,7,24,745.1555,-86.1378,0.0460,10,0.2439,1.0000,8,7,6,0,0,7,6,0.1429
4,200.0000,7,26,682.1375,-85.0818,0.3241,5,0.1220,1.0000,6,8,8,0,0,8,8,0.0000
4,200.0000,7,29,673.7694,-85.4216,-0.6223,6,0.1463,1.0000,8,8,8,0,0,8,8,0.0000
4,200.0000,7,31,667.5938,-87.6791,-0.1169,3,0.0732,1.0000,8,7,6,0,0,7,6,0.1429
4,200.0000,7,33,548.3107,-84.2996,0.2417,10,0.2439,1.0000,8,7,6,0,0,7,6,0.1429
4,200.0000,7,37,705.9421,-86.7771,0.9634,6,0.1463,1.0000,4,7,6,0,0,7,6,0.1429
4,200.0000,7,38,714.7107,-87.4152,0.1014,8,0.1951,1.0000,8,8,8,0,0,8,8,0.0000
4,200.0000,7,41,468.4348,-83.0087,-0.6841,7,0.1707,1.0000,8,8,6,29,26,37,32,0.1351
4,200.0000,7,42,580.2222,-85.1129,-0.3153,14,0.3415,0.8571,7,8,7,0,0,8,7,0.1250
4,200.0000,7,43,588.3876,-86.7252,-0.5255,5,0.1220,1.0000,8,7,6,0,0,7,6,0.1429
4,200.0000,7,47,805.4336,-87.5878,-1.0632,3,0.0732,0.8750,8,8,8,0,0,8,8,0.0000
4,200.0000,8,2,696.3280,-85.5304,0.1051,8,0.2000,1.0000,8,8,8,0,0,8,8,0.0000
4,200.0000,8,3,939.4817,-88.4038,-0.7782,6,0.1500,1.0000,8,6,6,0,0,6,6,0.0000
4,200.0000,8,4,879.8192,-87.4336,-0.2507,6,0.1500,1.0000,2,6,6,0,0,6,6,0.0000
4,200.0000,8,5,633.6949,-85.3753,-1.1049,8,0.2000,0.8750,8,8,8,0,0,8,8,0.0000
4,200.0000,8,7,476.4338,-82.9590,-0.3144,17,0.4250,1.0000,8,7,6,0,0,7,6,0.1429
4,200.0000,8,9,883.7168,-88.7507,-0.5445,6,0.1500,1.0000,8,8,8,0,0,8,8,0.0000
4,200.0000,8,10,732.1502,-85.3941,-0.5568,8,0.2000,1.0000,8,8,8,0,0,8,8,0.0000
4,200.0000,8,15,872.5410,-87.4379,-0.6898,8,0.2000,1.0000,8,8,8,0,0,8,8,0.0000
4,200.0000,8,16,459.3024,-82.2079,0.2119,15,0.3750,0.7143,7,6,3,0,0,6,3,0.5000
4,200.0000,8,20,663.1947,-85.5666,-0.7489,10,0.2500,0.8750,8,8,7,0,0,8,7,0.1250
4,200.0000,8,22,586.3903,-83.8552,-0.0272,12,0.3000,0.8571,7,8,7,0,0,8,7,0.1250
4,200.0000,8,23,875.9819,-88.4047,-0.8727,5,0.1250,1.0000,8,8,8,0,0,8,8,0.0000
4,200.0000,8,26,539.2472,-85.6000,-0.0087,6,0.1500,0.8889,9,7,5,0,0,7,5,0.2857
4,200.0000,8,28,972.2616,-88.6209,-0.2114,4,0.1000,1.0000,2,4,4,0,0,4,4,0.0000
4,200.0000,8,29,459.9418,-84.1982,0.2182,16,0.4000,1.0000,8,7,6,0,0,7,6,0.1429
4,200.0000,8,30,1086.9332,-88.2233,-1.1794,3,0.0750,1.0000,6,4,4,0,0,4,4,0.0000
4,200.0000,8,31,710.9273,-85.1550,-0.3120,6,0.1500,1.0000,6,8,8,0,0,8,8,0.0000
4,200.0000,8,33,840.8630,-88.5773,-0.0360,3,0.0750,1.0000,8,8,8,0,0,8,8,0.0000
4,200.0000,8,34,854.2454,-87.4956,-0.0465,3,0.0750,0.8000,5,8,8,0,0,8,8,0.0000
4,200.0000,8,39,783.2379,-86.8770,0.4465,8,0.2000,1.0000,8,8,8,0,0,8,8,0.0000
4,200.0000,8,41,563.0671,-82.8967,-0.9988,11,0.2750,0.8571,7,8,7,0,0,8,7,0.1250
4,200.0000,8,42,725.9519,-87.1482,-0.3627,8,0.2000,1.0000,8,4,3,0,0,4,3,0.2500
4,200.0000,8,43,653.7622,-85.2836,0.0150,10,0.2500,0.8571,7,7,6,0,0,7,6,0.1429
4,200.0000,8,46,917.4965,-87.3065,-0.8279,3,0.0750,1.0000,8,8,8,0,0,8,8,0.0000
4,200.0000,9,1,506.8692,-83.9435,0.8924,27,0.6750,0.4000,5,7,5,0,0,7,5,0.2857
4,200.0000,9,5,382.1435,-79.4360,-1.2586,28,0.7000,0.6667,6,5,2,0,0,5,2,0.6000
4,200.0000,9,8,883.7168,-86.3787,0.1597,5,0.1250,1.0000,8,6,6,0,0,6,6,0.0000
4,200.0000,9,12,879.9455,-86.6602,0.4024,8,0.2000,1.0000,8,8,8,0,0,8,8,0.0000
4,200.0000,9,13,924.7455,-88.1557,0.6730,4,0.1000,1.0000,8,8,8,0,0,8,8,0.0000
4,200.0000,9,18,656.9657,-86.4591,-0.4597,15,0.3750,1.0000,8,7,6,0,0,7,6,0.1429
4,200.0000,9,19,569.1173,-83.1534,-0.3761,20,0.5000,0.6667,6,8,7,0,0,8,7,0.1250
4,200.0000,9,21,882.9587,-88.2730,-0.5779,11,0.2750,1.0000,6,6,6,0,0,6,6,0.0000
4,200.0000,9,25,376.3930,-82.1401,0.5678,34,0.8500,0.3333,6,6,4,0,0,6,4,0.3333
4,200.0000,9,26,570.3978,-84.0012,-0.7778,14,0.3500,0.8571,7,7,6,0,0,7,6,0.1429
4,200.0000,9,27,548.1274,-85.2702,0.6494,19,0.4750,0.7500,4,5,2,0,0,5,2,0.6000
4,200.0000,9,28,807.7104,-87.9603,-0.7794,7,0.1750,0.8571,7,8,8,0,0,8,8,0.0000
4,200.0000,9,29,544.4842,-83.3806,-1.0944,19,0.4750,0.8750,8,7,6,0,0,7,6,0.1429
4,200.0000,9,30,941.1161,-88.5598,0.5686,4,0.1000,1.0000,4,8,8,0,0,8,8,0.0000
4,200.0000,9,31,842.1958,-87.4080,-0.2589,5,0.1250,1.0000,8,6,6,0,0,6,6,0.0000
4,200.0000,9,32,378.3147,-81.5508,0.0406,31,0.7750,0.0000,4,5,1,0,0,5,1,0.8000
4,200.0000,9,34,405.4381,-82.0138,-0.6371,28,0.7000,0.7143,7,8,7,0,0,8,7,0.1250
4,200.0000,9,36,692.6269,-86.5844,0.0296,19,0.4750,0.7143,7,8,8,0,0,8,8,0.0000
4,200.0000,9,39,473.5022,-83.0840,-0.2036,19,0.4750,0.1667,6,8,8,0,0,8,8,0.0000
4,200.0000,9,40,298.7912,-79.3052,0.2061,28,0.7000,0.5000,4,7,4,0,0,7,4,0.4286
4,200.0000,9,41,1029.3594,-89.0878,1.1998,3,0.0750,1.0000,8,5,4,0,0,5,4,0.2000
4,200.0000,9,43,1057.8635,-88.8882,-1.2639,3,0.0750,1.0000,8,4,4,0,0,4,4,0.0000
4,200.0000,9,44,686.8685,-85.5374,-0.2498,14,0.3500,0.7143,7,8,8,0,0,8,8,0.0000
4,200.0000,9,45,976.6078,-88.8563,-0.0145,5,0.1250,0.6667,3,8,8,0,0,8,8,0.0000
4,200.0000,9,46,908.2111,-87.6203,0.1756,4,0.1000,1.0000,8,8,8,0,0,8,8,0.0000
4,200.0000,10,2,686.4815,-86.9633,0.2760,13,0.3250,1.0000,6,8,7,0,0,8,7,0.1250
4,200.0000,10,3,233.8599,-76.6079,-0.5057,33,0.8250,0.2000,5,4,0,0,0,4,0,1.0000
4,200.0000,10,4,354.0888,-82.8388,0.7524,24,0.6000,0.6667,6,5,2,0,0,5,2,0.6000
4,200.0000,10,6,633.8122,-85.5994,-0.0658,21,0.5250,1.0000,8,8,8,0,0,8,8,0.0000
4,200.0000,10,7,481.6640,-85.0162,0.0462,16,0.4000,0.8571,7,6,4,0,0,6,4,0.3333
4,200.0000,10,8,732.1502,-85.6382,-0.2386,13,0.3250,0.8750,8,7,6,0,0,7,6,0.1429
4,200.0000,10,11,558.9181,-84.6368,0.4287,20,0.5000,0.8750,8,7,5,0,0,7,5,0.2857
4,200.0000,10,12,1106.2449,-88.8341,-0.6905,7,0.1750,1.0000,2,6,6,0,0,6,6,0.0000
4,200.0000,10,13,581.8353,-84.6634,-0.7183,15,0.3750,1.0000,8,8,8,0,0,8,8,0.0000
4,200.0000,10,14,695.7134,-87.4207,0.6924,13,0.3250,0.8333,6,6,3,0,0,6,3,0.5000
4,200.0000,10,15,380.6338,-79.0056,-1.4602,25,0.6250,0.2000,5,7,6,0,0,7,6,0.1429
4,200.0000,10,16,543.5669,-84.7372,-0.4168,17,0.4250,0.8571,7,7,6,0,0,7,6,0.1429
4,200.0000,10,17,644.0365,-85.5656,0.0390,15,0.3750,1.0000,8,8,6,0,0,8,6,0.2500
4,200.0000,10,20,195.5703,-74.4066,-0.8587,33,0.8250,0.0000,4,4,0,0,0,4,0,1.0000
4,200.0000,10,22,325.8280,-80.8036,1.1923,22,0.5500,0.6667,6,5,2,0,0,5,2,0.6000
4,200.0000,10,23,323.3437,-78.6430,-0.8704,30,0.7500,0.0000,4,5,2,0,0,5,2,0.6000
4,200.0000,10,24,718.1126,-86.2464,-0.1315,6,0.1500,1.0000,8,7,6,0,0,7,6,0.1429
4,200.0000,10,26,762.3929,-87.3019,0.5814,13,0.3250,1.0000,8,8,8,0,0,8,8,0.0000
4,200.0000,10,28,864.4875,-87.2659,-0.4559,12,0.3000,0.8333,6,6,6,0,0,6,6,0.0000
4,200.0000,10,29,970.0519,-87.6361,-0.5627,7,0.1750,1.0000,4,10,10,0,0,10,10,0.0000
4,200.0000,10,30,907.8054,-87.3806,-1.1546,10,0.2500,1.0000,6,8,8,0,0,8,8,0.0000
4,200.0000,10,31,584.1332,-84.5146,-0.1210,15,0.3750,0.8750,8,7,6,0,0,7,6,0.1429
4,200.0000,10,33,247.8115,-78.3928,0.3439,28,0.7000,0.6667,6,5,1,0,0,5,1,0.8000
4,200.0000,10,35,605.2463,-86.0033,-0.1467,18,0.4500,0.8571,7,6,4,0,0,6,4,0.3333
4,200.0000,10,37,293.1315,-79.9624,-0.1493,29,0.7250,0.6667,6,5,1,0,0,5,1,0.8000
4,200.0000,10,38,379.8328,-82.3722,0.4660,25,0.6250,0.4000,5,6,4,0,0,6,4,0.3333
4,200.0000,10,39,962.6065,-88.2251,-0.1092,9,0.2250,0.8750,8,6,6,0,0,6,6,0.0000
4,200.0000,10,41,303.3607,-79.0582,-0.5711,22,0.5500,0.4000,5,5,1,0,0,5,1,0.8000
4,200.0000,10,42,722.1836,-86.6184,-0.0628,8,0.2000,1.0000,6,5,2,0,0,5,2,0.6000
4,200.0000,10,43,329.4590,-79.0139,-0.8372,23,0.5750,0.2000,5,7,4,0,0,7,4,0.4286
4,200.0000,10,44,1217.9796,-89.0705,-0.1565,3,0.0750,1.0000,6,2,2,0,0,2,2,0.0000
4,200.0000,10,46,713.5443,-84.9338,-1.1815,14,0.3500,0.7143,7,8,8,0,0,8,8,0.0000
4,200.0000,10,47,407.9370,-81.8077,-0.2824,26,0.6500,0.6000,5,10,8,0,0,10,8,0.2000
4,200.0000,11,2,829.1382,-87.3609,-0.0210,7,0.1707,1.0000,6,7,6,0,0,7,6,0.1429
4,200.0000,11,3,353.9797,-82.3163,0.1528,18,0.4390,0.2000,5,6,4,0,0,6,4,0.3333
4,200.0000,11,4,452.8623,-83.0672,-0.4187,20,0.4878,0.7143,7,6,4,0,0,6,4,0.3333
4,200.0000,11,6,153.4438,-75.1672,1.3398,35,0.8537,0.2000,5,4,0,0,0,4,0,1.0000
4,200.0000,11,7,873.1047,-87.5192,3.7749,4,0.0976,1.0000,8,7,6,0,0,7,6,0.1429
4,200.0000,11,10,558.9181,-85.7811,0.5354,13,0.3171,0.8571,7,8,8,0,0,8,8,0.0000
4,200.0000,11,13,1079.6198,-87.6330,-0.3497,3,0.0732,,0,4,4,0,0,4,4,0.0000
4,200.0000,11,14,358.5358,-80.4089,-0.7902,31,0.7561,0.5000,6,6,3,0,0,6,3,0.5000
4,200.0000,11,15,806.0520,-86.7569,-0.1487,9,0.2195,0.8571,7,7,6,0,0,7,6,0.1429
4,200.0000,11,16,863.3065,-87.7424,-0.1543,5,0.1220,1.0000,6,8,7,0,0,8,7,0.1250
4,200.0000,11,17,331.0102,-79.9403,0.2049,33,0.8049,0.2000,5,7,4,0,0,7,4,0.4286
4,200.0000,11,20,737.6547,-86.2944,0.3923,9,0.2195,0.8571,7,8,8,0,0,8,8,0.0000
4,200.0000,11,22,696.6311,-87.6206,0.5400,8,0.1951,1.0000,8,7,6,0,0,7,6,0.1429
4,200.0000,11,23,686.9546,-87.3895,0.7702,8,0.1951,0.8571,7,8,8,0,0,8,8,0.0000
4,200.0000,11,24,501.8045,-84.7287,0.0213,24,0.5854,0.8571,7,6,4,0,0,6,4,0.3333
4,200.0000,11,33,381.9306,-82.6135,0.4487,19,0.4634,0.5000,6,4,0,0,0,4,0,1.0000
4,200.0000,11,35,66.0937,-62.2966,-1.3335,34,0.8293,0.0000,4,4,0,0,0,4,0,1.0000
4,200.0000,11,37,414.6059,-83.2048,-0.2273,24,0.5854,0.3333,6,6,4,0,0,6,4,0.3333
4,200.0000,11,38,181.8604,-76.6789,0.9481,28,0.6829,0.5000,6,5,1,0,0,5,1,0.8000
4,200.0000,11,41,860.3829,-86.3861,1.5589,3,0.0732,1.0000,6,8,8,0,0,8,8,0.0000
4,200.0000,11,42,846.4649,-87.5589,-0.2092,8,0.1951,0.8750,8,8,8,0,0,8,8,0.0000
4,200.0000,11,43,867.4657,-88.4847,0.5397,6,0.1463,1.0000,8,8,8,0,0,8,8,0.0000
4,200.0000,11,46,1191.7346,-87.8722,0.8028,3,0.0732,1.0000,8,2,2,0,0,2,2,0.0000
4,200.0000,11,47,253.2256,-79.3239,0.5894,28,0.6829,0.5714,7,5,1,0,0,5,1,0.8000
4,200.0000,12,0,727.8876,-85.8822,-0.1346,17,0.4250,1.0000,8,8,8,0,0,8,8,0.0000
4,200.0000,12,5,993.7324,-86.8297,-1.4387,3,0.0750,1.0000,8,2,2,0,0,2,2,0.0000
4,200.0000,12,9,879.9455,-86.7210,-1.0093,6,0.1500,1.0000,8,8,8,0,0,8,8,0.0000
4,200.0000,12,13,559.0597,-83.9347,-0.6144,11,0.2750,0.8750,8,7,6,0,0,7,6,0.1429
4,200.0000,12,15,806.8902,-87.7943,0.0047,4,0.1000,1.0000,6,8,8,0,0,8,8,0.0000
4,200.0000,12,19,399.8539,-81.7080,0.0289,23,0.5750,0.6667,6,7,4,0,0,7,4,0.4286
4,200.0000,12,21,673.6619,-84.3731,-0.6050,15,0.3750,0.8750,8,8,8,0,0,8,8,0.0000
4,200.0000,12,25,1098.7860,-89.6809,0.2198,3,0.0750,1.0000,6,4,4,0,0,4,4,0.0000
4,200.0000,12,26,697.3367,-85.5976,-1.0159,7,0.1750,1.0000,8,8,8,0,0,8,8,0.0000
4,200.0000,12,27,1109.1668,-87.8742,1.2490,3,0.0750,,0,4,4,0,0,4,4,0.0000
4,200.0000,12,28,312.9768,-80.1703,0.4833,17,0.4250,0.8571,7,5,2,0,0,5,2,0.6000
4,200.0000,12,30,211.2271,-78.1301,1.6207,28,0.7000,0.4000,5,4,0,0,0,4,0,1.0000
4,200.0000,12,31,609.2665,-83.3963,-1.5881,6,0.1500,1.0000,8,8,8,0,0,8,8,0.0000
4,200.0000,12,32,964.6970,-85.8790,0.2217,4,0.1000,1.0000,2,6,6,0,0,6,6,0.0000
4,200.0000,12,34,633.0328,-85.4542,-1.2646,8,0.2000,1.0000,8,7,6,0,0,7,6,0.1429
4,200.0000,12,36,909.2193,-86.8465,-1.7126,5,0.1250,1.0000,8,2,2,0,0,2,2,0.0000
4,200.0000,12,39,582.1104,-84.6741,-0.9735,11,0.2750,0.8571,7,8,8,0,0,8,8,0.0000
4,200.0000,12,40,596.2523,-83.2809,-1.3178,17,0.4250,0.6667,6,7,6,0,0,7,6,0.1429
4,200.0000,12,41,867.8789,-88.1098,0.2749,4,0.1000,1.0000,8,8,8,0,0,8,8,0.0000
4,200.0000,12,43,798.3695,-88.2043,-0.3962,3,0.0750,1.0000,8,8,8,0,0,8,8,0.0000
4,200.0000,12,44,245.0840,-74.8467,-1.1533,29,0.7250,0.2000,5,6,2,0,0,6,2,0.6667
4,200.0000,12,45,698.0593,-84.9968,-0.3756,14,0.3500,1.0000,8,8,7,0,0,8,7,0.1250
4,200.0000,12,46,438.3473,-82.3261,0.7818,12,0.3000,0.8571,7,7,6,0,0,7,6,0.1429
4,200.0000,13,3,761.2086,-86.8386,0.2548,5,0.1250,0.8571,7,8,8,0,0,8,8,0.0000
4,200.0000,13,4,900.9573,-88.6870,-0.1860,3,0.0750,1.0000,2,8,8,0,0,8,8,0.0000
4,200.0000,13,5,810.5739,-87.5026,-0.1345,6,0.1500,1.0000,6,10,10,0,0,10,10,0.0000
4,200.0000,13,7,742.3352,-86.2279,1.2650,4,0.1000,0.8750,8,7,5,0,0,7,5,0.2857
4,200.0000,13,8,806.9339,-88.3873,-0.7562,6,0.1500,0.6667,3,7,6,0,0,7,6,0.1429
4,200.0000,13,9,924.7455,-87.3364,1.4891,3,0.0750,1.0000,6,6,6,0,0,6,6,0.0000
4,200.0000,13,10,581.8353,-84.4566,-0.3987,8,0.2000,1.0000,8,8,8,0,0,8,8,0.0000
4,200.0000,13,12,559.0597,-85.0798,-0.0258,13,0.3250,0.8750,8,7,5,0,0,7,5,0.2857
4,200.0000,13,15,290.5227,-79.4548,-0.3352,21,0.5250,0.8571,7,6,4,0,0,6,4,0.3333
4,200.0000,13,19,538.3599,-84.1099,0.9247,18,0.4500,1.0000,8,7,6,0,0,7,6,0.1429
4,200.0000,13,20,432.1920,-82.1649,-0.0949,11,0.2750,0.7500,8,8,8,0,0,8,8,0.0000
4,200.0000,13,22,779.6558,-87.1675,0.4031,6,0.1500,1.0000,8,8,8,0,0,8,8,0.0000
4,200.0000,13,23,574.6060,-83.5573,0.2412,10,0.2500,0.7143,7,8,7,0,0,8,7,0.1250
4,200.0000,13,26,415.6834,-81.2553,0.2287,17,0.4250,0.7500,8,6,4,0,0,6,4,0.3333
4,200.0000,13,28,284.1686,-76.3495,-0.4491,32,0.8000,0.5000,6,6,2,0,0,6,2,0.6667
4,200.0000,13,29,774.4543,-86.3428,-0.9329,5,0.1250,1.0000,10,4,4,0,0,4,4,0.0000
4,200.0000,13,30,378.5756,-79.1613,-1.3457,25,0.6250,0.5000,6,6,4,0,0,6,4,0.3333
4,200.0000,13,31,117.1277,-70.7311,-0.1961,31,0.7750,0.2000,5,4,0,0,0,4,0,1.0000
4,200.0000,13,33,829.1765,-87.4681,0.8999,3,0.0750,1.0000,8,6,6,0,0,6,6,0.0000
4,200.0000,13,34,597.4075,-85.2234,0.2997,7,0.1750,0.8571,7,8,8,0,0,8,8,0.0000
4,200.0000,13,37,678.4660,-85.8650,0.2106,7,0.1750,1.0000,8,8,8,0,0,8,8,0.0000
4,200.0000,13,38,922.0803,-88.5056,0.0811,5,0.1250,0.8333,6,6,6,0,0,6,6,0.0000
4,200.0000,13,39,482.7680,-83.7259,-0.3247,16,0.4000,0.7143,7,8,7,0,0,8,7,0.1250
4,200.0000,13,40,770.1243,-87.3641,0.1278,10,0.2500,0.8750,8,6,6,0,0,6,6,0.0000
4,200.0000,13,41,352.9406,-80.6330,0.0306,15,0.3750,1.0000,8,8,7,0,0,8,7,0.1250
4,200.0000,13,43,315.3360,-79.7109,-0.0520,20,0.5000,0.8571,7,8,8,0,0,8,8,0.0000
4,200.0000,13,44,651.9926,-84.8659,0.0730,14,0.3500,1.0000,8,8,8,0,0,8,8,0.0000
4,200.0000,13,46,139.5452,-67.5688,-1.7868,33,0.8250,0.0000,4,4,0,0,0,4,0,1.0000
4,200.0000,13,47,854.1197,-87.1248,-0.2205,5,0.1250,0.8571,7,8,8,0,0,8,8,0.0000
4,200.0000,14,2,644.4142,-84.1601,-0.1038,8,0.2000,1.0000,8,7,6,0,0,7,6,0.1429
4,200.0000,14,3,575.8647,-83.0562,0.2277,5,0.1250,1.0000,8,8,8,0,0,8,8,0.0000
4,200.0000,14,4,577.3090,-83.3347,0.1936,8,0.2000,0.8750,8,7,5,0,0,7,5,0.2857
4,200.0000,14,6,231.5353,-73.8266,-2.0962,35,0.8750,0.5000,6,5,2,0,0,5,2,0.6000
4,200.0000,14,11,358.5358,-80.9265,0.2662,25,0.6250,0.3333,6,7,5,0,0,7,5,0.2857
4,200.0000,14,17,480.8881,-82.7166,0.0516,22,0.5500,0.5000,6,10,8,0,0,10,8,0.2000
4,200.0000,14,24,180.0032,-77.4305,1.7270,31,0.7750,0.5000,6,4,0,0,0,4,0,1.0000
4,200.0000,14,33,471.1716,-81.5652,0.1282,10,0.2500,0.8571,7,8,7,0,0,8,7,0.1250
4,200.0000,14,35,309.7531,-78.6281,-0.0088,29,0.7250,0.6667,6,6,3,0,0,6,3,0.5000
4,200.0000,14,37,665.9488,-86.3355,1.3182,4,0.1000,0.8750,8,7,5,0,0,7,5,0.2857
4,200.0000,14,38,401.0313,-80.6421,-0.0366,17,0.4250,0.5714,7,6,3,0,0,6,3,0.5000
4,200.0000,14,42,650.7945,-84.9889,-0.1345,11,0.2750,1.0000,8,6,4,0,0,6,4,0.3333
4,200.0000,14,47,560.3116,-83.1103,-0.0899,7,0.1750,0.6667,6,8,8,0,0,8,8,0.0000
4,200.0000,15,3,516.9734,-83.0422,-0.9489,15,0.3750,0.8571,7,8,8,0,0,8,8,0.0000
4,200.0000,15,4,708.4809,-86.6942,0.3007,11,0.2750,0.7143,7,6,6,0,0,6,6,0.0000
4,200.0000,15,5,1012.8574,-88.8343,0.2685,3,0.0750,1.0000,6,6,6,0,0,6,6,0.0000
4,200.0000,15,6,890.7444,-87.3165,0.3020,8,0.2000,1.0000,8,8,8,0,0,8,8,0.0000
4,200.0000,15,7,661.6735,-84.7276,0.5860,10,0.2500,0.8750,8,6,4,0,0,6,4,0.3333
4,200.0000,15,8,872.5410,-87.8841,0.3125,5,0.1250,1.0000,8,8,8,0,0,8,8,0.0000
4,200.0000,15,10,380.6338,-78.7722,-1.3818,24,0.6000,0.2000,5,7,6,0,0,7,6,0.1429
4,200.0000,15,11,806.0520,-86.9725,0.2112,10,0.2500,1.0000,8,8,8,0,0,8,8,0.0000
4,200.0000,15,12,806.8902,-87.0026,0.5553,6,0.1500,1.0000,4,7,6,0,0,7,6,0.1429
4,200.0000,15,13,290.5227,-80.0278,0.5978,24,0.6000,0.5000,6,6,4,0,0,6,4,0.3333
4,200.0000,15,14,998.8160,-88.0691,-0.5164,7,0.1750,0.8333,6,6,6,0,0,6,6,0.0000
4,200.0000,15,16,833.1258,-86.3459,-0.1807,6,0.1500,0.8750,8,2,2,0,0,2,2,0.0000
4,200.0000,15,17,959.4894,-87.8049,-0.4712,4,0.1000,1.0000,4,6,6,0,0,6,6,0.0000
4,200.0000,15,19,818.2116,-87.3555,0.0627,7,0.1750,1.0000,6,4,4,0,0,4,4,0.0000
4,200.0000,15,20,315.4997,-79.3756,0.4400,21,0.5250,0.5000,6,6,2,0,0,6,2,0.6667
4,200.0000,15,22,666.0463,-85.1199,0.4339,11,0.2750,0.8571,7,7,6,0,0,7,6,0.1429
4,200.0000,15,23,433.1044,-80.6519,-0.0674,17,0.4250,0.5000,6,7,6,0,0,7,6,0.1429
4,200.0000,15,26,636.7341,-85.1748,-0.2037,11,0.2750,1.0000,8,8,8,0,0,8,8,0.0000
4,200.0000,15,28,553.2993,-84.8162,0.1482,12,0.3000,0.8333,6,7,5,0,0,7,5,0.2857
4,200.0000,15,29,934.6010,-87.5942,0.0635,3,0.0750,1.0000,4,8,8,0,0,8,8,0.0000
4,200.0000,15,30,603.2627,-85.9514,0.0734,11,0.2750,1.0000,8,7,6,0,0,7,6,0.1429
4,200.0000,15,31,345.8666,-81.4278,-0.7023,18,0.4500,0.8750,8,8,7,0,0,8,7,0.1250
4,200.0000,15,33,608.7590,-84.4806,0.0097,13,0.3250,1.0000,8,8,8,0,0,8,8,0.0000
4,200.0000,15,34,858.4844,-88.5013,0.1873,5,0.1250,1.0000,6,8,7,0,0,8,7,0.1250
4,200.0000,15,35,856.4890,-87.1312,-0.2244,8,0.2000,1.0000,8,8,8,0,0,8,8,0.0000
4,200.0000,15,37,397.4147,-79.6879,-0.8148,23,0.5750,0.5000,6,8,7,0,0,8,7,0.1250
4,200.0000,15,38,661.1200,-86.0019,-0.8805,14,0.3500,0.8571,7,8,8,0,0,8,8,0.0000
4,200.0000,15,39,746.4400,-87.2130,0.4383,7,0.1750,0.8571,7,7,6,0,0,7,6,0.1429
4,200.0000,15,41,324.1575,-81.0305,-0.0546,17,0.4250,0.5000,6,6,3,0,0,6,3,0.5000
4,200.0000,15,43,294.4605,-79.5745,0.9738,21,0.5250,0.5000,6,5,2,0,0,5,2,0.6000
4,200.0000,15,44,930.6207,-87.6766,0.8776,6,0.1500,0.8571,7,6,6,0,0,6,6,0.0000
4,200.0000,15,46,390.9149,-80.6852,-0.3737,27,0.6750,0.4000,5,7,6,0,0,7,6,0.1429
4,200.0000,15,47,574.8968,-82.6682,-1.5688,19,0.4750,0.6667,6,8,8,0,0,8,8,0.0000
4,200.0000,16,2,290.2494,-80.4348,0.7706,29,0.7073,0.4286,7,5,2,43,12,48,14,0.7083
4,200.0000,16,3,682.0033,-85.6167,-0.1497,6,0.1463,0.4000,5,8,7,0,0,8,7,0.1250
4,200.0000,16,4,603.5329,-85.5683,0.4587,13,0.3171,0.8571,7,7,5,0,0,7,5,0.2857
4,200.0000,16,6,851.8795,-86.3374,0.0657,5,0.1220,0.8750,8,8,8,0,0,8,8,0.0000
4,200.0000,16,7,275.6606,-77.6690,-0.5894,34,0.8293,0.2000,5,7,6,0,0,7,6,0.1429
4,200.0000,16,8,459.3024,-82.0544,-0.7136,19,0.4634,0.7692,13,8,8,0,0,8,8,0.0000
4,200.0000,16,10,543.5669,-84.6813,-0.8080,11,0.2683,1.0000,8,7,6,0,0,7,6,0.1429
4,200.0000,16,11,863.3065,-86.8065,-0.0795,6,0.1463,0.8750,8,8,8,0,0,8,8,0.0000
4,200.0000,16,14,747.5044,-85.7888,0.6492,9,0.2195,0.8750,8,7,6,0,0,7,6,0.1429
4,200.0000,16,15,833.1258,-86.3596,-0.0311,5,0.1220,0.8571,7,8,8,0,0,8,8,0.0000
4,200.0000,16,17,869.5023,-87.5358,1.0944,3,0.0732,0.6000,5,5,4,0,0,5,4,0.2000
4,200.0000,16,20,610.1930,-84.4938,-2.0188,6,0.1463,0.9759,83,8,8,68,68,76,76,0.0000
4,200.0000,16,22,389.1166,-80.1108,-1.0210,22,0.5366,0.8750,64,8,8,5,4,13,12,0.0769
4,200.0000,16,23,795.8650,-87.0386,-0.7751,4,0.0976,1.0000,8,8,8,0,0,8,8,0.0000
4,200.0000,16,24,639.8867,-85.4742,-0.0608,10,0.2439,0.7500,8,8,8,0,0,8,8,0.0000
4,200.0000,16,26,839.6237,-86.1450,2.3699,3,0.0732,1.0000,8,6,6,0,0,6,6,0.0000
4,200.0000,16,31,854.5113,-87.4290,-3.1065,4,0.0976,1.0000,8,8,8,0,0,8,8,0.0000
4,200.0000,16,33,520.6408,-83.2123,-0.4349,16,0.3902,0.4286,7,8,7,0,0,8,7,0.1250
4,200.0000,16,35,874.5767,-88.4180,0.8119,3,0.0732,0.8571,7,8,8,0,0,8,8,0.0000
4,200.0000,16,37,794.4602,-86.9317,1.1611,5,0.1220,1.0000,6,7,6,0,0,7,6,0.1429
4,200.0000,16,38,712.6402,-85.4361,-0.0196,8,0.1951,1.0000,8,8,8,0,0,8,8,0.0000
4,200.0000,16,41,589.6109,-84.4208,0.0350,9,0.2195,1.0000,10,5,4,0,0,5,4,0.2000
4,200.0000,16,42,326.0511,-81.2617,0.4225,26,0.6341,0.7143,7,6,3,0,0,6,3,0.5000
4,200.0000,16,43,691.7248,-83.5106,0.2696,10,0.2439,1.0000,8,8,8,0,0,8,8,0.0000
4,200.0000,16,47,852.4930,-86.8111,-0.9145,4,0.0976,1.0000,8,6,6,0,0,6,6,0.0000
4,200.0000,17,2,763.0884,-86.6411,-0.1578,5,0.1250,1.0000,6,8,8,0,0,8,8,0.0000
4,200.0000,17,3,444.3730,-84.5306,0.2274,9,0.2250,0.8571,7,7,6,0,0,7,6,0.1429
4,200.0000,17,4,348.6610,-79.1753,0.2468,17,0.4250,0.0000,4,6,4,0,0,6,4,0.3333
4,200.0000,17,6,406.9705,-82.4628,-0.1064,18,0.4500,0.4000,5,7,4,0,0,7,4,0.4286
4,200.0000,17,10,644.0365,-84.9826,0.5824,3,0.0750,1.0000,8,8,7,0,0,8,7,0.1250
4,200.0000,17,11,331.0102,-79.8498,0.7803,21,0.5250,0.3333,6,7,2,0,0,7,2,0.7143
4,200.0000,17,14,480.8881,-83.1852,0.4672,17,0.4250,0.6667,6,7,6,0,0,7,6,0.1429
4,200.0000,17,22,633.7542,-85.9920,0.2080,5,0.1250,0.7500,8,7,6,0,0,7,6,0.1429
4,200.0000,17,24,543.0190,-85.3105,0.4654,14,0.3500,0.8571,7,8,8,0,0,8,8,0.0000
4,200.0000,17,33,438.1810,-82.9943,0.4178,10,0.2500,0.8750,8,7,4,0,0,7,4,0.4286
4,200.0000,17,35,350.1302,-81.4460,0.7272,20,0.5000,0.6667,6,5,2,0,0,5,2,0.6000
4,200.0000,17,37,608.6947,-85.6869,-0.0369,7,0.1750,0.8750,8,8,8,0,0,8,8,0.0000
4,200.0000,17,38,359.5939,-82.5467,1.1236,12,0.3000,0.7143,7,6,3,0,0,6,3,0.5000
4,200.0000,17,42,772.8548,-86.3720,-0.2860,5,0.1250,1.0000,8,8,8,0,0,8,8,0.0000
4,200.0000,17,47,476.5761,-84.0055,0.8718,10,0.2500,1.0000,6,8,7,0,0,8,7,0.1250
4,200.0000,18,0,554.9427,-83.8300,0.0507,17,0.4250,1.0000,5,5,2,0,0,5,2,0.6000
4,200.0000,18,1,323.1329,-80.8790,1.1009,28,0.7000,0.6667,6,7,4,0,0,7,4,0.4286
4,200.0000,18,9,656.9657,-86.8688,0.4742,8,0.2000,0.8750,8,7,6,0,0,7,6,0.1429
4,200.0000,18,19,746.0695,-84.6236,0.6609,6,0.1500,0.8750,8,8,7,0,0,8,7,0.1250
4,200.0000,18,21,676.0353,-85.4166,-0.0922,15,0.3750,0.7500,8,8,7,0,0,8,7,0.1250
4,200.0000,18,25,418.9888,-82.5891,0.0843,21,0.5250,0.2857,7,5,2,0,0,5,2,0.6000
4,200.0000,18,27,334.5727,-82.1665,0.4418,26,0.6500,0.6667,6,4,0,0,0,4,0,1.0000
4,200.0000,18,28,1047.4915,-87.4771,0.0832,3,0.0750,1.0000,4,6,6,0,0,6,6,0.0000
4,200.0000,18,32,295.8455,-81.3236,0.8055,24,0.6000,0.8750,8,6,3,0,0,6,3,0.5000
4,200.0000,18,34,732.5486,-87.2597,0.1900,6,0.1500,0.9600,25,7,6,6,6,13,12,0.0769
4,200.0000,18,36,237.2993,-75.9218,-0.3999,30,0.7500,0.0000,4,4,0,0,0,4,0,1.0000
4,200.0000,18,39,842.7314,-87.9192,0.3655,3,0.0750,1.0000,8,8,7,0,0,8,7,0.1250
4,200.0000,18,40,639.0873,-85.1627,-0.7168,6,0.1500,1.0000,6,8,7,0,0,8,7,0.1250
4,200.0000,18,44,766.2586,-86.9115,-0.3754,6,0.1500,1.0000,8,8,8,0,0,8,8,0.0000
4,200.0000,18,45,718.5886,-86.3013,0.1448,14,0.3500,0.8750,8,8,6,0,0,8,6,0.2500
4,200.0000,19,0,714.7669,-86.4380,0.7686,11,0.2750,0.8571,7,6,4,0,0,6,4,0.3333
4,200.0000,19,1,844.3975,-87.6826,-0.6379,8,0.2000,1.0000,6,6,6,0,0,6,6,0.0000
4,200.0000,19,5,644.8735,-84.7166,0.2340,14,0.3500,0.8571,7,8,8,0,0,8,8,0.0000
4,200.0000,19,9,569.1173,-83.8388,-0.9994,19,0.4750,0.8750,8,8,8,0,0,8,8,0.0000
4,200.0000,19,12,399.8539,-81.3215,0.6583,21,0.5250,0.2000,5,7,5,0,0,7,5,0.2857
4,200.0000,19,13,538.3599,-85.3178,0.3754,10,0.2500,0.8571,7,7,5,0,0,7,5,0.2857
4,200.0000,19,15,818.2116,-88.2924,-0.2404,3,0.0750,0.8000,5,7,6,0,0,7,6,0.1429
4,200.0000,19,18,746.0695,-85.9069,-0.1734,16,0.4000,0.8571,7,8,8,0,0,8,8,0.0000
4,200.0000,19,20,934.3860,-88.0837,0.2002,3,0.0750,1.0000,8,8,8,0,0,8,8,0.0000
4,200.0000,19,21,724.3781,-86.7357,0.0976,12,0.3000,0.8571,7,8,7,0,0,8,7,0.1250
4,200.0000,19,23,1080.0731,-89.6455,-0.1409,3,0.0750,1.0000,4,4,4,0,0,4,4,0.0000
4,200.0000,19,25,785.9144,-85.9270,-0.2894,10,0.2500,1.0000,8,6,6,0,0,6,6,0.0000
4,200.0000,19,26,473.9171,-81.1513,-0.4388,16,0.4000,0.8571,7,8,8,0,0,8,8,0.0000
4,200.0000,19,27,859.0131,-87.4110,1.2866,7,0.1750,0.7500,4,3,2,0,0,3,2,0.3333
4,200.0000,19,28,305.9049,-80.3243,0.9180,21,0.5250,0.6667,6,5,1,0,0,5,1,0.8000
4,200.0000,19,29,743.8349,-85.5002,0.1558,10,0.2500,1.0000,8,2,2,0,0,2,2,0.0000
4,200.0000,19,30,453.9612,-84.2053,-0.8114,12,0.3000,0.8750,8,7,4,0,0,7,4,0.4286
4,200.0000,19,31,513.2218,-83.1268,1.1332,11,0.2750,0.8750,8,7,6,0,0,7,6,0.1429
4,200.0000,19,32,661.0317,-85.0375,0.1022,17,0.4250,0.7500,8,8,7,0,0,8,7,0.1250
4,200.0000,19,34,250.5799,-76.0000,-0.8296,32,0.8000,0.0000,4,4,0,0,0,4,0,1.0000
4,200.0000,19,36,732.1634,-86.8958,-0.5520,11,0.2750,0.6667,6,8,7,0,0,8,7,0.1250
4,200.0000,19,39,245.8348,-77.6455,0.2351,33,0.8250,0.3333,6,7,4,0,0,7,4,0.4286
4,200.0000,19,40,353.8166,-79.5044,-0.8284,27,0.6750,0.6667,6,6,2,0,0,6,2,0.6667
4,200.0000,19,41,816.0852,-86.9095,-1.1540,5,0.1250,1.0000,8,8,8,0,0,8,8,0.0000
4,200.0000,19,43,802.8797,-87.2547,-1.2782,4,0.1000,1.0000,8,8,8,0,0,8,8,0.0000
4,200.0000,19,44,247.6506,-77.3737,0.2054,27,0.6750,0.5714,7,5,1,0,0,5,1,0.8000
4,200.0000,19,45,773.9551,-86.1422,0.3821,8,0.2000,1.0000,4,10,10,0,0,10,10,0.0000
4,200.0000,19,46,451.2977,-83.8089,0.8012,13,0.3250,0.8571,7,7,6,0,0,7,6,0.1429
4,200.0000,20,2,791.5262,-87.1503,-0.2404,8,0.2000,1.0000,4,7,5,0,0,7,5,0.2857
4,200.0000,20,3,390.2404,-81.3135,-0.1741,25,0.6250,0.6000,5,7,6,0,0,7,6,0.1429
4,200.0000,20,4,474.3733,-83.6289,0.0856,21,0.5250,0.5714,7,7,6,0,0,7,6,0.1429
4,200.0000,20,6,824.3881,-86.4730,-0.0544,12,0.3000,1.0000,8,6,6,0,0,6,6,0.0000
4,200.0000,20,7,531.8424,-84.5093,0.2843,14,0.3500,0.7500,8,6,4,74,70,80,74,0.0750
4,200.0000,20,8,663.1947,-84.9311,-0.6942,15,0.3750,0.8750,8,9,7,0,0,9,7,0.2222
4,200.0000,20,10,195.5703,-74.5013,-0.0848,35,0.8750,0.0000,4,4,0,0,0,4,0,1.0000
4,200.0000,20,11,737.6547,-86.3307,0.2500,11,0.2750,1.0000,8,8,6,0,0,8,6,0.2500
4,200.0000,20,12,931.5864,-87.6943,-0.6233,3,0.0750,1.0000,8,8,8,0,0,8,8,0.0000
4,200.0000,20,13,432.1920,-82.8013,-0.0941,23,0.5750,1.0000,8,6,3,0,0,6,3,0.5000
4,200.0000,20,14,888.9709,-86.9230,-0.3534,7,0.1750,1.0000,4,8,8,0,0,8,8,0.0000
4,200.0000,20,15,315.4997,-79.7552,-0.1307,29,0.7250,0.5714,7,6,3,0,0,6,3,0.5000
4,200.0000,20,16,610.1930,-84.3183,-0.8031,22,0.5500,0.9524,21,6,6,0,0,6,6,0.0000
4,200.0000,20,17,791.1853,-87.7362,0.3707,14,0.3500,0.8333,6,8,8,0,0,8,8,0.0000
4,200.0000,20,19,934.3860,-87.7404,0.9229,6,0.1500,1.0000,8,2,2,0,0,2,2,0.0000
4,200.0000,20,22,367.7438,-81.8991,-0.2800,26,0.6500,0.8571,7,7,4,57,46,64,50,0.2188
4,200.0000,20,23,262.0083,-77.3663,0.3563,29,0.7250,0.4000,10,4,0,0,0,4,0,1.0000
4,200.0000,20,24,901.0197,-88.4701,0.2287,5,0.1250,1.0000,6,4,4,0,0,4,4,0.0000
4,200.0000,20,26,610.9389,-86.3082,-0.6125,7,0.1750,1.0000,8,8,7,0,0,8,7,0.1250
4,200.0000,20,28,704.5231,-85.5326,0.5489,11,0.2750,1.0000,4,7,6,0,0,7,6,0.1429
4,200.0000,20,29,871.1657,-88.2071,-1.1417,6,0.1500,0.8333,6,8,8,0,0,8,8,0.0000
4,200.0000,20,30,740.0469,-86.5352,0.3667,12,0.3000,0.8750,8,8,8,0,0,8,8,0.0000
4,200.0000,20,31,436.1592,-82.4051,-0.3887,18,0.4500,0.9194,62,7,5,8,7,15,12,0.2000
4,200.0000,20,33,429.2490,-81.9305,1.0290,20,0.5000,0.6667,6,7,6,0,0,7,6,0.1429
4,200.0000,20,35,788.8766,-86.7010,1.0524,9,0.2250,1.0000,8,8,8,0,0,8,8,0.0000
4,200.0000,20,37,418.0569,-82.5237,0.0429,22,0.5500,0.5714,7,7,5,0,0,7,5,0.2857
4,200.0000,20,38,562.3746,-85.4770,-0.8856,18,0.4500,0.8750,8,8,8,0,0,8,8,0.0000
4,200.0000,20,39,811.2247,-87.4363,0.5393,9,0.2250,1.0000,8,8,8,0,0,8,8,0.0000
4,200.0000,20,40,1077.8957,-88.7625,1.2161,3,0.0750,1.0000,8,4,4,0,0,4,4,0.0000
4,200.0000,20,41,154.8847,-73.6033,-0.2884,36,0.9000,0.3400,50,4,0,0,0,4,0,1.0000
4,200.0000,20,42,828.7197,-87.4889,-0.2156,11,0.2750,0.6667,3,5,4,0,0,5,4,0.2000
4,200.0000,20,43,139.2122,-73.0194,0.1424,37,0.9250,0.1746,63,4,0,0,0,4,0,1.0000
4,200.0000,20,46,563.6087,-83.4117,0.6097,21,0.5250,1.0000,8,4,2,0,0,4,2,0.5000
4,200.0000,20,47,558.7765,-84.4160,0.3923,22,0.5500,1.0000,8,8,6,0,0,8,6,0.2500
4,200.0000,21,0,162.2453,-74.8076,0.2605,35,0.8750,0.2000,5,4,0,0,0,4,0,1.0000
4,200.0000,21,1,848.9942,-87.4428,0.2353,8,0.2000,1.0000,8,6,6,0,0,6,6,0.0000
4,200.0000,21,12,673.6619,-85.7412,0.5230,6,0.1500,0.8750,8,8,8,0,0,8,8,0.0000
4,200.0000,21,18,676.0353,-85.2373,-1.0764,10,0.2500,0.8750,8,8,7,0,0,8,7,0.1250
4,200.0000,21,19,724.3781,-85.2250,-0.7945,6,0.1500,1.0000,8,8,7,0,0,8,7,0.1250
4,200.0000,21,25,876.0824,-87.0318,-1.0066,4,0.1000,1.0000,8,8,8,0,0,8,8,0.0000
4,200.0000,21,27,735.2167,-85.7837,0.6280,6,0.1500,1.0000,8,8,8,0,0,8,8,0.0000
4,200.0000,21,28,905.3875,-87.9211,-0.9231,3,0.0750,1.0000,6,8,8,0,0,8,8,0.0000
4,200.0000,21,30,881.1933,-87.6616,-0.1326,4,0.1000,1.0000,6,8,8,0,0,8,8,0.0000
4,200.0000,21,32,739.8161,-85.9441,-0.4987,3,0.0750,1.0000,8,8,8,0,0,8,8,0.0000
4,200.0000,21,36,457.1342,-83.3585,-0.0988,18,0.4500,0.6667,6,6,4,0,0,6,4,0.3333
4,200.0000,21,40,646.1351,-83.8746,-0.8100,8,0.2000,0.6667,6,7,6,0,0,7,6,0.1429
4,200.0000,21,44,527.6841,-85.0877,0.1048,7,0.1750,1.0000,8,8,6,0,0,8,6,0.2500
4,200.0000,21,45,110.5871,-73.4887,1.3162,38,0.9500,0.0000,4,6,2,0,0,6,2,0.6667
4,200.0000,22,2,472.4424,-83.1579,-0.3098,21,0.5250,1.0000,8,7,5,0,0,7,5,0.2857
4,200.0000,22,3,426.2600,-81.7623,0.2567,14,0.3500,0.8000,5,8,5,0,0,8,5,0.3750
4,200.0000,22,4,296.1296,-80.4943,0.0925,26,0.6500,1.0000,8,5,1,0,0,5,1,0.8000
4,200.0000,22,6,752.9856,-85.7357,0.5583,8,0.2000,0.8750,8,8,7,0,0,8,7,0.1250
4,200.0000,22,7,497.1757,-82.8244,0.1414,14,0.3500,0.5714,7,8,8,24,19,32,27,0.1562
4,200.0000,22,8,586.3903,-83.9096,-0.4411,9,0.2250,0.8571,7,6,4,0,0,6,4,0.3333
4,200.0000,22,10,325.8280,-81.1675,1.2761,18,0.4500,0.8750,8,6,2,0,0,6,2,0.6667
4,200.0000,22,11,696.6311,-86.7361,0.5056,11,0.2750,1.0000,8,7,5,0,0,7,5,0.2857
4,200.0000,22,14,737.8018,-86.9161,-0.3072,5,0.1250,1.0000,6,7,6,0,0,7,6,0.1429
4,200.0000,22,15,666.0463,-87.2087,1.2914,4,0.1000,0.6667,6,8,8,0,0,8,8,0.0000
4,200.0000,22,16,389.1166,-80.2828,-1.2069,27,0.6750,0.4000,5,7,6,0,0,7,6,0.1429
4,200.0000,22,17,633.7542,-85.4519,0.8078,10,0.2500,0.8750,8,7,6,0,0,7,6,0.1429
4,200.0000,22,20,367.7438,-79.9219,-1.0303,17,0.4250,0.7143,7,7,5,0,0,7,5,0.2857
4,200.0000,22,23,454.4753,-82.8323,-0.1979,11,0.2750,0.8750,8,6,4,9,8,15,12,0.2000
4,200.0000,22,24,689.2538,-85.6536,0.2432,12,0.3000,0.8750,8,7,5,0,0,7,5,0.2857
4,200.0000,22,31,753.9122,-86.3763,0.1377,3,0.0750,1.0000,8,7,6,0,0,7,6,0.1429
4,200.0000,22,33,328.8171,-80.4859,-0.3782,20,0.5000,0.6154,26,6,3,4,4,10,7,0.3000
4,200.0000,22,35,732.5169,-86.3204,-0.8792,5,0.1250,1.0000,6,7,6,0,0,7,6,0.1429
4,200.0000,22,37,587.0215,-85.7340,-0.7867,6,0.1500,1.0000,8,6,4,0,0,6,4,0.3333
4,200.0000,22,38,529.2588,-83.7655,0.3302,11,0.2750,0.8519,27,8,7,2,2,10,9,0.1000
4,200.0000,22,41,434.8312,-82.4621,1.3152,13,0.3250,0.5000,6,8,7,0,0,8,7,0.1250
4,200.0000,22,42,505.4344,-83.3669,0.0541,24,0.6000,1.0000,8,6,4,0,0,6,4,0.3333
4,200.0000,22,43,474.7007,-82.3491,0.3347,10,0.2500,0.9000,10,6,6,0,0,6,6,0.0000
4,200.0000,22,47,640.2814,-85.7165,0.4830,8,0.2000,0.8571,7,7,6,0,0,7,6,0.1429
4,200.0000,23,2,909.1502,-86.7490,-0.7935,4,0.1000,1.0000,4,8,7,0,0,8,7,0.1250
4,200.0000,23,3,352.0411,-81.1995,-1.0338,17,0.4250,0.8571,7,6,3,58,46,64,49,0.2344
4,200.0000,23,4,424.0048,-82.5395,-0.6492,15,0.3750,0.8750,8,8,8,53,48,61,56,0.0820
4,200.0000,23,6,810.2642,-86.4260,-0.1585,6,0.1500,1.0000,8,8,8,0,0,8,8,0.0000
4,200.0000,23,7,768.9136,-86.1453,-1.2247,4,0.1000,1.0000,10,8,8,0,0,8,8,0.0000
4,200.0000,23,8,875.9819,-87.1332,-0.0541,5,0.1250,0.8750,8,8,8,0,0,8,8,0.0000
4,200.0000,23,10,323.3437,-79.5913,-1.8255,21,0.5250,0.8571,7,8,8,0,0,8,8,0.0000
4,200.0000,23,11,686.9546,-85.8913,-0.5305,8,0.2000,0.8571,7,6,6,0,0,6,6,0.0000
4,200.0000,23,13,574.6060,-83.2426,-1.2299,10,0.2500,0.7500,8,7,6,0,0,7,6,0.1429
4,200.0000,23,14,918.6113,-87.2096,-0.6328,5,0.1250,0.6667,6,8,8,0,0,8,8,0.0000
4,200.0000,23,15,433.1044,-82.1434,-1.0001,15,0.3750,0.7143,7,7,5,0,0,7,5,0.2857
4,200.0000,23,16,795.8650,-86.4536,-1.1484,9,0.2250,1.0000,6,4,4,0,0,4,4,0.0000
4,200.0000,23,17,687.3031,-86.7850,-0.6645,9,0.2250,0.8000,5,8,8,0,0,8,8,0.0000
4,200.0000,23,20,262.0083,-77.7214,-0.3098,25,0.6250,0.4444,9,7,3,0,0,7,3,0.5714
4,200.0000,23,22,454.4753,-83.3778,0.4006,13,0.3250,0.9448,145,6,4,11,9,17,13,0.2353
4,200.0000,23,26,819.5921,-87.9052,-0.3708,4,0.1000,1.0000,8,8,7,0,0,8,7,0.1250
4,200.0000,23,28,815.5153,-87.8663,-2.7215,5,0.1250,0.8571,7,8,8,0,0,8,8,0.0000
4,200.0000,23,30,782.5534,-86.9939,-0.9833,7,0.1750,1.0000,8,8,8,0,0,8,8,0.0000
4,200.0000,23,31,620.9288,-85.8420,-1.0609,7,0.1750,1.0000,8,8,8,0,0,8,8,0.0000
4,200.0000,23,33,469.1033,-83.9601,-0.1019,10,0.2500,0.6667,6,7,4,0,0,7,4,0.4286
4,200.0000,23,34,1121.4385,-89.1784,0.4412,3,0.0750,1.0000,2,2,2,0,0,2,2,0.0000
4,200.0000,23,35,748.7153,-86.0074,-0.3692,5,0.1250,0.9000,10,8,8,0,0,8,8,0.0000
4,200.0000,23,37,406.3820,-82.5288,-0.8344,18,0.4500,0.8571,7,8,7,0,0,8,7,0.1250
4,200.0000,23,38,540.6035,-83.6831,-0.7059,12,0.3000,0.6667,6,7,6,0,0,7,6,0.1429
4,200.0000,23,39,1000.4968,-88.5623,0.8592,3,0.0750,1.0000,6,8,8,0,0,8,8,0.0000
4,200.0000,23,41,405.0112,-82.0397,-0.7658,16,0.4000,0.7143,7,6,3,6,5,12,8,0.3333
4,200.0000,23,42,941.7744,-88.8324,-1.1149,3,0.0750,1.0000,8,8,8,0,0,8,8,0.0000
4,200.0000,23,43,322.8545,-79.6944,-0.9674,17,0.4250,0.7500,8,6,3,0,0,6,3,0.5000
4,200.0000,23,46,676.0022,-85.5504,-1.3926,12,0.3000,0.8571,7,8,8,0,0,8,8,0.0000
4,200.0000,23,47,500.6481,-83.5365,-0.6018,17,0.4250,0.8571,7,8,8,12,11,20,19,0.0500
4,200.0000,24,2,493.8626,-82.6871,-1.4697,18,0.4500,0.8571,7,8,7,0,0,8,7,0.1250
4,200.0000,24,3,639.9858,-85.4233,1.3813,6,0.1500,1.0000,8,8,7,0,0,8,7,0.1250
4,200.0000,24,4,583.7204,-85.1462,0.7038,10,0.2500,1.0000,8,7,6,0,0,7,6,0.1429
4,200.0000,24,6,399.2181,-81.6417,0.5048,20,0.5000,0.6667,6,8,8,0,0,8,8,0.0000
4,200.0000,24,7,745.1555,-86.2145,-1.1923,5,0.1250,1.0000,8,7,6,0,0,7,6,0.1429
4,200.0000,24,10,718.1126,-86.6627,-1.6582,6,0.1500,1.0000,8,7,6,0,0,7,6,0.1429
4,200.0000,24,11,501.8045,-85.3685,1.3228,14,0.3500,1.0000,8,6,4,0,0,6,4,0.3333
4,200.0000,24,14,180.0032,-76.7222,1.0164,31,0.7750,0.2000,5,5,1,0,0,5,1,0.8000
4,200.0000,24,15,1051.5391,-87.4200,-0.0571,3,0.0750,1.0000,6,8,8,0,0,8,8,0.0000
4,200.0000,24,16,639.8867,-86.2202,1.7082,9,0.2250,0.8571,7,7,5,0,0,7,5,0.2857
4,200.0000,24,17,543.0190,-84.6698,0.1581,10,0.2500,0.8571,7,5,2,0,0,5,2,0.6000
4,200.0000,24,20,901.0197,-87.9619,-3.4132,3,0.0750,1.0000,8,6,5,0,0,6,5,0.1667
4,200.0000,24,22,689.2538,-87.9534,-1.2346,6,0.1500,1.0000,8,6,3,0,0,6,3,0.5000
4,200.0000,24,33,492.0974,-84.2147,-0.4780,15,0.3750,1.0000,8,7,6,0,0,7,6,0.1429
4,200.0000,24,35,464.7062,-85.3347,1.6171,10,0.2500,0.8750,8,6,4,0,0,6,4,0.3333
4,200.0000,24,37,758.6511,-87.6913,1.2539,5,0.1250,1.0000,8,7,5,0,0,7,5,0.2857
4,200.0000,24,38,496.2681,-84.3864,-0.1228,10,0.2500,0.8571,7,7,5,0,0,7,5,0.2857
4,200.0000,24,42,494.3715,-83.2772,0.2461,17,0.4250,0.8571,7,8,8,0,0,8,8,0.0000
4,200.0000,24,47,678.7419,-86.5655,-0.6377,8,0.2000,0.8571,7,7,6,0,0,7,6,0.1429
4,200.0000,25,0,819.6634,-88.3543,-0.6602,3,0.0750,1.0000,8,7,6,0,0,7,6,0.1429
4,200.0000,25,1,143.9898,-74.2980,0.4139,38,0.9500,0.0000,4,4,0,0,0,4,0,1.0000
4,200.0000,25,5,665.5677,-84.4430,-0.4107,14,0.3500,0.7500,8,8,6,0,0,8,6,0.2500
4,200.0000,25,9,376.3930,-82.0325,-0.2606,21,0.5250,0.7143,7,8,6,0,0,8,6,0.2500
4,200.0000,25,18,418.9888,-82.4656,-0.1850,24,0.6000,0.7143,7,7,5,0,0,7,5,0.2857
4,200.0000,25,19,785.9144,-86.0412,0.2550,6,0.1500,1.0000,8,8,8,0,0,8,8,0.0000
4,200.0000,25,21,876.0824,-87.8050,-0.3691,4,0.1000,1.0000,6,8,8,0,0,8,8,0.0000
4,200.0000,25,26,923.5404,-88.4551,-2.6994,3,0.0750,1.0000,8,8,8,0,0,8,8,0.0000
4,200.0000,25,27,246.2484,-79.5520,0.9269,37,0.9250,0.0000,5,5,1,0,0,5,1,0.8000
4,200.0000,25,28,1077.0896,-88.7264,0.1889,3,0.0750,1.0000,2,2,2,0,0,2,2,0.0000
4,200.0000,25,29,851.5986,-87.9593,1.1428,4,0.1000,1.0000,8,4,4,0,0,4,4,0.0000
4,200.0000,25,32,165.1488,-72.3328,-1.4084,37,0.9250,0.0000,4,5,1,0,0,5,1,0.8000
4,200.0000,25,34,661.5581,-85.5398,-0.3980,10,0.2500,1.0000,8,8,8,0,0,8,8,0.0000
4,200.0000,25,36,517.8259,-83.6320,0.0181,25,0.6250,0.8571,7,7,6,0,0,7,6,0.1429
4,200.0000,25,39,766.1765,-87.3674,1.3699,4,0.1000,1.0000,8,8,8,0,0,8,8,0.0000
4,200.0000,25,40,541.8727,-84.8443,0.0888,12,0.3000,0.6667,6,7,6,0,0,7,6,0.1429
4,200.0000,25,44,864.5808,-88.0002,-0.4475,4,0.1000,1.0000,8,8,8,0,0,8,8,0.0000
4,200.0000,25,45,958.6845,-88.2965,-1.0019,4,0.1000,1.0000,6,8,8,0,0,8,8,0.0000
4,200.0000,26,3,988.8934,-88.2164,-1.2842,4,0.1000,0.8571,7,6,6,0,0,6,6,0.0000
4,200.0000,26,5,422.7856,-82.5575,0.6243,29,0.7250,0.8571,7,7,6,0,0,7,6,0.1429
4,200.0000,26,7,682.1375,-86.6158,-1.0316,9,0.2250,0.7500,8,8,8,0,0,8,8,0.0000
4,200.0000,26,8,539.2472,-85.2021,-0.4124,13,0.3250,1.0000,10,8,8,0,0,8,8,0.0000
4,200.0000,26,9,570.3978,-84.3567,-0.2986,20,0.5000,0.6667,6,8,7,0,0,8,7,0.1250
4,200.0000,26,10,762.3929,-87.1987,0.5548,8,0.2000,0.8571,7,8,8,0,0,8,8,0.0000
4,200.0000,26,12,697.3367,-84.9525,-0.7002,17,0.4250,0.5714,7,8,8,0,0,8,8,0.0000
4,200.0000,26,13,415.6834,-81.7569,-0.1526,20,0.5000,0.6667,6,7,6,0,0,7,6,0.1429
4,200.0000,26,15,636.7341,-85.7595,-0.7868,13,0.3250,0.8750,8,7,6,0,0,7,6,0.1429
4,200.0000,26,16,839.6237,-87.4073,0.2072,9,0.2250,1.0000,6,2,2,0,0,2,2,0.0000
4,200.0000,26,19,473.9171,-81.5477,-0.2234,23,0.5750,0.7143,7,6,3,0,0,6,3,0.5000
4,200.0000,26,20,610.9389,-86.4658,0.1647,12,0.3000,0.6667,6,8,6,0,0,8,6,0.2500
4,200.0000,26,22,819.2270,-86.5241,-0.0788,9,0.2250,1.0000,6,8,8,0,0,8,8,0.0000
4,200.0000,26,23,819.5921,-86.2382,-0.9886,7,0.1750,1.0000,8,8,8,0,0,8,8,0.0000
4,200.0000,26,25,923.5404,-87.9423,-0.8667,5,0.1250,1.0000,8,8,8,0,0,8,8,0.0000
4,200.0000,26,28,466.7330,-81.8417,-0.8835,21,0.5250,0.8571,7,6,6,0,0,6,6,0.0000
4,200.0000,26,29,393.3434,-82.7250,0.6269,27,0.6750,0.7143,7,7,6,0,0,7,6,0.1429
4,200.0000,26,30,619.3369,-83.4263,-0.8189,19,0.4750,0.7143,7,8,8,0,0,8,8,0.0000
4,200.0000,26,31,311.2991,-79.4693,0.1859,27,0.6750,0.8571,7,7,6,0,0,7,6,0.1429
4,200.0000,26,33,983.7072,-88.5736,-0.6717,5,0.1250,1.0000,8,6,6,0,0,6,6,0.0000
4,200.0000,26,34,361.6734,-81.9920,-0.1062,32,0.8000,0.6667,6,6,4,0,0,6,4,0.3333
4,200.0000,26,36,1090.6343,-88.9681,-0.4544,5,0.1250,1.0000,4,2,2,0,0,2,2,0.0000
4,200.0000,26,37,968.2373,-88.0690,-0.4758,4,0.1000,1.0000,4,8,8,0,0,8,8,0.0000
4,200.0000,26,39,261.3049,-75.7806,-0.8676,35,0.8750,0.3333,6,7,5,0,0,7,5,0.2857
4,200.0000,26,40,526.6247,-83.6742,-0.7182,23,0.5750,0.8571,7,7,6,0,0,7,6,0.1429
4,200.0000,26,41,463.8378,-83.5203,0.0977,17,0.4250,0.8571,7,8,8,0,0,8,8,0.0000
4,200.0000,26,43,503.0281,-84.0230,-0.0089,17,0.4250,1.0000,8,8,7,0,0,8,7,0.1250
4,200.0000,26,44,652.8488,-83.7331,-0.5804,19,0.4750,1.0000,8,5,4,0,0,5,4,0.2000
4,200.0000,26,46,466.8423,-83.7197,-0.0377,17,0.4250,0.5000,6,8,7,0,0,8,7,0.1250
4,200.0000,27,0,673.1927,-88.4606,0.1765,8,0.2000,0.8571,7,7,6,0,0,7,6,0.1429
4,200.0000,27,1,167.9470,-75.4786,0.1543,33,0.8250,0.2000,5,4,0,0,0,4,0,1.0000
4,200.0000,27,5,884.5208,-87.4278,-0.6089,6,0.1500,1.0000,8,8,8,0,0,8,8,0.0000
4,200.0000,27,9,548.1274,-85.4975,-1.1609,10,0.2500,1.0000,8,7,5,0,0,7,5,0.2857
4,200.0000,27,18,334.5727,-81.3558,0.5960,29,0.7250,0.7143,7,4,0,0,0,4,0,1.0000
4,200.0000,27,21,735.2167,-86.6132,-0.0202,10,0.2500,0.7500,8,6,6,0,0,6,6,0.0000
4,200.0000,27,25,246.2484,-79.7382,0.8086,29,0.7250,0.2000,5,4,0,0,0,4,0,1.0000
4,200.0000,27,32,239.1442,-79.0852,1.4779,31,0.7750,0.5000,6,5,1,0,0,5,1,0.8000
4,200.0000,27,34,801.3424,-86.0912,-1.7300,4,0.1000,1.0000,8,8,7,0,0,8,7,0.1250
4,200.0000,27,36,355.8359,-80.4453,-0.7499,28,0.7000,0.4000,5,7,5,0,0,7,5,0.2857
4,200.0000,27,39,902.0064,-88.3025,0.5671,5,0.1250,1.0000,8,8,8,0,0,8,8,0.0000
4,200.0000,27,40,610.4327,-86.6006,-0.3020,10,0.2500,1.0000,8,8,8,0,0,8,8,0.0000
4,200.0000,27,45,812.5148,-86.7712,0.1506,4,0.1000,1.0000,6,7,6,0,0,7,6,0.1429
4,200.0000,28,0,927.3419,-88.0854,-0.7256,6,0.1500,1.0000,2,5,4,0,0,5,4,0.2000
4,200.0000,28,5,798.9851,-87.9714,-0.4952,4,0.1000,1.0000,8,7,6,0,0,7,6,0.1429
4,200.0000,28,9,807.7104,-87.2495,0.2934,6,0.1500,1.0000,8,8,8,0,0,8,8,0.0000
4,200.0000,28,12,312.9768,-80.0723,0.1084,24,0.6000,0.2500,4,5,1,0,0,5,1,0.8000
4,200.0000,28,13,284.1686,-76.9509,-0.5663,28,0.7000,0.2000,5,5,2,0,0,5,2,0.6000
4,200.0000,28,15,553.2993,-84.4160,-1.8424,6,0.1500,0.7143,7,7,6,0,0,7,6,0.1429
4,200.0000,28,19,305.9049,-80.1923,0.2888,24,0.6000,0.5000,6,6,3,0,0,6,3,0.5000
4,200.0000,28,20,704.5231,-85.3734,-2.4421,4,0.1000,1.0000,8,8,8,0,0,8,8,0.0000
4,200.0000,28,21,905.3875,-87.0133,0.0709,7,0.1750,1.0000,8,8,8,0,0,8,8,0.0000
4,200.0000,28,23,815.5153,-86.7388,-0.9442,7,0.1750,0.8333,6,8,8,0,0,8,8,0.0000
4,200.0000,28,26,466.7330,-81.8915,-0.6012,18,0.4500,0.7143,7,8,8,0,0,8,8,0.0000
4,200.0000,28,29,830.3364,-88.2406,-0.8217,4,0.1000,1.0000,8,6,6,0,0,6,6,0.0000
4,200.0000,28,30,210.5204,-75.3480,-0.3390,35,0.8750,0.0000,4,5,1,0,0,5,1,0.8000
4,200.0000,28,31,319.4608,-77.8659,-1.3160,24,0.6000,0.0000,4,8,8,0,0,8,8,0.0000
4,200.0000,28,32,961.0993,-87.6225,1.0022,3,0.0750,,0,8,8,0,0,8,8,0.0000
4,200.0000,28,34,468.0027,-82.8887,0.9862,10,0.2500,1.0000,8,8,8,0,0,8,8,0.0000
4,200.0000,28,39,381.8204,-81.0953,-0.2593,16,0.4000,1.0000,8,5,2,0,0,5,2,0.6000
4,200.0000,28,40,591.5331,-84.4392,-0.3317,14,0.3500,1.0000,6,8,8,0,0,8,8,0.0000
4,200.0000,28,41,617.8830,-85.5480,0.1483,8,0.2000,0.8750,8,8,8,0,0,8,8,0.0000
4,200.0000,28,43,575.1077,-84.4684,-0.1022,10,0.2500,1.0000,8,6,3,0,0,6,3,0.5000
4,200.0000,28,44,380.1475,-80.8313,-0.3874,24,0.6000,0.8571,7,5,2,0,0,5,2,0.6000
4,200.0000,28,45,941.8419,-87.2361,0.1791,4,0.1000,,0,8,8,0,0,8,8,0.0000
4,200.0000,28,46,162.9699,-74.2118,0.2594,34,0.8500,0.2000,5,4,0,0,0,4,0,1.0000
4,200.0000,28,47,1119.5867,-87.6389,-1.3478,3,0.0750,1.0000,8,4,4,0,0,4,4,0.0000
4,200.0000,29,1,982.4132,-88.2443,2.6305,4,0.1000,1.0000,4,6,6,0,0,6,6,0.0000
4,200.0000,29,5,192.6986,-75.7794,0.2287,30,0.7500,0.4000,5,4,0,0,0,4,0,1.0000
4,200.0000,29,7,673.7694,-86.8149,-0.5089,4,0.1000,0.8571,7,8,8,0,0,8,8,0.0000
4,200.0000,29,8,459.9418,-83.7511,0.9138,9,0.2250,1.0000,8,5,2,0,0,5,2,0.6000
4,200.0000,29,9,544.4842,-81.8952,-0.9451,14,0.3500,1.0000,8,8,8,0,0,8,8,0.0000
4,200.0000,29,12,1056.7414,-87.7453,0.9968,3,0.0750,1.0000,8,6,6,0,0,6,6,0.0000
4,200.0000,29,13,774.4543,-88.6404,-0.6895,3,0.0750,1.0000,8,8,8,0,0,8,8,0.0000
4,200.0000,29,16,813.4362,-89.2792,0.3747,3,0.0750,1.0000,2,4,4,0,0,4,4,0.0000
4,200.0000,29,19,743.8349,-86.1642,-1.6237,5,0.1250,1.0000,8,8,8,0,0,8,8,0.0000
4,200.0000,29,20,871.1657,-87.6818,-0.1084,3,0.0750,1.0000,6,6,6,0,0,6,6,0.0000
4,200.0000,29,25,851.5986,-88.3213,0.8992,4,0.1000,0.8750,8,8,8,0,0,8,8,0.0000
4,200.0000,29,26,393.3434,-81.2165,0.6713,9,0.2250,0.6667,6,8,8,0,0,8,8,0.0000
4,200.0000,29,28,830.3364,-87.1798,0.0671,3,0.0750,1.0000,8,6,6,0,0,6,6,0.0000
4,200.0000,29,31,658.3142,-86.5683,2.7961,4,0.1000,1.0000,8,7,6,0,0,7,6,0.1429
4,200.0000,29,32,866.8410,-85.0765,-0.3970,6,0.1500,1.0000,8,8,8,0,0,8,8,0.0000
4,200.0000,29,34,517.4769,-83.7391,0.1556,7,0.1750,1.0000,8,8,8,0,0,8,8,0.0000
4,200.0000,29,39,502.2868,-82.1314,-0.2666,9,0.2250,1.0000,18,8,7,0,0,8,7,0.1250
4,200.0000,29,40,694.2508,-85.1111,-1.1271,7,0.1750,1.0000,8,8,8,0,0,8,8,0.0000
4,200.0000,29,41,721.2013,-88.0049,-1.5206,5,0.1250,1.0000,8,8,8,0,0,8,8,0.0000
4,200.0000,29,43,806.3327,-86.9751,-0.3430,5,0.1250,1.0000,8,8,8,0,0,8,8,0.0000
4,200.0000,29,44,953.1502,-88.1449,1.2470,3,0.0750,1.0000,8,4,4,0,0,4,4,0.0000
4,200.0000,30,0,931.6009,-87.9592,1.1878,4,0.1000,1.0000,4,4,4,0,0,4,4,0.0000
4,200.0000,30,3,1049.6426,-87.7260,-0.0259,5,0.1250,1.0000,8,4,4,0,0,4,4,0.0000
4,200.0000,30,5,977.0508,-87.5431,0.2826,4,0.1000,1.0000,6,4,4,0,0,4,4,0.0000
4,200.0000,30,8,1086.9332,-88.3180,-0.2013,4,0.1000,1.0000,8,8,8,0,0,8,8,0.0000
4,200.0000,30,10,907.8054,-87.3538,-0.4092,6,0.1500,1.0000,8,8,8,0,0,8,8,0.0000
4,200.0000,30,12,211.2271,-78.6478,0.7451,26,0.6500,0.4000,5,6,2,0,0,6,2,0.6667
4,200.0000,30,13,378.5756,-79.4819,-0.5376,22,0.5500,0.8750,8,7,4,0,0,7,4,0.4286
4,200.0000,30,15,603.2627,-85.9353,-0.6461,13,0.3250,1.0000,8,8,8,0,0,8,8,0.0000
4,200.0000,30,19,453.9612,-83.4772,0.1260,14,0.3500,0.6667,6,6,3,0,0,6,3,0.5000
4,200.0000,30,20,740.0469,-86.2207,0.1171,8,0.2000,1.0000,8,8,8,0,0,8,8,0.0000
4,200.0000,30,21,881.1933,-87.4357,-0.2460,6,0.1500,1.0000,8,6,6,0,0,6,6,0.0000
4,200.0000,30,23,782.5534,-86.2569,-0.7387,8,0.2000,1.0000,8,8,8,0,0,8,8,0.0000
4,200.0000,30,26,619.3369,-83.6213,0.2568,12,0.3000,0.8571,7,8,8,0,0,8,8,0.0000
4,200.0000,30,28,210.5204,-75.3314,-0.1685,28,0.7000,0.0000,4,8,4,0,0,8,4,0.5000
4,200.0000,30,31,453.5476,-81.8045,-1.0797,18,0.4500,0.8571,7,6,4,0,0,6,4,0.3333
4,200.0000,30,34,649.1713,-86.7045,0.3154,10,0.2500,0.8571,7,8,8,0,0,8,8,0.0000
4,200.0000,30,37,962.3461,-87.9617,-0.7480,8,0.2000,1.0000,6,8,8,0,0,8,8,0.0000
4,200.0000,30,39,565.9303,-84.3379,-0.8303,12,0.3000,1.0000,8,8,8,0,0,8,8,0.0000
4,200.0000,30,40,688.8275,-85.3492,-1.8268,10,0.2500,0.8571,7,8,8,0,0,8,8,0.0000
4,200.0000,30,41,690.5243,-86.1146,-0.4697,9,0.2250,1.0000,8,8,8,0,0,8,8,0.0000
4,200.0000,30,43,612.8210,-85.5874,0.5636,7,0.1750,1.0000,8,8,8,0,0,8,8,0.0000
4,200.0000,30,44,407.0191,-82.2701,0.5672,15,0.3750,0.5000,6,5,2,0,0,5,2,0.6000
4,200.0000,30,45,908.7966,-87.3963,-0.3004,6,0.1500,,0,4,4,0,0,4,4,0.0000
4,200.0000,30,46,264.7744,-77.9638,-0.4747,28,0.7000,0.5714,7,6,3,0,0,6,3,0.5000
4,200.0000,31,3,786.5712,-86.1923,-0.5410,12,0.3000,1.0000,8,6,6,0,0,6,6,0.0000
4,200.0000,31,4,908.6270,-88.0261,-1.2509,3,0.0750,1.0000,6,4,4,0,0,4,4,0.0000
4,200.0000,31,5,701.0063,-85.4969,0.2209,12,0.3000,0.8750,8,6,6,0,0,6,6,0.0000
4,200.0000,31,7,667.5938,-86.2819,-0.3195,7,0.1750,1.0000,8,7,6,0,0,7,6,0.1429
4,200.0000,31,8,710.9273,-86.7030,-0.3434,10,0.2500,1.0000,4,8,8,0,0,8,8,0.0000
4,200.0000,31,9,842.1958,-87.7066,-0.8551,5,0.1250,1.0000,8,7,6,0,0,7,6,0.1429
4,200.0000,31,10,584.1332,-84.5694,-0.7941,14,0.3500,0.5000,6,8,8,0,0,8,8,0.0000
4,200.0000,31,12,609.2665,-84.7033,0.1560,9,0.2250,1.0000,8,8,8,0,0,8,8,0.0000
4,200.0000,31,13,117.1277,-70.3469,-0.1285,34,0.8500,0.1705,88,4,0,82,12,86,12,0.8605
4,200.0000,31,15,345.8666,-80.5725,-0.2098,23,0.5750,0.5000,6,7,6,0,0,7,6,0.1429
4,200.0000,31,19,513.2218,-82.6486,-0.6361,13,0.3250,0.8750,8,7,6,0,0,7,6,0.1429
4,200.0000,31,20,436.1592,-82.0011,0.3606,17,0.4250,0.8750,8,8,8,0,0,8,8,0.0000
4,200.0000,31,21,1179.1064,-89.1808,-0.1261,3,0.0750,1.0000,2,2,2,0,0,2,2,0.0000
4,200.0000,31,22,753.9122,-86.8933,-0.3006,6,0.1500,1.0000,6,8,8,0,0,8,8,0.0000
4,200.0000,31,23,620.9288,-84.9823,-0.2258,13,0.3250,1.0000,9,8,6,0,0,8,6,0.2500
4,200.0000,31,26,311.2991,-79.4905,-0.5695,19,0.4750,0.6667,6,5,2,0,0,5,2,0.6000
4,200.0000,31,28,319.4608,-78.8417,-1.7846,25,0.6250,0.2000,5,5,3,0,0,5,3,0.4000
4,200.0000,31,29,658.3142,-86.2541,0.5771,9,0.2250,1.0000,8,8,8,0,0,8,8,0.0000
4,200.0000,31,30,453.5476,-81.8925,-1.3118,19,0.4750,0.8571,7,7,6,0,0,7,6,0.1429
4,200.0000,31,33,828.4964,-87.1812,-0.3260,8,0.2000,1.0000,8,7,6,0,0,7,6,0.1429
4,200.0000,31,34,524.1446,-84.4950,0.1755,10,0.2500,0.8750,8,6,4,0,0,6,4,0.3333
4,200.0000,31,37,719.8830,-86.1484,-1.2078,9,0.2250,0.8571,7,8,8,0,0,8,8,0.0000
4,200.0000,31,38,941.4151,-87.4475,-1.1453,3,0.0750,1.0000,6,8,8,0,0,8,8,0.0000
4,200.0000,31,39,407.2590,-81.1246,0.3592,15,0.3750,0.7143,28,7,5,2,2,9,7,0.2222
4,200.0000,31,40,718.7119,-85.7902,-0.6762,9,0.2250,0.8750,8,4,4,0,0,4,4,0.0000
4,200.0000,31,41,320.6006,-79.7373,0.3894,24,0.6000,0.5000,6,7,5,0,0,7,5,0.2857
4,200.0000,31,43,320.7970,-79.1178,0.1666,25,0.6250,0.5000,6,7,4,0,0,7,4,0.4286
4,200.0000,31,44,661.3118,-85.0709,0.1257,12,0.3000,0.8750,8,6,6,0,0,6,6,0.0000
4,200.0000,31,46,217.7897,-74.6287,-0.7647,32,0.8000,0.0000,4,6,2,0,0,6,2,0.6667
4,200.0000,31,47,895.1745,-87.3849,-0.6842,7,0.1750,1.0000,8,8,8,0,0,8,8,0.0000
4,200.0000,32,0,673.6100,-86.9858,0.0690,9,0.2250,0.6667,6,7,6,0,0,7,6,0.1429
4,200.0000,32,1,184.5534,-72.9550,0.0808,35,0.8750,0.0000,4,5,1,0,0,5,1,0.8000
4,200.0000,32,5,678.3105,-83.7289,-0.8610,9,0.2250,0.8750,8,8,8,0,0,8,8,0.0000
4,200.0000,32,9,378.3147,-80.6481,0.3332,16,0.4000,0.8750,8,6,3,0,0,6,3,0.5000
4,200.0000,32,18,295.8455,-80.3898,1.3296,31,0.7750,0.5714,7,4,0,0,0,4,0,1.0000
4,200.0000,32,19,661.0317,-85.7303,-2.3580,5,0.1250,1.0000,8,8,8,0,0,8,8,0.0000
4,200.0000,32,21,739.8161,-85.9779,0.3879,7,0.1750,1.0000,6,8,8,0,0,8,8,0.0000
4,200.0000,32,25,165.1488,-71.8326,-1.3062,34,0.8500,0.0000,4,4,0,0,0,4,0,1.0000
4,200.0000,32,27,239.1442,-79.2651,0.8534,33,0.8250,0.4000,5,4,0,0,0,4,0,1.0000
4,200.0000,32,29,866.8410,-85.6007,0.5262,5,0.1250,0.8750,8,8,8,0,0,8,8,0.0000
4,200.0000,32,34,575.8029,-83.9565,-0.3373,8,0.2000,0.8000,10,8,8,0,0,8,8,0.0000
4,200.0000,32,36,384.5169,-81.3120,0.2565,23,0.5750,0.5000,6,4,0,0,0,4,0,1.0000
4,200.0000,32,39,683.6750,-84.0187,0.0754,3,0.0750,1.0000,8,7,6,0,0,7,6,0.1429
4,200.0000,32,40,450.8853,-82.8772,0.2887,13,0.3250,0.7500,8,6,3,0,0,6,3,0.5000
4,200.0000,32,44,724.3792,-84.7420,-2.4840,4,0.1000,1.0000,8,7,6,0,0,7,6,0.1429
4,200.0000,32,45,816.4596,-87.7820,0.1311,6,0.1500,1.0000,6,5,3,0,0,5,3,0.4000
4,200.0000,33,2,556.4716,-83.8470,-0.4578,23,0.5750,0.6667,6,5,1,0,0,5,1,0.8000
4,200.0000,33,3,187.3637,-75.2255,0.1851,32,0.8000,0.0000,4,4,0,0,0,4,0,1.0000
4,200.0000,33,4,211.5715,-77.0076,0.7304,33,0.8250,0.2000,5,4,0,0,0,4,0,1.0000
4,200.0000,33,5,1294.4367,-88.9151,-0.0413,3,0.0750,,0,4,4,0,0,4,4,0.0000
4,200.0000,33,6,436.5990,-82.0280,-0.2002,29,0.7250,0.4000,5,7,5,0,0,7,5,0.2857
4,200.0000,33,7,548.3107,-84.6303,0.3176,17,0.4250,0.8000,5,9,8,0,0,9,8,0.1111
4,200.0000,33,8,840.8630,-87.3900,0.1431,8,0.2000,1.0000,8,6,6,0,0,6,6,0.0000
4,200.0000,33,10,247.8115,-78.7916,0.7361,20,0.5000,0.0000,4,5,1,0,0,5,1,0.8000
4,200.0000,33,11,381.9306,-83.4694,0.9297,27,0.6750,0.6667,6,4,0,0,0,4,0,1.0000
4,200.0000,33,13,829.1765,-88.0123,0.7648,6,0.1500,1.0000,6,8,8,0,0,8,8,0.0000
4,200.0000,33,14,471.1716,-82.7786,-0.9916,29,0.7250,0.5000,6,6,4,0,0,6,4,0.3333
4,200.0000,33,15,608.7590,-85.6763,0.1314,12,0.3000,0.8571,7,8,7,0,0,8,7,0.1250
4,200.0000,33,16,520.6408,-82.9216,-0.1648,22,0.5500,0.6667,6,7,6,0,0,7,6,0.1429
4,200.0000,33,17,438.1810,-83.4502,0.7101,23,0.5750,0.7143,7,7,6,0,0,7,6,0.1429
4,200.0000,33,20,429.2490,-82.1495,-1.1075,18,0.4500,0.5000,6,7,5,0,0,7,5,0.2857
4,200.0000,33,22,328.8171,-81.3498,-0.5561,23,0.5750,0.7500,8,6,2,0,0,6,2,0.6667
4,200.0000,33,23,469.1033,-84.5882,-0.1302,15,0.3750,0.8750,8,5,2,0,0,5,2,0.6000
4,200.0000,33,24,492.0974,-84.1514,-1.0123,23,0.5750,0.7143,7,6,2,0,0,6,2,0.6667
4,200.0000,33,26,983.7072,-88.2607,-0.1012,4,0.1000,1.0000,8,6,6,0,0,6,6,0.0000
4,200.0000,33,31,828.4964,-87.0859,0.0044,6,0.1500,1.0000,6,8,8,0,0,8,8,0.0000
4,200.0000,33,35,416.5699,-83.6269,0.8086,27,0.6750,0.5000,6,6,3,0,0,6,3,0.5000
4,200.0000,33,37,352.6388,-82.3988,0.4789,19,0.4750,0.8571,7,5,2,0,0,5,2,0.6000
4,200.0000,33,38,209.3018,-76.5387,0.4610,35,0.8750,0.2000,5,4,0,0,0,4,0,1.0000
4,200.0000,33,41,536.0424,-84.7891,-0.2315,14,0.3500,0.7143,7,7,6,0,0,7,6,0.1429
4,200.0000,33,42,585.3130,-84.4423,0.4886,21,0.5250,0.6667,6,5,4,0,0,5,4,0.2000
4,200.0000,33,43,568.0400,-84.6546,0.3040,13,0.3250,0.7500,8,6,3,0,0,6,3,0.5000
4,200.0000,33,46,960.0463,-88.7284,0.1615,5,0.1250,1.0000,8,7,6,0,0,7,6,0.1429
4,200.0000,33,47,351.7167,-81.0262,0.7189,26,0.6500,0.0000,4,5,2,0,0,5,2,0.6000
4,200.0000,34,0,861.0356,-87.7708,0.5094,11,0.2750,0.8571,7,6,6,0,0,6,6,0.0000
4,200.0000,34,1,748.1170,-86.1027,0.2782,18,0.4500,1.0000,8,8,8,0,0,8,8,0.0000
4,200.0000,34,5,400.3046,-82.0190,-0.4037,28,0.7000,0.7143,7,7,6,0,0,7,6,0.1429
4,200.0000,34,7,977.0063,-87.9312,-0.0174,4,0.1000,1.0000,6,8,8,0,0,8,8,0.0000
4,200.0000,34,8,854.2454,-88.3567,0.6862,5,0.1250,1.0000,6,8,8,0,0,8,8,0.0000
4,200.0000,34,9,405.4381,-81.3040,-0.3902,27,0.6750,0.8571,7,7,6,0,0,7,6,0.1429
4,200.0000,34,12,633.0328,-86.3344,-1.2440,11,0.2750,0.8750,8,6,4,0,0,6,4,0.3333
4,200.0000,34,13,597.4075,-85.3306,0.5785,10,0.2500,0.6667,6,8,8,0,0,8,8,0.0000
4,200.0000,34,15,858.4844,-89.4109,0.3338,6,0.1500,1.0000,8,8,8,0,0,8,8,0.0000
4,200.0000,34,18,732.5486,-84.7527,0.0268,19,0.4750,0.6667,6,4,4,0,0,4,4,0.0000
4,200.0000,34,19,250.5799,-75.1594,-1.1795,30,0.7500,0.2000,5,7,4,0,0,7,4,0.4286
4,200.0000,34,20,929.8233,-87.7401,0.7372,5,0.1250,1.0000,6,6,6,0,0,6,6,0.0000
4,200.0000,34,21,882.7665,-87.5742,-0.6186,12,0.3000,1.0000,6,4,4,0,0,4,4,0.0000
4,200.0000,34,25,661.5581,-85.3947,-0.5029,17,0.4250,0.7143,7,8,8,0,0,8,8,0.0000
4,200.0000,34,26,361.6734,-81.5784,-0.2888,17,0.4250,0.6667,6,6,4,0,0,6,4,0.3333
4,200.0000,34,27,801.3424,-87.2402,0.8023,9,0.2250,1.0000,70,6,6,0,0,6,6,0.0000
4,200.0000,34,28,468.0027,-83.9725,0.4415,13,0.3250,0.8750,8,7,6,0,0,7,6,0.1429
4,200.0000,34,29,517.4769,-83.8683,-1.3456,15,0.3750,0.8571,7,7,6,0,0,7,6,0.1429
4,200.0000,34,30,649.1713,-86.2893,1.1266,9,0.2250,1.0000,10,8,7,0,0,8,7,0.1250
4,200.0000,34,31,524.1446,-83.5805,0.8123,8,0.2000,1.0000,6,9,8,0,0,9,8,0.1111
4,200.0000,34,32,575.8029,-84.2382,-0.5072,22,0.5500,0.9444,18,7,6,0,0,7,6,0.1429
4,200.0000,34,36,777.1545,-86.8591,0.2715,14,0.3500,0.8571,7,8,8,0,0,8,8,0.0000
4,200.0000,34,39,120.9481,-74.1412,2.2838,32,0.8000,0.2000,5,4,0,0,0,4,0,1.0000
4,200.0000,34,40,335.9927,-79.6983,0.0255,28,0.7000,0.2000,5,7,6,0,0,7,6,0.1429
4,200.0000,34,43,811.0440,-87.6648,-0.2367,6,0.1500,1.0000,8,5,4,0,0,5,4,0.2000
4,200.0000,34,44,477.1841,-83.2056,-1.1948,19,0.4750,0.7143,7,10,10,0,0,10,10,0.0000
4,200.0000,34,45,947.8938,-87.7559,0.2707,8,0.2000,0.8000,5,6,5,0,0,6,5,0.1667
4,200.0000,34,46,563.5169,-85.1097,0.3964,8,0.2000,1.0000,8,7,6,0,0,7,6,0.1429
4,200.0000,35,2,827.1420,-87.2891,-0.0183,9,0.2250,1.0000,8,7,6,0,0,7,6,0.1429
4,200.0000,35,3,410.1988,-82.4604,-0.8585,16,0.4000,0.8750,8,6,4,0,0,6,4,0.3333
4,200.0000,35,4,494.6873,-83.5215,-0.4481,18,0.4500,0.8571,7,8,8,0,0,8,8,0.0000
4,200.0000,35,6,94.1483,-74.2665,2.8161,33,0.8250,0.0000,4,5,1,0,0,5,1,0.8000
4,200.0000,35,7,889.0230,-88.8352,2.2923,3,0.0750,0.7500,4,7,6,0,0,7,6,0.1429
4,200.0000,35,10,605.2463,-86.0682,0.8613,9,0.2250,1.0000,8,8,7,0,0,8,7,0.1250
4,200.0000,35,11,66.0937,-62.4214,-1.1050,37,0.9250,0.0000,4,4,0,0,0,4,0,1.0000
4,200.0000,35,13,1130.7307,-89.1692,0.3563,3,0.0750,1.0000,2,4,4,0,0,4,4,0.0000
4,200.0000,35,14,309.7531,-80.5877,0.2258,30,0.7500,0.4000,5,4,0,0,0,4,0,1.0000
4,200.0000,35,15,856.4890,-87.4853,1.3416,4,0.1000,1.0000,8,8,8,0,0,8,8,0.0000
4,200.0000,35,16,874.5767,-87.8933,0.4285,4,0.1000,1.0000,6,8,8,0,0,8,8,0.0000
4,200.0000,35,17,350.1302,-80.7449,0.4545,29,0.7250,0.5000,6,7,5,0,0,7,5,0.2857
4,200.0000,35,20,788.8766,-86.4827,-0.3012,3,0.0750,1.0000,8,7,5,0,0,7,5,0.2857
4,200.0000,35,22,732.5169,-85.8592,0.7696,5,0.1250,1.0000,8,8,7,0,0,8,7,0.1250
4,200.0000,35,23,748.7153,-86.6141,-0.2490,6,0.1500,1.0000,8,8,8,0,0,8,8,0.0000
4,200.0000,35,24,464.7062,-84.8066,1.1735,19,0.4750,1.0000,8,5,2,0,0,5,2,0.6000
4,200.0000,35,33,416.5699,-81.9618,0.5380,19,0.4750,0.5000,6,7,5,0,0,7,5,0.2857
4,200.0000,35,37,468.3933,-83.5630,-0.3540,16,0.4000,0.8889,9,6,3,0,0,6,3,0.5000
4,200.0000,35,38,227.8258,-78.4060,1.3202,24,0.6000,0.0000,4,4,0,0,0,4,0,1.0000
4,200.0000,35,42,842.3356,-88.8083,-0.1779,5,0.1250,1.0000,6,6,5,0,0,6,5,0.1667
4,200.0000,35,43,919.9372,-88.3956,0.0322,3,0.0750,1.0000,8,8,8,0,0,8,8,0.0000
4,200.0000,35,47,311.5692,-79.6835,1.0129,27,0.6750,0.5714,7,5,1,0,0,5,1,0.8000
4,200.0000,36,0,347.5343,-82.5053,1.2185,28,0.6829,0.4000,5,4,0,0,0,4,0,1.0000
4,200.0000,36,1,442.1664,-81.4567,-0.4202,31,0.7561,0.4000,5,5,1,0,0,5,1,0.8000
4,200.0000,36,5,1009.1877,-88.8884,-0.5737,3,0.0732,1.0000,8,6,6,0,0,6,6,0.0000
4,200.0000,36,9,692.6269,-84.8387,-0.4029,5,0.1220,1.0000,8,8,8,0,0,8,8,0.0000
4,200.0000,36,18,237.2993,-75.6836,-0.3850,36,0.8780,0.3333,6,6,3,0,0,6,3,0.5000
4,200.0000,36,19,732.1634,-86.5497,-0.6946,7,0.1707,1.0000,8,8,8,0,0,8,8,0.0000
4,200.0000,36,21,457.1342,-83.5608,0.0091,26,0.6341,0.5714,7,6,3,0,0,6,3,0.5000
4,200.0000,36,25,517.8259,-83.4440,-0.5346,23,0.5610,0.5714,7,7,6,0,0,7,6,0.1429
4,200.0000,36,27,355.8359,-79.5308,-0.3040,33,0.8049,0.3333,6,6,3,0,0,6,3,0.5000
4,200.0000,36,32,384.5169,-81.2150,-0.3035,29,0.7073,0.4000,5,7,6,0,0,7,6,0.1429
4,200.0000,36,34,777.1545,-86.1439,-2.0613,3,0.0732,1.0000,8,8,8,0,0,8,8,0.0000
4,200.0000,36,40,595.6838,-84.8499,0.6740,9,0.2195,1.0000,8,8,8,0,0,8,8,0.0000
4,200.0000,36,44,676.9043,-84.8416,0.8702,5,0.1220,1.0000,8,8,7,0,0,8,7,0.1250
4,200.0000,36,45,505.7861,-84.6116,0.2633,22,0.5366,0.8571,7,4,0,0,0,4,0,1.0000
4,200.0000,37,3,209.4411,-77.2780,0.7076,24,0.6154,0.5000,6,4,0,0,0,4,0,1.0000
4,200.0000,37,4,465.7241,-82.6407,-0.7545,16,0.4103,1.0000,8,7,5,0,0,7,5,0.2857
4,200.0000,37,6,515.6472,-84.6690,0.5496,15,0.3846,0.8571,7,8,8,0,0,8,8,0.0000
4,200.0000,37,7,705.9421,-87.9276,0.4200,5,0.1282,1.0000,8,8,8,0,0,8,8,0.0000
4,200.0000,37,10,293.1315,-79.7819,0.0489,14,0.3590,0.7500,8,5,2,0,0,5,2,0.6000
4,200.0000,37,11,414.6059,-83.6645,0.1647,19,0.4872,0.8571,7,8,5,0,0,8,5,0.3750
4,200.0000,37,13,678.4660,-85.0453,-2.1366,5,0.1282,0.8571,7,7,6,0,0,7,6,0.1429
4,200.0000,37,14,665.9488,-85.9640,-0.1209,14,0.3590,0.5000,6,4,1,0,0,4,1,0.7500
4,200.0000,37,15,397.4147,-80.1799,-0.5297,18,0.4615,0.5000,4,6,3,0,0,6,3,0.5000
4,200.0000,37,16,794.4602,-85.6464,0.0154,7,0.1795,0.8571,7,6,6,0,0,6,6,0.0000
4,200.0000,37,17,608.6947,-85.2277,0.0714,12,0.3077,1.0000,8,10,10,0,0,10,10,0.0000
4,200.0000,37,20,418.0569,-81.8104,1.4722,10,0.2564,0.8750,8,7,4,0,0,7,4,0.4286
4,200.0000,37,22,587.0215,-86.1167,-1.0017,5,0.1282,0.8571,7,7,5,0,0,7,5,0.2857
4,200.0000,37,23,406.3820,-81.9230,0.3004,15,0.3846,0.9000,10,5,3,0,0,5,3,0.4000
4,200.0000,37,24,758.6511,-85.8949,-0.3007,5,0.1282,1.0000,8,7,5,0,0,7,5,0.2857
4,200.0000,37,31,719.8830,-86.7619,-0.4171,4,0.1026,0.8750,8,8,8,0,0,8,8,0.0000
4,200.0000,37,33,352.6388,-81.9541,-0.0758,13,0.3333,0.6667,6,6,3,0,0,6,3,0.5000
4,200.0000,37,35,468.3933,-83.9049,0.1567,19,0.4872,0.5000,6,8,7,0,0,8,7,0.1250
4,200.0000,37,38,296.1999,-79.4173,0.7586,25,0.6410,0.6667,6,6,3,0,0,6,3,0.5000
4,200.0000,37,41,531.3429,-84.1691,-0.0545,7,0.1795,0.5714,7,7,6,0,0,7,6,0.1429
4,200.0000,37,42,926.8445,-88.2019,-0.2068,4,0.1026,1.0000,8,7,6,0,0,7,6,0.1429
4,200.0000,37,43,518.3364,-83.6902,-0.2320,9,0.2308,0.8750,8,7,4,0,0,7,4,0.4286
4,200.0000,37,46,782.4587,-87.7477,-1.8570,5,0.1282,0.8750,8,6,6,0,0,6,6,0.0000
4,200.0000,37,47,178.1336,-73.2555,-0.4027,32,0.8205,0.0000,4,4,0,0,0,4,0,1.0000
4,200.0000,38,2,718.0513,-86.1901,0.6734,10,0.2500,0.8750,8,7,6,0,0,7,6,0.1429
4,200.0000,38,3,190.6201,-75.5303,0.5124,35,0.8750,0.0000,4,5,2,0,0,5,2,0.6000
4,200.0000,38,4,318.1523,-79.0045,-0.7260,27,0.6750,0.6667,6,6,2,0,0,6,2,0.6667
4,200.0000,38,6,272.1192,-78.4774,0.0235,35,0.8750,0.3333,6,6,2,0,0,6,2,0.6667
4,200.0000,38,7,714.7107,-86.5136,-1.0826,5,0.1250,1.0000,8,7,6,0,0,7,6,0.1429
4,200.0000,38,10,379.8328,-80.9805,0.8677,12,0.3000,0.6667,6,4,2,0,0,4,2,0.5000
4,200.0000,38,11,181.8604,-77.1767,1.0362,38,0.9500,0.0000,4,4,0,0,0,4,0,1.0000
4,200.0000,38,14,401.0313,-81.5134,-0.4423,31,0.7750,0.0000,4,6,3,0,0,6,3,0.5000
4,200.0000,38,15,661.1200,-85.0718,-2.3046,7,0.1750,1.0000,8,7,5,2,2,9,7,0.2222
4,200.0000,38,16,712.6402,-86.1930,-0.3334,9,0.2250,0.7143,7,8,8,0,0,8,8,0.0000
4,200.0000,38,17,359.5939,-82.5056,-0.4280,28,0.7000,0.5000,6,4,0,0,0,4,0,1.0000
4,200.0000,38,20,562.3746,-83.0448,-1.1074,8,0.2000,0.8571,7,8,7,0,0,8,7,0.1250
4,200.0000,38,22,529.2588,-83.6100,0.0185,7,0.1750,1.0000,8,7,5,0,0,7,5,0.2857
4,200.0000,38,23,540.6035,-84.0321,-0.1645,10,0.2500,1.0000,8,8,8,0,0,8,8,0.0000
4,200.0000,38,24,496.2681,-83.8723,0.2695,19,0.4750,0.7143,7,6,3,0,0,6,3,0.5000
4,200.0000,38,33,209.3018,-76.2864,0.4366,26,0.6500,0.7143,7,5,1,0,0,5,1,0.8000
4,200.0000,38,35,227.8258,-79.2290,0.6245,34,0.8500,0.4000,5,4,0,0,0,4,0,1.0000
4,200.0000,38,37,296.1999,-79.7003,-0.3884,26,0.6500,0.3333,6,6,4,0,0,6,4,0.3333
4,200.0000,38,42,741.4162,-86.2351,-0.8324,7,0.1750,0.8571,7,8,8,0,0,8,8,0.0000
4,200.0000,38,47,195.5994,-75.5434,0.1032,33,0.8250,0.0000,4,6,3,0,0,6,3,0.5000
4,200.0000,39,1,858.0940,-87.6256,-0.2821,9,0.2250,0.5000,2,8,7,0,0,8,7,0.1250
4,200.0000,39,5,427.6664,-81.7534,-1.1653,23,0.5750,0.6667,6,7,4,0,0,7,4,0.4286
4,200.0000,39,7,892.0515,-88.3275,-0.7433,3,0.0750,1.0000,6,4,4,0,0,4,4,0.0000
4,200.0000,39,8,783.2379,-86.8127,-0.1902,8,0.2000,1.0000,8,8,8,0,0,8,8,0.0000
4,200.0000,39,9,473.5022,-83.2641,-0.4775,23,0.5750,0.5000,6,7,5,0,0,7,5,0.2857
4,200.0000,39,12,582.1104,-85.0127,-0.7991,19,0.4750,1.0000,6,8,6,0,0,8,6,0.2500
4,200.0000,39,13,482.7680,-83.4980,0.6860,10,0.2500,1.0000,10,7,6,0,0,7,6,0.1429
4,200.0000,39,15,746.4400,-85.8253,-0.3731,5,0.1250,1.0000,8,7,6,0,0,7,6,0.1429
4,200.0000,39,18,842.7314,-87.8208,-0.3119,12,0.3000,1.0000,8,4,4,0,0,4,4,0.0000
4,200.0000,39,19,245.8348,-76.7961,-0.0985,30,0.7500,0.2000,5,6,2,0,0,6,2,0.6667
4,200.0000,39,20,811.2247,-87.7974,-0.2301,4,0.1000,1.0000,8,8,8,0,0,8,8,0.0000
4,200.0000,39,21,922.2474,-88.3081,0.1724,5,0.1250,1.0000,8,3,2,0,0,3,2,0.3333
4,200.0000,39,25,766.1765,-86.8390,-0.2650,14,0.3500,1.0000,9,8,7,0,0,8,7,0.1250
4,200.0000,39,26,261.3049,-75.9200,-0.2628,26,0.6500,0.2000,5,8,6,0,0,8,6,0.2500
4,200.0000,39,27,902.0064,-89.0797,-0.3556,4,0.1000,1.0000,2,6,6,0,0,6,6,0.0000
4,200.0000,39,28,381.8204,-81.3068,0.2477,24,0.6000,0.4000,5,6,3,0,0,6,3,0.5000
4,200.0000,39,29,502.2868,-82.9867,-0.4294,17,0.4250,0.8571,7,7,6,0,0,7,6,0.1429
4,200.0000,39,30,565.9303,-83.9831,0.1564,18,0.4500,0.8571,7,7,6,0,0,7,6,0.1429
4,200.0000,39,31,407.2590,-82.0136,-1.1436,12,0.3000,1.0000,8,8,6,0,0,8,6,0.2500
4,200.0000,39,32,683.6750,-85.9213,-0.3776,13,0.3250,1.0000,8,8,5,0,0,8,5,0.3750
4,200.0000,39,34,120.9481,-74.5861,1.4214,34,0.8500,0.4000,5,4,0,0,0,4,0,1.0000
4,200.0000,39,36,868.6163,-87.2691,-0.7525,8,0.2000,1.0000,6,4,4,0,0,4,4,0.0000
4,200.0000,39,40,375.5432,-81.1799,-0.2203,24,0.6000,0.8571,7,6,3,0,0,6,3,0.5000
4,200.0000,39,41,671.5071,-85.3873,-1.5665,7,0.1750,0.6667,6,8,8,0,0,8,8,0.0000
4,200.0000,39,43,690.8304,-85.3428,-0.6218,7,0.1750,0.8750,8,7,6,0,0,7,6,0.1429
4,200.0000,39,44,469.7489,-83.0411,-0.7315,26,0.6500,0.6667,6,6,4,0,0,6,4,0.3333
4,200.0000,39,45,986.6915,-88.2273,0.6876,5,0.1250,,0,6,6,0,0,6,6,0.0000
4,200.0000,39,46,459.8401,-83.5163,0.7738,12,0.3000,0.8750,8,7,6,0,0,7,6,0.1429
4,200.0000,40,0,661.7958,-86.2624,0.3122,10,0.2500,0.8571,7,6,4,0,0,6,4,0.3333
4,200.0000,40,1,624.9011,-84.8911,0.2071,15,0.3750,0.8571,7,8,8,0,0,8,8,0.0000
4,200.0000,40,5,562.0532,-84.5115,-0.0191,17,0.4250,0.8571,7,7,5,0,0,7,5,0.2857
4,200.0000,40,9,298.7912,-80.6567,0.7081,28,0.7000,1.0000,8,8,4,0,0,8,4,0.5000
4,200.0000,40,12,596.2523,-82.7383,-0.2106,17,0.4250,0.7143,7,7,6,0,0,7,6,0.1429
4,200.0000,40,18,639.0873,-85.6648,0.2739,17,0.4250,0.9508,61,7,6,10,9,17,15,0.1176
4,200.0000,40,19,353.8166,-79.3008,-0.4095,27,0.6750,0.7143,7,8,7,0,0,8,7,0.1250
4,200.0000,40,21,646.1351,-84.8627,0.5261,18,0.4500,0.6667,6,8,5,0,0,8,5,0.3750
4,200.0000,40,25,541.8727,-84.7766,0.3862,17,0.4250,0.8750,8,7,6,0,0,7,6,0.1429
4,200.0000,40,26,526.6247,-82.3595,-0.2213,10,0.2500,0.8333,6,10,9,0,0,10,9,0.1000
4,200.0000,40,27,610.4327,-86.6646,0.7198,14,0.3500,0.8571,7,7,6,127,109,134,115,0.1418
4,200.0000,40,28,591.5331,-84.9506,1.1287,8,0.2000,1.0000,8,6,6,0,0,6,6,0.0000
4,200.0000,40,29,694.2508,-85.4986,1.1195,9,0.2250,1.0000,6,8,8,0,0,8,8,0.0000
4,200.0000,40,30,688.8275,-86.3678,0.2468,8,0.2000,1.0000,8,8,8,0,0,8,8,0.0000
4,200.0000,40,31,718.7119,-86.0201,1.0405,4,0.1000,1.0000,8,8,8,0,0,8,8,0.0000
4,200.0000,40,32,450.8853,-83.7324,0.2903,23,0.5750,1.0000,8,7,5,0,0,7,5,0.2857
4,200.0000,40,34,335.9927,-79.2816,-0.1975,29,0.7250,0.5455,77,7,6,0,0,7,6,0.1429
4,200.0000,40,36,595.6838,-84.6521,0.3614,20,0.5000,0.8571,7,8,8,0,0,8,8,0.0000
4,200.0000,40,39,375.5432,-81.1783,-0.9535,16,0.4000,0.7500,8,6,3,0,0,6,3,0.5000
4,200.0000,40,43,946.9271,-87.4541,1.1812,3,0.0750,1.0000,8,4,4,0,0,4,4,0.0000
4,200.0000,40,44,401.2684,-81.0205,-0.6206,23,0.5750,0.5000,6,7,5,0,0,7,5,0.2857
4,200.0000,40,45,735.7165,-87.3526,0.3716,8,0.2000,1.0000,8,8,8,0,0,8,8,0.0000
4,200.0000,40,46,719.9349,-85.6702,0.1983,8,0.2000,0.8750,8,8,8,0,0,8,8,0.0000
4,200.0000,41,2,815.9493,-87.0132,0.1770,6,0.1500,1.0000,2,8,7,0,0,8,7,0.1250
4,200.0000,41,3,525.8929,-83.5521,-0.9408,17,0.4250,0.5714,7,7,6,0,0,7,6,0.1429
4,200.0000,41,4,602.9156,-85.2405,0.5256,12,0.3000,1.0000,8,7,6,0,0,7,6,0.1429
4,200.0000,41,5,834.6073,-87.5856,0.2669,6,0.1500,1.0000,8,6,6,0,0,6,6,0.0000
4,200.0000,41,6,931.7057,-87.3676,-0.2627,6,0.1500,0.8333,6,8,8,0,0,8,8,0.0000
4,200.0000,41,7,468.4348,-82.6324,0.7162,16,0.4000,0.7143,7,6,3,0,0,6,3,0.5000
4,200.0000,41,8,563.0671,-83.2508,-0.9881,16,0.4000,0.7143,7,10,10,0,0,10,10,0.0000
4,200.0000,41,9,1029.3594,-87.2995,-1.3897,4,0.1000,1.0000,4,6,6,0,0,6,6,0.0000
4,200.0000,41,10,303.3607,-78.4104,-0.4544,27,0.6750,0.8750,8,7,4,0,0,7,4,0.4286
4,200.0000,41,11,860.3829,-88.6290,0.1821,4,0.1000,1.0000,8,7,6,0,0,7,6,0.1429
4,200.0000,41,12,867.8789,-86.9156,-1.1554,7,0.1750,1.0000,6,8,8,0,0,8,8,0.0000
4,200.0000,41,13,352.9406,-80.4413,1.0360,17,0.4250,0.8750,8,8,8,0,0,8,8,0.0000
4,200.0000,41,14,976.2088,-87.5844,-1.3936,4,0.1000,1.0000,6,4,4,0,0,4,4,0.0000
4,200.0000,41,15,324.1575,-80.8749,0.0515,19,0.4750,0.7143,7,6,4,0,0,6,4,0.3333
4,200.0000,41,16,589.6109,-83.1906,-0.4545,13,0.3250,0.8571,7,4,4,0,0,4,4,0.0000
4,200.0000,41,19,816.0852,-86.4623,1.1566,7,0.1750,1.0000,8,4,4,0,0,4,4,0.0000
4,200.0000,41,20,154.8847,-73.1915,0.0633,35,0.8750,0.3333,6,4,0,0,0,4,0,1.0000
4,200.0000,41,22,434.8312,-82.6274,0.2670,17,0.4250,0.4000,5,8,6,5,4,13,10,0.2308
4,200.0000,41,23,405.0112,-80.7877,0.8838,23,0.5750,0.3333,6,8,7,0,0,8,7,0.1250
4,200.0000,41,26,463.8378,-83.5539,0.0883,15,0.3750,0.7143,7,8,8,0,0,8,8,0.0000
4,200.0000,41,28,617.8830,-85.3217,-0.5894,9,0.2250,1.0000,8,8,8,0,0,8,8,0.0000
4,200.0000,41,29,721.2013,-86.7043,-0.6523,9,0.2250,0.8750,8,8,8,0,0,8,8,0.0000
4,200.0000,41,30,690.5243,-85.5769,-0.5088,10,0.2500,1.0000,8,8,6,0,0,8,6,0.2500
4,200.0000,41,31,320.6006,-79.7714,-0.9529,22,0.5500,0.7143,7,6,4,0,0,6,4,0.3333
4,200.0000,41,33,536.0424,-84.5272,0.0184,15,0.3750,0.6667,6,8,7,0,0,8,7,0.1250
4,200.0000,41,34,787.8984,-86.0471,0.3411,5,0.1250,1.0000,8,8,8,0,0,8,8,0.0000
4,200.0000,41,35,906.7984,-86.5198,-0.8872,3,0.0750,1.0000,2,8,8,0,0,8,8,0.0000
4,200.0000,41,37,531.3429,-85.3344,0.6811,11,0.2750,0.8571,7,7,6,0,0,7,6,0.1429
4,200.0000,41,38,682.7213,-86.2044,0.0856,13,0.3250,1.0000,6,7,5,0,0,7,5,0.2857
4,200.0000,41,39,671.5071,-84.6767,-0.4077,11,0.2750,0.9062,64,8,8,6,4,14,12,0.1429
4,200.0000,41,42,854.5471,-88.5567,-0.1455,8,0.2000,1.0000,6,6,6,0,0,6,6,0.0000
4,200.0000,41,43,123.5267,-68.6047,-1.0240,33,0.8250,0.0000,4,5,1,0,0,5,1,0.8000
4,200.0000,41,44,947.0091,-87.9377,0.3197,5,0.1250,1.0000,6,4,4,0,0,4,4,0.0000
4,200.0000,41,46,490.8023,-83.6086,-0.5955,18,0.4500,0.7143,7,7,6,0,0,7,6,0.1429
4,200.0000,41,47,684.4292,-85.2960,0.1046,10,0.2500,0.8750,8,8,8,0,0,8,8,0.0000
4,200.0000,42,2,39.0479,-63.1928,3.0804,31,0.7750,0.0000,4,5,1,0,0,5,1,0.8000
4,200.0000,42,3,768.1172,-86.0278,-0.2720,6,0.1500,1.0000,8,8,8,0,0,8,8,0.0000
4,200.0000,42,4,611.5828,-85.6452,2.7844,5,0.1250,1.0000,8,10,10,0,0,10,10,0.0000
4,200.0000,42,6,811.0131,-87.7599,-2.4366,5,0.1250,1.0000,8,6,6,0,0,6,6,0.0000
4,200.0000,42,7,580.2222,-85.8637,1.1594,6,0.1500,1.0000,8,8,8,0,0,8,8,0.0000
4,200.0000,42,8,725.9519,-86.5996,-1.7971,4,0.1000,0.8571,7,8,8,0,0,8,8,0.0000
4,200.0000,42,10,722.1836,-86.9445,3.0277,3,0.0750,0.8571,7,8,8,0,0,8,8,0.0000
4,200.0000,42,14,650.7945,-85.7906,-0.3242,7,0.1750,0.8571,7,7,5,0,0,7,5,0.2857
4,200.0000,42,16,326.0511,-80.0288,0.6903,17,0.4250,0.7143,7,4,0,0,0,4,0,1.0000
4,200.0000,42,17,772.8548,-85.5593,-0.1951,5,0.1250,1.0000,8,8,8,0,0,8,8,0.0000
4,200.0000,42,22,505.4344,-83.8266,1.6730,8,0.2000,0.8571,7,7,6,0,0,7,6,0.1429
4,200.0000,42,24,494.3715,-83.3289,-0.6408,17,0.4250,0.8571,7,7,6,0,0,7,6,0.1429
4,200.0000,42,33,585.3130,-83.4132,-1.2276,9,0.2250,0.8750,8,8,8,0,0,8,8,0.0000
4,200.0000,42,38,741.4162,-87.8371,0.8789,5,0.1250,0.8750,8,8,8,0,0,8,8,0.0000
4,200.0000,42,41,854.5471,-87.5801,-0.0222,3,0.0750,0.8571,7,8,8,0,0,8,8,0.0000
4,200.0000,43,2,897.5197,-87.6504,-0.0422,6,0.1500,1.0000,6,8,8,0,0,8,8,0.0000
4,200.0000,43,3,520.2663,-84.3311,0.2838,18,0.4500,0.8571,7,8,7,0,0,8,7,0.1250
4,200.0000,43,4,606.0556,-85.8238,-0.0224,13,0.3250,1.0000,6,7,6,0,0,7,6,0.1429
4,200.0000,43,5,902.8864,-88.4842,-0.2202,7,0.1750,1.0000,8,6,6,0,0,6,6,0.0000
4,200.0000,43,6,956.4165,-88.9035,0.1284,5,0.1250,1.0000,4,4,4,0,0,4,4,0.0000
4,200.0000,43,7,588.3876,-84.0515,-0.1551,16,0.4000,0.8571,7,8,8,0,0,8,8,0.0000
4,200.0000,43,8,653.7622,-83.9787,-0.6676,13,0.3250,0.8750,8,8,6,0,0,8,6,0.2500
4,200.0000,43,9,1057.8635,-87.6243,0.5466,3,0.0750,0.9167,12,2,2,0,0,2,2,0.0000
4,200.0000,43,10,329.4590,-79.5426,0.7735,23,0.5750,0.2500,4,6,3,0,0,6,3,0.5000
4,200.0000,43,11,867.4657,-88.6412,1.0072,4,0.1000,1.0000,8,8,8,0,0,8,8,0.0000
4,200.0000,43,12,798.3695,-86.3981,-0.6171,6,0.1500,0.8750,8,8,8,0,0,8,8,0.0000
4,200.0000,43,13,315.3360,-79.3334,0.4699,25,0.6250,0.7500,8,7,5,0,0,7,5,0.2857
4,200.0000,43,14,1024.3101,-87.0870,-0.1705,5,0.1250,1.0000,4,4,4,0,0,4,4,0.0000
4,200.0000,43,15,294.4605,-79.7320,1.1691,31,0.7750,0.8571,7,7,5,0,0,7,5,0.2857
4,200.0000,43,16,691.7248,-85.7175,-0.6816,12,0.3000,0.7143,7,4,4,0,0,4,4,0.0000
4,200.0000,43,19,802.8797,-85.6511,0.7831,5,0.1250,1.0000,8,4,4,0,0,4,4,0.0000
4,200.0000,43,20,139.2122,-72.8018,0.4086,36,0.9000,0.1930,57,4,0,0,0,4,0,1.0000
4,200.0000,43,22,474.7007,-82.4860,0.3443,18,0.4500,0.5000,4,7,6,0,0,7,6,0.1429
4,200.0000,43,23,322.8545,-80.5017,0.1200,30,0.7500,0.4000,5,6,3,0,0,6,3,0.5000
4,200.0000,43,26,503.0281,-82.8525,-0.6905,11,0.2750,0.6667,6,7,6,0,0,7,6,0.1429
4,200.0000,43,28,575.1077,-84.2611,-0.5301,15,0.3750,1.0000,8,7,6,0,0,7,6,0.1429
4,200.0000,43,29,806.3327,-87.8794,-0.6153,6,0.1500,0.8571,7,6,5,0,0,6,5,0.1667
4,200.0000,43,30,612.8210,-84.9022,-0.0367,14,0.3500,0.8571,7,8,8,0,0,8,8,0.0000
4,200.0000,43,31,320.7970,-79.5735,0.0792,25,0.6250,0.7500,8,7,6,0,0,7,6,0.1429
4,200.0000,43,33,568.0400,-84.3031,0.1608,15,0.3750,0.8750,8,8,7,0,0,8,7,0.1250
4,200.0000,43,34,811.0440,-88.2669,-0.0186,5,0.1250,1.0000,8,8,7,0,0,8,7,0.1250
4,200.0000,43,35,919.9372,-88.2205,0.4608,5,0.1250,1.0000,8,8,7,0,0,8,7,0.1250
4,200.0000,43,37,518.3364,-84.7609,-0.3600,22,0.5500,0.5714,7,7,6,0,0,7,6,0.1429
4,200.0000,43,38,695.3042,-86.3642,-0.0807,13,0.3250,0.8571,7,8,8,0,0,8,8,0.0000
4,200.0000,43,39,690.8304,-86.8369,0.1120,9,0.2250,0.8571,7,8,8,0,0,8,8,0.0000
4,200.0000,43,40,946.9271,-87.9845,-0.7479,3,0.0750,0.8571,7,6,6,0,0,6,6,0.0000
4,200.0000,43,41,123.5267,-67.9979,-1.1471,38,0.9500,0.2000,5,6,2,0,0,6,2,0.6667
4,200.0000,43,42,935.3072,-87.5676,-0.1883,8,0.2000,1.0000,6,6,6,0,0,6,6,0.0000
4,200.0000,43,44,904.4408,-87.8880,0.5185,5,0.1250,0.8750,8,3,2,0,0,3,2,0.3333
4,200.0000,43,46,443.4786,-83.3385,-0.5140,17,0.4250,0.8750,8,7,6,0,0,7,6,0.1429
4,200.0000,43,47,672.5902,-86.3407,0.3338,9,0.2250,1.0000,8,8,8,0,0,8,8,0.0000
4,200.0000,44,0,551.7081,-84.9328,0.6709,18,0.4500,0.4000,5,6,4,0,0,6,4,0.3333
4,200.0000,44,1,902.1747,-88.4983,0.0741,6,0.1500,1.0000,8,8,8,0,0,8,8,0.0000
4,200.0000,44,5,851.8273,-86.9698,-0.0080,9,0.2250,0.8750,8,8,8,0,0,8,8,0.0000
4,200.0000,44,9,686.8685,-84.8184,0.1954,7,0.1750,1.0000,8,7,6,0,0,7,6,0.1429
4,200.0000,44,12,245.0840,-74.5335,-0.9698,37,0.9250,0.0000,4,5,2,0,0,5,2,0.6000
4,200.0000,44,13,651.9926,-85.5436,-0.6866,9,0.2250,0.8571,7,8,8,0,0,8,8,0.0000
4,200.0000,44,15,930.6207,-88.1130,0.8453,4,0.1000,1.0000,6,4,4,0,0,4,4,0.0000
4,200.0000,44,18,766.2586,-86.7325,-0.3731,11,0.2750,0.8571,7,8,7,0,0,8,7,0.1250
4,200.0000,44,19,247.6506,-78.3460,0.0605,29,0.7250,0.4000,5,5,1,0,0,5,1,0.8000
4,200.0000,44,21,527.6841,-83.9480,0.5124,23,0.5750,0.8571,7,4,0,0,0,4,0,1.0000
4,200.0000,44,25,864.5808,-87.9939,-0.9063,5,0.1250,1.0000,8,8,8,0,0,8,8,0.0000
4,200.0000,44,26,652.8488,-83.3071,-0.5709,11,0.2750,0.8750,8,8,7,0,0,8,7,0.1250
4,200.0000,44,27,870.9846,-88.0515,0.1295,6,0.1500,1.0000,2,6,6,0,0,6,6,0.0000
4,200.0000,44,28,380.1475,-80.4431,-0.1019,17,0.4250,1.0000,8,4,0,0,0,4,0,1.0000
4,200.0000,44,29,953.1502,-88.2395,0.1977,3,0.0750,1.0000,8,8,8,0,0,8,8,0.0000
4,200.0000,44,30,407.0191,-81.8698,-0.4800,21,0.5250,0.7143,7,8,7,0,0,8,7,0.1250
4,200.0000,44,31,661.3118,-85.2011,-1.4977,7,0.1750,0.8571,7,8,7,0,0,8,7,0.1250
4,200.0000,44,32,724.3792,-86.3669,0.4940,9,0.2250,0.8571,7,8,7,0,0,8,7,0.1250
4,200.0000,44,34,477.1841,-82.4059,0.5286,17,0.4250,0.7500,8,7,4,0,0,7,4,0.4286
4,200.0000,44,36,676.9043,-86.3427,-0.6000,10,0.2500,1.0000,8,7,5,0,0,7,5,0.2857
4,200.0000,44,39,469.7489,-81.3090,-0.6645,13,0.3250,0.6667,6,8,8,0,0,8,8,0.0000
4,200.0000,44,40,401.2684,-79.5625,-0.2291,20,0.5000,0.5000,6,7,6,0,0,7,6,0.1429
4,200.0000,44,41,947.0091,-86.5290,-0.4069,3,0.0750,1.0000,8,6,6,0,0,6,6,0.0000
4,200.0000,44,43,904.4408,-89.2517,0.6535,3,0.0750,0.8750,8,8,8,0,0,8,8,0.0000
4,200.0000,44,45,570.0607,-85.3878,0.3850,15,0.3750,0.6667,6,6,3,0,0,6,3,0.5000
4,200.0000,44,46,540.9671,-85.1987,-0.7371,10,0.2500,1.0000,8,8,7,0,0,8,7,0.1250
4,200.0000,45,0,164.7713,-72.1486,-0.8096,36,0.9000,0.0000,4,5,1,0,0,5,1,0.8000
4,200.0000,45,1,922.0002,-87.4448,-0.3665,5,0.1250,1.0000,8,8,8,0,0,8,8,0.0000
4,200.0000,45,12,698.0593,-85.5774,0.7687,4,0.1000,1.0000,8,8,8,0,0,8,8,0.0000
4,200.0000,45,18,718.5886,-86.4110,-0.4035,11,0.2750,0.7143,7,7,6,0,0,7,6,0.1429
4,200.0000,45,21,110.5871,-73.5424,1.7387,35,0.8750,0.3333,6,4,0,0,0,4,0,1.0000
4,200.0000,45,27,812.5148,-87.7068,0.2502,5,0.1250,1.0000,8,7,6,0,0,7,6,0.1429
4,200.0000,45,36,505.7861,-84.4332,0.8015,16,0.4000,0.8750,8,7,5,0,0,7,5,0.2857
4,200.0000,45,40,735.7165,-86.1673,0.1624,5,0.1250,1.0000,8,8,8,0,0,8,8,0.0000
4,200.0000,45,44,570.0607,-85.0049,0.8439,7,0.1750,1.0000,8,8,8,0,0,8,8,0.0000
4,200.0000,46,3,879.9087,-86.9304,-0.7080,4,0.1000,0.8571,7,5,4,0,0,5,4,0.2000
4,200.0000,46,4,1027.3273,-87.1984,-0.9707,3,0.0750,1.0000,2,4,4,0,0,4,4,0.0000
4,200.0000,46,5,840.2851,-87.7865,0.1739,6,0.1500,1.0000,6,8,8,0,0,8,8,0.0000
4,200.0000,46,7,873.0297,-87.4258,-0.7626,4,0.1000,0.6667,3,7,7,0,0,7,7,0.0000
4,200.0000,46,8,917.4965,-87.6488,-0.7721,4,0.1000,1.0000,4,4,4,0,0,4,4,0.0000
4,200.0000,46,9,908.2111,-87.6589,0.2397,6,0.1500,1.0000,6,2,2,0,0,2,2,0.0000
4,200.0000,46,10,713.5443,-86.1015,-1.0044,5,0.1250,1.0000,10,7,6,0,0,7,6,0.1429
4,200.0000,46,12,438.3473,-83.5077,0.4022,19,0.4750,0.7143,7,8,6,0,0,8,6,0.2500
4,200.0000,46,13,139.5452,-68.1372,-2.1527,34,0.8500,0.0000,4,5,1,0,0,5,1,0.8000
4,200.0000,46,15,390.9149,-81.9717,0.2612,12,0.3000,0.8571,7,7,5,0,0,7,5,0.2857
4,200.0000,46,19,451.2977,-83.6613,0.0106,16,0.4000,0.8571,7,7,5,0,0,7,5,0.2857
4,200.0000,46,20,563.6087,-85.0435,-1.0813,7,0.1750,0.8750,8,8,7,0,0,8,7,0.1250
4,200.0000,46,22,914.1551,-87.2394,0.2764,4,0.1000,0.8333,6,8,8,0,0,8,8,0.0000
4,200.0000,46,23,676.0022,-86.5192,-0.5680,7,0.1750,1.0000,8,8,8,0,0,8,8,0.0000
4,200.0000,46,26,466.8423,-82.3809,0.1996,18,0.4500,0.5714,7,8,8,0,0,8,8,0.0000
4,200.0000,46,28,162.9699,-74.5464,0.7030,36,0.9000,0.0000,4,5,1,0,0,5,1,0.8000
4,200.0000,46,29,835.1698,-88.5367,-1.3543,3,0.0750,1.0000,4,7,6,0,0,7,6,0.1429
4,200.0000,46,30,264.7744,-77.8756,-0.0124,34,0.8500,0.7143,7,6,2,0,0,6,2,0.6667
4,200.0000,46,31,217.7897,-74.7088,-0.4112,26,0.6500,0.2000,5,6,3,0,0,6,3,0.5000
4,200.0000,46,33,960.0463,-87.3870,-0.2297,3,0.0750,0.8571,7,6,6,0,0,6,6,0.0000
4,200.0000,46,34,563.5169,-85.5829,0.0433,12,0.3000,0.6667,6,7,5,0,0,7,5,0.2857
4,200.0000,46,37,782.4587,-86.3010,-1.1367,6,0.1500,0.8571,7,8,8,0,0,8,8,0.0000
4,200.0000,46,39,459.8401,-84.6438,0.2622,15,0.3750,0.8889,9,8,5,0,0,8,5,0.3750
4,200.0000,46,40,719.9349,-87.2045,0.1706,8,0.2000,0.7143,7,5,4,0,0,5,4,0.2000
4,200.0000,46,41,490.8023,-83.2343,0.1866,12,0.3000,0.8750,8,8,8,0,0,8,8,0.0000
4,200.0000,46,43,443.4786,-81.9511,-0.3204,13,0.3250,0.0000,4,7,6,0,0,7,6,0.1429
4,200.0000,46,44,540.9671,-85.0070,-0.0739,15,0.3750,0.8750,8,8,7,0,0,8,7,0.1250
4,200.0000,46,47,957.1067,-87.0035,-0.5725,4,0.1000,1.0000,4,8,8,0,0,8,8,0.0000
4,200.0000,47,2,897.1114,-88.3280,-0.1356,9,0.2250,0.8333,6,7,6,0,0,7,6,0.1429
4,200.0000,47,3,217.6246,-76.9047,0.4884,34,0.8500,0.4000,5,5,1,0,0,5,1,0.8000
4,200.0000,47,4,440.6032,-82.7047,-0.2030,26,0.6500,0.6667,6,7,6,0,0,7,6,0.1429
4,200.0000,47,6,375.4446,-82.4308,0.5172,29,0.7250,0.5000,6,5,2,0,0,5,2,0.6000
4,200.0000,47,7,805.4336,-88.1508,1.8247,6,0.1500,1.0000,8,8,8,0,0,8,8,0.0000
4,200.0000,47,10,407.9370,-81.4698,-0.0894,19,0.4750,1.0000,8,9,8,0,0,9,8,0.1111
4,200.0000,47,11,253.2256,-80.4008,1.1713,36,0.9000,0.4286,7,6,3,0,0,6,3,0.5000
4,200.0000,47,13,854.1197,-88.3703,-0.0578,7,0.1750,1.0000,6,8,8,0,0,8,8,0.0000
4,200.0000,47,14,560.3116,-85.3355,0.0009,25,0.6250,0.5000,6,7,4,0,0,7,4,0.4286
4,200.0000,47,15,574.8968,-83.6068,-0.1040,19,0.4750,1.0000,8,8,8,0,0,8,8,0.0000
4,200.0000,47,16,852.4930,-86.7887,-1.0792,13,0.3250,0.8571,7,4,4,0,0,4,4,0.0000
4,200.0000,47,17,476.5761,-84.4200,0.5135,23,0.5750,1.0000,6,5,2,0,0,5,2,0.6000
4,200.0000,47,20,558.7765,-83.8420,-0.8916,11,0.2750,0.8750,8,8,8,0,0,8,8,0.0000
4,200.0000,47,22,640.2814,-85.6646,-0.5002,10,0.2500,0.8750,8,7,6,0,0,7,6,0.1429
4,200.0000,47,23,500.6481,-83.7821,-0.1200,17,0.4250,0.8571,7,8,8,0,0,8,8,0.0000
4,200.0000,47,24,678.7419,-86.5235,0.5973,14,0.3500,0.8571,7,6,5,0,0,6,5,0.1667
4,200.0000,47,26,1133.9847,-88.6670,-0.5139,3,0.0750,1.0000,4,2,2,0,0,2,2,0.0000
4,200.0000,47,31,895.1745,-87.9882,-1.5936,5,0.1250,1.0000,6,8,8,0,0,8,8,0.0000
4,200.0000,47,33,351.7167,-81.0849,1.0942,22,0.5500,0.7143,7,6,2,3,2,9,4,0.5556
4,200.0000,47,35,311.5692,-80.0539,0.4539,36,0.9000,0.3333,6,5,1,0,0,5,1,0.8000
4,200.0000,47,37,178.1336,-72.5487,-1.1230,36,0.9000,0.0000,4,7,3,0,0,7,3,0.5714
4,200.0000,47,38,195.5994,-76.1471,0.6752,34,0.8500,0.5000,6,5,1,0,0,5,1,0.8000
4,200.0000,47,41,684.4292,-85.6021,-1.2775,10,0.2500,0.8000,5,8,8,0,0,8,8,0.0000
4,200.0000,47,42,923.2602,-88.0947,-0.6163,4,0.1000,1.0000,4,4,4,0,0,4,4,0.0000
4,200.0000,47,43,672.5902,-85.5125,-0.3376,12,0.3000,0.8750,8,8,8,0,0,8,8,0.0000
4,204.0000,0,1,721.3781,-86.0188,-0.0467,12,0.3000,1.0000,8,8,8,0,0,8,8,0.0000
4,204.0000,0,9,756.5062,-87.2695,0.4958,5,0.1250,1.0000,8,8,8,0,0,8,8,0.0000
4,204.0000,0,12,791.5716,-86.5244,-0.9972,4,0.1000,1.0000,8,8,8,0,0,8,8,0.0000
4,204.0000,0,18,542.3840,-85.2670,0.1015,16,0.4000,0.7143,7,7,5,0,0,7,5,0.2857
4,204.0000,0,19,648.7119,-85.6840,-0.6320,6,0.1500,1.0000,8,7,6,0,0,7,6,0.1429
4,204.0000,0,21,197.5022,-73.4915,-0.4596,34,0.8500,0.2000,5,4,0,0,0,4,0,1.0000
4,204.0000,0,25,670.2010,-87.0248,1.5251,5,0.1250,0.6667,6,8,6,0,0,8,6,0.2500
4,204.0000,0,27,554.5390,-85.4607,0.4792,12,0.3000,0.8571,7,7,4,0,0,7,4,0.4286
4,204.0000,0,32,468.2730,-84.0256,0.6652,17,0.4250,0.8571,7,7,5,0,0,7,5,0.2857
4,204.0000,0,36,233.6964,-78.5316,0.8899,29,0.7250,0.4000,5,4,0,0,0,4,0,1.0000
4,204.0000,0,40,556.8126,-85.4952,-0.0526,10,0.2500,1.0000,8,7,6,0,0,7,6,0.1429
4,204.0000,0,44,446.5426,-83.6772,0.0608,12,0.3000,0.8571,7,7,5,0,0,7,5,0.2857
4,204.0000,0,45,244.5306,-75.3012,-1.4784,35,0.8750,0.4000,5,5,1,0,0,5,1,0.8000
4,204.0000,1,0,721.3781,-87.3613,0.4269,13,0.3250,0.8750,8,7,6,0,0,7,6,0.1429
4,204.0000,1,5,924.9191,-87.0202,-0.9155,5,0.1250,1.0000,8,6,6,0,0,6,6,0.0000
4,204.0000,1,9,472.5017,-82.0215,0.2389,18,0.4500,0.7500,8,7,4,0,0,7,4,0.4286
4,204.0000,1,18,325.2368,-80.3300,-0.0998,33,0.8250,0.2000,5,5,1,0,0,5,1,0.8000
4,204.0000,1,19,961.8989,-87.6919,-0.6887,4,0.1000,1.0000,8,8,8,0,0,8,8,0.0000
4,204.0000,1,21,888.5682,-88.1139,-0.2806,5,0.1250,1.0000,8,8,8,0,0,8,8,0.0000
4,204.0000,1,25,130.5156,-71.9465,0.1528,35,0.8750,0.0000,4,4,0,0,0,4,0,1.0000
4,204.0000,1,27,208.7287,-74.5383,-0.3797,38,0.9500,0.2000,5,5,2,0,0,5,2,0.6000
4,204.0000,1,29,1099.4948,-88.3500,1.1623,3,0.0750,1.0000,4,4,4,0,0,4,4,0.0000
4,204.0000,1,32,298.0990,-77.5695,-0.9642,36,0.9000,0.2000,5,6,4,0,0,6,4,0.3333
4,204.0000,1,34,901.9139,-87.2190,-0.9889,5,0.1250,1.0000,6,8,8,0,0,8,8,0.0000
4,204.0000,1,36,570.5680,-84.0983,-0.1812,25,0.6250,0.4000,5,8,7,0,0,8,7,0.1250
4,204.0000,1,40,605.3300,-86.3161,-0.0439,11,0.2750,1.0000,8,8,8,0,0,8,8,0.0000
4,204.0000,1,44,925.7544,-86.9330,-1.5295,3,0.0750,1.0000,8,6,6,0,0,6,6,0.0000
4,204.0000,1,45,952.7291,-87.4101,-0.3387,3,0.0750,0.8750,8,8,8,0,0,8,8,0.0000
4,204.0000,2,3,665.8997,-86.1273,1.4497,6,0.1538,0.8750,8,6,6,0,0,6,6,0.0000
4,204.0000,2,4,444.9776,-82.8636,0.3822,14,0.3590,0.8571,7,6,3,0,0,6,3,0.5000
4,204.0000,2,6,773.6920,-86.7651,0.1882,8,0.2051,1.0000,8,8,8,0,0,8,8,0.0000
4,204.0000,2,7,484.0789,-83.9046,-0.2727,13,0.3333,1.0000,8,8,8,0,0,8,8,0.0000
4,204.0000,2,8,693.8581,-86.5381,-0.2283,9,0.2308,1.0000,8,8,7,0,0,8,7,0.1250
4,204.0000,2,10,511.2738,-85.2067,0.8114,8,0.2051,0.8750,8,5,2,0,0,5,2,0.6000
4,204.0000,2,11,666.0805,-86.8431,0.4102,8,0.2051,1.0000,8,7,6,0,0,7,6,0.1429
4,204.0000,2,14,498.6268,-84.1608,0.0930,10,0.2564,0.8571,7,7,6,0,0,7,6,0.1429
4,204.0000,2,16,249.0499,-77.6657,0.8170,31,0.7949,0.4000,5,5,1,0,0,5,1,0.8000
4,204.0000,2,17,590.6404,-86.1309,0.3678,6,0.1538,1.0000,10,8,7,0,0,8,7,0.1250
4,204.0000,2,20,741.5220,-87.5560,1.8420,4,0.1026,1.0000,8,8,8,0,0,8,8,0.0000
4,204.0000,2,22,420.4011,-83.1222,0.2657,13,0.3333,0.8750,8,7,5,0,0,7,5,0.2857
4,204.0000,2,23,815.4025,-86.8050,-0.3163,5,0.1282,1.0000,8,9,8,0,0,9,8,0.1111
4,204.0000,2,24,416.4544,-81.8754,-0.1231,17,0.4359,1.0000,8,7,4,0,0,7,4,0.4286
4,204.0000,2,31,1016.0259,-88.9440,-0.3789,3,0.0769,1.0000,8,7,6,0,0,7,6,0.1429
4,204.0000,2,33,515.7998,-84.1505,-0.5582,10,0.2564,0.8750,8,6,4,0,0,6,4,0.3333
4,204.0000,2,35,623.4643,-85.9814,0.8221,7,0.1795,0.8571,7,8,7,0,0,8,7,0.1250
4,204.0000,2,37,694.8604,-87.6982,-0.0928,5,0.1282,1.0000,8,8,8,0,0,8,8,0.0000
4,204.0000,2,38,636.5843,-85.4761,-0.3231,5,0.1282,0.9859,71,7,5,0,0,7,5,0.2857
4,204.0000,2,41,723.8830,-86.6561,-0.4792,4,0.1026,1.0000,8,8,7,0,0,8,7,0.1250
4,204.0000,2,42,144.6417,-66.6598,-3.1921,35,0.8974,0.4000,5,4,0,0,0,4,0,1.0000
4,204.0000,2,43,825.5931,-86.9483,-1.4018,3,0.0769,1.0000,8,8,8,0,0,8,8,0.0000
4,204.0000,2,47,812.5421,-86.5226,2.7920,4,0.1026,1.0000,8,6,6,0,0,6,6,0.0000
4,204.0000,3,2,665.8997,-85.4492,-0.0392,13,0.3250,1.0000,8,7,6,0,0,7,6,0.1429
4,204.0000,3,4,314.0562,-78.3122,-0.5262,30,0.7500,0.0000,4,6,4,0,0,6,4,0.3333
4,204.0000,3,6,417.5053,-82.3688,-0.1436,26,0.6500,0.4000,5,6,4,0,0,6,4,0.3333
4,204.0000,3,7,651.2310,-85.7938,-1.0499,8,0.2000,1.0000,8,7,6,0,0,7,6,0.1429
4,204.0000,3,10,288.6468,-77.4827,-0.3593,27,0.6750,0.7143,7,7,4,0,0,7,4,0.4286
4,204.0000,3,11,259.6064,-79.2858,0.6751,35,0.8750,0.8750,8,7,3,0,0,7,3,0.5714
4,204.0000,3,13,862.7804,-88.0895,-0.0214,5,0.1250,1.0000,6,8,7,0,0,8,7,0.1250
4,204.0000,3,14,545.3018,-84.5494,0.0133,19,0.4750,0.8750,8,7,6,0,0,7,6,0.1429
4,204.0000,3,15,672.6897,-84.8262,-0.1017,9,0.2250,0.8750,8,6,3,0,0,6,3,0.5000
4,204.0000,3,16,808.3197,-86.5945,-1.2831,7,0.1750,1.0000,4,8,8,0,0,8,8,0.0000
4,204.0000,3,17,382.7192,-81.6176,0.4225,28,0.7000,0.5000,6,5,2,0,0,5,2,0.6000
4,204.0000,3,20,446.5253,-81.7743,-0.9790,14,0.3500,1.0000,8,6,4,0,0,6,4,0.3333
4,204.0000,3,22,414.4632,-82.2281,-0.1893,21,0.5250,0.7500,8,6,4,0,0,6,4,0.3333
4,204.0000,3,23,350.0866,-79.5419,0.1214,22,0.5500,0.8571,7,6,3,0,0,6,3,0.5000
4,204.0000,3,24,542.2626,-85.7953,-0.0911,18,0.4500,0.6667,6,6,3,0,0,6,3,0.5000
4,204.0000,3,33,156.1020,-74.0001,0.6713,34,0.8500,0.0455,22,4,0,0,0,4,0,1.0000
4,204.0000,3,35,333.4055,-80.4892,-0.3120,30,0.7500,0.3333,6,6,2,0,0,6,2,0.6667
4,204.0000,3,37,197.2669,-74.7448,0.0725,31,0.7750,0.4000,5,6,2,0,0,6,2,0.6667
4,204.0000,3,38,195.6843,-75.1327,-0.0864,34,0.8500,0.5000,6,5,1,0,0,5,1,0.8000
4,204.0000,3,41,553.8567,-84.0557,-0.0866,7,0.1750,0.8571,7,6,4,0,0,6,4,0.3333
4,204.0000,3,42,805.9766,-86.6353,-0.0362,7,0.1750,0.8571,7,8,7,0,0,8,7,0.1250
4,204.0000,3,43,517.9100,-82.9645,0.2380,10,0.2500,0.8571,7,6,3,0,0,6,3,0.5000
4,204.0000,3,46,1049.1108,-88.0223,3.2459,3,0.0750,1.0000,8,2,2,0,0,2,2,0.0000
4,204.0000,3,47,213.1195,-76.0408,0.0309,35,0.8750,0.2000,5,4,0,0,0,4,0,1.0000
4,204.0000,4,2,444.9776,-83.3688,0.7528,27,0.6750,0.4000,5,7,4,0,0,7,4,0.4286
4,204.0000,4,3,314.0562,-79.2264,-0.6908,30,0.7500,0.5000,6,6,3,0,0,6,3,0.5000
4,204.0000,4,6,624.9148,-84.8395,0.3350,18,0.4500,0.8571,7,5,2,0,0,5,2,0.6000
4,204.0000,4,7,564.6832,-85.5001,-0.4348,9,0.2250,0.7143,7,6,3,0,0,6,3,0.5000
4,204.0000,4,8,744.2198,-86.6942,-0.8216,4,0.1000,0.8750,8,8,8,0,0,8,8,0.0000
4,204.0000,4,10,262.3746,-80.1906,0.9474,25,0.6250,0.6667,6,5,2,0,0,5,2,0.6000
4,204.0000,4,11,465.2368,-82.6211,0.0737,27,0.6750,0.8571,7,7,6,0,0,7,6,0.1429
4,204.0000,4,13,860.1749,-87.8329,-0.2011,7,0.1750,1.0000,8,6,6,0,0,6,6,0.0000
4,204.0000,4,14,581.0753,-84.3171,0.0482,17,0.4250,0.5714,7,7,5,0,0,7,5,0.2857
4,204.0000,4,15,752.0378,-86.9140,-0.2461,7,0.1750,0.8750,8,8,8,0,0,8,8,0.0000
4,204.0000,4,16,601.7878,-85.9545,0.6434,9,0.2250,0.8571,7,6,4,0,0,6,4,0.3333
4,204.0000,4,17,377.5944,-81.2682,-0.0262,31,0.7750,0.6667,6,7,5,0,0,7,5,0.2857
4,204.0000,4,20,428.6059,-83.1933,0.5344,16,0.4000,0.7143,7,7,5,0,0,7,5,0.2857
4,204.0000,4,22,140.9778,-75.8113,1.8564,35,0.8750,0.2000,5,6,1,0,0,6,1,0.8333
4,204.0000,4,23,390.6959,-82.9852,-0.2495,23,0.5750,0.5714,7,7,6,0,0,7,6,0.1429
4,204.0000,4,24,532.3516,-84.5208,-0.1728,18,0.4500,1.0000,8,7,5,0,0,7,5,0.2857
4,204.0000,4,33,235.8010,-75.6045,-0.2616,32,0.8000,0.2778,18,7,6,0,0,7,6,0.1429
4,204.0000,4,35,490.4234,-83.7203,0.2892,27,0.6750,0.7143,7,7,5,0,0,7,5,0.2857
4,204.0000,4,37,419.3001,-82.5108,0.4463,22,0.5500,1.0000,8,7,5,0,0,7,5,0.2857
4,204.0000,4,38,403.3843,-80.7513,-0.8355,26,0.6500,0.8571,7,6,3,0,0,6,3,0.5000
4,204.0000,4,41,499.9519,-83.4468,-0.0514,13,0.3250,0.6667,6,5,2,0,0,5,2,0.6000
4,204.0000,4,42,574.6094,-84.7105,-0.0147,21,0.5250,0.8571,7,6,4,0,0,6,4,0.3333
4,204.0000,4,43,511.6516,-83.9753,0.4756,12,0.3000,0.8750,8,7,6,0,0,7,6,0.1429
4,204.0000,4,47,517.5613,-83.0293,0.7339,24,0.6000,0.6667,6,7,6,0,0,7,6,0.1429
4,204.0000,5,1,924.9191,-87.2486,0.2405,10,0.2500,1.0000,8,6,6,0,0,6,6,0.0000
4,204.0000,5,7,854.8248,-88.7609,0.2506,4,0.1000,0.8000,5,7,6,0,0,7,6,0.1429
4,204.0000,5,8,573.9805,-85.0860,0.0717,9,0.2250,1.0000,8,7,6,0,0,7,6,0.1429
4,204.0000,5,9,532.4105,-83.1840,-0.4790,20,0.5000,0.4000,5,8,8,0,0,8,8,0.0000
4,204.0000,5,12,979.6949,-87.6398,-1.4524,4,0.1000,1.0000,6,2,2,0,0,2,2,0.0000
4,204.0000,5,13,744.0410,-87.3092,0.4423,5,0.1250,1.0000,8,8,8,0,0,8,8,0.0000
4,204.0000,5,15,953.4303,-88.2382,-0.7331,3,0.0750,1.0000,8,8,8,0,0,8,8,0.0000
4,204.0000,5,19,800.3385,-87.2110,-0.0813,7,0.1750,1.0000,8,8,7,0,0,8,7,0.1250
4,204.0000,5,25,820.5049,-85.6151,-0.6536,10,0.2500,0.8750,8,8,8,0,0,8,8,0.0000
4,204.0000,5,26,382.9659,-82.9716,-0.0777,16,0.4000,1.0000,8,4,0,0,0,4,0,1.0000
4,204.0000,5,27,890.4581,-88.5488,0.2647,6,0.1500,1.0000,6,7,6,0,0,7,6,0.1429
4,204.0000,5,28,810.6454,-87.5320,-0.7369,4,0.1000,1.0000,6,8,8,0,0,8,8,0.0000
4,204.0000,5,29,182.9934,-74.7910,-0.0033,35,0.8750,0.0000,4,4,0,0,0,4,0,1.0000
4,204.0000,5,31,652.3670,-87.0430,-0.0213,7,0.1750,0.8750,8,8,8,0,0,8,8,0.0000
4,204.0000,5,32,858.2253,-87.5221,-0.6618,10,0.2500,1.0000,8,8,8,0,0,8,8,0.0000
4,204.0000,5,34,461.2704,-83.0913,-0.3815,16,0.4000,0.7143,7,7,5,0,0,7,5,0.2857
4,204.0000,5,39,524.8280,-84.2802,0.3414,13,0.3250,0.8750,8,7,5,0,0,7,5,0.2857
4,204.0000,5,40,652.1915,-85.6959,-0.0528,14,0.3500,0.8571,7,8,8,0,0,8,8,0.0000
4,204.0000,5,41,864.9630,-87.4441,-1.6020,3,0.0750,1.0000,6,10,10,0,0,10,10,0.0000
4,204.0000,5,44,964.3697,-87.8440,-1.0917,6,0.1500,1.0000,8,4,4,0,0,4,4,0.0000
4,204.0000,5,46,786.5690,-87.0569,-0.5559,8,0.2000,1.0000,6,8,8,0,0,8,8,0.0000
4,204.0000,6,2,773.6920,-87.7546,0.9387,8,0.2000,1.0000,8,8,8,0,0,8,8,0.0000
4,204.0000,6,3,417.5053,-82.4124,-0.4010,14,0.3500,0.8750,8,6,4,0,0,6,4,0.3333
4,204.0000,6,4,624.9148,-84.8306,-0.6297,10,0.2500,0.8000,5,10,9,0,0,10,9,0.1000
4,204.0000,6,7,835.4782,-87.0391,1.0966,4,0.1000,1.0000,8,8,8,0,0,8,8,0.0000
4,204.0000,6,10,604.8680,-85.7699,-0.0834,10,0.2500,0.7143,7,8,7,0,0,8,7,0.1250
4,204.0000,6,11,166.5499,-73.7290,-0.0332,35,0.8750,0.2000,5,5,2,0,0,5,2,0.6000
4,204.0000,6,14,363.7415,-78.9144,-0.8731,33,0.8250,0.4000,5,5,2,0,0,5,2,0.6000
4,204.0000,6,16,939.6328,-87.7005,-0.2152,7,0.1750,0.8000,5,8,8,0,0,8,8,0.0000
4,204.0000,6,17,424.7717,-82.1544,0.4847,27,0.6750,0.4286,7,5,1,0,0,5,1,0.8000
4,204.0000,6,20,836.0531,-87.6605,3.9981,3,0.0750,1.0000,8,8,7,0,0,8,7,0.1250
4,204.0000,6,22,738.5226,-88.0549,0.5234,7,0.1750,0.8750,8,8,8,0,0,8,8,0.0000
4,204.0000,6,23,764.0700,-87.6098,0.1390,3,0.0750,0.8571,7,8,8,0,0,8,8,0.0000
4,204.0000,6,24,419.8309,-81.9040,-0.0064,27,0.6750,0.5000,6,6,3,0,0,6,3,0.5000
4,204.0000,6,33,427.9611,-82.5149,0.1095,15,0.3750,0.8750,8,8,8,0,0,8,8,0.0000
4,204.0000,6,35,155.0032,-69.9009,-1.8588,33,0.8250,0.0000,4,4,0,0,0,4,0,1.0000
4,204.0000,6,37,462.6643,-83.5312,-0.1450,13,0.3250,1.0000,8,6,4,0,0,6,4,0.3333
4,204.0000,6,38,234.2215,-78.2698,0.1522,28,0.7000,0.5000,6,5,1,0,0,5,1,0.8000
4,204.0000,6,41,912.3595,-89.3608,-0.4096,3,0.0750,1.0000,8,7,6,0,0,7,6,0.1429
4,204.0000,6,42,907.0705,-88.9118,0.5340,3,0.0750,1.0000,8,8,8,0,0,8,8,0.0000
4,204.0000,6,47,292.9066,-80.1564,0.7156,20,0.5000,0.7500,8,4,1,0,0,4,1,0.7500
4,204.0000,7,2,484.0789,-83.6959,0.2433,18,0.4615,0.8750,8,8,8,0,0,8,8,0.0000
4,204.0000,7,3,651.2310,-85.8604,0.2757,12,0.3077,0.8571,7,8,8,0,0,8,8,0.0000
4,204.0000,7,4,564.6832,-86.1561,2.1065,8,0.2051,1.0000,8,8,8,0,0,8,8,0.0000
4,204.0000,7,5,854.8248,-87.1656,0.2609,7,0.1795,1.0000,8,8,8,0,0,8,8,0.0000
4,204.0000,7,6,835.4782,-87.0508,0.5420,7,0.1795,0.8571,7,8,7,0,0,8,7,0.1250
4,204.0000,7,8,503.0540,-83.2900,-0.2654,20,0.5128,0.4000,5,7,6,0,0,7,6,0.1429
4,204.0000,7,10,383.3290,-82.6453,0.8390,14,0.3590,0.7500,8,6,4,0,0,6,4,0.3333
4,204.0000,7,11,715.4666,-87.1640,-0.3913,12,0.3077,1.0000,8,8,7,0,0,8,7,0.1250
4,204.0000,7,13,692.8184,-87.3203,0.0776,8,0.2051,1.0000,8,8,8,0,0,8,8,0.0000
4,204.0000,7,14,643.0178,-87.1248,-0.7593,8,0.2051,0.8000,5,9,8,0,0,9,8,0.1111
4,204.0000,7,15,654.0096,-84.8413,3.8967,6,0.1538,1.0000,8,8,8,0,0,8,8,0.0000
4,204.0000,7,16,376.4219,-79.2317,-0.3291,27,0.6923,0.8571,7,6,4,0,0,6,4,0.3333
4,204.0000,7,17,832.5672,-87.8039,0.7973,6,0.1538,1.0000,4,7,6,0,0,7,6,0.1429
4,204.0000,7,20,528.8207,-84.5806,-0.5237,12,0.3077,0.8750,8,8,8,0,0,8,8,0.0000
4,204.0000,7,22,488.6849,-83.1946,-0.9932,16,0.4103,1.0000,8,5,3,0,0,5,3,0.4000
4,204.0000,7,23,738.2553,-87.8114,-1.3074,9,0.2308,1.0000,8,7,6,0,0,7,6,0.1429
4,204.0000,7,24,605.8750,-86.1819,-0.1150,13,0.3333,0.8571,7,7,6,0,0,7,6,0.1429
4,204.0000,7,26,647.3053,-85.6398,0.6918,8,0.2051,1.0000,8,8,8,0,0,8,8,0.0000
4,204.0000,7,29,679.8901,-86.2313,-0.7253,10,0.2564,1.0000,8,7,6,0,0,7,6,0.1429
4,204.0000,7,31,625.4205,-85.4447,-0.2638,10,0.2564,0.8571,7,8,8,0,0,8,8,0.0000
4,204.0000,7,33,527.4351,-84.0675,0.1455,16,0.4103,0.8571,7,6,4,0,0,6,4,0.3333
4,204.0000,7,34,938.2333,-88.0696,-2.1591,5,0.1282,1.0000,6,8,8,0,0,8,8,0.0000
4,204.0000,7,35,699.8498,-87.2818,0.9559,11,0.2821,1.0000,8,8,7,0,0,8,7,0.1250
4,204.0000,7,37,543.9554,-84.8179,1.0020,13,0.3333,0.8571,7,7,5,0,0,7,5,0.2857
4,204.0000,7,38,679.0113,-86.0775,0.0670,10,0.2564,1.0000,8,7,6,0,0,7,6,0.1429
4,204.0000,7,39,988.7117,-87.7695,-1.1147,4,0.1026,1.0000,8,4,4,0,0,4,4,0.0000
4,204.0000,7,41,437.3182,-81.7065,0.9647,18,0.4615,0.8649,37,7,5,0,0,7,5,0.2857
4,204.0000,7,42,525.3353,-83.8868,0.3657,22,0.5641,0.8750,8,7,6,0,0,7,6,0.1429
4,204.0000,7,43,590.4711,-85.0309,0.1647,11,0.2821,0.8571,7,7,6,0,0,7,6,0.1429
4,204.0000,7,46,896.7692,-87.8220,0.7095,5,0.1282,1.0000,4,8,8,0,0,8,8,0.0000
4,204.0000,7,47,775.9693,-87.6594,-0.5112,5,0.1282,1.0000,8,8,8,0,0,8,8,0.0000
4,204.0000,8,2,693.8581,-86.0807,-0.7709,10,0.2564,1.0000,8,8,8,0,0,8,8,0.0000
4,204.0000,8,4,744.2198,-88.2196,0.0811,5,0.1282,1.0000,6,7,6,0,0,7,6,0.1429
4,204.0000,8,5,573.9805,-84.6839,-0.3309,12,0.3077,1.0000,8,8,8,0,0,8,8,0.0000
4,204.0000,8,7,503.0540,-83.1075,-0.3532,10,0.2564,0.8571,7,7,6,0,0,7,6,0.1429
4,204.0000,8,10,674.1613,-86.9415,-1.2964,5,0.1282,1.0000,8,8,8,0,0,8,8,0.0000
4,204.0000,8,13,655.0796,-85.1152,-0.2867,4,0.1026,1.0000,8,7,6,0,0,7,6,0.1429
4,204.0000,8,15,778.8737,-87.9492,-1.1006,3,0.0769,1.0000,8,8,8,0,0,8,8,0.0000
4,204.0000,8,16,543.0913,-84.3510,-0.7068,17,0.4359,0.5000,6,5,2,0,0,5,2,0.6000
4,204.0000,8,20,633.4718,-86.1726,-0.1397,7,0.1795,0.8750,8,8,8,0,0,8,8,0.0000
4,204.0000,8,22,605.2396,-83.9590,-0.2019,8,0.2051,0.8750,8,7,5,0,0,7,5,0.2857
4,204.0000,8,23,854.0188,-88.0427,0.9338,5,0.1282,1.0000,8,8,8,0,0,8,8,0.0000
4,204.0000,8,24,1009.0917,-88.0748,-0.3200,3,0.0769,,0,8,8,0,0,8,8,0.0000
4,204.0000,8,26,376.9469,-82.9484,1.4388,13,0.3333,0.7143,7,6,4,0,0,6,4,0.3333
4,204.0000,8,29,409.4137,-82.3588,0.8952,18,0.4615,0.8571,7,6,4,0,0,6,4,0.3333
4,204.0000,8,31,572.3091,-86.4037,-0.3076,8,0.2051,1.0000,8,6,4,0,0,6,4,0.3333
4,204.0000,8,33,850.2539,-88.2275,0.9486,3,0.0769,1.0000,8,8,8,0,0,8,8,0.0000
4,204.0000,8,34,749.9026,-86.7493,-0.6707,6,0.1538,1.0000,8,8,8,0,0,8,8,0.0000
4,204.0000,8,37,897.4582,-88.0088,-1.4206,4,0.1026,1.0000,8,7,6,0,0,7,6,0.1429
4,204.0000,8,39,788.4197,-87.9689,-0.6142,4,0.1026,1.0000,8,8,8,0,0,8,8,0.0000
4,204.0000,8,41,512.2384,-84.7165,0.3214,7,0.1795,0.8750,8,7,6,0,0,7,6,0.1429
4,204.0000,8,42,674.2042,-85.9254,-0.2489,9,0.2308,0.7500,4,8,7,0,0,8,7,0.1250
4,204.0000,8,43,652.7454,-86.8407,0.8565,7,0.1795,0.8571,7,8,7,0,0,8,7,0.1250
4,204.0000,9,0,756.5062,-86.7100,0.9376,7,0.1750,0.8571,7,7,6,0,0,7,6,0.1429
4,204.0000,9,1,472.5017,-83.8190,0.4241,28,0.7000,0.7143,7,7,5,0,0,7,5,0.2857
4,204.0000,9,5,532.4105,-82.0805,-0.4916,22,0.5500,0.4000,5,8,8,0,0,8,8,0.0000
4,204.0000,9,8,960.3265,-88.1207,-0.8605,3,0.0750,1.0000,6,8,8,0,0,8,8,0.0000
4,204.0000,9,12,911.1541,-86.8892,0.2119,7,0.1750,1.0000,8,8,8,0,0,8,8,0.0000
4,204.0000,9,13,955.8027,-87.6239,0.1829,3,0.0750,1.0000,8,6,6,0,0,6,6,0.0000
4,204.0000,9,18,658.4921,-85.5054,0.3228,18,0.4500,0.8571,7,6,4,0,0,6,4,0.3333
4,204.0000,9,19,703.1845,-85.7080,-0.8908,8,0.2000,0.8750,8,8,8,0,0,8,8,0.0000
4,204.0000,9,21,902.7805,-86.8229,-0.0643,9,0.2250,1.0000,6,8,8,0,0,8,8,0.0000
4,204.0000,9,25,346.8585,-81.0472,0.3154,35,0.8750,0.6667,6,5,2,0,0,5,2,0.6000
4,204.0000,9,26,698.0951,-84.3232,0.3246,7,0.1750,0.8571,7,8,8,0,0,8,8,0.0000
4,204.0000,9,27,381.3300,-82.8310,0.4936,26,0.6500,0.4000,5,6,4,0,0,6,4,0.3333
4,204.0000,9,28,821.7461,-86.3326,-0.4799,3,0.0750,1.0000,8,8,8,0,0,8,8,0.0000
4,204.0000,9,29,682.9946,-84.7751,-0.4854,12,0.3000,0.8571,7,8,7,0,0,8,7,0.1250
4,204.0000,9,30,966.5443,-89.2099,0.5490,3,0.0750,1.0000,8,4,4,0,0,4,4,0.0000
4,204.0000,9,32,404.4032,-81.0535,-0.3720,27,0.6750,0.2000,5,6,4,0,0,6,4,0.3333
4,204.0000,9,34,547.3591,-82.8892,-1.6282,15,0.3750,0.8750,8,8,7,0,0,8,7,0.1250
4,204.0000,9,36,747.8524,-86.4050,-0.3259,12,0.3000,1.0000,8,5,4,0,0,5,4,0.2000
4,204.0000,9,39,543.6438,-83.7981,-0.1984,11,0.2750,1.0000,8,8,8,0,0,8,8,0.0000
4,204.0000,9,40,281.8081,-78.6222,-0.0502,34,0.8500,0.5714,7,7,4,0,0,7,4,0.4286
4,204.0000,9,44,728.9417,-86.4019,-0.2003,9,0.2250,1.0000,8,8,7,0,0,8,7,0.1250
4,204.0000,9,45,908.4885,-87.9125,0.3050,7,0.1750,1.0000,8,8,8,0,0,8,8,0.0000
4,204.0000,10,2,511.2738,-85.8022,0.9654,21,0.5122,0.8750,8,7,5,0,0,7,5,0.2857
4,204.0000,10,3,288.6468,-77.0892,-0.4824,31,0.7561,0.0000,4,5,2,0,0,5,2,0.6000
4,204.0000,10,4,262.3746,-79.8514,0.5110,29,0.7073,0.4000,5,7,3,0,0,7,3,0.5714
4,204.0000,10,6,604.8680,-85.4607,0.7368,21,0.5122,1.0000,8,6,4,0,0,6,4,0.3333
4,204.0000,10,7,383.3290,-83.3290,0.9712,18,0.4390,0.6667,6,6,2,0,0,6,2,0.6667
4,204.0000,10,8,674.1613,-86.3038,0.2866,10,0.2439,0.8571,7,8,8,0,0,8,8,0.0000
4,204.0000,10,11,447.0784,-84.0140,0.8054,23,0.5610,0.7143,7,6,3,0,0,6,3,0.5000
4,204.0000,10,13,676.3995,-85.2252,-1.0703,12,0.2927,1.0000,8,7,6,0,0,7,6,0.1429
4,204.0000,10,14,563.3139,-85.3457,0.0494,21,0.5122,0.5000,6,6,4,0,0,6,4,0.3333
4,204.0000,10,15,544.6488,-83.9681,-1.0786,18,0.4390,0.8571,7,7,4,0,0,7,4,0.4286
4,204.0000,10,16,581.1025,-83.6526,-0.4580,22,0.5366,0.8571,7,5,3,0,0,5,3,0.4000
4,204.0000,10,17,543.5009,-85.3105,0.8762,20,0.4878,0.7500,8,5,2,0,0,5,2,0.6000
4,204.0000,10,20,289.8509,-76.7339,-0.7424,31,0.7561,0.0000,4,6,3,0,0,6,3,0.5000
4,204.0000,10,22,253.9542,-79.4219,0.9195,29,0.7073,0.4000,5,5,1,0,0,5,1,0.8000
4,204.0000,10,23,387.1194,-80.7454,0.1343,28,0.6829,0.4000,5,7,6,0,0,7,6,0.1429
4,204.0000,10,24,534.3495,-85.4162,0.3399,17,0.4146,0.8571,7,6,4,0,0,6,4,0.3333
4,204.0000,10,26,795.1722,-87.0365,-0.2858,6,0.1463,1.0000,8,8,7,0,0,8,7,0.1250
4,204.0000,10,28,1025.2405,-88.1423,-0.3315,7,0.1707,1.0000,6,6,6,0,0,6,6,0.0000
4,204.0000,10,29,941.6712,-87.6471,1.7694,3,0.0732,1.0000,10,8,8,0,0,8,8,0.0000
4,204.0000,10,31,661.4987,-85.5210,0.0943,13,0.3171,0.8571,7,8,8,1,0,9,8,0.1111
4,204.0000,10,33,199.6053,-76.6066,0.4010,30,0.7317,0.2000,5,4,0,0,0,4,0,1.0000
4,204.0000,10,35,474.5199,-84.5522,0.2457,23,0.5610,0.6667,6,6,4,0,0,6,4,0.3333
4,204.0000,10,37,244.4619,-77.7455,0.5333,29,0.7073,0.2000,5,4,0,0,0,4,0,1.0000
4,204.0000,10,38,388.2553,-82.1170,0.4024,26,0.6341,0.6667,6,6,3,0,0,6,3,0.5000
4,204.0000,10,39,1092.5525,-87.4007,-1.7497,3,0.0732,1.0000,6,4,4,0,0,4,4,0.0000
4,204.0000,10,41,328.6916,-79.2463,0.4777,26,0.6341,0.2000,5,6,3,0,0,6,3,0.5000
4,204.0000,10,42,628.9584,-86.9451,-0.0768,18,0.4390,0.4000,5,6,3,0,0,6,3,0.5000
4,204.0000,10,43,378.0354,-80.7003,0.4406,21,0.5122,0.5714,7,7,6,0,0,7,6,0.1429
4,204.0000,10,46,883.8653,-86.9131,-0.6436,5,0.1220,1.0000,8,8,8,0,0,8,8,0.0000
4,204.0000,10,47,460.6339,-81.9093,-0.3625,26,0.6341,0.8000,10,6,3,0,0,6,3,0.5000
4,204.0000,11,2,666.0805,-85.8610,0.8718,8,0.2000,0.8571,7,8,8,0,0,8,8,0.0000
4,204.0000,11,3,259.6064,-79.2827,0.6373,25,0.6250,0.6667,6,3,0,0,0,3,0,1.0000
4,204.0000,11,4,465.2368,-82.4008,-0.8613,17,0.4250,0.6667,6,7,5,0,0,7,5,0.2857
4,204.0000,11,6,166.5499,-73.8396,-0.6048,39,0.9750,0.0000,4,5,2,0,0,5,2,0.6000
4,204.0000,11,7,715.4666,-86.6050,1.5961,5,0.1250,0.8571,7,7,4,0,0,7,4,0.4286
4,204.0000,11,10,447.0784,-84.7318,-1.9640,7,0.1750,1.0000,8,8,8,0,0,8,8,0.0000
4,204.0000,11,14,355.9596,-80.1694,-0.1873,31,0.7750,0.5000,6,6,2,0,0,6,2,0.6667
4,204.0000,11,15,868.4775,-88.5520,-0.0194,4,0.1000,0.8571,7,8,8,0,0,8,8,0.0000
4,204.0000,11,16,830.2822,-86.7860,0.1991,6,0.1500,0.8750,8,8,8,0,0,8,8,0.0000
4,204.0000,11,17,337.1675,-80.0455,-0.0542,28,0.7000,0.5714,7,5,2,0,0,5,2,0.6000
4,204.0000,11,20,677.5839,-86.7747,-1.2916,8,0.2000,1.0000,8,8,8,0,0,8,8,0.0000
4,204.0000,11,22,577.4526,-85.7895,0.3213,6,0.1500,0.8571,7,6,4,0,0,6,4,0.3333
4,204.0000,11,23,609.3501,-86.4795,0.4081,10,0.2500,1.0000,8,7,5,0,0,7,5,0.2857
4,204.0000,11,24,384.4462,-82.9768,0.1357,26,0.6500,0.6667,6,7,5,0,0,7,5,0.2857
4,204.0000,11,33,263.8196,-79.7050,1.1357,24,0.6000,0.0000,4,6,3,0,0,6,3,0.5000
4,204.0000,11,35,92.6829,-66.9525,-0.5229,37,0.9250,0.0000,4,4,0,0,0,4,0,1.0000
4,204.0000,11,37,326.3152,-80.0432,0.0029,21,0.5250,0.6667,6,7,6,0,0,7,6,0.1429
4,204.0000,11,38,68.0852,-70.9350,2.6702,32,0.8000,0.2000,5,5,1,0,0,5,1,0.8000
4,204.0000,11,41,757.5305,-87.6890,1.7150,3,0.0750,1.0000,8,7,6,0,0,7,6,0.1429
4,204.0000,11,42,805.7184,-87.4910,-0.2458,7,0.1750,1.0000,8,8,8,0,0,8,8,0.0000
4,204.0000,11,43,753.9699,-87.0826,-0.5405,6,0.1500,1.0000,8,8,8,0,0,8,8,0.0000
4,204.0000,11,47,204.2460,-76.1904,0.3358,30,0.7500,0.2000,5,5,1,0,0,5,1,0.8000
4,204.0000,12,0,791.5716,-87.3389,1.1058,5,0.1250,1.0000,8,4,4,0,0,4,4,0.0000
4,204.0000,12,9,911.1541,-88.4102,0.4578,5,0.1250,1.0000,8,8,8,0,0,8,8,0.0000
4,204.0000,12,13,487.0373,-84.0828,0.7872,14,0.3500,0.8571,7,6,4,0,0,6,4,0.3333
4,204.0000,12,15,641.1182,-86.8112,0.9769,10,0.2500,1.0000,8,7,6,0,0,7,6,0.1429
4,204.0000,12,18,1148.5314,-88.5702,-0.8834,5,0.1250,,0,4,4,0,0,4,4,0.0000
4,204.0000,12,19,323.6062,-80.3289,0.9843,23,0.5750,0.5714,7,6,4,0,0,6,4,0.3333
4,204.0000,12,20,829.7544,-89.0743,0.3676,3,0.0750,1.0000,8,7,6,0,0,7,6,0.1429
4,204.0000,12,21,818.0298,-86.9670,-0.3821,10,0.2500,1.0000,8,8,8,0,0,8,8,0.0000
4,204.0000,12,23,960.7351,-88.5928,0.4333,5,0.1250,0.8333,6,6,6,0,0,6,6,0.0000
4,204.0000,12,26,715.5113,-86.5648,1.0768,10,0.2500,1.0000,8,8,8,0,0,8,8,0.0000
4,204.0000,12,27,1048.5358,-88.3987,-0.1982,4,0.1000,1.0000,4,4,4,0,0,4,4,0.0000
4,204.0000,12,28,232.3639,-77.7793,0.5591,22,0.5500,0.4000,5,6,3,0,0,6,3,0.5000
4,204.0000,12,29,977.0934,-88.5004,0.6508,5,0.1250,1.0000,4,8,8,0,0,8,8,0.0000
4,204.0000,12,30,68.9441,-70.8019,3.4112,32,0.8000,0.0000,4,5,1,0,0,5,1,0.8000
4,204.0000,12,31,559.8563,-85.5129,-0.2585,11,0.2750,1.0000,8,7,6,0,0,7,6,0.1429
4,204.0000,12,32,938.4834,-87.0912,-0.3328,6,0.1500,1.0000,6,2,2,0,0,2,2,0.0000
4,204.0000,12,34,563.2816,-86.6100,-0.5666,9,0.2250,0.8571,7,8,7,0,0,8,7,0.1250
4,204.0000,12,36,981.6731,-88.2269,-1.1615,8,0.2000,1.0000,2,4,4,0,0,4,4,0.0000
4,204.0000,12,39,494.8053,-84.7833,0.7377,15,0.3750,1.0000,8,6,3,0,0,6,3,0.5000
4,204.0000,12,40,656.2360,-85.5480,0.2504,10,0.2500,0.8571,7,8,8,0,0,8,8,0.0000
4,204.0000,12,41,799.5262,-86.8819,0.6449,3,0.0750,1.0000,8,8,8,0,0,8,8,0.0000
4,204.0000,12,43,742.2630,-88.1101,-0.0252,8,0.2000,1.0000,8,8,8,0,0,8,8,0.0000
4,204.0000,12,44,355.7850,-77.6778,-1.0374,21,0.5250,0.3333,6,6,3,0,0,6,3,0.5000
4,204.0000,12,45,684.0543,-86.4718,0.2641,10,0.2500,0.8750,8,8,7,0,0,8,7,0.1250
4,204.0000,12,46,316.4061,-81.8419,1.2942,17,0.4250,0.8571,7,6,3,0,0,6,3,0.5000
4,204.0000,13,3,862.7804,-87.5728,0.6692,6,0.1500,1.0000,8,6,6,0,0,6,6,0.0000
4,204.0000,13,5,744.0410,-87.3791,-0.7813,5,0.1250,1.0000,10,8,8,0,0,8,8,0.0000
4,204.0000,13,7,692.8184,-84.4982,3.8279,4,0.1000,0.7143,7,7,5,0,0,7,5,0.2857
4,204.0000,13,8,655.0796,-85.3961,-0.1735,9,0.2250,0.8571,7,7,6,0,0,7,6,0.1429
4,204.0000,13,10,676.3995,-86.7781,0.2812,6,0.1500,1.0000,8,8,8,0,0,8,8,0.0000
4,204.0000,13,12,487.0373,-85.4106,0.4197,12,0.3000,0.7143,7,8,6,0,0,8,6,0.2500
4,204.0000,13,15,256.0268,-78.3233,0.1251,30,0.7500,0.6667,6,5,2,0,0,5,2,0.6000
4,204.0000,13,19,536.4957,-83.2278,0.4510,16,0.4000,0.8571,7,8,8,0,0,8,8,0.0000
4,204.0000,13,20,447.4372,-81.7168,-0.2608,15,0.3750,1.0000,8,8,8,0,0,8,8,0.0000
4,204.0000,13,22,774.1816,-85.8800,1.2642,10,0.2500,1.0000,8,6,5,0,0,6,5,0.1667
4,204.0000,13,23,674.3431,-83.8831,-0.3858,11,0.2750,0.8750,8,8,8,0,0,8,8,0.0000
4,204.0000,13,26,404.1496,-82.3781,0.4222,17,0.4250,0.6667,6,7,5,0,0,7,5,0.2857
4,204.0000,13,28,353.1602,-79.3734,0.3558,28,0.7000,0.3333,6,7,5,0,0,7,5,0.2857
4,204.0000,13,29,664.8432,-85.7888,0.9422,9,0.2250,1.0000,4,8,8,0,0,8,8,0.0000
4,204.0000,13,30,472.7832,-82.0521,-0.8378,21,0.5250,0.6667,6,7,6,0,0,7,6,0.1429
4,204.0000,13,31,104.4613,-69.5844,-0.3042,35,0.8750,0.0000,4,5,1,0,0,5,1,0.8000
4,204.0000,13,33,857.8453,-88.2656,1.7753,3,0.0750,1.0000,6,8,8,0,0,8,8,0.0000
4,204.0000,13,34,461.7171,-84.0429,0.6538,13,0.3250,1.0000,8,7,5,0,0,7,5,0.2857
4,204.0000,13,37,747.8006,-86.3548,-0.1771,8,0.2000,1.0000,8,8,8,0,0,8,8,0.0000
4,204.0000,13,39,461.4835,-83.1974,1.2402,12,0.3000,0.8750,8,8,8,0,0,8,8,0.0000
4,204.0000,13,41,365.9291,-79.9917,-0.0384,19,0.4750,0.8750,8,7,5,0,0,7,5,0.2857
4,204.0000,13,43,382.8204,-79.6663,-0.2786,21,0.5250,1.0000,8,6,3,0,0,6,3,0.5000
4,204.0000,13,44,734.9841,-85.6393,0.2148,8,0.2000,1.0000,8,4,4,0,0,4,4,0.0000
4,204.0000,13,46,213.9498,-73.9058,-0.8114,36,0.9000,0.0000,4,7,4,0,0,7,4,0.4286
4,204.0000,14,2,498.6268,-83.9162,1.5321,16,0.4000,0.8571,7,7,5,0,0,7,5,0.2857
4,204.0000,14,3,545.3018,-84.8412,0.6486,18,0.4500,1.0000,8,5,2,0,0,5,2,0.6000
4,204.0000,14,4,581.0753,-86.4698,-0.0547,11,0.2750,0.7143,7,6,4,0,0,6,4,0.3333
4,204.0000,14,6,363.7415,-79.0827,-1.3181,32,0.8000,0.4000,5,6,4,0,0,6,4,0.3333
4,204.0000,14,7,643.0178,-87.1935,0.9775,6,0.1500,1.0000,8,8,6,0,0,8,6,0.2500
4,204.0000,14,10,563.3139,-85.0025,0.1198,10,0.2500,0.8571,7,8,8,0,0,8,8,0.0000
4,204.0000,14,11,355.9596,-80.9513,-0.1842,30,0.7500,0.7143,7,6,3,0,0,6,3,0.5000
4,204.0000,14,15,1046.9417,-88.8562,0.3944,3,0.0750,1.0000,8,8,8,0,0,8,8,0.0000
4,204.0000,14,16,647.5541,-87.0909,1.0584,11,0.2750,1.0000,8,7,5,0,0,7,5,0.2857
4,204.0000,14,17,476.2459,-83.9058,0.0101,22,0.5500,0.8000,10,8,8,0,0,8,8,0.0000
4,204.0000,14,20,850.8278,-87.7481,0.6245,5,0.1250,1.0000,8,8,8,0,0,8,8,0.0000
4,204.0000,14,22,653.5670,-87.0087,-0.5296,12,0.3000,0.8571,7,8,8,0,0,8,8,0.0000
4,204.0000,14,23,864.4522,-87.8562,0.0117,7,0.1750,1.0000,8,8,8,0,0,8,8,0.0000
4,204.0000,14,24,84.5222,-71.0177,1.7113,33,0.8250,0.0000,4,4,0,0,0,4,0,1.0000
4,204.0000,14,33,440.3783,-82.0733,0.7275,20,0.5000,0.8750,8,6,3,0,0,6,3,0.5000
4,204.0000,14,35,266.6159,-78.4448,-0.0320,30,0.7500,0.5000,6,5,1,0,0,5,1,0.8000
4,204.0000,14,37,554.7494,-85.2952,0.6073,15,0.3750,0.7143,7,8,8,0,0,8,8,0.0000
4,204.0000,14,38,382.4675,-81.3207,0.4670,25,0.6250,0.5000,6,5,2,0,0,5,2,0.6000
4,204.0000,14,42,606.8999,-85.9436,-0.0886,14,0.3500,0.6667,6,7,5,0,0,7,5,0.2857
4,204.0000,14,47,549.3963,-83.6127,0.0328,17,0.4250,1.0000,8,8,8,0,0,8,8,0.0000
4,204.0000,15,3,672.6897,-85.4082,-0.1889,12,0.3000,1.0000,8,8,8,0,0,8,8,0.0000
4,204.0000,15,4,752.0378,-85.8234,-1.7229,9,0.2250,1.0000,6,8,8,0,0,8,8,0.0000
4,204.0000,15,5,953.4303,-88.2959,-0.1361,5,0.1250,1.0000,6,2,2,0,0,2,2,0.0000
4,204.0000,15,7,654.0096,-85.8073,-0.8981,10,0.2500,0.6667,6,8,8,0,0,8,8,0.0000
4,204.0000,15,8,778.8737,-87.6706,1.1902,7,0.1750,1.0000,8,8,7,0,0,8,7,0.1250
4,204.0000,15,9,1209.0287,-88.0736,-3.3183,3,0.0750,1.0000,4,4,4,0,0,4,4,0.0000
4,204.0000,15,10,544.6488,-83.7355,-0.3891,15,0.3750,0.8571,7,8,7,0,0,8,7,0.1250
4,204.0000,15,11,868.4775,-87.1934,-0.3638,6,0.1500,1.0000,8,8,8,0,0,8,8,0.0000
4,204.0000,15,12,641.1182,-87.4598,-0.1873,9,0.2250,0.8571,7,7,4,0,0,7,4,0.4286
4,204.0000,15,13,256.0268,-77.7093,-0.0571,27,0.6750,0.6667,6,8,5,0,0,8,5,0.3750
4,204.0000,15,14,1046.9417,-88.2670,-0.5350,5,0.1250,1.0000,6,6,6,0,0,6,6,0.0000
4,204.0000,15,16,986.7039,-87.9343,-1.0668,6,0.1500,1.0000,2,4,4,0,0,4,4,0.0000
4,204.0000,15,19,736.4429,-87.0074,-0.7139,10,0.2500,1.0000,4,6,5,0,0,6,5,0.1667
4,204.0000,15,20,343.1273,-79.7813,-0.6512,23,0.5750,0.3333,6,7,5,0,0,7,5,0.2857
4,204.0000,15,22,703.5537,-85.9175,-1.0293,9,0.2250,0.8571,7,7,6,0,0,7,6,0.1429
4,204.0000,15,23,531.4077,-83.1594,-1.2819,18,0.4500,0.8571,7,8,8,0,0,8,8,0.0000
4,204.0000,15,24,1039.1410,-88.9646,-0.4574,3,0.0750,1.0000,6,8,8,0,0,8,8,0.0000
4,204.0000,15,26,616.6001,-85.2942,-1.3364,9,0.2250,1.0000,8,7,6,0,0,7,6,0.1429
4,204.0000,15,28,539.5061,-84.2969,-0.4278,14,0.3500,0.7143,7,7,6,0,0,7,6,0.1429
4,204.0000,15,29,849.6022,-87.0557,0.8900,5,0.1250,1.0000,8,8,7,0,0,8,7,0.1250
4,204.0000,15,30,603.5737,-85.2642,-0.3932,18,0.4500,0.8571,7,8,8,0,0,8,8,0.0000
4,204.0000,15,31,313.4668,-79.7409,0.3423,24,0.6000,0.8750,8,7,6,0,0,7,6,0.1429
4,204.0000,15,33,695.1314,-86.8128,-0.1179,8,0.2000,1.0000,8,8,8,0,0,8,8,0.0000
4,204.0000,15,34,696.9320,-87.0973,-0.3992,6,0.1500,0.8750,8,7,6,0,0,7,6,0.1429
4,204.0000,15,35,921.2381,-87.7380,-0.0839,6,0.1500,1.0000,8,2,2,0,0,2,2,0.0000
4,204.0000,15,37,542.5580,-83.0821,-0.4382,16,0.4000,0.8750,8,8,8,0,0,8,8,0.0000
4,204.0000,15,38,818.8399,-87.2034,-0.6975,8,0.2000,1.0000,8,8,8,0,0,8,8,0.0000
4,204.0000,15,39,701.3562,-85.9219,1.3271,7,0.1750,0.8571,7,7,6,32,28,39,34,0.1282
4,204.0000,15,40,1061.3907,-88.2985,0.3026,3,0.0750,,0,2,2,0,0,2,2,0.0000
4,204.0000,15,41,326.9552,-79.9072,-0.3252,23,0.5750,0.5000,6,7,5,0,0,7,5,0.2857
4,204.0000,15,43,291.6288,-78.9100,-0.4363,25,0.6250,0.4000,5,8,7,0,0,8,7,0.1250
4,204.0000,15,46,399.3133,-82.0940,0.3376,21,0.5250,0.8571,7,8,8,0,0,8,8,0.0000
4,204.0000,15,47,760.5056,-85.3782,-0.5356,11,0.2750,1.0000,8,8,8,0,0,8,8,0.0000
4,204.0000,16,2,249.0499,-77.8175,0.4048,31,0.7750,0.2917,48,4,0,0,0,4,0,1.0000
4,204.0000,16,3,808.3197,-87.4045,3.0494,3,0.0750,0.8750,8,8,8,0,0,8,8,0.0000
4,204.0000,16,4,601.7878,-85.0787,0.2456,7,0.1750,0.7143,7,8,8,0,0,8,8,0.0000
4,204.0000,16,6,939.6328,-87.6392,-0.4900,3,0.0750,1.0000,8,8,8,0,0,8,8,0.0000
4,204.0000,16,7,376.4219,-79.0363,-0.2564,22,0.5500,0.8571,7,7,5,0,0,7,5,0.2857
4,204.0000,16,8,543.0913,-81.2794,-0.2023,8,0.2000,1.0000,8,7,6,0,0,7,6,0.1429
4,204.0000,16,10,581.1025,-82.2240,-0.7278,8,0.2000,0.8571,7,7,6,44,43,51,49,0.0392
4,204.0000,16,11,830.2822,-87.6217,-0.7981,4,0.1000,1.0000,8,8,8,0,0,8,8,0.0000
4,204.0000,16,14,647.5541,-85.9853,-0.3699,9,0.2250,0.8571,7,8,7,0,0,8,7,0.1250
4,204.0000,16,17,817.6589,-87.2082,0.1456,6,0.1500,0.8000,5,8,8,0,0,8,8,0.0000
4,204.0000,16,20,767.9021,-85.3383,-0.0446,4,0.1000,1.0000,76,6,4,4,4,10,8,0.2000
4,204.0000,16,22,527.7208,-82.2717,0.0498,12,0.3000,0.9231,13,8,8,0,0,8,8,0.0000
4,204.0000,16,24,576.8910,-84.7599,0.8792,16,0.4000,1.0000,8,9,7,0,0,9,7,0.2222
4,204.0000,16,33,656.1717,-84.7873,-0.8467,7,0.1750,0.8750,8,7,6,0,0,7,6,0.1429
4,204.0000,16,35,789.4300,-86.3533,-0.9434,7,0.1750,1.0000,8,8,8,0,0,8,8,0.0000
4,204.0000,16,38,798.9938,-87.2718,-0.2595,5,0.1250,1.0000,8,8,8,2,2,10,10,0.0000
4,204.0000,16,42,187.4673,-77.3162,1.0477,32,0.8000,0.5000,6,5,1,0,0,5,1,0.8000
4,204.0000,17,2,590.6404,-85.6499,-0.0668,8,0.2000,1.0000,8,6,4,0,0,6,4,0.3333
4,204.0000,17,3,382.7192,-81.9024,0.2137,15,0.3750,0.8571,7,6,3,0,0,6,3,0.5000
4,204.0000,17,4,377.5944,-80.8200,1.2227,18,0.4500,0.6667,6,6,4,0,0,6,4,0.3333
4,204.0000,17,6,424.7717,-82.1690,0.5900,25,0.6250,0.5714,7,5,2,0,0,5,2,0.6000
4,204.0000,17,10,543.5009,-83.8559,-0.8290,7,0.1750,0.8750,8,8,6,0,0,8,6,0.2500
4,204.0000,17,11,337.1675,-79.7612,0.0711,27,0.6750,0.2857,7,5,4,0,0,5,4,0.2000
4,204.0000,17,14,476.2459,-83.8617,0.2449,19,0.4750,0.8571,7,6,4,0,0,6,4,0.3333
4,204.0000,17,15,1035.2202,-88.3848,-0.6456,3,0.0750,1.0000,8,4,4,0,0,4,4,0.0000
4,204.0000,17,16,817.6589,-87.5594,-0.8855,6,0.1500,0.8750,8,3,2,0,0,3,2,0.3333
4,204.0000,17,20,752.9725,-87.0411,-0.8727,5,0.1250,1.0000,8,8,7,0,0,8,7,0.1250
4,204.0000,17,22,513.2593,-84.6263,0.6306,9,0.2250,0.8571,7,8,6,0,0,8,6,0.2500
4,204.0000,17,23,626.2785,-85.2075,1.5725,9,0.2250,1.0000,8,7,5,0,0,7,5,0.2857
4,204.0000,17,24,453.9548,-82.8973,0.5215,20,0.5000,1.0000,8,7,6,0,0,7,6,0.1429
4,204.0000,17,33,364.0372,-81.0487,0.5627,15,0.3750,0.5714,7,6,3,0,0,6,3,0.5000
4,204.0000,17,35,346.5338,-80.9313,0.4434,24,0.6000,0.4000,5,6,3,0,0,6,3,0.5000
4,204.0000,17,37,550.0336,-85.8430,-1.5560,10,0.2500,1.0000,8,8,7,0,0,8,7,0.1250
4,204.0000,17,38,318.8406,-80.9229,0.4253,19,0.4750,0.5000,6,5,1,0,0,5,1,0.8000
4,204.0000,17,42,728.5192,-86.6093,0.1305,12,0.3000,1.0000,8,8,8,0,0,8,8,0.0000
4,204.0000,17,43,832.8222,-87.0927,1.5321,3,0.0750,0.8000,5,10,10,0,0,10,10,0.0000
4,204.0000,17,47,457.3308,-82.7572,0.3797,15,0.3750,0.8750,8,7,6,0,0,7,6,0.1429
4,204.0000,18,0,542.3840,-83.6874,0.9713,19,0.4750,0.4000,5,7,6,0,0,7,6,0.1429
4,204.0000,18,1,325.2368,-80.1952,0.7929,27,0.6750,0.5714,7,5,2,0,0,5,2,0.6000
4,204.0000,18,9,658.4921,-85.2775,-0.5518,3,0.0750,0.8571,7,8,8,0,0,8,8,0.0000
4,204.0000,18,19,881.4182,-86.4692,0.6807,3,0.0750,0.8750,8,8,8,0,0,8,8,0.0000
4,204.0000,18,21,721.3373,-85.6055,0.4295,8,0.2000,0.8750,8,6,4,0,0,6,4,0.3333
4,204.0000,18,25,367.5184,-81.1399,0.5133,28,0.7000,0.4000,5,5,1,0,0,5,1,0.8000
4,204.0000,18,27,343.1913,-80.6054,-0.5981,27,0.6750,0.0000,4,4,0,0,0,4,0,1.0000
4,204.0000,18,32,277.0079,-78.7849,0.2388,33,0.8250,0.5000,6,6,3,0,0,6,3,0.5000
4,204.0000,18,36,340.0844,-79.5150,-1.1457,31,0.7750,0.0000,4,7,5,0,0,7,5,0.2857
4,204.0000,18,40,663.3454,-85.3577,-0.3845,4,0.1000,0.8750,8,8,7,0,0,8,7,0.1250
4,204.0000,18,44,813.8421,-86.9372,-0.3857,3,0.0750,1.0000,8,8,7,0,0,8,7,0.1250
4,204.0000,18,45,783.9876,-85.8002,-0.5479,10,0.2500,0.7500,8,8,8,0,0,8,8,0.0000
4,204.0000,19,0,648.7119,-85.4979,-0.1211,15,0.3750,0.6667,6,8,8,0,0,8,8,0.0000
4,204.0000,19,1,961.8989,-87.3289,-0.3725,6,0.1500,1.0000,6,8,8,0,0,8,8,0.0000
4,204.0000,19,5,800.3385,-85.8218,-0.2462,7,0.1750,1.0000,8,8,8,0,0,8,8,0.0000
4,204.0000,19,9,703.1845,-85.0548,-0.6298,10,0.2500,1.0000,8,8,8,0,0,8,8,0.0000
4,204.0000,19,12,323.6062,-79.7905,-0.5325,23,0.5750,0.7143,7,5,2,0,0,5,2,0.6000
4,204.0000,19,13,536.4957,-83.2894,0.0421,4,0.1000,0.7143,7,8,8,0,0,8,8,0.0000
4,204.0000,19,18,881.4182,-86.4563,-0.2943,8,0.2000,1.0000,8,8,8,0,0,8,8,0.0000
4,204.0000,19,21,750.3361,-86.0684,-0.1603,13,0.3250,0.8750,8,7,6,0,0,7,6,0.1429
4,204.0000,19,25,856.5632,-86.7343,-0.8039,6,0.1500,1.0000,6,8,8,0,0,8,8,0.0000
4,204.0000,19,26,651.3875,-84.2711,-0.9340,6,0.1500,1.0000,8,8,8,0,0,8,8,0.0000
4,204.0000,19,27,821.1915,-86.7917,0.4769,7,0.1750,0.6667,3,6,6,0,0,6,6,0.0000
4,204.0000,19,28,206.1711,-77.4017,1.2053,26,0.6500,0.2000,5,4,0,0,0,4,0,1.0000
4,204.0000,19,29,845.8360,-85.3160,-0.7048,5,0.1250,1.0000,2,8,8,0,0,8,8,0.0000
4,204.0000,19,30,348.8811,-80.7596,0.6713,22,0.5500,0.5714,7,6,4,0,0,6,4,0.3333
4,204.0000,19,31,565.7170,-83.4345,-0.0362,7,0.1750,0.8571,7,8,8,0,0,8,8,0.0000
4,204.0000,19,32,684.4776,-85.1409,0.3033,11,0.2750,0.8750,8,7,6,0,0,7,6,0.1429
4,204.0000,19,34,347.1862,-79.1056,-0.6200,26,0.6500,0.0000,4,5,1,0,0,5,1,0.8000
4,204.0000,19,36,781.5784,-86.7323,-0.7665,11,0.2750,0.8750,8,8,8,0,0,8,8,0.0000
4,204.0000,19,39,276.9884,-78.0896,0.1928,26,0.6500,0.5714,7,5,1,0,0,5,1,0.8000
4,204.0000,19,40,475.6793,-81.7185,-1.0751,20,0.5000,0.3333,6,8,8,0,0,8,8,0.0000
4,204.0000,19,44,248.5238,-77.1793,0.0974,35,0.8750,0.2000,5,7,5,1,0,8,5,0.3750
4,204.0000,19,45,640.2582,-85.9868,-0.1673,14,0.3500,1.0000,10,6,4,0,0,6,4,0.3333
4,204.0000,19,46,340.2850,-79.9535,0.7397,15,0.3750,0.8571,7,5,1,0,0,5,1,0.8000
4,204.0000,20,2,741.5220,-87.2614,-0.1534,7,0.1750,0.7143,7,8,8,0,0,8,8,0.0000
4,204.0000,20,3,446.5253,-81.3306,0.6590,18,0.4500,0.8571,7,7,4,0,0,7,4,0.4286
4,204.0000,20,4,428.6059,-82.0913,0.3991,18,0.4500,0.8571,7,7,6,0,0,7,6,0.1429
4,204.0000,20,6,836.0531,-88.3557,-0.0864,6,0.1500,1.0000,6,6,6,0,0,6,6,0.0000
4,204.0000,20,7,528.8207,-84.2662,0.0603,12,0.3000,0.9250,80,7,6,0,0,7,6,0.1429
4,204.0000,20,8,633.4718,-85.8792,-0.6221,12,0.3000,0.7778,9,8,6,0,0,8,6,0.2500
4,204.0000,20,10,289.8509,-76.8590,-0.9049,28,0.7000,0.0000,4,6,4,0,0,6,4,0.3333
4,204.0000,20,11,677.5839,-85.5129,-0.3493,8,0.2000,0.7500,8,8,8,0,0,8,8,0.0000
4,204.0000,20,13,447.4372,-81.7485,0.2705,18,0.4500,0.5000,6,7,5,0,0,7,5,0.2857
4,204.0000,20,14,850.8278,-87.8747,0.4180,6,0.1500,1.0000,8,6,5,0,0,6,5,0.1667
4,204.0000,20,15,343.1273,-80.1572,-0.3916,30,0.7500,0.5000,6,6,3,53,40,59,43,0.2712
4,204.0000,20,16,767.9021,-85.5875,0.1511,8,0.2000,1.0000,6,9,8,0,0,9,8,0.1111
4,204.0000,20,17,752.9725,-87.4756,0.7917,8,0.2000,1.0000,8,8,8,0,0,8,8,0.0000
4,204.0000,20,22,374.6213,-81.5995,0.2484,17,0.4250,0.7812,64,6,3,2,2,8,5,0.3750
4,204.0000,20,23,272.6250,-78.3858,-0.5019,26,0.6500,0.0000,4,4,0,0,0,4,0,1.0000
4,204.0000,20,24,823.8167,-87.9973,-0.5565,4,0.1000,1.0000,4,8,8,0,0,8,8,0.0000
4,204.0000,20,26,647.3327,-85.7786,0.2820,8,0.2000,0.8750,8,8,7,83,82,91,89,0.0220
4,204.0000,20,28,775.8983,-86.8535,-0.6578,6,0.1500,0.8571,7,8,8,0,0,8,8,0.0000
4,204.0000,20,29,867.6534,-84.9913,0.1666,3,0.0750,1.0000,8,8,8,0,0,8,8,0.0000
4,204.0000,20,30,808.7335,-88.7413,1.6791,4,0.1000,1.0000,8,3,2,0,0,3,2,0.3333
4,204.0000,20,31,461.9798,-82.1907,-0.4443,14,0.3500,0.8000,15,6,3,0,0,6,3,0.5000
4,204.0000,20,33,445.9719,-82.6535,0.0816,14,0.3500,0.8571,7,6,4,0,0,6,4,0.3333
4,204.0000,20,34,877.1655,-89.0348,-0.2777,4,0.1000,0.8889,9,6,6,0,0,6,6,0.0000
4,204.0000,20,35,728.2420,-86.6486,-0.2368,7,0.1750,1.0000,8,7,5,0,0,7,5,0.2857
4,204.0000,20,37,397.4787,-81.2784,0.2549,17,0.4250,0.7143,7,8,6,0,0,8,6,0.2500
4,204.0000,20,38,614.4620,-85.4743,-0.1627,11,0.2750,1.0000,8,7,4,0,0,7,4,0.4286
4,204.0000,20,39,885.6487,-87.3611,0.7014,4,0.1000,1.0000,8,8,8,0,0,8,8,0.0000
4,204.0000,20,41,150.9824,-72.8023,0.0829,34,0.8500,0.0000,4,6,2,0,0,6,2,0.6667
4,204.0000,20,42,839.0390,-87.8665,-0.2842,7,0.1750,0.8000,5,8,8,0,0,8,8,0.0000
4,204.0000,20,43,89.9341,-69.9945,1.2330,37,0.9250,0.0000,4,4,0,0,0,4,0,1.0000
4,204.0000,20,46,641.0260,-85.2671,-0.9986,8,0.2000,0.5000,4,8,8,0,0,8,8,0.0000
4,204.0000,20,47,612.9439,-84.4943,-0.7823,12,0.3000,0.7500,8,6,4,0,0,6,4,0.3333
4,204.0000,21,0,197.5022,-74.1898,-0.3034,33,0.8250,0.0000,4,4,0,0,0,4,0,1.0000
4,204.0000,21,1,888.5682,-87.3366,1.6250,4,0.1000,1.0000,6,8,8,0,0,8,8,0.0000
4,204.0000,21,9,902.7805,-88.1307,0.6478,3,0.0750,1.0000,8,8,8,0,0,8,8,0.0000
4,204.0000,21,12,818.0298,-86.2161,-0.7431,6,0.1500,1.0000,8,6,6,0,0,6,6,0.0000
4,204.0000,21,18,721.3373,-84.8513,-1.5268,8,0.2000,0.8750,8,7,4,0,0,7,4,0.4286
4,204.0000,21,19,750.3361,-85.2495,0.1474,9,0.2250,0.8750,8,8,8,0,0,8,8,0.0000
4,204.0000,21,25,837.5546,-87.4840,-0.5549,7,0.1750,1.0000,8,8,7,0,0,8,7,0.1250
4,204.0000,21,27,711.7875,-85.9852,0.6122,11,0.2750,1.0000,8,8,8,0,0,8,8,0.0000
4,204.0000,21,28,909.3827,-87.5668,0.6699,5,0.1250,1.0000,8,8,7,0,0,8,7,0.1250
4,204.0000,21,32,651.3734,-85.1126,0.0424,12,0.3000,1.0000,8,8,8,0,0,8,8,0.0000
4,204.0000,21,36,390.3873,-82.5192,0.3707,23,0.5750,0.6667,6,5,2,0,0,5,2,0.6000
4,204.0000,21,39,924.6638,-88.0653,0.9934,4,0.1000,1.0000,8,8,8,0,0,8,8,0.0000
4,204.0000,21,40,684.0043,-86.4839,-0.4271,7,0.1750,0.8571,7,8,8,0,0,8,8,0.0000
4,204.0000,21,44,513.7224,-84.0971,-0.3232,14,0.3500,0.7500,8,8,7,0,0,8,7,0.1250
4,204.0000,21,45,152.1277,-70.0395,-1.0376,38,0.9500,0.3333,6,4,0,0,0,4,0,1.0000
4,204.0000,22,2,420.4011,-83.0699,0.6688,23,0.5750,0.7143,7,6,3,0,0,6,3,0.5000
4,204.0000,22,3,414.4632,-83.0312,-0.0115,16,0.4000,0.6250,8,5,3,0,0,5,3,0.4000
4,204.0000,22,4,140.9778,-76.0829,2.0706,32,0.8000,0.2000,5,6,2,0,0,6,2,0.6667
4,204.0000,22,6,738.5226,-87.7910,-0.0760,7,0.1750,0.8750,8,8,8,0,0,8,8,0.0000
4,204.0000,22,7,488.6849,-83.5752,-0.2850,17,0.4250,0.8438,32,7,6,0,0,7,6,0.1429
4,204.0000,22,8,605.2396,-84.5517,-0.5435,14,0.3500,0.6667,6,8,7,0,0,8,7,0.1250
4,204.0000,22,10,253.9542,-78.6133,0.3268,24,0.6000,0.3333,6,6,2,0,0,6,2,0.6667
4,204.0000,22,11,577.4526,-85.0962,-0.0534,12,0.3000,0.7143,7,6,3,0,0,6,3,0.5000
4,204.0000,22,13,774.1816,-87.3747,0.5278,3,0.0750,1.0000,8,7,6,0,0,7,6,0.1429
4,204.0000,22,14,653.5670,-86.8859,0.1273,14,0.3500,0.8571,7,6,4,0,0,6,4,0.3333
4,204.0000,22,15,703.5537,-85.9566,0.1547,9,0.2250,1.0000,8,8,8,0,0,8,8,0.0000
4,204.0000,22,16,527.7208,-82.7083,-0.8242,21,0.5250,0.8571,7,7,5,0,0,7,5,0.2857
4,204.0000,22,17,513.2593,-85.1937,0.8557,17,0.4250,0.8571,7,3,0,0,0,3,0,1.0000
4,204.0000,22,20,374.6213,-81.1331,-0.3732,21,0.5250,0.7143,7,7,6,0,0,7,6,0.1429
4,204.0000,22,23,413.6610,-82.4956,-0.0401,20,0.5000,0.8000,15,6,3,0,0,6,3,0.5000
4,204.0000,22,24,597.8565,-86.1048,0.6237,18,0.4500,0.7143,7,7,6,0,0,7,6,0.1429
4,204.0000,22,26,815.1547,-87.7746,0.9188,6,0.1500,1.0000,8,8,7,0,0,8,7,0.1250
4,204.0000,22,29,957.5031,-87.8398,-0.3910,4,0.1000,1.0000,8,8,8,0,0,8,8,0.0000
4,204.0000,22,31,753.5440,-86.4270,-0.6291,6,0.1500,0.8571,7,7,5,0,0,7,5,0.2857
4,204.0000,22,33,324.1814,-79.6698,0.8037,23,0.5750,0.7000,10,6,3,0,0,6,3,0.5000
4,204.0000,22,35,596.8849,-85.8670,0.8192,12,0.3000,0.8571,7,7,5,0,0,7,5,0.2857
4,204.0000,22,37,470.7139,-83.3500,0.1608,15,0.3750,0.6667,6,7,4,0,0,7,4,0.4286
4,204.0000,22,38,515.4510,-84.3263,-0.2257,16,0.4000,0.9000,10,8,7,0,0,8,7,0.1250
4,204.0000,22,41,413.0148,-83.3399,0.2577,14,0.3500,0.8750,8,8,7,0,0,8,7,0.1250
4,204.0000,22,42,528.9624,-84.7108,-0.2822,17,0.4250,0.6667,6,6,4,0,0,6,4,0.3333
4,204.0000,22,43,454.7816,-82.3063,0.8258,16,0.4000,1.0000,6,5,2,0,0,5,2,0.6000
4,204.0000,22,46,979.3643,-87.5039,-0.6860,4,0.1000,1.0000,8,6,6,0,0,6,6,0.0000
4,204.0000,22,47,621.8967,-85.4546,-0.6606,11,0.2750,0.8571,7,6,4,0,0,6,4,0.3333
4,204.0000,23,2,815.4025,-87.7246,-0.2781,4,0.1000,0.8750,8,8,7,0,0,8,7,0.1250
4,204.0000,23,3,350.0866,-80.3819,0.5390,21,0.5250,0.7656,64,6,2,0,0,6,2,0.6667
4,204.0000,23,4,390.6959,-80.9218,0.1500,17,0.4250,0.9180,61,7,6,2,2,9,8,0.1111
4,204.0000,23,6,764.0700,-87.0355,-0.8985,8,0.2000,1.0000,8,7,6,0,0,7,6,0.1429
4,204.0000,23,7,738.2553,-87.7130,-0.1443,7,0.1750,1.0000,8,7,6,0,0,7,6,0.1429
4,204.0000,23,8,854.0188,-87.9345,-0.7327,6,0.1500,1.0000,8,7,6,0,0,7,6,0.1429
4,204.0000,23,10,387.1194,-80.3391,-0.7579,19,0.4750,1.0000,8,8,8,0,0,8,8,0.0000
4,204.0000,23,11,609.3501,-85.5592,0.3195,13,0.3250,1.0000,6,6,4,0,0,6,4,0.3333
4,204.0000,23,13,674.3431,-84.9450,-0.6577,11,0.2750,0.8571,7,7,5,0,0,7,5,0.2857
4,204.0000,23,14,864.4522,-87.2668,-0.0910,8,0.2000,1.0000,8,8,8,0,0,8,8,0.0000
4,204.0000,23,15,531.4077,-83.1284,0.0496,17,0.4250,0.7143,7,6,3,0,0,6,3,0.5000
4,204.0000,23,16,915.2389,-88.9904,-0.8334,5,0.1250,1.0000,4,8,8,0,0,8,8,0.0000
4,204.0000,23,17,626.2785,-86.0138,0.3213,11,0.2750,1.0000,8,6,4,0,0,6,4,0.3333
4,204.0000,23,20,272.6250,-78.2855,0.2455,26,0.6500,0.4286,7,5,1,0,0,5,1,0.8000
4,204.0000,23,22,413.6610,-82.9707,0.0249,14,0.3500,0.7647,17,7,5,0,0,7,5,0.2857
4,204.0000,23,24,843.0311,-87.9347,0.3296,8,0.2000,1.0000,6,7,5,0,0,7,5,0.2857
4,204.0000,23,26,902.3214,-86.7676,0.4106,6,0.1500,0.8750,8,7,6,0,0,7,6,0.1429
4,204.0000,23,28,960.0744,-87.4446,-0.7388,5,0.1250,1.0000,8,6,6,0,0,6,6,0.0000
4,204.0000,23,31,711.7234,-86.0574,-0.3533,8,0.2000,1.0000,8,7,6,0,0,7,6,0.1429
4,204.0000,23,33,424.5726,-83.8544,0.1111,14,0.3500,0.5714,7,7,5,119,101,126,106,0.1587
4,204.0000,23,35,680.9877,-86.9966,-0.1698,10,0.2500,1.0000,8,6,5,0,0,6,5,0.1667
4,204.0000,23,37,412.5988,-82.0970,0.7627,12,0.3000,0.8750,8,7,4,11,9,18,13,0.2778
4,204.0000,23,38,544.8927,-84.6011,-0.2048,13,0.3250,0.8571,7,6,3,0,0,6,3,0.5000
4,204.0000,23,41,421.9969,-82.9052,-0.0702,16,0.4000,0.6667,12,6,3,0,0,6,3,0.5000
4,204.0000,23,42,935.4937,-87.5982,-2.2375,3,0.0750,1.0000,8,4,4,0,0,4,4,0.0000
4,204.0000,23,43,299.3987,-79.0909,-0.1540,22,0.5500,0.5000,6,5,1,0,0,5,1,0.8000
4,204.0000,23,46,836.5246,-86.8803,0.0627,7,0.1750,1.0000,8,8,8,0,0,8,8,0.0000
4,204.0000,23,47,513.2237,-83.1113,0.4371,16,0.4000,0.9500,20,8,6,0,0,8,6,0.2500
4,204.0000,24,2,416.4544,-81.9551,-0.2712,17,0.4250,0.8750,8,6,6,0,0,6,6,0.0000
4,204.0000,24,3,542.2626,-84.4563,0.3096,14,0.3500,0.8750,8,5,2,0,0,5,2,0.6000
4,204.0000,24,4,532.3516,-84.3384,-0.3691,11,0.2750,0.8571,7,6,3,0,0,6,3,0.5000
4,204.0000,24,6,419.8309,-82.1585,-0.1410,18,0.4500,1.0000,8,7,6,0,0,7,6,0.1429
4,204.0000,24,7,605.8750,-85.8305,-0.4853,4,0.1000,0.8571,7,7,6,0,0,7,6,0.1429
4,204.0000,24,10,534.3495,-85.0983,0.1303,6,0.1500,0.8571,7,7,4,0,0,7,4,0.4286
4,204.0000,24,11,384.4462,-82.6483,-0.5605,15,0.3750,0.6667,6,5,2,0,0,5,2,0.6000
4,204.0000,24,14,84.5222,-70.7455,1.7126,33,0.8250,0.2000,5,5,1,0,0,5,1,0.8000
4,204.0000,24,16,576.8910,-86.2728,-0.2219,10,0.2500,0.7143,7,7,5,0,0,7,5,0.2857
4,204.0000,24,17,453.9548,-83.3352,0.1351,12,0.3000,0.4000,5,6,3,0,0,6,3,0.5000
4,204.0000,24,20,823.8167,-88.1425,-0.1903,3,0.0750,0.8333,6,8,8,0,0,8,8,0.0000
4,204.0000,24,22,597.8565,-85.4344,-0.1188,5,0.1250,0.5000,6,8,8,0,0,8,8,0.0000
4,204.0000,24,23,843.0311,-87.7128,1.0220,3,0.0750,1.0000,8,8,8,0,0,8,8,0.0000
4,204.0000,24,33,421.7188,-83.3418,-0.3952,11,0.2750,0.8571,7,5,2,0,0,5,2,0.6000
4,204.0000,24,35,302.0095,-80.6802,0.3613,19,0.4750,0.6667,6,5,1,0,0,5,1,0.8000
4,204.0000,24,37,561.7771,-86.1301,1.1677,8,0.2000,0.7143,7,6,3,0,0,6,3,0.5000
4,204.0000,24,38,398.1063,-81.9502,-0.1905,15,0.3750,0.7143,7,5,2,0,0,5,2,0.6000
4,204.0000,24,42,526.0402,-84.1797,-0.1541,16,0.4000,1.0000,8,7,6,0,0,7,6,0.1429
4,204.0000,24,47,577.9561,-84.0598,-0.2195,9,0.2250,0.8571,7,7,6,0,0,7,6,0.1429
4,204.0000,25,0,670.2010,-85.7358,-0.1547,11,0.2750,0.8571,7,8,7,0,0,8,7,0.1250
4,204.0000,25,1,130.5156,-71.5275,0.2421,36,0.9000,0.0000,4,5,0,0,0,5,0,1.0000
4,204.0000,25,5,820.5049,-86.3070,2.9081,3,0.0750,0.7500,8,8,8,0,0,8,8,0.0000
4,204.0000,25,9,346.8585,-79.8466,0.4434,28,0.7000,0.7500,8,6,4,0,0,6,4,0.3333
4,204.0000,25,18,367.5184,-82.2682,0.0586,26,0.6500,0.7143,7,6,3,0,0,6,3,0.5000
4,204.0000,25,19,856.5632,-87.3891,-0.9219,4,0.1000,1.0000,8,6,6,0,0,6,6,0.0000
4,204.0000,25,21,837.5546,-88.2075,0.2356,4,0.1000,1.0000,8,7,5,0,0,7,5,0.2857
4,204.0000,25,26,1019.4403,-88.7873,-1.2467,3,0.0750,1.0000,8,8,8,0,0,8,8,0.0000
4,204.0000,25,27,137.0188,-74.0488,1.8232,38,0.9500,0.2000,5,4,0,0,0,4,0,1.0000
4,204.0000,25,32,227.3994,-75.4522,-1.3898,32,0.8000,0.2000,5,4,0,0,0,4,0,1.0000
4,204.0000,25,34,787.3227,-86.5216,5.6459,5,0.1250,1.0000,8,8,8,0,0,8,8,0.0000
4,204.0000,25,36,557.6942,-83.6609,-0.2659,22,0.5500,0.8571,7,6,4,0,0,6,4,0.3333
4,204.0000,25,39,775.7448,-86.6959,-0.5995,3,0.0750,1.0000,8,8,8,0,0,8,8,0.0000
4,204.0000,25,40,479.4702,-83.1887,-0.6824,17,0.4250,0.8571,7,7,4,0,0,7,4,0.4286
4,204.0000,25,44,827.6660,-89.3329,-0.1839,3,0.0750,1.0000,8,8,7,0,0,8,7,0.1250
4,204.0000,25,45,887.9248,-86.0772,-0.2097,3,0.0750,1.0000,8,8,8,0,0,8,8,0.0000
4,204.0000,26,5,382.9659,-81.4112,-0.0179,29,0.7250,0.8571,7,6,2,0,0,6,2,0.6667
4,204.0000,26,7,647.3053,-85.3940,-0.9493,6,0.1500,1.0000,8,7,6,0,0,7,6,0.1429
4,204.0000,26,8,376.9469,-83.0753,1.5274,18,0.4500,1.0000,8,6,4,0,0,6,4,0.3333
4,204.0000,26,9,698.0951,-85.0899,-0.5530,15,0.3750,0.8750,8,8,7,0,0,8,7,0.1250
4,204.0000,26,10,795.1722,-87.2747,-0.8608,5,0.1250,1.0000,8,7,6,0,0,7,6,0.1429
4,204.0000,26,12,715.5113,-85.1454,0.0508,12,0.3000,1.0000,8,6,6,0,0,6,6,0.0000
4,204.0000,26,13,404.1496,-82.3554,0.5841,14,0.3500,0.8571,7,8,6,0,0,8,6,0.2500
4,204.0000,26,15,616.6001,-85.0985,0.3169,10,0.2500,0.8571,7,8,7,0,0,8,7,0.1250
4,204.0000,26,19,651.3875,-83.6415,-0.6638,15,0.3750,0.5000,6,8,8,0,0,8,8,0.0000
4,204.0000,26,20,647.3327,-86.5621,-0.6702,9,0.2250,0.7500,8,8,8,0,0,8,8,0.0000
4,204.0000,26,22,815.1547,-89.1621,-0.7530,5,0.1250,1.0000,8,6,6,0,0,6,6,0.0000
4,204.0000,26,23,902.3214,-86.7872,-1.5336,3,0.0750,1.0000,8,8,7,0,0,8,7,0.1250
4,204.0000,26,25,1019.4403,-87.8117,-0.7439,3,0.0750,1.0000,8,4,4,0,0,4,4,0.0000
4,204.0000,26,28,571.3709,-83.7056,0.9988,15,0.3750,1.0000,6,10,8,0,0,10,8,0.2000
4,204.0000,26,29,289.9846,-79.7187,0.7039,36,0.9000,0.8571,7,9,7,0,0,9,7,0.2222
4,204.0000,26,30,737.8677,-84.9641,-0.0900,11,0.2750,1.0000,8,8,8,0,0,8,8,0.0000
4,204.0000,26,31,314.6267,-80.1746,0.8937,24,0.6000,0.8571,7,5,2,0,0,5,2,0.6000
4,204.0000,26,32,985.3764,-87.6008,0.6202,6,0.1500,,0,4,4,0,0,4,4,0.0000
4,204.0000,26,33,994.3527,-88.2774,1.4567,3,0.0750,1.0000,6,6,5,0,0,6,5,0.1667
4,204.0000,26,34,374.3069,-81.3818,0.0134,27,0.6750,0.6667,6,7,6,0,0,7,6,0.1429
4,204.0000,26,37,956.0756,-86.1617,-0.5832,3,0.0750,1.0000,8,4,4,0,0,4,4,0.0000
4,204.0000,26,39,413.3459,-79.8883,-0.6422,27,0.6750,0.7143,7,8,8,7,6,15,14,0.0667
4,204.0000,26,40,663.9833,-85.4850,-0.4157,13,0.3250,0.8571,7,8,6,0,0,8,6,0.2500
4,204.0000,26,41,509.1099,-83.5088,0.1421,15,0.3750,1.0000,8,7,6,0,0,7,6,0.1429
4,204.0000,26,43,620.5545,-85.7116,-0.3168,9,0.2250,0.8750,8,8,6,0,0,8,6,0.2500
4,204.0000,26,44,831.0144,-86.1844,-0.2486,12,0.3000,0.8000,5,4,4,0,0,4,4,0.0000
4,204.0000,26,46,503.3728,-83.8265,-0.3971,20,0.5000,0.8750,8,8,8,0,0,8,8,0.0000
4,204.0000,27,0,554.5390,-85.1331,1.3932,16,0.4000,0.8571,7,5,2,0,0,5,2,0.6000
4,204.0000,27,1,208.7287,-74.2445,-0.3272,36,0.9000,0.0000,4,4,0,0,0,4,0,1.0000
4,204.0000,27,9,381.3300,-83.4298,-0.1955,18,0.4500,0.7143,7,4,0,0,0,4,0,1.0000
4,204.0000,27,18,343.1913,-80.0453,-0.0114,32,0.8000,0.0000,4,4,0,0,0,4,0,1.0000
4,204.0000,27,21,711.7875,-85.1509,-0.2877,6,0.1500,1.0000,6,8,7,0,0,8,7,0.1250
4,204.0000,27,25,137.0188,-74.4918,1.3710,35,0.8750,0.0000,4,4,0,0,0,4,0,1.0000
4,204.0000,27,32,178.3248,-74.9507,0.6392,33,0.8250,0.2000,5,4,0,0,0,4,0,1.0000
4,204.0000,27,34,802.3619,-88.8205,-1.0033,3,0.0750,0.8750,8,8,8,0,0,8,8,0.0000
4,204.0000,27,36,452.8808,-81.6676,-0.6660,25,0.6250,0.7143,7,8,8,0,0,8,8,0.0000
4,204.0000,27,39,777.1389,-87.4879,3.8709,3,0.0750,1.0000,8,8,8,0,0,8,8,0.0000
4,204.0000,27,40,438.2404,-83.7353,1.0881,9,0.2250,1.0000,8,5,2,0,0,5,2,0.6000
4,204.0000,27,44,754.8531,-84.8290,-1.1507,3,0.0750,1.0000,8,8,8,0,0,8,8,0.0000
4,204.0000,27,45,771.8645,-85.9293,0.6345,8,0.2000,0.8571,7,7,6,0,0,7,6,0.1429
4,204.0000,28,0,832.4391,-87.6197,-0.2003,6,0.1500,0.8000,5,6,6,0,0,6,6,0.0000
4,204.0000,28,5,810.6454,-87.8493,-0.4769,5,0.1250,0.8571,7,7,6,0,0,7,6,0.1429
4,204.0000,28,7,1029.6552,-88.8186,-0.2337,3,0.0750,1.0000,2,4,4,0,0,4,4,0.0000
4,204.0000,28,9,821.7461,-85.6324,0.2793,7,0.1750,1.0000,8,7,6,0,0,7,6,0.1429
4,204.0000,28,10,1025.2405,-87.7860,-0.0726,3,0.0750,1.0000,10,6,6,0,0,6,6,0.0000
4,204.0000,28,12,232.3639,-77.6317,0.6531,32,0.8000,0.2000,5,6,3,0,0,6,3,0.5000
4,204.0000,28,13,353.1602,-79.0565,0.0370,22,0.5500,0.4000,5,6,3,0,0,6,3,0.5000
4,204.0000,28,15,539.5061,-84.8933,1.1588,14,0.3500,0.8571,7,8,8,0,0,8,8,0.0000
4,204.0000,28,19,206.1711,-77.2474,1.2270,31,0.7750,0.5000,6,4,0,0,0,4,0,1.0000
4,204.0000,28,20,775.8983,-86.0939,1.6242,6,0.1500,1.0000,8,7,6,0,0,7,6,0.1429
4,204.0000,28,21,909.3827,-87.9667,0.0551,7,0.1750,1.0000,8,8,8,0,0,8,8,0.0000
4,204.0000,28,23,960.0744,-88.2286,-0.4188,4,0.1000,1.0000,8,8,8,0,0,8,8,0.0000
4,204.0000,28,26,571.3709,-83.8973,-0.0494,14,0.3500,1.0000,8,7,6,0,0,7,6,0.1429
4,204.0000,28,29,810.3987,-87.6639,0.2642,8,0.2000,1.0000,6,6,6,0,0,6,6,0.0000
4,204.0000,28,30,232.9276,-76.2981,-0.5410,34,0.8500,0.2000,5,5,1,0,0,5,1,0.8000
4,204.0000,28,31,406.0993,-80.9359,-0.3440,16,0.4000,1.0000,8,7,6,0,0,7,6,0.1429
4,204.0000,28,32,872.2781,-87.8095,0.7181,4,0.1000,1.0000,8,8,8,0,0,8,8,0.0000
4,204.0000,28,34,371.8964,-82.3578,0.4435,22,0.5500,1.0000,8,6,2,0,0,6,2,0.6667
4,204.0000,28,36,981.2553,-87.5845,0.8027,4,0.1000,1.0000,4,4,4,0,0,4,4,0.0000
4,204.0000,28,39,317.4836,-80.2067,0.6667,23,0.5750,0.4000,5,5,2,0,0,5,2,0.6000
4,204.0000,28,40,606.6707,-84.9742,0.6222,15,0.3750,1.0000,8,8,8,0,0,8,8,0.0000
4,204.0000,28,41,712.5681,-87.1402,-0.0837,9,0.2250,1.0000,8,8,8,0,0,8,8,0.0000
4,204.0000,28,43,697.1959,-85.6278,-0.3656,9,0.2250,0.5000,6,8,8,0,0,8,8,0.0000
4,204.0000,28,44,396.8310,-81.2337,0.3527,22,0.5500,0.4000,5,6,3,0,0,6,3,0.5000
4,204.0000,28,45,786.9065,-87.1345,-0.2955,8,0.2000,1.0000,8,3,2,0,0,3,2,0.3333
4,204.0000,28,46,144.6242,-73.2559,0.0429,33,0.8250,0.0000,4,4,0,0,0,4,0,1.0000
4,204.0000,29,5,182.9934,-74.6016,0.1686,33,0.8250,0.0000,4,4,0,0,0,4,0,1.0000
4,204.0000,29,7,679.8901,-87.4771,1.4222,5,0.1250,1.0000,8,8,8,0,0,8,8,0.0000
4,204.0000,29,8,409.4137,-82.2139,-0.0317,14,0.3500,0.4000,5,6,3,0,0,6,3,0.5000
4,204.0000,29,9,682.9946,-85.6541,-0.6372,9,0.2250,1.0000,8,8,8,0,0,8,8,0.0000
4,204.0000,29,10,941.6712,-87.8326,-0.3091,3,0.0750,1.0000,8,8,8,0,0,8,8,0.0000
4,204.0000,29,12,977.0934,-88.1549,0.0996,3,0.0750,1.0000,6,6,6,0,0,6,6,0.0000
4,204.0000,29,13,664.8432,-86.5525,-0.8127,7,0.1750,1.0000,8,8,8,0,0,8,8,0.0000
4,204.0000,29,15,849.6022,-86.7988,0.6179,6,0.1500,1.0000,8,6,6,0,0,6,6,0.0000
4,204.0000,29,16,820.9871,-86.4650,-0.0117,6,0.1500,1.0000,4,4,4,0,0,4,4,0.0000
4,204.0000,29,20,867.6534,-87.2865,-0.2343,3,0.0750,1.0000,6,8,8,0,0,8,8,0.0000
4,204.0000,29,22,957.5031,-87.3933,0.2641,3,0.0750,0.8571,7,8,8,0,0,8,8,0.0000
4,204.0000,29,25,990.2446,-88.7433,-0.9489,4,0.1000,1.0000,8,6,6,0,0,6,6,0.0000
4,204.0000,29,26,289.9846,-79.7593,0.0217,19,0.4750,1.0000,8,6,2,0,0,6,2,0.6667
4,204.0000,29,28,810.3987,-87.7247,1.1804,3,0.0750,1.0000,6,10,9,0,0,10,9,0.1000
4,204.0000,29,31,564.6072,-86.8436,1.0465,7,0.1750,0.8571,7,7,6,0,0,7,6,0.1429
4,204.0000,29,32,1012.6389,-88.0238,-0.6659,4,0.1000,1.0000,8,4,4,0,0,4,4,0.0000
4,204.0000,29,34,508.0919,-84.4723,0.6089,13,0.3250,1.0000,8,8,8,0,0,8,8,0.0000
4,204.0000,29,39,572.4448,-83.6561,-0.5528,12,0.3000,0.8750,8,8,8,0,0,8,8,0.0000
4,204.0000,29,40,761.4539,-84.7465,-0.7287,5,0.1250,1.0000,8,8,8,0,0,8,8,0.0000
4,204.0000,29,41,719.0247,-86.8286,0.2799,6,0.1500,1.0000,8,8,7,0,0,8,7,0.1250
4,204.0000,29,46,755.4468,-86.8893,-0.5055,3,0.0750,1.0000,8,8,8,0,0,8,8,0.0000
4,204.0000,30,0,839.5070,-87.9219,0.5741,6,0.1500,1.0000,4,6,6,0,0,6,6,0.0000
4,204.0000,30,5,1011.4084,-88.0537,-0.2607,4,0.1000,1.0000,4,4,4,0,0,4,4,0.0000
4,204.0000,30,12,68.9441,-71.1479,3.0642,33,0.8250,0.3333,6,4,0,0,0,4,0,1.0000
4,204.0000,30,13,472.7832,-82.7059,-0.5170,16,0.4000,0.5714,7,8,8,0,0,8,8,0.0000
4,204.0000,30,15,603.5737,-84.9831,-0.2347,9,0.2250,1.0000,8,8,8,0,0,8,8,0.0000
4,204.0000,30,19,348.8811,-82.2912,0.4823,24,0.6000,0.5000,6,5,1,0,0,5,1,0.8000
4,204.0000,30,20,808.7335,-87.4743,0.6079,7,0.1750,1.0000,8,6,6,0,0,6,6,0.0000
4,204.0000,30,21,865.4948,-86.5251,-2.3239,7,0.1750,1.0000,6,8,8,0,0,8,8,0.0000
4,204.0000,30,23,933.6060,-86.6229,0.7319,6,0.1500,1.0000,8,8,8,0,0,8,8,0.0000
4,204.0000,30,26,737.8677,-86.1236,0.3001,8,0.2000,1.0000,8,8,8,0,0,8,8,0.0000
4,204.0000,30,28,232.9276,-76.6957,-0.4137,27,0.6750,0.5000,8,5,1,0,0,5,1,0.8000
4,204.0000,30,31,553.8702,-82.5879,-0.2469,12,0.3000,0.6667,6,7,6,0,0,7,6,0.1429
4,204.0000,30,34,589.0749,-85.9547,-0.0623,10,0.2500,1.0000,8,8,7,0,0,8,7,0.1250
4,204.0000,30,36,1028.0351,-88.8400,0.5923,3,0.0750,,0,4,4,0,0,4,4,0.0000
4,204.0000,30,37,1119.9213,-88.4371,-0.0937,4,0.1000,1.0000,8,6,6,0,0,6,6,0.0000
4,204.0000,30,39,525.0348,-83.8189,1.3155,14,0.3500,1.0000,8,6,3,0,0,6,3,0.5000
4,204.0000,30,40,715.6025,-86.1842,0.0191,11,0.2750,1.0000,8,8,8,0,0,8,8,0.0000
4,204.0000,30,41,785.3872,-86.1542,1.0383,8,0.2000,1.0000,8,8,8,0,0,8,8,0.0000
4,204.0000,30,43,720.5102,-85.1499,0.5055,7,0.1750,1.0000,8,8,8,0,0,8,8,0.0000
4,204.0000,30,44,400.8260,-82.1061,0.4115,23,0.5750,0.4000,5,5,2,0,0,5,2,0.6000
4,204.0000,30,45,727.1971,-87.0639,0.7526,10,0.2500,1.0000,4,8,6,0,0,8,6,0.2500
4,204.0000,30,46,301.3130,-78.4504,-0.2603,25,0.6250,0.5000,6,5,1,0,0,5,1,0.8000
4,204.0000,31,2,1016.0259,-89.1490,-0.4210,3,0.0750,1.0000,8,6,6,0,0,6,6,0.0000
4,204.0000,31,3,875.8579,-87.5818,0.3010,5,0.1250,1.0000,6,8,8,0,0,8,8,0.0000
4,204.0000,31,4,849.8540,-86.8099,-0.0396,4,0.1000,1.0000,4,6,6,0,0,6,6,0.0000
4,204.0000,31,5,652.3670,-85.7722,-0.0685,12,0.3000,1.0000,6,4,3,0,0,4,3,0.2500
4,204.0000,31,7,625.4205,-86.0169,-0.0469,9,0.2250,0.8571,7,6,6,0,0,6,6,0.0000
4,204.0000,31,8,572.3091,-86.6106,0.5157,8,0.2000,1.0000,8,8,6,0,0,8,6,0.2500
4,204.0000,31,9,908.2635,-87.7659,-0.2843,5,0.1250,0.8571,7,2,2,0,0,2,2,0.0000
4,204.0000,31,10,661.4987,-85.8216,-1.0504,9,0.2250,1.0000,8,8,8,0,0,8,8,0.0000
4,204.0000,31,11,1068.5899,-88.3432,-1.4802,3,0.0750,1.0000,8,4,4,0,0,4,4,0.0000
4,204.0000,31,12,559.8563,-84.8795,0.0685,14,0.3500,1.0000,8,8,7,0,0,8,7,0.1250
4,204.0000,31,13,104.4613,-69.9022,-0.0763,34,0.8500,0.1395,86,6,2,79,9,85,11,0.8706
4,204.0000,31,15,313.4668,-79.6952,-0.1945,24,0.6000,0.8571,7,5,2,0,0,5,2,0.6000
4,204.0000,31,16,924.9050,-86.6786,-0.3137,5,0.1250,,0,4,4,0,0,4,4,0.0000
4,204.0000,31,19,565.7170,-83.4515,-0.6940,15,0.3750,0.8571,7,8,8,1,0,9,8,0.1111
4,204.0000,31,20,461.9798,-83.3429,0.2225,12,0.3000,1.0000,8,6,6,0,0,6,6,0.0000
4,204.0000,31,22,753.5440,-87.4245,-0.2046,8,0.2000,1.0000,8,6,6,0,0,6,6,0.0000
4,204.0000,31,23,711.7234,-87.4632,-1.1285,6,0.1500,0.7500,8,8,8,0,0,8,8,0.0000
4,204.0000,31,26,314.6267,-79.7355,0.0962,24,0.6000,0.4000,5,4,0,0,0,4,0,1.0000
4,204.0000,31,28,406.0993,-80.7832,-0.4808,22,0.5500,0.6000,5,7,5,0,0,7,5,0.2857
4,204.0000,31,29,564.6072,-84.3164,0.2185,15,0.3750,1.0000,8,8,6,0,0,8,6,0.2500
4,204.0000,31,30,553.8702,-83.9350,-0.8886,18,0.4500,0.8571,7,8,8,0,0,8,8,0.0000
4,204.0000,31,34,421.3295,-83.2606,0.1325,18,0.4500,0.6667,6,7,4,0,0,7,4,0.4286
4,204.0000,31,37,756.0527,-86.6764,-0.5421,7,0.1750,1.0000,8,8,8,0,0,8,8,0.0000
4,204.0000,31,39,437.2119,-83.0125,-0.3188,18,0.4500,0.7778,9,6,4,0,0,6,4,0.3333
4,204.0000,31,40,790.7950,-86.9838,-0.7433,9,0.2250,1.0000,4,8,8,0,0,8,8,0.0000
4,204.0000,31,41,350.5827,-82.0711,-1.2529,17,0.4250,0.7143,7,7,5,0,0,7,5,0.2857
4,204.0000,31,42,1064.3769,-89.2581,0.2668,3,0.0750,1.0000,6,2,2,0,0,2,2,0.0000
4,204.0000,31,43,412.5991,-79.3354,-1.0878,21,0.5250,0.5714,7,6,2,0,0,6,2,0.6667
4,204.0000,31,44,773.5992,-85.6121,-0.6734,13,0.3250,1.0000,6,2,2,0,0,2,2,0.0000
4,204.0000,31,46,278.9594,-77.5732,-0.0715,33,0.8250,0.3333,6,6,3,0,0,6,3,0.5000
4,204.0000,32,0,468.2730,-84.1353,1.2412,20,0.5000,0.8571,7,6,4,0,0,6,4,0.3333
4,204.0000,32,1,298.0990,-76.9107,-1.1970,39,0.9750,0.2000,5,5,1,0,0,5,1,0.8000
4,204.0000,32,5,858.2253,-86.0470,0.8549,8,0.2000,1.0000,8,8,8,0,0,8,8,0.0000
4,204.0000,32,9,404.4032,-82.0886,-0.3836,20,0.5000,0.5000,6,6,3,0,0,6,3,0.5000
4,204.0000,32,18,277.0079,-78.6088,-0.1076,36,0.9000,0.0000,4,6,2,0,0,6,2,0.6667
4,204.0000,32,19,684.4776,-86.2089,1.1641,6,0.1500,1.0000,8,8,7,0,0,8,7,0.1250
4,204.0000,32,21,651.3734,-85.7946,0.1489,12,0.3000,1.0000,8,8,8,0,0,8,8,0.0000
4,204.0000,32,25,227.3994,-75.3159,-0.6312,37,0.9250,0.0000,4,4,0,0,0,4,0,1.0000
4,204.0000,32,27,178.3248,-75.2031,0.7993,34,0.8500,0.0000,4,4,0,0,0,4,0,1.0000
4,204.0000,32,28,872.2781,-88.0374,-0.7433,4,0.1000,1.0000,8,8,8,0,0,8,8,0.0000
4,204.0000,32,29,1012.6389,-88.0874,-1.2499,3,0.0750,1.0000,8,4,4,0,0,4,4,0.0000
4,204.0000,32,34,696.3331,-84.4857,-1.0408,10,0.2500,1.0000,8,7,4,0,0,7,4,0.4286
4,204.0000,32,36,375.2257,-80.9263,0.3894,31,0.7750,0.0000,4,5,1,0,0,5,1,0.8000
4,204.0000,32,39,667.8485,-85.7340,-0.3085,6,0.1500,0.8571,7,8,8,0,0,8,8,0.0000
4,204.0000,32,40,389.6456,-82.0674,-0.0180,17,0.4250,0.5000,6,6,4,0,0,6,4,0.3333
4,204.0000,32,44,631.5411,-86.5096,-0.3369,8,0.2000,0.8571,7,7,6,0,0,7,6,0.1429
4,204.0000,32,45,686.7820,-86.3999,0.4927,11,0.2750,0.6000,5,6,4,0,0,6,4,0.3333
4,204.0000,33,2,515.7998,-84.3610,-0.0566,20,0.5000,0.2000,5,8,6,0,0,8,6,0.2500
4,204.0000,33,3,156.1020,-73.8942,0.1868,34,0.8500,0.0000,4,4,0,0,0,4,0,1.0000
4,204.0000,33,4,235.8010,-76.1905,-0.2771,37,0.9250,0.0000,4,6,3,0,0,6,3,0.5000
4,204.0000,33,6,427.9611,-82.9939,0.4394,26,0.6500,0.7143,7,6,4,0,0,6,4,0.3333
4,204.0000,33,7,527.4351,-84.0605,-0.3330,13,0.3250,0.8889,9,7,6,0,0,7,6,0.1429
4,204.0000,33,10,199.6053,-75.8075,0.6684,29,0.7250,0.2000,5,4,0,0,0,4,0,1.0000
4,204.0000,33,11,263.8196,-80.2447,0.8517,33,0.8250,0.0000,4,5,2,0,0,5,2,0.6000
4,204.0000,33,13,857.8453,-87.3436,-3.1957,3,0.0750,1.0000,8,8,7,0,0,8,7,0.1250
4,204.0000,33,14,440.3783,-81.9890,-0.0686,24,0.6000,0.6667,6,7,5,0,0,7,5,0.2857
4,204.0000,33,15,695.1314,-86.1782,-0.3410,10,0.2500,0.8750,8,7,6,0,0,7,6,0.1429
4,204.0000,33,16,656.1717,-84.8193,0.3216,15,0.3750,0.8571,7,8,7,0,0,8,7,0.1250
4,204.0000,33,17,364.0372,-81.1990,0.4358,30,0.7500,0.8571,7,4,0,0,0,4,0,1.0000
4,204.0000,33,20,445.9719,-82.6136,0.2012,17,0.4250,0.7143,7,5,2,0,0,5,2,0.6000
4,204.0000,33,22,324.1814,-80.2876,0.5381,23,0.5750,0.3333,6,5,2,0,0,5,2,0.6000
4,204.0000,33,23,424.5726,-82.8661,-0.1775,20,0.5000,0.4000,5,7,5,0,0,7,5,0.2857
4,204.0000,33,24,421.7188,-82.8264,0.8770,29,0.7250,0.3333,6,5,1,0,0,5,1,0.8000
4,204.0000,33,31,852.1716,-86.1210,0.2337,3,0.0750,1.0000,8,8,8,0,0,8,8,0.0000
4,204.0000,33,35,297.6736,-80.7244,0.9680,30,0.7500,0.5000,6,5,1,0,0,5,1,0.8000
4,204.0000,33,37,222.5196,-78.7117,1.1621,29,0.7250,0.4000,5,6,2,0,0,6,2,0.6667
4,204.0000,33,38,201.1486,-75.6481,0.6116,37,0.9250,0.0000,4,5,1,0,0,5,1,0.8000
4,204.0000,33,41,518.9386,-83.6635,0.2386,13,0.3250,0.8571,7,6,4,0,0,6,4,0.3333
4,204.0000,33,42,654.7529,-84.4643,-0.2838,16,0.4000,0.8000,5,10,10,0,0,10,10,0.0000
4,204.0000,33,43,530.8423,-85.2320,-0.2510,10,0.2500,0.5000,6,8,7,0,0,8,7,0.1250
4,204.0000,33,47,318.5676,-80.1118,0.4634,32,0.8000,0.4000,5,5,2,0,0,5,2,0.6000
4,204.0000,34,0,863.1661,-87.0635,0.2879,6,0.1500,1.0000,6,4,4,0,0,4,4,0.0000
4,204.0000,34,1,901.9139,-86.0705,-0.2192,9,0.2250,1.0000,8,2,2,0,0,2,2,0.0000
4,204.0000,34,5,461.2704,-82.8640,-0.9344,20,0.5000,0.8571,7,5,2,0,0,5,2,0.6000
4,204.0000,34,7,938.2333,-87.5430,-0.6133,3,0.0750,1.0000,8,8,8,0,0,8,8,0.0000
4,204.0000,34,8,749.9026,-86.2346,-0.4466,5,0.1250,1.0000,8,6,4,0,0,6,4,0.3333
4,204.0000,34,9,547.3591,-83.0279,-1.2436,23,0.5750,0.8571,7,7,5,0,0,7,5,0.2857
4,204.0000,34,12,563.2816,-85.1492,-0.6481,11,0.2750,0.6667,6,7,6,0,0,7,6,0.1429
4,204.0000,34,13,461.7171,-83.1764,2.7217,6,0.1500,1.0000,8,7,4,0,0,7,4,0.4286
4,204.0000,34,15,696.9320,-86.9724,1.6264,4,0.1000,1.0000,8,7,6,0,0,7,6,0.1429
4,204.0000,34,18,925.2821,-86.2121,-0.2853,7,0.1750,1.0000,4,6,6,0,0,6,6,0.0000
4,204.0000,34,19,347.1862,-79.7264,-1.0013,33,0.8250,0.5714,7,5,2,0,0,5,2,0.6000
4,204.0000,34,20,877.1655,-88.8241,0.3316,3,0.0750,1.0000,6,8,8,0,0,8,8,0.0000
4,204.0000,34,21,996.6310,-86.7844,1.4229,6,0.1500,1.0000,4,4,4,0,0,4,4,0.0000
4,204.0000,34,25,787.3227,-86.0339,-0.2750,14,0.3500,1.0000,8,8,7,0,0,8,7,0.1250
4,204.0000,34,26,374.3069,-81.8506,-0.5818,17,0.4250,0.6667,6,6,4,0,0,6,4,0.3333
4,204.0000,34,27,802.3619,-86.6604,-0.3110,10,0.2500,1.0000,6,5,4,0,0,5,4,0.2000
4,204.0000,34,28,371.8964,-81.1946,0.1191,17,0.4250,0.8571,7,7,6,0,0,7,6,0.1429
4,204.0000,34,29,508.0919,-83.9915,-0.7347,17,0.4250,0.8571,7,5,2,0,0,5,2,0.6000
4,204.0000,34,30,589.0749,-84.3685,0.3308,11,0.2750,0.8750,8,7,5,0,0,7,5,0.2857
4,204.0000,34,31,421.3295,-83.7710,1.6855,11,0.2750,0.8889,9,7,6,0,0,7,6,0.1429
4,204.0000,34,32,696.3331,-85.1101,-1.2201,14,0.3500,0.8571,7,8,7,0,0,8,7,0.1250
4,204.0000,34,36,938.7176,-87.0750,-0.5998,7,0.1750,1.0000,8,4,4,0,0,4,4,0.0000
4,204.0000,34,37,1169.1333,-88.5305,0.1141,3,0.0750,,0,4,4,0,0,4,4,0.0000
4,204.0000,34,39,80.7956,-66.9957,1.1835,34,0.8500,0.0000,4,4,0,0,0,4,0,1.0000
4,204.0000,34,40,448.7674,-81.9655,-0.0949,24,0.6000,0.8571,7,7,5,0,0,7,5,0.2857
4,204.0000,34,41,758.7181,-88.0352,0.8156,3,0.0750,0.8571,7,8,7,0,0,8,7,0.1250
4,204.0000,34,43,823.4157,-87.2500,-0.7687,5,0.1250,0.8000,5,7,6,0,0,7,6,0.1429
4,204.0000,34,44,550.2821,-83.0429,-0.1840,17,0.4250,1.0000,10,6,3,0,0,6,3,0.5000
4,204.0000,34,45,917.9977,-87.3294,-0.0133,8,0.2000,0.8333,6,6,6,0,0,6,6,0.0000
4,204.0000,34,46,390.5425,-82.4996,-0.0028,14,0.3500,0.8571,7,6,3,0,0,6,3,0.5000
4,204.0000,35,2,623.4643,-86.1231,1.8003,11,0.2750,0.8571,7,6,3,0,0,6,3,0.5000
4,204.0000,35,3,333.4055,-80.3372,0.4000,23,0.5750,0.6667,6,7,5,0,0,7,5,0.2857
4,204.0000,35,4,490.4234,-82.6404,-0.4199,16,0.4000,1.0000,8,8,7,0,0,8,7,0.1250
4,204.0000,35,6,155.0032,-69.6100,-1.7122,34,0.8500,0.2000,5,4,0,0,0,4,0,1.0000
4,204.0000,35,7,699.8498,-86.6498,0.3694,9,0.2250,0.8571,7,8,8,0,0,8,8,0.0000
4,204.0000,35,10,474.5199,-84.9609,0.4374,12,0.3000,0.8750,8,7,6,0,0,7,6,0.1429
4,204.0000,35,11,92.6829,-66.5119,-1.2606,35,0.8750,0.0000,4,4,0,0,0,4,0,1.0000
4,204.0000,35,14,266.6159,-78.2167,0.5763,31,0.7750,0.0000,4,5,2,0,0,5,2,0.6000
4,204.0000,35,15,921.2381,-87.0773,-0.1379,5,0.1250,1.0000,8,8,8,0,0,8,8,0.0000
4,204.0000,35,16,789.4300,-87.7782,1.3800,7,0.1750,1.0000,8,6,4,0,0,6,4,0.3333
4,204.0000,35,17,346.5338,-80.4501,0.3111,28,0.7000,0.7143,7,5,2,0,0,5,2,0.6000
4,204.0000,35,20,728.2420,-86.7892,-0.3205,7,0.1750,0.7143,7,7,5,0,0,7,5,0.2857
4,204.0000,35,22,596.8849,-86.4467,1.2850,7,0.1750,0.8750,8,5,2,0,0,5,2,0.6000
4,204.0000,35,23,680.9877,-86.9282,-0.0444,9,0.2250,1.0000,8,6,4,0,0,6,4,0.3333
4,204.0000,35,24,302.0095,-80.5681,0.2416,28,0.7000,0.4000,5,6,3,0,0,6,3,0.5000
4,204.0000,35,31,1104.7030,-88.7300,-1.4978,4,0.1000,1.0000,8,4,4,0,0,4,4,0.0000
4,204.0000,35,33,297.6736,-81.1650,0.4763,21,0.5250,0.7143,7,5,1,0,0,5,1,0.8000
4,204.0000,35,37,381.6947,-82.2542,0.3571,19,0.4750,0.5000,6,6,4,0,0,6,4,0.3333
4,204.0000,35,38,140.1028,-73.8922,1.6663,29,0.7250,0.0000,4,5,2,0,0,5,2,0.6000
4,204.0000,35,41,794.6265,-87.0127,1.2149,6,0.1500,1.0000,8,8,8,0,0,8,8,0.0000
4,204.0000,35,42,758.7896,-86.4674,0.7108,8,0.2000,0.8333,6,7,6,0,0,7,6,0.1429
4,204.0000,35,43,808.4574,-87.1852,-0.5383,3,0.0750,1.0000,8,8,7,0,0,8,7,0.1250
4,204.0000,35,47,292.6768,-79.2372,0.0720,28,0.7000,0.2000,5,6,3,0,0,6,3,0.5000
4,204.0000,36,0,233.6964,-78.3397,0.7977,32,0.8000,0.0000,4,5,1,0,0,5,1,0.8000
4,204.0000,36,1,570.5680,-83.4223,-0.4014,19,0.4750,0.2000,5,7,6,0,0,7,6,0.1429
4,204.0000,36,9,747.8524,-86.9527,0.8594,7,0.1750,1.0000,8,8,8,0,0,8,8,0.0000
4,204.0000,36,18,340.0844,-79.2251,-0.9137,34,0.8500,0.5000,6,5,2,0,0,5,2,0.6000
4,204.0000,36,19,781.5784,-85.9327,-0.4787,6,0.1500,1.0000,8,6,4,0,0,6,4,0.3333
4,204.0000,36,21,390.3873,-82.2108,-0.6361,24,0.6000,0.5000,6,6,2,0,0,6,2,0.6667
4,204.0000,36,25,557.6942,-84.7321,-0.0426,15,0.3750,0.8571,7,6,4,0,0,6,4,0.3333
4,204.0000,36,27,452.8808,-81.7289,-1.0816,21,0.5250,0.5000,6,7,5,0,0,7,5,0.2857
4,204.0000,36,32,375.2257,-81.3344,0.8383,22,0.5500,0.8571,7,7,4,0,0,7,4,0.4286
4,204.0000,36,40,625.9684,-84.2138,-0.2071,8,0.2000,1.0000,8,8,8,0,0,8,8,0.0000
4,204.0000,36,44,627.2976,-86.0712,-0.8355,3,0.0750,0.8750,8,8,6,0,0,8,6,0.2500
4,204.0000,36,45,470.5861,-82.7891,0.7187,19,0.4750,0.0000,4,5,1,0,0,5,1,0.8000
4,204.0000,37,2,694.8604,-87.9780,0.4903,9,0.2195,0.8750,8,7,5,0,0,7,5,0.2857
4,204.0000,37,3,197.2669,-75.0882,0.4362,32,0.7805,0.0000,4,5,1,0,0,5,1,0.8000
4,204.0000,37,4,419.3001,-83.0511,0.1742,20,0.4878,0.7143,7,8,7,0,0,8,7,0.1250
4,204.0000,37,6,462.6643,-83.4382,0.2738,25,0.6098,1.0000,8,7,6,0,0,7,6,0.1429
4,204.0000,37,7,543.9554,-84.5892,0.4248,14,0.3415,1.0000,8,7,4,0,0,7,4,0.4286
4,204.0000,37,8,897.4582,-87.8650,0.6891,5,0.1220,1.0000,6,8,8,0,0,8,8,0.0000
4,204.0000,37,10,244.4619,-78.6625,0.7761,26,0.6341,0.4000,5,5,1,0,0,5,1,0.8000
4,204.0000,37,11,326.3152,-81.1772,0.5926,25,0.6098,0.6250,8,6,4,0,0,6,4,0.3333
4,204.0000,37,13,747.8006,-86.4143,0.7683,10,0.2439,0.8571,7,6,4,0,0,6,4,0.3333
4,204.0000,37,14,554.7494,-85.5989,1.0040,19,0.4634,0.2500,4,5,2,0,0,5,2,0.6000
4,204.0000,37,15,542.5580,-83.6468,0.3104,15,0.3659,0.5000,6,8,8,0,0,8,8,0.0000
4,204.0000,37,16,782.7839,-86.7810,0.6806,11,0.2683,1.0000,6,7,6,0,0,7,6,0.1429
4,204.0000,37,17,550.0336,-85.0144,1.0641,19,0.4634,1.0000,10,6,4,0,0,6,4,0.3333
4,204.0000,37,20,397.4787,-83.3234,1.1412,18,0.4390,0.5714,7,7,6,0,0,7,6,0.1429
4,204.0000,37,22,470.7139,-84.1296,0.4032,16,0.3902,0.7143,7,8,8,0,0,8,8,0.0000
4,204.0000,37,23,412.5988,-82.8155,0.5749,18,0.4390,0.6000,5,5,2,0,0,5,2,0.6000
4,204.0000,37,24,561.7771,-86.5176,0.8095,15,0.3659,0.7143,7,5,1,0,0,5,1,0.8000
4,204.0000,37,26,956.0756,-88.0987,-0.8780,3,0.0732,1.0000,8,8,8,0,0,8,8,0.0000
4,204.0000,37,28,1075.9594,-88.3406,0.8346,5,0.1220,1.0000,6,4,4,0,0,4,4,0.0000
4,204.0000,37,31,756.0527,-88.1724,-0.1188,9,0.2195,1.0000,8,6,5,0,0,6,5,0.1667
4,204.0000,37,33,222.5196,-79.0447,1.0709,24,0.5854,0.5000,6,4,0,2,0,6,0,1.0000
4,204.0000,37,35,381.6947,-81.8368,1.1559,24,0.5854,0.8750,8,6,6,0,0,6,6,0.0000
4,204.0000,37,38,280.6697,-78.7175,0.3123,29,0.7073,0.5000,6,4,0,0,0,4,0,1.0000
4,204.0000,37,41,472.1186,-83.5133,1.0690,15,0.3659,0.8571,7,7,6,0,0,7,6,0.1429
4,204.0000,37,42,823.0267,-87.7369,0.0637,8,0.1951,0.8571,7,6,4,0,0,6,4,0.3333
4,204.0000,37,43,463.3712,-85.6382,0.3279,14,0.3415,0.5714,7,8,7,0,0,8,7,0.1250
4,204.0000,37,46,933.3102,-87.6839,1.1824,3,0.0732,1.0000,6,4,4,0,0,4,4,0.0000
4,204.0000,37,47,261.7110,-75.7478,-1.1155,34,0.8293,0.0000,4,4,0,0,0,4,0,1.0000
4,204.0000,38,2,636.5843,-85.1213,-1.1346,8,0.2000,0.8571,7,6,4,0,0,6,4,0.3333
4,204.0000,38,3,195.6843,-75.3898,0.1606,31,0.7750,0.4000,5,5,1,0,0,5,1,0.8000
4,204.0000,38,4,403.3843,-80.3387,-0.0513,23,0.5750,0.3333,6,6,3,0,0,6,3,0.5000
4,204.0000,38,6,234.2215,-77.8628,0.7153,37,0.9250,0.3333,6,4,0,0,0,4,0,1.0000
4,204.0000,38,7,679.0113,-87.2891,1.3734,7,0.1750,0.8571,7,6,4,0,0,6,4,0.3333
4,204.0000,38,10,388.2553,-80.7805,0.4816,16,0.4000,0.5000,4,6,4,0,0,6,4,0.3333
4,204.0000,38,11,68.0852,-70.9047,2.9251,38,0.9500,0.0000,4,4,0,0,0,4,0,1.0000
4,204.0000,38,14,382.4675,-81.3259,-0.0215,30,0.7500,0.5000,6,5,2,0,0,5,2,0.6000
4,204.0000,38,15,818.8399,-85.8981,-0.7860,7,0.1750,0.7778,9,7,6,0,0,7,6,0.1429
4,204.0000,38,16,798.9938,-88.2643,-0.0145,5,0.1250,1.0000,8,8,7,0,0,8,7,0.1250
4,204.0000,38,17,318.8406,-79.9250,0.4431,33,0.8250,0.0000,4,5,1,0,0,5,1,0.8000
4,204.0000,38,20,614.4620,-84.4533,-0.2952,10,0.2500,0.8750,8,7,6,0,0,7,6,0.1429
4,204.0000,38,22,515.4510,-83.5878,0.1937,13,0.3250,0.7143,7,6,4,0,0,6,4,0.3333
4,204.0000,38,23,544.8927,-83.7559,0.3686,11,0.2750,1.0000,8,8,8,0,0,8,8,0.0000
4,204.0000,38,24,398.1063,-82.9552,0.9751,21,0.5250,0.5000,6,5,2,0,0,5,2,0.6000
4,204.0000,38,31,1014.8875,-89.3606,0.5500,3,0.0750,1.0000,2,8,8,0,0,8,8,0.0000
4,204.0000,38,33,201.1486,-75.6818,0.2374,29,0.7250,0.2000,5,6,3,0,0,6,3,0.5000
4,204.0000,38,35,140.1028,-73.6032,1.1011,37,0.9250,0.0000,4,4,0,0,0,4,0,1.0000
4,204.0000,38,37,280.6697,-77.9273,0.6257,29,0.7250,0.6667,6,5,2,0,0,5,2,0.6000
4,204.0000,38,41,697.8842,-86.6840,-0.0822,6,0.1500,1.0000,8,8,8,0,0,8,8,0.0000
4,204.0000,38,42,778.1231,-87.0703,1.1949,8,0.2000,1.0000,8,6,4,0,0,6,4,0.3333
4,204.0000,38,43,691.5958,-86.2909,0.1584,8,0.2000,1.0000,8,8,7,0,0,8,7,0.1250
4,204.0000,38,47,192.4375,-74.9845,-0.0682,37,0.9250,0.5000,6,5,1,0,0,5,1,0.8000
4,204.0000,39,0,798.0749,-87.3764,0.3021,12,0.3000,1.0000,4,4,4,0,0,4,4,0.0000
4,204.0000,39,1,892.1660,-88.0426,0.3315,7,0.1750,0.8750,8,6,6,0,0,6,6,0.0000
4,204.0000,39,5,524.8280,-83.8559,-0.1104,25,0.6250,0.5714,7,7,5,0,0,7,5,0.2857
4,204.0000,39,7,988.7117,-88.3935,0.0029,5,0.1250,1.0000,4,8,8,0,0,8,8,0.0000
4,204.0000,39,8,788.4197,-86.8047,0.0488,6,0.1500,1.0000,8,6,6,0,0,6,6,0.0000
4,204.0000,39,9,543.6438,-84.9106,-0.1481,25,0.6250,0.7143,7,5,2,0,0,5,2,0.6000
4,204.0000,39,10,1092.5525,-88.8481,0.0380,4,0.1000,1.0000,8,4,4,0,0,4,4,0.0000
4,204.0000,39,12,494.8053,-84.3871,0.1301,21,0.5250,0.7500,8,6,4,0,0,6,4,0.3333
4,204.0000,39,13,461.4835,-82.9590,-0.6495,22,0.5500,0.8571,7,6,5,0,0,6,5,0.1667
4,204.0000,39,15,701.3562,-87.3158,0.3188,14,0.3500,0.8571,7,8,7,0,0,8,7,0.1250
4,204.0000,39,18,900.5722,-87.2764,0.5664,11,0.2750,1.0000,4,6,6,0,0,6,6,0.0000
4,204.0000,39,19,276.9884,-78.2066,-0.2442,37,0.9250,0.3333,6,5,1,0,0,5,1,0.8000
4,204.0000,39,20,885.6487,-88.7006,-0.0986,4,0.1000,1.0000,8,8,8,0,0,8,8,0.0000
4,204.0000,39,21,924.6638,-88.0434,0.9454,10,0.2500,0.6667,3,8,8,0,0,8,8,0.0000
4,204.0000,39,23,1117.1348,-87.3969,-1.6360,3,0.0750,1.0000,4,4,4,0,0,4,4,0.0000
4,204.0000,39,25,775.7448,-86.9478,-0.0478,16,0.4000,0.8750,8,7,6,0,0,7,6,0.1429
4,204.0000,39,26,413.3459,-80.2610,-0.6236,27,0.6750,0.7500,8,6,4,0,0,6,4,0.3333
4,204.0000,39,27,777.1389,-86.9964,0.2787,9,0.2250,1.0000,6,7,6,0,0,7,6,0.1429
4,204.0000,39,28,317.4836,-81.1937,0.7607,30,0.7500,0.5000,6,7,5,0,0,7,5,0.2857
4,204.0000,39,29,572.4448,-84.4070,-0.3488,24,0.6000,0.8571,7,8,8,0,0,8,8,0.0000
4,204.0000,39,30,525.0348,-84.5594,0.6423,18,0.4500,0.8571,7,7,4,0,0,7,4,0.4286
4,204.0000,39,31,437.2119,-81.7484,0.4633,19,0.4750,0.7500,8,8,7,0,0,8,7,0.1250
4,204.0000,39,32,667.8485,-85.3818,-0.4170,17,0.4250,0.6250,8,7,6,0,0,7,6,0.1429
4,204.0000,39,34,80.7956,-66.7668,1.0403,40,1.0000,0.0000,4,4,0,0,0,4,0,1.0000
4,204.0000,39,36,887.6017,-87.5722,0.1374,12,0.3000,1.0000,4,8,8,0,0,8,8,0.0000
4,204.0000,39,40,404.3662,-81.5906,0.3593,29,0.7250,0.5000,6,6,4,0,0,6,4,0.3333
4,204.0000,39,41,776.1719,-87.0020,-0.1346,9,0.2250,1.0000,8,8,8,0,0,8,8,0.0000
4,204.0000,39,43,825.5705,-86.0273,-1.1628,8,0.2000,0.8571,7,6,6,0,0,6,6,0.0000
4,204.0000,39,44,472.0522,-83.5334,0.2688,24,0.6000,0.6667,6,6,4,0,0,6,4,0.3333
4,204.0000,39,45,842.3911,-87.8628,1.2496,10,0.2500,1.0000,6,7,6,0,0,7,6,0.1429
4,204.0000,39,46,360.3302,-81.8577,1.1112,26,0.6500,0.8571,7,7,4,0,0,7,4,0.4286
4,204.0000,40,0,556.8126,-84.5923,0.1525,19,0.4750,0.6667,6,7,4,0,0,7,4,0.4286
4,204.0000,40,1,605.3300,-84.5015,-0.2597,23,0.5750,1.0000,8,8,8,0,0,8,8,0.0000
4,204.0000,40,5,652.1915,-85.4708,-0.6784,8,0.2000,0.7143,7,8,8,0,0,8,8,0.0000
4,204.0000,40,9,281.8081,-78.9636,0.1494,35,0.8750,0.5000,8,5,2,0,0,5,2,0.6000
4,204.0000,40,12,656.2360,-84.9905,-1.0285,8,0.2000,0.8571,7,8,8,0,0,8,8,0.0000
4,204.0000,40,18,663.3454,-84.8726,-0.0153,16,0.4000,0.8824,17,7,4,0,0,7,4,0.4286
4,204.0000,40,19,475.6793,-81.3688,-0.2489,15,0.3750,0.8750,8,7,6,0,0,7,6,0.1429
4,204.0000,40,21,684.0043,-84.9696,0.7423,10,0.2500,0.6250,8,8,8,0,0,8,8,0.0000
4,204.0000,40,25,479.4702,-83.6777,0.3529,24,0.6000,0.8571,7,7,6,0,0,7,6,0.1429
4,204.0000,40,26,663.9833,-85.6944,0.2920,4,0.1000,0.9000,10,8,8,0,0,8,8,0.0000
4,204.0000,40,27,438.2404,-83.7115,0.4232,25,0.6250,0.8582,134,4,2,118,66,122,68,0.4426
4,204.0000,40,28,606.6707,-85.4071,-0.0728,4,0.1000,1.0000,6,8,6,0,0,8,6,0.2500
4,204.0000,40,30,715.6025,-85.1005,-0.4999,7,0.1750,1.0000,8,7,6,0,0,7,6,0.1429
4,204.0000,40,32,389.6456,-82.3698,-0.3329,27,0.6750,0.7143,7,6,3,0,0,6,3,0.5000
4,204.0000,40,34,448.7674,-80.2478,-0.4652,15,0.3750,0.8571,7,8,8,0,0,8,8,0.0000
4,204.0000,40,36,625.9684,-84.8425,-0.2358,15,0.3750,1.0000,8,7,6,0,0,7,6,0.1429
4,204.0000,40,39,404.3662,-81.5346,0.9981,12,0.3000,0.5000,6,7,6,0,0,7,6,0.1429
4,204.0000,40,44,458.0682,-81.7054,-1.1361,17,0.4250,0.7143,7,7,5,0,0,7,5,0.2857
4,204.0000,40,45,661.1106,-85.4714,0.6468,13,0.3250,1.0000,8,6,3,0,0,6,3,0.5000
4,204.0000,41,2,723.8830,-87.1448,-0.5206,5,0.1250,0.8750,8,8,8,0,0,8,8,0.0000
4,204.0000,41,3,553.8567,-84.0587,0.2109,16,0.4000,0.8571,7,7,5,0,0,7,5,0.2857
4,204.0000,41,4,499.9519,-84.3760,0.3386,16,0.4000,0.8571,7,6,3,0,0,6,3,0.5000
4,204.0000,41,5,864.9630,-87.9148,-1.0648,6,0.1500,1.0000,6,6,6,0,0,6,6,0.0000
4,204.0000,41,6,912.3595,-87.7062,0.0567,9,0.2250,1.0000,8,6,6,0,0,6,6,0.0000
4,204.0000,41,7,437.3182,-82.3377,-0.4091,21,0.5250,0.5000,6,7,6,0,0,7,6,0.1429
4,204.0000,41,8,512.2384,-84.8685,-0.0261,14,0.3500,1.0000,10,7,5,0,0,7,5,0.2857
4,204.0000,41,10,328.6916,-79.6715,-0.5636,21,0.5250,0.5714,7,5,2,0,0,5,2,0.6000
4,204.0000,41,11,757.5305,-86.4387,-1.4395,11,0.2750,0.8571,7,8,8,0,0,8,8,0.0000
4,204.0000,41,12,799.5262,-87.0414,0.3254,9,0.2250,1.0000,8,4,4,0,0,4,4,0.0000
4,204.0000,41,13,365.9291,-80.3173,0.1321,26,0.6500,1.0000,8,8,6,0,0,8,6,0.2500
4,204.0000,41,14,876.6483,-88.1327,3.2227,3,0.0750,1.0000,4,6,6,0,0,6,6,0.0000
4,204.0000,41,15,326.9552,-79.8322,0.0766,27,0.6750,0.6667,6,4,0,0,0,4,0,1.0000
4,204.0000,41,16,701.0988,-86.5721,0.0992,10,0.2500,1.0000,4,7,6,0,0,7,6,0.1429
4,204.0000,41,17,844.4159,-87.7936,0.0941,5,0.1250,1.0000,4,8,8,0,0,8,8,0.0000
4,204.0000,41,19,894.9477,-87.7826,-0.5891,6,0.1500,1.0000,4,8,8,0,0,8,8,0.0000
4,204.0000,41,20,150.9824,-72.8778,0.3028,35,0.8750,0.0000,4,5,1,0,0,5,1,0.8000
4,204.0000,41,22,413.0148,-82.9696,-0.6135,19,0.4750,0.7692,13,7,6,0,0,7,6,0.1429
4,204.0000,41,23,421.9969,-82.5850,-0.8936,22,0.5500,0.8750,8,6,3,0,0,6,3,0.5000
4,204.0000,41,24,845.3125,-87.8308,0.6134,9,0.2250,,0,7,6,0,0,7,6,0.1429
4,204.0000,41,26,509.1099,-83.4085,-0.2402,17,0.4250,1.0000,8,8,8,0,0,8,8,0.0000
4,204.0000,41,28,712.5681,-86.1259,0.4472,11,0.2750,1.0000,8,6,4,0,0,6,4,0.3333
4,204.0000,41,29,719.0247,-86.0081,-1.1594,11,0.2750,1.0000,8,8,8,0,0,8,8,0.0000
4,204.0000,41,30,785.3872,-86.9596,-1.2139,10,0.2500,0.7500,8,6,6,0,0,6,6,0.0000
4,204.0000,41,31,350.5827,-80.3525,-0.3457,23,0.5750,0.6667,6,6,4,0,0,6,4,0.3333
4,204.0000,41,33,518.9386,-86.0196,-0.1038,16,0.4000,0.8750,8,7,4,0,0,7,4,0.4286
4,204.0000,41,34,758.7181,-87.2027,-0.2786,7,0.1750,1.0000,8,8,8,0,0,8,8,0.0000
4,204.0000,41,35,794.6265,-87.8152,0.0873,9,0.2250,1.0000,8,6,4,0,0,6,4,0.3333
4,204.0000,41,37,472.1186,-84.1690,-0.7718,16,0.4000,0.8571,7,7,6,0,0,7,6,0.1429
4,204.0000,41,38,697.8842,-86.0525,-0.0342,13,0.3250,0.7143,7,7,5,0,0,7,5,0.2857
4,204.0000,41,39,776.1719,-86.6544,-1.2079,8,0.2000,0.8571,14,6,5,0,0,6,5,0.1667
4,204.0000,41,42,801.3150,-86.4502,1.1339,7,0.1750,1.0000,6,6,4,0,0,6,4,0.3333
4,204.0000,41,43,170.1216,-73.0573,-0.6211,35,0.8750,0.2000,5,4,0,0,0,4,0,1.0000
4,204.0000,41,46,576.1578,-83.9218,-0.6400,19,0.4750,0.8571,7,7,5,0,0,7,5,0.2857
4,204.0000,41,47,715.1761,-87.1629,-0.3733,13,0.3250,1.0000,8,7,6,0,0,7,6,0.1429
4,204.0000,42,2,144.6417,-67.0044,-3.1023,34,0.8500,0.2000,5,4,0,0,0,4,0,1.0000
4,204.0000,42,3,805.9766,-87.6675,0.5472,5,0.1250,1.0000,8,8,8,0,0,8,8,0.0000
4,204.0000,42,4,574.6094,-84.9475,-0.0825,9,0.2250,1.0000,10,5,4,0,0,5,4,0.2000
4,204.0000,42,6,907.0705,-87.2815,-0.1572,7,0.1750,1.0000,6,4,4,0,0,4,4,0.0000
4,204.0000,42,7,525.3353,-84.1875,0.7263,14,0.3500,1.0000,8,5,2,0,0,5,2,0.6000
4,204.0000,42,8,674.2042,-86.2067,-0.3320,4,0.1000,1.0000,8,8,7,0,0,8,7,0.1250
4,204.0000,42,10,628.9584,-86.8227,0.9310,6,0.1500,1.0000,8,7,6,0,0,7,6,0.1429
4,204.0000,42,11,805.7184,-88.0477,0.3823,5,0.1250,1.0000,8,8,8,0,0,8,8,0.0000
4,204.0000,42,14,606.8999,-85.1188,0.6523,14,0.3500,0.7143,7,7,6,0,0,7,6,0.1429
4,204.0000,42,16,187.4673,-76.7625,1.1300,29,0.7250,0.0000,4,4,0,0,0,4,0,1.0000
4,204.0000,42,17,728.5192,-86.0006,0.5731,8,0.2000,1.0000,8,8,8,0,0,8,8,0.0000
4,204.0000,42,20,839.0390,-86.9892,0.1764,4,0.1000,1.0000,8,8,8,0,0,8,8,0.0000
4,204.0000,42,22,528.9624,-84.2159,0.7938,7,0.1750,0.8571,7,6,6,0,0,6,6,0.0000
4,204.0000,42,24,526.0402,-83.5874,-0.1191,12,0.3000,0.8571,7,8,8,0,0,8,8,0.0000
4,204.0000,42,29,991.3900,-88.8131,-0.1604,3,0.0750,1.0000,2,8,8,0,0,8,8,0.0000
4,204.0000,42,33,654.7529,-84.9958,0.4707,7,0.1750,1.0000,8,7,6,0,0,7,6,0.1429
4,204.0000,42,35,758.7896,-86.5031,0.5064,6,0.1500,0.8750,8,6,6,0,0,6,6,0.0000
4,204.0000,42,37,823.0267,-88.3356,-0.3148,4,0.1000,1.0000,8,8,8,0,0,8,8,0.0000
4,204.0000,42,38,778.1231,-87.1507,0.6557,6,0.1500,1.0000,8,8,8,0,0,8,8,0.0000
4,204.0000,42,41,801.3150,-85.6841,0.9847,4,0.1000,1.0000,8,7,6,0,0,7,6,0.1429
4,204.0000,42,43,918.3550,-87.0713,-0.3340,3,0.0750,1.0000,8,8,8,0,0,8,8,0.0000
4,204.0000,43,2,825.5931,-87.8913,0.1105,4,0.0976,1.0000,8,6,6,0,0,6,6,0.0000
4,204.0000,43,3,517.9100,-83.8914,-0.4922,9,0.2195,0.8750,8,6,4,0,0,6,4,0.3333
4,204.0000,43,4,511.6516,-84.7668,-0.2635,10,0.2439,0.8571,7,7,6,0,0,7,6,0.1429
4,204.0000,43,6,909.8583,-89.2917,0.0298,3,0.0732,1.0000,4,8,8,0,0,8,8,0.0000
4,204.0000,43,7,590.4711,-85.7179,0.4759,10,0.2439,1.0000,8,8,8,0,0,8,8,0.0000
4,204.0000,43,8,652.7454,-85.3788,-0.4807,8,0.1951,0.7500,8,8,8,0,0,8,8,0.0000
4,204.0000,43,10,378.0354,-81.3511,-0.8691,15,0.3659,0.5000,6,7,5,0,0,7,5,0.2857
4,204.0000,43,11,753.9699,-87.1031,-0.3464,7,0.1707,1.0000,8,8,8,0,0,8,8,0.0000
4,204.0000,43,12,742.2630,-87.0340,0.0144,6,0.1463,1.0000,8,7,6,0,0,7,6,0.1429
4,204.0000,43,13,382.8204,-78.8319,0.2693,23,0.5610,0.7143,7,6,3,0,0,6,3,0.5000
4,204.0000,43,15,291.6288,-77.7306,-0.1076,27,0.6585,0.7143,7,4,0,0,0,4,0,1.0000
4,204.0000,43,16,840.5834,-86.0291,-0.7029,7,0.1707,1.0000,4,8,7,0,0,8,7,0.1250
4,204.0000,43,17,832.8222,-87.8719,0.0799,4,0.0976,1.0000,8,7,6,0,0,7,6,0.1429
4,204.0000,43,20,89.9341,-70.2427,1.0744,35,0.8537,0.0000,4,5,1,0,0,5,1,0.8000
4,204.0000,43,22,454.7816,-83.6835,-0.1522,14,0.3415,0.8571,7,7,5,0,0,7,5,0.2857
4,204.0000,43,23,299.3987,-79.0527,0.0146,23,0.5610,0.5000,6,5,1,0,0,5,1,0.8000
4,204.0000,43,26,620.5545,-84.0645,-1.2727,10,0.2439,0.8571,7,8,7,0,0,8,7,0.1250
4,204.0000,43,28,697.1959,-84.5387,-0.4039,8,0.1951,0.8571,7,8,8,0,0,8,8,0.0000
4,204.0000,43,29,861.1008,-87.7971,1.2358,4,0.0976,0.8333,6,6,6,0,0,6,6,0.0000
4,204.0000,43,30,720.5102,-86.1792,0.9111,6,0.1463,1.0000,8,8,8,0,0,8,8,0.0000
4,204.0000,43,31,412.5991,-80.9454,-1.1758,18,0.4390,0.8571,7,7,6,0,0,7,6,0.1429
4,204.0000,43,33,530.8423,-84.1591,-0.6965,12,0.2927,0.8750,8,7,5,0,0,7,5,0.2857
4,204.0000,43,34,823.4157,-88.3651,0.1274,4,0.0976,0.8750,8,6,6,0,0,6,6,0.0000
4,204.0000,43,35,808.4574,-87.3073,1.3469,3,0.0732,0.8750,8,8,8,0,0,8,8,0.0000
4,204.0000,43,37,463.3712,-83.4881,0.4623,15,0.3659,0.8571,7,8,7,0,0,8,7,0.1250
4,204.0000,43,38,691.5958,-86.4960,-1.2047,7,0.1707,1.0000,8,8,8,0,0,8,8,0.0000
4,204.0000,43,39,825.5705,-87.8927,-1.1204,3,0.0732,1.0000,8,6,6,0,0,6,6,0.0000
4,204.0000,43,41,170.1216,-72.0337,-0.3177,34,0.8293,0.3333,6,6,3,0,0,6,3,0.5000
4,204.0000,43,42,918.3550,-88.0338,1.5244,6,0.1463,1.0000,6,5,4,0,0,5,4,0.2000
4,204.0000,43,46,565.3438,-82.9696,-0.7665,10,0.2439,0.8571,7,8,8,0,0,8,8,0.0000
4,204.0000,43,47,673.1320,-85.7116,-0.1761,8,0.1951,1.0000,8,7,6,0,0,7,6,0.1429
4,204.0000,44,0,446.5426,-83.8674,0.2227,23,0.5897,0.6667,6,5,1,0,0,5,1,0.8000
4,204.0000,44,1,925.7544,-88.1423,0.3818,7,0.1795,1.0000,8,6,6,0,0,6,6,0.0000
4,204.0000,44,5,964.3697,-87.2891,0.4490,5,0.1282,1.0000,8,4,4,0,0,4,4,0.0000
4,204.0000,44,9,728.9417,-86.7669,-0.0612,7,0.1795,0.8571,7,8,8,0,0,8,8,0.0000
4,204.0000,44,12,355.7850,-79.8377,-1.5247,24,0.6154,0.4000,5,7,5,0,0,7,5,0.2857
4,204.0000,44,13,734.9841,-87.9685,-0.0849,3,0.0769,1.0000,8,8,8,0,0,8,8,0.0000
4,204.0000,44,18,813.8421,-87.6008,0.0570,7,0.1795,0.8750,8,8,8,0,0,8,8,0.0000
4,204.0000,44,19,248.5238,-77.0647,-0.0252,27,0.6923,0.2000,5,5,1,0,0,5,1,0.8000
4,204.0000,44,21,513.7224,-84.3546,0.5163,20,0.5128,0.0000,4,5,2,0,0,5,2,0.6000
4,204.0000,44,25,827.6660,-88.5779,-0.1267,5,0.1282,1.0000,8,8,8,0,0,8,8,0.0000
4,204.0000,44,27,754.8531,-86.9090,-0.0045,10,0.2564,1.0000,6,7,6,0,0,7,6,0.1429
4,204.0000,44,28,396.8310,-80.9232,0.1715,16,0.4103,0.0000,4,6,3,0,0,6,3,0.5000
4,204.0000,44,30,400.8260,-81.7565,-0.1870,22,0.5641,0.8750,8,6,3,0,0,6,3,0.5000
4,204.0000,44,32,631.5411,-85.0433,0.7056,14,0.3590,0.8750,8,8,7,0,0,8,7,0.1250
4,204.0000,44,34,550.2821,-83.1096,1.1160,14,0.3590,0.5714,7,8,7,0,0,8,7,0.1250
4,204.0000,44,36,627.2976,-85.2848,-0.2122,11,0.2821,0.7143,7,8,7,0,0,8,7,0.1250
4,204.0000,44,39,472.0522,-82.2102,0.1310,15,0.3846,1.0000,8,7,5,0,0,7,5,0.2857
4,204.0000,44,40,458.0682,-81.6188,-0.9288,20,0.5128,0.8571,7,8,7,0,0,8,7,0.1250
4,204.0000,44,45,396.4592,-83.2105,0.6908,26,0.6667,0.5000,6,6,4,0,0,6,4,0.3333
4,204.0000,44,46,539.3152,-84.1882,0.2871,7,0.1795,0.8750,8,8,8,0,0,8,8,0.0000
4,204.0000,45,0,244.5306,-76.1448,-0.8339,29,0.7250,0.2000,5,5,2,0,0,5,2,0.6000
4,204.0000,45,1,952.7291,-86.9365,-0.3452,4,0.1000,1.0000,8,2,2,0,0,2,2,0.0000
4,204.0000,45,9,908.4885,-87.2961,0.3707,4,0.1000,1.0000,8,8,8,0,0,8,8,0.0000
4,204.0000,45,12,684.0543,-86.2215,0.7330,5,0.1250,1.0000,8,7,6,0,0,7,6,0.1429
4,204.0000,45,18,783.9876,-86.2422,0.0935,8,0.2000,0.8571,7,7,6,0,0,7,6,0.1429
4,204.0000,45,19,640.2582,-84.3638,-0.0487,6,0.1500,0.6667,6,5,4,0,0,5,4,0.2000
4,204.0000,45,21,152.1277,-69.8065,-0.8943,33,0.8250,0.0000,4,4,0,0,0,4,0,1.0000
4,204.0000,45,25,887.9248,-87.3282,0.3553,5,0.1250,1.0000,6,8,8,0,0,8,8,0.0000
4,204.0000,45,27,771.8645,-87.6224,-0.1145,3,0.0750,0.8571,7,7,6,0,0,7,6,0.1429
4,204.0000,45,28,786.9065,-87.4534,0.1093,4,0.1000,1.0000,8,7,5,0,0,7,5,0.2857
4,204.0000,45,32,686.7820,-86.6345,0.3763,6,0.1500,0.8571,7,8,8,0,0,8,8,0.0000
4,204.0000,45,36,470.5861,-83.5650,1.3316,16,0.4000,0.7143,7,5,1,0,0,5,1,0.8000
4,204.0000,45,40,661.1106,-85.7311,-0.4294,7,0.1750,1.0000,8,7,5,0,0,7,5,0.2857
4,204.0000,45,44,396.4592,-82.8850,0.9443,17,0.4250,1.0000,8,6,3,0,0,6,3,0.5000
4,204.0000,46,3,1049.1108,-88.0840,1.5170,5,0.1250,0.8000,5,4,4,0,0,4,4,0.0000
4,204.0000,46,4,1062.7344,-88.3758,0.7732,3,0.0750,1.0000,4,4,4,0,0,4,4,0.0000
4,204.0000,46,5,786.5690,-87.5630,0.1927,7,0.1750,1.0000,8,8,8,0,0,8,8,0.0000
4,204.0000,46,7,896.7692,-86.8526,-0.3571,4,0.1000,1.0000,7,3,2,0,0,3,2,0.3333
4,204.0000,46,8,819.2494,-87.1524,0.6432,8,0.2000,1.0000,4,8,8,0,0,8,8,0.0000
4,204.0000,46,9,885.7119,-87.6787,0.6574,5,0.1250,1.0000,2,6,5,0,0,6,5,0.1667
4,204.0000,46,10,883.8653,-86.9321,0.5519,6,0.1500,0.8571,7,6,6,0,0,6,6,0.0000
4,204.0000,46,12,316.4061,-81.1074,0.4662,24,0.6000,0.7500,8,5,1,0,0,5,1,0.8000
4,204.0000,46,13,213.9498,-74.2111,-1.2299,34,0.8500,0.2000,5,5,2,0,0,5,2,0.6000
4,204.0000,46,15,399.3133,-81.6025,-0.2195,25,0.6250,0.7143,7,7,6,0,0,7,6,0.1429
4,204.0000,46,16,1202.1864,-89.0358,-0.5123,3,0.0750,,0,4,4,0,0,4,4,0.0000
4,204.0000,46,19,340.2850,-81.2040,0.9207,20,0.5000,0.7143,7,7,4,0,0,7,4,0.4286
4,204.0000,46,20,641.0260,-85.7587,-0.3236,9,0.2250,0.8750,8,8,8,0,0,8,8,0.0000
4,204.0000,46,21,1050.0247,-89.6049,-0.1450,3,0.0750,,0,4,4,0,0,4,4,0.0000
4,204.0000,46,22,979.3643,-88.7538,0.3857,4,0.1000,1.0000,8,8,8,0,0,8,8,0.0000
4,204.0000,46,23,836.5246,-86.9280,0.3730,6,0.1500,1.0000,8,8,8,0,0,8,8,0.0000
4,204.0000,46,26,503.3728,-84.3169,-0.7008,17,0.4250,1.0000,8,7,6,0,0,7,6,0.1429
4,204.0000,46,28,144.6242,-73.5133,-0.1848,35,0.8750,0.2000,5,5,1,0,0,5,1,0.8000
4,204.0000,46,29,755.4468,-87.2927,1.0132,10,0.2500,0.8571,7,8,8,0,0,8,8,0.0000
4,204.0000,46,30,301.3130,-78.7111,-0.5201,35,0.8750,0.3333,6,4,1,0,0,4,1,0.7500
4,204.0000,46,31,278.9594,-77.5066,-0.6260,27,0.6750,0.5000,6,6,4,0,0,6,4,0.3333
4,204.0000,46,33,1058.7186,-88.1562,-0.2493,5,0.1250,1.0000,6,4,4,0,0,4,4,0.0000
4,204.0000,46,34,390.5425,-83.5316,0.8551,16,0.4000,0.7143,7,6,4,0,0,6,4,0.3333
4,204.0000,46,37,933.3102,-88.3245,0.6778,5,0.1250,1.0000,8,2,2,0,0,2,2,0.0000
4,204.0000,46,39,360.3302,-82.5677,0.3340,18,0.4500,0.6250,8,4,2,0,0,4,2,0.5000
4,204.0000,46,40,697.5407,-86.8665,0.1791,10,0.2500,0.8000,5,8,8,0,0,8,8,0.0000
4,204.0000,46,41,576.1578,-84.1264,-0.2365,14,0.3500,1.0000,8,6,4,0,0,6,4,0.3333
4,204.0000,46,43,565.3438,-83.4640,-0.1944,15,0.3750,0.8571,7,7,5,0,0,7,5,0.2857
4,204.0000,46,44,539.3152,-85.1272,-0.1293,16,0.4000,0.8750,8,8,7,0,0,8,7,0.1250
4,204.0000,47,2,812.5421,-87.1135,-0.2901,3,0.0750,0.8571,7,8,8,0,0,8,8,0.0000
4,204.0000,47,3,213.1195,-76.4444,-0.4665,30,0.7500,0.2000,5,4,0,0,0,4,0,1.0000
4,204.0000,47,4,517.5613,-82.9789,-0.4436,17,0.4250,0.8571,7,7,6,0,0,7,6,0.1429
4,204.0000,47,6,292.9066,-80.2085,0.4083,27,0.6750,0.4000,5,6,3,0,0,6,3,0.5000
4,204.0000,47,7,775.9693,-86.5923,-1.0950,7,0.1750,1.0000,8,6,6,0,0,6,6,0.0000
4,204.0000,47,10,460.6339,-82.6138,-0.5277,15,0.3750,0.8889,9,6,6,0,0,6,6,0.0000
4,204.0000,47,11,204.2460,-76.3157,0.5775,31,0.7750,0.5000,6,4,0,0,0,4,0,1.0000
4,204.0000,47,13,983.6294,-87.3626,-0.3574,4,0.1000,1.0000,8,6,6,0,0,6,6,0.0000
4,204.0000,47,14,549.3963,-84.7179,0.0006,17,0.4250,0.5714,7,7,5,0,0,7,5,0.2857
4,204.0000,47,15,760.5056,-85.5909,-0.4369,9,0.2250,1.0000,8,8,8,0,0,8,8,0.0000
4,204.0000,47,16,955.4653,-88.0754,-0.9157,3,0.0750,1.0000,4,8,8,0,0,8,8,0.0000
4,204.0000,47,17,457.3308,-82.4474,0.3922,21,0.5250,0.4000,5,6,4,0,0,6,4,0.3333
4,204.0000,47,20,612.9439,-85.7317,-0.0904,9,0.2250,1.0000,8,7,6,0,0,7,6,0.1429
4,204.0000,47,22,621.8967,-86.1782,0.2152,8,0.2000,0.8571,7,8,7,0,0,8,7,0.1250
4,204.0000,47,23,513.2237,-83.8180,-0.7504,17,0.4250,1.0000,8,7,5,0,0,7,5,0.2857
4,204.0000,47,24,577.9561,-84.3966,0.3156,15,0.3750,0.8333,6,8,8,0,0,8,8,0.0000
4,204.0000,47,31,1003.6594,-89.0980,-0.0171,4,0.1000,1.0000,8,4,4,0,0,4,4,0.0000
4,204.0000,47,33,318.5676,-80.2605,0.1226,22,0.5500,0.4444,9,6,2,0,0,6,2,0.6667
4,204.0000,47,35,292.6768,-78.9899,-0.5038,32,0.8000,0.2000,5,8,5,0,0,8,5,0.3750
4,204.0000,47,37,261.7110,-76.0642,-0.7119,30,0.7500,0.4286,7,6,3,0,0,6,3,0.5000
4,204.0000,47,38,192.4375,-74.7443,-0.2344,33,0.8250,0.2000,5,4,0,0,0,4,0,1.0000
4,204.0000,47,41,715.1761,-86.3621,-0.5265,5,0.1250,1.0000,8,9,8,0,0,9,8,0.1111
4,204.0000,47,42,953.1438,-87.7910,0.5279,4,0.1000,1.0000,4,4,4,0,0,4,4,0.0000
4,204.0000,47,43,673.1320,-86.6823,-0.0886,9,0.2250,1.0000,8,7,6,0,0,7,6,0.1429
4,208.0000,0,1,662.6633,-85.5348,0.8562,16,0.4000,1.0000,8,6,4,0,0,6,4,0.3333
4,208.0000,0,9,661.2734,-87.2384,0.6168,8,0.2000,1.0000,8,7,5,0,0,7,5,0.2857
4,208.0000,0,18,505.5671,-83.6359,0.3324,22,0.5500,0.7143,7,9,7,0,0,9,7,0.2222
4,208.0000,0,19,629.6769,-85.2455,-0.6397,7,0.1750,0.8571,7,8,7,0,0,8,7,0.1250
4,208.0000,0,21,288.6881,-77.2164,-0.8124,37,0.9250,0.0000,4,6,3,0,0,6,3,0.5000
4,208.0000,0,25,525.4180,-85.0451,0.1245,21,0.5250,0.7500,8,5,4,0,0,5,4,0.2000
4,208.0000,0,27,423.1209,-82.8454,-0.0621,26,0.6500,0.5714,7,5,2,0,0,5,2,0.6000
4,208.0000,0,32,283.6848,-80.8036,0.6750,31,0.7750,0.7143,7,4,0,0,0,4,0,1.0000
4,208.0000,0,36,170.5223,-74.6953,0.6198,38,0.9500,0.0000,4,4,0,0,0,4,0,1.0000
4,208.0000,0,39,709.4010,-85.7063,-0.9773,6,0.1500,1.0000,6,8,8,0,0,8,8,0.0000
4,208.0000,0,40,501.9734,-83.9458,0.3691,19,0.4750,0.8571,7,6,3,0,0,6,3,0.5000
4,208.0000,0,44,394.6946,-81.9855,0.0709,19,0.4750,0.7143,7,5,2,0,0,5,2,0.6000
4,208.0000,0,45,339.0812,-78.9838,-0.2261,34,0.8500,0.2000,5,6,4,0,0,6,4,0.3333
4,208.0000,1,0,662.6633,-86.1425,-1.0101,9,0.2250,0.8571,7,8,7,0,0,8,7,0.1250
4,208.0000,1,5,1067.5569,-88.2073,-0.9859,3,0.0750,1.0000,6,6,6,0,0,6,6,0.0000
4,208.0000,1,9,447.4148,-82.8132,-0.4079,22,0.5500,0.5714,7,8,5,0,0,8,5,0.3750
4,208.0000,1,18,276.4144,-78.7056,0.1389,37,0.9250,0.2000,5,4,0,0,0,4,0,1.0000
4,208.0000,1,21,908.6291,-88.1494,-0.6281,6,0.1500,1.0000,8,7,6,0,0,7,6,0.1429
4,208.0000,1,25,166.6685,-72.1854,-0.0391,36,0.9000,0.0000,4,5,1,0,0,5,1,0.8000
4,208.0000,1,27,330.3805,-78.2314,-0.9686,32,0.8000,0.4000,5,5,2,0,0,5,2,0.6000
4,208.0000,1,32,418.5972,-80.5639,-1.0889,29,0.7250,0.6667,6,7,6,0,0,7,6,0.1429
4,208.0000,1,36,685.8276,-84.6946,-1.0366,19,0.4750,0.8750,8,8,7,0,0,8,7,0.1250
4,208.0000,1,39,939.4679,-87.7064,-1.2298,4,0.1000,1.0000,8,8,8,0,0,8,8,0.0000
4,208.0000,1,40,596.5309,-85.8939,-0.0989,11,0.2750,1.0000,8,7,4,0,0,7,4,0.4286
4,208.0000,1,44,952.9557,-87.9426,0.0760,4,0.1000,1.0000,6,6,6,0,0,6,6,0.0000
4,208.0000,2,3,603.2443,-85.4270,0.2430,10,0.2500,1.0000,6,7,6,0,0,7,6,0.1429
4,208.0000,2,4,313.9549,-80.6382,0.6326,19,0.4750,0.5000,6,5,2,0,0,5,2,0.6000
4,208.0000,2,6,713.8319,-86.8754,0.0619,9,0.2250,1.0000,8,7,6,0,0,7,6,0.1429
4,208.0000,2,7,427.6541,-83.0420,0.7555,17,0.4250,1.0000,8,6,4,0,0,6,4,0.3333
4,208.0000,2,8,677.6086,-86.4749,-0.1480,10,0.2500,0.8750,8,8,6,0,0,8,6,0.2500
4,208.0000,2,10,321.2434,-82.7985,0.9623,17,0.4250,0.4000,5,4,0,0,0,4,0,1.0000
4,208.0000,2,11,508.9315,-85.5824,-0.1902,15,0.3750,0.8571,7,7,4,0,0,7,4,0.4286
4,208.0000,2,14,399.2169,-82.9964,0.8367,23,0.5750,0.8571,7,5,1,0,0,5,1,0.8000
4,208.0000,2,16,251.2041,-77.8220,-0.0479,34,0.8500,0.2000,5,4,0,0,0,4,0,1.0000
4,208.0000,2,17,431.4643,-82.5333,0.4338,19,0.4750,0.8750,8,5,2,0,0,5,2,0.6000
4,208.0000,2,20,687.6681,-85.2820,0.8487,11,0.2750,1.0000,8,7,6,0,0,7,6,0.1429
4,208.0000,2,22,357.2603,-80.8749,0.5677,16,0.4000,0.7143,7,6,4,0,0,6,4,0.3333
4,208.0000,2,23,712.9361,-87.2770,0.1747,10,0.2500,0.8889,9,6,6,0,0,6,6,0.0000
4,208.0000,2,24,348.7433,-81.6285,0.3090,24,0.6000,0.5714,7,6,3,0,0,6,3,0.5000
4,208.0000,2,26,920.8923,-88.4114,0.3988,3,0.0750,,0,6,6,0,0,6,6,0.0000
4,208.0000,2,31,953.8925,-89.5562,-0.8525,3,0.0750,0.8571,7,8,8,0,0,8,8,0.0000
4,208.0000,2,33,491.0576,-82.9326,-0.1256,11,0.2750,0.6667,6,7,6,0,0,7,6,0.1429
4,208.0000,2,35,444.1694,-84.1448,0.9110,21,0.5250,0.8750,8,6,3,0,0,6,3,0.5000
4,208.0000,2,37,508.2035,-84.4807,0.3056,15,0.3750,1.0000,8,7,5,0,0,7,5,0.2857
4,208.0000,2,38,557.2432,-85.0447,0.4342,17,0.4250,0.7143,7,7,5,0,0,7,5,0.2857
4,208.0000,2,41,628.2984,-85.8399,-0.2589,5,0.1250,0.8750,8,7,6,0,0,7,6,0.1429
4,208.0000,2,42,256.4796,-75.3119,-1.2376,35,0.8750,0.0000,4,7,4,0,0,7,4,0.4286
4,208.0000,2,43,779.5854,-87.4651,0.4050,7,0.1750,1.0000,8,8,8,0,0,8,8,0.0000
4,208.0000,2,47,764.0149,-87.2525,-0.8364,11,0.2750,1.0000,6,7,6,0,0,7,6,0.1429
4,208.0000,3,2,603.2443,-84.7207,0.6894,13,0.3250,0.8571,7,7,5,0,0,7,5,0.2857
4,208.0000,3,4,426.8312,-80.4305,0.0014,19,0.4750,0.6667,6,7,6,0,0,7,6,0.1429
4,208.0000,3,6,309.2732,-80.7029,0.1151,30,0.7500,0.6667,6,8,4,0,0,8,4,0.5000
4,208.0000,3,7,639.1802,-85.5828,-0.4835,9,0.2250,0.8571,7,8,8,0,0,8,8,0.0000
4,208.0000,3,10,375.2331,-80.4757,-0.4923,17,0.4250,0.5714,7,8,6,0,0,8,6,0.2500
4,208.0000,3,11,250.6174,-76.5944,0.2367,31,0.7750,0.4286,7,7,5,0,0,7,5,0.2857
4,208.0000,3,13,963.7136,-85.9894,-0.5686,3,0.0750,0.8750,8,6,6,0,0,6,6,0.0000
4,208.0000,3,14,595.3637,-83.7868,-0.4554,15,0.3750,0.8571,7,8,7,0,0,8,7,0.1250
4,208.0000,3,15,818.3652,-86.1636,-0.8858,6,0.1500,0.5000,6,8,8,0,0,8,8,0.0000
4,208.0000,3,16,820.5087,-87.1343,0.4905,5,0.1250,1.0000,8,8,8,0,0,8,8,0.0000
4,208.0000,3,17,384.7725,-81.0416,0.2987,23,0.5750,0.4000,5,6,3,0,0,6,3,0.5000
4,208.0000,3,20,502.0558,-82.0836,-0.1427,14,0.3500,0.6667,6,8,8,0,0,8,8,0.0000
4,208.0000,3,22,406.9955,-81.7279,-0.3539,18,0.4500,0.6667,6,6,3,0,0,6,3,0.5000
4,208.0000,3,23,339.9071,-79.6090,0.3557,19,0.4750,0.5000,6,7,5,0,0,7,5,0.2857
4,208.0000,3,24,480.3417,-83.3740,0.1164,23,0.5750,0.5000,6,5,2,0,0,5,2,0.6000
4,208.0000,3,33,146.9406,-72.1257,0.3871,30,0.7500,0.0000,4,4,0,0,0,4,0,1.0000
4,208.0000,3,35,376.0008,-79.7956,0.0350,26,0.6500,0.3333,6,8,6,0,0,8,6,0.2500
4,208.0000,3,37,252.3130,-75.9876,-0.9413,28,0.7000,0.3333,6,6,3,0,0,6,3,0.5000
4,208.0000,3,38,227.6517,-76.0412,0.2230,31,0.7750,0.2000,5,5,1,0,0,5,1,0.8000
4,208.0000,3,41,578.8366,-84.6549,-0.1635,10,0.2500,0.6667,6,7,6,0,0,7,6,0.1429
4,208.0000,3,42,854.0189,-87.6232,-0.1491,4,0.1000,0.8750,8,7,6,0,0,7,6,0.1429
4,208.0000,3,43,538.3185,-85.1911,0.0972,10,0.2500,0.5000,6,8,8,0,0,8,8,0.0000
4,208.0000,3,47,222.9007,-76.1146,0.1543,36,0.9000,0.0000,4,5,1,0,0,5,1,0.8000
4,208.0000,4,2,313.9549,-81.1755,1.5299,23,0.5750,0.5714,7,5,1,0,0,5,1,0.8000
4,208.0000,4,3,426.8312,-80.6939,0.3524,21,0.5250,0.5000,6,7,5,0,0,7,5,0.2857
4,208.0000,4,6,661.6362,-86.8503,0.7659,11,0.2750,0.4000,5,8,7,0,0,8,7,0.1250
4,208.0000,4,7,468.3390,-83.7863,0.2666,16,0.4000,0.5000,6,7,5,0,0,7,5,0.2857
4,208.0000,4,8,619.1119,-86.2163,0.4358,10,0.2500,1.0000,8,8,8,0,0,8,8,0.0000
4,208.0000,4,10,224.4577,-77.2590,-0.3033,26,0.6500,0.4000,5,5,2,0,0,5,2,0.6000
4,208.0000,4,11,478.9990,-85.3466,-0.6251,15,0.3750,0.8571,7,6,4,0,0,6,4,0.3333
4,208.0000,4,13,821.2820,-85.9493,0.6684,7,0.1750,1.0000,6,8,8,0,0,8,8,0.0000
4,208.0000,4,14,590.2179,-85.6955,-0.1172,13,0.3250,0.7143,7,5,4,0,0,5,4,0.2000
4,208.0000,4,15,809.1939,-87.4399,0.8811,4,0.1000,1.0000,8,4,4,0,0,4,4,0.0000
4,208.0000,4,16,519.6833,-84.5997,0.1135,12,0.3000,0.6667,6,6,4,0,0,6,4,0.3333
4,208.0000,4,17,400.8776,-82.1024,0.1711,21,0.5250,0.7143,7,5,2,0,0,5,2,0.6000
4,208.0000,4,20,430.4174,-82.9727,0.8853,13,0.3250,0.7143,7,6,4,0,0,6,4,0.3333
4,208.0000,4,22,44.7942,-65.4645,3.3457,39,0.9750,0.1667,6,6,3,0,0,6,3,0.5000
4,208.0000,4,23,416.7584,-81.6960,0.0638,21,0.5250,0.8571,7,7,6,0,0,7,6,0.1429
4,208.0000,4,24,487.0048,-83.7273,-0.7125,17,0.4250,0.7143,7,7,5,0,0,7,5,0.2857
4,208.0000,4,26,861.4902,-87.8208,0.9979,4,0.1000,1.0000,6,7,6,0,0,7,6,0.1429
4,208.0000,4,33,321.4109,-78.4048,-1.3503,24,0.6000,0.8571,7,6,2,0,0,6,2,0.6667
4,208.0000,4,35,500.6799,-82.7062,0.1694,19,0.4750,0.7143,7,6,3,0,0,6,3,0.5000
4,208.0000,4,37,411.3751,-81.8173,0.3247,17,0.4250,0.7143,7,6,3,0,0,6,3,0.5000
4,208.0000,4,38,506.0578,-83.6577,-1.6994,16,0.4000,0.5000,6,6,2,0,0,6,2,0.6667
4,208.0000,4,41,428.0051,-81.9939,0.5743,17,0.4250,0.4000,5,6,3,0,0,6,3,0.5000
4,208.0000,4,42,518.5451,-84.6572,0.4314,17,0.4250,0.6667,6,6,3,0,0,6,3,0.5000
4,208.0000,4,43,513.9576,-84.2778,0.1238,15,0.3750,0.8571,7,6,3,0,0,6,3,0.5000
4,208.0000,4,47,639.7568,-85.3357,0.5102,15,0.3750,0.8571,7,6,4,0,0,6,4,0.3333
4,208.0000,5,8,529.4926,-84.2233,0.2552,10,0.2500,0.8571,7,8,7,0,0,8,7,0.1250
4,208.0000,5,9,677.7335,-84.7856,0.0981,17,0.4250,1.0000,8,8,8,0,0,8,8,0.0000
4,208.0000,5,18,1044.9338,-87.5346,1.4111,3,0.0750,,0,6,6,0,0,6,6,0.0000
4,208.0000,5,19,883.7194,-87.3098,-0.4926,3,0.0750,0.8750,8,4,4,0,0,4,4,0.0000
4,208.0000,5,25,969.8173,-88.0715,0.1589,6,0.1500,1.0000,8,4,4,0,0,4,4,0.0000
4,208.0000,5,26,278.2962,-79.7209,0.7559,26,0.6500,0.0000,4,5,1,0,0,5,1,0.8000
4,208.0000,5,27,895.8981,-86.3726,0.2772,6,0.1500,0.8571,7,8,8,0,0,8,8,0.0000
4,208.0000,5,28,770.5694,-85.3667,0.2436,3,0.0750,1.0000,8,8,8,0,0,8,8,0.0000
4,208.0000,5,29,174.6543,-74.0396,0.2979,34,0.8500,0.0000,4,5,1,0,0,5,1,0.8000
4,208.0000,5,31,519.8966,-85.1426,-2.3621,3,0.0750,1.0000,8,7,6,0,0,7,6,0.1429
4,208.0000,5,32,1012.4518,-87.8608,-1.5334,4,0.1000,1.0000,8,6,6,0,0,6,6,0.0000
4,208.0000,5,34,437.7495,-82.7031,0.7466,12,0.3000,0.7143,7,8,7,0,0,8,7,0.1250
4,208.0000,5,39,577.8479,-84.2482,0.0024,9,0.2250,0.7143,7,8,7,0,0,8,7,0.1250
4,208.0000,5,40,691.8076,-86.2874,0.1941,12,0.3000,1.0000,8,7,6,0,0,7,6,0.1429
4,208.0000,5,46,669.0980,-86.2438,-0.1733,4,0.1000,1.0000,8,8,8,0,0,8,8,0.0000
4,208.0000,6,2,713.8319,-87.2482,0.6810,6,0.1500,1.0000,8,8,8,0,0,8,8,0.0000
4,208.0000,6,3,309.2732,-80.9766,1.4695,19,0.4750,0.6667,6,5,1,0,0,5,1,0.8000
4,208.0000,6,4,661.6362,-86.2787,1.3104,7,0.1750,0.9000,10,7,6,0,0,7,6,0.1429
4,208.0000,6,7,735.8286,-87.2926,1.9210,3,0.0750,1.0000,8,6,4,0,0,6,4,0.3333
4,208.0000,6,10,543.0745,-84.5537,0.5535,11,0.2750,0.8750,8,8,8,0,0,8,8,0.0000
4,208.0000,6,11,205.6164,-74.0124,-0.3488,30,0.7500,0.4000,5,7,5,0,0,7,5,0.2857
4,208.0000,6,14,510.6956,-83.0065,0.0059,18,0.4500,0.4000,5,6,2,0,0,6,2,0.6667
4,208.0000,6,16,900.3027,-88.1349,-0.0304,6,0.1500,1.0000,8,8,8,0,0,8,8,0.0000
4,208.0000,6,17,481.4901,-82.8302,0.3491,21,0.5250,0.2000,5,6,4,0,0,6,4,0.3333
4,208.0000,6,22,656.8959,-86.8052,0.8491,7,0.1750,1.0000,8,7,6,0,0,7,6,0.1429
4,208.0000,6,23,642.3774,-86.2241,-0.4953,5,0.1250,1.0000,8,7,5,0,0,7,5,0.2857
4,208.0000,6,24,436.0133,-81.2785,-0.7622,17,0.4250,0.5000,6,5,2,0,0,5,2,0.6000
4,208.0000,6,33,375.4406,-81.8966,1.6100,16,0.4000,1.0000,8,5,2,0,0,5,2,0.6000
4,208.0000,6,35,298.3605,-76.2884,-1.8926,26,0.6500,0.0000,4,6,4,0,0,6,4,0.3333
4,208.0000,6,37,351.1890,-82.3914,1.3440,14,0.3500,0.6667,6,5,2,0,0,5,2,0.6000
4,208.0000,6,38,175.4386,-74.7513,0.8132,31,0.7750,0.2000,5,4,0,0,0,4,0,1.0000
4,208.0000,6,43,797.3866,-87.7354,1.4001,3,0.0750,1.0000,8,7,6,0,0,7,6,0.1429
4,208.0000,6,47,166.8461,-76.1004,1.3130,33,0.8250,0.2500,4,5,1,0,0,5,1,0.8000
4,208.0000,7,2,427.6541,-83.0843,0.5632,17,0.4250,1.0000,8,6,4,0,0,6,4,0.3333
4,208.0000,7,3,639.1802,-86.3203,0.4880,13,0.3250,1.0000,8,8,7,0,0,8,7,0.1250
4,208.0000,7,4,468.3390,-83.8461,0.1243,16,0.4000,1.0000,8,7,5,0,0,7,5,0.2857
4,208.0000,7,5,839.4659,-86.9446,-0.0828,4,0.1000,1.0000,8,7,6,0,0,7,6,0.1429
4,208.0000,7,6,735.8286,-87.6364,-0.2845,7,0.1750,0.8750,8,8,7,0,0,8,7,0.1250
4,208.0000,7,8,525.1561,-84.0400,-0.3184,13,0.3250,0.8571,7,7,5,0,0,7,5,0.2857
4,208.0000,7,10,296.6099,-79.8587,0.4106,19,0.4750,0.6667,6,8,7,0,0,8,7,0.1250
4,208.0000,7,11,570.7094,-85.4510,1.3322,10,0.2500,0.8750,8,8,8,0,0,8,8,0.0000
4,208.0000,7,12,1082.4709,-88.9110,-1.0889,3,0.0750,,0,6,6,0,0,6,6,0.0000
4,208.0000,7,13,669.3426,-86.2377,0.3377,9,0.2250,1.0000,8,8,8,0,0,8,8,0.0000
4,208.0000,7,14,520.8381,-84.8826,-0.2351,16,0.4000,0.8889,9,7,6,0,0,7,6,0.1429
4,208.0000,7,15,698.7484,-85.8656,0.7020,9,0.2250,1.0000,8,8,8,0,0,8,8,0.0000
4,208.0000,7,16,420.1335,-81.2393,-0.1715,21,0.5250,0.6667,6,7,4,0,0,7,4,0.4286
4,208.0000,7,17,716.3829,-86.6793,0.2539,7,0.1750,0.8571,7,7,6,0,0,7,6,0.1429
4,208.0000,7,20,527.4089,-84.3569,-1.4387,11,0.2750,1.0000,8,8,8,0,0,8,8,0.0000
4,208.0000,7,22,481.4761,-83.5710,-0.1768,13,0.3250,0.6000,5,6,4,0,0,6,4,0.3333
4,208.0000,7,23,702.7405,-86.8696,-0.3408,11,0.2750,0.8571,7,8,8,0,0,8,8,0.0000
4,208.0000,7,24,473.7738,-84.4544,0.0519,17,0.4250,0.8571,7,8,4,0,0,8,4,0.5000
4,208.0000,7,26,658.1930,-86.3964,0.6715,10,0.2500,1.0000,8,8,8,0,0,8,8,0.0000
4,208.0000,7,29,691.2117,-86.3303,0.7314,10,0.2500,0.8571,7,7,5,0,0,7,5,0.2857
4,208.0000,7,31,626.7779,-85.3379,-0.2082,11,0.2750,1.0000,8,8,7,0,0,8,7,0.1250
4,208.0000,7,33,495.6363,-84.6768,0.3221,11,0.2750,0.6667,6,8,8,0,0,8,8,0.0000
4,208.0000,7,34,904.0047,-87.6206,1.4322,4,0.1000,1.0000,8,8,8,0,0,8,8,0.0000
4,208.0000,7,35,550.3293,-85.3591,1.4336,13,0.3250,0.8750,8,8,7,0,0,8,7,0.1250
4,208.0000,7,37,416.8389,-83.8168,0.4476,17,0.4250,0.7143,7,8,5,0,0,8,5,0.3750
4,208.0000,7,38,648.5928,-86.1843,0.6622,9,0.2250,0.8571,7,8,7,0,0,8,7,0.1250
4,208.0000,7,41,404.3007,-83.2908,-1.1851,12,0.3000,0.7143,7,7,4,0,0,7,4,0.4286
4,208.0000,7,42,506.2728,-84.2301,0.5646,19,0.4750,0.8571,7,7,6,0,0,7,6,0.1429
4,208.0000,7,43,611.0154,-85.7987,0.2706,12,0.3000,0.8571,7,7,6,0,0,7,6,0.1429
4,208.0000,7,46,939.5344,-88.8793,-0.4517,3,0.0750,1.0000,8,4,4,0,0,4,4,0.0000
4,208.0000,7,47,771.8515,-87.3476,-0.3876,10,0.2500,1.0000,8,7,6,0,0,7,6,0.1429
4,208.0000,8,2,677.6086,-85.6117,0.4902,9,0.2195,1.0000,8,8,7,0,0,8,7,0.1250
4,208.0000,8,4,619.1119,-86.0840,0.7082,11,0.2683,0.8571,7,7,5,0,0,7,5,0.2857
4,208.0000,8,5,529.4926,-84.3053,0.9189,18,0.4390,1.0000,8,7,6,0,0,7,6,0.1429
4,208.0000,8,7,525.1561,-84.7434,-1.4188,12,0.2927,0.8571,7,8,7,0,0,8,7,0.1250
4,208.0000,8,9,1061.3201,-87.7232,-0.5618,3,0.0732,1.0000,8,2,2,0,0,2,2,0.0000
4,208.0000,8,10,634.6116,-85.6437,-0.0719,8,0.1951,1.0000,8,8,8,0,0,8,8,0.0000
4,208.0000,8,13,515.0416,-84.8150,0.1182,10,0.2439,0.8571,7,8,8,0,0,8,8,0.0000
4,208.0000,8,15,722.0448,-89.0218,0.0928,7,0.1707,1.0000,8,7,5,0,0,7,5,0.2857
4,208.0000,8,16,627.4927,-85.3179,-0.4432,11,0.2683,0.4000,5,9,7,0,0,9,7,0.2222
4,208.0000,8,20,598.8837,-85.1808,0.0672,10,0.2439,1.0000,8,8,8,0,0,8,8,0.0000
4,208.0000,8,22,623.2909,-86.2469,-0.6676,9,0.2195,0.7143,7,7,5,0,0,7,5,0.2857
4,208.0000,8,23,831.4491,-86.7909,1.3758,3,0.0732,1.0000,8,6,6,0,0,6,6,0.0000
4,208.0000,8,24,919.7186,-87.7926,0.3874,4,0.0976,1.0000,8,6,6,0,0,6,6,0.0000
4,208.0000,8,26,283.6420,-79.2487,0.7042,23,0.5610,0.6667,6,4,0,0,0,4,0,1.0000
4,208.0000,8,28,869.1908,-88.0553,8.0838,3,0.0732,0.8000,5,8,8,0,0,8,8,0.0000
4,208.0000,8,29,393.3341,-82.2876,0.8213,21,0.5122,0.6667,6,7,6,0,0,7,6,0.1429
4,208.0000,8,31,453.9431,-85.3619,0.5452,11,0.2683,0.6667,6,8,6,0,0,8,6,0.2500
4,208.0000,8,33,826.1777,-87.1799,0.7867,4,0.0976,1.0000,8,8,8,0,0,8,8,0.0000
4,208.0000,8,34,658.4715,-86.2607,-0.0364,8,0.1951,1.0000,8,8,8,0,0,8,8,0.0000
4,208.0000,8,35,992.2310,-89.3812,0.3070,3,0.0732,1.0000,4,8,8,0,0,8,8,0.0000
4,208.0000,8,37,827.6520,-87.8456,0.6636,4,0.0976,0.8571,7,8,8,0,0,8,8,0.0000
4,208.0000,8,38,1050.9541,-89.1396,1.1300,4,0.0976,,0,8,8,0,0,8,8,0.0000
4,208.0000,8,39,808.2899,-86.9206,-0.5785,6,0.1463,1.0000,8,6,6,0,0,6,6,0.0000
4,208.0000,8,41,466.6272,-83.4567,0.3342,9,0.2195,0.8571,7,7,6,0,0,7,6,0.1429
4,208.0000,8,42,636.4449,-85.7584,0.8596,10,0.2439,0.8750,8,8,8,0,0,8,8,0.0000
4,208.0000,8,43,664.6827,-85.2741,0.5649,9,0.2195,0.8750,8,7,6,0,0,7,6,0.1429
4,208.0000,8,46,735.8954,-87.1602,-0.2697,6,0.1463,1.0000,6,6,6,0,0,6,6,0.0000
4,208.0000,8,47,1155.4287,-89.7696,-0.1190,3,0.0732,1.0000,6,2,2,0,0,2,2,0.0000
4,208.0000,9,0,661.2734,-85.7016,-0.3086,14,0.3500,0.8571,7,6,3,0,0,6,3,0.5000
4,208.0000,9,1,447.4148,-84.2342,0.7973,29,0.7250,0.7143,7,7,6,0,0,7,6,0.1429
4,208.0000,9,5,677.7335,-83.9097,0.0066,15,0.3750,1.0000,8,7,6,0,0,7,6,0.1429
4,208.0000,9,8,1061.3201,-89.0140,0.0865,7,0.1750,1.0000,8,6,6,0,0,6,6,0.0000
4,208.0000,9,12,980.0721,-87.4150,0.2182,6,0.1500,1.0000,8,8,8,0,0,8,8,0.0000
4,208.0000,9,13,1002.7480,-87.8942,0.2346,6,0.1500,1.0000,6,10,10,0,0,10,10,0.0000
4,208.0000,9,18,506.7995,-84.6740,0.4782,22,0.5500,0.6667,6,8,6,0,0,8,6,0.2500
4,208.0000,9,19,831.7329,-87.1598,0.0162,12,0.3000,1.0000,8,8,7,0,0,8,7,0.1250
4,208.0000,9,21,929.0334,-87.4191,0.8160,7,0.1750,1.0000,8,8,8,0,0,8,8,0.0000
4,208.0000,9,25,338.5735,-80.6841,-0.4101,31,0.7750,0.4000,5,4,0,0,0,4,0,1.0000
4,208.0000,9,26,823.6655,-85.6150,-0.0472,7,0.1750,1.0000,8,8,8,0,0,8,8,0.0000
4,208.0000,9,27,274.0613,-79.6226,0.4995,31,0.7750,0.6667,6,8,5,0,0,8,5,0.3750
4,208.0000,9,28,843.2890,-87.7644,0.0492,9,0.2250,1.0000,8,8,8,0,0,8,8,0.0000
4,208.0000,9,29,833.5765,-87.1396,-0.2224,7,0.1750,0.8750,8,6,6,0,0,6,6,0.0000
4,208.0000,9,32,478.2320,-82.2423,0.1233,30,0.7500,0.6667,6,8,8,0,0,8,8,0.0000
4,208.0000,9,34,698.2624,-85.2066,0.0641,14,0.3500,0.8750,8,8,8,0,0,8,8,0.0000
4,208.0000,9,36,770.7587,-86.9298,0.2952,15,0.3750,0.8000,5,6,6,0,0,6,6,0.0000
4,208.0000,9,39,627.7493,-84.9861,0.5772,14,0.3500,1.0000,8,7,6,0,0,7,6,0.1429
4,208.0000,9,40,258.4606,-78.5693,-0.5701,31,0.7750,0.5714,7,5,1,0,0,5,1,0.8000
4,208.0000,9,44,792.3705,-86.1983,-0.4130,12,0.3000,0.8750,8,8,8,0,0,8,8,0.0000
4,208.0000,9,45,876.9480,-86.7416,0.6381,6,0.1500,1.0000,8,8,8,0,0,8,8,0.0000
4,208.0000,9,46,861.8691,-89.3021,0.4072,3,0.0750,1.0000,8,8,8,0,0,8,8,0.0000
4,208.0000,10,2,321.2434,-81.9844,1.2350,25,0.6410,0.7143,7,5,2,0,0,5,2,0.6000
4,208.0000,10,3,375.2331,-79.0954,-1.1070,31,0.7949,0.4000,5,5,4,0,0,5,4,0.2000
4,208.0000,10,4,224.4577,-77.2175,0.1517,35,0.8974,0.4286,7,5,1,0,0,5,1,0.8000
4,208.0000,10,6,543.0745,-84.7240,1.0400,24,0.6154,0.6667,6,7,5,0,0,7,5,0.2857
4,208.0000,10,7,296.6099,-80.2171,-0.2800,28,0.7179,0.3333,6,4,0,0,0,4,0,1.0000
4,208.0000,10,8,634.6116,-85.7440,-0.0430,8,0.2051,1.0000,8,7,6,0,0,7,6,0.1429
4,208.0000,10,11,359.2234,-82.1829,-0.1179,26,0.6667,0.5000,6,6,3,0,0,6,3,0.5000
4,208.0000,10,13,764.5888,-86.0684,-0.6301,10,0.2564,0.8571,7,8,8,18,18,26,26,0.0000
4,208.0000,10,14,458.5325,-83.3982,0.2881,26,0.6667,0.6667,6,6,3,0,0,6,3,0.5000
4,208.0000,10,15,726.5102,-85.2510,-0.2165,11,0.2821,0.5714,7,8,7,0,0,8,7,0.1250
4,208.0000,10,16,483.9653,-84.1107,-0.3722,20,0.5128,0.6000,5,7,4,0,0,7,4,0.4286
4,208.0000,10,17,451.4111,-83.6989,0.5340,22,0.5641,0.4000,5,6,2,0,0,6,2,0.6667
4,208.0000,10,20,410.7074,-80.2118,-0.4821,27,0.6923,0.5000,6,7,4,0,0,7,4,0.4286
4,208.0000,10,22,231.3197,-76.9126,-0.0200,34,0.8718,0.2000,5,6,3,0,0,6,3,0.5000
4,208.0000,10,23,464.5260,-81.8321,-0.2261,28,0.7179,0.8571,7,6,4,0,0,6,4,0.3333
4,208.0000,10,24,356.0571,-82.9286,0.9082,25,0.6410,0.6667,6,6,2,0,0,6,2,0.6667
4,208.0000,10,29,914.1146,-87.4906,0.4065,5,0.1282,1.0000,8,2,2,0,0,2,2,0.0000
4,208.0000,10,31,756.1089,-85.9466,-0.1098,9,0.2308,0.8889,9,8,8,0,0,8,8,0.0000
4,208.0000,10,33,230.6375,-75.6293,-0.1076,34,0.8718,0.0000,4,5,2,0,0,5,2,0.6000
4,208.0000,10,35,377.1574,-82.1786,1.2655,25,0.6410,0.6667,6,5,1,0,0,5,1,0.8000
4,208.0000,10,37,232.9875,-78.1357,0.0952,32,0.8205,0.0000,4,5,2,0,0,5,2,0.6000
4,208.0000,10,38,417.3229,-82.6463,-0.7645,25,0.6410,0.5000,6,8,6,0,0,8,6,0.2500
4,208.0000,10,41,373.8730,-80.5230,-0.0137,25,0.6410,0.5000,6,7,5,0,0,7,5,0.2857
4,208.0000,10,42,530.2694,-84.7410,0.7890,16,0.4103,0.5000,6,8,6,0,0,8,6,0.2500
4,208.0000,10,43,496.9859,-81.7500,-0.5804,20,0.5128,0.8571,7,7,5,0,0,7,5,0.2857
4,208.0000,10,47,549.8734,-84.0263,-0.4030,21,0.5385,0.5000,6,7,5,0,0,7,5,0.2857
4,208.0000,11,2,508.9315,-85.4712,1.0981,16,0.4000,1.0000,8,7,6,0,0,7,6,0.1429
4,208.0000,11,3,250.6174,-77.4525,0.4585,27,0.6750,0.0000,3,6,2,0,0,6,2,0.6667
4,208.0000,11,4,478.9990,-82.5830,-0.1377,17,0.4250,0.7143,7,6,4,0,0,6,4,0.3333
4,208.0000,11,6,205.6164,-74.3996,-0.7296,34,0.8500,0.4000,5,4,0,0,0,4,0,1.0000
4,208.0000,11,7,570.7094,-85.6276,-0.9747,8,0.2000,0.5714,7,6,4,0,0,6,4,0.3333
4,208.0000,11,10,359.2234,-81.7899,0.9529,16,0.4000,1.0000,8,5,2,0,0,5,2,0.6000
4,208.0000,11,14,364.5563,-80.9676,0.4731,25,0.6250,0.3333,6,8,7,0,0,8,7,0.1250
4,208.0000,11,15,941.3252,-87.1988,-1.0071,6,0.1500,1.0000,8,7,6,0,0,7,6,0.1429
4,208.0000,11,16,701.3194,-87.2453,0.2763,8,0.2000,1.0000,8,8,7,0,0,8,7,0.1250
4,208.0000,11,17,342.7082,-80.8694,0.3311,26,0.6500,0.4000,5,6,3,0,0,6,3,0.5000
4,208.0000,11,20,652.8932,-85.1357,0.4480,8,0.2000,1.0000,8,8,7,0,0,8,7,0.1250
4,208.0000,11,22,482.0280,-83.7978,0.8382,14,0.3500,0.6667,6,7,7,0,0,7,7,0.0000
4,208.0000,11,23,567.4559,-84.9760,-0.2954,10,0.2500,0.7143,7,6,4,0,0,6,4,0.3333
4,208.0000,11,24,263.0269,-79.9102,0.5577,25,0.6250,0.7143,7,5,1,0,0,5,1,0.8000
4,208.0000,11,33,242.9016,-76.9560,0.1575,24,0.6000,0.5000,6,6,3,0,0,6,3,0.5000
4,208.0000,11,35,135.4418,-70.1361,-1.3010,34,0.8500,0.0000,4,4,0,0,0,4,0,1.0000
4,208.0000,11,37,226.9649,-78.3075,1.0145,20,0.5000,0.8571,7,4,0,0,0,4,0,1.0000
4,208.0000,11,38,84.9621,-63.4805,-0.3194,34,0.8500,0.2000,5,4,0,0,0,4,0,1.0000
4,208.0000,11,41,674.2653,-86.6622,-0.3269,7,0.1750,0.8571,7,8,8,0,0,8,8,0.0000
4,208.0000,11,42,750.6246,-86.7197,-0.1659,6,0.1500,1.0000,8,8,8,0,0,8,8,0.0000
4,208.0000,11,43,709.6076,-87.1444,0.4993,8,0.2000,1.0000,8,7,6,0,0,7,6,0.1429
4,208.0000,11,47,282.4986,-75.9984,-0.4159,29,0.7250,0.2000,5,6,3,0,0,6,3,0.5000
4,208.0000,12,0,867.6785,-86.2722,-0.3050,5,0.1250,1.0000,4,6,6,0,0,6,6,0.0000
4,208.0000,12,9,980.0721,-88.6048,-0.7612,3,0.0750,1.0000,8,6,6,0,0,6,6,0.0000
4,208.0000,12,13,432.6946,-82.8170,-0.0039,11,0.2750,0.6667,6,5,2,0,0,5,2,0.6000
4,208.0000,12,15,492.8341,-83.7555,-0.2087,9,0.2250,0.8571,7,7,4,0,0,7,4,0.4286
4,208.0000,12,19,351.6983,-81.0299,0.2885,18,0.4500,0.6667,6,8,7,0,0,8,7,0.1250
4,208.0000,12,26,736.2603,-85.8521,1.7925,4,0.1000,1.0000,8,8,8,0,0,8,8,0.0000
4,208.0000,12,27,982.2767,-87.3711,0.7821,3,0.0750,1.0000,4,2,2,0,0,2,2,0.0000
4,208.0000,12,28,243.1455,-77.2475,-0.2240,33,0.8250,0.5000,6,4,0,0,0,4,0,1.0000
4,208.0000,12,30,148.5812,-66.7613,-1.9679,35,0.8750,0.2000,5,6,3,0,0,6,3,0.5000
4,208.0000,12,31,511.7174,-82.6981,0.1638,12,0.3000,0.8571,7,8,7,0,0,8,7,0.1250
4,208.0000,12,32,959.5736,-86.9926,0.6750,3,0.0750,1.0000,2,8,8,0,0,8,8,0.0000
4,208.0000,12,34,506.8581,-84.0137,0.1056,11,0.2750,0.8750,8,8,8,0,0,8,8,0.0000
4,208.0000,12,39,446.8139,-82.6198,0.6928,15,0.3750,0.5000,6,7,6,0,0,7,6,0.1429
4,208.0000,12,40,743.4012,-85.6528,-0.3162,8,0.2000,1.0000,8,4,4,0,0,4,4,0.0000
4,208.0000,12,43,689.0743,-85.7080,0.1669,5,0.1250,1.0000,8,6,4,0,0,6,4,0.3333
4,208.0000,12,44,508.3973,-82.2376,-0.8253,19,0.4750,0.5000,6,7,5,0,0,7,5,0.2857
4,208.0000,12,45,664.8718,-85.9510,0.2899,9,0.2250,0.8750,8,8,8,0,0,8,8,0.0000
4,208.0000,12,46,279.2121,-78.5192,0.0216,27,0.6750,0.5000,6,6,3,0,0,6,3,0.5000
4,208.0000,13,2,984.9965,-88.5293,0.0973,5,0.1250,1.0000,2,8,8,0,0,8,8,0.0000
4,208.0000,13,3,963.7136,-88.6322,-0.5621,6,0.1500,1.0000,6,4,4,0,0,4,4,0.0000
4,208.0000,13,4,821.2820,-87.9084,-0.3009,5,0.1250,1.0000,8,8,8,0,0,8,8,0.0000
4,208.0000,13,5,612.8033,-84.8441,-1.1006,7,0.1750,1.0000,8,7,6,0,0,7,6,0.1429
4,208.0000,13,7,669.3426,-86.1420,0.9258,13,0.3250,0.7143,7,7,6,0,0,7,6,0.1429
4,208.0000,13,8,515.0416,-84.5639,-0.1844,13,0.3250,0.8571,7,6,4,0,0,6,4,0.3333
4,208.0000,13,9,1002.7480,-88.9912,0.1944,6,0.1500,1.0000,8,8,8,0,0,8,8,0.0000
4,208.0000,13,10,764.5888,-87.4523,-0.7350,7,0.1750,1.0000,8,8,8,0,0,8,8,0.0000
4,208.0000,13,12,432.6946,-82.2781,0.7830,22,0.5500,0.7500,8,8,8,0,0,8,8,0.0000
4,208.0000,13,15,286.4960,-78.2781,-0.0449,33,0.8250,0.4000,5,5,2,0,0,5,2,0.6000
4,208.0000,13,16,998.4122,-88.3025,1.6353,3,0.0750,1.0000,6,4,4,0,0,4,4,0.0000
4,208.0000,13,19,603.4082,-84.3825,-0.4431,19,0.4750,1.0000,8,8,7,0,0,8,7,0.1250
4,208.0000,13,20,490.2598,-83.3570,-0.7470,13,0.3250,1.0000,8,6,4,0,0,6,4,0.3333
4,208.0000,13,22,800.2181,-87.0805,-0.7405,7,0.1750,0.8333,6,8,7,0,0,8,7,0.1250
4,208.0000,13,23,779.7569,-86.9652,0.2802,7,0.1750,1.0000,8,5,4,0,0,5,4,0.2000
4,208.0000,13,26,414.5586,-81.7599,0.7225,24,0.6000,0.7143,7,5,2,0,0,5,2,0.6000
4,208.0000,13,28,425.3866,-81.7271,-0.1245,23,0.5750,0.7143,7,7,6,0,0,7,6,0.1429
4,208.0000,13,29,590.9689,-86.2046,0.1856,9,0.2250,1.0000,8,8,8,0,0,8,8,0.0000
4,208.0000,13,30,550.8869,-83.7917,-0.0524,17,0.4250,0.8571,7,7,6,0,0,7,6,0.1429
4,208.0000,13,31,101.2575,-69.4379,0.5009,38,0.9500,0.2000,5,5,2,0,0,5,2,0.6000
4,208.0000,13,32,1130.7348,-88.6911,0.5512,4,0.1000,,0,4,4,0,0,4,4,0.0000
4,208.0000,13,33,858.2778,-88.0788,-0.3853,9,0.2250,1.0000,8,8,8,0,0,8,8,0.0000
4,208.0000,13,34,350.8950,-81.9070,1.1847,21,0.5250,0.7143,7,4,0,0,0,4,0,1.0000
4,208.0000,13,37,835.4541,-87.2090,-0.0525,8,0.2000,1.0000,8,6,6,0,0,6,6,0.0000
4,208.0000,13,39,471.1979,-83.1072,0.2669,18,0.4500,1.0000,8,7,5,0,0,7,5,0.2857
4,208.0000,13,41,408.6465,-82.7768,0.3413,20,0.5000,0.7143,7,8,7,0,0,8,7,0.1250
4,208.0000,13,42,1043.0160,-88.4184,0.5269,5,0.1250,1.0000,6,4,4,0,0,4,4,0.0000
4,208.0000,13,43,486.7690,-82.2492,0.0172,17,0.4250,0.5000,6,8,8,0,0,8,8,0.0000
4,208.0000,13,44,836.2612,-87.3126,0.2768,9,0.2250,1.0000,4,6,6,0,0,6,6,0.0000
4,208.0000,13,46,279.8170,-77.4159,-0.3248,31,0.7750,0.5714,7,6,3,0,0,6,3,0.5000
4,208.0000,13,47,1111.1927,-89.1992,0.1094,5,0.1250,1.0000,6,6,6,0,0,6,6,0.0000
4,208.0000,14,2,399.2169,-81.9693,0.2362,20,0.5000,0.7143,7,4,0,0,0,4,0,1.0000
4,208.0000,14,3,595.3637,-83.6913,-0.0664,13,0.3250,0.4000,5,7,5,0,0,7,5,0.2857
4,208.0000,14,4,590.2179,-84.6136,-0.0851,10,0.2500,0.6667,6,7,6,0,0,7,6,0.1429
4,208.0000,14,6,510.6956,-82.4273,-2.1289,18,0.4500,0.6667,6,6,4,0,0,6,4,0.3333
4,208.0000,14,7,520.8381,-85.1382,-0.8626,5,0.1250,0.7500,8,6,4,0,0,6,4,0.3333
4,208.0000,14,10,458.5325,-83.7189,0.2542,9,0.2250,1.0000,8,7,6,0,0,7,6,0.1429
4,208.0000,14,11,364.5563,-80.8624,0.0473,25,0.6250,0.5000,6,7,6,0,0,7,6,0.1429
4,208.0000,14,16,486.8749,-83.8317,0.4409,11,0.2750,0.7143,7,5,1,0,0,5,1,0.8000
4,208.0000,14,17,483.2705,-83.2852,-0.3710,16,0.4000,1.0000,8,8,7,0,0,8,7,0.1250
4,208.0000,14,22,618.2831,-84.3175,-1.7727,7,0.1750,1.0000,8,6,4,0,0,6,4,0.3333
4,208.0000,14,23,856.0615,-86.9501,-3.5273,3,0.0750,1.0000,8,8,7,0,0,8,7,0.1250
4,208.0000,14,24,119.9162,-67.2063,-1.0115,32,0.8000,0.0000,4,4,0,0,0,4,0,1.0000
4,208.0000,14,33,524.3236,-83.0126,0.3396,15,0.3750,0.5000,6,6,3,0,0,6,3,0.5000
4,208.0000,14,35,234.0822,-78.1204,0.0579,30,0.7500,0.2000,5,6,3,0,0,6,3,0.5000
4,208.0000,14,37,462.4458,-84.4281,1.5780,12,0.3000,1.0000,8,7,5,0,0,7,5,0.2857
4,208.0000,14,38,424.4832,-82.2081,-0.8861,17,0.4250,0.4000,5,5,2,0,0,5,2,0.6000
4,208.0000,14,41,812.8866,-87.7079,-2.4622,5,0.1250,1.0000,8,8,8,0,0,8,8,0.0000
4,208.0000,14,42,553.0416,-83.7528,-0.8614,11,0.2750,0.7143,7,7,6,0,0,7,6,0.1429
4,208.0000,14,43,937.3014,-87.1871,1.7310,3,0.0750,1.0000,8,4,4,0,0,4,4,0.0000
4,208.0000,14,47,637.7486,-85.6691,0.2632,10,0.2500,1.0000,8,7,6,0,0,7,6,0.1429
4,208.0000,15,2,1011.2295,-88.4916,-0.5568,3,0.0750,,0,6,6,0,0,6,6,0.0000
4,208.0000,15,3,818.3652,-86.9504,-0.8826,9,0.2250,1.0000,8,6,6,0,0,6,6,0.0000
4,208.0000,15,4,809.1939,-87.1449,0.4012,6,0.1500,1.0000,8,8,6,0,0,8,6,0.2500
4,208.0000,15,5,880.9389,-87.6559,0.2372,6,0.1500,1.0000,2,6,6,0,0,6,6,0.0000
4,208.0000,15,6,1007.4836,-88.6005,0.7684,5,0.1250,1.0000,4,4,4,0,0,4,4,0.0000
4,208.0000,15,7,698.7484,-86.7322,0.0747,6,0.1500,1.0000,8,7,6,0,0,7,6,0.1429
4,208.0000,15,8,722.0448,-86.9573,0.5464,8,0.2000,0.8750,8,8,8,0,0,8,8,0.0000
4,208.0000,15,10,726.5102,-85.2292,-0.3379,10,0.2500,0.8750,8,7,6,0,0,7,6,0.1429
4,208.0000,15,11,941.3252,-87.1084,-0.8825,5,0.1250,1.0000,8,4,4,0,0,4,4,0.0000
4,208.0000,15,12,492.8341,-84.9198,0.7412,15,0.3750,0.5714,7,6,2,0,0,6,2,0.6667
4,208.0000,15,13,286.4960,-77.6805,-0.2410,27,0.6750,0.6250,8,6,3,0,0,6,3,0.5000
4,208.0000,15,16,1077.9290,-87.9448,-0.0431,6,0.1500,1.0000,4,2,2,0,0,2,2,0.0000
4,208.0000,15,19,694.5145,-86.5551,0.4136,9,0.2250,0.8333,6,8,8,0,0,8,8,0.0000
4,208.0000,15,20,400.2081,-81.1753,-0.8851,17,0.4250,0.7143,7,4,0,0,0,4,0,1.0000
4,208.0000,15,22,779.1612,-87.1406,-0.2634,8,0.2000,0.8571,7,8,8,0,0,8,8,0.0000
4,208.0000,15,23,646.2431,-84.7518,0.1126,10,0.2500,1.0000,8,7,6,0,0,7,6,0.1429
4,208.0000,15,26,683.7981,-86.4583,0.2847,11,0.2750,0.8571,7,8,7,0,0,8,7,0.1250
4,208.0000,15,28,537.0642,-84.3074,0.0266,18,0.4500,0.8571,7,7,6,0,0,7,6,0.1429
4,208.0000,15,29,845.5727,-88.6065,-0.2127,4,0.1000,0.8750,8,4,4,0,0,4,4,0.0000
4,208.0000,15,30,595.7808,-84.9427,-0.3324,14,0.3500,1.0000,8,6,4,0,0,6,4,0.3333
4,208.0000,15,31,366.4751,-79.6753,-0.2182,22,0.5500,0.8571,7,7,6,51,47,58,53,0.0862
4,208.0000,15,33,744.2734,-87.3343,0.3901,7,0.1750,1.0000,8,8,8,0,0,8,8,0.0000
4,208.0000,15,34,588.0480,-85.0742,0.7508,11,0.2750,0.8571,7,8,8,0,0,8,8,0.0000
4,208.0000,15,35,1019.7065,-87.4373,-0.9890,5,0.1250,1.0000,2,4,4,0,0,4,4,0.0000
4,208.0000,15,37,719.1106,-84.8717,-0.5237,7,0.1750,1.0000,8,7,6,0,0,7,6,0.1429
4,208.0000,15,38,983.0291,-88.3175,-0.1920,6,0.1500,1.0000,8,6,6,0,0,6,6,0.0000
4,208.0000,15,39,674.1531,-85.8192,0.2136,11,0.2750,0.8718,39,6,3,10,10,16,13,0.1875
4,208.0000,15,40,1081.6643,-87.5388,-0.2398,4,0.1000,1.0000,2,4,4,0,0,4,4,0.0000
4,208.0000,15,41,395.9532,-80.4617,0.2498,19,0.4750,0.7143,7,8,8,0,0,8,8,0.0000
4,208.0000,15,43,357.1712,-80.4019,-0.6137,23,0.5750,0.8750,8,7,5,0,0,7,5,0.2857
4,208.0000,15,44,943.8219,-87.3767,0.0232,6,0.1500,1.0000,6,2,2,0,0,2,2,0.0000
4,208.0000,15,46,431.2358,-81.8168,0.5170,21,0.5250,1.0000,8,7,5,0,0,7,5,0.2857
4,208.0000,15,47,929.9594,-86.5313,-1.1695,5,0.1250,1.0000,8,4,4,0,0,4,4,0.0000
4,208.0000,16,2,251.2041,-77.7281,-0.2005,27,0.6750,0.0000,4,6,3,0,0,6,3,0.5000
4,208.0000,16,3,820.5087,-87.8123,-0.6338,4,0.1000,1.0000,8,8,8,0,0,8,8,0.0000
4,208.0000,16,4,519.6833,-84.7592,1.2910,10,0.2500,1.0000,8,8,8,0,0,8,8,0.0000
4,208.0000,16,6,900.3027,-88.7202,0.2508,3,0.0750,1.0000,8,8,8,0,0,8,8,0.0000
4,208.0000,16,7,420.1335,-81.5102,-0.2451,21,0.5250,0.7143,7,7,5,0,0,7,5,0.2857
4,208.0000,16,8,627.4927,-84.7773,-1.0681,10,0.2500,0.8571,7,8,7,0,0,8,7,0.1250
4,208.0000,16,10,483.9653,-84.0875,-1.7206,8,0.2000,0.9608,51,7,6,38,32,45,38,0.1556
4,208.0000,16,11,701.3194,-85.3680,-0.4321,4,0.1000,1.0000,8,7,6,0,0,7,6,0.1429
4,208.0000,16,13,998.4122,-88.6277,0.0853,3,0.0750,0.8000,5,7,7,0,0,7,7,0.0000
4,208.0000,16,14,486.8749,-83.8128,-0.0068,10,0.2500,0.8750,8,6,6,0,0,6,6,0.0000
4,208.0000,16,17,675.3517,-85.3674,3.1582,4,0.1000,1.0000,8,6,4,0,0,6,4,0.3333
4,208.0000,16,20,819.3393,-87.2231,-1.0867,4,0.1000,0.8000,10,8,8,0,0,8,8,0.0000
4,208.0000,16,22,559.9896,-83.8148,0.0812,10,0.2500,1.0000,8,7,5,0,0,7,5,0.2857
4,208.0000,16,23,913.9064,-88.0380,0.8628,4,0.1000,1.0000,8,5,4,0,0,5,4,0.2000
4,208.0000,16,24,488.3009,-84.2806,-0.2189,12,0.3000,0.7778,9,7,5,0,0,7,5,0.2857
4,208.0000,16,29,826.2204,-87.7614,0.0670,6,0.1500,1.0000,8,4,4,0,0,4,4,0.0000
4,208.0000,16,33,693.0789,-86.1288,-0.9497,5,0.1250,0.8571,7,7,6,0,0,7,6,0.1429
4,208.0000,16,35,617.6606,-87.0499,1.7388,6,0.1500,1.0000,8,6,4,0,0,6,4,0.3333
4,208.0000,16,37,670.2035,-85.7096,0.4510,7,0.1750,1.0000,8,8,8,0,0,8,8,0.0000
4,208.0000,16,38,764.1070,-88.2030,0.7141,6,0.1500,1.0000,10,7,6,0,0,7,6,0.1429
4,208.0000,16,41,716.0548,-85.4628,0.1967,6,0.1500,0.8889,9,7,6,0,0,7,6,0.1429
4,208.0000,16,42,111.4538,-72.5860,1.3500,33,0.8250,0.2000,5,4,0,0,0,4,0,1.0000
4,208.0000,16,43,913.8592,-87.5936,0.8176,4,0.1000,1.0000,8,8,8,0,0,8,8,0.0000
4,208.0000,17,2,431.4643,-83.9596,1.0637,13,0.3250,0.6667,6,6,3,0,0,6,3,0.5000
4,208.0000,17,3,384.7725,-81.7973,-0.3464,15,0.3750,0.5000,6,6,3,0,0,6,3,0.5000
4,208.0000,17,4,400.8776,-81.6504,-0.5464,16,0.4000,0.6667,6,6,4,0,0,6,4,0.3333
4,208.0000,17,6,481.4901,-83.0396,-0.2040,20,0.5000,0.4000,5,7,5,0,0,7,5,0.2857
4,208.0000,17,7,716.3829,-87.7197,0.0620,7,0.1750,0.8750,8,8,8,0,0,8,8,0.0000
4,208.0000,17,10,451.4111,-82.3140,-0.1884,10,0.2500,0.7500,8,6,4,0,0,6,4,0.3333
4,208.0000,17,11,342.7082,-79.8551,-0.1926,21,0.5250,0.8000,5,8,5,0,0,8,5,0.3750
4,208.0000,17,13,1184.3936,-89.2323,0.4717,3,0.0750,1.0000,2,4,4,0,0,4,4,0.0000
4,208.0000,17,14,483.2705,-83.2561,0.5275,15,0.3750,0.6667,6,6,4,0,0,6,4,0.3333
4,208.0000,17,16,675.3517,-87.0505,0.1924,9,0.2250,0.6667,3,7,5,0,0,7,5,0.2857
4,208.0000,17,20,743.3204,-87.2127,-0.7291,7,0.1750,0.8750,8,8,8,0,0,8,8,0.0000
4,208.0000,17,22,415.1394,-83.2400,-0.5378,11,0.2750,0.7500,8,6,4,0,0,6,4,0.3333
4,208.0000,17,23,592.2851,-85.7853,-0.5874,10,0.2500,0.7143,7,8,8,0,0,8,8,0.0000
4,208.0000,17,24,393.6768,-82.0575,0.0324,20,0.5000,0.8571,7,7,5,0,0,7,5,0.2857
4,208.0000,17,33,389.4759,-80.9940,0.3377,18,0.4500,0.5000,6,5,2,0,0,5,2,0.6000
4,208.0000,17,35,342.3766,-80.0790,-0.4832,23,0.5750,0.5000,6,6,3,0,0,6,3,0.5000
4,208.0000,17,37,481.4427,-82.9770,0.6550,14,0.3500,0.8750,8,5,2,0,0,5,2,0.6000
4,208.0000,17,38,314.8567,-79.4749,-0.0061,23,0.5750,0.2000,5,5,4,0,0,5,4,0.2000
4,208.0000,17,41,776.2658,-87.1954,0.2680,5,0.1250,1.0000,8,7,6,0,0,7,6,0.1429
4,208.0000,17,42,672.4320,-86.2252,0.1141,8,0.2000,1.0000,8,8,7,0,0,8,7,0.1250
4,208.0000,17,43,807.8327,-88.4552,0.2832,4,0.1000,1.0000,10,6,4,0,0,6,4,0.3333
4,208.0000,17,47,503.5846,-83.4933,-0.3722,15,0.3750,0.8571,7,6,4,0,0,6,4,0.3333
4,208.0000,18,0,505.5671,-84.0536,0.6285,14,0.3500,0.8571,7,6,3,0,0,6,3,0.5000
4,208.0000,18,1,276.4144,-79.0588,0.1163,36,0.9000,0.4000,5,4,0,0,0,4,0,1.0000
4,208.0000,18,9,506.7995,-84.4370,0.4213,14,0.3500,1.0000,8,6,4,0,0,6,4,0.3333
4,208.0000,18,19,860.9620,-87.9777,-0.5130,4,0.1000,1.0000,8,8,8,0,0,8,8,0.0000
4,208.0000,18,21,764.8908,-85.8890,-0.4199,8,0.2000,0.6667,6,8,6,0,0,8,6,0.2500
4,208.0000,18,25,223.1156,-78.4979,1.3072,35,0.8750,0.2000,5,4,0,0,0,4,0,1.0000
4,208.0000,18,27,309.2637,-80.0742,-0.1646,29,0.7250,0.0000,4,6,3,0,0,6,3,0.5000
4,208.0000,18,32,233.8464,-76.9434,0.2469,35,0.8750,0.5000,6,4,0,0,0,4,0,1.0000
4,208.0000,18,34,923.4575,-87.7222,0.0421,4,0.1000,1.0000,8,8,8,0,0,8,8,0.0000
4,208.0000,18,36,491.0978,-82.4048,-0.4439,23,0.5750,0.7143,7,6,4,0,0,6,4,0.3333
4,208.0000,18,39,792.7085,-88.3144,0.0653,5,0.1250,1.0000,8,8,8,0,0,8,8,0.0000
4,208.0000,18,40,551.9977,-85.8471,0.9061,8,0.2000,0.8750,8,6,4,0,0,6,4,0.3333
4,208.0000,18,44,761.5400,-86.2905,0.5858,4,0.1000,0.8750,8,8,7,0,0,8,7,0.1250
4,208.0000,18,45,818.3391,-86.4942,-0.9687,4,0.1000,1.0000,8,8,8,0,0,8,8,0.0000
4,208.0000,19,0,629.6769,-85.8455,0.3395,14,0.3500,1.0000,8,7,5,0,0,7,5,0.2857
4,208.0000,19,1,1059.0840,-88.1408,-0.6017,6,0.1500,1.0000,8,6,6,0,0,6,6,0.0000
4,208.0000,19,5,883.7194,-87.2389,-0.1302,7,0.1750,1.0000,8,6,6,0,0,6,6,0.0000
4,208.0000,19,8,1036.0335,-87.6054,-1.1587,3,0.0750,1.0000,6,8,8,0,0,8,8,0.0000
4,208.0000,19,9,831.7329,-86.6292,-0.0665,10,0.2500,1.0000,8,8,8,0,0,8,8,0.0000
4,208.0000,19,12,351.6983,-79.9416,-0.3225,25,0.6250,0.4000,5,6,4,0,0,6,4,0.3333
4,208.0000,19,13,603.4082,-84.5324,0.1685,8,0.2000,1.0000,8,6,6,0,0,6,6,0.0000
4,208.0000,19,15,694.5145,-85.0517,1.2539,6,0.1500,0.8750,8,7,6,0,0,7,6,0.1429
4,208.0000,19,18,860.9620,-87.8066,0.0813,8,0.2000,1.0000,8,8,8,0,0,8,8,0.0000
4,208.0000,19,21,767.7646,-86.8774,-0.4811,13,0.3250,0.8571,7,8,8,0,0,8,8,0.0000
4,208.0000,19,25,901.6467,-88.1418,-0.4971,6,0.1500,1.0000,8,8,8,0,0,8,8,0.0000
4,208.0000,19,26,835.8738,-86.2916,-0.4237,7,0.1750,1.0000,8,8,8,0,0,8,8,0.0000
4,208.0000,19,27,770.5920,-86.3707,1.0038,10,0.2500,1.0000,6,7,6,0,0,7,6,0.1429
4,208.0000,19,28,179.1266,-74.5941,0.2568,33,0.8250,0.0000,4,4,0,0,0,4,0,1.0000
4,208.0000,19,29,976.3144,-88.1353,0.3587,3,0.0750,1.0000,8,6,6,0,0,6,6,0.0000
4,208.0000,19,30,255.8585,-79.3742,0.6475,31,0.7750,0.6667,6,4,0,0,0,4,0,1.0000
4,208.0000,19,31,647.6723,-85.2191,0.3690,8,0.2000,1.0000,8,7,6,0,0,7,6,0.1429
4,208.0000,19,32,689.3834,-86.7349,0.4126,13,0.3250,0.8571,7,7,4,0,0,7,4,0.4286
4,208.0000,19,34,462.6740,-81.3215,-0.8930,20,0.5000,0.2000,5,8,7,0,0,8,7,0.1250
4,208.0000,19,36,698.4595,-86.5912,0.0557,15,0.3750,1.0000,8,7,6,0,0,7,6,0.1429
4,208.0000,19,39,309.0942,-79.4292,-0.7368,24,0.6000,0.2000,5,6,3,0,0,6,3,0.5000
4,208.0000,19,40,606.1288,-84.2190,-0.5207,21,0.5250,1.0000,8,8,8,0,0,8,8,0.0000
4,208.0000,19,43,980.3496,-88.7194,0.2034,3,0.0750,1.0000,6,8,8,0,0,8,8,0.0000
4,208.0000,19,44,277.9793,-78.2407,-0.2566,35,0.8750,0.6250,8,6,2,0,0,6,2,0.6667
4,208.0000,19,45,504.1773,-84.4209,0.9249,22,0.5500,0.6667,6,6,3,0,0,6,3,0.5000
4,208.0000,19,46,325.2550,-79.2719,-0.4865,18,0.4500,0.2000,5,5,1,0,0,5,1,0.8000
4,208.0000,20,2,687.6681,-86.7976,0.3018,12,0.3000,1.0000,8,7,6,0,0,7,6,0.1429
4,208.0000,20,3,502.0558,-84.1508,0.0864,18,0.4500,0.5714,7,8,7,0,0,8,7,0.1250
4,208.0000,20,4,430.4174,-82.8338,0.1428,19,0.4750,0.8571,7,5,4,0,0,5,4,0.2000
4,208.0000,20,5,984.1314,-87.9746,-1.7701,4,0.1000,,0,4,4,0,0,4,4,0.0000
4,208.0000,20,6,760.7954,-86.6388,-0.3531,13,0.3250,1.0000,6,7,5,0,0,7,5,0.2857
4,208.0000,20,7,527.4089,-83.4521,0.1300,17,0.4250,0.8571,7,7,5,0,0,7,5,0.2857
4,208.0000,20,8,598.8837,-85.8149,-0.8597,13,0.3250,0.7500,8,6,6,0,0,6,6,0.0000
4,208.0000,20,10,410.7074,-81.0227,-1.0432,25,0.6250,0.6667,6,9,7,0,0,9,7,0.2222
4,208.0000,20,11,652.8932,-86.3124,-0.2119,15,0.3750,1.0000,8,8,7,0,0,8,7,0.1250
4,208.0000,20,12,741.1970,-85.9471,0.8603,5,0.1250,0.7143,7,8,8,0,0,8,8,0.0000
4,208.0000,20,13,490.2598,-82.0967,-0.7217,12,0.3000,0.7143,7,7,5,0,0,7,5,0.2857
4,208.0000,20,14,858.4670,-87.5512,-1.9143,5,0.1250,0.8333,6,8,8,0,0,8,8,0.0000
4,208.0000,20,15,400.2081,-82.1868,-0.4957,21,0.5250,0.7288,59,7,5,136,120,143,125,0.1259
4,208.0000,20,16,819.3393,-87.2350,0.7982,10,0.2500,0.8889,9,2,2,0,0,2,2,0.0000
4,208.0000,20,17,743.3204,-86.7604,-0.1607,12,0.3000,1.0000,8,8,8,0,0,8,8,0.0000
4,208.0000,20,22,394.1778,-81.2695,-0.2312,25,0.6250,0.6250,8,7,6,0,0,7,6,0.1429
4,208.0000,20,23,296.8761,-78.4964,-0.2744,33,0.8250,0.0000,4,5,3,0,0,5,3,0.4000
4,208.0000,20,24,752.1311,-87.9075,0.8831,12,0.3000,1.0000,8,8,8,0,0,8,8,0.0000
4,208.0000,20,26,724.1246,-86.2882,-0.4232,8,0.2000,0.9780,91,4,3,0,0,4,3,0.2500
4,208.0000,20,28,852.9186,-87.3139,-0.2913,5,0.1250,1.0000,8,8,8,0,0,8,8,0.0000
4,208.0000,20,29,884.9041,-87.8712,0.8956,7,0.1750,1.0000,8,4,4,0,0,4,4,0.0000
4,208.0000,20,30,878.5787,-87.6192,-0.5450,5,0.1250,0.6667,3,8,8,0,0,8,8,0.0000
4,208.0000,20,31,532.5276,-82.5503,-1.2174,11,0.2750,0.5000,6,7,6,0,0,7,6,0.1429
4,208.0000,20,33,418.3623,-82.4947,1.2804,24,0.6000,0.6667,6,7,5,0,0,7,5,0.2857
4,208.0000,20,34,838.1666,-87.1740,-0.0333,6,0.1500,1.0000,6,8,8,0,0,8,8,0.0000
4,208.0000,20,35,732.4012,-87.0008,0.3611,9,0.2250,0.7143,7,8,8,0,0,8,8,0.0000
4,208.0000,20,37,458.9960,-82.6575,-0.6089,23,0.5750,0.7500,8,6,4,0,0,6,4,0.3333
4,208.0000,20,38,683.4741,-85.3947,0.3842,15,0.3750,0.5714,7,7,6,0,0,7,6,0.1429
4,208.0000,20,39,952.8930,-87.5528,-0.6037,3,0.0750,1.0000,8,3,2,0,0,3,2,0.3333
4,208.0000,20,41,160.8622,-73.6759,-0.0922,32,0.8000,0.3333,6,6,2,0,0,6,2,0.6667
4,208.0000,20,42,850.9739,-87.7619,0.6258,8,0.2000,1.0000,8,8,8,0,0,8,8,0.0000
4,208.0000,20,43,94.7063,-67.4063,-0.2615,33,0.8250,0.0000,4,4,0,0,0,4,0,1.0000
4,208.0000,20,46,733.8856,-86.3336,-0.0938,8,0.2000,1.0000,8,8,8,0,0,8,8,0.0000
4,208.0000,20,47,678.9993,-85.7060,0.2195,16,0.4000,0.6667,6,8,8,0,0,8,8,0.0000
4,208.0000,21,0,288.6881,-77.2002,-1.2255,32,0.8000,0.0000,4,6,3,0,0,6,3,0.5000
4,208.0000,21,1,908.6291,-86.3087,0.6266,6,0.1500,1.0000,8,7,5,0,0,7,5,0.2857
4,208.0000,21,9,929.0334,-88.4708,0.7514,3,0.0750,1.0000,8,8,8,0,0,8,8,0.0000
4,208.0000,21,12,961.3431,-87.1448,-0.4912,3,0.0750,1.0000,6,8,8,0,0,8,8,0.0000
4,208.0000,21,18,764.8908,-86.7792,0.1069,10,0.2500,0.5714,7,7,6,0,0,7,6,0.1429
4,208.0000,21,19,767.7646,-86.0518,-0.6961,4,0.1000,1.0000,8,7,6,0,0,7,6,0.1429
4,208.0000,21,25,788.4943,-87.5795,-0.8776,5,0.1250,0.8750,8,8,7,0,0,8,7,0.1250
4,208.0000,21,27,694.6303,-86.0951,0.4629,11,0.2750,1.0000,8,8,6,0,0,8,6,0.2500
4,208.0000,21,28,913.0806,-87.9396,1.5609,4,0.1000,0.8750,8,8,8,0,0,8,8,0.0000
4,208.0000,21,30,846.0495,-89.1492,-0.0895,4,0.1000,0.8571,7,8,8,0,0,8,8,0.0000
4,208.0000,21,32,562.4386,-85.8429,0.4037,13,0.3250,1.0000,8,4,0,0,0,4,0,1.0000
4,208.0000,21,36,303.7106,-81.2554,1.1951,30,0.7500,0.4000,5,5,2,0,0,5,2,0.6000
4,208.0000,21,39,923.5800,-86.9502,1.7407,3,0.0750,1.0000,8,7,6,0,0,7,6,0.1429
4,208.0000,21,40,753.9358,-86.0306,-0.5704,9,0.2250,1.0000,8,6,4,0,0,6,4,0.3333
4,208.0000,21,44,492.0984,-83.4974,0.2199,15,0.3750,0.8750,8,7,5,0,0,7,5,0.2857
4,208.0000,21,45,301.0973,-76.4872,-1.3319,37,0.9250,0.0000,4,6,4,0,0,6,4,0.3333
4,208.0000,22,2,357.2603,-82.0741,0.9529,23,0.5750,0.5000,6,7,5,0,0,7,5,0.2857
4,208.0000,22,3,406.9955,-82.4313,-0.4335,24,0.6000,0.6000,5,7,5,0,0,7,5,0.2857
4,208.0000,22,4,44.7942,-65.6780,3.3351,36,0.9000,0.3333,6,5,1,0,0,5,1,0.8000
4,208.0000,22,6,656.8959,-85.8639,0.5460,13,0.3250,1.0000,8,6,3,0,0,6,3,0.5000
4,208.0000,22,7,481.4761,-83.4921,1.1031,15,0.3750,0.8571,7,8,8,0,0,8,8,0.0000
4,208.0000,22,8,623.2909,-84.8027,-0.4125,13,0.3250,0.8750,8,8,8,0,0,8,8,0.0000
4,208.0000,22,10,231.3197,-76.1836,0.5165,32,0.8000,0.3333,6,6,3,0,0,6,3,0.5000
4,208.0000,22,11,482.0280,-85.4670,-0.1194,18,0.4500,0.5000,6,7,5,0,0,7,5,0.2857
4,208.0000,22,12,1091.3446,-88.9607,0.2550,4,0.1000,1.0000,4,6,6,0,0,6,6,0.0000
4,208.0000,22,13,800.2181,-87.5805,-0.3650,7,0.1750,0.8571,7,7,6,0,0,7,6,0.1429
4,208.0000,22,14,618.2831,-86.1384,-0.4574,16,0.4000,0.6667,6,7,5,0,0,7,5,0.2857
4,208.0000,22,15,779.1612,-87.1146,-0.4208,9,0.2250,1.0000,8,6,6,0,0,6,6,0.0000
4,208.0000,22,16,559.9896,-84.9880,0.5281,17,0.4250,0.7143,7,8,8,0,0,8,8,0.0000
4,208.0000,22,17,415.1394,-84.1867,0.3978,23,0.5750,0.0000,3,6,4,0,0,6,4,0.3333
4,208.0000,22,20,394.1778,-81.1888,-1.0388,17,0.4250,0.8571,7,5,1,0,0,5,1,0.8000
4,208.0000,22,23,373.4058,-81.9565,1.2491,26,0.6500,0.5000,6,7,4,0,0,7,4,0.4286
4,208.0000,22,24,511.5098,-84.3712,0.0386,19,0.4750,0.8571,7,7,5,0,0,7,5,0.2857
4,208.0000,22,31,803.8108,-87.4052,-0.9036,5,0.1250,0.7143,7,8,7,0,0,8,7,0.1250
4,208.0000,22,33,305.2804,-79.1932,0.4248,26,0.6500,0.5000,6,5,2,0,0,5,2,0.6000
4,208.0000,22,35,515.4187,-84.8104,0.5493,21,0.5250,0.7143,7,8,8,0,0,8,8,0.0000
4,208.0000,22,37,403.5371,-82.1719,-0.0352,19,0.4750,0.5714,7,6,2,0,0,6,2,0.6667
4,208.0000,22,38,506.1106,-84.4365,0.1047,18,0.4500,0.8750,8,6,4,0,0,6,4,0.3333
4,208.0000,22,41,404.3261,-81.6984,0.7006,18,0.4500,0.8750,8,5,2,0,0,5,2,0.6000
4,208.0000,22,42,560.8777,-84.8911,0.4626,17,0.4250,0.6667,6,8,7,0,0,8,7,0.1250
4,208.0000,22,43,475.1905,-83.3405,-0.5485,19,0.4750,0.4000,5,8,8,0,0,8,8,0.0000
4,208.0000,22,46,1068.5204,-87.6478,-0.8680,5,0.1250,1.0000,6,2,2,0,0,2,2,0.0000
4,208.0000,22,47,624.2477,-85.9848,-0.2101,17,0.4250,0.6667,6,6,3,0,0,6,3,0.5000
4,208.0000,23,2,712.9361,-87.0252,0.4615,9,0.2195,0.8750,8,8,8,0,0,8,8,0.0000
4,208.0000,23,3,339.9071,-80.4095,0.0255,23,0.5610,0.3333,6,8,7,0,0,8,7,0.1250
4,208.0000,23,4,416.7584,-81.7529,-0.7534,25,0.6098,0.8889,9,7,6,0,0,7,6,0.1429
4,208.0000,23,6,642.3774,-86.1206,0.0853,13,0.3171,0.8571,7,5,4,0,0,5,4,0.2000
4,208.0000,23,7,702.7405,-86.6590,1.0755,7,0.1707,0.8571,7,7,6,0,0,7,6,0.1429
4,208.0000,23,8,831.4491,-88.4272,0.7373,7,0.1707,0.8571,7,7,6,0,0,7,6,0.1429
4,208.0000,23,10,464.5260,-82.5431,-0.9369,19,0.4634,1.0000,8,7,6,0,0,7,6,0.1429
4,208.0000,23,11,567.4559,-85.0485,-0.0822,16,0.3902,0.6667,6,10,10,0,0,10,10,0.0000
4,208.0000,23,12,958.8207,-88.9380,1.2529,3,0.0732,,0,4,4,0,0,4,4,0.0000
4,208.0000,23,13,779.7569,-86.8520,-0.9011,6,0.1463,0.7143,7,7,6,0,0,7,6,0.1429
4,208.0000,23,14,856.0615,-87.4085,0.7056,10,0.2439,1.0000,8,8,8,0,0,8,8,0.0000
4,208.0000,23,15,646.2431,-84.5727,0.5562,12,0.2927,0.5000,6,7,6,0,0,7,6,0.1429
4,208.0000,23,16,913.9064,-88.4185,0.5093,5,0.1220,1.0000,8,6,6,0,0,6,6,0.0000
4,208.0000,23,17,592.2851,-85.8152,-0.0841,15,0.3659,0.6667,6,7,6,0,0,7,6,0.1429
4,208.0000,23,20,296.8761,-78.3659,-0.1620,22,0.5366,0.2000,5,6,4,0,0,6,4,0.3333
4,208.0000,23,22,373.4058,-81.8553,0.9316,22,0.5366,0.7143,7,5,2,0,0,5,2,0.6000
4,208.0000,23,24,736.8414,-87.0585,0.4830,10,0.2439,0.7143,7,8,7,0,0,8,7,0.1250
4,208.0000,23,26,1001.3561,-88.8855,0.4622,5,0.1220,0.8571,7,8,8,0,0,8,8,0.0000
4,208.0000,23,30,1090.6826,-88.9838,1.7506,3,0.0732,1.0000,6,4,4,0,0,4,4,0.0000
4,208.0000,23,31,827.8542,-86.3186,0.2709,4,0.0976,0.8571,7,8,8,0,0,8,8,0.0000
4,208.0000,23,33,341.3175,-81.3672,0.7248,21,0.5122,0.8413,126,6,3,128,101,134,104,0.2239
4,208.0000,23,35,673.2131,-85.9683,0.5139,12,0.2927,0.8333,6,8,7,0,0,8,7,0.1250
4,208.0000,23,37,458.7483,-82.1243,-0.9640,20,0.4878,0.7222,18,7,6,0,0,7,6,0.1429
4,208.0000,23,38,560.1393,-83.7846,-0.5848,19,0.4634,0.5000,6,6,4,0,0,6,4,0.3333
4,208.0000,23,41,437.9261,-82.8851,-0.9677,14,0.3415,0.5000,6,8,6,0,0,8,6,0.2500
4,208.0000,23,42,928.8206,-87.3688,0.1832,7,0.1707,1.0000,4,4,4,0,0,4,4,0.0000
4,208.0000,23,43,300.4117,-78.4359,-0.2407,24,0.5854,0.2000,5,6,4,0,0,6,4,0.3333
4,208.0000,23,46,1003.6385,-88.3290,-1.3841,3,0.0732,1.0000,8,6,6,0,0,6,6,0.0000
4,208.0000,23,47,522.8027,-84.8960,-0.0463,23,0.5610,0.7500,8,6,3,0,0,6,3,0.5000
4,208.0000,24,2,348.7433,-81.2695,0.8577,22,0.5500,1.0000,6,5,2,0,0,5,2,0.6000
4,208.0000,24,3,480.3417,-84.8644,1.1054,15,0.3750,0.4000,5,6,4,0,0,6,4,0.3333
4,208.0000,24,4,487.0048,-84.5394,0.7617,14,0.3500,0.5000,6,8,7,0,0,8,7,0.1250
4,208.0000,24,6,436.0133,-82.2517,-0.0411,24,0.6000,0.8571,7,6,2,0,0,6,2,0.6667
4,208.0000,24,7,473.7738,-85.1847,0.8641,11,0.2750,0.8571,7,8,7,0,0,8,7,0.1250
4,208.0000,24,8,919.7186,-89.2721,-0.0157,3,0.0750,1.0000,6,8,8,0,0,8,8,0.0000
4,208.0000,24,10,356.0571,-82.8372,0.8749,17,0.4250,0.5714,7,7,5,0,0,7,5,0.2857
4,208.0000,24,11,263.0269,-80.2382,1.3324,26,0.6500,0.4000,5,6,3,0,0,6,3,0.5000
4,208.0000,24,14,119.9162,-67.7276,-1.1099,37,0.9250,0.2000,5,5,2,0,0,5,2,0.6000
4,208.0000,24,16,488.3009,-83.2956,0.5338,19,0.4750,0.7143,7,8,7,0,0,8,7,0.1250
4,208.0000,24,17,393.6768,-82.2626,0.7563,24,0.6000,0.5000,6,7,3,0,0,7,3,0.5714
4,208.0000,24,20,752.1311,-87.3983,0.5938,9,0.2250,1.0000,8,8,8,0,0,8,8,0.0000
4,208.0000,24,22,511.5098,-84.3459,0.7509,16,0.4000,1.0000,8,8,7,0,0,8,7,0.1250
4,208.0000,24,23,736.8414,-86.4688,0.7914,9,0.2250,1.0000,8,8,8,0,0,8,8,0.0000
4,208.0000,24,26,1112.7174,-89.3940,0.2113,3,0.0750,1.0000,4,4,4,0,0,4,4,0.0000
4,208.0000,24,33,406.3971,-81.6503,0.3324,18,0.4500,0.4000,5,5,2,0,0,5,2,0.6000
4,208.0000,24,35,142.8946,-76.4018,1.4012,30,0.7500,0.2000,5,4,1,0,0,4,1,0.7500
4,208.0000,24,37,357.7919,-82.8461,0.4790,16,0.4000,0.5000,6,4,0,0,0,4,0,1.0000
4,208.0000,24,38,326.9298,-81.1318,1.1989,26,0.6500,0.4000,5,5,1,0,0,5,1,0.8000
4,208.0000,24,41,719.1463,-86.5589,-0.3898,8,0.2000,0.8571,7,7,5,0,0,7,5,0.2857
4,208.0000,24,42,547.9030,-83.7481,0.0064,13,0.3250,0.8571,7,5,2,0,0,5,2,0.6000
4,208.0000,24,43,829.4870,-87.7324,2.0771,5,0.1250,1.0000,8,8,8,0,0,8,8,0.0000
4,208.0000,24,47,544.1139,-84.3998,0.5018,19,0.4750,0.8571,7,8,6,0,0,8,6,0.2500
4,208.0000,25,0,525.4180,-84.7424,0.3447,16,0.4000,0.8750,8,7,5,0,0,7,5,0.2857
4,208.0000,25,1,166.6685,-72.2227,-0.7419,39,0.9750,0.0000,5,4,0,0,0,4,0,1.0000
4,208.0000,25,5,969.8173,-86.1888,-0.8607,3,0.0750,1.0000,8,6,6,0,0,6,6,0.0000
4,208.0000,25,9,338.5735,-80.2008,0.3230,33,0.8250,0.6667,6,6,2,0,0,6,2,0.6667
4,208.0000,25,18,223.1156,-78.8837,1.1080,39,0.9750,0.5000,6,5,1,0,0,5,1,0.8000
4,208.0000,25,19,901.6467,-87.2592,3.0194,3,0.0750,1.0000,6,10,10,0,0,10,10,0.0000
4,208.0000,25,21,788.4943,-86.8598,-0.1972,13,0.3250,0.7143,7,7,5,0,0,7,5,0.2857
4,208.0000,25,27,166.1570,-72.9168,-0.0580,37,0.9250,0.0000,4,5,1,0,0,5,1,0.8000
4,208.0000,25,28,975.6665,-89.2885,-0.2617,3,0.0750,1.0000,6,10,10,0,0,10,10,0.0000
4,208.0000,25,32,280.9537,-77.4146,-0.3034,38,0.9500,0.0000,4,4,0,0,0,4,0,1.0000
4,208.0000,25,34,907.5788,-88.5806,-0.0423,5,0.1250,1.0000,8,8,8,0,0,8,8,0.0000
4,208.0000,25,36,573.6456,-84.8178,-0.4407,23,0.5750,0.6667,6,7,6,0,0,7,6,0.1429
4,208.0000,25,39,789.0517,-87.1918,-0.0250,10,0.2500,1.0000,8,7,6,0,0,7,6,0.1429
4,208.0000,25,40,439.8958,-82.7818,0.7833,22,0.5500,0.5714,7,7,6,0,0,7,6,0.1429
4,208.0000,25,44,793.9868,-87.7731,-1.0844,5,0.1250,0.8750,8,8,8,0,0,8,8,0.0000
4,208.0000,25,45,834.6862,-86.8678,1.0124,7,0.1750,1.0000,8,8,8,0,0,8,8,0.0000
4,208.0000,26,4,861.4902,-88.1708,-0.5288,5,0.1282,1.0000,6,10,10,0,0,10,10,0.0000
4,208.0000,26,5,278.2962,-80.3966,0.3366,29,0.7436,0.3333,6,5,1,0,0,5,1,0.8000
4,208.0000,26,7,658.1930,-84.8975,0.2745,10,0.2564,0.8571,7,7,6,0,0,7,6,0.1429
4,208.0000,26,8,283.6420,-80.3581,1.1588,24,0.6154,0.6667,6,4,0,0,0,4,0,1.0000
4,208.0000,26,9,823.6655,-86.0792,-0.3063,11,0.2821,0.8750,8,8,8,0,0,8,8,0.0000
4,208.0000,26,10,831.1049,-87.8816,0.1223,7,0.1795,0.8571,7,8,8,0,0,8,8,0.0000
4,208.0000,26,12,736.2603,-85.8804,0.4892,10,0.2564,1.0000,6,8,8,0,0,8,8,0.0000
4,208.0000,26,13,414.5586,-81.8277,-0.0163,19,0.4872,0.7500,8,8,7,0,0,8,7,0.1250
4,208.0000,26,15,683.7981,-86.1050,0.4970,13,0.3333,0.8750,8,6,5,0,0,6,5,0.1667
4,208.0000,26,16,842.8466,-87.3220,0.1417,7,0.1795,1.0000,2,6,6,0,0,6,6,0.0000
4,208.0000,26,18,1202.1281,-89.3483,0.3127,4,0.1026,,0,2,2,0,0,2,2,0.0000
4,208.0000,26,19,835.8738,-85.9597,-0.5340,14,0.3590,1.0000,8,5,4,0,0,5,4,0.2000
4,208.0000,26,20,724.1246,-86.9399,-0.4992,9,0.2308,1.0000,8,10,10,0,0,10,10,0.0000
4,208.0000,26,22,859.8309,-87.4324,0.1758,6,0.1538,1.0000,6,8,7,0,0,8,7,0.1250
4,208.0000,26,23,1001.3561,-87.6567,0.4559,5,0.1282,0.8750,8,4,4,0,0,4,4,0.0000
4,208.0000,26,27,1016.5128,-88.6565,0.0264,5,0.1282,,0,2,2,0,0,2,2,0.0000
4,208.0000,26,28,684.9356,-85.6821,-0.4696,14,0.3590,0.8000,10,7,6,0,0,7,6,0.1429
4,208.0000,26,29,211.1295,-77.7050,0.5815,35,0.8974,0.7778,9,4,0,0,0,4,0,1.0000
4,208.0000,26,30,844.0384,-86.3240,-0.2686,11,0.2821,1.0000,8,8,8,0,0,8,8,0.0000
4,208.0000,26,31,326.4376,-79.8475,0.6635,24,0.6154,0.4000,5,5,1,0,0,5,1,0.8000
4,208.0000,26,32,1119.1930,-88.2561,0.0952,5,0.1282,1.0000,4,4,4,0,0,4,4,0.0000
4,208.0000,26,33,1008.5854,-88.9425,0.0178,3,0.0769,0.8333,6,8,8,0,0,8,8,0.0000
4,208.0000,26,34,410.2626,-81.0054,-0.1203,25,0.6410,0.8571,7,7,6,0,0,7,6,0.1429
4,208.0000,26,37,982.9972,-88.0470,0.8546,4,0.1026,1.0000,4,8,8,0,0,8,8,0.0000
4,208.0000,26,39,568.2897,-83.0127,-0.9223,16,0.4103,0.9333,15,8,7,0,0,8,7,0.1250
4,208.0000,26,40,759.3464,-86.1389,0.2305,11,0.2821,0.7500,8,6,6,0,0,6,6,0.0000
4,208.0000,26,41,585.9563,-84.5647,-0.0406,15,0.3846,0.8571,7,8,8,0,0,8,8,0.0000
4,208.0000,26,42,872.5992,-87.5668,-0.4434,7,0.1795,1.0000,4,7,6,0,0,7,6,0.1429
4,208.0000,26,43,766.7001,-85.5994,0.6011,9,0.2308,0.7500,8,8,8,0,0,8,8,0.0000
4,208.0000,26,46,558.3285,-84.2278,-1.3284,18,0.4615,1.0000,8,8,8,0,0,8,8,0.0000
4,208.0000,27,0,423.1209,-82.7994,0.4676,27,0.6750,0.4000,5,6,3,0,0,6,3,0.5000
4,208.0000,27,1,330.3805,-77.8704,-1.2528,40,1.0000,0.0000,4,5,2,0,0,5,2,0.6000
4,208.0000,27,5,895.8981,-86.7497,0.0498,6,0.1500,1.0000,8,4,4,0,0,4,4,0.0000
4,208.0000,27,9,274.0613,-80.1844,0.6701,34,0.8500,0.0000,4,4,0,0,0,4,0,1.0000
4,208.0000,27,18,309.2637,-80.7591,-0.1499,36,0.9000,0.0000,4,5,2,0,0,5,2,0.6000
4,208.0000,27,19,770.5920,-86.4663,0.7773,5,0.1250,0.7143,7,8,8,0,0,8,8,0.0000
4,208.0000,27,21,694.6303,-86.1539,0.0126,16,0.4000,0.8750,8,7,6,0,0,7,6,0.1429
4,208.0000,27,25,166.1570,-72.3346,-0.4605,39,0.9750,0.0000,4,4,0,0,0,4,0,1.0000
4,208.0000,27,32,226.4606,-75.0409,-0.8735,38,0.9500,0.0000,4,4,0,0,0,4,0,1.0000
4,208.0000,27,34,794.4576,-87.1981,-0.5439,4,0.1000,1.0000,8,8,8,0,0,8,8,0.0000
4,208.0000,27,36,513.4189,-83.0590,-0.7613,29,0.7250,1.0000,8,8,6,0,0,8,6,0.2500
4,208.0000,27,39,664.5018,-85.2556,0.2283,7,0.1750,1.0000,8,8,8,0,0,8,8,0.0000
4,208.0000,27,40,288.6189,-80.4912,0.7710,30,0.7500,0.4000,5,5,2,0,0,5,2,0.6000
4,208.0000,27,44,657.1887,-85.4359,0.4787,12,0.3000,1.0000,8,7,6,0,0,7,6,0.1429
4,208.0000,27,45,701.4472,-86.7024,-0.4989,15,0.3750,0.8571,7,8,7,0,0,8,7,0.1250
4,208.0000,28,0,763.9730,-87.2466,0.1358,10,0.2500,1.0000,6,7,6,0,0,7,6,0.1429
4,208.0000,28,5,770.5694,-87.0754,0.9613,7,0.1750,0.8571,7,8,8,0,0,8,8,0.0000
4,208.0000,28,7,1088.8469,-88.7900,-0.8909,4,0.1000,1.0000,4,6,6,0,0,6,6,0.0000
4,208.0000,28,8,869.1908,-86.8518,0.8781,5,0.1250,1.0000,6,4,4,0,0,4,4,0.0000
4,208.0000,28,9,843.2890,-86.9284,0.4325,6,0.1500,0.8571,7,6,6,0,0,6,6,0.0000
4,208.0000,28,12,243.1455,-77.2806,-0.1515,37,0.9250,0.5000,6,5,2,0,0,5,2,0.6000
4,208.0000,28,13,425.3866,-81.2723,-1.1047,17,0.4250,0.5000,6,7,6,0,0,7,6,0.1429
4,208.0000,28,15,537.0642,-83.4833,-0.6753,10,0.2500,1.0000,8,8,7,0,0,8,7,0.1250
4,208.0000,28,18,961.3752,-88.9728,0.1190,8,0.2000,,0,6,6,0,0,6,6,0.0000
4,208.0000,28,19,179.1266,-75.1607,0.2082,32,0.8000,0.0000,4,4,0,0,0,4,0,1.0000
4,208.0000,28,20,852.9186,-87.9388,-4.3213,4,0.1000,0.8571,7,4,4,0,0,4,4,0.0000
4,208.0000,28,21,913.0806,-87.7336,-0.3783,5,0.1250,1.0000,8,8,8,0,0,8,8,0.0000
4,208.0000,28,25,975.6665,-87.9113,0.1578,5,0.1250,1.0000,8,4,4,0,0,4,4,0.0000
4,208.0000,28,26,684.9356,-86.1052,-0.5062,10,0.2500,0.8571,7,8,8,0,0,8,8,0.0000
4,208.0000,28,27,839.2404,-89.1650,0.0217,5,0.1250,1.0000,8,8,6,0,0,8,6,0.2500
4,208.0000,28,29,840.2470,-87.0333,-1.0645,4,0.1000,1.0000,6,6,6,0,0,6,6,0.0000
4,208.0000,28,30,230.9037,-76.7863,0.1226,37,0.9250,0.2000,5,4,0,0,0,4,0,1.0000
4,208.0000,28,31,474.1206,-82.4594,-0.5844,18,0.4500,0.8571,7,8,8,0,0,8,8,0.0000
4,208.0000,28,32,800.2709,-86.7994,0.2928,9,0.2250,1.0000,8,8,8,0,0,8,8,0.0000
4,208.0000,28,34,341.5924,-80.6169,0.1057,26,0.6500,0.3333,6,7,5,0,0,7,5,0.2857
4,208.0000,28,36,852.3057,-87.0811,0.1933,6,0.1500,1.0000,4,8,8,0,0,8,8,0.0000
4,208.0000,28,39,245.7886,-78.1935,1.0025,28,0.7000,0.4000,5,7,3,0,0,7,3,0.5714
4,208.0000,28,40,625.3003,-85.7669,0.8975,15,0.3750,1.0000,8,8,6,0,0,8,6,0.2500
4,208.0000,28,41,814.2598,-88.0885,-1.9950,3,0.0750,1.0000,8,8,8,0,0,8,8,0.0000
4,208.0000,28,43,814.6216,-88.0147,-1.9421,5,0.1250,1.0000,8,8,8,0,0,8,8,0.0000
4,208.0000,28,44,425.2926,-82.5457,-0.2037,21,0.5250,0.5000,6,5,1,0,0,5,1,0.8000
4,208.0000,28,45,638.6951,-86.9552,0.1780,12,0.3000,0.6667,3,8,7,0,0,8,7,0.1250
4,208.0000,28,46,150.5768,-72.5327,0.0455,37,0.9250,0.0000,4,5,1,0,0,5,1,0.8000
4,208.0000,29,5,174.6543,-74.7282,0.1930,41,1.0000,0.0000,4,5,1,0,0,5,1,0.8000
4,208.0000,29,7,691.2117,-86.3951,-0.8361,6,0.1463,1.0000,8,8,8,0,0,8,8,0.0000
4,208.0000,29,8,393.3341,-81.7206,-0.2175,16,0.3902,0.5000,6,8,6,0,0,8,6,0.2500
4,208.0000,29,9,833.5765,-86.8838,-0.8226,8,0.1951,1.0000,8,4,4,0,0,4,4,0.0000
4,208.0000,29,12,926.5047,-88.9083,0.5192,3,0.0732,1.0000,6,2,2,0,0,2,2,0.0000
4,208.0000,29,13,590.9689,-84.8770,-0.1779,7,0.1707,1.0000,8,8,7,0,0,8,7,0.1250
4,208.0000,29,15,845.5727,-87.5982,-0.0069,5,0.1220,1.0000,6,8,8,0,0,8,8,0.0000
4,208.0000,29,16,826.2204,-86.5437,-0.3699,6,0.1463,1.0000,4,8,8,0,0,8,8,0.0000
4,208.0000,29,19,976.3144,-88.0095,0.3486,4,0.0976,1.0000,8,4,4,0,0,4,4,0.0000
4,208.0000,29,25,1136.5320,-87.6874,-2.4963,3,0.0732,1.0000,6,4,4,0,0,4,4,0.0000
4,208.0000,29,26,211.1295,-77.3398,0.6490,31,0.7561,0.3333,6,5,2,0,0,5,2,0.6000
4,208.0000,29,28,840.2470,-88.0200,-0.4548,5,0.1220,0.9000,10,6,6,0,0,6,6,0.0000
4,208.0000,29,30,1022.3094,-88.5529,0.1902,3,0.0732,1.0000,6,2,2,0,0,2,2,0.0000
4,208.0000,29,31,492.6089,-83.2385,-0.8304,9,0.2195,0.8571,7,6,4,0,0,6,4,0.3333
4,208.0000,29,34,520.5509,-83.7473,0.6803,12,0.2927,1.0000,8,8,8,0,0,8,8,0.0000
4,208.0000,29,39,683.8512,-84.6584,0.1424,10,0.2439,1.0000,8,8,8,0,0,8,8,0.0000
4,208.0000,29,40,832.1521,-84.7690,-0.9954,5,0.1220,1.0000,8,4,4,0,0,4,4,0.0000
4,208.0000,29,41,733.1692,-87.8726,0.5752,4,0.0976,0.8750,8,8,8,0,0,8,8,0.0000
4,208.0000,29,42,863.0265,-87.3417,0.0934,6,0.1463,1.0000,8,8,8,142,141,150,149,0.0067
4,208.0000,29,43,937.2010,-87.9065,0.2250,3,0.0732,0.8750,8,8,8,0,0,8,8,0.0000
4,208.0000,29,46,718.1843,-87.6383,-0.0613,4,0.0976,1.0000,8,7,6,0,0,7,6,0.1429
4,208.0000,30,0,768.9896,-87.8144,0.1859,7,0.1750,1.0000,6,8,8,0,0,8,8,0.0000
4,208.0000,30,5,965.8366,-86.6225,0.0590,4,0.1000,1.0000,4,6,6,0,0,6,6,0.0000
4,208.0000,30,12,148.5812,-67.3939,-2.1560,33,0.8250,0.0000,4,5,1,0,0,5,1,0.8000
4,208.0000,30,13,550.8869,-83.6170,-0.0403,8,0.2000,1.0000,8,8,8,0,0,8,8,0.0000
4,208.0000,30,15,595.7808,-85.9863,-1.3508,3,0.0750,1.0000,8,8,8,0,0,8,8,0.0000
4,208.0000,30,19,255.8585,-78.7925,0.6651,32,0.8000,0.2000,5,5,1,0,0,5,1,0.8000
4,208.0000,30,20,878.5787,-87.3521,-0.3492,3,0.0750,1.0000,6,8,8,0,0,8,8,0.0000
4,208.0000,30,21,846.0495,-86.0744,0.2430,7,0.1750,1.0000,8,8,8,0,0,8,8,0.0000
4,208.0000,30,26,844.0384,-86.4659,3.4706,3,0.0750,1.0000,8,8,8,0,0,8,8,0.0000
4,208.0000,30,28,230.9037,-76.8382,0.3340,31,0.7750,0.2000,5,5,1,0,0,5,1,0.8000
4,208.0000,30,31,624.2362,-85.5690,-2.0267,4,0.1000,0.8571,7,7,6,0,0,7,6,0.1429
4,208.0000,30,32,882.3478,-87.3555,-1.2390,3,0.0750,1.0000,6,8,8,0,0,8,8,0.0000
4,208.0000,30,34,556.8421,-83.9700,-0.4620,9,0.2250,0.8750,8,7,5,0,0,7,5,0.2857
4,208.0000,30,39,451.3776,-83.0746,0.7562,19,0.4750,0.5000,6,8,8,0,0,8,8,0.0000
4,208.0000,30,40,728.1243,-85.0049,0.1254,11,0.2750,1.0000,8,7,6,0,0,7,6,0.1429
4,208.0000,30,43,822.0218,-85.6637,0.2186,4,0.1000,1.0000,8,8,8,0,0,8,8,0.0000
4,208.0000,30,44,388.0319,-81.5951,0.0304,23,0.5750,0.4000,5,7,6,0,0,7,6,0.1429
4,208.0000,30,45,547.2388,-84.8691,0.7881,11,0.2750,0.7500,8,7,5,0,0,7,5,0.2857
4,208.0000,30,46,336.7974,-79.9258,0.0344,22,0.5500,0.2000,5,8,7,0,0,8,7,0.1250
4,208.0000,31,2,953.8925,-89.2680,0.3111,3,0.0750,1.0000,6,6,6,0,0,6,6,0.0000
4,208.0000,31,4,819.7872,-87.8575,0.0646,5,0.1250,1.0000,6,8,7,0,0,8,7,0.1250
4,208.0000,31,5,519.8966,-84.7407,0.4708,16,0.4000,0.7500,4,7,5,0,0,7,5,0.2857
4,208.0000,31,7,626.7779,-85.1843,-0.4605,7,0.1750,1.0000,6,10,10,0,0,10,10,0.0000
4,208.0000,31,8,453.9431,-84.3292,0.0261,14,0.3500,0.7500,8,6,2,0,0,6,2,0.6667
4,208.0000,31,9,960.7137,-88.2622,-0.1815,6,0.1500,1.0000,2,6,6,0,0,6,6,0.0000
4,208.0000,31,10,756.1089,-86.0213,-1.3697,5,0.1250,1.0000,8,8,8,0,0,8,8,0.0000
4,208.0000,31,11,1062.1034,-88.1626,-0.2050,4,0.1000,1.0000,4,8,8,0,0,8,8,0.0000
4,208.0000,31,12,511.7174,-84.0581,0.4455,11,0.2750,0.8750,8,6,3,0,0,6,3,0.5000
4,208.0000,31,13,101.2575,-69.0772,0.1948,37,0.9250,0.1294,85,5,1,80,8,85,9,0.8941
4,208.0000,31,15,366.4751,-79.9461,-0.9506,25,0.6250,0.4000,5,5,1,0,0,5,1,0.8000
4,208.0000,31,16,943.6109,-86.7492,0.7561,3,0.0750,1.0000,4,8,8,0,0,8,8,0.0000
4,208.0000,31,19,647.6723,-84.8391,-0.3409,16,0.4000,0.8889,9,8,8,0,0,8,8,0.0000
4,208.0000,31,20,532.5276,-84.1255,-0.6713,11,0.2750,1.0000,6,8,8,0,0,8,8,0.0000
4,208.0000,31,22,803.8108,-87.8663,0.1837,7,0.1750,1.0000,6,8,8,0,0,8,8,0.0000
4,208.0000,31,23,827.8542,-87.4661,-0.4449,5,0.1250,1.0000,8,6,6,0,0,6,6,0.0000
4,208.0000,31,26,326.4376,-79.6114,0.1494,24,0.6000,0.0000,4,6,2,0,0,6,2,0.6667
4,208.0000,31,27,1082.5536,-87.9944,0.9509,3,0.0750,,0,2,2,0,0,2,2,0.0000
4,208.0000,31,28,474.1206,-81.4442,-0.5422,24,0.6000,0.7143,7,5,2,0,0,5,2,0.6000
4,208.0000,31,29,492.6089,-84.4132,0.4461,13,0.3250,0.7500,8,5,2,0,0,5,2,0.6000
4,208.0000,31,30,624.2362,-85.4281,-0.1712,16,0.4000,1.0000,8,8,8,0,0,8,8,0.0000
4,208.0000,31,33,874.2587,-87.5880,0.9058,3,0.0750,1.0000,8,8,8,0,0,8,8,0.0000
4,208.0000,31,34,315.9888,-81.0533,0.5132,22,0.5500,0.5714,7,4,0,0,0,4,0,1.0000
4,208.0000,31,37,842.7661,-87.4570,-0.4676,3,0.0750,1.0000,8,4,3,0,0,4,3,0.2500
4,208.0000,31,39,467.8861,-82.7505,-0.7452,19,0.4750,0.6667,6,6,4,17,14,23,18,0.2174
4,208.0000,31,40,822.7753,-87.0518,0.3522,9,0.2250,1.0000,8,4,4,0,0,4,4,0.0000
4,208.0000,31,41,423.8218,-81.3439,-0.0230,14,0.3500,0.7143,7,7,6,0,0,7,6,0.1429
4,208.0000,31,42,990.4195,-88.8503,0.4472,4,0.1000,1.0000,2,4,4,0,0,4,4,0.0000
4,208.0000,31,43,545.1264,-83.6216,-0.7211,13,0.3250,0.3333,6,8,8,0,0,8,8,0.0000
4,208.0000,31,44,877.1760,-87.3236,0.5056,4,0.1000,1.0000,2,2,2,0,0,2,2,0.0000
4,208.0000,31,46,324.4768,-79.6250,-0.4726,30,0.7500,0.5000,6,6,4,0,0,6,4,0.3333
4,208.0000,32,0,283.6848,-81.1160,1.2093,31,0.7561,0.6667,6,4,0,0,0,4,0,1.0000
4,208.0000,32,1,418.5972,-81.0134,-0.1787,41,1.0000,0.2000,5,5,2,0,0,5,2,0.6000
4,208.0000,32,9,478.2320,-81.8720,-0.6575,25,0.6098,0.5000,6,6,4,0,0,6,4,0.3333
4,208.0000,32,18,233.8464,-76.6200,0.6049,41,1.0000,0.3333,6,4,0,0,0,4,0,1.0000
4,208.0000,32,19,689.3834,-85.9198,-0.7059,6,0.1463,0.8750,8,8,7,0,0,8,7,0.1250
4,208.0000,32,21,562.4386,-85.2207,-0.0673,20,0.4878,1.0000,8,5,1,0,0,5,1,0.8000
4,208.0000,32,25,280.9537,-78.1327,-0.9218,39,0.9512,0.0000,4,6,2,0,0,6,2,0.6667
4,208.0000,32,27,226.4606,-75.1711,-0.1485,40,0.9756,0.0000,4,6,3,0,0,6,3,0.5000
4,208.0000,32,28,800.2709,-85.5103,0.8263,4,0.0976,1.0000,8,8,8,0,0,8,8,0.0000
4,208.0000,32,34,823.5009,-88.0131,-0.1790,4,0.0976,0.5714,7,8,8,0,0,8,8,0.0000
4,208.0000,32,36,317.7454,-80.7303,0.5652,35,0.8537,0.2000,5,6,3,0,0,6,3,0.5000
4,208.0000,32,39,664.7263,-86.5109,0.9390,11,0.2683,1.0000,8,8,8,0,0,8,8,0.0000
4,208.0000,32,40,414.3474,-80.9374,-0.0011,28,0.6829,0.6667,6,7,5,0,0,7,5,0.2857
4,208.0000,32,44,548.8060,-84.3649,0.3611,11,0.2683,0.8571,7,7,6,0,0,7,6,0.1429
4,208.0000,32,45,590.0896,-84.7688,0.0217,16,0.3902,0.6667,6,6,3,0,0,6,3,0.5000
4,208.0000,33,2,491.0576,-83.6357,0.3984,19,0.4634,0.7500,8,6,4,0,0,6,4,0.3333
4,208.0000,33,3,146.9406,-72.2843,0.3685,37,0.9024,0.0000,4,5,1,0,0,5,1,0.8000
4,208.0000,33,4,321.4109,-78.1047,-0.7632,29,0.7073,0.5000,6,6,2,0,0,6,2,0.6667
4,208.0000,33,6,375.4406,-81.1769,0.5376,35,0.8537,0.6667,6,5,2,0,0,5,2,0.6000
4,208.0000,33,7,495.6363,-83.9940,0.2845,14,0.3415,0.8571,7,7,6,0,0,7,6,0.1429
4,208.0000,33,8,826.1777,-88.3913,-0.4739,5,0.1220,1.0000,8,8,8,0,0,8,8,0.0000
4,208.0000,33,10,230.6375,-75.9089,-0.2646,30,0.7317,0.0000,4,6,3,0,0,6,3,0.5000
4,208.0000,33,11,242.9016,-77.0414,0.3762,39,0.9512,0.4000,5,5,2,0,0,5,2,0.6000
4,208.0000,33,13,858.2778,-87.8421,-0.0270,6,0.1463,0.8750,8,8,8,0,0,8,8,0.0000
4,208.0000,33,14,524.3236,-83.1325,-0.4794,30,0.7317,0.7143,7,8,7,0,0,8,7,0.1250
4,208.0000,33,15,744.2734,-86.9259,-0.7722,9,0.2195,0.8571,7,6,6,0,0,6,6,0.0000
4,208.0000,33,16,693.0789,-86.3426,0.0856,15,0.3659,0.8750,8,8,8,0,0,8,8,0.0000
4,208.0000,33,17,389.4759,-81.0614,0.1091,34,0.8293,0.0000,4,5,2,0,0,5,2,0.6000
4,208.0000,33,20,418.3623,-81.9965,0.3299,23,0.5610,0.4000,5,7,5,0,0,7,5,0.2857
4,208.0000,33,22,305.2804,-79.5891,0.3054,26,0.6341,0.4000,5,4,0,0,0,4,0,1.0000
4,208.0000,33,23,341.3175,-81.5533,0.3479,28,0.6829,0.7143,7,4,0,0,0,4,0,1.0000
4,208.0000,33,24,406.3971,-81.9478,-0.0594,31,0.7561,0.2000,5,6,2,0,0,6,2,0.6667
4,208.0000,33,26,1008.5854,-88.2383,0.3970,4,0.0976,1.0000,4,8,8,0,0,8,8,0.0000
4,208.0000,33,31,874.2587,-87.4408,-1.3717,3,0.0732,1.0000,8,8,8,0,0,8,8,0.0000
4,208.0000,33,35,339.6669,-79.6467,-0.3118,38,0.9268,0.2000,5,7,5,0,0,7,5,0.2857
4,208.0000,33,37,152.0562,-73.7144,0.9112,37,0.9024,0.3333,6,4,0,0,0,4,0,1.0000
4,208.0000,33,38,266.7771,-76.9086,-1.0400,37,0.9024,0.2000,5,5,2,0,0,5,2,0.6000
4,208.0000,33,41,463.0960,-84.3602,0.4375,13,0.3171,0.6667,6,8,6,0,0,8,6,0.2500
4,208.0000,33,42,732.3055,-86.3395,0.0726,15,0.3659,1.0000,10,6,6,0,0,6,6,0.0000
4,208.0000,33,43,475.1669,-83.2654,0.1029,16,0.3902,0.8750,8,4,0,0,0,4,0,1.0000
4,208.0000,33,47,336.3019,-80.1510,-0.7239,37,0.9024,0.4000,5,5,1,0,0,5,1,0.8000
4,208.0000,34,0,892.6638,-86.9851,0.3272,8,0.2000,1.0000,4,8,8,0,0,8,8,0.0000
4,208.0000,34,1,1046.6585,-88.2728,-0.6983,5,0.1250,1.0000,2,4,4,0,0,4,4,0.0000
4,208.0000,34,5,437.7495,-82.4848,-0.2720,26,0.6500,0.4000,5,9,6,0,0,9,6,0.3333
4,208.0000,34,8,658.4715,-86.5096,1.8985,5,0.1250,0.6667,6,8,8,0,0,8,8,0.0000
4,208.0000,34,9,698.2624,-85.5814,-0.4536,17,0.4250,0.7143,7,10,10,0,0,10,10,0.0000
4,208.0000,34,12,506.8581,-83.7418,0.1262,15,0.3750,0.8571,7,4,0,0,0,4,0,1.0000
4,208.0000,34,13,350.8950,-81.7203,0.2513,17,0.4250,0.5714,7,7,5,0,0,7,5,0.2857
4,208.0000,34,15,588.0480,-85.8002,-0.3178,7,0.1750,0.8571,7,8,7,0,0,8,7,0.1250
4,208.0000,34,18,923.4575,-88.1939,-0.9694,11,0.2750,1.0000,6,6,6,0,0,6,6,0.0000
4,208.0000,34,19,462.6740,-82.2138,-0.5911,26,0.6500,0.4000,5,8,7,0,0,8,7,0.1250
4,208.0000,34,20,838.1666,-86.8184,0.0515,3,0.0750,1.0000,8,8,8,0,0,8,8,0.0000
4,208.0000,34,21,1111.1493,-88.7216,0.4297,7,0.1750,1.0000,4,8,8,0,0,8,8,0.0000
4,208.0000,34,25,907.5788,-87.2931,0.2580,6,0.1500,0.8750,8,8,8,0,0,8,8,0.0000
4,208.0000,34,26,410.2626,-81.0806,-0.3866,24,0.6000,0.6667,6,7,6,0,0,7,6,0.1429
4,208.0000,34,27,794.4576,-86.1918,-0.1919,11,0.2750,0.8000,5,9,8,0,0,9,8,0.1111
4,208.0000,34,28,341.5924,-81.4195,-0.3186,24,0.6000,0.8571,7,4,0,0,0,4,0,1.0000
4,208.0000,34,29,520.5509,-83.8945,-0.1660,22,0.5500,0.4000,5,7,6,0,0,7,6,0.1429
4,208.0000,34,30,556.8421,-84.3839,0.6537,14,0.3500,0.7143,7,5,4,0,0,5,4,0.2000
4,208.0000,34,31,315.9888,-80.5597,0.8632,24,0.6000,0.8571,7,7,5,0,0,7,5,0.2857
4,208.0000,34,32,823.5009,-85.6940,-0.9213,11,0.2750,0.8750,8,8,8,0,0,8,8,0.0000
4,208.0000,34,36,989.4807,-88.1226,-0.4728,10,0.2500,1.0000,4,2,2,0,0,2,2,0.0000
4,208.0000,34,39,189.9865,-70.9607,-2.4812,40,1.0000,0.0000,4,4,0,0,0,4,0,1.0000
4,208.0000,34,40,564.2629,-84.1818,-0.3195,23,0.5750,0.7143,7,6,4,0,0,6,4,0.3333
4,208.0000,34,41,739.1520,-87.6316,-0.8393,3,0.0750,0.8750,8,8,8,0,0,8,8,0.0000
4,208.0000,34,44,669.1673,-86.0171,-0.0116,15,0.3750,0.5000,6,8,8,0,0,8,8,0.0000
4,208.0000,34,45,879.6532,-87.4395,-0.6481,4,0.1000,1.0000,6,8,7,0,0,8,7,0.1250
4,208.0000,34,46,251.8646,-79.7938,0.9841,26,0.6500,0.5000,6,4,0,0,0,4,0,1.0000
4,208.0000,35,2,444.1694,-83.5999,0.3547,15,0.3750,0.5000,6,6,4,0,0,6,4,0.3333
4,208.0000,35,3,376.0008,-79.6615,-0.1363,26,0.6500,0.7143,7,5,2,0,0,5,2,0.6000
4,208.0000,35,4,500.6799,-83.0823,-0.1291,10,0.2500,0.8750,8,7,5,0,0,7,5,0.2857
4,208.0000,35,6,298.3605,-76.1571,-1.3366,36,0.9000,0.0000,4,5,2,0,0,5,2,0.6000
4,208.0000,35,7,550.3293,-84.4184,-0.8800,6,0.1500,1.0000,8,7,6,0,0,7,6,0.1429
4,208.0000,35,10,377.1574,-81.9419,0.6565,13,0.3250,0.8571,7,7,4,0,0,7,4,0.4286
4,208.0000,35,11,135.4418,-70.1789,-1.4587,37,0.9250,0.0000,4,5,1,0,0,5,1,0.8000
4,208.0000,35,14,234.0822,-77.6970,0.3714,36,0.9000,0.4000,5,5,1,0,0,5,1,0.8000
4,208.0000,35,16,617.6606,-86.5906,0.6680,6,0.1500,0.6667,6,8,7,0,0,8,7,0.1250
4,208.0000,35,17,342.3766,-79.7037,0.2793,29,0.7250,0.4000,5,8,5,0,0,8,5,0.3750
4,208.0000,35,20,732.4012,-86.2511,0.4247,4,0.1000,0.7143,7,7,6,0,0,7,6,0.1429
4,208.0000,35,22,515.4187,-83.1968,0.7257,10,0.2500,0.4000,5,7,6,0,0,7,6,0.1429
4,208.0000,35,23,673.2131,-86.2758,-1.1876,4,0.1000,0.6667,6,8,8,0,0,8,8,0.0000
4,208.0000,35,24,142.8946,-75.7670,1.6013,35,0.8750,0.5000,6,4,0,0,0,4,0,1.0000
4,208.0000,35,33,339.6669,-78.3461,-0.2102,21,0.5250,0.2000,5,6,3,0,0,6,3,0.5000
4,208.0000,35,37,305.0606,-80.1588,0.6300,19,0.4750,0.6667,6,5,2,0,0,5,2,0.6000
4,208.0000,35,38,190.6168,-72.9643,-0.7073,33,0.8250,0.4000,5,5,2,0,0,5,2,0.6000
4,208.0000,35,41,728.7434,-85.0213,1.1758,4,0.1000,1.0000,8,7,6,0,0,7,6,0.1429
4,208.0000,35,42,669.9291,-86.5267,-0.4395,9,0.2250,0.8571,7,7,5,0,0,7,5,0.2857
4,208.0000,35,43,799.3544,-87.8590,0.1818,3,0.0750,0.8750,8,8,8,0,0,8,8,0.0000
4,208.0000,35,47,409.5787,-80.0362,-1.3747,25,0.6250,0.5000,6,8,5,0,0,8,5,0.3750
4,208.0000,36,0,170.5223,-74.8593,0.9091,35,0.8750,0.2000,5,6,2,0,0,6,2,0.6667
4,208.0000,36,1,685.8276,-85.3638,-0.2937,21,0.5250,0.8571,7,8,8,0,0,8,8,0.0000
4,208.0000,36,18,491.0978,-81.7491,-1.2933,29,0.7250,0.4000,5,6,4,0,0,6,4,0.3333
4,208.0000,36,19,698.4595,-85.8416,-0.5708,5,0.1250,0.6667,6,8,8,0,0,8,8,0.0000
4,208.0000,36,21,303.7106,-80.5304,0.7102,31,0.7750,0.3333,6,4,0,0,0,4,0,1.0000
4,208.0000,36,25,573.6456,-84.9792,-0.7119,16,0.4000,0.6667,6,7,6,0,0,7,6,0.1429
4,208.0000,36,27,513.4189,-83.5419,-0.0346,23,0.5750,0.7143,7,8,7,0,0,8,7,0.1250
4,208.0000,36,32,317.7454,-80.6652,0.3992,25,0.6250,0.5714,7,6,3,0,0,6,3,0.5000
4,208.0000,36,39,805.1148,-86.4720,-0.2310,4,0.1000,1.0000,8,8,8,0,0,8,8,0.0000
4,208.0000,36,40,638.8739,-84.0855,-0.6789,13,0.3250,1.0000,8,8,7,0,0,8,7,0.1250
4,208.0000,36,44,474.4865,-84.4125,0.7089,12,0.3000,0.7500,8,5,1,0,0,5,1,0.8000
4,208.0000,36,45,421.2362,-82.3229,0.0336,23,0.5750,0.2000,5,7,6,0,0,7,6,0.1429
4,208.0000,37,2,508.2035,-84.9806,1.8222,12,0.3000,0.7143,7,5,2,0,0,5,2,0.6000
4,208.0000,37,3,252.3130,-76.6417,-0.3330,33,0.8250,0.2000,5,4,0,0,0,4,0,1.0000
4,208.0000,37,4,411.3751,-81.5157,0.4462,21,0.5250,0.8750,8,7,4,0,0,7,4,0.4286
4,208.0000,37,6,351.1890,-81.9005,0.6655,29,0.7250,0.8571,7,7,3,0,0,7,3,0.5714
4,208.0000,37,7,416.8389,-83.4813,0.9404,14,0.3500,0.5714,7,7,6,0,0,7,6,0.1429
4,208.0000,37,8,827.6520,-88.6457,-0.3004,6,0.1500,1.0000,8,8,8,0,0,8,8,0.0000
4,208.0000,37,10,232.9875,-77.3952,0.0437,27,0.6750,0.2000,5,5,1,0,0,5,1,0.8000
4,208.0000,37,11,226.9649,-77.6776,1.1027,31,0.7750,0.6667,6,4,0,0,0,4,0,1.0000
4,208.0000,37,13,835.4541,-87.7269,-0.9633,8,0.2000,0.6667,6,8,8,0,0,8,8,0.0000
4,208.0000,37,14,462.4458,-83.7227,-0.5878,21,0.5250,0.4000,5,7,6,0,0,7,6,0.1429
4,208.0000,37,15,719.1106,-85.4821,-1.2539,9,0.2250,1.0000,8,6,6,0,0,6,6,0.0000
4,208.0000,37,16,670.2035,-86.1164,0.2570,12,0.3000,0.8571,7,7,4,0,0,7,4,0.4286
4,208.0000,37,17,481.4427,-83.5818,0.6480,25,0.6250,0.6667,6,5,3,0,0,5,3,0.4000
4,208.0000,37,20,458.9960,-82.4652,-0.0317,16,0.4000,0.8571,7,7,4,0,0,7,4,0.4286
4,208.0000,37,22,403.5371,-82.4812,-0.2751,16,0.4000,1.0000,8,6,3,0,0,6,3,0.5000
4,208.0000,37,23,458.7483,-82.2957,-1.0124,22,0.5500,0.4000,5,5,2,0,0,5,2,0.6000
4,208.0000,37,24,357.7919,-82.9939,0.1991,27,0.6750,0.2000,5,6,3,0,0,6,3,0.5000
4,208.0000,37,31,842.7661,-86.9637,-0.4829,5,0.1250,0.8333,6,8,8,0,0,8,8,0.0000
4,208.0000,37,33,152.0562,-74.4151,1.0103,34,0.8500,0.0000,6,5,1,0,0,5,1,0.8000
4,208.0000,37,35,305.0606,-80.6468,0.4275,31,0.7750,1.0000,6,5,1,0,0,5,1,0.8000
4,208.0000,37,38,286.6159,-78.3286,0.3832,31,0.7750,0.0000,4,6,3,0,0,6,3,0.5000
4,208.0000,37,41,467.6065,-83.7695,-1.1445,11,0.2750,0.8571,7,8,7,0,0,8,7,0.1250
4,208.0000,37,42,730.7598,-86.5139,-0.2020,11,0.2750,0.6667,6,7,6,0,0,7,6,0.1429
4,208.0000,37,43,517.0359,-83.0046,-0.7053,14,0.3500,0.8750,8,5,2,0,0,5,2,0.6000
4,208.0000,37,47,356.1384,-79.6911,-1.1742,34,0.8500,0.0000,4,7,6,0,0,7,6,0.1429
4,208.0000,38,2,557.2432,-84.5298,0.4588,17,0.4250,0.6667,6,6,3,0,0,6,3,0.5000
4,208.0000,38,3,227.6517,-75.9928,-0.2323,31,0.7750,0.2000,5,4,0,0,0,4,0,1.0000
4,208.0000,38,4,506.0578,-82.7887,-0.3590,24,0.6000,0.5000,6,8,8,0,0,8,8,0.0000
4,208.0000,38,6,175.4386,-75.1127,0.5192,39,0.9750,0.0000,4,4,0,0,0,4,0,1.0000
4,208.0000,38,7,648.5928,-85.9691,0.1868,10,0.2500,0.6667,6,8,8,0,0,8,8,0.0000
4,208.0000,38,10,417.3229,-82.4497,0.5582,21,0.5250,0.6667,6,7,4,0,0,7,4,0.4286
4,208.0000,38,11,84.9621,-63.6397,-0.9344,37,0.9250,0.0000,4,5,1,0,0,5,1,0.8000
4,208.0000,38,14,424.4832,-81.3624,-0.0657,31,0.7750,0.4000,5,6,4,0,0,6,4,0.3333
4,208.0000,38,15,983.0291,-89.3128,-0.0726,4,0.1000,0.8571,7,8,8,0,0,8,8,0.0000
4,208.0000,38,16,764.1070,-86.9926,0.0552,10,0.2500,0.8750,8,8,8,0,0,8,8,0.0000
4,208.0000,38,17,314.8567,-79.3191,-0.2696,36,0.9000,0.2000,5,6,3,0,0,6,3,0.5000
4,208.0000,38,20,683.4741,-86.4442,-0.2207,10,0.2500,0.8571,7,7,6,0,0,7,6,0.1429
4,208.0000,38,22,506.1106,-84.3716,0.1956,16,0.4000,0.6667,6,8,8,0,0,8,8,0.0000
4,208.0000,38,23,560.1393,-85.0634,0.4001,16,0.4000,1.0000,8,7,5,0,0,7,5,0.2857
4,208.0000,38,24,326.9298,-80.9391,0.3969,29,0.7250,0.4000,5,5,2,0,0,5,2,0.6000
4,208.0000,38,31,1119.8790,-89.3024,0.0383,3,0.0750,1.0000,8,6,6,0,0,6,6,0.0000
4,208.0000,38,33,266.7771,-76.3859,-0.5734,32,0.8000,0.5000,6,4,0,0,0,4,0,1.0000
4,208.0000,38,35,190.6168,-72.5217,-0.3662,37,0.9250,0.0000,4,4,0,0,0,4,0,1.0000
4,208.0000,38,37,286.6159,-79.4442,-0.2509,28,0.7000,0.4000,5,7,5,0,0,7,5,0.2857
4,208.0000,38,41,721.5801,-85.6504,-0.1162,8,0.2000,1.0000,8,8,8,0,0,8,8,0.0000
4,208.0000,38,42,805.2735,-87.2650,-1.0103,9,0.2250,0.6667,6,8,8,0,0,8,8,0.0000
4,208.0000,38,43,734.2191,-87.5437,-0.6631,6,0.1500,0.8750,8,8,8,0,0,8,8,0.0000
4,208.0000,38,47,236.8344,-75.8374,-0.2773,39,0.9750,0.2000,5,5,1,0,0,5,1,0.8000
4,208.0000,39,0,709.4010,-86.8273,-0.6843,11,0.2750,1.0000,4,8,8,0,0,8,8,0.0000
4,208.0000,39,1,939.4679,-87.9566,0.0021,7,0.1750,1.0000,6,4,4,0,0,4,4,0.0000
4,208.0000,39,5,577.8479,-84.3031,-0.5710,19,0.4750,0.7143,7,8,8,0,0,8,8,0.0000
4,208.0000,39,8,808.2899,-88.3849,-1.2046,5,0.1250,1.0000,6,8,8,0,0,8,8,0.0000
4,208.0000,39,9,627.7493,-84.9471,-0.1041,18,0.4500,0.4000,5,7,6,0,0,7,6,0.1429
4,208.0000,39,12,446.8139,-82.4193,0.5800,19,0.4750,0.6667,6,8,4,0,0,8,4,0.5000
4,208.0000,39,13,471.1979,-82.2571,0.2177,16,0.4000,0.8333,6,8,6,0,0,8,6,0.2500
4,208.0000,39,15,674.1531,-87.3621,-0.0061,6,0.1500,0.8750,8,7,5,0,0,7,5,0.2857
4,208.0000,39,18,792.7085,-86.9390,0.5345,10,0.2500,1.0000,6,7,6,0,0,7,6,0.1429
4,208.0000,39,19,309.0942,-79.3508,-0.9854,33,0.8250,0.2000,5,5,2,0,0,5,2,0.6000
4,208.0000,39,20,952.8930,-88.8000,-0.0253,3,0.0750,1.0000,8,2,2,0,0,2,2,0.0000
4,208.0000,39,21,923.5800,-87.1122,0.1281,7,0.1750,1.0000,8,8,8,0,0,8,8,0.0000
4,208.0000,39,25,789.0517,-87.5589,0.0652,11,0.2750,0.8571,7,8,6,0,0,8,6,0.2500
4,208.0000,39,26,568.2897,-83.8999,-0.4009,15,0.3750,0.6667,6,7,6,0,0,7,6,0.1429
4,208.0000,39,27,664.5018,-85.8627,-0.0482,13,0.3250,0.8571,7,7,6,0,0,7,6,0.1429
4,208.0000,39,28,245.7886,-79.0026,0.7265,25,0.6250,0.7143,7,5,2,0,0,5,2,0.6000
4,208.0000,39,29,683.8512,-84.6548,0.1132,13,0.3250,1.0000,8,8,8,0,0,8,8,0.0000
4,208.0000,39,30,451.3776,-82.6790,0.3266,21,0.5250,0.5714,7,6,4,0,0,6,4,0.3333
4,208.0000,39,31,467.8861,-82.8838,0.1729,15,0.3750,0.8750,8,8,6,0,0,8,6,0.2500
4,208.0000,39,32,664.7263,-85.8318,0.0053,19,0.4750,0.8571,7,7,6,0,0,7,6,0.1429
4,208.0000,39,34,189.9865,-71.1928,-2.5609,36,0.9000,0.0000,4,5,1,0,0,5,1,0.8000
4,208.0000,39,36,805.1148,-87.8076,0.0075,10,0.2500,1.0000,8,6,6,0,0,6,6,0.0000
4,208.0000,39,40,448.1035,-81.8061,0.4985,24,0.6000,0.6667,6,7,5,0,0,7,5,0.2857
4,208.0000,39,41,875.7745,-88.5087,-0.1654,3,0.0750,1.0000,8,8,8,0,0,8,8,0.0000
4,208.0000,39,43,936.9755,-87.5091,-0.0454,5,0.1250,1.0000,6,8,8,0,0,8,8,0.0000
4,208.0000,39,44,485.2030,-83.4740,0.2170,27,0.6750,0.6667,6,7,5,0,0,7,5,0.2857
4,208.0000,39,45,696.5768,-86.8347,-0.6393,13,0.3250,0.8571,7,5,2,0,0,5,2,0.6000
4,208.0000,39,46,252.6284,-79.3283,0.3077,25,0.6250,0.5714,7,5,1,0,0,5,1,0.8000
4,208.0000,40,0,501.9734,-84.7818,-0.3456,25,0.6250,0.5714,7,5,1,0,0,5,1,0.8000
4,208.0000,40,1,596.5309,-85.5803,0.2893,22,0.5500,1.0000,8,8,7,0,0,8,7,0.1250
4,208.0000,40,5,691.8076,-84.5795,-0.1801,8,0.2000,1.0000,8,8,8,0,0,8,8,0.0000
4,208.0000,40,8,988.4673,-87.4782,0.1346,3,0.0750,1.0000,8,8,8,0,0,8,8,0.0000
4,208.0000,40,9,258.4606,-78.0379,0.2110,32,0.8000,0.4000,5,4,0,0,0,4,0,1.0000
4,208.0000,40,12,743.4012,-86.1161,-0.1901,8,0.2000,1.0000,8,8,7,0,0,8,7,0.1250
4,208.0000,40,13,842.3496,-87.0878,-0.6529,4,0.1000,1.0000,6,8,7,0,0,8,7,0.1250
4,208.0000,40,18,551.9977,-85.0345,0.8816,18,0.4500,0.5714,7,7,5,0,0,7,5,0.2857
4,208.0000,40,19,606.1288,-83.9740,-0.1466,18,0.4500,0.8571,7,6,4,0,0,6,4,0.3333
4,208.0000,40,21,753.9358,-86.0653,0.0052,12,0.3000,1.0000,8,8,8,0,0,8,8,0.0000
4,208.0000,40,25,439.8958,-82.4016,-0.0164,28,0.7000,0.8571,7,6,3,0,0,6,3,0.5000
4,208.0000,40,26,759.3464,-86.2505,0.2546,8,0.2000,1.0000,8,8,8,0,0,8,8,0.0000
4,208.0000,40,27,288.6189,-80.8289,0.5435,29,0.7250,0.5574,122,4,0,84,15,88,15,0.8295
4,208.0000,40,28,625.3003,-86.4088,0.1344,15,0.3750,0.7500,8,6,6,0,0,6,6,0.0000
4,208.0000,40,29,832.1521,-87.6573,0.6376,4,0.1000,1.0000,8,8,8,0,0,8,8,0.0000
4,208.0000,40,30,728.1243,-85.9711,-0.5622,8,0.2000,0.8571,7,8,8,0,0,8,8,0.0000
4,208.0000,40,31,822.7753,-87.6017,0.1417,6,0.1500,1.0000,8,8,8,0,0,8,8,0.0000
4,208.0000,40,32,414.3474,-81.8075,-0.3812,24,0.6000,0.5000,6,5,1,0,0,5,1,0.8000
4,208.0000,40,34,564.2629,-83.1153,-0.2724,13,0.3250,1.0000,8,7,5,0,0,7,5,0.2857
4,208.0000,40,36,638.8739,-86.0835,-0.6239,15,0.3750,0.8571,7,7,6,0,0,7,6,0.1429
4,208.0000,40,39,448.1035,-82.4362,-0.2103,23,0.5750,0.8571,7,8,6,0,0,8,6,0.2500
4,208.0000,40,44,553.4695,-84.7865,-0.3388,20,0.5000,0.7143,7,7,5,0,0,7,5,0.2857
4,208.0000,40,45,646.4005,-85.8042,-0.2842,15,0.3750,0.5000,6,7,6,0,0,7,6,0.1429
4,208.0000,40,46,666.8618,-86.2611,0.7732,8,0.2000,1.0000,8,8,8,0,0,8,8,0.0000
4,208.0000,41,2,628.2984,-85.6661,0.4133,11,0.2750,1.0000,8,8,7,0,0,8,7,0.1250
4,208.0000,41,3,578.8366,-84.2998,-0.3680,16,0.4000,0.7143,7,5,2,0,0,5,2,0.6000
4,208.0000,41,4,428.0051,-82.7825,-0.0164,17,0.4250,0.5000,6,8,8,0,0,8,8,0.0000
4,208.0000,41,5,840.3842,-88.4693,0.1119,6,0.1500,1.0000,6,8,8,0,0,8,8,0.0000
4,208.0000,41,6,805.8027,-87.3516,0.0787,9,0.2250,1.0000,6,7,6,0,0,7,6,0.1429
4,208.0000,41,7,404.3007,-80.9209,-0.5460,21,0.5250,0.8571,7,7,5,0,0,7,5,0.2857
4,208.0000,41,8,466.6272,-83.1363,0.2800,17,0.4250,0.7143,7,8,6,0,0,8,6,0.2500
4,208.0000,41,10,373.8730,-80.4341,-0.0523,21,0.5250,0.4000,5,8,8,0,0,8,8,0.0000
4,208.0000,41,11,674.2653,-86.0471,0.2293,11,0.2750,1.0000,8,8,7,0,0,8,7,0.1250
4,208.0000,41,12,741.1661,-87.3431,0.4792,10,0.2500,1.0000,4,8,8,0,0,8,8,0.0000
4,208.0000,41,13,408.6465,-81.2334,-0.1355,20,0.5000,0.7500,8,6,2,0,0,6,2,0.6667
4,208.0000,41,14,812.8866,-87.8088,0.7318,6,0.1500,1.0000,6,7,6,0,0,7,6,0.1429
4,208.0000,41,15,395.9532,-81.7059,-0.6685,27,0.6750,0.0000,4,8,8,0,0,8,8,0.0000
4,208.0000,41,16,716.0548,-86.5865,0.5316,12,0.3000,0.8571,7,7,6,0,0,7,6,0.1429
4,208.0000,41,17,776.2658,-87.6537,0.4070,10,0.2500,1.0000,8,8,6,0,0,8,6,0.2500
4,208.0000,41,19,991.7057,-88.0260,0.8862,5,0.1250,1.0000,8,4,4,0,0,4,4,0.0000
4,208.0000,41,20,160.8622,-73.0287,-0.3815,35,0.8750,0.2000,5,4,0,0,0,4,0,1.0000
4,208.0000,41,22,404.3261,-81.1397,-0.5848,24,0.6000,0.8571,7,7,6,0,0,7,6,0.1429
4,208.0000,41,23,437.9261,-82.7900,0.6012,24,0.6000,0.5000,6,5,1,0,0,5,1,0.8000
4,208.0000,41,24,719.1463,-87.1869,0.7634,10,0.2500,0.8571,7,8,8,0,0,8,8,0.0000
4,208.0000,41,26,585.9563,-84.3146,-0.6697,20,0.5000,1.0000,8,7,6,0,0,7,6,0.1429
4,208.0000,41,28,814.2598,-86.3643,-0.0024,11,0.2750,0.6667,6,8,8,0,0,8,8,0.0000
4,208.0000,41,29,733.1692,-86.0581,0.4967,14,0.3500,1.0000,8,7,6,0,0,7,6,0.1429
4,208.0000,41,30,879.7543,-88.1449,-0.0211,10,0.2500,1.0000,6,6,6,0,0,6,6,0.0000
4,208.0000,41,31,423.8218,-81.2425,-0.1764,24,0.6000,0.6667,6,7,4,0,0,7,4,0.4286
4,208.0000,41,33,463.0960,-83.6513,0.5858,19,0.4750,0.5714,7,8,8,0,0,8,8,0.0000
4,208.0000,41,34,739.1520,-85.5845,0.6218,10,0.2500,1.0000,8,6,6,0,0,6,6,0.0000
4,208.0000,41,35,728.7434,-86.1452,0.5035,11,0.2750,0.6667,6,8,8,0,0,8,8,0.0000
4,208.0000,41,37,467.6065,-84.0122,0.0398,15,0.3750,0.8571,7,8,6,0,0,8,6,0.2500
4,208.0000,41,38,721.5801,-86.2949,-0.5736,6,0.1500,0.7143,7,6,4,0,0,6,4,0.3333
4,208.0000,41,39,875.7745,-87.3623,-0.7890,9,0.2250,0.8333,6,8,8,0,0,8,8,0.0000
4,208.0000,41,42,756.0665,-86.0266,0.8622,7,0.1750,0.6667,6,8,8,0,0,8,8,0.0000
4,208.0000,41,43,235.2447,-75.5120,-0.7989,34,0.8500,0.0000,4,5,2,0,0,5,2,0.6000
4,208.0000,41,46,679.4506,-84.8661,-0.5262,17,0.4250,0.7143,7,8,8,0,0,8,8,0.0000
4,208.0000,41,47,754.1436,-85.8215,0.2019,15,0.3750,0.8571,7,8,8,0,0,8,8,0.0000
4,208.0000,42,2,256.4796,-75.3589,-0.9345,28,0.7000,0.0000,4,6,4,0,0,6,4,0.3333
4,208.0000,42,3,854.0189,-87.2482,-1.1539,4,0.1000,1.0000,8,8,7,0,0,8,7,0.1250
4,208.0000,42,4,518.5451,-84.7579,-0.6877,10,0.2500,0.8000,5,9,8,0,0,9,8,0.1111
4,208.0000,42,6,953.4300,-87.1601,3.0178,3,0.0750,1.0000,4,6,6,0,0,6,6,0.0000
4,208.0000,42,7,506.2728,-83.8531,1.5114,12,0.3000,0.4000,5,8,8,0,0,8,8,0.0000
4,208.0000,42,8,636.4449,-87.0169,-0.4230,7,0.1750,0.8750,8,8,8,0,0,8,8,0.0000
4,208.0000,42,10,530.2694,-82.8797,-0.4862,6,0.1500,0.8571,7,7,6,0,0,7,6,0.1429
4,208.0000,42,11,750.6246,-86.8573,-1.1627,5,0.1250,1.0000,8,8,8,4,4,12,12,0.0000
4,208.0000,42,14,553.0416,-84.7027,0.0632,16,0.4000,0.8571,7,6,4,0,0,6,4,0.3333
4,208.0000,42,16,111.4538,-71.5619,1.6991,32,0.8000,0.0000,4,4,0,0,0,4,0,1.0000
4,208.0000,42,17,672.4320,-86.6837,0.9264,6,0.1500,1.0000,8,8,8,0,0,8,8,0.0000
4,208.0000,42,22,560.8777,-83.9442,0.8379,8,0.2000,1.0000,6,8,8,0,0,8,8,0.0000
4,208.0000,42,24,547.9030,-83.3528,0.1493,11,0.2750,1.0000,8,7,5,0,0,7,5,0.2857
4,208.0000,42,29,863.0265,-88.1115,-0.8140,5,0.1250,1.0000,8,8,8,0,0,8,8,0.0000
4,208.0000,42,33,732.3055,-86.9693,-0.5118,5,0.1250,0.8571,7,8,7,0,0,8,7,0.1250
4,208.0000,42,35,669.9291,-85.7397,-0.0573,6,0.1500,1.0000,6,7,5,0,0,7,5,0.2857
4,208.0000,42,38,805.2735,-87.4383,0.7736,6,0.1500,1.0000,8,8,8,0,0,8,8,0.0000
4,208.0000,42,41,756.0665,-87.2567,1.7458,5,0.1250,0.8571,7,8,8,0,0,8,8,0.0000
4,208.0000,43,2,779.5854,-87.7113,-0.1796,8,0.2051,1.0000,6,8,8,0,0,8,8,0.0000
4,208.0000,43,3,538.3185,-85.5607,0.2415,15,0.3846,0.6667,6,8,8,0,0,8,8,0.0000
4,208.0000,43,4,513.9576,-83.9326,0.2971,12,0.3077,0.8571,7,8,8,0,0,8,8,0.0000
4,208.0000,43,6,797.3866,-87.5375,0.2528,10,0.2564,1.0000,8,8,8,0,0,8,8,0.0000
4,208.0000,43,7,611.0154,-85.4608,-0.6042,10,0.2564,1.0000,8,7,6,0,0,7,6,0.1429
4,208.0000,43,8,664.6827,-85.1739,0.3546,13,0.3333,1.0000,8,8,6,0,0,8,6,0.2500
4,208.0000,43,10,496.9859,-83.0600,-1.2503,16,0.4103,0.7143,7,8,7,0,0,8,7,0.1250
4,208.0000,43,11,709.6076,-85.1015,-0.0424,11,0.2821,1.0000,8,8,8,0,0,8,8,0.0000
4,208.0000,43,12,689.0743,-87.1289,-0.1635,13,0.3333,0.8571,7,6,6,0,0,6,6,0.0000
4,208.0000,43,13,486.7690,-83.3232,-0.4401,22,0.5641,0.5000,6,8,8,0,0,8,8,0.0000
4,208.0000,43,14,937.3014,-88.0524,-0.0198,7,0.1795,1.0000,4,8,8,0,0,8,8,0.0000
4,208.0000,43,15,357.1712,-79.8677,-0.8597,27,0.6923,0.0000,4,8,6,0,0,8,6,0.2500
4,208.0000,43,16,913.8592,-87.5510,-0.8431,7,0.1795,0.8750,8,4,4,0,0,4,4,0.0000
4,208.0000,43,17,807.8327,-86.6397,0.1053,13,0.3333,0.8571,7,8,8,0,0,8,8,0.0000
4,208.0000,43,19,980.3496,-87.9552,0.0492,6,0.1538,1.0000,6,6,6,0,0,6,6,0.0000
4,208.0000,43,20,94.7063,-67.7221,-0.2774,32,0.8205,0.2000,5,6,1,0,0,6,1,0.8333
4,208.0000,43,22,475.1905,-83.3313,-0.1812,20,0.5128,0.7143,7,7,6,0,0,7,6,0.1429
4,208.0000,43,23,300.4117,-79.3441,-0.0762,29,0.7436,0.2000,5,4,0,0,0,4,0,1.0000
4,208.0000,43,24,829.4870,-86.9345,-0.2953,9,0.2308,1.0000,10,5,4,0,0,5,4,0.2000
4,208.0000,43,26,766.7001,-85.7831,-0.3568,11,0.2821,0.8750,8,8,8,0,0,8,8,0.0000
4,208.0000,43,28,814.6216,-86.9413,-0.1058,10,0.2564,1.0000,8,6,6,0,0,6,6,0.0000
4,208.0000,43,29,937.2010,-88.0436,-0.0898,5,0.1282,1.0000,6,4,4,0,0,4,4,0.0000
4,208.0000,43,30,822.0218,-86.4536,-0.6351,13,0.3333,1.0000,8,8,8,0,0,8,8,0.0000
4,208.0000,43,31,545.1264,-83.6907,-0.6716,23,0.5897,0.8571,7,8,7,0,0,8,7,0.1250
4,208.0000,43,33,475.1669,-83.9548,0.2962,13,0.3333,0.7143,7,6,4,0,0,6,4,0.3333
4,208.0000,43,34,837.2080,-87.5381,-0.6428,9,0.2308,1.0000,6,8,8,0,0,8,8,0.0000
4,208.0000,43,35,799.3544,-87.4291,-0.1241,11,0.2821,1.0000,8,8,8,0,0,8,8,0.0000
4,208.0000,43,37,517.0359,-83.8817,0.1620,18,0.4615,0.8750,8,7,6,0,0,7,6,0.1429
4,208.0000,43,38,734.2191,-86.2667,-0.6513,11,0.2821,1.0000,8,7,5,0,0,7,5,0.2857
4,208.0000,43,39,936.9755,-86.8410,-0.6885,5,0.1282,1.0000,6,6,6,0,0,6,6,0.0000
4,208.0000,43,41,235.2447,-75.3662,-0.9530,33,0.8462,0.5000,6,5,2,0,0,5,2,0.6000
4,208.0000,43,42,945.5145,-87.8754,-0.7003,3,0.0769,0.8000,5,6,6,0,0,6,6,0.0000
4,208.0000,43,46,706.1786,-85.8513,-0.6613,16,0.4103,1.0000,8,6,6,0,0,6,6,0.0000
4,208.0000,43,47,700.5575,-86.2278,-0.2758,15,0.3846,0.8571,7,8,8,0,0,8,8,0.0000
4,208.0000,44,0,394.6946,-82.4353,0.4252,25,0.6250,0.2000,5,6,4,0,0,6,4,0.3333
4,208.0000,44,1,952.9557,-86.4863,-0.2885,3,0.0750,1.0000,6,8,8,0,0,8,8,0.0000
4,208.0000,44,9,792.3705,-85.7460,0.1178,9,0.2250,1.0000,8,8,8,0,0,8,8,0.0000
4,208.0000,44,12,508.3973,-81.9799,-1.1406,16,0.4000,0.7143,7,8,7,0,0,8,7,0.1250
4,208.0000,44,18,761.5400,-86.4406,-0.2420,11,0.2750,1.0000,8,7,5,0,0,7,5,0.2857
4,208.0000,44,19,277.9793,-78.0344,-0.2704,34,0.8500,0.2000,5,5,1,0,0,5,1,0.8000
4,208.0000,44,21,492.0984,-83.6200,-0.1882,28,0.7000,0.4000,5,6,4,0,0,6,4,0.3333
4,208.0000,44,25,793.9868,-86.8450,-0.2014,10,0.2500,1.0000,8,8,8,0,0,8,8,0.0000
4,208.0000,44,27,657.1887,-86.6148,0.3204,11,0.2750,0.8571,7,8,6,0,0,8,6,0.2500
4,208.0000,44,28,425.2926,-81.4776,-0.6038,19,0.4750,0.5000,6,6,3,0,0,6,3,0.5000
4,208.0000,44,30,388.0319,-81.0044,-0.0731,23,0.5750,0.5000,6,7,4,0,0,7,4,0.4286
4,208.0000,44,32,548.8060,-84.6251,0.2092,13,0.3250,0.8750,8,7,5,0,0,7,5,0.2857
4,208.0000,44,34,669.1673,-83.7201,-0.5435,7,0.1750,0.8750,8,7,6,0,0,7,6,0.1429
4,208.0000,44,36,474.4865,-84.0794,0.2819,23,0.5750,0.8750,8,4,0,0,0,4,0,1.0000
4,208.0000,44,39,485.2030,-82.5347,-0.3768,13,0.3250,0.7143,7,8,5,0,0,8,5,0.3750
4,208.0000,44,40,553.4695,-83.8469,-0.8532,17,0.4250,0.8750,8,7,6,0,0,7,6,0.1429
4,208.0000,44,45,232.1190,-79.4840,1.0813,30,0.7500,0.6667,6,6,2,0,0,6,2,0.6667
4,208.0000,44,46,568.3854,-84.0252,-1.4453,10,0.2500,1.0000,8,8,8,0,0,8,8,0.0000
4,208.0000,45,0,339.0812,-78.6433,-0.3156,29,0.7250,0.4000,5,4,0,0,0,4,0,1.0000
4,208.0000,45,1,985.6609,-87.3161,-0.2957,4,0.1000,1.0000,2,10,10,0,0,10,10,0.0000
4,208.0000,45,9,876.9480,-87.6680,-0.1664,7,0.1750,1.0000,8,6,6,0,0,6,6,0.0000
4,208.0000,45,12,664.8718,-86.4737,-0.4002,5,0.1250,0.8571,7,7,5,0,0,7,5,0.2857
4,208.0000,45,18,818.3391,-87.1995,0.6772,4,0.1000,0.8571,7,8,8,0,0,8,8,0.0000
4,208.0000,45,19,504.1773,-83.3461,0.4567,9,0.2250,0.8000,5,8,6,0,0,8,6,0.2500
4,208.0000,45,21,301.0973,-77.2441,-1.7399,39,0.9750,0.0000,4,5,2,0,0,5,2,0.6000
4,208.0000,45,25,834.6862,-87.1928,-0.2201,6,0.1500,1.0000,8,8,8,0,0,8,8,0.0000
4,208.0000,45,27,701.4472,-86.8313,-0.6747,7,0.1750,0.8571,7,8,8,0,0,8,8,0.0000
4,208.0000,45,28,638.6951,-86.9788,-1.5873,3,0.0750,0.7143,7,7,6,0,0,7,6,0.1429
4,208.0000,45,30,547.2388,-84.6609,1.4323,8,0.2000,1.0000,8,6,4,0,0,6,4,0.3333
4,208.0000,45,32,590.0896,-85.2182,0.6873,14,0.3500,1.0000,8,6,4,0,0,6,4,0.3333
4,208.0000,45,34,879.6532,-87.4972,-0.9819,3,0.0750,1.0000,8,8,8,0,0,8,8,0.0000
4,208.0000,45,36,421.2362,-83.6667,-0.4574,24,0.6000,0.2000,5,5,1,0,0,5,1,0.8000
4,208.0000,45,40,646.4005,-87.1693,-0.0294,7,0.1750,0.7143,7,7,5,0,0,7,5,0.2857
4,208.0000,45,44,232.1190,-79.4031,1.6180,25,0.6250,0.5000,6,4,0,0,0,4,0,1.0000
4,208.0000,46,0,884.9140,-87.9721,-0.9251,6,0.1500,,0,6,6,0,0,6,6,0.0000
4,208.0000,46,5,669.0980,-86.2704,1.0839,8,0.2000,1.0000,8,8,8,0,0,8,8,0.0000
4,208.0000,46,7,939.5344,-88.4296,-0.1546,4,0.1000,0.6667,3,8,8,0,0,8,8,0.0000
4,208.0000,46,8,735.8954,-88.9398,-1.8626,3,0.0750,1.0000,8,8,8,0,0,8,8,0.0000
4,208.0000,46,9,861.8691,-86.8670,0.5804,7,0.1750,0.8333,6,8,7,0,0,8,7,0.1250
4,208.0000,46,12,279.2121,-78.5611,0.6206,36,0.9000,0.2000,5,4,0,0,0,4,0,1.0000
4,208.0000,46,13,279.8170,-77.5961,-0.2226,28,0.7000,0.4000,5,7,5,0,0,7,5,0.2857
4,208.0000,46,15,431.2358,-82.0568,0.3764,18,0.4500,0.8571,7,7,4,0,0,7,4,0.4286
4,208.0000,46,19,325.2550,-79.9902,0.1589,28,0.7000,0.5714,7,7,5,0,0,7,5,0.2857
4,208.0000,46,20,733.8856,-87.3244,0.4176,4,0.1000,1.0000,8,6,5,0,0,6,5,0.1667
4,208.0000,46,25,1035.9672,-88.6587,0.1973,4,0.1000,1.0000,4,2,2,0,0,2,2,0.0000
4,208.0000,46,26,558.3285,-83.3469,1.0295,12,0.3000,0.8571,7,7,6,0,0,7,6,0.1429
4,208.0000,46,27,903.1850,-88.2199,1.2442,3,0.0750,1.0000,4,6,6,0,0,6,6,0.0000
4,208.0000,46,28,150.5768,-71.8084,-0.2829,38,0.9500,0.2000,5,4,0,0,0,4,0,1.0000
4,208.0000,46,29,718.1843,-85.5742,0.3291,9,0.2250,1.0000,8,7,6,0,0,7,6,0.1429
4,208.0000,46,30,336.7974,-80.5361,0.4291,32,0.8000,0.2500,4,7,6,0,0,7,6,0.1429
4,208.0000,46,31,324.4768,-79.6370,-0.3424,22,0.5500,0.6667,6,5,1,0,0,5,1,0.8000
4,208.0000,46,32,892.3162,-89.1909,-0.9777,3,0.0750,1.0000,6,7,6,0,0,7,6,0.1429
4,208.0000,46,34,251.8646,-79.1569,1.1391,28,0.7000,0.6667,6,5,1,0,0,5,1,0.8000
4,208.0000,46,36,979.9481,-87.6726,0.3380,3,0.0750,,0,6,6,0,0,6,6,0.0000
4,208.0000,46,39,252.6284,-78.7416,0.4545,29,0.7250,0.5000,4,4,0,0,0,4,0,1.0000
4,208.0000,46,40,666.8618,-85.6565,0.6669,10,0.2500,1.0000,8,7,5,0,0,7,5,0.2857
4,208.0000,46,41,679.4506,-85.3045,0.2314,7,0.1750,0.6667,6,8,8,0,0,8,8,0.0000
4,208.0000,46,43,706.1786,-84.9323,-0.3636,6,0.1500,0.7143,7,8,8,0,0,8,8,0.0000
4,208.0000,46,44,568.3854,-84.4290,-0.6857,18,0.4500,0.8750,8,7,5,0,0,7,5,0.2857
4,208.0000,46,45,778.0571,-87.2788,0.6342,8,0.2000,1.0000,2,8,8,0,0,8,8,0.0000
4,208.0000,47,2,764.0149,-87.1558,-1.2019,7,0.1750,1.0000,8,8,8,0,0,8,8,0.0000
4,208.0000,47,3,222.9007,-75.9421,0.7569,32,0.8000,0.0000,4,4,0,0,0,4,0,1.0000
4,208.0000,47,4,639.7568,-84.7906,-0.7752,13,0.3250,0.8571,7,8,7,0,0,8,7,0.1250
4,208.0000,47,6,166.8461,-76.4982,0.7701,34,0.8500,0.5000,6,6,2,0,0,6,2,0.6667
4,208.0000,47,7,771.8515,-86.6506,-0.8512,5,0.1250,1.0000,6,7,6,0,0,7,6,0.1429
4,208.0000,47,10,549.8734,-83.1286,0.1906,13,0.3250,1.0000,6,7,5,0,0,7,5,0.2857
4,208.0000,47,11,282.4986,-77.0393,-0.9431,31,0.7750,0.0000,4,7,5,0,0,7,5,0.2857
4,208.0000,47,14,637.7486,-84.1126,0.0746,19,0.4750,0.7143,7,6,4,0,0,6,4,0.3333
4,208.0000,47,15,929.9594,-87.1883,-0.2201,5,0.1250,1.0000,8,2,2,0,0,2,2,0.0000
4,208.0000,47,16,967.9394,-88.8077,0.4980,4,0.1000,1.0000,8,6,6,0,0,6,6,0.0000
4,208.0000,47,17,503.5846,-83.3907,-0.3709,22,0.5500,0.6667,6,8,8,0,0,8,8,0.0000
4,208.0000,47,20,678.9993,-85.1406,-1.5097,10,0.2500,0.8571,7,7,6,0,0,7,6,0.1429
4,208.0000,47,22,624.2477,-85.6500,0.4561,8,0.2000,0.8750,8,8,8,0,0,8,8,0.0000
4,208.0000,47,23,522.8027,-83.3564,-0.6660,16,0.4000,0.7143,7,8,8,0,0,8,8,0.0000
4,208.0000,47,24,544.1139,-85.2115,-0.8740,14,0.3500,1.0000,8,8,7,0,0,8,7,0.1250
4,208.0000,47,33,336.3019,-80.0630,-0.9584,20,0.5000,0.3333,6,8,7,0,0,8,7,0.1250
4,208.0000,47,35,409.5787,-81.5774,-0.2053,23,0.5750,0.6250,8,6,4,0,0,6,4,0.3333
4,208.0000,47,37,356.1384,-79.7505,-0.4954,25,0.6250,0.5000,6,7,6,0,0,7,6,0.1429
4,208.0000,47,38,236.8344,-75.4751,-0.5416,31,0.7750,0.0000,4,5,1,0,0,5,1,0.8000
4,208.0000,47,41,754.1436,-87.4973,1.0985,8,0.2000,0.8889,9,7,6,0,0,7,6,0.1429
4,208.0000,47,42,1013.4132,-87.6785,-0.0758,5,0.1250,1.0000,4,8,8,0,0,8,8,0.0000
4,208.0000,47,43,700.5575,-86.8505,0.4213,5,0.1250,0.8571,7,8,8,0,0,8,8,0.0000
4,212.0000,0,1,600.1759,-85.5727,0.1957,21,0.5250,0.6667,6,8,6,0,0,8,6,0.2500
4,212.0000,0,9,576.3272,-85.6224,-0.2542,20,0.5000,0.7143,7,6,3,0,0,6,3,0.5000
4,212.0000,0,12,934.9360,-88.3845,-0.3855,3,0.0750,1.0000,8,4,4,0,0,4,4,0.0000
4,212.0000,0,18,480.1164,-83.8242,0.6494,23,0.5750,0.7778,9,5,1,0,0,5,1,0.8000
4,212.0000,0,19,660.2790,-85.1062,0.2953,10,0.2500,0.8750,8,8,8,0,0,8,8,0.0000
4,212.0000,0,21,369.2314,-80.5164,-0.5618,35,0.8750,0.5000,6,6,3,0,0,6,3,0.5000
4,212.0000,0,25,403.9109,-84.1062,0.5474,26,0.6500,0.8000,5,6,2,0,0,6,2,0.6667
4,212.0000,0,27,296.2922,-80.9409,0.9201,28,0.7000,0.4000,5,5,1,0,0,5,1,0.8000
4,212.0000,0,28,686.6411,-87.1090,0.6533,8,0.2000,1.0000,8,8,8,0,0,8,8,0.0000
4,212.0000,0,30,726.6696,-86.5626,1.2925,6,0.1500,1.0000,8,8,8,0,0,8,8,0.0000
4,212.0000,0,32,186.4471,-76.1169,1.5307,33,0.8250,0.0000,4,5,1,0,0,5,1,0.8000
4,212.0000,0,34,929.8509,-88.0149,0.2582,5,0.1250,1.0000,8,10,10,0,0,10,10,0.0000
4,212.0000,0,36,296.3082,-76.4975,-1.8707,36,0.9000,0.0000,4,7,5,0,0,7,5,0.2857
4,212.0000,0,39,624.4344,-87.2994,-0.4788,7,0.1750,1.0000,8,10,10,0,0,10,10,0.0000
4,212.0000,0,40,436.9246,-83.0734,-0.1174,19,0.4750,0.5000,6,7,5,0,0,7,5,0.2857
4,212.0000,0,44,399.2201,-82.0538,0.3185,23,0.5750,0.4000,5,5,2,0,0,5,2,0.6000
4,212.0000,0,45,439.5045,-81.3928,-0.2659,27,0.6750,0.6667,6,6,3,0,0,6,3,0.5000
4,212.0000,0,46,777.6978,-87.4420,-0.6614,6,0.1500,1.0000,8,7,6,0,0,7,6,0.1429
4,212.0000,1,0,600.1759,-85.7151,0.2889,14,0.3500,0.8750,8,6,3,0,0,6,3,0.5000
4,212.0000,1,9,392.6188,-82.5895,0.0873,29,0.7250,0.6250,8,5,2,0,0,5,2,0.6000
4,212.0000,1,18,289.1932,-79.4168,-0.3754,37,0.9250,0.0000,4,6,2,0,0,6,2,0.6667
4,212.0000,1,21,899.5072,-87.7379,0.8501,8,0.2000,0.8571,7,8,8,0,0,8,8,0.0000
4,212.0000,1,25,197.7681,-74.2409,-0.6855,36,0.9000,0.2000,5,4,0,0,0,4,0,1.0000
4,212.0000,1,27,446.2619,-81.5519,-0.3752,26,0.6500,0.4000,5,5,2,0,0,5,2,0.6000
4,212.0000,1,32,524.9495,-82.7987,0.1077,24,0.6000,0.8571,7,6,3,0,0,6,3,0.5000
4,212.0000,1,36,813.5603,-85.7678,-0.4183,9,0.2250,0.8750,8,8,8,0,0,8,8,0.0000
4,212.0000,1,40,561.6852,-84.1539,-0.8453,14,0.3500,0.5714,7,7,4,0,0,7,4,0.4286
4,212.0000,1,44,966.7048,-88.9004,-0.3039,4,0.1000,1.0000,6,8,8,0,0,8,8,0.0000
4,212.0000,1,45,1026.7095,-88.5738,0.1281,3,0.0750,1.0000,6,6,6,0,0,6,6,0.0000
4,212.0000,2,3,564.5547,-84.7573,-0.0606,18,0.4500,0.8571,7,7,5,0,0,7,5,0.2857
4,212.0000,2,4,253.3584,-78.3779,0.2986,25,0.6250,0.4000,5,5,2,0,0,5,2,0.6000
4,212.0000,2,6,658.9615,-86.4668,-0.6153,13,0.3250,0.8571,7,6,4,0,0,6,4,0.3333
4,212.0000,2,7,406.4182,-81.7193,0.9259,19,0.4750,0.6667,6,4,0,0,0,4,0,1.0000
4,212.0000,2,8,719.2043,-86.8587,0.2334,8,0.2000,0.7500,8,8,8,0,0,8,8,0.0000
4,212.0000,2,10,163.7439,-76.4975,1.2318,31,0.7750,0.0000,4,4,0,0,0,4,0,1.0000
4,212.0000,2,11,358.5284,-83.0026,0.6470,24,0.6000,0.5714,7,6,2,18,6,24,8,0.6667
4,212.0000,2,14,354.8162,-81.1447,-0.3167,34,0.8500,0.2000,5,5,1,0,0,5,1,0.8000
4,212.0000,2,16,276.4744,-77.8066,-0.4773,34,0.8500,0.0000,4,4,0,0,0,4,0,1.0000
4,212.0000,2,17,288.5672,-80.9336,1.2846,27,0.6750,0.4000,5,5,1,0,0,5,1,0.8000
4,212.0000,2,20,659.1951,-85.9844,0.0795,8,0.2000,0.8571,7,7,5,0,0,7,5,0.2857
4,212.0000,2,22,323.9584,-80.3724,0.1209,25,0.6250,0.6667,6,5,2,5,4,10,6,0.4000
4,212.0000,2,23,632.1704,-86.3460,1.8734,9,0.2250,1.0000,6,8,6,0,0,8,6,0.2500
4,212.0000,2,24,312.7193,-80.9441,0.2882,26,0.6500,0.5000,6,5,1,0,0,5,1,0.8000
4,212.0000,2,29,933.1069,-88.8330,0.5556,3,0.0750,1.0000,4,6,6,0,0,6,6,0.0000
4,212.0000,2,33,470.7535,-83.3216,-0.2935,19,0.4750,0.8571,7,7,6,3,1,10,7,0.3000
4,212.0000,2,35,335.1960,-81.8335,1.0906,24,0.6000,0.5000,6,6,2,0,0,6,2,0.6667
4,212.0000,2,37,350.3983,-82.8485,0.4380,20,0.5000,0.7143,7,5,1,0,0,5,1,0.8000
4,212.0000,2,38,488.8433,-83.8571,0.5456,22,0.5500,0.7143,7,5,2,0,0,5,2,0.6000
4,212.0000,2,41,563.0918,-86.1791,0.7721,8,0.2000,0.8571,7,7,6,0,0,7,6,0.1429
4,212.0000,2,42,368.4479,-78.9942,-0.3848,33,0.8250,0.5714,7,8,6,0,0,8,6,0.2500
4,212.0000,2,43,730.0204,-86.4478,0.6144,8,0.2000,1.0000,8,8,8,0,0,8,8,0.0000
4,212.0000,2,47,713.3373,-86.3123,0.1305,15,0.3750,0.8571,7,8,7,0,0,8,7,0.1250
4,212.0000,3,2,564.5547,-85.0045,1.2184,14,0.3500,0.7143,7,7,5,0,0,7,5,0.2857
4,212.0000,3,4,565.0850,-83.3124,-0.0465,19,0.4750,0.8571,7,6,4,0,0,6,4,0.3333
4,212.0000,3,6,243.4104,-78.8780,1.0307,36,0.9000,0.5000,8,8,6,0,0,8,6,0.2500
4,212.0000,3,7,631.5782,-84.6439,-0.4637,10,0.2500,1.0000,8,8,6,0,0,8,6,0.2500
4,212.0000,3,8,999.9857,-89.2520,0.3350,4,0.1000,1.0000,9,7,7,0,0,7,7,0.0000
4,212.0000,3,10,503.1280,-82.7258,-0.1409,19,0.4750,0.7500,8,8,8,0,0,8,8,0.0000
4,212.0000,3,11,329.2373,-79.1843,-1.0524,29,0.7250,0.7143,7,7,5,0,0,7,5,0.2857
4,212.0000,3,14,683.1490,-84.9396,-0.1201,15,0.3750,0.8750,8,6,4,0,0,6,4,0.3333
4,212.0000,3,16,821.3516,-87.5307,0.3892,10,0.2500,1.0000,8,7,6,0,0,7,6,0.1429
4,212.0000,3,17,453.6386,-82.8713,-0.6303,25,0.6250,0.5000,6,6,4,0,0,6,4,0.3333
4,212.0000,3,20,547.8593,-83.3511,0.4563,17,0.4250,1.0000,8,7,6,0,0,7,6,0.1429
4,212.0000,3,22,409.7714,-82.6677,0.1573,20,0.5000,0.5000,6,5,2,0,0,5,2,0.6000
4,212.0000,3,23,320.5698,-80.6888,0.6780,26,0.6500,0.7143,7,7,3,0,0,7,3,0.5714
4,212.0000,3,24,439.9486,-82.6624,-0.2364,25,0.6250,0.4000,5,5,2,0,0,5,2,0.6000
4,212.0000,3,33,158.9860,-72.9405,-0.3300,34,0.8500,0.0000,4,4,0,0,0,4,0,1.0000
4,212.0000,3,35,504.4773,-83.3505,-0.2883,25,0.6250,0.7500,8,7,5,0,0,7,5,0.2857
4,212.0000,3,37,362.1227,-78.7237,-1.2246,27,0.6750,0.5000,6,7,6,0,0,7,6,0.1429
4,212.0000,3,38,290.5714,-77.8641,-0.9234,34,0.8500,0.2000,5,4,0,0,0,4,0,1.0000
4,212.0000,3,41,591.5448,-84.8284,0.7202,11,0.2750,0.8571,7,8,8,0,0,8,8,0.0000
4,212.0000,3,42,923.4364,-87.4317,-0.9456,5,0.1250,0.8571,7,4,4,0,0,4,4,0.0000
4,212.0000,3,43,522.2301,-83.7333,0.2460,14,0.3500,1.0000,8,4,0,0,0,4,0,1.0000
4,212.0000,3,47,230.3919,-76.7620,-0.4196,37,0.9250,0.2000,5,6,3,0,0,6,3,0.5000
4,212.0000,4,2,253.3584,-78.5894,-0.0249,31,0.7750,0.2000,5,5,1,0,0,5,1,0.8000
4,212.0000,4,3,565.0850,-83.9251,-0.4277,18,0.4500,0.7143,7,7,6,0,0,7,6,0.1429
4,212.0000,4,6,721.7967,-85.8518,-0.7394,14,0.3500,0.8750,8,8,8,0,0,8,8,0.0000
4,212.0000,4,7,414.4577,-82.3516,-0.0903,14,0.3500,0.7143,7,7,6,0,0,7,6,0.1429
4,212.0000,4,8,542.3452,-85.2523,0.1498,10,0.2500,1.0000,8,8,8,0,0,8,8,0.0000
4,212.0000,4,10,245.7576,-76.2050,-0.3636,23,0.5750,0.4000,5,6,2,0,0,6,2,0.6667
4,212.0000,4,11,487.9001,-83.5380,-0.3464,17,0.4250,0.6667,6,8,7,0,0,8,7,0.1250
4,212.0000,4,13,793.6477,-86.9791,-0.2377,7,0.1750,1.0000,8,8,8,0,0,8,8,0.0000
4,212.0000,4,14,581.0357,-84.8406,-0.6217,14,0.3500,0.8000,5,8,8,0,0,8,8,0.0000
4,212.0000,4,15,879.7696,-87.6188,0.3202,4,0.1000,1.0000,4,6,6,0,0,6,6,0.0000
4,212.0000,4,16,455.5006,-82.8207,-0.0892,21,0.5250,0.6667,6,7,5,0,0,7,5,0.2857
4,212.0000,4,17,421.2009,-82.0581,-0.6744,25,0.6250,0.4000,5,7,5,0,0,7,5,0.2857
4,212.0000,4,20,472.8634,-82.7196,-0.5539,19,0.4750,0.6667,6,6,4,0,0,6,4,0.3333
4,212.0000,4,22,175.4293,-68.7494,-3.0025,34,0.8500,0.5000,6,6,2,0,0,6,2,0.6667
4,212.0000,4,23,494.8227,-82.6748,-0.8684,18,0.4500,0.8571,7,5,2,0,0,5,2,0.6000
4,212.0000,4,24,487.7364,-83.7420,-0.2240,15,0.3750,0.7143,7,7,6,0,0,7,6,0.1429
4,212.0000,4,26,796.3963,-88.6274,0.6274,4,0.1000,0.8571,7,8,8,0,0,8,8,0.0000
4,212.0000,4,29,843.4551,-87.4348,0.8109,4,0.1000,1.0000,8,7,6,0,0,7,6,0.1429
4,212.0000,4,31,784.6787,-87.5685,0.9686,6,0.1500,1.0000,8,8,8,0,0,8,8,0.0000
4,212.0000,4,33,446.9312,-82.4988,-1.3693,19,0.4750,0.3333,6,8,8,0,0,8,8,0.0000
4,212.0000,4,34,1012.6520,-88.9224,0.7326,3,0.0750,1.0000,2,6,6,0,0,6,6,0.0000
4,212.0000,4,35,548.1800,-83.7214,-1.0208,18,0.4500,0.5000,6,7,6,0,0,7,6,0.1429
4,212.0000,4,37,440.7301,-83.3019,0.0767,17,0.4250,0.5000,6,5,2,0,0,5,2,0.6000
4,212.0000,4,38,616.4810,-83.9548,0.0782,18,0.4500,0.3333,6,6,5,0,0,6,5,0.1667
4,212.0000,4,41,393.8877,-83.6642,-0.4831,16,0.4000,0.5000,6,8,6,0,0,8,6,0.2500
4,212.0000,4,42,452.3889,-83.0517,0.7994,19,0.4750,0.5000,6,5,2,0,0,5,2,0.6000
4,212.0000,4,43,554.9590,-84.0372,0.0473,14,0.3500,0.5000,6,7,5,0,0,7,5,0.2857
4,212.0000,4,47,768.4972,-86.5363,-0.9778,12,0.3000,0.6667,6,8,8,0,0,8,8,0.0000
4,212.0000,5,0,1149.1471,-88.3261,-0.1830,3,0.0769,1.0000,6,2,2,0,0,2,2,0.0000
4,212.0000,5,7,808.1014,-88.0886,0.3718,3,0.0769,1.0000,8,8,8,0,0,8,8,0.0000
4,212.0000,5,8,480.7424,-83.3552,-0.3201,13,0.3333,0.8750,8,8,8,0,0,8,8,0.0000
4,212.0000,5,9,852.9675,-87.0972,-0.3839,8,0.2051,1.0000,8,4,4,0,0,4,4,0.0000
4,212.0000,5,13,491.9462,-83.7442,2.1017,8,0.2051,1.0000,8,8,8,0,0,8,8,0.0000
4,212.0000,5,15,842.3417,-87.2994,0.8324,3,0.0769,1.0000,4,8,8,0,0,8,8,0.0000
4,212.0000,5,16,994.3050,-87.5962,-0.7418,3,0.0769,1.0000,8,8,8,0,0,8,8,0.0000
4,212.0000,5,18,1034.3260,-88.6058,2.1200,4,0.1026,1.0000,6,4,4,0,0,4,4,0.0000
4,212.0000,5,26,193.5688,-76.7775,0.7611,29,0.7436,0.2000,5,4,0,0,0,4,0,1.0000
4,212.0000,5,28,797.4283,-86.8257,1.8633,4,0.1026,1.0000,8,8,8,0,0,8,8,0.0000
4,212.0000,5,29,155.4556,-73.9394,0.4566,37,0.9487,0.2000,5,4,0,0,0,4,0,1.0000
4,212.0000,5,31,407.0106,-82.0848,0.0077,14,0.3590,0.8571,7,6,4,0,0,6,4,0.3333
4,212.0000,5,34,426.5471,-82.1680,-0.0116,16,0.4103,0.8750,8,7,4,0,0,7,4,0.4286
4,212.0000,5,39,664.4833,-85.2773,-0.2126,10,0.2564,0.8750,8,8,8,0,0,8,8,0.0000
4,212.0000,5,40,778.0417,-87.6954,-0.0268,12,0.3077,0.8571,7,6,6,0,0,6,6,0.0000
4,212.0000,5,46,609.2129,-84.9986,0.7792,13,0.3333,1.0000,8,10,10,0,0,10,10,0.0000
4,212.0000,6,2,658.9615,-86.5586,0.1601,7,0.1750,1.0000,8,8,8,0,0,8,8,0.0000
4,212.0000,6,3,243.4104,-78.5445,0.7330,34,0.8500,0.2000,5,5,2,0,0,5,2,0.6000
4,212.0000,6,4,721.7967,-85.4439,-0.5345,9,0.2250,0.8571,7,8,8,0,0,8,8,0.0000
4,212.0000,6,7,654.5295,-86.0772,0.2139,8,0.2000,0.6667,6,8,7,0,0,8,7,0.1250
4,212.0000,6,10,579.8926,-84.3545,-0.5883,11,0.2750,1.0000,8,7,5,0,0,7,5,0.2857
4,212.0000,6,11,317.3470,-77.3018,-0.4453,29,0.7250,0.7143,7,5,2,0,0,5,2,0.6000
4,212.0000,6,14,644.9396,-84.1238,-0.2083,16,0.4000,0.3333,6,7,5,0,0,7,5,0.2857
4,212.0000,6,16,870.1970,-87.4024,-0.2526,4,0.1000,1.0000,8,8,7,0,0,8,7,0.1250
4,212.0000,6,17,573.2644,-83.4873,-0.7908,22,0.5500,0.6667,6,8,7,0,0,8,7,0.1250
4,212.0000,6,20,690.9418,-87.3870,0.0553,4,0.1000,0.8571,7,8,5,0,0,8,5,0.3750
4,212.0000,6,22,597.6024,-85.0670,0.1090,15,0.3750,0.8571,7,8,8,0,0,8,8,0.0000
4,212.0000,6,23,538.6539,-85.4260,1.0819,16,0.4000,0.7143,7,6,4,0,0,6,4,0.3333
4,212.0000,6,24,417.2380,-82.8315,-0.1599,21,0.5250,0.4000,5,6,4,0,0,6,4,0.3333
4,212.0000,6,33,306.1448,-80.2913,0.9691,24,0.6000,0.4000,5,6,2,0,0,6,2,0.6667
4,212.0000,6,35,474.6215,-81.2206,-0.6355,23,0.5750,0.6667,6,6,4,0,0,6,4,0.3333
4,212.0000,6,37,360.4254,-80.2112,-0.2864,25,0.6250,0.4000,5,7,6,0,0,7,6,0.1429
4,212.0000,6,38,262.4988,-76.1910,-0.8857,31,0.7750,0.0000,4,6,4,0,0,6,4,0.3333
4,212.0000,6,41,705.5516,-86.8117,0.8932,7,0.1750,0.8750,8,8,8,0,0,8,8,0.0000
4,212.0000,6,43,666.3117,-86.3215,-0.6461,9,0.2250,0.8571,7,8,8,0,0,8,8,0.0000
4,212.0000,6,47,131.5504,-72.1281,0.8487,37,0.9250,0.2000,5,4,0,0,0,4,0,1.0000
4,212.0000,7,2,406.4182,-82.6387,-0.1437,25,0.6250,0.6667,6,7,5,0,0,7,5,0.2857
4,212.0000,7,3,631.5782,-85.6245,0.0129,15,0.3750,0.8750,8,7,6,0,0,7,6,0.1429
4,212.0000,7,4,414.4577,-81.7447,0.4727,21,0.5250,0.7143,7,8,6,0,0,8,6,0.2500
4,212.0000,7,5,808.1014,-86.1448,-0.7456,8,0.2000,0.8571,7,5,4,0,0,5,4,0.2000
4,212.0000,7,6,654.5295,-86.3049,0.6705,12,0.3000,0.8750,8,7,4,0,0,7,4,0.4286
4,212.0000,7,8,562.0970,-84.6607,0.4005,16,0.4000,0.7143,7,8,7,0,0,8,7,0.1250
4,212.0000,7,10,258.0151,-78.5016,0.3169,28,0.7000,0.8750,8,6,3,0,0,6,3,0.5000
4,212.0000,7,11,439.0440,-84.3833,-0.3658,18,0.4500,1.0000,8,7,5,0,0,7,5,0.2857
4,212.0000,7,13,670.3818,-84.7821,0.2155,7,0.1750,1.0000,8,6,4,0,0,6,4,0.3333
4,212.0000,7,14,446.9026,-83.4674,0.4155,22,0.5500,0.8571,7,6,4,0,0,6,4,0.3333
4,212.0000,7,15,746.3723,-86.1457,0.2149,10,0.2500,1.0000,8,8,8,0,0,8,8,0.0000
4,212.0000,7,16,470.4760,-83.1917,0.1938,20,0.5000,0.5714,7,6,4,0,0,6,4,0.3333
4,212.0000,7,17,634.5745,-87.4265,-0.0593,11,0.2750,0.8571,7,6,4,0,0,6,4,0.3333
4,212.0000,7,20,512.0782,-83.2969,-1.4363,14,0.3500,1.0000,8,7,4,0,0,7,4,0.4286
4,212.0000,7,22,469.2581,-83.8102,-0.0655,21,0.5250,0.6667,6,7,5,0,0,7,5,0.2857
4,212.0000,7,23,662.8037,-85.9888,-0.4296,12,0.3000,1.0000,8,8,8,0,0,8,8,0.0000
4,212.0000,7,24,406.3974,-82.9879,0.5243,27,0.6750,0.5000,8,7,4,0,0,7,4,0.4286
4,212.0000,7,26,703.1009,-86.0803,-0.7056,10,0.2500,1.0000,8,8,8,0,0,8,8,0.0000
4,212.0000,7,29,699.8536,-86.8704,0.7921,10,0.2500,0.7143,7,7,6,0,0,7,6,0.1429
4,212.0000,7,31,638.4773,-85.5549,0.4431,11,0.2750,0.8750,8,8,8,5,4,13,12,0.0769
4,212.0000,7,33,482.0726,-83.9504,-0.3362,15,0.3750,1.0000,8,6,4,0,0,6,4,0.3333
4,212.0000,7,34,849.3078,-86.8245,0.0813,6,0.1500,1.0000,8,8,8,0,0,8,8,0.0000
4,212.0000,7,35,502.1159,-84.6111,-0.1843,20,0.5000,0.8750,8,8,6,0,0,8,6,0.2500
4,212.0000,7,37,323.8273,-80.8727,0.7330,24,0.6000,0.6250,8,6,3,0,0,6,3,0.5000
4,212.0000,7,38,633.6441,-85.0785,0.5392,17,0.4250,0.8750,8,7,5,0,0,7,5,0.2857
4,212.0000,7,41,358.7204,-81.2047,0.4883,20,0.5000,0.5714,7,5,2,0,0,5,2,0.6000
4,212.0000,7,42,527.6863,-83.5674,-0.2474,22,0.5500,0.8571,7,7,6,0,0,7,6,0.1429
4,212.0000,7,43,594.6651,-85.6399,1.0791,12,0.3000,0.8571,7,6,4,0,0,6,4,0.3333
4,212.0000,7,46,1005.0360,-88.0385,0.0711,6,0.1500,1.0000,4,6,6,0,0,6,6,0.0000
4,212.0000,7,47,760.7538,-86.0177,-0.4823,9,0.2250,0.8571,7,8,8,0,0,8,8,0.0000
4,212.0000,8,2,719.2043,-86.8009,-0.3984,8,0.2000,0.8750,8,8,7,0,0,8,7,0.1250
4,212.0000,8,3,999.9857,-89.3396,0.6136,3,0.0750,1.0000,8,7,6,0,0,7,6,0.1429
4,212.0000,8,4,542.3452,-84.9389,-0.5357,10,0.2500,0.7143,7,5,2,0,0,5,2,0.6000
4,212.0000,8,5,480.7424,-83.4108,-0.5683,20,0.5000,0.8571,7,8,7,0,0,8,7,0.1250
4,212.0000,8,7,562.0970,-84.4924,-0.6939,8,0.2000,0.8750,8,8,6,0,0,8,6,0.2500
4,212.0000,8,10,649.3762,-85.7339,0.4280,6,0.1500,1.0000,8,8,8,0,0,8,8,0.0000
4,212.0000,8,12,665.7438,-86.3615,-0.7827,7,0.1750,1.0000,8,8,8,0,0,8,8,0.0000
4,212.0000,8,13,385.5900,-81.9178,0.3551,17,0.4250,1.0000,8,8,6,0,0,8,6,0.2500
4,212.0000,8,15,672.2450,-87.0956,-1.4726,8,0.2000,0.7143,7,6,4,0,0,6,4,0.3333
4,212.0000,8,16,744.0823,-86.5429,-0.6488,9,0.2250,0.7778,9,4,4,0,0,4,4,0.0000
4,212.0000,8,17,957.5750,-88.2771,-0.0116,4,0.1000,1.0000,8,8,8,0,0,8,8,0.0000
4,212.0000,8,20,576.2928,-86.0966,-0.1015,10,0.2500,1.0000,8,6,4,0,0,6,4,0.3333
4,212.0000,8,22,658.4230,-86.7165,-0.3927,9,0.2250,0.7143,7,8,8,0,0,8,8,0.0000
4,212.0000,8,24,906.0652,-88.4626,-0.4559,3,0.0750,1.0000,6,8,8,0,0,8,8,0.0000
4,212.0000,8,26,299.3421,-77.9923,0.6557,31,0.7750,0.0000,4,6,3,0,0,6,3,0.5000
4,212.0000,8,28,841.4235,-87.8148,-0.0592,7,0.1750,1.0000,8,8,8,0,0,8,8,0.0000
4,212.0000,8,29,400.2490,-81.1798,-0.2492,26,0.6500,0.8571,7,7,6,0,0,7,6,0.1429
4,212.0000,8,30,955.6962,-88.9304,0.3227,6,0.1500,1.0000,6,8,8,0,0,8,8,0.0000
4,212.0000,8,31,352.1939,-81.5908,0.8559,19,0.4750,0.7500,8,5,1,0,0,5,1,0.8000
4,212.0000,8,33,849.2858,-87.0459,1.0904,3,0.0750,1.0000,8,8,8,0,0,8,8,0.0000
4,212.0000,8,34,549.9291,-84.9311,0.3891,11,0.2750,1.0000,8,7,4,0,0,7,4,0.4286
4,212.0000,8,35,987.4137,-87.9150,-0.2931,3,0.0750,1.0000,8,8,8,0,0,8,8,0.0000
4,212.0000,8,37,821.7762,-88.0944,-0.5122,6,0.1500,1.0000,8,8,8,0,0,8,8,0.0000
4,212.0000,8,39,811.1124,-87.6979,0.1402,8,0.2000,1.0000,6,8,8,0,0,8,8,0.0000
4,212.0000,8,40,1002.7047,-87.7333,0.4666,7,0.1750,,0,2,2,0,0,2,2,0.0000
4,212.0000,8,41,454.2717,-82.0365,0.6608,15,0.3750,0.8571,7,5,1,0,0,5,1,0.8000
4,212.0000,8,42,639.3121,-85.9642,-0.2820,8,0.2000,1.0000,8,8,7,0,0,8,7,0.1250
4,212.0000,8,43,684.4478,-85.8303,-0.8423,9,0.2250,0.8571,7,7,6,0,0,7,6,0.1429
4,212.0000,8,46,676.3096,-86.1869,-1.0056,7,0.1750,1.0000,6,8,8,0,0,8,8,0.0000
4,212.0000,9,0,576.3272,-84.9205,-0.1025,15,0.3750,0.5000,6,5,1,0,0,5,1,0.8000
4,212.0000,9,1,392.6188,-82.7260,0.4742,32,0.8000,0.8571,7,4,0,0,0,4,0,1.0000
4,212.0000,9,5,852.9675,-85.2044,0.2427,6,0.1500,0.8571,7,8,8,0,0,8,8,0.0000
4,212.0000,9,18,393.4805,-83.0673,0.6994,28,0.7000,0.7500,8,4,0,0,0,4,0,1.0000
4,212.0000,9,19,975.6547,-88.4325,0.0579,5,0.1250,0.8750,8,8,8,0,0,8,8,0.0000
4,212.0000,9,21,931.3625,-87.6383,-0.1315,6,0.1500,1.0000,8,8,8,0,0,8,8,0.0000
4,212.0000,9,25,357.1844,-80.1947,0.0803,33,0.8250,0.0000,4,5,2,0,0,5,2,0.6000
4,212.0000,9,26,950.7204,-87.7367,-0.3615,4,0.1000,1.0000,8,8,8,0,0,8,8,0.0000
4,212.0000,9,27,292.7560,-78.0492,-0.1519,34,0.8500,0.6250,8,6,3,0,0,6,3,0.5000
4,212.0000,9,28,885.2067,-88.8234,-0.2629,3,0.0750,1.0000,8,8,8,0,0,8,8,0.0000
4,212.0000,9,31,1032.4111,-88.7435,0.0472,4,0.1000,1.0000,10,8,8,0,0,8,8,0.0000
4,212.0000,9,32,591.2067,-84.5506,-0.1928,20,0.5000,1.0000,8,7,6,0,0,7,6,0.1429
4,212.0000,9,34,871.0293,-86.2530,-1.7886,3,0.0750,1.0000,8,8,8,0,0,8,8,0.0000
4,212.0000,9,36,852.5480,-87.0222,-0.1533,12,0.3000,1.0000,6,8,7,0,0,8,7,0.1250
4,212.0000,9,39,713.4616,-85.6126,-0.5871,9,0.2250,0.8571,7,8,8,0,0,8,8,0.0000
4,212.0000,9,40,255.6776,-77.8119,0.3806,32,0.8000,0.2000,5,4,0,0,0,4,0,1.0000
4,212.0000,9,44,874.2766,-87.8100,0.0119,7,0.1750,1.0000,8,6,6,0,0,6,6,0.0000
4,212.0000,9,45,900.6252,-89.0311,0.4479,4,0.1000,1.0000,8,8,8,0,0,8,8,0.0000
4,212.0000,9,46,842.0892,-86.5046,0.8663,5,0.1250,1.0000,8,8,8,0,0,8,8,0.0000
4,212.0000,10,2,163.7439,-77.4468,1.4451,36,0.9000,0.4000,5,5,1,0,0,5,1,0.8000
4,212.0000,10,3,503.1280,-81.9513,-0.3615,21,0.5250,0.8000,5,7,4,0,0,7,4,0.4286
4,212.0000,10,4,245.7576,-76.3613,0.1960,35,0.8750,0.2000,5,8,6,0,0,8,6,0.2500
4,212.0000,10,6,579.8926,-84.1888,-0.6205,21,0.5250,0.7143,7,7,5,0,0,7,5,0.2857
4,212.0000,10,7,258.0151,-77.6066,0.2545,35,0.8750,0.0000,4,6,2,0,0,6,2,0.6667
4,212.0000,10,8,649.3762,-85.1661,-0.5922,11,0.2750,0.8571,7,7,6,0,0,7,6,0.1429
4,212.0000,10,11,299.1880,-79.8730,0.0706,26,0.6500,0.5000,6,4,0,0,0,4,0,1.0000
4,212.0000,10,13,843.1065,-87.2053,-0.5505,3,0.0750,1.0000,26,4,4,8,8,12,12,0.0000
4,212.0000,10,14,357.8168,-82.1979,0.3623,27,0.6750,0.5000,6,5,1,0,0,5,1,0.8000
4,212.0000,10,15,904.7354,-87.3526,0.1501,5,0.1250,0.8750,8,4,4,0,0,4,4,0.0000
4,212.0000,10,16,353.5858,-82.3243,1.2144,30,0.7500,0.5714,7,5,2,0,0,5,2,0.6000
4,212.0000,10,17,382.5627,-82.5305,0.6814,26,0.6500,0.3333,6,4,2,0,0,4,2,0.5000
4,212.0000,10,20,539.3908,-82.6841,-0.8812,18,0.4500,0.5714,7,8,8,0,0,8,8,0.0000
4,212.0000,10,22,291.9692,-77.8434,-0.1205,30,0.7500,0.5000,6,7,6,0,0,7,6,0.1429
4,212.0000,10,23,562.6618,-83.0617,-0.2357,22,0.5500,0.6667,6,8,7,0,0,8,7,0.1250
4,212.0000,10,24,268.1944,-79.5826,0.6029,28,0.7000,0.3333,6,5,1,0,0,5,1,0.8000
4,212.0000,10,26,848.1490,-85.5673,-0.9357,4,0.1000,1.0000,8,5,4,0,0,5,4,0.2000
4,212.0000,10,29,861.3842,-87.4414,1.3331,6,0.1500,1.0000,2,8,8,0,0,8,8,0.0000
4,212.0000,10,31,821.8015,-86.4481,0.4829,5,0.1250,1.0000,8,8,8,0,0,8,8,0.0000
4,212.0000,10,33,377.6706,-78.7343,-0.9243,26,0.6500,0.4000,5,7,5,0,0,7,5,0.2857
4,212.0000,10,35,343.2813,-80.3908,0.7670,26,0.6500,0.2000,5,5,2,0,0,5,2,0.6000
4,212.0000,10,37,237.6043,-76.9742,0.6797,29,0.7250,0.4000,5,4,0,0,0,4,0,1.0000
4,212.0000,10,38,471.8149,-83.5559,0.3580,23,0.5750,0.7500,8,7,6,0,0,7,6,0.1429
4,212.0000,10,41,430.6279,-81.1673,-0.9205,20,0.5000,0.7143,7,8,7,0,0,8,7,0.1250
4,212.0000,10,42,438.9577,-82.8250,0.8790,25,0.6250,0.7500,8,7,5,0,0,7,5,0.2857
4,212.0000,10,43,611.9350,-84.4108,0.3322,18,0.4500,0.7143,7,8,8,0,0,8,8,0.0000
4,212.0000,10,47,655.3549,-84.8381,0.4340,16,0.4000,0.7143,7,8,7,0,0,8,7,0.1250
4,212.0000,11,2,358.5284,-82.3324,0.2996,21,0.5250,0.8571,7,5,2,0,0,5,2,0.6000
4,212.0000,11,3,329.2373,-79.2076,-0.4061,31,0.7750,0.3333,6,7,5,0,0,7,5,0.2857
4,212.0000,11,4,487.9001,-83.8332,0.6370,17,0.4250,0.6667,6,7,5,0,0,7,5,0.2857
4,212.0000,11,6,317.3470,-77.6498,-1.6022,33,0.8250,0.0000,4,8,5,0,0,8,5,0.3750
4,212.0000,11,7,439.0440,-84.9983,1.2568,9,0.2250,0.6667,6,6,3,0,0,6,3,0.5000
4,212.0000,11,8,923.0031,-88.8118,-1.1182,4,0.1000,,0,8,8,0,0,8,8,0.0000
4,212.0000,11,10,299.1880,-79.9952,0.4194,21,0.5250,0.4000,5,6,4,0,0,6,4,0.3333
4,212.0000,11,14,356.7037,-81.0510,0.0308,26,0.6500,0.8750,8,5,2,0,0,5,2,0.6000
4,212.0000,11,16,553.9309,-85.4673,0.2547,10,0.2500,0.8750,8,6,3,0,0,6,3,0.5000
4,212.0000,11,17,349.8346,-80.1604,-0.2097,24,0.6000,0.5000,6,7,5,0,0,7,5,0.2857
4,212.0000,11,20,645.9464,-85.0863,-0.1452,7,0.1750,0.8750,8,8,7,0,0,8,7,0.1250
4,212.0000,11,22,423.5059,-82.2671,0.1412,18,0.4500,1.0000,7,10,9,0,0,10,9,0.1000
4,212.0000,11,23,555.8214,-83.6833,0.0627,11,0.2750,0.6667,6,6,4,0,0,6,4,0.3333
4,212.0000,11,24,112.6362,-74.5997,1.7171,33,0.8250,0.2000,5,4,0,0,0,4,0,1.0000
4,212.0000,11,33,278.9585,-78.0087,-0.3710,29,0.7250,0.5000,6,5,2,0,0,5,2,0.6000
4,212.0000,11,35,194.9895,-73.6520,-0.9131,35,0.8750,0.0000,4,6,2,0,0,6,2,0.6667
4,212.0000,11,37,124.7036,-73.8176,1.6726,29,0.7250,0.0000,4,4,0,0,0,4,0,1.0000
4,212.0000,11,38,196.3406,-71.5782,-2.1410,35,0.8750,0.0000,4,4,0,0,0,4,0,1.0000
4,212.0000,11,41,593.8705,-85.8862,1.9064,10,0.2500,1.0000,8,10,9,20,18,30,27,0.1000
4,212.0000,11,42,693.3345,-87.0855,-0.2197,9,0.2250,1.0000,8,8,8,0,0,8,8,0.0000
4,212.0000,11,43,672.8584,-85.5670,0.7521,8,0.2000,0.8571,7,8,8,0,0,8,8,0.0000
4,212.0000,11,47,394.1776,-80.9773,-0.5729,30,0.7500,0.5000,6,5,2,0,0,5,2,0.6000
4,212.0000,12,8,665.7438,-84.6042,0.9697,3,0.0750,1.0000,8,10,10,0,0,10,10,0.0000
4,212.0000,12,9,1089.0172,-87.8517,0.2403,4,0.1000,1.0000,6,4,4,0,0,4,4,0.0000
4,212.0000,12,13,391.1262,-81.0546,0.0195,16,0.4000,0.4000,5,8,8,0,0,8,8,0.0000
4,212.0000,12,15,370.4257,-81.6503,0.5909,16,0.4000,0.5714,7,7,6,0,0,7,6,0.1429
4,212.0000,12,19,447.0906,-81.2162,-0.7675,23,0.5750,0.8750,8,8,7,0,0,8,7,0.1250
4,212.0000,12,20,664.2769,-85.6057,-0.6415,3,0.0750,1.0000,8,7,6,0,0,7,6,0.1429
4,212.0000,12,21,1067.3286,-87.6502,1.0875,3,0.0750,1.0000,8,4,4,0,0,4,4,0.0000
4,212.0000,12,26,766.5948,-86.5951,0.4657,5,0.1250,1.0000,8,8,8,0,0,8,8,0.0000
4,212.0000,12,28,336.8483,-78.9305,-0.7878,27,0.6750,0.0000,4,8,8,0,0,8,8,0.0000
4,212.0000,12,30,318.2633,-76.7083,-1.5752,34,0.8500,0.5000,6,6,4,0,0,6,4,0.3333
4,212.0000,12,31,479.5704,-83.5485,0.6087,9,0.2250,0.8750,8,9,8,0,0,9,8,0.1111
4,212.0000,12,32,1029.9301,-88.1709,-0.0849,5,0.1250,1.0000,8,4,4,0,0,4,4,0.0000
4,212.0000,12,34,462.7385,-83.7735,-0.4759,14,0.3500,1.0000,8,6,3,0,0,6,3,0.5000
4,212.0000,12,36,981.3675,-87.9588,0.3017,4,0.1000,1.0000,4,4,4,0,0,4,4,0.0000
4,212.0000,12,39,471.7257,-83.0022,0.8480,14,0.3500,0.8571,7,8,6,0,0,8,6,0.2500
4,212.0000,12,40,847.2733,-86.9180,0.2601,8,0.2000,1.0000,4,7,6,0,0,7,6,0.1429
4,212.0000,12,41,689.9315,-86.3824,-0.8252,3,0.0750,1.0000,8,8,8,0,0,8,8,0.0000
4,212.0000,12,44,677.6178,-85.2950,-0.1833,17,0.4250,0.7143,7,4,4,0,0,4,4,0.0000
4,212.0000,12,45,642.8319,-86.2326,0.3771,13,0.3250,1.0000,8,8,8,0,0,8,8,0.0000
4,212.0000,12,46,340.2099,-79.0991,-0.6472,26,0.6500,0.5000,6,6,4,0,0,6,4,0.3333
4,212.0000,13,0,1095.6217,-88.7648,0.2886,4,0.1000,,0,10,10,0,0,10,10,0.0000
4,212.0000,13,2,965.2970,-88.8941,-0.4943,3,0.0750,1.0000,8,6,6,0,0,6,6,0.0000
4,212.0000,13,4,793.6477,-88.3005,-0.0823,5,0.1250,1.0000,8,5,4,0,0,5,4,0.2000
4,212.0000,13,5,491.9462,-83.7799,0.1905,17,0.4250,0.8571,7,7,5,0,0,7,5,0.2857
4,212.0000,13,7,670.3818,-85.9512,0.2591,7,0.1750,0.8571,7,8,8,0,0,8,8,0.0000
4,212.0000,13,8,385.5900,-83.5075,0.5316,17,0.4250,0.6667,6,5,3,0,0,5,3,0.4000
4,212.0000,13,10,843.1065,-86.7886,-0.5961,5,0.1250,1.0000,8,5,4,0,0,5,4,0.2000
4,212.0000,13,11,1047.6484,-89.2498,0.3915,3,0.0750,1.0000,6,8,8,0,0,8,8,0.0000
4,212.0000,13,12,391.1262,-81.1536,-0.0719,21,0.5250,1.0000,8,4,0,0,0,4,0,1.0000
4,212.0000,13,15,365.8521,-78.9817,-0.2870,27,0.6750,0.4000,5,7,6,0,0,7,6,0.1429
4,212.0000,13,19,680.6608,-84.7559,-0.5022,13,0.3250,0.8750,8,8,8,2,1,10,9,0.1000
4,212.0000,13,20,569.3620,-84.7689,-0.5693,9,0.2250,0.6667,6,7,6,0,0,7,6,0.1429
4,212.0000,13,22,847.1438,-87.7691,0.8292,5,0.1250,0.8750,8,9,8,0,0,9,8,0.1111
4,212.0000,13,23,901.4459,-87.0513,-0.8142,5,0.1250,0.8000,5,8,8,0,0,8,8,0.0000
4,212.0000,13,26,436.0666,-83.1610,0.6121,20,0.5000,0.4000,5,5,2,0,0,5,2,0.6000
4,212.0000,13,27,983.2255,-88.1914,-0.1422,5,0.1250,,0,4,4,0,0,4,4,0.0000
4,212.0000,13,28,504.9291,-82.9247,-0.2876,15,0.3750,0.8571,7,8,8,0,0,8,8,0.0000
4,212.0000,13,29,515.8835,-84.6946,1.3163,12,0.3000,1.0000,8,7,6,0,0,7,6,0.1429
4,212.0000,13,30,649.9397,-85.2794,0.1309,13,0.3250,0.8571,7,8,8,0,0,8,8,0.0000
4,212.0000,13,31,93.4599,-68.6937,0.3865,32,0.8000,0.4000,5,6,3,0,0,6,3,0.5000
4,212.0000,13,34,237.4618,-78.4891,1.6254,31,0.7750,0.0000,4,4,0,0,0,4,0,1.0000
4,212.0000,13,39,506.2021,-83.6140,0.1634,21,0.5250,0.7143,7,8,8,0,0,8,8,0.0000
4,212.0000,13,40,864.7715,-88.3374,-0.3434,5,0.1250,0.0000,1,4,4,0,0,4,4,0.0000
4,212.0000,13,41,491.4900,-82.5589,0.0786,10,0.2500,0.8750,8,8,8,0,0,8,8,0.0000
4,212.0000,13,43,645.5343,-85.1891,-1.0729,8,0.2000,1.0000,8,8,8,0,0,8,8,0.0000
4,212.0000,13,45,935.6670,-88.8633,-0.4400,4,0.1000,1.0000,2,3,2,0,0,3,2,0.3333
4,212.0000,13,46,343.5390,-79.2760,-0.9004,27,0.6750,0.5000,6,6,4,0,0,6,4,0.3333
4,212.0000,14,2,354.8162,-80.8163,0.8253,28,0.7000,0.0000,4,6,3,0,0,6,3,0.5000
4,212.0000,14,3,683.1490,-85.0977,-0.3711,18,0.4500,0.7143,7,8,8,0,0,8,8,0.0000
4,212.0000,14,4,581.0357,-84.9550,0.4337,16,0.4000,0.8571,7,7,5,0,0,7,5,0.2857
4,212.0000,14,6,644.9396,-84.6054,-0.1027,20,0.5000,0.6667,6,8,8,0,0,8,8,0.0000
4,212.0000,14,7,446.9026,-83.3953,-0.0289,19,0.4750,0.6667,6,7,6,0,0,7,6,0.1429
4,212.0000,14,8,929.0810,-87.2632,-1.6803,5,0.1250,1.0000,4,8,8,0,0,8,8,0.0000
4,212.0000,14,10,357.8168,-82.0938,-0.5378,16,0.4000,0.8571,7,6,4,0,0,6,4,0.3333
4,212.0000,14,11,356.7037,-81.2085,0.0007,26,0.6500,0.8571,7,5,1,0,0,5,1,0.8000
4,212.0000,14,16,329.9525,-82.2595,0.5379,26,0.6500,0.2000,5,7,4,0,0,7,4,0.4286
4,212.0000,14,17,488.7901,-83.5231,-0.0523,26,0.6500,0.8750,8,8,7,0,0,8,7,0.1250
4,212.0000,14,20,869.3109,-87.2799,0.6963,7,0.1750,1.0000,6,8,8,0,0,8,8,0.0000
4,212.0000,14,22,623.8483,-84.6383,-0.0088,18,0.4500,0.6667,6,6,4,0,0,6,4,0.3333
4,212.0000,14,23,862.9518,-87.6046,0.2254,9,0.2250,0.8750,8,8,8,0,0,8,8,0.0000
4,212.0000,14,24,244.1841,-74.3620,-1.4138,35,0.8750,0.0000,4,4,0,0,0,4,0,1.0000
4,212.0000,14,26,1052.6371,-88.7390,2.0342,3,0.0750,1.0000,8,6,6,0,0,6,6,0.0000
4,212.0000,14,29,1022.9078,-88.0292,-0.2951,3,0.0750,1.0000,2,8,8,0,0,8,8,0.0000
4,212.0000,14,33,608.2709,-84.8592,0.3759,17,0.4250,0.5000,6,7,6,0,0,7,6,0.1429
4,212.0000,14,35,213.9068,-76.0981,-0.2195,34,0.8500,0.5000,6,5,1,0,0,5,1,0.8000
4,212.0000,14,37,365.6472,-83.2424,0.3787,23,0.5750,0.7143,7,6,3,0,0,6,3,0.5000
4,212.0000,14,38,488.7261,-83.6329,-0.5311,28,0.7000,0.4000,5,8,8,0,0,8,8,0.0000
4,212.0000,14,41,753.4667,-87.1970,1.1755,6,0.1500,1.0000,8,7,6,0,0,7,6,0.1429
4,212.0000,14,42,508.0954,-84.4609,-0.0202,20,0.5000,0.8571,7,6,4,0,0,6,4,0.3333
4,212.0000,14,43,930.3155,-88.0731,0.7389,5,0.1250,1.0000,4,8,8,0,0,8,8,0.0000
4,212.0000,14,47,730.2596,-86.7005,-0.2332,15,0.3750,0.8571,7,8,8,0,0,8,8,0.0000
4,212.0000,15,2,1049.1986,-87.6494,-0.8724,4,0.1000,1.0000,6,6,6,0,0,6,6,0.0000
4,212.0000,15,6,1023.0623,-87.7938,-0.5280,4,0.1000,1.0000,4,8,8,0,0,8,8,0.0000
4,212.0000,15,7,746.3723,-87.1394,0.8545,4,0.1000,0.8571,7,8,8,0,0,8,8,0.0000
4,212.0000,15,8,672.2450,-85.3902,-1.0906,7,0.1750,1.0000,8,8,8,0,0,8,8,0.0000
4,212.0000,15,12,370.4257,-81.4224,-0.5491,13,0.3250,0.3333,6,8,6,0,0,8,6,0.2500
4,212.0000,15,13,365.8521,-79.4451,-0.5774,16,0.4000,0.5000,6,6,3,0,0,6,3,0.5000
4,212.0000,15,19,642.7122,-86.1726,-0.8383,4,0.1000,1.0000,8,8,7,0,0,8,7,0.1250
4,212.0000,15,20,472.5886,-81.7551,-0.9071,11,0.2750,0.0000,4,7,5,0,0,7,5,0.2857
4,212.0000,15,23,778.6939,-86.9934,0.3449,5,0.1250,0.8571,7,8,8,0,0,8,8,0.0000
4,212.0000,15,26,792.7104,-86.2657,-1.3671,7,0.1750,0.8750,8,7,6,0,0,7,6,0.1429
4,212.0000,15,28,545.8632,-83.5833,-0.6155,8,0.2000,0.8571,7,8,8,0,0,8,8,0.0000
4,212.0000,15,29,860.4650,-87.6397,1.7515,4,0.1000,1.0000,4,8,8,0,0,8,8,0.0000
4,212.0000,15,30,594.8669,-85.0097,-0.3685,10,0.2500,0.6667,6,8,8,0,0,8,8,0.0000
4,212.0000,15,31,441.6652,-82.0978,-1.1687,12,0.3000,0.9138,58,7,6,3,2,10,8,0.2000
4,212.0000,15,33,834.4930,-87.3120,1.6529,3,0.0750,1.0000,8,8,8,0,0,8,8,0.0000
4,212.0000,15,34,502.4175,-82.9291,0.0444,9,0.2250,1.0000,8,7,5,0,0,7,5,0.2857
4,212.0000,15,37,905.2315,-88.1652,2.3823,3,0.0750,0.8571,7,8,7,0,0,8,7,0.1250
4,212.0000,15,39,657.4181,-84.3061,0.3687,8,0.2000,0.8125,16,7,5,0,0,7,5,0.2857
4,212.0000,15,41,491.9949,-84.7474,-1.5891,7,0.1750,1.0000,8,8,8,0,0,8,8,0.0000
4,212.0000,15,43,485.1832,-82.8101,-1.5001,16,0.4000,0.7143,7,7,6,0,0,7,6,0.1429
4,212.0000,15,46,495.2810,-82.5276,-1.0971,13,0.3250,0.7143,7,6,3,0,0,6,3,0.5000
4,212.0000,16,2,276.4744,-78.4517,-0.4446,28,0.7000,0.5000,6,5,1,62,41,67,42,0.3731
4,212.0000,16,3,821.3516,-87.4638,0.9781,4,0.1000,1.0000,8,8,8,0,0,8,8,0.0000
4,212.0000,16,4,455.5006,-83.3633,-0.1156,17,0.4250,1.0000,8,7,6,0,0,7,6,0.1429
4,212.0000,16,6,870.1970,-87.8427,-0.3510,4,0.1000,1.0000,8,8,8,0,0,8,8,0.0000
4,212.0000,16,7,470.4760,-82.7243,-0.4186,16,0.4000,0.7143,7,7,6,62,61,69,67,0.0290
4,212.0000,16,8,744.0823,-86.0051,0.2753,5,0.1250,0.8750,8,8,8,0,0,8,8,0.0000
4,212.0000,16,10,353.5858,-82.6275,1.5347,15,0.3750,0.8444,45,7,6,12,10,19,16,0.1579
4,212.0000,16,11,553.9309,-85.8730,1.2582,11,0.2750,0.8571,7,6,3,0,0,6,3,0.5000
4,212.0000,16,14,329.9525,-80.9593,0.4374,23,0.5750,1.0000,6,6,2,0,0,6,2,0.6667
4,212.0000,16,17,518.8198,-85.4890,-0.6448,13,0.3250,0.6667,6,6,4,0,0,6,4,0.3333
4,212.0000,16,22,580.3396,-84.7855,-0.0132,14,0.3500,0.7143,7,7,5,0,0,7,5,0.2857
4,212.0000,16,23,895.0815,-87.0880,1.1403,3,0.0750,0.8000,5,8,8,0,0,8,8,0.0000
4,212.0000,16,24,462.9417,-83.1755,0.2112,16,0.4000,0.7143,7,7,5,0,0,7,5,0.2857
4,212.0000,16,26,864.4561,-87.7562,-0.9093,3,0.0750,1.0000,8,8,8,0,0,8,8,0.0000
4,212.0000,16,29,844.2593,-86.9610,-0.9850,3,0.0750,1.0000,4,8,8,0,0,8,8,0.0000
4,212.0000,16,31,973.0549,-88.9367,0.8455,4,0.1000,1.0000,8,6,6,0,0,6,6,0.0000
4,212.0000,16,33,719.2813,-86.8246,-0.4959,8,0.2000,0.8571,7,8,8,0,0,8,8,0.0000
4,212.0000,16,35,454.5346,-84.0125,0.6171,16,0.4000,0.6667,6,7,4,0,0,7,4,0.4286
4,212.0000,16,37,533.5151,-84.8221,-0.2751,9,0.2250,1.0000,8,7,6,0,0,7,6,0.1429
4,212.0000,16,38,697.0133,-85.1170,-0.0303,7,0.1750,0.8571,7,8,8,0,0,8,8,0.0000
4,212.0000,16,41,724.0283,-86.4173,-0.7828,7,0.1750,0.8571,7,7,6,0,0,7,6,0.1429
4,212.0000,16,42,183.6608,-71.9674,-0.9100,35,0.8750,0.0000,4,6,3,0,0,6,3,0.5000
4,212.0000,17,2,288.5672,-80.0603,0.8253,29,0.7250,0.5000,6,8,5,0,0,8,5,0.3750
4,212.0000,17,3,453.6386,-82.1213,-0.7642,24,0.6000,0.5000,6,6,3,0,0,6,3,0.5000
4,212.0000,17,4,421.2009,-81.7800,-0.4566,26,0.6500,0.6667,6,3,0,0,0,3,0,1.0000
4,212.0000,17,6,573.2644,-84.1532,-0.9380,21,0.5250,0.7143,7,7,6,0,0,7,6,0.1429
4,212.0000,17,7,634.5745,-85.8677,0.1119,10,0.2500,1.0000,8,8,7,0,0,8,7,0.1250
4,212.0000,17,8,957.5750,-88.8523,1.5173,4,0.1000,1.0000,6,8,8,0,0,8,8,0.0000
4,212.0000,17,10,382.5627,-81.5038,0.4678,19,0.4750,0.6667,6,5,2,0,0,5,2,0.6000
4,212.0000,17,11,349.8346,-80.5241,-0.0544,26,0.6500,0.6250,8,7,5,0,0,7,5,0.2857
4,212.0000,17,14,488.7901,-83.2627,-0.0939,28,0.7000,0.6667,6,5,1,0,0,5,1,0.8000
4,212.0000,17,16,518.8198,-85.2538,0.7953,15,0.3750,0.7143,7,8,6,0,0,8,6,0.2500
4,212.0000,17,20,755.3828,-87.1803,0.5033,7,0.1750,1.0000,8,8,8,0,0,8,8,0.0000
4,212.0000,17,22,373.3889,-81.8270,-0.6324,22,0.5500,0.6667,6,7,6,0,0,7,6,0.1429
4,212.0000,17,23,588.7679,-85.5820,-0.3153,13,0.3250,1.0000,8,7,6,0,0,7,6,0.1429
4,212.0000,17,24,360.9661,-81.1683,-0.1212,29,0.7250,0.7143,7,7,6,0,0,7,6,0.1429
4,212.0000,17,33,445.9742,-82.6795,-1.1962,19,0.4750,0.4000,5,7,6,0,0,7,6,0.1429
4,212.0000,17,35,339.6727,-80.6690,-0.7584,29,0.7250,0.5000,6,5,2,0,0,5,2,0.6000
4,212.0000,17,37,423.3693,-82.8588,0.7716,18,0.4500,0.4000,5,4,0,0,0,4,0,1.0000
4,212.0000,17,38,347.2212,-79.8805,-0.2720,28,0.7000,0.8000,5,6,2,0,0,6,2,0.6667
4,212.0000,17,41,720.4535,-86.7392,0.3926,9,0.2250,0.8571,7,7,5,0,0,7,5,0.2857
4,212.0000,17,42,623.5349,-85.0554,-0.0760,18,0.4500,0.8750,8,7,6,0,0,7,6,0.1429
4,212.0000,17,43,790.7568,-87.1104,0.5855,10,0.2500,0.6667,6,8,8,0,0,8,8,0.0000
4,212.0000,17,47,575.6974,-85.0353,-0.4929,21,0.5250,0.6667,6,7,6,0,0,7,6,0.1429
4,212.0000,18,0,480.1164,-83.4475,0.3429,18,0.4500,0.5000,6,7,6,0,0,7,6,0.1429
4,212.0000,18,1,289.1932,-78.6535,-0.0457,36,0.9000,0.0000,4,4,0,0,0,4,0,1.0000
4,212.0000,18,9,393.4805,-83.1559,0.7054,21,0.5250,0.6667,6,5,1,0,0,5,1,0.8000
4,212.0000,18,19,891.6910,-87.5679,-0.2885,8,0.2000,1.0000,8,6,6,0,0,6,6,0.0000
4,212.0000,18,21,813.9806,-86.7122,0.8320,7,0.1750,0.7500,8,8,7,0,0,8,7,0.1250
4,212.0000,18,25,209.7096,-74.9829,0.3051,35,0.8750,0.0000,4,4,0,0,0,4,0,1.0000
4,212.0000,18,27,320.4947,-79.5046,0.1796,27,0.6750,0.5000,6,6,2,0,0,6,2,0.6667
4,212.0000,18,32,366.1900,-78.5454,-1.6124,31,0.7750,0.0000,4,6,3,0,0,6,3,0.5000
4,212.0000,18,36,656.1212,-84.0437,-0.7239,15,0.3750,0.6667,6,7,6,0,0,7,6,0.1429
4,212.0000,18,39,707.7202,-87.8502,0.4886,6,0.1500,1.0000,8,8,8,0,0,8,8,0.0000
4,212.0000,18,40,457.7031,-83.5080,0.3083,21,0.5250,0.6667,6,6,4,0,0,6,4,0.3333
4,212.0000,18,44,768.8570,-86.1565,-0.1057,9,0.2250,0.8750,8,5,2,0,0,5,2,0.6000
4,212.0000,18,45,858.5208,-88.3453,-0.3827,5,0.1250,1.0000,8,8,8,0,0,8,8,0.0000
4,212.0000,19,0,660.2790,-85.3298,-0.0765,16,0.4000,0.7143,7,7,6,0,0,7,6,0.1429
4,212.0000,19,9,975.6547,-87.4342,-0.0188,12,0.3000,1.0000,8,8,8,0,0,8,8,0.0000
4,212.0000,19,12,447.0906,-81.8579,-0.8932,28,0.7000,0.6667,6,6,4,0,0,6,4,0.3333
4,212.0000,19,13,680.6608,-84.8017,0.3846,10,0.2500,1.0000,6,10,10,0,0,10,10,0.0000
4,212.0000,19,15,642.7122,-85.6808,-0.2268,10,0.2500,0.8571,7,7,6,0,0,7,6,0.1429
4,212.0000,19,18,891.6910,-87.2460,-0.8690,6,0.1500,1.0000,8,8,8,0,0,8,8,0.0000
4,212.0000,19,21,767.3242,-86.3960,0.1477,10,0.2500,1.0000,8,8,6,0,0,8,6,0.2500
4,212.0000,19,25,955.1331,-87.6329,-0.5948,6,0.1500,1.0000,8,10,10,0,0,10,10,0.0000
4,212.0000,19,26,1012.5985,-86.5779,-1.4850,3,0.0750,1.0000,8,2,2,0,0,2,2,0.0000
4,212.0000,19,27,736.0626,-86.5615,0.5585,6,0.1500,0.8571,7,7,6,0,0,7,6,0.1429
4,212.0000,19,28,191.5810,-74.7228,-0.3203,37,0.9250,0.0000,4,4,0,0,0,4,0,1.0000
4,212.0000,19,30,207.3720,-76.4299,0.8911,36,0.9000,0.0000,4,7,4,0,0,7,4,0.4286
4,212.0000,19,31,742.7582,-86.0581,0.2052,6,0.1500,0.8571,7,8,8,0,0,8,8,0.0000
4,212.0000,19,32,703.5635,-86.2079,-0.0094,17,0.4250,0.5714,7,8,8,0,0,8,8,0.0000
4,212.0000,19,34,580.0347,-84.4104,-0.0463,16,0.4000,0.8750,8,8,8,0,0,8,8,0.0000
4,212.0000,19,36,610.7655,-86.0821,0.5650,17,0.4250,0.8571,7,8,8,0,0,8,8,0.0000
4,212.0000,19,39,347.1513,-79.6970,-0.5042,27,0.6750,0.5000,6,7,6,0,0,7,6,0.1429
4,212.0000,19,40,747.4863,-85.4493,-0.8603,9,0.2250,1.0000,8,8,8,0,0,8,8,0.0000
4,212.0000,19,44,333.2871,-78.3100,-0.6408,33,0.8250,0.3333,6,5,2,1,0,6,2,0.6667
4,212.0000,19,45,403.7633,-82.5621,-0.0234,25,0.6250,0.5000,6,5,2,0,0,5,2,0.6000
4,212.0000,19,46,381.1187,-80.8201,0.4381,22,0.5500,0.2000,5,8,8,0,0,8,8,0.0000
4,212.0000,20,2,659.1951,-85.8640,-0.4255,8,0.2000,0.8571,7,7,6,0,0,7,6,0.1429
4,212.0000,20,3,547.8593,-84.5060,-0.9233,13,0.3250,0.8750,8,9,7,0,0,9,7,0.2222
4,212.0000,20,4,472.8634,-82.5017,-1.0793,15,0.3750,0.8000,5,8,8,0,0,8,8,0.0000
4,212.0000,20,6,690.9418,-85.0745,-0.7934,6,0.1500,0.7143,7,8,8,0,0,8,8,0.0000
4,212.0000,20,7,512.0782,-81.9734,-0.4068,9,0.2250,0.7143,7,8,8,4,4,12,12,0.0000
4,212.0000,20,8,576.2928,-83.8083,-0.2862,9,0.2250,1.0000,6,8,7,0,0,8,7,0.1250
4,212.0000,20,10,539.3908,-82.6835,-0.8804,11,0.2750,0.7778,9,6,6,0,0,6,6,0.0000
4,212.0000,20,11,645.9464,-85.1621,-0.1760,14,0.3500,0.8750,8,8,7,0,0,8,7,0.1250
4,212.0000,20,12,664.2769,-85.5887,-0.1200,4,0.1000,1.0000,8,7,6,0,0,7,6,0.1429
4,212.0000,20,13,569.3620,-83.6800,-0.2192,9,0.2250,0.7143,7,6,4,6,6,12,10,0.1667
4,212.0000,20,14,869.3109,-87.4619,-0.3795,4,0.1000,1.0000,8,8,8,0,0,8,8,0.0000
4,212.0000,20,15,472.5886,-81.5398,-0.4172,18,0.4500,0.8741,143,6,3,6,6,12,9,0.2500
4,212.0000,20,16,859.0113,-86.3644,-2.7615,4,0.1000,1.0000,2,8,8,0,0,8,8,0.0000
4,212.0000,20,17,755.3828,-85.9235,-0.3101,10,0.2500,1.0000,8,6,4,0,0,6,4,0.3333
4,212.0000,20,22,404.1330,-81.9035,-0.7467,18,0.4500,0.8571,7,6,4,65,61,71,65,0.0845
4,212.0000,20,23,334.7499,-80.1231,-0.7930,24,0.6000,0.6000,5,7,6,0,0,7,6,0.1429
4,212.0000,20,24,701.7283,-85.8986,-0.8194,6,0.1500,1.0000,8,8,7,0,0,8,7,0.1250
4,212.0000,20,26,829.5687,-86.4138,-0.9030,5,0.1250,0.7500,4,6,6,0,0,6,6,0.0000
4,212.0000,20,29,901.8481,-87.6071,1.0445,5,0.1250,1.0000,4,8,8,0,0,8,8,0.0000
4,212.0000,20,30,964.3289,-87.4152,0.6729,3,0.0750,1.0000,8,8,8,0,0,8,8,0.0000
4,212.0000,20,31,611.7596,-84.8435,-1.0260,9,0.2250,0.8571,7,7,6,0,0,7,6,0.1429
4,212.0000,20,33,424.8128,-82.1266,0.0295,15,0.3750,0.7143,7,8,7,0,0,8,7,0.1250
4,212.0000,20,34,801.6009,-86.9937,-0.5924,6,0.1500,1.0000,8,8,8,0,0,8,8,0.0000
4,212.0000,20,35,807.3560,-87.4284,-0.1426,5,0.1250,1.0000,8,8,7,0,0,8,7,0.1250
4,212.0000,20,37,558.4524,-84.4755,-1.0239,14,0.3500,0.6667,6,7,6,54,51,61,57,0.0656
4,212.0000,20,38,759.8786,-87.4504,-0.6539,8,0.2000,0.8571,7,8,8,6,6,14,14,0.0000
4,212.0000,20,41,175.0254,-73.8793,-0.2484,31,0.7750,0.3333,6,4,0,0,0,4,0,1.0000
4,212.0000,20,42,865.7279,-88.8295,-0.7301,4,0.1000,1.0000,8,4,4,0,0,4,4,0.0000
4,212.0000,20,43,112.2737,-68.8552,-0.1470,33,0.8250,0.0000,4,4,0,1,0,5,0,1.0000
4,212.0000,20,46,855.6560,-85.7660,-0.3327,4,0.1000,1.0000,8,8,8,0,0,8,8,0.0000
4,212.0000,20,47,743.5713,-86.0464,-1.1898,8,0.2000,1.0000,8,6,6,0,0,6,6,0.0000
4,212.0000,21,0,369.2314,-79.6449,-0.6104,27,0.6750,0.5000,6,6,4,0,0,6,4,0.3333
4,212.0000,21,1,899.5072,-88.3155,0.3547,12,0.3000,0.7143,7,8,8,0,0,8,8,0.0000
4,212.0000,21,9,931.3625,-88.0849,-0.0961,6,0.1500,1.0000,8,8,8,0,0,8,8,0.0000
4,212.0000,21,12,1067.3286,-88.1263,-0.2982,5,0.1250,1.0000,8,8,8,0,0,8,8,0.0000
4,212.0000,21,18,813.9806,-86.3375,-0.5435,8,0.2000,0.8571,7,8,7,0,0,8,7,0.1250
4,212.0000,21,19,767.3242,-85.9888,-0.2871,7,0.1750,0.8571,7,7,5,0,0,7,5,0.2857
4,212.0000,21,25,719.7063,-86.5319,-0.2290,14,0.3500,0.8750,8,7,6,0,0,7,6,0.1429
4,212.0000,21,27,662.8264,-85.1736,-0.0290,13,0.3250,0.7500,8,7,4,0,0,7,4,0.4286
4,212.0000,21,28,863.3664,-87.5902,-0.1730,7,0.1750,1.0000,8,10,10,0,0,10,10,0.0000
4,212.0000,21,30,795.6075,-87.5966,0.8615,7,0.1750,1.0000,8,8,7,0,0,8,7,0.1250
4,212.0000,21,32,457.0941,-84.1673,0.4569,24,0.6000,0.0000,4,6,3,0,0,6,3,0.5000
4,212.0000,21,36,263.8396,-78.5152,0.0407,34,0.8500,0.4000,5,5,2,0,0,5,2,0.6000
4,212.0000,21,39,879.2943,-87.7575,0.2105,6,0.1500,0.8571,7,8,8,0,0,8,8,0.0000
4,212.0000,21,40,784.6384,-87.6729,0.6378,5,0.1250,0.6667,6,7,6,0,0,7,6,0.1429
4,212.0000,21,44,434.1246,-83.4822,-0.2492,21,0.5250,0.7143,7,5,1,0,0,5,1,0.8000
4,212.0000,21,45,429.6848,-81.2717,-1.1712,24,0.6000,0.6667,6,6,4,0,0,6,4,0.3333
4,212.0000,22,2,323.9584,-80.0076,0.0765,25,0.6410,0.7143,7,6,3,0,0,6,3,0.5000
4,212.0000,22,3,409.7714,-82.7713,0.3671,20,0.5128,0.7143,7,6,3,0,0,6,3,0.5000
4,212.0000,22,4,175.4293,-68.6469,-3.6584,34,0.8718,0.2000,5,6,3,0,0,6,3,0.5000
4,212.0000,22,6,597.6024,-84.9304,0.5845,17,0.4359,0.5000,6,7,6,0,0,7,6,0.1429
4,212.0000,22,7,469.2581,-83.9265,-0.2870,13,0.3333,1.0000,8,7,5,0,0,7,5,0.2857
4,212.0000,22,8,658.4230,-86.5043,-0.9536,11,0.2821,1.0000,8,8,8,0,0,8,8,0.0000
4,212.0000,22,10,291.9692,-78.1277,-0.9901,27,0.6923,0.5000,6,5,2,0,0,5,2,0.6000
4,212.0000,22,11,423.5059,-82.9656,0.0549,22,0.5641,0.7143,7,8,7,0,0,8,7,0.1250
4,212.0000,22,13,847.1438,-86.2003,-1.3895,3,0.0769,0.8571,7,8,8,0,0,8,8,0.0000
4,212.0000,22,14,623.8483,-86.2844,-0.3754,17,0.4359,0.7143,7,9,8,0,0,9,8,0.1111
4,212.0000,22,15,859.0363,-87.0414,0.2938,7,0.1795,1.0000,6,8,8,0,0,8,8,0.0000
4,212.0000,22,16,580.3396,-83.9781,0.1296,21,0.5385,1.0000,8,8,7,0,0,8,7,0.1250
4,212.0000,22,17,373.3889,-81.5061,0.2256,27,0.6923,0.6667,6,7,6,0,0,7,6,0.1429
4,212.0000,22,20,404.1330,-81.4817,-0.4409,16,0.4103,0.2000,5,6,1,0,0,6,1,0.8333
4,212.0000,22,23,331.5296,-80.8815,0.1347,27,0.6923,0.5714,7,6,3,21,10,27,13,0.5185
4,212.0000,22,24,463.3375,-84.2671,-0.1607,21,0.5385,0.7143,7,8,8,0,0,8,8,0.0000
4,212.0000,22,26,926.1946,-87.5052,-0.1517,5,0.1282,1.0000,8,5,4,0,0,5,4,0.2000
4,212.0000,22,29,978.7612,-89.0061,0.0753,3,0.0769,1.0000,4,4,4,0,0,4,4,0.0000
4,212.0000,22,31,854.2057,-87.3359,-0.2519,3,0.0769,0.8750,8,8,8,0,0,8,8,0.0000
4,212.0000,22,33,308.1270,-78.9826,-0.3346,29,0.7436,0.4000,5,5,1,0,0,5,1,0.8000
4,212.0000,22,34,1077.6891,-88.6877,0.5182,3,0.0769,1.0000,6,2,2,0,0,2,2,0.0000
4,212.0000,22,35,532.1543,-83.2785,-0.5449,19,0.4872,1.0000,8,8,8,0,0,8,8,0.0000
4,212.0000,22,37,392.5498,-82.3386,0.3210,21,0.5385,0.3333,6,6,4,0,0,6,4,0.3333
4,212.0000,22,38,517.4477,-84.0240,0.2125,22,0.5641,0.6667,6,7,5,0,0,7,5,0.2857
4,212.0000,22,41,384.6268,-82.3816,0.5598,19,0.4872,0.4000,5,4,0,4,2,8,2,0.7500
4,212.0000,22,42,611.7141,-84.4785,-0.3667,17,0.4359,0.8750,8,8,7,0,0,8,7,0.1250
4,212.0000,22,43,457.0091,-83.0570,-0.7836,19,0.4872,1.0000,8,8,6,0,0,8,6,0.2500
4,212.0000,22,47,627.4621,-86.1751,-0.1044,16,0.4103,0.5000,6,8,8,0,0,8,8,0.0000
4,212.0000,23,2,632.1704,-85.1568,-0.6179,7,0.1750,1.0000,8,8,7,0,0,8,7,0.1250
4,212.0000,23,3,320.5698,-79.0526,0.5339,22,0.5500,0.8750,8,7,5,0,0,7,5,0.2857
4,212.0000,23,4,494.8227,-82.7506,-0.0979,9,0.2250,0.8571,7,8,7,0,0,8,7,0.1250
4,212.0000,23,6,538.6539,-84.7785,-0.2224,11,0.2750,0.8000,5,7,6,0,0,7,6,0.1429
4,212.0000,23,7,662.8037,-85.2687,-2.0373,5,0.1250,0.8571,7,8,7,0,0,8,7,0.1250
4,212.0000,23,10,562.6618,-83.5671,-1.3416,10,0.2500,0.8571,7,7,6,4,4,11,10,0.0909
4,212.0000,23,11,555.8214,-85.4616,-0.1902,14,0.3500,1.0000,10,7,6,0,0,7,6,0.1429
4,212.0000,23,14,862.9518,-87.5600,0.3380,5,0.1250,1.0000,8,8,8,0,0,8,8,0.0000
4,212.0000,23,15,778.6939,-87.5172,1.4739,3,0.0750,0.8571,7,8,8,0,0,8,8,0.0000
4,212.0000,23,17,588.7679,-85.1210,0.1565,16,0.4000,0.8571,7,8,7,0,0,8,7,0.1250
4,212.0000,23,20,334.7499,-79.2609,-0.2123,19,0.4750,0.6667,6,6,2,0,0,6,2,0.6667
4,212.0000,23,22,331.5296,-80.0242,0.4621,18,0.4500,0.4000,5,8,7,0,0,8,7,0.1250
4,212.0000,23,24,644.9983,-85.2323,0.4615,6,0.1500,0.8750,8,7,6,0,0,7,6,0.1429
4,212.0000,23,33,289.6153,-80.1132,0.8752,22,0.5500,0.7761,134,6,4,122,83,128,87,0.3203
4,212.0000,23,35,726.7647,-86.3370,-0.3169,7,0.1750,0.8750,8,8,8,0,0,8,8,0.0000
4,212.0000,23,37,531.5571,-83.2997,-1.1995,15,0.3750,0.8571,7,8,7,0,0,8,7,0.1250
4,212.0000,23,38,584.0390,-84.4234,-0.1173,15,0.3750,0.6667,6,8,6,0,0,8,6,0.2500
4,212.0000,23,41,448.6395,-82.7067,-1.0916,12,0.3000,0.7500,8,7,6,0,0,7,6,0.1429
4,212.0000,23,43,293.8797,-78.5830,-0.0394,21,0.5250,0.6667,6,7,6,14,7,21,13,0.3810
4,212.0000,23,47,533.8279,-83.1799,0.3914,21,0.5250,0.5000,6,5,2,0,0,5,2,0.6000
4,212.0000,24,2,312.7193,-80.4138,-0.5642,25,0.6250,0.4000,5,6,3,0,0,6,3,0.5000
4,212.0000,24,3,439.9486,-83.1395,0.5980,24,0.6000,0.6667,6,5,1,0,0,5,1,0.8000
4,212.0000,24,4,487.7364,-83.8513,0.0075,17,0.4250,0.8750,8,8,7,0,0,8,7,0.1250
4,212.0000,24,6,417.2380,-82.2747,-0.0880,26,0.6500,0.3333,6,7,5,0,0,7,5,0.2857
4,212.0000,24,7,406.3974,-82.6629,0.4024,17,0.4250,0.8750,8,5,2,0,0,5,2,0.6000
4,212.0000,24,10,268.1944,-79.4564,0.1916,24,0.6000,0.7143,7,7,6,0,0,7,6,0.1429
4,212.0000,24,11,112.6362,-74.3718,1.9946,35,0.8750,0.5000,6,4,0,0,0,4,0,1.0000
4,212.0000,24,14,244.1841,-74.1383,-2.0272,34,0.8500,0.4000,5,5,2,0,0,5,2,0.6000
4,212.0000,24,16,462.9417,-83.1550,-0.2689,23,0.5750,0.8750,8,5,2,0,0,5,2,0.6000
4,212.0000,24,17,360.9661,-80.9306,0.1702,24,0.6000,0.4286,7,6,3,0,0,6,3,0.5000
4,212.0000,24,20,701.7283,-85.1632,-0.4018,9,0.2250,1.0000,8,7,6,0,0,7,6,0.1429
4,212.0000,24,22,463.3375,-82.8148,0.1654,16,0.4000,0.8750,8,6,4,0,0,6,4,0.3333
4,212.0000,24,23,644.9983,-85.6836,0.3064,12,0.3000,1.0000,8,8,7,0,0,8,7,0.1250
4,212.0000,24,33,375.9513,-81.8859,-0.0368,24,0.6000,0.4000,5,7,5,0,0,7,5,0.2857
4,212.0000,24,35,115.6813,-69.4019,1.0046,37,0.9250,0.2500,4,5,1,0,0,5,1,0.8000
4,212.0000,24,37,157.4623,-77.8638,2.3036,26,0.6500,0.0000,4,6,2,0,0,6,2,0.6667
4,212.0000,24,38,274.2389,-78.9990,0.2765,26,0.6500,0.2000,5,6,3,0,0,6,3,0.5000
4,212.0000,24,41,623.6821,-85.9910,-0.1968,6,0.1500,0.7143,7,8,8,0,0,8,8,0.0000
4,212.0000,24,42,615.5524,-85.3483,-0.1625,14,0.3500,0.4000,5,7,5,0,0,7,5,0.2857
4,212.0000,24,43,742.7729,-86.0308,-0.1434,5,0.1250,1.0000,8,8,8,0,0,8,8,0.0000
4,212.0000,24,47,498.6577,-85.0495,0.0976,24,0.6000,0.7500,8,8,8,0,0,8,8,0.0000
4,212.0000,25,0,403.9109,-82.8678,1.5230,21,0.5250,0.7143,7,6,4,0,0,6,4,0.3333
4,212.0000,25,1,197.7681,-74.2355,0.1804,38,0.9500,0.0000,4,3,0,0,0,3,0,1.0000
4,212.0000,25,9,357.1844,-81.5319,-0.5617,32,0.8000,0.3333,6,4,0,0,0,4,0,1.0000
4,212.0000,25,18,209.7096,-75.2232,0.0974,36,0.9000,0.2000,5,4,2,0,0,4,2,0.5000
4,212.0000,25,19,955.1331,-86.8593,-0.9916,4,0.1000,1.0000,10,8,8,0,0,8,8,0.0000
4,212.0000,25,21,719.7063,-86.1508,0.0777,14,0.3500,0.7143,7,7,6,0,0,7,6,0.1429
4,212.0000,25,27,279.9195,-76.0881,-1.2667,35,0.8750,0.2000,5,6,3,0,0,6,3,0.5000
4,212.0000,25,32,338.8460,-79.8715,-0.6450,33,0.8250,0.0000,4,6,3,0,0,6,3,0.5000
4,212.0000,25,34,1041.3889,-88.0255,-0.2362,3,0.0750,1.0000,8,2,2,0,0,2,2,0.0000
4,212.0000,25,36,627.3844,-84.9309,0.2280,16,0.4000,0.8571,7,8,6,0,0,8,6,0.2500
4,212.0000,25,39,793.7056,-88.0649,0.3168,3,0.0750,0.8571,7,8,8,0,0,8,8,0.0000
4,212.0000,25,40,433.6730,-81.7579,0.1656,27,0.6750,0.8571,7,7,6,0,0,7,6,0.1429
4,212.0000,25,44,770.4269,-85.9326,-0.2843,8,0.2000,1.0000,8,8,7,0,0,8,7,0.1250
4,212.0000,25,45,829.7723,-86.4863,1.2938,5,0.1250,1.0000,8,8,7,0,0,8,7,0.1250
4,212.0000,25,46,958.0172,-88.1805,-4.0299,3,0.0750,1.0000,8,8,8,0,0,8,8,0.0000
4,212.0000,26,0,1213.6810,-89.3877,0.8833,3,0.0750,1.0000,2,2,2,0,0,2,2,0.0000
4,212.0000,26,4,796.3963,-87.0559,-0.3370,5,0.1250,1.0000,10,6,5,0,0,6,5,0.1667
4,212.0000,26,5,193.5688,-76.9657,0.7219,38,0.9500,0.2000,5,4,0,0,0,4,0,1.0000
4,212.0000,26,7,703.1009,-86.5124,0.0132,5,0.1250,0.8571,7,7,6,0,0,7,6,0.1429
4,212.0000,26,8,299.3421,-78.4319,0.2125,29,0.7250,0.0000,4,4,1,0,0,4,1,0.7500
4,212.0000,26,9,950.7204,-87.9739,0.3160,8,0.2000,1.0000,8,8,8,0,0,8,8,0.0000
4,212.0000,26,10,848.1490,-87.7717,-0.0035,3,0.0750,1.0000,8,8,7,0,0,8,7,0.1250
4,212.0000,26,12,766.5948,-87.6793,-0.2184,9,0.2250,1.0000,8,5,4,0,0,5,4,0.2000
4,212.0000,26,13,436.0666,-82.1812,0.0744,18,0.4500,0.8750,8,8,8,0,0,8,8,0.0000
4,212.0000,26,15,792.7104,-87.8338,-0.1810,8,0.2000,0.8333,6,7,6,0,0,7,6,0.1429
4,212.0000,26,16,864.4561,-88.1646,-0.1866,6,0.1500,1.0000,6,8,8,0,0,8,8,0.0000
4,212.0000,26,19,1012.5985,-88.5716,-0.6855,8,0.2000,0.8000,5,6,6,0,0,6,6,0.0000
4,212.0000,26,20,829.5687,-86.4686,-6.7335,3,0.0750,1.0000,10,6,6,0,0,6,6,0.0000
4,212.0000,26,27,1007.4350,-88.2515,-0.5406,3,0.0750,1.0000,2,6,6,0,0,6,6,0.0000
4,212.0000,26,28,821.1813,-86.4550,-0.3419,10,0.2500,0.8571,7,8,8,0,0,8,8,0.0000
4,212.0000,26,29,133.2344,-74.4803,1.2306,38,0.9500,0.0000,4,4,0,0,0,4,0,1.0000
4,212.0000,26,30,997.4379,-87.5298,-0.1230,8,0.2000,1.0000,8,4,4,0,0,4,4,0.0000
4,212.0000,26,31,357.7762,-80.0456,0.3093,24,0.6000,0.2000,5,6,4,0,0,6,4,0.3333
4,212.0000,26,33,1087.2861,-89.2018,-0.1324,3,0.0750,1.0000,8,6,6,0,0,6,6,0.0000
4,212.0000,26,34,464.1880,-82.4224,0.2182,21,0.5250,0.8571,7,7,4,0,0,7,4,0.4286
4,212.0000,26,39,722.6986,-85.8959,-0.9297,12,0.3000,0.8750,8,8,8,0,0,8,8,0.0000
4,212.0000,26,40,846.9262,-86.7843,0.0306,11,0.2750,1.0000,6,6,6,0,0,6,6,0.0000
4,212.0000,26,41,691.1602,-86.8724,0.5692,6,0.1500,1.0000,8,7,6,0,0,7,6,0.1429
4,212.0000,26,42,749.5453,-86.5057,-0.0643,5,0.1250,0.8571,7,8,8,0,0,8,8,0.0000
4,212.0000,26,43,934.7328,-87.2902,0.5313,6,0.1500,1.0000,8,8,8,0,0,8,8,0.0000
4,212.0000,26,46,633.6122,-85.6692,0.8346,14,0.3500,1.0000,8,8,8,0,0,8,8,0.0000
4,212.0000,27,0,296.2922,-81.1612,0.7184,28,0.7000,0.5000,6,5,1,0,0,5,1,0.8000
4,212.0000,27,1,446.2619,-81.2146,-0.6658,35,0.8750,0.4000,5,6,4,0,0,6,4,0.3333
4,212.0000,27,5,922.9354,-87.6460,0.0495,4,0.1000,1.0000,4,8,8,0,0,8,8,0.0000
4,212.0000,27,9,292.7560,-78.4919,-0.1845,35,0.8750,0.0000,4,4,0,0,0,4,0,1.0000
4,212.0000,27,18,320.4947,-79.9715,0.3229,34,0.8500,0.4000,5,6,3,0,0,6,3,0.5000
4,212.0000,27,19,736.0626,-86.8199,0.1530,7,0.1750,1.0000,8,8,8,0,0,8,8,0.0000
4,212.0000,27,21,662.8264,-85.9786,0.4373,19,0.4750,0.8571,7,9,8,0,0,9,8,0.1111
4,212.0000,27,25,279.9195,-76.5694,-1.0210,36,0.9000,0.0000,4,5,1,0,0,5,1,0.8000
4,212.0000,27,28,686.9679,-86.1186,-0.7608,7,0.1750,1.0000,8,8,7,0,0,8,7,0.1250
4,212.0000,27,30,809.3238,-87.2681,1.7904,5,0.1250,0.8750,8,7,5,0,0,7,5,0.2857
4,212.0000,27,32,329.8727,-78.3719,-0.6234,35,0.8750,0.0000,4,6,4,0,0,6,4,0.3333
4,212.0000,27,34,797.2142,-86.1707,-0.4805,3,0.0750,1.0000,8,7,6,0,0,7,6,0.1429
4,212.0000,27,36,565.3945,-84.1281,-0.4489,23,0.5750,0.7500,8,5,1,0,0,5,1,0.8000
4,212.0000,27,39,548.6653,-84.4642,-0.3833,8,0.2000,1.0000,8,6,4,0,0,6,4,0.3333
4,212.0000,27,40,185.5512,-76.6445,1.0786,31,0.7750,0.4000,5,4,0,0,0,4,0,1.0000
4,212.0000,27,44,590.6203,-84.2314,0.5585,15,0.3750,0.8571,7,7,6,0,0,7,6,0.1429
4,212.0000,27,45,630.0776,-85.4861,0.5984,12,0.3000,0.8750,8,5,2,0,0,5,2,0.6000
4,212.0000,27,46,702.8057,-84.8726,-0.2266,3,0.0750,1.0000,8,6,3,0,0,6,3,0.5000
4,212.0000,28,0,686.6411,-86.1341,0.2352,12,0.3000,0.8571,7,8,8,0,0,8,8,0.0000
4,212.0000,28,5,797.4283,-86.6308,0.6254,10,0.2500,1.0000,8,3,2,0,0,3,2,0.3333
4,212.0000,28,8,841.4235,-88.0149,-1.7394,3,0.0750,1.0000,4,7,6,0,0,7,6,0.1429
4,212.0000,28,9,885.2067,-87.6072,1.1623,6,0.1500,1.0000,6,7,6,0,0,7,6,0.1429
4,212.0000,28,12,336.8483,-78.1146,-1.2221,29,0.7250,0.4000,5,7,5,0,0,7,5,0.2857
4,212.0000,28,13,504.9291,-84.3629,1.0335,10,0.2500,0.8571,7,7,6,0,0,7,6,0.1429
4,212.0000,28,15,545.8632,-84.7484,0.3286,10,0.2500,0.8750,8,5,2,0,0,5,2,0.6000
4,212.0000,28,18,863.3456,-87.3897,1.5513,5,0.1250,1.0000,6,8,7,0,0,8,7,0.1250
4,212.0000,28,19,191.5810,-74.0497,-0.0250,39,0.9750,0.0000,4,4,0,0,0,4,0,1.0000
4,212.0000,28,20,946.4433,-87.4712,1.9555,4,0.1000,1.0000,4,8,8,0,0,8,8,0.0000
4,212.0000,28,21,863.3664,-87.6975,0.0948,9,0.2250,1.0000,8,7,6,0,0,7,6,0.1429
4,212.0000,28,25,933.4320,-87.5061,-0.2934,8,0.2000,1.0000,4,8,8,0,0,8,8,0.0000
4,212.0000,28,26,821.1813,-86.3522,0.0997,7,0.1750,1.0000,8,8,8,0,0,8,8,0.0000
4,212.0000,28,27,686.9679,-86.7592,0.0908,9,0.2250,0.7500,8,8,8,0,0,8,8,0.0000
4,212.0000,28,29,898.7950,-88.2592,5.1472,3,0.0750,1.0000,6,8,8,0,0,8,8,0.0000
4,212.0000,28,30,251.6622,-77.0433,-0.2587,34,0.8500,0.0000,4,4,0,0,0,4,0,1.0000
4,212.0000,28,31,561.6500,-84.6338,-1.2961,9,0.2250,1.0000,8,6,3,0,0,6,3,0.5000
4,212.0000,28,32,740.7086,-86.9014,0.1889,11,0.2750,1.0000,8,8,8,0,0,8,8,0.0000
4,212.0000,28,34,397.7361,-80.8507,-0.9145,22,0.5500,0.7143,7,6,2,0,0,6,2,0.6667
4,212.0000,28,36,715.9424,-86.8092,0.6394,11,0.2750,1.0000,8,8,7,0,0,8,7,0.1250
4,212.0000,28,39,199.8114,-76.5243,0.6453,33,0.8250,0.4286,7,4,0,0,0,4,0,1.0000
4,212.0000,28,40,654.7331,-85.5069,-0.1779,15,0.3750,0.7500,8,6,6,0,0,6,6,0.0000
4,212.0000,28,41,936.7232,-88.4186,-0.8500,3,0.0750,1.0000,8,8,8,0,0,8,8,0.0000
4,212.0000,28,44,445.0193,-81.6981,0.1148,24,0.6000,0.2000,5,6,4,0,0,6,4,0.3333
4,212.0000,28,45,485.9345,-85.1893,0.1216,21,0.5250,0.8750,8,6,4,0,0,6,4,0.3333
4,212.0000,28,46,192.3213,-73.9772,-0.7242,32,0.8000,0.2000,5,4,0,1,0,5,0,1.0000
4,212.0000,29,2,933.1069,-88.2392,-0.7693,3,0.0769,1.0000,8,6,6,0,0,6,6,0.0000
4,212.0000,29,4,843.4551,-87.9747,-1.2900,6,0.1538,1.0000,6,8,7,0,0,8,7,0.1250
4,212.0000,29,5,155.4556,-73.9855,0.0678,35,0.8974,0.2000,5,4,0,0,0,4,0,1.0000
4,212.0000,29,7,699.8536,-86.2140,-0.6583,6,0.1538,1.0000,8,8,8,0,0,8,8,0.0000
4,212.0000,29,8,400.2490,-80.9098,-0.1770,19,0.4872,0.7500,8,8,7,0,0,8,7,0.1250
4,212.0000,29,12,870.4931,-87.4986,-1.2995,4,0.1026,1.0000,2,6,6,0,0,6,6,0.0000
4,212.0000,29,13,515.8835,-83.9768,0.3322,12,0.3077,0.8750,8,8,8,0,0,8,8,0.0000
4,212.0000,29,15,860.4650,-87.1447,-3.4927,3,0.0769,1.0000,8,8,7,0,0,8,7,0.1250
4,212.0000,29,16,844.2593,-89.1189,4.3730,3,0.0769,1.0000,8,8,8,0,0,8,8,0.0000
4,212.0000,29,19,1088.0743,-88.5548,0.2521,3,0.0769,1.0000,4,4,4,0,0,4,4,0.0000
4,212.0000,29,20,901.8481,-87.3243,-2.0521,3,0.0769,1.0000,8,8,8,0,0,8,8,0.0000
4,212.0000,29,22,978.7612,-88.4714,-1.3579,5,0.1282,1.0000,8,8,8,0,0,8,8,0.0000
4,212.0000,29,26,133.2344,-74.1656,0.9240,34,0.8718,0.4000,5,5,1,0,0,5,1,0.8000
4,212.0000,29,28,898.7950,-87.3713,-0.7976,8,0.2051,1.0000,6,6,6,0,0,6,6,0.0000
4,212.0000,29,31,427.1920,-83.5348,-0.2145,15,0.3846,0.6667,6,7,6,0,0,7,6,0.1429
4,212.0000,29,33,1123.3112,-88.5685,-0.8676,3,0.0769,1.0000,4,4,4,0,0,4,4,0.0000
4,212.0000,29,34,518.8377,-84.0382,0.2123,11,0.2821,1.0000,8,8,8,0,0,8,8,0.0000
4,212.0000,29,39,787.0655,-85.4929,-0.8845,8,0.2051,1.0000,8,8,8,0,0,8,8,0.0000
4,212.0000,29,40,908.7945,-87.8127,-0.3064,7,0.1795,1.0000,4,8,8,0,0,8,8,0.0000
4,212.0000,29,41,750.2161,-86.3778,0.6484,6,0.1538,1.0000,8,8,8,0,0,8,8,0.0000
4,212.0000,29,42,737.9131,-86.7296,0.2382,8,0.2051,0.9933,150,8,7,74,74,82,81,0.0122
4,212.0000,29,46,707.4335,-86.6291,0.5888,9,0.2308,0.8571,7,8,8,0,0,8,8,0.0000
4,212.0000,30,0,726.6696,-88.0026,0.0166,12,0.3000,1.0000,8,8,7,0,0,8,7,0.1250
4,212.0000,30,5,1007.3767,-88.7627,0.2945,5,0.1250,1.0000,6,4,4,0,0,4,4,0.0000
4,212.0000,30,9,1038.4714,-87.5442,0.9912,9,0.2250,,0,8,8,0,0,8,8,0.0000
4,212.0000,30,12,318.2633,-76.3582,-1.7757,34,0.8500,0.2000,5,6,3,0,0,6,3,0.5000
4,212.0000,30,13,649.9397,-85.0604,-0.6788,11,0.2750,1.0000,8,10,10,0,0,10,10,0.0000
4,212.0000,30,15,594.8669,-84.8414,-0.8657,11,0.2750,1.0000,8,8,7,0,0,8,7,0.1250
4,212.0000,30,18,1020.1376,-87.6256,-0.3358,3,0.0750,0.8750,8,6,6,0,0,6,6,0.0000
4,212.0000,30,19,207.3720,-76.7793,0.4032,37,0.9250,0.2000,5,6,2,0,0,6,2,0.6667
4,212.0000,30,20,964.3289,-88.9071,0.0087,3,0.0750,1.0000,8,8,8,0,0,8,8,0.0000
4,212.0000,30,21,795.6075,-87.6288,0.2739,11,0.2750,1.0000,8,8,8,0,0,8,8,0.0000
4,212.0000,30,25,1052.8948,-87.7310,1.3123,4,0.1000,1.0000,6,8,8,0,0,8,8,0.0000
4,212.0000,30,26,997.4379,-88.0811,-0.0849,3,0.0750,1.0000,8,6,6,0,0,6,6,0.0000
4,212.0000,30,27,809.3238,-87.4783,0.9354,8,0.2000,1.0000,2,8,8,0,0,8,8,0.0000
4,212.0000,30,28,251.6622,-77.2035,-0.1452,33,0.8250,0.2000,5,6,3,0,0,6,3,0.5000
4,212.0000,30,31,726.5664,-86.7223,-0.5247,7,0.1750,0.8571,7,8,8,0,0,8,8,0.0000
4,212.0000,30,32,814.9057,-87.6383,0.0595,8,0.2000,1.0000,8,8,8,0,0,8,8,0.0000
4,212.0000,30,34,614.2402,-85.0015,-0.9204,12,0.3000,0.7143,7,8,8,0,0,8,8,0.0000
4,212.0000,30,36,703.2139,-86.4489,-0.5211,15,0.3750,1.0000,4,7,5,0,0,7,5,0.2857
4,212.0000,30,39,434.7434,-82.4514,0.1367,21,0.5250,1.0000,8,6,4,0,0,6,4,0.3333
4,212.0000,30,40,790.1287,-87.3227,0.2528,11,0.2750,0.8571,7,6,6,0,0,6,6,0.0000
4,212.0000,30,44,391.3213,-81.4140,-0.2278,30,0.7500,0.8571,7,5,1,0,0,5,1,0.8000
4,212.0000,30,45,374.2031,-83.4621,0.9843,23,0.5750,0.7143,7,6,3,0,0,6,3,0.5000
4,212.0000,30,46,413.5200,-80.6463,-0.2593,28,0.7000,0.8750,8,8,7,0,0,8,7,0.1250
4,212.0000,31,0,1122.1252,-89.2752,-0.0412,5,0.1250,1.0000,2,6,6,0,0,6,6,0.0000
4,212.0000,31,4,784.6787,-86.5508,0.4233,5,0.1250,0.8750,8,8,8,0,0,8,8,0.0000
4,212.0000,31,5,407.0106,-82.7789,0.6347,20,0.5000,0.7143,7,7,5,0,0,7,5,0.2857
4,212.0000,31,7,638.4773,-86.1719,0.7419,10,0.2500,1.0000,10,6,6,0,0,6,6,0.0000
4,212.0000,31,8,352.1939,-81.2180,0.8205,23,0.5750,0.3333,6,5,1,0,0,5,1,0.8000
4,212.0000,31,9,1032.4111,-88.2707,0.2357,5,0.1250,1.0000,6,8,8,0,0,8,8,0.0000
4,212.0000,31,10,821.8015,-86.4014,0.7043,4,0.1000,1.0000,8,7,6,0,0,7,6,0.1429
4,212.0000,31,11,1037.9209,-88.1525,3.2137,3,0.0750,1.0000,8,6,6,0,0,6,6,0.0000
4,212.0000,31,12,479.5704,-83.2201,0.3226,14,0.3500,0.5000,6,7,5,0,0,7,5,0.2857
4,212.0000,31,13,93.4599,-68.1743,0.3371,34,0.8500,0.1059,85,5,1,83,13,88,14,0.8409
4,212.0000,31,15,441.6652,-82.2293,-1.4677,20,0.5000,0.2000,5,8,6,0,0,8,6,0.2500
4,212.0000,31,16,973.0549,-87.7310,-2.8021,3,0.0750,1.0000,8,6,6,0,0,6,6,0.0000
4,212.0000,31,19,742.7582,-86.4995,-0.4454,12,0.3000,1.0000,8,7,6,0,0,7,6,0.1429
4,212.0000,31,20,611.7596,-84.6101,-0.3095,12,0.3000,1.0000,8,8,8,0,0,8,8,0.0000
4,212.0000,31,22,854.2057,-87.0788,0.3836,4,0.1000,1.0000,8,6,6,0,0,6,6,0.0000
4,212.0000,31,23,939.1968,-87.6362,0.1323,4,0.1000,1.0000,6,4,4,0,0,4,4,0.0000
4,212.0000,31,26,357.7762,-80.1056,-0.4586,28,0.7000,0.3333,6,6,2,0,0,6,2,0.6667
4,212.0000,31,27,986.4209,-89.3484,0.2682,3,0.0750,1.0000,2,4,4,0,0,4,4,0.0000
4,212.0000,31,28,561.6500,-84.8014,0.7324,15,0.3750,0.4000,5,8,8,1,0,9,8,0.1111
4,212.0000,31,29,427.1920,-82.6472,1.0099,22,0.5500,0.4000,5,5,2,0,0,5,2,0.6000
4,212.0000,31,30,726.5664,-86.2035,-0.1904,11,0.2750,1.0000,8,8,8,0,0,8,8,0.0000
4,212.0000,31,32,1176.7320,-88.7070,-0.4345,3,0.0750,1.0000,4,6,6,0,0,6,6,0.0000
4,212.0000,31,33,940.6501,-87.6918,-0.3252,3,0.0750,1.0000,8,6,6,0,0,6,6,0.0000
4,212.0000,31,34,228.8306,-77.9688,0.4377,33,0.8250,0.0000,4,4,0,0,0,4,0,1.0000
4,212.0000,31,37,917.8064,-86.7692,0.4438,4,0.1000,0.7500,4,10,10,0,0,10,10,0.0000
4,212.0000,31,38,1214.7072,-87.6505,-0.1383,3,0.0750,1.0000,4,2,2,0,0,2,2,0.0000
4,212.0000,31,39,532.0091,-84.4390,0.5483,14,0.3500,0.7826,23,7,5,4,4,11,9,0.1818
4,212.0000,31,40,861.4740,-87.7884,0.7139,6,0.1500,1.0000,4,8,8,0,0,8,8,0.0000
4,212.0000,31,41,509.5389,-82.9451,-0.6094,15,0.3750,0.8571,7,7,6,0,0,7,6,0.1429
4,212.0000,31,43,696.3368,-84.5477,-1.8415,14,0.3500,1.0000,8,8,7,0,0,8,7,0.1250
4,212.0000,31,45,995.2598,-88.3117,-0.2092,4,0.1000,1.0000,4,2,2,0,0,2,2,0.0000
4,212.0000,31,46,384.3025,-79.8923,-0.6407,24,0.6000,0.6667,6,7,6,0,0,7,6,0.1429
4,212.0000,32,0,186.4471,-76.3612,1.3012,36,0.9000,0.0000,4,5,1,0,0,5,1,0.8000
4,212.0000,32,1,524.9495,-83.5640,-0.6289,31,0.7750,0.4000,5,7,5,0,0,7,5,0.2857
4,212.0000,32,9,591.2067,-84.1403,-0.8097,20,0.5000,0.6667,6,7,5,0,0,7,5,0.2857
4,212.0000,32,18,366.1900,-78.8382,-1.0242,33,0.8250,0.0000,4,4,0,0,0,4,0,1.0000
4,212.0000,32,19,703.5635,-84.8343,1.9279,8,0.2000,0.8750,8,8,8,0,0,8,8,0.0000
4,212.0000,32,21,457.0941,-84.3863,0.6349,25,0.6250,0.2000,5,5,1,0,0,5,1,0.8000
4,212.0000,32,25,338.8460,-79.5352,-0.4522,34,0.8500,0.3333,6,5,2,0,0,5,2,0.6000
4,212.0000,32,27,329.8727,-78.4595,-1.2108,31,0.7750,0.5000,6,6,3,0,0,6,3,0.5000
4,212.0000,32,28,740.7086,-86.8469,0.2335,8,0.2000,1.0000,8,8,8,0,0,8,8,0.0000
4,212.0000,32,30,814.9057,-87.1009,0.9380,5,0.1250,1.0000,6,8,8,0,0,8,8,0.0000
4,212.0000,32,34,966.1356,-88.8095,-0.1482,4,0.1000,1.0000,8,8,8,0,0,8,8,0.0000
4,212.0000,32,36,296.4768,-79.3628,0.1168,31,0.7750,0.5000,6,5,1,0,0,5,1,0.8000
4,212.0000,32,39,659.7202,-85.7980,0.2168,6,0.1500,1.0000,8,8,8,0,0,8,8,0.0000
4,212.0000,32,40,505.5725,-83.2282,-0.5778,23,0.5750,0.7143,7,7,5,0,0,7,5,0.2857
4,212.0000,32,44,475.1353,-84.7211,0.2204,19,0.4750,0.8571,7,8,6,0,0,8,6,0.2500
4,212.0000,32,45,564.8840,-84.9977,-0.0067,16,0.4000,0.5000,6,8,7,0,0,8,7,0.1250
4,212.0000,32,46,827.9620,-87.4180,-0.2012,6,0.1500,1.0000,6,8,7,0,0,8,7,0.1250
4,212.0000,33,2,470.7535,-82.8462,-0.1031,15,0.3750,0.6667,6,6,4,0,0,6,4,0.3333
4,212.0000,33,3,158.9860,-73.3730,-0.0518,33,0.8250,0.2000,5,6,2,0,0,6,2,0.6667
4,212.0000,33,4,446.9312,-80.9266,-1.3001,20,0.5000,0.3333,6,8,8,0,0,8,8,0.0000
4,212.0000,33,6,306.1448,-80.9126,0.4338,32,0.8000,0.4000,5,4,0,0,0,4,0,1.0000
4,212.0000,33,7,482.0726,-82.9973,-0.3502,15,0.3750,0.8571,7,7,6,0,0,7,6,0.1429
4,212.0000,33,8,849.2858,-87.5886,0.2969,5,0.1250,1.0000,8,8,8,0,0,8,8,0.0000
4,212.0000,33,10,377.6706,-78.4598,-0.9658,25,0.6250,0.5000,6,5,2,0,0,5,2,0.6000
4,212.0000,33,11,278.9585,-77.7915,-0.2460,31,0.7750,0.4000,5,7,4,0,0,7,4,0.4286
4,212.0000,33,12,1084.4391,-88.7481,-0.3335,3,0.0750,1.0000,2,6,6,0,0,6,6,0.0000
4,212.0000,33,14,608.2709,-84.2996,-0.6704,19,0.4750,0.8750,8,7,6,0,0,7,6,0.1429
4,212.0000,33,15,834.4930,-87.5560,0.4680,7,0.1750,1.0000,6,8,8,0,0,8,8,0.0000
4,212.0000,33,16,719.2813,-87.3354,-0.4399,11,0.2750,1.0000,8,7,6,0,0,7,6,0.1429
4,212.0000,33,17,445.9742,-80.7789,-1.0877,20,0.5000,0.4000,5,6,4,0,0,6,4,0.3333
4,212.0000,33,20,424.8128,-81.2326,-0.8957,14,0.3500,0.7143,7,6,3,0,0,6,3,0.5000
4,212.0000,33,22,308.1270,-79.0958,-0.4388,25,0.6250,0.0000,4,6,3,0,0,6,3,0.5000
4,212.0000,33,23,289.6153,-79.8157,0.8757,25,0.6250,0.0000,4,6,3,1,0,7,3,0.5714
4,212.0000,33,24,375.9513,-81.6764,-0.4873,23,0.5750,0.3333,6,7,4,0,0,7,4,0.4286
4,212.0000,33,26,1087.2861,-88.4171,-3.2663,3,0.0750,1.0000,8,6,6,0,0,6,6,0.0000
4,212.0000,33,31,940.6501,-87.5594,2.0483,3,0.0750,1.0000,8,6,6,0,0,6,6,0.0000
4,212.0000,33,35,466.2618,-81.5364,-0.4616,24,0.6000,0.7143,7,5,2,0,0,5,2,0.6000
4,212.0000,33,37,258.4712,-74.8346,-1.1757,32,0.8000,0.0000,4,5,2,0,0,5,2,0.6000
4,212.0000,33,38,340.5385,-78.9774,-0.2943,31,0.7750,0.4000,5,5,1,2,2,7,3,0.5714
4,212.0000,33,41,441.5806,-82.1011,0.3092,8,0.2000,0.7500,8,6,4,0,0,6,4,0.3333
4,212.0000,33,42,808.9884,-86.7418,0.6414,6,0.1500,1.0000,6,10,9,0,0,10,9,0.1000
4,212.0000,33,43,423.4036,-82.3488,1.0270,16,0.4000,0.0000,4,6,3,2,2,8,5,0.3750
4,212.0000,33,47,352.6698,-80.1155,0.3825,28,0.7000,0.2000,5,7,4,0,0,7,4,0.4286
4,212.0000,34,0,929.8509,-87.5582,-0.9103,3,0.0750,1.0000,8,8,8,0,0,8,8,0.0000
4,212.0000,34,5,426.5471,-81.7990,0.0047,21,0.5250,0.6667,9,5,3,0,0,5,3,0.4000
4,212.0000,34,7,849.3078,-88.0653,-0.2002,5,0.1250,0.8750,8,8,8,0,0,8,8,0.0000
4,212.0000,34,8,549.9291,-84.8571,-0.4073,11,0.2750,1.0000,8,7,5,0,0,7,5,0.2857
4,212.0000,34,9,871.0293,-86.3963,-0.8032,11,0.2750,1.0000,10,2,2,0,0,2,2,0.0000
4,212.0000,34,12,462.7385,-82.9241,0.6014,14,0.3500,0.0000,4,7,6,0,0,7,6,0.1429
4,212.0000,34,13,237.4618,-78.5993,0.4097,23,0.5750,0.7143,7,6,3,0,0,6,3,0.5000
4,212.0000,34,15,502.4175,-84.3544,-0.2517,13,0.3250,0.8750,8,8,6,0,0,8,6,0.2500
4,212.0000,34,18,938.9901,-87.3262,1.0565,5,0.1250,1.0000,6,8,8,0,0,8,8,0.0000
4,212.0000,34,19,580.0347,-84.8700,-1.1213,16,0.4000,0.8750,8,5,4,0,0,5,4,0.2000
4,212.0000,34,20,801.6009,-88.3531,-1.2502,3,0.0750,1.0000,8,8,8,0,0,8,8,0.0000
4,212.0000,34,25,1041.3889,-89.0862,-0.1467,7,0.1750,1.0000,8,6,6,0,0,6,6,0.0000
4,212.0000,34,26,464.1880,-83.0171,-1.2720,16,0.4000,0.8571,7,7,5,0,0,7,5,0.2857
4,212.0000,34,27,797.2142,-87.2118,-0.5983,9,0.2250,0.8889,9,6,6,0,0,6,6,0.0000
4,212.0000,34,28,397.7361,-81.1180,-0.8423,22,0.5500,0.0000,4,7,6,0,0,7,6,0.1429
4,212.0000,34,29,518.8377,-83.6800,-0.2652,18,0.4500,0.8571,7,7,5,0,0,7,5,0.2857
4,212.0000,34,30,614.2402,-85.4517,0.6404,16,0.4000,0.8000,5,8,8,0,0,8,8,0.0000
4,212.0000,34,31,228.8306,-78.0850,1.2555,24,0.6000,0.7143,7,6,3,0,0,6,3,0.5000
4,212.0000,34,32,966.1356,-87.0050,-0.9131,5,0.1250,1.0000,8,8,8,0,0,8,8,0.0000
4,212.0000,34,36,1039.4903,-88.4564,-0.0338,4,0.1000,1.0000,2,8,8,0,0,8,8,0.0000
4,212.0000,34,39,323.0011,-77.6280,-1.0807,31,0.7750,0.0000,4,4,0,0,0,4,0,1.0000
4,212.0000,34,40,696.7885,-85.5098,-0.4515,15,0.3750,0.6667,6,8,8,0,0,8,8,0.0000
4,212.0000,34,41,721.2327,-86.9441,0.3053,6,0.1500,1.0000,8,7,6,0,0,7,6,0.1429
4,212.0000,34,43,871.2821,-88.7414,-0.2772,3,0.0750,1.0000,8,8,8,0,0,8,8,0.0000
4,212.0000,34,44,811.9801,-86.6345,-1.1245,9,0.2250,1.0000,8,4,4,0,0,4,4,0.0000
4,212.0000,34,45,844.5036,-88.1834,0.0253,4,0.1000,0.8750,8,7,6,0,0,7,6,0.1429
4,212.0000,34,46,209.0434,-75.9230,0.7990,30,0.7500,0.0000,4,5,2,0,0,5,2,0.6000
4,212.0000,35,2,335.1960,-81.8189,0.5653,20,0.5128,0.6667,6,6,3,0,0,6,3,0.5000
4,212.0000,35,3,504.4773,-82.6841,-0.7469,21,0.5385,0.4000,5,7,6,0,0,7,6,0.1429
4,212.0000,35,4,548.1800,-84.0088,-0.5017,20,0.5128,0.7143,7,8,8,0,0,8,8,0.0000
4,212.0000,35,6,474.6215,-81.1828,-1.2790,28,0.7179,0.4000,5,7,6,0,0,7,6,0.1429
4,212.0000,35,7,502.1159,-84.2870,-0.0448,15,0.3846,0.8571,7,8,8,0,0,8,8,0.0000
4,212.0000,35,8,987.4137,-89.1549,0.7957,3,0.0769,0.8571,7,8,8,0,0,8,8,0.0000
4,212.0000,35,10,343.2813,-81.1542,0.3268,23,0.5897,0.5714,7,7,3,0,0,7,3,0.5714
4,212.0000,35,11,194.9895,-73.6757,-0.3240,35,0.8974,0.2000,5,4,0,0,0,4,0,1.0000
4,212.0000,35,14,213.9068,-76.9222,-0.1449,34,0.8718,0.2000,5,4,0,0,0,4,0,1.0000
4,212.0000,35,16,454.5346,-84.9827,0.9925,19,0.4872,0.8750,8,6,4,0,0,6,4,0.3333
4,212.0000,35,17,339.6727,-80.2629,-0.4503,29,0.7436,0.6250,8,7,4,0,0,7,4,0.4286
4,212.0000,35,20,807.3560,-86.7454,0.3651,13,0.3333,0.8571,7,8,8,0,0,8,8,0.0000
4,212.0000,35,22,532.1543,-83.6979,0.0261,21,0.5385,0.8571,7,8,8,0,0,8,8,0.0000
4,212.0000,35,23,726.7647,-86.9713,-1.0527,9,0.2308,1.0000,8,8,8,0,0,8,8,0.0000
4,212.0000,35,24,115.6813,-68.2707,0.7754,35,0.8974,0.0000,4,5,1,0,0,5,1,0.8000
4,212.0000,35,33,466.2618,-81.7378,0.1186,23,0.5897,0.5000,6,6,3,0,0,6,3,0.5000
4,212.0000,35,37,271.8792,-78.3089,0.6848,28,0.7179,0.4000,5,4,1,0,0,4,1,0.7500
4,212.0000,35,38,279.8726,-76.7613,-0.6055,36,0.9231,0.4000,5,6,4,0,0,6,4,0.3333
4,212.0000,35,41,730.1220,-86.6237,0.5288,8,0.2051,0.8571,7,8,7,0,0,8,7,0.1250
4,212.0000,35,42,622.0669,-85.4773,-0.1882,14,0.3590,0.7143,7,7,5,0,0,7,5,0.2857
4,212.0000,35,43,847.9956,-87.8968,0.0270,10,0.2564,1.0000,8,8,8,0,0,8,8,0.0000
4,212.0000,35,47,539.2100,-82.6111,-0.7612,26,0.6667,0.6250,8,7,5,0,0,7,5,0.2857
4,212.0000,36,0,296.3082,-76.0550,-1.8455,28,0.7000,0.3333,6,7,4,0,0,7,4,0.4286
4,212.0000,36,1,813.5603,-87.0277,0.1223,11,0.2750,1.0000,8,8,8,0,0,8,8,0.0000
4,212.0000,36,9,852.5480,-87.2584,-1.5733,5,0.1250,1.0000,8,8,8,0,0,8,8,0.0000
4,212.0000,36,18,656.1212,-84.1388,-0.1908,14,0.3500,0.6667,6,6,4,0,0,6,4,0.3333
4,212.0000,36,19,610.7655,-85.5905,0.0759,9,0.2250,1.0000,8,7,6,0,0,7,6,0.1429
4,212.0000,36,21,263.8396,-78.2842,0.4531,37,0.9250,0.0000,4,4,0,0,0,4,0,1.0000
4,212.0000,36,25,627.3844,-85.1052,-0.3292,8,0.2000,0.8571,7,7,6,0,0,7,6,0.1429
4,212.0000,36,27,565.3945,-83.2564,-0.5881,15,0.3750,0.8750,8,5,4,0,0,5,4,0.2000
4,212.0000,36,28,715.9424,-87.2577,0.1994,5,0.1250,1.0000,8,8,7,0,0,8,7,0.1250
4,212.0000,36,30,703.2139,-86.8675,-0.4417,6,0.1500,1.0000,8,8,8,0,0,8,8,0.0000
4,212.0000,36,32,296.4768,-79.2644,0.7096,25,0.6250,0.5000,6,6,1,0,0,6,1,0.8333
4,212.0000,36,39,716.6410,-88.2586,2.0308,4,0.1000,1.0000,8,8,8,0,0,8,8,0.0000
4,212.0000,36,40,706.1052,-85.7598,-0.1801,10,0.2500,0.8750,8,8,8,0,0,8,8,0.0000
4,212.0000,36,44,312.8879,-81.4602,0.9368,22,0.5500,0.2000,5,4,0,0,0,4,0,1.0000
4,212.0000,36,45,407.3850,-82.0737,0.6374,21,0.5250,0.8571,7,8,4,0,0,8,4,0.5000
4,212.0000,37,2,350.3983,-82.4092,0.3229,21,0.5250,0.4000,5,5,2,0,0,5,2,0.6000
4,212.0000,37,3,362.1227,-79.1966,-0.6655,34,0.8500,0.0000,4,5,2,0,0,5,2,0.6000
4,212.0000,37,4,440.7301,-81.4486,0.2286,19,0.4750,0.5714,7,6,3,0,0,6,3,0.5000
4,212.0000,37,6,360.4254,-80.7271,-0.5350,33,0.8250,0.4286,7,5,1,0,0,5,1,0.8000
4,212.0000,37,7,323.8273,-80.7194,0.9415,21,0.5250,0.8571,7,5,1,0,0,5,1,0.8000
4,212.0000,37,8,821.7762,-86.6342,0.3036,4,0.1000,1.0000,8,8,7,0,0,8,7,0.1250
4,212.0000,37,10,237.6043,-76.7979,-0.3088,31,0.7750,0.2000,5,4,0,0,0,4,0,1.0000
4,212.0000,37,11,124.7036,-73.8432,1.7855,34,0.8500,0.0000,4,5,1,0,0,5,1,0.8000
4,212.0000,37,13,928.6683,-87.9347,0.2798,3,0.0750,1.0000,8,6,6,0,0,6,6,0.0000
4,212.0000,37,14,365.6472,-82.0685,0.1019,27,0.6750,0.8571,7,5,0,0,0,5,0,1.0000
4,212.0000,37,15,905.2315,-88.0627,-0.0243,3,0.0750,1.0000,6,8,8,0,0,8,8,0.0000
4,212.0000,37,16,533.5151,-85.1412,0.9984,14,0.3500,0.5714,7,7,5,0,0,7,5,0.2857
4,212.0000,37,17,423.3693,-82.4867,0.5887,20,0.5000,0.6000,5,9,7,0,0,9,7,0.2222
4,212.0000,37,20,558.4524,-83.5110,-0.9590,11,0.2750,0.5714,7,8,8,0,0,8,8,0.0000
4,212.0000,37,22,392.5498,-80.9466,0.4919,21,0.5250,0.5000,6,8,8,0,0,8,8,0.0000
4,212.0000,37,23,531.5571,-83.3362,-0.6878,16,0.4000,0.4000,5,9,8,0,0,9,8,0.1111
4,212.0000,37,24,157.4623,-76.8294,1.7034,32,0.8000,0.5000,6,5,1,0,0,5,1,0.8000
4,212.0000,37,29,1017.9269,-88.7613,0.4863,3,0.0750,1.0000,6,4,4,0,0,4,4,0.0000
4,212.0000,37,33,258.4712,-75.4594,-1.2597,35,0.8750,0.2000,5,6,2,0,0,6,2,0.6667
4,212.0000,37,35,271.8792,-78.0715,-0.1442,32,0.8000,0.2000,5,7,4,0,0,7,4,0.4286
4,212.0000,37,38,312.9932,-80.2851,-0.7555,33,0.8250,0.5000,6,7,6,0,0,7,6,0.1429
4,212.0000,37,41,488.5960,-82.6304,0.4169,11,0.2750,0.8750,8,6,4,0,0,6,4,0.3333
4,212.0000,37,42,656.6081,-84.7884,-0.4447,10,0.2500,0.8571,7,7,5,0,0,7,5,0.2857
4,212.0000,37,43,595.7397,-84.1024,-1.0806,9,0.2250,0.4000,5,7,6,0,0,7,6,0.1429
4,212.0000,37,47,457.1656,-81.4927,-0.6256,26,0.6500,0.8571,7,7,3,0,0,7,3,0.5714
4,212.0000,38,2,488.8433,-84.6626,-0.3934,17,0.4250,0.5000,6,5,1,0,0,5,1,0.8000
4,212.0000,38,3,290.5714,-77.9363,-0.7826,35,0.8750,0.0000,4,5,2,0,0,5,2,0.6000
4,212.0000,38,4,616.4810,-84.8499,-0.3790,17,0.4250,1.0000,8,8,7,0,0,8,7,0.1250
4,212.0000,38,6,262.4988,-75.5883,-1.4973,37,0.9250,0.0000,4,6,3,0,0,6,3,0.5000
4,212.0000,38,7,633.6441,-85.1888,0.3532,11,0.2750,1.0000,8,8,7,0,0,8,7,0.1250
4,212.0000,38,10,471.8149,-82.8903,0.3810,20,0.5000,0.5714,7,8,8,0,0,8,8,0.0000
4,212.0000,38,11,196.3406,-72.1013,-1.9987,39,0.9750,0.2000,5,5,2,0,0,5,2,0.6000
4,212.0000,38,14,488.7261,-82.3928,-0.0564,29,0.7250,0.6667,6,6,4,0,0,6,4,0.3333
4,212.0000,38,15,1152.6971,-87.9789,-5.1962,3,0.0750,1.0000,8,6,6,0,0,6,6,0.0000
4,212.0000,38,16,697.0133,-87.3967,1.4170,10,0.2500,1.0000,8,8,8,0,0,8,8,0.0000
4,212.0000,38,17,347.2212,-80.7283,-0.8463,34,0.8500,0.5000,6,7,5,0,0,7,5,0.2857
4,212.0000,38,20,759.8786,-86.4967,0.1431,13,0.3250,0.8571,7,8,8,0,0,8,8,0.0000
4,212.0000,38,22,517.4477,-84.1045,-0.3359,19,0.4750,1.0000,8,6,2,0,0,6,2,0.6667
4,212.0000,38,23,584.0390,-84.9363,0.3473,21,0.5250,0.7143,7,6,3,0,0,6,3,0.5000
4,212.0000,38,24,274.2389,-79.5607,-0.1083,34,0.8500,0.4000,5,5,2,0,0,5,2,0.6000
4,212.0000,38,33,340.5385,-79.8405,-0.5591,31,0.7750,0.0000,4,6,3,0,0,6,3,0.5000
4,212.0000,38,35,279.8726,-75.9768,-1.0823,39,0.9750,0.0000,4,7,4,0,0,7,4,0.4286
4,212.0000,38,37,312.9932,-78.7314,-0.6849,34,0.8500,0.7143,7,6,3,0,0,6,3,0.5000
4,212.0000,38,41,743.6709,-87.8071,-0.3265,11,0.2750,1.0000,8,8,8,0,0,8,8,0.0000
4,212.0000,38,42,841.5325,-87.2786,-0.5286,8,0.2000,1.0000,8,6,6,0,0,6,6,0.0000
4,212.0000,38,43,763.8825,-86.8565,0.7601,10,0.2500,1.0000,8,8,8,0,0,8,8,0.0000
4,212.0000,38,47,278.3108,-77.9061,-0.4162,37,0.9250,0.2000,5,4,0,0,0,4,0,1.0000
4,212.0000,39,0,624.4344,-86.0955,-0.4335,10,0.2500,1.0000,8,7,5,0,0,7,5,0.2857
4,212.0000,39,5,664.4833,-84.2573,0.0309,8,0.2000,1.0000,8,8,8,0,0,8,8,0.0000
4,212.0000,39,8,811.1124,-87.9473,-2.3471,4,0.1000,1.0000,8,8,8,0,0,8,8,0.0000
4,212.0000,39,9,713.4616,-85.6464,0.2732,14,0.3500,0.8571,7,8,8,0,0,8,8,0.0000
4,212.0000,39,12,471.7257,-83.1648,-0.6606,16,0.4000,0.5000,8,8,7,0,0,8,7,0.1250
4,212.0000,39,13,506.2021,-84.0666,0.1455,12,0.3000,0.7500,8,7,5,0,0,7,5,0.2857
4,212.0000,39,15,657.4181,-84.3281,-0.1306,8,0.2000,0.7143,7,8,8,0,0,8,8,0.0000
4,212.0000,39,18,707.7202,-86.6796,-0.6421,9,0.2250,0.8571,7,7,6,0,0,7,6,0.1429
4,212.0000,39,19,347.1513,-79.3433,-0.0875,26,0.6500,0.4000,5,5,2,0,0,5,2,0.6000
4,212.0000,39,21,879.2943,-89.1997,-0.9665,5,0.1250,1.0000,8,8,8,0,0,8,8,0.0000
4,212.0000,39,25,793.7056,-87.1680,0.1476,7,0.1750,0.7500,8,8,7,0,0,8,7,0.1250
4,212.0000,39,26,722.6986,-85.3735,-0.5009,6,0.1500,0.8571,7,8,8,0,0,8,8,0.0000
4,212.0000,39,27,548.6653,-84.6663,0.2244,13,0.3250,0.8571,7,6,4,0,0,6,4,0.3333
4,212.0000,39,28,199.8114,-76.9016,0.5712,32,0.8000,0.4000,5,6,2,0,0,6,2,0.6667
4,212.0000,39,29,787.0655,-86.8357,-0.6545,4,0.1000,1.0000,8,8,8,0,0,8,8,0.0000
4,212.0000,39,30,434.7434,-82.3899,-0.1680,23,0.5750,0.6667,6,6,4,0,0,6,4,0.3333
4,212.0000,39,31,532.0091,-83.1057,-0.6885,13,0.3250,0.7500,8,8,8,0,0,8,8,0.0000
4,212.0000,39,32,659.7202,-86.5704,-0.1795,14,0.3500,0.8571,7,7,6,0,0,7,6,0.1429
4,212.0000,39,34,323.0011,-77.5442,-1.7057,25,0.6250,0.2000,5,6,3,0,0,6,3,0.5000
4,212.0000,39,36,716.6410,-86.6125,-0.0727,9,0.2250,1.0000,6,10,9,0,0,10,9,0.1000
4,212.0000,39,40,503.8207,-82.5053,-0.7615,16,0.4000,0.7143,7,6,3,0,0,6,3,0.5000
4,212.0000,39,43,1079.7648,-88.8226,1.5810,3,0.0750,1.0000,8,4,4,0,0,4,4,0.0000
4,212.0000,39,44,506.6589,-83.7109,-0.6451,20,0.5000,0.7143,7,5,2,0,0,5,2,0.6000
4,212.0000,39,45,562.6959,-84.7514,0.7448,14,0.3500,0.4000,5,6,4,0,0,6,4,0.3333
4,212.0000,39,46,173.8621,-75.7450,1.0476,32,0.8000,0.2000,5,6,3,0,0,6,3,0.5000
4,212.0000,40,0,436.9246,-83.0027,0.6237,19,0.4750,0.2000,5,6,3,0,0,6,3,0.5000
4,212.0000,40,1,561.6852,-84.7202,-0.0103,22,0.5500,0.8750,8,6,3,0,0,6,3,0.5000
4,212.0000,40,5,778.0417,-86.7254,-0.4749,5,0.1250,1.0000,8,8,8,0,0,8,8,0.0000
4,212.0000,40,9,255.6776,-77.6501,-0.1713,30,0.7500,0.0000,4,4,0,0,0,4,0,1.0000
4,212.0000,40,18,457.7031,-82.9771,0.0810,18,0.4500,0.7143,7,4,0,0,0,4,0,1.0000
4,212.0000,40,19,747.4863,-86.1351,-0.4215,6,0.1500,0.6667,6,7,6,0,0,7,6,0.1429
4,212.0000,40,21,784.6384,-86.2052,0.2988,6,0.1500,1.0000,8,8,8,0,0,8,8,0.0000
4,212.0000,40,25,433.6730,-82.3781,0.3220,24,0.6000,0.5000,6,5,2,0,0,5,2,0.6000
4,212.0000,40,26,846.9262,-87.8757,-0.6131,3,0.0750,1.0000,8,8,8,0,0,8,8,0.0000
4,212.0000,40,27,185.5512,-76.6895,1.0633,30,0.7500,0.1705,88,4,0,80,8,84,8,0.9048
4,212.0000,40,28,654.7331,-86.0967,-0.4482,5,0.1250,1.0000,6,8,7,0,0,8,7,0.1250
4,212.0000,40,29,908.7945,-86.7192,-0.8057,3,0.0750,1.0000,8,7,6,0,0,7,6,0.1429
4,212.0000,40,30,790.1287,-86.2632,0.7173,4,0.1000,1.0000,8,8,8,0,0,8,8,0.0000
4,212.0000,40,32,505.5725,-82.5046,-0.3787,25,0.6250,0.2000,5,7,5,0,0,7,5,0.2857
4,212.0000,40,34,696.7885,-83.5904,-0.1545,5,0.1250,0.7143,7,8,8,0,0,8,8,0.0000
4,212.0000,40,36,706.1052,-84.8494,-0.5946,10,0.2500,0.8571,7,7,6,0,0,7,6,0.1429
4,212.0000,40,39,503.8207,-82.1260,-0.0113,11,0.2750,0.7500,8,7,6,0,0,7,6,0.1429
4,212.0000,40,44,658.2192,-84.2446,0.4433,10,0.2500,0.7143,7,7,6,0,0,7,6,0.1429
4,212.0000,40,45,669.8245,-85.0318,-0.4715,10,0.2500,0.8571,7,8,6,0,0,8,6,0.2500
4,212.0000,40,46,628.8883,-84.3567,-0.4667,7,0.1750,1.0000,8,6,4,0,0,6,4,0.3333
4,212.0000,41,2,563.0918,-87.0773,0.1321,17,0.4359,0.8750,8,6,4,0,0,6,4,0.3333
4,212.0000,41,3,591.5448,-84.9129,-0.8669,16,0.4103,0.4000,5,5,1,0,0,5,1,0.8000
4,212.0000,41,4,393.8877,-82.3259,0.7777,23,0.5897,1.0000,8,8,6,0,0,8,6,0.2500
4,212.0000,41,5,822.7980,-86.7121,-0.2336,9,0.2308,1.0000,8,6,5,0,0,6,5,0.1667
4,212.0000,41,6,705.5516,-87.3391,-0.1110,11,0.2821,0.8571,7,8,8,0,0,8,8,0.0000
4,212.0000,41,7,358.7204,-80.8552,0.6633,23,0.5897,0.7143,7,7,5,0,0,7,5,0.2857
4,212.0000,41,8,454.2717,-82.1755,0.1628,21,0.5385,0.7500,8,6,3,0,0,6,3,0.5000
4,212.0000,41,10,430.6279,-82.4513,-0.3908,24,0.6154,1.0000,8,5,2,0,0,5,2,0.6000
4,212.0000,41,11,593.8705,-85.0914,0.4950,16,0.4103,0.8750,8,8,8,0,0,8,8,0.0000
4,212.0000,41,12,689.9315,-87.2536,0.2037,13,0.3333,1.0000,8,6,6,0,0,6,6,0.0000
4,212.0000,41,13,491.4900,-83.5014,0.7921,21,0.5385,0.3333,6,7,6,0,0,7,6,0.1429
4,212.0000,41,14,753.4667,-87.3694,0.0884,14,0.3590,0.8571,7,8,8,0,0,8,8,0.0000
4,212.0000,41,15,491.9949,-82.6420,-0.4775,24,0.6154,1.0000,8,7,6,0,0,7,6,0.1429
4,212.0000,41,16,724.0283,-87.2258,0.2315,15,0.3846,0.8571,7,7,6,0,0,7,6,0.1429
4,212.0000,41,17,720.4535,-85.9392,0.0760,15,0.3846,0.7500,8,7,6,0,0,7,6,0.1429
4,212.0000,41,19,1079.2432,-88.4884,2.0903,3,0.0769,1.0000,4,6,6,0,0,6,6,0.0000
4,212.0000,41,20,175.0254,-74.2899,-0.0960,34,0.8718,0.0000,4,5,1,0,0,5,1,0.8000
4,212.0000,41,22,384.6268,-81.4911,-0.0256,22,0.5641,0.8571,7,8,8,3,2,11,10,0.0909
4,212.0000,41,23,448.6395,-84.1702,0.0755,21,0.5385,0.2000,5,6,3,0,0,6,3,0.5000
4,212.0000,41,24,623.6821,-85.9580,0.1795,20,0.5128,1.0000,8,7,6,0,0,7,6,0.1429
4,212.0000,41,26,691.1602,-85.3048,0.5691,16,0.4103,0.8571,7,8,7,0,0,8,7,0.1250
4,212.0000,41,28,936.7232,-86.7842,-0.7907,7,0.1795,1.0000,8,6,6,0,0,6,6,0.0000
4,212.0000,41,29,750.2161,-86.6109,-0.1457,10,0.2564,0.8571,7,8,8,0,0,8,8,0.0000
4,212.0000,41,31,509.5389,-83.4524,0.3629,21,0.5385,0.5714,7,7,5,0,0,7,5,0.2857
4,212.0000,41,33,441.5806,-83.3142,-0.0896,22,0.5641,1.0000,8,7,6,7,6,14,12,0.1429
4,212.0000,41,34,721.2327,-87.2335,0.1770,9,0.2308,1.0000,6,7,6,0,0,7,6,0.1429
4,212.0000,41,35,730.1220,-86.1031,-0.1300,13,0.3333,1.0000,8,8,8,0,0,8,8,0.0000
4,212.0000,41,37,488.5960,-82.9813,-0.3266,20,0.5128,0.7500,8,6,2,0,0,6,2,0.6667
4,212.0000,41,38,743.6709,-87.0298,-0.1131,14,0.3590,0.6667,6,7,6,0,0,7,6,0.1429
4,212.0000,41,39,986.6313,-88.3997,-0.3900,4,0.1026,1.0000,8,6,6,0,0,6,6,0.0000
4,212.0000,41,42,725.4291,-86.2080,-0.5744,18,0.4615,1.0000,8,6,4,0,0,6,4,0.3333
4,212.0000,41,43,280.0319,-77.6109,-0.7826,32,0.8205,0.4000,5,5,1,0,0,5,1,0.8000
4,212.0000,41,46,815.1414,-87.3322,0.0444,8,0.2051,1.0000,8,8,8,0,0,8,8,0.0000
4,212.0000,41,47,779.9585,-86.9060,-0.1355,14,0.3590,1.0000,8,8,8,0,0,8,8,0.0000
4,212.0000,42,2,368.4479,-79.2280,-0.2831,22,0.5500,0.6667,6,7,5,0,0,7,5,0.2857
4,212.0000,42,3,923.4364,-88.1886,0.6414,3,0.0750,0.8750,8,2,2,0,0,2,2,0.0000
4,212.0000,42,4,452.3889,-82.0947,-0.1168,11,0.2750,0.8889,9,5,3,0,0,5,3,0.4000
4,212.0000,42,7,527.6863,-83.9978,-0.5011,13,0.3250,1.0000,8,8,8,0,0,8,8,0.0000
4,212.0000,42,8,639.3121,-86.4316,0.0740,8,0.2000,1.0000,8,8,8,0,0,8,8,0.0000
4,212.0000,42,10,438.9577,-83.3336,1.1354,14,0.3500,0.8571,7,7,3,0,0,7,3,0.5714
4,212.0000,42,11,693.3345,-86.0889,1.5235,5,0.1250,1.0000,12,8,8,0,0,8,8,0.0000
4,212.0000,42,14,508.0954,-83.4262,0.2027,15,0.3750,0.6667,6,8,6,0,0,8,6,0.2500
4,212.0000,42,16,183.6608,-70.2342,-1.5002,28,0.7000,0.0000,4,6,2,0,0,6,2,0.6667
4,212.0000,42,17,623.5349,-85.3170,0.1780,11,0.2750,1.0000,8,8,8,0,0,8,8,0.0000
4,212.0000,42,20,865.7279,-87.0932,1.0707,3,0.0750,1.0000,6,8,8,0,0,8,8,0.0000
4,212.0000,42,22,611.7141,-84.4637,-0.8192,10,0.2500,1.0000,8,8,8,0,0,8,8,0.0000
4,212.0000,42,24,615.5524,-84.7946,-0.1051,12,0.3000,0.7143,7,8,8,0,0,8,8,0.0000
4,212.0000,42,26,749.5453,-87.8129,-0.3127,3,0.0750,1.0000,8,8,7,0,0,8,7,0.1250
4,212.0000,42,29,737.9131,-86.9736,-0.5105,8,0.2000,1.0000,8,8,8,0,0,8,8,0.0000
4,212.0000,42,33,808.9884,-87.7275,-0.9682,5,0.1250,0.8750,8,8,8,0,0,8,8,0.0000
4,212.0000,42,35,622.0669,-85.9365,0.0028,11,0.2750,0.7143,7,7,6,0,0,7,6,0.1429
4,212.0000,42,37,656.6081,-86.5089,-0.1717,8,0.2000,1.0000,8,7,6,0,0,7,6,0.1429
4,212.0000,42,38,841.5325,-87.9596,0.4129,6,0.1500,1.0000,8,8,8,0,0,8,8,0.0000
4,212.0000,42,41,725.4291,-87.5398,0.4405,4,0.1000,1.0000,8,7,6,0,0,7,6,0.1429
4,212.0000,42,47,1072.1460,-87.6515,2.7970,3,0.0750,1.0000,8,2,2,0,0,2,2,0.0000
4,212.0000,43,2,730.0204,-86.1240,-0.5020,6,0.1463,1.0000,8,8,8,0,0,8,8,0.0000
4,212.0000,43,3,522.2301,-83.5262,-0.3501,16,0.3902,1.0000,8,7,6,0,0,7,6,0.1429
4,212.0000,43,4,554.9590,-84.2453,-0.0283,15,0.3659,1.0000,8,7,5,0,0,7,5,0.2857
4,212.0000,43,6,666.3117,-87.0405,0.6576,10,0.2439,1.0000,8,8,8,0,0,8,8,0.0000
4,212.0000,43,7,594.6651,-85.6280,0.4170,10,0.2439,0.8571,7,8,8,0,0,8,8,0.0000
4,212.0000,43,8,684.4478,-86.4223,-0.2611,11,0.2683,0.7500,8,7,6,0,0,7,6,0.1429
4,212.0000,43,10,611.9350,-84.3357,-0.9000,15,0.3659,0.8750,8,8,6,0,0,8,6,0.2500
4,212.0000,43,11,672.8584,-86.0690,-0.3933,10,0.2439,1.0000,8,8,8,0,0,8,8,0.0000
4,212.0000,43,12,691.3782,-86.4924,-0.3630,12,0.2927,1.0000,6,8,8,0,0,8,8,0.0000
4,212.0000,43,13,645.5343,-84.8020,-1.4022,12,0.2927,1.0000,8,8,8,0,0,8,8,0.0000
4,212.0000,43,15,485.1832,-82.2559,-1.0730,21,0.5122,0.7500,8,10,10,0,0,10,10,0.0000
4,212.0000,43,16,945.7569,-87.3599,-0.4977,6,0.1463,1.0000,4,5,4,0,0,5,4,0.2000
4,212.0000,43,17,790.7568,-86.9562,0.6543,7,0.1707,1.0000,8,8,8,0,0,8,8,0.0000
4,212.0000,43,20,112.2737,-68.9809,-0.3418,32,0.7805,0.1667,6,4,1,0,0,4,1,0.7500
4,212.0000,43,22,457.0091,-83.2062,-0.2660,17,0.4146,0.8571,7,7,6,18,15,25,21,0.1600
4,212.0000,43,23,293.8797,-79.2447,-0.0135,28,0.6829,0.0000,4,6,4,0,0,6,4,0.3333
4,212.0000,43,24,742.7729,-87.0635,0.7178,7,0.1707,0.8000,5,8,8,0,0,8,8,0.0000
4,212.0000,43,26,934.7328,-86.1510,-0.4594,4,0.0976,1.0000,8,6,6,0,0,6,6,0.0000
4,212.0000,43,29,1007.4833,-88.6518,-0.0722,6,0.1463,1.0000,4,4,4,0,0,4,4,0.0000
4,212.0000,43,30,975.3166,-87.1357,-0.6264,4,0.0976,1.0000,8,6,6,0,0,6,6,0.0000
4,212.0000,43,31,696.3368,-85.3325,0.0763,13,0.3171,0.8750,8,8,7,0,0,8,7,0.1250
4,212.0000,43,33,423.4036,-82.6478,0.0522,18,0.4390,0.6667,6,6,3,0,0,6,3,0.5000
4,212.0000,43,34,871.2821,-87.5446,0.8369,4,0.0976,1.0000,8,6,6,0,0,6,6,0.0000
4,212.0000,43,35,847.9956,-87.5676,-0.5514,7,0.1707,1.0000,8,7,6,0,0,7,6,0.1429
4,212.0000,43,37,595.7397,-86.1401,-0.1111,13,0.3171,0.8571,7,7,6,2,2,9,8,0.1111
4,212.0000,43,38,763.8825,-87.3867,-0.2033,9,0.2195,0.7143,7,8,8,0,0,8,8,0.0000
4,212.0000,43,39,1079.7648,-88.9348,0.2668,4,0.0976,1.0000,6,4,4,0,0,4,4,0.0000
4,212.0000,43,41,280.0319,-78.0137,-0.4650,21,0.5122,0.4000,5,7,6,1,0,8,6,0.2500
4,212.0000,43,42,963.4298,-87.7238,0.2579,6,0.1463,1.0000,6,4,4,0,0,4,4,0.0000
4,212.0000,43,46,907.4078,-86.3549,-1.7280,5,0.1220,1.0000,6,6,6,0,0,6,6,0.0000
4,212.0000,43,47,707.5329,-87.4259,-0.8195,10,0.2439,1.0000,8,5,4,0,0,5,4,0.2000
4,212.0000,44,0,399.2201,-81.2463,0.1391,31,0.7561,0.6667,6,8,8,0,0,8,8,0.0000
4,212.0000,44,9,874.2766,-86.5579,0.6725,6,0.1463,1.0000,8,7,6,0,0,7,6,0.1429
4,212.0000,44,12,677.6178,-82.8681,-1.6294,5,0.1220,0.8750,8,8,8,0,0,8,8,0.0000
4,212.0000,44,18,768.8570,-86.2603,0.2611,7,0.1707,0.7143,7,8,8,0,0,8,8,0.0000
4,212.0000,44,19,333.2871,-78.5251,-0.1751,30,0.7317,0.2000,5,4,0,0,0,4,0,1.0000
4,212.0000,44,21,434.1246,-83.7591,0.2414,31,0.7561,0.6667,6,5,1,0,0,5,1,0.8000
4,212.0000,44,25,770.4269,-86.5607,0.0269,11,0.2683,1.0000,8,6,4,0,0,6,4,0.3333
4,212.0000,44,27,590.6203,-84.9082,-0.1175,14,0.3415,0.7500,8,8,8,0,0,8,8,0.0000
4,212.0000,44,28,445.0193,-82.1898,-0.1751,14,0.3415,0.5000,6,5,2,0,0,5,2,0.6000
4,212.0000,44,30,391.3213,-81.3796,-0.0240,24,0.5854,0.5714,7,8,6,0,0,8,6,0.2500
4,212.0000,44,32,475.1353,-83.3979,0.5033,23,0.5610,0.7143,7,6,3,0,0,6,3,0.5000
4,212.0000,44,34,811.9801,-86.5285,0.0946,3,0.0732,0.8571,7,6,6,0,0,6,6,0.0000
4,212.0000,44,36,312.8879,-81.9984,0.5674,31,0.7561,0.0000,4,5,1,0,0,5,1,0.8000
4,212.0000,44,39,506.6589,-82.9903,-0.0587,18,0.4390,0.6250,8,7,6,0,0,7,6,0.1429
4,212.0000,44,40,658.2192,-85.1464,-0.5424,13,0.3171,0.8571,7,5,2,0,0,5,2,0.6000
4,212.0000,44,45,162.5229,-74.3026,1.0076,38,0.9268,0.3333,6,4,0,0,0,4,0,1.0000
4,212.0000,44,46,611.7607,-84.7422,0.2649,12,0.2927,1.0000,8,8,7,0,0,8,7,0.1250
4,212.0000,45,0,439.5045,-82.0715,-0.5646,23,0.5750,0.0000,4,7,6,0,0,7,6,0.1429
4,212.0000,45,9,900.6252,-86.6819,-0.9502,4,0.1000,1.0000,6,8,8,0,0,8,8,0.0000
4,212.0000,45,12,642.8319,-84.3689,-0.2065,5,0.1250,0.7143,7,8,7,0,0,8,7,0.1250
4,212.0000,45,18,858.5208,-86.4560,6.0740,3,0.0750,1.0000,8,8,7,0,0,8,7,0.1250
4,212.0000,45,19,403.7633,-81.9178,1.0219,20,0.5000,0.7500,8,4,2,0,0,4,2,0.5000
4,212.0000,45,21,429.6848,-81.1862,-0.8956,33,0.8250,0.4000,5,6,4,0,0,6,4,0.3333
4,212.0000,45,25,829.7723,-86.3888,-2.3164,4,0.1000,1.0000,8,8,7,0,0,8,7,0.1250
4,212.0000,45,27,630.0776,-85.7497,-1.6167,9,0.2250,1.0000,8,8,8,0,0,8,8,0.0000
4,212.0000,45,28,485.9345,-83.3605,1.1598,10,0.2500,0.8571,7,6,3,0,0,6,3,0.5000
4,212.0000,45,30,374.2031,-81.8651,0.2830,16,0.4000,0.6667,6,5,2,0,0,5,2,0.6000
4,212.0000,45,32,564.8840,-84.1564,0.1987,15,0.3750,0.6667,6,8,7,0,0,8,7,0.1250
4,212.0000,45,36,407.3850,-81.8245,-0.8659,26,0.6500,0.2000,5,6,4,0,0,6,4,0.3333
4,212.0000,45,39,562.6959,-84.4868,1.1357,6,0.1500,1.0000,8,8,6,0,0,8,6,0.2500
4,212.0000,45,40,669.8245,-85.8432,1.5828,8,0.2000,0.7143,7,8,8,0,0,8,8,0.0000
4,212.0000,45,44,162.5229,-74.4306,0.7392,35,0.8750,0.0000,4,5,2,0,0,5,2,0.6000
4,212.0000,45,46,642.2349,-85.7242,-0.4148,4,0.1000,0.7143,7,7,6,0,0,7,6,0.1429
4,212.0000,46,0,777.6978,-86.8570,0.2821,8,0.2000,1.0000,6,7,6,0,0,7,6,0.1429
4,212.0000,46,1,1107.8440,-88.8779,0.0804,4,0.1000,,0,4,4,0,0,4,4,0.0000
4,212.0000,46,5,609.2129,-83.9563,-0.7004,13,0.3250,1.0000,8,6,4,0,0,6,4,0.3333
4,212.0000,46,8,676.3096,-85.5641,0.3662,7,0.1750,1.0000,8,8,8,0,0,8,8,0.0000
4,212.0000,46,9,842.0892,-86.5706,-0.6233,7,0.1750,0.8750,8,7,5,0,0,7,5,0.2857
4,212.0000,46,12,340.2099,-79.4146,-0.5765,30,0.7500,0.0000,4,5,2,0,0,5,2,0.6000
4,212.0000,46,13,343.5390,-79.2084,-0.8368,26,0.6500,0.7143,7,7,6,0,0,7,6,0.1429
4,212.0000,46,15,495.2810,-82.8884,-0.1314,17,0.4250,0.5714,7,7,5,0,0,7,5,0.2857
4,212.0000,46,18,874.6441,-87.3516,0.4319,5,0.1250,1.0000,4,8,8,0,0,8,8,0.0000
4,212.0000,46,19,381.1187,-80.0844,-0.1745,28,0.7000,0.7143,7,8,8,0,0,8,8,0.0000
4,212.0000,46,21,1006.5498,-88.7442,-0.5731,3,0.0750,1.0000,8,8,8,0,0,8,8,0.0000
4,212.0000,46,25,958.0172,-87.9225,1.4909,3,0.0750,1.0000,2,8,8,0,0,8,8,0.0000
4,212.0000,46,26,633.6122,-84.0599,0.2259,11,0.2750,0.8571,7,8,8,0,0,8,8,0.0000
4,212.0000,46,27,702.8057,-86.1916,0.7943,9,0.2250,1.0000,6,7,6,0,0,7,6,0.1429
4,212.0000,46,28,192.3213,-73.7483,-0.5852,34,0.8500,0.0000,4,5,2,0,0,5,2,0.6000
4,212.0000,46,29,707.4335,-85.9464,0.5253,5,0.1250,0.8571,7,8,8,0,0,8,8,0.0000
4,212.0000,46,30,413.5200,-80.8947,-0.8439,27,0.6750,0.8571,7,7,6,0,0,7,6,0.1429
4,212.0000,46,31,384.3025,-81.3008,-1.2688,17,0.4250,0.2000,5,8,6,0,0,8,6,0.2500
4,212.0000,46,32,827.9620,-87.5895,0.9600,4,0.1000,0.8571,7,8,8,0,0,8,8,0.0000
4,212.0000,46,34,209.0434,-76.1566,0.7664,34,0.8500,0.2000,5,5,2,0,0,5,2,0.6000
4,212.0000,46,36,860.1444,-87.8339,-0.3607,4,0.1000,1.0000,6,6,6,0,0,6,6,0.0000
4,212.0000,46,39,173.8621,-76.3541,0.7153,35,0.8750,0.0000,4,4,0,0,0,4,0,1.0000
4,212.0000,46,40,628.8883,-86.7663,-0.2811,4,0.1000,0.7143,7,8,8,0,0,8,8,0.0000
4,212.0000,46,43,907.4078,-84.6769,-0.3816,4,0.1000,1.0000,8,4,4,0,0,4,4,0.0000
4,212.0000,46,44,611.7607,-84.2914,-0.4544,18,0.4500,0.7143,7,8,6,2,2,10,8,0.2000
4,212.0000,46,45,642.2349,-85.7807,0.3554,8,0.2000,1.0000,8,5,3,0,0,5,3,0.4000
4,212.0000,47,2,713.3373,-86.5016,-0.1664,7,0.1750,1.0000,8,8,8,0,0,8,8,0.0000
4,212.0000,47,3,230.3919,-76.8399,0.2702,27,0.6750,0.0000,4,4,0,0,0,4,0,1.0000
4,212.0000,47,4,768.4972,-87.5384,0.7329,8,0.2000,0.8750,8,8,8,0,0,8,8,0.0000
4,212.0000,47,6,131.5504,-71.4591,0.9353,33,0.8250,0.3333,6,5,1,0,0,5,1,0.8000
4,212.0000,47,7,760.7538,-87.0987,0.3303,7,0.1750,0.8571,7,8,8,0,0,8,8,0.0000
4,212.0000,47,10,655.3549,-85.1287,1.1694,9,0.2250,0.7143,7,8,8,0,0,8,8,0.0000
4,212.0000,47,11,394.1776,-79.1695,-1.3331,22,0.5500,0.7143,7,8,8,0,0,8,8,0.0000
4,212.0000,47,14,730.2596,-86.0257,0.1543,9,0.2250,0.6667,6,8,6,0,0,8,6,0.2500
4,212.0000,47,16,941.8987,-87.5113,0.5917,3,0.0750,1.0000,6,6,5,0,0,6,5,0.1667
4,212.0000,47,17,575.6974,-84.3394,-0.2548,16,0.4000,1.0000,8,6,4,0,0,6,4,0.3333
4,212.0000,47,20,743.5713,-86.1612,-1.0834,6,0.1500,0.8571,7,8,8,0,0,8,8,0.0000
4,212.0000,47,22,627.4621,-85.7627,0.8766,9,0.2250,1.0000,8,6,4,0,0,6,4,0.3333
4,212.0000,47,23,533.8279,-83.1222,-0.1096,10,0.2500,1.0000,8,8,8,0,0,8,8,0.0000
4,212.0000,47,24,498.6577,-84.6279,0.2427,16,0.4000,0.8750,8,7,5,0,0,7,5,0.2857
4,212.0000,47,33,352.6698,-81.0269,-0.4821,20,0.5000,0.8750,8,8,8,0,0,8,8,0.0000
4,212.0000,47,35,539.2100,-83.1831,-0.5641,16,0.4000,0.6667,6,4,2,0,0,4,2,0.5000
4,212.0000,47,37,457.1656,-82.5243,-0.6318,17,0.4250,0.8571,7,6,4,0,0,6,4,0.3333
4,212.0000,47,38,278.3108,-78.0599,-0.7223,28,0.7000,0.2000,5,8,7,0,0,8,7,0.1250
4,212.0000,47,41,779.9585,-86.3997,0.4540,5,0.1250,0.8571,7,8,8,0,0,8,8,0.0000
4,212.0000,47,43,707.5329,-86.1801,0.7546,5,0.1250,1.0000,8,8,8,0,0,8,8,0.0000
4,216.0000,0,1,466.4075,-83.9885,0.5133,29,0.7250,0.7500,8,6,2,0,0,6,2,0.6667
4,216.0000,0,9,412.3805,-82.9297,1.1877,23,0.5750,0.5000,6,5,1,0,0,5,1,0.8000
4,216.0000,0,13,1093.4001,-88.4475,-0.1123,3,0.0750,1.0000,8,6,6,0,0,6,6,0.0000
4,216.0000,0,18,464.1759,-83.6677,0.1636,26,0.6500,0.2000,5,5,1,0,0,5,1,0.8000
4,216.0000,0,19,771.0664,-85.6451,-0.5069,11,0.2750,1.0000,8,8,8,0,0,8,8,0.0000
4,216.0000,0,21,398.2031,-81.8521,0.1084,32,0.8000,0.5000,6,8,6,0,0,8,6,0.2500
4,216.0000,0,25,328.9409,-80.8956,0.9677,34,0.8500,0.3333,6,4,0,0,0,4,0,1.0000
4,216.0000,0,27,249.4925,-77.7189,0.6979,32,0.8000,0.2000,5,5,1,0,0,5,1,0.8000
4,216.0000,0,28,653.4797,-85.3967,-0.7229,11,0.2750,1.0000,8,5,2,0,0,5,2,0.6000
4,216.0000,0,30,732.2667,-87.1243,-0.3352,12,0.3000,1.0000,8,6,4,0,0,6,4,0.3333
4,216.0000,0,31,1123.9222,-87.3135,-1.2963,3,0.0750,1.0000,6,4,4,0,0,4,4,0.0000
4,216.0000,0,32,268.2466,-76.7871,-0.8551,36,0.9000,0.2000,5,4,0,0,0,4,0,1.0000
4,216.0000,0,36,456.9990,-80.7832,-0.8186,28,0.7000,0.7143,7,5,3,0,0,5,3,0.4000
4,216.0000,0,39,584.7181,-83.7983,-1.2336,11,0.2750,1.0000,10,7,5,0,0,7,5,0.2857
4,216.0000,0,40,363.3889,-80.7064,0.5403,26,0.6500,0.7143,7,4,0,0,0,4,0,1.0000
4,216.0000,0,44,463.7557,-83.1438,-0.2197,23,0.5750,0.4000,5,7,4,0,0,7,4,0.4286
4,216.0000,0,45,561.7451,-83.3342,-1.2133,19,0.4750,0.5000,6,7,6,0,0,7,6,0.1429
4,216.0000,0,46,702.1805,-86.4221,-1.0761,11,0.2750,0.8571,7,8,8,0,0,8,8,0.0000
4,216.0000,1,0,466.4075,-84.3118,-0.7412,19,0.4872,0.5000,6,6,4,0,0,6,4,0.3333
4,216.0000,1,9,262.6933,-80.2300,1.0122,32,0.8205,0.4000,5,4,0,0,0,4,0,1.0000
4,216.0000,1,18,275.9013,-78.2837,-0.0168,34,0.8718,0.3333,6,4,0,0,0,4,0,1.0000
4,216.0000,1,21,839.9355,-86.9262,0.4396,7,0.1795,1.0000,8,8,8,0,0,8,8,0.0000
4,216.0000,1,25,182.6972,-74.4639,-0.2380,37,0.9487,0.0000,4,4,0,0,0,4,0,1.0000
4,216.0000,1,27,464.6546,-83.9791,0.5474,21,0.5385,0.4000,5,6,4,0,0,6,4,0.3333
4,216.0000,1,32,565.2338,-84.4710,-0.3921,23,0.5897,0.5000,6,8,7,0,0,8,7,0.1250
4,216.0000,1,36,866.7732,-87.3411,-0.0943,7,0.1795,1.0000,8,6,6,0,0,6,6,0.0000
4,216.0000,1,40,420.0545,-83.8430,0.0362,23,0.5897,0.5714,7,4,0,0,0,4,0,1.0000
4,216.0000,1,44,896.5750,-87.4750,0.3507,5,0.1282,1.0000,8,8,8,0,0,8,8,0.0000
4,216.0000,1,45,997.2308,-87.9384,1.2436,4,0.1026,1.0000,6,8,7,0,0,8,7,0.1250
4,216.0000,2,3,530.8373,-84.4764,0.3795,14,0.3500,0.7143,7,5,1,0,0,5,1,0.8000
4,216.0000,2,4,329.2997,-77.7785,-0.1609,23,0.5750,0.4000,5,5,2,0,0,5,2,0.6000
4,216.0000,2,6,593.5446,-85.2526,0.6614,16,0.4000,0.6667,6,5,2,0,0,5,2,0.6000
4,216.0000,2,7,396.6170,-81.9235,0.3925,16,0.4000,0.0000,4,5,2,0,0,5,2,0.6000
4,216.0000,2,8,773.8311,-86.4529,0.8187,4,0.1000,1.0000,8,6,4,0,0,6,4,0.3333
4,216.0000,2,10,159.5982,-72.7709,0.0042,36,0.9000,0.0000,4,4,0,0,0,4,0,1.0000
4,216.0000,2,11,235.0806,-78.9800,0.2031,29,0.7250,0.3333,24,4,0,0,0,4,0,1.0000
4,216.0000,2,13,1001.1640,-88.3512,0.5481,4,0.1000,1.0000,8,8,8,0,0,8,8,0.0000
4,216.0000,2,14,394.7666,-81.3168,-0.8021,22,0.5500,0.2000,5,5,1,0,0,5,1,0.8000
4,216.0000,2,15,1122.6307,-89.1538,0.6824,3,0.0750,1.0000,2,4,4,0,0,4,4,0.0000
4,216.0000,2,16,297.8092,-78.7093,-0.0194,32,0.8000,0.0000,4,6,1,0,0,6,1,0.8333
4,216.0000,2,17,177.7593,-76.2101,1.3159,31,0.7750,0.2000,5,5,1,0,0,5,1,0.8000
4,216.0000,2,20,661.3426,-85.9477,-0.7034,12,0.3000,0.7143,7,8,7,0,0,8,7,0.1250
4,216.0000,2,22,302.3142,-80.2402,-0.4493,19,0.4750,0.6000,10,6,4,0,0,6,4,0.3333
4,216.0000,2,23,564.3461,-85.8289,0.3738,12,0.3000,0.7500,8,5,2,0,0,5,2,0.6000
4,216.0000,2,24,262.6217,-78.7780,0.1092,30,0.7500,0.2000,5,5,2,0,0,5,2,0.6000
4,216.0000,2,26,963.5076,-88.0062,-2.1429,3,0.0750,1.0000,6,6,6,0,0,6,6,0.0000
4,216.0000,2,31,985.5603,-88.2769,0.5080,4,0.1000,1.0000,8,6,6,0,0,6,6,0.0000
4,216.0000,2,33,461.6080,-83.1142,-0.4849,14,0.3500,0.7000,10,7,6,0,0,7,6,0.1429
4,216.0000,2,35,294.5776,-79.3236,0.4929,29,0.7250,0.3333,6,7,3,0,0,7,3,0.5714
4,216.0000,2,37,248.3247,-79.0826,0.9012,26,0.6500,0.2000,5,5,2,0,0,5,2,0.6000
4,216.0000,2,38,395.2549,-82.5324,0.3756,22,0.5500,0.4000,5,8,5,0,0,8,5,0.3750
4,216.0000,2,41,518.6495,-83.6505,0.3780,12,0.3000,0.8571,7,6,4,0,0,6,4,0.3333
4,216.0000,2,42,509.4459,-83.2913,-0.6007,23,0.5750,0.7500,8,6,6,4,4,10,10,0.0000
4,216.0000,2,43,660.2692,-85.9731,0.0798,12,0.3000,1.0000,8,8,7,0,0,8,7,0.1250
4,216.0000,2,47,612.7526,-86.1082,0.1797,17,0.4250,0.8750,8,6,4,0,0,6,4,0.3333
4,216.0000,3,2,530.8373,-85.9057,0.4697,14,0.3500,0.7143,7,7,5,0,0,7,5,0.2857
4,216.0000,3,4,706.3717,-86.1726,-0.7423,8,0.2000,0.6667,6,8,7,0,0,8,7,0.1250
4,216.0000,3,6,231.5783,-76.7113,0.0730,32,0.8000,0.7500,8,5,1,0,0,5,1,0.8000
4,216.0000,3,7,618.9745,-85.1843,-0.2353,11,0.2750,0.7500,8,7,6,0,0,7,6,0.1429
4,216.0000,3,8,1020.5397,-88.1304,0.7948,3,0.0750,1.0000,7,8,8,0,0,8,8,0.0000
4,216.0000,3,10,640.7927,-84.0972,-0.3571,13,0.3250,1.0000,8,8,8,0,0,8,8,0.0000
4,216.0000,3,11,445.7891,-80.8354,-1.2693,21,0.5250,0.7143,7,8,7,0,0,8,7,0.1250
4,216.0000,3,14,802.1755,-85.5949,0.0915,6,0.1500,0.6667,6,9,9,0,0,9,9,0.0000
4,216.0000,3,16,810.3060,-87.0986,-0.3956,5,0.1250,0.8571,7,6,6,0,0,6,6,0.0000
4,216.0000,3,17,562.5244,-83.9246,-0.6541,20,0.5000,0.6667,6,8,6,0,0,8,6,0.2500
4,216.0000,3,20,588.4090,-83.3676,-0.1053,13,0.3250,0.8571,7,8,7,0,0,8,7,0.1250
4,216.0000,3,22,403.7911,-82.0423,0.0631,23,0.5750,0.4000,5,5,2,0,0,5,2,0.6000
4,216.0000,3,23,294.9331,-79.2986,0.3110,30,0.7500,0.4286,7,6,3,0,0,6,3,0.5000
4,216.0000,3,24,453.8543,-83.5146,-0.9928,20,0.5000,0.4000,5,8,8,0,0,8,8,0.0000
4,216.0000,3,31,1197.0478,-88.5756,-2.6203,3,0.0750,,0,4,4,0,0,4,4,0.0000
4,216.0000,3,33,173.4186,-73.1006,0.3147,31,0.7750,0.0000,4,4,0,0,0,4,0,1.0000
4,216.0000,3,35,657.9751,-84.6508,-1.1703,16,0.4000,0.7143,7,8,8,0,0,8,8,0.0000
4,216.0000,3,37,511.2309,-82.1663,-0.6887,20,0.5000,0.8571,7,7,6,0,0,7,6,0.1429
4,216.0000,3,38,331.1544,-80.0269,-1.3304,27,0.6750,0.0000,4,5,2,0,0,5,2,0.6000
4,216.0000,3,41,596.6521,-84.9156,-0.0857,9,0.2250,1.0000,8,7,5,0,0,7,5,0.2857
4,216.0000,3,43,506.6131,-83.9192,1.7010,14,0.3500,0.0000,4,7,5,0,0,7,5,0.2857
4,216.0000,3,47,251.5135,-77.0292,-0.0204,35,0.8750,0.5000,6,5,1,0,0,5,1,0.8000
4,216.0000,4,2,329.2997,-78.7102,-0.6654,27,0.6750,0.2000,5,8,7,0,0,8,7,0.1250
4,216.0000,4,3,706.3717,-85.5911,-0.8326,13,0.3250,0.8571,7,8,8,0,0,8,8,0.0000
4,216.0000,4,5,827.1023,-86.2241,0.5223,5,0.1250,1.0000,6,7,5,0,0,7,5,0.2857
4,216.0000,4,6,783.0148,-86.1271,0.2908,10,0.2500,1.0000,8,8,8,0,0,8,8,0.0000
4,216.0000,4,7,416.9265,-81.7787,-0.1917,20,0.5000,0.8571,7,8,7,0,0,8,7,0.1250
4,216.0000,4,8,478.4846,-83.4807,0.7006,16,0.4000,1.0000,8,8,8,0,0,8,8,0.0000
4,216.0000,4,10,312.1781,-79.4096,-0.5002,28,0.7000,0.3333,6,8,5,0,0,8,5,0.3750
4,216.0000,4,11,494.2276,-84.2134,0.0112,20,0.5000,0.8750,8,5,2,0,0,5,2,0.6000
4,216.0000,4,12,897.5323,-86.9051,0.6876,5,0.1250,1.0000,6,8,8,0,0,8,8,0.0000
4,216.0000,4,13,751.4161,-87.6110,0.3532,4,0.1000,1.0000,8,7,6,0,0,7,6,0.1429
4,216.0000,4,14,577.0929,-84.2880,-0.4001,18,0.4500,1.0000,8,7,6,0,0,7,6,0.1429
4,216.0000,4,16,447.7829,-82.3113,-0.2062,21,0.5250,0.7143,7,8,8,0,0,8,8,0.0000
4,216.0000,4,17,440.7111,-81.9289,-0.7225,20,0.5000,0.7143,7,8,6,0,0,8,6,0.2500
4,216.0000,4,20,533.4728,-84.2766,-1.0232,12,0.3000,0.6667,6,7,5,0,0,7,5,0.2857
4,216.0000,4,22,324.4556,-77.6706,-1.5925,26,0.6500,0.3333,6,7,5,0,0,7,5,0.2857
4,216.0000,4,23,592.2260,-84.2326,-0.8664,18,0.4500,0.4000,5,8,8,0,0,8,8,0.0000
4,216.0000,4,24,496.1354,-83.5037,0.1794,20,0.5000,0.8571,7,8,8,0,0,8,8,0.0000
4,216.0000,4,26,714.5402,-85.3650,0.2479,7,0.1750,1.0000,8,6,4,0,0,6,4,0.3333
4,216.0000,4,29,732.3596,-87.2295,-1.2661,5,0.1250,0.8571,7,8,8,0,0,8,8,0.0000
4,216.0000,4,31,742.0910,-86.3857,-0.9925,5,0.1250,1.0000,8,8,8,0,0,8,8,0.0000
4,216.0000,4,33,583.1961,-84.2324,-0.5978,19,0.4750,1.0000,8,5,4,0,0,5,4,0.2000
4,216.0000,4,35,581.8451,-84.5391,-0.2265,13,0.3250,0.8571,7,6,4,0,0,6,4,0.3333
4,216.0000,4,37,488.0747,-83.0116,-0.2552,19,0.4750,0.4000,5,7,5,0,0,7,5,0.2857
4,216.0000,4,38,692.7110,-85.4028,-0.2552,10,0.2500,0.8333,6,8,8,0,0,8,8,0.0000
4,216.0000,4,41,386.9565,-81.3691,-0.0309,19,0.4750,0.7500,8,6,4,0,0,6,4,0.3333
4,216.0000,4,42,408.4112,-82.5545,1.0779,23,0.5750,0.4000,5,6,2,0,0,6,2,0.6667
4,216.0000,4,43,579.9425,-84.5032,-0.5792,9,0.2250,0.7143,7,7,6,0,0,7,6,0.1429
4,216.0000,4,47,865.6943,-86.2504,0.1957,5,0.1250,1.0000,8,8,8,0,0,8,8,0.0000
4,216.0000,5,4,827.1023,-87.8440,-0.8756,3,0.0750,1.0000,8,8,8,0,0,8,8,0.0000
4,216.0000,5,7,800.1283,-86.0752,0.3609,3,0.0750,1.0000,8,8,7,0,0,8,7,0.1250
4,216.0000,5,8,482.9591,-82.4890,0.0166,10,0.2500,1.0000,8,7,5,0,0,7,5,0.2857
4,216.0000,5,13,392.9618,-82.5120,0.5609,12,0.3000,1.0000,8,7,5,0,0,7,5,0.2857
4,216.0000,5,26,189.4152,-74.3438,-0.0804,32,0.8000,0.0000,4,4,0,0,0,4,0,1.0000
4,216.0000,5,27,940.0989,-87.8793,-0.3117,3,0.0750,1.0000,4,8,8,0,0,8,8,0.0000
4,216.0000,5,29,153.4271,-72.8402,0.0206,36,0.9000,0.0000,4,4,0,0,0,4,0,1.0000
4,216.0000,5,31,305.5657,-79.8429,0.7129,14,0.3500,0.6667,6,5,2,0,0,5,2,0.6000
4,216.0000,5,34,376.9282,-82.0145,-0.3144,11,0.2750,0.5714,7,4,1,0,0,4,1,0.7500
4,216.0000,5,39,768.4079,-85.7417,0.2601,7,0.1750,1.0000,8,8,8,0,0,8,8,0.0000
4,216.0000,5,42,757.5835,-86.5012,0.2177,3,0.0750,1.0000,8,8,8,0,0,8,8,0.0000
4,216.0000,5,46,615.9872,-84.1932,-0.7120,8,0.2000,1.0000,10,7,5,0,0,7,5,0.2857
4,216.0000,6,2,593.5446,-84.1726,-0.2196,7,0.1750,1.0000,8,4,0,0,0,4,0,1.0000
4,216.0000,6,3,231.5783,-76.6864,0.2795,34,0.8500,0.4000,5,6,2,0,0,6,2,0.6667
4,216.0000,6,4,783.0148,-86.3856,-0.5566,6,0.1500,1.0000,8,8,8,0,0,8,8,0.0000
4,216.0000,6,7,560.9371,-84.7012,0.9348,7,0.1750,0.8750,8,5,2,0,0,5,2,0.6000
4,216.0000,6,10,657.8340,-85.5216,-0.2896,8,0.2000,0.7143,7,7,5,0,0,7,5,0.2857
4,216.0000,6,11,419.5459,-81.6392,-0.7150,18,0.4500,0.4000,5,6,4,0,0,6,4,0.3333
4,216.0000,6,14,752.3427,-85.8620,-1.2668,9,0.2250,0.7143,7,8,8,0,0,8,8,0.0000
4,216.0000,6,16,828.0576,-88.1921,1.0879,5,0.1250,0.8750,8,8,7,0,0,8,7,0.1250
4,216.0000,6,17,666.6144,-85.7481,-0.7121,9,0.2250,0.8750,8,8,7,0,0,8,7,0.1250
4,216.0000,6,20,629.7325,-86.0103,-0.1638,3,0.0750,0.6250,8,6,4,0,0,6,4,0.3333
4,216.0000,6,22,537.0357,-83.4548,0.1753,9,0.2250,1.0000,8,8,8,0,0,8,8,0.0000
4,216.0000,6,23,462.2448,-83.6677,1.1140,12,0.3000,0.6667,6,6,4,0,0,6,4,0.3333
4,216.0000,6,24,410.4323,-82.2028,-0.5772,16,0.4000,0.6667,6,5,2,0,0,5,2,0.6000
4,216.0000,6,33,245.6753,-78.0157,0.0383,28,0.7000,0.3333,6,6,2,0,0,6,2,0.6667
4,216.0000,6,35,639.2775,-84.6229,-0.1184,9,0.2250,0.6667,6,7,6,0,0,7,6,0.1429
4,216.0000,6,37,469.7933,-82.9878,-1.3844,14,0.3500,0.8571,7,8,5,0,0,8,5,0.3750
4,216.0000,6,38,347.2122,-79.8981,-0.4549,25,0.6250,0.6667,6,6,3,0,0,6,3,0.5000
4,216.0000,6,41,608.7992,-85.4060,0.7502,7,0.1750,1.0000,8,7,5,0,0,7,5,0.2857
4,216.0000,6,42,1048.7835,-88.2335,-0.4580,3,0.0750,1.0000,2,6,6,0,0,6,6,0.0000
4,216.0000,6,43,555.4596,-84.9525,1.0983,5,0.1250,1.0000,8,7,4,0,0,7,4,0.4286
4,216.0000,6,47,236.1231,-73.7652,-1.5885,35,0.8750,0.0000,4,5,1,0,0,5,1,0.8000
4,216.0000,7,2,396.6170,-81.6378,-0.4202,21,0.5250,0.7143,7,7,6,0,0,7,6,0.1429
4,216.0000,7,3,618.9745,-85.9666,-0.1133,15,0.3750,0.8571,7,7,6,0,0,7,6,0.1429
4,216.0000,7,4,416.9265,-81.9329,-0.7696,23,0.5750,0.7500,8,8,7,0,0,8,7,0.1250
4,216.0000,7,5,800.1283,-86.9294,0.4915,8,0.2000,0.8000,5,9,8,0,0,9,8,0.1111
4,216.0000,7,6,560.9371,-85.8071,0.5251,15,0.3750,0.5714,7,6,4,0,0,6,4,0.3333
4,216.0000,7,8,595.8817,-84.7690,-0.0645,15,0.3750,0.8750,8,7,6,0,0,7,6,0.1429
4,216.0000,7,10,309.8671,-78.6871,-0.6944,23,0.5750,0.5000,6,6,4,0,0,6,4,0.3333
4,216.0000,7,11,318.6447,-81.4848,0.8615,19,0.4750,0.7143,7,4,0,0,0,4,0,1.0000
4,216.0000,7,12,912.0048,-88.3757,-0.1019,6,0.1500,1.0000,8,7,6,0,0,7,6,0.1429
4,216.0000,7,13,715.4207,-86.4519,-1.2166,10,0.2500,0.6667,6,8,8,0,0,8,8,0.0000
4,216.0000,7,14,422.2284,-82.6967,0.8701,24,0.6000,0.6667,6,7,5,0,0,7,5,0.2857
4,216.0000,7,15,817.5388,-86.8275,0.1225,10,0.2500,1.0000,8,8,8,0,0,8,8,0.0000
4,216.0000,7,16,494.0375,-84.8528,0.0347,19,0.4750,0.6667,6,7,6,0,0,7,6,0.1429
4,216.0000,7,17,573.1027,-85.1643,-0.2909,17,0.4250,0.6667,6,7,5,0,0,7,5,0.2857
4,216.0000,7,20,507.7988,-84.3121,-0.0274,15,0.3750,0.5714,7,6,4,0,0,6,4,0.3333
4,216.0000,7,22,458.9151,-82.8471,0.0258,18,0.4500,0.7143,7,7,5,0,0,7,5,0.2857
4,216.0000,7,23,624.4905,-85.2735,0.0189,17,0.4250,1.0000,8,7,6,0,0,7,6,0.1429
4,216.0000,7,24,282.6011,-80.6904,0.1660,22,0.5500,0.5714,7,4,0,0,0,4,0,1.0000
4,216.0000,7,26,771.7581,-86.6946,0.1933,13,0.3250,1.0000,8,8,8,0,0,8,8,0.0000
4,216.0000,7,29,736.3603,-86.0459,-0.6395,8,0.2000,0.8571,7,8,8,0,0,8,8,0.0000
4,216.0000,7,31,695.6151,-85.3438,-0.2086,9,0.2250,0.9231,13,8,8,0,0,8,8,0.0000
4,216.0000,7,33,470.1188,-83.2859,0.1449,17,0.4250,0.6667,6,7,4,0,0,7,4,0.4286
4,216.0000,7,34,808.0555,-87.2600,0.4493,4,0.1000,1.0000,8,8,8,0,0,8,8,0.0000
4,216.0000,7,35,477.6467,-82.9176,0.5333,24,0.6000,0.7500,8,8,6,0,0,8,6,0.2500
4,216.0000,7,37,283.8123,-79.1580,0.8927,24,0.6000,0.5000,6,4,1,0,0,4,1,0.7500
4,216.0000,7,38,575.1369,-85.6790,0.0109,15,0.3750,0.7143,7,7,6,0,0,7,6,0.1429
4,216.0000,7,41,315.0211,-80.6413,-0.1407,20,0.5000,0.4000,5,5,2,0,0,5,2,0.6000
4,216.0000,7,42,579.6374,-84.6453,0.5457,18,0.4500,0.8571,7,5,2,0,0,5,2,0.6000
4,216.0000,7,43,534.2057,-85.2409,0.2876,18,0.4500,0.6667,6,5,2,0,0,5,2,0.6000
4,216.0000,7,47,711.3695,-85.7957,-0.4408,10,0.2500,1.0000,8,6,3,0,0,6,3,0.5000
4,216.0000,8,2,773.8311,-86.0074,0.1497,11,0.2750,0.8750,8,8,8,0,0,8,8,0.0000
4,216.0000,8,3,1020.5397,-88.2505,0.1215,6,0.1500,0.8571,7,5,4,0,0,5,4,0.2000
4,216.0000,8,4,478.4846,-84.1514,0.1073,12,0.3000,0.4000,5,7,6,0,0,7,6,0.1429
4,216.0000,8,5,482.9591,-83.9671,0.2047,17,0.4250,0.8750,8,7,6,0,0,7,6,0.1429
4,216.0000,8,7,595.8817,-85.1142,-0.1346,10,0.2500,0.7500,8,7,6,0,0,7,6,0.1429
4,216.0000,8,10,702.7654,-85.8744,0.5484,11,0.2750,1.0000,8,8,7,0,0,8,7,0.1250
4,216.0000,8,11,852.5133,-88.5698,0.7720,7,0.1750,1.0000,8,7,6,0,0,7,6,0.1429
4,216.0000,8,12,497.9034,-85.6075,0.6381,12,0.3000,1.0000,8,7,6,0,0,7,6,0.1429
4,216.0000,8,13,311.3368,-80.1881,1.4509,22,0.5500,0.7500,8,7,4,0,0,7,4,0.4286
4,216.0000,8,14,889.8285,-85.8355,0.1614,6,0.1500,1.0000,8,7,6,0,0,7,6,0.1429
4,216.0000,8,15,621.6747,-85.6296,-0.0735,10,0.2500,0.6667,6,8,8,0,0,8,8,0.0000
4,216.0000,8,16,834.2131,-86.8647,-0.2559,7,0.1750,1.0000,4,6,6,0,0,6,6,0.0000
4,216.0000,8,17,913.0442,-87.6695,0.2545,5,0.1250,1.0000,8,8,7,0,0,8,7,0.1250
4,216.0000,8,20,540.8453,-85.8830,-0.6228,9,0.2250,0.6667,6,6,4,0,0,6,4,0.3333
4,216.0000,8,22,692.8785,-86.1002,-0.2425,11,0.2750,1.0000,8,8,8,0,0,8,8,0.0000
4,216.0000,8,23,839.3887,-87.9796,0.6039,6,0.1500,1.0000,8,8,8,0,0,8,8,0.0000
4,216.0000,8,24,832.2011,-86.4901,1.4318,5,0.1250,1.0000,8,8,7,0,0,8,7,0.1250
4,216.0000,8,26,423.1261,-80.7960,-0.7062,27,0.6750,0.5000,6,8,8,0,0,8,8,0.0000
4,216.0000,8,28,843.5477,-87.0661,-0.0385,5,0.1250,1.0000,8,8,8,0,0,8,8,0.0000
4,216.0000,8,29,466.1470,-81.4670,-0.3412,25,0.6250,0.8571,7,7,6,0,0,7,6,0.1429
4,216.0000,8,30,952.7216,-88.1326,0.9009,3,0.0750,1.0000,8,2,2,0,0,2,2,0.0000
4,216.0000,8,31,318.7071,-79.5208,0.5037,22,0.5500,0.2000,5,5,2,0,0,5,2,0.6000
4,216.0000,8,33,857.4048,-88.3220,-0.2076,6,0.1500,1.0000,8,6,4,0,0,6,4,0.3333
4,216.0000,8,34,459.9955,-83.6794,0.3645,12,0.3000,0.5714,7,8,5,0,0,8,5,0.3750
4,216.0000,8,35,973.8781,-88.3933,0.5352,6,0.1500,1.0000,8,8,8,0,0,8,8,0.0000
4,216.0000,8,37,830.9628,-88.8747,0.2267,4,0.1000,1.0000,8,8,8,0,0,8,8,0.0000
4,216.0000,8,39,848.8523,-88.2539,0.6555,8,0.2000,1.0000,8,8,8,0,0,8,8,0.0000
4,216.0000,8,41,444.0116,-83.4356,0.7613,13,0.3250,0.2000,5,6,4,0,0,6,4,0.3333
4,216.0000,8,42,649.9602,-85.8245,0.6625,14,0.3500,0.8750,8,4,4,0,0,4,4,0.0000
4,216.0000,8,43,642.0263,-85.5704,0.2365,8,0.2000,0.8571,7,8,8,0,0,8,8,0.0000
4,216.0000,8,46,689.0902,-86.1842,0.1676,9,0.2250,1.0000,8,8,7,0,0,8,7,0.1250
4,216.0000,9,0,412.3805,-83.0218,0.7481,19,0.4750,0.2000,5,5,1,0,0,5,1,0.8000
4,216.0000,9,1,262.6933,-80.1120,0.7360,34,0.8500,0.0000,4,4,0,0,0,4,0,1.0000
4,216.0000,9,18,296.5207,-80.4931,1.0312,32,0.8000,0.0000,4,5,1,0,0,5,1,0.8000
4,216.0000,9,21,805.4387,-87.5003,-0.3373,6,0.1500,1.0000,8,8,8,0,0,8,8,0.0000
4,216.0000,9,25,329.2616,-80.7211,0.3860,32,0.8000,0.4000,5,4,0,0,0,4,0,1.0000
4,216.0000,9,27,307.3841,-79.6738,-0.2047,31,0.7750,0.5000,6,4,0,0,0,4,0,1.0000
4,216.0000,9,28,830.8053,-86.7423,1.1192,4,0.1000,1.0000,8,8,7,0,0,8,7,0.1250
4,216.0000,9,32,613.3762,-85.0379,-0.4523,18,0.4500,0.8571,7,6,4,0,0,6,4,0.3333
4,216.0000,9,36,848.8787,-87.3098,0.4991,6,0.1500,0.8750,8,8,8,0,0,8,8,0.0000
4,216.0000,9,39,701.7218,-86.1778,1.2295,5,0.1250,1.0000,8,8,8,0,0,8,8,0.0000
4,216.0000,9,40,181.0336,-76.3573,0.7119,34,0.8500,0.0000,4,4,0,0,0,4,0,1.0000
4,216.0000,9,44,835.5396,-86.8547,-0.4492,5,0.1250,1.0000,6,6,5,0,0,6,5,0.1667
4,216.0000,9,45,862.5059,-86.8849,0.0845,5,0.1250,1.0000,8,8,8,0,0,8,8,0.0000
4,216.0000,9,46,750.6051,-86.1577,2.7302,3,0.0750,1.0000,8,7,5,0,0,7,5,0.2857
4,216.0000,10,2,159.5982,-72.4524,-0.2815,34,0.8293,0.2000,5,5,1,0,0,5,1,0.8000
4,216.0000,10,3,640.7927,-84.9900,-0.6790,21,0.5122,0.5714,7,7,6,0,0,7,6,0.1429
4,216.0000,10,4,312.1781,-78.0635,-0.1598,34,0.8293,0.7500,8,6,4,0,0,6,4,0.3333
4,216.0000,10,5,927.9398,-88.2115,-0.0674,4,0.0976,1.0000,4,8,8,0,0,8,8,0.0000
4,216.0000,10,6,657.8340,-85.7486,-0.0101,17,0.4146,0.7143,7,8,7,0,0,8,7,0.1250
4,216.0000,10,7,309.8671,-78.4412,-0.1373,29,0.7073,0.3333,6,6,3,0,0,6,3,0.5000
4,216.0000,10,8,702.7654,-85.9740,0.2642,10,0.2439,0.8571,7,8,8,0,0,8,8,0.0000
4,216.0000,10,11,259.1771,-77.9145,0.3961,30,0.7317,0.0000,4,6,3,0,0,6,3,0.5000
4,216.0000,10,13,912.1373,-87.7370,0.1592,6,0.1463,1.0000,12,8,8,0,0,8,8,0.0000
4,216.0000,10,14,281.4841,-79.9061,0.1748,33,0.8049,0.2000,5,6,2,0,0,6,2,0.6667
4,216.0000,10,15,1076.9798,-87.3586,-0.6892,6,0.1463,1.0000,4,4,4,0,0,4,4,0.0000
4,216.0000,10,16,213.2829,-78.4957,1.6141,33,0.8049,0.4000,5,4,0,0,0,4,0,1.0000
4,216.0000,10,17,315.2727,-81.1466,0.8370,32,0.7805,0.5000,4,7,5,0,0,7,5,0.2857
4,216.0000,10,20,678.1135,-84.7030,-0.9303,13,0.3171,1.0000,8,8,6,0,0,8,6,0.2500
4,216.0000,10,22,403.2069,-80.1443,-1.0427,25,0.6098,0.8571,7,6,3,0,0,6,3,0.5000
4,216.0000,10,23,665.6359,-84.8265,-0.2084,16,0.3902,0.8750,8,7,5,0,0,7,5,0.2857
4,216.0000,10,24,267.0308,-78.0647,-0.1864,33,0.8049,0.2000,5,8,5,0,0,8,5,0.3750
4,216.0000,10,26,839.1982,-86.5040,-1.9005,4,0.0976,0.8000,5,4,4,0,0,4,4,0.0000
4,216.0000,10,29,820.8231,-88.0235,-0.3445,6,0.1463,1.0000,8,8,8,0,0,8,8,0.0000
4,216.0000,10,31,884.5747,-87.7950,-0.5052,6,0.1463,1.0000,8,8,8,0,0,8,8,0.0000
4,216.0000,10,33,543.1071,-82.0780,-1.1944,22,0.5366,0.7143,7,7,6,0,0,7,6,0.1429
4,216.0000,10,35,278.5064,-79.3766,0.6701,33,0.8049,0.4000,5,4,0,0,0,4,0,1.0000
4,216.0000,10,37,228.0408,-77.1543,-0.0518,33,0.8049,0.0000,4,5,1,0,0,5,1,0.8000
4,216.0000,10,38,494.3807,-83.3518,-0.2836,25,0.6098,0.8571,7,6,4,0,0,6,4,0.3333
4,216.0000,10,41,499.4407,-81.5673,-1.2926,14,0.3415,0.8750,8,7,6,0,0,7,6,0.1429
4,216.0000,10,42,398.3837,-81.4370,0.3576,29,0.7073,0.7143,7,5,1,0,0,5,1,0.8000
4,216.0000,10,43,695.7868,-85.7875,-1.1154,10,0.2439,1.0000,8,8,8,0,0,8,8,0.0000
4,216.0000,10,47,711.5929,-85.6281,0.0320,16,0.3902,0.8750,8,8,8,0,0,8,8,0.0000
4,216.0000,11,2,235.0806,-79.6395,1.0016,31,0.7949,0.4000,5,4,0,0,0,4,0,1.0000
4,216.0000,11,3,445.7891,-81.3678,-0.7557,29,0.7436,0.7143,7,6,4,0,0,6,4,0.3333
4,216.0000,11,4,494.2276,-82.9484,-0.1533,18,0.4615,0.7143,7,7,5,0,0,7,5,0.2857
4,216.0000,11,6,419.5459,-81.9919,-0.2847,30,0.7692,0.6250,8,5,2,0,0,5,2,0.6000
4,216.0000,11,7,318.6447,-81.1751,0.7037,22,0.5641,0.5000,6,4,0,0,0,4,0,1.0000
4,216.0000,11,10,259.1771,-78.6056,0.6955,32,0.8205,0.6667,6,8,4,0,0,8,4,0.5000
4,216.0000,11,14,356.9507,-81.1344,0.0541,30,0.7692,0.4000,5,7,6,0,0,7,6,0.1429
4,216.0000,11,16,409.9186,-82.6383,1.0982,27,0.6923,0.5000,6,6,3,0,0,6,3,0.5000
4,216.0000,11,17,356.2515,-81.2157,-0.4098,29,0.7436,0.7143,7,6,2,0,0,6,2,0.6667
4,216.0000,11,20,656.6470,-85.2024,-0.0798,9,0.2308,0.8750,8,8,8,0,0,8,8,0.0000
4,216.0000,11,22,398.2558,-81.7286,0.4300,24,0.6154,0.9000,10,4,0,0,0,4,0,1.0000
4,216.0000,11,23,569.2250,-84.9176,-0.2846,12,0.3077,0.6667,6,8,6,0,0,8,6,0.2500
4,216.0000,11,24,44.6801,-63.5043,2.3049,35,0.8974,0.0000,4,4,0,0,0,4,0,1.0000
4,216.0000,11,33,375.9889,-80.6230,-0.4768,27,0.6923,0.4000,5,7,5,0,0,7,5,0.2857
4,216.0000,11,35,252.6842,-76.0768,-0.4596,38,0.9744,0.3333,6,5,1,0,0,5,1,0.8000
4,216.0000,11,37,69.5292,-67.4629,1.3937,35,0.8974,0.0000,4,4,0,0,0,4,0,1.0000
4,216.0000,11,38,272.9625,-77.6858,-1.2139,36,0.9231,0.0000,4,5,2,0,0,5,2,0.6000
4,216.0000,11,41,516.1859,-84.7504,-0.3269,10,0.2564,0.9000,30,4,0,0,0,4,0,1.0000
4,216.0000,11,42,654.9451,-85.6549,0.0235,13,0.3333,1.0000,8,6,6,0,0,6,6,0.0000
4,216.0000,11,43,638.2832,-86.7728,0.2911,11,0.2821,1.0000,8,8,7,0,0,8,7,0.1250
4,216.0000,11,47,469.4454,-82.3171,0.1946,29,0.7436,0.4000,5,7,6,0,0,7,6,0.1429
4,216.0000,12,4,897.5323,-87.3322,0.8349,3,0.0769,1.0000,6,6,6,0,0,6,6,0.0000
4,216.0000,12,5,751.1470,-86.8596,-0.5963,3,0.0769,0.7500,4,5,4,0,0,5,4,0.2000
4,216.0000,12,7,912.0048,-88.9143,-0.3969,3,0.0769,1.0000,8,8,8,0,0,8,8,0.0000
4,216.0000,12,8,497.9034,-84.9913,-0.2404,6,0.1538,1.0000,10,6,3,0,0,6,3,0.5000
4,216.0000,12,13,372.0867,-80.7947,-0.1655,15,0.3846,1.0000,8,8,7,0,0,8,7,0.1250
4,216.0000,12,15,308.7924,-80.3594,0.8147,20,0.5128,0.8571,7,7,4,0,0,7,4,0.4286
4,216.0000,12,19,548.4840,-83.0698,0.0081,16,0.4103,0.8750,8,8,8,0,0,8,8,0.0000
4,216.0000,12,20,611.3532,-84.2976,0.3623,8,0.2051,0.8571,7,8,8,0,0,8,8,0.0000
4,216.0000,12,24,1149.1658,-88.9720,-0.1795,3,0.0769,,0,6,6,0,0,6,6,0.0000
4,216.0000,12,26,796.3364,-85.7917,-0.3255,3,0.0769,1.0000,8,7,6,0,0,7,6,0.1429
4,216.0000,12,28,457.5350,-81.2193,-0.4800,16,0.4103,1.0000,8,8,8,0,0,8,8,0.0000
4,216.0000,12,30,480.1772,-80.9458,-0.9021,16,0.4103,0.6667,6,7,6,0,0,7,6,0.1429
4,216.0000,12,31,464.0907,-82.7825,0.1092,14,0.3590,0.8889,9,7,6,0,0,7,6,0.1429
4,216.0000,12,34,443.7485,-81.4709,0.0369,11,0.2821,0.5000,6,7,5,0,0,7,5,0.2857
4,216.0000,12,36,979.7239,-88.8476,-0.2827,3,0.0769,1.0000,4,4,4,0,0,4,4,0.0000
4,216.0000,12,39,545.8903,-83.1904,-0.2588,15,0.3846,0.7500,8,8,8,7,6,15,14,0.0667
4,216.0000,12,40,953.6851,-86.4111,-0.9309,3,0.0769,0.8571,7,6,6,0,0,6,6,0.0000
4,216.0000,12,41,665.9001,-84.6687,-0.5353,3,0.0769,1.0000,8,8,7,0,0,8,7,0.1250
4,216.0000,12,43,699.5134,-85.8184,0.4188,8,0.2051,1.0000,8,8,8,0,0,8,8,0.0000
4,216.0000,12,44,837.6352,-86.5610,-0.9983,8,0.2051,1.0000,4,8,8,0,0,8,8,0.0000
4,216.0000,12,45,610.1814,-85.8557,0.1517,10,0.2564,1.0000,8,8,7,0,0,8,7,0.1250
4,216.0000,12,46,448.8272,-81.1305,-0.5024,15,0.3846,0.6667,6,8,8,8,8,16,16,0.0000
4,216.0000,13,2,1001.1640,-87.9475,-0.2303,4,0.1000,1.0000,6,8,8,0,0,8,8,0.0000
4,216.0000,13,4,751.4161,-86.9906,-0.4781,5,0.1250,0.8000,5,8,8,0,0,8,8,0.0000
4,216.0000,13,5,392.9618,-81.7369,-0.0651,20,0.5000,0.7143,7,5,2,0,0,5,2,0.6000
4,216.0000,13,7,715.4207,-86.4119,0.3715,7,0.1750,1.0000,8,8,8,0,0,8,8,0.0000
4,216.0000,13,8,311.3368,-79.8700,0.4728,25,0.6250,0.6000,5,5,0,0,0,5,0,1.0000
4,216.0000,13,10,912.1373,-89.1795,0.6233,3,0.0750,0.8000,5,4,4,0,0,4,4,0.0000
4,216.0000,13,12,372.0867,-82.2156,0.4478,13,0.3250,0.0000,4,6,3,0,0,6,3,0.5000
4,216.0000,13,15,446.7611,-81.8512,-0.9597,18,0.4500,0.8571,7,7,5,0,0,7,5,0.2857
4,216.0000,13,19,768.8341,-86.4364,-0.4498,9,0.2250,0.9000,10,6,6,0,0,6,6,0.0000
4,216.0000,13,20,653.0274,-84.4372,-0.7955,5,0.1250,0.8571,7,8,8,0,0,8,8,0.0000
4,216.0000,13,22,921.9666,-87.2415,1.0278,3,0.0750,0.8889,9,6,6,0,0,6,6,0.0000
4,216.0000,13,23,1015.1279,-87.0651,-0.8138,3,0.0750,1.0000,8,4,4,0,0,4,4,0.0000
4,216.0000,13,24,988.8181,-88.9031,-0.8033,3,0.0750,1.0000,4,8,7,0,0,8,7,0.1250
4,216.0000,13,26,463.8429,-81.6458,-1.0189,17,0.4250,0.4000,5,7,6,0,0,7,6,0.1429
4,216.0000,13,28,587.7890,-84.0609,-0.0189,14,0.3500,1.0000,8,5,2,0,0,5,2,0.6000
4,216.0000,13,29,473.4821,-83.4759,-0.5393,18,0.4500,0.8571,7,7,6,0,0,7,6,0.1429
4,216.0000,13,30,752.2834,-85.7154,0.5397,5,0.1250,1.0000,8,4,4,0,0,4,4,0.0000
4,216.0000,13,31,92.3323,-68.0099,0.1427,35,0.8750,0.5000,6,4,0,0,0,4,0,1.0000
4,216.0000,13,33,1005.7568,-88.7405,-0.2622,3,0.0750,1.0000,6,8,8,0,0,8,8,0.0000
4,216.0000,13,34,156.0538,-75.1626,0.8365,27,0.6750,0.0000,4,4,0,0,0,4,0,1.0000
4,216.0000,13,37,991.6214,-89.0878,-0.5419,3,0.0750,1.0000,6,10,10,0,0,10,10,0.0000
4,216.0000,13,39,579.7302,-83.2362,-0.1970,15,0.3750,1.0000,8,7,6,0,0,7,6,0.1429
4,216.0000,13,41,585.0432,-83.6050,0.5154,11,0.2750,1.0000,8,8,8,0,0,8,8,0.0000
4,216.0000,13,42,880.3644,-87.8920,-0.2249,4,0.1000,1.0000,4,4,4,0,0,4,4,0.0000
4,216.0000,13,43,752.6266,-87.2241,0.3556,7,0.1750,1.0000,8,5,4,0,0,5,4,0.2000
4,216.0000,13,44,1035.2643,-87.9965,-0.1670,4,0.1000,,0,4,4,0,0,4,4,0.0000
4,216.0000,13,45,853.5611,-87.3190,0.1791,3,0.0750,0.6667,3,8,8,0,0,8,8,0.0000
4,216.0000,13,46,418.8596,-80.6763,-1.2027,19,0.4750,0.6667,6,8,8,0,0,8,8,0.0000
4,216.0000,14,2,394.7666,-80.7255,-0.2205,23,0.5750,0.5000,6,5,1,0,0,5,1,0.8000
4,216.0000,14,3,802.1755,-87.0006,0.0999,11,0.2750,1.0000,8,8,8,0,0,8,8,0.0000
4,216.0000,14,4,577.0929,-84.3875,0.0123,14,0.3500,0.7143,7,8,8,0,0,8,8,0.0000
4,216.0000,14,5,985.5183,-88.2216,-0.2150,3,0.0750,1.0000,4,6,6,0,0,6,6,0.0000
4,216.0000,14,6,752.3427,-87.0522,-0.6069,11,0.2750,1.0000,8,7,5,0,0,7,5,0.2857
4,216.0000,14,7,422.2284,-82.3619,0.5381,19,0.4750,0.8571,7,8,6,0,0,8,6,0.2500
4,216.0000,14,8,889.8285,-87.3372,-0.4623,9,0.2250,1.0000,8,8,8,0,0,8,8,0.0000
4,216.0000,14,10,281.4841,-80.6149,0.7843,21,0.5250,0.6667,6,4,0,0,0,4,0,1.0000
4,216.0000,14,11,356.9507,-81.4803,0.2224,21,0.5250,0.2000,5,6,4,0,0,6,4,0.3333
4,216.0000,14,13,1045.7462,-88.5575,0.7415,3,0.0750,1.0000,2,8,8,0,0,8,8,0.0000
4,216.0000,14,16,238.3726,-77.9483,0.7622,32,0.8000,0.5714,7,5,1,0,0,5,1,0.8000
4,216.0000,14,17,497.8820,-84.6404,0.2786,15,0.3750,0.8750,8,6,4,0,0,6,4,0.3333
4,216.0000,14,20,899.9505,-88.1947,-0.0202,6,0.1500,1.0000,8,10,10,0,0,10,10,0.0000
4,216.0000,14,22,665.8631,-85.5119,0.0421,11,0.2750,0.6667,6,8,8,0,0,8,8,0.0000
4,216.0000,14,23,897.9254,-88.7487,0.1191,7,0.1750,1.0000,8,8,8,0,0,8,8,0.0000
4,216.0000,14,24,357.1029,-79.2797,-0.9021,25,0.6250,0.0000,4,7,6,0,0,7,6,0.1429
4,216.0000,14,26,918.4742,-88.6120,-0.9698,4,0.1000,1.0000,6,8,8,0,0,8,8,0.0000
4,216.0000,14,29,873.3190,-88.6465,0.7279,5,0.1250,1.0000,8,8,8,0,0,8,8,0.0000
4,216.0000,14,33,723.3392,-86.9570,-0.2864,13,0.3250,0.8571,7,7,5,0,0,7,5,0.2857
4,216.0000,14,35,215.4102,-75.7120,0.1526,29,0.7250,0.2000,5,5,1,0,0,5,1,0.8000
4,216.0000,14,37,295.7128,-80.2190,0.2802,25,0.6250,0.5000,6,7,5,0,0,7,5,0.2857
4,216.0000,14,38,568.4993,-84.5114,0.8958,18,0.4500,1.0000,8,5,1,0,0,5,1,0.8000
4,216.0000,14,41,708.9974,-87.3269,-1.1139,9,0.2250,0.8571,7,8,8,0,0,8,8,0.0000
4,216.0000,14,42,478.4871,-83.4876,-0.1545,20,0.5000,0.6667,6,8,7,0,0,8,7,0.1250
4,216.0000,14,43,914.4661,-87.9525,0.8904,7,0.1750,1.0000,8,8,8,0,0,8,8,0.0000
4,216.0000,14,47,791.0342,-86.1678,-0.1748,17,0.4250,1.0000,8,8,7,0,0,8,7,0.1250
4,216.0000,15,4,938.0905,-88.0114,-0.2860,5,0.1250,1.0000,5,8,8,0,0,8,8,0.0000
4,216.0000,15,5,821.8347,-88.3579,0.9398,9,0.2250,1.0000,4,6,6,0,0,6,6,0.0000
4,216.0000,15,7,817.5388,-86.6602,-1.1325,6,0.1500,1.0000,8,8,8,0,0,8,8,0.0000
4,216.0000,15,8,621.6747,-85.7966,-0.3894,11,0.2750,1.0000,8,7,6,0,0,7,6,0.1429
4,216.0000,15,10,1076.9798,-89.2577,-0.1684,3,0.0750,1.0000,8,8,8,0,0,8,8,0.0000
4,216.0000,15,12,308.7924,-80.2041,0.9286,29,0.7250,0.7500,8,7,4,0,0,7,4,0.4286
4,216.0000,15,13,446.7611,-81.6978,-0.9729,18,0.4500,0.5000,6,7,6,0,0,7,6,0.1429
4,216.0000,15,19,575.5748,-84.6936,-0.0461,11,0.2750,0.8750,8,8,8,0,0,8,8,0.0000
4,216.0000,15,20,548.2753,-83.6811,0.0741,15,0.3750,0.7143,7,8,8,0,0,8,8,0.0000
4,216.0000,15,22,958.6025,-87.8596,-0.1962,6,0.1500,1.0000,8,8,8,0,0,8,8,0.0000
4,216.0000,15,23,917.3865,-86.5229,-0.0795,5,0.1250,1.0000,8,4,4,0,0,4,4,0.0000
4,216.0000,15,24,1048.6719,-88.7382,-0.2600,4,0.1000,1.0000,8,8,8,0,0,8,8,0.0000
4,216.0000,15,26,902.5137,-87.0715,-0.0679,6,0.1500,0.8571,7,6,6,0,0,6,6,0.0000
4,216.0000,15,27,1053.1525,-88.5714,-0.3431,3,0.0750,1.0000,2,6,6,0,0,6,6,0.0000
4,216.0000,15,28,555.8635,-83.7874,-0.1185,16,0.4000,1.0000,8,5,2,0,0,5,2,0.6000
4,216.0000,15,29,900.4811,-86.6179,-1.4552,6,0.1500,1.0000,8,8,8,0,0,8,8,0.0000
4,216.0000,15,30,597.9318,-84.9858,-0.5425,18,0.4500,1.0000,8,8,8,0,0,8,8,0.0000
4,216.0000,15,31,522.6582,-82.3606,-0.4733,17,0.4250,0.8000,10,6,4,0,0,6,4,0.3333
4,216.0000,15,33,928.5143,-88.6214,0.4840,6,0.1500,1.0000,8,8,8,0,0,8,8,0.0000
4,216.0000,15,34,477.2640,-82.8663,0.2040,18,0.4500,0.7143,7,7,4,0,0,7,4,0.4286
4,216.0000,15,37,1076.3687,-87.5973,0.4160,3,0.0750,0.8750,8,8,8,0,0,8,8,0.0000
4,216.0000,15,39,649.2427,-86.6984,0.4764,15,0.3750,0.7143,7,8,8,0,0,8,8,0.0000
4,216.0000,15,41,607.6158,-84.8755,-1.1826,13,0.3250,1.0000,8,8,7,0,0,8,7,0.1250
4,216.0000,15,43,613.4219,-83.1100,-1.1869,10,0.2500,0.8571,7,8,8,0,0,8,8,0.0000
4,216.0000,15,44,960.6370,-87.6699,-2.4943,5,0.1250,,0,6,6,0,0,6,6,0.0000
4,216.0000,15,45,792.2479,-87.4979,0.5762,6,0.1500,1.0000,8,8,7,0,0,8,7,0.1250
4,216.0000,15,46,567.6956,-83.6284,0.2118,17,0.4250,0.5000,6,10,10,0,0,10,10,0.0000
4,216.0000,16,2,297.8092,-79.4725,-0.2844,20,0.5000,0.6269,67,7,5,16,10,23,15,0.3478
4,216.0000,16,3,810.3060,-86.4719,-2.0743,5,0.1250,1.0000,8,8,7,0,0,8,7,0.1250
4,216.0000,16,4,447.7829,-82.1493,-0.1445,17,0.4250,0.8571,7,8,6,0,0,8,6,0.2500
4,216.0000,16,5,993.0239,-87.8841,-1.4056,3,0.0750,,0,6,6,0,0,6,6,0.0000
4,216.0000,16,6,828.0576,-87.8428,0.7268,4,0.1000,1.0000,8,8,7,0,0,8,7,0.1250
4,216.0000,16,7,494.0375,-83.5605,-1.4417,10,0.2500,0.9710,69,7,6,0,0,7,6,0.1429
4,216.0000,16,10,213.2829,-78.1515,1.2952,20,0.5000,0.8421,19,4,0,0,0,4,0,1.0000
4,216.0000,16,11,409.9186,-83.0455,1.3109,15,0.3750,0.5000,6,7,4,0,0,7,4,0.4286
4,216.0000,16,14,238.3726,-78.3259,0.1588,26,0.6500,0.3333,6,4,0,0,0,4,0,1.0000
4,216.0000,16,17,358.8872,-82.2689,-0.5913,17,0.4250,0.6667,6,5,2,0,0,5,2,0.6000
4,216.0000,16,20,886.0620,-89.1920,0.1857,3,0.0750,0.8571,7,8,8,0,0,8,8,0.0000
4,216.0000,16,22,583.0893,-85.5593,-1.0932,7,0.1750,0.7143,7,8,7,0,0,8,7,0.1250
4,216.0000,16,23,856.6279,-88.9689,0.4898,4,0.1000,1.0000,8,6,6,0,0,6,6,0.0000
4,216.0000,16,24,426.9080,-84.0711,-1.0451,16,0.4000,0.7143,7,6,2,0,0,6,2,0.6667
4,216.0000,16,29,864.7684,-87.0580,1.9424,4,0.1000,1.0000,8,8,8,0,0,8,8,0.0000
4,216.0000,16,31,1009.9877,-88.8884,-0.8861,3,0.0750,1.0000,6,8,8,0,0,8,8,0.0000
4,216.0000,16,33,737.0340,-85.6689,1.1142,6,0.1500,1.0000,8,8,8,0,0,8,8,0.0000
4,216.0000,16,35,267.0861,-80.0942,1.5289,20,0.5000,0.5714,7,5,2,0,0,5,2,0.6000
4,216.0000,16,37,372.3990,-83.3744,1.1113,15,0.3750,0.8571,7,8,5,0,0,8,5,0.3750
4,216.0000,16,38,599.2424,-85.6795,0.3974,10,0.2500,1.0000,8,8,8,0,0,8,8,0.0000
4,216.0000,16,41,703.9688,-87.3159,-0.5971,6,0.1500,0.8571,7,6,3,0,0,6,3,0.5000
4,216.0000,16,42,329.6398,-77.2780,-1.3995,37,0.9250,0.5000,6,6,4,122,107,128,111,0.1328
4,216.0000,16,43,906.7027,-87.6399,-0.7679,3,0.0750,1.0000,8,8,8,0,0,8,8,0.0000
4,216.0000,16,47,842.2417,-88.5045,-0.5752,4,0.1000,1.0000,4,7,5,0,0,7,5,0.2857
4,216.0000,17,2,177.7593,-76.1717,0.4846,30,0.7500,0.6250,8,3,0,0,0,3,0,1.0000
4,216.0000,17,3,562.5244,-83.7669,-0.2862,18,0.4500,0.5000,6,6,4,0,0,6,4,0.3333
4,216.0000,17,4,440.7111,-83.1640,-0.0682,18,0.4500,0.0000,3,7,5,0,0,7,5,0.2857
4,216.0000,17,6,666.6144,-85.9704,0.1604,14,0.3500,0.8571,7,8,7,0,0,8,7,0.1250
4,216.0000,17,7,573.1027,-84.4930,0.4881,11,0.2750,0.8750,8,8,8,0,0,8,8,0.0000
4,216.0000,17,8,913.0442,-88.3223,0.4718,4,0.1000,1.0000,8,8,8,0,0,8,8,0.0000
4,216.0000,17,10,315.2727,-80.8639,0.5874,23,0.5750,0.4000,5,4,0,0,0,4,0,1.0000
4,216.0000,17,11,356.2515,-80.1104,0.1493,31,0.7750,0.7143,7,5,1,0,0,5,1,0.8000
4,216.0000,17,14,497.8820,-83.5032,-0.5871,22,0.5500,0.2000,5,6,4,0,0,6,4,0.3333
4,216.0000,17,16,358.8872,-82.2780,0.3699,18,0.4500,0.7500,8,5,2,0,0,5,2,0.6000
4,216.0000,17,20,786.3381,-88.2197,1.2445,6,0.1500,1.0000,8,7,6,0,0,7,6,0.1429
4,216.0000,17,22,372.4111,-80.5864,0.4102,22,0.5500,0.8571,7,6,3,0,0,6,3,0.5000
4,216.0000,17,23,614.1287,-86.4023,-0.2446,14,0.3500,0.8571,7,7,6,0,0,7,6,0.1429
4,216.0000,17,24,395.4589,-81.2278,0.3072,25,0.6250,0.8571,7,5,2,0,0,5,2,0.6000
4,216.0000,17,33,543.7195,-84.9917,-0.2747,15,0.3750,0.8571,7,7,5,0,0,7,5,0.2857
4,216.0000,17,35,345.7025,-80.2268,-0.6347,30,0.7500,0.4000,5,7,5,0,0,7,5,0.2857
4,216.0000,17,37,383.8960,-81.7929,1.2049,22,0.5500,0.0000,4,6,4,0,0,6,4,0.3333
4,216.0000,17,38,400.0364,-81.4248,-0.2932,26,0.6500,0.3333,6,6,4,0,0,6,4,0.3333
4,216.0000,17,41,669.9674,-86.4918,-0.7919,8,0.2000,0.7143,7,8,8,0,0,8,8,0.0000
4,216.0000,17,42,591.9516,-85.7891,-0.5429,14,0.3500,0.8571,7,8,7,0,0,8,7,0.1250
4,216.0000,17,43,774.0569,-87.5068,-0.0258,5,0.1250,1.0000,8,7,6,0,0,7,6,0.1429
4,216.0000,17,47,623.1960,-84.8789,0.6692,16,0.4000,0.8571,7,6,4,0,0,6,4,0.3333
4,216.0000,18,0,464.1759,-83.0532,-0.0662,29,0.7250,0.8571,7,6,3,0,0,6,3,0.5000
4,216.0000,18,1,275.9013,-78.8886,0.3416,39,0.9750,0.0000,4,6,2,0,0,6,2,0.6667
4,216.0000,18,9,296.5207,-80.4040,0.5225,36,0.9000,0.2000,5,4,0,0,0,4,0,1.0000
4,216.0000,18,19,949.5142,-88.7334,0.2531,3,0.0750,1.0000,6,8,8,0,0,8,8,0.0000
4,216.0000,18,21,839.9522,-86.7265,0.5846,9,0.2250,0.8750,8,8,7,0,0,8,7,0.1250
4,216.0000,18,25,336.4133,-78.1990,-0.9835,37,0.9250,0.0000,4,5,2,0,0,5,2,0.6000
4,216.0000,18,27,354.5052,-79.6656,-0.4376,30,0.7500,0.3333,6,6,3,0,0,6,3,0.5000
4,216.0000,18,28,767.0297,-88.1281,2.2021,4,0.1000,1.0000,8,8,8,0,0,8,8,0.0000
4,216.0000,18,29,1144.6866,-89.3597,-0.1030,3,0.0750,1.0000,4,4,4,0,0,4,4,0.0000
4,216.0000,18,32,543.4030,-82.8746,-0.5626,26,0.6500,0.5000,6,7,5,0,0,7,5,0.2857
4,216.0000,18,36,793.3298,-86.0610,-0.1317,17,0.4250,0.8571,7,8,7,0,0,8,7,0.1250
4,216.0000,18,39,623.2451,-85.4445,0.3022,8,0.2000,1.0000,8,5,2,0,0,5,2,0.6000
4,216.0000,18,40,363.4001,-82.1470,0.6474,23,0.5750,0.6667,6,6,4,0,0,6,4,0.3333
4,216.0000,18,44,798.8922,-86.2961,-0.2075,10,0.2500,0.4000,5,8,8,0,0,8,8,0.0000
4,216.0000,18,45,883.4509,-87.3276,0.2867,5,0.1250,1.0000,8,8,8,0,0,8,8,0.0000
4,216.0000,18,46,699.0820,-86.9047,1.0140,5,0.1250,1.0000,8,7,5,0,0,7,5,0.2857
4,216.0000,19,0,771.0664,-85.4104,0.2777,13,0.3250,0.8571,7,7,6,0,0,7,6,0.1429
4,216.0000,19,8,1010.0095,-88.5412,-0.0895,3,0.0750,1.0000,8,4,4,0,0,4,4,0.0000
4,216.0000,19,9,1030.5534,-88.8001,1.3299,5,0.1250,1.0000,8,7,6,0,0,7,6,0.1429
4,216.0000,19,12,548.4840,-83.7635,-0.5577,12,0.3000,0.6667,6,6,4,0,0,6,4,0.3333
4,216.0000,19,13,768.8341,-85.2697,-0.9406,5,0.1250,1.0000,10,8,8,0,0,8,8,0.0000
4,216.0000,19,15,575.5748,-85.1636,0.0078,6,0.1500,0.8571,7,8,8,0,0,8,8,0.0000
4,216.0000,19,18,949.5142,-88.4301,0.6941,4,0.1000,1.0000,8,6,6,0,0,6,6,0.0000
4,216.0000,19,20,1087.2824,-87.3515,0.5029,4,0.1000,1.0000,8,8,8,0,0,8,8,0.0000
4,216.0000,19,21,712.4154,-85.8523,0.9165,15,0.3750,0.7500,8,8,7,0,0,8,7,0.1250
4,216.0000,19,25,1038.4982,-87.8113,-1.2431,4,0.1000,1.0000,10,8,8,0,0,8,8,0.0000
4,216.0000,19,27,726.1930,-86.3564,1.1501,11,0.2750,0.8571,7,8,7,0,0,8,7,0.1250
4,216.0000,19,28,254.6430,-75.8197,-1.0602,27,0.6750,0.0000,4,4,0,0,0,4,0,1.0000
4,216.0000,19,30,184.1517,-75.6795,0.0696,31,0.7750,0.5714,7,5,1,0,0,5,1,0.8000
4,216.0000,19,31,839.9120,-87.5539,-0.1944,4,0.1000,1.0000,8,8,7,0,0,8,7,0.1250
4,216.0000,19,32,752.2708,-86.8671,-0.7231,14,0.3500,1.0000,8,8,8,0,0,8,8,0.0000
4,216.0000,19,34,718.6124,-85.2724,0.4904,7,0.1750,1.0000,8,7,5,0,0,7,5,0.2857
4,216.0000,19,36,529.2579,-84.8628,0.3046,18,0.4500,1.0000,8,5,2,0,0,5,2,0.6000
4,216.0000,19,39,396.7293,-80.4262,0.7647,26,0.6500,0.8571,7,7,4,0,0,7,4,0.4286
4,216.0000,19,40,888.8334,-87.0040,-0.9172,8,0.2000,1.0000,8,4,4,0,0,4,4,0.0000
4,216.0000,19,44,415.4144,-80.8014,-0.1077,29,0.7250,0.3333,6,5,2,0,0,5,2,0.6000
4,216.0000,19,45,365.7995,-81.3408,-0.3056,28,0.7000,0.4000,5,4,2,0,0,4,2,0.5000
4,216.0000,19,46,486.8238,-82.1477,-0.0356,21,0.5250,1.0000,8,8,7,0,0,8,7,0.1250
4,216.0000,20,2,661.3426,-85.9698,0.4089,13,0.3250,0.8571,7,7,5,0,0,7,5,0.2857
4,216.0000,20,3,588.4090,-85.0456,-0.6104,12,0.3000,0.7778,9,6,4,0,0,6,4,0.3333
4,216.0000,20,4,533.4728,-83.5332,0.1703,18,0.4500,1.0000,8,7,6,0,0,7,6,0.1429
4,216.0000,20,5,946.3657,-86.3347,-0.2068,4,0.1000,,0,6,6,0,0,6,6,0.0000
4,216.0000,20,6,629.7325,-85.4259,0.0096,14,0.3500,1.0000,8,8,6,0,0,8,6,0.2500
4,216.0000,20,7,507.7988,-85.1540,0.5359,15,0.3750,1.0000,12,8,8,0,0,8,8,0.0000
4,216.0000,20,8,540.8453,-84.5094,0.0289,14,0.3500,0.8750,8,9,8,0,0,9,8,0.1111
4,216.0000,20,10,678.1135,-84.7946,-1.0722,14,0.3500,1.0000,6,7,6,0,0,7,6,0.1429
4,216.0000,20,11,656.6470,-86.9497,0.1610,13,0.3250,0.8750,8,8,7,0,0,8,7,0.1250
4,216.0000,20,12,611.3532,-84.7885,0.3422,10,0.2500,0.8571,7,7,6,135,132,142,138,0.0282
4,216.0000,20,13,653.0274,-85.8714,0.6377,12,0.3000,0.8333,12,8,8,0,0,8,8,0.0000
4,216.0000,20,14,899.9505,-86.1263,-1.0451,4,0.1000,1.0000,8,4,4,0,0,4,4,0.0000
4,216.0000,20,15,548.2753,-83.6694,0.2787,17,0.4250,0.7500,12,8,8,0,0,8,8,0.0000
4,216.0000,20,16,886.0620,-87.5651,-0.8366,6,0.1500,1.0000,8,8,8,0,0,8,8,0.0000
4,216.0000,20,17,786.3381,-86.5009,0.3646,10,0.2500,0.6667,6,8,8,0,0,8,8,0.0000
4,216.0000,20,19,1087.2824,-88.7546,-0.5305,3,0.0750,1.0000,6,4,4,0,0,4,4,0.0000
4,216.0000,20,22,431.5286,-83.0758,-0.4899,19,0.4750,0.9155,71,7,6,0,0,7,6,0.1429
4,216.0000,20,23,382.2931,-80.7888,-0.0399,27,0.6750,0.8571,7,6,3,0,0,6,3,0.5000
4,216.0000,20,24,636.1889,-85.4581,1.0988,11,0.2750,0.8750,8,9,8,0,0,9,8,0.1111
4,216.0000,20,26,927.2573,-87.3939,0.0972,8,0.2000,1.0000,6,6,6,0,0,6,6,0.0000
4,216.0000,20,28,1040.2035,-87.5915,-0.4530,3,0.0750,1.0000,8,8,8,0,0,8,8,0.0000
4,216.0000,20,29,935.2545,-87.7480,0.4017,6,0.1500,1.0000,8,6,6,0,0,6,6,0.0000
4,216.0000,20,31,699.3804,-85.3870,-1.2469,9,0.2250,0.8571,7,8,8,0,0,8,8,0.0000
4,216.0000,20,33,435.5097,-82.2504,0.2274,19,0.4750,0.8750,8,7,6,0,0,7,6,0.1429
4,216.0000,20,34,779.2146,-87.1164,0.3971,7,0.1750,1.0000,8,8,8,0,0,8,8,0.0000
4,216.0000,20,35,883.5479,-87.2137,-0.7417,7,0.1750,0.8750,8,8,8,0,0,8,8,0.0000
4,216.0000,20,37,675.5186,-84.7762,0.4538,13,0.3250,0.9344,61,8,8,8,7,16,15,0.0625
4,216.0000,20,38,787.3779,-86.7380,-0.0081,8,0.2000,1.0000,14,7,6,0,0,7,6,0.1429
4,216.0000,20,39,1115.2311,-88.9552,-0.1298,5,0.1250,1.0000,6,4,4,0,0,4,4,0.0000
4,216.0000,20,41,208.8827,-74.7704,-0.2790,31,0.7750,0.0000,4,5,1,0,0,5,1,0.8000
4,216.0000,20,42,900.6116,-87.4183,-0.2149,6,0.1500,1.0000,4,8,8,0,0,8,8,0.0000
4,216.0000,20,43,104.4850,-71.0157,-0.0953,35,0.8750,0.0000,5,4,0,0,0,4,0,1.0000
4,216.0000,20,46,989.2105,-87.0754,0.5193,6,0.1500,1.0000,8,4,4,0,0,4,4,0.0000
4,216.0000,20,47,808.3772,-87.7690,-0.1624,11,0.2750,1.0000,6,6,4,0,0,6,4,0.3333
4,216.0000,21,0,398.2031,-80.8772,0.1038,31,0.7750,0.6667,6,5,1,0,0,5,1,0.8000
4,216.0000,21,1,839.9355,-86.9822,-0.4960,8,0.2000,1.0000,8,9,8,0,0,9,8,0.1111
4,216.0000,21,9,805.4387,-87.9882,-0.1668,11,0.2750,1.0000,8,7,6,0,0,7,6,0.1429
4,216.0000,21,18,839.9522,-87.5335,-0.8070,8,0.2000,0.8750,8,7,5,0,0,7,5,0.2857
4,216.0000,21,19,712.4154,-86.3982,0.1526,10,0.2500,0.7143,7,7,6,0,0,7,6,0.1429
4,216.0000,21,25,671.9468,-85.7872,0.1484,15,0.3750,0.8571,7,7,6,0,0,7,6,0.1429
4,216.0000,21,27,596.0458,-86.1075,-0.0428,21,0.5250,0.5714,7,5,2,0,0,5,2,0.6000
4,216.0000,21,28,723.0539,-87.0500,0.4743,10,0.2500,1.0000,10,8,8,0,0,8,8,0.0000
4,216.0000,21,30,649.7685,-87.0982,0.6046,12,0.3000,0.8750,8,7,6,0,0,7,6,0.1429
4,216.0000,21,32,374.0805,-82.1231,0.4118,29,0.7250,0.5000,6,5,1,0,0,5,1,0.8000
4,216.0000,21,36,266.9972,-78.2910,-0.5544,32,0.8000,0.4000,5,4,0,0,0,4,0,1.0000
4,216.0000,21,39,742.0589,-87.3004,1.7480,5,0.1250,1.0000,8,7,6,0,0,7,6,0.1429
4,216.0000,21,40,730.6592,-86.5899,0.5529,13,0.3250,0.8571,7,7,6,0,0,7,6,0.1429
4,216.0000,21,44,304.2253,-80.8489,0.9609,32,0.8000,0.2000,5,5,2,0,0,5,2,0.6000
4,216.0000,21,45,459.9354,-83.0147,-0.7270,23,0.5750,0.6667,6,7,6,0,0,7,6,0.1429
4,216.0000,22,2,302.3142,-80.2623,1.0196,25,0.6250,0.5000,6,5,1,0,0,5,1,0.8000
4,216.0000,22,3,403.7911,-82.3276,-0.7914,23,0.5750,0.5000,6,7,4,0,0,7,4,0.4286
4,216.0000,22,4,324.4556,-76.8168,-1.7700,34,0.8500,0.5000,6,8,7,0,0,8,7,0.1250
4,216.0000,22,5,1084.5431,-89.4725,-0.1182,3,0.0750,,0,4,4,0,0,4,4,0.0000
4,216.0000,22,6,537.0357,-85.5492,0.4278,13,0.3250,0.8571,7,7,6,0,0,7,6,0.1429
4,216.0000,22,7,458.9151,-84.2111,0.4937,19,0.4750,0.7143,7,5,2,0,0,5,2,0.6000
4,216.0000,22,8,692.8785,-85.1956,0.5155,8,0.2000,1.0000,8,8,8,0,0,8,8,0.0000
4,216.0000,22,10,403.2069,-80.6437,-0.8106,21,0.5250,0.4000,5,7,6,0,0,7,6,0.1429
4,216.0000,22,11,398.2558,-82.2488,0.0699,23,0.5750,0.8750,8,7,6,0,0,7,6,0.1429
4,216.0000,22,13,921.9666,-86.6602,-0.3868,5,0.1250,1.0000,8,4,4,0,0,4,4,0.0000
4,216.0000,22,14,665.8631,-84.6358,-0.0598,14,0.3500,0.8889,9,6,6,0,0,6,6,0.0000
4,216.0000,22,15,958.6025,-86.7169,-0.8293,3,0.0750,1.0000,8,8,8,0,0,8,8,0.0000
4,216.0000,22,16,583.0893,-84.1511,0.4080,16,0.4000,0.8750,8,7,5,0,0,7,5,0.2857
4,216.0000,22,17,372.4111,-81.1768,0.1108,28,0.7000,0.8571,7,6,3,0,0,6,3,0.5000
4,216.0000,22,20,431.5286,-81.9149,-0.2004,20,0.5000,0.1667,6,4,2,0,0,4,2,0.5000
4,216.0000,22,23,292.6891,-79.8503,-0.3137,31,0.7750,0.4815,27,5,1,0,0,5,1,0.8000
4,216.0000,22,24,408.3615,-82.3898,0.2990,23,0.5750,1.0000,8,7,5,0,0,7,5,0.2857
4,216.0000,22,26,1002.7268,-87.9727,-0.5248,5,0.1250,0.8000,5,6,6,0,0,6,6,0.0000
4,216.0000,22,29,1011.4575,-88.4380,0.2833,4,0.1000,1.0000,4,8,8,0,0,8,8,0.0000
4,216.0000,22,33,309.8487,-79.3539,-0.0105,29,0.7250,0.2000,5,5,2,0,0,5,2,0.6000
4,216.0000,22,34,1059.5697,-88.6540,1.0125,3,0.0750,1.0000,2,4,4,0,0,4,4,0.0000
4,216.0000,22,35,575.6976,-85.0232,-0.5821,22,0.5500,1.0000,8,7,6,0,0,7,6,0.1429
4,216.0000,22,37,437.7471,-82.2303,-0.1712,23,0.5750,0.6667,6,7,6,0,0,7,6,0.1429
4,216.0000,22,38,485.9575,-84.1673,-0.6032,18,0.4500,0.7143,7,7,5,0,0,7,5,0.2857
4,216.0000,22,41,374.4709,-81.2245,0.4339,24,0.6000,0.2500,8,6,3,0,0,6,3,0.5000
4,216.0000,22,42,692.8846,-85.8334,-0.0159,11,0.2750,0.8750,8,8,8,0,0,8,8,0.0000
4,216.0000,22,43,415.8461,-82.7554,0.3715,20,0.5000,0.7500,8,7,4,0,0,7,4,0.4286
4,216.0000,22,47,599.4265,-85.2501,0.4943,16,0.4000,1.0000,8,7,6,0,0,7,6,0.1429
4,216.0000,23,2,564.3461,-85.6049,0.5737,12,0.3000,0.8750,8,8,8,0,0,8,8,0.0000
4,216.0000,23,3,294.9331,-79.9614,-0.2837,33,0.8250,0.7143,7,5,2,0,0,5,2,0.6000
4,216.0000,23,4,592.2260,-84.1470,-0.7726,16,0.4000,0.8750,8,7,5,0,0,7,5,0.2857
4,216.0000,23,6,462.2448,-84.5330,0.1246,18,0.4500,0.8571,7,10,9,0,0,10,9,0.1000
4,216.0000,23,7,624.4905,-84.9501,-0.2723,11,0.2750,0.8750,8,7,6,0,0,7,6,0.1429
4,216.0000,23,8,839.3887,-87.0967,-0.6333,3,0.0750,0.8750,8,8,8,0,0,8,8,0.0000
4,216.0000,23,10,665.6359,-85.3154,-0.2052,17,0.4250,0.9091,11,8,8,0,0,8,8,0.0000
4,216.0000,23,11,569.2250,-84.4709,0.2305,16,0.4000,0.8571,7,6,5,0,0,6,5,0.1667
4,216.0000,23,14,897.9254,-86.9134,0.4149,7,0.1750,1.0000,8,8,7,0,0,8,7,0.1250
4,216.0000,23,15,917.3865,-88.1730,-0.2755,4,0.1000,1.0000,8,8,8,0,0,8,8,0.0000
4,216.0000,23,16,856.6279,-87.3103,-0.3662,5,0.1250,0.8750,8,8,8,0,0,8,8,0.0000
4,216.0000,23,17,614.1287,-85.2155,0.0909,15,0.3750,0.8750,8,8,8,0,0,8,8,0.0000
4,216.0000,23,20,382.2931,-80.6007,-0.2338,24,0.6000,0.3333,6,7,6,0,0,7,6,0.1429
4,216.0000,23,22,292.6891,-79.9904,-0.1161,24,0.6000,0.8750,8,5,0,0,0,5,0,1.0000
4,216.0000,23,24,571.3125,-85.3901,0.1595,13,0.3250,0.8571,7,6,4,0,0,6,4,0.3333
4,216.0000,23,33,243.7398,-78.2101,-0.1650,32,0.8000,0.6797,128,4,0,97,33,101,33,0.6733
4,216.0000,23,35,791.4808,-87.0271,-0.4832,8,0.2000,1.0000,8,8,7,0,0,8,7,0.1250
4,216.0000,23,37,622.4001,-84.8774,0.0509,16,0.4000,0.8750,8,7,6,0,0,7,6,0.1429
4,216.0000,23,38,564.0217,-84.7426,0.1656,21,0.5250,0.7500,8,7,4,0,0,7,4,0.4286
4,216.0000,23,41,458.7766,-81.9002,-0.2343,22,0.5500,0.8571,7,7,5,0,0,7,5,0.2857
4,216.0000,23,42,977.0942,-87.5643,-0.2520,6,0.1500,1.0000,4,4,4,0,0,4,4,0.0000
4,216.0000,23,43,304.2934,-79.2688,0.0943,30,0.7500,0.6190,21,6,2,0,0,6,2,0.6667
4,216.0000,23,47,546.2860,-84.3758,0.6312,24,0.6000,0.4000,5,8,8,0,0,8,8,0.0000
4,216.0000,24,2,262.6217,-78.7391,0.7316,29,0.7250,0.5000,6,4,0,0,0,4,0,1.0000
4,216.0000,24,3,453.8543,-83.0552,0.1787,24,0.6000,0.2000,5,7,3,0,0,7,3,0.5714
4,216.0000,24,4,496.1354,-83.7308,0.0554,13,0.3250,0.8750,8,8,7,0,0,8,7,0.1250
4,216.0000,24,6,410.4323,-82.8677,-0.0450,23,0.5750,0.7143,7,6,3,0,0,6,3,0.5000
4,216.0000,24,7,282.6011,-80.1518,1.4084,26,0.6500,0.4000,5,4,0,0,0,4,0,1.0000
4,216.0000,24,8,832.2011,-87.9870,0.6592,3,0.0750,1.0000,8,7,5,0,0,7,5,0.2857
4,216.0000,24,10,267.0308,-77.4952,0.2213,28,0.7000,0.8571,7,6,4,0,0,6,4,0.3333
4,216.0000,24,11,44.6801,-63.2784,2.7576,37,0.9250,0.0000,4,4,0,0,0,4,0,1.0000
4,216.0000,24,14,357.1029,-79.9707,-1.6220,32,0.8000,0.4000,5,6,4,0,0,6,4,0.3333
4,216.0000,24,16,426.9080,-83.2070,0.4984,22,0.5500,0.4000,5,5,1,0,0,5,1,0.8000
4,216.0000,24,17,395.4589,-80.6276,-0.5605,29,0.7250,0.5000,6,6,4,0,0,6,4,0.3333
4,216.0000,24,20,636.1889,-85.2346,0.1137,8,0.2000,0.8571,7,8,8,0,0,8,8,0.0000
4,216.0000,24,22,408.3615,-81.8398,0.0331,21,0.5250,0.6667,6,7,5,0,0,7,5,0.2857
4,216.0000,24,23,571.3125,-85.3059,-0.3740,12,0.3000,0.8750,8,9,8,0,0,9,8,0.1111
4,216.0000,24,33,371.2239,-81.0650,0.3737,26,0.6500,0.7143,7,5,2,0,0,5,2,0.6000
4,216.0000,24,35,278.0553,-74.6745,-2.0571,34,0.8500,0.2000,5,6,2,0,0,6,2,0.6667
4,216.0000,24,37,62.0979,-63.4659,3.5055,34,0.8500,0.3333,6,4,0,0,0,4,0,1.0000
4,216.0000,24,38,302.2085,-78.8943,-0.5549,31,0.7750,0.5000,6,5,2,0,0,5,2,0.6000
4,216.0000,24,41,491.7397,-84.5384,0.4279,12,0.3000,1.0000,8,8,7,0,0,8,7,0.1250
4,216.0000,24,42,658.1299,-84.7756,0.1203,13,0.3250,0.7143,7,8,7,0,0,8,7,0.1250
4,216.0000,24,43,620.0042,-86.5175,-0.3817,8,0.2000,1.0000,8,5,2,0,0,5,2,0.6000
4,216.0000,24,47,481.9004,-82.7749,0.0770,24,0.6000,1.0000,8,8,8,0,0,8,8,0.0000
4,216.0000,25,0,328.9409,-80.3247,0.3373,28,0.7000,0.6667,6,6,4,0,0,6,4,0.3333
4,216.0000,25,1,182.6972,-74.6412,0.3085,39,0.9750,0.0000,3,4,0,0,0,4,0,1.0000
4,216.0000,25,9,329.2616,-80.4799,0.1230,33,0.8250,0.0000,4,3,0,0,0,3,0,1.0000
4,216.0000,25,18,336.4133,-78.2183,-1.1274,36,0.9000,0.5000,4,7,3,0,0,7,3,0.5714
4,216.0000,25,19,1038.4982,-88.1036,0.4683,5,0.1250,1.0000,8,8,8,0,0,8,8,0.0000
4,216.0000,25,21,671.9468,-84.8417,0.1985,11,0.2750,0.8571,7,8,7,0,0,8,7,0.1250
4,216.0000,25,27,415.9749,-80.6324,-0.8009,31,0.7750,0.5000,6,7,5,0,0,7,5,0.2857
4,216.0000,25,28,901.6496,-87.9085,-0.2386,6,0.1500,1.0000,8,6,4,0,0,6,4,0.3333
4,216.0000,25,30,1031.0985,-87.8382,-0.7578,6,0.1500,,0,6,6,0,0,6,6,0.0000
4,216.0000,25,32,400.0832,-81.6204,-0.8164,31,0.7750,0.5000,6,5,1,0,0,5,1,0.8000
4,216.0000,25,36,709.5083,-85.5226,0.7951,9,0.2250,0.7500,8,8,8,0,0,8,8,0.0000
4,216.0000,25,39,793.5326,-86.3569,0.0906,8,0.2000,1.0000,8,8,7,0,0,8,7,0.1250
4,216.0000,25,40,431.0229,-81.9653,-0.7218,25,0.6250,0.8571,7,7,6,0,0,7,6,0.1429
4,216.0000,25,44,753.8490,-86.2249,0.0859,14,0.3500,0.8750,8,8,8,0,0,8,8,0.0000
4,216.0000,25,45,882.2272,-86.1621,0.7661,8,0.2000,0.8750,8,8,8,0,0,8,8,0.0000
4,216.0000,26,2,963.5076,-85.3130,0.5696,4,0.0976,1.0000,6,8,8,0,0,8,8,0.0000
4,216.0000,26,4,714.5402,-86.9208,0.6073,9,0.2195,0.8333,6,10,10,0,0,10,10,0.0000
4,216.0000,26,5,189.4152,-74.5150,-0.1800,39,0.9512,0.0000,4,5,1,0,0,5,1,0.8000
4,216.0000,26,7,771.7581,-86.7409,0.0861,5,0.1220,0.8571,7,8,8,0,0,8,8,0.0000
4,216.0000,26,8,423.1261,-80.1253,-0.7838,23,0.5610,0.2500,4,9,7,0,0,9,7,0.2222
4,216.0000,26,9,1097.6761,-89.4537,0.1924,4,0.0976,1.0000,8,2,2,0,0,2,2,0.0000
4,216.0000,26,10,839.1982,-86.6118,-1.4854,4,0.0976,0.8750,8,8,8,0,0,8,8,0.0000
4,216.0000,26,12,796.3364,-86.6356,0.0566,5,0.1220,0.8000,5,8,8,0,0,8,8,0.0000
4,216.0000,26,13,463.8429,-82.6358,0.4412,19,0.4634,1.0000,8,6,3,0,0,6,3,0.5000
4,216.0000,26,14,918.4742,-88.9339,-3.0489,3,0.0732,1.0000,8,6,6,0,0,6,6,0.0000
4,216.0000,26,15,902.5137,-86.3614,-1.9516,3,0.0732,0.8571,7,8,8,0,0,8,8,0.0000
4,216.0000,26,16,885.0659,-88.9041,-0.1362,4,0.0976,1.0000,8,6,6,0,0,6,6,0.0000
4,216.0000,26,20,927.2573,-87.1820,-1.3365,5,0.1220,1.0000,6,6,6,0,0,6,6,0.0000
4,216.0000,26,22,1002.7268,-88.1305,-0.7079,4,0.0976,1.0000,8,6,6,0,0,6,6,0.0000
4,216.0000,26,24,1015.6180,-88.3550,0.5040,4,0.0976,1.0000,4,6,6,0,0,6,6,0.0000
4,216.0000,26,28,961.4521,-87.9044,0.7282,5,0.1220,1.0000,8,2,2,0,0,2,2,0.0000
4,216.0000,26,29,102.2037,-69.8983,0.9780,39,0.9512,0.0000,4,4,0,0,0,4,0,1.0000
4,216.0000,26,30,1154.6928,-87.9922,3.8619,3,0.0732,1.0000,4,4,4,0,0,4,4,0.0000
4,216.0000,26,31,388.1169,-81.5168,-0.0544,20,0.4878,0.6667,6,5,2,0,0,5,2,0.6000
4,216.0000,26,34,504.3304,-83.1087,0.6894,13,0.3171,0.5714,7,7,6,0,0,7,6,0.1429
4,216.0000,26,37,990.8000,-88.8761,0.2387,3,0.0732,1.0000,4,4,3,0,0,4,3,0.2500
4,216.0000,26,39,893.9020,-87.3029,-1.5223,7,0.1707,1.0000,8,8,8,0,0,8,8,0.0000
4,216.0000,26,40,984.7822,-87.2346,0.1321,3,0.0732,1.0000,6,8,8,0,0,8,8,0.0000
4,216.0000,26,41,778.5445,-85.6198,-1.0848,4,0.0976,0.8571,7,8,8,0,0,8,8,0.0000
4,216.0000,26,42,614.2105,-86.2423,-0.2133,7,0.1707,1.0000,8,7,5,0,0,7,5,0.2857
4,216.0000,26,43,1022.8905,-88.9848,1.0984,3,0.0732,1.0000,8,4,4,0,0,4,4,0.0000
4,216.0000,26,46,735.9104,-84.9778,-0.0517,9,0.2195,1.0000,8,7,6,0,0,7,6,0.1429
4,216.0000,27,0,249.4925,-77.5108,0.6152,36,0.9000,0.2000,5,4,0,0,0,4,0,1.0000
4,216.0000,27,1,464.6546,-83.0995,-0.1080,28,0.7000,0.6667,6,6,2,0,0,6,2,0.6667
4,216.0000,27,9,307.3841,-79.2323,0.0243,40,1.0000,0.0000,4,5,1,0,0,5,1,0.8000
4,216.0000,27,12,873.9541,-89.2968,0.1851,3,0.0750,1.0000,8,8,8,0,0,8,8,0.0000
4,216.0000,27,18,354.5052,-80.9236,0.4188,34,0.8500,0.5000,6,6,4,0,0,6,4,0.3333
4,216.0000,27,19,726.1930,-85.7112,0.2672,7,0.1750,1.0000,8,8,8,0,0,8,8,0.0000
4,216.0000,27,21,596.0458,-85.6339,0.2705,19,0.4750,0.8889,9,5,4,0,0,5,4,0.2000
4,216.0000,27,25,415.9749,-80.3139,-0.8781,33,0.8250,0.2000,5,5,2,0,0,5,2,0.6000
4,216.0000,27,28,537.7665,-84.0660,0.2442,13,0.3250,0.8750,8,6,4,0,0,6,4,0.3333
4,216.0000,27,30,693.4550,-86.9499,-0.9845,4,0.1000,0.7143,7,8,7,0,0,8,7,0.1250
4,216.0000,27,32,452.0276,-82.3456,-0.8973,29,0.7250,0.6667,6,8,7,0,0,8,7,0.1250
4,216.0000,27,36,595.3585,-84.8687,-0.0317,23,0.5750,0.2000,5,7,6,0,0,7,6,0.1429
4,216.0000,27,39,427.4704,-84.2964,-0.3860,16,0.4000,0.6667,6,5,1,0,0,5,1,0.8000
4,216.0000,27,40,183.6313,-73.3297,-0.3164,39,0.9750,0.0000,4,4,0,0,0,4,0,1.0000
4,216.0000,27,44,553.5414,-84.8753,0.2115,20,0.5000,0.8571,7,7,6,0,0,7,6,0.1429
4,216.0000,27,45,567.5167,-85.7523,-0.0955,17,0.4250,0.4000,5,8,7,0,0,8,7,0.1250
4,216.0000,27,46,508.7298,-84.1434,-0.0968,8,0.2000,0.5000,6,7,4,0,0,7,4,0.4286
4,216.0000,28,0,653.4797,-86.5722,-0.2424,23,0.5750,1.0000,8,7,6,0,0,7,6,0.1429
4,216.0000,28,1,969.1676,-87.9151,-2.3301,4,0.1000,1.0000,4,6,6,0,0,6,6,0.0000
4,216.0000,28,5,848.0157,-87.3812,-0.8590,6,0.1500,0.6667,3,8,8,0,0,8,8,0.0000
4,216.0000,28,8,843.5477,-86.1279,0.6524,3,0.0750,0.8571,7,8,8,0,0,8,8,0.0000
4,216.0000,28,9,830.8053,-87.2478,-0.2003,13,0.3250,0.8571,7,8,8,0,0,8,8,0.0000
4,216.0000,28,12,457.5350,-81.1713,-1.0917,25,0.6250,0.7143,7,10,9,0,0,10,9,0.1000
4,216.0000,28,13,587.7890,-85.2601,-0.8904,11,0.2750,0.8571,7,7,6,0,0,7,6,0.1429
4,216.0000,28,15,555.8635,-84.0704,0.0618,13,0.3250,0.4000,5,7,5,0,0,7,5,0.2857
4,216.0000,28,18,767.0297,-88.0924,-0.2283,9,0.2250,0.8750,8,6,6,0,0,6,6,0.0000
4,216.0000,28,19,254.6430,-76.0602,-0.7482,39,0.9750,0.0000,4,5,2,0,0,5,2,0.6000
4,216.0000,28,21,723.0539,-87.2142,0.2686,16,0.4000,0.8571,7,8,6,0,0,8,6,0.2500
4,216.0000,28,25,901.6496,-87.5171,0.4175,10,0.2500,1.0000,8,8,8,0,0,8,8,0.0000
4,216.0000,28,26,961.4521,-88.2166,1.6106,3,0.0750,1.0000,8,6,6,0,0,6,6,0.0000
4,216.0000,28,27,537.7665,-85.2123,0.2563,22,0.5500,1.0000,8,6,3,0,0,6,3,0.5000
4,216.0000,28,29,980.5045,-88.1830,0.2371,3,0.0750,1.0000,8,4,4,0,0,4,4,0.0000
4,216.0000,28,30,273.7092,-78.1365,-0.6114,35,0.8750,0.0000,4,6,2,0,0,6,2,0.6667
4,216.0000,28,31,647.7020,-85.1208,-0.1431,9,0.2250,0.5000,6,8,8,0,0,8,8,0.0000
4,216.0000,28,32,704.8281,-85.8206,-0.1146,14,0.3500,1.0000,8,8,7,0,0,8,7,0.1250
4,216.0000,28,34,523.0138,-82.0107,-0.8397,17,0.4250,0.3333,6,8,7,0,0,8,7,0.1250
4,216.0000,28,36,582.8030,-85.5262,0.4415,22,0.5500,0.8750,8,7,4,0,0,7,4,0.4286
4,216.0000,28,39,159.2812,-73.6170,0.3562,34,0.8500,0.0000,4,4,0,1,0,5,0,1.0000
4,216.0000,28,40,679.7972,-85.8253,0.2117,18,0.4500,1.0000,6,9,8,0,0,9,8,0.1111
4,216.0000,28,44,462.7092,-83.7221,-0.0417,25,0.6250,0.6667,6,7,5,0,0,7,5,0.2857
4,216.0000,28,45,364.3348,-82.0760,-0.0088,32,0.8000,0.6667,6,5,2,0,0,5,2,0.6000
4,216.0000,28,46,239.8441,-76.2798,-0.1768,36,0.9000,0.0000,5,7,6,0,0,7,6,0.1429
4,216.0000,29,2,954.7101,-88.7937,-1.6676,4,0.0976,1.0000,6,6,6,0,0,6,6,0.0000
4,216.0000,29,4,732.3596,-87.1030,-0.1238,7,0.1707,0.8750,8,6,4,0,0,6,4,0.3333
4,216.0000,29,5,153.4271,-73.4668,0.0072,36,0.8780,0.0000,4,5,1,0,0,5,1,0.8000
4,216.0000,29,7,736.3603,-87.1637,0.1456,9,0.2195,1.0000,8,8,8,0,0,8,8,0.0000
4,216.0000,29,8,466.1470,-82.1908,-0.1472,20,0.4878,0.8750,8,7,6,0,0,7,6,0.1429
4,216.0000,29,9,1136.3544,-87.6175,0.7680,6,0.1463,1.0000,4,2,2,0,0,2,2,0.0000
4,216.0000,29,10,820.8231,-86.5475,0.4292,4,0.0976,1.0000,8,8,8,60,60,68,68,0.0000
4,216.0000,29,12,828.3591,-87.1991,-0.3593,6,0.1463,1.0000,6,8,8,0,0,8,8,0.0000
4,216.0000,29,13,473.4821,-83.8504,0.0024,18,0.4390,1.0000,8,7,6,0,0,7,6,0.1429
4,216.0000,29,14,873.3190,-87.1285,0.0809,4,0.0976,0.8000,5,8,8,66,66,74,74,0.0000
4,216.0000,29,15,900.4811,-87.6096,-0.4946,3,0.0732,0.8750,8,8,8,0,0,8,8,0.0000
4,216.0000,29,16,864.7684,-87.6642,0.8206,5,0.1220,1.0000,8,8,8,0,0,8,8,0.0000
4,216.0000,29,20,935.2545,-88.7713,0.9206,3,0.0732,1.0000,8,8,8,0,0,8,8,0.0000
4,216.0000,29,26,102.2037,-69.7838,0.4779,40,0.9756,0.2000,5,4,0,0,0,4,0,1.0000
4,216.0000,29,27,1072.2175,-89.6116,0.3645,3,0.0732,,0,4,4,0,0,4,4,0.0000
4,216.0000,29,28,980.5045,-88.0196,1.3464,6,0.1463,1.0000,6,8,8,0,0,8,8,0.0000
4,216.0000,29,31,387.7383,-82.7274,0.2888,22,0.5366,0.8571,7,6,4,0,0,6,4,0.3333
4,216.0000,29,33,1155.1275,-88.4130,-0.3187,3,0.0732,1.0000,4,6,6,0,0,6,6,0.0000
4,216.0000,29,34,496.0598,-84.2654,-0.2655,14,0.3415,1.0000,8,8,7,0,0,8,7,0.1250
4,216.0000,29,35,1040.4763,-88.6287,-1.0565,3,0.0732,1.0000,2,8,8,0,0,8,8,0.0000
4,216.0000,29,39,910.0634,-88.1900,-0.2061,6,0.1463,1.0000,8,8,8,0,0,8,8,0.0000
4,216.0000,29,40,1029.4065,-88.2717,-0.4145,6,0.1463,1.0000,8,8,8,0,0,8,8,0.0000
4,216.0000,29,41,775.7432,-85.4925,-2.5784,3,0.0732,1.0000,8,8,8,0,0,8,8,0.0000
4,216.0000,29,42,614.0968,-85.5745,2.1127,10,0.2439,0.9878,82,6,4,0,0,6,4,0.3333
4,216.0000,29,43,1027.5396,-87.8675,2.4481,4,0.0976,1.0000,8,8,8,0,0,8,8,0.0000
4,216.0000,29,46,753.0587,-86.2424,0.0857,8,0.1951,1.0000,8,7,5,0,0,7,5,0.2857
4,216.0000,30,0,732.2667,-86.4469,-0.4503,12,0.3000,0.8750,8,7,6,0,0,7,6,0.1429
4,216.0000,30,12,480.1772,-81.5359,-1.1040,21,0.5250,0.5000,6,8,7,0,0,8,7,0.1250
4,216.0000,30,15,597.9318,-85.5947,-0.2573,9,0.2250,0.8750,8,7,6,0,0,7,6,0.1429
4,216.0000,30,18,972.1368,-88.4470,0.2162,4,0.1000,1.0000,6,6,6,0,0,6,6,0.0000
4,216.0000,30,19,184.1517,-75.2193,0.6807,34,0.8500,0.3333,6,5,1,0,0,5,1,0.8000
4,216.0000,30,21,649.7685,-85.8811,0.3992,13,0.3250,1.0000,8,7,5,0,0,7,5,0.2857
4,216.0000,30,27,693.4550,-86.8421,0.5112,9,0.2250,1.0000,8,10,9,0,0,10,9,0.1000
4,216.0000,30,28,273.7092,-78.3168,-0.5622,26,0.6500,0.5000,6,4,0,0,0,4,0,1.0000
4,216.0000,30,31,830.2813,-86.4827,-0.7820,3,0.0750,1.0000,8,4,4,0,0,4,4,0.0000
4,216.0000,30,32,762.8111,-86.6247,-0.3053,8,0.2000,1.0000,8,8,8,0,0,8,8,0.0000
4,216.0000,30,34,731.5564,-86.9010,-2.0399,5,0.1250,1.0000,8,8,8,0,0,8,8,0.0000
4,216.0000,30,36,532.4905,-85.6917,-0.2845,21,0.5250,0.7143,7,8,6,0,0,8,6,0.2500
4,216.0000,30,39,421.8818,-81.9201,-0.8286,22,0.5500,0.6667,6,6,2,0,0,6,2,0.6667
4,216.0000,30,40,842.2839,-87.8859,-2.1915,3,0.0750,1.0000,6,8,8,0,0,8,8,0.0000
4,216.0000,30,44,392.3472,-81.4698,-0.5877,29,0.7250,0.2000,5,4,0,0,0,4,0,1.0000
4,216.0000,30,45,225.9709,-78.8207,0.4206,29,0.7250,0.5000,6,4,0,0,0,4,0,1.0000
4,216.0000,30,46,489.9680,-82.2161,-1.4616,16,0.4000,0.8750,8,8,8,0,0,8,8,0.0000
4,216.0000,31,2,985.5603,-87.6608,-0.9932,4,0.1000,1.0000,6,8,8,0,0,8,8,0.0000
4,216.0000,31,4,742.0910,-87.2393,0.1183,6,0.1500,1.0000,8,7,6,0,0,7,6,0.1429
4,216.0000,31,5,305.5657,-80.9795,-0.2401,27,0.6750,0.7143,7,8,3,0,0,8,3,0.6250
4,216.0000,31,6,1166.2839,-88.7514,0.4955,3,0.0750,1.0000,4,4,4,0,0,4,4,0.0000
4,216.0000,31,7,695.6151,-85.8163,-0.1958,7,0.1750,1.0000,6,8,7,0,0,8,7,0.1250
4,216.0000,31,8,318.7071,-79.5826,-0.1188,28,0.7000,0.2000,5,5,2,0,0,5,2,0.6000
4,216.0000,31,12,464.0907,-83.2344,-0.0946,19,0.4750,0.7143,7,5,3,0,0,5,3,0.4000
4,216.0000,31,13,92.3323,-67.9360,0.1559,34,0.8500,0.1591,88,4,0,80,10,84,10,0.8810
4,216.0000,31,14,999.9186,-88.3451,0.3685,3,0.0750,1.0000,8,4,4,0,0,4,4,0.0000
4,216.0000,31,15,522.6582,-83.1745,-1.0539,21,0.5250,0.7500,8,8,6,0,0,8,6,0.2500
4,216.0000,31,16,1009.9877,-88.7104,-2.4957,3,0.0750,1.0000,6,6,6,0,0,6,6,0.0000
4,216.0000,31,17,1146.6888,-88.7604,-0.6011,3,0.0750,1.0000,2,6,6,0,0,6,6,0.0000
4,216.0000,31,19,839.9120,-85.5544,-0.1223,6,0.1500,0.8571,7,6,6,0,0,6,6,0.0000
4,216.0000,31,20,699.3804,-85.0739,-0.4043,6,0.1500,1.0000,8,7,6,0,0,7,6,0.1429
4,216.0000,31,22,934.6397,-88.1731,0.5931,6,0.1500,1.0000,6,8,8,0,0,8,8,0.0000
4,216.0000,31,23,1049.5411,-88.0446,-0.1669,5,0.1250,1.0000,4,4,4,0,0,4,4,0.0000
4,216.0000,31,26,388.1169,-81.4754,-0.4758,27,0.6750,0.3333,6,5,2,0,0,5,2,0.6000
4,216.0000,31,27,901.2019,-88.8258,0.0446,3,0.0750,1.0000,4,8,8,0,0,8,8,0.0000
4,216.0000,31,28,647.7020,-85.5543,0.0775,14,0.3500,0.8889,9,8,8,1,0,9,8,0.1111
4,216.0000,31,29,387.7383,-81.3375,0.3166,28,0.7000,0.4000,5,4,0,0,0,4,0,1.0000
4,216.0000,31,30,830.2813,-87.9136,0.3745,10,0.2500,1.0000,8,6,6,0,0,6,6,0.0000
4,216.0000,31,34,156.4284,-75.1609,1.0518,35,0.8750,0.0000,4,5,1,0,0,5,1,0.8000
4,216.0000,31,39,620.1389,-85.2909,-0.0928,20,0.5000,0.8182,11,7,6,0,0,7,6,0.1429
4,216.0000,31,40,922.2946,-87.2264,-0.1153,7,0.1750,1.0000,8,4,4,0,0,4,4,0.0000
4,216.0000,31,41,605.3426,-83.8416,0.2349,11,0.2750,0.8571,7,8,8,0,0,8,8,0.0000
4,216.0000,31,42,829.3591,-85.6387,1.3223,7,0.1750,0.8000,5,6,6,0,0,6,6,0.0000
4,216.0000,31,43,797.9244,-86.8443,-0.2296,5,0.1250,0.8750,8,7,6,0,0,7,6,0.1429
4,216.0000,31,46,456.7685,-82.2539,-0.5519,21,0.5250,0.8571,7,8,7,0,0,8,7,0.1250
4,216.0000,32,0,268.2466,-76.0380,-1.3183,31,0.7750,0.2000,5,6,2,0,0,6,2,0.6667
4,216.0000,32,1,565.2338,-84.6033,0.0811,25,0.6250,0.7143,7,8,6,0,0,8,6,0.2500
4,216.0000,32,9,613.3762,-84.6340,0.0142,17,0.4250,0.7143,7,8,8,0,0,8,8,0.0000
4,216.0000,32,18,543.4030,-82.0719,-1.2005,25,0.6250,0.0000,4,8,8,0,0,8,8,0.0000
4,216.0000,32,19,752.2708,-86.8960,-1.1006,9,0.2250,1.0000,8,8,8,0,0,8,8,0.0000
4,216.0000,32,21,374.0805,-82.4933,0.7552,31,0.7750,0.2000,5,4,0,0,0,4,0,1.0000
4,216.0000,32,25,400.0832,-81.3316,0.0742,33,0.8250,0.4000,5,6,3,0,0,6,3,0.5000
4,216.0000,32,27,452.0276,-81.5008,-1.1094,26,0.6500,0.5000,6,8,7,0,0,8,7,0.1250
4,216.0000,32,28,704.8281,-86.7327,-1.1017,8,0.2000,1.0000,8,8,8,0,0,8,8,0.0000
4,216.0000,32,30,762.8111,-86.3044,-1.0637,7,0.1750,1.0000,8,7,6,0,0,7,6,0.1429
4,216.0000,32,36,327.4797,-79.4702,-0.6411,34,0.8500,0.2000,5,7,4,0,0,7,4,0.4286
4,216.0000,32,39,655.8205,-86.2369,-0.7812,8,0.2000,1.0000,8,7,6,0,0,7,6,0.1429
4,216.0000,32,40,595.6732,-84.8016,-0.0908,20,0.5000,0.7143,7,7,6,0,0,7,6,0.1429
4,216.0000,32,44,412.2091,-82.5967,0.6632,23,0.5750,0.7500,8,5,2,0,0,5,2,0.6000
4,216.0000,32,45,628.3765,-83.7514,-0.5203,14,0.3500,0.8750,8,8,8,0,0,8,8,0.0000
4,216.0000,32,46,807.2605,-87.9514,0.9149,6,0.1500,0.8750,8,8,8,0,0,8,8,0.0000
4,216.0000,33,2,461.6080,-82.7487,0.1933,25,0.6250,0.6667,6,4,2,0,0,4,2,0.5000
4,216.0000,33,3,173.4186,-73.3585,-0.6527,35,0.8750,0.3333,6,4,0,0,0,4,0,1.0000
4,216.0000,33,4,583.1961,-84.2657,0.5841,16,0.4000,1.0000,8,8,8,0,0,8,8,0.0000
4,216.0000,33,6,245.6753,-78.0839,0.3664,32,0.8000,0.0000,4,5,1,0,0,5,1,0.8000
4,216.0000,33,7,470.1188,-83.3662,0.1787,20,0.5000,0.8571,7,4,1,0,0,4,1,0.7500
4,216.0000,33,8,857.4048,-87.6616,1.1261,12,0.3000,1.0000,8,6,6,0,0,6,6,0.0000
4,216.0000,33,10,543.1071,-82.9076,-0.7034,21,0.5250,0.4000,5,7,6,0,0,7,6,0.1429
4,216.0000,33,11,375.9889,-80.1498,-0.2840,31,0.7750,0.5714,7,7,5,0,0,7,5,0.2857
4,216.0000,33,12,1040.1597,-87.3721,0.0410,6,0.1500,1.0000,6,4,4,0,0,4,4,0.0000
4,216.0000,33,13,1005.7568,-88.9103,0.7874,4,0.1000,1.0000,6,6,6,0,0,6,6,0.0000
4,216.0000,33,14,723.3392,-87.1338,-0.2316,16,0.4000,0.8571,7,7,5,0,0,7,5,0.2857
4,216.0000,33,15,928.5143,-88.5362,-0.1547,4,0.1000,1.0000,8,8,8,0,0,8,8,0.0000
4,216.0000,33,16,737.0340,-86.7100,0.8602,16,0.4000,0.8571,7,8,8,0,0,8,8,0.0000
4,216.0000,33,17,543.7195,-83.6243,0.5591,25,0.6250,0.6667,6,8,7,0,0,8,7,0.1250
4,216.0000,33,20,435.5097,-82.5113,0.8097,21,0.5250,0.5000,6,6,3,0,0,6,3,0.5000
4,216.0000,33,22,309.8487,-79.8232,-0.0157,27,0.6750,0.5000,6,7,6,0,0,7,6,0.1429
4,216.0000,33,23,243.7398,-78.3658,0.5805,35,0.8750,0.4286,7,5,1,0,0,5,1,0.8000
4,216.0000,33,24,371.2239,-81.3517,-0.0218,25,0.6250,0.5714,7,6,3,0,0,6,3,0.5000
4,216.0000,33,35,618.5302,-84.7611,-0.0072,20,0.5000,0.4000,5,8,8,0,0,8,8,0.0000
4,216.0000,33,37,430.4155,-80.8237,-1.4746,25,0.6250,0.4000,5,8,7,0,0,8,7,0.1250
4,216.0000,33,38,381.9812,-81.1478,-0.5503,29,0.7250,0.4286,7,4,0,0,0,4,0,1.0000
4,216.0000,33,41,426.1406,-82.2143,0.2161,20,0.5000,0.6667,6,6,4,0,0,6,4,0.3333
4,216.0000,33,42,908.8454,-88.0082,-0.4365,12,0.3000,0.9000,10,4,4,0,0,4,4,0.0000
4,216.0000,33,43,365.3889,-81.7979,-0.0773,27,0.6750,0.6250,8,5,2,0,0,5,2,0.6000
4,216.0000,33,47,375.9129,-80.7262,-1.2488,28,0.7000,0.5714,7,3,0,0,0,3,0,1.0000
4,216.0000,34,0,1020.7189,-88.3616,0.1324,5,0.1250,1.0000,8,4,4,0,0,4,4,0.0000
4,216.0000,34,5,376.9282,-81.1442,-0.2956,24,0.6000,0.6000,5,7,5,0,0,7,5,0.2857
4,216.0000,34,7,808.0555,-87.9848,-0.2894,3,0.0750,1.0000,8,8,8,0,0,8,8,0.0000
4,216.0000,34,8,459.9955,-83.4441,0.3086,13,0.3250,0.7143,7,6,4,0,0,6,4,0.3333
4,216.0000,34,9,988.4896,-87.5457,-0.1532,12,0.3000,1.0000,2,8,8,0,0,8,8,0.0000
4,216.0000,34,12,443.7485,-82.9701,0.2342,20,0.5000,0.8571,7,6,3,0,0,6,3,0.5000
4,216.0000,34,13,156.0538,-74.7858,1.0275,34,0.8500,0.5000,6,4,0,0,0,4,0,1.0000
4,216.0000,34,15,477.2640,-82.8649,-0.3195,18,0.4500,0.7500,8,8,7,0,0,8,7,0.1250
4,216.0000,34,18,936.3758,-87.7518,-0.0632,5,0.1250,1.0000,8,4,4,0,0,4,4,0.0000
4,216.0000,34,19,718.6124,-86.3272,-0.9694,9,0.2250,0.8000,5,8,7,0,0,8,7,0.1250
4,216.0000,34,20,779.2146,-87.1261,-0.4111,6,0.1500,1.0000,8,7,6,0,0,7,6,0.1429
4,216.0000,34,26,504.3304,-83.9700,-0.1268,13,0.3250,0.7143,7,8,8,0,0,8,8,0.0000
4,216.0000,34,27,803.6241,-87.1248,0.3427,6,0.1500,1.0000,6,7,6,0,0,7,6,0.1429
4,216.0000,34,28,523.0138,-82.6939,-0.1562,21,0.5250,0.8571,7,7,6,0,0,7,6,0.1429
4,216.0000,34,29,496.0598,-82.7159,-0.4492,17,0.4250,0.7143,7,7,3,0,0,7,3,0.5714
4,216.0000,34,30,731.5564,-86.4472,-0.5598,13,0.3250,1.0000,8,6,6,0,0,6,6,0.0000
4,216.0000,34,31,156.4284,-75.2455,1.2675,33,0.8250,0.5000,6,4,0,0,0,4,0,1.0000
4,216.0000,34,36,1091.4616,-88.2137,0.0842,6,0.1500,1.0000,8,2,2,0,0,2,2,0.0000
4,216.0000,34,39,487.6876,-82.1592,-0.8250,18,0.4500,0.0000,4,7,6,0,0,7,6,0.1429
4,216.0000,34,40,847.5247,-87.0045,-0.5099,11,0.2750,1.0000,8,8,8,0,0,8,8,0.0000
4,216.0000,34,41,710.5380,-87.4537,-0.4310,7,0.1750,0.8571,7,8,8,0,0,8,8,0.0000
4,216.0000,34,43,874.1900,-88.7678,0.3461,4,0.1000,1.0000,8,8,8,0,0,8,8,0.0000
4,216.0000,34,44,977.1269,-87.2411,0.0098,4,0.1000,1.0000,4,4,4,0,0,4,4,0.0000
4,216.0000,34,45,832.2591,-86.8044,1.2419,6,0.1500,0.8571,7,8,8,0,0,8,8,0.0000
4,216.0000,34,46,332.3408,-78.1492,-1.3195,31,0.7750,0.4000,5,7,5,0,0,7,5,0.2857
4,216.0000,35,2,294.5776,-79.9675,0.2979,23,0.5750,0.5000,6,7,5,0,0,7,5,0.2857
4,216.0000,35,3,657.9751,-84.9197,-0.2771,17,0.4250,0.8571,7,8,8,0,0,8,8,0.0000
4,216.0000,35,4,581.8451,-84.3196,-0.4983,14,0.3500,1.0000,8,7,5,0,0,7,5,0.2857
4,216.0000,35,6,639.2775,-84.7628,-0.9111,20,0.5000,0.8571,7,7,5,0,0,7,5,0.2857
4,216.0000,35,7,477.6467,-83.4580,0.0165,13,0.3250,1.0000,8,5,2,0,0,5,2,0.6000
4,216.0000,35,8,973.8781,-87.4353,1.3224,6,0.1500,1.0000,8,6,6,0,0,6,6,0.0000
4,216.0000,35,10,278.5064,-79.2880,0.3774,23,0.5750,0.4286,7,7,3,0,0,7,3,0.5714
4,216.0000,35,11,252.6842,-76.3485,-0.8098,29,0.7250,0.0000,4,7,4,0,0,7,4,0.4286
4,216.0000,35,13,1157.4473,-89.1119,-0.5866,3,0.0750,1.0000,2,6,6,0,0,6,6,0.0000
4,216.0000,35,14,215.4102,-76.1690,0.0628,36,0.9000,0.0000,4,4,0,0,0,4,0,1.0000
4,216.0000,35,16,267.0861,-81.0590,1.3210,23,0.5750,0.6667,6,4,0,0,0,4,0,1.0000
4,216.0000,35,17,345.7025,-80.8590,0.1310,27,0.6750,0.5714,7,4,2,0,0,4,2,0.5000
4,216.0000,35,20,883.5479,-86.7150,-0.1189,6,0.1500,1.0000,8,8,8,0,0,8,8,0.0000
4,216.0000,35,22,575.6976,-84.5005,0.2236,15,0.3750,1.0000,8,7,6,0,0,7,6,0.1429
4,216.0000,35,23,791.4808,-86.9667,-0.2000,7,0.1750,1.0000,8,8,8,0,0,8,8,0.0000
4,216.0000,35,24,278.0553,-74.2827,-2.3003,33,0.8250,0.2000,5,6,4,0,0,6,4,0.3333
4,216.0000,35,33,618.5302,-84.2365,-0.8714,15,0.3750,0.5000,6,7,6,0,0,7,6,0.1429
4,216.0000,35,37,228.0501,-77.3749,-0.0051,29,0.7250,0.2500,4,5,1,0,0,5,1,0.8000
4,216.0000,35,38,384.2734,-80.1430,-0.7881,31,0.7750,0.6667,6,7,5,0,0,7,5,0.2857
4,216.0000,35,41,721.2633,-86.3530,0.1515,8,0.2000,0.8750,8,8,8,0,0,8,8,0.0000
4,216.0000,35,42,585.0137,-85.9529,0.8191,16,0.4000,0.7143,7,7,5,0,0,7,5,0.2857
4,216.0000,35,43,876.4687,-87.2532,0.5391,5,0.1250,1.0000,8,6,6,0,0,6,6,0.0000
4,216.0000,35,47,625.2968,-85.4183,-0.0465,18,0.4500,0.7143,7,7,5,0,0,7,5,0.2857
4,216.0000,36,0,456.9990,-80.7492,-0.3729,30,0.7500,0.5714,7,5,1,0,0,5,1,0.8000
4,216.0000,36,1,866.7732,-86.7479,-1.5056,7,0.1750,1.0000,8,8,8,0,0,8,8,0.0000
4,216.0000,36,9,848.8787,-87.5440,0.8753,5,0.1250,1.0000,8,8,8,0,0,8,8,0.0000
4,216.0000,36,12,979.7239,-88.4074,1.8936,3,0.0750,1.0000,8,6,6,0,0,6,6,0.0000
4,216.0000,36,18,793.3298,-86.8936,-0.2785,10,0.2500,0.6667,6,8,8,0,0,8,8,0.0000
4,216.0000,36,19,529.2579,-85.0267,0.1548,12,0.3000,0.8571,7,7,4,0,0,7,4,0.4286
4,216.0000,36,21,266.9972,-78.2255,-0.0561,34,0.8500,0.0000,4,4,0,0,0,4,0,1.0000
4,216.0000,36,25,709.5083,-86.1250,0.3646,17,0.4250,0.8571,7,8,8,0,0,8,8,0.0000
4,216.0000,36,27,595.3585,-85.1391,-0.4345,11,0.2750,0.8000,5,8,8,0,0,8,8,0.0000
4,216.0000,36,28,582.8030,-86.2906,0.5387,9,0.2250,0.8750,8,8,7,0,0,8,7,0.1250
4,216.0000,36,30,532.4905,-85.1741,2.2155,8,0.2000,1.0000,8,8,7,0,0,8,7,0.1250
4,216.0000,36,32,327.4797,-80.2160,0.1536,31,0.7750,0.1667,6,5,2,0,0,5,2,0.6000
4,216.0000,36,34,1091.4616,-87.6465,1.1067,3,0.0750,1.0000,8,6,6,0,0,6,6,0.0000
4,216.0000,36,39,612.5747,-85.6865,-0.1654,7,0.1750,1.0000,8,8,7,0,0,8,7,0.1250
4,216.0000,36,40,767.7535,-86.4376,0.5710,7,0.1750,1.0000,8,8,7,0,0,8,7,0.1250
4,216.0000,36,44,146.9966,-76.4495,2.1065,32,0.8000,0.0000,4,4,0,0,0,4,0,1.0000
4,216.0000,36,45,422.8438,-81.2305,0.3345,25,0.6250,0.5000,8,5,1,0,0,5,1,0.8000
4,216.0000,36,46,767.9897,-87.6446,3.1381,4,0.1000,0.8750,8,8,8,0,0,8,8,0.0000
4,216.0000,37,2,248.3247,-79.0178,0.6726,29,0.7250,0.4000,5,5,1,0,0,5,1,0.8000
4,216.0000,37,3,511.2309,-82.4919,-0.6353,25,0.6250,0.4000,5,8,6,0,0,8,6,0.2500
4,216.0000,37,4,488.0747,-83.1247,-0.2575,23,0.5750,0.5000,6,7,6,0,0,7,6,0.1429
4,216.0000,37,6,469.7933,-82.7373,-0.7745,25,0.6250,0.2000,5,7,5,0,0,7,5,0.2857
4,216.0000,37,7,283.8123,-79.4992,0.5148,28,0.7000,0.2000,5,5,1,0,0,5,1,0.8000
4,216.0000,37,8,830.9628,-87.2509,-0.2841,7,0.1750,0.8750,8,6,6,0,0,6,6,0.0000
4,216.0000,37,10,228.0408,-77.0926,0.8927,33,0.8250,0.0000,4,5,1,0,0,5,1,0.8000
4,216.0000,37,11,69.5292,-67.5866,1.6891,37,0.9250,0.2000,5,4,0,0,0,4,0,1.0000
4,216.0000,37,13,991.6214,-88.7755,-0.4643,5,0.1250,1.0000,6,8,8,0,0,8,8,0.0000
4,216.0000,37,14,295.7128,-80.3549,0.0563,31,0.7750,0.0000,5,4,0,0,0,4,0,1.0000
4,216.0000,37,15,1076.3687,-88.6804,0.4542,5,0.1250,1.0000,8,3,3,0,0,3,3,0.0000
4,216.0000,37,16,372.3990,-82.4457,0.7659,22,0.5500,0.7143,7,5,1,0,0,5,1,0.8000
4,216.0000,37,17,383.8960,-83.1658,-0.4286,25,0.6250,0.7778,9,5,2,0,0,5,2,0.6000
4,216.0000,37,20,675.5186,-86.3604,-0.5975,12,0.3000,1.0000,8,8,8,0,0,8,8,0.0000
4,216.0000,37,22,437.7471,-82.0318,-0.2100,23,0.5750,1.0000,8,7,4,0,0,7,4,0.4286
4,216.0000,37,23,622.4001,-84.4340,-0.7109,17,0.4250,0.8889,9,5,3,0,0,5,3,0.4000
4,216.0000,37,24,62.0979,-64.0698,3.8749,37,0.9250,0.2000,5,5,1,0,0,5,1,0.8000
4,216.0000,37,29,957.8340,-88.1698,-0.8828,4,0.1000,1.0000,4,6,6,0,0,6,6,0.0000
4,216.0000,37,31,970.4974,-89.5323,0.2536,3,0.0750,1.0000,12,6,6,2,2,8,8,0.0000
4,216.0000,37,33,430.4155,-80.7729,-1.2973,27,0.6750,0.3333,6,7,6,0,0,7,6,0.1429
4,216.0000,37,35,228.0501,-77.3513,0.6762,34,0.8500,0.5714,7,4,0,0,0,4,0,1.0000
4,216.0000,37,38,333.4098,-80.0499,-0.1277,34,0.8500,0.8571,7,7,5,0,0,7,5,0.2857
4,216.0000,37,41,518.5436,-82.9008,0.0137,16,0.4000,0.6667,6,7,5,0,0,7,5,0.2857
4,216.0000,37,42,612.6245,-86.4701,0.1024,18,0.4500,0.7143,7,7,6,0,0,7,6,0.1429
4,216.0000,37,43,666.3285,-85.5345,0.5278,11,0.2750,0.8571,7,8,7,0,0,8,7,0.1250
4,216.0000,37,47,530.4456,-83.7901,-0.0249,26,0.6500,0.4286,7,6,6,0,0,6,6,0.0000
4,216.0000,38,2,395.2549,-83.4465,-0.2021,18,0.4500,0.2000,5,5,1,0,0,5,1,0.8000
4,216.0000,38,3,331.1544,-79.8304,-0.8198,33,0.8250,0.4000,5,5,1,0,0,5,1,0.8000
4,216.0000,38,4,692.7110,-87.4863,-0.4709,6,0.1500,0.8750,8,7,6,0,0,7,6,0.1429
4,216.0000,38,6,347.2122,-80.2282,-0.9847,29,0.7250,0.5000,6,5,2,0,0,5,2,0.6000
4,216.0000,38,7,575.1369,-85.0411,0.0026,8,0.2000,0.8750,8,7,3,0,0,7,3,0.5714
4,216.0000,38,10,494.3807,-83.1335,0.4441,18,0.4500,1.0000,8,8,8,0,0,8,8,0.0000
4,216.0000,38,11,272.9625,-77.4359,-1.0133,33,0.8250,0.4000,5,4,0,0,0,4,0,1.0000
4,216.0000,38,14,568.4993,-83.7591,-0.0427,17,0.4250,0.6667,6,7,4,0,0,7,4,0.4286
4,216.0000,38,16,599.2424,-85.7833,0.3788,11,0.2750,1.0000,8,7,6,0,0,7,6,0.1429
4,216.0000,38,17,400.0364,-81.1183,-0.3799,23,0.5750,0.7143,7,5,2,0,0,5,2,0.6000
4,216.0000,38,20,787.3779,-87.0771,-0.9863,4,0.1000,1.0000,8,8,8,0,0,8,8,0.0000
4,216.0000,38,22,485.9575,-82.7169,0.1723,10,0.2500,0.3333,6,6,4,0,0,6,4,0.3333
4,216.0000,38,23,564.0217,-85.2725,-0.0419,10,0.2500,0.5000,6,5,1,0,0,5,1,0.8000
4,216.0000,38,24,302.2085,-79.1008,-0.1915,27,0.6750,0.4000,5,6,3,0,0,6,3,0.5000
4,216.0000,38,33,381.9812,-81.1969,-0.1566,21,0.5250,0.5000,6,6,4,0,0,6,4,0.3333
4,216.0000,38,35,384.2734,-80.3997,-0.5975,29,0.7250,0.5714,7,5,2,0,0,5,2,0.6000
4,216.0000,38,37,333.4098,-80.6241,-0.3183,26,0.6500,0.5000,6,6,4,0,0,6,4,0.3333
4,216.0000,38,41,705.4678,-86.7162,0.4658,6,0.1500,1.0000,8,7,6,0,0,7,6,0.1429
4,216.0000,38,42,882.4432,-86.9921,-0.2808,7,0.1750,1.0000,6,8,8,0,0,8,8,0.0000
4,216.0000,38,43,735.7662,-87.5898,-0.2681,5,0.1250,1.0000,8,8,7,0,0,8,7,0.1250
4,216.0000,38,47,251.3606,-78.1237,0.0064,31,0.7750,0.0000,4,5,1,0,0,5,1,0.8000
4,216.0000,39,0,584.7181,-84.3639,-0.0165,21,0.5250,0.7143,7,8,8,0,0,8,8,0.0000
4,216.0000,39,1,840.5831,-86.9791,0.9494,12,0.3000,,0,7,6,0,0,7,6,0.1429
4,216.0000,39,5,768.4079,-86.1630,-0.5669,7,0.1750,1.0000,8,8,8,0,0,8,8,0.0000
4,216.0000,39,8,848.8523,-87.0407,-0.5359,7,0.1750,1.0000,8,8,8,0,0,8,8,0.0000
4,216.0000,39,9,701.7218,-86.9266,0.2942,11,0.2750,1.0000,8,8,8,0,0,8,8,0.0000
4,216.0000,39,12,545.8903,-83.9851,-1.0045,17,0.4250,0.8750,8,8,8,0,0,8,8,0.0000
4,216.0000,39,13,579.7302,-83.8137,-1.3634,14,0.3500,0.7143,7,6,6,0,0,6,6,0.0000
4,216.0000,39,15,649.2427,-86.0058,0.0981,11,0.2750,1.0000,8,8,8,0,0,8,8,0.0000
4,216.0000,39,18,623.2451,-86.3287,-0.4077,14,0.3500,0.8571,7,8,8,0,0,8,8,0.0000
4,216.0000,39,19,396.7293,-80.9100,-0.3713,33,0.8250,0.4000,5,5,1,0,0,5,1,0.8000
4,216.0000,39,21,742.0589,-86.7293,0.3967,8,0.2000,1.0000,8,6,4,0,0,6,4,0.3333
4,216.0000,39,25,793.5326,-87.2542,-0.3825,12,0.3000,0.8750,8,8,7,0,0,8,7,0.1250
4,216.0000,39,26,893.9020,-87.4981,-0.7494,5,0.1250,1.0000,8,8,8,0,0,8,8,0.0000
4,216.0000,39,27,427.4704,-83.5789,0.4365,24,0.6000,0.6667,6,6,4,0,0,6,4,0.3333
4,216.0000,39,28,159.2812,-74.1971,0.9880,37,0.9250,0.3333,6,4,0,0,0,4,0,1.0000
4,216.0000,39,29,910.0634,-86.5986,-0.8550,4,0.1000,1.0000,8,6,6,0,0,6,6,0.0000
4,216.0000,39,30,421.8818,-82.9365,0.1349,27,0.6750,0.6667,6,7,5,0,0,7,5,0.2857
4,216.0000,39,31,620.1389,-84.3817,-0.9053,9,0.2250,1.0000,8,8,8,0,0,8,8,0.0000
4,216.0000,39,32,655.8205,-85.9584,0.5257,18,0.4500,0.8571,7,5,1,0,0,5,1,0.8000
4,216.0000,39,34,487.6876,-81.5349,-0.9113,22,0.5500,0.5000,6,8,8,0,0,8,8,0.0000
4,216.0000,39,36,612.5747,-86.4742,-0.0693,18,0.4500,0.9000,10,6,6,0,0,6,6,0.0000
4,216.0000,39,40,560.0409,-83.8087,0.2019,23,0.5750,0.5000,6,7,4,0,0,7,4,0.4286
4,216.0000,39,44,513.3910,-83.6202,-0.3715,27,0.6750,0.4000,5,8,8,0,0,8,8,0.0000
4,216.0000,39,45,454.9766,-83.4333,0.7603,26,0.6500,0.6667,6,5,2,0,0,5,2,0.6000
4,216.0000,39,46,165.7800,-73.0740,0.0428,35,0.8750,0.5000,6,5,1,0,0,5,1,0.8000
4,216.0000,40,0,363.3889,-81.6002,-0.0017,34,0.8500,0.5000,6,4,0,0,0,4,0,1.0000
4,216.0000,40,1,420.0545,-84.0026,0.3716,27,0.6750,0.5000,6,5,1,0,0,5,1,0.8000
4,216.0000,40,5,909.7169,-85.9806,-0.0323,3,0.0750,1.0000,8,8,8,0,0,8,8,0.0000
4,216.0000,40,9,181.0336,-76.9423,0.6229,36,0.9000,0.0000,4,4,0,0,0,4,0,1.0000
4,216.0000,40,12,953.6851,-86.3190,1.8328,3,0.0750,1.0000,6,8,8,0,0,8,8,0.0000
4,216.0000,40,18,363.4001,-81.6926,0.2502,36,0.9000,0.0000,4,5,1,0,0,5,1,0.8000
4,216.0000,40,19,888.8334,-87.2728,1.8791,3,0.0750,0.8571,7,8,7,0,0,8,7,0.1250
4,216.0000,40,21,730.6592,-86.3184,0.3055,12,0.3000,1.0000,8,8,8,0,0,8,8,0.0000
4,216.0000,40,25,431.0229,-82.5507,-0.5825,31,0.7750,0.4000,5,7,4,0,0,7,4,0.4286
4,216.0000,40,27,183.6313,-73.3309,0.4682,36,0.9000,0.0952,84,5,1,91,30,96,31,0.6771
4,216.0000,40,28,679.7972,-86.5569,0.7708,7,0.1750,0.8750,8,8,8,0,0,8,8,0.0000
4,216.0000,40,29,1029.4065,-88.5980,-0.1143,3,0.0750,0.8571,7,6,6,0,0,6,6,0.0000
4,216.0000,40,30,842.2839,-87.6194,0.3315,5,0.1250,1.0000,8,6,6,0,0,6,6,0.0000
4,216.0000,40,32,595.6732,-84.7234,-0.3780,20,0.5000,0.7143,7,7,6,0,0,7,6,0.1429
4,216.0000,40,34,847.5247,-87.0089,0.0422,4,0.1000,1.0000,8,4,4,0,0,4,4,0.0000
4,216.0000,40,36,767.7535,-86.1477,0.3598,12,0.3000,0.8571,7,8,8,0,0,8,8,0.0000
4,216.0000,40,39,560.0409,-83.9950,-0.0650,14,0.3500,0.8571,7,7,5,0,0,7,5,0.2857
4,216.0000,40,44,726.4600,-85.0966,0.5207,16,0.4000,0.8571,7,7,6,0,0,7,6,0.1429
4,216.0000,40,45,710.4872,-86.0001,0.6346,12,0.3000,0.7500,8,7,6,0,0,7,6,0.1429
4,216.0000,40,46,598.7728,-84.5629,0.2449,11,0.2750,0.6667,6,8,8,0,0,8,8,0.0000
4,216.0000,41,2,518.6495,-85.3813,-0.1436,11,0.2750,0.6667,6,6,4,0,0,6,4,0.3333
4,216.0000,41,3,596.6521,-85.0116,-0.4887,12,0.3000,0.2000,5,7,6,0,0,7,6,0.1429
4,216.0000,41,4,386.9565,-81.2849,-0.4469,17,0.4250,0.7500,8,7,5,0,0,7,5,0.2857
4,216.0000,41,5,807.4813,-87.4818,-0.8979,4,0.1000,0.8333,6,6,6,0,0,6,6,0.0000
4,216.0000,41,6,608.7992,-86.2881,0.4272,9,0.2250,1.0000,8,6,2,0,0,6,2,0.6667
4,216.0000,41,7,315.0211,-79.8336,1.2158,15,0.3750,0.7143,7,6,2,0,0,6,2,0.6667
4,216.0000,41,8,444.0116,-83.6715,-0.1605,12,0.3000,0.5000,6,8,8,0,0,8,8,0.0000
4,216.0000,41,10,499.4407,-83.4286,-0.7128,11,0.2750,0.4000,5,8,6,0,0,8,6,0.2500
4,216.0000,41,11,516.1859,-84.2045,-0.6487,11,0.2750,1.0000,8,7,5,0,0,7,5,0.2857
4,216.0000,41,12,665.9001,-85.9208,-0.6494,8,0.2000,1.0000,6,7,6,0,0,7,6,0.1429
4,216.0000,41,13,585.0432,-83.4621,-0.7263,10,0.2500,0.8571,7,8,8,0,0,8,8,0.0000
4,216.0000,41,14,708.9974,-87.3805,0.4281,7,0.1750,1.0000,8,8,8,0,0,8,8,0.0000
4,216.0000,41,15,607.6158,-83.3324,-0.8655,15,0.3750,0.8571,7,5,2,0,0,5,2,0.6000
4,216.0000,41,16,703.9688,-86.3124,-0.6314,9,0.2250,0.8571,7,7,6,0,0,7,6,0.1429
4,216.0000,41,17,669.9674,-85.8962,0.3833,10,0.2500,0.8571,7,7,5,0,0,7,5,0.2857
4,216.0000,41,20,208.8827,-75.1824,-0.2851,34,0.8500,0.2000,5,5,1,0,0,5,1,0.8000
4,216.0000,41,22,374.4709,-81.1463,-0.5958,18,0.4500,0.9091,11,6,3,0,0,6,3,0.5000
4,216.0000,41,23,458.7766,-82.5316,-1.0015,16,0.4000,0.5000,6,6,3,0,0,6,3,0.5000
4,216.0000,41,24,491.7397,-85.1636,-1.0223,8,0.2000,0.8571,7,6,4,0,0,6,4,0.3333
4,216.0000,41,26,778.5445,-84.6625,0.1401,6,0.1500,0.8750,8,8,8,0,0,8,8,0.0000
4,216.0000,41,29,775.7432,-86.5776,-0.8112,5,0.1250,1.0000,8,8,8,0,0,8,8,0.0000
4,216.0000,41,31,605.3426,-85.2291,-0.7346,9,0.2250,0.7143,7,8,8,0,0,8,8,0.0000
4,216.0000,41,33,426.1406,-82.7638,0.1880,15,0.3750,0.8571,14,6,2,0,0,6,2,0.6667
4,216.0000,41,34,710.5380,-88.1942,0.9042,4,0.1000,0.8571,7,6,4,0,0,6,4,0.3333
4,216.0000,41,35,721.2633,-86.3859,0.7903,6,0.1500,1.0000,8,7,5,0,0,7,5,0.2857
4,216.0000,41,37,518.5436,-85.2002,-0.3025,10,0.2500,0.3333,6,6,4,0,0,6,4,0.3333
4,216.0000,41,38,705.4678,-86.6849,-0.5798,9,0.2250,0.8571,7,8,7,0,0,8,7,0.1250
4,216.0000,41,42,713.2890,-86.0953,0.4006,9,0.2250,0.6667,6,6,6,0,0,6,6,0.0000
4,216.0000,41,43,270.3331,-78.4398,-0.2509,25,0.6250,0.2000,5,5,1,0,0,5,1,0.8000
4,216.0000,41,46,973.5970,-88.1467,-0.1666,4,0.1000,1.0000,8,6,6,0,0,6,6,0.0000
4,216.0000,41,47,782.6625,-86.2706,1.3694,10,0.2500,1.0000,8,7,6,0,0,7,6,0.1429
4,216.0000,42,2,509.4459,-81.8203,-0.9093,12,0.3000,0.7143,7,7,6,0,0,7,6,0.1429
4,216.0000,42,4,408.4112,-81.7437,-0.0812,7,0.1750,0.6000,5,8,8,0,0,8,8,0.0000
4,216.0000,42,5,757.5835,-86.9720,0.7780,3,0.0750,1.0000,6,8,8,0,0,8,8,0.0000
4,216.0000,42,7,579.6374,-83.9727,-0.4868,6,0.1500,1.0000,8,8,8,0,0,8,8,0.0000
4,216.0000,42,8,649.9602,-85.7076,-0.7972,5,0.1250,1.0000,8,7,6,0,0,7,6,0.1429
4,216.0000,42,10,398.3837,-81.5513,0.8498,11,0.2750,0.4286,7,8,6,0,0,8,6,0.2500
4,216.0000,42,11,654.9451,-84.9834,0.2760,4,0.1000,1.0000,8,7,4,0,0,7,4,0.4286
4,216.0000,42,14,478.4871,-83.5002,-0.2629,12,0.3000,0.7500,8,8,5,0,0,8,5,0.3750
4,216.0000,42,16,329.6398,-77.2072,-0.9347,22,0.5500,0.3333,6,6,4,0,0,6,4,0.3333
4,216.0000,42,17,591.9516,-85.2879,-0.5302,8,0.2000,1.0000,8,6,4,0,0,6,4,0.3333
4,216.0000,42,22,692.8846,-85.0855,-0.6411,5,0.1250,1.0000,8,8,8,0,0,8,8,0.0000
4,216.0000,42,24,658.1299,-85.4498,-0.2210,4,0.1000,1.0000,8,8,8,0,0,8,8,0.0000
4,216.0000,42,26,614.2105,-85.3726,1.4268,10,0.2500,0.8750,8,8,7,0,0,8,7,0.1250
4,216.0000,42,29,614.0968,-84.8650,-1.0956,6,0.1500,1.0000,8,6,4,0,0,6,4,0.3333
4,216.0000,42,33,908.8454,-88.0657,2.0914,3,0.0750,1.0000,8,8,8,0,0,8,8,0.0000
4,216.0000,42,35,585.0137,-84.8363,-1.3312,5,0.1250,0.8571,7,8,8,0,0,8,8,0.0000
4,216.0000,42,37,612.6245,-86.2750,-1.1579,7,0.1750,0.8571,7,6,4,0,0,6,4,0.3333
4,216.0000,42,41,713.2890,-86.8637,0.3943,5,0.1250,0.8571,7,8,7,0,0,8,7,0.1250
4,216.0000,43,2,660.2692,-86.4307,1.0029,6,0.1500,1.0000,8,7,6,0,0,7,6,0.1429
4,216.0000,43,3,506.6131,-83.3106,0.5578,19,0.4750,0.8571,7,6,3,0,0,6,3,0.5000
4,216.0000,43,4,579.9425,-84.5333,0.4059,13,0.3250,0.7143,7,7,6,0,0,7,6,0.1429
4,216.0000,43,6,555.4596,-84.9826,0.3626,15,0.3750,1.0000,8,7,6,0,0,7,6,0.1429
4,216.0000,43,7,534.2057,-84.1772,0.6739,11,0.2750,1.0000,8,7,4,0,0,7,4,0.4286
4,216.0000,43,8,642.0263,-84.5582,0.7661,10,0.2500,0.8571,7,8,8,0,0,8,8,0.0000
4,216.0000,43,10,695.7868,-86.4123,-0.2748,7,0.1750,0.7500,8,8,8,0,0,8,8,0.0000
4,216.0000,43,11,638.2832,-85.5974,-0.2908,14,0.3500,1.0000,8,7,5,0,0,7,5,0.2857
4,216.0000,43,12,699.5134,-86.3132,0.7775,10,0.2500,1.0000,8,8,8,0,0,8,8,0.0000
4,216.0000,43,13,752.6266,-86.3940,-0.0945,8,0.2000,1.0000,8,8,8,0,0,8,8,0.0000
4,216.0000,43,14,914.4661,-87.4493,0.0797,5,0.1250,1.0000,8,8,8,0,0,8,8,0.0000
4,216.0000,43,15,613.4219,-84.1110,-0.0856,12,0.3000,1.0000,10,8,8,0,0,8,8,0.0000
4,216.0000,43,16,906.7027,-87.7845,-0.1632,4,0.1000,0.8000,5,5,4,0,0,5,4,0.2000
4,216.0000,43,17,774.0569,-87.2559,-0.8017,5,0.1250,1.0000,8,8,8,0,0,8,8,0.0000
4,216.0000,43,20,104.4850,-71.5765,0.0361,36,0.9000,0.2500,4,6,1,0,0,6,1,0.8333
4,216.0000,43,22,415.8461,-83.3164,-0.2768,14,0.3500,0.8400,25,7,5,0,0,7,5,0.2857
4,216.0000,43,23,304.2934,-79.0738,-0.0354,31,0.7750,0.6667,6,8,7,0,0,8,7,0.1250
4,216.0000,43,24,620.0042,-85.8443,0.0542,10,0.2500,1.0000,8,8,7,0,0,8,7,0.1250
4,216.0000,43,29,1027.5396,-87.3091,-0.2729,3,0.0750,1.0000,4,4,4,0,0,4,4,0.0000
4,216.0000,43,31,797.9244,-85.5725,-0.1780,7,0.1750,0.8750,8,6,5,0,0,6,5,0.1667
4,216.0000,43,33,365.3889,-81.8088,0.0949,20,0.5000,0.5000,6,6,2,0,0,6,2,0.6667
4,216.0000,43,34,874.1900,-87.9161,0.2213,6,0.1500,1.0000,6,4,4,0,0,4,4,0.0000
4,216.0000,43,35,876.4687,-88.4521,-0.1664,7,0.1750,0.8571,7,6,6,0,0,6,6,0.0000
4,216.0000,43,37,666.3285,-86.3070,-0.4904,13,0.3250,0.8889,9,7,6,0,0,7,6,0.1429
4,216.0000,43,38,735.7662,-85.4647,-0.3547,8,0.2000,1.0000,8,7,5,0,0,7,5,0.2857
4,216.0000,43,41,270.3331,-78.0426,-0.1211,22,0.5500,0.7500,8,5,1,0,0,5,1,0.8000
4,216.0000,43,42,955.2636,-88.7016,2.2808,3,0.0750,1.0000,4,6,6,0,0,6,6,0.0000
4,216.0000,43,47,731.2572,-86.1309,-0.7080,9,0.2250,0.8000,5,8,7,0,0,8,7,0.1250
4,216.0000,44,0,463.7557,-82.6917,-0.3061,26,0.6500,1.0000,8,7,5,0,0,7,5,0.2857
4,216.0000,44,1,896.5750,-87.9671,0.5382,5,0.1250,1.0000,8,8,7,0,0,8,7,0.1250
4,216.0000,44,18,798.8922,-86.7520,-0.0145,7,0.1750,1.0000,8,8,8,0,0,8,8,0.0000
4,216.0000,44,19,415.4144,-81.3307,-0.3178,25,0.6250,0.0000,4,8,6,0,0,8,6,0.2500
4,216.0000,44,21,304.2253,-81.2011,0.1066,32,0.8000,0.2000,5,4,0,0,0,4,0,1.0000
4,216.0000,44,25,753.8490,-86.4962,0.6573,6,0.1500,0.6667,6,7,5,0,0,7,5,0.2857
4,216.0000,44,27,553.5414,-84.4613,0.4438,19,0.4750,1.0000,8,8,6,0,0,8,6,0.2500
4,216.0000,44,28,462.7092,-82.6144,-0.5507,15,0.3750,0.4000,5,6,4,0,0,6,4,0.3333
4,216.0000,44,30,392.3472,-80.4668,0.0941,21,0.5250,0.7500,8,6,2,0,0,6,2,0.6667
4,216.0000,44,32,412.2091,-82.9724,0.2529,24,0.6000,0.5000,6,4,0,0,0,4,0,1.0000
4,216.0000,44,36,146.9966,-76.1270,1.9756,35,0.8750,0.2000,5,4,0,0,0,4,0,1.0000
4,216.0000,44,39,513.3910,-83.1383,0.7956,12,0.3000,0.8571,7,8,7,0,0,8,7,0.1250
4,216.0000,44,40,726.4600,-85.9663,-0.2772,9,0.2250,0.4000,5,8,7,0,0,8,7,0.1250
4,216.0000,44,45,278.9841,-75.8293,-1.1548,32,0.8000,0.0000,4,5,2,0,0,5,2,0.6000
4,216.0000,44,46,658.1538,-85.8773,2.2662,6,0.1500,0.8750,8,8,8,0,0,8,8,0.0000
4,216.0000,45,0,561.7451,-84.0584,-0.2710,24,0.6154,0.8571,7,7,6,0,0,7,6,0.1429
4,216.0000,45,1,997.2308,-88.3952,-1.2159,4,0.1026,0.8333,6,6,6,0,0,6,6,0.0000
4,216.0000,45,5,1121.1581,-88.3375,3.6852,3,0.0769,,0,4,4,0,0,4,4,0.0000
4,216.0000,45,9,862.5059,-86.8431,-0.4251,8,0.2051,1.0000,8,5,4,0,0,5,4,0.2000
4,216.0000,45,12,610.1814,-85.2916,-0.3174,11,0.2821,0.8750,8,7,6,0,0,7,6,0.1429
4,216.0000,45,13,853.5611,-86.9405,-2.0338,4,0.1026,1.0000,8,6,6,0,0,6,6,0.0000
4,216.0000,45,15,792.2479,-87.7207,0.6593,5,0.1282,1.0000,4,8,7,0,0,8,7,0.1250
4,216.0000,45,18,883.4509,-87.2467,0.1637,11,0.2821,0.8750,8,7,6,0,0,7,6,0.1429
4,216.0000,45,19,365.7995,-81.3373,0.3487,26,0.6667,0.5000,4,7,3,0,0,7,3,0.5714
4,216.0000,45,21,459.9354,-83.0116,0.0423,30,0.7692,0.6667,6,6,3,0,0,6,3,0.5000
4,216.0000,45,25,882.2272,-87.4461,-0.0417,7,0.1795,0.8750,8,8,8,0,0,8,8,0.0000
4,216.0000,45,27,567.5167,-85.2431,0.2895,20,0.5128,1.0000,8,6,4,0,0,6,4,0.3333
4,216.0000,45,28,364.3348,-82.3803,0.2315,20,0.5128,0.5000,6,6,4,0,0,6,4,0.3333
4,216.0000,45,30,225.9709,-78.7954,0.2336,27,0.6923,0.4000,5,5,1,0,0,5,1,0.8000
4,216.0000,45,32,628.3765,-85.1481,-0.8332,19,0.4872,0.8750,8,8,8,0,0,8,8,0.0000
4,216.0000,45,34,832.2591,-86.5489,-0.5333,7,0.1795,1.0000,8,8,8,0,0,8,8,0.0000
4,216.0000,45,36,422.8438,-82.4077,-0.4392,27,0.6923,0.6667,6,6,2,0,0,6,2,0.6667
4,216.0000,45,39,454.9766,-83.9398,0.2631,17,0.4359,0.7500,8,8,7,0,0,8,7,0.1250
4,216.0000,45,40,710.4872,-86.7927,0.4501,12,0.3077,1.0000,8,8,8,0,0,8,8,0.0000
4,216.0000,45,44,278.9841,-76.0669,-1.1830,34,0.8718,0.4000,5,6,3,0,0,6,3,0.5000
4,216.0000,45,46,543.5381,-84.4559,0.0968,18,0.4615,0.8571,7,6,4,0,0,6,4,0.3333
4,216.0000,46,0,702.1805,-85.6856,0.3946,20,0.5000,0.8571,7,8,7,0,0,8,7,0.1250
4,216.0000,46,5,615.9872,-85.9184,-0.2654,10,0.2500,0.6667,6,7,5,0,0,7,5,0.2857
4,216.0000,46,8,689.0902,-87.1803,0.8465,6,0.1500,1.0000,8,8,8,0,0,8,8,0.0000
4,216.0000,46,9,750.6051,-86.2684,0.6886,7,0.1750,0.7143,7,7,5,0,0,7,5,0.2857
4,216.0000,46,12,448.8272,-81.1547,-0.3625,23,0.5750,0.4000,5,7,6,0,0,7,6,0.1429
4,216.0000,46,13,418.8596,-81.1461,-0.5652,20,0.5000,0.8571,7,7,5,0,0,7,5,0.2857
4,216.0000,46,15,567.6956,-83.8100,-0.0842,15,0.3750,0.7143,7,8,8,0,0,8,8,0.0000
4,216.0000,46,18,699.0820,-86.6519,0.2161,12,0.3000,1.0000,8,7,6,0,0,7,6,0.1429
4,216.0000,46,19,486.8238,-81.5802,-0.5122,23,0.5750,1.0000,8,7,5,0,0,7,5,0.2857
4,216.0000,46,20,989.2105,-87.9516,0.1376,4,0.1000,1.0000,8,6,6,0,0,6,6,0.0000
4,216.0000,46,21,876.3463,-88.2955,0.6630,5,0.1250,1.0000,8,5,3,0,0,5,3,0.4000
4,216.0000,46,25,899.2392,-86.7187,0.6533,9,0.2250,1.0000,8,4,4,0,0,4,4,0.0000
4,216.0000,46,26,735.9104,-86.6613,0.3074,7,0.1750,1.0000,8,8,8,0,0,8,8,0.0000
4,216.0000,46,27,508.7298,-85.3770,0.8811,21,0.5250,0.8571,7,5,2,0,0,5,2,0.6000
4,216.0000,46,28,239.8441,-76.3724,-0.8221,35,0.8750,0.4000,5,5,1,0,0,5,1,0.8000
4,216.0000,46,29,753.0587,-88.0145,0.0382,8,0.2000,1.0000,8,8,8,0,0,8,8,0.0000
4,216.0000,46,30,489.9680,-82.9817,-0.0755,26,0.6500,0.8571,7,5,2,0,0,5,2,0.6000
4,216.0000,46,31,456.7685,-81.7620,-0.5065,17,0.4250,0.7500,8,7,5,0,0,7,5,0.2857
4,216.0000,46,32,807.2605,-87.5582,-0.2081,10,0.2500,1.0000,8,7,6,0,0,7,6,0.1429
4,216.0000,46,34,332.3408,-78.5850,-1.6701,29,0.7250,0.4000,5,6,4,0,0,6,4,0.3333
4,216.0000,46,36,767.9897,-87.0532,0.7629,12,0.3000,1.0000,6,5,4,0,0,5,4,0.2000
4,216.0000,46,39,165.7800,-73.2277,0.1218,35,0.8750,0.0000,4,5,2,2,2,7,4,0.4286
4,216.0000,46,40,598.7728,-84.3813,0.0107,15,0.3750,1.0000,8,8,7,0,0,8,7,0.1250
4,216.0000,46,41,973.5970,-88.5176,-0.2214,4,0.1000,1.0000,8,8,8,0,0,8,8,0.0000
4,216.0000,46,44,658.1538,-85.9156,0.0637,19,0.4750,0.8000,10,7,5,0,0,7,5,0.2857
4,216.0000,46,45,543.5381,-84.3054,-0.1331,19,0.4750,0.6000,5,8,6,0,0,8,6,0.2500
4,216.0000,47,2,612.7526,-85.6676,-0.6502,8,0.2000,1.0000,8,6,4,0,0,6,4,0.3333
4,216.0000,47,3,251.5135,-77.0768,0.0028,24,0.6000,0.0000,4,6,2,0,0,6,2,0.6667
4,216.0000,47,4,865.6943,-85.7791,-0.1368,6,0.1500,1.0000,8,8,8,0,0,8,8,0.0000
4,216.0000,47,6,236.1231,-74.0529,-1.4260,30,0.7500,0.2000,5,5,1,0,0,5,1,0.8000
4,216.0000,47,7,711.3695,-86.2761,-0.3349,7,0.1750,1.0000,8,8,8,0,0,8,8,0.0000
4,216.0000,47,10,711.5929,-85.6034,-0.6118,9,0.2250,1.0000,8,7,6,0,0,7,6,0.1429
4,216.0000,47,11,469.4454,-81.6462,-0.9696,20,0.5000,1.0000,8,7,5,0,0,7,5,0.2857
4,216.0000,47,14,791.0342,-85.7851,-0.2149,6,0.1500,0.7500,8,7,5,0,0,7,5,0.2857
4,216.0000,47,16,842.2417,-86.7026,-0.2685,4,0.1000,0.8333,6,8,7,0,0,8,7,0.1250
4,216.0000,47,17,623.1960,-84.8367,-0.3985,11,0.2750,0.6667,6,8,8,0,0,8,8,0.0000
4,216.0000,47,20,808.3772,-86.0998,-0.1996,3,0.0750,1.0000,8,8,8,0,0,8,8,0.0000
4,216.0000,47,22,599.4265,-84.5825,0.2331,9,0.2250,0.6667,6,8,7,0,0,8,7,0.1250
4,216.0000,47,23,546.2860,-84.9858,0.5967,8,0.2000,1.0000,8,6,4,0,0,6,4,0.3333
4,216.0000,47,24,481.9004,-82.8431,0.2284,15,0.3750,0.7143,7,8,7,0,0,8,7,0.1250
4,216.0000,47,33,375.9129,-81.2254,-0.9047,18,0.4500,1.0000,8,7,5,0,0,7,5,0.2857
4,216.0000,47,35,625.2968,-83.9167,-0.4522,11,0.2750,0.5000,4,8,8,0,0,8,8,0.0000
4,216.0000,47,37,530.4456,-83.6854,-0.3242,16,0.4000,0.6667,6,7,6,0,0,7,6,0.1429
4,216.0000,47,38,251.3606,-77.9567,0.1400,28,0.7000,0.8750,8,4,0,0,0,4,0,1.0000
4,216.0000,47,41,782.6625,-87.1005,-0.4003,3,0.0750,1.0000,8,8,6,0,0,8,6,0.2500
4,216.0000,47,43,731.2572,-86.4317,-0.5132,4,0.1000,1.0000,8,8,8,0,0,8,8,0.0000
4,220.0000,0,1,345.3359,-82.0626,0.8246,32,0.8000,0.3333,6,5,1,0,0,5,1,0.8000
4,220.0000,0,9,245.3727,-79.9433,1.1995,36,0.9000,0.2000,5,4,0,0,0,4,0,1.0000
4,220.0000,0,18,469.8915,-83.5337,-0.0433,28,0.7000,0.2000,5,7,5,0,0,7,5,0.2857
4,220.0000,0,19,788.9270,-86.8720,-0.5302,6,0.1500,1.0000,8,8,8,0,0,8,8,0.0000
4,220.0000,0,21,438.9937,-82.4544,-0.1217,32,0.8000,0.7500,8,5,2,0,0,5,2,0.6000
4,220.0000,0,25,211.5571,-78.1247,0.9697,36,0.9000,0.0000,4,3,0,0,0,3,0,1.0000
4,220.0000,0,27,311.3989,-78.7684,-0.4939,36,0.9000,0.2000,5,6,3,0,0,6,3,0.5000
4,220.0000,0,28,650.6209,-85.5805,0.1458,14,0.3500,0.4000,5,8,7,0,0,8,7,0.1250
4,220.0000,0,30,750.6688,-86.2506,-0.6735,11,0.2750,0.6667,6,8,7,0,0,8,7,0.1250
4,220.0000,0,32,405.9882,-80.3661,-1.0506,33,0.8250,0.0000,4,4,0,0,0,4,0,1.0000
4,220.0000,0,36,644.4194,-84.5899,-1.1647,18,0.4500,0.6000,5,8,8,0,0,8,8,0.0000
4,220.0000,0,39,573.9188,-83.3258,-0.2717,19,0.4750,0.7143,7,6,5,0,0,6,5,0.1667
4,220.0000,0,40,335.3129,-80.3156,-0.0403,35,0.8750,0.0000,4,4,0,0,0,4,0,1.0000
4,220.0000,0,44,545.5823,-84.3938,0.0558,26,0.6500,0.5714,7,8,5,0,0,8,5,0.3750
4,220.0000,0,45,683.4238,-85.2030,-0.2442,12,0.3000,0.8571,7,8,8,0,0,8,8,0.0000
4,220.0000,0,46,655.4226,-86.1735,-1.0066,7,0.1750,1.0000,8,7,6,0,0,7,6,0.1429
4,220.0000,1,0,345.3359,-81.8064,1.2001,25,0.6098,0.6667,6,5,2,0,0,5,2,0.6000
4,220.0000,1,9,167.9612,-75.3182,1.0661,36,0.8780,0.0000,4,4,0,0,0,4,0,1.0000
4,220.0000,1,18,300.3468,-79.0102,-0.1433,34,0.8293,0.0000,4,5,2,0,0,5,2,0.6000
4,220.0000,1,21,774.4495,-86.8405,0.2346,11,0.2683,1.0000,8,7,6,0,0,7,6,0.1429
4,220.0000,1,25,178.7655,-74.8281,0.1826,38,0.9268,0.0000,4,5,1,0,0,5,1,0.8000
4,220.0000,1,27,484.9083,-83.7665,0.0175,17,0.4146,0.6667,6,6,3,0,0,6,3,0.5000
4,220.0000,1,28,854.5344,-87.3031,0.8423,4,0.0976,0.8750,8,8,8,0,0,8,8,0.0000
4,220.0000,1,32,635.4980,-85.1513,0.4272,18,0.4390,0.8750,8,8,8,0,0,8,8,0.0000
4,220.0000,1,36,928.2974,-86.5371,-0.1488,5,0.1220,1.0000,6,8,8,0,0,8,8,0.0000
4,220.0000,1,39,734.4938,-85.9517,1.6566,4,0.0976,1.0000,8,8,7,0,0,8,7,0.1250
4,220.0000,1,40,312.5866,-80.7691,0.7613,28,0.6829,0.0000,4,6,3,0,0,6,3,0.5000
4,220.0000,1,44,841.0634,-87.1013,1.0646,4,0.0976,1.0000,8,8,8,0,0,8,8,0.0000
4,220.0000,1,46,747.2930,-86.0178,0.4920,3,0.0732,1.0000,8,8,8,0,0,8,8,0.0000
4,220.0000,2,3,397.4582,-82.8057,0.4779,25,0.6250,0.2000,5,6,2,0,0,6,2,0.6667
4,220.0000,2,4,422.6308,-81.3170,-0.7320,23,0.5750,0.4000,5,4,0,0,0,4,0,1.0000
4,220.0000,2,6,433.1211,-83.2501,0.1440,23,0.5750,0.4000,5,6,3,0,0,6,3,0.5000
4,220.0000,2,7,346.8987,-80.8289,-0.4833,22,0.5500,0.4000,5,5,1,0,0,5,1,0.8000
4,220.0000,2,8,778.6246,-86.4364,-0.6743,6,0.1500,0.6667,6,6,4,0,0,6,4,0.3333
4,220.0000,2,10,324.1730,-76.9228,-2.2332,32,0.8000,0.0000,4,6,3,0,0,6,3,0.5000
4,220.0000,2,11,217.6900,-76.0731,0.1480,32,0.8000,0.0000,4,5,1,0,0,5,1,0.8000
4,220.0000,2,12,1039.0729,-89.2357,-0.1141,6,0.1500,1.0000,4,8,8,0,0,8,8,0.0000
4,220.0000,2,13,986.1827,-88.5159,0.6156,3,0.0750,1.0000,8,6,6,0,0,6,6,0.0000
4,220.0000,2,14,534.5777,-82.8488,-0.5755,27,0.6750,0.2000,5,8,7,0,0,8,7,0.1250
4,220.0000,2,16,361.5641,-79.2381,-0.9779,31,0.7750,0.1667,6,4,1,0,0,4,1,0.7500
4,220.0000,2,17,245.4938,-75.6849,-0.8634,36,0.9000,0.2000,5,6,2,0,0,6,2,0.6667
4,220.0000,2,20,627.6225,-85.3825,0.5515,11,0.2750,0.8750,8,7,6,0,0,7,6,0.1429
4,220.0000,2,22,239.1889,-78.4656,0.2289,33,0.8250,0.6667,6,6,2,0,0,6,2,0.6667
4,220.0000,2,23,390.1110,-82.4819,0.7805,26,0.6500,0.4000,5,6,2,0,0,6,2,0.6667
4,220.0000,2,24,256.7567,-77.5466,-0.0950,30,0.7500,0.4000,5,4,0,0,0,4,0,1.0000
4,220.0000,2,26,971.7557,-87.7096,-0.9877,6,0.1500,1.0000,6,4,4,0,0,4,4,0.0000
4,220.0000,2,29,944.0500,-87.7219,0.2137,4,0.1000,1.0000,8,5,4,0,0,5,4,0.2000
4,220.0000,2,31,1013.6470,-88.9005,-0.0254,7,0.1750,1.0000,6,4,4,0,0,4,4,0.0000
4,220.0000,2,33,427.7654,-82.7961,-0.4923,24,0.6000,0.8571,7,5,2,0,0,5,2,0.6000
4,220.0000,2,35,425.7397,-80.9319,-0.5082,31,0.7750,0.4286,7,7,6,0,0,7,6,0.1429
4,220.0000,2,37,294.3248,-77.4283,-0.7018,37,0.9250,0.4000,5,7,6,0,0,7,6,0.1429
4,220.0000,2,38,291.8934,-80.7379,0.5270,31,0.7750,0.6250,8,4,1,0,0,4,1,0.7500
4,220.0000,2,41,429.6000,-83.3796,1.0254,17,0.4250,0.6667,6,6,2,0,0,6,2,0.6667
4,220.0000,2,42,650.0887,-84.4422,-0.9418,20,0.5000,1.0000,10,7,6,0,0,7,6,0.1429
4,220.0000,2,43,458.7136,-84.3200,0.1563,14,0.3500,0.8750,8,7,5,0,0,7,5,0.2857
4,220.0000,2,47,467.4799,-84.5969,0.7455,27,0.6750,0.6667,6,7,2,0,0,7,2,0.7143
4,220.0000,3,2,397.4582,-84.1035,0.5044,18,0.4500,0.7143,7,6,2,0,0,6,2,0.6667
4,220.0000,3,4,769.6502,-86.4458,0.4278,8,0.2000,0.8750,8,8,8,0,0,8,8,0.0000
4,220.0000,3,6,280.0756,-77.7213,-0.4011,26,0.6500,0.2000,5,6,3,0,0,6,3,0.5000
4,220.0000,3,7,532.2047,-85.2783,0.8227,11,0.2750,0.8571,7,8,8,0,0,8,8,0.0000
4,220.0000,3,8,995.2423,-88.8906,-0.8038,3,0.0750,1.0000,8,6,6,0,0,6,6,0.0000
4,220.0000,3,10,701.2778,-85.9352,-0.8955,16,0.4000,1.0000,8,7,5,0,0,7,5,0.2857
4,220.0000,3,11,488.0849,-83.3838,0.4706,17,0.4250,0.8750,8,7,5,0,0,7,5,0.2857
4,220.0000,3,14,858.1856,-86.3606,-0.4392,9,0.2250,1.0000,9,7,6,0,0,7,6,0.1429
4,220.0000,3,16,706.6379,-87.8039,-0.8567,10,0.2500,1.0000,6,9,8,0,0,9,8,0.1111
4,220.0000,3,17,586.0710,-85.8741,-0.3942,13,0.3250,0.7500,8,7,6,0,0,7,6,0.1429
4,220.0000,3,20,625.0331,-85.6286,0.0915,16,0.4000,0.8750,8,8,8,0,0,8,8,0.0000
4,220.0000,3,22,324.4621,-81.3734,1.2093,18,0.4500,0.4000,5,5,2,0,0,5,2,0.6000
4,220.0000,3,23,269.6419,-78.2004,0.0795,28,0.7000,0.5000,6,5,2,0,0,5,2,0.6000
4,220.0000,3,24,423.9405,-82.3219,-0.2698,17,0.4250,1.0000,8,7,6,0,0,7,6,0.1429
4,220.0000,3,33,179.5260,-73.4054,0.0821,30,0.7500,0.0000,4,4,0,0,0,4,0,1.0000
4,220.0000,3,35,723.6530,-86.7913,0.6113,11,0.2750,1.0000,8,7,6,0,0,7,6,0.1429
4,220.0000,3,37,570.1289,-83.8876,0.0562,15,0.3750,0.8571,7,7,5,0,0,7,5,0.2857
4,220.0000,3,38,242.5141,-78.7979,0.0462,26,0.6500,0.4000,5,5,2,0,0,5,2,0.6000
4,220.0000,3,41,557.6899,-85.1815,0.0983,15,0.3750,0.7143,7,8,7,0,0,8,7,0.1250
4,220.0000,3,42,1040.4532,-88.4558,-0.5571,3,0.0750,1.0000,4,6,6,0,0,6,6,0.0000
4,220.0000,3,43,473.3041,-83.1986,0.8346,18,0.4500,0.7143,7,8,6,0,0,8,6,0.2500
4,220.0000,3,47,180.6861,-76.5037,0.8364,32,0.8000,0.2000,5,4,0,0,0,4,0,1.0000
4,220.0000,4,2,422.6308,-81.6134,-0.6907,22,0.5500,0.8750,8,8,7,0,0,8,7,0.1250
4,220.0000,4,3,769.6502,-85.8124,-0.4053,9,0.2250,1.0000,8,8,8,0,0,8,8,0.0000
4,220.0000,4,5,696.3479,-86.7590,0.6697,7,0.1750,0.7143,7,7,5,0,0,7,5,0.2857
4,220.0000,4,6,750.8497,-87.0192,-0.3062,7,0.1750,1.0000,8,7,6,0,0,7,6,0.1429
4,220.0000,4,7,477.9810,-83.2078,-0.4599,11,0.2750,0.8750,8,8,8,0,0,8,8,0.0000
4,220.0000,4,8,472.9934,-82.6024,-0.2790,13,0.3250,1.0000,8,7,6,0,0,7,6,0.1429
4,220.0000,4,10,398.1235,-81.5801,-0.1151,25,0.6250,0.6250,8,7,6,0,0,7,6,0.1429
4,220.0000,4,11,498.3100,-82.6988,-0.4539,15,0.3750,0.4000,5,8,7,0,0,8,7,0.1250
4,220.0000,4,12,796.2774,-87.5402,1.0915,5,0.1250,1.0000,8,7,6,0,0,7,6,0.1429
4,220.0000,4,13,689.3366,-86.1554,1.1642,7,0.1750,0.8571,7,8,8,0,0,8,8,0.0000
4,220.0000,4,14,589.3863,-84.5085,-0.2279,19,0.4750,0.8571,7,8,7,0,0,8,7,0.1250
4,220.0000,4,16,521.2489,-83.0122,-0.6947,24,0.6000,1.0000,8,6,6,0,0,6,6,0.0000
4,220.0000,4,17,454.6187,-83.1970,-0.3466,19,0.4750,0.7500,8,7,5,0,0,7,5,0.2857
4,220.0000,4,20,624.0784,-84.7314,-1.4999,9,0.2250,0.7143,7,8,8,0,0,8,8,0.0000
4,220.0000,4,22,482.3294,-81.1640,-0.8839,20,0.5000,0.7143,7,5,3,0,0,5,3,0.4000
4,220.0000,4,23,629.1350,-85.2923,-0.9778,11,0.2750,1.0000,8,8,8,0,0,8,8,0.0000
4,220.0000,4,24,518.8612,-83.5565,0.1618,16,0.4000,1.0000,8,6,4,0,0,6,4,0.3333
4,220.0000,4,26,614.3724,-84.6653,0.5370,8,0.2000,0.6667,6,7,5,0,0,7,5,0.2857
4,220.0000,4,29,620.8431,-85.2823,0.4755,10,0.2500,1.0000,8,7,5,0,0,7,5,0.2857
4,220.0000,4,31,710.4717,-87.7634,-0.4326,5,0.1250,1.0000,8,7,6,0,0,7,6,0.1429
4,220.0000,4,33,725.3212,-85.2998,-0.8834,12,0.3000,0.8000,5,9,8,0,0,9,8,0.1111
4,220.0000,4,34,778.1684,-86.7613,0.1995,6,0.1500,1.0000,6,6,5,0,0,6,5,0.1667
4,220.0000,4,35,622.4523,-84.2701,-1.0489,14,0.3500,0.6667,6,8,7,0,0,8,7,0.1250
4,220.0000,4,37,545.7615,-84.2311,0.3828,13,0.3250,0.7143,7,7,6,0,0,7,6,0.1429
4,220.0000,4,38,706.3153,-85.4229,0.0429,11,0.2750,1.0000,8,7,6,0,0,7,6,0.1429
4,220.0000,4,41,427.6047,-80.8650,-0.2847,19,0.4750,0.6667,6,6,4,0,0,6,4,0.3333
4,220.0000,4,42,369.5219,-81.4436,0.3309,25,0.6250,0.3333,6,8,8,0,0,8,8,0.0000
4,220.0000,4,43,534.0275,-84.3195,0.4364,11,0.2750,0.8571,7,8,6,0,0,8,6,0.2500
4,220.0000,4,46,1167.8327,-88.8946,0.8638,3,0.0750,,0,2,2,0,0,2,2,0.0000
4,220.0000,4,47,865.3236,-86.7023,0.1289,8,0.2000,1.0000,8,8,7,0,0,8,7,0.1250
4,220.0000,5,2,1006.3287,-88.0543,-0.1877,3,0.0732,1.0000,4,8,8,0,0,8,8,0.0000
4,220.0000,5,4,696.3479,-86.9593,-1.2348,4,0.0976,1.0000,8,8,8,0,0,8,8,0.0000
4,220.0000,5,7,792.3845,-86.8792,-0.1190,5,0.1220,0.8750,8,8,8,0,0,8,8,0.0000
4,220.0000,5,8,503.7987,-83.9646,-1.0638,10,0.2439,0.7143,7,8,7,0,0,8,7,0.1250
4,220.0000,5,12,681.1704,-87.2976,-0.0949,4,0.0976,0.8571,7,7,6,0,0,7,6,0.1429
4,220.0000,5,13,304.0114,-79.9370,0.4281,17,0.4146,0.7143,7,4,0,0,0,4,0,1.0000
4,220.0000,5,15,840.3210,-88.3307,0.1462,4,0.0976,1.0000,8,8,8,0,0,8,8,0.0000
4,220.0000,5,20,925.2687,-87.4905,-2.6769,3,0.0732,1.0000,8,6,6,0,0,6,6,0.0000
4,220.0000,5,26,230.9493,-76.1707,-0.0929,38,0.9268,0.0000,4,5,2,0,0,5,2,0.6000
4,220.0000,5,28,933.8344,-87.4783,0.8191,5,0.1220,1.0000,8,8,8,0,0,8,8,0.0000
4,220.0000,5,29,154.8547,-73.0357,-0.4296,38,0.9268,0.0000,4,4,0,0,0,4,0,1.0000
4,220.0000,5,31,219.7886,-77.2476,0.3986,27,0.6585,0.4000,5,4,0,0,0,4,0,1.0000
4,220.0000,5,34,312.8297,-80.8504,1.0285,17,0.4146,0.2500,4,4,0,0,0,4,0,1.0000
4,220.0000,5,35,1041.3648,-88.9274,0.2211,4,0.0976,1.0000,4,6,6,0,0,6,6,0.0000
4,220.0000,5,39,877.8603,-88.3476,0.1024,6,0.1463,1.0000,8,8,8,0,0,8,8,0.0000
4,220.0000,5,40,1023.4922,-87.1324,-0.4638,5,0.1220,0.8333,6,6,6,0,0,6,6,0.0000
4,220.0000,5,41,778.3107,-88.9892,-0.4144,3,0.0732,0.8571,7,7,6,0,0,7,6,0.1429
4,220.0000,5,42,629.6788,-86.6159,-0.4003,7,0.1707,1.0000,8,7,6,0,0,7,6,0.1429
4,220.0000,5,46,646.2933,-86.5221,-0.0564,9,0.2195,0.7143,7,8,8,0,0,8,8,0.0000
4,220.0000,6,2,433.1211,-83.0015,0.9784,15,0.3750,0.0000,4,5,2,0,0,5,2,0.6000
4,220.0000,6,3,280.0756,-77.0153,-0.5134,31,0.7750,0.3333,6,5,2,0,0,5,2,0.6000
4,220.0000,6,4,750.8497,-86.4649,-0.5317,9,0.2250,1.0000,8,8,7,0,0,8,7,0.1250
4,220.0000,6,7,357.2632,-82.5445,1.1245,12,0.3000,0.4000,5,5,1,0,0,5,1,0.8000
4,220.0000,6,10,662.1447,-86.4905,0.4315,13,0.3250,0.7143,7,7,5,0,0,7,5,0.2857
4,220.0000,6,11,404.4128,-81.4271,-0.4775,19,0.4750,0.6667,6,5,2,0,0,5,2,0.6000
4,220.0000,6,14,749.9413,-86.3988,-0.4037,7,0.1750,1.0000,8,7,6,0,0,7,6,0.1429
4,220.0000,6,16,700.2633,-86.3547,-0.3266,8,0.2000,0.8750,8,8,8,0,0,8,8,0.0000
4,220.0000,6,17,661.8883,-85.4383,0.5553,10,0.2500,0.8750,8,8,8,0,0,8,8,0.0000
4,220.0000,6,20,565.4512,-84.7511,0.6291,12,0.3000,0.6667,6,7,5,0,0,7,5,0.2857
4,220.0000,6,22,440.6057,-82.6903,0.5058,21,0.5250,1.0000,8,8,8,0,0,8,8,0.0000
4,220.0000,6,23,418.1283,-82.6277,1.0044,19,0.4750,0.6667,6,6,2,0,0,6,2,0.6667
4,220.0000,6,24,281.6207,-80.3516,1.8945,24,0.6000,0.4000,5,4,0,0,0,4,0,1.0000
4,220.0000,6,31,1096.1212,-87.7261,1.5173,3,0.0750,1.0000,8,8,8,0,0,8,8,0.0000
4,220.0000,6,33,225.6131,-76.4116,0.6082,31,0.7750,0.3333,6,6,3,0,0,6,3,0.5000
4,220.0000,6,35,681.2847,-85.4051,0.7232,9,0.2250,0.8571,7,7,6,0,0,7,6,0.1429
4,220.0000,6,37,489.8017,-83.1495,-0.2372,16,0.4000,0.6250,8,6,5,0,0,6,5,0.1667
4,220.0000,6,38,287.3608,-79.8708,-0.0382,25,0.6250,0.5000,6,4,0,0,0,4,0,1.0000
4,220.0000,6,41,457.0303,-83.9800,0.9868,14,0.3500,0.7143,7,6,3,0,0,6,3,0.5000
4,220.0000,6,43,426.1312,-83.1651,0.2289,15,0.3750,0.5714,7,6,3,0,0,6,3,0.5000
4,220.0000,6,47,247.8079,-77.0587,0.0787,33,0.8250,0.2000,5,4,0,0,0,4,0,1.0000
4,220.0000,7,2,346.8987,-81.5320,0.4739,25,0.6250,0.8571,7,7,4,0,0,7,4,0.4286
4,220.0000,7,3,532.2047,-85.0646,0.5506,22,0.5500,0.8571,7,6,4,0,0,6,4,0.3333
4,220.0000,7,4,477.9810,-82.8118,-0.2790,25,0.6250,0.8750,8,6,4,0,0,6,4,0.3333
4,220.0000,7,5,792.3845,-87.2687,-0.3055,10,0.2500,0.8889,9,8,8,0,0,8,8,0.0000
4,220.0000,7,6,357.2632,-83.3077,0.9448,26,0.6500,0.6667,6,4,0,0,0,4,0,1.0000
4,220.0000,7,8,641.0880,-85.6266,0.2082,15,0.3750,0.8571,7,6,4,0,0,6,4,0.3333
4,220.0000,7,10,427.0660,-81.3272,-0.5822,27,0.6750,0.6667,6,7,5,0,0,7,5,0.2857
4,220.0000,7,11,250.3425,-78.5396,1.1490,28,0.7000,0.0000,4,4,0,0,0,4,0,1.0000
4,220.0000,7,12,860.6406,-87.2877,-0.7580,4,0.1000,0.8571,7,8,8,0,0,8,8,0.0000
4,220.0000,7,13,765.9724,-86.1594,-0.3514,9,0.2250,1.0000,8,8,8,0,0,8,8,0.0000
4,220.0000,7,14,496.8677,-83.1021,0.5314,23,0.5750,0.7143,7,8,8,0,0,8,8,0.0000
4,220.0000,7,15,920.0348,-88.6916,-0.4180,4,0.1000,1.0000,8,8,8,0,0,8,8,0.0000
4,220.0000,7,16,528.7399,-84.6829,-0.6649,25,0.6250,0.8571,7,7,6,0,0,7,6,0.1429
4,220.0000,7,17,547.7747,-85.1171,-0.2449,19,0.4750,0.7143,7,5,1,0,0,5,1,0.8000
4,220.0000,7,20,523.7443,-84.4597,0.2245,18,0.4500,0.6667,6,7,6,0,0,7,6,0.1429
4,220.0000,7,22,450.3722,-82.5573,-0.8885,26,0.6500,0.7143,7,6,3,0,0,6,3,0.5000
4,220.0000,7,23,530.8329,-84.7534,0.1729,22,0.5500,0.8571,7,6,4,0,0,6,4,0.3333
4,220.0000,7,24,140.2702,-75.4564,1.6237,31,0.7750,0.0000,4,5,1,0,0,5,1,0.8000
4,220.0000,7,26,831.2484,-87.5861,-0.9651,8,0.2000,1.0000,8,8,8,0,0,8,8,0.0000
4,220.0000,7,29,768.4442,-86.1273,0.1335,9,0.2250,1.0000,8,7,6,0,0,7,6,0.1429
4,220.0000,7,31,787.9455,-85.9380,-0.2459,10,0.2500,1.0000,8,8,8,0,0,8,8,0.0000
4,220.0000,7,33,461.2502,-83.8290,0.2137,22,0.5500,0.5714,7,7,5,0,0,7,5,0.2857
4,220.0000,7,34,785.3227,-86.8820,1.0641,9,0.2250,1.0000,8,8,8,0,0,8,8,0.0000
4,220.0000,7,35,527.2474,-82.7116,-0.9160,25,0.6250,0.7500,8,6,2,0,0,6,2,0.6667
4,220.0000,7,37,334.3318,-80.0351,-0.3925,27,0.6750,0.2500,4,5,2,0,0,5,2,0.6000
4,220.0000,7,38,438.7016,-83.5489,0.0795,22,0.5500,0.8571,7,6,3,0,0,6,3,0.5000
4,220.0000,7,41,284.9329,-78.8707,0.2547,28,0.7000,0.4000,5,6,4,0,0,6,4,0.3333
4,220.0000,7,42,660.6746,-86.2513,-1.1421,20,0.5000,0.4000,5,8,7,0,0,8,7,0.1250
4,220.0000,7,43,393.8242,-83.2913,1.4303,22,0.5500,0.4000,5,7,5,0,0,7,5,0.2857
4,220.0000,7,47,548.6787,-85.0925,-0.2327,21,0.5250,0.5000,6,6,3,0,0,6,3,0.5000
4,220.0000,8,2,778.6246,-88.2976,-0.2477,5,0.1250,1.0000,8,8,8,0,0,8,8,0.0000
4,220.0000,8,4,472.9934,-83.8065,0.3546,16,0.4000,0.8571,7,6,4,0,0,6,4,0.3333
4,220.0000,8,5,503.7987,-83.1836,0.3409,17,0.4250,0.8571,7,8,8,0,0,8,8,0.0000
4,220.0000,8,6,904.0990,-88.4992,1.7904,3,0.0750,1.0000,8,8,8,0,0,8,8,0.0000
4,220.0000,8,7,641.0880,-85.0185,-0.9495,11,0.2750,0.8571,7,7,6,0,0,7,6,0.1429
4,220.0000,8,10,808.2096,-87.1144,-0.4119,10,0.2500,0.8750,8,8,8,0,0,8,8,0.0000
4,220.0000,8,11,816.5337,-87.5880,-0.2287,7,0.1750,0.8571,7,8,8,0,0,8,8,0.0000
4,220.0000,8,12,336.4233,-82.2763,1.4783,20,0.5000,0.8571,7,4,0,0,0,4,0,1.0000
4,220.0000,8,13,303.5178,-79.1080,0.2801,27,0.6750,0.5714,7,6,4,0,0,6,4,0.3333
4,220.0000,8,14,917.5615,-88.1242,-0.0291,6,0.1500,0.8571,7,7,6,0,0,7,6,0.1429
4,220.0000,8,15,601.1560,-84.2395,-0.2346,14,0.3500,1.0000,8,7,6,0,0,7,6,0.1429
4,220.0000,8,16,949.7436,-87.3692,-0.8958,4,0.1000,1.0000,6,6,6,0,0,6,6,0.0000
4,220.0000,8,17,901.7487,-87.6393,0.4384,6,0.1500,0.8750,8,6,6,0,0,6,6,0.0000
4,220.0000,8,20,505.4029,-84.4456,0.0410,14,0.3500,0.6667,6,7,6,0,0,7,6,0.1429
4,220.0000,8,22,744.5433,-85.9157,0.0988,9,0.2250,1.0000,8,8,8,0,0,8,8,0.0000
4,220.0000,8,23,806.6727,-87.8960,0.6757,5,0.1250,1.0000,8,8,8,0,0,8,8,0.0000
4,220.0000,8,24,751.4330,-87.5478,1.6814,8,0.2000,0.8750,8,8,7,0,0,8,7,0.1250
4,220.0000,8,26,547.3429,-83.1617,-0.2856,21,0.5250,1.0000,8,7,6,0,0,7,6,0.1429
4,220.0000,8,28,878.2062,-88.0407,0.7268,6,0.1500,1.0000,8,6,6,0,0,6,6,0.0000
4,220.0000,8,29,539.4594,-83.2185,0.2103,19,0.4750,0.8571,7,8,6,0,0,8,6,0.2500
4,220.0000,8,30,964.1022,-87.8662,-0.0945,3,0.0750,1.0000,2,6,6,0,0,6,6,0.0000
4,220.0000,8,31,372.4265,-80.5005,-0.4614,26,0.6500,0.4000,5,8,7,0,0,8,7,0.1250
4,220.0000,8,33,869.4099,-88.2929,-0.0208,7,0.1750,0.6667,6,6,6,0,0,6,6,0.0000
4,220.0000,8,34,413.8714,-82.2870,1.3541,17,0.4250,0.6250,8,6,4,0,0,6,4,0.3333
4,220.0000,8,37,887.2577,-87.5198,-1.6558,7,0.1750,1.0000,8,6,6,0,0,6,6,0.0000
4,220.0000,8,38,1001.2495,-89.2666,0.2359,3,0.0750,1.0000,8,8,8,0,0,8,8,0.0000
4,220.0000,8,39,898.9995,-87.4605,0.2412,6,0.1500,1.0000,8,3,2,0,0,3,2,0.3333
4,220.0000,8,41,451.8176,-82.8105,0.1139,16,0.4000,0.6667,6,6,4,0,0,6,4,0.3333
4,220.0000,8,42,687.5120,-86.6456,0.8119,10,0.2500,1.0000,4,4,4,0,0,4,4,0.0000
4,220.0000,8,43,556.4139,-85.7031,0.1069,10,0.2500,1.0000,8,7,6,0,0,7,6,0.1429
4,220.0000,8,46,736.8013,-86.3238,0.0004,9,0.2250,0.8750,8,7,6,0,0,7,6,0.1429
4,220.0000,9,0,245.3727,-80.3190,0.6722,36,0.9000,0.2000,5,6,2,0,0,6,2,0.6667
4,220.0000,9,1,167.9612,-75.5441,1.1907,40,1.0000,0.0000,4,4,0,0,0,4,0,1.0000
4,220.0000,9,18,341.3056,-80.1048,-0.3687,34,0.8500,0.2000,5,6,3,0,0,6,3,0.5000
4,220.0000,9,19,947.3399,-86.4890,0.3180,4,0.1000,1.0000,8,8,8,0,0,8,8,0.0000
4,220.0000,9,21,682.4255,-86.5492,0.9599,10,0.2500,1.0000,8,6,4,0,0,6,4,0.3333
4,220.0000,9,25,198.6830,-78.3485,1.5336,38,0.9500,0.0000,4,4,0,0,0,4,0,1.0000
4,220.0000,9,27,383.2873,-81.0132,-0.5550,32,0.8000,0.0000,4,7,5,0,0,7,5,0.2857
4,220.0000,9,28,784.4677,-88.3528,0.0195,4,0.1000,0.8750,8,7,5,0,0,7,5,0.2857
4,220.0000,9,32,617.1689,-84.6613,-0.3817,21,0.5250,0.6667,6,8,6,0,0,8,6,0.2500
4,220.0000,9,34,1122.2575,-87.3164,0.9639,3,0.0750,1.0000,4,6,6,0,0,6,6,0.0000
4,220.0000,9,36,871.4162,-85.4141,-1.9784,5,0.1250,1.0000,8,8,8,0,0,8,8,0.0000
4,220.0000,9,39,675.1638,-86.0499,-1.3424,3,0.0750,1.0000,8,7,5,0,0,7,5,0.2857
4,220.0000,9,40,180.8342,-73.8574,-0.6711,36,0.9000,0.0000,4,4,0,0,0,4,0,1.0000
4,220.0000,9,44,777.1969,-87.9608,0.7507,3,0.0750,0.8333,6,10,10,0,0,10,10,0.0000
4,220.0000,9,46,677.2404,-86.6897,0.6073,6,0.1500,0.7143,7,8,8,0,0,8,8,0.0000
4,220.0000,10,2,324.1730,-75.8258,-1.8147,34,0.8718,0.2000,5,6,4,0,0,6,4,0.3333
4,220.0000,10,3,701.2778,-86.2883,-0.0362,18,0.4615,0.8571,7,8,7,0,0,8,7,0.1250
4,220.0000,10,4,398.1235,-81.4388,-1.4208,22,0.5641,0.6667,6,7,4,0,0,7,4,0.4286
4,220.0000,10,5,872.3309,-86.3962,0.7856,5,0.1282,1.0000,8,10,10,0,0,10,10,0.0000
4,220.0000,10,6,662.1447,-86.1226,-0.6422,16,0.4103,0.8750,8,8,8,0,0,8,8,0.0000
4,220.0000,10,7,427.0660,-81.8088,-0.0547,28,0.7179,0.5000,6,8,7,0,0,8,7,0.1250
4,220.0000,10,8,808.2096,-86.4784,-0.2464,11,0.2821,1.0000,8,8,8,0,0,8,8,0.0000
4,220.0000,10,11,263.9941,-77.7203,-0.0337,33,0.8462,0.5000,6,6,4,4,1,10,5,0.5000
4,220.0000,10,14,257.0222,-78.0056,-0.3366,35,0.8974,0.3333,6,4,0,0,0,4,0,1.0000
4,220.0000,10,15,1264.6155,-88.5644,-0.9806,3,0.0769,1.0000,4,4,4,0,0,4,4,0.0000
4,220.0000,10,16,147.6941,-74.3156,0.5076,36,0.9231,0.0000,4,4,0,0,0,4,0,1.0000
4,220.0000,10,17,274.6785,-79.3900,0.3390,35,0.8974,0.7143,7,5,1,0,0,5,1,0.8000
4,220.0000,10,20,841.7347,-86.8698,-0.5370,6,0.1538,0.7500,8,6,6,0,0,6,6,0.0000
4,220.0000,10,22,546.6240,-83.5995,-0.3283,23,0.5897,0.5000,6,8,7,0,0,8,7,0.1250
4,220.0000,10,23,706.6313,-85.5449,-0.5206,12,0.3077,0.7143,7,7,6,0,0,7,6,0.1429
4,220.0000,10,24,395.7844,-80.0773,-1.1679,28,0.7179,0.6250,8,5,2,0,0,5,2,0.6000
4,220.0000,10,26,798.2888,-87.5710,0.0735,8,0.2051,1.0000,4,6,6,0,0,6,6,0.0000
4,220.0000,10,29,773.5388,-87.4081,0.1250,8,0.2051,1.0000,8,8,8,0,0,8,8,0.0000
4,220.0000,10,31,948.8500,-88.4435,0.5067,9,0.2308,1.0000,8,8,8,0,0,8,8,0.0000
4,220.0000,10,33,726.4238,-85.3763,-0.8463,18,0.4615,0.8571,7,7,6,0,0,7,6,0.1429
4,220.0000,10,35,226.2927,-77.7333,0.6422,37,0.9487,0.0000,4,5,1,0,0,5,1,0.8000
4,220.0000,10,37,227.0391,-77.0512,0.3501,34,0.8718,0.2000,5,6,3,0,0,6,3,0.5000
4,220.0000,10,38,522.1327,-83.8674,-0.6617,28,0.7179,0.6667,6,7,6,0,0,7,6,0.1429
4,220.0000,10,41,594.1730,-83.9051,-0.8130,15,0.3846,0.8571,7,7,6,0,0,7,6,0.1429
4,220.0000,10,42,406.0060,-82.4057,-0.6146,24,0.6154,0.2000,5,6,3,0,0,6,3,0.5000
4,220.0000,10,43,695.0476,-85.7445,0.3941,12,0.3077,1.0000,8,8,8,0,0,8,8,0.0000
4,220.0000,10,47,720.8779,-86.2379,-0.4800,18,0.4615,1.0000,8,8,7,0,0,8,7,0.1250
4,220.0000,11,2,217.6900,-76.2131,0.4585,34,0.8293,0.0000,4,5,1,0,0,5,1,0.8000
4,220.0000,11,3,488.0849,-82.9187,-0.2244,20,0.4878,0.6667,6,8,6,0,0,8,6,0.2500
4,220.0000,11,4,498.3100,-82.5280,0.3087,12,0.2927,0.7143,7,8,7,0,0,8,7,0.1250
4,220.0000,11,6,404.4128,-81.3193,-0.0013,21,0.5122,0.4000,5,6,4,0,0,6,4,0.3333
4,220.0000,11,7,250.3425,-78.2667,0.4878,26,0.6341,0.0000,4,4,0,0,0,4,0,1.0000
4,220.0000,11,8,816.5337,-87.4102,1.3488,4,0.0976,1.0000,8,8,8,0,0,8,8,0.0000
4,220.0000,11,10,263.9941,-77.8838,-0.7078,32,0.7805,0.5000,8,5,1,0,0,5,1,0.8000
4,220.0000,11,14,373.4255,-81.5361,-0.3139,25,0.6098,0.8571,7,7,4,0,0,7,4,0.4286
4,220.0000,11,16,311.0653,-80.5923,0.9321,29,0.7073,0.5000,6,6,3,0,0,6,3,0.5000
4,220.0000,11,17,355.4556,-81.0467,0.9525,25,0.6098,0.3333,6,5,2,0,0,5,2,0.6000
4,220.0000,11,20,705.8849,-86.0084,-0.7150,6,0.1463,1.0000,8,8,8,0,0,8,8,0.0000
4,220.0000,11,22,429.5683,-81.8669,-0.2689,17,0.4146,0.0000,4,6,4,0,0,6,4,0.3333
4,220.0000,11,23,550.1819,-84.2719,0.8151,13,0.3171,0.7500,8,7,6,0,0,7,6,0.1429
4,220.0000,11,24,156.4391,-67.2238,-2.6990,36,0.8780,0.0000,4,6,2,0,0,6,2,0.6667
4,220.0000,11,26,929.0533,-88.3978,0.5222,3,0.0732,1.0000,2,7,6,0,0,7,6,0.1429
4,220.0000,11,29,881.1106,-86.7757,0.5087,4,0.0976,1.0000,4,8,7,0,0,8,7,0.1250
4,220.0000,11,33,505.8787,-82.2085,-0.8561,23,0.5610,0.7143,7,5,2,0,0,5,2,0.6000
4,220.0000,11,35,304.3681,-78.7381,-0.6365,34,0.8293,0.2000,5,5,2,0,0,5,2,0.6000
4,220.0000,11,37,108.6585,-67.1028,-0.9474,36,0.8780,0.0000,4,4,0,0,0,4,0,1.0000
4,220.0000,11,38,302.6040,-78.8127,-0.5607,31,0.7561,0.4000,5,6,2,0,0,6,2,0.6667
4,220.0000,11,41,471.9547,-82.7225,0.7824,19,0.4634,0.0000,4,6,4,0,0,6,4,0.3333
4,220.0000,11,42,627.1190,-86.0427,0.4086,11,0.2683,1.0000,6,7,5,0,0,7,5,0.2857
4,220.0000,11,43,544.7924,-85.0132,0.3330,14,0.3415,0.8750,8,6,4,0,0,6,4,0.3333
4,220.0000,11,47,482.3178,-82.4355,0.3888,21,0.5122,0.8571,7,7,5,0,0,7,5,0.2857
4,220.0000,12,4,796.2774,-87.1504,0.4906,7,0.1707,1.0000,6,8,8,0,0,8,8,0.0000
4,220.0000,12,5,681.1704,-85.8620,0.9379,8,0.1951,0.8000,5,10,10,0,0,10,10,0.0000
4,220.0000,12,7,860.6406,-87.3622,2.3140,3,0.0732,1.0000,8,8,8,0,0,8,8,0.0000
4,220.0000,12,8,336.4233,-82.1158,-0.4696,17,0.4146,0.5000,6,5,1,0,0,5,1,0.8000
4,220.0000,12,13,380.0025,-81.2611,-0.0256,18,0.4390,0.8750,8,6,3,0,0,6,3,0.5000
4,220.0000,12,15,333.3277,-79.5769,-0.2962,29,0.7073,0.5714,7,7,5,0,0,7,5,0.2857
4,220.0000,12,19,628.4599,-85.7812,-0.9690,20,0.4878,1.0000,8,8,7,0,0,8,7,0.1250
4,220.0000,12,20,558.4313,-84.5293,0.0249,9,0.2195,1.0000,8,8,7,0,0,8,7,0.1250
4,220.0000,12,23,965.2672,-87.4240,0.4927,3,0.0732,1.0000,4,8,8,0,0,8,8,0.0000
4,220.0000,12,24,975.4962,-88.0993,0.3932,4,0.0976,1.0000,6,8,8,0,0,8,8,0.0000
4,220.0000,12,26,795.0083,-87.1854,-0.7995,9,0.2195,0.8571,7,8,8,0,0,8,8,0.0000
4,220.0000,12,27,841.6383,-86.9342,-0.1440,8,0.1951,1.0000,8,8,7,0,0,8,7,0.1250
4,220.0000,12,28,605.2605,-83.8615,-0.6107,19,0.4634,1.0000,8,8,8,0,0,8,8,0.0000
4,220.0000,12,29,775.9352,-87.9264,0.9732,4,0.0976,1.0000,8,8,8,0,0,8,8,0.0000
4,220.0000,12,30,647.7997,-85.7137,-0.8242,22,0.5366,0.8571,7,6,4,0,0,6,4,0.3333
4,220.0000,12,31,471.1933,-83.3390,-0.0545,18,0.4390,0.8571,7,7,6,0,0,7,6,0.1429
4,220.0000,12,34,438.0271,-83.2568,-0.0622,20,0.4878,0.7143,7,6,4,8,7,14,11,0.2143
4,220.0000,12,36,1005.8310,-88.3098,-0.0460,7,0.1707,1.0000,4,6,6,0,0,6,6,0.0000
4,220.0000,12,39,666.7313,-85.5077,-0.5353,17,0.4146,0.9333,15,8,8,0,0,8,8,0.0000
4,220.0000,12,40,1075.2927,-88.3467,-0.6941,6,0.1463,1.0000,6,6,6,0,0,6,6,0.0000
4,220.0000,12,41,637.5525,-85.8118,0.1680,9,0.2195,0.8750,8,8,8,0,0,8,8,0.0000
4,220.0000,12,42,1018.9303,-89.1583,-0.5143,3,0.0732,0.8333,6,6,6,0,0,6,6,0.0000
4,220.0000,12,43,689.8068,-86.3156,-0.2738,12,0.2927,1.0000,8,8,8,0,0,8,8,0.0000
4,220.0000,12,44,1005.9040,-87.8384,-0.3659,6,0.1463,1.0000,8,6,6,0,0,6,6,0.0000
4,220.0000,12,45,592.5082,-85.7755,-0.0231,22,0.5366,0.8750,8,6,3,0,0,6,3,0.5000
4,220.0000,12,46,588.7646,-82.8803,-0.3652,23,0.5610,1.0000,16,8,8,2,2,10,10,0.0000
4,220.0000,13,0,1128.9713,-87.5596,-0.0007,3,0.0750,1.0000,4,2,2,0,0,2,2,0.0000
4,220.0000,13,4,689.3366,-85.4293,-1.0967,4,0.1000,1.0000,8,8,8,0,0,8,8,0.0000
4,220.0000,13,5,304.0114,-80.9391,-0.0822,27,0.6750,0.4000,5,5,2,0,0,5,2,0.6000
4,220.0000,13,6,1058.3125,-89.2493,-0.0787,3,0.0750,1.0000,4,8,8,0,0,8,8,0.0000
4,220.0000,13,7,765.9724,-86.1708,0.7602,3,0.0750,1.0000,8,8,8,0,0,8,8,0.0000
4,220.0000,13,8,303.5178,-78.8434,-0.4818,28,0.7000,0.0000,5,7,3,0,0,7,3,0.5714
4,220.0000,13,10,950.8558,-88.7478,-0.1251,3,0.0750,1.0000,4,8,8,0,0,8,8,0.0000
4,220.0000,13,12,380.0025,-80.3741,-1.4647,22,0.5500,0.5000,6,7,5,0,0,7,5,0.2857
4,220.0000,13,14,983.8282,-88.1465,-0.7152,4,0.1000,1.0000,4,8,8,0,0,8,8,0.0000
4,220.0000,13,15,559.5191,-83.8102,-1.3567,15,0.3750,0.7143,7,8,8,0,0,8,8,0.0000
4,220.0000,13,18,960.3035,-89.1671,4.4596,3,0.0750,1.0000,4,2,2,0,0,2,2,0.0000
4,220.0000,13,19,799.9573,-86.7795,-1.1859,7,0.1750,1.0000,6,6,6,0,0,6,6,0.0000
4,220.0000,13,20,721.3315,-85.3491,0.8705,5,0.1250,1.0000,8,8,8,0,0,8,8,0.0000
4,220.0000,13,24,899.1687,-86.1305,-0.4029,5,0.1250,0.8750,8,8,6,0,0,8,6,0.2500
4,220.0000,13,26,457.1278,-82.6952,-0.2311,20,0.5000,0.8571,7,6,3,0,0,6,3,0.5000
4,220.0000,13,27,819.7485,-87.7867,-0.7179,7,0.1750,0.8571,7,7,6,0,0,7,6,0.1429
4,220.0000,13,28,708.1262,-86.2484,0.2618,9,0.2250,0.4000,5,8,8,0,0,8,8,0.0000
4,220.0000,13,29,418.4632,-82.2619,0.0044,25,0.6250,0.8571,7,7,4,0,0,7,4,0.4286
4,220.0000,13,30,869.1540,-87.0916,1.1754,3,0.0750,1.0000,4,4,4,0,0,4,4,0.0000
4,220.0000,13,31,92.7723,-68.3473,-0.3778,35,0.8750,0.0000,4,4,0,0,0,4,0,1.0000
4,220.0000,13,34,130.5674,-72.0394,0.1575,37,0.9250,0.0000,4,6,2,0,0,6,2,0.6667
4,220.0000,13,36,1176.0623,-88.1667,-0.0135,3,0.0750,1.0000,4,4,4,0,0,4,4,0.0000
4,220.0000,13,37,1017.4540,-87.9513,0.0776,3,0.0750,1.0000,10,2,2,0,0,2,2,0.0000
4,220.0000,13,39,691.1400,-84.8552,-0.7253,13,0.3250,0.8571,7,8,8,0,0,8,8,0.0000
4,220.0000,13,40,976.4035,-88.5724,0.5268,6,0.1500,1.0000,6,4,4,0,0,4,4,0.0000
4,220.0000,13,41,652.7816,-84.7511,-0.7559,7,0.1750,1.0000,8,8,7,0,0,8,7,0.1250
4,220.0000,13,42,777.4386,-87.4769,1.8947,6,0.1500,1.0000,4,6,6,0,0,6,6,0.0000
4,220.0000,13,43,780.0482,-87.3095,2.0642,4,0.1000,0.8000,5,8,8,0,0,8,8,0.0000
4,220.0000,13,45,803.6386,-87.4523,-0.4211,6,0.1500,1.0000,8,8,8,0,0,8,8,0.0000
4,220.0000,13,46,498.1605,-82.8829,0.1269,17,0.4250,1.0000,8,8,7,0,0,8,7,0.1250
4,220.0000,14,2,534.5777,-82.4722,-1.5257,13,0.3250,0.2000,5,6,4,0,0,6,4,0.3333
4,220.0000,14,3,858.1856,-87.6547,-0.5464,7,0.1750,1.0000,8,8,8,0,0,8,8,0.0000
4,220.0000,14,4,589.3863,-84.3311,-0.2317,10,0.2500,1.0000,8,8,8,0,0,8,8,0.0000
4,220.0000,14,5,845.9477,-89.2041,-0.2060,3,0.0750,1.0000,6,6,6,0,0,6,6,0.0000
4,220.0000,14,6,749.9413,-86.9485,-0.0749,9,0.2250,0.7143,7,7,6,0,0,7,6,0.1429
4,220.0000,14,7,496.8677,-82.5065,0.0799,17,0.4250,0.7500,8,8,8,0,0,8,8,0.0000
4,220.0000,14,8,917.5615,-87.9156,-0.0094,5,0.1250,1.0000,8,6,6,0,0,6,6,0.0000
4,220.0000,14,10,257.0222,-78.0761,0.5508,29,0.7250,0.0000,4,5,2,0,0,5,2,0.6000
4,220.0000,14,11,373.4255,-80.6548,-0.3840,20,0.5000,0.6667,6,8,6,0,0,8,6,0.2500
4,220.0000,14,16,297.6118,-78.0227,-0.0487,31,0.7750,0.2000,5,6,4,0,0,6,4,0.3333
4,220.0000,14,17,513.8693,-83.7723,-0.6813,18,0.4500,0.6667,6,7,6,0,0,7,6,0.1429
4,220.0000,14,20,988.7328,-87.7552,-0.5921,4,0.1000,1.0000,10,8,8,0,0,8,8,0.0000
4,220.0000,14,22,762.7564,-86.0444,-1.0877,9,0.2250,1.0000,8,7,6,0,0,7,6,0.1429
4,220.0000,14,23,905.8149,-88.9090,0.4169,3,0.0750,1.0000,8,7,6,0,0,7,6,0.1429
4,220.0000,14,24,491.6261,-82.4562,-1.6296,16,0.4000,0.8571,7,7,6,0,0,7,6,0.1429
4,220.0000,14,26,794.0421,-88.8979,5.2621,3,0.0750,1.0000,8,8,8,0,0,8,8,0.0000
4,220.0000,14,29,746.8161,-87.7076,0.3542,5,0.1250,1.0000,8,8,8,0,0,8,8,0.0000
4,220.0000,14,31,961.5962,-88.1787,-0.7138,3,0.0750,1.0000,4,8,8,0,0,8,8,0.0000
4,220.0000,14,33,875.4523,-87.7914,-0.4368,7,0.1750,0.7143,7,7,5,0,0,7,5,0.2857
4,220.0000,14,35,239.4651,-76.2032,-0.0495,31,0.7750,0.2000,5,5,2,0,0,5,2,0.6000
4,220.0000,14,37,291.1379,-78.9203,-0.5574,24,0.6000,0.7143,7,5,2,0,0,5,2,0.6000
4,220.0000,14,38,648.1844,-84.6914,0.1375,12,0.3000,0.2000,5,8,8,0,0,8,8,0.0000
4,220.0000,14,41,730.0864,-85.5132,0.5061,10,0.2500,1.0000,8,8,8,0,0,8,8,0.0000
4,220.0000,14,42,467.1902,-83.1204,0.8635,14,0.3500,0.8750,8,8,8,0,0,8,8,0.0000
4,220.0000,14,43,852.8734,-87.8287,-0.3814,6,0.1500,1.0000,8,8,8,0,0,8,8,0.0000
4,220.0000,14,47,830.6397,-86.5539,0.1095,9,0.2250,0.8750,8,4,4,0,0,4,4,0.0000
4,220.0000,15,5,840.3210,-88.2551,0.7446,4,0.1000,1.0000,6,6,6,0,0,6,6,0.0000
4,220.0000,15,6,1047.7292,-88.3018,0.6081,4,0.1000,1.0000,4,2,2,0,0,2,2,0.0000
4,220.0000,15,7,920.0348,-89.1743,0.1469,4,0.1000,1.0000,8,8,8,0,0,8,8,0.0000
4,220.0000,15,8,601.1560,-84.8949,0.0400,12,0.3000,0.8571,7,7,6,0,0,7,6,0.1429
4,220.0000,15,12,333.3277,-79.4835,-0.6528,29,0.7250,0.5714,7,6,3,0,0,6,3,0.5000
4,220.0000,15,13,559.5191,-82.4804,-0.1040,20,0.5000,0.8571,7,8,7,0,0,8,7,0.1250
4,220.0000,15,19,520.3393,-83.9666,0.3205,20,0.5000,1.0000,8,7,5,0,0,7,5,0.2857
4,220.0000,15,20,617.9664,-85.5618,0.2056,11,0.2750,1.0000,8,8,8,0,0,8,8,0.0000
4,220.0000,15,22,1080.1168,-88.8058,0.3357,3,0.0750,1.0000,8,4,4,0,0,4,4,0.0000
4,220.0000,15,23,1050.8159,-87.4164,2.2330,3,0.0750,1.0000,4,6,6,0,0,6,6,0.0000
4,220.0000,15,26,1010.9562,-86.8341,0.6874,5,0.1250,1.0000,6,6,6,0,0,6,6,0.0000
4,220.0000,15,27,932.4005,-88.4638,0.3634,4,0.1000,1.0000,6,8,8,0,0,8,8,0.0000
4,220.0000,15,28,577.2178,-84.2978,0.6599,16,0.4000,0.4000,5,7,5,0,0,7,5,0.2857
4,220.0000,15,29,959.8443,-88.9807,0.3932,5,0.1250,1.0000,8,7,6,0,0,7,6,0.1429
4,220.0000,15,30,608.8472,-84.4779,-0.1859,19,0.4750,1.0000,8,8,8,0,0,8,8,0.0000
4,220.0000,15,31,634.3632,-84.6822,0.2474,14,0.3500,0.6667,6,8,8,0,0,8,8,0.0000
4,220.0000,15,33,1027.9684,-88.2502,-0.9837,3,0.0750,1.0000,8,8,8,0,0,8,8,0.0000
4,220.0000,15,34,536.2640,-83.9594,-0.3135,11,0.2750,0.5714,7,8,8,0,0,8,8,0.0000
4,220.0000,15,36,941.8766,-87.6867,0.0872,5,0.1250,1.0000,4,8,8,0,0,8,8,0.0000
4,220.0000,15,39,663.2795,-86.0992,0.4307,11,0.2750,1.0000,8,7,6,0,0,7,6,0.1429
4,220.0000,15,41,733.0039,-85.4182,-0.3310,8,0.2000,0.8750,8,8,8,0,0,8,8,0.0000
4,220.0000,15,43,763.2254,-86.7064,-0.1369,8,0.2000,1.0000,8,8,8,0,0,8,8,0.0000
4,220.0000,15,44,973.2461,-87.5425,-0.2671,8,0.2000,1.0000,6,8,8,0,0,8,8,0.0000
4,220.0000,15,45,651.2985,-86.2216,0.1577,13,0.3250,0.8750,8,8,8,0,0,8,8,0.0000
4,220.0000,15,46,671.6512,-84.8427,-1.0175,12,0.3000,1.0000,10,7,6,0,0,7,6,0.1429
4,220.0000,16,2,361.5641,-79.7479,-0.5987,23,0.5750,0.6522,23,8,8,0,0,8,8,0.0000
4,220.0000,16,3,706.6379,-85.8203,-0.3598,12,0.3000,0.8750,8,7,6,0,0,7,6,0.1429
4,220.0000,16,4,521.2489,-83.1434,-0.3723,18,0.4500,0.7500,8,7,5,0,0,7,5,0.2857
4,220.0000,16,5,1014.1325,-88.6356,-0.2423,3,0.0750,1.0000,6,8,8,0,0,8,8,0.0000
4,220.0000,16,6,700.2633,-87.1086,0.8427,7,0.1750,0.8750,8,8,7,0,0,8,7,0.1250
4,220.0000,16,7,528.7399,-83.9551,-0.0494,15,0.3750,0.8571,7,7,4,0,0,7,4,0.4286
4,220.0000,16,8,949.7436,-87.7438,-0.6180,4,0.1000,0.8571,7,4,4,0,0,4,4,0.0000
4,220.0000,16,10,147.6941,-73.7328,0.6338,31,0.7750,0.0000,4,4,0,0,0,4,0,1.0000
4,220.0000,16,11,311.0653,-80.7062,0.3330,23,0.5750,0.5714,7,6,4,0,0,6,4,0.3333
4,220.0000,16,14,297.6118,-78.1007,-0.6824,33,0.8250,0.0000,4,5,1,0,0,5,1,0.8000
4,220.0000,16,17,240.6662,-78.6618,1.2985,29,0.7250,0.4000,5,6,2,0,0,6,2,0.6667
4,220.0000,16,20,946.7223,-87.0348,0.2059,4,0.1000,1.0000,8,6,6,0,0,6,6,0.0000
4,220.0000,16,22,592.4574,-85.4490,-0.2111,13,0.3250,0.8750,8,7,6,0,0,7,6,0.1429
4,220.0000,16,23,749.4747,-87.1578,-0.2476,11,0.2750,1.0000,6,8,7,0,0,8,7,0.1250
4,220.0000,16,24,463.7943,-83.9554,-0.0854,18,0.4500,0.3333,6,7,3,0,0,7,3,0.5714
4,220.0000,16,26,931.9622,-87.8537,0.1350,4,0.1000,1.0000,6,8,8,0,0,8,8,0.0000
4,220.0000,16,29,910.1285,-88.3500,0.4513,3,0.0750,1.0000,8,8,8,0,0,8,8,0.0000
4,220.0000,16,33,766.6511,-87.0060,-0.4963,10,0.2500,1.0000,8,8,8,0,0,8,8,0.0000
4,220.0000,16,35,140.7593,-74.8879,1.7262,32,0.8000,0.4000,5,5,1,0,0,5,1,0.8000
4,220.0000,16,37,244.2710,-79.2212,0.7659,24,0.6000,0.6250,8,6,3,0,0,6,3,0.5000
4,220.0000,16,38,505.9655,-85.7347,1.1149,18,0.4500,1.0000,8,8,7,0,0,8,7,0.1250
4,220.0000,16,41,708.0738,-86.7078,0.4877,10,0.2500,0.5000,6,5,4,0,0,5,4,0.2000
4,220.0000,16,42,510.8665,-82.2436,-0.8119,25,0.6250,0.8672,128,7,6,144,143,151,149,0.0132
4,220.0000,16,43,788.9382,-87.0225,-0.9823,3,0.0750,1.0000,8,7,6,0,0,7,6,0.1429
4,220.0000,16,47,709.9333,-86.4590,0.6950,13,0.3250,0.7143,7,8,8,0,0,8,8,0.0000
4,220.0000,17,2,245.4938,-75.5437,-1.1470,27,0.6750,0.0000,3,7,4,0,0,7,4,0.4286
4,220.0000,17,3,586.0710,-85.8360,-0.1043,20,0.5000,0.6667,6,8,6,0,0,8,6,0.2500
4,220.0000,17,4,454.6187,-83.5975,-0.3596,16,0.4000,0.7143,7,6,3,0,0,6,3,0.5000
4,220.0000,17,6,661.8883,-86.2395,0.4460,16,0.4000,0.8750,8,8,8,0,0,8,8,0.0000
4,220.0000,17,7,547.7747,-84.0703,0.1466,19,0.4750,1.0000,8,8,7,0,0,8,7,0.1250
4,220.0000,17,8,901.7487,-88.4391,-0.6013,5,0.1250,1.0000,8,2,2,0,0,2,2,0.0000
4,220.0000,17,10,274.6785,-79.1102,0.0739,33,0.8250,0.0000,4,4,0,0,0,4,0,1.0000
4,220.0000,17,11,355.4556,-81.4811,0.0863,24,0.6000,0.2000,5,5,1,0,0,5,1,0.8000
4,220.0000,17,14,513.8693,-83.7603,-0.1567,23,0.5750,0.6667,6,6,3,0,0,6,3,0.5000
4,220.0000,17,16,240.6662,-79.1506,1.1715,29,0.7250,0.4000,5,5,1,0,0,5,1,0.8000
4,220.0000,17,20,840.8745,-87.5673,-0.0563,8,0.2000,0.8571,7,7,6,0,0,7,6,0.1429
4,220.0000,17,22,419.3156,-82.6041,0.6477,21,0.5250,0.5000,6,6,3,0,0,6,3,0.5000
4,220.0000,17,23,581.8766,-85.6040,-0.2529,17,0.4250,0.8571,7,8,6,0,0,8,6,0.2500
4,220.0000,17,24,467.5528,-83.0554,-0.1712,23,0.5750,0.4000,5,5,2,0,0,5,2,0.6000
4,220.0000,17,33,655.5362,-85.6053,-0.3649,18,0.4500,0.7143,7,6,4,0,0,6,4,0.3333
4,220.0000,17,35,359.8634,-81.4760,-0.0175,30,0.7500,0.7143,7,5,2,0,0,5,2,0.6000
4,220.0000,17,37,359.1192,-81.4867,-0.0485,29,0.7250,0.6667,6,6,4,0,0,6,4,0.3333
4,220.0000,17,38,449.6805,-82.3586,0.3847,26,0.6500,0.6667,6,7,6,0,0,7,6,0.1429
4,220.0000,17,41,639.7919,-84.9587,0.6508,17,0.4250,1.0000,8,7,6,0,0,7,6,0.1429
4,220.0000,17,42,584.8744,-85.3665,0.6844,15,0.3750,0.8750,8,6,4,0,0,6,4,0.3333
4,220.0000,17,43,681.2199,-86.2340,-0.1690,11,0.2750,0.8571,7,7,6,0,0,7,6,0.1429
4,220.0000,17,47,643.3316,-86.0141,-0.0918,16,0.4000,0.6667,6,7,6,0,0,7,6,0.1429
4,220.0000,18,0,469.8915,-83.3900,0.8467,20,0.5000,0.5000,6,6,4,0,0,6,4,0.3333
4,220.0000,18,1,300.3468,-79.3757,0.0815,35,0.8750,0.3333,6,6,3,0,0,6,3,0.5000
4,220.0000,18,9,341.3056,-80.2336,-0.2615,30,0.7500,0.0000,4,5,2,0,0,5,2,0.6000
4,220.0000,18,19,869.1937,-87.4993,-4.2751,3,0.0750,1.0000,8,8,8,0,0,8,8,0.0000
4,220.0000,18,21,843.1585,-86.8203,-1.7028,3,0.0750,0.8750,8,8,8,0,0,8,8,0.0000
4,220.0000,18,25,392.5354,-81.4613,-0.6334,32,0.8000,0.4000,5,6,4,0,0,6,4,0.3333
4,220.0000,18,27,395.9669,-80.8429,-0.1401,27,0.6750,0.5000,6,7,5,0,0,7,5,0.2857
4,220.0000,18,28,701.7814,-85.2607,0.7894,4,0.1000,1.0000,8,8,6,0,0,8,6,0.2500
4,220.0000,18,32,700.8274,-84.9405,0.1761,18,0.4500,0.7143,7,8,8,0,0,8,8,0.0000
4,220.0000,18,36,915.3018,-86.8735,0.1516,6,0.1500,0.8750,8,8,8,0,0,8,8,0.0000
4,220.0000,18,39,560.9225,-84.9043,0.1410,10,0.2500,0.4000,5,7,5,0,0,7,5,0.2857
4,220.0000,18,40,332.9406,-79.8946,0.6462,32,0.8000,0.6667,6,6,2,0,0,6,2,0.6667
4,220.0000,18,44,845.6254,-87.1735,-0.3891,4,0.1000,1.0000,8,8,8,0,0,8,8,0.0000
4,220.0000,18,45,880.0622,-87.4913,0.6081,3,0.0750,1.0000,8,8,8,0,0,8,8,0.0000
4,220.0000,18,46,522.4370,-85.4782,0.2911,10,0.2500,0.7143,7,5,1,0,0,5,1,0.8000
4,220.0000,19,0,788.9270,-87.2377,-0.1486,6,0.1500,0.8571,7,8,8,0,0,8,8,0.0000
4,220.0000,19,9,947.3399,-87.1434,-0.4483,3,0.0750,0.8571,7,8,7,0,0,8,7,0.1250
4,220.0000,19,12,628.4599,-83.8809,0.1488,8,0.2000,0.6667,6,8,8,0,0,8,8,0.0000
4,220.0000,19,15,520.3393,-84.3896,0.2932,9,0.2250,1.0000,8,8,7,0,0,8,7,0.1250
4,220.0000,19,18,869.1937,-85.6066,0.5366,5,0.1250,1.0000,6,6,5,0,0,6,5,0.1667
4,220.0000,19,21,636.5914,-85.9093,0.1098,20,0.5000,0.8750,8,6,4,0,0,6,4,0.3333
4,220.0000,19,25,919.0904,-87.0364,0.9226,3,0.0750,1.0000,8,7,6,0,0,7,6,0.1429
4,220.0000,19,27,587.9044,-85.1151,0.6498,11,0.2750,0.8750,8,8,8,0,0,8,8,0.0000
4,220.0000,19,28,185.0035,-76.3990,1.4046,33,0.8250,0.0000,4,4,0,0,0,4,0,1.0000
4,220.0000,19,30,193.3646,-74.1398,-0.3361,37,0.9250,0.2000,5,6,2,0,0,6,2,0.6667
4,220.0000,19,32,663.1848,-86.7726,-0.0111,11,0.2750,1.0000,8,7,6,0,0,7,6,0.1429
4,220.0000,19,36,432.4867,-83.1221,0.5576,27,0.6750,0.4000,5,7,3,0,0,7,3,0.5714
4,220.0000,19,39,318.4757,-81.3624,0.3189,27,0.6750,0.5714,7,5,1,0,0,5,1,0.8000
4,220.0000,19,40,908.0702,-87.3542,0.1333,7,0.1750,1.0000,4,4,4,0,0,4,4,0.0000
4,220.0000,19,44,464.0542,-83.0095,-0.1325,27,0.6750,0.4000,5,6,4,0,0,6,4,0.3333
4,220.0000,19,45,328.4815,-80.1729,0.2800,33,0.8250,0.5000,4,6,4,0,0,6,4,0.3333
4,220.0000,19,46,515.7887,-83.6503,-0.1087,17,0.4250,0.8750,8,7,6,0,0,7,6,0.1429
4,220.0000,20,2,627.6225,-85.7403,0.2847,10,0.2500,0.7143,7,8,8,0,0,8,8,0.0000
4,220.0000,20,3,625.0331,-84.9553,-1.3396,12,0.3000,0.6667,6,7,3,0,0,7,3,0.5714
4,220.0000,20,4,624.0784,-84.8147,-0.5658,14,0.3500,0.8571,7,8,8,0,0,8,8,0.0000
4,220.0000,20,5,925.2687,-88.2314,-0.7771,5,0.1250,1.0000,6,6,6,0,0,6,6,0.0000
4,220.0000,20,6,565.4512,-85.7418,-0.1553,16,0.4000,0.7500,8,6,4,0,0,6,4,0.3333
4,220.0000,20,7,523.7443,-83.4304,-1.5337,13,0.3250,1.0000,8,7,6,0,0,7,6,0.1429
4,220.0000,20,8,505.4029,-85.1357,0.1721,14,0.3500,0.8889,9,8,8,0,0,8,8,0.0000
4,220.0000,20,10,841.7347,-87.1808,-0.9446,7,0.1750,0.8571,7,8,6,0,0,8,6,0.2500
4,220.0000,20,11,705.8849,-86.7306,-0.2005,11,0.2750,0.8750,8,8,7,0,0,8,7,0.1250
4,220.0000,20,12,558.4313,-84.5286,-0.7214,9,0.2250,0.9718,142,7,4,80,79,87,83,0.0460
4,220.0000,20,13,721.3315,-86.6336,-0.3765,10,0.2500,1.0000,8,7,6,0,0,7,6,0.1429
4,220.0000,20,14,988.7328,-87.6289,-0.4063,4,0.1000,1.0000,4,6,6,0,0,6,6,0.0000
4,220.0000,20,15,617.9664,-86.0062,-1.7284,9,0.2250,1.0000,8,8,8,0,0,8,8,0.0000
4,220.0000,20,16,946.7223,-87.9115,-0.6100,3,0.0750,1.0000,8,8,8,0,0,8,8,0.0000
4,220.0000,20,17,840.8745,-88.1398,-0.4714,6,0.1500,1.0000,8,8,8,0,0,8,8,0.0000
4,220.0000,20,22,483.9369,-82.9967,0.6812,15,0.3750,0.8571,7,8,8,0,0,8,8,0.0000
4,220.0000,20,23,435.5041,-81.8043,-0.9751,21,0.5250,0.5000,6,5,1,0,0,5,1,0.8000
4,220.0000,20,24,578.3462,-85.4724,0.3833,14,0.3500,0.8889,9,8,8,0,0,8,8,0.0000
4,220.0000,20,29,956.5409,-86.9277,-0.1733,4,0.1000,1.0000,6,8,8,0,0,8,8,0.0000
4,220.0000,20,31,795.9889,-86.6814,-0.1842,6,0.1500,1.0000,8,8,8,0,0,8,8,0.0000
4,220.0000,20,33,461.2254,-83.0031,-0.4144,17,0.4250,0.8571,7,7,5,0,0,7,5,0.2857
4,220.0000,20,34,769.1962,-85.8204,0.2731,7,0.1750,1.0000,8,8,8,0,0,8,8,0.0000
4,220.0000,20,37,811.3776,-87.1974,-0.2559,10,0.2500,0.9375,16,8,8,0,0,8,8,0.0000
4,220.0000,20,38,733.3086,-87.4816,0.7611,7,0.1750,0.8571,7,7,6,0,0,7,6,0.1429
4,220.0000,20,41,259.4535,-76.6144,-0.0337,24,0.6000,0.2000,5,6,4,0,0,6,4,0.3333
4,220.0000,20,42,956.6283,-88.3952,-0.5919,4,0.1000,1.0000,8,8,8,0,0,8,8,0.0000
4,220.0000,20,43,174.4859,-71.0582,-1.1448,31,0.7750,0.0000,4,4,0,0,0,4,0,1.0000
4,220.0000,20,47,743.5309,-87.4689,-0.0823,8,0.2000,0.6667,6,8,8,0,0,8,8,0.0000
4,220.0000,21,0,438.9937,-82.1592,-0.3836,25,0.6250,0.2000,5,5,1,0,0,5,1,0.8000
4,220.0000,21,1,774.4495,-86.2877,-0.2494,8,0.2000,0.8889,9,8,8,0,0,8,8,0.0000
4,220.0000,21,9,682.4255,-85.9737,1.3592,11,0.2750,0.8571,7,8,8,0,0,8,8,0.0000
4,220.0000,21,18,843.1585,-86.5948,0.9579,5,0.1250,0.7143,7,8,8,0,0,8,8,0.0000
4,220.0000,21,19,636.5914,-86.2534,0.4793,7,0.1750,0.8571,7,8,8,0,0,8,8,0.0000
4,220.0000,21,25,612.9504,-85.3510,0.6291,15,0.3750,0.8571,7,7,6,0,0,7,6,0.1429
4,220.0000,21,27,531.9739,-84.9971,0.1515,17,0.4250,0.4000,5,6,4,0,0,6,4,0.3333
4,220.0000,21,28,592.3416,-85.5734,1.8798,5,0.1250,1.0000,8,7,5,0,0,7,5,0.2857
4,220.0000,21,30,520.1450,-85.1947,-0.0300,11,0.2750,0.8571,7,7,4,0,0,7,4,0.4286
4,220.0000,21,32,334.2032,-81.4449,-0.1541,27,0.6750,0.2000,5,6,3,0,0,6,3,0.5000
4,220.0000,21,36,329.2373,-79.1230,-1.0563,31,0.7750,0.0000,4,6,4,0,0,6,4,0.3333
4,220.0000,21,39,616.5955,-84.2109,1.8316,8,0.2000,0.8571,7,5,2,0,0,5,2,0.6000
4,220.0000,21,40,728.2264,-85.3542,-0.3625,12,0.3000,0.8571,7,8,8,0,0,8,8,0.0000
4,220.0000,21,44,235.2109,-78.2622,1.3233,31,0.7750,0.4000,5,6,2,0,0,6,2,0.6667
4,220.0000,21,45,494.7791,-82.5896,-0.4740,22,0.5500,0.8571,7,6,4,0,0,6,4,0.3333
4,220.0000,21,46,795.0740,-87.0908,2.0229,4,0.1000,0.8750,8,8,7,0,0,8,7,0.1250
4,220.0000,22,2,239.1889,-77.9581,0.2251,28,0.7000,0.2000,5,6,2,0,0,6,2,0.6667
4,220.0000,22,3,324.4621,-81.6893,0.4148,30,0.7500,0.5714,7,8,6,0,0,8,6,0.2500
4,220.0000,22,4,482.3294,-82.3973,-0.0198,24,0.6000,0.8750,8,7,5,0,0,7,5,0.2857
4,220.0000,22,5,1082.0870,-88.3241,0.0859,4,0.1000,1.0000,4,2,2,0,0,2,2,0.0000
4,220.0000,22,6,440.6057,-83.9748,0.9079,26,0.6500,0.8571,7,5,2,0,0,5,2,0.6000
4,220.0000,22,7,450.3722,-82.8535,0.5669,23,0.5750,0.4000,5,6,4,0,0,6,4,0.3333
4,220.0000,22,8,744.5433,-86.6981,-0.1476,16,0.4000,1.0000,8,8,7,0,0,8,7,0.1250
4,220.0000,22,10,546.6240,-83.5369,-0.0110,23,0.5750,0.8571,7,6,4,0,0,6,4,0.3333
4,220.0000,22,11,429.5683,-81.8972,-0.6774,24,0.6000,0.8571,7,6,3,0,0,6,3,0.5000
4,220.0000,22,12,957.9318,-88.5573,0.0133,7,0.1750,1.0000,4,4,4,0,0,4,4,0.0000
4,220.0000,22,13,994.6958,-88.3616,0.0777,9,0.2250,1.0000,4,4,4,0,0,4,4,0.0000
4,220.0000,22,14,762.7564,-86.3457,-0.6161,18,0.4500,1.0000,6,10,10,0,0,10,10,0.0000
4,220.0000,22,15,1080.1168,-88.9870,0.9180,3,0.0750,1.0000,8,4,4,0,0,4,4,0.0000
4,220.0000,22,16,592.4574,-84.9601,-0.1822,23,0.5750,0.7143,7,8,8,0,0,8,8,0.0000
4,220.0000,22,17,419.3156,-80.9136,-0.7160,28,0.7000,0.5000,6,7,5,0,0,7,5,0.2857
4,220.0000,22,20,483.9369,-83.2478,-0.7417,24,0.6000,0.5000,4,6,4,0,0,6,4,0.3333
4,220.0000,22,23,172.7746,-77.0806,1.3683,34,0.8500,0.2000,5,4,0,0,0,4,0,1.0000
4,220.0000,22,24,387.9091,-81.7108,0.3571,26,0.6500,0.7143,7,8,7,0,0,8,7,0.1250
4,220.0000,22,26,1062.8949,-88.1306,-0.3241,6,0.1500,1.0000,6,6,6,0,0,6,6,0.0000
4,220.0000,22,31,1042.0482,-88.6686,0.0194,5,0.1250,1.0000,6,4,4,0,0,4,4,0.0000
4,220.0000,22,33,312.9118,-80.0685,0.0027,30,0.7500,0.4000,5,5,1,0,0,5,1,0.8000
4,220.0000,22,34,1059.5272,-88.5330,0.1599,6,0.1500,1.0000,4,6,6,0,0,6,6,0.0000
4,220.0000,22,35,664.3710,-87.0127,0.0822,15,0.3750,0.8571,7,7,6,0,0,7,6,0.1429
4,220.0000,22,37,523.1054,-84.0122,-0.8674,24,0.6000,0.8571,7,8,7,0,0,8,7,0.1250
4,220.0000,22,38,383.9192,-82.1074,-0.2750,24,0.6000,0.7143,7,7,3,0,0,7,3,0.5714
4,220.0000,22,41,380.8568,-81.8770,-0.3146,25,0.6250,0.5000,6,5,2,0,0,5,2,0.6000
4,220.0000,22,42,800.5253,-87.1179,-0.6720,15,0.3750,1.0000,8,8,7,0,0,8,7,0.1250
4,220.0000,22,43,326.1764,-80.8059,-0.5153,24,0.6000,0.5714,7,7,4,0,0,7,4,0.4286
4,220.0000,22,47,473.4421,-84.0074,-0.0552,19,0.4750,0.8571,7,6,4,0,0,6,4,0.3333
4,220.0000,23,2,390.1110,-82.9515,0.6145,17,0.4250,1.0000,8,4,0,0,0,4,0,1.0000
4,220.0000,23,3,269.6419,-78.7938,0.4170,32,0.8000,0.4000,5,7,4,0,0,7,4,0.4286
4,220.0000,23,4,629.1350,-85.7616,-0.8725,10,0.2500,0.7143,7,6,3,0,0,6,3,0.5000
4,220.0000,23,6,418.1283,-83.0220,0.2768,25,0.6250,0.9000,10,6,4,0,0,6,4,0.3333
4,220.0000,23,7,530.8329,-84.7342,-0.4130,17,0.4250,0.8571,7,7,5,0,0,7,5,0.2857
4,220.0000,23,8,806.6727,-86.5313,0.3472,5,0.1250,1.0000,8,8,8,0,0,8,8,0.0000
4,220.0000,23,10,706.6313,-85.1334,0.1670,13,0.3250,1.0000,8,7,6,0,0,7,6,0.1429
4,220.0000,23,11,550.1819,-84.8906,-0.0952,13,0.3250,0.8333,6,8,8,0,0,8,8,0.0000
4,220.0000,23,12,965.2672,-88.4524,-0.0976,3,0.0750,0.8571,7,8,8,0,0,8,8,0.0000
4,220.0000,23,13,1057.0100,-88.8356,-3.1416,3,0.0750,1.0000,4,8,8,0,0,8,8,0.0000
4,220.0000,23,14,905.8149,-87.9203,-1.1245,5,0.1250,0.8750,8,8,8,0,0,8,8,0.0000
4,220.0000,23,16,749.4747,-87.5498,-0.8413,8,0.2000,1.0000,8,7,6,0,0,7,6,0.1429
4,220.0000,23,17,581.8766,-85.0596,0.4188,19,0.4750,1.0000,8,8,5,0,0,8,5,0.3750
4,220.0000,23,20,435.5041,-81.1664,-1.1161,21,0.5250,0.8571,7,7,4,0,0,7,4,0.4286
4,220.0000,23,22,172.7746,-76.2234,1.1030,30,0.7500,0.0000,5,4,2,0,0,4,2,0.5000
4,220.0000,23,24,472.3483,-83.9350,0.3498,15,0.3750,0.6667,6,6,3,0,0,6,3,0.5000
4,220.0000,23,33,218.2534,-76.5436,0.3127,34,0.8500,0.3267,101,5,1,96,34,101,35,0.6535
4,220.0000,23,34,1115.0905,-89.4920,0.1520,3,0.0750,,0,2,1,0,0,2,1,0.5000
4,220.0000,23,35,806.8144,-86.3816,-0.3275,12,0.3000,0.8750,8,8,8,0,0,8,8,0.0000
4,220.0000,23,37,649.8360,-85.5162,-0.0364,12,0.3000,0.8571,7,7,6,0,0,7,6,0.1429
4,220.0000,23,38,432.8286,-84.1471,0.7323,20,0.5000,0.5714,7,6,4,0,0,6,4,0.3333
4,220.0000,23,41,421.5245,-82.7623,0.5313,17,0.4250,0.7143,7,5,2,0,0,5,2,0.6000
4,220.0000,23,43,301.0127,-78.8996,-0.2741,30,0.7500,0.3333,6,6,4,0,0,6,4,0.3333
4,220.0000,23,47,443.3035,-82.7582,0.1925,22,0.5500,1.0000,8,7,5,0,0,7,5,0.2857
4,220.0000,24,2,256.7567,-77.6883,0.7668,31,0.7750,0.0000,4,8,3,0,0,8,3,0.6250
4,220.0000,24,3,423.9405,-83.0148,0.4262,28,0.7000,0.4286,7,6,3,0,0,6,3,0.5000
4,220.0000,24,4,518.8612,-83.8059,-0.0808,21,0.5250,0.8750,8,8,8,0,0,8,8,0.0000
4,220.0000,24,5,920.0210,-88.8216,0.4669,4,0.1000,1.0000,4,4,4,0,0,4,4,0.0000
4,220.0000,24,6,281.6207,-80.7554,0.4302,27,0.6750,0.5000,6,5,1,0,0,5,1,0.8000
4,220.0000,24,7,140.2702,-76.2447,1.3311,29,0.7250,0.0000,4,4,0,0,0,4,0,1.0000
4,220.0000,24,8,751.4330,-86.2515,0.9510,6,0.1500,0.7143,7,7,5,0,0,7,5,0.2857
4,220.0000,24,10,395.7844,-80.2263,-1.1979,31,0.7750,0.6667,6,7,6,0,0,7,6,0.1429
4,220.0000,24,11,156.4391,-67.3522,-2.6591,36,0.9000,0.0000,4,4,0,0,0,4,0,1.0000
4,220.0000,24,12,975.4962,-88.4790,-0.1995,3,0.0750,1.0000,8,8,8,0,0,8,8,0.0000
4,220.0000,24,13,899.1687,-87.4454,-0.2948,5,0.1250,0.8750,8,8,8,0,0,8,8,0.0000
4,220.0000,24,14,491.6261,-83.4090,-1.1424,25,0.6250,0.6667,6,6,3,0,0,6,3,0.5000
4,220.0000,24,15,1035.7400,-89.0636,-0.5488,4,0.1000,1.0000,6,2,2,0,0,2,2,0.0000
4,220.0000,24,16,463.7943,-82.6060,-0.6765,29,0.7250,0.2000,5,6,3,0,0,6,3,0.5000
4,220.0000,24,17,467.5528,-82.3951,-0.0203,28,0.7000,0.6667,6,7,4,0,0,7,4,0.4286
4,220.0000,24,20,578.3462,-85.6578,1.1712,11,0.2750,1.0000,8,8,8,0,0,8,8,0.0000
4,220.0000,24,22,387.9091,-81.0457,-0.0218,25,0.6250,0.7143,7,7,6,0,0,7,6,0.1429
4,220.0000,24,23,472.3483,-83.6366,0.3173,21,0.5250,0.8889,9,6,2,0,0,6,2,0.6667
4,220.0000,24,26,939.7109,-88.2766,1.0972,3,0.0750,0.8000,5,3,2,0,0,3,2,0.3333
4,220.0000,24,29,883.5631,-88.4189,-0.2678,3,0.0750,0.8571,7,8,8,0,0,8,8,0.0000
4,220.0000,24,33,393.9316,-81.6543,-0.2918,26,0.6500,0.4000,5,6,3,0,0,6,3,0.5000
4,220.0000,24,35,458.0950,-80.7814,-1.3716,31,0.7750,0.3333,6,5,2,0,0,5,2,0.6000
4,220.0000,24,37,255.9323,-72.9767,-3.7551,37,0.9250,0.0000,4,6,4,0,0,6,4,0.3333
4,220.0000,24,38,300.3212,-79.6155,0.1112,33,0.8250,0.4000,5,6,4,0,0,6,4,0.3333
4,220.0000,24,41,358.5688,-82.6433,-0.1285,13,0.3250,0.8750,8,5,2,0,0,5,2,0.6000
4,220.0000,24,42,705.9963,-85.7256,0.0613,14,0.3500,0.8750,8,7,5,0,0,7,5,0.2857
4,220.0000,24,43,422.1597,-83.7092,0.6769,16,0.4000,0.4000,5,6,3,0,0,6,3,0.5000
4,220.0000,24,47,428.5263,-83.1237,0.1988,28,0.7000,1.0000,8,8,8,0,0,8,8,0.0000
4,220.0000,25,0,211.5571,-77.7876,0.8442,35,0.8750,0.6667,6,4,0,0,0,4,0,1.0000
4,220.0000,25,1,178.7655,-74.2092,-0.1180,38,0.9500,0.0000,4,4,0,0,0,4,0,1.0000
4,220.0000,25,9,198.6830,-77.8745,1.6260,36,0.9000,0.0000,3,4,0,0,0,4,0,1.0000
4,220.0000,25,18,392.5354,-80.8485,-0.9283,29,0.7250,0.4286,7,5,2,0,0,5,2,0.6000
4,220.0000,25,19,919.0904,-88.9645,0.3045,3,0.0750,1.0000,8,8,8,0,0,8,8,0.0000
4,220.0000,25,21,612.9504,-85.3546,-0.3118,15,0.3750,0.8750,8,7,5,0,0,7,5,0.2857
4,220.0000,25,27,436.7220,-83.0765,-0.2904,22,0.5500,0.7143,7,7,6,0,0,7,6,0.1429
4,220.0000,25,28,778.7005,-87.9766,0.0936,3,0.0750,0.6667,6,9,9,0,0,9,9,0.0000
4,220.0000,25,30,913.7800,-87.2624,-0.8206,3,0.0750,1.0000,6,8,8,0,0,8,8,0.0000
4,220.0000,25,32,470.4589,-82.6139,-1.1447,26,0.6500,0.2000,5,6,4,0,0,6,4,0.3333
4,220.0000,25,36,777.3715,-85.8659,0.0038,13,0.3250,1.0000,8,8,8,0,0,8,8,0.0000
4,220.0000,25,39,677.9861,-85.4285,-0.0876,6,0.1500,0.8750,8,8,8,0,0,8,8,0.0000
4,220.0000,25,40,364.0611,-81.2907,0.2738,32,0.8000,0.8571,7,6,4,0,0,6,4,0.3333
4,220.0000,25,44,687.3639,-86.3671,-0.0081,12,0.3000,1.0000,8,7,4,0,0,7,4,0.4286
4,220.0000,25,45,866.6664,-86.9699,-0.4737,5,0.1250,1.0000,8,7,6,0,0,7,6,0.1429
4,220.0000,26,4,614.3724,-85.4871,0.9083,5,0.1282,1.0000,10,8,8,0,0,8,8,0.0000
4,220.0000,26,5,230.9493,-75.8905,-0.4835,26,0.6667,0.2000,5,5,1,0,0,5,1,0.8000
4,220.0000,26,8,547.3429,-83.1082,-0.6319,10,0.2564,0.7778,9,8,8,0,0,8,8,0.0000
4,220.0000,26,12,795.0083,-89.1000,0.1255,3,0.0769,1.0000,8,7,6,0,0,7,6,0.1429
4,220.0000,26,13,457.1278,-84.0952,-0.6282,9,0.2308,0.5000,6,7,5,0,0,7,5,0.2857
4,220.0000,26,14,794.0421,-87.2581,-0.2311,4,0.1026,1.0000,6,8,8,0,0,8,8,0.0000
4,220.0000,26,27,1062.9757,-88.9972,0.4237,3,0.0769,1.0000,2,8,8,0,0,8,8,0.0000
4,220.0000,26,29,114.1403,-69.8256,-0.2506,32,0.8205,0.0000,4,4,0,0,0,4,0,1.0000
4,220.0000,26,31,395.1974,-81.8836,-0.5439,19,0.4872,0.4000,5,5,2,0,0,5,2,0.6000
4,220.0000,26,34,513.5015,-84.1213,-0.4723,10,0.2564,0.8571,7,8,7,0,0,8,7,0.1250
4,220.0000,26,35,979.3439,-87.8729,0.1070,3,0.0769,1.0000,2,4,4,0,0,4,4,0.0000
4,220.0000,26,37,939.2278,-88.4958,0.0115,3,0.0769,0.7500,4,6,6,0,0,6,6,0.0000
4,220.0000,26,40,1088.2180,-87.5128,0.7583,3,0.0769,1.0000,8,2,2,0,0,2,2,0.0000
4,220.0000,26,41,823.7923,-86.4449,-0.2257,4,0.1026,1.0000,8,8,8,0,0,8,8,0.0000
4,220.0000,26,42,471.7915,-84.7904,1.9644,10,0.2564,0.7143,7,8,8,0,0,8,8,0.0000
4,220.0000,26,46,799.1821,-87.4883,0.8976,3,0.0769,0.8571,7,6,4,0,0,6,4,0.3333
4,220.0000,27,0,311.3989,-78.8498,-0.1608,35,0.8750,0.0000,4,7,5,0,0,7,5,0.2857
4,220.0000,27,1,484.9083,-82.9310,-0.1075,30,0.7500,0.3333,6,8,6,0,0,8,6,0.2500
4,220.0000,27,9,383.2873,-80.0147,-0.3555,32,0.8000,0.2000,5,5,2,0,0,5,2,0.6000
4,220.0000,27,12,841.6383,-87.7362,0.5199,4,0.1000,1.0000,8,8,8,0,0,8,8,0.0000
4,220.0000,27,13,819.7485,-87.8845,0.9711,4,0.1000,1.0000,8,7,6,0,0,7,6,0.1429
4,220.0000,27,15,932.4005,-87.0046,0.4506,4,0.1000,1.0000,6,8,8,0,0,8,8,0.0000
4,220.0000,27,18,395.9669,-80.7629,-0.9279,31,0.7750,0.6667,6,9,7,0,0,9,7,0.2222
4,220.0000,27,19,587.9044,-85.5597,0.4286,19,0.4750,1.0000,8,8,7,0,0,8,7,0.1250
4,220.0000,27,21,531.9739,-84.7567,0.1765,21,0.5250,0.8000,5,7,2,0,0,7,2,0.7143
4,220.0000,27,25,436.7220,-82.9908,-0.3709,32,0.8000,0.4000,5,4,0,0,0,4,0,1.0000
4,220.0000,27,28,414.5196,-83.4500,0.5898,20,0.5000,0.6667,6,7,5,0,0,7,5,0.2857
4,220.0000,27,30,584.2735,-85.0166,0.1576,16,0.4000,0.8750,8,6,4,0,0,6,4,0.3333
4,220.0000,27,31,822.3788,-86.6774,1.7875,3,0.0750,1.0000,8,5,4,0,0,5,4,0.2000
4,220.0000,27,32,534.6493,-84.3789,-0.5793,25,0.6250,0.8750,8,4,0,0,0,4,0,1.0000
4,220.0000,27,34,815.4370,-87.1272,0.5468,6,0.1500,1.0000,8,7,6,0,0,7,6,0.1429
4,220.0000,27,36,631.2730,-86.1499,-0.7564,17,0.4250,0.8571,7,8,8,0,0,8,8,0.0000
4,220.0000,27,39,316.1555,-79.8450,0.1659,28,0.7000,0.2000,5,5,1,0,0,5,1,0.8000
4,220.0000,27,40,320.7216,-77.2659,-1.5041,37,0.9250,0.0000,4,6,3,0,0,6,3,0.5000
4,220.0000,27,44,554.1022,-84.5082,0.5741,23,0.5750,0.8571,7,8,5,0,0,8,5,0.3750
4,220.0000,27,45,502.8109,-83.0848,0.5382,20,0.5000,0.8750,8,6,4,0,0,6,4,0.3333
4,220.0000,27,46,346.8075,-81.9269,1.0742,19,0.4750,0.5714,7,5,1,0,0,5,1,0.8000
4,220.0000,28,0,650.6209,-85.2460,0.1064,18,0.4500,0.8571,7,7,5,0,0,7,5,0.2857
4,220.0000,28,1,854.5344,-87.3064,0.4283,7,0.1750,1.0000,6,5,4,0,0,5,4,0.2000
4,220.0000,28,5,933.8344,-88.4013,-0.7555,3,0.0750,1.0000,8,8,8,0,0,8,8,0.0000
4,220.0000,28,8,878.2062,-88.4546,-0.2903,3,0.0750,1.0000,8,8,8,0,0,8,8,0.0000
4,220.0000,28,9,784.4677,-86.4746,-0.2810,9,0.2250,1.0000,8,3,2,0,0,3,2,0.3333
4,220.0000,28,12,605.2605,-83.0481,-0.6319,10,0.2500,0.9000,10,8,8,0,0,8,8,0.0000
4,220.0000,28,13,708.1262,-84.9499,0.2971,10,0.2500,0.8571,7,8,8,0,0,8,8,0.0000
4,220.0000,28,15,577.2178,-85.5533,-0.3494,14,0.3500,0.7143,7,8,8,0,0,8,8,0.0000
4,220.0000,28,18,701.7814,-86.3599,0.6467,14,0.3500,1.0000,6,6,5,0,0,6,5,0.1667
4,220.0000,28,19,185.0035,-76.8138,0.7268,37,0.9250,0.4000,5,5,1,0,0,5,1,0.8000
4,220.0000,28,21,592.3416,-85.6534,0.1961,17,0.4250,0.7500,8,6,2,0,0,6,2,0.6667
4,220.0000,28,25,778.7005,-87.3946,0.8361,11,0.2750,1.0000,8,7,6,0,0,7,6,0.1429
4,220.0000,28,27,414.5196,-82.9522,0.0167,23,0.5750,0.5000,6,5,1,0,0,5,1,0.8000
4,220.0000,28,30,266.7149,-77.8921,0.1074,33,0.8250,0.3333,6,4,0,0,0,4,0,1.0000
4,220.0000,28,31,744.5777,-86.0270,-0.2514,7,0.1750,1.0000,8,8,8,0,0,8,8,0.0000
4,220.0000,28,32,611.2463,-85.4616,0.3951,20,0.5000,0.8750,8,7,6,0,0,7,6,0.1429
4,220.0000,28,34,681.7857,-85.0296,0.3005,7,0.1750,0.8750,8,8,8,0,0,8,8,0.0000
4,220.0000,28,36,475.2313,-83.3978,0.9138,23,0.5750,0.5714,7,7,4,0,0,7,4,0.4286
4,220.0000,28,39,144.8385,-73.8526,0.2948,37,0.9250,0.0000,5,5,1,0,0,5,1,0.8000
4,220.0000,28,40,731.6342,-85.6804,-0.4153,17,0.4250,0.8889,9,8,8,0,0,8,8,0.0000
4,220.0000,28,44,466.4147,-83.2688,-0.2198,29,0.7250,0.7143,7,6,3,0,0,6,3,0.5000
4,220.0000,28,45,298.9926,-79.8858,0.6392,30,0.7500,0.4000,5,4,0,0,0,4,0,1.0000
4,220.0000,28,46,345.9804,-79.8173,-0.4646,29,0.7250,0.8571,7,5,1,0,0,5,1,0.8000
4,220.0000,29,2,944.0500,-88.8946,-0.6906,4,0.1000,1.0000,6,6,5,0,0,6,5,0.1667
4,220.0000,29,4,620.8431,-87.0975,1.2234,9,0.2250,0.6667,6,8,5,0,0,8,5,0.3750
4,220.0000,29,5,154.8547,-73.1927,0.1905,31,0.7750,0.2000,5,5,2,0,0,5,2,0.6000
4,220.0000,29,7,768.4442,-86.8793,-0.8870,9,0.2250,1.0000,8,7,6,0,0,7,6,0.1429
4,220.0000,29,8,539.4594,-84.0130,0.5998,14,0.3500,0.8571,7,7,6,0,0,7,6,0.1429
4,220.0000,29,10,773.5388,-87.0101,0.4462,8,0.2000,1.0000,68,8,7,144,144,152,151,0.0066
4,220.0000,29,12,775.9352,-86.3675,-0.0362,9,0.2250,1.0000,8,8,8,0,0,8,8,0.0000
4,220.0000,29,13,418.4632,-82.9838,0.6705,22,0.5500,0.8571,7,8,7,0,0,8,7,0.1250
4,220.0000,29,14,746.8161,-87.4629,0.0966,8,0.2000,1.0000,74,8,8,0,0,8,8,0.0000
4,220.0000,29,15,959.8443,-88.4691,-0.0712,7,0.1750,1.0000,8,4,4,0,0,4,4,0.0000
4,220.0000,29,16,910.1285,-86.6815,1.0634,3,0.0750,1.0000,8,6,6,0,0,6,6,0.0000
4,220.0000,29,17,987.8067,-88.5943,-0.6809,3,0.0750,1.0000,6,4,4,0,0,4,4,0.0000
4,220.0000,29,20,956.5409,-87.3619,0.8929,3,0.0750,1.0000,8,4,4,0,0,4,4,0.0000
4,220.0000,29,22,1042.1110,-89.3455,0.2648,4,0.1000,1.0000,4,4,4,0,0,4,4,0.0000
4,220.0000,29,24,883.5631,-88.4587,-0.0578,5,0.1250,1.0000,4,8,8,0,0,8,8,0.0000
4,220.0000,29,26,114.1403,-70.0652,-0.7315,36,0.9000,0.0000,4,4,0,0,0,4,0,1.0000
4,220.0000,29,31,349.0108,-80.8606,-0.0915,24,0.6000,0.6667,6,6,3,0,0,6,3,0.5000
4,220.0000,29,34,451.7452,-82.9739,-0.2707,17,0.4250,0.8750,8,6,3,0,0,6,3,0.5000
4,220.0000,29,35,943.4753,-87.1281,0.4701,8,0.2000,1.0000,8,8,8,0,0,8,8,0.0000
4,220.0000,29,37,891.4881,-87.8760,-0.2334,6,0.1500,1.0000,8,6,6,0,0,6,6,0.0000
4,220.0000,29,39,1021.1495,-87.6451,2.3784,3,0.0750,1.0000,8,4,4,0,0,4,4,0.0000
4,220.0000,29,41,780.4848,-88.0845,0.2915,7,0.1750,1.0000,8,8,8,0,0,8,8,0.0000
4,220.0000,29,42,492.0939,-84.8615,0.5960,16,0.4000,0.6667,6,8,6,0,0,8,6,0.2500
4,220.0000,29,46,784.4176,-85.3902,-0.3565,11,0.2750,0.7143,7,7,6,0,0,7,6,0.1429
4,220.0000,30,0,750.6688,-86.5262,0.7591,11,0.2750,0.8571,7,7,6,0,0,7,6,0.1429
4,220.0000,30,1,1023.7482,-87.9108,-0.2289,3,0.0750,,0,4,4,0,0,4,4,0.0000
4,220.0000,30,9,935.5275,-87.6107,2.1957,3,0.0750,1.0000,4,4,4,0,0,4,4,0.0000
4,220.0000,30,12,647.7997,-83.6210,-1.8897,4,0.1000,0.8750,8,8,8,0,0,8,8,0.0000
4,220.0000,30,15,608.8472,-84.5710,0.6303,4,0.1000,0.8571,7,7,6,0,0,7,6,0.1429
4,220.0000,30,19,193.3646,-74.9513,-0.3575,35,0.8750,0.2000,5,4,0,0,0,4,0,1.0000
4,220.0000,30,21,520.1450,-84.4858,0.1247,23,0.5750,0.7143,7,8,8,0,0,8,8,0.0000
4,220.0000,30,25,913.7800,-87.8434,0.9872,4,0.1000,1.0000,6,6,6,0,0,6,6,0.0000
4,220.0000,30,27,584.2735,-85.5054,0.6042,11,0.2750,0.9000,10,7,5,0,0,7,5,0.2857
4,220.0000,30,28,266.7149,-78.5890,0.2095,31,0.7750,0.0000,4,7,3,0,0,7,3,0.5714
4,220.0000,30,32,640.5199,-85.8026,0.1599,18,0.4500,1.0000,8,8,8,0,0,8,8,0.0000
4,220.0000,30,36,366.6842,-81.4465,0.2913,26,0.6500,0.7500,8,4,0,0,0,4,0,1.0000
4,220.0000,30,39,401.8760,-82.2721,0.4680,18,0.4500,0.3333,6,7,6,0,0,7,6,0.1429
4,220.0000,30,44,387.0320,-81.8841,-0.5556,28,0.7000,0.0000,4,4,0,0,0,4,0,1.0000
4,220.0000,30,45,183.7350,-74.2652,1.0101,36,0.9000,0.0000,4,5,1,0,0,5,1,0.8000
4,220.0000,30,46,586.0095,-83.6973,-0.0721,13,0.3250,1.0000,8,8,7,0,0,8,7,0.1250
4,220.0000,31,2,1013.6470,-86.2711,0.1406,3,0.0750,1.0000,8,10,10,0,0,10,10,0.0000
4,220.0000,31,4,710.4717,-86.6720,-0.0166,8,0.2000,0.8571,7,8,8,0,0,8,8,0.0000
4,220.0000,31,5,219.7886,-78.1892,0.7377,35,0.8750,0.3750,8,3,0,0,0,3,0,1.0000
4,220.0000,31,7,787.9455,-87.1322,-0.7235,7,0.1750,0.8750,8,8,8,0,0,8,8,0.0000
4,220.0000,31,8,372.4265,-79.7708,0.1798,26,0.6500,0.4000,5,6,4,0,0,6,4,0.3333
4,220.0000,31,10,948.8500,-87.4865,0.0221,8,0.2000,1.0000,8,8,8,0,0,8,8,0.0000
4,220.0000,31,11,976.4265,-89.2777,0.0015,3,0.0750,1.0000,4,8,8,0,0,8,8,0.0000
4,220.0000,31,12,471.1933,-82.6221,-0.2470,22,0.5500,0.6000,5,6,4,0,0,6,4,0.3333
4,220.0000,31,13,92.7723,-67.9062,-0.0492,36,0.9000,0.1190,84,5,1,84,15,89,16,0.8202
4,220.0000,31,15,634.3632,-85.3464,-0.2766,15,0.3750,0.7500,8,8,8,0,0,8,8,0.0000
4,220.0000,31,18,925.3443,-88.1314,0.7872,6,0.1500,,0,8,8,0,0,8,8,0.0000
4,220.0000,31,19,848.6134,-87.2452,0.4027,7,0.1750,1.0000,6,8,8,0,0,8,8,0.0000
4,220.0000,31,20,795.9889,-87.0292,-0.5281,9,0.2250,0.8571,7,8,8,0,0,8,8,0.0000
4,220.0000,31,22,1042.0482,-88.2867,0.8703,4,0.1000,1.0000,8,8,8,0,0,8,8,0.0000
4,220.0000,31,23,1114.1231,-88.0960,0.9413,3,0.0750,1.0000,4,6,6,0,0,6,6,0.0000
4,220.0000,31,26,395.1974,-81.4647,-0.2017,27,0.6750,0.4000,5,7,5,0,0,7,5,0.2857
4,220.0000,31,27,822.3788,-87.0799,0.9060,10,0.2500,1.0000,8,8,8,0,0,8,8,0.0000
4,220.0000,31,28,744.5777,-86.3748,0.1061,12,0.3000,0.8889,9,8,8,0,0,8,8,0.0000
4,220.0000,31,29,349.0108,-80.6199,0.8699,27,0.6750,0.0000,4,8,6,0,0,8,6,0.2500
4,220.0000,31,30,925.4131,-87.7200,-0.2201,4,0.1000,1.0000,6,2,2,0,0,2,2,0.0000
4,220.0000,31,33,1127.0403,-88.2341,1.9310,3,0.0750,1.0000,6,4,4,0,0,4,4,0.0000
4,220.0000,31,34,129.1676,-72.5470,0.8360,38,0.9500,0.2000,5,4,0,0,0,4,0,1.0000
4,220.0000,31,39,710.1779,-85.2994,-0.6167,15,0.3750,0.8571,7,8,8,0,0,8,8,0.0000
4,220.0000,31,40,955.8403,-87.5691,-0.1681,8,0.2000,1.0000,4,2,2,0,0,2,2,0.0000
4,220.0000,31,41,704.9568,-85.0182,-0.2616,9,0.2250,1.0000,8,8,8,0,0,8,8,0.0000
4,220.0000,31,42,752.8274,-86.5359,-0.4252,10,0.2500,1.0000,6,8,8,0,0,8,8,0.0000
4,220.0000,31,45,859.2975,-87.6384,0.6570,6,0.1500,1.0000,6,8,8,0,0,8,8,0.0000
4,220.0000,31,46,498.9638,-83.5961,-0.6472,19,0.4750,0.8750,8,8,8,0,0,8,8,0.0000
4,220.0000,32,0,405.9882,-80.9488,-0.7244,28,0.7000,0.3333,6,7,5,0,0,7,5,0.2857
4,220.0000,32,1,635.4980,-85.0364,-0.0577,22,0.5500,0.7500,8,7,5,0,0,7,5,0.2857
4,220.0000,32,9,617.1689,-85.1201,-0.0520,22,0.5500,1.0000,8,7,6,0,0,7,6,0.1429
4,220.0000,32,18,700.8274,-85.0302,-0.9821,21,0.5250,1.0000,8,8,8,0,0,8,8,0.0000
4,220.0000,32,19,663.1848,-86.0698,0.3575,9,0.2250,1.0000,8,6,4,0,0,6,4,0.3333
4,220.0000,32,21,334.2032,-81.4090,0.1977,30,0.7500,0.0000,4,5,1,0,0,5,1,0.8000
4,220.0000,32,25,470.4589,-81.8990,-0.4029,29,0.7250,0.5000,6,6,3,0,0,6,3,0.5000
4,220.0000,32,27,534.6493,-83.1749,-0.5727,24,0.6000,0.8750,8,7,5,0,0,7,5,0.2857
4,220.0000,32,28,611.2463,-86.6498,-0.1345,13,0.3250,1.0000,8,6,4,0,0,6,4,0.3333
4,220.0000,32,30,640.5199,-86.4438,0.0959,11,0.2750,0.8571,7,8,7,0,0,8,7,0.1250
4,220.0000,32,36,361.9099,-80.6377,0.3766,31,0.7750,0.5714,7,4,0,0,0,4,0,1.0000
4,220.0000,32,39,588.3942,-85.7664,-0.3175,13,0.3250,0.8571,7,8,7,0,0,8,7,0.1250
4,220.0000,32,40,713.1805,-85.5562,-0.1548,18,0.4500,0.8571,7,8,7,0,0,8,7,0.1250
4,220.0000,32,44,295.1058,-81.6249,1.1646,28,0.7000,0.4000,5,4,0,0,0,4,0,1.0000
4,220.0000,32,45,673.5570,-85.2911,0.1476,15,0.3750,1.0000,8,8,7,0,0,8,7,0.1250
4,220.0000,32,46,791.6509,-87.0128,0.0014,8,0.2000,1.0000,8,8,7,0,0,8,7,0.1250
4,220.0000,33,2,427.7654,-82.2525,0.7712,19,0.4872,0.5000,4,7,3,0,0,7,3,0.5714
4,220.0000,33,3,179.5260,-74.6224,-0.1917,32,0.8205,0.0000,4,4,0,0,0,4,0,1.0000
4,220.0000,33,4,725.3212,-86.9007,-0.6352,13,0.3333,1.0000,8,8,8,0,0,8,8,0.0000
4,220.0000,33,6,225.6131,-76.4228,0.1960,34,0.8718,0.2000,5,6,3,0,0,6,3,0.5000
4,220.0000,33,7,461.2502,-82.6178,0.3555,19,0.4872,0.2500,4,8,6,0,0,8,6,0.2500
4,220.0000,33,8,869.4099,-88.3191,0.2286,7,0.1795,1.0000,6,8,8,0,0,8,8,0.0000
4,220.0000,33,10,726.4238,-85.7573,0.0010,15,0.3846,0.8571,7,8,8,0,0,8,8,0.0000
4,220.0000,33,11,505.8787,-83.1557,-0.0490,24,0.6154,0.7143,7,5,2,0,0,5,2,0.6000
4,220.0000,33,12,1005.3459,-89.4866,0.0156,4,0.1026,1.0000,4,4,4,0,0,4,4,0.0000
4,220.0000,33,13,1074.9989,-88.1894,0.1767,6,0.1538,1.0000,6,6,6,0,0,6,6,0.0000
4,220.0000,33,14,875.4523,-87.3940,-1.2960,8,0.2051,0.7143,7,8,8,0,0,8,8,0.0000
4,220.0000,33,15,1027.9684,-87.3560,0.3235,4,0.1026,1.0000,8,6,6,0,0,6,6,0.0000
4,220.0000,33,16,766.6511,-85.9057,0.2230,12,0.3077,1.0000,8,8,8,0,0,8,8,0.0000
4,220.0000,33,17,655.5362,-85.5975,-0.1369,18,0.4615,0.8750,8,8,8,0,0,8,8,0.0000
4,220.0000,33,20,461.2254,-82.0600,-0.2136,20,0.5128,0.5000,6,5,1,0,0,5,1,0.8000
4,220.0000,33,22,312.9118,-79.9186,-0.0484,28,0.7179,0.8571,7,6,3,0,0,6,3,0.5000
4,220.0000,33,23,218.2534,-76.4094,-0.0729,31,0.7949,0.2000,5,5,2,0,0,5,2,0.6000
4,220.0000,33,24,393.9316,-80.7164,-0.6973,19,0.4872,0.5000,6,6,3,0,0,6,3,0.5000
4,220.0000,33,29,1179.5495,-89.2674,0.0031,3,0.0769,1.0000,4,4,4,0,0,4,4,0.0000
4,220.0000,33,35,786.1970,-85.2088,-0.3855,15,0.3846,1.0000,8,8,8,0,0,8,8,0.0000
4,220.0000,33,37,605.3280,-84.0012,-0.9831,18,0.4615,0.8750,8,8,8,0,0,8,8,0.0000
4,220.0000,33,38,349.4983,-81.8592,0.1972,25,0.6410,0.0000,4,6,2,0,0,6,2,0.6667
4,220.0000,33,41,428.2265,-82.6914,0.3706,16,0.4103,0.6667,6,6,4,0,0,6,4,0.3333
4,220.0000,33,42,1021.3002,-88.4911,-0.4164,4,0.1026,1.0000,4,6,6,0,0,6,6,0.0000
4,220.0000,33,43,323.8808,-80.2129,0.2494,29,0.7436,0.4000,5,7,5,0,0,7,5,0.2857
4,220.0000,33,47,294.2395,-80.6860,0.8687,29,0.7436,0.0000,3,6,1,0,0,6,1,0.8333
4,220.0000,34,4,778.1684,-86.1181,-0.0822,3,0.0750,1.0000,8,7,6,0,0,7,6,0.1429
4,220.0000,34,5,312.8297,-80.3279,0.2381,23,0.5750,0.7143,7,5,1,0,0,5,1,0.8000
4,220.0000,34,8,413.8714,-80.7544,-0.2112,11,0.2750,0.6667,6,5,2,0,0,5,2,0.6000
4,220.0000,34,12,438.0271,-81.6904,0.3912,18,0.4500,0.5000,6,6,6,0,0,6,6,0.0000
4,220.0000,34,13,130.5674,-72.1266,0.4064,35,0.8750,0.0000,4,4,0,0,0,4,0,1.0000
4,220.0000,34,15,536.2640,-83.6748,-0.0390,14,0.3500,0.8750,8,7,5,0,0,7,5,0.2857
4,220.0000,34,18,922.8345,-87.9956,-1.5140,3,0.0750,1.0000,4,4,4,0,0,4,4,0.0000
4,220.0000,34,19,768.9017,-86.3677,-1.2711,8,0.2000,0.8750,8,6,6,0,0,6,6,0.0000
4,220.0000,34,20,769.1962,-85.5427,-1.4482,3,0.0750,0.8571,7,8,8,0,0,8,8,0.0000
4,220.0000,34,24,923.6665,-88.7999,-0.6254,3,0.0750,1.0000,8,7,6,0,0,7,6,0.1429
4,220.0000,34,26,513.5015,-83.4626,-0.6658,16,0.4000,1.0000,8,6,4,0,0,6,4,0.3333
4,220.0000,34,27,815.4370,-87.3535,-1.0597,5,0.1250,0.8571,7,8,8,0,0,8,8,0.0000
4,220.0000,34,28,681.7857,-84.8525,-0.6815,9,0.2250,0.8571,7,7,6,0,0,7,6,0.1429
4,220.0000,34,29,451.7452,-82.8273,-0.2309,17,0.4250,0.4286,7,6,4,0,0,6,4,0.3333
4,220.0000,34,30,865.3236,-87.1632,-0.3229,7,0.1750,1.0000,6,4,4,0,0,4,4,0.0000
4,220.0000,34,31,129.1676,-72.2095,0.5577,32,0.8000,0.0000,4,5,1,0,0,5,1,0.8000
4,220.0000,34,39,656.3092,-84.8781,-0.1885,11,0.2750,0.8571,7,8,8,2,2,10,10,0.0000
4,220.0000,34,41,699.6952,-85.1888,-0.2310,5,0.1250,1.0000,8,8,8,0,0,8,8,0.0000
4,220.0000,34,43,828.8084,-88.1506,0.4417,3,0.0750,1.0000,8,8,7,0,0,8,7,0.1250
4,220.0000,34,45,823.3987,-88.1419,-0.1737,3,0.0750,1.0000,8,8,8,0,0,8,8,0.0000
4,220.0000,34,46,474.1914,-81.0890,-1.0747,21,0.5250,0.7143,7,8,8,0,0,8,8,0.0000
4,220.0000,35,2,425.7397,-81.1569,-0.6800,23,0.5750,0.7143,7,8,8,0,0,8,8,0.0000
4,220.0000,35,3,723.6530,-86.7098,0.7718,14,0.3500,1.0000,8,8,8,0,0,8,8,0.0000
4,220.0000,35,4,622.4523,-85.7273,-0.5964,13,0.3250,0.7143,7,8,8,0,0,8,8,0.0000
4,220.0000,35,5,1041.3648,-88.2663,-0.1407,3,0.0750,1.0000,8,4,4,0,0,4,4,0.0000
4,220.0000,35,6,681.2847,-85.8100,-0.7029,13,0.3250,0.7143,7,8,8,0,0,8,8,0.0000
4,220.0000,35,7,527.2474,-84.2972,-0.5303,20,0.5000,0.4000,5,5,4,0,0,5,4,0.2000
4,220.0000,35,8,1016.2392,-88.5475,-0.6018,5,0.1250,1.0000,6,9,8,0,0,9,8,0.1111
4,220.0000,35,10,226.2927,-78.2434,0.1505,31,0.7750,0.4286,7,4,0,0,0,4,0,1.0000
4,220.0000,35,11,304.3681,-78.5023,-0.9357,28,0.7000,0.5714,7,7,6,0,0,7,6,0.1429
4,220.0000,35,13,1138.3567,-88.9053,0.0730,3,0.0750,1.0000,6,4,4,0,0,4,4,0.0000
4,220.0000,35,14,239.4651,-76.1633,-0.3779,34,0.8500,0.0000,4,4,0,0,0,4,0,1.0000
4,220.0000,35,15,1425.8107,-89.7680,-0.0381,3,0.0750,1.0000,2,4,4,0,0,4,4,0.0000
4,220.0000,35,16,140.7593,-74.7574,1.8821,33,0.8250,0.0000,4,4,0,0,0,4,0,1.0000
4,220.0000,35,17,359.8634,-80.2796,0.0594,27,0.6750,0.5000,4,5,1,0,0,5,1,0.8000
4,220.0000,35,20,995.0013,-87.8413,-0.1017,8,0.2000,1.0000,8,6,6,0,0,6,6,0.0000
4,220.0000,35,22,664.3710,-86.0207,-0.4952,13,0.3250,0.8571,7,8,8,0,0,8,8,0.0000
4,220.0000,35,23,806.8144,-87.0653,-0.5180,9,0.2250,1.0000,8,8,7,0,0,8,7,0.1250
4,220.0000,35,24,458.0950,-80.2872,-1.0900,24,0.6000,0.6667,6,8,7,0,0,8,7,0.1250
4,220.0000,35,33,786.1970,-85.9250,0.0022,11,0.2750,0.8571,7,8,8,0,0,8,8,0.0000
4,220.0000,35,37,203.5324,-76.0222,0.2935,33,0.8250,0.2000,5,5,1,0,0,5,1,0.8000
4,220.0000,35,38,497.6865,-82.2558,-0.4103,23,0.5750,0.7143,7,8,7,0,0,8,7,0.1250
4,220.0000,35,41,751.1634,-86.9798,-0.3628,9,0.2250,1.0000,8,8,8,0,0,8,8,0.0000
4,220.0000,35,42,587.7003,-85.1619,0.4413,14,0.3500,0.7143,7,7,6,0,0,7,6,0.1429
4,220.0000,35,43,835.6690,-87.2817,0.1999,5,0.1250,1.0000,6,8,8,0,0,8,8,0.0000
4,220.0000,35,47,691.9275,-86.0638,-0.9364,13,0.3250,0.7143,7,8,8,0,0,8,8,0.0000
4,220.0000,36,0,644.4194,-84.4186,-0.9475,24,0.6000,0.2000,5,5,2,0,0,5,2,0.6000
4,220.0000,36,1,928.2974,-87.4000,0.5392,10,0.2500,1.0000,8,8,8,0,0,8,8,0.0000
4,220.0000,36,9,871.4162,-87.4174,0.1051,7,0.1750,1.0000,8,8,8,0,0,8,8,0.0000
4,220.0000,36,18,915.3018,-86.9732,-0.1079,7,0.1750,1.0000,8,8,8,0,0,8,8,0.0000
4,220.0000,36,19,432.4867,-83.4654,0.1336,23,0.5750,0.5714,7,6,3,0,0,6,3,0.5000
4,220.0000,36,21,329.2373,-79.5742,-0.4881,34,0.8500,0.0000,4,7,4,0,0,7,4,0.4286
4,220.0000,36,25,777.3715,-85.6081,-0.5153,8,0.2000,1.0000,8,7,6,0,0,7,6,0.1429
4,220.0000,36,27,631.2730,-84.9027,0.2298,17,0.4250,1.0000,8,10,8,0,0,10,8,0.2000
4,220.0000,36,28,475.2313,-83.8776,0.0057,17,0.4250,0.8750,8,6,4,0,0,6,4,0.3333
4,220.0000,36,30,366.6842,-82.6912,1.0538,19,0.4750,0.8750,8,5,1,0,0,5,1,0.8000
4,220.0000,36,32,361.9099,-81.2235,-0.5016,31,0.7750,0.4000,5,3,0,0,0,3,0,1.0000
4,220.0000,36,39,542.6976,-84.9719,0.2885,11,0.2750,0.8750,8,7,5,0,0,7,5,0.2857
4,220.0000,36,40,906.4115,-85.4352,-0.2487,6,0.1500,0.8750,8,8,7,0,0,8,7,0.1250
4,220.0000,36,44,104.4291,-69.2946,1.1450,35,0.8750,0.0000,4,4,0,0,0,4,0,1.0000
4,220.0000,36,45,464.7552,-81.8775,-0.0272,26,0.6500,0.2000,5,7,5,0,0,7,5,0.2857
4,220.0000,36,46,780.0337,-87.8047,0.3491,5,0.1250,1.0000,8,8,8,0,0,8,8,0.0000
4,220.0000,37,2,294.3248,-77.6683,-0.1383,30,0.7692,0.2000,5,7,5,0,0,7,5,0.2857
4,220.0000,37,3,570.1289,-84.8825,0.4256,19,0.4872,0.7500,8,7,4,0,0,7,4,0.4286
4,220.0000,37,4,545.7615,-84.3081,-0.0915,19,0.4872,0.8571,7,7,6,0,0,7,6,0.1429
4,220.0000,37,5,964.6715,-88.3816,0.9923,3,0.0769,1.0000,4,2,2,0,0,2,2,0.0000
4,220.0000,37,6,489.8017,-83.2479,-0.4031,26,0.6667,0.7143,7,6,3,0,0,6,3,0.5000
4,220.0000,37,7,334.3318,-78.1609,-0.3888,30,0.7692,0.2000,5,5,2,0,0,5,2,0.6000
4,220.0000,37,8,887.2577,-87.8722,-1.0835,5,0.1282,1.0000,6,8,8,0,0,8,8,0.0000
4,220.0000,37,10,227.0391,-76.6523,-0.0294,32,0.8205,0.2000,5,5,1,0,0,5,1,0.8000
4,220.0000,37,11,108.6585,-67.0527,-1.1789,32,0.8205,0.0000,4,5,1,0,0,5,1,0.8000
4,220.0000,37,13,1017.4540,-88.1524,0.4891,4,0.1026,1.0000,8,7,6,0,0,7,6,0.1429
4,220.0000,37,14,291.1379,-78.7705,-0.0517,32,0.8205,0.0000,4,5,3,0,0,5,3,0.4000
4,220.0000,37,16,244.2710,-80.0735,0.8099,32,0.8205,0.2000,5,6,2,0,0,6,2,0.6667
4,220.0000,37,17,359.1192,-81.7076,-0.0947,30,0.7692,0.4000,5,5,4,0,0,5,4,0.2000
4,220.0000,37,20,811.3776,-86.2778,-0.4103,8,0.2051,1.0000,8,8,8,0,0,8,8,0.0000
4,220.0000,37,22,523.1054,-83.5343,-0.5724,25,0.6410,0.5714,7,8,8,0,0,8,8,0.0000
4,220.0000,37,23,649.8360,-85.6601,0.2862,13,0.3333,0.6000,5,7,5,0,0,7,5,0.2857
4,220.0000,37,24,255.9323,-72.4121,-3.1129,33,0.8462,0.2000,5,6,3,0,0,6,3,0.5000
4,220.0000,37,29,891.4881,-88.9076,0.1358,3,0.0769,1.0000,6,8,8,0,0,8,8,0.0000
4,220.0000,37,33,605.3280,-83.4056,-0.3381,23,0.5897,0.8571,7,8,8,0,0,8,8,0.0000
4,220.0000,37,35,203.5324,-76.3914,0.3618,34,0.8718,0.0000,4,4,0,0,0,4,0,1.0000
4,220.0000,37,38,357.5751,-80.5271,-0.4404,28,0.7179,0.7143,7,6,3,0,0,6,3,0.5000
4,220.0000,37,41,571.5842,-84.0945,-0.2103,16,0.4103,0.7143,7,8,7,0,0,8,7,0.1250
4,220.0000,37,42,609.9920,-84.2459,-1.7592,14,0.3590,0.8571,7,8,7,0,0,8,7,0.1250
4,220.0000,37,43,652.1973,-86.2512,0.5067,14,0.3590,0.8750,8,8,8,0,0,8,8,0.0000
4,220.0000,37,47,543.9616,-84.8316,0.9812,21,0.5385,1.0000,6,7,4,0,0,7,4,0.4286
4,220.0000,38,2,291.8934,-80.0971,0.5610,30,0.7500,0.2000,5,4,0,0,0,4,0,1.0000
4,220.0000,38,3,242.5141,-79.2174,1.7993,31,0.7750,0.2000,5,5,1,0,0,5,1,0.8000
4,220.0000,38,4,706.3153,-85.0880,-0.5091,9,0.2250,0.8571,7,7,5,0,0,7,5,0.2857
4,220.0000,38,6,287.3608,-79.4803,0.3508,32,0.8000,0.4000,5,5,1,0,0,5,1,0.8000
4,220.0000,38,7,438.7016,-84.3644,0.8487,18,0.4500,0.4286,7,8,6,0,0,8,6,0.2500
4,220.0000,38,10,522.1327,-84.5010,-0.2698,19,0.4750,1.0000,8,9,6,0,0,9,6,0.3333
4,220.0000,38,11,302.6040,-79.1195,-0.7012,28,0.7000,0.0000,4,7,4,0,0,7,4,0.4286
4,220.0000,38,14,648.1844,-85.0276,-0.2011,19,0.4750,0.5714,7,8,8,0,0,8,8,0.0000
4,220.0000,38,16,505.9655,-85.0523,-0.5661,22,0.5500,0.8571,7,7,5,0,0,7,5,0.2857
4,220.0000,38,17,449.6805,-82.5493,-0.1947,23,0.5750,0.4000,5,6,4,0,0,6,4,0.3333
4,220.0000,38,20,733.3086,-87.4395,0.1942,7,0.1750,1.0000,8,8,8,0,0,8,8,0.0000
4,220.0000,38,22,383.9192,-82.5115,0.4658,25,0.6250,0.6667,6,6,4,0,0,6,4,0.3333
4,220.0000,38,23,432.8286,-83.2900,1.3170,21,0.5250,0.2000,5,6,4,0,0,6,4,0.3333
4,220.0000,38,24,300.3212,-79.2874,0.4674,27,0.6750,0.5000,6,7,4,0,0,7,4,0.4286
4,220.0000,38,33,349.4983,-80.5778,0.7813,25,0.6250,0.6667,6,6,3,0,0,6,3,0.5000
4,220.0000,38,35,497.6865,-82.5553,-0.7471,26,0.6500,0.4000,5,7,6,0,0,7,6,0.1429
4,220.0000,38,37,357.5751,-80.7865,-0.0924,28,0.7000,0.6667,6,5,2,0,0,5,2,0.6000
4,220.0000,38,41,578.7841,-86.9648,0.3345,14,0.3500,0.8571,7,7,6,0,0,7,6,0.1429
4,220.0000,38,42,903.0218,-87.9174,-0.3411,8,0.2000,1.0000,8,6,6,0,0,6,6,0.0000
4,220.0000,38,43,563.0418,-85.2898,1.4014,12,0.3000,0.8750,8,7,5,0,0,7,5,0.2857
4,220.0000,38,47,204.6913,-76.7867,0.4422,35,0.8750,0.2000,5,4,0,0,0,4,0,1.0000
4,220.0000,39,0,573.9188,-85.1819,-0.2999,21,0.5250,1.0000,8,7,4,0,0,7,4,0.4286
4,220.0000,39,1,734.4938,-86.8089,-0.0674,14,0.3500,0.8571,7,8,8,0,0,8,8,0.0000
4,220.0000,39,5,877.8603,-86.9670,-0.1809,6,0.1500,1.0000,8,2,2,0,0,2,2,0.0000
4,220.0000,39,8,898.9995,-87.0092,-0.0262,4,0.1000,1.0000,8,8,8,0,0,8,8,0.0000
4,220.0000,39,9,675.1638,-85.9914,0.1715,20,0.5000,1.0000,8,6,6,0,0,6,6,0.0000
4,220.0000,39,12,666.7313,-85.5076,0.2192,11,0.2750,1.0000,8,8,7,0,0,8,7,0.1250
4,220.0000,39,13,691.1400,-86.2036,-0.2888,11,0.2750,1.0000,6,5,2,0,0,5,2,0.6000
4,220.0000,39,15,663.2795,-86.3334,-0.1790,10,0.2500,1.0000,8,8,8,0,0,8,8,0.0000
4,220.0000,39,18,560.9225,-85.0659,0.0994,22,0.5500,1.0000,8,8,8,0,0,8,8,0.0000
4,220.0000,39,19,318.4757,-81.6492,0.7171,28,0.7000,0.2000,5,4,0,0,0,4,0,1.0000
4,220.0000,39,21,616.5955,-85.0893,0.2625,21,0.5250,0.6667,6,7,6,0,0,7,6,0.1429
4,220.0000,39,25,677.9861,-86.5482,-0.1596,16,0.4000,0.8750,8,7,5,0,0,7,5,0.2857
4,220.0000,39,27,316.1555,-80.8168,0.8687,27,0.6750,0.6667,6,5,2,0,0,5,2,0.6000
4,220.0000,39,28,144.8385,-72.6764,0.3773,38,0.9500,0.0000,4,4,0,0,0,4,0,1.0000
4,220.0000,39,29,1021.1495,-88.6045,-0.0354,3,0.0750,1.0000,6,4,4,0,0,4,4,0.0000
4,220.0000,39,30,401.8760,-82.2015,0.0716,28,0.7000,0.7143,7,7,6,0,0,7,6,0.1429
4,220.0000,39,31,710.1779,-85.8307,-0.1593,8,0.2000,1.0000,8,8,8,0,0,8,8,0.0000
4,220.0000,39,32,588.3942,-85.1815,0.4236,28,0.7000,0.2000,5,5,1,0,0,5,1,0.8000
4,220.0000,39,34,656.3092,-83.8426,-0.5009,13,0.3250,1.0000,8,8,8,0,0,8,8,0.0000
4,220.0000,39,36,542.6976,-84.4399,0.2323,22,0.5500,1.0000,6,7,5,0,0,7,5,0.2857
4,220.0000,39,40,620.1734,-84.4028,-0.1765,22,0.5500,0.5714,7,8,8,0,0,8,8,0.0000
4,220.0000,39,44,514.7649,-83.8075,0.2679,27,0.6750,1.0000,8,7,6,0,0,7,6,0.1429
4,220.0000,39,45,402.1109,-83.4824,-0.2366,23,0.5750,0.4000,5,7,5,0,0,7,5,0.2857
4,220.0000,39,46,250.1384,-75.6361,-0.9272,36,0.9000,0.2000,5,6,4,0,0,6,4,0.3333
4,220.0000,40,0,335.3129,-80.2119,0.1817,32,0.8000,0.0000,4,6,3,0,0,6,3,0.5000
4,220.0000,40,1,312.5866,-80.7734,0.8463,33,0.8250,0.2000,5,4,0,0,0,4,0,1.0000
4,220.0000,40,5,1023.4922,-86.3526,0.2936,3,0.0750,1.0000,8,6,6,0,0,6,6,0.0000
4,220.0000,40,9,180.8342,-73.8109,-0.2093,36,0.9000,0.0000,4,5,1,0,0,5,1,0.8000
4,220.0000,40,18,332.9406,-80.9288,0.7205,27,0.6750,0.2000,5,5,1,0,0,5,1,0.8000
4,220.0000,40,21,728.2264,-86.4828,-0.2198,9,0.2250,1.0000,8,8,8,0,0,8,8,0.0000
4,220.0000,40,25,364.0611,-81.9663,0.4434,31,0.7750,0.5714,7,4,0,0,0,4,0,1.0000
4,220.0000,40,26,1088.2180,-88.7815,-0.2685,3,0.0750,1.0000,8,2,2,0,0,2,2,0.0000
4,220.0000,40,27,320.7216,-77.3253,-1.9292,31,0.7750,0.3229,96,5,2,132,100,137,102,0.2555
4,220.0000,40,28,731.6342,-86.2836,0.4049,10,0.2500,1.0000,8,8,8,0,0,8,8,0.0000
4,220.0000,40,29,1118.3374,-88.4289,0.3176,3,0.0750,1.0000,6,6,6,0,0,6,6,0.0000
4,220.0000,40,32,713.1805,-86.7793,-0.7947,16,0.4000,0.8571,7,7,6,0,0,7,6,0.1429
4,220.0000,40,36,906.4115,-87.2919,0.0309,8,0.2000,1.0000,8,8,8,0,0,8,8,0.0000
4,220.0000,40,39,620.1734,-84.8109,0.2373,12,0.3000,0.7143,7,8,7,0,0,8,7,0.1250
4,220.0000,40,44,815.5658,-87.1720,1.1511,9,0.2250,0.8571,7,7,6,0,0,7,6,0.1429
4,220.0000,40,45,794.2490,-87.2252,0.7094,10,0.2500,0.8571,7,8,8,0,0,8,8,0.0000
4,220.0000,40,46,564.6339,-85.6432,0.5057,11,0.2750,1.0000,8,7,6,0,0,7,6,0.1429
4,220.0000,41,2,429.6000,-83.6659,-0.1063,16,0.4000,0.6667,6,6,3,0,0,6,3,0.5000
4,220.0000,41,3,557.6899,-84.7612,-0.0164,16,0.4000,0.8571,7,8,8,0,0,8,8,0.0000
4,220.0000,41,4,427.6047,-81.8718,-0.0754,21,0.5250,0.7143,7,8,6,0,0,8,6,0.2500
4,220.0000,41,5,778.3107,-87.4011,0.1096,6,0.1500,1.0000,6,8,7,0,0,8,7,0.1250
4,220.0000,41,6,457.0303,-84.3719,0.8229,22,0.5500,0.3333,6,5,1,0,0,5,1,0.8000
4,220.0000,41,7,284.9329,-79.0745,0.7012,25,0.6250,0.3333,6,5,2,0,0,5,2,0.6000
4,220.0000,41,8,451.8176,-82.6123,-0.2897,19,0.4750,1.0000,8,6,3,0,0,6,3,0.5000
4,220.0000,41,10,594.1730,-83.5646,-0.5438,19,0.4750,0.7500,8,7,6,0,0,7,6,0.1429
4,220.0000,41,11,471.9547,-83.8585,-1.0831,19,0.4750,0.7143,7,6,4,0,0,6,4,0.3333
4,220.0000,41,12,637.5525,-84.0084,0.3265,9,0.2250,0.8571,7,6,4,0,0,6,4,0.3333
4,220.0000,41,13,652.7816,-85.0216,-0.6916,8,0.2000,1.0000,8,8,8,0,0,8,8,0.0000
4,220.0000,41,14,730.0864,-86.6140,0.1965,12,0.3000,1.0000,8,8,7,0,0,8,7,0.1250
4,220.0000,41,15,733.0039,-85.9410,0.3002,9,0.2250,0.4000,5,8,7,0,0,8,7,0.1250
4,220.0000,41,16,708.0738,-85.9483,-0.3816,14,0.3500,0.8571,7,7,5,0,0,7,5,0.2857
4,220.0000,41,17,639.7919,-85.9756,-0.8432,12,0.3000,0.7143,7,7,6,0,0,7,6,0.1429
4,220.0000,41,20,259.4535,-76.6608,-0.0648,35,0.8750,0.2000,5,6,3,0,0,6,3,0.5000
4,220.0000,41,22,380.8568,-81.3230,0.1899,23,0.5750,0.5000,6,7,6,0,0,7,6,0.1429
4,220.0000,41,23,421.5245,-82.7273,0.2814,24,0.6000,0.5000,6,7,5,0,0,7,5,0.2857
4,220.0000,41,24,358.5688,-83.0889,0.3578,20,0.5000,0.6667,6,6,3,0,0,6,3,0.5000
4,220.0000,41,26,823.7923,-87.9133,-0.4902,5,0.1250,1.0000,8,8,8,0,0,8,8,0.0000
4,220.0000,41,28,1207.1796,-89.0437,1.0309,3,0.0750,,0,2,2,0,0,2,2,0.0000
4,220.0000,41,29,780.4848,-86.9874,-0.3487,7,0.1750,1.0000,8,7,6,0,0,7,6,0.1429
4,220.0000,41,31,704.9568,-85.6063,0.5265,8,0.2000,1.0000,8,8,8,0,0,8,8,0.0000
4,220.0000,41,33,428.2265,-81.7088,-0.0014,28,0.7000,0.3333,6,5,1,0,0,5,1,0.8000
4,220.0000,41,34,699.6952,-85.9179,0.5709,5,0.1250,0.6667,6,8,8,0,0,8,8,0.0000
4,220.0000,41,35,751.1634,-85.9166,0.6469,8,0.2000,0.7143,7,7,5,0,0,7,5,0.2857
4,220.0000,41,37,571.5842,-84.6579,-0.5014,16,0.4000,0.6667,6,8,7,0,0,8,7,0.1250
4,220.0000,41,38,578.7841,-85.4627,-0.0423,17,0.4250,0.8750,8,8,6,0,0,8,6,0.2500
4,220.0000,41,42,728.9776,-85.8005,-0.3978,12,0.3000,1.0000,6,7,5,0,0,7,5,0.2857
4,220.0000,41,43,165.8869,-76.1090,1.0523,32,0.8000,0.2000,5,5,1,0,0,5,1,0.8000
4,220.0000,41,46,1116.7138,-88.8848,-0.0736,4,0.1000,1.0000,6,2,2,0,0,2,2,0.0000
4,220.0000,41,47,649.2699,-86.1656,0.1522,14,0.3500,0.8571,7,6,2,0,0,6,2,0.6667
4,220.0000,42,2,650.0887,-84.4839,0.1407,12,0.3000,0.8571,7,10,10,0,0,10,10,0.0000
4,220.0000,42,4,369.5219,-80.8168,-0.6156,14,0.3500,1.0000,8,7,6,0,0,7,6,0.1429
4,220.0000,42,5,629.6788,-85.6019,-1.7944,4,0.1000,1.0000,8,7,6,0,0,7,6,0.1429
4,220.0000,42,7,660.6746,-84.7906,-1.1547,9,0.2250,1.0000,8,8,8,0,0,8,8,0.0000
4,220.0000,42,10,406.0060,-82.4390,-0.1565,15,0.3750,0.7500,8,8,8,0,0,8,8,0.0000
4,220.0000,42,11,627.1190,-85.3261,-0.9486,8,0.2000,0.5714,7,6,4,0,0,6,4,0.3333
4,220.0000,42,14,467.1902,-83.7623,0.1585,17,0.4250,0.6250,8,5,2,0,0,5,2,0.6000
4,220.0000,42,16,510.8665,-82.1613,-2.0558,19,0.4750,0.6667,6,8,8,0,0,8,8,0.0000
4,220.0000,42,17,584.8744,-86.2384,-0.8294,8,0.2000,0.6667,6,6,4,0,0,6,4,0.3333
4,220.0000,42,20,956.6283,-87.6220,-1.2385,3,0.0750,1.0000,8,8,8,0,0,8,8,0.0000
4,220.0000,42,22,800.5253,-86.8539,-0.9347,6,0.1500,1.0000,8,8,8,0,0,8,8,0.0000
4,220.0000,42,24,705.9963,-85.9918,0.4944,8,0.2000,1.0000,8,8,8,0,0,8,8,0.0000
4,220.0000,42,26,471.7915,-83.2840,0.2295,13,0.3250,0.8750,8,6,4,0,0,6,4,0.3333
4,220.0000,42,29,492.0939,-84.3373,-0.3375,6,0.1500,0.6667,6,6,4,0,0,6,4,0.3333
4,220.0000,42,35,587.7003,-85.0723,-0.0634,11,0.2750,1.0000,8,9,7,0,0,9,7,0.2222
4,220.0000,42,37,609.9920,-84.7175,-0.5441,7,0.1750,0.6667,6,8,8,0,0,8,8,0.0000
4,220.0000,42,38,903.0218,-87.4768,-0.4204,4,0.1000,1.0000,8,8,8,0,0,8,8,0.0000
4,220.0000,42,43,865.4643,-87.7065,-1.2868,3,0.0750,1.0000,8,8,8,0,0,8,8,0.0000
4,220.0000,43,2,458.7136,-84.9385,0.7124,12,0.3000,0.8571,7,6,2,0,0,6,2,0.6667
4,220.0000,43,3,473.3041,-84.7664,-0.3293,15,0.3750,0.5000,6,7,6,0,0,7,6,0.1429
4,220.0000,43,4,534.0275,-82.7110,-0.1826,9,0.2250,0.8571,7,7,5,0,0,7,5,0.2857
4,220.0000,43,5,933.8835,-88.3671,-0.3437,3,0.0750,1.0000,8,8,7,0,0,8,7,0.1250
4,220.0000,43,6,426.1312,-82.6587,0.4291,18,0.4500,0.8571,7,6,4,0,0,6,4,0.3333
4,220.0000,43,7,393.8242,-83.1776,0.5404,15,0.3750,0.5714,7,5,1,0,0,5,1,0.8000
4,220.0000,43,8,556.4139,-84.8555,0.2091,10,0.2500,1.0000,8,8,7,0,0,8,7,0.1250
4,220.0000,43,10,695.0476,-86.2246,-0.3231,15,0.3750,1.0000,8,7,6,0,0,7,6,0.1429
4,220.0000,43,11,544.7924,-84.8030,0.5074,16,0.4000,0.7143,7,7,5,0,0,7,5,0.2857
4,220.0000,43,12,689.8068,-85.4308,-0.5094,7,0.1750,1.0000,8,8,8,0,0,8,8,0.0000
4,220.0000,43,13,780.0482,-89.1390,0.0432,4,0.1000,1.0000,8,5,4,0,0,5,4,0.2000
4,220.0000,43,14,852.8734,-87.6987,-0.3789,6,0.1500,1.0000,8,8,7,0,0,8,7,0.1250
4,220.0000,43,15,763.2254,-86.5018,-0.3971,5,0.1250,1.0000,8,8,8,0,0,8,8,0.0000
4,220.0000,43,16,788.9382,-87.6022,0.1666,8,0.2000,0.8000,5,7,6,0,0,7,6,0.1429
4,220.0000,43,17,681.2199,-86.2804,-0.1492,8,0.2000,1.0000,8,7,5,0,0,7,5,0.2857
4,220.0000,43,20,174.4859,-71.2584,-1.0071,34,0.8500,0.1667,6,4,0,0,0,4,0,1.0000
4,220.0000,43,22,326.1764,-80.6224,0.8505,18,0.4500,0.7143,7,5,2,0,0,5,2,0.6000
4,220.0000,43,23,301.0127,-79.1557,0.4800,26,0.6500,0.8750,8,7,5,0,0,7,5,0.2857
4,220.0000,43,24,422.1597,-82.6747,0.5727,12,0.3000,0.8750,8,5,2,0,0,5,2,0.6000
4,220.0000,43,29,940.3679,-87.0298,-0.3668,4,0.1000,1.0000,4,4,4,0,0,4,4,0.0000
4,220.0000,43,31,842.0549,-86.6263,-0.8355,5,0.1250,0.8333,6,8,8,0,0,8,8,0.0000
4,220.0000,43,33,323.8808,-79.4992,0.5183,22,0.5500,0.3333,6,5,2,0,0,5,2,0.6000
4,220.0000,43,34,828.8084,-85.9684,-0.4836,5,0.1250,1.0000,4,8,8,0,0,8,8,0.0000
4,220.0000,43,35,835.6690,-87.1246,-2.9671,5,0.1250,1.0000,6,10,10,0,0,10,10,0.0000
4,220.0000,43,37,652.1973,-85.3404,0.5835,13,0.3250,0.8571,7,7,6,0,0,7,6,0.1429
4,220.0000,43,38,563.0418,-86.4173,0.4247,11,0.2750,0.7143,7,6,3,0,0,6,3,0.5000
4,220.0000,43,41,165.8869,-76.8083,1.3035,31,0.7750,0.2000,5,6,2,0,0,6,2,0.6667
4,220.0000,43,42,865.4643,-86.2716,0.4067,3,0.0750,1.0000,6,8,8,0,0,8,8,0.0000
4,220.0000,43,47,592.2690,-85.9322,0.6170,10,0.2500,0.8750,8,7,3,0,0,7,3,0.5714
4,220.0000,44,0,545.5823,-83.1658,-0.3422,24,0.6000,0.7143,7,8,6,0,0,8,6,0.2500
4,220.0000,44,1,841.0634,-87.7931,0.3302,6,0.1500,0.8750,8,8,7,0,0,8,7,0.1250
4,220.0000,44,9,777.1969,-87.9839,0.6663,10,0.2500,1.0000,6,8,7,0,0,8,7,0.1250
4,220.0000,44,12,1005.9040,-88.6220,-0.4913,3,0.0750,1.0000,8,8,8,0,0,8,8,0.0000
4,220.0000,44,15,973.2461,-87.0172,1.9637,3,0.0750,1.0000,8,8,8,0,0,8,8,0.0000
4,220.0000,44,18,845.6254,-87.6277,0.4400,8,0.2000,1.0000,8,8,8,0,0,8,8,0.0000
4,220.0000,44,19,464.0542,-82.4928,-0.1492,24,0.6000,0.7500,8,8,6,0,0,8,6,0.2500
4,220.0000,44,21,235.2109,-78.1471,0.3458,36,0.9000,0.0000,4,4,0,0,0,4,0,1.0000
4,220.0000,44,25,687.3639,-85.7245,0.5277,13,0.3250,0.7143,7,8,8,0,0,8,8,0.0000
4,220.0000,44,27,554.1022,-84.5024,-0.4653,16,0.4000,0.7500,8,7,6,0,0,7,6,0.1429
4,220.0000,44,28,466.4147,-83.0555,0.0022,13,0.3250,0.6667,6,6,4,0,0,6,4,0.3333
4,220.0000,44,30,387.0320,-80.6770,0.5446,26,0.6500,0.3333,6,7,5,0,0,7,5,0.2857
4,220.0000,44,32,295.1058,-80.6503,1.5185,32,0.8000,0.0000,4,4,0,0,0,4,0,1.0000
4,220.0000,44,36,104.4291,-68.5022,1.0021,38,0.9500,0.0000,4,4,0,0,0,4,0,1.0000
4,220.0000,44,39,514.7649,-83.8931,0.3718,18,0.4500,0.8750,8,5,1,0,0,5,1,0.8000
4,220.0000,44,40,815.5658,-87.1282,-0.0119,8,0.2000,0.8750,8,7,5,0,0,7,5,0.2857
4,220.0000,44,45,445.0716,-80.2704,-0.1110,27,0.6750,0.4000,5,8,8,0,0,8,8,0.0000
4,220.0000,44,46,740.8207,-84.7107,0.1543,8,0.2000,1.0000,8,8,8,0,0,8,8,0.0000
4,220.0000,45,0,683.4238,-84.8202,-0.6558,17,0.4250,0.8571,7,7,6,0,0,7,6,0.1429
4,220.0000,45,1,966.1333,-86.6527,0.0779,4,0.1000,1.0000,6,2,2,0,0,2,2,0.0000
4,220.0000,45,9,854.3763,-87.1771,0.3038,7,0.1750,0.8000,5,8,8,0,0,8,8,0.0000
4,220.0000,45,12,592.5082,-84.7532,1.4670,9,0.2250,0.8571,7,6,4,0,0,6,4,0.3333
4,220.0000,45,13,803.6386,-86.5205,1.6182,5,0.1250,1.0000,6,10,10,0,0,10,10,0.0000
4,220.0000,45,15,651.2985,-85.3837,-0.3452,10,0.2500,0.8750,8,6,4,0,0,6,4,0.3333
4,220.0000,45,18,880.0622,-87.7155,-0.2729,8,0.2000,0.8571,7,2,2,0,0,2,2,0.0000
4,220.0000,45,19,328.4815,-80.7195,-0.3528,29,0.7250,0.4286,7,5,2,0,0,5,2,0.6000
4,220.0000,45,21,494.7791,-82.5052,0.4863,26,0.6500,0.5000,6,5,2,0,0,5,2,0.6000
4,220.0000,45,25,866.6664,-87.3038,-0.0933,7,0.1750,1.0000,8,8,8,0,0,8,8,0.0000
4,220.0000,45,27,502.8109,-84.5902,0.4318,17,0.4250,0.6667,6,8,6,0,0,8,6,0.2500
4,220.0000,45,28,298.9926,-80.2921,0.8496,25,0.6250,0.6667,6,7,3,0,0,7,3,0.5714
4,220.0000,45,30,183.7350,-75.0070,0.2535,38,0.9500,0.2000,5,5,1,0,0,5,1,0.8000
4,220.0000,45,32,673.5570,-86.1687,0.1766,17,0.4250,1.0000,8,7,6,0,0,7,6,0.1429
4,220.0000,45,34,823.3987,-88.2178,-0.7266,3,0.0750,1.0000,8,7,6,0,0,7,6,0.1429
4,220.0000,45,36,464.7552,-83.0412,-0.6379,24,0.6000,0.3333,6,5,1,0,0,5,1,0.8000
4,220.0000,45,39,402.1109,-82.4289,1.0577,22,0.5500,0.8750,8,7,5,0,0,7,5,0.2857
4,220.0000,45,40,794.2490,-86.9061,-0.2807,8,0.2000,1.0000,8,8,8,0,0,8,8,0.0000
4,220.0000,45,44,445.0716,-81.3195,-0.9102,29,0.7250,0.5000,6,6,3,0,0,6,3,0.5000
4,220.0000,45,46,527.3022,-84.5512,-0.6297,16,0.4000,0.6667,6,8,6,0,0,8,6,0.2500
4,220.0000,46,0,655.4226,-87.0154,0.4687,10,0.2564,0.8750,8,6,4,0,0,6,4,0.3333
4,220.0000,46,1,747.2930,-86.9214,0.3643,11,0.2821,1.0000,6,7,6,0,0,7,6,0.1429
4,220.0000,46,5,646.2933,-85.3602,0.8028,10,0.2564,0.7143,7,7,6,0,0,7,6,0.1429
4,220.0000,46,8,736.8013,-85.8727,0.9235,7,0.1795,1.0000,8,8,8,0,0,8,8,0.0000
4,220.0000,46,9,677.2404,-86.8837,-0.3861,16,0.4103,0.7143,7,7,6,0,0,7,6,0.1429
4,220.0000,46,12,588.7646,-83.6703,-0.1209,19,0.4872,0.8571,7,8,8,0,0,8,8,0.0000
4,220.0000,46,13,498.1605,-83.5779,-0.5437,16,0.4103,0.7143,7,7,6,0,0,7,6,0.1429
4,220.0000,46,15,671.6512,-85.7318,-0.5750,13,0.3333,1.0000,8,7,6,0,0,7,6,0.1429
4,220.0000,46,18,522.4370,-84.3727,1.1704,19,0.4872,0.8571,7,6,3,0,0,6,3,0.5000
4,220.0000,46,19,515.7887,-84.2947,-0.1417,23,0.5897,0.7143,7,7,6,0,0,7,6,0.1429
4,220.0000,46,21,795.0740,-87.1149,0.1226,8,0.2051,0.6000,5,6,4,0,0,6,4,0.3333
4,220.0000,46,25,744.8205,-86.3766,0.2891,11,0.2821,1.0000,4,7,6,0,0,7,6,0.1429
4,220.0000,46,26,799.1821,-86.2234,-1.1609,7,0.1795,1.0000,8,8,8,0,0,8,8,0.0000
4,220.0000,46,27,346.8075,-82.1469,-0.0254,20,0.5128,0.4000,5,5,1,0,0,5,1,0.8000
4,220.0000,46,28,345.9804,-78.9632,-0.7762,32,0.8205,0.2000,5,8,8,0,0,8,8,0.0000
4,220.0000,46,29,784.4176,-87.6884,0.0094,8,0.2051,1.0000,8,8,7,0,0,8,7,0.1250
4,220.0000,46,30,586.0095,-83.8154,-0.8212,23,0.5897,0.4000,5,8,8,0,0,8,8,0.0000
4,220.0000,46,31,498.9638,-82.9512,0.7657,17,0.4359,0.7143,7,8,7,0,0,8,7,0.1250
4,220.0000,46,32,791.6509,-86.6972,0.6007,9,0.2308,0.8571,7,8,8,0,0,8,8,0.0000
4,220.0000,46,34,474.1914,-82.0106,-0.5420,21,0.5385,0.6667,6,7,6,0,0,7,6,0.1429
4,220.0000,46,36,780.0337,-87.3845,-0.0731,9,0.2308,0.8000,5,8,8,0,0,8,8,0.0000
4,220.0000,46,39,250.1384,-76.2021,-1.3018,34,0.8718,0.5714,7,7,4,0,0,7,4,0.4286
4,220.0000,46,40,564.6339,-84.7933,-0.9050,22,0.5641,0.8750,8,8,8,0,0,8,8,0.0000
4,220.0000,46,44,740.8207,-87.1011,-0.0253,14,0.3590,0.7143,7,8,7,0,0,8,7,0.1250
4,220.0000,46,45,527.3022,-84.2971,-0.4732,22,0.5641,0.7500,8,8,8,0,0,8,8,0.0000
4,220.0000,47,2,467.4799,-82.3750,1.0493,13,0.3250,0.6667,6,7,5,0,0,7,5,0.2857
4,220.0000,47,3,180.6861,-76.2663,0.7418,35,0.8750,0.3333,6,5,1,0,0,5,1,0.8000
4,220.0000,47,4,865.3236,-87.7816,-3.3847,5,0.1250,1.0000,8,7,6,0,0,7,6,0.1429
4,220.0000,47,6,247.8079,-77.4455,0.3789,31,0.7750,0.2000,5,4,0,0,0,4,0,1.0000
4,220.0000,47,7,548.6787,-85.6809,0.9271,5,0.1250,1.0000,8,9,7,0,0,9,7,0.2222
4,220.0000,47,10,720.8779,-86.7605,0.0331,7,0.1750,0.8571,7,8,8,0,0,8,8,0.0000
4,220.0000,47,11,482.3178,-82.3655,-0.4268,16,0.4000,0.7143,7,6,5,0,0,6,5,0.1667
4,220.0000,47,14,830.6397,-86.3172,0.4461,6,0.1500,0.7143,7,8,7,0,0,8,7,0.1250
4,220.0000,47,16,709.9333,-86.9682,0.5700,9,0.2250,0.8750,8,8,7,0,0,8,7,0.1250
4,220.0000,47,17,643.3316,-86.2378,-0.4643,12,0.3000,1.0000,8,8,8,0,0,8,8,0.0000
4,220.0000,47,20,743.5309,-86.7383,2.0084,4,0.1000,1.0000,8,8,7,0,0,8,7,0.1250
4,220.0000,47,22,473.4421,-84.3301,0.0488,12,0.3000,0.8750,8,5,2,0,0,5,2,0.6000
4,220.0000,47,23,443.3035,-84.3081,-0.0116,18,0.4500,0.6667,6,6,3,0,0,6,3,0.5000
4,220.0000,47,24,428.5263,-82.5279,-0.7114,16,0.4000,0.8750,8,7,6,0,0,7,6,0.1429
4,220.0000,47,33,294.2395,-80.1768,0.0570,26,0.6500,0.7143,7,4,0,0,0,4,0,1.0000
4,220.0000,47,35,691.9275,-86.1251,-0.0901,13,0.3250,1.0000,8,8,7,0,0,8,7,0.1250
4,220.0000,47,37,543.9616,-84.4399,0.0362,11,0.2750,0.8571,7,7,6,0,0,7,6,0.1429
4,220.0000,47,38,204.6913,-76.7369,1.0030,28,0.7000,0.0000,4,4,0,0,0,4,0,1.0000
4,220.0000,47,41,649.2699,-85.8362,1.2374,6,0.1500,0.7500,8,7,5,0,0,7,5,0.2857
4,220.0000,47,43,592.2690,-85.8930,0.3835,6,0.1500,1.0000,8,8,5,0,0,8,5,0.3750
4,224.0000,0,1,256.4427,-80.2573,0.8716,37,0.9250,0.2000,5,4,0,0,0,4,0,1.0000
4,224.0000,0,9,102.6201,-73.1783,1.6831,38,0.9500,0.0000,4,4,0,0,0,4,0,1.0000
4,224.0000,0,18,501.5698,-83.2886,-0.2874,26,0.6500,0.7143,7,7,6,0,0,7,6,0.1429
4,224.0000,0,19,776.4537,-86.5462,0.0109,8,0.2000,1.0000,8,8,8,0,0,8,8,0.0000
4,224.0000,0,21,491.2698,-83.7079,-0.1725,26,0.6500,0.4000,5,8,6,0,0,8,6,0.2500
4,224.0000,0,25,146.5838,-74.3565,0.7679,38,0.9500,0.0000,3,4,0,0,0,4,0,1.0000
4,224.0000,0,27,413.8301,-80.8952,-0.4861,28,0.7000,0.5000,6,6,4,0,0,6,4,0.3333
4,224.0000,0,28,667.7459,-85.6645,-0.3916,12,0.3000,0.8750,8,8,8,0,0,8,8,0.0000
4,224.0000,0,30,802.0742,-86.8220,-0.6956,11,0.2750,0.8750,8,6,6,0,0,6,6,0.0000
4,224.0000,0,31,1114.5624,-88.6080,0.8276,3,0.0750,1.0000,6,8,8,0,0,8,8,0.0000
4,224.0000,0,32,549.3077,-83.6182,-0.0981,29,0.7250,0.0000,4,7,5,0,0,7,5,0.2857
4,224.0000,0,36,728.8123,-85.7071,-0.3978,19,0.4750,1.0000,8,7,6,0,0,7,6,0.1429
4,224.0000,0,39,576.8082,-84.2391,0.1415,22,0.5500,0.8333,6,8,8,0,0,8,8,0.0000
4,224.0000,0,40,292.2947,-80.2633,0.5318,34,0.8500,0.0000,4,4,0,0,0,4,0,1.0000
4,224.0000,0,44,622.8817,-85.4400,-0.1153,21,0.5250,0.6250,8,7,6,0,0,7,6,0.1429
4,224.0000,0,45,764.2068,-87.1131,0.4750,11,0.2750,1.0000,8,8,8,0,0,8,8,0.0000
4,224.0000,0,46,578.2986,-85.7122,0.4222,18,0.4500,0.8571,7,8,7,0,0,8,7,0.1250
4,224.0000,1,0,256.4427,-79.5583,0.9689,31,0.7949,0.4000,5,5,1,0,0,5,1,0.8000
4,224.0000,1,9,184.6645,-73.9185,-0.0056,36,0.9231,0.0000,4,4,0,0,0,4,0,1.0000
4,224.0000,1,18,336.4476,-79.4361,-0.1401,29,0.7436,0.4000,5,5,1,0,0,5,1,0.8000
4,224.0000,1,21,718.4619,-86.7205,1.0972,8,0.2051,0.8571,7,8,8,0,0,8,8,0.0000
4,224.0000,1,25,180.7353,-74.8661,-0.0368,34,0.8718,0.2000,5,5,2,0,0,5,2,0.6000
4,224.0000,1,27,514.8960,-83.9758,0.0685,16,0.4103,0.5000,6,8,8,0,0,8,8,0.0000
4,224.0000,1,28,773.5601,-86.5784,0.3867,3,0.0769,1.0000,8,8,8,0,0,8,8,0.0000
4,224.0000,1,32,689.3181,-85.4369,-0.1906,16,0.4103,1.0000,8,7,6,0,0,7,6,0.1429
4,224.0000,1,36,892.0618,-88.6351,0.2447,3,0.0769,1.0000,8,8,8,0,0,8,8,0.0000
4,224.0000,1,39,651.5022,-85.5014,0.4064,12,0.3077,0.8750,8,8,8,0,0,8,8,0.0000
4,224.0000,1,40,246.0752,-77.8152,0.4905,32,0.8205,0.5000,6,4,0,0,0,4,0,1.0000
4,224.0000,1,44,802.1006,-86.8288,-0.3776,9,0.2308,1.0000,8,7,6,0,0,7,6,0.1429
4,224.0000,1,46,573.5552,-85.5366,0.4467,8,0.2051,1.0000,8,7,5,0,0,7,5,0.2857
4,224.0000,2,3,286.0464,-80.2389,0.5199,34,0.8500,0.3333,6,5,0,0,0,5,0,1.0000
4,224.0000,2,4,540.8563,-83.7856,-1.4160,20,0.5000,0.0000,4,8,7,0,0,8,7,0.1250
4,224.0000,2,5,946.8744,-88.5964,1.8078,4,0.1000,1.0000,6,8,7,0,0,8,7,0.1250
4,224.0000,2,6,338.2448,-81.8683,0.4949,28,0.7000,0.5000,6,6,3,0,0,6,3,0.5000
4,224.0000,2,7,306.0390,-79.8068,0.4101,30,0.7500,0.2000,5,4,0,0,0,4,0,1.0000
4,224.0000,2,8,766.3239,-86.8846,0.1931,9,0.2250,0.6667,6,8,8,0,0,8,8,0.0000
4,224.0000,2,10,533.2434,-82.3192,0.2923,25,0.6250,0.5000,6,8,8,0,0,8,8,0.0000
4,224.0000,2,11,330.9069,-77.7173,-0.0234,34,0.8500,0.2000,5,7,3,0,0,7,3,0.5714
4,224.0000,2,14,709.3524,-84.8445,-0.1385,19,0.4750,0.8750,8,7,6,0,0,7,6,0.1429
4,224.0000,2,16,480.8577,-82.2050,-0.8582,28,0.7000,0.2500,4,7,5,0,0,7,5,0.2857
4,224.0000,2,17,397.9687,-79.6319,-0.8881,31,0.7750,0.3333,6,7,6,0,0,7,6,0.1429
4,224.0000,2,20,548.6360,-84.8528,0.0894,14,0.3500,0.8571,7,7,6,0,0,7,6,0.1429
4,224.0000,2,22,186.4530,-76.1133,0.1024,39,0.9750,0.3333,6,4,0,0,0,4,0,1.0000
4,224.0000,2,23,224.0681,-78.7703,0.4493,34,0.8500,0.3333,6,5,1,0,0,5,1,0.8000
4,224.0000,2,24,280.8044,-77.8515,0.0886,32,0.8000,0.0000,4,5,1,0,0,5,1,0.8000
4,224.0000,2,26,924.7115,-88.0552,-0.0490,5,0.1250,1.0000,4,8,8,0,0,8,8,0.0000
4,224.0000,2,31,1055.3472,-88.4777,-0.5127,6,0.1500,1.0000,4,2,2,0,0,2,2,0.0000
4,224.0000,2,33,254.0029,-79.8999,1.4315,31,0.7750,0.4000,5,4,0,0,0,4,0,1.0000
4,224.0000,2,35,621.8493,-83.4312,-0.4382,23,0.5750,0.8571,7,8,8,0,0,8,8,0.0000
4,224.0000,2,37,462.0267,-80.6081,-0.8048,27,0.6750,0.8571,7,8,8,0,0,8,8,0.0000
4,224.0000,2,38,218.6064,-77.8318,0.4104,35,0.8750,0.2500,4,4,0,0,0,4,0,1.0000
4,224.0000,2,41,328.2377,-80.9003,0.7246,25,0.6250,0.3333,6,4,0,0,0,4,0,1.0000
4,224.0000,2,42,788.4157,-87.2285,0.1156,11,0.2750,0.8571,7,8,6,0,0,8,6,0.2500
4,224.0000,2,43,268.3933,-81.0469,1.8419,25,0.6250,0.7143,7,4,0,0,0,4,0,1.0000
4,224.0000,2,47,325.1347,-82.4549,0.5547,32,0.8000,0.2857,7,7,3,0,0,7,3,0.5714
4,224.0000,3,2,286.0464,-81.2358,0.7814,25,0.6250,0.3333,6,5,2,0,0,5,2,0.6000
4,224.0000,3,4,826.7518,-88.0531,-0.1738,10,0.2500,1.0000,8,8,8,0,0,8,8,0.0000
4,224.0000,3,6,376.4259,-79.8327,-0.5031,29,0.7250,0.5000,6,6,3,0,0,6,3,0.5000
4,224.0000,3,7,459.1353,-84.0717,1.2742,14,0.3500,1.0000,8,8,7,0,0,8,7,0.1250
4,224.0000,3,10,739.5180,-86.7695,0.0925,8,0.2000,0.7143,7,7,6,0,0,7,6,0.1429
4,224.0000,3,11,521.2639,-84.2867,-0.2625,15,0.3750,0.7143,7,8,8,0,0,8,8,0.0000
4,224.0000,3,14,903.5781,-87.2330,-0.3938,3,0.0750,0.8571,7,6,6,0,0,6,6,0.0000
4,224.0000,3,16,604.5708,-86.4033,-0.3498,15,0.3750,0.8889,9,4,2,0,0,4,2,0.5000
4,224.0000,3,17,593.6768,-84.7717,-0.0044,18,0.4500,0.8571,7,7,5,0,0,7,5,0.2857
4,224.0000,3,20,680.8399,-85.3911,-0.3323,11,0.2750,1.0000,8,8,8,0,0,8,8,0.0000
4,224.0000,3,22,258.2393,-78.1101,1.0127,32,0.8000,0.4000,5,6,3,0,0,6,3,0.5000
4,224.0000,3,23,270.8500,-78.2225,0.1729,32,0.8000,0.4000,5,4,0,0,0,4,0,1.0000
4,224.0000,3,24,432.9820,-82.2995,-0.2139,20,0.5000,0.8571,7,6,4,0,0,6,4,0.3333
4,224.0000,3,33,206.9228,-74.8098,-0.1704,32,0.8000,0.0000,4,4,0,0,0,4,0,1.0000
4,224.0000,3,35,768.8366,-87.4361,0.1384,10,0.2500,0.8571,7,8,8,0,0,8,8,0.0000
4,224.0000,3,37,600.4274,-85.2769,0.8458,14,0.3500,0.7143,7,6,3,0,0,6,3,0.5000
4,224.0000,3,38,180.2003,-75.6724,0.5810,32,0.8000,0.4000,5,4,0,0,0,4,0,1.0000
4,224.0000,3,41,531.7292,-85.1534,-0.1046,12,0.3000,0.8750,8,8,7,0,0,8,7,0.1250
4,224.0000,3,43,466.1849,-83.4482,-0.4789,16,0.4000,0.7500,8,6,3,0,0,6,3,0.5000
4,224.0000,3,47,169.5347,-74.1993,-0.3583,35,0.8750,0.0000,4,5,1,0,0,5,1,0.8000
4,224.0000,4,2,540.8563,-83.7152,-0.8469,8,0.2051,0.8750,8,8,8,0,0,8,8,0.0000
4,224.0000,4,3,826.7518,-86.9106,-0.4674,5,0.1282,1.0000,8,8,8,0,0,8,8,0.0000
4,224.0000,4,5,572.2708,-85.3352,-0.1030,10,0.2564,0.7143,7,8,7,0,0,8,7,0.1250
4,224.0000,4,6,723.1235,-87.3348,0.4688,6,0.1538,0.8571,7,8,6,0,0,8,6,0.2500
4,224.0000,4,7,576.2490,-83.9553,0.1012,11,0.2821,1.0000,8,8,8,0,0,8,8,0.0000
4,224.0000,4,8,515.4065,-83.2631,0.0907,10,0.2564,0.8571,7,8,8,0,0,8,8,0.0000
4,224.0000,4,10,490.1971,-81.7297,-0.2101,14,0.3590,0.8571,7,6,4,0,0,6,4,0.3333
4,224.0000,4,11,509.5864,-82.8952,1.1445,14,0.3590,0.8750,8,7,6,0,0,7,6,0.1429
4,224.0000,4,12,690.4520,-85.9661,0.3971,6,0.1538,0.8571,7,7,5,0,0,7,5,0.2857
4,224.0000,4,13,658.1977,-85.5572,-0.5807,8,0.2051,1.0000,8,8,8,0,0,8,8,0.0000
4,224.0000,4,14,611.8369,-85.1374,-0.9532,13,0.3333,0.8750,8,8,7,0,0,8,7,0.1250
4,224.0000,4,16,653.1128,-84.6451,-0.3887,9,0.2308,1.0000,6,7,6,0,0,7,6,0.1429
4,224.0000,4,17,483.8027,-81.0251,-0.1895,14,0.3590,0.7143,7,8,8,0,0,8,8,0.0000
4,224.0000,4,20,666.8190,-86.1867,1.4269,7,0.1795,1.0000,8,8,8,0,0,8,8,0.0000
4,224.0000,4,22,644.8388,-85.0867,-0.8738,8,0.2051,0.6000,5,10,9,0,0,10,9,0.1000
4,224.0000,4,23,669.5405,-85.8409,-2.5186,6,0.1538,1.0000,8,7,6,0,0,7,6,0.1429
4,224.0000,4,24,576.4020,-84.1486,-0.8819,9,0.2308,0.6667,6,6,4,0,0,6,4,0.3333
4,224.0000,4,26,460.0952,-83.3608,-0.2196,11,0.2821,0.7143,7,6,3,0,0,6,3,0.5000
4,224.0000,4,29,523.4351,-85.2655,0.4014,10,0.2564,0.7143,7,6,3,0,0,6,3,0.5000
4,224.0000,4,31,671.8168,-85.8408,0.9184,7,0.1795,0.8571,7,7,6,0,0,7,6,0.1429
4,224.0000,4,33,745.6550,-86.9634,0.5089,3,0.0769,0.8889,9,8,8,0,0,8,8,0.0000
4,224.0000,4,34,677.7236,-86.7727,-0.3719,7,0.1795,0.8333,6,8,7,0,0,8,7,0.1250
4,224.0000,4,35,675.6925,-84.1342,0.0848,9,0.2308,0.8750,8,8,8,0,0,8,8,0.0000
4,224.0000,4,37,626.7837,-86.6107,0.5481,8,0.2051,0.8571,7,6,4,0,0,6,4,0.3333
4,224.0000,4,38,727.5686,-86.2425,0.1763,8,0.2051,0.8571,7,8,8,0,0,8,8,0.0000
4,224.0000,4,41,480.0543,-83.1918,-0.0351,10,0.2564,0.6667,6,7,6,0,0,7,6,0.1429
4,224.0000,4,42,345.0701,-80.9758,-0.4880,20,0.5128,1.0000,8,7,5,0,0,7,5,0.2857
4,224.0000,4,43,497.7189,-84.2738,-0.4646,8,0.2051,0.7500,8,7,5,0,0,7,5,0.2857
4,224.0000,4,47,839.9330,-87.6916,0.8550,4,0.1026,0.8750,8,8,8,0,0,8,8,0.0000
4,224.0000,5,2,946.8744,-87.7847,0.3358,4,0.1000,1.0000,8,8,8,0,0,8,8,0.0000
4,224.0000,5,4,572.2708,-86.1688,-0.8453,5,0.1250,1.0000,8,8,7,0,0,8,7,0.1250
4,224.0000,5,7,775.5979,-87.8798,-0.7512,6,0.1500,1.0000,8,8,8,0,0,8,8,0.0000
4,224.0000,5,8,543.8649,-84.3884,0.6843,12,0.3000,0.8750,8,8,6,0,0,8,6,0.2500
4,224.0000,5,10,825.9497,-88.3679,0.0235,7,0.1750,1.0000,8,6,6,0,0,6,6,0.0000
4,224.0000,5,11,795.9414,-88.0228,-1.1347,4,0.1000,1.0000,8,8,8,0,0,8,8,0.0000
4,224.0000,5,12,596.5277,-85.0780,0.5951,11,0.2750,0.8571,7,7,6,0,0,7,6,0.1429
4,224.0000,5,13,265.3140,-78.6901,0.0750,30,0.7500,0.0000,4,7,3,0,0,7,3,0.5714
4,224.0000,5,14,730.2551,-86.9659,-0.6354,5,0.1250,1.0000,8,8,8,0,0,8,8,0.0000
4,224.0000,5,19,1032.9471,-88.9798,-0.3225,4,0.1000,1.0000,4,4,4,0,0,4,4,0.0000
4,224.0000,5,24,795.4044,-87.2471,-2.4914,3,0.0750,1.0000,8,7,6,0,0,7,6,0.1429
4,224.0000,5,26,211.6624,-75.5396,0.7354,32,0.8000,0.4000,5,5,1,0,0,5,1,0.8000
4,224.0000,5,27,964.5788,-87.5472,-0.2076,4,0.1000,1.0000,6,8,8,0,0,8,8,0.0000
4,224.0000,5,28,1037.4022,-88.8047,0.2961,3,0.0750,1.0000,8,8,8,0,0,8,8,0.0000
4,224.0000,5,29,181.3970,-73.4906,-0.2653,33,0.8250,0.0000,4,5,1,0,0,5,1,0.8000
4,224.0000,5,31,199.2936,-76.3504,0.1380,34,0.8500,0.0000,4,4,0,0,0,4,0,1.0000
4,224.0000,5,34,245.4329,-78.9313,0.8275,31,0.7750,0.0000,4,4,0,0,0,4,0,1.0000
4,224.0000,5,37,905.8353,-89.1428,-0.6524,3,0.0750,0.8750,8,8,8,0,0,8,8,0.0000
4,224.0000,5,41,732.5178,-87.8412,0.1217,6,0.1500,0.8571,7,8,8,0,0,8,8,0.0000
4,224.0000,5,42,530.9926,-85.4638,0.2755,11,0.2750,0.8571,7,7,5,0,0,7,5,0.2857
4,224.0000,5,43,809.6535,-88.0826,0.5342,6,0.1500,1.0000,8,8,8,0,0,8,8,0.0000
4,224.0000,5,46,747.0723,-86.2605,-0.5140,9,0.2250,1.0000,8,8,8,0,0,8,8,0.0000
4,224.0000,6,2,338.2448,-81.6444,0.4567,23,0.5750,0.4000,5,6,3,0,0,6,3,0.5000
4,224.0000,6,3,376.4259,-80.2399,-0.2442,25,0.6250,0.4000,5,6,4,0,0,6,4,0.3333
4,224.0000,6,4,723.1235,-86.3606,-1.0187,9,0.2250,0.8750,8,8,8,0,0,8,8,0.0000
4,224.0000,6,5,925.2105,-88.3148,-0.9931,3,0.0750,,0,2,2,0,0,2,2,0.0000
4,224.0000,6,7,166.3737,-77.5871,1.9550,26,0.6500,0.2000,5,5,1,0,0,5,1,0.8000
4,224.0000,6,8,781.8730,-87.8336,0.7401,9,0.2250,0.8571,7,8,8,0,0,8,8,0.0000
4,224.0000,6,10,706.6632,-86.8655,0.3302,13,0.3250,0.7143,7,8,7,0,0,8,7,0.1250
4,224.0000,6,11,415.0509,-82.6849,0.0113,16,0.4000,0.4000,5,7,6,0,0,7,6,0.1429
4,224.0000,6,13,999.6255,-88.9546,-0.2009,5,0.1250,1.0000,8,8,8,0,0,8,8,0.0000
4,224.0000,6,14,770.1225,-86.7542,0.7408,5,0.1250,0.8571,7,8,7,0,0,8,7,0.1250
4,224.0000,6,16,676.6075,-85.9617,0.2156,13,0.3250,1.0000,8,8,7,0,0,8,7,0.1250
4,224.0000,6,17,678.3268,-85.8925,-0.2794,9,0.2250,1.0000,8,7,6,0,0,7,6,0.1429
4,224.0000,6,20,507.8012,-84.3060,0.3224,18,0.4500,0.7143,7,7,6,0,0,7,6,0.1429
4,224.0000,6,22,431.4020,-82.6792,0.1427,22,0.5500,1.0000,8,7,5,0,0,7,5,0.2857
4,224.0000,6,23,420.7787,-82.2256,-0.5763,21,0.5250,0.3333,6,8,6,0,0,8,6,0.2500
4,224.0000,6,24,153.5041,-75.8183,1.0302,22,0.5500,0.0000,4,5,1,0,0,5,1,0.8000
4,224.0000,6,29,975.1548,-88.4094,1.3563,3,0.0750,1.0000,6,6,6,0,0,6,6,0.0000
4,224.0000,6,33,238.3948,-76.4961,0.3325,27,0.6750,0.5000,6,6,3,0,0,6,3,0.5000
4,224.0000,6,34,899.0821,-89.1781,-0.1518,5,0.1250,1.0000,2,5,4,0,0,5,4,0.2000
4,224.0000,6,35,748.2280,-86.5552,-0.1559,14,0.3500,0.8571,7,6,3,0,0,6,3,0.5000
4,224.0000,6,37,556.5904,-83.5299,-0.6822,16,0.4000,0.8333,6,7,5,0,0,7,5,0.2857
4,224.0000,6,38,260.2952,-78.1175,0.2025,25,0.6250,0.0000,4,4,0,0,0,4,0,1.0000
4,224.0000,6,41,323.2348,-81.9444,0.9034,18,0.4500,0.5000,6,6,4,0,0,6,4,0.3333
4,224.0000,6,42,935.9398,-88.9462,-0.3579,4,0.1000,1.0000,8,8,8,0,0,8,8,0.0000
4,224.0000,6,43,324.3043,-81.2308,1.0551,23,0.5750,0.5000,6,5,1,0,0,5,1,0.8000
4,224.0000,6,47,245.6424,-77.3936,0.4182,33,0.8250,0.0000,4,6,2,0,0,6,2,0.6667
4,224.0000,7,2,306.0390,-80.3224,0.8119,26,0.6500,0.5714,7,5,1,0,0,5,1,0.8000
4,224.0000,7,3,459.1353,-83.0299,0.3857,22,0.5500,0.6667,6,6,4,0,0,6,4,0.3333
4,224.0000,7,4,576.2490,-83.4186,-0.6467,17,0.4250,0.6667,6,6,4,0,0,6,4,0.3333
4,224.0000,7,5,775.5979,-88.5034,0.0916,6,0.1500,1.0000,8,8,7,0,0,8,7,0.1250
4,224.0000,7,6,166.3737,-77.8132,2.0225,34,0.8500,0.0000,4,4,0,0,0,4,0,1.0000
4,224.0000,7,8,682.6911,-86.3618,-0.2049,9,0.2250,0.6667,6,8,7,0,0,8,7,0.1250
4,224.0000,7,10,579.6429,-82.9425,-1.3098,15,0.3750,0.7143,7,7,6,0,0,7,6,0.1429
4,224.0000,7,11,297.5716,-78.2249,-1.0798,23,0.5750,0.0000,4,6,4,0,0,6,4,0.3333
4,224.0000,7,12,818.3229,-88.8558,0.3207,3,0.0750,1.0000,8,7,6,0,0,7,6,0.1429
4,224.0000,7,13,869.6553,-85.9897,-0.2156,4,0.1000,1.0000,8,6,6,0,0,6,6,0.0000
4,224.0000,7,14,633.6701,-84.2874,-0.4343,21,0.5250,1.0000,8,7,6,0,0,7,6,0.1429
4,224.0000,7,15,1016.4303,-87.7950,0.0651,5,0.1250,1.0000,8,6,6,0,0,6,6,0.0000
4,224.0000,7,16,598.1945,-84.4842,-0.7221,17,0.4250,0.8571,7,7,6,0,0,7,6,0.1429
4,224.0000,7,17,583.4362,-84.1364,-0.4324,15,0.3750,0.2000,5,6,4,0,0,6,4,0.3333
4,224.0000,7,20,500.9458,-84.1767,0.2309,13,0.3250,0.8571,7,6,4,0,0,6,4,0.3333
4,224.0000,7,22,448.8141,-82.9018,-0.8408,18,0.4500,0.5000,6,4,0,0,0,4,0,1.0000
4,224.0000,7,23,451.4582,-84.1177,0.2158,20,0.5000,0.6667,6,7,4,0,0,7,4,0.4286
4,224.0000,7,24,30.5290,-65.3344,3.7759,34,0.8500,0.2000,5,4,0,0,0,4,0,1.0000
4,224.0000,7,26,816.8888,-87.4747,-0.3950,5,0.1250,1.0000,8,7,6,0,0,7,6,0.1429
4,224.0000,7,29,814.0185,-86.7666,-0.0221,10,0.2500,0.8571,7,8,8,0,0,8,8,0.0000
4,224.0000,7,31,888.9369,-87.4905,-0.0709,4,0.1000,1.0000,8,7,6,0,0,7,6,0.1429
4,224.0000,7,33,333.9663,-81.7994,0.6343,24,0.6000,0.7143,7,4,0,0,0,4,0,1.0000
4,224.0000,7,34,775.8607,-86.9173,-1.2198,6,0.1500,1.0000,8,8,7,0,0,8,7,0.1250
4,224.0000,7,35,644.6167,-84.1600,-0.4842,17,0.4250,0.3333,6,7,6,0,0,7,6,0.1429
4,224.0000,7,37,463.8251,-81.5665,-1.1505,24,0.6000,0.4000,5,7,5,0,0,7,5,0.2857
4,224.0000,7,38,310.6469,-81.2517,0.7672,25,0.6250,0.5000,6,5,2,0,0,5,2,0.6000
4,224.0000,7,41,248.0116,-78.0504,0.3959,30,0.7500,0.6667,6,4,0,0,0,4,0,1.0000
4,224.0000,7,42,772.8907,-86.3224,-1.0612,6,0.1500,0.8750,8,7,6,0,0,7,6,0.1429
4,224.0000,7,43,275.7872,-78.9683,0.8556,26,0.6500,0.7143,7,5,2,0,0,5,2,0.6000
4,224.0000,7,47,363.9425,-82.1309,0.9665,22,0.5500,0.5000,6,4,0,0,0,4,0,1.0000
4,224.0000,8,2,766.3239,-87.5302,-0.6527,9,0.2308,1.0000,8,8,8,0,0,8,8,0.0000
4,224.0000,8,4,515.4065,-83.6006,-0.2226,16,0.4103,0.6667,6,7,6,0,0,7,6,0.1429
4,224.0000,8,5,543.8649,-83.7693,0.3562,14,0.3590,1.0000,8,8,8,0,0,8,8,0.0000
4,224.0000,8,6,781.8730,-88.2473,0.1021,6,0.1538,1.0000,8,8,8,0,0,8,8,0.0000
4,224.0000,8,7,682.6911,-86.6220,0.1724,11,0.2821,0.8571,7,8,8,0,0,8,8,0.0000
4,224.0000,8,10,944.6565,-88.6290,0.5010,5,0.1282,1.0000,8,4,4,0,0,4,4,0.0000
4,224.0000,8,11,826.7845,-88.2387,-1.0356,6,0.1538,1.0000,8,8,8,0,0,8,8,0.0000
4,224.0000,8,12,182.7517,-77.7829,0.8693,30,0.7692,0.0000,4,5,1,0,0,5,1,0.8000
4,224.0000,8,13,409.4902,-80.6359,-1.1796,22,0.5641,0.6667,6,8,8,0,0,8,8,0.0000
4,224.0000,8,14,992.6509,-87.2315,-1.0676,4,0.1026,0.8571,7,2,2,0,0,2,2,0.0000
4,224.0000,8,15,586.4717,-85.8127,-0.3930,13,0.3333,0.8571,7,6,4,0,0,6,4,0.3333
4,224.0000,8,19,891.0670,-87.1766,1.4247,6,0.1538,1.0000,6,8,8,0,0,8,8,0.0000
4,224.0000,8,20,434.6845,-83.4512,0.5389,19,0.4872,0.8571,7,6,2,0,0,6,2,0.6667
4,224.0000,8,22,810.6292,-87.2655,1.7807,5,0.1282,1.0000,8,8,8,0,0,8,8,0.0000
4,224.0000,8,23,792.9990,-87.2086,-0.4825,8,0.2051,1.0000,8,8,8,0,0,8,8,0.0000
4,224.0000,8,24,683.8897,-87.5452,0.3432,10,0.2564,0.8750,8,8,8,0,0,8,8,0.0000
4,224.0000,8,26,577.7425,-84.1425,-0.1193,17,0.4359,0.8571,7,8,7,0,0,8,7,0.1250
4,224.0000,8,27,954.5787,-88.3082,-0.3224,4,0.1026,1.0000,2,8,8,0,0,8,8,0.0000
4,224.0000,8,28,926.6938,-87.8398,0.3172,8,0.2051,1.0000,6,4,4,0,0,4,4,0.0000
4,224.0000,8,29,645.8961,-85.3628,-1.8798,11,0.2821,0.7500,8,8,8,0,0,8,8,0.0000
4,224.0000,8,31,491.1334,-83.2957,-1.1157,16,0.4103,0.8750,8,7,6,0,0,7,6,0.1429
4,224.0000,8,33,825.7023,-87.6310,1.0893,7,0.1795,1.0000,6,6,6,0,0,6,6,0.0000
4,224.0000,8,34,437.5349,-83.0168,-0.0096,18,0.4615,0.6667,6,7,6,0,0,7,6,0.1429
4,224.0000,8,35,1103.6075,-89.3655,-0.3768,4,0.1026,1.0000,8,4,4,0,0,4,4,0.0000
4,224.0000,8,37,995.9044,-88.3474,0.2464,6,0.1538,1.0000,6,6,6,0,0,6,6,0.0000
4,224.0000,8,38,922.5689,-88.6591,-0.0385,7,0.1795,1.0000,8,8,8,0,0,8,8,0.0000
4,224.0000,8,39,965.1846,-88.1013,0.2430,4,0.1026,0.6667,3,6,6,0,0,6,6,0.0000
4,224.0000,8,41,479.6284,-82.8630,-0.4341,14,0.3590,0.6667,6,7,5,0,0,7,5,0.2857
4,224.0000,8,42,761.6979,-86.0653,-0.2155,10,0.2564,1.0000,4,7,6,0,0,7,6,0.1429
4,224.0000,8,43,532.7354,-85.7200,-0.5323,13,0.3333,0.8571,7,7,6,0,0,7,6,0.1429
4,224.0000,8,45,753.0801,-87.8794,1.3546,7,0.1795,1.0000,4,6,6,0,0,6,6,0.0000
4,224.0000,8,46,854.9461,-87.3319,-1.9587,8,0.2051,0.8571,7,7,6,0,0,7,6,0.1429
4,224.0000,8,47,970.5123,-87.7474,0.7041,3,0.0769,1.0000,6,6,6,0,0,6,6,0.0000
4,224.0000,9,0,102.6201,-74.1725,2.0212,36,0.9231,0.3333,6,5,1,0,0,5,1,0.8000
4,224.0000,9,1,184.6645,-73.8336,-0.0187,36,0.9231,0.0000,4,5,2,0,0,5,2,0.6000
4,224.0000,9,18,483.5818,-82.0836,-1.1268,28,0.7179,0.5000,6,6,4,0,0,6,4,0.3333
4,224.0000,9,19,851.7807,-87.0912,0.3387,6,0.1538,1.0000,8,8,8,0,0,8,8,0.0000
4,224.0000,9,21,579.9856,-84.6416,0.1467,16,0.4103,0.6667,6,8,7,0,0,8,7,0.1250
4,224.0000,9,25,118.0018,-72.7480,1.7186,37,0.9487,0.0000,4,5,1,0,0,5,1,0.8000
4,224.0000,9,27,490.6473,-82.4499,-0.5210,20,0.5128,0.7143,7,8,8,0,0,8,8,0.0000
4,224.0000,9,28,743.5376,-86.9057,-0.4016,5,0.1282,0.7143,7,8,8,0,0,8,8,0.0000
4,224.0000,9,30,889.8660,-88.9319,-0.0289,4,0.1026,1.0000,8,8,8,0,0,8,8,0.0000
4,224.0000,9,32,604.2315,-84.6480,-0.1484,15,0.3846,0.7500,8,7,6,0,0,7,6,0.1429
4,224.0000,9,36,806.4187,-87.5086,0.4841,6,0.1538,1.0000,8,8,6,0,0,8,6,0.2500
4,224.0000,9,39,642.7036,-85.6730,-1.6056,8,0.2051,0.7143,7,8,7,0,0,8,7,0.1250
4,224.0000,9,40,275.6418,-76.2831,-1.0126,35,0.8974,0.0000,4,5,1,0,0,5,1,0.8000
4,224.0000,9,44,692.8030,-85.9934,0.8053,11,0.2821,1.0000,10,7,4,0,0,7,4,0.4286
4,224.0000,9,45,859.2813,-87.7116,-0.0962,3,0.0769,1.0000,8,6,6,0,0,6,6,0.0000
4,224.0000,9,46,625.2735,-84.9190,-0.0121,7,0.1795,1.0000,8,8,8,0,0,8,8,0.0000
4,224.0000,10,2,533.2434,-82.0083,-1.1793,18,0.4500,0.6667,6,8,7,0,0,8,7,0.1250
4,224.0000,10,3,739.5180,-86.2873,0.8836,12,0.3000,0.8750,8,7,5,0,0,7,5,0.2857
4,224.0000,10,4,490.1971,-82.4456,-1.5194,19,0.4750,0.5714,7,8,7,0,0,8,7,0.1250
4,224.0000,10,5,825.9497,-87.8644,0.0210,7,0.1750,1.0000,10,8,8,0,0,8,8,0.0000
4,224.0000,10,6,706.6632,-85.9189,-0.2242,12,0.3000,1.0000,8,7,5,0,0,7,5,0.2857
4,224.0000,10,7,579.6429,-85.4051,-0.2355,15,0.3750,0.8750,8,8,8,0,0,8,8,0.0000
4,224.0000,10,8,944.6565,-87.7820,-0.5465,4,0.1000,1.0000,8,8,8,0,0,8,8,0.0000
4,224.0000,10,11,295.0412,-78.2692,-0.3490,27,0.6750,0.5000,10,7,6,0,0,7,6,0.1429
4,224.0000,10,13,1018.0401,-89.2256,-0.4149,3,0.0750,1.0000,4,4,4,0,0,4,4,0.0000
4,224.0000,10,14,272.5478,-79.0722,-0.4877,29,0.7250,0.0000,4,7,4,0,0,7,4,0.4286
4,224.0000,10,16,240.4698,-74.3433,-1.1350,34,0.8500,0.0000,4,5,1,0,0,5,1,0.8000
4,224.0000,10,17,265.9817,-77.5503,0.2402,30,0.7500,0.2000,5,5,2,0,0,5,2,0.6000
4,224.0000,10,20,955.0405,-89.0668,0.0267,5,0.1250,1.0000,6,6,6,0,0,6,6,0.0000
4,224.0000,10,22,696.5749,-85.5263,-0.3727,15,0.3750,0.8750,8,7,6,0,0,7,6,0.1429
4,224.0000,10,23,746.5361,-86.9403,0.0882,13,0.3250,0.8571,7,7,6,0,0,7,6,0.1429
4,224.0000,10,24,584.8955,-83.6401,-0.4651,15,0.3750,0.4000,5,8,8,0,0,8,8,0.0000
4,224.0000,10,26,739.9818,-86.9805,-0.4057,10,0.2500,1.0000,6,8,8,0,0,8,8,0.0000
4,224.0000,10,29,732.6298,-87.5725,0.0068,7,0.1750,1.0000,8,8,8,0,0,8,8,0.0000
4,224.0000,10,31,998.6531,-88.9218,0.1099,3,0.0750,1.0000,8,4,4,0,0,4,4,0.0000
4,224.0000,10,33,760.9088,-86.4256,1.1179,10,0.2500,0.8571,7,8,8,0,0,8,8,0.0000
4,224.0000,10,35,191.0478,-75.6406,0.6694,34,0.8500,0.2000,5,4,0,0,0,4,0,1.0000
4,224.0000,10,37,237.4176,-76.6257,-0.2960,29,0.7250,0.5000,6,4,0,0,0,4,0,1.0000
4,224.0000,10,38,605.8857,-83.8216,-0.9102,15,0.3750,0.8571,7,7,5,0,0,7,5,0.2857
4,224.0000,10,41,679.5424,-86.1567,0.2377,10,0.2500,0.8571,7,8,7,0,0,8,7,0.1250
4,224.0000,10,42,455.3700,-82.4889,-0.7808,20,0.5000,0.5000,6,7,6,0,0,7,6,0.1429
4,224.0000,10,43,681.6037,-85.8655,0.2447,13,0.3250,1.0000,8,8,8,0,0,8,8,0.0000
4,224.0000,10,47,743.1650,-86.8928,-0.3182,10,0.2500,0.8750,8,8,8,0,0,8,8,0.0000
4,224.0000,11,2,330.9069,-78.1914,-1.2782,30,0.7500,0.2000,5,6,4,0,0,6,4,0.3333
4,224.0000,11,3,521.2639,-84.0387,0.4860,19,0.4750,0.7500,8,8,6,0,0,8,6,0.2500
4,224.0000,11,4,509.5864,-83.4971,0.4304,19,0.4750,0.8750,8,8,8,0,0,8,8,0.0000
4,224.0000,11,5,795.9414,-87.7240,0.7416,8,0.2000,1.0000,6,8,7,0,0,8,7,0.1250
4,224.0000,11,6,415.0509,-82.3843,0.4031,23,0.5750,0.6667,6,7,4,0,0,7,4,0.4286
4,224.0000,11,7,297.5716,-78.0031,-0.8204,30,0.7500,0.0000,4,8,6,0,0,8,6,0.2500
4,224.0000,11,8,826.7845,-87.1494,-0.6261,5,0.1250,1.0000,8,8,8,0,0,8,8,0.0000
4,224.0000,11,10,295.0412,-78.7464,-0.7567,33,0.8250,0.2000,5,5,1,0,0,5,1,0.8000
4,224.0000,11,13,954.9702,-87.6487,2.3297,4,0.1000,1.0000,6,6,6,0,0,6,6,0.0000
4,224.0000,11,14,391.6934,-81.8509,-0.8773,28,0.7000,0.5714,7,8,8,0,0,8,8,0.0000
4,224.0000,11,16,322.6042,-79.7305,0.0485,33,0.8250,0.5000,6,6,4,0,0,6,4,0.3333
4,224.0000,11,17,356.5816,-80.7643,-0.2738,30,0.7500,0.4000,5,4,0,0,0,4,0,1.0000
4,224.0000,11,20,739.9774,-86.8003,-0.1310,10,0.2500,1.0000,8,7,6,0,0,7,6,0.1429
4,224.0000,11,22,516.6514,-84.4726,-0.3680,21,0.5250,0.6667,6,5,3,0,0,5,3,0.4000
4,224.0000,11,23,553.4184,-83.5512,-0.6066,17,0.4250,0.8571,7,8,6,0,0,8,6,0.2500
4,224.0000,11,24,303.4212,-75.9107,-1.2611,32,0.8000,0.3333,6,7,6,0,0,7,6,0.1429
4,224.0000,11,26,777.1884,-87.5542,-0.8427,4,0.1000,0.8571,7,8,8,0,0,8,8,0.0000
4,224.0000,11,29,766.8139,-88.7297,1.6492,5,0.1250,0.8750,8,8,8,0,0,8,8,0.0000
4,224.0000,11,31,951.9729,-87.8334,1.7845,4,0.1000,1.0000,8,8,8,0,0,8,8,0.0000
4,224.0000,11,33,506.0658,-83.4487,1.0888,21,0.5250,0.4000,5,8,7,0,0,8,7,0.1250
4,224.0000,11,34,883.0529,-88.1092,0.1364,4,0.1000,1.0000,4,8,8,0,0,8,8,0.0000
4,224.0000,11,35,350.6120,-80.2667,-0.7237,33,0.8250,0.4000,5,6,3,0,0,6,3,0.5000
4,224.0000,11,37,181.4744,-72.7403,-1.3136,38,0.9500,0.0000,4,4,0,0,0,4,0,1.0000
4,224.0000,11,38,357.1937,-80.3879,0.3963,26,0.6500,0.3333,6,7,6,0,0,7,6,0.1429
4,224.0000,11,41,457.1635,-83.0966,0.6235,21,0.5250,0.6667,6,7,4,0,0,7,4,0.4286
4,224.0000,11,42,611.1861,-87.0001,0.3550,16,0.4000,0.7143,7,9,8,0,0,9,8,0.1111
4,224.0000,11,43,463.1747,-84.3140,-0.1786,13,0.3250,0.6667,6,7,5,0,0,7,5,0.2857
4,224.0000,11,47,481.4079,-83.4658,-0.3674,22,0.5500,0.7143,7,5,2,0,0,5,2,0.6000
4,224.0000,12,4,690.4520,-88.4212,0.7253,3,0.0750,1.0000,8,8,8,0,0,8,8,0.0000
4,224.0000,12,5,596.5277,-84.7015,0.1599,10,0.2500,1.0000,10,6,5,0,0,6,5,0.1667
4,224.0000,12,7,818.3229,-86.9728,0.6427,5,0.1250,1.0000,8,8,8,0,0,8,8,0.0000
4,224.0000,12,8,182.7517,-77.9302,0.6047,31,0.7750,0.2000,5,4,0,0,0,4,0,1.0000
4,224.0000,12,11,986.4958,-88.4623,0.6199,3,0.0750,1.0000,4,5,4,0,0,5,4,0.2000
4,224.0000,12,13,391.8415,-81.0680,-0.5397,19,0.4750,0.5000,6,8,7,0,0,8,7,0.1250
4,224.0000,12,15,433.3013,-81.5321,-0.0834,20,0.5000,0.7143,7,7,6,0,0,7,6,0.1429
4,224.0000,12,19,711.2219,-85.9194,-0.0377,10,0.2500,0.8750,8,8,8,0,0,8,8,0.0000
4,224.0000,12,20,524.0518,-85.3015,-0.5449,8,0.2000,0.8750,8,8,7,0,0,8,7,0.1250
4,224.0000,12,23,942.9476,-87.8896,1.1942,3,0.0750,1.0000,8,8,8,0,0,8,8,0.0000
4,224.0000,12,26,667.1488,-87.3493,-0.4040,6,0.1500,1.0000,8,8,8,0,0,8,8,0.0000
4,224.0000,12,27,808.1386,-86.9995,1.4149,7,0.1750,0.8750,8,8,8,0,0,8,8,0.0000
4,224.0000,12,28,750.6340,-86.0792,-0.7376,12,0.3000,1.0000,8,10,10,0,0,10,10,0.0000
4,224.0000,12,29,728.4250,-86.3948,-0.2505,7,0.1750,1.0000,8,8,7,0,0,8,7,0.1250
4,224.0000,12,30,826.0695,-86.9931,0.1772,9,0.2250,0.6667,6,4,4,0,0,4,4,0.0000
4,224.0000,12,31,487.0370,-83.5831,-0.1267,14,0.3500,0.8571,7,7,6,0,0,7,6,0.1429
4,224.0000,12,33,960.0694,-87.6225,1.0362,3,0.0750,1.0000,8,8,8,0,0,8,8,0.0000
4,224.0000,12,34,427.5848,-82.4622,-0.4071,19,0.4750,0.7857,14,7,5,0,0,7,5,0.2857
4,224.0000,12,37,1156.7874,-88.4338,0.6248,3,0.0750,1.0000,2,4,4,0,0,4,4,0.0000
4,224.0000,12,38,1071.4798,-88.5833,2.1699,3,0.0750,1.0000,4,4,4,0,0,4,4,0.0000
4,224.0000,12,39,798.5465,-85.8752,-0.7787,8,0.2000,1.0000,8,8,8,0,0,8,8,0.0000
4,224.0000,12,41,624.0446,-86.1385,0.0824,7,0.1750,1.0000,8,7,6,0,0,7,6,0.1429
4,224.0000,12,42,907.0764,-88.9862,-1.1460,3,0.0750,1.0000,6,6,6,0,0,6,6,0.0000
4,224.0000,12,43,681.5310,-85.2962,-0.0457,7,0.1750,1.0000,8,8,8,0,0,8,8,0.0000
4,224.0000,12,44,1164.1256,-87.8931,-1.1659,3,0.0750,1.0000,6,2,2,0,0,2,2,0.0000
4,224.0000,12,45,584.3158,-84.0149,-0.4848,9,0.2250,0.5000,6,7,6,0,0,7,6,0.1429
4,224.0000,12,46,732.7136,-86.0799,-1.1979,8,0.2000,1.0000,10,8,8,0,0,8,8,0.0000
4,224.0000,13,2,1027.9011,-86.5478,1.3489,3,0.0769,1.0000,6,6,6,0,0,6,6,0.0000
4,224.0000,13,4,658.1977,-86.0248,-1.1538,6,0.1538,1.0000,8,7,6,0,0,7,6,0.1429
4,224.0000,13,5,265.3140,-78.8915,0.1055,31,0.7949,0.4000,5,6,3,0,0,6,3,0.5000
4,224.0000,13,6,999.6255,-89.5151,-0.2192,3,0.0769,1.0000,8,6,6,0,0,6,6,0.0000
4,224.0000,13,7,869.6553,-87.3417,-0.2164,6,0.1538,1.0000,8,8,8,0,0,8,8,0.0000
4,224.0000,13,8,409.4902,-79.8240,-0.9629,25,0.6410,0.4286,7,8,8,0,0,8,8,0.0000
4,224.0000,13,9,1155.4821,-88.4992,0.2969,3,0.0769,,0,4,4,0,0,4,4,0.0000
4,224.0000,13,11,954.9702,-87.2345,0.7286,3,0.0769,1.0000,4,6,5,0,0,6,5,0.1667
4,224.0000,13,12,391.8415,-82.1061,-0.2719,25,0.6410,0.7143,7,6,3,0,0,6,3,0.5000
4,224.0000,13,14,965.3334,-89.2528,-0.1423,6,0.1538,1.0000,8,6,6,0,0,6,6,0.0000
4,224.0000,13,15,665.4651,-85.3278,0.0588,13,0.3333,1.0000,8,7,6,0,0,7,6,0.1429
4,224.0000,13,17,1105.7074,-88.4131,-0.0483,3,0.0769,1.0000,4,4,4,0,0,4,4,0.0000
4,224.0000,13,18,841.5386,-87.9350,0.2267,9,0.2308,1.0000,2,8,8,0,0,8,8,0.0000
4,224.0000,13,19,789.3972,-87.3227,-0.3712,13,0.3333,1.0000,6,8,7,0,0,8,7,0.1250
4,224.0000,13,20,796.1465,-86.8563,-0.2066,8,0.2051,1.0000,8,7,6,0,0,7,6,0.1429
4,224.0000,13,24,884.2696,-87.7290,-0.2972,3,0.0769,0.7500,8,6,6,0,0,6,6,0.0000
4,224.0000,13,26,378.0009,-81.4466,0.8512,24,0.6154,0.5000,6,8,5,0,0,8,5,0.3750
4,224.0000,13,27,735.7868,-87.5100,0.7221,15,0.3846,0.8571,7,7,6,0,0,7,6,0.1429
4,224.0000,13,28,793.0019,-86.0606,1.0204,7,0.1795,1.0000,8,8,8,0,0,8,8,0.0000
4,224.0000,13,29,412.5069,-82.0899,0.8924,23,0.5897,0.5714,7,8,7,0,0,8,7,0.1250
4,224.0000,13,31,96.9933,-68.1681,0.0381,34,0.8718,0.0000,4,6,2,0,0,6,2,0.6667
4,224.0000,13,34,164.9377,-72.1467,-0.2036,35,0.8974,0.3333,6,4,0,0,0,4,0,1.0000
4,224.0000,13,37,1092.5344,-88.0079,-0.8614,3,0.0769,1.0000,2,6,6,0,0,6,6,0.0000
4,224.0000,13,39,772.0022,-85.7885,0.1869,12,0.3077,1.0000,8,7,6,0,0,7,6,0.1429
4,224.0000,13,41,758.5661,-86.2078,-0.0252,5,0.1282,0.8750,8,8,8,0,0,8,8,0.0000
4,224.0000,13,42,715.3854,-86.8896,0.9287,7,0.1795,1.0000,6,8,8,0,0,8,8,0.0000
4,224.0000,13,43,834.3544,-88.3722,-0.4010,3,0.0769,1.0000,8,8,7,0,0,8,7,0.1250
4,224.0000,13,45,730.8931,-86.4810,0.7016,7,0.1795,1.0000,8,8,8,0,0,8,8,0.0000
4,224.0000,13,46,550.3174,-84.4528,-0.0220,20,0.5128,0.8750,8,7,6,0,0,7,6,0.1429
4,224.0000,14,2,709.3524,-86.0421,-0.7061,13,0.3250,0.6667,6,8,8,0,0,8,8,0.0000
4,224.0000,14,3,903.5781,-88.0353,0.1390,8,0.2000,1.0000,8,8,8,0,0,8,8,0.0000
4,224.0000,14,4,611.8369,-84.4126,-0.1537,14,0.3500,1.0000,8,7,6,0,0,7,6,0.1429
4,224.0000,14,5,730.2551,-87.3935,0.5040,6,0.1500,1.0000,6,7,6,0,0,7,6,0.1429
4,224.0000,14,6,770.1225,-86.7849,-0.5021,8,0.2000,0.8571,7,8,8,0,0,8,8,0.0000
4,224.0000,14,7,633.6701,-85.1422,0.0115,15,0.3750,1.0000,8,8,8,0,0,8,8,0.0000
4,224.0000,14,8,992.6509,-89.1748,-0.1960,4,0.1000,1.0000,6,4,4,0,0,4,4,0.0000
4,224.0000,14,10,272.5478,-77.9957,-0.5834,29,0.7250,0.4000,5,5,1,0,0,5,1,0.8000
4,224.0000,14,11,391.6934,-81.1102,-0.0660,18,0.4500,0.7500,8,8,7,16,13,24,20,0.1667
4,224.0000,14,16,449.4237,-82.0896,-0.7842,25,0.6250,0.6667,6,7,6,0,0,7,6,0.1429
4,224.0000,14,17,534.4444,-84.2083,0.8815,16,0.4000,0.8571,7,8,7,0,0,8,7,0.1250
4,224.0000,14,22,891.3344,-87.7529,0.3096,10,0.2500,0.8571,7,6,6,0,0,6,6,0.0000
4,224.0000,14,23,931.9183,-87.5630,0.1031,6,0.1500,0.8571,7,8,8,0,0,8,8,0.0000
4,224.0000,14,24,651.1069,-84.6221,-1.2581,16,0.4000,0.8571,7,8,8,0,0,8,8,0.0000
4,224.0000,14,26,682.3552,-85.6243,-0.1167,10,0.2500,1.0000,8,8,7,0,0,8,7,0.1250
4,224.0000,14,29,634.6094,-86.7031,0.6351,9,0.2250,1.0000,8,8,8,0,0,8,8,0.0000
4,224.0000,14,31,924.4117,-88.2130,0.0021,3,0.0750,1.0000,8,7,6,0,0,7,6,0.1429
4,224.0000,14,33,895.8571,-87.8928,0.3297,7,0.1750,0.7143,7,8,8,0,0,8,8,0.0000
4,224.0000,14,35,265.6939,-77.1350,-0.3569,26,0.6500,0.4000,5,5,1,0,0,5,1,0.8000
4,224.0000,14,37,327.6484,-78.9757,-0.3865,23,0.5750,0.4000,5,6,4,0,0,6,4,0.3333
4,224.0000,14,38,739.7426,-85.7478,0.4316,15,0.3750,1.0000,8,6,4,0,0,6,4,0.3333
4,224.0000,14,41,773.0449,-86.2262,0.1758,11,0.2750,1.0000,8,8,8,0,0,8,8,0.0000
4,224.0000,14,42,469.1639,-82.1122,0.0703,14,0.3500,1.0000,8,6,4,0,0,6,4,0.3333
4,224.0000,14,43,803.4297,-86.9184,1.2324,7,0.1750,1.0000,8,8,8,0,0,8,8,0.0000
4,224.0000,14,47,858.8005,-88.0449,0.4029,6,0.1500,1.0000,4,8,8,0,0,8,8,0.0000
4,224.0000,15,4,1081.2131,-87.4333,0.4683,3,0.0750,1.0000,6,4,4,0,0,4,4,0.0000
4,224.0000,15,5,869.8726,-87.3111,-1.4924,6,0.1500,1.0000,6,8,8,0,0,8,8,0.0000
4,224.0000,15,8,586.4717,-86.4316,0.8042,6,0.1500,0.8571,7,8,8,0,0,8,8,0.0000
4,224.0000,15,12,433.3013,-80.9327,-1.2272,23,0.5750,0.5000,6,7,4,0,0,7,4,0.4286
4,224.0000,15,13,665.4651,-85.9233,0.5637,9,0.2250,0.8750,8,8,8,0,0,8,8,0.0000
4,224.0000,15,19,495.7551,-84.9140,0.0959,14,0.3500,0.7143,7,6,4,0,0,6,4,0.3333
4,224.0000,15,20,698.6836,-85.5977,-0.5927,7,0.1750,1.0000,8,8,8,0,0,8,8,0.0000
4,224.0000,15,27,812.3325,-88.3748,0.2130,6,0.1500,1.0000,8,6,4,0,0,6,4,0.3333
4,224.0000,15,28,586.8392,-85.6443,0.0979,13,0.3250,0.7143,7,7,4,0,0,7,4,0.4286
4,224.0000,15,30,623.4342,-85.1702,-0.9722,14,0.3500,1.0000,8,8,8,0,0,8,8,0.0000
4,224.0000,15,31,743.9302,-86.1486,-0.7614,6,0.1500,1.0000,8,8,8,0,0,8,8,0.0000
4,224.0000,15,34,630.0812,-85.0632,0.5021,11,0.2750,1.0000,8,7,6,0,0,7,6,0.1429
4,224.0000,15,36,799.5898,-87.7050,0.2868,7,0.1750,1.0000,8,8,8,0,0,8,8,0.0000
4,224.0000,15,39,673.6355,-85.9495,0.8373,8,0.2000,0.8571,7,8,6,0,0,8,6,0.2500
4,224.0000,15,41,865.5535,-86.0068,-0.2886,7,0.1750,1.0000,8,8,8,0,0,8,8,0.0000
4,224.0000,15,43,927.3414,-87.6175,-0.5190,4,0.1000,1.0000,8,6,6,0,0,6,6,0.0000
4,224.0000,15,44,985.6431,-88.4122,0.3664,4,0.1000,1.0000,8,6,6,0,0,6,6,0.0000
4,224.0000,15,45,557.6000,-85.1514,1.2639,14,0.3500,1.0000,8,7,6,0,0,7,6,0.1429
4,224.0000,15,46,785.3148,-86.3847,0.0948,11,0.2750,0.8571,7,8,8,0,0,8,8,0.0000
4,224.0000,16,2,480.8577,-81.0944,-0.6471,20,0.5128,1.0000,8,6,4,0,0,6,4,0.3333
4,224.0000,16,3,604.5708,-85.5535,0.4974,17,0.4359,0.8571,7,7,6,0,0,7,6,0.1429
4,224.0000,16,4,653.1128,-84.5412,-0.8027,13,0.3333,0.7143,7,7,5,0,0,7,5,0.2857
4,224.0000,16,6,676.6075,-85.7721,-0.7265,10,0.2564,0.8750,8,8,7,0,0,8,7,0.1250
4,224.0000,16,7,598.1945,-84.7082,-0.7786,14,0.3590,0.5714,7,8,6,0,0,8,6,0.2500
4,224.0000,16,10,240.4698,-74.2461,-0.9995,32,0.8205,0.0000,4,5,1,0,0,5,1,0.8000
4,224.0000,16,11,322.6042,-79.4068,0.3740,24,0.6154,0.6667,6,7,5,0,0,7,5,0.2857
4,224.0000,16,14,449.4237,-80.6000,-1.2079,27,0.6923,0.2000,5,7,5,0,0,7,5,0.2857
4,224.0000,16,17,233.7795,-76.3660,-0.3714,31,0.7949,0.3333,6,4,0,0,0,4,0,1.0000
4,224.0000,16,20,995.5553,-88.6170,-0.8492,6,0.1538,1.0000,6,6,6,0,0,6,6,0.0000
4,224.0000,16,22,621.2744,-85.3839,-0.4039,14,0.3590,0.8571,7,6,4,0,0,6,4,0.3333
4,224.0000,16,23,677.6221,-85.4101,-0.1184,13,0.3333,0.8750,8,7,5,0,0,7,5,0.2857
4,224.0000,16,24,595.4639,-84.2421,-0.4981,13,0.3333,0.4286,7,8,8,0,0,8,8,0.0000
4,224.0000,16,26,964.6411,-87.9186,0.3730,4,0.1026,1.0000,8,8,8,0,0,8,8,0.0000
4,224.0000,16,29,960.1276,-88.5528,0.3796,3,0.0769,1.0000,8,10,10,0,0,10,10,0.0000
4,224.0000,16,33,687.6430,-86.0618,-0.4538,14,0.3590,1.0000,8,8,8,0,0,8,8,0.0000
4,224.0000,16,35,216.8688,-73.8894,-1.4670,28,0.7179,0.2000,5,5,2,0,0,5,2,0.6000
4,224.0000,16,37,208.4918,-76.1333,0.3809,36,0.9231,0.5000,6,4,0,0,0,4,0,1.0000
4,224.0000,16,38,499.1133,-82.2158,0.1249,18,0.4615,0.8750,8,7,6,0,0,7,6,0.1429
4,224.0000,16,41,726.6991,-85.9907,-0.2128,5,0.1282,0.8000,5,10,10,0,0,10,10,0.0000
4,224.0000,16,42,687.9955,-83.7271,-0.9546,10,0.2564,0.9868,151,8,7,2,2,10,9,0.1000
4,224.0000,16,43,704.6304,-87.0005,-0.6768,11,0.2821,0.8571,7,7,6,0,0,7,6,0.1429
4,224.0000,16,47,632.7502,-85.5407,-0.1228,16,0.4103,1.0000,8,7,6,0,0,7,6,0.1429
4,224.0000,17,2,397.9687,-78.6780,-1.3171,24,0.6000,0.5714,7,7,6,0,0,7,6,0.1429
4,224.0000,17,3,593.6768,-86.0787,0.4612,13,0.3250,0.7500,8,8,8,0,0,8,8,0.0000
4,224.0000,17,4,483.8027,-83.9762,-0.0611,13,0.3250,0.5000,6,6,4,0,0,6,4,0.3333
4,224.0000,17,6,678.3268,-86.6069,-0.1391,11,0.2750,1.0000,8,8,7,0,0,8,7,0.1250
4,224.0000,17,7,583.4362,-83.5812,-0.7067,12,0.3000,0.8750,8,8,8,0,0,8,8,0.0000
4,224.0000,17,10,265.9817,-78.4635,0.2097,31,0.7750,0.0000,4,5,1,0,0,5,1,0.8000
4,224.0000,17,11,356.5816,-81.1007,0.2132,21,0.5250,0.2000,5,7,5,0,0,7,5,0.2857
4,224.0000,17,14,534.4444,-83.4483,-0.2144,18,0.4500,0.5000,6,8,8,0,0,8,8,0.0000
4,224.0000,17,16,233.7795,-77.0368,-0.2489,30,0.7500,0.2000,5,4,0,0,0,4,0,1.0000
4,224.0000,17,20,875.3187,-87.3436,0.7226,5,0.1250,0.8571,7,8,8,0,0,8,8,0.0000
4,224.0000,17,22,512.6677,-83.3130,-0.8845,15,0.3750,0.5000,6,8,8,0,0,8,8,0.0000
4,224.0000,17,23,570.6413,-84.3701,-0.4528,13,0.3250,0.7500,8,6,4,0,0,6,4,0.3333
4,224.0000,17,24,574.7727,-83.0910,-0.0019,17,0.4250,0.4000,5,7,5,0,0,7,5,0.2857
4,224.0000,17,26,868.4166,-87.7711,0.1574,3,0.0750,0.8750,8,8,8,0,0,8,8,0.0000
4,224.0000,17,29,890.3122,-87.5601,-0.2626,3,0.0750,0.8571,7,8,8,0,0,8,8,0.0000
4,224.0000,17,33,645.2306,-85.7089,-0.6543,10,0.2500,0.6667,6,8,7,0,0,8,7,0.1250
4,224.0000,17,35,384.0104,-81.8968,-0.5801,24,0.6000,0.4000,5,6,3,0,0,6,3,0.5000
4,224.0000,17,37,355.9063,-81.6200,0.5292,27,0.6750,0.6667,6,7,5,0,0,7,5,0.2857
4,224.0000,17,38,515.6386,-83.1565,-0.7026,18,0.4500,0.8571,7,8,8,0,0,8,8,0.0000
4,224.0000,17,41,628.8676,-85.7756,0.2609,8,0.2000,0.8571,7,8,8,0,0,8,8,0.0000
4,224.0000,17,42,591.6410,-84.5144,-0.3556,10,0.2500,0.6667,6,8,6,0,0,8,6,0.2500
4,224.0000,17,43,596.6927,-85.6755,0.6936,9,0.2250,0.8571,7,6,4,0,0,6,4,0.3333
4,224.0000,17,47,654.7364,-85.8500,0.0154,12,0.3000,0.8571,7,7,6,0,0,7,6,0.1429
4,224.0000,18,0,501.5698,-83.5345,-0.0858,25,0.6250,0.6667,6,7,6,0,0,7,6,0.1429
4,224.0000,18,1,336.4476,-79.7961,-0.3918,37,0.9250,0.5000,6,5,1,0,0,5,1,0.8000
4,224.0000,18,9,483.5818,-81.6720,-0.7010,30,0.7500,0.4000,5,8,7,0,0,8,7,0.1250
4,224.0000,18,19,801.7426,-86.8909,0.2254,5,0.1250,1.0000,8,7,6,0,0,7,6,0.1429
4,224.0000,18,21,863.9305,-86.7651,0.5131,6,0.1500,1.0000,8,8,8,0,0,8,8,0.0000
4,224.0000,18,25,444.6940,-81.5017,-0.2747,32,0.8000,0.6667,6,6,4,0,0,6,4,0.3333
4,224.0000,18,27,471.9363,-83.2769,0.1209,19,0.4750,0.7143,7,6,4,0,0,6,4,0.3333
4,224.0000,18,28,716.7130,-85.9878,1.1563,6,0.1500,0.7500,8,8,8,0,0,8,8,0.0000
4,224.0000,18,31,816.6778,-87.2803,-0.0294,4,0.1000,1.0000,8,8,8,0,0,8,8,0.0000
4,224.0000,18,32,813.2586,-86.3260,-0.2085,8,0.2000,1.0000,8,8,8,0,0,8,8,0.0000
4,224.0000,18,36,949.6645,-86.6160,-1.3385,4,0.1000,1.0000,8,8,8,0,0,8,8,0.0000
4,224.0000,18,39,581.9057,-83.7053,-0.6152,14,0.3500,0.7143,7,5,1,0,0,5,1,0.8000
4,224.0000,18,40,370.1847,-81.0900,-0.2389,30,0.7500,0.3333,6,6,3,0,0,6,3,0.5000
4,224.0000,18,44,928.6578,-87.9006,0.1768,6,0.1500,1.0000,8,8,8,0,0,8,8,0.0000
4,224.0000,18,46,365.9770,-82.1398,1.0921,21,0.5250,0.2000,5,5,2,0,0,5,2,0.6000
4,224.0000,19,0,776.4537,-86.5285,0.4751,11,0.2750,1.0000,8,6,4,0,0,6,4,0.3333
4,224.0000,19,1,877.5516,-88.4311,0.0520,5,0.1250,0.7500,4,8,8,0,0,8,8,0.0000
4,224.0000,19,9,851.7807,-87.2962,0.4015,6,0.1500,0.8750,8,7,6,0,0,7,6,0.1429
4,224.0000,19,12,711.2219,-86.8325,-0.8884,6,0.1500,1.0000,8,8,8,0,0,8,8,0.0000
4,224.0000,19,15,495.7551,-84.5994,-0.5561,15,0.3750,0.8750,8,5,2,0,0,5,2,0.6000
4,224.0000,19,18,801.7426,-88.0515,0.3412,9,0.2250,0.8333,6,7,6,0,0,7,6,0.1429
4,224.0000,19,21,566.7689,-85.5767,1.0247,18,0.4500,0.6667,6,8,6,0,0,8,6,0.2500
4,224.0000,19,25,772.3043,-87.5868,0.7138,8,0.2000,0.8571,7,7,5,0,0,7,5,0.2857
4,224.0000,19,26,1163.2245,-87.9582,-0.1695,3,0.0750,1.0000,4,4,4,0,0,4,4,0.0000
4,224.0000,19,27,431.1345,-83.3744,0.3124,19,0.4750,1.0000,8,7,5,0,0,7,5,0.2857
4,224.0000,19,28,108.7426,-72.2263,1.2421,33,0.8250,0.0000,4,4,0,0,0,4,0,1.0000
4,224.0000,19,30,259.7486,-76.2020,-1.5346,34,0.8500,0.3333,6,5,1,0,0,5,1,0.8000
4,224.0000,19,31,848.1359,-87.1458,0.6367,5,0.1250,1.0000,8,8,8,0,0,8,8,0.0000
4,224.0000,19,32,510.9561,-85.7914,0.2114,18,0.4500,0.8571,7,8,7,0,0,8,7,0.1250
4,224.0000,19,34,819.2404,-86.7140,2.4654,4,0.1000,1.0000,8,8,8,0,0,8,8,0.0000
4,224.0000,19,36,361.1775,-82.2720,0.4362,31,0.7750,0.4286,7,5,2,0,0,5,2,0.6000
4,224.0000,19,39,229.8793,-77.8581,0.4929,28,0.7000,0.2000,5,5,1,0,0,5,1,0.8000
4,224.0000,19,40,910.5605,-88.4742,-0.3373,5,0.1250,1.0000,4,6,6,0,0,6,6,0.0000
4,224.0000,19,44,518.7942,-83.6264,-0.1608,23,0.5750,0.6667,6,8,7,0,0,8,7,0.1250
4,224.0000,19,45,333.6381,-79.5101,-0.0118,27,0.6750,0.6667,6,4,0,0,0,4,0,1.0000
4,224.0000,19,46,523.9288,-83.7696,-0.0335,20,0.5000,0.8571,7,4,0,0,0,4,0,1.0000
4,224.0000,20,2,548.6360,-85.4514,-0.7284,10,0.2500,1.0000,8,5,2,0,0,5,2,0.6000
4,224.0000,20,3,680.8399,-85.2184,-0.2977,11,0.2750,0.4286,7,5,3,0,0,5,3,0.4000
4,224.0000,20,4,666.8190,-85.8816,0.9368,5,0.1250,1.0000,8,8,6,0,0,8,6,0.2500
4,224.0000,20,5,860.7064,-88.1072,-0.5056,7,0.1750,1.0000,6,7,6,0,0,7,6,0.1429
4,224.0000,20,6,507.8012,-84.7757,0.2569,15,0.3750,0.6667,6,7,6,0,0,7,6,0.1429
4,224.0000,20,7,500.9458,-83.7162,0.3646,15,0.3750,0.8571,7,6,4,0,0,6,4,0.3333
4,224.0000,20,8,434.6845,-84.8254,-0.1026,15,0.3750,1.0000,8,5,4,0,0,5,4,0.2000
4,224.0000,20,10,955.0405,-88.4942,0.1915,3,0.0750,0.7500,8,4,4,0,0,4,4,0.0000
4,224.0000,20,11,739.9774,-86.4835,-0.2170,6,0.1500,0.8750,8,7,5,0,0,7,5,0.2857
4,224.0000,20,12,524.0518,-84.4062,0.6000,17,0.4250,0.9540,87,6,3,0,0,6,3,0.5000
4,224.0000,20,13,796.1465,-86.7239,-0.5277,9,0.2250,0.8571,7,8,8,0,0,8,8,0.0000
4,224.0000,20,14,1050.4448,-87.8746,0.2715,3,0.0750,1.0000,6,2,2,0,0,2,2,0.0000
4,224.0000,20,15,698.6836,-84.8497,0.2387,10,0.2500,1.0000,8,8,8,0,0,8,8,0.0000
4,224.0000,20,17,875.3187,-88.3760,0.2447,4,0.1000,1.0000,8,8,8,0,0,8,8,0.0000
4,224.0000,20,22,528.7627,-83.6604,-0.2933,14,0.3500,1.0000,8,7,6,0,0,7,6,0.1429
4,224.0000,20,23,485.1415,-82.0164,-0.6715,16,0.4000,0.2000,5,8,6,0,0,8,6,0.2500
4,224.0000,20,24,487.1714,-84.1641,0.0698,10,0.2500,1.0000,8,7,6,0,0,7,6,0.1429
4,224.0000,20,26,908.8096,-88.7842,0.4476,5,0.1250,1.0000,6,8,8,0,0,8,8,0.0000
4,224.0000,20,28,1214.7169,-87.2811,-0.0119,3,0.0750,1.0000,4,4,4,0,0,4,4,0.0000
4,224.0000,20,31,865.2047,-87.8664,-0.5433,7,0.1750,1.0000,8,4,4,0,0,4,4,0.0000
4,224.0000,20,33,485.4268,-83.7806,-0.1181,17,0.4250,0.7143,7,8,6,0,0,8,6,0.2500
4,224.0000,20,34,751.6168,-87.5225,0.7253,5,0.1250,1.0000,8,8,8,0,0,8,8,0.0000
4,224.0000,20,37,918.9448,-88.3063,-0.0898,7,0.1750,1.0000,8,8,8,0,0,8,8,0.0000
4,224.0000,20,38,656.5255,-85.7694,0.6771,7,0.1750,0.8571,7,6,3,0,0,6,3,0.5000
4,224.0000,20,41,284.3639,-78.9288,-0.0461,26,0.6500,0.6667,6,6,4,0,0,6,4,0.3333
4,224.0000,20,42,977.9386,-88.4001,0.2873,7,0.1750,1.0000,8,6,6,0,0,6,6,0.0000
4,224.0000,20,43,291.5276,-76.9593,-1.2353,29,0.7250,0.0000,4,8,7,0,0,8,7,0.1250
4,224.0000,20,45,1052.9130,-87.6374,-0.5871,4,0.1000,1.0000,2,6,6,0,0,6,6,0.0000
4,224.0000,20,47,653.3463,-86.5668,0.1015,10,0.2500,1.0000,8,8,7,0,0,8,7,0.1250
4,224.0000,21,0,491.2698,-83.3660,-0.7423,27,0.6750,0.2000,5,8,7,0,0,8,7,0.1250
4,224.0000,21,1,718.4619,-87.0152,0.1884,10,0.2500,1.0000,8,8,6,0,0,8,6,0.2500
4,224.0000,21,9,579.9856,-85.8475,0.3325,18,0.4500,1.0000,8,6,4,0,0,6,4,0.3333
4,224.0000,21,15,1012.3845,-88.9666,0.0785,3,0.0750,1.0000,6,8,8,0,0,8,8,0.0000
4,224.0000,21,18,863.9305,-87.5641,0.4628,6,0.1500,1.0000,8,8,8,0,0,8,8,0.0000
4,224.0000,21,19,566.7689,-85.5452,-0.0953,15,0.3750,1.0000,8,8,8,0,0,8,8,0.0000
4,224.0000,21,25,551.1247,-84.8312,-0.0768,16,0.4000,0.8571,7,8,8,0,0,8,8,0.0000
4,224.0000,21,27,477.8081,-83.3391,-0.0275,20,0.5000,0.6667,6,7,6,0,0,7,6,0.1429
4,224.0000,21,28,488.6145,-83.3932,-0.1326,18,0.4500,0.7143,7,6,4,0,0,6,4,0.3333
4,224.0000,21,30,434.4969,-82.7997,0.0041,22,0.5500,0.5714,7,4,0,0,0,4,0,1.0000
4,224.0000,21,32,319.4381,-80.0264,0.4764,33,0.8250,0.5000,6,5,2,0,0,5,2,0.6000
4,224.0000,21,36,345.4815,-81.1572,-0.4378,35,0.8750,0.6667,6,6,2,0,0,6,2,0.6667
4,224.0000,21,39,508.4833,-84.4795,-0.2596,18,0.4500,0.4000,5,6,4,0,0,6,4,0.3333
4,224.0000,21,40,743.8506,-86.9226,-0.3164,12,0.3000,1.0000,8,6,4,0,0,6,4,0.3333
4,224.0000,21,44,242.1919,-76.8981,-0.1457,32,0.8000,0.3333,6,4,0,0,0,4,0,1.0000
4,224.0000,21,45,522.1793,-83.7204,-0.5402,18,0.4500,0.6667,6,8,7,0,0,8,7,0.1250
4,224.0000,21,46,732.0045,-87.1444,-0.0762,7,0.1750,0.8750,8,8,7,0,0,8,7,0.1250
4,224.0000,22,2,186.4530,-76.1590,0.1212,34,0.8500,0.3333,6,6,3,0,0,6,3,0.5000
4,224.0000,22,3,258.2393,-77.8289,0.1819,33,0.8250,0.7500,8,5,1,0,0,5,1,0.8000
4,224.0000,22,4,644.8388,-84.9736,-0.5603,15,0.3750,0.7143,7,8,8,0,0,8,8,0.0000
4,224.0000,22,6,431.4020,-82.3734,0.2927,22,0.5500,0.4000,5,5,2,0,0,5,2,0.6000
4,224.0000,22,7,448.8141,-82.2448,0.1323,18,0.4500,0.6667,6,5,2,0,0,5,2,0.6000
4,224.0000,22,8,810.6292,-87.3842,0.6294,9,0.2250,0.8750,8,8,8,0,0,8,8,0.0000
4,224.0000,22,10,696.5749,-85.7598,-0.3199,18,0.4500,0.6667,6,6,6,0,0,6,6,0.0000
4,224.0000,22,11,516.6514,-82.3613,-0.1104,16,0.4000,0.5000,6,8,7,0,0,8,7,0.1250
4,224.0000,22,12,967.1191,-87.9801,-0.6287,5,0.1250,1.0000,4,8,8,0,0,8,8,0.0000
4,224.0000,22,14,891.3344,-87.1103,-0.6873,11,0.2750,1.0000,10,6,6,0,0,6,6,0.0000
4,224.0000,22,16,621.2744,-85.1720,-0.4354,15,0.3750,1.0000,8,7,6,0,0,7,6,0.1429
4,224.0000,22,17,512.6677,-83.6072,-0.6034,16,0.4000,0.7143,7,7,5,0,0,7,5,0.2857
4,224.0000,22,20,528.7627,-84.0162,-0.2217,21,0.5250,0.6667,6,8,8,0,0,8,8,0.0000
4,224.0000,22,23,62.2771,-69.8342,2.4242,35,0.8750,0.0000,4,4,0,0,0,4,0,1.0000
4,224.0000,22,24,419.3461,-81.7828,0.2625,23,0.5750,0.8750,8,7,5,0,0,7,5,0.2857
4,224.0000,22,31,1166.1641,-87.6727,0.1603,3,0.0750,1.0000,4,4,4,0,0,4,4,0.0000
4,224.0000,22,33,238.2616,-78.3893,0.4421,30,0.7500,0.2000,5,5,1,0,0,5,1,0.8000
4,224.0000,22,34,1083.7685,-89.0293,1.3673,4,0.1000,1.0000,6,8,8,0,0,8,8,0.0000
4,224.0000,22,35,787.8119,-87.5667,-0.2055,10,0.2500,0.8571,7,8,8,0,0,8,8,0.0000
4,224.0000,22,37,636.2198,-85.1618,-0.5327,17,0.4250,0.8750,8,8,8,0,0,8,8,0.0000
4,224.0000,22,38,311.4105,-79.9090,0.7160,31,0.7750,0.4286,7,6,3,0,0,6,3,0.5000
4,224.0000,22,41,400.4852,-82.0613,0.0317,21,0.5250,0.4000,5,6,3,0,0,6,3,0.5000
4,224.0000,22,42,929.1654,-88.0791,-0.2743,6,0.1500,0.8750,8,2,2,0,0,2,2,0.0000
4,224.0000,22,43,314.5780,-79.0362,-0.5586,25,0.6250,0.5714,7,6,4,0,0,6,4,0.3333
4,224.0000,22,47,361.2622,-82.2412,0.0352,31,0.7750,0.6667,6,8,7,0,0,8,7,0.1250
4,224.0000,23,2,224.0681,-79.6378,1.8051,26,0.6500,0.0000,4,6,3,0,0,6,3,0.5000
4,224.0000,23,3,270.8500,-78.5355,-0.1508,31,0.7750,0.5714,7,4,0,0,0,4,0,1.0000
4,224.0000,23,4,669.5405,-85.3249,-0.1933,14,0.3500,0.5000,6,7,6,0,0,7,6,0.1429
4,224.0000,23,5,1086.6139,-89.4428,-0.1511,3,0.0750,1.0000,2,6,6,0,0,6,6,0.0000
4,224.0000,23,6,420.7787,-83.0156,-0.4175,22,0.5500,0.6667,6,4,2,0,0,4,2,0.5000
4,224.0000,23,7,451.4582,-84.2785,0.8009,17,0.4250,0.7143,7,8,8,0,0,8,8,0.0000
4,224.0000,23,8,792.9990,-87.0987,-0.0989,5,0.1250,1.0000,8,8,8,0,0,8,8,0.0000
4,224.0000,23,10,746.5361,-87.7700,-0.1888,9,0.2250,0.8571,7,8,8,0,0,8,8,0.0000
4,224.0000,23,11,553.4184,-85.4242,0.5212,13,0.3250,1.0000,8,8,8,0,0,8,8,0.0000
4,224.0000,23,12,942.9476,-89.2652,-0.5154,4,0.1000,1.0000,8,4,4,0,0,4,4,0.0000
4,224.0000,23,14,931.9183,-87.6936,0.3164,10,0.2500,1.0000,8,6,6,0,0,6,6,0.0000
4,224.0000,23,16,677.6221,-86.9247,0.9311,12,0.3000,0.8571,7,8,8,0,0,8,8,0.0000
4,224.0000,23,17,570.6413,-85.5350,-0.4476,19,0.4750,0.6250,8,7,6,0,0,7,6,0.1429
4,224.0000,23,20,485.1415,-83.0237,-1.3500,17,0.4250,0.5714,7,7,6,0,0,7,6,0.1429
4,224.0000,23,22,62.2771,-69.2058,2.3890,33,0.8250,0.5000,4,6,1,0,0,6,1,0.8333
4,224.0000,23,24,421.2936,-83.0845,0.2644,21,0.5250,0.5000,6,7,6,0,0,7,6,0.1429
4,224.0000,23,26,1070.3007,-88.9575,-0.6726,3,0.0750,1.0000,8,8,8,0,0,8,8,0.0000
4,224.0000,23,29,1107.5286,-89.5361,0.0558,5,0.1250,,0,4,4,0,0,4,4,0.0000
4,224.0000,23,33,214.3762,-76.1324,-0.4045,32,0.8000,0.3465,101,5,1,89,20,94,21,0.7766
4,224.0000,23,35,838.6019,-87.5461,0.1063,10,0.2500,1.0000,8,8,8,0,0,8,8,0.0000
4,224.0000,23,37,681.4173,-84.9197,-0.6175,11,0.2750,0.8571,7,7,6,0,0,7,6,0.1429
4,224.0000,23,38,332.9236,-81.1928,1.4421,23,0.5750,0.6667,6,6,2,0,0,6,2,0.6667
4,224.0000,23,41,385.3776,-81.3295,0.0827,20,0.5000,0.4000,5,7,6,0,0,7,6,0.1429
4,224.0000,23,42,963.7325,-87.8652,0.2569,7,0.1750,1.0000,6,8,8,0,0,8,8,0.0000
4,224.0000,23,43,297.5018,-78.4677,0.1139,24,0.6000,0.6667,6,6,3,0,0,6,3,0.5000
4,224.0000,23,47,361.2246,-82.9451,0.6534,25,0.6250,0.7143,7,5,2,0,0,5,2,0.6000
4,224.0000,24,2,280.8044,-77.9038,-0.0075,35,0.8750,0.3750,8,5,2,0,0,5,2,0.6000
4,224.0000,24,3,432.9820,-82.1462,-0.1065,26,0.6500,0.5000,6,6,4,0,0,6,4,0.3333
4,224.0000,24,4,576.4020,-84.6397,0.1765,14,0.3500,1.0000,8,8,7,0,0,8,7,0.1250
4,224.0000,24,5,795.4044,-89.3589,-0.1218,5,0.1250,1.0000,4,7,6,0,0,7,6,0.1429
4,224.0000,24,6,153.5041,-76.3613,1.1652,35,0.8750,0.2000,5,5,1,0,0,5,1,0.8000
4,224.0000,24,7,30.5290,-65.5969,4.4274,37,0.9250,0.0000,4,6,2,0,0,6,2,0.6667
4,224.0000,24,8,683.8897,-87.2860,0.1474,11,0.2750,0.7143,7,8,8,0,0,8,8,0.0000
4,224.0000,24,10,584.8955,-83.3951,-1.5918,24,0.6000,0.8571,7,8,7,0,0,8,7,0.1250
4,224.0000,24,11,303.4212,-77.0214,-0.9333,30,0.7500,0.0000,4,5,2,0,0,5,2,0.6000
4,224.0000,24,12,821.5133,-89.1610,0.2758,4,0.1000,1.0000,8,4,4,0,0,4,4,0.0000
4,224.0000,24,14,651.1069,-85.0489,-0.3116,21,0.5250,0.5000,6,8,8,0,0,8,8,0.0000
4,224.0000,24,16,595.4639,-84.0105,-0.5898,25,0.6250,0.5000,6,8,8,0,0,8,8,0.0000
4,224.0000,24,17,574.7727,-83.6527,-0.6558,23,0.5750,0.5714,7,8,7,0,0,8,7,0.1250
4,224.0000,24,20,487.1714,-84.8022,1.1302,16,0.4000,1.0000,8,6,3,0,0,6,3,0.5000
4,224.0000,24,22,419.3461,-82.1537,0.0166,30,0.7500,0.8571,7,6,3,0,0,6,3,0.5000
4,224.0000,24,23,421.2936,-82.2866,0.3706,29,0.7250,0.3333,6,7,6,0,0,7,6,0.1429
4,224.0000,24,26,832.5210,-86.4303,0.5457,5,0.1250,0.6667,3,8,8,0,0,8,8,0.0000
4,224.0000,24,29,832.9560,-88.1901,-0.5027,7,0.1750,1.0000,8,8,8,0,0,8,8,0.0000
4,224.0000,24,31,905.8752,-87.8685,0.3761,6,0.1500,0.7500,4,8,8,0,0,8,8,0.0000
4,224.0000,24,33,305.1156,-80.5550,0.7220,32,0.8000,0.5000,6,6,3,0,0,6,3,0.5000
4,224.0000,24,34,793.8150,-87.4317,0.4446,7,0.1750,1.0000,4,7,6,0,0,7,6,0.1429
4,224.0000,24,35,652.1588,-84.3022,-1.2221,18,0.4500,0.4000,5,8,8,0,0,8,8,0.0000
4,224.0000,24,37,470.1067,-80.6031,-1.9811,31,0.7750,0.6667,6,7,5,0,0,7,5,0.2857
4,224.0000,24,38,289.6703,-79.1310,0.3677,32,0.8000,0.6667,6,5,1,0,0,5,1,0.8000
4,224.0000,24,41,235.5495,-79.0908,0.9935,30,0.7500,0.4000,5,4,0,0,0,4,0,1.0000
4,224.0000,24,42,783.3905,-87.5212,-0.0109,9,0.2250,0.7143,7,8,7,0,0,8,7,0.1250
4,224.0000,24,43,254.8367,-80.4084,0.7992,27,0.6750,0.5000,6,6,2,0,0,6,2,0.6667
4,224.0000,24,47,342.8594,-80.6309,0.2320,31,0.7750,1.0000,8,5,1,0,0,5,1,0.8000
4,224.0000,25,0,146.5838,-74.1107,0.9360,37,0.9250,0.0000,4,4,0,0,0,4,0,1.0000
4,224.0000,25,1,180.7353,-75.3379,0.2889,38,0.9500,0.0000,4,4,0,0,0,4,0,1.0000
4,224.0000,25,9,118.0018,-72.6933,1.7145,36,0.9000,0.0000,4,4,0,0,0,4,0,1.0000
4,224.0000,25,18,444.6940,-82.1634,-0.0427,29,0.7250,0.4000,5,6,3,0,0,6,3,0.5000
4,224.0000,25,19,772.3043,-86.6326,0.7608,4,0.1000,1.0000,8,6,3,0,0,6,3,0.5000
4,224.0000,25,21,551.1247,-84.0224,0.2760,24,0.6000,0.7143,7,7,6,0,0,7,6,0.1429
4,224.0000,25,27,444.9508,-82.4649,-0.7421,22,0.5500,0.8571,7,7,5,0,0,7,5,0.2857
4,224.0000,25,28,665.9981,-85.5432,-0.2878,8,0.2000,1.0000,9,6,5,0,0,6,5,0.1667
4,224.0000,25,30,825.6652,-88.0579,-0.5728,4,0.1000,1.0000,8,7,6,0,0,7,6,0.1429
4,224.0000,25,32,521.1598,-82.8862,0.0258,20,0.5000,0.6667,6,7,6,0,0,7,6,0.1429
4,224.0000,25,36,733.8189,-86.9391,0.0938,8,0.2000,1.0000,8,8,8,0,0,8,8,0.0000
4,224.0000,25,39,559.6114,-84.8088,0.5399,11,0.2750,1.0000,8,6,4,0,0,6,4,0.3333
4,224.0000,25,40,338.3076,-80.2297,0.4715,34,0.8500,0.6667,6,6,2,0,0,6,2,0.6667
4,224.0000,25,44,628.2237,-85.0346,0.8624,17,0.4250,0.5714,7,6,3,0,0,6,3,0.5000
4,224.0000,25,45,820.6527,-87.4127,-0.7054,7,0.1750,0.8571,7,8,8,0,0,8,8,0.0000
4,224.0000,25,46,578.2808,-85.8908,1.2952,9,0.2250,0.8889,9,3,0,0,0,3,0,1.0000
4,224.0000,26,2,924.7115,-87.7419,-0.3786,3,0.0750,1.0000,8,8,8,0,0,8,8,0.0000
4,224.0000,26,4,460.0952,-83.2847,0.5442,13,0.3250,1.0000,8,7,6,0,0,7,6,0.1429
4,224.0000,26,5,211.6624,-75.4481,0.1782,34,0.8500,0.2000,5,5,1,0,0,5,1,0.8000
4,224.0000,26,7,816.8888,-87.8262,1.8269,4,0.1000,1.0000,8,8,8,0,0,8,8,0.0000
4,224.0000,26,8,577.7425,-84.5863,-0.1644,11,0.2750,1.0000,8,6,4,0,0,6,4,0.3333
4,224.0000,26,10,739.9818,-87.1199,1.3647,7,0.1750,0.8571,7,7,6,0,0,7,6,0.1429
4,224.0000,26,11,777.1884,-88.1402,-0.7134,6,0.1500,0.7143,7,8,8,0,0,8,8,0.0000
4,224.0000,26,12,667.1488,-87.0423,-0.5858,7,0.1750,0.8571,7,7,6,0,0,7,6,0.1429
4,224.0000,26,13,378.0009,-80.9200,0.9898,19,0.4750,0.7143,7,6,3,0,0,6,3,0.5000
4,224.0000,26,14,682.3552,-87.1251,-0.2647,7,0.1750,1.0000,8,8,8,0,0,8,8,0.0000
4,224.0000,26,16,964.6411,-88.8817,0.5215,3,0.0750,1.0000,6,6,6,0,0,6,6,0.0000
4,224.0000,26,17,868.4166,-88.3808,0.0562,4,0.1000,1.0000,6,6,5,0,0,6,5,0.1667
4,224.0000,26,19,1163.2245,-88.9129,1.0502,3,0.0750,1.0000,6,4,4,0,0,4,4,0.0000
4,224.0000,26,20,908.8096,-87.4586,1.3400,3,0.0750,0.8750,8,8,8,0,0,8,8,0.0000
4,224.0000,26,22,1055.0740,-88.2459,-1.2295,3,0.0750,1.0000,6,6,6,0,0,6,6,0.0000
4,224.0000,26,23,1070.3007,-88.7757,0.5772,3,0.0750,1.0000,4,6,6,0,0,6,6,0.0000
4,224.0000,26,24,832.5210,-88.8613,0.5802,5,0.1250,0.8571,7,7,7,0,0,7,7,0.0000
4,224.0000,26,29,111.5397,-69.3280,0.1973,37,0.9250,0.0000,4,4,0,0,0,4,0,1.0000
4,224.0000,26,31,329.3269,-80.1843,0.9205,22,0.5500,0.4000,5,5,2,0,0,5,2,0.6000
4,224.0000,26,34,424.9248,-82.8268,0.0651,17,0.4250,0.8750,8,7,4,0,0,7,4,0.4286
4,224.0000,26,35,884.3543,-88.2087,0.6170,6,0.1500,1.0000,4,8,8,0,0,8,8,0.0000
4,224.0000,26,37,871.1867,-88.9338,0.6725,3,0.0750,1.0000,6,7,6,0,0,7,6,0.1429
4,224.0000,26,38,1063.3647,-88.9074,-0.4704,5,0.1250,,0,8,8,0,0,8,8,0.0000
4,224.0000,26,41,760.2341,-86.8994,-0.9235,9,0.2250,1.0000,8,8,7,0,0,8,7,0.1250
4,224.0000,26,42,361.6460,-81.8546,0.7630,24,0.6000,1.0000,8,5,1,0,0,5,1,0.8000
4,224.0000,26,43,822.2343,-88.4551,0.0928,7,0.1750,0.5000,2,7,6,0,0,7,6,0.1429
4,224.0000,26,46,843.5079,-87.2148,1.0442,7,0.1750,0.6667,6,8,8,0,0,8,8,0.0000
4,224.0000,27,0,413.8301,-80.3283,-1.3051,34,0.8500,0.7143,7,8,7,0,0,8,7,0.1250
4,224.0000,27,1,514.8960,-83.7538,-0.5111,27,0.6750,0.7500,8,5,3,0,0,5,3,0.4000
4,224.0000,27,9,490.6473,-83.1874,-0.5462,35,0.8750,0.4000,5,7,4,0,0,7,4,0.4286
4,224.0000,27,12,808.1386,-85.9884,0.5324,7,0.1750,1.0000,8,8,8,0,0,8,8,0.0000
4,224.0000,27,13,735.7868,-86.0082,0.4365,7,0.1750,0.8571,7,8,7,0,0,8,7,0.1250
4,224.0000,27,15,812.3325,-87.9567,1.1005,6,0.1500,1.0000,8,8,8,0,0,8,8,0.0000
4,224.0000,27,18,471.9363,-82.4616,-0.8944,32,0.8000,0.7778,9,6,5,0,0,6,5,0.1667
4,224.0000,27,19,431.1345,-83.0878,0.3613,23,0.5750,0.8750,8,6,3,0,0,6,3,0.5000
4,224.0000,27,21,477.8081,-82.9373,0.5565,31,0.7750,0.2857,7,7,4,0,0,7,4,0.4286
4,224.0000,27,25,444.9508,-83.3627,-0.0909,31,0.7750,0.0000,4,5,2,0,0,5,2,0.6000
4,224.0000,27,28,332.2687,-81.2309,0.9247,30,0.7500,0.7143,7,6,2,0,0,6,2,0.6667
4,224.0000,27,30,533.1670,-84.2774,-0.0315,25,0.6250,0.6667,6,6,4,0,0,6,4,0.3333
4,224.0000,27,31,767.9640,-86.7128,-0.6877,7,0.1750,0.8000,5,8,8,0,0,8,8,0.0000
4,224.0000,27,32,528.2638,-84.6648,0.0200,23,0.5750,0.0000,4,7,6,0,0,7,6,0.1429
4,224.0000,27,34,830.4762,-88.0100,0.1476,7,0.1750,0.8571,7,8,8,0,0,8,8,0.0000
4,224.0000,27,36,558.3243,-84.8718,0.3268,24,0.6000,1.0000,8,6,4,0,0,6,4,0.3333
4,224.0000,27,39,248.4468,-78.3033,0.4791,37,0.9250,0.2000,5,4,0,0,0,4,0,1.0000
4,224.0000,27,40,488.1648,-82.7755,-0.7095,31,0.7750,0.5000,6,7,4,0,0,7,4,0.4286
4,224.0000,27,44,577.5555,-85.1304,-0.4042,23,0.5750,0.6250,8,7,6,0,0,7,6,0.1429
4,224.0000,27,45,417.2583,-83.2759,0.4685,29,0.7250,0.6667,6,7,6,0,0,7,6,0.1429
4,224.0000,27,46,255.8570,-78.7043,1.0999,33,0.8250,0.2000,5,7,3,0,0,7,3,0.5714
4,224.0000,28,0,667.7459,-85.3341,-0.5909,17,0.4250,0.7143,7,7,6,0,0,7,6,0.1429
4,224.0000,28,1,773.5601,-88.2970,-0.2387,12,0.3000,0.8000,5,7,6,0,0,7,6,0.1429
4,224.0000,28,5,1037.4022,-88.6165,-0.1857,3,0.0750,1.0000,8,4,4,0,0,4,4,0.0000
4,224.0000,28,8,926.6938,-87.4158,-1.9367,5,0.1250,1.0000,8,6,6,0,0,6,6,0.0000
4,224.0000,28,9,743.5376,-87.3147,-0.2136,10,0.2500,0.6667,3,7,6,0,0,7,6,0.1429
4,224.0000,28,12,750.6340,-85.8856,-0.8772,13,0.3250,1.0000,8,8,8,0,0,8,8,0.0000
4,224.0000,28,13,793.0019,-87.1032,-0.3975,10,0.2500,1.0000,8,8,8,0,0,8,8,0.0000
4,224.0000,28,15,586.8392,-86.0462,0.8296,14,0.3500,1.0000,8,7,6,0,0,7,6,0.1429
4,224.0000,28,18,716.7130,-86.1895,0.1382,13,0.3250,0.8333,6,7,6,0,0,7,6,0.1429
4,224.0000,28,19,108.7426,-72.0691,1.7834,40,1.0000,0.2000,5,5,1,0,0,5,1,0.8000
4,224.0000,28,21,488.6145,-84.0719,0.0331,25,0.6250,0.3333,6,6,3,0,0,6,3,0.5000
4,224.0000,28,25,665.9981,-86.8061,0.4252,17,0.4250,0.8571,7,6,4,0,0,6,4,0.3333
4,224.0000,28,27,332.2687,-80.9017,-0.0627,28,0.7000,0.2000,5,5,2,0,0,5,2,0.6000
4,224.0000,28,30,276.3198,-77.7904,-0.3211,40,1.0000,0.0000,4,5,1,0,0,5,1,0.8000
4,224.0000,28,31,845.9649,-87.0466,0.3698,8,0.2000,1.0000,8,8,8,0,0,8,8,0.0000
4,224.0000,28,32,442.7364,-84.9312,0.0767,23,0.5750,0.8571,7,6,2,0,0,6,2,0.6667
4,224.0000,28,34,839.0916,-87.9519,-0.3143,9,0.2250,1.0000,8,8,8,0,0,8,8,0.0000
4,224.0000,28,36,339.9807,-83.0069,0.2388,32,0.8000,0.5714,7,4,0,0,0,4,0,1.0000
4,224.0000,28,39,138.5651,-72.7824,0.5400,38,0.9500,0.2000,5,4,0,0,0,4,0,1.0000
4,224.0000,28,40,806.8583,-87.0839,-0.0948,13,0.3250,1.0000,8,5,3,0,0,5,3,0.4000
4,224.0000,28,44,463.9410,-83.4700,-0.5145,26,0.6500,0.5000,6,7,6,0,0,7,6,0.1429
4,224.0000,28,45,322.8925,-79.3800,-0.7369,32,0.8000,0.0000,4,6,3,0,0,6,3,0.5000
4,224.0000,28,46,456.5176,-81.8918,-0.1775,21,0.5250,0.2000,5,7,6,0,0,7,6,0.1429
4,224.0000,29,4,523.4351,-85.3621,-0.2408,9,0.2250,0.6250,8,8,8,0,0,8,8,0.0000
4,224.0000,29,5,181.3970,-73.2551,0.0380,35,0.8750,0.4000,5,4,0,0,0,4,0,1.0000
4,224.0000,29,7,814.0185,-86.9044,0.2800,7,0.1750,0.8571,7,8,8,0,0,8,8,0.0000
4,224.0000,29,8,645.8961,-84.6536,0.3464,11,0.2750,0.8571,7,7,6,0,0,7,6,0.1429
4,224.0000,29,10,732.6298,-87.4184,0.9855,10,0.2500,0.9934,152,8,8,12,12,20,20,0.0000
4,224.0000,29,11,766.8139,-87.8822,-0.1532,8,0.2000,1.0000,8,8,8,0,0,8,8,0.0000
4,224.0000,29,12,728.4250,-86.8697,1.4744,9,0.2250,1.0000,8,8,8,0,0,8,8,0.0000
4,224.0000,29,13,412.5069,-82.4489,0.8332,21,0.5250,0.8750,8,7,5,0,0,7,5,0.2857
4,224.0000,29,14,634.6094,-85.6123,1.3801,7,0.1750,1.0000,8,7,5,56,51,63,56,0.1111
4,224.0000,29,16,960.1276,-88.1031,-0.6439,8,0.2000,1.0000,6,4,4,0,0,4,4,0.0000
4,224.0000,29,17,890.3122,-87.5913,0.4841,3,0.0750,1.0000,4,8,8,0,0,8,8,0.0000
4,224.0000,29,20,953.2365,-88.2181,0.7208,3,0.0750,1.0000,4,7,6,0,0,7,6,0.1429
4,224.0000,29,22,1091.2767,-89.3720,0.0364,3,0.0750,1.0000,4,8,8,0,0,8,8,0.0000
4,224.0000,29,24,832.9560,-87.4944,-0.7995,5,0.1250,1.0000,8,8,8,0,0,8,8,0.0000
4,224.0000,29,26,111.5397,-69.7913,-0.5586,37,0.9250,0.0000,4,5,1,0,0,5,1,0.8000
4,224.0000,29,31,345.5816,-80.6221,-0.2132,25,0.6250,0.5000,6,5,1,0,0,5,1,0.8000
4,224.0000,29,34,424.5965,-81.2551,-0.1560,20,0.5000,0.5000,6,6,4,0,0,6,4,0.3333
4,224.0000,29,35,858.4478,-87.5988,-0.0191,4,0.1000,1.0000,8,8,7,0,0,8,7,0.1250
4,224.0000,29,37,849.7759,-88.0762,-1.4254,5,0.1250,1.0000,6,8,8,0,0,8,8,0.0000
4,224.0000,29,41,788.7117,-87.1833,0.1601,6,0.1500,1.0000,8,8,8,0,0,8,8,0.0000
4,224.0000,29,42,384.2686,-82.1004,0.0051,20,0.5000,0.7500,8,8,7,0,0,8,7,0.1250
4,224.0000,29,43,855.5386,-87.2852,1.1967,5,0.1250,1.0000,8,8,8,0,0,8,8,0.0000
4,224.0000,29,46,865.2639,-85.8869,-0.6324,6,0.1500,0.8571,7,8,8,0,0,8,8,0.0000
4,224.0000,30,0,802.0742,-86.6485,0.1367,6,0.1500,0.8571,7,8,8,0,0,8,8,0.0000
4,224.0000,30,1,965.2406,-86.6030,0.3711,3,0.0750,1.0000,4,8,8,0,0,8,8,0.0000
4,224.0000,30,9,889.8660,-87.6152,-0.0706,7,0.1750,1.0000,4,8,8,0,0,8,8,0.0000
4,224.0000,30,15,623.4342,-84.7962,0.3879,9,0.2250,0.8571,7,7,6,0,0,7,6,0.1429
4,224.0000,30,18,967.9324,-87.7177,-0.1218,6,0.1500,,0,4,4,0,0,4,4,0.0000
4,224.0000,30,19,259.7486,-76.1311,-0.4706,35,0.8750,0.0000,4,4,0,0,0,4,0,1.0000
4,224.0000,30,21,434.4969,-82.5508,-0.2976,24,0.6000,1.0000,8,8,7,0,0,8,7,0.1250
4,224.0000,30,25,825.6652,-87.4653,0.1274,10,0.2500,1.0000,6,7,6,0,0,7,6,0.1429
4,224.0000,30,27,533.1670,-84.1255,0.4305,17,0.4250,0.7143,7,6,4,0,0,6,4,0.3333
4,224.0000,30,28,276.3198,-78.7874,0.2127,30,0.7500,0.4286,7,6,2,0,0,6,2,0.6667
4,224.0000,30,32,460.9278,-84.6273,0.1232,19,0.4750,1.0000,8,6,3,0,0,6,3,0.5000
4,224.0000,30,36,207.4726,-78.5848,0.9112,33,0.8250,0.0000,4,4,0,0,0,4,0,1.0000
4,224.0000,30,39,403.6822,-82.0489,0.0811,18,0.4500,0.8571,7,5,2,0,0,5,2,0.6000
4,224.0000,30,40,989.1803,-86.9413,-0.1074,5,0.1250,0.8333,6,8,8,0,0,8,8,0.0000
4,224.0000,30,44,386.8384,-81.1720,-0.3238,33,0.8250,0.0000,4,4,0,0,0,4,0,1.0000
4,224.0000,30,45,315.3755,-76.3511,-1.4527,36,0.9000,0.2000,5,6,3,0,0,6,3,0.5000
4,224.0000,30,46,707.0054,-85.9862,-0.4399,9,0.2250,0.8750,8,8,8,0,0,8,8,0.0000
4,224.0000,31,0,1114.5624,-88.7247,0.1953,4,0.1000,1.0000,4,8,8,0,0,8,8,0.0000
4,224.0000,31,1,1097.0230,-87.9706,-0.3474,3,0.0750,1.0000,2,2,2,0,0,2,2,0.0000
4,224.0000,31,4,671.8168,-85.3745,-0.8374,7,0.1750,1.0000,8,8,8,0,0,8,8,0.0000
4,224.0000,31,5,199.2936,-75.8552,-0.1923,35,0.8750,0.0000,3,7,3,0,0,7,3,0.5714
4,224.0000,31,6,1025.8441,-87.7824,-0.1850,4,0.1000,1.0000,4,6,6,0,0,6,6,0.0000
4,224.0000,31,7,888.9369,-88.0304,0.2335,5,0.1250,1.0000,8,6,6,0,0,6,6,0.0000
4,224.0000,31,8,491.1334,-81.5504,-0.5527,20,0.5000,0.6667,6,7,6,0,0,7,6,0.1429
4,224.0000,31,10,998.6531,-88.5347,0.6103,3,0.0750,1.0000,8,6,6,0,0,6,6,0.0000
4,224.0000,31,11,951.9729,-87.8930,-0.2608,3,0.0750,1.0000,8,8,8,0,0,8,8,0.0000
4,224.0000,31,12,487.0370,-82.9633,-0.0380,18,0.4500,0.6667,6,9,6,0,0,9,6,0.3333
4,224.0000,31,13,96.9933,-68.0955,0.0520,34,0.8500,0.1798,89,4,0,78,8,82,8,0.9024
4,224.0000,31,14,924.4117,-86.7298,0.9331,5,0.1250,1.0000,10,2,2,0,0,2,2,0.0000
4,224.0000,31,15,743.9302,-85.4562,0.1741,14,0.3500,1.0000,8,5,4,0,0,5,4,0.2000
4,224.0000,31,18,816.6778,-88.0615,-0.0790,4,0.1000,1.0000,8,8,8,0,0,8,8,0.0000
4,224.0000,31,19,848.1359,-87.6449,-0.0697,5,0.1250,1.0000,8,8,8,0,0,8,8,0.0000
4,224.0000,31,24,905.8752,-87.8181,0.0535,3,0.0750,1.0000,8,8,8,0,0,8,8,0.0000
4,224.0000,31,26,329.3269,-80.6096,-0.0405,29,0.7250,0.7143,7,5,1,0,0,5,1,0.8000
4,224.0000,31,27,767.9640,-85.6771,1.2489,5,0.1250,1.0000,8,8,8,0,0,8,8,0.0000
4,224.0000,31,28,845.9649,-86.8925,-0.1209,4,0.1000,1.0000,8,6,6,0,0,6,6,0.0000
4,224.0000,31,29,345.5816,-79.8222,0.2444,31,0.7750,0.7500,8,5,1,0,0,5,1,0.8000
4,224.0000,31,34,176.0879,-72.7662,-0.5648,33,0.8250,0.0000,4,7,4,0,0,7,4,0.4286
4,224.0000,31,37,1078.1480,-87.9390,0.3212,4,0.1000,1.0000,6,2,2,0,0,2,2,0.0000
4,224.0000,31,39,811.0731,-85.0627,0.0762,7,0.1750,1.0000,8,8,8,0,0,8,8,0.0000
4,224.0000,31,40,995.8558,-88.8676,-0.2171,3,0.0750,1.0000,2,4,4,0,0,4,4,0.0000
4,224.0000,31,42,681.7732,-87.0218,-0.3634,6,0.1500,1.0000,8,8,8,0,0,8,8,0.0000
4,224.0000,31,43,878.6153,-87.1063,-0.1283,3,0.0750,1.0000,8,8,8,0,0,8,8,0.0000
4,224.0000,31,45,806.4675,-86.8248,1.2360,4,0.1000,1.0000,8,8,8,0,0,8,8,0.0000
4,224.0000,31,46,559.7062,-83.5795,-0.2701,19,0.4750,1.0000,8,8,7,0,0,8,7,0.1250
4,224.0000,32,0,549.3077,-83.8289,-1.2179,24,0.6000,0.7143,7,7,4,0,0,7,4,0.4286
4,224.0000,32,1,689.3181,-85.6370,0.4241,17,0.4250,0.7143,7,8,8,0,0,8,8,0.0000
4,224.0000,32,9,604.2315,-85.4761,-0.0728,11,0.2750,0.8571,7,6,4,0,0,6,4,0.3333
4,224.0000,32,18,813.2586,-88.2822,0.4038,7,0.1750,1.0000,8,8,8,0,0,8,8,0.0000
4,224.0000,32,19,510.9561,-83.1949,1.2552,16,0.4000,0.6667,6,6,3,0,0,6,3,0.5000
4,224.0000,32,21,319.4381,-80.6282,0.4997,35,0.8750,0.2000,5,4,0,0,0,4,0,1.0000
4,224.0000,32,25,521.1598,-83.9070,-0.6026,23,0.5750,0.5000,6,6,3,0,0,6,3,0.5000
4,224.0000,32,27,528.2638,-84.2753,-0.7193,21,0.5250,0.7143,7,8,7,0,0,8,7,0.1250
4,224.0000,32,28,442.7364,-83.6581,0.7615,17,0.4250,0.6667,6,5,2,0,0,5,2,0.6000
4,224.0000,32,30,460.9278,-84.4868,0.7695,19,0.4750,0.8750,8,5,2,0,0,5,2,0.6000
4,224.0000,32,36,280.2341,-80.4390,0.1841,33,0.8250,0.0000,4,5,1,0,0,5,1,0.8000
4,224.0000,32,39,437.1384,-83.6879,0.4950,18,0.4500,0.8750,8,5,2,0,0,5,2,0.6000
4,224.0000,32,40,808.3759,-86.0234,0.1841,13,0.3250,0.8750,8,7,6,0,0,7,6,0.1429
4,224.0000,32,44,161.4703,-76.2512,1.2066,36,0.9000,0.0000,4,4,0,0,0,4,0,1.0000
4,224.0000,32,45,652.1952,-85.6591,-0.1981,15,0.3750,0.8750,8,7,6,0,0,7,6,0.1429
4,224.0000,32,46,735.0202,-86.0144,0.1478,9,0.2250,0.8750,8,7,6,0,0,7,6,0.1429
4,224.0000,33,2,254.0029,-80.0012,1.7655,22,0.5500,0.4286,7,4,0,0,0,4,0,1.0000
4,224.0000,33,3,206.9228,-75.6775,-0.4928,36,0.9000,0.0000,4,4,0,0,0,4,0,1.0000
4,224.0000,33,4,745.6550,-87.3891,-0.1389,6,0.1500,1.0000,8,8,7,0,0,8,7,0.1250
4,224.0000,33,6,238.3948,-76.8803,-0.1378,34,0.8500,0.5000,6,5,1,0,0,5,1,0.8000
4,224.0000,33,7,333.9663,-82.7813,0.8823,19,0.4750,0.7500,8,4,1,0,0,4,1,0.7500
4,224.0000,33,10,760.9088,-86.1186,-0.3997,9,0.2250,1.0000,8,7,6,0,0,7,6,0.1429
4,224.0000,33,11,506.0658,-83.4614,-0.2534,13,0.3250,0.4000,5,8,6,0,0,8,6,0.2500
4,224.0000,33,12,960.0694,-87.7132,-1.1557,3,0.0750,1.0000,4,8,8,0,0,8,8,0.0000
4,224.0000,33,14,895.8571,-86.2758,-0.6724,7,0.1750,1.0000,8,8,8,0,0,8,8,0.0000
4,224.0000,33,16,687.6430,-86.8761,-0.2028,10,0.2500,1.0000,8,7,5,0,0,7,5,0.2857
4,224.0000,33,17,645.2306,-86.3193,0.5467,13,0.3250,1.0000,8,6,4,0,0,6,4,0.3333
4,224.0000,33,20,485.4268,-83.3250,0.0982,17,0.4250,0.2000,5,7,5,0,0,7,5,0.2857
4,224.0000,33,22,238.2616,-78.2682,0.7375,31,0.7750,0.5000,6,4,0,0,0,4,0,1.0000
4,224.0000,33,23,214.3762,-76.2280,0.1859,37,0.9250,0.4000,5,4,0,0,0,4,0,1.0000
4,224.0000,33,24,305.1156,-80.8920,0.3880,24,0.6000,0.5000,6,5,1,0,0,5,1,0.8000
4,224.0000,33,35,819.7597,-86.5307,-0.0672,10,0.2500,1.0000,8,7,5,0,0,7,5,0.2857
4,224.0000,33,37,637.1647,-84.6681,-0.2936,14,0.3500,1.0000,8,8,8,0,0,8,8,0.0000
4,224.0000,33,38,219.3458,-78.2713,1.2204,30,0.7500,0.3333,6,4,0,0,0,4,0,1.0000
4,224.0000,33,41,360.4026,-80.9378,0.8469,23,0.5750,0.6667,6,4,1,0,0,4,1,0.7500
4,224.0000,33,43,301.0831,-79.3960,0.2717,25,0.6250,0.7143,7,4,0,0,0,4,0,1.0000
4,224.0000,33,47,185.8672,-77.1633,1.1979,34,0.8500,0.1667,6,4,0,0,0,4,0,1.0000
4,224.0000,34,4,677.7236,-86.4490,-0.4529,5,0.1250,0.8571,7,8,8,0,0,8,8,0.0000
4,224.0000,34,5,245.4329,-78.9390,0.9313,30,0.7500,0.2000,5,5,1,0,0,5,1,0.8000
4,224.0000,34,7,775.8607,-87.0876,0.0492,7,0.1750,0.8571,7,8,6,0,0,8,6,0.2500
4,224.0000,34,8,437.5349,-81.9589,-0.4375,15,0.3750,0.4000,5,7,6,0,0,7,6,0.1429
4,224.0000,34,12,427.5848,-82.7716,-0.2044,16,0.4000,1.0000,6,7,4,0,0,7,4,0.4286
4,224.0000,34,13,164.9377,-72.3415,-0.9729,35,0.8750,0.0000,4,4,0,0,0,4,0,1.0000
4,224.0000,34,14,904.5931,-87.9056,10.2929,3,0.0750,1.0000,4,6,6,0,0,6,6,0.0000
4,224.0000,34,15,630.0812,-84.2003,0.5858,14,0.3500,0.7143,7,8,7,0,0,8,7,0.1250
4,224.0000,34,18,913.9196,-87.0474,0.2693,7,0.1750,1.0000,4,8,8,0,0,8,8,0.0000
4,224.0000,34,19,819.2404,-86.3929,0.8314,8,0.2000,1.0000,6,2,2,0,0,2,2,0.0000
4,224.0000,34,20,751.6168,-86.3411,0.4260,8,0.2000,1.0000,8,7,4,0,0,7,4,0.4286
4,224.0000,34,22,1083.7685,-89.0100,0.4609,3,0.0750,1.0000,6,8,8,0,0,8,8,0.0000
4,224.0000,34,24,793.8150,-88.5995,0.3248,3,0.0750,0.8571,7,8,8,0,0,8,8,0.0000
4,224.0000,34,26,424.9248,-82.3070,0.6780,23,0.5750,0.6667,6,7,6,0,0,7,6,0.1429
4,224.0000,34,27,830.4762,-86.3476,-0.1083,11,0.2750,1.0000,8,8,8,0,0,8,8,0.0000
4,224.0000,34,28,839.0916,-86.4140,-0.2793,7,0.1750,0.8571,7,8,7,0,0,8,7,0.1250
4,224.0000,34,29,424.5965,-83.2597,-0.1315,20,0.5000,0.6667,6,7,6,0,0,7,6,0.1429
4,224.0000,34,31,176.0879,-72.3603,-0.7177,35,0.8750,0.2000,5,6,2,0,0,6,2,0.6667
4,224.0000,34,36,1168.8814,-88.8547,0.1124,3,0.0750,,0,4,4,0,0,4,4,0.0000
4,224.0000,34,38,1077.5646,-89.0067,0.4235,3,0.0750,1.0000,6,8,8,0,0,8,8,0.0000
4,224.0000,34,39,822.6331,-86.0611,-0.2523,10,0.2500,1.0000,10,8,8,0,0,8,8,0.0000
4,224.0000,34,41,697.0322,-86.3937,0.2567,7,0.1750,1.0000,8,8,8,0,0,8,8,0.0000
4,224.0000,34,42,738.0049,-87.4307,-0.0308,7,0.1750,0.7143,7,7,6,0,0,7,6,0.1429
4,224.0000,34,43,780.9755,-87.1163,-0.2204,5,0.1250,0.8750,8,6,6,0,0,6,6,0.0000
4,224.0000,34,45,814.0074,-86.8005,-0.2356,5,0.1250,1.0000,8,4,4,0,0,4,4,0.0000
4,224.0000,34,46,634.8510,-84.2342,-0.5016,15,0.3750,1.0000,8,8,7,0,0,8,7,0.1250
4,224.0000,35,2,621.8493,-84.5228,-0.9514,16,0.4000,1.0000,8,8,8,0,0,8,8,0.0000
4,224.0000,35,3,768.8366,-86.0575,0.7631,7,0.1750,1.0000,8,8,8,0,0,8,8,0.0000
4,224.0000,35,4,675.6925,-86.5505,0.7743,9,0.2250,1.0000,8,8,8,0,0,8,8,0.0000
4,224.0000,35,6,748.2280,-86.3307,-0.0492,11,0.2750,1.0000,8,8,8,0,0,8,8,0.0000
4,224.0000,35,7,644.6167,-84.2741,-0.2248,17,0.4250,0.8000,5,9,8,0,0,9,8,0.1111
4,224.0000,35,10,191.0478,-75.4647,0.5666,31,0.7750,0.0000,4,5,1,0,0,5,1,0.8000
4,224.0000,35,11,350.6120,-79.9562,-0.5537,21,0.5250,0.8571,7,5,1,0,0,5,1,0.8000
4,224.0000,35,14,265.6939,-77.1784,-0.6599,31,0.7750,0.0000,4,6,3,0,0,6,3,0.5000
4,224.0000,35,16,216.8688,-73.8593,-0.8388,35,0.8750,0.0000,4,6,4,0,0,6,4,0.3333
4,224.0000,35,17,384.0104,-81.0806,-0.1064,26,0.6500,0.2000,5,6,4,0,0,6,4,0.3333
4,224.0000,35,22,787.8119,-87.2230,-1.3089,8,0.2000,1.0000,8,8,7,0,0,8,7,0.1250
4,224.0000,35,23,838.6019,-87.5007,0.0655,10,0.2500,0.8750,8,8,8,0,0,8,8,0.0000
4,224.0000,35,24,652.1588,-84.3870,-0.5404,16,0.4000,0.8750,8,8,8,0,0,8,8,0.0000
4,224.0000,35,29,858.4478,-87.7432,-0.4551,5,0.1250,1.0000,8,8,8,0,0,8,8,0.0000
4,224.0000,35,33,819.7597,-86.2600,-0.5810,7,0.1750,1.0000,8,8,8,0,0,8,8,0.0000
4,224.0000,35,37,193.5116,-75.6093,0.6028,30,0.7500,0.2000,5,6,1,0,0,6,1,0.8333
4,224.0000,35,38,630.0812,-85.2835,-1.2336,13,0.3250,0.8750,8,8,8,0,0,8,8,0.0000
4,224.0000,35,41,796.8003,-85.7991,-0.1701,8,0.2000,1.0000,8,8,8,0,0,8,8,0.0000
4,224.0000,35,42,611.5297,-85.3924,0.1655,13,0.3250,0.8571,7,7,5,0,0,7,5,0.2857
4,224.0000,35,43,798.4457,-87.3856,0.0982,7,0.1750,1.0000,8,7,6,0,0,7,6,0.1429
4,224.0000,35,47,757.8429,-87.4584,0.0570,11,0.2750,1.0000,8,8,8,0,0,8,8,0.0000
4,224.0000,36,0,728.8123,-86.2544,0.0790,13,0.3250,0.4000,5,8,7,0,0,8,7,0.1250
4,224.0000,36,1,892.0618,-87.8099,0.2420,5,0.1250,1.0000,8,8,8,0,0,8,8,0.0000
4,224.0000,36,9,806.4187,-87.2416,-0.4679,6,0.1500,1.0000,8,8,7,0,0,8,7,0.1250
4,224.0000,36,15,799.5898,-87.7597,0.3853,7,0.1750,1.0000,8,8,8,0,0,8,8,0.0000
4,224.0000,36,18,949.6645,-89.4679,0.0169,3,0.0750,1.0000,8,6,6,0,0,6,6,0.0000
4,224.0000,36,19,361.1775,-81.3705,1.1646,22,0.5500,0.5000,6,4,0,0,0,4,0,1.0000
4,224.0000,36,21,345.4815,-81.3985,-0.4173,29,0.7250,0.5714,7,6,2,0,0,6,2,0.6667
4,224.0000,36,25,733.8189,-86.9756,1.1091,12,0.3000,0.8571,7,7,6,0,0,7,6,0.1429
4,224.0000,36,27,558.3243,-84.9873,-1.0541,11,0.2750,0.8000,10,7,5,0,0,7,5,0.2857
4,224.0000,36,28,339.9807,-82.4087,0.3783,18,0.4500,0.6667,6,4,0,0,0,4,0,1.0000
4,224.0000,36,30,207.4726,-78.7830,1.9486,27,0.6750,0.2000,5,4,0,0,0,4,0,1.0000
4,224.0000,36,32,280.2341,-79.6351,0.4911,31,0.7750,0.0000,3,5,1,0,0,5,1,0.8000
4,224.0000,36,39,422.9524,-82.9211,1.0992,16,0.4000,0.7143,7,6,4,0,0,6,4,0.3333
4,224.0000,36,40,958.6733,-88.7037,-0.5802,3,0.0750,0.8750,8,8,8,0,0,8,8,0.0000
4,224.0000,36,44,199.5745,-72.1102,-1.3731,33,0.8250,0.0000,4,5,1,0,0,5,1,0.8000
4,224.0000,36,45,482.6112,-82.3762,0.1869,16,0.4000,0.7143,7,8,6,0,0,8,6,0.2500
4,224.0000,36,46,759.3686,-87.6764,0.2832,5,0.1250,1.0000,8,7,6,0,0,7,6,0.1429
4,224.0000,37,2,462.0267,-81.3594,-0.9000,22,0.5500,0.7143,7,8,8,0,0,8,8,0.0000
4,224.0000,37,3,600.4274,-85.3519,-0.1315,16,0.4000,0.5714,7,6,4,0,0,6,4,0.3333
4,224.0000,37,4,626.7837,-84.2861,0.3755,10,0.2500,0.8571,7,7,6,0,0,7,6,0.1429
4,224.0000,37,5,905.8353,-88.9691,1.0802,3,0.0750,1.0000,2,8,8,0,0,8,8,0.0000
4,224.0000,37,6,556.5904,-84.0045,-0.5973,16,0.4000,0.5000,6,7,6,0,0,7,6,0.1429
4,224.0000,37,7,463.8251,-81.7090,-0.5536,17,0.4250,0.4000,5,6,3,0,0,6,3,0.5000
4,224.0000,37,8,995.9044,-88.6566,1.5549,3,0.0750,1.0000,8,8,8,0,0,8,8,0.0000
4,224.0000,37,10,237.4176,-76.8688,-0.1984,33,0.8250,0.2000,5,4,0,0,0,4,0,1.0000
4,224.0000,37,11,181.4744,-71.5782,-1.2205,32,0.8000,0.2000,5,7,4,0,0,7,4,0.4286
4,224.0000,37,14,327.6484,-79.2769,-0.1828,32,0.8000,0.6000,5,7,4,0,0,7,4,0.4286
4,224.0000,37,16,208.4918,-75.7583,0.1630,35,0.8750,0.3333,6,5,1,0,0,5,1,0.8000
4,224.0000,37,17,355.9063,-80.5916,0.2415,30,0.7500,0.8000,5,4,0,0,0,4,0,1.0000
4,224.0000,37,20,918.9448,-88.9311,0.5481,3,0.0750,1.0000,8,8,8,0,0,8,8,0.0000
4,224.0000,37,22,636.2198,-84.1945,0.3075,14,0.3500,1.0000,8,8,8,0,0,8,8,0.0000
4,224.0000,37,23,681.4173,-84.8183,-0.5450,11,0.2750,0.7143,7,6,3,0,0,6,3,0.5000
4,224.0000,37,24,470.1067,-80.5200,-1.0981,20,0.5000,0.5000,6,7,5,0,0,7,5,0.2857
4,224.0000,37,29,849.7759,-88.4045,-0.2594,4,0.1000,1.0000,8,8,8,0,0,8,8,0.0000
4,224.0000,37,31,1078.1480,-88.0452,0.8046,3,0.0750,1.0000,8,4,4,0,0,4,4,0.0000
4,224.0000,37,33,637.1647,-84.7445,-0.1311,14,0.3500,1.0000,8,8,8,0,0,8,8,0.0000
4,224.0000,37,35,193.5116,-75.5387,0.3467,35,0.8750,0.0000,4,4,0,0,0,4,0,1.0000
4,224.0000,37,38,447.6288,-81.4499,-0.7220,23,0.5750,0.5000,6,8,7,0,0,8,7,0.1250
4,224.0000,37,41,637.3963,-85.7602,-1.0812,12,0.3000,0.8750,8,7,5,0,0,7,5,0.2857
4,224.0000,37,42,651.7701,-85.6969,-0.5086,15,0.3750,0.8750,8,6,3,0,0,6,3,0.5000
4,224.0000,37,43,637.4783,-85.5929,0.0099,11,0.2750,1.0000,8,8,8,0,0,8,8,0.0000
4,224.0000,37,47,572.0091,-83.9087,0.1755,17,0.4250,0.5714,7,7,5,0,0,7,5,0.2857
4,224.0000,38,2,218.6064,-77.5469,0.5286,34,0.8500,0.0000,4,5,1,0,0,5,1,0.8000
4,224.0000,38,3,180.2003,-75.4805,0.4985,38,0.9500,0.2000,5,5,1,0,0,5,1,0.8000
4,224.0000,38,4,727.5686,-86.5025,-0.2393,10,0.2500,0.7143,7,7,6,0,0,7,6,0.1429
4,224.0000,38,5,1058.2214,-88.6575,-0.1284,6,0.1500,1.0000,4,6,6,0,0,6,6,0.0000
4,224.0000,38,6,260.2952,-77.7251,0.3967,32,0.8000,0.2000,5,6,3,0,0,6,3,0.5000
4,224.0000,38,7,310.6469,-80.3722,0.2863,21,0.5250,0.7500,8,4,0,0,0,4,0,1.0000
4,224.0000,38,8,922.5689,-88.3718,0.1363,5,0.1250,1.0000,6,7,6,0,0,7,6,0.1429
4,224.0000,38,10,605.8857,-85.0568,-0.4715,18,0.4500,0.6667,9,7,4,0,0,7,4,0.4286
4,224.0000,38,11,357.1937,-79.5082,-0.6449,25,0.6250,0.5714,7,5,1,0,0,5,1,0.8000
4,224.0000,38,14,739.7426,-86.7056,-0.6337,14,0.3500,1.0000,8,7,6,0,0,7,6,0.1429
4,224.0000,38,16,499.1133,-83.0877,-0.2785,22,0.5500,0.7143,7,6,3,0,0,6,3,0.5000
4,224.0000,38,17,515.6386,-82.8731,-0.0294,21,0.5250,0.6667,6,6,4,0,0,6,4,0.3333
4,224.0000,38,20,656.5255,-86.5449,-0.3363,12,0.3000,1.0000,8,7,6,0,0,7,6,0.1429
4,224.0000,38,22,311.4105,-80.5109,0.8023,28,0.7000,0.6667,6,5,1,0,0,5,1,0.8000
4,224.0000,38,23,332.9236,-80.8962,0.5486,23,0.5750,0.6667,6,4,0,0,0,4,0,1.0000
4,224.0000,38,24,289.6703,-79.1435,0.4322,28,0.7000,0.5714,7,5,1,0,0,5,1,0.8000
4,224.0000,38,33,219.3458,-79.1066,1.4330,30,0.7500,0.5000,6,4,0,0,0,4,0,1.0000
4,224.0000,38,34,1077.5646,-88.6954,0.2882,4,0.1000,1.0000,4,6,6,0,0,6,6,0.0000
4,224.0000,38,35,630.0812,-84.6838,-0.1948,22,0.5500,0.8571,7,7,5,0,0,7,5,0.2857
4,224.0000,38,37,447.6288,-82.6215,-0.3658,23,0.5750,0.4000,5,8,7,0,0,8,7,0.1250
4,224.0000,38,41,447.8656,-84.7395,0.9933,20,0.5000,0.8571,7,4,0,0,0,4,0,1.0000
4,224.0000,38,42,930.8361,-87.6761,0.3986,6,0.1500,1.0000,6,6,6,0,0,6,6,0.0000
4,224.0000,38,43,405.3257,-83.2290,0.3583,21,0.5250,0.7143,7,6,2,0,0,6,2,0.6667
4,224.0000,38,47,141.1331,-73.9565,0.9828,39,0.9750,0.0000,4,4,0,0,0,4,0,1.0000
4,224.0000,39,0,576.8082,-85.2829,-0.2691,26,0.6500,0.5714,7,8,8,0,0,8,8,0.0000
4,224.0000,39,1,651.5022,-85.1633,0.0326,14,0.3500,1.0000,8,6,4,0,0,6,4,0.3333
4,224.0000,39,5,1003.0013,-88.6086,-0.4445,4,0.1000,1.0000,2,8,8,0,0,8,8,0.0000
4,224.0000,39,9,642.7036,-86.3492,0.1123,15,0.3750,1.0000,6,7,6,0,0,7,6,0.1429
4,224.0000,39,12,798.5465,-86.0063,-0.3440,5,0.1250,0.8750,8,8,8,0,0,8,8,0.0000
4,224.0000,39,13,772.0022,-85.4905,0.1050,4,0.1000,0.4000,5,8,7,0,0,8,7,0.1250
4,224.0000,39,15,673.6355,-85.9297,-0.2359,8,0.2000,1.0000,8,8,7,0,0,8,7,0.1250
4,224.0000,39,18,581.9057,-84.7996,0.4729,20,0.5000,1.0000,8,7,6,0,0,7,6,0.1429
4,224.0000,39,19,229.8793,-78.8853,1.4397,38,0.9500,0.0000,4,4,0,0,0,4,0,1.0000
4,224.0000,39,21,508.4833,-84.3461,0.8235,25,0.6250,0.8571,7,4,0,0,0,4,0,1.0000
4,224.0000,39,25,559.6114,-85.6019,0.4606,21,0.5250,0.7143,7,7,6,0,0,7,6,0.1429
4,224.0000,39,27,248.4468,-78.1225,0.6922,29,0.7250,0.4000,5,6,2,0,0,6,2,0.6667
4,224.0000,39,28,138.5651,-72.5250,0.7056,38,0.9500,0.0000,4,4,0,0,0,4,0,1.0000
4,224.0000,39,30,403.6822,-82.0473,-0.9972,31,0.7750,0.8571,7,6,2,0,0,6,2,0.6667
4,224.0000,39,31,811.0731,-85.7346,-1.3225,5,0.1250,1.0000,8,8,8,0,0,8,8,0.0000
4,224.0000,39,32,437.1384,-83.3025,0.5332,29,0.7250,0.2000,5,6,4,0,0,6,4,0.3333
4,224.0000,39,34,822.6331,-86.4454,-1.0625,7,0.1750,1.0000,8,8,8,0,0,8,8,0.0000
4,224.0000,39,36,422.9524,-83.6069,0.1653,29,0.7250,0.7143,7,4,0,0,0,4,0,1.0000
4,224.0000,39,40,696.9926,-86.0007,-0.5503,18,0.4500,1.0000,8,8,6,0,0,8,6,0.2500
4,224.0000,39,44,499.2911,-84.3487,0.1547,22,0.5500,0.8571,7,8,6,0,0,8,6,0.2500
4,224.0000,39,45,409.6909,-81.9164,0.8756,30,0.7500,0.7143,7,7,5,0,0,7,5,0.2857
4,224.0000,39,46,355.2895,-79.3675,-0.7072,34,0.8500,0.6667,6,6,4,0,0,6,4,0.3333
4,224.0000,40,0,292.2947,-79.3678,0.5034,34,0.8500,0.5000,6,4,0,0,0,4,0,1.0000
4,224.0000,40,1,246.0752,-77.9263,0.4602,36,0.9000,0.0000,4,4,0,0,0,4,0,1.0000
4,224.0000,40,9,275.6418,-76.6846,-1.0019,37,0.9250,0.2000,5,4,0,0,0,4,0,1.0000
4,224.0000,40,18,370.1847,-80.4536,-0.3726,33,0.8250,0.2000,5,5,2,0,0,5,2,0.6000
4,224.0000,40,19,910.5605,-87.1252,-2.6207,3,0.0750,1.0000,8,8,7,0,0,8,7,0.1250
4,224.0000,40,21,743.8506,-86.4053,0.0689,15,0.3750,1.0000,8,8,7,0,0,8,7,0.1250
4,224.0000,40,25,338.3076,-81.7550,-0.6431,37,0.9250,0.0000,4,4,0,0,0,4,0,1.0000
4,224.0000,40,27,488.1648,-81.9674,-1.3104,24,0.6000,0.7445,137,6,3,139,120,145,123,0.1517
4,224.0000,40,28,806.8583,-86.1829,-0.0580,9,0.2250,1.0000,8,7,6,0,0,7,6,0.1429
4,224.0000,40,30,989.1803,-87.0680,0.9964,5,0.1250,1.0000,8,8,8,0,0,8,8,0.0000
4,224.0000,40,32,808.3759,-86.3554,-0.2246,15,0.3750,0.8571,7,8,8,0,0,8,8,0.0000
4,224.0000,40,36,958.6733,-86.5129,-0.6927,6,0.1500,1.0000,8,8,8,0,0,8,8,0.0000
4,224.0000,40,39,696.9926,-86.0434,-0.1499,10,0.2500,0.8750,8,7,5,0,0,7,5,0.2857
4,224.0000,40,44,887.4870,-87.4183,-0.1670,11,0.2750,0.8571,7,8,8,0,0,8,8,0.0000
4,224.0000,40,45,870.9119,-86.5829,1.2847,3,0.0750,1.0000,8,8,8,0,0,8,8,0.0000
4,224.0000,40,46,530.7117,-85.3248,-0.2382,16,0.4000,0.8571,7,7,6,0,0,7,6,0.1429
4,224.0000,41,2,328.2377,-81.1843,0.2177,23,0.5750,0.5000,6,7,3,0,0,7,3,0.5714
4,224.0000,41,3,531.7292,-84.5370,0.0098,20,0.5000,1.0000,8,8,7,0,0,8,7,0.1250
4,224.0000,41,4,480.0543,-82.5922,-0.1211,17,0.4250,0.7500,8,7,6,0,0,7,6,0.1429
4,224.0000,41,5,732.5178,-86.9802,1.0088,5,0.1250,0.8750,8,5,4,0,0,5,4,0.2000
4,224.0000,41,6,323.2348,-81.7832,0.4652,25,0.6250,0.2000,5,4,0,0,0,4,0,1.0000
4,224.0000,41,7,248.0116,-78.2502,0.0663,24,0.6000,0.4000,5,6,2,0,0,6,2,0.6667
4,224.0000,41,8,479.6284,-82.9705,0.0268,18,0.4500,0.5000,6,5,4,0,0,5,4,0.2000
4,224.0000,41,10,679.5424,-85.8767,0.0304,12,0.3000,0.8571,7,10,6,0,0,10,6,0.4000
4,224.0000,41,11,457.1635,-82.3085,0.3777,20,0.5000,0.6667,6,5,2,0,0,5,2,0.6000
4,224.0000,41,12,624.0446,-86.1065,0.9940,14,0.3500,0.6667,6,7,6,0,0,7,6,0.1429
4,224.0000,41,13,758.5661,-86.3908,0.2579,8,0.2000,1.0000,8,7,6,0,0,7,6,0.1429
4,224.0000,41,14,773.0449,-87.7135,-0.6516,7,0.1750,0.8750,8,8,6,0,0,8,6,0.2500
4,224.0000,41,15,865.5535,-86.9498,3.2118,3,0.0750,0.8750,8,6,5,0,0,6,5,0.1667
4,224.0000,41,16,726.6991,-85.3603,-0.1218,14,0.3500,0.7143,7,8,7,0,0,8,7,0.1250
4,224.0000,41,17,628.8676,-83.8072,-0.4674,14,0.3500,0.8571,7,7,6,0,0,7,6,0.1429
4,224.0000,41,20,284.3639,-78.4675,-0.0617,35,0.8750,0.5000,6,4,0,0,0,4,0,1.0000
4,224.0000,41,22,400.4852,-81.6256,-0.1734,23,0.5750,0.8571,7,6,4,0,0,6,4,0.3333
4,224.0000,41,23,385.3776,-82.4809,-0.4990,25,0.6250,0.7143,7,7,6,0,0,7,6,0.1429
4,224.0000,41,24,235.5495,-80.0874,1.0126,22,0.5500,0.5000,6,6,2,0,0,6,2,0.6667
4,224.0000,41,26,760.2341,-87.6463,0.3747,6,0.1500,1.0000,8,7,6,0,0,7,6,0.1429
4,224.0000,41,29,788.7117,-86.7237,-0.1795,6,0.1500,0.8571,7,8,8,0,0,8,8,0.0000
4,224.0000,41,31,801.1120,-86.6161,-1.1634,7,0.1750,1.0000,8,6,6,0,0,6,6,0.0000
4,224.0000,41,33,360.4026,-81.3262,0.3960,23,0.5750,0.2000,5,5,2,0,0,5,2,0.6000
4,224.0000,41,34,697.0322,-86.1175,-0.7071,10,0.2500,1.0000,8,7,6,0,0,7,6,0.1429
4,224.0000,41,35,796.8003,-86.4333,-0.0968,11,0.2750,0.7143,7,7,6,0,0,7,6,0.1429
4,224.0000,41,37,637.3963,-85.4413,-1.0697,19,0.4750,0.8750,8,7,6,0,0,7,6,0.1429
4,224.0000,41,38,447.8656,-83.8412,-0.6485,17,0.4250,0.7500,8,5,1,0,0,5,1,0.8000
4,224.0000,41,42,761.4005,-87.0828,0.4157,9,0.2250,0.7143,7,7,6,0,0,7,6,0.1429
4,224.0000,41,43,89.8750,-70.8887,1.2824,33,0.8250,0.2000,5,4,0,0,0,4,0,1.0000
4,224.0000,41,47,491.7485,-84.8526,0.7870,16,0.4000,0.3333,6,7,6,0,0,7,6,0.1429
4,224.0000,42,2,788.4157,-85.1635,0.3033,8,0.2000,1.0000,10,6,6,0,0,6,6,0.0000
4,224.0000,42,4,345.0701,-80.7978,0.0682,19,0.4750,0.8571,7,8,8,0,0,8,8,0.0000
4,224.0000,42,5,530.9926,-85.2708,0.3804,10,0.2500,0.8571,7,8,7,0,0,8,7,0.1250
4,224.0000,42,6,935.9398,-87.5791,-0.5377,5,0.1250,1.0000,8,8,8,0,0,8,8,0.0000
4,224.0000,42,7,772.8907,-86.7948,-1.1369,5,0.1250,1.0000,8,7,6,0,0,7,6,0.1429
4,224.0000,42,10,455.3700,-82.3627,-0.0126,15,0.3750,1.0000,8,8,8,0,0,8,8,0.0000
4,224.0000,42,11,611.1861,-85.5219,-0.1664,11,0.2750,0.6667,6,8,8,0,0,8,8,0.0000
4,224.0000,42,13,715.3854,-87.6126,0.6129,5,0.1250,1.0000,8,8,8,0,0,8,8,0.0000
4,224.0000,42,14,469.1639,-82.3860,0.0648,16,0.4000,0.4000,5,6,4,0,0,6,4,0.3333
4,224.0000,42,16,687.9955,-84.6162,-0.7819,10,0.2500,1.0000,8,8,7,0,0,8,7,0.1250
4,224.0000,42,17,591.6410,-85.1940,-1.0375,9,0.2250,0.6667,6,7,6,0,0,7,6,0.1429
4,224.0000,42,20,977.9386,-88.7055,-0.3154,4,0.1000,1.0000,8,8,8,0,0,8,8,0.0000
4,224.0000,42,22,929.1654,-88.4024,0.4222,5,0.1250,1.0000,8,8,8,0,0,8,8,0.0000
4,224.0000,42,23,963.7325,-88.6781,0.3216,4,0.1000,1.0000,8,8,8,0,0,8,8,0.0000
4,224.0000,42,24,783.3905,-86.8422,-0.6119,7,0.1750,1.0000,8,8,8,0,0,8,8,0.0000
4,224.0000,42,26,361.6460,-82.3994,1.0948,24,0.6000,0.6667,6,5,1,0,0,5,1,0.8000
4,224.0000,42,29,384.2686,-82.0165,0.7144,14,0.3500,0.6667,6,8,7,0,0,8,7,0.1250
4,224.0000,42,31,681.7732,-87.4239,0.5018,4,0.1000,0.7143,7,8,8,0,0,8,8,0.0000
4,224.0000,42,34,738.0049,-86.7701,-0.5792,5,0.1250,0.8571,7,8,8,0,0,8,8,0.0000
4,224.0000,42,35,611.5297,-84.5016,0.0164,12,0.3000,0.7778,9,8,8,0,0,8,8,0.0000
4,224.0000,42,37,651.7701,-85.3269,0.1688,9,0.2250,1.0000,8,8,8,0,0,8,8,0.0000
4,224.0000,42,38,930.8361,-87.6510,0.6315,3,0.0750,1.0000,8,8,8,0,0,8,8,0.0000
4,224.0000,42,41,761.4005,-87.3359,-0.1607,3,0.0750,1.0000,8,8,8,0,0,8,8,0.0000
4,224.0000,42,43,794.0048,-87.2289,-0.0352,5,0.1250,1.0000,8,8,8,0,0,8,8,0.0000
4,224.0000,43,2,268.3933,-80.9665,1.6359,22,0.5500,0.3333,6,5,1,0,0,5,1,0.8000
4,224.0000,43,3,466.1849,-83.7676,0.4516,18,0.4500,0.8571,7,5,2,0,0,5,2,0.6000
4,224.0000,43,4,497.7189,-83.8714,-0.6655,16,0.4000,0.7143,7,7,5,0,0,7,5,0.2857
4,224.0000,43,5,809.6535,-87.5706,0.6419,5,0.1250,0.8750,8,8,8,0,0,8,8,0.0000
4,224.0000,43,6,324.3043,-81.1805,0.6536,22,0.5500,0.6667,6,6,3,0,0,6,3,0.5000
4,224.0000,43,7,275.7872,-80.4611,1.3807,26,0.6500,0.2000,5,5,1,0,0,5,1,0.8000
4,224.0000,43,8,532.7354,-84.5558,-0.1756,10,0.2500,0.8750,8,8,6,0,0,8,6,0.2500
4,224.0000,43,10,681.6037,-86.4921,-0.5723,8,0.2000,0.8571,7,6,6,0,0,6,6,0.0000
4,224.0000,43,11,463.1747,-84.2281,-0.0811,18,0.4500,0.7143,7,5,2,0,0,5,2,0.6000
4,224.0000,43,12,681.5310,-85.5202,-0.5408,9,0.2250,1.0000,8,8,8,0,0,8,8,0.0000
4,224.0000,43,13,834.3544,-86.6887,0.3390,6,0.1500,0.8000,5,8,8,0,0,8,8,0.0000
4,224.0000,43,14,803.4297,-86.1332,0.7964,7,0.1750,0.8750,8,8,7,0,0,8,7,0.1250
4,224.0000,43,15,927.3414,-87.1281,-0.7762,5,0.1250,1.0000,8,4,4,0,0,4,4,0.0000
4,224.0000,43,16,704.6304,-87.8466,0.3081,11,0.2750,0.8571,7,8,8,0,0,8,8,0.0000
4,224.0000,43,17,596.6927,-86.0545,-0.0141,14,0.3500,0.7143,7,7,6,0,0,7,6,0.1429
4,224.0000,43,20,291.5276,-77.2976,-1.2788,34,0.8500,0.0000,4,4,1,0,0,4,1,0.7500
4,224.0000,43,22,314.5780,-79.1392,0.2010,26,0.6500,0.4000,5,6,2,0,0,6,2,0.6667
4,224.0000,43,23,297.5018,-80.0108,-0.5241,28,0.7000,0.7143,7,5,2,0,0,5,2,0.6000
4,224.0000,43,24,254.8367,-80.6259,1.7245,24,0.6000,0.4000,5,4,0,0,0,4,0,1.0000
4,224.0000,43,26,822.2343,-87.5524,4.5619,3,0.0750,1.0000,8,8,8,0,0,8,8,0.0000
4,224.0000,43,29,855.5386,-87.7948,0.1524,4,0.1000,1.0000,4,8,8,0,0,8,8,0.0000
4,224.0000,43,31,878.6153,-87.0193,-0.5778,4,0.1000,1.0000,8,7,5,0,0,7,5,0.2857
4,224.0000,43,33,301.0831,-79.6506,0.1610,28,0.7000,0.4000,5,4,0,0,0,4,0,1.0000
4,224.0000,43,34,780.9755,-87.3688,-0.0048,8,0.2000,1.0000,8,8,8,0,0,8,8,0.0000
4,224.0000,43,35,798.4457,-87.6150,-0.0197,8,0.2000,1.0000,10,6,5,0,0,6,5,0.1667
4,224.0000,43,37,637.4783,-84.9133,-0.1423,15,0.3750,0.8571,7,7,5,0,0,7,5,0.2857
4,224.0000,43,38,405.3257,-82.3890,1.0607,20,0.5000,0.5000,6,5,1,0,0,5,1,0.8000
4,224.0000,43,41,89.8750,-70.5946,1.5348,35,0.8750,0.3333,6,5,1,0,0,5,1,0.8000
4,224.0000,43,42,794.0048,-86.8946,0.5625,6,0.1500,1.0000,8,7,6,0,0,7,6,0.1429
4,224.0000,43,47,449.5922,-83.2089,0.6835,21,0.5250,0.4286,7,6,4,0,0,6,4,0.3333
4,224.0000,44,0,622.8817,-85.1032,-0.6049,15,0.3846,0.7500,8,8,7,0,0,8,7,0.1250
4,224.0000,44,1,802.1006,-86.9064,0.2167,9,0.2308,0.8750,8,8,8,0,0,8,8,0.0000
4,224.0000,44,9,692.8030,-86.0535,0.1518,11,0.2821,0.8750,8,8,7,0,0,8,7,0.1250
4,224.0000,44,18,928.6578,-87.2044,-0.5260,5,0.1282,1.0000,8,6,6,0,0,6,6,0.0000
4,224.0000,44,19,518.7942,-84.1664,-0.1120,15,0.3846,0.7500,8,6,4,0,0,6,4,0.3333
4,224.0000,44,21,242.1919,-77.0910,0.3050,36,0.9231,0.0000,4,4,0,0,0,4,0,1.0000
4,224.0000,44,25,628.2237,-86.1794,0.5073,15,0.3846,1.0000,8,7,6,0,0,7,6,0.1429
4,224.0000,44,27,577.5555,-84.0149,0.1378,15,0.3846,0.8571,7,7,5,0,0,7,5,0.2857
4,224.0000,44,28,463.9410,-82.5653,-0.2003,20,0.5128,0.6667,6,7,6,0,0,7,6,0.1429
4,224.0000,44,30,386.8384,-81.5670,-0.4066,26,0.6667,0.7143,7,5,2,0,0,5,2,0.6000
4,224.0000,44,32,161.4703,-75.8004,1.5102,36,0.9231,0.0000,4,4,0,0,0,4,0,1.0000
4,224.0000,44,36,199.5745,-72.1913,-1.4607,35,0.8974,0.0000,4,4,0,0,0,4,0,1.0000
4,224.0000,44,39,499.2911,-83.7196,-0.4863,12,0.3077,0.2000,5,7,5,0,0,7,5,0.2857
4,224.0000,44,40,887.4870,-87.5238,-0.1033,5,0.1282,0.7143,7,8,8,0,0,8,8,0.0000
4,224.0000,44,45,603.8719,-83.8964,-0.3567,14,0.3590,1.0000,8,9,7,0,0,9,7,0.2222
4,224.0000,45,0,764.2068,-86.1843,0.3172,16,0.4000,0.8571,7,8,8,0,0,8,8,0.0000
4,224.0000,45,1,922.0974,-88.0295,-0.1256,5,0.1250,1.0000,2,8,8,0,0,8,8,0.0000
4,224.0000,45,9,859.2813,-87.4767,-0.4924,9,0.2250,1.0000,8,7,6,0,0,7,6,0.1429
4,224.0000,45,12,584.3158,-85.6133,-1.1575,11,0.2750,0.6667,6,8,8,0,0,8,8,0.0000
4,224.0000,45,13,730.8931,-87.0125,0.6746,7,0.1750,1.0000,10,8,7,0,0,8,7,0.1250
4,224.0000,45,15,557.6000,-84.4740,0.1030,13,0.3250,0.6667,6,8,8,0,0,8,8,0.0000
4,224.0000,45,18,871.9653,-86.6412,-0.8168,6,0.1500,1.0000,2,8,7,0,0,8,7,0.1250
4,224.0000,45,19,333.6381,-79.6375,-0.1438,31,0.7750,0.4000,5,8,5,0,0,8,5,0.3750
4,224.0000,45,21,522.1793,-83.3133,-0.2362,27,0.6750,0.4000,5,7,6,0,0,7,6,0.1429
4,224.0000,45,25,820.6527,-87.6792,-0.1474,8,0.2000,1.0000,8,6,4,0,0,6,4,0.3333
4,224.0000,45,27,417.2583,-82.9664,0.9811,23,0.5750,0.7500,8,7,5,0,0,7,5,0.2857
4,224.0000,45,28,322.8925,-79.7268,-0.2601,32,0.8000,0.4286,7,6,3,0,0,6,3,0.5000
4,224.0000,45,30,315.3755,-77.3807,-1.6744,37,0.9250,0.2000,5,4,0,0,0,4,0,1.0000
4,224.0000,45,31,806.4675,-88.3103,0.0747,5,0.1250,1.0000,8,7,5,0,0,7,5,0.2857
4,224.0000,45,32,652.1952,-85.6649,0.2062,18,0.4500,0.8571,7,8,7,0,0,8,7,0.1250
4,224.0000,45,34,814.0074,-85.5189,-1.5066,3,0.0750,0.8571,7,8,8,0,0,8,8,0.0000
4,224.0000,45,36,482.6112,-83.8041,-0.2624,27,0.6750,0.2000,5,7,3,0,0,7,3,0.5714
4,224.0000,45,39,409.6909,-82.4209,0.4421,27,0.6750,0.7143,7,8,7,0,0,8,7,0.1250
4,224.0000,45,40,870.9119,-87.3307,0.2762,8,0.2000,1.0000,8,8,8,0,0,8,8,0.0000
4,224.0000,45,44,603.8719,-84.1746,-1.0447,22,0.5500,0.5000,6,7,5,0,0,7,5,0.2857
4,224.0000,45,46,550.0303,-84.2657,0.2528,13,0.3250,0.7500,8,8,8,0,0,8,8,0.0000
4,224.0000,46,0,578.2986,-85.7950,0.0846,16,0.4000,0.6667,6,8,8,0,0,8,8,0.0000
4,224.0000,46,1,573.5552,-86.1587,0.4373,12,0.3000,0.8571,7,8,8,0,0,8,8,0.0000
4,224.0000,46,5,747.0723,-85.8008,-0.2807,10,0.2500,0.8571,7,8,8,0,0,8,8,0.0000
4,224.0000,46,8,854.9461,-85.9468,-0.5772,4,0.1000,1.0000,8,6,6,0,0,6,6,0.0000
4,224.0000,46,9,625.2735,-85.4462,-0.2286,15,0.3750,0.8571,7,8,6,0,0,8,6,0.2500
4,224.0000,46,12,732.7136,-85.0232,-0.2268,12,0.3000,1.0000,8,8,7,0,0,8,7,0.1250
4,224.0000,46,13,550.3174,-83.4167,-1.0395,12,0.3000,0.8571,7,5,2,0,0,5,2,0.6000
4,224.0000,46,15,785.3148,-86.0358,-1.0219,8,0.2000,0.8571,7,6,6,0,0,6,6,0.0000
4,224.0000,46,18,365.9770,-82.7460,0.7819,23,0.5750,0.5000,6,7,5,0,0,7,5,0.2857
4,224.0000,46,19,523.9288,-83.9924,-0.3732,20,0.5000,0.8571,7,8,8,0,0,8,8,0.0000
4,224.0000,46,21,732.0045,-87.0614,-0.6849,9,0.2250,0.6667,6,6,4,0,0,6,4,0.3333
4,224.0000,46,25,578.2808,-84.9964,0.2612,19,0.4750,0.8571,7,6,4,0,0,6,4,0.3333
4,224.0000,46,26,843.5079,-87.4242,-1.1817,3,0.0750,1.0000,8,8,8,0,0,8,8,0.0000
4,224.0000,46,27,255.8570,-78.8661,0.7957,26,0.6500,0.2000,5,3,0,0,0,3,0,1.0000
4,224.0000,46,28,456.5176,-82.1575,0.4245,21,0.5250,1.0000,8,6,4,0,0,6,4,0.3333
4,224.0000,46,30,707.0054,-85.7659,-1.1520,15,0.3750,1.0000,8,6,3,0,0,6,3,0.5000
4,224.0000,46,31,559.7062,-83.8366,-0.6882,13,0.3250,0.8750,8,8,6,0,0,8,6,0.2500
4,224.0000,46,32,735.0202,-85.9885,-0.6846,12,0.3000,1.0000,8,8,6,0,0,8,6,0.2500
4,224.0000,46,34,634.8510,-84.6585,-1.0032,13,0.3250,0.8571,7,8,8,0,0,8,8,0.0000
4,224.0000,46,36,759.3686,-87.2318,0.1436,9,0.2250,1.0000,8,7,6,0,0,7,6,0.1429
4,224.0000,46,39,355.2895,-78.5618,-0.3407,28,0.7000,0.5714,7,7,5,0,0,7,5,0.2857
4,224.0000,46,40,530.7117,-84.0540,-0.2205,23,0.5750,1.0000,8,7,6,0,0,7,6,0.1429
4,224.0000,46,44,805.6593,-86.4487,-0.1526,13,0.3250,0.8750,8,6,6,0,0,6,6,0.0000
4,224.0000,46,45,550.0303,-83.6399,0.6621,16,0.4000,1.0000,8,8,6,0,0,8,6,0.2500
4,224.0000,47,2,325.1347,-81.0357,0.9347,27,0.6750,0.7143,7,5,2,0,0,5,2,0.6000
4,224.0000,47,3,169.5347,-73.0682,0.0286,36,0.9000,0.2000,5,4,0,0,0,4,0,1.0000
4,224.0000,47,4,839.9330,-86.2879,0.3875,7,0.1750,0.8571,7,8,8,0,0,8,8,0.0000
4,224.0000,47,6,245.6424,-77.7678,0.0867,36,0.9000,0.0000,4,4,0,0,0,4,0,1.0000
4,224.0000,47,7,363.9425,-83.1456,0.4580,20,0.5000,0.7778,9,4,2,0,0,4,2,0.5000
4,224.0000,47,10,743.1650,-87.3100,0.3684,12,0.3000,1.0000,8,10,10,0,0,10,10,0.0000
4,224.0000,47,11,481.4079,-84.0725,0.1376,20,0.5000,0.8333,6,8,8,0,0,8,8,0.0000
4,224.0000,47,14,858.8005,-88.6093,1.5394,5,0.1250,0.8750,8,6,6,0,0,6,6,0.0000
4,224.0000,47,16,632.7502,-85.1592,0.8387,14,0.3500,0.8750,8,7,5,0,0,7,5,0.2857
4,224.0000,47,17,654.7364,-85.5005,-0.5179,13,0.3250,1.0000,8,7,6,0,0,7,6,0.1429
4,224.0000,47,20,653.3463,-85.6408,-0.2385,11,0.2750,0.8750,8,8,8,0,0,8,8,0.0000
4,224.0000,47,22,361.2622,-81.1679,0.4923,26,0.6500,0.4000,5,6,3,0,0,6,3,0.5000
4,224.0000,47,23,361.2246,-81.6513,0.9756,24,0.6000,0.5000,6,5,2,0,0,5,2,0.6000
4,224.0000,47,24,342.8594,-81.8768,-0.1265,20,0.5000,0.8571,7,5,1,0,0,5,1,0.8000
4,224.0000,47,33,185.8672,-77.6711,0.6751,37,0.9250,0.0000,4,4,0,0,0,4,0,1.0000
4,224.0000,47,35,757.8429,-87.0228,-0.2626,12,0.3000,0.8750,8,8,8,0,0,8,8,0.0000
4,224.0000,47,37,572.0091,-84.3576,-0.2278,18,0.4500,0.8571,7,7,5,0,0,7,5,0.2857
4,224.0000,47,38,141.1331,-74.0647,1.0087,37,0.9250,0.0000,4,5,1,0,0,5,1,0.8000
4,224.0000,47,41,491.7485,-84.1533,1.3882,12,0.3000,0.7143,7,6,2,0,0,6,2,0.6667
4,224.0000,47,43,449.5922,-84.0292,0.3516,16,0.4000,0.6250,8,7,5,0,0,7,5,0.2857
4,228.0000,0,1,202.9853,-76.6483,0.9307,36,0.9231,0.0000,4,5,1,0,0,5,1,0.8000
4,228.0000,0,9,184.7534,-71.8979,-2.0263,35,0.8974,0.0000,4,4,0,0,0,4,0,1.0000
4,228.0000,0,18,552.4337,-84.1917,0.1394,16,0.4103,0.8571,7,6,4,0,0,6,4,0.3333
4,228.0000,0,19,765.9232,-86.6519,-0.1089,6,0.1538,1.0000,8,8,7,0,0,8,7,0.1250
4,228.0000,0,21,573.2654,-83.6614,0.4544,19,0.4872,0.7500,8,8,8,0,0,8,8,0.0000
4,228.0000,0,25,176.8007,-72.8868,-0.6675,34,0.8718,0.0000,4,5,1,0,0,5,1,0.8000
4,228.0000,0,27,538.6583,-83.2259,-1.0592,15,0.3846,0.6667,6,7,6,0,0,7,6,0.1429
4,228.0000,0,28,710.6392,-86.5072,-0.6889,9,0.2308,1.0000,8,7,6,0,0,7,6,0.1429
4,228.0000,0,30,886.0411,-88.7563,-0.8299,5,0.1282,1.0000,6,4,4,0,0,4,4,0.0000
4,228.0000,0,32,696.6915,-84.4252,-0.0590,17,0.4359,0.7143,7,6,4,0,0,6,4,0.3333
4,228.0000,0,36,742.3737,-86.6563,-0.1981,10,0.2564,0.8571,7,7,6,0,0,7,6,0.1429
4,228.0000,0,39,625.6941,-84.7037,-0.5230,15,0.3846,1.0000,8,7,6,0,0,7,6,0.1429
4,228.0000,0,40,113.9521,-75.5331,2.6590,34,0.8718,0.0000,4,4,0,0,0,4,0,1.0000
4,228.0000,0,44,715.9741,-85.4125,-0.3695,14,0.3590,0.8571,7,7,6,0,0,7,6,0.1429
4,228.0000,0,45,860.2471,-88.7862,-0.3057,4,0.1026,1.0000,8,8,8,0,0,8,8,0.0000
4,228.0000,0,46,514.5301,-84.5060,0.0504,15,0.3846,0.8750,8,6,3,0,0,6,3,0.5000
4,228.0000,1,0,202.9853,-76.1817,0.1873,34,0.8500,0.2000,5,4,0,0,0,4,0,1.0000
4,228.0000,1,9,283.1793,-76.6730,-0.8047,33,0.8250,0.0000,4,4,1,0,0,4,1,0.7500
4,228.0000,1,18,395.4594,-80.3061,-0.5248,29,0.7250,0.2000,5,4,0,0,0,4,0,1.0000
4,228.0000,1,19,734.7586,-86.4609,-0.5877,6,0.1500,0.6667,6,8,8,0,0,8,8,0.0000
4,228.0000,1,21,670.2304,-86.8790,0.4272,14,0.3500,1.0000,8,7,5,0,0,7,5,0.2857
4,228.0000,1,25,144.7980,-73.0697,0.2555,37,0.9250,0.4000,5,5,1,0,0,5,1,0.8000
4,228.0000,1,27,527.3865,-84.1968,0.0083,15,0.3750,1.0000,8,6,4,0,0,6,4,0.3333
4,228.0000,1,28,695.7395,-85.3612,0.7118,8,0.2000,1.0000,8,8,8,0,0,8,8,0.0000
4,228.0000,1,30,921.2972,-87.5699,-0.1995,6,0.1500,1.0000,6,8,7,0,0,8,7,0.1250
4,228.0000,1,32,706.6398,-86.3669,0.4065,13,0.3250,0.8571,7,7,5,0,0,7,5,0.2857
4,228.0000,1,36,766.3589,-87.1208,0.1226,10,0.2500,1.0000,8,6,3,0,0,6,3,0.5000
4,228.0000,1,39,587.5660,-84.7605,0.2376,13,0.3250,1.0000,8,7,5,0,0,7,5,0.2857
4,228.0000,1,40,184.4503,-76.1364,0.5970,39,0.9750,0.0000,4,4,0,0,0,4,0,1.0000
4,228.0000,1,44,775.6761,-87.3255,0.7561,12,0.3000,0.8571,7,8,7,0,0,8,7,0.1250
4,228.0000,1,45,887.5093,-88.5079,2.3490,4,0.1000,1.0000,8,8,8,0,0,8,8,0.0000
4,228.0000,1,46,418.2936,-82.8995,1.4390,17,0.4250,0.7143,7,6,3,0,0,6,3,0.5000
4,228.0000,2,3,305.7004,-78.7249,-0.1365,35,0.8750,0.0000,5,5,2,0,0,5,2,0.6000
4,228.0000,2,4,669.3461,-84.9192,-1.0130,9,0.2250,0.8750,8,8,8,0,0,8,8,0.0000
4,228.0000,2,5,890.0942,-88.2096,-0.5693,3,0.0750,0.8750,8,8,8,0,0,8,8,0.0000
4,228.0000,2,6,327.3966,-80.5263,0.3919,27,0.6750,0.5000,6,7,3,0,0,7,3,0.5714
4,228.0000,2,7,276.4904,-79.3702,0.6973,30,0.7500,0.0000,4,4,0,0,0,4,0,1.0000
4,228.0000,2,8,723.1398,-86.1485,0.4619,6,0.1500,1.0000,8,8,8,0,0,8,8,0.0000
4,228.0000,2,10,731.6551,-85.7473,-0.4885,15,0.3750,1.0000,8,6,6,0,0,6,6,0.0000
4,228.0000,2,11,483.1393,-82.8603,-0.5717,20,0.5000,0.4286,7,8,8,0,0,8,8,0.0000
4,228.0000,2,12,817.2070,-87.1956,0.7843,4,0.1000,1.0000,4,8,8,0,0,8,8,0.0000
4,228.0000,2,14,883.2480,-87.0737,-0.0443,11,0.2750,0.8571,7,6,6,0,0,6,6,0.0000
4,228.0000,2,16,550.0257,-83.7892,-1.0117,20,0.5000,0.7143,7,8,7,0,0,8,7,0.1250
4,228.0000,2,17,567.8647,-83.3334,-0.6985,21,0.5250,0.8571,7,8,6,0,0,8,6,0.2500
4,228.0000,2,20,461.3610,-83.0633,0.4564,19,0.4750,0.8571,7,8,8,0,0,8,8,0.0000
4,228.0000,2,22,198.0738,-74.4505,0.7492,37,0.9250,0.0000,4,4,0,0,0,4,0,1.0000
4,228.0000,2,23,147.5499,-73.6965,0.9807,39,0.9750,0.2000,5,4,0,0,0,4,0,1.0000
4,228.0000,2,24,300.8670,-78.9717,0.1260,30,0.7500,0.2000,5,6,2,0,0,6,2,0.6667
4,228.0000,2,26,866.3169,-87.3724,-0.5633,3,0.0750,1.0000,8,8,8,0,0,8,8,0.0000
4,228.0000,2,29,951.0629,-88.2784,0.3369,3,0.0750,1.0000,8,7,6,0,0,7,6,0.1429
4,228.0000,2,33,129.8912,-73.8260,2.1886,36,0.9000,0.0000,4,4,0,0,0,4,0,1.0000
4,228.0000,2,34,919.0222,-87.7819,0.1154,4,0.1000,1.0000,4,7,5,0,0,7,5,0.2857
4,228.0000,2,35,838.1334,-86.6036,0.1257,14,0.3500,1.0000,8,8,8,0,0,8,8,0.0000
4,228.0000,2,37,672.1224,-84.8040,-1.0499,17,0.4250,1.0000,8,8,8,0,0,8,8,0.0000
4,228.0000,2,38,188.2481,-75.0311,0.2003,35,0.8750,0.0000,4,4,0,0,0,4,0,1.0000
4,228.0000,2,41,248.2381,-78.4675,0.1624,29,0.7250,0.0000,4,4,0,0,0,4,0,1.0000
4,228.0000,2,42,910.9121,-86.8637,-0.0459,7,0.1750,0.7500,8,6,6,0,0,6,6,0.0000
4,228.0000,2,43,194.9775,-76.5265,0.4616,34,0.8500,0.0000,4,5,1,0,0,5,1,0.8000
4,228.0000,2,47,235.4477,-78.9533,1.4293,33,0.8250,0.4286,7,6,3,0,0,6,3,0.5000
4,228.0000,3,2,305.7004,-78.3390,0.0685,27,0.6750,0.4000,5,5,1,0,0,5,1,0.8000
4,228.0000,3,4,897.2843,-88.3859,0.1176,7,0.1750,1.0000,8,8,8,0,0,8,8,0.0000
4,228.0000,3,6,493.3551,-81.8013,-0.4719,26,0.6500,0.5000,6,7,5,0,0,7,5,0.2857
4,228.0000,3,7,447.5213,-83.0306,0.2926,17,0.4250,0.8750,8,6,2,0,0,6,2,0.6667
4,228.0000,3,8,1027.2809,-87.4588,0.3747,3,0.0750,1.0000,8,6,6,0,0,6,6,0.0000
4,228.0000,3,10,750.8672,-86.7728,-0.7653,11,0.2750,0.8571,7,8,8,0,0,8,8,0.0000
4,228.0000,3,11,565.0112,-84.4392,-0.1604,15,0.3750,1.0000,8,7,5,0,0,7,5,0.2857
4,228.0000,3,14,956.5775,-87.4403,0.2425,5,0.1250,1.0000,6,6,6,0,0,6,6,0.0000
4,228.0000,3,16,485.5800,-83.7149,0.6598,17,0.4250,0.5000,4,6,3,0,0,6,3,0.5000
4,228.0000,3,17,612.0132,-86.2884,-0.1123,15,0.3750,0.7143,7,7,5,0,0,7,5,0.2857
4,228.0000,3,20,757.9911,-86.6521,0.0208,8,0.2000,1.0000,8,6,3,0,0,6,3,0.5000
4,228.0000,3,22,253.4792,-77.4122,-0.0231,30,0.7500,0.5000,6,7,3,0,0,7,3,0.5714
4,228.0000,3,23,268.7952,-78.2097,-0.1822,34,0.8500,0.0000,4,4,0,0,0,4,0,1.0000
4,228.0000,3,24,512.5060,-83.9065,-0.3096,14,0.3500,0.6667,6,7,4,0,0,7,4,0.4286
4,228.0000,3,33,237.1881,-76.1588,0.1755,31,0.7750,0.0000,4,4,0,0,0,4,0,1.0000
4,228.0000,3,34,1175.3573,-88.9733,0.5734,3,0.0750,1.0000,2,4,4,0,0,4,4,0.0000
4,228.0000,3,35,819.2530,-87.0121,-0.1888,8,0.2000,1.0000,8,8,7,0,0,8,7,0.1250
4,228.0000,3,37,643.6015,-85.0394,-0.4456,15,0.3750,0.5000,6,6,4,0,0,6,4,0.3333
4,228.0000,3,38,249.1573,-75.6637,-1.1326,33,0.8250,0.0000,4,6,4,0,0,6,4,0.3333
4,228.0000,3,41,534.7800,-84.1627,0.5052,17,0.4250,0.8750,8,8,7,0,0,8,7,0.1250
4,228.0000,3,42,1094.3883,-88.5705,-0.5132,5,0.1250,1.0000,2,6,6,0,0,6,6,0.0000
4,228.0000,3,43,472.1386,-83.5660,0.1304,19,0.4750,0.5000,6,7,6,0,0,7,6,0.1429
4,228.0000,3,47,276.3351,-76.0463,-0.9588,33,0.8250,0.2000,5,6,3,0,0,6,3,0.5000
4,228.0000,4,2,669.3461,-85.9193,-0.4389,11,0.2750,1.0000,8,8,7,0,0,8,7,0.1250
4,228.0000,4,3,897.2843,-87.3637,-0.0600,11,0.2750,1.0000,8,8,8,0,0,8,8,0.0000
4,228.0000,4,5,482.3085,-83.5741,0.3397,15,0.3750,0.8750,8,7,6,0,0,7,6,0.1429
4,228.0000,4,6,694.3104,-86.3309,0.8447,10,0.2500,0.7500,8,7,6,0,0,7,6,0.1429
4,228.0000,4,7,700.4701,-86.9851,-0.4428,10,0.2500,1.0000,8,8,8,0,0,8,8,0.0000
4,228.0000,4,8,602.1145,-84.9109,0.1310,12,0.3000,1.0000,8,8,7,0,0,8,7,0.1250
4,228.0000,4,10,589.6774,-83.8782,-0.2777,15,0.3750,0.6667,6,7,6,0,0,7,6,0.1429
4,228.0000,4,11,518.6220,-83.0873,-0.9021,15,0.3750,0.8571,7,6,2,0,0,6,2,0.6667
4,228.0000,4,12,614.7528,-87.7724,-0.5641,7,0.1750,0.7143,7,8,8,0,0,8,8,0.0000
4,228.0000,4,13,642.4972,-86.3901,0.3448,8,0.2000,1.0000,8,7,6,0,0,7,6,0.1429
4,228.0000,4,14,615.4412,-83.8118,0.1618,16,0.4000,0.8750,8,8,8,0,0,8,8,0.0000
4,228.0000,4,16,697.6033,-86.3513,0.0942,11,0.2750,0.8571,7,7,6,0,0,7,6,0.1429
4,228.0000,4,17,506.4271,-83.8059,-0.5117,21,0.5250,1.0000,8,7,6,0,0,7,6,0.1429
4,228.0000,4,20,641.4999,-85.2839,-0.3750,9,0.2250,1.0000,8,8,8,0,0,8,8,0.0000
4,228.0000,4,22,804.2983,-87.0109,-0.1624,11,0.2750,0.9000,10,6,6,0,0,6,6,0.0000
4,228.0000,4,23,741.6976,-86.5997,0.1983,13,0.3250,0.8571,7,6,6,0,0,6,6,0.0000
4,228.0000,4,24,663.4220,-85.1133,-0.6073,10,0.2500,0.6667,6,8,8,0,0,8,8,0.0000
4,228.0000,4,26,320.3665,-81.5182,0.4994,18,0.4500,0.5000,6,7,4,0,0,7,4,0.4286
4,228.0000,4,29,432.0059,-82.9845,0.2119,16,0.4000,0.5000,6,6,4,0,0,6,4,0.3333
4,228.0000,4,31,644.6091,-85.6021,0.6853,10,0.2500,0.8571,7,8,6,0,0,8,6,0.2500
4,228.0000,4,33,769.8699,-87.0092,-0.8483,6,0.1500,1.0000,8,8,8,0,0,8,8,0.0000
4,228.0000,4,34,607.6214,-84.8483,-0.1593,11,0.2750,0.8750,8,7,6,0,0,7,6,0.1429
4,228.0000,4,35,732.4575,-86.2059,-0.2945,12,0.3000,1.0000,8,8,8,0,0,8,8,0.0000
4,228.0000,4,37,701.7262,-85.9214,-0.3548,14,0.3500,0.6667,6,8,8,0,0,8,8,0.0000
4,228.0000,4,38,747.3175,-86.1905,-0.0099,11,0.2750,1.0000,8,8,7,0,0,8,7,0.1250
4,228.0000,4,41,563.3358,-83.4278,-1.2442,13,0.3250,0.8571,7,8,8,0,0,8,8,0.0000
4,228.0000,4,42,304.8794,-79.7957,0.1276,30,0.7500,0.7143,7,5,1,0,0,5,1,0.8000
4,228.0000,4,43,498.7393,-84.4412,-0.1502,15,0.3750,0.7143,7,8,6,0,0,8,6,0.2500
4,228.0000,4,47,815.9005,-89.0341,-0.2085,5,0.1250,1.0000,8,9,8,0,0,9,8,0.1111
4,228.0000,5,2,890.0942,-86.6550,0.1820,5,0.1250,1.0000,8,8,8,0,0,8,8,0.0000
4,228.0000,5,4,482.3085,-83.5362,0.2841,13,0.3250,0.8750,8,8,8,0,0,8,8,0.0000
4,228.0000,5,6,721.7405,-87.9597,-0.6887,3,0.0750,1.0000,8,7,6,0,0,7,6,0.1429
4,228.0000,5,7,759.4641,-86.8770,0.1940,6,0.1500,1.0000,8,8,8,0,0,8,8,0.0000
4,228.0000,5,8,590.5516,-83.2832,-0.4544,15,0.3750,0.7500,8,7,6,0,0,7,6,0.1429
4,228.0000,5,10,831.4055,-87.4101,0.0510,4,0.1000,1.0000,6,8,8,0,0,8,8,0.0000
4,228.0000,5,11,667.9261,-86.4836,1.0003,6,0.1500,1.0000,8,7,5,0,0,7,5,0.2857
4,228.0000,5,12,531.2500,-84.3620,1.0382,11,0.2750,0.8571,7,7,6,0,0,7,6,0.1429
4,228.0000,5,13,313.8121,-78.6164,-0.4884,31,0.7750,0.4286,7,6,4,0,0,6,4,0.3333
4,228.0000,5,14,642.9310,-85.9742,0.4075,7,0.1750,1.0000,8,8,8,0,0,8,8,0.0000
4,228.0000,5,15,892.4633,-87.1413,0.6910,5,0.1250,1.0000,8,2,2,0,0,2,2,0.0000
4,228.0000,5,17,868.3868,-87.9822,0.1456,5,0.1250,0.8333,6,4,4,0,0,4,4,0.0000
4,228.0000,5,20,714.9091,-85.9834,-2.3812,6,0.1500,1.0000,8,8,7,0,0,8,7,0.1250
4,228.0000,5,24,703.5939,-87.7288,-0.0940,5,0.1250,0.8571,7,7,6,0,0,7,6,0.1429
4,228.0000,5,26,204.7614,-75.3296,-0.0327,34,0.8500,0.2000,5,4,0,0,0,4,0,1.0000
4,228.0000,5,27,971.5565,-88.4234,-1.6493,4,0.1000,1.0000,8,8,8,0,0,8,8,0.0000
4,228.0000,5,29,209.2218,-75.4263,-0.2136,35,0.8750,0.2000,5,5,1,0,0,5,1,0.8000
4,228.0000,5,31,270.8315,-76.9387,-0.7913,34,0.8500,0.0000,4,7,5,0,0,7,5,0.2857
4,228.0000,5,34,197.3650,-76.3480,1.1726,36,0.9000,0.0000,4,5,1,0,0,5,1,0.8000
4,228.0000,5,35,907.4072,-87.7465,0.8394,6,0.1500,1.0000,6,6,6,0,0,6,6,0.0000
4,228.0000,5,37,867.0973,-87.4776,-0.1769,5,0.1250,1.0000,8,8,7,0,0,8,7,0.1250
4,228.0000,5,39,1136.0953,-89.0367,-0.3364,5,0.1250,1.0000,6,4,4,0,0,4,4,0.0000
4,228.0000,5,41,684.7545,-86.9705,2.4557,3,0.0750,1.0000,8,8,8,0,0,8,8,0.0000
4,228.0000,5,42,470.1744,-83.4695,-0.2777,21,0.5250,0.7143,7,7,6,0,0,7,6,0.1429
4,228.0000,5,43,698.4719,-87.0483,1.0569,5,0.1250,1.0000,8,8,7,0,0,8,7,0.1250
4,228.0000,5,46,874.2331,-87.0087,0.2205,7,0.1750,1.0000,8,8,8,0,0,8,8,0.0000
4,228.0000,6,2,327.3966,-80.0842,0.0343,27,0.6750,0.5000,6,6,2,0,0,6,2,0.6667
4,228.0000,6,3,493.3551,-82.5443,-0.3223,24,0.6000,0.6667,6,6,4,0,0,6,4,0.3333
4,228.0000,6,4,694.3104,-86.9255,0.4724,12,0.3000,1.0000,8,8,8,0,0,8,8,0.0000
4,228.0000,6,5,721.7405,-88.9327,0.7777,4,0.1000,1.0000,2,8,8,0,0,8,8,0.0000
4,228.0000,6,7,56.0901,-66.6201,3.6877,33,0.8250,0.2000,5,5,1,0,0,5,1,0.8000
4,228.0000,6,8,689.0655,-84.9205,0.1106,7,0.1750,1.0000,8,8,8,0,0,8,8,0.0000
4,228.0000,6,10,741.8417,-87.5264,0.6974,11,0.2750,0.8750,8,7,6,0,0,7,6,0.1429
4,228.0000,6,11,415.1510,-81.3755,-0.6010,23,0.5750,0.8571,7,6,3,0,0,6,3,0.5000
4,228.0000,6,12,752.4961,-87.9344,0.0386,9,0.2250,1.0000,6,9,8,0,0,9,8,0.1111
4,228.0000,6,13,948.4285,-88.1364,0.1584,6,0.1500,1.0000,8,8,8,0,0,8,8,0.0000
4,228.0000,6,14,766.9131,-86.9204,-0.9626,7,0.1750,0.8750,8,8,7,0,0,8,7,0.1250
4,228.0000,6,15,1078.7357,-89.0000,-0.0806,4,0.1000,1.0000,4,4,4,0,0,4,4,0.0000
4,228.0000,6,16,623.9314,-86.5011,0.6354,13,0.3250,0.8750,8,7,5,0,0,7,5,0.2857
4,228.0000,6,17,687.0411,-85.8177,-0.0208,13,0.3250,0.8571,7,7,6,0,0,7,6,0.1429
4,228.0000,6,20,468.0017,-82.7676,1.6315,17,0.4250,0.8571,7,6,2,0,0,6,2,0.6667
4,228.0000,6,22,510.2565,-82.7386,-0.5511,24,0.6000,0.7143,7,8,7,0,0,8,7,0.1250
4,228.0000,6,23,470.4038,-82.4590,-0.4742,26,0.6500,0.7500,8,8,7,0,0,8,7,0.1250
4,228.0000,6,24,79.7886,-68.8692,2.1695,34,0.8500,0.2000,5,4,0,0,0,4,0,1.0000
4,228.0000,6,26,766.9432,-88.4678,0.0722,4,0.1000,1.0000,8,8,8,0,0,8,8,0.0000
4,228.0000,6,29,818.9511,-88.0035,-0.7053,6,0.1500,1.0000,6,6,6,0,0,6,6,0.0000
4,228.0000,6,33,293.4051,-78.6221,-0.1446,31,0.7750,0.5000,6,5,1,0,0,5,1,0.8000
4,228.0000,6,34,730.6818,-87.1812,-1.5878,5,0.1250,0.8000,5,8,8,0,0,8,8,0.0000
4,228.0000,6,35,809.4287,-87.1098,0.7211,7,0.1750,0.5000,6,8,7,0,0,8,7,0.1250
4,228.0000,6,37,635.2753,-83.9085,-0.2244,15,0.3750,0.7143,7,7,6,0,0,7,6,0.1429
4,228.0000,6,38,245.3542,-78.0424,0.0111,32,0.8000,0.0000,4,7,4,0,0,7,4,0.4286
4,228.0000,6,41,241.9476,-78.0953,0.4365,28,0.7000,0.6667,6,5,1,0,0,5,1,0.8000
4,228.0000,6,42,872.5758,-86.9846,1.3193,6,0.1500,1.0000,8,7,6,0,0,7,6,0.1429
4,228.0000,6,43,281.0111,-78.9603,-0.3468,27,0.6750,0.2000,5,7,4,0,0,7,4,0.4286
4,228.0000,6,47,237.0326,-77.4688,0.0134,34,0.8500,0.3333,6,5,2,0,0,5,2,0.6000
4,228.0000,7,2,276.4904,-78.6803,0.0613,26,0.6500,0.2000,5,6,2,0,0,6,2,0.6667
4,228.0000,7,3,447.5213,-82.7976,-0.1855,24,0.6000,0.6667,6,7,6,0,0,7,6,0.1429
4,228.0000,7,4,700.4701,-84.1899,0.1226,12,0.3000,0.6667,6,8,8,0,0,8,8,0.0000
4,228.0000,7,5,759.4641,-87.1262,-0.4550,8,0.2000,0.8750,8,8,8,0,0,8,8,0.0000
4,228.0000,7,6,56.0901,-66.0965,3.9354,35,0.8750,0.0000,4,4,0,0,0,4,0,1.0000
4,228.0000,7,8,693.4996,-85.2829,-0.3049,7,0.1750,0.8750,8,8,8,0,0,8,8,0.0000
4,228.0000,7,10,747.6331,-85.6196,-0.9747,12,0.3000,0.8571,7,7,5,0,0,7,5,0.2857
4,228.0000,7,11,427.3303,-81.0062,-1.5831,23,0.5750,0.6667,6,8,7,0,0,8,7,0.1250
4,228.0000,7,12,764.3185,-86.5917,-0.3706,7,0.1750,0.8571,7,7,6,0,0,7,6,0.1429
4,228.0000,7,14,795.9523,-85.5549,-0.2580,14,0.3500,0.8571,7,6,6,0,0,6,6,0.0000
4,228.0000,7,16,612.4599,-85.4459,1.3764,13,0.3250,0.8571,7,7,5,0,0,7,5,0.2857
4,228.0000,7,17,674.8424,-84.8989,-0.0108,11,0.2750,0.6667,6,6,3,0,0,6,3,0.5000
4,228.0000,7,20,455.0477,-83.6109,0.0770,21,0.5250,0.6667,6,6,4,0,0,6,4,0.3333
4,228.0000,7,22,456.0711,-82.3084,0.3693,25,0.6250,0.0000,4,8,6,0,0,8,6,0.2500
4,228.0000,7,23,417.8724,-82.2601,-1.1153,21,0.5250,0.5714,7,8,7,0,0,8,7,0.1250
4,228.0000,7,24,79.0963,-59.8092,-3.6260,36,0.9000,0.0000,4,4,0,0,0,4,0,1.0000
4,228.0000,7,26,794.7056,-86.0747,-2.8772,4,0.1000,0.8571,7,7,6,0,0,7,6,0.1429
4,228.0000,7,29,853.0065,-86.7206,0.5151,7,0.1750,1.0000,8,8,8,0,0,8,8,0.0000
4,228.0000,7,33,239.4215,-79.0345,0.9538,29,0.7250,0.0000,4,5,1,0,0,5,1,0.8000
4,228.0000,7,34,768.8621,-86.9566,0.9104,5,0.1250,0.8750,8,6,6,0,0,6,6,0.0000
4,228.0000,7,35,820.7179,-86.8681,-1.0835,10,0.2500,0.8571,7,8,8,0,0,8,8,0.0000
4,228.0000,7,37,643.7229,-83.9793,-0.7163,18,0.4500,0.7143,7,6,3,0,0,6,3,0.5000
4,228.0000,7,38,200.8993,-77.2648,0.6945,28,0.7000,0.4000,5,5,1,0,0,5,1,0.8000
4,228.0000,7,41,220.8187,-76.5300,0.6241,28,0.7000,0.0000,4,6,3,0,0,6,3,0.5000
4,228.0000,7,42,892.2095,-87.4886,-0.2766,6,0.1500,0.8571,7,8,8,0,0,8,8,0.0000
4,228.0000,7,43,255.2970,-77.4469,0.3841,26,0.6500,0.4000,5,6,3,0,0,6,3,0.5000
4,228.0000,7,47,191.6716,-78.3463,1.1732,30,0.7500,0.0000,4,4,0,0,0,4,0,1.0000
4,228.0000,8,2,723.1398,-87.0459,-0.2072,8,0.1951,1.0000,8,8,8,0,0,8,8,0.0000
4,228.0000,8,3,1027.2809,-88.1993,0.3231,5,0.1220,1.0000,6,8,7,0,0,8,7,0.1250
4,228.0000,8,4,602.1145,-83.8708,-0.4493,13,0.3171,0.8571,7,8,8,0,0,8,8,0.0000
4,228.0000,8,5,590.5516,-85.3641,-0.2426,12,0.2927,1.0000,8,8,7,0,0,8,7,0.1250
4,228.0000,8,6,689.0655,-86.4009,-0.2790,10,0.2439,1.0000,8,8,8,0,0,8,8,0.0000
4,228.0000,8,7,693.4996,-86.4897,-0.3625,7,0.1707,1.0000,8,8,8,0,0,8,8,0.0000
4,228.0000,8,10,1096.1729,-88.0895,0.7077,3,0.0732,1.0000,4,2,2,0,0,2,2,0.0000
4,228.0000,8,11,860.1379,-88.5237,-0.5422,6,0.1463,1.0000,8,8,8,0,0,8,8,0.0000
4,228.0000,8,12,118.9766,-71.4451,1.0313,34,0.8293,0.2000,5,4,0,0,0,4,0,1.0000
4,228.0000,8,13,553.3269,-82.1412,-0.5920,20,0.4878,1.0000,8,7,6,0,0,7,6,0.1429
4,228.0000,8,15,593.5980,-85.5797,0.5764,13,0.3171,0.6667,6,8,7,0,0,8,7,0.1250
4,228.0000,8,17,983.3131,-87.9969,-0.6360,3,0.0732,1.0000,6,4,4,0,0,4,4,0.0000
4,228.0000,8,19,913.0995,-86.8749,0.2031,6,0.1463,1.0000,8,4,4,0,0,4,4,0.0000
4,228.0000,8,20,302.7442,-80.8425,0.3648,24,0.5854,0.3333,6,4,0,0,0,4,0,1.0000
4,228.0000,8,22,864.6990,-86.5315,-0.0693,5,0.1220,1.0000,8,8,8,0,0,8,8,0.0000
4,228.0000,8,23,816.9201,-87.0524,-0.7291,8,0.1951,1.0000,8,6,6,0,0,6,6,0.0000
4,228.0000,8,24,617.6704,-85.4373,0.7093,7,0.1707,1.0000,8,8,7,0,0,8,7,0.1250
4,228.0000,8,26,619.1217,-85.3807,0.7100,10,0.2439,0.8750,8,7,6,0,0,7,6,0.1429
4,228.0000,8,27,916.7939,-88.7918,-0.3052,5,0.1220,1.0000,8,8,8,0,0,8,8,0.0000
4,228.0000,8,28,1007.1544,-85.6330,0.8313,4,0.0976,1.0000,4,4,4,0,0,4,4,0.0000
4,228.0000,8,29,738.1100,-85.9420,1.2393,5,0.1220,1.0000,8,7,6,0,0,7,6,0.1429
4,228.0000,8,31,636.1754,-81.8174,-0.8171,13,0.3171,0.8571,7,8,8,0,0,8,8,0.0000
4,228.0000,8,33,807.3305,-86.5759,-0.8213,8,0.1951,1.0000,6,8,8,0,0,8,8,0.0000
4,228.0000,8,34,498.8544,-83.6394,0.0379,17,0.4146,0.8571,7,6,6,0,0,6,6,0.0000
4,228.0000,8,38,830.3015,-87.7576,-0.5711,6,0.1463,1.0000,8,7,6,0,0,7,6,0.1429
4,228.0000,8,41,505.6041,-83.6048,-1.1551,11,0.2683,0.7143,7,8,7,0,0,8,7,0.1250
4,228.0000,8,42,836.2174,-87.8702,1.2564,5,0.1220,0.8571,7,8,8,0,0,8,8,0.0000
4,228.0000,8,43,580.4243,-85.1204,-1.4038,10,0.2439,0.8571,7,8,8,0,0,8,8,0.0000
4,228.0000,8,45,663.8254,-85.6699,0.2180,13,0.3171,1.0000,6,8,8,0,0,8,8,0.0000
4,228.0000,8,47,844.8937,-85.6474,-0.1029,3,0.0732,1.0000,6,8,8,0,0,8,8,0.0000
4,228.0000,9,0,184.7534,-70.7239,-1.8930,38,0.9500,0.2000,5,4,0,0,0,4,0,1.0000
4,228.0000,9,1,283.1793,-77.1990,-0.7822,39,0.9750,0.4000,5,4,0,0,0,4,0,1.0000
4,228.0000,9,18,674.8386,-84.2543,-0.9841,18,0.4500,0.6667,6,8,8,0,0,8,8,0.0000
4,228.0000,9,19,787.3856,-86.9218,-1.0120,9,0.2250,1.0000,8,7,6,0,0,7,6,0.1429
4,228.0000,9,21,552.1914,-84.0786,0.3001,18,0.4500,0.8750,8,7,6,0,0,7,6,0.1429
4,228.0000,9,25,205.7494,-73.0952,-1.4584,38,0.9500,0.2000,5,5,1,0,0,5,1,0.8000
4,228.0000,9,27,620.8691,-84.4956,-0.7757,14,0.3500,1.0000,8,8,8,0,0,8,8,0.0000
4,228.0000,9,28,712.3887,-85.5943,0.2056,9,0.2250,1.0000,8,7,5,0,0,7,5,0.2857
4,228.0000,9,32,631.3547,-85.5639,-0.0538,17,0.4250,0.8571,7,8,7,0,0,8,7,0.1250
4,228.0000,9,36,715.1369,-87.5052,0.3856,13,0.3250,0.7500,8,8,8,0,0,8,8,0.0000
4,228.0000,9,39,630.5469,-85.3693,0.3811,11,0.2750,0.8750,8,8,6,0,0,8,6,0.2500
4,228.0000,9,40,292.6916,-78.7185,-0.0140,37,0.9250,0.2000,5,7,4,0,0,7,4,0.4286
4,228.0000,9,44,615.9426,-85.7809,0.0878,18,0.4500,0.5714,7,8,6,0,0,8,6,0.2500
4,228.0000,9,45,934.6082,-87.1068,-1.4187,3,0.0750,1.0000,6,8,8,0,0,8,8,0.0000
4,228.0000,9,46,640.6440,-85.9461,-0.0742,14,0.3500,1.0000,8,7,6,0,0,7,6,0.1429
4,228.0000,10,2,731.6551,-85.7272,-0.4994,10,0.2500,0.8750,8,8,8,0,0,8,8,0.0000
4,228.0000,10,3,750.8672,-87.0943,-0.4512,8,0.2000,0.7143,7,8,8,0,0,8,8,0.0000
4,228.0000,10,4,589.6774,-84.2682,0.8211,10,0.2500,0.8750,8,8,8,0,0,8,8,0.0000
4,228.0000,10,5,831.4055,-87.5149,-0.2653,3,0.0750,1.0000,8,8,8,0,0,8,8,0.0000
4,228.0000,10,6,741.8417,-86.8214,0.7628,6,0.1500,0.7143,7,8,8,0,0,8,8,0.0000
4,228.0000,10,7,747.6331,-85.4432,-0.3162,8,0.2000,1.0000,8,8,8,0,0,8,8,0.0000
4,228.0000,10,11,330.2904,-79.1791,0.2427,20,0.5000,0.8571,7,6,4,0,0,6,4,0.3333
4,228.0000,10,14,338.2575,-79.3889,-0.3517,31,0.7750,0.5714,7,5,2,0,0,5,2,0.6000
4,228.0000,10,16,287.7345,-78.5937,0.0296,30,0.7500,0.2000,5,6,3,0,0,6,3,0.5000
4,228.0000,10,17,264.1048,-77.6276,-0.5826,30,0.7500,0.4000,5,5,2,0,0,5,2,0.6000
4,228.0000,10,22,824.9744,-85.7174,-0.1282,5,0.1250,0.8571,7,8,8,0,0,8,8,0.0000
4,228.0000,10,23,778.0198,-86.4480,-0.0517,9,0.2250,0.8571,7,7,6,0,0,7,6,0.1429
4,228.0000,10,24,771.2269,-85.2616,-0.2690,8,0.2000,1.0000,8,7,6,0,0,7,6,0.1429
4,228.0000,10,26,727.9523,-86.7622,-0.6048,7,0.1750,1.0000,8,8,8,0,0,8,8,0.0000
4,228.0000,10,29,728.4784,-86.3298,-0.8764,10,0.2500,1.0000,8,8,8,0,0,8,8,0.0000
4,228.0000,10,33,763.1286,-87.0955,-0.3588,6,0.1500,1.0000,8,7,6,0,0,7,6,0.1429
4,228.0000,10,34,992.7662,-88.8775,-0.0622,3,0.0750,1.0000,8,8,8,0,0,8,8,0.0000
4,228.0000,10,35,163.9234,-74.6140,0.3187,38,0.9500,0.0000,4,4,0,0,0,4,0,1.0000
4,228.0000,10,37,213.0197,-76.7346,0.2154,33,0.8250,0.0000,4,4,0,0,0,4,0,1.0000
4,228.0000,10,38,691.6564,-86.0493,-1.1850,9,0.2250,0.7143,7,9,7,0,0,9,7,0.2222
4,228.0000,10,41,772.5599,-86.3124,0.7690,8,0.2000,0.8750,8,8,8,0,0,8,8,0.0000
4,228.0000,10,42,559.4654,-83.7432,-0.0849,14,0.3500,0.8571,7,8,8,0,0,8,8,0.0000
4,228.0000,10,43,660.4605,-87.1608,-0.1159,8,0.2000,1.0000,8,8,8,0,0,8,8,0.0000
4,228.0000,10,47,770.9149,-86.7442,0.1050,6,0.1500,1.0000,8,6,6,0,0,6,6,0.0000
4,228.0000,11,2,483.1393,-81.7555,-0.8268,17,0.4359,0.6667,6,8,7,0,0,8,7,0.1250
4,228.0000,11,3,565.0112,-84.0592,-0.1157,13,0.3333,0.7500,8,8,7,0,0,8,7,0.1250
4,228.0000,11,4,518.6220,-84.5060,0.7724,12,0.3077,1.0000,8,7,6,0,0,7,6,0.1429
4,228.0000,11,5,667.9261,-86.4014,0.6583,6,0.1538,0.8750,8,6,2,0,0,6,2,0.6667
4,228.0000,11,6,415.1510,-82.1954,-0.4705,17,0.4359,0.5714,7,8,7,0,0,8,7,0.1250
4,228.0000,11,7,427.3303,-79.9516,-0.6691,21,0.5385,0.7500,8,7,5,0,0,7,5,0.2857
4,228.0000,11,8,860.1379,-87.9390,0.4488,6,0.1538,1.0000,8,8,7,0,0,8,7,0.1250
4,228.0000,11,10,330.2904,-80.0463,-0.2114,32,0.8205,0.2000,5,5,2,0,0,5,2,0.6000
4,228.0000,11,12,899.7120,-89.3163,0.2923,3,0.0769,1.0000,4,6,6,0,0,6,6,0.0000
4,228.0000,11,14,406.6410,-82.0824,0.4985,26,0.6667,1.0000,8,4,0,0,0,4,0,1.0000
4,228.0000,11,16,314.0334,-80.5274,0.3483,27,0.6923,0.6667,6,5,1,0,0,5,1,0.8000
4,228.0000,11,17,358.7335,-81.0532,-0.0402,27,0.6923,0.0000,4,8,8,0,0,8,8,0.0000
4,228.0000,11,20,726.6118,-87.8551,0.8970,6,0.1538,0.8571,7,8,8,0,0,8,8,0.0000
4,228.0000,11,22,629.6192,-84.8986,-0.7549,15,0.3846,0.6000,5,8,8,0,0,8,8,0.0000
4,228.0000,11,23,577.4409,-84.6309,-0.3239,13,0.3333,0.7500,8,7,6,0,0,7,6,0.1429
4,228.0000,11,24,449.0096,-80.6205,-0.6319,19,0.4872,0.8571,7,7,5,0,0,7,5,0.2857
4,228.0000,11,26,628.1351,-86.6405,0.3319,10,0.2564,1.0000,8,7,6,0,0,7,6,0.1429
4,228.0000,11,29,650.5367,-86.0058,1.0931,9,0.2308,1.0000,8,7,6,0,0,7,6,0.1429
4,228.0000,11,31,932.4161,-87.5678,0.9880,3,0.0769,1.0000,8,8,8,0,0,8,8,0.0000
4,228.0000,11,33,499.3739,-84.4646,-0.3914,15,0.3846,0.8750,8,7,6,0,0,7,6,0.1429
4,228.0000,11,34,783.5401,-88.0182,0.1605,6,0.1538,1.0000,8,8,7,0,0,8,7,0.1250
4,228.0000,11,35,406.2013,-81.9515,-0.2902,25,0.6410,0.5000,6,7,5,0,0,7,5,0.2857
4,228.0000,11,37,261.1496,-76.5717,-1.1160,30,0.7692,0.0000,4,4,0,0,0,4,0,1.0000
4,228.0000,11,38,417.8723,-81.2728,-0.5753,19,0.4872,0.8571,7,6,4,0,0,6,4,0.3333
4,228.0000,11,41,481.2524,-81.8939,0.3304,14,0.3590,0.5714,7,8,8,0,0,8,8,0.0000
4,228.0000,11,42,597.8511,-84.9629,0.0253,12,0.3077,0.8889,9,6,3,0,0,6,3,0.5000
4,228.0000,11,43,392.9066,-83.2751,0.4112,15,0.3846,0.7143,7,8,8,0,0,8,8,0.0000
4,228.0000,11,47,486.8168,-84.5519,0.6874,16,0.4103,0.4000,5,5,2,0,0,5,2,0.6000
4,228.0000,12,2,817.2070,-87.0742,0.1842,3,0.0750,1.0000,6,8,8,0,0,8,8,0.0000
4,228.0000,12,4,614.7528,-85.5079,0.3119,11,0.2750,1.0000,8,10,9,0,0,10,9,0.1000
4,228.0000,12,5,531.2500,-84.3030,0.1678,13,0.3250,0.8333,6,8,8,0,0,8,8,0.0000
4,228.0000,12,6,752.4961,-86.7208,0.1631,6,0.1500,0.8750,8,8,8,0,0,8,8,0.0000
4,228.0000,12,7,764.3185,-87.0876,0.8887,3,0.0750,1.0000,8,7,6,0,0,7,6,0.1429
4,228.0000,12,8,118.9766,-72.1320,1.6159,31,0.7750,0.0000,4,5,1,0,0,5,1,0.8000
4,228.0000,12,13,447.8490,-81.8465,-0.1042,18,0.4500,0.8750,8,8,6,0,0,8,6,0.2500
4,228.0000,12,14,1069.2540,-89.0856,1.6690,3,0.0750,1.0000,4,4,4,0,0,4,4,0.0000
4,228.0000,12,15,539.7638,-82.7499,-1.3394,19,0.4750,0.8571,7,7,5,0,0,7,5,0.2857
4,228.0000,12,19,817.9461,-86.4755,-0.3749,6,0.1500,1.0000,8,6,6,0,0,6,6,0.0000
4,228.0000,12,20,410.0380,-83.7165,-0.4511,12,0.3000,0.8750,8,8,6,0,0,8,6,0.2500
4,228.0000,12,22,968.1861,-87.3434,-0.6743,4,0.1000,1.0000,6,4,4,0,0,4,4,0.0000
4,228.0000,12,26,575.1243,-84.8092,-0.0893,9,0.2250,1.0000,8,8,6,0,0,8,6,0.2500
4,228.0000,12,27,807.6780,-86.7545,-0.3566,5,0.1250,1.0000,8,8,8,0,0,8,8,0.0000
4,228.0000,12,29,686.8854,-86.0006,-1.4455,7,0.1750,0.8750,8,8,8,0,0,8,8,0.0000
4,228.0000,12,30,1007.9101,-88.8208,-0.6073,4,0.1000,1.0000,4,6,6,0,0,6,6,0.0000
4,228.0000,12,31,537.3143,-83.7108,-0.1061,22,0.5500,0.8571,7,8,7,0,0,8,7,0.1250
4,228.0000,12,33,898.3315,-87.5427,-1.0323,5,0.1250,1.0000,8,6,6,0,0,6,6,0.0000
4,228.0000,12,34,422.1768,-82.2203,-0.3556,15,0.3750,0.7143,7,6,4,0,0,6,4,0.3333
4,228.0000,12,36,1022.2203,-89.5512,0.4811,3,0.0750,0.0000,1,6,6,0,0,6,6,0.0000
4,228.0000,12,39,952.1238,-88.4676,-0.7186,4,0.1000,1.0000,8,8,8,0,0,8,8,0.0000
4,228.0000,12,41,589.7511,-85.8503,-0.1071,9,0.2250,0.8571,7,8,8,0,0,8,8,0.0000
4,228.0000,12,42,814.6287,-87.0355,2.7643,5,0.1250,1.0000,6,5,4,0,0,5,4,0.2000
4,228.0000,12,43,660.6212,-85.7261,0.6849,3,0.0750,1.0000,8,7,6,0,0,7,6,0.1429
4,228.0000,12,45,580.4472,-84.4188,0.5469,12,0.3000,0.8571,7,7,6,0,0,7,6,0.1429
4,228.0000,12,46,894.3290,-86.5444,-1.3033,5,0.1250,1.0000,8,4,4,0,0,4,4,0.0000
4,228.0000,13,1,1002.0978,-88.9872,-1.1741,3,0.0750,,0,6,6,0,0,6,6,0.0000
4,228.0000,13,4,642.4972,-85.6494,0.4441,9,0.2250,0.8571,7,8,7,0,0,8,7,0.1250
4,228.0000,13,5,313.8121,-78.1441,-0.5693,31,0.7750,0.5000,6,7,5,0,0,7,5,0.2857
4,228.0000,13,6,948.4285,-88.1733,-0.7187,3,0.0750,1.0000,6,8,8,0,0,8,8,0.0000
4,228.0000,13,7,980.1204,-88.3117,-0.6681,3,0.0750,1.0000,8,2,2,0,0,2,2,0.0000
4,228.0000,13,8,553.3269,-82.5864,-0.7302,17,0.4250,1.0000,8,8,7,0,0,8,7,0.1250
4,228.0000,13,12,447.8490,-80.9215,-0.4658,16,0.4000,0.5000,6,6,4,0,0,6,4,0.3333
4,228.0000,13,15,726.6591,-85.5421,-1.4904,9,0.2250,0.8571,7,8,8,0,0,8,8,0.0000
4,228.0000,13,18,728.3884,-87.4304,-1.3635,5,0.1250,1.0000,8,8,7,0,0,8,7,0.1250
4,228.0000,13,19,783.6979,-87.1316,-1.2257,5,0.1250,0.8750,8,8,8,0,0,8,8,0.0000
4,228.0000,13,20,790.1572,-87.6354,-0.5557,6,0.1500,0.8571,7,8,8,0,0,8,8,0.0000
4,228.0000,13,26,393.4209,-80.7323,-0.1499,25,0.6250,0.6250,8,7,6,0,0,7,6,0.1429
4,228.0000,13,27,664.4258,-85.5255,0.1801,7,0.1750,0.8571,7,6,6,0,0,6,6,0.0000
4,228.0000,13,28,874.3650,-88.0653,-0.2437,5,0.1250,1.0000,8,6,6,0,0,6,6,0.0000
4,228.0000,13,29,433.1513,-82.2427,-0.1169,24,0.6000,0.8750,8,7,6,0,0,7,6,0.1429
4,228.0000,13,30,1079.3397,-88.1275,-0.3994,6,0.1500,,0,6,6,0,0,6,6,0.0000
4,228.0000,13,31,106.6089,-68.9576,-0.4541,37,0.9250,0.3333,6,5,1,0,0,5,1,0.8000
4,228.0000,13,32,1125.5031,-88.9351,-0.4131,4,0.1000,1.0000,4,6,6,0,0,6,6,0.0000
4,228.0000,13,34,253.9107,-75.6526,-1.0966,35,0.8750,0.0000,4,6,2,0,0,6,2,0.6667
4,228.0000,13,39,852.5677,-86.9038,0.0071,5,0.1250,0.8571,7,6,4,0,0,6,4,0.3333
4,228.0000,13,41,859.9264,-88.3937,-0.2011,3,0.0750,1.0000,8,8,8,0,0,8,8,0.0000
4,228.0000,13,42,658.8027,-86.0278,-1.3574,6,0.1500,1.0000,8,8,8,0,0,8,8,0.0000
4,228.0000,13,43,895.8680,-86.2276,-0.9145,3,0.0750,0.8750,8,8,8,0,0,8,8,0.0000
4,228.0000,13,45,664.3080,-85.6625,0.1168,10,0.2500,1.0000,8,8,8,0,0,8,8,0.0000
4,228.0000,13,46,586.8344,-84.3328,-0.5676,12,0.3000,0.8571,7,6,5,0,0,6,5,0.1667
4,228.0000,14,2,883.2480,-87.7445,0.6925,6,0.1500,1.0000,8,8,8,0,0,8,8,0.0000
4,228.0000,14,3,956.5775,-88.1227,2.0228,4,0.1000,1.0000,8,6,6,0,0,6,6,0.0000
4,228.0000,14,4,615.4412,-84.1434,0.2441,9,0.2250,0.8571,7,8,8,0,0,8,8,0.0000
4,228.0000,14,5,642.9310,-86.1933,0.6077,7,0.1750,0.8571,7,7,6,0,0,7,6,0.1429
4,228.0000,14,6,766.9131,-85.8021,-0.9159,4,0.1000,1.0000,8,8,8,0,0,8,8,0.0000
4,228.0000,14,7,795.9523,-86.8512,3.1976,3,0.0750,1.0000,8,8,8,0,0,8,8,0.0000
4,228.0000,14,10,338.2575,-79.7358,-0.3945,24,0.6000,0.2000,5,5,2,0,0,5,2,0.6000
4,228.0000,14,11,406.6410,-81.4615,0.2072,20,0.5000,0.8333,24,5,2,55,37,60,39,0.3500
4,228.0000,14,13,941.2312,-88.7323,0.2222,3,0.0750,1.0000,6,6,6,0,0,6,6,0.0000
4,228.0000,14,16,565.1482,-84.9578,0.0362,17,0.4250,0.8571,7,4,2,0,0,4,2,0.5000
4,228.0000,14,17,556.9714,-85.1693,0.2558,14,0.3500,0.8750,8,7,6,0,0,7,6,0.1429
4,228.0000,14,22,1028.4798,-87.3088,0.1007,4,0.1000,1.0000,6,6,6,0,0,6,6,0.0000
4,228.0000,14,24,801.4947,-85.5691,0.0521,6,0.1500,1.0000,8,8,8,0,0,8,8,0.0000
4,228.0000,14,26,586.7169,-86.6248,-0.3325,5,0.1250,0.8750,8,7,4,0,0,7,4,0.4286
4,228.0000,14,29,526.3394,-84.5081,1.8945,13,0.3250,1.0000,8,8,8,0,0,8,8,0.0000
4,228.0000,14,33,904.6961,-88.2525,-0.0877,6,0.1500,1.0000,8,8,8,0,0,8,8,0.0000
4,228.0000,14,35,318.9526,-78.4873,-0.4853,28,0.7000,0.2000,5,6,3,0,0,6,3,0.5000
4,228.0000,14,37,376.1203,-79.8272,-0.7012,29,0.7250,0.6667,6,8,8,0,0,8,8,0.0000
4,228.0000,14,38,820.1911,-87.2647,0.2515,5,0.1250,0.6667,6,7,6,0,0,7,6,0.1429
4,228.0000,14,41,833.7559,-86.3806,1.6693,4,0.1000,1.0000,8,8,8,0,0,8,8,0.0000
4,228.0000,14,42,471.2016,-83.6248,1.0290,17,0.4250,0.6667,6,7,5,0,0,7,5,0.2857
4,228.0000,14,43,760.2470,-86.6459,-1.0821,4,0.1000,1.0000,8,7,6,0,0,7,6,0.1429
4,228.0000,14,47,881.6669,-88.4051,-0.5942,4,0.1000,1.0000,8,8,8,0,0,8,8,0.0000
4,228.0000,15,5,892.4633,-88.4137,-0.1382,5,0.1250,1.0000,8,8,8,0,0,8,8,0.0000
4,228.0000,15,7,1098.2387,-88.7569,1.1788,3,0.0750,1.0000,8,6,6,0,0,6,6,0.0000
4,228.0000,15,8,593.5980,-85.3586,-0.4251,13,0.3250,1.0000,8,8,7,0,0,8,7,0.1250
4,228.0000,15,12,539.7638,-84.2108,-0.5687,15,0.3750,0.5714,7,8,8,0,0,8,8,0.0000
4,228.0000,15,13,726.6591,-84.8194,-0.4641,7,0.1750,1.0000,8,8,7,0,0,8,7,0.1250
4,228.0000,15,19,475.4478,-83.0182,0.6600,23,0.5750,0.6667,6,6,4,0,0,6,4,0.3333
4,228.0000,15,20,774.3550,-85.8568,-0.4381,8,0.2000,1.0000,8,8,8,0,0,8,8,0.0000
4,228.0000,15,21,879.4752,-88.1852,0.3447,6,0.1500,1.0000,8,8,8,0,0,8,8,0.0000
4,228.0000,15,24,1022.4205,-87.8233,0.5624,4,0.1000,1.0000,6,6,6,0,0,6,6,0.0000
4,228.0000,15,25,1092.9405,-88.2848,0.6280,4,0.1000,1.0000,4,4,4,0,0,4,4,0.0000
4,228.0000,15,27,669.5932,-86.5131,0.7381,10,0.2500,0.6667,6,7,6,0,0,7,6,0.1429
4,228.0000,15,28,570.8067,-84.7183,-0.0299,19,0.4750,0.5714,7,7,6,0,0,7,6,0.1429
4,228.0000,15,30,626.5244,-85.7657,-0.2279,17,0.4250,1.0000,8,7,5,0,0,7,5,0.2857
4,228.0000,15,31,812.6678,-87.2107,-0.9186,5,0.1250,1.0000,8,8,7,0,0,8,7,0.1250
4,228.0000,15,32,800.1131,-86.7722,-0.1078,5,0.1250,1.0000,8,8,7,0,0,8,7,0.1250
4,228.0000,15,34,702.1299,-85.4324,-0.3118,8,0.2000,0.8571,7,8,8,0,0,8,8,0.0000
4,228.0000,15,36,666.0584,-86.3447,0.7544,13,0.3250,1.0000,8,8,8,0,0,8,8,0.0000
4,228.0000,15,39,643.3068,-85.3724,-0.0122,19,0.4750,0.7500,8,7,6,0,0,7,6,0.1429
4,228.0000,15,41,984.8700,-88.2917,0.9048,3,0.0750,1.0000,8,8,8,0,0,8,8,0.0000
4,228.0000,15,44,986.1968,-88.1390,0.6523,4,0.1000,1.0000,6,8,8,0,0,8,8,0.0000
4,228.0000,15,45,466.7777,-83.4611,0.4766,18,0.4500,0.8571,7,8,7,0,0,8,7,0.1250
4,228.0000,15,46,856.9246,-87.5855,-0.3374,6,0.1500,1.0000,8,6,6,0,0,6,6,0.0000
4,228.0000,16,2,550.0257,-82.9192,-0.2325,10,0.2500,0.6667,6,8,8,0,0,8,8,0.0000
4,228.0000,16,3,485.5800,-84.6203,1.3687,13,0.3250,0.8571,7,5,2,0,0,5,2,0.6000
4,228.0000,16,4,697.6033,-86.3939,-0.1929,5,0.1250,0.7143,7,7,5,0,0,7,5,0.2857
4,228.0000,16,6,623.9314,-85.5908,0.3284,7,0.1750,0.8750,8,7,6,0,0,7,6,0.1429
4,228.0000,16,7,612.4599,-86.7918,-1.4148,8,0.2000,0.7500,8,5,4,0,0,5,4,0.2000
4,228.0000,16,10,287.7345,-79.0901,-0.1626,28,0.7000,0.2000,5,6,4,0,0,6,4,0.3333
4,228.0000,16,11,314.0334,-80.1657,0.6264,19,0.4750,0.7143,7,4,0,0,0,4,0,1.0000
4,228.0000,16,14,565.1482,-83.1582,-0.4188,14,0.3500,0.7143,7,7,4,0,0,7,4,0.4286
4,228.0000,16,17,254.9191,-77.2457,-0.5135,28,0.7000,0.0000,4,5,1,0,0,5,1,0.8000
4,228.0000,16,22,602.8547,-85.4849,0.3364,8,0.2000,0.6667,6,8,7,0,0,8,7,0.1250
4,228.0000,16,23,569.1925,-85.2062,-0.2922,10,0.2500,0.7143,7,7,5,0,0,7,5,0.2857
4,228.0000,16,24,658.7315,-87.1174,-1.7085,7,0.1750,1.0000,8,7,5,0,0,7,5,0.2857
4,228.0000,16,26,885.1464,-87.1009,0.3933,3,0.0750,1.0000,8,8,7,0,0,8,7,0.1250
4,228.0000,16,33,556.6329,-85.9404,0.3737,10,0.2500,1.0000,8,6,4,0,0,6,4,0.3333
4,228.0000,16,35,351.7001,-78.1219,-1.1028,34,0.8500,0.4000,5,6,4,0,0,6,4,0.3333
4,228.0000,16,37,225.7398,-76.0488,0.4609,32,0.8000,0.0000,4,3,0,0,0,3,0,1.0000
4,228.0000,16,38,491.2058,-84.7780,0.2383,13,0.3250,0.8571,7,6,4,0,0,6,4,0.3333
4,228.0000,16,41,671.9636,-85.8362,-1.4326,4,0.1000,1.0000,10,8,8,0,0,8,8,0.0000
4,228.0000,16,42,775.5525,-86.6661,0.2958,4,0.1000,0.9000,10,8,7,0,0,8,7,0.1250
4,228.0000,16,43,555.2332,-85.4728,-0.7702,5,0.1250,0.8571,7,8,7,0,0,8,7,0.1250
4,228.0000,16,47,569.5050,-85.6737,0.4239,10,0.2500,0.8571,7,7,6,0,0,7,6,0.1429
4,228.0000,17,2,567.8647,-83.4891,-0.8956,16,0.4000,0.8571,7,7,5,0,0,7,5,0.2857
4,228.0000,17,3,612.0132,-85.1396,0.4476,10,0.2500,1.0000,8,6,4,0,0,6,4,0.3333
4,228.0000,17,4,506.4271,-82.2275,-0.0736,16,0.4000,0.6667,6,9,8,0,0,9,8,0.1111
4,228.0000,17,5,868.3868,-87.5352,0.2320,5,0.1250,1.0000,6,8,8,0,0,8,8,0.0000
4,228.0000,17,6,687.0411,-87.0088,0.9177,8,0.2000,0.8750,8,7,5,0,0,7,5,0.2857
4,228.0000,17,7,674.8424,-85.7694,0.3906,11,0.2750,1.0000,8,7,6,0,0,7,6,0.1429
4,228.0000,17,10,264.1048,-77.7443,-0.2799,33,0.8250,0.2000,5,4,0,0,0,4,0,1.0000
4,228.0000,17,11,358.7335,-81.2474,0.9373,19,0.4750,0.7143,7,8,7,0,0,8,7,0.1250
4,228.0000,17,14,556.9714,-84.0427,0.4212,15,0.3750,1.0000,8,8,8,0,0,8,8,0.0000
4,228.0000,17,16,254.9191,-77.8090,-0.3952,33,0.8250,0.0000,4,6,3,0,0,6,3,0.5000
4,228.0000,17,20,863.3681,-85.8669,0.7280,5,0.1250,1.0000,8,8,7,0,0,8,7,0.1250
4,228.0000,17,22,627.0979,-84.1337,-0.4637,15,0.3750,1.0000,8,7,6,0,0,7,6,0.1429
4,228.0000,17,23,580.8727,-84.6508,-0.3112,10,0.2500,0.6667,6,6,3,0,0,6,3,0.5000
4,228.0000,17,24,695.7180,-86.0943,-0.4592,13,0.3250,0.7143,7,8,8,0,0,8,8,0.0000
4,228.0000,17,26,746.7219,-87.2435,0.5966,7,0.1750,1.0000,8,8,8,0,0,8,8,0.0000
4,228.0000,17,29,795.4831,-86.9701,0.0900,6,0.1500,1.0000,8,8,8,0,0,8,8,0.0000
4,228.0000,17,33,628.8949,-85.6616,1.1295,13,0.3250,0.8750,8,8,8,0,0,8,8,0.0000
4,228.0000,17,35,415.1069,-81.8604,-0.2381,29,0.7250,0.5000,6,7,4,0,0,7,4,0.4286
4,228.0000,17,37,371.3567,-80.5176,-0.8475,30,0.7500,0.7143,7,7,6,0,0,7,6,0.1429
4,228.0000,17,38,586.9148,-85.2788,-0.6602,13,0.3250,1.0000,8,8,7,0,0,8,7,0.1250
4,228.0000,17,41,650.4857,-85.1708,-0.9906,11,0.2750,1.0000,8,7,6,0,0,7,6,0.1429
4,228.0000,17,42,602.7882,-85.1666,-0.2924,10,0.2500,0.7500,8,7,6,0,0,7,6,0.1429
4,228.0000,17,43,521.7784,-84.3920,-0.0573,12,0.3000,0.6667,6,7,6,0,0,7,6,0.1429
4,228.0000,17,47,675.1964,-86.4749,-0.6502,12,0.3000,0.8571,7,8,7,0,0,8,7,0.1250
4,228.0000,18,0,552.4337,-84.2053,-0.0224,22,0.5500,0.8571,7,5,1,0,0,5,1,0.8000
4,228.0000,18,1,395.4594,-81.0705,-0.4139,28,0.7000,0.2000,5,6,3,0,0,6,3,0.5000
4,228.0000,18,9,674.8386,-84.5113,-0.5782,17,0.4250,0.8750,8,8,7,0,0,8,7,0.1250
4,228.0000,18,13,728.3884,-87.6951,1.6670,4,0.1000,1.0000,8,8,7,0,0,8,7,0.1250
4,228.0000,18,19,769.4880,-86.7205,-0.2884,5,0.1250,0.8571,7,8,7,0,0,8,7,0.1250
4,228.0000,18,21,907.6681,-87.2134,-0.3641,5,0.1250,1.0000,8,6,6,0,0,6,6,0.0000
4,228.0000,18,25,493.3681,-83.7217,-0.3533,28,0.7000,0.6667,6,7,5,0,0,7,5,0.2857
4,228.0000,18,27,557.7423,-84.7522,0.2580,15,0.3750,0.6667,6,7,5,0,0,7,5,0.2857
4,228.0000,18,28,788.7094,-86.1904,0.1384,13,0.3250,1.0000,8,8,7,0,0,8,7,0.1250
4,228.0000,18,31,712.7576,-87.8999,-1.4154,6,0.1500,1.0000,8,7,6,0,0,7,6,0.1429
4,228.0000,18,32,910.4147,-87.2472,-0.2182,4,0.1000,1.0000,8,8,8,0,0,8,8,0.0000
4,228.0000,18,34,914.2280,-87.5663,-0.3669,3,0.0750,1.0000,8,8,8,0,0,8,8,0.0000
4,228.0000,18,39,679.9780,-85.2629,-0.1025,14,0.3500,0.2000,5,8,8,0,0,8,8,0.0000
4,228.0000,18,40,465.0905,-82.1061,-0.2286,25,0.6250,0.5000,6,8,7,0,0,8,7,0.1250
4,228.0000,18,44,1050.2214,-87.6382,-0.4867,5,0.1250,1.0000,8,6,6,0,0,6,6,0.0000
4,228.0000,18,45,887.8338,-88.0768,0.7586,6,0.1500,1.0000,8,4,3,0,0,4,3,0.2500
4,228.0000,18,46,257.9042,-78.6990,-0.0840,28,0.7000,0.4000,5,4,0,0,0,4,0,1.0000
4,228.0000,19,0,765.9232,-86.3767,-0.8685,6,0.1500,0.6667,6,8,6,0,0,8,6,0.2500
4,228.0000,19,1,734.7586,-86.8405,0.3050,9,0.2250,1.0000,8,8,8,0,0,8,8,0.0000
4,228.0000,19,8,913.0995,-87.9316,-0.7644,3,0.0750,1.0000,8,7,6,0,0,7,6,0.1429
4,228.0000,19,9,787.3856,-86.6624,0.6907,7,0.1750,0.8571,7,8,8,0,0,8,8,0.0000
4,228.0000,19,12,817.9461,-86.1502,-0.2869,9,0.2250,1.0000,8,8,8,0,0,8,8,0.0000
4,228.0000,19,13,783.6979,-88.0480,-1.4773,6,0.1500,1.0000,8,8,8,0,0,8,8,0.0000
4,228.0000,19,15,475.4478,-83.3605,-0.0513,22,0.5500,0.4000,5,7,5,0,0,7,5,0.2857
4,228.0000,19,18,769.4880,-86.9914,-0.1255,9,0.2250,0.8571,7,7,6,0,0,7,6,0.1429
4,228.0000,19,21,482.3022,-84.2297,-0.0356,22,0.5500,0.7500,8,7,3,0,0,7,3,0.5714
4,228.0000,19,25,642.3061,-85.7519,0.6411,15,0.3750,0.7143,7,6,4,0,0,6,4,0.3333
4,228.0000,19,27,305.4729,-80.5232,0.1891,26,0.6500,0.7143,7,5,0,0,0,5,0,1.0000
4,228.0000,19,28,112.2107,-69.1595,0.1052,37,0.9250,0.0000,4,4,0,0,0,4,0,1.0000
4,228.0000,19,30,355.3835,-79.3095,-0.8793,35,0.8750,0.2000,5,7,5,0,0,7,5,0.2857
4,228.0000,19,32,371.5801,-82.7757,0.4841,29,0.7250,0.8750,8,5,2,0,0,5,2,0.6000
4,228.0000,19,36,276.2428,-80.2084,0.4321,31,0.7750,0.4000,5,5,2,0,0,5,2,0.6000
4,228.0000,19,39,170.7325,-75.6022,0.6288,36,0.9000,0.2000,5,4,0,0,0,4,0,1.0000
4,228.0000,19,40,777.5891,-86.8343,-0.1276,6,0.1500,1.0000,6,7,6,0,0,7,6,0.1429
4,228.0000,19,44,576.0917,-84.6834,-0.3813,25,0.6250,0.8750,8,7,6,0,0,7,6,0.1429
4,228.0000,19,45,378.1213,-80.3600,-0.5624,25,0.6250,0.0000,4,7,5,0,0,7,5,0.2857
4,228.0000,19,46,549.2819,-83.5547,-0.5225,15,0.3750,0.0000,4,8,7,0,0,8,7,0.1250
4,228.0000,20,2,461.3610,-83.7509,0.9052,15,0.3750,0.4000,5,6,4,0,0,6,4,0.3333
4,228.0000,20,3,757.9911,-85.9112,-0.2370,11,0.2750,0.6000,5,8,8,0,0,8,8,0.0000
4,228.0000,20,4,641.4999,-85.8645,-0.3039,11,0.2750,0.7500,8,8,8,0,0,8,8,0.0000
4,228.0000,20,5,714.9091,-87.2011,0.5878,7,0.1750,0.8571,7,8,7,0,0,8,7,0.1250
4,228.0000,20,6,468.0017,-84.2372,0.9668,17,0.4250,0.8571,7,7,5,0,0,7,5,0.2857
4,228.0000,20,7,455.0477,-83.1466,-0.2963,17,0.4250,0.6667,6,8,7,0,0,8,7,0.1250
4,228.0000,20,8,302.7442,-80.4930,0.6439,22,0.5500,0.8000,5,5,1,0,0,5,1,0.8000
4,228.0000,20,10,1000.8639,-88.0183,-0.2715,3,0.0750,1.0000,4,8,8,0,0,8,8,0.0000
4,228.0000,20,11,726.6118,-86.8485,-0.6213,8,0.2000,0.7143,7,8,8,0,0,8,8,0.0000
4,228.0000,20,12,410.0380,-83.8549,-0.3674,16,0.4000,0.5000,6,6,4,0,0,6,4,0.3333
4,228.0000,20,13,790.1572,-88.4446,-0.4960,7,0.1750,1.0000,8,8,8,0,0,8,8,0.0000
4,228.0000,20,15,774.3550,-87.2648,-0.5819,11,0.2750,1.0000,8,8,8,0,0,8,8,0.0000
4,228.0000,20,16,925.4287,-89.2159,0.0194,5,0.1250,1.0000,8,7,6,0,0,7,6,0.1429
4,228.0000,20,17,863.3681,-87.5350,-0.6633,6,0.1500,1.0000,8,7,6,0,0,7,6,0.1429
4,228.0000,20,22,595.8547,-85.2056,-0.4518,16,0.4000,0.8571,7,8,8,0,0,8,8,0.0000
4,228.0000,20,23,555.5489,-84.9145,-0.1127,15,0.3750,0.7500,8,8,8,0,0,8,8,0.0000
4,228.0000,20,24,388.5294,-83.4380,-0.1124,18,0.4500,0.8571,7,6,6,0,0,6,6,0.0000
4,228.0000,20,26,740.0582,-87.4393,0.4783,7,0.1750,1.0000,8,8,8,0,0,8,8,0.0000
4,228.0000,20,29,850.2707,-87.0379,0.0116,6,0.1500,1.0000,8,8,7,0,0,8,7,0.1250
4,228.0000,20,31,850.9497,-87.2504,-0.2071,9,0.2250,1.0000,4,6,6,0,0,6,6,0.0000
4,228.0000,20,33,532.7478,-84.3168,-0.4177,17,0.4250,0.7500,8,8,7,0,0,8,7,0.1250
4,228.0000,20,34,655.4635,-86.6086,0.4024,11,0.2750,1.0000,8,8,7,0,0,8,7,0.1250
4,228.0000,20,37,981.0827,-88.0108,-0.4156,4,0.1000,1.0000,8,2,2,0,0,2,2,0.0000
4,228.0000,20,38,573.1749,-85.4415,0.4203,11,0.2750,0.5000,6,7,6,0,0,7,6,0.1429
4,228.0000,20,41,267.7218,-78.1346,0.3214,26,0.6500,0.6667,6,7,6,0,0,7,6,0.1429
4,228.0000,20,42,908.5690,-88.1575,-0.0985,8,0.2000,1.0000,6,6,6,0,0,6,6,0.0000
4,228.0000,20,43,370.6030,-80.2563,-1.2757,18,0.4500,0.8750,8,7,4,0,0,7,4,0.4286
4,228.0000,20,45,945.9474,-88.1604,-0.3473,5,0.1250,1.0000,6,8,8,0,0,8,8,0.0000
4,228.0000,20,47,575.7933,-85.1197,0.2003,15,0.3750,0.8750,8,7,6,0,0,7,6,0.1429
4,228.0000,21,0,573.2654,-85.0055,-0.3971,21,0.5250,0.8750,8,8,8,0,0,8,8,0.0000
4,228.0000,21,1,670.2304,-86.5524,0.7975,15,0.3750,0.7500,8,8,7,0,0,8,7,0.1250
4,228.0000,21,9,552.1914,-84.9051,-0.6242,25,0.6250,0.6667,6,7,4,0,0,7,4,0.4286
4,228.0000,21,15,879.4752,-86.9673,0.4562,3,0.0750,1.0000,8,8,8,0,0,8,8,0.0000
4,228.0000,21,18,907.6681,-86.8406,0.0877,9,0.2250,1.0000,8,8,8,0,0,8,8,0.0000
4,228.0000,21,19,482.3022,-83.6334,-0.0955,20,0.5000,1.0000,8,7,5,0,0,7,5,0.2857
4,228.0000,21,25,533.2889,-84.4743,-0.5062,22,0.5500,1.0000,8,6,4,0,0,6,4,0.3333
4,228.0000,21,27,445.1029,-82.4843,0.5213,21,0.5250,0.8571,7,6,4,0,0,6,4,0.3333
4,228.0000,21,28,390.0442,-83.3667,0.5805,24,0.6000,0.6667,6,5,2,0,0,5,2,0.6000
4,228.0000,21,30,373.4660,-81.8288,-0.4080,27,0.6750,0.0000,4,6,3,0,0,6,3,0.5000
4,228.0000,21,32,335.1441,-80.0479,-0.3401,32,0.8000,0.4000,5,5,1,0,0,5,1,0.8000
4,228.0000,21,36,290.8184,-79.8135,0.9267,31,0.7750,0.3333,6,4,0,0,0,4,0,1.0000
4,228.0000,21,39,419.0145,-82.1809,0.1631,26,0.6500,0.6667,6,6,4,0,0,6,4,0.3333
4,228.0000,21,40,637.7418,-86.3216,-0.1161,13,0.3250,0.6667,6,7,5,0,0,7,5,0.2857
4,228.0000,21,44,313.1245,-78.4780,-0.4091,38,0.9500,0.0000,4,5,2,0,0,5,2,0.6000
4,228.0000,21,45,540.8766,-83.2488,0.0843,19,0.4750,0.8750,8,8,7,0,0,8,7,0.1250
4,228.0000,21,46,710.3109,-86.6339,-0.1392,13,0.3250,0.8750,8,7,6,0,0,7,6,0.1429
4,228.0000,22,2,198.0738,-74.9827,-0.4159,37,0.9250,0.5000,6,6,4,0,0,6,4,0.3333
4,228.0000,22,3,253.4792,-76.9413,0.1579,36,0.9000,0.2000,5,4,0,0,0,4,0,1.0000
4,228.0000,22,4,804.2983,-87.6819,-0.4305,8,0.2000,1.0000,8,8,8,0,0,8,8,0.0000
4,228.0000,22,6,510.2565,-82.8802,-0.1449,19,0.4750,0.4000,5,8,8,0,0,8,8,0.0000
4,228.0000,22,7,456.0711,-83.8240,0.2411,20,0.5000,0.4000,5,6,4,0,0,6,4,0.3333
4,228.0000,22,8,864.6990,-88.8314,0.4905,4,0.1000,1.0000,8,8,8,0,0,8,8,0.0000
4,228.0000,22,10,824.9744,-86.2122,-0.3050,7,0.1750,1.0000,6,6,5,0,0,6,5,0.1667
4,228.0000,22,11,629.6192,-84.1532,0.3160,14,0.3500,0.8750,8,10,8,0,0,10,8,0.2000
4,228.0000,22,16,602.8547,-85.5993,0.7655,17,0.4250,0.8571,7,7,6,0,0,7,6,0.1429
4,228.0000,22,17,627.0979,-84.5000,-0.5534,18,0.4500,0.7143,7,8,8,0,0,8,8,0.0000
4,228.0000,22,20,595.8547,-84.2425,-0.1842,14,0.3500,1.0000,8,7,6,0,0,7,6,0.1429
4,228.0000,22,23,63.7375,-61.3786,-0.3187,38,0.9500,0.0000,4,4,0,0,0,4,0,1.0000
4,228.0000,22,24,489.1673,-82.8641,-0.2360,20,0.5000,0.7143,7,6,4,0,0,6,4,0.3333
4,228.0000,22,33,233.5410,-76.7005,-0.0365,38,0.9500,0.2000,5,5,2,0,0,5,2,0.6000
4,228.0000,22,34,1108.3623,-88.5137,0.0710,5,0.1250,1.0000,8,8,8,0,0,8,8,0.0000
4,228.0000,22,35,932.0116,-87.3654,0.2600,8,0.2000,1.0000,8,8,8,0,0,8,8,0.0000
4,228.0000,22,37,771.4986,-85.4982,0.2540,13,0.3250,1.0000,8,6,6,0,0,6,6,0.0000
4,228.0000,22,38,313.9609,-79.6071,0.0099,31,0.7750,0.5000,6,5,1,0,0,5,1,0.8000
4,228.0000,22,41,433.1945,-82.7004,0.4118,20,0.5000,0.5000,6,7,4,0,0,7,4,0.4286
4,228.0000,22,42,1053.4146,-88.1338,-0.8337,4,0.1000,1.0000,2,8,8,0,0,8,8,0.0000
4,228.0000,22,43,379.4426,-80.4711,-0.1430,23,0.5750,0.6667,6,6,4,0,0,6,4,0.3333
4,228.0000,22,47,346.2020,-79.9565,0.0998,29,0.7250,0.8750,8,7,4,0,0,7,4,0.4286
4,228.0000,23,2,147.5499,-73.6127,1.3124,34,0.8500,0.5000,6,6,3,0,0,6,3,0.5000
4,228.0000,23,3,268.7952,-78.4186,0.3561,33,0.8250,0.0000,4,5,2,0,0,5,2,0.6000
4,228.0000,23,4,741.6976,-85.8450,-0.2541,5,0.1250,0.8571,7,8,8,0,0,8,8,0.0000
4,228.0000,23,6,470.4038,-81.9566,-0.3450,21,0.5250,0.5000,4,9,7,0,0,9,7,0.2222
4,228.0000,23,7,417.8724,-82.3940,0.0406,20,0.5000,1.0000,8,6,4,0,0,6,4,0.3333
4,228.0000,23,8,816.9201,-87.0482,-0.7216,7,0.1750,1.0000,8,6,4,0,0,6,4,0.3333
4,228.0000,23,10,778.0198,-86.3452,-0.5486,6,0.1500,1.0000,8,8,7,0,0,8,7,0.1250
4,228.0000,23,11,577.4409,-85.4544,0.8371,11,0.2750,1.0000,8,8,7,0,0,8,7,0.1250
4,228.0000,23,12,917.8279,-88.8806,0.0027,3,0.0750,1.0000,4,8,8,0,0,8,8,0.0000
4,228.0000,23,14,974.5133,-88.7939,0.4226,4,0.1000,1.0000,6,4,4,0,0,4,4,0.0000
4,228.0000,23,16,569.1925,-85.3090,0.8645,12,0.3000,1.0000,8,5,2,0,0,5,2,0.6000
4,228.0000,23,17,580.8727,-84.4064,0.2573,14,0.3500,0.8571,7,7,6,0,0,7,6,0.1429
4,228.0000,23,20,555.5489,-84.1968,0.3210,14,0.3500,0.8571,7,5,3,0,0,5,3,0.4000
4,228.0000,23,22,63.7375,-61.3654,-0.2946,34,0.8500,0.1667,6,5,1,0,0,5,1,0.8000
4,228.0000,23,24,446.7899,-82.7635,0.0133,13,0.3250,0.8571,7,8,7,0,0,8,7,0.1250
4,228.0000,23,33,212.1096,-76.2537,-0.2920,35,0.8750,0.2234,94,7,3,86,21,93,24,0.7419
4,228.0000,23,35,889.3598,-88.0531,0.3266,5,0.1250,1.0000,8,8,8,0,0,8,8,0.0000
4,228.0000,23,37,730.9184,-86.1810,0.5740,9,0.2250,0.8571,7,8,8,0,0,8,8,0.0000
4,228.0000,23,38,285.6683,-79.0681,0.4513,25,0.6250,0.3333,6,6,3,0,0,6,3,0.5000
4,228.0000,23,41,382.0336,-80.9519,-0.0908,22,0.5500,0.8571,7,9,8,0,0,9,8,0.1111
4,228.0000,23,43,319.3926,-78.5227,0.1427,27,0.6750,0.5000,6,7,5,0,0,7,5,0.2857
4,228.0000,23,47,329.0250,-80.6449,0.4747,28,0.7000,0.4000,5,5,2,0,0,5,2,0.6000
4,228.0000,24,2,300.8670,-78.5028,0.1123,29,0.7436,0.4000,5,4,2,0,0,4,2,0.5000
4,228.0000,24,3,512.5060,-82.1266,-0.5187,24,0.6154,0.6667,6,8,6,0,0,8,6,0.2500
4,228.0000,24,4,663.4220,-86.2709,0.2349,10,0.2564,0.8750,8,8,8,0,0,8,8,0.0000
4,228.0000,24,5,703.5939,-86.9127,2.1996,7,0.1795,0.8571,7,8,8,0,0,8,8,0.0000
4,228.0000,24,6,79.7886,-68.6046,1.4560,37,0.9487,0.2000,5,5,1,0,0,5,1,0.8000
4,228.0000,24,7,79.0963,-59.8221,-3.1928,39,1.0000,0.3333,6,5,1,0,0,5,1,0.8000
4,228.0000,24,8,617.6704,-86.1815,-0.4236,7,0.1795,1.0000,8,8,8,0,0,8,8,0.0000
4,228.0000,24,10,771.2269,-85.9993,-0.3203,11,0.2821,0.8750,8,6,4,0,0,6,4,0.3333
4,228.0000,24,11,449.0096,-81.1610,-0.8341,18,0.4615,0.4000,5,6,3,0,0,6,3,0.5000
4,228.0000,24,12,686.9079,-86.4731,0.3953,5,0.1282,1.0000,4,7,6,0,0,7,6,0.1429
4,228.0000,24,14,801.4947,-86.5079,0.3933,10,0.2564,1.0000,8,7,6,0,0,7,6,0.1429
4,228.0000,24,16,658.7315,-85.7395,-0.0322,17,0.4359,1.0000,8,8,6,0,0,8,6,0.2500
4,228.0000,24,17,695.7180,-85.5576,0.1101,20,0.5128,0.8750,8,8,7,0,0,8,7,0.1250
4,228.0000,24,20,388.5294,-81.5231,0.4561,19,0.4872,0.5000,6,5,2,0,0,5,2,0.6000
4,228.0000,24,22,489.1673,-82.4715,-0.9606,22,0.5641,0.5000,6,6,2,0,0,6,2,0.6667
4,228.0000,24,23,446.7899,-82.4923,0.2932,24,0.6154,0.8571,7,6,4,0,0,6,4,0.3333
4,228.0000,24,29,809.2773,-87.1247,5.1250,3,0.0769,1.0000,8,8,8,0,0,8,8,0.0000
4,228.0000,24,31,930.2923,-87.8839,1.2744,4,0.1026,1.0000,8,8,8,0,0,8,8,0.0000
4,228.0000,24,33,291.6366,-78.6702,0.1079,30,0.7692,0.5000,6,6,3,0,0,6,3,0.5000
4,228.0000,24,34,701.9904,-86.9142,1.1844,6,0.1538,0.8571,7,8,7,0,0,8,7,0.1250
4,228.0000,24,35,851.6627,-86.2684,-1.4509,9,0.2308,1.0000,8,4,4,0,0,4,4,0.0000
4,228.0000,24,37,682.9405,-84.8461,-1.7092,15,0.3846,0.7143,7,8,8,0,0,8,8,0.0000
4,228.0000,24,38,268.1186,-78.5143,0.5550,29,0.7436,0.2000,5,6,4,0,0,6,4,0.3333
4,228.0000,24,41,170.5589,-75.9253,1.4216,32,0.8205,0.0000,4,5,2,0,0,5,2,0.6000
4,228.0000,24,42,862.9077,-86.8840,1.2511,4,0.1026,0.8750,8,8,8,0,0,8,8,0.0000
4,228.0000,24,43,237.4209,-77.1135,-0.0599,34,0.8718,0.3333,6,7,4,0,0,7,4,0.4286
4,228.0000,24,47,263.1014,-79.4560,0.3827,31,0.7949,0.2000,5,7,4,0,0,7,4,0.4286
4,228.0000,25,0,176.8007,-73.4253,-0.5274,36,0.8780,0.0000,4,5,1,0,0,5,1,0.8000
4,228.0000,25,1,144.7980,-73.4436,1.0259,36,0.8780,0.0000,4,4,0,0,0,4,0,1.0000
4,228.0000,25,9,205.7494,-72.9468,-1.5838,37,0.9024,0.0000,4,5,0,0,0,5,0,1.0000
4,228.0000,25,18,493.3681,-82.9225,-0.1250,22,0.5366,0.5000,6,6,2,0,0,6,2,0.6667
4,228.0000,25,19,642.3061,-86.2412,0.2997,7,0.1707,0.5000,6,6,3,0,0,6,3,0.5000
4,228.0000,25,21,533.2889,-84.7082,-0.2517,18,0.4390,0.8571,7,4,0,0,0,4,0,1.0000
4,228.0000,25,27,458.2591,-82.3064,0.1431,22,0.5366,0.7143,7,6,3,0,0,6,3,0.5000
4,228.0000,25,28,587.6265,-85.2118,0.1126,16,0.3902,0.8333,6,10,9,0,0,10,9,0.1000
4,228.0000,25,30,792.2959,-86.4234,0.6030,9,0.2195,0.8571,7,8,7,0,0,8,7,0.1250
4,228.0000,25,32,574.3495,-84.0318,-0.2627,25,0.6098,0.8571,7,7,6,0,0,7,6,0.1429
4,228.0000,25,36,637.7581,-85.5247,0.9007,14,0.3415,1.0000,8,8,8,0,0,8,8,0.0000
4,228.0000,25,39,488.1848,-84.6406,0.3871,20,0.4878,0.6667,6,7,4,0,0,7,4,0.4286
4,228.0000,25,40,221.7542,-78.3412,1.1853,33,0.8049,0.3333,6,4,0,0,0,4,0,1.0000
4,228.0000,25,44,632.6718,-85.6880,0.1751,21,0.5122,0.5000,6,8,6,0,0,8,6,0.2500
4,228.0000,25,45,805.5874,-86.9033,0.7786,5,0.1220,1.0000,8,8,8,0,0,8,8,0.0000
4,228.0000,25,46,443.2859,-83.3823,-0.0768,16,0.3902,0.0000,3,4,0,0,0,4,0,1.0000
4,228.0000,26,2,866.3169,-87.9488,0.3088,6,0.1500,1.0000,8,6,6,0,0,6,6,0.0000
4,228.0000,26,4,320.3665,-80.6303,0.9722,20,0.5000,0.8571,7,5,1,0,0,5,1,0.8000
4,228.0000,26,5,204.7614,-75.6746,-0.3748,31,0.7750,0.2000,5,4,0,0,0,4,0,1.0000
4,228.0000,26,6,766.9432,-86.6509,0.9468,3,0.0750,1.0000,6,8,7,0,0,8,7,0.1250
4,228.0000,26,7,794.7056,-87.2942,-0.0768,3,0.0750,1.0000,8,8,8,0,0,8,8,0.0000
4,228.0000,26,8,619.1217,-85.2040,-0.6126,14,0.3500,0.6667,6,7,6,0,0,7,6,0.1429
4,228.0000,26,10,727.9523,-85.9816,0.5175,10,0.2500,0.8571,7,7,6,0,0,7,6,0.1429
4,228.0000,26,11,628.1351,-86.9678,0.8075,9,0.2250,1.0000,8,8,6,0,0,8,6,0.2500
4,228.0000,26,12,575.1243,-84.4467,0.0271,15,0.3750,0.8571,7,6,4,0,0,6,4,0.3333
4,228.0000,26,13,393.4209,-80.6298,0.0894,24,0.6000,0.5000,6,7,5,0,0,7,5,0.2857
4,228.0000,26,14,586.7169,-85.6656,1.0740,11,0.2750,1.0000,8,6,4,0,0,6,4,0.3333
4,228.0000,26,16,885.1464,-88.2172,-0.6386,5,0.1250,1.0000,6,8,8,0,0,8,8,0.0000
4,228.0000,26,17,746.7219,-88.0048,-0.7983,8,0.2000,0.8333,6,8,7,0,0,8,7,0.1250
4,228.0000,26,18,1043.9786,-88.4539,0.0008,5,0.1250,1.0000,2,6,6,0,0,6,6,0.0000
4,228.0000,26,20,740.0582,-89.1486,-0.6237,4,0.1000,1.0000,8,8,8,0,0,8,8,0.0000
4,228.0000,26,22,1036.6331,-88.8321,0.7382,4,0.1000,1.0000,6,2,2,0,0,2,2,0.0000
4,228.0000,26,24,745.3072,-86.6465,0.8069,7,0.1750,1.0000,7,10,10,0,0,10,10,0.0000
4,228.0000,26,27,1046.6218,-87.8847,-3.8112,3,0.0750,1.0000,8,4,4,0,0,4,4,0.0000
4,228.0000,26,29,140.9758,-71.3259,-0.7655,31,0.7750,0.0000,4,4,0,0,0,4,0,1.0000
4,228.0000,26,31,358.6655,-80.4911,-0.2944,29,0.7250,0.4000,5,8,7,0,0,8,7,0.1250
4,228.0000,26,34,373.8763,-82.1448,0.2171,21,0.5250,0.5714,7,7,4,0,0,7,4,0.4286
4,228.0000,26,35,825.4335,-88.0096,-0.2907,11,0.2750,1.0000,8,6,5,0,0,6,5,0.1667
4,228.0000,26,37,810.2012,-86.6790,0.1626,7,0.1750,0.8571,7,6,6,0,0,6,6,0.0000
4,228.0000,26,41,693.5574,-87.6324,-0.4187,7,0.1750,0.8750,8,7,6,0,0,7,6,0.1429
4,228.0000,26,42,284.8348,-80.8354,1.1833,27,0.6750,0.2000,5,5,2,0,0,5,2,0.6000
4,228.0000,26,43,673.8751,-85.7150,0.6690,8,0.2000,0.8571,7,8,7,0,0,8,7,0.1250
4,228.0000,26,45,996.0812,-87.9793,-0.1125,5,0.1250,1.0000,6,8,8,0,0,8,8,0.0000
4,228.0000,26,46,949.4124,-88.4907,1.3331,4,0.1000,1.0000,8,6,6,0,0,6,6,0.0000
4,228.0000,26,47,953.4665,-88.7429,0.2400,3,0.0750,1.0000,4,8,8,0,0,8,8,0.0000
4,228.0000,27,0,538.6583,-83.7287,-0.7521,33,0.8250,0.8750,8,7,5,0,0,7,5,0.2857
4,228.0000,27,1,527.3865,-84.2905,-0.3225,33,0.8250,0.6000,5,8,5,0,0,8,5,0.3750
4,228.0000,27,5,971.5565,-87.9711,-1.1444,3,0.0750,1.0000,8,8,8,0,0,8,8,0.0000
4,228.0000,27,8,916.7939,-87.4910,0.4223,4,0.1000,1.0000,8,6,6,0,0,6,6,0.0000
4,228.0000,27,9,620.8691,-85.0725,-0.1169,30,0.7500,0.5714,7,5,1,0,0,5,1,0.8000
4,228.0000,27,12,807.6780,-87.5950,-0.7071,7,0.1750,1.0000,8,8,8,0,0,8,8,0.0000
4,228.0000,27,13,664.4258,-85.5086,1.0547,8,0.2000,0.8750,8,8,7,0,0,8,7,0.1250
4,228.0000,27,15,669.5932,-86.0979,0.1610,13,0.3250,1.0000,8,7,6,0,0,7,6,0.1429
4,228.0000,27,18,557.7423,-83.7567,-0.2935,28,0.7000,0.8333,6,8,7,0,0,8,7,0.1250
4,228.0000,27,19,305.4729,-81.2760,0.8604,30,0.7500,0.5000,6,5,1,0,0,5,1,0.8000
4,228.0000,27,21,445.1029,-82.8980,-0.0465,33,0.8250,0.5714,7,6,4,0,0,6,4,0.3333
4,228.0000,27,25,458.2591,-82.8579,-0.1043,35,0.8750,0.4000,5,7,4,0,0,7,4,0.4286
4,228.0000,27,26,1046.6218,-89.4758,-0.2625,5,0.1250,1.0000,2,4,4,0,0,4,4,0.0000
4,228.0000,27,28,316.8087,-80.3920,0.2221,32,0.8000,0.3333,6,7,5,0,0,7,5,0.2857
4,228.0000,27,30,546.4257,-84.6123,-0.7002,24,0.6000,0.6667,6,7,6,0,0,7,6,0.1429
4,228.0000,27,31,729.5461,-86.8255,0.4050,7,0.1750,1.0000,8,8,8,0,0,8,8,0.0000
4,228.0000,27,32,506.0692,-83.5836,-0.2364,30,0.7500,0.8571,7,5,1,0,0,5,1,0.8000
4,228.0000,27,34,843.6992,-86.6526,-0.2105,6,0.1500,1.0000,8,8,8,0,0,8,8,0.0000
4,228.0000,27,36,435.2224,-83.3868,0.4392,32,0.8000,0.6667,6,7,5,0,0,7,5,0.2857
4,228.0000,27,39,274.0950,-77.9001,-0.0951,36,0.9000,0.0000,4,4,0,0,0,4,0,1.0000
4,228.0000,27,40,523.4374,-83.3134,-0.4782,29,0.7250,0.5714,7,7,6,0,0,7,6,0.1429
4,228.0000,27,44,654.8748,-85.5000,-0.3519,28,0.7000,0.8571,7,7,5,0,0,7,5,0.2857
4,228.0000,27,45,368.3511,-83.0523,0.0346,29,0.7250,0.8571,7,5,2,0,0,5,2,0.6000
4,228.0000,27,46,312.1549,-78.7647,-0.3726,36,0.9000,0.4286,7,6,4,0,0,6,4,0.3333
4,228.0000,28,0,710.6392,-85.8508,-0.3587,16,0.4000,0.8571,7,6,4,0,0,6,4,0.3333
4,228.0000,28,1,695.7395,-87.1364,-0.3547,11,0.2750,0.8571,7,8,6,0,0,8,6,0.2500
4,228.0000,28,9,712.3887,-86.3040,0.5529,18,0.4500,0.8571,7,8,8,0,0,8,8,0.0000
4,228.0000,28,12,913.1635,-86.8167,-0.6103,5,0.1250,1.0000,8,4,4,0,0,4,4,0.0000
4,228.0000,28,13,874.3650,-87.5281,-0.9119,5,0.1250,1.0000,8,8,8,0,0,8,8,0.0000
4,228.0000,28,15,570.8067,-83.8887,0.4946,15,0.3750,0.8571,7,8,6,0,0,8,6,0.2500
4,228.0000,28,18,788.7094,-85.2781,0.0812,12,0.3000,0.8571,7,7,6,0,0,7,6,0.1429
4,228.0000,28,19,112.2107,-68.8054,-0.2636,38,0.9500,0.2000,5,6,2,0,0,6,2,0.6667
4,228.0000,28,21,390.0442,-82.8189,0.1815,32,0.8000,0.5000,6,4,0,0,0,4,0,1.0000
4,228.0000,28,25,587.6265,-85.2457,0.1281,21,0.5250,0.6667,6,6,4,0,0,6,4,0.3333
4,228.0000,28,27,316.8087,-79.3768,0.2117,29,0.7250,0.4000,5,5,2,0,0,5,2,0.6000
4,228.0000,28,30,292.6879,-78.4989,-0.6205,38,0.9500,0.2000,5,4,0,0,0,4,0,1.0000
4,228.0000,28,31,946.6824,-86.6058,0.4888,4,0.1000,1.0000,8,8,8,0,0,8,8,0.0000
4,228.0000,28,32,263.6473,-81.1805,1.1516,34,0.8500,0.3333,6,4,0,0,0,4,0,1.0000
4,228.0000,28,34,989.9130,-88.4270,-0.2144,4,0.1000,1.0000,8,8,8,0,0,8,8,0.0000
4,228.0000,28,36,177.8686,-77.2149,1.6014,38,0.9500,0.0000,4,4,0,0,0,4,0,1.0000
4,228.0000,28,39,123.8045,-71.7870,-0.2669,35,0.8750,0.0000,4,4,0,0,0,4,0,1.0000
4,228.0000,28,40,737.5340,-85.9697,0.3277,11,0.2750,0.6000,5,8,8,0,0,8,8,0.0000
4,228.0000,28,44,464.6260,-83.6462,0.0563,24,0.6000,0.8571,7,5,2,0,0,5,2,0.6000
4,228.0000,28,45,423.4628,-80.3875,-0.7335,30,0.7500,0.5000,6,8,8,0,0,8,8,0.0000
4,228.0000,28,46,576.8835,-83.6226,-0.8457,18,0.4500,0.8571,7,8,7,0,0,8,7,0.1250
4,228.0000,29,2,951.0629,-89.1213,-0.4398,5,0.1250,1.0000,6,8,8,0,0,8,8,0.0000
4,228.0000,29,4,432.0059,-82.7848,0.4818,16,0.4000,1.0000,8,7,5,0,0,7,5,0.2857
4,228.0000,29,5,209.2218,-75.2197,-0.1013,32,0.8000,0.0000,4,5,1,0,0,5,1,0.8000
4,228.0000,29,6,818.9511,-86.5338,-0.0027,3,0.0750,1.0000,6,8,8,0,0,8,8,0.0000
4,228.0000,29,7,853.0065,-87.7089,0.7877,7,0.1750,1.0000,8,8,7,0,0,8,7,0.1250
4,228.0000,29,8,738.1100,-86.0748,0.0559,5,0.1250,0.8571,7,8,8,0,0,8,8,0.0000
4,228.0000,29,10,728.4784,-86.6632,-0.7404,11,0.2750,1.0000,20,6,6,0,0,6,6,0.0000
4,228.0000,29,11,650.5367,-86.8680,0.2144,7,0.1750,1.0000,8,8,8,0,0,8,8,0.0000
4,228.0000,29,12,686.8854,-86.3851,0.7866,9,0.2250,1.0000,8,6,6,0,0,6,6,0.0000
4,228.0000,29,13,433.1513,-81.7441,0.5990,20,0.5000,0.7143,7,8,6,0,0,8,6,0.2500
4,228.0000,29,14,526.3394,-83.6529,0.4516,15,0.3750,0.8889,63,6,3,135,117,141,120,0.1489
4,228.0000,29,15,1087.9850,-87.4639,0.5055,3,0.0750,1.0000,6,4,4,0,0,4,4,0.0000
4,228.0000,29,16,912.6295,-88.1451,-1.0378,4,0.1000,1.0000,4,6,6,0,0,6,6,0.0000
4,228.0000,29,17,795.4831,-87.6239,0.3332,8,0.2000,1.0000,8,6,6,0,0,6,6,0.0000
4,228.0000,29,18,1015.3262,-87.7359,0.1046,6,0.1500,1.0000,6,6,6,0,0,6,6,0.0000
4,228.0000,29,20,850.2707,-87.9791,0.0700,4,0.1000,0.8571,7,8,8,0,0,8,8,0.0000
4,228.0000,29,24,809.2773,-87.9365,0.5592,7,0.1750,1.0000,8,8,8,0,0,8,8,0.0000
4,228.0000,29,26,140.9758,-70.8174,-0.4078,35,0.8750,0.2000,5,4,0,0,0,4,0,1.0000
4,228.0000,29,31,365.3831,-81.2375,-0.4445,25,0.6250,0.2000,5,6,4,0,0,6,4,0.3333
4,228.0000,29,34,402.4910,-81.6869,0.3604,23,0.5750,0.6667,6,7,6,0,0,7,6,0.1429
4,228.0000,29,35,801.4346,-87.1518,0.0390,10,0.2500,0.8750,8,8,8,0,0,8,8,0.0000
4,228.0000,29,37,804.1405,-88.3730,0.0862,6,0.1500,1.0000,8,8,8,0,0,8,8,0.0000
4,228.0000,29,41,783.0031,-87.9829,-1.1540,5,0.1250,1.0000,8,8,8,0,0,8,8,0.0000
4,228.0000,29,42,297.4996,-80.5546,-0.0245,29,0.7250,0.8750,8,7,3,0,0,7,3,0.5714
4,228.0000,29,43,762.0734,-87.5748,0.1342,5,0.1250,1.0000,8,7,6,0,0,7,6,0.1429
4,228.0000,29,47,1012.3585,-89.1563,0.3069,3,0.0750,1.0000,6,8,8,0,0,8,8,0.0000
4,228.0000,30,0,886.0411,-87.1671,-1.0743,3,0.0750,1.0000,8,8,8,0,0,8,8,0.0000
4,228.0000,30,1,921.2972,-87.3677,0.3826,3,0.0750,1.0000,8,8,8,0,0,8,8,0.0000
4,228.0000,30,9,861.0446,-88.3344,0.0619,5,0.1250,1.0000,8,8,7,0,0,8,7,0.1250
4,228.0000,30,15,626.5244,-85.6777,0.4620,5,0.1250,0.8571,7,8,8,0,0,8,8,0.0000
4,228.0000,30,18,1065.8275,-88.4679,1.9320,3,0.0750,1.0000,4,8,8,0,0,8,8,0.0000
4,228.0000,30,19,355.3835,-80.2354,-0.3723,27,0.6750,0.0000,4,5,2,0,0,5,2,0.6000
4,228.0000,30,21,373.4660,-81.3757,1.0339,24,0.6000,0.8750,8,6,3,0,0,6,3,0.5000
4,228.0000,30,25,792.2959,-86.8402,0.6108,5,0.1250,0.8571,7,8,8,0,0,8,8,0.0000
4,228.0000,30,27,546.4257,-84.3531,-0.1989,15,0.3750,0.6667,6,7,6,0,0,7,6,0.1429
4,228.0000,30,28,292.6879,-78.8517,0.0800,27,0.6750,0.3333,6,5,2,0,0,5,2,0.6000
4,228.0000,30,32,305.9172,-81.1062,1.4989,28,0.7000,0.5000,6,4,0,0,0,4,0,1.0000
4,228.0000,30,36,160.2998,-73.4104,1.0903,36,0.9000,0.0000,4,4,0,0,0,4,0,1.0000
4,228.0000,30,39,406.3129,-81.8772,0.4687,24,0.6000,0.4000,5,4,0,0,0,4,0,1.0000
4,228.0000,30,40,934.2511,-87.1890,0.3252,4,0.1000,1.0000,8,8,8,0,0,8,8,0.0000
4,228.0000,30,44,398.0839,-81.9920,0.4900,28,0.7000,0.0000,4,6,3,0,0,6,3,0.5000
4,228.0000,30,45,481.4067,-81.6836,-0.5771,20,0.5000,0.5000,6,8,8,0,0,8,8,0.0000
4,228.0000,30,46,843.8119,-85.6263,-0.7307,6,0.1500,1.0000,8,8,8,0,0,8,8,0.0000
4,228.0000,31,1,1019.4245,-88.6876,0.0754,4,0.1000,1.0000,2,4,4,0,0,4,4,0.0000
4,228.0000,31,4,644.6091,-85.9836,-0.8627,9,0.2250,1.0000,8,8,7,0,0,8,7,0.1250
4,228.0000,31,5,270.8315,-76.0790,-0.3864,30,0.7500,0.4286,7,6,3,0,0,6,3,0.5000
4,228.0000,31,8,636.1754,-85.0145,-0.2926,10,0.2500,0.8571,7,8,8,0,0,8,8,0.0000
4,228.0000,31,11,932.4161,-88.6118,-0.2832,3,0.0750,1.0000,8,4,4,0,0,4,4,0.0000
4,228.0000,31,12,537.3143,-84.4872,-1.0219,11,0.2750,0.6667,9,8,7,0,0,8,7,0.1250
4,228.0000,31,13,106.6089,-69.0332,-0.1034,36,0.9000,0.0976,82,4,0,80,9,84,9,0.8929
4,228.0000,31,14,877.9125,-88.2856,-0.1077,4,0.1000,1.0000,2,4,4,0,0,4,4,0.0000
4,228.0000,31,15,812.6678,-87.2466,0.7153,7,0.1750,0.8000,5,8,8,0,0,8,8,0.0000
4,228.0000,31,18,712.7576,-86.6356,-0.3337,8,0.2000,1.0000,8,8,7,0,0,8,7,0.1250
4,228.0000,31,19,857.0725,-88.6324,0.1038,5,0.1250,1.0000,8,8,8,0,0,8,8,0.0000
4,228.0000,31,24,930.2923,-88.3842,0.2353,5,0.1250,1.0000,8,6,6,0,0,6,6,0.0000
4,228.0000,31,26,358.6655,-80.3031,-0.6703,24,0.6000,0.2000,5,6,3,0,0,6,3,0.5000
4,228.0000,31,27,729.5461,-86.6980,0.4373,7,0.1750,1.0000,8,7,5,0,0,7,5,0.2857
4,228.0000,31,28,946.6824,-87.2627,0.5162,7,0.1750,1.0000,6,8,8,0,0,8,8,0.0000
4,228.0000,31,29,365.3831,-80.6948,-0.3765,30,0.7500,0.2000,5,7,5,0,0,7,5,0.2857
4,228.0000,31,34,260.5083,-76.3716,-1.1394,34,0.8500,0.5714,7,6,3,0,0,6,3,0.5000
4,228.0000,31,39,914.2625,-88.4071,-1.5656,3,0.0750,1.0000,8,8,8,0,0,8,8,0.0000
4,228.0000,31,41,891.3816,-88.2040,0.7099,4,0.1000,1.0000,8,8,8,0,0,8,8,0.0000
4,228.0000,31,42,614.2431,-85.4784,0.3808,11,0.2750,1.0000,8,7,6,0,0,7,6,0.1429
4,228.0000,31,43,918.5965,-88.2537,0.2834,5,0.1250,1.0000,8,8,8,0,0,8,8,0.0000
4,228.0000,31,45,763.0803,-85.5104,0.4096,7,0.1750,1.0000,8,8,8,0,0,8,8,0.0000
4,228.0000,31,46,607.9603,-83.8436,-0.5751,14,0.3500,0.8750,8,8,8,0,0,8,8,0.0000
4,228.0000,32,0,696.6915,-85.2628,-0.8792,21,0.5250,0.5714,7,8,7,0,0,8,7,0.1250
4,228.0000,32,1,706.6398,-86.3512,0.0665,14,0.3500,1.0000,8,8,8,0,0,8,8,0.0000
4,228.0000,32,9,631.3547,-86.3813,0.1187,19,0.4750,0.6667,6,6,4,0,0,6,4,0.3333
4,228.0000,32,15,800.1131,-87.8026,-0.0101,5,0.1250,0.8750,8,8,7,0,0,8,7,0.1250
4,228.0000,32,18,910.4147,-86.8124,-2.0453,7,0.1750,1.0000,8,8,8,0,0,8,8,0.0000
4,228.0000,32,19,371.5801,-82.9861,0.2579,21,0.5250,0.5000,6,6,4,0,0,6,4,0.3333
4,228.0000,32,21,335.1441,-79.9400,-0.0392,34,0.8500,0.0000,4,5,1,0,0,5,1,0.8000
4,228.0000,32,25,574.3495,-84.3413,-0.8859,21,0.5250,0.5000,6,8,6,0,0,8,6,0.2500
4,228.0000,32,27,506.0692,-84.4826,0.6535,23,0.5750,0.8750,8,6,4,0,0,6,4,0.3333
4,228.0000,32,28,263.6473,-80.1984,1.2448,28,0.7000,0.4000,5,4,0,0,0,4,0,1.0000
4,228.0000,32,30,305.9172,-81.0409,0.3672,30,0.7500,0.4000,5,4,0,0,0,4,0,1.0000
4,228.0000,32,36,177.2505,-76.6434,0.3341,35,0.8750,0.2000,5,4,0,0,0,4,0,1.0000
4,228.0000,32,39,285.4388,-81.3996,0.9019,28,0.7000,0.4000,5,6,3,0,0,6,3,0.5000
4,228.0000,32,40,760.4648,-86.6906,0.3486,11,0.2750,0.8571,7,8,8,0,0,8,8,0.0000
4,228.0000,32,44,225.7800,-73.6093,-1.1155,37,0.9250,0.0000,4,4,0,0,0,4,0,1.0000
4,228.0000,32,45,642.8630,-85.6050,-0.0623,12,0.3000,0.8571,7,6,4,0,0,6,4,0.3333
4,228.0000,32,46,739.3992,-86.9858,-0.2038,11,0.2750,0.8571,7,8,7,0,0,8,7,0.1250
4,228.0000,33,2,129.8912,-73.8520,1.9569,31,0.7750,0.0000,4,4,0,0,0,4,0,1.0000
4,228.0000,33,3,237.1881,-75.8231,-0.3712,35,0.8750,0.0000,4,5,2,0,0,5,2,0.6000
4,228.0000,33,4,769.8699,-87.0953,0.0204,7,0.1750,0.8750,8,7,6,0,0,7,6,0.1429
4,228.0000,33,5,946.2476,-89.3163,2.3845,3,0.0750,0.8750,8,8,8,0,0,8,8,0.0000
4,228.0000,33,6,293.4051,-77.7834,-0.1814,34,0.8500,0.2000,5,7,6,0,0,7,6,0.1429
4,228.0000,33,7,239.4215,-78.2850,0.9198,31,0.7750,0.2500,4,7,2,0,0,7,2,0.7143
4,228.0000,33,8,807.3305,-87.8325,-0.4903,8,0.2000,1.0000,8,7,6,0,0,7,6,0.1429
4,228.0000,33,10,763.1286,-86.6069,0.3099,8,0.2000,0.8571,7,7,6,0,0,7,6,0.1429
4,228.0000,33,11,499.3739,-83.3776,0.4909,20,0.5000,0.7500,8,7,5,0,0,7,5,0.2857
4,228.0000,33,12,898.3315,-88.1694,0.0127,4,0.1000,1.0000,8,8,8,0,0,8,8,0.0000
4,228.0000,33,14,904.6961,-87.7443,-0.2280,8,0.2000,1.0000,8,6,6,0,0,6,6,0.0000
4,228.0000,33,16,556.6329,-86.3281,0.0385,12,0.3000,0.7143,7,5,1,0,0,5,1,0.8000
4,228.0000,33,17,628.8949,-85.7429,0.4941,11,0.2750,0.6667,6,8,8,0,0,8,8,0.0000
4,228.0000,33,20,532.7478,-84.2665,-0.9438,15,0.3750,0.7143,7,8,7,0,0,8,7,0.1250
4,228.0000,33,22,233.5410,-76.6257,0.2359,34,0.8500,0.0000,4,5,1,0,0,5,1,0.8000
4,228.0000,33,23,212.1096,-76.3811,-0.3348,36,0.9000,0.0000,4,4,0,0,0,4,0,1.0000
4,228.0000,33,24,291.6366,-78.4772,0.0914,30,0.7500,0.2000,5,6,3,0,0,6,3,0.5000
4,228.0000,33,29,1013.7529,-87.8352,-1.4686,3,0.0750,1.0000,6,8,8,0,0,8,8,0.0000
4,228.0000,33,35,848.2816,-87.6896,0.3417,9,0.2250,0.7143,7,7,5,0,0,7,5,0.2857
4,228.0000,33,37,667.6815,-84.9320,-0.8861,10,0.2500,1.0000,8,7,4,0,0,7,4,0.4286
4,228.0000,33,38,101.5290,-72.7863,1.9539,34,0.8500,0.0000,4,4,0,0,0,4,0,1.0000
4,228.0000,33,41,311.2411,-80.4960,0.7538,24,0.6000,0.2500,4,6,1,0,0,6,1,0.8333
4,228.0000,33,43,284.9778,-78.7215,-0.6284,31,0.7750,0.0000,4,5,2,0,0,5,2,0.6000
4,228.0000,33,47,118.2563,-71.9539,0.9675,38,0.9500,0.0000,4,5,1,0,0,5,1,0.8000
4,228.0000,34,4,607.6214,-84.4782,-0.1780,11,0.2750,1.0000,8,6,3,0,0,6,3,0.5000
4,228.0000,34,5,197.3650,-77.0188,0.6583,33,0.8250,0.2000,5,5,1,0,0,5,1,0.8000
4,228.0000,34,6,730.6818,-87.7734,2.3704,3,0.0750,1.0000,8,6,4,0,0,6,4,0.3333
4,228.0000,34,7,768.8621,-87.4619,-1.7121,5,0.1250,0.7500,8,8,8,0,0,8,8,0.0000
4,228.0000,34,8,498.8544,-83.0399,-0.4963,16,0.4000,0.8571,7,8,8,0,0,8,8,0.0000
4,228.0000,34,11,783.5401,-89.0823,-0.0759,3,0.0750,1.0000,8,8,8,0,0,8,8,0.0000
4,228.0000,34,12,422.1768,-81.2815,-0.2339,21,0.5250,0.5714,7,5,4,0,0,5,4,0.2000
4,228.0000,34,13,253.9107,-75.9372,-1.1278,33,0.8250,0.0000,4,5,1,0,0,5,1,0.8000
4,228.0000,34,15,702.1299,-86.9386,-0.1138,7,0.1750,0.8750,8,7,6,0,0,7,6,0.1429
4,228.0000,34,18,914.2280,-88.2793,-0.8126,5,0.1250,1.0000,8,7,6,0,0,7,6,0.1429
4,228.0000,34,19,885.2575,-86.5068,-0.4989,6,0.1500,1.0000,2,8,8,0,0,8,8,0.0000
4,228.0000,34,20,655.4635,-85.5395,2.0938,4,0.1000,0.5714,7,7,6,0,0,7,6,0.1429
4,228.0000,34,23,1050.5388,-88.3131,-0.4626,3,0.0750,1.0000,4,4,4,0,0,4,4,0.0000
4,228.0000,34,24,701.9904,-87.4357,1.2303,4,0.1000,1.0000,8,8,8,0,0,8,8,0.0000
4,228.0000,34,26,373.8763,-80.9456,-0.7317,17,0.4250,0.8571,7,7,4,0,0,7,4,0.4286
4,228.0000,34,27,843.6992,-85.7713,0.0454,6,0.1500,1.0000,8,8,8,0,0,8,8,0.0000
4,228.0000,34,28,989.9130,-89.4534,0.1573,3,0.0750,0.8750,8,8,8,0,0,8,8,0.0000
4,228.0000,34,29,402.4910,-81.4812,-0.3156,16,0.4000,0.8571,7,7,6,0,0,7,6,0.1429
4,228.0000,34,31,260.5083,-75.6419,-0.7161,33,0.8250,0.3333,6,5,1,0,0,5,1,0.8000
4,228.0000,34,33,970.0200,-88.4263,-0.1085,3,0.0750,1.0000,8,8,7,0,0,8,7,0.1250
4,228.0000,34,39,980.1915,-88.1457,-0.5327,4,0.1000,1.0000,8,6,6,0,0,6,6,0.0000
4,228.0000,34,41,685.5840,-85.0704,0.6029,4,0.1000,1.0000,8,8,8,0,0,8,8,0.0000
4,228.0000,34,42,654.7196,-85.5738,-0.6879,9,0.2250,0.8571,7,7,6,0,0,7,6,0.1429
4,228.0000,34,43,734.5296,-86.0360,2.4572,4,0.1000,1.0000,6,8,8,0,0,8,8,0.0000
4,228.0000,34,45,794.9352,-87.1250,-1.9199,4,0.1000,1.0000,4,8,8,0,0,8,8,0.0000
4,228.0000,34,46,786.7813,-87.0127,-0.4419,8,0.2000,0.8750,8,8,7,0,0,8,7,0.1250
4,228.0000,34,47,957.9920,-88.6849,1.4114,3,0.0750,1.0000,2,8,8,0,0,8,8,0.0000
4,228.0000,35,2,838.1334,-87.2346,-0.7591,7,0.1750,1.0000,8,8,8,0,0,8,8,0.0000
4,228.0000,35,3,819.2530,-87.0664,0.6339,9,0.2250,1.0000,8,7,5,0,0,7,5,0.2857
4,228.0000,35,4,732.4575,-87.3270,1.8117,5,0.1250,1.0000,8,8,8,0,0,8,8,0.0000
4,228.0000,35,6,809.4287,-86.5952,-0.9747,6,0.1500,1.0000,8,8,8,0,0,8,8,0.0000
4,228.0000,35,7,820.7179,-86.9693,0.9324,6,0.1500,0.8889,9,7,6,0,0,7,6,0.1429
4,228.0000,35,10,163.9234,-74.1547,-0.0691,33,0.8250,0.2000,5,5,1,0,0,5,1,0.8000
4,228.0000,35,11,406.2013,-82.3285,-0.0471,15,0.3750,0.2000,5,6,3,0,0,6,3,0.5000
4,228.0000,35,14,318.9526,-78.5548,0.0818,33,0.8250,0.5000,6,7,6,0,0,7,6,0.1429
4,228.0000,35,16,351.7001,-77.9931,-1.3192,27,0.6750,0.6667,6,5,2,0,0,5,2,0.6000
4,228.0000,35,17,415.1069,-81.3295,-0.1238,23,0.5750,0.6667,6,7,6,0,0,7,6,0.1429
4,228.0000,35,22,932.0116,-87.1335,-0.7868,9,0.2250,0.8750,8,8,8,0,0,8,8,0.0000
4,228.0000,35,23,889.3598,-87.9709,0.6254,5,0.1250,1.0000,8,8,8,0,0,8,8,0.0000
4,228.0000,35,24,851.6627,-86.7267,-0.2837,7,0.1750,1.0000,8,8,8,0,0,8,8,0.0000
4,228.0000,35,26,825.4335,-87.9256,1.6039,5,0.1250,1.0000,8,8,8,0,0,8,8,0.0000
4,228.0000,35,29,801.4346,-87.8706,0.4927,5,0.1250,1.0000,8,8,8,0,0,8,8,0.0000
4,228.0000,35,33,848.2816,-88.1323,-0.1466,7,0.1750,1.0000,8,10,9,0,0,10,9,0.1000
4,228.0000,35,37,193.8296,-74.7366,0.6382,32,0.8000,0.1667,6,5,1,0,0,5,1,0.8000
4,228.0000,35,38,765.7911,-85.3262,-0.5040,9,0.2250,1.0000,8,8,8,0,0,8,8,0.0000
4,228.0000,35,41,880.7665,-87.5611,0.3916,6,0.1500,1.0000,8,8,8,0,0,8,8,0.0000
4,228.0000,35,42,662.2312,-85.3622,0.2493,8,0.2000,0.7143,7,7,6,0,0,7,6,0.1429
4,228.0000,35,43,777.2389,-86.8452,0.6915,5,0.1250,0.8571,7,8,8,0,0,8,8,0.0000
4,228.0000,35,47,836.6970,-86.3437,1.0386,6,0.1500,1.0000,8,8,8,0,0,8,8,0.0000
4,228.0000,36,0,742.3737,-86.2358,0.4656,8,0.2000,0.8750,8,8,8,0,0,8,8,0.0000
4,228.0000,36,1,766.3589,-88.1174,-0.4221,10,0.2500,1.0000,8,9,7,0,0,9,7,0.2222
4,228.0000,36,9,715.1369,-85.9384,-0.2203,11,0.2750,0.8750,8,8,8,0,0,8,8,0.0000
4,228.0000,36,13,1025.0112,-88.5455,-0.0273,4,0.1000,1.0000,1,7,7,0,0,7,7,0.0000
4,228.0000,36,15,666.0584,-87.0584,-0.6358,9,0.2250,1.0000,8,6,4,0,0,6,4,0.3333
4,228.0000,36,19,276.2428,-80.4950,1.0859,34,0.8500,0.0000,4,5,2,0,0,5,2,0.6000
4,228.0000,36,21,290.8184,-80.2998,0.6435,29,0.7250,0.3333,6,4,0,0,0,4,0,1.0000
4,228.0000,36,25,637.7581,-86.4722,0.7970,16,0.4000,0.8571,7,7,5,0,0,7,5,0.2857
4,228.0000,36,27,435.2224,-84.2337,0.8613,17,0.4250,0.7143,7,6,5,0,0,6,5,0.1667
4,228.0000,36,28,177.8686,-77.6086,1.6440,33,0.8250,0.0000,4,4,0,0,0,4,0,1.0000
4,228.0000,36,30,160.2998,-73.9174,0.4267,36,0.9000,0.0000,4,4,0,0,0,4,0,1.0000
4,228.0000,36,32,177.2505,-76.3595,1.0991,38,0.9500,0.2000,5,4,0,0,0,4,0,1.0000
4,228.0000,36,39,267.4591,-80.1983,1.5449,30,0.7500,0.6667,6,4,0,0,0,4,0,1.0000
4,228.0000,36,40,791.3588,-86.1169,0.3247,6,0.1500,1.0000,8,8,7,0,0,8,7,0.1250
4,228.0000,36,44,324.1066,-77.5766,-0.9028,36,0.9000,0.2000,5,4,1,0,0,4,1,0.7500
4,228.0000,36,45,483.1780,-82.7535,0.0049,18,0.4500,0.7500,8,7,5,0,0,7,5,0.2857
4,228.0000,36,46,716.5862,-86.3809,-0.0120,9,0.2250,0.8571,7,8,6,0,0,8,6,0.2500
4,228.0000,37,2,672.1224,-85.3078,-1.2512,14,0.3500,1.0000,8,8,8,0,0,8,8,0.0000
4,228.0000,37,3,643.6015,-85.8737,0.0639,14,0.3500,0.6667,6,8,7,0,0,8,7,0.1250
4,228.0000,37,4,701.7262,-84.5783,1.6550,7,0.1750,0.8571,7,8,8,0,0,8,8,0.0000
4,228.0000,37,5,867.0973,-87.8374,0.2703,6,0.1500,1.0000,8,8,8,0,0,8,8,0.0000
4,228.0000,37,6,635.2753,-84.6966,-0.3307,14,0.3500,0.8571,7,7,6,0,0,7,6,0.1429
4,228.0000,37,7,643.7229,-85.1292,-0.8120,11,0.2750,0.5000,6,8,8,0,0,8,8,0.0000
4,228.0000,37,8,1117.2469,-89.0035,-0.0079,3,0.0750,1.0000,8,4,4,0,0,4,4,0.0000
4,228.0000,37,10,213.0197,-76.6276,0.2817,33,0.8250,0.0000,4,5,1,0,0,5,1,0.8000
4,228.0000,37,11,261.1496,-76.4880,-1.1783,31,0.7750,0.5714,7,6,2,0,0,6,2,0.6667
4,228.0000,37,14,376.1203,-79.9489,-0.2229,30,0.7500,0.5714,7,8,6,0,0,8,6,0.2500
4,228.0000,37,16,225.7398,-76.6209,-0.4582,34,0.8500,0.2000,5,6,2,0,0,6,2,0.6667
4,228.0000,37,17,371.3567,-81.0056,-0.5936,25,0.6250,0.0000,4,10,10,0,0,10,10,0.0000
4,228.0000,37,20,981.0827,-87.1489,0.1530,5,0.1250,1.0000,8,8,8,0,0,8,8,0.0000
4,228.0000,37,22,771.4986,-84.9300,0.5283,14,0.3500,1.0000,8,8,8,0,0,8,8,0.0000
4,228.0000,37,23,730.9184,-86.7748,0.0943,15,0.3750,0.5000,6,8,8,0,0,8,8,0.0000
4,228.0000,37,24,682.9405,-84.7496,-0.7091,16,0.4000,0.7143,7,8,7,0,0,8,7,0.1250
4,228.0000,37,26,810.2012,-87.3347,-0.3091,8,0.2000,0.8750,8,8,8,0,0,8,8,0.0000
4,228.0000,37,29,804.1405,-87.4441,-0.2885,7,0.1750,1.0000,8,8,8,0,0,8,8,0.0000
4,228.0000,37,33,667.6815,-86.2780,-0.4301,13,0.3250,1.0000,8,8,8,0,0,8,8,0.0000
4,228.0000,37,35,193.8296,-74.6771,-0.2023,33,0.8250,0.0000,4,3,0,0,0,3,0,1.0000
4,228.0000,37,38,580.8090,-83.8440,-0.9733,16,0.4000,0.8750,8,7,6,0,0,7,6,0.1429
4,228.0000,37,41,727.6494,-85.8414,-0.4138,10,0.2500,0.7143,7,8,8,0,0,8,8,0.0000
4,228.0000,37,42,703.4289,-85.8159,0.0187,12,0.3000,0.5000,6,10,10,0,0,10,10,0.0000
4,228.0000,37,43,629.1424,-86.0393,-0.0308,13,0.3250,1.0000,8,7,6,0,0,7,6,0.1429
4,228.0000,37,47,648.0313,-85.9784,-0.6962,13,0.3250,0.7143,7,10,9,0,0,10,9,0.1000
4,228.0000,38,2,188.2481,-75.1890,0.4666,33,0.8250,0.2000,5,4,0,0,0,4,0,1.0000
4,228.0000,38,3,249.1573,-75.4886,-0.2563,37,0.9250,0.2000,5,5,1,0,0,5,1,0.8000
4,228.0000,38,4,747.3175,-86.7143,1.1905,8,0.2000,0.8571,7,8,8,0,0,8,8,0.0000
4,228.0000,38,5,902.5928,-87.7926,2.9106,3,0.0750,1.0000,6,8,8,0,0,8,8,0.0000
4,228.0000,38,6,245.3542,-77.1570,0.2228,34,0.8500,0.5000,6,5,1,0,0,5,1,0.8000
4,228.0000,38,7,200.8993,-76.6622,0.9231,29,0.7250,0.0000,4,4,0,0,0,4,0,1.0000
4,228.0000,38,8,830.3015,-89.2904,-0.1600,6,0.1500,0.8571,7,8,7,0,0,8,7,0.1250
4,228.0000,38,10,691.6564,-85.2751,-1.7626,13,0.3250,0.5714,7,8,8,0,0,8,8,0.0000
4,228.0000,38,11,417.8723,-82.0063,-0.6648,19,0.4750,0.2000,5,8,5,0,0,8,5,0.3750
4,228.0000,38,13,1134.2146,-88.5241,-0.3848,4,0.1000,1.0000,4,2,2,0,0,2,2,0.0000
4,228.0000,38,14,820.1911,-86.5707,0.8017,10,0.2500,0.8571,7,8,8,0,0,8,8,0.0000
4,228.0000,38,16,491.2058,-83.6566,0.2366,25,0.6250,0.5000,6,8,7,0,0,8,7,0.1250
4,228.0000,38,17,586.9148,-83.9878,-0.4102,20,0.5000,0.6667,6,7,5,0,0,7,5,0.2857
4,228.0000,38,20,573.1749,-85.5793,0.0640,12,0.3000,0.8571,7,7,5,0,0,7,5,0.2857
4,228.0000,38,22,313.9609,-78.9564,-0.0091,34,0.8500,0.2000,5,6,4,0,0,6,4,0.3333
4,228.0000,38,23,285.6683,-79.4412,0.2618,32,0.8000,0.0000,4,4,0,0,0,4,0,1.0000
4,228.0000,38,24,268.1186,-78.9757,0.3098,31,0.7750,0.2000,5,4,0,0,0,4,0,1.0000
4,228.0000,38,26,901.6742,-88.9725,-1.1695,3,0.0750,1.0000,6,7,6,0,0,7,6,0.1429
4,228.0000,38,29,962.2136,-89.3942,-0.0774,3,0.0750,1.0000,2,6,6,0,0,6,6,0.0000
4,228.0000,38,33,101.5290,-72.3809,2.1691,36,0.9000,0.0000,4,5,1,0,0,5,1,0.8000
4,228.0000,38,34,938.3224,-89.0058,0.6027,5,0.1250,1.0000,6,8,8,0,0,8,8,0.0000
4,228.0000,38,35,765.7911,-87.0816,-0.2269,11,0.2750,0.7143,7,5,4,0,0,5,4,0.2000
4,228.0000,38,37,580.8090,-83.5829,-1.0304,19,0.4750,0.8750,8,8,8,0,0,8,8,0.0000
4,228.0000,38,41,324.7001,-80.7996,1.2274,19,0.4750,0.0000,4,5,2,0,0,5,2,0.6000
4,228.0000,38,42,943.2278,-88.1727,-0.5601,3,0.0750,1.0000,6,7,6,0,0,7,6,0.1429
4,228.0000,38,43,286.1132,-80.1525,0.1827,25,0.6250,0.3333,6,4,0,0,0,4,0,1.0000
4,228.0000,38,47,88.7788,-69.7427,1.0341,38,0.9500,0.0000,4,4,0,0,0,4,0,1.0000
4,228.0000,39,0,625.6941,-85.0327,-0.7853,22,0.5500,1.0000,8,7,5,0,0,7,5,0.2857
4,228.0000,39,1,587.5660,-86.0496,-0.2069,21,0.5250,0.6667,6,7,5,0,0,7,5,0.2857
4,228.0000,39,9,630.5469,-85.4421,-0.3897,21,0.5250,0.8571,7,8,8,0,0,8,8,0.0000
4,228.0000,39,13,852.5677,-87.3072,-0.7216,8,0.2000,0.8750,8,8,8,0,0,8,8,0.0000
4,228.0000,39,15,643.3068,-85.2955,0.0838,14,0.3500,0.8750,8,5,2,0,0,5,2,0.6000
4,228.0000,39,18,679.9780,-85.2393,-0.8128,20,0.5000,0.8571,7,8,7,0,0,8,7,0.1250
4,228.0000,39,19,170.7325,-75.0581,0.5700,36,0.9000,0.0000,4,5,1,0,0,5,1,0.8000
4,228.0000,39,21,419.0145,-82.9966,0.2551,31,0.7750,0.0000,4,6,4,0,0,6,4,0.3333
4,228.0000,39,25,488.1848,-84.2013,0.3282,28,0.7000,0.8571,7,8,6,0,0,8,6,0.2500
4,228.0000,39,27,274.0950,-78.3544,-0.5603,34,0.8500,0.3333,6,4,0,0,0,4,0,1.0000
4,228.0000,39,28,123.8045,-71.7223,0.5025,34,0.8500,0.0000,4,5,2,0,0,5,2,0.6000
4,228.0000,39,30,406.3129,-82.1598,0.3026,32,0.8000,0.3333,6,6,2,0,0,6,2,0.6667
4,228.0000,39,31,914.2625,-86.5388,0.3339,6,0.1500,1.0000,8,6,6,0,0,6,6,0.0000
4,228.0000,39,32,285.4388,-81.5930,1.1347,32,0.8000,0.6667,6,4,0,0,0,4,0,1.0000
4,228.0000,39,34,980.1915,-87.6654,-0.9992,4,0.1000,1.0000,8,8,8,0,0,8,8,0.0000
4,228.0000,39,36,267.4591,-80.2426,1.8405,34,0.8500,0.0000,4,4,0,0,0,4,0,1.0000
4,228.0000,39,40,647.8445,-86.2798,0.4287,18,0.4500,0.7500,8,8,8,0,0,8,8,0.0000
4,228.0000,39,44,488.9855,-83.3157,0.2706,31,0.7750,0.7500,8,7,4,0,0,7,4,0.4286
4,228.0000,39,45,488.9846,-82.8424,0.2374,26,0.6500,0.7143,7,8,8,0,0,8,8,0.0000
4,228.0000,39,46,486.5826,-81.9183,0.0377,26,0.6500,0.6667,6,9,8,0,0,9,8,0.1111
4,228.0000,40,0,113.9521,-74.9809,1.9543,38,0.9500,0.0000,4,5,1,0,0,5,1,0.8000
4,228.0000,40,1,184.4503,-75.6194,1.1331,38,0.9500,0.0000,4,5,1,0,0,5,1,0.8000
4,228.0000,40,9,292.6916,-78.9129,-0.4513,38,0.9500,0.0000,4,4,0,0,0,4,0,1.0000
4,228.0000,40,18,465.0905,-82.0794,-0.7559,31,0.7750,0.4000,5,5,2,0,0,5,2,0.6000
4,228.0000,40,19,777.5891,-85.8046,-0.0422,3,0.0750,0.8750,8,8,8,0,0,8,8,0.0000
4,228.0000,40,21,637.7418,-86.9796,0.6446,15,0.3750,0.8750,8,6,4,0,0,6,4,0.3333
4,228.0000,40,25,221.7542,-78.2503,1.3492,37,0.9250,0.0000,4,5,1,0,0,5,1,0.8000
4,228.0000,40,27,523.4374,-83.1257,-0.4603,19,0.4750,0.8483,145,7,5,136,116,143,121,0.1538
4,228.0000,40,28,737.5340,-86.8690,0.0224,11,0.2750,0.8571,7,7,6,0,0,7,6,0.1429
4,228.0000,40,30,934.2511,-87.9170,0.6168,7,0.1750,1.0000,8,8,6,0,0,8,6,0.2500
4,228.0000,40,32,760.4648,-87.2543,0.4283,10,0.2500,1.0000,8,7,6,0,0,7,6,0.1429
4,228.0000,40,36,791.3588,-88.8085,0.1645,4,0.1000,1.0000,8,7,5,0,0,7,5,0.2857
4,228.0000,40,39,647.8445,-85.4503,0.0554,9,0.2250,0.7143,7,8,7,0,0,8,7,0.1250
4,228.0000,40,44,803.1719,-86.9862,0.1979,11,0.2750,1.0000,8,7,6,0,0,7,6,0.1429
4,228.0000,40,45,851.8503,-87.2791,0.4159,12,0.3000,1.0000,8,6,6,0,0,6,6,0.0000
4,228.0000,40,46,444.5707,-83.9178,0.3630,22,0.5500,0.8571,7,5,2,0,0,5,2,0.6000
4,228.0000,41,2,248.2381,-79.1870,1.2556,26,0.6500,0.4286,7,4,0,0,0,4,0,1.0000
4,228.0000,41,3,534.7800,-84.5665,0.1020,23,0.5750,0.8750,8,6,3,0,0,6,3,0.5000
4,228.0000,41,4,563.3358,-84.9202,0.1329,14,0.3500,0.8571,7,7,6,0,0,7,6,0.1429
4,228.0000,41,5,684.7545,-86.2371,-0.3723,11,0.2750,0.8000,5,7,6,0,0,7,6,0.1429
4,228.0000,41,6,241.9476,-78.4720,1.2547,32,0.8000,0.0000,4,5,1,0,0,5,1,0.8000
4,228.0000,41,7,220.8187,-77.3594,-0.2476,30,0.7500,0.3333,6,4,0,0,0,4,0,1.0000
4,228.0000,41,8,505.6041,-83.3706,-0.6255,20,0.5000,0.8000,5,7,6,0,0,7,6,0.1429
4,228.0000,41,10,772.5599,-86.6322,-0.5862,11,0.2750,0.6000,10,8,8,0,0,8,8,0.0000
4,228.0000,41,11,481.2524,-82.5883,-0.8556,20,0.5000,0.4000,5,7,6,0,0,7,6,0.1429
4,228.0000,41,12,589.7511,-85.6521,-0.4385,12,0.3000,0.8571,7,7,6,0,0,7,6,0.1429
4,228.0000,41,13,859.9264,-87.4244,-0.1719,7,0.1750,0.8571,7,7,6,0,0,7,6,0.1429
4,228.0000,41,14,833.7559,-87.3615,-0.8129,9,0.2250,0.7500,8,7,6,0,0,7,6,0.1429
4,228.0000,41,16,671.9636,-86.6835,-0.3759,13,0.3250,0.8750,8,7,6,0,0,7,6,0.1429
4,228.0000,41,17,650.4857,-85.9939,0.0061,18,0.4500,0.8571,7,8,8,0,0,8,8,0.0000
4,228.0000,41,20,267.7218,-78.4038,0.2861,32,0.8000,0.0000,4,5,2,0,0,5,2,0.6000
4,228.0000,41,22,433.1945,-81.8169,-0.4764,23,0.5750,0.6667,6,7,4,0,0,7,4,0.4286
4,228.0000,41,23,382.0336,-81.8445,0.0341,24,0.6000,0.8571,7,5,3,0,0,5,3,0.4000
4,228.0000,41,24,170.5589,-75.2197,0.3334,33,0.8250,0.3333,6,4,0,0,0,4,0,1.0000
4,228.0000,41,26,693.5574,-86.4678,0.5653,10,0.2500,0.8571,7,7,6,0,0,7,6,0.1429
4,228.0000,41,29,783.0031,-86.9843,-0.1723,12,0.3000,1.0000,8,7,6,0,0,7,6,0.1429
4,228.0000,41,31,891.3816,-85.7638,-0.2567,4,0.1000,1.0000,6,6,6,0,0,6,6,0.0000
4,228.0000,41,33,311.2411,-80.3017,0.8234,28,0.7000,0.4000,5,4,0,0,0,4,0,1.0000
4,228.0000,41,34,685.5840,-86.4818,0.3907,13,0.3250,0.8571,7,7,6,0,0,7,6,0.1429
4,228.0000,41,35,880.7665,-87.3345,-0.2598,9,0.2250,0.8571,7,8,8,0,0,8,8,0.0000
4,228.0000,41,37,727.6494,-87.0012,0.1746,13,0.3250,0.8571,7,2,2,0,0,2,2,0.0000
4,228.0000,41,38,324.7001,-82.3823,0.7396,25,0.6250,0.2000,5,5,2,0,0,5,2,0.6000
4,228.0000,41,42,806.8066,-86.6593,1.1330,8,0.2000,0.8571,7,8,8,0,0,8,8,0.0000
4,228.0000,41,43,131.4220,-69.7239,-1.0820,37,0.9250,0.0000,4,5,1,0,0,5,1,0.8000
4,228.0000,41,47,346.2550,-82.9611,0.4759,23,0.5750,0.8571,7,5,1,0,0,5,1,0.8000
4,228.0000,42,2,910.9121,-87.8905,-0.1560,6,0.1500,1.0000,6,7,6,0,0,7,6,0.1429
4,228.0000,42,4,304.8794,-79.9016,0.8077,21,0.5250,1.0000,8,6,3,0,0,6,3,0.5000
4,228.0000,42,5,470.1744,-82.5189,0.4876,12,0.3000,0.8750,8,8,8,0,0,8,8,0.0000
4,228.0000,42,6,872.5758,-86.5841,-0.2629,4,0.1000,1.0000,8,8,8,0,0,8,8,0.0000
4,228.0000,42,7,892.2095,-88.4458,-0.4061,7,0.1750,0.8571,7,6,6,0,0,6,6,0.0000
4,228.0000,42,8,836.2174,-87.4648,-0.2055,5,0.1250,1.0000,8,8,8,0,0,8,8,0.0000
4,228.0000,42,10,559.4654,-83.3964,0.1585,14,0.3500,1.0000,8,7,6,0,0,7,6,0.1429
4,228.0000,42,11,597.8511,-84.7481,-0.9583,11,0.2750,1.0000,8,8,7,0,0,8,7,0.1250
4,228.0000,42,12,814.6287,-88.7455,0.2961,4,0.1000,1.0000,4,8,8,0,0,8,8,0.0000
4,228.0000,42,13,658.8027,-86.0198,0.1777,7,0.1750,1.0000,8,8,7,0,0,8,7,0.1250
4,228.0000,42,14,471.2016,-82.7152,-0.0237,19,0.4750,0.6667,6,5,2,0,0,5,2,0.6000
4,228.0000,42,16,775.5525,-87.0598,-0.2182,8,0.2000,0.8750,8,8,8,0,0,8,8,0.0000
4,228.0000,42,17,602.7882,-83.1621,0.5204,11,0.2750,0.8571,7,7,6,0,0,7,6,0.1429
4,228.0000,42,20,908.5690,-88.1769,0.4448,3,0.0750,1.0000,8,8,8,0,0,8,8,0.0000
4,228.0000,42,23,990.9867,-87.7387,-1.0797,3,0.0750,1.0000,8,4,4,0,0,4,4,0.0000
4,228.0000,42,24,862.9077,-86.5521,-1.3659,5,0.1250,1.0000,8,8,8,0,0,8,8,0.0000
4,228.0000,42,26,284.8348,-79.2820,0.2449,20,0.5000,0.2000,5,5,2,0,0,5,2,0.6000
4,228.0000,42,29,297.4996,-79.5332,1.1011,21,0.5250,0.8750,8,6,4,0,0,6,4,0.3333
4,228.0000,42,31,614.2431,-86.3450,-0.2161,9,0.2250,1.0000,8,7,6,0,0,7,6,0.1429
4,228.0000,42,34,654.7196,-85.6447,1.6500,7,0.1750,1.0000,8,8,8,0,0,8,8,0.0000
4,228.0000,42,35,662.2312,-86.2581,-0.4561,8,0.2000,1.0000,8,8,8,0,0,8,8,0.0000
4,228.0000,42,37,703.4289,-84.8785,0.4416,6,0.1500,1.0000,8,10,10,0,0,10,10,0.0000
4,228.0000,42,38,943.2278,-88.1634,0.2937,4,0.1000,1.0000,8,6,6,0,0,6,6,0.0000
4,228.0000,42,41,806.8066,-87.4493,0.2088,5,0.1250,1.0000,8,8,8,0,0,8,8,0.0000
4,228.0000,42,43,741.0727,-87.6086,0.0926,6,0.1500,1.0000,8,7,5,0,0,7,5,0.2857
4,228.0000,43,2,194.9775,-76.8243,-0.1687,34,0.8718,0.2000,5,6,3,0,0,6,3,0.5000
4,228.0000,43,3,472.1386,-82.5614,-0.1028,30,0.7692,0.4000,5,5,2,0,0,5,2,0.6000
4,228.0000,43,4,498.7393,-84.7123,0.4544,16,0.4103,0.7143,7,7,6,0,0,7,6,0.1429
4,228.0000,43,5,698.4719,-86.6219,-0.1189,9,0.2308,1.0000,8,6,4,0,0,6,4,0.3333
4,228.0000,43,6,281.0111,-78.3896,0.1880,32,0.8205,0.5000,6,5,2,0,0,5,2,0.6000
4,228.0000,43,7,255.2970,-77.7572,0.4302,34,0.8718,0.2000,5,8,7,0,0,8,7,0.1250
4,228.0000,43,8,580.4243,-84.5987,-0.5831,16,0.4103,0.7500,8,8,7,0,0,8,7,0.1250
4,228.0000,43,10,660.4605,-86.1370,-0.3571,15,0.3846,1.0000,6,9,8,0,0,9,8,0.1111
4,228.0000,43,11,392.9066,-81.3371,0.5968,21,0.5385,0.4000,5,4,0,0,0,4,0,1.0000
4,228.0000,43,12,660.6212,-86.2678,0.2389,12,0.3077,1.0000,8,6,3,0,0,6,3,0.5000
4,228.0000,43,13,895.8680,-88.0553,-0.4827,5,0.1282,1.0000,8,8,8,0,0,8,8,0.0000
4,228.0000,43,14,760.2470,-86.7242,-0.0282,13,0.3333,0.8750,8,8,8,0,0,8,8,0.0000
4,228.0000,43,16,555.2332,-86.0466,1.2910,18,0.4615,1.0000,8,6,3,0,0,6,3,0.5000
4,228.0000,43,17,521.7784,-85.6009,0.0308,17,0.4359,0.8571,7,8,8,0,0,8,8,0.0000
4,228.0000,43,20,370.6030,-80.3064,-0.3764,32,0.8205,0.2500,4,7,4,0,0,7,4,0.4286
4,228.0000,43,22,379.4426,-80.5833,-0.3492,31,0.7949,0.3333,6,5,2,0,0,5,2,0.6000
4,228.0000,43,23,319.3926,-79.7747,0.0143,33,0.8462,0.4000,5,5,2,0,0,5,2,0.6000
4,228.0000,43,24,237.4209,-77.0398,-0.1767,33,0.8462,0.0000,4,6,3,0,0,6,3,0.5000
4,228.0000,43,26,673.8751,-86.4115,0.7589,9,0.2308,1.0000,8,7,5,0,0,7,5,0.2857
4,228.0000,43,29,762.0734,-87.7488,0.5419,5,0.1282,1.0000,8,6,3,0,0,6,3,0.5000
4,228.0000,43,31,918.5965,-88.3878,0.3413,6,0.1538,0.7143,7,8,8,0,0,8,8,0.0000
4,228.0000,43,33,284.9778,-78.7109,0.2457,34,0.8718,0.0000,4,5,2,0,0,5,2,0.6000
4,228.0000,43,34,734.5296,-86.6391,1.2914,6,0.1538,1.0000,8,10,9,0,0,10,9,0.1000
4,228.0000,43,35,777.2389,-87.7911,0.4195,9,0.2308,0.8333,6,7,6,0,0,7,6,0.1429
4,228.0000,43,37,629.1424,-86.1543,-0.7189,18,0.4615,0.7143,7,5,2,0,0,5,2,0.6000
4,228.0000,43,38,286.1132,-79.8997,0.3949,29,0.7436,0.2000,5,5,2,0,0,5,2,0.6000
4,228.0000,43,41,131.4220,-68.9802,-0.7691,35,0.8974,0.2000,5,5,1,0,0,5,1,0.8000
4,228.0000,43,42,741.0727,-86.0733,0.2681,8,0.2051,0.8571,7,7,6,0,0,7,6,0.1429
4,228.0000,43,47,339.5842,-81.7174,0.0755,32,0.8205,0.6667,6,5,2,0,0,5,2,0.6000
4,228.0000,44,0,715.9741,-85.4889,-0.1484,17,0.4250,0.8750,8,8,8,0,0,8,8,0.0000
4,228.0000,44,1,775.6761,-85.7286,-0.1775,7,0.1750,1.0000,8,8,8,0,0,8,8,0.0000
4,228.0000,44,9,615.9426,-85.7660,-0.1530,22,0.5500,0.8750,8,7,5,0,0,7,5,0.2857
4,228.0000,44,15,986.1968,-87.1740,0.7676,3,0.0750,1.0000,8,8,8,0,0,8,8,0.0000
4,228.0000,44,18,1050.2214,-89.2553,0.0716,4,0.1000,1.0000,6,10,10,0,0,10,10,0.0000
4,228.0000,44,19,576.0917,-84.4507,-0.3470,20,0.5000,0.6667,6,8,8,0,0,8,8,0.0000
4,228.0000,44,21,313.1245,-78.5198,-1.2271,35,0.8750,0.0000,4,5,2,0,0,5,2,0.6000
4,228.0000,44,25,632.6718,-86.0339,-0.8551,17,0.4250,0.8571,7,7,6,0,0,7,6,0.1429
4,228.0000,44,27,654.8748,-85.1611,-0.0019,13,0.3250,0.7143,7,8,7,0,0,8,7,0.1250
4,228.0000,44,28,464.6260,-83.1858,0.0954,20,0.5000,0.8571,7,6,4,0,0,6,4,0.3333
4,228.0000,44,30,398.0839,-82.4960,0.1064,28,0.7000,0.4000,5,4,0,0,0,4,0,1.0000
4,228.0000,44,32,225.7800,-74.2266,-1.1435,36,0.9000,0.0000,4,4,0,0,0,4,0,1.0000
4,228.0000,44,36,324.1066,-77.2489,-1.0957,36,0.9000,0.0000,4,7,5,0,0,7,5,0.2857
4,228.0000,44,39,488.9855,-84.1018,-0.0183,25,0.6250,0.7143,7,7,5,0,0,7,5,0.2857
4,228.0000,44,40,803.1719,-87.3988,0.4544,9,0.2250,1.0000,8,8,8,0,0,8,8,0.0000
4,228.0000,44,45,772.3137,-84.8167,-0.7294,9,0.2250,0.7778,9,6,6,0,0,6,6,0.0000
4,228.0000,44,46,890.2292,-87.7811,-0.4882,3,0.0750,1.0000,8,8,8,0,0,8,8,0.0000
4,228.0000,45,0,860.2471,-87.7472,-0.2240,15,0.3750,1.0000,8,8,7,0,0,8,7,0.1250
4,228.0000,45,1,887.5093,-87.3459,-0.1272,4,0.1000,1.0000,8,8,8,0,0,8,8,0.0000
4,228.0000,45,4,1109.2336,-88.6134,0.2515,3,0.0750,1.0000,4,4,4,0,0,4,4,0.0000
4,228.0000,45,5,938.0227,-88.5824,-0.4380,5,0.1250,1.0000,8,4,4,0,0,4,4,0.0000
4,228.0000,45,8,663.8254,-86.5244,0.7541,10,0.2500,1.0000,6,10,7,0,0,10,7,0.3000
4,228.0000,45,9,934.6082,-88.3061,0.1361,8,0.2000,0.8571,7,8,8,0,0,8,8,0.0000
4,228.0000,45,12,580.4472,-85.8517,-0.9295,10,0.2500,1.0000,8,7,6,0,0,7,6,0.1429
4,228.0000,45,13,664.3080,-86.1888,0.3102,7,0.1750,0.8750,8,8,8,0,0,8,8,0.0000
4,228.0000,45,15,466.7777,-84.2006,0.3404,19,0.4750,1.0000,8,8,8,0,0,8,8,0.0000
4,228.0000,45,18,887.8338,-87.1820,-0.6814,9,0.2250,0.8750,8,8,8,0,0,8,8,0.0000
4,228.0000,45,19,378.1213,-80.8659,0.1823,26,0.6500,0.6250,8,6,2,0,0,6,2,0.6667
4,228.0000,45,20,945.9474,-87.7812,3.5129,4,0.1000,1.0000,8,8,8,0,0,8,8,0.0000
4,228.0000,45,21,540.8766,-84.7368,-0.1123,23,0.5750,0.8571,7,8,7,0,0,8,7,0.1250
4,228.0000,45,25,805.5874,-86.0952,-0.2833,8,0.2000,0.6667,6,8,8,0,0,8,8,0.0000
4,228.0000,45,26,996.0812,-88.4497,0.2793,6,0.1500,1.0000,8,8,8,0,0,8,8,0.0000
4,228.0000,45,27,368.3511,-81.2442,0.3790,33,0.8250,0.7143,7,6,4,0,0,6,4,0.3333
4,228.0000,45,28,423.4628,-80.4885,0.0717,26,0.6500,0.5000,6,8,5,0,0,8,5,0.3750
4,228.0000,45,30,481.4067,-82.6545,-1.0920,27,0.6750,0.0000,4,6,4,0,0,6,4,0.3333
4,228.0000,45,31,763.0803,-86.6662,1.1791,8,0.2000,0.7143,7,7,6,0,0,7,6,0.1429
4,228.0000,45,32,642.8630,-85.2647,-0.7549,19,0.4750,0.8750,8,8,8,0,0,8,8,0.0000
4,228.0000,45,36,483.1780,-83.4924,0.1895,24,0.6000,0.4286,7,7,6,0,0,7,6,0.1429
4,228.0000,45,39,488.9846,-82.2123,-0.1169,27,0.6750,0.8750,8,7,6,0,0,7,6,0.1429
4,228.0000,45,40,851.8503,-86.3558,-0.9477,5,0.1250,1.0000,8,8,8,0,0,8,8,0.0000
4,228.0000,45,44,772.3137,-85.4460,-0.6128,19,0.4750,0.7143,7,8,7,0,0,8,7,0.1250
4,228.0000,45,46,630.0251,-84.4725,0.0584,20,0.5000,1.0000,8,8,8,0,0,8,8,0.0000
4,228.0000,46,0,514.5301,-84.5283,-0.0088,23,0.5750,1.0000,8,6,3,0,0,6,3,0.5000
4,228.0000,46,1,418.2936,-83.6847,0.8778,21,0.5250,1.0000,8,7,6,0,0,7,6,0.1429
4,228.0000,46,5,874.2331,-89.3590,0.2301,5,0.1250,1.0000,8,8,8,0,0,8,8,0.0000
4,228.0000,46,9,640.6440,-84.7139,0.5660,15,0.3750,0.7500,8,7,6,0,0,7,6,0.1429
4,228.0000,46,12,894.3290,-86.6776,-0.2456,6,0.1500,0.8750,8,8,8,0,0,8,8,0.0000
4,228.0000,46,13,586.8344,-84.7273,-1.0485,12,0.3000,0.4000,5,8,8,0,0,8,8,0.0000
4,228.0000,46,15,856.9246,-86.8129,-0.0798,10,0.2500,1.0000,6,8,8,0,0,8,8,0.0000
4,228.0000,46,18,257.9042,-80.0530,1.1097,29,0.7250,0.7143,7,5,1,0,0,5,1,0.8000
4,228.0000,46,19,549.2819,-83.6172,0.3001,23,0.5750,1.0000,8,8,8,0,0,8,8,0.0000
4,228.0000,46,21,710.3109,-86.7532,0.5549,16,0.4000,0.6667,6,8,8,0,0,8,8,0.0000
4,228.0000,46,25,443.2859,-83.2156,0.8622,25,0.6250,0.6667,6,5,2,0,0,5,2,0.6000
4,228.0000,46,26,949.4124,-87.7521,-0.7177,5,0.1250,1.0000,8,4,4,0,0,4,4,0.0000
4,228.0000,46,27,312.1549,-78.1798,-0.4633,28,0.7000,0.0000,3,4,0,0,0,4,0,1.0000
4,228.0000,46,28,576.8835,-83.6510,-0.1219,18,0.4500,0.6667,6,7,6,0,0,7,6,0.1429
4,228.0000,46,29,953.8081,-87.8708,-0.5013,4,0.1000,1.0000,8,6,6,0,0,6,6,0.0000
4,228.0000,46,30,843.8119,-86.4334,-0.2881,7,0.1750,0.5000,6,8,7,0,0,8,7,0.1250
4,228.0000,46,31,607.9603,-85.1624,0.5759,13,0.3250,0.7500,8,7,6,0,0,7,6,0.1429
4,228.0000,46,32,739.3992,-86.9413,0.1737,12,0.3000,0.7500,8,8,8,0,0,8,8,0.0000
4,228.0000,46,34,786.7813,-86.0137,-0.8388,9,0.2250,1.0000,8,8,7,0,0,8,7,0.1250
4,228.0000,46,36,716.5862,-86.5001,0.5441,14,0.3500,0.8571,7,7,6,0,0,7,6,0.1429
4,228.0000,46,39,486.5826,-82.5537,-1.0535,25,0.6250,0.7143,7,4,0,0,0,4,0,1.0000
4,228.0000,46,40,444.5707,-83.6568,0.3762,25,0.6250,0.8571,7,8,6,0,0,8,6,0.2500
4,228.0000,46,44,890.2292,-88.0536,0.2976,12,0.3000,1.0000,6,8,8,0,0,8,8,0.0000
4,228.0000,46,45,630.0251,-84.2751,0.3595,19,0.4750,0.7500,8,7,4,0,0,7,4,0.4286
4,228.0000,47,2,235.4477,-78.2646,0.4324,30,0.7500,0.4000,5,5,1,0,0,5,1,0.8000
4,228.0000,47,3,276.3351,-75.8382,-1.1585,35,0.8750,0.0000,4,4,0,0,0,4,0,1.0000
4,228.0000,47,4,815.9005,-87.2491,0.3165,5,0.1250,1.0000,8,8,8,0,0,8,8,0.0000
4,228.0000,47,6,237.0326,-77.7582,-0.0585,34,0.8500,0.0000,4,6,3,0,0,6,3,0.5000
4,228.0000,47,7,191.6716,-79.0977,2.4729,26,0.6500,0.5000,4,4,0,0,0,4,0,1.0000
4,228.0000,47,8,844.8937,-87.4325,-0.1676,4,0.1000,1.0000,8,8,8,0,0,8,8,0.0000
4,228.0000,47,10,770.9149,-86.7692,-0.3966,9,0.2250,1.0000,10,7,6,0,0,7,6,0.1429
4,228.0000,47,11,486.8168,-84.2294,-0.1178,21,0.5250,1.0000,8,7,5,0,0,7,5,0.2857
4,228.0000,47,14,881.6669,-89.0646,-0.4111,4,0.1000,1.0000,6,8,7,0,0,8,7,0.1250
4,228.0000,47,16,569.5050,-85.2643,0.3518,18,0.4500,0.7143,7,8,8,0,0,8,8,0.0000
4,228.0000,47,17,675.1964,-85.3157,0.0251,15,0.3750,0.8571,7,9,7,0,0,9,7,0.2222
4,228.0000,47,20,575.7933,-86.1563,0.8775,13,0.3250,1.0000,8,7,6,0,0,7,6,0.1429
4,228.0000,47,22,346.2020,-81.1210,0.2845,29,0.7250,0.5000,6,7,3,0,0,7,3,0.5714
4,228.0000,47,23,329.0250,-80.3213,-0.0195,30,0.7500,0.4000,5,5,1,0,0,5,1,0.8000
4,228.0000,47,24,263.1014,-78.8198,0.6975,30,0.7500,0.2000,5,5,1,0,0,5,1,0.8000
4,228.0000,47,29,1012.3585,-87.8083,0.6743,4,0.1000,1.0000,8,8,8,0,0,8,8,0.0000
4,228.0000,47,33,118.2563,-72.1677,1.4592,38,0.9500,0.0000,4,5,1,0,0,5,1,0.8000
4,228.0000,47,35,836.6970,-87.0005,-0.0541,13,0.3250,1.0000,8,8,8,0,0,8,8,0.0000
4,228.0000,47,37,648.0313,-85.8284,-0.3808,16,0.4000,0.7143,7,8,8,0,0,8,8,0.0000
4,228.0000,47,38,88.7788,-69.9754,1.9534,38,0.9500,0.2000,5,4,0,0,0,4,0,1.0000
4,228.0000,47,41,346.2550,-81.9658,0.6257,23,0.5750,0.3333,6,5,1,0,0,5,1,0.8000
4,228.0000,47,43,339.5842,-81.0053,0.6172,23,0.5750,0.7143,7,4,0,0,0,4,0,1.0000
4,232.0000,0,1,244.8084,-76.3183,0.1619,38,0.9500,0.2000,5,4,0,0,0,4,0,1.0000
4,232.0000,0,9,314.0312,-77.5587,-1.3062,37,0.9250,0.0000,4,5,1,0,0,5,1,0.8000
4,232.0000,0,18,600.7245,-83.6306,-0.3863,14,0.3500,0.6667,6,8,8,0,0,8,8,0.0000
4,232.0000,0,19,766.7700,-86.1468,0.4382,6,0.1500,0.8750,8,8,8,0,0,8,8,0.0000
4,232.0000,0,21,699.7833,-85.3532,-0.4908,12,0.3000,1.0000,8,8,8,0,0,8,8,0.0000
4,232.0000,0,25,283.0255,-76.5780,-1.1082,37,0.9250,0.2000,5,5,2,0,0,5,2,0.6000
4,232.0000,0,27,680.5426,-85.3912,-0.4044,11,0.2750,0.8571,7,8,8,0,0,8,8,0.0000
4,232.0000,0,28,780.4966,-85.5480,0.8297,10,0.2500,0.8571,7,7,6,0,0,7,6,0.1429
4,232.0000,0,32,852.4589,-86.7406,-0.3522,7,0.1750,0.6667,6,8,8,0,0,8,8,0.0000
4,232.0000,0,36,754.0524,-87.0008,0.3651,6,0.1500,0.8571,7,7,6,0,0,7,6,0.1429
4,232.0000,0,39,720.3823,-85.2613,-0.9721,11,0.2750,0.8571,7,7,5,0,0,7,5,0.2857
4,232.0000,0,40,128.8821,-67.8400,-0.8004,39,0.9750,0.0000,4,4,0,0,0,4,0,1.0000
4,232.0000,0,44,803.6508,-85.9507,0.2092,4,0.1000,0.8571,7,6,4,0,0,6,4,0.3333
4,232.0000,0,46,445.4855,-83.0422,0.1967,21,0.5250,0.5000,6,5,1,0,0,5,1,0.8000
4,232.0000,1,0,244.8084,-76.1198,-0.6866,36,0.9000,0.0000,4,4,0,0,0,4,0,1.0000
4,232.0000,1,9,350.4874,-80.4990,-0.4680,35,0.8750,0.2500,4,5,2,0,0,5,2,0.6000
4,232.0000,1,13,901.5474,-87.6939,-0.7044,4,0.1000,1.0000,8,8,7,0,0,8,7,0.1250
4,232.0000,1,18,419.0390,-81.6965,-0.2760,23,0.5750,0.0000,4,5,1,0,0,5,1,0.8000
4,232.0000,1,19,581.2928,-85.2312,0.0200,11,0.2750,1.0000,8,5,2,0,0,5,2,0.6000
4,232.0000,1,21,643.2162,-86.0447,-0.0599,21,0.5250,0.7143,7,6,4,0,0,6,4,0.3333
4,232.0000,1,25,117.0209,-70.6568,0.8253,34,0.8500,0.2000,5,5,1,0,0,5,1,0.8000
4,232.0000,1,27,529.2259,-84.5209,-0.2017,15,0.3750,0.6667,6,8,7,0,0,8,7,0.1250
4,232.0000,1,28,622.8411,-86.3136,0.2236,14,0.3500,1.0000,8,7,5,0,0,7,5,0.2857
4,232.0000,1,30,853.1301,-88.0167,-1.6364,6,0.1500,0.8750,8,8,8,0,0,8,8,0.0000
4,232.0000,1,32,707.3276,-86.0673,-0.0787,14,0.3500,0.7143,7,7,6,0,0,7,6,0.1429
4,232.0000,1,36,620.2389,-85.8678,0.1484,13,0.3250,0.5000,6,6,4,0,0,6,4,0.3333
4,232.0000,1,39,545.9246,-84.6303,-0.4120,17,0.4250,0.7143,7,6,4,0,0,6,4,0.3333
4,232.0000,1,40,185.7526,-74.7622,0.2999,36,0.9000,0.0000,4,4,0,0,0,4,0,1.0000
4,232.0000,1,44,740.7628,-86.5976,-0.2965,15,0.3750,0.8750,8,8,7,0,0,8,7,0.1250
4,232.0000,1,46,277.7242,-80.3913,1.0946,29,0.7250,0.5000,6,4,0,0,0,4,0,1.0000
4,232.0000,2,3,369.8337,-80.7744,-0.5497,34,0.8500,0.4000,5,6,3,0,0,6,3,0.5000
4,232.0000,2,4,803.4761,-86.9569,0.1057,7,0.1750,1.0000,8,8,8,0,0,8,8,0.0000
4,232.0000,2,5,857.0338,-87.2372,0.3510,5,0.1250,1.0000,8,8,7,0,0,8,7,0.1250
4,232.0000,2,6,421.2270,-81.0957,-0.0572,23,0.5750,0.4286,7,7,6,0,0,7,6,0.1429
4,232.0000,2,7,261.9572,-78.2713,0.0380,35,0.8750,0.0000,4,4,0,0,0,4,0,1.0000
4,232.0000,2,8,709.1688,-86.8324,-0.2589,7,0.1750,1.0000,8,7,6,0,0,7,6,0.1429
4,232.0000,2,10,916.2145,-86.9880,-0.8491,6,0.1500,1.0000,6,8,8,0,0,8,8,0.0000
4,232.0000,2,11,632.1791,-85.2622,-1.1067,15,0.3750,1.0000,8,7,5,0,0,7,5,0.2857
4,232.0000,2,12,734.7241,-87.5307,-0.2844,6,0.1500,1.0000,8,7,6,0,0,7,6,0.1429
4,232.0000,2,14,927.3297,-88.1779,0.3007,6,0.1500,1.0000,6,6,6,0,0,6,6,0.0000
4,232.0000,2,16,556.5737,-84.6525,-0.0015,20,0.5000,0.8750,8,7,6,0,0,7,6,0.1429
4,232.0000,2,17,741.2890,-85.5755,-0.4890,18,0.4500,0.7500,8,8,7,0,0,8,7,0.1250
4,232.0000,2,20,420.9544,-82.7929,0.6915,18,0.4500,1.0000,8,7,4,0,0,7,4,0.4286
4,232.0000,2,22,257.7007,-77.2092,-0.4762,39,0.9750,0.0000,4,4,0,0,0,4,0,1.0000
4,232.0000,2,23,240.8434,-75.6127,-1.0292,37,0.9250,0.0000,4,4,0,0,0,4,0,1.0000
4,232.0000,2,24,318.2924,-80.0529,-0.3170,27,0.6750,0.3333,6,6,2,0,0,6,2,0.6667
4,232.0000,2,26,828.2180,-86.6390,-0.4264,9,0.2250,1.0000,8,8,8,0,0,8,8,0.0000
4,232.0000,2,33,221.9560,-73.0215,-1.7514,36,0.9000,0.0000,4,6,3,0,0,6,3,0.5000
4,232.0000,2,35,895.0818,-87.7912,-0.2635,8,0.2000,1.0000,8,7,6,0,0,7,6,0.1429
4,232.0000,2,38,218.2566,-75.6491,-0.2408,36,0.9000,0.0000,4,6,3,0,0,6,3,0.5000
4,232.0000,2,41,205.4792,-76.3361,0.5442,33,0.8250,0.0000,4,4,0,0,0,4,0,1.0000
4,232.0000,2,42,1023.8016,-88.1729,-0.0700,3,0.0750,1.0000,6,4,4,0,0,4,4,0.0000
4,232.0000,2,43,349.2002,-77.1080,-1.4798,32,0.8000,0.2000,5,8,7,0,0,8,7,0.1250
4,232.0000,2,47,246.0129,-76.7798,0.2749,32,0.8000,0.5000,6,6,3,0,0,6,3,0.5000
4,232.0000,3,2,369.8337,-80.0108,-0.0611,24,0.6000,0.2000,5,5,2,0,0,5,2,0.6000
4,232.0000,3,4,937.6166,-88.8252,0.7330,6,0.1500,1.0000,8,6,6,0,0,6,6,0.0000
4,232.0000,3,6,572.6170,-84.0878,-0.7180,14,0.3500,0.7143,7,8,8,0,0,8,8,0.0000
4,232.0000,3,7,440.2641,-82.3850,-0.0664,20,0.5000,0.3333,6,7,5,0,0,7,5,0.2857
4,232.0000,3,8,1053.6806,-88.1003,0.7542,3,0.0750,1.0000,6,2,2,0,0,2,2,0.0000
4,232.0000,3,10,742.3016,-87.7446,-0.2502,8,0.2000,1.0000,8,6,4,0,0,6,4,0.3333
4,232.0000,3,11,595.1084,-86.6872,-0.4130,15,0.3750,0.7143,7,8,6,0,0,8,6,0.2500
4,232.0000,3,16,388.8869,-82.6323,0.7028,21,0.5250,0.5000,6,6,1,0,0,6,1,0.8333
4,232.0000,3,17,641.4172,-87.0699,-0.0745,13,0.3250,0.7143,7,8,8,0,0,8,8,0.0000
4,232.0000,3,20,754.2597,-87.6426,-0.2051,6,0.1500,0.5000,6,8,6,0,0,8,6,0.2500
4,232.0000,3,22,270.9940,-77.9860,-0.2404,38,0.9500,0.4286,7,5,1,0,0,5,1,0.8000
4,232.0000,3,23,223.6740,-77.6782,0.5120,31,0.7750,0.0000,4,5,1,0,0,5,1,0.8000
4,232.0000,3,24,573.0067,-84.6311,-0.9455,12,0.3000,0.5714,7,8,7,0,0,8,7,0.1250
4,232.0000,3,33,203.9245,-76.5899,0.1644,31,0.7750,0.0000,4,4,0,0,0,4,0,1.0000
4,232.0000,3,35,717.2213,-86.5741,0.6118,7,0.1750,0.8750,8,8,8,0,0,8,8,0.0000
4,232.0000,3,37,692.0663,-86.4675,-0.7973,13,0.3250,0.6667,6,8,8,0,0,8,8,0.0000
4,232.0000,3,38,328.1042,-79.4117,-1.2758,28,0.7000,0.6667,6,7,6,0,0,7,6,0.1429
4,232.0000,3,41,486.0634,-83.5332,0.9855,16,0.4000,0.8750,8,7,6,0,0,7,6,0.1429
4,232.0000,3,43,451.3780,-84.1061,0.8184,15,0.3750,0.8571,7,5,2,0,0,5,2,0.6000
4,232.0000,3,47,364.4467,-78.6812,-0.1324,32,0.8000,0.5000,6,5,1,0,0,5,1,0.8000
4,232.0000,4,2,803.4761,-87.5281,0.4994,5,0.1250,0.8750,8,8,8,0,0,8,8,0.0000
4,232.0000,4,3,937.6166,-89.1460,0.6122,3,0.0750,1.0000,8,8,8,0,0,8,8,0.0000
4,232.0000,4,5,429.3209,-82.3281,0.4333,13,0.3250,0.8571,7,7,4,0,0,7,4,0.4286
4,232.0000,4,6,661.8362,-85.6452,0.0225,9,0.2250,0.8571,7,8,8,0,0,8,8,0.0000
4,232.0000,4,7,832.5260,-87.1337,0.6241,6,0.1500,1.0000,8,8,8,0,0,8,8,0.0000
4,232.0000,4,8,713.4868,-85.8208,-0.5166,5,0.1250,0.8750,8,8,8,0,0,8,8,0.0000
4,232.0000,4,10,717.2753,-85.1941,0.5774,8,0.2000,0.8571,7,8,8,0,0,8,8,0.0000
4,232.0000,4,11,522.7653,-82.8189,-0.0914,11,0.2750,0.3333,6,5,2,0,0,5,2,0.6000
4,232.0000,4,12,546.1085,-84.4228,0.0808,9,0.2250,1.0000,8,7,5,0,0,7,5,0.2857
4,232.0000,4,13,626.4061,-85.8775,0.9709,7,0.1750,0.8571,7,8,8,0,0,8,8,0.0000
4,232.0000,4,14,569.0681,-84.6172,-0.0230,8,0.2000,1.0000,8,7,5,0,0,7,5,0.2857
4,232.0000,4,16,673.4867,-85.1704,1.2818,9,0.2250,0.8571,7,7,6,0,0,7,6,0.1429
4,232.0000,4,17,533.6291,-83.4977,-0.0484,12,0.3000,0.8571,7,8,8,0,0,8,8,0.0000
4,232.0000,4,20,610.2405,-85.4127,0.3804,10,0.2500,1.0000,8,6,4,0,0,6,4,0.3333
4,232.0000,4,22,954.8094,-87.2734,0.5652,5,0.1250,1.0000,6,6,6,0,0,6,6,0.0000
4,232.0000,4,23,826.0013,-86.4650,-0.3143,6,0.1500,1.0000,6,8,8,0,0,8,8,0.0000
4,232.0000,4,24,769.4383,-87.0220,0.4349,5,0.1250,1.0000,8,8,8,0,0,8,8,0.0000
4,232.0000,4,26,247.0925,-78.4494,0.9538,26,0.6500,0.5714,7,4,0,0,0,4,0,1.0000
4,232.0000,4,29,367.9516,-81.2962,0.5580,26,0.6500,0.6667,6,7,6,0,0,7,6,0.1429
4,232.0000,4,31,614.4520,-85.0734,0.9788,9,0.2250,0.7500,8,7,5,0,0,7,5,0.2857
4,232.0000,4,33,806.0618,-86.2765,0.7388,3,0.0750,1.0000,8,8,8,0,0,8,8,0.0000
4,232.0000,4,34,552.8459,-84.4576,0.8641,12,0.3000,0.8571,7,8,8,0,0,8,8,0.0000
4,232.0000,4,35,748.4885,-86.6310,0.3106,7,0.1750,1.0000,8,8,8,0,0,8,8,0.0000
4,232.0000,4,37,801.3018,-87.1674,-0.3110,8,0.2000,1.0000,8,8,8,0,0,8,8,0.0000
4,232.0000,4,38,762.9073,-86.7477,-0.1433,9,0.2250,0.8750,8,8,8,0,0,8,8,0.0000
4,232.0000,4,41,656.5144,-86.2887,-0.6190,10,0.2500,1.0000,8,7,6,0,0,7,6,0.1429
4,232.0000,4,42,268.2894,-79.0611,0.5427,29,0.7250,0.2000,5,5,1,0,0,5,1,0.8000
4,232.0000,4,43,507.8181,-82.7425,0.2986,12,0.3000,0.7500,8,8,8,0,0,8,8,0.0000
4,232.0000,4,47,796.5169,-86.7939,-1.0185,5,0.1250,0.8889,9,4,4,0,0,4,4,0.0000
4,232.0000,5,2,857.0338,-87.6387,0.5805,7,0.1750,1.0000,8,8,8,0,0,8,8,0.0000
4,232.0000,5,3,1019.7916,-89.2241,0.2730,5,0.1250,1.0000,6,6,6,0,0,6,6,0.0000
4,232.0000,5,4,429.3209,-83.3777,0.8164,16,0.4000,1.0000,8,7,4,0,0,7,4,0.4286
4,232.0000,5,6,524.8919,-85.2951,0.3602,14,0.3500,0.8571,7,7,4,0,0,7,4,0.4286
4,232.0000,5,7,756.8761,-86.7992,0.2436,11,0.2750,1.0000,8,8,8,0,0,8,8,0.0000
4,232.0000,5,8,663.8738,-86.1536,0.1835,13,0.3250,0.8571,7,8,8,0,0,8,8,0.0000
4,232.0000,5,10,862.8297,-86.6716,0.4959,7,0.1750,1.0000,8,8,7,0,0,8,7,0.1250
4,232.0000,5,11,536.7216,-85.5828,0.7399,13,0.3250,0.7143,7,8,8,0,0,8,8,0.0000
4,232.0000,5,12,483.6699,-84.2692,0.3678,15,0.3750,0.8571,7,7,6,0,0,7,6,0.1429
4,232.0000,5,13,427.5147,-81.0383,0.1857,27,0.6750,0.6667,6,7,5,0,0,7,5,0.2857
4,232.0000,5,14,505.0415,-84.3897,0.6204,14,0.3500,1.0000,8,7,4,0,0,7,4,0.4286
4,232.0000,5,16,790.7936,-88.2101,0.3232,9,0.2250,1.0000,4,7,6,0,0,7,6,0.1429
4,232.0000,5,17,783.8186,-87.4126,0.3616,8,0.2000,1.0000,4,5,4,0,0,5,4,0.2000
4,232.0000,5,18,956.6005,-88.8582,0.5431,5,0.1250,1.0000,8,6,6,0,0,6,6,0.0000
4,232.0000,5,19,1079.0598,-88.4813,1.0320,4,0.1000,1.0000,2,4,4,0,0,4,4,0.0000
4,232.0000,5,20,600.9093,-86.8066,0.3956,8,0.2000,0.8750,8,7,4,0,0,7,4,0.4286
4,232.0000,5,22,1073.8295,-88.8442,-0.3119,3,0.0750,1.0000,2,4,4,0,0,4,4,0.0000
4,232.0000,5,23,961.9667,-88.2860,-0.4724,6,0.1500,1.0000,8,4,4,0,0,4,4,0.0000
4,232.0000,5,24,660.2050,-86.4462,0.3795,13,0.3250,0.8571,7,8,8,0,0,8,8,0.0000
4,232.0000,5,26,184.6482,-74.5695,0.3602,33,0.8250,0.0000,4,6,2,0,0,6,2,0.6667
4,232.0000,5,29,234.6202,-75.9454,-0.6271,32,0.8000,0.2000,5,5,1,0,0,5,1,0.8000
4,232.0000,5,31,388.0933,-79.7324,-0.2887,27,0.6750,0.7143,7,6,3,0,0,6,3,0.5000
4,232.0000,5,33,845.5529,-87.2200,0.6478,10,0.2500,1.0000,8,7,6,0,0,7,6,0.1429
4,232.0000,5,34,175.7302,-74.5256,0.2229,35,0.8750,0.2000,5,4,0,0,0,4,0,1.0000
4,232.0000,5,35,826.8505,-88.0341,1.0586,9,0.2250,1.0000,6,7,6,0,0,7,6,0.1429
4,232.0000,5,37,861.5636,-88.1434,0.5678,8,0.2000,0.8750,8,8,8,0,0,8,8,0.0000
4,232.0000,5,38,750.8603,-87.0144,-0.0835,8,0.2000,1.0000,8,6,4,0,0,6,4,0.3333
4,232.0000,5,41,656.0636,-86.5953,0.6065,13,0.3250,1.0000,8,8,7,0,0,8,7,0.1250
4,232.0000,5,42,438.7904,-81.9714,0.0153,23,0.5750,0.8571,7,7,5,0,0,7,5,0.2857
4,232.0000,5,43,594.6659,-87.3634,0.0254,9,0.2250,0.8750,8,7,6,0,0,7,6,0.1429
4,232.0000,5,46,1052.8015,-88.4298,-0.5359,4,0.1000,1.0000,8,6,6,0,0,6,6,0.0000
4,232.0000,5,47,752.7828,-86.9536,-0.1407,7,0.1750,1.0000,10,8,8,0,0,8,8,0.0000
4,232.0000,6,2,421.2270,-80.4772,-0.7663,30,0.7500,0.3333,6,7,6,0,0,7,6,0.1429
4,232.0000,6,3,572.6170,-83.9582,-0.1315,19,0.4750,0.6667,6,7,6,0,0,7,6,0.1429
4,232.0000,6,4,661.8362,-86.5400,-0.0872,11,0.2750,1.0000,8,6,4,0,0,6,4,0.3333
4,232.0000,6,5,524.8919,-85.6602,0.5380,17,0.4250,1.0000,8,7,6,0,0,7,6,0.1429
4,232.0000,6,7,241.8282,-71.8852,-3.3400,35,0.8750,0.2000,5,4,0,0,0,4,0,1.0000
4,232.0000,6,8,668.8073,-86.9287,-0.1063,12,0.3000,1.0000,8,8,8,0,0,8,8,0.0000
4,232.0000,6,10,795.6798,-86.4844,-0.4529,14,0.3500,0.8571,7,6,4,0,0,6,4,0.3333
4,232.0000,6,11,403.6447,-82.5295,-0.2329,19,0.4750,0.5000,6,6,4,1,0,7,4,0.4286
4,232.0000,6,12,610.1901,-86.4945,0.2019,16,0.4000,0.8889,9,7,7,0,0,7,7,0.0000
4,232.0000,6,13,901.3617,-88.1423,0.0925,5,0.1250,1.0000,8,8,8,0,0,8,8,0.0000
4,232.0000,6,14,624.6557,-86.2848,0.1869,13,0.3250,0.8750,8,7,4,0,0,7,4,0.4286
4,232.0000,6,16,523.4318,-84.5657,-0.3396,18,0.4500,0.7143,7,6,4,0,0,6,4,0.3333
4,232.0000,6,17,704.3816,-86.6121,0.2630,15,0.3750,0.8571,7,7,6,0,0,7,6,0.1429
4,232.0000,6,20,419.3873,-82.6241,0.7260,20,0.5000,0.3333,6,7,5,0,0,7,5,0.2857
4,232.0000,6,22,639.4265,-85.7572,-1.1404,22,0.5500,0.8750,8,7,6,0,0,7,6,0.1429
4,232.0000,6,23,559.0622,-83.8159,-1.0492,23,0.5750,0.8750,8,8,7,0,0,8,7,0.1250
4,232.0000,6,24,202.2679,-71.3285,-1.9420,35,0.8750,0.0000,4,6,2,0,0,6,2,0.6667
4,232.0000,6,26,569.0322,-85.2012,0.7669,13,0.3250,1.0000,8,7,5,0,0,7,5,0.2857
4,232.0000,6,29,676.1470,-87.0341,0.6324,12,0.3000,1.0000,6,7,5,0,0,7,5,0.2857
4,232.0000,6,33,380.9985,-80.5970,-0.4765,32,0.8000,0.2000,5,6,3,0,0,6,3,0.5000
4,232.0000,6,34,555.5106,-85.2862,0.8683,16,0.4000,1.0000,8,8,6,0,0,8,6,0.2500
4,232.0000,6,35,733.4386,-86.4890,0.7203,14,0.3500,0.8750,8,7,6,0,0,7,6,0.1429
4,232.0000,6,37,732.2855,-86.2476,-0.3413,15,0.3750,0.8571,7,7,6,0,0,7,6,0.1429
4,232.0000,6,38,262.2325,-77.4299,-0.8047,30,0.7500,0.5714,7,7,3,0,0,7,3,0.5714
4,232.0000,6,41,251.9728,-76.7733,0.0154,33,0.8250,0.2000,5,7,3,0,0,7,3,0.5714
4,232.0000,6,42,802.5151,-87.5946,0.7093,10,0.2500,0.8571,7,4,4,0,0,4,4,0.0000
4,232.0000,6,43,304.7997,-77.7500,-0.4815,30,0.7500,0.5714,7,6,3,0,0,6,3,0.5000
4,232.0000,6,47,242.7265,-78.0280,-0.1529,34,0.8500,0.4000,5,6,2,0,0,6,2,0.6667
4,232.0000,7,2,261.9572,-77.8861,0.1385,32,0.7805,0.3333,6,5,1,0,0,5,1,0.8000
4,232.0000,7,3,440.2641,-82.7505,0.7990,20,0.4878,0.8571,7,7,6,0,0,7,6,0.1429
4,232.0000,7,4,832.5260,-86.7874,-0.5339,6,0.1463,1.0000,8,8,8,0,0,8,8,0.0000
4,232.0000,7,5,756.8761,-87.9582,-0.2393,8,0.1951,1.0000,8,7,6,0,0,7,6,0.1429
4,232.0000,7,6,241.8282,-72.4309,-3.6611,37,0.9024,0.0000,4,7,6,0,0,7,6,0.1429
4,232.0000,7,8,729.2408,-86.2547,-0.2802,12,0.2927,1.0000,8,8,8,0,0,8,8,0.0000
4,232.0000,7,10,904.3259,-87.6310,-0.7043,6,0.1463,0.7143,7,8,8,0,0,8,8,0.0000
4,232.0000,7,11,561.4944,-84.1974,-1.7495,15,0.3659,0.8750,8,7,6,0,0,7,6,0.1429
4,232.0000,7,12,731.7244,-86.7087,0.9277,10,0.2439,0.8571,7,7,6,0,0,7,6,0.1429
4,232.0000,7,14,827.5842,-87.3564,1.2098,5,0.1220,1.0000,6,8,8,0,0,8,8,0.0000
4,232.0000,7,16,565.7446,-85.3314,0.8716,19,0.4634,0.7143,7,7,6,0,0,7,6,0.1429
4,232.0000,7,17,794.8238,-86.1639,1.1447,8,0.1951,0.5000,6,8,8,0,0,8,8,0.0000
4,232.0000,7,20,454.2247,-82.9888,-0.1588,18,0.4390,0.6667,6,8,7,0,0,8,7,0.1250
4,232.0000,7,22,466.0197,-82.7869,-0.5337,19,0.4634,0.7500,8,7,5,0,0,7,5,0.2857
4,232.0000,7,23,433.9792,-82.1868,-0.9355,25,0.6098,0.8750,8,8,8,0,0,8,8,0.0000
4,232.0000,7,24,152.5010,-69.8649,-1.7627,36,0.8780,0.0000,4,5,1,0,0,5,1,0.8000
4,232.0000,7,26,782.8165,-87.3002,0.9496,5,0.1220,0.8571,7,8,7,0,0,8,7,0.1250
4,232.0000,7,29,906.7962,-88.5215,-0.2054,5,0.1220,1.0000,8,6,6,0,0,6,6,0.0000
4,232.0000,7,33,254.6000,-77.5925,-0.0343,34,0.8293,0.2000,5,5,1,0,0,5,1,0.8000
4,232.0000,7,34,771.1021,-86.7325,-0.2534,6,0.1463,1.0000,6,7,5,0,0,7,5,0.2857
4,232.0000,7,35,847.9991,-87.7394,0.2368,4,0.0976,1.0000,8,8,8,0,0,8,8,0.0000
4,232.0000,7,37,834.7144,-85.8288,-0.0593,8,0.1951,0.5000,6,6,6,0,0,6,6,0.0000
4,232.0000,7,38,144.7634,-73.8482,0.2155,33,0.8049,0.2000,5,4,0,0,0,4,0,1.0000
4,232.0000,7,41,216.3707,-76.7990,-0.1402,35,0.8537,0.5000,6,5,2,0,0,5,2,0.6000
4,232.0000,7,42,1007.8828,-88.4263,0.0117,6,0.1463,1.0000,8,2,2,0,0,2,2,0.0000
4,232.0000,7,43,374.8347,-79.4767,-1.4704,27,0.6585,0.5000,6,8,8,0,0,8,8,0.0000
4,232.0000,7,47,92.3710,-71.0511,2.0264,36,0.8780,0.0000,4,5,1,0,0,5,1,0.8000
4,232.0000,8,2,709.1688,-86.2261,0.2221,9,0.2308,1.0000,8,8,8,0,0,8,8,0.0000
4,232.0000,8,3,1053.6806,-89.3326,1.2683,3,0.0769,0.8750,8,6,6,0,0,6,6,0.0000
4,232.0000,8,4,713.4868,-85.3835,-0.3434,14,0.3590,1.0000,8,7,6,0,0,7,6,0.1429
4,232.0000,8,5,663.8738,-85.4740,0.1022,11,0.2821,0.8750,8,8,8,0,0,8,8,0.0000
4,232.0000,8,6,668.8073,-86.5915,-0.6501,9,0.2308,1.0000,8,7,6,0,0,7,6,0.1429
4,232.0000,8,7,729.2408,-86.6724,-0.0509,10,0.2564,1.0000,8,8,7,0,0,8,7,0.1250
4,232.0000,8,11,924.1420,-88.0517,-0.0329,5,0.1282,1.0000,8,6,6,0,0,6,6,0.0000
4,232.0000,8,12,198.9122,-72.4768,-1.4935,36,0.9231,0.0000,4,7,4,0,0,7,4,0.4286
4,232.0000,8,13,696.3411,-85.3366,0.2872,12,0.3077,0.8571,7,8,8,0,0,8,8,0.0000
4,232.0000,8,14,1076.8354,-87.8491,-0.9502,3,0.0769,1.0000,2,8,8,0,0,8,8,0.0000
4,232.0000,8,15,628.6988,-85.5981,-0.5124,16,0.4103,0.8750,8,7,6,0,0,7,6,0.1429
4,232.0000,8,19,928.0400,-88.0025,0.5580,5,0.1282,1.0000,4,6,6,0,0,6,6,0.0000
4,232.0000,8,20,300.3659,-78.4904,0.0466,26,0.6667,0.0000,4,6,3,0,0,6,3,0.5000
4,232.0000,8,22,938.8872,-88.8024,-0.3598,5,0.1282,1.0000,8,8,8,0,0,8,8,0.0000
4,232.0000,8,23,898.9678,-86.8541,-0.3109,6,0.1538,1.0000,6,8,8,0,0,8,8,0.0000
4,232.0000,8,24,590.1119,-85.4526,0.7497,10,0.2564,0.8750,8,8,8,0,0,8,8,0.0000
4,232.0000,8,26,658.1670,-85.9659,-0.6592,12,0.3077,0.8571,7,7,6,0,0,7,6,0.1429
4,232.0000,8,27,867.4582,-87.0186,-0.6823,3,0.0769,1.0000,8,8,8,0,0,8,8,0.0000
4,232.0000,8,28,1067.2010,-88.0716,-0.0965,5,0.1282,1.0000,4,6,6,0,0,6,6,0.0000
4,232.0000,8,29,844.7592,-87.1495,0.5610,8,0.2051,0.8571,7,8,8,0,0,8,8,0.0000
4,232.0000,8,30,1133.7290,-89.1105,-0.3448,4,0.1026,,0,2,2,0,0,2,2,0.0000
4,232.0000,8,31,782.3440,-86.7448,-0.0337,10,0.2564,1.0000,8,8,8,0,0,8,8,0.0000
4,232.0000,8,33,864.8037,-87.8617,-0.5410,8,0.2051,1.0000,8,6,6,0,0,6,6,0.0000
4,232.0000,8,34,574.2831,-83.9107,-0.3963,13,0.3333,1.0000,6,10,9,0,0,10,9,0.1000
4,232.0000,8,38,773.0874,-85.8166,0.5054,6,0.1538,0.8571,7,7,6,0,0,7,6,0.1429
4,232.0000,8,41,578.7271,-83.7252,-1.0928,12,0.3077,0.8750,8,6,4,0,0,6,4,0.3333
4,232.0000,8,42,919.3872,-87.7122,-0.5978,6,0.1538,1.0000,8,8,8,0,0,8,8,0.0000
4,232.0000,8,43,711.8020,-86.1884,-0.2869,11,0.2821,1.0000,8,8,8,0,0,8,8,0.0000
4,232.0000,8,45,575.3228,-85.3490,0.4545,17,0.4359,1.0000,8,8,8,0,0,8,8,0.0000
4,232.0000,8,47,772.0731,-86.8687,-0.1493,5,0.1282,1.0000,8,8,8,0,0,8,8,0.0000
4,232.0000,9,0,314.0312,-78.1090,-1.6185,37,0.9024,0.0000,4,6,3,0,0,6,3,0.5000
4,232.0000,9,1,350.4874,-80.0887,-0.8760,32,0.7805,0.0000,4,4,0,0,0,4,0,1.0000
4,232.0000,9,18,764.3222,-86.2104,0.1258,13,0.3171,1.0000,8,8,8,0,0,8,8,0.0000
4,232.0000,9,19,701.9579,-85.7011,-0.0955,10,0.2439,0.8571,7,7,5,0,0,7,5,0.2857
4,232.0000,9,21,559.4926,-84.2552,-0.0164,20,0.4878,0.8571,7,7,4,0,0,7,4,0.4286
4,232.0000,9,25,299.0487,-78.9798,-1.2585,33,0.8049,0.2000,5,5,1,0,0,5,1,0.8000
4,232.0000,9,27,689.5442,-85.3854,-0.2571,13,0.3171,1.0000,8,8,8,0,0,8,8,0.0000
4,232.0000,9,28,633.1877,-85.8529,0.1223,15,0.3659,0.7143,7,7,6,0,0,7,6,0.1429
4,232.0000,9,30,763.8033,-86.4428,-0.2882,10,0.2439,1.0000,8,8,7,0,0,8,7,0.1250
4,232.0000,9,32,663.6374,-86.0325,0.0262,17,0.4146,0.8750,8,8,8,0,0,8,8,0.0000
4,232.0000,9,36,615.7104,-85.3615,-0.1578,15,0.3659,1.0000,8,8,7,0,0,8,7,0.1250
4,232.0000,9,39,579.5794,-85.3782,0.2098,20,0.4878,0.7500,8,7,6,0,0,7,6,0.1429
4,232.0000,9,40,267.6868,-79.4831,-0.2359,36,0.8780,0.5714,7,5,1,0,0,5,1,0.8000
4,232.0000,9,44,531.9131,-84.5566,0.6088,26,0.6341,0.7500,8,5,1,0,0,5,1,0.8000
4,232.0000,9,45,986.0194,-87.7734,2.0030,3,0.0732,1.0000,8,8,8,0,0,8,8,0.0000
4,232.0000,9,46,614.3765,-85.2168,0.2141,17,0.4146,0.8571,7,7,5,0,0,7,5,0.2857
4,232.0000,10,2,916.2145,-87.6392,-0.2292,9,0.2250,1.0000,8,8,8,0,0,8,8,0.0000
4,232.0000,10,3,742.3016,-86.4574,-0.9105,12,0.3000,1.0000,8,8,8,0,0,8,8,0.0000
4,232.0000,10,4,717.2753,-85.6004,0.5774,9,0.2250,1.0000,8,5,4,0,0,5,4,0.2000
4,232.0000,10,5,862.8297,-88.0539,-0.0238,7,0.1750,1.0000,8,6,6,0,0,6,6,0.0000
4,232.0000,10,6,795.6798,-87.2364,-0.8222,7,0.1750,1.0000,8,7,6,0,0,7,6,0.1429
4,232.0000,10,7,904.3259,-87.7036,0.0267,10,0.2500,1.0000,8,4,4,0,0,4,4,0.0000
4,232.0000,10,11,403.5051,-80.4523,0.1213,19,0.4750,0.6667,6,7,6,0,0,7,6,0.1429
4,232.0000,10,14,439.5090,-80.7421,-0.8367,23,0.5750,0.4000,5,8,8,0,0,8,8,0.0000
4,232.0000,10,16,370.3920,-79.3824,-0.4251,27,0.6750,0.5000,6,7,6,0,0,7,6,0.1429
4,232.0000,10,17,282.3539,-77.8394,-0.4676,28,0.7000,0.4000,5,5,2,0,0,5,2,0.6000
4,232.0000,10,20,1037.2688,-87.8119,-0.0292,4,0.1000,1.0000,8,8,7,0,0,8,7,0.1250
4,232.0000,10,22,933.9366,-87.2583,0.1663,6,0.1500,1.0000,8,8,8,0,0,8,8,0.0000
4,232.0000,10,23,795.6877,-87.2696,-0.3976,10,0.2500,0.8571,7,8,8,0,0,8,8,0.0000
4,232.0000,10,24,957.7509,-87.6752,-0.8724,6,0.1500,0.8571,7,6,6,0,0,6,6,0.0000
4,232.0000,10,26,787.8352,-86.9243,-0.7649,8,0.2000,1.0000,8,8,8,0,0,8,8,0.0000
4,232.0000,10,29,758.1053,-86.4221,-0.3465,7,0.1750,1.0000,8,8,7,0,0,8,7,0.1250
4,232.0000,10,31,1170.0068,-88.7996,-0.5439,4,0.1000,1.0000,6,3,2,0,0,3,2,0.3333
4,232.0000,10,33,749.6016,-87.1770,0.5074,9,0.2250,0.8571,7,8,8,0,0,8,8,0.0000
4,232.0000,10,35,130.5659,-72.5199,1.4644,36,0.9000,0.0000,4,5,1,0,0,5,1,0.8000
4,232.0000,10,37,183.1288,-74.8971,0.2816,33,0.8250,0.0000,4,7,3,0,0,7,3,0.5714
4,232.0000,10,38,782.1404,-87.2104,-0.8965,11,0.2750,0.7778,9,8,8,0,0,8,8,0.0000
4,232.0000,10,41,858.5824,-87.8105,0.8228,8,0.2000,1.0000,8,6,6,0,0,6,6,0.0000
4,232.0000,10,42,705.2574,-86.5366,-1.3714,12,0.3000,1.0000,8,8,7,0,0,8,7,0.1250
4,232.0000,10,43,624.8980,-85.8717,-0.5191,8,0.2000,1.0000,8,7,6,0,0,7,6,0.1429
4,232.0000,10,47,820.4149,-86.6286,0.0179,8,0.2000,1.0000,6,10,10,0,0,10,10,0.0000
4,232.0000,11,2,632.1791,-84.2779,-0.3131,16,0.4000,0.8750,8,8,7,0,0,8,7,0.1250
4,232.0000,11,3,595.1084,-85.3347,-1.2845,15,0.3750,0.8750,8,7,6,0,0,7,6,0.1429
4,232.0000,11,4,522.7653,-83.3172,0.3836,15,0.3750,0.8571,7,6,4,0,0,6,4,0.3333
4,232.0000,11,5,536.7216,-84.8511,0.2485,14,0.3500,0.3333,6,6,2,0,0,6,2,0.6667
4,232.0000,11,6,403.6447,-82.1140,0.0029,18,0.4500,0.8750,8,7,6,0,0,7,6,0.1429
4,232.0000,11,7,561.4944,-82.6402,-1.2751,16,0.4000,0.7143,7,8,7,0,0,8,7,0.1250
4,232.0000,11,8,924.1420,-88.4403,-0.5947,5,0.1250,0.8750,8,8,8,0,0,8,8,0.0000
4,232.0000,11,10,403.5051,-81.0981,-0.5731,34,0.8500,0.4000,5,8,8,0,0,8,8,0.0000
4,232.0000,11,12,801.7151,-87.8469,0.3377,4,0.1000,1.0000,6,8,7,0,0,8,7,0.1250
4,232.0000,11,13,947.1698,-88.2166,0.4602,4,0.1000,0.8571,7,8,8,0,0,8,8,0.0000
4,232.0000,11,14,306.5484,-81.0161,1.3166,26,0.6500,0.0000,4,7,4,0,0,7,4,0.4286
4,232.0000,11,16,278.2786,-78.5602,0.7133,33,0.8250,0.2000,5,6,3,0,0,6,3,0.5000
4,232.0000,11,17,371.9811,-81.5425,0.3282,33,0.8250,1.0000,8,5,1,0,0,5,1,0.8000
4,232.0000,11,20,682.9310,-86.4568,0.2486,12,0.3000,1.0000,8,8,8,0,0,8,8,0.0000
4,232.0000,11,22,749.4628,-87.3622,0.0526,10,0.2500,1.0000,8,6,6,0,0,6,6,0.0000
4,232.0000,11,23,615.0697,-85.0881,0.0281,17,0.4250,0.8571,7,6,4,0,0,6,4,0.3333
4,232.0000,11,24,582.8013,-84.0529,-0.7033,15,0.3750,0.7143,7,8,7,0,0,8,7,0.1250
4,232.0000,11,26,505.4943,-83.9455,0.2315,15,0.3750,0.8571,7,6,4,0,0,6,4,0.3333
4,232.0000,11,29,532.7250,-84.0333,0.6595,13,0.3250,0.8571,7,6,4,0,0,6,4,0.3333
4,232.0000,11,33,496.1477,-83.6117,-1.0817,17,0.4250,0.8571,7,7,4,0,0,7,4,0.4286
4,232.0000,11,34,673.0984,-86.6943,0.2558,10,0.2500,0.8750,8,8,6,0,0,8,6,0.2500
4,232.0000,11,35,351.1368,-81.7434,-0.0018,32,0.8000,0.7143,7,8,6,0,0,8,6,0.2500
4,232.0000,11,37,370.3106,-79.7547,-1.1147,36,0.9000,0.0000,4,7,6,0,0,7,6,0.1429
4,232.0000,11,38,468.8902,-82.0535,-1.0314,21,0.5250,0.6667,6,7,5,0,0,7,5,0.2857
4,232.0000,11,41,514.2120,-83.8029,-0.9208,18,0.4500,1.0000,8,8,8,0,0,8,8,0.0000
4,232.0000,11,42,584.3777,-85.0091,-0.2092,15,0.3750,0.5000,6,7,6,0,0,7,6,0.1429
4,232.0000,11,43,312.8045,-81.0880,0.7919,22,0.5500,1.0000,8,7,4,0,0,7,4,0.4286
4,232.0000,11,47,494.9011,-83.7378,0.5673,18,0.4500,0.4000,5,5,2,0,0,5,2,0.6000
4,232.0000,12,2,734.7241,-86.3982,0.8094,8,0.2051,1.0000,8,8,7,0,0,8,7,0.1250
4,232.0000,12,4,546.1085,-84.9622,0.3625,11,0.2821,0.9000,10,6,6,0,0,6,6,0.0000
4,232.0000,12,5,483.6699,-83.5554,0.3934,15,0.3846,1.0000,8,7,6,0,0,7,6,0.1429
4,232.0000,12,6,610.1901,-86.1590,1.2262,9,0.2308,1.0000,8,8,8,0,0,8,8,0.0000
4,232.0000,12,7,731.7244,-87.8827,-1.3006,6,0.1538,0.8571,7,7,6,0,0,7,6,0.1429
4,232.0000,12,8,198.9122,-73.0203,-1.1137,36,0.9231,0.2000,5,6,3,0,0,6,3,0.5000
4,232.0000,12,11,801.7151,-87.2587,0.3662,6,0.1538,1.0000,6,8,8,0,0,8,8,0.0000
4,232.0000,12,13,523.8018,-83.2934,-0.3297,13,0.3333,0.7500,8,6,4,0,0,6,4,0.3333
4,232.0000,12,15,681.9423,-84.6966,-0.6593,9,0.2308,0.7143,7,8,8,0,0,8,8,0.0000
4,232.0000,12,17,961.3333,-88.2017,-0.2865,7,0.1795,1.0000,6,8,8,0,0,8,8,0.0000
4,232.0000,12,18,1042.2483,-87.8748,0.3484,3,0.0769,1.0000,4,6,6,0,0,6,6,0.0000
4,232.0000,12,19,903.6882,-87.7621,1.9542,3,0.0769,1.0000,6,6,6,0,0,6,6,0.0000
4,232.0000,12,20,321.2748,-81.5857,0.0870,20,0.5128,0.7500,8,6,4,0,0,6,4,0.3333
4,232.0000,12,23,898.3796,-88.2394,0.7185,6,0.1538,1.0000,8,8,8,0,0,8,8,0.0000
4,232.0000,12,24,594.3582,-84.8899,1.2138,10,0.2564,0.8750,8,8,8,0,0,8,8,0.0000
4,232.0000,12,26,468.9125,-83.7997,1.4271,11,0.2821,0.7500,8,7,5,0,0,7,5,0.2857
4,232.0000,12,27,816.5268,-86.9230,0.4144,6,0.1538,1.0000,8,6,6,0,0,6,6,0.0000
4,232.0000,12,28,1069.1915,-87.9518,-1.8410,3,0.0769,1.0000,6,6,6,0,0,6,6,0.0000
4,232.0000,12,29,652.5070,-84.7948,0.3357,6,0.1538,1.0000,8,7,5,0,0,7,5,0.2857
4,232.0000,12,30,1179.7637,-88.5454,-0.0338,3,0.0769,1.0000,6,4,4,0,0,4,4,0.0000
4,232.0000,12,31,599.7127,-83.9453,0.6496,13,0.3333,0.8750,8,8,8,0,0,8,8,0.0000
4,232.0000,12,33,848.9888,-87.8047,0.0535,6,0.1538,1.0000,6,5,4,0,0,5,4,0.2000
4,232.0000,12,34,409.9269,-81.6078,-0.2543,20,0.5128,0.6667,6,8,6,0,0,8,6,0.2500
4,232.0000,12,36,1046.3761,-87.2692,0.0784,3,0.0769,1.0000,6,4,4,0,0,4,4,0.0000
4,232.0000,12,39,1099.7915,-88.1343,0.3281,3,0.0769,1.0000,8,4,4,0,0,4,4,0.0000
4,232.0000,12,41,568.6128,-85.2766,0.4267,12,0.3077,1.0000,8,6,3,0,0,6,3,0.5000
4,232.0000,12,42,730.2609,-86.6417,1.5154,7,0.1795,0.8000,5,8,7,0,0,8,7,0.1250
4,232.0000,12,43,639.7554,-86.0601,0.0214,9,0.2308,0.8571,7,8,8,0,0,8,8,0.0000
4,232.0000,12,45,569.8631,-84.8915,-0.6970,13,0.3333,0.8571,7,6,3,0,0,6,3,0.5000
4,232.0000,12,47,758.7435,-86.3759,0.3476,6,0.1538,0.8571,7,8,8,0,0,8,8,0.0000
4,232.0000,13,0,1041.9313,-88.3621,-0.4021,5,0.1250,,0,4,4,0,0,4,4,0.0000
4,232.0000,13,1,901.5474,-87.7765,0.1535,8,0.2000,1.0000,6,4,4,0,0,4,4,0.0000
4,232.0000,13,4,626.4061,-85.7604,-0.8885,13,0.3250,0.8750,8,7,6,0,0,7,6,0.1429
4,232.0000,13,5,427.5147,-80.8648,-1.0949,25,0.6250,0.7143,7,8,8,0,0,8,8,0.0000
4,232.0000,13,6,901.3617,-88.4244,-0.0273,5,0.1250,1.0000,8,5,4,0,0,5,4,0.2000
4,232.0000,13,8,696.3411,-84.8166,-0.7301,11,0.2750,0.8750,8,8,8,0,0,8,8,0.0000
4,232.0000,13,9,1191.2485,-88.5372,1.0192,4,0.1000,,0,2,2,0,0,2,2,0.0000
4,232.0000,13,11,947.1698,-87.7613,1.0052,5,0.1250,0.7143,7,6,6,0,0,6,6,0.0000
4,232.0000,13,12,523.8018,-83.2427,-0.0322,16,0.4000,0.6667,6,8,8,0,0,8,8,0.0000
4,232.0000,13,14,881.9653,-88.2461,-0.3183,5,0.1250,1.0000,2,8,8,0,0,8,8,0.0000
4,232.0000,13,15,781.9775,-87.1860,-0.2579,15,0.3750,1.0000,8,8,7,0,0,8,7,0.1250
4,232.0000,13,18,573.6319,-85.8630,0.4735,19,0.4750,0.8750,8,6,4,0,0,6,4,0.3333
4,232.0000,13,19,734.3725,-86.8689,-0.7998,9,0.2250,1.0000,8,6,6,0,0,6,6,0.0000
4,232.0000,13,20,807.0809,-86.7385,-0.4111,5,0.1250,1.0000,8,8,8,0,0,8,8,0.0000
4,232.0000,13,21,1015.6453,-88.0079,0.2663,7,0.1750,1.0000,4,4,4,0,0,4,4,0.0000
4,232.0000,13,24,980.7813,-87.7200,-0.1507,5,0.1250,1.0000,4,6,6,0,0,6,6,0.0000
4,232.0000,13,25,903.5755,-88.1041,0.3490,8,0.2000,1.0000,4,3,2,0,0,3,2,0.3333
4,232.0000,13,26,459.4911,-81.9666,-0.5340,19,0.4750,0.8571,7,8,7,0,0,8,7,0.1250
4,232.0000,13,27,607.3438,-84.6624,0.1842,15,0.3750,1.0000,6,8,8,0,0,8,8,0.0000
4,232.0000,13,28,936.9832,-88.3182,-0.2658,6,0.1500,1.0000,6,8,8,0,0,8,8,0.0000
4,232.0000,13,29,491.5516,-82.5846,-0.7122,22,0.5500,0.8571,7,8,7,0,0,8,7,0.1250
4,232.0000,13,31,122.9548,-70.2191,-0.4923,36,0.9000,0.2000,5,5,1,0,0,5,1,0.8000
4,232.0000,13,32,1058.6648,-89.7846,0.0435,3,0.0750,1.0000,6,6,6,0,0,6,6,0.0000
4,232.0000,13,34,368.3785,-79.4262,-1.1284,31,0.7750,0.3333,6,8,8,0,0,8,8,0.0000
4,232.0000,13,36,926.3165,-88.1071,0.0124,8,0.2000,0.8000,5,8,8,0,0,8,8,0.0000
4,232.0000,13,39,920.3980,-88.0237,-0.7431,11,0.2750,0.6667,6,6,6,0,0,6,6,0.0000
4,232.0000,13,40,973.7017,-87.9583,0.5440,8,0.2000,,0,4,4,0,0,4,4,0.0000
4,232.0000,13,41,976.4609,-87.9847,0.1309,5,0.1250,1.0000,8,8,8,0,0,8,8,0.0000
4,232.0000,13,42,604.9157,-85.5579,-0.5987,8,0.2000,1.0000,8,9,8,0,0,9,8,0.1111
4,232.0000,13,43,953.9715,-87.0143,-0.8769,6,0.1500,1.0000,8,6,6,0,0,6,6,0.0000
4,232.0000,13,45,602.2915,-85.9173,0.2409,17,0.4250,1.0000,8,8,8,0,0,8,8,0.0000
4,232.0000,13,46,640.5416,-84.7242,0.6269,14,0.3500,0.8333,6,8,8,0,0,8,8,0.0000
4,232.0000,14,2,927.3297,-87.8509,-0.3844,6,0.1500,1.0000,8,6,6,0,0,6,6,0.0000
4,232.0000,14,3,892.1247,-86.2444,0.4317,4,0.1000,1.0000,6,6,6,0,0,6,6,0.0000
4,232.0000,14,4,569.0681,-85.6660,0.6390,10,0.2500,1.0000,8,8,7,0,0,8,7,0.1250
4,232.0000,14,5,505.0415,-84.7639,2.0911,10,0.2500,0.8571,7,6,4,0,0,6,4,0.3333
4,232.0000,14,6,624.6557,-85.7974,0.7248,9,0.2250,1.0000,8,7,5,0,0,7,5,0.2857
4,232.0000,14,7,827.5842,-87.8895,0.2150,5,0.1250,1.0000,8,6,6,0,0,6,6,0.0000
4,232.0000,14,10,439.5090,-80.6679,0.3552,24,0.6000,0.4000,5,8,7,0,0,8,7,0.1250
4,232.0000,14,11,306.5484,-81.0320,0.5506,19,0.4750,0.6500,60,4,0,3,0,7,0,1.0000
4,232.0000,14,12,915.9676,-87.9046,0.3135,4,0.1000,1.0000,6,8,8,0,0,8,8,0.0000
4,232.0000,14,16,544.7370,-84.4606,0.6938,17,0.4250,0.5000,4,8,8,0,0,8,8,0.0000
4,232.0000,14,17,522.9594,-85.1176,-0.1137,16,0.4000,0.8571,7,7,5,0,0,7,5,0.2857
4,232.0000,14,20,893.8146,-88.2855,0.3987,5,0.1250,1.0000,6,7,6,0,0,7,6,0.1429
4,232.0000,14,23,919.9079,-87.1392,1.0057,3,0.0750,1.0000,8,8,8,0,0,8,8,0.0000
4,232.0000,14,24,822.6570,-87.0206,-0.8983,6,0.1500,1.0000,8,8,8,0,0,8,8,0.0000
4,232.0000,14,26,498.1545,-83.5595,-1.1333,13,0.3250,0.5714,7,6,4,0,0,6,4,0.3333
4,232.0000,14,29,403.9126,-82.5193,0.8432,16,0.4000,1.0000,8,8,7,0,0,8,7,0.1250
4,232.0000,14,31,802.6692,-87.1843,1.7464,5,0.1250,1.0000,8,8,7,0,0,8,7,0.1250
4,232.0000,14,33,798.6482,-87.8869,0.0534,7,0.1750,1.0000,8,7,5,0,0,7,5,0.2857
4,232.0000,14,34,667.5904,-86.5764,0.8515,5,0.1250,0.7143,7,8,7,0,0,8,7,0.1250
4,232.0000,14,35,380.2215,-80.1253,-0.6036,24,0.6000,0.5000,6,6,4,0,0,6,4,0.3333
4,232.0000,14,37,418.0735,-81.2858,-0.8186,26,0.6500,1.0000,8,8,7,0,0,8,7,0.1250
4,232.0000,14,38,758.7405,-86.2953,2.3607,6,0.1500,0.8571,7,7,5,0,0,7,5,0.2857
4,232.0000,14,41,783.1454,-87.1884,0.5628,7,0.1750,1.0000,8,8,8,0,0,8,8,0.0000
4,232.0000,14,42,480.0867,-82.9016,-0.8258,19,0.4750,0.7143,7,7,5,0,0,7,5,0.2857
4,232.0000,14,43,597.4492,-87.3725,0.3459,7,0.1750,0.8571,7,8,8,0,0,8,8,0.0000
4,232.0000,14,47,774.6836,-87.4919,0.3944,5,0.1250,1.0000,8,8,8,0,0,8,8,0.0000
4,232.0000,15,1,1020.2682,-89.0594,-1.0800,3,0.0750,,0,8,8,0,0,8,8,0.0000
4,232.0000,15,8,628.6988,-85.5590,-1.7217,7,0.1750,0.8750,8,8,8,0,0,8,8,0.0000
4,232.0000,15,12,681.9423,-85.2691,-0.5527,6,0.1500,1.0000,8,6,6,0,0,6,6,0.0000
4,232.0000,15,19,448.3547,-82.2832,0.4287,19,0.4750,0.6667,6,6,4,0,0,6,4,0.3333
4,232.0000,15,21,723.9071,-86.2655,0.7939,7,0.1750,1.0000,8,6,4,0,0,6,4,0.3333
4,232.0000,15,25,943.5873,-88.1393,-0.0054,5,0.1250,1.0000,4,6,6,0,0,6,6,0.0000
4,232.0000,15,27,535.3257,-84.7200,0.6430,13,0.3250,0.8571,7,6,4,0,0,6,4,0.3333
4,232.0000,15,28,536.8164,-84.4157,-0.6947,14,0.3500,0.8571,7,7,6,0,0,7,6,0.1429
4,232.0000,15,30,616.8730,-84.5901,-0.2758,14,0.3500,0.7143,7,8,8,0,0,8,8,0.0000
4,232.0000,15,32,588.0094,-85.9698,0.5993,8,0.2000,0.8750,8,4,0,0,0,4,0,1.0000
4,232.0000,15,34,800.8388,-86.8410,-0.6120,5,0.1250,1.0000,8,8,8,0,0,8,8,0.0000
4,232.0000,15,36,553.1867,-84.3013,0.5486,13,0.3250,1.0000,8,7,4,0,0,7,4,0.4286
4,232.0000,15,39,588.2190,-85.1132,-0.0712,13,0.3250,0.8571,7,8,7,0,0,8,7,0.1250
4,232.0000,15,44,910.8785,-87.8816,0.7398,3,0.0750,1.0000,8,7,6,0,0,7,6,0.1429
4,232.0000,15,45,427.4379,-82.2204,-0.1436,19,0.4750,0.8750,8,6,4,0,0,6,4,0.3333
4,232.0000,15,46,924.6359,-87.4785,0.0448,5,0.1250,1.0000,6,10,10,0,0,10,10,0.0000
4,232.0000,16,2,556.5737,-84.3011,-0.4510,14,0.3415,1.0000,8,7,6,0,0,7,6,0.1429
4,232.0000,16,3,388.8869,-82.9777,0.2085,25,0.6098,0.4000,5,7,6,0,0,7,6,0.1429
4,232.0000,16,4,673.4867,-86.8147,0.1062,7,0.1707,0.7143,7,6,4,0,0,6,4,0.3333
4,232.0000,16,5,790.7936,-86.5095,0.6592,3,0.0732,1.0000,8,8,8,0,0,8,8,0.0000
4,232.0000,16,6,523.4318,-84.1848,0.2336,12,0.2927,0.8571,7,6,3,0,0,6,3,0.5000
4,232.0000,16,7,565.7446,-85.1728,0.6448,11,0.2683,0.8000,5,8,8,0,0,8,8,0.0000
4,232.0000,16,10,370.3920,-79.3846,-0.7234,31,0.7561,0.6667,6,6,2,0,0,6,2,0.6667
4,232.0000,16,11,278.2786,-78.6580,-0.1685,31,0.7561,0.0000,4,5,2,0,0,5,2,0.6000
4,232.0000,16,12,953.1910,-88.3469,1.5076,3,0.0732,1.0000,2,8,8,0,0,8,8,0.0000
4,232.0000,16,14,544.7370,-83.9584,-0.1801,17,0.4146,0.5714,7,6,4,0,0,6,4,0.3333
4,232.0000,16,17,296.3234,-77.6565,-1.0892,33,0.8049,0.2000,5,6,3,0,0,6,3,0.5000
4,232.0000,16,20,760.1354,-86.9943,-0.1085,3,0.0732,0.8750,8,8,7,0,0,8,7,0.1250
4,232.0000,16,22,575.4915,-85.5195,0.1572,18,0.4390,0.8750,8,6,3,0,0,6,3,0.5000
4,232.0000,16,23,440.0811,-83.0129,0.6849,19,0.4634,0.7143,7,7,4,0,0,7,4,0.4286
4,232.0000,16,24,642.3548,-86.4440,0.4712,10,0.2439,0.7143,7,6,4,0,0,6,4,0.3333
4,232.0000,16,26,731.6172,-87.8408,-0.4198,7,0.1707,0.8750,8,6,4,0,0,6,4,0.3333
4,232.0000,16,29,786.3632,-87.0379,1.1341,4,0.0976,0.8571,7,7,6,0,0,7,6,0.1429
4,232.0000,16,33,381.5118,-83.5298,0.6409,22,0.5366,0.6667,6,6,3,0,0,6,3,0.5000
4,232.0000,16,35,355.1794,-80.7082,-0.3539,28,0.6829,0.6667,6,7,6,0,0,7,6,0.1429
4,232.0000,16,37,352.1561,-78.3946,-0.8203,35,0.8537,0.0000,3,6,3,0,0,6,3,0.5000
4,232.0000,16,38,430.9752,-83.5615,-0.7929,19,0.4634,0.6667,6,7,6,0,0,7,6,0.1429
4,232.0000,16,41,533.3548,-84.2142,1.3541,13,0.3171,1.0000,8,7,5,0,0,7,5,0.2857
4,232.0000,16,42,782.9787,-86.9102,0.1787,9,0.2195,0.8750,8,4,2,0,0,4,2,0.5000
4,232.0000,16,43,328.6230,-82.5009,2.3372,11,0.2683,0.8750,8,5,1,0,0,5,1,0.8000
4,232.0000,16,47,475.8576,-84.1373,-0.5261,16,0.3902,0.8571,7,7,6,0,0,7,6,0.1429
4,232.0000,17,2,741.2890,-84.4113,1.3511,6,0.1500,0.7143,7,9,8,0,0,9,8,0.1111
4,232.0000,17,3,641.4172,-85.9080,0.4192,12,0.3000,0.6667,6,7,6,0,0,7,6,0.1429
4,232.0000,17,4,533.6291,-83.9916,0.2982,13,0.3250,0.8889,9,7,5,0,0,7,5,0.2857
4,232.0000,17,6,704.3816,-85.6354,0.1878,7,0.1750,0.7143,7,8,8,0,0,8,8,0.0000
4,232.0000,17,7,794.8238,-87.1702,0.2942,6,0.1500,0.8571,7,8,8,0,0,8,8,0.0000
4,232.0000,17,10,282.3539,-78.0377,0.1312,31,0.7750,0.0000,4,6,3,0,0,6,3,0.5000
4,232.0000,17,11,371.9811,-80.9044,0.2494,16,0.4000,0.8750,8,3,0,0,0,3,0,1.0000
4,232.0000,17,14,522.9594,-84.0584,-1.2096,14,0.3500,1.0000,8,7,6,0,0,7,6,0.1429
4,232.0000,17,16,296.3234,-77.9904,-0.5049,31,0.7750,0.5000,6,6,4,0,0,6,4,0.3333
4,232.0000,17,20,841.7148,-87.0962,-0.0447,5,0.1250,0.8750,8,8,8,0,0,8,8,0.0000
4,232.0000,17,22,761.9891,-87.0310,-0.7818,5,0.1250,0.8571,7,8,8,0,0,8,8,0.0000
4,232.0000,17,23,617.1233,-85.4585,0.5364,15,0.3750,0.5000,6,7,5,0,0,7,5,0.2857
4,232.0000,17,24,832.0582,-86.3158,-1.5652,6,0.1500,1.0000,8,8,8,0,0,8,8,0.0000
4,232.0000,17,26,668.3318,-86.7080,-1.2137,4,0.1000,1.0000,8,8,8,0,0,8,8,0.0000
4,232.0000,17,33,625.7114,-84.8768,0.8542,13,0.3250,1.0000,8,8,7,0,0,8,7,0.1250
4,232.0000,17,35,362.8977,-81.7637,0.6583,25,0.6250,0.5714,7,7,6,0,0,7,6,0.1429
4,232.0000,17,37,407.0558,-80.3952,-0.1845,24,0.6000,0.8571,7,7,6,0,0,7,6,0.1429
4,232.0000,17,38,662.4871,-84.3068,-1.5440,9,0.2250,0.8750,8,8,8,0,0,8,8,0.0000
4,232.0000,17,41,692.9894,-85.7591,1.1068,9,0.2250,0.8571,7,7,6,0,0,7,6,0.1429
4,232.0000,17,42,614.5391,-84.8355,-1.1380,13,0.3250,0.8571,7,8,8,0,0,8,8,0.0000
4,232.0000,17,43,452.1813,-83.2379,0.1886,12,0.3000,0.8571,7,7,5,0,0,7,5,0.2857
4,232.0000,17,47,712.8741,-85.9696,0.6214,7,0.1750,0.8750,8,7,6,0,0,7,6,0.1429
4,232.0000,18,0,600.7245,-84.7279,-0.6864,22,0.5500,0.2000,5,8,8,0,0,8,8,0.0000
4,232.0000,18,1,419.0390,-81.7207,0.0863,28,0.7000,0.5000,6,8,4,0,0,8,4,0.5000
4,232.0000,18,5,956.6005,-88.1218,0.3601,3,0.0750,1.0000,8,8,8,0,0,8,8,0.0000
4,232.0000,18,9,764.3222,-86.7658,0.4968,17,0.4250,0.8750,8,8,7,0,0,8,7,0.1250
4,232.0000,18,13,573.6319,-85.5352,-0.1047,8,0.2000,0.8750,8,7,5,0,0,7,5,0.2857
4,232.0000,18,15,932.5079,-87.7073,-0.6677,4,0.1000,1.0000,6,8,7,0,0,8,7,0.1250
4,232.0000,18,19,603.5123,-85.6352,0.7988,11,0.2750,0.8750,8,8,8,0,0,8,8,0.0000
4,232.0000,18,21,864.0807,-87.2851,0.3863,11,0.2750,1.0000,6,6,6,0,0,6,6,0.0000
4,232.0000,18,25,475.0415,-83.1457,-0.2884,26,0.6500,0.7143,7,6,4,0,0,6,4,0.3333
4,232.0000,18,26,1016.5264,-87.4798,1.0521,3,0.0750,1.0000,2,4,4,0,0,4,4,0.0000
4,232.0000,18,27,523.5505,-84.8025,-0.0880,23,0.5750,0.7143,7,5,2,0,0,5,2,0.6000
4,232.0000,18,28,758.8057,-86.6823,-0.0141,8,0.2000,0.8750,8,8,8,0,0,8,8,0.0000
4,232.0000,18,29,985.8221,-88.4525,0.4856,3,0.0750,1.0000,6,8,8,0,0,8,8,0.0000
4,232.0000,18,30,1032.6342,-88.3579,0.8256,5,0.1250,1.0000,4,6,6,0,0,6,6,0.0000
4,232.0000,18,31,587.0845,-85.9269,1.1024,12,0.3000,0.8571,7,7,5,0,0,7,5,0.2857
4,232.0000,18,32,874.1900,-86.7892,0.0261,12,0.3000,1.0000,8,8,8,0,0,8,8,0.0000
4,232.0000,18,36,771.1615,-87.9501,0.7314,7,0.1750,0.7500,4,8,8,0,0,8,8,0.0000
4,232.0000,18,39,687.6023,-86.3549,0.6226,16,0.4000,1.0000,8,7,6,0,0,7,6,0.1429
4,232.0000,18,40,559.0511,-83.3998,-0.6394,27,0.6750,0.8750,8,6,4,0,0,6,4,0.3333
4,232.0000,18,44,1040.8570,-89.2289,-0.3804,3,0.0750,1.0000,6,8,7,0,0,8,7,0.1250
4,232.0000,18,45,797.8791,-87.4967,-1.0390,7,0.1750,0.7500,4,8,7,0,0,8,7,0.1250
4,232.0000,18,46,171.8741,-75.1627,0.6882,34,0.8500,0.0000,4,4,0,0,0,4,0,1.0000
4,232.0000,19,0,766.7700,-86.3619,-0.4670,11,0.2750,0.7500,8,8,8,0,0,8,8,0.0000
4,232.0000,19,1,581.2928,-86.1346,0.0358,18,0.4500,1.0000,8,6,4,0,0,6,4,0.3333
4,232.0000,19,9,701.9579,-86.7720,-0.2783,15,0.3750,1.0000,8,7,5,0,0,7,5,0.2857
4,232.0000,19,13,734.3725,-87.0030,0.2952,3,0.0750,1.0000,8,7,6,0,0,7,6,0.1429
4,232.0000,19,15,448.3547,-83.0512,0.4011,24,0.6000,0.7143,7,5,1,0,0,5,1,0.8000
4,232.0000,19,18,603.5123,-85.4429,1.1203,12,0.3000,0.8571,7,7,5,0,0,7,5,0.2857
4,232.0000,19,21,432.7905,-83.4802,0.1953,31,0.7750,0.4286,7,5,1,0,0,5,1,0.8000
4,232.0000,19,25,499.4722,-85.1589,0.5225,21,0.5250,0.6667,6,5,2,0,0,5,2,0.6000
4,232.0000,19,27,208.7430,-77.7611,0.7236,35,0.8750,0.0000,5,5,1,0,0,5,1,0.8000
4,232.0000,19,28,208.3326,-72.7525,-1.2670,38,0.9500,0.0000,4,5,1,0,0,5,1,0.8000
4,232.0000,19,30,465.6309,-81.4132,-0.6798,30,0.7500,0.7143,7,6,4,0,0,6,4,0.3333
4,232.0000,19,31,828.8789,-87.4099,-0.7071,5,0.1250,0.7500,8,8,8,0,0,8,8,0.0000
4,232.0000,19,32,328.4964,-79.5262,0.8437,32,0.8000,0.4000,5,7,5,0,0,7,5,0.2857
4,232.0000,19,34,931.1354,-86.4178,-0.8792,4,0.1000,1.0000,10,8,8,0,0,8,8,0.0000
4,232.0000,19,36,234.4418,-78.0523,0.7323,36,0.9000,0.4000,5,4,0,0,0,4,0,1.0000
4,232.0000,19,39,200.4664,-74.3351,-0.6457,38,0.9500,0.0000,4,4,0,0,0,4,0,1.0000
4,232.0000,19,40,643.2542,-84.9981,0.5136,19,0.4750,0.8571,7,7,5,0,0,7,5,0.2857
4,232.0000,19,44,610.9901,-85.1249,-0.4653,26,0.6500,0.8571,7,8,7,0,0,8,7,0.1250
4,232.0000,19,45,444.3817,-82.1124,0.2298,24,0.6000,0.7143,7,6,4,0,0,6,4,0.3333
4,232.0000,19,46,547.3402,-84.2518,-0.6873,19,0.4750,0.8750,8,7,5,0,0,7,5,0.2857
4,232.0000,20,2,420.9544,-81.7561,0.0522,27,0.6750,0.6667,6,6,2,0,0,6,2,0.6667
4,232.0000,20,3,754.2597,-86.5236,-0.3861,12,0.3000,1.0000,8,7,5,0,0,7,5,0.2857
4,232.0000,20,4,610.2405,-86.0989,0.2731,8,0.2000,1.0000,8,8,7,0,0,8,7,0.1250
4,232.0000,20,5,600.9093,-84.9732,0.5914,13,0.3250,0.8750,8,7,6,0,0,7,6,0.1429
4,232.0000,20,6,419.3873,-82.5623,-0.3748,21,0.5250,0.7143,7,8,7,0,0,8,7,0.1250
4,232.0000,20,7,454.2247,-83.6655,-0.3429,23,0.5750,0.8750,8,8,6,0,0,8,6,0.2500
4,232.0000,20,8,300.3659,-77.8624,-0.7694,31,0.7750,0.2000,5,8,6,0,0,8,6,0.2500
4,232.0000,20,10,1037.2688,-87.8738,0.2842,5,0.1250,1.0000,8,4,4,0,0,4,4,0.0000
4,232.0000,20,11,682.9310,-86.8191,0.0182,13,0.3250,1.0000,8,8,7,0,0,8,7,0.1250
4,232.0000,20,12,321.2748,-81.2798,1.0368,26,0.6500,0.6667,6,5,1,0,0,5,1,0.8000
4,232.0000,20,13,807.0809,-87.3629,-0.0399,10,0.2500,1.0000,8,7,5,0,0,7,5,0.2857
4,232.0000,20,14,893.8146,-88.5581,-0.1857,4,0.1000,1.0000,8,8,8,0,0,8,8,0.0000
4,232.0000,20,15,887.2780,-86.7708,-0.6198,9,0.2250,1.0000,8,4,4,0,0,4,4,0.0000
4,232.0000,20,16,760.1354,-87.5037,-0.2425,12,0.3000,0.8571,7,8,8,0,0,8,8,0.0000
4,232.0000,20,17,841.7148,-86.8521,0.6111,7,0.1750,0.8571,7,6,5,0,0,6,5,0.1667
4,232.0000,20,22,659.7865,-85.1863,-1.0361,13,0.3250,1.0000,8,7,6,0,0,7,6,0.1429
4,232.0000,20,23,609.2816,-84.7864,-0.4911,25,0.6250,1.0000,8,7,6,0,0,7,6,0.1429
4,232.0000,20,24,335.2530,-80.6537,0.4483,27,0.6750,1.0000,6,4,0,0,0,4,0,1.0000
4,232.0000,20,26,581.8419,-85.8229,0.3578,11,0.2750,1.0000,8,8,8,0,0,8,8,0.0000
4,232.0000,20,29,768.8917,-87.2587,-0.1545,8,0.2000,0.8750,8,8,8,0,0,8,8,0.0000
4,232.0000,20,31,856.4721,-86.0575,0.9451,5,0.1250,1.0000,6,7,6,0,0,7,6,0.1429
4,232.0000,20,33,565.0530,-84.5987,-0.1429,14,0.3500,0.8750,8,8,7,0,0,8,7,0.1250
4,232.0000,20,34,572.8421,-84.8633,0.5125,14,0.3500,0.8750,8,8,7,0,0,8,7,0.1250
4,232.0000,20,35,1020.1390,-88.0159,0.8400,5,0.1250,,0,6,6,0,0,6,6,0.0000
4,232.0000,20,37,1037.2556,-88.7243,-0.1784,4,0.1000,1.0000,2,4,4,0,0,4,4,0.0000
4,232.0000,20,38,478.0259,-85.1103,0.4600,20,0.5000,0.8571,7,7,5,0,0,7,5,0.2857
4,232.0000,20,41,280.6726,-78.6073,-0.2646,27,0.6750,0.8571,7,8,7,0,0,8,7,0.1250
4,232.0000,20,42,837.7913,-86.9272,0.3754,6,0.1500,1.0000,6,8,7,0,0,8,7,0.1250
4,232.0000,20,43,432.4547,-80.7449,-0.0426,20,0.5000,0.5714,7,7,6,0,0,7,6,0.1429
4,232.0000,20,45,857.8900,-87.8975,0.1681,3,0.0750,1.0000,8,8,8,0,0,8,8,0.0000
4,232.0000,20,47,483.8171,-84.3701,0.4490,20,0.5000,0.8571,7,6,4,0,0,6,4,0.3333
4,232.0000,21,0,699.7833,-84.7565,-0.2726,20,0.5000,1.0000,8,7,6,0,0,7,6,0.1429
4,232.0000,21,1,643.2162,-85.7183,0.2684,16,0.4000,0.8750,8,6,4,0,0,6,4,0.3333
4,232.0000,21,9,559.4926,-84.1254,0.5476,24,0.6000,0.5714,7,4,0,0,0,4,0,1.0000
4,232.0000,21,15,723.9071,-86.7220,0.4309,4,0.1000,1.0000,8,8,7,0,0,8,7,0.1250
4,232.0000,21,18,864.0807,-86.9807,-3.9519,4,0.1000,1.0000,8,7,6,0,0,7,6,0.1429
4,232.0000,21,19,432.7905,-82.7587,1.2404,22,0.5500,0.7143,7,5,1,0,0,5,1,0.8000
4,232.0000,21,25,528.5834,-84.4022,0.0365,24,0.6000,0.6667,6,4,0,0,0,4,0,1.0000
4,232.0000,21,27,425.5026,-82.1040,-0.1311,22,0.5500,0.6667,6,5,2,0,0,5,2,0.6000
4,232.0000,21,28,325.5588,-80.8235,0.3963,31,0.7750,0.4000,5,6,2,0,0,6,2,0.6667
4,232.0000,21,30,321.1603,-80.5524,0.5458,35,0.8750,0.5000,6,4,0,0,0,4,0,1.0000
4,232.0000,21,32,351.8886,-80.9365,-0.0899,31,0.7750,0.2000,5,5,1,0,0,5,1,0.8000
4,232.0000,21,36,233.9807,-77.5858,0.0356,30,0.7500,0.0000,4,5,1,0,0,5,1,0.8000
4,232.0000,21,39,375.7184,-82.2697,0.5420,28,0.7000,0.6667,6,4,0,0,0,4,0,1.0000
4,232.0000,21,40,579.3033,-85.2485,0.5353,18,0.4500,0.7143,7,8,6,0,0,8,6,0.2500
4,232.0000,21,44,375.2073,-81.1532,-0.5772,34,0.8500,0.4000,5,6,3,0,0,6,3,0.5000
4,232.0000,21,45,557.8882,-83.3707,0.3634,13,0.3250,0.8750,8,6,4,0,0,6,4,0.3333
4,232.0000,21,46,730.9438,-86.7731,0.8490,8,0.2000,0.8571,7,8,8,0,0,8,8,0.0000
4,232.0000,22,2,257.7007,-76.6252,-1.0932,30,0.7317,0.6667,6,5,2,0,0,5,2,0.6000
4,232.0000,22,3,270.9940,-78.1723,-0.2388,31,0.7561,0.0000,4,5,1,0,0,5,1,0.8000
4,232.0000,22,6,639.4265,-84.8725,-0.9558,13,0.3171,1.0000,8,7,5,0,0,7,5,0.2857
4,232.0000,22,7,466.0197,-82.2820,0.0077,14,0.3415,0.6667,6,10,8,0,0,10,8,0.2000
4,232.0000,22,8,938.8872,-87.5283,-1.1648,5,0.1220,1.0000,8,8,8,0,0,8,8,0.0000
4,232.0000,22,10,933.9366,-87.9905,0.0935,7,0.1707,0.8333,6,4,4,0,0,4,4,0.0000
4,232.0000,22,11,749.4628,-86.6619,0.9676,9,0.2195,0.8000,10,6,6,0,0,6,6,0.0000
4,232.0000,22,12,967.3193,-88.3847,1.2708,3,0.0732,1.0000,8,8,8,0,0,8,8,0.0000
4,232.0000,22,14,1055.8007,-88.9343,0.2224,3,0.0732,1.0000,6,8,8,0,0,8,8,0.0000
4,232.0000,22,16,575.4915,-84.7400,-0.0303,9,0.2195,0.8571,7,8,8,0,0,8,8,0.0000
4,232.0000,22,17,761.9891,-86.9726,0.3042,6,0.1463,1.0000,8,5,4,0,0,5,4,0.2000
4,232.0000,22,20,659.7865,-85.7924,-0.0416,9,0.2195,0.8571,7,8,8,0,0,8,8,0.0000
4,232.0000,22,23,147.0917,-69.8410,-1.7198,30,0.7317,0.0000,4,7,4,0,0,7,4,0.4286
4,232.0000,22,24,563.4012,-84.4890,-0.4307,12,0.2927,0.6667,6,8,8,0,0,8,8,0.0000
4,232.0000,22,33,294.7371,-78.4691,-0.8207,25,0.6098,0.4000,5,7,6,0,0,7,6,0.1429
4,232.0000,22,34,1121.7502,-88.7082,-0.6135,3,0.0732,1.0000,8,6,6,0,0,6,6,0.0000
4,232.0000,22,35,928.9738,-88.2978,-0.5569,3,0.0732,1.0000,8,8,8,0,0,8,8,0.0000
4,232.0000,22,38,387.2541,-81.3540,-0.8156,20,0.4878,0.2000,5,8,6,0,0,8,6,0.2500
4,232.0000,22,41,450.5771,-82.5634,-0.0747,16,0.3902,0.5714,7,8,8,0,0,8,8,0.0000
4,232.0000,22,43,500.0490,-82.3608,-1.7495,13,0.3171,0.6667,6,8,8,0,0,8,8,0.0000
4,232.0000,22,47,424.1278,-81.6092,-1.7323,21,0.5122,0.5714,7,8,8,0,0,8,8,0.0000
4,232.0000,23,2,240.8434,-74.4292,-1.4072,31,0.7750,0.5000,6,6,3,0,0,6,3,0.5000
4,232.0000,23,3,223.6740,-77.5837,0.0978,38,0.9500,0.4000,5,6,2,0,0,6,2,0.6667
4,232.0000,23,4,826.0013,-87.1560,0.7916,5,0.1250,1.0000,8,8,8,0,0,8,8,0.0000
4,232.0000,23,6,559.0622,-83.7507,0.9268,18,0.4500,0.7778,9,8,7,0,0,8,7,0.1250
4,232.0000,23,7,433.9792,-82.2465,0.6718,22,0.5500,0.6667,6,6,4,0,0,6,4,0.3333
4,232.0000,23,8,898.9678,-88.1334,-0.3413,3,0.0750,0.6667,6,6,6,0,0,6,6,0.0000
4,232.0000,23,10,795.6877,-86.2408,0.1628,11,0.2750,0.8750,8,8,8,0,0,8,8,0.0000
4,232.0000,23,11,615.0697,-85.5442,0.8521,12,0.3000,0.8750,8,6,4,0,0,6,4,0.3333
4,232.0000,23,12,898.3796,-87.8087,-0.8553,3,0.0750,1.0000,8,8,8,0,0,8,8,0.0000
4,232.0000,23,14,919.9079,-88.1262,0.4234,4,0.1000,1.0000,4,8,8,0,0,8,8,0.0000
4,232.0000,23,16,440.0811,-84.2864,1.4696,16,0.4000,0.4000,5,7,4,0,0,7,4,0.4286
4,232.0000,23,17,617.1233,-85.9151,0.2283,12,0.3000,0.8571,7,6,4,0,0,6,4,0.3333
4,232.0000,23,20,609.2816,-83.9213,0.2442,17,0.4250,0.6000,5,6,4,0,0,6,4,0.3333
4,232.0000,23,22,147.0917,-68.8246,-2.0902,35,0.8750,0.2000,5,5,1,0,0,5,1,0.8000
4,232.0000,23,24,524.6465,-83.3903,-0.1939,16,0.4000,0.8750,8,7,6,0,0,7,6,0.1429
4,232.0000,23,26,902.1412,-87.8376,-0.3947,5,0.1250,1.0000,8,8,8,0,0,8,8,0.0000
4,232.0000,23,33,219.4951,-76.1970,-0.9401,32,0.8000,0.2581,93,4,0,100,38,104,38,0.6346
4,232.0000,23,35,795.1307,-88.0345,0.6346,9,0.2250,1.0000,8,8,8,0,0,8,8,0.0000
4,232.0000,23,37,788.2913,-86.2660,0.5921,11,0.2750,1.0000,8,8,8,0,0,8,8,0.0000
4,232.0000,23,38,320.0691,-78.7357,-0.2478,28,0.7000,0.5000,6,6,4,0,0,6,4,0.3333
4,232.0000,23,41,385.0458,-81.2146,0.0371,21,0.5250,0.8889,9,8,6,0,0,8,6,0.2500
4,232.0000,23,43,373.1176,-80.7715,-1.1058,20,0.5000,0.7143,7,8,6,0,0,8,6,0.2500
4,232.0000,23,47,371.4062,-80.6270,-0.1333,27,0.6750,0.4000,5,7,5,0,0,7,5,0.2857
4,232.0000,24,2,318.2924,-79.6941,-0.1037,27,0.6585,0.5000,4,6,4,0,0,6,4,0.3333
4,232.0000,24,3,573.0067,-84.6167,0.5060,16,0.3902,0.7500,8,8,8,0,0,8,8,0.0000
4,232.0000,24,4,769.4383,-85.4112,-0.3303,7,0.1707,1.0000,8,6,6,0,0,6,6,0.0000
4,232.0000,24,5,660.2050,-85.9818,-0.3804,8,0.1951,1.0000,8,8,8,0,0,8,8,0.0000
4,232.0000,24,6,202.2679,-71.5092,-2.2021,36,0.8780,0.2000,5,6,3,0,0,6,3,0.5000
4,232.0000,24,7,152.5010,-69.1186,-1.6780,37,0.9024,0.2000,5,6,3,0,0,6,3,0.5000
4,232.0000,24,8,590.1119,-85.7908,0.1475,10,0.2439,1.0000,8,8,8,0,0,8,8,0.0000
4,232.0000,24,10,957.7509,-87.7019,0.1926,6,0.1463,0.6667,6,8,8,0,0,8,8,0.0000
4,232.0000,24,11,582.8013,-84.1046,-1.0535,17,0.4146,0.5000,6,7,6,0,0,7,6,0.1429
4,232.0000,24,12,594.3582,-85.3551,0.6577,7,0.1707,0.8571,7,8,8,0,0,8,8,0.0000
4,232.0000,24,13,980.7813,-87.7622,-0.6366,3,0.0732,1.0000,8,2,2,0,0,2,2,0.0000
4,232.0000,24,14,822.6570,-87.6656,0.2137,6,0.1463,0.8571,7,8,8,0,0,8,8,0.0000
4,232.0000,24,16,642.3548,-84.6982,-0.2109,12,0.2927,0.7500,8,8,8,0,0,8,8,0.0000
4,232.0000,24,17,832.0582,-88.0263,0.6472,5,0.1220,0.8750,8,8,8,0,0,8,8,0.0000
4,232.0000,24,20,335.2530,-80.9224,0.5439,24,0.5854,0.4000,5,5,1,0,0,5,1,0.8000
4,232.0000,24,22,563.4012,-84.0995,-0.7985,19,0.4634,0.3333,6,7,4,0,0,7,4,0.4286
4,232.0000,24,23,524.6465,-83.3424,-0.5776,19,0.4634,0.6667,6,6,4,0,0,6,4,0.3333
4,232.0000,24,26,696.8546,-86.6472,0.0650,6,0.1463,0.8750,8,8,8,0,0,8,8,0.0000
4,232.0000,24,29,834.6785,-86.2824,-0.6091,6,0.1463,1.0000,8,8,8,0,0,8,8,0.0000
4,232.0000,24,33,374.0352,-79.5573,0.1529,22,0.5366,0.5000,6,7,4,0,0,7,4,0.4286
4,232.0000,24,34,650.2262,-86.0283,0.0724,9,0.2195,0.8750,8,8,8,0,0,8,8,0.0000
4,232.0000,24,35,905.0775,-87.8272,-0.0224,7,0.1707,1.0000,4,8,8,0,0,8,8,0.0000
4,232.0000,24,37,901.0451,-86.9546,-0.8910,8,0.1951,1.0000,8,4,4,0,0,4,4,0.0000
4,232.0000,24,38,252.4677,-78.0978,0.4673,26,0.6341,0.6667,6,6,2,0,0,6,2,0.6667
4,232.0000,24,41,185.6530,-73.8288,0.2551,31,0.7561,0.4000,5,5,1,0,0,5,1,0.8000
4,232.0000,24,42,949.3158,-88.6952,0.1164,5,0.1220,1.0000,8,8,8,0,0,8,8,0.0000
4,232.0000,24,43,386.3949,-78.8818,-1.0026,25,0.6098,0.5714,7,6,4,0,0,6,4,0.3333
4,232.0000,24,45,1124.5841,-89.0166,0.0020,3,0.0732,1.0000,4,3,2,0,0,3,2,0.3333
4,232.0000,24,47,218.7389,-76.7751,-0.1858,28,0.6829,0.5714,7,5,1,0,0,5,1,0.8000
4,232.0000,25,0,283.0255,-77.1239,-0.9461,37,0.9250,0.2000,5,5,1,0,0,5,1,0.8000
4,232.0000,25,1,117.0209,-71.9410,0.4579,38,0.9500,0.0000,4,4,0,0,0,4,0,1.0000
4,232.0000,25,9,299.0487,-78.2903,-0.2854,39,0.9750,0.0000,5,4,0,0,0,4,0,1.0000
4,232.0000,25,18,475.0415,-82.3721,0.0781,17,0.4250,0.3333,6,6,2,0,0,6,2,0.6667
4,232.0000,25,19,499.4722,-84.1540,-0.3147,20,0.5000,0.5000,6,4,2,0,0,4,2,0.5000
4,232.0000,25,21,528.5834,-84.4781,0.3025,24,0.6000,0.0000,4,7,5,0,0,7,5,0.2857
4,232.0000,25,27,457.2014,-83.6989,0.7266,23,0.5750,0.5000,6,5,2,0,0,5,2,0.6000
4,232.0000,25,28,519.7650,-84.3123,0.5778,21,0.5250,0.9000,10,7,5,0,0,7,5,0.2857
4,232.0000,25,30,739.2304,-85.8784,0.0373,8,0.2000,0.8750,8,7,4,0,0,7,4,0.4286
4,232.0000,25,32,601.2121,-84.8584,-0.4330,18,0.4500,0.8571,7,7,5,0,0,7,5,0.2857
4,232.0000,25,36,511.2183,-84.7728,0.7587,19,0.4750,1.0000,8,5,2,0,0,5,2,0.6000
4,232.0000,25,39,449.1262,-83.1979,0.8563,20,0.5000,0.5714,7,5,2,0,0,5,2,0.6000
4,232.0000,25,40,175.4635,-74.7787,0.4999,38,0.9500,0.0000,4,5,1,0,0,5,1,0.8000
4,232.0000,25,44,632.3680,-85.8106,-0.0658,20,0.5000,0.7500,8,7,6,0,0,7,6,0.1429
4,232.0000,25,45,786.0970,-86.5995,0.0062,6,0.1500,1.0000,8,8,8,0,0,8,8,0.0000
4,232.0000,25,46,326.3332,-81.3260,1.0741,25,0.6250,0.0000,4,5,1,0,0,5,1,0.8000
4,232.0000,26,2,828.2180,-86.9962,-0.6885,4,0.0976,1.0000,6,10,10,0,0,10,10,0.0000
4,232.0000,26,3,984.3742,-88.5885,0.8290,3,0.0732,1.0000,4,4,3,0,0,4,3,0.2500
4,232.0000,26,4,247.0925,-78.7511,0.7200,31,0.7561,0.2000,5,4,0,0,0,4,0,1.0000
4,232.0000,26,5,184.6482,-75.4056,1.0000,34,0.8293,0.0000,4,5,1,0,0,5,1,0.8000
4,232.0000,26,6,569.0322,-86.7979,0.2354,9,0.2195,0.8750,8,8,8,0,0,8,8,0.0000
4,232.0000,26,7,782.8165,-86.9078,-1.1040,8,0.1951,1.0000,8,8,8,0,0,8,8,0.0000
4,232.0000,26,8,658.1670,-85.7591,-0.7687,7,0.1707,0.8571,7,8,8,0,0,8,8,0.0000
4,232.0000,26,10,787.8352,-86.4392,-0.8909,6,0.1463,0.8571,7,8,7,0,0,8,7,0.1250
4,232.0000,26,11,505.4943,-84.4071,1.0125,14,0.3415,0.7500,8,7,5,0,0,7,5,0.2857
4,232.0000,26,12,468.9125,-83.0756,-0.2738,14,0.3415,0.6667,6,7,5,0,0,7,5,0.2857
4,232.0000,26,13,459.4911,-81.7058,0.1295,19,0.4634,0.7143,7,7,5,0,0,7,5,0.2857
4,232.0000,26,14,498.1545,-83.5285,0.0266,16,0.3902,0.6667,6,7,6,0,0,7,6,0.1429
4,232.0000,26,16,731.6172,-88.4293,-0.0394,6,0.1463,1.0000,8,8,7,0,0,8,7,0.1250
4,232.0000,26,17,668.3318,-85.6550,0.4257,8,0.1951,0.8750,8,7,5,0,0,7,5,0.2857
4,232.0000,26,20,581.8419,-86.7627,1.1726,9,0.2195,1.0000,8,6,4,0,0,6,4,0.3333
4,232.0000,26,23,902.1412,-88.2821,0.0031,6,0.1463,0.8571,7,6,6,0,0,6,6,0.0000
4,232.0000,26,24,696.8546,-85.7549,1.5264,10,0.2439,1.0000,10,6,6,0,0,6,6,0.0000
4,232.0000,26,29,199.8761,-73.6179,-1.3923,37,0.9024,0.0000,4,6,3,0,0,6,3,0.5000
4,232.0000,26,31,431.3825,-80.9529,-0.6105,24,0.5854,0.8750,8,7,6,0,0,7,6,0.1429
4,232.0000,26,33,823.6160,-87.5668,1.0713,5,0.1220,1.0000,6,8,8,0,0,8,8,0.0000
4,232.0000,26,34,320.8358,-80.9606,-0.0627,23,0.5610,0.5714,7,8,6,0,0,8,6,0.2500
4,232.0000,26,35,779.2156,-87.2338,-0.6935,5,0.1220,0.8333,6,8,8,0,0,8,8,0.0000
4,232.0000,26,37,823.6903,-86.2160,-0.5911,9,0.2195,1.0000,6,6,6,0,0,6,6,0.0000
4,232.0000,26,38,748.0272,-87.0071,0.0866,6,0.1463,1.0000,6,7,6,0,0,7,6,0.1429
4,232.0000,26,41,642.0772,-86.2103,-0.0585,7,0.1707,0.8571,7,7,5,0,0,7,5,0.2857
4,232.0000,26,42,298.6575,-79.3452,-0.3988,35,0.8537,0.4000,5,4,0,0,0,4,0,1.0000
4,232.0000,26,43,539.0805,-85.3300,0.9370,10,0.2439,0.8750,8,6,4,0,0,6,4,0.3333
4,232.0000,26,47,764.3205,-87.1877,1.5281,6,0.1463,1.0000,8,8,8,0,0,8,8,0.0000
4,232.0000,27,0,680.5426,-85.2241,-1.2157,27,0.6750,0.7143,7,7,5,0,0,7,5,0.2857
4,232.0000,27,1,529.2259,-84.7181,-0.2289,25,0.6250,0.6250,8,7,6,0,0,7,6,0.1429
4,232.0000,27,5,989.4714,-88.7567,0.6709,4,0.1000,1.0000,8,8,8,0,0,8,8,0.0000
4,232.0000,27,8,867.4582,-87.8603,-0.3926,9,0.2250,1.0000,6,6,6,0,0,6,6,0.0000
4,232.0000,27,9,689.5442,-86.2629,-0.5698,20,0.5000,0.2000,5,7,6,0,0,7,6,0.1429
4,232.0000,27,12,816.5268,-88.1705,-0.4116,8,0.2000,1.0000,8,8,8,0,0,8,8,0.0000
4,232.0000,27,13,607.3438,-85.0081,0.5864,15,0.3750,0.8750,8,8,7,0,0,8,7,0.1250
4,232.0000,27,15,535.3257,-84.9747,0.0603,17,0.4250,0.8571,7,7,6,0,0,7,6,0.1429
4,232.0000,27,18,523.5505,-84.9835,0.5334,20,0.5000,0.8750,8,8,7,0,0,8,7,0.1250
4,232.0000,27,19,208.7430,-77.7948,0.9288,37,0.9250,0.2000,5,4,0,0,0,4,0,1.0000
4,232.0000,27,21,425.5026,-82.9340,-0.8616,32,0.8000,0.6667,6,5,4,0,0,5,4,0.2000
4,232.0000,27,25,457.2014,-83.7159,0.2654,29,0.7250,0.5714,7,5,2,0,0,5,2,0.6000
4,232.0000,27,28,360.9026,-80.6342,0.0695,36,0.9000,0.7143,7,7,5,0,0,7,5,0.2857
4,232.0000,27,29,1096.2618,-88.8091,-0.5202,4,0.1000,1.0000,6,8,8,0,0,8,8,0.0000
4,232.0000,27,30,576.1835,-84.2285,-0.0850,24,0.6000,0.8571,7,5,2,0,0,5,2,0.6000
4,232.0000,27,31,708.6505,-86.7586,-0.1395,12,0.3000,1.0000,8,8,8,0,0,8,8,0.0000
4,232.0000,27,32,483.5609,-83.8481,0.4019,26,0.6500,0.2000,5,8,5,0,0,8,5,0.3750
4,232.0000,27,34,862.2974,-87.9505,0.1425,8,0.2000,1.0000,8,8,8,0,0,8,8,0.0000
4,232.0000,27,36,330.7229,-81.5233,1.3721,33,0.8250,0.7143,7,6,3,0,0,6,3,0.5000
4,232.0000,27,39,356.3493,-80.6112,-0.8615,35,0.8750,0.0000,4,5,1,0,0,5,1,0.8000
4,232.0000,27,40,562.4283,-84.6212,-0.8231,28,0.7000,0.8571,7,7,4,0,0,7,4,0.4286
4,232.0000,27,44,702.3650,-86.5770,0.2614,17,0.4250,0.7143,7,7,6,0,0,7,6,0.1429
4,232.0000,27,45,343.1918,-80.3386,-0.3103,30,0.7500,0.4000,5,3,0,0,0,3,0,1.0000
4,232.0000,27,46,444.9900,-81.3758,-0.8723,28,0.7000,0.6667,6,6,3,0,0,6,3,0.5000
4,232.0000,28,0,780.4966,-87.0651,-0.1213,13,0.3250,0.6667,6,8,8,0,0,8,8,0.0000
4,232.0000,28,1,622.8411,-85.2810,0.2730,20,0.5000,0.7500,8,8,8,0,0,8,8,0.0000
4,232.0000,28,9,633.1877,-85.9957,-0.2536,16,0.4000,1.0000,8,5,2,0,0,5,2,0.6000
4,232.0000,28,15,536.8164,-84.2991,-0.7892,14,0.3500,0.7500,8,6,4,0,0,6,4,0.3333
4,232.0000,28,18,758.8057,-87.0549,0.3483,8,0.2000,0.8571,7,7,6,0,0,7,6,0.1429
4,232.0000,28,19,208.3326,-73.4875,-1.7034,39,0.9750,0.3333,6,4,0,0,0,4,0,1.0000
4,232.0000,28,21,325.5588,-81.6838,-0.0607,34,0.8500,0.0000,4,5,1,0,0,5,1,0.8000
4,232.0000,28,25,519.7650,-84.5904,-0.3462,23,0.5750,0.6667,6,8,7,0,0,8,7,0.1250
4,232.0000,28,27,360.9026,-79.9281,-0.5926,29,0.7250,0.4000,5,7,5,0,0,7,5,0.2857
4,232.0000,28,30,286.9909,-78.8299,-0.0179,38,0.9500,0.0000,4,5,1,0,0,5,1,0.8000
4,232.0000,28,31,1033.8750,-88.6152,-1.0930,3,0.0750,1.0000,8,4,4,0,0,4,4,0.0000
4,232.0000,28,32,125.6777,-74.7372,1.6606,38,0.9500,0.0000,4,5,1,0,0,5,1,0.8000
4,232.0000,28,36,98.3457,-71.2759,2.6516,36,0.9000,0.0000,4,4,0,0,0,4,0,1.0000
4,232.0000,28,39,99.6370,-70.1936,0.2074,38,0.9500,0.0000,4,4,0,0,0,4,0,1.0000
4,232.0000,28,40,653.9903,-85.1958,0.3541,17,0.4250,1.0000,8,6,4,0,0,6,4,0.3333
4,232.0000,28,44,414.5423,-83.4688,0.2383,33,0.8250,0.4000,5,5,1,0,0,5,1,0.8000
4,232.0000,28,45,560.2032,-84.0093,-0.7938,20,0.5000,1.0000,8,7,5,0,0,7,5,0.2857
4,232.0000,28,46,675.2129,-85.6601,-0.7501,14,0.3500,0.8750,8,8,6,0,0,8,6,0.2500
4,232.0000,29,2,980.2674,-88.5708,-0.3139,3,0.0750,1.0000,8,6,6,0,0,6,6,0.0000
4,232.0000,29,4,367.9516,-81.4379,-0.4784,22,0.5500,0.7143,7,7,4,0,0,7,4,0.4286
4,232.0000,29,5,234.6202,-75.8495,-0.6393,32,0.8000,0.2000,5,4,0,0,0,4,0,1.0000
4,232.0000,29,6,676.1470,-87.3473,1.8235,5,0.1250,1.0000,8,6,4,8,8,14,12,0.1429
4,232.0000,29,7,906.7962,-87.5488,-0.0664,8,0.2000,0.8750,8,7,6,0,0,7,6,0.1429
4,232.0000,29,8,844.7592,-86.5359,-0.5653,10,0.2500,1.0000,8,8,8,0,0,8,8,0.0000
4,232.0000,29,10,758.1053,-86.6708,-0.1074,14,0.3500,1.0000,6,6,4,0,0,6,4,0.3333
4,232.0000,29,11,532.7250,-86.0594,-0.0906,14,0.3500,1.0000,8,7,5,124,115,131,120,0.0840
4,232.0000,29,12,652.5070,-86.0214,-0.3822,13,0.3250,1.0000,6,10,10,0,0,10,10,0.0000
4,232.0000,29,13,491.5516,-83.2877,-0.2992,23,0.5750,0.7500,8,7,5,0,0,7,5,0.2857
4,232.0000,29,14,403.9126,-82.7534,0.5716,21,0.5250,0.8511,141,7,6,10,8,17,14,0.1765
4,232.0000,29,16,786.3632,-87.0914,0.9999,10,0.2500,1.0000,6,8,8,0,0,8,8,0.0000
4,232.0000,29,17,705.0472,-86.9056,0.5114,10,0.2500,1.0000,6,3,1,0,0,3,1,0.6667
4,232.0000,29,18,985.8221,-87.9740,-0.8805,4,0.1000,1.0000,6,6,6,0,0,6,6,0.0000
4,232.0000,29,20,768.8917,-88.2521,0.3108,9,0.2250,1.0000,8,8,8,0,0,8,8,0.0000
4,232.0000,29,22,1164.2046,-88.0510,0.0903,3,0.0750,,0,6,6,0,0,6,6,0.0000
4,232.0000,29,23,1035.1033,-88.8075,0.3225,6,0.1500,1.0000,2,4,4,0,0,4,4,0.0000
4,232.0000,29,24,834.6785,-87.8235,0.3668,6,0.1500,1.0000,8,10,10,0,0,10,10,0.0000
4,232.0000,29,26,199.8761,-73.5795,-0.4335,33,0.8250,0.0000,4,4,0,0,0,4,0,1.0000
4,232.0000,29,27,1096.2618,-88.2552,-0.3565,5,0.1250,1.0000,8,4,4,0,0,4,4,0.0000
4,232.0000,29,31,414.4120,-81.2511,0.2438,28,0.7000,0.6667,6,6,3,0,0,6,3,0.5000
4,232.0000,29,33,939.6121,-88.6584,-0.1720,5,0.1250,0.8571,7,8,8,0,0,8,8,0.0000
4,232.0000,29,34,395.0809,-81.7426,0.3158,22,0.5500,0.8571,7,4,0,0,0,4,0,1.0000
4,232.0000,29,35,741.6517,-87.3253,0.5478,8,0.2000,1.0000,8,8,7,0,0,8,7,0.1250
4,232.0000,29,37,789.4515,-87.5428,0.1146,9,0.2250,1.0000,8,8,8,0,0,8,8,0.0000
4,232.0000,29,38,868.1118,-88.3143,0.3707,8,0.2000,1.0000,8,8,8,0,0,8,8,0.0000
4,232.0000,29,41,795.1696,-87.6172,-0.0237,12,0.3000,1.0000,8,8,8,0,0,8,8,0.0000
4,232.0000,29,42,242.2945,-78.3137,0.7717,35,0.8750,0.4286,7,4,0,0,0,4,0,1.0000
4,232.0000,29,43,665.3261,-86.6210,0.0633,11,0.2750,0.8571,7,7,6,0,0,7,6,0.1429
4,232.0000,29,45,1026.0595,-87.6706,0.5600,5,0.1250,1.0000,6,4,4,0,0,4,4,0.0000
4,232.0000,29,47,881.7764,-88.2406,0.0825,6,0.1500,1.0000,8,8,8,0,0,8,8,0.0000
4,232.0000,30,0,960.4421,-88.8277,0.3012,3,0.0750,1.0000,8,7,6,0,0,7,6,0.1429
4,232.0000,30,1,853.1301,-87.4083,-0.5205,4,0.1000,1.0000,8,8,8,0,0,8,8,0.0000
4,232.0000,30,9,763.8033,-86.9011,-0.3541,8,0.2000,0.8750,8,7,6,0,0,7,6,0.1429
4,232.0000,30,15,616.8730,-86.2754,0.1096,9,0.2250,1.0000,8,7,5,0,0,7,5,0.2857
4,232.0000,30,19,465.6309,-81.1523,-1.0536,19,0.4750,0.4000,5,8,7,0,0,8,7,0.1250
4,232.0000,30,21,321.1603,-80.3052,-0.2256,30,0.7500,0.5000,6,5,1,0,0,5,1,0.8000
4,232.0000,30,25,739.2304,-85.1009,0.8135,8,0.2000,1.0000,8,8,8,0,0,8,8,0.0000
4,232.0000,30,27,576.1835,-83.8927,0.2569,15,0.3750,0.8571,7,7,6,0,0,7,6,0.1429
4,232.0000,30,28,286.9909,-79.0325,-0.3196,28,0.7000,0.4000,5,5,2,0,0,5,2,0.6000
4,232.0000,30,32,207.8458,-77.5628,0.4282,31,0.7750,0.0000,4,6,2,0,0,6,2,0.6667
4,232.0000,30,36,262.9096,-74.9545,-1.0079,35,0.8750,0.0000,4,5,1,0,0,5,1,0.8000
4,232.0000,30,39,375.7282,-81.4786,-0.3334,22,0.5500,0.0000,4,5,2,0,0,5,2,0.6000
4,232.0000,30,40,836.6667,-87.9543,-0.3560,3,0.0750,1.0000,8,7,6,0,0,7,6,0.1429
4,232.0000,30,44,340.7081,-81.5319,-0.2179,27,0.6750,0.5000,6,5,1,0,0,5,1,0.8000
4,232.0000,30,45,649.7389,-84.0747,-1.5479,11,0.2750,1.0000,8,8,6,0,0,8,6,0.2500
4,232.0000,30,46,933.4321,-87.7219,0.9713,3,0.0750,1.0000,8,8,8,0,0,8,8,0.0000
4,232.0000,31,1,950.3221,-88.4847,0.4260,5,0.1220,1.0000,4,8,8,0,0,8,8,0.0000
4,232.0000,31,2,1194.3245,-89.2740,0.1250,3,0.0732,,0,6,6,0,0,6,6,0.0000
4,232.0000,31,4,614.4520,-85.1700,0.1365,11,0.2683,0.8750,8,8,7,0,0,8,7,0.1250
4,232.0000,31,5,388.0933,-79.7272,-0.7833,21,0.5122,0.5000,6,8,7,0,0,8,7,0.1250
4,232.0000,31,8,782.3440,-86.5750,-0.6177,12,0.2927,1.0000,8,8,8,0,0,8,8,0.0000
4,232.0000,31,11,903.1442,-88.7337,0.1605,3,0.0732,1.0000,4,8,8,0,0,8,8,0.0000
4,232.0000,31,12,599.7127,-85.5606,-0.7779,14,0.3415,0.8750,8,8,8,0,0,8,8,0.0000
4,232.0000,31,13,122.9548,-71.1166,-0.7239,37,0.9024,0.1071,84,4,0,85,13,89,13,0.8539
4,232.0000,31,14,802.6692,-87.2132,-0.0104,9,0.2195,1.0000,4,8,8,0,0,8,8,0.0000
4,232.0000,31,15,883.5997,-87.0619,-0.2621,5,0.1220,1.0000,8,8,8,0,0,8,8,0.0000
4,232.0000,31,17,1085.1100,-88.5037,0.4035,3,0.0732,1.0000,2,6,6,0,0,6,6,0.0000
4,232.0000,31,18,587.0845,-85.3189,0.2145,17,0.4146,0.8750,8,7,6,0,0,7,6,0.1429
4,232.0000,31,19,828.8789,-86.8577,-0.3618,10,0.2439,1.0000,8,8,8,0,0,8,8,0.0000
4,232.0000,31,20,856.4721,-87.9921,-1.0801,5,0.1220,0.8571,7,7,6,0,0,7,6,0.1429
4,232.0000,31,24,998.9753,-88.5755,0.7149,3,0.0732,1.0000,6,4,4,0,0,4,4,0.0000
4,232.0000,31,26,431.3825,-80.9236,-0.0725,17,0.4146,0.5000,6,8,7,0,0,8,7,0.1250
4,232.0000,31,27,708.6505,-86.0032,-0.3640,6,0.1463,0.7143,7,8,8,0,0,8,8,0.0000
4,232.0000,31,28,1033.8750,-88.8974,0.2492,3,0.0732,1.0000,8,8,8,0,0,8,8,0.0000
4,232.0000,31,29,414.4120,-80.5229,0.1770,20,0.4878,0.7143,7,8,6,0,0,8,6,0.2500
4,232.0000,31,34,364.7226,-78.7130,-1.2808,24,0.5854,0.5000,6,6,6,0,0,6,6,0.0000
4,232.0000,31,39,1009.5291,-87.0434,-6.0238,4,0.0976,1.0000,8,8,8,0,0,8,8,0.0000
4,232.0000,31,40,1033.3528,-89.2052,0.3550,4,0.0976,1.0000,4,6,6,0,0,6,6,0.0000
4,232.0000,31,42,545.3474,-86.1066,0.3154,8,0.1951,0.8571,7,7,5,0,0,7,5,0.2857
4,232.0000,31,43,949.9385,-88.2615,-0.2014,5,0.1220,1.0000,8,8,8,0,0,8,8,0.0000
4,232.0000,31,45,724.7505,-86.2972,-0.6931,10,0.2439,1.0000,8,8,8,0,0,8,8,0.0000
4,232.0000,31,46,678.3284,-85.5796,-0.5733,19,0.4634,1.0000,8,8,7,0,0,8,7,0.1250
4,232.0000,32,0,852.4589,-87.0988,-0.6181,10,0.2500,0.8750,8,8,8,0,0,8,8,0.0000
4,232.0000,32,1,707.3276,-86.5137,0.2058,14,0.3500,1.0000,8,7,6,0,0,7,6,0.1429
4,232.0000,32,9,663.6374,-85.3558,-0.2831,21,0.5250,0.6667,6,7,5,0,0,7,5,0.2857
4,232.0000,32,15,588.0094,-86.1447,1.2478,9,0.2250,0.8750,8,6,3,0,0,6,3,0.5000
4,232.0000,32,18,874.1900,-87.2927,-0.6981,5,0.1250,1.0000,8,6,6,0,0,6,6,0.0000
4,232.0000,32,19,328.4964,-80.2377,-0.1815,28,0.7000,0.6667,6,6,2,0,0,6,2,0.6667
4,232.0000,32,21,351.8886,-80.6978,-0.2798,32,0.8000,0.2000,5,6,3,0,0,6,3,0.5000
4,232.0000,32,25,601.2121,-84.4616,-0.0798,20,0.5000,0.7500,8,7,6,0,0,7,6,0.1429
4,232.0000,32,27,483.5609,-84.1251,-0.9161,18,0.4500,0.6667,6,6,4,0,0,6,4,0.3333
4,232.0000,32,28,125.6777,-74.4264,2.3019,34,0.8500,0.0000,4,4,0,0,0,4,0,1.0000
4,232.0000,32,30,207.8458,-77.8565,1.4284,36,0.9000,0.0000,4,4,0,0,0,4,0,1.0000
4,232.0000,32,36,174.5722,-73.7264,0.6688,36,0.9000,0.0000,4,5,1,0,0,5,1,0.8000
4,232.0000,32,39,188.7022,-76.9726,0.8697,35,0.8750,0.5000,6,4,0,0,0,4,0,1.0000
4,232.0000,32,40,728.7438,-86.4444,0.1303,8,0.2000,1.0000,8,6,3,0,0,6,3,0.5000
4,232.0000,32,44,337.5495,-79.1221,-1.3075,36,0.9000,0.0000,4,5,1,0,0,5,1,0.8000
4,232.0000,32,45,651.6944,-85.2747,-0.6922,10,0.2500,0.6667,6,8,8,0,0,8,8,0.0000
4,232.0000,32,46,788.2177,-87.0946,-0.7485,8,0.2000,0.8750,8,8,8,0,0,8,8,0.0000
4,232.0000,33,2,221.9560,-73.6546,-0.7708,32,0.8000,0.0000,4,6,3,0,0,6,3,0.5000
4,232.0000,33,3,203.9245,-76.7031,0.7413,35,0.8750,0.4000,5,5,1,0,0,5,1,0.8000
4,232.0000,33,4,806.0618,-87.6215,0.1474,5,0.1250,0.8571,7,4,4,0,0,4,4,0.0000
4,232.0000,33,5,845.5529,-88.6488,1.1895,4,0.1000,1.0000,8,8,7,0,0,8,7,0.1250
4,232.0000,33,6,380.9985,-79.7635,-0.9836,24,0.6000,0.8571,7,5,2,0,0,5,2,0.6000
4,232.0000,33,7,254.6000,-77.5365,-0.1484,37,0.9250,0.2857,7,6,4,0,0,6,4,0.3333
4,232.0000,33,8,864.8037,-88.2159,1.4416,4,0.1000,0.8571,7,6,4,0,0,6,4,0.3333
4,232.0000,33,10,749.6016,-85.7750,-0.3886,8,0.2000,0.8571,7,7,6,0,0,7,6,0.1429
4,232.0000,33,11,496.1477,-82.8510,0.5851,15,0.3750,0.7143,7,6,4,0,0,6,4,0.3333
4,232.0000,33,12,848.9888,-87.6024,2.8099,4,0.1000,1.0000,8,7,5,0,0,7,5,0.2857
4,232.0000,33,14,798.6482,-87.8398,0.3823,7,0.1750,1.0000,6,8,8,0,0,8,8,0.0000
4,232.0000,33,16,381.5118,-82.8345,0.8973,21,0.5250,0.2000,5,7,4,0,0,7,4,0.4286
4,232.0000,33,17,625.7114,-85.0758,-0.4556,11,0.2750,1.0000,8,8,8,0,0,8,8,0.0000
4,232.0000,33,20,565.0530,-83.5243,-0.3379,13,0.3250,0.8750,8,6,4,0,0,6,4,0.3333
4,232.0000,33,22,294.7371,-77.7962,-0.3668,37,0.9250,0.2000,5,4,0,0,0,4,0,1.0000
4,232.0000,33,23,219.4951,-76.5445,-0.0637,35,0.8750,0.0000,4,5,1,0,0,5,1,0.8000
4,232.0000,33,24,374.0352,-80.1022,-0.8703,27,0.6750,0.5000,6,6,4,0,0,6,4,0.3333
4,232.0000,33,29,939.6121,-89.0062,-0.1371,4,0.1000,1.0000,8,8,8,0,0,8,8,0.0000
4,232.0000,33,34,904.3952,-87.8421,-0.3069,4,0.1000,0.8571,7,8,8,0,0,8,8,0.0000
4,232.0000,33,35,714.4447,-86.6175,0.5555,8,0.2000,0.7143,7,7,6,0,0,7,6,0.1429
4,232.0000,33,37,699.3900,-85.9282,0.0041,14,0.3500,0.5714,7,8,7,0,0,8,7,0.1250
4,232.0000,33,38,127.5510,-69.3412,-1.1931,35,0.8750,0.0000,4,6,2,0,0,6,2,0.6667
4,232.0000,33,41,288.4870,-79.1308,0.1212,28,0.7000,0.1667,6,5,2,0,0,5,2,0.6000
4,232.0000,33,42,987.0611,-89.5536,0.2804,3,0.0750,1.0000,10,6,6,0,0,6,6,0.0000
4,232.0000,33,43,299.0058,-79.1597,-0.2445,28,0.7000,0.4000,5,5,1,0,0,5,1,0.8000
4,232.0000,33,47,173.7027,-72.1280,-1.0363,37,0.9250,0.2000,5,6,3,0,0,6,3,0.5000
4,232.0000,34,2,884.0520,-87.8149,-0.5169,7,0.1750,1.0000,4,6,6,0,0,6,6,0.0000
4,232.0000,34,4,552.8459,-85.2529,0.4442,17,0.4250,0.5000,6,7,6,0,0,7,6,0.1429
4,232.0000,34,5,175.7302,-74.9557,-0.0424,34,0.8500,0.2000,5,5,1,0,0,5,1,0.8000
4,232.0000,34,6,555.5106,-85.5996,0.4933,13,0.3250,0.6667,6,6,2,0,0,6,2,0.6667
4,232.0000,34,7,771.1021,-87.8414,0.1813,10,0.2500,1.0000,8,8,8,0,0,8,8,0.0000
4,232.0000,34,8,574.2831,-83.8076,-0.7534,21,0.5250,1.0000,8,8,8,0,0,8,8,0.0000
4,232.0000,34,11,673.0984,-87.2688,0.0371,12,0.3000,1.0000,8,7,6,0,0,7,6,0.1429
4,232.0000,34,12,409.9269,-82.8767,-0.0538,20,0.5000,0.8000,5,9,8,0,0,9,8,0.1111
4,232.0000,34,13,368.3785,-79.6036,-0.8158,34,0.8500,0.2000,5,6,4,0,0,6,4,0.3333
4,232.0000,34,14,667.5904,-87.0767,0.3925,13,0.3250,0.8333,6,7,6,0,0,7,6,0.1429
4,232.0000,34,16,915.0838,-88.6482,0.4194,7,0.1750,1.0000,2,8,8,0,0,8,8,0.0000
4,232.0000,34,17,934.3482,-88.1293,-1.4243,4,0.1000,1.0000,2,9,8,0,0,9,8,0.1111
4,232.0000,34,18,876.6292,-87.6265,-0.1000,11,0.2750,0.8571,7,8,8,0,0,8,8,0.0000
4,232.0000,34,19,931.1354,-87.9010,-1.1099,12,0.3000,1.0000,8,4,4,0,0,4,4,0.0000
4,232.0000,34,20,572.8421,-85.7509,0.6465,14,0.3500,0.8571,7,7,6,0,0,7,6,0.1429
4,232.0000,34,22,1121.7502,-89.3391,0.1235,3,0.0750,1.0000,6,4,4,0,0,4,4,0.0000
4,232.0000,34,24,650.2262,-86.2753,-1.0759,13,0.3250,1.0000,8,8,8,0,0,8,8,0.0000
4,232.0000,34,26,320.8358,-79.6353,0.7746,26,0.6500,0.5714,7,7,6,0,0,7,6,0.1429
4,232.0000,34,27,862.2974,-87.6424,0.0314,10,0.2500,1.0000,8,4,4,0,0,4,4,0.0000
4,232.0000,34,29,395.0809,-82.0951,0.2248,26,0.6500,0.8571,7,7,4,0,0,7,4,0.4286
4,232.0000,34,31,364.7226,-79.5992,-1.0493,28,0.7000,0.2000,5,6,5,0,0,6,5,0.1667
4,232.0000,34,33,904.3952,-88.0071,-0.0143,6,0.1500,0.8750,8,6,6,0,0,6,6,0.0000
4,232.0000,34,35,983.5131,-88.5483,0.1855,6,0.1500,1.0000,4,6,6,0,0,6,6,0.0000
4,232.0000,34,36,1135.3475,-89.2654,-0.2212,4,0.1000,,0,4,4,0,0,4,4,0.0000
4,232.0000,34,38,795.5812,-87.4247,0.0627,11,0.2750,1.0000,6,8,8,0,0,8,8,0.0000
4,232.0000,34,41,679.1142,-86.6429,-0.0664,16,0.4000,1.0000,8,7,6,0,0,7,6,0.1429
4,232.0000,34,42,591.4581,-85.8943,0.3779,15,0.3750,0.8571,7,7,5,0,0,7,5,0.2857
4,232.0000,34,43,679.3623,-85.7825,0.5897,14,0.3500,1.0000,8,8,8,0,0,8,8,0.0000
4,232.0000,34,45,768.8730,-87.5905,-0.1481,10,0.2500,1.0000,8,7,6,0,0,7,6,0.1429
4,232.0000,34,46,968.4827,-87.8875,-0.8246,8,0.2000,0.8750,8,6,6,0,0,6,6,0.0000
4,232.0000,34,47,787.8167,-87.4044,0.6985,12,0.3000,1.0000,8,8,8,0,0,8,8,0.0000
4,232.0000,35,3,717.2213,-86.6622,0.0858,6,0.1500,0.7143,7,8,8,0,0,8,8,0.0000
4,232.0000,35,4,748.4885,-86.7594,-0.7875,5,0.1250,1.0000,8,8,8,0,0,8,8,0.0000
4,232.0000,35,5,826.8505,-88.5882,-0.6769,3,0.0750,1.0000,8,7,6,0,0,7,6,0.1429
4,232.0000,35,6,733.4386,-87.1153,-1.1654,4,0.1000,1.0000,8,6,4,0,0,6,4,0.3333
4,232.0000,35,7,847.9991,-86.1840,-0.9019,5,0.1250,0.8571,7,6,6,0,0,6,6,0.0000
4,232.0000,35,10,130.5659,-72.2675,0.6816,35,0.8750,0.2000,5,4,0,0,0,4,0,1.0000
4,232.0000,35,11,351.1368,-81.7232,0.1661,16,0.4000,0.5000,6,5,1,0,0,5,1,0.8000
4,232.0000,35,14,380.2215,-80.9913,0.0173,26,0.6500,0.8571,7,8,7,0,0,8,7,0.1250
4,232.0000,35,16,355.1794,-81.1415,0.7872,21,0.5250,0.4000,5,6,4,0,0,6,4,0.3333
4,232.0000,35,17,362.8977,-80.5401,0.6182,20,0.5000,0.8571,7,8,4,0,0,8,4,0.5000
4,232.0000,35,22,928.9738,-88.1642,-1.3380,3,0.0750,1.0000,8,6,6,0,0,6,6,0.0000
4,232.0000,35,23,795.1307,-87.2605,-0.5984,6,0.1500,1.0000,8,7,6,0,0,7,6,0.1429
4,232.0000,35,29,741.6517,-86.9903,0.8769,7,0.1750,1.0000,8,8,7,0,0,8,7,0.1250
4,232.0000,35,33,714.4447,-86.2174,0.1942,4,0.1000,0.9000,10,7,5,0,0,7,5,0.2857
4,232.0000,35,37,68.3900,-71.8525,2.3772,38,0.9500,0.2000,5,5,1,0,0,5,1,0.8000
4,232.0000,35,41,828.4281,-86.6901,1.0484,5,0.1250,1.0000,8,8,8,0,0,8,8,0.0000
4,232.0000,35,42,731.2617,-86.6480,1.0954,8,0.2000,0.8571,7,8,8,0,0,8,8,0.0000
4,232.0000,35,43,609.2830,-86.0578,-0.0339,6,0.1500,1.0000,8,8,8,0,0,8,8,0.0000
4,232.0000,36,0,754.0524,-86.5704,-0.2239,15,0.3750,1.0000,8,8,8,0,0,8,8,0.0000
4,232.0000,36,1,620.2389,-85.7042,-0.0208,19,0.4750,0.7778,9,6,5,0,0,6,5,0.1667
4,232.0000,36,9,615.7104,-85.4612,0.8780,14,0.3500,1.0000,8,8,6,0,0,8,6,0.2500
4,232.0000,36,15,553.1867,-85.1781,0.5388,17,0.4250,0.6667,6,8,7,0,0,8,7,0.1250
4,232.0000,36,18,771.1615,-85.6920,9.9878,3,0.0750,0.8571,7,8,8,0,0,8,8,0.0000
4,232.0000,36,19,234.4418,-77.7676,0.1421,34,0.8500,0.4000,5,4,0,0,0,4,0,1.0000
4,232.0000,36,21,233.9807,-77.3749,0.8229,37,0.9250,0.0000,4,4,0,0,0,4,0,1.0000
4,232.0000,36,25,511.2183,-84.2981,0.3707,23,0.5750,0.7143,7,4,0,0,0,4,0,1.0000
4,232.0000,36,27,330.7229,-81.5556,1.0918,23,0.5750,0.8333,6,5,1,0,0,5,1,0.8000
4,232.0000,36,28,98.3457,-71.7645,1.7930,38,0.9500,0.0000,4,5,1,0,0,5,1,0.8000
4,232.0000,36,30,262.9096,-75.7049,-0.6746,38,0.9500,0.0000,4,5,1,0,0,5,1,0.8000
4,232.0000,36,32,174.5722,-73.2609,0.6001,38,0.9500,0.0000,4,6,3,0,0,6,3,0.5000
4,232.0000,36,39,171.7836,-76.3526,1.3174,37,0.9250,0.0000,4,4,0,0,0,4,0,1.0000
4,232.0000,36,40,625.7536,-84.9167,0.1084,10,0.2500,0.8750,8,8,7,0,0,8,7,0.1250
4,232.0000,36,44,402.8934,-81.3425,-0.5802,33,0.8250,0.2500,4,6,2,0,0,6,2,0.6667
4,232.0000,36,45,510.1494,-84.0529,-0.0328,20,0.5000,0.7143,7,7,3,0,0,7,3,0.5714
4,232.0000,36,46,672.6333,-85.7922,0.0438,13,0.3250,0.7500,8,8,7,0,0,8,7,0.1250
4,232.0000,37,3,692.0663,-86.0974,-1.0191,7,0.1750,0.8750,8,8,8,0,0,8,8,0.0000
4,232.0000,37,4,801.3018,-86.2180,-2.9657,3,0.0750,1.0000,8,6,6,0,0,6,6,0.0000
4,232.0000,37,6,732.2855,-84.8460,-1.6270,4,0.1000,0.8571,7,8,8,0,0,8,8,0.0000
4,232.0000,37,7,834.7144,-87.3501,0.3104,3,0.0750,1.0000,8,8,8,0,0,8,8,0.0000
4,232.0000,37,10,183.1288,-75.0688,0.9218,32,0.8000,0.2000,5,4,0,0,0,4,0,1.0000
4,232.0000,37,11,370.3106,-80.1343,0.1029,16,0.4000,0.3333,6,6,4,0,0,6,4,0.3333
4,232.0000,37,14,418.0735,-81.2864,0.0699,17,0.4250,0.7500,8,10,10,0,0,10,10,0.0000
4,232.0000,37,16,352.1561,-78.5135,-1.1134,20,0.5000,0.3333,6,7,5,0,0,7,5,0.2857
4,232.0000,37,17,407.0558,-81.6121,0.3073,14,0.3500,1.0000,10,8,8,0,0,8,8,0.0000
4,232.0000,37,23,788.2913,-86.3160,-0.7990,3,0.0750,1.0000,8,8,8,0,0,8,8,0.0000
4,232.0000,37,29,789.4515,-87.4304,0.8645,5,0.1250,1.0000,8,7,6,0,0,7,6,0.1429
4,232.0000,37,33,699.3900,-85.4321,0.0897,9,0.2250,1.0000,8,8,8,0,0,8,8,0.0000
4,232.0000,37,35,68.3900,-71.0218,2.6916,35,0.8750,0.0000,3,5,1,0,0,5,1,0.8000
4,232.0000,37,38,725.2136,-85.2255,-0.5160,7,0.1750,0.8571,7,8,8,0,0,8,8,0.0000
4,232.0000,37,42,791.4748,-88.6642,-0.7736,3,0.0750,1.0000,10,8,8,0,0,8,8,0.0000
4,232.0000,37,43,622.4321,-86.8464,-1.0100,3,0.0750,0.8571,7,6,4,0,0,6,4,0.3333
4,232.0000,37,47,753.4144,-87.7830,-0.6325,4,0.1000,0.9000,10,8,8,0,0,8,8,0.0000
4,232.0000,38,2,218.2566,-75.8764,-0.6746,34,0.8500,0.0000,4,5,1,0,0,5,1,0.8000
4,232.0000,38,3,328.1042,-79.7277,-0.8139,35,0.8750,0.2000,5,7,4,0,0,7,4,0.4286
4,232.0000,38,4,762.9073,-86.4340,-0.7207,7,0.1750,1.0000,8,8,8,0,0,8,8,0.0000
4,232.0000,38,5,750.8603,-87.6703,0.6922,6,0.1500,1.0000,8,8,8,0,0,8,8,0.0000
4,232.0000,38,6,262.2325,-77.2897,0.2427,33,0.8250,0.2000,5,8,3,0,0,8,3,0.6250
4,232.0000,38,7,144.7634,-73.8797,0.5468,38,0.9500,0.0000,4,4,0,0,0,4,0,1.0000
4,232.0000,38,8,773.0874,-87.5967,0.7628,11,0.2750,0.8750,8,8,8,0,0,8,8,0.0000
4,232.0000,38,10,782.1404,-86.6870,-0.2980,12,0.3000,1.0000,8,4,4,0,0,4,4,0.0000
4,232.0000,38,11,468.8902,-82.4200,-0.5797,18,0.4500,0.6250,8,6,3,0,0,6,3,0.5000
4,232.0000,38,12,754.8039,-87.6593,0.6715,6,0.1500,1.0000,4,8,7,0,0,8,7,0.1250
4,232.0000,38,14,758.7405,-86.8457,0.6503,8,0.2000,1.0000,8,6,6,0,0,6,6,0.0000
4,232.0000,38,16,430.9752,-82.7973,-0.6173,19,0.4750,0.8750,8,5,2,0,0,5,2,0.6000
4,232.0000,38,17,662.4871,-85.6563,-0.7754,17,0.4250,0.7143,7,8,7,0,0,8,7,0.1250
4,232.0000,38,20,478.0259,-83.4787,-0.1111,16,0.4000,0.7143,7,6,4,0,0,6,4,0.3333
4,232.0000,38,22,387.2541,-80.2966,-0.4918,31,0.7750,0.6667,6,6,3,0,0,6,3,0.5000
4,232.0000,38,23,320.0691,-79.3691,-0.3968,34,0.8500,0.0000,4,5,2,0,0,5,2,0.6000
4,232.0000,38,24,252.4677,-77.7202,0.7267,31,0.7750,0.0000,4,4,0,0,0,4,0,1.0000
4,232.0000,38,26,748.0272,-87.4595,0.3060,8,0.2000,0.8571,7,7,6,0,0,7,6,0.1429
4,232.0000,38,29,868.1118,-87.8563,-0.3482,5,0.1250,1.0000,6,8,8,0,0,8,8,0.0000
4,232.0000,38,33,127.5510,-69.2903,-0.9348,38,0.9500,0.2000,5,5,2,0,0,5,2,0.6000
4,232.0000,38,34,795.5812,-87.9857,1.0036,6,0.1500,1.0000,8,8,8,0,0,8,8,0.0000
4,232.0000,38,35,736.5425,-87.1407,-0.5142,10,0.2500,0.8000,5,7,5,0,0,7,5,0.2857
4,232.0000,38,37,725.2136,-85.7593,-0.4977,17,0.4250,1.0000,8,7,6,0,0,7,6,0.1429
4,232.0000,38,41,198.6334,-77.4691,1.3472,27,0.6750,0.4000,5,5,1,0,0,5,1,0.8000
4,232.0000,38,42,940.7625,-88.5520,-5.8267,3,0.0750,0.8571,7,4,4,0,0,4,4,0.0000
4,232.0000,38,43,267.5529,-78.4227,0.1092,29,0.7250,0.0000,4,6,3,0,0,6,3,0.5000
4,232.0000,38,47,60.4915,-66.4284,0.5643,40,1.0000,0.0000,4,5,1,0,0,5,1,0.8000
4,232.0000,39,0,720.3823,-85.2266,0.2711,21,0.5250,0.7143,7,7,6,0,0,7,6,0.1429
4,232.0000,39,1,545.9246,-84.4505,0.1184,22,0.5500,0.7143,7,6,2,0,0,6,2,0.6667
4,232.0000,39,9,579.5794,-84.6943,0.1676,24,0.6000,1.0000,8,7,3,0,0,7,3,0.5714
4,232.0000,39,12,1099.7915,-88.7640,-0.1830,6,0.1500,1.0000,8,6,6,0,0,6,6,0.0000
4,232.0000,39,13,920.3980,-88.1229,-0.9357,5,0.1250,1.0000,8,8,8,0,0,8,8,0.0000
4,232.0000,39,15,588.2190,-85.9173,-0.4732,14,0.3500,0.4000,5,5,2,0,0,5,2,0.6000
4,232.0000,39,18,687.6023,-86.5697,-0.4671,14,0.3500,0.8750,8,8,8,0,0,8,8,0.0000
4,232.0000,39,19,200.4664,-74.4324,-0.0259,39,0.9750,0.2000,5,5,1,0,0,5,1,0.8000
4,232.0000,39,21,375.7184,-81.8866,0.4993,31,0.7750,0.6667,6,7,5,0,0,7,5,0.2857
4,232.0000,39,25,449.1262,-83.0348,0.2813,32,0.8000,0.7500,8,6,3,0,0,6,3,0.5000
4,232.0000,39,27,356.3493,-79.5717,-0.7281,32,0.8000,0.0000,4,7,6,0,0,7,6,0.1429
4,232.0000,39,28,99.6370,-69.8356,0.4053,38,0.9500,0.4000,5,4,0,0,0,4,0,1.0000
4,232.0000,39,30,375.7282,-82.4138,-0.3611,31,0.7750,0.3333,6,4,0,0,0,4,0,1.0000
4,232.0000,39,31,1009.5291,-87.7816,0.5934,5,0.1250,1.0000,6,6,6,0,0,6,6,0.0000
4,232.0000,39,32,188.7022,-76.7586,0.8021,37,0.9250,0.0000,4,5,1,0,0,5,1,0.8000
4,232.0000,39,36,171.7836,-76.6936,1.2795,36,0.9000,0.0000,4,4,0,0,0,4,0,1.0000
4,232.0000,39,40,597.1442,-85.5596,-0.5106,18,0.4500,1.0000,8,5,4,0,0,5,4,0.2000
4,232.0000,39,44,435.7191,-83.4852,-0.2979,32,0.8000,0.5714,7,5,2,0,0,5,2,0.6000
4,232.0000,39,45,607.8823,-84.2154,-0.8227,20,0.5000,1.0000,8,8,8,0,0,8,8,0.0000
4,232.0000,39,46,607.2961,-84.4015,-0.5308,22,0.5500,0.8889,9,7,6,0,0,7,6,0.1429
4,232.0000,40,0,128.8821,-67.4039,-0.8286,37,0.9250,0.2000,5,4,0,0,0,4,0,1.0000
4,232.0000,40,1,185.7526,-74.3176,0.1436,38,0.9500,0.2000,5,4,0,0,0,4,0,1.0000
4,232.0000,40,9,267.6868,-79.0455,0.0998,38,0.9500,0.0000,4,5,1,0,0,5,1,0.8000
4,232.0000,40,18,559.0511,-84.5461,-0.2828,23,0.5750,0.4000,5,7,6,0,0,7,6,0.1429
4,232.0000,40,19,643.2542,-86.1131,-0.0105,9,0.2250,1.0000,8,8,6,0,0,8,6,0.2500
4,232.0000,40,21,579.3033,-85.5069,0.6032,19,0.4750,0.6667,6,6,3,0,0,6,3,0.5000
4,232.0000,40,25,175.4635,-74.8275,0.8119,37,0.9250,0.2000,5,6,2,0,0,6,2,0.6667
4,232.0000,40,27,562.4283,-83.1809,0.0931,17,0.4250,0.8462,143,7,6,143,138,150,144,0.0400
4,232.0000,40,28,653.9903,-86.7673,-0.4741,11,0.2750,0.8571,7,7,6,0,0,7,6,0.1429
4,232.0000,40,30,836.6667,-86.7276,-0.6790,5,0.1250,0.7500,8,6,6,0,0,6,6,0.0000
4,232.0000,40,32,728.7438,-85.7331,0.8928,11,0.2750,0.8571,7,8,8,0,0,8,8,0.0000
4,232.0000,40,36,625.7536,-85.8394,-0.3334,16,0.4000,0.7143,7,6,4,0,0,6,4,0.3333
4,232.0000,40,39,597.1442,-84.3406,-0.1288,17,0.4250,0.8750,8,6,4,0,0,6,4,0.3333
4,232.0000,40,44,701.1737,-86.5887,0.6765,12,0.3000,0.8571,7,6,3,0,0,6,3,0.5000
4,232.0000,40,45,861.6443,-85.5310,0.4026,7,0.1750,1.0000,6,8,8,0,0,8,8,0.0000
4,232.0000,40,46,394.0048,-82.6520,0.3276,26,0.6500,0.4000,5,4,0,0,0,4,0,1.0000
4,232.0000,41,2,205.4792,-76.6845,0.9399,32,0.8000,0.0000,4,6,4,0,0,6,4,0.3333
4,232.0000,41,3,486.0634,-83.5314,0.4294,23,0.5750,0.5000,6,7,5,0,0,7,5,0.2857
4,232.0000,41,4,656.5144,-86.0189,0.2087,15,0.3750,0.8571,7,5,3,0,0,5,3,0.4000
4,232.0000,41,5,656.0636,-86.2053,1.2660,11,0.2750,0.8571,7,8,8,0,0,8,8,0.0000
4,232.0000,41,6,251.9728,-77.2511,0.0620,31,0.7750,0.2000,5,7,5,0,0,7,5,0.2857
4,232.0000,41,7,216.3707,-75.8183,-0.0115,33,0.8250,0.0000,4,5,2,0,0,5,2,0.6000
4,232.0000,41,8,578.7271,-83.2296,0.1667,16,0.4000,0.8571,7,8,8,0,0,8,8,0.0000
4,232.0000,41,10,858.5824,-88.1609,-0.3209,8,0.2000,1.0000,8,6,6,0,0,6,6,0.0000
4,232.0000,41,11,514.2120,-84.7814,-0.5243,17,0.4250,0.8571,7,7,6,0,0,7,6,0.1429
4,232.0000,41,12,568.6128,-83.8311,0.4786,16,0.4000,0.8571,7,7,5,0,0,7,5,0.2857
4,232.0000,41,13,976.4609,-87.7668,-0.8302,7,0.1750,0.8571,7,6,6,0,0,6,6,0.0000
4,232.0000,41,14,783.1454,-86.8776,0.5551,11,0.2750,0.8571,7,7,5,0,0,7,5,0.2857
4,232.0000,41,16,533.3548,-84.8663,0.0378,17,0.4250,0.8571,7,5,1,0,0,5,1,0.8000
4,232.0000,41,17,692.9894,-86.1272,0.2274,15,0.3750,1.0000,8,7,6,0,0,7,6,0.1429
4,232.0000,41,20,280.6726,-78.1364,-0.0280,33,0.8250,0.4000,5,5,2,0,0,5,2,0.6000
4,232.0000,41,22,450.5771,-82.5307,0.0431,24,0.6000,0.5714,7,8,6,0,0,8,6,0.2500
4,232.0000,41,23,385.0458,-81.6470,0.0429,30,0.7500,0.6000,5,5,1,0,0,5,1,0.8000
4,232.0000,41,24,185.6530,-74.0162,-0.6968,34,0.8500,0.0000,4,4,0,0,0,4,0,1.0000
4,232.0000,41,26,642.0772,-85.7906,0.9448,13,0.3250,0.8571,7,8,8,0,0,8,8,0.0000
4,232.0000,41,29,795.1696,-86.6527,1.0012,9,0.2250,0.8571,7,8,8,0,0,8,8,0.0000
4,232.0000,41,31,995.3193,-88.3676,-0.8839,5,0.1250,1.0000,6,8,8,0,0,8,8,0.0000
4,232.0000,41,33,288.4870,-79.8116,0.1467,33,0.8250,0.0000,4,6,4,0,0,6,4,0.3333
4,232.0000,41,34,679.1142,-86.9427,-0.6715,13,0.3250,0.8571,7,8,8,0,0,8,8,0.0000
4,232.0000,41,35,828.4281,-87.7495,0.6296,8,0.2000,1.0000,8,8,8,0,0,8,8,0.0000
4,232.0000,41,37,831.9483,-87.4845,0.2760,10,0.2500,1.0000,2,8,7,0,0,8,7,0.1250
4,232.0000,41,38,198.6334,-77.7919,0.8519,31,0.7750,0.4000,5,4,0,0,0,4,0,1.0000
4,232.0000,41,42,864.2690,-87.9577,-0.0420,10,0.2500,1.0000,8,2,2,0,0,2,2,0.0000
4,232.0000,41,43,243.4898,-74.3941,-1.4739,34,0.8500,0.2000,5,4,0,0,0,4,0,1.0000
4,232.0000,41,47,214.3121,-78.7082,1.1962,30,0.7500,0.2000,5,5,1,0,0,5,1,0.8000
4,232.0000,42,2,1023.8016,-87.3084,-0.2288,3,0.0750,0.8571,7,6,6,0,0,6,6,0.0000
4,232.0000,42,4,268.2894,-78.2874,0.1823,28,0.7000,0.5000,6,8,4,0,0,8,4,0.5000
4,232.0000,42,5,438.7904,-81.6147,-0.1271,14,0.3500,1.0000,8,5,2,0,0,5,2,0.6000
4,232.0000,42,6,802.5151,-89.2540,0.4793,3,0.0750,1.0000,8,8,8,0,0,8,8,0.0000
4,232.0000,42,7,1007.8828,-89.4500,-0.2687,3,0.0750,1.0000,6,4,4,0,0,4,4,0.0000
4,232.0000,42,8,919.3872,-88.8790,-0.5323,5,0.1250,1.0000,8,8,8,0,0,8,8,0.0000
4,232.0000,42,10,705.2574,-85.4606,1.0081,6,0.1500,0.8571,7,7,6,0,0,7,6,0.1429
4,232.0000,42,11,584.3777,-84.9231,0.8228,10,0.2500,0.8750,8,8,7,0,0,8,7,0.1250
4,232.0000,42,12,730.2609,-88.5648,0.0463,3,0.0750,1.0000,8,8,8,0,0,8,8,0.0000
4,232.0000,42,13,604.9157,-86.0159,0.2908,8,0.2000,0.8750,8,8,7,0,0,8,7,0.1250
4,232.0000,42,14,480.0867,-83.2429,0.7165,14,0.3500,0.4000,5,6,4,0,0,6,4,0.3333
4,232.0000,42,16,782.9787,-85.6466,1.0234,4,0.1000,1.0000,8,8,8,0,0,8,8,0.0000
4,232.0000,42,17,614.5391,-84.7881,0.7470,10,0.2500,0.8571,7,7,6,0,0,7,6,0.1429
4,232.0000,42,20,837.7913,-85.7860,3.5683,3,0.0750,1.0000,8,7,6,0,0,7,6,0.1429
4,232.0000,42,23,1035.6730,-87.7638,-1.0539,5,0.1250,1.0000,4,4,4,0,0,4,4,0.0000
4,232.0000,42,24,949.3158,-88.2352,-0.5103,4,0.1000,1.0000,8,8,8,0,0,8,8,0.0000
4,232.0000,42,26,298.6575,-79.1556,-0.1599,26,0.6500,0.4000,5,7,6,0,0,7,6,0.1429
4,232.0000,42,29,242.2945,-78.3561,0.7276,31,0.7750,0.6667,6,5,1,0,0,5,1,0.8000
4,232.0000,42,31,545.3474,-84.2279,2.4099,7,0.1750,0.8571,7,5,2,0,0,5,2,0.6000
4,232.0000,42,33,987.0611,-88.3248,0.0293,5,0.1250,1.0000,6,8,8,0,0,8,8,0.0000
4,232.0000,42,34,591.4581,-83.8571,0.8443,7,0.1750,1.0000,8,8,7,0,0,8,7,0.1250
4,232.0000,42,35,731.2617,-85.8508,-0.3022,10,0.2500,1.0000,8,7,5,0,0,7,5,0.2857
4,232.0000,42,37,791.4748,-87.1217,0.7094,8,0.2000,1.0000,10,6,6,0,0,6,6,0.0000
4,232.0000,42,38,940.7625,-87.4372,0.2461,4,0.1000,1.0000,6,8,8,0,0,8,8,0.0000
4,232.0000,42,41,864.2690,-86.7723,-0.7081,3,0.0750,1.0000,8,8,8,0,0,8,8,0.0000
4,232.0000,42,43,695.3636,-85.8908,-1.4355,6,0.1500,0.7143,7,8,8,0,0,8,8,0.0000
4,232.0000,43,2,349.2002,-77.8326,-1.4965,33,0.8049,0.5000,6,8,5,0,0,8,5,0.3750
4,232.0000,43,3,451.3780,-83.3781,0.7107,21,0.5122,0.4000,5,4,0,0,0,4,0,1.0000
4,232.0000,43,4,507.8181,-84.3075,0.1999,13,0.3171,0.8571,7,6,4,0,0,6,4,0.3333
4,232.0000,43,5,594.6659,-87.0373,0.7658,8,0.1951,0.6667,6,8,8,0,0,8,8,0.0000
4,232.0000,43,6,304.7997,-79.1532,-0.3411,33,0.8049,0.4000,5,6,2,0,0,6,2,0.6667
4,232.0000,43,7,374.8347,-79.9103,-0.9147,30,0.7317,0.8750,8,8,6,0,0,8,6,0.2500
4,232.0000,43,8,711.8020,-84.7077,0.0950,6,0.1463,0.8750,8,8,8,0,0,8,8,0.0000
4,232.0000,43,10,624.8980,-85.6311,-0.2044,17,0.4146,0.8889,9,6,2,0,0,6,2,0.6667
4,232.0000,43,11,312.8045,-80.3830,-0.0405,24,0.5854,0.0000,4,4,0,0,0,4,0,1.0000
4,232.0000,43,12,639.7554,-84.6070,0.0013,9,0.2195,0.5000,6,7,6,0,0,7,6,0.1429
4,232.0000,43,13,953.9715,-88.9687,0.0643,3,0.0732,1.0000,8,8,8,0,0,8,8,0.0000
4,232.0000,43,14,597.4492,-86.3363,-0.2716,11,0.2683,1.0000,8,8,6,0,0,8,6,0.2500
4,232.0000,43,16,328.6230,-82.9409,0.5171,20,0.4878,0.5000,6,6,3,0,0,6,3,0.5000
4,232.0000,43,17,452.1813,-83.8542,-0.0541,21,0.5122,1.0000,8,5,2,0,0,5,2,0.6000
4,232.0000,43,20,432.4547,-80.8922,-1.5173,20,0.4878,0.5714,7,8,6,0,0,8,6,0.2500
4,232.0000,43,22,500.0490,-82.6191,-0.7055,23,0.5610,0.4000,5,8,7,0,0,8,7,0.1250
4,232.0000,43,23,373.1176,-80.2672,0.1650,29,0.7073,0.4000,5,7,6,0,0,7,6,0.1429
4,232.0000,43,24,386.3949,-79.4173,-1.4667,26,0.6341,0.5000,6,7,4,0,0,7,4,0.4286
4,232.0000,43,26,539.0805,-85.4290,-0.4485,10,0.2439,0.7143,7,6,4,0,0,6,4,0.3333
4,232.0000,43,29,665.3261,-86.7055,-0.2134,7,0.1707,0.5000,6,7,4,0,0,7,4,0.4286
4,232.0000,43,31,949.9385,-88.9507,-0.3759,4,0.0976,1.0000,8,4,4,0,0,4,4,0.0000
4,232.0000,43,33,299.0058,-78.8054,-0.5117,30,0.7317,0.4000,5,4,0,0,0,4,0,1.0000
4,232.0000,43,34,679.3623,-86.1367,0.5946,7,0.1707,0.9000,10,8,7,0,0,8,7,0.1250
4,232.0000,43,35,609.2830,-86.3789,0.5375,13,0.3171,0.8571,7,4,0,0,0,4,0,1.0000
4,232.0000,43,37,622.4321,-85.3658,-0.0522,15,0.3659,0.4000,5,6,4,0,0,6,4,0.3333
4,232.0000,43,38,267.5529,-78.6341,0.8429,29,0.7073,0.4000,5,4,0,0,0,4,0,1.0000
4,232.0000,43,41,243.4898,-74.8288,-1.6402,34,0.8293,0.2000,5,6,3,0,0,6,3,0.5000
4,232.0000,43,42,695.3636,-87.4226,-0.0821,6,0.1463,0.8571,7,5,3,0,0,5,3,0.4000
4,232.0000,43,47,313.2518,-80.0444,0.3953,30,0.7317,0.4000,5,4,2,0,0,4,2,0.5000
4,232.0000,44,0,803.6508,-86.6952,-0.3662,16,0.4000,1.0000,8,7,6,0,0,7,6,0.1429
4,232.0000,44,1,740.7628,-86.6988,-0.0943,15,0.3750,1.0000,8,7,6,0,0,7,6,0.1429
4,232.0000,44,9,531.9131,-84.7847,0.3700,26,0.6500,0.7143,7,7,6,0,0,7,6,0.1429
4,232.0000,44,15,910.8785,-88.6169,-0.5628,6,0.1500,1.0000,8,8,8,0,0,8,8,0.0000
4,232.0000,44,18,1040.8570,-88.4002,-0.1042,4,0.1000,1.0000,10,4,4,0,0,4,4,0.0000
4,232.0000,44,19,610.9901,-85.7439,-0.1918,18,0.4500,1.0000,8,7,6,0,0,7,6,0.1429
4,232.0000,44,21,375.2073,-81.3910,0.5029,32,0.8000,0.4000,5,6,3,0,0,6,3,0.5000
4,232.0000,44,25,632.3680,-85.4133,0.1483,17,0.4250,0.8571,7,6,4,0,0,6,4,0.3333
4,232.0000,44,27,702.3650,-85.9683,-0.3494,15,0.3750,0.8750,8,8,7,0,0,8,7,0.1250
4,232.0000,44,28,414.5423,-82.9278,0.2285,24,0.6000,0.6667,6,5,2,0,0,5,2,0.6000
4,232.0000,44,30,340.7081,-82.1776,-0.2100,33,0.8250,0.0000,4,4,0,0,0,4,0,1.0000
4,232.0000,44,32,337.5495,-79.1194,-0.7387,35,0.8750,0.0000,4,5,2,0,0,5,2,0.6000
4,232.0000,44,36,402.8934,-82.2414,-0.5960,32,0.8000,0.7143,7,5,1,0,0,5,1,0.8000
4,232.0000,44,39,435.7191,-83.3947,-0.2497,26,0.6500,0.7143,7,5,1,0,0,5,1,0.8000
4,232.0000,44,40,701.1737,-86.8673,0.4133,17,0.4250,1.0000,8,7,4,0,0,7,4,0.4286
4,232.0000,44,45,888.0740,-87.0732,0.0844,11,0.2750,1.0000,6,10,10,0,0,10,10,0.0000
4,232.0000,44,46,916.5968,-88.2448,-0.4895,8,0.2000,1.0000,8,8,8,0,0,8,8,0.0000
4,232.0000,45,0,975.4507,-86.8008,-0.0399,5,0.1250,0.8750,8,4,4,0,0,4,4,0.0000
4,232.0000,45,1,860.0219,-86.3250,0.8155,5,0.1250,1.0000,8,8,8,0,0,8,8,0.0000
4,232.0000,45,8,575.3228,-85.5616,-1.6651,4,0.1000,0.7000,10,6,6,0,0,6,6,0.0000
4,232.0000,45,9,986.0194,-88.7184,-0.8301,3,0.0750,1.0000,8,6,6,0,0,6,6,0.0000
4,232.0000,45,12,569.8631,-83.6461,0.3989,7,0.1750,0.8571,7,9,8,0,0,9,8,0.1111
4,232.0000,45,13,602.2915,-83.8419,-0.1165,8,0.2000,1.0000,8,6,4,0,0,6,4,0.3333
4,232.0000,45,15,427.4379,-81.8316,0.1079,16,0.4000,1.0000,8,7,5,0,0,7,5,0.2857
4,232.0000,45,18,797.8791,-86.9953,2.2518,3,0.0750,1.0000,8,7,6,0,0,7,6,0.1429
4,232.0000,45,19,444.3817,-81.7349,0.9400,13,0.3250,0.3333,6,8,7,0,0,8,7,0.1250
4,232.0000,45,21,557.8882,-85.0392,-0.0486,15,0.3750,0.8750,8,8,8,0,0,8,8,0.0000
4,232.0000,45,25,786.0970,-86.6797,0.0202,8,0.2000,1.0000,8,8,8,0,0,8,8,0.0000
4,232.0000,45,26,900.0996,-88.3379,-0.3815,3,0.0750,1.0000,8,8,8,0,0,8,8,0.0000
4,232.0000,45,27,343.1918,-79.9713,0.4145,18,0.4500,0.6667,6,5,1,0,0,5,1,0.8000
4,232.0000,45,28,560.2032,-83.5197,-0.4841,11,0.2750,0.6250,8,8,8,0,0,8,8,0.0000
4,232.0000,45,30,649.7389,-84.4048,-0.1560,10,0.2500,0.6667,6,8,7,0,0,8,7,0.1250
4,232.0000,45,31,724.7505,-86.0564,-1.7213,5,0.1250,0.8571,7,8,8,0,0,8,8,0.0000
4,232.0000,45,32,651.6944,-85.3474,-1.3087,9,0.2250,1.0000,8,8,8,0,0,8,8,0.0000
4,232.0000,45,34,768.8730,-86.9416,0.2853,4,0.1000,1.0000,8,8,8,0,0,8,8,0.0000
4,232.0000,45,36,510.1494,-83.2238,-0.2107,14,0.3500,0.8571,7,7,6,0,0,7,6,0.1429
4,232.0000,45,39,607.8823,-84.0981,-0.4144,12,0.3000,0.8571,7,8,6,0,0,8,6,0.2500
4,232.0000,45,44,888.0740,-86.9501,-0.1831,3,0.0750,0.8750,8,8,8,0,0,8,8,0.0000
4,232.0000,45,46,744.1064,-85.7090,-0.0547,6,0.1500,1.0000,8,7,6,0,0,7,6,0.1429
4,232.0000,46,0,445.4855,-83.5332,0.8249,20,0.5000,0.5000,6,6,2,0,0,6,2,0.6667
4,232.0000,46,1,277.7242,-79.9512,0.5971,28,0.7000,0.8571,7,6,2,0,0,6,2,0.6667
4,232.0000,46,9,614.3765,-85.6624,-0.0954,13,0.3250,0.8571,7,7,6,0,0,7,6,0.1429
4,232.0000,46,13,640.5416,-85.5962,1.5960,6,0.1500,1.0000,8,8,8,0,0,8,8,0.0000
4,232.0000,46,18,171.8741,-74.7694,1.5505,38,0.9500,0.2000,5,5,1,0,0,5,1,0.8000
4,232.0000,46,19,547.3402,-84.3290,-0.6938,10,0.2500,1.0000,8,6,3,0,0,6,3,0.5000
4,232.0000,46,21,730.9438,-86.0324,0.1125,8,0.2000,1.0000,8,7,6,0,0,7,6,0.1429
4,232.0000,46,25,326.3332,-81.9266,1.4146,22,0.5500,0.4000,5,6,3,0,0,6,3,0.5000
4,232.0000,46,27,444.9900,-80.7399,-0.6966,21,0.5250,0.0000,4,8,5,0,0,8,5,0.3750
4,232.0000,46,28,675.2129,-84.8829,-0.6946,9,0.2250,0.8571,7,7,6,0,0,7,6,0.1429
4,232.0000,46,31,678.3284,-84.4942,1.2685,4,0.1000,0.8571,7,8,8,0,0,8,8,0.0000
4,232.0000,46,32,788.2177,-85.9026,0.2350,8,0.2000,1.0000,8,8,8,0,0,8,8,0.0000
4,232.0000,46,34,968.4827,-87.3615,-0.9003,3,0.0750,0.8750,8,8,8,0,0,8,8,0.0000
4,232.0000,46,36,672.6333,-85.7187,0.0586,10,0.2500,0.8571,7,8,8,0,0,8,8,0.0000
4,232.0000,46,39,607.2961,-83.9238,-0.5863,8,0.2000,0.0000,4,7,5,0,0,7,5,0.2857
4,232.0000,46,40,394.0048,-82.2955,0.0794,22,0.5500,0.7500,8,5,2,0,0,5,2,0.6000
4,232.0000,46,44,916.5968,-87.5653,0.0689,5,0.1250,1.0000,8,7,6,0,0,7,6,0.1429
4,232.0000,46,45,744.1064,-86.1361,-0.5978,7,0.1750,0.5714,7,10,10,0,0,10,10,0.0000
4,232.0000,47,2,246.0129,-77.0097,0.2157,33,0.8250,0.2000,5,4,0,0,0,4,0,1.0000
4,232.0000,47,3,364.4467,-81.2258,-0.9411,34,0.8500,0.0000,4,6,4,0,0,6,4,0.3333
4,232.0000,47,4,796.5169,-86.7250,-0.8460,7,0.1750,1.0000,8,7,5,0,0,7,5,0.2857
4,232.0000,47,5,752.7828,-88.2387,-0.0556,9,0.2250,1.0000,8,8,8,0,0,8,8,0.0000
4,232.0000,47,6,242.7265,-77.1798,-0.3879,33,0.8250,0.5000,6,4,0,0,0,4,0,1.0000
4,232.0000,47,7,92.3710,-70.8020,1.9186,37,0.9250,0.0000,4,5,1,0,0,5,1,0.8000
4,232.0000,47,8,772.0731,-87.1219,-0.3733,6,0.1500,1.0000,8,6,4,0,0,6,4,0.3333
4,232.0000,47,10,820.4149,-87.1668,0.6466,6,0.1500,0.8571,7,8,8,0,0,8,8,0.0000
4,232.0000,47,11,494.9011,-83.6474,-0.2895,20,0.5000,0.7143,7,7,5,0,0,7,5,0.2857
4,232.0000,47,12,758.7435,-89.1712,0.5565,4,0.1000,1.0000,6,8,7,0,0,8,7,0.1250
4,232.0000,47,14,774.6836,-87.9684,-0.2227,11,0.2750,0.8750,8,7,6,0,0,7,6,0.1429
4,232.0000,47,16,475.8576,-84.0967,-0.5714,17,0.4250,1.0000,8,5,1,0,0,5,1,0.8000
4,232.0000,47,17,712.8741,-86.4434,0.6459,13,0.3250,0.7778,9,7,6,0,0,7,6,0.1429
4,232.0000,47,20,483.8171,-83.9642,0.1097,20,0.5000,0.8571,7,6,2,0,0,6,2,0.6667
4,232.0000,47,22,424.1278,-81.0089,-0.0997,32,0.8000,0.4286,7,6,3,0,0,6,3,0.5000
4,232.0000,47,23,371.4062,-80.5268,-0.8497,32,0.8000,0.2000,5,6,4,0,0,6,4,0.3333
4,232.0000,47,24,218.7389,-76.5342,0.5831,31,0.7750,0.2000,5,4,0,0,0,4,0,1.0000
4,232.0000,47,26,764.3205,-87.4486,0.1124,9,0.2250,1.0000,8,8,8,0,0,8,8,0.0000
4,232.0000,47,33,173.7027,-71.9791,-1.0336,31,0.7750,0.2000,5,5,1,0,0,5,1,0.8000
4,232.0000,47,34,787.8167,-87.5015,0.9881,7,0.1750,1.0000,8,8,8,0,0,8,8,0.0000
4,232.0000,47,35,767.2105,-87.9828,0.1733,10,0.2500,1.0000,8,7,5,0,0,7,5,0.2857
4,232.0000,47,37,753.4144,-86.4645,0.4521,12,0.3000,1.0000,8,7,6,0,0,7,6,0.1429
4,232.0000,47,38,60.4915,-66.4010,0.8879,34,0.8500,0.0000,4,4,0,0,0,4,0,1.0000
4,232.0000,47,41,214.3121,-78.5820,1.0533,32,0.8000,0.2000,5,5,1,0,0,5,1,0.8000
4,232.0000,47,42,968.5923,-87.7330,1.3007,5,0.1250,,0,4,4,0,0,4,4,0.0000
4,232.0000,47,43,313.2518,-79.9206,1.3537,28,0.7000,0.0000,4,6,4,0,0,6,4,0.3333
4,236.0000,0,1,286.3420,-78.2951,-0.1272,32,0.8000,0.0000,4,4,0,0,0,4,0,1.0000
4,236.0000,0,9,328.0976,-79.9485,-0.5966,29,0.7250,0.2000,5,6,3,0,0,6,3,0.5000
4,236.0000,0,18,678.1666,-84.5578,0.1982,9,0.2250,1.0000,8,8,8,0,0,8,8,0.0000
4,236.0000,0,21,719.7039,-85.9291,-0.8056,11,0.2750,1.0000,8,7,5,0,0,7,5,0.2857
4,236.0000,0,25,330.8154,-80.3559,-0.3700,31,0.7750,0.4000,5,5,2,0,0,5,2,0.6000
4,236.0000,0,27,744.5263,-85.0311,-0.8293,8,0.2000,1.0000,8,8,8,0,0,8,8,0.0000
4,236.0000,0,28,752.5146,-87.2082,0.3007,6,0.1500,0.8571,7,6,4,0,0,6,4,0.3333
4,236.0000,0,30,949.3666,-88.1344,0.1703,3,0.0750,0.8571,7,8,8,0,0,8,8,0.0000
4,236.0000,0,32,959.4534,-87.5405,0.4462,6,0.1500,1.0000,8,6,6,0,0,6,6,0.0000
4,236.0000,0,36,693.1941,-85.8226,0.6978,5,0.1250,0.8571,7,8,7,0,0,8,7,0.1250
4,236.0000,0,39,726.9977,-85.8760,-0.1678,8,0.2000,0.7143,7,8,7,0,0,8,7,0.1250
4,236.0000,0,40,204.4327,-75.1875,-1.3372,33,0.8250,0.0000,4,5,2,0,0,5,2,0.6000
4,236.0000,0,44,811.6069,-86.6367,0.3006,7,0.1750,0.6667,6,7,6,0,0,7,6,0.1429
4,236.0000,0,45,1027.9038,-87.9515,0.6772,4,0.1000,1.0000,8,6,6,0,0,6,6,0.0000
4,236.0000,0,46,384.0071,-81.1391,0.8220,21,0.5250,0.2000,5,6,3,0,0,6,3,0.5000
4,236.0000,1,0,286.3420,-78.4354,-0.5039,38,0.9500,0.0000,4,4,0,0,0,4,0,1.0000
4,236.0000,1,9,337.0843,-81.5790,0.0269,32,0.8000,0.4000,5,4,0,0,0,4,0,1.0000
4,236.0000,1,13,806.3261,-87.4966,6.1766,3,0.0750,0.8750,8,10,10,0,0,10,10,0.0000
4,236.0000,1,15,887.2759,-87.2570,0.7631,4,0.1000,1.0000,4,8,6,0,0,8,6,0.2500
4,236.0000,1,18,452.0040,-82.0650,-1.0154,23,0.5750,0.2000,5,6,4,0,0,6,4,0.3333
4,236.0000,1,19,430.5163,-83.9621,0.7184,18,0.4500,0.4000,5,4,0,0,0,4,0,1.0000
4,236.0000,1,21,610.6956,-84.9098,-0.3038,17,0.4250,0.6667,6,5,2,0,0,5,2,0.6000
4,236.0000,1,25,103.7767,-69.8159,0.1753,34,0.8500,0.2000,5,4,0,0,0,4,0,1.0000
4,236.0000,1,27,531.0879,-83.4596,0.4678,16,0.4000,0.8750,8,7,6,0,0,7,6,0.1429
4,236.0000,1,28,563.1839,-84.8629,0.1483,16,0.4000,0.7143,7,8,7,0,0,8,7,0.1250
4,236.0000,1,30,818.2731,-86.6924,0.0751,5,0.1250,1.0000,8,10,10,0,0,10,10,0.0000
4,236.0000,1,32,765.3462,-86.0135,-0.9763,15,0.3750,0.8571,7,8,7,0,0,8,7,0.1250
4,236.0000,1,36,498.5448,-84.4850,-0.3195,15,0.3750,0.6667,6,7,5,0,0,7,5,0.2857
4,236.0000,1,39,525.0161,-83.3983,-0.5207,18,0.4500,0.6667,6,7,6,0,0,7,6,0.1429
4,236.0000,1,40,232.5912,-75.8546,-0.6311,36,0.9000,0.0000,4,5,1,0,0,5,1,0.8000
4,236.0000,1,44,707.9850,-86.4311,0.7733,14,0.3500,0.8750,8,8,7,0,0,8,7,0.1250
4,236.0000,1,45,850.9532,-86.7684,-0.9857,4,0.1000,1.0000,6,8,8,0,0,8,8,0.0000
4,236.0000,1,46,248.7217,-77.3527,0.5472,36,0.9000,0.0000,4,4,0,0,0,4,0,1.0000
4,236.0000,2,3,413.5369,-81.9721,-0.0946,27,0.6750,0.5000,6,5,1,0,0,5,1,0.8000
4,236.0000,2,4,900.7805,-88.4239,0.3613,7,0.1750,1.0000,8,6,6,0,0,6,6,0.0000
4,236.0000,2,5,797.3996,-87.5064,-0.0830,8,0.2000,0.8750,8,8,8,0,0,8,8,0.0000
4,236.0000,2,6,529.1629,-84.8183,-0.2946,16,0.4000,0.8571,7,6,3,0,0,6,3,0.5000
4,236.0000,2,7,255.8288,-77.6789,-0.0974,32,0.8000,0.0000,4,4,0,0,0,4,0,1.0000
4,236.0000,2,8,702.0743,-86.0760,0.0252,8,0.2000,0.8571,7,8,8,0,0,8,8,0.0000
4,236.0000,2,10,1049.9963,-88.0743,-0.4102,7,0.1750,1.0000,8,8,8,0,0,8,8,0.0000
4,236.0000,2,11,739.3070,-86.0704,-0.0895,8,0.2000,0.7143,7,8,8,0,0,8,8,0.0000
4,236.0000,2,12,672.0375,-85.5910,0.1943,11,0.2750,0.8571,7,8,7,0,0,8,7,0.1250
4,236.0000,2,14,913.3088,-87.8266,-0.1681,5,0.1250,1.0000,6,8,7,0,0,8,7,0.1250
4,236.0000,2,16,517.1429,-83.9354,0.6077,15,0.3750,0.8571,7,8,7,0,0,8,7,0.1250
4,236.0000,2,17,857.7095,-87.5329,-0.5766,9,0.2250,0.8750,8,8,8,0,0,8,8,0.0000
4,236.0000,2,20,417.0552,-82.5462,-0.3038,24,0.6000,0.5714,7,4,1,0,0,4,1,0.7500
4,236.0000,2,22,339.5872,-79.3955,-0.9682,34,0.8500,0.0000,4,6,3,0,0,6,3,0.5000
4,236.0000,2,23,356.9700,-79.8660,-1.3392,31,0.7750,0.0000,4,5,4,0,0,5,4,0.2000
4,236.0000,2,24,337.2969,-79.0491,-0.1565,22,0.5500,0.3333,6,7,4,0,0,7,4,0.4286
4,236.0000,2,26,758.9113,-86.8966,-0.2920,5,0.1250,1.0000,8,8,8,0,0,8,8,0.0000
4,236.0000,2,33,355.2021,-79.2696,-1.1662,25,0.6250,0.5000,6,7,5,0,0,7,5,0.2857
4,236.0000,2,35,864.6815,-87.5473,0.0553,6,0.1500,0.8571,7,8,8,0,0,8,8,0.0000
4,236.0000,2,37,1063.8230,-89.0102,0.2554,4,0.1000,,0,8,8,0,0,8,8,0.0000
4,236.0000,2,38,250.6123,-76.6629,-0.4653,28,0.7000,0.5000,6,4,0,0,0,4,0,1.0000
4,236.0000,2,41,170.2508,-75.9552,0.4692,30,0.7500,0.0000,4,4,0,0,0,4,0,1.0000
4,236.0000,2,43,490.6863,-82.6773,-1.4652,18,0.4500,0.8750,8,6,3,0,0,6,3,0.5000
4,236.0000,2,47,317.0901,-78.4686,-0.4852,24,0.6000,0.5000,6,4,0,0,0,4,0,1.0000
4,236.0000,3,2,413.5369,-81.7852,-0.6341,22,0.5500,0.4000,5,7,5,0,0,7,5,0.2857
4,236.0000,3,4,917.4017,-87.4540,-0.6987,4,0.1000,1.0000,6,4,4,0,0,4,4,0.0000
4,236.0000,3,5,858.9922,-88.3652,0.5224,7,0.1750,1.0000,8,7,6,0,0,7,6,0.1429
4,236.0000,3,6,601.7645,-85.3417,-0.5008,8,0.2000,1.0000,8,8,8,0,0,8,8,0.0000
4,236.0000,3,7,426.8478,-82.2174,-0.2801,19,0.4750,0.7143,7,6,3,0,0,6,3,0.5000
4,236.0000,3,10,713.9804,-86.2038,-0.4514,11,0.2750,0.6667,6,7,6,0,0,7,6,0.1429
4,236.0000,3,11,575.4291,-85.1045,-0.3950,15,0.3750,0.7500,8,8,8,0,0,8,8,0.0000
4,236.0000,3,12,908.3709,-88.8155,1.2185,3,0.0750,1.0000,6,8,7,0,0,8,7,0.1250
4,236.0000,3,14,777.4080,-86.0735,0.4542,3,0.0750,1.0000,8,7,6,0,0,7,6,0.1429
4,236.0000,3,16,263.5280,-79.7305,1.0501,22,0.5500,0.1667,6,3,0,0,0,3,0,1.0000
4,236.0000,3,17,626.8835,-85.7347,-0.5286,11,0.2750,1.0000,8,8,6,0,0,8,6,0.2500
4,236.0000,3,20,681.2234,-87.1069,0.5880,6,0.1500,0.7500,8,7,5,0,0,7,5,0.2857
4,236.0000,3,22,326.6604,-80.3161,-0.2419,33,0.8250,0.2000,5,5,1,0,0,5,1,0.8000
4,236.0000,3,23,178.0359,-74.4428,0.8115,35,0.8750,0.2000,5,7,3,0,0,7,3,0.5714
4,236.0000,3,24,619.6536,-85.1832,-0.7492,10,0.2500,0.8750,8,8,7,0,0,8,7,0.1250
4,236.0000,3,26,804.3692,-87.8599,-0.2771,3,0.0750,1.0000,8,7,6,0,0,7,6,0.1429
4,236.0000,3,33,128.4546,-72.4525,1.1615,29,0.7250,0.0000,4,5,1,0,0,5,1,0.8000
4,236.0000,3,35,540.2894,-84.1669,1.0535,14,0.3500,1.0000,8,6,4,0,0,6,4,0.3333
4,236.0000,3,37,720.4001,-86.1518,-0.1233,13,0.3250,1.0000,8,8,7,0,0,8,7,0.1250
4,236.0000,3,38,369.2415,-80.2398,-0.5915,18,0.4500,0.8571,7,7,5,0,0,7,5,0.2857
4,236.0000,3,41,410.4378,-82.8730,1.7881,15,0.3750,0.8571,7,6,3,0,0,6,3,0.5000
4,236.0000,3,42,1047.3971,-88.5036,0.7638,4,0.1000,1.0000,2,8,8,0,0,8,8,0.0000
4,236.0000,3,43,349.2065,-81.8055,0.3468,16,0.4000,0.4000,5,6,3,0,0,6,3,0.5000
4,236.0000,3,47,400.0085,-81.4855,-0.1037,16,0.4000,0.2000,5,6,4,0,0,6,4,0.3333
4,236.0000,4,2,900.7805,-88.1800,-0.3598,3,0.0732,1.0000,8,8,8,0,0,8,8,0.0000
4,236.0000,4,5,444.8470,-82.2907,0.4534,14,0.3415,0.5714,7,7,4,0,0,7,4,0.4286
4,236.0000,4,6,635.5632,-86.3522,0.2809,6,0.1463,1.0000,8,7,6,0,0,7,6,0.1429
4,236.0000,4,7,982.1101,-88.1755,-0.1808,4,0.0976,1.0000,8,8,8,0,0,8,8,0.0000
4,236.0000,4,8,850.4368,-87.8635,-0.4051,5,0.1220,1.0000,8,8,8,0,0,8,8,0.0000
4,236.0000,4,10,847.1322,-85.8327,3.5399,3,0.0732,1.0000,8,4,4,0,0,4,4,0.0000
4,236.0000,4,11,523.5072,-83.7180,-0.5372,8,0.1951,0.4000,5,6,4,0,0,6,4,0.3333
4,236.0000,4,12,515.2331,-84.3004,-0.6031,9,0.2195,0.7143,7,7,5,0,0,7,5,0.2857
4,236.0000,4,13,615.1417,-85.6904,0.3695,12,0.2927,1.0000,8,8,8,0,0,8,8,0.0000
4,236.0000,4,14,539.7822,-85.5489,0.3972,9,0.2195,0.7143,7,8,8,0,0,8,8,0.0000
4,236.0000,4,16,688.2430,-85.8528,-0.4940,6,0.1463,0.8571,7,7,6,0,0,7,6,0.1429
4,236.0000,4,17,553.4044,-83.9933,0.6064,10,0.2439,1.0000,8,6,4,0,0,6,4,0.3333
4,236.0000,4,20,599.6598,-85.7905,-0.5422,9,0.2195,0.6667,6,8,8,0,0,8,8,0.0000
4,236.0000,4,23,914.8655,-86.3172,0.3999,3,0.0732,1.0000,8,8,8,0,0,8,8,0.0000
4,236.0000,4,24,882.6929,-86.6164,0.0321,5,0.1220,1.0000,8,8,8,0,0,8,8,0.0000
4,236.0000,4,26,269.1586,-77.0180,0.2734,24,0.5854,0.0000,4,7,5,0,0,7,5,0.2857
4,236.0000,4,29,335.0325,-80.0628,0.5789,17,0.4146,0.8571,7,7,5,0,0,7,5,0.2857
4,236.0000,4,31,591.2198,-85.1617,-0.3770,10,0.2439,0.7143,7,7,6,0,0,7,6,0.1429
4,236.0000,4,33,833.3620,-87.6395,0.2520,3,0.0732,1.0000,8,8,8,0,0,8,8,0.0000
4,236.0000,4,34,533.4407,-84.1102,0.2243,7,0.1707,1.0000,8,8,8,0,0,8,8,0.0000
4,236.0000,4,35,789.9616,-87.4016,0.3864,7,0.1707,1.0000,8,8,8,0,0,8,8,0.0000
4,236.0000,4,38,782.6787,-87.5594,-0.0672,6,0.1463,1.0000,8,8,8,0,0,8,8,0.0000
4,236.0000,4,41,774.3524,-86.3939,-0.7660,4,0.0976,0.8571,7,7,6,0,0,7,6,0.1429
4,236.0000,4,42,209.3889,-76.9209,0.9268,30,0.7317,0.2000,5,4,0,0,0,4,0,1.0000
4,236.0000,4,43,575.5165,-85.4577,-1.1535,7,0.1707,1.0000,8,7,6,0,0,7,6,0.1429
4,236.0000,4,47,770.4005,-86.9232,0.5319,5,0.1220,1.0000,4,7,6,0,0,7,6,0.1429
4,236.0000,5,2,797.3996,-87.8163,-0.3914,5,0.1250,1.0000,8,8,8,0,0,8,8,0.0000
4,236.0000,5,3,858.9922,-88.3946,1.2096,3,0.0750,1.0000,6,8,8,0,0,8,8,0.0000
4,236.0000,5,4,444.8470,-82.6760,-0.5625,20,0.5000,0.5714,7,7,6,0,0,7,6,0.1429
4,236.0000,5,6,324.1689,-80.1898,1.7801,19,0.4750,0.5714,7,6,2,0,0,6,2,0.6667
4,236.0000,5,7,767.6163,-87.0746,0.2912,5,0.1250,1.0000,8,7,6,0,0,7,6,0.1429
4,236.0000,5,8,728.0677,-86.3350,0.2941,12,0.3000,1.0000,8,7,6,0,0,7,6,0.1429
4,236.0000,5,10,931.7169,-87.6786,-0.2748,6,0.1500,0.8750,8,4,4,0,0,4,4,0.0000
4,236.0000,5,11,446.9494,-83.7608,0.4677,15,0.3750,1.0000,8,6,3,0,0,6,3,0.5000
4,236.0000,5,12,423.1690,-82.8788,0.4039,17,0.4250,0.8571,7,7,6,0,0,7,6,0.1429
4,236.0000,5,13,554.1910,-83.4271,-0.8209,19,0.4750,0.7143,7,6,4,0,0,6,4,0.3333
4,236.0000,5,14,401.6186,-82.7745,-0.0939,22,0.5500,0.5714,7,5,2,0,0,5,2,0.6000
4,236.0000,5,16,659.0278,-87.5404,0.1014,9,0.2250,0.8571,7,7,6,0,0,7,6,0.1429
4,236.0000,5,17,740.2459,-86.5160,1.4455,10,0.2500,0.8000,5,9,8,0,0,9,8,0.1111
4,236.0000,5,18,926.0282,-87.5632,-0.3698,5,0.1250,1.0000,6,8,8,0,0,8,8,0.0000
4,236.0000,5,19,1112.5824,-89.1054,-0.3203,3,0.0750,1.0000,4,4,4,0,0,4,4,0.0000
4,236.0000,5,20,488.6118,-83.8315,-0.2481,15,0.3750,0.5714,7,6,3,0,0,6,3,0.5000
4,236.0000,5,23,913.8643,-87.0501,-0.3932,3,0.0750,1.0000,4,8,7,0,0,8,7,0.1250
4,236.0000,5,24,625.9282,-85.7090,-0.3453,8,0.2000,1.0000,8,7,6,0,0,7,6,0.1429
4,236.0000,5,26,189.5382,-74.9375,0.2732,31,0.7750,0.3333,6,5,2,0,0,5,2,0.6000
4,236.0000,5,27,980.5732,-87.7591,-0.4900,4,0.1000,1.0000,4,6,6,0,0,6,6,0.0000
4,236.0000,5,29,290.6928,-77.1993,-1.1411,29,0.7250,0.2000,5,7,4,0,0,7,4,0.4286
4,236.0000,5,31,517.2157,-82.1884,-0.7495,23,0.5750,0.5000,6,8,8,0,0,8,8,0.0000
4,236.0000,5,33,739.1765,-87.1110,0.0453,9,0.2250,0.8571,7,8,7,0,0,8,7,0.1250
4,236.0000,5,34,130.8819,-72.8338,1.1078,36,0.9000,0.0000,4,4,0,0,0,4,0,1.0000
4,236.0000,5,35,775.0261,-87.5108,-0.2722,8,0.2000,0.8571,7,8,7,0,0,8,7,0.1250
4,236.0000,5,37,920.4525,-87.2024,0.0923,9,0.2250,1.0000,8,8,8,0,0,8,8,0.0000
4,236.0000,5,38,603.1112,-85.6978,0.2094,7,0.1750,0.6667,6,4,2,0,0,4,2,0.5000
4,236.0000,5,41,631.6538,-86.4192,-1.3306,8,0.2000,0.8750,8,7,4,0,0,7,4,0.4286
4,236.0000,5,42,461.0751,-82.6243,0.0145,20,0.5000,0.7143,7,6,4,0,0,6,4,0.3333
4,236.0000,5,43,557.8731,-84.2855,0.2647,8,0.2000,0.8571,7,7,6,0,0,7,6,0.1429
4,236.0000,5,45,832.9768,-88.2736,-0.1645,5,0.1250,0.7500,8,5,4,0,0,5,4,0.2000
4,236.0000,5,47,558.6725,-84.9309,0.5776,10,0.2500,1.0000,8,5,1,0,0,5,1,0.8000
4,236.0000,6,2,529.1629,-83.5961,-1.0274,19,0.4750,0.8571,7,6,4,0,0,6,4,0.3333
4,236.0000,6,3,601.7645,-85.2710,-0.3196,19,0.4750,0.8571,7,6,4,0,0,6,4,0.3333
4,236.0000,6,4,635.5632,-85.7407,0.4076,10,0.2500,0.6667,6,7,6,0,0,7,6,0.1429
4,236.0000,6,5,324.1689,-82.2366,0.8212,14,0.3500,0.8571,7,4,0,0,0,4,0,1.0000
4,236.0000,6,7,449.9972,-79.8201,-1.3816,28,0.7000,0.0000,4,7,5,0,0,7,5,0.2857
4,236.0000,6,8,696.4571,-86.7288,0.2537,8,0.2000,1.0000,8,8,8,0,0,8,8,0.0000
4,236.0000,6,10,889.3373,-87.7809,-0.4931,6,0.1500,0.6667,6,8,8,0,0,8,8,0.0000
4,236.0000,6,11,412.8333,-81.7552,0.0704,21,0.5250,0.5714,7,6,3,0,0,6,3,0.5000
4,236.0000,6,12,485.5936,-83.4289,0.5259,9,0.2250,1.0000,7,8,5,0,0,8,5,0.3750
4,236.0000,6,13,857.5493,-88.6960,-0.1390,3,0.0750,1.0000,8,8,8,0,0,8,8,0.0000
4,236.0000,6,14,484.9239,-84.6122,1.0815,14,0.3500,0.5714,7,5,2,0,0,5,2,0.6000
4,236.0000,6,16,474.1555,-82.9079,0.0643,18,0.4500,0.6667,6,7,6,0,0,7,6,0.1429
4,236.0000,6,17,729.1968,-85.9501,-0.8854,11,0.2750,0.8571,7,7,6,0,0,7,6,0.1429
4,236.0000,6,20,374.4261,-82.1136,0.6987,21,0.5250,0.7143,7,6,4,0,0,6,4,0.3333
4,236.0000,6,22,786.8669,-86.4130,-0.6042,14,0.3500,0.8571,7,7,6,0,0,7,6,0.1429
4,236.0000,6,23,673.0561,-85.6700,-0.5755,19,0.4750,0.8750,8,6,4,0,0,6,4,0.3333
4,236.0000,6,24,353.7135,-78.6071,-0.8497,27,0.6750,0.3333,6,5,1,0,0,5,1,0.8000
4,236.0000,6,26,385.9912,-83.2483,-0.3851,14,0.3500,0.7143,7,5,3,0,0,5,3,0.4000
4,236.0000,6,29,546.2997,-84.3985,1.3477,12,0.3000,0.7143,7,7,6,0,0,7,6,0.1429
4,236.0000,6,31,835.8513,-87.4038,-1.6032,6,0.1500,1.0000,2,6,6,0,0,6,6,0.0000
4,236.0000,6,33,473.9163,-82.1213,0.0152,25,0.6250,0.5000,6,6,4,0,0,6,4,0.3333
4,236.0000,6,34,369.3403,-82.6634,1.6226,14,0.3500,0.7500,8,5,2,0,0,5,2,0.6000
4,236.0000,6,35,680.7657,-86.0260,0.6766,13,0.3250,0.8571,7,8,7,0,0,8,7,0.1250
4,236.0000,6,37,861.3051,-88.1793,0.1579,8,0.2000,0.8571,7,8,8,0,0,8,8,0.0000
4,236.0000,6,38,303.8510,-78.6980,-0.1100,30,0.7500,0.4286,7,7,5,0,0,7,5,0.2857
4,236.0000,6,41,360.1325,-79.5631,-0.3859,29,0.7250,0.4286,7,6,3,0,0,6,3,0.5000
4,236.0000,6,42,716.4077,-85.0938,1.1699,9,0.2250,1.0000,4,5,2,0,0,5,2,0.6000
4,236.0000,6,43,400.2135,-80.0286,-0.3676,25,0.6250,0.5000,6,6,4,0,0,6,4,0.3333
4,236.0000,6,47,248.0853,-77.6277,-0.0696,31,0.7750,0.3333,6,5,1,0,0,5,1,0.8000
4,236.0000,7,2,255.8288,-77.8888,0.2829,29,0.7250,0.2000,5,4,0,0,0,4,0,1.0000
4,236.0000,7,3,426.8478,-82.4338,-0.1505,23,0.5750,0.8571,7,5,2,0,0,5,2,0.6000
4,236.0000,7,4,982.1101,-87.9134,-0.8106,4,0.1000,1.0000,8,8,8,0,0,8,8,0.0000
4,236.0000,7,5,767.6163,-87.3294,0.3683,4,0.1000,0.8571,7,8,8,0,0,8,8,0.0000
4,236.0000,7,6,449.9972,-80.1325,-2.1847,21,0.5250,0.8571,7,6,3,0,0,6,3,0.5000
4,236.0000,7,8,791.6752,-86.4732,-0.7237,3,0.0750,1.0000,8,8,8,0,0,8,8,0.0000
4,236.0000,7,11,709.6058,-85.1838,-0.0858,12,0.3000,0.8571,7,7,6,0,0,7,6,0.1429
4,236.0000,7,12,748.5578,-86.2424,0.1112,5,0.1250,0.8571,7,8,8,0,0,8,8,0.0000
4,236.0000,7,14,857.7909,-86.9665,-0.3181,3,0.0750,1.0000,8,8,8,0,0,8,8,0.0000
4,236.0000,7,16,530.2515,-84.3158,-0.0968,13,0.3250,0.8571,7,8,8,0,0,8,8,0.0000
4,236.0000,7,17,918.1380,-87.3328,0.6024,3,0.0750,1.0000,8,4,4,0,0,4,4,0.0000
4,236.0000,7,20,513.5248,-83.2199,-1.3000,12,0.3000,0.8750,8,8,8,0,0,8,8,0.0000
4,236.0000,7,22,465.2313,-83.8914,0.2124,24,0.6000,0.7143,7,8,6,0,0,8,6,0.2500
4,236.0000,7,23,472.4452,-82.9000,0.0745,19,0.4750,1.0000,8,8,6,0,0,8,6,0.2500
4,236.0000,7,24,256.7402,-75.8674,-0.9773,34,0.8500,0.2000,5,5,2,0,0,5,2,0.6000
4,236.0000,7,26,784.8037,-87.0878,-0.4873,5,0.1250,0.8750,8,7,6,0,0,7,6,0.1429
4,236.0000,7,29,971.7134,-87.7618,-0.6476,5,0.1250,1.0000,6,8,8,0,0,8,8,0.0000
4,236.0000,7,33,345.8269,-79.5856,-0.9300,24,0.6000,0.2000,5,7,5,0,0,7,5,0.2857
4,236.0000,7,34,797.1782,-89.1824,-0.2764,3,0.0750,0.7143,7,8,8,0,0,8,8,0.0000
4,236.0000,7,35,826.2870,-87.2369,0.2466,3,0.0750,1.0000,8,8,7,0,0,8,7,0.1250
4,236.0000,7,37,1018.1608,-86.9950,0.5270,4,0.1000,1.0000,6,6,6,0,0,6,6,0.0000
4,236.0000,7,38,202.7259,-73.0263,-0.7605,31,0.7750,0.0000,4,4,0,0,0,4,0,1.0000
4,236.0000,7,41,235.2721,-76.0428,-0.3468,26,0.6500,0.4000,5,5,1,0,0,5,1,0.8000
4,236.0000,7,43,528.7361,-82.4974,-0.5634,17,0.4250,1.0000,8,7,6,0,0,7,6,0.1429
4,236.0000,7,47,227.0745,-71.6582,-2.6395,34,0.8500,0.2000,5,7,5,0,0,7,5,0.2857
4,236.0000,8,2,702.0743,-85.6685,-0.5085,8,0.2000,1.0000,8,8,8,0,0,8,8,0.0000
4,236.0000,8,4,850.4368,-86.2689,0.3771,10,0.2500,0.8571,7,6,6,0,0,6,6,0.0000
4,236.0000,8,5,728.0677,-85.1926,-0.8981,7,0.1750,1.0000,8,8,8,0,0,8,8,0.0000
4,236.0000,8,6,696.4571,-85.9985,-0.0693,12,0.3000,0.8571,7,8,7,0,0,8,7,0.1250
4,236.0000,8,7,791.6752,-86.9565,0.1959,7,0.1750,0.8750,8,8,8,0,0,8,8,0.0000
4,236.0000,8,11,1018.4424,-88.6634,-0.5150,3,0.0750,1.0000,6,4,4,0,0,4,4,0.0000
4,236.0000,8,12,345.7911,-77.4535,-1.8444,30,0.7500,0.5714,7,8,7,0,0,8,7,0.1250
4,236.0000,8,13,863.9326,-86.8978,-0.4689,8,0.2000,1.0000,8,4,4,0,0,4,4,0.0000
4,236.0000,8,15,686.8214,-85.5615,-1.0670,17,0.4250,0.8571,7,7,6,0,0,7,6,0.1429
4,236.0000,8,16,1004.3153,-88.8369,-0.3060,4,0.1000,1.0000,6,8,8,0,0,8,8,0.0000
4,236.0000,8,17,1192.3454,-88.7786,-0.8314,5,0.1250,,0,2,2,0,0,2,2,0.0000
4,236.0000,8,19,994.6098,-89.1892,0.2932,3,0.0750,1.0000,6,6,6,0,0,6,6,0.0000
4,236.0000,8,20,400.7782,-80.0596,-1.0630,21,0.5250,0.5000,6,7,6,0,0,7,6,0.1429
4,236.0000,8,21,1052.8253,-89.0813,-2.7300,3,0.0750,,0,4,4,0,0,4,4,0.0000
4,236.0000,8,23,1004.3858,-88.3377,3.0096,3,0.0750,1.0000,8,4,4,0,0,4,4,0.0000
4,236.0000,8,24,561.9739,-85.5439,-0.7008,13,0.3250,1.0000,8,7,6,0,0,7,6,0.1429
4,236.0000,8,26,726.6184,-85.6593,-1.3794,12,0.3000,0.8571,7,8,8,0,0,8,8,0.0000
4,236.0000,8,27,831.9573,-87.5275,-0.6902,6,0.1500,1.0000,8,8,7,0,0,8,7,0.1250
4,236.0000,8,29,962.7999,-87.8404,0.5478,3,0.0750,1.0000,8,8,8,0,0,8,8,0.0000
4,236.0000,8,31,942.5104,-88.0169,0.2450,3,0.0750,1.0000,8,4,4,0,0,4,4,0.0000
4,236.0000,8,32,1060.5596,-89.1789,-0.8372,3,0.0750,,0,4,4,0,0,4,4,0.0000
4,236.0000,8,33,951.6292,-88.1493,0.4443,4,0.1000,1.0000,6,8,8,0,0,8,8,0.0000
4,236.0000,8,34,670.7749,-84.7478,-0.2600,14,0.3500,0.9000,10,8,8,0,0,8,8,0.0000
4,236.0000,8,36,1006.0076,-88.2228,-0.3671,4,0.1000,1.0000,8,6,6,0,0,6,6,0.0000
4,236.0000,8,38,729.3261,-87.2690,-0.8519,6,0.1500,0.8571,7,8,8,0,0,8,8,0.0000
4,236.0000,8,41,653.5449,-86.6167,1.4005,10,0.2500,0.6667,6,8,8,0,0,8,8,0.0000
4,236.0000,8,42,993.4873,-88.4751,0.0171,5,0.1250,1.0000,8,6,6,0,0,6,6,0.0000
4,236.0000,8,43,898.3360,-88.0378,-0.5850,7,0.1750,1.0000,8,8,8,0,0,8,8,0.0000
4,236.0000,8,45,529.7269,-85.1674,-0.4127,16,0.4000,1.0000,8,7,6,0,0,7,6,0.1429
4,236.0000,8,47,740.9666,-86.5417,0.9228,8,0.2000,1.0000,8,8,8,0,0,8,8,0.0000
4,236.0000,9,0,328.0976,-80.7602,-0.3848,32,0.8000,0.5000,6,6,2,0,0,6,2,0.6667
4,236.0000,9,1,337.0843,-80.7560,-0.6608,30,0.7500,0.0000,4,4,0,0,0,4,0,1.0000
4,236.0000,9,18,775.7928,-87.2625,-1.8133,9,0.2250,1.0000,8,6,4,0,0,6,4,0.3333
4,236.0000,9,19,563.0473,-86.1373,0.5208,13,0.3250,0.7143,7,6,3,0,0,6,3,0.5000
4,236.0000,9,21,524.9321,-83.1906,-0.0573,20,0.5000,0.5714,7,7,5,0,0,7,5,0.2857
4,236.0000,9,25,296.9726,-79.0229,0.2663,28,0.7000,0.2000,5,4,0,0,0,4,0,1.0000
4,236.0000,9,27,675.5545,-86.1653,0.0682,11,0.2750,1.0000,8,8,8,0,0,8,8,0.0000
4,236.0000,9,28,500.9686,-84.2748,1.0538,19,0.4750,0.8571,7,6,2,0,0,6,2,0.6667
4,236.0000,9,30,661.1071,-86.2652,0.0303,10,0.2500,0.8750,8,7,5,0,0,7,5,0.2857
4,236.0000,9,32,703.8128,-86.5742,-0.7485,16,0.4000,1.0000,8,8,8,0,0,8,8,0.0000
4,236.0000,9,36,513.2169,-83.7212,0.4953,19,0.4750,0.8750,8,7,5,0,0,7,5,0.2857
4,236.0000,9,39,478.6511,-83.6561,0.0268,19,0.4750,0.8571,7,5,1,0,0,5,1,0.8000
4,236.0000,9,40,161.2599,-76.4291,1.1038,34,0.8500,0.2000,5,6,1,0,0,6,1,0.8333
4,236.0000,9,44,503.0754,-83.9101,-0.3960,25,0.6250,0.2000,5,6,3,0,0,6,3,0.5000
4,236.0000,9,46,571.5152,-84.6023,0.2473,17,0.4250,0.7143,7,6,3,0,0,6,3,0.5000
4,236.0000,10,2,1049.9963,-88.3214,-0.5713,4,0.1000,1.0000,8,8,8,0,0,8,8,0.0000
4,236.0000,10,3,713.9804,-86.3846,0.4249,8,0.2000,1.0000,8,7,6,0,0,7,6,0.1429
4,236.0000,10,4,847.1322,-88.0045,-0.0864,5,0.1250,0.8000,5,4,3,0,0,4,3,0.2500
4,236.0000,10,5,931.7169,-88.5834,-0.2391,4,0.1000,1.0000,6,8,8,0,0,8,8,0.0000
4,236.0000,10,6,889.3373,-88.1910,0.1315,5,0.1250,0.8571,7,8,8,0,0,8,8,0.0000
4,236.0000,10,7,1044.7751,-87.2678,-0.8137,4,0.1000,1.0000,4,8,8,0,0,8,8,0.0000
4,236.0000,10,11,498.0246,-83.1098,-0.4795,13,0.3250,0.8571,7,8,6,0,0,8,6,0.2500
4,236.0000,10,14,586.4103,-83.7548,-0.6905,16,0.4000,1.0000,8,8,8,0,0,8,8,0.0000
4,236.0000,10,16,535.4885,-83.4159,-1.3750,14,0.3500,0.8571,7,10,9,0,0,10,9,0.1000
4,236.0000,10,17,344.4641,-79.1237,-1.1947,31,0.7750,0.4000,5,7,4,0,0,7,4,0.4286
4,236.0000,10,23,806.0846,-88.3303,0.1725,4,0.1000,1.0000,8,7,5,0,0,7,5,0.2857
4,236.0000,10,24,1145.0184,-87.9560,-0.1951,3,0.0750,1.0000,6,4,4,0,0,4,4,0.0000
4,236.0000,10,26,850.0062,-87.5813,0.4174,7,0.1750,1.0000,8,8,8,0,0,8,8,0.0000
4,236.0000,10,33,724.2568,-86.3854,-0.0619,9,0.2250,1.0000,8,8,8,0,0,8,8,0.0000
4,236.0000,10,35,239.2472,-74.2353,-1.1522,33,0.8250,0.2000,5,5,2,0,0,5,2,0.6000
4,236.0000,10,37,166.0351,-74.5947,0.7945,35,0.8750,0.4286,7,4,0,0,0,4,0,1.0000
4,236.0000,10,38,899.8227,-88.6769,-3.3456,4,0.1000,1.0000,8,8,8,0,0,8,8,0.0000
4,236.0000,10,41,961.8475,-89.1948,0.1963,4,0.1000,1.0000,6,8,8,0,0,8,8,0.0000
4,236.0000,10,42,857.2164,-87.4198,-0.2230,8,0.2000,0.8750,8,8,8,0,0,8,8,0.0000
4,236.0000,10,43,594.5933,-84.9223,-0.2242,9,0.2250,0.8571,7,8,8,0,0,8,8,0.0000
4,236.0000,10,47,884.8408,-87.0016,0.6904,4,0.1000,1.0000,10,8,8,0,0,8,8,0.0000
4,236.0000,11,2,739.3070,-86.5092,0.7220,10,0.2500,0.8750,8,8,8,0,0,8,8,0.0000
4,236.0000,11,3,575.4291,-85.9078,-0.6178,18,0.4500,0.8571,7,8,7,0,0,8,7,0.1250
4,236.0000,11,4,523.5072,-84.7302,0.1784,16,0.4000,0.6667,6,8,7,0,0,8,7,0.1250
4,236.0000,11,5,446.9494,-82.8774,1.2416,18,0.4500,0.3333,6,6,3,0,0,6,3,0.5000
4,236.0000,11,6,412.8333,-82.4238,0.0928,20,0.5000,0.8571,7,7,6,0,0,7,6,0.1429
4,236.0000,11,7,709.6058,-85.1731,-0.7953,11,0.2750,0.8750,8,7,5,0,0,7,5,0.2857
4,236.0000,11,8,1018.4424,-87.3633,-0.5790,4,0.1000,1.0000,8,6,6,0,0,6,6,0.0000
4,236.0000,11,10,498.0246,-82.5977,0.0046,27,0.6750,1.0000,8,5,2,0,0,5,2,0.6000
4,236.0000,11,12,724.3259,-87.1522,1.1018,5,0.1250,0.8750,8,8,6,0,0,8,6,0.2500
4,236.0000,11,13,940.7759,-88.6164,-0.0007,3,0.0750,1.0000,8,4,4,0,0,4,4,0.0000
4,236.0000,11,14,212.1600,-77.7138,1.5014,33,0.8250,0.5714,7,5,1,0,0,5,1,0.8000
4,236.0000,11,16,323.4952,-78.9202,-0.3076,26,0.6500,0.5000,6,7,6,0,0,7,6,0.1429
4,236.0000,11,17,378.6566,-81.0437,-0.0664,32,0.8000,0.2000,5,8,7,0,0,8,7,0.1250
4,236.0000,11,20,644.3259,-85.7358,-0.3145,7,0.1750,1.0000,8,7,5,0,0,7,5,0.2857
4,236.0000,11,22,860.0125,-87.4566,-0.1393,11,0.2750,1.0000,6,8,8,0,0,8,8,0.0000
4,236.0000,11,23,670.0703,-86.1557,-1.1787,13,0.3250,0.6667,6,8,8,0,0,8,8,0.0000
4,236.0000,11,24,723.0071,-85.6982,-1.5964,17,0.4250,0.8750,8,7,6,0,0,7,6,0.1429
4,236.0000,11,26,399.5648,-82.1677,0.0282,18,0.4500,0.6667,6,6,4,0,0,6,4,0.3333
4,236.0000,11,29,407.5037,-83.0653,-0.0611,17,0.4250,0.6667,6,7,5,0,0,7,5,0.2857
4,236.0000,11,31,877.3708,-88.2384,0.0074,7,0.1750,1.0000,8,4,4,0,0,4,4,0.0000
4,236.0000,11,33,494.4752,-85.2522,0.2642,17,0.4250,0.5714,7,7,5,0,0,7,5,0.2857
4,236.0000,11,34,571.3635,-85.1087,0.0746,13,0.3250,0.7500,8,7,5,0,0,7,5,0.2857
4,236.0000,11,35,330.1260,-80.4687,0.3038,31,0.7750,0.7500,8,5,1,0,0,5,1,0.8000
4,236.0000,11,37,488.6792,-82.4273,-0.8093,27,0.6750,0.8571,7,8,6,0,0,8,6,0.2500
4,236.0000,11,38,531.8456,-84.1142,-0.9231,16,0.4000,0.7143,7,7,5,0,0,7,5,0.2857
4,236.0000,11,41,596.8582,-84.8204,-0.7715,15,0.3750,1.0000,8,7,6,0,0,7,6,0.1429
4,236.0000,11,42,557.8726,-85.0449,-0.8847,12,0.3000,0.8571,7,7,5,0,0,7,5,0.2857
4,236.0000,11,43,285.9448,-78.4666,0.0341,28,0.7000,0.5714,7,5,1,0,0,5,1,0.8000
4,236.0000,11,47,496.4965,-83.2807,-0.2573,17,0.4250,0.4000,5,5,1,0,0,5,1,0.8000
4,236.0000,12,2,672.0375,-86.7971,0.5201,10,0.2439,0.8750,8,8,8,0,0,8,8,0.0000
4,236.0000,12,3,908.3709,-88.5560,-0.9749,5,0.1220,1.0000,4,6,6,0,0,6,6,0.0000
4,236.0000,12,4,515.2331,-83.6557,0.1162,16,0.3902,1.0000,6,6,3,0,0,6,3,0.5000
4,236.0000,12,5,423.1690,-84.3287,-0.0308,14,0.3415,0.8571,7,6,3,0,0,6,3,0.5000
4,236.0000,12,6,485.5936,-84.5288,0.5332,15,0.3659,1.0000,8,6,3,0,0,6,3,0.5000
4,236.0000,12,7,748.5578,-87.1459,0.2790,5,0.1220,0.8571,7,8,7,0,0,8,7,0.1250
4,236.0000,12,8,345.7911,-77.7287,-1.0168,36,0.8780,0.5000,6,6,2,0,0,6,2,0.6667
4,236.0000,12,11,724.3259,-87.2123,-0.2874,7,0.1707,1.0000,8,8,8,0,0,8,8,0.0000
4,236.0000,12,13,622.5753,-84.3115,0.0350,15,0.3659,0.6667,6,8,8,0,0,8,8,0.0000
4,236.0000,12,14,772.9951,-87.5030,0.1548,5,0.1220,1.0000,8,8,7,0,0,8,7,0.1250
4,236.0000,12,15,823.9561,-86.6052,0.4021,8,0.1951,1.0000,8,6,5,0,0,6,5,0.1667
4,236.0000,12,16,781.1883,-87.4260,0.2063,7,0.1707,1.0000,8,8,8,0,0,8,8,0.0000
4,236.0000,12,17,899.5927,-88.5759,-0.1364,4,0.0976,1.0000,8,5,4,0,0,5,4,0.2000
4,236.0000,12,19,995.7922,-87.5652,2.5334,3,0.0732,1.0000,6,6,6,0,0,6,6,0.0000
4,236.0000,12,20,255.2388,-79.2656,0.8866,26,0.6341,0.6667,6,5,1,0,0,5,1,0.8000
4,236.0000,12,22,975.1010,-87.3378,-0.8549,5,0.1220,1.0000,6,6,6,0,0,6,6,0.0000
4,236.0000,12,23,885.3973,-87.7008,-1.3927,6,0.1463,1.0000,8,8,8,0,0,8,8,0.0000
4,236.0000,12,24,545.0665,-84.5042,0.0154,17,0.4146,1.0000,8,7,5,0,0,7,5,0.2857
4,236.0000,12,26,388.2488,-83.9929,-0.0766,19,0.4634,0.7143,7,7,6,0,0,7,6,0.1429
4,236.0000,12,27,819.7621,-87.7147,0.5243,8,0.1951,1.0000,6,5,4,0,0,5,4,0.2000
4,236.0000,12,29,623.8702,-85.2513,0.9281,10,0.2439,0.7143,7,8,7,0,0,8,7,0.1250
4,236.0000,12,31,672.7441,-85.9257,0.2299,13,0.3171,1.0000,8,8,7,0,0,8,7,0.1250
4,236.0000,12,33,797.0133,-87.9749,0.2446,6,0.1463,0.8000,5,8,8,0,0,8,8,0.0000
4,236.0000,12,34,399.1640,-81.7965,-0.4587,17,0.4146,0.7500,8,7,6,0,0,7,6,0.1429
4,236.0000,12,35,1028.7098,-89.4168,-0.2406,4,0.0976,1.0000,8,6,6,0,0,6,6,0.0000
4,236.0000,12,36,1054.2037,-89.1184,0.2814,4,0.0976,1.0000,4,6,6,0,0,6,6,0.0000
4,236.0000,12,38,608.0585,-86.4139,1.2517,10,0.2439,0.7143,7,8,7,0,0,8,7,0.1250
4,236.0000,12,41,559.9836,-84.3783,-0.9232,13,0.3171,0.5000,6,7,6,0,0,7,6,0.1429
4,236.0000,12,42,650.7409,-86.0650,0.5929,11,0.2683,0.8750,8,8,7,0,0,8,7,0.1250
4,236.0000,12,43,659.8488,-85.2608,-0.9401,11,0.2683,1.0000,8,7,6,0,0,7,6,0.1429
4,236.0000,12,45,551.5546,-83.9405,-0.5973,14,0.3415,0.5000,6,8,7,0,0,8,7,0.1250
4,236.0000,12,47,603.6181,-85.9248,-0.0016,10,0.2439,1.0000,8,7,6,0,0,7,6,0.1429
4,236.0000,13,0,988.6422,-87.7844,0.1520,4,0.1000,1.0000,4,6,6,0,0,6,6,0.0000
4,236.0000,13,1,806.3261,-87.5083,0.0158,8,0.2000,1.0000,4,6,5,0,0,6,5,0.1667
4,236.0000,13,4,615.1417,-85.0434,0.3834,9,0.2250,0.8571,7,7,6,0,0,7,6,0.1429
4,236.0000,13,5,554.1910,-82.5009,0.0210,12,0.3000,1.0000,8,7,6,0,0,7,6,0.1429
4,236.0000,13,8,863.9326,-86.2306,0.6509,5,0.1250,1.0000,8,6,6,0,0,6,6,0.0000
4,236.0000,13,11,940.7759,-87.2396,0.6142,5,0.1250,1.0000,6,6,6,0,0,6,6,0.0000
4,236.0000,13,12,622.5753,-83.9055,-0.6186,14,0.3500,1.0000,8,8,8,0,0,8,8,0.0000
4,236.0000,13,14,841.6772,-88.0070,0.7544,6,0.1500,1.0000,8,8,8,0,0,8,8,0.0000
4,236.0000,13,15,841.9270,-87.1370,-0.1737,7,0.1750,0.8750,8,8,8,0,0,8,8,0.0000
4,236.0000,13,18,423.8600,-84.0361,0.7807,24,0.6000,0.6667,6,8,6,0,0,8,6,0.2500
4,236.0000,13,19,697.5018,-86.3880,-0.1653,8,0.2000,1.0000,6,8,8,0,0,8,8,0.0000
4,236.0000,13,20,851.3520,-87.3170,-1.0448,4,0.1000,1.0000,8,7,6,0,0,7,6,0.1429
4,236.0000,13,25,805.6759,-87.7709,-0.4463,9,0.2250,0.6667,3,4,4,0,0,4,4,0.0000
4,236.0000,13,26,583.6646,-83.6079,-0.2897,12,0.3000,0.8750,8,8,8,0,0,8,8,0.0000
4,236.0000,13,27,575.8043,-84.1301,0.2180,14,0.3500,1.0000,8,8,8,0,0,8,8,0.0000
4,236.0000,13,28,999.1720,-87.4170,0.5633,3,0.0750,1.0000,8,4,4,0,0,4,4,0.0000
4,236.0000,13,29,570.3797,-84.4771,-0.6365,12,0.3000,0.8750,8,8,8,0,0,8,8,0.0000
4,236.0000,13,31,130.1355,-70.8052,0.1681,37,0.9250,0.2000,5,4,0,0,0,4,0,1.0000
4,236.0000,13,32,1081.0512,-87.9555,0.3400,7,0.1750,1.0000,6,2,2,0,0,2,2,0.0000
4,236.0000,13,34,502.5597,-82.3414,0.1304,16,0.4000,1.0000,8,8,8,0,0,8,8,0.0000
4,236.0000,13,36,828.7825,-86.5131,-0.1143,7,0.1750,1.0000,8,8,8,0,0,8,8,0.0000
4,236.0000,13,39,994.8223,-88.0622,-0.0312,4,0.1000,1.0000,6,6,6,0,0,6,6,0.0000
4,236.0000,13,40,967.8983,-88.4381,-1.8121,3,0.0750,1.0000,4,4,4,0,0,4,4,0.0000
4,236.0000,13,42,547.0938,-85.1113,0.2491,10,0.2500,0.8889,9,7,6,0,0,7,6,0.1429
4,236.0000,13,43,1054.7307,-87.4917,0.9647,3,0.0750,1.0000,6,8,8,0,0,8,8,0.0000
4,236.0000,13,45,586.1171,-84.2080,-0.8672,10,0.2500,1.0000,8,8,8,0,0,8,8,0.0000
4,236.0000,13,46,679.6786,-85.3892,0.1902,15,0.3750,1.0000,8,8,8,0,0,8,8,0.0000
4,236.0000,14,2,913.3088,-88.7674,0.6253,4,0.1000,1.0000,6,8,8,0,0,8,8,0.0000
4,236.0000,14,3,777.4080,-88.2990,0.4079,6,0.1500,1.0000,6,8,7,0,0,8,7,0.1250
4,236.0000,14,4,539.7822,-84.2340,-0.6211,13,0.3250,0.8750,8,8,7,0,0,8,7,0.1250
4,236.0000,14,5,401.6186,-82.3457,0.9311,14,0.3500,0.6667,6,8,4,0,0,8,4,0.5000
4,236.0000,14,6,484.9239,-84.2384,-0.1824,13,0.3250,0.7143,7,6,3,0,0,6,3,0.5000
4,236.0000,14,7,857.7909,-87.9358,-0.9195,9,0.2250,1.0000,6,6,5,0,0,6,5,0.1667
4,236.0000,14,8,1085.8369,-89.6076,-0.1511,3,0.0750,1.0000,2,4,4,0,0,4,4,0.0000
4,236.0000,14,10,586.4103,-84.8125,-0.8712,17,0.4250,0.8750,8,6,4,0,0,6,4,0.3333
4,236.0000,14,11,212.1600,-77.0505,0.4644,29,0.7250,0.0000,7,6,4,0,0,6,4,0.3333
4,236.0000,14,12,772.9951,-87.9585,0.7238,4,0.1000,1.0000,8,7,6,0,0,7,6,0.1429
4,236.0000,14,13,841.6772,-89.0901,0.4478,4,0.1000,1.0000,8,4,4,0,0,4,4,0.0000
4,236.0000,14,16,533.4184,-84.1551,0.8803,12,0.3000,1.0000,8,8,5,0,0,8,5,0.3750
4,236.0000,14,17,517.1259,-84.2166,0.6872,13,0.3250,0.7143,7,8,6,0,0,8,6,0.2500
4,236.0000,14,20,753.2847,-87.1046,-0.0750,4,0.1000,0.8571,7,8,8,0,0,8,8,0.0000
4,236.0000,14,22,1063.0419,-88.4104,-0.0596,4,0.1000,1.0000,8,8,8,0,0,8,8,0.0000
4,236.0000,14,23,878.9169,-88.7662,-0.3651,6,0.1500,1.0000,8,8,8,0,0,8,8,0.0000
4,236.0000,14,24,833.0688,-87.3865,-0.7605,5,0.1250,1.0000,8,8,7,0,0,8,7,0.1250
4,236.0000,14,26,407.2397,-82.5805,0.1629,14,0.3500,0.6667,6,8,7,0,0,8,7,0.1250
4,236.0000,14,29,294.4492,-80.6671,0.6321,22,0.5500,0.8750,8,5,2,0,0,5,2,0.6000
4,236.0000,14,31,756.5161,-85.8691,-0.2253,5,0.1250,0.8750,8,8,8,0,0,8,8,0.0000
4,236.0000,14,33,689.9133,-87.1400,-0.7516,10,0.2500,0.7143,7,7,5,0,0,7,5,0.2857
4,236.0000,14,34,518.5721,-85.4304,0.4790,9,0.2250,0.8750,8,8,7,0,0,8,7,0.1250
4,236.0000,14,35,454.7976,-83.0678,-0.0104,20,0.5000,0.6667,6,7,6,0,0,7,6,0.1429
4,236.0000,14,37,551.0764,-82.7909,-0.5205,18,0.4500,0.8750,8,7,6,0,0,7,6,0.1429
4,236.0000,14,38,688.7434,-87.0790,0.3659,10,0.2500,0.7143,7,7,4,0,0,7,4,0.4286
4,236.0000,14,41,756.7578,-87.1363,0.8503,8,0.2000,1.0000,8,6,4,0,0,6,4,0.3333
4,236.0000,14,42,494.7494,-83.0033,0.0439,18,0.4500,0.7143,7,6,4,0,0,6,4,0.3333
4,236.0000,14,43,491.1096,-84.1616,1.9369,11,0.2750,1.0000,8,6,4,0,0,6,4,0.3333
4,236.0000,14,47,641.0247,-86.4330,1.0420,10,0.2500,1.0000,8,7,6,0,0,7,6,0.1429
4,236.0000,15,8,686.8214,-85.6602,-0.2399,6,0.1500,1.0000,8,5,4,0,0,5,4,0.2000
4,236.0000,15,12,823.9561,-88.3278,-0.3651,3,0.0750,1.0000,6,8,8,0,0,8,8,0.0000
4,236.0000,15,13,841.9270,-87.3788,0.9088,3,0.0750,1.0000,8,6,6,0,0,6,6,0.0000
4,236.0000,15,18,815.8407,-86.5689,-0.4321,5,0.1250,1.0000,8,8,8,0,0,8,8,0.0000
4,236.0000,15,19,457.3448,-82.5359,-0.1735,23,0.5750,0.6667,6,7,5,0,0,7,5,0.2857
4,236.0000,15,21,593.1749,-85.1830,0.4903,13,0.3250,0.6667,6,5,1,0,0,5,1,0.8000
4,236.0000,15,25,807.1862,-87.0865,0.9971,4,0.1000,1.0000,6,9,8,0,0,9,8,0.1111
4,236.0000,15,27,434.2097,-83.4581,0.6654,17,0.4250,0.6667,6,4,0,0,0,4,0,1.0000
4,236.0000,15,28,515.4970,-83.9545,-0.6644,15,0.3750,0.8571,7,6,3,0,0,6,3,0.5000
4,236.0000,15,30,612.9251,-85.6227,0.0911,14,0.3500,1.0000,8,8,6,0,0,8,6,0.2500
4,236.0000,15,31,948.2691,-87.5023,-0.8115,4,0.1000,1.0000,8,8,8,0,0,8,8,0.0000
4,236.0000,15,32,413.8183,-83.6682,0.6569,24,0.6000,0.0000,4,5,1,0,0,5,1,0.8000
4,236.0000,15,36,460.8985,-83.2557,0.1356,19,0.4750,0.5714,7,5,2,0,0,5,2,0.6000
4,236.0000,15,39,547.1915,-84.5449,-0.1718,16,0.4000,0.8750,8,8,8,0,0,8,8,0.0000
4,236.0000,15,44,725.7825,-86.7466,0.3215,9,0.2250,0.8571,7,8,6,0,0,8,6,0.2500
4,236.0000,15,45,459.7872,-82.1287,-0.1630,18,0.4500,0.6667,6,8,7,0,0,8,7,0.1250
4,236.0000,15,46,996.4966,-87.7440,0.8965,4,0.1000,1.0000,10,8,8,0,0,8,8,0.0000
4,236.0000,16,2,517.1429,-84.1354,1.0853,18,0.4615,0.8571,7,7,5,0,0,7,5,0.2857
4,236.0000,16,3,263.5280,-79.5987,1.6490,32,0.8205,0.8571,7,5,1,0,0,5,1,0.8000
4,236.0000,16,4,688.2430,-85.8891,0.0453,11,0.2821,0.6667,6,8,8,0,0,8,8,0.0000
4,236.0000,16,5,659.0278,-85.9922,0.7246,11,0.2821,1.0000,8,8,8,0,0,8,8,0.0000
4,236.0000,16,6,474.1555,-83.7835,1.1037,19,0.4872,0.5000,6,5,2,0,0,5,2,0.6000
4,236.0000,16,7,530.2515,-84.0415,0.0187,21,0.5385,1.0000,8,6,4,0,0,6,4,0.3333
4,236.0000,16,8,1004.3153,-88.4027,0.1327,4,0.1026,1.0000,6,2,2,0,0,2,2,0.0000
4,236.0000,16,10,535.4885,-83.0802,-0.3629,24,0.6154,0.3333,6,7,5,0,0,7,5,0.2857
4,236.0000,16,11,323.4952,-79.0129,-0.4726,29,0.7436,0.4000,5,6,3,0,0,6,3,0.5000
4,236.0000,16,12,781.1883,-87.9020,0.2147,6,0.1538,1.0000,8,8,8,0,0,8,8,0.0000
4,236.0000,16,14,533.4184,-85.1263,1.0181,20,0.5128,0.6667,6,4,2,0,0,4,2,0.5000
4,236.0000,16,17,402.3436,-81.1868,-1.4149,30,0.7692,0.5000,6,5,2,0,0,5,2,0.6000
4,236.0000,16,20,604.3548,-87.1156,0.6804,12,0.3077,0.8750,8,5,2,0,0,5,2,0.6000
4,236.0000,16,22,551.0835,-85.1076,0.0723,18,0.4615,0.5000,6,5,2,0,0,5,2,0.6000
4,236.0000,16,23,354.1037,-81.4466,-0.0370,26,0.6667,0.5714,7,5,2,0,0,5,2,0.6000
4,236.0000,16,24,634.8300,-86.0563,-0.0572,14,0.3590,0.6667,6,7,6,0,0,7,6,0.1429
4,236.0000,16,26,587.2959,-85.5473,0.1758,16,0.4103,0.6667,6,6,4,0,0,6,4,0.3333
4,236.0000,16,29,694.7399,-88.1333,0.1373,8,0.2051,0.8571,7,8,7,0,0,8,7,0.1250
4,236.0000,16,33,214.1779,-79.0382,1.8182,26,0.6667,0.5000,6,5,1,0,0,5,1,0.8000
4,236.0000,16,34,765.2487,-87.9796,-0.4090,9,0.2308,0.8571,7,8,8,0,0,8,8,0.0000
4,236.0000,16,35,354.4350,-80.9045,0.2099,29,0.7436,0.8571,7,6,3,0,0,6,3,0.5000
4,236.0000,16,37,553.1838,-82.3251,-0.6302,30,0.7692,0.5000,6,9,8,0,0,9,8,0.1111
4,236.0000,16,38,376.6130,-81.9664,-0.0558,20,0.5128,0.8571,7,7,6,0,0,7,6,0.1429
4,236.0000,16,41,430.6558,-83.8552,-0.5112,19,0.4872,0.7143,7,7,5,0,0,7,5,0.2857
4,236.0000,16,42,798.1148,-87.5447,-0.2225,11,0.2821,0.5000,4,5,4,0,0,5,4,0.2000
4,236.0000,16,43,127.3365,-76.0053,2.5748,33,0.8462,0.2000,5,4,0,0,0,4,0,1.0000
4,236.0000,16,47,378.6273,-81.7837,0.4172,22,0.5641,0.8571,7,8,8,0,0,8,8,0.0000
4,236.0000,17,2,857.7095,-87.7163,0.2198,6,0.1500,0.8889,9,8,8,0,0,8,8,0.0000
4,236.0000,17,3,626.8835,-85.6709,0.6826,14,0.3500,0.8571,7,8,7,0,0,8,7,0.1250
4,236.0000,17,4,553.4044,-84.6384,-0.3790,13,0.3250,0.7143,7,8,8,0,0,8,8,0.0000
4,236.0000,17,5,740.2459,-87.8608,-0.0169,4,0.1000,0.8571,7,8,8,0,0,8,8,0.0000
4,236.0000,17,6,729.1968,-86.6375,-0.0816,12,0.3000,1.0000,8,7,6,0,0,7,6,0.1429
4,236.0000,17,7,918.1380,-88.0974,-1.0247,4,0.1000,1.0000,8,3,2,0,0,3,2,0.3333
4,236.0000,17,10,344.4641,-79.7480,-0.0584,32,0.8000,0.5000,6,6,3,0,0,6,3,0.5000
4,236.0000,17,11,378.6566,-81.2552,0.1310,23,0.5750,0.0000,3,5,1,0,0,5,1,0.8000
4,236.0000,17,12,899.5927,-87.0516,0.0600,7,0.1750,1.0000,4,8,7,0,0,8,7,0.1250
4,236.0000,17,14,517.1259,-83.5121,-0.6287,17,0.4250,0.8571,7,7,6,0,0,7,6,0.1429
4,236.0000,17,16,402.3436,-80.7959,-0.5413,24,0.6000,0.6667,6,6,4,0,0,6,4,0.3333
4,236.0000,17,20,814.4558,-87.3100,0.5943,7,0.1750,1.0000,8,8,7,0,0,8,7,0.1250
4,236.0000,17,22,871.4761,-87.5634,-1.0282,8,0.2000,1.0000,8,7,6,0,0,7,6,0.1429
4,236.0000,17,23,659.6285,-84.7117,-0.7450,14,0.3500,0.7143,7,8,8,0,0,8,8,0.0000
4,236.0000,17,24,968.9050,-87.6966,0.0285,4,0.1000,1.0000,8,8,8,0,0,8,8,0.0000
4,236.0000,17,26,606.4362,-86.5083,0.0753,10,0.2500,1.0000,8,8,8,0,0,8,8,0.0000
4,236.0000,17,29,613.0137,-85.4016,-0.9638,11,0.2750,0.8571,7,7,6,0,0,7,6,0.1429
4,236.0000,17,31,1072.1204,-87.9218,-0.4730,3,0.0750,1.0000,8,6,6,0,0,6,6,0.0000
4,236.0000,17,33,610.4140,-84.9264,-0.5407,13,0.3250,0.8750,8,7,6,0,0,7,6,0.1429
4,236.0000,17,34,868.6478,-88.0778,0.9091,8,0.2000,1.0000,8,8,8,0,0,8,8,0.0000
4,236.0000,17,35,362.7416,-81.3988,-0.4349,29,0.7250,0.8571,7,7,5,0,0,7,5,0.2857
4,236.0000,17,37,462.7099,-82.6896,0.0961,26,0.6500,0.8571,7,7,6,0,0,7,6,0.1429
4,236.0000,17,38,738.3806,-87.6107,-0.0397,9,0.2250,1.0000,8,8,7,0,0,8,7,0.1250
4,236.0000,17,41,767.9462,-86.5403,-0.0935,12,0.3000,0.8571,7,8,7,0,0,8,7,0.1250
4,236.0000,17,42,622.2684,-86.7615,-0.9133,11,0.2750,1.0000,8,8,7,0,0,8,7,0.1250
4,236.0000,17,43,394.4443,-81.6441,0.2060,19,0.4750,0.7143,7,6,3,0,0,6,3,0.5000
4,236.0000,17,47,735.5237,-85.6317,-0.3228,12,0.3000,0.8571,7,8,8,0,0,8,8,0.0000
4,236.0000,18,0,678.1666,-85.6109,-0.4692,18,0.4500,1.0000,8,8,8,0,0,8,8,0.0000
4,236.0000,18,1,452.0040,-82.4242,0.2684,25,0.6250,0.5000,8,7,5,0,0,7,5,0.2857
4,236.0000,18,5,926.0282,-88.3802,-0.5557,4,0.1000,1.0000,8,4,4,0,0,4,4,0.0000
4,236.0000,18,9,775.7928,-86.6899,-0.0137,10,0.2500,0.8750,8,10,10,0,0,10,10,0.0000
4,236.0000,18,13,423.8600,-82.7460,0.4861,11,0.2750,0.7143,7,6,2,0,0,6,2,0.6667
4,236.0000,18,15,815.8407,-86.2214,0.7541,6,0.1500,0.8750,8,8,7,0,0,8,7,0.1250
4,236.0000,18,19,478.1478,-83.5881,0.5693,18,0.4500,1.0000,8,7,5,0,0,7,5,0.2857
4,236.0000,18,21,822.2463,-86.5252,-0.2577,9,0.2250,1.0000,6,8,8,0,0,8,8,0.0000
4,236.0000,18,25,481.0027,-83.4864,-0.1479,22,0.5500,0.6667,6,7,6,0,0,7,6,0.1429
4,236.0000,18,27,491.7218,-83.0323,-0.0484,17,0.4250,0.4000,5,8,7,0,0,8,7,0.1250
4,236.0000,18,28,770.0611,-85.9918,0.2981,11,0.2750,1.0000,8,6,6,0,0,6,6,0.0000
4,236.0000,18,31,472.1770,-83.5168,0.7415,11,0.2750,0.7143,7,4,0,0,0,4,0,1.0000
4,236.0000,18,34,844.4547,-87.5386,-0.4092,4,0.1000,1.0000,8,8,8,0,0,8,8,0.0000
4,236.0000,18,36,647.9628,-85.6818,-0.2318,11,0.2750,1.0000,8,8,7,0,0,8,7,0.1250
4,236.0000,18,39,737.6092,-86.5556,0.4644,8,0.2000,0.8571,7,7,5,0,0,7,5,0.2857
4,236.0000,18,40,664.4308,-85.2786,-0.4657,16,0.4000,0.6667,6,8,7,0,0,8,7,0.1250
4,236.0000,18,42,946.9582,-87.6666,0.8955,3,0.0750,1.0000,4,8,8,0,0,8,8,0.0000
4,236.0000,18,45,726.1567,-87.1559,-0.5390,4,0.1000,0.8750,8,8,8,0,0,8,8,0.0000
4,236.0000,18,46,323.4764,-76.7933,-1.6715,36,0.9000,0.0000,4,5,2,0,0,5,2,0.6000
4,236.0000,19,0,682.0009,-86.2475,-0.3232,10,0.2500,1.0000,8,6,3,0,0,6,3,0.5000
4,236.0000,19,1,430.5163,-83.5902,0.4740,27,0.6750,0.6667,6,5,2,0,0,5,2,0.6000
4,236.0000,19,9,563.0473,-84.7730,0.5282,19,0.4750,0.7143,7,6,2,0,0,6,2,0.6667
4,236.0000,19,12,995.7922,-88.5886,-0.0309,3,0.0750,1.0000,4,10,10,0,0,10,10,0.0000
4,236.0000,19,13,697.5018,-86.9262,-0.2775,7,0.1750,0.8571,7,7,6,0,0,7,6,0.1429
4,236.0000,19,15,457.3448,-81.6656,-0.0873,24,0.6000,0.2000,5,8,6,0,0,8,6,0.2500
4,236.0000,19,18,478.1478,-83.5084,-0.3813,23,0.5750,0.7143,7,6,4,0,0,6,4,0.3333
4,236.0000,19,21,420.0719,-82.1363,0.4217,31,0.7750,0.2000,5,4,0,0,0,4,0,1.0000
4,236.0000,19,25,355.4844,-82.9120,1.3333,28,0.7000,0.4000,5,5,1,0,0,5,1,0.8000
4,236.0000,19,27,212.6864,-75.7460,-0.0636,36,0.9000,0.2000,5,5,1,0,0,5,1,0.8000
4,236.0000,19,28,309.2276,-78.0106,-1.1820,34,0.8500,0.2000,5,6,2,0,0,6,2,0.6667
4,236.0000,19,30,578.6782,-84.5063,-0.5133,24,0.6000,0.6667,6,5,2,0,0,5,2,0.6000
4,236.0000,19,31,803.7716,-87.2745,-0.3268,6,0.1500,1.0000,8,8,8,0,0,8,8,0.0000
4,236.0000,19,32,433.5676,-80.9198,-1.0366,34,0.8500,0.7143,7,6,4,0,0,6,4,0.3333
4,236.0000,19,36,195.4444,-75.9866,0.3381,35,0.8750,0.0000,4,4,0,0,0,4,0,1.0000
4,236.0000,19,39,297.4852,-77.5030,-0.7983,35,0.8750,0.0000,4,6,3,0,0,6,3,0.5000
4,236.0000,19,40,531.2044,-84.7367,-0.1524,19,0.4750,0.7143,7,7,4,0,0,7,4,0.4286
4,236.0000,19,44,566.0589,-84.9974,-0.3471,25,0.6250,0.8750,8,6,4,0,0,6,4,0.3333
4,236.0000,19,45,539.1020,-83.7009,-0.2437,18,0.4500,0.6667,6,8,7,0,0,8,7,0.1250
4,236.0000,19,46,562.6505,-83.9079,0.4351,21,0.5250,0.7143,7,7,4,0,0,7,4,0.4286
4,236.0000,20,2,417.0552,-83.3428,0.8987,19,0.4750,0.3333,6,5,1,0,0,5,1,0.8000
4,236.0000,20,3,681.2234,-86.8036,-0.0254,10,0.2500,0.7143,7,8,7,0,0,8,7,0.1250
4,236.0000,20,4,599.6598,-84.7395,-0.8662,6,0.1500,0.8750,8,9,8,0,0,9,8,0.1111
4,236.0000,20,5,488.6118,-84.0165,0.6690,9,0.2250,0.8571,7,7,5,0,0,7,5,0.2857
4,236.0000,20,6,374.4261,-81.4451,0.5717,15,0.3750,0.8750,8,7,5,0,0,7,5,0.2857
4,236.0000,20,7,513.5248,-83.6765,-0.4668,20,0.5000,0.7500,8,8,7,0,0,8,7,0.1250
4,236.0000,20,8,400.7782,-80.0305,-0.7369,29,0.7250,0.7500,8,6,6,0,0,6,6,0.0000
4,236.0000,20,10,1075.0915,-88.1900,1.8708,5,0.1250,1.0000,4,6,6,0,0,6,6,0.0000
4,236.0000,20,11,644.3259,-85.6629,0.3860,7,0.1750,0.8750,8,7,6,0,0,7,6,0.1429
4,236.0000,20,12,255.2388,-77.8697,0.3579,28,0.7000,0.2000,5,5,2,0,0,5,2,0.6000
4,236.0000,20,13,851.3520,-89.0847,0.4979,3,0.0750,0.7143,7,6,6,0,0,6,6,0.0000
4,236.0000,20,14,753.2847,-87.3413,1.1780,3,0.0750,1.0000,8,8,7,0,0,8,7,0.1250
4,236.0000,20,15,1002.8648,-87.8366,0.6883,5,0.1250,1.0000,4,6,6,0,0,6,6,0.0000
4,236.0000,20,16,604.3548,-84.9268,1.6679,8,0.2000,1.0000,8,5,2,0,0,5,2,0.6000
4,236.0000,20,17,814.4558,-86.8829,-0.7672,3,0.0750,0.8333,6,7,6,0,0,7,6,0.1429
4,236.0000,20,22,725.4113,-85.6412,-0.5956,11,0.2750,0.8571,7,8,8,0,0,8,8,0.0000
4,236.0000,20,23,651.5678,-85.2186,0.2562,12,0.3000,0.8571,7,8,8,0,0,8,8,0.0000
4,236.0000,20,24,347.0383,-80.4475,-0.4841,23,0.5750,0.0000,4,8,6,0,0,8,6,0.2500
4,236.0000,20,26,446.1538,-83.8990,1.0550,10,0.2500,1.0000,8,7,6,0,0,7,6,0.1429
4,236.0000,20,29,698.2140,-85.8914,0.7872,6,0.1500,1.0000,8,7,6,0,0,7,6,0.1429
4,236.0000,20,31,879.8838,-87.2764,0.2500,6,0.1500,0.8571,7,8,8,0,0,8,8,0.0000
4,236.0000,20,33,574.0092,-86.0505,0.1940,9,0.2250,0.8750,8,8,8,0,0,8,8,0.0000
4,236.0000,20,34,501.7498,-84.7594,1.6787,10,0.2500,0.8750,8,6,4,0,0,6,4,0.3333
4,236.0000,20,38,378.3781,-81.1452,-0.6861,16,0.4000,0.7143,7,5,2,0,0,5,2,0.6000
4,236.0000,20,41,311.9407,-78.2841,-0.1756,24,0.6000,0.8750,8,6,4,0,0,6,4,0.3333
4,236.0000,20,42,760.4375,-86.2045,0.4349,7,0.1750,0.8750,8,7,7,0,0,7,7,0.0000
4,236.0000,20,43,497.7807,-83.6701,-0.7240,15,0.3750,0.8571,7,7,6,0,0,7,6,0.1429
4,236.0000,20,45,782.9997,-86.5479,0.4780,9,0.2250,1.0000,8,7,6,0,0,7,6,0.1429
4,236.0000,20,47,391.5496,-81.9971,1.2480,19,0.4750,0.6667,6,6,2,0,0,6,2,0.6667
4,236.0000,21,0,719.7039,-86.3587,-0.2755,14,0.3500,0.8571,7,8,7,0,0,8,7,0.1250
4,236.0000,21,1,610.6956,-85.6994,0.4165,15,0.3750,0.6667,6,8,7,0,0,8,7,0.1250
4,236.0000,21,9,524.9321,-84.8749,-0.1324,24,0.6000,0.0000,4,8,6,0,0,8,6,0.2500
4,236.0000,21,15,593.1749,-85.2799,0.6980,11,0.2750,0.8750,8,6,4,0,0,6,4,0.3333
4,236.0000,21,18,822.2463,-86.6261,1.4127,3,0.0750,0.8571,7,6,4,0,0,6,4,0.3333
4,236.0000,21,19,420.0719,-82.3750,-0.1628,24,0.6000,0.2000,5,6,4,0,0,6,4,0.3333
4,236.0000,21,25,508.2893,-83.7775,0.0830,23,0.5750,0.0000,4,8,7,0,0,8,7,0.1250
4,236.0000,21,27,406.6412,-82.3322,0.3012,24,0.6000,0.4000,5,5,2,0,0,5,2,0.6000
4,236.0000,21,28,325.2525,-80.4714,0.0850,28,0.7000,0.3333,6,5,2,0,0,5,2,0.6000
4,236.0000,21,30,362.7866,-80.5896,-0.0028,34,0.8500,0.0000,4,7,4,0,0,7,4,0.4286
4,236.0000,21,32,406.8009,-80.7303,0.0612,32,0.8000,0.2000,5,5,2,0,0,5,2,0.6000
4,236.0000,21,36,233.4452,-76.7394,0.4221,34,0.8500,0.2000,5,5,2,0,0,5,2,0.6000
4,236.0000,21,39,387.5381,-81.6768,0.3741,29,0.7250,0.0000,4,5,1,0,0,5,1,0.8000
4,236.0000,21,40,533.0523,-84.8212,0.4460,18,0.4500,0.7500,8,6,4,0,0,6,4,0.3333
4,236.0000,21,44,366.5607,-80.8857,-0.0839,33,0.8250,0.5000,6,3,0,0,0,3,0,1.0000
4,236.0000,21,45,576.9921,-84.3113,0.4775,12,0.3000,0.6667,6,7,6,0,0,7,6,0.1429
4,236.0000,21,46,798.6770,-86.2017,-1.9725,9,0.2250,1.0000,8,8,7,0,0,8,7,0.1250
4,236.0000,22,2,339.5872,-78.8473,-0.8795,26,0.6667,0.4000,5,5,1,0,0,5,1,0.8000
4,236.0000,22,3,326.6604,-80.1026,-0.1211,24,0.6154,0.2000,5,8,6,0,0,8,6,0.2500
4,236.0000,22,6,786.8669,-86.1484,-0.6359,6,0.1538,0.7143,7,10,10,0,0,10,10,0.0000
4,236.0000,22,7,465.2313,-83.0299,-0.0675,18,0.4615,0.8000,10,8,8,0,0,8,8,0.0000
4,236.0000,22,8,1023.3870,-88.8093,1.0919,3,0.0769,1.0000,8,8,8,0,0,8,8,0.0000
4,236.0000,22,10,1007.9179,-86.0927,-0.7213,4,0.1026,1.0000,4,8,8,0,0,8,8,0.0000
4,236.0000,22,11,860.0125,-86.1945,0.1472,7,0.1795,1.0000,6,8,8,0,0,8,8,0.0000
4,236.0000,22,14,1063.0419,-88.2837,0.3130,3,0.0769,1.0000,8,6,6,0,0,6,6,0.0000
4,236.0000,22,16,551.0835,-84.9201,0.1279,12,0.3077,1.0000,8,7,6,0,0,7,6,0.1429
4,236.0000,22,17,871.4761,-87.5084,-0.2809,6,0.1538,0.8000,5,8,8,0,0,8,8,0.0000
4,236.0000,22,20,725.4113,-86.9720,-0.3771,7,0.1795,1.0000,8,8,8,0,0,8,8,0.0000
4,236.0000,22,23,212.4608,-75.0676,-1.2934,31,0.7949,0.5714,7,4,0,0,0,4,0,1.0000
4,236.0000,22,24,655.0225,-85.2370,0.0232,8,0.2051,1.0000,8,8,8,0,0,8,8,0.0000
4,236.0000,22,26,991.5403,-88.3429,1.4772,3,0.0769,1.0000,4,6,6,0,0,6,6,0.0000
4,236.0000,22,33,385.7430,-80.4081,-0.0786,21,0.5385,0.8571,7,8,8,0,0,8,8,0.0000
4,236.0000,22,35,858.2335,-87.4846,-1.2889,4,0.1026,1.0000,8,8,8,0,0,8,8,0.0000
4,236.0000,22,37,1034.8516,-88.8600,-0.0184,4,0.1026,0.8571,7,8,8,0,0,8,8,0.0000
4,236.0000,22,38,490.1298,-82.7943,0.5024,15,0.3846,0.7500,8,8,6,0,0,8,6,0.2500
4,236.0000,22,41,462.6098,-83.2537,0.2541,14,0.3590,1.0000,8,5,2,0,0,5,2,0.6000
4,236.0000,22,43,590.1954,-84.4310,0.2065,8,0.2051,1.0000,8,8,8,0,0,8,8,0.0000
4,236.0000,22,47,550.6155,-83.5836,-0.6317,11,0.2821,1.0000,8,8,8,0,0,8,8,0.0000
4,236.0000,23,2,356.9700,-79.4651,-1.2205,32,0.7805,0.5000,6,8,7,0,0,8,7,0.1250
4,236.0000,23,3,178.0359,-75.4810,0.2681,37,0.9024,0.3333,6,5,1,0,0,5,1,0.8000
4,236.0000,23,4,914.8655,-87.4113,-0.1470,6,0.1463,1.0000,8,6,6,0,0,6,6,0.0000
4,236.0000,23,5,913.8643,-88.0936,-0.6069,5,0.1220,0.8750,8,8,8,0,0,8,8,0.0000
4,236.0000,23,6,673.0561,-84.5319,-0.1383,14,0.3415,0.8750,8,8,7,0,0,8,7,0.1250
4,236.0000,23,7,472.4452,-83.1993,-0.3262,25,0.6098,0.6667,6,8,6,0,0,8,6,0.2500
4,236.0000,23,8,1004.3858,-87.1222,0.7417,3,0.0732,1.0000,6,6,6,0,0,6,6,0.0000
4,236.0000,23,10,806.0846,-86.9435,0.5401,9,0.2195,1.0000,8,7,6,0,0,7,6,0.1429
4,236.0000,23,11,670.0703,-86.0703,0.1013,13,0.3171,0.6667,6,7,4,0,0,7,4,0.4286
4,236.0000,23,14,878.9169,-88.1356,0.3130,6,0.1463,1.0000,8,8,8,0,0,8,8,0.0000
4,236.0000,23,16,354.1037,-82.1956,0.7351,23,0.5610,0.5714,7,7,4,0,0,7,4,0.4286
4,236.0000,23,17,659.6285,-85.7575,-0.1626,14,0.3415,0.6667,6,7,6,0,0,7,6,0.1429
4,236.0000,23,20,651.5678,-86.2621,-0.1579,14,0.3415,0.6667,6,8,8,0,0,8,8,0.0000
4,236.0000,23,22,212.4608,-74.9237,-1.0343,39,0.9512,0.2000,5,4,0,0,0,4,0,1.0000
4,236.0000,23,24,640.5948,-84.1547,-0.0375,17,0.4146,0.8571,7,8,8,0,0,8,8,0.0000
4,236.0000,23,26,833.8316,-86.9637,-0.0812,3,0.0732,1.0000,8,8,8,0,0,8,8,0.0000
4,236.0000,23,29,1000.9371,-87.7056,-2.6095,3,0.0732,1.0000,8,8,8,0,0,8,8,0.0000
4,236.0000,23,33,242.1608,-76.2779,-0.2457,31,0.7561,0.3654,104,5,2,101,38,106,40,0.6226
4,236.0000,23,35,663.2594,-87.6699,0.6265,6,0.1463,1.0000,8,8,7,0,0,8,7,0.1250
4,236.0000,23,37,842.8003,-87.6007,-1.3326,6,0.1463,1.0000,8,8,7,0,0,8,7,0.1250
4,236.0000,23,38,413.6461,-81.1616,0.4379,26,0.6341,0.6667,6,8,8,0,0,8,8,0.0000
4,236.0000,23,41,406.1837,-81.2873,-0.3364,19,0.4634,0.7500,8,8,8,0,0,8,8,0.0000
4,236.0000,23,42,1071.4812,-88.2799,0.8484,3,0.0732,1.0000,8,2,2,0,0,2,2,0.0000
4,236.0000,23,43,399.8701,-81.5846,-0.0777,25,0.6098,0.7500,8,7,3,0,0,7,3,0.5714
4,236.0000,23,47,465.2126,-81.9569,-0.7777,22,0.5366,0.7143,7,8,8,0,0,8,8,0.0000
4,236.0000,24,2,337.2969,-80.0122,-0.1762,31,0.7750,0.6667,6,5,2,0,0,5,2,0.6000
4,236.0000,24,3,619.6536,-83.9710,0.1559,19,0.4750,1.0000,8,7,5,0,0,7,5,0.2857
4,236.0000,24,4,882.6929,-87.1900,1.4156,4,0.1000,1.0000,6,8,8,0,0,8,8,0.0000
4,236.0000,24,5,625.9282,-84.7255,0.3034,9,0.2250,1.0000,8,8,8,0,0,8,8,0.0000
4,236.0000,24,6,353.7135,-78.4237,-1.4885,32,0.8000,0.5000,6,6,4,0,0,6,4,0.3333
4,236.0000,24,7,256.7402,-75.8531,-1.6632,36,0.9000,0.5000,6,5,1,0,0,5,1,0.8000
4,236.0000,24,8,561.9739,-84.4650,0.6381,17,0.4250,1.0000,8,8,7,0,0,8,7,0.1250
4,236.0000,24,10,1145.0184,-87.6578,1.3715,4,0.1000,1.0000,8,4,4,0,0,4,4,0.0000
4,236.0000,24,11,723.0071,-85.7723,0.6932,15,0.3750,0.8571,7,8,7,0,0,8,7,0.1250
4,236.0000,24,12,545.0665,-84.5413,1.5081,13,0.3250,1.0000,8,8,8,0,0,8,8,0.0000
4,236.0000,24,14,833.0688,-87.7682,0.5490,7,0.1750,1.0000,8,8,8,0,0,8,8,0.0000
4,236.0000,24,16,634.8300,-85.3051,0.6179,16,0.4000,1.0000,8,8,8,0,0,8,8,0.0000
4,236.0000,24,17,968.9050,-87.2504,-0.1174,6,0.1500,1.0000,8,4,4,0,0,4,4,0.0000
4,236.0000,24,20,347.0383,-80.4196,0.5812,28,0.7000,0.2000,5,6,4,0,0,6,4,0.3333
4,236.0000,24,22,655.0225,-84.6486,0.2104,21,0.5250,0.5714,7,7,6,0,0,7,6,0.1429
4,236.0000,24,23,640.5948,-84.5886,-0.4241,20,0.5000,0.6667,6,8,8,0,0,8,8,0.0000
4,236.0000,24,26,665.9642,-85.8049,-0.7455,7,0.1750,1.0000,8,7,6,0,0,7,6,0.1429
4,236.0000,24,29,876.3897,-88.4744,0.2329,4,0.1000,1.0000,8,8,8,0,0,8,8,0.0000
4,236.0000,24,33,510.7413,-82.5156,-1.0602,25,0.6250,0.5714,7,8,6,0,0,8,6,0.2500
4,236.0000,24,34,621.3599,-84.7305,0.4195,8,0.2000,1.0000,8,8,7,0,0,8,7,0.1250
4,236.0000,24,35,929.9952,-88.7772,-1.1247,3,0.0750,1.0000,8,6,6,0,0,6,6,0.0000
4,236.0000,24,38,264.7404,-77.6147,-0.5264,31,0.7750,0.3333,6,7,5,0,0,7,5,0.2857
4,236.0000,24,41,250.0583,-75.9303,-0.6797,35,0.8750,0.2000,5,4,0,0,0,4,0,1.0000
4,236.0000,24,42,1009.6025,-89.2838,0.3188,3,0.0750,1.0000,8,8,8,0,0,8,8,0.0000
4,236.0000,24,43,581.5805,-82.4791,-0.4578,22,0.5500,0.6667,6,8,7,0,0,8,7,0.1250
4,236.0000,24,45,1011.2924,-88.6026,-0.0901,3,0.0750,0.6667,3,4,4,0,0,4,4,0.0000
4,236.0000,24,47,265.1107,-76.4971,-0.7542,32,0.8000,0.2000,5,6,2,0,0,6,2,0.6667
4,236.0000,25,0,330.8154,-81.1154,-0.2525,29,0.7436,0.2000,5,5,2,0,0,5,2,0.6000
4,236.0000,25,1,103.7767,-69.8963,0.1675,35,0.8974,0.0000,4,4,0,0,0,4,0,1.0000
4,236.0000,25,9,296.9726,-78.9520,0.3340,35,0.8974,0.0000,4,6,2,0,0,6,2,0.6667
4,236.0000,25,13,805.6759,-86.4329,2.8960,4,0.1026,0.8750,8,6,6,0,0,6,6,0.0000
4,236.0000,25,15,807.1862,-87.8151,0.5348,5,0.1282,1.0000,8,8,8,0,0,8,8,0.0000
4,236.0000,25,18,481.0027,-83.3031,-0.6759,23,0.5897,0.3333,6,6,4,0,0,6,4,0.3333
4,236.0000,25,19,355.4844,-82.4013,0.7605,26,0.6667,0.5000,4,4,0,0,0,4,0,1.0000
4,236.0000,25,21,508.2893,-83.6986,-0.0868,19,0.4872,0.7143,7,6,4,0,0,6,4,0.3333
4,236.0000,25,27,457.9957,-82.8169,-0.5556,22,0.5641,0.4000,5,6,6,0,0,6,6,0.0000
4,236.0000,25,28,469.7083,-83.6286,-0.1079,23,0.5897,0.7143,7,6,3,0,0,6,3,0.5000
4,236.0000,25,30,719.5059,-86.1170,-0.5739,10,0.2564,0.5714,7,8,8,0,0,8,8,0.0000
4,236.0000,25,31,896.3674,-87.5824,1.6073,3,0.0769,1.0000,8,6,6,0,0,6,6,0.0000
4,236.0000,25,32,671.5443,-85.1349,-0.0100,18,0.4615,0.7143,7,7,6,0,0,7,6,0.1429
4,236.0000,25,36,399.7386,-82.4068,1.0245,20,0.5128,0.4000,5,4,0,0,0,4,0,1.0000
4,236.0000,25,39,438.7676,-82.9581,0.1977,25,0.6410,0.4000,5,6,4,0,0,6,4,0.3333
4,236.0000,25,40,208.3979,-74.7283,-0.2071,36,0.9231,0.2000,5,6,1,0,0,6,1,0.8333
4,236.0000,25,44,615.8023,-85.4782,0.4070,18,0.4615,0.8571,7,8,8,0,0,8,8,0.0000
4,236.0000,25,45,780.7897,-87.6024,-0.4325,7,0.1795,1.0000,8,8,8,0,0,8,8,0.0000
4,236.0000,25,46,331.5294,-79.8885,-0.2661,31,0.7949,0.2000,5,4,0,0,0,4,0,1.0000
4,236.0000,26,2,758.9113,-87.7621,0.1313,5,0.1250,1.0000,10,7,6,0,0,7,6,0.1429
4,236.0000,26,4,269.1586,-76.8745,0.0534,33,0.8250,0.0000,4,6,3,0,0,6,3,0.5000
4,236.0000,26,5,189.5382,-74.4643,-0.2494,33,0.8250,0.2000,5,5,2,0,0,5,2,0.6000
4,236.0000,26,6,385.9912,-82.4111,0.6232,13,0.3250,1.0000,8,5,2,0,0,5,2,0.6000
4,236.0000,26,7,784.8037,-87.4292,-0.4651,7,0.1750,1.0000,8,8,8,0,0,8,8,0.0000
4,236.0000,26,8,726.6184,-86.4390,-0.1514,10,0.2500,1.0000,8,8,8,0,0,8,8,0.0000
4,236.0000,26,10,850.0062,-87.0897,-0.1410,10,0.2500,0.8750,8,8,8,0,0,8,8,0.0000
4,236.0000,26,11,399.5648,-81.7529,0.3547,15,0.3750,0.7143,7,6,4,0,0,6,4,0.3333
4,236.0000,26,12,388.2488,-82.0378,0.6573,15,0.3750,0.7143,7,7,5,0,0,7,5,0.2857
4,236.0000,26,13,583.6646,-83.5345,0.6570,16,0.4000,0.7143,7,8,8,0,0,8,8,0.0000
4,236.0000,26,14,407.2397,-82.1428,0.5878,15,0.3750,0.8571,7,7,5,0,0,7,5,0.2857
4,236.0000,26,16,587.2959,-85.7608,-0.1048,9,0.2250,0.8750,8,7,6,0,0,7,6,0.1429
4,236.0000,26,17,606.4362,-85.6915,0.1231,13,0.3250,0.7143,7,8,7,0,0,8,7,0.1250
4,236.0000,26,20,446.1538,-84.1276,0.3701,10,0.2500,0.6667,6,6,2,0,0,6,2,0.6667
4,236.0000,26,23,833.8316,-87.0753,-0.2214,5,0.1250,1.0000,6,8,8,0,0,8,8,0.0000
4,236.0000,26,24,665.9642,-85.9669,-0.2724,8,0.2000,1.0000,6,8,6,0,0,8,6,0.2500
4,236.0000,26,27,1021.4098,-88.2048,-0.5699,4,0.1000,1.0000,6,2,2,0,0,2,2,0.0000
4,236.0000,26,29,255.5497,-76.1593,-0.4454,34,0.8500,0.5000,6,4,1,0,0,4,1,0.7500
4,236.0000,26,31,555.0872,-83.2332,-0.1056,12,0.3000,0.8571,7,8,8,0,0,8,8,0.0000
4,236.0000,26,33,696.2119,-87.0158,0.8012,6,0.1500,1.0000,8,7,5,0,0,7,5,0.2857
4,236.0000,26,34,293.2178,-79.4812,0.5725,26,0.6500,0.7500,8,6,2,0,0,6,2,0.6667
4,236.0000,26,35,722.0611,-87.8749,-0.3629,9,0.2250,1.0000,8,7,6,0,0,7,6,0.1429
4,236.0000,26,37,871.7417,-87.6080,0.2637,8,0.2000,1.0000,6,8,8,0,0,8,8,0.0000
4,236.0000,26,38,595.3297,-86.1470,-0.0274,8,0.2000,0.8571,7,7,5,0,0,7,5,0.2857
4,236.0000,26,41,605.7491,-85.0770,-0.0421,9,0.2250,0.7143,7,6,4,0,0,6,4,0.3333
4,236.0000,26,42,344.8996,-79.7481,-0.5810,31,0.7750,0.0000,4,7,5,0,0,7,5,0.2857
4,236.0000,26,43,471.5886,-83.9030,-1.3836,7,0.1750,0.6667,6,6,3,0,0,6,3,0.5000
4,236.0000,26,45,836.2991,-87.0237,-0.5650,4,0.1000,1.0000,8,8,8,0,0,8,8,0.0000
4,236.0000,26,47,567.2146,-86.5014,0.0004,7,0.1750,1.0000,8,8,7,0,0,8,7,0.1250
4,236.0000,27,0,744.5263,-85.8057,-0.0818,13,0.3250,0.7143,7,8,8,0,0,8,8,0.0000
4,236.0000,27,1,531.0879,-84.3423,-0.0024,21,0.5250,0.8571,7,6,4,0,0,6,4,0.3333
4,236.0000,27,9,675.5545,-85.6640,0.1264,18,0.4500,0.8571,7,6,4,0,0,6,4,0.3333
4,236.0000,27,13,575.8043,-84.7007,0.4705,12,0.3000,0.8750,8,8,8,0,0,8,8,0.0000
4,236.0000,27,15,434.2097,-82.9843,0.1024,18,0.4500,0.8571,7,5,2,0,0,5,2,0.6000
4,236.0000,27,18,491.7218,-83.5111,0.2907,21,0.5250,0.8750,8,9,7,0,0,9,7,0.2222
4,236.0000,27,19,212.6864,-75.1660,0.4169,32,0.8000,0.0000,4,6,4,0,0,6,4,0.3333
4,236.0000,27,21,406.6412,-82.4784,0.3097,27,0.6750,0.8000,5,6,2,0,0,6,2,0.6667
4,236.0000,27,25,457.9957,-82.8749,-0.0878,26,0.6500,0.4000,5,6,3,0,0,6,3,0.5000
4,236.0000,27,28,448.3230,-81.8746,-0.2186,31,0.7750,0.7143,7,6,3,0,0,6,3,0.5000
4,236.0000,27,30,653.0429,-84.7490,0.6102,16,0.4000,0.4000,5,7,5,0,0,7,5,0.2857
4,236.0000,27,31,697.7964,-87.1113,0.9523,5,0.1250,1.0000,8,6,3,0,0,6,3,0.5000
4,236.0000,27,32,528.5724,-83.8161,0.4237,27,0.6750,0.6250,8,6,3,0,0,6,3,0.5000
4,236.0000,27,36,263.1305,-78.6995,0.9180,33,0.8250,0.5000,6,4,0,0,0,4,0,1.0000
4,236.0000,27,39,466.7664,-81.4200,-0.9719,27,0.6750,0.2000,5,7,4,0,0,7,4,0.4286
4,236.0000,27,40,611.1011,-84.8544,0.2838,21,0.5250,0.5714,7,6,4,0,0,6,4,0.3333
4,236.0000,27,44,671.9131,-86.8079,0.6151,13,0.3250,0.8571,7,7,5,0,0,7,5,0.2857
4,236.0000,27,45,339.7565,-80.4641,0.0357,25,0.6250,0.0000,3,6,3,0,0,6,3,0.5000
4,236.0000,27,46,612.7659,-84.3237,-0.3471,20,0.5000,0.5000,6,8,7,0,0,8,7,0.1250
4,236.0000,28,0,752.5146,-87.6818,-0.5165,13,0.3250,1.0000,8,6,3,0,0,6,3,0.5000
4,236.0000,28,1,563.1839,-85.0590,0.2726,23,0.5750,1.0000,8,8,8,0,0,8,8,0.0000
4,236.0000,28,9,500.9686,-84.7702,-0.1827,27,0.6750,0.4000,5,5,2,0,0,5,2,0.6000
4,236.0000,28,13,999.1720,-87.6201,-1.4270,5,0.1250,1.0000,6,2,2,0,0,2,2,0.0000
4,236.0000,28,15,515.4970,-84.1750,0.4540,23,0.5750,0.6667,6,5,1,0,0,5,1,0.8000
4,236.0000,28,18,770.0611,-86.2674,-0.0076,10,0.2500,0.8571,7,8,8,0,0,8,8,0.0000
4,236.0000,28,19,309.2276,-78.0524,-1.3740,34,0.8500,0.0000,4,6,4,0,0,6,4,0.3333
4,236.0000,28,21,325.2525,-80.7601,-0.9259,34,0.8500,0.2000,5,5,2,0,0,5,2,0.6000
4,236.0000,28,25,469.7083,-83.8927,0.4178,28,0.7000,0.8750,8,6,4,0,0,6,4,0.3333
4,236.0000,28,27,448.3230,-81.0719,-0.5222,30,0.7500,0.7143,7,6,4,0,0,6,4,0.3333
4,236.0000,28,30,296.3237,-79.4420,-0.2140,38,0.9500,0.2000,5,5,1,0,0,5,1,0.8000
4,236.0000,28,32,210.7217,-72.4232,-1.6630,39,0.9750,0.2000,5,5,1,0,0,5,1,0.8000
4,236.0000,28,36,199.0679,-71.9182,-1.7465,38,0.9500,0.0000,4,4,0,0,0,4,0,1.0000
4,236.0000,28,39,77.9542,-67.2085,0.6445,39,0.9750,0.0000,4,4,0,0,0,4,0,1.0000
4,236.0000,28,40,556.0090,-85.7180,0.7277,24,0.6000,0.6667,6,5,2,0,0,5,2,0.6000
4,236.0000,28,44,273.3195,-80.1340,1.6698,37,0.9250,0.2000,5,4,0,0,0,4,0,1.0000
4,236.0000,28,45,710.3190,-85.2502,-0.2183,13,0.3250,0.7143,7,8,8,0,0,8,8,0.0000
4,236.0000,28,46,774.1379,-86.0927,0.6734,15,0.3750,0.7500,8,8,7,0,0,8,7,0.1250
4,236.0000,29,2,978.3173,-88.8743,0.4807,3,0.0750,1.0000,6,8,7,0,0,8,7,0.1250
4,236.0000,29,4,335.0325,-81.0766,-0.1283,22,0.5500,0.5714,7,7,5,0,0,7,5,0.2857
4,236.0000,29,5,290.6928,-78.7798,-1.2045,31,0.7750,0.0000,4,6,3,0,0,6,3,0.5000
4,236.0000,29,6,546.2997,-85.3515,-0.5373,16,0.4000,0.8571,14,7,6,0,0,7,6,0.1429
4,236.0000,29,8,962.7999,-88.3825,-0.3460,4,0.1000,1.0000,8,8,8,0,0,8,8,0.0000
4,236.0000,29,10,790.8395,-86.3680,0.2760,11,0.2750,0.6667,6,6,4,0,0,6,4,0.3333
4,236.0000,29,11,407.5037,-82.8227,0.7205,16,0.4000,0.9160,131,7,5,128,99,135,104,0.2296
4,236.0000,29,12,623.8702,-85.4076,-0.1002,10,0.2500,1.0000,10,8,6,0,0,8,6,0.2500
4,236.0000,29,13,570.3797,-82.1452,-1.2171,14,0.3500,0.7143,7,6,6,0,0,6,6,0.0000
4,236.0000,29,14,294.4492,-80.4807,0.8461,23,0.5750,0.8235,17,5,1,0,0,5,1,0.8000
4,236.0000,29,16,694.7399,-87.0045,0.5245,10,0.2500,1.0000,8,7,6,0,0,7,6,0.1429
4,236.0000,29,17,613.0137,-86.6628,-0.3610,13,0.3250,0.3333,3,7,6,0,0,7,6,0.1429
4,236.0000,29,18,956.2636,-88.1341,-0.8664,3,0.0750,1.0000,6,6,6,0,0,6,6,0.0000
4,236.0000,29,20,698.2140,-87.5950,-0.0757,8,0.2000,1.0000,8,8,8,0,0,8,8,0.0000
4,236.0000,29,23,1000.9371,-89.0981,0.0767,6,0.1500,1.0000,4,8,8,0,0,8,8,0.0000
4,236.0000,29,24,876.3897,-87.0460,-0.1972,4,0.1000,1.0000,10,8,8,0,0,8,8,0.0000
4,236.0000,29,26,255.5497,-76.7718,-0.6375,34,0.8500,0.0000,4,7,4,0,0,7,4,0.4286
4,236.0000,29,27,1103.3574,-89.5379,-0.1640,3,0.0750,1.0000,4,4,4,0,0,4,4,0.0000
4,236.0000,29,31,488.9687,-82.9894,-1.0857,19,0.4750,0.5000,6,8,8,0,0,8,8,0.0000
4,236.0000,29,33,844.0656,-88.8456,-0.1468,7,0.1750,1.0000,8,8,8,0,0,8,8,0.0000
4,236.0000,29,34,393.4744,-82.1191,0.0972,24,0.6000,0.0000,4,6,3,0,0,6,3,0.5000
4,236.0000,29,35,699.9937,-85.9804,-0.1848,8,0.2000,0.8750,8,7,6,0,0,7,6,0.1429
4,236.0000,29,37,799.5585,-86.9232,0.2810,7,0.1750,1.0000,8,8,8,0,0,8,8,0.0000
4,236.0000,29,38,785.5304,-87.3962,-0.1348,7,0.1750,1.0000,8,7,6,0,0,7,6,0.1429
4,236.0000,29,41,819.5805,-87.9417,0.1138,6,0.1500,1.0000,8,8,7,0,0,8,7,0.1250
4,236.0000,29,42,239.3728,-76.8177,0.1041,34,0.8500,0.0000,4,7,4,0,0,7,4,0.4286
4,236.0000,29,43,605.2283,-86.3080,0.0791,8,0.2000,0.8571,7,6,4,0,0,6,4,0.3333
4,236.0000,29,47,746.1249,-87.4572,0.3093,6,0.1500,1.0000,8,8,7,0,0,8,7,0.1250
4,236.0000,30,0,949.3666,-87.1545,0.1709,3,0.0750,0.8571,7,8,8,0,0,8,8,0.0000
4,236.0000,30,1,818.2731,-88.0915,0.2122,6,0.1500,1.0000,8,8,8,0,0,8,8,0.0000
4,236.0000,30,9,661.1071,-86.4360,0.1599,12,0.3000,0.8571,7,8,6,0,0,8,6,0.2500
4,236.0000,30,15,612.9251,-85.2200,0.0142,8,0.2000,0.7143,7,8,7,0,0,8,7,0.1250
4,236.0000,30,18,1049.3786,-88.4540,-0.5819,3,0.0750,1.0000,8,6,6,0,0,6,6,0.0000
4,236.0000,30,19,578.6782,-84.6778,-0.4061,12,0.3000,0.8750,8,7,5,0,0,7,5,0.2857
4,236.0000,30,21,362.7866,-80.5386,-0.5040,28,0.7000,0.2000,5,5,1,0,0,5,1,0.8000
4,236.0000,30,25,719.5059,-85.7002,-0.0945,10,0.2500,1.0000,8,8,8,0,0,8,8,0.0000
4,236.0000,30,27,653.0429,-85.0167,-0.2372,9,0.2250,0.8571,7,8,8,0,0,8,8,0.0000
4,236.0000,30,28,296.3237,-79.2384,-0.4211,27,0.6750,0.4000,5,6,3,0,0,6,3,0.5000
4,236.0000,30,32,235.1648,-75.9397,-0.2888,35,0.8750,0.3333,6,6,2,0,0,6,2,0.6667
4,236.0000,30,36,412.0633,-80.5986,-0.8503,22,0.5500,0.2000,5,6,4,0,0,6,4,0.3333
4,236.0000,30,39,359.4467,-81.1327,0.1673,24,0.6000,0.4000,5,4,0,0,0,4,0,1.0000
4,236.0000,30,40,745.0348,-85.8170,0.9348,8,0.2000,0.8571,7,8,8,0,0,8,8,0.0000
4,236.0000,30,44,184.1261,-77.7643,0.7188,33,0.8250,0.2000,5,4,0,0,0,4,0,1.0000
4,236.0000,30,45,818.1866,-86.4027,0.2288,8,0.2000,0.7500,8,8,8,0,0,8,8,0.0000
4,236.0000,31,1,885.3914,-87.4639,0.2500,5,0.1282,1.0000,8,4,4,0,0,4,4,0.0000
4,236.0000,31,4,591.2198,-84.7544,-0.7606,10,0.2564,0.8750,8,7,5,0,0,7,5,0.2857
4,236.0000,31,5,517.2157,-82.6641,-1.0030,12,0.3077,0.8750,8,7,6,0,0,7,6,0.1429
4,236.0000,31,6,835.8513,-88.0187,-0.6644,3,0.0769,1.0000,4,8,8,0,0,8,8,0.0000
4,236.0000,31,8,942.5104,-87.0979,-0.8231,5,0.1282,1.0000,8,6,5,0,0,6,5,0.1667
4,236.0000,31,12,672.7441,-85.7888,-1.2759,8,0.2051,1.0000,8,6,6,0,0,6,6,0.0000
4,236.0000,31,13,130.1355,-71.5673,-0.5081,34,0.8718,0.1461,89,4,0,81,9,85,9,0.8941
4,236.0000,31,14,756.5161,-86.4002,0.3385,8,0.2051,1.0000,8,8,8,0,0,8,8,0.0000
4,236.0000,31,15,948.2691,-88.7050,1.0279,4,0.1026,1.0000,8,8,8,0,0,8,8,0.0000
4,236.0000,31,18,472.1770,-83.5740,0.3112,16,0.4103,0.8571,7,6,4,0,0,6,4,0.3333
4,236.0000,31,19,803.7716,-86.6565,-0.2420,6,0.1538,1.0000,8,8,8,0,0,8,8,0.0000
4,236.0000,31,20,879.8838,-87.8682,1.3213,4,0.1026,0.8571,7,8,8,0,0,8,8,0.0000
4,236.0000,31,25,896.3674,-87.9421,-0.2881,4,0.1026,1.0000,4,6,6,0,0,6,6,0.0000
4,236.0000,31,26,555.0872,-82.8368,0.1899,13,0.3333,0.8750,8,8,8,0,0,8,8,0.0000
4,236.0000,31,27,697.7964,-86.3936,0.0795,7,0.1795,1.0000,8,8,8,0,0,8,8,0.0000
4,236.0000,31,29,488.9687,-83.1260,0.1831,21,0.5385,0.7500,8,8,8,0,0,8,8,0.0000
4,236.0000,31,34,483.2946,-82.3009,-0.3841,17,0.4359,1.0000,6,7,6,0,0,7,6,0.1429
4,236.0000,31,38,1104.6371,-88.4587,0.7467,4,0.1026,1.0000,8,4,4,0,0,4,4,0.0000
4,236.0000,31,39,1100.3439,-88.3710,-0.7475,3,0.0769,1.0000,8,2,2,0,0,2,2,0.0000
4,236.0000,31,42,485.1602,-84.5721,0.3263,14,0.3590,0.7143,7,6,4,0,0,6,4,0.3333
4,236.0000,31,45,710.2280,-87.9905,0.6034,6,0.1538,1.0000,8,8,8,0,0,8,8,0.0000
4,236.0000,31,46,731.6008,-86.6388,0.3331,9,0.2308,0.8750,8,8,8,0,0,8,8,0.0000
4,236.0000,32,0,959.4534,-88.5673,0.7015,3,0.0750,1.0000,8,6,5,0,0,6,5,0.1667
4,236.0000,32,1,765.3462,-86.4534,-0.3139,8,0.2000,0.8571,7,8,7,0,0,8,7,0.1250
4,236.0000,32,9,703.8128,-85.6240,0.1145,15,0.3750,0.7143,7,8,7,0,0,8,7,0.1250
4,236.0000,32,15,413.8183,-83.8053,0.8771,16,0.4000,0.5000,6,6,3,0,0,6,3,0.5000
4,236.0000,32,18,908.7089,-87.6745,-0.1225,4,0.1000,1.0000,6,2,2,0,0,2,2,0.0000
4,236.0000,32,19,433.5676,-80.6661,-0.8635,24,0.6000,0.3333,6,8,8,0,0,8,8,0.0000
4,236.0000,32,21,406.8009,-81.7214,-0.3803,30,0.7500,0.5000,6,6,3,0,0,6,3,0.5000
4,236.0000,32,25,671.5443,-85.1930,0.7436,12,0.3000,0.8571,7,6,4,0,0,6,4,0.3333
4,236.0000,32,27,528.5724,-84.0061,0.5522,15,0.3750,0.6667,6,8,7,0,0,8,7,0.1250
4,236.0000,32,28,210.7217,-72.3577,-1.3068,37,0.9250,0.0000,4,5,1,0,0,5,1,0.8000
4,236.0000,32,30,235.1648,-76.3439,-0.3010,36,0.9000,0.0000,4,5,2,0,0,5,2,0.6000
4,236.0000,32,36,323.9717,-77.1562,-1.1698,31,0.7750,0.2000,5,6,4,0,0,6,4,0.3333
4,236.0000,32,39,261.7479,-75.8150,-1.0464,36,0.9000,0.0000,4,5,1,0,0,5,1,0.8000
4,236.0000,32,40,761.6086,-86.8176,-0.1445,12,0.3000,0.5000,6,8,6,0,0,8,6,0.2500
4,236.0000,32,44,336.3717,-80.8845,-0.3322,31,0.7750,0.2000,5,5,1,0,0,5,1,0.8000
4,236.0000,32,45,708.4621,-85.7734,0.1647,13,0.3250,1.0000,8,8,8,0,0,8,8,0.0000
4,236.0000,32,46,961.4850,-87.1818,-0.9595,7,0.1750,1.0000,8,8,8,0,0,8,8,0.0000
4,236.0000,33,2,355.2021,-79.3985,-0.8347,26,0.6500,0.5000,6,4,0,0,0,4,0,1.0000
4,236.0000,33,3,128.4546,-73.0216,0.9196,36,0.9000,0.2000,5,4,0,0,0,4,0,1.0000
4,236.0000,33,4,833.3620,-87.5232,-0.2015,5,0.1250,1.0000,4,8,8,0,0,8,8,0.0000
4,236.0000,33,5,739.1765,-88.8515,0.1591,5,0.1250,0.8750,8,6,3,0,0,6,3,0.5000
4,236.0000,33,6,473.9163,-82.4093,-0.5852,16,0.4000,0.4000,5,8,6,0,0,8,6,0.2500
4,236.0000,33,7,345.8269,-78.1334,-1.2127,29,0.7250,0.6667,6,6,2,0,0,6,2,0.6667
4,236.0000,33,8,951.6292,-87.8815,-0.0929,4,0.1000,0.6667,6,8,8,0,0,8,8,0.0000
4,236.0000,33,10,724.2568,-87.1891,-0.2476,8,0.2000,0.8571,7,6,4,0,0,6,4,0.3333
4,236.0000,33,11,494.4752,-83.3841,0.1635,18,0.4500,0.6667,6,5,4,0,0,5,4,0.2000
4,236.0000,33,14,689.9133,-87.0212,0.2093,8,0.2000,1.0000,8,7,5,0,0,7,5,0.2857
4,236.0000,33,16,214.1779,-79.0437,1.1215,28,0.7000,0.5714,7,6,3,0,0,6,3,0.5000
4,236.0000,33,17,610.4140,-85.2243,-0.2872,14,0.3500,1.0000,8,7,6,0,0,7,6,0.1429
4,236.0000,33,20,574.0092,-85.7012,-0.5689,9,0.2250,0.6667,6,7,5,0,0,7,5,0.2857
4,236.0000,33,22,385.7430,-80.7640,-0.3054,32,0.8000,0.0000,4,8,5,0,0,8,5,0.3750
4,236.0000,33,23,242.1608,-76.8263,-0.1145,37,0.9250,0.2000,5,4,0,0,0,4,0,1.0000
4,236.0000,33,24,510.7413,-81.7587,-1.1571,13,0.3250,0.6667,6,7,5,0,0,7,5,0.2857
4,236.0000,33,26,696.2119,-86.7816,-1.1783,7,0.1750,1.0000,8,8,7,0,0,8,7,0.1250
4,236.0000,33,29,844.0656,-88.5603,0.2663,6,0.1500,1.0000,8,8,8,0,0,8,8,0.0000
4,236.0000,33,35,528.4968,-85.7328,-0.4719,15,0.3750,0.8571,7,6,3,0,0,6,3,0.5000
4,236.0000,33,37,722.1993,-85.7240,0.2554,13,0.3250,0.8750,8,7,6,0,0,7,6,0.1429
4,236.0000,33,38,251.3011,-74.9005,-1.2746,30,0.7500,0.3333,6,5,1,0,0,5,1,0.8000
4,236.0000,33,41,307.8368,-79.1756,-0.3614,25,0.6250,0.4000,5,6,4,0,0,6,4,0.3333
4,236.0000,33,42,960.4658,-87.9515,0.6106,5,0.1250,1.0000,6,6,6,0,0,6,6,0.0000
4,236.0000,33,43,269.6968,-78.9778,0.2647,26,0.6500,0.2000,5,5,2,0,0,5,2,0.6000
4,236.0000,33,47,275.8153,-76.6466,-1.1745,32,0.8000,0.5000,6,5,2,0,0,5,2,0.6000
4,236.0000,34,2,836.1867,-88.1284,0.2185,7,0.1795,1.0000,6,8,8,0,0,8,8,0.0000
4,236.0000,34,3,945.1327,-88.2444,0.0793,3,0.0769,1.0000,4,4,4,0,0,4,4,0.0000
4,236.0000,34,4,533.4407,-84.2329,0.0679,21,0.5385,0.8571,7,8,8,0,0,8,8,0.0000
4,236.0000,34,5,130.8819,-73.2384,1.3000,34,0.8718,0.2000,5,4,0,0,0,4,0,1.0000
4,236.0000,34,6,369.3403,-82.9545,0.6320,16,0.4103,0.3333,6,5,2,0,0,5,2,0.6000
4,236.0000,34,7,797.1782,-86.6856,-1.0443,4,0.1026,1.0000,8,8,8,0,0,8,8,0.0000
4,236.0000,34,8,670.7749,-84.5017,-0.2984,15,0.3846,1.0000,8,8,8,0,0,8,8,0.0000
4,236.0000,34,11,571.3635,-83.9954,0.6668,9,0.2308,0.8571,7,7,5,0,0,7,5,0.2857
4,236.0000,34,12,399.1640,-80.6756,0.9228,21,0.5385,0.8889,9,5,4,0,0,5,4,0.2000
4,236.0000,34,13,502.5597,-82.1979,-0.9904,20,0.5128,0.6667,6,6,4,0,0,6,4,0.3333
4,236.0000,34,14,518.5721,-84.8024,-0.2782,17,0.4359,0.8571,7,4,1,0,0,4,1,0.7500
4,236.0000,34,15,914.0794,-87.5180,-0.5891,6,0.1538,,0,6,6,0,0,6,6,0.0000
4,236.0000,34,16,765.2487,-86.6182,-0.1340,6,0.1538,1.0000,8,5,4,0,0,5,4,0.2000
4,236.0000,34,17,868.6478,-86.8005,-0.6295,5,0.1282,0.8889,9,5,4,0,0,5,4,0.2000
4,236.0000,34,18,844.4547,-86.7905,0.9842,6,0.1538,1.0000,8,6,6,0,0,6,6,0.0000
4,236.0000,34,19,1003.6282,-87.4659,-0.3997,5,0.1282,1.0000,4,8,8,0,0,8,8,0.0000
4,236.0000,34,20,501.7498,-83.5053,1.0639,8,0.2051,0.8571,7,7,5,0,0,7,5,0.2857
4,236.0000,34,22,1120.2136,-89.2159,0.3721,3,0.0769,1.0000,4,4,4,0,0,4,4,0.0000
4,236.0000,34,23,995.6345,-88.0334,-0.2297,3,0.0769,,0,4,4,0,0,4,4,0.0000
4,236.0000,34,24,621.3599,-85.4281,0.3600,11,0.2821,1.0000,8,8,8,0,0,8,8,0.0000
4,236.0000,34,26,293.2178,-79.5935,-0.3713,25,0.6410,0.8571,7,4,0,0,0,4,0,1.0000
4,236.0000,34,29,393.4744,-82.5135,-0.3074,22,0.5641,0.5714,7,6,4,0,0,6,4,0.3333
4,236.0000,34,31,483.2946,-81.8795,-0.9196,25,0.6410,0.8333,6,9,8,0,0,9,8,0.1111
4,236.0000,34,33,820.7770,-87.7620,-0.6466,5,0.1282,1.0000,6,6,4,0,0,6,4,0.3333
4,236.0000,34,35,896.6355,-87.8884,-0.3386,5,0.1282,1.0000,6,8,7,0,0,8,7,0.1250
4,236.0000,34,37,1043.1091,-88.3064,0.1187,3,0.0769,1.0000,6,6,6,0,0,6,6,0.0000
4,236.0000,34,38,652.9471,-86.2902,0.3226,11,0.2821,1.0000,8,7,6,0,0,7,6,0.1429
4,236.0000,34,41,674.0922,-86.8685,0.0246,9,0.2308,0.8571,7,8,8,0,0,8,8,0.0000
4,236.0000,34,42,546.2463,-84.3503,0.1922,21,0.5385,0.7143,7,5,2,0,0,5,2,0.6000
4,236.0000,34,43,663.6372,-85.4566,0.0652,7,0.1795,1.0000,8,8,8,0,0,8,8,0.0000
4,236.0000,34,45,750.2204,-87.6984,0.1881,6,0.1538,0.8571,7,8,8,0,0,8,8,0.0000
4,236.0000,34,47,608.1472,-86.5355,1.5157,8,0.2051,1.0000,8,8,8,0,0,8,8,0.0000
4,236.0000,35,2,864.6815,-88.0070,0.9318,5,0.1220,1.0000,8,8,8,0,0,8,8,0.0000
4,236.0000,35,3,540.2894,-84.9936,0.3660,15,0.3659,1.0000,8,7,4,0,0,7,4,0.4286
4,236.0000,35,4,789.9616,-86.8308,-0.2256,10,0.2439,1.0000,8,8,8,0,0,8,8,0.0000
4,236.0000,35,5,775.0261,-87.1837,0.2395,4,0.0976,0.8571,7,8,7,0,0,8,7,0.1250
4,236.0000,35,6,680.7657,-86.0855,0.4365,11,0.2683,0.6667,6,6,4,0,0,6,4,0.3333
4,236.0000,35,7,826.2870,-87.0213,-0.6616,9,0.2195,1.0000,6,7,6,0,0,7,6,0.1429
4,236.0000,35,10,239.2472,-74.3288,-1.8771,33,0.8049,0.0000,4,5,1,0,0,5,1,0.8000
4,236.0000,35,11,330.1260,-80.2349,0.2887,20,0.4878,0.2000,5,4,0,0,0,4,0,1.0000
4,236.0000,35,12,1028.7098,-88.4712,0.1427,3,0.0732,1.0000,8,6,6,0,0,6,6,0.0000
4,236.0000,35,14,454.7976,-81.8904,0.2588,19,0.4634,0.8750,8,7,6,0,0,7,6,0.1429
4,236.0000,35,16,354.4350,-80.0332,0.2879,22,0.5366,0.6667,6,5,2,0,0,5,2,0.6000
4,236.0000,35,17,362.7416,-80.8927,-0.1036,28,0.6829,0.5000,8,7,6,0,0,7,6,0.1429
4,236.0000,35,20,905.0667,-89.2308,-0.1314,3,0.0732,1.0000,6,8,8,0,0,8,8,0.0000
4,236.0000,35,22,858.2335,-88.4189,-0.4271,5,0.1220,1.0000,6,7,6,0,0,7,6,0.1429
4,236.0000,35,23,663.2594,-87.5956,-0.4177,10,0.2439,0.8571,7,8,8,0,0,8,8,0.0000
4,236.0000,35,24,929.9952,-88.3701,0.3001,5,0.1220,1.0000,8,4,4,0,0,4,4,0.0000
4,236.0000,35,26,722.0611,-86.0923,0.1914,9,0.2195,0.8571,7,8,6,0,0,8,6,0.2500
4,236.0000,35,29,699.9937,-86.4305,1.0330,8,0.1951,0.8750,8,7,6,0,0,7,6,0.1429
4,236.0000,35,33,528.4968,-84.8601,0.2758,13,0.3171,0.7143,7,6,2,0,0,6,2,0.6667
4,236.0000,35,34,896.6355,-88.2708,0.0435,3,0.0732,0.8750,8,8,8,0,0,8,8,0.0000
4,236.0000,35,37,201.3032,-69.6686,-3.2057,36,0.8780,0.2000,5,5,1,0,0,5,1,0.8000
4,236.0000,35,38,690.0617,-86.8280,0.4972,9,0.2195,1.0000,8,8,7,0,0,8,7,0.1250
4,236.0000,35,41,765.4859,-86.6344,-0.9676,4,0.0976,1.0000,8,8,7,0,0,8,7,0.1250
4,236.0000,35,42,818.4285,-84.6043,0.2210,6,0.1463,1.0000,8,8,8,0,0,8,8,0.0000
4,236.0000,35,43,425.7318,-83.9010,1.0921,15,0.3659,1.0000,8,7,6,0,0,7,6,0.1429
4,236.0000,35,47,668.1597,-86.3235,0.3229,10,0.2439,0.8750,8,10,9,0,0,10,9,0.1000
4,236.0000,36,0,693.1941,-86.2958,0.3230,19,0.4634,1.0000,8,6,3,0,0,6,3,0.5000
4,236.0000,36,1,498.5448,-84.4964,0.8538,27,0.6585,0.8333,6,6,3,0,0,6,3,0.5000
4,236.0000,36,8,1006.0076,-87.5831,0.7361,4,0.0976,1.0000,6,6,6,0,0,6,6,0.0000
4,236.0000,36,9,513.2169,-84.2770,0.4759,33,0.8049,0.7500,8,4,0,0,0,4,0,1.0000
4,236.0000,36,13,828.7825,-87.9141,0.6040,7,0.1707,1.0000,8,8,8,0,0,8,8,0.0000
4,236.0000,36,15,460.8985,-82.4010,0.6960,24,0.5854,0.8750,8,6,2,0,0,6,2,0.6667
4,236.0000,36,18,647.9628,-86.1752,0.7223,10,0.2439,1.0000,8,6,4,0,0,6,4,0.3333
4,236.0000,36,19,195.4444,-76.3977,0.4753,35,0.8537,0.0000,4,4,0,0,0,4,0,1.0000
4,236.0000,36,21,233.4452,-76.8634,-0.1582,38,0.9268,0.0000,4,5,1,0,0,5,1,0.8000
4,236.0000,36,25,399.7386,-82.9957,0.4019,32,0.7805,0.0000,4,4,0,0,0,4,0,1.0000
4,236.0000,36,27,263.1305,-78.7800,0.9700,33,0.8049,0.2000,5,4,0,0,0,4,0,1.0000
4,236.0000,36,28,199.0679,-71.6486,-1.8447,38,0.9268,0.2000,5,5,2,0,0,5,2,0.6000
4,236.0000,36,30,412.0633,-80.4784,-0.9705,38,0.9268,0.2000,5,6,4,0,0,6,4,0.3333
4,236.0000,36,31,946.1044,-88.5645,-0.5152,5,0.1220,1.0000,6,8,8,0,0,8,8,0.0000
4,236.0000,36,32,323.9717,-77.2506,-1.4408,39,0.9512,0.5000,6,6,3,0,0,6,3,0.5000
4,236.0000,36,39,235.6142,-75.0931,-1.0149,38,0.9268,0.0000,4,5,1,0,0,5,1,0.8000
4,236.0000,36,40,510.3272,-85.1298,0.4060,20,0.4878,0.8750,8,5,1,0,0,5,1,0.8000
4,236.0000,36,44,410.3488,-82.2285,-0.5174,37,0.9024,0.3333,6,8,6,0,0,8,6,0.2500
4,236.0000,36,45,534.8161,-84.3809,-0.0214,22,0.5366,0.4286,7,8,8,0,0,8,8,0.0000
4,236.0000,36,46,675.8057,-86.3611,0.1353,19,0.4634,0.8750,8,8,7,0,0,8,7,0.1250
4,236.0000,37,3,720.4001,-87.1358,-0.2692,7,0.1750,1.0000,8,7,5,0,0,7,5,0.2857
4,236.0000,37,4,913.6687,-87.2404,-0.2073,6,0.1500,1.0000,6,4,4,0,0,4,4,0.0000
4,236.0000,37,5,920.4525,-88.7744,0.3152,3,0.0750,0.8750,8,8,8,0,0,8,8,0.0000
4,236.0000,37,6,861.3051,-87.3016,0.2862,5,0.1250,1.0000,8,8,8,0,0,8,8,0.0000
4,236.0000,37,7,1018.1608,-88.2849,-1.5376,3,0.0750,1.0000,8,8,8,0,0,8,8,0.0000
4,236.0000,37,10,166.0351,-73.7809,0.0543,32,0.8000,0.0000,4,5,2,0,0,5,2,0.6000
4,236.0000,37,11,488.6792,-82.0770,-0.8064,14,0.3500,0.6667,6,6,4,0,0,6,4,0.3333
4,236.0000,37,14,551.0764,-82.4751,-1.4209,16,0.4000,1.0000,10,8,8,0,0,8,8,0.0000
4,236.0000,37,16,553.1838,-82.7157,-1.5272,16,0.4000,0.7143,7,5,4,0,0,5,4,0.2000
4,236.0000,37,17,462.7099,-82.4054,-0.4226,23,0.5750,1.0000,8,7,4,0,0,7,4,0.4286
4,236.0000,37,22,1034.8516,-88.0551,-0.0793,5,0.1250,1.0000,8,8,8,0,0,8,8,0.0000
4,236.0000,37,23,842.8003,-87.1882,0.8154,5,0.1250,1.0000,8,8,7,0,0,8,7,0.1250
4,236.0000,37,26,871.7417,-87.8321,-1.2642,4,0.1000,1.0000,8,8,8,0,0,8,8,0.0000
4,236.0000,37,29,799.5585,-87.1405,0.8214,6,0.1500,0.8571,7,8,7,0,0,8,7,0.1250
4,236.0000,37,33,722.1993,-85.3947,0.3419,7,0.1750,1.0000,8,7,6,0,0,7,6,0.1429
4,236.0000,37,35,201.3032,-69.3633,-2.8067,36,0.9000,0.2000,5,7,3,0,0,7,3,0.5714
4,236.0000,37,38,888.9856,-86.9004,-0.0263,3,0.0750,1.0000,8,8,8,0,0,8,8,0.0000
4,236.0000,37,41,966.4818,-88.1384,-1.2262,4,0.1000,0.8571,7,8,8,0,0,8,8,0.0000
4,236.0000,37,42,907.7129,-87.6298,-0.8046,4,0.1000,1.0000,8,8,8,0,0,8,8,0.0000
4,236.0000,37,43,622.8138,-85.1628,-0.2252,5,0.1250,0.6667,6,8,8,0,0,8,8,0.0000
4,236.0000,37,47,864.4808,-86.7434,-0.1301,5,0.1250,1.0000,8,6,6,0,0,6,6,0.0000
4,236.0000,38,2,250.6123,-77.4857,-0.5311,36,0.9000,0.2000,5,4,0,0,0,4,0,1.0000
4,236.0000,38,3,369.2415,-80.9757,-0.0309,33,0.8250,0.5714,7,5,2,0,0,5,2,0.6000
4,236.0000,38,4,782.6787,-86.9322,-1.9286,6,0.1500,1.0000,8,7,5,0,0,7,5,0.2857
4,236.0000,38,5,603.1112,-85.0495,0.8935,8,0.2000,1.0000,8,6,4,0,0,6,4,0.3333
4,236.0000,38,6,303.8510,-78.8017,-1.1079,30,0.7500,0.3750,8,7,6,0,0,7,6,0.1429
4,236.0000,38,7,202.7259,-72.7004,-0.9100,38,0.9500,0.0000,4,4,0,0,0,4,0,1.0000
4,236.0000,38,8,729.3261,-87.0541,-0.1868,3,0.0750,1.0000,8,8,8,0,0,8,8,0.0000
4,236.0000,38,10,899.8227,-86.6371,-0.2966,10,0.2500,1.0000,4,6,6,0,0,6,6,0.0000
4,236.0000,38,11,531.8456,-83.7365,-0.4957,17,0.4250,0.5000,6,7,6,0,0,7,6,0.1429
4,236.0000,38,12,608.0585,-84.9487,1.7722,9,0.2250,0.8750,8,8,8,0,0,8,8,0.0000
4,236.0000,38,14,688.7434,-85.9399,0.5479,12,0.3000,1.0000,6,9,8,0,0,9,8,0.1111
4,236.0000,38,16,376.6130,-82.4569,0.8116,27,0.6750,0.4000,5,6,3,0,0,6,3,0.5000
4,236.0000,38,17,738.3806,-86.6526,-0.3734,13,0.3250,0.8750,8,7,6,0,0,7,6,0.1429
4,236.0000,38,20,378.3781,-82.6508,0.2929,24,0.6000,0.6667,6,6,4,0,0,6,4,0.3333
4,236.0000,38,22,490.1298,-82.2083,-1.0300,33,0.8250,0.5000,6,4,0,0,0,4,0,1.0000
4,236.0000,38,23,413.6461,-81.1684,-0.6882,35,0.8750,0.4000,5,7,4,0,0,7,4,0.4286
4,236.0000,38,24,264.7404,-77.8888,-0.0798,36,0.9000,0.0000,4,4,0,0,0,4,0,1.0000
4,236.0000,38,26,595.3297,-86.7756,0.4816,10,0.2500,0.8571,7,7,6,0,0,7,6,0.1429
4,236.0000,38,29,785.5304,-86.7478,0.9469,4,0.1000,1.0000,8,7,6,0,0,7,6,0.1429
4,236.0000,38,31,1104.6371,-88.9161,-0.2084,4,0.1000,1.0000,8,4,4,0,0,4,4,0.0000
4,236.0000,38,33,251.3011,-74.5874,-1.7438,35,0.8750,0.4000,5,5,1,0,0,5,1,0.8000
4,236.0000,38,34,652.9471,-86.5118,0.3573,8,0.2000,1.0000,8,8,7,0,0,8,7,0.1250
4,236.0000,38,35,690.0617,-86.7552,0.5412,14,0.3500,0.7143,7,5,2,0,0,5,2,0.6000
4,236.0000,38,37,888.9856,-86.9464,-0.3008,9,0.2250,0.8571,7,6,6,0,0,6,6,0.0000
4,236.0000,38,41,111.3579,-72.9744,1.3750,36,0.9000,0.2000,5,4,0,0,0,4,0,1.0000
4,236.0000,38,42,914.3200,-87.9162,0.0531,4,0.1000,1.0000,4,8,8,0,0,8,8,0.0000
4,236.0000,38,43,343.9584,-78.9524,-0.6866,31,0.7750,0.5000,6,5,1,0,0,5,1,0.8000
4,236.0000,38,47,68.5459,-63.8628,-0.2160,37,0.9250,0.2000,5,4,0,0,0,4,0,1.0000
4,236.0000,39,0,726.9977,-86.6928,0.5073,12,0.3077,0.8571,7,7,6,0,0,7,6,0.1429
4,236.0000,39,1,525.0161,-84.4824,0.1456,20,0.5128,0.3333,6,6,3,0,0,6,3,0.5000
4,236.0000,39,9,478.6511,-84.3881,0.7152,23,0.5897,0.4286,7,4,0,0,0,4,0,1.0000
4,236.0000,39,15,547.1915,-85.5211,0.0446,18,0.4615,0.4000,5,6,3,0,0,6,3,0.5000
4,236.0000,39,18,737.6092,-85.2094,0.8452,7,0.1795,1.0000,8,8,8,0,0,8,8,0.0000
4,236.0000,39,19,297.4852,-77.0133,-0.4576,28,0.7179,0.2000,5,7,3,0,0,7,3,0.5714
4,236.0000,39,21,387.5381,-81.0087,-0.4377,27,0.6923,0.7143,7,5,1,0,0,5,1,0.8000
4,236.0000,39,25,438.7676,-83.2388,0.0477,20,0.5128,0.5000,6,6,6,0,0,6,6,0.0000
4,236.0000,39,27,466.7664,-81.8145,0.0732,20,0.5128,0.8571,7,7,6,0,0,7,6,0.1429
4,236.0000,39,28,77.9542,-67.2662,0.9879,34,0.8718,0.0000,4,5,1,0,0,5,1,0.8000
4,236.0000,39,30,359.4467,-81.2361,-0.0566,31,0.7949,0.0000,4,6,3,0,0,6,3,0.5000
4,236.0000,39,32,261.7479,-76.3507,-1.2347,36,0.9231,0.2000,5,4,0,0,0,4,0,1.0000
4,236.0000,39,36,235.6142,-74.5779,-0.8583,33,0.8462,0.0000,4,4,0,0,0,4,0,1.0000
4,236.0000,39,40,536.3978,-84.1728,0.4110,18,0.4615,0.8000,5,6,4,0,0,6,4,0.3333
4,236.0000,39,44,312.3468,-80.3549,1.0803,30,0.7692,0.4000,5,4,0,0,0,4,0,1.0000
4,236.0000,39,45,750.9311,-85.2707,-1.2328,10,0.2564,1.0000,8,8,8,0,0,8,8,0.0000
4,236.0000,39,46,736.7463,-86.3083,-0.8759,11,0.2821,0.8571,7,8,8,0,0,8,8,0.0000
4,236.0000,40,0,204.4327,-75.2838,-1.1644,39,0.9750,0.0000,4,4,0,0,0,4,0,1.0000
4,236.0000,40,1,232.5912,-75.8516,-0.4505,36,0.9000,0.0000,4,5,1,0,0,5,1,0.8000
4,236.0000,40,9,161.2599,-76.5731,1.4072,37,0.9250,0.2000,5,5,1,0,0,5,1,0.8000
4,236.0000,40,18,664.4308,-84.8194,0.6803,19,0.4750,0.8571,7,8,8,0,0,8,8,0.0000
4,236.0000,40,19,531.2044,-85.1410,0.8100,18,0.4500,0.7500,8,6,4,0,0,6,4,0.3333
4,236.0000,40,21,533.0523,-84.1980,0.2389,21,0.5250,0.5000,6,5,2,0,0,5,2,0.6000
4,236.0000,40,25,208.3979,-74.6603,-0.4369,33,0.8250,0.3333,6,4,0,0,0,4,0,1.0000
4,236.0000,40,27,611.1011,-84.1796,0.2547,15,0.3750,0.9600,150,6,3,140,131,146,134,0.0822
4,236.0000,40,28,556.0090,-85.0027,0.3038,19,0.4750,0.8571,7,8,6,0,0,8,6,0.2500
4,236.0000,40,30,745.0348,-87.5697,-0.5164,10,0.2500,1.0000,6,8,6,0,0,8,6,0.2500
4,236.0000,40,32,761.6086,-86.0624,0.1328,10,0.2500,1.0000,8,8,7,0,0,8,7,0.1250
4,236.0000,40,36,510.3272,-84.6369,0.2870,16,0.4000,0.6667,6,8,7,0,0,8,7,0.1250
4,236.0000,40,39,536.3978,-84.1798,0.5496,17,0.4250,0.6667,6,5,2,0,0,5,2,0.6000
4,236.0000,40,44,609.8070,-86.1053,-0.2515,20,0.5000,0.5000,6,5,1,0,0,5,1,0.8000
4,236.0000,40,46,440.2011,-81.7822,-0.3938,28,0.7000,0.0000,4,8,5,0,0,8,5,0.3750
4,236.0000,41,2,170.2508,-75.3079,-0.0813,33,0.8250,0.6667,6,5,1,0,0,5,1,0.8000
4,236.0000,41,3,410.4378,-82.3743,0.4629,19,0.4750,0.7143,7,5,1,0,0,5,1,0.8000
4,236.0000,41,4,774.3524,-85.2285,0.4761,9,0.2250,0.6000,5,8,8,0,0,8,8,0.0000
4,236.0000,41,5,631.6538,-85.7978,0.0327,7,0.1750,1.0000,8,8,7,0,0,8,7,0.1250
4,236.0000,41,6,360.1325,-79.5164,-0.6951,28,0.7000,0.7143,7,5,4,0,0,5,4,0.2000
4,236.0000,41,7,235.2721,-76.5132,-0.2373,33,0.8250,0.4000,5,4,0,0,0,4,0,1.0000
4,236.0000,41,8,653.5449,-84.5839,-0.2987,16,0.4000,1.0000,8,8,7,0,0,8,7,0.1250
4,236.0000,41,10,961.8475,-88.1882,0.3533,3,0.0750,1.0000,6,8,7,0,0,8,7,0.1250
4,236.0000,41,11,596.8582,-84.4887,-0.4733,12,0.3000,0.8571,7,7,5,0,0,7,5,0.2857
4,236.0000,41,12,559.9836,-84.0128,-0.7069,11,0.2750,0.7143,7,8,7,0,0,8,7,0.1250
4,236.0000,41,14,756.7578,-86.4861,0.1027,5,0.1250,0.7143,7,8,7,0,0,8,7,0.1250
4,236.0000,41,16,430.6558,-82.5091,0.6912,16,0.4000,0.2000,5,5,2,0,0,5,2,0.6000
4,236.0000,41,17,767.9462,-85.6438,0.3904,5,0.1250,0.8571,7,8,8,0,0,8,8,0.0000
4,236.0000,41,20,311.9407,-79.1685,0.4098,30,0.7500,0.4000,5,6,4,0,0,6,4,0.3333
4,236.0000,41,22,462.6098,-83.4361,-0.0445,22,0.5500,0.7500,8,7,6,0,0,7,6,0.1429
4,236.0000,41,23,406.1837,-81.1082,-0.1143,25,0.6250,0.2000,5,6,4,0,0,6,4,0.3333
4,236.0000,41,24,250.0583,-76.0344,-0.4491,36,0.9000,0.0000,4,5,2,0,0,5,2,0.6000
4,236.0000,41,26,605.7491,-85.5887,-0.1867,10,0.2500,1.0000,8,8,8,0,0,8,8,0.0000
4,236.0000,41,29,819.5805,-88.7838,0.6565,4,0.1000,1.0000,8,8,8,0,0,8,8,0.0000
4,236.0000,41,33,307.8368,-79.1953,-0.2600,26,0.6500,0.6667,6,5,2,0,0,5,2,0.6000
4,236.0000,41,34,674.0922,-84.6480,-0.3969,7,0.1750,1.0000,8,8,6,0,0,8,6,0.2500
4,236.0000,41,35,765.4859,-87.4236,0.2836,8,0.2000,1.0000,8,8,7,0,0,8,7,0.1250
4,236.0000,41,37,966.4818,-87.7535,-0.1627,7,0.1750,0.8750,8,7,6,0,0,7,6,0.1429
4,236.0000,41,38,111.3579,-73.0977,1.8000,33,0.8250,0.0000,4,4,0,0,0,4,0,1.0000
4,236.0000,41,42,924.8293,-88.3372,1.2226,3,0.0750,1.0000,2,8,8,0,0,8,8,0.0000
4,236.0000,41,43,381.3205,-78.6561,-1.2414,28,0.7000,0.0000,4,7,6,0,0,7,6,0.1429
4,236.0000,41,47,169.9923,-74.9842,0.9408,36,0.9000,0.2000,5,4,0,0,0,4,0,1.0000
4,236.0000,42,4,209.3889,-76.4422,0.5598,33,0.8250,0.5000,8,5,1,0,0,5,1,0.8000
4,236.0000,42,5,461.0751,-82.6313,-0.2083,16,0.4000,0.4000,5,6,4,0,0,6,4,0.3333
4,236.0000,42,6,716.4077,-87.0355,-0.6400,5,0.1250,1.0000,8,8,8,0,0,8,8,0.0000
4,236.0000,42,10,857.2164,-87.0884,-1.1794,6,0.1500,0.8571,7,8,7,0,0,8,7,0.1250
4,236.0000,42,11,557.8726,-84.6988,-0.2525,9,0.2250,0.8750,8,6,4,0,0,6,4,0.3333
4,236.0000,42,12,650.7409,-85.6973,0.7418,4,0.1000,1.0000,8,6,5,0,0,6,5,0.1667
4,236.0000,42,13,547.0938,-84.3468,0.2334,13,0.3250,0.8750,8,7,5,0,0,7,5,0.2857
4,236.0000,42,14,494.7494,-82.7719,0.3404,16,0.4000,0.6667,6,8,8,0,0,8,8,0.0000
4,236.0000,42,17,622.2684,-85.7562,-0.2830,8,0.2000,0.8571,7,7,6,0,0,7,6,0.1429
4,236.0000,42,20,760.4375,-87.5077,-0.0799,3,0.0750,0.8571,7,8,8,0,0,8,8,0.0000
4,236.0000,42,23,1071.4812,-87.7573,-0.3306,3,0.0750,1.0000,4,8,8,0,0,8,8,0.0000
4,236.0000,42,24,1009.6025,-87.2739,0.0107,3,0.0750,1.0000,8,8,8,0,0,8,8,0.0000
4,236.0000,42,26,344.8996,-79.0177,-0.4180,20,0.5000,0.8571,7,6,3,0,0,6,3,0.5000
4,236.0000,42,29,239.3728,-77.0144,-0.3523,27,0.6750,0.2000,5,9,6,0,0,9,6,0.3333
4,236.0000,42,31,485.1602,-83.1711,-0.1224,16,0.4000,0.4000,5,7,6,0,0,7,6,0.1429
4,236.0000,42,34,546.2463,-84.5108,-0.5829,6,0.1500,0.8750,8,7,6,0,0,7,6,0.1429
4,236.0000,42,35,818.4285,-87.0346,0.4984,7,0.1750,0.7143,7,5,4,0,0,5,4,0.2000
4,236.0000,42,37,907.7129,-87.7216,-0.8976,7,0.1750,1.0000,6,8,8,0,0,8,8,0.0000
4,236.0000,42,38,914.3200,-89.0235,1.0133,3,0.0750,1.0000,8,8,8,0,0,8,8,0.0000
4,236.0000,42,41,924.8293,-87.1322,1.6418,3,0.0750,1.0000,8,8,8,0,0,8,8,0.0000
4,236.0000,42,43,698.4970,-86.0655,0.6972,5,0.1250,1.0000,8,7,6,0,0,7,6,0.1429
4,236.0000,42,47,889.1292,-88.6518,-0.1422,3,0.0750,1.0000,4,5,4,0,0,5,4,0.2000
4,236.0000,43,2,490.6863,-82.3123,-0.8320,27,0.6923,0.6250,8,7,4,0,0,7,4,0.4286
4,236.0000,43,3,349.2065,-81.8478,0.3695,28,0.7179,0.0000,4,7,3,0,0,7,3,0.5714
4,236.0000,43,4,575.5165,-84.9394,0.0391,17,0.4359,0.6667,6,8,8,0,0,8,8,0.0000
4,236.0000,43,5,557.8731,-84.6416,-0.1206,16,0.4103,1.0000,8,7,6,0,0,7,6,0.1429
4,236.0000,43,6,400.2135,-81.0921,-1.0077,25,0.6410,0.3333,6,7,5,0,0,7,5,0.2857
4,236.0000,43,7,528.7361,-82.7304,-0.6883,28,0.7179,0.7500,8,8,7,0,0,8,7,0.1250
4,236.0000,43,8,898.3360,-88.0060,-0.5692,6,0.1538,1.0000,8,8,8,0,0,8,8,0.0000
4,236.0000,43,10,594.5933,-85.1788,0.2377,18,0.4615,0.3333,6,7,5,0,0,7,5,0.2857
4,236.0000,43,11,285.9448,-79.4006,0.0975,34,0.8718,0.0000,4,5,2,0,0,5,2,0.6000
4,236.0000,43,12,659.8488,-86.2565,0.3465,15,0.3846,0.8571,7,7,6,0,0,7,6,0.1429
4,236.0000,43,13,1054.7307,-88.5529,-0.6850,4,0.1026,1.0000,8,2,2,0,0,2,2,0.0000
4,236.0000,43,14,491.1096,-85.0262,0.0964,22,0.5641,0.7500,8,7,4,0,0,7,4,0.4286
4,236.0000,43,16,127.3365,-75.9418,1.2523,34,0.8718,0.5000,6,4,0,0,0,4,0,1.0000
4,236.0000,43,17,394.4443,-82.7246,-0.1311,29,0.7436,0.4000,5,5,1,0,0,5,1,0.8000
4,236.0000,43,20,497.7807,-83.4709,-0.5062,22,0.5641,0.7500,8,8,7,0,0,8,7,0.1250
4,236.0000,43,22,590.1954,-84.4344,-0.0602,27,0.6923,0.8750,8,7,5,0,0,7,5,0.2857
4,236.0000,43,23,399.8701,-81.3543,0.0364,29,0.7436,0.8571,7,6,2,0,0,6,2,0.6667
4,236.0000,43,24,581.5805,-83.6974,-0.7856,21,0.5385,0.5714,7,6,4,0,0,6,4,0.3333
4,236.0000,43,26,471.5886,-84.2263,0.2972,19,0.4872,0.6667,6,8,7,0,0,8,7,0.1250
4,236.0000,43,29,605.2283,-85.7588,0.1638,15,0.3846,0.5714,7,5,2,0,0,5,2,0.6000
4,236.0000,43,31,1022.8362,-87.9818,-0.3315,7,0.1795,1.0000,4,4,4,0,0,4,4,0.0000
4,236.0000,43,33,269.6968,-78.5758,0.6913,30,0.7692,0.0000,4,4,0,0,0,4,0,1.0000
4,236.0000,43,34,663.6372,-87.2125,-0.0200,12,0.3077,0.8750,8,8,6,0,0,8,6,0.2500
4,236.0000,43,35,425.7318,-84.0638,0.6812,24,0.6154,0.0000,4,6,2,0,0,6,2,0.6667
4,236.0000,43,37,622.8138,-86.3008,-0.1927,24,0.6154,0.6667,6,5,1,0,0,5,1,0.8000
4,236.0000,43,38,343.9584,-79.6421,-0.4409,31,0.7949,0.0000,4,4,0,0,0,4,0,1.0000
4,236.0000,43,41,381.3205,-79.1359,-1.3141,31,0.7949,0.5000,6,6,4,0,0,6,4,0.3333
4,236.0000,43,42,698.4970,-85.6520,0.1531,15,0.3846,0.6000,5,8,8,0,0,8,8,0.0000
4,236.0000,43,47,344.6229,-80.0834,-1.2574,28,0.7179,0.5000,4,8,6,0,0,8,6,0.2500
4,236.0000,44,0,811.6069,-87.1440,0.3003,7,0.1750,0.8571,7,8,8,0,0,8,8,0.0000
4,236.0000,44,1,707.9850,-86.6286,-0.9685,8,0.2000,0.8571,7,8,8,0,0,8,8,0.0000
4,236.0000,44,9,503.0754,-84.0229,-0.1235,22,0.5500,0.8571,7,6,4,0,0,6,4,0.3333
4,236.0000,44,15,725.7825,-87.2245,0.0700,3,0.0750,1.0000,8,8,8,0,0,8,8,0.0000
4,236.0000,44,19,566.0589,-84.8334,0.0833,13,0.3250,0.8571,7,5,2,0,0,5,2,0.6000
4,236.0000,44,21,366.5607,-81.0415,-0.2113,31,0.7750,0.5000,6,5,1,0,0,5,1,0.8000
4,236.0000,44,25,615.8023,-85.0690,0.1047,15,0.3750,0.6667,6,8,7,0,0,8,7,0.1250
4,236.0000,44,27,671.9131,-85.9340,0.1849,11,0.2750,0.8750,8,8,7,0,0,8,7,0.1250
4,236.0000,44,28,273.3195,-79.8111,0.7229,25,0.6250,0.4000,5,4,0,0,0,4,0,1.0000
4,236.0000,44,30,184.1261,-77.5681,1.7586,34,0.8500,0.0000,4,4,0,0,0,4,0,1.0000
4,236.0000,44,32,336.3717,-80.9693,0.4940,29,0.7250,0.4000,5,6,3,0,0,6,3,0.5000
4,236.0000,44,36,410.3488,-82.5116,-0.4987,22,0.5500,0.2000,5,6,4,0,0,6,4,0.3333
4,236.0000,44,39,312.3468,-80.6924,0.0989,26,0.6500,0.2000,5,6,2,0,0,6,2,0.6667
4,236.0000,44,40,609.8070,-85.4029,-0.5304,16,0.4000,0.5714,7,8,7,0,0,8,7,0.1250
4,236.0000,44,45,893.5086,-87.3024,-1.3208,6,0.1500,1.0000,10,8,8,0,0,8,8,0.0000
4,236.0000,44,46,946.2823,-87.0382,-0.9704,5,0.1250,1.0000,8,8,8,0,0,8,8,0.0000
4,236.0000,45,0,1027.9038,-88.0879,0.2034,3,0.0750,1.0000,4,6,6,0,0,6,6,0.0000
4,236.0000,45,1,850.9532,-87.2119,0.2018,5,0.1250,1.0000,8,8,8,0,0,8,8,0.0000
4,236.0000,45,4,879.5247,-87.7822,3.0093,3,0.0750,1.0000,4,4,4,0,0,4,4,0.0000
4,236.0000,45,5,832.9768,-87.5080,-1.6325,3,0.0750,1.0000,8,8,8,0,0,8,8,0.0000
4,236.0000,45,8,529.7269,-85.0441,0.4549,12,0.3000,1.0000,6,7,5,0,0,7,5,0.2857
4,236.0000,45,12,551.5546,-84.4184,-0.9065,10,0.2500,0.8889,9,7,6,0,0,7,6,0.1429
4,236.0000,45,13,586.1171,-84.7929,-0.2262,10,0.2500,0.6667,6,8,7,0,0,8,7,0.1250
4,236.0000,45,15,459.7872,-81.9066,-0.3432,20,0.5000,0.7143,7,8,7,0,0,8,7,0.1250
4,236.0000,45,18,726.1567,-86.3162,0.0563,10,0.2500,0.8571,7,8,8,0,0,8,8,0.0000
4,236.0000,45,19,539.1020,-83.6666,-0.4576,16,0.4000,0.8750,8,8,6,0,0,8,6,0.2500
4,236.0000,45,20,782.9997,-86.8794,0.7804,5,0.1250,1.0000,8,8,8,0,0,8,8,0.0000
4,236.0000,45,21,576.9921,-84.9408,-0.5347,17,0.4250,1.0000,8,7,6,0,0,7,6,0.1429
4,236.0000,45,25,780.7897,-86.7045,0.5627,7,0.1750,1.0000,8,8,8,0,0,8,8,0.0000
4,236.0000,45,26,836.2991,-88.4326,-0.3104,4,0.1000,1.0000,8,8,8,0,0,8,8,0.0000
4,236.0000,45,27,339.7565,-81.0515,-0.1383,23,0.5750,0.2000,5,5,2,0,0,5,2,0.6000
4,236.0000,45,28,710.3190,-86.4179,0.4300,8,0.2000,1.0000,8,6,6,0,0,6,6,0.0000
4,236.0000,45,30,818.1866,-86.0046,-0.0052,9,0.2250,0.8750,8,8,7,0,0,8,7,0.1250
4,236.0000,45,31,710.2280,-86.3172,0.8467,7,0.1750,1.0000,8,8,8,0,0,8,8,0.0000
4,236.0000,45,32,708.4621,-85.7618,-0.2749,15,0.3750,1.0000,8,7,6,0,0,7,6,0.1429
4,236.0000,45,34,750.2204,-86.6753,-0.2185,5,0.1250,1.0000,8,8,8,0,0,8,8,0.0000
4,236.0000,45,36,534.8161,-84.7873,0.5622,14,0.3500,0.8571,7,7,6,0,0,7,6,0.1429
4,236.0000,45,39,750.9311,-85.7221,-1.1951,12,0.3000,0.7500,8,8,8,0,0,8,8,0.0000
4,236.0000,45,40,906.4563,-87.5669,-0.4242,5,0.1250,1.0000,6,6,6,0,0,6,6,0.0000
4,236.0000,45,44,893.5086,-88.0766,-0.1166,7,0.1750,1.0000,8,8,8,0,0,8,8,0.0000
4,236.0000,45,46,893.4128,-88.0044,-0.4653,6,0.1500,0.8571,7,8,7,0,0,8,7,0.1250
4,236.0000,46,0,384.0071,-82.5540,0.2472,28,0.7000,0.3333,6,6,2,0,0,6,2,0.6667
4,236.0000,46,1,248.7217,-77.4315,0.3385,33,0.8250,0.3333,6,4,0,0,0,4,0,1.0000
4,236.0000,46,9,571.5152,-85.7992,0.1860,25,0.6250,0.8571,7,7,4,0,0,7,4,0.4286
4,236.0000,46,13,679.6786,-85.6722,0.0648,10,0.2500,1.0000,8,8,8,0,0,8,8,0.0000
4,236.0000,46,15,996.4966,-87.6184,-0.7493,3,0.0750,1.0000,8,6,6,0,0,6,6,0.0000
4,236.0000,46,18,323.4764,-76.8759,-1.2789,36,0.9000,0.2000,5,4,0,0,0,4,0,1.0000
4,236.0000,46,19,562.6505,-84.7742,-0.4700,20,0.5000,0.5000,6,6,4,0,0,6,4,0.3333
4,236.0000,46,21,798.6770,-86.3783,0.0678,13,0.3250,0.8571,7,8,8,0,0,8,8,0.0000
4,236.0000,46,25,331.5294,-80.1113,0.6460,33,0.8250,0.5000,6,5,1,0,0,5,1,0.8000
4,236.0000,46,27,612.7659,-82.9299,-0.7348,22,0.5500,0.6250,8,7,6,0,0,7,6,0.1429
4,236.0000,46,28,774.1379,-85.9656,-0.7248,12,0.3000,0.8571,7,8,8,0,0,8,8,0.0000
4,236.0000,46,30,1040.4969,-87.5368,0.9236,4,0.1000,,0,8,8,0,0,8,8,0.0000
4,236.0000,46,31,731.6008,-85.2200,-0.8558,5,0.1250,1.0000,8,8,8,0,0,8,8,0.0000
4,236.0000,46,32,961.4850,-86.0945,0.0637,7,0.1750,1.0000,8,8,8,0,0,8,8,0.0000
4,236.0000,46,36,675.8057,-86.6186,-0.6319,15,0.3750,1.0000,8,8,8,0,0,8,8,0.0000
4,236.0000,46,39,736.7463,-84.9603,-0.7167,15,0.3750,0.7143,7,8,8,0,0,8,8,0.0000
4,236.0000,46,40,440.2011,-82.6687,0.3169,30,0.7500,0.4000,5,6,4,0,0,6,4,0.3333
4,236.0000,46,44,946.2823,-88.5150,0.2253,4,0.1000,0.8571,7,7,6,0,0,7,6,0.1429
4,236.0000,46,45,893.4128,-86.6603,-0.3369,7,0.1750,1.0000,10,8,8,0,0,8,8,0.0000
4,236.0000,47,2,317.0901,-78.7861,-0.5696,29,0.7250,0.0000,4,6,2,0,0,6,2,0.6667
4,236.0000,47,3,400.0085,-81.6443,-0.1208,27,0.6750,0.6667,6,7,5,0,0,7,5,0.2857
4,236.0000,47,4,770.4005,-87.3228,0.3591,5,0.1250,0.7143,7,8,8,0,0,8,8,0.0000
4,236.0000,47,5,558.6725,-84.6085,-0.2317,8,0.2000,1.0000,8,6,3,0,0,6,3,0.5000
4,236.0000,47,6,248.0853,-77.6147,-0.4196,34,0.8500,0.0000,4,5,2,0,0,5,2,0.6000
4,236.0000,47,7,227.0745,-72.2831,-2.2970,37,0.9250,0.2000,5,5,1,0,0,5,1,0.8000
4,236.0000,47,8,740.9666,-86.9593,-0.2008,8,0.2000,0.6667,6,8,8,0,0,8,8,0.0000
4,236.0000,47,10,884.8408,-87.9573,0.0695,8,0.2000,1.0000,8,3,2,0,0,3,2,0.3333
4,236.0000,47,11,496.4965,-84.0672,-0.4936,15,0.3750,0.7143,7,7,6,0,0,7,6,0.1429
4,236.0000,47,12,603.6181,-86.4230,0.9953,11,0.2750,0.8750,8,5,2,0,0,5,2,0.6000
4,236.0000,47,14,641.0247,-87.5846,-0.0291,6,0.1500,0.8571,7,6,3,0,0,6,3,0.5000
4,236.0000,47,16,378.6273,-82.2455,1.2369,20,0.5000,0.2000,5,6,3,0,0,6,3,0.5000
4,236.0000,47,17,735.5237,-87.0468,0.0925,8,0.2000,0.8571,7,7,6,0,0,7,6,0.1429
4,236.0000,47,20,391.5496,-83.1182,0.9967,16,0.4000,0.3333,6,6,4,0,0,6,4,0.3333
4,236.0000,47,22,550.6155,-82.8660,-0.3342,22,0.5500,0.5000,6,8,8,0,0,8,8,0.0000
4,236.0000,47,23,465.2126,-82.1614,-0.0756,24,0.6000,0.6667,6,7,5,0,0,7,5,0.2857
4,236.0000,47,24,265.1107,-77.2281,-0.3436,34,0.8500,0.0000,4,5,2,0,0,5,2,0.6000
4,236.0000,47,26,567.2146,-85.5542,0.6749,8,0.2000,1.0000,8,8,7,0,0,8,7,0.1250
4,236.0000,47,29,746.1249,-88.0576,-0.2572,6,0.1500,1.0000,8,7,6,0,0,7,6,0.1429
4,236.0000,47,33,275.8153,-76.3292,-1.2883,34,0.8500,0.2000,5,4,0,0,0,4,0,1.0000
4,236.0000,47,34,608.1472,-87.0643,0.1390,6,0.1500,1.0000,8,6,4,0,0,6,4,0.3333
4,236.0000,47,35,668.1597,-86.4456,0.7666,12,0.3000,0.7143,7,7,6,0,0,7,6,0.1429
4,236.0000,47,37,864.4808,-86.7582,-0.8161,7,0.1750,0.8571,7,8,6,0,0,8,6,0.2500
4,236.0000,47,38,68.5459,-63.8570,-0.4413,36,0.9000,0.0000,4,5,1,0,0,5,1,0.8000
4,236.0000,47,41,169.9923,-75.1657,0.5606,33,0.8250,0.2000,5,4,0,0,0,4,0,1.0000
4,236.0000,47,42,889.1292,-88.4319,2.4420,3,0.0750,1.0000,4,8,8,0,0,8,8,0.0000
4,236.0000,47,43,344.6229,-79.9368,0.0052,25,0.6250,0.6667,6,6,3,0,0,6,3,0.5000
4,240.0000,0,1,276.2827,-78.6555,-0.3775,35,0.8750,0.0000,4,5,2,0,0,5,2,0.6000
4,240.0000,0,9,264.0218,-80.1601,0.3311,34,0.8500,0.5000,6,7,3,0,0,7,3,0.5714
4,240.0000,0,18,740.0706,-85.3387,-0.2534,13,0.3250,1.0000,8,8,8,0,0,8,8,0.0000
4,240.0000,0,19,504.6398,-84.6232,0.1307,17,0.4250,0.7143,7,8,6,0,0,8,6,0.2500
4,240.0000,0,21,625.4079,-85.3601,0.5875,15,0.3750,0.7143,7,8,7,0,0,8,7,0.1250
4,240.0000,0,25,292.8880,-80.2561,0.8249,29,0.7250,0.4000,5,5,1,0,0,5,1,0.8000
4,240.0000,0,27,736.0767,-86.0174,0.4099,8,0.2000,1.0000,8,6,4,0,0,6,4,0.3333
4,240.0000,0,28,638.6279,-86.6740,-0.4442,19,0.4750,0.6667,6,7,6,0,0,7,6,0.1429
4,240.0000,0,30,865.1525,-87.2591,0.8069,6,0.1500,1.0000,8,8,8,0,0,8,8,0.0000
4,240.0000,0,36,497.4081,-85.0291,0.6201,19,0.4750,0.8750,8,6,3,0,0,6,3,0.5000
4,240.0000,0,39,627.4111,-84.9734,0.5857,16,0.4000,0.8750,8,7,3,0,0,7,3,0.5714
4,240.0000,0,40,193.3973,-75.6693,0.6272,37,0.9250,0.4000,5,4,0,0,0,4,0,1.0000
4,240.0000,0,44,744.9458,-86.3865,-0.1820,12,0.3000,0.8571,7,7,4,0,0,7,4,0.4286
4,240.0000,0,46,295.1249,-79.7654,0.9066,32,0.8000,0.5000,6,5,1,0,0,5,1,0.8000
4,240.0000,1,0,276.2827,-78.5535,-0.2943,38,0.9268,0.0000,4,5,1,0,0,5,1,0.8000
4,240.0000,1,9,331.4225,-80.3963,-0.2045,33,0.8049,0.0000,4,4,0,0,0,4,0,1.0000
4,240.0000,1,13,709.1857,-87.2212,1.3678,5,0.1220,1.0000,10,5,3,0,0,5,3,0.4000
4,240.0000,1,15,788.6382,-87.2217,0.3784,5,0.1220,0.7500,8,8,7,0,0,8,7,0.1250
4,240.0000,1,18,493.7399,-82.8800,-0.2972,21,0.5122,0.6667,6,6,4,0,0,6,4,0.3333
4,240.0000,1,19,284.1410,-80.9683,0.4279,26,0.6341,0.0000,4,4,0,0,0,4,0,1.0000
4,240.0000,1,21,578.0196,-85.3036,0.3480,17,0.4146,0.4000,5,7,6,0,0,7,6,0.1429
4,240.0000,1,25,100.5074,-68.7155,-0.0579,40,0.9756,0.0000,4,4,0,0,0,4,0,1.0000
4,240.0000,1,27,550.5909,-84.1061,0.2105,19,0.4634,0.8571,7,7,5,0,0,7,5,0.2857
4,240.0000,1,28,555.4776,-84.6594,0.0205,23,0.5610,0.8750,8,6,3,0,0,6,3,0.5000
4,240.0000,1,30,838.4951,-86.8737,-0.5491,11,0.2683,1.0000,10,8,8,0,0,8,8,0.0000
4,240.0000,1,31,818.2509,-86.9142,1.3681,4,0.0976,1.0000,8,7,6,0,0,7,6,0.1429
4,240.0000,1,32,743.8250,-86.6787,0.3271,11,0.2683,0.8750,8,8,7,0,0,8,7,0.1250
4,240.0000,1,36,352.6277,-82.4661,1.5029,25,0.6098,0.7143,7,5,1,0,0,5,1,0.8000
4,240.0000,1,39,531.5659,-84.6364,0.0695,23,0.5610,0.8571,7,8,6,0,0,8,6,0.2500
4,240.0000,1,40,335.5635,-79.2472,-1.2170,37,0.9024,0.2000,5,6,3,0,0,6,3,0.5000
4,240.0000,1,44,711.1933,-85.8652,-0.4003,12,0.2927,0.8750,8,8,7,0,0,8,7,0.1250
4,240.0000,1,45,841.3887,-86.6336,0.2352,7,0.1707,1.0000,8,8,8,0,0,8,8,0.0000
4,240.0000,1,46,134.2667,-74.9860,1.3614,38,0.9268,0.0000,4,4,0,0,0,4,0,1.0000
4,240.0000,2,3,392.8620,-80.8362,0.2231,29,0.7250,0.2000,5,8,6,0,0,8,6,0.2500
4,240.0000,2,4,843.9766,-87.4481,0.2638,6,0.1500,1.0000,6,8,8,0,0,8,8,0.0000
4,240.0000,2,5,607.4360,-85.5316,1.0203,9,0.2250,1.0000,8,7,6,0,0,7,6,0.1429
4,240.0000,2,6,519.0474,-83.6828,0.4305,14,0.3500,0.5000,6,8,7,0,0,8,7,0.1250
4,240.0000,2,7,297.5152,-78.1791,-0.1343,34,0.8500,0.0000,4,4,0,0,0,4,0,1.0000
4,240.0000,2,8,658.8940,-85.6132,0.4457,16,0.4000,1.0000,8,8,7,0,0,8,7,0.1250
4,240.0000,2,10,905.8850,-86.7704,1.0640,4,0.1000,1.0000,8,8,8,0,0,8,8,0.0000
4,240.0000,2,11,689.9800,-85.5900,0.5843,11,0.2750,1.0000,8,7,6,0,0,7,6,0.1429
4,240.0000,2,12,536.2657,-85.8419,-0.1332,12,0.3000,0.8750,8,7,4,0,0,7,4,0.4286
4,240.0000,2,14,748.4602,-86.7842,1.0057,11,0.2750,0.8750,8,8,8,0,0,8,8,0.0000
4,240.0000,2,16,333.5100,-82.5633,1.3995,20,0.5000,0.8750,8,6,1,0,0,6,1,0.8333
4,240.0000,2,17,823.8891,-86.6458,-0.2610,6,0.1500,1.0000,8,7,6,0,0,7,6,0.1429
4,240.0000,2,20,344.7217,-81.1257,0.5548,24,0.6000,0.2500,4,7,6,0,0,7,6,0.1429
4,240.0000,2,22,426.2287,-82.0310,-0.1924,31,0.7750,0.5000,6,8,8,0,0,8,8,0.0000
4,240.0000,2,23,418.1233,-81.7413,-0.4419,27,0.6750,0.8000,5,8,7,0,0,8,7,0.1250
4,240.0000,2,24,353.0950,-80.1729,0.3552,27,0.6750,0.5714,7,5,2,0,0,5,2,0.6000
4,240.0000,2,26,537.2956,-85.1749,0.4835,10,0.2500,1.0000,8,7,6,0,0,7,6,0.1429
4,240.0000,2,29,812.8095,-87.7880,-0.8858,6,0.1500,1.0000,8,8,8,0,0,8,8,0.0000
4,240.0000,2,33,393.7953,-81.1088,-0.6931,28,0.7000,0.7143,7,7,4,0,0,7,4,0.4286
4,240.0000,2,34,672.5284,-86.8406,-0.3147,7,0.1750,1.0000,8,8,6,0,0,8,6,0.2500
4,240.0000,2,35,695.1103,-88.5686,0.5487,10,0.2500,1.0000,8,8,8,0,0,8,8,0.0000
4,240.0000,2,38,186.6315,-76.5120,0.8506,33,0.8250,0.0000,4,5,1,0,0,5,1,0.8000
4,240.0000,2,41,92.9176,-70.1721,1.8478,37,0.9250,0.0000,4,5,1,0,0,5,1,0.8000
4,240.0000,2,42,972.2282,-88.9196,-0.7904,3,0.0750,1.0000,4,8,8,0,0,8,8,0.0000
4,240.0000,2,43,498.5026,-84.1177,-0.3000,19,0.4750,0.5000,6,8,6,0,0,8,6,0.2500
4,240.0000,2,47,290.8590,-79.4662,-0.0233,26,0.6500,0.0000,4,5,2,0,0,5,2,0.6000
4,240.0000,3,2,392.8620,-81.5980,0.4702,24,0.6000,0.7143,7,8,8,0,0,8,8,0.0000
4,240.0000,3,4,895.4170,-88.9457,-0.3671,3,0.0750,1.0000,4,8,8,0,0,8,8,0.0000
4,240.0000,3,5,697.9146,-86.5991,-0.2194,8,0.2000,0.8571,7,8,7,0,0,8,7,0.1250
4,240.0000,3,6,626.0789,-85.8338,-0.3093,14,0.3500,1.0000,8,8,7,0,0,8,7,0.1250
4,240.0000,3,7,405.5874,-82.1843,0.1436,27,0.6750,0.5000,6,7,5,0,0,7,5,0.2857
4,240.0000,3,8,1007.6530,-88.6977,0.5162,4,0.1000,1.0000,8,6,6,0,0,6,6,0.0000
4,240.0000,3,10,595.9124,-85.9372,0.4391,14,0.3500,0.8571,7,8,7,0,0,8,7,0.1250
4,240.0000,3,11,553.7135,-85.5119,1.1414,13,0.3250,1.0000,8,6,4,0,0,6,4,0.3333
4,240.0000,3,12,788.0892,-87.9149,5.9466,4,0.1000,0.8750,8,7,6,0,0,7,6,0.1429
4,240.0000,3,14,677.9094,-86.1029,1.3307,7,0.1750,0.8571,7,8,8,0,0,8,8,0.0000
4,240.0000,3,16,179.9936,-75.8381,0.5821,34,0.8500,0.0000,3,6,3,0,0,6,3,0.5000
4,240.0000,3,17,610.6329,-84.6692,0.8896,19,0.4750,0.7500,8,7,6,0,0,7,6,0.1429
4,240.0000,3,20,621.5905,-85.1662,-0.6183,8,0.2000,0.7143,7,6,3,0,0,6,3,0.5000
4,240.0000,3,22,342.2987,-79.9858,-0.4926,34,0.8500,0.2000,5,6,3,0,0,6,3,0.5000
4,240.0000,3,23,191.3179,-74.9402,-0.2585,37,0.9250,0.4286,7,5,2,0,0,5,2,0.6000
4,240.0000,3,24,657.5610,-85.2534,-0.2633,11,0.2750,0.8750,8,7,4,0,0,7,4,0.4286
4,240.0000,3,26,630.3629,-86.6200,0.0061,10,0.2500,0.8571,7,7,6,0,0,7,6,0.1429
4,240.0000,3,29,785.6582,-85.3429,0.2166,4,0.1000,0.8571,7,8,8,0,0,8,8,0.0000
4,240.0000,3,33,64.5460,-68.1416,1.4654,36,0.9000,0.2000,5,5,1,0,0,5,1,0.8000
4,240.0000,3,35,365.9983,-82.6401,1.3089,25,0.6250,0.6667,6,6,4,0,0,6,4,0.3333
4,240.0000,3,37,599.3809,-85.9165,0.3670,17,0.4250,0.8750,8,7,6,0,0,7,6,0.1429
4,240.0000,3,38,434.6751,-81.5920,0.2585,21,0.5250,0.7143,7,7,5,0,0,7,5,0.2857
4,240.0000,3,41,372.4830,-80.9442,-0.3613,28,0.7000,0.5000,6,7,5,0,0,7,5,0.2857
4,240.0000,3,42,1008.3762,-89.2400,0.9855,3,0.0750,1.0000,8,4,4,0,0,4,4,0.0000
4,240.0000,3,43,281.9113,-79.6423,0.6770,26,0.6500,0.5000,6,7,4,0,0,7,4,0.4286
4,240.0000,3,47,444.3473,-82.0938,-0.6190,23,0.5750,0.6667,6,7,5,0,0,7,5,0.2857
4,240.0000,4,2,843.9766,-87.3358,0.1419,8,0.2000,1.0000,8,8,7,0,0,8,7,0.1250
4,240.0000,4,3,895.4170,-88.2158,-0.3048,5,0.1250,1.0000,8,6,6,0,0,6,6,0.0000
4,240.0000,4,5,503.8392,-83.8724,-0.1996,17,0.4250,0.5714,7,8,8,0,0,8,8,0.0000
4,240.0000,4,6,612.1724,-85.0209,1.2038,12,0.3000,0.8571,7,8,6,0,0,8,6,0.2500
4,240.0000,4,7,1049.6988,-88.3507,-0.4781,5,0.1250,1.0000,8,6,6,0,0,6,6,0.0000
4,240.0000,4,8,797.4838,-86.8700,-0.6824,4,0.1000,1.0000,8,6,6,0,0,6,6,0.0000
4,240.0000,4,10,810.8752,-87.4861,0.6429,8,0.2000,1.0000,4,8,8,0,0,8,8,0.0000
4,240.0000,4,11,525.6465,-84.1238,0.2884,14,0.3500,0.6667,6,8,7,0,0,8,7,0.1250
4,240.0000,4,12,491.1533,-84.0096,-1.0520,17,0.4250,0.7143,7,6,6,0,0,6,6,0.0000
4,240.0000,4,13,609.1498,-85.5721,0.2239,11,0.2750,1.0000,8,8,8,0,0,8,8,0.0000
4,240.0000,4,14,535.2216,-84.2595,-0.1774,15,0.3750,1.0000,8,8,7,0,0,8,7,0.1250
4,240.0000,4,16,730.7217,-87.1163,0.8753,9,0.2250,0.8571,7,8,8,0,0,8,8,0.0000
4,240.0000,4,17,581.7979,-85.6839,0.2305,15,0.3750,0.6667,6,7,5,0,0,7,5,0.2857
4,240.0000,4,18,897.6447,-87.7235,0.2050,4,0.1000,1.0000,2,8,8,0,0,8,8,0.0000
4,240.0000,4,20,586.6261,-85.4159,0.8929,13,0.3250,1.0000,8,7,6,0,0,7,6,0.1429
4,240.0000,4,22,1128.1047,-88.6335,-0.1676,4,0.1000,,0,4,4,0,0,4,4,0.0000
4,240.0000,4,23,979.4660,-88.7728,0.3491,5,0.1250,1.0000,8,6,6,0,0,6,6,0.0000
4,240.0000,4,24,921.5186,-88.2372,0.0799,6,0.1500,1.0000,8,8,8,0,0,8,8,0.0000
4,240.0000,4,26,376.4989,-80.0226,-0.5382,17,0.4250,0.7143,7,8,8,0,0,8,8,0.0000
4,240.0000,4,27,1011.1666,-89.1176,0.0872,4,0.1000,,0,3,2,0,0,3,2,0.3333
4,240.0000,4,29,347.2098,-80.0766,-0.3760,20,0.5000,0.7143,7,8,8,0,0,8,8,0.0000
4,240.0000,4,31,571.1489,-84.8423,0.3536,16,0.4000,0.8571,7,8,8,0,0,8,8,0.0000
4,240.0000,4,33,881.1179,-88.0030,-0.1716,8,0.2000,1.0000,8,8,7,0,0,8,7,0.1250
4,240.0000,4,34,552.4996,-83.6536,-0.7740,14,0.3500,1.0000,8,8,8,0,0,8,8,0.0000
4,240.0000,4,35,842.7428,-86.5173,-0.6353,7,0.1750,1.0000,8,8,8,0,0,8,8,0.0000
4,240.0000,4,37,877.2315,-87.4997,0.4959,5,0.1250,1.0000,8,8,8,0,0,8,8,0.0000
4,240.0000,4,38,831.7394,-87.6564,0.0720,8,0.2000,1.0000,8,8,8,0,0,8,8,0.0000
4,240.0000,4,41,890.2021,-87.4079,-0.0131,9,0.2250,0.8571,7,6,6,0,0,6,6,0.0000
4,240.0000,4,42,176.5044,-74.7676,0.5613,37,0.9250,0.0000,4,4,0,0,0,4,0,1.0000
4,240.0000,4,43,649.7966,-86.2034,-0.1503,11,0.2750,0.8571,7,8,7,0,0,8,7,0.1250
4,240.0000,4,45,784.5919,-86.5398,-0.2996,6,0.1500,1.0000,8,4,2,0,0,4,2,0.5000
4,240.0000,4,47,756.8072,-87.0795,0.0890,10,0.2500,0.8571,7,8,8,0,0,8,8,0.0000
4,240.0000,5,2,607.4360,-86.2547,1.5512,11,0.2750,1.0000,8,7,6,0,0,7,6,0.1429
4,240.0000,5,3,697.9146,-87.3984,0.1515,9,0.2250,1.0000,8,7,3,0,0,7,3,0.5714
4,240.0000,5,4,503.8392,-82.4233,-1.0873,17,0.4250,0.8571,7,6,4,0,0,6,4,0.3333
4,240.0000,5,6,131.7293,-76.4278,1.9602,29,0.7250,0.3333,6,4,0,0,0,4,0,1.0000
4,240.0000,5,7,695.9024,-86.7321,0.3155,9,0.2250,0.8571,7,7,6,0,0,7,6,0.1429
4,240.0000,5,8,654.3409,-86.2178,0.3381,8,0.2000,0.8571,7,8,8,0,0,8,8,0.0000
4,240.0000,5,10,809.9805,-87.6519,-0.0237,9,0.2250,1.0000,4,6,6,0,0,6,6,0.0000
4,240.0000,5,11,387.6197,-82.3740,-0.1931,21,0.5250,0.5000,6,7,6,0,0,7,6,0.1429
4,240.0000,5,12,374.2486,-81.9133,-0.3080,20,0.5000,0.8571,7,8,7,0,0,8,7,0.1250
4,240.0000,5,13,709.8047,-86.8144,-0.7070,10,0.2500,0.6667,6,7,6,0,0,7,6,0.1429
4,240.0000,5,14,287.3885,-81.0719,1.7493,24,0.6000,0.4000,5,6,3,0,0,6,3,0.5000
4,240.0000,5,15,1151.4967,-88.4657,-0.1473,4,0.1000,1.0000,2,2,2,0,0,2,2,0.0000
4,240.0000,5,16,525.4552,-84.9048,1.2074,16,0.4000,0.8571,7,8,8,0,0,8,8,0.0000
4,240.0000,5,17,718.6798,-87.6910,0.3128,10,0.2500,0.8889,9,5,4,0,0,5,4,0.2000
4,240.0000,5,20,387.9841,-82.7079,0.3043,15,0.3750,0.5000,6,6,4,0,0,6,4,0.3333
4,240.0000,5,22,956.8337,-89.0909,-0.3395,4,0.1000,1.0000,8,4,4,0,0,4,4,0.0000
4,240.0000,5,23,843.2679,-87.3088,-0.2352,6,0.1500,0.8750,8,7,6,0,0,7,6,0.1429
4,240.0000,5,24,537.6850,-85.4723,-0.4514,12,0.3000,0.8571,7,6,4,0,0,6,4,0.3333
4,240.0000,5,26,188.2069,-75.0942,0.4040,35,0.8750,0.4000,5,4,0,0,0,4,0,1.0000
4,240.0000,5,27,997.4161,-87.6736,-0.5313,3,0.0750,1.0000,6,2,2,0,0,2,2,0.0000
4,240.0000,5,29,320.6518,-79.3319,-0.4263,26,0.6500,0.5714,7,6,4,0,0,6,4,0.3333
4,240.0000,5,31,659.4599,-85.1533,-0.1588,14,0.3500,1.0000,8,8,7,0,0,8,7,0.1250
4,240.0000,5,33,654.1102,-86.7717,0.5355,11,0.2750,0.8750,8,7,6,0,0,7,6,0.1429
4,240.0000,5,34,119.1159,-70.7517,-0.0160,38,0.9500,0.0000,4,4,0,0,0,4,0,1.0000
4,240.0000,5,35,683.8036,-86.5770,0.7355,11,0.2750,0.8750,8,6,4,0,0,6,4,0.3333
4,240.0000,5,37,783.5444,-87.2131,-0.2786,11,0.2750,1.0000,8,7,4,0,0,7,4,0.4286
4,240.0000,5,38,489.7517,-85.0380,-0.0289,13,0.3250,0.5000,4,7,4,0,0,7,4,0.4286
4,240.0000,5,41,604.6376,-85.3377,-0.6469,8,0.2000,0.5714,7,8,8,0,0,8,8,0.0000
4,240.0000,5,42,526.1205,-82.9869,-0.7273,24,0.6000,0.6667,6,6,3,0,0,6,3,0.5000
4,240.0000,5,43,536.5947,-83.7366,0.1497,15,0.3750,0.8571,7,8,8,0,0,8,8,0.0000
4,240.0000,5,45,798.4517,-86.9488,0.4822,5,0.1250,0.8000,5,7,6,0,0,7,6,0.1429
4,240.0000,5,47,374.3157,-82.7653,0.7907,16,0.4000,0.2000,5,5,4,0,0,5,4,0.2000
4,240.0000,6,2,519.0474,-83.9897,-1.1476,18,0.4500,0.6667,6,7,6,0,0,7,6,0.1429
4,240.0000,6,3,626.0789,-85.5454,0.3792,14,0.3500,0.6667,6,7,6,0,0,7,6,0.1429
4,240.0000,6,4,612.1724,-84.9746,-0.1948,16,0.4000,0.8571,7,8,7,0,0,8,7,0.1250
4,240.0000,6,5,131.7293,-74.7806,2.2638,32,0.8000,0.0000,4,4,0,0,0,4,0,1.0000
4,240.0000,6,7,574.4588,-83.9325,-1.2893,16,0.4000,0.7143,7,7,4,0,0,7,4,0.4286
4,240.0000,6,8,642.2598,-86.2517,0.7504,15,0.3750,1.0000,8,6,6,0,0,6,6,0.0000
4,240.0000,6,10,824.7334,-87.8144,-0.5193,9,0.2250,1.0000,8,6,6,0,0,6,6,0.0000
4,240.0000,6,11,423.6346,-82.7119,0.1471,20,0.5000,0.5000,6,8,7,0,0,8,7,0.1250
4,240.0000,6,12,398.1922,-82.3603,0.7710,20,0.5000,0.6250,8,5,3,0,0,5,3,0.4000
4,240.0000,6,13,825.0703,-87.5926,-0.4774,8,0.2000,1.0000,8,6,6,0,0,6,6,0.0000
4,240.0000,6,14,346.2244,-81.5492,1.0580,26,0.6500,0.4000,5,4,0,0,0,4,0,1.0000
4,240.0000,6,16,464.4691,-83.6082,-0.3846,17,0.4250,0.8571,7,7,5,0,0,7,5,0.2857
4,240.0000,6,17,758.7451,-87.0827,-0.4001,10,0.2500,0.8571,7,7,6,0,0,7,6,0.1429
4,240.0000,6,18,996.4284,-89.1593,0.3761,3,0.0750,1.0000,6,8,8,0,0,8,8,0.0000
4,240.0000,6,20,355.6269,-81.4903,0.7999,25,0.6250,0.6667,6,7,5,0,0,7,5,0.2857
4,240.0000,6,22,871.3716,-87.7400,-0.5662,13,0.3250,0.8571,7,8,8,0,0,8,8,0.0000
4,240.0000,6,23,774.8078,-87.2086,-0.7320,10,0.2500,0.6667,6,8,8,0,0,8,8,0.0000
4,240.0000,6,24,425.7826,-82.2022,-0.0810,26,0.6500,0.2000,5,8,7,0,0,8,7,0.1250
4,240.0000,6,26,251.7278,-78.9001,1.0120,26,0.6500,0.6000,5,4,0,0,0,4,0,1.0000
4,240.0000,6,29,431.0790,-82.9732,0.3836,22,0.5500,0.8571,7,6,3,0,0,6,3,0.5000
4,240.0000,6,31,781.4083,-87.6110,0.2237,9,0.2250,1.0000,6,8,7,0,0,8,7,0.1250
4,240.0000,6,33,578.7395,-84.1116,0.3792,17,0.4250,0.6667,6,7,5,0,0,7,5,0.2857
4,240.0000,6,34,188.8141,-77.9200,1.2630,32,0.8000,0.4000,5,5,1,0,0,5,1,0.8000
4,240.0000,6,35,655.5749,-85.6629,-0.0137,17,0.4250,0.8750,8,7,6,0,0,7,6,0.1429
4,240.0000,6,37,786.2436,-87.6224,-0.2416,10,0.2500,1.0000,8,8,6,0,0,8,6,0.2500
4,240.0000,6,38,378.3924,-80.2788,-0.4275,24,0.6000,0.7143,7,7,6,0,0,7,6,0.1429
4,240.0000,6,41,502.1144,-82.6323,-0.6695,21,0.5250,0.5000,6,7,5,0,0,7,5,0.2857
4,240.0000,6,42,651.7271,-86.5007,-0.5754,12,0.3000,0.4000,5,8,8,0,0,8,8,0.0000
4,240.0000,6,43,515.2399,-84.1054,-0.9797,19,0.4750,0.6667,6,6,4,0,0,6,4,0.3333
4,240.0000,6,45,849.0665,-87.7846,-0.5171,6,0.1500,1.0000,6,8,8,0,0,8,8,0.0000
4,240.0000,6,47,258.2808,-77.3074,-0.0991,29,0.7250,0.2000,5,5,1,0,0,5,1,0.8000
4,240.0000,7,2,297.5152,-78.6199,-0.6717,27,0.6923,0.0000,4,6,4,0,0,6,4,0.3333
4,240.0000,7,3,405.5874,-81.8174,-0.2703,19,0.4872,0.4000,5,7,4,0,0,7,4,0.4286
4,240.0000,7,4,1049.6988,-88.2149,-0.7883,3,0.0769,1.0000,8,6,6,0,0,6,6,0.0000
4,240.0000,7,5,695.9024,-87.8497,0.0123,3,0.0769,1.0000,8,8,8,0,0,8,8,0.0000
4,240.0000,7,6,574.4588,-84.0906,0.2701,11,0.2821,0.5000,6,8,8,0,0,8,8,0.0000
4,240.0000,7,8,849.7157,-86.6644,0.2831,7,0.1795,1.0000,8,8,8,0,0,8,8,0.0000
4,240.0000,7,10,950.4913,-88.4837,0.6879,3,0.0769,1.0000,4,8,8,0,0,8,8,0.0000
4,240.0000,7,11,759.1573,-87.0525,-1.1278,4,0.1026,0.8571,7,8,8,0,0,8,8,0.0000
4,240.0000,7,12,746.7112,-85.4609,0.1346,6,0.1538,1.0000,8,8,8,0,0,8,8,0.0000
4,240.0000,7,16,416.3800,-83.2659,0.7703,16,0.4103,1.0000,8,7,5,0,0,7,5,0.2857
4,240.0000,7,20,565.6809,-84.6177,-0.4267,10,0.2564,1.0000,8,7,6,0,0,7,6,0.1429
4,240.0000,7,22,449.5245,-82.5270,0.1447,22,0.5641,0.7500,8,6,4,0,0,6,4,0.3333
4,240.0000,7,23,480.1117,-84.0155,-0.1854,19,0.4872,0.7500,8,6,3,0,0,6,3,0.5000
4,240.0000,7,24,367.3122,-80.1013,-0.2461,28,0.7179,0.4000,5,5,4,0,0,5,4,0.2000
4,240.0000,7,26,696.9298,-86.9352,1.3193,6,0.1538,0.8571,7,7,6,0,0,7,6,0.1429
4,240.0000,7,29,925.2169,-87.6588,1.4584,6,0.1538,1.0000,8,8,8,0,0,8,8,0.0000
4,240.0000,7,33,382.5262,-80.6311,-0.4764,23,0.5897,0.7143,7,7,5,0,0,7,5,0.2857
4,240.0000,7,34,753.3909,-86.8677,0.8636,5,0.1282,1.0000,8,7,6,0,0,7,6,0.1429
4,240.0000,7,35,684.6010,-86.3556,0.4152,7,0.1795,0.8750,8,7,6,0,0,7,6,0.1429
4,240.0000,7,37,910.8969,-88.3259,0.7723,5,0.1282,1.0000,6,6,6,0,0,6,6,0.0000
4,240.0000,7,38,244.2974,-76.9379,-0.3855,30,0.7692,0.0000,4,6,4,0,0,6,4,0.3333
4,240.0000,7,41,206.8103,-76.7404,0.3854,28,0.7179,0.2000,5,4,0,0,0,4,0,1.0000
4,240.0000,7,43,591.9198,-84.4066,0.0148,13,0.3333,0.8571,7,6,4,0,0,6,4,0.3333
4,240.0000,7,47,324.3760,-78.6813,-0.5126,22,0.5641,0.7143,7,7,5,0,0,7,5,0.2857
4,240.0000,8,2,658.8940,-86.4643,0.4576,5,0.1250,1.0000,8,7,6,0,0,7,6,0.1429
4,240.0000,8,4,797.4838,-87.6606,1.2318,5,0.1250,1.0000,6,8,8,0,0,8,8,0.0000
4,240.0000,8,5,654.3409,-86.2355,0.1085,4,0.1000,1.0000,8,8,7,0,0,8,7,0.1250
4,240.0000,8,6,642.2598,-86.2456,1.5020,5,0.1250,0.8750,8,8,6,0,0,8,6,0.2500
4,240.0000,8,7,849.7157,-86.3829,0.0297,5,0.1250,1.0000,8,7,6,0,0,7,6,0.1429
4,240.0000,8,12,336.2068,-79.6575,0.2225,22,0.5500,0.8750,8,8,6,0,0,8,6,0.2500
4,240.0000,8,13,859.4766,-87.5660,2.2166,3,0.0750,1.0000,4,8,8,0,0,8,8,0.0000
4,240.0000,8,15,765.3531,-86.2113,-0.3341,9,0.2250,0.8571,7,4,4,0,0,4,4,0.0000
4,240.0000,8,19,1033.0893,-89.5349,0.1172,4,0.1000,1.0000,6,8,8,0,0,8,8,0.0000
4,240.0000,8,20,403.9824,-81.6602,-0.1645,12,0.3000,0.8571,7,7,6,0,0,7,6,0.1429
4,240.0000,8,21,972.0217,-88.0224,0.6364,4,0.1000,1.0000,4,2,2,0,0,2,2,0.0000
4,240.0000,8,22,1068.5289,-87.3232,1.6276,4,0.1000,1.0000,8,6,6,0,0,6,6,0.0000
4,240.0000,8,24,525.0059,-84.3205,-0.0648,11,0.2750,0.8571,7,8,8,0,0,8,8,0.0000
4,240.0000,8,26,622.9214,-86.1473,-0.2020,8,0.2000,1.0000,8,8,8,0,0,8,8,0.0000
4,240.0000,8,27,707.5206,-87.1933,0.8657,6,0.1500,0.8750,8,8,7,0,0,8,7,0.1250
4,240.0000,8,29,890.9895,-87.1472,0.6585,3,0.0750,1.0000,8,8,8,0,0,8,8,0.0000
4,240.0000,8,32,988.5736,-88.3895,0.9301,4,0.1000,1.0000,4,2,2,0,0,2,2,0.0000
4,240.0000,8,34,613.4820,-85.5059,1.0354,6,0.1500,1.0000,8,8,7,0,0,8,7,0.1250
4,240.0000,8,38,637.7065,-85.4830,1.0219,7,0.1750,1.0000,8,8,8,0,0,8,8,0.0000
4,240.0000,8,41,702.0996,-84.5680,-0.2031,4,0.1000,1.0000,8,8,8,0,0,8,8,0.0000
4,240.0000,8,45,417.2402,-81.5256,0.6145,16,0.4000,0.8571,7,7,6,0,0,7,6,0.1429
4,240.0000,8,47,655.8012,-87.8600,1.0147,6,0.1500,1.0000,8,7,6,0,0,7,6,0.1429
4,240.0000,9,0,264.0218,-79.0706,0.7070,39,0.9750,0.3333,6,5,1,0,0,5,1,0.8000
4,240.0000,9,1,331.4225,-79.9643,0.3220,30,0.7500,0.0000,4,4,0,0,0,4,0,1.0000
4,240.0000,9,15,803.5542,-86.9179,0.5406,6,0.1500,1.0000,8,8,8,0,0,8,8,0.0000
4,240.0000,9,18,799.4134,-86.8877,-0.2542,5,0.1250,0.6667,6,8,8,0,0,8,8,0.0000
4,240.0000,9,19,405.5900,-83.1512,0.6247,22,0.5500,0.5000,6,4,0,0,0,4,0,1.0000
4,240.0000,9,21,468.6438,-83.4491,-0.0537,28,0.7000,0.7143,7,4,0,0,0,4,0,1.0000
4,240.0000,9,25,277.6527,-78.9027,-0.1273,35,0.8750,0.0000,4,5,1,0,0,5,1,0.8000
4,240.0000,9,27,657.1845,-85.8404,-0.3486,11,0.2750,1.0000,8,8,6,0,0,8,6,0.2500
4,240.0000,9,28,392.6202,-83.0066,-0.1075,24,0.6000,0.3333,6,5,2,0,0,5,2,0.6000
4,240.0000,9,30,610.3901,-85.2340,0.2269,19,0.4750,0.7143,7,6,2,0,0,6,2,0.6667
4,240.0000,9,32,662.1492,-85.8272,0.2408,15,0.3750,1.0000,8,6,3,0,0,6,3,0.5000
4,240.0000,9,36,364.1093,-82.5870,0.1125,25,0.6250,0.7143,7,5,2,0,0,5,2,0.6000
4,240.0000,9,39,386.0715,-82.2737,0.3194,28,0.7000,0.2000,5,6,3,0,0,6,3,0.5000
4,240.0000,9,40,89.9859,-70.0759,1.3240,35,0.8750,0.1667,6,4,0,0,0,4,0,1.0000
4,240.0000,9,44,492.5403,-83.2764,-0.7331,26,0.6500,0.5000,6,6,4,0,0,6,4,0.3333
4,240.0000,9,45,957.5201,-88.6627,-1.0321,3,0.0750,1.0000,8,2,2,0,0,2,2,0.0000
4,240.0000,9,46,427.7115,-83.5142,0.2867,23,0.5750,0.5000,6,5,1,0,0,5,1,0.8000
4,240.0000,10,3,595.9124,-86.9070,0.0185,4,0.0976,0.8571,7,7,6,0,0,7,6,0.1429
4,240.0000,10,11,427.4659,-83.2650,-0.5858,13,0.3171,0.7500,8,8,7,0,0,8,7,0.1250
4,240.0000,10,14,588.7786,-83.9361,0.7518,7,0.1707,1.0000,8,8,8,0,0,8,8,0.0000
4,240.0000,10,16,576.7006,-84.4835,0.6133,9,0.2195,0.9000,10,7,6,0,0,7,6,0.1429
4,240.0000,10,17,280.7338,-78.9632,-0.0400,28,0.6829,0.5714,7,6,3,0,0,6,3,0.5000
4,240.0000,10,22,895.9092,-86.9144,0.0942,5,0.1220,0.8571,7,6,6,0,0,6,6,0.0000
4,240.0000,10,23,701.4086,-86.7444,0.1303,7,0.1707,0.7143,7,7,5,0,0,7,5,0.2857
4,240.0000,10,26,745.3722,-87.5077,-0.5647,3,0.0732,1.0000,8,8,8,0,0,8,8,0.0000
4,240.0000,10,29,650.4694,-86.6445,-0.5823,5,0.1220,0.8571,7,8,7,0,0,8,7,0.1250
4,240.0000,10,33,586.2720,-85.6126,0.0608,5,0.1220,1.0000,8,8,7,0,0,8,7,0.1250
4,240.0000,10,35,284.3750,-77.7774,0.2037,30,0.7317,0.4000,5,6,4,0,0,6,4,0.3333
4,240.0000,10,37,170.9360,-73.8375,0.1676,36,0.8780,0.0000,4,4,0,0,0,4,0,1.0000
4,240.0000,10,42,860.1930,-87.8463,-1.4908,3,0.0732,1.0000,8,6,6,0,0,6,6,0.0000
4,240.0000,10,43,411.4320,-82.3382,0.2252,11,0.2683,1.0000,8,7,4,0,0,7,4,0.4286
4,240.0000,11,2,689.9800,-87.1325,0.1790,8,0.1951,1.0000,8,8,7,0,0,8,7,0.1250
4,240.0000,11,3,553.7135,-84.8557,0.1023,12,0.2927,0.8750,8,7,6,0,0,7,6,0.1429
4,240.0000,11,4,525.6465,-84.1202,0.0834,14,0.3415,0.8750,8,7,5,0,0,7,5,0.2857
4,240.0000,11,5,387.6197,-81.2102,0.3818,23,0.5610,0.5000,6,6,4,0,0,6,4,0.3333
4,240.0000,11,6,423.6346,-82.9906,-0.4111,15,0.3659,0.8571,7,8,7,0,0,8,7,0.1250
4,240.0000,11,7,759.1573,-87.1605,0.4245,9,0.2195,0.7143,7,7,5,0,0,7,5,0.2857
4,240.0000,11,10,427.4659,-83.7256,0.3659,26,0.6341,0.4000,5,8,8,0,0,8,8,0.0000
4,240.0000,11,12,653.3527,-86.5411,1.4016,7,0.1707,0.7500,8,7,6,0,0,7,6,0.1429
4,240.0000,11,14,182.5065,-74.6668,0.4163,38,0.9268,0.2000,5,5,1,0,0,5,1,0.8000
4,240.0000,11,16,418.2098,-81.7663,-0.2999,17,0.4146,0.8571,7,5,4,0,0,5,4,0.2000
4,240.0000,11,17,388.2879,-80.9510,0.3499,26,0.6341,0.8750,8,6,3,0,0,6,3,0.5000
4,240.0000,11,20,611.0129,-84.7803,0.0632,10,0.2439,0.7143,7,8,8,0,0,8,8,0.0000
4,240.0000,11,22,880.4433,-87.7113,-0.5312,7,0.1707,1.0000,8,8,8,0,0,8,8,0.0000
4,240.0000,11,23,710.0056,-86.8508,0.2593,9,0.2195,1.0000,8,8,6,0,0,8,6,0.2500
4,240.0000,11,24,783.1372,-86.4588,-0.2299,9,0.2195,0.8571,7,8,8,0,0,8,8,0.0000
4,240.0000,11,26,359.0912,-81.0448,-0.0146,22,0.5366,0.6667,6,8,7,0,0,8,7,0.1250
4,240.0000,11,29,275.0174,-81.1560,0.3844,24,0.5854,0.7143,7,5,1,0,0,5,1,0.8000
4,240.0000,11,31,854.4397,-87.3120,0.1956,8,0.1951,1.0000,4,6,6,0,0,6,6,0.0000
4,240.0000,11,33,515.6856,-83.8478,-0.0824,15,0.3659,0.7143,7,8,6,0,0,8,6,0.2500
4,240.0000,11,34,498.8656,-84.2827,0.4458,12,0.2927,0.7143,7,7,6,0,0,7,6,0.1429
4,240.0000,11,35,368.9763,-80.7769,-1.1368,29,0.7073,0.2000,5,7,6,0,0,7,6,0.1429
4,240.0000,11,37,412.4154,-82.5049,0.3105,26,0.6341,0.7500,8,5,2,0,0,5,2,0.6000
4,240.0000,11,38,626.4019,-85.3657,-0.9553,11,0.2683,0.7143,7,6,6,0,0,6,6,0.0000
4,240.0000,11,41,685.8599,-85.6485,-1.6429,7,0.1707,0.8571,7,8,8,0,0,8,8,0.0000
4,240.0000,11,42,558.5800,-85.0131,0.4009,16,0.3902,0.7143,7,7,5,0,0,7,5,0.2857
4,240.0000,11,43,303.4838,-79.2275,-0.3500,29,0.7073,0.2000,5,7,6,0,0,7,6,0.1429
4,240.0000,11,47,519.3196,-83.6246,-1.3368,15,0.3659,0.2000,5,8,7,0,0,8,7,0.1250
4,240.0000,12,2,536.2657,-84.0454,0.1025,11,0.2750,1.0000,8,8,7,0,0,8,7,0.1250
4,240.0000,12,3,788.0892,-86.4367,-0.3876,7,0.1750,1.0000,6,8,7,0,0,8,7,0.1250
4,240.0000,12,4,491.1533,-83.2407,-0.1656,17,0.4250,0.5000,6,10,10,0,0,10,10,0.0000
4,240.0000,12,5,374.2486,-81.8921,1.2310,16,0.4000,0.5000,6,6,4,0,0,6,4,0.3333
4,240.0000,12,6,398.1922,-81.9507,0.9300,21,0.5250,0.5000,6,8,6,0,0,8,6,0.2500
4,240.0000,12,7,746.7112,-86.8590,-0.4627,12,0.3000,0.8750,8,8,7,0,0,8,7,0.1250
4,240.0000,12,8,336.2068,-80.9549,0.7330,28,0.7000,0.3333,6,7,6,0,0,7,6,0.1429
4,240.0000,12,11,653.3527,-85.5025,0.9050,12,0.3000,1.0000,8,7,5,0,0,7,5,0.2857
4,240.0000,12,13,712.5275,-86.2082,0.0796,10,0.2500,1.0000,8,8,7,0,0,8,7,0.1250
4,240.0000,12,14,624.1594,-87.0985,0.8303,14,0.3500,0.8750,8,8,7,0,0,8,7,0.1250
4,240.0000,12,16,622.5971,-86.3179,0.9156,15,0.3750,1.0000,8,7,6,0,0,7,6,0.1429
4,240.0000,12,17,846.6301,-88.1973,-0.3548,7,0.1750,0.8000,5,8,7,0,0,8,7,0.1250
4,240.0000,12,18,906.1266,-88.2932,0.3067,6,0.1500,1.0000,6,8,8,0,0,8,8,0.0000
4,240.0000,12,19,1117.3044,-88.8235,-0.3243,5,0.1250,1.0000,6,6,6,0,0,6,6,0.0000
4,240.0000,12,20,191.8243,-77.0373,1.0073,31,0.7750,0.2000,5,4,0,0,0,4,0,1.0000
4,240.0000,12,22,936.8888,-87.2012,-0.2872,7,0.1750,1.0000,6,6,6,0,0,6,6,0.0000
4,240.0000,12,23,862.3974,-88.2832,-0.1655,7,0.1750,1.0000,8,6,6,0,0,6,6,0.0000
4,240.0000,12,24,500.5977,-83.9956,0.2449,20,0.5000,0.7143,7,6,4,0,0,6,4,0.3333
4,240.0000,12,26,295.6895,-79.7528,0.5208,24,0.6000,0.8571,7,7,5,0,0,7,5,0.2857
4,240.0000,12,29,566.9752,-84.6163,0.0131,15,0.3750,0.8750,8,7,6,0,0,7,6,0.1429
4,240.0000,12,31,729.3054,-87.2367,0.1066,10,0.2500,0.8750,8,6,6,0,0,6,6,0.0000
4,240.0000,12,33,769.1887,-87.5176,0.4519,10,0.2500,1.0000,8,8,8,0,0,8,8,0.0000
4,240.0000,12,34,374.3329,-81.1648,-0.4319,21,0.5250,0.8571,7,8,8,0,0,8,8,0.0000
4,240.0000,12,35,904.6293,-87.4403,2.4986,5,0.1250,1.0000,6,4,4,0,0,4,4,0.0000
4,240.0000,12,38,502.9974,-85.2114,0.1115,16,0.4000,0.8750,8,8,8,0,0,8,8,0.0000
4,240.0000,12,41,581.2929,-85.1348,-0.6405,16,0.4000,0.8571,7,8,8,0,0,8,8,0.0000
4,240.0000,12,42,588.0352,-84.4522,-0.2714,14,0.3500,0.8750,8,7,6,0,0,7,6,0.1429
4,240.0000,12,43,672.9777,-86.4949,0.2265,13,0.3250,0.8571,7,6,3,0,0,6,3,0.5000
4,240.0000,12,45,531.8557,-85.1504,0.4213,16,0.4000,0.8750,8,7,6,0,0,7,6,0.1429
4,240.0000,12,47,470.4650,-84.2864,0.9163,15,0.3750,0.8571,7,8,7,0,0,8,7,0.1250
4,240.0000,13,0,906.3006,-87.9321,-0.4268,7,0.1750,1.0000,6,6,6,0,0,6,6,0.0000
4,240.0000,13,1,709.1857,-86.3165,0.9396,10,0.2500,0.8333,6,8,8,0,0,8,8,0.0000
4,240.0000,13,4,609.1498,-86.6391,-0.9644,10,0.2500,0.8571,7,7,6,0,0,7,6,0.1429
4,240.0000,13,5,709.8047,-86.0238,0.5134,7,0.1750,0.8571,7,8,8,0,0,8,8,0.0000
4,240.0000,13,6,825.0703,-86.2160,0.3641,3,0.0750,1.0000,8,8,8,0,0,8,8,0.0000
4,240.0000,13,8,859.4766,-87.4032,0.3975,3,0.0750,1.0000,6,4,4,0,0,4,4,0.0000
4,240.0000,13,9,995.1091,-88.5475,0.5261,4,0.1000,1.0000,4,6,6,0,0,6,6,0.0000
4,240.0000,13,11,940.4904,-87.5476,-0.3824,3,0.0750,1.0000,6,8,8,0,0,8,8,0.0000
4,240.0000,13,12,712.5275,-86.7919,0.0702,5,0.1250,1.0000,8,8,8,0,0,8,8,0.0000
4,240.0000,13,15,919.6058,-89.3840,0.1981,3,0.0750,1.0000,8,6,6,0,0,6,6,0.0000
4,240.0000,13,18,295.9730,-80.4003,1.1159,24,0.6000,0.7500,8,5,2,0,0,5,2,0.6000
4,240.0000,13,19,700.7863,-86.5038,-0.6264,9,0.2250,1.0000,8,8,8,0,0,8,8,0.0000
4,240.0000,13,20,888.4733,-87.5859,0.9979,3,0.0750,0.8571,7,8,8,0,0,8,8,0.0000
4,240.0000,13,21,917.8866,-88.1650,-0.4517,4,0.1000,1.0000,6,4,4,0,0,4,4,0.0000
4,240.0000,13,25,727.7731,-86.2090,-0.5650,7,0.1750,1.0000,4,8,8,0,0,8,8,0.0000
4,240.0000,13,26,736.1881,-85.2011,-0.0252,3,0.0750,1.0000,8,8,8,0,0,8,8,0.0000
4,240.0000,13,27,599.6516,-85.3804,-0.2107,12,0.3000,1.0000,8,9,8,0,0,9,8,0.1111
4,240.0000,13,28,1068.6788,-89.0807,-0.6462,3,0.0750,1.0000,4,8,8,0,0,8,8,0.0000
4,240.0000,13,29,673.5953,-85.4252,1.4489,3,0.0750,1.0000,8,8,8,0,0,8,8,0.0000
4,240.0000,13,31,138.0176,-72.0459,-0.7536,28,0.7000,0.0000,4,4,0,0,0,4,0,1.0000
4,240.0000,13,34,645.3753,-83.6913,-1.5169,10,0.2500,1.0000,8,8,8,0,0,8,8,0.0000
4,240.0000,13,36,762.0082,-86.4524,0.8463,6,0.1500,1.0000,8,8,8,0,0,8,8,0.0000
4,240.0000,13,40,1005.4339,-88.0834,-0.2150,3,0.0750,1.0000,4,8,8,0,0,8,8,0.0000
4,240.0000,13,42,498.2008,-83.2109,-0.3551,16,0.4000,0.8571,7,4,2,0,0,4,2,0.5000
4,240.0000,13,45,601.6390,-83.5500,0.0458,11,0.2750,1.0000,8,10,10,0,0,10,10,0.0000
4,240.0000,13,46,702.8373,-86.1122,0.6943,9,0.2250,1.0000,8,4,4,0,0,4,4,0.0000
4,240.0000,14,2,748.4602,-87.2632,0.6242,8,0.2000,1.0000,8,8,5,0,0,8,5,0.3750
4,240.0000,14,3,677.9094,-86.8504,1.5195,5,0.1250,0.8750,8,7,6,0,0,7,6,0.1429
4,240.0000,14,4,535.2216,-84.1259,0.7606,17,0.4250,0.8750,8,7,4,0,0,7,4,0.4286
4,240.0000,14,5,287.3885,-79.5404,0.6518,26,0.6500,0.5000,8,5,2,0,0,5,2,0.6000
4,240.0000,14,6,346.2244,-81.3690,0.3519,18,0.4500,0.5000,6,5,1,0,0,5,1,0.8000
4,240.0000,14,7,797.0086,-86.8010,0.5134,8,0.2000,0.8333,6,8,8,0,0,8,8,0.0000
4,240.0000,14,10,588.7786,-85.5985,-0.2631,17,0.4250,0.6667,6,6,2,0,0,6,2,0.6667
4,240.0000,14,11,182.5065,-74.8156,0.3882,35,0.8750,0.6667,6,6,3,0,0,6,3,0.5000
4,240.0000,14,12,624.1594,-86.5674,-0.0901,10,0.2500,0.8571,7,8,7,0,0,8,7,0.1250
4,240.0000,14,13,824.5098,-86.5349,-0.4314,7,0.1750,1.0000,4,6,6,0,0,6,6,0.0000
4,240.0000,14,16,529.4987,-84.6934,0.3819,15,0.3750,0.6250,8,8,7,0,0,8,7,0.1250
4,240.0000,14,17,557.2851,-84.9945,0.7436,17,0.4250,0.7500,8,7,6,0,0,7,6,0.1429
4,240.0000,14,18,1036.1240,-88.9987,-0.0251,3,0.0750,,0,4,4,0,0,4,4,0.0000
4,240.0000,14,20,614.4332,-86.5799,0.6852,8,0.2000,1.0000,8,7,6,0,0,7,6,0.1429
4,240.0000,14,23,845.0435,-87.6755,0.0627,10,0.2500,1.0000,8,7,6,0,0,7,6,0.1429
4,240.0000,14,24,757.0090,-86.3145,0.8345,10,0.2500,0.8750,8,8,8,0,0,8,8,0.0000
4,240.0000,14,26,343.6092,-81.3826,1.4470,22,0.5500,0.8750,8,6,4,0,0,6,4,0.3333
4,240.0000,14,29,208.9034,-77.4052,1.1142,30,0.7500,0.4000,5,5,2,0,0,5,2,0.6000
4,240.0000,14,31,732.3716,-86.5315,-0.0582,10,0.2500,1.0000,8,8,8,0,0,8,8,0.0000
4,240.0000,14,33,630.5406,-86.2099,-0.9321,16,0.4000,0.7143,7,6,4,0,0,6,4,0.3333
4,240.0000,14,34,375.4014,-83.1884,0.8798,15,0.3750,0.8750,8,7,4,0,0,7,4,0.4286
4,240.0000,14,35,514.3301,-83.3377,-0.1249,21,0.5250,0.8571,7,7,6,0,0,7,6,0.1429
4,240.0000,14,37,542.9468,-84.1277,-0.1234,22,0.5500,0.8571,7,7,6,0,0,7,6,0.1429
4,240.0000,14,38,646.1683,-85.8162,0.3086,11,0.2750,0.5714,7,8,8,0,0,8,8,0.0000
4,240.0000,14,41,736.2719,-88.0022,0.1366,9,0.2250,0.6667,6,8,7,0,0,8,7,0.1250
4,240.0000,14,42,524.0430,-83.4634,0.1083,18,0.4500,0.6667,6,6,3,0,0,6,3,0.5000
4,240.0000,14,43,459.5606,-83.6220,-0.7106,15,0.3750,0.6667,6,8,6,0,0,8,6,0.2500
4,240.0000,14,47,521.7793,-85.1498,-0.1240,13,0.3250,0.8571,7,8,7,0,0,8,7,0.1250
4,240.0000,15,0,973.7034,-88.7836,1.3972,4,0.1000,1.0000,2,6,6,0,0,6,6,0.0000
4,240.0000,15,1,788.6382,-87.5610,0.5250,8,0.2000,1.0000,8,8,7,0,0,8,7,0.1250
4,240.0000,15,8,765.3531,-86.6978,-1.1890,6,0.1500,0.8000,5,8,8,0,0,8,8,0.0000
4,240.0000,15,9,803.5542,-87.9699,0.3282,8,0.2000,0.8750,8,8,8,0,0,8,8,0.0000
4,240.0000,15,13,919.6058,-87.5230,0.6842,5,0.1250,1.0000,6,8,8,0,0,8,8,0.0000
4,240.0000,15,18,784.2003,-86.4085,-1.1283,7,0.1750,1.0000,8,8,8,0,0,8,8,0.0000
4,240.0000,15,19,506.4594,-82.8996,0.2113,18,0.4500,0.7143,7,8,8,0,0,8,8,0.0000
4,240.0000,15,21,507.1207,-85.1378,0.0512,16,0.4000,0.2000,5,7,6,0,0,7,6,0.1429
4,240.0000,15,25,709.4145,-87.5977,-0.0692,14,0.3500,0.8889,9,8,8,0,0,8,8,0.0000
4,240.0000,15,27,376.7531,-82.3037,0.7163,25,0.6250,0.0000,4,6,3,0,0,6,3,0.5000
4,240.0000,15,28,505.6514,-83.6120,0.6459,17,0.4250,0.5000,6,6,3,0,0,6,3,0.5000
4,240.0000,15,30,599.8289,-85.8020,0.5645,18,0.4500,0.7500,8,6,5,0,0,6,5,0.1667
4,240.0000,15,31,1027.8056,-88.6489,-0.3562,3,0.0750,1.0000,8,2,2,0,0,2,2,0.0000
4,240.0000,15,32,251.3762,-80.6236,1.3112,35,0.8750,0.2000,5,4,0,0,0,4,0,1.0000
4,240.0000,15,34,1046.7143,-89.3196,-0.2497,3,0.0750,1.0000,8,8,8,0,0,8,8,0.0000
4,240.0000,15,36,478.7753,-83.1152,0.0430,20,0.5000,0.4000,5,6,4,0,0,6,4,0.3333
4,240.0000,15,39,537.5700,-83.9739,-0.0158,21,0.5250,1.0000,8,8,8,0,0,8,8,0.0000
4,240.0000,15,40,884.2630,-87.4534,0.2928,6,0.1500,1.0000,2,8,8,0,0,8,8,0.0000
4,240.0000,15,44,553.8129,-86.0831,0.4559,16,0.4000,0.7500,8,6,4,0,0,6,4,0.3333
4,240.0000,15,45,563.6284,-83.9891,-0.9104,14,0.3500,0.8750,8,8,7,0,0,8,7,0.1250
4,240.0000,15,46,907.5869,-88.1666,1.0507,4,0.1000,1.0000,8,4,4,0,0,4,4,0.0000
4,240.0000,16,2,333.5100,-82.4270,0.2230,25,0.6250,0.7143,7,4,0,0,0,4,0,1.0000
4,240.0000,16,3,179.9936,-75.4952,1.1529,34,0.8500,0.2000,5,5,1,0,0,5,1,0.8000
4,240.0000,16,4,730.7217,-86.0682,-0.2741,11,0.2750,1.0000,8,10,10,0,0,10,10,0.0000
4,240.0000,16,5,525.4552,-84.7941,0.0650,12,0.3000,1.0000,8,8,7,0,0,8,7,0.1250
4,240.0000,16,6,464.4691,-83.3574,-0.1019,17,0.4250,0.4000,5,7,6,0,0,7,6,0.1429
4,240.0000,16,7,416.3800,-83.6576,0.2624,22,0.5500,0.6667,6,7,4,0,0,7,4,0.4286
4,240.0000,16,8,868.6406,-88.9367,0.6454,4,0.1000,1.0000,2,4,1,0,0,4,1,0.7500
4,240.0000,16,10,576.7006,-84.2464,-0.1090,22,0.5500,0.7143,7,8,8,0,0,8,8,0.0000
4,240.0000,16,11,418.2098,-80.9004,-0.7389,23,0.5750,0.5000,6,7,5,0,0,7,5,0.2857
4,240.0000,16,12,622.5971,-84.6217,1.0179,8,0.2000,1.0000,8,8,8,0,0,8,8,0.0000
4,240.0000,16,14,529.4987,-84.0087,-0.4424,15,0.3750,0.5000,4,7,5,0,0,7,5,0.2857
4,240.0000,16,17,539.0638,-83.6222,-0.6958,22,0.5500,0.4000,5,8,8,0,0,8,8,0.0000
4,240.0000,16,20,469.8494,-83.5091,-0.1995,15,0.3750,0.4000,5,8,7,0,0,8,7,0.1250
4,240.0000,16,22,469.7292,-83.3998,0.4030,23,0.5750,0.4000,5,5,2,0,0,5,2,0.6000
4,240.0000,16,23,325.0424,-79.8436,0.2511,32,0.8000,0.4000,5,5,2,0,0,5,2,0.6000
4,240.0000,16,24,563.9690,-86.2179,-0.2686,14,0.3500,0.8571,7,6,3,0,0,6,3,0.5000
4,240.0000,16,26,450.3997,-83.1783,0.5520,14,0.3500,0.6667,6,8,6,0,0,8,6,0.2500
4,240.0000,16,29,622.3652,-85.4670,0.2937,10,0.2500,0.8750,8,7,6,0,0,7,6,0.1429
4,240.0000,16,33,157.2220,-73.4458,0.9836,38,0.9500,0.2000,5,4,0,0,0,4,0,1.0000
4,240.0000,16,34,631.5691,-86.1940,-1.9015,7,0.1750,1.0000,8,7,5,0,0,7,5,0.2857
4,240.0000,16,35,366.4063,-81.9122,0.1301,28,0.7000,0.5000,6,4,0,0,0,4,0,1.0000
4,240.0000,16,37,583.2241,-84.8211,-0.5329,17,0.4250,0.8889,9,8,7,0,0,8,7,0.1250
4,240.0000,16,38,342.8347,-80.8574,0.6616,27,0.6750,0.8571,7,6,2,0,0,6,2,0.6667
4,240.0000,16,41,326.9754,-81.5284,-0.1300,25,0.6250,0.7143,7,6,3,0,0,6,3,0.5000
4,240.0000,16,42,840.4091,-86.7590,-1.1534,5,0.1250,0.8000,5,8,8,0,0,8,8,0.0000
4,240.0000,16,43,180.6046,-70.6799,-1.9479,38,0.9500,0.0000,4,6,3,0,0,6,3,0.5000
4,240.0000,16,47,318.4597,-80.0235,0.2753,26,0.6500,1.0000,8,5,2,0,0,5,2,0.6000
4,240.0000,17,2,823.8891,-86.7361,0.8327,6,0.1538,1.0000,8,6,4,0,0,6,4,0.3333
4,240.0000,17,3,610.6329,-85.5682,0.0376,9,0.2308,0.8750,8,8,7,0,0,8,7,0.1250
4,240.0000,17,4,581.7979,-84.8377,0.7108,11,0.2821,1.0000,8,7,6,0,0,7,6,0.1429
4,240.0000,17,5,718.6798,-86.2467,0.7726,9,0.2308,1.0000,8,7,6,0,0,7,6,0.1429
4,240.0000,17,6,758.7451,-86.1555,-1.2710,7,0.1795,0.8571,7,7,6,0,0,7,6,0.1429
4,240.0000,17,10,280.7338,-80.7087,1.0182,29,0.7436,0.5000,6,5,2,0,0,5,2,0.6000
4,240.0000,17,11,388.2879,-81.3127,-0.3984,16,0.4103,0.2000,5,6,2,0,0,6,2,0.6667
4,240.0000,17,12,846.6301,-87.0972,0.2625,4,0.1026,0.8750,8,8,7,0,0,8,7,0.1250
4,240.0000,17,14,557.2851,-83.5524,-0.5099,15,0.3846,0.8571,7,8,8,0,0,8,8,0.0000
4,240.0000,17,16,539.0638,-82.6119,-0.2523,10,0.2564,0.6667,6,7,6,0,0,7,6,0.1429
4,240.0000,17,20,797.9383,-85.8205,1.1021,3,0.0769,0.8750,8,8,8,0,0,8,8,0.0000
4,240.0000,17,22,882.1338,-87.6315,-2.3090,5,0.1282,0.8571,7,8,8,0,0,8,8,0.0000
4,240.0000,17,23,685.8107,-85.8171,0.3081,9,0.2308,1.0000,8,8,8,0,0,8,8,0.0000
4,240.0000,17,26,600.9976,-85.2135,0.0225,12,0.3077,1.0000,8,8,7,0,0,8,7,0.1250
4,240.0000,17,29,533.8992,-85.5688,0.8830,13,0.3333,0.8571,7,7,6,0,0,7,6,0.1429
4,240.0000,17,33,611.6522,-85.8524,0.8521,10,0.2564,0.8571,7,8,7,0,0,8,7,0.1250
4,240.0000,17,34,831.3457,-88.3564,1.6046,4,0.1026,1.0000,8,8,8,0,0,8,8,0.0000
4,240.0000,17,35,431.2181,-81.1185,-0.2506,18,0.4615,0.7143,7,8,8,0,0,8,8,0.0000
4,240.0000,17,37,420.5281,-82.1650,0.3127,20,0.5128,0.8571,7,5,3,0,0,5,3,0.4000
4,240.0000,17,38,846.0772,-86.9407,-0.6119,6,0.1538,0.8750,8,8,8,0,0,8,8,0.0000
4,240.0000,17,41,848.2405,-87.3792,1.4358,7,0.1795,0.8750,8,8,8,0,0,8,8,0.0000
4,240.0000,17,42,662.4151,-86.2535,0.3432,11,0.2821,0.8750,8,8,8,0,0,8,8,0.0000
4,240.0000,17,43,363.0684,-80.5543,0.7115,15,0.3846,0.5000,6,8,5,0,0,8,5,0.3750
4,240.0000,17,47,781.8432,-86.2829,1.2462,7,0.1795,1.0000,8,8,7,0,0,8,7,0.1250
4,240.0000,18,0,740.0706,-86.4257,-0.5440,15,0.3750,1.0000,8,8,8,0,0,8,8,0.0000
4,240.0000,18,1,493.7399,-83.5483,0.0949,21,0.5250,0.7143,7,5,4,0,0,5,4,0.2000
4,240.0000,18,4,897.6447,-88.1597,0.3431,3,0.0750,1.0000,6,8,8,0,0,8,8,0.0000
4,240.0000,18,9,799.4134,-86.6995,-0.2513,11,0.2750,1.0000,10,8,8,0,0,8,8,0.0000
4,240.0000,18,13,295.9730,-80.5845,0.9413,19,0.4750,0.3333,6,5,1,0,0,5,1,0.8000
4,240.0000,18,15,784.2003,-87.5155,0.1369,5,0.1250,0.8750,8,8,7,0,0,8,7,0.1250
4,240.0000,18,19,480.6324,-83.4129,0.0410,22,0.5500,0.7143,7,8,7,0,0,8,7,0.1250
4,240.0000,18,21,808.6509,-87.1032,1.1377,7,0.1750,1.0000,8,7,6,0,0,7,6,0.1429
4,240.0000,18,25,522.0701,-83.1003,0.3157,22,0.5500,0.8571,7,7,6,0,0,7,6,0.1429
4,240.0000,18,27,508.8150,-82.4713,-0.0853,20,0.5000,0.8750,8,7,6,0,0,7,6,0.1429
4,240.0000,18,28,860.1743,-86.1664,-1.2008,5,0.1250,1.0000,6,8,8,0,0,8,8,0.0000
4,240.0000,18,30,1134.6210,-88.5469,-0.7707,3,0.0750,1.0000,8,6,6,0,0,6,6,0.0000
4,240.0000,18,31,373.4044,-82.3964,0.9716,16,0.4000,0.0000,4,5,2,0,0,5,2,0.6000
4,240.0000,18,36,588.8577,-85.3920,0.0375,14,0.3500,0.8750,8,8,8,0,0,8,8,0.0000
4,240.0000,18,39,843.0231,-86.4468,0.3209,9,0.2250,0.7143,7,7,6,0,0,7,6,0.1429
4,240.0000,18,40,818.8117,-86.2846,-0.0495,11,0.2750,0.8750,8,6,6,0,0,6,6,0.0000
4,240.0000,18,44,1017.7774,-88.0866,-0.4472,4,0.1000,1.0000,4,8,8,0,0,8,8,0.0000
4,240.0000,18,45,668.9137,-85.8078,-0.3196,5,0.1250,1.0000,8,8,8,0,0,8,8,0.0000
4,240.0000,18,46,490.8053,-82.4310,-0.8325,24,0.6000,0.4000,5,7,5,0,0,7,5,0.2857
4,240.0000,19,0,504.6398,-84.6056,0.3508,21,0.5250,0.5000,6,5,1,0,0,5,1,0.8000
4,240.0000,19,1,284.1410,-80.7164,0.7849,33,0.8250,0.4000,5,5,1,0,0,5,1,0.8000
4,240.0000,19,8,1033.0893,-88.3392,-1.0691,3,0.0750,0.8571,7,4,4,0,0,4,4,0.0000
4,240.0000,19,9,405.5900,-83.0637,0.9304,30,0.7500,0.3333,6,5,2,0,0,5,2,0.6000
4,240.0000,19,13,700.7863,-87.4742,0.0919,12,0.3000,0.8571,7,8,8,0,0,8,8,0.0000
4,240.0000,19,15,506.4594,-83.2479,0.2003,23,0.5750,0.7500,8,8,7,0,0,8,7,0.1250
4,240.0000,19,18,480.6324,-82.6710,-0.5468,27,0.6750,0.6667,6,8,7,0,0,8,7,0.1250
4,240.0000,19,21,425.7187,-82.3974,0.2970,30,0.7500,0.0000,4,6,4,0,0,6,4,0.3333
4,240.0000,19,25,216.3427,-78.8896,1.2416,34,0.8500,0.2000,5,4,0,0,0,4,0,1.0000
4,240.0000,19,27,334.8258,-78.1694,-1.5487,35,0.8750,0.2000,5,5,4,0,0,5,4,0.2000
4,240.0000,19,28,381.9444,-80.2617,-0.9824,37,0.9250,0.3333,6,7,4,0,0,7,4,0.4286
4,240.0000,19,30,666.0334,-85.9297,0.2240,25,0.6250,0.4000,5,7,6,0,0,7,6,0.1429
4,240.0000,19,31,819.1706,-87.3057,0.0595,10,0.2500,1.0000,8,7,6,0,0,7,6,0.1429
4,240.0000,19,32,484.5216,-83.4688,-0.2563,28,0.7000,0.6667,6,6,4,0,0,6,4,0.3333
4,240.0000,19,34,1127.4284,-89.1664,-0.7124,3,0.0750,1.0000,8,8,8,0,0,8,8,0.0000
4,240.0000,19,36,159.0782,-74.1493,0.3307,39,0.9750,0.0000,4,5,1,0,0,5,1,0.8000
4,240.0000,19,39,370.5183,-80.5057,-0.2892,34,0.8500,0.5000,6,7,4,0,0,7,4,0.4286
4,240.0000,19,40,465.5825,-83.7315,0.0349,28,0.7000,0.5714,7,6,3,0,0,6,3,0.5000
4,240.0000,19,44,545.5245,-83.9801,-0.6434,29,0.7250,0.6667,6,8,7,0,0,8,7,0.1250
4,240.0000,19,45,668.1090,-86.0756,-0.0640,13,0.3250,0.8750,8,8,7,0,0,8,7,0.1250
4,240.0000,19,46,403.5923,-82.7588,1.1855,23,0.5750,0.5714,7,6,3,0,0,6,3,0.5000
4,240.0000,20,2,344.7217,-81.3907,0.2608,25,0.6250,0.2000,5,6,3,0,0,6,3,0.5000
4,240.0000,20,3,621.5905,-85.5343,0.4079,15,0.3750,0.8750,8,7,5,0,0,7,5,0.2857
4,240.0000,20,4,586.6261,-83.6757,-0.2092,10,0.2500,0.8889,9,5,4,0,0,5,4,0.2000
4,240.0000,20,5,387.9841,-82.2624,0.7110,14,0.3500,0.7143,7,7,3,0,0,7,3,0.5714
4,240.0000,20,6,355.6269,-81.2452,-0.5322,18,0.4500,0.7143,7,5,2,0,0,5,2,0.6000
4,240.0000,20,7,565.6809,-84.8696,-1.4928,13,0.3250,0.8750,8,5,2,0,0,5,2,0.6000
4,240.0000,20,8,403.9824,-81.5966,-0.3385,21,0.5250,1.0000,6,8,5,0,0,8,5,0.3750
4,240.0000,20,11,611.0129,-86.5838,0.3861,10,0.2500,0.8571,7,7,6,0,0,7,6,0.1429
4,240.0000,20,12,191.8243,-76.2369,1.0330,34,0.8500,0.4000,5,4,0,0,0,4,0,1.0000
4,240.0000,20,13,888.4733,-88.5675,-0.9264,6,0.1500,1.0000,6,6,6,0,0,6,6,0.0000
4,240.0000,20,14,614.4332,-84.9797,-0.3617,10,0.2500,0.8750,8,8,8,0,0,8,8,0.0000
4,240.0000,20,15,1110.7392,-88.6114,-0.6183,4,0.1000,1.0000,6,6,6,0,0,6,6,0.0000
4,240.0000,20,16,469.8494,-84.5971,0.9620,14,0.3500,0.4000,5,7,6,0,0,7,6,0.1429
4,240.0000,20,17,797.9383,-86.8024,-0.8240,8,0.2000,0.8571,7,8,7,0,0,8,7,0.1250
4,240.0000,20,22,751.3623,-86.3643,0.0321,10,0.2500,1.0000,8,7,6,0,0,7,6,0.1429
4,240.0000,20,23,689.3903,-86.2746,0.5226,11,0.2750,1.0000,8,6,3,0,0,6,3,0.5000
4,240.0000,20,24,368.7028,-80.5532,0.0236,21,0.5250,0.7500,8,5,4,0,0,5,4,0.2000
4,240.0000,20,26,301.5583,-81.6682,0.4406,19,0.4750,0.8571,7,5,1,0,0,5,1,0.8000
4,240.0000,20,29,609.7981,-85.5005,0.4403,10,0.2500,0.8571,7,6,4,0,0,6,4,0.3333
4,240.0000,20,31,890.0134,-87.1935,-0.1688,8,0.2000,1.0000,8,8,7,0,0,8,7,0.1250
4,240.0000,20,33,605.6187,-85.0569,-0.7501,13,0.3250,1.0000,8,8,8,0,0,8,8,0.0000
4,240.0000,20,34,423.9376,-82.6841,0.4685,19,0.4750,0.6667,6,5,1,0,0,5,1,0.8000
4,240.0000,20,35,792.0709,-87.9328,0.4176,6,0.1500,1.0000,8,5,4,0,0,5,4,0.2000
4,240.0000,20,37,961.8763,-88.3661,0.1555,6,0.1500,1.0000,6,7,6,0,0,7,6,0.1429
4,240.0000,20,38,325.8660,-81.0382,0.5484,19,0.4750,0.4000,5,6,2,0,0,6,2,0.6667
4,240.0000,20,41,390.9836,-81.0769,-0.4925,21,0.5250,0.6667,6,7,4,0,0,7,4,0.4286
4,240.0000,20,42,701.8070,-87.0734,-0.6532,8,0.2000,1.0000,7,5,4,0,0,5,4,0.2000
4,240.0000,20,43,558.3589,-84.9430,-0.7106,17,0.4250,0.8571,7,5,1,0,0,5,1,0.8000
4,240.0000,20,45,701.3394,-86.5318,0.6375,6,0.1500,0.8571,7,6,5,0,0,6,5,0.1667
4,240.0000,20,47,319.8919,-80.8417,0.3260,22,0.5500,0.3333,6,6,3,0,0,6,3,0.5000
4,240.0000,21,0,625.4079,-86.5602,0.0630,20,0.5000,0.8750,8,6,4,0,0,6,4,0.3333
4,240.0000,21,1,578.0196,-84.7508,0.2635,24,0.6000,0.8750,8,7,6,0,0,7,6,0.1429
4,240.0000,21,9,468.6438,-83.6355,-0.6351,24,0.6000,0.7500,8,6,3,0,0,6,3,0.5000
4,240.0000,21,13,917.8866,-88.6652,0.5535,3,0.0750,1.0000,4,8,8,0,0,8,8,0.0000
4,240.0000,21,15,507.1207,-84.2365,0.8707,19,0.4750,0.6667,6,7,5,0,0,7,5,0.2857
4,240.0000,21,18,808.6509,-86.5444,-0.1005,6,0.1500,0.6667,6,8,8,0,0,8,8,0.0000
4,240.0000,21,19,425.7187,-82.8876,-0.4239,29,0.7250,0.6667,6,7,5,0,0,7,5,0.2857
4,240.0000,21,25,479.5818,-83.7798,0.2696,25,0.6250,0.8750,8,6,3,0,0,6,3,0.5000
4,240.0000,21,27,387.3582,-81.7759,0.4865,24,0.6000,0.4000,5,7,4,0,0,7,4,0.4286
4,240.0000,21,28,382.8942,-80.4492,-1.1140,33,0.8250,0.4000,5,5,4,0,0,5,4,0.2000
4,240.0000,21,30,459.4565,-81.7423,-0.9897,34,0.8500,0.5714,7,8,8,0,0,8,8,0.0000
4,240.0000,21,32,421.5429,-82.6462,-0.7644,30,0.7500,0.4000,5,6,3,0,0,6,3,0.5000
4,240.0000,21,36,267.9028,-77.7162,-1.1267,35,0.8750,0.4000,5,4,0,0,0,4,0,1.0000
4,240.0000,21,39,450.0528,-82.7564,-0.4738,31,0.7750,0.2000,5,6,3,0,0,6,3,0.5000
4,240.0000,21,40,528.0191,-84.2009,0.0976,28,0.7000,0.6667,6,8,8,0,0,8,8,0.0000
4,240.0000,21,44,365.5637,-81.4488,0.1703,35,0.8750,0.0000,3,6,3,0,0,6,3,0.5000
4,240.0000,21,45,606.4753,-85.5111,-0.7965,10,0.2500,0.8571,7,8,8,0,0,8,8,0.0000
4,240.0000,21,46,706.0449,-86.6715,0.2220,17,0.4250,0.8750,8,8,8,0,0,8,8,0.0000
4,240.0000,22,2,426.2287,-80.9360,-0.5323,18,0.4390,0.2000,5,8,7,0,0,8,7,0.1250
4,240.0000,22,3,342.2987,-80.2646,-0.1700,21,0.5122,0.7500,8,6,3,0,0,6,3,0.5000
4,240.0000,22,5,956.8337,-88.6777,-0.4104,3,0.0732,1.0000,6,8,8,0,0,8,8,0.0000
4,240.0000,22,6,871.3716,-87.7554,-1.2274,4,0.0976,1.0000,10,7,6,0,0,7,6,0.1429
4,240.0000,22,7,449.5245,-82.4944,-0.9942,16,0.3902,1.0000,8,6,6,0,0,6,6,0.0000
4,240.0000,22,8,1068.5289,-87.8596,-0.3775,3,0.0732,1.0000,8,2,2,0,0,2,2,0.0000
4,240.0000,22,10,895.9092,-88.4616,-0.9271,4,0.0976,1.0000,8,7,6,0,0,7,6,0.1429
4,240.0000,22,11,880.4433,-87.7233,0.4504,5,0.1220,1.0000,8,10,10,0,0,10,10,0.0000
4,240.0000,22,16,469.7292,-84.1479,0.1077,11,0.2683,0.8571,7,7,6,0,0,7,6,0.1429
4,240.0000,22,17,882.1338,-86.9522,0.7826,5,0.1220,1.0000,8,8,7,0,0,8,7,0.1250
4,240.0000,22,20,751.3623,-87.0283,1.6685,6,0.1463,1.0000,8,8,8,0,0,8,8,0.0000
4,240.0000,22,23,198.9129,-75.8246,0.1695,31,0.7561,0.0000,4,5,1,0,0,5,1,0.8000
4,240.0000,22,24,734.1569,-85.8530,-0.0990,9,0.2195,1.0000,8,8,8,0,0,8,8,0.0000
4,240.0000,22,33,391.7047,-81.3904,0.1525,18,0.4390,1.0000,8,7,5,0,0,7,5,0.2857
4,240.0000,22,35,693.3374,-86.5189,0.8304,5,0.1220,1.0000,8,8,7,0,0,8,7,0.1250
4,240.0000,22,38,553.7522,-84.5738,0.2619,11,0.2683,0.7500,8,7,6,0,0,7,6,0.1429
4,240.0000,22,41,424.3567,-82.7441,-0.2165,14,0.3415,0.4000,5,5,2,0,0,5,2,0.6000
4,240.0000,22,43,593.8833,-85.3550,-0.1315,11,0.2683,1.0000,8,7,6,0,0,7,6,0.1429
4,240.0000,22,47,635.7674,-84.3482,0.2270,12,0.2927,1.0000,8,8,8,0,0,8,8,0.0000
4,240.0000,23,2,418.1233,-81.1007,-0.0695,24,0.6000,0.8750,8,7,6,0,0,7,6,0.1429
4,240.0000,23,3,191.3179,-74.2767,-0.0551,30,0.7500,0.2000,5,5,1,0,0,5,1,0.8000
4,240.0000,23,4,979.4660,-88.1276,-0.2191,3,0.0750,1.0000,6,4,4,0,0,4,4,0.0000
4,240.0000,23,5,843.2679,-88.2315,-0.5981,4,0.1000,1.0000,8,10,10,0,0,10,10,0.0000
4,240.0000,23,6,774.8078,-87.1293,-0.6403,9,0.2250,0.8750,8,8,8,0,0,8,8,0.0000
4,240.0000,23,7,480.1117,-82.6422,-0.1629,19,0.4750,0.7500,8,5,2,0,0,5,2,0.6000
4,240.0000,23,10,701.4086,-87.6192,0.2043,9,0.2250,0.8571,7,7,6,0,0,7,6,0.1429
4,240.0000,23,11,710.0056,-87.1649,-0.1019,9,0.2250,0.5714,7,8,8,0,0,8,8,0.0000
4,240.0000,23,12,862.3974,-87.8778,-0.6431,5,0.1250,0.8571,7,8,8,0,0,8,8,0.0000
4,240.0000,23,14,845.0435,-87.8075,-0.5546,7,0.1750,1.0000,8,8,8,0,0,8,8,0.0000
4,240.0000,23,16,325.0424,-80.7777,0.6338,19,0.4750,0.5714,7,7,5,0,0,7,5,0.2857
4,240.0000,23,17,685.8107,-86.5578,0.3144,12,0.3000,0.8571,7,6,4,0,0,6,4,0.3333
4,240.0000,23,20,689.3903,-86.5039,-0.1980,11,0.2750,1.0000,8,5,1,0,0,5,1,0.8000
4,240.0000,23,22,198.9129,-76.0873,0.3346,31,0.7750,0.0000,4,5,1,0,0,5,1,0.8000
4,240.0000,23,24,740.5020,-86.0351,-0.1781,12,0.3000,1.0000,8,8,8,0,0,8,8,0.0000
4,240.0000,23,26,748.3890,-88.0783,-0.6184,8,0.2000,1.0000,8,8,8,0,0,8,8,0.0000
4,240.0000,23,29,926.9132,-88.5978,0.4405,3,0.0750,1.0000,8,8,8,0,0,8,8,0.0000
4,240.0000,23,33,254.3404,-77.4203,0.0823,25,0.6250,0.3774,106,5,2,107,49,112,51,0.5446
4,240.0000,23,34,944.3129,-88.8911,0.1637,4,0.1000,1.0000,8,8,8,0,0,8,8,0.0000
4,240.0000,23,35,516.9655,-84.1823,-0.2239,12,0.3000,0.8750,8,4,0,0,0,4,0,1.0000
4,240.0000,23,37,736.8134,-87.0020,0.4629,7,0.1750,0.8750,8,8,7,0,0,8,7,0.1250
4,240.0000,23,38,527.4040,-83.9077,-0.6242,14,0.3500,1.0000,8,6,4,0,0,6,4,0.3333
4,240.0000,23,41,423.1971,-82.6768,0.6664,21,0.5250,1.0000,8,6,3,0,0,6,3,0.5000
4,240.0000,23,43,412.5320,-81.8385,-0.5123,19,0.4750,0.4286,7,6,4,0,0,6,4,0.3333
4,240.0000,23,47,573.4545,-83.6557,-0.9162,13,0.3250,1.0000,8,7,6,0,0,7,6,0.1429
4,240.0000,24,2,353.0950,-81.3064,-0.2523,25,0.6250,0.4000,5,7,6,0,0,7,6,0.1429
4,240.0000,24,3,657.5610,-85.7307,-0.6079,12,0.3000,0.7143,7,8,7,0,0,8,7,0.1250
4,240.0000,24,4,921.5186,-88.5903,0.0377,4,0.1000,1.0000,8,8,8,0,0,8,8,0.0000
4,240.0000,24,5,537.6850,-85.9151,1.3695,11,0.2750,1.0000,8,8,7,0,0,8,7,0.1250
4,240.0000,24,6,425.7826,-82.6241,-0.4414,17,0.4250,0.6667,6,6,3,0,0,6,3,0.5000
4,240.0000,24,7,367.3122,-80.1912,-0.3500,28,0.7000,0.2000,5,7,5,0,0,7,5,0.2857
4,240.0000,24,8,525.0059,-84.4357,0.3140,11,0.2750,0.8750,8,8,7,0,0,8,7,0.1250
4,240.0000,24,11,783.1372,-86.3727,1.2384,7,0.1750,0.8750,8,8,8,0,0,8,8,0.0000
4,240.0000,24,12,500.5977,-83.7297,0.5420,11,0.2750,1.0000,8,7,6,0,0,7,6,0.1429
4,240.0000,24,14,757.0090,-88.5600,-0.1895,4,0.1000,1.0000,8,7,6,0,0,7,6,0.1429
4,240.0000,24,16,563.9690,-85.2477,0.6245,11,0.2750,1.0000,8,7,5,0,0,7,5,0.2857
4,240.0000,24,17,1040.5034,-87.6703,0.5289,4,0.1000,1.0000,4,4,4,0,0,4,4,0.0000
4,240.0000,24,20,368.7028,-80.4288,0.5923,17,0.4250,0.6667,6,6,4,0,0,6,4,0.3333
4,240.0000,24,22,734.1569,-85.8858,-0.2539,10,0.2500,0.8571,7,8,8,0,0,8,8,0.0000
4,240.0000,24,23,740.5020,-86.3524,-0.3415,12,0.3000,1.0000,8,6,4,0,0,6,4,0.3333
4,240.0000,24,26,568.3502,-85.1384,0.4876,11,0.2750,0.8571,7,7,6,0,0,7,6,0.1429
4,240.0000,24,29,838.1214,-88.3406,-0.1121,6,0.1500,1.0000,8,8,8,0,0,8,8,0.0000
4,240.0000,24,33,627.9767,-84.9505,0.5126,15,0.3750,0.7500,8,7,6,0,0,7,6,0.1429
4,240.0000,24,34,542.7613,-84.9637,-0.1182,11,0.2750,0.8750,8,8,7,0,0,8,7,0.1250
4,240.0000,24,35,875.5721,-88.9351,-2.8553,3,0.0750,1.0000,6,8,8,0,0,8,8,0.0000
4,240.0000,24,38,225.4332,-77.9477,0.0851,24,0.6000,0.7143,7,5,1,0,0,5,1,0.8000
4,240.0000,24,41,320.0397,-79.0245,-0.0513,32,0.8000,0.0000,4,5,1,0,0,5,1,0.8000
4,240.0000,24,43,715.7520,-85.7913,1.2270,10,0.2500,0.8750,8,8,8,0,0,8,8,0.0000
4,240.0000,24,47,276.6016,-78.1703,-0.3904,25,0.6250,0.3333,6,4,0,0,0,4,0,1.0000
4,240.0000,25,0,292.8880,-79.6370,-0.0448,36,0.8780,0.4000,5,5,1,0,0,5,1,0.8000
4,240.0000,25,1,100.5074,-68.3791,0.0705,40,0.9756,0.0000,4,4,0,0,0,4,0,1.0000
4,240.0000,25,9,277.6527,-78.4677,0.2846,35,0.8537,0.3333,6,4,0,0,0,4,0,1.0000
4,240.0000,25,13,727.7731,-86.3651,1.4262,3,0.0732,1.0000,6,8,8,0,0,8,8,0.0000
4,240.0000,25,15,709.4145,-85.6849,0.2688,12,0.2927,1.0000,8,6,4,0,0,6,4,0.3333
4,240.0000,25,18,522.0701,-83.3293,-0.7474,18,0.4390,0.6667,6,7,6,0,0,7,6,0.1429
4,240.0000,25,19,216.3427,-78.5163,1.2055,36,0.8780,0.0000,4,4,0,0,0,4,0,1.0000
4,240.0000,25,21,479.5818,-83.9041,0.0682,29,0.7073,0.6667,6,5,1,0,0,5,1,0.8000
4,240.0000,25,27,482.0251,-82.9943,0.4241,20,0.4878,1.0000,6,6,4,0,0,6,4,0.3333
4,240.0000,25,28,469.9652,-83.6264,-0.5730,30,0.7317,0.5000,6,5,2,0,0,5,2,0.6000
4,240.0000,25,30,745.9601,-85.7419,-0.3915,11,0.2683,1.0000,8,9,8,0,0,9,8,0.1111
4,240.0000,25,31,845.7726,-88.1269,0.3424,4,0.0976,1.0000,6,8,8,0,0,8,8,0.0000
4,240.0000,25,32,654.7514,-85.6482,0.1542,16,0.3902,0.8571,7,7,6,0,0,7,6,0.1429
4,240.0000,25,36,256.8926,-80.3774,0.9361,31,0.7561,0.0000,4,4,0,0,0,4,0,1.0000
4,240.0000,25,39,455.3935,-83.4109,-0.3221,33,0.8049,0.6667,6,8,8,0,0,8,8,0.0000
4,240.0000,25,40,302.3507,-77.9129,-1.3727,37,0.9024,0.1667,6,5,2,0,0,5,2,0.6000
4,240.0000,25,44,618.3170,-84.4000,-0.1614,21,0.5122,1.0000,8,7,6,0,0,7,6,0.1429
4,240.0000,25,45,783.6084,-86.0154,-1.5714,5,0.1220,1.0000,8,8,8,0,0,8,8,0.0000
4,240.0000,25,46,234.0024,-77.9053,0.6858,33,0.8049,0.0000,4,5,1,0,0,5,1,0.8000
4,240.0000,26,2,537.2956,-86.1436,1.2726,15,0.3750,0.8571,7,6,3,0,0,6,3,0.5000
4,240.0000,26,3,630.3629,-87.2982,-0.5042,12,0.3000,0.8571,7,7,6,0,0,7,6,0.1429
4,240.0000,26,4,376.4989,-79.7052,-0.3449,24,0.6000,0.5000,6,5,1,0,0,5,1,0.8000
4,240.0000,26,5,188.2069,-74.6497,0.2618,33,0.8250,0.4000,5,4,0,0,0,4,0,1.0000
4,240.0000,26,6,251.7278,-78.9914,0.9546,26,0.6500,0.4000,5,4,0,0,0,4,0,1.0000
4,240.0000,26,7,696.9298,-87.4609,0.6212,10,0.2500,1.0000,8,8,8,0,0,8,8,0.0000
4,240.0000,26,8,622.9214,-86.0386,1.0168,12,0.3000,1.0000,8,8,6,0,0,8,6,0.2500
4,240.0000,26,10,745.3722,-87.5257,-0.4575,8,0.2000,1.0000,8,6,4,0,0,6,4,0.3333
4,240.0000,26,11,359.0912,-81.3350,0.6781,24,0.6000,0.6667,6,6,3,0,0,6,3,0.5000
4,240.0000,26,12,295.6895,-80.3642,0.2700,24,0.6000,0.7143,7,5,1,0,0,5,1,0.8000
4,240.0000,26,13,736.1881,-85.0753,-0.4762,11,0.2750,1.0000,8,6,6,0,0,6,6,0.0000
4,240.0000,26,14,343.6092,-80.7250,0.5937,23,0.5750,0.7143,7,7,6,0,0,7,6,0.1429
4,240.0000,26,16,450.3997,-83.7569,1.2762,19,0.4750,0.8571,7,7,5,0,0,7,5,0.2857
4,240.0000,26,17,600.9976,-85.6144,-0.0737,13,0.3250,0.8750,8,10,9,0,0,10,9,0.1000
4,240.0000,26,18,965.2595,-88.4562,-0.0630,8,0.2000,1.0000,2,8,8,0,0,8,8,0.0000
4,240.0000,26,20,301.5583,-80.6199,1.2095,18,0.4500,0.3333,6,6,2,0,0,6,2,0.6667
4,240.0000,26,22,873.2414,-88.4271,0.5082,9,0.2250,1.0000,4,8,8,0,0,8,8,0.0000
4,240.0000,26,23,748.3890,-86.6926,-0.1677,12,0.3000,1.0000,8,8,8,0,0,8,8,0.0000
4,240.0000,26,24,568.3502,-85.6240,-0.6665,10,0.2500,0.7500,8,7,5,0,0,7,5,0.2857
4,240.0000,26,29,308.4946,-78.4500,-0.4623,28,0.7000,0.2500,4,5,2,0,0,5,2,0.6000
4,240.0000,26,31,696.8848,-85.7506,-0.5177,14,0.3500,1.0000,8,8,8,0,0,8,8,0.0000
4,240.0000,26,33,600.8315,-85.4486,0.7689,13,0.3250,0.7143,7,7,5,0,0,7,5,0.2857
4,240.0000,26,34,277.5183,-78.8461,0.2461,27,0.6750,0.3333,6,5,1,0,0,5,1,0.8000
4,240.0000,26,35,646.9990,-87.0448,-0.4164,15,0.3750,0.8571,7,6,4,0,0,6,4,0.3333
4,240.0000,26,37,758.2181,-86.5328,0.1298,10,0.2500,1.0000,8,8,8,0,0,8,8,0.0000
4,240.0000,26,38,476.5380,-83.7542,0.5916,19,0.4750,0.7143,7,5,1,0,0,5,1,0.8000
4,240.0000,26,41,560.5035,-85.5145,0.3932,15,0.3750,0.6667,6,8,7,0,0,8,7,0.1250
4,240.0000,26,42,456.4570,-81.5219,-1.4863,23,0.5750,0.7143,7,6,4,0,0,6,4,0.3333
4,240.0000,26,43,444.1509,-82.6845,-0.2228,20,0.5000,0.5000,6,6,3,0,0,6,3,0.5000
4,240.0000,26,45,777.9467,-87.4903,1.1312,10,0.2500,1.0000,8,8,8,0,0,8,8,0.0000
4,240.0000,26,47,386.7921,-83.5541,0.3139,19,0.4750,0.8750,8,7,4,0,0,7,4,0.4286
4,240.0000,27,0,736.0767,-85.7237,-0.0347,15,0.3846,1.0000,8,7,6,0,0,7,6,0.1429
4,240.0000,27,1,550.5909,-84.4460,0.3563,19,0.4872,0.6667,6,7,4,0,0,7,4,0.4286
4,240.0000,27,8,707.5206,-86.7041,0.7124,4,0.1026,1.0000,8,8,8,0,0,8,8,0.0000
4,240.0000,27,9,657.1845,-85.8584,-0.2304,16,0.4103,0.6667,6,7,6,0,0,7,6,0.1429
4,240.0000,27,13,599.6516,-84.6992,0.1248,12,0.3077,1.0000,8,8,8,0,0,8,8,0.0000
4,240.0000,27,15,376.7531,-81.1273,0.7254,27,0.6923,0.4000,5,5,2,0,0,5,2,0.6000
4,240.0000,27,18,508.8150,-84.2297,-0.5139,22,0.5641,0.7778,9,7,6,0,0,7,6,0.1429
4,240.0000,27,19,334.8258,-78.2388,-0.9957,29,0.7436,0.6667,6,5,2,0,0,5,2,0.6000
4,240.0000,27,21,387.3582,-81.4877,0.3501,29,0.7436,0.3333,6,6,3,0,0,6,3,0.5000
4,240.0000,27,25,482.0251,-83.3716,0.0271,24,0.6154,0.5000,6,4,2,0,0,4,2,0.5000
4,240.0000,27,28,558.8749,-84.9208,-0.3566,26,0.6667,0.5000,6,7,4,0,0,7,4,0.4286
4,240.0000,27,30,738.7806,-86.3437,-0.1565,15,0.3846,0.7143,7,8,7,0,0,8,7,0.1250
4,240.0000,27,31,726.5291,-85.4763,0.9697,8,0.2051,0.5000,6,10,10,0,0,10,10,0.0000
4,240.0000,27,32,486.8064,-84.2679,-0.1585,23,0.5897,0.5000,6,8,8,0,0,8,8,0.0000
4,240.0000,27,36,299.9647,-78.0018,-0.4677,29,0.7436,0.0000,4,6,4,0,0,6,4,0.3333
4,240.0000,27,39,588.6630,-83.8044,-0.7797,26,0.6667,0.5714,7,7,6,0,0,7,6,0.1429
4,240.0000,27,40,712.3177,-85.9827,0.0121,16,0.4103,0.6667,6,8,8,0,0,8,8,0.0000
4,240.0000,27,44,642.4991,-85.8088,0.2912,18,0.4615,0.7143,7,7,5,0,0,7,5,0.2857
4,240.0000,27,45,338.9119,-81.3066,0.0335,23,0.5897,0.5000,6,8,4,0,0,8,4,0.5000
4,240.0000,27,46,655.1053,-84.8755,-0.0013,16,0.4103,0.8750,8,8,8,0,0,8,8,0.0000
4,240.0000,28,0,638.6279,-85.4175,0.0891,16,0.4000,0.5000,6,7,5,0,0,7,5,0.2857
4,240.0000,28,1,555.4776,-84.5491,0.1795,20,0.5000,1.0000,8,6,3,0,0,6,3,0.5000
4,240.0000,28,9,392.6202,-82.1296,0.0174,24,0.6000,0.4000,5,6,4,0,0,6,4,0.3333
4,240.0000,28,15,505.6514,-83.4477,-0.2712,16,0.4000,0.2000,5,5,2,0,0,5,2,0.6000
4,240.0000,28,18,860.1743,-85.7106,-0.4639,4,0.1000,1.0000,8,8,8,0,0,8,8,0.0000
4,240.0000,28,19,381.9444,-80.2976,-0.8497,27,0.6750,0.6667,6,6,2,0,0,6,2,0.6667
4,240.0000,28,21,382.8942,-81.0652,-0.7227,28,0.7000,0.4000,5,6,3,0,0,6,3,0.5000
4,240.0000,28,25,469.9652,-83.3382,-0.7632,24,0.6000,0.6667,6,5,1,0,0,5,1,0.8000
4,240.0000,28,27,558.8749,-83.7629,-0.7031,16,0.4000,0.6667,6,7,5,0,0,7,5,0.2857
4,240.0000,28,30,310.6142,-79.4923,-0.3691,37,0.9250,0.2000,5,5,1,0,0,5,1,0.8000
4,240.0000,28,32,301.2096,-78.3991,-0.3478,38,0.9500,0.2000,5,6,3,0,0,6,3,0.5000
4,240.0000,28,36,324.5930,-78.1602,-0.7064,31,0.7750,0.0000,4,7,5,0,0,7,5,0.2857
4,240.0000,28,39,81.8843,-66.5748,-0.2690,39,0.9750,0.0000,4,4,0,0,0,4,0,1.0000
4,240.0000,28,40,482.3397,-83.6599,-0.3878,24,0.6000,0.4000,5,5,2,0,0,5,2,0.6000
4,240.0000,28,44,199.4016,-76.7130,1.0093,36,0.9000,0.0000,4,4,0,0,0,4,0,1.0000
4,240.0000,28,45,869.4651,-88.1180,-0.2070,3,0.0750,1.0000,8,8,8,0,0,8,8,0.0000
4,240.0000,28,46,682.2287,-85.7585,-0.7064,13,0.3250,0.8750,8,7,5,0,0,7,5,0.2857
4,240.0000,29,2,812.8095,-87.8721,0.5560,8,0.2000,0.8750,8,8,7,0,0,8,7,0.1250
4,240.0000,29,3,785.6582,-87.7001,0.3855,11,0.2750,0.8333,6,8,7,0,0,8,7,0.1250
4,240.0000,29,4,347.2098,-80.4996,-0.2633,32,0.8000,0.7143,7,6,3,0,0,6,3,0.5000
4,240.0000,29,5,320.6518,-79.1319,-1.0280,28,0.7000,0.5000,6,7,4,0,0,7,4,0.4286
4,240.0000,29,6,431.0790,-84.0754,0.4303,19,0.4750,0.8571,7,7,6,0,0,7,6,0.1429
4,240.0000,29,7,925.2169,-88.1887,0.2883,7,0.1750,1.0000,8,7,6,0,0,7,6,0.1429
4,240.0000,29,8,890.9895,-88.2432,-0.6840,7,0.1750,1.0000,8,8,8,0,0,8,8,0.0000
4,240.0000,29,10,650.4694,-86.5972,0.5039,19,0.4750,0.6667,6,7,4,0,0,7,4,0.4286
4,240.0000,29,11,275.0174,-81.3421,1.0180,26,0.6500,0.7704,135,6,2,97,32,103,34,0.6699
4,240.0000,29,12,566.9752,-85.0849,-0.1750,14,0.3500,0.7500,8,7,5,0,0,7,5,0.2857
4,240.0000,29,13,673.5953,-84.3777,-0.0551,14,0.3500,1.0000,6,10,9,0,0,10,9,0.1000
4,240.0000,29,14,208.9034,-78.4338,0.6855,31,0.7750,0.2000,5,4,0,0,0,4,0,1.0000
4,240.0000,29,16,622.3652,-86.4102,0.2944,15,0.3750,0.8571,7,5,2,0,0,5,2,0.6000
4,240.0000,29,17,533.8992,-85.4483,-0.2706,22,0.5500,0.8571,7,8,8,0,0,8,8,0.0000
4,240.0000,29,18,919.5462,-88.1005,0.2797,6,0.1500,1.0000,6,7,6,0,0,7,6,0.1429
4,240.0000,29,20,609.7981,-85.0263,1.0128,13,0.3250,1.0000,8,7,6,0,0,7,6,0.1429
4,240.0000,29,23,926.9132,-88.3535,-0.9286,6,0.1500,1.0000,8,6,6,0,0,6,6,0.0000
4,240.0000,29,24,838.1214,-88.5653,0.5443,7,0.1750,1.0000,8,8,8,0,0,8,8,0.0000
4,240.0000,29,26,308.4946,-78.4653,-0.4360,28,0.7000,0.5714,7,6,4,0,0,6,4,0.3333
4,240.0000,29,31,583.0092,-84.4420,0.2069,16,0.4000,1.0000,8,7,6,0,0,7,6,0.1429
4,240.0000,29,33,749.9004,-86.8682,0.3987,16,0.4000,1.0000,8,8,8,0,0,8,8,0.0000
4,240.0000,29,34,391.1839,-81.9219,1.0198,21,0.5250,0.5000,6,6,3,0,0,6,3,0.5000
4,240.0000,29,35,643.4365,-85.8186,0.2336,24,0.6000,0.8571,7,8,8,0,0,8,8,0.0000
4,240.0000,29,37,652.8987,-86.4696,0.8751,18,0.4500,1.0000,8,7,6,0,0,7,6,0.1429
4,240.0000,29,38,738.5378,-87.4276,-0.5229,10,0.2500,0.8571,7,8,8,0,0,8,8,0.0000
4,240.0000,29,41,823.2741,-87.2192,-0.3842,9,0.2250,0.8750,8,8,8,0,0,8,8,0.0000
4,240.0000,29,42,316.1250,-77.7242,-0.2833,33,0.8250,0.5714,7,5,2,0,0,5,2,0.6000
4,240.0000,29,43,532.9492,-83.6149,0.6989,21,0.5250,0.6667,6,7,5,0,0,7,5,0.2857
4,240.0000,29,45,941.1282,-88.4568,0.6941,9,0.2250,0.8750,8,4,4,0,0,4,4,0.0000
4,240.0000,29,47,625.4743,-85.7661,1.0165,14,0.3500,0.8750,8,7,6,0,0,7,6,0.1429
4,240.0000,30,0,865.1525,-87.8247,0.6220,8,0.2000,1.0000,8,8,8,0,0,8,8,0.0000
4,240.0000,30,1,838.4951,-86.3851,0.0962,5,0.1250,1.0000,8,7,6,0,0,7,6,0.1429
4,240.0000,30,9,610.3901,-85.6143,0.2086,17,0.4250,0.7500,8,6,3,0,0,6,3,0.5000
4,240.0000,30,15,599.8289,-84.5111,-0.4462,17,0.4250,0.8750,8,7,4,0,0,7,4,0.4286
4,240.0000,30,18,1134.6210,-88.5665,1.0153,4,0.1000,1.0000,6,8,8,0,0,8,8,0.0000
4,240.0000,30,19,666.0334,-85.6267,-1.2439,11,0.2750,0.7143,7,7,5,0,0,7,5,0.2857
4,240.0000,30,21,459.4565,-81.9472,-0.2508,28,0.7000,0.2000,5,6,4,0,0,6,4,0.3333
4,240.0000,30,25,745.9601,-86.6599,-0.6156,10,0.2500,1.0000,8,8,8,0,0,8,8,0.0000
4,240.0000,30,27,738.7806,-85.4954,-0.2611,12,0.3000,1.0000,8,8,7,0,0,8,7,0.1250
4,240.0000,30,28,310.6142,-79.7048,-0.6394,33,0.8250,0.5000,6,8,4,0,0,8,4,0.5000
4,240.0000,30,32,358.6251,-78.6834,-1.0840,33,0.8250,0.3333,6,7,5,0,0,7,5,0.2857
4,240.0000,30,36,564.5990,-84.2063,-1.1000,19,0.4750,0.6667,6,7,5,0,0,7,5,0.2857
4,240.0000,30,39,373.5206,-81.3431,-0.1263,28,0.7000,0.0000,4,6,2,0,0,6,2,0.6667
4,240.0000,30,40,689.1088,-86.1301,0.6477,8,0.2000,1.0000,8,8,8,0,0,8,8,0.0000
4,240.0000,30,44,127.7204,-72.2655,0.9701,36,0.9000,0.0000,4,5,1,0,0,5,1,0.8000
4,240.0000,30,45,982.6653,-87.1277,-0.9094,7,0.1750,1.0000,8,2,2,0,0,2,2,0.0000
4,240.0000,31,1,818.2509,-87.4878,0.6286,5,0.1250,1.0000,4,8,8,0,0,8,8,0.0000
4,240.0000,31,4,571.1489,-84.7131,0.6473,7,0.1750,0.7143,7,7,6,0,0,7,6,0.1429
4,240.0000,31,5,659.4599,-86.8289,-0.0950,6,0.1500,0.8571,7,8,8,0,0,8,8,0.0000
4,240.0000,31,6,781.4083,-87.5455,1.0723,4,0.1000,1.0000,8,8,8,0,0,8,8,0.0000
4,240.0000,31,12,729.3054,-86.4607,0.4322,6,0.1500,1.0000,6,8,8,0,0,8,8,0.0000
4,240.0000,31,13,138.0176,-72.1594,-0.2473,36,0.9000,0.1059,85,5,1,80,10,85,11,0.8706
4,240.0000,31,14,732.3716,-86.1228,-0.5744,6,0.1500,1.0000,8,8,8,0,0,8,8,0.0000
4,240.0000,31,15,1027.8056,-88.5689,0.2186,3,0.0750,1.0000,8,4,4,0,0,4,4,0.0000
4,240.0000,31,18,373.4044,-81.5723,0.7515,23,0.5750,0.6667,6,7,6,0,0,7,6,0.1429
4,240.0000,31,19,819.1706,-86.9617,-0.5577,5,0.1250,1.0000,8,8,8,0,0,8,8,0.0000
4,240.0000,31,20,890.0134,-86.5724,-0.4027,3,0.0750,1.0000,8,8,8,0,0,8,8,0.0000
4,240.0000,31,25,845.7726,-87.5960,0.4210,3,0.0750,1.0000,6,7,6,0,0,7,6,0.1429
4,240.0000,31,26,696.8848,-83.9259,-0.4776,6,0.1500,1.0000,8,7,6,0,0,7,6,0.1429
4,240.0000,31,27,726.5291,-86.0857,-1.4715,6,0.1500,1.0000,8,8,8,0,0,8,8,0.0000
4,240.0000,31,29,583.0092,-84.4892,-1.1371,8,0.2000,1.0000,8,8,7,0,0,8,7,0.1250
4,240.0000,31,34,605.2101,-84.3608,0.4005,6,0.1500,0.8571,7,8,7,0,0,8,7,0.1250
4,240.0000,31,36,891.2419,-88.1670,-0.2084,4,0.1000,1.0000,6,8,8,0,0,8,8,0.0000
4,240.0000,31,42,433.4216,-82.8709,-0.0311,16,0.4000,0.6667,6,7,6,0,0,7,6,0.1429
4,240.0000,31,45,709.8796,-87.7401,-0.3009,4,0.1000,1.0000,8,8,8,0,0,8,8,0.0000
4,240.0000,31,46,797.6695,-86.3365,-0.2371,10,0.2500,1.0000,8,4,4,0,0,4,4,0.0000
4,240.0000,32,0,880.0108,-87.7081,0.4191,4,0.1000,0.8333,6,6,6,0,0,6,6,0.0000
4,240.0000,32,1,743.8250,-86.5751,0.1355,14,0.3500,0.8750,8,6,4,0,0,6,4,0.3333
4,240.0000,32,9,662.1492,-86.5897,-0.1791,12,0.3000,0.8750,8,5,2,0,0,5,2,0.6000
4,240.0000,32,15,251.3762,-80.1166,0.9833,29,0.7250,0.5000,6,4,0,0,0,4,0,1.0000
4,240.0000,32,19,484.5216,-83.8371,0.3532,19,0.4750,1.0000,8,6,4,0,0,6,4,0.3333
4,240.0000,32,21,421.5429,-82.7406,-0.3750,23,0.5750,0.5000,6,7,4,0,0,7,4,0.4286
4,240.0000,32,25,654.7514,-85.7364,0.3579,14,0.3500,0.6667,6,8,7,0,0,8,7,0.1250
4,240.0000,32,27,486.8064,-84.9953,0.3914,12,0.3000,0.8750,8,6,4,0,0,6,4,0.3333
4,240.0000,32,28,301.2096,-78.5216,-0.5916,30,0.7500,0.2000,5,6,4,0,0,6,4,0.3333
4,240.0000,32,30,358.6251,-79.0303,-1.0593,36,0.9000,0.4000,5,5,1,0,0,5,1,0.8000
4,240.0000,32,36,426.2214,-81.4083,-0.7387,26,0.6500,0.6667,6,7,4,0,0,7,4,0.4286
4,240.0000,32,39,345.7860,-80.0862,-0.5158,31,0.7750,0.2000,5,7,4,0,0,7,4,0.4286
4,240.0000,32,40,749.7558,-86.3278,-0.3383,11,0.2750,0.7500,8,8,8,0,0,8,8,0.0000
4,240.0000,32,44,319.7042,-79.5737,0.2061,33,0.8250,0.2000,5,6,3,0,0,6,3,0.5000
4,240.0000,32,45,736.1753,-86.4581,-0.0712,7,0.1750,1.0000,8,8,7,0,0,8,7,0.1250
4,240.0000,32,46,873.2182,-87.1721,0.2883,8,0.2000,1.0000,8,8,8,0,0,8,8,0.0000
4,240.0000,33,2,393.7953,-81.3146,0.5417,28,0.7000,0.0000,4,4,2,0,0,4,2,0.5000
4,240.0000,33,3,64.5460,-68.0987,2.0777,37,0.9250,0.0000,4,5,1,0,0,5,1,0.8000
4,240.0000,33,4,881.1179,-88.2890,0.3475,13,0.3250,1.0000,8,8,8,0,0,8,8,0.0000
4,240.0000,33,5,654.1102,-86.2133,-0.0781,15,0.3750,0.5000,6,7,5,0,0,7,5,0.2857
4,240.0000,33,6,578.7395,-84.6548,-0.0826,20,0.5000,0.7500,8,7,5,0,0,7,5,0.2857
4,240.0000,33,7,382.5262,-81.2838,0.0115,32,0.8000,0.3333,6,7,5,0,0,7,5,0.2857
4,240.0000,33,8,993.3026,-88.6230,0.2493,9,0.2250,1.0000,8,4,4,0,0,4,4,0.0000
4,240.0000,33,10,586.2720,-86.2528,0.4414,21,0.5250,0.6667,6,8,7,0,0,8,7,0.1250
4,240.0000,33,11,515.6856,-84.1582,-0.7652,25,0.6250,0.8000,5,7,5,0,0,7,5,0.2857
4,240.0000,33,12,769.1887,-87.8921,0.6573,11,0.2750,1.0000,8,8,7,0,0,8,7,0.1250
4,240.0000,33,14,630.5406,-86.0250,0.6218,18,0.4500,0.7143,7,8,8,0,0,8,8,0.0000
4,240.0000,33,16,157.2220,-73.5031,0.4166,34,0.8500,0.5000,6,5,2,0,0,5,2,0.6000
4,240.0000,33,17,611.6522,-84.8848,-0.0268,20,0.5000,0.8571,7,8,7,0,0,8,7,0.1250
4,240.0000,33,20,605.6187,-85.5004,-0.3921,19,0.4750,0.7143,7,8,7,0,0,8,7,0.1250
4,240.0000,33,22,391.7047,-81.3289,0.0840,29,0.7250,0.6250,8,6,4,0,0,6,4,0.3333
4,240.0000,33,23,254.3404,-77.6887,-0.2559,33,0.8250,0.0000,4,6,3,0,0,6,3,0.5000
4,240.0000,33,24,627.9767,-85.1386,-1.0527,21,0.5250,0.7143,7,7,6,0,0,7,6,0.1429
4,240.0000,33,26,600.8315,-86.4605,0.2982,18,0.4500,0.8750,8,6,4,0,0,6,4,0.3333
4,240.0000,33,29,749.9004,-88.4520,0.0903,10,0.2500,1.0000,8,8,8,0,0,8,8,0.0000
4,240.0000,33,34,757.0765,-87.2534,0.2075,11,0.2750,1.0000,8,8,7,0,0,8,7,0.1250
4,240.0000,33,35,338.8318,-83.1266,1.4053,26,0.6500,0.5000,6,5,2,0,0,5,2,0.6000
4,240.0000,33,37,574.3755,-86.1300,0.5280,20,0.5000,0.8571,7,7,5,0,0,7,5,0.2857
4,240.0000,33,38,407.0712,-79.5927,-1.4013,31,0.7750,0.2000,5,6,4,0,0,6,4,0.3333
4,240.0000,33,41,363.1354,-80.4409,-0.2943,29,0.7250,0.6667,6,7,4,0,0,7,4,0.4286
4,240.0000,33,42,985.7518,-88.3367,0.5386,12,0.3000,1.0000,6,8,8,0,0,8,8,0.0000
4,240.0000,33,43,267.7474,-78.0210,0.1257,32,0.8000,0.4000,5,5,1,0,0,5,1,0.8000
4,240.0000,33,47,403.2885,-80.4361,-1.2770,30,0.7500,0.4000,5,6,4,0,0,6,4,0.3333
4,240.0000,34,2,672.5284,-86.7161,1.8482,5,0.1250,1.0000,8,8,8,0,0,8,8,0.0000
4,240.0000,34,3,801.7662,-88.4220,-0.1957,6,0.1500,1.0000,4,7,6,0,0,7,6,0.1429
4,240.0000,34,4,552.4996,-83.3689,-0.0550,17,0.4250,1.0000,8,6,4,0,0,6,4,0.3333
4,240.0000,34,5,119.1159,-71.1971,0.0599,32,0.8000,0.0000,4,4,0,0,0,4,0,1.0000
4,240.0000,34,6,188.8141,-77.5937,0.9819,23,0.5750,0.4000,5,4,0,0,0,4,0,1.0000
4,240.0000,34,7,753.3909,-87.2068,-0.3831,9,0.2250,1.0000,8,7,6,0,0,7,6,0.1429
4,240.0000,34,8,613.4820,-85.7639,-0.1225,14,0.3500,1.0000,8,8,6,0,0,8,6,0.2500
4,240.0000,34,10,924.3931,-88.6228,0.0200,5,0.1250,1.0000,6,7,6,0,0,7,6,0.1429
4,240.0000,34,11,498.8656,-84.4839,0.5697,11,0.2750,0.7143,7,8,8,0,0,8,8,0.0000
4,240.0000,34,12,374.3329,-81.2105,0.4364,23,0.5750,0.8000,5,7,6,0,0,7,6,0.1429
4,240.0000,34,13,645.3753,-84.6748,-1.0851,13,0.3250,0.6667,6,5,2,0,0,5,2,0.6000
4,240.0000,34,14,375.4014,-83.8327,0.5184,17,0.4250,0.2500,4,6,3,0,0,6,3,0.5000
4,240.0000,34,15,1046.7143,-87.5124,-0.4090,7,0.1750,1.0000,6,2,2,0,0,2,2,0.0000
4,240.0000,34,16,631.5691,-85.4685,-0.5654,10,0.2500,0.8000,5,6,3,0,0,6,3,0.5000
4,240.0000,34,17,831.3457,-87.5794,0.3219,9,0.2250,0.8000,5,5,4,0,0,5,4,0.2000
4,240.0000,34,18,808.1548,-86.7494,0.5005,4,0.1000,1.0000,6,7,6,0,0,7,6,0.1429
4,240.0000,34,20,423.9376,-84.4864,0.4265,15,0.3750,0.7143,7,7,6,0,0,7,6,0.1429
4,240.0000,34,23,944.3129,-87.8720,-0.1364,6,0.1500,1.0000,4,8,8,0,0,8,8,0.0000
4,240.0000,34,24,542.7613,-85.0502,0.0582,14,0.3500,1.0000,8,6,4,0,0,6,4,0.3333
4,240.0000,34,26,277.5183,-78.7189,-0.2556,24,0.6000,0.0000,4,5,2,0,0,5,2,0.6000
4,240.0000,34,27,903.0429,-87.3204,-0.5989,7,0.1750,,0,4,4,0,0,4,4,0.0000
4,240.0000,34,29,391.1839,-81.6649,-0.0122,20,0.5000,0.6667,6,8,8,0,0,8,8,0.0000
4,240.0000,34,31,605.2101,-84.6862,-0.0746,13,0.3250,0.8889,9,8,8,0,0,8,8,0.0000
4,240.0000,34,33,757.0765,-86.2141,-0.4269,11,0.2750,0.6667,6,8,8,0,0,8,8,0.0000
4,240.0000,34,35,797.4253,-85.5340,0.1893,5,0.1250,0.8750,8,4,4,0,0,4,4,0.0000
4,240.0000,34,37,892.4281,-87.8426,0.6392,7,0.1750,1.0000,6,8,8,0,0,8,8,0.0000
4,240.0000,34,38,543.7369,-85.7585,0.0915,13,0.3250,0.8571,7,8,8,0,0,8,8,0.0000
4,240.0000,34,41,668.3295,-86.1737,0.3462,13,0.3250,1.0000,8,8,7,0,0,8,7,0.1250
4,240.0000,34,42,554.6744,-84.7529,0.1391,15,0.3750,0.4000,5,8,8,0,0,8,8,0.0000
4,240.0000,34,43,654.1104,-85.7627,-0.0960,10,0.2500,1.0000,8,8,7,0,0,8,7,0.1250
4,240.0000,34,45,729.0620,-87.3099,-1.2031,7,0.1750,1.0000,8,4,4,0,0,4,4,0.0000
4,240.0000,34,47,436.0733,-84.6945,1.5811,15,0.3750,1.0000,8,7,5,0,0,7,5,0.2857
4,240.0000,35,2,695.1103,-85.8398,1.8716,7,0.1750,1.0000,8,6,4,0,0,6,4,0.3333
4,240.0000,35,3,365.9983,-83.0664,1.2953,14,0.3500,0.5714,7,6,3,0,0,6,3,0.5000
4,240.0000,35,4,842.7428,-85.9690,1.0973,7,0.1750,1.0000,8,6,6,0,0,6,6,0.0000
4,240.0000,35,5,683.8036,-86.2283,-0.4848,8,0.2000,0.8750,8,7,6,0,0,7,6,0.1429
4,240.0000,35,6,655.5749,-86.3000,0.7261,10,0.2500,0.6667,6,8,8,0,0,8,8,0.0000
4,240.0000,35,7,684.6010,-87.1842,1.1383,7,0.1750,0.8571,7,8,8,0,0,8,8,0.0000
4,240.0000,35,10,284.3750,-78.1336,-0.1783,36,0.9000,0.2000,5,4,0,0,0,4,0,1.0000
4,240.0000,35,11,368.9763,-79.4109,-0.4093,12,0.3000,0.0000,4,8,8,0,0,8,8,0.0000
4,240.0000,35,14,514.3301,-82.7947,-0.3579,13,0.3250,0.8571,7,8,8,0,0,8,8,0.0000
4,240.0000,35,16,366.4063,-81.3218,0.2589,17,0.4250,0.4000,5,7,6,0,0,7,6,0.1429
4,240.0000,35,17,431.2181,-81.6088,-0.5745,21,0.5250,0.8571,7,6,6,0,0,6,6,0.0000
4,240.0000,35,20,792.0709,-88.0757,0.9912,4,0.1000,1.0000,8,8,6,0,0,8,6,0.2500
4,240.0000,35,22,693.3374,-85.9496,1.2349,10,0.2500,0.8571,7,8,8,0,0,8,8,0.0000
4,240.0000,35,23,516.9655,-85.3169,0.4221,13,0.3250,1.0000,8,7,6,0,0,7,6,0.1429
4,240.0000,35,24,875.5721,-87.2574,1.5423,3,0.0750,1.0000,4,7,6,0,0,7,6,0.1429
4,240.0000,35,26,646.9990,-85.7024,-0.9764,7,0.1750,0.7500,8,8,8,0,0,8,8,0.0000
4,240.0000,35,29,643.4365,-86.0979,0.3513,9,0.2250,0.8571,7,9,8,0,0,9,8,0.1111
4,240.0000,35,33,338.8318,-82.8394,0.8685,14,0.3500,0.3333,6,6,4,0,0,6,4,0.3333
4,240.0000,35,34,797.4253,-86.6672,-2.0412,4,0.1000,1.0000,8,8,8,0,0,8,8,0.0000
4,240.0000,35,37,235.9606,-77.0562,-0.7740,35,0.8750,0.2000,5,6,2,0,0,6,2,0.6667
4,240.0000,35,38,670.0743,-85.1789,-0.0176,10,0.2500,0.8750,8,10,10,0,0,10,10,0.0000
4,240.0000,35,41,671.5521,-86.2758,0.9440,7,0.1750,0.8750,8,8,8,0,0,8,8,0.0000
4,240.0000,35,42,907.1147,-88.3974,-0.8002,3,0.0750,1.0000,8,2,2,0,0,2,2,0.0000
4,240.0000,35,43,264.9340,-80.7757,1.7495,16,0.4000,0.8571,7,6,2,0,0,6,2,0.6667
4,240.0000,35,47,606.0733,-86.7112,0.8402,6,0.1500,0.9000,10,6,6,0,0,6,6,0.0000
4,240.0000,36,0,497.4081,-85.4082,0.5120,23,0.5750,0.5000,6,6,4,0,0,6,4,0.3333
4,240.0000,36,1,352.6277,-82.2933,0.3127,32,0.8000,0.5000,6,5,1,0,0,5,1,0.8000
4,240.0000,36,9,364.1093,-82.3824,0.6436,32,0.8000,0.0000,4,5,1,0,0,5,1,0.8000
4,240.0000,36,13,762.0082,-86.5527,0.6414,9,0.2250,1.0000,8,8,7,0,0,8,7,0.1250
4,240.0000,36,15,478.7753,-82.6230,-0.1019,29,0.7250,0.3333,6,8,6,0,0,8,6,0.2500
4,240.0000,36,18,588.8577,-85.0188,0.1999,14,0.3500,0.6667,6,8,8,0,0,8,8,0.0000
4,240.0000,36,19,159.0782,-73.0762,1.0511,36,0.9000,0.0000,4,4,0,0,0,4,0,1.0000
4,240.0000,36,21,267.9028,-77.4732,-0.3368,37,0.9250,0.2000,5,5,1,0,0,5,1,0.8000
4,240.0000,36,25,256.8926,-80.2214,1.4508,34,0.8500,0.0000,4,4,0,0,0,4,0,1.0000
4,240.0000,36,27,299.9647,-78.2261,-0.7570,35,0.8750,0.0000,4,5,1,0,0,5,1,0.8000
4,240.0000,36,28,324.5930,-77.9719,-1.3029,38,0.9500,0.4000,5,5,2,0,0,5,2,0.6000
4,240.0000,36,30,564.5990,-84.2016,-0.1863,32,0.8000,0.6667,6,6,4,0,0,6,4,0.3333
4,240.0000,36,31,891.2419,-88.1689,1.0296,3,0.0750,1.0000,8,8,8,0,0,8,8,0.0000
4,240.0000,36,32,426.2214,-82.1096,-0.7253,35,0.8750,0.5000,6,6,3,0,0,6,3,0.5000
4,240.0000,36,39,346.9307,-79.0454,-0.3163,36,0.9000,0.2000,5,5,1,0,0,5,1,0.8000
4,240.0000,36,40,429.7452,-83.8673,0.1950,31,0.7750,0.2000,5,5,2,0,0,5,2,0.6000
4,240.0000,36,44,443.1614,-82.3867,-0.2610,32,0.8000,0.7500,8,9,7,0,0,9,7,0.2222
4,240.0000,36,45,620.4860,-84.5840,0.0728,14,0.3500,1.0000,8,7,6,0,0,7,6,0.1429
4,240.0000,36,46,484.1994,-84.1541,0.9333,25,0.6250,0.8750,8,7,3,0,0,7,3,0.5714
4,240.0000,37,2,915.6685,-88.2496,-0.5250,4,0.1000,1.0000,8,8,8,0,0,8,8,0.0000
4,240.0000,37,3,599.3809,-84.9700,1.2221,9,0.2250,0.7143,7,6,6,0,0,6,6,0.0000
4,240.0000,37,4,877.2315,-88.8452,0.2307,4,0.1000,1.0000,4,8,8,0,0,8,8,0.0000
4,240.0000,37,5,783.5444,-87.4664,-0.1246,5,0.1250,1.0000,8,7,6,0,0,7,6,0.1429
4,240.0000,37,6,786.2436,-87.2024,-0.3007,6,0.1500,1.0000,8,8,7,0,0,8,7,0.1250
4,240.0000,37,10,170.9360,-73.6920,-0.2724,33,0.8250,0.4000,5,6,2,0,0,6,2,0.6667
4,240.0000,37,11,412.4154,-82.3613,0.0436,16,0.4000,0.6667,6,7,5,0,0,7,5,0.2857
4,240.0000,37,14,542.9468,-84.2725,0.7618,11,0.2750,1.0000,8,7,6,0,0,7,6,0.1429
4,240.0000,37,16,583.2241,-85.0602,-0.1911,11,0.2750,0.8000,5,8,8,0,0,8,8,0.0000
4,240.0000,37,17,420.5281,-82.4009,-0.1070,17,0.4250,0.5714,7,7,6,0,0,7,6,0.1429
4,240.0000,37,22,919.6159,-88.1194,0.5121,4,0.1000,1.0000,8,7,6,0,0,7,6,0.1429
4,240.0000,37,23,736.8134,-86.8158,0.7027,12,0.3000,0.8750,8,7,5,0,0,7,5,0.2857
4,240.0000,37,26,758.2181,-87.0907,-0.9989,4,0.1000,1.0000,8,8,8,0,0,8,8,0.0000
4,240.0000,37,29,652.8987,-86.0572,0.8585,9,0.2250,0.8750,8,8,7,0,0,8,7,0.1250
4,240.0000,37,33,574.3755,-85.6321,1.0656,13,0.3250,0.8571,7,7,6,0,0,7,6,0.1429
4,240.0000,37,35,235.9606,-76.7283,-0.2531,31,0.7750,0.4286,7,5,2,0,0,5,2,0.6000
4,240.0000,37,41,895.9908,-86.7700,-0.2718,4,0.1000,1.0000,8,6,4,0,0,6,4,0.3333
4,240.0000,37,42,907.4110,-87.0531,-1.0513,5,0.1250,1.0000,8,8,8,0,0,8,8,0.0000
4,240.0000,37,43,443.9091,-84.4747,1.1520,14,0.3500,1.0000,8,7,6,0,0,7,6,0.1429
4,240.0000,37,47,798.3304,-88.3226,0.3387,4,0.1000,1.0000,6,9,8,0,0,9,8,0.1111
4,240.0000,38,2,186.6315,-75.6984,0.8520,30,0.7500,0.0000,4,4,0,0,0,4,0,1.0000
4,240.0000,38,3,434.6751,-82.1540,-0.4422,26,0.6500,0.4000,5,7,6,0,0,7,6,0.1429
4,240.0000,38,4,831.7394,-87.1048,0.1857,6,0.1500,0.7143,7,8,8,0,0,8,8,0.0000
4,240.0000,38,5,489.7517,-84.1586,0.0316,13,0.3250,0.6667,6,7,6,0,0,7,6,0.1429
4,240.0000,38,6,378.3924,-79.9285,-0.3448,21,0.5250,0.8571,7,8,7,0,0,8,7,0.1250
4,240.0000,38,7,244.2974,-77.1795,-0.5083,33,0.8250,0.0000,4,6,3,0,0,6,3,0.5000
4,240.0000,38,8,637.7065,-87.0225,0.3137,10,0.2500,1.0000,8,7,6,0,0,7,6,0.1429
4,240.0000,38,10,900.8610,-88.3593,-0.0124,8,0.2000,1.0000,6,8,8,0,0,8,8,0.0000
4,240.0000,38,11,626.4019,-86.0043,-0.7811,11,0.2750,0.8571,7,7,6,0,0,7,6,0.1429
4,240.0000,38,12,502.9974,-83.6910,0.0319,12,0.3000,1.0000,8,7,5,0,0,7,5,0.2857
4,240.0000,38,14,646.1683,-86.2581,-0.1735,8,0.2000,0.8889,9,7,6,0,0,7,6,0.1429
4,240.0000,38,16,342.8347,-80.8730,0.1325,21,0.5250,0.5000,6,6,2,0,0,6,2,0.6667
4,240.0000,38,17,846.0772,-87.0718,-0.5866,8,0.2000,0.8571,7,8,8,0,0,8,8,0.0000
4,240.0000,38,20,325.8660,-80.3512,0.6452,21,0.5250,0.6667,6,6,2,0,0,6,2,0.6667
4,240.0000,38,22,553.7522,-83.3582,-0.3560,20,0.5000,0.0000,4,5,1,0,0,5,1,0.8000
4,240.0000,38,23,527.4040,-82.9607,0.2182,21,0.5250,0.5714,7,7,6,0,0,7,6,0.1429
4,240.0000,38,24,225.4332,-78.6555,0.2893,33,0.8250,0.0000,4,4,0,0,0,4,0,1.0000
4,240.0000,38,26,476.5380,-84.9678,0.7653,12,0.3000,0.8571,7,5,2,0,0,5,2,0.6000
4,240.0000,38,29,738.5378,-87.7698,-0.4562,6,0.1500,0.8571,7,7,6,0,0,7,6,0.1429
4,240.0000,38,33,407.0712,-79.8656,-0.9045,25,0.6250,0.2000,5,7,6,0,0,7,6,0.1429
4,240.0000,38,34,543.7369,-84.5147,0.2382,14,0.3500,0.8750,8,7,4,0,0,7,4,0.4286
4,240.0000,38,35,670.0743,-84.7573,-0.7780,5,0.1250,0.4000,5,7,6,0,0,7,6,0.1429
4,240.0000,38,37,880.0032,-86.9616,0.4955,5,0.1250,1.0000,6,8,7,0,0,8,7,0.1250
4,240.0000,38,41,137.6566,-69.7769,0.1381,33,0.8250,0.0000,4,4,0,0,0,4,0,1.0000
4,240.0000,38,42,932.4222,-88.0319,-0.0911,4,0.1000,1.0000,8,8,8,0,0,8,8,0.0000
4,240.0000,38,43,505.3306,-82.3162,-1.2310,19,0.4750,0.2000,5,8,6,0,0,8,6,0.2500
4,240.0000,38,45,988.0964,-88.3371,-0.2914,3,0.0750,1.0000,8,4,4,0,0,4,4,0.0000
4,240.0000,38,47,130.4725,-68.7148,-1.4637,35,0.8750,0.0000,4,4,0,0,0,4,0,1.0000
4,240.0000,39,0,627.4111,-86.8212,-0.2137,18,0.4500,0.8571,7,8,6,0,0,8,6,0.2500
4,240.0000,39,1,531.5659,-84.6064,0.3462,28,0.7000,0.5000,6,7,5,0,0,7,5,0.2857
4,240.0000,39,9,386.0715,-82.6214,0.5524,32,0.8000,0.0000,4,6,3,0,0,6,3,0.5000
4,240.0000,39,15,537.5700,-83.7436,-0.0156,25,0.6250,0.5000,6,8,7,0,0,8,7,0.1250
4,240.0000,39,18,843.0231,-86.6903,-0.5692,12,0.3000,1.0000,8,8,8,0,0,8,8,0.0000
4,240.0000,39,19,370.5183,-80.6063,-1.1842,32,0.8000,0.4286,7,6,3,0,0,6,3,0.5000
4,240.0000,39,21,450.0528,-82.2914,-0.3426,32,0.8000,0.2000,5,8,5,0,0,8,5,0.3750
4,240.0000,39,25,455.3935,-82.8999,-0.2041,31,0.7750,1.0000,6,6,2,0,0,6,2,0.6667
4,240.0000,39,27,588.6630,-84.4560,-1.0350,24,0.6000,0.8571,7,8,8,0,0,8,8,0.0000
4,240.0000,39,28,81.8843,-66.6318,-0.3527,38,0.9500,0.2000,5,4,0,0,0,4,0,1.0000
4,240.0000,39,30,373.5206,-81.2698,-0.2508,34,0.8500,0.5000,6,5,2,0,0,5,2,0.6000
4,240.0000,39,32,345.7860,-79.9388,-1.1404,39,0.9750,0.0000,4,4,0,0,0,4,0,1.0000
4,240.0000,39,36,346.9307,-78.7433,-0.4523,37,0.9250,0.0000,4,6,4,0,0,6,4,0.3333
4,240.0000,39,40,474.9592,-83.7555,0.2367,28,0.7000,0.6667,6,4,0,0,0,4,0,1.0000
4,240.0000,39,44,271.3941,-78.5895,0.5691,38,0.9500,0.0000,4,4,0,0,0,4,0,1.0000
4,240.0000,39,45,911.1006,-87.4225,-0.2399,12,0.3000,1.0000,8,6,6,0,0,6,6,0.0000
4,240.0000,39,46,652.0406,-85.8050,0.3856,21,0.5250,1.0000,8,8,7,0,0,8,7,0.1250
4,240.0000,40,0,193.3973,-75.4760,-0.0792,38,0.9500,0.0000,4,5,1,0,0,5,1,0.8000
4,240.0000,40,1,335.5635,-79.2182,-0.5205,34,0.8500,0.2000,5,5,2,0,0,5,2,0.6000
4,240.0000,40,9,89.9859,-69.7932,1.2009,38,0.9500,0.2000,5,4,1,0,0,4,1,0.7500
4,240.0000,40,18,818.8117,-84.3114,-0.5532,8,0.2000,1.0000,8,8,7,0,0,8,7,0.1250
4,240.0000,40,19,465.5825,-83.6391,0.7922,18,0.4500,0.6667,6,7,5,0,0,7,5,0.2857
4,240.0000,40,21,528.0191,-84.4268,-0.8451,20,0.5000,0.4000,5,6,4,0,0,6,4,0.3333
4,240.0000,40,25,302.3507,-77.6010,-1.0533,34,0.8500,0.0000,4,4,0,0,0,4,0,1.0000
4,240.0000,40,27,712.3177,-85.4089,-0.1869,12,0.3000,0.9178,146,8,8,144,141,152,149,0.0197
4,240.0000,40,28,482.3397,-83.9584,0.3886,19,0.4750,0.7500,8,8,7,0,0,8,7,0.1250
4,240.0000,40,30,689.1088,-86.1675,0.3892,14,0.3500,0.7500,8,5,3,0,0,5,3,0.4000
4,240.0000,40,32,749.7558,-85.4135,-0.0785,4,0.1000,0.8750,8,7,6,0,0,7,6,0.1429
4,240.0000,40,36,429.7452,-83.0837,-0.4521,23,0.5750,0.8750,8,5,1,0,0,5,1,0.8000
4,240.0000,40,39,474.9592,-83.1977,0.0916,23,0.5750,0.4000,5,6,3,0,0,6,3,0.5000
4,240.0000,40,44,574.0044,-85.1004,0.3791,21,0.5250,0.2000,5,7,6,0,0,7,6,0.1429
4,240.0000,40,46,409.5488,-82.0001,-0.6264,26,0.6500,0.6250,8,4,0,0,0,4,0,1.0000
4,240.0000,41,2,92.9176,-70.1519,2.4122,34,0.8500,0.2000,5,5,1,0,0,5,1,0.8000
4,240.0000,41,3,372.4830,-81.3067,-0.5527,21,0.5250,0.2000,5,5,2,0,0,5,2,0.6000
4,240.0000,41,4,890.2021,-87.8870,-0.6051,4,0.1000,1.0000,8,8,8,0,0,8,8,0.0000
4,240.0000,41,5,604.6376,-86.6692,0.0648,6,0.1500,0.8750,8,8,7,0,0,8,7,0.1250
4,240.0000,41,6,502.1144,-82.7370,-1.1927,16,0.4000,0.8000,5,8,6,0,0,8,6,0.2500
4,240.0000,41,7,206.8103,-77.3105,0.4465,33,0.8250,0.0000,4,6,2,0,0,6,2,0.6667
4,240.0000,41,8,702.0996,-85.6790,0.7190,13,0.3250,0.8750,8,8,8,0,0,8,8,0.0000
4,240.0000,41,10,902.9195,-87.8676,-0.2618,4,0.1000,0.8750,8,6,6,0,0,6,6,0.0000
4,240.0000,41,11,685.8599,-85.3046,0.3093,7,0.1750,0.7143,7,7,5,0,0,7,5,0.2857
4,240.0000,41,12,581.2929,-84.8084,0.3650,10,0.2500,0.8750,8,7,6,0,0,7,6,0.1429
4,240.0000,41,14,736.2719,-86.4621,0.2347,7,0.1750,0.8750,8,8,8,0,0,8,8,0.0000
4,240.0000,41,16,326.9754,-81.2618,0.7975,22,0.5500,0.4000,5,7,6,0,0,7,6,0.1429
4,240.0000,41,17,848.2405,-86.4451,-0.0368,6,0.1500,1.0000,8,6,6,0,0,6,6,0.0000
4,240.0000,41,20,390.9836,-80.0610,0.4209,23,0.5750,0.6667,6,7,6,0,0,7,6,0.1429
4,240.0000,41,22,424.3567,-82.7052,-0.4060,25,0.6250,0.8571,7,7,5,0,0,7,5,0.2857
4,240.0000,41,23,423.1971,-81.7060,-0.1670,26,0.6500,0.6667,6,8,6,0,0,8,6,0.2500
4,240.0000,41,24,320.0397,-78.6127,-0.4508,32,0.8000,0.4000,5,7,5,0,0,7,5,0.2857
4,240.0000,41,26,560.5035,-83.4179,-0.4370,9,0.2250,1.0000,8,8,8,0,0,8,8,0.0000
4,240.0000,41,29,823.2741,-86.4447,-0.9466,4,0.1000,1.0000,8,8,8,0,0,8,8,0.0000
4,240.0000,41,33,363.1354,-79.7600,-0.2085,25,0.6250,0.4000,5,7,6,0,0,7,6,0.1429
4,240.0000,41,34,668.3295,-87.2129,0.5703,7,0.1750,0.7500,8,8,8,0,0,8,8,0.0000
4,240.0000,41,35,671.5521,-86.5377,0.4271,8,0.2000,0.8750,8,8,8,0,0,8,8,0.0000
4,240.0000,41,37,895.9908,-87.9116,0.2063,6,0.1500,0.8571,7,7,6,0,0,7,6,0.1429
4,240.0000,41,38,137.6566,-70.5947,-0.7115,35,0.8750,0.0000,4,5,2,0,0,5,2,0.6000
4,240.0000,41,43,503.5113,-82.8263,-0.5205,18,0.4500,0.8571,7,7,6,0,0,7,6,0.1429
4,240.0000,41,47,251.7961,-75.1551,-1.2165,29,0.7250,0.0000,4,4,0,0,0,4,0,1.0000
4,240.0000,42,2,972.2282,-88.7583,-0.2750,4,0.1000,1.0000,8,8,8,0,0,8,8,0.0000
4,240.0000,42,3,1008.3762,-88.7948,-2.2016,3,0.0750,1.0000,6,6,5,0,0,6,5,0.1667
4,240.0000,42,4,176.5044,-76.0496,-0.0977,33,0.8250,0.2000,5,5,1,0,0,5,1,0.8000
4,240.0000,42,5,526.1205,-83.1749,0.0243,15,0.3750,0.6667,6,8,7,0,0,8,7,0.1250
4,240.0000,42,6,651.7271,-85.8648,0.5581,9,0.2250,1.0000,8,8,8,0,0,8,8,0.0000
4,240.0000,42,8,884.2338,-88.0510,1.6166,7,0.1750,1.0000,4,5,4,0,0,5,4,0.2000
4,240.0000,42,10,860.1930,-88.1738,-0.2693,7,0.1750,0.8750,8,8,8,0,0,8,8,0.0000
4,240.0000,42,11,558.5800,-85.0661,-0.6110,13,0.3250,0.6667,6,6,4,0,0,6,4,0.3333
4,240.0000,42,12,588.0352,-84.6621,-0.1599,9,0.2250,0.8333,6,8,8,0,0,8,8,0.0000
4,240.0000,42,13,498.2008,-83.3998,-0.2728,19,0.4750,0.7143,7,8,7,0,0,8,7,0.1250
4,240.0000,42,14,524.0430,-84.9039,-0.4393,16,0.4000,1.0000,8,8,7,0,0,8,7,0.1250
4,240.0000,42,16,840.4091,-88.3227,-0.2659,4,0.1000,0.8571,7,8,8,0,0,8,8,0.0000
4,240.0000,42,17,662.4151,-86.4396,-0.0729,15,0.3750,0.8571,7,8,8,0,0,8,8,0.0000
4,240.0000,42,18,788.2516,-86.9889,0.6859,9,0.2250,0.8000,5,7,6,0,0,7,6,0.1429
4,240.0000,42,20,701.8070,-86.9375,-0.0382,11,0.2750,1.0000,8,8,8,0,0,8,8,0.0000
4,240.0000,42,24,1006.0452,-89.0105,-0.5678,4,0.1000,1.0000,8,8,8,0,0,8,8,0.0000
4,240.0000,42,26,456.4570,-81.6627,-0.6439,17,0.4250,0.5000,6,7,6,0,0,7,6,0.1429
4,240.0000,42,29,316.1250,-78.4463,0.5339,24,0.6000,0.6667,9,6,4,0,0,6,4,0.3333
4,240.0000,42,31,433.4216,-82.4372,0.1908,22,0.5500,0.8571,7,5,2,0,0,5,2,0.6000
4,240.0000,42,33,985.7518,-88.3697,0.5054,5,0.1250,1.0000,8,2,2,0,0,2,2,0.0000
4,240.0000,42,34,554.6744,-84.6976,0.3482,12,0.3000,0.8571,7,7,6,0,0,7,6,0.1429
4,240.0000,42,35,907.1147,-86.7920,-0.5422,9,0.2250,0.8000,5,8,8,0,0,8,8,0.0000
4,240.0000,42,37,907.4110,-88.0503,-0.6749,5,0.1250,1.0000,8,6,6,0,0,6,6,0.0000
4,240.0000,42,38,932.4222,-87.8037,-0.0538,6,0.1500,1.0000,8,6,6,0,0,6,6,0.0000
4,240.0000,42,41,1007.6568,-87.9864,-0.9068,5,0.1250,1.0000,8,6,6,0,0,6,6,0.0000
4,240.0000,42,43,750.8935,-86.3875,0.3654,7,0.1750,0.8571,7,8,8,0,0,8,8,0.0000
4,240.0000,42,45,814.1782,-88.0468,-0.7044,4,0.1000,1.0000,4,7,6,0,0,7,6,0.1429
4,240.0000,42,47,840.7694,-87.1818,0.6057,9,0.2250,0.8000,5,10,10,0,0,10,10,0.0000
4,240.0000,43,2,498.5026,-84.2638,-0.1758,23,0.5750,0.5714,7,6,2,0,0,6,2,0.6667
4,240.0000,43,3,281.9113,-80.0311,0.1341,32,0.8000,0.4286,7,5,2,0,0,5,2,0.6000
4,240.0000,43,4,649.7966,-85.3719,-0.4253,18,0.4500,1.0000,8,8,8,0,0,8,8,0.0000
4,240.0000,43,5,536.5947,-84.2677,-0.3267,17,0.4250,0.8571,7,6,4,0,0,6,4,0.3333
4,240.0000,43,6,515.2399,-84.2074,-0.6424,20,0.5000,0.7143,7,7,4,0,0,7,4,0.4286
4,240.0000,43,7,591.9198,-84.7854,0.0722,20,0.5000,0.8750,8,7,6,0,0,7,6,0.1429
4,240.0000,43,8,961.3953,-88.9656,0.3905,7,0.1750,1.0000,8,8,8,0,0,8,8,0.0000
4,240.0000,43,10,411.4320,-83.6585,0.8988,29,0.7250,0.7143,7,6,2,0,0,6,2,0.6667
4,240.0000,43,11,303.4838,-78.8755,0.0728,32,0.8000,0.4000,5,6,4,0,0,6,4,0.3333
4,240.0000,43,12,672.9777,-86.3135,-0.0247,13,0.3250,0.8571,7,8,8,0,0,8,8,0.0000
4,240.0000,43,14,459.5606,-82.8970,-0.2635,22,0.5500,0.5714,7,5,1,0,0,5,1,0.8000
4,240.0000,43,16,180.6046,-70.7237,-1.2635,33,0.8250,0.0000,4,5,2,0,0,5,2,0.6000
4,240.0000,43,17,363.0684,-81.1779,0.1767,32,0.8000,0.2000,5,5,2,0,0,5,2,0.6000
4,240.0000,43,20,558.3589,-83.9243,-1.1283,18,0.4500,0.8750,8,6,3,0,0,6,3,0.5000
4,240.0000,43,22,593.8833,-84.8472,0.1764,21,0.5250,0.7143,7,8,8,0,0,8,8,0.0000
4,240.0000,43,23,412.5320,-81.8934,0.1661,26,0.6500,0.3333,6,7,5,0,0,7,5,0.2857
4,240.0000,43,24,715.7520,-86.5097,-0.6259,16,0.4000,0.6667,6,8,8,0,0,8,8,0.0000
4,240.0000,43,26,444.1509,-82.5396,-0.0757,22,0.5500,0.8750,8,6,4,0,0,6,4,0.3333
4,240.0000,43,29,532.9492,-85.6286,-0.6437,16,0.4000,0.4000,5,6,3,0,0,6,3,0.5000
4,240.0000,43,31,1087.0235,-87.7794,0.4611,5,0.1250,1.0000,4,4,4,0,0,4,4,0.0000
4,240.0000,43,33,267.7474,-78.4762,-0.0708,34,0.8500,0.0000,4,6,3,0,0,6,3,0.5000
4,240.0000,43,34,654.1104,-85.5314,-0.5875,13,0.3250,0.7500,8,8,7,0,0,8,7,0.1250
4,240.0000,43,35,264.9340,-80.6093,0.9810,32,0.8000,0.3333,6,5,1,0,0,5,1,0.8000
4,240.0000,43,37,443.9091,-84.1337,0.7043,30,0.7500,0.2000,5,6,2,0,0,6,2,0.6667
4,240.0000,43,38,505.3306,-82.6200,0.0215,25,0.6250,0.0000,4,8,7,0,0,8,7,0.1250
4,240.0000,43,41,503.5113,-82.2579,-0.8205,29,0.7250,0.6667,6,8,7,0,0,8,7,0.1250
4,240.0000,43,42,750.8935,-86.6370,0.1788,13,0.3250,1.0000,8,8,8,0,0,8,8,0.0000
4,240.0000,43,47,452.5994,-82.7975,0.2049,24,0.6000,0.7500,8,7,5,0,0,7,5,0.2857
4,240.0000,44,0,744.9458,-86.1064,-0.2113,10,0.2500,1.0000,8,6,3,0,0,6,3,0.5000
4,240.0000,44,1,711.1933,-86.0697,-0.4304,21,0.5250,1.0000,8,8,8,0,0,8,8,0.0000
4,240.0000,44,9,492.5403,-84.0777,0.6510,25,0.6250,0.6667,6,8,7,0,0,8,7,0.1250
4,240.0000,44,15,553.8129,-85.0880,0.2794,17,0.4250,1.0000,8,7,5,0,0,7,5,0.2857
4,240.0000,44,19,545.5245,-84.7462,-0.0940,21,0.5250,0.4000,5,7,6,0,0,7,6,0.1429
4,240.0000,44,21,365.5637,-81.5426,-0.6430,29,0.7250,0.2000,5,6,3,0,0,6,3,0.5000
4,240.0000,44,25,618.3170,-85.0003,-0.0246,18,0.4500,0.8750,8,7,5,0,0,7,5,0.2857
4,240.0000,44,27,642.4991,-85.4932,-0.7004,9,0.2250,0.8750,8,8,8,0,0,8,8,0.0000
4,240.0000,44,28,199.4016,-76.4080,0.5019,38,0.9500,0.0000,4,5,2,0,0,5,2,0.6000
4,240.0000,44,30,127.7204,-71.7529,1.1434,38,0.9500,0.0000,4,4,0,0,0,4,0,1.0000
4,240.0000,44,32,319.7042,-80.5385,-0.1244,31,0.7750,0.5000,6,5,1,0,0,5,1,0.8000
4,240.0000,44,36,443.1614,-81.5381,-0.0529,28,0.7000,0.6667,6,8,8,0,0,8,8,0.0000
4,240.0000,44,39,271.3941,-78.4974,0.3141,32,0.8000,0.3333,6,6,2,0,0,6,2,0.6667
4,240.0000,44,40,574.0044,-85.2865,0.3834,19,0.4750,0.8750,8,7,5,0,0,7,5,0.2857
4,240.0000,44,45,908.0871,-88.5686,-0.1155,4,0.1000,1.0000,8,8,8,0,0,8,8,0.0000
4,240.0000,44,46,840.7077,-87.6085,-0.9892,7,0.1750,1.0000,8,8,8,0,0,8,8,0.0000
4,240.0000,45,1,841.3887,-86.9728,-0.1595,9,0.2250,1.0000,8,8,8,0,0,8,8,0.0000
4,240.0000,45,4,784.5919,-87.0080,0.7456,3,0.0750,1.0000,4,8,8,0,0,8,8,0.0000
4,240.0000,45,5,798.4517,-87.4461,-0.6092,5,0.1250,1.0000,8,8,8,0,0,8,8,0.0000
4,240.0000,45,6,849.0665,-88.6063,2.1494,3,0.0750,1.0000,8,8,8,0,0,8,8,0.0000
4,240.0000,45,8,417.2402,-82.4072,1.0547,14,0.3500,0.7143,7,5,1,0,0,5,1,0.8000
4,240.0000,45,9,957.5201,-86.6579,-0.1165,5,0.1250,1.0000,6,6,6,0,0,6,6,0.0000
4,240.0000,45,12,531.8557,-84.7552,0.2074,9,0.2250,0.8571,7,8,8,0,0,8,8,0.0000
4,240.0000,45,13,601.6390,-84.3920,0.5610,14,0.3500,0.8750,8,8,8,0,0,8,8,0.0000
4,240.0000,45,15,563.6284,-83.9110,-0.7098,21,0.5250,0.8750,8,10,9,0,0,10,9,0.1000
4,240.0000,45,18,668.9137,-86.6427,0.6025,7,0.1750,1.0000,8,7,6,0,0,7,6,0.1429
4,240.0000,45,19,668.1090,-85.0520,-0.0076,16,0.4000,0.7500,8,7,6,0,0,7,6,0.1429
4,240.0000,45,20,701.3394,-86.5395,0.6072,4,0.1000,1.0000,8,6,6,0,0,6,6,0.0000
4,240.0000,45,21,606.4753,-84.9836,-0.2287,17,0.4250,0.8571,7,8,8,0,0,8,8,0.0000
4,240.0000,45,25,783.6084,-86.4502,-0.4461,14,0.3500,1.0000,8,8,8,0,0,8,8,0.0000
4,240.0000,45,26,777.9467,-89.0380,1.8220,3,0.0750,1.0000,8,8,8,0,0,8,8,0.0000
4,240.0000,45,27,338.9119,-80.7794,0.0025,27,0.6750,0.4000,5,6,4,0,0,6,4,0.3333
4,240.0000,45,28,869.4651,-87.9858,-0.6496,8,0.2000,1.0000,6,8,8,0,0,8,8,0.0000
4,240.0000,45,29,941.1282,-87.1304,-0.9355,3,0.0750,1.0000,6,8,8,0,0,8,8,0.0000
4,240.0000,45,30,982.6653,-87.5631,-0.1428,8,0.2000,0.8750,8,6,6,0,0,6,6,0.0000
4,240.0000,45,31,709.8796,-86.5755,2.0597,5,0.1250,1.0000,8,8,8,0,0,8,8,0.0000
4,240.0000,45,32,736.1753,-86.5492,-0.0870,11,0.2750,0.8571,7,8,8,0,0,8,8,0.0000
4,240.0000,45,34,729.0620,-86.7572,-0.4792,6,0.1500,1.0000,8,8,8,0,0,8,8,0.0000
4,240.0000,45,36,620.4860,-84.8121,-0.5774,17,0.4250,0.8571,7,6,4,0,0,6,4,0.3333
4,240.0000,45,39,911.1006,-86.6839,-0.0662,13,0.3250,1.0000,8,4,4,0,0,4,4,0.0000
4,240.0000,45,40,1001.2665,-87.1696,-0.8714,6,0.1500,1.0000,6,8,7,0,0,8,7,0.1250
4,240.0000,45,42,814.1782,-88.6629,0.6864,3,0.0750,1.0000,8,8,8,0,0,8,8,0.0000
4,240.0000,45,44,908.0871,-88.1735,0.4948,5,0.1250,1.0000,8,8,7,0,0,8,7,0.1250
4,240.0000,45,46,925.9814,-87.2088,0.8041,3,0.0750,0.8750,8,4,4,0,0,4,4,0.0000
4,240.0000,46,0,295.1249,-80.3814,-0.1698,33,0.8250,0.3333,6,4,0,0,0,4,0,1.0000
4,240.0000,46,1,134.2667,-74.9050,1.3588,31,0.7750,0.0000,4,4,0,0,0,4,0,1.0000
4,240.0000,46,9,427.7115,-83.7757,0.4420,26,0.6500,0.5714,7,5,1,0,0,5,1,0.8000
4,240.0000,46,13,702.8373,-87.5957,0.6183,4,0.1000,1.0000,8,8,8,0,0,8,8,0.0000
4,240.0000,46,15,907.5869,-88.3237,0.5337,7,0.1750,1.0000,6,8,8,0,0,8,8,0.0000
4,240.0000,46,18,490.8053,-80.8170,-0.9851,26,0.6500,0.0000,4,7,5,0,0,7,5,0.2857
4,240.0000,46,19,403.5923,-84.1671,0.0564,21,0.5250,0.6667,6,5,2,0,0,5,2,0.6000
4,240.0000,46,21,706.0449,-87.0849,0.7539,9,0.2250,1.0000,8,8,8,0,0,8,8,0.0000
4,240.0000,46,25,234.0024,-78.3827,0.5396,32,0.8000,0.2000,5,4,0,0,0,4,0,1.0000
4,240.0000,46,27,655.1053,-84.4914,-0.0950,11,0.2750,0.8571,7,8,7,0,0,8,7,0.1250
4,240.0000,46,28,682.2287,-86.1146,-0.0312,15,0.3750,1.0000,8,8,8,0,0,8,8,0.0000
4,240.0000,46,30,967.5711,-88.0622,0.3345,7,0.1750,1.0000,8,8,8,0,0,8,8,0.0000
4,240.0000,46,32,873.2182,-87.9194,0.1315,6,0.1500,1.0000,8,8,8,0,0,8,8,0.0000
4,240.0000,46,36,484.1994,-84.6925,1.2064,17,0.4250,1.0000,8,5,1,0,0,5,1,0.8000
4,240.0000,46,39,652.0406,-84.8149,-0.2538,16,0.4000,1.0000,8,8,7,0,0,8,7,0.1250
4,240.0000,46,40,409.5488,-81.8703,0.0533,28,0.7000,0.6667,6,7,5,0,0,7,5,0.2857
4,240.0000,46,44,840.7077,-87.3019,0.3308,9,0.2250,0.8571,7,8,8,0,0,8,8,0.0000
4,240.0000,47,2,290.8590,-79.4351,-0.1639,28,0.7000,0.3333,6,6,3,0,0,6,3,0.5000
4,240.0000,47,3,444.3473,-82.2527,-0.4347,21,0.5250,0.7143,7,7,5,0,0,7,5,0.2857
4,240.0000,47,4,756.8072,-87.0975,-1.7194,9,0.2250,1.0000,8,6,4,0,0,6,4,0.3333
4,240.0000,47,5,374.3157,-82.9770,1.5913,16,0.4000,0.5000,6,6,3,0,0,6,3,0.5000
4,240.0000,47,6,258.2808,-77.5144,0.3577,31,0.7750,0.4000,5,6,3,0,0,6,3,0.5000
4,240.0000,47,7,324.3760,-79.2459,-0.6778,33,0.8250,0.2000,5,6,3,0,0,6,3,0.5000
4,240.0000,47,8,655.8012,-86.3118,-0.5241,14,0.3500,1.0000,8,7,5,0,0,7,5,0.2857
4,240.0000,47,10,829.6417,-88.0300,0.0278,13,0.3250,0.6667,3,6,6,0,0,6,6,0.0000
4,240.0000,47,11,519.3196,-84.4000,-1.0049,16,0.4000,0.8571,7,8,7,0,0,8,7,0.1250
4,240.0000,47,12,470.4650,-84.5243,0.5532,15,0.3750,0.4000,5,7,6,0,0,7,6,0.1429
4,240.0000,47,13,1054.1318,-88.7590,0.5704,3,0.0750,1.0000,2,4,4,0,0,4,4,0.0000
4,240.0000,47,14,521.7793,-84.3627,-0.1659,16,0.4000,0.5000,6,8,6,0,0,8,6,0.2500
4,240.0000,47,16,318.4597,-82.2612,0.1440,22,0.5500,0.5000,6,7,4,0,0,7,4,0.4286
4,240.0000,47,17,781.8432,-87.1365,-0.4296,16,0.4000,0.8571,7,5,2,0,0,5,2,0.6000
4,240.0000,47,20,319.8919,-81.1024,-0.0687,24,0.6000,0.6667,6,7,4,0,0,7,4,0.4286
4,240.0000,47,22,635.7674,-84.6915,-0.6541,17,0.4250,1.0000,8,6,3,0,0,6,3,0.5000
4,240.0000,47,23,573.4545,-84.2404,-0.3397,22,0.5500,0.7143,7,8,8,0,0,8,8,0.0000
4,240.0000,47,24,276.6016,-78.8573,0.0453,33,0.8250,0.4000,5,6,3,0,0,6,3,0.5000
4,240.0000,47,26,386.7921,-82.9366,1.8219,17,0.4250,0.8750,8,6,2,0,0,6,2,0.6667
4,240.0000,47,29,625.4743,-86.4172,0.5776,12,0.3000,0.8571,7,6,4,0,0,6,4,0.3333
4,240.0000,47,31,1022.3608,-88.7149,0.1076,4,0.1000,,0,4,4,0,0,4,4,0.0000
4,240.0000,47,33,403.2885,-79.8740,-1.3167,26,0.6500,0.0000,4,8,6,0,0,8,6,0.2500
4,240.0000,47,34,436.0733,-83.6532,0.5916,20,0.5000,0.6667,6,6,2,0,0,6,2,0.6667
4,240.0000,47,35,606.0733,-84.9491,0.0940,13,0.3250,0.8571,7,7,5,0,0,7,5,0.2857
4,240.0000,47,37,798.3304,-86.4275,0.7194,14,0.3500,0.7500,8,8,8,0,0,8,8,0.0000
4,240.0000,47,38,130.4725,-68.3224,-1.5309,37,0.9250,0.2000,5,4,0,0,0,4,0,1.0000
4,240.0000,47,41,251.7961,-75.0984,-0.8693,35,0.8750,0.0000,4,5,2,0,0,5,2,0.6000
4,240.0000,47,42,840.7694,-87.0156,-1.0910,6,0.1500,1.0000,8,6,6,0,0,6,6,0.0000
4,240.0000,47,43,452.5994,-81.6147,-0.3471,18,0.4500,0.5000,6,5,1,0,0,5,1,0.8000
4,244.0000,0,1,292.6651,-79.0921,-0.3697,36,0.9000,0.4000,5,5,2,0,0,5,2,0.6000
4,244.0000,0,9,211.9469,-77.4802,0.2983,36,0.9000,0.4286,7,5,1,0,0,5,1,0.8000
4,244.0000,0,13,872.5567,-88.2623,-0.2955,4,0.1000,1.0000,8,7,6,0,0,7,6,0.1429
4,244.0000,0,15,809.1996,-86.8033,-0.2732,5,0.1250,1.0000,8,8,7,0,0,8,7,0.1250
4,244.0000,0,18,816.0025,-86.8780,0.1448,9,0.2250,1.0000,8,8,8,0,0,8,8,0.0000
4,244.0000,0,19,367.0833,-82.5094,0.9335,29,0.7250,0.7500,8,5,2,0,0,5,2,0.6000
4,244.0000,0,21,537.9013,-84.9242,0.4828,20,0.5000,0.8750,8,8,7,0,0,8,7,0.1250
4,244.0000,0,25,288.7746,-79.2989,-0.4008,35,0.8750,0.2000,5,5,1,0,0,5,1,0.8000
4,244.0000,0,27,737.2090,-85.5239,-0.3929,6,0.1500,0.6667,6,8,8,0,0,8,8,0.0000
4,244.0000,0,28,515.3430,-85.1955,0.1880,22,0.5500,0.8571,7,6,3,0,0,6,3,0.5000
4,244.0000,0,30,778.6559,-86.6957,0.1668,11,0.2750,1.0000,8,7,6,0,0,7,6,0.1429
4,244.0000,0,32,748.3452,-86.6688,0.9250,5,0.1250,1.0000,8,8,8,0,0,8,8,0.0000
4,244.0000,0,36,325.7373,-81.8431,0.5595,27,0.6750,0.5000,6,5,0,0,0,5,0,1.0000
4,244.0000,0,39,546.9490,-84.7433,0.1280,18,0.4500,0.4286,7,6,3,0,0,6,3,0.5000
4,244.0000,0,40,210.3842,-75.2476,-0.0618,39,0.9750,0.0000,4,5,1,0,0,5,1,0.8000
4,244.0000,0,44,651.7587,-87.0578,-0.1691,10,0.2500,0.5714,7,6,3,0,0,6,3,0.5000
4,244.0000,0,46,246.3600,-77.7901,0.7664,38,0.9500,0.2000,5,5,1,0,0,5,1,0.8000
4,244.0000,1,0,292.6651,-79.0950,0.0292,35,0.8974,0.2000,5,5,1,0,0,5,1,0.8000
4,244.0000,1,9,331.8014,-79.6331,-0.0629,32,0.8205,0.0000,4,5,1,0,0,5,1,0.8000
4,244.0000,1,13,639.4865,-85.7811,0.6933,11,0.2821,0.6000,5,7,4,0,0,7,4,0.4286
4,244.0000,1,15,690.0134,-86.4172,0.4059,10,0.2564,0.8750,8,7,5,0,0,7,5,0.2857
4,244.0000,1,18,540.5955,-82.8860,0.1846,13,0.3333,0.6667,6,8,8,0,0,8,8,0.0000
4,244.0000,1,19,154.6123,-76.5340,1.5052,38,0.9744,0.0000,4,5,1,0,0,5,1,0.8000
4,244.0000,1,21,545.2557,-84.5358,-0.2270,16,0.4103,0.8571,7,7,6,0,0,7,6,0.1429
4,244.0000,1,25,96.6687,-68.3727,-0.1406,35,0.8974,0.0000,4,4,0,0,0,4,0,1.0000
4,244.0000,1,27,577.5058,-84.7878,0.4915,14,0.3590,0.7143,7,8,8,0,0,8,8,0.0000
4,244.0000,1,28,559.0506,-85.0310,-0.5932,21,0.5385,0.5000,6,5,2,0,0,5,2,0.6000
4,244.0000,1,30,871.9032,-86.3448,-0.0909,8,0.2051,1.0000,8,4,4,0,0,4,4,0.0000
4,244.0000,1,31,766.2880,-86.8045,0.3289,3,0.0769,0.8571,7,8,8,0,0,8,8,0.0000
4,244.0000,1,32,655.3135,-86.2522,0.4150,13,0.3333,0.8750,8,7,6,0,0,7,6,0.1429
4,244.0000,1,36,214.2026,-78.1290,0.9454,31,0.7949,0.2000,5,4,0,0,0,4,0,1.0000
4,244.0000,1,39,574.7971,-83.6475,-0.5357,21,0.5385,0.7500,8,7,5,0,0,7,5,0.2857
4,244.0000,1,40,434.6934,-81.3770,-0.3770,35,0.8974,0.5000,6,7,5,0,0,7,5,0.2857
4,244.0000,1,44,689.2542,-86.9631,0.0629,13,0.3333,0.8750,8,7,5,0,0,7,5,0.2857
4,244.0000,1,45,845.8146,-88.7862,0.3025,4,0.1026,1.0000,8,8,8,0,0,8,8,0.0000
4,244.0000,1,46,176.4345,-72.3297,-1.4483,36,0.9231,0.0000,4,6,3,0,0,6,3,0.5000
4,244.0000,2,3,339.6363,-81.4586,0.0588,28,0.7000,0.7500,8,7,4,0,0,7,4,0.4286
4,244.0000,2,4,799.2737,-87.7995,0.0435,11,0.2750,1.0000,8,8,8,0,0,8,8,0.0000
4,244.0000,2,5,441.0897,-84.4571,1.5813,20,0.5000,0.8571,7,6,3,0,0,6,3,0.5000
4,244.0000,2,6,525.7668,-83.8983,-0.5455,18,0.4500,0.8750,8,7,5,0,0,7,5,0.2857
4,244.0000,2,7,347.1059,-80.2182,-0.5664,31,0.7750,0.0000,4,5,2,0,0,5,2,0.6000
4,244.0000,2,8,647.8393,-86.6094,0.2796,12,0.3000,0.8750,8,6,4,0,0,6,4,0.3333
4,244.0000,2,10,714.7552,-87.5658,0.6101,11,0.2750,1.0000,8,8,7,0,0,8,7,0.1250
4,244.0000,2,11,629.5033,-86.3221,0.2762,16,0.4000,0.8571,7,5,2,0,0,5,2,0.6000
4,244.0000,2,12,422.2610,-82.7479,-0.5156,18,0.4500,0.5714,7,6,4,0,0,6,4,0.3333
4,244.0000,2,14,608.9160,-87.1564,0.8178,12,0.3000,1.0000,8,6,3,0,0,6,3,0.5000
4,244.0000,2,16,140.7301,-76.6088,2.3647,33,0.8250,0.1667,6,5,1,0,0,5,1,0.8000
4,244.0000,2,17,770.7132,-88.0981,0.2093,12,0.3000,0.8571,7,8,8,0,0,8,8,0.0000
4,244.0000,2,20,311.8383,-80.3346,-0.6861,26,0.6500,0.8571,7,6,4,0,0,6,4,0.3333
4,244.0000,2,22,458.6003,-83.2534,-0.0423,30,0.7500,1.0000,8,6,4,0,0,6,4,0.3333
4,244.0000,2,23,466.8244,-83.6180,0.3506,28,0.7000,0.8750,8,6,2,0,0,6,2,0.6667
4,244.0000,2,24,366.6758,-80.8853,-0.1873,30,0.7500,0.4000,5,6,4,0,0,6,4,0.3333
4,244.0000,2,26,320.2950,-81.9358,1.0307,24,0.6000,0.8571,7,7,6,0,0,7,6,0.1429
4,244.0000,2,29,655.3838,-86.7397,-0.5231,14,0.3500,1.0000,8,8,8,0,0,8,8,0.0000
4,244.0000,2,33,421.9332,-82.4256,0.2329,29,0.7250,0.5714,7,8,8,0,0,8,8,0.0000
4,244.0000,2,34,536.3107,-84.9905,0.6347,13,0.3250,0.7500,8,8,5,0,0,8,5,0.3750
4,244.0000,2,35,553.0469,-85.1715,0.5405,16,0.4000,1.0000,8,7,6,0,0,7,6,0.1429
4,244.0000,2,37,708.3190,-87.0902,0.1212,9,0.2250,0.8750,8,7,6,0,0,7,6,0.1429
4,244.0000,2,38,237.1968,-75.5249,-0.7942,36,0.9000,0.2000,5,6,3,0,0,6,3,0.5000
4,244.0000,2,41,211.6104,-72.1423,-1.9222,36,0.9000,0.2000,5,7,4,0,0,7,4,0.4286
4,244.0000,2,42,894.2958,-88.0773,1.0077,6,0.1500,1.0000,8,8,8,0,0,8,8,0.0000
4,244.0000,2,43,504.3262,-84.4303,0.0470,21,0.5250,0.7500,8,7,5,0,0,7,5,0.2857
4,244.0000,2,45,903.0893,-88.9621,-0.0294,7,0.1750,,0,6,6,0,0,6,6,0.0000
4,244.0000,2,47,293.7915,-78.4550,0.0453,31,0.7750,0.4000,5,5,2,0,0,5,2,0.6000
4,244.0000,3,2,339.6363,-81.2080,1.2577,17,0.4250,1.0000,8,5,2,0,0,5,2,0.6000
4,244.0000,3,4,876.3876,-86.9354,-0.1690,4,0.1000,1.0000,8,8,8,0,0,8,8,0.0000
4,244.0000,3,5,548.9729,-84.9538,-0.3088,8,0.2000,0.8750,8,7,6,0,0,7,6,0.1429
4,244.0000,3,6,652.1311,-85.5195,-1.3553,6,0.1500,0.8750,8,8,8,0,0,8,8,0.0000
4,244.0000,3,7,364.4100,-81.2476,0.2787,27,0.6750,0.7143,7,7,4,0,0,7,4,0.4286
4,244.0000,3,10,464.8020,-84.6330,0.2683,18,0.4500,0.8750,8,7,6,0,0,7,6,0.1429
4,244.0000,3,11,533.5775,-83.6572,0.4286,13,0.3250,0.6667,6,7,5,0,0,7,5,0.2857
4,244.0000,3,12,667.1216,-87.2691,0.2490,8,0.2000,0.8571,7,8,8,0,0,8,8,0.0000
4,244.0000,3,14,611.7360,-85.6526,0.7459,8,0.2000,1.0000,8,6,4,0,0,6,4,0.3333
4,244.0000,3,16,220.1133,-74.8424,-0.2482,26,0.6500,0.5000,6,6,4,0,0,6,4,0.3333
4,244.0000,3,17,592.8867,-84.8866,-0.0472,8,0.2000,0.8571,7,7,6,0,0,7,6,0.1429
4,244.0000,3,20,577.9736,-86.4648,-0.0414,9,0.2250,0.5000,6,6,4,0,0,6,4,0.3333
4,244.0000,3,22,367.0382,-81.3223,0.3743,29,0.7250,0.5000,6,5,1,0,0,5,1,0.8000
4,244.0000,3,23,251.3791,-76.1530,-0.6329,33,0.8250,0.4000,5,5,2,0,0,5,2,0.6000
4,244.0000,3,24,625.6870,-86.5237,0.5056,11,0.2750,0.5714,7,7,5,0,0,7,5,0.2857
4,244.0000,3,26,470.6635,-83.3697,1.0666,11,0.2750,0.8571,7,7,5,0,0,7,5,0.2857
4,244.0000,3,29,633.1612,-87.3627,-0.0900,5,0.1250,1.0000,8,6,4,0,0,6,4,0.3333
4,244.0000,3,33,100.2885,-65.8843,-1.4818,34,0.8500,0.2000,5,4,0,0,0,4,0,1.0000
4,244.0000,3,34,663.9115,-85.8870,-0.3918,7,0.1750,0.8889,9,5,4,0,0,5,4,0.2000
4,244.0000,3,35,235.1820,-78.8678,0.2745,25,0.6250,0.6667,6,5,1,0,0,5,1,0.8000
4,244.0000,3,37,432.9306,-84.4479,1.4529,18,0.4500,0.8571,7,6,3,0,0,6,3,0.5000
4,244.0000,3,38,508.3682,-82.6111,-0.4069,16,0.4000,0.7143,7,6,3,0,0,6,3,0.5000
4,244.0000,3,41,387.9127,-80.9831,-0.1527,24,0.6000,0.7143,7,5,1,0,0,5,1,0.8000
4,244.0000,3,42,974.3916,-87.9146,14.3414,3,0.0750,1.0000,4,6,6,0,0,6,6,0.0000
4,244.0000,3,43,268.1070,-78.1514,0.0660,24,0.6000,0.5714,7,4,0,0,0,4,0,1.0000
4,244.0000,3,47,486.9708,-83.7952,0.6596,13,0.3250,0.7143,7,7,6,0,0,7,6,0.1429
4,244.0000,4,2,799.2737,-87.8716,-0.2496,7,0.1750,0.8750,8,8,8,0,0,8,8,0.0000
4,244.0000,4,3,876.3876,-87.4570,-0.0272,4,0.1000,1.0000,6,6,6,0,0,6,6,0.0000
4,244.0000,4,5,605.9226,-84.6796,0.0881,13,0.3250,1.0000,8,8,7,0,0,8,7,0.1250
4,244.0000,4,6,598.2743,-85.0251,-0.1068,12,0.3000,0.7500,8,8,8,0,0,8,8,0.0000
4,244.0000,4,8,719.8330,-87.2482,0.9448,9,0.2250,1.0000,6,7,5,0,0,7,5,0.2857
4,244.0000,4,10,752.2072,-87.6746,0.9745,6,0.1500,1.0000,8,8,8,0,0,8,8,0.0000
4,244.0000,4,11,527.7064,-84.3563,0.9175,15,0.3750,0.8750,8,7,6,0,0,7,6,0.1429
4,244.0000,4,12,499.6246,-83.3556,-0.1978,15,0.3750,1.0000,6,10,10,0,0,10,10,0.0000
4,244.0000,4,13,598.6666,-84.3014,0.0151,13,0.3250,1.0000,8,8,8,0,0,8,8,0.0000
4,244.0000,4,14,553.9836,-83.7618,0.0222,15,0.3750,0.8750,8,8,8,0,0,8,8,0.0000
4,244.0000,4,16,788.9945,-87.7676,0.6171,7,0.1750,1.0000,8,8,8,0,0,8,8,0.0000
4,244.0000,4,17,613.2604,-84.6328,0.3116,15,0.3750,0.7143,7,5,2,0,0,5,2,0.6000
4,244.0000,4,18,781.7842,-88.2106,0.6035,6,0.1500,1.0000,8,5,4,0,0,5,4,0.2000
4,244.0000,4,20,580.4804,-86.3318,1.3238,10,0.2500,0.8571,7,7,6,0,0,7,6,0.1429
4,244.0000,4,25,1182.5618,-89.5773,-0.0011,3,0.0750,1.0000,2,6,6,0,0,6,6,0.0000
4,244.0000,4,26,530.9939,-82.4720,-1.3854,14,0.3500,1.0000,8,8,8,0,0,8,8,0.0000
4,244.0000,4,27,975.5017,-88.0108,0.1552,6,0.1500,0.6667,3,3,2,0,0,3,2,0.3333
4,244.0000,4,29,407.3015,-80.7853,0.2830,22,0.5500,1.0000,8,8,8,0,0,8,8,0.0000
4,244.0000,4,31,555.7087,-84.5239,0.1217,16,0.4000,1.0000,8,8,8,0,0,8,8,0.0000
4,244.0000,4,33,952.5717,-87.5722,1.4106,3,0.0750,0.8750,8,8,8,0,0,8,8,0.0000
4,244.0000,4,34,607.8191,-84.3375,0.8552,10,0.2500,1.0000,8,8,8,0,0,8,8,0.0000
4,244.0000,4,37,870.4512,-88.5892,-0.1732,4,0.1000,1.0000,8,7,6,0,0,7,6,0.1429
4,244.0000,4,38,872.3272,-87.8181,-1.5573,5,0.1250,1.0000,8,8,8,0,0,8,8,0.0000
4,244.0000,4,41,1005.6491,-86.5979,0.1961,3,0.0750,1.0000,6,6,6,0,0,6,6,0.0000
4,244.0000,4,42,160.2278,-73.7888,0.3351,36,0.9000,0.0000,4,5,2,0,0,5,2,0.6000
4,244.0000,4,43,716.1751,-86.8962,0.3935,9,0.2250,0.8750,8,8,7,0,0,8,7,0.1250
4,244.0000,4,45,718.1032,-87.6643,0.3488,8,0.2000,0.5000,4,7,6,0,0,7,6,0.1429
4,244.0000,4,47,749.3115,-86.5804,-0.4388,6,0.1500,1.0000,8,7,6,0,0,7,6,0.1429
4,244.0000,5,2,441.0897,-83.8845,0.8034,13,0.3250,0.8571,7,6,3,0,0,6,3,0.5000
4,244.0000,5,3,548.9729,-84.9644,1.2213,10,0.2500,0.4286,7,7,6,0,0,7,6,0.1429
4,244.0000,5,4,605.9226,-83.8948,-0.8402,15,0.3750,0.6667,6,7,5,0,0,7,5,0.2857
4,244.0000,5,6,103.1632,-66.3362,0.8771,32,0.8000,0.0000,4,5,1,0,0,5,1,0.8000
4,244.0000,5,7,580.5585,-85.8086,0.0814,13,0.3250,0.8571,7,6,3,0,0,6,3,0.5000
4,244.0000,5,8,603.9574,-85.5096,0.6671,9,0.2250,1.0000,8,7,5,0,0,7,5,0.2857
4,244.0000,5,10,666.9522,-85.9555,-0.2332,4,0.1000,1.0000,6,8,7,0,0,8,7,0.1250
4,244.0000,5,11,386.9543,-81.1048,0.5328,19,0.4750,0.8571,7,8,7,0,0,8,7,0.1250
4,244.0000,5,12,347.8442,-79.8053,0.2117,21,0.5250,0.8750,8,6,4,0,0,6,4,0.3333
4,244.0000,5,13,862.7761,-87.9314,-0.2845,6,0.1500,0.8571,7,8,8,0,0,8,8,0.0000
4,244.0000,5,14,221.3101,-77.5064,0.3033,29,0.7250,0.5000,6,4,0,0,0,4,0,1.0000
4,244.0000,5,16,401.0354,-82.7432,1.1970,16,0.4000,1.0000,8,6,2,0,0,6,2,0.6667
4,244.0000,5,17,730.5027,-86.3575,0.7302,7,0.1750,0.8000,5,9,8,0,0,9,8,0.1111
4,244.0000,5,18,878.2936,-88.8121,-0.2991,3,0.0750,1.0000,6,6,6,0,0,6,6,0.0000
4,244.0000,5,20,325.0367,-80.2482,0.7189,20,0.5000,0.6667,6,7,4,0,0,7,4,0.4286
4,244.0000,5,22,841.7614,-87.5385,-0.3062,4,0.1000,1.0000,4,6,3,0,0,6,3,0.5000
4,244.0000,5,23,786.0030,-86.5267,0.7804,5,0.1250,0.8571,7,8,8,0,0,8,8,0.0000
4,244.0000,5,24,383.2021,-81.7075,0.4125,17,0.4250,0.6667,6,4,0,0,0,4,0,1.0000
4,244.0000,5,26,189.8714,-74.2622,-0.0789,28,0.7000,0.0000,4,5,1,0,0,5,1,0.8000
4,244.0000,5,29,352.8889,-80.2888,-0.1302,20,0.5000,0.6667,6,4,0,0,0,4,0,1.0000
4,244.0000,5,31,804.2511,-85.8801,-0.9931,11,0.2750,0.8750,8,6,4,0,0,6,4,0.3333
4,244.0000,5,33,599.8809,-84.3772,0.9508,11,0.2750,0.8571,7,8,7,0,0,8,7,0.1250
4,244.0000,5,34,115.1838,-69.9862,-0.3307,34,0.8500,0.0000,4,4,0,0,0,4,0,1.0000
4,244.0000,5,35,618.7254,-84.6715,0.4124,8,0.2000,0.6667,6,7,4,0,0,7,4,0.4286
4,244.0000,5,37,636.5473,-86.8355,0.3693,10,0.2500,0.5714,7,8,7,0,0,8,7,0.1250
4,244.0000,5,38,389.0262,-82.1535,1.1173,17,0.4250,0.5714,7,5,3,0,0,5,3,0.4000
4,244.0000,5,41,569.5905,-85.1304,-0.5817,11,0.2750,1.0000,8,8,6,0,0,8,6,0.2500
4,244.0000,5,42,625.9954,-84.7241,-0.2172,19,0.4750,0.5000,6,7,6,0,0,7,6,0.1429
4,244.0000,5,43,536.9468,-84.8606,-0.8985,11,0.2750,1.0000,8,6,3,0,0,6,3,0.5000
4,244.0000,5,45,777.4072,-86.1158,-1.0023,8,0.2000,0.8571,7,4,4,0,0,4,4,0.0000
4,244.0000,5,47,210.2594,-77.8006,1.1043,21,0.5250,0.8000,5,5,2,0,0,5,2,0.6000
4,244.0000,6,2,525.7668,-84.1859,0.5964,13,0.3333,0.8571,7,7,6,0,0,7,6,0.1429
4,244.0000,6,3,652.1311,-87.4015,-0.8513,10,0.2564,0.8571,7,7,6,0,0,7,6,0.1429
4,244.0000,6,4,598.2743,-84.4649,0.0367,11,0.2821,0.8750,8,7,6,0,0,7,6,0.1429
4,244.0000,6,5,103.1632,-66.1686,0.9683,34,0.8718,0.0000,4,5,1,0,0,5,1,0.8000
4,244.0000,6,7,665.6847,-85.1955,-0.1396,12,0.3077,0.5714,7,8,8,0,0,8,8,0.0000
4,244.0000,6,8,573.5750,-85.6024,0.1070,13,0.3333,1.0000,6,7,6,0,0,7,6,0.1429
4,244.0000,6,10,744.9638,-87.7685,0.9057,8,0.2051,1.0000,6,8,8,0,0,8,8,0.0000
4,244.0000,6,11,437.6473,-84.4771,0.1623,14,0.3590,0.8750,8,7,6,0,0,7,6,0.1429
4,244.0000,6,12,355.9143,-81.0943,0.9880,18,0.4615,0.6000,5,8,6,0,0,8,6,0.2500
4,244.0000,6,13,782.8056,-88.0717,-0.8434,8,0.2051,1.0000,6,8,7,0,0,8,7,0.1250
4,244.0000,6,14,234.9381,-78.6972,1.6053,26,0.6667,0.0000,4,6,3,0,0,6,3,0.5000
4,244.0000,6,16,499.1072,-83.4054,-0.6598,13,0.3333,0.7143,7,8,8,0,0,8,8,0.0000
4,244.0000,6,17,796.5512,-87.1342,0.6630,10,0.2564,0.8571,7,7,5,0,0,7,5,0.2857
4,244.0000,6,18,782.7461,-88.3238,-0.6752,5,0.1282,1.0000,8,4,4,0,0,4,4,0.0000
4,244.0000,6,20,359.7687,-81.3604,-0.1003,17,0.4359,0.7143,7,5,2,0,0,5,2,0.6000
4,244.0000,6,22,939.9799,-87.8806,-0.2260,4,0.1026,1.0000,8,4,4,0,0,4,4,0.0000
4,244.0000,6,23,888.3456,-87.5909,0.1527,7,0.1795,1.0000,8,8,8,0,0,8,8,0.0000
4,244.0000,6,24,410.1678,-82.0818,0.7028,21,0.5385,0.8750,8,5,2,0,0,5,2,0.6000
4,244.0000,6,26,261.0130,-77.3484,-1.1927,28,0.7179,0.0000,4,8,7,0,0,8,7,0.1250
4,244.0000,6,29,373.6230,-82.0125,0.1877,16,0.4103,0.5000,6,8,6,0,0,8,6,0.2500
4,244.0000,6,31,727.3076,-86.6248,0.0881,5,0.1282,0.8750,8,7,6,0,0,7,6,0.1429
4,244.0000,6,33,702.1772,-86.0102,-0.1224,8,0.2051,0.7143,7,8,8,0,0,8,8,0.0000
4,244.0000,6,34,14.9520,-66.9053,5.5395,32,0.8205,0.2000,5,4,1,0,0,4,1,0.7500
4,244.0000,6,35,715.5144,-85.9654,-0.1912,12,0.3077,0.8571,7,8,8,0,0,8,8,0.0000
4,244.0000,6,37,716.7280,-87.7742,0.2581,6,0.1538,0.7500,8,8,8,0,0,8,8,0.0000
4,244.0000,6,38,445.5195,-82.6177,-0.4813,18,0.4615,0.8571,7,7,4,0,0,7,4,0.4286
4,244.0000,6,41,651.4814,-85.7456,-0.0667,12,0.3077,0.7143,7,7,6,0,0,7,6,0.1429
4,244.0000,6,42,594.4281,-85.4868,-0.3222,10,0.2564,1.0000,8,8,7,0,0,8,7,0.1250
4,244.0000,6,43,629.3529,-85.2395,-0.5609,13,0.3333,0.6667,6,8,8,0,0,8,8,0.0000
4,244.0000,6,45,722.0353,-86.4081,1.1983,4,0.1026,1.0000,8,7,6,0,0,7,6,0.1429
4,244.0000,6,47,274.3548,-77.7841,-0.1363,25,0.6410,0.2000,5,6,3,0,0,6,3,0.5000
4,244.0000,7,2,347.1059,-80.1534,-1.0101,21,0.5250,0.6667,6,5,2,0,0,5,2,0.6000
4,244.0000,7,3,364.4100,-82.3736,1.6430,18,0.4500,0.5714,7,7,6,0,0,7,6,0.1429
4,244.0000,7,5,580.5585,-86.4930,0.1477,6,0.1500,1.0000,8,7,5,0,0,7,5,0.2857
4,244.0000,7,6,665.6847,-86.7197,-0.3860,7,0.1750,1.0000,8,7,6,0,0,7,6,0.1429
4,244.0000,7,8,910.6201,-87.8587,-0.2967,4,0.1000,1.0000,8,8,7,0,0,8,7,0.1250
4,244.0000,7,10,792.1322,-87.5523,0.8508,7,0.1750,1.0000,8,7,6,0,0,7,6,0.1429
4,244.0000,7,11,757.8862,-86.6772,-0.1061,8,0.2000,1.0000,8,8,8,0,0,8,8,0.0000
4,244.0000,7,12,716.2249,-86.4708,0.5502,6,0.1500,1.0000,8,8,8,0,0,8,8,0.0000
4,244.0000,7,14,724.1392,-86.1138,0.3251,6,0.1500,0.8571,7,7,4,0,0,7,4,0.4286
4,244.0000,7,16,308.2155,-80.3603,0.3767,18,0.4500,0.7143,7,7,5,0,0,7,5,0.2857
4,244.0000,7,17,936.0177,-87.9164,-0.1104,6,0.1500,1.0000,10,6,6,0,0,6,6,0.0000
4,244.0000,7,20,607.6624,-84.3377,-0.8921,8,0.2000,0.8571,7,7,6,0,0,7,6,0.1429
4,244.0000,7,22,415.3110,-82.5653,-0.2849,26,0.6500,0.6667,6,5,2,0,0,5,2,0.6000
4,244.0000,7,23,460.9816,-82.8472,1.0297,22,0.5500,0.5000,6,8,6,0,0,8,6,0.2500
4,244.0000,7,24,444.5784,-81.8727,-0.4645,15,0.3750,0.8000,5,8,7,0,0,8,7,0.1250
4,244.0000,7,26,563.6092,-86.0211,0.3463,8,0.2000,0.8571,7,6,3,0,0,6,3,0.5000
4,244.0000,7,29,826.7761,-87.3210,1.4245,4,0.1000,1.0000,8,8,8,0,0,8,8,0.0000
4,244.0000,7,33,364.0744,-80.9007,0.5320,22,0.5500,0.7143,7,6,4,0,0,6,4,0.3333
4,244.0000,7,34,671.6363,-85.1378,-0.6860,6,0.1500,0.8571,7,7,4,0,0,7,4,0.4286
4,244.0000,7,35,493.6111,-84.3311,0.0508,14,0.3500,0.8571,7,7,5,0,0,7,5,0.2857
4,244.0000,7,37,699.4715,-87.4545,-0.3158,10,0.2500,1.0000,6,7,6,0,0,7,6,0.1429
4,244.0000,7,38,348.4358,-78.9112,-1.2372,23,0.5750,0.6667,6,6,4,0,0,6,4,0.3333
4,244.0000,7,41,196.6294,-75.3157,-0.0842,31,0.7750,0.0000,4,5,1,0,0,5,1,0.8000
4,244.0000,7,43,604.3812,-86.0041,-0.2037,9,0.2250,0.6667,6,8,7,0,0,8,7,0.1250
4,244.0000,7,47,417.0998,-80.2915,-0.8185,17,0.4250,0.7143,7,7,6,0,0,7,6,0.1429
4,244.0000,8,2,647.8393,-86.9279,0.4942,9,0.2195,0.8571,7,8,7,0,0,8,7,0.1250
4,244.0000,8,3,953.1031,-88.7547,-0.7881,4,0.0976,1.0000,6,8,8,0,0,8,8,0.0000
4,244.0000,8,4,719.8330,-87.5854,0.6080,8,0.1951,1.0000,8,4,2,0,0,4,2,0.5000
4,244.0000,8,5,603.9574,-86.8913,0.2267,9,0.2195,0.8750,8,8,8,0,0,8,8,0.0000
4,244.0000,8,6,573.5750,-85.2663,-0.0621,12,0.2927,0.7500,8,8,8,0,0,8,8,0.0000
4,244.0000,8,11,905.2692,-88.5572,-1.3033,3,0.0732,1.0000,8,8,8,0,0,8,8,0.0000
4,244.0000,8,12,329.2318,-79.6185,-0.1207,19,0.4634,0.7500,8,7,6,0,0,7,6,0.1429
4,244.0000,8,13,816.3597,-88.8180,0.6187,5,0.1220,1.0000,8,8,8,0,0,8,8,0.0000
4,244.0000,8,14,773.3457,-87.4641,1.8414,7,0.1707,1.0000,8,8,7,0,0,8,7,0.1250
4,244.0000,8,15,837.7977,-87.6926,-1.4558,7,0.1707,1.0000,4,6,6,0,0,6,6,0.0000
4,244.0000,8,16,742.3700,-87.0731,-1.4030,5,0.1220,0.8571,7,8,8,0,0,8,8,0.0000
4,244.0000,8,17,1124.0344,-88.3800,-0.9567,3,0.0732,1.0000,6,4,4,0,0,4,4,0.0000
4,244.0000,8,18,791.1977,-86.4954,0.7182,4,0.0976,1.0000,4,8,8,0,0,8,8,0.0000
4,244.0000,8,20,381.2675,-81.3813,0.2682,15,0.3659,0.8571,7,7,5,0,0,7,5,0.2857
4,244.0000,8,21,883.6816,-87.8247,0.1084,6,0.1463,1.0000,2,6,5,0,0,6,5,0.1667
4,244.0000,8,24,519.6964,-83.0358,-0.0248,15,0.3659,1.0000,8,7,6,0,0,7,6,0.1429
4,244.0000,8,26,546.3926,-85.2865,0.1189,11,0.2683,1.0000,8,7,6,0,0,7,6,0.1429
4,244.0000,8,27,587.2993,-85.7813,1.1624,14,0.3415,0.8750,8,8,8,0,0,8,8,0.0000
4,244.0000,8,29,811.1800,-86.4249,0.0087,4,0.0976,1.0000,8,8,8,0,0,8,8,0.0000
4,244.0000,8,34,574.8214,-85.4906,0.6643,9,0.2195,0.8750,8,8,8,0,0,8,8,0.0000
4,244.0000,8,36,989.0976,-88.8693,0.0487,4,0.0976,1.0000,6,6,6,0,0,6,6,0.0000
4,244.0000,8,38,566.2591,-85.6948,0.3246,11,0.2683,1.0000,8,8,8,0,0,8,8,0.0000
4,244.0000,8,41,775.3862,-86.4832,0.4365,6,0.1463,1.0000,8,8,8,0,0,8,8,0.0000
4,244.0000,8,42,749.5259,-87.6384,1.5148,3,0.0732,1.0000,6,7,6,0,0,7,6,0.1429
4,244.0000,8,43,996.5593,-87.6331,-0.3724,3,0.0732,1.0000,6,8,8,0,0,8,8,0.0000
4,244.0000,8,45,282.6877,-80.4618,0.6289,28,0.6829,0.8571,7,6,3,0,0,6,3,0.5000
4,244.0000,8,47,567.8046,-85.6202,0.2147,9,0.2195,0.8571,7,8,7,0,0,8,7,0.1250
4,244.0000,9,0,211.9469,-77.0515,0.8602,40,1.0000,0.2000,5,4,0,0,0,4,0,1.0000
4,244.0000,9,1,331.8014,-79.2972,0.0528,36,0.9000,0.0000,4,5,2,0,0,5,2,0.6000
4,244.0000,9,15,631.9894,-85.4348,0.9510,10,0.2500,1.0000,8,5,1,0,0,5,1,0.8000
4,244.0000,9,18,823.2779,-86.8932,-0.0604,7,0.1750,1.0000,8,8,8,0,0,8,8,0.0000
4,244.0000,9,19,306.7487,-80.2205,0.7112,37,0.9250,0.0000,4,6,2,0,0,6,2,0.6667
4,244.0000,9,21,408.5617,-82.6125,0.7048,29,0.7250,0.0000,4,7,4,0,0,7,4,0.4286
4,244.0000,9,25,276.0605,-78.2454,-0.3519,40,1.0000,0.2000,5,4,0,0,0,4,0,1.0000
4,244.0000,9,27,636.4545,-85.2827,0.1933,6,0.1500,0.7500,8,8,8,0,0,8,8,0.0000
4,244.0000,9,28,309.9255,-80.4313,0.7417,35,0.8750,0.4000,5,4,0,0,0,4,0,1.0000
4,244.0000,9,30,581.0051,-85.1764,-0.3105,26,0.6500,0.3333,6,7,5,0,0,7,5,0.2857
4,244.0000,9,32,561.8761,-83.7723,0.7225,15,0.3750,0.5000,6,5,1,0,0,5,1,0.8000
4,244.0000,9,36,247.2892,-79.0073,1.1346,34,0.8500,0.4000,5,4,0,0,0,4,0,1.0000
4,244.0000,9,39,351.1257,-81.1596,0.7265,35,0.8750,0.5000,6,5,1,0,0,5,1,0.8000
4,244.0000,9,40,166.2720,-70.3077,-1.0414,40,1.0000,0.0000,4,3,0,0,0,3,0,1.0000
4,244.0000,9,44,446.0727,-83.0288,0.3273,30,0.7500,0.6667,6,5,1,0,0,5,1,0.8000
4,244.0000,9,46,338.4964,-80.9687,0.4217,38,0.9500,0.2000,5,5,2,0,0,5,2,0.6000
4,244.0000,10,2,714.7552,-86.9394,0.1509,10,0.2500,1.0000,8,8,8,0,0,8,8,0.0000
4,244.0000,10,3,464.8020,-84.1864,0.8388,20,0.5000,0.8571,7,7,6,0,0,7,6,0.1429
4,244.0000,10,4,752.2072,-86.5569,0.4191,12,0.3000,1.0000,8,8,7,0,0,8,7,0.1250
4,244.0000,10,5,666.9522,-86.0464,-0.1168,12,0.3000,0.8750,8,6,4,0,0,6,4,0.3333
4,244.0000,10,6,744.9638,-86.9645,-0.1366,8,0.2000,1.0000,8,7,6,0,0,7,6,0.1429
4,244.0000,10,7,792.1322,-87.0068,0.3835,11,0.2750,1.0000,8,7,6,0,0,7,6,0.1429
4,244.0000,10,11,347.3778,-80.7460,0.4881,26,0.6500,0.8750,8,7,4,0,0,7,4,0.4286
4,244.0000,10,12,828.6106,-87.7505,-0.4340,4,0.1000,1.0000,8,8,8,0,0,8,8,0.0000
4,244.0000,10,14,563.8672,-83.9318,0.2492,13,0.3250,1.0000,8,8,8,0,0,8,8,0.0000
4,244.0000,10,16,594.2280,-86.0339,-0.6570,15,0.3750,0.8571,7,6,4,0,0,6,4,0.3333
4,244.0000,10,17,241.7189,-78.0361,0.0313,39,0.9750,0.5000,6,6,2,0,0,6,2,0.6667
4,244.0000,10,20,795.1923,-86.4484,0.9960,7,0.1750,0.8750,8,8,8,0,0,8,8,0.0000
4,244.0000,10,22,788.6986,-86.5243,0.1123,9,0.2250,1.0000,6,8,8,0,0,8,8,0.0000
4,244.0000,10,23,613.9169,-84.7329,0.9520,17,0.4250,0.7143,7,7,5,0,0,7,5,0.2857
4,244.0000,10,24,944.0041,-88.7658,-0.1401,6,0.1500,1.0000,6,7,6,0,0,7,6,0.1429
4,244.0000,10,26,625.4014,-85.9013,0.0979,14,0.3500,1.0000,8,7,5,0,0,7,5,0.2857
4,244.0000,10,29,482.9022,-84.3322,0.4478,19,0.4750,0.8750,8,6,3,0,0,6,3,0.5000
4,244.0000,10,33,465.9739,-84.2450,0.0299,19,0.4750,0.8750,8,8,8,0,0,8,8,0.0000
4,244.0000,10,34,757.0704,-88.1496,-0.0368,9,0.2250,1.0000,8,7,6,0,0,7,6,0.1429
4,244.0000,10,35,350.1093,-79.5316,-0.7482,31,0.7750,0.6667,6,6,4,0,0,6,4,0.3333
4,244.0000,10,37,201.7135,-75.4686,-0.6341,36,0.9000,0.0000,4,5,1,0,0,5,1,0.8000
4,244.0000,10,38,861.2997,-87.5227,0.2227,9,0.2250,1.0000,8,5,4,0,0,5,4,0.2000
4,244.0000,10,41,831.1477,-88.1826,-0.5628,10,0.2500,1.0000,8,8,8,0,0,8,8,0.0000
4,244.0000,10,42,830.6514,-88.2239,-0.8270,5,0.1250,1.0000,6,6,6,0,0,6,6,0.0000
4,244.0000,10,43,213.3545,-78.4218,2.0122,27,0.6750,0.5714,7,5,2,0,0,5,2,0.6000
4,244.0000,10,47,751.2891,-87.0501,0.7304,7,0.1750,1.0000,6,8,8,0,0,8,8,0.0000
4,244.0000,11,2,629.5033,-86.4943,0.7948,12,0.3000,0.8750,8,7,6,0,0,7,6,0.1429
4,244.0000,11,3,533.5775,-85.5608,-0.0172,16,0.4000,0.8571,7,7,6,0,0,7,6,0.1429
4,244.0000,11,4,527.7064,-84.5396,-0.1552,17,0.4250,0.7143,7,7,6,0,0,7,6,0.1429
4,244.0000,11,5,386.9543,-81.0500,0.2609,18,0.4500,0.6667,6,7,5,0,0,7,5,0.2857
4,244.0000,11,6,437.6473,-82.6958,1.2160,15,0.3750,0.8750,8,8,6,0,0,8,6,0.2500
4,244.0000,11,7,757.8862,-87.2158,0.6294,8,0.2000,0.7143,7,7,6,0,0,7,6,0.1429
4,244.0000,11,8,905.2692,-88.0962,2.8980,4,0.1000,1.0000,8,8,8,0,0,8,8,0.0000
4,244.0000,11,10,347.3778,-82.5200,0.0230,25,0.6250,1.0000,8,6,3,0,0,6,3,0.5000
4,244.0000,11,12,591.3310,-86.3150,0.5465,10,0.2500,0.8571,7,7,6,0,0,7,6,0.1429
4,244.0000,11,13,928.8092,-88.3547,0.8813,4,0.1000,0.8333,6,8,8,0,0,8,8,0.0000
4,244.0000,11,14,232.0489,-75.7790,-1.0323,34,0.8500,0.2000,5,5,2,0,0,5,2,0.6000
4,244.0000,11,16,530.5315,-83.0583,0.3610,16,0.4000,0.8000,5,9,6,0,0,9,6,0.3333
4,244.0000,11,17,404.3131,-81.8325,-0.4401,26,0.6500,0.5000,6,5,2,0,0,5,2,0.6000
4,244.0000,11,18,1028.6237,-88.1431,0.9672,5,0.1250,1.0000,6,2,2,0,0,2,2,0.0000
4,244.0000,11,20,586.3173,-86.1709,-1.5128,12,0.3000,1.0000,8,7,6,0,0,7,6,0.1429
4,244.0000,11,22,894.3865,-88.0595,-0.3964,9,0.2250,1.0000,8,8,8,0,0,8,8,0.0000
4,244.0000,11,23,762.9435,-86.5822,0.6152,13,0.3250,0.7500,8,8,8,0,0,8,8,0.0000
4,244.0000,11,24,742.4069,-87.5259,1.1736,7,0.1750,1.0000,8,8,7,0,0,8,7,0.1250
4,244.0000,11,26,400.8494,-81.4975,-0.1312,20,0.5000,0.8750,8,8,7,0,0,8,7,0.1250
4,244.0000,11,29,151.3482,-75.8475,1.2077,30,0.7500,0.2000,5,4,0,0,0,4,0,1.0000
4,244.0000,11,31,829.4790,-87.3344,-0.8990,5,0.1250,1.0000,6,7,6,0,0,7,6,0.1429
4,244.0000,11,33,565.5114,-84.6921,0.8719,11,0.2750,0.7500,8,7,5,0,0,7,5,0.2857
4,244.0000,11,34,448.4635,-83.5399,0.6858,16,0.4000,0.8571,7,7,5,0,0,7,5,0.2857
4,244.0000,11,35,494.0425,-82.0201,-0.4122,21,0.5250,0.8571,7,7,6,0,0,7,6,0.1429
4,244.0000,11,37,376.4739,-81.7380,-0.3585,21,0.5250,0.4000,5,6,3,0,0,6,3,0.5000
4,244.0000,11,38,701.2015,-86.1923,-1.1214,9,0.2250,1.0000,6,5,4,0,0,5,4,0.2000
4,244.0000,11,41,777.9841,-87.2882,0.8040,10,0.2500,1.0000,8,6,6,0,0,6,6,0.0000
4,244.0000,11,42,563.6884,-84.4514,0.2427,12,0.3000,0.7143,7,5,4,0,0,5,4,0.2000
4,244.0000,11,43,338.6833,-79.3502,-0.3305,24,0.6000,0.8571,7,6,4,0,0,6,4,0.3333
4,244.0000,11,45,1029.1455,-88.0557,-0.6619,3,0.0750,,0,6,6,0,0,6,6,0.0000
4,244.0000,11,47,544.1449,-83.6415,0.5270,13,0.3250,0.8750,8,8,7,0,0,8,7,0.1250
4,244.0000,12,2,422.2610,-84.4341,0.3578,19,0.4750,0.8750,8,6,3,0,0,6,3,0.5000
4,244.0000,12,3,667.1216,-86.2941,1.1359,14,0.3500,0.8750,8,7,6,0,0,7,6,0.1429
4,244.0000,12,4,499.6246,-83.4233,0.4489,22,0.5500,1.0000,10,8,6,0,0,8,6,0.2500
4,244.0000,12,5,347.8442,-80.1145,-0.0983,23,0.5750,0.6667,6,7,6,0,0,7,6,0.1429
4,244.0000,12,6,355.9143,-81.4938,0.8482,22,0.5500,0.7500,8,7,6,0,0,7,6,0.1429
4,244.0000,12,7,716.2249,-86.7339,0.4045,12,0.3000,0.8750,8,8,8,0,0,8,8,0.0000
4,244.0000,12,8,329.2318,-79.5090,0.1442,28,0.7000,0.8571,7,7,5,0,0,7,5,0.2857
4,244.0000,12,10,828.6106,-87.9945,0.8264,5,0.1250,1.0000,8,6,4,0,0,6,4,0.3333
4,244.0000,12,11,591.3310,-86.6399,-0.6003,15,0.3750,0.7143,7,8,6,0,0,8,6,0.2500
4,244.0000,12,13,798.4587,-86.4958,-0.1299,10,0.2500,0.8750,8,8,8,0,0,8,8,0.0000
4,244.0000,12,14,500.4316,-84.6825,-0.2112,15,0.3750,0.8750,8,6,4,0,0,6,4,0.3333
4,244.0000,12,15,1115.1842,-88.4314,4.7931,3,0.0750,,0,4,4,0,0,4,4,0.0000
4,244.0000,12,16,477.8286,-85.2155,0.0209,17,0.4250,0.8571,7,7,6,0,0,7,6,0.1429
4,244.0000,12,17,801.5180,-86.5893,0.0408,8,0.2000,0.8750,8,7,6,0,0,7,6,0.1429
4,244.0000,12,18,839.1846,-87.4032,0.5433,5,0.1250,1.0000,8,6,6,0,0,6,6,0.0000
4,244.0000,12,20,113.5378,-72.6634,1.0216,35,0.8750,0.0000,4,4,0,0,0,4,0,1.0000
4,244.0000,12,22,868.8037,-88.1463,0.6487,7,0.1750,1.0000,6,4,2,0,0,4,2,0.5000
4,244.0000,12,23,842.6179,-87.7308,0.8802,6,0.1500,1.0000,6,8,8,0,0,8,8,0.0000
4,244.0000,12,24,429.8801,-83.0012,1.0850,22,0.5500,0.6667,6,6,3,0,0,6,3,0.5000
4,244.0000,12,26,234.2430,-78.1302,0.6147,26,0.6500,0.7143,7,5,2,0,0,5,2,0.6000
4,244.0000,12,27,830.5613,-88.1002,-0.0720,8,0.2000,,0,8,8,0,0,8,8,0.0000
4,244.0000,12,29,514.2460,-84.3127,0.8367,13,0.3250,0.8571,7,7,6,0,0,7,6,0.1429
4,244.0000,12,31,791.8974,-87.4719,0.0427,7,0.1750,1.0000,6,6,6,0,0,6,6,0.0000
4,244.0000,12,33,753.1821,-87.1720,-0.0245,10,0.2500,1.0000,8,8,8,0,0,8,8,0.0000
4,244.0000,12,34,364.8457,-80.6625,0.4070,26,0.6500,1.0000,8,6,3,0,0,6,3,0.5000
4,244.0000,12,35,820.3129,-87.3380,0.0589,11,0.2750,1.0000,4,8,6,0,0,8,6,0.2500
4,244.0000,12,37,867.4528,-88.3847,2.0160,5,0.1250,1.0000,4,5,4,0,0,5,4,0.2000
4,244.0000,12,38,420.9715,-82.9584,-0.0540,18,0.4500,1.0000,8,5,1,0,0,5,1,0.8000
4,244.0000,12,41,603.4432,-85.0577,-0.9553,16,0.4000,1.0000,8,8,7,0,0,8,7,0.1250
4,244.0000,12,42,563.0350,-84.7965,0.1863,18,0.4500,0.8571,7,7,6,0,0,7,6,0.1429
4,244.0000,12,43,673.0260,-86.5259,-0.6307,11,0.2750,0.5000,6,8,7,0,0,8,7,0.1250
4,244.0000,12,45,516.9654,-85.1895,0.3600,13,0.3250,0.8571,7,7,6,0,0,7,6,0.1429
4,244.0000,12,47,356.2932,-81.7449,0.3225,20,0.5000,0.8750,8,7,5,0,0,7,5,0.2857
4,244.0000,13,0,872.5567,-86.7389,-0.6443,7,0.1750,1.0000,6,8,8,0,0,8,8,0.0000
4,244.0000,13,1,639.4865,-85.6928,0.1951,10,0.2500,1.0000,8,7,6,0,0,7,6,0.1429
4,244.0000,13,4,598.6666,-84.6184,-0.0737,8,0.2000,0.8571,7,8,8,0,0,8,8,0.0000
4,244.0000,13,5,862.7761,-86.0892,-1.4392,4,0.1000,1.0000,8,8,8,0,0,8,8,0.0000
4,244.0000,13,6,782.8056,-87.0368,1.0876,5,0.1250,1.0000,8,8,8,0,0,8,8,0.0000
4,244.0000,13,8,816.3597,-87.0668,-0.2676,7,0.1750,1.0000,4,8,8,0,0,8,8,0.0000
4,244.0000,13,12,798.4587,-87.8095,-1.1736,6,0.1500,1.0000,8,8,8,0,0,8,8,0.0000
4,244.0000,13,14,816.7057,-87.8137,1.1087,4,0.1000,1.0000,6,8,8,0,0,8,8,0.0000
4,244.0000,13,18,255.4246,-77.8863,0.7074,34,0.8500,0.4000,5,4,0,0,0,4,0,1.0000
4,244.0000,13,19,685.7883,-85.2077,-0.5259,7,0.1750,1.0000,8,7,6,0,0,7,6,0.1429
4,244.0000,13,21,883.2148,-87.6929,-0.3675,4,0.1000,1.0000,4,8,8,0,0,8,8,0.0000
4,244.0000,13,25,661.9480,-86.5550,-0.5696,12,0.3000,1.0000,8,8,7,0,0,8,7,0.1250
4,244.0000,13,26,896.7930,-86.7705,1.5144,3,0.0750,1.0000,8,8,8,0,0,8,8,0.0000
4,244.0000,13,27,656.8302,-85.5253,-1.0394,10,0.2500,0.8889,9,7,6,0,0,7,6,0.1429
4,244.0000,13,28,1120.4352,-88.3668,1.2122,4,0.1000,1.0000,8,2,2,0,0,2,2,0.0000
4,244.0000,13,29,778.6648,-85.8423,0.6682,5,0.1250,1.0000,8,8,8,0,0,8,8,0.0000
4,244.0000,13,31,145.8230,-71.7624,0.2447,37,0.9250,0.0000,4,4,0,0,0,4,0,1.0000
4,244.0000,13,34,780.3671,-86.5027,-1.4457,4,0.1000,1.0000,8,8,8,0,0,8,8,0.0000
4,244.0000,13,36,703.9741,-87.0284,-0.3406,10,0.2500,1.0000,8,6,4,0,0,6,4,0.3333
4,244.0000,13,42,458.0099,-83.8204,0.3523,13,0.3250,0.5000,4,5,2,0,0,5,2,0.6000
4,244.0000,13,44,1153.7658,-88.0115,3.5137,3,0.0750,,0,4,4,0,0,4,4,0.0000
4,244.0000,13,45,647.2111,-85.2541,-1.0027,10,0.2500,1.0000,10,6,6,0,0,6,6,0.0000
4,244.0000,13,46,775.4672,-86.2092,0.1607,12,0.3000,1.0000,4,10,10,0,0,10,10,0.0000
4,244.0000,14,2,608.9160,-85.9895,-0.1031,9,0.2250,0.6250,8,7,6,0,0,7,6,0.1429
4,244.0000,14,3,611.7360,-85.1974,0.3575,10,0.2500,0.8571,7,6,4,0,0,6,4,0.3333
4,244.0000,14,4,553.9836,-84.0365,-0.9030,15,0.3750,0.5714,7,8,7,0,0,8,7,0.1250
4,244.0000,14,5,221.3101,-77.4482,0.9023,32,0.8000,0.4000,5,6,2,0,0,6,2,0.6667
4,244.0000,14,6,234.9381,-78.3242,1.5089,26,0.6500,0.2000,5,6,2,0,0,6,2,0.6667
4,244.0000,14,7,724.1392,-87.0091,-0.4528,8,0.2000,1.0000,8,6,3,0,0,6,3,0.5000
4,244.0000,14,8,773.3457,-87.8700,-0.2585,7,0.1750,1.0000,8,7,5,0,0,7,5,0.2857
4,244.0000,14,10,563.8672,-84.5674,-0.3563,15,0.3750,0.3333,6,7,6,0,0,7,6,0.1429
4,244.0000,14,11,232.0489,-75.8528,-0.9236,31,0.7750,0.5000,6,7,3,0,0,7,3,0.5714
4,244.0000,14,12,500.4316,-84.6160,0.1647,14,0.3500,0.8750,8,7,6,0,0,7,6,0.1429
4,244.0000,14,13,816.7057,-87.4763,0.0381,3,0.0750,1.0000,6,8,8,0,0,8,8,0.0000
4,244.0000,14,16,533.6104,-84.4777,-0.1575,13,0.3250,0.8750,8,8,7,0,0,8,7,0.1250
4,244.0000,14,17,628.6721,-85.2085,0.4407,13,0.3250,0.8571,7,7,6,0,0,7,6,0.1429
4,244.0000,14,18,866.3941,-87.4161,-2.5387,3,0.0750,1.0000,4,8,8,0,0,8,8,0.0000
4,244.0000,14,20,504.2582,-83.5751,-0.3132,9,0.2250,0.8571,7,6,4,0,0,6,4,0.3333
4,244.0000,14,22,954.5538,-88.0675,-0.9173,4,0.1000,1.0000,8,2,2,0,0,2,2,0.0000
4,244.0000,14,23,859.6848,-87.6534,0.1982,8,0.2000,0.8571,7,8,8,0,0,8,8,0.0000
4,244.0000,14,24,600.7004,-85.6233,0.6686,13,0.3250,1.0000,8,6,3,0,0,6,3,0.5000
4,244.0000,14,26,334.2800,-79.0455,0.2113,18,0.4500,0.6667,6,8,6,0,0,8,6,0.2500
4,244.0000,14,29,193.4863,-75.0268,0.0788,35,0.8750,0.4000,5,4,0,0,0,4,0,1.0000
4,244.0000,14,31,725.5559,-86.6660,-1.3492,8,0.2000,1.0000,8,7,5,0,0,7,5,0.2857
4,244.0000,14,33,646.8933,-85.4854,-0.9268,10,0.2500,0.6667,6,7,6,0,0,7,6,0.1429
4,244.0000,14,34,241.7354,-78.7122,1.2540,25,0.6250,0.5714,7,4,0,0,0,4,0,1.0000
4,244.0000,14,35,607.2199,-84.3252,0.0266,13,0.3250,0.8571,7,7,5,0,0,7,5,0.2857
4,244.0000,14,37,539.6571,-84.2044,0.5996,17,0.4250,0.8571,7,7,6,0,0,7,6,0.1429
4,244.0000,14,38,599.5858,-85.8810,-0.2654,14,0.3500,1.0000,8,6,6,0,0,6,6,0.0000
4,244.0000,14,41,743.6870,-85.9174,-0.3943,7,0.1750,0.8750,8,8,7,0,0,8,7,0.1250
4,244.0000,14,42,548.9348,-83.8362,0.3494,15,0.3750,0.5000,6,8,7,0,0,8,7,0.1250
4,244.0000,14,43,504.7559,-82.6769,-0.1395,17,0.4250,0.7500,8,7,6,0,0,7,6,0.1429
4,244.0000,14,45,895.7113,-88.1706,-0.4198,6,0.1500,,0,5,5,0,0,5,5,0.0000
4,244.0000,14,47,420.9043,-82.6573,0.1783,14,0.3500,0.8750,8,7,3,0,0,7,3,0.5714
4,244.0000,15,0,809.1996,-87.4576,0.6948,5,0.1250,1.0000,6,8,8,0,0,8,8,0.0000
4,244.0000,15,1,690.0134,-86.7705,0.9587,9,0.2250,0.8750,8,7,6,0,0,7,6,0.1429
4,244.0000,15,8,837.7977,-86.5433,-5.8990,4,0.1000,1.0000,8,6,6,0,0,6,6,0.0000
4,244.0000,15,9,631.9894,-86.3804,0.3398,12,0.3000,1.0000,8,6,3,0,0,6,3,0.5000
4,244.0000,15,18,771.1666,-86.8656,0.0313,7,0.1750,1.0000,8,8,8,0,0,8,8,0.0000
4,244.0000,15,19,544.0033,-83.4885,-0.0905,23,0.5750,1.0000,8,8,7,0,0,8,7,0.1250
4,244.0000,15,21,445.9114,-83.1054,0.2469,19,0.4750,0.8571,7,7,5,0,0,7,5,0.2857
4,244.0000,15,25,608.2887,-85.4406,0.7434,13,0.3250,1.0000,8,7,5,0,0,7,5,0.2857
4,244.0000,15,27,360.7893,-80.1646,0.2150,28,0.7000,0.5000,6,6,2,18,14,24,16,0.3333
4,244.0000,15,28,503.0856,-83.7703,0.8015,24,0.6000,0.5000,6,7,4,0,0,7,4,0.4286
4,244.0000,15,30,609.8380,-84.7792,-0.1405,20,0.5000,0.8333,6,7,6,0,0,7,6,0.1429
4,244.0000,15,32,88.7619,-74.0682,2.5372,37,0.9250,0.0000,4,5,1,0,0,5,1,0.8000
4,244.0000,15,36,516.8713,-83.2027,-0.2525,23,0.5750,0.6667,6,6,4,0,0,6,4,0.3333
4,244.0000,15,39,525.3260,-83.8955,-0.4636,25,0.6250,1.0000,8,6,4,0,0,6,4,0.3333
4,244.0000,15,40,782.4065,-87.4064,0.0824,8,0.2000,1.0000,8,8,7,0,0,8,7,0.1250
4,244.0000,15,44,397.9013,-82.9710,0.5703,26,0.6500,0.6667,6,6,2,0,0,6,2,0.6667
4,244.0000,15,45,672.2716,-83.4923,-1.5844,7,0.1750,0.8750,8,8,8,0,0,8,8,0.0000
4,244.0000,15,46,813.1308,-87.4179,-0.4393,5,0.1250,1.0000,4,8,8,0,0,8,8,0.0000
4,244.0000,16,2,140.7301,-76.2379,2.6592,33,0.8250,0.0000,4,4,0,0,0,4,0,1.0000
4,244.0000,16,3,220.1133,-74.6503,-0.0783,32,0.8000,0.2000,5,5,1,0,0,5,1,0.8000
4,244.0000,16,4,788.9945,-87.6327,0.2937,6,0.1500,1.0000,10,6,6,0,0,6,6,0.0000
4,244.0000,16,5,401.0354,-83.4748,0.2961,12,0.3000,0.8750,8,7,6,0,0,7,6,0.1429
4,244.0000,16,6,499.1072,-82.4181,-0.5182,16,0.4000,0.8571,7,8,7,0,0,8,7,0.1250
4,244.0000,16,7,308.2155,-80.8407,1.0030,27,0.6750,0.5714,7,5,1,0,0,5,1,0.8000
4,244.0000,16,8,742.3700,-88.1236,0.2712,4,0.1000,0.2500,4,8,8,0,0,8,8,0.0000
4,244.0000,16,10,594.2280,-85.0285,0.0660,12,0.3000,1.0000,8,6,4,0,0,6,4,0.3333
4,244.0000,16,11,530.5315,-84.8633,-0.7695,16,0.4000,0.7143,7,6,3,0,0,6,3,0.5000
4,244.0000,16,12,477.8286,-83.9290,1.1003,13,0.3250,1.0000,8,6,4,0,0,6,4,0.3333
4,244.0000,16,14,533.6104,-83.1926,0.1409,14,0.3500,0.7143,7,6,4,0,0,6,4,0.3333
4,244.0000,16,17,680.9487,-84.6968,-1.0827,13,0.3250,1.0000,8,8,8,0,0,8,8,0.0000
4,244.0000,16,20,377.3028,-82.1863,1.7029,16,0.4000,0.8750,8,5,2,0,0,5,2,0.6000
4,244.0000,16,22,442.5951,-83.0849,-0.3528,24,0.6000,0.4000,5,7,6,0,0,7,6,0.1429
4,244.0000,16,23,405.6521,-80.8609,-0.2337,27,0.6750,0.4000,5,5,2,0,0,5,2,0.6000
4,244.0000,16,24,420.0332,-83.1405,0.3263,17,0.4250,0.5000,6,6,3,0,0,6,3,0.5000
4,244.0000,16,26,306.2761,-81.2481,1.7100,19,0.4750,0.7500,8,4,0,0,0,4,0,1.0000
4,244.0000,16,29,582.8437,-85.0500,-0.1402,12,0.3000,0.8571,7,8,8,0,0,8,8,0.0000
4,244.0000,16,33,298.3800,-76.8445,-1.8612,31,0.7750,0.0000,4,5,2,0,0,5,2,0.6000
4,244.0000,16,34,510.3917,-83.8569,-0.0257,6,0.1500,0.7143,7,7,6,0,0,7,6,0.1429
4,244.0000,16,35,416.3356,-81.3727,-0.0513,19,0.4750,0.0000,4,7,4,0,0,7,4,0.4286
4,244.0000,16,37,571.4136,-84.0175,-0.1178,13,0.3250,0.8750,8,8,7,0,0,8,7,0.1250
4,244.0000,16,38,300.3856,-80.0893,-0.2331,25,0.6250,0.3333,6,6,2,0,0,6,2,0.6667
4,244.0000,16,41,256.9773,-78.9772,0.6420,32,0.8000,0.5000,6,5,1,0,0,5,1,0.8000
4,244.0000,16,42,878.9716,-88.7535,-0.9273,3,0.0750,1.0000,8,6,6,0,0,6,6,0.0000
4,244.0000,16,43,385.5906,-77.5593,-2.4104,27,0.6750,0.5000,6,7,5,0,0,7,5,0.2857
4,244.0000,16,47,292.1348,-79.3904,0.1969,22,0.5500,0.4000,5,5,2,0,0,5,2,0.6000
4,244.0000,17,2,770.7132,-88.3299,-0.4345,5,0.1220,0.6667,6,8,8,0,0,8,8,0.0000
4,244.0000,17,3,592.8867,-84.5750,-1.1524,12,0.2927,0.8750,8,6,4,0,0,6,4,0.3333
4,244.0000,17,4,613.2604,-84.2763,0.5334,10,0.2439,0.8571,7,8,8,0,0,8,8,0.0000
4,244.0000,17,5,730.5027,-85.9020,0.9215,5,0.1220,0.8571,7,8,8,0,0,8,8,0.0000
4,244.0000,17,6,796.5512,-87.4456,0.2467,7,0.1707,0.8571,7,8,8,0,0,8,8,0.0000
4,244.0000,17,7,936.0177,-88.5519,-0.6167,4,0.0976,1.0000,6,8,8,0,0,8,8,0.0000
4,244.0000,17,10,241.7189,-77.6035,0.2295,31,0.7561,0.4000,5,7,4,0,0,7,4,0.4286
4,244.0000,17,11,404.3131,-81.1203,0.1417,17,0.4146,0.3333,6,7,5,0,0,7,5,0.2857
4,244.0000,17,12,801.5180,-86.5615,0.3475,4,0.0976,0.8750,8,8,8,0,0,8,8,0.0000
4,244.0000,17,14,628.6721,-84.5564,-0.2593,16,0.3902,1.0000,8,8,8,0,0,8,8,0.0000
4,244.0000,17,16,680.9487,-84.1498,-0.2150,12,0.2927,0.8571,7,7,6,0,0,7,6,0.1429
4,244.0000,17,20,792.0677,-86.5372,-0.0875,5,0.1220,1.0000,8,8,6,0,0,8,6,0.2500
4,244.0000,17,22,885.5017,-87.9688,-0.2187,7,0.1707,1.0000,8,6,6,0,0,6,6,0.0000
4,244.0000,17,23,715.9453,-86.0520,0.1234,13,0.3171,1.0000,8,7,6,0,0,7,6,0.1429
4,244.0000,17,24,1020.7572,-88.7924,-0.1208,5,0.1220,1.0000,6,6,6,0,0,6,6,0.0000
4,244.0000,17,26,648.2405,-85.7217,-0.7458,8,0.1951,0.8750,8,8,8,0,0,8,8,0.0000
4,244.0000,17,29,481.7994,-83.6798,0.2838,11,0.2683,0.8571,7,7,5,0,0,7,5,0.2857
4,244.0000,17,31,1070.5296,-88.0791,-0.1583,3,0.0732,1.0000,4,6,6,0,0,6,6,0.0000
4,244.0000,17,33,627.4757,-85.3780,-0.5876,12,0.2927,0.8750,8,7,6,0,0,7,6,0.1429
4,244.0000,17,34,809.9488,-87.4222,1.2616,3,0.0732,1.0000,8,8,8,0,0,8,8,0.0000
4,244.0000,17,35,555.8977,-83.2636,-0.3473,19,0.4634,1.0000,8,8,7,0,0,8,7,0.1250
4,244.0000,17,37,440.4275,-81.7344,-0.5676,20,0.4878,0.6000,5,8,7,0,0,8,7,0.1250
4,244.0000,17,38,938.4207,-88.1438,0.4226,7,0.1707,1.0000,8,8,7,0,0,8,7,0.1250
4,244.0000,17,41,928.0269,-87.1638,0.1894,7,0.1707,1.0000,8,8,7,0,0,8,7,0.1250
4,244.0000,17,42,713.1372,-86.4867,0.1757,7,0.1707,1.0000,8,8,8,0,0,8,8,0.0000
4,244.0000,17,43,337.6345,-81.4707,0.9804,17,0.4146,0.6250,8,7,5,0,0,7,5,0.2857
4,244.0000,17,47,830.2502,-85.5886,-0.3362,6,0.1463,0.8750,8,8,8,0,0,8,8,0.0000
4,244.0000,18,0,816.0025,-86.6406,0.0438,9,0.2308,1.0000,8,8,8,0,0,8,8,0.0000
4,244.0000,18,1,540.5955,-83.5921,-0.5723,20,0.5128,0.8000,5,8,7,0,0,8,7,0.1250
4,244.0000,18,4,781.7842,-87.1898,0.0694,5,0.1282,1.0000,8,8,8,0,0,8,8,0.0000
4,244.0000,18,5,878.2936,-89.1416,0.3993,3,0.0769,1.0000,8,8,7,0,0,8,7,0.1250
4,244.0000,18,9,823.2779,-85.7822,-0.2250,5,0.1282,1.0000,8,6,6,0,0,6,6,0.0000
4,244.0000,18,11,1028.6237,-87.8934,-1.0438,3,0.0769,1.0000,8,8,8,0,0,8,8,0.0000
4,244.0000,18,12,839.1846,-87.6539,0.4170,4,0.1026,1.0000,8,8,8,0,0,8,8,0.0000
4,244.0000,18,13,255.4246,-78.4219,0.0285,31,0.7949,0.2000,5,5,1,0,0,5,1,0.8000
4,244.0000,18,15,771.1666,-86.9690,0.6096,5,0.1282,0.8750,8,8,8,0,0,8,8,0.0000
4,244.0000,18,19,538.4334,-84.1313,-0.1301,13,0.3333,0.8750,8,7,6,0,0,7,6,0.1429
4,244.0000,18,20,936.2301,-87.6487,0.4224,3,0.0769,1.0000,2,6,6,0,0,6,6,0.0000
4,244.0000,18,21,793.8364,-86.3646,-0.5043,7,0.1795,0.8571,7,8,8,0,0,8,8,0.0000
4,244.0000,18,25,553.7704,-84.3903,-0.5030,14,0.3590,0.8571,7,8,7,0,0,8,7,0.1250
4,244.0000,18,26,945.8935,-88.5228,0.8705,4,0.1026,1.0000,8,8,8,0,0,8,8,0.0000
4,244.0000,18,27,527.1808,-84.2816,0.1579,11,0.2821,0.8571,7,8,8,0,0,8,8,0.0000
4,244.0000,18,28,960.4278,-87.7811,0.4698,7,0.1795,1.0000,8,8,8,0,0,8,8,0.0000
4,244.0000,18,29,884.4360,-87.3367,0.4920,3,0.0769,0.8750,8,8,8,0,0,8,8,0.0000
4,244.0000,18,31,327.9855,-80.0611,-0.1550,28,0.7179,0.4000,5,6,3,0,0,6,3,0.5000
4,244.0000,18,32,800.6620,-87.4937,-0.4606,5,0.1282,0.6000,5,7,6,0,0,7,6,0.1429
4,244.0000,18,34,775.9383,-87.9630,1.7886,3,0.0769,0.8571,7,7,6,0,0,7,6,0.1429
4,244.0000,18,36,589.5125,-84.5397,0.4670,13,0.3333,1.0000,8,8,8,0,0,8,8,0.0000
4,244.0000,18,39,972.3886,-87.8093,-0.7239,5,0.1282,0.8571,7,2,2,0,0,2,2,0.0000
4,244.0000,18,40,960.4708,-87.1088,-0.0968,7,0.1795,1.0000,6,4,4,0,0,4,4,0.0000
4,244.0000,18,42,651.2448,-87.1066,0.8585,4,0.1026,1.0000,8,6,4,0,0,6,4,0.3333
4,244.0000,18,45,621.7752,-86.2371,0.2843,8,0.2051,1.0000,8,8,7,0,0,8,7,0.1250
4,244.0000,18,46,687.0189,-83.9341,-0.7785,16,0.4103,0.7143,7,8,8,0,0,8,8,0.0000
4,244.0000,19,0,367.0833,-83.0984,1.1813,25,0.6250,0.2000,5,4,0,0,0,4,0,1.0000
4,244.0000,19,1,154.6123,-75.7639,1.1265,36,0.9000,0.2000,5,5,1,0,0,5,1,0.8000
4,244.0000,19,9,306.7487,-81.8541,0.9384,30,0.7500,0.4000,5,5,2,0,0,5,2,0.6000
4,244.0000,19,13,685.7883,-85.7776,0.5423,13,0.3250,1.0000,8,8,8,0,0,8,8,0.0000
4,244.0000,19,15,544.0033,-84.7208,-0.2311,21,0.5250,0.8750,8,7,5,0,0,7,5,0.2857
4,244.0000,19,18,538.4334,-83.7541,-0.3668,21,0.5250,0.8750,8,7,5,0,0,7,5,0.2857
4,244.0000,19,21,472.8567,-83.1236,-0.5219,23,0.5750,0.6667,6,8,7,0,0,8,7,0.1250
4,244.0000,19,25,107.8780,-73.4944,1.8742,35,0.8750,0.0000,4,4,0,0,0,4,0,1.0000
4,244.0000,19,27,484.7867,-81.3531,-0.8545,27,0.6750,0.8000,5,8,5,0,0,8,5,0.3750
4,244.0000,19,28,454.5919,-83.2897,-0.3262,33,0.8250,0.5714,7,8,6,0,0,8,6,0.2500
4,244.0000,19,30,768.6148,-86.9784,0.0899,16,0.4000,0.8571,7,8,8,0,0,8,8,0.0000
4,244.0000,19,31,811.3846,-86.8094,-0.7517,8,0.2000,0.8571,7,8,7,0,0,8,7,0.1250
4,244.0000,19,32,509.9385,-83.4217,0.0336,22,0.5500,0.6667,6,8,8,0,0,8,8,0.0000
4,244.0000,19,36,149.5541,-73.0302,0.0769,35,0.8750,0.2000,5,4,0,0,0,4,0,1.0000
4,244.0000,19,39,467.8183,-82.7615,-0.7054,31,0.7750,0.5714,7,6,4,0,0,6,4,0.3333
4,244.0000,19,40,444.7466,-82.6440,-0.4974,32,0.8000,0.5000,6,7,6,0,0,7,6,0.1429
4,244.0000,19,44,574.4154,-84.7791,-0.3339,24,0.6000,0.8750,8,6,4,0,0,6,4,0.3333
4,244.0000,19,45,794.4218,-86.6598,-0.4317,8,0.2000,0.8750,8,8,8,0,0,8,8,0.0000
4,244.0000,19,46,281.2388,-80.1889,0.7465,32,0.8000,0.5000,6,5,1,0,0,5,1,0.8000
4,244.0000,20,2,311.8383,-80.7891,0.4259,30,0.7500,0.5000,6,8,5,0,0,8,5,0.3750
4,244.0000,20,3,577.9736,-85.3573,0.4865,23,0.5750,0.7143,7,8,8,0,0,8,8,0.0000
4,244.0000,20,4,580.4804,-84.7056,0.0568,18,0.4500,0.8000,5,8,8,0,0,8,8,0.0000
4,244.0000,20,5,325.0367,-81.1066,-0.4051,27,0.6750,0.4286,7,5,2,0,0,5,2,0.6000
4,244.0000,20,6,359.7687,-80.2482,-0.8487,28,0.7000,0.4000,5,6,2,0,0,6,2,0.6667
4,244.0000,20,7,607.6624,-86.0162,-0.4127,23,0.5750,0.4000,5,5,2,0,0,5,2,0.6000
4,244.0000,20,8,381.2675,-82.2658,-0.0122,29,0.7250,0.6250,8,6,4,0,0,6,4,0.3333
4,244.0000,20,10,795.1923,-88.1561,-0.1075,7,0.1750,1.0000,8,7,6,0,0,7,6,0.1429
4,244.0000,20,11,586.3173,-85.2856,-0.0339,19,0.4750,0.8571,7,7,6,0,0,7,6,0.1429
4,244.0000,20,12,113.5378,-71.9910,1.0649,37,0.9250,0.0000,4,3,0,0,0,3,0,1.0000
4,244.0000,20,13,904.2923,-86.8585,-0.3667,6,0.1500,1.0000,6,4,4,0,0,4,4,0.0000
4,244.0000,20,14,504.2582,-85.0907,0.9148,19,0.4750,1.0000,8,7,5,0,0,7,5,0.2857
4,244.0000,20,16,377.3028,-81.2717,1.1338,26,0.6500,0.8571,7,7,5,0,0,7,5,0.2857
4,244.0000,20,17,792.0677,-86.7601,0.0722,10,0.2500,0.8750,8,8,8,0,0,8,8,0.0000
4,244.0000,20,18,936.2301,-87.8058,3.7394,3,0.0750,1.0000,6,6,6,0,0,6,6,0.0000
4,244.0000,20,22,763.8126,-87.3610,-0.0258,15,0.3750,0.8571,7,8,7,0,0,8,7,0.1250
4,244.0000,20,23,747.6539,-86.8315,-0.3717,19,0.4750,0.5000,6,7,6,0,0,7,6,0.1429
4,244.0000,20,24,351.3612,-81.6440,-0.2960,32,0.8000,0.8000,5,5,1,0,0,5,1,0.8000
4,244.0000,20,26,191.6458,-76.7558,1.1680,34,0.8500,0.2000,5,5,2,0,0,5,2,0.6000
4,244.0000,20,27,917.7709,-87.9411,0.1366,8,0.2000,,0,4,4,0,0,4,4,0.0000
4,244.0000,20,29,536.6151,-84.7801,0.3794,21,0.5250,0.6667,6,5,2,0,0,5,2,0.6000
4,244.0000,20,31,890.5998,-87.5494,-0.5256,7,0.1750,0.8750,8,7,5,0,0,7,5,0.2857
4,244.0000,20,33,663.8207,-85.6894,-0.5015,20,0.5000,1.0000,8,8,7,0,0,8,7,0.1250
4,244.0000,20,34,369.5911,-82.3638,0.4202,24,0.6000,0.2000,5,5,1,0,0,5,1,0.8000
4,244.0000,20,35,745.7740,-87.4727,0.0180,17,0.4250,0.8000,5,8,8,0,0,8,8,0.0000
4,244.0000,20,37,819.9997,-87.7875,0.1890,9,0.2250,0.8571,7,8,7,0,0,8,7,0.1250
4,244.0000,20,38,318.8129,-80.4278,0.1357,35,0.8750,0.3333,6,6,3,0,0,6,3,0.5000
4,244.0000,20,41,489.9733,-82.9491,-0.6788,28,0.7000,0.5714,7,4,2,0,0,4,2,0.5000
4,244.0000,20,42,653.3527,-85.9681,0.4886,14,0.3500,0.8000,5,10,10,0,0,10,10,0.0000
4,244.0000,20,43,620.7398,-84.6995,-0.2130,20,0.5000,0.2000,5,7,6,0,0,7,6,0.1429
4,244.0000,20,45,606.6528,-85.4095,0.3541,13,0.3250,0.8333,6,7,6,0,0,7,6,0.1429
4,244.0000,20,47,276.4443,-79.6801,0.9617,31,0.7750,0.5000,6,5,1,0,0,5,1,0.8000
4,244.0000,21,0,537.9013,-84.8480,0.6802,27,0.6750,0.6667,6,6,4,0,0,6,4,0.3333
4,244.0000,21,1,545.2557,-84.4634,-0.2174,22,0.5500,0.8571,7,7,6,0,0,7,6,0.1429
4,244.0000,21,9,408.5617,-82.3892,0.7338,33,0.8250,0.5000,6,5,1,0,0,5,1,0.8000
4,244.0000,21,13,883.2148,-86.1507,1.5719,5,0.1250,1.0000,8,8,8,0,0,8,8,0.0000
4,244.0000,21,15,445.9114,-82.8607,0.1957,28,0.7000,0.7143,7,6,3,18,10,24,13,0.4583
4,244.0000,21,18,793.8364,-85.8882,0.7368,7,0.1750,1.0000,8,8,7,0,0,8,7,0.1250
4,244.0000,21,19,472.8567,-82.5809,-1.0098,26,0.6500,0.7143,7,6,4,0,0,6,4,0.3333
4,244.0000,21,25,450.7645,-83.3996,0.0249,28,0.7000,0.5000,6,6,3,0,0,6,3,0.5000
4,244.0000,21,27,375.8005,-81.2445,-0.0796,34,0.8500,0.5714,7,7,5,0,0,7,5,0.2857
4,244.0000,21,28,476.7345,-82.6601,-0.3649,31,0.7750,0.8000,5,7,6,0,0,7,6,0.1429
4,244.0000,21,30,579.0514,-84.3997,-0.6225,29,0.7250,1.0000,8,8,8,0,0,8,8,0.0000
4,244.0000,21,31,1023.4169,-88.5159,1.2398,3,0.0750,1.0000,6,8,8,0,0,8,8,0.0000
4,244.0000,21,32,397.2127,-82.2523,0.2618,31,0.7750,0.5000,6,7,4,0,0,7,4,0.4286
4,244.0000,21,36,336.7937,-79.8036,-1.1168,31,0.7750,0.0000,4,7,5,0,0,7,5,0.2857
4,244.0000,21,39,544.0774,-84.5202,-0.2362,31,0.7750,0.5000,6,6,3,0,0,6,3,0.5000
4,244.0000,21,40,545.0539,-83.9258,-0.0380,26,0.6500,1.0000,8,7,6,0,0,7,6,0.1429
4,244.0000,21,44,358.8917,-80.3648,-0.0244,36,0.9000,0.5000,6,8,4,14,5,22,9,0.5909
4,244.0000,21,45,628.0783,-85.9800,-0.5005,8,0.2000,1.0000,8,7,6,0,0,7,6,0.1429
4,244.0000,21,46,661.6782,-85.3333,0.3418,20,0.5000,1.0000,8,7,6,0,0,7,6,0.1429
4,244.0000,22,2,458.6003,-82.9698,-0.3292,15,0.3750,0.8750,8,7,6,0,0,7,6,0.1429
4,244.0000,22,3,367.0382,-80.9956,-0.4689,18,0.4500,0.5000,6,8,7,0,0,8,7,0.1250
4,244.0000,22,5,841.7614,-89.1623,0.2588,3,0.0750,1.0000,8,8,8,0,0,8,8,0.0000
4,244.0000,22,7,415.3110,-84.4700,0.2332,17,0.4250,1.0000,6,6,4,0,0,6,4,0.3333
4,244.0000,22,10,788.6986,-86.0973,1.3986,4,0.1000,0.8571,7,8,8,0,0,8,8,0.0000
4,244.0000,22,11,894.3865,-86.8140,-0.9943,8,0.2000,1.0000,10,8,7,0,0,8,7,0.1250
4,244.0000,22,12,868.8037,-88.6878,-1.3173,3,0.0750,1.0000,6,8,8,0,0,8,8,0.0000
4,244.0000,22,14,954.5538,-87.9188,-0.0391,5,0.1250,1.0000,8,8,8,0,0,8,8,0.0000
4,244.0000,22,16,442.5951,-82.9985,0.3421,15,0.3750,0.8571,7,7,5,0,0,7,5,0.2857
4,244.0000,22,17,885.5017,-87.9515,0.1285,5,0.1250,0.8750,8,8,8,0,0,8,8,0.0000
4,244.0000,22,20,763.8126,-85.9039,-0.8500,7,0.1750,1.0000,8,7,6,0,0,7,6,0.1429
4,244.0000,22,23,187.2098,-75.2368,-0.1160,31,0.7750,0.2000,5,5,1,0,0,5,1,0.8000
4,244.0000,22,24,758.7886,-87.0319,0.5216,7,0.1750,1.0000,8,6,4,0,0,6,4,0.3333
4,244.0000,22,26,738.3552,-87.7901,-1.8393,5,0.1250,1.0000,8,8,8,0,0,8,8,0.0000
4,244.0000,22,29,980.0166,-89.1094,0.1479,4,0.1000,1.0000,8,6,6,0,0,6,6,0.0000
4,244.0000,22,33,380.6634,-83.0085,0.2147,15,0.3750,0.7143,7,6,4,0,0,6,4,0.3333
4,244.0000,22,35,537.9527,-86.2188,-0.2863,12,0.3000,0.8750,8,7,6,0,0,7,6,0.1429
4,244.0000,22,37,766.4171,-86.4391,0.4285,8,0.2000,1.0000,8,8,8,0,0,8,8,0.0000
4,244.0000,22,38,627.0182,-86.4839,0.6304,10,0.2500,0.8571,7,7,6,0,0,7,6,0.1429
4,244.0000,22,41,383.6474,-81.9110,0.0287,20,0.5000,0.4000,5,7,5,0,0,7,5,0.2857
4,244.0000,22,43,607.0331,-85.4189,-1.4821,10,0.2500,0.8571,7,7,6,0,0,7,6,0.1429
4,244.0000,22,47,706.1982,-86.7739,0.4181,8,0.2000,1.0000,8,8,8,0,0,8,8,0.0000
4,244.0000,23,2,466.8244,-82.6988,-0.0511,22,0.5500,0.8571,7,7,5,0,0,7,5,0.2857
4,244.0000,23,3,251.3791,-76.4018,-0.6761,34,0.8500,0.2000,5,6,3,0,0,6,3,0.5000
4,244.0000,23,4,1055.5129,-88.1772,-3.3869,3,0.0750,1.0000,4,6,6,0,0,6,6,0.0000
4,244.0000,23,5,786.0030,-87.3488,0.5374,5,0.1250,1.0000,10,6,6,0,0,6,6,0.0000
4,244.0000,23,6,888.3456,-89.1578,0.1607,4,0.1000,1.0000,8,8,8,0,0,8,8,0.0000
4,244.0000,23,7,460.9816,-83.1969,-0.0631,22,0.5500,0.4000,5,5,2,0,0,5,2,0.6000
4,244.0000,23,8,1102.5579,-88.2147,-1.5048,4,0.1000,1.0000,6,2,2,0,0,2,2,0.0000
4,244.0000,23,10,613.9169,-86.0927,0.2850,13,0.3250,0.8571,7,8,8,0,0,8,8,0.0000
4,244.0000,23,11,762.9435,-87.3586,0.2258,9,0.2250,1.0000,8,10,10,0,0,10,10,0.0000
4,244.0000,23,12,842.6179,-87.8078,-1.5637,5,0.1250,1.0000,8,8,8,0,0,8,8,0.0000
4,244.0000,23,14,859.6848,-87.3603,-1.3236,5,0.1250,1.0000,8,8,8,0,0,8,8,0.0000
4,244.0000,23,16,405.6521,-81.6246,-0.4999,24,0.6000,0.7143,7,5,2,0,0,5,2,0.6000
4,244.0000,23,17,715.9453,-85.6562,-0.2642,11,0.2750,0.6667,6,8,7,0,0,8,7,0.1250
4,244.0000,23,20,747.6539,-87.1992,-0.3237,8,0.2000,0.2000,5,8,7,0,0,8,7,0.1250
4,244.0000,23,22,187.2098,-74.7908,0.1499,38,0.9500,0.2000,5,4,0,0,0,4,0,1.0000
4,244.0000,23,24,792.6162,-87.4813,0.0042,7,0.1750,1.0000,8,8,8,0,0,8,8,0.0000
4,244.0000,23,26,682.5259,-87.2879,1.3985,7,0.1750,1.0000,8,7,5,0,0,7,5,0.2857
4,244.0000,23,29,863.0620,-88.4351,-0.9079,4,0.1000,1.0000,8,7,6,0,0,7,6,0.1429
4,244.0000,23,33,259.5317,-77.4452,-0.2389,29,0.7250,0.4554,112,5,1,106,53,111,54,0.5135
4,244.0000,23,34,900.2782,-88.1119,1.8515,3,0.0750,1.0000,8,8,8,0,0,8,8,0.0000
4,244.0000,23,35,392.7722,-82.3368,0.1222,24,0.6000,0.0000,4,7,6,0,0,7,6,0.1429
4,244.0000,23,37,605.9312,-85.4817,0.2922,16,0.4000,0.8750,8,7,6,0,0,7,6,0.1429
4,244.0000,23,38,661.3749,-85.4532,-1.8259,15,0.3750,0.6667,6,7,6,0,0,7,6,0.1429
4,244.0000,23,41,457.7385,-82.7753,0.1538,26,0.6500,0.5000,6,8,6,0,0,8,6,0.2500
4,244.0000,23,43,448.4897,-82.1506,0.2621,19,0.4750,0.6667,6,7,6,0,0,7,6,0.1429
4,244.0000,23,47,693.2308,-85.5742,-0.5058,13,0.3250,0.8571,7,8,8,0,0,8,8,0.0000
4,244.0000,24,2,366.6758,-81.0369,-0.6909,25,0.6410,0.8571,7,7,3,0,0,7,3,0.5714
4,244.0000,24,3,625.6870,-85.9686,0.2393,18,0.4615,0.8750,8,7,5,0,0,7,5,0.2857
4,244.0000,24,4,892.1334,-88.2878,0.6401,8,0.2051,1.0000,8,8,8,0,0,8,8,0.0000
4,244.0000,24,5,383.2021,-82.1105,0.5888,20,0.5128,0.8750,8,8,6,0,0,8,6,0.2500
4,244.0000,24,6,410.1678,-82.9035,-1.3186,20,0.5128,0.5000,6,6,3,0,0,6,3,0.5000
4,244.0000,24,7,444.5784,-82.7039,-0.2543,23,0.5897,0.7143,7,7,5,0,0,7,5,0.2857
4,244.0000,24,8,519.6964,-84.0778,-0.5019,16,0.4103,0.8750,8,7,5,0,0,7,5,0.2857
4,244.0000,24,10,944.0041,-88.2764,1.0399,6,0.1538,1.0000,6,8,8,0,0,8,8,0.0000
4,244.0000,24,11,742.4069,-87.6923,0.0308,9,0.2308,1.0000,8,8,8,0,0,8,8,0.0000
4,244.0000,24,12,429.8801,-82.8835,0.0898,19,0.4872,0.8571,7,7,6,0,0,7,6,0.1429
4,244.0000,24,14,600.7004,-86.5369,0.3631,13,0.3333,0.8571,7,8,7,0,0,8,7,0.1250
4,244.0000,24,16,420.0332,-83.7171,-0.2599,20,0.5128,0.7143,7,7,5,0,0,7,5,0.2857
4,244.0000,24,20,351.3612,-82.4190,0.3942,22,0.5641,0.6667,6,6,4,0,0,6,4,0.3333
4,244.0000,24,22,758.7886,-86.7125,-0.2221,14,0.3590,1.0000,8,8,8,0,0,8,8,0.0000
4,244.0000,24,23,792.6162,-86.7864,0.4772,7,0.1795,0.6667,6,8,7,0,0,8,7,0.1250
4,244.0000,24,26,401.2284,-83.5490,-0.0049,16,0.4103,0.8571,7,6,3,0,0,6,3,0.5000
4,244.0000,24,29,726.4830,-86.4954,-1.1597,11,0.2821,1.0000,8,7,6,0,0,7,6,0.1429
4,244.0000,24,33,676.8719,-85.3331,-0.4565,17,0.4359,0.8571,7,8,8,0,0,8,8,0.0000
4,244.0000,24,34,410.6460,-82.4647,0.4817,17,0.4359,0.8750,8,7,6,0,0,7,6,0.1429
4,244.0000,24,35,772.5569,-87.8853,0.4634,8,0.2051,1.0000,8,7,5,0,0,7,5,0.2857
4,244.0000,24,37,891.8382,-87.7001,-0.0880,6,0.1538,,0,4,4,0,0,4,4,0.0000
4,244.0000,24,38,135.6963,-74.3842,1.0563,34,0.8718,0.2000,5,6,1,0,0,6,1,0.8333
4,244.0000,24,41,382.2048,-80.5192,-0.6706,27,0.6923,0.2000,5,6,4,0,0,6,4,0.3333
4,244.0000,24,42,931.3344,-88.5573,-0.5139,5,0.1282,1.0000,4,8,8,0,0,8,8,0.0000
4,244.0000,24,43,760.0948,-86.8645,-0.4182,14,0.3590,1.0000,8,7,6,0,0,7,6,0.1429
4,244.0000,24,45,776.8162,-87.3050,-0.3169,8,0.2051,0.7500,4,5,4,0,0,5,4,0.2000
4,244.0000,24,47,199.7222,-76.9198,1.0616,26,0.6667,0.0000,4,6,2,0,0,6,2,0.6667
4,244.0000,25,0,288.7746,-78.4180,-0.0839,35,0.8750,0.2000,5,5,1,0,0,5,1,0.8000
4,244.0000,25,1,96.6687,-69.3506,0.1627,37,0.9250,0.0000,4,4,0,0,0,4,0,1.0000
4,244.0000,25,9,276.0605,-78.2704,0.0417,33,0.8250,0.0000,4,7,5,0,0,7,5,0.2857
4,244.0000,25,13,661.9480,-87.5851,0.7345,6,0.1500,1.0000,8,8,8,0,0,8,8,0.0000
4,244.0000,25,15,608.2887,-85.6184,0.4146,12,0.3000,0.6667,6,6,4,0,0,6,4,0.3333
4,244.0000,25,18,553.7704,-83.1624,-0.5154,15,0.3750,0.8571,7,8,7,0,0,8,7,0.1250
4,244.0000,25,19,107.8780,-73.2261,2.3380,33,0.8250,0.0000,4,5,1,0,0,5,1,0.8000
4,244.0000,25,21,450.7645,-83.0975,-0.1141,21,0.5250,0.2000,5,4,0,0,0,4,0,1.0000
4,244.0000,25,27,503.2655,-83.4802,0.0528,18,0.4500,0.6667,6,6,4,0,0,6,4,0.3333
4,244.0000,25,28,493.6838,-83.6794,-0.2424,24,0.6000,0.4000,5,6,6,0,0,6,6,0.0000
4,244.0000,25,30,793.9942,-87.0016,0.1619,14,0.3500,0.8889,9,7,5,0,0,7,5,0.2857
4,244.0000,25,31,794.8954,-86.8394,-1.2093,5,0.1250,1.0000,8,8,8,0,0,8,8,0.0000
4,244.0000,25,32,570.3694,-85.1536,-0.1199,19,0.4750,0.8571,7,6,3,0,0,6,3,0.5000
4,244.0000,25,36,117.5539,-74.1412,1.6064,33,0.8250,0.0000,4,5,1,0,0,5,1,0.8000
4,244.0000,25,39,517.9523,-83.4327,-0.4573,24,0.6000,1.0000,8,8,8,0,0,8,8,0.0000
4,244.0000,25,40,406.9562,-81.6884,-0.3098,33,0.8250,0.4000,5,5,2,0,0,5,2,0.6000
4,244.0000,25,44,601.5511,-84.7350,0.3819,19,0.4750,0.8571,7,6,4,0,0,6,4,0.3333
4,244.0000,25,45,787.1156,-86.1436,0.0355,6,0.1500,1.0000,8,8,8,0,0,8,8,0.0000
4,244.0000,25,46,244.1944,-76.9508,-0.1474,37,0.9250,0.2000,5,6,1,0,0,6,1,0.8333
4,244.0000,26,2,320.2950,-81.6250,1.2557,24,0.6000,0.5000,6,5,2,0,0,5,2,0.6000
4,244.0000,26,3,470.6635,-84.5646,0.4813,21,0.5250,0.8571,7,5,2,0,0,5,2,0.6000
4,244.0000,26,4,530.9939,-83.5355,-0.6234,27,0.6750,0.2000,5,7,5,0,0,7,5,0.2857
4,244.0000,26,5,189.8714,-75.1296,-0.1441,35,0.8750,0.0000,4,6,3,0,0,6,3,0.5000
4,244.0000,26,6,261.0130,-77.7943,-0.0588,31,0.7750,0.0000,4,5,2,0,0,5,2,0.6000
4,244.0000,26,7,563.6092,-86.5895,0.5021,21,0.5250,1.0000,8,6,4,0,0,6,4,0.3333
4,244.0000,26,8,546.3926,-84.8184,0.3743,19,0.4750,0.7500,8,7,6,0,0,7,6,0.1429
4,244.0000,26,10,625.4014,-86.7485,0.4799,17,0.4250,0.6667,6,6,4,0,0,6,4,0.3333
4,244.0000,26,11,400.8494,-81.8838,-0.4118,28,0.7000,0.5000,6,8,8,0,0,8,8,0.0000
4,244.0000,26,12,234.2430,-77.8530,0.9906,34,0.8500,0.2000,5,4,0,0,0,4,0,1.0000
4,244.0000,26,13,896.7930,-87.5016,0.0110,10,0.2500,1.0000,6,8,8,0,0,8,8,0.0000
4,244.0000,26,14,334.2800,-80.3576,-0.5396,30,0.7500,0.8571,7,8,7,0,0,8,7,0.1250
4,244.0000,26,16,306.2761,-81.1658,0.6932,25,0.6250,0.7143,7,4,0,0,0,4,0,1.0000
4,244.0000,26,17,648.2405,-85.4723,0.3719,24,0.6000,0.9000,10,5,3,0,0,5,3,0.4000
4,244.0000,26,18,945.8935,-88.9483,0.2559,7,0.1750,1.0000,8,4,4,0,0,4,4,0.0000
4,244.0000,26,20,191.6458,-77.2240,1.1507,37,0.9250,0.3333,6,4,0,0,0,4,0,1.0000
4,244.0000,26,22,738.3552,-86.7906,0.7994,11,0.2750,1.0000,8,7,5,0,0,7,5,0.2857
4,244.0000,26,23,682.5259,-87.0690,0.7110,18,0.4500,1.0000,8,9,8,0,0,9,8,0.1111
4,244.0000,26,24,401.2284,-84.0779,0.7761,21,0.5250,0.7143,7,6,3,0,0,6,3,0.5000
4,244.0000,26,27,1026.7162,-89.3085,0.0598,5,0.1250,1.0000,2,8,8,0,0,8,8,0.0000
4,244.0000,26,29,371.0668,-80.1732,-0.2888,32,0.8000,0.4000,5,6,4,0,0,6,4,0.3333
4,244.0000,26,31,852.4354,-86.9255,-0.5087,11,0.2750,1.0000,8,6,6,0,0,6,6,0.0000
4,244.0000,26,33,546.8074,-84.5574,0.7963,20,0.5000,0.7143,7,6,3,0,0,6,3,0.5000
4,244.0000,26,34,275.0259,-79.0073,0.1783,31,0.7750,0.2000,5,6,4,0,0,6,4,0.3333
4,244.0000,26,35,595.3712,-84.9283,-0.3860,19,0.4750,0.6667,6,7,6,0,0,7,6,0.1429
4,244.0000,26,37,640.4429,-86.6607,0.2464,16,0.4000,1.0000,8,7,5,0,0,7,5,0.2857
4,244.0000,26,38,357.7888,-82.7801,-0.3390,24,0.6000,0.2000,5,4,0,0,0,4,0,1.0000
4,244.0000,26,41,500.5760,-83.6275,0.3030,19,0.4750,0.8750,8,8,6,0,0,8,6,0.2500
4,244.0000,26,42,597.2636,-84.1959,-0.8821,22,0.5500,0.6667,6,8,8,0,0,8,8,0.0000
4,244.0000,26,43,465.4326,-81.8769,-0.2116,23,0.5750,0.5000,6,7,4,0,0,7,4,0.4286
4,244.0000,26,45,738.0992,-86.4831,-0.5300,12,0.3000,1.0000,8,5,4,0,0,5,4,0.2000
4,244.0000,26,47,231.7209,-79.0590,1.1719,27,0.6750,0.5714,7,5,2,0,0,5,2,0.6000
4,244.0000,27,0,737.2090,-87.2708,0.3257,8,0.2000,0.8571,7,7,6,0,0,7,6,0.1429
4,244.0000,27,1,577.5058,-84.6063,-0.3571,16,0.4000,0.5714,7,7,6,0,0,7,6,0.1429
4,244.0000,27,8,587.2993,-84.7901,1.2238,6,0.1500,1.0000,8,7,6,0,0,7,6,0.1429
4,244.0000,27,9,636.4545,-85.3012,0.1181,18,0.4500,0.8571,7,8,7,0,0,8,7,0.1250
4,244.0000,27,13,656.8302,-83.7211,-0.2312,11,0.2750,1.0000,8,6,4,0,0,6,4,0.3333
4,244.0000,27,15,360.7893,-81.0462,-0.2198,33,0.8250,0.4000,5,7,4,0,0,7,4,0.4286
4,244.0000,27,18,527.1808,-83.1999,-0.2008,13,0.3250,0.8571,7,6,5,0,0,6,5,0.1667
4,244.0000,27,19,484.7867,-82.2922,-1.1696,23,0.5750,0.4000,5,8,7,0,0,8,7,0.1250
4,244.0000,27,21,375.8005,-80.7921,-0.3631,25,0.6250,0.5000,6,4,0,0,0,4,0,1.0000
4,244.0000,27,25,503.2655,-83.1943,-0.4832,16,0.4000,0.5000,4,9,8,0,0,9,8,0.1111
4,244.0000,27,28,681.9515,-85.4266,-0.5543,18,0.4500,0.5714,7,7,6,0,0,7,6,0.1429
4,244.0000,27,30,843.9120,-87.1657,-0.1240,11,0.2750,0.8750,8,8,8,0,0,8,8,0.0000
4,244.0000,27,31,774.3532,-85.5717,1.4728,4,0.1000,1.0000,10,8,8,0,0,8,8,0.0000
4,244.0000,27,32,390.4882,-82.1795,0.4994,23,0.5750,1.0000,8,5,1,0,0,5,1,0.8000
4,244.0000,27,36,423.9094,-80.9999,-0.2555,26,0.6500,0.6667,6,7,6,0,0,7,6,0.1429
4,244.0000,27,39,721.5467,-85.1677,-0.2048,13,0.3250,0.8571,7,8,8,0,0,8,8,0.0000
4,244.0000,27,40,801.1594,-86.3200,0.0886,13,0.3250,1.0000,8,8,7,0,0,8,7,0.1250
4,244.0000,27,44,598.0830,-85.2705,-0.3259,15,0.3750,0.7143,7,7,6,0,0,7,6,0.1429
4,244.0000,27,45,355.2246,-80.2494,-0.5100,30,0.7500,0.5000,8,7,4,0,0,7,4,0.4286
4,244.0000,27,46,745.0905,-85.9586,-0.2927,13,0.3250,1.0000,8,8,7,0,0,8,7,0.1250
4,244.0000,28,0,515.3430,-84.4489,0.2170,23,0.5750,0.7143,7,7,5,0,0,7,5,0.2857
4,244.0000,28,1,559.0506,-84.1579,0.9148,17,0.4250,0.5000,6,7,5,0,0,7,5,0.2857
4,244.0000,28,9,309.9255,-80.5666,0.3984,31,0.7750,0.6667,6,5,2,0,0,5,2,0.6000
4,244.0000,28,15,503.0856,-84.2789,0.5386,21,0.5250,0.4000,5,7,5,0,0,7,5,0.2857
4,244.0000,28,18,960.4278,-87.9961,-0.4740,4,0.1000,1.0000,8,6,5,0,0,6,5,0.1667
4,244.0000,28,19,454.5919,-81.5235,-0.8339,30,0.7500,0.3333,6,7,4,0,0,7,4,0.4286
4,244.0000,28,21,476.7345,-82.7781,-0.3727,25,0.6250,0.5000,6,8,7,0,0,8,7,0.1250
4,244.0000,28,25,493.6838,-83.2119,-0.1812,24,0.6000,0.2000,5,8,8,0,0,8,8,0.0000
4,244.0000,28,27,681.9515,-84.5323,-0.1147,11,0.2750,0.7143,7,8,8,0,0,8,8,0.0000
4,244.0000,28,30,342.2891,-80.1697,-0.1683,34,0.8500,0.2000,5,4,0,0,0,4,0,1.0000
4,244.0000,28,32,419.4839,-80.3879,-0.5851,28,0.7000,0.5000,6,6,3,0,0,6,3,0.5000
4,244.0000,28,36,433.2220,-81.6577,-0.6119,27,0.6750,0.7143,7,6,3,0,0,6,3,0.5000
4,244.0000,28,39,75.8820,-66.6970,0.5310,39,0.9750,0.0000,4,5,1,0,0,5,1,0.8000
4,244.0000,28,40,377.0009,-81.9634,0.5547,29,0.7250,0.4000,5,6,2,0,0,6,2,0.6667
4,244.0000,28,44,257.0230,-75.9421,-0.2262,38,0.9500,0.0000,4,5,1,0,0,5,1,0.8000
4,244.0000,28,46,572.9014,-85.6704,-1.5597,15,0.3750,0.7143,7,7,4,0,0,7,4,0.4286
4,244.0000,29,2,655.3838,-86.7018,0.2161,12,0.3000,0.8750,8,8,8,0,0,8,8,0.0000
4,244.0000,29,3,633.1612,-87.3681,0.3168,10,0.2500,0.8750,8,6,4,0,0,6,4,0.3333
4,244.0000,29,4,407.3015,-80.8003,-0.5612,34,0.8500,0.5000,6,7,6,0,0,7,6,0.1429
4,244.0000,29,5,352.8889,-80.3090,-0.4291,24,0.6000,0.5714,7,8,6,0,0,8,6,0.2500
4,244.0000,29,6,373.6230,-81.2804,0.0897,19,0.4750,0.8571,7,6,3,0,0,6,3,0.5000
4,244.0000,29,7,826.7761,-88.1006,0.7406,8,0.2000,0.8571,7,8,8,0,0,8,8,0.0000
4,244.0000,29,8,811.1800,-87.8718,0.8762,7,0.1750,1.0000,8,7,5,0,0,7,5,0.2857
4,244.0000,29,10,482.9022,-85.3239,0.9788,18,0.4500,0.5714,7,8,7,0,0,8,7,0.1250
4,244.0000,29,11,151.3482,-75.3280,0.9845,34,0.8500,0.3301,103,4,0,86,16,90,16,0.8222
4,244.0000,29,12,514.2460,-83.9276,0.2680,15,0.3750,0.7143,7,7,6,0,0,7,6,0.1429
4,244.0000,29,13,778.6648,-86.1110,-0.0047,12,0.3000,0.9000,10,8,8,0,0,8,8,0.0000
4,244.0000,29,14,193.4863,-75.8705,0.2025,35,0.8750,0.0000,4,5,2,0,0,5,2,0.6000
4,244.0000,29,16,582.8437,-85.4955,0.2162,12,0.3000,0.4000,5,8,7,0,0,8,7,0.1250
4,244.0000,29,17,481.7994,-84.0634,-0.4162,19,0.4750,1.0000,8,6,4,0,0,6,4,0.3333
4,244.0000,29,18,884.4360,-88.2757,-0.1482,8,0.2000,0.8571,7,6,6,0,0,6,6,0.0000
4,244.0000,29,20,536.6151,-84.5032,0.4383,14,0.3500,0.8571,7,8,7,0,0,8,7,0.1250
4,244.0000,29,22,980.0166,-88.3164,0.7627,4,0.1000,1.0000,8,8,8,0,0,8,8,0.0000
4,244.0000,29,23,863.0620,-87.3411,0.0874,8,0.2000,1.0000,6,8,8,0,0,8,8,0.0000
4,244.0000,29,24,726.4830,-87.1460,1.2492,9,0.2250,1.0000,8,7,5,0,0,7,5,0.2857
4,244.0000,29,26,371.0668,-80.6181,-0.6161,22,0.5500,0.6667,6,7,5,0,0,7,5,0.2857
4,244.0000,29,31,683.1690,-85.4755,0.3434,15,0.3750,0.8571,7,8,8,0,0,8,8,0.0000
4,244.0000,29,33,679.4666,-86.6637,-0.5149,14,0.3500,1.0000,8,8,7,0,0,8,7,0.1250
4,244.0000,29,34,383.7741,-81.7531,0.6829,16,0.4000,0.5000,6,6,2,0,0,6,2,0.6667
4,244.0000,29,35,630.1698,-85.7313,-0.5694,12,0.3000,1.0000,8,10,9,0,0,10,9,0.1000
4,244.0000,29,37,527.7926,-84.9211,0.2092,16,0.4000,0.8571,7,6,4,0,0,6,4,0.3333
4,244.0000,29,38,704.0210,-86.4957,0.1001,11,0.2750,1.0000,8,8,8,0,0,8,8,0.0000
4,244.0000,29,41,822.4958,-87.2921,0.1918,11,0.2750,1.0000,8,8,8,0,0,8,8,0.0000
4,244.0000,29,42,423.0600,-79.6504,-0.1961,30,0.7500,0.4000,5,4,0,0,0,4,0,1.0000
4,244.0000,29,43,459.2523,-83.1719,-0.9861,15,0.3750,0.7143,7,6,3,0,0,6,3,0.5000
4,244.0000,29,45,905.5352,-86.7973,-0.4399,7,0.1750,1.0000,4,6,6,0,0,6,6,0.0000
4,244.0000,29,47,539.0196,-84.9767,0.1935,13,0.3250,0.8571,7,6,4,0,0,6,4,0.3333
4,244.0000,30,0,778.6559,-86.5842,-0.6064,10,0.2500,1.0000,8,8,8,0,0,8,8,0.0000
4,244.0000,30,1,871.9032,-87.2275,-1.6920,5,0.1250,0.8571,7,8,7,0,0,8,7,0.1250
4,244.0000,30,9,581.0051,-85.0286,-0.2025,21,0.5250,0.5000,6,8,8,0,0,8,8,0.0000
4,244.0000,30,15,609.8380,-84.3838,-0.1828,13,0.3250,0.5714,7,8,8,0,0,8,8,0.0000
4,244.0000,30,19,768.6148,-85.6434,-0.8656,8,0.2000,0.7143,7,8,8,0,0,8,8,0.0000
4,244.0000,30,21,579.0514,-83.8087,-0.5881,18,0.4500,0.6667,6,7,6,0,0,7,6,0.1429
4,244.0000,30,25,793.9942,-86.2627,1.2176,5,0.1250,1.0000,8,8,8,0,0,8,8,0.0000
4,244.0000,30,27,843.9120,-86.9828,0.6895,5,0.1250,0.8750,8,8,7,0,0,8,7,0.1250
4,244.0000,30,28,342.2891,-79.2899,-0.5002,30,0.7500,0.5000,8,4,2,0,0,4,2,0.5000
4,244.0000,30,32,527.6090,-82.9598,-0.0463,26,0.6500,0.7143,7,8,7,0,0,8,7,0.1250
4,244.0000,30,36,707.6322,-84.6846,-1.2019,11,0.2750,0.7143,7,7,6,0,0,7,6,0.1429
4,244.0000,30,39,377.3541,-80.7831,-0.0275,26,0.6500,0.3333,6,6,3,0,0,6,3,0.5000
4,244.0000,30,40,613.7052,-86.0964,0.6407,15,0.3750,1.0000,8,6,4,0,0,6,4,0.3333
4,244.0000,30,44,246.3120,-73.5596,-1.7865,35,0.8750,0.2000,5,4,0,0,0,4,0,1.0000
4,244.0000,30,46,894.5495,-88.3202,0.3478,5,0.1250,1.0000,6,8,8,0,0,8,8,0.0000
4,244.0000,31,0,1007.1797,-88.2304,1.2700,3,0.0732,,0,6,6,0,0,6,6,0.0000
4,244.0000,31,1,766.2880,-86.2647,0.0936,11,0.2683,1.0000,8,8,8,0,0,8,8,0.0000
4,244.0000,31,4,555.7087,-84.7143,0.2026,9,0.2195,0.8571,7,7,6,0,0,7,6,0.1429
4,244.0000,31,6,727.3076,-86.0313,0.3085,5,0.1220,1.0000,8,8,8,0,0,8,8,0.0000
4,244.0000,31,8,862.6705,-87.0607,0.5641,4,0.0976,1.0000,4,8,8,0,0,8,8,0.0000
4,244.0000,31,12,791.8974,-86.9105,2.3117,5,0.1220,1.0000,8,8,8,0,0,8,8,0.0000
4,244.0000,31,13,145.8230,-72.0604,-0.3489,37,0.9024,0.1294,85,5,1,77,6,82,7,0.9146
4,244.0000,31,18,327.9855,-80.2112,0.5995,25,0.6098,0.8571,7,5,1,0,0,5,1,0.8000
4,244.0000,31,19,811.3846,-86.0777,0.3937,8,0.1951,1.0000,8,8,7,0,0,8,7,0.1250
4,244.0000,31,25,794.8954,-86.7224,-1.4098,5,0.1220,0.8571,7,8,8,0,0,8,8,0.0000
4,244.0000,31,26,852.4354,-87.3810,-1.6273,3,0.0732,0.8571,7,8,8,0,0,8,8,0.0000
4,244.0000,31,27,774.3532,-86.0176,0.3770,6,0.1463,1.0000,8,6,6,0,0,6,6,0.0000
4,244.0000,31,29,683.1690,-85.3473,0.4221,8,0.1951,0.8750,8,8,8,0,0,8,8,0.0000
4,244.0000,31,34,725.1519,-85.8668,-0.7591,7,0.1707,0.8750,8,7,6,0,0,7,6,0.1429
4,244.0000,31,36,841.2039,-86.6905,0.4821,7,0.1707,1.0000,8,7,6,0,0,7,6,0.1429
4,244.0000,31,42,400.0068,-82.1356,0.1369,13,0.3171,0.8571,7,6,4,0,0,6,4,0.3333
4,244.0000,31,45,734.2384,-86.5840,0.2749,8,0.1951,1.0000,8,8,8,0,0,8,8,0.0000
4,244.0000,31,46,893.4704,-87.2561,0.4239,5,0.1220,1.0000,4,8,8,0,0,8,8,0.0000
4,244.0000,32,0,748.3452,-87.9376,0.3995,13,0.3171,1.0000,6,7,6,0,0,7,6,0.1429
4,244.0000,32,1,655.3135,-86.5863,0.8022,11,0.2683,0.6667,6,7,6,0,0,7,6,0.1429
4,244.0000,32,9,561.8761,-85.1232,0.4562,22,0.5366,0.4000,5,8,7,0,0,8,7,0.1250
4,244.0000,32,13,984.5683,-89.8103,0.0633,3,0.0732,1.0000,4,4,4,0,0,4,4,0.0000
4,244.0000,32,15,88.7619,-73.9724,2.0265,41,1.0000,0.0000,4,5,1,0,0,5,1,0.8000
4,244.0000,32,18,800.6620,-87.6025,0.1564,4,0.0976,1.0000,8,8,8,0,0,8,8,0.0000
4,244.0000,32,19,509.9385,-82.7787,-0.1690,26,0.6341,0.6667,6,7,5,0,0,7,5,0.2857
4,244.0000,32,21,397.2127,-82.3945,0.3843,31,0.7561,0.5714,7,7,6,0,0,7,6,0.1429
4,244.0000,32,25,570.3694,-85.6460,0.4587,15,0.3659,0.8750,8,7,5,0,0,7,5,0.2857
4,244.0000,32,27,390.4882,-82.2948,1.4554,25,0.6098,0.6667,6,5,2,0,0,5,2,0.6000
4,244.0000,32,28,419.4839,-80.2128,-1.0626,32,0.7805,0.6667,6,5,2,0,0,5,2,0.6000
4,244.0000,32,30,527.6090,-82.3911,-1.2728,30,0.7317,0.2000,5,7,5,0,0,7,5,0.2857
4,244.0000,32,36,474.4324,-83.5919,-0.3139,25,0.6098,0.5714,7,7,5,0,0,7,5,0.2857
4,244.0000,32,39,446.2843,-82.1390,-0.4887,32,0.7805,0.5714,7,6,4,0,0,6,4,0.3333
4,244.0000,32,40,706.9115,-85.8862,0.6706,17,0.4146,1.0000,8,8,8,0,0,8,8,0.0000
4,244.0000,32,44,311.8785,-79.9284,0.3381,33,0.8049,0.5000,6,6,3,0,0,6,3,0.5000
4,244.0000,32,45,716.1953,-87.3743,0.8754,3,0.0732,0.8750,8,8,8,0,0,8,8,0.0000
4,244.0000,32,46,767.3398,-87.2920,0.3246,8,0.1951,1.0000,8,8,8,0,0,8,8,0.0000
4,244.0000,33,2,421.9332,-81.5471,0.1379,21,0.5250,0.5000,4,7,5,0,0,7,5,0.2857
4,244.0000,33,3,100.2885,-65.6696,-1.3659,32,0.8000,0.2000,5,4,0,0,0,4,0,1.0000
4,244.0000,33,4,952.5717,-88.9751,-0.2467,5,0.1250,1.0000,8,8,8,0,0,8,8,0.0000
4,244.0000,33,5,599.8809,-85.0363,-0.1193,9,0.2250,0.7143,7,8,7,0,0,8,7,0.1250
4,244.0000,33,6,702.1772,-85.4550,-0.1600,10,0.2500,0.7143,7,8,8,0,0,8,8,0.0000
4,244.0000,33,7,364.0744,-81.1967,0.0949,24,0.6000,0.7143,7,4,0,0,0,4,0,1.0000
4,244.0000,33,10,465.9739,-83.4763,0.4547,21,0.5250,0.8750,8,7,5,0,0,7,5,0.2857
4,244.0000,33,11,565.5114,-85.1616,-0.7142,13,0.3250,0.7143,7,7,6,0,0,7,6,0.1429
4,244.0000,33,12,753.1821,-86.4443,1.1735,4,0.1000,0.8750,8,8,7,0,0,8,7,0.1250
4,244.0000,33,14,646.8933,-86.1369,0.6205,11,0.2750,1.0000,8,8,8,0,0,8,8,0.0000
4,244.0000,33,16,298.3800,-76.1225,-2.1412,28,0.7000,0.4000,5,6,3,0,0,6,3,0.5000
4,244.0000,33,17,627.4757,-86.3963,0.0126,16,0.4000,0.8750,8,7,6,0,0,7,6,0.1429
4,244.0000,33,20,663.8207,-85.0075,-0.3785,5,0.1250,0.8750,8,7,6,0,0,7,6,0.1429
4,244.0000,33,22,380.6634,-81.3654,0.9296,30,0.7500,0.6667,6,5,1,0,0,5,1,0.8000
4,244.0000,33,23,259.5317,-77.8770,-0.0467,30,0.7500,0.5000,6,5,1,0,0,5,1,0.8000
4,244.0000,33,24,676.8719,-85.2781,-0.3220,10,0.2500,0.8571,7,7,6,0,0,7,6,0.1429
4,244.0000,33,26,546.8074,-85.1635,-0.3166,13,0.3250,0.6667,6,8,6,0,0,8,6,0.2500
4,244.0000,33,29,679.4666,-85.4138,0.1154,12,0.3000,1.0000,8,8,6,0,0,8,6,0.2500
4,244.0000,33,34,712.9601,-86.3074,-0.0574,7,0.1750,0.8750,8,8,7,0,0,8,7,0.1250
4,244.0000,33,35,169.0379,-76.9178,1.5440,31,0.7750,0.4000,5,4,0,0,0,4,0,1.0000
4,244.0000,33,37,398.5721,-82.9209,0.9214,24,0.6000,0.7143,7,7,4,0,0,7,4,0.4286
4,244.0000,33,38,565.3797,-83.4185,0.4612,14,0.3500,0.6667,6,8,8,0,0,8,8,0.0000
4,244.0000,33,41,433.0853,-80.9067,-0.3566,27,0.6750,0.5714,7,7,6,0,0,7,6,0.1429
4,244.0000,33,43,298.3606,-79.0400,-0.6723,28,0.7000,0.2000,5,5,2,0,0,5,2,0.6000
4,244.0000,33,47,541.6018,-82.8545,-0.4292,17,0.4250,0.6667,6,6,4,0,0,6,4,0.3333
4,244.0000,34,2,536.3107,-85.6383,-0.2187,15,0.3750,1.0000,8,8,7,0,0,8,7,0.1250
4,244.0000,34,3,663.9115,-86.8383,0.4036,8,0.2000,0.8571,7,7,6,0,0,7,6,0.1429
4,244.0000,34,4,607.8191,-83.6836,-0.5296,17,0.4250,0.6667,6,8,8,0,0,8,8,0.0000
4,244.0000,34,5,115.1838,-70.0929,-0.4093,32,0.8000,0.0000,4,4,0,0,0,4,0,1.0000
4,244.0000,34,6,14.9520,-67.4996,4.9937,31,0.7750,0.0000,4,4,0,0,0,4,0,1.0000
4,244.0000,34,7,671.6363,-87.5407,-0.4234,8,0.2000,0.8571,7,8,8,0,0,8,8,0.0000
4,244.0000,34,8,574.8214,-84.6557,0.1822,15,0.3750,0.7500,8,8,8,0,0,8,8,0.0000
4,244.0000,34,10,757.0704,-87.4678,-0.6982,9,0.2250,0.8571,7,8,8,0,0,8,8,0.0000
4,244.0000,34,11,448.4635,-83.8951,0.0326,16,0.4000,1.0000,8,7,5,0,0,7,5,0.2857
4,244.0000,34,12,364.8457,-81.8922,0.3685,26,0.6500,0.8571,7,7,5,0,0,7,5,0.2857
4,244.0000,34,13,780.3671,-87.1864,-0.9901,12,0.3000,0.4000,5,8,8,0,0,8,8,0.0000
4,244.0000,34,14,241.7354,-79.0810,1.5310,24,0.6000,0.5000,6,6,2,0,0,6,2,0.6667
4,244.0000,34,16,510.3917,-85.0439,-0.4103,12,0.3000,0.5000,6,8,8,0,0,8,8,0.0000
4,244.0000,34,17,809.9488,-88.2257,-0.4576,7,0.1750,0.8000,5,6,4,0,0,6,4,0.3333
4,244.0000,34,18,775.9383,-87.0210,-0.9536,12,0.3000,0.8571,7,6,5,0,0,6,5,0.1667
4,244.0000,34,20,369.5911,-82.1384,0.6823,22,0.5500,0.8571,7,8,7,0,0,8,7,0.1250
4,244.0000,34,22,950.6562,-88.7326,-0.5843,4,0.1000,1.0000,6,4,4,0,0,4,4,0.0000
4,244.0000,34,23,900.2782,-89.1530,-0.3870,6,0.1500,1.0000,8,6,6,0,0,6,6,0.0000
4,244.0000,34,24,410.6460,-83.8039,0.3886,19,0.4750,0.6667,6,6,3,0,0,6,3,0.5000
4,244.0000,34,26,275.0259,-78.3792,0.2100,28,0.7000,0.4000,5,5,2,0,0,5,2,0.6000
4,244.0000,34,27,930.3080,-87.5684,1.3602,5,0.1250,1.0000,4,4,4,0,0,4,4,0.0000
4,244.0000,34,29,383.7741,-81.0193,0.8801,20,0.5000,1.0000,8,8,6,0,0,8,6,0.2500
4,244.0000,34,31,725.1519,-85.3258,-0.0479,13,0.3250,1.0000,8,6,4,0,0,6,4,0.3333
4,244.0000,34,33,712.9601,-87.6409,-0.0485,8,0.2000,1.0000,8,7,6,0,0,7,6,0.1429
4,244.0000,34,35,725.8597,-87.1144,-0.3148,12,0.3000,1.0000,4,7,6,0,0,7,6,0.1429
4,244.0000,34,37,726.5967,-88.3835,-3.2861,3,0.0750,1.0000,8,8,8,0,0,8,8,0.0000
4,244.0000,34,38,450.2885,-83.7703,0.7701,18,0.4500,1.0000,8,5,2,0,0,5,2,0.6000
4,244.0000,34,41,658.9847,-85.4322,0.0076,14,0.3500,0.8750,8,6,4,0,0,6,4,0.3333
4,244.0000,34,42,600.7743,-83.9334,-0.3234,17,0.4250,1.0000,8,8,8,0,0,8,8,0.0000
4,244.0000,34,43,642.5380,-86.3928,0.5225,9,0.2250,0.8750,8,7,5,0,0,7,5,0.2857
4,244.0000,34,45,721.4823,-87.0500,0.4622,10,0.2500,1.0000,4,7,6,0,0,7,6,0.1429
4,244.0000,34,47,280.2602,-80.9267,0.9861,20,0.5000,0.7143,7,6,2,0,0,6,2,0.6667
4,244.0000,35,2,553.0469,-86.6474,0.8994,11,0.2750,0.6667,6,7,4,0,0,7,4,0.4286
4,244.0000,35,3,235.1820,-78.0025,0.6961,26,0.6500,0.5000,6,6,3,0,0,6,3,0.5000
4,244.0000,35,4,944.5509,-86.8285,-0.3602,5,0.1250,1.0000,6,6,6,0,0,6,6,0.0000
4,244.0000,35,5,618.7254,-86.0829,0.2096,10,0.2500,0.8571,7,5,2,0,0,5,2,0.6000
4,244.0000,35,6,715.5144,-87.4169,0.0717,8,0.2000,1.0000,8,8,8,0,0,8,8,0.0000
4,244.0000,35,7,493.6111,-84.5324,0.1263,14,0.3500,1.0000,8,6,4,0,0,6,4,0.3333
4,244.0000,35,10,350.1093,-79.0541,-0.1558,29,0.7250,0.0000,4,8,6,0,0,8,6,0.2500
4,244.0000,35,11,494.0425,-83.0400,-0.5261,16,0.4000,1.0000,8,8,8,0,0,8,8,0.0000
4,244.0000,35,14,607.2199,-85.8654,-0.5569,10,0.2500,1.0000,8,8,8,0,0,8,8,0.0000
4,244.0000,35,16,416.3356,-81.6449,0.3546,18,0.4500,0.8571,7,6,3,0,0,6,3,0.5000
4,244.0000,35,17,555.8977,-83.4289,-0.8841,18,0.4500,1.0000,6,8,6,0,0,8,6,0.2500
4,244.0000,35,20,745.7740,-86.5975,0.5130,4,0.1000,0.7500,8,8,8,0,0,8,8,0.0000
4,244.0000,35,22,537.9527,-85.3713,-0.2702,14,0.3500,1.0000,8,7,6,0,0,7,6,0.1429
4,244.0000,35,23,392.7722,-82.6374,0.8031,19,0.4750,0.8571,7,5,1,0,0,5,1,0.8000
4,244.0000,35,24,772.5569,-87.7491,-0.1773,7,0.1750,0.8571,7,7,6,0,0,7,6,0.1429
4,244.0000,35,26,595.3712,-86.4628,-0.3134,9,0.2250,1.0000,8,7,6,0,0,7,6,0.1429
4,244.0000,35,29,630.1698,-85.0262,-0.0772,10,0.2500,0.8889,9,7,6,0,0,7,6,0.1429
4,244.0000,35,33,169.0379,-77.9684,1.4955,28,0.7000,0.6667,6,4,0,0,0,4,0,1.0000
4,244.0000,35,34,725.8597,-87.9429,-0.5487,3,0.0750,1.0000,8,8,8,0,0,8,8,0.0000
4,244.0000,35,37,240.8907,-77.4580,0.3051,36,0.9000,0.3333,6,6,4,0,0,6,4,0.3333
4,244.0000,35,38,677.2505,-86.6599,-0.0389,11,0.2750,1.0000,10,6,6,0,0,6,6,0.0000
4,244.0000,35,41,585.1470,-84.9664,0.6134,12,0.3000,1.0000,8,7,4,0,0,7,4,0.4286
4,244.0000,35,43,251.4298,-76.7903,-0.2352,28,0.7000,0.3333,6,4,0,0,0,4,0,1.0000
4,244.0000,35,47,613.2004,-85.1768,-0.0225,10,0.2500,1.0000,6,10,10,0,0,10,10,0.0000
4,244.0000,36,0,325.7373,-81.7269,0.0478,32,0.8205,0.6667,6,6,3,0,0,6,3,0.5000
4,244.0000,36,1,214.2026,-78.8482,1.0562,31,0.7949,0.2000,5,4,0,0,0,4,0,1.0000
4,244.0000,36,8,989.0976,-88.1713,0.3249,3,0.0769,1.0000,4,8,8,0,0,8,8,0.0000
4,244.0000,36,9,247.2892,-79.4277,0.9311,34,0.8718,0.2000,5,5,1,0,0,5,1,0.8000
4,244.0000,36,13,703.9741,-85.6890,-0.5895,7,0.1795,0.8750,8,8,7,0,0,8,7,0.1250
4,244.0000,36,15,516.8713,-83.4765,0.2177,23,0.5897,0.7500,8,6,4,0,0,6,4,0.3333
4,244.0000,36,18,589.5125,-85.0145,-0.1915,12,0.3077,1.0000,8,8,8,0,0,8,8,0.0000
4,244.0000,36,19,149.5541,-72.9386,0.5349,33,0.8462,0.0000,4,4,0,0,0,4,0,1.0000
4,244.0000,36,21,336.7937,-78.5571,-0.4419,32,0.8205,0.2000,5,7,3,0,0,7,3,0.5714
4,244.0000,36,25,117.5539,-74.3865,1.6243,33,0.8462,0.0000,4,4,0,0,0,4,0,1.0000
4,244.0000,36,27,423.9094,-80.9283,-0.6279,26,0.6667,0.2000,5,6,3,0,0,6,3,0.5000
4,244.0000,36,28,433.2220,-81.4451,-0.3855,31,0.7949,0.4000,5,6,4,0,0,6,4,0.3333
4,244.0000,36,30,707.6322,-85.2516,-1.4002,21,0.5385,0.6667,6,7,6,0,0,7,6,0.1429
4,244.0000,36,31,841.2039,-87.8964,1.6219,4,0.1026,1.0000,8,7,6,0,0,7,6,0.1429
4,244.0000,36,32,474.4324,-82.3365,-0.4069,28,0.7179,0.5000,6,7,3,0,0,7,3,0.5714
4,244.0000,36,39,469.8555,-82.5214,-0.7491,32,0.8205,0.2000,5,7,5,0,0,7,5,0.2857
4,244.0000,36,40,404.7323,-82.1796,0.5288,31,0.7949,0.4000,5,5,2,0,0,5,2,0.6000
4,244.0000,36,44,501.1268,-83.2998,-0.1367,24,0.6154,0.7778,9,7,6,0,0,7,6,0.1429
4,244.0000,36,45,724.4612,-86.7727,-1.7359,5,0.1282,0.8571,7,8,8,0,0,8,8,0.0000
4,244.0000,36,46,346.5793,-81.6413,1.0043,27,0.6923,0.4286,7,4,0,0,0,4,0,1.0000
4,244.0000,37,2,708.3190,-86.4517,-0.4758,3,0.0750,1.0000,8,7,6,0,0,7,6,0.1429
4,244.0000,37,3,432.9306,-84.4552,0.2346,11,0.2750,1.0000,6,8,6,0,0,8,6,0.2500
4,244.0000,37,5,636.5473,-87.2576,0.5632,4,0.1000,0.8571,7,7,5,0,0,7,5,0.2857
4,244.0000,37,6,716.7280,-86.1638,0.3524,3,0.0750,0.8750,8,7,6,0,0,7,6,0.1429
4,244.0000,37,7,699.4715,-85.7967,1.2823,5,0.1250,0.7143,7,6,4,0,0,6,4,0.3333
4,244.0000,37,10,201.7135,-74.2721,-0.5426,35,0.8750,0.3333,6,5,1,0,0,5,1,0.8000
4,244.0000,37,11,376.4739,-80.4788,0.1725,14,0.3500,0.7143,7,6,3,0,0,6,3,0.5000
4,244.0000,37,14,539.6571,-84.7451,0.3146,10,0.2500,0.8571,7,5,4,0,0,5,4,0.2000
4,244.0000,37,16,571.4136,-84.7080,-0.4332,9,0.2250,1.0000,8,10,8,0,0,10,8,0.2000
4,244.0000,37,17,440.4275,-82.4210,-0.0139,17,0.4250,0.8571,7,7,5,0,0,7,5,0.2857
4,244.0000,37,20,819.9997,-89.2257,0.4642,3,0.0750,0.8571,7,6,4,0,0,6,4,0.3333
4,244.0000,37,22,766.4171,-86.6326,-0.0672,3,0.0750,0.8571,7,8,8,0,0,8,8,0.0000
4,244.0000,37,23,605.9312,-86.8956,0.9797,7,0.1750,0.7143,7,8,7,0,0,8,7,0.1250
4,244.0000,37,26,640.4429,-85.3613,1.4276,4,0.1000,1.0000,8,8,8,0,0,8,8,0.0000
4,244.0000,37,29,527.7926,-85.5771,-0.4925,7,0.1750,0.8750,8,7,5,0,0,7,5,0.2857
4,244.0000,37,33,398.5721,-83.1539,0.5508,12,0.3000,0.8571,7,6,4,0,0,6,4,0.3333
4,244.0000,37,34,726.5967,-86.7722,-0.0663,5,0.1250,1.0000,6,6,4,0,0,6,4,0.3333
4,244.0000,37,35,240.8907,-76.7615,0.2451,28,0.7000,0.4000,5,5,1,0,0,5,1,0.8000
4,244.0000,37,38,817.4554,-87.1895,-1.6242,3,0.0750,1.0000,6,8,8,0,0,8,8,0.0000
4,244.0000,37,41,783.2886,-88.0470,0.6932,3,0.0750,0.6667,6,8,7,0,0,8,7,0.1250
4,244.0000,37,43,267.7408,-80.3598,1.1052,16,0.4000,0.8571,7,5,1,0,0,5,1,0.8000
4,244.0000,37,47,706.5664,-86.8803,-1.1730,6,0.1500,0.8889,9,8,7,0,0,8,7,0.1250
4,244.0000,38,2,237.1968,-75.3685,-0.3855,34,0.8500,0.0000,4,6,4,0,0,6,4,0.3333
4,244.0000,38,3,508.3682,-83.1530,-0.3533,11,0.2750,0.8571,7,6,4,0,0,6,4,0.3333
4,244.0000,38,4,872.3272,-86.6192,-0.7608,3,0.0750,1.0000,8,8,7,0,0,8,7,0.1250
4,244.0000,38,5,389.0262,-83.0948,1.7756,7,0.1750,0.8571,7,6,3,0,0,6,3,0.5000
4,244.0000,38,6,445.5195,-81.7060,-0.1370,11,0.2750,0.8750,8,8,8,0,0,8,8,0.0000
4,244.0000,38,7,348.4358,-78.5077,-0.7705,29,0.7250,0.5000,6,6,4,0,0,6,4,0.3333
4,244.0000,38,8,566.2591,-83.6502,0.4273,6,0.1500,0.8571,7,7,6,0,0,7,6,0.1429
4,244.0000,38,11,701.2015,-86.7700,-0.4683,3,0.0750,0.8571,7,6,4,0,0,6,4,0.3333
4,244.0000,38,12,420.9715,-82.2672,0.1626,9,0.2250,0.7143,7,7,6,0,0,7,6,0.1429
4,244.0000,38,14,599.5858,-84.4461,1.3592,4,0.1000,0.8571,7,7,5,0,0,7,5,0.2857
4,244.0000,38,16,300.3856,-79.0716,0.8946,18,0.4500,0.3333,6,6,3,0,0,6,3,0.5000
4,244.0000,38,20,318.8129,-79.6516,0.1840,20,0.5000,0.3333,6,7,5,0,0,7,5,0.2857
4,244.0000,38,22,627.0182,-85.3430,0.1155,10,0.2500,0.2000,5,8,8,0,0,8,8,0.0000
4,244.0000,38,23,661.3749,-85.1769,-0.2286,8,0.2000,0.8571,7,8,8,0,0,8,8,0.0000
4,244.0000,38,24,135.6963,-74.3587,1.5314,36,0.9000,0.0000,4,5,1,0,0,5,1,0.8000
4,244.0000,38,26,357.7888,-81.7160,0.3829,15,0.3750,0.4000,5,6,4,0,0,6,4,0.3333
4,244.0000,38,29,704.0210,-84.8533,-0.0307,3,0.0750,0.8571,7,8,8,0,0,8,8,0.0000
4,244.0000,38,33,565.3797,-82.4886,-0.5671,11,0.2750,0.8571,7,9,8,0,0,9,8,0.1111
4,244.0000,38,34,450.2885,-84.1179,0.7826,10,0.2500,0.5714,7,6,4,0,0,6,4,0.3333
4,244.0000,38,35,677.2505,-85.5887,-0.0140,4,0.1000,0.8571,7,8,8,0,0,8,8,0.0000
4,244.0000,38,37,817.4554,-85.5073,1.1847,4,0.1000,0.8750,8,8,8,0,0,8,8,0.0000
4,244.0000,38,41,257.5509,-75.5940,-1.1613,33,0.8250,0.0000,4,5,1,0,0,5,1,0.8000
4,244.0000,38,43,665.1957,-83.5548,-0.4789,8,0.2000,0.7500,8,8,7,0,0,8,7,0.1250
4,244.0000,38,47,180.8044,-73.9393,-0.7654,34,0.8500,0.0000,4,6,3,0,0,6,3,0.5000
4,244.0000,39,0,546.9490,-85.1050,0.0417,23,0.5750,0.7500,8,7,6,0,0,7,6,0.1429
4,244.0000,39,1,574.7971,-84.1054,-0.3500,23,0.5750,0.7143,7,8,8,0,0,8,8,0.0000
4,244.0000,39,9,351.1257,-81.9702,-0.1307,30,0.7500,0.5000,6,5,2,0,0,5,2,0.6000
4,244.0000,39,15,525.3260,-83.3599,0.0808,26,0.6500,0.8750,8,5,2,0,0,5,2,0.6000
4,244.0000,39,18,972.3886,-88.9467,0.4569,3,0.0750,1.0000,8,6,6,0,0,6,6,0.0000
4,244.0000,39,19,467.8183,-82.1216,-0.1349,23,0.5750,0.5000,6,7,5,0,0,7,5,0.2857
4,244.0000,39,21,544.0774,-83.4183,-0.2581,25,0.6250,0.6250,8,7,6,0,0,7,6,0.1429
4,244.0000,39,25,517.9523,-83.5699,-0.4915,21,0.5250,0.3333,6,6,4,0,0,6,4,0.3333
4,244.0000,39,27,721.5467,-85.5634,-0.1005,10,0.2500,1.0000,8,8,8,0,0,8,8,0.0000
4,244.0000,39,28,75.8820,-66.7113,0.4380,39,0.9750,0.0000,4,4,0,0,0,4,0,1.0000
4,244.0000,39,30,377.3541,-81.7862,-0.3697,36,0.9000,0.4000,5,7,4,0,0,7,4,0.4286
4,244.0000,39,32,446.2843,-80.9047,-0.5775,30,0.7500,0.0000,4,6,4,0,0,6,4,0.3333
4,244.0000,39,36,469.8555,-81.5897,-0.5883,26,0.6500,0.6667,6,6,4,0,0,6,4,0.3333
4,244.0000,39,40,407.1166,-82.2173,0.2387,27,0.6750,0.0000,4,4,0,0,0,4,0,1.0000
4,244.0000,39,44,316.0105,-78.8329,0.3491,36,0.9000,0.0000,4,6,3,0,0,6,3,0.5000
4,244.0000,39,46,577.0971,-84.9615,0.2281,17,0.4250,0.8750,8,7,6,0,0,7,6,0.1429
4,244.0000,40,0,210.3842,-75.4857,-0.1568,37,0.9024,0.2000,5,4,0,0,0,4,0,1.0000
4,244.0000,40,1,434.6934,-82.0245,-0.2687,27,0.6585,0.4000,5,7,4,0,0,7,4,0.4286
4,244.0000,40,9,166.2720,-70.1928,-1.5788,37,0.9024,0.2500,4,4,0,0,0,4,0,1.0000
4,244.0000,40,13,1050.1401,-88.7653,-0.5796,5,0.1220,1.0000,8,4,4,0,0,4,4,0.0000
4,244.0000,40,15,782.4065,-87.8350,-0.3545,9,0.2195,0.8750,8,8,8,0,0,8,8,0.0000
4,244.0000,40,18,960.4708,-87.6537,-1.0240,3,0.0732,0.8750,8,8,8,0,0,8,8,0.0000
4,244.0000,40,19,444.7466,-83.2188,-0.2038,27,0.6585,0.7143,7,7,4,0,0,7,4,0.4286
4,244.0000,40,21,545.0539,-83.8382,-0.3740,27,0.6585,0.6667,6,8,8,121,105,129,113,0.1240
4,244.0000,40,25,406.9562,-81.3880,-0.5613,30,0.7317,0.0000,4,9,8,0,0,9,8,0.1111
4,244.0000,40,27,801.1594,-87.0352,0.7366,8,0.1951,0.9803,152,8,7,18,18,26,25,0.0385
4,244.0000,40,28,377.0009,-82.6888,0.5402,27,0.6585,0.8750,8,4,0,0,0,4,0,1.0000
4,244.0000,40,30,613.7052,-85.4717,0.2093,19,0.4634,0.6000,5,10,9,0,0,10,9,0.1000
4,244.0000,40,32,706.9115,-86.5172,0.7797,11,0.2683,0.8571,7,8,7,0,0,8,7,0.1250
4,244.0000,40,36,404.7323,-81.6989,0.3239,30,0.7317,0.2000,5,6,2,0,0,6,2,0.6667
4,244.0000,40,39,407.1166,-83.3525,-0.1883,29,0.7073,0.5000,6,4,0,0,0,4,0,1.0000
4,244.0000,40,44,540.9811,-84.7297,0.2662,23,0.5610,0.8571,7,7,6,0,0,7,6,0.1429
4,244.0000,40,45,1097.5433,-87.9956,-0.9019,4,0.0976,1.0000,2,4,4,0,0,4,4,0.0000
4,244.0000,40,46,373.0784,-81.6779,0.0293,30,0.7317,0.0000,4,5,1,0,0,5,1,0.8000
4,244.0000,41,2,211.6104,-71.8557,-1.9614,32,0.8000,0.2000,5,8,7,0,0,8,7,0.1250
4,244.0000,41,3,387.9127,-81.8215,-0.4916,21,0.5250,0.4000,5,7,4,0,0,7,4,0.4286
4,244.0000,41,4,1005.6491,-88.5983,-0.1531,3,0.0750,1.0000,8,6,6,0,0,6,6,0.0000
4,244.0000,41,5,569.5905,-84.8123,-0.4112,8,0.2000,0.8750,8,7,5,0,0,7,5,0.2857
4,244.0000,41,6,651.4814,-84.6115,0.1128,11,0.2750,0.7500,8,8,8,0,0,8,8,0.0000
4,244.0000,41,7,196.6294,-75.9940,0.4886,35,0.8750,0.3333,6,5,1,0,0,5,1,0.8000
4,244.0000,41,8,775.3862,-86.6919,0.5877,7,0.1750,1.0000,8,8,8,0,0,8,8,0.0000
4,244.0000,41,10,831.1477,-88.4621,-0.6747,6,0.1500,1.0000,6,8,8,0,0,8,8,0.0000
4,244.0000,41,11,777.9841,-86.9339,0.3991,8,0.2000,0.7143,7,8,8,0,0,8,8,0.0000
4,244.0000,41,12,603.4432,-84.5363,0.7912,11,0.2750,0.8571,7,7,5,0,0,7,5,0.2857
4,244.0000,41,14,743.6870,-87.2678,0.0597,7,0.1750,1.0000,8,8,8,0,0,8,8,0.0000
4,244.0000,41,16,256.9773,-77.7638,0.5088,22,0.5500,0.8571,7,5,2,0,0,5,2,0.6000
4,244.0000,41,17,928.0269,-86.7361,1.3702,3,0.0750,1.0000,6,8,8,0,0,8,8,0.0000
4,244.0000,41,20,489.9733,-82.3964,-1.0748,15,0.3750,0.8571,7,6,4,0,0,6,4,0.3333
4,244.0000,41,22,383.6474,-82.0695,0.0166,19,0.4750,0.7143,7,6,4,0,0,6,4,0.3333
4,244.0000,41,23,457.7385,-82.1446,-0.7393,17,0.4250,0.7500,8,6,3,0,0,6,3,0.5000
4,244.0000,41,24,382.2048,-80.5785,-0.2238,23,0.5750,0.7143,7,6,3,0,0,6,3,0.5000
4,244.0000,41,26,500.5760,-83.8189,1.3477,11,0.2750,1.0000,8,7,5,0,0,7,5,0.2857
4,244.0000,41,29,822.4958,-87.6700,0.7963,5,0.1250,1.0000,8,7,6,0,0,7,6,0.1429
4,244.0000,41,33,433.0853,-80.8532,-0.8786,15,0.3750,0.8571,7,6,4,0,0,6,4,0.3333
4,244.0000,41,34,658.9847,-84.8416,-2.1385,8,0.2000,1.0000,8,10,10,0,0,10,10,0.0000
4,244.0000,41,35,585.1470,-84.3405,0.2393,10,0.2500,1.0000,8,5,1,0,0,5,1,0.8000
4,244.0000,41,37,783.2886,-87.1275,-0.2919,5,0.1250,0.8571,7,6,3,0,0,6,3,0.5000
4,244.0000,41,38,257.5509,-74.1279,-1.8284,31,0.7750,0.4000,5,6,4,0,0,6,4,0.3333
4,244.0000,41,42,1092.5599,-88.9411,-0.1644,3,0.0750,1.0000,6,2,2,0,0,2,2,0.0000
4,244.0000,41,43,622.9333,-84.0353,-0.4744,13,0.3250,0.8571,7,7,5,0,0,7,5,0.2857
4,244.0000,41,47,382.0631,-78.2318,-0.6833,20,0.5000,0.0000,4,7,6,0,0,7,6,0.1429
4,244.0000,42,2,894.2958,-87.6818,-0.2708,3,0.0750,1.0000,8,8,7,0,0,8,7,0.1250
4,244.0000,42,4,160.2278,-73.6571,0.0480,32,0.8000,0.2000,5,5,1,0,0,5,1,0.8000
4,244.0000,42,5,625.9954,-83.8982,0.0803,7,0.1750,0.8750,8,8,8,0,0,8,8,0.0000
4,244.0000,42,6,594.4281,-85.6972,-0.3902,8,0.2000,1.0000,8,8,8,0,0,8,8,0.0000
4,244.0000,42,11,563.6884,-84.3098,0.5957,10,0.2500,0.6667,6,8,8,0,0,8,8,0.0000
4,244.0000,42,12,563.0350,-84.8464,0.1324,9,0.2250,1.0000,8,8,7,0,0,8,7,0.1250
4,244.0000,42,13,458.0099,-82.9972,-0.5202,16,0.4000,0.8750,8,8,6,0,0,8,6,0.2500
4,244.0000,42,14,548.9348,-83.7469,0.7053,11,0.2750,0.8750,8,8,8,0,0,8,8,0.0000
4,244.0000,42,16,878.9716,-87.3486,-1.5747,5,0.1250,1.0000,8,8,8,0,0,8,8,0.0000
4,244.0000,42,17,713.1372,-85.9633,-0.5662,7,0.1750,1.0000,8,8,8,0,0,8,8,0.0000
4,244.0000,42,18,651.2448,-84.6169,0.5147,7,0.1750,0.8571,7,8,7,0,0,8,7,0.1250
4,244.0000,42,20,653.3527,-86.9703,-0.0276,4,0.1000,1.0000,8,8,8,0,0,8,8,0.0000
4,244.0000,42,26,597.2636,-83.5619,0.0765,13,0.3250,0.8571,7,8,8,0,0,8,8,0.0000
4,244.0000,42,29,423.0600,-79.7460,-0.6589,19,0.4750,0.6667,6,8,8,0,0,8,8,0.0000
4,244.0000,42,31,400.0068,-81.4663,0.5280,22,0.5500,0.4000,5,7,5,0,0,7,5,0.2857
4,244.0000,42,33,1043.7532,-88.0634,-0.9355,3,0.0750,1.0000,2,8,8,0,0,8,8,0.0000
4,244.0000,42,34,600.7743,-84.8320,-0.0408,7,0.1750,0.8571,7,8,8,0,0,8,8,0.0000
4,244.0000,42,38,932.6106,-87.7292,-0.1764,4,0.1000,1.0000,6,4,4,0,0,4,4,0.0000
4,244.0000,42,43,810.4511,-85.8563,0.2954,6,0.1500,1.0000,8,8,7,0,0,8,7,0.1250
4,244.0000,42,45,709.4211,-87.1560,-1.4895,4,0.1000,0.8571,7,6,6,0,0,6,6,0.0000
4,244.0000,43,2,504.3262,-84.1034,0.0007,16,0.4000,0.3333,6,6,3,0,0,6,3,0.5000
4,244.0000,43,3,268.1070,-78.3543,0.2153,33,0.8250,0.4000,5,5,1,0,0,5,1,0.8000
4,244.0000,43,4,716.1751,-86.1102,-0.6358,8,0.2000,1.0000,8,8,8,0,0,8,8,0.0000
4,244.0000,43,5,536.9468,-85.8949,-1.0649,12,0.3000,0.6667,6,7,6,0,0,7,6,0.1429
4,244.0000,43,6,629.3529,-86.1332,-0.2098,12,0.3000,0.5714,7,8,8,0,0,8,8,0.0000
4,244.0000,43,7,604.3812,-84.6906,-0.3844,16,0.4000,0.8571,7,6,4,0,0,6,4,0.3333
4,244.0000,43,8,996.5593,-88.9558,-0.5888,5,0.1250,1.0000,8,8,8,0,0,8,8,0.0000
4,244.0000,43,10,213.3545,-79.0816,1.3112,34,0.8500,0.3333,6,4,0,0,0,4,0,1.0000
4,244.0000,43,11,338.6833,-80.7333,-0.5886,21,0.5250,0.6667,6,8,7,0,0,8,7,0.1250
4,244.0000,43,12,673.0260,-86.6163,0.0735,8,0.2000,1.0000,8,8,7,0,0,8,7,0.1250
4,244.0000,43,14,504.7559,-83.4786,-0.3720,14,0.3500,0.2000,5,7,6,0,0,7,6,0.1429
4,244.0000,43,16,385.5906,-78.4699,-1.6852,25,0.6250,0.4000,5,8,8,0,0,8,8,0.0000
4,244.0000,43,17,337.6345,-80.5042,-0.0338,31,0.7750,0.4000,5,5,2,0,0,5,2,0.6000
4,244.0000,43,20,620.7398,-83.9451,0.6708,13,0.3250,0.5000,6,8,6,0,0,8,6,0.2500
4,244.0000,43,22,607.0331,-85.5179,-0.3866,21,0.5250,1.0000,8,7,6,0,0,7,6,0.1429
4,244.0000,43,23,448.4897,-81.7562,0.1590,26,0.6500,0.7143,7,7,6,0,0,7,6,0.1429
4,244.0000,43,24,760.0948,-87.0238,-0.3744,10,0.2500,1.0000,8,8,8,0,0,8,8,0.0000
4,244.0000,43,26,465.4326,-82.6046,-1.1144,17,0.4250,0.6667,6,7,6,0,0,7,6,0.1429
4,244.0000,43,29,459.2523,-83.9877,0.6804,13,0.3250,0.5000,6,6,3,0,0,6,3,0.5000
4,244.0000,43,31,1132.7897,-89.2577,-0.4814,3,0.0750,1.0000,4,2,2,0,0,2,2,0.0000
4,244.0000,43,33,298.3606,-78.5696,0.0804,32,0.8000,0.5000,6,6,3,0,0,6,3,0.5000
4,244.0000,43,34,642.5380,-85.9281,-1.5501,11,0.2750,0.8750,8,7,6,0,0,7,6,0.1429
4,244.0000,43,35,251.4298,-76.7555,-0.5231,37,0.9250,0.2000,5,6,3,0,0,6,3,0.5000
4,244.0000,43,37,267.7408,-80.0516,0.7212,33,0.8250,0.3333,6,5,2,0,0,5,2,0.6000
4,244.0000,43,38,665.1957,-85.1156,-0.7932,14,0.3500,0.8750,8,7,6,0,0,7,6,0.1429
4,244.0000,43,41,622.9333,-85.0033,-0.0517,15,0.3750,0.8750,8,8,7,0,0,8,7,0.1250
4,244.0000,43,42,810.4511,-87.2916,-1.0988,6,0.1500,1.0000,8,7,4,0,0,7,4,0.4286
4,244.0000,43,47,576.8758,-84.3788,-0.0128,14,0.3500,0.7143,7,8,8,0,0,8,8,0.0000
4,244.0000,44,0,651.7587,-85.9409,-0.0714,11,0.2750,0.5000,6,8,7,0,0,8,7,0.1250
4,244.0000,44,1,689.2542,-85.7980,0.4099,12,0.3000,1.0000,8,8,7,0,0,8,7,0.1250
4,244.0000,44,9,446.0727,-83.4761,-0.1348,25,0.6250,0.8750,8,7,5,0,0,7,5,0.2857
4,244.0000,44,15,397.9013,-82.6620,0.5222,22,0.5500,0.7143,7,4,0,0,0,4,0,1.0000
4,244.0000,44,19,574.4154,-84.6781,-0.4105,18,0.4500,0.8571,7,7,6,0,0,7,6,0.1429
4,244.0000,44,21,358.8917,-80.7892,-0.0705,32,0.8000,0.5000,6,5,2,0,0,5,2,0.6000
4,244.0000,44,25,601.5511,-84.5390,0.5853,15,0.3750,0.7143,7,7,6,0,0,7,6,0.1429
4,244.0000,44,27,598.0830,-84.8001,-0.5982,11,0.2750,1.0000,8,7,6,21,16,28,22,0.2143
4,244.0000,44,28,257.0230,-76.7404,-0.7724,32,0.8000,0.4000,5,5,1,0,0,5,1,0.8000
4,244.0000,44,30,246.3120,-74.2350,-1.8797,36,0.9000,0.0000,4,5,2,0,0,5,2,0.6000
4,244.0000,44,32,311.8785,-80.1125,0.4827,28,0.7000,0.2000,5,4,0,0,0,4,0,1.0000
4,244.0000,44,36,501.1268,-82.9378,-0.1970,20,0.5000,1.0000,8,6,4,0,0,6,4,0.3333
4,244.0000,44,39,316.0105,-79.0574,-0.6157,32,0.8000,0.3333,6,5,2,0,0,5,2,0.6000
4,244.0000,44,40,540.9811,-85.0467,-0.0136,22,0.5500,0.7143,7,8,7,0,0,8,7,0.1250
4,244.0000,44,45,907.9226,-87.0653,1.0677,3,0.0750,1.0000,8,8,8,0,0,8,8,0.0000
4,244.0000,44,46,751.3780,-86.5397,-0.3182,8,0.2000,1.0000,8,8,7,0,0,8,7,0.1250
4,244.0000,45,1,845.8146,-86.5613,9.9143,3,0.0750,1.0000,8,7,6,0,0,7,6,0.1429
4,244.0000,45,8,282.6877,-81.0110,-0.0400,15,0.3750,0.2000,5,5,2,0,0,5,2,0.6000
4,244.0000,45,12,516.9654,-84.1395,-0.7872,6,0.1500,1.0000,8,8,8,0,0,8,8,0.0000
4,244.0000,45,13,647.2111,-85.1443,1.9363,4,0.1000,1.0000,8,8,8,0,0,8,8,0.0000
4,244.0000,45,15,672.2716,-84.7841,0.5458,8,0.2000,0.9000,10,8,8,0,0,8,8,0.0000
4,244.0000,45,18,621.7752,-84.9756,-0.3617,5,0.1250,0.8571,7,8,8,0,0,8,8,0.0000
4,244.0000,45,19,794.4218,-85.4012,0.6839,3,0.0750,0.8571,7,8,8,0,0,8,8,0.0000
4,244.0000,45,20,606.6528,-85.8710,2.2665,3,0.0750,1.0000,6,8,8,0,0,8,8,0.0000
4,244.0000,45,21,628.0783,-84.5066,-0.3221,10,0.2500,1.0000,8,8,8,0,0,8,8,0.0000
4,244.0000,45,25,787.1156,-86.5742,0.0268,6,0.1500,1.0000,8,8,8,0,0,8,8,0.0000
4,244.0000,45,27,355.2246,-80.2296,0.6529,22,0.5500,0.6667,6,8,7,0,0,8,7,0.1250
4,244.0000,45,31,734.2384,-84.8370,-0.0218,5,0.1250,1.0000,8,8,8,0,0,8,8,0.0000
4,244.0000,45,32,716.1953,-85.9807,0.1285,4,0.1000,1.0000,8,7,6,0,0,7,6,0.1429
4,244.0000,45,36,724.4612,-84.4843,-0.4355,6,0.1500,0.6667,6,7,6,0,0,7,6,0.1429
4,244.0000,45,42,709.4211,-86.2368,1.6641,4,0.1000,1.0000,8,8,8,0,0,8,8,0.0000
4,244.0000,45,44,907.9226,-88.0218,0.3945,4,0.1000,0.8750,8,8,8,0,0,8,8,0.0000
4,244.0000,46,0,246.3600,-77.8157,0.4745,37,0.9250,0.0000,4,3,0,0,0,3,0,1.0000
4,244.0000,46,1,176.4345,-71.8280,-0.9109,32,0.8000,0.0000,4,5,1,0,0,5,1,0.8000
4,244.0000,46,9,338.4964,-81.0469,0.4698,27,0.6750,0.2000,5,4,0,0,0,4,0,1.0000
4,244.0000,46,13,775.4672,-85.5470,2.1876,6,0.1500,1.0000,8,8,8,0,0,8,8,0.0000
4,244.0000,46,18,687.0189,-84.3744,-1.2162,9,0.2250,0.7143,7,8,8,0,0,8,8,0.0000
4,244.0000,46,19,281.2388,-79.6685,0.7209,23,0.5750,0.4000,5,4,0,0,0,4,0,1.0000
4,244.0000,46,21,661.6782,-85.1682,-0.7913,10,0.2500,1.0000,8,8,7,0,0,8,7,0.1250
4,244.0000,46,25,244.1944,-76.7850,-0.0184,28,0.7000,0.0000,4,6,2,0,0,6,2,0.6667
4,244.0000,46,27,745.0905,-86.6383,0.6310,9,0.2250,0.8750,8,8,8,0,0,8,8,0.0000
4,244.0000,46,28,572.9014,-85.2425,0.0632,16,0.4000,1.0000,8,7,6,0,0,7,6,0.1429
4,244.0000,46,30,894.5495,-87.9942,0.2146,7,0.1750,1.0000,8,8,8,0,0,8,8,0.0000
4,244.0000,46,31,893.4704,-88.5836,-0.0718,3,0.0750,1.0000,8,8,8,0,0,8,8,0.0000
4,244.0000,46,32,767.3398,-86.6778,0.5365,10,0.2500,1.0000,8,7,6,0,0,7,6,0.1429
4,244.0000,46,36,346.5793,-80.9834,0.8248,23,0.5750,0.2000,5,6,4,0,0,6,4,0.3333
4,244.0000,46,39,577.0971,-84.7534,0.5645,18,0.4500,0.8750,8,8,5,0,0,8,5,0.3750
4,244.0000,46,40,373.0784,-81.7887,0.2037,29,0.7250,0.7143,7,6,4,0,0,6,4,0.3333
4,244.0000,46,44,751.3780,-87.3130,0.0774,6,0.1500,1.0000,8,6,4,0,0,6,4,0.3333
4,244.0000,46,45,1020.3211,-88.5678,0.1550,3,0.0750,1.0000,6,4,4,0,0,4,4,0.0000
4,244.0000,47,2,293.7915,-78.7114,-0.1684,34,0.8500,0.5000,6,6,3,0,0,6,3,0.5000
4,244.0000,47,3,486.9708,-83.7967,-0.5071,25,0.6250,0.7143,7,5,2,0,0,5,2,0.6000
4,244.0000,47,4,749.3115,-86.4167,0.4961,11,0.2750,0.6667,6,8,8,0,0,8,8,0.0000
4,244.0000,47,5,210.2594,-78.4382,1.3523,36,0.9000,0.5000,6,4,0,0,0,4,0,1.0000
4,244.0000,47,6,274.3548,-78.2782,-0.2480,35,0.8750,0.5000,6,5,1,0,0,5,1,0.8000
4,244.0000,47,7,417.0998,-80.9144,-0.3854,31,0.7750,0.5000,6,7,6,0,0,7,6,0.1429
4,244.0000,47,8,567.8046,-85.9513,0.5638,18,0.4500,0.7143,7,7,6,0,0,7,6,0.1429
4,244.0000,47,10,751.2891,-86.6024,-0.7347,12,0.3000,1.0000,6,6,4,0,0,6,4,0.3333
4,244.0000,47,11,544.1449,-84.1165,0.1734,19,0.4750,0.8750,8,8,5,0,0,8,5,0.3750
4,244.0000,47,12,356.2932,-81.8112,0.7870,27,0.6750,0.8571,7,6,2,0,0,6,2,0.6667
4,244.0000,47,13,1021.2112,-88.8387,-0.4202,6,0.1500,1.0000,4,4,4,0,0,4,4,0.0000
4,244.0000,47,14,420.9043,-83.1818,0.6356,26,0.6500,0.7500,8,5,2,0,0,5,2,0.6000
4,244.0000,47,16,292.1348,-79.3663,0.0168,28,0.7000,0.5714,7,7,6,0,0,7,6,0.1429
4,244.0000,47,17,830.2502,-87.9650,-0.5821,8,0.2000,0.4000,5,8,8,0,0,8,8,0.0000
4,244.0000,47,18,1015.4341,-88.3011,0.2682,9,0.2250,1.0000,2,6,6,0,0,6,6,0.0000
4,244.0000,47,20,276.4443,-78.7606,0.6782,31,0.7750,0.5714,7,5,1,0,0,5,1,0.8000
4,244.0000,47,22,706.1982,-85.9194,-0.2544,22,0.5500,0.5000,6,7,6,0,0,7,6,0.1429
4,244.0000,47,23,693.2308,-85.7326,0.0583,21,0.5250,1.0000,8,7,6,0,0,7,6,0.1429
4,244.0000,47,24,199.7222,-77.1260,0.8145,39,0.9750,0.5000,6,4,0,0,0,4,0,1.0000
4,244.0000,47,26,231.7209,-79.3839,1.6903,31,0.7750,0.3333,6,5,1,0,0,5,1,0.8000
4,244.0000,47,29,539.0196,-84.8897,0.8082,15,0.3750,0.6667,6,6,4,0,0,6,4,0.3333
4,244.0000,47,31,981.5821,-88.6918,-0.0022,4,0.1000,1.0000,4,4,4,0,0,4,4,0.0000
4,244.0000,47,33,541.6018,-83.5745,-0.2736,23,0.5750,0.7500,8,8,8,0,0,8,8,0.0000
4,244.0000,47,34,280.2602,-80.8664,1.1782,29,0.7250,0.3333,6,5,1,0,0,5,1,0.8000
4,244.0000,47,35,613.2004,-85.6622,-0.0080,17,0.4250,0.7143,7,6,4,0,0,6,4,0.3333
4,244.0000,47,37,706.5664,-87.2461,0.2253,12,0.3000,1.0000,8,8,7,0,0,8,7,0.1250
4,244.0000,47,38,180.8044,-72.7904,-0.6763,37,0.9250,0.0000,4,4,0,0,0,4,0,1.0000
4,244.0000,47,41,382.0631,-78.8686,-1.0616,35,0.8750,0.4000,5,7,5,0,0,7,5,0.2857
4,244.0000,47,42,793.8227,-87.4073,-0.3968,9,0.2250,1.0000,6,8,8,0,0,8,8,0.0000
4,244.0000,47,43,576.8758,-85.3521,-0.7556,20,0.5000,0.2000,5,7,5,0,0,7,5,0.2857
4,244.0000,47,45,800.6048,-87.6259,0.9612,8,0.2000,,0,6,5,0,0,6,5,0.1667
4,248.0000,0,1,329.3617,-79.6804,0.0725,28,0.7000,0.4000,5,5,1,0,0,5,1,0.8000
4,248.0000,0,9,176.2188,-74.7887,0.4831,37,0.9250,0.2000,5,4,0,0,0,4,0,1.0000
4,248.0000,0,15,654.4799,-86.0044,1.1379,12,0.3000,0.8750,8,6,4,0,0,6,4,0.3333
4,248.0000,0,19,314.8347,-79.8451,0.5189,30,0.7500,0.4000,5,5,2,0,0,5,2,0.6000
4,248.0000,0,21,469.3200,-83.1358,-0.0652,18,0.4500,0.8750,8,8,7,0,0,8,7,0.1250
4,248.0000,0,25,314.8632,-79.5903,-0.1662,31,0.7750,0.2000,5,6,2,0,0,6,2,0.6667
4,248.0000,0,27,738.3981,-86.3367,-0.6436,6,0.1500,1.0000,8,7,6,0,0,7,6,0.1429
4,248.0000,0,28,427.6475,-82.7893,0.7096,28,0.7000,0.5000,6,5,2,0,0,5,2,0.6000
4,248.0000,0,30,714.1999,-86.7333,-0.3759,14,0.3500,0.8571,7,5,2,0,0,5,2,0.6000
4,248.0000,0,32,661.7915,-85.8875,0.0120,12,0.3000,1.0000,8,8,8,0,0,8,8,0.0000
4,248.0000,0,36,277.8456,-79.1112,0.0922,30,0.7500,0.0000,5,5,3,0,0,5,3,0.4000
4,248.0000,0,39,511.3665,-84.1418,-0.0485,26,0.6500,0.5000,6,7,4,0,0,7,4,0.4286
4,248.0000,0,40,252.4409,-76.7623,-0.5891,36,0.9000,0.2000,5,5,1,0,0,5,1,0.8000
4,248.0000,0,44,545.2915,-85.5254,0.4457,17,0.4250,0.5000,6,7,4,0,0,7,4,0.4286
4,248.0000,0,46,246.1549,-77.1507,0.0787,37,0.9250,0.2000,5,5,1,0,0,5,1,0.8000
4,248.0000,1,0,329.3617,-79.8853,0.2775,34,0.8500,0.2000,5,5,2,0,0,5,2,0.6000
4,248.0000,1,9,331.5638,-80.5700,-0.7087,33,0.8250,0.2000,5,7,5,0,0,7,5,0.2857
4,248.0000,1,13,601.3481,-85.2075,0.7119,14,0.3500,0.5714,7,8,8,0,0,8,8,0.0000
4,248.0000,1,15,614.5616,-85.7626,0.0292,15,0.3750,0.7143,7,6,4,0,0,6,4,0.3333
4,248.0000,1,18,592.2413,-84.3052,0.0846,16,0.4000,1.0000,8,7,6,0,0,7,6,0.1429
4,248.0000,1,19,94.6637,-70.0754,1.4638,35,0.8750,0.2000,5,4,0,0,0,4,0,1.0000
4,248.0000,1,21,505.6661,-85.0212,-0.4299,19,0.4750,0.8571,7,7,5,0,0,7,5,0.2857
4,248.0000,1,25,97.8528,-68.6886,-0.0953,36,0.9000,0.0000,4,5,1,0,0,5,1,0.8000
4,248.0000,1,27,592.6174,-84.8662,0.3339,15,0.3750,1.0000,8,7,6,19,14,26,20,0.2308
4,248.0000,1,28,596.0524,-84.4880,-0.3407,24,0.6000,0.4000,5,7,6,0,0,7,6,0.1429
4,248.0000,1,30,923.4903,-87.2200,0.2825,8,0.2000,1.0000,4,6,6,0,0,6,6,0.0000
4,248.0000,1,31,703.1055,-85.8441,0.7612,8,0.2000,1.0000,8,8,8,0,0,8,8,0.0000
4,248.0000,1,32,584.7066,-84.7831,0.0091,20,0.5000,0.8571,7,7,5,0,0,7,5,0.2857
4,248.0000,1,36,104.2004,-73.1284,1.4894,36,0.9000,0.0000,4,4,0,0,0,4,0,1.0000
4,248.0000,1,39,654.3741,-85.3803,0.3033,23,0.5750,0.7143,7,7,5,0,0,7,5,0.2857
4,248.0000,1,40,541.2403,-83.4286,-0.4625,30,0.7500,0.7143,7,8,7,0,0,8,7,0.1250
4,248.0000,1,42,959.0891,-88.9867,-0.7881,3,0.0750,1.0000,8,8,8,0,0,8,8,0.0000
4,248.0000,1,44,643.0040,-86.3423,0.1768,18,0.4500,0.7143,7,8,7,0,0,8,7,0.1250
4,248.0000,1,45,849.2849,-86.7053,-0.8668,3,0.0750,1.0000,8,8,7,0,0,8,7,0.1250
4,248.0000,1,46,295.0398,-76.7965,-1.4020,36,0.9000,0.5000,6,6,3,0,0,6,3,0.5000
4,248.0000,2,3,273.3958,-79.4820,1.2768,27,0.6750,0.5714,7,6,4,0,0,6,4,0.3333
4,248.0000,2,4,766.1900,-86.5004,-0.2338,7,0.1750,1.0000,8,8,8,0,0,8,8,0.0000
4,248.0000,2,5,323.0489,-81.8505,1.7573,18,0.4500,0.5000,6,5,1,0,0,5,1,0.8000
4,248.0000,2,6,554.7453,-82.9509,-0.9715,10,0.2500,0.7143,7,6,4,0,0,6,4,0.3333
4,248.0000,2,7,401.3972,-81.8412,0.5458,28,0.7000,0.4000,5,7,6,0,0,7,6,0.1429
4,248.0000,2,8,653.0098,-86.6050,-0.2228,9,0.2250,0.6667,6,7,6,0,0,7,6,0.1429
4,248.0000,2,10,518.9559,-86.1339,0.2344,9,0.2250,0.8750,8,5,1,0,0,5,1,0.8000
4,248.0000,2,11,581.4251,-85.0775,0.0445,11,0.2750,0.4000,5,7,5,0,0,7,5,0.2857
4,248.0000,2,12,311.5340,-80.2198,-0.6365,18,0.4500,0.6667,6,5,1,0,0,5,1,0.8000
4,248.0000,2,14,508.6564,-83.6863,-0.1222,12,0.3000,0.5000,6,8,8,0,0,8,8,0.0000
4,248.0000,2,16,126.1142,-69.4718,0.6951,36,0.9000,0.2000,5,5,1,0,0,5,1,0.8000
4,248.0000,2,17,626.6121,-87.3536,0.6882,7,0.1750,1.0000,8,7,6,0,0,7,6,0.1429
4,248.0000,2,20,282.7244,-78.6382,0.3012,27,0.6750,0.6667,6,5,1,0,0,5,1,0.8000
4,248.0000,2,22,415.3339,-81.8191,0.0344,25,0.6250,0.6667,6,5,1,0,0,5,1,0.8000
4,248.0000,2,23,396.6817,-82.6545,0.6936,26,0.6500,0.3333,6,6,2,0,0,6,2,0.6667
4,248.0000,2,24,374.5889,-80.5995,0.3427,20,0.5000,0.6667,6,5,2,0,0,5,2,0.6000
4,248.0000,2,26,141.5464,-76.5608,2.2432,24,0.6000,0.8571,7,4,0,0,0,4,0,1.0000
4,248.0000,2,29,508.2130,-84.8699,-0.3331,12,0.3000,1.0000,8,8,6,0,0,8,6,0.2500
4,248.0000,2,33,437.3993,-82.6747,-0.3269,23,0.5750,1.0000,8,6,3,0,0,6,3,0.5000
4,248.0000,2,34,438.7343,-83.5584,0.1131,14,0.3500,0.6250,8,7,3,0,0,7,3,0.5714
4,248.0000,2,35,443.5329,-83.6826,0.4979,21,0.5250,0.8571,7,5,2,0,0,5,2,0.6000
4,248.0000,2,37,521.3562,-85.8468,0.5998,15,0.3750,0.8571,7,8,7,0,0,8,7,0.1250
4,248.0000,2,38,358.2053,-79.0812,-0.9523,29,0.7250,0.5000,6,7,5,0,0,7,5,0.2857
4,248.0000,2,41,352.7053,-78.4047,-1.7769,33,0.8250,0.5714,7,6,3,0,0,6,3,0.5000
4,248.0000,2,42,845.5569,-89.1602,-1.1074,3,0.0750,1.0000,8,4,3,0,0,4,3,0.2500
4,248.0000,2,43,516.9131,-84.2666,-0.1830,16,0.4000,0.7143,7,8,7,0,0,8,7,0.1250
4,248.0000,2,47,333.1540,-79.8722,-1.2060,24,0.6000,0.4000,5,7,6,0,0,7,6,0.1429
4,248.0000,3,2,273.3958,-79.1423,1.6027,24,0.6000,0.4000,5,4,0,0,0,4,0,1.0000
4,248.0000,3,4,857.6326,-87.1816,0.1418,8,0.2000,1.0000,8,8,8,0,0,8,8,0.0000
4,248.0000,3,5,410.1905,-83.4201,0.3850,13,0.3250,0.8571,7,6,3,0,0,6,3,0.5000
4,248.0000,3,6,682.7208,-85.9359,-0.0282,11,0.2750,1.0000,8,6,4,0,0,6,4,0.3333
4,248.0000,3,7,356.7779,-80.4714,0.0948,28,0.7000,0.5714,7,5,2,0,0,5,2,0.6000
4,248.0000,3,8,899.3057,-89.2543,-0.0405,5,0.1250,1.0000,8,8,8,0,0,8,8,0.0000
4,248.0000,3,10,337.8562,-81.9402,0.7268,23,0.5750,0.8571,7,4,0,0,0,4,0,1.0000
4,248.0000,3,11,512.5697,-84.8657,0.2775,15,0.3750,0.7143,7,8,7,0,0,8,7,0.1250
4,248.0000,3,12,533.0230,-84.0596,0.7644,10,0.2500,1.0000,8,7,6,0,0,7,6,0.1429
4,248.0000,3,14,568.4187,-86.3519,0.3053,11,0.2750,0.6667,6,6,4,0,0,6,4,0.3333
4,248.0000,3,16,327.8833,-78.8729,-1.0718,24,0.6000,0.6667,6,7,6,0,0,7,6,0.1429
4,248.0000,3,17,495.0143,-84.3206,0.0365,18,0.4500,0.8571,7,7,4,0,0,7,4,0.4286
4,248.0000,3,20,514.8551,-84.2879,-0.0988,13,0.3250,0.6667,6,8,8,0,0,8,8,0.0000
4,248.0000,3,22,365.6119,-80.8822,0.0329,34,0.8500,0.2000,5,7,6,0,0,7,6,0.1429
4,248.0000,3,23,253.2684,-77.7169,0.3547,37,0.9250,0.4000,5,4,0,0,0,4,0,1.0000
4,248.0000,3,24,574.3948,-85.3218,-0.4901,12,0.3000,0.7143,7,8,7,0,0,8,7,0.1250
4,248.0000,3,26,334.9884,-81.5901,0.8998,14,0.3500,0.7143,7,7,4,0,0,7,4,0.4286
4,248.0000,3,29,483.5367,-84.3962,0.4721,14,0.3500,0.6667,6,5,2,0,0,5,2,0.6000
4,248.0000,3,33,174.9247,-72.4943,-1.0486,38,0.9500,0.0000,4,4,0,0,0,4,0,1.0000
4,248.0000,3,34,535.1671,-85.2035,0.0457,11,0.2750,0.8000,5,8,7,0,0,8,7,0.1250
4,248.0000,3,35,207.6955,-75.8586,0.2703,34,0.8500,0.2000,5,5,1,0,0,5,1,0.8000
4,248.0000,3,37,298.5885,-81.0625,1.0295,29,0.7250,0.5000,6,5,2,0,0,5,2,0.6000
4,248.0000,3,38,585.6219,-84.4590,-0.9468,14,0.3500,0.5000,6,8,8,0,0,8,8,0.0000
4,248.0000,3,41,440.3127,-81.2239,-0.5768,26,0.6500,0.2000,5,6,3,0,0,6,3,0.5000
4,248.0000,3,42,947.1716,-88.2272,1.3093,3,0.0750,1.0000,6,6,6,0,0,6,6,0.0000
4,248.0000,3,43,297.2686,-77.9061,0.0380,26,0.6500,0.0000,4,8,7,0,0,8,7,0.1250
4,248.0000,3,47,518.5602,-84.1473,-0.5169,16,0.4000,0.8571,7,8,7,0,0,8,7,0.1250
4,248.0000,4,5,712.9634,-85.3553,-0.4012,7,0.1750,0.8750,8,8,7,0,0,8,7,0.1250
4,248.0000,4,6,583.8236,-84.0584,0.5350,9,0.2250,1.0000,8,5,2,0,0,5,2,0.6000
4,248.0000,4,7,1126.9399,-87.7599,1.3104,3,0.0750,,0,6,6,0,0,6,6,0.0000
4,248.0000,4,8,631.9651,-86.1903,0.3469,7,0.1750,0.7143,7,7,6,0,0,7,6,0.1429
4,248.0000,4,10,715.7933,-86.1397,0.4621,6,0.1500,1.0000,8,8,8,0,0,8,8,0.0000
4,248.0000,4,11,544.6854,-85.8018,-0.6243,9,0.2250,0.8571,7,7,6,0,0,7,6,0.1429
4,248.0000,4,12,533.2350,-83.7895,-0.2116,11,0.2750,1.0000,10,8,8,0,0,8,8,0.0000
4,248.0000,4,13,576.2383,-85.4714,0.1258,13,0.3250,1.0000,8,8,7,0,0,8,7,0.1250
4,248.0000,4,14,590.6121,-84.1254,0.2064,6,0.1500,1.0000,8,6,4,0,0,6,4,0.3333
4,248.0000,4,16,870.2743,-86.8780,-0.0535,3,0.0750,1.0000,8,8,8,0,0,8,8,0.0000
4,248.0000,4,17,635.8529,-85.3773,0.1240,8,0.2000,0.4000,5,8,8,0,0,8,8,0.0000
4,248.0000,4,18,676.6072,-86.5073,0.2406,8,0.2000,0.8000,5,8,8,0,0,8,8,0.0000
4,248.0000,4,20,575.1462,-83.4809,0.0333,8,0.2000,0.8571,7,8,8,0,0,8,8,0.0000
4,248.0000,4,26,685.9720,-86.3102,-0.0212,7,0.1750,1.0000,8,7,6,0,0,7,6,0.1429
4,248.0000,4,27,936.9800,-87.7530,-0.1645,7,0.1750,0.6667,3,4,4,0,0,4,4,0.0000
4,248.0000,4,29,498.2991,-82.8577,1.1079,11,0.2750,1.0000,8,7,6,0,0,7,6,0.1429
4,248.0000,4,31,509.3606,-84.3881,-0.2832,17,0.4250,1.0000,8,7,6,0,0,7,6,0.1429
4,248.0000,4,33,1002.5134,-88.5038,1.1313,3,0.0750,1.0000,8,8,8,0,0,8,8,0.0000
4,248.0000,4,34,666.4733,-84.6254,-0.0449,8,0.2000,1.0000,8,8,8,0,0,8,8,0.0000
4,248.0000,4,35,1038.4068,-88.0576,0.7041,3,0.0750,1.0000,8,6,6,0,0,6,6,0.0000
4,248.0000,4,42,160.5823,-73.1372,-0.2820,32,0.8000,0.4000,5,4,0,0,0,4,0,1.0000
4,248.0000,4,43,797.8284,-85.4914,-0.6350,10,0.2500,0.8750,8,4,4,0,0,4,4,0.0000
4,248.0000,4,45,652.7171,-86.9609,0.6564,6,0.1500,0.8571,7,6,4,0,0,6,4,0.3333
4,248.0000,4,47,735.7996,-87.1894,-1.0452,5,0.1250,0.8571,7,8,8,0,0,8,8,0.0000
4,248.0000,5,2,323.0489,-82.3037,-0.3039,21,0.5250,0.5000,6,4,0,0,0,4,0,1.0000
4,248.0000,5,3,410.1905,-83.3201,0.2621,16,0.4000,0.8571,7,6,3,0,0,6,3,0.5000
4,248.0000,5,4,712.9634,-85.8517,-1.6595,12,0.3000,0.7143,7,7,6,0,0,7,6,0.1429
4,248.0000,5,6,298.2781,-75.0677,-1.8818,36,0.9000,0.2000,5,6,2,0,0,6,2,0.6667
4,248.0000,5,7,490.4606,-85.4170,-0.1820,12,0.3000,0.5000,6,5,2,0,0,5,2,0.6000
4,248.0000,5,8,633.4320,-85.0590,0.3830,12,0.3000,0.7143,7,7,7,0,0,7,7,0.0000
4,248.0000,5,10,516.8389,-84.5384,0.6832,14,0.3500,0.8750,8,6,4,0,0,6,4,0.3333
4,248.0000,5,11,433.4072,-81.9037,0.3051,18,0.4500,0.8750,8,8,6,0,0,8,6,0.2500
4,248.0000,5,12,348.3785,-80.7662,0.4358,27,0.6750,0.6667,6,7,5,0,0,7,5,0.2857
4,248.0000,5,13,1011.7912,-87.5340,-0.8639,6,0.1500,1.0000,8,4,3,0,0,4,3,0.2500
4,248.0000,5,14,225.3538,-75.7113,-0.1884,32,0.8000,0.0000,4,5,2,0,0,5,2,0.6000
4,248.0000,5,16,337.9564,-79.8244,1.1174,19,0.4750,0.3333,6,5,1,0,0,5,1,0.8000
4,248.0000,5,17,673.5131,-85.8982,-0.4383,12,0.3000,0.8889,9,6,2,0,0,6,2,0.6667
4,248.0000,5,18,861.1274,-87.5522,0.1037,7,0.1750,1.0000,6,8,8,0,0,8,8,0.0000
4,248.0000,5,20,326.6725,-79.1569,0.0768,24,0.6000,0.5714,7,7,5,0,0,7,5,0.2857
4,248.0000,5,22,679.6793,-86.2663,-0.4090,12,0.3000,0.5000,6,7,6,0,0,7,6,0.1429
4,248.0000,5,23,634.9244,-85.0277,1.1995,8,0.2000,1.0000,8,5,2,0,0,5,2,0.6000
4,248.0000,5,24,282.1718,-80.0906,0.3281,24,0.6000,0.0000,4,5,1,0,0,5,1,0.8000
4,248.0000,5,26,199.5490,-75.4183,-0.3097,32,0.8000,0.2000,5,6,3,0,0,6,3,0.5000
4,248.0000,5,27,1047.6198,-87.8950,1.1613,4,0.1000,,0,2,2,0,0,2,2,0.0000
4,248.0000,5,29,355.8775,-80.5046,0.2925,23,0.5750,0.0000,4,6,3,0,0,6,3,0.5000
4,248.0000,5,31,866.2130,-86.8903,0.4270,7,0.1750,0.6667,6,6,6,0,0,6,6,0.0000
4,248.0000,5,33,532.4378,-84.9616,0.2828,13,0.3250,0.8750,8,8,8,0,0,8,8,0.0000
4,248.0000,5,34,134.9212,-71.1065,-1.0627,35,0.8750,0.0000,4,4,0,0,0,4,0,1.0000
4,248.0000,5,35,511.9584,-85.6162,1.2315,13,0.3250,0.5714,7,6,4,0,0,6,4,0.3333
4,248.0000,5,37,465.9744,-84.4206,0.7709,14,0.3500,0.8750,8,5,1,0,0,5,1,0.8000
4,248.0000,5,38,381.9309,-81.3599,-0.6569,25,0.6250,0.6000,5,7,4,0,0,7,4,0.4286
4,248.0000,5,41,544.8888,-85.6194,-0.0125,14,0.3500,0.7500,8,7,3,0,0,7,3,0.5714
4,248.0000,5,42,736.9177,-86.0117,-0.8320,11,0.2750,0.8571,7,4,4,0,0,4,4,0.0000
4,248.0000,5,43,556.3500,-84.1997,-0.5470,17,0.4250,0.5000,6,8,8,0,0,8,8,0.0000
4,248.0000,5,45,775.2684,-85.9314,-1.0534,7,0.1750,1.0000,4,6,6,0,0,6,6,0.0000
4,248.0000,5,47,178.9279,-74.1518,0.3856,35,0.8750,0.4000,5,6,2,0,0,6,2,0.6667
4,248.0000,6,2,554.7453,-84.7017,-0.1749,16,0.4000,0.8571,7,5,2,0,0,5,2,0.6000
4,248.0000,6,3,682.7208,-85.4738,0.1046,11,0.2750,0.8571,7,7,6,0,0,7,6,0.1429
4,248.0000,6,4,583.8236,-85.1154,-0.5621,13,0.3250,0.8571,7,6,3,0,0,6,3,0.5000
4,248.0000,6,5,298.2781,-73.9628,-2.7787,29,0.7250,0.2000,5,7,6,0,0,7,6,0.1429
4,248.0000,6,7,780.9176,-85.6922,0.0526,13,0.3250,1.0000,8,6,6,0,0,6,6,0.0000
4,248.0000,6,8,499.6861,-83.6785,-0.1129,12,0.3000,0.8571,7,8,7,0,0,8,7,0.1250
4,248.0000,6,10,692.8505,-84.9177,-0.0166,9,0.2250,1.0000,8,8,8,0,0,8,8,0.0000
4,248.0000,6,11,487.0146,-82.2903,-0.6930,14,0.3500,0.8571,7,7,6,0,0,7,6,0.1429
4,248.0000,6,12,379.1015,-81.5788,-0.2785,23,0.5750,0.7500,8,7,4,0,0,7,4,0.4286
4,248.0000,6,13,737.3997,-86.0442,0.8192,8,0.2000,0.8750,8,6,3,0,0,6,3,0.5000
4,248.0000,6,14,174.1135,-75.2536,0.9733,33,0.8250,0.5000,6,4,0,0,0,4,0,1.0000
4,248.0000,6,16,583.2993,-83.6256,-1.0528,14,0.3500,1.0000,8,7,5,0,0,7,5,0.2857
4,248.0000,6,17,797.0166,-86.6016,0.6056,7,0.1750,0.7143,7,6,6,0,0,6,6,0.0000
4,248.0000,6,18,564.3435,-85.6633,0.9353,7,0.1750,1.0000,4,7,5,0,0,7,5,0.2857
4,248.0000,6,20,380.9945,-80.8091,0.1005,21,0.5250,0.4000,5,6,4,0,0,6,4,0.3333
4,248.0000,6,22,954.5271,-88.3216,-0.2152,3,0.0750,1.0000,4,2,2,0,0,2,2,0.0000
4,248.0000,6,23,909.1994,-87.7225,-0.2724,6,0.1500,1.0000,8,8,8,0,0,8,8,0.0000
4,248.0000,6,24,396.1524,-81.7548,-0.4339,22,0.5500,0.4000,5,8,8,0,0,8,8,0.0000
4,248.0000,6,26,413.5298,-78.7913,-1.2480,21,0.5250,0.8750,8,7,6,0,0,7,6,0.1429
4,248.0000,6,27,818.6124,-87.7745,-0.0901,6,0.1500,1.0000,4,8,8,0,0,8,8,0.0000
4,248.0000,6,29,402.5743,-81.7723,1.1969,18,0.4500,0.7500,8,7,5,0,0,7,5,0.2857
4,248.0000,6,31,590.4374,-85.8254,-0.2483,8,0.2000,0.8571,7,7,5,0,0,7,5,0.2857
4,248.0000,6,33,813.6613,-86.2903,-0.5123,7,0.1750,1.0000,8,8,8,0,0,8,8,0.0000
4,248.0000,6,34,173.6888,-64.8901,-6.5445,37,0.9250,0.2500,4,6,2,0,0,6,2,0.6667
4,248.0000,6,35,800.9542,-86.9352,0.5901,9,0.2250,1.0000,8,8,8,0,0,8,8,0.0000
4,248.0000,6,37,696.3543,-87.5945,-0.1834,9,0.2250,1.0000,8,8,8,0,0,8,8,0.0000
4,248.0000,6,38,515.8949,-83.3689,-0.3636,16,0.4000,0.5714,7,8,8,0,0,8,8,0.0000
4,248.0000,6,42,546.6055,-84.7756,0.6314,13,0.3250,0.8750,8,7,5,0,0,7,5,0.2857
4,248.0000,6,43,761.8935,-84.7223,-0.7512,8,0.2000,1.0000,8,8,8,0,0,8,8,0.0000
4,248.0000,6,45,601.7900,-84.7492,-0.1852,12,0.3000,0.8571,7,6,3,0,0,6,3,0.5000
4,248.0000,6,47,291.2249,-78.5098,0.2140,28,0.7000,0.5000,6,6,4,0,0,6,4,0.3333
4,248.0000,7,2,401.3972,-81.4512,-0.5020,16,0.4000,0.4000,5,8,7,0,0,8,7,0.1250
4,248.0000,7,3,356.7779,-80.5174,0.1508,20,0.5000,0.8571,7,7,5,0,0,7,5,0.2857
4,248.0000,7,5,490.4606,-84.8818,0.3131,11,0.2750,0.7143,7,7,6,0,0,7,6,0.1429
4,248.0000,7,6,780.9176,-86.0464,0.7963,8,0.2000,0.8571,7,8,8,0,0,8,8,0.0000
4,248.0000,7,8,980.2727,-87.6833,-0.1960,3,0.0750,0.8750,8,4,4,0,0,4,4,0.0000
4,248.0000,7,10,666.4564,-86.8110,0.8749,7,0.1750,0.8571,7,5,2,0,0,5,2,0.6000
4,248.0000,7,11,781.7456,-87.9972,1.1288,4,0.1000,1.0000,8,8,8,0,0,8,8,0.0000
4,248.0000,7,12,681.7605,-85.7951,-0.4267,7,0.1750,1.0000,8,8,7,0,0,8,7,0.1250
4,248.0000,7,14,704.7612,-86.3252,0.4477,9,0.2250,0.5714,7,8,8,0,0,8,8,0.0000
4,248.0000,7,16,322.4301,-78.5252,0.8520,20,0.5000,0.7143,7,5,1,0,0,5,1,0.8000
4,248.0000,7,17,848.7595,-87.4889,0.5938,5,0.1250,1.0000,6,7,6,0,0,7,6,0.1429
4,248.0000,7,20,645.2517,-86.2283,1.6933,6,0.1500,0.8571,7,8,8,0,0,8,8,0.0000
4,248.0000,7,22,358.8543,-82.3037,0.6657,26,0.6500,0.4000,5,5,2,0,0,5,2,0.6000
4,248.0000,7,23,392.4193,-83.2413,0.5145,26,0.6500,0.7500,8,5,1,0,0,5,1,0.8000
4,248.0000,7,24,512.9528,-83.1189,-0.5106,17,0.4250,0.8750,8,7,6,0,0,7,6,0.1429
4,248.0000,7,26,460.2806,-85.2266,1.0465,10,0.2500,0.5000,6,7,6,0,0,7,6,0.1429
4,248.0000,7,29,740.2731,-87.1593,0.4065,5,0.1250,1.0000,8,8,8,0,0,8,8,0.0000
4,248.0000,7,33,358.8276,-81.4727,1.1254,24,0.6000,0.6667,6,7,5,0,0,7,5,0.2857
4,248.0000,7,34,616.9619,-85.5591,0.8203,11,0.2750,0.5714,7,8,7,0,0,8,7,0.1250
4,248.0000,7,35,298.3591,-81.4043,1.7031,22,0.5500,0.7143,7,5,2,0,0,5,2,0.6000
4,248.0000,7,37,521.0625,-84.6828,1.8481,12,0.3000,0.8571,7,6,4,0,0,6,4,0.3333
4,248.0000,7,38,493.4784,-81.8506,-1.5201,12,0.3000,0.6667,6,5,2,0,0,5,2,0.6000
4,248.0000,7,41,231.1658,-76.0983,-0.6736,31,0.7750,0.2000,5,5,1,0,0,5,1,0.8000
4,248.0000,7,43,626.3215,-85.1207,0.1271,14,0.3500,0.8750,8,7,6,0,0,7,6,0.1429
4,248.0000,7,47,537.5590,-82.6605,-0.6291,13,0.3250,0.8571,7,7,5,0,0,7,5,0.2857
4,248.0000,8,1,982.9926,-88.9412,-0.7100,3,0.0750,1.0000,4,4,4,0,0,4,4,0.0000
4,248.0000,8,2,653.0098,-85.9436,-0.4179,8,0.2000,0.8750,8,8,8,0,0,8,8,0.0000
4,248.0000,8,3,899.3057,-88.7148,0.1315,6,0.1500,1.0000,8,6,6,0,0,6,6,0.0000
4,248.0000,8,4,631.9651,-85.7508,0.9075,12,0.3000,0.5000,4,8,7,0,0,8,7,0.1250
4,248.0000,8,5,633.4320,-84.9196,-0.3748,11,0.2750,1.0000,8,7,5,0,0,7,5,0.2857
4,248.0000,8,6,499.6861,-84.5264,-0.2459,12,0.3000,1.0000,8,7,6,0,0,7,6,0.1429
4,248.0000,8,11,856.4692,-87.8557,-1.1141,4,0.1000,1.0000,8,8,8,0,0,8,8,0.0000
4,248.0000,8,12,373.0438,-79.6247,-0.5204,21,0.5250,0.8571,7,6,4,0,0,6,4,0.3333
4,248.0000,8,13,779.2006,-87.2497,1.8776,6,0.1500,1.0000,8,7,6,0,0,7,6,0.1429
4,248.0000,8,14,636.5229,-86.8268,-0.3513,9,0.2250,0.8750,8,8,8,0,0,8,8,0.0000
4,248.0000,8,15,916.4872,-87.9943,-0.3500,6,0.1500,1.0000,6,2,2,0,0,2,2,0.0000
4,248.0000,8,16,677.6402,-85.8074,0.5438,10,0.2500,1.0000,8,8,8,0,0,8,8,0.0000
4,248.0000,8,18,624.0820,-87.0733,0.3626,9,0.2250,1.0000,8,8,8,0,0,8,8,0.0000
4,248.0000,8,20,384.8761,-81.4869,-0.7466,20,0.5000,0.7143,7,7,5,0,0,7,5,0.2857
4,248.0000,8,21,800.1237,-86.7761,1.1886,9,0.2250,0.8333,6,2,2,0,0,2,2,0.0000
4,248.0000,8,22,1032.7664,-87.9454,0.1776,3,0.0750,0.8000,5,8,8,0,0,8,8,0.0000
4,248.0000,8,24,525.2964,-83.8895,0.4160,15,0.3750,0.8571,7,7,6,0,0,7,6,0.1429
4,248.0000,8,25,923.0303,-88.1678,0.4843,6,0.1500,1.0000,4,6,6,0,0,6,6,0.0000
4,248.0000,8,26,575.3687,-85.2226,-0.3458,14,0.3500,0.8571,7,7,6,0,0,7,6,0.1429
4,248.0000,8,27,503.9051,-84.4475,-0.2933,15,0.3750,1.0000,8,6,4,0,0,6,4,0.3333
4,248.0000,8,29,757.9187,-86.9369,0.1315,6,0.1500,1.0000,8,8,7,0,0,8,7,0.1250
4,248.0000,8,31,705.2575,-87.4884,1.0770,8,0.2000,1.0000,8,8,8,0,0,8,8,0.0000
4,248.0000,8,32,808.0027,-86.8322,0.2316,10,0.2500,0.8571,7,8,7,0,0,8,7,0.1250
4,248.0000,8,33,1068.3737,-87.7534,-0.2953,4,0.1000,1.0000,6,6,6,0,0,6,6,0.0000
4,248.0000,8,34,592.2143,-84.3122,-0.3794,12,0.3000,1.0000,8,8,7,0,0,8,7,0.1250
4,248.0000,8,36,943.2923,-88.0368,1.0167,3,0.0750,1.0000,6,8,8,0,0,8,8,0.0000
4,248.0000,8,38,538.3028,-85.1418,-0.2016,13,0.3250,1.0000,8,7,5,0,0,7,5,0.2857
4,248.0000,8,41,876.7668,-86.0617,-0.7974,8,0.2000,1.0000,8,5,4,0,0,5,4,0.2000
4,248.0000,8,42,623.3276,-84.5983,0.7326,11,0.2750,0.8571,7,7,6,0,0,7,6,0.1429
4,248.0000,8,43,1040.0259,-89.2867,0.4796,4,0.1000,1.0000,8,2,2,0,0,2,2,0.0000
4,248.0000,8,44,1039.7266,-87.7829,1.0325,3,0.0750,,0,4,4,0,0,4,4,0.0000
4,248.0000,8,45,159.4380,-76.0555,1.2163,37,0.9250,0.5000,6,4,0,0,0,4,0,1.0000
4,248.0000,8,47,496.7777,-85.0985,-0.4051,14,0.3500,0.8750,8,6,5,0,0,6,5,0.1667
4,248.0000,9,0,176.2188,-75.0039,0.6226,40,1.0000,0.0000,4,4,0,0,0,4,0,1.0000
4,248.0000,9,1,331.5638,-81.0135,0.1103,33,0.8250,0.4000,5,5,2,0,0,5,2,0.6000
4,248.0000,9,15,480.0631,-84.2571,0.5566,24,0.6000,0.2000,5,6,3,0,0,6,3,0.5000
4,248.0000,9,18,849.0556,-86.6542,-0.0695,5,0.1250,1.0000,8,8,7,0,0,8,7,0.1250
4,248.0000,9,19,306.1155,-78.5748,0.0509,37,0.9250,0.3333,6,6,3,0,0,6,3,0.5000
4,248.0000,9,21,352.6304,-81.4025,0.4137,35,0.8750,0.5714,7,6,2,0,0,6,2,0.6667
4,248.0000,9,25,275.4003,-78.5548,0.1605,37,0.9250,0.0000,4,4,0,0,0,4,0,1.0000
4,248.0000,9,27,610.8337,-84.2591,0.0858,13,0.3250,1.0000,8,6,4,0,0,6,4,0.3333
4,248.0000,9,28,332.2546,-79.8792,-0.2194,37,0.9250,0.0000,4,6,3,0,0,6,3,0.5000
4,248.0000,9,30,609.5625,-84.6150,0.1557,33,0.8250,0.7143,7,5,2,0,0,5,2,0.6000
4,248.0000,9,31,987.0936,-87.6075,-0.0137,3,0.0750,1.0000,6,4,4,0,0,4,4,0.0000
4,248.0000,9,32,493.1953,-83.7405,0.4743,27,0.6750,0.2000,5,7,6,0,0,7,6,0.1429
4,248.0000,9,36,265.2082,-77.7249,-0.1287,36,0.9000,0.0000,4,5,1,0,0,5,1,0.8000
4,248.0000,9,39,410.8227,-81.4884,-0.0074,39,0.9750,0.2000,5,6,3,0,0,6,3,0.5000
4,248.0000,9,40,287.5661,-76.4900,-1.5411,39,0.9750,0.0000,3,4,0,0,0,4,0,1.0000
4,248.0000,9,44,379.7551,-82.9203,0.6507,34,0.8500,0.2000,5,4,0,0,0,4,0,1.0000
4,248.0000,9,45,927.9113,-88.5808,0.1255,4,0.1000,1.0000,8,8,8,0,0,8,8,0.0000
4,248.0000,9,46,322.9354,-80.8245,0.0495,37,0.9250,0.4000,5,5,2,0,0,5,2,0.6000
4,248.0000,10,2,518.9559,-85.8160,0.2829,10,0.2500,1.0000,8,6,4,0,0,6,4,0.3333
4,248.0000,10,3,337.8562,-81.9097,0.3922,19,0.4750,0.8571,7,6,4,0,0,6,4,0.3333
4,248.0000,10,4,715.7933,-86.0051,-1.0818,11,0.2750,0.8750,8,8,8,0,0,8,8,0.0000
4,248.0000,10,5,516.8389,-85.3607,0.7705,10,0.2500,0.6667,6,5,2,0,0,5,2,0.6000
4,248.0000,10,6,692.8505,-86.6121,0.3174,9,0.2250,0.8571,7,8,8,0,0,8,8,0.0000
4,248.0000,10,7,666.4564,-86.3226,0.8152,8,0.2000,0.8571,7,8,6,0,0,8,6,0.2500
4,248.0000,10,11,289.7969,-79.4629,0.4571,27,0.6750,0.5714,7,4,0,0,0,4,0,1.0000
4,248.0000,10,12,631.0088,-86.5777,0.5093,9,0.2250,1.0000,8,8,8,0,0,8,8,0.0000
4,248.0000,10,14,540.3722,-85.1632,0.0602,13,0.3250,1.0000,8,7,6,0,0,7,6,0.1429
4,248.0000,10,16,611.4277,-84.3012,-0.7317,13,0.3250,0.6667,6,6,4,0,0,6,4,0.3333
4,248.0000,10,17,226.8141,-77.4901,0.1113,35,0.8750,0.3333,6,5,0,0,0,5,0,1.0000
4,248.0000,10,20,634.5568,-85.9925,0.9638,11,0.2750,1.0000,8,8,7,0,0,8,7,0.1250
4,248.0000,10,22,676.8492,-86.5338,0.0250,13,0.3250,1.0000,8,8,7,0,0,8,7,0.1250
4,248.0000,10,23,526.8413,-84.3057,-0.2979,15,0.3750,0.7143,7,7,6,0,0,7,6,0.1429
4,248.0000,10,24,771.3188,-87.3002,0.3081,5,0.1250,0.8571,7,8,8,0,0,8,8,0.0000
4,248.0000,10,26,509.4865,-83.7980,0.6551,10,0.2500,0.7143,7,8,8,0,0,8,8,0.0000
4,248.0000,10,29,324.9162,-82.0426,1.1072,17,0.4250,0.5000,6,8,7,0,0,8,7,0.1250
4,248.0000,10,33,376.6377,-82.2845,1.7667,19,0.4750,1.0000,8,6,4,0,0,6,4,0.3333
4,248.0000,10,34,584.9976,-86.2259,0.5403,11,0.2750,0.8571,7,8,6,0,0,8,6,0.2500
4,248.0000,10,35,428.7252,-81.2781,0.0663,22,0.5500,0.6667,6,6,4,0,0,6,4,0.3333
4,248.0000,10,37,236.2238,-76.5554,-0.3151,32,0.8000,0.2000,5,4,0,0,0,4,0,1.0000
4,248.0000,10,38,824.2337,-87.4032,0.1099,4,0.1000,0.8000,5,8,7,0,0,8,7,0.1250
4,248.0000,10,41,772.6601,-86.6603,-0.3626,7,0.1750,1.0000,8,6,6,0,0,6,6,0.0000
4,248.0000,10,42,806.9669,-87.8572,0.2919,8,0.2000,1.0000,6,7,6,0,0,7,6,0.1429
4,248.0000,10,43,98.7276,-71.3241,2.0184,34,0.8500,0.4000,5,4,0,0,0,4,0,1.0000
4,248.0000,10,45,1109.4960,-88.7664,-0.1826,3,0.0750,1.0000,4,2,2,0,0,2,2,0.0000
4,248.0000,10,47,669.4402,-86.8455,0.2505,9,0.2250,1.0000,8,9,8,0,0,9,8,0.1111
4,248.0000,11,2,581.4251,-85.8146,1.0265,16,0.4000,0.8571,7,6,4,0,0,6,4,0.3333
4,248.0000,11,3,512.5697,-83.4788,0.2162,17,0.4250,0.8571,7,7,5,0,0,7,5,0.2857
4,248.0000,11,4,544.6854,-84.2241,-0.0949,14,0.3500,0.8571,7,8,8,0,0,8,8,0.0000
4,248.0000,11,5,433.4072,-81.9187,-0.4486,22,0.5500,0.7143,7,7,5,0,0,7,5,0.2857
4,248.0000,11,6,487.0146,-83.4765,-0.0341,17,0.4250,0.7500,8,7,6,0,0,7,6,0.1429
4,248.0000,11,7,781.7456,-86.9880,0.3613,10,0.2500,0.8571,7,4,4,0,0,4,4,0.0000
4,248.0000,11,8,856.4692,-89.0414,-0.0903,4,0.1000,1.0000,8,7,6,0,0,7,6,0.1429
4,248.0000,11,10,289.7969,-80.0896,0.6116,25,0.6250,0.5000,6,7,5,0,0,7,5,0.2857
4,248.0000,11,12,559.2809,-85.0248,0.7229,16,0.4000,0.8571,7,7,5,0,0,7,5,0.2857
4,248.0000,11,13,923.5272,-88.1711,0.1078,4,0.1000,1.0000,8,2,2,0,0,2,2,0.0000
4,248.0000,11,14,334.3845,-78.2593,-0.5457,29,0.7250,0.4000,5,8,7,0,0,8,7,0.1250
4,248.0000,11,16,668.3552,-85.8804,-0.2756,13,0.3250,0.6667,9,6,6,0,0,6,6,0.0000
4,248.0000,11,17,382.9352,-81.3158,-0.2824,24,0.6000,0.4000,5,5,2,0,0,5,2,0.6000
4,248.0000,11,18,904.2682,-89.1560,-0.0796,4,0.1000,1.0000,2,8,8,0,0,8,8,0.0000
4,248.0000,11,20,571.6832,-83.9894,0.2729,12,0.3000,0.8571,7,8,7,0,0,8,7,0.1250
4,248.0000,11,22,872.1978,-88.0997,0.4210,5,0.1250,1.0000,8,8,8,0,0,8,8,0.0000
4,248.0000,11,23,749.4400,-86.9566,0.8437,11,0.2750,1.0000,8,8,7,0,0,8,7,0.1250
4,248.0000,11,24,705.3659,-86.2862,0.5287,8,0.2000,0.8750,8,7,6,0,0,7,6,0.1429
4,248.0000,11,26,500.0275,-83.3897,-0.2847,16,0.4000,0.8750,8,5,3,0,0,5,3,0.4000
4,248.0000,11,29,100.6909,-70.8125,0.5340,37,0.9250,0.0000,4,5,1,0,0,5,1,0.8000
4,248.0000,11,31,787.5694,-86.9226,-0.3562,7,0.1750,0.8571,7,4,4,0,0,4,4,0.0000
4,248.0000,11,33,592.9319,-85.1378,-0.0564,16,0.4000,0.7143,7,6,4,0,0,6,4,0.3333
4,248.0000,11,34,430.9228,-83.2678,0.8888,19,0.4750,0.7143,7,8,8,0,0,8,8,0.0000
4,248.0000,11,35,616.4462,-84.0203,-0.6796,17,0.4250,0.8571,7,8,6,0,0,8,6,0.2500
4,248.0000,11,37,387.4293,-81.3415,-0.1909,24,0.6000,0.5000,6,6,4,0,0,6,4,0.3333
4,248.0000,11,38,795.0745,-85.8643,-0.2223,11,0.2750,0.8000,5,5,4,0,0,5,4,0.2000
4,248.0000,11,41,877.6803,-87.3143,0.2116,12,0.3000,1.0000,6,3,2,0,0,3,2,0.3333
4,248.0000,11,42,588.9926,-84.8783,0.4585,13,0.3250,0.8000,5,6,4,0,0,6,4,0.3333
4,248.0000,11,43,385.3740,-80.3807,-0.6693,27,0.6750,0.6667,6,7,5,0,0,7,5,0.2857
4,248.0000,11,45,958.0408,-88.2960,0.3493,6,0.1500,1.0000,6,6,6,0,0,6,6,0.0000
4,248.0000,11,47,581.8118,-85.1296,0.3783,16,0.4000,0.8750,8,8,8,0,0,8,8,0.0000
4,248.0000,12,2,311.5340,-80.7553,0.5349,25,0.6250,0.5000,6,6,3,0,0,6,3,0.5000
4,248.0000,12,3,533.0230,-84.6466,0.1295,11,0.2750,0.8571,7,5,2,0,0,5,2,0.6000
4,248.0000,12,4,533.2350,-83.4000,-0.2638,17,0.4250,0.7500,8,7,5,0,0,7,5,0.2857
4,248.0000,12,5,348.3785,-80.5522,-0.2077,24,0.6000,0.8571,7,6,2,0,0,6,2,0.6667
4,248.0000,12,6,379.1015,-81.5076,0.1572,22,0.5500,0.8571,7,6,3,0,0,6,3,0.5000
4,248.0000,12,7,681.7605,-86.9880,-0.0160,15,0.3750,1.0000,8,8,7,0,0,8,7,0.1250
4,248.0000,12,8,373.0438,-79.9630,-0.3983,33,0.8250,0.7143,7,5,2,0,0,5,2,0.6000
4,248.0000,12,10,631.0088,-85.8425,0.1635,15,0.3750,0.6667,6,7,6,0,0,7,6,0.1429
4,248.0000,12,11,559.2809,-85.2142,-0.4168,17,0.4250,0.7500,8,7,6,0,0,7,6,0.1429
4,248.0000,12,13,900.3400,-87.1833,1.5068,9,0.2250,1.0000,8,8,8,0,0,8,8,0.0000
4,248.0000,12,14,413.9364,-83.4652,-0.0233,20,0.5000,0.6667,6,6,4,0,0,6,4,0.3333
4,248.0000,12,16,378.8334,-82.4121,0.6674,21,0.5250,0.8571,7,4,0,0,0,4,0,1.0000
4,248.0000,12,17,681.6185,-87.0978,0.4822,9,0.2250,0.8571,7,8,7,0,0,8,7,0.1250
4,248.0000,12,18,790.7214,-87.4675,-0.4415,4,0.1000,1.0000,6,6,5,0,0,6,5,0.1667
4,248.0000,12,20,43.6657,-66.0460,2.4864,35,0.8750,0.0000,4,5,1,0,0,5,1,0.8000
4,248.0000,12,22,715.8553,-87.1629,-0.0228,14,0.3500,0.5000,4,5,2,0,0,5,2,0.6000
4,248.0000,12,23,689.8308,-87.7546,-0.5415,7,0.1750,1.0000,8,7,6,0,0,7,6,0.1429
4,248.0000,12,24,369.1903,-82.2764,-1.4757,22,0.5500,0.5000,6,6,4,0,0,6,4,0.3333
4,248.0000,12,26,232.0968,-77.3592,-0.1709,26,0.6500,0.4000,5,6,3,0,0,6,3,0.5000
4,248.0000,12,27,860.6435,-87.8243,-0.1266,7,0.1750,1.0000,8,4,4,0,0,4,4,0.0000
4,248.0000,12,29,461.3933,-83.7432,0.4945,19,0.4750,0.8571,7,8,8,0,0,8,8,0.0000
4,248.0000,12,31,786.9200,-86.7891,-0.0764,5,0.1250,1.0000,6,8,8,0,0,8,8,0.0000
4,248.0000,12,33,704.5334,-86.7827,-0.1158,10,0.2500,1.0000,8,8,8,0,0,8,8,0.0000
4,248.0000,12,34,369.6460,-81.5287,0.0862,22,0.5500,0.5000,6,6,4,0,0,6,4,0.3333
4,248.0000,12,35,714.9210,-87.2703,0.1580,13,0.3250,0.7500,8,7,5,0,0,7,5,0.2857
4,248.0000,12,37,694.6058,-86.7767,0.1378,11,0.2750,0.8000,5,8,7,0,0,8,7,0.1250
4,248.0000,12,38,394.2440,-81.2732,0.6437,28,0.7000,0.2000,5,7,6,0,0,7,6,0.1429
4,248.0000,12,41,618.3269,-85.5779,0.6136,14,0.3500,0.8750,8,7,5,0,0,7,5,0.2857
4,248.0000,12,42,588.8161,-84.4759,-0.2984,20,0.5000,0.8571,7,8,7,0,0,8,7,0.1250
4,248.0000,12,43,673.2978,-85.3312,0.0345,15,0.3750,0.8750,8,7,5,0,0,7,5,0.2857
4,248.0000,12,45,514.3960,-83.1890,-0.2751,16,0.4000,0.8571,7,7,6,0,0,7,6,0.1429
4,248.0000,12,47,283.8155,-79.5886,0.3958,26,0.6500,0.7143,7,5,2,0,0,5,2,0.6000
4,248.0000,13,1,601.3481,-85.5171,0.4884,12,0.3000,0.8571,7,8,8,0,0,8,8,0.0000
4,248.0000,13,4,576.2383,-85.9746,-1.6948,7,0.1750,1.0000,8,8,6,0,0,8,6,0.2500
4,248.0000,13,5,1011.7912,-87.7049,-1.1536,3,0.0750,1.0000,8,8,8,0,0,8,8,0.0000
4,248.0000,13,6,737.3997,-87.3390,-2.3923,5,0.1250,1.0000,8,8,8,0,0,8,8,0.0000
4,248.0000,13,8,779.2006,-85.8710,0.3434,4,0.1000,1.0000,8,8,8,0,0,8,8,0.0000
4,248.0000,13,9,894.3009,-88.6908,-0.1501,3,0.0750,1.0000,6,6,6,0,0,6,6,0.0000
4,248.0000,13,11,923.5272,-87.5688,-0.7918,4,0.1000,1.0000,8,8,8,0,0,8,8,0.0000
4,248.0000,13,14,825.4209,-87.0411,-0.3757,4,0.1000,1.0000,8,8,8,0,0,8,8,0.0000
4,248.0000,13,15,1022.0341,-88.1119,-0.0542,4,0.1000,,0,4,4,0,0,4,4,0.0000
4,248.0000,13,18,318.5630,-78.3138,-0.5594,36,0.9000,0.0000,4,7,3,0,0,7,3,0.5714
4,248.0000,13,19,680.5385,-86.1313,0.3848,13,0.3250,0.8571,7,8,8,0,0,8,8,0.0000
4,248.0000,13,21,863.9405,-88.1751,-0.6268,5,0.1250,1.0000,8,8,8,0,0,8,8,0.0000
4,248.0000,13,24,1087.8133,-88.7651,1.3489,3,0.0750,1.0000,8,8,8,0,0,8,8,0.0000
4,248.0000,13,25,628.2483,-85.5742,1.0708,15,0.3750,0.8750,8,8,8,0,0,8,8,0.0000
4,248.0000,13,27,734.5551,-85.9628,-0.8661,10,0.2500,0.8571,7,8,8,0,0,8,8,0.0000
4,248.0000,13,29,880.8968,-86.1382,-0.4386,4,0.1000,1.0000,8,7,6,0,0,7,6,0.1429
4,248.0000,13,31,156.9961,-72.5167,-0.3895,35,0.8750,0.0000,4,5,1,0,0,5,1,0.8000
4,248.0000,13,32,938.4587,-88.2731,0.9081,4,0.1000,1.0000,6,8,8,0,0,8,8,0.0000
4,248.0000,13,34,899.7142,-87.8108,-0.4424,3,0.0750,1.0000,8,8,8,0,0,8,8,0.0000
4,248.0000,13,36,632.8973,-85.5339,0.1974,12,0.3000,0.6667,6,7,6,0,0,7,6,0.1429
4,248.0000,13,42,421.2460,-81.7847,-0.0891,18,0.4500,0.4000,5,6,4,0,0,6,4,0.3333
4,248.0000,13,45,710.4554,-86.1736,-1.0615,8,0.2000,1.0000,6,8,8,0,0,8,8,0.0000
4,248.0000,13,46,865.7320,-87.1470,-1.2649,8,0.2000,1.0000,10,7,6,0,0,7,6,0.1429
4,248.0000,13,47,993.8327,-88.3462,-0.8411,3,0.0750,0.8571,7,8,8,0,0,8,8,0.0000
4,248.0000,14,2,508.6564,-83.7593,0.1016,11,0.2750,0.8571,7,5,2,0,0,5,2,0.6000
4,248.0000,14,3,568.4187,-86.2690,0.3129,8,0.2000,0.6667,6,6,5,0,0,6,5,0.1667
4,248.0000,14,4,590.6121,-85.0001,-0.0897,11,0.2750,0.8750,8,8,8,0,0,8,8,0.0000
4,248.0000,14,5,225.3538,-76.3497,-0.1230,28,0.7000,0.3333,6,6,4,0,0,6,4,0.3333
4,248.0000,14,6,174.1135,-75.4136,0.4576,35,0.8750,0.3333,6,5,1,0,0,5,1,0.8000
4,248.0000,14,7,704.7612,-85.6877,-0.0714,6,0.1500,0.5000,6,8,8,0,0,8,8,0.0000
4,248.0000,14,8,636.5229,-85.1900,-0.2976,6,0.1500,0.7143,7,7,5,0,0,7,5,0.2857
4,248.0000,14,10,540.3722,-84.9945,-0.2740,11,0.2750,0.8571,7,7,6,0,0,7,6,0.1429
4,248.0000,14,11,334.3845,-78.0639,-0.3919,28,0.7000,0.4286,7,7,5,0,0,7,5,0.2857
4,248.0000,14,12,413.9364,-82.1385,0.2141,12,0.3000,0.8571,7,7,5,0,0,7,5,0.2857
4,248.0000,14,13,825.4209,-87.3083,-0.0115,6,0.1500,1.0000,8,8,8,0,0,8,8,0.0000
4,248.0000,14,16,550.8045,-84.6423,-0.0487,9,0.2250,0.8750,8,4,2,0,0,4,2,0.5000
4,248.0000,14,17,667.1253,-85.1298,0.2990,13,0.3250,0.8571,7,8,8,0,0,8,8,0.0000
4,248.0000,14,18,696.7583,-87.5403,1.0338,8,0.2000,1.0000,8,8,7,0,0,8,7,0.1250
4,248.0000,14,20,414.3554,-82.7957,1.2380,18,0.4500,0.6667,6,6,4,0,0,6,4,0.3333
4,248.0000,14,22,880.8086,-89.1444,0.4282,3,0.0750,1.0000,2,6,6,0,0,6,6,0.0000
4,248.0000,14,23,812.1579,-87.6133,-0.9466,6,0.1500,1.0000,8,8,8,0,0,8,8,0.0000
4,248.0000,14,24,442.7903,-84.2280,0.7989,11,0.2750,0.5000,6,6,3,0,0,6,3,0.5000
4,248.0000,14,26,374.1208,-80.5550,0.6079,19,0.4750,0.7500,8,8,5,0,0,8,5,0.3750
4,248.0000,14,27,988.2007,-89.2900,0.8271,3,0.0750,0.6667,3,2,2,0,0,2,2,0.0000
4,248.0000,14,29,260.0913,-76.0088,-0.9203,31,0.7750,0.0000,4,7,4,0,0,7,4,0.4286
4,248.0000,14,31,673.6936,-86.7894,0.0596,7,0.1750,0.7143,7,8,7,0,0,8,7,0.1250
4,248.0000,14,33,682.0205,-85.2145,0.5035,11,0.2750,0.8571,7,7,6,0,0,7,6,0.1429
4,248.0000,14,34,128.7520,-74.8019,1.8381,32,0.8000,0.0000,4,5,1,0,0,5,1,0.8000
4,248.0000,14,35,672.2900,-85.3300,-0.3191,10,0.2500,0.7143,7,8,8,0,0,8,8,0.0000
4,248.0000,14,37,534.3683,-84.8943,-0.2696,13,0.3250,0.8571,7,8,7,0,0,8,7,0.1250
4,248.0000,14,38,561.1423,-84.0369,0.2302,11,0.2750,1.0000,6,7,6,0,0,7,6,0.1429
4,248.0000,14,41,769.2032,-87.1119,0.0153,7,0.1750,0.8750,8,8,7,0,0,8,7,0.1250
4,248.0000,14,42,579.6992,-85.6003,0.7124,11,0.2750,0.8750,8,7,6,0,0,7,6,0.1429
4,248.0000,14,43,611.5911,-85.2157,-0.3966,12,0.3000,0.8571,7,8,8,0,0,8,8,0.0000
4,248.0000,14,45,747.6953,-87.2798,0.7978,8,0.2000,1.0000,5,9,8,0,0,9,8,0.1111
4,248.0000,14,47,323.2320,-80.7204,0.2141,18,0.4500,0.4286,7,5,2,0,0,5,2,0.6000
4,248.0000,15,0,654.4799,-87.0570,-0.6054,10,0.2500,1.0000,8,7,6,0,0,7,6,0.1429
4,248.0000,15,1,614.5616,-85.6057,0.1912,13,0.3250,0.8571,7,8,7,0,0,8,7,0.1250
4,248.0000,15,8,916.4872,-87.7391,0.5945,4,0.1000,1.0000,6,8,8,0,0,8,8,0.0000
4,248.0000,15,9,480.0631,-84.4329,0.7113,14,0.3500,0.5000,6,7,3,0,0,7,3,0.5714
4,248.0000,15,18,824.0782,-85.1667,-0.2281,3,0.0750,1.0000,8,8,8,0,0,8,8,0.0000
4,248.0000,15,19,588.0297,-84.6219,-0.6693,16,0.4000,0.8750,8,7,6,0,0,7,6,0.1429
4,248.0000,15,21,431.7110,-82.1342,0.0568,23,0.5750,0.7143,7,8,8,0,0,8,8,0.0000
4,248.0000,15,25,534.8982,-84.4741,-0.1586,17,0.4250,0.7143,7,7,6,0,0,7,6,0.1429
4,248.0000,15,27,428.5804,-80.6466,-0.2268,25,0.6250,0.6667,24,8,7,13,10,21,17,0.1905
4,248.0000,15,28,499.9390,-84.5509,-0.3560,23,0.5750,0.5714,7,5,2,0,0,5,2,0.6000
4,248.0000,15,30,620.9886,-84.6274,0.4835,21,0.5250,0.8571,7,8,8,0,0,8,8,0.0000
4,248.0000,15,32,109.9363,-63.3978,-0.7850,36,0.9000,0.2000,5,5,1,0,0,5,1,0.8000
4,248.0000,15,36,573.7767,-83.2792,-0.8795,18,0.4500,0.6667,6,8,8,0,0,8,8,0.0000
4,248.0000,15,39,502.9271,-84.2682,0.4673,24,0.6000,0.6667,6,7,5,0,0,7,5,0.2857
4,248.0000,15,40,688.6374,-87.3681,0.0137,10,0.2500,0.8750,8,8,7,0,0,8,7,0.1250
4,248.0000,15,44,267.4718,-80.0472,0.3769,29,0.7250,0.3333,6,4,0,0,0,4,0,1.0000
4,248.0000,15,45,805.4167,-84.9727,0.6584,5,0.1250,1.0000,8,8,8,0,0,8,8,0.0000
4,248.0000,15,46,712.6605,-86.7471,0.3770,8,0.2000,1.0000,8,7,6,0,0,7,6,0.1429
4,248.0000,16,2,126.1142,-68.7424,0.2133,34,0.8500,0.0000,4,4,0,0,0,4,0,1.0000
4,248.0000,16,3,327.8833,-78.2253,-0.8668,28,0.7000,0.2000,5,8,7,0,0,8,7,0.1250
4,248.0000,16,4,870.2743,-87.8279,-0.9425,8,0.2000,1.0000,6,7,6,0,0,7,6,0.1429
4,248.0000,16,5,337.9564,-80.9485,0.3844,23,0.5750,0.8571,7,7,6,0,0,7,6,0.1429
4,248.0000,16,6,583.2993,-84.6966,-1.1451,20,0.5000,0.8750,8,6,4,0,0,6,4,0.3333
4,248.0000,16,7,322.4301,-79.5247,0.3346,27,0.6750,0.2000,5,7,3,0,0,7,3,0.5714
4,248.0000,16,8,677.6402,-85.7425,1.5607,13,0.3250,1.0000,8,8,7,0,0,8,7,0.1250
4,248.0000,16,10,611.4277,-84.8511,0.1423,21,0.5250,0.6667,6,6,4,0,0,6,4,0.3333
4,248.0000,16,11,668.3552,-85.8402,-0.4946,20,0.5000,0.5000,6,8,7,0,0,8,7,0.1250
4,248.0000,16,12,378.8334,-82.4907,0.6302,23,0.5750,0.6667,6,6,4,0,0,6,4,0.3333
4,248.0000,16,14,550.8045,-85.0403,0.5973,16,0.4000,0.6667,6,9,8,0,0,9,8,0.1111
4,248.0000,16,17,740.4820,-86.6280,0.1656,11,0.2750,1.0000,8,8,7,0,0,8,7,0.1250
4,248.0000,16,20,340.8048,-81.4887,-1.2387,22,0.5500,0.4000,5,5,1,0,0,5,1,0.8000
4,248.0000,16,22,399.4951,-81.4322,0.7637,27,0.6750,0.8571,7,6,4,0,0,6,4,0.3333
4,248.0000,16,23,422.2430,-82.1814,-0.3749,26,0.6500,0.4000,5,7,6,0,0,7,6,0.1429
4,248.0000,16,24,315.5330,-80.8495,0.8637,29,0.7250,0.5000,6,7,3,0,0,7,3,0.5714
4,248.0000,16,26,199.3728,-77.5500,1.1271,28,0.7000,0.0000,4,4,0,0,0,4,0,1.0000
4,248.0000,16,29,595.1325,-86.4597,0.1279,15,0.3750,1.0000,8,7,5,0,0,7,5,0.2857
4,248.0000,16,33,464.0802,-81.1718,-0.8190,25,0.6250,0.4000,5,8,8,0,0,8,8,0.0000
4,248.0000,16,34,457.2322,-83.4923,-0.1553,20,0.5000,0.8571,7,7,5,0,0,7,5,0.2857
4,248.0000,16,35,449.6448,-82.7578,-0.1762,26,0.6500,0.5714,7,4,0,0,0,4,0,1.0000
4,248.0000,16,37,569.9095,-85.2100,-0.3713,20,0.5000,0.8750,8,5,2,0,0,5,2,0.6000
4,248.0000,16,38,276.0271,-79.0168,-0.1245,29,0.7250,0.3333,6,5,1,0,0,5,1,0.8000
4,248.0000,16,41,247.8438,-77.5481,-0.0793,30,0.7500,0.2000,5,6,2,0,0,6,2,0.6667
4,248.0000,16,42,936.9907,-87.0854,-1.3292,5,0.1250,1.0000,6,4,4,0,0,4,4,0.0000
4,248.0000,16,43,602.7272,-83.2023,-0.2934,21,0.5250,0.7143,7,8,7,0,0,8,7,0.1250
4,248.0000,16,45,835.8982,-87.2846,-0.1429,8,0.2000,1.0000,8,6,6,0,0,6,6,0.0000
4,248.0000,16,47,317.9377,-78.9633,-0.2974,28,0.7000,0.4000,5,7,4,0,0,7,4,0.4286
4,248.0000,17,2,626.6121,-86.1164,-0.3271,6,0.1500,1.0000,8,8,8,0,0,8,8,0.0000
4,248.0000,17,3,495.0143,-84.3736,1.2517,9,0.2250,0.6667,6,7,4,0,0,7,4,0.4286
4,248.0000,17,4,635.8529,-86.9023,-0.0186,7,0.1750,1.0000,8,8,8,0,0,8,8,0.0000
4,248.0000,17,5,673.5131,-86.4830,-0.1461,4,0.1000,1.0000,8,10,10,0,0,10,10,0.0000
4,248.0000,17,6,797.0166,-88.4816,-0.4342,5,0.1250,1.0000,8,8,7,0,0,8,7,0.1250
4,248.0000,17,7,848.7595,-87.2002,0.0989,4,0.1000,1.0000,8,8,7,0,0,8,7,0.1250
4,248.0000,17,10,226.8141,-77.5327,0.0590,26,0.6500,0.5714,7,7,4,0,0,7,4,0.4286
4,248.0000,17,11,382.9352,-81.7083,0.2906,19,0.4750,0.7143,7,6,4,0,0,6,4,0.3333
4,248.0000,17,12,681.6185,-87.2571,0.3846,6,0.1500,1.0000,8,8,8,0,0,8,8,0.0000
4,248.0000,17,13,1158.7558,-87.7175,-0.5352,3,0.0750,1.0000,2,2,2,0,0,2,2,0.0000
4,248.0000,17,14,667.1253,-85.6465,-1.3607,9,0.2250,1.0000,8,7,4,0,0,7,4,0.4286
4,248.0000,17,16,740.4820,-86.2379,1.2655,6,0.1500,0.8571,7,8,8,0,0,8,8,0.0000
4,248.0000,17,20,697.2312,-87.1158,-0.1561,3,0.0750,0.7500,8,8,8,0,0,8,8,0.0000
4,248.0000,17,22,781.1728,-88.1329,-0.2094,7,0.1750,1.0000,6,7,6,0,0,7,6,0.1429
4,248.0000,17,23,628.9039,-85.3162,0.4799,10,0.2500,0.8571,7,7,6,0,0,7,6,0.1429
4,248.0000,17,26,627.0006,-84.7635,-0.6554,7,0.1750,1.0000,8,8,7,0,0,8,7,0.1250
4,248.0000,17,29,416.9084,-82.5411,0.1205,19,0.4750,0.7143,7,6,3,0,0,6,3,0.5000
4,248.0000,17,31,1050.6409,-88.3788,-1.2392,3,0.0750,1.0000,6,4,4,0,0,4,4,0.0000
4,248.0000,17,33,553.9153,-84.2622,-0.0587,12,0.3000,0.8571,7,7,6,0,0,7,6,0.1429
4,248.0000,17,34,726.4344,-85.8447,-0.5149,4,0.1000,1.0000,8,8,8,0,0,8,8,0.0000
4,248.0000,17,35,620.4084,-86.5242,-0.1507,8,0.2000,0.8750,8,8,8,0,0,8,8,0.0000
4,248.0000,17,37,461.1421,-82.2829,-0.7552,15,0.3750,0.8750,8,7,6,0,0,7,6,0.1429
4,248.0000,17,42,755.3668,-87.4240,0.3933,4,0.1000,1.0000,8,8,7,0,0,8,7,0.1250
4,248.0000,17,43,264.2932,-79.2526,1.0623,22,0.5500,0.7143,7,5,1,0,0,5,1,0.8000
4,248.0000,17,47,800.4836,-87.5708,1.2893,3,0.0750,1.0000,8,7,6,0,0,7,6,0.1429
4,248.0000,18,0,899.4597,-86.9617,0.2725,6,0.1500,1.0000,8,8,8,0,0,8,8,0.0000
4,248.0000,18,1,592.2413,-85.4087,-0.6704,13,0.3250,0.8750,8,8,8,0,0,8,8,0.0000
4,248.0000,18,4,676.6072,-87.2965,2.6703,3,0.0750,1.0000,8,6,4,0,0,6,4,0.3333
4,248.0000,18,6,564.3435,-87.4724,-3.8891,3,0.0750,1.0000,8,5,2,0,0,5,2,0.6000
4,248.0000,18,8,624.0820,-86.6903,1.1339,5,0.1250,0.8571,7,7,6,0,0,7,6,0.1429
4,248.0000,18,9,849.0556,-87.9622,0.6728,6,0.1500,1.0000,6,8,8,0,0,8,8,0.0000
4,248.0000,18,13,318.5630,-78.3634,-0.3054,34,0.8500,0.2000,5,5,2,0,0,5,2,0.6000
4,248.0000,18,14,696.7583,-85.0495,-1.2104,4,0.1000,1.0000,8,8,8,0,0,8,8,0.0000
4,248.0000,18,15,824.0782,-86.1538,1.0638,7,0.1750,1.0000,8,4,4,0,0,4,4,0.0000
4,248.0000,18,19,649.9501,-85.9000,-0.7381,13,0.3250,0.8571,7,8,8,0,0,8,8,0.0000
4,248.0000,18,21,784.2528,-86.7693,0.3729,6,0.1500,1.0000,8,4,4,0,0,4,4,0.0000
4,248.0000,18,25,590.5957,-83.3429,0.1004,17,0.4250,0.8750,8,7,6,0,0,7,6,0.1429
4,248.0000,18,27,542.7333,-83.3173,-0.1206,13,0.3250,1.0000,8,7,4,0,0,7,4,0.4286
4,248.0000,18,28,1093.6263,-87.7252,-0.2330,4,0.1000,1.0000,8,6,6,0,0,6,6,0.0000
4,248.0000,18,29,842.4194,-87.7946,0.9015,3,0.0750,1.0000,8,8,8,0,0,8,8,0.0000
4,248.0000,18,31,253.9919,-78.3421,0.1992,33,0.8250,0.5000,6,5,1,0,0,5,1,0.8000
4,248.0000,18,32,734.3214,-86.0379,0.3531,8,0.2000,0.8571,7,8,8,0,0,8,8,0.0000
4,248.0000,18,34,737.3056,-88.4709,0.7799,4,0.1000,0.8571,7,8,8,0,0,8,8,0.0000
4,248.0000,18,36,621.6438,-85.3508,0.1347,13,0.3250,1.0000,8,8,8,0,0,8,8,0.0000
4,248.0000,18,39,1130.1759,-86.9054,2.2387,3,0.0750,1.0000,2,8,8,0,0,8,8,0.0000
4,248.0000,18,42,532.5255,-84.3946,0.6502,8,0.2000,0.6667,6,8,8,0,0,8,8,0.0000
4,248.0000,18,45,573.7315,-85.2272,0.7079,9,0.2250,0.8750,8,7,6,0,0,7,6,0.1429
4,248.0000,18,46,874.8881,-85.0096,0.2126,8,0.2000,1.0000,8,6,6,0,0,6,6,0.0000
4,248.0000,19,0,314.8347,-81.4521,1.0230,31,0.7750,0.0000,4,6,3,0,0,6,3,0.5000
4,248.0000,19,1,94.6637,-69.5690,1.4898,38,0.9500,0.2000,5,5,1,0,0,5,1,0.8000
4,248.0000,19,9,306.1155,-80.1723,-0.3853,34,0.8500,0.4000,5,5,1,0,0,5,1,0.8000
4,248.0000,19,13,680.5385,-85.8470,-1.0828,5,0.1250,1.0000,8,8,8,0,0,8,8,0.0000
4,248.0000,19,15,588.0297,-84.0844,-0.2182,17,0.4250,0.7143,7,8,6,0,0,8,6,0.2500
4,248.0000,19,18,649.9501,-84.4655,-1.3953,11,0.2750,0.7143,7,8,7,0,0,8,7,0.1250
4,248.0000,19,21,534.2121,-84.6853,-1.0365,23,0.5750,0.8750,8,8,4,0,0,8,4,0.5000
4,248.0000,19,25,144.3385,-70.0832,-0.7291,35,0.8750,0.0000,4,4,2,0,0,4,2,0.5000
4,248.0000,19,27,630.9432,-84.0649,-1.4251,13,0.3250,0.6250,8,8,8,0,0,8,8,0.0000
4,248.0000,19,28,527.7019,-82.9769,-0.8490,24,0.6000,0.7500,8,7,6,0,0,7,6,0.1429
4,248.0000,19,30,871.4576,-87.3487,-0.2466,12,0.3000,1.0000,8,6,6,0,0,6,6,0.0000
4,248.0000,19,31,776.6445,-88.2454,0.0987,5,0.1250,0.8750,8,8,8,0,0,8,8,0.0000
4,248.0000,19,32,573.8485,-84.7167,-0.1895,20,0.5000,1.0000,8,8,8,0,0,8,8,0.0000
4,248.0000,19,36,162.0435,-73.3333,-0.2359,38,0.9500,0.0000,4,4,0,0,0,4,0,1.0000
4,248.0000,19,39,580.5149,-84.2764,0.1170,23,0.5750,0.6667,6,6,4,0,0,6,4,0.3333
4,248.0000,19,40,492.5135,-83.8543,-0.1245,31,0.7750,0.8571,7,6,4,0,0,6,4,0.3333
4,248.0000,19,44,617.1593,-85.6005,-0.7269,22,0.5500,0.6667,6,6,4,0,0,6,4,0.3333
4,248.0000,19,45,915.4402,-87.2506,0.1097,7,0.1750,1.0000,8,8,8,0,0,8,8,0.0000
4,248.0000,19,46,232.1476,-77.5609,0.7586,38,0.9500,0.2000,5,4,0,0,0,4,0,1.0000
4,248.0000,20,2,282.7244,-79.2864,-0.0940,22,0.5500,0.6250,8,5,1,0,0,5,1,0.8000
4,248.0000,20,3,514.8551,-84.3456,0.7399,14,0.3500,1.0000,8,6,4,0,0,6,4,0.3333
4,248.0000,20,4,575.1462,-84.4125,0.8209,8,0.2000,1.0000,8,6,4,0,0,6,4,0.3333
4,248.0000,20,5,326.6725,-79.6159,0.3000,21,0.5250,0.4000,5,6,3,0,0,6,3,0.5000
4,248.0000,20,6,380.9945,-80.4965,-0.7673,22,0.5500,0.3333,6,8,7,0,0,8,7,0.1250
4,248.0000,20,7,645.2517,-84.8768,0.2826,11,0.2750,0.4000,5,8,7,0,0,8,7,0.1250
4,248.0000,20,8,384.8761,-81.8803,-0.0000,18,0.4500,0.6667,6,7,5,0,0,7,5,0.2857
4,248.0000,20,10,634.5568,-86.7421,1.0980,9,0.2250,0.8571,7,8,6,0,0,8,6,0.2500
4,248.0000,20,11,571.6832,-85.2086,0.1590,9,0.2250,0.8571,7,7,6,0,0,7,6,0.1429
4,248.0000,20,12,43.6657,-66.5870,2.6200,38,0.9500,0.0000,3,4,0,0,0,4,0,1.0000
4,248.0000,20,14,414.3554,-81.8488,0.3561,17,0.4250,0.7143,7,6,3,0,0,6,3,0.5000
4,248.0000,20,16,340.8048,-80.7339,0.7751,22,0.5500,0.7143,7,6,4,0,0,6,4,0.3333
4,248.0000,20,17,697.2312,-87.7383,0.8560,6,0.1500,1.0000,8,6,4,0,0,6,4,0.3333
4,248.0000,20,22,688.6425,-86.0124,-0.1957,11,0.2750,0.8750,8,7,6,0,0,7,6,0.1429
4,248.0000,20,23,669.1804,-86.2192,-0.0885,13,0.3250,0.8571,7,6,4,0,0,6,4,0.3333
4,248.0000,20,24,330.8047,-80.2031,0.3336,21,0.5250,0.2000,5,7,4,0,0,7,4,0.4286
4,248.0000,20,26,202.9106,-74.1238,-0.5970,31,0.7750,0.4000,5,5,2,0,0,5,2,0.6000
4,248.0000,20,27,872.9550,-87.2087,1.3142,3,0.0750,1.0000,4,4,3,0,0,4,3,0.2500
4,248.0000,20,29,474.0219,-83.0550,0.6345,14,0.3500,0.4000,5,7,6,0,0,7,6,0.1429
4,248.0000,20,31,817.0333,-86.7067,0.4581,6,0.1500,0.7143,7,7,5,0,0,7,5,0.2857
4,248.0000,20,33,685.2401,-85.6175,0.4228,9,0.2250,0.8750,8,8,7,0,0,8,7,0.1250
4,248.0000,20,34,357.4474,-80.9396,-0.0429,18,0.4500,0.2000,5,5,2,0,0,5,2,0.6000
4,248.0000,20,35,691.9117,-87.1176,-0.3674,9,0.2250,1.0000,8,8,7,0,0,8,7,0.1250
4,248.0000,20,37,684.4186,-87.2377,-0.5344,8,0.2000,0.8750,8,8,7,0,0,8,7,0.1250
4,248.0000,20,38,352.0362,-80.4947,-0.1785,24,0.6000,0.5000,6,6,2,0,0,6,2,0.6667
4,248.0000,20,41,578.9156,-83.4218,-1.1783,18,0.4500,0.5000,4,7,6,0,0,7,6,0.1429
4,248.0000,20,42,628.2652,-85.1344,-0.8530,8,0.2000,1.0000,10,4,4,0,0,4,4,0.0000
4,248.0000,20,43,672.6107,-85.8484,-0.4562,8,0.2000,0.8571,7,8,8,0,0,8,8,0.0000
4,248.0000,20,45,532.4045,-83.6097,-0.0998,11,0.2750,0.8571,7,7,6,0,0,7,6,0.1429
4,248.0000,20,47,251.7558,-78.3519,0.4964,28,0.7000,0.2000,5,6,3,0,0,6,3,0.5000
4,248.0000,21,0,469.3200,-83.3560,-0.1648,26,0.6500,0.6667,6,6,4,0,0,6,4,0.3333
4,248.0000,21,1,505.6661,-84.7945,0.2945,17,0.4250,0.8571,7,7,4,0,0,7,4,0.4286
4,248.0000,21,9,352.6304,-81.1608,0.2176,30,0.7500,0.2000,5,5,2,0,0,5,2,0.6000
4,248.0000,21,13,863.9405,-86.5235,-1.1679,5,0.1250,1.0000,8,8,7,0,0,8,7,0.1250
4,248.0000,21,15,431.7110,-82.9351,-0.2895,29,0.7250,0.5417,24,7,5,0,0,7,5,0.2857
4,248.0000,21,18,784.2528,-87.6637,-0.6599,4,0.1000,0.8750,8,6,5,0,0,6,5,0.1667
4,248.0000,21,19,534.2121,-83.1994,-0.2524,25,0.6250,0.6667,6,8,7,0,0,8,7,0.1250
4,248.0000,21,25,410.7908,-82.0576,0.0956,22,0.5500,0.5000,6,5,2,0,0,5,2,0.6000
4,248.0000,21,27,373.6013,-80.4803,-0.0779,26,0.6500,0.7143,7,7,4,0,0,7,4,0.4286
4,248.0000,21,28,592.8390,-84.7934,-0.6702,23,0.5750,0.8571,7,9,6,0,0,9,6,0.3333
4,248.0000,21,30,716.7092,-85.4653,-0.4754,24,0.6000,1.0000,8,7,6,0,0,7,6,0.1429
4,248.0000,21,32,388.4199,-81.8507,0.0957,24,0.6000,0.5714,7,5,1,0,0,5,1,0.8000
4,248.0000,21,36,409.3303,-80.8621,0.1923,26,0.6500,0.7143,7,6,4,0,0,6,4,0.3333
4,248.0000,21,39,655.6151,-85.1214,-0.3166,24,0.6000,0.5000,6,6,4,0,0,6,4,0.3333
4,248.0000,21,40,598.6302,-84.8013,-0.5510,22,0.5500,0.8571,7,7,6,0,0,7,6,0.1429
4,248.0000,21,44,348.5524,-80.8823,0.3115,30,0.7500,0.4091,22,6,4,0,0,6,4,0.3333
4,248.0000,21,45,647.3038,-86.1990,4.8550,4,0.1000,0.8571,7,8,8,0,0,8,8,0.0000
4,248.0000,21,46,649.3188,-85.3860,-0.1294,13,0.3250,0.8571,7,8,8,0,0,8,8,0.0000
4,248.0000,22,2,415.3339,-82.0823,-0.3764,14,0.3590,0.8571,7,7,5,0,0,7,5,0.2857
4,248.0000,22,3,365.6119,-80.7662,-0.1703,18,0.4615,0.8750,8,6,3,0,0,6,3,0.5000
4,248.0000,22,5,679.6793,-87.7330,0.4830,6,0.1538,1.0000,8,8,7,0,0,8,7,0.1250
4,248.0000,22,7,358.8543,-82.0156,-0.7315,21,0.5385,0.6667,6,7,4,0,0,7,4,0.4286
4,248.0000,22,10,676.8492,-85.9205,-0.0132,7,0.1795,1.0000,8,8,8,0,0,8,8,0.0000
4,248.0000,22,11,872.1978,-86.3572,0.7353,5,0.1282,0.8750,8,6,6,0,0,6,6,0.0000
4,248.0000,22,12,715.8553,-87.5937,-0.2250,4,0.1026,1.0000,8,8,7,0,0,8,7,0.1250
4,248.0000,22,16,399.4951,-81.7283,0.0136,18,0.4615,0.7143,7,6,4,0,0,6,4,0.3333
4,248.0000,22,17,781.1728,-87.4003,0.2749,6,0.1538,1.0000,8,6,4,0,0,6,4,0.3333
4,248.0000,22,20,688.6425,-86.5948,-0.0033,7,0.1795,0.8571,7,8,8,0,0,8,8,0.0000
4,248.0000,22,23,167.2248,-74.3113,1.0335,30,0.7692,0.2000,5,5,1,0,0,5,1,0.8000
4,248.0000,22,24,707.0382,-85.7980,-0.4149,6,0.1538,0.6667,6,8,8,0,0,8,8,0.0000
4,248.0000,22,26,547.6554,-85.0828,0.3607,8,0.2051,1.0000,8,8,8,0,0,8,8,0.0000
4,248.0000,22,29,832.7446,-88.4534,0.7492,3,0.0769,1.0000,6,8,8,0,0,8,8,0.0000
4,248.0000,22,33,387.3774,-80.9298,0.4216,23,0.5897,0.6667,6,7,5,0,0,7,5,0.2857
4,248.0000,22,34,812.7387,-87.1437,-1.2807,3,0.0769,1.0000,8,8,7,0,0,8,7,0.1250
4,248.0000,22,35,398.5162,-83.0357,1.2683,15,0.3846,0.8571,7,8,8,0,0,8,8,0.0000
4,248.0000,22,37,632.7835,-84.7082,1.3215,6,0.1538,1.0000,8,8,8,0,0,8,8,0.0000
4,248.0000,22,38,646.1715,-85.3508,-0.9905,9,0.2308,0.8571,7,8,8,0,0,8,8,0.0000
4,248.0000,22,41,309.2023,-79.5146,0.0794,25,0.6410,0.7143,7,6,2,0,0,6,2,0.6667
4,248.0000,22,43,611.7712,-85.4072,0.6552,9,0.2308,0.8571,7,8,8,0,0,8,8,0.0000
4,248.0000,22,47,711.8731,-86.3567,-0.6276,7,0.1795,1.0000,8,8,7,0,0,8,7,0.1250
4,248.0000,23,2,396.6817,-82.0637,0.9511,17,0.4250,0.7143,7,6,3,0,0,6,3,0.5000
4,248.0000,23,3,253.2684,-77.9311,-0.4818,29,0.7250,0.5000,6,6,3,0,0,6,3,0.5000
4,248.0000,23,5,634.9244,-87.9357,0.0040,3,0.0750,1.0000,6,8,8,0,0,8,8,0.0000
4,248.0000,23,7,392.4193,-82.2788,0.3985,22,0.5500,0.4000,5,6,2,0,0,6,2,0.6667
4,248.0000,23,10,526.8413,-85.1673,-0.0578,8,0.2000,1.0000,8,6,4,0,0,6,4,0.3333
4,248.0000,23,11,749.4400,-86.4171,-1.0482,5,0.1250,1.0000,10,8,7,0,0,8,7,0.1250
4,248.0000,23,12,689.8308,-87.1282,0.6537,6,0.1500,1.0000,8,7,5,0,0,7,5,0.2857
4,248.0000,23,16,422.2430,-82.1955,-0.3532,15,0.3750,0.4000,5,7,5,0,0,7,5,0.2857
4,248.0000,23,17,628.9039,-84.6214,0.7510,9,0.2250,0.8750,8,8,7,0,0,8,7,0.1250
4,248.0000,23,20,669.1804,-86.4747,1.2382,5,0.1250,0.8750,8,8,7,0,0,8,7,0.1250
4,248.0000,23,22,167.2248,-74.0669,-0.1939,39,0.9750,0.0000,4,4,0,0,0,4,0,1.0000
4,248.0000,23,24,728.2421,-84.9527,1.3376,7,0.1750,1.0000,8,6,6,0,0,6,6,0.0000
4,248.0000,23,26,515.8518,-85.5776,1.2329,5,0.1250,0.7143,7,8,8,0,0,8,8,0.0000
4,248.0000,23,29,723.2750,-86.9951,-0.0896,3,0.0750,0.8571,7,8,7,0,0,8,7,0.1250
4,248.0000,23,33,261.5766,-77.5735,-0.0005,26,0.6500,0.4865,111,5,2,109,55,114,57,0.5000
4,248.0000,23,35,301.7765,-81.5723,0.4745,23,0.5750,0.8571,7,5,1,0,0,5,1,0.8000
4,248.0000,23,37,502.0807,-84.9873,0.9999,14,0.3500,0.8571,7,6,3,0,0,6,3,0.5000
4,248.0000,23,38,694.7600,-86.0712,-0.0042,7,0.1750,0.8571,7,8,8,0,0,8,8,0.0000
4,248.0000,23,41,414.6945,-82.1409,0.9842,21,0.5250,0.7500,8,5,2,0,0,5,2,0.6000
4,248.0000,23,43,454.3396,-82.1671,0.7797,14,0.3500,0.8571,7,5,2,0,0,5,2,0.6000
4,248.0000,23,47,703.7765,-85.0769,-1.9080,5,0.1250,1.0000,8,8,8,0,0,8,8,0.0000
4,248.0000,24,2,374.5889,-81.3079,0.2551,22,0.5500,0.4286,7,7,3,0,0,7,3,0.5714
4,248.0000,24,3,574.3948,-85.3693,-0.1893,16,0.4000,0.7143,7,7,4,0,0,7,4,0.4286
4,248.0000,24,4,853.5250,-88.3464,-0.4177,9,0.2250,1.0000,8,8,8,0,0,8,8,0.0000
4,248.0000,24,5,282.1718,-80.4028,-0.0123,25,0.6250,0.7500,8,4,0,0,0,4,0,1.0000
4,248.0000,24,6,396.1524,-83.0159,-0.1940,18,0.4500,0.5000,6,7,4,0,0,7,4,0.4286
4,248.0000,24,7,512.9528,-82.9749,-0.1041,22,0.5500,0.7143,7,8,8,0,0,8,8,0.0000
4,248.0000,24,8,525.2964,-83.9132,0.3439,17,0.4250,0.7143,7,6,5,0,0,6,5,0.1667
4,248.0000,24,10,771.3188,-87.5321,0.6021,7,0.1750,1.0000,8,6,5,0,0,6,5,0.1667
4,248.0000,24,11,705.3659,-87.5976,-0.9243,8,0.2000,1.0000,8,7,5,0,0,7,5,0.2857
4,248.0000,24,12,369.1903,-81.7813,-0.4163,20,0.5000,0.8571,7,7,4,0,0,7,4,0.4286
4,248.0000,24,13,1087.8133,-88.8726,-0.2575,4,0.1000,1.0000,4,4,4,0,0,4,4,0.0000
4,248.0000,24,14,442.7903,-83.9227,-0.1183,18,0.4500,0.8750,8,6,3,0,0,6,3,0.5000
4,248.0000,24,16,315.5330,-80.5614,0.9066,22,0.5500,0.7143,7,7,5,0,0,7,5,0.2857
4,248.0000,24,17,909.8823,-87.7598,-0.2044,8,0.2000,1.0000,6,6,6,0,0,6,6,0.0000
4,248.0000,24,18,880.8247,-87.7462,0.2971,5,0.1250,1.0000,2,8,8,0,0,8,8,0.0000
4,248.0000,24,20,330.8047,-80.0944,-0.0140,24,0.6000,0.6667,6,5,2,0,0,5,2,0.6000
4,248.0000,24,22,707.0382,-86.6967,-0.3576,8,0.2000,1.0000,8,8,8,0,0,8,8,0.0000
4,248.0000,24,23,728.2421,-87.3063,0.3922,16,0.4000,0.8750,8,8,8,0,0,8,8,0.0000
4,248.0000,24,26,294.1344,-80.5584,1.0955,23,0.5750,0.5000,6,6,3,0,0,6,3,0.5000
4,248.0000,24,29,617.6990,-86.1285,0.8777,11,0.2750,0.8571,7,8,7,0,0,8,7,0.1250
4,248.0000,24,31,955.1743,-88.9116,0.4442,3,0.0750,1.0000,4,8,8,0,0,8,8,0.0000
4,248.0000,24,33,702.1901,-85.5219,-0.4513,15,0.3750,1.0000,8,8,8,0,0,8,8,0.0000
4,248.0000,24,34,317.1497,-80.5607,-0.1845,19,0.4750,0.8571,7,4,0,0,0,4,0,1.0000
4,248.0000,24,35,669.9634,-86.1616,-0.5896,15,0.3750,0.7143,7,7,6,0,0,7,6,0.1429
4,248.0000,24,37,713.6715,-86.5710,-0.0960,9,0.2250,1.0000,4,8,8,0,0,8,8,0.0000
4,248.0000,24,38,135.1541,-71.0330,-0.3352,33,0.8250,0.1667,6,4,0,0,0,4,0,1.0000
4,248.0000,24,41,471.1551,-82.4886,-0.9098,24,0.6000,0.6667,6,7,4,0,0,7,4,0.4286
4,248.0000,24,42,866.3379,-87.2755,0.0309,5,0.1250,1.0000,8,4,4,0,0,4,4,0.0000
4,248.0000,24,43,795.8586,-87.2707,-0.3012,13,0.3250,0.8571,7,8,8,0,0,8,8,0.0000
4,248.0000,24,45,676.9169,-87.2244,0.5901,11,0.2750,0.8000,5,8,7,0,0,8,7,0.1250
4,248.0000,24,47,130.5249,-73.0193,0.9948,33,0.8250,0.3333,6,4,0,0,0,4,0,1.0000
4,248.0000,25,0,314.8632,-79.0316,0.3730,35,0.8750,0.2000,5,6,2,0,0,6,2,0.6667
4,248.0000,25,1,97.8528,-68.7969,-0.1377,35,0.8750,0.0000,4,4,0,0,0,4,0,1.0000
4,248.0000,25,9,275.4003,-78.4415,0.0156,34,0.8500,0.7143,7,5,2,0,0,5,2,0.6000
4,248.0000,25,13,628.2483,-85.3793,0.2241,10,0.2500,1.0000,8,7,6,0,0,7,6,0.1429
4,248.0000,25,15,534.8982,-84.9872,0.7663,17,0.4250,0.6667,6,7,3,0,0,7,3,0.5714
4,248.0000,25,18,590.5957,-84.6381,-0.5361,14,0.3500,0.8750,8,8,8,0,0,8,8,0.0000
4,248.0000,25,19,144.3385,-69.2938,-0.5144,37,0.9250,0.2000,5,4,0,0,0,4,0,1.0000
4,248.0000,25,21,410.7908,-82.7689,-0.0730,27,0.6750,0.0000,4,7,6,0,0,7,6,0.1429
4,248.0000,25,27,510.1830,-83.7468,0.0207,19,0.4750,0.6667,6,7,6,0,0,7,6,0.1429
4,248.0000,25,28,558.6396,-83.9575,-0.8567,30,0.7500,1.0000,6,7,5,0,0,7,5,0.2857
4,248.0000,25,30,863.6862,-86.9349,-0.0693,11,0.2750,0.7143,7,8,8,0,0,8,8,0.0000
4,248.0000,25,31,719.4989,-86.5718,0.3814,9,0.2250,1.0000,8,8,8,0,0,8,8,0.0000
4,248.0000,25,32,500.8632,-84.6129,0.4377,22,0.5500,0.5000,6,6,4,0,0,6,4,0.3333
4,248.0000,25,36,57.3219,-64.8115,2.5861,37,0.9250,0.2000,5,4,0,0,0,4,0,1.0000
4,248.0000,25,39,618.7915,-84.3656,-0.1312,28,0.7000,1.0000,8,8,8,0,0,8,8,0.0000
4,248.0000,25,40,523.7153,-83.2762,-0.7066,30,0.7500,0.4000,5,7,4,0,0,7,4,0.4286
4,248.0000,25,42,955.7903,-88.6670,0.0536,4,0.1000,1.0000,2,8,8,0,0,8,8,0.0000
4,248.0000,25,44,558.7365,-85.4507,0.1022,27,0.6750,0.6667,6,7,5,0,0,7,5,0.2857
4,248.0000,25,45,784.6896,-86.9662,0.4645,7,0.1750,1.0000,8,8,8,0,0,8,8,0.0000
4,248.0000,25,46,339.6867,-79.0441,-0.6111,38,0.9500,0.1667,6,7,5,0,0,7,5,0.2857
4,248.0000,26,2,141.5464,-76.5069,1.7909,33,0.8250,0.4000,5,5,1,0,0,5,1,0.8000
4,248.0000,26,3,334.9884,-82.3745,0.0320,24,0.6000,0.4000,5,6,3,0,0,6,3,0.5000
4,248.0000,26,4,685.9720,-84.7797,-0.5367,11,0.2750,0.7143,7,8,8,0,0,8,8,0.0000
4,248.0000,26,5,199.5490,-75.5233,0.4495,30,0.7500,0.5000,6,5,1,0,0,5,1,0.8000
4,248.0000,26,6,413.5298,-79.8063,-0.6367,26,0.6500,0.4000,5,8,4,0,0,8,4,0.5000
4,248.0000,26,7,460.2806,-84.7432,0.8704,20,0.5000,0.6667,6,6,4,0,0,6,4,0.3333
4,248.0000,26,8,575.3687,-84.9413,0.9981,11,0.2750,0.8571,7,6,3,0,0,6,3,0.5000
4,248.0000,26,10,509.4865,-84.6910,0.5136,15,0.3750,0.6667,6,5,2,0,0,5,2,0.6000
4,248.0000,26,11,500.0275,-82.2900,-0.0385,25,0.6250,1.0000,8,7,6,0,0,7,6,0.1429
4,248.0000,26,12,232.0968,-77.5564,0.0289,33,0.8250,0.0000,4,5,1,0,0,5,1,0.8000
4,248.0000,26,13,1063.7402,-88.4685,0.4670,5,0.1250,1.0000,8,2,2,0,0,2,2,0.0000
4,248.0000,26,14,374.1208,-80.1706,0.0264,27,0.6750,0.8750,8,8,8,0,0,8,8,0.0000
4,248.0000,26,16,199.3728,-77.2152,0.8833,33,0.8250,0.0000,4,5,1,0,0,5,1,0.8000
4,248.0000,26,17,627.0006,-85.8237,0.3564,17,0.4250,0.6000,5,6,3,0,0,6,3,0.5000
4,248.0000,26,18,936.4109,-87.4742,0.4305,5,0.1250,1.0000,4,6,6,0,0,6,6,0.0000
4,248.0000,26,20,202.9106,-75.0360,0.1064,34,0.8500,0.0000,4,6,3,0,0,6,3,0.5000
4,248.0000,26,22,547.6554,-85.2811,0.6248,18,0.4500,0.7143,7,7,5,0,0,7,5,0.2857
4,248.0000,26,23,515.8518,-85.6699,0.5547,14,0.3500,0.8889,9,8,7,0,0,8,7,0.1250
4,248.0000,26,24,294.1344,-80.3560,1.1126,26,0.6500,0.5000,6,6,3,0,0,6,3,0.5000
4,248.0000,26,29,415.5683,-81.6867,0.1976,26,0.6500,0.6667,6,6,2,0,0,6,2,0.6667
4,248.0000,26,31,932.3066,-87.2639,-0.2346,6,0.1500,1.0000,6,8,7,0,0,8,7,0.1250
4,248.0000,26,33,496.3270,-85.1844,0.5527,19,0.4750,0.5000,6,7,4,0,0,7,4,0.4286
4,248.0000,26,34,301.5645,-78.3762,-0.0947,29,0.7250,0.6667,6,4,0,0,0,4,0,1.0000
4,248.0000,26,35,494.5911,-84.5816,1.0953,17,0.4250,0.8571,7,8,5,0,0,8,5,0.3750
4,248.0000,26,37,509.9888,-84.2728,0.8524,18,0.4500,0.7143,7,8,6,0,0,8,6,0.2500
4,248.0000,26,38,326.2926,-79.7623,0.8196,26,0.6500,0.0000,4,7,5,0,0,7,5,0.2857
4,248.0000,26,41,444.4964,-83.9081,0.4788,19,0.4750,0.7500,8,5,2,0,0,5,2,0.6000
4,248.0000,26,42,745.0689,-85.9389,-0.7594,13,0.3250,1.0000,8,4,4,0,0,4,4,0.0000
4,248.0000,26,43,532.0506,-83.3468,-0.9414,17,0.4250,0.5714,7,6,4,0,0,6,4,0.3333
4,248.0000,26,45,726.6495,-86.5587,0.1888,6,0.1500,0.8000,5,8,8,0,0,8,8,0.0000
4,248.0000,26,47,214.5943,-76.0923,-0.1517,35,0.8750,0.4000,5,7,2,0,0,7,2,0.7143
4,248.0000,27,0,738.3981,-86.0704,0.3600,15,0.3750,0.8571,7,8,8,0,0,8,8,0.0000
4,248.0000,27,1,592.6174,-85.3268,-0.3906,16,0.4000,0.8571,7,8,7,0,0,8,7,0.1250
4,248.0000,27,8,503.9051,-84.0775,0.1198,10,0.2500,0.8571,7,8,7,0,0,8,7,0.1250
4,248.0000,27,9,610.8337,-85.1855,-0.1117,15,0.3750,0.8750,8,8,8,0,0,8,8,0.0000
4,248.0000,27,12,860.6435,-87.3884,-0.1023,5,0.1250,1.0000,8,8,8,0,0,8,8,0.0000
4,248.0000,27,13,734.5551,-86.6835,-1.3107,7,0.1750,0.6667,6,7,6,0,0,7,6,0.1429
4,248.0000,27,15,428.5804,-81.5221,-1.3474,27,0.6750,0.5714,7,8,8,0,0,8,8,0.0000
4,248.0000,27,18,542.7333,-83.4712,-0.3149,16,0.4000,0.8333,6,8,7,0,0,8,7,0.1250
4,248.0000,27,19,630.9432,-85.0842,0.2829,19,0.4750,0.8750,8,8,8,0,0,8,8,0.0000
4,248.0000,27,20,872.9550,-89.1773,4.5497,3,0.0750,1.0000,8,8,8,0,0,8,8,0.0000
4,248.0000,27,21,373.6013,-81.4152,0.6384,27,0.6750,0.0000,4,7,4,0,0,7,4,0.4286
4,248.0000,27,25,510.1830,-84.3888,0.0536,22,0.5500,0.8889,9,8,7,0,0,8,7,0.1250
4,248.0000,27,26,1047.0916,-87.7273,0.8304,3,0.0750,1.0000,8,6,6,0,0,6,6,0.0000
4,248.0000,27,28,819.9056,-86.5459,0.0918,14,0.3500,0.8571,7,8,8,0,0,8,8,0.0000
4,248.0000,27,30,970.2882,-88.0732,-0.3896,6,0.1500,1.0000,8,6,6,0,0,6,6,0.0000
4,248.0000,27,31,732.1494,-86.9147,1.4164,4,0.1000,1.0000,8,6,6,0,0,6,6,0.0000
4,248.0000,27,32,320.2882,-80.2806,0.9621,33,0.8250,0.2000,5,6,3,0,0,6,3,0.5000
4,248.0000,27,36,540.8809,-83.9359,0.0419,22,0.5500,0.8571,7,8,8,0,0,8,8,0.0000
4,248.0000,27,39,856.4880,-87.1002,-0.0654,8,0.2000,1.0000,8,8,8,0,0,8,8,0.0000
4,248.0000,27,40,893.2542,-87.3486,-0.0764,9,0.2250,0.8750,8,6,6,0,0,6,6,0.0000
4,248.0000,27,44,555.7210,-85.2339,0.6406,23,0.5750,0.8571,7,7,4,0,0,7,4,0.4286
4,248.0000,27,45,381.2969,-81.4074,-0.8722,23,0.5750,0.5714,7,3,0,0,0,3,0,1.0000
4,248.0000,27,46,830.7008,-87.1603,-0.0837,11,0.2750,0.8750,8,4,4,0,0,4,4,0.0000
4,248.0000,27,47,912.3542,-88.4889,0.9509,4,0.1000,1.0000,8,8,8,0,0,8,8,0.0000
4,248.0000,28,0,427.6475,-84.2704,0.3848,20,0.4878,0.7143,7,6,4,0,0,6,4,0.3333
4,248.0000,28,1,596.0524,-84.8702,-0.9368,13,0.3171,0.7143,7,7,6,0,0,7,6,0.1429
4,248.0000,28,9,332.2546,-79.9216,-0.3442,26,0.6341,0.4000,5,7,5,0,0,7,5,0.2857
4,248.0000,28,15,499.9390,-83.8346,-0.0813,16,0.3902,0.7143,7,7,4,0,0,7,4,0.4286
4,248.0000,28,18,1093.6263,-88.3258,0.6629,4,0.0976,0.8333,6,7,7,0,0,7,7,0.0000
4,248.0000,28,19,527.7019,-83.0153,-0.2489,19,0.4634,0.5714,7,7,6,0,0,7,6,0.1429
4,248.0000,28,21,592.8390,-83.0718,-0.1606,19,0.4634,0.8750,8,8,7,0,0,8,7,0.1250
4,248.0000,28,25,558.6396,-83.3290,-0.5000,16,0.3902,1.0000,8,7,5,0,0,7,5,0.2857
4,248.0000,28,27,819.9056,-87.3397,0.6893,5,0.1220,1.0000,8,8,8,0,0,8,8,0.0000
4,248.0000,28,30,374.8354,-80.6994,-0.7545,35,0.8537,0.0000,4,4,0,0,0,4,0,1.0000
4,248.0000,28,32,576.5120,-84.1259,-0.5908,15,0.3659,0.5000,6,7,6,0,0,7,6,0.1429
4,248.0000,28,36,566.2614,-83.7903,-0.4866,19,0.4634,0.5000,6,8,7,0,0,8,7,0.1250
4,248.0000,28,39,89.2746,-66.8610,-0.2886,39,0.9512,0.2000,5,5,1,0,0,5,1,0.8000
4,248.0000,28,40,279.9030,-79.6857,0.9839,32,0.7805,0.3333,6,5,1,0,0,5,1,0.8000
4,248.0000,28,44,376.1972,-79.8828,-1.1387,34,0.8293,0.2000,5,5,1,0,0,5,1,0.8000
4,248.0000,28,46,459.9118,-83.4903,1.2938,20,0.4878,0.5714,7,5,1,0,0,5,1,0.8000
4,248.0000,29,2,508.2130,-83.1826,0.4460,10,0.2500,1.0000,8,6,3,0,0,6,3,0.5000
4,248.0000,29,3,483.5367,-85.3741,0.2288,13,0.3250,0.6667,6,6,4,0,0,6,4,0.3333
4,248.0000,29,4,498.2991,-82.7104,-0.6558,17,0.4250,0.8571,7,8,8,0,0,8,8,0.0000
4,248.0000,29,5,355.8775,-81.0259,0.3023,18,0.4500,0.7500,8,8,6,0,0,8,6,0.2500
4,248.0000,29,6,402.5743,-80.8667,-0.1866,15,0.3750,0.5000,6,7,4,0,0,7,4,0.4286
4,248.0000,29,7,740.2731,-85.2606,-0.3110,7,0.1750,1.0000,8,8,6,0,0,8,6,0.2500
4,248.0000,29,8,757.9187,-87.8002,-0.2097,6,0.1500,0.7143,7,7,5,0,0,7,5,0.2857
4,248.0000,29,10,324.9162,-82.8446,1.3740,17,0.4250,0.8750,8,4,2,0,0,4,2,0.5000
4,248.0000,29,11,100.6909,-70.2398,0.9646,33,0.8250,0.1778,90,5,2,78,6,83,8,0.9036
4,248.0000,29,12,461.3933,-83.2469,-0.0104,14,0.3500,0.8571,7,6,4,0,0,6,4,0.3333
4,248.0000,29,13,880.8968,-88.7372,0.0873,4,0.1000,1.0000,8,4,4,0,0,4,4,0.0000
4,248.0000,29,14,260.0913,-75.9931,-0.4846,25,0.6250,0.4000,5,6,2,0,0,6,2,0.6667
4,248.0000,29,16,595.1325,-85.8558,-0.7375,10,0.2500,0.8750,8,6,4,0,0,6,4,0.3333
4,248.0000,29,17,416.9084,-82.7471,-0.0488,16,0.4000,0.6667,6,8,6,0,0,8,6,0.2500
4,248.0000,29,18,842.4194,-87.2401,-0.3401,6,0.1500,1.0000,6,8,8,0,0,8,8,0.0000
4,248.0000,29,20,474.0219,-84.0718,0.0475,13,0.3250,0.8750,8,8,8,0,0,8,8,0.0000
4,248.0000,29,22,832.7446,-87.2691,2.0334,3,0.0750,1.0000,8,8,8,0,0,8,8,0.0000
4,248.0000,29,23,723.2750,-85.5820,-0.8183,10,0.2500,1.0000,8,8,7,0,0,8,7,0.1250
4,248.0000,29,24,617.6990,-85.8351,1.6218,10,0.2500,0.7143,7,7,5,0,0,7,5,0.2857
4,248.0000,29,26,415.5683,-81.3640,0.5629,18,0.4500,0.7143,7,8,7,0,0,8,7,0.1250
4,248.0000,29,31,743.0548,-85.7066,0.9993,9,0.2250,1.0000,8,4,4,0,0,4,4,0.0000
4,248.0000,29,33,588.9219,-85.8320,0.5163,15,0.3750,0.8750,8,6,4,0,0,6,4,0.3333
4,248.0000,29,34,350.2253,-81.7549,1.1476,20,0.5000,0.3333,6,7,6,0,0,7,6,0.1429
4,248.0000,29,35,608.7051,-85.8891,-0.0551,11,0.2750,0.9000,10,7,5,0,0,7,5,0.2857
4,248.0000,29,37,413.8044,-84.9075,-0.2940,17,0.4250,0.6667,6,6,4,0,0,6,4,0.3333
4,248.0000,29,38,706.6247,-85.3191,-0.2702,7,0.1750,1.0000,8,7,6,0,0,7,6,0.1429
4,248.0000,29,41,816.4870,-87.6168,0.1333,10,0.2500,1.0000,8,8,8,0,0,8,8,0.0000
4,248.0000,29,42,542.0993,-83.8967,-0.2774,15,0.3750,0.0000,4,8,7,0,0,8,7,0.1250
4,248.0000,29,43,414.2553,-82.4341,0.7063,17,0.4250,0.5000,6,6,4,0,0,6,4,0.3333
4,248.0000,29,45,863.3749,-88.0456,0.8823,4,0.1000,1.0000,6,7,6,0,0,7,6,0.1429
4,248.0000,29,47,491.4361,-83.9557,1.2608,10,0.2500,0.6667,6,6,4,0,0,6,4,0.3333
4,248.0000,30,0,714.1999,-87.1793,0.2556,9,0.2250,1.0000,8,8,7,0,0,8,7,0.1250
4,248.0000,30,1,923.4903,-88.4310,0.3327,4,0.1000,0.8750,8,8,8,0,0,8,8,0.0000
4,248.0000,30,9,609.5625,-84.9356,-0.7234,19,0.4750,1.0000,8,7,6,0,0,7,6,0.1429
4,248.0000,30,15,620.9886,-84.9495,-0.2842,22,0.5500,1.0000,8,7,4,0,0,7,4,0.4286
4,248.0000,30,19,871.4576,-86.3875,-0.6814,7,0.1750,1.0000,8,7,6,0,0,7,6,0.1429
4,248.0000,30,21,716.7092,-85.7501,0.0197,14,0.3500,0.8571,7,7,6,0,0,7,6,0.1429
4,248.0000,30,25,863.6862,-87.2561,-0.5792,7,0.1750,1.0000,8,8,8,0,0,8,8,0.0000
4,248.0000,30,27,970.2882,-87.7621,-1.3018,4,0.1000,0.8750,8,8,8,0,0,8,8,0.0000
4,248.0000,30,28,374.8354,-81.6884,-0.6098,30,0.7500,0.5000,4,7,3,0,0,7,3,0.5714
4,248.0000,30,32,711.7782,-84.8978,-0.1101,19,0.4750,0.8750,8,8,8,0,0,8,8,0.0000
4,248.0000,30,36,868.0022,-87.1953,-0.7570,10,0.2500,0.8571,7,8,8,0,0,8,8,0.0000
4,248.0000,30,39,364.2309,-81.8597,-0.0945,32,0.8000,0.5000,6,6,3,0,0,6,3,0.5000
4,248.0000,30,40,536.9900,-86.1617,0.0465,19,0.4750,0.6667,6,6,3,0,0,6,3,0.5000
4,248.0000,30,44,414.7148,-80.8174,-0.8946,31,0.7750,0.0000,4,4,0,0,0,4,0,1.0000
4,248.0000,30,46,817.3927,-88.1678,0.5654,8,0.2000,1.0000,8,7,6,0,0,7,6,0.1429
4,248.0000,31,1,703.1055,-86.5673,-0.6015,16,0.4000,1.0000,8,7,6,0,0,7,6,0.1429
4,248.0000,31,4,509.3606,-83.9813,-0.2468,11,0.2750,0.8571,7,8,8,0,0,8,8,0.0000
4,248.0000,31,5,866.2130,-87.9842,0.2798,6,0.1500,1.0000,8,2,2,0,0,2,2,0.0000
4,248.0000,31,6,590.4374,-85.6468,-0.0245,7,0.1750,1.0000,8,6,4,0,0,6,4,0.3333
4,248.0000,31,8,705.2575,-86.5319,2.0548,5,0.1250,1.0000,8,8,7,0,0,8,7,0.1250
4,248.0000,31,9,987.0936,-89.1125,0.2731,3,0.0750,1.0000,6,6,6,0,0,6,6,0.0000
4,248.0000,31,10,1054.4441,-87.0084,0.5322,3,0.0750,,0,2,2,0,0,2,2,0.0000
4,248.0000,31,11,787.5694,-86.8163,2.4867,3,0.0750,1.0000,8,8,8,0,0,8,8,0.0000
4,248.0000,31,12,786.9200,-86.6089,-0.8659,5,0.1250,1.0000,8,4,4,0,0,4,4,0.0000
4,248.0000,31,13,156.9961,-72.2406,-0.2724,36,0.9000,0.0854,82,5,2,81,9,86,11,0.8721
4,248.0000,31,14,673.6936,-85.9449,1.6387,6,0.1500,1.0000,8,7,6,0,0,7,6,0.1429
4,248.0000,31,17,1050.6409,-89.3321,0.3283,3,0.0750,1.0000,8,4,4,0,0,4,4,0.0000
4,248.0000,31,18,253.9919,-79.3667,0.8021,27,0.6750,0.2000,5,4,0,0,0,4,0,1.0000
4,248.0000,31,19,776.6445,-86.7370,0.5528,7,0.1750,0.8750,8,8,8,0,0,8,8,0.0000
4,248.0000,31,20,817.0333,-87.9003,-1.0234,4,0.1000,1.0000,8,8,8,0,0,8,8,0.0000
4,248.0000,31,21,925.1674,-88.1687,0.8098,3,0.0750,1.0000,6,4,4,0,0,4,4,0.0000
4,248.0000,31,24,955.1743,-88.6184,0.9344,3,0.0750,1.0000,6,6,6,0,0,6,6,0.0000
4,248.0000,31,25,719.4989,-86.8433,0.1749,11,0.2750,1.0000,8,8,8,0,0,8,8,0.0000
4,248.0000,31,26,932.3066,-87.3419,-0.4937,5,0.1250,1.0000,8,8,8,0,0,8,8,0.0000
4,248.0000,31,27,732.1494,-87.1727,0.6304,9,0.2250,1.0000,6,8,8,0,0,8,8,0.0000
4,248.0000,31,29,743.0548,-86.9145,-0.6249,6,0.1500,1.0000,8,8,8,0,0,8,8,0.0000
4,248.0000,31,34,750.8407,-86.6064,0.5800,6,0.1500,0.8571,7,10,10,0,0,10,10,0.0000
4,248.0000,31,36,733.4543,-86.3209,0.1508,12,0.3000,0.8571,7,8,8,0,0,8,8,0.0000
4,248.0000,31,42,349.4668,-80.3400,-0.3116,16,0.4000,0.6667,6,7,6,0,0,7,6,0.1429
4,248.0000,31,45,665.9181,-85.4521,0.4830,11,0.2750,1.0000,8,8,8,0,0,8,8,0.0000
4,248.0000,31,46,978.9179,-87.3123,1.0337,5,0.1250,1.0000,8,8,8,0,0,8,8,0.0000
4,248.0000,32,0,661.7915,-86.0971,0.6553,14,0.3500,0.8571,7,8,8,0,0,8,8,0.0000
4,248.0000,32,1,584.7066,-85.1743,-0.1157,12,0.3000,0.8571,7,7,6,0,0,7,6,0.1429
4,248.0000,32,9,493.1953,-84.1335,0.0379,22,0.5500,0.8750,8,7,6,0,0,7,6,0.1429
4,248.0000,32,15,109.9363,-63.9394,-1.1869,38,0.9500,0.2000,5,4,0,0,0,4,0,1.0000
4,248.0000,32,18,734.3214,-87.2757,0.5067,5,0.1250,1.0000,8,8,8,0,0,8,8,0.0000
4,248.0000,32,19,573.8485,-84.1139,-0.2305,15,0.3750,0.7143,7,7,6,0,0,7,6,0.1429
4,248.0000,32,21,388.4199,-81.5961,0.3705,29,0.7250,0.8571,7,4,2,0,0,4,2,0.5000
4,248.0000,32,25,500.8632,-84.2932,-0.4178,21,0.5250,0.7143,7,6,3,0,0,6,3,0.5000
4,248.0000,32,27,320.2882,-80.6307,0.9366,27,0.6750,0.4000,5,7,5,0,0,7,5,0.2857
4,248.0000,32,28,576.5120,-83.3507,-0.4694,24,0.6000,0.4000,5,7,6,0,0,7,6,0.1429
4,248.0000,32,30,711.7782,-84.3417,-0.7028,23,0.5750,0.7143,7,8,8,0,0,8,8,0.0000
4,248.0000,32,36,541.2630,-83.5994,0.0269,21,0.5250,0.7143,7,8,8,0,0,8,8,0.0000
4,248.0000,32,39,590.2116,-84.2434,-0.2918,32,0.8000,0.6667,6,8,7,0,0,8,7,0.1250
4,248.0000,32,40,733.7458,-85.8268,-0.0320,14,0.3500,1.0000,8,8,6,0,0,8,6,0.2500
4,248.0000,32,44,325.1419,-79.4768,0.0754,34,0.8500,0.5000,6,6,3,0,0,6,3,0.5000
4,248.0000,32,45,697.3314,-86.8067,-0.3372,4,0.1000,1.0000,8,8,7,0,0,8,7,0.1250
4,248.0000,32,46,727.3331,-85.6586,0.4672,7,0.1750,1.0000,8,8,8,0,0,8,8,0.0000
4,248.0000,33,2,437.3993,-82.1950,-0.7276,20,0.5000,0.7143,7,8,7,0,0,8,7,0.1250
4,248.0000,33,3,174.9247,-71.9290,-1.3163,31,0.7750,0.0000,4,4,0,0,0,4,0,1.0000
4,248.0000,33,5,532.4378,-85.6731,-0.2075,11,0.2750,0.8750,8,8,8,0,0,8,8,0.0000
4,248.0000,33,6,813.6613,-86.8328,-0.5017,14,0.3500,1.0000,8,8,8,0,0,8,8,0.0000
4,248.0000,33,7,358.8276,-81.5313,0.2967,25,0.6250,0.0000,4,5,2,0,0,5,2,0.6000
4,248.0000,33,8,1068.3737,-88.9650,2.0221,3,0.0750,1.0000,6,6,6,0,0,6,6,0.0000
4,248.0000,33,10,376.6377,-81.7525,0.1463,24,0.6000,0.7143,7,8,7,0,0,8,7,0.1250
4,248.0000,33,11,592.9319,-84.4439,-0.2991,17,0.4250,0.8571,7,6,3,0,0,6,3,0.5000
4,248.0000,33,12,704.5334,-87.8353,0.1734,10,0.2500,0.8750,8,8,8,0,0,8,8,0.0000
4,248.0000,33,14,682.0205,-85.9127,0.0259,13,0.3250,1.0000,8,6,4,0,0,6,4,0.3333
4,248.0000,33,16,464.0802,-81.5323,-0.7298,17,0.4250,0.5000,6,7,6,0,0,7,6,0.1429
4,248.0000,33,17,553.9153,-85.6649,-0.5522,20,0.5000,0.8571,7,8,7,0,0,8,7,0.1250
4,248.0000,33,20,685.2401,-85.5203,-0.3581,13,0.3250,0.8571,7,8,8,0,0,8,8,0.0000
4,248.0000,33,22,387.3774,-81.3595,0.5759,27,0.6750,0.2000,5,6,3,0,0,6,3,0.5000
4,248.0000,33,23,261.5766,-78.0647,-0.3611,32,0.8000,0.2000,5,7,4,0,0,7,4,0.4286
4,248.0000,33,24,702.1901,-86.7794,0.0897,13,0.3250,0.8571,7,8,7,0,0,8,7,0.1250
4,248.0000,33,26,496.3270,-83.8493,-0.1318,15,0.3750,0.7500,8,7,5,0,0,7,5,0.2857
4,248.0000,33,29,588.9219,-85.8500,-0.9019,13,0.3250,0.7500,8,7,6,0,0,7,6,0.1429
4,248.0000,33,34,654.6084,-86.5774,0.0803,11,0.2750,0.8750,8,10,10,0,0,10,10,0.0000
4,248.0000,33,35,82.1058,-68.8325,2.2275,33,0.8250,0.0000,4,4,0,0,0,4,0,1.0000
4,248.0000,33,37,262.9088,-80.3495,1.2561,29,0.7250,0.5714,7,6,2,0,0,6,2,0.6667
4,248.0000,33,38,715.3053,-85.8061,-0.8792,15,0.3750,1.0000,8,7,6,0,0,7,6,0.1429
4,248.0000,33,41,504.4950,-83.0836,0.5715,22,0.5500,0.8571,7,7,6,0,0,7,6,0.1429
4,248.0000,33,43,305.6189,-79.1555,0.3166,28,0.7000,0.4000,5,6,4,0,0,6,4,0.3333
4,248.0000,33,47,656.9835,-85.3583,-0.5114,14,0.3500,0.6667,6,8,8,0,0,8,8,0.0000
4,248.0000,34,2,438.7343,-84.0403,1.8274,17,0.4250,0.8750,8,6,4,0,0,6,4,0.3333
4,248.0000,34,3,535.1671,-85.1150,-0.1530,16,0.4000,0.8571,7,6,3,0,0,6,3,0.5000
4,248.0000,34,4,666.4733,-84.7885,0.0152,11,0.2750,1.0000,8,8,8,0,0,8,8,0.0000
4,248.0000,34,5,134.9212,-71.6913,-0.4128,39,0.9750,0.0000,4,4,0,0,0,4,0,1.0000
4,248.0000,34,6,173.6888,-65.7719,-6.6082,37,0.9250,0.0000,4,5,2,0,0,5,2,0.6000
4,248.0000,34,7,616.9619,-85.6782,0.0226,17,0.4250,1.0000,8,8,8,0,0,8,8,0.0000
4,248.0000,34,8,592.2143,-85.4362,0.6646,13,0.3250,1.0000,8,8,8,0,0,8,8,0.0000
4,248.0000,34,10,584.9976,-86.3148,1.0030,13,0.3250,1.0000,8,6,4,0,0,6,4,0.3333
4,248.0000,34,11,430.9228,-82.3042,0.3257,15,0.3750,0.7143,7,7,6,0,0,7,6,0.1429
4,248.0000,34,12,369.6460,-80.6834,0.3249,28,0.7000,0.7143,7,6,4,0,0,6,4,0.3333
4,248.0000,34,13,899.7142,-87.4602,-0.5727,5,0.1250,1.0000,8,4,4,0,0,4,4,0.0000
4,248.0000,34,14,128.7520,-74.2492,1.7906,33,0.8250,0.3333,6,5,0,0,0,5,0,1.0000
4,248.0000,34,16,457.2322,-83.3327,0.8870,17,0.4250,1.0000,8,6,4,0,0,6,4,0.3333
4,248.0000,34,17,726.4344,-87.1160,1.5745,6,0.1500,0.6667,6,7,5,0,0,7,5,0.2857
4,248.0000,34,18,737.3056,-87.9848,0.7023,5,0.1250,0.8333,6,7,5,0,0,7,5,0.2857
4,248.0000,34,20,357.4474,-80.0938,-0.5926,26,0.6500,0.8750,8,5,2,0,0,5,2,0.6000
4,248.0000,34,22,812.7387,-88.3867,-0.0977,10,0.2500,1.0000,4,8,8,0,0,8,8,0.0000
4,248.0000,34,23,765.8063,-86.9415,-0.0929,10,0.2500,1.0000,6,8,8,0,0,8,8,0.0000
4,248.0000,34,24,317.1497,-79.5957,0.2755,26,0.6500,0.5000,6,4,0,0,0,4,0,1.0000
4,248.0000,34,26,301.5645,-78.8277,-0.1477,30,0.7500,0.4000,5,7,4,0,0,7,4,0.4286
4,248.0000,34,27,962.8480,-89.0718,-0.4556,5,0.1250,1.0000,4,4,4,0,0,4,4,0.0000
4,248.0000,34,29,350.2253,-82.0625,1.4861,17,0.4250,0.7500,8,7,5,0,0,7,5,0.2857
4,248.0000,34,31,750.8407,-86.9450,0.7296,7,0.1750,0.6667,6,6,6,0,0,6,6,0.0000
4,248.0000,34,33,654.6084,-86.9778,1.0750,12,0.3000,0.8571,7,6,3,0,0,6,3,0.5000
4,248.0000,34,35,635.1289,-84.8842,0.5741,9,0.2250,0.8571,7,7,5,0,0,7,5,0.2857
4,248.0000,34,37,550.2362,-85.6866,0.9267,15,0.3750,1.0000,8,8,7,0,0,8,7,0.1250
4,248.0000,34,38,439.4197,-81.9681,0.2808,21,0.5250,0.4000,5,7,5,0,0,7,5,0.2857
4,248.0000,34,41,666.8679,-86.0381,0.2077,15,0.3750,0.6667,6,8,7,0,0,8,7,0.1250
4,248.0000,34,42,662.6298,-85.1581,0.6320,12,0.3000,1.0000,8,8,8,0,0,8,8,0.0000
4,248.0000,34,43,640.9616,-84.9549,-0.1087,12,0.3000,0.7143,7,7,6,0,0,7,6,0.1429
4,248.0000,34,45,719.5003,-86.9467,0.4780,7,0.1750,0.8571,7,7,6,0,0,7,6,0.1429
4,248.0000,34,47,204.8198,-76.6701,1.1857,33,0.8250,0.3333,6,4,0,0,0,4,0,1.0000
4,248.0000,35,2,443.5329,-84.4057,0.0210,17,0.4250,0.5714,7,7,6,0,0,7,6,0.1429
4,248.0000,35,3,207.6955,-75.4008,0.4749,29,0.7250,0.5000,6,4,0,0,0,4,0,1.0000
4,248.0000,35,4,1038.4068,-88.3090,-0.2866,6,0.1500,1.0000,6,8,8,0,0,8,8,0.0000
4,248.0000,35,5,511.9584,-85.1081,0.7083,13,0.3250,0.4000,5,8,8,0,0,8,8,0.0000
4,248.0000,35,6,800.9542,-86.9642,0.7877,10,0.2500,1.0000,8,8,8,0,0,8,8,0.0000
4,248.0000,35,7,298.3591,-81.5075,1.4043,23,0.5750,0.6667,6,4,0,0,0,4,0,1.0000
4,248.0000,35,10,428.7252,-82.5780,-0.3440,22,0.5500,0.7500,8,6,4,0,0,6,4,0.3333
4,248.0000,35,11,616.4462,-84.3324,-0.4196,13,0.3250,1.0000,8,8,7,0,0,8,7,0.1250
4,248.0000,35,12,714.9210,-87.5700,0.2873,10,0.2500,1.0000,8,8,7,0,0,8,7,0.1250
4,248.0000,35,14,672.2900,-85.7923,0.9913,12,0.3000,1.0000,8,6,4,0,0,6,4,0.3333
4,248.0000,35,16,449.6448,-82.9184,-0.6854,18,0.4500,0.5000,6,8,7,0,0,8,7,0.1250
4,248.0000,35,17,620.4084,-84.7264,-0.4264,18,0.4500,0.7500,8,5,3,0,0,5,3,0.4000
4,248.0000,35,20,691.9117,-87.4519,0.2545,7,0.1750,1.0000,8,7,6,0,0,7,6,0.1429
4,248.0000,35,22,398.5162,-83.3535,1.0169,22,0.5500,0.8571,7,8,7,0,0,8,7,0.1250
4,248.0000,35,23,301.7765,-80.9850,-0.3369,23,0.5750,0.2000,5,7,3,0,0,7,3,0.5714
4,248.0000,35,24,669.9634,-87.8700,-0.3955,6,0.1500,0.8571,7,8,7,0,0,8,7,0.1250
4,248.0000,35,26,494.5911,-84.2055,-0.3784,12,0.3000,0.8571,7,7,6,0,0,7,6,0.1429
4,248.0000,35,29,608.7051,-83.9638,0.7482,12,0.3000,0.8571,7,7,6,0,0,7,6,0.1429
4,248.0000,35,33,82.1058,-67.6897,2.0156,33,0.8250,0.0000,4,4,0,0,0,4,0,1.0000
4,248.0000,35,34,635.1289,-84.7868,0.7314,10,0.2500,1.0000,8,7,6,0,0,7,6,0.1429
4,248.0000,35,37,275.2001,-77.5454,-0.3318,33,0.8250,0.6667,6,6,3,0,0,6,3,0.5000
4,248.0000,35,38,685.5069,-85.9831,-0.6785,10,0.2500,1.0000,6,7,6,0,0,7,6,0.1429
4,248.0000,35,41,471.9068,-84.6662,-0.0806,19,0.4750,0.5714,7,6,3,0,0,6,3,0.5000
4,248.0000,35,43,367.8670,-79.0877,-0.8670,28,0.7000,0.0000,4,7,5,0,0,7,5,0.2857
4,248.0000,35,47,634.5242,-85.3515,0.9546,13,0.3250,1.0000,10,7,6,0,0,7,6,0.1429
4,248.0000,36,0,277.8456,-79.3339,0.8104,34,0.8293,0.5000,6,6,3,0,0,6,3,0.5000
4,248.0000,36,1,104.2004,-73.0244,1.3965,36,0.8780,0.0000,4,5,0,0,0,5,0,1.0000
4,248.0000,36,8,943.2923,-87.3077,4.2709,3,0.0732,1.0000,8,7,6,0,0,7,6,0.1429
4,248.0000,36,9,265.2082,-77.2961,-0.0530,36,0.8780,0.2000,5,5,2,0,0,5,2,0.6000
4,248.0000,36,13,632.8973,-83.8168,-0.4945,7,0.1707,0.8750,8,8,8,0,0,8,8,0.0000
4,248.0000,36,15,573.7767,-82.9764,-0.2303,17,0.4146,0.6667,6,7,6,0,0,7,6,0.1429
4,248.0000,36,18,621.6438,-84.3863,0.4031,9,0.2195,1.0000,8,8,8,0,0,8,8,0.0000
4,248.0000,36,19,162.0435,-73.0170,0.2492,38,0.9268,0.0000,4,4,0,0,0,4,0,1.0000
4,248.0000,36,21,409.3303,-81.1727,-1.0811,32,0.7805,0.4286,7,5,1,0,0,5,1,0.8000
4,248.0000,36,25,57.3219,-65.0221,2.2200,39,0.9512,0.0000,4,4,0,0,0,4,0,1.0000
4,248.0000,36,27,540.8809,-83.0851,-0.0613,16,0.3902,0.5000,6,8,7,0,0,8,7,0.1250
4,248.0000,36,28,566.2614,-83.6766,-0.9574,27,0.6585,0.6667,6,7,6,0,0,7,6,0.1429
4,248.0000,36,30,868.0022,-85.6905,0.1735,7,0.1707,0.8571,7,8,8,0,0,8,8,0.0000
4,248.0000,36,31,733.4543,-87.8572,0.6229,3,0.0732,0.8571,7,6,3,0,0,6,3,0.5000
4,248.0000,36,32,541.2630,-83.8827,-0.3477,24,0.5854,0.4286,7,7,6,0,0,7,6,0.1429
4,248.0000,36,39,632.1858,-83.9031,0.0378,22,0.5366,0.7143,7,8,8,0,0,8,8,0.0000
4,248.0000,36,40,502.9157,-83.1702,-0.5271,30,0.7317,0.4000,5,7,5,0,0,7,5,0.2857
4,248.0000,36,44,574.2664,-83.8350,0.0774,23,0.5610,0.8571,7,7,6,0,0,7,6,0.1429
4,248.0000,36,45,801.2747,-85.4395,1.0356,3,0.0732,1.0000,8,8,8,0,0,8,8,0.0000
4,248.0000,36,46,325.5762,-80.2041,0.3869,32,0.7805,0.0000,4,4,0,0,0,4,0,1.0000
4,248.0000,37,2,521.3562,-86.1514,0.0487,11,0.2750,0.8571,7,7,6,0,0,7,6,0.1429
4,248.0000,37,3,298.5885,-80.9757,0.4064,25,0.6250,0.7500,8,5,1,0,0,5,1,0.8000
4,248.0000,37,4,885.7777,-88.4526,0.2244,4,0.1000,1.0000,6,4,4,0,0,4,4,0.0000
4,248.0000,37,5,465.9744,-83.4905,0.1949,13,0.3250,0.7143,7,6,4,0,0,6,4,0.3333
4,248.0000,37,6,696.3543,-85.6887,0.0243,8,0.2000,0.8571,7,7,6,0,0,7,6,0.1429
4,248.0000,37,7,521.0625,-84.9132,0.5343,14,0.3500,0.6667,6,5,2,0,0,5,2,0.6000
4,248.0000,37,10,236.2238,-76.3551,-0.3575,36,0.9000,0.2000,5,5,1,0,0,5,1,0.8000
4,248.0000,37,11,387.4293,-80.5014,-0.4740,22,0.5500,0.5000,6,6,3,0,0,6,3,0.5000
4,248.0000,37,12,694.6058,-87.2478,-0.4705,7,0.1750,1.0000,8,8,7,0,0,8,7,0.1250
4,248.0000,37,14,534.3683,-85.1768,-0.4492,11,0.2750,0.8000,5,8,5,0,0,8,5,0.3750
4,248.0000,37,16,569.9095,-83.9653,0.0541,11,0.2750,0.8000,10,7,6,0,0,7,6,0.1429
4,248.0000,37,17,461.1421,-82.6432,0.2205,22,0.5500,0.7143,7,7,5,0,0,7,5,0.2857
4,248.0000,37,20,684.4186,-87.6138,1.1876,3,0.0750,0.6667,6,8,8,0,0,8,8,0.0000
4,248.0000,37,22,632.7835,-86.0235,0.8181,14,0.3500,1.0000,8,8,8,0,0,8,8,0.0000
4,248.0000,37,23,502.0807,-84.1353,0.5506,19,0.4750,0.8750,8,7,6,0,0,7,6,0.1429
4,248.0000,37,24,713.6715,-87.2434,-0.3427,3,0.0750,0.8750,8,7,4,0,0,7,4,0.4286
4,248.0000,37,26,509.9888,-84.8407,1.3225,10,0.2500,1.0000,8,7,5,0,0,7,5,0.2857
4,248.0000,37,29,413.8044,-84.0554,0.4786,15,0.3750,0.7143,7,5,2,0,0,5,2,0.6000
4,248.0000,37,33,262.9088,-79.9278,0.4720,26,0.6500,0.6667,6,5,2,0,0,5,2,0.6000
4,248.0000,37,34,550.2362,-84.7077,0.4914,9,0.2250,0.6667,6,7,5,0,0,7,5,0.2857
4,248.0000,37,35,275.2001,-77.0207,-0.4061,37,0.9250,0.2000,5,6,3,0,0,6,3,0.5000
4,248.0000,37,38,772.6059,-88.0764,-0.4954,7,0.1750,1.0000,8,8,7,0,0,8,7,0.1250
4,248.0000,37,41,684.9702,-86.8661,0.4224,13,0.3250,0.8750,8,8,8,0,0,8,8,0.0000
4,248.0000,37,42,951.8663,-87.5617,0.7218,4,0.1000,1.0000,6,6,6,0,0,6,6,0.0000
4,248.0000,37,43,222.9790,-76.0682,0.4760,33,0.8250,0.2000,5,5,1,0,0,5,1,0.8000
4,248.0000,37,47,634.4014,-86.0830,-0.9086,7,0.1750,0.8750,8,7,6,0,0,7,6,0.1429
4,248.0000,38,2,358.2053,-78.6878,-1.0685,21,0.5250,0.6667,6,7,6,0,0,7,6,0.1429
4,248.0000,38,3,585.6219,-85.8395,-0.5062,13,0.3250,0.6667,6,7,5,0,0,7,5,0.2857
4,248.0000,38,4,915.1360,-87.4561,-0.5097,5,0.1250,0.8750,8,6,6,0,0,6,6,0.0000
4,248.0000,38,5,381.9309,-80.9543,0.6421,19,0.4750,0.5000,6,8,7,0,0,8,7,0.1250
4,248.0000,38,6,515.8949,-82.7964,-0.1782,14,0.3500,1.0000,8,8,8,0,0,8,8,0.0000
4,248.0000,38,7,493.4784,-81.5541,-1.6021,20,0.5000,0.6667,6,6,4,0,0,6,4,0.3333
4,248.0000,38,8,538.3028,-84.7174,1.2774,10,0.2500,0.8571,7,5,2,0,0,5,2,0.6000
4,248.0000,38,10,824.2337,-87.8018,0.5560,6,0.1500,1.0000,8,7,6,0,0,7,6,0.1429
4,248.0000,38,11,795.0745,-87.5965,0.2900,10,0.2500,0.6667,6,8,8,0,0,8,8,0.0000
4,248.0000,38,12,394.2440,-82.3092,-0.4493,16,0.4000,0.8571,7,7,6,0,0,7,6,0.1429
4,248.0000,38,14,561.1423,-86.3529,-1.8923,8,0.2000,0.7143,7,8,7,0,0,8,7,0.1250
4,248.0000,38,16,276.0271,-78.7213,0.4248,21,0.5250,0.5000,6,4,0,0,0,4,0,1.0000
4,248.0000,38,17,952.2945,-86.7825,0.9243,3,0.0750,1.0000,6,6,6,0,0,6,6,0.0000
4,248.0000,38,20,352.0362,-79.4240,-0.4451,17,0.4250,0.7143,7,7,5,0,0,7,5,0.2857
4,248.0000,38,22,646.1715,-84.8739,0.3280,14,0.3500,1.0000,8,7,6,0,0,7,6,0.1429
4,248.0000,38,23,694.7600,-86.1500,-0.8522,12,0.3000,1.0000,8,7,6,0,0,7,6,0.1429
4,248.0000,38,24,135.1541,-70.9002,0.1407,34,0.8500,0.2000,5,4,0,0,0,4,0,1.0000
4,248.0000,38,26,326.2926,-80.4563,-0.2026,18,0.4500,0.6667,6,8,7,0,0,8,7,0.1250
4,248.0000,38,29,706.6247,-85.0910,-0.2271,10,0.2500,1.0000,8,6,4,0,0,6,4,0.3333
4,248.0000,38,33,715.3053,-86.6608,-0.1367,11,0.2750,0.8889,9,9,8,0,0,9,8,0.1111
4,248.0000,38,34,439.4197,-81.8024,-0.0236,17,0.4250,0.6667,6,8,8,0,0,8,8,0.0000
4,248.0000,38,35,685.5069,-85.6215,0.5694,10,0.2500,1.0000,8,7,6,0,0,7,6,0.1429
4,248.0000,38,37,772.6059,-87.8105,-0.2950,4,0.1000,1.0000,8,8,7,0,0,8,7,0.1250
4,248.0000,38,41,393.3284,-79.8173,-0.6639,20,0.5000,0.2000,5,7,6,0,0,7,6,0.1429
4,248.0000,38,43,836.6409,-87.9288,0.6201,10,0.2500,0.8750,8,8,8,0,0,8,8,0.0000
4,248.0000,38,45,693.5295,-88.0219,0.0864,7,0.1750,1.0000,6,8,8,0,0,8,8,0.0000
4,248.0000,38,47,238.7730,-75.2362,-0.1439,34,0.8500,0.5000,6,6,3,0,0,6,3,0.5000
4,248.0000,39,0,511.3665,-84.1262,0.4103,21,0.5250,0.8571,7,6,4,0,0,6,4,0.3333
4,248.0000,39,1,654.3741,-86.1719,0.1076,13,0.3250,1.0000,8,8,8,0,0,8,8,0.0000
4,248.0000,39,9,410.8227,-81.9482,-0.1385,26,0.6500,0.4000,5,7,6,0,0,7,6,0.1429
4,248.0000,39,15,502.9271,-83.4989,0.3978,16,0.4000,0.4000,5,7,4,0,0,7,4,0.4286
4,248.0000,39,19,580.5149,-83.9823,-0.3819,20,0.5000,0.7143,7,8,8,0,0,8,8,0.0000
4,248.0000,39,21,655.6151,-85.0249,-1.0671,12,0.3000,0.8571,7,7,6,0,0,7,6,0.1429
4,248.0000,39,25,618.7915,-84.4688,0.1143,16,0.4000,0.6667,6,8,8,0,0,8,8,0.0000
4,248.0000,39,27,856.4880,-87.0777,-1.7899,6,0.1500,1.0000,8,7,6,0,0,7,6,0.1429
4,248.0000,39,28,89.2746,-66.7369,-0.1353,35,0.8750,0.0000,4,4,0,0,0,4,0,1.0000
4,248.0000,39,30,364.2309,-81.1872,-0.2796,37,0.9250,0.5714,7,4,0,0,0,4,0,1.0000
4,248.0000,39,32,590.2116,-84.0912,0.1658,16,0.4000,0.6667,6,8,7,0,0,8,7,0.1250
4,248.0000,39,36,632.1858,-84.3295,-0.1847,14,0.3500,0.6667,6,7,6,0,0,7,6,0.1429
4,248.0000,39,40,360.3521,-81.6193,0.9439,31,0.7750,0.0000,4,4,0,0,0,4,0,1.0000
4,248.0000,39,44,405.0430,-80.6542,-0.8012,32,0.8000,0.5000,6,6,3,0,0,6,3,0.5000
4,248.0000,39,46,518.3282,-84.5431,-0.0960,25,0.6250,0.8571,7,7,4,0,0,7,4,0.4286
4,248.0000,40,0,252.4409,-76.9027,-0.3050,36,0.9000,0.0000,4,5,1,0,0,5,1,0.8000
4,248.0000,40,1,541.2403,-82.9809,0.3134,19,0.4750,0.5714,7,8,8,69,63,77,71,0.0779
4,248.0000,40,9,287.5661,-76.3459,-1.2104,32,0.8000,0.0000,4,5,2,0,0,5,2,0.6000
4,248.0000,40,15,688.6374,-85.8436,1.0450,4,0.1000,1.0000,8,7,6,62,58,69,64,0.0725
4,248.0000,40,19,492.5135,-83.5857,-0.7773,24,0.6000,0.5714,7,6,3,0,0,6,3,0.5000
4,248.0000,40,21,598.6302,-84.4363,1.2573,12,0.3000,0.8760,129,7,5,10,10,17,15,0.1176
4,248.0000,40,25,523.7153,-82.4857,-0.4191,23,0.5750,0.8889,9,8,6,0,0,8,6,0.2500
4,248.0000,40,27,893.2542,-87.5503,-0.5258,4,0.1000,0.9615,26,8,8,0,0,8,8,0.0000
4,248.0000,40,28,279.9030,-80.2973,0.1284,32,0.8000,0.0000,4,5,1,0,0,5,1,0.8000
4,248.0000,40,30,536.9900,-84.9477,0.4197,24,0.6000,0.9000,10,6,4,0,0,6,4,0.3333
4,248.0000,40,32,733.7458,-85.8007,-0.6868,10,0.2500,0.8750,8,8,7,0,0,8,7,0.1250
4,248.0000,40,36,502.9157,-82.9227,-0.3048,22,0.5500,0.3333,6,8,7,0,0,8,7,0.1250
4,248.0000,40,39,360.3521,-82.2680,1.1500,32,0.8000,0.0000,4,5,1,0,0,5,1,0.8000
4,248.0000,40,44,527.8640,-83.4618,0.3983,23,0.5750,0.8571,7,8,7,0,0,8,7,0.1250
4,248.0000,40,46,347.4545,-80.8319,0.0880,31,0.7750,0.2000,5,4,0,0,0,4,0,1.0000
4,248.0000,41,2,352.7053,-77.3065,-0.7600,20,0.4878,0.8750,8,6,4,0,0,6,4,0.3333
4,248.0000,41,3,440.3127,-81.9115,0.1998,16,0.3902,0.5714,7,7,6,0,0,7,6,0.1429
4,248.0000,41,5,544.8888,-85.3405,0.0428,7,0.1707,0.7143,7,7,5,0,0,7,5,0.2857
4,248.0000,41,6,804.4969,-85.3917,-0.3518,4,0.0976,1.0000,8,8,8,0,0,8,8,0.0000
4,248.0000,41,7,231.1658,-76.6055,-0.8003,31,0.7561,0.2000,5,7,5,0,0,7,5,0.2857
4,248.0000,41,8,876.7668,-87.9977,-1.5699,4,0.0976,1.0000,8,8,8,0,0,8,8,0.0000
4,248.0000,41,10,772.6601,-87.9898,1.5402,5,0.1220,1.0000,8,8,8,0,0,8,8,0.0000
4,248.0000,41,11,877.6803,-88.5289,0.2367,4,0.0976,1.0000,8,4,4,0,0,4,4,0.0000
4,248.0000,41,12,618.3269,-86.0181,0.4649,7,0.1707,0.7143,7,7,6,0,0,7,6,0.1429
4,248.0000,41,14,769.2032,-85.5719,0.4672,6,0.1463,1.0000,8,8,8,0,0,8,8,0.0000
4,248.0000,41,16,247.8438,-76.9017,0.3802,24,0.5854,0.4000,5,7,6,0,0,7,6,0.1429
4,248.0000,41,20,578.9156,-84.3856,0.2265,12,0.2927,0.6667,6,8,8,0,0,8,8,0.0000
4,248.0000,41,22,309.2023,-80.0478,1.0177,23,0.5610,0.6667,6,6,3,0,0,6,3,0.5000
4,248.0000,41,23,414.6945,-82.1772,0.6133,21,0.5122,0.5000,6,5,2,0,0,5,2,0.6000
4,248.0000,41,24,471.1551,-83.3990,-0.3117,12,0.2927,0.5000,6,5,2,0,0,5,2,0.6000
4,248.0000,41,26,444.4964,-82.7209,0.4678,10,0.2439,0.7143,7,6,4,0,0,6,4,0.3333
4,248.0000,41,29,816.4870,-87.8894,-0.1887,6,0.1463,0.8571,7,8,8,0,0,8,8,0.0000
4,248.0000,41,33,504.4950,-83.2254,-0.6859,17,0.4146,0.6667,6,7,6,0,0,7,6,0.1429
4,248.0000,41,34,666.8679,-85.0983,0.5792,8,0.1951,1.0000,10,7,6,0,0,7,6,0.1429
4,248.0000,41,35,471.9068,-82.8486,0.3868,12,0.2927,0.2000,5,8,8,0,0,8,8,0.0000
4,248.0000,41,37,684.9702,-87.8139,0.5542,7,0.1707,0.5000,6,6,3,0,0,6,3,0.5000
4,248.0000,41,38,393.3284,-79.3132,-1.4494,20,0.4878,0.6667,6,6,4,0,0,6,4,0.3333
4,248.0000,41,43,737.3335,-85.2812,-0.7507,8,0.1951,0.7143,7,8,8,0,0,8,8,0.0000
4,248.0000,41,47,523.1186,-82.2964,0.9519,12,0.2927,0.8571,7,8,8,0,0,8,8,0.0000
4,248.0000,42,1,959.0891,-88.0355,0.5928,5,0.1250,1.0000,6,2,2,0,0,2,2,0.0000
4,248.0000,42,2,845.5569,-86.6732,1.7746,3,0.0750,0.8750,8,8,8,0,0,8,8,0.0000
4,248.0000,42,3,947.1716,-88.2804,-1.3313,3,0.0750,1.0000,2,8,8,0,0,8,8,0.0000
4,248.0000,42,4,160.5823,-73.3137,-0.4515,34,0.8500,0.2000,5,6,2,0,0,6,2,0.6667
4,248.0000,42,5,736.9177,-85.2159,-1.4498,4,0.1000,1.0000,8,8,7,0,0,8,7,0.1250
4,248.0000,42,6,546.6055,-84.0325,-1.0992,7,0.1750,1.0000,8,8,8,0,0,8,8,0.0000
4,248.0000,42,8,623.3276,-85.4276,0.3722,10,0.2500,0.6667,6,8,8,0,0,8,8,0.0000
4,248.0000,42,10,806.9669,-87.9404,-0.0347,4,0.1000,1.0000,8,8,8,0,0,8,8,0.0000
4,248.0000,42,11,588.9926,-85.2243,0.2656,9,0.2250,1.0000,8,8,6,0,0,8,6,0.2500
4,248.0000,42,12,588.8161,-84.6210,0.1888,10,0.2500,0.8750,8,8,8,0,0,8,8,0.0000
4,248.0000,42,13,421.2460,-82.1477,-0.2639,27,0.6750,0.7500,8,5,1,0,0,5,1,0.8000
4,248.0000,42,14,579.6992,-85.0517,-0.0506,9,0.2250,1.0000,8,7,6,0,0,7,6,0.1429
4,248.0000,42,17,755.3668,-85.6777,-1.9796,7,0.1750,1.0000,8,8,8,0,0,8,8,0.0000
4,248.0000,42,18,532.5255,-84.5768,1.7647,10,0.2500,0.8750,8,6,3,0,0,6,3,0.5000
4,248.0000,42,19,1044.6566,-89.8127,0.0185,3,0.0750,,0,4,4,0,0,4,4,0.0000
4,248.0000,42,20,628.2652,-86.5339,-0.1720,4,0.1000,1.0000,8,8,8,0,0,8,8,0.0000
4,248.0000,42,24,866.3379,-88.1606,-0.8581,4,0.1000,1.0000,8,8,8,0,0,8,8,0.0000
4,248.0000,42,26,745.0689,-84.7557,0.7453,7,0.1750,1.0000,8,8,8,0,0,8,8,0.0000
4,248.0000,42,29,542.0993,-82.8556,-0.4240,12,0.3000,1.0000,8,8,8,0,0,8,8,0.0000
4,248.0000,42,31,349.4668,-80.9259,0.1276,22,0.5500,0.7143,7,4,0,0,0,4,0,1.0000
4,248.0000,42,34,662.6298,-84.9383,-1.5562,7,0.1750,1.0000,8,7,6,0,0,7,6,0.1429
4,248.0000,42,37,951.8663,-87.9659,0.1513,3,0.0750,1.0000,8,6,6,0,0,6,6,0.0000
4,248.0000,42,43,895.4750,-87.3824,-1.1042,4,0.1000,0.8750,8,4,4,0,0,4,4,0.0000
4,248.0000,42,45,623.0912,-85.2134,-0.7469,4,0.1000,1.0000,6,7,6,0,0,7,6,0.1429
4,248.0000,42,47,750.6125,-87.4829,-0.6703,4,0.1000,1.0000,8,6,6,0,0,6,6,0.0000
4,248.0000,43,2,516.9131,-84.6091,0.1636,14,0.3500,0.5000,6,6,4,0,0,6,4,0.3333
4,248.0000,43,3,297.2686,-78.6153,-0.1651,27,0.6750,0.2000,5,7,6,0,0,7,6,0.1429
4,248.0000,43,4,797.8284,-87.1856,0.0277,10,0.2500,1.0000,8,7,6,0,0,7,6,0.1429
4,248.0000,43,5,556.3500,-85.0422,0.7514,11,0.2750,0.8571,7,7,6,0,0,7,6,0.1429
4,248.0000,43,6,761.8935,-86.1499,0.3458,7,0.1750,1.0000,8,8,8,0,0,8,8,0.0000
4,248.0000,43,7,626.3215,-85.7097,-0.0105,13,0.3250,0.6667,6,8,8,0,0,8,8,0.0000
4,248.0000,43,10,98.7276,-71.7439,2.0201,34,0.8500,0.0000,4,5,1,0,0,5,1,0.8000
4,248.0000,43,11,385.3740,-80.4516,0.2002,23,0.5750,0.8750,8,8,7,0,0,8,7,0.1250
4,248.0000,43,12,673.2978,-85.9700,-0.8371,8,0.2000,0.8750,8,8,8,0,0,8,8,0.0000
4,248.0000,43,14,611.5911,-84.4173,-0.7680,12,0.3000,0.8571,7,8,8,0,0,8,8,0.0000
4,248.0000,43,16,602.7272,-83.5981,-0.8879,14,0.3500,1.0000,8,8,8,0,0,8,8,0.0000
4,248.0000,43,17,264.2932,-79.2235,0.7438,31,0.7750,0.4000,5,4,0,0,0,4,0,1.0000
4,248.0000,43,20,672.6107,-85.9559,0.0018,10,0.2500,0.7500,8,7,6,0,0,7,6,0.1429
4,248.0000,43,22,611.7712,-85.5485,0.6873,16,0.4000,0.8571,7,8,8,0,0,8,8,0.0000
4,248.0000,43,23,454.3396,-82.4091,0.7328,17,0.4250,0.8571,7,6,2,0,0,6,2,0.6667
4,248.0000,43,24,795.8586,-86.4688,-0.0143,7,0.1750,1.0000,8,8,8,0,0,8,8,0.0000
4,248.0000,43,26,532.0506,-84.3101,0.3058,15,0.3750,0.8571,7,8,8,0,0,8,8,0.0000
4,248.0000,43,29,414.2553,-82.7158,-0.1003,19,0.4750,0.5000,6,8,7,0,0,8,7,0.1250
4,248.0000,43,31,1147.3532,-89.5793,-0.0693,3,0.0750,1.0000,2,6,6,0,0,6,6,0.0000
4,248.0000,43,33,305.6189,-79.3798,0.3866,28,0.7000,0.5000,6,8,7,0,0,8,7,0.1250
4,248.0000,43,34,640.9616,-85.0488,0.0743,8,0.2000,0.8571,7,7,6,0,0,7,6,0.1429
4,248.0000,43,35,367.8670,-78.6085,-0.7920,28,0.7000,0.5000,6,6,4,0,0,6,4,0.3333
4,248.0000,43,37,222.9790,-76.5784,0.3573,34,0.8500,0.4000,5,6,3,0,0,6,3,0.5000
4,248.0000,43,38,836.6409,-85.1136,-0.5857,7,0.1750,0.8571,7,8,8,0,0,8,8,0.0000
4,248.0000,43,41,737.3335,-85.6476,-0.7538,13,0.3250,0.8750,8,8,8,0,0,8,8,0.0000
4,248.0000,43,42,895.4750,-87.1404,-0.7870,4,0.1000,0.5714,7,8,8,0,0,8,8,0.0000
4,248.0000,43,45,1167.2620,-88.7530,0.1741,3,0.0750,1.0000,2,8,8,0,0,8,8,0.0000
4,248.0000,43,47,705.0501,-85.4401,-0.4417,12,0.3000,1.0000,8,7,6,0,0,7,6,0.1429
4,248.0000,44,0,545.2915,-84.7305,0.1377,16,0.4000,0.8750,8,8,7,0,0,8,7,0.1250
4,248.0000,44,1,643.0040,-85.6584,0.1835,16,0.4000,0.8750,8,7,5,0,0,7,5,0.2857
4,248.0000,44,9,379.7551,-81.5697,0.3704,27,0.6750,0.7143,7,6,3,0,0,6,3,0.5000
4,248.0000,44,15,267.4718,-80.1747,0.5533,27,0.6750,0.0000,4,5,1,0,0,5,1,0.8000
4,248.0000,44,18,986.4555,-87.9466,-0.4276,3,0.0750,1.0000,8,8,8,0,0,8,8,0.0000
4,248.0000,44,19,617.1593,-84.2295,-0.0041,16,0.4000,0.8571,7,8,7,0,0,8,7,0.1250
4,248.0000,44,21,348.5524,-80.7315,-0.1641,31,0.7750,0.4000,5,5,2,0,0,5,2,0.6000
4,248.0000,44,25,558.7365,-84.2596,0.2211,17,0.4250,0.8571,7,6,4,0,0,6,4,0.3333
4,248.0000,44,27,555.7210,-83.8125,0.0522,13,0.3250,0.7857,28,6,4,0,0,6,4,0.3333
4,248.0000,44,28,376.1972,-79.4231,-0.3535,30,0.7500,0.2000,5,6,3,0,0,6,3,0.5000
4,248.0000,44,30,414.7148,-80.2787,-1.5843,37,0.9250,0.4000,5,6,3,0,0,6,3,0.5000
4,248.0000,44,32,325.1419,-80.2997,-0.0614,30,0.7500,0.0000,4,4,0,0,0,4,0,1.0000
4,248.0000,44,36,574.2664,-84.3207,-0.0785,18,0.4500,0.6667,6,7,6,0,0,7,6,0.1429
4,248.0000,44,39,405.0430,-81.3032,-0.4324,30,0.7500,0.4000,5,6,3,0,0,6,3,0.5000
4,248.0000,44,40,527.8640,-83.3065,0.4349,25,0.6250,0.8750,8,7,6,0,0,7,6,0.1429
4,248.0000,44,45,906.4425,-87.3876,-1.6263,3,0.0750,1.0000,8,8,8,0,0,8,8,0.0000
4,248.0000,44,46,673.6887,-85.9840,-0.2502,17,0.4250,0.8750,8,8,8,0,0,8,8,0.0000
4,248.0000,45,0,1017.0746,-88.8898,-0.0039,5,0.1250,1.0000,8,2,2,0,0,2,2,0.0000
4,248.0000,45,1,849.2849,-87.0222,-0.1898,11,0.2750,0.8571,7,6,6,0,0,6,6,0.0000
4,248.0000,45,2,805.9579,-88.1068,-3.3665,4,0.1000,1.0000,6,8,8,0,0,8,8,0.0000
4,248.0000,45,4,652.7171,-85.9562,-0.2329,7,0.1750,0.8571,7,8,8,0,0,8,8,0.0000
4,248.0000,45,6,601.7900,-84.7344,0.4890,5,0.1250,1.0000,8,8,7,0,0,8,7,0.1250
4,248.0000,45,8,159.4380,-76.1969,1.3841,29,0.7250,0.4000,5,6,2,0,0,6,2,0.6667
4,248.0000,45,9,927.9113,-88.8311,-0.0485,4,0.1000,1.0000,6,2,2,0,0,2,2,0.0000
4,248.0000,45,12,514.3960,-84.0070,0.9743,9,0.2250,1.0000,8,6,6,0,0,6,6,0.0000
4,248.0000,45,13,710.4554,-85.0651,0.3888,11,0.2750,1.0000,8,8,8,0,0,8,8,0.0000
4,248.0000,45,15,805.4167,-85.6620,0.4356,10,0.2500,1.0000,8,6,5,0,0,6,5,0.1667
4,248.0000,45,16,835.8982,-86.7836,-1.0214,3,0.0750,0.8000,5,8,8,0,0,8,8,0.0000
4,248.0000,45,18,573.7315,-84.5926,0.2413,15,0.3750,1.0000,8,8,8,0,0,8,8,0.0000
4,248.0000,45,19,915.4402,-86.3243,0.4116,4,0.1000,1.0000,8,8,8,0,0,8,8,0.0000
4,248.0000,45,20,532.4045,-83.4504,0.9441,6,0.1500,1.0000,8,8,8,0,0,8,8,0.0000
4,248.0000,45,21,647.3038,-85.2631,-0.0422,17,0.4250,1.0000,8,8,7,0,0,8,7,0.1250
4,248.0000,45,24,676.9169,-87.1411,-1.6080,4,0.1000,1.0000,8,7,6,0,0,7,6,0.1429
4,248.0000,45,25,784.6896,-86.6602,-0.2729,11,0.2750,1.0000,8,8,8,0,0,8,8,0.0000
4,248.0000,45,26,726.6495,-87.8037,1.7494,4,0.1000,1.0000,8,8,8,0,0,8,8,0.0000
4,248.0000,45,27,381.2969,-80.9076,-0.4636,26,0.6500,0.8750,8,6,4,0,0,6,4,0.3333
4,248.0000,45,29,863.3749,-87.7823,0.6733,3,0.0750,1.0000,8,8,8,0,0,8,8,0.0000
4,248.0000,45,31,665.9181,-86.9941,1.0190,3,0.0750,1.0000,8,8,8,0,0,8,8,0.0000
4,248.0000,45,32,697.3314,-86.0310,-0.1019,12,0.3000,0.8571,7,5,4,0,0,5,4,0.2000
4,248.0000,45,34,719.5003,-87.8717,-0.9641,5,0.1250,1.0000,8,8,8,0,0,8,8,0.0000
4,248.0000,45,36,801.2747,-86.0749,0.0214,11,0.2750,0.8571,7,8,8,0,0,8,8,0.0000
4,248.0000,45,38,693.5295,-85.4537,-0.2131,4,0.1000,1.0000,4,8,8,0,0,8,8,0.0000
4,248.0000,45,42,623.0912,-85.0401,1.0912,7,0.1750,1.0000,8,8,8,0,0,8,8,0.0000
4,248.0000,45,44,906.4425,-88.2519,0.0540,5,0.1250,1.0000,8,8,8,0,0,8,8,0.0000
4,248.0000,45,46,1123.1912,-88.4694,-0.1892,3,0.0750,1.0000,8,2,2,0,0,2,2,0.0000
4,248.0000,45,47,646.0298,-88.0840,0.1220,5,0.1250,1.0000,10,8,7,0,0,8,7,0.1250
4,248.0000,46,0,246.1549,-76.2252,0.3506,28,0.7000,0.0000,3,5,1,0,0,5,1,0.8000
4,248.0000,46,1,295.0398,-76.8225,-0.9249,31,0.7750,0.2000,5,6,4,0,0,6,4,0.3333
4,248.0000,46,9,322.9354,-80.1036,-0.2913,25,0.6250,0.0000,4,6,3,0,0,6,3,0.5000
4,248.0000,46,15,712.6605,-86.4012,1.2988,7,0.1750,0.8750,8,8,8,0,0,8,8,0.0000
4,248.0000,46,18,874.8881,-87.5081,0.2246,6,0.1500,1.0000,8,8,8,0,0,8,8,0.0000
4,248.0000,46,19,232.1476,-77.6813,0.2779,29,0.7250,0.0000,4,5,1,0,0,5,1,0.8000
4,248.0000,46,21,649.3188,-85.4626,-0.3696,14,0.3500,0.8750,8,8,7,0,0,8,7,0.1250
4,248.0000,46,25,339.6867,-78.6626,-0.9610,29,0.7250,0.3333,6,6,4,0,0,6,4,0.3333
4,248.0000,46,27,830.7008,-86.6433,-1.6646,4,0.1000,1.0000,8,8,7,0,0,8,7,0.1250
4,248.0000,46,28,459.9118,-84.0951,-0.6419,20,0.5000,0.8571,7,6,2,0,0,6,2,0.6667
4,248.0000,46,30,817.3927,-87.9339,-0.7874,5,0.1250,1.0000,8,7,5,0,0,7,5,0.2857
4,248.0000,46,32,727.3331,-86.1931,0.5376,9,0.2250,0.8571,7,8,8,0,0,8,8,0.0000
4,248.0000,46,36,325.5762,-80.1203,-0.1357,24,0.6000,0.6667,6,5,2,0,0,5,2,0.6000
4,248.0000,46,39,518.3282,-85.8779,0.4291,18,0.4500,0.6250,8,5,2,0,0,5,2,0.6000
4,248.0000,46,40,347.4545,-81.2635,-0.5148,25,0.6250,0.6667,6,5,1,0,0,5,1,0.8000
4,248.0000,46,44,673.6887,-86.4629,0.8090,11,0.2750,0.6667,6,6,3,0,0,6,3,0.5000
4,248.0000,47,2,333.1540,-79.7524,-0.6576,22,0.5500,0.5000,6,7,6,0,0,7,6,0.1429
4,248.0000,47,3,518.5602,-83.5874,0.3053,20,0.5000,0.4000,5,8,7,0,0,8,7,0.1250
4,248.0000,47,4,735.7996,-85.7509,0.2346,6,0.1500,1.0000,8,8,8,0,0,8,8,0.0000
4,248.0000,47,5,178.9279,-74.2380,0.4246,34,0.8500,0.0000,4,6,3,0,0,6,3,0.5000
4,248.0000,47,6,291.2249,-78.8346,0.0548,28,0.7000,0.2000,5,7,5,0,0,7,5,0.2857
4,248.0000,47,7,537.5590,-83.2948,-0.4897,20,0.5000,0.8571,7,6,3,0,0,6,3,0.5000
4,248.0000,47,8,496.7777,-85.2675,-0.1459,12,0.3000,0.8571,7,6,3,0,0,6,3,0.5000
4,248.0000,47,10,669.4402,-85.8396,-0.4099,11,0.2750,0.6667,6,8,7,0,0,8,7,0.1250
4,248.0000,47,11,581.8118,-84.4376,-0.3987,12,0.3000,0.6250,8,8,8,0,0,8,8,0.0000
4,248.0000,47,12,283.8155,-79.4225,1.0283,26,0.6500,0.3333,6,7,5,0,0,7,5,0.2857
4,248.0000,47,13,993.8327,-88.8390,-0.5057,3,0.0750,1.0000,4,4,4,0,0,4,4,0.0000
4,248.0000,47,14,323.2320,-80.2544,0.9535,20,0.5000,0.4000,5,5,2,0,0,5,2,0.6000
4,248.0000,47,16,317.9377,-79.7802,-0.3868,27,0.6750,0.8571,7,6,4,0,0,6,4,0.3333
4,248.0000,47,17,800.4836,-87.4592,-0.0045,8,0.2000,1.0000,8,8,8,0,0,8,8,0.0000
4,248.0000,47,18,810.8422,-88.5284,0.4390,3,0.0750,1.0000,6,6,5,0,0,6,5,0.1667
4,248.0000,47,20,251.7558,-77.1051,0.0125,28,0.7000,0.2000,5,5,1,0,0,5,1,0.8000
4,248.0000,47,22,711.8731,-86.8781,-0.5293,14,0.3500,0.8571,7,7,5,0,0,7,5,0.2857
4,248.0000,47,23,703.7765,-85.6909,0.0641,10,0.2500,0.8571,7,8,8,0,0,8,8,0.0000
4,248.0000,47,24,130.5249,-73.5021,0.8302,39,0.9750,0.0000,4,6,2,0,0,6,2,0.6667
4,248.0000,47,26,214.5943,-75.8346,0.4228,34,0.8500,0.2000,5,5,1,0,0,5,1,0.8000
4,248.0000,47,29,491.4361,-83.9213,0.3707,13,0.3250,0.6667,6,7,5,0,0,7,5,0.2857
4,248.0000,47,31,857.5030,-88.2204,1.0424,5,0.1250,1.0000,4,4,4,0,0,4,4,0.0000
4,248.0000,47,33,656.9835,-84.7209,-1.0368,15,0.3750,1.0000,8,8,8,0,0,8,8,0.0000
4,248.0000,47,34,204.8198,-77.2014,0.9671,29,0.7250,0.2000,5,4,0,0,0,4,0,1.0000
4,248.0000,47,35,634.5242,-85.0384,-0.4542,12,0.3000,0.6667,6,7,6,0,0,7,6,0.1429
4,248.0000,47,37,634.4014,-84.7584,-0.3229,9,0.2250,0.8750,8,7,6,0,0,7,6,0.1429
4,248.0000,47,38,238.7730,-76.1237,-0.3550,33,0.8250,0.0000,4,4,0,0,0,4,0,1.0000
4,248.0000,47,41,523.1186,-82.8404,-0.8769,23,0.5750,0.7143,7,8,7,0,0,8,7,0.1250
4,248.0000,47,42,750.6125,-86.8620,-1.5658,8,0.2000,1.0000,8,4,4,0,0,4,4,0.0000
4,248.0000,47,43,705.0501,-86.0613,-1.9873,11,0.2750,0.7143,7,8,8,0,0,8,8,0.0000
4,248.0000,47,45,646.0298,-86.1695,-0.2445,7,0.1750,0.8333,6,8,7,0,0,8,7,0.1250
4,252.0000,0,1,390.5439,-80.9626,-1.4971,32,0.8000,0.2000,5,7,6,0,0,7,6,0.1429
4,252.0000,0,9,189.1268,-74.7421,-0.5594,35,0.8750,0.0000,4,5,1,0,0,5,1,0.8000
4,252.0000,0,15,500.2983,-84.1569,0.4222,18,0.4500,0.6667,6,6,3,0,0,6,3,0.5000
4,252.0000,0,19,377.7719,-80.8283,0.0195,35,0.8750,0.4000,5,7,6,0,0,7,6,0.1429
4,252.0000,0,21,454.1387,-82.1670,0.3811,21,0.5250,0.8750,8,8,7,0,0,8,7,0.1250
4,252.0000,0,25,399.5914,-80.6143,-0.7341,32,0.8000,0.3333,6,8,7,0,0,8,7,0.1250
4,252.0000,0,27,776.2196,-87.9255,-0.8375,3,0.0750,0.8571,7,8,8,0,0,8,8,0.0000
4,252.0000,0,28,397.2121,-82.0995,-0.0505,36,0.9000,0.4000,5,5,2,0,0,5,2,0.6000
4,252.0000,0,30,586.1945,-85.8177,-0.1446,26,0.6500,0.4000,5,7,4,0,0,7,4,0.4286
4,252.0000,0,32,628.7825,-84.7929,0.0401,12,0.3000,1.0000,8,7,6,0,0,7,6,0.1429
4,252.0000,0,36,385.3880,-79.8267,-1.2026,36,0.9000,0.6000,5,4,0,0,0,4,0,1.0000
4,252.0000,0,39,489.4746,-83.3381,0.0732,30,0.7500,0.5714,7,6,4,0,0,6,4,0.3333
4,252.0000,0,40,299.0444,-78.8890,-0.0241,38,0.9500,0.2000,5,4,0,0,0,4,0,1.0000
4,252.0000,0,44,481.1208,-83.4863,-0.0305,27,0.6750,0.5714,7,7,5,0,0,7,5,0.2857
4,252.0000,0,46,295.4214,-77.9240,-0.6107,38,0.9500,0.2000,5,5,1,0,0,5,1,0.8000
4,252.0000,1,0,390.5439,-81.4389,0.0874,27,0.6750,0.4000,5,6,3,0,0,6,3,0.5000
4,252.0000,1,9,329.0617,-80.1330,-0.2836,28,0.7000,0.7143,7,5,2,0,0,5,2,0.6000
4,252.0000,1,13,533.0861,-83.1063,-0.0723,15,0.3750,1.0000,8,6,4,0,0,6,4,0.3333
4,252.0000,1,15,526.4696,-84.7155,0.1735,16,0.4000,0.6667,6,7,5,0,0,7,5,0.2857
4,252.0000,1,18,642.7880,-84.6230,-0.2491,6,0.1500,0.8571,7,7,5,0,0,7,5,0.2857
4,252.0000,1,19,193.5532,-71.3792,-1.7309,33,0.8250,0.0000,4,5,1,0,0,5,1,0.8000
4,252.0000,1,21,460.3148,-82.6874,0.1083,15,0.3750,0.7143,7,7,6,0,0,7,6,0.1429
4,252.0000,1,25,88.4456,-67.7609,0.4696,37,0.9250,0.2000,5,4,0,0,0,4,0,1.0000
4,252.0000,1,27,595.5025,-84.4781,0.5965,8,0.2000,0.7692,26,8,8,0,0,8,8,0.0000
4,252.0000,1,28,668.4750,-85.2221,-0.0535,14,0.3500,0.8571,7,8,8,0,0,8,8,0.0000
4,252.0000,1,30,877.2392,-87.9993,0.2135,7,0.1750,1.0000,6,8,8,0,0,8,8,0.0000
4,252.0000,1,31,644.9717,-85.1773,-0.5061,6,0.1500,1.0000,8,8,8,0,0,8,8,0.0000
4,252.0000,1,32,502.2779,-83.9908,0.3489,13,0.3250,0.7143,7,6,3,0,0,6,3,0.5000
4,252.0000,1,36,127.6168,-68.2149,-0.8120,37,0.9250,0.0000,4,4,0,0,0,4,0,1.0000
4,252.0000,1,39,730.7408,-86.4776,-0.5238,11,0.2750,0.7143,7,8,8,0,0,8,8,0.0000
4,252.0000,1,40,655.3199,-84.8160,-0.4311,19,0.4750,0.8750,8,7,6,0,0,7,6,0.1429
4,252.0000,1,44,596.7662,-84.2755,0.4284,15,0.3750,0.8750,8,6,4,0,0,6,4,0.3333
4,252.0000,1,46,446.1793,-81.6930,-0.6664,31,0.7750,0.5000,6,8,7,0,0,8,7,0.1250
4,252.0000,2,3,233.3490,-78.0176,0.6945,28,0.7000,0.6667,6,5,2,0,0,5,2,0.6000
4,252.0000,2,4,715.5039,-87.3480,-0.5735,10,0.2500,1.0000,8,8,7,0,0,8,7,0.1250
4,252.0000,2,5,278.7653,-78.2928,0.4577,25,0.6250,0.2000,5,4,0,0,0,4,0,1.0000
4,252.0000,2,6,572.5076,-85.4411,0.0929,16,0.4000,0.6667,6,6,4,0,0,6,4,0.3333
4,252.0000,2,7,484.5903,-82.9624,0.4908,24,0.6000,0.8571,7,5,2,0,0,5,2,0.6000
4,252.0000,2,8,642.1554,-85.0982,0.7310,8,0.2000,0.8571,7,8,7,0,0,8,7,0.1250
4,252.0000,2,10,344.0250,-82.4070,0.9169,21,0.5250,0.2000,5,4,0,0,0,4,0,1.0000
4,252.0000,2,11,524.1852,-84.9291,0.5042,18,0.4500,0.7143,7,6,3,0,0,6,3,0.5000
4,252.0000,2,12,179.6320,-76.7656,0.6718,28,0.7000,0.2000,5,5,1,0,0,5,1,0.8000
4,252.0000,2,14,437.3511,-82.2814,0.4288,19,0.4750,1.0000,8,6,4,0,0,6,4,0.3333
4,252.0000,2,16,288.9476,-74.8782,-2.3360,35,0.8750,0.2000,5,7,5,0,0,7,5,0.2857
4,252.0000,2,17,468.0800,-84.3248,1.5559,19,0.4750,0.8571,7,4,0,0,0,4,0,1.0000
4,252.0000,2,18,894.0623,-88.9322,0.2340,4,0.1000,1.0000,4,4,4,0,0,4,4,0.0000
4,252.0000,2,20,251.3452,-77.3746,0.2022,28,0.7000,0.2000,5,5,1,0,0,5,1,0.8000
4,252.0000,2,22,403.5374,-81.6180,1.1291,26,0.6500,0.2000,5,6,2,0,0,6,2,0.6667
4,252.0000,2,23,366.4096,-81.3747,-0.0698,27,0.6750,0.3333,6,6,2,0,0,6,2,0.6667
4,252.0000,2,24,366.3769,-80.3446,0.1861,23,0.5750,0.4000,5,6,4,0,0,6,4,0.3333
4,252.0000,2,26,152.9502,-69.8364,0.4090,32,0.8000,0.0000,4,5,1,0,0,5,1,0.8000
4,252.0000,2,29,384.2092,-83.5770,0.5441,18,0.4500,0.7500,8,6,4,0,0,6,4,0.3333
4,252.0000,2,31,947.0004,-88.9944,-0.0011,3,0.0750,,0,6,5,0,0,6,5,0.1667
4,252.0000,2,33,489.6093,-83.2440,-0.9158,23,0.5750,0.5000,6,8,7,0,0,8,7,0.1250
4,252.0000,2,34,349.6027,-81.7306,-0.0232,19,0.4750,0.4286,7,7,6,0,0,7,6,0.1429
4,252.0000,2,35,435.5519,-82.5954,0.2791,23,0.5750,0.4000,5,6,4,0,0,6,4,0.3333
4,252.0000,2,37,384.6550,-83.3758,1.0354,22,0.5500,0.8750,8,6,2,0,0,6,2,0.6667
4,252.0000,2,38,468.8796,-81.3814,-1.1408,19,0.4750,0.7143,7,7,5,0,0,7,5,0.2857
4,252.0000,2,41,519.9626,-83.0627,-0.9270,24,0.6000,0.5000,6,7,5,0,0,7,5,0.2857
4,252.0000,2,42,795.2485,-87.2273,0.8091,7,0.1750,0.7500,4,4,4,0,0,4,4,0.0000
4,252.0000,2,43,563.2778,-84.9312,0.1510,16,0.4000,0.8750,8,8,7,0,0,8,7,0.1250
4,252.0000,2,45,692.5079,-87.1011,0.0728,6,0.1500,1.0000,6,8,7,0,0,8,7,0.1250
4,252.0000,2,47,392.6994,-80.8473,-0.5515,20,0.5000,0.8571,7,5,2,0,0,5,2,0.6000
4,252.0000,3,2,233.3490,-77.6078,0.1497,29,0.7250,0.0000,4,4,0,0,0,4,0,1.0000
4,252.0000,3,5,322.3694,-80.7880,0.5571,22,0.5500,0.5000,6,7,6,0,0,7,6,0.1429
4,252.0000,3,6,700.4468,-86.6401,-0.4978,9,0.2250,0.6667,6,7,6,0,0,7,6,0.1429
4,252.0000,3,7,377.5023,-80.5644,-0.1574,31,0.7750,0.4000,5,5,2,0,0,5,2,0.6000
4,252.0000,3,8,860.4181,-87.7963,-0.2878,5,0.1250,1.0000,8,8,8,0,0,8,8,0.0000
4,252.0000,3,10,215.9985,-77.7998,1.4553,34,0.8500,0.0000,4,4,0,0,0,4,0,1.0000
4,252.0000,3,11,495.6339,-84.5065,0.5073,19,0.4750,0.8750,8,6,3,0,0,6,3,0.5000
4,252.0000,3,12,403.5299,-83.8419,1.1077,12,0.3000,0.8571,7,7,4,0,0,7,4,0.4286
4,252.0000,3,14,544.8357,-84.6540,0.3636,14,0.3500,0.6667,6,8,8,0,0,8,8,0.0000
4,252.0000,3,16,447.4315,-81.2459,-1.0683,24,0.6000,0.8571,7,6,4,0,0,6,4,0.3333
4,252.0000,3,17,380.6017,-82.2275,0.2608,30,0.7500,0.5714,7,4,0,0,0,4,0,1.0000
4,252.0000,3,18,1051.3718,-89.5026,-0.1618,3,0.0750,,0,8,8,0,0,8,8,0.0000
4,252.0000,3,20,469.4043,-83.9022,0.2154,14,0.3500,1.0000,8,7,6,0,0,7,6,0.1429
4,252.0000,3,22,372.1238,-81.6724,0.7441,30,0.7500,0.8571,7,6,2,0,0,6,2,0.6667
4,252.0000,3,23,255.1220,-77.4878,0.2211,37,0.9250,0.0000,4,6,3,0,0,6,3,0.5000
4,252.0000,3,24,521.8420,-84.9872,-0.0429,14,0.3500,0.8750,8,6,4,0,0,6,4,0.3333
4,252.0000,3,26,290.7864,-78.9774,-0.2320,22,0.5500,0.5714,7,6,3,0,0,6,3,0.5000
4,252.0000,3,29,348.7081,-82.3556,1.0274,21,0.5250,0.4000,5,6,4,0,0,6,4,0.3333
4,252.0000,3,33,261.5595,-76.0638,-1.3077,36,0.9000,0.0000,4,4,0,0,0,4,0,1.0000
4,252.0000,3,34,418.2907,-82.6210,0.1297,18,0.4500,0.8750,8,9,5,0,0,9,5,0.4444
4,252.0000,3,35,287.3516,-76.7580,-1.0247,36,0.9000,0.2000,5,6,3,0,0,6,3,0.5000
4,252.0000,3,37,210.7285,-78.0504,0.4436,36,0.9000,0.4000,5,4,0,0,0,4,0,1.0000
4,252.0000,3,38,652.1223,-85.5616,0.7297,12,0.3000,1.0000,8,8,8,0,0,8,8,0.0000
4,252.0000,3,41,533.8983,-83.5456,-0.9976,29,0.7250,0.5000,6,6,4,0,0,6,4,0.3333
4,252.0000,3,42,928.9461,-88.6171,0.0805,7,0.1750,1.0000,6,6,6,0,0,6,6,0.0000
4,252.0000,3,43,366.7500,-79.9535,-0.2980,34,0.8500,0.8750,8,5,1,0,0,5,1,0.8000
4,252.0000,3,45,916.0087,-87.3071,-1.0876,4,0.1000,1.0000,2,7,6,0,0,7,6,0.1429
4,252.0000,3,47,570.4558,-84.4667,0.0991,11,0.2750,0.8750,8,8,7,0,0,8,7,0.1250
4,252.0000,4,2,715.5039,-85.9607,-0.8355,8,0.2000,1.0000,8,8,8,0,0,8,8,0.0000
4,252.0000,4,3,839.1589,-87.8549,-1.2409,4,0.1000,1.0000,8,10,10,0,0,10,10,0.0000
4,252.0000,4,5,839.4461,-87.5724,-1.7619,4,0.1000,0.8750,8,8,8,0,0,8,8,0.0000
4,252.0000,4,6,549.7648,-84.6652,0.3212,12,0.3000,0.4000,5,8,8,0,0,8,8,0.0000
4,252.0000,4,8,532.3273,-84.0219,0.2002,10,0.2500,0.8571,7,6,3,0,0,6,3,0.5000
4,252.0000,4,10,716.4934,-85.8201,-0.5801,8,0.2000,1.0000,8,8,8,0,0,8,8,0.0000
4,252.0000,4,11,553.7364,-84.7852,-0.4195,11,0.2750,0.8571,7,8,8,0,0,8,8,0.0000
4,252.0000,4,12,594.0068,-84.0284,0.2492,6,0.1500,1.0000,8,7,6,0,0,7,6,0.1429
4,252.0000,4,13,534.1125,-84.2445,-0.1923,18,0.4500,0.8750,8,8,8,0,0,8,8,0.0000
4,252.0000,4,14,640.8570,-85.4632,-0.5586,10,0.2500,0.6667,6,8,8,0,0,8,8,0.0000
4,252.0000,4,16,915.1708,-87.5960,-0.8678,8,0.2000,1.0000,8,8,8,0,0,8,8,0.0000
4,252.0000,4,17,671.9291,-86.3394,0.1535,7,0.1750,1.0000,8,8,8,0,0,8,8,0.0000
4,252.0000,4,18,605.0486,-85.8608,1.0017,7,0.1750,1.0000,8,8,8,0,0,8,8,0.0000
4,252.0000,4,20,554.5881,-85.2926,0.5636,9,0.2250,1.0000,8,8,7,0,0,8,7,0.1250
4,252.0000,4,22,1088.7998,-88.7625,0.1411,3,0.0750,1.0000,2,8,8,0,0,8,8,0.0000
4,252.0000,4,23,1015.5457,-87.6786,0.0686,3,0.0750,1.0000,4,4,4,0,0,4,4,0.0000
4,252.0000,4,24,801.1162,-86.4531,0.7452,7,0.1750,1.0000,8,8,8,0,0,8,8,0.0000
4,252.0000,4,26,836.0857,-87.2984,0.1972,5,0.1250,0.8571,7,8,8,0,0,8,8,0.0000
4,252.0000,4,29,605.7833,-85.3688,-1.1370,11,0.2750,0.8571,7,8,6,0,0,8,6,0.2500
4,252.0000,4,31,478.2979,-82.8944,-0.0753,21,0.5250,0.8571,7,8,6,0,0,8,6,0.2500
4,252.0000,4,34,753.3764,-86.1409,-0.4575,9,0.2250,1.0000,8,9,8,0,0,9,8,0.1111
4,252.0000,4,35,1111.6159,-88.2499,0.5944,3,0.0750,1.0000,6,6,6,0,0,6,6,0.0000
4,252.0000,4,37,906.3033,-87.0311,0.6247,5,0.1250,1.0000,2,8,8,0,0,8,8,0.0000
4,252.0000,4,42,167.3575,-73.2593,-0.2718,37,0.9250,0.0000,4,5,2,0,0,5,2,0.6000
4,252.0000,4,43,906.2559,-87.3131,0.1010,8,0.2000,1.0000,4,8,8,0,0,8,8,0.0000
4,252.0000,4,45,585.6520,-85.4933,0.5591,10,0.2500,0.6667,6,8,8,0,0,8,8,0.0000
4,252.0000,4,47,730.0171,-87.4393,0.2525,8,0.2000,1.0000,8,6,4,0,0,6,4,0.3333
4,252.0000,5,2,278.7653,-78.5532,-0.1866,28,0.7000,0.0000,4,5,2,0,0,5,2,0.6000
4,252.0000,5,3,322.3694,-80.9797,0.0236,22,0.5500,0.5000,6,8,6,0,0,8,6,0.2500
4,252.0000,5,4,839.4461,-88.4786,0.0430,6,0.1500,0.8571,7,8,8,0,0,8,8,0.0000
4,252.0000,5,6,496.1869,-81.3067,-0.8032,22,0.5500,0.3333,6,8,7,0,0,8,7,0.1250
4,252.0000,5,7,406.0621,-82.8180,0.2414,27,0.6750,0.4000,5,7,5,0,0,7,5,0.2857
4,252.0000,5,8,719.6242,-86.2753,0.5312,12,0.3000,1.0000,7,10,10,0,0,10,10,0.0000
4,252.0000,5,10,424.6173,-82.8885,0.2400,19,0.4750,0.6667,6,7,5,0,0,7,5,0.2857
4,252.0000,5,11,527.6704,-82.5893,-1.0504,16,0.4000,0.7500,8,7,5,0,0,7,5,0.2857
4,252.0000,5,12,358.7259,-81.0953,-1.1329,21,0.5250,0.7143,7,5,1,0,0,5,1,0.8000
4,252.0000,5,14,314.5324,-77.9980,-0.8288,29,0.7250,0.4000,5,7,5,0,0,7,5,0.2857
4,252.0000,5,16,330.9076,-80.2261,0.0231,27,0.6750,0.2000,5,6,3,0,0,6,3,0.5000
4,252.0000,5,17,627.1320,-86.3915,0.7125,13,0.3250,0.3333,6,8,6,0,0,8,6,0.2500
4,252.0000,5,18,849.3418,-88.7764,-0.4961,3,0.0750,1.0000,8,6,6,0,0,6,6,0.0000
4,252.0000,5,20,385.4340,-81.9997,-0.9100,20,0.5000,0.7143,7,8,7,0,0,8,7,0.1250
4,252.0000,5,22,529.9844,-84.5730,0.4723,17,0.4250,0.8571,7,8,7,0,0,8,7,0.1250
4,252.0000,5,23,505.3439,-84.7165,1.3998,19,0.4750,0.4000,5,8,7,0,0,8,7,0.1250
4,252.0000,5,24,244.4402,-77.7772,-0.0920,32,0.8000,0.2000,5,8,6,0,0,8,6,0.2500
4,252.0000,5,26,215.8617,-75.5460,0.3994,32,0.8000,0.5000,6,7,4,0,0,7,4,0.4286
4,252.0000,5,27,1055.9244,-87.8546,-1.5406,6,0.1500,1.0000,2,6,6,0,0,6,6,0.0000
4,252.0000,5,29,393.9334,-80.3998,-0.4573,23,0.5750,0.5000,6,8,7,0,0,8,7,0.1250
4,252.0000,5,33,501.6289,-83.8436,0.4178,20,0.5000,1.0000,8,7,5,0,0,7,5,0.2857
4,252.0000,5,34,150.2848,-73.0048,0.2276,34,0.8500,0.0000,4,5,1,0,0,5,1,0.8000
4,252.0000,5,35,392.4667,-83.1173,0.4278,24,0.6000,0.6667,6,6,4,0,0,6,4,0.3333
4,252.0000,5,37,304.4664,-81.1227,1.2779,22,0.5500,0.2000,5,5,1,0,0,5,1,0.8000
4,252.0000,5,38,424.0208,-82.3594,-0.7919,24,0.6000,0.5714,7,5,2,0,0,5,2,0.6000
4,252.0000,5,41,519.3432,-84.4872,0.0827,24,0.6000,0.4286,7,5,2,0,0,5,2,0.6000
4,252.0000,5,43,625.6799,-85.5822,-0.6598,16,0.4000,1.0000,8,7,5,0,0,7,5,0.2857
4,252.0000,5,45,776.7793,-87.3380,1.7851,6,0.1500,1.0000,6,4,4,0,0,4,4,0.0000
4,252.0000,5,47,316.8327,-76.7542,-1.8971,30,0.7500,0.3333,6,8,6,0,0,8,6,0.2500
4,252.0000,6,1,1002.9079,-88.3953,0.8309,3,0.0732,,0,2,2,0,0,2,2,0.0000
4,252.0000,6,2,572.5076,-84.5080,0.1862,16,0.3902,0.4000,5,8,8,0,0,8,8,0.0000
4,252.0000,6,3,700.4468,-86.4347,-0.2577,9,0.2195,0.8571,7,6,4,0,0,6,4,0.3333
4,252.0000,6,4,549.7648,-85.8792,-0.1031,15,0.3659,0.5000,6,8,8,0,0,8,8,0.0000
4,252.0000,6,5,496.1869,-80.2590,-0.1103,19,0.4634,0.8571,7,8,7,0,0,8,7,0.1250
4,252.0000,6,7,901.8911,-86.7594,-1.7923,6,0.1463,1.0000,6,8,8,0,0,8,8,0.0000
4,252.0000,6,8,464.8166,-83.0169,-0.0884,19,0.4634,0.8750,8,7,6,0,0,7,6,0.1429
4,252.0000,6,10,653.6321,-86.3913,2.4293,7,0.1707,1.0000,8,8,8,0,0,8,8,0.0000
4,252.0000,6,11,488.5664,-83.6175,0.2183,21,0.5122,0.8571,7,7,5,0,0,7,5,0.2857
4,252.0000,6,12,472.9165,-81.2352,-0.1716,21,0.5122,0.5714,7,7,6,0,0,7,6,0.1429
4,252.0000,6,13,616.0448,-86.7693,-0.8291,12,0.2927,0.5000,6,8,8,0,0,8,8,0.0000
4,252.0000,6,14,184.4435,-73.9763,-0.0079,34,0.8293,0.0000,4,6,3,0,0,6,3,0.5000
4,252.0000,6,16,663.2785,-86.3902,0.0247,15,0.3659,0.7143,7,6,6,0,0,6,6,0.0000
4,252.0000,6,17,779.7452,-87.2153,-0.2301,9,0.2195,1.0000,6,8,8,0,0,8,8,0.0000
4,252.0000,6,18,367.3634,-82.7302,0.3646,21,0.5122,0.7143,7,7,5,0,0,7,5,0.2857
4,252.0000,6,20,416.0071,-81.6656,0.0036,22,0.5366,0.6667,6,7,4,0,0,7,4,0.4286
4,252.0000,6,22,959.7127,-88.2236,-0.3874,5,0.1220,1.0000,2,6,6,0,0,6,6,0.0000
4,252.0000,6,23,920.5904,-87.6063,-1.7539,4,0.0976,1.0000,8,8,8,0,0,8,8,0.0000
4,252.0000,6,24,404.8591,-80.9868,-0.1366,20,0.4878,1.0000,8,8,7,0,0,8,7,0.1250
4,252.0000,6,25,957.6334,-88.1293,-1.1261,5,0.1220,1.0000,8,8,8,0,0,8,8,0.0000
4,252.0000,6,26,601.1947,-83.3002,-1.4925,14,0.3415,0.8571,7,8,6,0,0,8,6,0.2500
4,252.0000,6,27,732.8360,-87.0091,0.5209,12,0.2927,1.0000,8,8,8,0,0,8,8,0.0000
4,252.0000,6,29,481.8096,-82.5688,-1.0332,18,0.4390,0.7143,7,8,8,0,0,8,8,0.0000
4,252.0000,6,31,457.1875,-84.6080,0.5022,14,0.3415,0.7143,7,9,7,0,0,9,7,0.2222
4,252.0000,6,33,917.4513,-89.0131,-0.5856,5,0.1220,1.0000,8,8,8,0,0,8,8,0.0000
4,252.0000,6,34,355.6204,-76.9900,-1.7566,26,0.6341,0.3333,6,8,7,0,0,8,7,0.1250
4,252.0000,6,35,876.6824,-87.3000,-0.5728,5,0.1220,1.0000,8,6,6,0,0,6,6,0.0000
4,252.0000,6,37,679.8679,-86.5123,-1.3350,11,0.2683,1.0000,8,8,8,0,0,8,8,0.0000
4,252.0000,6,38,583.0671,-84.2285,-0.3903,17,0.4146,1.0000,8,7,5,0,0,7,5,0.2857
4,252.0000,6,42,493.5706,-82.7976,1.0254,18,0.4390,0.7143,7,8,8,0,0,8,8,0.0000
4,252.0000,6,43,884.7316,-87.6461,-0.9448,9,0.2195,1.0000,8,6,5,0,0,6,5,0.1667
4,252.0000,6,45,536.7554,-84.3798,0.5380,16,0.3902,0.5000,6,7,6,0,0,7,6,0.1429
4,252.0000,6,47,340.9779,-78.9848,-0.2397,24,0.5854,0.6667,6,6,4,0,0,6,4,0.3333
4,252.0000,7,2,484.5903,-81.9702,-1.1242,12,0.3000,0.8750,8,8,8,0,0,8,8,0.0000
4,252.0000,7,3,377.5023,-80.2892,0.4283,19,0.4750,0.7143,7,8,7,0,0,8,7,0.1250
4,252.0000,7,4,1176.2306,-88.8600,0.3380,4,0.1000,1.0000,4,4,4,0,0,4,4,0.0000
4,252.0000,7,5,406.0621,-83.4634,0.7651,10,0.2500,0.8571,7,7,6,0,0,7,6,0.1429
4,252.0000,7,10,570.7359,-84.4180,-0.6482,9,0.2250,0.4000,5,7,5,0,0,7,5,0.2857
4,252.0000,7,11,810.3344,-87.2934,-0.1598,4,0.1000,1.0000,8,8,8,0,0,8,8,0.0000
4,252.0000,7,12,644.5147,-85.4124,1.0508,6,0.1500,0.8750,8,8,8,0,0,8,8,0.0000
4,252.0000,7,14,719.5981,-86.1366,-0.4034,7,0.1750,1.0000,8,8,8,0,0,8,8,0.0000
4,252.0000,7,16,462.2577,-81.1652,-0.8966,19,0.4750,0.2000,5,8,8,0,0,8,8,0.0000
4,252.0000,7,17,746.8909,-86.1457,0.5130,10,0.2500,0.8571,7,7,6,0,0,7,6,0.1429
4,252.0000,7,20,703.0125,-86.7089,0.3859,6,0.1500,1.0000,8,8,8,0,0,8,8,0.0000
4,252.0000,7,22,347.5725,-80.5623,-0.3823,28,0.7000,0.4000,5,6,3,0,0,6,3,0.5000
4,252.0000,7,23,357.0558,-81.3083,0.5711,25,0.6250,0.2000,5,8,8,0,0,8,8,0.0000
4,252.0000,7,24,590.8049,-83.9338,-0.2851,8,0.2000,0.8571,7,8,6,0,0,8,6,0.2500
4,252.0000,7,26,395.6916,-82.0200,-0.5939,13,0.3250,0.8571,7,8,8,0,0,8,8,0.0000
4,252.0000,7,29,664.8987,-86.1118,-0.0801,4,0.1000,1.0000,8,8,8,0,0,8,8,0.0000
4,252.0000,7,33,344.8564,-80.2680,-0.8585,26,0.6500,0.7143,7,7,6,34,21,41,27,0.3415
4,252.0000,7,34,550.7306,-86.0005,1.6344,8,0.2000,0.8750,8,8,8,0,0,8,8,0.0000
4,252.0000,7,35,110.6173,-74.1496,3.0024,30,0.7500,0.4000,5,4,0,0,0,4,0,1.0000
4,252.0000,7,37,379.9878,-82.1156,-0.1817,17,0.4250,0.6667,6,5,1,0,0,5,1,0.8000
4,252.0000,7,38,656.7909,-83.3198,-1.0439,8,0.2000,0.4000,5,7,6,0,0,7,6,0.1429
4,252.0000,7,41,306.5658,-78.7497,-0.3863,32,0.8000,0.2000,5,5,2,0,0,5,2,0.6000
4,252.0000,7,43,640.3040,-85.3955,0.4180,12,0.3000,0.8571,7,7,6,0,0,7,6,0.1429
4,252.0000,7,47,679.4993,-84.5550,0.1761,7,0.1750,0.7143,7,8,8,0,0,8,8,0.0000
4,252.0000,8,1,860.6756,-87.2056,0.4624,4,0.1000,1.0000,4,3,2,0,0,3,2,0.3333
4,252.0000,8,2,642.1554,-84.9794,1.0566,8,0.2000,1.0000,8,7,6,0,0,7,6,0.1429
4,252.0000,8,3,860.4181,-88.0743,-0.4227,3,0.0750,1.0000,6,8,8,0,0,8,8,0.0000
4,252.0000,8,4,532.3273,-85.2711,0.2175,15,0.3750,0.8750,8,7,6,0,0,7,6,0.1429
4,252.0000,8,5,719.6242,-85.4285,0.3679,5,0.1250,0.7143,7,8,8,0,0,8,8,0.0000
4,252.0000,8,6,464.8166,-83.3203,0.1201,10,0.2500,0.8571,7,7,5,0,0,7,5,0.2857
4,252.0000,8,10,864.3449,-85.0093,-3.8804,3,0.0750,1.0000,8,8,8,0,0,8,8,0.0000
4,252.0000,8,11,799.9433,-87.9605,-0.0909,6,0.1500,1.0000,8,4,4,0,0,4,4,0.0000
4,252.0000,8,12,464.2183,-82.2371,0.3661,10,0.2500,0.6667,6,8,8,0,0,8,8,0.0000
4,252.0000,8,13,624.2368,-84.5467,0.1226,10,0.2500,0.8571,7,6,5,0,0,6,5,0.1667
4,252.0000,8,14,541.6985,-85.6996,0.4682,8,0.2000,1.0000,8,7,5,0,0,7,5,0.2857
4,252.0000,8,16,657.1559,-84.0229,1.3801,6,0.1500,1.0000,8,8,8,0,0,8,8,0.0000
4,252.0000,8,18,471.1215,-83.6381,1.3568,15,0.3750,1.0000,8,8,8,0,0,8,8,0.0000
4,252.0000,8,20,392.2353,-81.7140,0.0177,10,0.2500,0.7143,7,7,5,0,0,7,5,0.2857
4,252.0000,8,21,713.4773,-86.5324,0.5316,10,0.2500,1.0000,2,8,8,0,0,8,8,0.0000
4,252.0000,8,23,992.5172,-88.4955,-0.6833,3,0.0750,1.0000,6,8,8,0,0,8,8,0.0000
4,252.0000,8,24,537.7655,-83.5931,-0.9725,10,0.2500,0.8571,7,8,8,0,0,8,8,0.0000
4,252.0000,8,25,786.0200,-87.8627,-0.3841,5,0.1250,1.0000,6,7,6,0,0,7,6,0.1429
4,252.0000,8,26,677.1221,-85.7273,0.4707,7,0.1750,0.8571,7,8,8,0,0,8,8,0.0000
4,252.0000,8,27,437.0231,-82.9344,0.0887,20,0.5000,0.6667,6,7,5,0,0,7,5,0.2857
4,252.0000,8,29,762.8545,-86.5386,0.0679,8,0.2000,0.8750,8,8,8,0,0,8,8,0.0000
4,252.0000,8,31,552.1740,-84.7381,1.2496,12,0.3000,1.0000,8,6,4,0,0,6,4,0.3333
4,252.0000,8,32,710.3762,-87.6326,0.3026,8,0.2000,0.8750,8,7,6,0,0,7,6,0.1429
4,252.0000,8,33,1119.9161,-87.5865,-0.4675,3,0.0750,1.0000,6,2,2,0,0,2,2,0.0000
4,252.0000,8,34,650.3434,-85.9723,-0.1056,8,0.2000,0.8750,8,6,6,0,0,6,6,0.0000
4,252.0000,8,35,1049.6828,-89.2978,0.0376,4,0.1000,1.0000,8,4,4,0,0,4,4,0.0000
4,252.0000,8,36,893.9737,-87.2005,0.9952,7,0.1750,1.0000,8,4,4,0,0,4,4,0.0000
4,252.0000,8,38,545.0124,-84.4151,-0.6595,11,0.2750,0.7143,7,8,8,0,0,8,8,0.0000
4,252.0000,8,41,1005.8728,-89.1281,-0.4900,3,0.0750,0.8000,5,2,2,0,0,2,2,0.0000
4,252.0000,8,42,504.6009,-84.4363,1.6738,11,0.2750,0.8571,7,7,5,0,0,7,5,0.2857
4,252.0000,8,45,76.1608,-69.3370,1.4627,32,0.8000,0.0000,4,5,1,0,0,5,1,0.8000
4,252.0000,8,47,444.7475,-83.5186,-0.1007,11,0.2750,0.8333,6,8,5,0,0,8,5,0.3750
4,252.0000,9,0,189.1268,-74.5018,-0.1546,39,0.9750,0.0000,4,5,1,0,0,5,1,0.8000
4,252.0000,9,1,329.0617,-80.0780,0.1573,33,0.8250,0.4000,5,5,2,0,0,5,2,0.6000
4,252.0000,9,13,815.0487,-88.1937,0.8648,4,0.1000,0.7500,4,8,8,0,0,8,8,0.0000
4,252.0000,9,15,340.7879,-82.2217,0.4429,28,0.7000,0.5000,6,6,2,0,0,6,2,0.6667
4,252.0000,9,18,872.7073,-88.4748,0.6739,4,0.1000,0.8750,8,8,8,0,0,8,8,0.0000
4,252.0000,9,19,397.0779,-80.9104,-0.6166,34,0.8500,0.5000,6,6,3,0,0,6,3,0.5000
4,252.0000,9,21,312.4212,-80.2988,0.0385,31,0.7750,0.3333,6,5,1,0,0,5,1,0.8000
4,252.0000,9,25,304.9202,-78.5664,-0.4058,37,0.9250,0.0000,4,7,5,0,0,7,5,0.2857
4,252.0000,9,27,599.7832,-85.1890,0.2811,9,0.2250,0.6667,6,8,8,0,0,8,8,0.0000
4,252.0000,9,28,436.7399,-82.0938,-0.7196,37,0.9250,0.5000,6,5,2,0,0,5,2,0.6000
4,252.0000,9,30,567.8907,-85.1704,0.1516,23,0.5750,0.4000,5,7,4,0,0,7,4,0.4286
4,252.0000,9,31,914.0832,-87.3079,-0.3353,3,0.0750,1.0000,4,8,7,0,0,8,7,0.1250
4,252.0000,9,32,440.9195,-82.6487,0.1642,27,0.6750,0.8571,7,6,3,0,0,6,3,0.5000
4,252.0000,9,36,374.4239,-79.3952,-0.3629,36,0.9000,0.2000,5,5,1,0,0,5,1,0.8000
4,252.0000,9,39,507.6571,-83.3166,-0.3285,33,0.8250,0.5000,6,8,7,0,0,8,7,0.1250
4,252.0000,9,40,432.7460,-81.3734,-0.7454,38,0.9500,0.0000,4,6,2,0,0,6,2,0.6667
4,252.0000,9,44,328.1306,-81.3085,0.0715,35,0.8750,0.0000,4,6,4,0,0,6,4,0.3333
4,252.0000,9,46,411.6172,-80.3124,-0.6606,38,0.9500,0.4000,5,6,4,0,0,6,4,0.3333
4,252.0000,10,2,344.0250,-83.1731,0.3252,13,0.3333,0.6667,6,5,2,0,0,5,2,0.6000
4,252.0000,10,3,215.9985,-77.7128,1.4465,25,0.6410,0.6667,6,4,0,0,0,4,0,1.0000
4,252.0000,10,4,716.4934,-86.2227,0.6865,9,0.2308,1.0000,8,8,8,0,0,8,8,0.0000
4,252.0000,10,5,424.6173,-83.2846,-0.0466,10,0.2564,0.4000,5,8,7,0,0,8,7,0.1250
4,252.0000,10,6,653.6321,-85.9857,0.8172,6,0.1538,1.0000,8,8,6,0,0,8,6,0.2500
4,252.0000,10,7,570.7359,-85.6302,-0.8271,14,0.3590,0.7500,8,7,6,0,0,7,6,0.1429
4,252.0000,10,8,864.3449,-88.9876,-0.1293,3,0.0769,0.0000,1,8,8,0,0,8,8,0.0000
4,252.0000,10,11,314.4528,-78.6101,0.2653,28,0.7179,0.0000,4,7,6,0,0,7,6,0.1429
4,252.0000,10,12,455.2179,-84.6926,1.8490,11,0.2821,1.0000,8,6,3,0,0,6,3,0.5000
4,252.0000,10,14,530.8403,-83.2456,0.1741,9,0.2308,0.8571,7,8,7,0,0,8,7,0.1250
4,252.0000,10,16,613.2020,-86.4440,0.6016,6,0.1538,0.6667,6,8,8,0,0,8,8,0.0000
4,252.0000,10,17,223.4978,-76.5001,0.1966,35,0.8974,0.0000,5,4,0,0,0,4,0,1.0000
4,252.0000,10,20,503.7021,-86.0974,0.3477,7,0.1795,0.8750,8,6,4,0,0,6,4,0.3333
4,252.0000,10,22,574.3846,-86.6408,-0.0465,15,0.3846,0.8750,8,7,6,0,0,7,6,0.1429
4,252.0000,10,23,435.8456,-82.9370,0.4695,19,0.4872,0.8571,7,8,7,0,0,8,7,0.1250
4,252.0000,10,24,610.0236,-85.0806,0.4413,3,0.0769,1.0000,8,7,6,0,0,7,6,0.1429
4,252.0000,10,26,450.6025,-82.8002,-0.4965,10,0.2564,1.0000,8,7,5,0,0,7,5,0.2857
4,252.0000,10,29,197.3510,-78.2196,0.7824,25,0.6410,0.8750,8,4,0,0,0,4,0,1.0000
4,252.0000,10,33,358.8148,-80.7967,0.8192,27,0.6923,0.6667,6,7,6,0,0,7,6,0.1429
4,252.0000,10,34,452.4095,-84.9419,0.3962,10,0.2564,0.7500,8,8,6,0,0,8,6,0.2500
4,252.0000,10,35,474.9818,-83.4633,-0.0811,19,0.4872,0.6667,6,6,2,0,0,6,2,0.6667
4,252.0000,10,37,254.4714,-77.3376,0.2784,28,0.7179,0.0000,4,5,2,0,0,5,2,0.6000
4,252.0000,10,38,778.7509,-87.5335,-2.2262,3,0.0769,0.8750,8,8,8,0,0,8,8,0.0000
4,252.0000,10,41,748.2605,-86.5186,0.8458,6,0.1538,1.0000,6,8,8,0,0,8,8,0.0000
4,252.0000,10,42,811.8519,-86.6456,-0.3784,3,0.0769,0.8571,7,6,6,0,0,6,6,0.0000
4,252.0000,10,43,249.7888,-73.1557,-1.8402,37,0.9487,0.0000,4,6,4,0,0,6,4,0.3333
4,252.0000,10,47,634.3684,-86.7584,-0.7615,5,0.1282,0.8889,9,8,8,0,0,8,8,0.0000
4,252.0000,11,2,524.1852,-84.4792,0.2708,12,0.3000,0.6667,6,7,6,0,0,7,6,0.1429
4,252.0000,11,3,495.6339,-83.3020,-0.3730,13,0.3250,0.7143,7,7,5,0,0,7,5,0.2857
4,252.0000,11,4,553.7364,-83.4044,0.6488,7,0.1750,1.0000,8,7,6,0,0,7,6,0.1429
4,252.0000,11,5,527.6704,-83.4881,-1.3387,11,0.2750,0.7143,7,6,4,0,0,6,4,0.3333
4,252.0000,11,6,488.5664,-83.5234,-0.2639,9,0.2250,0.8571,7,8,7,0,0,8,7,0.1250
4,252.0000,11,7,810.3344,-86.7570,0.7084,8,0.2000,1.0000,4,7,6,0,0,7,6,0.1429
4,252.0000,11,8,799.9433,-86.9736,0.6197,3,0.0750,0.8571,7,8,8,0,0,8,8,0.0000
4,252.0000,11,10,314.4528,-78.0440,-0.0816,25,0.6250,0.7143,7,7,6,0,0,7,6,0.1429
4,252.0000,11,12,540.7038,-83.7694,-0.6073,9,0.2250,0.7143,7,6,3,0,0,6,3,0.5000
4,252.0000,11,14,438.7622,-80.3533,-0.9040,20,0.5000,0.8750,8,8,7,0,0,8,7,0.1250
4,252.0000,11,16,773.6001,-86.6470,0.0978,6,0.1500,1.0000,6,9,7,0,0,9,7,0.2222
4,252.0000,11,17,396.7937,-81.2912,0.0421,19,0.4750,0.4000,5,8,8,0,0,8,8,0.0000
4,252.0000,11,20,545.6090,-84.1846,0.2926,9,0.2250,0.8750,8,8,8,0,0,8,8,0.0000
4,252.0000,11,22,857.8690,-88.3335,-0.2972,4,0.1000,1.0000,8,7,6,0,0,7,6,0.1429
4,252.0000,11,23,738.6040,-86.3435,0.0672,9,0.2250,0.8750,8,8,8,0,0,8,8,0.0000
4,252.0000,11,24,646.5566,-85.8458,0.3467,8,0.2000,0.8571,7,8,7,0,0,8,7,0.1250
4,252.0000,11,26,625.6865,-84.4461,0.4175,8,0.2000,0.6000,5,5,2,0,0,5,2,0.6000
4,252.0000,11,29,152.2213,-70.0911,-1.0540,33,0.8250,0.2000,5,4,0,0,0,4,0,1.0000
4,252.0000,11,33,640.8143,-84.2098,0.1655,13,0.3250,0.6667,6,7,6,0,0,7,6,0.1429
4,252.0000,11,34,456.9470,-81.9762,0.4575,16,0.4000,1.0000,8,8,8,0,0,8,8,0.0000
4,252.0000,11,35,732.6472,-85.8628,0.4630,11,0.2750,0.7500,8,8,8,0,0,8,8,0.0000
4,252.0000,11,37,449.7290,-82.2691,-0.1005,18,0.4500,0.6667,6,8,7,0,0,8,7,0.1250
4,252.0000,11,38,853.2729,-88.4536,-0.2678,4,0.1000,0.8000,5,6,6,0,0,6,6,0.0000
4,252.0000,11,42,607.3158,-85.0877,0.9425,7,0.1750,0.6667,6,7,5,0,0,7,5,0.2857
4,252.0000,11,43,468.8490,-81.8873,-0.9031,24,0.6000,0.7143,7,8,7,0,0,8,7,0.1250
4,252.0000,11,47,637.5629,-84.8735,0.3662,6,0.1500,1.0000,8,8,7,0,0,8,7,0.1250
4,252.0000,12,2,179.6320,-76.5470,1.3357,27,0.6750,0.5000,6,5,1,0,0,5,1,0.8000
4,252.0000,12,3,403.5299,-83.8088,0.4857,13,0.3250,0.4000,5,4,0,0,0,4,0,1.0000
4,252.0000,12,4,594.0068,-84.6831,-0.0501,15,0.3750,0.7143,7,8,7,0,0,8,7,0.1250
4,252.0000,12,5,358.7259,-81.3358,-0.2380,21,0.5250,0.3333,6,8,7,0,0,8,7,0.1250
4,252.0000,12,6,472.9165,-83.0229,-1.7241,16,0.4000,0.5000,6,6,3,0,0,6,3,0.5000
4,252.0000,12,7,644.5147,-86.7540,-0.5109,8,0.2000,0.8750,8,6,4,0,0,6,4,0.3333
4,252.0000,12,8,464.2183,-82.4166,0.4942,19,0.4750,0.4000,5,8,8,0,0,8,8,0.0000
4,252.0000,12,10,455.2179,-84.2582,1.0077,12,0.3000,0.8571,7,6,3,0,0,6,3,0.5000
4,252.0000,12,11,540.7038,-84.9379,0.3732,16,0.4000,0.8571,7,7,6,0,0,7,6,0.1429
4,252.0000,12,13,930.3785,-86.7560,-0.3010,9,0.2250,1.0000,8,4,4,0,0,4,4,0.0000
4,252.0000,12,14,384.6048,-81.2448,0.2215,21,0.5250,0.6667,6,7,5,0,0,7,5,0.2857
4,252.0000,12,16,324.7832,-79.9416,0.3278,25,0.6250,0.0000,4,7,6,0,0,7,6,0.1429
4,252.0000,12,17,545.9374,-84.3107,0.9945,11,0.2750,0.8750,8,8,6,0,0,8,6,0.2500
4,252.0000,12,18,752.3025,-87.9372,1.0747,10,0.2500,0.8333,6,8,8,0,0,8,8,0.0000
4,252.0000,12,20,77.5663,-60.8579,-2.2487,35,0.8750,0.2000,5,4,0,0,0,4,0,1.0000
4,252.0000,12,21,1176.4092,-88.6837,-0.6202,3,0.0750,1.0000,2,2,2,0,0,2,2,0.0000
4,252.0000,12,22,550.6019,-85.4186,1.2202,12,0.3000,0.4000,5,8,7,0,0,8,7,0.1250
4,252.0000,12,23,534.1664,-86.0776,1.3863,14,0.3500,0.8571,7,7,5,0,0,7,5,0.2857
4,252.0000,12,24,328.3614,-80.5832,0.2821,25,0.6250,0.6667,6,7,6,0,0,7,6,0.1429
4,252.0000,12,26,259.6352,-77.3135,-0.1932,25,0.6250,0.5000,6,4,1,0,0,4,1,0.7500
4,252.0000,12,27,875.6011,-87.0661,-0.4461,7,0.1750,1.0000,4,4,4,0,0,4,4,0.0000
4,252.0000,12,29,431.2042,-83.1755,-0.4015,16,0.4000,1.0000,8,6,4,0,0,6,4,0.3333
4,252.0000,12,31,807.4401,-87.0033,1.2354,6,0.1500,1.0000,8,8,8,0,0,8,8,0.0000
4,252.0000,12,33,664.0271,-85.7734,0.2117,14,0.3500,1.0000,8,8,7,0,0,8,7,0.1250
4,252.0000,12,34,367.5413,-79.7499,0.0641,22,0.5500,0.6667,6,4,0,0,0,4,0,1.0000
4,252.0000,12,35,607.3928,-85.3274,-0.1176,10,0.2500,0.7143,7,8,8,0,0,8,8,0.0000
4,252.0000,12,37,528.8046,-84.3938,0.9503,14,0.3500,0.8750,8,7,6,0,0,7,6,0.1429
4,252.0000,12,38,415.2959,-81.4593,0.2577,23,0.5750,0.8571,7,6,3,0,0,6,3,0.5000
4,252.0000,12,41,636.2573,-85.0144,-0.7557,11,0.2750,0.7143,7,8,8,0,0,8,8,0.0000
4,252.0000,12,42,660.5588,-86.5893,0.3713,12,0.3000,0.8750,8,2,0,0,0,2,0,1.0000
4,252.0000,12,43,694.9409,-85.9032,1.1114,9,0.2250,0.7143,7,8,6,0,0,8,6,0.2500
4,252.0000,12,45,514.9709,-84.0643,-0.0350,19,0.4750,0.8571,7,7,6,0,0,7,6,0.1429
4,252.0000,12,47,308.5498,-79.0276,-0.4231,23,0.5750,0.4000,5,7,5,0,0,7,5,0.2857
4,252.0000,13,1,533.0861,-85.2074,-0.4154,9,0.2250,1.0000,8,7,6,0,0,7,6,0.1429
4,252.0000,13,4,534.1125,-84.4590,-0.4481,5,0.1250,0.7500,8,7,6,0,0,7,6,0.1429
4,252.0000,13,6,616.0448,-87.5571,0.8929,3,0.0750,1.0000,8,8,8,0,0,8,8,0.0000
4,252.0000,13,18,339.5961,-79.3818,0.4665,17,0.4250,0.4286,7,7,4,0,0,7,4,0.4286
4,252.0000,13,19,653.7790,-85.7542,-0.1056,8,0.2000,1.0000,8,7,6,0,0,7,6,0.1429
4,252.0000,13,25,518.1642,-83.9347,-1.1980,11,0.2750,1.0000,8,7,4,0,0,7,4,0.4286
4,252.0000,13,27,673.3801,-85.3581,-0.8444,5,0.1250,1.0000,8,6,6,0,0,6,6,0.0000
4,252.0000,13,31,164.5785,-73.4997,-0.3688,36,0.9000,0.2000,5,5,1,0,0,5,1,0.8000
4,252.0000,13,32,778.2423,-86.2376,0.0464,3,0.0750,1.0000,8,8,8,0,0,8,8,0.0000
4,252.0000,13,36,521.6273,-83.6088,0.4959,8,0.2000,0.8571,7,8,7,0,0,8,7,0.1250
4,252.0000,13,42,369.6470,-80.3029,-0.5477,16,0.4000,0.6667,6,9,7,0,0,9,7,0.2222
4,252.0000,13,45,657.7030,-83.3192,-0.4737,3,0.0750,1.0000,8,8,8,0,0,8,8,0.0000
4,252.0000,13,46,950.9500,-88.3539,-2.9146,3,0.0750,0.8571,7,6,6,0,0,6,6,0.0000
4,252.0000,14,2,437.3511,-83.2151,0.5088,15,0.3750,0.4000,5,7,5,0,0,7,5,0.2857
4,252.0000,14,3,544.8357,-84.5923,-0.1114,10,0.2500,0.8333,6,6,4,0,0,6,4,0.3333
4,252.0000,14,4,640.8570,-84.9336,0.1965,9,0.2250,1.0000,8,6,4,0,0,6,4,0.3333
4,252.0000,14,5,314.5324,-77.3231,-0.8636,22,0.5500,0.6667,6,7,6,0,0,7,6,0.1429
4,252.0000,14,6,184.4435,-73.6727,0.6074,35,0.8750,0.2000,5,6,4,0,0,6,4,0.3333
4,252.0000,14,7,719.5981,-86.2314,0.1013,8,0.2000,1.0000,8,7,6,0,0,7,6,0.1429
4,252.0000,14,8,541.6985,-83.9110,-0.1944,8,0.2000,0.7143,7,7,5,0,0,7,5,0.2857
4,252.0000,14,10,530.8403,-84.3940,-0.8450,11,0.2750,0.8571,7,8,7,0,0,8,7,0.1250
4,252.0000,14,11,438.7622,-82.1595,-1.0017,21,0.5250,0.7143,7,7,6,0,0,7,6,0.1429
4,252.0000,14,12,384.6048,-80.4598,-1.3525,19,0.4750,0.7143,7,8,7,0,0,8,7,0.1250
4,252.0000,14,13,796.0520,-89.0019,0.0755,4,0.1000,1.0000,8,8,8,0,0,8,8,0.0000
4,252.0000,14,16,525.8286,-83.9689,0.6010,12,0.3000,0.5000,4,8,7,0,0,8,7,0.1250
4,252.0000,14,17,693.4835,-86.0768,0.2193,11,0.2750,1.0000,8,8,8,0,0,8,8,0.0000
4,252.0000,14,18,546.0125,-86.0367,0.9105,8,0.2000,0.8750,8,7,6,0,0,7,6,0.1429
4,252.0000,14,20,350.8524,-80.5774,0.1380,18,0.4500,0.6667,6,7,5,0,0,7,5,0.2857
4,252.0000,14,22,803.4052,-88.3294,0.4976,4,0.1000,1.0000,6,7,6,0,0,7,6,0.1429
4,252.0000,14,24,272.7598,-80.3227,0.3162,21,0.5250,0.5000,6,5,2,0,0,5,2,0.6000
4,252.0000,14,26,446.4095,-82.1141,0.8360,15,0.3750,0.6250,8,7,5,0,0,7,5,0.2857
4,252.0000,14,27,847.2625,-89.1118,0.1637,4,0.1000,1.0000,2,6,6,0,0,6,6,0.0000
4,252.0000,14,29,381.7355,-79.7930,0.0303,18,0.4500,0.5714,7,6,2,0,0,6,2,0.6667
4,252.0000,14,31,638.1884,-85.7436,-0.2108,9,0.2250,0.8750,8,8,7,0,0,8,7,0.1250
4,252.0000,14,33,752.4579,-86.3457,0.6391,10,0.2500,0.8571,7,8,7,0,0,8,7,0.1250
4,252.0000,14,34,171.2131,-70.8894,-0.7469,30,0.7500,0.2000,5,4,0,0,0,4,0,1.0000
4,252.0000,14,35,697.1432,-85.7923,0.0917,9,0.2250,1.0000,8,6,6,0,0,6,6,0.0000
4,252.0000,14,37,513.9203,-83.4663,1.1956,13,0.3250,0.8750,8,6,4,0,0,6,4,0.3333
4,252.0000,14,38,487.8175,-83.1692,0.5893,12,0.3000,0.8571,7,7,6,0,0,7,6,0.1429
4,252.0000,14,41,807.0651,-85.8966,-0.1473,10,0.2500,0.8750,8,8,8,0,0,8,8,0.0000
4,252.0000,14,42,626.0477,-84.6858,-1.0111,8,0.2000,0.8571,7,5,4,0,0,5,4,0.2000
4,252.0000,14,43,761.4528,-85.7317,-0.0649,10,0.2500,1.0000,8,2,2,0,0,2,2,0.0000
4,252.0000,14,45,611.2584,-85.0442,0.3283,8,0.2000,0.8889,9,6,5,0,0,6,5,0.1667
4,252.0000,14,47,247.5047,-78.1172,1.3531,24,0.6000,0.4000,5,6,2,0,0,6,2,0.6667
4,252.0000,15,0,500.2983,-84.2120,0.6135,19,0.4750,0.8571,7,6,3,0,0,6,3,0.5000
4,252.0000,15,1,526.4696,-84.4926,0.0060,19,0.4750,0.8750,8,4,1,0,0,4,1,0.7500
4,252.0000,15,9,340.7879,-80.9281,0.6286,23,0.5750,0.4286,7,6,2,0,0,6,2,0.6667
4,252.0000,15,19,608.4582,-85.0392,0.0694,14,0.3500,0.8571,7,8,8,0,0,8,8,0.0000
4,252.0000,15,21,453.5556,-82.1476,-0.6157,24,0.6000,1.0000,8,8,8,0,0,8,8,0.0000
4,252.0000,15,25,493.9356,-83.8881,0.0142,17,0.4250,0.8571,7,6,4,0,0,6,4,0.3333
4,252.0000,15,27,546.2740,-83.5221,-0.6360,16,0.4000,0.8095,21,7,6,4,4,11,10,0.0909
4,252.0000,15,28,476.9470,-82.7490,-0.2100,23,0.5750,0.4000,5,7,5,0,0,7,5,0.2857
4,252.0000,15,30,513.3530,-85.2295,0.5655,25,0.6250,1.0000,8,7,4,0,0,7,4,0.4286
4,252.0000,15,32,278.1576,-74.9982,-2.6281,38,0.9500,0.2000,5,8,5,0,0,8,5,0.3750
4,252.0000,15,36,629.1594,-84.2275,0.2843,12,0.3000,1.0000,8,8,8,0,0,8,8,0.0000
4,252.0000,15,39,483.6622,-83.3124,-0.0285,22,0.5500,0.7143,7,7,5,0,0,7,5,0.2857
4,252.0000,15,40,619.2182,-84.9556,0.0337,21,0.5250,0.8750,8,8,8,0,0,8,8,0.0000
4,252.0000,15,44,214.4713,-76.7917,0.3963,36,0.9000,0.0000,4,4,0,0,0,4,0,1.0000
4,252.0000,15,46,620.6740,-85.7836,0.3548,15,0.3750,0.8571,7,6,4,0,0,6,4,0.3333
4,252.0000,16,2,288.9476,-74.8691,-1.6407,30,0.7500,0.0000,4,8,8,0,0,8,8,0.0000
4,252.0000,16,3,447.4315,-81.2442,-1.0215,24,0.6000,0.8750,8,8,7,0,0,8,7,0.1250
4,252.0000,16,4,915.1708,-87.5634,0.3445,4,0.1000,0.8571,7,8,8,0,0,8,8,0.0000
4,252.0000,16,5,330.9076,-80.1711,0.3374,24,0.6000,0.8571,7,6,3,0,0,6,3,0.5000
4,252.0000,16,6,663.2785,-85.1714,0.5671,14,0.3500,0.6667,6,8,8,0,0,8,8,0.0000
4,252.0000,16,7,462.2577,-81.0773,-1.3497,26,0.6500,0.4286,7,7,6,0,0,7,6,0.1429
4,252.0000,16,8,657.1559,-86.7628,-0.3471,9,0.2250,0.8750,8,8,8,0,0,8,8,0.0000
4,252.0000,16,10,613.2020,-85.2443,0.0266,18,0.4500,0.6667,6,8,7,0,0,8,7,0.1250
4,252.0000,16,11,773.6001,-86.9477,-0.9291,14,0.3500,0.8750,8,8,8,0,0,8,8,0.0000
4,252.0000,16,12,324.7832,-80.7697,0.1453,24,0.6000,0.6667,6,6,3,0,0,6,3,0.5000
4,252.0000,16,14,525.8286,-84.3848,-0.4073,14,0.3500,0.8889,9,7,6,0,0,7,6,0.1429
4,252.0000,16,17,753.0579,-86.2137,-0.2802,13,0.3250,0.8750,8,5,4,0,0,5,4,0.2000
4,252.0000,16,18,948.9625,-88.8371,1.0504,3,0.0750,1.0000,2,8,8,0,0,8,8,0.0000
4,252.0000,16,20,362.4250,-80.4068,-0.5065,20,0.5000,0.2000,5,7,5,0,0,7,5,0.2857
4,252.0000,16,22,403.5701,-81.8550,0.3140,22,0.5500,0.6667,6,8,6,0,0,8,6,0.2500
4,252.0000,16,23,477.6017,-83.0739,-0.4508,23,0.5750,0.8571,7,7,5,0,0,7,5,0.2857
4,252.0000,16,24,295.4974,-78.9157,0.6211,25,0.6250,0.4286,7,6,4,0,0,6,4,0.3333
4,252.0000,16,26,164.8967,-74.3937,0.1685,30,0.7500,0.0000,4,4,0,0,0,4,0,1.0000
4,252.0000,16,29,634.7294,-85.9703,-0.9125,16,0.4000,0.7143,7,7,6,0,0,7,6,0.1429
4,252.0000,16,33,644.6533,-84.1842,-0.5615,22,0.5500,1.0000,8,8,8,0,0,8,8,0.0000
4,252.0000,16,34,428.1060,-82.1038,-0.0854,19,0.4750,0.7143,7,7,6,0,0,7,6,0.1429
4,252.0000,16,35,479.6986,-83.4620,0.0253,22,0.5500,0.0000,4,5,2,0,0,5,2,0.6000
4,252.0000,16,37,557.2608,-84.8586,-0.0691,18,0.4500,0.4000,5,6,3,0,0,6,3,0.5000
4,252.0000,16,38,254.8012,-78.2368,0.2027,30,0.7500,0.2000,5,6,3,0,0,6,3,0.5000
4,252.0000,16,41,350.1258,-78.9927,-1.3113,34,0.8500,0.3333,6,7,5,0,0,7,5,0.2857
4,252.0000,16,45,687.2824,-88.3141,-0.9903,6,0.1500,1.0000,6,8,8,0,0,8,8,0.0000
4,252.0000,16,47,349.6660,-80.3575,-0.6834,21,0.5250,0.5714,7,6,4,0,0,6,4,0.3333
4,252.0000,17,2,468.0800,-83.7373,-0.0596,9,0.2250,1.0000,8,7,6,0,0,7,6,0.1429
4,252.0000,17,3,380.6017,-83.9900,1.4826,14,0.3500,0.5714,7,6,4,0,0,6,4,0.3333
4,252.0000,17,4,671.9291,-84.7930,-0.3744,8,0.2000,1.0000,8,8,8,0,0,8,8,0.0000
4,252.0000,17,5,627.1320,-85.4451,-0.0350,7,0.1750,1.0000,10,6,3,0,0,6,3,0.5000
4,252.0000,17,7,746.8909,-86.3479,-1.3321,6,0.1500,0.8750,8,8,8,0,0,8,8,0.0000
4,252.0000,17,10,223.4978,-76.9222,0.0380,29,0.7250,0.5714,7,6,3,0,0,6,3,0.5000
4,252.0000,17,11,396.7937,-81.2025,0.6774,16,0.4000,0.6667,6,6,3,0,0,6,3,0.5000
4,252.0000,17,12,545.9374,-86.1690,-2.0799,4,0.1000,1.0000,8,8,8,0,0,8,8,0.0000
4,252.0000,17,14,693.4835,-83.7931,0.1510,6,0.1500,0.5714,7,7,6,0,0,7,6,0.1429
4,252.0000,17,16,753.0579,-87.5562,-0.2870,5,0.1250,1.0000,8,7,6,0,0,7,6,0.1429
4,252.0000,17,20,593.3153,-84.3727,-0.8829,9,0.2250,1.0000,8,8,7,0,0,8,7,0.1250
4,252.0000,17,22,663.6306,-85.1649,0.0959,8,0.2000,0.8571,7,8,7,0,0,8,7,0.1250
4,252.0000,17,23,515.1985,-84.1780,-0.5454,14,0.3500,0.8571,7,6,4,0,0,6,4,0.3333
4,252.0000,17,24,780.0522,-87.0979,-1.7633,3,0.0750,1.0000,8,7,6,0,0,7,6,0.1429
4,252.0000,17,26,604.4674,-85.4454,1.3334,7,0.1750,0.8750,8,7,5,0,0,7,5,0.2857
4,252.0000,17,29,347.0380,-82.7229,1.0427,17,0.4250,0.5000,6,8,7,0,0,8,7,0.1250
4,252.0000,17,33,492.0435,-84.7903,-0.2753,17,0.4250,0.8571,7,8,7,0,0,8,7,0.1250
4,252.0000,17,34,647.2300,-85.5745,-0.7451,6,0.1500,1.0000,8,8,8,0,0,8,8,0.0000
4,252.0000,17,35,644.2981,-85.9212,0.4432,11,0.2750,1.0000,8,7,6,0,0,7,6,0.1429
4,252.0000,17,37,469.5738,-84.3446,0.1052,16,0.4000,0.8571,7,7,5,0,0,7,5,0.2857
4,252.0000,17,41,891.1327,-87.1310,-0.0887,5,0.1250,1.0000,8,4,4,0,0,4,4,0.0000
4,252.0000,17,42,801.0365,-86.2295,0.2512,5,0.1250,0.8750,8,8,8,0,0,8,8,0.0000
4,252.0000,17,43,277.8608,-77.8676,-0.0570,26,0.6500,0.2000,5,4,0,0,0,4,0,1.0000
4,252.0000,17,47,787.3015,-87.7299,-0.2051,5,0.1250,0.8571,7,8,8,0,0,8,8,0.0000
4,252.0000,18,0,1002.3977,-88.0292,-0.0572,7,0.1750,1.0000,8,2,2,0,0,2,2,0.0000
4,252.0000,18,1,642.7880,-85.5723,-0.2839,15,0.3750,1.0000,8,8,8,0,0,8,8,0.0000
4,252.0000,18,2,894.0623,-88.7045,0.5299,3,0.0750,1.0000,8,8,8,0,0,8,8,0.0000
4,252.0000,18,4,605.0486,-86.8572,0.4323,6,0.1500,0.6667,6,7,6,0,0,7,6,0.1429
4,252.0000,18,5,849.3418,-86.9812,-0.4255,4,0.1000,0.8750,8,8,8,0,0,8,8,0.0000
4,252.0000,18,6,367.3634,-83.1376,0.6582,11,0.2750,0.4000,5,7,5,0,0,7,5,0.2857
4,252.0000,18,8,471.1215,-85.5953,1.5129,10,0.2500,0.8571,7,7,6,0,0,7,6,0.1429
4,252.0000,18,9,872.7073,-87.6906,-0.5224,9,0.2250,1.0000,8,8,8,0,0,8,8,0.0000
4,252.0000,18,11,788.8603,-88.9905,0.5098,5,0.1250,1.0000,8,8,8,0,0,8,8,0.0000
4,252.0000,18,12,752.3025,-86.5891,-0.1474,4,0.1000,1.0000,8,8,8,0,0,8,8,0.0000
4,252.0000,18,13,339.5961,-80.4169,0.0393,23,0.5750,0.4000,5,5,2,0,0,5,2,0.6000
4,252.0000,18,14,546.0125,-85.2426,1.1805,7,0.1750,1.0000,8,6,4,0,0,6,4,0.3333
4,252.0000,18,15,887.2769,-86.8299,-1.3204,3,0.0750,1.0000,4,4,4,0,0,4,4,0.0000
4,252.0000,18,19,795.5749,-86.7992,-0.1968,6,0.1500,1.0000,8,4,4,0,0,4,4,0.0000
4,252.0000,18,20,678.6389,-87.2178,0.5713,5,0.1250,1.0000,8,8,8,0,0,8,8,0.0000
4,252.0000,18,21,771.8143,-87.0425,-0.1855,8,0.2000,1.0000,4,4,4,0,0,4,4,0.0000
4,252.0000,18,24,699.0712,-88.8084,0.2915,6,0.1500,1.0000,8,7,5,0,0,7,5,0.2857
4,252.0000,18,25,605.7882,-84.2097,-0.1253,12,0.3000,0.8571,7,8,8,0,0,8,8,0.0000
4,252.0000,18,27,524.2042,-83.5925,-0.3128,16,0.4000,0.5714,7,8,7,0,0,8,7,0.1250
4,252.0000,18,29,819.0678,-86.4204,0.3994,7,0.1750,1.0000,8,4,4,0,0,4,4,0.0000
4,252.0000,18,31,224.8240,-77.7605,0.3313,28,0.7000,0.2000,5,5,2,0,0,5,2,0.6000
4,252.0000,18,32,654.2879,-86.3610,-0.6307,9,0.2250,1.0000,8,7,6,0,0,7,6,0.1429
4,252.0000,18,34,714.6448,-87.0563,0.3726,8,0.2000,1.0000,8,7,6,0,0,7,6,0.1429
4,252.0000,18,36,694.8379,-85.1859,0.2415,12,0.3000,1.0000,8,8,8,0,0,8,8,0.0000
4,252.0000,18,38,804.0591,-87.3940,-0.3176,6,0.1500,1.0000,2,8,8,0,0,8,8,0.0000
4,252.0000,18,42,464.8986,-83.9609,1.3999,13,0.3250,1.0000,8,7,6,0,0,7,6,0.1429
4,252.0000,18,44,962.2233,-87.3423,-1.1277,4,0.1000,1.0000,6,6,6,0,0,6,6,0.0000
4,252.0000,18,45,516.0102,-85.3029,-0.1502,7,0.1750,0.8571,7,7,6,0,0,7,6,0.1429
4,252.0000,18,47,613.0742,-86.5081,-0.3932,4,0.1000,1.0000,8,8,7,0,0,8,7,0.1250
4,252.0000,19,0,377.7719,-80.3040,0.1687,29,0.7250,0.5000,6,5,2,0,0,5,2,0.6000
4,252.0000,19,1,193.5532,-71.3666,-1.8316,38,0.9500,0.2000,5,5,2,0,0,5,2,0.6000
4,252.0000,19,9,397.0779,-80.7293,0.4873,29,0.7250,0.2000,5,7,6,0,0,7,6,0.1429
4,252.0000,19,13,653.7790,-84.8495,1.8554,9,0.2250,1.0000,8,7,6,0,0,7,6,0.1429
4,252.0000,19,15,608.4582,-84.9798,0.3908,18,0.4500,0.7500,8,8,7,0,0,8,7,0.1250
4,252.0000,19,18,795.5749,-85.3890,0.2563,7,0.1750,0.8750,8,8,8,0,0,8,8,0.0000
4,252.0000,19,21,613.8655,-84.8667,-0.3905,15,0.3750,0.5000,8,7,6,0,0,7,6,0.1429
4,252.0000,19,25,278.7463,-75.7240,-1.3867,34,0.8500,0.5000,4,5,1,0,0,5,1,0.8000
4,252.0000,19,27,782.6988,-85.8634,-0.4913,8,0.2000,1.0000,8,6,6,0,0,6,6,0.0000
4,252.0000,19,28,614.6222,-85.0806,-0.6946,23,0.5750,0.8571,7,6,4,0,0,6,4,0.3333
4,252.0000,19,30,885.2073,-86.7430,0.4616,10,0.2500,1.0000,6,8,8,0,0,8,8,0.0000
4,252.0000,19,31,777.6922,-87.1933,0.9239,5,0.1250,1.0000,8,8,8,0,0,8,8,0.0000
4,252.0000,19,32,653.5882,-84.9073,-0.0617,11,0.2750,1.0000,8,8,6,0,0,8,6,0.2500
4,252.0000,19,36,199.6138,-75.1052,-0.8123,34,0.8500,0.0000,4,5,1,0,0,5,1,0.8000
4,252.0000,19,39,678.4690,-85.2482,-0.1560,19,0.4750,0.6667,6,8,8,0,0,8,8,0.0000
4,252.0000,19,40,583.4149,-83.9838,-0.2022,25,0.6250,0.6667,6,7,6,0,0,7,6,0.1429
4,252.0000,19,44,696.4619,-85.4573,0.1981,16,0.4000,0.6667,6,7,6,0,0,7,6,0.1429
4,252.0000,19,46,303.8672,-77.7761,-0.3791,34,0.8500,0.0000,4,6,4,0,0,6,4,0.3333
4,252.0000,20,2,251.3452,-77.9387,0.6190,24,0.6154,0.2000,5,5,1,0,0,5,1,0.8000
4,252.0000,20,3,469.4043,-84.6288,-0.6418,18,0.4615,0.6667,6,7,4,0,0,7,4,0.4286
4,252.0000,20,4,554.5881,-84.8838,1.0261,15,0.3846,0.6667,6,7,6,0,0,7,6,0.1429
4,252.0000,20,5,385.4340,-80.9288,-0.4398,22,0.5641,0.5000,6,8,8,0,0,8,8,0.0000
4,252.0000,20,6,416.0071,-81.6375,-0.3477,21,0.5385,0.8750,8,6,4,0,0,6,4,0.3333
4,252.0000,20,7,703.0125,-87.0358,-0.4232,16,0.4103,0.8750,8,8,8,0,0,8,8,0.0000
4,252.0000,20,8,392.2353,-81.2136,0.0782,23,0.5897,0.7143,7,8,6,0,0,8,6,0.2500
4,252.0000,20,10,503.7021,-85.7023,1.0154,15,0.3846,0.7500,8,7,5,0,0,7,5,0.2857
4,252.0000,20,11,545.6090,-84.8821,0.8915,18,0.4615,0.8571,7,7,6,0,0,7,6,0.1429
4,252.0000,20,12,77.5663,-60.7066,-2.0179,38,0.9744,0.0000,4,5,1,0,0,5,1,0.8000
4,252.0000,20,13,861.0555,-87.7212,0.5795,7,0.1795,,0,2,2,0,0,2,2,0.0000
4,252.0000,20,14,350.8524,-82.0312,-0.0874,22,0.5641,0.5000,6,6,3,0,0,6,3,0.5000
4,252.0000,20,16,362.4250,-80.7390,-0.2685,22,0.5641,0.6667,6,7,6,0,0,7,6,0.1429
4,252.0000,20,17,593.3153,-85.6363,0.2118,16,0.4103,0.6667,6,6,4,0,0,6,4,0.3333
4,252.0000,20,18,678.6389,-87.6533,-0.3046,7,0.1795,1.0000,8,8,8,0,0,8,8,0.0000
4,252.0000,20,22,623.9552,-86.1112,-0.7379,15,0.3846,0.8571,7,7,6,0,0,7,6,0.1429
4,252.0000,20,23,610.6956,-84.3371,1.3110,14,0.3590,0.6667,6,8,6,0,0,8,6,0.2500
4,252.0000,20,24,312.7157,-79.2610,0.0051,24,0.6154,0.5714,7,7,3,0,0,7,3,0.5714
4,252.0000,20,26,314.7145,-77.5067,-0.6489,25,0.6410,0.4000,5,7,6,0,0,7,6,0.1429
4,252.0000,20,27,803.0915,-87.6971,0.4169,9,0.2308,0.7500,4,4,4,0,0,4,4,0.0000
4,252.0000,20,29,450.9485,-83.2559,0.7095,17,0.4359,0.8571,7,7,6,0,0,7,6,0.1429
4,252.0000,20,31,739.0406,-87.9025,-0.5560,6,0.1538,0.7143,7,6,6,0,0,6,6,0.0000
4,252.0000,20,33,729.5251,-85.9417,0.1530,19,0.4872,0.8750,8,7,5,0,0,7,5,0.2857
4,252.0000,20,34,366.6566,-80.2858,0.0533,22,0.5641,0.4000,5,6,4,0,0,6,4,0.3333
4,252.0000,20,35,670.4166,-86.1718,-0.0284,14,0.3590,0.8750,8,7,6,0,0,7,6,0.1429
4,252.0000,20,37,576.4805,-85.6355,0.7895,14,0.3590,0.8750,8,8,7,0,0,8,7,0.1250
4,252.0000,20,38,402.7555,-81.4196,0.2917,23,0.5897,0.3333,6,6,4,0,0,6,4,0.3333
4,252.0000,20,41,691.3943,-86.2721,0.5519,15,0.3846,0.8571,7,6,6,0,0,6,6,0.0000
4,252.0000,20,42,606.4587,-85.6792,0.9417,15,0.3846,1.0000,4,6,6,0,0,6,6,0.0000
4,252.0000,20,43,748.9433,-86.6241,0.6306,12,0.3077,1.0000,8,8,8,0,0,8,8,0.0000
4,252.0000,20,45,446.6614,-83.1629,0.1260,18,0.4615,0.8571,7,7,4,0,0,7,4,0.4286
4,252.0000,20,47,270.8253,-77.7872,0.4771,30,0.7692,0.5000,6,8,7,0,0,8,7,0.1250
4,252.0000,21,0,454.1387,-83.2741,-0.1493,24,0.6154,0.6667,6,8,7,0,0,8,7,0.1250
4,252.0000,21,1,460.3148,-83.3603,0.4135,19,0.4872,0.5714,7,6,4,0,0,6,4,0.3333
4,252.0000,21,9,312.4212,-80.5762,0.1220,29,0.7436,0.4000,5,5,1,0,0,5,1,0.8000
4,252.0000,21,13,752.1349,-85.6909,0.0309,5,0.1282,0.8750,8,8,8,0,0,8,8,0.0000
4,252.0000,21,15,453.5556,-82.7320,-0.2862,21,0.5385,0.7143,7,7,5,0,0,7,5,0.2857
4,252.0000,21,19,613.8655,-84.6112,-0.3925,14,0.3590,0.8750,8,8,7,0,0,8,7,0.1250
4,252.0000,21,25,382.4177,-81.5203,-0.3491,23,0.5897,0.4000,5,8,7,0,0,8,7,0.1250
4,252.0000,21,27,390.1753,-80.5870,0.1356,24,0.6154,0.5714,7,7,6,11,5,18,11,0.3889
4,252.0000,21,28,716.3540,-85.8955,-0.1772,13,0.3333,0.6667,9,8,8,0,0,8,8,0.0000
4,252.0000,21,30,727.7651,-86.0309,-0.6407,15,0.3846,0.8571,7,8,8,0,0,8,8,0.0000
4,252.0000,21,31,824.7861,-86.6386,-0.2664,6,0.1538,1.0000,8,8,8,0,0,8,8,0.0000
4,252.0000,21,32,380.4376,-81.0924,0.0162,23,0.5897,0.2000,5,7,5,0,0,7,5,0.2857
4,252.0000,21,36,492.6202,-83.0382,-1.4809,20,0.5128,0.6667,6,7,6,0,0,7,6,0.1429
4,252.0000,21,39,777.9888,-85.7328,-0.4674,12,0.3077,0.6667,6,8,7,0,0,8,7,0.1250
4,252.0000,21,40,705.7178,-84.8890,-0.0381,16,0.4103,0.8571,7,6,6,0,0,6,6,0.0000
4,252.0000,21,44,346.3314,-81.2601,0.3128,25,0.6410,0.6667,6,6,3,0,0,6,3,0.5000
4,252.0000,21,45,663.1572,-85.6224,1.2910,4,0.1026,1.0000,8,8,8,0,0,8,8,0.0000
4,252.0000,21,46,710.9986,-85.6645,-0.4692,15,0.3846,1.0000,8,7,6,0,0,7,6,0.1429
4,252.0000,22,2,403.5374,-82.1870,0.3011,15,0.3750,0.7143,7,7,6,0,0,7,6,0.1429
4,252.0000,22,3,372.1238,-80.4336,1.0416,16,0.4000,0.5000,6,8,7,0,0,8,7,0.1250
4,252.0000,22,5,529.9844,-84.3785,0.3720,6,0.1500,0.8750,8,6,3,0,0,6,3,0.5000
4,252.0000,22,7,347.5725,-79.7498,-0.1783,25,0.6250,0.5714,7,7,5,0,0,7,5,0.2857
4,252.0000,22,10,574.3846,-86.0901,1.4244,10,0.2500,1.0000,8,8,7,0,0,8,7,0.1250
4,252.0000,22,12,550.6019,-84.3374,0.0414,7,0.1750,0.8750,8,7,6,0,0,7,6,0.1429
4,252.0000,22,14,803.4052,-86.6034,-3.5252,3,0.0750,1.0000,8,8,8,0,0,8,8,0.0000
4,252.0000,22,16,403.5701,-81.6613,-0.8741,17,0.4250,0.6667,6,9,7,0,0,9,7,0.2222
4,252.0000,22,17,663.6306,-86.6100,0.2346,8,0.2000,0.6667,6,5,3,0,0,5,3,0.4000
4,252.0000,22,20,623.9552,-85.5463,-0.5823,9,0.2250,1.0000,8,7,6,0,0,7,6,0.1429
4,252.0000,22,23,169.6577,-73.5188,0.1267,32,0.8000,0.2000,5,5,1,0,0,5,1,0.8000
4,252.0000,22,24,651.4356,-85.6517,0.3713,7,0.1750,1.0000,8,8,7,0,0,8,7,0.1250
4,252.0000,22,26,368.9195,-83.9850,0.2198,12,0.3000,1.0000,8,6,4,0,0,6,4,0.3333
4,252.0000,22,29,709.6896,-86.7807,1.5122,4,0.1000,1.0000,8,8,8,0,0,8,8,0.0000
4,252.0000,22,33,436.0725,-82.5618,-0.0910,22,0.5500,0.7143,7,7,6,0,0,7,6,0.1429
4,252.0000,22,34,668.0104,-86.2618,-0.1498,9,0.2250,0.8750,8,8,7,0,0,8,7,0.1250
4,252.0000,22,35,323.8091,-80.4925,0.9358,22,0.5500,1.0000,8,6,3,0,0,6,3,0.5000
4,252.0000,22,37,531.3943,-84.2068,0.9111,7,0.1750,1.0000,8,7,6,0,0,7,6,0.1429
4,252.0000,22,38,656.7130,-85.6823,-0.0315,7,0.1750,1.0000,8,7,6,0,0,7,6,0.1429
4,252.0000,22,41,291.6167,-79.1870,0.4012,28,0.7000,0.3333,6,5,2,0,0,5,2,0.6000
4,252.0000,22,43,660.9551,-85.7858,-0.7361,9,0.2250,1.0000,8,8,8,0,0,8,8,0.0000
4,252.0000,22,47,712.4559,-86.7782,-0.7711,5,0.1250,0.8750,8,8,8,0,0,8,8,0.0000
4,252.0000,23,2,366.4096,-81.6776,-0.1886,20,0.5000,0.5000,6,8,7,0,0,8,7,0.1250
4,252.0000,23,3,255.1220,-77.8156,-0.4772,28,0.7000,0.5000,6,5,2,0,0,5,2,0.6000
4,252.0000,23,4,1015.5457,-88.6937,-3.9705,3,0.0750,1.0000,8,4,4,0,0,4,4,0.0000
4,252.0000,23,5,505.3439,-84.4440,0.8339,14,0.3500,1.0000,8,7,6,0,0,7,6,0.1429
4,252.0000,23,6,920.5904,-88.3232,0.3185,6,0.1500,1.0000,8,8,8,0,0,8,8,0.0000
4,252.0000,23,7,357.0558,-81.5979,-0.5005,28,0.7000,0.3333,6,4,0,49,37,53,37,0.3019
4,252.0000,23,10,435.8456,-83.6885,0.3868,22,0.5500,0.6667,6,6,4,0,0,6,4,0.3333
4,252.0000,23,11,738.6040,-87.0800,0.7279,10,0.2500,0.8750,8,8,7,0,0,8,7,0.1250
4,252.0000,23,12,534.1664,-85.3761,1.1139,16,0.4000,0.7143,7,8,8,0,0,8,8,0.0000
4,252.0000,23,14,765.2828,-88.4645,-0.1745,7,0.1750,0.7500,4,8,8,0,0,8,8,0.0000
4,252.0000,23,16,477.6017,-82.8954,-0.2088,18,0.4500,0.7143,7,7,6,0,0,7,6,0.1429
4,252.0000,23,17,515.1985,-85.3058,0.8550,18,0.4500,0.8750,8,8,6,0,0,8,6,0.2500
4,252.0000,23,20,610.6956,-86.3423,0.1973,11,0.2750,0.8750,8,7,5,0,0,7,5,0.2857
4,252.0000,23,22,169.6577,-73.7510,-0.1058,37,0.9250,0.0000,4,4,0,0,0,4,0,1.0000
4,252.0000,23,24,670.2558,-86.5074,0.8466,9,0.2250,1.0000,6,8,8,0,0,8,8,0.0000
4,252.0000,23,26,382.8244,-83.1928,0.5554,17,0.4250,1.0000,8,6,4,10,8,16,12,0.2500
4,252.0000,23,29,596.6074,-85.8284,0.0391,13,0.3250,0.8750,8,7,5,0,0,7,5,0.2857
4,252.0000,23,33,299.7658,-79.3367,-0.3863,35,0.8750,0.5000,114,7,4,62,31,69,35,0.4928
4,252.0000,23,34,631.8099,-85.9911,1.3986,9,0.2250,0.8571,7,8,8,0,0,8,8,0.0000
4,252.0000,23,35,282.5349,-78.4207,0.2174,31,0.7750,0.2000,5,5,2,0,0,5,2,0.6000
4,252.0000,23,37,423.0518,-82.8303,1.1645,22,0.5500,0.5000,6,6,3,0,0,6,3,0.5000
4,252.0000,23,38,727.6906,-86.1866,0.3889,12,0.3000,1.0000,8,7,6,0,0,7,6,0.1429
4,252.0000,23,41,428.2576,-82.0786,-0.1178,26,0.6500,0.4000,5,6,4,0,0,6,4,0.3333
4,252.0000,23,43,495.0458,-83.3261,0.5192,27,0.6750,0.4000,5,7,5,0,0,7,5,0.2857
4,252.0000,23,47,726.2973,-87.2007,0.6858,9,0.2250,1.0000,8,8,8,0,0,8,8,0.0000
4,252.0000,24,2,366.3769,-81.6521,0.7433,16,0.4000,0.4286,7,7,6,0,0,7,6,0.1429
4,252.0000,24,3,521.8420,-84.2355,0.0694,16,0.4000,0.5714,7,5,2,0,0,5,2,0.6000
4,252.0000,24,4,801.1162,-86.6094,0.5802,8,0.2000,1.0000,8,7,6,0,0,7,6,0.1429
4,252.0000,24,5,244.4402,-77.4054,0.6951,28,0.7000,0.0000,4,8,7,0,0,8,7,0.1250
4,252.0000,24,6,404.8591,-81.9065,-0.2178,22,0.5500,0.5714,7,6,3,0,0,6,3,0.5000
4,252.0000,24,7,590.8049,-85.8271,-0.6589,16,0.4000,1.0000,8,6,4,0,0,6,4,0.3333
4,252.0000,24,8,537.7655,-83.3698,-0.8586,14,0.3500,0.8333,6,7,6,0,0,7,6,0.1429
4,252.0000,24,10,610.0236,-86.0198,0.9600,11,0.2750,0.8333,6,7,5,0,0,7,5,0.2857
4,252.0000,24,11,646.5566,-86.0107,-0.1092,13,0.3250,0.7143,7,7,6,0,0,7,6,0.1429
4,252.0000,24,12,328.3614,-80.5120,0.0433,22,0.5500,0.5714,7,8,4,0,0,8,4,0.5000
4,252.0000,24,13,974.6082,-89.2019,0.0890,5,0.1250,1.0000,4,8,8,0,0,8,8,0.0000
4,252.0000,24,14,272.7598,-79.9571,0.7511,20,0.5000,0.5000,6,5,1,0,0,5,1,0.8000
4,252.0000,24,16,295.4974,-78.7818,0.1242,27,0.6750,0.7143,7,6,3,0,0,6,3,0.5000
4,252.0000,24,17,780.0522,-88.0729,-0.0732,6,0.1500,1.0000,6,8,8,0,0,8,8,0.0000
4,252.0000,24,18,699.0712,-87.5383,-1.0595,6,0.1500,1.0000,8,7,6,0,0,7,6,0.1429
4,252.0000,24,20,312.7157,-80.2724,0.2879,19,0.4750,0.4000,5,7,5,0,0,7,5,0.2857
4,252.0000,24,22,651.4356,-86.6318,-0.3093,10,0.2500,1.0000,8,8,8,0,0,8,8,0.0000
4,252.0000,24,23,670.2558,-86.7778,0.3365,14,0.3500,1.0000,8,8,8,0,0,8,8,0.0000
4,252.0000,24,25,1215.1675,-88.9863,-0.2350,3,0.0750,,0,6,6,0,0,6,6,0.0000
4,252.0000,24,26,291.4847,-78.6216,0.3310,24,0.6000,0.5000,6,6,2,0,0,6,2,0.6667
4,252.0000,24,27,829.2088,-87.5417,0.0407,5,0.1250,,0,8,8,0,0,8,8,0.0000
4,252.0000,24,29,538.6501,-85.2470,1.3964,13,0.3250,0.8750,8,8,8,0,0,8,8,0.0000
4,252.0000,24,31,831.1088,-87.4377,1.2582,3,0.0750,1.0000,8,6,6,0,0,6,6,0.0000
4,252.0000,24,33,733.3676,-86.2997,0.0760,12,0.3000,1.0000,8,8,7,0,0,8,7,0.1250
4,252.0000,24,34,227.4958,-79.0595,0.0882,25,0.6250,0.0000,4,4,0,0,0,4,0,1.0000
4,252.0000,24,35,600.9090,-85.9028,0.7717,15,0.3750,0.8571,7,6,3,0,0,6,3,0.5000
4,252.0000,24,37,544.4529,-85.7084,-0.2579,15,0.3750,1.0000,8,5,2,0,0,5,2,0.6000
4,252.0000,24,38,227.0781,-74.6825,-1.1531,35,0.8750,0.0000,4,6,4,0,0,6,4,0.3333
4,252.0000,24,41,590.5177,-83.7238,-0.5610,15,0.3750,0.5714,7,5,4,0,0,5,4,0.2000
4,252.0000,24,42,806.3196,-86.8868,-0.3343,6,0.1500,1.0000,4,3,2,0,0,3,2,0.3333
4,252.0000,24,43,839.4396,-86.9711,0.0372,10,0.2500,1.0000,8,4,4,0,0,4,4,0.0000
4,252.0000,24,45,586.2458,-84.7421,0.6010,10,0.2500,0.8750,8,6,4,0,0,6,4,0.3333
4,252.0000,24,47,97.6732,-69.8599,1.0409,34,0.8500,0.0000,4,5,1,0,0,5,1,0.8000
4,252.0000,25,0,399.5914,-81.1487,-0.5700,34,0.8500,0.3333,6,6,3,0,0,6,3,0.5000
4,252.0000,25,1,88.4456,-67.9886,-0.0182,38,0.9500,0.0000,4,5,1,0,0,5,1,0.8000
4,252.0000,25,6,957.6334,-87.9816,-0.0343,4,0.1000,1.0000,8,4,4,0,0,4,4,0.0000
4,252.0000,25,9,304.9202,-79.1812,-0.1640,35,0.8750,0.4000,5,5,2,0,0,5,2,0.6000
4,252.0000,25,13,518.1642,-84.1187,-0.2100,15,0.3750,0.8571,7,7,5,0,0,7,5,0.2857
4,252.0000,25,15,493.9356,-83.8913,0.4005,25,0.6250,0.4286,7,7,6,0,0,7,6,0.1429
4,252.0000,25,18,605.7882,-84.0400,-0.6866,7,0.1750,1.0000,8,8,8,0,0,8,8,0.0000
4,252.0000,25,19,278.7463,-75.8993,-1.3795,37,0.9250,0.0000,4,7,6,0,0,7,6,0.1429
4,252.0000,25,21,382.4177,-82.2024,0.0396,23,0.5750,0.8571,7,7,5,0,0,7,5,0.2857
4,252.0000,25,27,513.3033,-83.1439,0.2376,12,0.3000,0.8571,7,8,8,0,0,8,8,0.0000
4,252.0000,25,28,686.7510,-85.2024,-0.3192,16,0.4000,0.7143,7,7,6,0,0,7,6,0.1429
4,252.0000,25,30,862.3823,-87.6448,0.4530,7,0.1750,1.0000,8,4,4,0,0,4,4,0.0000
4,252.0000,25,31,621.1961,-85.9140,0.7410,6,0.1500,1.0000,8,7,6,0,0,7,6,0.1429
4,252.0000,25,32,439.1637,-83.1121,0.5286,23,0.5750,0.6667,6,5,1,0,0,5,1,0.8000
4,252.0000,25,36,171.4301,-69.8320,-3.0377,35,0.8750,0.0000,4,5,2,0,0,5,2,0.6000
4,252.0000,25,39,748.6097,-86.0230,-0.0036,16,0.4000,1.0000,8,8,7,0,0,8,7,0.1250
4,252.0000,25,40,678.3713,-85.7192,-0.0526,18,0.4500,0.5714,7,7,6,0,0,7,6,0.1429
4,252.0000,25,44,546.1647,-84.1265,-0.8755,19,0.4750,0.7143,7,8,8,0,0,8,8,0.0000
4,252.0000,25,45,770.2172,-87.7009,2.2560,3,0.0750,1.0000,8,8,8,0,0,8,8,0.0000
4,252.0000,25,46,505.8509,-82.0712,-0.5601,32,0.8000,0.7143,7,8,8,0,0,8,8,0.0000
4,252.0000,26,2,152.9502,-70.4650,0.0369,38,0.9744,0.2000,5,6,2,0,0,6,2,0.6667
4,252.0000,26,3,290.7864,-79.2157,0.6790,28,0.7179,0.5000,6,6,3,0,0,6,3,0.5000
4,252.0000,26,4,836.0857,-87.5225,0.1295,13,0.3333,1.0000,8,8,7,0,0,8,7,0.1250
4,252.0000,26,5,215.8617,-75.1967,-0.4137,33,0.8462,0.2000,5,6,2,0,0,6,2,0.6667
4,252.0000,26,6,601.1947,-83.7029,-0.4401,22,0.5641,0.5000,8,8,8,0,0,8,8,0.0000
4,252.0000,26,7,395.6916,-82.7973,0.8002,28,0.7179,0.6667,6,6,4,0,0,6,4,0.3333
4,252.0000,26,8,677.1221,-84.7093,-0.0790,18,0.4615,0.5000,6,8,8,0,0,8,8,0.0000
4,252.0000,26,10,450.6025,-83.8539,-0.4848,22,0.5641,0.4000,5,6,4,0,0,6,4,0.3333
4,252.0000,26,11,625.6865,-85.0019,-0.7682,21,0.5385,0.8571,7,8,8,0,0,8,8,0.0000
4,252.0000,26,12,259.6352,-77.1930,-0.4056,30,0.7692,0.2000,5,5,2,0,0,5,2,0.6000
4,252.0000,26,14,446.4095,-82.0322,-0.3068,26,0.6667,1.0000,8,7,6,0,0,7,6,0.1429
4,252.0000,26,16,164.8967,-73.2179,0.1539,33,0.8462,0.2000,5,5,1,0,0,5,1,0.8000
4,252.0000,26,17,604.4674,-86.1231,0.7481,20,0.5128,0.5000,6,6,4,0,0,6,4,0.3333
4,252.0000,26,18,924.3954,-87.6990,-0.4786,6,0.1538,1.0000,6,8,8,0,0,8,8,0.0000
4,252.0000,26,20,314.7145,-78.1481,-0.8877,29,0.7436,0.5000,6,5,2,0,0,5,2,0.6000
4,252.0000,26,22,368.9195,-82.0571,1.4221,29,0.7436,0.7143,7,7,3,0,0,7,3,0.5714
4,252.0000,26,23,382.8244,-82.9659,0.5827,28,0.7179,0.8750,8,7,5,0,0,7,5,0.2857
4,252.0000,26,24,291.4847,-78.3380,0.0499,33,0.8462,0.5000,6,6,3,0,0,6,3,0.5000
4,252.0000,26,27,1041.8329,-89.3895,-0.1872,3,0.0769,1.0000,2,2,2,0,0,2,2,0.0000
4,252.0000,26,29,480.9646,-83.0420,-0.1930,27,0.6923,0.3333,6,8,7,0,0,8,7,0.1250
4,252.0000,26,31,1010.0300,-88.2239,-0.3282,7,0.1795,0.8750,8,2,2,0,0,2,2,0.0000
4,252.0000,26,33,507.5559,-83.5421,0.8415,26,0.6667,0.5714,7,7,6,0,0,7,6,0.1429
4,252.0000,26,34,327.5762,-79.7003,-0.5763,28,0.7179,0.0000,4,5,2,0,0,5,2,0.6000
4,252.0000,26,35,380.2949,-82.5669,-0.1357,26,0.6667,0.6250,8,6,4,5,3,11,7,0.3636
4,252.0000,26,37,401.9764,-84.6365,0.1184,21,0.5385,0.7500,8,5,2,0,0,5,2,0.6000
4,252.0000,26,38,366.4407,-80.9495,-1.0936,31,0.7949,0.7143,7,6,3,0,0,6,3,0.5000
4,252.0000,26,41,398.8765,-82.9282,-0.0019,29,0.7436,0.4000,5,7,6,0,0,7,6,0.1429
4,252.0000,26,42,896.9849,-86.9211,-0.5543,13,0.3333,1.0000,4,4,4,0,0,4,4,0.0000
4,252.0000,26,43,652.7559,-85.1964,-1.2393,21,0.5385,0.6667,6,8,8,0,0,8,8,0.0000
4,252.0000,26,45,721.7747,-86.5796,-0.7422,16,0.4103,1.0000,8,6,6,0,0,6,6,0.0000
4,252.0000,26,47,348.7862,-77.9658,-0.9576,32,0.8205,0.2857,7,6,4,0,0,6,4,0.3333
4,252.0000,27,0,776.2196,-86.9556,-0.9629,6,0.1500,1.0000,8,6,6,0,0,6,6,0.0000
4,252.0000,27,1,595.5025,-85.4341,-0.2045,12,0.3000,0.8750,8,7,6,0,0,7,6,0.1429
4,252.0000,27,5,1055.9244,-89.3158,2.0420,3,0.0750,1.0000,8,4,4,0,0,4,4,0.0000
4,252.0000,27,6,732.8360,-84.9214,-1.9239,3,0.0750,1.0000,8,8,8,0,0,8,8,0.0000
4,252.0000,27,8,437.0231,-82.2647,1.4840,12,0.3000,0.8750,8,7,5,0,0,7,5,0.2857
4,252.0000,27,9,599.7832,-85.7969,0.0920,13,0.3250,1.0000,8,8,8,0,0,8,8,0.0000
4,252.0000,27,13,673.3801,-85.3953,-0.6268,7,0.1750,0.8571,7,7,6,0,0,7,6,0.1429
4,252.0000,27,15,546.2740,-82.8125,-0.4756,19,0.4750,1.0000,8,8,8,0,0,8,8,0.0000
4,252.0000,27,16,984.0697,-87.8492,-1.3270,4,0.1000,1.0000,2,8,8,0,0,8,8,0.0000
4,252.0000,27,18,524.2042,-83.7385,-0.3363,9,0.2250,0.8750,8,7,6,0,0,7,6,0.1429
4,252.0000,27,19,782.6988,-86.1870,0.2531,10,0.2500,1.0000,8,8,8,0,0,8,8,0.0000
4,252.0000,27,21,390.1753,-81.9674,0.4393,24,0.6000,0.5714,7,7,6,0,0,7,6,0.1429
4,252.0000,27,25,513.3033,-84.3073,-0.4417,14,0.3500,0.8750,8,5,4,0,0,5,4,0.2000
4,252.0000,27,28,971.7381,-86.6914,-0.6753,4,0.1000,1.0000,8,6,6,0,0,6,6,0.0000
4,252.0000,27,30,980.7025,-88.4530,-0.1628,4,0.1000,1.0000,6,5,4,0,0,5,4,0.2000
4,252.0000,27,31,663.9643,-87.4895,-1.8561,5,0.1250,1.0000,6,5,4,0,0,5,4,0.2000
4,252.0000,27,32,281.4384,-79.3201,0.6876,29,0.7250,0.5000,6,4,0,0,0,4,0,1.0000
4,252.0000,27,34,972.1347,-88.2798,0.3815,3,0.0750,1.0000,8,8,8,0,0,8,8,0.0000
4,252.0000,27,36,670.5345,-84.7509,-0.9684,13,0.3250,1.0000,8,6,6,0,0,6,6,0.0000
4,252.0000,27,38,783.9485,-88.2006,1.7546,3,0.0750,1.0000,4,8,8,0,0,8,8,0.0000
4,252.0000,27,39,1006.0959,-88.7245,-0.3010,5,0.1250,1.0000,8,8,8,0,0,8,8,0.0000
4,252.0000,27,44,535.6526,-84.0516,0.5673,13,0.3250,0.5714,7,8,8,0,0,8,8,0.0000
4,252.0000,27,45,396.6700,-81.0914,0.1322,17,0.4250,0.0000,3,7,5,0,0,7,5,0.2857
4,252.0000,27,46,962.2352,-87.9797,-0.5706,3,0.0750,1.0000,4,4,4,0,0,4,4,0.0000
4,252.0000,27,47,741.4083,-86.9514,-0.2771,4,0.1000,1.0000,8,8,8,0,0,8,8,0.0000
4,252.0000,28,0,397.2121,-83.2013,-0.1714,26,0.6667,0.6667,6,7,5,0,0,7,5,0.2857
4,252.0000,28,1,668.4750,-85.3915,-0.3474,15,0.3846,0.8571,7,8,7,0,0,8,7,0.1250
4,252.0000,28,9,436.7399,-80.9137,-1.0405,22,0.5641,0.7143,7,7,6,0,0,7,6,0.1429
4,252.0000,28,15,476.9470,-82.6235,-0.0462,22,0.5641,0.5714,7,6,4,0,0,6,4,0.3333
4,252.0000,28,19,614.6222,-83.7101,0.2738,21,0.5385,0.8571,7,8,8,0,0,8,8,0.0000
4,252.0000,28,21,716.3540,-85.3999,-0.3701,10,0.2564,0.8750,8,8,8,0,0,8,8,0.0000
4,252.0000,28,25,686.7510,-85.6120,-0.1130,15,0.3846,0.7143,7,8,8,0,0,8,8,0.0000
4,252.0000,28,27,971.7381,-87.2486,0.3801,4,0.1026,1.0000,8,8,8,0,0,8,8,0.0000
4,252.0000,28,30,346.2643,-81.0769,0.3017,36,0.9231,0.0000,4,5,1,0,0,5,1,0.8000
4,252.0000,28,32,733.4894,-84.7043,-0.1525,12,0.3077,0.8571,7,8,8,0,0,8,8,0.0000
4,252.0000,28,36,714.5749,-85.3138,-0.4705,16,0.4103,0.8750,8,8,8,0,0,8,8,0.0000
4,252.0000,28,39,99.5257,-67.2160,-0.5493,36,0.9231,0.2000,5,5,1,0,0,5,1,0.8000
4,252.0000,28,40,237.9929,-77.8420,0.2939,31,0.7949,0.2000,5,4,0,0,0,4,0,1.0000
4,252.0000,28,44,515.2251,-82.4557,-0.4922,29,0.7436,0.2000,5,8,8,0,0,8,8,0.0000
4,252.0000,28,46,391.7060,-82.2748,0.1514,27,0.6923,0.2000,5,5,1,0,0,5,1,0.8000
4,252.0000,29,2,384.2092,-82.1046,0.6847,17,0.4250,0.5000,6,8,5,0,0,8,5,0.3750
4,252.0000,29,3,348.7081,-82.1744,0.3728,19,0.4750,0.6667,6,5,2,0,0,5,2,0.6000
4,252.0000,29,4,605.7833,-84.3983,0.1803,19,0.4750,1.0000,8,7,6,0,0,7,6,0.1429
4,252.0000,29,5,393.9334,-82.4634,-0.2159,23,0.5750,0.7500,8,7,6,0,0,7,6,0.1429
4,252.0000,29,6,481.8096,-82.8743,-0.6577,17,0.4250,0.5714,7,6,3,0,0,6,3,0.5000
4,252.0000,29,7,664.8987,-86.1004,0.1548,13,0.3250,0.7500,8,8,7,0,0,8,7,0.1250
4,252.0000,29,8,762.8545,-86.9535,-0.0812,8,0.2000,0.7143,7,6,6,0,0,6,6,0.0000
4,252.0000,29,10,197.3510,-77.9687,1.1649,29,0.7250,0.5000,4,10,6,0,0,10,6,0.4000
4,252.0000,29,11,152.2213,-70.4751,-1.3302,31,0.7750,0.0964,83,4,0,83,15,87,15,0.8276
4,252.0000,29,12,431.2042,-82.8963,-0.3760,16,0.4000,0.6667,6,4,2,0,0,4,2,0.5000
4,252.0000,29,13,957.6782,-87.7230,-0.0900,9,0.2250,1.0000,4,6,6,0,0,6,6,0.0000
4,252.0000,29,14,381.7355,-79.7986,-0.5854,25,0.6250,0.3333,6,8,8,0,0,8,8,0.0000
4,252.0000,29,16,634.7294,-85.2389,-0.1349,16,0.4000,0.6667,6,8,7,0,0,8,7,0.1250
4,252.0000,29,17,347.0380,-80.9119,0.4792,24,0.6000,0.7500,8,7,5,0,0,7,5,0.2857
4,252.0000,29,18,819.0678,-87.5543,-0.4636,7,0.1750,1.0000,8,9,8,0,0,9,8,0.1111
4,252.0000,29,20,450.9485,-84.4396,-0.2005,15,0.3750,1.0000,8,8,8,0,0,8,8,0.0000
4,252.0000,29,22,709.6896,-86.8799,0.1457,13,0.3250,1.0000,8,8,8,0,0,8,8,0.0000
4,252.0000,29,23,596.6074,-86.2509,0.1989,12,0.3000,0.8750,8,7,5,0,0,7,5,0.2857
4,252.0000,29,24,538.6501,-84.8018,-0.2738,13,0.3250,0.7143,7,8,6,0,0,8,6,0.2500
4,252.0000,29,26,480.9646,-82.9053,-0.7366,18,0.4500,0.8750,8,8,8,0,0,8,8,0.0000
4,252.0000,29,31,814.0634,-86.6198,0.3930,8,0.2000,1.0000,4,4,4,0,0,4,4,0.0000
4,252.0000,29,33,517.1361,-85.1852,0.6517,17,0.4250,0.6667,6,6,3,0,0,6,3,0.5000
4,252.0000,29,34,352.8438,-79.6273,-0.1426,20,0.5000,0.8571,7,6,4,0,0,6,4,0.3333
4,252.0000,29,35,588.2333,-85.0765,0.1775,14,0.3500,0.7143,7,8,8,0,0,8,8,0.0000
4,252.0000,29,37,320.1532,-80.6696,1.0662,26,0.6500,0.6667,6,4,0,0,0,4,0,1.0000
4,252.0000,29,38,738.5544,-86.2893,-0.5716,10,0.2500,0.8571,7,7,6,0,0,7,6,0.1429
4,252.0000,29,42,670.2466,-86.0229,-0.2599,16,0.4000,0.8750,8,4,4,0,0,4,4,0.0000
4,252.0000,29,43,405.5536,-81.3131,-0.5682,24,0.6000,0.6667,6,7,3,0,0,7,3,0.5714
4,252.0000,29,45,833.9806,-87.0796,-0.1479,6,0.1500,0.8571,7,8,8,0,0,8,8,0.0000
4,252.0000,29,47,544.6589,-84.1038,0.4973,15,0.3750,0.6667,6,8,8,0,0,8,8,0.0000
4,252.0000,30,0,586.1945,-85.1826,-0.6715,12,0.3000,0.8750,8,5,2,0,0,5,2,0.6000
4,252.0000,30,9,567.8907,-84.4224,0.1734,18,0.4500,0.8571,7,7,6,0,0,7,6,0.1429
4,252.0000,30,15,513.3530,-85.5243,-0.4977,19,0.4750,0.5714,7,6,4,0,0,6,4,0.3333
4,252.0000,30,19,885.2073,-87.5864,0.5718,3,0.0750,0.8571,7,8,8,0,0,8,8,0.0000
4,252.0000,30,21,727.7651,-86.5115,0.5338,6,0.1500,0.8571,7,8,8,0,0,8,8,0.0000
4,252.0000,30,25,862.3823,-88.1202,0.4796,6,0.1500,1.0000,8,8,8,0,0,8,8,0.0000
4,252.0000,30,28,346.2643,-80.6775,0.2685,30,0.7500,0.4286,7,5,1,0,0,5,1,0.8000
4,252.0000,30,32,761.8818,-86.8182,-0.7219,6,0.1500,1.0000,8,7,6,0,0,7,6,0.1429
4,252.0000,30,36,929.2096,-88.0743,0.6582,6,0.1500,1.0000,8,7,6,0,0,7,6,0.1429
4,252.0000,30,39,338.8269,-81.1925,-0.4403,32,0.8000,0.5000,6,6,3,0,0,6,3,0.5000
4,252.0000,30,40,463.1505,-83.1539,0.4049,23,0.5750,0.5000,6,7,5,0,0,7,5,0.2857
4,252.0000,30,44,445.4810,-82.1953,0.1231,26,0.6500,0.0000,4,8,7,0,0,8,7,0.1250
4,252.0000,30,46,709.1055,-87.3706,0.0960,9,0.2250,0.8571,7,7,5,0,0,7,5,0.2857
4,252.0000,31,1,644.9717,-85.3904,0.3810,9,0.2250,0.8571,7,7,6,0,0,7,6,0.1429
4,252.0000,31,4,478.2979,-84.4860,0.2845,8,0.2000,1.0000,8,6,4,0,0,6,4,0.3333
4,252.0000,31,6,457.1875,-83.0605,-1.3047,6,0.1500,0.6667,6,7,5,0,0,7,5,0.2857
4,252.0000,31,8,552.1740,-84.9020,0.2688,4,0.1000,0.8750,8,5,2,0,0,5,2,0.6000
4,252.0000,31,11,749.8247,-85.6299,-0.6293,3,0.0750,1.0000,8,8,8,0,0,8,8,0.0000
4,252.0000,31,12,807.4401,-87.2177,-0.1798,5,0.1250,1.0000,4,8,8,0,0,8,8,0.0000
4,252.0000,31,13,164.5785,-73.1318,0.3565,33,0.8250,0.1279,86,5,1,81,10,86,11,0.8721
4,252.0000,31,14,638.1884,-86.9286,0.3685,4,0.1000,0.8571,7,8,8,0,0,8,8,0.0000
4,252.0000,31,18,224.8240,-76.8699,0.0848,32,0.8000,0.0000,4,6,2,0,0,6,2,0.6667
4,252.0000,31,19,777.6922,-86.6723,-0.7876,3,0.0750,1.0000,8,8,8,0,0,8,8,0.0000
4,252.0000,31,21,824.7861,-87.0900,-1.0982,5,0.1250,1.0000,4,6,6,0,0,6,6,0.0000
4,252.0000,31,25,621.1961,-85.7894,-2.9677,4,0.1000,1.0000,8,8,8,0,0,8,8,0.0000
4,252.0000,31,26,1010.0300,-88.5378,0.7040,3,0.0750,1.0000,8,6,6,0,0,6,6,0.0000
4,252.0000,31,27,663.9643,-86.3753,6.4202,4,0.1000,1.0000,8,7,6,0,0,7,6,0.1429
4,252.0000,31,32,796.8150,-86.9061,-0.3419,3,0.0750,1.0000,6,6,6,0,0,6,6,0.0000
4,252.0000,31,34,807.0414,-85.6681,1.3393,4,0.1000,1.0000,10,6,6,0,0,6,6,0.0000
4,252.0000,31,36,656.6897,-85.0776,0.7455,6,0.1500,1.0000,8,8,6,0,0,8,6,0.2500
4,252.0000,31,37,1088.1119,-88.2526,-0.0680,3,0.0750,1.0000,4,4,4,0,0,4,4,0.0000
4,252.0000,31,42,314.5740,-79.9780,0.6378,16,0.4000,0.8571,7,7,4,0,0,7,4,0.4286
4,252.0000,31,45,600.3102,-84.1783,0.0192,6,0.1500,1.0000,8,7,6,0,0,7,6,0.1429
4,252.0000,31,47,745.6764,-85.2331,1.3092,4,0.1000,0.8750,8,8,8,0,0,8,8,0.0000
4,252.0000,32,0,628.7825,-85.3256,-0.1704,19,0.4750,1.0000,8,8,8,0,0,8,8,0.0000
4,252.0000,32,1,502.2779,-83.3208,0.0189,17,0.4250,0.8571,7,7,5,0,0,7,5,0.2857
4,252.0000,32,8,710.3762,-85.9137,0.1461,6,0.1500,1.0000,8,8,8,0,0,8,8,0.0000
4,252.0000,32,9,440.9195,-83.1603,-0.0145,26,0.6500,0.8571,7,8,8,0,0,8,8,0.0000
4,252.0000,32,13,778.2423,-87.2880,-0.2262,6,0.1500,1.0000,8,8,8,0,0,8,8,0.0000
4,252.0000,32,14,1055.4407,-88.8791,0.4137,3,0.0750,1.0000,4,6,6,0,0,6,6,0.0000
4,252.0000,32,15,278.1576,-75.3772,-1.9896,37,0.9250,0.0000,4,8,6,0,0,8,6,0.2500
4,252.0000,32,18,654.2879,-85.8656,0.5490,5,0.1250,1.0000,8,8,8,0,0,8,8,0.0000
4,252.0000,32,19,653.5882,-85.1291,-0.0411,19,0.4750,0.8571,7,8,8,0,0,8,8,0.0000
4,252.0000,32,21,380.4376,-81.4825,0.3748,29,0.7250,0.5000,4,5,1,0,0,5,1,0.8000
4,252.0000,32,25,439.1637,-83.0684,0.3674,26,0.6500,0.5000,6,7,5,0,0,7,5,0.2857
4,252.0000,32,27,281.4384,-79.2197,0.6423,25,0.6250,0.7143,7,6,4,0,0,6,4,0.3333
4,252.0000,32,28,733.4894,-85.4930,-0.7313,16,0.4000,0.8571,7,4,4,0,0,4,4,0.0000
4,252.0000,32,30,761.8818,-86.8367,-0.2957,17,0.4250,1.0000,8,8,8,0,0,8,8,0.0000
4,252.0000,32,36,608.6210,-84.9529,-0.8231,18,0.4500,1.0000,8,7,6,0,0,7,6,0.1429
4,252.0000,32,39,753.1917,-85.8377,-0.5809,21,0.5250,0.8750,8,8,8,0,0,8,8,0.0000
4,252.0000,32,40,832.8911,-86.8507,-0.6747,13,0.3250,0.7500,8,8,8,0,0,8,8,0.0000
4,252.0000,32,44,343.5785,-80.1037,-0.2353,35,0.8750,0.5000,6,5,2,0,0,5,2,0.6000
4,252.0000,32,45,676.0494,-88.2881,-1.1447,4,0.1000,0.8750,8,8,7,0,0,8,7,0.1250
4,252.0000,32,46,777.9821,-86.3526,-0.3093,8,0.2000,1.0000,8,8,7,0,0,8,7,0.1250
4,252.0000,33,2,489.6093,-82.8015,-0.3852,16,0.4103,0.8750,8,7,4,0,0,7,4,0.4286
4,252.0000,33,3,261.5595,-75.8460,-0.3461,29,0.7436,0.0000,4,6,3,0,0,6,3,0.5000
4,252.0000,33,4,1065.7370,-87.1770,-9.0801,3,0.0769,1.0000,8,7,6,0,0,7,6,0.1429
4,252.0000,33,5,501.6289,-84.2283,1.0252,17,0.4359,1.0000,8,8,7,0,0,8,7,0.1250
4,252.0000,33,6,917.4513,-87.0070,-0.3736,6,0.1538,1.0000,8,8,8,0,0,8,8,0.0000
4,252.0000,33,7,344.8564,-81.1706,0.3332,25,0.6410,0.4000,5,6,4,0,0,6,4,0.3333
4,252.0000,33,10,358.8148,-81.3951,0.4820,23,0.5897,0.8750,8,6,4,0,0,6,4,0.3333
4,252.0000,33,11,640.8143,-85.6378,-0.1858,12,0.3077,0.5000,6,7,6,0,0,7,6,0.1429
4,252.0000,33,12,664.0271,-86.1600,0.7136,11,0.2821,1.0000,8,8,8,0,0,8,8,0.0000
4,252.0000,33,14,752.4579,-86.3337,-0.4938,10,0.2564,0.6667,6,10,9,0,0,10,9,0.1000
4,252.0000,33,16,644.6533,-83.5515,-0.8382,13,0.3333,0.8571,7,8,8,0,0,8,8,0.0000
4,252.0000,33,17,492.0435,-83.6166,-0.2772,22,0.5641,0.8750,8,7,6,0,0,7,6,0.1429
4,252.0000,33,20,729.5251,-86.7614,0.3498,8,0.2051,1.0000,8,8,8,0,0,8,8,0.0000
4,252.0000,33,22,436.0725,-82.7777,-0.5182,23,0.5897,0.5000,6,8,7,0,0,8,7,0.1250
4,252.0000,33,23,299.7658,-78.7787,-0.3665,29,0.7436,0.5714,7,7,5,0,0,7,5,0.2857
4,252.0000,33,24,733.3676,-86.4216,-0.0096,11,0.2821,0.8750,8,7,6,0,0,7,6,0.1429
4,252.0000,33,26,507.5559,-84.1766,0.2103,17,0.4359,0.7143,7,8,7,0,0,8,7,0.1250
4,252.0000,33,29,517.1361,-84.5573,0.3445,16,0.4103,0.8571,7,8,8,0,0,8,8,0.0000
4,252.0000,33,34,607.3680,-84.8122,0.8119,10,0.2564,1.0000,10,7,5,0,0,7,5,0.2857
4,252.0000,33,35,238.3380,-72.7391,-2.4556,30,0.7692,0.0000,4,7,5,0,0,7,5,0.2857
4,252.0000,33,37,256.7232,-77.1329,-0.4148,28,0.7179,0.3333,6,8,5,0,0,8,5,0.3750
4,252.0000,33,38,859.1537,-86.1823,-0.1209,10,0.2564,0.8571,7,4,4,0,0,4,4,0.0000
4,252.0000,33,41,591.7964,-85.3719,-0.6432,18,0.4615,0.8571,7,8,7,0,0,8,7,0.1250
4,252.0000,33,43,317.0863,-79.4791,-0.8596,30,0.7692,0.6667,6,8,7,0,0,8,7,0.1250
4,252.0000,33,47,797.8040,-85.9171,-0.0278,6,0.1538,1.0000,8,8,7,0,0,8,7,0.1250
4,252.0000,34,2,349.6027,-82.8003,1.1604,17,0.4146,0.6667,6,6,4,0,0,6,4,0.3333
4,252.0000,34,3,418.2907,-83.4468,0.8019,12,0.2927,0.5000,6,5,1,0,0,5,1,0.8000
4,252.0000,34,4,753.3764,-87.2182,0.3553,8,0.1951,1.0000,8,8,8,0,0,8,8,0.0000
4,252.0000,34,5,150.2848,-72.1466,-0.4963,28,0.6829,0.0000,4,4,0,0,0,4,0,1.0000
4,252.0000,34,6,355.6204,-76.6771,-1.1973,26,0.6341,0.4000,5,7,6,0,0,7,6,0.1429
4,252.0000,34,7,550.7306,-85.4616,0.5098,12,0.2927,1.0000,8,8,8,0,0,8,8,0.0000
4,252.0000,34,8,650.3434,-86.5754,-0.1606,7,0.1707,1.0000,8,8,8,0,0,8,8,0.0000
4,252.0000,34,10,452.4095,-84.5577,0.3095,17,0.4146,0.6667,6,6,4,0,0,6,4,0.3333
4,252.0000,34,11,456.9470,-82.1677,-0.0716,20,0.4878,0.8571,7,6,4,0,0,6,4,0.3333
4,252.0000,34,12,367.5413,-81.6012,-0.2025,18,0.4390,0.6667,6,6,4,0,0,6,4,0.3333
4,252.0000,34,13,963.8533,-87.7533,0.5887,4,0.0976,1.0000,4,4,4,0,0,4,4,0.0000
4,252.0000,34,14,171.2131,-71.3670,-0.7618,36,0.8780,0.0000,5,6,2,0,0,6,2,0.6667
4,252.0000,34,16,428.1060,-82.6296,0.2023,18,0.4390,0.6667,6,7,5,0,0,7,5,0.2857
4,252.0000,34,17,647.2300,-87.3390,0.2413,11,0.2683,0.7143,7,8,7,0,0,8,7,0.1250
4,252.0000,34,18,714.6448,-86.7952,0.1001,4,0.0976,0.7143,7,8,8,0,0,8,8,0.0000
4,252.0000,34,20,366.6566,-80.7397,0.0319,15,0.3659,0.4000,5,7,5,0,0,7,5,0.2857
4,252.0000,34,22,668.0104,-86.3436,0.0056,9,0.2195,1.0000,8,6,2,0,0,6,2,0.6667
4,252.0000,34,23,631.8099,-85.4083,0.7674,9,0.2195,1.0000,8,6,4,0,0,6,4,0.3333
4,252.0000,34,24,227.4958,-78.4413,0.8812,27,0.6585,0.0000,4,5,1,0,0,5,1,0.8000
4,252.0000,34,26,327.5762,-79.7121,-0.1792,20,0.4878,0.5714,7,6,3,0,0,6,3,0.5000
4,252.0000,34,27,972.1347,-88.9232,0.2268,5,0.1220,1.0000,4,6,6,0,0,6,6,0.0000
4,252.0000,34,29,352.8438,-80.7085,0.2114,23,0.5610,0.7143,7,5,2,0,0,5,2,0.6000
4,252.0000,34,31,807.0414,-87.6702,0.1409,6,0.1463,1.0000,6,6,6,0,0,6,6,0.0000
4,252.0000,34,33,607.3680,-84.6515,0.8207,10,0.2439,0.5000,6,8,8,0,0,8,8,0.0000
4,252.0000,34,35,531.9822,-84.6637,0.7396,16,0.3902,0.7143,7,6,3,0,0,6,3,0.5000
4,252.0000,34,37,374.2393,-82.5336,1.6030,18,0.4390,0.8750,8,6,2,0,0,6,2,0.6667
4,252.0000,34,38,450.6624,-81.8235,0.3682,21,0.5122,0.7143,7,7,6,0,0,7,6,0.1429
4,252.0000,34,42,766.1593,-85.3480,0.0475,8,0.1951,1.0000,8,4,4,0,0,4,4,0.0000
4,252.0000,34,43,670.0464,-86.3419,-0.1523,16,0.3902,0.8571,7,6,4,0,0,6,4,0.3333
4,252.0000,34,45,714.4277,-86.5417,0.0706,9,0.2195,0.8571,7,7,6,0,0,7,6,0.1429
4,252.0000,34,47,265.2630,-76.1073,-0.6410,30,0.7317,0.0000,4,5,2,0,0,5,2,0.6000
4,252.0000,35,2,435.5519,-82.9260,-0.5985,13,0.3250,0.8571,7,6,4,0,0,6,4,0.3333
4,252.0000,35,3,287.3516,-77.4840,-0.1003,28,0.7000,0.0000,4,8,6,0,0,8,6,0.2500
4,252.0000,35,5,392.4667,-82.4003,0.4581,12,0.3000,1.0000,8,8,7,0,0,8,7,0.1250
4,252.0000,35,6,876.6824,-87.9826,-0.0632,4,0.1000,1.0000,8,6,6,0,0,6,6,0.0000
4,252.0000,35,7,110.6173,-75.3683,2.1409,30,0.7500,0.0000,4,4,0,0,0,4,0,1.0000
4,252.0000,35,10,474.9818,-82.0051,-0.4309,18,0.4500,0.6667,6,8,8,0,0,8,8,0.0000
4,252.0000,35,11,732.6472,-84.4081,-0.8928,11,0.2750,0.8750,8,7,6,0,0,7,6,0.1429
4,252.0000,35,12,607.3928,-85.0913,1.0882,6,0.1500,0.8750,8,8,7,0,0,8,7,0.1250
4,252.0000,35,14,697.1432,-84.6328,-0.5887,8,0.2000,0.6667,6,8,7,0,0,8,7,0.1250
4,252.0000,35,16,479.6986,-83.1228,-0.0237,12,0.3000,0.8750,8,6,4,0,0,6,4,0.3333
4,252.0000,35,17,644.2981,-85.7477,0.2542,12,0.3000,0.6000,5,8,8,0,0,8,8,0.0000
4,252.0000,35,20,670.4166,-85.5091,-0.0201,7,0.1750,0.8571,7,7,5,0,0,7,5,0.2857
4,252.0000,35,22,323.8091,-80.4894,0.2570,22,0.5500,0.8750,8,7,4,0,0,7,4,0.4286
4,252.0000,35,23,282.5349,-78.6715,0.1619,27,0.6750,0.4286,7,4,0,0,0,4,0,1.0000
4,252.0000,35,24,600.9090,-85.4659,0.9858,8,0.2000,0.8750,8,7,6,0,0,7,6,0.1429
4,252.0000,35,26,380.2949,-82.6003,1.8349,14,0.3500,0.8571,7,7,6,0,0,7,6,0.1429
4,252.0000,35,29,588.2333,-84.5235,0.4334,10,0.2500,0.8571,7,7,6,0,0,7,6,0.1429
4,252.0000,35,33,238.3380,-72.9367,-2.4590,34,0.8500,0.0000,4,5,1,3,0,8,1,0.8750
4,252.0000,35,34,531.9822,-83.5176,0.0363,8,0.2000,0.8571,7,7,6,0,0,7,6,0.1429
4,252.0000,35,37,300.7795,-79.2016,-0.6928,28,0.7000,0.5000,6,7,6,0,0,7,6,0.1429
4,252.0000,35,38,689.6802,-86.3499,0.6484,7,0.1750,0.8571,7,8,7,0,0,8,7,0.1250
4,252.0000,35,41,374.2860,-82.4215,0.7476,19,0.4750,0.5000,6,5,1,0,0,5,1,0.8000
4,252.0000,35,43,531.9655,-83.4251,-0.4991,18,0.4500,0.7143,7,7,6,0,0,7,6,0.1429
4,252.0000,35,47,681.9721,-85.4030,-0.2607,8,0.2000,0.8571,7,7,6,0,0,7,6,0.1429
4,252.0000,36,0,385.3880,-79.9742,-1.0556,30,0.7692,0.5000,6,6,4,0,0,6,4,0.3333
4,252.0000,36,1,127.6168,-68.4896,0.0364,33,0.8462,0.0000,5,5,2,0,0,5,2,0.6000
4,252.0000,36,8,893.9737,-88.6025,1.0674,3,0.0769,0.8571,7,8,8,0,0,8,8,0.0000
4,252.0000,36,9,374.4239,-79.0066,-0.9698,29,0.7436,0.4000,5,7,6,0,0,7,6,0.1429
4,252.0000,36,13,521.6273,-83.6477,0.7542,13,0.3333,1.0000,8,8,8,0,0,8,8,0.0000
4,252.0000,36,15,629.1594,-84.3446,-1.6346,17,0.4359,0.8571,7,8,6,0,0,8,6,0.2500
4,252.0000,36,18,694.8379,-85.3361,0.6289,7,0.1795,1.0000,8,8,8,0,0,8,8,0.0000
4,252.0000,36,19,199.6138,-74.8849,-0.3932,34,0.8718,0.0000,4,4,0,0,0,4,0,1.0000
4,252.0000,36,21,492.6202,-83.1393,-0.6806,23,0.5897,0.2000,5,7,4,0,0,7,4,0.4286
4,252.0000,36,25,171.4301,-68.8280,-2.5678,31,0.7949,0.0000,4,5,1,0,0,5,1,0.8000
4,252.0000,36,27,670.5345,-83.8499,-0.1156,13,0.3333,0.8750,8,7,6,0,0,7,6,0.1429
4,252.0000,36,28,714.5749,-85.4080,0.2362,15,0.3846,0.8571,7,7,6,0,0,7,6,0.1429
4,252.0000,36,30,929.2096,-86.8182,0.5057,6,0.1538,1.0000,8,8,8,0,0,8,8,0.0000
4,252.0000,36,31,656.6897,-86.3848,1.8548,5,0.1282,0.5000,6,8,7,0,0,8,7,0.1250
4,252.0000,36,32,608.6210,-84.5349,-0.0078,14,0.3590,0.8571,7,7,6,0,0,7,6,0.1429
4,252.0000,36,39,787.9006,-85.9048,0.5922,14,0.3590,1.0000,8,8,8,0,0,8,8,0.0000
4,252.0000,36,40,657.9229,-84.1379,-1.0543,22,0.5641,0.7143,7,10,10,0,0,10,10,0.0000
4,252.0000,36,44,671.4663,-85.2409,0.9716,20,0.5128,0.8571,7,7,6,0,0,7,6,0.1429
4,252.0000,36,46,446.9090,-81.6519,-0.9501,31,0.7949,0.0000,4,7,5,0,0,7,5,0.2857
4,252.0000,37,2,384.6550,-82.2172,0.5848,15,0.3750,0.8571,7,6,3,0,0,6,3,0.5000
4,252.0000,37,3,210.7285,-77.1613,0.7320,28,0.7000,0.2000,5,5,0,0,0,5,0,1.0000
4,252.0000,37,4,906.3033,-86.9278,4.1895,3,0.0750,1.0000,4,8,8,0,0,8,8,0.0000
4,252.0000,37,5,304.4664,-81.0396,0.2405,15,0.3750,0.6667,6,5,2,0,0,5,2,0.6000
4,252.0000,37,6,679.8679,-85.4002,1.1973,6,0.1500,0.8571,7,8,8,0,0,8,8,0.0000
4,252.0000,37,7,379.9878,-82.3223,0.9349,22,0.5500,0.4000,5,7,5,0,0,7,5,0.2857
4,252.0000,37,10,254.4714,-77.8040,0.1287,30,0.7500,0.2000,5,6,4,0,0,6,4,0.3333
4,252.0000,37,11,449.7290,-81.4437,-0.6417,19,0.4750,0.5000,6,6,4,0,0,6,4,0.3333
4,252.0000,37,12,528.8046,-85.8715,-0.2845,11,0.2750,0.8750,8,6,4,0,0,6,4,0.3333
4,252.0000,37,14,513.9203,-83.0635,0.3009,10,0.2500,0.6250,8,4,2,0,0,4,2,0.5000
4,252.0000,37,16,557.2608,-84.3481,0.1997,16,0.4000,0.8571,7,7,5,0,0,7,5,0.2857
4,252.0000,37,17,469.5738,-82.1449,-0.0891,19,0.4750,0.7143,7,7,4,0,0,7,4,0.4286
4,252.0000,37,20,576.4805,-86.0843,0.5083,8,0.2000,1.0000,8,7,6,0,0,7,6,0.1429
4,252.0000,37,22,531.3943,-84.6026,-0.3319,12,0.3000,1.0000,8,7,6,0,0,7,6,0.1429
4,252.0000,37,23,423.0518,-82.7688,0.3677,22,0.5500,0.8571,7,7,5,0,0,7,5,0.2857
4,252.0000,37,24,544.4529,-84.9802,2.7005,8,0.2000,0.5714,7,7,5,0,0,7,5,0.2857
4,252.0000,37,26,401.9764,-82.5963,1.2060,11,0.2750,0.7143,7,5,1,0,0,5,1,0.8000
4,252.0000,37,29,320.1532,-82.2303,0.2370,14,0.3500,0.4000,5,5,2,0,0,5,2,0.6000
4,252.0000,37,33,256.7232,-76.9512,0.5149,34,0.8500,0.4000,5,4,0,0,0,4,0,1.0000
4,252.0000,37,34,374.2393,-84.0937,-0.0821,11,0.2750,0.7143,7,6,4,0,0,6,4,0.3333
4,252.0000,37,35,300.7795,-78.7868,0.1024,30,0.7500,0.5000,6,4,0,0,0,4,0,1.0000
4,252.0000,37,38,717.0006,-85.8861,-0.6792,5,0.1250,0.8750,8,7,5,0,0,7,5,0.2857
4,252.0000,37,41,622.1125,-84.4398,-0.6009,13,0.3250,1.0000,8,8,8,0,0,8,8,0.0000
4,252.0000,37,43,356.3511,-78.2332,-0.6344,29,0.7250,0.2000,5,6,4,0,0,6,4,0.3333
4,252.0000,37,47,602.6711,-84.1985,-1.0711,8,0.2000,0.8571,7,7,6,0,0,7,6,0.1429
4,252.0000,38,2,468.8796,-82.6925,-0.5696,10,0.2500,0.8571,7,8,8,0,0,8,8,0.0000
4,252.0000,38,3,652.1223,-85.4201,0.1122,7,0.1750,0.7143,7,8,8,0,0,8,8,0.0000
4,252.0000,38,4,923.2463,-88.7570,0.1878,3,0.0750,1.0000,6,8,8,0,0,8,8,0.0000
4,252.0000,38,5,424.0208,-82.7022,-1.6417,11,0.2750,0.8750,8,7,6,0,0,7,6,0.1429
4,252.0000,38,6,583.0671,-83.7793,0.2046,9,0.2250,1.0000,8,8,8,0,0,8,8,0.0000
4,252.0000,38,7,656.7909,-83.8072,-0.9735,13,0.3250,0.6667,6,8,8,0,0,8,8,0.0000
4,252.0000,38,8,545.0124,-84.2276,-0.5713,8,0.2000,0.4000,5,8,8,0,0,8,8,0.0000
4,252.0000,38,10,778.7509,-87.2465,-0.4085,7,0.1750,0.8571,7,8,8,0,0,8,8,0.0000
4,252.0000,38,12,415.2959,-83.3963,-0.3294,10,0.2500,0.8571,7,8,8,0,0,8,8,0.0000
4,252.0000,38,14,487.8175,-84.3010,0.6596,10,0.2500,0.8750,8,8,7,0,0,8,7,0.1250
4,252.0000,38,16,254.8012,-77.9595,0.1412,25,0.6250,0.0000,4,5,2,0,0,5,2,0.6000
4,252.0000,38,20,402.7555,-80.5808,0.1973,15,0.3750,0.7143,7,7,5,0,0,7,5,0.2857
4,252.0000,38,22,656.7130,-86.2479,-0.2908,9,0.2250,0.8571,7,8,8,0,0,8,8,0.0000
4,252.0000,38,23,727.6906,-86.7644,-0.0673,11,0.2750,0.8571,7,7,5,0,0,7,5,0.2857
4,252.0000,38,24,227.0781,-74.1364,-1.4222,30,0.7500,0.0000,4,5,2,0,0,5,2,0.6000
4,252.0000,38,26,366.4407,-79.9810,-0.8314,13,0.3250,0.8750,8,7,6,0,0,7,6,0.1429
4,252.0000,38,27,783.9485,-86.3473,1.4580,3,0.0750,1.0000,6,8,8,0,0,8,8,0.0000
4,252.0000,38,29,738.5544,-86.5050,-0.6675,6,0.1500,0.6667,6,8,8,0,0,8,8,0.0000
4,252.0000,38,33,859.1537,-87.5747,0.4340,3,0.0750,0.8889,9,8,8,0,0,8,8,0.0000
4,252.0000,38,34,450.6624,-82.3874,-0.1245,11,0.2750,1.0000,8,8,8,0,0,8,8,0.0000
4,252.0000,38,35,689.6802,-87.5899,-0.4113,5,0.1250,0.8571,7,8,8,0,0,8,8,0.0000
4,252.0000,38,37,717.0006,-86.7267,0.5432,5,0.1250,0.8750,8,8,8,0,0,8,8,0.0000
4,252.0000,38,41,543.1522,-82.4918,-0.3767,17,0.4250,0.8571,7,8,8,0,0,8,8,0.0000
4,252.0000,38,42,931.4230,-88.6787,-0.2629,5,0.1250,1.0000,4,4,4,0,0,4,4,0.0000
4,252.0000,38,43,1002.7708,-86.3794,-0.9645,4,0.1000,1.0000,8,2,2,0,0,2,2,0.0000
4,252.0000,38,45,566.2212,-85.3924,0.2276,10,0.2500,1.0000,8,8,8,0,0,8,8,0.0000
4,252.0000,38,47,247.2019,-77.8822,0.4007,23,0.5750,0.5000,6,5,2,0,0,5,2,0.6000
4,252.0000,39,0,489.4746,-83.9613,0.5031,27,0.6750,0.6667,6,5,2,0,0,5,2,0.6000
4,252.0000,39,1,730.7408,-85.4740,-0.7627,11,0.2750,1.0000,8,8,7,0,0,8,7,0.1250
4,252.0000,39,9,507.6571,-82.2311,-0.6631,26,0.6500,0.8571,7,8,7,0,0,8,7,0.1250
4,252.0000,39,15,483.6622,-83.1076,0.3695,26,0.6500,0.5714,7,7,4,0,0,7,4,0.4286
4,252.0000,39,19,678.4690,-85.4306,0.2657,17,0.4250,1.0000,8,7,6,0,0,7,6,0.1429
4,252.0000,39,21,777.9888,-85.1197,-0.4762,9,0.2250,0.8571,7,6,6,0,0,6,6,0.0000
4,252.0000,39,25,748.6097,-84.8002,-0.6113,18,0.4500,1.0000,8,8,8,0,0,8,8,0.0000
4,252.0000,39,27,1006.0959,-87.0645,-0.0398,3,0.0750,0.8571,7,8,8,0,0,8,8,0.0000
4,252.0000,39,28,99.5257,-67.7907,-0.3074,35,0.8750,0.0000,4,4,0,0,0,4,0,1.0000
4,252.0000,39,30,338.8269,-80.9975,0.2174,36,0.9000,0.0000,4,5,1,0,0,5,1,0.8000
4,252.0000,39,32,753.1917,-84.8777,-0.5409,13,0.3250,0.8750,8,8,7,0,0,8,7,0.1250
4,252.0000,39,36,787.9006,-86.6484,-0.3284,13,0.3250,0.8571,7,8,8,0,0,8,8,0.0000
4,252.0000,39,40,331.2646,-80.9898,-0.1755,35,0.8750,0.0000,4,6,3,0,0,6,3,0.5000
4,252.0000,39,44,542.0381,-83.0742,-0.6398,28,0.7000,0.5000,6,8,8,0,0,8,8,0.0000
4,252.0000,39,46,464.0021,-83.1434,0.3463,25,0.6250,0.5714,7,5,2,0,0,5,2,0.6000
4,252.0000,40,0,299.0444,-78.5314,-0.6304,33,0.8462,0.2000,5,4,0,0,0,4,0,1.0000
4,252.0000,40,1,655.3199,-84.8650,0.0377,13,0.3333,0.9221,77,8,8,0,0,8,8,0.0000
4,252.0000,40,9,432.7460,-80.2386,-1.6588,25,0.6410,0.4000,5,7,6,0,0,7,6,0.1429
4,252.0000,40,15,619.2182,-86.0134,0.1549,8,0.2051,0.9275,69,5,4,10,9,15,13,0.1333
4,252.0000,40,19,583.4149,-83.6832,-0.8218,15,0.3846,0.5000,6,6,3,0,0,6,3,0.5000
4,252.0000,40,21,705.7178,-84.7205,-0.4767,7,0.1795,0.8824,17,8,7,134,131,142,138,0.0282
4,252.0000,40,25,678.3713,-84.1594,-1.3146,10,0.2564,0.7500,8,8,6,0,0,8,6,0.2500
4,252.0000,40,28,237.9929,-77.5878,-0.1933,35,0.8974,0.2000,5,5,2,0,0,5,2,0.6000
4,252.0000,40,30,463.1505,-84.2444,0.2818,26,0.6667,0.6667,6,4,0,0,0,4,0,1.0000
4,252.0000,40,32,832.8911,-85.0723,-1.8976,3,0.0769,0.8750,8,8,8,0,0,8,8,0.0000
4,252.0000,40,36,657.9229,-85.4024,-0.0249,13,0.3333,0.8750,8,7,6,0,0,7,6,0.1429
4,252.0000,40,39,331.2646,-80.7080,0.8696,32,0.8205,0.2000,5,5,1,0,0,5,1,0.8000
4,252.0000,40,44,605.4333,-83.7780,0.2360,23,0.5897,0.8750,8,7,5,0,0,7,5,0.2857
4,252.0000,40,46,328.1805,-80.6353,0.6756,28,0.7179,0.0000,4,4,0,0,0,4,0,1.0000
4,252.0000,41,2,519.9626,-82.3221,-0.1693,15,0.3750,0.6667,6,8,8,0,0,8,8,0.0000
4,252.0000,41,3,533.8983,-83.2462,-0.9328,18,0.4500,0.8571,7,8,8,0,0,8,8,0.0000
4,252.0000,41,5,519.3432,-83.1286,-1.1649,11,0.2750,0.7143,7,7,5,0,0,7,5,0.2857
4,252.0000,41,7,306.5658,-77.6615,-0.7753,30,0.7500,0.7143,7,5,1,0,0,5,1,0.8000
4,252.0000,41,10,748.2605,-87.1995,-0.8690,10,0.2500,1.0000,8,8,8,0,0,8,8,0.0000
4,252.0000,41,12,636.2573,-85.6310,0.2978,8,0.2000,0.8571,7,7,6,0,0,7,6,0.1429
4,252.0000,41,14,807.0651,-87.7604,-1.0363,6,0.1500,1.0000,8,8,8,0,0,8,8,0.0000
4,252.0000,41,16,350.1258,-79.0378,-0.8157,26,0.6500,0.8571,7,7,6,0,0,7,6,0.1429
4,252.0000,41,17,891.1327,-88.0106,-0.5183,6,0.1500,1.0000,4,8,7,0,0,8,7,0.1250
4,252.0000,41,20,691.3943,-85.2245,0.5763,7,0.1750,1.0000,8,8,8,0,0,8,8,0.0000
4,252.0000,41,22,291.6167,-79.0497,0.3626,29,0.7250,0.5000,6,5,2,0,0,5,2,0.6000
4,252.0000,41,23,428.2576,-82.2501,-0.0674,17,0.4250,0.4000,5,5,2,0,0,5,2,0.6000
4,252.0000,41,24,590.5177,-84.7660,-0.7339,10,0.2500,0.4000,5,8,8,0,0,8,8,0.0000
4,252.0000,41,26,398.8765,-82.4551,0.6454,18,0.4500,0.6667,6,8,8,0,0,8,8,0.0000
4,252.0000,41,29,833.9463,-87.1364,-0.1097,4,0.1000,1.0000,8,8,8,0,0,8,8,0.0000
4,252.0000,41,33,591.7964,-84.3379,0.0371,16,0.4000,0.8571,7,8,7,0,0,8,7,0.1250
4,252.0000,41,34,662.3317,-84.9851,-1.8035,6,0.1500,0.8571,7,8,7,0,0,8,7,0.1250
4,252.0000,41,35,374.2860,-83.0677,0.9101,18,0.4500,1.0000,8,7,6,0,0,7,6,0.1429
4,252.0000,41,37,622.1125,-86.1212,0.6486,12,0.3000,0.5000,6,6,3,0,0,6,3,0.5000
4,252.0000,41,38,543.1522,-82.8018,-0.3625,16,0.4000,0.6667,6,7,6,0,0,7,6,0.1429
4,252.0000,41,43,862.9065,-87.9672,-0.2790,7,0.1750,1.0000,8,2,2,0,0,2,2,0.0000
4,252.0000,41,47,670.3362,-84.8951,-0.4543,11,0.2750,1.0000,8,8,8,0,0,8,8,0.0000
4,252.0000,42,1,858.7157,-87.3727,0.8886,6,0.1500,1.0000,2,6,6,0,0,6,6,0.0000
4,252.0000,42,3,928.9461,-87.9284,0.5041,3,0.0750,1.0000,8,4,4,0,0,4,4,0.0000
4,252.0000,42,4,167.3575,-73.6727,0.2075,34,0.8500,0.3333,6,4,1,0,0,4,1,0.7500
4,252.0000,42,6,493.5706,-82.9139,1.2655,11,0.2750,1.0000,8,7,4,0,0,7,4,0.4286
4,252.0000,42,8,504.6009,-83.7759,-0.3279,8,0.2000,1.0000,8,8,8,0,0,8,8,0.0000
4,252.0000,42,10,811.8519,-86.9505,-0.3725,6,0.1500,1.0000,8,8,7,0,0,8,7,0.1250
4,252.0000,42,11,607.3158,-84.1737,-0.4382,9,0.2250,0.7500,8,8,8,0,0,8,8,0.0000
4,252.0000,42,12,660.5588,-84.9893,-0.6253,7,0.1750,1.0000,8,7,6,0,0,7,6,0.1429
4,252.0000,42,13,369.6470,-81.5676,-0.2170,24,0.6000,0.2000,5,6,3,0,0,6,3,0.5000
4,252.0000,42,14,626.0477,-84.8609,-0.6424,12,0.3000,0.8571,7,8,8,0,0,8,8,0.0000
4,252.0000,42,18,464.8986,-82.3974,0.5130,16,0.4000,0.5000,6,7,5,0,0,7,5,0.2857
4,252.0000,42,19,1001.4354,-88.4957,-0.6981,5,0.1250,1.0000,4,2,2,0,0,2,2,0.0000
4,252.0000,42,20,606.4587,-85.0624,1.1748,4,0.1000,1.0000,8,8,8,0,0,8,8,0.0000
4,252.0000,42,21,926.8605,-87.9255,-0.9510,4,0.1000,1.0000,4,8,8,0,0,8,8,0.0000
4,252.0000,42,24,806.3196,-86.3810,-0.2647,4,0.1000,1.0000,8,7,6,0,0,7,6,0.1429
4,252.0000,42,25,820.4857,-86.2540,-0.3219,6,0.1500,1.0000,8,8,8,0,0,8,8,0.0000
4,252.0000,42,26,896.9849,-85.6624,0.6877,3,0.0750,1.0000,8,8,8,0,0,8,8,0.0000
4,252.0000,42,27,783.2454,-87.4934,0.6279,4,0.1000,1.0000,6,8,8,0,0,8,8,0.0000
4,252.0000,42,29,670.2466,-85.8403,-1.4204,7,0.1750,1.0000,8,8,8,0,0,8,8,0.0000
4,252.0000,42,31,314.5740,-79.5604,0.5495,27,0.6750,0.0000,4,7,5,0,0,7,5,0.2857
4,252.0000,42,34,766.1593,-84.1284,0.3476,3,0.0750,0.8571,7,8,7,0,0,8,7,0.1250
4,252.0000,42,36,840.8666,-86.5646,-0.0660,8,0.2000,,0,6,6,0,0,6,6,0.0000
4,252.0000,42,37,971.7317,-87.9960,-0.4559,3,0.0750,1.0000,6,6,6,0,0,6,6,0.0000
4,252.0000,42,38,931.4230,-88.3485,-1.0105,3,0.0750,1.0000,8,8,8,0,0,8,8,0.0000
4,252.0000,42,43,1012.3433,-88.3970,0.0871,3,0.0750,1.0000,4,4,4,0,0,4,4,0.0000
4,252.0000,42,45,558.4493,-84.7654,-0.8370,11,0.2750,0.8571,7,8,8,0,0,8,8,0.0000
4,252.0000,42,47,726.1230,-86.6304,0.2234,4,0.1000,1.0000,6,10,10,0,0,10,10,0.0000
4,252.0000,43,2,563.2778,-84.7382,-0.2060,11,0.2683,0.6667,6,8,8,0,0,8,8,0.0000
4,252.0000,43,3,366.7500,-79.2960,-0.7044,18,0.4390,0.8571,7,6,3,0,0,6,3,0.5000
4,252.0000,43,5,625.6799,-85.7509,-0.2743,6,0.1463,0.8571,7,8,7,0,0,8,7,0.1250
4,252.0000,43,6,884.7316,-86.7167,-0.2271,7,0.1707,1.0000,8,8,8,0,0,8,8,0.0000
4,252.0000,43,7,640.3040,-85.0503,-0.1431,10,0.2439,1.0000,8,7,6,0,0,7,6,0.1429
4,252.0000,43,10,249.7888,-73.3864,-2.3213,33,0.8049,0.2000,5,8,7,0,0,8,7,0.1250
4,252.0000,43,11,468.8490,-83.5909,0.0672,13,0.3171,0.8750,8,8,7,0,0,8,7,0.1250
4,252.0000,43,12,694.9409,-87.5518,-1.1606,5,0.1220,1.0000,8,8,8,0,0,8,8,0.0000
4,252.0000,43,14,761.4528,-85.5920,0.0850,7,0.1707,1.0000,8,8,8,0,0,8,8,0.0000
4,252.0000,43,16,812.7829,-84.7538,-1.6733,4,0.0976,1.0000,8,8,8,0,0,8,8,0.0000
4,252.0000,43,17,277.8608,-77.7742,-0.1085,37,0.9024,0.0000,4,7,5,0,0,7,5,0.2857
4,252.0000,43,20,748.9433,-85.8037,-0.4294,8,0.1951,0.8571,7,8,8,0,0,8,8,0.0000
4,252.0000,43,22,660.9551,-85.6460,1.1278,10,0.2439,1.0000,8,8,8,0,0,8,8,0.0000
4,252.0000,43,23,495.0458,-83.7882,-0.0224,13,0.3171,0.3333,6,8,8,0,0,8,8,0.0000
4,252.0000,43,24,839.4396,-87.0443,-0.4067,5,0.1220,1.0000,8,8,8,0,0,8,8,0.0000
4,252.0000,43,26,652.7559,-85.1193,-0.8049,11,0.2683,1.0000,8,8,8,0,0,8,8,0.0000
4,252.0000,43,29,405.5536,-81.9277,0.1095,16,0.3902,0.8750,8,8,7,0,0,8,7,0.1250
4,252.0000,43,33,317.0863,-79.5355,0.7558,20,0.4878,0.8750,8,6,4,0,0,6,4,0.3333
4,252.0000,43,34,670.0464,-85.7785,-0.1750,6,0.1463,0.8571,7,8,8,0,0,8,8,0.0000
4,252.0000,43,35,531.9655,-82.5228,-0.3536,16,0.3902,0.6667,6,8,8,0,0,8,8,0.0000
4,252.0000,43,37,356.3511,-78.2992,-0.9202,25,0.6098,0.5000,6,8,8,0,0,8,8,0.0000
4,252.0000,43,38,1002.7708,-87.9005,-0.2725,5,0.1220,1.0000,8,2,2,0,0,2,2,0.0000
4,252.0000,43,41,862.9065,-87.6428,0.0233,10,0.2439,1.0000,8,4,4,0,0,4,4,0.0000
4,252.0000,43,42,1012.3433,-88.2398,-0.5599,3,0.0732,1.0000,8,6,6,0,0,6,6,0.0000
4,252.0000,43,47,874.3215,-86.9144,0.8730,5,0.1220,0.8571,7,6,6,0,0,6,6,0.0000
4,252.0000,44,0,481.1208,-83.0301,-0.2461,22,0.5500,0.8750,8,8,5,0,0,8,5,0.3750
4,252.0000,44,1,596.7662,-85.8925,0.1722,19,0.4750,0.7143,7,7,4,0,0,7,4,0.4286
4,252.0000,44,9,328.1306,-80.2646,0.3041,34,0.8500,0.5000,6,5,2,0,0,5,2,0.6000
4,252.0000,44,15,214.4713,-77.1028,0.7766,35,0.8750,0.2000,5,4,0,0,0,4,0,1.0000
4,252.0000,44,18,962.2233,-88.3169,-0.2137,3,0.0750,1.0000,8,4,4,0,0,4,4,0.0000
4,252.0000,44,19,696.4619,-85.6162,-0.9044,14,0.3500,0.8750,8,7,6,0,0,7,6,0.1429
4,252.0000,44,21,346.3314,-81.1692,0.3168,27,0.6750,0.4000,5,5,2,0,0,5,2,0.6000
4,252.0000,44,25,546.1647,-85.4746,-0.1243,21,0.5250,0.6667,6,8,5,0,0,8,5,0.3750
4,252.0000,44,27,535.6526,-84.3214,0.7634,16,0.4000,0.6667,6,7,6,0,0,7,6,0.1429
4,252.0000,44,28,515.2251,-82.0440,-0.5789,33,0.8250,0.5000,6,6,2,0,0,6,2,0.6667
4,252.0000,44,30,445.4810,-82.0623,-0.0705,32,0.8000,0.5000,6,8,7,0,0,8,7,0.1250
4,252.0000,44,32,343.5785,-79.8417,0.1652,33,0.8250,0.0000,4,5,2,0,0,5,2,0.6000
4,252.0000,44,36,671.4663,-84.9594,0.2617,17,0.4250,0.8571,7,8,8,0,0,8,8,0.0000
4,252.0000,44,39,542.0381,-83.8604,-0.0481,29,0.7250,0.5000,6,6,4,0,0,6,4,0.3333
4,252.0000,44,40,605.4333,-84.3638,-0.2490,29,0.7250,0.8571,7,8,6,0,0,8,6,0.2500
4,252.0000,44,45,903.6029,-88.4048,-0.2488,4,0.1000,1.0000,8,8,8,0,0,8,8,0.0000
4,252.0000,44,46,687.9810,-85.8059,-0.0662,19,0.4750,1.0000,8,8,8,0,0,8,8,0.0000
4,252.0000,45,0,1070.9686,-87.9298,-1.4096,5,0.1250,1.0000,2,4,4,0,0,4,4,0.0000
4,252.0000,45,1,848.8960,-87.2682,-1.1293,5,0.1250,1.0000,6,7,6,0,0,7,6,0.1429
4,252.0000,45,2,692.5079,-86.8638,-0.3882,6,0.1500,1.0000,8,7,6,0,0,7,6,0.1429
4,252.0000,45,4,585.6520,-84.9943,0.5624,14,0.3500,1.0000,8,6,5,0,0,6,5,0.1667
4,252.0000,45,6,536.7554,-84.3942,-0.6309,8,0.2000,0.8750,8,8,7,0,0,8,7,0.1250
4,252.0000,45,8,76.1608,-69.8949,2.4493,33,0.8250,0.3333,6,4,0,0,0,4,0,1.0000
4,252.0000,45,9,922.7519,-88.1833,-0.2306,5,0.1250,1.0000,2,8,7,0,0,8,7,0.1250
4,252.0000,45,12,514.9709,-84.0222,0.0207,9,0.2250,1.0000,6,7,5,0,0,7,5,0.2857
4,252.0000,45,13,657.7030,-85.4436,-0.8042,10,0.2500,1.0000,8,8,8,0,0,8,8,0.0000
4,252.0000,45,14,611.2584,-85.6579,-0.1649,5,0.1250,1.0000,8,7,5,0,0,7,5,0.2857
4,252.0000,45,15,938.5866,-88.0127,-0.7922,4,0.1000,0.8333,6,2,2,0,0,2,2,0.0000
4,252.0000,45,16,687.2824,-88.1823,-0.9427,4,0.1000,1.0000,8,8,8,0,0,8,8,0.0000
4,252.0000,45,17,979.0953,-88.9594,0.1989,3,0.0750,1.0000,6,8,8,0,0,8,8,0.0000
4,252.0000,45,18,516.0102,-85.4607,0.6150,10,0.2500,1.0000,8,8,7,0,0,8,7,0.1250
4,252.0000,45,19,1040.7091,-88.7924,-0.4718,3,0.0750,1.0000,8,6,6,0,0,6,6,0.0000
4,252.0000,45,20,446.6614,-84.1102,-0.3700,7,0.1750,1.0000,8,7,6,0,0,7,6,0.1429
4,252.0000,45,21,663.1572,-85.3638,0.0193,16,0.4000,0.8750,8,8,7,0,0,8,7,0.1250
4,252.0000,45,24,586.2458,-84.2028,-0.0462,6,0.1500,0.8571,7,8,8,0,0,8,8,0.0000
4,252.0000,45,25,770.2172,-87.0102,-0.8540,7,0.1750,1.0000,8,8,8,0,0,8,8,0.0000
4,252.0000,45,26,721.7747,-86.1219,0.1052,5,0.1250,1.0000,8,8,7,0,0,8,7,0.1250
4,252.0000,45,27,396.6700,-81.3155,-0.0761,23,0.5750,0.6667,6,6,4,0,0,6,4,0.3333
4,252.0000,45,29,833.9806,-87.6640,-1.0532,3,0.0750,1.0000,8,6,6,0,0,6,6,0.0000
4,252.0000,45,31,600.3102,-85.8662,-0.4250,8,0.2000,1.0000,8,7,6,0,0,7,6,0.1429
4,252.0000,45,32,676.0494,-86.8756,-0.4591,15,0.3750,0.8000,5,6,6,0,0,6,6,0.0000
4,252.0000,45,34,714.4277,-86.5916,0.6338,4,0.1000,1.0000,8,8,8,0,0,8,8,0.0000
4,252.0000,45,36,882.8653,-87.0584,-0.9094,6,0.1500,1.0000,8,4,4,0,0,4,4,0.0000
4,252.0000,45,38,566.2212,-85.1310,-0.4496,7,0.1750,1.0000,8,8,8,0,0,8,8,0.0000
4,252.0000,45,42,558.4493,-85.6595,-0.3438,10,0.2500,1.0000,8,7,4,0,0,7,4,0.4286
4,252.0000,45,44,903.6029,-87.5933,0.3072,4,0.1000,1.0000,8,4,4,0,0,4,4,0.0000
4,252.0000,45,47,495.6177,-84.4914,-0.0079,10,0.2500,0.8750,8,7,6,0,0,7,6,0.1429
4,252.0000,46,0,295.4214,-78.5764,-0.4804,30,0.7500,0.2000,5,5,0,0,0,5,0,1.0000
4,252.0000,46,1,446.1793,-81.0218,-1.4905,25,0.6250,0.6667,6,6,4,0,0,6,4,0.3333
4,252.0000,46,9,411.6172,-80.5245,-0.7679,29,0.7250,0.5000,6,6,4,0,0,6,4,0.3333
4,252.0000,46,13,950.9500,-88.1931,-0.5289,3,0.0750,1.0000,8,6,6,0,0,6,6,0.0000
4,252.0000,46,15,620.6740,-84.6889,-0.0330,9,0.2250,1.0000,8,8,8,0,0,8,8,0.0000
4,252.0000,46,19,303.8672,-77.4961,-0.3054,33,0.8250,0.2000,5,6,4,0,0,6,4,0.3333
4,252.0000,46,21,710.9986,-85.6191,-0.1069,8,0.2000,0.8750,8,8,8,0,0,8,8,0.0000
4,252.0000,46,25,505.8509,-81.8247,-0.8376,24,0.6000,0.6667,6,8,8,0,0,8,8,0.0000
4,252.0000,46,28,391.7060,-83.2402,0.0279,25,0.6250,0.3333,6,5,2,0,0,5,2,0.6000
4,252.0000,46,30,709.1055,-87.7257,0.7932,9,0.2250,0.7143,7,8,8,0,0,8,8,0.0000
4,252.0000,46,31,1076.1089,-88.6571,0.0521,3,0.0750,1.0000,4,6,6,0,0,6,6,0.0000
4,252.0000,46,36,446.9090,-80.4677,-0.6255,25,0.6250,0.4000,5,8,8,0,0,8,8,0.0000
4,252.0000,46,39,464.0021,-83.0866,0.6564,27,0.6750,0.4000,5,7,6,0,0,7,6,0.1429
4,252.0000,46,40,328.1805,-80.9250,-0.2584,33,0.8250,0.2000,5,5,1,0,0,5,1,0.8000
4,252.0000,46,44,687.9810,-85.8930,-0.6622,11,0.2750,0.5000,6,8,7,0,0,8,7,0.1250
4,252.0000,47,2,392.6994,-80.3736,0.1772,17,0.4359,0.8571,7,8,7,0,0,8,7,0.1250
4,252.0000,47,3,570.4558,-84.7531,0.0413,11,0.2821,0.8750,8,8,6,0,0,8,6,0.2500
4,252.0000,47,4,730.0171,-85.9040,0.2992,9,0.2308,1.0000,8,7,5,0,0,7,5,0.2857
4,252.0000,47,5,316.8327,-77.6555,-1.0254,26,0.6667,0.5000,6,5,2,0,0,5,2,0.6000
4,252.0000,47,6,340.9779,-78.4800,-0.2938,29,0.7436,0.7143,7,5,1,0,0,5,1,0.8000
4,252.0000,47,7,679.4993,-84.6542,-1.4182,11,0.2821,0.5000,6,6,4,0,0,6,4,0.3333
4,252.0000,47,8,444.7475,-82.2943,0.2743,20,0.5128,0.5000,6,8,7,0,0,8,7,0.1250
4,252.0000,47,10,634.3684,-86.3337,0.3443,8,0.2051,0.8750,8,8,7,0,0,8,7,0.1250
4,252.0000,47,11,637.5629,-85.3172,0.0877,13,0.3333,1.0000,8,6,5,0,0,6,5,0.1667
4,252.0000,47,12,308.5498,-78.7621,-0.2838,28,0.7179,0.7143,7,5,2,0,0,5,2,0.6000
4,252.0000,47,13,884.9802,-88.6388,0.4612,6,0.1538,1.0000,4,6,5,0,0,6,5,0.1667
4,252.0000,47,14,247.5047,-77.6890,0.2013,25,0.6410,0.4000,5,6,3,0,0,6,3,0.5000
4,252.0000,47,16,349.6660,-80.3148,-0.5753,25,0.6410,0.6667,6,6,4,0,0,6,4,0.3333
4,252.0000,47,17,787.3015,-87.1920,-2.0412,6,0.1538,1.0000,8,8,8,0,0,8,8,0.0000
4,252.0000,47,18,613.0742,-86.4785,0.3996,7,0.1795,0.8333,6,7,6,0,0,7,6,0.1429
4,252.0000,47,20,270.8253,-77.3136,-0.1239,27,0.6923,0.2000,5,6,3,0,0,6,3,0.5000
4,252.0000,47,22,712.4559,-86.2597,-0.0580,11,0.2821,0.7143,7,8,8,0,0,8,8,0.0000
4,252.0000,47,23,726.2973,-86.5192,0.4556,10,0.2564,1.0000,8,8,8,0,0,8,8,0.0000
4,252.0000,47,24,97.6732,-69.5795,1.3176,35,0.8974,0.3333,6,6,2,0,0,6,2,0.6667
4,252.0000,47,26,348.7862,-78.4864,-0.4442,25,0.6410,0.2000,5,5,2,0,0,5,2,0.6000
4,252.0000,47,27,741.4083,-86.8866,-0.6045,6,0.1538,1.0000,8,7,4,0,0,7,4,0.4286
4,252.0000,47,29,544.6589,-84.2218,-0.4480,14,0.3590,0.7143,7,7,6,0,0,7,6,0.1429
4,252.0000,47,31,745.6764,-87.3511,0.2681,5,0.1282,1.0000,4,3,2,0,0,3,2,0.3333
4,252.0000,47,32,969.0172,-88.9489,0.6417,3,0.0769,,0,4,4,0,0,4,4,0.0000
4,252.0000,47,33,797.8040,-86.3689,0.0377,10,0.2564,1.0000,8,8,8,0,0,8,8,0.0000
4,252.0000,47,34,265.2630,-76.0376,-0.5559,33,0.8462,0.0000,4,7,6,0,0,7,6,0.1429
4,252.0000,47,35,681.9721,-85.4419,-0.9461,13,0.3333,0.8571,7,7,6,0,0,7,6,0.1429
4,252.0000,47,37,602.6711,-84.5874,0.1445,12,0.3077,0.8571,7,8,7,0,0,8,7,0.1250
4,252.0000,47,38,247.2019,-77.4132,0.5035,32,0.8205,0.0000,4,4,0,0,0,4,0,1.0000
4,252.0000,47,41,670.3362,-84.5203,-0.8261,19,0.4872,0.8750,8,8,8,0,0,8,8,0.0000
4,252.0000,47,42,726.1230,-86.0447,2.3138,5,0.1282,1.0000,4,4,4,0,0,4,4,0.0000
4,252.0000,47,45,495.6177,-85.1192,-0.1897,12,0.3077,0.8750,8,7,5,0,0,7,5,0.2857
4,256.0000,0,1,460.0882,-82.5971,-0.6374,19,0.4634,0.8571,7,8,7,0,0,8,7,0.1250
4,256.0000,0,9,242.6043,-75.9073,-0.8415,32,0.7805,0.2000,5,6,3,0,0,6,3,0.5000
4,256.0000,0,15,367.9552,-81.6269,0.8808,21,0.5122,0.5000,6,4,0,0,0,4,0,1.0000
4,256.0000,0,19,509.2600,-82.2279,-1.0819,22,0.5366,0.8571,7,8,8,0,0,8,8,0.0000
4,256.0000,0,21,487.9064,-83.2743,0.0375,15,0.3659,0.8750,8,7,5,0,0,7,5,0.2857
4,256.0000,0,25,501.9726,-82.6964,-0.4217,19,0.4634,0.8750,8,7,5,0,0,7,5,0.2857
4,256.0000,0,28,359.3959,-81.4944,0.0934,29,0.7073,0.4000,5,5,1,0,0,5,1,0.8000
4,256.0000,0,30,437.9498,-83.5734,1.0373,24,0.5854,0.5714,7,5,1,0,0,5,1,0.8000
4,256.0000,0,32,645.5601,-84.0471,0.5646,7,0.1707,0.8571,7,8,7,0,0,8,7,0.1250
4,256.0000,0,36,563.1931,-81.9137,-0.5197,24,0.5854,0.0000,4,8,5,0,0,8,5,0.3750
4,256.0000,0,39,431.3944,-83.4582,0.7234,24,0.5854,0.6667,6,5,2,0,0,5,2,0.6000
4,256.0000,0,40,269.4214,-79.1098,0.2954,34,0.8293,0.0000,4,6,2,0,0,6,2,0.6667
4,256.0000,0,44,430.7958,-82.7448,0.6486,15,0.3659,0.7143,7,7,5,0,0,7,5,0.2857
4,256.0000,0,46,387.0720,-79.9847,-0.7250,35,0.8537,0.2000,5,6,3,0,0,6,3,0.5000
4,256.0000,1,0,460.0882,-82.5199,-0.3115,29,0.7250,0.5000,6,6,4,0,0,6,4,0.3333
4,256.0000,1,9,320.6878,-79.5240,-0.0816,30,0.7500,0.4000,5,5,1,0,0,5,1,0.8000
4,256.0000,1,13,466.1369,-83.7456,0.1947,17,0.4250,0.6667,6,7,6,0,0,7,6,0.1429
4,256.0000,1,15,495.6912,-83.4107,0.4272,22,0.5500,0.7143,7,6,4,0,0,6,4,0.3333
4,256.0000,1,18,677.8954,-85.5374,0.1299,8,0.2000,0.7143,7,8,8,0,0,8,8,0.0000
4,256.0000,1,19,347.4406,-77.7798,-1.5112,38,0.9500,0.2000,5,8,5,0,0,8,5,0.3750
4,256.0000,1,21,419.5460,-82.3727,0.3328,21,0.5250,0.8571,7,5,2,0,0,5,2,0.6000
4,256.0000,1,25,94.0885,-67.4978,-0.1969,36,0.9000,0.0000,4,4,0,0,0,4,0,1.0000
4,256.0000,1,27,603.7804,-84.6981,0.4143,13,0.3250,1.0000,8,7,6,0,0,7,6,0.1429
4,256.0000,1,28,706.9377,-86.0893,0.0003,13,0.3250,1.0000,8,8,8,0,0,8,8,0.0000
4,256.0000,1,30,811.5588,-87.5429,0.0528,8,0.2000,1.0000,8,5,2,0,0,5,2,0.6000
4,256.0000,1,31,583.8204,-85.5678,0.6253,11,0.2750,1.0000,8,7,6,0,0,7,6,0.1429
4,256.0000,1,32,423.7468,-83.2734,-0.2439,16,0.4000,0.5000,6,5,2,0,0,5,2,0.6000
4,256.0000,1,36,261.9088,-74.8204,-1.7740,40,1.0000,0.0000,4,8,6,0,0,8,6,0.2500
4,256.0000,1,39,743.6148,-86.7652,0.3929,5,0.1250,1.0000,8,7,5,0,0,7,5,0.2857
4,256.0000,1,40,690.6266,-85.9266,0.2798,14,0.3500,0.8571,7,7,5,0,0,7,5,0.2857
4,256.0000,1,42,761.5063,-87.0982,0.7700,4,0.1000,1.0000,2,8,8,0,0,8,8,0.0000
4,256.0000,1,44,523.0674,-84.0021,0.6145,17,0.4250,0.6667,6,8,7,0,0,8,7,0.1250
4,256.0000,1,45,832.5624,-88.2828,-1.2728,4,0.1000,1.0000,8,8,8,0,0,8,8,0.0000
4,256.0000,1,46,605.7745,-84.0166,-0.4622,22,0.5500,0.8750,8,8,8,0,0,8,8,0.0000
4,256.0000,2,3,183.5788,-75.6309,0.3885,32,0.8205,0.4000,5,5,1,0,0,5,1,0.8000
4,256.0000,2,4,706.8510,-86.3912,-0.1036,13,0.3333,0.8750,8,7,5,0,0,7,5,0.2857
4,256.0000,2,5,351.5649,-78.6750,-0.4169,28,0.7179,0.0000,4,6,4,0,0,6,4,0.3333
4,256.0000,2,6,633.4535,-85.0775,-0.1001,14,0.3590,0.6667,6,8,8,0,0,8,8,0.0000
4,256.0000,2,7,521.9941,-83.5450,-0.7195,22,0.5641,0.4000,5,8,7,0,0,8,7,0.1250
4,256.0000,2,8,668.4614,-85.4857,-0.2478,15,0.3846,0.8750,8,7,6,0,0,7,6,0.1429
4,256.0000,2,10,157.1477,-76.8523,1.7776,30,0.7692,0.0000,4,5,1,0,0,5,1,0.8000
4,256.0000,2,11,470.6987,-84.4523,0.6460,21,0.5385,0.5000,6,7,6,0,0,7,6,0.1429
4,256.0000,2,12,124.6317,-72.2976,0.8862,36,0.9231,0.2000,5,4,0,0,0,4,0,1.0000
4,256.0000,2,13,1027.2261,-89.2634,-0.1530,3,0.0769,1.0000,4,4,4,0,0,4,4,0.0000
4,256.0000,2,14,465.5693,-83.2213,0.4945,20,0.5128,0.6667,6,6,4,0,0,6,4,0.3333
4,256.0000,2,16,493.0783,-81.4795,-1.0085,23,0.5897,0.7143,7,7,6,0,0,7,6,0.1429
4,256.0000,2,17,308.4365,-81.2195,0.7078,30,0.7692,0.0000,4,5,2,0,0,5,2,0.6000
4,256.0000,2,18,788.6671,-88.7805,0.4548,5,0.1282,1.0000,4,6,5,0,0,6,5,0.1667
4,256.0000,2,20,262.0384,-77.3745,-0.2548,28,0.7179,0.2000,5,6,2,0,0,6,2,0.6667
4,256.0000,2,22,386.1358,-81.7354,0.2480,24,0.6154,0.3333,6,7,3,0,0,7,3,0.5714
4,256.0000,2,23,315.8433,-80.5733,-0.0107,25,0.6410,0.3333,6,6,4,0,0,6,4,0.3333
4,256.0000,2,24,398.9119,-81.1614,-0.2563,26,0.6667,0.6667,6,5,1,0,0,5,1,0.8000
4,256.0000,2,26,337.9990,-77.2391,-1.5350,34,0.8718,0.2000,5,4,0,0,0,4,0,1.0000
4,256.0000,2,27,1001.2747,-88.5963,0.3641,6,0.1538,1.0000,6,2,2,0,0,2,2,0.0000
4,256.0000,2,29,296.4438,-79.7046,0.2856,27,0.6923,0.6667,6,4,0,0,0,4,0,1.0000
4,256.0000,2,31,894.8959,-87.9737,-0.5690,7,0.1795,0.8333,6,8,8,0,0,8,8,0.0000
4,256.0000,2,33,510.1252,-83.8292,-0.3626,23,0.5897,0.8750,8,7,6,0,0,7,6,0.1429
4,256.0000,2,34,336.3797,-80.5375,-1.0191,28,0.7179,0.8571,7,7,5,0,0,7,5,0.2857
4,256.0000,2,35,526.2006,-84.3160,-1.1676,21,0.5385,0.6667,6,6,3,0,0,6,3,0.5000
4,256.0000,2,37,299.7630,-80.6866,0.7394,27,0.6923,0.3333,6,6,2,0,0,6,2,0.6667
4,256.0000,2,38,598.5595,-84.3939,-1.0604,17,0.4359,0.7143,7,8,7,0,0,8,7,0.1250
4,256.0000,2,41,671.3114,-84.4657,-0.5961,21,0.5385,0.7143,7,8,8,0,0,8,8,0.0000
4,256.0000,2,42,786.8094,-87.1948,-0.3192,12,0.3077,1.0000,4,6,6,0,0,6,6,0.0000
4,256.0000,2,43,598.6227,-84.8728,0.2080,18,0.4615,0.8750,8,8,6,0,0,8,6,0.2500
4,256.0000,2,45,635.1814,-86.5882,0.1263,13,0.3333,0.8750,8,8,8,0,0,8,8,0.0000
4,256.0000,2,47,500.6793,-82.3138,-1.0412,23,0.5897,0.4000,5,8,8,0,0,8,8,0.0000
4,256.0000,3,2,183.5788,-76.0479,1.2632,29,0.7436,0.0000,4,4,0,0,0,4,0,1.0000
4,256.0000,3,4,830.3246,-87.7837,0.4842,6,0.1538,0.0000,1,7,6,0,0,7,6,0.1429
4,256.0000,3,5,334.9092,-79.0691,-0.1445,22,0.5641,0.8571,7,5,2,0,0,5,2,0.6000
4,256.0000,3,6,746.2086,-84.8055,0.6129,5,0.1282,0.8571,7,8,8,0,0,8,8,0.0000
4,256.0000,3,7,407.2863,-82.4221,-0.0821,22,0.5641,0.4000,5,5,2,0,0,5,2,0.6000
4,256.0000,3,8,842.1581,-88.9751,-0.5639,4,0.1026,1.0000,8,6,5,0,0,6,5,0.1667
4,256.0000,3,10,120.9093,-73.9307,1.5960,34,0.8718,0.0000,4,4,0,0,0,4,0,1.0000
4,256.0000,3,11,473.5941,-83.1556,0.9205,15,0.3846,0.5000,6,7,5,0,0,7,5,0.2857
4,256.0000,3,12,306.7719,-80.5711,0.0063,18,0.4615,0.5714,7,4,0,0,0,4,0,1.0000
4,256.0000,3,14,571.7988,-84.1822,0.1183,10,0.2564,1.0000,8,8,8,0,0,8,8,0.0000
4,256.0000,3,16,603.4677,-84.6976,-0.3662,10,0.2564,0.6667,6,6,4,0,0,6,4,0.3333
4,256.0000,3,17,277.2367,-79.3570,0.8151,30,0.7692,0.0000,4,4,0,0,0,4,0,1.0000
4,256.0000,3,20,439.6341,-83.1534,0.1336,10,0.2564,0.8571,7,7,5,0,0,7,5,0.2857
4,256.0000,3,22,378.1895,-82.3709,-0.3351,22,0.5641,0.3333,6,8,7,0,0,8,7,0.1250
4,256.0000,3,23,259.4519,-78.5773,0.0980,30,0.7692,0.5000,6,5,1,0,0,5,1,0.8000
4,256.0000,3,24,511.7765,-83.5897,1.2529,7,0.1795,0.6667,6,7,5,0,0,7,5,0.2857
4,256.0000,3,26,375.8944,-79.7107,-1.0607,24,0.6154,0.5000,6,7,5,0,0,7,5,0.2857
4,256.0000,3,29,238.9586,-78.6413,0.5819,26,0.6667,0.6667,6,5,1,0,0,5,1,0.8000
4,256.0000,3,31,1026.5634,-88.2504,-0.1166,3,0.0769,1.0000,2,6,6,0,0,6,6,0.0000
4,256.0000,3,33,330.2631,-79.9467,-0.5070,28,0.7179,0.0000,4,5,1,0,0,5,1,0.8000
4,256.0000,3,34,354.2101,-81.0014,0.2388,17,0.4359,0.5556,9,6,3,0,0,6,3,0.5000
4,256.0000,3,35,444.0419,-80.4601,-1.0648,26,0.6667,0.5000,6,8,7,0,0,8,7,0.1250
4,256.0000,3,37,220.1370,-76.1260,-0.4337,32,0.8205,0.0000,4,5,1,0,0,5,1,0.8000
4,256.0000,3,38,731.8204,-86.1548,0.7100,6,0.1538,1.0000,8,8,8,0,0,8,8,0.0000
4,256.0000,3,41,657.5904,-84.2630,-0.3971,17,0.4359,0.6667,6,8,7,0,0,8,7,0.1250
4,256.0000,3,42,921.5063,-88.6715,-0.2071,3,0.0769,1.0000,6,6,6,0,0,6,6,0.0000
4,256.0000,3,43,441.3934,-82.5330,-0.2329,26,0.6667,0.2000,5,5,2,0,0,5,2,0.6000
4,256.0000,3,45,815.1392,-87.2708,1.2098,5,0.1282,0.8571,7,8,8,0,0,8,8,0.0000
4,256.0000,3,47,640.5471,-84.4782,-1.1560,7,0.1795,0.8750,8,7,6,0,0,7,6,0.1429
4,256.0000,4,1,943.4024,-88.7358,0.4858,3,0.0750,1.0000,8,8,8,0,0,8,8,0.0000
4,256.0000,4,2,706.8510,-86.8082,-1.4001,5,0.1250,1.0000,8,8,7,0,0,8,7,0.1250
4,256.0000,4,5,983.5591,-88.6097,0.1111,3,0.0750,1.0000,8,6,6,0,0,6,6,0.0000
4,256.0000,4,6,533.5550,-84.7432,0.2087,8,0.2000,1.0000,8,8,8,0,0,8,8,0.0000
4,256.0000,4,8,467.1408,-82.7497,0.6359,10,0.2500,0.5000,6,8,8,0,0,8,8,0.0000
4,256.0000,4,10,716.3467,-86.3429,0.0712,5,0.1250,1.0000,8,8,8,0,0,8,8,0.0000
4,256.0000,4,11,557.9298,-84.9991,-0.0026,6,0.1500,1.0000,8,8,8,0,0,8,8,0.0000
4,256.0000,4,12,661.3812,-85.1083,-1.8759,5,0.1250,0.8571,7,8,8,0,0,8,8,0.0000
4,256.0000,4,13,518.4233,-83.8094,0.7234,16,0.4000,1.0000,8,8,8,0,0,8,8,0.0000
4,256.0000,4,14,707.9996,-86.1165,-0.8230,7,0.1750,1.0000,8,8,8,0,0,8,8,0.0000
4,256.0000,4,16,1001.3184,-88.2170,0.5496,3,0.0750,1.0000,8,6,6,0,0,6,6,0.0000
4,256.0000,4,17,692.1330,-84.9183,-0.3731,7,0.1750,1.0000,8,8,8,0,0,8,8,0.0000
4,256.0000,4,18,607.9763,-84.7397,0.6141,10,0.2500,1.0000,8,7,6,0,0,7,6,0.1429
4,256.0000,4,20,556.6888,-84.4816,-0.6586,6,0.1500,0.8750,8,8,7,0,0,8,7,0.1250
4,256.0000,4,22,1060.3699,-88.8857,0.1063,3,0.0750,1.0000,8,6,6,0,0,6,6,0.0000
4,256.0000,4,25,869.4871,-86.8738,-0.2382,6,0.1500,1.0000,2,2,2,0,0,2,2,0.0000
4,256.0000,4,29,709.7327,-84.9285,-0.1706,8,0.2000,0.7500,8,8,8,0,0,8,8,0.0000
4,256.0000,4,31,477.9562,-82.8857,0.0003,13,0.3250,0.7500,8,8,8,0,0,8,8,0.0000
4,256.0000,4,34,865.4667,-86.9561,0.4680,3,0.0750,0.8889,9,6,6,0,0,6,6,0.0000
4,256.0000,4,36,900.4152,-86.2661,0.9513,4,0.1000,1.0000,4,8,8,0,0,8,8,0.0000
4,256.0000,4,38,944.7221,-87.6893,-0.7133,3,0.0750,1.0000,6,6,6,0,0,6,6,0.0000
4,256.0000,4,42,192.0334,-73.9357,-0.3166,31,0.7750,0.4000,5,5,1,0,0,5,1,0.8000
4,256.0000,4,45,540.9173,-85.2590,-0.4528,6,0.1500,1.0000,8,6,4,0,0,6,4,0.3333
4,256.0000,5,2,351.5649,-79.0193,-0.9835,26,0.6500,0.4000,5,6,4,0,0,6,4,0.3333
4,256.0000,5,3,334.9092,-80.1890,-0.0621,28,0.7000,0.7500,8,6,4,0,0,6,4,0.3333
4,256.0000,5,4,983.5591,-87.7361,-0.2147,5,0.1250,1.0000,8,8,8,0,0,8,8,0.0000
4,256.0000,5,6,710.3356,-84.6801,-0.8019,13,0.3250,0.8750,8,7,6,0,0,7,6,0.1429
4,256.0000,5,7,319.8245,-81.3510,0.7670,27,0.6750,0.7143,7,6,2,0,0,6,2,0.6667
4,256.0000,5,8,844.9652,-87.7873,-0.9070,5,0.1250,1.0000,10,6,6,0,0,6,6,0.0000
4,256.0000,5,10,386.6718,-82.7149,0.1712,25,0.6250,0.7143,7,5,2,0,0,5,2,0.6000
4,256.0000,5,11,643.7587,-84.6729,-0.4493,17,0.4250,0.7143,7,8,8,0,0,8,8,0.0000
4,256.0000,5,12,394.3662,-81.0954,0.5278,23,0.5750,0.2000,5,7,5,0,0,7,5,0.2857
4,256.0000,5,14,443.5603,-81.3876,0.1943,20,0.5000,0.7143,7,6,4,0,0,6,4,0.3333
4,256.0000,5,16,426.5886,-80.5796,-0.4608,29,0.7250,0.5000,6,5,1,0,0,5,1,0.8000
4,256.0000,5,17,601.5906,-84.3094,-0.1222,15,0.3750,0.7500,8,7,5,0,0,7,5,0.2857
4,256.0000,5,18,853.0045,-86.1196,0.1027,6,0.1500,1.0000,6,4,4,0,0,4,4,0.0000
4,256.0000,5,20,483.2795,-82.4886,-0.4888,18,0.4500,0.8750,8,8,8,0,0,8,8,0.0000
4,256.0000,5,22,420.4423,-83.5695,0.3855,24,0.6000,0.8750,8,7,6,0,0,7,6,0.1429
4,256.0000,5,23,412.7437,-83.8686,0.1710,30,0.7500,0.8750,8,7,5,0,0,7,5,0.2857
4,256.0000,5,24,347.2346,-78.8022,-0.7898,25,0.6250,0.7500,8,6,3,0,0,6,3,0.5000
4,256.0000,5,26,233.3743,-76.8277,-0.4276,34,0.8500,0.5714,7,5,2,0,0,5,2,0.6000
4,256.0000,5,29,442.0010,-82.3451,0.1193,24,0.6000,0.8750,8,8,7,0,0,8,7,0.1250
4,256.0000,5,31,1030.0475,-87.9303,0.7665,3,0.0750,1.0000,6,8,8,0,0,8,8,0.0000
4,256.0000,5,33,494.5032,-82.3571,0.0126,20,0.5000,0.7143,7,8,6,0,0,8,6,0.2500
4,256.0000,5,34,165.7208,-73.2309,-0.1431,31,0.7750,0.2000,5,4,0,0,0,4,0,1.0000
4,256.0000,5,35,323.5643,-81.0851,0.3241,34,0.8500,0.6667,6,4,0,0,0,4,0,1.0000
4,256.0000,5,37,163.2250,-76.5857,2.1548,34,0.8500,0.2000,5,4,0,0,0,4,0,1.0000
4,256.0000,5,38,530.1075,-83.2339,-1.0431,20,0.5000,0.4000,5,8,6,0,0,8,6,0.2500
4,256.0000,5,41,493.8160,-84.0182,0.0880,22,0.5500,0.4000,5,7,6,0,0,7,6,0.1429
4,256.0000,5,43,713.7040,-86.0066,-0.0624,17,0.4250,0.7143,7,4,4,0,0,4,4,0.0000
4,256.0000,5,45,806.1249,-87.1006,-0.5110,6,0.1500,1.0000,4,8,8,0,0,8,8,0.0000
4,256.0000,5,47,495.5717,-82.0409,-1.3612,20,0.5000,0.7500,8,8,8,0,0,8,8,0.0000
4,256.0000,6,1,866.7826,-88.1060,0.7876,6,0.1538,1.0000,2,8,8,0,0,8,8,0.0000
4,256.0000,6,2,633.4535,-85.6117,0.4026,13,0.3333,1.0000,8,8,8,0,0,8,8,0.0000
4,256.0000,6,3,746.2086,-86.0344,0.2032,11,0.2821,0.6667,6,5,4,0,0,5,4,0.2000
4,256.0000,6,4,533.5550,-84.5564,-0.0829,20,0.5128,1.0000,8,5,1,0,0,5,1,0.8000
4,256.0000,6,5,710.3356,-85.2381,-0.4199,12,0.3077,0.8750,8,7,6,0,0,7,6,0.1429
4,256.0000,6,7,1012.6138,-88.8858,-0.6946,5,0.1282,1.0000,8,4,4,0,0,4,4,0.0000
4,256.0000,6,8,423.9350,-82.7198,-0.3412,18,0.4615,0.8571,7,7,6,0,0,7,6,0.1429
4,256.0000,6,10,651.9940,-85.6976,1.0138,9,0.2308,1.0000,8,8,7,0,0,8,7,0.1250
4,256.0000,6,11,513.4806,-82.6850,0.2065,16,0.4103,0.7143,7,7,4,0,0,7,4,0.4286
4,256.0000,6,12,585.2635,-82.9580,-0.5694,14,0.3590,0.8571,7,8,8,0,0,8,8,0.0000
4,256.0000,6,13,498.6517,-83.6303,0.6009,19,0.4872,1.0000,8,7,6,0,0,7,6,0.1429
4,256.0000,6,14,292.0388,-76.4693,-1.2787,33,0.8462,0.5000,6,8,8,0,0,8,8,0.0000
4,256.0000,6,16,777.0783,-85.4133,0.1889,10,0.2564,1.0000,6,10,10,0,0,10,10,0.0000
4,256.0000,6,17,791.6070,-87.4523,0.5959,7,0.1795,1.0000,8,8,8,0,0,8,8,0.0000
4,256.0000,6,18,212.4221,-78.4046,0.9541,29,0.7436,0.7143,7,5,1,0,0,5,1,0.8000
4,256.0000,6,20,461.7562,-83.6105,-0.9915,14,0.3590,0.5714,7,8,8,0,0,8,8,0.0000
4,256.0000,6,21,926.5120,-88.6578,-0.3498,6,0.1538,1.0000,2,8,8,0,0,8,8,0.0000
4,256.0000,6,22,978.3310,-87.9366,-0.2714,8,0.2051,1.0000,6,4,4,0,0,4,4,0.0000
4,256.0000,6,23,940.4059,-88.3685,0.4797,7,0.1795,1.0000,8,6,6,0,0,6,6,0.0000
4,256.0000,6,24,422.7475,-81.5598,0.1179,17,0.4359,0.8750,8,7,6,0,0,7,6,0.1429
4,256.0000,6,25,799.2050,-86.5794,0.1281,5,0.1282,1.0000,8,7,6,0,0,7,6,0.1429
4,256.0000,6,26,806.6114,-86.2260,-0.5783,12,0.3077,0.7500,8,6,6,0,0,6,6,0.0000
4,256.0000,6,27,664.6392,-86.3406,0.2287,15,0.3846,1.0000,8,7,6,0,0,7,6,0.1429
4,256.0000,6,29,612.5484,-85.1501,0.9145,14,0.3590,1.0000,8,8,8,0,0,8,8,0.0000
4,256.0000,6,31,334.7479,-80.9433,1.1042,30,0.7692,0.7778,9,5,2,0,0,5,2,0.6000
4,256.0000,6,32,770.2575,-86.8857,0.3028,9,0.2308,1.0000,8,6,6,0,0,6,6,0.0000
4,256.0000,6,33,1034.2765,-88.5540,-0.1831,6,0.1538,1.0000,8,2,2,0,0,2,2,0.0000
4,256.0000,6,34,554.6395,-82.9072,-0.7640,14,0.3590,0.8750,8,9,8,0,0,9,8,0.1111
4,256.0000,6,36,942.1952,-88.8493,-0.5982,4,0.1026,1.0000,2,8,7,0,0,8,7,0.1250
4,256.0000,6,37,699.4218,-87.4071,-0.2361,11,0.2821,1.0000,8,8,8,0,0,8,8,0.0000
4,256.0000,6,38,638.1745,-85.1238,-0.0266,13,0.3333,0.7143,7,8,8,0,0,8,8,0.0000
4,256.0000,6,42,441.5260,-83.5833,1.3211,21,0.5385,1.0000,8,7,6,0,0,7,6,0.1429
4,256.0000,6,43,1040.0652,-88.4297,-0.7919,5,0.1282,0.8333,6,4,4,0,0,4,4,0.0000
4,256.0000,6,45,490.3345,-83.6339,0.2644,17,0.4359,0.8571,7,8,8,0,0,8,8,0.0000
4,256.0000,6,47,386.9421,-81.4682,0.3708,19,0.4872,0.6667,6,7,6,0,0,7,6,0.1429
4,256.0000,7,2,521.9941,-84.7798,-0.6575,11,0.2750,1.0000,8,7,4,0,0,7,4,0.4286
4,256.0000,7,3,407.2863,-81.5816,-0.3284,17,0.4250,0.8750,8,8,8,0,0,8,8,0.0000
4,256.0000,7,5,319.8245,-80.3847,1.2655,17,0.4250,0.8571,7,7,4,0,0,7,4,0.4286
4,256.0000,7,6,1012.6138,-88.3296,-0.5128,4,0.1000,1.0000,6,4,4,0,0,4,4,0.0000
4,256.0000,7,10,517.7344,-85.1007,-0.6800,10,0.2500,0.7143,7,7,6,0,0,7,6,0.1429
4,256.0000,7,11,822.6111,-87.6772,-0.0486,6,0.1500,1.0000,8,8,8,0,0,8,8,0.0000
4,256.0000,7,12,603.3828,-85.3638,0.0969,9,0.2250,1.0000,8,8,7,0,0,8,7,0.1250
4,256.0000,7,14,760.1089,-86.0978,0.4811,5,0.1250,1.0000,8,7,6,0,0,7,6,0.1429
4,256.0000,7,16,624.6892,-84.1103,-0.7639,10,0.2500,1.0000,8,8,8,0,0,8,8,0.0000
4,256.0000,7,17,663.5814,-86.9195,-1.0641,8,0.2000,0.8571,7,8,7,0,0,8,7,0.1250
4,256.0000,7,20,736.3349,-84.7222,-0.8210,4,0.1000,1.0000,8,7,5,0,0,7,5,0.2857
4,256.0000,7,22,378.2487,-81.0073,-0.4305,27,0.6750,0.5000,6,4,0,0,0,4,0,1.0000
4,256.0000,7,23,361.0874,-81.5493,0.0636,23,0.5750,1.0000,8,6,3,0,0,6,3,0.5000
4,256.0000,7,24,663.6945,-84.8170,-1.3091,8,0.2000,0.7500,8,6,6,0,0,6,6,0.0000
4,256.0000,7,26,365.6906,-81.0662,0.4907,20,0.5000,1.0000,8,7,4,0,0,7,4,0.4286
4,256.0000,7,29,581.7105,-85.2643,1.2185,8,0.2000,1.0000,8,6,4,0,0,6,4,0.3333
4,256.0000,7,33,323.2064,-79.4915,0.1806,29,0.7250,0.6585,41,5,2,3,0,8,2,0.7500
4,256.0000,7,34,465.6103,-83.9169,-0.1676,11,0.2750,1.0000,8,8,7,0,0,8,7,0.1250
4,256.0000,7,35,112.0373,-65.9274,-0.4707,35,0.8750,0.0000,4,5,1,27,2,32,3,0.9062
4,256.0000,7,37,326.6424,-80.4221,-0.0786,20,0.5000,0.2000,5,6,2,0,0,6,2,0.6667
4,256.0000,7,38,799.5400,-85.6836,-0.6069,6,0.1500,0.8571,7,8,7,0,0,8,7,0.1250
4,256.0000,7,41,406.2666,-80.5990,-0.6540,28,0.7000,0.4000,5,8,5,0,0,8,5,0.3750
4,256.0000,7,43,637.5487,-85.5972,-0.1150,12,0.3000,0.8571,7,6,3,0,0,6,3,0.5000
4,256.0000,7,47,807.2956,-86.0898,-1.1556,6,0.1500,1.0000,8,8,8,0,0,8,8,0.0000
4,256.0000,8,1,756.3799,-87.0690,-0.1304,10,0.2500,0.6667,3,7,6,0,0,7,6,0.1429
4,256.0000,8,2,668.4614,-84.8692,0.0187,8,0.2000,0.8571,7,7,6,0,0,7,6,0.1429
4,256.0000,8,3,842.1581,-88.4206,0.1036,5,0.1250,1.0000,8,6,6,0,0,6,6,0.0000
4,256.0000,8,4,467.1408,-83.4503,1.5974,15,0.3750,0.8571,7,8,6,0,0,8,6,0.2500
4,256.0000,8,5,844.9652,-87.9910,-0.2461,7,0.1750,1.0000,8,4,4,0,0,4,4,0.0000
4,256.0000,8,6,423.9350,-82.9803,0.0774,18,0.4500,0.7143,7,7,6,0,0,7,6,0.1429
4,256.0000,8,9,865.5842,-86.6999,-0.8507,5,0.1250,1.0000,8,8,8,0,0,8,8,0.0000
4,256.0000,8,10,759.7410,-87.0068,0.3888,6,0.1500,1.0000,8,8,8,0,0,8,8,0.0000
4,256.0000,8,11,750.4022,-87.3831,0.4963,5,0.1250,1.0000,4,8,8,0,0,8,8,0.0000
4,256.0000,8,12,561.9060,-83.1559,-0.6080,11,0.2750,1.0000,8,6,4,0,0,6,4,0.3333
4,256.0000,8,13,489.9060,-83.8160,1.4615,13,0.3250,0.8333,6,8,7,0,0,8,7,0.1250
4,256.0000,8,14,503.4480,-83.7552,0.0572,14,0.3500,0.7143,7,7,6,0,0,7,6,0.1429
4,256.0000,8,16,700.9785,-86.0789,0.2351,10,0.2500,1.0000,8,8,8,0,0,8,8,0.0000
4,256.0000,8,17,839.0662,-88.2112,-0.0283,5,0.1250,1.0000,8,8,8,0,0,8,8,0.0000
4,256.0000,8,18,374.4281,-81.2796,0.3955,25,0.6250,1.0000,8,5,2,0,0,5,2,0.6000
4,256.0000,8,19,1069.1753,-88.8163,-0.2519,3,0.0750,1.0000,4,2,2,0,0,2,2,0.0000
4,256.0000,8,20,408.9234,-80.3916,-1.5147,12,0.3000,0.7143,7,7,6,0,0,7,6,0.1429
4,256.0000,8,21,632.8742,-86.1611,-0.7060,13,0.3250,1.0000,8,8,8,0,0,8,8,0.0000
4,256.0000,8,23,946.6481,-89.0127,-0.4465,3,0.0750,1.0000,8,2,2,0,0,2,2,0.0000
4,256.0000,8,24,536.5479,-83.9963,0.4963,9,0.2250,1.0000,8,7,6,0,0,7,6,0.1429
4,256.0000,8,25,664.9140,-86.3607,0.9105,10,0.2500,0.8571,7,7,6,0,0,7,6,0.1429
4,256.0000,8,26,820.2272,-86.5753,-1.0661,5,0.1250,1.0000,8,8,7,0,0,8,7,0.1250
4,256.0000,8,27,424.3973,-82.7930,-0.2052,20,0.5000,0.7143,7,7,5,0,0,7,5,0.2857
4,256.0000,8,29,800.4469,-88.5442,-0.3943,4,0.1000,1.0000,8,8,8,0,0,8,8,0.0000
4,256.0000,8,31,424.7815,-83.5601,0.3690,20,0.5000,0.6667,6,6,3,0,0,6,3,0.5000
4,256.0000,8,32,623.3588,-85.5147,0.0165,12,0.3000,0.8571,7,8,7,0,0,8,7,0.1250
4,256.0000,8,34,742.8332,-85.6658,-1.1257,8,0.2000,1.0000,6,8,8,0,0,8,8,0.0000
4,256.0000,8,36,846.2910,-88.7236,0.4269,7,0.1750,1.0000,4,8,8,0,0,8,8,0.0000
4,256.0000,8,37,866.5822,-88.0809,-0.5891,5,0.1250,0.6667,3,8,8,0,0,8,8,0.0000
4,256.0000,8,38,571.5946,-84.7429,0.5117,11,0.2750,1.0000,8,8,8,0,0,8,8,0.0000
4,256.0000,8,42,389.4543,-81.7249,0.2484,17,0.4250,0.7143,7,6,3,0,0,6,3,0.5000
4,256.0000,8,44,872.2065,-87.7981,-0.1092,9,0.2250,,0,8,8,0,0,8,8,0.0000
4,256.0000,8,45,111.4541,-67.0889,-1.5307,39,0.9750,0.2000,5,5,1,0,0,5,1,0.8000
4,256.0000,8,47,423.1641,-82.0985,0.0596,18,0.4500,0.6250,8,8,8,0,0,8,8,0.0000
4,256.0000,9,0,242.6043,-76.0159,-0.4353,36,0.9000,0.2000,5,5,2,0,0,5,2,0.6000
4,256.0000,9,1,320.6878,-79.7998,-0.3241,35,0.8750,0.4000,5,4,2,0,0,4,2,0.5000
4,256.0000,9,8,865.5842,-86.7862,1.3959,3,0.0750,1.0000,8,8,8,0,0,8,8,0.0000
4,256.0000,9,13,732.7545,-86.4055,0.0211,11,0.2750,1.0000,8,7,5,0,0,7,5,0.2857
4,256.0000,9,15,290.1946,-79.2964,0.2315,36,0.9000,0.3333,6,4,0,0,0,4,0,1.0000
4,256.0000,9,19,534.3148,-83.2236,-1.0427,33,0.8250,0.5000,6,7,5,0,0,7,5,0.2857
4,256.0000,9,21,292.0822,-78.8091,-0.1347,32,0.8000,0.2000,5,4,0,0,0,4,0,1.0000
4,256.0000,9,25,330.0613,-80.2212,0.1166,33,0.8250,0.7143,7,6,3,0,0,6,3,0.5000
4,256.0000,9,27,591.4893,-85.8236,-0.6711,11,0.2750,1.0000,8,8,8,0,0,8,8,0.0000
4,256.0000,9,28,523.4818,-83.5457,-0.3806,32,0.8000,0.4000,5,7,5,0,0,7,5,0.2857
4,256.0000,9,30,517.7976,-84.9298,0.1781,24,0.6000,0.5714,7,7,5,0,0,7,5,0.2857
4,256.0000,9,32,407.2025,-82.6577,-0.6960,23,0.5750,0.5000,6,7,5,0,0,7,5,0.2857
4,256.0000,9,36,513.0393,-82.8161,-0.6256,28,0.7000,0.2000,5,8,7,0,0,8,7,0.1250
4,256.0000,9,39,553.2408,-84.2987,0.2366,24,0.6000,0.8750,8,7,5,0,0,7,5,0.2857
4,256.0000,9,40,496.0379,-83.4228,-0.2754,30,0.7500,0.3333,6,7,4,0,0,7,4,0.4286
4,256.0000,9,42,976.7828,-89.4804,-0.7366,3,0.0750,1.0000,6,6,6,0,0,6,6,0.0000
4,256.0000,9,44,256.4118,-79.0132,0.3425,33,0.8250,0.6667,6,4,0,0,0,4,0,1.0000
4,256.0000,9,46,561.9492,-83.8867,0.0218,29,0.7250,0.6667,6,8,8,0,0,8,8,0.0000
4,256.0000,10,2,157.1477,-77.0722,2.4505,24,0.6000,0.4000,5,7,3,0,0,7,3,0.5714
4,256.0000,10,3,120.9093,-73.5979,1.4876,37,0.9250,0.0000,4,4,0,0,0,4,0,1.0000
4,256.0000,10,4,716.3467,-86.7670,0.1118,8,0.2000,1.0000,8,7,6,0,0,7,6,0.1429
4,256.0000,10,5,386.6718,-81.2907,0.3742,23,0.5750,0.8750,8,7,5,0,0,7,5,0.2857
4,256.0000,10,6,651.9940,-85.7708,-0.8450,5,0.1250,0.7500,8,8,7,0,0,8,7,0.1250
4,256.0000,10,7,517.7344,-84.7459,0.0210,18,0.4500,0.8571,7,6,4,0,0,6,4,0.3333
4,256.0000,10,8,759.7410,-87.0297,-0.1831,3,0.0750,1.0000,8,6,4,0,0,6,4,0.3333
4,256.0000,10,11,364.2888,-81.0383,0.1014,24,0.6000,0.8571,7,4,0,0,0,4,0,1.0000
4,256.0000,10,12,271.3700,-79.5699,1.2547,19,0.4750,0.5000,6,5,1,0,0,5,1,0.8000
4,256.0000,10,14,514.8465,-84.6463,0.3499,11,0.2750,0.8750,8,5,2,0,0,5,2,0.6000
4,256.0000,10,16,632.2023,-85.0875,0.5083,12,0.3000,1.0000,8,8,7,0,0,8,7,0.1250
4,256.0000,10,17,229.4989,-76.1083,-0.2592,34,0.8500,0.0000,4,7,5,0,0,7,5,0.2857
4,256.0000,10,20,374.8093,-82.3769,-0.4435,15,0.3750,0.6667,6,7,5,0,0,7,5,0.2857
4,256.0000,10,22,471.7904,-84.4150,0.3328,20,0.5000,0.8571,7,7,5,0,0,7,5,0.2857
4,256.0000,10,23,360.5717,-81.3477,0.8905,24,0.6000,0.8750,8,7,5,0,0,7,5,0.2857
4,256.0000,10,24,479.5518,-84.3395,0.0140,15,0.3750,0.8571,7,5,2,0,0,5,2,0.6000
4,256.0000,10,26,443.1411,-82.4080,-0.4553,15,0.3750,0.7143,7,8,8,0,0,8,8,0.0000
4,256.0000,10,29,154.7318,-73.0595,0.8236,36,0.9000,0.0000,4,4,0,0,0,4,0,1.0000
4,256.0000,10,31,920.7604,-86.7587,1.0616,3,0.0750,1.0000,6,4,4,0,0,4,4,0.0000
4,256.0000,10,33,425.9093,-81.0444,-0.2107,26,0.6500,0.8571,7,7,4,0,0,7,4,0.4286
4,256.0000,10,34,352.4480,-82.2798,1.1233,17,0.4250,0.7500,8,4,0,0,0,4,0,1.0000
4,256.0000,10,35,554.2442,-84.2333,0.3959,16,0.4000,0.3333,6,4,2,0,0,4,2,0.5000
4,256.0000,10,37,268.3214,-78.4122,-0.4712,28,0.7000,0.4000,5,7,5,5,3,12,8,0.3333
4,256.0000,10,38,725.4605,-87.4820,0.0412,9,0.2250,1.0000,8,7,6,0,0,7,6,0.1429
4,256.0000,10,41,755.3997,-86.4494,-0.0450,11,0.2750,1.0000,8,8,8,0,0,8,8,0.0000
4,256.0000,10,42,808.2851,-85.8275,0.2569,5,0.1250,1.0000,6,8,8,0,0,8,8,0.0000
4,256.0000,10,43,461.7302,-80.3434,-1.6079,30,0.7500,0.6667,6,8,7,0,0,8,7,0.1250
4,256.0000,10,45,745.1725,-87.7840,1.6514,4,0.1000,1.0000,8,7,6,0,0,7,6,0.1429
4,256.0000,10,47,596.9260,-85.8430,-0.2270,8,0.2000,1.0000,8,6,6,0,0,6,6,0.0000
4,256.0000,11,2,470.6987,-83.6352,-0.3557,11,0.2750,0.8571,7,8,8,0,0,8,8,0.0000
4,256.0000,11,3,473.5941,-83.4523,-0.1089,15,0.3750,0.7143,7,8,7,0,0,8,7,0.1250
4,256.0000,11,4,557.9298,-84.9091,-0.1551,14,0.3500,0.8571,7,8,8,0,0,8,8,0.0000
4,256.0000,11,5,643.7587,-85.0293,-0.3817,9,0.2250,0.6667,6,8,8,0,0,8,8,0.0000
4,256.0000,11,6,513.4806,-84.2800,1.1012,12,0.3000,0.8750,8,8,8,0,0,8,8,0.0000
4,256.0000,11,7,822.6111,-87.4469,-0.1656,7,0.1750,0.8571,7,8,8,0,0,8,8,0.0000
4,256.0000,11,8,750.4022,-89.1799,-0.0210,4,0.1000,1.0000,8,8,8,0,0,8,8,0.0000
4,256.0000,11,10,364.2888,-80.9013,-0.7124,19,0.4750,0.8571,7,7,5,0,0,7,5,0.2857
4,256.0000,11,12,524.1587,-84.8942,1.2987,8,0.2000,0.5000,6,7,6,0,0,7,6,0.1429
4,256.0000,11,13,868.3811,-87.3847,-0.0587,7,0.1750,1.0000,4,4,4,0,0,4,4,0.0000
4,256.0000,11,14,543.1091,-83.4045,0.1058,15,0.3750,0.8750,8,7,6,0,0,7,6,0.1429
4,256.0000,11,16,896.6434,-87.5635,-0.0757,5,0.1250,0.7778,9,6,6,0,0,6,6,0.0000
4,256.0000,11,17,422.4770,-82.0144,-0.2385,24,0.6000,1.0000,8,7,5,0,0,7,5,0.2857
4,256.0000,11,18,720.3943,-87.2162,-0.2012,8,0.2000,0.7143,7,9,8,0,0,9,8,0.1111
4,256.0000,11,20,518.5951,-83.4212,-0.1857,10,0.2500,1.0000,8,8,7,0,0,8,7,0.1250
4,256.0000,11,22,834.0394,-87.4827,-0.2509,7,0.1750,0.8571,7,4,4,0,0,4,4,0.0000
4,256.0000,11,23,723.7512,-85.3390,-0.3961,8,0.2000,1.0000,8,7,6,0,0,7,6,0.1429
4,256.0000,11,24,602.3788,-85.2957,-0.1680,8,0.2000,0.8750,8,8,7,0,0,8,7,0.1250
4,256.0000,11,26,764.3724,-86.2113,-0.3891,6,0.1500,0.4000,5,8,8,0,0,8,8,0.0000
4,256.0000,11,29,245.7473,-75.1760,-0.7307,30,0.7500,0.0000,4,5,1,0,0,5,1,0.8000
4,256.0000,11,31,733.3805,-87.3844,-0.1352,6,0.1500,1.0000,8,8,8,0,0,8,8,0.0000
4,256.0000,11,33,687.6659,-85.6955,0.4200,13,0.3250,0.8571,7,8,8,0,0,8,8,0.0000
4,256.0000,11,34,523.4646,-83.2530,-0.0585,17,0.4250,1.0000,8,8,8,0,0,8,8,0.0000
4,256.0000,11,35,878.5310,-87.9135,-0.0538,6,0.1500,1.0000,8,8,8,0,0,8,8,0.0000
4,256.0000,11,37,520.1411,-83.1686,0.2994,16,0.4000,0.8750,8,8,7,0,0,8,7,0.1250
4,256.0000,11,38,899.4847,-88.7774,-0.2172,4,0.1000,1.0000,6,8,8,0,0,8,8,0.0000
4,256.0000,11,42,632.9302,-84.3665,-0.5669,12,0.3000,0.7143,7,8,7,0,0,8,7,0.1250
4,256.0000,11,43,574.0464,-84.2093,0.3270,18,0.4500,0.8750,8,8,8,0,0,8,8,0.0000
4,256.0000,11,45,788.8014,-86.5331,0.6254,4,0.1000,1.0000,4,8,8,0,0,8,8,0.0000
4,256.0000,11,47,684.8721,-86.2993,-0.5892,9,0.2250,0.8750,8,8,7,0,0,8,7,0.1250
4,256.0000,12,2,124.6317,-72.5807,0.6166,33,0.8250,0.2000,5,5,1,0,0,5,1,0.8000
4,256.0000,12,3,306.7719,-79.9776,0.7540,25,0.6250,0.0000,4,5,2,0,0,5,2,0.6000
4,256.0000,12,4,661.3812,-85.9051,-0.1241,13,0.3250,0.8750,8,8,6,0,0,8,6,0.2500
4,256.0000,12,5,394.3662,-80.1945,0.1388,24,0.6000,0.8750,8,8,6,0,0,8,6,0.2500
4,256.0000,12,6,585.2635,-84.4175,-0.3807,13,0.3250,0.5000,6,8,8,0,0,8,8,0.0000
4,256.0000,12,7,603.3828,-85.5031,0.2371,16,0.4000,0.6667,6,7,3,0,0,7,3,0.5714
4,256.0000,12,8,561.9060,-84.2484,0.5045,16,0.4000,1.0000,8,8,8,0,0,8,8,0.0000
4,256.0000,12,10,271.3700,-80.1006,1.1426,23,0.5750,0.5000,6,6,4,0,0,6,4,0.3333
4,256.0000,12,11,524.1587,-84.3216,0.2782,14,0.3500,0.8571,7,7,5,0,0,7,5,0.2857
4,256.0000,12,14,420.2678,-81.4134,-0.8871,20,0.5000,0.7143,7,6,4,0,0,6,4,0.3333
4,256.0000,12,16,423.6044,-80.8847,-0.5888,22,0.5500,0.8571,7,6,3,0,0,6,3,0.5000
4,256.0000,12,17,397.0478,-83.4306,0.2089,22,0.5500,0.7500,8,4,2,0,0,4,2,0.5000
4,256.0000,12,18,715.6631,-87.4091,0.4809,5,0.1250,1.0000,8,5,4,0,0,5,4,0.2000
4,256.0000,12,20,156.5376,-70.3186,-1.1550,37,0.9250,0.0000,4,4,0,0,0,4,0,1.0000
4,256.0000,12,22,421.4514,-84.0781,0.2526,22,0.5500,0.8750,8,6,4,0,0,6,4,0.3333
4,256.0000,12,23,390.0262,-82.8476,0.1611,20,0.5000,0.7143,7,5,2,1,0,6,2,0.6667
4,256.0000,12,24,345.6912,-79.5155,0.4640,24,0.6000,0.8571,7,7,6,0,0,7,6,0.1429
4,256.0000,12,26,343.2094,-79.0230,-0.5193,26,0.6500,0.2500,4,6,2,0,0,6,2,0.6667
4,256.0000,12,27,887.2835,-87.3271,-0.4614,7,0.1750,1.0000,4,6,6,0,0,6,6,0.0000
4,256.0000,12,29,392.5423,-81.8375,0.1275,24,0.6000,0.6667,6,7,5,0,0,7,5,0.2857
4,256.0000,12,31,828.7613,-87.4725,0.1540,5,0.1250,1.0000,8,5,4,0,0,5,4,0.2000
4,256.0000,12,33,629.1548,-85.6986,-0.2719,15,0.3750,0.8750,8,7,6,0,0,7,6,0.1429
4,256.0000,12,34,366.7133,-81.4629,0.6068,22,0.5500,0.0000,4,6,2,0,0,6,2,0.6667
4,256.0000,12,35,589.3124,-85.3322,-0.0348,13,0.3250,1.0000,8,7,6,0,0,7,6,0.1429
4,256.0000,12,37,385.5211,-83.3058,0.3547,21,0.5250,0.8571,7,7,6,0,0,7,6,0.1429
4,256.0000,12,38,508.2851,-82.8255,-0.2232,18,0.4500,0.5000,6,7,5,0,0,7,5,0.2857
4,256.0000,12,41,685.4626,-85.6329,1.0633,18,0.4500,1.0000,8,8,8,0,0,8,8,0.0000
4,256.0000,12,42,726.0822,-86.7446,-0.7356,10,0.2500,0.0000,2,10,10,0,0,10,10,0.0000
4,256.0000,12,43,719.6833,-86.7555,-0.2114,12,0.3000,0.7500,8,8,6,0,0,8,6,0.2500
4,256.0000,12,45,518.9198,-83.9218,-0.1133,13,0.3250,0.8571,7,6,4,0,0,6,4,0.3333
4,256.0000,12,47,416.3062,-80.5733,0.0158,18,0.4500,0.7143,7,6,4,0,0,6,4,0.3333
4,256.0000,13,0,899.3431,-87.8828,-0.9555,5,0.1250,,0,6,6,0,0,6,6,0.0000
4,256.0000,13,1,466.1369,-83.4437,0.3908,17,0.4250,0.8571,7,7,5,0,0,7,5,0.2857
4,256.0000,13,2,1027.2261,-88.5562,-0.0333,3,0.0750,1.0000,8,6,6,0,0,6,6,0.0000
4,256.0000,13,4,518.4233,-82.8070,0.4670,11,0.2750,0.8571,7,7,5,0,0,7,5,0.2857
4,256.0000,13,6,498.6517,-84.0588,0.1235,10,0.2500,1.0000,8,6,4,0,0,6,4,0.3333
4,256.0000,13,8,489.9060,-82.9160,0.1249,9,0.2250,0.8571,7,8,8,0,0,8,8,0.0000
4,256.0000,13,9,732.7545,-86.6452,0.7898,6,0.1500,1.0000,8,8,7,0,0,8,7,0.1250
4,256.0000,13,11,868.3811,-86.2411,-2.8487,4,0.1000,1.0000,8,8,8,0,0,8,8,0.0000
4,256.0000,13,14,763.0819,-86.6087,-1.3154,5,0.1250,0.8571,7,8,8,0,0,8,8,0.0000
4,256.0000,13,15,922.9675,-88.1916,1.0327,5,0.1250,1.0000,6,6,6,0,0,6,6,0.0000
4,256.0000,13,18,393.0771,-80.4501,-0.2051,18,0.4500,0.5714,7,8,8,0,0,8,8,0.0000
4,256.0000,13,19,677.4703,-85.5018,-0.1167,16,0.4000,0.8571,7,8,8,0,0,8,8,0.0000
4,256.0000,13,21,641.1966,-86.4800,0.2173,11,0.2750,1.0000,8,5,2,0,0,5,2,0.6000
4,256.0000,13,24,869.2009,-86.8634,-1.6679,3,0.0750,1.0000,8,6,6,0,0,6,6,0.0000
4,256.0000,13,25,411.0584,-82.7131,0.5427,17,0.4250,0.5714,7,8,8,0,0,8,8,0.0000
4,256.0000,13,27,628.3486,-85.8471,-0.9832,11,0.2750,1.0000,6,10,10,0,0,10,10,0.0000
4,256.0000,13,29,1030.4205,-89.1313,0.5134,4,0.1000,1.0000,6,4,4,0,0,4,4,0.0000
4,256.0000,13,31,165.6592,-73.3506,-0.4330,33,0.8250,0.2000,5,4,0,0,0,4,0,1.0000
4,256.0000,13,32,617.9469,-85.9795,0.2452,11,0.2750,1.0000,8,8,8,0,0,8,8,0.0000
4,256.0000,13,36,457.9462,-82.6527,0.2196,18,0.4500,0.8750,8,7,6,0,0,7,6,0.1429
4,256.0000,13,40,1143.4915,-88.2881,-0.2191,4,0.1000,,0,4,4,0,0,4,4,0.0000
4,256.0000,13,42,327.7329,-80.2760,-0.4681,19,0.4750,0.7778,9,4,1,0,0,4,1,0.7500
4,256.0000,13,44,867.8390,-88.1608,-0.1596,8,0.2000,1.0000,2,8,8,0,0,8,8,0.0000
4,256.0000,13,45,598.9122,-86.7198,0.2657,7,0.1750,1.0000,8,8,8,0,0,8,8,0.0000
4,256.0000,13,46,1040.4100,-87.5075,-0.4219,4,0.1000,1.0000,6,4,4,0,0,4,4,0.0000
4,256.0000,13,47,773.3511,-87.3195,-0.1742,5,0.1250,1.0000,8,8,7,0,0,8,7,0.1250
4,256.0000,14,2,465.5693,-81.8131,0.4211,18,0.4500,0.7143,7,6,6,0,0,6,6,0.0000
4,256.0000,14,3,571.7988,-84.5764,-0.1464,16,0.4000,0.6667,6,8,8,0,0,8,8,0.0000
4,256.0000,14,4,707.9996,-85.4898,-0.8816,10,0.2500,0.6667,6,8,8,0,0,8,8,0.0000
4,256.0000,14,5,443.5603,-79.9169,-0.9082,22,0.5500,0.8571,7,7,6,0,0,7,6,0.1429
4,256.0000,14,6,292.0388,-76.7889,-1.0616,30,0.7500,0.6667,6,5,1,0,0,5,1,0.8000
4,256.0000,14,7,760.1089,-86.7614,-0.4283,15,0.3750,0.8571,7,8,8,0,0,8,8,0.0000
4,256.0000,14,8,503.4480,-83.9011,-0.3973,14,0.3500,0.7143,7,8,7,0,0,8,7,0.1250
4,256.0000,14,10,514.8465,-84.2580,0.3436,17,0.4250,0.8750,8,8,8,0,0,8,8,0.0000
4,256.0000,14,11,543.1091,-84.3234,-0.4651,20,0.5000,0.8571,7,8,7,0,0,8,7,0.1250
4,256.0000,14,12,420.2678,-83.2593,0.9571,17,0.4250,0.8750,8,8,8,0,0,8,8,0.0000
4,256.0000,14,13,763.0819,-86.9554,1.5781,4,0.1000,1.0000,8,8,8,0,0,8,8,0.0000
4,256.0000,14,16,523.0966,-84.4109,-0.1004,16,0.4000,0.8750,8,6,4,0,0,6,4,0.3333
4,256.0000,14,17,709.8462,-85.7953,-0.2275,12,0.3000,1.0000,8,7,6,0,0,7,6,0.1429
4,256.0000,14,18,411.0254,-82.9714,1.0959,14,0.3500,0.8571,7,8,6,0,0,8,6,0.2500
4,256.0000,14,20,342.8105,-80.2499,0.1241,21,0.5250,0.7143,7,6,4,0,0,6,4,0.3333
4,256.0000,14,22,746.3619,-86.4172,1.3614,9,0.2250,0.8571,7,7,6,0,0,7,6,0.1429
4,256.0000,14,23,731.8522,-87.5888,0.4227,12,0.3000,1.0000,8,8,7,0,0,8,7,0.1250
4,256.0000,14,24,142.2782,-74.8100,1.8875,34,0.8500,0.4000,5,5,1,0,0,5,1,0.8000
4,256.0000,14,26,543.4079,-82.9734,0.2122,19,0.4750,0.7143,7,7,6,0,0,7,6,0.1429
4,256.0000,14,27,709.2054,-87.7095,-0.0855,3,0.0750,1.0000,6,8,8,0,0,8,8,0.0000
4,256.0000,14,29,514.0394,-82.0476,-0.4243,18,0.4500,0.3333,6,7,5,0,0,7,5,0.2857
4,256.0000,14,31,607.4694,-85.4860,1.4044,9,0.2250,0.8750,8,8,7,0,0,8,7,0.1250
4,256.0000,14,32,873.1233,-88.0761,1.2329,4,0.1000,1.0000,8,4,4,0,0,4,4,0.0000
4,256.0000,14,33,847.9090,-87.0140,-0.5583,8,0.2000,0.8750,8,2,2,0,0,2,2,0.0000
4,256.0000,14,34,303.0824,-76.0357,-1.3747,30,0.7500,0.0000,4,7,5,0,0,7,5,0.2857
4,256.0000,14,35,761.6480,-86.9033,-0.9169,13,0.3250,1.0000,6,8,8,0,0,8,8,0.0000
4,256.0000,14,37,476.9993,-84.5132,-0.1557,15,0.3750,0.6667,6,7,5,0,0,7,5,0.2857
4,256.0000,14,38,414.6058,-82.9008,0.5588,19,0.4750,0.8571,7,6,3,0,0,6,3,0.5000
4,256.0000,14,41,861.1089,-87.7434,0.0122,9,0.2250,1.0000,8,6,6,0,0,6,6,0.0000
4,256.0000,14,42,667.1276,-86.7495,-0.0025,13,0.3250,0.8000,5,8,7,0,0,8,7,0.1250
4,256.0000,14,45,506.6792,-84.9326,0.3412,14,0.3500,0.8333,6,7,5,0,0,7,5,0.2857
4,256.0000,14,47,185.2207,-75.3772,1.2489,32,0.8000,0.3333,6,4,1,0,0,4,1,0.7500
4,256.0000,15,0,367.9552,-82.4959,0.8453,27,0.6750,0.5000,6,7,5,0,0,7,5,0.2857
4,256.0000,15,1,495.6912,-83.8372,-0.5442,15,0.3750,0.2500,4,8,7,0,0,8,7,0.1250
4,256.0000,15,9,290.1946,-79.5951,0.7611,31,0.7750,0.3333,6,6,3,0,0,6,3,0.5000
4,256.0000,15,13,922.9675,-87.7914,-0.5961,4,0.1000,1.0000,8,8,8,0,0,8,8,0.0000
4,256.0000,15,19,646.0581,-85.2898,-0.1508,14,0.3500,1.0000,8,7,6,0,0,7,6,0.1429
4,256.0000,15,21,533.8788,-83.2237,-0.5345,17,0.4250,1.0000,8,6,4,0,0,6,4,0.3333
4,256.0000,15,25,528.5508,-84.3215,1.3996,14,0.3500,0.6667,6,7,6,0,0,7,6,0.1429
4,256.0000,15,27,701.3294,-82.7598,0.6061,6,0.1500,0.9091,11,8,8,0,0,8,8,0.0000
4,256.0000,15,28,406.5019,-82.4250,-0.0960,22,0.5500,0.7143,7,5,2,0,0,5,2,0.6000
4,256.0000,15,30,394.2044,-82.0686,1.0681,30,0.7500,0.5714,7,7,3,0,0,7,3,0.5714
4,256.0000,15,32,461.2781,-79.4036,-1.4854,17,0.4250,0.6250,8,8,7,0,0,8,7,0.1250
4,256.0000,15,36,717.4204,-85.2733,0.3911,9,0.2250,1.0000,8,6,6,0,0,6,6,0.0000
4,256.0000,15,39,373.8377,-82.5100,0.7717,27,0.6750,0.7143,7,5,1,0,0,5,1,0.8000
4,256.0000,15,40,490.0574,-84.8598,0.8153,20,0.5000,1.0000,8,8,6,0,0,8,6,0.2500
4,256.0000,15,44,286.4932,-76.5381,-0.7262,37,0.9250,0.0000,4,4,0,0,0,4,0,1.0000
4,256.0000,15,46,562.3375,-84.6310,0.4897,17,0.4250,0.6667,6,8,5,0,0,8,5,0.3750
4,256.0000,16,2,493.0783,-80.6936,-1.3922,20,0.4878,1.0000,8,7,5,0,0,7,5,0.2857
4,256.0000,16,3,603.4677,-83.6956,-0.0802,16,0.3902,0.8750,8,8,8,0,0,8,8,0.0000
4,256.0000,16,4,1001.3184,-87.8082,0.7621,4,0.0976,1.0000,8,4,4,0,0,4,4,0.0000
4,256.0000,16,5,426.5886,-81.5601,-1.4235,17,0.4146,0.5000,6,6,4,0,0,6,4,0.3333
4,256.0000,16,6,777.0783,-86.8326,-1.1721,6,0.1463,1.0000,8,7,6,0,0,7,6,0.1429
4,256.0000,16,7,624.6892,-83.9036,-1.1613,16,0.3902,0.8571,7,8,8,0,0,8,8,0.0000
4,256.0000,16,8,700.9785,-86.8645,-0.2216,6,0.1463,1.0000,8,8,8,0,0,8,8,0.0000
4,256.0000,16,10,632.2023,-85.8335,-0.7338,10,0.2439,0.8750,8,8,8,0,0,8,8,0.0000
4,256.0000,16,12,423.6044,-81.0398,-0.4901,23,0.5610,0.5000,6,7,6,0,0,7,6,0.1429
4,256.0000,16,14,523.0966,-83.1371,0.1985,10,0.2439,0.8571,7,8,8,0,0,8,8,0.0000
4,256.0000,16,17,790.9756,-87.1343,-0.2830,9,0.2195,0.8000,5,8,8,0,0,8,8,0.0000
4,256.0000,16,20,456.1388,-81.5480,-0.7703,15,0.3659,0.7143,7,8,8,0,0,8,8,0.0000
4,256.0000,16,22,454.8103,-81.7518,-0.2296,21,0.5122,0.7500,8,8,8,0,0,8,8,0.0000
4,256.0000,16,23,550.2235,-84.0681,-1.3009,17,0.4146,0.7143,7,8,7,0,0,8,7,0.1250
4,256.0000,16,24,384.6567,-80.6649,-0.8289,20,0.4878,0.6667,6,6,4,0,0,6,4,0.3333
4,256.0000,16,26,275.0086,-75.5056,-1.0489,28,0.6829,0.0000,4,8,8,0,0,8,8,0.0000
4,256.0000,16,27,826.2988,-87.7537,0.5059,3,0.0732,1.0000,4,7,6,0,0,7,6,0.1429
4,256.0000,16,29,741.8348,-86.4329,0.0498,9,0.2195,0.8571,7,8,8,0,0,8,8,0.0000
4,256.0000,16,33,830.8327,-86.5254,-0.3673,9,0.2195,1.0000,8,8,8,0,0,8,8,0.0000
4,256.0000,16,34,481.8049,-83.7946,-0.8963,15,0.3659,0.8571,7,8,8,0,0,8,8,0.0000
4,256.0000,16,35,549.4598,-84.1503,0.1530,19,0.4634,0.4000,5,8,7,0,0,8,7,0.1250
4,256.0000,16,37,556.0142,-84.6639,1.0031,14,0.3415,0.5000,6,7,6,0,0,7,6,0.1429
4,256.0000,16,38,249.1616,-77.5902,-0.2641,33,0.8049,0.5000,6,4,0,0,0,4,0,1.0000
4,256.0000,16,41,463.8312,-81.5435,-0.7847,23,0.5610,0.7143,7,8,8,0,0,8,8,0.0000
4,256.0000,16,43,1040.7915,-87.9870,-0.4833,8,0.1951,,0,4,4,0,0,4,4,0.0000
4,256.0000,16,45,616.0565,-86.6597,-0.0268,7,0.1707,1.0000,8,7,6,0,0,7,6,0.1429
4,256.0000,16,47,409.2486,-81.6290,-0.6348,17,0.4146,0.6667,6,7,6,0,0,7,6,0.1429
4,256.0000,17,2,308.4365,-81.4751,1.2074,12,0.3000,0.8571,7,7,3,0,0,7,3,0.5714
4,256.0000,17,3,277.2367,-79.6579,-0.0704,17,0.4250,0.6667,6,5,2,0,0,5,2,0.6000
4,256.0000,17,4,692.1330,-86.4173,-0.4408,8,0.2000,1.0000,8,7,6,0,0,7,6,0.1429
4,256.0000,17,5,601.5906,-86.1658,0.9264,7,0.1750,0.5000,6,8,8,0,0,8,8,0.0000
4,256.0000,17,6,791.6070,-87.2331,-0.4731,4,0.1000,1.0000,8,8,8,0,0,8,8,0.0000
4,256.0000,17,7,663.5814,-85.5524,0.7920,13,0.3250,1.0000,8,7,6,0,0,7,6,0.1429
4,256.0000,17,8,839.0662,-88.2901,-0.5949,3,0.0750,1.0000,8,8,8,0,0,8,8,0.0000
4,256.0000,17,10,229.4989,-76.1936,-0.2741,29,0.7250,0.5000,6,6,2,0,0,6,2,0.6667
4,256.0000,17,11,422.4770,-82.1507,-0.3172,20,0.5000,0.5000,6,7,6,0,0,7,6,0.1429
4,256.0000,17,12,397.0478,-81.6977,0.9076,14,0.3500,1.0000,8,5,2,0,0,5,2,0.6000
4,256.0000,17,14,709.8462,-85.7783,-0.3859,6,0.1500,0.8571,7,8,8,0,0,8,8,0.0000
4,256.0000,17,16,790.9756,-87.9238,0.2254,3,0.0750,0.8571,7,8,8,0,0,8,8,0.0000
4,256.0000,17,20,492.5471,-83.1610,-0.8620,8,0.2000,0.8750,8,8,8,0,0,8,8,0.0000
4,256.0000,17,22,550.3886,-84.2619,0.6686,11,0.2750,0.8750,8,6,3,0,0,6,3,0.5000
4,256.0000,17,23,418.0184,-82.6504,0.2587,16,0.4000,0.6667,6,7,5,0,0,7,5,0.2857
4,256.0000,17,24,681.4936,-85.6543,0.5930,5,0.1250,0.8571,7,8,8,0,0,8,8,0.0000
4,256.0000,17,26,607.7494,-84.8718,0.0519,12,0.3000,0.7143,7,8,8,0,0,8,8,0.0000
4,256.0000,17,29,299.2663,-79.8380,0.1459,22,0.5500,0.8750,8,6,4,0,0,6,4,0.3333
4,256.0000,17,31,1006.2482,-88.5067,-0.7745,3,0.0750,1.0000,8,2,2,0,0,2,2,0.0000
4,256.0000,17,33,482.4277,-84.0894,0.5971,13,0.3250,0.8750,8,7,6,0,0,7,6,0.1429
4,256.0000,17,34,581.4624,-85.8640,0.4856,9,0.2250,1.0000,8,7,6,0,0,7,6,0.1429
4,256.0000,17,35,699.3810,-86.2638,0.3833,9,0.2250,0.8571,7,7,6,0,0,7,6,0.1429
4,256.0000,17,37,482.2442,-82.9667,-0.4824,13,0.3250,0.7143,7,7,6,0,0,7,6,0.1429
4,256.0000,17,41,889.9809,-86.1664,-0.7101,6,0.1500,1.0000,4,10,10,0,0,10,10,0.0000
4,256.0000,17,42,830.2319,-86.5734,-0.0704,4,0.1000,1.0000,8,6,6,0,0,6,6,0.0000
4,256.0000,17,43,401.1120,-80.1545,-0.5926,25,0.6250,0.0000,4,5,2,0,0,5,2,0.6000
4,256.0000,17,45,828.0329,-85.9692,-0.6430,3,0.0750,0.8571,7,8,8,0,0,8,8,0.0000
4,256.0000,17,47,776.0092,-87.5558,-1.2746,6,0.1500,1.0000,8,8,8,0,0,8,8,0.0000
4,256.0000,18,0,1091.8321,-88.2698,1.4812,4,0.1000,1.0000,2,4,4,0,0,4,4,0.0000
4,256.0000,18,1,677.8954,-85.8118,-0.7338,11,0.2750,1.0000,8,7,5,0,0,7,5,0.2857
4,256.0000,18,4,607.9763,-84.6599,-0.7579,11,0.2750,0.8571,7,8,8,0,0,8,8,0.0000
4,256.0000,18,6,212.4221,-78.2438,1.1917,23,0.5750,0.7143,7,5,1,0,0,5,1,0.8000
4,256.0000,18,8,374.4281,-81.9701,0.8598,9,0.2250,0.8571,7,7,6,0,0,7,6,0.1429
4,256.0000,18,9,871.2605,-87.6001,-0.1946,6,0.1500,1.0000,8,6,6,0,0,6,6,0.0000
4,256.0000,18,11,720.3943,-86.4483,0.0155,4,0.1000,1.0000,8,7,6,0,0,7,6,0.1429
4,256.0000,18,12,715.6631,-87.8582,-0.8879,3,0.0750,1.0000,8,8,8,0,0,8,8,0.0000
4,256.0000,18,13,393.0771,-80.1876,-0.9463,22,0.5500,0.4000,5,7,4,0,0,7,4,0.4286
4,256.0000,18,14,411.0254,-83.1692,0.5722,8,0.2000,0.6667,6,5,2,0,0,5,2,0.6000
4,256.0000,18,16,828.7395,-87.1799,-0.2251,3,0.0750,1.0000,8,8,7,0,0,8,7,0.1250
4,256.0000,18,20,572.5016,-86.0949,2.1306,5,0.1250,1.0000,8,8,7,0,0,8,7,0.1250
4,256.0000,18,21,745.9404,-86.3735,0.7408,6,0.1500,1.0000,4,7,6,0,0,7,6,0.1429
4,256.0000,18,24,522.7642,-86.8166,1.6867,3,0.0750,0.7143,7,6,4,0,0,6,4,0.3333
4,256.0000,18,25,610.7121,-84.9754,0.2354,8,0.2000,1.0000,8,8,8,0,0,8,8,0.0000
4,256.0000,18,27,491.8500,-83.0875,-0.5740,13,0.3250,0.8750,8,8,7,0,0,8,7,0.1250
4,256.0000,18,29,813.6052,-87.3771,-0.6459,4,0.1000,1.0000,4,6,6,0,0,6,6,0.0000
4,256.0000,18,31,254.8813,-77.2595,-0.4758,28,0.7000,0.4000,5,5,2,0,0,5,2,0.6000
4,256.0000,18,32,562.1711,-85.5029,-0.2053,10,0.2500,0.8571,7,8,8,0,0,8,8,0.0000
4,256.0000,18,34,709.5401,-85.7535,-0.1897,4,0.1000,0.8571,7,7,5,0,0,7,5,0.2857
4,256.0000,18,36,790.6346,-87.2469,-1.1624,5,0.1250,1.0000,8,6,6,0,0,6,6,0.0000
4,256.0000,18,38,640.4784,-87.0740,-0.7990,5,0.1250,1.0000,8,7,6,0,0,7,6,0.1429
4,256.0000,18,42,462.9785,-83.0241,0.1363,15,0.3750,0.8571,7,8,8,0,0,8,8,0.0000
4,256.0000,18,45,450.1227,-82.8058,1.1975,10,0.2500,0.8571,7,8,7,0,0,8,7,0.1250
4,256.0000,18,47,425.4514,-84.1201,1.7715,8,0.2000,0.8750,8,7,6,0,0,7,6,0.1429
4,256.0000,19,0,509.2600,-82.5754,-0.7988,27,0.6750,0.4000,5,8,5,0,0,8,5,0.3750
4,256.0000,19,1,347.4406,-77.6653,-1.6140,30,0.7500,0.4000,5,8,7,0,0,8,7,0.1250
4,256.0000,19,9,534.3148,-82.7093,-0.6602,21,0.5250,0.8571,7,8,8,0,0,8,8,0.0000
4,256.0000,19,13,677.4703,-85.8979,0.5546,9,0.2250,0.8571,7,8,8,0,0,8,8,0.0000
4,256.0000,19,15,646.0581,-85.2624,-0.6820,14,0.3500,0.8750,8,7,6,0,0,7,6,0.1429
4,256.0000,19,18,960.3380,-87.8560,-1.4819,3,0.0750,1.0000,8,8,8,0,0,8,8,0.0000
4,256.0000,19,21,716.8040,-85.4310,-0.7550,15,0.3750,0.8571,7,8,8,0,0,8,8,0.0000
4,256.0000,19,25,433.1376,-80.5248,-1.4096,21,0.5250,0.2000,5,8,6,0,0,8,6,0.2500
4,256.0000,19,27,950.8570,-87.8885,-0.2727,5,0.1250,1.0000,6,4,4,0,0,4,4,0.0000
4,256.0000,19,28,655.7002,-85.2533,-0.0928,18,0.4500,0.6667,6,7,6,0,0,7,6,0.1429
4,256.0000,19,30,897.3785,-87.9518,0.1717,7,0.1750,1.0000,8,8,8,0,0,8,8,0.0000
4,256.0000,19,31,816.5452,-87.4391,-0.0867,7,0.1750,1.0000,8,8,8,0,0,8,8,0.0000
4,256.0000,19,32,751.3596,-85.7769,-0.4605,8,0.2000,0.7500,8,8,8,0,0,8,8,0.0000
4,256.0000,19,36,267.3805,-76.6653,-0.6070,30,0.7500,0.2000,5,6,4,0,0,6,4,0.3333
4,256.0000,19,39,720.9350,-85.8232,-0.5267,14,0.3500,1.0000,8,7,6,0,0,7,6,0.1429
4,256.0000,19,40,628.9882,-85.4889,-0.1090,24,0.6000,0.8571,7,7,5,0,0,7,5,0.2857
4,256.0000,19,44,776.3011,-86.8396,-1.4998,10,0.2500,0.8571,7,8,8,0,0,8,8,0.0000
4,256.0000,19,46,410.1745,-80.4480,-0.5552,32,0.8000,0.6667,6,6,4,0,0,6,4,0.3333
4,256.0000,20,1,1144.2010,-89.2259,0.1581,4,0.1000,,0,4,4,0,0,4,4,0.0000
4,256.0000,20,2,262.0384,-77.1548,-0.4175,26,0.6500,0.2000,5,8,5,0,0,8,5,0.3750
4,256.0000,20,3,439.6341,-82.8285,0.2788,20,0.5000,0.5714,7,7,5,0,0,7,5,0.2857
4,256.0000,20,4,556.6888,-85.0323,0.3507,18,0.4500,0.8571,7,8,7,0,0,8,7,0.1250
4,256.0000,20,5,483.2795,-81.9719,-1.4388,20,0.5000,1.0000,8,8,7,0,0,8,7,0.1250
4,256.0000,20,6,461.7562,-81.8785,-0.0415,18,0.4500,0.6667,6,7,6,0,0,7,6,0.1429
4,256.0000,20,7,736.3349,-86.4813,0.0413,9,0.2250,1.0000,8,8,8,0,0,8,8,0.0000
4,256.0000,20,8,408.9234,-81.7423,-0.7054,24,0.6000,0.7500,8,8,7,0,0,8,7,0.1250
4,256.0000,20,10,374.8093,-82.8057,0.7893,22,0.5500,0.7143,7,7,6,0,0,7,6,0.1429
4,256.0000,20,11,518.5951,-84.3368,-0.5555,18,0.4500,0.8571,7,6,4,0,0,6,4,0.3333
4,256.0000,20,12,156.5376,-70.6988,-2.4202,33,0.8250,0.2000,5,6,3,0,0,6,3,0.5000
4,256.0000,20,13,804.7506,-88.2317,-0.4777,7,0.1750,1.0000,2,2,2,0,0,2,2,0.0000
4,256.0000,20,14,342.8105,-79.3771,-0.2492,21,0.5250,0.5000,6,6,4,0,0,6,4,0.3333
4,256.0000,20,16,456.1388,-81.4205,-1.9274,22,0.5500,0.8571,7,7,6,0,0,7,6,0.1429
4,256.0000,20,17,492.5471,-84.2849,-0.1650,18,0.4500,0.6667,6,6,3,0,0,6,3,0.5000
4,256.0000,20,18,572.5016,-86.8020,-0.4256,9,0.2250,1.0000,8,4,2,0,0,4,2,0.5000
4,256.0000,20,22,567.7371,-84.6809,-0.0630,16,0.4000,0.8571,7,7,5,0,0,7,5,0.2857
4,256.0000,20,23,546.3749,-86.0476,-0.5418,17,0.4250,0.7500,8,6,5,0,0,6,5,0.1667
4,256.0000,20,24,301.7948,-78.8891,0.3495,27,0.6750,0.4286,7,4,1,0,0,4,1,0.7500
4,256.0000,20,25,1056.5987,-89.5276,-0.2375,3,0.0750,1.0000,4,2,2,0,0,2,2,0.0000
4,256.0000,20,26,456.0191,-81.4188,-0.9634,21,0.5250,0.8571,7,8,8,0,0,8,8,0.0000
4,256.0000,20,27,747.6911,-86.6821,-0.9607,7,0.1750,1.0000,4,8,8,0,0,8,8,0.0000
4,256.0000,20,29,456.1929,-82.5427,0.7559,18,0.4500,0.8571,7,7,6,0,0,7,6,0.1429
4,256.0000,20,31,682.3674,-85.1267,-1.0514,9,0.2250,1.0000,6,8,8,0,0,8,8,0.0000
4,256.0000,20,32,970.2757,-88.7776,1.0737,3,0.0750,1.0000,6,3,2,0,0,3,2,0.3333
4,256.0000,20,33,767.7741,-86.8092,-0.7931,11,0.2750,0.7143,7,6,6,0,0,6,6,0.0000
4,256.0000,20,34,411.2432,-81.6584,0.2607,20,0.5000,0.6667,6,8,6,0,0,8,6,0.2500
4,256.0000,20,35,721.9911,-86.3838,0.0436,13,0.3250,0.8571,7,8,7,0,0,8,7,0.1250
4,256.0000,20,37,485.8428,-84.6118,0.1298,16,0.4000,0.8750,8,8,8,0,0,8,8,0.0000
4,256.0000,20,38,462.3260,-81.7244,0.1624,19,0.4750,0.6667,6,7,5,0,0,7,5,0.2857
4,256.0000,20,41,799.8198,-86.3812,-1.0958,12,0.3000,1.0000,6,4,4,0,0,4,4,0.0000
4,256.0000,20,42,593.5756,-84.9942,-2.0039,11,0.2750,1.0000,6,8,7,0,0,8,7,0.1250
4,256.0000,20,43,830.9078,-86.8131,-0.0008,11,0.2750,1.0000,8,4,4,0,0,4,4,0.0000
4,256.0000,20,45,375.7345,-82.1311,-0.2691,18,0.4500,0.5714,7,6,4,0,0,6,4,0.3333
4,256.0000,20,47,321.1266,-78.9195,-0.6281,27,0.6750,0.8750,8,6,3,0,0,6,3,0.5000
4,256.0000,21,0,487.9064,-82.6669,0.0034,25,0.6250,0.8750,8,8,7,0,0,8,7,0.1250
4,256.0000,21,1,419.5460,-82.7613,0.8743,22,0.5500,0.6667,6,5,3,0,0,5,3,0.4000
4,256.0000,21,8,632.8742,-85.4565,1.5536,4,0.1000,1.0000,6,7,6,0,0,7,6,0.1429
4,256.0000,21,9,292.0822,-79.3259,0.0806,32,0.8000,0.2000,5,6,3,0,0,6,3,0.5000
4,256.0000,21,13,641.1966,-85.7645,0.1162,5,0.1250,1.0000,8,8,8,0,0,8,8,0.0000
4,256.0000,21,15,533.8788,-83.2618,-0.9674,18,0.4500,0.7143,7,8,8,0,0,8,8,0.0000
4,256.0000,21,19,716.8040,-84.9059,-0.4602,16,0.4000,0.8750,8,8,8,0,0,8,8,0.0000
4,256.0000,21,25,358.4817,-81.1655,-0.1289,24,0.6000,0.8750,8,6,3,0,0,6,3,0.5000
4,256.0000,21,27,408.5838,-81.5486,-0.5534,21,0.5250,0.6111,18,8,8,6,2,14,10,0.2857
4,256.0000,21,28,804.7842,-86.3292,0.2333,10,0.2500,1.0000,8,8,8,0,0,8,8,0.0000
4,256.0000,21,30,720.5309,-86.6615,-0.3247,15,0.3750,1.0000,8,8,8,0,0,8,8,0.0000
4,256.0000,21,32,373.5697,-81.3401,0.6347,20,0.5000,0.7143,7,7,6,0,0,7,6,0.1429
4,256.0000,21,36,580.5532,-83.9250,-0.2619,13,0.3250,0.8571,7,7,6,0,0,7,6,0.1429
4,256.0000,21,39,832.8900,-86.8578,0.0253,8,0.2000,0.8750,8,7,6,0,0,7,6,0.1429
4,256.0000,21,40,750.7835,-86.5363,0.1809,14,0.3500,1.0000,6,8,8,0,0,8,8,0.0000
4,256.0000,21,44,328.7312,-80.9112,0.1965,30,0.7500,0.5000,6,6,3,0,0,6,3,0.5000
4,256.0000,21,45,659.9227,-87.1423,-0.1404,5,0.1250,1.0000,8,8,8,0,0,8,8,0.0000
4,256.0000,21,46,831.0661,-86.1071,-0.8007,6,0.1500,0.8571,7,8,8,0,0,8,8,0.0000
4,256.0000,22,2,386.1358,-81.8571,0.2993,14,0.3500,0.8571,7,7,6,0,0,7,6,0.1429
4,256.0000,22,3,378.1895,-82.3639,0.0274,15,0.3750,0.8750,8,7,5,0,0,7,5,0.2857
4,256.0000,22,5,420.4423,-82.5748,-0.6241,13,0.3250,0.5000,6,7,5,0,0,7,5,0.2857
4,256.0000,22,7,378.2487,-80.8837,0.3968,21,0.5250,0.7143,7,6,3,0,0,6,3,0.5000
4,256.0000,22,8,948.6772,-88.7401,-0.1853,3,0.0750,,0,8,8,0,0,8,8,0.0000
4,256.0000,22,10,471.7904,-83.3427,0.6714,10,0.2500,0.8750,8,8,8,0,0,8,8,0.0000
4,256.0000,22,11,834.0394,-86.8874,-0.9605,7,0.1750,0.7143,7,8,8,0,0,8,8,0.0000
4,256.0000,22,12,421.4514,-82.6346,2.8760,9,0.2250,0.8571,7,8,7,0,0,8,7,0.1250
4,256.0000,22,14,746.3619,-86.9173,0.0812,7,0.1750,1.0000,8,8,8,0,0,8,8,0.0000
4,256.0000,22,16,454.8103,-81.6822,0.7748,15,0.3750,0.7778,9,6,3,0,0,6,3,0.5000
4,256.0000,22,17,550.3886,-85.3472,0.8821,8,0.2000,0.6000,5,10,10,0,0,10,10,0.0000
4,256.0000,22,20,567.7371,-85.2651,0.0180,10,0.2500,0.8571,7,8,8,0,0,8,8,0.0000
4,256.0000,22,23,151.2926,-73.1380,-0.2192,30,0.7500,0.2000,5,4,0,0,0,4,0,1.0000
4,256.0000,22,24,625.8540,-85.0428,1.5583,7,0.1750,0.8750,8,8,8,0,0,8,8,0.0000
4,256.0000,22,26,244.6953,-78.9235,1.1969,19,0.4750,0.6667,6,5,1,0,0,5,1,0.8000
4,256.0000,22,29,612.2047,-86.6520,1.2518,9,0.2250,1.0000,8,8,7,0,0,8,7,0.1250
4,256.0000,22,33,489.2773,-82.7446,-0.7564,18,0.4500,0.8571,7,6,3,0,0,6,3,0.5000
4,256.0000,22,34,541.4648,-85.2952,0.6930,9,0.2250,0.8750,8,8,8,0,0,8,8,0.0000
4,256.0000,22,35,317.2952,-79.5967,-0.5725,24,0.6000,0.5000,6,5,2,0,0,5,2,0.6000
4,256.0000,22,37,449.0470,-84.1959,0.9786,14,0.3500,0.8571,7,8,7,0,0,8,7,0.1250
4,256.0000,22,38,681.9625,-85.3648,1.4605,9,0.2250,0.8571,7,8,8,0,0,8,8,0.0000
4,256.0000,22,41,366.5756,-79.9187,-0.2886,26,0.6500,0.4000,5,5,1,0,0,5,1,0.8000
4,256.0000,22,43,719.1563,-85.8724,-0.2678,11,0.2750,1.0000,8,8,6,0,0,8,6,0.2500
4,256.0000,22,45,879.3302,-89.1243,-0.4593,3,0.0750,,0,8,8,0,0,8,8,0.0000
4,256.0000,23,2,315.8433,-79.9561,1.2708,17,0.4250,0.8750,8,6,4,0,0,6,4,0.3333
4,256.0000,23,3,259.4519,-77.7902,-0.3935,19,0.4750,0.4000,5,7,5,0,0,7,5,0.2857
4,256.0000,23,5,412.7437,-82.8757,-0.1814,17,0.4250,0.8571,7,6,3,0,0,6,3,0.5000
4,256.0000,23,6,940.4059,-87.9869,-2.1156,4,0.1000,1.0000,8,2,2,0,0,2,2,0.0000
4,256.0000,23,7,361.0874,-81.0590,-0.3920,20,0.5000,0.6981,53,6,3,64,44,70,47,0.3286
4,256.0000,23,8,946.6481,-88.9312,-0.4009,4,0.1000,1.0000,8,6,6,0,0,6,6,0.0000
4,256.0000,23,10,360.5717,-82.5359,0.1769,16,0.4000,0.6667,6,7,5,0,0,7,5,0.2857
4,256.0000,23,11,723.7512,-87.2012,1.0186,7,0.1750,0.8750,8,5,4,0,0,5,4,0.2000
4,256.0000,23,12,390.0262,-82.3522,0.9743,11,0.2750,1.0000,8,7,5,0,0,7,5,0.2857
4,256.0000,23,14,731.8522,-87.8626,-0.6594,6,0.1500,1.0000,8,8,8,0,0,8,8,0.0000
4,256.0000,23,16,550.2235,-83.6001,0.0825,16,0.4000,0.8571,7,8,8,0,0,8,8,0.0000
4,256.0000,23,17,418.0184,-81.8502,0.4429,19,0.4750,0.7500,8,7,6,0,0,7,6,0.1429
4,256.0000,23,20,546.3749,-85.0632,-0.5679,10,0.2500,0.7143,7,8,8,0,0,8,8,0.0000
4,256.0000,23,22,151.2926,-72.9360,-0.3556,31,0.7750,0.0000,4,4,0,0,0,4,0,1.0000
4,256.0000,23,24,630.8479,-86.3073,-0.5850,9,0.2250,1.0000,8,8,8,0,0,8,8,0.0000
4,256.0000,23,26,310.6111,-80.3447,0.1973,18,0.4500,0.7500,16,7,5,0,0,7,5,0.2857
4,256.0000,23,29,497.3517,-84.8884,0.7413,10,0.2500,0.7143,7,8,8,0,0,8,8,0.0000
4,256.0000,23,33,370.4168,-80.0082,-1.0564,26,0.6500,0.5072,69,5,1,49,35,54,36,0.3333
4,256.0000,23,34,511.1187,-85.7000,0.0388,9,0.2250,1.0000,8,8,6,0,0,8,6,0.2500
4,256.0000,23,35,345.4561,-78.9935,-0.6267,25,0.6250,0.4000,5,5,2,0,0,5,2,0.6000
4,256.0000,23,37,383.8385,-82.8533,0.0990,17,0.4250,0.5000,6,6,4,0,0,6,4,0.3333
4,256.0000,23,38,750.7034,-87.2267,0.0671,6,0.1500,0.8571,7,7,6,0,0,7,6,0.1429
4,256.0000,23,41,489.3663,-83.1451,0.6125,21,0.5250,0.6667,6,7,5,10,10,17,15,0.1176
4,256.0000,23,42,1091.0372,-88.9130,0.5438,3,0.0750,,0,4,4,0,0,4,4,0.0000
4,256.0000,23,43,570.7715,-84.3691,-0.0100,15,0.3750,0.7143,7,8,8,0,0,8,8,0.0000
4,256.0000,23,45,891.6381,-88.3998,0.7717,6,0.1500,1.0000,8,8,8,0,0,8,8,0.0000
4,256.0000,23,47,743.5998,-87.8362,-1.4858,7,0.1750,1.0000,8,8,7,0,0,8,7,0.1250
4,256.0000,24,2,398.9119,-81.2880,0.1757,15,0.3750,0.8571,7,8,8,0,0,8,8,0.0000
4,256.0000,24,3,511.7765,-85.4844,0.7507,14,0.3500,0.4000,5,8,8,0,0,8,8,0.0000
4,256.0000,24,4,772.1179,-86.8670,-0.8926,5,0.1250,0.8571,7,8,8,0,0,8,8,0.0000
4,256.0000,24,5,347.2346,-78.2569,-0.3166,25,0.6250,0.8750,8,8,6,0,0,8,6,0.2500
4,256.0000,24,6,422.7475,-81.7006,0.4077,24,0.6000,0.5000,6,6,4,0,0,6,4,0.3333
4,256.0000,24,7,663.6945,-85.4658,0.3500,13,0.3250,0.6667,6,8,7,0,0,8,7,0.1250
4,256.0000,24,8,536.5479,-85.3875,0.2039,10,0.2500,0.8571,7,6,4,0,0,6,4,0.3333
4,256.0000,24,10,479.5518,-84.0748,0.2387,14,0.3500,0.7143,7,8,8,0,0,8,8,0.0000
4,256.0000,24,11,602.3788,-85.1345,-0.5302,11,0.2750,0.8571,7,7,6,0,0,7,6,0.1429
4,256.0000,24,12,345.6912,-79.7872,-0.7117,21,0.5250,0.5000,8,8,7,2,2,10,9,0.1000
4,256.0000,24,13,869.2009,-87.4382,-0.4657,3,0.0750,1.0000,8,2,2,0,0,2,2,0.0000
4,256.0000,24,14,142.2782,-74.9674,1.7557,35,0.8750,0.2000,5,4,0,0,0,4,0,1.0000
4,256.0000,24,16,384.6567,-80.0859,-0.1881,25,0.6250,0.5000,6,7,5,0,0,7,5,0.2857
4,256.0000,24,17,681.4936,-86.4472,-0.3763,6,0.1500,1.0000,8,6,4,0,0,6,4,0.3333
4,256.0000,24,18,522.7642,-85.7744,0.5084,9,0.2250,0.8571,7,6,3,0,0,6,3,0.5000
4,256.0000,24,20,301.7948,-78.8535,-0.1777,26,0.6500,0.7143,7,6,3,0,0,6,3,0.5000
4,256.0000,24,22,625.8540,-85.7405,0.0928,13,0.3250,1.0000,8,8,7,0,0,8,7,0.1250
4,256.0000,24,23,630.8479,-86.4911,-0.3699,12,0.3000,1.0000,8,8,8,0,0,8,8,0.0000
4,256.0000,24,26,412.2001,-80.1513,-0.8405,20,0.5000,0.3333,6,8,7,0,0,8,7,0.1250
4,256.0000,24,27,733.2889,-88.9840,-0.0570,3,0.0750,1.0000,8,7,6,0,0,7,6,0.1429
4,256.0000,24,29,516.4960,-84.9238,0.3325,14,0.3500,1.0000,8,7,6,0,0,7,6,0.1429
4,256.0000,24,31,721.4656,-86.9235,0.1489,5,0.1250,1.0000,6,8,8,0,0,8,8,0.0000
4,256.0000,24,32,926.7978,-87.5449,0.5348,5,0.1250,1.0000,8,4,4,0,0,4,4,0.0000
4,256.0000,24,33,786.1971,-86.1771,-0.0516,10,0.2500,0.8750,8,8,8,0,0,8,8,0.0000
4,256.0000,24,34,247.3013,-77.2472,-0.3256,28,0.7000,0.0000,4,6,3,0,0,6,3,0.5000
4,256.0000,24,35,649.9802,-85.2401,0.5227,14,0.3500,0.5000,6,7,6,0,0,7,6,0.1429
4,256.0000,24,37,415.8510,-84.1545,-0.2637,16,0.4000,0.4000,5,6,4,0,0,6,4,0.3333
4,256.0000,24,38,314.4171,-78.5206,-0.7123,31,0.7750,0.6667,6,6,5,0,0,6,5,0.1667
4,256.0000,24,41,725.4295,-85.8819,-1.4119,13,0.3250,0.8000,5,7,6,0,0,7,6,0.1429
4,256.0000,24,42,751.9134,-86.4233,-0.3058,6,0.1500,0.6667,3,7,6,0,0,7,6,0.1429
4,256.0000,24,43,916.6826,-87.9019,0.7199,9,0.2250,1.0000,4,8,8,0,0,8,8,0.0000
4,256.0000,24,45,509.7735,-83.8363,-0.0234,14,0.3500,0.6667,6,8,7,0,0,8,7,0.1250
4,256.0000,24,47,155.6930,-71.0369,-0.9809,38,0.9500,0.2000,5,4,0,0,0,4,0,1.0000
4,256.0000,25,0,501.9726,-83.2706,-0.8642,26,0.6500,0.5000,6,7,5,0,0,7,5,0.2857
4,256.0000,25,1,94.0885,-67.8427,-0.2992,39,0.9750,0.2000,5,4,0,0,0,4,0,1.0000
4,256.0000,25,6,799.2050,-88.3616,0.1676,5,0.1250,1.0000,4,8,8,0,0,8,8,0.0000
4,256.0000,25,8,664.9140,-86.9158,1.4721,7,0.1750,0.8571,7,8,8,0,0,8,8,0.0000
4,256.0000,25,9,330.0613,-79.9236,-0.0028,25,0.6250,0.4000,5,6,3,0,0,6,3,0.5000
4,256.0000,25,13,411.0584,-82.3592,0.4445,16,0.4000,0.7143,7,5,2,0,0,5,2,0.6000
4,256.0000,25,15,528.5508,-83.4549,0.0684,25,0.6250,0.8571,7,8,8,0,0,8,8,0.0000
4,256.0000,25,18,610.7121,-85.2413,0.3161,10,0.2500,1.0000,8,8,8,0,0,8,8,0.0000
4,256.0000,25,19,433.1376,-80.5231,-0.4038,32,0.8000,0.8571,7,7,5,0,0,7,5,0.2857
4,256.0000,25,21,358.4817,-81.3145,0.2969,28,0.7000,0.7143,7,6,3,0,0,6,3,0.5000
4,256.0000,25,27,525.0813,-83.4325,0.1186,14,0.3500,1.0000,8,7,6,0,0,7,6,0.1429
4,256.0000,25,28,771.8015,-87.0340,-0.3128,14,0.3500,0.8571,7,8,7,0,0,8,7,0.1250
4,256.0000,25,30,840.4897,-87.6023,0.1661,13,0.3250,1.0000,4,6,6,0,0,6,6,0.0000
4,256.0000,25,31,523.0993,-84.6091,-0.0922,7,0.1750,0.8571,7,6,3,0,0,6,3,0.5000
4,256.0000,25,32,375.5860,-81.8682,0.2799,23,0.5750,0.2000,5,4,0,0,0,4,0,1.0000
4,256.0000,25,36,297.4957,-76.9894,-1.3446,35,0.8750,0.4000,5,8,7,0,0,8,7,0.1250
4,256.0000,25,39,805.4104,-87.1916,-0.7137,15,0.3750,0.8750,8,8,8,0,0,8,8,0.0000
4,256.0000,25,40,749.0890,-86.0360,-0.2260,11,0.2750,0.8571,7,7,6,0,0,7,6,0.1429
4,256.0000,25,42,689.9015,-87.4967,0.1773,7,0.1750,0.8571,7,8,8,0,0,8,8,0.0000
4,256.0000,25,44,506.2513,-84.0238,0.8485,22,0.5500,1.0000,8,8,7,0,0,8,7,0.1250
4,256.0000,25,45,739.7791,-86.0924,-0.2965,4,0.1000,1.0000,8,8,8,0,0,8,8,0.0000
4,256.0000,25,46,689.2021,-85.0702,-0.6829,24,0.6000,1.0000,8,8,7,0,0,8,7,0.1250
4,256.0000,25,47,950.3334,-88.4646,0.8634,4,0.1000,1.0000,2,6,6,0,0,6,6,0.0000
4,256.0000,26,2,337.9990,-76.1086,-2.1850,25,0.6098,0.3333,6,5,2,0,0,5,2,0.6000
4,256.0000,26,3,375.8944,-79.7361,-0.2108,23,0.5610,0.5000,6,7,5,0,0,7,5,0.2857
4,256.0000,26,5,233.3743,-76.4160,-0.4771,31,0.7561,0.3333,6,7,4,0,0,7,4,0.4286
4,256.0000,26,6,806.6114,-85.9165,-0.8734,8,0.1951,1.0000,8,2,2,0,0,2,2,0.0000
4,256.0000,26,7,365.6906,-81.1273,0.3459,27,0.6585,0.6667,6,6,4,0,0,6,4,0.3333
4,256.0000,26,8,820.2272,-87.2958,-0.8179,6,0.1463,1.0000,8,6,6,0,0,6,6,0.0000
4,256.0000,26,10,443.1411,-82.7859,0.4389,18,0.4390,0.6667,6,7,6,0,0,7,6,0.1429
4,256.0000,26,11,764.3724,-86.1698,-0.3942,11,0.2683,1.0000,8,8,8,0,0,8,8,0.0000
4,256.0000,26,12,343.2094,-79.1088,-1.1579,21,0.5122,0.4000,5,7,5,0,0,7,5,0.2857
4,256.0000,26,14,543.4079,-84.7632,-0.3436,12,0.2927,0.8571,7,7,6,0,0,7,6,0.1429
4,256.0000,26,16,275.0086,-76.1846,-1.5393,34,0.8293,0.2000,5,7,5,0,0,7,5,0.2857
4,256.0000,26,17,607.7494,-85.5972,0.2572,12,0.2927,0.6667,6,8,6,0,0,8,6,0.2500
4,256.0000,26,18,921.0919,-86.7521,1.0648,5,0.1220,1.0000,8,8,7,0,0,8,7,0.1250
4,256.0000,26,20,456.0191,-81.3362,-0.4429,18,0.4390,0.4000,5,6,4,0,0,6,4,0.3333
4,256.0000,26,22,244.6953,-79.1377,1.0325,32,0.7805,0.4286,7,5,2,0,0,5,2,0.6000
4,256.0000,26,23,310.6111,-79.8905,0.1412,24,0.5854,0.7143,7,6,4,0,0,6,4,0.3333
4,256.0000,26,24,412.2001,-79.7448,-0.3243,22,0.5366,0.5000,6,7,6,0,0,7,6,0.1429
4,256.0000,26,29,558.8850,-83.3201,-0.6302,13,0.3171,0.8750,8,7,6,0,0,7,6,0.1429
4,256.0000,26,33,558.5138,-84.5470,0.4505,19,0.4634,0.8571,7,8,8,0,0,8,8,0.0000
4,256.0000,26,34,352.3667,-80.6513,0.5178,19,0.4634,0.4000,5,7,6,0,0,7,6,0.1429
4,256.0000,26,35,304.2470,-80.1221,0.4334,25,0.6098,0.6364,11,6,3,0,0,6,3,0.5000
4,256.0000,26,37,335.6123,-81.2205,0.2166,24,0.5854,0.4000,5,7,5,0,0,7,5,0.2857
4,256.0000,26,38,472.8739,-81.2291,-0.4407,22,0.5366,0.5000,6,7,6,0,0,7,6,0.1429
4,256.0000,26,41,352.3291,-81.7098,0.8217,31,0.7561,0.8571,7,6,3,0,0,6,3,0.5000
4,256.0000,26,42,1045.1491,-86.2017,-0.3735,3,0.0732,1.0000,4,4,4,0,0,4,4,0.0000
4,256.0000,26,43,791.8650,-86.4870,-0.5063,13,0.3171,1.0000,8,7,6,0,0,7,6,0.1429
4,256.0000,26,45,754.9417,-87.1029,-0.9033,8,0.1951,1.0000,6,8,8,0,0,8,8,0.0000
4,256.0000,26,47,518.9760,-83.6939,-0.5883,14,0.3415,0.6667,6,7,6,0,0,7,6,0.1429
4,256.0000,27,0,831.4486,-86.2332,0.5879,10,0.2500,1.0000,6,2,2,0,0,2,2,0.0000
4,256.0000,27,1,603.7804,-85.8553,0.3319,14,0.3500,0.8571,7,8,8,0,0,8,8,0.0000
4,256.0000,27,6,664.6392,-87.8481,-0.4615,3,0.0750,1.0000,8,8,8,0,0,8,8,0.0000
4,256.0000,27,8,424.3973,-82.7221,-0.2675,10,0.2500,0.7143,7,8,8,0,0,8,8,0.0000
4,256.0000,27,9,591.4893,-86.2771,-0.2524,13,0.3250,1.0000,8,8,7,0,0,8,7,0.1250
4,256.0000,27,13,628.3486,-85.5793,-0.7013,11,0.2750,0.8571,7,8,8,0,0,8,8,0.0000
4,256.0000,27,15,701.3294,-84.0937,0.1818,15,0.3750,1.0000,8,8,8,0,0,8,8,0.0000
4,256.0000,27,18,491.8500,-82.9272,0.9564,10,0.2500,0.8571,7,7,6,0,0,7,6,0.1429
4,256.0000,27,21,408.5838,-81.7697,0.3319,28,0.7000,0.8571,7,7,5,0,0,7,5,0.2857
4,256.0000,27,24,733.2889,-87.5492,-1.7876,3,0.0750,1.0000,6,8,8,0,0,8,8,0.0000
4,256.0000,27,25,525.0813,-83.8973,-0.6021,21,0.5250,0.8000,5,7,5,0,0,7,5,0.2857
4,256.0000,27,31,609.3791,-84.4492,-0.5481,9,0.2250,0.8000,5,8,8,0,0,8,8,0.0000
4,256.0000,27,32,269.6105,-78.8853,0.2447,33,0.8250,0.0000,4,6,3,0,0,6,3,0.5000
4,256.0000,27,36,807.0871,-87.9666,0.7667,5,0.1250,1.0000,6,8,8,0,0,8,8,0.0000
4,256.0000,27,38,613.8286,-86.3062,2.4084,4,0.1000,1.0000,8,8,8,0,0,8,8,0.0000
4,256.0000,27,40,1081.6381,-88.2526,-0.0269,3,0.0750,,0,4,4,0,0,4,4,0.0000
4,256.0000,27,44,507.0859,-83.6150,0.7062,17,0.4250,1.0000,8,7,6,0,0,7,6,0.1429
4,256.0000,27,45,420.9197,-81.2165,-0.8165,11,0.2750,0.7143,7,7,6,0,0,7,6,0.1429
4,256.0000,28,0,359.3959,-82.4866,-0.0671,30,0.7317,0.7143,7,6,2,0,0,6,2,0.6667
4,256.0000,28,1,706.9377,-86.3709,-0.6110,8,0.1951,0.8750,8,7,6,0,0,7,6,0.1429
4,256.0000,28,9,523.4818,-83.9177,-0.2428,22,0.5366,0.8571,7,6,3,0,0,6,3,0.5000
4,256.0000,28,15,406.5019,-82.7776,-0.7734,23,0.5610,0.6667,6,5,2,0,0,5,2,0.6000
4,256.0000,28,19,655.7002,-85.7398,-0.6342,12,0.2927,1.0000,8,7,5,0,0,7,5,0.2857
4,256.0000,28,21,804.7842,-86.2742,0.2382,5,0.1220,1.0000,8,8,8,0,0,8,8,0.0000
4,256.0000,28,25,771.8015,-86.3102,-0.4081,7,0.1707,1.0000,8,8,7,0,0,8,7,0.1250
4,256.0000,28,30,360.6600,-81.4050,-0.3991,37,0.9024,0.2000,5,4,0,0,0,4,0,1.0000
4,256.0000,28,36,821.2727,-86.2701,0.1094,10,0.2439,1.0000,8,8,8,0,0,8,8,0.0000
4,256.0000,28,39,116.1919,-69.9006,-0.2641,39,0.9512,0.2000,5,4,0,0,0,4,0,1.0000
4,256.0000,28,40,196.0642,-76.4998,0.0730,37,0.9024,0.0000,4,4,0,0,0,4,0,1.0000
4,256.0000,28,44,619.0228,-84.5615,-0.7933,21,0.5122,1.0000,8,8,8,0,0,8,8,0.0000
4,256.0000,28,46,321.4805,-81.3720,0.0168,35,0.8537,0.2000,5,4,0,0,0,4,0,1.0000
4,256.0000,29,2,296.4438,-80.5403,0.8404,26,0.6500,0.6250,8,5,2,0,0,5,2,0.6000
4,256.0000,29,3,238.9586,-79.3851,0.9370,30,0.7500,0.4000,5,6,3,0,0,6,3,0.5000
4,256.0000,29,4,709.7327,-85.7635,-0.5330,12,0.3000,0.8571,7,8,8,0,0,8,8,0.0000
4,256.0000,29,5,442.0010,-82.2270,-0.3232,22,0.5500,0.8571,7,8,8,0,0,8,8,0.0000
4,256.0000,29,6,612.5484,-82.9155,-0.8266,13,0.3250,0.5000,6,6,4,0,0,6,4,0.3333
4,256.0000,29,7,581.7105,-85.5040,0.0862,16,0.4000,0.8750,8,5,2,0,0,5,2,0.6000
4,256.0000,29,8,800.4469,-86.6453,-0.9575,4,0.1000,1.0000,6,8,8,0,0,8,8,0.0000
4,256.0000,29,10,154.7318,-73.6683,0.4491,35,0.8750,0.6000,10,6,2,0,0,6,2,0.6667
4,256.0000,29,11,245.7473,-75.1237,-1.8017,35,0.8750,0.1724,87,6,4,66,31,72,35,0.5139
4,256.0000,29,12,392.5423,-81.8231,-0.0449,20,0.5000,0.5000,4,5,2,0,0,5,2,0.6000
4,256.0000,29,14,514.0394,-81.9706,-0.8874,19,0.4750,1.0000,8,7,6,0,0,7,6,0.1429
4,256.0000,29,16,741.8348,-86.3514,-0.9393,12,0.3000,0.8750,8,8,7,0,0,8,7,0.1250
4,256.0000,29,17,299.2663,-80.0383,-0.1827,30,0.7500,0.7143,7,6,3,0,0,6,3,0.5000
4,256.0000,29,20,456.1929,-81.6373,-0.4187,20,0.5000,1.0000,8,7,6,0,0,7,6,0.1429
4,256.0000,29,22,612.2047,-85.3981,0.4763,16,0.4000,1.0000,8,6,3,0,0,6,3,0.5000
4,256.0000,29,23,497.3517,-84.4861,-0.5391,18,0.4500,0.7143,7,8,8,0,0,8,8,0.0000
4,256.0000,29,24,516.4960,-83.8565,0.3739,14,0.3500,0.7500,8,7,6,0,0,7,6,0.1429
4,256.0000,29,26,558.8850,-85.2271,-0.0048,12,0.3000,1.0000,8,7,5,0,0,7,5,0.2857
4,256.0000,29,31,886.7356,-87.5110,-0.5026,5,0.1250,1.0000,4,8,8,0,0,8,8,0.0000
4,256.0000,29,33,458.4853,-83.0735,0.7096,21,0.5250,0.5000,6,7,5,0,0,7,5,0.2857
4,256.0000,29,34,367.2054,-80.4256,0.0635,24,0.6000,0.6667,6,5,2,0,0,5,2,0.6000
4,256.0000,29,35,638.9559,-84.9027,0.2081,16,0.4000,1.0000,8,7,6,0,0,7,6,0.1429
4,256.0000,29,37,299.0443,-79.9700,0.0300,26,0.6500,0.0000,4,6,4,0,0,6,4,0.3333
4,256.0000,29,38,801.1638,-87.5035,0.0500,5,0.1250,0.8571,7,6,4,0,0,6,4,0.3333
4,256.0000,29,41,866.6169,-87.1632,-0.3953,11,0.2750,0.0000,1,6,6,0,0,6,6,0.0000
4,256.0000,29,42,792.3798,-84.5359,0.0802,5,0.1250,1.0000,4,7,6,0,0,7,6,0.1429
4,256.0000,29,43,433.4677,-81.9421,-0.5505,27,0.6750,0.4286,7,6,4,51,37,57,41,0.2807
4,256.0000,29,45,805.5646,-87.3588,-1.0831,3,0.0750,1.0000,8,7,6,0,0,7,6,0.1429
4,256.0000,29,47,637.2979,-84.1300,0.3910,12,0.3000,1.0000,8,8,8,0,0,8,8,0.0000
4,256.0000,30,0,437.9498,-83.2613,0.7927,20,0.5000,0.4000,5,7,6,0,0,7,6,0.1429
4,256.0000,30,1,811.5588,-87.4405,-0.5661,6,0.1500,1.0000,8,8,7,0,0,8,7,0.1250
4,256.0000,30,9,517.7976,-84.5954,0.1626,17,0.4250,0.8571,7,6,4,0,0,6,4,0.3333
4,256.0000,30,15,394.2044,-82.1510,0.1595,24,0.6000,0.6667,6,6,3,0,0,6,3,0.5000
4,256.0000,30,19,897.3785,-86.9317,-1.1442,3,0.0750,1.0000,8,7,6,0,0,7,6,0.1429
4,256.0000,30,21,720.5309,-85.8878,0.9971,11,0.2750,1.0000,8,8,8,0,0,8,8,0.0000
4,256.0000,30,27,970.1467,-89.0530,-0.0887,3,0.0750,1.0000,8,8,8,0,0,8,8,0.0000
4,256.0000,30,28,360.6600,-80.7428,0.0776,32,0.8000,0.2000,5,4,0,0,0,4,0,1.0000
4,256.0000,30,32,789.2884,-86.2991,0.6247,6,0.1500,0.8571,7,8,8,0,0,8,8,0.0000
4,256.0000,30,36,980.1489,-88.5056,0.3808,3,0.0750,0.8571,7,6,6,0,0,6,6,0.0000
4,256.0000,30,39,334.7698,-80.3236,-0.3690,30,0.7500,0.5000,6,6,3,0,0,6,3,0.5000
4,256.0000,30,40,398.3361,-82.2018,0.2273,25,0.6250,0.7143,7,7,5,0,0,7,5,0.2857
4,256.0000,30,44,463.5440,-82.4971,-0.3685,23,0.5750,0.8750,8,7,4,0,0,7,4,0.4286
4,256.0000,30,46,648.3294,-85.0436,0.7000,17,0.4250,0.7143,7,8,7,0,0,8,7,0.1250
4,256.0000,31,0,1022.9631,-87.4684,-0.9898,3,0.0750,,0,4,4,0,0,4,4,0.0000
4,256.0000,31,1,583.8204,-85.7296,-0.5970,9,0.2250,0.8571,7,8,8,0,0,8,8,0.0000
4,256.0000,31,4,477.9562,-81.8517,-0.0176,15,0.3750,0.6667,6,5,2,0,0,5,2,0.6000
4,256.0000,31,6,334.7479,-80.2412,-1.2642,10,0.2500,0.7143,7,5,1,0,0,5,1,0.8000
4,256.0000,31,8,424.7815,-83.4433,1.1753,9,0.2250,0.4000,5,8,8,0,0,8,8,0.0000
4,256.0000,31,9,834.2091,-87.7246,0.5040,6,0.1500,1.0000,8,8,8,0,0,8,8,0.0000
4,256.0000,31,11,733.3805,-86.5574,0.1014,7,0.1750,1.0000,8,8,8,0,0,8,8,0.0000
4,256.0000,31,13,165.6592,-73.6799,-0.1795,34,0.8500,0.1279,86,5,1,83,12,88,13,0.8523
4,256.0000,31,14,607.4694,-84.8287,0.0749,4,0.1000,1.0000,8,8,8,0,0,8,8,0.0000
4,256.0000,31,18,254.8813,-77.1973,-0.2774,27,0.6750,0.3333,6,6,3,0,0,6,3,0.5000
4,256.0000,31,19,816.5452,-86.7490,-1.1587,7,0.1750,1.0000,8,7,6,0,0,7,6,0.1429
4,256.0000,31,21,722.6285,-86.8654,0.1128,8,0.2000,1.0000,6,10,10,0,0,10,10,0.0000
4,256.0000,31,24,721.4656,-87.0446,-2.3064,3,0.0750,1.0000,8,8,8,0,0,8,8,0.0000
4,256.0000,31,25,523.0993,-83.1926,-0.0656,14,0.3500,1.0000,8,8,7,0,0,8,7,0.1250
4,256.0000,31,27,609.3791,-85.0655,0.3968,7,0.1750,0.8571,7,8,8,0,0,8,8,0.0000
4,256.0000,31,32,637.1671,-86.4850,-0.4997,8,0.2000,1.0000,6,7,6,0,0,7,6,0.1429
4,256.0000,31,36,615.0271,-84.9055,-0.1909,11,0.2750,0.7500,8,8,8,0,0,8,8,0.0000
4,256.0000,31,38,859.1884,-88.3912,-0.2835,3,0.0750,1.0000,8,4,4,0,0,4,4,0.0000
4,256.0000,31,42,295.8679,-79.0299,0.4849,23,0.5750,0.5714,7,6,3,0,0,6,3,0.5000
4,256.0000,31,44,932.0863,-87.1347,1.7184,3,0.0750,,0,6,6,0,0,6,6,0.0000
4,256.0000,31,45,532.5016,-84.6126,0.5921,10,0.2500,0.8571,7,8,7,0,0,8,7,0.1250
4,256.0000,32,0,645.5601,-85.2410,-0.0053,11,0.2750,1.0000,8,8,7,0,0,8,7,0.1250
4,256.0000,32,1,423.7468,-82.8978,1.3879,21,0.5250,0.7143,7,7,3,0,0,7,3,0.5714
4,256.0000,32,6,770.2575,-87.2209,1.4316,3,0.0750,1.0000,8,8,8,0,0,8,8,0.0000
4,256.0000,32,8,623.3588,-86.0481,1.4587,4,0.1000,1.0000,8,8,7,0,0,8,7,0.1250
4,256.0000,32,9,407.2025,-82.6248,0.2364,22,0.5500,1.0000,8,8,8,0,0,8,8,0.0000
4,256.0000,32,13,617.9469,-85.7520,1.4815,4,0.1000,1.0000,8,7,6,0,0,7,6,0.1429
4,256.0000,32,15,461.2781,-80.5889,-1.6206,24,0.6000,0.7500,8,7,6,0,0,7,6,0.1429
4,256.0000,32,18,562.1711,-85.8351,0.2537,7,0.1750,1.0000,8,8,8,0,0,8,8,0.0000
4,256.0000,32,19,751.3596,-86.1632,-0.6194,9,0.2250,1.0000,8,8,8,0,0,8,8,0.0000
4,256.0000,32,21,373.5697,-82.0284,0.4536,18,0.4500,0.2000,5,7,6,0,0,7,6,0.1429
4,256.0000,32,24,926.7978,-89.2601,0.6225,3,0.0750,1.0000,6,8,8,0,0,8,8,0.0000
4,256.0000,32,25,375.5860,-81.8404,-0.2964,18,0.4500,0.7143,7,4,0,0,0,4,0,1.0000
4,256.0000,32,27,269.6105,-77.8677,-0.1506,30,0.7500,0.6667,6,5,1,0,0,5,1,0.8000
4,256.0000,32,28,845.9883,-86.8336,-0.8837,7,0.1750,1.0000,4,8,8,0,0,8,8,0.0000
4,256.0000,32,30,789.2884,-85.1874,0.8586,10,0.2500,1.0000,8,8,8,0,0,8,8,0.0000
4,256.0000,32,31,637.1671,-86.2122,-0.0434,4,0.1000,1.0000,8,8,8,0,0,8,8,0.0000
4,256.0000,32,36,671.9068,-85.1362,-0.5245,10,0.2500,0.8571,7,8,8,0,0,8,8,0.0000
4,256.0000,32,39,831.4710,-86.9935,-0.5480,5,0.1250,1.0000,8,6,5,0,0,6,5,0.1667
4,256.0000,32,40,877.1619,-88.2952,0.4338,5,0.1250,1.0000,8,4,4,0,0,4,4,0.0000
4,256.0000,32,42,830.3067,-86.8845,0.0289,4,0.1000,1.0000,6,4,4,0,0,4,4,0.0000
4,256.0000,32,44,355.2555,-80.9840,0.5605,28,0.7000,0.4000,5,7,5,0,0,7,5,0.2857
4,256.0000,32,45,653.8977,-86.8743,-0.2565,4,0.1000,0.8750,8,8,8,0,0,8,8,0.0000
4,256.0000,32,46,896.3617,-87.8639,0.4990,7,0.1750,0.8750,8,6,6,0,0,6,6,0.0000
4,256.0000,33,2,510.1252,-83.0811,0.8818,12,0.3000,0.5714,7,7,5,0,0,7,5,0.2857
4,256.0000,33,3,330.2631,-80.1078,-1.1926,24,0.6000,0.5000,6,7,5,0,0,7,5,0.2857
4,256.0000,33,5,494.5032,-84.2129,1.2072,18,0.4500,0.8750,8,8,8,0,0,8,8,0.0000
4,256.0000,33,6,1034.2765,-88.5343,-0.3572,4,0.1000,1.0000,8,4,4,0,0,4,4,0.0000
4,256.0000,33,7,323.2064,-80.7801,-0.1439,30,0.7500,0.6667,6,6,3,0,0,6,3,0.5000
4,256.0000,33,10,425.9093,-81.4858,-0.1631,22,0.5500,0.6667,6,7,5,0,0,7,5,0.2857
4,256.0000,33,11,687.6659,-86.5185,-0.3912,14,0.3500,0.8571,7,7,6,0,0,7,6,0.1429
4,256.0000,33,12,629.1548,-86.0164,0.4514,9,0.2250,1.0000,8,6,4,0,0,6,4,0.3333
4,256.0000,33,14,847.9090,-87.1330,0.1074,9,0.2250,0.9000,10,8,8,0,0,8,8,0.0000
4,256.0000,33,16,830.8327,-87.0842,0.1943,7,0.1750,1.0000,8,8,8,0,0,8,8,0.0000
4,256.0000,33,17,482.4277,-84.1222,0.3349,21,0.5250,0.8571,7,8,8,0,0,8,8,0.0000
4,256.0000,33,20,767.7741,-87.7077,0.4072,8,0.2000,1.0000,8,7,6,0,0,7,6,0.1429
4,256.0000,33,22,489.2773,-83.4136,-0.0630,20,0.5000,0.8750,8,5,1,0,0,5,1,0.8000
4,256.0000,33,23,370.4168,-79.8134,-0.9403,26,0.6500,0.7143,7,5,1,0,0,5,1,0.8000
4,256.0000,33,24,786.1971,-86.7899,-0.5880,10,0.2500,0.8571,7,7,6,0,0,7,6,0.1429
4,256.0000,33,26,558.5138,-84.6818,-0.2486,17,0.4250,0.8750,8,8,8,0,0,8,8,0.0000
4,256.0000,33,29,458.4853,-83.5394,-0.1260,19,0.4750,1.0000,8,8,7,0,0,8,7,0.1250
4,256.0000,33,34,569.3898,-85.4252,1.3044,11,0.2750,0.7143,7,8,8,0,0,8,8,0.0000
4,256.0000,33,35,410.7464,-80.1195,-1.5669,30,0.7500,0.7143,7,7,6,0,0,7,6,0.1429
4,256.0000,33,37,381.5273,-80.5585,-0.8831,26,0.6500,0.6250,8,6,4,0,0,6,4,0.3333
4,256.0000,33,41,687.0308,-85.5285,-0.8617,18,0.4500,0.8750,8,6,3,0,0,6,3,0.5000
4,256.0000,33,43,325.1448,-80.1721,0.6864,30,0.7500,0.8750,8,6,4,0,0,6,4,0.3333
4,256.0000,33,47,931.4406,-87.8580,-0.3285,7,0.1750,0.8750,8,8,8,0,0,8,8,0.0000
4,256.0000,34,2,336.3797,-81.3632,-0.3820,19,0.4872,0.6667,6,6,4,0,0,6,4,0.3333
4,256.0000,34,3,354.2101,-81.6386,-0.4109,15,0.3846,0.2000,5,6,3,0,0,6,3,0.5000
4,256.0000,34,4,865.4667,-88.0919,0.0353,4,0.1026,1.0000,8,8,8,0,0,8,8,0.0000
4,256.0000,34,5,165.7208,-73.1575,-0.4211,36,0.9231,0.0000,4,4,0,0,0,4,0,1.0000
4,256.0000,34,6,554.6395,-81.7688,-1.2780,20,0.5128,0.8571,7,6,4,0,0,6,4,0.3333
4,256.0000,34,7,465.6103,-84.0757,-0.1386,20,0.5128,1.0000,8,5,2,0,0,5,2,0.6000
4,256.0000,34,8,742.8332,-86.0946,0.2707,7,0.1795,1.0000,8,8,8,0,0,8,8,0.0000
4,256.0000,34,10,352.4480,-82.8939,0.3135,18,0.4615,0.6667,6,7,3,1,0,8,3,0.6250
4,256.0000,34,11,523.4646,-83.5039,0.0259,14,0.3590,0.6667,6,8,8,0,0,8,8,0.0000
4,256.0000,34,12,366.7133,-80.9363,0.0722,18,0.4615,0.6667,6,6,3,0,0,6,3,0.5000
4,256.0000,34,13,1037.9538,-88.8662,0.1077,5,0.1282,1.0000,4,2,2,0,0,2,2,0.0000
4,256.0000,34,14,303.0824,-77.0932,-1.5027,32,0.8205,0.3333,6,6,5,0,0,6,5,0.1667
4,256.0000,34,16,481.8049,-82.3863,0.0180,17,0.4359,0.7143,7,6,3,0,0,6,3,0.5000
4,256.0000,34,17,581.4624,-85.7501,0.4566,8,0.2051,0.8750,8,7,5,0,0,7,5,0.2857
4,256.0000,34,18,709.5401,-87.7588,-1.1314,7,0.1795,1.0000,8,8,8,0,0,8,8,0.0000
4,256.0000,34,20,411.2432,-81.6882,0.3688,17,0.4359,0.7143,7,8,8,0,0,8,8,0.0000
4,256.0000,34,22,541.4648,-85.5761,-0.1090,16,0.4103,0.3333,6,7,6,0,0,7,6,0.1429
4,256.0000,34,23,511.1187,-85.5446,0.3504,13,0.3333,0.6667,6,7,5,0,0,7,5,0.2857
4,256.0000,34,24,247.3013,-76.5828,-0.1765,32,0.8205,0.2000,5,6,3,0,0,6,3,0.5000
4,256.0000,34,26,352.3667,-80.3996,0.6746,21,0.5385,0.5000,6,6,4,0,0,6,4,0.3333
4,256.0000,34,27,979.0099,-89.0631,0.9375,3,0.0769,1.0000,6,2,2,0,0,2,2,0.0000
4,256.0000,34,29,367.2054,-80.7790,-0.3510,20,0.5128,0.4000,5,5,1,0,0,5,1,0.8000
4,256.0000,34,31,880.8874,-85.6713,-0.5186,5,0.1282,1.0000,6,8,8,0,0,8,8,0.0000
4,256.0000,34,33,569.3898,-85.6978,0.4832,15,0.3846,1.0000,8,7,4,0,0,7,4,0.4286
4,256.0000,34,35,485.1117,-83.7634,0.5684,20,0.5128,0.5000,6,5,1,0,0,5,1,0.8000
4,256.0000,34,37,187.8966,-77.6799,1.0711,28,0.7179,0.3333,6,5,1,0,0,5,1,0.8000
4,256.0000,34,38,513.4062,-83.5919,0.2396,20,0.5128,0.8571,7,7,5,0,0,7,5,0.2857
4,256.0000,34,41,651.3497,-85.0529,0.1355,14,0.3590,0.0000,1,8,6,0,0,8,6,0.2500
4,256.0000,34,42,882.2772,-87.3645,-0.6824,8,0.2051,1.0000,4,8,8,0,0,8,8,0.0000
4,256.0000,34,43,721.6229,-84.8510,0.0816,11,0.2821,0.6667,6,7,6,0,0,7,6,0.1429
4,256.0000,34,45,722.5700,-86.8298,0.8152,8,0.2051,0.8571,7,8,8,0,0,8,8,0.0000
4,256.0000,34,47,402.6385,-80.2154,-1.0805,26,0.6667,0.4000,5,7,5,0,0,7,5,0.2857
4,256.0000,35,2,526.2006,-83.2791,0.4988,5,0.1250,0.6667,6,8,8,0,0,8,8,0.0000
4,256.0000,35,3,444.0419,-81.0314,-0.6674,13,0.3250,0.7500,8,6,4,0,0,6,4,0.3333
4,256.0000,35,5,323.5643,-80.3897,0.4512,11,0.2750,0.8750,8,5,1,0,0,5,1,0.8000
4,256.0000,35,7,112.0373,-66.0748,-0.0317,32,0.8000,0.0000,4,6,3,0,0,6,3,0.5000
4,256.0000,35,10,554.2442,-83.5767,0.0114,8,0.2000,1.0000,8,8,8,0,0,8,8,0.0000
4,256.0000,35,11,878.5310,-87.9175,-0.8817,3,0.0750,0.8571,7,8,8,0,0,8,8,0.0000
4,256.0000,35,12,589.3124,-84.4728,0.0748,4,0.1000,0.8750,8,7,6,0,0,7,6,0.1429
4,256.0000,35,16,549.4598,-84.1278,-1.7922,6,0.1500,0.6667,6,9,8,0,0,9,8,0.1111
4,256.0000,35,17,699.3810,-87.2739,0.1390,5,0.1250,1.0000,8,10,10,0,0,10,10,0.0000
4,256.0000,35,20,721.9911,-87.6255,0.6969,4,0.1000,0.7143,7,8,8,0,0,8,8,0.0000
4,256.0000,35,22,317.2952,-78.6538,-0.3985,22,0.5500,0.5714,7,6,3,0,0,6,3,0.5000
4,256.0000,35,23,345.4561,-79.3264,0.1018,25,0.6250,0.0000,4,7,4,0,0,7,4,0.4286
4,256.0000,35,24,649.9802,-87.3709,0.1280,4,0.1000,0.8571,7,8,7,0,0,8,7,0.1250
4,256.0000,35,26,304.2470,-79.3977,1.1317,12,0.3000,0.8571,7,6,2,0,0,6,2,0.6667
4,256.0000,35,29,638.9559,-86.0122,0.0438,4,0.1000,0.8571,7,8,8,0,0,8,8,0.0000
4,256.0000,35,33,410.7464,-79.1297,-0.9971,21,0.5250,0.1250,8,5,2,44,33,49,35,0.2857
4,256.0000,35,34,485.1117,-83.5392,0.1293,7,0.1750,0.8571,7,7,6,12,11,19,17,0.1053
4,256.0000,35,37,373.8220,-79.8877,-0.8046,16,0.4000,0.8571,7,8,8,0,0,8,8,0.0000
4,256.0000,35,38,742.8692,-87.3428,1.9253,3,0.0750,0.8750,8,8,8,0,0,8,8,0.0000
4,256.0000,35,41,295.1180,-80.0259,0.8486,21,0.5250,0.2000,5,4,0,0,0,4,0,1.0000
4,256.0000,35,43,721.7967,-85.4498,0.4580,7,0.1750,0.8571,7,8,8,0,0,8,8,0.0000
4,256.0000,35,47,782.9514,-86.0715,0.6109,4,0.1000,0.8571,7,8,8,0,0,8,8,0.0000
4,256.0000,36,0,563.1931,-82.7424,-1.2590,25,0.6098,0.6667,6,8,6,0,0,8,6,0.2500
4,256.0000,36,1,261.9088,-75.0070,-1.4352,35,0.8537,0.4000,5,7,6,0,0,7,6,0.1429
4,256.0000,36,8,846.2910,-87.8873,0.4405,4,0.0976,1.0000,8,8,7,0,0,8,7,0.1250
4,256.0000,36,9,513.0393,-83.2264,-1.1552,20,0.4878,0.8571,7,8,8,0,0,8,8,0.0000
4,256.0000,36,13,457.9462,-82.6226,0.3854,13,0.3171,1.0000,8,7,5,0,0,7,5,0.2857
4,256.0000,36,15,717.4204,-85.9151,-1.1461,8,0.1951,0.7500,8,8,8,0,0,8,8,0.0000
4,256.0000,36,18,790.6346,-85.4720,-1.0861,4,0.0976,1.0000,8,8,8,0,0,8,8,0.0000
4,256.0000,36,19,267.3805,-76.6570,-0.3396,37,0.9024,0.0000,4,7,4,0,0,7,4,0.4286
4,256.0000,36,21,580.5532,-84.1020,-1.0825,17,0.4146,0.5714,7,8,8,0,0,8,8,0.0000
4,256.0000,36,25,297.4957,-77.0315,-1.6892,31,0.7561,0.2000,5,7,5,0,0,7,5,0.2857
4,256.0000,36,27,807.0871,-86.4904,-1.3218,3,0.0732,0.8571,7,7,6,0,0,7,6,0.1429
4,256.0000,36,28,821.2727,-87.9019,0.0543,11,0.2683,0.8571,7,7,6,0,0,7,6,0.1429
4,256.0000,36,30,980.1489,-86.8755,-1.0708,4,0.0976,1.0000,8,6,6,0,0,6,6,0.0000
4,256.0000,36,31,615.0271,-84.7604,0.3471,8,0.1951,0.8750,8,8,8,0,0,8,8,0.0000
4,256.0000,36,32,671.9068,-84.8052,-0.9706,9,0.2195,0.8571,7,7,6,0,0,7,6,0.1429
4,256.0000,36,39,885.7501,-87.0129,-1.5182,6,0.1463,1.0000,8,8,8,0,0,8,8,0.0000
4,256.0000,36,40,762.4551,-85.5870,-0.1546,11,0.2683,1.0000,10,7,5,0,0,7,5,0.2857
4,256.0000,36,42,732.1196,-87.1559,0.2175,6,0.1463,1.0000,8,7,6,0,0,7,6,0.1429
4,256.0000,36,44,748.8348,-86.0843,-0.8468,12,0.2927,0.8571,7,7,6,0,0,7,6,0.1429
4,256.0000,36,46,623.6234,-83.7491,-0.9757,22,0.5366,0.7143,7,8,8,0,0,8,8,0.0000
4,256.0000,37,2,299.7630,-79.9538,-0.2911,17,0.4250,0.5000,6,6,3,0,0,6,3,0.5000
4,256.0000,37,3,220.1370,-75.7268,-0.5247,34,0.8500,0.0000,5,5,1,0,0,5,1,0.8000
4,256.0000,37,4,923.4163,-88.6581,-0.1153,4,0.1000,1.0000,8,7,6,0,0,7,6,0.1429
4,256.0000,37,5,163.2250,-75.8635,0.6130,26,0.6500,0.4000,5,4,0,0,0,4,0,1.0000
4,256.0000,37,6,699.4218,-85.4978,-0.3491,5,0.1250,1.0000,8,8,8,0,0,8,8,0.0000
4,256.0000,37,7,326.6424,-80.1198,0.3554,32,0.8000,0.7143,7,7,5,0,0,7,5,0.2857
4,256.0000,37,10,268.3214,-79.0665,-0.2982,23,0.5750,0.6667,6,6,3,3,1,9,4,0.5556
4,256.0000,37,11,520.1411,-82.7445,-0.5755,17,0.4250,0.6667,6,7,5,0,0,7,5,0.2857
4,256.0000,37,12,385.5211,-82.5825,0.9836,14,0.3500,0.6667,6,5,2,0,0,5,2,0.6000
4,256.0000,37,14,476.9993,-83.3438,0.2554,11,0.2750,0.5000,4,8,6,0,0,8,6,0.2500
4,256.0000,37,16,556.0142,-83.9329,0.2290,11,0.2750,0.7143,7,8,6,0,0,8,6,0.2500
4,256.0000,37,17,482.2442,-82.9655,0.5345,19,0.4750,0.5714,7,8,7,0,0,8,7,0.1250
4,256.0000,37,20,485.8428,-83.9988,0.0381,9,0.2250,0.8571,7,7,6,0,0,7,6,0.1429
4,256.0000,37,22,449.0470,-83.5448,-0.3883,22,0.5500,0.8571,7,7,4,0,0,7,4,0.4286
4,256.0000,37,23,383.8385,-82.1614,0.1242,25,0.6250,0.7143,7,7,5,0,0,7,5,0.2857
4,256.0000,37,24,415.8510,-82.1841,1.5054,11,0.2750,0.7143,7,7,6,0,0,7,6,0.1429
4,256.0000,37,26,335.6123,-81.1132,0.1413,18,0.4500,0.2000,5,6,3,0,0,6,3,0.5000
4,256.0000,37,29,299.0443,-79.0394,0.2631,26,0.6500,0.4000,5,6,3,0,0,6,3,0.5000
4,256.0000,37,33,381.5273,-79.7808,-0.8379,31,0.7750,0.0000,4,4,0,0,0,4,0,1.0000
4,256.0000,37,34,187.8966,-77.7637,1.7847,20,0.5000,0.6667,6,5,2,0,0,5,2,0.6000
4,256.0000,37,35,373.8220,-79.7080,-0.9655,34,0.8500,0.0000,4,6,4,0,0,6,4,0.3333
4,256.0000,37,38,653.9682,-86.0991,0.2798,6,0.1500,0.7143,7,8,7,0,0,8,7,0.1250
4,256.0000,37,41,603.9955,-85.5801,-0.4692,16,0.4000,1.0000,8,7,6,0,0,7,6,0.1429
4,256.0000,37,42,975.3134,-89.5428,0.0108,3,0.0750,1.0000,4,2,2,0,0,2,2,0.0000
4,256.0000,37,43,560.1441,-81.8594,-1.2177,25,0.6250,0.6667,6,8,8,0,0,8,8,0.0000
4,256.0000,37,47,568.1264,-84.0997,1.1020,7,0.1750,0.8571,7,6,4,0,0,6,4,0.3333
4,256.0000,38,2,598.5595,-83.8713,-0.1576,11,0.2750,1.0000,8,8,7,0,0,8,7,0.1250
4,256.0000,38,3,731.8204,-85.7171,1.5074,4,0.1000,1.0000,8,8,7,0,0,8,7,0.1250
4,256.0000,38,5,530.1075,-82.3480,-1.1782,12,0.3000,0.8571,7,8,8,0,0,8,8,0.0000
4,256.0000,38,6,638.1745,-84.6682,0.0178,9,0.2250,1.0000,8,8,8,0,0,8,8,0.0000
4,256.0000,38,7,799.5400,-85.6143,1.0476,9,0.2250,1.0000,8,8,8,0,0,8,8,0.0000
4,256.0000,38,8,571.5946,-85.2229,-0.0259,12,0.3000,1.0000,8,8,8,0,0,8,8,0.0000
4,256.0000,38,10,725.4605,-87.3064,-0.2123,6,0.1500,1.0000,8,8,7,0,0,8,7,0.1250
4,256.0000,38,12,508.2851,-82.7085,-1.0531,10,0.2500,1.0000,8,8,7,0,0,8,7,0.1250
4,256.0000,38,14,414.6058,-82.0600,0.4606,12,0.3000,0.8750,8,8,7,0,0,8,7,0.1250
4,256.0000,38,16,249.1616,-77.0094,0.2282,27,0.6750,0.4000,5,7,4,0,0,7,4,0.4286
4,256.0000,38,18,640.4784,-86.3264,0.4515,9,0.2250,1.0000,8,8,8,0,0,8,8,0.0000
4,256.0000,38,20,462.3260,-81.7262,-0.0911,14,0.3500,0.7143,7,8,7,0,0,8,7,0.1250
4,256.0000,38,22,681.9625,-86.0531,0.0668,10,0.2500,1.0000,8,5,4,0,0,5,4,0.2000
4,256.0000,38,23,750.7034,-87.4514,0.7025,9,0.2250,0.7143,7,8,8,0,0,8,8,0.0000
4,256.0000,38,24,314.4171,-78.1551,-1.0778,26,0.6500,0.4000,5,8,7,0,0,8,7,0.1250
4,256.0000,38,26,472.8739,-81.4129,-0.8613,13,0.3250,0.8571,7,7,6,0,0,7,6,0.1429
4,256.0000,38,27,613.8286,-86.1093,1.1617,8,0.2000,1.0000,8,7,6,0,0,7,6,0.1429
4,256.0000,38,29,801.1638,-85.8272,0.2385,4,0.1000,1.0000,8,8,8,0,0,8,8,0.0000
4,256.0000,38,34,513.4062,-83.4020,-1.2815,16,0.4000,1.0000,8,7,5,0,0,7,5,0.2857
4,256.0000,38,35,742.8692,-86.8521,0.3269,8,0.2000,1.0000,8,8,8,0,0,8,8,0.0000
4,256.0000,38,37,653.9682,-86.9026,-0.4348,7,0.1750,1.0000,8,7,6,0,0,7,6,0.1429
4,256.0000,38,41,686.6870,-85.4755,-0.3692,12,0.3000,1.0000,8,7,6,0,0,7,6,0.1429
4,256.0000,38,42,905.8465,-86.9851,-1.4588,4,0.1000,1.0000,4,4,4,0,0,4,4,0.0000
4,256.0000,38,45,499.4725,-83.8985,0.9955,14,0.3500,1.0000,8,5,2,0,0,5,2,0.6000
4,256.0000,38,47,253.8035,-77.0376,-0.4364,25,0.6250,0.4000,5,6,2,0,0,6,2,0.6667
4,256.0000,39,0,431.3944,-83.4647,0.4505,21,0.5250,0.4000,5,5,1,0,0,5,1,0.8000
4,256.0000,39,1,743.6148,-86.6503,1.1876,5,0.1250,0.8750,8,8,8,0,0,8,8,0.0000
4,256.0000,39,9,553.2408,-82.8860,0.5892,14,0.3500,0.8750,8,9,6,0,0,9,6,0.3333
4,256.0000,39,15,373.8377,-81.9032,0.9194,22,0.5500,0.5714,7,6,3,0,0,6,3,0.5000
4,256.0000,39,19,720.9350,-85.6462,-0.5062,10,0.2500,0.8571,7,8,8,0,0,8,8,0.0000
4,256.0000,39,25,805.4104,-85.7493,0.5956,3,0.0750,1.0000,8,8,8,0,0,8,8,0.0000
4,256.0000,39,28,116.1919,-69.7156,-0.3777,34,0.8500,0.0000,4,4,0,0,0,4,0,1.0000
4,256.0000,39,30,334.7698,-80.6697,0.0592,30,0.7500,0.2000,5,5,1,0,0,5,1,0.8000
4,256.0000,39,36,885.7501,-87.3733,1.1579,6,0.1500,1.0000,8,8,8,0,0,8,8,0.0000
4,256.0000,39,40,304.7359,-81.2269,0.3081,31,0.7750,0.5000,6,4,0,0,0,4,0,1.0000
4,256.0000,39,44,607.5700,-84.7470,-0.0078,13,0.3250,1.0000,8,8,7,0,0,8,7,0.1250
4,256.0000,39,46,413.6188,-82.0540,0.0420,26,0.6500,0.4000,5,5,2,0,0,5,2,0.6000
4,256.0000,40,0,269.4214,-79.2391,0.5245,23,0.5750,0.0000,4,4,0,0,0,4,0,1.0000
4,256.0000,40,1,690.6266,-85.5799,-0.5904,6,0.1500,1.0000,8,7,5,0,0,7,5,0.2857
4,256.0000,40,9,496.0379,-83.4523,-1.2261,12,0.3000,0.8571,7,7,5,0,0,7,5,0.2857
4,256.0000,40,15,490.0574,-83.1857,0.2902,10,0.2500,0.8667,15,6,3,0,0,6,3,0.5000
4,256.0000,40,19,628.9882,-84.9741,-0.5280,10,0.2500,0.5000,6,8,8,0,0,8,8,0.0000
4,256.0000,40,25,749.0890,-84.6540,-0.8856,3,0.0750,0.7500,8,8,8,0,0,8,8,0.0000
4,256.0000,40,28,196.0642,-75.6382,0.3406,32,0.8000,0.4000,5,4,0,0,0,4,0,1.0000
4,256.0000,40,30,398.3361,-81.9541,0.4112,24,0.6000,0.0000,4,6,3,0,0,6,3,0.5000
4,256.0000,40,36,762.4551,-85.2689,0.6051,5,0.1250,0.8571,7,8,8,0,0,8,8,0.0000
4,256.0000,40,39,304.7359,-79.6350,-0.2391,32,0.8000,0.2000,5,4,0,0,0,4,0,1.0000
4,256.0000,40,44,630.1194,-85.4454,-0.2869,8,0.2000,0.7143,7,8,8,0,0,8,8,0.0000
4,256.0000,40,46,303.4549,-79.9017,-0.2135,30,0.7500,0.0000,4,5,1,0,0,5,1,0.8000
4,256.0000,41,2,671.3114,-84.1354,0.1769,9,0.2250,1.0000,8,8,8,0,0,8,8,0.0000
4,256.0000,41,3,657.5904,-83.8667,-0.0835,6,0.1500,1.0000,8,8,8,0,0,8,8,0.0000
4,256.0000,41,5,493.8160,-82.8588,0.7030,8,0.2000,0.7143,7,6,4,0,0,6,4,0.3333
4,256.0000,41,7,406.2666,-79.6687,-0.9862,20,0.5000,0.2000,5,7,6,0,0,7,6,0.1429
4,256.0000,41,10,755.3997,-86.9115,0.7711,3,0.0750,1.0000,8,8,8,0,0,8,8,0.0000
4,256.0000,41,12,685.4626,-85.8928,0.3627,3,0.0750,0.8571,7,8,7,0,0,8,7,0.1250
4,256.0000,41,14,861.1089,-87.1538,-0.2827,5,0.1250,1.0000,8,6,6,0,0,6,6,0.0000
4,256.0000,41,16,463.8312,-80.9599,0.4350,12,0.3000,0.8571,7,8,8,0,0,8,8,0.0000
4,256.0000,41,20,799.8198,-84.6607,-1.9452,3,0.0750,1.0000,8,8,8,0,0,8,8,0.0000
4,256.0000,41,22,366.5756,-79.2359,-0.3720,21,0.5250,0.4000,5,7,5,0,0,7,5,0.2857
4,256.0000,41,23,489.3663,-81.7064,-0.0620,11,0.2750,0.4000,5,8,8,0,0,8,8,0.0000
4,256.0000,41,26,352.3291,-79.4591,0.1189,15,0.3750,1.0000,8,7,5,0,0,7,5,0.2857
4,256.0000,41,33,687.0308,-84.1940,0.3258,4,0.1000,0.8750,8,8,8,0,0,8,8,0.0000
4,256.0000,41,35,295.1180,-79.0595,0.1795,19,0.4750,0.8571,7,5,1,0,0,5,1,0.8000
4,256.0000,41,37,603.9955,-83.9670,-0.0894,5,0.1250,0.5000,6,8,8,0,0,8,8,0.0000
4,256.0000,41,38,686.6870,-85.2934,-0.7144,3,0.0750,0.8571,7,6,6,0,0,6,6,0.0000
4,256.0000,41,47,818.4208,-86.2691,0.5935,4,0.1000,1.0000,8,8,8,0,0,8,8,0.0000
4,256.0000,42,4,192.0334,-74.4343,-0.2216,32,0.7805,0.2500,4,5,1,0,0,5,1,0.8000
4,256.0000,42,6,441.5260,-81.3090,0.7288,8,0.1951,0.5714,7,8,7,0,0,8,7,0.1250
4,256.0000,42,8,389.4543,-81.2947,-0.2455,11,0.2683,1.0000,8,8,7,0,0,8,7,0.1250
4,256.0000,42,11,632.9302,-83.4612,-1.8605,4,0.0976,1.0000,8,8,8,0,0,8,8,0.0000
4,256.0000,42,13,327.7329,-79.9262,0.4442,24,0.5854,0.5000,6,6,2,0,0,6,2,0.6667
4,256.0000,42,18,462.9785,-81.8069,-0.5902,12,0.2927,0.7143,7,8,8,0,0,8,8,0.0000
4,256.0000,42,19,979.6629,-87.6298,-1.6108,3,0.0732,1.0000,2,6,6,0,0,6,6,0.0000
4,256.0000,42,25,689.9015,-85.1391,-0.5592,3,0.0732,1.0000,8,8,7,0,0,8,7,0.1250
4,256.0000,42,27,731.9101,-84.5420,0.1117,4,0.0976,1.0000,8,7,6,0,0,7,6,0.1429
4,256.0000,42,31,295.8679,-80.3077,0.9911,28,0.6829,0.7143,7,6,2,0,0,6,2,0.6667
4,256.0000,42,36,732.1196,-87.2135,-2.0153,5,0.1220,1.0000,6,8,8,0,0,8,8,0.0000
4,256.0000,42,45,489.3237,-84.4097,-0.8969,9,0.2195,1.0000,8,7,4,0,0,7,4,0.4286
4,256.0000,43,2,598.6227,-86.4030,1.5732,4,0.1000,1.0000,8,7,6,0,0,7,6,0.1429
4,256.0000,43,3,441.3934,-82.2770,-0.3776,11,0.2750,0.5000,6,7,6,0,0,7,6,0.1429
4,256.0000,43,5,713.7040,-85.5180,0.4606,4,0.1000,0.8750,8,8,7,0,0,8,7,0.1250
4,256.0000,43,7,637.5487,-85.0624,-0.7440,8,0.2000,0.8571,7,8,8,0,0,8,8,0.0000
4,256.0000,43,10,461.7302,-80.6679,-1.5351,14,0.3500,0.8750,8,8,7,0,0,8,7,0.1250
4,256.0000,43,11,574.0464,-84.6839,-0.0041,6,0.1500,0.8750,8,7,6,0,0,7,6,0.1429
4,256.0000,43,12,719.6833,-86.4510,0.1294,4,0.1000,1.0000,8,8,8,0,0,8,8,0.0000
4,256.0000,43,17,401.1120,-79.7448,-0.0254,20,0.5000,0.7143,7,7,5,0,0,7,5,0.2857
4,256.0000,43,22,719.1563,-86.5466,-0.9157,5,0.1250,1.0000,8,8,8,0,0,8,8,0.0000
4,256.0000,43,23,570.7715,-84.4349,-0.8902,10,0.2500,1.0000,8,6,4,0,0,6,4,0.3333
4,256.0000,43,26,791.8650,-86.1008,1.9052,5,0.1250,1.0000,8,8,8,0,0,8,8,0.0000
4,256.0000,43,29,433.4677,-83.0153,0.5013,9,0.2250,0.8750,8,6,3,0,0,6,3,0.5000
4,256.0000,43,33,325.1448,-79.7147,0.2227,25,0.6250,0.6667,6,5,1,0,0,5,1,0.8000
4,256.0000,43,34,721.6229,-85.7416,0.6977,4,0.1000,1.0000,8,8,8,0,0,8,8,0.0000
4,256.0000,43,35,721.7967,-85.5619,-0.1223,5,0.1250,1.0000,8,8,6,44,42,52,48,0.0769
4,256.0000,43,37,560.1441,-81.7241,-1.3751,8,0.2000,1.0000,8,8,8,0,0,8,8,0.0000
4,256.0000,44,0,430.7958,-83.2615,0.2246,28,0.7000,0.6250,8,7,6,0,0,7,6,0.1429
4,256.0000,44,1,523.0674,-83.8853,-0.1321,14,0.3500,0.5714,7,8,5,0,0,8,5,0.3750
4,256.0000,44,9,256.4118,-79.4311,0.2536,32,0.8000,0.4000,5,5,1,0,0,5,1,0.8000
4,256.0000,44,15,286.4932,-77.3484,-0.4929,35,0.8750,0.0000,4,5,2,0,0,5,2,0.6000
4,256.0000,44,19,776.3011,-86.5096,-0.4074,13,0.3250,0.8571,7,8,8,0,0,8,8,0.0000
4,256.0000,44,21,328.7312,-81.0575,0.6483,28,0.7000,0.4000,5,4,0,0,0,4,0,1.0000
4,256.0000,44,25,506.2513,-84.2812,-0.4771,15,0.3750,0.6250,8,7,5,0,0,7,5,0.2857
4,256.0000,44,27,507.0859,-83.1328,-0.0446,14,0.3500,0.8571,7,8,7,0,0,8,7,0.1250
4,256.0000,44,28,619.0228,-84.4561,-0.3211,23,0.5750,0.3333,6,7,6,0,0,7,6,0.1429
4,256.0000,44,30,463.5440,-83.0645,-0.1162,35,0.8750,0.8750,8,8,6,0,0,8,6,0.2500
4,256.0000,44,32,355.2555,-80.4630,-0.1142,24,0.6000,0.4000,5,7,6,0,0,7,6,0.1429
4,256.0000,44,36,748.8348,-86.3958,-0.8406,7,0.1750,1.0000,8,8,8,0,0,8,8,0.0000
4,256.0000,44,39,607.5700,-85.0613,-0.7470,23,0.5750,0.6667,6,7,5,0,0,7,5,0.2857
4,256.0000,44,40,630.1194,-85.1578,-0.0904,24,0.6000,0.7500,8,8,8,0,0,8,8,0.0000
4,256.0000,44,46,760.2903,-87.7630,-0.4703,6,0.1500,1.0000,8,8,8,0,0,8,8,0.0000
4,256.0000,45,1,832.5624,-88.7298,0.2015,5,0.1250,0.8571,7,8,8,0,0,8,8,0.0000
4,256.0000,45,2,635.1814,-85.1643,0.9254,7,0.1750,0.8571,7,8,8,0,0,8,8,0.0000
4,256.0000,45,3,815.1392,-85.9729,-0.5465,5,0.1250,1.0000,8,6,6,0,0,6,6,0.0000
4,256.0000,45,4,540.9173,-85.0196,0.2214,11,0.2750,0.8333,6,8,8,0,0,8,8,0.0000
4,256.0000,45,5,806.1249,-88.5749,3.0516,3,0.0750,1.0000,8,7,6,0,0,7,6,0.1429
4,256.0000,45,6,490.3345,-83.8672,1.2775,12,0.3000,0.8750,8,8,8,0,0,8,8,0.0000
4,256.0000,45,8,111.4541,-66.4959,-0.8500,33,0.8250,0.0000,4,4,0,0,0,4,0,1.0000
4,256.0000,45,9,908.2188,-88.3303,0.0200,4,0.1000,0.8750,8,4,4,0,0,4,4,0.0000
4,256.0000,45,10,745.1725,-87.8339,1.0253,5,0.1250,0.8571,7,7,5,0,0,7,5,0.2857
4,256.0000,45,11,788.8014,-87.8571,0.0850,5,0.1250,1.0000,8,8,8,0,0,8,8,0.0000
4,256.0000,45,12,518.9198,-84.4513,-1.0271,8,0.2000,0.7143,7,8,8,0,0,8,8,0.0000
4,256.0000,45,13,598.9122,-85.2078,-0.7698,11,0.2750,1.0000,8,8,8,0,0,8,8,0.0000
4,256.0000,45,14,506.6792,-86.4969,0.0595,8,0.2000,0.7143,7,7,6,0,0,7,6,0.1429
4,256.0000,45,15,1085.5260,-88.5173,0.1969,5,0.1250,1.0000,2,4,4,0,0,4,4,0.0000
4,256.0000,45,16,616.0565,-86.5080,0.2968,6,0.1500,1.0000,8,8,7,0,0,8,7,0.1250
4,256.0000,45,17,828.0329,-87.7514,-0.2406,5,0.1250,1.0000,8,8,8,0,0,8,8,0.0000
4,256.0000,45,18,450.1227,-83.0792,-0.4811,11,0.2750,0.8750,8,5,2,0,0,5,2,0.6000
4,256.0000,45,20,375.7345,-82.7047,0.2031,11,0.2750,0.8571,7,8,8,0,0,8,8,0.0000
4,256.0000,45,21,659.9227,-85.5308,0.2122,11,0.2750,0.8750,8,8,8,0,0,8,8,0.0000
4,256.0000,45,24,509.7735,-84.3191,-0.4272,12,0.3000,1.0000,8,6,3,0,0,6,3,0.5000
4,256.0000,45,25,739.7791,-86.0037,-0.0012,11,0.2750,1.0000,8,8,7,0,0,8,7,0.1250
4,256.0000,45,27,420.9197,-81.4345,-0.4745,20,0.5000,0.6667,6,7,6,0,0,7,6,0.1429
4,256.0000,45,29,805.5646,-87.0024,-0.5704,6,0.1500,1.0000,6,8,8,0,0,8,8,0.0000
4,256.0000,45,31,532.5016,-84.1491,0.5454,16,0.4000,0.8571,7,8,8,0,0,8,8,0.0000
4,256.0000,45,32,653.8977,-84.8193,0.1794,12,0.3000,1.0000,6,8,8,0,0,8,8,0.0000
4,256.0000,45,34,722.5700,-85.3258,-0.8690,7,0.1750,1.0000,8,8,8,0,0,8,8,0.0000
4,256.0000,45,35,1050.9315,-87.3474,-0.3922,3,0.0750,1.0000,4,6,6,0,0,6,6,0.0000
4,256.0000,45,36,937.0549,-88.3891,0.3390,6,0.1500,1.0000,4,6,6,0,0,6,6,0.0000
4,256.0000,45,37,841.9222,-87.6713,-0.0124,5,0.1250,1.0000,4,6,6,0,0,6,6,0.0000
4,256.0000,45,38,499.4725,-85.2143,0.1708,12,0.3000,1.0000,8,8,8,0,0,8,8,0.0000
4,256.0000,45,42,489.3237,-84.2604,0.1630,13,0.3250,0.5714,7,8,8,0,0,8,8,0.0000
4,256.0000,45,44,886.0957,-86.5845,-0.9352,6,0.1500,1.0000,4,8,8,0,0,8,8,0.0000
4,256.0000,45,47,393.7655,-82.8013,0.8121,10,0.2500,0.8571,7,6,4,0,0,6,4,0.3333
4,256.0000,46,0,387.0720,-79.6408,-0.2434,27,0.6750,0.0000,5,5,2,0,0,5,2,0.6000
4,256.0000,46,1,605.7745,-83.9258,-0.1609,14,0.3500,0.6667,6,8,7,0,0,8,7,0.1250
4,256.0000,46,9,561.9492,-83.0484,-1.2502,19,0.4750,0.6667,6,7,7,0,0,7,7,0.0000
4,256.0000,46,15,562.3375,-85.0989,0.1372,14,0.3500,1.0000,8,7,5,0,0,7,5,0.2857
4,256.0000,46,19,410.1745,-79.9116,-0.6691,26,0.6500,0.6667,6,7,3,0,0,7,3,0.5714
4,256.0000,46,21,831.0661,-88.3395,-0.5911,4,0.1000,1.0000,8,6,6,0,0,6,6,0.0000
4,256.0000,46,25,689.2021,-84.4199,0.4266,12,0.3000,1.0000,8,8,8,0,0,8,8,0.0000
4,256.0000,46,28,321.4805,-81.3079,0.3521,32,0.8000,0.4000,5,5,1,0,0,5,1,0.8000
4,256.0000,46,30,648.3294,-86.0057,0.7116,17,0.4250,1.0000,8,8,8,0,0,8,8,0.0000
4,256.0000,46,32,896.3617,-88.4029,0.5215,4,0.1000,1.0000,8,8,8,0,0,8,8,0.0000
4,256.0000,46,36,623.6234,-84.8522,-0.0086,14,0.3500,1.0000,8,8,8,0,0,8,8,0.0000
4,256.0000,46,39,413.6188,-82.4841,0.1737,27,0.6750,0.8571,7,5,1,0,0,5,1,0.8000
4,256.0000,46,40,303.4549,-79.4540,-0.6302,32,0.8000,0.2000,5,4,0,0,0,4,0,1.0000
4,256.0000,46,44,760.2903,-85.6370,-0.1798,9,0.2250,0.8750,8,8,8,0,0,8,8,0.0000
4,256.0000,47,2,500.6793,-82.7097,-1.4376,17,0.4250,0.8750,8,8,7,0,0,8,7,0.1250
4,256.0000,47,3,640.5471,-86.5185,-0.3282,15,0.3750,0.7500,8,7,6,0,0,7,6,0.1429
4,256.0000,47,4,740.3354,-86.4041,-0.0761,10,0.2500,0.7143,7,7,6,0,0,7,6,0.1429
4,256.0000,47,5,495.5717,-82.3319,-0.7584,20,0.5000,0.4000,5,8,7,0,0,8,7,0.1250
4,256.0000,47,6,386.9421,-82.1241,-0.8484,19,0.4750,0.2000,5,7,6,0,0,7,6,0.1429
4,256.0000,47,7,807.2956,-86.7137,-1.3483,10,0.2500,0.6667,6,8,8,0,0,8,8,0.0000
4,256.0000,47,8,423.1641,-81.9157,-0.7520,17,0.4250,0.8750,8,6,4,0,0,6,4,0.3333
4,256.0000,47,9,1135.9046,-89.0765,-0.0744,3,0.0750,,0,2,2,0,0,2,2,0.0000
4,256.0000,47,10,596.9260,-84.6081,-0.4660,12,0.3000,0.8750,8,8,7,0,0,8,7,0.1250
4,256.0000,47,11,684.8721,-86.9653,0.5605,7,0.1750,0.8333,6,8,8,0,0,8,8,0.0000
4,256.0000,47,12,416.3062,-80.4352,-0.3351,23,0.5750,0.4000,5,7,6,0,0,7,6,0.1429
4,256.0000,47,13,773.3511,-87.8941,-0.4721,3,0.0750,0.8333,6,6,6,0,0,6,6,0.0000
4,256.0000,47,14,185.2207,-75.7363,1.0464,31,0.7750,0.5000,6,4,1,0,0,4,1,0.7500
4,256.0000,47,16,409.2486,-80.3474,-0.6990,25,0.6250,0.6667,6,6,4,0,0,6,4,0.3333
4,256.0000,47,17,776.0092,-86.3349,-0.0878,12,0.3000,1.0000,8,8,8,0,0,8,8,0.0000
4,256.0000,47,18,425.4514,-83.1618,-0.3927,13,0.3250,0.8571,7,8,8,0,0,8,8,0.0000
4,256.0000,47,20,321.1266,-79.3055,0.2372,26,0.6500,0.5000,6,7,6,0,0,7,6,0.1429
4,256.0000,47,21,943.5482,-86.5681,-0.2040,3,0.0750,0.5000,2,8,8,0,0,8,8,0.0000
4,256.0000,47,22,725.2998,-86.0908,0.3787,11,0.2750,1.0000,8,7,6,0,0,7,6,0.1429
4,256.0000,47,23,743.5998,-86.9340,0.5886,7,0.1750,1.0000,8,6,6,0,0,6,6,0.0000
4,256.0000,47,24,155.6930,-71.6319,-0.7716,34,0.8500,0.3333,6,4,0,0,0,4,0,1.0000
4,256.0000,47,26,518.9760,-82.0035,-1.4827,18,0.4500,0.4000,5,7,5,0,0,7,5,0.2857
4,256.0000,47,27,577.8185,-85.2675,0.2843,10,0.2500,0.5714,7,8,7,0,0,8,7,0.1250
4,256.0000,47,29,637.2979,-85.5519,-0.9371,14,0.3500,0.8571,7,8,8,0,0,8,8,0.0000
4,256.0000,47,31,637.7989,-85.3455,0.5509,7,0.1750,0.6667,3,8,7,0,0,8,7,0.1250
4,256.0000,47,32,776.6860,-87.0777,1.6748,4,0.1000,1.0000,4,5,4,0,0,5,4,0.2000
4,256.0000,47,33,931.4406,-85.8942,-0.3454,6,0.1500,1.0000,8,8,8,0,0,8,8,0.0000
4,256.0000,47,34,402.6385,-80.2859,-1.0981,23,0.5750,0.8571,7,7,6,0,0,7,6,0.1429
4,256.0000,47,35,782.9514,-86.1941,0.4584,12,0.3000,0.8571,7,8,8,0,0,8,8,0.0000
4,256.0000,47,37,568.1264,-84.7468,0.6749,14,0.3500,0.8750,8,8,8,0,0,8,8,0.0000
4,256.0000,47,38,253.8035,-77.8323,-0.3057,31,0.7750,0.0000,4,5,2,0,0,5,2,0.6000
4,256.0000,47,41,818.4208,-86.7710,0.4163,6,0.1500,1.0000,8,8,8,0,0,8,8,0.0000
4,256.0000,47,42,691.8920,-86.7195,0.1506,6,0.1500,1.0000,4,5,4,0,0,5,4,0.2000
4,256.0000,47,43,1048.0159,-87.1023,-2.4656,3,0.0750,,0,6,6,0,0,6,6,0.0000
4,256.0000,47,45,393.7655,-81.9904,0.3799,18,0.4500,0.7143,7,7,6,0,0,7,6,0.1429
4,260.0000,0,1,518.4641,-83.4619,-0.4620,16,0.4000,0.8750,8,8,8,0,0,8,8,0.0000
4,260.0000,0,9,305.4515,-78.5909,-0.8376,30,0.7500,0.5000,6,6,3,0,0,6,3,0.5000
4,260.0000,0,15,287.9627,-80.2515,0.7846,34,0.8500,0.0000,4,4,0,0,0,4,0,1.0000
4,260.0000,0,19,677.9734,-84.6350,0.1327,18,0.4500,1.0000,8,7,6,0,0,7,6,0.1429
4,260.0000,0,21,542.8881,-83.4213,0.5953,15,0.3750,0.7143,7,8,8,0,0,8,8,0.0000
4,260.0000,0,25,575.5103,-84.3907,-0.5096,12,0.3000,0.7143,7,7,6,0,0,7,6,0.1429
4,260.0000,0,27,883.4260,-88.4905,-0.4471,3,0.0750,1.0000,6,8,8,0,0,8,8,0.0000
4,260.0000,0,28,299.2537,-79.6764,0.5737,35,0.8750,0.2000,5,4,0,0,0,4,0,1.0000
4,260.0000,0,30,314.7345,-81.4527,0.0906,37,0.9250,0.2000,5,4,0,0,0,4,0,1.0000
4,260.0000,0,32,681.2408,-86.8332,-1.5905,8,0.2000,0.8750,8,8,8,0,0,8,8,0.0000
4,260.0000,0,36,759.7493,-85.9151,-0.0852,10,0.2500,0.6250,8,8,8,0,0,8,8,0.0000
4,260.0000,0,39,369.3556,-81.7204,0.3522,32,0.8000,0.4000,5,7,2,0,0,7,2,0.7143
4,260.0000,0,40,237.1866,-77.4021,0.4454,39,0.9750,0.3333,6,4,0,0,0,4,0,1.0000
4,260.0000,0,44,445.1859,-82.1465,-0.0399,23,0.5750,0.7143,7,7,5,4,3,11,8,0.2727
4,260.0000,0,46,419.7659,-82.5532,-0.3646,33,0.8250,0.5000,6,7,4,0,0,7,4,0.4286
4,260.0000,1,0,518.4641,-83.7423,-0.7028,23,0.5750,0.6667,6,8,7,0,0,8,7,0.1250
4,260.0000,1,4,874.6552,-88.4070,-0.3219,5,0.1250,1.0000,8,8,8,0,0,8,8,0.0000
4,260.0000,1,6,758.9993,-88.9730,-0.2212,5,0.1250,1.0000,4,8,7,0,0,8,7,0.1250
4,260.0000,1,8,702.0221,-86.5927,0.3100,6,0.1500,1.0000,8,8,8,0,0,8,8,0.0000
4,260.0000,1,9,317.8547,-79.4157,0.7068,29,0.7250,0.2000,5,8,7,0,0,8,7,0.1250
4,260.0000,1,13,379.5767,-82.4554,0.7249,19,0.4750,0.8571,7,6,4,0,0,6,4,0.3333
4,260.0000,1,15,503.1605,-83.3270,0.3557,20,0.5000,0.6667,6,6,3,0,0,6,3,0.5000
4,260.0000,1,18,712.8328,-86.1074,0.6096,8,0.2000,1.0000,8,8,8,0,0,8,8,0.0000
4,260.0000,1,19,493.8577,-81.8406,-0.1394,29,0.7250,0.6250,8,8,8,0,0,8,8,0.0000
4,260.0000,1,21,388.1421,-81.5433,0.4270,23,0.5750,0.4000,5,7,5,0,0,7,5,0.2857
4,260.0000,1,25,108.2536,-69.2635,-0.1133,36,0.9000,0.0000,4,6,3,0,0,6,3,0.5000
4,260.0000,1,27,604.4629,-85.2858,0.3955,12,0.3000,0.8571,7,7,6,0,0,7,6,0.1429
4,260.0000,1,28,664.1582,-85.7264,-0.0749,17,0.4250,1.0000,8,6,4,0,0,6,4,0.3333
4,260.0000,1,30,752.6790,-86.3959,-0.0978,13,0.3250,0.4000,5,8,8,0,0,8,8,0.0000
4,260.0000,1,31,530.3877,-84.0483,-0.4474,14,0.3500,0.8571,7,7,6,0,0,7,6,0.1429
4,260.0000,1,32,330.3690,-81.8050,0.8492,22,0.5500,0.4000,5,6,3,0,0,6,3,0.5000
4,260.0000,1,36,411.4080,-79.8492,-0.7353,34,0.8500,0.7500,8,6,3,0,0,6,3,0.5000
4,260.0000,1,39,709.6594,-86.4307,-0.0730,15,0.3750,0.7143,7,7,6,0,0,7,6,0.1429
4,260.0000,1,40,707.9993,-86.2206,-0.9592,19,0.4750,0.7143,7,4,4,0,0,4,4,0.0000
4,260.0000,1,42,682.4061,-85.7848,0.8605,8,0.2000,1.0000,8,8,8,0,0,8,8,0.0000
4,260.0000,1,44,479.6301,-84.2475,-0.1398,23,0.5750,0.8750,8,7,5,0,0,7,5,0.2857
4,260.0000,1,45,826.7264,-88.4692,-0.0760,7,0.1750,1.0000,8,8,8,0,0,8,8,0.0000
4,260.0000,1,46,658.1463,-86.0947,0.7064,20,0.5000,1.0000,8,7,6,0,0,7,6,0.1429
4,260.0000,2,3,132.3701,-73.0809,0.9041,36,0.9000,0.2000,5,4,0,0,0,4,0,1.0000
4,260.0000,2,4,686.1800,-87.1051,0.4739,7,0.1750,0.7143,7,8,8,0,0,8,8,0.0000
4,260.0000,2,5,496.7401,-82.3951,-1.6877,25,0.6250,0.6667,6,7,5,0,0,7,5,0.2857
4,260.0000,2,6,693.7160,-85.6004,0.0403,14,0.3500,1.0000,8,8,8,0,0,8,8,0.0000
4,260.0000,2,7,543.3487,-85.0929,-0.6719,24,0.6000,0.8750,8,8,7,0,0,8,7,0.1250
4,260.0000,2,8,661.3366,-86.8045,0.8192,14,0.3500,0.8571,7,8,8,0,0,8,8,0.0000
4,260.0000,2,10,67.1047,-67.4235,2.5078,35,0.8750,0.2000,5,4,0,0,0,4,0,1.0000
4,260.0000,2,11,348.6080,-82.7353,1.0060,27,0.6750,0.8571,7,6,3,0,0,6,3,0.5000
4,260.0000,2,12,144.0710,-71.5127,-0.0799,35,0.8750,0.0000,4,4,0,0,0,4,0,1.0000
4,260.0000,2,14,567.4361,-84.4290,-0.7412,21,0.5250,0.6667,6,8,8,0,0,8,8,0.0000
4,260.0000,2,16,690.8680,-85.7298,-1.1264,20,0.5000,0.8571,7,8,8,0,0,8,8,0.0000
4,260.0000,2,17,176.9458,-76.5536,1.7583,37,0.9250,0.4000,5,5,1,0,0,5,1,0.8000
4,260.0000,2,18,712.7342,-86.8592,1.0727,11,0.2750,0.8333,6,8,8,0,0,8,8,0.0000
4,260.0000,2,20,251.3079,-77.5854,-0.3948,33,0.8250,0.3333,6,3,0,0,0,3,0,1.0000
4,260.0000,2,22,392.8743,-81.6676,-0.7630,24,0.6000,0.4286,7,4,0,0,0,4,0,1.0000
4,260.0000,2,23,299.8847,-80.2381,0.3889,30,0.7500,0.6667,6,6,2,0,0,6,2,0.6667
4,260.0000,2,24,447.7080,-82.0327,-0.5614,22,0.5500,0.2000,5,7,6,0,0,7,6,0.1429
4,260.0000,2,26,554.7367,-83.0377,-1.2974,25,0.6250,0.0000,4,7,6,0,0,7,6,0.1429
4,260.0000,2,27,975.0380,-88.9485,0.1772,7,0.1750,1.0000,2,4,4,0,0,4,4,0.0000
4,260.0000,2,29,239.7631,-77.9520,0.9873,34,0.8500,0.0000,4,5,1,0,0,5,1,0.8000
4,260.0000,2,31,856.4862,-88.2495,0.1336,7,0.1750,1.0000,8,8,8,0,0,8,8,0.0000
4,260.0000,2,33,473.6929,-84.1492,0.7662,27,0.6750,0.8571,7,5,2,0,0,5,2,0.6000
4,260.0000,2,34,389.2815,-81.1439,-0.9284,25,0.6250,0.7143,7,7,4,0,0,7,4,0.4286
4,260.0000,2,35,680.5596,-85.9368,-0.0855,20,0.5000,0.5000,6,7,5,0,0,7,5,0.2857
4,260.0000,2,37,364.2177,-79.5047,-0.0450,28,0.7000,0.3333,6,5,2,0,0,5,2,0.6000
4,260.0000,2,38,725.5658,-86.5618,-0.8127,12,0.3000,0.8750,8,8,8,0,0,8,8,0.0000
4,260.0000,2,41,778.5323,-86.6976,0.4125,14,0.3500,1.0000,8,8,8,0,0,8,8,0.0000
4,260.0000,2,42,804.4166,-87.4711,0.0446,12,0.3000,1.0000,6,6,4,0,0,6,4,0.3333
4,260.0000,2,43,530.9338,-84.8242,-0.4313,28,0.7000,0.7500,8,7,5,0,0,7,5,0.2857
4,260.0000,2,45,577.1992,-85.8437,-0.2640,17,0.4250,1.0000,8,7,6,0,0,7,6,0.1429
4,260.0000,2,47,618.3717,-84.7479,-0.9427,16,0.4000,1.0000,8,8,8,0,0,8,8,0.0000
4,260.0000,3,2,132.3701,-72.5985,0.3777,36,0.9000,0.0000,4,4,0,0,0,4,0,1.0000
4,260.0000,3,4,797.7708,-86.9425,-0.8801,4,0.1000,0.8571,7,8,8,0,0,8,8,0.0000
4,260.0000,3,5,449.2270,-81.2130,-1.3320,17,0.4250,0.4000,5,8,8,0,0,8,8,0.0000
4,260.0000,3,6,775.0543,-87.3120,-0.4239,4,0.1000,1.0000,8,8,8,0,0,8,8,0.0000
4,260.0000,3,7,437.4855,-82.0063,-1.3596,21,0.5250,0.4000,5,6,2,0,0,6,2,0.6667
4,260.0000,3,8,785.0235,-87.3945,-1.7203,4,0.1000,0.8333,6,5,4,0,0,5,4,0.2000
4,260.0000,3,10,142.8338,-70.0059,-0.1410,35,0.8750,0.0000,4,4,0,0,0,4,0,1.0000
4,260.0000,3,11,375.0303,-82.3048,0.8754,19,0.4750,0.7143,7,7,6,0,0,7,6,0.1429
4,260.0000,3,12,229.2237,-78.0569,0.6926,22,0.5500,0.0000,4,5,1,0,0,5,1,0.8000
4,260.0000,3,14,634.8718,-85.7382,0.7669,8,0.2000,1.0000,8,7,6,0,0,7,6,0.1429
4,260.0000,3,16,751.3073,-86.9203,-0.6740,9,0.2250,0.6667,6,7,6,0,0,7,6,0.1429
4,260.0000,3,17,208.2091,-76.9066,0.9297,31,0.7750,0.0000,4,4,0,0,0,4,0,1.0000
4,260.0000,3,18,800.8981,-87.9847,-0.6343,3,0.0750,0.8000,5,8,8,0,0,8,8,0.0000
4,260.0000,3,20,374.9239,-80.7291,0.8658,12,0.3000,0.7143,7,6,3,0,0,6,3,0.5000
4,260.0000,3,22,389.8469,-81.4731,0.0911,17,0.4250,0.8750,8,6,3,0,0,6,3,0.5000
4,260.0000,3,23,271.5691,-77.7929,-0.0961,22,0.5500,0.2000,5,6,3,0,0,6,3,0.5000
4,260.0000,3,24,515.4518,-83.7079,-0.5248,6,0.1500,0.7143,7,8,8,0,0,8,8,0.0000
4,260.0000,3,26,548.8810,-82.7950,-1.1402,16,0.4000,0.7143,7,7,6,0,0,7,6,0.1429
4,260.0000,3,29,144.9308,-75.3102,1.0469,35,0.8750,0.2000,5,6,2,0,0,6,2,0.6667
4,260.0000,3,33,344.0166,-80.2830,-0.6823,24,0.6000,0.2000,5,6,4,0,0,6,4,0.3333
4,260.0000,3,34,352.0050,-80.7964,-1.1225,17,0.4250,0.5000,6,5,2,0,0,5,2,0.6000
4,260.0000,3,35,623.4979,-83.2361,-0.9020,18,0.4500,0.8750,8,8,8,0,0,8,8,0.0000
4,260.0000,3,37,329.1819,-77.8436,-1.1096,24,0.6000,0.2000,5,8,6,0,0,8,6,0.2500
4,260.0000,3,38,801.9976,-86.2846,-0.7889,7,0.1750,1.0000,8,6,6,0,0,6,6,0.0000
4,260.0000,3,41,741.7165,-85.6281,-0.1013,13,0.3250,0.8750,8,8,7,0,0,8,7,0.1250
4,260.0000,3,42,915.9491,-87.7776,-0.8947,5,0.1250,1.0000,6,6,6,0,0,6,6,0.0000
4,260.0000,3,43,414.9218,-82.7525,-0.2945,21,0.5250,0.4000,5,5,2,0,0,5,2,0.6000
4,260.0000,3,45,703.6776,-86.9948,-0.8785,5,0.1250,1.0000,8,8,8,0,0,8,8,0.0000
4,260.0000,3,47,706.7855,-85.9325,0.1736,4,0.1000,0.8571,7,8,8,0,0,8,8,0.0000
4,260.0000,4,1,874.6552,-87.9270,-1.1163,4,0.1000,1.0000,8,8,8,0,0,8,8,0.0000
4,260.0000,4,2,686.1800,-85.9183,-0.5418,8,0.2000,0.8750,8,8,8,0,0,8,8,0.0000
4,260.0000,4,3,797.7708,-87.9764,-0.7476,6,0.1500,1.0000,6,8,8,0,0,8,8,0.0000
4,260.0000,4,6,495.4689,-83.5981,0.4615,12,0.3000,1.0000,8,8,7,0,0,8,7,0.1250
4,260.0000,4,8,349.7382,-81.9501,-0.3004,13,0.3250,1.0000,8,7,5,0,0,7,5,0.2857
4,260.0000,4,10,702.3861,-87.2586,-0.6514,7,0.1750,1.0000,8,8,8,0,0,8,8,0.0000
4,260.0000,4,11,573.8922,-84.5664,0.3013,12,0.3000,1.0000,8,7,5,0,0,7,5,0.2857
4,260.0000,4,12,731.9899,-87.8396,-0.1992,6,0.1500,1.0000,8,8,8,0,0,8,8,0.0000
4,260.0000,4,13,526.6917,-83.9119,-1.3273,13,0.3250,1.0000,8,8,8,0,0,8,8,0.0000
4,260.0000,4,14,748.0988,-86.7201,0.0599,6,0.1500,1.0000,8,6,4,0,0,6,4,0.3333
4,260.0000,4,17,700.3477,-87.1985,1.2791,7,0.1750,1.0000,8,8,8,0,0,8,8,0.0000
4,260.0000,4,18,622.0120,-84.9889,-0.5657,9,0.2250,0.8571,7,8,7,0,0,8,7,0.1250
4,260.0000,4,19,1121.1668,-88.4062,0.2491,4,0.1000,1.0000,4,2,2,0,0,2,2,0.0000
4,260.0000,4,20,546.0845,-85.3764,-0.1021,9,0.2250,0.8750,8,8,8,0,0,8,8,0.0000
4,260.0000,4,21,840.7060,-86.7339,-0.0286,4,0.1000,1.0000,8,8,8,0,0,8,8,0.0000
4,260.0000,4,22,1006.8994,-88.4951,-0.0207,3,0.0750,1.0000,6,8,8,0,0,8,8,0.0000
4,260.0000,4,23,952.0232,-87.4476,-1.7969,3,0.0750,1.0000,2,4,4,0,0,4,4,0.0000
4,260.0000,4,24,706.9784,-88.0290,0.9185,6,0.1500,1.0000,8,8,7,0,0,8,7,0.1250
4,260.0000,4,25,788.0694,-87.3857,0.8293,8,0.2000,1.0000,2,8,8,0,0,8,8,0.0000
4,260.0000,4,26,1133.9922,-88.2863,-0.3558,3,0.0750,1.0000,8,2,2,0,0,2,2,0.0000
4,260.0000,4,27,825.8521,-87.6148,0.0850,3,0.0750,1.0000,4,8,8,0,0,8,8,0.0000
4,260.0000,4,29,816.6857,-87.2099,-0.2195,7,0.1750,1.0000,8,6,6,0,0,6,6,0.0000
4,260.0000,4,31,476.1426,-83.2563,-0.8133,15,0.3750,1.0000,8,8,8,0,0,8,8,0.0000
4,260.0000,4,34,958.9751,-86.8148,1.3021,4,0.1000,1.0000,6,4,4,0,0,4,4,0.0000
4,260.0000,4,36,795.0948,-86.6283,0.1416,6,0.1500,1.0000,8,2,1,0,0,2,1,0.5000
4,260.0000,4,37,962.4763,-88.3972,-0.9626,3,0.0750,1.0000,8,8,8,0,0,8,8,0.0000
4,260.0000,4,38,932.6156,-87.3875,-1.2775,3,0.0750,1.0000,6,6,6,0,0,6,6,0.0000
4,260.0000,4,42,203.5960,-75.3870,-0.3407,35,0.8750,0.2000,5,4,0,0,0,4,0,1.0000
4,260.0000,4,43,1098.3480,-88.8718,-0.5084,3,0.0750,1.0000,4,4,4,0,0,4,4,0.0000
4,260.0000,4,45,469.3143,-82.9863,0.8271,12,0.3000,0.6667,6,6,4,0,0,6,4,0.3333
4,260.0000,4,47,710.9700,-87.0858,0.4399,4,0.1000,1.0000,8,8,8,0,0,8,8,0.0000
4,260.0000,5,2,496.7401,-81.9265,-0.5172,16,0.4000,0.6667,6,6,4,0,0,6,4,0.3333
4,260.0000,5,3,449.2270,-81.1366,-0.7005,19,0.4750,0.6667,6,8,7,0,0,8,7,0.1250
4,260.0000,5,6,924.7804,-85.9988,-0.4085,5,0.1250,0.8571,7,8,8,0,0,8,8,0.0000
4,260.0000,5,7,296.2770,-78.4852,0.3398,28,0.7000,0.3333,6,7,4,0,0,7,4,0.4286
4,260.0000,5,10,447.6022,-80.8944,-0.3187,17,0.4250,0.4000,5,7,5,0,0,7,5,0.2857
4,260.0000,5,11,705.2406,-86.1213,0.7767,8,0.2000,1.0000,8,8,8,0,0,8,8,0.0000
4,260.0000,5,12,441.2815,-81.7181,-0.1609,21,0.5250,0.7143,7,7,5,0,0,7,5,0.2857
4,260.0000,5,14,589.3324,-83.9823,-0.6298,12,0.3000,0.6667,6,8,8,0,0,8,8,0.0000
4,260.0000,5,16,545.6214,-83.4522,-0.1933,17,0.4250,0.2000,5,7,6,0,0,7,6,0.1429
4,260.0000,5,17,630.8752,-85.6580,-1.3623,13,0.3250,0.7143,7,8,8,0,0,8,8,0.0000
4,260.0000,5,20,581.9438,-83.6742,-0.5818,9,0.2250,1.0000,8,8,8,0,0,8,8,0.0000
4,260.0000,5,22,383.9500,-80.8152,-0.3199,18,0.4500,0.8571,7,5,1,0,0,5,1,0.8000
4,260.0000,5,23,410.5058,-82.3354,0.7995,22,0.5500,0.7143,7,8,7,0,0,8,7,0.1250
4,260.0000,5,24,513.8212,-82.4948,-0.2657,13,0.3250,0.5000,6,8,8,0,0,8,8,0.0000
4,260.0000,5,26,261.5657,-77.6223,-0.1946,30,0.7500,0.4000,5,4,0,0,0,4,0,1.0000
4,260.0000,5,29,495.9895,-82.6848,-0.3835,18,0.4500,0.8750,8,8,8,0,0,8,8,0.0000
4,260.0000,5,33,511.6949,-83.8446,-0.4676,22,0.5500,0.7500,8,6,4,0,0,6,4,0.3333
4,260.0000,5,34,197.6455,-74.5123,-1.0912,30,0.7500,0.0000,4,5,1,0,0,5,1,0.8000
4,260.0000,5,35,281.3067,-79.8925,0.5811,26,0.6500,0.0000,4,4,0,0,0,4,0,1.0000
4,260.0000,5,37,158.2412,-72.0847,-0.5484,32,0.8000,0.0000,4,4,0,0,0,4,0,1.0000
4,260.0000,5,38,645.1935,-84.1936,0.4166,14,0.3500,0.7500,8,10,9,0,0,10,9,0.1000
4,260.0000,5,41,415.3321,-83.0720,0.0039,23,0.5750,0.8571,7,5,2,0,0,5,2,0.6000
4,260.0000,5,43,698.8156,-85.9371,-0.1708,15,0.3750,1.0000,4,8,8,0,0,8,8,0.0000
4,260.0000,5,45,839.8963,-87.6149,-0.2978,5,0.1250,1.0000,8,8,8,0,0,8,8,0.0000
4,260.0000,5,47,678.0621,-85.3963,1.2746,12,0.3000,1.0000,8,8,8,0,0,8,8,0.0000
4,260.0000,6,2,693.7160,-85.8239,-1.3728,3,0.0750,1.0000,8,8,8,0,0,8,8,0.0000
4,260.0000,6,4,495.4689,-84.0079,-0.4221,11,0.2750,0.2000,5,7,5,0,0,7,5,0.2857
4,260.0000,6,5,924.7804,-86.0588,0.2215,3,0.0750,0.8571,7,6,6,0,0,6,6,0.0000
4,260.0000,6,8,393.5642,-82.0232,0.2794,12,0.3000,0.8571,7,7,6,0,0,7,6,0.1429
4,260.0000,6,10,663.2814,-87.3244,0.4573,3,0.0750,0.8750,8,8,8,0,0,8,8,0.0000
4,260.0000,6,11,502.1504,-84.1727,-0.4325,9,0.2250,0.5714,7,8,7,0,0,8,7,0.1250
4,260.0000,6,12,727.6663,-84.7045,-0.8765,5,0.1250,1.0000,8,8,8,0,0,8,8,0.0000
4,260.0000,6,13,439.2012,-83.1389,-0.1660,12,0.3000,0.8571,7,6,4,0,0,6,4,0.3333
4,260.0000,6,14,420.5766,-80.7373,-0.6882,13,0.3250,1.0000,8,8,7,0,0,8,7,0.1250
4,260.0000,6,18,240.8651,-75.9364,-0.0347,30,0.7500,0.2000,5,7,5,0,0,7,5,0.2857
4,260.0000,6,20,535.0978,-84.0750,-0.1013,6,0.1500,1.0000,8,8,8,0,0,8,8,0.0000
4,260.0000,6,21,842.5642,-86.5389,1.0304,3,0.0750,1.0000,8,8,8,0,0,8,8,0.0000
4,260.0000,6,24,439.2430,-83.8904,-0.4020,7,0.1750,0.8571,7,8,8,0,0,8,8,0.0000
4,260.0000,6,25,684.8092,-86.8218,-0.9176,6,0.1500,0.8571,7,8,7,0,0,8,7,0.1250
4,260.0000,6,27,663.5271,-87.5480,-1.0588,4,0.1000,0.8571,7,8,8,0,0,8,8,0.0000
4,260.0000,6,29,752.0524,-84.9558,-0.4778,4,0.1000,1.0000,8,8,7,0,0,8,7,0.1250
4,260.0000,6,31,239.6475,-78.2133,0.6969,28,0.7000,0.4000,5,3,0,0,0,3,0,1.0000
4,260.0000,6,32,654.7810,-86.0878,-1.5190,4,0.1000,1.0000,6,8,8,0,0,8,8,0.0000
4,260.0000,6,34,747.6262,-84.9247,-1.0821,6,0.1500,0.8889,9,4,3,0,0,4,3,0.2500
4,260.0000,6,36,821.8197,-87.5420,0.3229,4,0.1000,0.8750,8,4,4,0,0,4,4,0.0000
4,260.0000,6,37,782.5972,-86.9450,0.5021,3,0.0750,1.0000,8,8,8,0,0,8,8,0.0000
4,260.0000,6,38,715.1805,-84.1772,-0.5988,4,0.1000,1.0000,8,8,7,0,0,8,7,0.1250
4,260.0000,6,42,403.7005,-82.1149,-0.3684,18,0.4500,0.8571,7,7,5,0,0,7,5,0.2857
4,260.0000,6,45,496.9301,-83.9657,-1.0514,7,0.1750,1.0000,8,8,8,0,0,8,8,0.0000
4,260.0000,6,47,439.7063,-81.9901,-0.6051,10,0.2500,0.8571,7,7,6,0,0,7,6,0.1429
4,260.0000,7,2,543.3487,-83.7714,0.3479,9,0.2250,0.5714,7,6,3,0,0,6,3,0.5000
4,260.0000,7,3,437.4855,-81.7668,-0.5471,16,0.4000,1.0000,8,7,6,0,0,7,6,0.1429
4,260.0000,7,5,296.2770,-78.5187,1.0588,23,0.5750,0.5714,7,7,4,0,0,7,4,0.4286
4,260.0000,7,10,521.7597,-83.7330,0.1636,10,0.2500,0.8571,7,8,8,0,0,8,8,0.0000
4,260.0000,7,12,537.6184,-85.5115,0.4430,9,0.2250,0.8750,8,8,7,0,0,8,7,0.1250
4,260.0000,7,14,837.3531,-86.7439,-1.1049,4,0.1000,0.8571,7,8,8,0,0,8,8,0.0000
4,260.0000,7,16,805.2161,-86.5330,-0.5183,7,0.1750,1.0000,8,6,6,0,0,6,6,0.0000
4,260.0000,7,17,607.0320,-84.8817,1.0194,10,0.2500,0.8750,8,8,7,0,0,8,7,0.1250
4,260.0000,7,20,728.3974,-86.8657,1.5761,5,0.1250,0.7143,7,8,7,0,0,8,7,0.1250
4,260.0000,7,22,427.8035,-81.9949,0.0059,18,0.4500,0.0000,4,7,6,0,0,7,6,0.1429
4,260.0000,7,23,387.6910,-80.5183,-0.6178,21,0.5250,0.5000,6,5,2,0,0,5,2,0.6000
4,260.0000,7,24,742.3735,-85.3672,-1.1133,6,0.1500,1.0000,6,7,6,0,0,7,6,0.1429
4,260.0000,7,26,447.9280,-82.2528,0.2746,17,0.4250,0.5714,7,6,4,0,0,6,4,0.3333
4,260.0000,7,29,462.8762,-85.8370,-0.3419,10,0.2500,0.6667,6,7,5,0,0,7,5,0.2857
4,260.0000,7,33,285.8482,-79.6936,0.3115,21,0.5250,0.2500,8,6,3,0,0,6,3,0.5000
4,260.0000,7,34,383.7122,-81.3489,-0.0988,13,0.3250,0.8750,8,7,5,0,0,7,5,0.2857
4,260.0000,7,35,314.6616,-75.4920,-2.1760,31,0.7750,0.0938,32,6,4,0,0,6,4,0.3333
4,260.0000,7,37,352.3451,-81.2434,-0.6707,15,0.3750,0.3333,6,5,2,0,0,5,2,0.6000
4,260.0000,7,38,925.8162,-87.8163,-0.0947,3,0.0750,0.8750,8,5,4,0,0,5,4,0.2000
4,260.0000,7,41,477.3008,-82.2833,0.0782,21,0.5250,0.6250,8,8,7,0,0,8,7,0.1250
4,260.0000,7,43,487.0418,-84.6359,0.2919,13,0.3250,0.5000,6,7,6,0,0,7,6,0.1429
4,260.0000,7,47,931.3273,-87.8097,1.8037,3,0.0750,1.0000,8,4,4,0,0,4,4,0.0000
4,260.0000,8,1,702.0221,-85.6514,-0.0875,14,0.3500,0.8571,7,6,6,0,0,6,6,0.0000
4,260.0000,8,2,661.3366,-84.7167,0.5349,8,0.2000,0.8571,7,7,6,0,0,7,6,0.1429
4,260.0000,8,3,785.0235,-88.6888,0.9704,3,0.0750,1.0000,6,8,8,0,0,8,8,0.0000
4,260.0000,8,4,349.7382,-82.3572,0.2373,23,0.5750,0.7500,8,5,1,0,0,5,1,0.8000
4,260.0000,8,5,960.8586,-88.4397,0.1978,4,0.1000,1.0000,4,6,6,0,0,6,6,0.0000
4,260.0000,8,6,393.5642,-81.9709,1.0576,21,0.5250,0.8571,7,8,7,0,0,8,7,0.1250
4,260.0000,8,9,837.8117,-87.7329,0.0220,4,0.1000,1.0000,8,4,4,0,0,4,4,0.0000
4,260.0000,8,10,651.2896,-87.6629,0.9149,6,0.1500,1.0000,8,8,7,0,0,8,7,0.1250
4,260.0000,8,11,639.2630,-86.9214,0.7967,8,0.2000,1.0000,8,8,8,0,0,8,8,0.0000
4,260.0000,8,12,645.1360,-84.9159,0.8665,10,0.2500,0.6667,6,7,6,0,0,7,6,0.1429
4,260.0000,8,13,429.9334,-83.6415,-0.2136,20,0.5000,0.8750,8,6,3,0,0,6,3,0.5000
4,260.0000,8,14,502.2719,-84.4016,-0.3658,14,0.3500,0.8571,7,8,8,0,0,8,8,0.0000
4,260.0000,8,16,760.2805,-86.0232,0.9111,8,0.2000,1.0000,8,8,8,0,0,8,8,0.0000
4,260.0000,8,17,746.6949,-87.8228,0.1966,5,0.1250,1.0000,8,6,6,0,0,6,6,0.0000
4,260.0000,8,18,369.1954,-80.3005,-0.1805,23,0.5750,0.4000,5,7,5,0,0,7,5,0.2857
4,260.0000,8,19,1082.7928,-88.4505,0.0368,4,0.1000,1.0000,2,8,8,0,0,8,8,0.0000
4,260.0000,8,20,427.8747,-82.2599,0.2256,18,0.4500,0.8571,7,7,5,0,0,7,5,0.2857
4,260.0000,8,21,603.2736,-86.4620,-0.1765,13,0.3250,1.0000,8,8,8,0,0,8,8,0.0000
4,260.0000,8,22,896.0111,-88.1418,-0.2261,4,0.1000,1.0000,4,6,6,0,0,6,6,0.0000
4,260.0000,8,24,497.8962,-83.9534,-0.2818,11,0.2750,0.8571,7,7,5,0,0,7,5,0.2857
4,260.0000,8,25,598.0755,-84.9308,1.4932,15,0.3750,0.8571,7,7,6,0,0,7,6,0.1429
4,260.0000,8,26,949.9381,-87.2407,-1.0144,3,0.0750,0.8750,8,4,4,0,0,4,4,0.0000
4,260.0000,8,27,483.0515,-83.0350,-0.1981,27,0.6750,0.7143,7,8,7,0,0,8,7,0.1250
4,260.0000,8,29,830.1391,-86.8061,0.0709,6,0.1500,1.0000,8,6,6,0,0,6,6,0.0000
4,260.0000,8,31,332.4991,-80.4066,0.9151,25,0.6250,0.5000,6,5,1,0,0,5,1,0.8000
4,260.0000,8,32,585.5600,-85.4978,-0.5149,16,0.4000,0.8750,8,8,7,0,0,8,7,0.1250
4,260.0000,8,34,830.1875,-87.0218,-0.2322,7,0.1750,1.0000,8,8,8,0,0,8,8,0.0000
4,260.0000,8,36,798.4243,-87.0490,-0.7553,10,0.2500,1.0000,8,8,8,0,0,8,8,0.0000
4,260.0000,8,37,831.1019,-88.2151,0.7205,3,0.0750,1.0000,8,8,8,0,0,8,8,0.0000
4,260.0000,8,38,617.8159,-84.7317,-0.2536,14,0.3500,1.0000,8,8,8,0,0,8,8,0.0000
4,260.0000,8,42,303.9608,-79.6526,0.2269,30,0.7500,0.5000,6,5,2,0,0,5,2,0.6000
4,260.0000,8,43,1168.5338,-89.6372,-0.2996,3,0.0750,1.0000,4,4,4,0,0,4,4,0.0000
4,260.0000,8,44,853.0623,-86.9558,-0.4055,7,0.1750,1.0000,8,8,8,0,0,8,8,0.0000
4,260.0000,8,45,180.0166,-72.0311,-0.7558,36,0.9000,0.2000,5,6,2,0,0,6,2,0.6667
4,260.0000,8,47,415.1680,-82.1764,-0.2991,13,0.3250,1.0000,8,8,7,0,0,8,7,0.1250
4,260.0000,9,0,305.4515,-78.2180,-0.4404,34,0.8500,0.4000,5,7,3,0,0,7,3,0.5714
4,260.0000,9,1,317.8547,-79.5346,0.4171,30,0.7500,0.5000,4,7,5,0,0,7,5,0.2857
4,260.0000,9,8,837.8117,-88.5787,1.0032,4,0.1000,1.0000,8,8,8,0,0,8,8,0.0000
4,260.0000,9,13,645.6695,-85.9131,-0.2419,10,0.2500,0.7143,7,8,8,0,0,8,8,0.0000
4,260.0000,9,15,344.3118,-79.3322,-0.1515,34,0.8500,0.0000,4,6,3,0,0,6,3,0.5000
4,260.0000,9,18,875.5482,-86.0022,1.0593,4,0.1000,1.0000,8,8,8,0,0,8,8,0.0000
4,260.0000,9,19,698.2386,-85.0777,-0.1638,24,0.6000,0.7143,7,8,8,0,0,8,8,0.0000
4,260.0000,9,21,290.4451,-78.6922,0.2428,30,0.7500,0.0000,4,6,3,0,0,6,3,0.5000
4,260.0000,9,25,334.1338,-79.5694,0.4702,29,0.7250,0.5000,6,5,2,0,0,5,2,0.6000
4,260.0000,9,27,582.1769,-84.6664,-0.1722,11,0.2750,1.0000,8,8,8,0,0,8,8,0.0000
4,260.0000,9,28,525.3627,-83.9097,-0.1222,28,0.7000,0.7143,7,5,2,0,0,5,2,0.6000
4,260.0000,9,30,476.1706,-84.3409,0.3670,33,0.8250,0.7143,7,8,7,0,0,8,7,0.1250
4,260.0000,9,31,767.0793,-87.7989,-0.3322,6,0.1500,1.0000,8,8,8,0,0,8,8,0.0000
4,260.0000,9,32,384.6310,-81.9542,-0.6599,23,0.5750,0.7143,7,7,6,0,0,7,6,0.1429
4,260.0000,9,36,673.0272,-84.7245,-0.2302,18,0.4500,0.8750,8,7,6,0,0,7,6,0.1429
4,260.0000,9,39,554.3017,-83.8489,-0.1847,29,0.7250,0.7143,7,8,6,0,0,8,6,0.2500
4,260.0000,9,40,532.9523,-83.7898,-0.3047,28,0.7000,0.5714,7,6,4,0,0,6,4,0.3333
4,260.0000,9,44,213.4712,-76.5762,0.2594,35,0.8750,0.0000,4,4,0,0,0,4,0,1.0000
4,260.0000,9,45,912.6225,-88.0183,-0.8601,4,0.1000,1.0000,8,8,8,0,0,8,8,0.0000
4,260.0000,9,46,630.4171,-84.9521,-0.5810,22,0.5500,1.0000,8,8,7,0,0,8,7,0.1250
4,260.0000,10,2,67.1047,-66.7652,2.8497,34,0.8500,0.4286,7,4,0,0,0,4,0,1.0000
4,260.0000,10,3,142.8338,-71.1269,-0.3185,33,0.8250,0.0000,4,5,1,0,0,5,1,0.8000
4,260.0000,10,4,702.3861,-86.7853,0.0504,8,0.2000,0.8571,7,6,6,0,0,6,6,0.0000
4,260.0000,10,5,447.6022,-82.2547,-0.0657,23,0.5750,0.7143,7,5,2,0,0,5,2,0.6000
4,260.0000,10,6,663.2814,-84.2354,-0.3673,10,0.2500,0.8750,8,7,4,0,0,7,4,0.4286
4,260.0000,10,7,521.7597,-84.2140,0.0135,20,0.5000,0.6667,6,6,4,0,0,6,4,0.3333
4,260.0000,10,8,651.2896,-86.4872,0.0883,8,0.2000,0.6667,6,8,7,0,0,8,7,0.1250
4,260.0000,10,11,343.2341,-80.0975,0.0422,26,0.6500,0.0000,4,7,4,0,0,7,4,0.4286
4,260.0000,10,12,138.1686,-75.2684,1.3561,32,0.8000,0.2000,5,4,0,0,0,4,0,1.0000
4,260.0000,10,14,511.1252,-82.8792,-0.4944,16,0.4000,0.4000,5,6,4,0,0,6,4,0.3333
4,260.0000,10,16,651.2056,-85.1814,0.1049,15,0.3750,0.8750,8,8,7,0,0,8,7,0.1250
4,260.0000,10,17,242.9519,-76.6262,-0.3609,37,0.9250,0.7143,7,4,1,0,0,4,1,0.7500
4,260.0000,10,18,670.7593,-86.1147,1.6860,10,0.2500,1.0000,8,7,6,0,0,7,6,0.1429
4,260.0000,10,20,236.2344,-78.8242,1.7069,26,0.6500,0.7143,7,5,1,0,0,5,1,0.8000
4,260.0000,10,22,391.0178,-81.9934,0.2315,22,0.5500,0.7143,7,7,5,0,0,7,5,0.2857
4,260.0000,10,23,312.5684,-80.0597,0.0757,25,0.6250,0.7143,7,4,0,0,0,4,0,1.0000
4,260.0000,10,24,390.8582,-82.5886,0.8347,18,0.4500,0.4000,5,8,7,0,0,8,7,0.1250
4,260.0000,10,26,520.6773,-84.0539,-0.2784,20,0.5000,1.0000,8,8,7,0,0,8,7,0.1250
4,260.0000,10,27,942.2993,-88.6243,-1.2360,5,0.1250,,0,6,5,0,0,6,5,0.1667
4,260.0000,10,29,235.0791,-74.5714,-1.3633,36,0.9000,0.0000,4,6,3,0,0,6,3,0.5000
4,260.0000,10,31,833.2078,-88.3602,-1.1786,5,0.1250,1.0000,4,8,8,0,0,8,8,0.0000
4,260.0000,10,33,480.2412,-82.9829,-0.7156,26,0.6500,0.5714,7,7,5,0,0,7,5,0.2857
4,260.0000,10,34,328.5600,-79.9559,0.4631,23,0.5750,0.0000,4,8,6,0,0,8,6,0.2500
4,260.0000,10,35,650.3685,-85.6328,0.1708,14,0.3500,0.5000,4,10,10,0,0,10,10,0.0000
4,260.0000,10,37,307.4796,-78.6766,0.0017,32,0.8000,0.6667,12,5,2,0,0,5,2,0.6000
4,260.0000,10,38,678.0550,-85.9989,0.2988,11,0.2750,0.8571,7,8,8,0,0,8,8,0.0000
4,260.0000,10,41,752.3846,-86.3364,-0.4732,13,0.3250,1.0000,8,8,6,0,0,8,6,0.2500
4,260.0000,10,42,805.4475,-86.9846,0.6040,8,0.2000,1.0000,8,8,7,0,0,8,7,0.1250
4,260.0000,10,43,556.3172,-84.2130,-0.6578,28,0.7000,0.8750,8,6,4,0,0,6,4,0.3333
4,260.0000,10,45,565.0227,-86.0497,-0.9312,10,0.2500,0.8571,7,6,4,0,0,6,4,0.3333
4,260.0000,10,47,570.9164,-85.0252,0.1755,14,0.3500,1.0000,6,9,8,0,0,9,8,0.1111
4,260.0000,11,2,348.6080,-81.2843,0.9550,13,0.3250,1.0000,8,8,7,0,0,8,7,0.1250
4,260.0000,11,3,375.0303,-82.2258,-0.2385,15,0.3750,0.8750,8,8,7,0,0,8,7,0.1250
4,260.0000,11,4,573.8922,-84.0865,0.6287,11,0.2750,1.0000,8,7,6,0,0,7,6,0.1429
4,260.0000,11,5,705.2406,-86.6521,-1.1678,9,0.2250,1.0000,8,7,6,0,0,7,6,0.1429
4,260.0000,11,6,502.1504,-83.9478,0.2508,11,0.2750,1.0000,8,8,8,0,0,8,8,0.0000
4,260.0000,11,7,753.4008,-86.2221,0.0221,8,0.2000,1.0000,8,7,6,0,0,7,6,0.1429
4,260.0000,11,8,639.2630,-87.0963,0.6330,5,0.1250,1.0000,8,8,8,0,0,8,8,0.0000
4,260.0000,11,10,343.2341,-80.4134,0.6679,15,0.3750,0.7143,7,5,2,0,0,5,2,0.6000
4,260.0000,11,12,469.0175,-85.0875,-0.1023,12,0.3000,0.8571,7,8,7,0,0,8,7,0.1250
4,260.0000,11,14,577.4494,-85.2519,-0.3466,9,0.2250,0.8571,7,6,3,0,0,6,3,0.5000
4,260.0000,11,16,919.7011,-87.0763,-1.5984,3,0.0750,1.0000,6,5,4,0,0,5,4,0.2000
4,260.0000,11,17,412.2922,-82.0280,-1.0874,18,0.4500,0.7143,7,5,2,0,0,5,2,0.6000
4,260.0000,11,18,629.4638,-86.7810,0.1871,8,0.2000,0.8889,9,8,8,0,0,8,8,0.0000
4,260.0000,11,20,409.2750,-82.7882,2.0081,12,0.3000,0.8750,8,6,3,0,0,6,3,0.5000
4,260.0000,11,22,731.6873,-87.5502,1.3714,7,0.1750,1.0000,4,8,8,0,0,8,8,0.0000
4,260.0000,11,23,634.0975,-85.9643,0.3510,7,0.1750,0.8571,7,8,8,0,0,8,8,0.0000
4,260.0000,11,24,485.8562,-84.5282,2.1920,7,0.1750,0.8750,8,8,6,0,0,8,6,0.2500
4,260.0000,11,26,841.0885,-86.9360,-2.5176,5,0.1250,1.0000,8,7,6,0,0,7,6,0.1429
4,260.0000,11,29,306.4066,-78.5349,-0.2594,23,0.5750,0.2000,5,7,6,0,0,7,6,0.1429
4,260.0000,11,31,704.8215,-87.3388,-0.1271,6,0.1500,1.0000,8,8,8,0,0,8,8,0.0000
4,260.0000,11,33,631.4226,-86.1175,0.5165,12,0.3000,1.0000,8,8,6,0,0,8,6,0.2500
4,260.0000,11,34,525.0797,-84.0275,-0.1906,15,0.3750,1.0000,8,6,4,0,0,6,4,0.3333
4,260.0000,11,37,550.0238,-84.2754,-0.7090,10,0.2500,0.8750,8,8,8,0,0,8,8,0.0000
4,260.0000,11,38,864.3586,-87.1386,3.2915,5,0.1250,1.0000,8,4,4,0,0,4,4,0.0000
4,260.0000,11,42,662.3213,-86.2518,0.2884,8,0.2000,0.8750,8,8,7,0,0,8,7,0.1250
4,260.0000,11,43,627.6005,-85.3272,-0.7004,16,0.4000,1.0000,8,7,6,0,0,7,6,0.1429
4,260.0000,11,45,648.6496,-87.4771,0.3028,5,0.1250,1.0000,8,7,5,0,0,7,5,0.2857
4,260.0000,11,47,656.4838,-86.4762,-0.5271,8,0.2000,0.8750,8,8,8,0,0,8,8,0.0000
4,260.0000,12,2,144.0710,-71.5002,0.2013,34,0.8500,0.2000,5,4,0,0,0,4,0,1.0000
4,260.0000,12,3,229.2237,-77.8181,0.7358,28,0.7000,0.4000,5,5,2,0,0,5,2,0.6000
4,260.0000,12,4,731.9899,-87.7384,-0.1696,9,0.2250,0.7500,8,8,6,0,0,8,6,0.2500
4,260.0000,12,5,441.2815,-82.7397,-0.1653,25,0.6250,0.7500,8,7,6,0,0,7,6,0.1429
4,260.0000,12,6,727.6663,-86.1644,-0.5106,9,0.2250,1.0000,8,8,8,0,0,8,8,0.0000
4,260.0000,12,7,537.6184,-84.7878,0.3092,18,0.4500,0.4286,7,6,3,0,0,6,3,0.5000
4,260.0000,12,8,645.1360,-84.6261,-1.3985,12,0.3000,1.0000,8,8,8,0,0,8,8,0.0000
4,260.0000,12,10,138.1686,-75.0293,1.4098,33,0.8250,0.6667,6,7,3,0,0,7,3,0.5714
4,260.0000,12,11,469.0175,-83.3228,0.3471,16,0.4000,0.7143,7,7,6,0,0,7,6,0.1429
4,260.0000,12,13,1038.6455,-87.6248,-0.5164,3,0.0750,,0,4,4,0,0,4,4,0.0000
4,260.0000,12,14,529.6282,-82.9589,-0.6569,20,0.5000,0.6667,6,8,7,0,0,8,7,0.1250
4,260.0000,12,16,559.1509,-83.5909,-0.1253,19,0.4750,0.5000,6,8,8,0,0,8,8,0.0000
4,260.0000,12,17,272.0406,-80.3592,0.5441,29,0.7250,0.5000,4,4,0,0,0,4,0,1.0000
4,260.0000,12,18,699.2504,-86.5967,0.2513,11,0.2750,0.8000,5,8,7,0,0,8,7,0.1250
4,260.0000,12,20,220.5833,-75.0463,-0.6294,33,0.8250,0.0000,4,5,1,0,0,5,1,0.8000
4,260.0000,12,22,290.8481,-80.2617,-0.2965,25,0.6250,0.6667,6,5,2,0,0,5,2,0.6000
4,260.0000,12,23,248.2962,-79.3676,0.9026,31,0.7750,0.3333,6,4,0,0,0,4,0,1.0000
4,260.0000,12,24,414.8958,-81.0774,-1.2006,23,0.5750,0.8571,7,7,6,0,0,7,6,0.1429
4,260.0000,12,26,441.0624,-81.9972,-0.9684,20,0.5000,0.3333,6,8,8,0,0,8,8,0.0000
4,260.0000,12,27,902.4384,-88.2280,0.4647,4,0.1000,1.0000,6,2,2,0,0,2,2,0.0000
4,260.0000,12,29,356.5253,-81.0338,0.4049,21,0.5250,0.7143,7,8,5,0,0,8,5,0.3750
4,260.0000,12,31,869.8765,-87.6909,-0.1660,7,0.1750,0.8000,5,8,8,0,0,8,8,0.0000
4,260.0000,12,33,535.4209,-83.8544,0.1637,18,0.4500,0.8571,7,8,8,0,0,8,8,0.0000
4,260.0000,12,34,374.0482,-81.2268,-0.6830,26,0.6500,0.3333,6,5,2,0,0,5,2,0.6000
4,260.0000,12,35,605.5609,-85.3049,-0.9545,19,0.4750,0.8571,7,8,8,0,0,8,8,0.0000
4,260.0000,12,37,330.1699,-79.8980,0.3943,28,0.7000,0.8571,7,7,6,0,0,7,6,0.1429
4,260.0000,12,38,621.4486,-84.2700,-0.2317,13,0.3250,0.7143,7,8,7,0,0,8,7,0.1250
4,260.0000,12,41,680.1500,-86.7930,0.6718,11,0.2750,1.0000,8,8,6,0,0,8,6,0.2500
4,260.0000,12,42,837.1176,-86.4834,0.3034,7,0.1750,1.0000,10,6,6,0,0,6,6,0.0000
4,260.0000,12,43,625.9640,-86.4284,0.5350,17,0.4250,0.7500,8,7,5,0,0,7,5,0.2857
4,260.0000,12,45,526.6451,-83.4952,0.0200,17,0.4250,0.6667,6,9,7,0,0,9,7,0.2222
4,260.0000,12,47,561.3803,-83.3569,-0.5812,16,0.4000,0.6667,6,8,8,0,0,8,8,0.0000
4,260.0000,13,0,874.8827,-87.3266,0.7389,5,0.1250,1.0000,6,8,8,0,0,8,8,0.0000
4,260.0000,13,1,379.5767,-81.9612,0.8899,17,0.4250,0.7143,7,6,4,0,0,6,4,0.3333
4,260.0000,13,4,526.6917,-84.5592,-0.2055,12,0.3000,0.7143,7,8,8,0,0,8,8,0.0000
4,260.0000,13,6,439.2012,-82.9992,0.4381,9,0.2250,0.6667,6,7,6,0,0,7,6,0.1429
4,260.0000,13,8,429.9334,-82.4919,0.0470,14,0.3500,1.0000,8,8,8,0,0,8,8,0.0000
4,260.0000,13,9,645.6695,-85.7787,-0.0050,9,0.2250,0.8750,8,8,8,0,0,8,8,0.0000
4,260.0000,13,14,744.7582,-86.3717,-1.0905,4,0.1000,1.0000,8,8,8,0,0,8,8,0.0000
4,260.0000,13,15,879.5571,-86.4601,-0.5944,4,0.1000,1.0000,6,6,6,0,0,6,6,0.0000
4,260.0000,13,18,488.5772,-81.7283,-0.8286,11,0.2750,1.0000,8,8,8,0,0,8,8,0.0000
4,260.0000,13,19,670.8234,-86.2002,0.8089,10,0.2500,1.0000,8,8,8,0,0,8,8,0.0000
4,260.0000,13,21,536.3510,-84.6577,0.2559,8,0.2000,0.4000,5,7,5,0,0,7,5,0.2857
4,260.0000,13,25,315.4504,-80.4717,1.0486,21,0.5250,1.0000,8,7,4,0,0,7,4,0.4286
4,260.0000,13,27,605.1599,-86.3676,-0.0233,7,0.1750,1.0000,10,8,8,0,0,8,8,0.0000
4,260.0000,13,31,206.2730,-74.3360,-0.3781,30,0.7500,0.0000,4,6,2,0,0,6,2,0.6667
4,260.0000,13,32,456.3796,-84.3474,0.6059,11,0.2750,1.0000,8,6,3,0,0,6,3,0.5000
4,260.0000,13,36,408.4266,-82.2177,0.5214,23,0.5750,0.8571,7,7,4,0,0,7,4,0.4286
4,260.0000,13,38,906.2588,-87.6938,0.5537,3,0.0750,1.0000,6,4,4,0,0,4,4,0.0000
4,260.0000,13,42,324.7429,-79.7298,0.1888,21,0.5250,0.2500,4,8,6,0,0,8,6,0.2500
4,260.0000,13,44,753.7604,-86.7832,-1.0291,4,0.1000,1.0000,8,8,8,0,0,8,8,0.0000
4,260.0000,13,45,597.2818,-84.6333,-0.8239,9,0.2250,1.0000,8,6,4,0,0,6,4,0.3333
4,260.0000,14,1,959.2534,-88.0290,-0.2159,4,0.1000,1.0000,4,6,6,0,0,6,6,0.0000
4,260.0000,14,2,567.4361,-84.6492,-0.2554,10,0.2500,1.0000,6,7,6,0,0,7,6,0.1429
4,260.0000,14,3,634.8718,-84.4333,2.0648,9,0.2250,1.0000,8,8,8,0,0,8,8,0.0000
4,260.0000,14,4,748.0988,-87.1949,0.3404,7,0.1750,1.0000,8,6,5,0,0,6,5,0.1667
4,260.0000,14,5,589.3324,-84.4831,-0.5195,13,0.3250,0.8571,7,8,8,0,0,8,8,0.0000
4,260.0000,14,6,420.5766,-80.1719,-0.6836,20,0.5000,0.2000,5,8,7,0,0,8,7,0.1250
4,260.0000,14,7,837.3531,-87.6237,-0.5009,9,0.2250,1.0000,8,8,8,0,0,8,8,0.0000
4,260.0000,14,8,502.2719,-84.1763,0.0330,13,0.3250,0.8750,8,8,8,0,0,8,8,0.0000
4,260.0000,14,9,1078.9764,-88.9013,0.7711,4,0.1000,1.0000,4,2,2,0,0,2,2,0.0000
4,260.0000,14,10,511.1252,-84.3560,0.8728,14,0.3500,1.0000,8,8,8,0,0,8,8,0.0000
4,260.0000,14,11,577.4494,-84.3967,-0.8102,11,0.2750,0.8750,8,8,7,0,0,8,7,0.1250
4,260.0000,14,12,529.6282,-84.9689,-0.8300,13,0.3250,1.0000,8,8,8,0,0,8,8,0.0000
4,260.0000,14,13,744.7582,-86.2374,-0.5052,9,0.2250,1.0000,8,8,7,0,0,8,7,0.1250
4,260.0000,14,16,514.5455,-84.4747,0.5075,14,0.3500,0.6667,6,8,8,0,0,8,8,0.0000
4,260.0000,14,17,735.8498,-87.0017,0.0451,8,0.2000,0.8571,7,8,7,0,0,8,7,0.1250
4,260.0000,14,18,265.1014,-79.5473,1.0533,22,0.5500,0.7500,8,5,1,0,0,5,1,0.8000
4,260.0000,14,20,405.8264,-81.6916,-0.8238,19,0.4750,0.6667,6,7,6,0,0,7,6,0.1429
4,260.0000,14,21,919.1550,-89.0246,-0.0039,4,0.1000,0.8571,7,6,6,0,0,6,6,0.0000
4,260.0000,14,22,723.1926,-87.2689,-0.7461,6,0.1500,0.8571,7,6,4,0,0,6,4,0.3333
4,260.0000,14,23,737.7543,-86.3597,0.1774,9,0.2250,0.8750,8,6,4,0,0,6,4,0.3333
4,260.0000,14,24,120.2933,-69.8535,0.9612,34,0.8500,0.2000,5,5,2,0,0,5,2,0.6000
4,260.0000,14,25,871.8849,-87.8304,0.8795,5,0.1250,0.6667,3,6,6,0,0,6,6,0.0000
4,260.0000,14,26,652.8687,-85.0653,-0.5438,15,0.3750,0.8571,7,8,8,0,0,8,8,0.0000
4,260.0000,14,27,561.7936,-86.3323,2.0208,11,0.2750,1.0000,8,8,8,0,0,8,8,0.0000
4,260.0000,14,29,655.4115,-84.5255,-1.0150,13,0.3250,0.7143,7,8,8,0,0,8,8,0.0000
4,260.0000,14,31,553.2563,-84.9111,-0.5249,10,0.2500,0.8750,8,8,7,0,0,8,7,0.1250
4,260.0000,14,32,711.9961,-88.0700,0.7230,10,0.2500,1.0000,4,4,4,0,0,4,4,0.0000
4,260.0000,14,33,913.7630,-87.0386,-0.2855,8,0.2000,1.0000,2,4,4,0,0,4,4,0.0000
4,260.0000,14,34,460.7667,-81.5146,-1.0700,19,0.4750,0.7143,7,8,8,0,0,8,8,0.0000
4,260.0000,14,35,841.0056,-86.9867,-0.1790,8,0.2000,1.0000,8,6,6,0,0,6,6,0.0000
4,260.0000,14,37,485.4121,-83.8705,0.6082,17,0.4250,0.7143,7,7,5,0,0,7,5,0.2857
4,260.0000,14,38,349.7108,-79.6866,0.2179,23,0.5750,0.5000,6,5,2,0,0,5,2,0.6000
4,260.0000,14,41,911.9341,-88.5252,-0.8366,4,0.1000,1.0000,6,8,8,0,0,8,8,0.0000
4,260.0000,14,42,715.1072,-85.9404,1.6054,11,0.2750,0.8750,8,6,6,0,0,6,6,0.0000
4,260.0000,14,43,1023.7733,-88.9467,-0.2261,3,0.0750,,0,8,8,0,0,8,8,0.0000
4,260.0000,14,45,447.9920,-82.3274,1.1506,15,0.3750,0.7143,7,6,3,0,0,6,3,0.5000
4,260.0000,14,47,147.5403,-73.8432,0.5235,35,0.8750,0.2500,4,5,0,0,0,5,0,1.0000
4,260.0000,15,0,287.9627,-79.9573,1.3037,28,0.7000,0.7143,7,4,0,0,0,4,0,1.0000
4,260.0000,15,1,503.1605,-83.3866,0.1888,14,0.3500,0.8750,8,7,6,0,0,7,6,0.1429
4,260.0000,15,9,344.3118,-78.9620,-0.9098,27,0.6750,0.5000,6,7,6,0,0,7,6,0.1429
4,260.0000,15,13,879.5571,-88.0734,1.6639,3,0.0750,1.0000,8,8,8,0,0,8,8,0.0000
4,260.0000,15,19,693.8702,-85.9790,0.2440,14,0.3500,0.8571,7,7,6,0,0,7,6,0.1429
4,260.0000,15,21,634.4504,-84.8182,0.4794,13,0.3250,0.6667,6,7,6,0,0,7,6,0.1429
4,260.0000,15,25,576.3663,-83.6500,0.4039,11,0.2750,0.8571,7,8,8,0,0,8,8,0.0000
4,260.0000,15,27,853.8089,-86.7021,-0.2194,9,0.2250,1.0000,8,8,8,0,0,8,8,0.0000
4,260.0000,15,28,253.3541,-79.9952,1.1252,31,0.7750,0.4000,5,4,0,0,0,4,0,1.0000
4,260.0000,15,30,338.1931,-81.0273,0.7692,33,0.8250,0.4286,7,5,4,0,0,5,4,0.2000
4,260.0000,15,32,607.2905,-83.7685,-0.4163,16,0.4000,0.8750,8,7,6,0,0,7,6,0.1429
4,260.0000,15,36,820.2743,-85.8641,0.9679,9,0.2250,1.0000,6,10,10,0,0,10,10,0.0000
4,260.0000,15,39,234.4052,-79.6614,1.2647,33,0.8250,0.2000,5,6,2,0,0,6,2,0.6667
4,260.0000,15,40,364.7493,-82.4071,0.5313,32,0.8000,0.7500,8,5,1,0,0,5,1,0.8000
4,260.0000,15,44,432.8269,-80.5742,-1.4315,26,0.6500,0.0000,4,7,6,0,0,7,6,0.1429
4,260.0000,15,46,436.4833,-84.3675,0.3435,23,0.5750,0.6250,8,4,0,0,0,4,0,1.0000
4,260.0000,16,2,690.8680,-86.0899,-0.0700,7,0.1750,0.7143,7,8,8,0,0,8,8,0.0000
4,260.0000,16,3,751.3073,-86.1157,-0.5946,7,0.1750,1.0000,8,8,8,0,0,8,8,0.0000
4,260.0000,16,5,545.6214,-82.2083,-1.4180,11,0.2750,0.6667,6,8,8,0,0,8,8,0.0000
4,260.0000,16,6,895.0095,-86.3123,-0.7624,5,0.1250,0.8571,7,8,8,0,0,8,8,0.0000
4,260.0000,16,7,805.2161,-84.6736,-0.5925,6,0.1500,1.0000,8,6,6,0,0,6,6,0.0000
4,260.0000,16,8,760.2805,-86.6038,-0.0593,5,0.1250,1.0000,8,8,8,0,0,8,8,0.0000
4,260.0000,16,10,651.2056,-86.6228,0.6409,8,0.2000,1.0000,8,8,8,0,0,8,8,0.0000
4,260.0000,16,12,559.1509,-83.7172,-0.9673,10,0.2500,0.8571,7,7,6,0,0,7,6,0.1429
4,260.0000,16,14,514.5455,-84.4572,0.1075,12,0.3000,1.0000,8,7,6,0,0,7,6,0.1429
4,260.0000,16,17,828.2888,-87.3096,-1.4779,3,0.0750,1.0000,8,8,8,0,0,8,8,0.0000
4,260.0000,16,18,711.4620,-85.7875,0.0510,3,0.0750,1.0000,6,8,8,0,0,8,8,0.0000
4,260.0000,16,20,568.0860,-83.8354,-1.4289,9,0.2250,1.0000,8,8,7,0,0,8,7,0.1250
4,260.0000,16,21,1046.5924,-88.9366,0.1239,3,0.0750,1.0000,4,6,6,0,0,6,6,0.0000
4,260.0000,16,22,541.7476,-82.7225,0.4836,11,0.2750,1.0000,8,8,8,0,0,8,8,0.0000
4,260.0000,16,23,653.0062,-84.7198,-0.6122,10,0.2500,0.8750,8,8,8,0,0,8,8,0.0000
4,260.0000,16,24,504.9747,-82.6715,-1.0659,12,0.3000,0.6667,6,7,6,0,0,7,6,0.1429
4,260.0000,16,26,386.9564,-80.3507,-0.8316,16,0.4000,1.0000,8,7,6,0,0,7,6,0.1429
4,260.0000,16,27,663.7700,-85.4033,-0.1180,6,0.1500,0.8571,7,6,6,0,0,6,6,0.0000
4,260.0000,16,29,849.9246,-87.5178,-0.6574,5,0.1250,1.0000,8,8,8,0,0,8,8,0.0000
4,260.0000,16,33,972.5047,-88.0950,-1.1897,3,0.0750,1.0000,8,4,4,0,0,4,4,0.0000
4,260.0000,16,34,590.0195,-83.3162,-0.6971,11,0.2750,1.0000,8,8,8,0,0,8,8,0.0000
4,260.0000,16,35,631.6532,-85.4668,-0.0126,10,0.2500,0.8750,8,7,6,0,0,7,6,0.1429
4,260.0000,16,37,552.7958,-84.4931,-0.4771,10,0.2500,0.8571,7,8,8,0,0,8,8,0.0000
4,260.0000,16,38,249.5165,-77.2985,-0.2989,31,0.7750,0.0000,4,5,1,0,0,5,1,0.8000
4,260.0000,16,41,599.3107,-83.0384,-0.9541,13,0.3250,1.0000,8,8,7,0,0,8,7,0.1250
4,260.0000,16,45,597.6929,-84.6115,-1.6473,7,0.1750,0.8571,7,8,8,0,0,8,8,0.0000
4,260.0000,16,47,473.2744,-83.1572,-0.6748,12,0.3000,0.8571,7,7,6,0,0,7,6,0.1429
4,260.0000,17,2,176.9458,-76.1559,1.2663,27,0.6750,0.4286,7,5,1,0,0,5,1,0.8000
4,260.0000,17,3,208.2091,-77.0122,1.0837,26,0.6500,0.4000,5,5,2,0,0,5,2,0.6000
4,260.0000,17,4,700.3477,-86.7001,-0.5496,8,0.2000,0.8571,7,8,8,0,0,8,8,0.0000
4,260.0000,17,5,630.8752,-85.1946,0.8802,12,0.3000,1.0000,8,8,7,0,0,8,7,0.1250
4,260.0000,17,6,809.3387,-87.1229,0.7340,4,0.1000,1.0000,8,8,8,0,0,8,8,0.0000
4,260.0000,17,7,607.0320,-85.8781,0.9594,11,0.2750,0.8571,7,8,8,0,0,8,8,0.0000
4,260.0000,17,8,746.6949,-87.7516,0.4276,6,0.1500,1.0000,8,8,8,0,0,8,8,0.0000
4,260.0000,17,10,242.9519,-76.8340,0.2556,28,0.7000,0.3333,6,5,1,0,0,5,1,0.8000
4,260.0000,17,11,412.2922,-82.6130,-0.3521,22,0.5500,0.8571,7,8,7,0,0,8,7,0.1250
4,260.0000,17,12,272.0406,-79.8792,1.2085,21,0.5250,0.4000,5,6,4,0,0,6,4,0.3333
4,260.0000,17,14,735.8498,-87.6363,0.3027,7,0.1750,1.0000,8,8,8,0,0,8,8,0.0000
4,260.0000,17,16,828.2888,-86.2690,0.2455,6,0.1500,1.0000,8,6,6,0,0,6,6,0.0000
4,260.0000,17,18,855.8791,-87.9994,-0.0265,6,0.1500,1.0000,4,8,8,0,0,8,8,0.0000
4,260.0000,17,20,377.1554,-83.6015,1.2295,12,0.3000,1.0000,8,7,5,0,0,7,5,0.2857
4,260.0000,17,22,448.6253,-83.9614,1.4614,16,0.4000,0.5000,6,5,2,0,0,5,2,0.6000
4,260.0000,17,23,327.3091,-80.9022,0.4680,21,0.5250,0.7143,7,5,2,0,0,5,2,0.6000
4,260.0000,17,24,617.5993,-86.0063,-0.5043,9,0.2250,1.0000,8,7,6,0,0,7,6,0.1429
4,260.0000,17,26,668.5727,-85.5614,-0.1561,12,0.3000,1.0000,8,8,8,0,0,8,8,0.0000
4,260.0000,17,29,299.5187,-78.7763,-0.2417,28,0.7000,0.6667,6,6,3,0,0,6,3,0.5000
4,260.0000,17,33,466.4618,-83.1151,0.2046,18,0.4500,0.8571,7,7,6,0,0,7,6,0.1429
4,260.0000,17,34,545.4883,-85.3634,0.5681,13,0.3250,0.8571,7,8,8,0,0,8,8,0.0000
4,260.0000,17,35,770.3720,-86.6921,-0.8536,11,0.2750,0.8571,7,8,8,0,0,8,8,0.0000
4,260.0000,17,37,515.8097,-83.6799,0.7488,15,0.3750,0.8571,7,7,6,0,0,7,6,0.1429
4,260.0000,17,38,880.9287,-88.5208,0.4001,5,0.1250,1.0000,6,8,8,0,0,8,8,0.0000
4,260.0000,17,41,862.2122,-88.0220,-0.2615,9,0.2250,1.0000,10,6,5,0,0,6,5,0.1667
4,260.0000,17,42,853.1503,-86.6926,0.0961,4,0.1000,1.0000,6,8,7,0,0,8,7,0.1250
4,260.0000,17,43,465.0221,-82.2958,0.0103,24,0.6000,0.4000,5,6,3,0,0,6,3,0.5000
4,260.0000,17,45,673.0114,-86.6378,0.6861,6,0.1500,1.0000,8,7,6,0,0,7,6,0.1429
4,260.0000,17,47,775.4846,-85.6908,0.5296,6,0.1500,1.0000,8,8,8,0,0,8,8,0.0000
4,260.0000,18,1,712.8328,-85.6786,-0.1652,11,0.2750,0.7143,7,6,4,0,0,6,4,0.3333
4,260.0000,18,2,712.7342,-87.3580,-0.3604,5,0.1250,1.0000,8,8,8,0,0,8,8,0.0000
4,260.0000,18,3,800.8981,-87.6697,0.7240,6,0.1500,0.6667,3,7,5,0,0,7,5,0.2857
4,260.0000,18,4,622.0120,-84.6095,-0.4308,12,0.3000,1.0000,8,8,8,0,0,8,8,0.0000
4,260.0000,18,6,240.8651,-75.8958,-0.1827,28,0.7000,0.2000,5,6,3,0,0,6,3,0.5000
4,260.0000,18,8,369.1954,-80.8410,1.0825,20,0.5000,0.8571,7,6,3,0,0,6,3,0.5000
4,260.0000,18,10,670.7593,-88.0826,1.2808,5,0.1250,0.7500,8,6,6,0,0,6,6,0.0000
4,260.0000,18,11,629.4638,-86.2219,0.3257,5,0.1250,0.8571,7,8,8,0,0,8,8,0.0000
4,260.0000,18,12,699.2504,-84.8951,-1.1053,5,0.1250,1.0000,8,8,8,0,0,8,8,0.0000
4,260.0000,18,13,488.5772,-81.8988,-0.3753,23,0.5750,0.5714,7,8,8,0,0,8,8,0.0000
4,260.0000,18,14,265.1014,-79.1246,1.1089,21,0.5250,0.4000,5,4,0,0,0,4,0,1.0000
4,260.0000,18,16,711.4620,-87.5677,-0.6338,3,0.0750,0.8750,8,8,8,0,0,8,8,0.0000
4,260.0000,18,19,1108.6447,-88.5831,-0.0200,3,0.0750,,0,4,4,0,0,4,4,0.0000
4,260.0000,18,20,511.0249,-84.4376,0.8111,10,0.2500,0.8750,8,8,8,0,0,8,8,0.0000
4,260.0000,18,21,735.0380,-86.0705,-0.8675,8,0.2000,0.8571,7,7,5,0,0,7,5,0.2857
4,260.0000,18,23,935.6874,-88.6114,0.2856,4,0.1000,1.0000,2,6,6,0,0,6,6,0.0000
4,260.0000,18,24,336.9004,-83.1840,0.2162,11,0.2750,0.6667,6,6,4,0,0,6,4,0.3333
4,260.0000,18,25,629.7253,-86.1686,-0.3641,10,0.2500,1.0000,8,7,6,0,0,7,6,0.1429
4,260.0000,18,26,900.4667,-87.9820,-0.5246,3,0.0750,1.0000,8,8,8,0,0,8,8,0.0000
4,260.0000,18,27,460.9711,-82.4902,0.2921,19,0.4750,0.8750,8,7,6,0,0,7,6,0.1429
4,260.0000,18,29,808.2909,-87.9929,-0.1184,8,0.2000,1.0000,6,7,5,0,0,7,5,0.2857
4,260.0000,18,31,300.8229,-78.4820,-0.3510,30,0.7500,0.4000,5,7,5,0,0,7,5,0.2857
4,260.0000,18,32,510.4370,-84.5411,-0.0961,16,0.4000,1.0000,8,6,4,0,0,6,4,0.3333
4,260.0000,18,34,699.4948,-86.3770,0.6659,8,0.2000,0.7143,7,8,7,0,0,8,7,0.1250
4,260.0000,18,36,892.1339,-87.4705,0.1473,9,0.2250,1.0000,6,3,2,0,0,3,2,0.3333
4,260.0000,18,37,727.0023,-87.1376,0.0103,6,0.1500,1.0000,10,8,7,0,0,8,7,0.1250
4,260.0000,18,38,501.5791,-84.1009,0.6340,15,0.3750,0.8571,7,6,4,0,0,6,4,0.3333
4,260.0000,18,42,525.9837,-82.3452,-0.4199,14,0.3500,1.0000,8,8,8,0,0,8,8,0.0000
4,260.0000,18,44,864.6494,-87.3798,-0.9818,7,0.1750,1.0000,8,8,8,0,0,8,8,0.0000
4,260.0000,18,45,411.5593,-82.4003,-0.1465,18,0.4500,0.8750,8,7,6,0,0,7,6,0.1429
4,260.0000,18,47,238.2181,-79.1678,1.0901,23,0.5750,0.8571,7,5,2,0,0,5,2,0.6000
4,260.0000,19,0,677.9734,-84.7270,-0.4582,19,0.4750,0.6250,8,8,8,0,0,8,8,0.0000
4,260.0000,19,1,493.8577,-82.0449,-0.5882,18,0.4500,0.8750,8,8,8,0,0,8,8,0.0000
4,260.0000,19,9,698.2386,-85.2369,0.0052,9,0.2250,1.0000,8,8,8,0,0,8,8,0.0000
4,260.0000,19,13,670.8234,-87.8024,1.1604,4,0.1000,1.0000,8,7,6,0,0,7,6,0.1429
4,260.0000,19,15,693.8702,-85.1533,-0.8762,12,0.3000,0.8571,7,8,7,0,0,8,7,0.1250
4,260.0000,19,21,821.8172,-87.1319,0.1340,6,0.1500,1.0000,8,8,8,0,0,8,8,0.0000
4,260.0000,19,25,581.2399,-83.7781,-0.0766,12,0.3000,0.7500,8,8,7,0,0,8,7,0.1250
4,260.0000,19,28,687.8989,-85.5899,-0.0125,15,0.3750,0.8571,7,8,7,0,0,8,7,0.1250
4,260.0000,19,30,956.0501,-86.8181,1.0410,6,0.1500,1.0000,8,6,6,0,0,6,6,0.0000
4,260.0000,19,31,856.4820,-86.9176,0.7860,3,0.0750,1.0000,8,8,8,0,0,8,8,0.0000
4,260.0000,19,32,814.9237,-86.3653,0.7729,6,0.1500,1.0000,8,8,8,0,0,8,8,0.0000
4,260.0000,19,36,333.8586,-79.8668,-0.2983,32,0.8000,0.6667,6,6,4,0,0,6,4,0.3333
4,260.0000,19,39,774.6414,-86.2486,-0.1719,18,0.4500,0.8571,7,8,8,0,0,8,8,0.0000
4,260.0000,19,40,731.9454,-85.2385,-0.5682,13,0.3250,0.7143,7,8,8,0,0,8,8,0.0000
4,260.0000,19,44,903.2699,-87.9466,-0.6995,4,0.1000,1.0000,8,8,8,0,0,8,8,0.0000
4,260.0000,19,46,495.3814,-82.7303,-0.5184,27,0.6750,0.6667,6,6,4,0,0,6,4,0.3333
4,260.0000,20,2,251.3079,-77.7750,0.1782,28,0.7000,0.6250,8,4,0,0,0,4,0,1.0000
4,260.0000,20,3,374.9239,-82.7606,0.9486,16,0.4000,0.7143,7,7,3,0,0,7,3,0.5714
4,260.0000,20,4,546.0845,-84.3278,-0.0406,17,0.4250,0.8750,8,6,4,0,0,6,4,0.3333
4,260.0000,20,5,581.9438,-85.9349,-0.9608,15,0.3750,0.8750,8,7,5,0,0,7,5,0.2857
4,260.0000,20,6,535.0978,-83.2328,-0.1427,16,0.4000,0.8571,7,7,6,0,0,7,6,0.1429
4,260.0000,20,7,728.3974,-86.4951,0.6733,12,0.3000,1.0000,8,8,7,0,0,8,7,0.1250
4,260.0000,20,8,427.8747,-82.3881,-0.8758,16,0.4000,0.8750,8,6,4,0,0,6,4,0.3333
4,260.0000,20,10,236.2344,-79.6494,1.3272,24,0.6000,0.8571,7,5,2,0,0,5,2,0.6000
4,260.0000,20,11,409.2750,-83.1874,-0.3595,19,0.4750,0.6667,6,6,4,0,0,6,4,0.3333
4,260.0000,20,12,220.5833,-74.8017,-0.5683,32,0.8000,0.5000,6,7,4,0,0,7,4,0.4286
4,260.0000,20,13,818.7715,-88.0518,-0.3558,5,0.1250,1.0000,2,6,6,0,0,6,6,0.0000
4,260.0000,20,14,405.8264,-80.6793,0.2775,23,0.5750,0.6667,6,6,4,0,0,6,4,0.3333
4,260.0000,20,16,568.0860,-84.2709,-0.6418,19,0.4750,0.8571,7,6,4,0,0,6,4,0.3333
4,260.0000,20,17,377.1554,-82.0403,0.0371,23,0.5750,0.5000,6,4,0,0,0,4,0,1.0000
4,260.0000,20,18,511.0249,-84.8680,0.4440,13,0.3250,0.5000,4,7,6,0,0,7,6,0.1429
4,260.0000,20,21,989.0861,-88.4292,-0.8984,4,0.1000,1.0000,6,6,6,0,0,6,6,0.0000
4,260.0000,20,22,494.1810,-83.8711,0.5333,16,0.4000,0.7143,7,7,6,0,0,7,6,0.1429
4,260.0000,20,23,468.2576,-84.3001,-0.0755,19,0.4750,0.8333,6,7,5,0,0,7,5,0.2857
4,260.0000,20,24,304.6983,-78.9842,0.2522,25,0.6250,0.2500,4,6,3,0,0,6,3,0.5000
4,260.0000,20,26,589.4790,-83.4383,-0.5274,17,0.4250,1.0000,8,8,8,0,0,8,8,0.0000
4,260.0000,20,27,729.9199,-86.8164,0.3369,7,0.1750,1.0000,8,6,6,0,0,6,6,0.0000
4,260.0000,20,29,453.5509,-83.0867,0.8976,18,0.4500,0.8571,7,8,8,0,0,8,8,0.0000
4,260.0000,20,31,654.7560,-85.7627,-1.8515,7,0.1750,1.0000,8,7,6,0,0,7,6,0.1429
4,260.0000,20,33,714.9007,-86.5448,-0.2239,13,0.3250,1.0000,6,6,6,0,0,6,6,0.0000
4,260.0000,20,34,465.4983,-82.4330,-0.2113,19,0.4750,0.7500,8,6,3,0,0,6,3,0.5000
4,260.0000,20,35,786.4370,-86.7015,-0.7315,15,0.3750,0.8750,8,8,8,0,0,8,8,0.0000
4,260.0000,20,37,448.2905,-82.6424,-1.0207,17,0.4250,1.0000,8,7,5,0,0,7,5,0.2857
4,260.0000,20,38,544.5440,-83.4868,-0.2519,19,0.4750,0.7143,7,7,6,0,0,7,6,0.1429
4,260.0000,20,41,853.9098,-87.9804,-0.5564,8,0.2000,1.0000,4,8,7,0,0,8,7,0.1250
4,260.0000,20,42,627.0886,-84.7701,-0.2555,15,0.3750,0.8750,8,7,6,0,0,7,6,0.1429
4,260.0000,20,43,780.9270,-87.1255,-0.3069,9,0.2250,1.0000,4,8,8,0,0,8,8,0.0000
4,260.0000,20,45,329.0346,-80.9107,-0.4886,21,0.5250,0.6667,6,8,8,0,0,8,8,0.0000
4,260.0000,20,47,409.7066,-80.5833,-0.5071,22,0.5500,0.5000,6,6,4,0,0,6,4,0.3333
4,260.0000,21,0,542.8881,-82.6568,0.1869,17,0.4250,0.8750,8,7,6,0,0,7,6,0.1429
4,260.0000,21,1,388.1421,-81.8000,-0.2208,17,0.4250,0.6000,5,5,1,0,0,5,1,0.8000
4,260.0000,21,6,842.5642,-86.7232,0.5113,7,0.1750,0.8750,8,8,7,0,0,8,7,0.1250
4,260.0000,21,8,603.2736,-85.4463,0.4129,8,0.2000,0.8571,7,8,8,0,0,8,8,0.0000
4,260.0000,21,9,290.4451,-79.3517,-0.7044,29,0.7250,0.5000,6,5,1,0,0,5,1,0.8000
4,260.0000,21,13,536.3510,-85.6602,-0.3853,8,0.2000,1.0000,8,6,4,0,0,6,4,0.3333
4,260.0000,21,15,634.4504,-85.3342,-0.9127,14,0.3500,1.0000,8,8,7,0,0,8,7,0.1250
4,260.0000,21,16,1046.5924,-88.2173,-0.0509,3,0.0750,1.0000,8,4,4,0,0,4,4,0.0000
4,260.0000,21,18,735.0380,-87.1090,-0.6367,3,0.0750,1.0000,8,7,5,0,0,7,5,0.2857
4,260.0000,21,19,821.8172,-86.4858,0.0932,9,0.2250,1.0000,8,8,8,0,0,8,8,0.0000
4,260.0000,21,25,320.6992,-80.8236,-0.1948,23,0.5750,0.5000,6,7,6,0,0,7,6,0.1429
4,260.0000,21,27,425.2825,-82.0017,0.5614,15,0.3750,0.7143,14,8,7,2,2,10,9,0.1000
4,260.0000,21,28,803.3684,-87.4859,0.4765,9,0.2250,1.0000,8,6,6,0,0,6,6,0.0000
4,260.0000,21,30,717.4201,-86.9627,-0.0398,12,0.3000,1.0000,8,8,7,0,0,8,7,0.1250
4,260.0000,21,31,633.5966,-86.4815,1.0136,8,0.2000,1.0000,8,7,6,0,0,7,6,0.1429
4,260.0000,21,32,365.1240,-79.8541,0.1217,21,0.5250,0.8571,7,8,8,0,0,8,8,0.0000
4,260.0000,21,36,669.7098,-85.7706,0.5942,13,0.3250,0.8571,7,8,8,0,0,8,8,0.0000
4,260.0000,21,38,866.9058,-89.0370,0.3222,3,0.0750,1.0000,8,8,8,0,0,8,8,0.0000
4,260.0000,21,39,841.7721,-87.6289,-0.3794,11,0.2750,0.8571,7,8,8,0,0,8,8,0.0000
4,260.0000,21,40,779.7510,-86.3385,-0.6563,11,0.2750,1.0000,8,8,8,0,0,8,8,0.0000
4,260.0000,21,42,705.1699,-87.0619,0.4024,5,0.1250,0.8571,7,8,8,0,0,8,8,0.0000
4,260.0000,21,44,329.3484,-79.9505,-0.2187,31,0.7750,0.5000,6,7,4,0,0,7,4,0.4286
4,260.0000,21,45,664.0579,-85.9148,0.0560,6,0.1500,1.0000,8,8,7,0,0,8,7,0.1250
4,260.0000,21,46,873.7297,-87.8738,0.3347,9,0.2250,1.0000,8,8,8,0,0,8,8,0.0000
4,260.0000,21,47,786.0324,-88.6269,-0.4559,3,0.0750,1.0000,8,8,8,0,0,8,8,0.0000
4,260.0000,22,2,392.8743,-80.8536,-0.5793,15,0.3659,0.8571,7,7,6,0,0,7,6,0.1429
4,260.0000,22,3,389.8469,-82.0281,-0.4228,14,0.3415,0.7143,7,7,5,0,0,7,5,0.2857
4,260.0000,22,5,383.9500,-81.0031,-0.7262,18,0.4390,0.7143,7,8,8,0,0,8,8,0.0000
4,260.0000,22,7,427.8035,-81.7782,-0.6845,18,0.4390,0.5000,6,7,5,0,0,7,5,0.2857
4,260.0000,22,10,391.0178,-82.2525,0.4384,12,0.2927,1.0000,8,7,5,0,0,7,5,0.2857
4,260.0000,22,12,290.8481,-79.7951,0.1090,17,0.4146,0.8750,8,6,2,0,0,6,2,0.6667
4,260.0000,22,14,723.1926,-87.2030,1.0753,5,0.1220,1.0000,8,7,6,0,0,7,6,0.1429
4,260.0000,22,16,541.7476,-84.3313,-0.5108,10,0.2439,0.5000,6,6,6,0,0,6,6,0.0000
4,260.0000,22,17,448.6253,-84.8777,0.0956,13,0.3171,1.0000,10,6,4,0,0,6,4,0.3333
4,260.0000,22,20,494.1810,-85.7931,0.1148,6,0.1463,1.0000,8,7,6,0,0,7,6,0.1429
4,260.0000,22,23,146.0022,-72.3380,0.1015,34,0.8293,0.0000,4,4,0,0,0,4,0,1.0000
4,260.0000,22,24,623.2051,-84.5128,0.6092,8,0.1951,1.0000,8,8,8,0,0,8,8,0.0000
4,260.0000,22,26,272.5423,-77.2401,-0.2016,27,0.6585,0.2000,5,4,0,0,0,4,0,1.0000
4,260.0000,22,29,521.9368,-84.7418,0.4349,9,0.2195,0.8750,8,7,5,0,0,7,5,0.2857
4,260.0000,22,33,517.5122,-83.1262,0.3455,17,0.4146,0.5000,6,7,6,0,0,7,6,0.1429
4,260.0000,22,34,453.7184,-83.0064,0.0204,10,0.2439,1.0000,8,7,6,0,0,7,6,0.1429
4,260.0000,22,35,397.4008,-80.0275,-0.5943,25,0.6098,0.4000,5,6,4,0,0,6,4,0.3333
4,260.0000,22,37,382.2238,-82.6605,0.5444,14,0.3415,0.8750,8,6,4,0,0,6,4,0.3333
4,260.0000,22,38,706.8377,-84.8975,2.3314,4,0.0976,1.0000,8,8,8,0,0,8,8,0.0000
4,260.0000,22,41,435.5394,-82.2655,-0.0460,22,0.5366,0.2000,5,6,4,0,0,6,4,0.3333
4,260.0000,22,43,653.9511,-85.5938,0.3988,12,0.2927,0.7500,8,7,6,0,0,7,6,0.1429
4,260.0000,22,47,751.4773,-88.1658,-0.4474,3,0.0732,1.0000,8,7,6,0,0,7,6,0.1429
4,260.0000,23,2,299.8847,-79.3610,0.3484,22,0.5500,0.6667,6,6,3,0,0,6,3,0.5000
4,260.0000,23,3,271.5691,-78.2408,0.0097,25,0.6250,0.7143,7,4,0,0,0,4,0,1.0000
4,260.0000,23,5,410.5058,-82.1003,-0.1669,15,0.3750,0.5000,6,7,3,0,0,7,3,0.5714
4,260.0000,23,7,387.6910,-81.6222,-0.3805,24,0.6000,0.6714,70,7,5,0,0,7,5,0.2857
4,260.0000,23,10,312.5684,-79.8177,0.3951,21,0.5250,0.7143,7,8,5,0,0,8,5,0.3750
4,260.0000,23,11,634.0975,-86.4776,-0.7953,6,0.1500,0.8000,5,8,7,0,0,8,7,0.1250
4,260.0000,23,12,248.2962,-79.7659,1.4576,19,0.4750,0.7143,7,4,0,0,0,4,0,1.0000
4,260.0000,23,14,737.7543,-88.1123,0.9758,4,0.1000,1.0000,8,7,6,0,0,7,6,0.1429
4,260.0000,23,16,653.0062,-85.9263,-1.1213,8,0.2000,1.0000,8,8,8,0,0,8,8,0.0000
4,260.0000,23,17,327.3091,-81.2557,0.8607,21,0.5250,0.8571,7,4,0,0,0,4,0,1.0000
4,260.0000,23,20,468.2576,-84.0176,-0.1948,6,0.1500,1.0000,8,6,4,0,0,6,4,0.3333
4,260.0000,23,22,146.0022,-72.2822,-0.2124,32,0.8000,0.0000,4,4,0,0,0,4,0,1.0000
4,260.0000,23,24,625.8849,-84.9592,0.0074,6,0.1500,1.0000,8,8,7,0,0,8,7,0.1250
4,260.0000,23,26,386.8641,-80.1771,0.3472,19,0.4750,0.7143,7,7,6,0,0,7,6,0.1429
4,260.0000,23,29,404.2398,-82.5687,0.9838,16,0.4000,1.0000,8,7,5,0,0,7,5,0.2857
4,260.0000,23,33,399.8731,-80.6941,-0.5300,28,0.7000,0.6667,54,4,0,126,93,130,93,0.2846
4,260.0000,23,34,434.6546,-82.1804,0.1635,15,0.3750,0.7500,8,6,2,0,0,6,2,0.6667
4,260.0000,23,35,465.6557,-81.6484,-1.3337,20,0.5000,0.4000,5,8,8,0,0,8,8,0.0000
4,260.0000,23,37,371.8523,-81.5985,0.6192,17,0.4250,0.6667,6,5,2,0,0,5,2,0.6000
4,260.0000,23,38,784.9842,-87.3009,-0.6251,5,0.1250,0.8571,7,7,6,0,0,7,6,0.1429
4,260.0000,23,41,541.1803,-84.1340,0.6082,20,0.5000,0.8824,17,8,7,0,0,8,7,0.1250
4,260.0000,23,43,516.6558,-84.4604,0.3475,20,0.5000,1.0000,8,7,5,0,0,7,5,0.2857
4,260.0000,24,2,447.7080,-82.6630,-0.2808,17,0.4250,1.0000,8,8,8,0,0,8,8,0.0000
4,260.0000,24,3,515.4518,-83.7224,-0.3880,17,0.4250,1.0000,8,8,8,0,0,8,8,0.0000
4,260.0000,24,4,706.9784,-86.3555,0.3018,9,0.2250,1.0000,8,8,8,0,0,8,8,0.0000
4,260.0000,24,5,513.8212,-83.0068,-0.7443,20,0.5000,0.7500,8,8,8,0,0,8,8,0.0000
4,260.0000,24,6,439.2430,-81.7362,-0.1269,20,0.5000,0.6667,6,6,3,0,0,6,3,0.5000
4,260.0000,24,7,742.3735,-86.9666,-1.3046,9,0.2250,0.8750,8,3,2,0,0,3,2,0.3333
4,260.0000,24,8,497.8962,-83.7551,-0.2713,20,0.5000,0.6667,6,7,6,0,0,7,6,0.1429
4,260.0000,24,10,390.8582,-82.7763,0.7874,18,0.4500,1.0000,8,8,8,0,0,8,8,0.0000
4,260.0000,24,11,485.8562,-84.2461,0.9813,17,0.4250,0.8571,7,7,5,0,0,7,5,0.2857
4,260.0000,24,12,414.8958,-80.9298,-0.8867,19,0.4750,0.9000,10,6,3,0,0,6,3,0.5000
4,260.0000,24,13,787.9649,-85.9772,-0.4824,5,0.1250,1.0000,2,6,5,0,0,6,5,0.1667
4,260.0000,24,14,120.2933,-70.0653,0.5420,34,0.8500,0.0000,4,4,0,0,0,4,0,1.0000
4,260.0000,24,16,504.9747,-82.4788,-0.2884,25,0.6250,0.7143,7,8,5,0,0,8,5,0.3750
4,260.0000,24,17,617.5993,-86.0121,0.4208,13,0.3250,0.6667,6,8,8,0,0,8,8,0.0000
4,260.0000,24,18,336.9004,-81.9445,1.1499,18,0.4500,0.5000,6,6,3,0,0,6,3,0.5000
4,260.0000,24,20,304.6983,-79.4203,-0.3838,20,0.5000,0.5000,6,7,5,0,0,7,5,0.2857
4,260.0000,24,22,623.2051,-84.8771,-0.3136,13,0.3250,0.8750,8,8,8,0,0,8,8,0.0000
4,260.0000,24,23,625.8849,-85.9463,0.5535,14,0.3500,1.0000,8,8,7,0,0,8,7,0.1250
4,260.0000,24,26,584.3846,-83.2179,-0.3617,16,0.4000,0.8750,8,8,8,0,0,8,8,0.0000
4,260.0000,24,27,636.4453,-85.8070,0.3109,7,0.1750,0.8571,7,8,8,0,0,8,8,0.0000
4,260.0000,24,29,542.1528,-83.2900,0.1234,15,0.3750,0.8571,7,8,7,0,0,8,7,0.1250
4,260.0000,24,31,593.6807,-84.6707,-0.1839,10,0.2500,1.0000,8,8,7,0,0,8,7,0.1250
4,260.0000,24,33,802.6558,-86.2533,-0.6548,6,0.1500,1.0000,8,5,4,0,0,5,4,0.2000
4,260.0000,24,34,373.4577,-79.4875,-1.0511,24,0.6000,0.5000,6,7,5,0,0,7,5,0.2857
4,260.0000,24,35,768.8702,-85.8816,-0.1136,14,0.3500,0.8571,7,7,6,0,0,7,6,0.1429
4,260.0000,24,37,392.7210,-80.5676,-0.2851,20,0.5000,0.6667,6,8,8,0,0,8,8,0.0000
4,260.0000,24,38,393.4486,-80.2714,-0.0987,25,0.6250,0.8333,6,8,5,0,0,8,5,0.3750
4,260.0000,24,41,848.5410,-87.4381,0.2253,12,0.3000,0.8571,7,8,8,0,0,8,8,0.0000
4,260.0000,24,42,706.7788,-86.1485,1.0817,4,0.1000,0.8571,7,7,6,0,0,7,6,0.1429
4,260.0000,24,43,908.9615,-88.2640,-0.5649,6,0.1500,1.0000,8,6,6,0,0,6,6,0.0000
4,260.0000,24,45,428.2337,-83.0106,0.5437,17,0.4250,0.8750,8,8,8,0,0,8,8,0.0000
4,260.0000,24,47,216.4360,-73.8620,-0.6714,35,0.8750,0.0000,4,5,1,0,0,5,1,0.8000
4,260.0000,25,0,575.5103,-84.6939,-0.2712,19,0.4750,0.7143,7,8,8,0,0,8,8,0.0000
4,260.0000,25,1,108.2536,-69.2862,-0.3424,37,0.9250,0.0000,4,4,0,0,0,4,0,1.0000
4,260.0000,25,4,788.0694,-88.0311,-1.1067,3,0.0750,1.0000,8,8,8,0,0,8,8,0.0000
4,260.0000,25,6,684.8092,-85.7064,-0.7076,4,0.1000,1.0000,8,10,10,0,0,10,10,0.0000
4,260.0000,25,8,598.0755,-84.7121,1.5871,5,0.1250,1.0000,8,8,7,0,0,8,7,0.1250
4,260.0000,25,9,334.1338,-79.9861,0.7050,26,0.6500,0.5000,6,7,4,0,0,7,4,0.4286
4,260.0000,25,13,315.4504,-80.5797,0.0741,19,0.4750,0.4000,5,5,1,0,0,5,1,0.8000
4,260.0000,25,15,576.3663,-84.7541,0.1650,17,0.4250,1.0000,8,6,4,0,0,6,4,0.3333
4,260.0000,25,18,629.7253,-86.2779,-0.4477,9,0.2250,1.0000,8,8,8,0,0,8,8,0.0000
4,260.0000,25,19,581.2399,-83.4154,-1.0667,23,0.5750,0.7143,7,6,4,0,0,6,4,0.3333
4,260.0000,25,21,320.6992,-80.1290,0.2557,27,0.6750,0.5000,6,4,0,0,0,4,0,1.0000
4,260.0000,25,24,941.4006,-87.3866,-0.0917,3,0.0750,,0,6,6,0,0,6,6,0.0000
4,260.0000,25,27,515.9133,-83.6782,-0.5611,12,0.3000,0.8571,7,8,7,0,0,8,7,0.1250
4,260.0000,25,28,750.2251,-86.1031,0.3313,12,0.3000,0.8750,8,7,6,0,0,7,6,0.1429
4,260.0000,25,30,799.3432,-86.8973,-0.0261,5,0.1250,1.0000,6,8,8,0,0,8,8,0.0000
4,260.0000,25,31,454.0675,-83.4971,0.6553,13,0.3250,0.5000,6,8,7,0,0,8,7,0.1250
4,260.0000,25,32,271.9776,-80.3034,0.4780,26,0.6500,0.0000,4,4,0,0,0,4,0,1.0000
4,260.0000,25,36,440.1116,-81.0544,-1.3630,26,0.6500,0.8750,8,7,5,0,0,7,5,0.2857
4,260.0000,25,39,792.2978,-86.5158,0.5587,16,0.4000,1.0000,8,8,7,0,0,8,7,0.1250
4,260.0000,25,40,782.4069,-86.9476,0.1171,16,0.4000,0.8571,7,6,6,0,0,6,6,0.0000
4,260.0000,25,42,601.6102,-84.8406,0.7086,5,0.1250,1.0000,8,7,5,0,0,7,5,0.2857
4,260.0000,25,44,465.4657,-83.7010,0.2351,21,0.5250,0.8750,8,8,7,0,0,8,7,0.1250
4,260.0000,25,45,719.5602,-87.3559,-0.2604,3,0.0750,1.0000,8,8,8,0,0,8,8,0.0000
4,260.0000,25,46,757.3249,-86.0642,0.1501,14,0.3500,0.8750,8,8,8,0,0,8,8,0.0000
4,260.0000,25,47,772.0642,-85.0327,2.0463,3,0.0750,1.0000,6,6,6,0,0,6,6,0.0000
4,260.0000,26,2,554.7367,-82.1498,-1.3466,15,0.3750,0.4000,5,7,6,0,0,7,6,0.1429
4,260.0000,26,3,548.8810,-82.8337,-1.3664,17,0.4250,0.7143,7,7,6,0,0,7,6,0.1429
4,260.0000,26,5,261.5657,-76.8450,-0.6414,29,0.7250,0.5714,7,6,3,0,0,6,3,0.5000
4,260.0000,26,6,1015.7483,-87.2316,-0.5806,3,0.0750,1.0000,2,6,6,0,0,6,6,0.0000
4,260.0000,26,7,447.9280,-81.9654,-0.1374,22,0.5500,0.6667,6,7,5,0,0,7,5,0.2857
4,260.0000,26,10,520.6773,-83.3075,-0.5262,12,0.3000,0.8571,7,7,5,0,0,7,5,0.2857
4,260.0000,26,11,841.0885,-86.0536,-0.2177,7,0.1750,1.0000,8,8,8,0,0,8,8,0.0000
4,260.0000,26,12,441.0624,-81.0747,-1.1533,19,0.4750,0.7143,7,8,8,0,0,8,8,0.0000
4,260.0000,26,14,652.8687,-85.5772,-0.4594,9,0.2250,0.8571,7,8,7,0,0,8,7,0.1250
4,260.0000,26,16,386.9564,-80.0492,-1.0143,31,0.7750,0.7143,7,6,4,0,0,6,4,0.3333
4,260.0000,26,17,668.5727,-85.0471,-0.5397,10,0.2500,0.7500,8,9,9,0,0,9,9,0.0000
4,260.0000,26,20,589.4790,-84.2902,-0.8769,9,0.2250,0.6667,6,7,6,0,0,7,6,0.1429
4,260.0000,26,22,272.5423,-77.7389,-0.2372,32,0.8000,0.4000,5,8,5,0,0,8,5,0.3750
4,260.0000,26,23,386.8641,-79.4662,0.2634,26,0.6500,0.6667,6,8,8,0,0,8,8,0.0000
4,260.0000,26,24,584.3846,-83.1873,-0.3347,13,0.3250,0.8571,7,8,8,0,0,8,8,0.0000
4,260.0000,26,27,1002.7543,-87.5818,-2.3328,3,0.0750,,0,6,6,0,0,6,6,0.0000
4,260.0000,26,29,648.9015,-85.2817,-0.9793,15,0.3750,0.8571,7,7,6,0,0,7,6,0.1429
4,260.0000,26,33,653.6877,-85.0631,-0.6412,16,0.4000,1.0000,8,8,8,0,0,8,8,0.0000
4,260.0000,26,34,405.4629,-81.4319,-1.2489,21,0.5250,0.8571,7,6,4,0,0,6,4,0.3333
4,260.0000,26,35,260.2542,-78.3472,0.4494,28,0.7000,0.5000,6,4,0,0,0,4,0,1.0000
4,260.0000,26,37,342.0658,-80.4413,0.3022,23,0.5750,0.7143,7,7,5,0,0,7,5,0.2857
4,260.0000,26,38,574.4623,-84.7609,-0.6303,11,0.2750,0.8571,7,7,6,0,0,7,6,0.1429
4,260.0000,26,41,274.6242,-79.6988,0.9003,33,0.8250,0.5000,6,4,0,0,0,4,0,1.0000
4,260.0000,26,43,829.9930,-87.3234,0.1068,9,0.2250,0.8571,7,8,8,0,0,8,8,0.0000
4,260.0000,26,45,795.4053,-87.4936,-0.5766,4,0.1000,1.0000,8,7,6,0,0,7,6,0.1429
4,260.0000,26,47,688.8922,-84.9528,-0.7213,11,0.2750,0.8571,7,8,8,0,0,8,8,0.0000
4,260.0000,27,0,883.4260,-86.7643,-0.3656,5,0.1220,1.0000,2,4,4,0,0,4,4,0.0000
4,260.0000,27,1,604.4629,-84.7898,0.0072,12,0.2927,1.0000,8,7,6,0,0,7,6,0.1429
4,260.0000,27,4,825.8521,-86.5831,-5.7342,3,0.0732,1.0000,8,8,8,0,0,8,8,0.0000
4,260.0000,27,6,663.5271,-85.3865,-0.8422,5,0.1220,1.0000,8,8,8,0,0,8,8,0.0000
4,260.0000,27,8,483.0515,-82.1718,-0.6317,12,0.2927,1.0000,8,7,6,0,0,7,6,0.1429
4,260.0000,27,9,582.1769,-84.5325,-0.2138,11,0.2683,0.8750,8,7,6,0,0,7,6,0.1429
4,260.0000,27,13,605.1599,-85.0920,-0.5759,12,0.2927,1.0000,8,8,8,0,0,8,8,0.0000
4,260.0000,27,14,561.7936,-85.0554,0.9375,6,0.1463,0.8571,7,8,8,0,0,8,8,0.0000
4,260.0000,27,15,853.8089,-86.9815,-0.1338,8,0.1951,1.0000,8,6,6,0,0,6,6,0.0000
4,260.0000,27,16,663.7700,-86.7726,-0.2452,4,0.0976,1.0000,8,7,5,0,0,7,5,0.2857
4,260.0000,27,18,460.9711,-82.3751,0.3048,14,0.3415,0.8571,7,7,6,0,0,7,6,0.1429
4,260.0000,27,20,729.9199,-86.3115,-1.9789,3,0.0732,1.0000,8,8,8,0,0,8,8,0.0000
4,260.0000,27,21,425.2825,-82.7119,-0.5981,21,0.5122,0.7143,7,6,3,0,0,6,3,0.5000
4,260.0000,27,24,636.4453,-87.7643,1.1251,4,0.0976,1.0000,8,8,8,0,0,8,8,0.0000
4,260.0000,27,25,515.9133,-83.6375,-0.3362,14,0.3415,0.7143,7,9,8,0,0,9,8,0.1111
4,260.0000,27,30,968.1688,-87.9378,0.7556,5,0.1220,1.0000,8,8,8,0,0,8,8,0.0000
4,260.0000,27,31,555.7012,-84.1250,1.7073,11,0.2683,1.0000,8,8,8,0,0,8,8,0.0000
4,260.0000,27,32,312.6155,-78.0827,-0.4818,27,0.6585,0.5000,6,8,8,0,0,8,8,0.0000
4,260.0000,27,36,923.9005,-87.6953,0.4196,4,0.0976,1.0000,8,2,2,0,0,2,2,0.0000
4,260.0000,27,38,455.9531,-84.2445,0.5447,8,0.1951,1.0000,8,8,8,0,0,8,8,0.0000
4,260.0000,27,42,720.8951,-86.0899,0.1577,4,0.0976,1.0000,4,8,8,0,0,8,8,0.0000
4,260.0000,27,44,488.4420,-83.6514,0.4272,21,0.5122,0.8571,7,6,3,0,0,6,3,0.5000
4,260.0000,27,45,459.6620,-81.7982,0.1627,12,0.2927,0.8571,7,8,6,0,0,8,6,0.2500
4,260.0000,27,47,422.7609,-84.2228,-0.6872,10,0.2439,1.0000,8,7,5,0,0,7,5,0.2857
4,260.0000,28,0,299.2537,-79.9221,0.5668,28,0.7179,0.3333,6,6,3,0,0,6,3,0.5000
4,260.0000,28,1,664.1582,-86.4675,0.0866,12,0.3077,0.8571,7,8,8,0,0,8,8,0.0000
4,260.0000,28,9,525.3627,-83.5313,-0.6780,18,0.4615,0.5000,6,8,7,0,0,8,7,0.1250
4,260.0000,28,15,253.3541,-79.5492,1.6129,27,0.6923,0.4000,5,5,1,0,0,5,1,0.8000
4,260.0000,28,19,687.8989,-85.7779,-0.1148,13,0.3333,0.7143,7,8,8,0,0,8,8,0.0000
4,260.0000,28,21,803.3684,-87.4619,0.7035,8,0.2051,1.0000,8,8,8,0,0,8,8,0.0000
4,260.0000,28,25,750.2251,-85.7529,0.1392,6,0.1538,0.8750,8,8,8,0,0,8,8,0.0000
4,260.0000,28,30,358.0204,-80.4886,0.0274,33,0.8462,0.0000,4,5,2,0,0,5,2,0.6000
4,260.0000,28,32,837.8872,-86.7049,0.2176,3,0.0769,1.0000,8,6,6,0,0,6,6,0.0000
4,260.0000,28,36,883.0314,-86.8264,-0.6138,5,0.1282,1.0000,8,8,7,0,0,8,7,0.1250
4,260.0000,28,39,123.0734,-70.4469,0.0139,36,0.9231,0.0000,4,4,0,0,0,4,0,1.0000
4,260.0000,28,40,182.6820,-74.7062,-0.0388,38,0.9744,0.0000,4,4,0,0,0,4,0,1.0000
4,260.0000,28,44,643.4128,-86.1616,-0.7538,9,0.2308,1.0000,8,8,7,0,0,8,7,0.1250
4,260.0000,28,46,263.3022,-79.0580,1.3122,35,0.8974,0.0000,4,4,0,0,0,4,0,1.0000
4,260.0000,29,2,239.7631,-78.0045,0.3334,28,0.7000,0.4000,5,5,1,0,0,5,1,0.8000
4,260.0000,29,3,144.9308,-74.0914,1.4685,29,0.7250,0.5000,6,4,0,0,0,4,0,1.0000
4,260.0000,29,4,816.6857,-85.8745,0.1743,7,0.1750,1.0000,8,7,6,0,0,7,6,0.1429
4,260.0000,29,5,495.9895,-82.6511,-0.5865,12,0.3000,1.0000,8,8,7,0,0,8,7,0.1250
4,260.0000,29,6,752.0524,-85.0547,-0.2432,6,0.1500,0.6667,6,8,8,0,0,8,8,0.0000
4,260.0000,29,7,462.8762,-82.6662,1.0224,13,0.3250,0.4000,5,8,7,0,0,8,7,0.1250
4,260.0000,29,10,235.0791,-74.5037,-1.3084,29,0.7250,0.3333,6,6,5,0,0,6,5,0.1667
4,260.0000,29,11,306.4066,-79.0457,-0.6611,28,0.7000,0.4861,72,6,4,117,86,123,90,0.2683
4,260.0000,29,12,356.5253,-80.0757,-0.2886,15,0.3750,0.4000,5,8,5,0,0,8,5,0.3750
4,260.0000,29,14,655.4115,-84.8216,0.0635,6,0.1500,0.8571,7,7,6,0,0,7,6,0.1429
4,260.0000,29,17,299.5187,-79.0206,-0.4035,32,0.8000,0.5000,6,4,0,0,0,4,0,1.0000
4,260.0000,29,18,808.2909,-86.4089,0.9505,4,0.1000,1.0000,8,8,8,0,0,8,8,0.0000
4,260.0000,29,20,453.5509,-84.3281,0.3663,10,0.2500,0.8571,7,7,5,0,0,7,5,0.2857
4,260.0000,29,22,521.9368,-85.3434,0.2389,9,0.2250,0.5000,6,7,6,0,0,7,6,0.1429
4,260.0000,29,23,404.2398,-81.7485,0.0538,14,0.3500,1.0000,8,6,3,0,0,6,3,0.5000
4,260.0000,29,24,542.1528,-85.0581,-1.1609,7,0.1750,0.8571,7,6,6,0,0,6,6,0.0000
4,260.0000,29,26,648.9015,-85.4662,0.3600,9,0.2250,0.7143,7,8,7,0,0,8,7,0.1250
4,260.0000,29,31,955.9052,-87.4719,0.1707,3,0.0750,1.0000,8,8,8,0,0,8,8,0.0000
4,260.0000,29,33,330.5987,-80.7664,0.6471,20,0.5000,0.7143,7,5,1,0,0,5,1,0.8000
4,260.0000,29,34,364.7990,-81.6820,-0.1929,14,0.3500,0.4000,5,7,6,0,0,7,6,0.1429
4,260.0000,29,35,694.3195,-86.2436,-0.8915,6,0.1500,0.8571,7,7,6,0,0,7,6,0.1429
4,260.0000,29,37,369.3301,-79.9260,-0.7223,20,0.5000,0.6667,6,7,6,0,0,7,6,0.1429
4,260.0000,29,38,873.4368,-87.3776,0.0210,4,0.1000,0.6667,6,8,8,0,0,8,8,0.0000
4,260.0000,29,41,831.6586,-88.0173,0.6344,3,0.0750,1.0000,6,8,8,0,0,8,8,0.0000
4,260.0000,29,42,925.8479,-86.6966,-1.3451,3,0.0750,0.8571,7,2,2,0,0,2,2,0.0000
4,260.0000,29,43,376.7807,-82.9722,0.2927,25,0.6250,0.7193,57,5,1,8,6,13,7,0.4615
4,260.0000,29,45,774.5856,-87.1095,-0.4491,7,0.1750,0.8571,7,8,7,0,0,8,7,0.1250
4,260.0000,29,47,748.1522,-86.8311,-3.9902,5,0.1250,1.0000,8,8,8,0,0,8,8,0.0000
4,260.0000,30,0,314.7345,-81.1860,0.9892,29,0.7250,0.8571,7,5,1,0,0,5,1,0.8000
4,260.0000,30,1,752.6790,-86.7004,-0.1573,5,0.1250,0.8750,8,8,8,0,0,8,8,0.0000
4,260.0000,30,9,476.1706,-83.6737,0.7098,14,0.3500,0.6667,6,7,6,0,0,7,6,0.1429
4,260.0000,30,15,338.1931,-80.6368,0.6319,32,0.8000,0.5000,6,4,0,0,0,4,0,1.0000
4,260.0000,30,19,956.0501,-87.8394,0.0602,10,0.2500,0.8571,7,8,8,0,0,8,8,0.0000
4,260.0000,30,21,717.4201,-87.0058,-0.6855,6,0.1500,1.0000,8,8,8,0,0,8,8,0.0000
4,260.0000,30,25,799.3432,-87.8877,0.2760,5,0.1250,1.0000,8,8,8,0,0,8,8,0.0000
4,260.0000,30,28,358.0204,-81.0155,0.4760,36,0.9000,0.0000,4,5,1,0,0,5,1,0.8000
4,260.0000,30,32,808.2473,-86.5717,-0.9371,4,0.1000,1.0000,8,8,8,0,0,8,8,0.0000
4,260.0000,30,39,331.2774,-80.8562,-0.8125,35,0.8750,0.5000,6,5,2,0,0,5,2,0.6000
4,260.0000,30,40,333.3907,-81.1942,0.7419,36,0.9000,0.7143,7,4,0,0,0,4,0,1.0000
4,260.0000,30,44,480.0413,-82.6757,-0.4841,22,0.5500,0.5714,7,7,5,0,0,7,5,0.2857
4,260.0000,30,46,601.3951,-85.2318,0.7177,18,0.4500,0.8750,8,8,6,0,0,8,6,0.2500
4,260.0000,31,1,530.3877,-83.8292,0.1096,15,0.3750,1.0000,8,7,6,0,0,7,6,0.1429
4,260.0000,31,2,856.4862,-87.5850,-0.0634,4,0.1000,1.0000,8,8,8,0,0,8,8,0.0000
4,260.0000,31,4,476.1426,-82.7755,0.7299,15,0.3750,0.4000,5,7,5,0,0,7,5,0.2857
4,260.0000,31,6,239.6475,-78.8185,1.1950,25,0.6250,0.2000,5,6,2,0,0,6,2,0.6667
4,260.0000,31,8,332.4991,-82.3243,0.1928,18,0.4500,1.0000,8,8,8,0,0,8,8,0.0000
4,260.0000,31,9,767.0793,-87.3035,0.7812,5,0.1250,1.0000,8,8,8,0,0,8,8,0.0000
4,260.0000,31,11,704.8215,-85.6794,0.7748,7,0.1750,1.0000,8,8,8,0,0,8,8,0.0000
4,260.0000,31,12,869.8765,-89.3075,-0.3457,3,0.0750,1.0000,8,7,6,0,0,7,6,0.1429
4,260.0000,31,13,206.2730,-74.2150,-0.2126,35,0.8750,0.1477,88,5,1,95,29,100,30,0.7000
4,260.0000,31,14,553.2563,-84.2278,0.6005,7,0.1750,1.0000,8,7,6,0,0,7,6,0.1429
4,260.0000,31,18,300.8229,-78.5888,0.1304,26,0.6500,0.5000,6,7,6,0,0,7,6,0.1429
4,260.0000,31,19,856.4820,-86.6700,0.0176,10,0.2500,0.8571,7,6,6,0,0,6,6,0.0000
4,260.0000,31,20,654.7560,-85.5126,1.0086,9,0.2250,1.0000,8,8,8,0,0,8,8,0.0000
4,260.0000,31,21,633.5966,-86.2588,-0.3618,10,0.2500,1.0000,10,7,6,0,0,7,6,0.1429
4,260.0000,31,24,593.6807,-84.7815,0.5063,3,0.0750,1.0000,8,6,6,0,0,6,6,0.0000
4,260.0000,31,25,454.0675,-82.1267,0.0499,17,0.4250,0.8750,8,6,4,0,0,6,4,0.3333
4,260.0000,31,27,555.7012,-85.2100,-0.0863,7,0.1750,1.0000,8,5,2,0,0,5,2,0.6000
4,260.0000,31,32,480.1658,-84.7556,0.6433,14,0.3500,0.8571,7,8,7,0,0,8,7,0.1250
4,260.0000,31,34,942.6991,-88.1120,1.0365,5,0.1250,1.0000,8,4,4,0,0,4,4,0.0000
4,260.0000,31,36,607.5948,-85.6185,-0.4142,16,0.4000,1.0000,8,8,8,0,0,8,8,0.0000
4,260.0000,31,38,760.8874,-87.7829,-0.2007,6,0.1500,1.0000,4,8,8,0,0,8,8,0.0000
4,260.0000,31,42,305.7786,-78.3604,0.1800,27,0.6750,0.5000,6,7,5,0,0,7,5,0.2857
4,260.0000,31,44,828.9064,-87.4317,-1.5819,3,0.0750,1.0000,6,6,5,0,0,6,5,0.1667
4,260.0000,31,45,484.8619,-84.3643,0.6098,12,0.3000,0.8750,8,8,8,0,0,8,8,0.0000
4,260.0000,31,47,508.0952,-86.1610,1.5129,5,0.1250,1.0000,8,7,6,0,0,7,6,0.1429
4,260.0000,32,0,681.2408,-85.0242,0.0167,20,0.5000,0.8750,8,8,8,0,0,8,8,0.0000
4,260.0000,32,1,330.3690,-80.5362,0.5482,28,0.7000,0.4286,7,6,4,0,0,6,4,0.3333
4,260.0000,32,4,867.7228,-87.9124,-1.0635,3,0.0750,1.0000,6,4,4,0,0,4,4,0.0000
4,260.0000,32,6,654.7810,-86.9080,0.4309,4,0.1000,1.0000,8,7,6,0,0,7,6,0.1429
4,260.0000,32,8,585.5600,-84.7121,-0.0583,4,0.1000,0.8750,8,7,6,0,0,7,6,0.1429
4,260.0000,32,9,384.6310,-80.8284,0.3884,31,0.7750,1.0000,8,7,6,0,0,7,6,0.1429
4,260.0000,32,13,456.3796,-84.0026,0.6664,12,0.3000,0.8571,7,6,4,0,0,6,4,0.3333
4,260.0000,32,15,607.2905,-84.3984,0.7563,21,0.5250,0.8571,7,7,6,0,0,7,6,0.1429
4,260.0000,32,18,510.4370,-83.1449,-0.3536,9,0.2250,1.0000,8,8,8,0,0,8,8,0.0000
4,260.0000,32,19,814.9237,-86.6758,-0.0032,9,0.2250,1.0000,8,8,8,0,0,8,8,0.0000
4,260.0000,32,21,365.1240,-80.6539,0.1761,28,0.7000,0.8571,7,7,5,0,0,7,5,0.2857
4,260.0000,32,25,271.9776,-80.1491,0.2495,27,0.6750,0.0000,4,5,2,0,0,5,2,0.6000
4,260.0000,32,27,312.6155,-78.6041,-0.1201,24,0.6000,0.2000,5,6,4,0,0,6,4,0.3333
4,260.0000,32,28,837.8872,-87.1616,0.5890,11,0.2750,1.0000,8,8,8,0,0,8,8,0.0000
4,260.0000,32,30,808.2473,-86.7828,-0.2064,10,0.2500,1.0000,8,6,6,0,0,6,6,0.0000
4,260.0000,32,31,480.1658,-84.7044,1.2752,7,0.1750,1.0000,8,7,6,0,0,7,6,0.1429
4,260.0000,32,36,701.1440,-85.1218,0.1900,13,0.3250,1.0000,8,4,3,0,0,4,3,0.2500
4,260.0000,32,39,841.5481,-86.7401,0.0866,10,0.2500,0.8333,6,8,8,0,0,8,8,0.0000
4,260.0000,32,40,892.8353,-86.6067,0.3783,6,0.1500,1.0000,4,8,8,0,0,8,8,0.0000
4,260.0000,32,42,702.5169,-86.1638,0.3546,4,0.1000,1.0000,4,8,8,0,0,8,8,0.0000
4,260.0000,32,44,380.9678,-80.7555,0.0254,30,0.7500,0.7143,7,8,6,0,0,8,6,0.2500
4,260.0000,32,45,652.3668,-85.9048,0.1505,7,0.1750,1.0000,8,8,8,0,0,8,8,0.0000
4,260.0000,32,47,605.6424,-84.8322,-1.1497,3,0.0750,1.0000,8,8,8,0,0,8,8,0.0000
4,260.0000,33,2,473.6929,-83.1495,0.0720,9,0.2250,0.7143,7,8,5,0,0,8,5,0.3750
4,260.0000,33,3,344.0166,-80.7132,-0.0402,12,0.3000,0.7143,7,4,3,0,0,4,3,0.2500
4,260.0000,33,5,511.6949,-82.7979,-0.5436,13,0.3250,1.0000,8,7,5,0,0,7,5,0.2857
4,260.0000,33,7,285.8482,-78.9032,0.6175,22,0.5500,0.5000,6,6,3,0,0,6,3,0.5000
4,260.0000,33,10,480.2412,-81.7494,0.5612,11,0.2750,0.7143,7,7,6,0,0,7,6,0.1429
4,260.0000,33,11,631.4226,-84.0411,1.3282,5,0.1250,0.8571,7,9,8,0,0,9,8,0.1111
4,260.0000,33,12,535.4209,-85.9587,-0.0727,4,0.1000,0.6667,6,7,5,0,0,7,5,0.2857
4,260.0000,33,17,466.4618,-83.1779,-0.8775,10,0.2500,1.0000,8,7,6,0,0,7,6,0.1429
4,260.0000,33,22,517.5122,-84.3261,-0.9383,10,0.2500,0.2000,5,6,4,0,0,6,4,0.3333
4,260.0000,33,23,399.8731,-81.4366,0.8993,15,0.3750,0.2000,5,7,6,0,0,7,6,0.1429
4,260.0000,33,26,653.6877,-84.4334,-0.1338,7,0.1750,1.0000,8,7,5,0,0,7,5,0.2857
4,260.0000,33,29,330.5987,-80.2092,0.4334,12,0.3000,0.8750,8,6,4,0,0,6,4,0.3333
4,260.0000,33,34,497.7726,-82.6748,0.1470,4,0.1000,1.0000,8,8,7,0,0,8,7,0.1250
4,260.0000,33,35,581.7716,-82.1988,-1.5021,13,0.3250,0.8571,7,7,6,0,0,7,6,0.1429
4,260.0000,33,37,478.7703,-81.2438,0.6347,10,0.2500,0.6667,6,8,8,0,0,8,8,0.0000
4,260.0000,33,41,726.9811,-85.8295,0.1385,8,0.2000,0.5000,6,7,6,0,0,7,6,0.1429
4,260.0000,33,43,201.4552,-78.7921,1.7786,27,0.6750,0.6667,6,5,1,0,0,5,1,0.8000
4,260.0000,34,2,389.2815,-80.7540,-0.5285,21,0.5250,0.6667,6,6,1,0,0,6,1,0.8333
4,260.0000,34,3,352.0050,-80.4259,0.0879,24,0.6000,0.5000,6,7,6,0,0,7,6,0.1429
4,260.0000,34,4,958.9751,-88.6129,-0.3274,5,0.1250,1.0000,8,8,8,0,0,8,8,0.0000
4,260.0000,34,5,197.6455,-73.8829,-0.1362,31,0.7750,0.0000,4,5,2,0,0,5,2,0.6000
4,260.0000,34,6,747.6262,-85.9738,-0.3354,10,0.2500,0.6667,6,8,8,0,0,8,8,0.0000
4,260.0000,34,7,383.7122,-82.1904,0.9446,23,0.5750,0.4000,5,6,4,0,0,6,4,0.3333
4,260.0000,34,8,830.1875,-86.7777,-0.0417,6,0.1500,1.0000,8,8,8,0,0,8,8,0.0000
4,260.0000,34,10,328.5600,-80.3540,0.1047,24,0.6000,0.3750,8,6,3,0,0,6,3,0.5000
4,260.0000,34,11,525.0797,-84.2564,-0.7176,14,0.3500,1.0000,8,6,3,0,0,6,3,0.5000
4,260.0000,34,12,374.0482,-81.1717,-0.7744,22,0.5500,0.5000,6,8,4,0,0,8,4,0.5000
4,260.0000,34,14,460.7667,-80.9027,-1.4552,21,0.5250,0.8333,6,6,4,0,0,6,4,0.3333
4,260.0000,34,16,590.0195,-84.5481,-0.5228,12,0.3000,0.5000,6,8,8,0,0,8,8,0.0000
4,260.0000,34,17,545.4883,-84.1761,-0.5736,17,0.4250,0.7143,7,8,8,0,0,8,8,0.0000
4,260.0000,34,18,699.4948,-85.6921,-0.7365,9,0.2250,1.0000,8,8,7,0,0,8,7,0.1250
4,260.0000,34,20,465.4983,-82.6280,-0.2501,14,0.3500,1.0000,8,8,7,0,0,8,7,0.1250
4,260.0000,34,22,453.7184,-82.8338,0.0764,15,0.3750,0.8571,7,7,5,0,0,7,5,0.2857
4,260.0000,34,23,434.6546,-83.3889,1.1240,20,0.5000,0.7143,7,6,4,0,0,6,4,0.3333
4,260.0000,34,24,373.4577,-79.6251,-1.3339,24,0.6000,0.5000,6,7,5,0,0,7,5,0.2857
4,260.0000,34,26,405.4629,-80.7557,-1.3778,19,0.4750,0.6667,6,6,2,0,0,6,2,0.6667
4,260.0000,34,27,983.3697,-86.8231,1.4936,3,0.0750,1.0000,2,4,4,0,0,4,4,0.0000
4,260.0000,34,29,364.7990,-81.5836,-0.2899,23,0.5750,0.2000,5,7,4,0,0,7,4,0.4286
4,260.0000,34,31,942.6991,-87.7834,-0.1237,6,0.1500,1.0000,8,4,4,0,0,4,4,0.0000
4,260.0000,34,33,497.7726,-84.1515,0.6723,19,0.4750,0.5714,7,8,8,0,0,8,8,0.0000
4,260.0000,34,35,474.0839,-82.4247,-0.5320,18,0.4500,0.2000,5,5,2,0,0,5,2,0.6000
4,260.0000,34,37,72.8163,-69.8566,2.5085,35,0.8750,0.2000,5,5,1,0,0,5,1,0.8000
4,260.0000,34,38,619.2412,-85.0307,-0.6253,12,0.3000,0.7143,7,7,6,0,0,7,6,0.1429
4,260.0000,34,41,606.5533,-85.2181,0.6296,15,0.3750,0.7500,8,6,4,0,0,6,4,0.3333
4,260.0000,34,42,1012.1457,-89.1846,-0.0495,3,0.0750,1.0000,8,6,5,0,0,6,5,0.1667
4,260.0000,34,43,653.1157,-86.1058,0.1249,15,0.3750,0.8571,7,6,4,0,0,6,4,0.3333
4,260.0000,34,45,736.4137,-87.9748,-0.5652,8,0.2000,1.0000,8,8,7,0,0,8,7,0.1250
4,260.0000,34,47,570.9944,-84.5388,-0.7806,13,0.3250,0.7143,7,7,6,0,0,7,6,0.1429
4,260.0000,35,2,680.5596,-84.1838,-0.5317,8,0.2000,1.0000,8,8,8,0,0,8,8,0.0000
4,260.0000,35,3,623.4979,-83.5860,-0.3087,13,0.3250,0.6667,6,8,8,0,0,8,8,0.0000
4,260.0000,35,5,281.3067,-79.2972,-0.1875,24,0.6000,0.2000,5,6,3,0,0,6,3,0.5000
4,260.0000,35,7,314.6616,-75.2586,-2.3570,30,0.7500,0.5000,6,6,4,0,0,6,4,0.3333
4,260.0000,35,10,650.3685,-86.0611,-0.6218,8,0.2000,1.0000,8,8,8,0,0,8,8,0.0000
4,260.0000,35,11,946.0741,-87.4911,0.2041,5,0.1250,1.0000,8,8,8,0,0,8,8,0.0000
4,260.0000,35,12,605.5609,-84.3584,-0.0926,11,0.2750,0.8571,7,7,6,0,0,7,6,0.1429
4,260.0000,35,14,841.0056,-88.3710,0.2095,6,0.1500,1.0000,8,8,8,0,0,8,8,0.0000
4,260.0000,35,16,631.6532,-85.5468,-0.6598,12,0.3000,0.8889,9,6,6,0,0,6,6,0.0000
4,260.0000,35,17,770.3720,-85.5380,-0.0434,8,0.2000,1.0000,10,6,6,0,0,6,6,0.0000
4,260.0000,35,20,786.4370,-88.0514,0.3851,5,0.1250,1.0000,8,8,8,0,0,8,8,0.0000
4,260.0000,35,22,397.4008,-80.8026,-1.0248,20,0.5000,0.5000,6,5,2,0,0,5,2,0.6000
4,260.0000,35,23,465.6557,-81.3451,-0.3390,18,0.4500,0.5714,7,8,8,0,0,8,8,0.0000
4,260.0000,35,24,768.8702,-87.2885,0.0499,7,0.1750,0.8750,8,6,6,0,0,6,6,0.0000
4,260.0000,35,26,260.2542,-77.9711,0.0853,28,0.7000,0.3333,6,5,2,0,0,5,2,0.6000
4,260.0000,35,29,694.3195,-85.3867,-0.2197,10,0.2500,1.0000,8,8,8,0,0,8,8,0.0000
4,260.0000,35,33,581.7716,-82.5893,-0.4395,18,0.4500,0.7143,49,8,8,0,0,8,8,0.0000
4,260.0000,35,34,474.0839,-83.5202,0.0415,13,0.3250,0.8947,19,7,4,2,2,9,6,0.3333
4,260.0000,35,37,423.0306,-81.5545,-0.2889,17,0.4250,1.0000,8,8,8,0,0,8,8,0.0000
4,260.0000,35,38,807.8305,-87.2127,0.1372,5,0.1250,1.0000,8,8,8,0,0,8,8,0.0000
4,260.0000,35,41,172.7354,-77.2758,1.4866,37,0.9250,0.0000,4,4,0,0,0,4,0,1.0000
4,260.0000,35,43,777.2969,-87.5351,0.2536,6,0.1500,1.0000,8,8,8,0,0,8,8,0.0000
4,260.0000,35,47,906.1783,-88.8832,0.8906,4,0.1000,1.0000,8,2,2,0,0,2,2,0.0000
4,260.0000,36,0,759.7493,-85.7131,0.1281,14,0.3500,0.7500,8,8,7,0,0,8,7,0.1250
4,260.0000,36,1,411.4080,-79.0168,-1.5911,23,0.5750,0.8571,7,7,6,0,0,7,6,0.1429
4,260.0000,36,4,795.0948,-88.2920,0.6254,3,0.0750,1.0000,8,8,8,0,0,8,8,0.0000
4,260.0000,36,8,798.4243,-87.0352,0.6006,3,0.0750,0.8750,8,8,8,0,0,8,8,0.0000
4,260.0000,36,9,673.0272,-84.4120,-0.1203,10,0.2500,1.0000,8,8,8,0,0,8,8,0.0000
4,260.0000,36,13,408.4266,-82.1081,-0.0528,21,0.5250,0.7143,7,7,5,0,0,7,5,0.2857
4,260.0000,36,15,820.2743,-86.7214,0.1874,8,0.2000,1.0000,8,8,8,0,0,8,8,0.0000
4,260.0000,36,19,333.8586,-78.8399,-0.0895,31,0.7750,0.5714,7,5,1,0,0,5,1,0.8000
4,260.0000,36,21,669.7098,-85.1342,-0.1464,11,0.2750,1.0000,8,8,6,0,0,8,6,0.2500
4,260.0000,36,25,440.1116,-80.5633,0.0306,24,0.6000,0.7143,7,5,2,0,0,5,2,0.6000
4,260.0000,36,27,923.9005,-86.6816,0.5311,4,0.1000,0.8571,7,8,8,0,0,8,8,0.0000
4,260.0000,36,28,883.0314,-87.8089,-0.4393,7,0.1750,0.8571,7,4,4,0,0,4,4,0.0000
4,260.0000,36,31,607.5948,-86.1352,-0.1072,4,0.1000,1.0000,8,6,4,0,0,6,4,0.3333
4,260.0000,36,32,701.1440,-85.5220,0.9401,6,0.1500,0.8571,7,8,7,0,0,8,7,0.1250
4,260.0000,36,42,614.6547,-86.8850,-1.1620,5,0.1250,0.8571,7,8,8,0,0,8,8,0.0000
4,260.0000,36,44,862.3053,-86.1969,-0.4473,8,0.2000,0.8571,7,8,8,0,0,8,8,0.0000
4,260.0000,36,46,749.5998,-85.7269,-0.6333,14,0.3500,1.0000,8,8,8,0,0,8,8,0.0000
4,260.0000,37,2,364.2177,-79.5852,-0.0597,25,0.6250,0.5000,6,7,6,0,0,7,6,0.1429
4,260.0000,37,3,329.1819,-77.9479,-0.7379,33,0.8250,0.2000,5,7,5,0,0,7,5,0.2857
4,260.0000,37,5,158.2412,-72.2255,0.6859,37,0.9250,0.0000,4,4,0,0,0,4,0,1.0000
4,260.0000,37,6,782.5972,-86.1670,-0.1736,8,0.2000,1.0000,8,8,8,0,0,8,8,0.0000
4,260.0000,37,7,352.3451,-80.9616,-0.3132,33,0.8250,0.7143,7,6,3,0,0,6,3,0.5000
4,260.0000,37,8,831.1019,-87.7897,0.2861,7,0.1750,1.0000,8,8,8,0,0,8,8,0.0000
4,260.0000,37,10,307.4796,-77.8718,-0.3298,28,0.7000,0.4444,9,6,4,0,0,6,4,0.3333
4,260.0000,37,11,550.0238,-85.3926,-0.0817,14,0.3500,0.7143,7,7,6,0,0,7,6,0.1429
4,260.0000,37,12,330.1699,-80.7170,0.6068,21,0.5250,0.4000,5,5,1,0,0,5,1,0.8000
4,260.0000,37,14,485.4121,-84.3594,-0.0943,12,0.3000,0.7500,8,7,6,0,0,7,6,0.1429
4,260.0000,37,16,552.7958,-84.5493,0.1891,18,0.4500,0.7500,8,8,7,0,0,8,7,0.1250
4,260.0000,37,17,515.8097,-82.9786,0.1598,17,0.4250,0.8750,8,7,5,0,0,7,5,0.2857
4,260.0000,37,18,727.0023,-87.1617,0.2410,8,0.2000,0.8571,7,7,6,0,0,7,6,0.1429
4,260.0000,37,20,448.2905,-83.1238,0.3144,18,0.4500,0.8571,7,7,6,0,0,7,6,0.1429
4,260.0000,37,22,382.2238,-82.3867,0.4861,24,0.6000,0.5714,7,5,2,0,0,5,2,0.6000
4,260.0000,37,23,371.8523,-81.9925,0.4775,25,0.6250,0.7143,7,6,2,0,0,6,2,0.6667
4,260.0000,37,24,392.7210,-81.6706,0.3999,20,0.5000,0.8571,7,7,6,0,0,7,6,0.1429
4,260.0000,37,26,342.0658,-80.3369,-0.3926,26,0.6500,0.5000,6,7,4,0,0,7,4,0.4286
4,260.0000,37,29,369.3301,-80.6508,-0.3293,21,0.5250,0.5000,6,5,2,0,0,5,2,0.6000
4,260.0000,37,31,968.2017,-87.6639,-0.0603,3,0.0750,1.0000,2,4,4,0,0,4,4,0.0000
4,260.0000,37,33,478.7703,-83.0429,-0.5604,26,0.6500,0.0000,4,6,4,0,0,6,4,0.3333
4,260.0000,37,34,72.8163,-70.0554,3.1781,37,0.9250,0.4000,5,4,0,0,0,4,0,1.0000
4,260.0000,37,35,423.0306,-82.2250,-0.4337,27,0.6750,0.6667,6,7,5,0,0,7,5,0.2857
4,260.0000,37,38,608.2954,-85.6069,0.2701,12,0.3000,0.8750,8,8,8,0,0,8,8,0.0000
4,260.0000,37,41,549.4761,-84.5366,-0.2443,23,0.5750,0.8571,7,8,7,0,0,8,7,0.1250
4,260.0000,37,43,640.2104,-85.1065,0.5184,21,0.5250,1.0000,8,8,7,0,0,8,7,0.1250
4,260.0000,37,45,724.7885,-86.5448,-0.0727,7,0.1750,0.8750,8,7,6,0,0,7,6,0.1429
4,260.0000,37,47,581.4067,-84.6552,-0.2787,12,0.3000,0.6667,6,8,7,0,0,8,7,0.1250
4,260.0000,38,2,725.5658,-86.3746,1.0880,6,0.1500,0.8750,8,8,8,0,0,8,8,0.0000
4,260.0000,38,3,801.9976,-86.9279,-0.4830,7,0.1750,0.8750,8,8,8,0,0,8,8,0.0000
4,260.0000,38,4,932.6156,-88.2810,0.7378,4,0.1000,1.0000,6,6,6,0,0,6,6,0.0000
4,260.0000,38,5,645.1935,-85.6045,-0.0917,8,0.2000,1.0000,8,8,8,0,0,8,8,0.0000
4,260.0000,38,6,715.1805,-86.5006,-0.1678,6,0.1500,1.0000,8,8,8,0,0,8,8,0.0000
4,260.0000,38,7,925.8162,-87.9662,0.3954,5,0.1250,1.0000,8,8,8,0,0,8,8,0.0000
4,260.0000,38,8,617.8159,-84.8455,1.3698,7,0.1750,1.0000,8,8,8,0,0,8,8,0.0000
4,260.0000,38,10,678.0550,-85.0295,-1.1684,5,0.1250,0.8750,8,7,6,0,0,7,6,0.1429
4,260.0000,38,11,864.3586,-86.9802,-1.7200,4,0.1000,1.0000,8,8,8,0,0,8,8,0.0000
4,260.0000,38,12,621.4486,-83.6540,-0.2885,9,0.2250,0.8750,8,8,8,0,0,8,8,0.0000
4,260.0000,38,13,906.2588,-88.7464,1.0500,3,0.0750,1.0000,2,8,7,0,0,8,7,0.1250
4,260.0000,38,14,349.7108,-80.9092,0.5436,11,0.2750,0.8750,8,6,4,0,0,6,4,0.3333
4,260.0000,38,16,249.5165,-76.9310,-0.2227,27,0.6750,0.5714,7,4,0,0,0,4,0,1.0000
4,260.0000,38,17,880.9287,-87.4233,-1.6169,3,0.0750,1.0000,6,8,8,0,0,8,8,0.0000
4,260.0000,38,18,501.5791,-84.3589,1.7039,8,0.2000,1.0000,8,8,7,0,0,8,7,0.1250
4,260.0000,38,20,544.5440,-84.0478,-1.4958,7,0.1750,0.8750,8,8,8,0,0,8,8,0.0000
4,260.0000,38,21,866.9058,-87.4005,-0.0320,5,0.1250,1.0000,6,8,8,0,0,8,8,0.0000
4,260.0000,38,22,706.8377,-86.4003,0.0274,10,0.2500,0.8000,5,7,6,0,0,7,6,0.1429
4,260.0000,38,23,784.9842,-86.3742,1.0618,6,0.1500,1.0000,8,8,8,0,0,8,8,0.0000
4,260.0000,38,24,393.4486,-79.9824,-0.9722,14,0.3500,0.8750,8,7,6,0,0,7,6,0.1429
4,260.0000,38,26,574.4623,-84.1169,0.4496,14,0.3500,0.8571,7,8,8,0,0,8,8,0.0000
4,260.0000,38,27,455.9531,-83.9683,0.2193,10,0.2500,0.8571,7,7,5,0,0,7,5,0.2857
4,260.0000,38,29,873.4368,-87.3396,0.4342,4,0.1000,1.0000,8,7,6,0,0,7,6,0.1429
4,260.0000,38,31,760.8874,-86.9075,0.2367,3,0.0750,1.0000,8,8,8,0,0,8,8,0.0000
4,260.0000,38,32,719.6030,-86.5955,-0.3701,4,0.1000,1.0000,6,7,6,0,0,7,6,0.1429
4,260.0000,38,34,619.2412,-84.1396,-0.9492,14,0.3500,0.7143,7,8,8,0,0,8,8,0.0000
4,260.0000,38,35,807.8305,-86.5521,0.5940,5,0.1250,1.0000,8,6,6,0,0,6,6,0.0000
4,260.0000,38,37,608.2954,-85.5949,0.2195,8,0.2000,0.8571,7,7,6,0,0,7,6,0.1429
4,260.0000,38,41,810.6713,-87.1693,-1.3241,5,0.1250,0.8571,7,8,8,0,0,8,8,0.0000
4,260.0000,38,45,490.3355,-84.8406,0.0646,7,0.1750,0.4000,5,6,4,0,0,6,4,0.3333
4,260.0000,38,47,275.5353,-78.1876,0.2749,20,0.5000,0.3333,6,6,4,0,0,6,4,0.3333
4,260.0000,39,0,369.3556,-81.7354,0.0377,31,0.7750,0.2000,5,7,4,0,0,7,4,0.4286
4,260.0000,39,1,709.6594,-85.9199,0.4527,9,0.2250,1.0000,8,8,8,0,0,8,8,0.0000
4,260.0000,39,9,554.3017,-84.5550,-1.1878,11,0.2750,0.6667,9,8,5,0,0,8,5,0.3750
4,260.0000,39,15,234.4052,-79.4426,1.2772,31,0.7750,0.5000,6,5,1,0,0,5,1,0.8000
4,260.0000,39,19,774.6414,-85.9244,-0.4696,8,0.2000,1.0000,8,8,8,0,0,8,8,0.0000
4,260.0000,39,21,841.7721,-88.2410,-0.4581,5,0.1250,1.0000,8,10,10,0,0,10,10,0.0000
4,260.0000,39,25,792.2978,-87.1916,-0.2747,6,0.1500,1.0000,8,8,8,0,0,8,8,0.0000
4,260.0000,39,28,123.0734,-70.5372,-0.1268,37,0.9250,0.0000,4,4,0,0,0,4,0,1.0000
4,260.0000,39,30,331.2774,-79.4720,-0.0942,37,0.9250,0.2000,5,7,4,0,0,7,4,0.4286
4,260.0000,39,40,276.7095,-79.0596,-0.0450,36,0.9000,0.0000,4,5,2,0,0,5,2,0.6000
4,260.0000,39,44,637.2199,-84.5977,-0.4599,14,0.3500,0.8750,8,8,8,0,0,8,8,0.0000
4,260.0000,39,46,367.5379,-81.9879,-0.1177,32,0.8000,0.4000,5,4,1,0,0,4,1,0.7500
4,260.0000,40,0,237.1866,-77.9240,0.6032,33,0.8250,0.0000,4,7,2,2,0,9,2,0.7778
4,260.0000,40,1,707.9993,-86.6132,0.6036,7,0.1750,0.7143,7,8,8,0,0,8,8,0.0000
4,260.0000,40,9,532.9523,-83.7842,-1.1725,14,0.3500,0.7143,7,7,6,0,0,7,6,0.1429
4,260.0000,40,15,364.7493,-82.7320,1.4774,25,0.6250,0.5000,6,5,1,0,0,5,1,0.8000
4,260.0000,40,19,731.9454,-85.2730,-0.7505,9,0.2250,1.0000,8,8,8,0,0,8,8,0.0000
4,260.0000,40,21,779.7510,-85.7907,0.2108,8,0.2000,0.9735,151,8,8,6,6,14,14,0.0000
4,260.0000,40,25,782.4069,-86.1680,0.2914,5,0.1250,1.0000,8,8,8,0,0,8,8,0.0000
4,260.0000,40,28,182.6820,-74.7372,0.2843,39,0.9750,0.0000,4,5,1,0,0,5,1,0.8000
4,260.0000,40,30,333.3907,-80.7472,-0.0066,35,0.8750,0.5000,6,5,1,0,0,5,1,0.8000
4,260.0000,40,39,276.7095,-79.1649,0.2328,36,0.9000,0.0000,4,4,0,0,0,4,0,1.0000
4,260.0000,40,44,655.6895,-84.4031,-0.6536,8,0.2000,1.0000,8,8,8,130,123,138,131,0.0507
4,260.0000,40,46,314.5637,-79.5394,-0.5669,33,0.8250,0.2000,5,5,2,0,0,5,2,0.6000
4,260.0000,41,2,778.5323,-87.2191,-0.7240,5,0.1282,1.0000,8,8,8,0,0,8,8,0.0000
4,260.0000,41,3,741.7165,-86.0222,0.8529,6,0.1538,1.0000,8,7,6,0,0,7,6,0.1429
4,260.0000,41,5,415.3321,-82.9967,-0.2837,10,0.2564,0.6667,6,6,4,0,0,6,4,0.3333
4,260.0000,41,7,477.3008,-82.1123,-0.7272,18,0.4615,0.8571,7,7,5,0,0,7,5,0.2857
4,260.0000,41,10,752.3846,-87.2160,-0.9955,3,0.0769,1.0000,8,8,8,0,0,8,8,0.0000
4,260.0000,41,12,680.1500,-86.5065,0.1599,9,0.2308,0.8750,8,7,6,0,0,7,6,0.1429
4,260.0000,41,16,599.3107,-83.0674,0.1155,13,0.3333,1.0000,8,7,6,0,0,7,6,0.1429
4,260.0000,41,17,862.2122,-87.3150,1.3287,3,0.0769,1.0000,8,8,8,0,0,8,8,0.0000
4,260.0000,41,20,853.9098,-87.7087,1.3451,4,0.1026,1.0000,8,8,8,0,0,8,8,0.0000
4,260.0000,41,22,435.5394,-82.2149,0.0580,12,0.3077,0.7143,7,7,5,0,0,7,5,0.2857
4,260.0000,41,23,541.1803,-84.0690,-0.2999,15,0.3846,1.0000,8,7,6,0,0,7,6,0.1429
4,260.0000,41,24,848.5410,-87.3412,-0.5357,3,0.0769,1.0000,14,8,8,0,0,8,8,0.0000
4,260.0000,41,26,274.6242,-78.5042,0.5695,20,0.5128,0.7143,7,6,2,0,0,6,2,0.6667
4,260.0000,41,29,831.6586,-88.4280,0.5861,5,0.1282,1.0000,8,8,8,0,0,8,8,0.0000
4,260.0000,41,33,726.9811,-85.4970,-0.6268,7,0.1795,1.0000,8,8,8,0,0,8,8,0.0000
4,260.0000,41,34,606.5533,-85.6389,-0.4784,7,0.1795,0.8000,5,9,8,0,0,9,8,0.1111
4,260.0000,41,35,172.7354,-76.7599,1.5665,26,0.6667,0.2000,5,4,0,0,0,4,0,1.0000
4,260.0000,41,37,549.4761,-85.1792,0.3461,7,0.1795,1.0000,8,8,7,0,0,8,7,0.1250
4,260.0000,41,38,810.6713,-86.3830,-2.2631,3,0.0769,1.0000,6,8,8,0,0,8,8,0.0000
4,260.0000,41,43,914.2527,-87.3879,0.5179,6,0.1538,1.0000,8,6,6,0,0,6,6,0.0000
4,260.0000,41,47,953.9262,-88.1563,-0.3734,3,0.0769,1.0000,8,6,6,0,0,6,6,0.0000
4,260.0000,42,1,682.4061,-87.0766,-0.2139,6,0.1500,1.0000,8,8,6,0,0,8,6,0.2500
4,260.0000,42,2,804.4166,-88.5732,1.0302,3,0.0750,1.0000,8,8,8,0,0,8,8,0.0000
4,260.0000,42,4,203.5960,-76.1117,-0.5959,33,0.8250,0.2000,5,4,0,0,0,4,0,1.0000
4,260.0000,42,6,403.7005,-81.7360,1.3251,12,0.3000,0.8750,8,7,6,0,0,7,6,0.1429
4,260.0000,42,8,303.9608,-80.3837,1.2783,15,0.3750,0.8750,8,6,2,0,0,6,2,0.6667
4,260.0000,42,9,900.6526,-87.7875,0.2282,5,0.1250,0.8333,6,6,6,0,0,6,6,0.0000
4,260.0000,42,10,805.4475,-86.3025,-0.6424,6,0.1500,1.0000,8,8,8,0,0,8,8,0.0000
4,260.0000,42,11,662.3213,-85.6022,0.0171,9,0.2250,1.0000,8,7,6,0,0,7,6,0.1429
4,260.0000,42,12,837.1176,-87.8777,0.7149,6,0.1500,1.0000,8,8,8,0,0,8,8,0.0000
4,260.0000,42,13,324.7429,-80.2884,0.5996,28,0.7000,0.3333,6,7,5,0,0,7,5,0.2857
4,260.0000,42,14,715.1072,-86.2630,1.4728,7,0.1750,1.0000,8,8,8,0,0,8,8,0.0000
4,260.0000,42,17,853.1503,-87.4685,-2.1238,6,0.1500,0.6667,3,8,8,0,0,8,8,0.0000
4,260.0000,42,18,525.9837,-83.3174,0.6607,10,0.2500,1.0000,8,8,7,0,0,8,7,0.1250
4,260.0000,42,19,931.9272,-87.6078,0.4243,7,0.1750,1.0000,6,4,4,0,0,4,4,0.0000
4,260.0000,42,20,627.0886,-86.1472,-0.8116,6,0.1500,1.0000,8,8,8,0,0,8,8,0.0000
4,260.0000,42,21,705.1699,-86.7360,-0.5624,6,0.1500,1.0000,8,8,6,0,0,8,6,0.2500
4,260.0000,42,24,706.7788,-86.8389,-1.2005,6,0.1500,1.0000,8,8,8,0,0,8,8,0.0000
4,260.0000,42,25,601.6102,-86.1743,-0.1247,7,0.1750,0.8750,8,8,8,0,0,8,8,0.0000
4,260.0000,42,27,720.8951,-86.0596,-0.3566,6,0.1500,0.8571,7,7,6,0,0,7,6,0.1429
4,260.0000,42,29,925.8479,-87.4556,-0.3029,5,0.1250,1.0000,6,6,6,0,0,6,6,0.0000
4,260.0000,42,31,305.7786,-79.1066,0.2369,25,0.6250,0.3333,6,7,5,0,0,7,5,0.2857
4,260.0000,42,32,702.5169,-87.1734,-2.6240,4,0.1000,1.0000,8,7,6,0,0,7,6,0.1429
4,260.0000,42,34,1012.1457,-88.9710,0.6299,3,0.0750,1.0000,8,6,6,0,0,6,6,0.0000
4,260.0000,42,36,614.6547,-85.5877,1.3871,10,0.2500,1.0000,8,8,8,0,0,8,8,0.0000
4,260.0000,42,38,904.3515,-88.5661,-1.8166,3,0.0750,1.0000,6,6,6,0,0,6,6,0.0000
4,260.0000,42,45,474.7158,-83.6228,-0.0226,12,0.3000,0.5714,7,6,4,0,0,6,4,0.3333
4,260.0000,42,47,666.0431,-87.7230,-0.6210,6,0.1500,1.0000,8,6,6,0,0,6,6,0.0000
4,260.0000,43,2,530.9338,-84.7324,0.0733,8,0.2000,0.8571,7,6,4,0,0,6,4,0.3333
4,260.0000,43,3,414.9218,-81.7622,1.3550,11,0.2750,0.8571,7,5,2,0,0,5,2,0.6000
4,260.0000,43,5,698.8156,-84.4712,-4.9901,3,0.0750,0.8750,8,8,8,0,0,8,8,0.0000
4,260.0000,43,7,487.0418,-84.8068,0.1039,12,0.3000,1.0000,8,8,7,0,0,8,7,0.1250
4,260.0000,43,10,556.3172,-85.2065,-0.1958,9,0.2250,0.8750,8,6,6,0,0,6,6,0.0000
4,260.0000,43,11,627.6005,-85.7475,-0.6104,7,0.1750,0.8571,7,7,6,0,0,7,6,0.1429
4,260.0000,43,12,625.9640,-86.4690,0.6718,7,0.1750,1.0000,8,8,8,0,0,8,8,0.0000
4,260.0000,43,17,465.0221,-83.5721,-1.1777,10,0.2500,0.7143,7,7,6,0,0,7,6,0.1429
4,260.0000,43,20,780.9270,-86.0428,-1.8240,3,0.0750,1.0000,8,8,8,0,0,8,8,0.0000
4,260.0000,43,22,653.9511,-87.3810,-0.1268,5,0.1250,1.0000,8,7,6,0,0,7,6,0.1429
4,260.0000,43,23,516.6558,-84.9074,0.5609,14,0.3500,0.6667,6,7,6,0,0,7,6,0.1429
4,260.0000,43,24,908.9615,-87.2727,-0.6112,5,0.1250,1.0000,6,8,8,0,0,8,8,0.0000
4,260.0000,43,26,829.9930,-86.8320,-0.7820,4,0.1000,1.0000,8,8,8,0,0,8,8,0.0000
4,260.0000,43,29,376.7807,-81.3119,0.8107,13,0.3250,0.5000,6,7,4,0,0,7,4,0.4286
4,260.0000,43,33,201.4552,-78.1871,1.3681,27,0.6750,0.2000,5,4,0,0,0,4,0,1.0000
4,260.0000,43,34,653.1157,-88.3115,-0.4505,4,0.1000,1.0000,8,6,4,0,0,6,4,0.3333
4,260.0000,43,35,777.2969,-87.3958,0.4608,6,0.1500,0.9231,52,10,10,8,8,18,18,0.0000
4,260.0000,43,37,640.2104,-85.9194,-0.2188,6,0.1500,1.0000,8,7,6,0,0,7,6,0.1429
4,260.0000,43,47,1112.4503,-88.3367,-0.4747,3,0.0750,1.0000,4,6,6,0,0,6,6,0.0000
4,260.0000,44,0,445.1859,-83.1663,0.2162,21,0.5250,0.8571,7,7,5,0,0,7,5,0.2857
4,260.0000,44,1,479.6301,-83.3363,-0.3699,19,0.4750,0.6250,8,5,2,0,0,5,2,0.6000
4,260.0000,44,8,853.0623,-88.0255,0.4868,3,0.0750,1.0000,8,8,8,0,0,8,8,0.0000
4,260.0000,44,9,213.4712,-76.7314,0.5655,36,0.9000,0.2000,5,5,2,0,0,5,2,0.6000
4,260.0000,44,13,753.7604,-86.0556,0.3777,3,0.0750,1.0000,6,8,7,0,0,8,7,0.1250
4,260.0000,44,15,432.8269,-80.1787,-0.8475,32,0.8000,0.4000,5,7,5,0,0,7,5,0.2857
4,260.0000,44,18,864.6494,-87.2339,0.4555,5,0.1250,1.0000,8,8,8,0,0,8,8,0.0000
4,260.0000,44,19,903.2699,-87.7147,-0.8917,4,0.1000,1.0000,8,8,7,0,0,8,7,0.1250
4,260.0000,44,21,329.3484,-80.2505,-0.2923,27,0.6750,0.0000,4,6,3,0,0,6,3,0.5000
4,260.0000,44,25,465.4657,-83.2464,-0.1106,16,0.4000,0.7143,7,7,5,0,0,7,5,0.2857
4,260.0000,44,27,488.4420,-83.8634,0.0542,16,0.4000,0.8750,8,8,6,26,24,34,30,0.1176
4,260.0000,44,28,643.4128,-86.0965,-0.6341,19,0.4750,0.8571,7,7,5,0,0,7,5,0.2857
4,260.0000,44,30,480.0413,-83.6811,0.7392,28,0.7000,0.7500,8,8,6,0,0,8,6,0.2500
4,260.0000,44,31,828.9064,-88.0075,0.6180,3,0.0750,1.0000,6,7,6,0,0,7,6,0.1429
4,260.0000,44,32,380.9678,-81.4849,-0.3157,22,0.5500,0.8571,7,7,4,0,0,7,4,0.4286
4,260.0000,44,36,862.3053,-86.7109,-1.0230,7,0.1750,1.0000,8,8,8,0,0,8,8,0.0000
4,260.0000,44,39,637.2199,-85.5231,0.7283,14,0.3500,0.7143,7,8,7,0,0,8,7,0.1250
4,260.0000,44,40,655.6895,-84.9482,0.3098,16,0.4000,1.0000,8,8,8,0,0,8,8,0.0000
4,260.0000,44,46,802.5805,-86.7592,-0.7271,14,0.3500,1.0000,8,7,6,0,0,7,6,0.1429
4,260.0000,45,0,1196.9458,-87.9741,0.6518,3,0.0750,1.0000,4,4,4,0,0,4,4,0.0000
4,260.0000,45,1,826.7264,-88.4834,-0.3871,4,0.1000,1.0000,8,6,6,0,0,6,6,0.0000
4,260.0000,45,2,577.1992,-85.2581,0.4781,10,0.2500,1.0000,8,5,4,0,0,5,4,0.2000
4,260.0000,45,3,703.6776,-86.3930,1.0896,5,0.1250,1.0000,6,8,8,0,0,8,8,0.0000
4,260.0000,45,4,469.3143,-83.1265,-0.1332,18,0.4500,1.0000,8,6,4,0,0,6,4,0.3333
4,260.0000,45,5,839.8963,-86.8097,1.0567,6,0.1500,0.8571,7,6,6,0,0,6,6,0.0000
4,260.0000,45,6,496.9301,-82.7519,0.2256,14,0.3500,1.0000,8,8,8,0,0,8,8,0.0000
4,260.0000,45,8,180.0166,-71.9801,-1.4602,35,0.8750,0.0000,4,5,1,0,0,5,1,0.8000
4,260.0000,45,9,912.6225,-87.1445,0.9446,7,0.1750,1.0000,4,8,8,0,0,8,8,0.0000
4,260.0000,45,10,565.0227,-86.0609,-0.9370,9,0.2250,0.7143,7,8,8,0,0,8,8,0.0000
4,260.0000,45,11,648.6496,-87.0860,0.0006,8,0.2000,1.0000,8,8,8,0,0,8,8,0.0000
4,260.0000,45,12,526.6451,-84.4398,-0.0180,9,0.2250,1.0000,8,8,8,0,0,8,8,0.0000
4,260.0000,45,13,597.2818,-84.9369,0.6774,11,0.2750,1.0000,8,7,6,0,0,7,6,0.1429
4,260.0000,45,14,447.9920,-82.7074,0.7938,16,0.4000,0.8571,7,7,6,0,0,7,6,0.1429
4,260.0000,45,16,597.6929,-85.2457,0.2062,13,0.3250,0.8750,8,6,6,0,0,6,6,0.0000
4,260.0000,45,17,673.0114,-87.0575,0.0364,5,0.1250,1.0000,8,8,7,0,0,8,7,0.1250
4,260.0000,45,18,411.5593,-81.9214,-0.2462,17,0.4250,0.4000,5,5,1,0,0,5,1,0.8000
4,260.0000,45,20,329.0346,-81.5815,1.5399,12,0.3000,1.0000,8,5,2,0,0,5,2,0.6000
4,260.0000,45,21,664.0579,-86.7745,0.1263,7,0.1750,1.0000,8,8,8,0,0,8,8,0.0000
4,260.0000,45,22,748.2477,-86.6626,0.9137,4,0.1000,1.0000,6,8,8,0,0,8,8,0.0000
4,260.0000,45,23,760.7726,-86.8999,0.2849,7,0.1750,1.0000,4,8,8,0,0,8,8,0.0000
4,260.0000,45,24,428.2337,-82.0673,-0.0125,10,0.2500,0.5000,6,7,4,0,0,7,4,0.4286
4,260.0000,45,25,719.5602,-86.3911,-0.0297,7,0.1750,0.8750,8,5,4,0,0,5,4,0.2000
4,260.0000,45,26,795.4053,-87.2303,0.6567,5,0.1250,1.0000,8,4,4,0,0,4,4,0.0000
4,260.0000,45,27,459.6620,-81.2085,-0.5706,18,0.4500,0.8571,7,8,8,0,0,8,8,0.0000
4,260.0000,45,29,774.5856,-86.9102,0.2766,6,0.1500,1.0000,8,8,8,0,0,8,8,0.0000
4,260.0000,45,31,484.8619,-84.0368,-0.2394,12,0.3000,1.0000,8,8,7,0,0,8,7,0.1250
4,260.0000,45,32,652.3668,-86.8934,1.1896,9,0.2250,1.0000,8,8,8,0,0,8,8,0.0000
4,260.0000,45,34,736.4137,-85.3639,0.5125,6,0.1500,1.0000,8,8,7,0,0,8,7,0.1250
4,260.0000,45,35,1033.2515,-87.7358,1.1889,4,0.1000,1.0000,6,6,6,0,0,6,6,0.0000
4,260.0000,45,37,724.7885,-87.8204,0.2111,8,0.2000,1.0000,6,8,7,0,0,8,7,0.1250
4,260.0000,45,38,490.3355,-83.6353,0.1899,16,0.4000,1.0000,8,8,7,0,0,8,7,0.1250
4,260.0000,45,42,474.7158,-82.9958,-0.1924,19,0.4750,1.0000,8,8,7,0,0,8,7,0.1250
4,260.0000,45,44,887.2584,-87.9476,0.6388,4,0.1000,1.0000,8,2,2,0,0,2,2,0.0000
4,260.0000,45,47,346.8858,-80.7344,0.2623,19,0.4750,0.6667,6,8,5,0,0,8,5,0.3750
4,260.0000,46,0,419.7659,-81.5630,-0.1589,23,0.5750,0.4000,5,7,4,0,0,7,4,0.4286
4,260.0000,46,1,658.1463,-84.3174,0.3775,11,0.2750,0.8750,8,8,8,0,0,8,8,0.0000
4,260.0000,46,9,630.4171,-84.8116,-0.3450,12,0.3000,1.0000,7,7,6,0,0,7,6,0.1429
4,260.0000,46,15,436.4833,-84.0806,1.0325,21,0.5250,0.7143,7,5,2,0,0,5,2,0.6000
4,260.0000,46,19,495.3814,-82.8074,-0.4465,20,0.5000,0.4286,7,8,7,0,0,8,7,0.1250
4,260.0000,46,21,873.7297,-85.5674,-1.5080,5,0.1250,1.0000,6,8,8,0,0,8,8,0.0000
4,260.0000,46,25,757.3249,-86.0961,0.4664,6,0.1500,1.0000,8,8,8,0,0,8,8,0.0000
4,260.0000,46,28,263.3022,-79.0326,0.2523,38,0.9500,0.2000,5,4,0,0,0,4,0,1.0000
4,260.0000,46,30,601.3951,-84.9477,-0.3870,21,0.5250,1.0000,8,7,6,0,0,7,6,0.1429
4,260.0000,46,31,1173.0245,-88.8507,0.0618,3,0.0750,1.0000,6,8,8,0,0,8,8,0.0000
4,260.0000,46,32,914.6549,-88.2403,6.0185,3,0.0750,1.0000,8,6,6,0,0,6,6,0.0000
4,260.0000,46,36,749.5998,-86.7940,-0.1957,9,0.2250,1.0000,8,8,8,0,0,8,8,0.0000
4,260.0000,46,39,367.5379,-81.7617,0.6537,31,0.7750,0.2000,5,7,6,0,0,7,6,0.1429
4,260.0000,46,40,314.5637,-79.4896,0.5354,38,0.9500,0.0000,4,7,4,0,0,7,4,0.4286
4,260.0000,46,44,802.5805,-86.8207,1.2921,5,0.1250,1.0000,8,8,7,0,0,8,7,0.1250
4,260.0000,47,1,864.9068,-88.8044,-0.3514,3,0.0750,1.0000,2,6,6,0,0,6,6,0.0000
4,260.0000,47,2,618.3717,-84.6521,-0.0878,14,0.3500,0.8750,8,7,6,0,0,7,6,0.1429
4,260.0000,47,3,706.7855,-85.9641,-0.3110,12,0.3000,0.8571,7,8,7,0,0,8,7,0.1250
4,260.0000,47,4,710.9700,-87.4618,-1.1414,6,0.1500,0.8571,7,8,8,0,0,8,8,0.0000
4,260.0000,47,5,678.0621,-84.8137,-0.9901,14,0.3500,0.8750,8,4,4,0,0,4,4,0.0000
4,260.0000,47,6,439.7063,-82.4157,-0.1385,17,0.4250,0.8571,7,7,5,0,0,7,5,0.2857
4,260.0000,47,8,415.1680,-82.5261,-0.0847,14,0.3500,0.6667,6,8,7,0,0,8,7,0.1250
4,260.0000,47,10,570.9164,-85.1855,0.1095,14,0.3500,0.8750,8,7,6,0,0,7,6,0.1429
4,260.0000,47,11,656.4838,-86.6454,-0.6464,12,0.3000,1.0000,8,7,6,0,0,7,6,0.1429
4,260.0000,47,12,561.3803,-84.7466,-0.4877,15,0.3750,0.8571,7,7,5,0,0,7,5,0.2857
4,260.0000,47,13,678.3890,-87.1310,1.3762,5,0.1250,1.0000,6,7,6,0,0,7,6,0.1429
4,260.0000,47,14,147.5403,-73.4156,0.7175,28,0.7000,0.2500,4,5,0,0,0,5,0,1.0000
4,260.0000,47,16,473.2744,-82.7963,-0.1802,25,0.6250,0.6667,6,8,6,0,0,8,6,0.2500
4,260.0000,47,17,775.4846,-86.5979,-0.1521,11,0.2750,1.0000,8,8,8,0,0,8,8,0.0000
4,260.0000,47,18,238.2181,-79.4589,1.8329,26,0.6500,1.0000,8,6,2,0,0,6,2,0.6667
4,260.0000,47,20,409.7066,-80.2512,-0.2296,23,0.5750,0.8571,7,8,8,0,0,8,8,0.0000
4,260.0000,47,21,786.0324,-87.7592,0.7045,3,0.0750,1.0000,8,7,5,0,0,7,5,0.2857
4,260.0000,47,22,751.4773,-86.5790,-0.0113,12,0.3000,0.8571,7,7,6,0,0,7,6,0.1429
4,260.0000,47,23,780.6793,-87.6590,-0.2090,11,0.2750,1.0000,6,8,8,0,0,8,8,0.0000
4,260.0000,47,24,216.4360,-74.9133,-0.5915,26,0.6500,0.0000,4,6,4,0,0,6,4,0.3333
4,260.0000,47,25,772.0642,-86.8811,1.2683,5,0.1250,1.0000,6,7,6,0,0,7,6,0.1429
4,260.0000,47,26,688.8922,-85.0767,-0.5457,16,0.4000,0.7143,7,8,7,0,0,8,7,0.1250
4,260.0000,47,27,422.7609,-83.6547,0.7666,17,0.4250,0.8750,8,7,6,0,0,7,6,0.1429
4,260.0000,47,29,748.1522,-86.4569,-0.1130,12,0.3000,1.0000,8,6,6,0,0,6,6,0.0000
4,260.0000,47,31,508.0952,-84.2374,0.5079,16,0.4000,0.8750,8,6,3,0,0,6,3,0.5000
4,260.0000,47,32,605.6424,-85.7139,0.9864,10,0.2500,0.8000,5,7,5,0,0,7,5,0.2857
4,260.0000,47,33,1007.0674,-87.2141,-0.4980,4,0.1000,1.0000,8,4,4,0,0,4,4,0.0000
4,260.0000,47,34,570.9944,-83.3170,-0.4365,18,0.4500,0.8571,7,8,8,0,0,8,8,0.0000
4,260.0000,47,35,906.1783,-86.7709,0.0354,10,0.2500,1.0000,8,5,4,0,0,5,4,0.2000
4,260.0000,47,37,581.4067,-84.2339,-0.3025,16,0.4000,1.0000,8,7,6,0,0,7,6,0.1429
4,260.0000,47,38,275.5353,-78.3377,-0.5169,33,0.8250,0.4000,5,6,3,0,0,6,3,0.5000
4,260.0000,47,41,953.9262,-86.7459,-0.0673,5,0.1250,1.0000,8,8,8,0,0,8,8,0.0000
4,260.0000,47,42,666.0431,-85.3428,-0.7341,11,0.2750,0.8000,5,8,7,0,0,8,7,0.1250
4,260.0000,47,44,898.6676,-88.2139,-0.5717,3,0.0750,1.0000,4,8,8,0,0,8,8,0.0000
4,260.0000,47,45,346.8858,-80.8484,-0.0424,21,0.5250,0.8571,7,6,4,0,0,6,4,0.3333
4,264.0000,0,1,585.4077,-84.4730,-1.9000,7,0.1795,1.0000,8,8,8,0,0,8,8,0.0000
4,264.0000,0,9,372.2902,-79.2406,-0.2407,27,0.6923,0.5000,6,8,6,0,0,8,6,0.2500
4,264.0000,0,15,292.0533,-78.7969,-0.4461,34,0.8718,0.0000,4,6,2,0,0,6,2,0.6667
4,264.0000,0,19,772.7608,-85.7617,0.1389,10,0.2564,0.8571,7,8,8,0,0,8,8,0.0000
4,264.0000,0,21,619.1039,-83.9211,-0.3180,8,0.2051,1.0000,8,8,8,0,0,8,8,0.0000
4,264.0000,0,25,667.1146,-84.3242,-0.2321,7,0.1795,0.8571,7,8,8,0,0,8,8,0.0000
4,264.0000,0,28,281.7156,-78.9426,-0.4868,35,0.8974,0.0000,4,5,1,0,0,5,1,0.8000
4,264.0000,0,30,198.8066,-77.4645,1.2468,32,0.8205,0.0000,4,4,0,0,0,4,0,1.0000
4,264.0000,0,32,755.3422,-87.3933,-0.9572,5,0.1282,1.0000,8,8,8,0,0,8,8,0.0000
4,264.0000,0,36,788.1854,-87.9969,-0.3332,5,0.1282,1.0000,8,8,8,0,0,8,8,0.0000
4,264.0000,0,39,334.5729,-80.4304,-0.1730,31,0.7949,0.2857,7,4,0,0,0,4,0,1.0000
4,264.0000,0,40,200.2858,-76.7730,-0.1587,35,0.8974,0.0000,4,4,0,0,0,4,0,1.0000
4,264.0000,0,44,494.4876,-82.0329,0.3628,23,0.5897,0.7273,11,8,7,0,0,8,7,0.1250
4,264.0000,0,46,416.9295,-81.8664,0.4291,28,0.7179,0.5714,7,7,6,0,0,7,6,0.1429
4,264.0000,1,0,585.4077,-84.1974,1.8896,14,0.3500,0.8750,8,7,6,0,0,7,6,0.1429
4,264.0000,1,4,785.7283,-85.9465,1.4355,4,0.1000,1.0000,8,8,8,0,0,8,8,0.0000
4,264.0000,1,6,657.5837,-88.6615,-0.1447,3,0.0750,0.8750,8,8,8,0,0,8,8,0.0000
4,264.0000,1,8,706.5546,-87.3928,1.0375,3,0.0750,1.0000,8,8,8,0,0,8,8,0.0000
4,264.0000,1,9,327.9686,-80.1532,0.2413,25,0.6250,0.8750,8,4,0,0,0,4,0,1.0000
4,264.0000,1,13,300.2483,-79.8131,0.6520,23,0.5750,0.6667,6,5,2,0,0,5,2,0.6000
4,264.0000,1,14,860.1105,-86.9348,-0.7157,3,0.0750,1.0000,8,8,8,0,0,8,8,0.0000
4,264.0000,1,15,591.5006,-83.7455,-0.2990,17,0.4250,0.5000,6,7,6,0,0,7,6,0.1429
4,264.0000,1,18,744.1451,-85.8207,-2.0956,4,0.1000,1.0000,8,8,8,0,0,8,8,0.0000
4,264.0000,1,19,572.2382,-84.0374,-0.5367,19,0.4750,1.0000,8,7,5,0,0,7,5,0.2857
4,264.0000,1,21,359.4020,-81.4152,0.1405,19,0.4750,0.7143,7,6,3,0,0,6,3,0.5000
4,264.0000,1,25,123.9340,-69.9677,0.1187,30,0.7500,0.5000,6,4,0,0,0,4,0,1.0000
4,264.0000,1,27,614.2191,-84.9262,0.0838,5,0.1250,0.8571,7,7,6,0,0,7,6,0.1429
4,264.0000,1,28,623.0495,-85.6034,-0.5430,13,0.3250,0.6667,6,8,7,0,0,8,7,0.1250
4,264.0000,1,30,698.4663,-86.7495,0.1522,10,0.2500,1.0000,8,8,8,0,0,8,8,0.0000
4,264.0000,1,31,465.0835,-82.6905,-0.0816,10,0.2500,0.8571,7,7,6,0,0,7,6,0.1429
4,264.0000,1,32,262.2127,-79.7228,1.0353,23,0.5750,0.5000,6,6,2,0,0,6,2,0.6667
4,264.0000,1,36,377.2922,-81.4944,0.2595,22,0.5500,0.5000,6,6,2,0,0,6,2,0.6667
4,264.0000,1,39,697.0156,-86.3037,-0.3360,10,0.2500,0.8571,7,8,8,0,0,8,8,0.0000
4,264.0000,1,40,724.6028,-85.7701,0.8970,11,0.2750,1.0000,4,6,6,0,0,6,6,0.0000
4,264.0000,1,42,608.8720,-84.4204,-3.9642,5,0.1250,1.0000,8,7,6,0,0,7,6,0.1429
4,264.0000,1,44,462.4744,-81.9782,0.1594,13,0.3250,0.7143,7,8,7,0,0,8,7,0.1250
4,264.0000,1,45,850.1551,-86.2575,-2.7774,3,0.0750,1.0000,8,8,8,0,0,8,8,0.0000
4,264.0000,1,46,600.5539,-85.2979,0.7355,14,0.3500,0.8571,7,7,5,0,0,7,5,0.2857
4,264.0000,2,3,88.0708,-70.5417,1.5221,37,0.9250,0.0000,4,6,2,0,0,6,2,0.6667
4,264.0000,2,4,691.9245,-86.1625,0.5168,12,0.3000,1.0000,8,7,6,0,0,7,6,0.1429
4,264.0000,2,5,662.6393,-84.9991,-0.0181,14,0.3500,0.7143,7,6,6,0,0,6,6,0.0000
4,264.0000,2,6,776.0467,-86.6674,-0.9231,7,0.1750,1.0000,8,8,8,0,0,8,8,0.0000
4,264.0000,2,7,548.8794,-85.3744,0.3278,19,0.4750,0.8750,8,8,8,0,0,8,8,0.0000
4,264.0000,2,8,632.3723,-85.7934,0.8285,9,0.2250,1.0000,8,8,7,0,0,8,7,0.1250
4,264.0000,2,10,246.1676,-72.2886,-2.9995,35,0.8750,0.0000,4,6,3,0,0,6,3,0.5000
4,264.0000,2,11,257.5466,-78.5942,1.0024,27,0.6750,0.5000,6,6,2,0,0,6,2,0.6667
4,264.0000,2,12,222.3515,-73.5594,-0.9583,34,0.8500,0.0000,4,7,5,0,0,7,5,0.2857
4,264.0000,2,14,706.2482,-84.4132,-0.5714,10,0.2500,1.0000,8,7,6,0,0,7,6,0.1429
4,264.0000,2,16,846.7897,-86.5682,0.8278,8,0.2000,1.0000,8,7,6,0,0,7,6,0.1429
4,264.0000,2,17,145.7250,-72.6470,0.8093,36,0.9000,0.2000,5,5,1,0,0,5,1,0.8000
4,264.0000,2,18,701.4778,-84.5733,0.6586,7,0.1750,1.0000,8,8,7,0,0,8,7,0.1250
4,264.0000,2,20,269.7991,-77.4584,-0.1216,28,0.7000,0.0000,3,10,9,0,0,10,9,0.1000
4,264.0000,2,22,408.7470,-81.7997,-0.1678,25,0.6250,0.0000,4,7,5,0,0,7,5,0.2857
4,264.0000,2,23,297.2710,-79.5988,0.4286,29,0.7250,0.3333,6,7,6,0,0,7,6,0.1429
4,264.0000,2,24,497.0356,-83.3164,-0.7279,15,0.3750,0.8571,7,7,4,0,0,7,4,0.4286
4,264.0000,2,26,769.8022,-86.0594,-0.5385,12,0.3000,0.8571,7,8,8,0,0,8,8,0.0000
4,264.0000,2,27,982.8374,-88.8794,-0.5508,5,0.1250,1.0000,4,4,4,0,0,4,4,0.0000
4,264.0000,2,29,253.1230,-77.1113,-0.4734,35,0.8750,0.2000,5,3,0,0,0,3,0,1.0000
4,264.0000,2,31,867.3248,-87.6058,0.3642,4,0.1000,1.0000,8,8,8,0,0,8,8,0.0000
4,264.0000,2,32,1123.1365,-89.1306,0.6226,3,0.0750,1.0000,4,2,2,0,0,2,2,0.0000
4,264.0000,2,33,431.7945,-83.1950,0.2565,26,0.6500,0.4000,5,4,0,0,0,4,0,1.0000
4,264.0000,2,34,483.5156,-81.9793,-0.2866,29,0.7250,0.5714,7,7,6,0,0,7,6,0.1429
4,264.0000,2,35,857.9086,-86.5210,-0.8683,13,0.3250,0.7143,7,8,8,0,0,8,8,0.0000
4,264.0000,2,37,507.0321,-82.0564,-0.9676,21,0.5250,0.4000,5,8,8,0,0,8,8,0.0000
4,264.0000,2,38,863.9560,-87.3189,-0.2176,7,0.1750,1.0000,8,4,4,0,0,4,4,0.0000
4,264.0000,2,41,860.4375,-87.6390,-0.1756,9,0.2250,1.0000,8,6,6,0,0,6,6,0.0000
4,264.0000,2,42,852.6488,-87.0812,-0.2106,8,0.2000,0.6667,6,6,6,0,0,6,6,0.0000
4,264.0000,2,43,380.1921,-82.8383,0.9523,22,0.5500,0.7143,7,7,6,0,0,7,6,0.1429
4,264.0000,2,45,528.6338,-85.5188,-0.0907,13,0.3250,0.8571,7,8,8,0,0,8,8,0.0000
4,264.0000,2,47,747.2193,-85.2240,-0.0318,7,0.1750,1.0000,8,8,8,0,0,8,8,0.0000
4,264.0000,3,2,88.0708,-70.8667,0.9529,35,0.8750,0.0000,4,4,0,0,0,4,0,1.0000
4,264.0000,3,4,771.1001,-87.5491,0.9264,7,0.1750,1.0000,8,6,6,0,0,6,6,0.0000
4,264.0000,3,5,602.2184,-84.0692,-0.4595,17,0.4250,1.0000,8,7,6,0,0,7,6,0.1429
4,264.0000,3,6,817.9916,-86.6773,0.0025,6,0.1500,1.0000,8,7,5,0,0,7,5,0.2857
4,264.0000,3,7,466.5457,-83.1327,-0.1686,20,0.5000,0.3333,6,8,7,0,0,8,7,0.1250
4,264.0000,3,8,702.4200,-85.9082,0.6414,6,0.1500,0.8000,5,6,4,0,0,6,4,0.3333
4,264.0000,3,10,255.2962,-75.1691,-1.3649,32,0.8000,0.0000,4,6,3,0,0,6,3,0.5000
4,264.0000,3,11,276.9076,-80.8923,0.9156,24,0.6000,0.8571,7,5,2,0,0,5,2,0.6000
4,264.0000,3,12,217.9370,-76.4715,-0.2581,34,0.8500,0.2000,5,5,2,0,0,5,2,0.6000
4,264.0000,3,13,1109.4898,-89.4164,0.0994,3,0.0750,,0,4,4,0,0,4,4,0.0000
4,264.0000,3,14,716.5460,-86.2667,1.5613,6,0.1500,0.8571,7,6,6,0,0,6,6,0.0000
4,264.0000,3,16,856.6407,-87.1238,-1.2291,10,0.2500,0.8571,7,8,8,0,0,8,8,0.0000
4,264.0000,3,17,195.1889,-75.9248,0.9531,35,0.8750,0.0000,4,4,0,0,0,4,0,1.0000
4,264.0000,3,18,724.6642,-86.6247,0.6946,6,0.1500,1.0000,8,8,8,0,0,8,8,0.0000
4,264.0000,3,20,328.6413,-80.2124,-0.4936,16,0.4000,0.5000,6,7,5,0,0,7,5,0.2857
4,264.0000,3,22,397.2059,-81.0912,0.9852,19,0.4750,0.5000,6,7,5,0,0,7,5,0.2857
4,264.0000,3,23,280.3372,-77.9014,-0.4003,28,0.7000,0.5000,6,6,3,0,0,6,3,0.5000
4,264.0000,3,24,513.5878,-83.2151,-1.0620,8,0.2000,1.0000,8,8,8,0,0,8,8,0.0000
4,264.0000,3,26,736.0449,-85.8502,0.0466,13,0.3250,0.8571,7,6,6,0,0,6,6,0.0000
4,264.0000,3,29,166.6507,-71.7431,-0.4365,36,0.9000,0.3333,6,7,2,0,0,7,2,0.7143
4,264.0000,3,31,916.9977,-88.3366,1.4431,5,0.1250,1.0000,4,8,8,0,0,8,8,0.0000
4,264.0000,3,33,354.3271,-81.0982,-0.0522,31,0.7750,0.6667,6,5,2,0,0,5,2,0.6000
4,264.0000,3,34,418.0698,-81.2778,-0.6457,22,0.5500,0.4000,5,7,6,0,0,7,6,0.1429
4,264.0000,3,35,805.4050,-85.1798,-0.6168,12,0.3000,1.0000,8,8,8,0,0,8,8,0.0000
4,264.0000,3,37,466.8002,-81.6920,0.1867,19,0.4750,0.7500,8,7,5,0,0,7,5,0.2857
4,264.0000,3,38,880.9560,-87.4869,0.4603,8,0.2000,1.0000,6,6,6,0,0,6,6,0.0000
4,264.0000,3,41,810.9516,-86.4373,-0.4081,11,0.2750,0.8750,8,8,8,0,0,8,8,0.0000
4,264.0000,3,42,923.6554,-87.5227,0.2499,3,0.0750,1.0000,6,6,6,0,0,6,6,0.0000
4,264.0000,3,43,312.7081,-80.8619,1.0364,30,0.7500,0.4000,5,6,2,0,0,6,2,0.6667
4,264.0000,3,45,591.2909,-86.5428,0.8187,6,0.1500,1.0000,8,7,6,0,0,7,6,0.1429
4,264.0000,3,47,777.3058,-86.1665,-0.1709,7,0.1750,1.0000,8,8,7,0,0,8,7,0.1250
4,264.0000,4,1,785.7283,-87.3937,0.9110,10,0.2500,1.0000,8,6,6,0,0,6,6,0.0000
4,264.0000,4,2,691.9245,-86.1661,-0.1014,6,0.1500,1.0000,8,8,8,0,0,8,8,0.0000
4,264.0000,4,3,771.1001,-85.8773,0.1557,4,0.1000,1.0000,8,7,6,0,0,7,6,0.1429
4,264.0000,4,6,471.4638,-83.8843,0.3237,12,0.3000,0.8750,8,8,8,0,0,8,8,0.0000
4,264.0000,4,8,211.1249,-78.2549,1.5644,20,0.5000,0.7143,7,7,3,0,0,7,3,0.5714
4,264.0000,4,10,712.4352,-87.1652,0.3877,3,0.0750,1.0000,8,8,8,0,0,8,8,0.0000
4,264.0000,4,11,605.2448,-85.4669,-0.4552,7,0.1750,0.7143,7,8,8,0,0,8,8,0.0000
4,264.0000,4,12,802.5449,-85.6566,-1.1775,4,0.1000,1.0000,8,8,8,0,0,8,8,0.0000
4,264.0000,4,13,512.3775,-84.8297,-0.2069,10,0.2500,1.0000,8,8,8,0,0,8,8,0.0000
4,264.0000,4,14,773.1351,-85.8113,5.8864,4,0.1000,0.6667,6,8,8,0,0,8,8,0.0000
4,264.0000,4,17,714.6221,-87.7502,0.4281,4,0.1000,1.0000,8,10,10,0,0,10,10,0.0000
4,264.0000,4,18,652.8770,-84.3952,0.8203,10,0.2500,0.8750,8,8,8,0,0,8,8,0.0000
4,264.0000,4,20,524.1353,-83.1306,1.3118,8,0.2000,1.0000,8,6,4,0,0,6,4,0.3333
4,264.0000,4,21,708.1632,-85.6261,0.7250,8,0.2000,1.0000,8,8,8,0,0,8,8,0.0000
4,264.0000,4,23,893.4347,-88.4980,0.0702,4,0.1000,1.0000,4,8,8,0,0,8,8,0.0000
4,264.0000,4,24,627.5590,-85.5340,0.8068,4,0.1000,0.8750,8,8,8,0,0,8,8,0.0000
4,264.0000,4,25,676.9115,-86.2218,0.6333,9,0.2250,1.0000,8,8,7,0,0,8,7,0.1250
4,264.0000,4,27,777.0859,-86.0806,0.6435,4,0.1000,1.0000,8,7,6,0,0,7,6,0.1429
4,264.0000,4,29,922.6039,-87.1140,0.7929,4,0.1000,1.0000,6,7,6,0,0,7,6,0.1429
4,264.0000,4,31,467.8623,-82.3689,-0.1527,13,0.3250,1.0000,8,8,7,0,0,8,7,0.1250
4,264.0000,4,34,1046.5384,-88.0974,0.8278,4,0.1000,1.0000,4,2,2,0,0,2,2,0.0000
4,264.0000,4,36,708.6914,-87.1296,0.3673,8,0.2000,0.5000,2,8,8,0,0,8,8,0.0000
4,264.0000,4,42,213.6945,-75.0621,-0.1534,29,0.7250,0.0000,4,6,3,0,0,6,3,0.5000
4,264.0000,4,45,426.9128,-81.8699,0.2938,12,0.3000,0.6667,6,8,8,0,0,8,8,0.0000
4,264.0000,4,47,653.5078,-85.1869,0.6550,5,0.1250,1.0000,8,8,8,0,0,8,8,0.0000
4,264.0000,5,2,662.6393,-84.8478,-0.7643,11,0.2683,0.6667,6,8,8,0,0,8,8,0.0000
4,264.0000,5,3,602.2184,-83.8519,-0.2718,15,0.3659,0.8750,8,10,10,0,0,10,10,0.0000
4,264.0000,5,7,371.6596,-81.0151,0.3248,19,0.4634,0.5714,7,6,2,0,0,6,2,0.6667
4,264.0000,5,10,516.2237,-83.2416,0.3852,10,0.2439,0.7143,7,7,6,0,0,7,6,0.1429
4,264.0000,5,11,745.2984,-86.5872,-1.0031,7,0.1707,1.0000,8,8,8,0,0,8,8,0.0000
4,264.0000,5,12,505.1786,-82.9562,-1.3847,13,0.3171,0.7143,7,8,7,0,0,8,7,0.1250
4,264.0000,5,14,713.3170,-86.2777,0.8898,4,0.0976,1.0000,8,8,8,0,0,8,8,0.0000
4,264.0000,5,16,667.0607,-83.1101,0.2752,7,0.1707,0.8571,7,8,7,0,0,8,7,0.1250
4,264.0000,5,17,671.2360,-84.2336,0.0603,7,0.1707,1.0000,8,8,8,0,0,8,8,0.0000
4,264.0000,5,20,702.2476,-85.5732,-0.7872,8,0.1951,1.0000,8,8,8,0,0,8,8,0.0000
4,264.0000,5,22,438.2457,-81.1417,-0.4354,14,0.3415,0.2000,5,7,5,0,0,7,5,0.2857
4,264.0000,5,23,487.8004,-82.9479,0.0466,14,0.3415,0.8750,8,8,8,0,0,8,8,0.0000
4,264.0000,5,24,688.7542,-83.8114,-1.3798,5,0.1220,1.0000,8,8,8,0,0,8,8,0.0000
4,264.0000,5,26,295.0354,-77.9954,0.6368,27,0.6585,0.0000,4,7,6,0,0,7,6,0.1429
4,264.0000,5,29,547.5660,-83.6792,0.1414,10,0.2439,1.0000,8,7,6,0,0,7,6,0.1429
4,264.0000,5,33,591.1816,-84.0918,-0.0350,16,0.3902,0.6667,6,8,8,0,0,8,8,0.0000
4,264.0000,5,34,234.5089,-75.6389,-0.4968,32,0.7805,0.2000,5,5,2,0,0,5,2,0.6000
4,264.0000,5,35,264.0785,-78.7688,0.4296,32,0.7805,0.0000,4,4,0,0,0,4,0,1.0000
4,264.0000,5,37,256.8672,-74.7785,-0.9984,31,0.7561,0.0000,4,5,2,0,0,5,2,0.6000
4,264.0000,5,38,777.2398,-84.4396,-3.3262,3,0.0732,0.9000,10,8,8,0,0,8,8,0.0000
4,264.0000,5,41,328.0883,-80.2365,0.7285,28,0.6829,0.4000,5,7,5,0,0,7,5,0.2857
4,264.0000,5,43,636.1914,-86.4983,0.3295,11,0.2683,1.0000,8,8,8,0,0,8,8,0.0000
4,264.0000,5,45,864.7366,-86.8397,1.1818,4,0.0976,1.0000,8,8,8,0,0,8,8,0.0000
4,264.0000,6,1,657.5837,-85.9211,-0.4849,11,0.2750,1.0000,6,6,6,0,0,6,6,0.0000
4,264.0000,6,2,776.0467,-86.6545,0.0878,6,0.1500,1.0000,8,8,8,0,0,8,8,0.0000
4,264.0000,6,3,817.9916,-86.3673,1.0467,4,0.1000,1.0000,8,8,7,0,0,8,7,0.1250
4,264.0000,6,4,471.4638,-82.4790,0.3320,18,0.4500,0.7143,7,7,6,0,0,7,6,0.1429
4,264.0000,6,8,382.7869,-81.1421,0.3039,24,0.6000,0.8571,7,7,4,0,0,7,4,0.4286
4,264.0000,6,10,735.1130,-86.5664,-0.0863,10,0.2500,1.0000,8,7,5,0,0,7,5,0.2857
4,264.0000,6,11,558.0715,-83.6375,-0.4333,14,0.3500,0.8750,8,7,5,0,0,7,5,0.2857
4,264.0000,6,12,882.9403,-87.0135,-0.0056,6,0.1500,1.0000,8,8,8,0,0,8,8,0.0000
4,264.0000,6,13,393.5436,-82.8010,0.3000,19,0.4750,0.6667,6,7,5,0,0,7,5,0.2857
4,264.0000,6,14,561.4078,-83.1129,-0.1227,11,0.2750,0.8750,8,7,6,0,0,7,6,0.1429
4,264.0000,6,16,958.7210,-87.3475,0.4368,6,0.1500,,0,8,8,0,0,8,8,0.0000
4,264.0000,6,17,863.4859,-87.9937,0.5515,5,0.1250,1.0000,8,8,8,0,0,8,8,0.0000
4,264.0000,6,18,407.5519,-79.4595,-1.2080,25,0.6250,0.7143,7,7,6,0,0,7,6,0.1429
4,264.0000,6,19,978.8236,-88.5719,-0.4798,6,0.1500,1.0000,4,6,6,0,0,6,6,0.0000
4,264.0000,6,20,608.9648,-85.5769,-0.3290,10,0.2500,1.0000,8,6,6,0,0,6,6,0.0000
4,264.0000,6,21,759.4681,-86.9499,-0.2425,9,0.2250,1.0000,8,7,6,0,0,7,6,0.1429
4,264.0000,6,22,1019.6436,-88.0681,-0.3972,3,0.0750,1.0000,4,4,4,0,0,4,4,0.0000
4,264.0000,6,24,455.5459,-82.2961,-0.0582,14,0.3500,1.0000,8,8,8,0,0,8,8,0.0000
4,264.0000,6,25,572.8415,-86.5337,0.6130,13,0.3250,0.8750,8,7,6,0,0,7,6,0.1429
4,264.0000,6,27,697.2526,-86.1102,-0.1089,13,0.3250,1.0000,8,8,8,0,0,8,8,0.0000
4,264.0000,6,29,916.5783,-87.6299,-0.3989,6,0.1500,0.8750,8,8,8,0,0,8,8,0.0000
4,264.0000,6,31,223.2913,-75.8444,0.0934,33,0.8250,0.0000,3,5,1,0,0,5,1,0.8000
4,264.0000,6,32,535.5965,-84.5583,0.4360,12,0.3000,1.0000,8,6,4,0,0,6,4,0.3333
4,264.0000,6,34,943.7321,-85.6160,-0.1368,4,0.1000,0.7500,4,8,8,0,0,8,8,0.0000
4,264.0000,6,36,679.0450,-87.0246,0.0695,11,0.2750,1.0000,4,7,6,0,0,7,6,0.1429
4,264.0000,6,37,885.1678,-87.8610,-0.7055,4,0.1000,1.0000,8,4,3,0,0,4,3,0.2500
4,264.0000,6,38,780.2300,-86.3745,-0.5503,6,0.1500,0.8750,8,8,8,0,0,8,8,0.0000
4,264.0000,6,42,379.3586,-82.1184,0.0249,23,0.5750,0.7143,7,7,5,0,0,7,5,0.2857
4,264.0000,6,44,956.5707,-88.4892,-0.3475,3,0.0750,1.0000,2,8,7,0,0,8,7,0.1250
4,264.0000,6,45,558.6133,-84.0455,0.1738,13,0.3250,1.0000,8,8,7,0,0,8,7,0.1250
4,264.0000,6,47,478.0044,-83.8951,0.8197,18,0.4500,0.8571,7,7,6,0,0,7,6,0.1429
4,264.0000,7,2,548.8794,-83.9580,0.6224,10,0.2500,0.5000,6,7,6,0,0,7,6,0.1429
4,264.0000,7,3,466.5457,-82.0128,-0.2969,15,0.3750,0.8571,7,8,8,0,0,8,8,0.0000
4,264.0000,7,5,371.6596,-80.2061,-0.7099,20,0.5000,0.5714,7,8,7,0,0,8,7,0.1250
4,264.0000,7,10,554.8400,-84.7626,0.5436,6,0.1500,1.0000,8,8,8,0,0,8,8,0.0000
4,264.0000,7,11,679.4333,-87.6566,-0.4184,4,0.1000,0.8571,7,8,8,0,0,8,8,0.0000
4,264.0000,7,12,473.2010,-84.1987,0.7726,9,0.2250,0.8750,8,7,5,0,0,7,5,0.2857
4,264.0000,7,16,962.2600,-87.6100,-2.4605,3,0.0750,1.0000,6,8,8,0,0,8,8,0.0000
4,264.0000,7,17,572.9490,-84.7099,2.0846,7,0.1750,0.8750,8,8,8,0,0,8,8,0.0000
4,264.0000,7,20,726.0111,-85.8185,0.1667,5,0.1250,0.8750,8,8,8,0,0,8,8,0.0000
4,264.0000,7,22,485.1108,-83.0922,-0.8091,14,0.3500,0.8571,7,6,3,0,0,6,3,0.5000
4,264.0000,7,23,432.3902,-82.4473,-0.2869,18,0.4500,0.4000,5,8,8,0,0,8,8,0.0000
4,264.0000,7,26,596.5560,-83.1004,-1.1257,13,0.3250,0.6667,6,8,8,0,0,8,8,0.0000
4,264.0000,7,29,339.0343,-80.5154,0.1945,18,0.4500,0.7143,7,6,4,0,0,6,4,0.3333
4,264.0000,7,33,256.4425,-78.1508,0.1162,31,0.7750,0.5000,6,5,1,0,0,5,1,0.8000
4,264.0000,7,34,328.7589,-79.4320,0.1168,21,0.5250,0.7143,7,7,5,0,0,7,5,0.2857
4,264.0000,7,35,528.2098,-81.9215,-0.8924,21,0.5250,0.6667,6,7,6,0,0,7,6,0.1429
4,264.0000,7,37,473.9489,-81.0026,-1.3382,17,0.4250,0.4000,5,8,8,0,0,8,8,0.0000
4,264.0000,7,41,535.1551,-83.8730,-0.2692,18,0.4500,0.8750,8,7,6,0,0,7,6,0.1429
4,264.0000,7,43,323.7953,-81.4842,0.1045,24,0.6000,0.8571,7,7,4,0,0,7,4,0.4286
4,264.0000,8,1,706.5546,-86.6799,0.4386,5,0.1250,1.0000,6,6,6,0,0,6,6,0.0000
4,264.0000,8,2,632.3723,-85.8052,0.2741,8,0.2000,0.8571,7,6,4,0,0,6,4,0.3333
4,264.0000,8,3,702.4200,-87.3081,-0.2213,6,0.1500,1.0000,8,8,8,0,0,8,8,0.0000
4,264.0000,8,4,211.1249,-77.5122,1.3108,33,0.8250,0.2000,5,5,2,0,0,5,2,0.6000
4,264.0000,8,6,382.7869,-80.4340,0.4571,21,0.5250,0.8750,8,7,6,0,0,7,6,0.1429
4,264.0000,8,9,877.6434,-87.7870,-0.3375,4,0.1000,1.0000,4,6,6,0,0,6,6,0.0000
4,264.0000,8,10,584.2397,-85.9959,-0.2891,8,0.2000,0.8750,8,7,6,0,0,7,6,0.1429
4,264.0000,8,11,532.4046,-85.0012,0.8530,12,0.3000,1.0000,8,8,8,0,0,8,8,0.0000
4,264.0000,8,12,702.7318,-87.1802,0.3174,7,0.1750,0.8571,7,8,8,0,0,8,8,0.0000
4,264.0000,8,13,450.9821,-81.9378,-0.2871,19,0.4750,0.5000,6,7,6,0,0,7,6,0.1429
4,264.0000,8,14,568.0409,-84.1540,-0.2094,7,0.1750,1.0000,8,8,7,0,0,8,7,0.1250
4,264.0000,8,16,801.0062,-87.1345,0.7200,4,0.1000,1.0000,8,6,6,0,0,6,6,0.0000
4,264.0000,8,17,658.4252,-86.2944,-0.7908,7,0.1750,1.0000,6,7,6,0,0,7,6,0.1429
4,264.0000,8,18,453.1512,-81.8346,-1.0303,18,0.4500,0.7143,7,7,4,0,0,7,4,0.4286
4,264.0000,8,20,406.8824,-81.2946,-0.3979,18,0.4500,0.7143,7,6,4,0,0,6,4,0.3333
4,264.0000,8,21,615.6233,-84.7986,0.6335,14,0.3500,1.0000,8,8,8,0,0,8,8,0.0000
4,264.0000,8,22,817.0352,-86.9996,0.3076,5,0.1250,1.0000,6,8,8,0,0,8,8,0.0000
4,264.0000,8,23,799.7382,-87.1736,0.2438,5,0.1250,1.0000,8,8,8,0,0,8,8,0.0000
4,264.0000,8,24,449.5686,-82.9367,0.9145,10,0.2500,0.7143,7,8,7,0,0,8,7,0.1250
4,264.0000,8,25,586.9800,-83.6635,1.1753,9,0.2250,0.8571,7,7,5,0,0,7,5,0.2857
4,264.0000,8,27,585.0217,-84.4668,0.2257,10,0.2500,0.8750,8,8,8,0,0,8,8,0.0000
4,264.0000,8,29,849.4974,-87.8024,-0.5943,3,0.0750,1.0000,6,8,8,0,0,8,8,0.0000
4,264.0000,8,31,338.0843,-79.6572,-0.1531,22,0.5500,0.2000,5,7,6,0,0,7,6,0.1429
4,264.0000,8,32,582.9771,-83.9125,0.1753,12,0.3000,0.8750,8,8,8,0,0,8,8,0.0000
4,264.0000,8,34,905.4857,-87.5722,0.4781,6,0.1500,1.0000,8,6,6,0,0,6,6,0.0000
4,264.0000,8,37,817.2970,-87.4300,0.9088,3,0.0750,1.0000,8,8,8,0,0,8,8,0.0000
4,264.0000,8,38,684.1171,-86.2696,-0.5022,9,0.2250,1.0000,8,8,8,0,0,8,8,0.0000
4,264.0000,8,42,279.6165,-78.9846,0.0655,33,0.8250,0.4000,5,6,4,0,0,6,4,0.3333
4,264.0000,8,44,889.6205,-88.3274,-0.5895,3,0.0750,1.0000,8,6,6,0,0,6,6,0.0000
4,264.0000,8,45,257.9326,-76.2871,-0.7856,30,0.7500,0.3333,6,7,5,0,0,7,5,0.2857
4,264.0000,8,47,444.1324,-81.4576,0.5633,11,0.2750,0.8750,8,7,5,0,0,7,5,0.2857
4,264.0000,9,0,372.2902,-80.2204,-0.4647,29,0.7250,0.4286,7,7,6,0,0,7,6,0.1429
4,264.0000,9,1,327.9686,-79.2607,-0.0378,20,0.5000,0.7143,7,7,4,0,0,7,4,0.4286
4,264.0000,9,8,877.6434,-87.9031,-0.0110,3,0.0750,1.0000,8,4,4,0,0,4,4,0.0000
4,264.0000,9,13,580.3867,-84.5705,-0.4878,7,0.1750,1.0000,8,8,8,0,0,8,8,0.0000
4,264.0000,9,15,478.4421,-81.9575,-0.1737,29,0.7250,0.5000,6,8,6,0,0,8,6,0.2500
4,264.0000,9,19,787.0936,-86.7332,-0.4280,5,0.1250,1.0000,8,8,8,0,0,8,8,0.0000
4,264.0000,9,21,310.6077,-78.9520,0.2734,26,0.6500,0.5000,6,7,6,0,0,7,6,0.1429
4,264.0000,9,25,364.5818,-80.9691,-0.4790,22,0.5500,0.4000,5,7,5,0,0,7,5,0.2857
4,264.0000,9,27,580.4160,-83.9951,0.4031,7,0.1750,1.0000,8,8,8,0,0,8,8,0.0000
4,264.0000,9,28,528.8637,-83.8131,0.3213,25,0.6250,0.4000,5,8,7,0,0,8,7,0.1250
4,264.0000,9,30,432.9462,-83.1876,-0.2240,25,0.6250,0.8750,8,6,4,0,0,6,4,0.3333
4,264.0000,9,31,700.8101,-85.6133,-1.0061,3,0.0750,1.0000,8,8,8,0,0,8,8,0.0000
4,264.0000,9,32,407.5595,-81.5543,-0.4012,17,0.4250,0.8571,7,5,2,0,0,5,2,0.6000
4,264.0000,9,36,649.8494,-85.0558,0.1803,8,0.2000,0.8571,7,7,6,0,0,7,6,0.1429
4,264.0000,9,39,562.7623,-83.9833,0.0923,22,0.5500,0.7500,8,7,6,0,0,7,6,0.1429
4,264.0000,9,40,559.5739,-84.3935,0.1546,25,0.6250,0.6667,6,8,8,0,0,8,8,0.0000
4,264.0000,9,42,847.0926,-87.5680,-0.9537,5,0.1250,1.0000,8,6,6,0,0,6,6,0.0000
4,264.0000,9,44,188.1524,-74.9665,-0.0771,37,0.9250,0.0000,4,4,0,0,0,4,0,1.0000
4,264.0000,9,46,610.6917,-85.1623,0.2523,12,0.3000,0.8750,8,7,6,0,0,7,6,0.1429
4,264.0000,10,2,246.1676,-71.3733,-3.1172,33,0.8250,0.0000,4,5,2,0,0,5,2,0.6000
4,264.0000,10,3,255.2962,-75.6061,-1.3873,34,0.8500,0.2000,5,5,2,0,0,5,2,0.6000
4,264.0000,10,4,712.4352,-85.8798,-0.5523,11,0.2750,1.0000,6,7,5,0,0,7,5,0.2857
4,264.0000,10,5,516.2237,-83.1303,-0.1389,26,0.6500,0.4000,5,6,4,0,0,6,4,0.3333
4,264.0000,10,6,735.1130,-86.5891,0.1300,10,0.2500,0.5714,7,8,8,0,0,8,8,0.0000
4,264.0000,10,7,554.8400,-82.8382,-0.6255,18,0.4500,0.6667,6,8,8,0,0,8,8,0.0000
4,264.0000,10,8,584.2397,-85.2537,-0.6221,11,0.2750,0.8750,8,7,6,0,0,7,6,0.1429
4,264.0000,10,11,331.9569,-80.2547,-0.4102,24,0.6000,0.5714,7,8,6,0,0,8,6,0.2500
4,264.0000,10,12,166.5968,-71.1599,-0.2793,34,0.8500,0.0000,4,5,2,0,0,5,2,0.6000
4,264.0000,10,13,977.1961,-88.5856,0.3421,4,0.1000,1.0000,4,6,6,0,0,6,6,0.0000
4,264.0000,10,14,503.0240,-82.7915,-1.1693,10,0.2500,0.6667,6,8,8,0,0,8,8,0.0000
4,264.0000,10,16,605.0520,-86.7396,-0.3980,12,0.3000,0.8750,8,8,6,0,0,8,6,0.2500
4,264.0000,10,17,265.0178,-77.4194,0.1327,28,0.7000,0.2500,4,5,0,0,0,5,0,1.0000
4,264.0000,10,18,536.8888,-85.9719,-0.0913,8,0.2000,0.8571,7,7,6,0,0,7,6,0.1429
4,264.0000,10,20,189.1697,-74.7457,0.6116,33,0.8250,0.2000,5,5,1,0,0,5,1,0.8000
4,264.0000,10,22,292.7210,-80.1718,0.5221,29,0.7250,0.7143,7,7,5,0,0,7,5,0.2857
4,264.0000,10,23,267.4835,-78.7588,0.6266,32,0.8000,0.0000,4,6,4,0,0,6,4,0.3333
4,264.0000,10,24,345.1253,-81.2495,0.0922,19,0.4750,0.8750,8,6,4,0,0,6,4,0.3333
4,264.0000,10,26,581.1491,-84.2974,-0.0139,23,0.5750,0.8750,8,8,7,0,0,8,7,0.1250
4,264.0000,10,27,787.6766,-87.1269,-0.0030,9,0.2250,0.8333,6,8,7,0,0,8,7,0.1250
4,264.0000,10,29,365.9753,-78.6022,-0.7672,29,0.7250,0.5000,6,5,2,0,0,5,2,0.6000
4,264.0000,10,31,780.1673,-86.0001,-2.4617,4,0.1000,1.0000,8,8,8,0,0,8,8,0.0000
4,264.0000,10,32,983.9026,-87.6977,0.4623,4,0.1000,1.0000,2,6,6,0,0,6,6,0.0000
4,264.0000,10,33,551.3309,-83.7929,-1.0405,27,0.6750,0.7143,7,7,6,0,0,7,6,0.1429
4,264.0000,10,34,365.9701,-80.0023,0.4203,31,0.7750,0.7500,8,6,4,0,0,6,4,0.3333
4,264.0000,10,35,707.3685,-85.5698,-0.4114,17,0.4250,1.0000,10,8,7,0,0,8,7,0.1250
4,264.0000,10,37,310.4377,-79.3539,0.4737,26,0.6500,0.4000,5,8,7,0,0,8,7,0.1250
4,264.0000,10,38,631.1650,-87.1724,1.0904,9,0.2250,1.0000,8,7,5,0,0,7,5,0.2857
4,264.0000,10,41,723.5313,-86.2105,-0.0456,14,0.3500,0.7500,8,8,8,0,0,8,8,0.0000
4,264.0000,10,42,845.2328,-87.0422,0.5309,8,0.2000,0.8750,8,6,6,0,0,6,6,0.0000
4,264.0000,10,43,528.4350,-84.2138,0.0226,24,0.6000,0.6667,6,6,4,0,0,6,4,0.3333
4,264.0000,10,45,407.4934,-83.4615,-0.7625,12,0.3000,0.6667,6,7,5,0,0,7,5,0.2857
4,264.0000,10,47,564.7300,-85.1262,-0.3857,11,0.2750,0.8889,9,8,7,0,0,8,7,0.1250
4,264.0000,11,2,257.5466,-79.3804,1.3088,27,0.6750,0.8750,8,6,3,0,0,6,3,0.5000
4,264.0000,11,3,276.9076,-79.5259,0.7038,21,0.5250,0.8750,8,7,4,0,0,7,4,0.4286
4,264.0000,11,4,605.2448,-84.6903,0.6479,11,0.2750,0.8571,7,8,7,0,0,8,7,0.1250
4,264.0000,11,5,745.2984,-86.7839,0.0540,6,0.1500,0.8571,7,2,2,0,0,2,2,0.0000
4,264.0000,11,6,558.0715,-84.5451,-1.0159,10,0.2500,1.0000,8,8,8,0,0,8,8,0.0000
4,264.0000,11,7,679.4333,-86.5778,0.6640,11,0.2750,0.8571,7,8,8,0,0,8,8,0.0000
4,264.0000,11,8,532.4046,-84.8701,-0.3884,10,0.2500,1.0000,8,6,4,0,0,6,4,0.3333
4,264.0000,11,10,331.9569,-80.6299,0.0482,17,0.4250,0.4000,5,7,6,0,0,7,6,0.1429
4,264.0000,11,12,421.1019,-81.3860,0.3825,15,0.3750,0.8750,8,7,5,0,0,7,5,0.2857
4,264.0000,11,13,886.4564,-88.1033,-0.4156,3,0.0750,0.8571,7,2,2,0,0,2,2,0.0000
4,264.0000,11,14,596.0760,-85.9299,0.9173,10,0.2500,0.5000,6,8,8,0,0,8,8,0.0000
4,264.0000,11,17,390.0030,-81.5405,0.2229,21,0.5250,0.4000,5,8,7,0,0,8,7,0.1250
4,264.0000,11,18,552.7799,-84.2077,-0.0963,8,0.2000,1.0000,8,8,8,0,0,8,8,0.0000
4,264.0000,11,20,293.9080,-80.2610,0.7580,18,0.4500,0.5000,6,6,2,0,0,6,2,0.6667
4,264.0000,11,22,599.0169,-85.4815,0.1691,10,0.2500,1.0000,8,8,8,0,0,8,8,0.0000
4,264.0000,11,23,517.1508,-84.1217,0.6893,10,0.2500,1.0000,8,7,5,0,0,7,5,0.2857
4,264.0000,11,24,358.2141,-81.5497,0.3708,13,0.3250,0.7500,8,7,4,0,0,7,4,0.4286
4,264.0000,11,26,886.7638,-87.0325,0.3234,5,0.1250,0.8571,7,8,8,0,0,8,8,0.0000
4,264.0000,11,27,908.0246,-88.3289,-0.8371,4,0.1000,1.0000,6,8,8,0,0,8,8,0.0000
4,264.0000,11,29,366.9487,-80.4196,-1.0285,19,0.4750,0.8571,7,6,4,0,0,6,4,0.3333
4,264.0000,11,31,690.4557,-85.2132,-0.4725,5,0.1250,1.0000,8,10,10,0,0,10,10,0.0000
4,264.0000,11,33,577.8097,-84.7534,-0.1835,13,0.3250,0.7500,8,7,5,0,0,7,5,0.2857
4,264.0000,11,34,525.3903,-84.0433,-0.1013,10,0.2500,0.6667,6,8,7,0,0,8,7,0.1250
4,264.0000,11,35,979.8264,-87.6469,-0.3343,5,0.1250,1.0000,8,4,4,0,0,4,4,0.0000
4,264.0000,11,37,541.9274,-84.5278,-0.3174,9,0.2250,1.0000,8,8,8,0,0,8,8,0.0000
4,264.0000,11,38,820.1711,-86.2826,1.1761,4,0.1000,1.0000,4,6,6,0,0,6,6,0.0000
4,264.0000,11,42,715.6385,-85.6821,-0.2763,9,0.2250,0.8750,8,10,10,0,0,10,10,0.0000
4,264.0000,11,43,549.2382,-84.7378,0.6496,15,0.3750,0.8571,7,8,7,0,0,8,7,0.1250
4,264.0000,11,45,509.7223,-84.2164,1.2868,10,0.2500,0.7143,7,7,6,0,0,7,6,0.1429
4,264.0000,11,47,631.5523,-86.9311,-0.5990,6,0.1500,1.0000,8,8,8,0,0,8,8,0.0000
4,264.0000,12,2,222.3515,-74.1051,-1.3125,36,0.9000,0.0000,4,6,3,0,0,6,3,0.5000
4,264.0000,12,3,217.9370,-76.7689,0.2506,33,0.8250,0.4000,5,6,3,0,0,6,3,0.5000
4,264.0000,12,4,802.5449,-87.9110,-0.9275,7,0.1750,0.7500,8,6,6,0,0,6,6,0.0000
4,264.0000,12,5,505.1786,-83.2776,0.0517,21,0.5250,0.8571,7,7,5,0,0,7,5,0.2857
4,264.0000,12,6,882.9403,-87.8940,-0.6122,8,0.2000,1.0000,8,8,8,0,0,8,8,0.0000
4,264.0000,12,7,473.2010,-83.8836,-0.6078,19,0.4750,0.5000,6,7,4,0,0,7,4,0.4286
4,264.0000,12,8,702.7318,-85.5701,0.3734,10,0.2500,1.0000,8,8,8,0,0,8,8,0.0000
4,264.0000,12,10,166.5968,-71.6528,-0.2356,34,0.8500,0.4286,7,7,5,0,0,7,5,0.2857
4,264.0000,12,11,421.1019,-82.1184,-0.0164,23,0.5750,0.8571,7,7,6,0,0,7,6,0.1429
4,264.0000,12,14,661.9234,-86.3462,0.5244,11,0.2750,0.8750,8,8,7,0,0,8,7,0.1250
4,264.0000,12,16,689.8612,-85.7047,-0.7033,11,0.2750,1.0000,8,8,8,0,0,8,8,0.0000
4,264.0000,12,17,173.1216,-75.5680,1.2092,38,0.9500,0.0000,4,7,3,0,0,7,3,0.5714
4,264.0000,12,18,702.3977,-87.0453,-0.4542,9,0.2250,0.8750,8,7,6,0,0,7,6,0.1429
4,264.0000,12,20,298.3428,-77.1660,-1.6237,31,0.7750,0.2000,5,5,2,0,0,5,2,0.6000
4,264.0000,12,22,187.6133,-76.3855,1.0743,30,0.7500,0.4000,5,5,1,0,0,5,1,0.8000
4,264.0000,12,23,106.7127,-74.9156,2.5296,37,0.9250,0.0000,4,4,0,0,0,4,0,1.0000
4,264.0000,12,24,511.2089,-82.3121,-0.7992,14,0.3500,0.8571,7,8,8,0,0,8,8,0.0000
4,264.0000,12,26,560.8696,-84.3050,-1.0426,20,0.5000,1.0000,8,7,5,0,0,7,5,0.2857
4,264.0000,12,27,924.2141,-87.7537,-0.2226,5,0.1250,1.0000,2,4,3,0,0,4,3,0.2500
4,264.0000,12,29,318.2846,-79.6967,-1.0485,30,0.7500,0.6250,8,4,0,40,18,44,18,0.5909
4,264.0000,12,31,931.9730,-88.8435,-0.1151,7,0.1750,1.0000,8,6,6,0,0,6,6,0.0000
4,264.0000,12,32,1137.6608,-89.1935,0.1542,3,0.0750,,0,4,4,0,0,4,4,0.0000
4,264.0000,12,33,455.5351,-83.0780,-0.3499,21,0.5250,1.0000,8,7,5,0,0,7,5,0.2857
4,264.0000,12,34,389.2834,-81.0173,-0.6716,24,0.6000,0.4000,5,7,6,0,0,7,6,0.1429
4,264.0000,12,35,664.6305,-85.7212,-0.2747,19,0.4750,1.0000,8,8,8,0,0,8,8,0.0000
4,264.0000,12,37,374.3723,-80.5201,0.4036,22,0.5500,0.8571,7,8,7,0,0,8,7,0.1250
4,264.0000,12,38,759.5316,-86.6438,-1.6817,9,0.2250,0.8750,8,8,6,0,0,8,6,0.2500
4,264.0000,12,41,660.1532,-86.4190,0.6100,18,0.4500,0.7500,8,8,7,0,0,8,7,0.1250
4,264.0000,12,42,960.1059,-87.2861,0.6833,6,0.1500,1.0000,6,4,4,0,0,4,4,0.0000
4,264.0000,12,43,422.4353,-84.5196,1.0434,20,0.5000,0.7143,7,5,1,0,0,5,1,0.8000
4,264.0000,12,45,519.9609,-84.0757,0.0913,17,0.4250,0.7778,9,8,5,0,0,8,5,0.3750
4,264.0000,12,47,723.2596,-86.0041,-0.2844,11,0.2750,1.0000,8,8,8,0,0,8,8,0.0000
4,264.0000,13,0,865.9536,-86.7210,-0.9013,3,0.0750,1.0000,8,4,4,0,0,4,4,0.0000
4,264.0000,13,1,300.2483,-79.9202,1.0944,24,0.6000,0.6667,6,5,1,0,0,5,1,0.8000
4,264.0000,13,4,512.3775,-83.8518,0.0687,11,0.2750,1.0000,8,7,5,0,0,7,5,0.2857
4,264.0000,13,6,393.5436,-81.2872,0.6553,16,0.4000,0.8571,7,7,5,0,0,7,5,0.2857
4,264.0000,13,8,450.9821,-84.2127,0.0709,10,0.2500,1.0000,8,10,10,0,0,10,10,0.0000
4,264.0000,13,9,580.3867,-85.2616,1.2658,8,0.2000,1.0000,8,7,6,0,0,7,6,0.1429
4,264.0000,13,14,728.3490,-86.5344,1.5681,4,0.1000,1.0000,8,8,8,0,0,8,8,0.0000
4,264.0000,13,15,888.9235,-86.3364,-0.5835,5,0.1250,1.0000,6,8,8,0,0,8,8,0.0000
4,264.0000,13,18,584.2985,-84.3202,1.1633,5,0.1250,1.0000,8,8,8,0,0,8,8,0.0000
4,264.0000,13,19,677.5148,-85.5879,0.1500,13,0.3250,1.0000,8,7,6,0,0,7,6,0.1429
4,264.0000,13,21,438.9912,-83.2992,0.5253,11,0.2750,0.7143,7,8,8,0,0,8,8,0.0000
4,264.0000,13,24,716.0782,-85.5299,-1.1301,3,0.0750,1.0000,8,8,7,0,0,8,7,0.1250
4,264.0000,13,25,217.1479,-77.9915,0.5123,28,0.7000,0.5714,7,7,5,0,0,7,5,0.2857
4,264.0000,13,27,604.0007,-85.8729,0.2202,5,0.1250,1.0000,8,7,6,0,0,7,6,0.1429
4,264.0000,13,28,912.8391,-88.5853,0.0387,4,0.1000,1.0000,4,8,8,0,0,8,8,0.0000
4,264.0000,13,30,986.2715,-87.7748,0.8948,5,0.1250,,0,4,4,0,0,4,4,0.0000
4,264.0000,13,31,225.5684,-76.3222,-0.0884,30,0.7500,0.3333,6,5,2,0,0,5,2,0.6000
4,264.0000,13,32,309.4277,-80.2152,-0.0207,12,0.3000,0.5000,6,5,1,0,0,5,1,0.8000
4,264.0000,13,36,349.1075,-81.6246,0.3091,23,0.5750,0.5714,7,6,2,0,0,6,2,0.6667
4,264.0000,13,38,825.7198,-85.7444,0.1962,4,0.1000,1.0000,4,8,7,0,0,8,7,0.1250
4,264.0000,13,42,325.2216,-79.2664,0.2249,24,0.6000,0.7500,8,5,1,0,0,5,1,0.8000
4,264.0000,13,44,669.2511,-86.8929,-0.5416,5,0.1250,1.0000,8,8,8,0,0,8,8,0.0000
4,264.0000,13,45,647.6585,-84.3746,-1.0793,7,0.1750,0.6667,6,8,8,0,0,8,8,0.0000
4,264.0000,13,46,856.6524,-86.0640,-0.3032,4,0.1000,1.0000,2,8,8,0,0,8,8,0.0000
4,264.0000,13,47,569.3812,-84.6975,-1.6293,7,0.1750,1.0000,8,8,8,0,0,8,8,0.0000
4,264.0000,14,1,860.1105,-87.3401,-0.1090,6,0.1500,1.0000,6,6,6,0,0,6,6,0.0000
4,264.0000,14,2,706.2482,-84.5912,-0.5831,7,0.1750,0.8571,7,6,4,0,0,6,4,0.3333
4,264.0000,14,3,716.5460,-85.9847,-0.5229,8,0.2000,1.0000,8,8,8,0,0,8,8,0.0000
4,264.0000,14,4,773.1351,-86.4237,1.1695,6,0.1500,0.8333,6,8,8,0,0,8,8,0.0000
4,264.0000,14,5,713.3170,-84.4753,-0.1353,7,0.1750,1.0000,8,4,4,0,0,4,4,0.0000
4,264.0000,14,6,561.4078,-84.1742,0.0849,14,0.3500,0.8750,8,8,8,0,0,8,8,0.0000
4,264.0000,14,7,925.6709,-88.3220,-0.3737,5,0.1250,1.0000,8,8,8,0,0,8,8,0.0000
4,264.0000,14,8,568.0409,-85.2246,0.7793,10,0.2500,1.0000,8,7,6,0,0,7,6,0.1429
4,264.0000,14,9,950.0776,-88.9106,-0.5924,3,0.0750,1.0000,2,8,8,0,0,8,8,0.0000
4,264.0000,14,10,503.0240,-83.4309,-0.3834,9,0.2250,1.0000,8,7,6,0,0,7,6,0.1429
4,264.0000,14,11,596.0760,-84.7102,0.3369,8,0.2000,0.8750,8,8,8,0,0,8,8,0.0000
4,264.0000,14,12,661.9234,-84.4158,-1.2557,9,0.2250,1.0000,8,8,8,0,0,8,8,0.0000
4,264.0000,14,13,728.3490,-85.4022,-0.4535,5,0.1250,0.8750,8,8,8,0,0,8,8,0.0000
4,264.0000,14,16,452.0839,-83.3653,0.1820,14,0.3500,1.0000,8,5,1,0,0,5,1,0.8000
4,264.0000,14,17,753.5438,-86.5309,-0.0609,7,0.1750,0.8750,8,8,8,0,0,8,8,0.0000
4,264.0000,14,18,157.8532,-75.6314,1.0373,30,0.7500,0.2000,5,6,3,0,0,6,3,0.5000
4,264.0000,14,20,503.4772,-82.4276,-0.2329,12,0.3000,0.8571,7,7,6,0,0,7,6,0.1429
4,264.0000,14,21,814.1637,-87.5041,-0.2561,6,0.1500,1.0000,6,8,8,0,0,8,8,0.0000
4,264.0000,14,22,707.4478,-86.3492,-2.2054,4,0.1000,0.6667,6,8,8,0,0,8,8,0.0000
4,264.0000,14,23,747.7725,-86.9521,0.6235,7,0.1750,0.6667,6,8,8,0,0,8,8,0.0000
4,264.0000,14,24,239.9314,-73.7111,-1.7595,33,0.8250,0.4000,5,6,4,0,0,6,4,0.3333
4,264.0000,14,25,763.9237,-87.0724,0.2084,5,0.1250,1.0000,6,8,8,0,0,8,8,0.0000
4,264.0000,14,26,739.6031,-87.3555,-0.0667,7,0.1750,1.0000,8,8,8,0,0,8,8,0.0000
4,264.0000,14,27,432.7445,-83.4170,0.9820,16,0.4000,1.0000,8,7,6,0,0,7,6,0.1429
4,264.0000,14,29,788.5958,-86.2163,4.6940,3,0.0750,1.0000,8,8,8,0,0,8,8,0.0000
4,264.0000,14,31,524.4949,-84.6210,1.0332,15,0.3750,0.8750,8,8,8,0,0,8,8,0.0000
4,264.0000,14,32,605.8248,-85.5423,1.4086,9,0.2250,1.0000,4,8,8,0,0,8,8,0.0000
4,264.0000,14,34,607.8631,-83.6907,0.5758,9,0.2250,1.0000,8,8,8,0,0,8,8,0.0000
4,264.0000,14,35,894.8005,-87.4662,-0.9594,3,0.0750,1.0000,6,4,4,0,0,4,4,0.0000
4,264.0000,14,37,476.5174,-82.8333,0.5870,10,0.2500,0.7143,7,7,6,0,0,7,6,0.1429
4,264.0000,14,38,287.5995,-79.6610,-0.4647,28,0.7000,0.4000,5,5,2,0,0,5,2,0.6000
4,264.0000,14,42,781.3436,-84.0319,1.2754,4,0.1000,1.0000,6,7,6,0,0,7,6,0.1429
4,264.0000,14,43,986.6002,-88.6494,1.0963,3,0.0750,1.0000,8,4,4,0,0,4,4,0.0000
4,264.0000,14,44,875.1219,-88.1917,-0.0296,5,0.1250,,0,4,4,0,0,4,4,0.0000
4,264.0000,14,45,460.1276,-83.8973,0.8222,12,0.3000,0.5000,6,7,6,0,0,7,6,0.1429
4,264.0000,14,47,178.4789,-72.9864,-0.6595,36,0.9000,0.0000,5,4,0,0,0,4,0,1.0000
4,264.0000,15,0,292.0533,-79.2832,-0.6828,33,0.8250,0.0000,4,4,0,0,0,4,0,1.0000
4,264.0000,15,1,591.5006,-83.2692,-0.2844,16,0.4000,0.8571,7,6,4,0,0,6,4,0.3333
4,264.0000,15,9,478.4421,-82.6039,-0.0069,21,0.5250,0.8571,7,8,7,0,0,8,7,0.1250
4,264.0000,15,19,696.9843,-85.0074,-0.2737,12,0.3000,0.8571,7,8,8,0,0,8,8,0.0000
4,264.0000,15,21,765.3435,-85.4168,0.1711,8,0.2000,0.8571,7,8,8,0,0,8,8,0.0000
4,264.0000,15,25,702.4050,-84.7487,-1.3895,8,0.2000,1.0000,8,8,8,0,0,8,8,0.0000
4,264.0000,15,28,116.1241,-74.4208,1.7950,37,0.9250,0.0000,4,5,1,0,0,5,1,0.8000
4,264.0000,15,30,323.2296,-80.0938,-0.1292,29,0.7250,0.8000,5,5,1,0,0,5,1,0.8000
4,264.0000,15,32,762.4203,-84.5307,-1.2618,7,0.1750,0.8571,7,8,8,0,0,8,8,0.0000
4,264.0000,15,36,806.5864,-85.5323,-0.2940,5,0.1250,1.0000,10,8,8,0,0,8,8,0.0000
4,264.0000,15,39,106.9996,-74.1770,1.9904,37,0.9250,0.3333,6,4,0,0,0,4,0,1.0000
4,264.0000,15,40,274.1910,-79.9931,1.0591,35,0.8750,0.2000,5,5,2,0,0,5,2,0.6000
4,264.0000,15,44,601.7989,-83.8013,0.1545,15,0.3750,0.8571,7,7,6,0,0,7,6,0.1429
4,264.0000,15,46,301.9828,-81.2217,0.6592,32,0.8000,0.0000,4,6,2,0,0,6,2,0.6667
4,264.0000,16,3,856.6407,-87.6595,-0.0887,6,0.1500,1.0000,8,8,8,0,0,8,8,0.0000
4,264.0000,16,5,667.0607,-85.0190,0.7720,10,0.2500,1.0000,8,6,6,0,0,6,6,0.0000
4,264.0000,16,6,958.7210,-88.5347,3.1632,3,0.0750,1.0000,8,8,8,0,0,8,8,0.0000
4,264.0000,16,8,801.0062,-87.6578,0.2530,4,0.1000,1.0000,8,8,8,0,0,8,8,0.0000
4,264.0000,16,10,605.0520,-85.9885,-0.2781,5,0.1250,1.0000,8,8,8,0,0,8,8,0.0000
4,264.0000,16,11,872.0883,-88.0518,0.8178,4,0.1000,1.0000,4,8,8,0,0,8,8,0.0000
4,264.0000,16,12,689.8612,-86.0685,0.3022,4,0.1000,0.8571,7,8,8,0,0,8,8,0.0000
4,264.0000,16,13,1022.1161,-89.0150,-0.6268,5,0.1250,1.0000,8,6,6,0,0,6,6,0.0000
4,264.0000,16,14,452.0839,-82.8996,0.9778,6,0.1500,0.8571,7,7,6,0,0,7,6,0.1429
4,264.0000,16,18,575.3877,-87.1484,0.1440,5,0.1250,1.0000,8,6,4,0,0,6,4,0.3333
4,264.0000,16,20,655.4225,-87.7559,-0.5038,6,0.1500,0.8750,8,8,8,0,0,8,8,0.0000
4,264.0000,16,21,908.5825,-88.5659,-0.2793,3,0.0750,1.0000,6,4,4,0,0,4,4,0.0000
4,264.0000,16,22,614.4345,-84.7598,-0.4839,7,0.1750,1.0000,8,7,6,0,0,7,6,0.1429
4,264.0000,16,23,726.1515,-87.1516,0.4434,7,0.1750,1.0000,8,8,8,0,0,8,8,0.0000
4,264.0000,16,24,592.9747,-84.6763,-0.4254,6,0.1500,0.8571,7,7,6,0,0,7,6,0.1429
4,264.0000,16,26,505.9783,-83.3024,-0.8181,16,0.4000,0.8571,7,8,8,0,0,8,8,0.0000
4,264.0000,16,27,488.8584,-85.6030,0.4856,6,0.1500,1.0000,6,7,4,0,0,7,4,0.4286
4,264.0000,16,32,854.3515,-88.8252,-0.1278,3,0.0750,1.0000,4,8,8,0,0,8,8,0.0000
4,264.0000,16,34,700.3360,-86.6527,-0.7099,7,0.1750,1.0000,8,8,8,0,0,8,8,0.0000
4,264.0000,16,35,711.5382,-86.4692,-2.4737,5,0.1250,0.8571,7,8,8,0,0,8,8,0.0000
4,264.0000,16,37,526.8368,-84.8206,0.0222,7,0.1750,1.0000,8,7,6,0,0,7,6,0.1429
4,264.0000,16,38,237.5087,-77.7614,0.2335,26,0.6500,0.2000,5,4,0,0,0,4,0,1.0000
4,264.0000,16,41,745.5422,-85.1843,-0.4785,6,0.1500,0.8750,8,8,8,0,0,8,8,0.0000
4,264.0000,16,42,1055.1011,-89.2020,-0.0190,4,0.1000,1.0000,4,8,8,0,0,8,8,0.0000
4,264.0000,16,45,577.7863,-83.4688,-0.7459,5,0.1250,1.0000,8,10,9,0,0,10,9,0.1000
4,264.0000,16,47,498.7095,-82.9368,-0.2040,10,0.2500,0.8571,7,7,5,0,0,7,5,0.2857
4,264.0000,17,2,145.7250,-72.3410,0.4588,32,0.8000,0.2000,5,7,3,0,0,7,3,0.5714
4,264.0000,17,3,195.1889,-74.9945,0.0155,31,0.7750,0.4000,5,5,2,0,0,5,2,0.6000
4,264.0000,17,4,714.6221,-86.9593,0.6498,12,0.3000,1.0000,8,6,4,0,0,6,4,0.3333
4,264.0000,17,5,671.2360,-85.2551,-0.3207,11,0.2750,0.8750,8,8,8,0,0,8,8,0.0000
4,264.0000,17,6,863.4859,-89.1362,0.0811,4,0.1000,1.0000,8,8,8,0,0,8,8,0.0000
4,264.0000,17,7,572.9490,-84.4138,0.5064,14,0.3500,1.0000,8,7,6,0,0,7,6,0.1429
4,264.0000,17,8,658.4252,-87.4855,0.5821,6,0.1500,1.0000,8,8,8,0,0,8,8,0.0000
4,264.0000,17,10,265.0178,-77.2669,-0.0886,26,0.6500,0.2000,5,7,6,0,0,7,6,0.1429
4,264.0000,17,11,390.0030,-82.6883,-0.0222,19,0.4750,0.8750,8,7,6,0,0,7,6,0.1429
4,264.0000,17,12,173.1216,-76.1215,1.4184,31,0.7750,0.6667,6,5,1,0,0,5,1,0.8000
4,264.0000,17,14,753.5438,-87.0627,-0.2884,10,0.2500,1.0000,8,7,6,0,0,7,6,0.1429
4,264.0000,17,16,816.6807,-87.6925,-1.0532,7,0.1750,1.0000,6,6,5,0,0,6,5,0.1667
4,264.0000,17,18,760.5000,-87.1570,1.3565,7,0.1750,1.0000,8,7,6,0,0,7,6,0.1429
4,264.0000,17,20,289.5886,-79.3808,0.6752,20,0.5000,0.7143,7,6,3,0,0,6,3,0.5000
4,264.0000,17,22,328.9991,-82.8762,0.1252,16,0.4000,0.4000,5,4,0,0,0,4,0,1.0000
4,264.0000,17,23,220.3980,-78.9448,1.7953,25,0.6250,0.4000,5,5,1,0,0,5,1,0.8000
4,264.0000,17,24,568.8929,-85.6357,0.9723,12,0.3000,0.8571,7,8,8,0,0,8,8,0.0000
4,264.0000,17,26,727.9547,-85.5872,0.2541,14,0.3500,1.0000,8,7,6,0,0,7,6,0.1429
4,264.0000,17,27,984.8021,-87.9510,1.0198,4,0.1000,1.0000,2,8,8,0,0,8,8,0.0000
4,264.0000,17,29,340.9018,-79.6536,-0.1643,23,0.5750,0.5000,6,6,2,0,0,6,2,0.6667
4,264.0000,17,31,925.6474,-88.0418,0.8091,3,0.0750,0.8571,7,6,6,0,0,6,6,0.0000
4,264.0000,17,33,474.0928,-83.3562,0.1879,18,0.4500,0.8571,7,8,8,0,0,8,8,0.0000
4,264.0000,17,34,534.1025,-84.6217,-0.1615,14,0.3500,1.0000,8,7,6,0,0,7,6,0.1429
4,264.0000,17,35,828.8911,-87.3254,-0.8301,6,0.1500,1.0000,8,8,8,0,0,8,8,0.0000
4,264.0000,17,37,534.8082,-85.1773,-0.4727,15,0.3750,0.8571,7,5,2,0,0,5,2,0.6000
4,264.0000,17,38,865.5150,-86.8717,-0.2938,5,0.1250,1.0000,8,4,4,0,0,4,4,0.0000
4,264.0000,17,41,816.6088,-87.0926,1.1474,5,0.1250,0.8333,6,8,8,0,0,8,8,0.0000
4,264.0000,17,42,893.0497,-86.5443,0.2250,4,0.1000,0.8750,8,8,8,0,0,8,8,0.0000
4,264.0000,17,43,413.4140,-83.2482,0.6273,23,0.5750,0.5000,6,6,3,0,0,6,3,0.5000
4,264.0000,17,45,518.4094,-85.7331,0.8981,11,0.2750,0.8571,7,7,6,0,0,7,6,0.1429
4,264.0000,17,47,784.0237,-88.0715,1.1428,6,0.1500,1.0000,8,8,8,0,0,8,8,0.0000
4,264.0000,18,1,744.1451,-85.4444,-0.2631,11,0.2750,0.6667,6,3,2,0,0,3,2,0.3333
4,264.0000,18,2,701.4778,-86.1558,0.3643,10,0.2500,1.0000,8,8,8,0,0,8,8,0.0000
4,264.0000,18,3,724.6642,-86.8600,-0.5578,8,0.2000,0.7143,7,7,6,0,0,7,6,0.1429
4,264.0000,18,4,652.8770,-84.9712,-0.0804,13,0.3250,1.0000,8,8,7,0,0,8,7,0.1250
4,264.0000,18,6,407.5519,-78.7239,-1.2615,25,0.6250,0.5000,6,7,6,0,0,7,6,0.1429
4,264.0000,18,8,453.1512,-82.8978,-0.7644,19,0.4750,0.5000,6,7,6,0,0,7,6,0.1429
4,264.0000,18,9,877.9515,-87.5876,0.0139,5,0.1250,,0,4,4,0,0,4,4,0.0000
4,264.0000,18,10,536.8888,-85.1398,1.0184,11,0.2750,1.0000,6,9,7,0,0,9,7,0.2222
4,264.0000,18,11,552.7799,-84.4199,0.8087,12,0.3000,1.0000,8,8,8,0,0,8,8,0.0000
4,264.0000,18,12,702.3977,-86.8620,-0.3688,8,0.2000,1.0000,8,8,8,0,0,8,8,0.0000
4,264.0000,18,13,584.2985,-85.1300,0.3608,16,0.4000,1.0000,8,8,8,0,0,8,8,0.0000
4,264.0000,18,14,157.8532,-75.4288,1.5605,29,0.7250,0.0000,4,4,0,0,0,4,0,1.0000
4,264.0000,18,16,575.3877,-86.1492,1.2138,12,0.3000,1.0000,8,8,8,0,0,8,8,0.0000
4,264.0000,18,17,760.5000,-88.3504,0.7677,6,0.1500,0.8750,8,8,8,0,0,8,8,0.0000
4,264.0000,18,20,484.9511,-83.3866,0.5211,12,0.3000,1.0000,8,7,6,0,0,7,6,0.1429
4,264.0000,18,21,731.2632,-86.7929,0.2823,8,0.2000,0.7143,7,6,6,0,0,6,6,0.0000
4,264.0000,18,22,779.5491,-87.9086,0.1561,6,0.1500,1.0000,8,8,8,0,0,8,8,0.0000
4,264.0000,18,23,799.2329,-87.6185,0.6633,6,0.1500,1.0000,6,8,8,0,0,8,8,0.0000
4,264.0000,18,24,213.9135,-77.7946,1.0465,27,0.6750,0.6667,6,5,1,0,0,5,1,0.8000
4,264.0000,18,25,645.5348,-85.9986,0.0367,12,0.3000,0.8571,7,7,6,0,0,7,6,0.1429
4,264.0000,18,26,873.0930,-87.4873,0.0858,7,0.1750,1.0000,8,8,8,0,0,8,8,0.0000
4,264.0000,18,27,426.9140,-82.1972,0.1905,19,0.4750,0.8571,7,5,2,0,0,5,2,0.6000
4,264.0000,18,29,812.2005,-87.8106,-0.4614,8,0.2000,0.7143,7,6,6,0,0,6,6,0.0000
4,264.0000,18,31,372.0177,-80.4158,-0.3704,23,0.5750,0.7143,7,6,3,0,0,6,3,0.5000
4,264.0000,18,32,503.7127,-84.1725,1.1830,16,0.4000,0.6667,6,8,8,0,0,8,8,0.0000
4,264.0000,18,33,1022.5086,-87.7830,-2.0166,4,0.1000,,0,4,4,0,0,4,4,0.0000
4,264.0000,18,34,695.3564,-85.9484,-0.3223,10,0.2500,0.8750,8,4,4,0,0,4,4,0.0000
4,264.0000,18,35,1028.5678,-88.3136,0.9181,5,0.1250,1.0000,6,4,4,0,0,4,4,0.0000
4,264.0000,18,36,932.4758,-87.3081,1.1219,3,0.0750,0.6667,3,8,8,0,0,8,8,0.0000
4,264.0000,18,37,583.5615,-86.3950,0.6927,12,0.3000,0.8750,8,8,8,0,0,8,8,0.0000
4,264.0000,18,38,392.0905,-82.5948,0.7970,19,0.4750,0.6667,6,6,4,0,0,6,4,0.3333
4,264.0000,18,42,638.3502,-84.6363,-0.6767,18,0.4500,1.0000,8,8,8,0,0,8,8,0.0000
4,264.0000,18,43,1014.2500,-89.0544,-0.1113,3,0.0750,,0,6,6,0,0,6,6,0.0000
4,264.0000,18,44,832.5425,-87.3018,-0.4293,7,0.1750,1.0000,8,4,4,0,0,4,4,0.0000
4,264.0000,18,45,415.8848,-81.1909,-0.3176,20,0.5000,0.8571,7,8,8,0,0,8,8,0.0000
4,264.0000,18,47,126.3448,-73.7051,1.7763,35,0.8750,0.4000,5,5,1,0,0,5,1,0.8000
4,264.0000,19,0,772.7608,-86.4860,-0.2262,11,0.2750,1.0000,8,8,8,0,0,8,8,0.0000
4,264.0000,19,1,572.2382,-84.1104,0.0627,17,0.4250,1.0000,8,8,8,0,0,8,8,0.0000
4,264.0000,19,8,1102.7917,-89.3606,-0.5916,3,0.0750,1.0000,8,4,4,0,0,4,4,0.0000
4,264.0000,19,9,787.0936,-86.8211,1.0493,8,0.2000,1.0000,8,8,8,0,0,8,8,0.0000
4,264.0000,19,13,677.5148,-85.4087,-0.6367,9,0.2250,0.8571,7,7,6,0,0,7,6,0.1429
4,264.0000,19,15,696.9843,-86.3067,0.1278,12,0.3000,0.8750,8,8,8,0,0,8,8,0.0000
4,264.0000,19,21,854.6869,-87.2938,0.6508,7,0.1750,1.0000,8,8,8,0,0,8,8,0.0000
4,264.0000,19,25,660.4769,-84.9638,-0.7192,13,0.3250,0.8750,8,8,8,0,0,8,8,0.0000
4,264.0000,19,28,647.1827,-85.9681,-0.3494,17,0.4250,0.8750,8,7,6,0,0,7,6,0.1429
4,264.0000,19,30,938.7298,-87.9209,0.1584,6,0.1500,1.0000,6,6,6,0,0,6,6,0.0000
4,264.0000,19,32,813.2992,-86.5234,0.1366,6,0.1500,1.0000,8,7,6,0,0,7,6,0.1429
4,264.0000,19,36,380.4490,-80.5218,-0.5208,28,0.7000,0.6667,6,8,7,0,0,8,7,0.1250
4,264.0000,19,39,780.0283,-87.1783,0.0916,8,0.2000,1.0000,8,8,8,0,0,8,8,0.0000
4,264.0000,19,40,773.9520,-86.6699,-0.1201,12,0.3000,1.0000,8,6,6,0,0,6,6,0.0000
4,264.0000,19,44,968.2960,-86.8758,-1.0404,3,0.0750,1.0000,8,2,2,0,0,2,2,0.0000
4,264.0000,19,46,454.2386,-83.7768,0.0297,25,0.6250,0.6667,6,6,4,0,0,6,4,0.3333
4,264.0000,20,2,269.7991,-76.9241,-0.9939,26,0.6500,0.0000,4,6,4,0,0,6,4,0.3333
4,264.0000,20,3,328.6413,-80.8135,0.1317,24,0.6000,0.4286,7,7,4,0,0,7,4,0.4286
4,264.0000,20,4,524.1353,-83.3878,-0.5165,12,0.3000,0.6667,6,8,8,0,0,8,8,0.0000
4,264.0000,20,5,702.2476,-84.9277,0.8097,8,0.2000,0.7143,7,6,6,0,0,6,6,0.0000
4,264.0000,20,6,608.9648,-85.0279,0.3616,10,0.2500,0.8571,7,8,8,0,0,8,8,0.0000
4,264.0000,20,7,726.0111,-86.6703,0.8995,11,0.2750,0.8750,8,8,8,0,0,8,8,0.0000
4,264.0000,20,8,406.8824,-81.8609,-0.1288,16,0.4000,0.6667,6,8,7,0,0,8,7,0.1250
4,264.0000,20,10,189.1697,-75.5224,0.7572,30,0.7500,0.4000,5,5,1,0,0,5,1,0.8000
4,264.0000,20,11,293.9080,-80.2582,0.2684,27,0.6750,0.6667,6,5,2,0,0,5,2,0.6000
4,264.0000,20,12,298.3428,-77.3756,-0.3718,27,0.6750,0.5714,7,9,5,0,0,9,5,0.4444
4,264.0000,20,14,503.4772,-82.6815,-0.4660,13,0.3250,0.6667,6,8,8,0,0,8,8,0.0000
4,264.0000,20,16,655.4225,-85.0292,-0.9471,10,0.2500,0.6667,6,8,8,0,0,8,8,0.0000
4,264.0000,20,17,289.5886,-79.9646,0.4316,25,0.6250,0.0000,4,7,4,0,0,7,4,0.4286
4,264.0000,20,18,484.9511,-83.4505,-0.1990,14,0.3500,0.8571,7,8,7,0,0,8,7,0.1250
4,264.0000,20,21,939.6141,-87.5940,0.6028,4,0.1000,1.0000,6,4,4,0,0,4,4,0.0000
4,264.0000,20,22,433.6815,-83.4685,1.0900,11,0.2750,0.8571,7,8,8,0,0,8,8,0.0000
4,264.0000,20,23,399.9240,-82.3394,0.3684,19,0.4750,0.7143,7,6,3,0,0,6,3,0.5000
4,264.0000,20,24,317.3894,-78.9021,-0.2717,24,0.6000,0.5000,6,8,6,0,0,8,6,0.2500
4,264.0000,20,26,742.0578,-84.8494,-1.0391,7,0.1750,1.0000,8,8,7,0,0,8,7,0.1250
4,264.0000,20,27,720.0714,-87.0507,-0.4384,8,0.2000,1.0000,6,3,2,0,0,3,2,0.3333
4,264.0000,20,29,478.5738,-83.0715,-0.5038,15,0.3750,1.0000,8,8,7,0,0,8,7,0.1250
4,264.0000,20,31,645.3945,-85.4340,0.9599,5,0.1250,0.8571,7,7,5,0,0,7,5,0.2857
4,264.0000,20,32,872.3198,-87.5866,-0.4071,6,0.1500,,0,6,6,0,0,6,6,0.0000
4,264.0000,20,33,675.8971,-86.3188,0.0828,9,0.2250,1.0000,6,6,4,0,0,6,4,0.3333
4,264.0000,20,34,543.5055,-84.6480,0.0781,17,0.4250,0.5000,6,8,7,0,0,8,7,0.1250
4,264.0000,20,35,886.9988,-87.8540,-0.7730,5,0.1250,1.0000,8,6,6,0,0,6,6,0.0000
4,264.0000,20,37,479.3724,-83.5724,0.1632,16,0.4000,0.7143,7,5,4,0,0,5,4,0.2000
4,264.0000,20,38,637.7894,-83.2526,0.6136,12,0.3000,0.8571,7,7,6,0,0,7,6,0.1429
4,264.0000,20,41,899.9492,-87.4647,-0.8717,6,0.1500,0.8750,8,2,2,0,0,2,2,0.0000
4,264.0000,20,42,665.7287,-86.8011,0.5090,7,0.1750,0.8571,7,8,8,0,0,8,8,0.0000
4,264.0000,20,43,636.1730,-85.2622,0.3838,14,0.3500,1.0000,8,8,8,0,0,8,8,0.0000
4,264.0000,20,45,263.1827,-79.3786,0.4264,26,0.6500,1.0000,8,5,1,0,0,5,1,0.8000
4,264.0000,20,47,504.9418,-82.6052,-1.1721,16,0.4000,0.6667,6,8,7,0,0,8,7,0.1250
4,264.0000,21,0,619.1039,-84.8672,-0.1679,21,0.5250,0.8571,7,8,8,0,0,8,8,0.0000
4,264.0000,21,1,359.4020,-81.2528,0.0692,27,0.6750,0.2000,5,7,3,0,0,7,3,0.5714
4,264.0000,21,4,708.1632,-86.5658,1.2153,6,0.1500,1.0000,10,8,8,0,0,8,8,0.0000
4,264.0000,21,6,759.4681,-87.2969,0.4827,5,0.1250,0.8750,8,7,6,0,0,7,6,0.1429
4,264.0000,21,8,615.6233,-84.5772,-0.2997,6,0.1500,1.0000,8,8,8,0,0,8,8,0.0000
4,264.0000,21,9,310.6077,-79.1924,-0.4172,30,0.7500,0.2000,5,7,3,0,0,7,3,0.5714
4,264.0000,21,13,438.9912,-83.4249,-0.2043,12,0.3000,0.6667,6,7,6,0,0,7,6,0.1429
4,264.0000,21,18,731.2632,-85.5591,-0.8639,5,0.1250,0.7143,7,8,8,0,0,8,8,0.0000
4,264.0000,21,19,854.6869,-86.4611,0.4392,7,0.1750,1.0000,8,7,6,0,0,7,6,0.1429
4,264.0000,21,25,293.5374,-79.3971,0.3800,30,0.7500,0.8571,7,6,4,0,0,6,4,0.3333
4,264.0000,21,27,456.6535,-81.6290,-0.3375,17,0.4250,0.9000,10,8,8,0,0,8,8,0.0000
4,264.0000,21,28,793.7668,-86.3210,0.4321,11,0.2750,1.0000,6,8,8,0,0,8,8,0.0000
4,264.0000,21,30,712.4897,-85.9386,0.1029,14,0.3500,0.8750,8,6,6,0,0,6,6,0.0000
4,264.0000,21,31,541.3310,-84.8589,0.1508,9,0.2250,0.8571,7,8,7,0,0,8,7,0.1250
4,264.0000,21,32,367.8955,-80.8258,-0.1258,22,0.5500,1.0000,8,8,6,0,0,8,6,0.2500
4,264.0000,21,36,582.2054,-86.6643,-0.7795,11,0.2750,1.0000,8,7,6,0,0,7,6,0.1429
4,264.0000,21,39,856.8583,-86.5842,0.1289,10,0.2500,1.0000,8,4,4,0,0,4,4,0.0000
4,264.0000,21,40,807.3950,-87.2269,0.5431,12,0.3000,1.0000,8,6,6,0,0,6,6,0.0000
4,264.0000,21,42,611.9535,-86.5737,-0.0091,7,0.1750,1.0000,8,8,8,0,0,8,8,0.0000
4,264.0000,21,44,351.4378,-79.7001,-0.2339,30,0.7500,0.5714,7,8,5,0,0,8,5,0.3750
4,264.0000,21,45,685.3771,-85.1899,-0.7297,4,0.1000,0.8750,8,8,8,0,0,8,8,0.0000
4,264.0000,21,46,819.0842,-86.8345,-0.2200,11,0.2750,1.0000,8,8,8,0,0,8,8,0.0000
4,264.0000,21,47,639.8905,-87.8055,-0.3918,4,0.1000,1.0000,8,8,7,0,0,8,7,0.1250
4,264.0000,22,2,408.7470,-82.0342,-0.3744,18,0.4500,0.8571,7,6,4,0,0,6,4,0.3333
4,264.0000,22,3,397.2059,-81.6989,0.2630,22,0.5500,0.7143,7,7,3,0,0,7,3,0.5714
4,264.0000,22,4,933.0643,-88.8932,-0.2698,4,0.1000,1.0000,2,6,6,0,0,6,6,0.0000
4,264.0000,22,5,438.2457,-81.8004,-0.3379,24,0.6000,1.0000,8,7,6,0,0,7,6,0.1429
4,264.0000,22,7,485.1108,-82.4104,0.2460,21,0.5250,0.7143,7,8,8,0,0,8,8,0.0000
4,264.0000,22,8,817.0352,-86.0905,-1.7606,4,0.1000,1.0000,8,8,8,0,0,8,8,0.0000
4,264.0000,22,10,292.7210,-80.3279,1.2344,22,0.5500,0.7143,7,5,1,0,0,5,1,0.8000
4,264.0000,22,11,599.0169,-86.6876,0.4277,10,0.2500,1.0000,8,6,4,0,0,6,4,0.3333
4,264.0000,22,12,187.6133,-76.6004,0.6755,27,0.6750,0.3333,6,5,1,0,0,5,1,0.8000
4,264.0000,22,14,707.4478,-86.4883,-0.2392,8,0.2000,0.8571,7,8,7,0,0,8,7,0.1250
4,264.0000,22,16,614.4345,-84.2486,-0.1445,14,0.3500,1.0000,6,7,5,0,0,7,5,0.2857
4,264.0000,22,17,328.9991,-82.1293,-0.4254,23,0.5750,0.6667,6,5,2,0,0,5,2,0.6000
4,264.0000,22,18,779.5491,-88.2966,-0.1631,5,0.1250,1.0000,8,8,7,0,0,8,7,0.1250
4,264.0000,22,20,433.6815,-82.4420,0.7498,15,0.3750,0.8571,7,7,5,0,0,7,5,0.2857
4,264.0000,22,23,138.6312,-72.0717,0.4651,33,0.8250,0.0000,4,4,0,0,0,4,0,1.0000
4,264.0000,22,24,613.8413,-85.8322,-0.5158,10,0.2500,1.0000,8,8,7,0,0,8,7,0.1250
4,264.0000,22,26,412.0848,-80.1267,-0.9409,29,0.7250,0.0000,4,8,6,0,0,8,6,0.2500
4,264.0000,22,27,936.2266,-88.8230,0.2703,5,0.1250,1.0000,6,4,4,0,0,4,4,0.0000
4,264.0000,22,29,458.2673,-83.8532,0.3445,19,0.4750,0.7143,7,7,6,0,0,7,6,0.1429
4,264.0000,22,33,542.5283,-83.9119,-1.0051,18,0.4500,0.8571,7,7,5,0,0,7,5,0.2857
4,264.0000,22,34,417.6452,-82.4649,-0.4464,17,0.4250,0.8571,7,7,5,0,0,7,5,0.2857
4,264.0000,22,35,530.4793,-83.1371,-0.4662,25,0.6250,0.6667,6,8,8,0,0,8,8,0.0000
4,264.0000,22,37,370.5321,-80.7708,0.0272,20,0.5000,0.6667,6,7,5,0,0,7,5,0.2857
4,264.0000,22,38,740.0743,-86.3062,0.4991,10,0.2500,1.0000,8,6,5,0,0,6,5,0.1667
4,264.0000,22,41,511.2700,-82.9856,-0.4220,22,0.5500,0.6667,6,7,6,0,0,7,6,0.1429
4,264.0000,22,43,522.8761,-85.4126,-0.0002,16,0.4000,0.8571,7,7,5,0,0,7,5,0.2857
4,264.0000,22,45,595.0680,-86.4845,0.5510,7,0.1750,0.8571,7,8,8,0,0,8,8,0.0000
4,264.0000,22,47,778.5339,-87.0296,0.7351,4,0.1000,0.8571,7,8,8,0,0,8,8,0.0000
4,264.0000,23,2,297.2710,-80.1565,-0.0179,20,0.5000,0.5000,6,6,4,0,0,6,4,0.3333
4,264.0000,23,3,280.3372,-78.7944,0.1049,20,0.5000,0.0000,4,7,4,0,0,7,4,0.4286
4,264.0000,23,5,487.8004,-82.8134,0.3259,21,0.5250,0.4286,7,7,6,0,0,7,6,0.1429
4,264.0000,23,6,989.6146,-87.6446,-0.8685,3,0.0750,1.0000,4,4,4,0,0,4,4,0.0000
4,264.0000,23,7,432.3902,-82.7420,-0.4404,19,0.4750,0.7143,7,7,6,0,0,7,6,0.1429
4,264.0000,23,10,267.4835,-79.2094,0.4550,19,0.4750,0.6250,8,7,4,0,0,7,4,0.4286
4,264.0000,23,11,517.1508,-84.3504,0.4414,9,0.2250,0.8750,8,7,6,0,0,7,6,0.1429
4,264.0000,23,12,106.7127,-73.7193,2.0728,31,0.7750,0.0000,4,4,0,31,5,35,5,0.8571
4,264.0000,23,14,747.7725,-87.5644,0.1826,3,0.0750,0.8571,7,6,4,0,0,6,4,0.3333
4,264.0000,23,16,726.1515,-84.9256,-0.5888,7,0.1750,1.0000,8,8,8,0,0,8,8,0.0000
4,264.0000,23,17,220.3980,-78.6974,1.1290,22,0.5500,0.0000,4,4,0,0,0,4,0,1.0000
4,264.0000,23,20,399.9240,-81.8326,0.2147,11,0.2750,0.6667,6,8,7,0,0,8,7,0.1250
4,264.0000,23,22,138.6312,-72.6482,0.1216,34,0.8500,0.0000,4,6,2,0,0,6,2,0.6667
4,264.0000,23,24,611.5377,-85.1404,0.6460,6,0.1500,0.8750,8,10,10,0,0,10,10,0.0000
4,264.0000,23,26,528.5937,-81.8034,-0.3867,17,0.4250,0.8571,7,8,8,0,0,8,8,0.0000
4,264.0000,23,29,345.1910,-80.9358,0.0319,18,0.4500,0.7143,7,6,4,0,0,6,4,0.3333
4,264.0000,23,31,1035.4503,-88.6037,-0.7587,3,0.0750,1.0000,2,8,8,0,0,8,8,0.0000
4,264.0000,23,33,430.7164,-81.8179,-0.4782,19,0.4750,0.7154,130,6,3,80,61,86,64,0.2558
4,264.0000,23,34,412.2875,-80.7035,0.0365,16,0.4000,0.3333,6,7,5,0,0,7,5,0.2857
4,264.0000,23,35,615.6383,-83.6888,-0.5832,18,0.4500,1.0000,8,7,5,0,0,7,5,0.2857
4,264.0000,23,37,411.6633,-80.5995,-0.7458,18,0.4500,0.4000,5,6,4,0,0,6,4,0.3333
4,264.0000,23,38,823.5278,-88.3434,1.6464,3,0.0750,0.8571,7,8,8,0,0,8,8,0.0000
4,264.0000,23,41,597.7397,-84.4021,0.0769,13,0.3250,0.8750,8,8,8,0,0,8,8,0.0000
4,264.0000,23,43,398.8163,-82.8805,0.4346,18,0.4500,0.7143,7,6,4,0,0,6,4,0.3333
4,264.0000,23,45,607.6624,-86.6772,-0.1157,5,0.1250,1.0000,8,8,8,0,0,8,8,0.0000
4,264.0000,23,47,814.8406,-87.4707,0.0665,3,0.0750,1.0000,8,7,5,0,0,7,5,0.2857
4,264.0000,24,2,497.0356,-83.1869,-0.0218,11,0.2750,1.0000,8,8,6,0,0,8,6,0.2500
4,264.0000,24,3,513.5878,-84.2657,0.3482,10,0.2500,1.0000,8,7,6,0,0,7,6,0.1429
4,264.0000,24,4,627.5590,-84.5492,0.0374,6,0.1500,1.0000,8,7,5,0,0,7,5,0.2857
4,264.0000,24,5,688.7542,-84.5083,0.4993,10,0.2500,1.0000,8,5,4,0,0,5,4,0.2000
4,264.0000,24,6,455.5459,-82.7515,-0.1090,13,0.3250,0.5000,6,6,3,0,0,6,3,0.5000
4,264.0000,24,7,803.9752,-87.7068,-0.5552,6,0.1500,0.6667,3,6,6,0,0,6,6,0.0000
4,264.0000,24,8,449.5686,-84.4161,0.5128,10,0.2500,0.8571,7,7,4,0,0,7,4,0.4286
4,264.0000,24,10,345.1253,-80.2469,-0.4671,13,0.3250,1.0000,8,6,4,0,0,6,4,0.3333
4,264.0000,24,11,358.2141,-81.8326,-0.1389,15,0.3750,0.7143,7,6,4,0,0,6,4,0.3333
4,264.0000,24,12,511.2089,-82.2423,-0.5961,8,0.2000,0.5000,6,7,6,0,0,7,6,0.1429
4,264.0000,24,13,716.0782,-85.8803,-0.8680,3,0.0750,0.8333,6,7,6,0,0,7,6,0.1429
4,264.0000,24,14,239.9314,-73.3377,-1.4921,36,0.9000,0.0000,4,5,1,0,0,5,1,0.8000
4,264.0000,24,16,592.9747,-84.4013,-0.4423,12,0.3000,0.6250,8,7,6,0,0,7,6,0.1429
4,264.0000,24,17,568.8929,-83.2509,-0.2111,9,0.2250,1.0000,8,7,6,0,0,7,6,0.1429
4,264.0000,24,18,213.9135,-77.8792,2.0531,25,0.6250,0.5000,6,5,1,0,0,5,1,0.8000
4,264.0000,24,20,317.3894,-79.1378,-0.9059,19,0.4750,0.7143,7,7,6,0,0,7,6,0.1429
4,264.0000,24,22,613.8413,-85.4150,0.1223,7,0.1750,1.0000,8,7,6,0,0,7,6,0.1429
4,264.0000,24,23,611.5377,-86.2559,0.1929,9,0.2250,0.8750,8,6,4,0,0,6,4,0.3333
4,264.0000,24,26,767.0382,-86.5725,-0.5605,9,0.2250,1.0000,8,8,8,0,0,8,8,0.0000
4,264.0000,24,27,586.8210,-84.1527,-1.0269,6,0.1500,1.0000,8,7,6,0,0,7,6,0.1429
4,264.0000,24,29,598.8210,-85.0468,-0.6083,8,0.2000,0.8750,8,8,8,0,0,8,8,0.0000
4,264.0000,24,31,496.4572,-84.0898,-0.0738,12,0.3000,0.8750,8,7,6,0,0,7,6,0.1429
4,264.0000,24,33,810.5047,-86.8680,0.6797,9,0.2250,0.8000,5,7,6,0,0,7,6,0.1429
4,264.0000,24,34,520.1299,-82.3552,-1.4483,11,0.2750,0.7143,7,8,8,0,0,8,8,0.0000
4,264.0000,24,35,905.3077,-88.1395,3.7444,3,0.0750,0.8571,7,2,2,0,0,2,2,0.0000
4,264.0000,24,37,433.8552,-84.0151,0.3111,9,0.2250,1.0000,8,8,8,0,0,8,8,0.0000
4,264.0000,24,38,485.0903,-82.1434,-1.5820,14,0.3500,0.6250,8,6,6,0,0,6,6,0.0000
4,264.0000,24,41,950.9045,-88.2424,1.5069,5,0.1250,1.0000,8,4,4,0,0,4,4,0.0000
4,264.0000,24,42,673.5092,-86.9630,1.9810,5,0.1250,0.8571,7,8,8,0,0,8,8,0.0000
4,264.0000,24,43,800.9102,-87.2448,-0.5430,4,0.1000,1.0000,6,8,8,0,0,8,8,0.0000
4,264.0000,24,45,369.6559,-81.5851,0.1332,14,0.3500,1.0000,8,8,8,0,0,8,8,0.0000
4,264.0000,24,47,293.2400,-77.5077,-0.5708,27,0.6750,0.2000,5,7,4,0,0,7,4,0.4286
4,264.0000,25,0,667.1146,-85.2700,-0.8742,24,0.6000,1.0000,8,8,8,0,0,8,8,0.0000
4,264.0000,25,1,123.9340,-70.1933,0.1015,37,0.9250,0.0000,4,4,0,0,0,4,0,1.0000
4,264.0000,25,4,676.9115,-86.8659,0.3656,8,0.2000,1.0000,8,8,8,0,0,8,8,0.0000
4,264.0000,25,6,572.8415,-86.2347,0.0609,10,0.2500,1.0000,10,6,4,0,0,6,4,0.3333
4,264.0000,25,8,586.9800,-83.9360,0.0262,13,0.3250,0.8750,8,8,8,0,0,8,8,0.0000
4,264.0000,25,9,364.5818,-80.6495,0.4456,32,0.8000,0.5714,7,6,3,0,0,6,3,0.5000
4,264.0000,25,13,217.1479,-78.3306,1.0962,30,0.7500,0.2000,5,5,1,0,0,5,1,0.8000
4,264.0000,25,14,763.9237,-86.3538,-0.6087,4,0.1000,1.0000,10,5,4,0,0,5,4,0.2000
4,264.0000,25,15,702.4050,-85.7083,-0.2659,19,0.4750,0.6667,6,6,6,0,0,6,6,0.0000
4,264.0000,25,18,645.5348,-85.3437,0.2185,13,0.3250,1.0000,8,8,8,0,0,8,8,0.0000
4,264.0000,25,19,660.4769,-85.8478,0.5549,21,0.5250,0.6667,6,8,8,0,0,8,8,0.0000
4,264.0000,25,21,293.5374,-79.5020,0.2073,31,0.7750,0.0000,4,5,1,0,0,5,1,0.8000
4,264.0000,25,27,525.1563,-83.2384,0.8748,16,0.4000,0.8750,8,8,8,4,4,12,12,0.0000
4,264.0000,25,28,736.0477,-86.8908,0.8592,13,0.3250,0.8571,7,9,8,0,0,9,8,0.1111
4,264.0000,25,30,774.4018,-86.6934,0.4897,11,0.2750,1.0000,8,8,8,0,0,8,8,0.0000
4,264.0000,25,31,366.0334,-81.1624,0.7166,24,0.6000,0.8750,8,8,8,0,0,8,8,0.0000
4,264.0000,25,32,196.1022,-77.0608,0.6742,34,0.8500,0.0000,4,6,1,0,0,6,1,0.8333
4,264.0000,25,36,397.7822,-82.5093,0.0000,27,0.6750,0.7143,7,6,4,0,0,6,4,0.3333
4,264.0000,25,38,793.5106,-86.3735,-1.5828,4,0.1000,1.0000,8,6,6,0,0,6,6,0.0000
4,264.0000,25,39,806.4277,-86.3072,-0.0857,10,0.2500,0.8750,8,8,7,0,0,8,7,0.1250
4,264.0000,25,40,821.9123,-86.4570,0.1181,16,0.4000,1.0000,6,6,6,0,0,6,6,0.0000
4,264.0000,25,42,513.3554,-83.9351,1.1501,18,0.4500,0.7143,7,5,2,0,0,5,2,0.6000
4,264.0000,25,44,464.0527,-82.6543,-0.4790,24,0.6000,0.8750,8,5,2,0,0,5,2,0.6000
4,264.0000,25,45,726.8204,-85.8212,0.0133,7,0.1750,1.0000,8,8,8,0,0,8,8,0.0000
4,264.0000,25,46,717.9243,-86.6660,0.2056,15,0.3750,1.0000,8,7,5,0,0,7,5,0.2857
4,264.0000,25,47,596.6328,-86.6499,1.0750,7,0.1750,1.0000,6,8,7,0,0,8,7,0.1250
4,264.0000,26,2,769.8022,-84.8858,-0.5233,7,0.1750,0.8571,7,6,6,0,0,6,6,0.0000
4,264.0000,26,3,736.0449,-86.0519,-0.6427,9,0.2250,0.8571,7,8,8,0,0,8,8,0.0000
4,264.0000,26,5,295.0354,-78.0199,-0.3752,31,0.7750,0.5000,6,5,2,0,0,5,2,0.6000
4,264.0000,26,7,596.5560,-84.3471,-0.9837,14,0.3500,0.7143,7,8,8,0,0,8,8,0.0000
4,264.0000,26,10,581.1491,-84.6923,-0.0695,8,0.2000,0.7143,7,7,5,0,0,7,5,0.2857
4,264.0000,26,11,886.7638,-87.1262,0.6928,6,0.1500,1.0000,8,6,6,0,0,6,6,0.0000
4,264.0000,26,12,560.8696,-83.5236,-0.2262,12,0.3000,1.0000,8,7,6,0,0,7,6,0.1429
4,264.0000,26,14,739.6031,-87.1633,-0.5994,6,0.1500,0.8750,8,8,8,0,0,8,8,0.0000
4,264.0000,26,16,505.9783,-82.0785,-0.4918,15,0.3750,0.6667,6,8,8,0,0,8,8,0.0000
4,264.0000,26,17,727.9547,-86.3936,-1.2805,6,0.1500,1.0000,9,8,8,0,0,8,8,0.0000
4,264.0000,26,18,873.0930,-87.5433,0.2291,4,0.1000,1.0000,8,8,8,0,0,8,8,0.0000
4,264.0000,26,20,742.0578,-84.3779,-0.9279,5,0.1250,0.8571,7,8,8,0,0,8,8,0.0000
4,264.0000,26,22,412.0848,-80.0803,-0.9256,23,0.5750,0.6250,8,8,8,0,0,8,8,0.0000
4,264.0000,26,23,528.5937,-83.1160,-0.6986,18,0.4500,1.0000,8,8,7,0,0,8,7,0.1250
4,264.0000,26,24,767.0382,-85.2122,-2.2370,5,0.1250,1.0000,8,8,8,0,0,8,8,0.0000
4,264.0000,26,29,737.1885,-87.2790,0.6674,4,0.1000,0.8571,7,6,6,0,0,6,6,0.0000
4,264.0000,26,33,790.3368,-86.0450,-0.3284,10,0.2500,1.0000,8,8,8,0,0,8,8,0.0000
4,264.0000,26,34,471.6038,-82.8654,-0.6100,17,0.4250,0.6667,6,7,6,0,0,7,6,0.1429
4,264.0000,26,35,217.9221,-76.9993,0.5387,34,0.8500,0.0000,4,5,1,0,0,5,1,0.8000
4,264.0000,26,37,385.3723,-80.5109,-0.5435,23,0.5750,0.7143,7,6,4,0,0,6,4,0.3333
4,264.0000,26,38,691.1195,-84.5362,-0.0500,9,0.2250,0.8571,7,8,8,0,0,8,8,0.0000
4,264.0000,26,41,240.2057,-77.3260,0.3542,35,0.8750,0.0000,4,5,1,0,0,5,1,0.8000
4,264.0000,26,43,812.1873,-87.0953,0.4884,7,0.1750,1.0000,8,8,8,0,0,8,8,0.0000
4,264.0000,26,47,858.8878,-86.6413,-0.6214,6,0.1500,1.0000,8,8,8,0,0,8,8,0.0000
4,264.0000,27,0,946.6190,-87.9080,-0.0143,5,0.1250,1.0000,4,10,10,0,0,10,10,0.0000
4,264.0000,27,1,614.2191,-84.3076,0.1160,9,0.2250,0.8571,7,8,7,0,0,8,7,0.1250
4,264.0000,27,4,777.0859,-87.8747,-2.1805,4,0.1000,1.0000,8,8,7,0,0,8,7,0.1250
4,264.0000,27,6,697.2526,-84.6611,-0.1731,5,0.1250,1.0000,8,6,6,0,0,6,6,0.0000
4,264.0000,27,8,585.0217,-84.7189,1.0481,9,0.2250,0.8571,7,8,8,0,0,8,8,0.0000
4,264.0000,27,9,580.4160,-84.1343,0.2336,9,0.2250,0.8571,7,8,7,0,0,8,7,0.1250
4,264.0000,27,13,604.0007,-86.0651,-1.3568,6,0.1500,1.0000,8,7,6,0,0,7,6,0.1429
4,264.0000,27,14,432.7445,-82.9095,0.8933,7,0.1750,1.0000,8,8,6,0,0,8,6,0.2500
4,264.0000,27,16,488.8584,-84.3494,1.1961,9,0.2250,0.7143,7,8,7,0,0,8,7,0.1250
4,264.0000,27,18,426.9140,-81.8747,0.6322,17,0.4250,0.8571,7,7,5,0,0,7,5,0.2857
4,264.0000,27,21,456.6535,-82.5883,-0.2286,17,0.4250,0.5000,6,7,6,0,0,7,6,0.1429
4,264.0000,27,24,586.8210,-84.9824,1.3043,6,0.1500,1.0000,8,8,8,0,0,8,8,0.0000
4,264.0000,27,25,525.1563,-83.5155,0.2623,10,0.2500,0.8889,9,7,6,0,0,7,6,0.1429
4,264.0000,27,26,967.1020,-88.4988,-0.1293,4,0.1000,0.8000,5,7,6,0,0,7,6,0.1429
4,264.0000,27,30,961.1210,-88.4883,-0.6404,3,0.0750,1.0000,8,4,4,0,0,4,4,0.0000
4,264.0000,27,31,518.5384,-82.8236,0.5514,11,0.2750,1.0000,8,8,8,0,0,8,8,0.0000
4,264.0000,27,32,389.0678,-79.5100,-0.4798,17,0.4250,1.0000,8,8,8,0,0,8,8,0.0000
4,264.0000,27,36,904.7626,-87.8752,0.7174,4,0.1000,1.0000,2,4,4,0,0,4,4,0.0000
4,264.0000,27,37,831.1041,-87.7119,0.4435,3,0.0750,1.0000,6,3,2,0,0,3,2,0.3333
4,264.0000,27,38,300.2792,-80.5090,1.2699,17,0.4250,1.0000,8,6,3,0,0,6,3,0.5000
4,264.0000,27,42,744.6829,-86.9928,-0.6061,7,0.1750,1.0000,8,7,6,0,0,7,6,0.1429
4,264.0000,27,44,474.4816,-83.7836,0.1411,17,0.4250,0.5000,6,8,7,0,0,8,7,0.1250
4,264.0000,27,45,508.0719,-84.7549,-1.9938,7,0.1750,0.7500,8,8,8,0,0,8,8,0.0000
4,264.0000,27,47,305.0591,-80.1463,0.9552,13,0.3250,0.7143,7,8,8,0,0,8,8,0.0000
4,264.0000,28,0,281.7156,-79.2411,-0.0041,37,0.9024,0.5000,6,4,0,0,0,4,0,1.0000
4,264.0000,28,1,623.0495,-85.0005,0.5558,9,0.2195,1.0000,8,7,5,0,0,7,5,0.2857
4,264.0000,28,9,528.8637,-83.4098,-0.6974,11,0.2683,0.8750,8,7,6,0,0,7,6,0.1429
4,264.0000,28,15,116.1241,-73.5081,1.6212,36,0.8780,0.2000,5,4,0,0,0,4,0,1.0000
4,264.0000,28,19,647.1827,-85.5994,-0.3927,14,0.3415,1.0000,8,8,8,0,0,8,8,0.0000
4,264.0000,28,21,793.7668,-87.1379,-1.2888,4,0.0976,1.0000,8,8,8,0,0,8,8,0.0000
4,264.0000,28,25,736.0477,-87.4456,0.0818,7,0.1707,1.0000,8,8,7,0,0,8,7,0.1250
4,264.0000,28,30,361.1866,-81.0724,-0.2405,34,0.8293,0.4000,5,5,2,0,0,5,2,0.6000
4,264.0000,28,32,821.6875,-86.0127,-0.2171,5,0.1220,1.0000,6,8,8,0,0,8,8,0.0000
4,264.0000,28,39,156.2924,-71.8347,-0.9068,39,0.9512,0.0000,4,5,1,0,0,5,1,0.8000
4,264.0000,28,40,207.0065,-75.4779,-1.1569,40,0.9756,0.0000,4,5,2,0,0,5,2,0.6000
4,264.0000,28,44,670.3576,-85.2081,0.1504,12,0.2927,0.8750,8,8,8,0,0,8,8,0.0000
4,264.0000,28,46,214.1637,-77.2217,0.5726,39,0.9512,0.0000,4,3,0,0,0,3,0,1.0000
4,264.0000,29,2,253.1230,-77.4762,-0.1526,26,0.6500,0.2000,5,6,4,0,0,6,4,0.3333
4,264.0000,29,3,166.6507,-71.8666,-0.1317,33,0.8250,0.0000,4,7,3,0,0,7,3,0.5714
4,264.0000,29,4,922.6039,-87.2350,-0.9643,4,0.1000,0.8571,7,8,8,0,0,8,8,0.0000
4,264.0000,29,5,547.5660,-83.3645,-0.3199,19,0.4750,0.8750,8,8,7,0,0,8,7,0.1250
4,264.0000,29,6,916.5783,-87.2760,0.0766,6,0.1500,1.0000,8,8,8,0,0,8,8,0.0000
4,264.0000,29,7,339.0343,-81.7315,0.1811,20,0.5000,0.8750,8,5,1,0,0,5,1,0.8000
4,264.0000,29,8,849.4974,-87.7522,-0.1637,8,0.2000,1.0000,8,8,8,0,0,8,8,0.0000
4,264.0000,29,10,365.9753,-79.1429,-0.2275,19,0.4750,0.8333,6,8,7,0,0,8,7,0.1250
4,264.0000,29,11,366.9487,-79.4302,-0.1215,25,0.6250,0.7317,123,7,6,137,118,144,124,0.1389
4,264.0000,29,12,318.2846,-80.1994,0.2434,23,0.5750,0.6250,8,3,0,0,0,3,0,1.0000
4,264.0000,29,14,788.5958,-85.7538,-0.9454,6,0.1500,0.8571,7,4,4,0,0,4,4,0.0000
4,264.0000,29,16,933.3643,-88.5671,0.2140,7,0.1750,0.8333,6,8,8,0,0,8,8,0.0000
4,264.0000,29,17,340.9018,-79.6739,0.2064,28,0.7000,0.0000,4,6,3,0,0,6,3,0.5000
4,264.0000,29,18,812.2005,-87.1325,-1.0547,7,0.1750,1.0000,8,8,8,0,0,8,8,0.0000
4,264.0000,29,20,478.5738,-84.3237,0.1997,14,0.3500,0.7143,7,8,6,0,0,8,6,0.2500
4,264.0000,29,22,458.2673,-83.6481,0.4146,17,0.4250,0.8571,7,6,3,0,0,6,3,0.5000
4,264.0000,29,23,345.1910,-82.8668,0.1702,19,0.4750,0.5000,6,6,4,0,0,6,4,0.3333
4,264.0000,29,24,598.8210,-85.4459,0.4048,11,0.2750,1.0000,6,8,7,0,0,8,7,0.1250
4,264.0000,29,26,737.1885,-86.8709,0.2713,14,0.3500,0.8750,8,8,7,0,0,8,7,0.1250
4,264.0000,29,31,1032.6707,-89.1797,-1.5163,4,0.1000,1.0000,8,6,6,0,0,6,6,0.0000
4,264.0000,29,33,217.7012,-78.3078,1.3350,34,0.8500,0.2000,5,4,0,26,1,30,1,0.9667
4,264.0000,29,34,360.4314,-81.0764,0.5369,22,0.5500,0.8571,7,7,6,0,0,7,6,0.1429
4,264.0000,29,35,761.6156,-86.4457,0.3650,10,0.2500,0.8571,7,8,8,0,0,8,8,0.0000
4,264.0000,29,37,468.6890,-82.8464,0.2524,16,0.4000,0.8571,7,8,8,0,0,8,8,0.0000
4,264.0000,29,38,965.4006,-87.9703,-0.5309,4,0.1000,1.0000,8,6,6,0,0,6,6,0.0000
4,264.0000,29,41,772.5447,-86.7842,0.4807,14,0.3500,1.0000,8,8,8,0,0,8,8,0.0000
4,264.0000,29,43,209.5757,-78.5940,1.3778,32,0.8000,0.5385,13,4,0,0,0,4,0,1.0000
4,264.0000,29,45,739.5762,-88.0052,0.7981,5,0.1250,0.8750,8,8,8,0,0,8,8,0.0000
4,264.0000,29,47,877.2783,-87.1561,2.0244,5,0.1250,1.0000,8,4,4,0,0,4,4,0.0000
4,264.0000,30,0,198.8066,-77.9519,1.5588,32,0.8000,0.2000,5,5,1,0,0,5,1,0.8000
4,264.0000,30,1,698.4663,-86.4385,1.9311,6,0.1500,1.0000,8,8,7,0,0,8,7,0.1250
4,264.0000,30,9,432.9462,-83.2136,0.3685,12,0.3000,0.8571,7,8,6,0,0,8,6,0.2500
4,264.0000,30,15,323.2296,-79.9738,-0.2282,34,0.8500,0.0000,4,5,2,0,0,5,2,0.6000
4,264.0000,30,21,712.4897,-87.1616,3.1879,3,0.0750,1.0000,8,8,8,0,0,8,8,0.0000
4,264.0000,30,25,774.4018,-86.3670,-2.0329,3,0.0750,1.0000,8,8,8,0,0,8,8,0.0000
4,264.0000,30,27,961.1210,-87.4314,1.4466,3,0.0750,1.0000,6,8,8,0,0,8,8,0.0000
4,264.0000,30,28,361.1866,-81.4399,-0.0159,29,0.7250,0.2000,5,5,2,0,0,5,2,0.6000
4,264.0000,30,39,319.8610,-80.3051,0.3323,35,0.8750,0.4000,5,6,3,0,0,6,3,0.5000
4,264.0000,30,40,284.0983,-79.4135,0.5786,32,0.8000,0.0000,4,4,0,0,0,4,0,1.0000
4,264.0000,30,44,487.5707,-83.1925,0.1597,13,0.3250,0.7143,7,8,8,0,0,8,8,0.0000
4,264.0000,30,46,553.0878,-84.7111,-0.1166,21,0.5250,0.7500,8,6,4,0,0,6,4,0.3333
4,264.0000,31,1,465.0835,-83.7246,0.5828,20,0.5000,0.8571,7,6,3,0,0,6,3,0.5000
4,264.0000,31,2,867.3248,-88.2179,-0.5395,3,0.0750,1.0000,8,6,6,0,0,6,6,0.0000
4,264.0000,31,3,916.9977,-88.5609,2.0476,3,0.0750,1.0000,8,4,3,0,0,4,3,0.2500
4,264.0000,31,4,467.8623,-82.0436,-0.3511,21,0.5250,0.7143,7,7,5,0,0,7,5,0.2857
4,264.0000,31,6,223.2913,-76.8297,0.0821,33,0.8250,0.3333,6,7,5,0,0,7,5,0.2857
4,264.0000,31,8,338.0843,-80.0476,0.5601,21,0.5250,1.0000,8,8,7,0,0,8,7,0.1250
4,264.0000,31,9,700.8101,-86.7407,0.4428,10,0.2500,1.0000,8,6,6,0,0,6,6,0.0000
4,264.0000,31,10,780.1673,-85.3024,0.5911,6,0.1500,1.0000,4,8,8,0,0,8,8,0.0000
4,264.0000,31,11,690.4557,-86.4876,-0.7331,8,0.2000,1.0000,8,8,8,0,0,8,8,0.0000
4,264.0000,31,12,931.9730,-88.0588,0.0167,7,0.1750,0.8571,7,8,8,0,0,8,8,0.0000
4,264.0000,31,13,225.5684,-76.2242,0.5121,30,0.7500,0.3000,100,6,4,98,36,104,40,0.6154
4,264.0000,31,14,524.4949,-84.8491,-0.4671,13,0.3250,0.8571,7,8,8,0,0,8,8,0.0000
4,264.0000,31,16,867.0376,-88.5863,0.7119,4,0.1000,,0,6,6,0,0,6,6,0.0000
4,264.0000,31,17,925.6474,-88.2557,0.3034,4,0.1000,1.0000,6,4,4,0,0,4,4,0.0000
4,264.0000,31,18,372.0177,-79.7382,-0.7023,23,0.5750,0.8571,7,7,5,0,0,7,5,0.2857
4,264.0000,31,19,881.4280,-87.7630,-0.2790,10,0.2500,1.0000,6,6,6,0,0,6,6,0.0000
4,264.0000,31,20,645.3945,-85.6391,-0.2976,7,0.1750,1.0000,8,8,8,0,0,8,8,0.0000
4,264.0000,31,21,541.3310,-84.7137,0.9074,14,0.3500,0.8571,7,7,6,0,0,7,6,0.1429
4,264.0000,31,24,496.4572,-85.6673,-0.8920,8,0.2000,1.0000,6,9,7,0,0,9,7,0.2222
4,264.0000,31,25,366.0334,-81.9306,1.6447,21,0.5250,0.6667,6,7,5,0,0,7,5,0.2857
4,264.0000,31,27,518.5384,-84.5268,-0.1344,13,0.3250,0.4000,5,7,6,0,0,7,6,0.1429
4,264.0000,31,29,1032.6707,-86.9569,-0.4142,3,0.0750,1.0000,6,4,4,0,0,4,4,0.0000
4,264.0000,31,32,327.6340,-82.0842,0.3975,20,0.5000,0.8750,8,8,7,0,0,8,7,0.1250
4,264.0000,31,36,566.8904,-85.2897,-0.0280,16,0.4000,1.0000,8,7,6,0,0,7,6,0.1429
4,264.0000,31,38,671.7277,-86.9755,0.3786,8,0.2000,1.0000,8,8,7,0,0,8,7,0.1250
4,264.0000,31,42,343.1334,-79.6775,0.0909,29,0.7250,0.7143,7,6,3,0,0,6,3,0.5000
4,264.0000,31,44,737.0767,-87.2646,1.0338,9,0.2250,0.8333,6,6,6,0,0,6,6,0.0000
4,264.0000,31,45,502.6454,-83.4139,0.3820,12,0.3000,1.0000,8,8,7,0,0,8,7,0.1250
4,264.0000,31,46,1050.8731,-88.0858,-0.0832,6,0.1500,1.0000,4,8,7,0,0,8,7,0.1250
4,264.0000,31,47,383.6009,-82.5083,1.1443,13,0.3250,0.8571,7,7,6,0,0,7,6,0.1429
4,264.0000,32,0,755.3422,-86.4805,-0.3064,12,0.3000,1.0000,8,8,8,0,0,8,8,0.0000
4,264.0000,32,1,262.2127,-78.2999,0.2620,25,0.6250,0.6667,6,6,2,0,0,6,2,0.6667
4,264.0000,32,6,535.5965,-85.6484,0.2539,11,0.2750,0.8571,7,8,8,0,0,8,8,0.0000
4,264.0000,32,8,582.9771,-85.1636,-1.2457,6,0.1500,0.8571,7,8,8,0,0,8,8,0.0000
4,264.0000,32,9,407.5595,-81.1141,0.5287,19,0.4750,0.8571,7,6,6,0,0,6,6,0.0000
4,264.0000,32,13,309.4277,-81.6200,0.6080,17,0.4250,0.6667,6,5,1,0,0,5,1,0.8000
4,264.0000,32,14,605.8248,-85.2637,3.8833,4,0.1000,1.0000,8,7,6,0,0,7,6,0.1429
4,264.0000,32,15,762.4203,-85.6587,-0.7741,9,0.2250,0.8571,7,8,8,0,0,8,8,0.0000
4,264.0000,32,18,503.7127,-84.1157,0.2010,6,0.1500,1.0000,8,8,7,0,0,8,7,0.1250
4,264.0000,32,19,813.2992,-86.5245,-4.2198,4,0.1000,1.0000,8,8,8,0,0,8,8,0.0000
4,264.0000,32,21,367.8955,-80.4645,0.0542,23,0.5750,0.7143,7,6,3,0,0,6,3,0.5000
4,264.0000,32,24,697.3555,-86.0739,-1.7976,3,0.0750,1.0000,6,6,6,0,0,6,6,0.0000
4,264.0000,32,25,196.1022,-77.0454,0.8736,34,0.8500,0.4000,5,4,0,0,0,4,0,1.0000
4,264.0000,32,27,389.0678,-80.3326,0.1029,21,0.5250,0.6667,6,7,5,0,0,7,5,0.2857
4,264.0000,32,30,818.7879,-85.7407,-1.0416,5,0.1250,1.0000,6,4,4,0,0,4,4,0.0000
4,264.0000,32,31,327.6340,-81.2700,0.5959,12,0.3000,0.8571,7,6,3,0,0,6,3,0.5000
4,264.0000,32,36,574.7519,-84.9482,0.1392,10,0.2500,0.7500,4,8,7,0,0,8,7,0.1250
4,264.0000,32,38,634.6391,-83.4862,1.6541,4,0.1000,1.0000,8,8,8,0,0,8,8,0.0000
4,264.0000,32,39,858.9895,-87.6443,-1.3360,5,0.1250,1.0000,8,2,2,0,0,2,2,0.0000
4,264.0000,32,42,588.8176,-85.5848,-0.6432,6,0.1500,1.0000,8,8,8,0,0,8,8,0.0000
4,264.0000,32,44,434.1021,-81.6358,-0.6865,27,0.6750,0.7500,8,7,5,0,0,7,5,0.2857
4,264.0000,32,45,671.6959,-84.7250,-0.4363,5,0.1250,1.0000,8,8,8,0,0,8,8,0.0000
4,264.0000,32,46,838.0821,-87.1417,0.9571,4,0.1000,,0,6,6,0,0,6,6,0.0000
4,264.0000,32,47,451.5718,-83.3027,1.5910,6,0.1500,1.0000,8,8,7,0,0,8,7,0.1250
4,264.0000,33,2,431.7945,-81.9672,1.5108,9,0.2250,0.6250,8,7,6,0,0,7,6,0.1429
4,264.0000,33,3,354.3271,-80.0089,0.4794,21,0.5250,0.7500,4,7,6,0,0,7,6,0.1429
4,264.0000,33,5,591.1816,-83.5197,-0.2412,11,0.2750,0.7143,7,8,8,0,0,8,8,0.0000
4,264.0000,33,7,256.4425,-78.6365,0.8512,27,0.6750,0.5000,6,7,4,0,0,7,4,0.4286
4,264.0000,33,10,551.3309,-83.4392,-0.8134,8,0.2000,0.8571,7,8,8,0,0,8,8,0.0000
4,264.0000,33,11,577.8097,-84.9413,-0.1766,7,0.1750,0.8889,9,6,6,0,0,6,6,0.0000
4,264.0000,33,12,455.5351,-83.0216,0.9838,11,0.2750,0.7143,7,6,4,0,0,6,4,0.3333
4,264.0000,33,17,474.0928,-82.3874,0.1214,10,0.2500,0.8571,7,8,8,0,0,8,8,0.0000
4,264.0000,33,20,675.8971,-86.1268,1.5737,6,0.1500,1.0000,8,7,6,0,0,7,6,0.1429
4,264.0000,33,22,542.5283,-83.5681,0.5502,10,0.2500,0.6667,6,7,6,0,0,7,6,0.1429
4,264.0000,33,23,430.7164,-81.2344,0.3373,16,0.4000,0.8571,7,6,4,0,0,6,4,0.3333
4,264.0000,33,24,810.5047,-89.1773,-2.0073,4,0.1000,1.0000,8,8,8,0,0,8,8,0.0000
4,264.0000,33,26,790.3368,-86.8132,-0.0950,8,0.2000,0.7143,7,7,6,0,0,7,6,0.1429
4,264.0000,33,29,217.7012,-78.3518,0.6923,25,0.6250,0.6667,6,5,1,0,0,5,1,0.8000
4,264.0000,33,34,466.5990,-83.4799,0.2885,9,0.2250,0.8750,8,8,8,0,0,8,8,0.0000
4,264.0000,33,35,762.5345,-85.6793,-0.2423,12,0.3000,0.8571,7,8,8,0,0,8,8,0.0000
4,264.0000,33,37,603.1514,-84.5425,-0.3985,10,0.2500,1.0000,8,8,8,0,0,8,8,0.0000
4,264.0000,33,41,758.2232,-87.1334,0.3866,10,0.2500,0.8571,7,6,6,0,0,6,6,0.0000
4,264.0000,33,43,87.6126,-72.3736,2.3939,32,0.8000,0.2000,5,5,1,0,0,5,1,0.8000
4,264.0000,34,2,483.5156,-82.7274,-0.9414,15,0.3750,0.1667,6,7,6,0,0,7,6,0.1429
4,264.0000,34,3,418.0698,-81.5909,-0.4197,22,0.5500,0.8571,7,7,5,0,0,7,5,0.2857
4,264.0000,34,5,234.5089,-76.1867,-0.6255,36,0.9000,0.4000,5,7,4,0,0,7,4,0.4286
4,264.0000,34,7,328.7589,-81.0576,0.3184,32,0.8000,0.6667,6,6,2,0,0,6,2,0.6667
4,264.0000,34,8,905.4857,-86.6128,0.3643,4,0.1000,1.0000,8,8,7,0,0,8,7,0.1250
4,264.0000,34,10,365.9701,-79.5649,0.2497,19,0.4750,0.5000,6,6,4,0,0,6,4,0.3333
4,264.0000,34,11,525.3903,-84.1987,-0.5883,11,0.2750,0.5000,6,8,8,0,0,8,8,0.0000
4,264.0000,34,12,389.2834,-80.5225,0.4597,21,0.5250,0.5000,8,6,6,0,0,6,6,0.0000
4,264.0000,34,14,607.8631,-83.1953,-0.6259,10,0.2500,0.6667,6,6,4,0,0,6,4,0.3333
4,264.0000,34,16,700.3360,-84.2811,-0.6842,11,0.2750,1.0000,8,7,6,0,0,7,6,0.1429
4,264.0000,34,17,534.1025,-83.1247,0.6162,13,0.3250,1.0000,8,8,8,0,0,8,8,0.0000
4,264.0000,34,18,695.3564,-85.6679,0.5883,6,0.1500,0.8750,8,7,6,0,0,7,6,0.1429
4,264.0000,34,20,543.5055,-83.5828,0.2324,12,0.3000,0.8750,8,7,5,0,0,7,5,0.2857
4,264.0000,34,22,417.6452,-82.3955,0.2143,21,0.5250,0.7143,7,8,6,0,0,8,6,0.2500
4,264.0000,34,23,412.2875,-82.7029,0.8560,20,0.5000,0.6667,6,5,1,0,0,5,1,0.8000
4,264.0000,34,24,520.1299,-81.6512,-0.9328,11,0.2750,0.7143,7,8,8,0,0,8,8,0.0000
4,264.0000,34,26,471.6038,-82.7456,0.3465,22,0.5500,0.3333,6,6,4,0,0,6,4,0.3333
4,264.0000,34,27,988.4532,-88.6914,-0.3413,3,0.0750,1.0000,4,6,6,0,0,6,6,0.0000
4,264.0000,34,29,360.4314,-81.2190,0.0438,24,0.6000,0.5714,7,5,2,0,0,5,2,0.6000
4,264.0000,34,33,466.5990,-83.2167,0.1447,21,0.5250,1.0000,8,7,6,0,0,7,6,0.1429
4,264.0000,34,35,493.4559,-83.2544,0.4394,27,0.6750,0.4000,5,6,4,0,0,6,4,0.3333
4,264.0000,34,37,174.1753,-69.5289,-2.2510,35,0.8750,0.2000,5,6,3,0,0,6,3,0.5000
4,264.0000,34,38,750.3367,-86.5331,0.0691,5,0.1250,0.8571,7,8,8,0,0,8,8,0.0000
4,264.0000,34,41,542.6092,-84.6514,0.6963,21,0.5250,0.6667,6,6,3,0,0,6,3,0.5000
4,264.0000,34,43,505.1222,-85.0889,0.4589,16,0.4000,0.6667,6,8,8,0,0,8,8,0.0000
4,264.0000,34,47,749.7571,-84.5025,0.6949,6,0.1500,0.8571,7,8,8,0,0,8,8,0.0000
4,264.0000,35,2,857.9086,-86.8674,-0.5072,3,0.0750,1.0000,8,8,8,0,0,8,8,0.0000
4,264.0000,35,3,805.4050,-85.9890,0.0167,7,0.1750,1.0000,8,8,7,0,0,8,7,0.1250
4,264.0000,35,5,264.0785,-77.9463,0.3020,30,0.7500,0.5000,6,5,1,0,0,5,1,0.8000
4,264.0000,35,7,528.2098,-82.6641,-1.0478,18,0.4500,0.6667,6,6,4,0,0,6,4,0.3333
4,264.0000,35,10,707.3685,-86.3900,-0.4592,5,0.1250,1.0000,8,8,8,0,0,8,8,0.0000
4,264.0000,35,11,979.8264,-87.9105,0.8170,3,0.0750,1.0000,8,4,4,0,0,4,4,0.0000
4,264.0000,35,12,664.6305,-86.0956,-0.4756,8,0.2000,0.8571,7,7,6,0,0,7,6,0.1429
4,264.0000,35,14,894.8005,-88.0284,0.8562,3,0.0750,1.0000,8,8,8,0,0,8,8,0.0000
4,264.0000,35,16,711.5382,-85.2587,0.3633,5,0.1250,1.0000,6,8,7,0,0,8,7,0.1250
4,264.0000,35,17,828.8911,-87.1638,0.2118,6,0.1500,1.0000,6,8,8,0,0,8,8,0.0000
4,264.0000,35,20,886.9988,-87.8107,-0.6284,3,0.0750,1.0000,8,8,8,0,0,8,8,0.0000
4,264.0000,35,22,530.4793,-83.2072,-0.9011,10,0.2500,0.4000,5,8,7,0,0,8,7,0.1250
4,264.0000,35,23,615.6383,-82.8688,-1.8453,11,0.2750,1.0000,8,8,8,0,0,8,8,0.0000
4,264.0000,35,24,905.3077,-87.1349,0.7250,4,0.1000,1.0000,6,8,8,0,0,8,8,0.0000
4,264.0000,35,26,217.9221,-76.7513,-0.0409,31,0.7750,0.4000,5,4,0,0,0,4,0,1.0000
4,264.0000,35,29,761.6156,-86.0508,0.7668,4,0.1000,1.0000,8,8,8,0,0,8,8,0.0000
4,264.0000,35,33,762.5345,-86.3951,-0.3777,10,0.2500,1.0000,8,8,8,0,0,8,8,0.0000
4,264.0000,35,34,493.4559,-83.5994,0.6522,13,0.3250,0.6667,9,7,6,0,0,7,6,0.1429
4,264.0000,35,37,479.0940,-82.6441,-0.9531,10,0.2500,1.0000,8,7,6,0,0,7,6,0.1429
4,264.0000,35,38,881.0477,-87.5042,0.1675,3,0.0750,1.0000,8,8,8,0,0,8,8,0.0000
4,264.0000,35,41,99.9118,-71.4176,1.8258,38,0.9500,0.0000,4,4,0,0,0,4,0,1.0000
4,264.0000,35,43,803.1209,-85.9824,0.8466,6,0.1500,1.0000,8,8,8,0,0,8,8,0.0000
4,264.0000,35,47,1032.7100,-89.5324,-0.0046,3,0.0750,1.0000,2,6,6,0,0,6,6,0.0000
4,264.0000,36,0,788.1854,-86.6504,0.0173,7,0.1750,0.8750,8,8,8,0,0,8,8,0.0000
4,264.0000,36,1,377.2922,-81.5830,-0.3951,18,0.4500,0.8571,7,8,7,0,0,8,7,0.1250
4,264.0000,36,8,734.1702,-86.9846,-1.6927,4,0.1000,1.0000,8,8,7,0,0,8,7,0.1250
4,264.0000,36,9,649.8494,-85.7107,0.0968,10,0.2500,1.0000,8,8,7,0,0,8,7,0.1250
4,264.0000,36,13,349.1075,-81.3766,0.2482,18,0.4500,0.7143,7,8,6,0,0,8,6,0.2500
4,264.0000,36,15,806.5864,-87.5735,0.8720,4,0.1000,1.0000,8,8,8,0,0,8,8,0.0000
4,264.0000,36,19,380.4490,-80.2549,-0.3967,32,0.8000,0.2000,5,8,8,0,0,8,8,0.0000
4,264.0000,36,21,582.2054,-85.5723,-0.6035,7,0.1750,0.7500,8,6,4,0,0,6,4,0.3333
4,264.0000,36,25,397.7822,-82.2859,0.4604,14,0.3500,0.4000,5,8,8,0,0,8,8,0.0000
4,264.0000,36,28,786.7384,-87.9630,-0.4559,4,0.1000,1.0000,4,8,8,0,0,8,8,0.0000
4,264.0000,36,30,955.6543,-87.9468,0.3080,3,0.0750,,0,6,6,0,0,6,6,0.0000
4,264.0000,36,31,566.8904,-85.1829,-0.9421,5,0.1250,0.6667,6,8,8,0,0,8,8,0.0000
4,264.0000,36,32,574.7519,-83.6200,-0.2929,5,0.1250,0.8750,8,8,8,0,0,8,8,0.0000
4,264.0000,36,40,878.0704,-87.6045,-0.0778,5,0.1250,,0,6,6,0,0,6,6,0.0000
4,264.0000,36,42,506.0030,-84.5579,1.2520,11,0.2750,1.0000,8,7,3,0,0,7,3,0.5714
4,264.0000,36,44,806.6516,-88.0392,1.1233,4,0.1000,1.0000,8,6,6,0,0,6,6,0.0000
4,264.0000,36,46,660.2303,-85.7273,0.0098,14,0.3500,1.0000,8,8,7,0,0,8,7,0.1250
4,264.0000,37,2,507.0321,-82.2290,-0.6655,17,0.4250,0.8571,7,7,6,0,0,7,6,0.1429
4,264.0000,37,3,466.8002,-81.2600,-0.7284,23,0.5750,0.7143,7,8,8,0,0,8,8,0.0000
4,264.0000,37,4,979.5770,-89.5827,-0.2416,3,0.0750,,0,4,4,0,0,4,4,0.0000
4,264.0000,37,5,256.8672,-75.1409,-1.7451,34,0.8500,0.0000,4,6,3,0,0,6,3,0.5000
4,264.0000,37,6,885.1678,-87.1576,0.1791,7,0.1750,1.0000,8,8,8,0,0,8,8,0.0000
4,264.0000,37,7,473.9489,-82.3657,-0.3062,23,0.5750,0.5000,6,8,8,0,0,8,8,0.0000
4,264.0000,37,8,817.2970,-88.1557,-0.2175,5,0.1250,1.0000,8,8,8,0,0,8,8,0.0000
4,264.0000,37,10,310.4377,-79.4632,0.1296,28,0.7000,0.6667,6,7,4,0,0,7,4,0.4286
4,264.0000,37,11,541.9274,-85.7474,-0.5580,13,0.3250,0.8571,7,8,8,0,0,8,8,0.0000
4,264.0000,37,12,374.3723,-81.3224,-0.3310,23,0.5750,0.2000,5,7,6,0,0,7,6,0.1429
4,264.0000,37,14,476.5174,-82.9588,-0.0930,14,0.3500,0.8571,7,6,4,0,0,6,4,0.3333
4,264.0000,37,16,526.8368,-84.3860,-0.2960,17,0.4250,0.8750,8,8,8,0,0,8,8,0.0000
4,264.0000,37,17,534.8082,-84.1024,0.6279,14,0.3500,0.7143,7,7,5,0,0,7,5,0.2857
4,264.0000,37,18,583.5615,-84.5093,-0.2129,9,0.2250,0.8571,7,8,8,0,0,8,8,0.0000
4,264.0000,37,20,479.3724,-81.9748,-0.1567,18,0.4500,0.8571,7,6,4,0,0,6,4,0.3333
4,264.0000,37,22,370.5321,-80.5981,0.0054,27,0.6750,0.4000,5,6,4,0,0,6,4,0.3333
4,264.0000,37,23,411.6633,-81.6816,-0.1229,21,0.5250,0.3333,6,7,5,0,0,7,5,0.2857
4,264.0000,37,24,433.8552,-81.8075,0.0235,21,0.5250,0.8571,7,8,8,0,0,8,8,0.0000
4,264.0000,37,26,385.3723,-80.0373,-0.7742,29,0.7250,0.5714,7,7,5,0,0,7,5,0.2857
4,264.0000,37,27,831.1041,-87.0875,-0.3074,3,0.0750,1.0000,4,8,8,0,0,8,8,0.0000
4,264.0000,37,29,468.6890,-81.5729,-0.0956,23,0.5750,0.4000,5,7,4,0,0,7,4,0.4286
4,264.0000,37,31,921.8316,-87.8173,-0.3471,7,0.1750,1.0000,4,6,6,0,0,6,6,0.0000
4,264.0000,37,33,603.1514,-84.5353,-0.6103,16,0.4000,0.6667,6,5,1,0,0,5,1,0.8000
4,264.0000,37,34,174.1753,-69.6998,-2.4764,36,0.9000,0.0000,4,5,2,0,0,5,2,0.6000
4,264.0000,37,35,479.0940,-82.8039,-0.6497,25,0.6250,0.7143,7,4,0,0,0,4,0,1.0000
4,264.0000,37,38,583.0557,-84.6583,-0.4613,14,0.3500,1.0000,8,8,8,0,0,8,8,0.0000
4,264.0000,37,41,530.7691,-84.2285,0.3402,20,0.5000,0.8750,8,8,7,0,0,8,7,0.1250
4,264.0000,37,42,1075.7731,-88.3336,-8.9888,3,0.0750,,0,8,8,0,0,8,8,0.0000
4,264.0000,37,43,624.7468,-85.1276,-0.4852,13,0.3250,0.8750,8,7,4,0,0,7,4,0.4286
4,264.0000,37,45,628.1927,-86.2929,1.2366,7,0.1750,0.8571,7,8,8,0,0,8,8,0.0000
4,264.0000,37,47,616.7319,-85.9116,0.9363,12,0.3000,0.8750,8,6,6,0,0,6,6,0.0000
4,264.0000,38,1,885.7204,-88.9072,0.2389,5,0.1250,1.0000,6,4,4,0,0,4,4,0.0000
4,264.0000,38,2,863.9560,-87.4135,-0.3589,4,0.1000,1.0000,8,6,6,0,0,6,6,0.0000
4,264.0000,38,6,780.2300,-88.3157,-0.0261,5,0.1250,1.0000,8,8,8,0,0,8,8,0.0000
4,264.0000,38,8,684.1171,-87.1952,-1.0980,6,0.1500,1.0000,8,8,8,0,0,8,8,0.0000
4,264.0000,38,9,872.2192,-87.9023,0.4840,4,0.1000,1.0000,2,4,4,0,0,4,4,0.0000
4,264.0000,38,10,631.1650,-84.9827,0.5796,6,0.1500,0.8571,7,8,8,0,0,8,8,0.0000
4,264.0000,38,11,820.1711,-88.0662,1.3584,3,0.0750,1.0000,8,8,8,0,0,8,8,0.0000
4,264.0000,38,12,759.5316,-86.6411,-0.2793,7,0.1750,1.0000,8,8,8,0,0,8,8,0.0000
4,264.0000,38,14,287.5995,-78.9521,0.3478,20,0.5000,0.6667,6,6,3,0,0,6,3,0.5000
4,264.0000,38,16,237.5087,-76.9691,0.0952,33,0.8250,0.0000,4,5,1,0,0,5,1,0.8000
4,264.0000,38,17,865.5150,-88.8114,0.7156,6,0.1500,1.0000,8,8,8,0,0,8,8,0.0000
4,264.0000,38,18,392.0905,-82.7069,0.8019,14,0.3500,0.8750,8,7,6,0,0,7,6,0.1429
4,264.0000,38,20,637.7894,-85.6303,0.8510,8,0.2000,1.0000,8,8,8,0,0,8,8,0.0000
4,264.0000,38,21,750.4326,-87.5774,-0.2517,4,0.1000,1.0000,8,7,6,0,0,7,6,0.1429
4,264.0000,38,22,740.0743,-87.7294,-0.9006,6,0.1500,0.8571,7,8,8,0,0,8,8,0.0000
4,264.0000,38,23,823.5278,-87.7017,0.4064,5,0.1250,1.0000,8,8,8,0,0,8,8,0.0000
4,264.0000,38,24,485.0903,-81.9537,-0.2734,13,0.3250,0.8571,7,8,8,0,0,8,8,0.0000
4,264.0000,38,25,793.5106,-87.1368,0.9047,5,0.1250,1.0000,4,8,7,0,0,8,7,0.1250
4,264.0000,38,26,691.1195,-85.8837,-0.1064,10,0.2500,1.0000,8,8,8,0,0,8,8,0.0000
4,264.0000,38,27,300.2792,-80.4965,0.9440,16,0.4000,0.7143,7,5,1,0,0,5,1,0.8000
4,264.0000,38,29,965.4006,-87.8083,0.8231,4,0.1000,0.8571,7,8,8,0,0,8,8,0.0000
4,264.0000,38,31,671.7277,-87.2521,-0.0256,9,0.2250,1.0000,8,8,8,0,0,8,8,0.0000
4,264.0000,38,32,634.6391,-86.6066,0.0408,10,0.2500,0.8571,7,8,7,0,0,8,7,0.1250
4,264.0000,38,34,750.3367,-85.6105,0.2039,6,0.1500,1.0000,8,6,6,0,0,6,6,0.0000
4,264.0000,38,35,881.0477,-86.6656,0.4236,7,0.1750,1.0000,6,8,8,0,0,8,8,0.0000
4,264.0000,38,37,583.0557,-84.7868,0.6120,9,0.2250,0.8571,7,8,7,0,0,8,7,0.1250
4,264.0000,38,41,928.5868,-86.3550,-0.2138,4,0.1000,1.0000,8,7,6,0,0,7,6,0.1429
4,264.0000,38,42,908.2826,-87.8515,0.6790,4,0.1000,1.0000,8,4,4,0,0,4,4,0.0000
4,264.0000,38,44,749.9054,-86.8254,-0.1580,5,0.1250,1.0000,2,8,8,0,0,8,8,0.0000
4,264.0000,38,45,518.1815,-82.7489,0.4029,10,0.2500,0.6667,6,8,5,0,0,8,5,0.3750
4,264.0000,38,47,302.5912,-79.1542,-0.0366,21,0.5250,0.6667,6,8,7,0,0,8,7,0.1250
4,264.0000,39,0,334.5729,-80.3575,0.8497,33,0.8049,0.5714,7,5,1,0,0,5,1,0.8000
4,264.0000,39,1,697.0156,-86.4919,0.6488,8,0.1951,1.0000,8,8,8,0,0,8,8,0.0000
4,264.0000,39,9,562.7623,-84.0039,-0.2217,13,0.3171,0.6250,8,7,6,0,0,7,6,0.1429
4,264.0000,39,15,106.9996,-73.2974,1.6559,37,0.9024,0.2000,5,5,1,0,0,5,1,0.8000
4,264.0000,39,19,780.0283,-86.6629,0.6974,10,0.2439,1.0000,8,8,8,0,0,8,8,0.0000
4,264.0000,39,21,856.8583,-88.0542,-0.2126,4,0.0976,1.0000,10,8,8,0,0,8,8,0.0000
4,264.0000,39,25,806.4277,-84.6740,1.6466,4,0.0976,1.0000,8,8,8,0,0,8,8,0.0000
4,264.0000,39,27,1101.4262,-88.1677,1.3163,3,0.0732,1.0000,6,6,6,0,0,6,6,0.0000
4,264.0000,39,28,156.2924,-71.5890,-0.5571,40,0.9756,0.0000,4,4,0,0,0,4,0,1.0000
4,264.0000,39,30,319.8610,-79.7707,0.0211,35,0.8537,0.5714,7,5,1,0,0,5,1,0.8000
4,264.0000,39,32,858.9895,-87.8649,0.5529,5,0.1220,0.8750,8,8,8,0,0,8,8,0.0000
4,264.0000,39,36,910.0643,-88.0821,-0.4617,4,0.0976,1.0000,2,8,8,0,0,8,8,0.0000
4,264.0000,39,40,268.1787,-78.3654,0.0906,39,0.9512,0.4000,5,6,3,0,0,6,3,0.5000
4,264.0000,39,44,669.0236,-84.1726,-0.0869,8,0.1951,1.0000,8,8,8,0,0,8,8,0.0000
4,264.0000,39,46,358.1455,-81.5685,-0.2967,36,0.8780,0.2500,4,5,0,0,0,5,0,1.0000
4,264.0000,40,0,200.2858,-76.6552,0.3013,33,0.8250,0.2222,9,4,0,0,0,4,0,1.0000
4,264.0000,40,9,559.5739,-84.6325,0.4968,8,0.2000,0.8571,7,6,3,0,0,6,3,0.5000
4,264.0000,40,15,274.1910,-79.5730,1.0694,26,0.6500,0.2000,5,4,0,0,0,4,0,1.0000
4,264.0000,40,28,207.0065,-75.1711,0.1372,34,0.8500,0.2000,5,5,1,0,0,5,1,0.8000
4,264.0000,40,30,284.0983,-79.1603,0.0009,27,0.6750,0.2000,5,6,2,0,0,6,2,0.6667
4,264.0000,40,39,268.1787,-78.6793,0.2396,34,0.8500,0.0000,4,5,1,0,0,5,1,0.8000
4,264.0000,40,44,685.2289,-84.8852,-1.3152,3,0.0750,0.9493,138,8,8,142,138,150,146,0.0267
4,264.0000,40,46,347.8343,-80.6461,-0.3064,28,0.7000,0.4000,5,5,2,0,0,5,2,0.6000
4,264.0000,41,2,860.4375,-86.7801,-0.2428,5,0.1250,1.0000,8,8,8,0,0,8,8,0.0000
4,264.0000,41,3,810.9516,-87.2760,0.7489,8,0.2000,0.8571,7,8,8,0,0,8,8,0.0000
4,264.0000,41,5,328.0883,-79.4489,-0.4711,21,0.5250,0.6667,6,6,3,0,0,6,3,0.5000
4,264.0000,41,7,535.1551,-83.5873,-0.3289,16,0.4000,0.7143,7,6,3,0,0,6,3,0.5000
4,264.0000,41,10,723.5313,-85.5868,0.5572,6,0.1500,1.0000,8,8,8,0,0,8,8,0.0000
4,264.0000,41,12,660.1532,-86.4940,1.2185,8,0.2000,0.8571,7,8,8,0,0,8,8,0.0000
4,264.0000,41,14,951.9445,-88.0719,0.2674,4,0.1000,0.8000,5,4,4,0,0,4,4,0.0000
4,264.0000,41,16,745.5422,-86.3396,-0.2703,7,0.1750,0.8571,7,8,8,0,0,8,8,0.0000
4,264.0000,41,17,816.6088,-87.6449,-1.3559,3,0.0750,1.0000,8,8,8,0,0,8,8,0.0000
4,264.0000,41,20,899.9492,-87.9423,1.0828,4,0.1000,1.0000,8,8,8,0,0,8,8,0.0000
4,264.0000,41,22,511.2700,-82.7859,0.2585,15,0.3750,0.7143,7,7,5,0,0,7,5,0.2857
4,264.0000,41,23,597.7397,-84.6135,-0.3576,13,0.3250,0.8571,7,8,8,0,0,8,8,0.0000
4,264.0000,41,26,240.2057,-78.0329,0.2232,28,0.7000,0.3333,6,6,2,0,0,6,2,0.6667
4,264.0000,41,29,772.5447,-86.9980,1.2005,10,0.2500,1.0000,8,8,8,0,0,8,8,0.0000
4,264.0000,41,33,758.2232,-86.4483,-0.1051,15,0.3750,1.0000,8,6,6,0,0,6,6,0.0000
4,264.0000,41,34,542.6092,-85.3149,-0.8877,13,0.3250,0.8889,9,6,6,0,0,6,6,0.0000
4,264.0000,41,35,99.9118,-70.7624,1.6004,36,0.9000,0.0000,4,4,0,0,0,4,0,1.0000
4,264.0000,41,37,530.7691,-84.0691,-0.1585,10,0.2500,0.8750,8,7,6,0,0,7,6,0.1429
4,264.0000,41,38,928.5868,-86.1713,0.1906,3,0.0750,1.0000,8,2,2,0,0,2,2,0.0000
4,264.0000,41,43,792.8504,-87.5788,-0.0139,7,0.1750,1.0000,6,8,8,0,0,8,8,0.0000
4,264.0000,42,1,608.8720,-84.6730,0.1345,12,0.3000,0.7500,8,8,7,0,0,8,7,0.1250
4,264.0000,42,2,852.6488,-88.2547,-0.1468,5,0.1250,1.0000,8,8,8,0,0,8,8,0.0000
4,264.0000,42,3,923.6554,-86.9336,-0.1378,4,0.1000,1.0000,8,4,4,0,0,4,4,0.0000
4,264.0000,42,4,213.6945,-76.2956,0.1877,35,0.8750,0.0000,4,5,1,0,0,5,1,0.8000
4,264.0000,42,6,379.3586,-81.6487,0.7073,14,0.3500,0.8571,7,7,6,0,0,7,6,0.1429
4,264.0000,42,8,279.6165,-78.9782,0.5157,24,0.6000,0.3333,6,4,2,0,0,4,2,0.5000
4,264.0000,42,9,847.0926,-87.0301,0.2107,5,0.1250,1.0000,6,6,6,0,0,6,6,0.0000
4,264.0000,42,10,845.2328,-88.8584,-0.2856,4,0.1000,1.0000,8,8,8,0,0,8,8,0.0000
4,264.0000,42,11,715.6385,-85.7583,-0.3026,9,0.2250,0.8571,7,8,8,0,0,8,8,0.0000
4,264.0000,42,13,325.2216,-79.0492,0.2266,28,0.7000,0.7143,7,6,4,0,0,6,4,0.3333
4,264.0000,42,14,781.3436,-87.6011,-0.0147,3,0.0750,1.0000,8,8,8,0,0,8,8,0.0000
4,264.0000,42,17,893.0497,-88.7796,0.3141,4,0.1000,1.0000,8,8,8,0,0,8,8,0.0000
4,264.0000,42,18,638.3502,-84.2456,-0.6072,11,0.2750,0.8750,8,8,8,0,0,8,8,0.0000
4,264.0000,42,19,876.9237,-88.2238,0.3737,5,0.1250,1.0000,4,8,8,0,0,8,8,0.0000
4,264.0000,42,20,665.7287,-85.8645,-0.0835,8,0.2000,1.0000,8,8,8,0,0,8,8,0.0000
4,264.0000,42,21,611.9535,-85.5462,-0.2577,9,0.2250,0.7500,8,6,4,0,0,6,4,0.3333
4,264.0000,42,23,1057.8900,-88.7274,-0.9859,5,0.1250,1.0000,8,6,6,0,0,6,6,0.0000
4,264.0000,42,24,673.5092,-86.9502,1.0363,6,0.1500,1.0000,8,8,8,0,0,8,8,0.0000
4,264.0000,42,25,513.3554,-83.6400,-1.1519,14,0.3500,1.0000,8,8,8,0,0,8,8,0.0000
4,264.0000,42,27,744.6829,-87.0567,-0.2974,6,0.1500,0.8571,7,8,8,0,0,8,8,0.0000
4,264.0000,42,31,343.1334,-79.9557,-0.3414,23,0.5750,0.7143,7,8,8,0,0,8,8,0.0000
4,264.0000,42,32,588.8176,-84.7113,-0.0465,7,0.1750,0.8571,7,7,6,0,0,7,6,0.1429
4,264.0000,42,36,506.0030,-84.0274,0.5310,17,0.4250,1.0000,8,6,4,0,0,6,4,0.3333
4,264.0000,42,38,908.2826,-87.8949,0.1149,4,0.1000,1.0000,6,6,6,0,0,6,6,0.0000
4,264.0000,42,44,917.1943,-88.8446,0.1303,3,0.0750,1.0000,6,6,6,0,0,6,6,0.0000
4,264.0000,42,45,534.9294,-83.1284,-0.0419,12,0.3000,0.6667,6,8,8,0,0,8,8,0.0000
4,264.0000,42,46,1124.1591,-89.2954,0.9505,4,0.1000,,0,4,4,0,0,4,4,0.0000
4,264.0000,42,47,641.2886,-86.3137,-0.5320,6,0.1500,1.0000,6,8,7,0,0,8,7,0.1250
4,264.0000,43,2,380.1921,-81.4995,0.7437,12,0.3000,0.6667,6,6,3,0,0,6,3,0.5000
4,264.0000,43,3,312.7081,-80.8810,1.1319,18,0.4500,0.4000,5,5,1,0,0,5,1,0.8000
4,264.0000,43,5,636.1914,-85.4202,0.1335,10,0.2500,1.0000,8,8,8,0,0,8,8,0.0000
4,264.0000,43,7,323.7953,-81.1339,0.7244,18,0.4500,0.8750,8,6,3,0,0,6,3,0.5000
4,264.0000,43,10,528.4350,-84.3244,-0.3737,7,0.1750,1.0000,6,9,8,0,0,9,8,0.1111
4,264.0000,43,11,549.2382,-85.0707,-0.0833,10,0.2500,0.8571,7,8,7,0,0,8,7,0.1250
4,264.0000,43,12,422.4353,-83.2977,0.8854,9,0.2250,1.0000,8,5,2,0,0,5,2,0.6000
4,264.0000,43,14,986.6002,-88.3020,0.0863,3,0.0750,1.0000,8,6,6,0,0,6,6,0.0000
4,264.0000,43,17,413.4140,-83.0473,-0.7561,13,0.3250,0.8571,7,7,6,0,0,7,6,0.1429
4,264.0000,43,20,636.1730,-87.8617,0.9749,4,0.1000,1.0000,8,7,6,0,0,7,6,0.1429
4,264.0000,43,22,522.8761,-84.4679,-0.5016,8,0.2000,0.8571,7,7,6,0,0,7,6,0.1429
4,264.0000,43,23,398.8163,-82.7054,0.1856,12,0.3000,0.8571,7,6,3,0,0,6,3,0.5000
4,264.0000,43,29,209.5757,-78.2313,1.6427,20,0.5000,0.5714,7,5,1,0,0,5,1,0.8000
4,264.0000,43,33,87.6126,-72.0752,2.1377,32,0.8000,0.0000,4,4,0,0,0,4,0,1.0000
4,264.0000,43,34,505.1222,-85.5331,-0.5518,9,0.2250,0.6667,6,7,5,0,0,7,5,0.2857
4,264.0000,43,35,803.1209,-87.1753,-1.3400,4,0.1000,1.0000,18,8,8,0,0,8,8,0.0000
4,264.0000,43,37,624.7468,-86.6519,0.6665,8,0.2000,0.8571,7,8,7,0,0,8,7,0.1250
4,264.0000,43,41,792.8504,-85.9053,-0.1049,7,0.1750,1.0000,8,8,7,0,0,8,7,0.1250
4,264.0000,43,45,895.3165,-88.4314,0.2800,3,0.0750,1.0000,6,8,8,0,0,8,8,0.0000
4,264.0000,44,0,494.4876,-82.2519,-0.3570,23,0.5750,0.7143,7,8,8,0,0,8,8,0.0000
4,264.0000,44,1,462.4744,-82.8392,0.1242,11,0.2750,0.4000,5,5,1,0,0,5,1,0.8000
4,264.0000,44,9,188.1524,-75.7518,0.4982,33,0.8250,0.4000,5,5,1,0,0,5,1,0.8000
4,264.0000,44,13,669.2511,-86.0995,-2.8925,4,0.1000,0.8750,8,8,8,0,0,8,8,0.0000
4,264.0000,44,15,601.7989,-83.3044,-0.2919,17,0.4250,0.7143,7,7,5,0,0,7,5,0.2857
4,264.0000,44,21,351.4378,-79.7787,0.1387,23,0.5750,0.5000,6,6,4,0,0,6,4,0.3333
4,264.0000,44,25,464.0527,-82.5913,-0.2565,13,0.3250,0.7143,7,7,6,7,6,14,12,0.1429
4,264.0000,44,27,474.4816,-83.3124,-0.5677,8,0.2000,0.8824,34,8,8,0,0,8,8,0.0000
4,264.0000,44,28,670.3576,-86.2231,0.1064,14,0.3500,0.7143,7,7,6,0,0,7,6,0.1429
4,264.0000,44,30,487.5707,-83.5390,-0.2260,27,0.6750,0.7500,8,6,4,0,0,6,4,0.3333
4,264.0000,44,32,434.1021,-81.4298,0.1218,12,0.3000,0.5714,7,8,8,0,0,8,8,0.0000
4,264.0000,44,36,806.6516,-86.8262,-2.9775,3,0.0750,1.0000,8,6,6,0,0,6,6,0.0000
4,264.0000,44,39,669.0236,-84.0472,-0.2011,15,0.3750,0.8750,8,7,6,0,0,7,6,0.1429
4,264.0000,44,40,685.2289,-86.0820,-0.0604,16,0.4000,1.0000,8,7,6,0,0,7,6,0.1429
4,264.0000,44,46,781.8158,-86.7487,0.1604,7,0.1750,0.8571,7,8,8,0,0,8,8,0.0000
4,264.0000,45,2,528.6338,-83.9953,-1.0558,7,0.1750,0.8000,5,9,8,0,0,9,8,0.1111
4,264.0000,45,3,591.2909,-86.1365,0.4729,5,0.1250,1.0000,8,8,7,0,0,8,7,0.1250
4,264.0000,45,4,426.9128,-81.7851,1.0209,19,0.4750,0.6667,6,7,6,0,0,7,6,0.1429
4,264.0000,45,6,558.6133,-82.8840,-0.3923,11,0.2750,1.0000,8,7,6,0,0,7,6,0.1429
4,264.0000,45,8,257.9326,-76.6333,-1.1135,26,0.6500,0.2000,5,6,3,0,0,6,3,0.5000
4,264.0000,45,9,946.7976,-88.7706,-0.4397,3,0.0750,1.0000,8,6,6,0,0,6,6,0.0000
4,264.0000,45,10,407.4934,-82.5137,0.9124,11,0.2750,1.0000,8,6,4,0,0,6,4,0.3333
4,264.0000,45,11,509.7223,-85.3809,0.6129,8,0.2000,1.0000,8,8,7,0,0,8,7,0.1250
4,264.0000,45,12,519.9609,-82.7622,-0.6105,9,0.2250,1.0000,8,10,10,0,0,10,10,0.0000
4,264.0000,45,13,647.6585,-83.9475,0.4218,9,0.2250,0.8571,7,8,8,0,0,8,8,0.0000
4,264.0000,45,14,460.1276,-83.7849,0.2043,10,0.2500,0.8571,7,7,6,0,0,7,6,0.1429
4,264.0000,45,16,577.7863,-85.4699,-0.4384,10,0.2500,1.0000,6,8,8,0,0,8,8,0.0000
4,264.0000,45,17,518.4094,-85.2155,1.3018,12,0.3000,0.8750,8,8,8,0,0,8,8,0.0000
4,264.0000,45,18,415.8848,-80.9621,0.0907,13,0.3250,0.2000,5,7,5,0,0,7,5,0.2857
4,264.0000,45,20,263.1827,-78.7342,1.5249,19,0.4750,0.4000,5,5,2,0,0,5,2,0.6000
4,264.0000,45,21,685.3771,-85.7904,-1.0848,9,0.2250,1.0000,8,9,7,0,0,9,7,0.2222
4,264.0000,45,22,595.0680,-85.4244,0.8712,7,0.1750,1.0000,8,6,4,0,0,6,4,0.3333
4,264.0000,45,23,607.6624,-86.1716,0.6385,6,0.1500,1.0000,8,7,6,0,0,7,6,0.1429
4,264.0000,45,24,369.6559,-81.5928,1.5476,15,0.3750,0.5714,7,8,8,0,0,8,8,0.0000
4,264.0000,45,25,726.8204,-86.9317,0.2068,6,0.1500,0.8000,5,8,8,0,0,8,8,0.0000
4,264.0000,45,26,835.5472,-86.8898,-0.3137,7,0.1750,1.0000,4,7,6,0,0,7,6,0.1429
4,264.0000,45,27,508.0719,-82.8435,0.2146,12,0.3000,1.0000,8,5,2,0,0,5,2,0.6000
4,264.0000,45,29,739.5762,-86.1268,-0.5065,7,0.1750,1.0000,8,8,7,0,0,8,7,0.1250
4,264.0000,45,31,502.6454,-83.5566,-0.7369,12,0.3000,0.8750,8,8,5,0,0,8,5,0.3750
4,264.0000,45,32,671.6959,-85.2119,0.0970,10,0.2500,1.0000,8,8,8,0,0,8,8,0.0000
4,264.0000,45,34,740.9968,-86.8120,-0.4815,3,0.0750,0.8750,8,6,6,0,0,6,6,0.0000
4,264.0000,45,37,628.1927,-86.8760,-0.7101,3,0.0750,0.8750,8,8,7,0,0,8,7,0.1250
4,264.0000,45,38,518.1815,-82.9868,-0.3080,13,0.3250,0.8750,8,7,5,0,0,7,5,0.2857
4,264.0000,45,42,534.9294,-83.6808,0.0670,15,0.3750,0.8750,8,8,8,0,0,8,8,0.0000
4,264.0000,45,44,906.7298,-88.0379,-9.0095,3,0.0750,1.0000,2,6,6,0,0,6,6,0.0000
4,264.0000,45,47,376.2025,-81.0963,-0.7779,12,0.3000,0.6250,8,7,6,0,0,7,6,0.1429
4,264.0000,46,0,416.9295,-81.7710,0.1854,22,0.5500,0.5714,7,5,4,0,0,5,4,0.2000
4,264.0000,46,1,600.5539,-85.5196,-0.3918,9,0.2250,1.0000,8,8,8,0,0,8,8,0.0000
4,264.0000,46,9,610.6917,-84.6552,0.2688,12,0.3000,0.8571,7,7,5,0,0,7,5,0.2857
4,264.0000,46,15,301.9828,-80.7796,0.6727,30,0.7500,0.4000,5,5,1,0,0,5,1,0.8000
4,264.0000,46,19,454.2386,-82.8094,0.6646,20,0.5000,0.8750,8,5,2,0,0,5,2,0.6000
4,264.0000,46,21,819.0842,-86.5973,-0.2034,4,0.1000,1.0000,8,8,8,0,0,8,8,0.0000
4,264.0000,46,25,717.9243,-87.0289,0.8170,3,0.0750,1.0000,8,8,8,0,0,8,8,0.0000
4,264.0000,46,28,214.1637,-77.0951,0.9554,37,0.9250,0.0000,4,4,0,0,0,4,0,1.0000
4,264.0000,46,30,553.0878,-85.1291,0.5599,18,0.4500,0.8571,7,7,5,0,0,7,5,0.2857
4,264.0000,46,36,660.2303,-84.2846,0.4046,6,0.1500,1.0000,8,8,7,0,0,8,7,0.1250
4,264.0000,46,39,358.1455,-81.5886,-0.2604,35,0.8750,0.8571,7,5,1,0,0,5,1,0.8000
4,264.0000,46,40,347.8343,-80.7739,-0.5620,34,0.8500,0.5714,7,8,7,0,0,8,7,0.1250
4,264.0000,46,44,781.8158,-86.6710,-0.9404,6,0.1500,0.8750,8,8,8,0,0,8,8,0.0000
4,264.0000,47,1,699.3906,-86.9193,0.7265,5,0.1250,1.0000,6,6,6,0,0,6,6,0.0000
4,264.0000,47,2,747.2193,-85.2051,-0.5393,3,0.0750,0.8571,7,8,8,0,0,8,8,0.0000
4,264.0000,47,3,777.3058,-86.3486,-0.8908,5,0.1250,0.8750,8,7,6,0,0,7,6,0.1429
4,264.0000,47,4,653.5078,-85.2937,0.8968,7,0.1750,1.0000,8,8,8,0,0,8,8,0.0000
4,264.0000,47,5,862.0984,-88.0036,-0.1339,5,0.1250,1.0000,4,4,4,0,0,4,4,0.0000
4,264.0000,47,6,478.0044,-82.6172,-0.4509,10,0.2500,0.7143,7,7,4,0,0,7,4,0.4286
4,264.0000,47,8,444.1324,-82.2929,-0.7709,15,0.3750,0.8750,8,8,6,0,0,8,6,0.2500
4,264.0000,47,9,793.6300,-87.6295,0.0291,4,0.1000,1.0000,4,6,6,0,0,6,6,0.0000
4,264.0000,47,10,564.7300,-84.8677,-0.9109,6,0.1500,0.8571,7,8,8,0,0,8,8,0.0000
4,264.0000,47,11,631.5523,-86.5488,-0.0417,4,0.1000,0.8571,7,8,8,0,0,8,8,0.0000
4,264.0000,47,12,723.2596,-85.3111,-1.3365,5,0.1250,0.7143,7,8,8,0,0,8,8,0.0000
4,264.0000,47,13,569.3812,-83.9546,0.2356,7,0.1750,0.8571,7,8,8,0,0,8,8,0.0000
4,264.0000,47,14,178.4789,-73.5474,-0.6793,30,0.7500,0.0000,5,5,1,0,0,5,1,0.8000
4,264.0000,47,16,498.7095,-83.1740,-0.2095,12,0.3000,0.7500,8,7,6,0,0,7,6,0.1429
4,264.0000,47,18,126.3448,-73.0034,1.4914,30,0.7500,0.3333,6,4,0,0,0,4,0,1.0000
4,264.0000,47,20,504.9418,-82.7508,-1.2264,13,0.3250,1.0000,8,8,8,0,0,8,8,0.0000
4,264.0000,47,21,639.8905,-85.4918,0.3343,4,0.1000,0.7143,7,6,6,0,0,6,6,0.0000
4,264.0000,47,22,778.5339,-86.2592,1.1506,4,0.1000,0.8571,7,8,8,0,0,8,8,0.0000
4,264.0000,47,23,814.8406,-88.2175,-0.2088,4,0.1000,1.0000,8,8,8,0,0,8,8,0.0000
4,264.0000,47,24,293.2400,-77.2526,-0.5625,25,0.6250,0.6667,6,7,4,0,0,7,4,0.4286
4,264.0000,47,25,596.6328,-86.3389,-0.6348,5,0.1250,0.8571,7,6,3,0,0,6,3,0.5000
4,264.0000,47,26,858.8878,-85.8285,-0.9265,3,0.0750,0.8750,8,8,8,0,0,8,8,0.0000
4,264.0000,47,27,305.0591,-80.5226,-0.0934,19,0.4750,0.8571,7,5,2,0,0,5,2,0.6000
4,264.0000,47,29,877.2783,-86.6384,0.0880,4,0.1000,1.0000,6,4,4,0,0,4,4,0.0000
4,264.0000,47,31,383.6009,-81.7681,0.1275,15,0.3750,0.5000,6,7,4,0,0,7,4,0.4286
4,264.0000,47,32,451.5718,-84.1070,1.4511,8,0.2000,0.7143,7,9,8,0,0,9,8,0.1111
4,264.0000,47,34,749.7571,-84.6941,-1.8614,4,0.1000,1.0000,8,4,4,0,0,4,4,0.0000
4,264.0000,47,37,616.7319,-85.5345,-0.8263,6,0.1500,0.8571,7,8,8,0,0,8,8,0.0000
4,264.0000,47,38,302.5912,-78.2854,-0.9919,33,0.8250,0.5000,6,5,1,0,0,5,1,0.8000
4,264.0000,47,42,641.2886,-86.8828,-0.7472,4,0.1000,0.8750,8,8,8,0,0,8,8,0.0000
4,264.0000,47,44,733.3660,-88.2021,0.5969,5,0.1250,1.0000,8,5,4,0,0,5,4,0.2000
4,264.0000,47,45,376.2025,-79.7498,-0.2909,18,0.4500,0.6667,6,7,5,0,0,7,5,0.2857
4,268.0000,0,1,655.5026,-85.0054,-0.7980,9,0.2250,1.0000,8,8,8,0,0,8,8,0.0000
4,268.0000,0,9,442.2934,-82.3745,-0.0146,20,0.5000,0.7500,8,6,3,0,0,6,3,0.5000
4,268.0000,0,15,369.2847,-79.8599,-0.4660,33,0.8250,0.3333,6,6,3,0,0,6,3,0.5000
4,268.0000,0,19,779.1236,-87.5373,-0.0519,7,0.1750,1.0000,8,8,8,0,0,8,8,0.0000
4,268.0000,0,21,727.4989,-86.4967,-1.2820,7,0.1750,1.0000,8,8,8,0,0,8,8,0.0000
4,268.0000,0,25,776.4676,-86.6190,0.5407,4,0.1000,1.0000,8,8,8,0,0,8,8,0.0000
4,268.0000,0,28,325.2678,-79.4643,-0.3787,30,0.7500,0.2000,5,8,5,0,0,8,5,0.3750
4,268.0000,0,30,123.8741,-72.9610,0.5768,39,0.9750,0.0000,4,4,0,0,0,4,0,1.0000
4,268.0000,0,32,888.7233,-86.4078,-0.2848,4,0.1000,1.0000,8,4,4,0,0,4,4,0.0000
4,268.0000,0,36,805.7664,-86.2256,0.7658,5,0.1250,1.0000,8,8,8,0,0,8,8,0.0000
4,268.0000,0,39,320.5396,-80.4576,-0.4608,29,0.7250,0.0000,4,6,2,0,0,6,2,0.6667
4,268.0000,0,40,178.5906,-75.0245,0.2232,38,0.9500,0.0000,4,4,0,0,0,4,0,1.0000
4,268.0000,0,44,571.7762,-84.1144,-0.5185,12,0.3000,0.8750,8,8,8,0,0,8,8,0.0000
4,268.0000,0,46,433.1566,-82.2631,0.1958,25,0.6250,0.8571,7,7,4,0,0,7,4,0.4286
4,268.0000,1,0,655.5026,-84.5878,0.0811,18,0.4500,0.8571,7,5,4,0,0,5,4,0.2000
4,268.0000,1,4,721.5441,-86.5685,-1.1215,3,0.0750,1.0000,8,8,8,0,0,8,8,0.0000
4,268.0000,1,6,615.1037,-87.4826,-0.7154,3,0.0750,1.0000,8,8,8,0,0,8,8,0.0000
4,268.0000,1,8,762.4913,-85.4261,0.9380,4,0.1000,1.0000,8,8,8,0,0,8,8,0.0000
4,268.0000,1,9,345.3801,-80.0764,0.3904,23,0.5750,0.0000,4,6,3,0,0,6,3,0.5000
4,268.0000,1,13,234.8580,-78.4522,0.6329,25,0.6250,0.4000,5,4,0,0,0,4,0,1.0000
4,268.0000,1,14,752.4093,-85.8480,0.1514,4,0.1000,1.0000,8,8,8,0,0,8,8,0.0000
4,268.0000,1,15,683.3235,-85.6213,0.2464,15,0.3750,0.8571,7,8,8,0,0,8,8,0.0000
4,268.0000,1,19,590.3513,-84.3936,0.4192,18,0.4500,0.7143,7,7,6,0,0,7,6,0.1429
4,268.0000,1,21,340.7091,-80.3217,0.4573,20,0.5000,0.5000,6,7,5,0,0,7,5,0.2857
4,268.0000,1,25,154.0855,-72.0235,-0.7264,32,0.8000,0.0000,4,4,0,0,0,4,0,1.0000
4,268.0000,1,27,637.7002,-85.4886,1.8853,5,0.1250,0.8571,7,8,8,0,0,8,8,0.0000
4,268.0000,1,28,581.9314,-84.4930,-0.2893,14,0.3500,0.8750,8,6,4,6,4,12,8,0.3333
4,268.0000,1,30,629.2448,-85.3651,-0.1996,15,0.3750,1.0000,8,7,6,0,0,7,6,0.1429
4,268.0000,1,31,417.0342,-82.1341,1.7070,10,0.2500,0.8571,7,6,4,0,0,6,4,0.3333
4,268.0000,1,32,268.2707,-77.9507,0.2098,25,0.6250,0.3333,6,6,3,0,0,6,3,0.5000
4,268.0000,1,36,326.2303,-80.0937,-0.0918,28,0.7000,0.3333,6,4,0,0,0,4,0,1.0000
4,268.0000,1,39,660.7948,-85.9186,0.1328,15,0.3750,1.0000,8,8,8,0,0,8,8,0.0000
4,268.0000,1,40,760.4245,-86.4582,0.0177,10,0.2500,1.0000,6,7,5,0,0,7,5,0.2857
4,268.0000,1,42,546.1782,-84.3348,2.0556,5,0.1250,0.8571,7,8,7,0,0,8,7,0.1250
4,268.0000,1,44,420.9414,-82.5119,0.2782,18,0.4500,0.8750,8,7,5,0,0,7,5,0.2857
4,268.0000,1,46,545.2583,-84.7247,0.4195,22,0.5500,0.7143,7,7,6,0,0,7,6,0.1429
4,268.0000,2,3,81.8139,-65.8633,0.4212,39,0.9512,0.3333,6,6,2,0,0,6,2,0.6667
4,268.0000,2,4,752.0872,-86.8958,-1.2759,5,0.1220,0.8571,7,8,8,0,0,8,8,0.0000
4,268.0000,2,5,824.2174,-86.9281,0.7855,7,0.1707,1.0000,6,6,6,0,0,6,6,0.0000
4,268.0000,2,6,868.2582,-85.9956,-2.0337,4,0.0976,1.0000,8,8,8,0,0,8,8,0.0000
4,268.0000,2,7,572.0263,-84.3183,0.2009,13,0.3171,1.0000,8,8,8,0,0,8,8,0.0000
4,268.0000,2,8,601.2473,-85.2534,0.2280,8,0.1951,0.8750,8,7,6,0,0,7,6,0.1429
4,268.0000,2,10,443.3255,-79.6880,-1.8642,17,0.4146,0.5000,6,7,6,0,0,7,6,0.1429
4,268.0000,2,11,302.7292,-77.6436,-0.0711,29,0.7073,0.3333,6,6,4,0,0,6,4,0.3333
4,268.0000,2,12,320.9948,-78.2710,-1.0331,30,0.7317,0.7143,7,7,5,0,0,7,5,0.2857
4,268.0000,2,13,1112.9145,-88.3292,0.5982,3,0.0732,,0,6,6,0,0,6,6,0.0000
4,268.0000,2,14,868.3165,-86.6565,-1.0100,4,0.0976,0.8571,7,8,8,0,0,8,8,0.0000
4,268.0000,2,17,279.9084,-75.2867,-1.3876,34,0.8293,0.2000,5,7,5,0,0,7,5,0.2857
4,268.0000,2,18,736.0224,-87.3542,-0.4957,3,0.0732,0.8750,8,7,6,0,0,7,6,0.1429
4,268.0000,2,20,320.5254,-78.6211,-1.0553,24,0.5854,0.9000,10,6,4,0,0,6,4,0.3333
4,268.0000,2,22,451.5579,-82.4511,-0.4723,17,0.4146,0.7143,7,8,7,0,0,8,7,0.1250
4,268.0000,2,23,320.8718,-79.5328,-0.4266,25,0.6098,0.8571,7,8,8,0,0,8,8,0.0000
4,268.0000,2,24,546.6884,-83.6468,-0.8069,9,0.2195,0.5714,7,7,5,0,0,7,5,0.2857
4,268.0000,2,26,931.5115,-88.0776,-0.2991,3,0.0732,1.0000,8,4,4,0,0,4,4,0.0000
4,268.0000,2,29,325.9658,-78.5604,-0.7440,30,0.7317,0.0000,3,9,7,0,0,9,7,0.2222
4,268.0000,2,31,916.4694,-87.8946,-2.1963,3,0.0732,1.0000,8,8,8,0,0,8,8,0.0000
4,268.0000,2,33,391.9701,-82.1989,0.5671,27,0.6585,0.0000,4,7,6,0,0,7,6,0.1429
4,268.0000,2,34,608.7126,-83.8933,-1.5628,11,0.2683,0.8571,7,8,7,0,0,8,7,0.1250
4,268.0000,2,35,974.6376,-88.9575,0.3481,4,0.0976,1.0000,8,8,8,0,0,8,8,0.0000
4,268.0000,2,37,688.3766,-85.8606,0.5090,10,0.2439,1.0000,8,5,4,0,0,5,4,0.2000
4,268.0000,2,41,933.8879,-86.8108,0.2708,4,0.0976,1.0000,6,4,4,0,0,4,4,0.0000
4,268.0000,2,43,304.4906,-79.2190,0.0033,31,0.7561,0.8571,7,6,3,0,0,6,3,0.5000
4,268.0000,2,45,523.9626,-83.1154,-0.3582,10,0.2439,1.0000,8,7,6,0,0,7,6,0.1429
4,268.0000,3,2,81.8139,-66.1672,-0.1069,33,0.8250,0.0000,4,4,0,0,0,4,0,1.0000
4,268.0000,3,4,759.5983,-87.0343,0.4378,4,0.1000,1.0000,6,8,8,0,0,8,8,0.0000
4,268.0000,3,5,756.8305,-86.8584,0.2481,8,0.2000,0.8571,7,8,8,0,0,8,8,0.0000
4,268.0000,3,7,536.5952,-83.4312,0.1270,16,0.4000,0.8750,8,5,2,0,0,5,2,0.6000
4,268.0000,3,8,597.5546,-85.8377,0.4353,10,0.2500,0.6667,6,6,4,0,0,6,4,0.3333
4,268.0000,3,10,379.2153,-78.8759,-0.7021,22,0.5500,0.5000,6,7,5,0,0,7,5,0.2857
4,268.0000,3,11,251.1717,-77.7710,0.3574,27,0.6750,0.4000,5,5,1,0,0,5,1,0.8000
4,268.0000,3,12,281.5089,-77.6104,-1.2660,33,0.8250,0.4000,5,7,4,0,0,7,4,0.4286
4,268.0000,3,14,801.7563,-85.5189,-0.4014,5,0.1250,1.0000,6,4,4,0,0,4,4,0.0000
4,268.0000,3,16,883.6411,-86.5663,0.6546,6,0.1500,1.0000,8,8,8,0,0,8,8,0.0000
4,268.0000,3,17,259.3389,-76.0350,-0.5924,32,0.8000,0.0000,4,5,1,0,0,5,1,0.8000
4,268.0000,3,18,669.8800,-86.3080,0.9027,6,0.1500,1.0000,8,8,8,0,0,8,8,0.0000
4,268.0000,3,20,290.7212,-79.3261,-0.0586,22,0.5500,0.7143,7,6,2,0,0,6,2,0.6667
4,268.0000,3,22,406.4159,-82.3845,-0.0896,18,0.4500,0.7143,7,7,6,0,0,7,6,0.1429
4,268.0000,3,23,285.2249,-79.0671,-0.4435,27,0.6750,0.5000,6,3,0,7,3,10,3,0.7000
4,268.0000,3,24,491.4827,-82.6784,-0.4056,11,0.2750,1.0000,8,8,7,0,0,8,7,0.1250
4,268.0000,3,26,869.0443,-87.5795,0.7409,5,0.1250,1.0000,6,6,6,0,0,6,6,0.0000
4,268.0000,3,29,288.1343,-76.3605,-1.2422,33,0.8250,0.2857,7,5,4,0,0,5,4,0.2000
4,268.0000,3,32,1044.4029,-88.9190,0.2169,3,0.0750,1.0000,4,8,8,0,0,8,8,0.0000
4,268.0000,3,33,387.6392,-80.7501,-0.3488,28,0.7000,0.4000,5,6,3,0,0,6,3,0.5000
4,268.0000,3,34,537.1085,-82.5261,-0.7706,13,0.3250,0.8571,7,8,8,0,0,8,8,0.0000
4,268.0000,3,35,912.3108,-87.6159,0.0739,6,0.1500,1.0000,8,6,6,0,0,6,6,0.0000
4,268.0000,3,37,610.6955,-83.9328,-0.0972,10,0.2500,0.7143,7,8,7,0,0,8,7,0.1250
4,268.0000,3,41,879.4336,-87.2527,-0.3701,8,0.2000,1.0000,8,8,8,0,0,8,8,0.0000
4,268.0000,3,43,283.0388,-78.8706,-0.2043,26,0.6500,0.3333,6,6,3,0,0,6,3,0.5000
4,268.0000,3,45,491.1704,-83.8641,0.4919,8,0.2000,0.8571,7,6,4,0,0,6,4,0.3333
4,268.0000,4,1,721.5441,-85.6913,-0.0922,6,0.1500,1.0000,6,8,7,0,0,8,7,0.1250
4,268.0000,4,2,752.0872,-87.3279,-0.8522,5,0.1250,1.0000,8,8,8,0,0,8,8,0.0000
4,268.0000,4,3,759.5983,-86.4055,-0.5329,5,0.1250,0.8571,7,8,8,0,0,8,8,0.0000
4,268.0000,4,6,471.4508,-83.6846,0.3695,10,0.2500,1.0000,8,7,6,0,0,7,6,0.1429
4,268.0000,4,8,183.8361,-74.5153,0.2840,30,0.7500,0.4286,7,7,4,0,0,7,4,0.4286
4,268.0000,4,9,936.4966,-89.0335,0.1046,5,0.1250,,0,6,6,0,0,6,6,0.0000
4,268.0000,4,10,735.1992,-87.3446,0.0297,6,0.1500,1.0000,8,8,8,0,0,8,8,0.0000
4,268.0000,4,11,624.7386,-86.1408,-0.2654,7,0.1750,1.0000,8,8,8,0,0,8,8,0.0000
4,268.0000,4,13,507.5539,-83.1452,0.4979,9,0.2250,1.0000,8,8,7,0,0,8,7,0.1250
4,268.0000,4,14,797.4444,-87.6173,-0.9147,6,0.1500,1.0000,8,8,8,0,0,8,8,0.0000
4,268.0000,4,16,904.7000,-88.7447,-0.0610,3,0.0750,1.0000,6,4,4,0,0,4,4,0.0000
4,268.0000,4,17,763.4984,-85.4670,0.4835,6,0.1500,1.0000,10,8,8,0,0,8,8,0.0000
4,268.0000,4,18,721.9918,-84.6827,-0.3132,7,0.1750,1.0000,8,6,4,0,0,6,4,0.3333
4,268.0000,4,19,1054.8059,-88.7281,-0.4368,4,0.1000,1.0000,6,4,4,0,0,4,4,0.0000
4,268.0000,4,20,524.9476,-83.2034,-0.2911,8,0.2000,0.6667,6,8,7,0,0,8,7,0.1250
4,268.0000,4,21,591.0991,-85.8708,0.3393,8,0.2000,1.0000,8,8,8,0,0,8,8,0.0000
4,268.0000,4,22,881.3658,-87.3927,0.8236,7,0.1750,1.0000,8,8,8,0,0,8,8,0.0000
4,268.0000,4,23,850.1226,-88.3867,-0.3524,3,0.0750,1.0000,8,6,6,0,0,6,6,0.0000
4,268.0000,4,24,580.9889,-85.1324,0.3735,7,0.1750,1.0000,8,7,6,0,0,7,6,0.1429
4,268.0000,4,25,583.1935,-86.3415,0.6921,10,0.2500,0.8750,8,8,8,0,0,8,8,0.0000
4,268.0000,4,27,795.7897,-85.6805,-0.0588,3,0.0750,0.8571,7,8,8,0,0,8,8,0.0000
4,268.0000,4,29,1042.8440,-88.7258,0.5415,4,0.1000,0.8571,7,8,8,0,0,8,8,0.0000
4,268.0000,4,31,475.7453,-82.0377,-0.0380,9,0.2250,0.8750,8,7,6,0,0,7,6,0.1429
4,268.0000,4,32,606.7118,-87.2946,0.5657,4,0.1000,0.8571,7,8,8,0,0,8,8,0.0000
4,268.0000,4,36,632.2083,-84.8202,-0.1168,13,0.3250,1.0000,8,8,8,0,0,8,8,0.0000
4,268.0000,4,42,221.7644,-76.4185,-0.3224,30,0.7500,0.5000,6,5,2,0,0,5,2,0.6000
4,268.0000,4,43,1032.9936,-88.0108,-0.4169,3,0.0750,1.0000,4,6,6,0,0,6,6,0.0000
4,268.0000,4,45,495.0635,-82.5281,-0.4291,13,0.3250,1.0000,8,8,8,0,0,8,8,0.0000
4,268.0000,4,47,615.4053,-85.6873,-2.5470,4,0.1000,1.0000,8,6,4,0,0,6,4,0.3333
4,268.0000,5,2,824.2174,-85.7747,0.7964,4,0.1000,1.0000,8,8,7,0,0,8,7,0.1250
4,268.0000,5,3,756.8305,-85.2514,-0.5718,5,0.1250,1.0000,10,6,6,0,0,6,6,0.0000
4,268.0000,5,7,482.9467,-82.2596,-0.6895,15,0.3750,0.3333,6,8,8,0,0,8,8,0.0000
4,268.0000,5,10,612.6573,-82.8940,0.5703,5,0.1250,0.8571,7,8,8,0,0,8,8,0.0000
4,268.0000,5,12,565.4699,-85.8292,0.0825,6,0.1500,0.8750,8,8,8,0,0,8,8,0.0000
4,268.0000,5,17,704.1789,-84.0630,0.0878,5,0.1250,1.0000,8,8,8,0,0,8,8,0.0000
4,268.0000,5,22,550.5532,-83.1618,0.3992,8,0.2000,0.7143,7,8,8,0,0,8,8,0.0000
4,268.0000,5,23,609.5762,-82.4477,2.1968,5,0.1250,1.0000,8,8,8,0,0,8,8,0.0000
4,268.0000,5,26,302.3561,-79.8160,-0.3008,26,0.6500,0.8571,7,6,3,0,0,6,3,0.5000
4,268.0000,5,29,581.4178,-83.8293,0.1455,8,0.2000,0.8571,7,8,8,0,0,8,8,0.0000
4,268.0000,5,33,705.4640,-84.8118,0.6743,7,0.1750,1.0000,8,8,7,0,0,8,7,0.1250
4,268.0000,5,34,250.8908,-76.4470,-0.1333,19,0.4750,0.4000,5,7,4,0,0,7,4,0.4286
4,268.0000,5,35,220.5071,-77.5130,0.6662,34,0.8500,0.0000,4,4,0,0,0,4,0,1.0000
4,268.0000,5,37,376.1441,-78.5723,-0.5501,18,0.4500,0.4000,5,6,4,0,0,6,4,0.3333
4,268.0000,5,41,259.4888,-78.6080,0.9303,32,0.8000,0.7143,7,5,1,0,0,5,1,0.8000
4,268.0000,5,43,611.8565,-84.9333,0.3290,9,0.2250,1.0000,8,7,6,0,0,7,6,0.1429
4,268.0000,6,1,615.1037,-85.9222,1.0005,9,0.2250,1.0000,6,8,7,0,0,8,7,0.1250
4,268.0000,6,2,868.2582,-86.8989,-0.8213,3,0.0750,1.0000,8,4,4,0,0,4,4,0.0000
4,268.0000,6,3,847.6323,-88.0296,0.3383,6,0.1500,0.8750,8,8,8,0,0,8,8,0.0000
4,268.0000,6,4,471.4508,-83.0414,0.0161,12,0.3000,0.8571,7,7,6,0,0,7,6,0.1429
4,268.0000,6,8,423.3674,-80.8869,-0.1265,14,0.3500,0.5714,7,6,4,0,0,6,4,0.3333
4,268.0000,6,9,920.6380,-88.3383,-0.5544,3,0.0750,1.0000,6,6,5,0,0,6,5,0.1667
4,268.0000,6,10,820.0117,-87.3564,0.4128,4,0.1000,0.7143,7,8,8,0,0,8,8,0.0000
4,268.0000,6,11,618.2428,-86.5059,-0.1611,8,0.2000,0.7143,7,7,6,0,0,7,6,0.1429
4,268.0000,6,13,405.3747,-81.2947,-0.5044,15,0.3750,0.7143,7,7,6,0,0,7,6,0.1429
4,268.0000,6,14,680.5831,-85.0821,-0.6143,6,0.1500,0.8571,7,8,7,0,0,8,7,0.1250
4,268.0000,6,17,948.9808,-87.9982,-0.9044,5,0.1250,1.0000,8,8,8,0,0,8,8,0.0000
4,268.0000,6,18,611.6664,-82.1976,-1.4169,10,0.2500,0.8571,7,7,6,0,0,7,6,0.1429
4,268.0000,6,19,911.5602,-88.7409,0.2417,6,0.1500,1.0000,6,4,4,0,0,4,4,0.0000
4,268.0000,6,20,671.6293,-86.5871,-0.0739,6,0.1500,1.0000,6,10,10,0,0,10,10,0.0000
4,268.0000,6,21,709.9245,-85.7270,0.0589,7,0.1750,0.8571,7,8,8,0,0,8,8,0.0000
4,268.0000,6,24,477.1379,-83.2125,-0.1160,9,0.2250,1.0000,8,7,6,0,0,7,6,0.1429
4,268.0000,6,25,512.4121,-84.9761,0.4230,11,0.2750,0.8571,7,7,6,0,0,7,6,0.1429
4,268.0000,6,27,807.6925,-86.6207,-0.0484,5,0.1250,1.0000,8,8,8,0,0,8,8,0.0000
4,268.0000,6,31,302.7506,-76.7419,-0.6573,28,0.7000,0.2000,5,6,3,0,0,6,3,0.5000
4,268.0000,6,32,446.5340,-81.9911,-0.2919,9,0.2250,0.6667,6,7,5,0,0,7,5,0.2857
4,268.0000,6,34,1141.0158,-89.2907,-0.1713,3,0.0750,1.0000,8,4,4,0,0,4,4,0.0000
4,268.0000,6,36,579.9529,-84.4022,-0.2049,12,0.3000,0.8571,7,8,8,0,0,8,8,0.0000
4,268.0000,6,37,1007.6781,-87.6463,0.6430,4,0.1000,0.7500,4,4,4,0,0,4,4,0.0000
4,268.0000,6,38,877.9779,-88.2720,0.3556,6,0.1500,1.0000,8,8,8,0,0,8,8,0.0000
4,268.0000,6,42,363.2577,-80.9989,-0.2123,17,0.4250,0.7143,7,8,8,0,0,8,8,0.0000
4,268.0000,6,45,687.0516,-84.9817,-1.5120,6,0.1500,0.8750,8,8,8,0,0,8,8,0.0000
4,268.0000,6,47,517.7499,-83.1400,-0.6288,7,0.1750,0.8571,7,7,6,0,0,7,6,0.1429
4,268.0000,7,2,572.0263,-84.9329,0.7078,10,0.2500,0.8571,7,7,6,0,0,7,6,0.1429
4,268.0000,7,3,536.5952,-84.4102,0.2933,11,0.2750,1.0000,8,8,8,0,0,8,8,0.0000
4,268.0000,7,5,482.9467,-81.8285,-0.8229,16,0.4000,0.8750,8,8,7,0,0,8,7,0.1250
4,268.0000,7,10,671.0284,-84.7795,0.5705,8,0.2000,1.0000,8,8,8,0,0,8,8,0.0000
4,268.0000,7,11,704.2251,-87.7917,-0.2149,7,0.1750,1.0000,8,8,8,0,0,8,8,0.0000
4,268.0000,7,12,439.5542,-82.4885,0.5820,10,0.2500,0.7143,7,5,2,0,0,5,2,0.6000
4,268.0000,7,14,1069.7364,-88.5904,-0.1991,3,0.0750,,0,8,8,0,0,8,8,0.0000
4,268.0000,7,17,593.2407,-85.1908,-0.0830,7,0.1750,1.0000,8,7,5,0,0,7,5,0.2857
4,268.0000,7,20,771.1600,-88.1078,0.5121,5,0.1250,1.0000,8,8,8,0,0,8,8,0.0000
4,268.0000,7,22,573.8801,-84.9891,0.5954,9,0.2250,0.5000,6,8,6,0,0,8,6,0.2500
4,268.0000,7,23,514.9544,-83.7651,-1.1888,14,0.3500,1.0000,8,8,7,0,0,8,7,0.1250
4,268.0000,7,24,884.6492,-87.2242,-0.3553,3,0.0750,0.8750,8,10,10,0,0,10,10,0.0000
4,268.0000,7,26,711.2354,-86.4294,-1.3710,8,0.2000,1.0000,8,8,8,0,0,8,8,0.0000
4,268.0000,7,29,251.4833,-78.1887,0.8115,24,0.6000,0.6667,6,6,4,0,0,6,4,0.3333
4,268.0000,7,33,266.2345,-78.0591,-0.4919,29,0.7250,0.2000,5,5,1,1,0,6,1,0.8333
4,268.0000,7,34,353.2463,-81.2885,-0.6299,20,0.5000,0.7143,7,7,6,0,0,7,6,0.1429
4,268.0000,7,35,648.2499,-85.3791,-0.3133,13,0.3250,0.8571,7,8,8,0,0,8,8,0.0000
4,268.0000,7,37,647.7616,-83.7500,-0.5439,11,0.2750,1.0000,8,8,8,0,0,8,8,0.0000
4,268.0000,7,41,582.7169,-84.7127,-0.8118,17,0.4250,0.8571,7,8,8,0,0,8,8,0.0000
4,268.0000,7,43,278.6228,-79.2609,0.7744,27,0.6750,0.5714,7,6,2,0,0,6,2,0.6667
4,268.0000,7,45,911.8482,-88.0683,-0.0998,4,0.1000,1.0000,8,8,8,0,0,8,8,0.0000
4,268.0000,8,1,762.4913,-86.6608,0.1010,8,0.2000,1.0000,6,8,8,0,0,8,8,0.0000
4,268.0000,8,2,601.2473,-85.3601,-0.4264,8,0.2000,0.6667,6,8,8,0,0,8,8,0.0000
4,268.0000,8,3,597.5546,-84.8838,-0.3077,9,0.2250,1.0000,8,8,8,0,0,8,8,0.0000
4,268.0000,8,4,183.8361,-74.6943,1.0204,36,0.9000,0.4000,5,5,1,0,0,5,1,0.8000
4,268.0000,8,6,423.3674,-81.2291,0.1358,17,0.4250,0.8571,7,7,6,0,0,7,6,0.1429
4,268.0000,8,10,570.6689,-84.8474,-1.2862,9,0.2250,0.8571,7,8,7,0,0,8,7,0.1250
4,268.0000,8,11,443.9343,-82.2152,0.2726,11,0.2750,1.0000,8,6,4,0,0,6,4,0.3333
4,268.0000,8,12,754.2113,-87.0415,5.9393,3,0.0750,1.0000,8,8,8,0,0,8,8,0.0000
4,268.0000,8,13,546.8694,-83.0859,-1.5280,19,0.4750,0.8571,7,8,8,0,0,8,8,0.0000
4,268.0000,8,14,666.6991,-85.5718,-0.3119,8,0.2000,0.8750,8,8,8,0,0,8,8,0.0000
4,268.0000,8,16,797.1503,-87.9442,-0.8273,6,0.1500,1.0000,6,6,6,0,0,6,6,0.0000
4,268.0000,8,17,619.5997,-84.4944,-0.2502,9,0.2250,0.8571,7,7,6,0,0,7,6,0.1429
4,268.0000,8,18,572.3201,-84.4494,-2.0438,9,0.2250,0.5714,7,8,7,0,0,8,7,0.1250
4,268.0000,8,20,359.2249,-80.6826,0.6976,13,0.3250,0.6667,6,5,2,0,0,5,2,0.6000
4,268.0000,8,21,647.5180,-85.8870,0.8751,11,0.2750,1.0000,8,7,6,0,0,7,6,0.1429
4,268.0000,8,22,733.5110,-87.2108,0.6609,6,0.1500,1.0000,8,8,8,0,0,8,8,0.0000
4,268.0000,8,23,699.3209,-87.7041,-1.0150,3,0.0750,1.0000,8,7,6,0,0,7,6,0.1429
4,268.0000,8,24,406.9632,-82.2164,-0.1211,12,0.3000,0.8750,8,7,4,0,0,7,4,0.4286
4,268.0000,8,25,613.1687,-85.1427,-1.3491,13,0.3250,0.7143,7,7,5,0,0,7,5,0.2857
4,268.0000,8,27,724.9832,-85.7949,-2.4723,9,0.2250,1.0000,8,8,8,0,0,8,8,0.0000
4,268.0000,8,29,874.8003,-87.9663,0.2870,4,0.1000,1.0000,8,4,4,0,0,4,4,0.0000
4,268.0000,8,31,425.7981,-81.6832,-0.7605,21,0.5250,0.8571,7,6,4,0,0,6,4,0.3333
4,268.0000,8,32,585.7619,-85.1084,0.2249,13,0.3250,1.0000,8,8,8,0,0,8,8,0.0000
4,268.0000,8,33,982.6157,-88.6408,-0.0619,3,0.0750,1.0000,4,4,4,0,0,4,4,0.0000
4,268.0000,8,34,984.9991,-87.8040,-0.0644,4,0.1000,1.0000,6,4,4,0,0,4,4,0.0000
4,268.0000,8,36,733.8630,-85.8577,0.0819,8,0.2000,0.8750,8,4,4,0,0,4,4,0.0000
4,268.0000,8,37,857.1949,-87.5948,-2.7283,4,0.1000,1.0000,8,4,4,0,0,4,4,0.0000
4,268.0000,8,38,803.4788,-86.7715,-0.4219,6,0.1500,1.0000,8,8,8,0,0,8,8,0.0000
4,268.0000,8,42,329.1598,-79.3344,-0.3337,28,0.7000,0.6667,6,8,7,0,0,8,7,0.1250
4,268.0000,8,44,934.7900,-89.0037,1.2512,3,0.0750,1.0000,6,8,7,0,0,8,7,0.1250
4,268.0000,8,45,360.5199,-79.1845,-0.5502,16,0.4000,0.7143,7,8,8,0,0,8,8,0.0000
4,268.0000,8,47,519.8206,-84.2217,0.7532,14,0.3500,0.7143,7,6,6,0,0,6,6,0.0000
4,268.0000,9,0,442.2934,-82.1078,0.1521,27,0.6750,0.8571,7,7,5,0,0,7,5,0.2857
4,268.0000,9,1,345.3801,-80.3555,-0.3672,20,0.5000,0.5714,7,7,5,0,0,7,5,0.2857
4,268.0000,9,13,540.9420,-84.4674,0.7780,8,0.2000,1.0000,8,8,8,0,0,8,8,0.0000
4,268.0000,9,15,630.3854,-84.0167,-0.1737,19,0.4750,0.7500,8,8,7,0,0,8,7,0.1250
4,268.0000,9,19,803.7866,-87.4440,0.1086,5,0.1250,1.0000,8,8,8,0,0,8,8,0.0000
4,268.0000,9,21,367.2680,-79.4100,-0.3432,25,0.6250,0.8571,7,8,8,0,0,8,8,0.0000
4,268.0000,9,25,415.0102,-80.6120,-0.5132,18,0.4500,0.7143,7,8,6,0,0,8,6,0.2500
4,268.0000,9,27,585.6052,-85.3519,0.0508,4,0.1000,1.0000,8,7,6,0,0,7,6,0.1429
4,268.0000,9,28,543.1157,-83.8849,0.1661,20,0.5000,0.8750,8,7,6,0,0,7,6,0.1429
4,268.0000,9,30,377.9362,-81.6907,0.6367,27,0.6750,0.6667,6,8,8,0,0,8,8,0.0000
4,268.0000,9,32,495.1279,-81.2509,-1.4298,5,0.1250,0.4000,5,8,7,0,0,8,7,0.1250
4,268.0000,9,36,616.2417,-85.3021,-0.5246,6,0.1500,0.8571,7,8,8,0,0,8,8,0.0000
4,268.0000,9,39,558.0036,-83.7383,0.4140,20,0.5000,0.8571,7,6,4,0,0,6,4,0.3333
4,268.0000,9,40,600.4639,-84.7700,-0.4747,17,0.4250,1.0000,8,8,8,0,0,8,8,0.0000
4,268.0000,9,44,157.1420,-73.7649,0.8721,34,0.8500,0.0000,4,4,0,1,0,5,0,1.0000
4,268.0000,9,46,587.3568,-85.1890,0.5724,12,0.3000,0.8571,7,8,8,0,0,8,8,0.0000
4,268.0000,9,47,660.9858,-85.9022,-2.1198,3,0.0750,1.0000,8,8,8,0,0,8,8,0.0000
4,268.0000,10,1,1086.2430,-89.0379,0.4646,6,0.1500,,0,4,4,0,0,4,4,0.0000
4,268.0000,10,2,443.3255,-79.4750,-1.6912,26,0.6500,0.4000,5,8,8,0,0,8,8,0.0000
4,268.0000,10,3,379.2153,-80.2026,-1.0966,23,0.5750,0.4000,5,8,7,0,0,8,7,0.1250
4,268.0000,10,4,735.1992,-87.2469,0.0864,7,0.1750,0.7143,7,7,6,0,0,7,6,0.1429
4,268.0000,10,5,612.6573,-83.7932,-0.1747,19,0.4750,0.6667,6,7,6,0,0,7,6,0.1429
4,268.0000,10,6,820.0117,-86.9155,0.9333,4,0.1000,1.0000,8,4,4,0,0,4,4,0.0000
4,268.0000,10,7,671.0284,-84.7462,-0.6952,14,0.3500,1.0000,8,8,8,0,0,8,8,0.0000
4,268.0000,10,8,570.6689,-85.4382,-0.1671,8,0.2000,0.8571,7,8,8,0,0,8,8,0.0000
4,268.0000,10,11,335.3886,-79.7868,0.3526,26,0.6500,0.7500,8,8,7,0,0,8,7,0.1250
4,268.0000,10,12,317.7617,-77.4105,-1.3165,33,0.8250,0.4000,5,7,6,0,0,7,6,0.1429
4,268.0000,10,13,939.7878,-88.9592,0.4654,3,0.0750,1.0000,6,6,6,0,0,6,6,0.0000
4,268.0000,10,14,501.3156,-83.4220,0.6482,13,0.3250,1.0000,8,6,4,0,0,6,4,0.3333
4,268.0000,10,16,507.9315,-83.7141,0.8004,15,0.3750,0.7500,8,8,8,0,0,8,8,0.0000
4,268.0000,10,17,285.7202,-78.4101,0.3169,34,0.8500,0.0000,5,4,1,0,0,4,1,0.7500
4,268.0000,10,18,401.2843,-82.5126,-0.9378,12,0.3000,0.8571,7,8,6,0,0,8,6,0.2500
4,268.0000,10,20,258.6962,-75.2613,-0.6777,34,0.8500,0.2000,5,8,8,0,0,8,8,0.0000
4,268.0000,10,22,238.6755,-78.2293,1.0024,30,0.7500,0.7143,7,7,4,0,0,7,4,0.4286
4,268.0000,10,23,278.8281,-78.0728,-0.3479,31,0.7750,0.6667,6,8,6,0,0,8,6,0.2500
4,268.0000,10,24,370.2711,-80.0131,0.0589,18,0.4500,0.6667,6,8,7,0,0,8,7,0.1250
4,268.0000,10,26,622.3696,-84.9013,-0.5289,13,0.3250,0.8750,8,8,7,0,0,8,7,0.1250
4,268.0000,10,27,655.5982,-87.6820,1.2462,6,0.1500,0.8750,8,8,7,0,0,8,7,0.1250
4,268.0000,10,29,502.4300,-82.3215,-0.5801,25,0.6250,0.4000,5,6,4,0,0,6,4,0.3333
4,268.0000,10,31,721.2916,-87.2043,0.6637,5,0.1250,1.0000,8,8,8,0,0,8,8,0.0000
4,268.0000,10,32,842.6657,-86.5834,-1.1136,4,0.1000,1.0000,6,6,6,0,0,6,6,0.0000
4,268.0000,10,33,665.6396,-85.2015,-0.3860,16,0.4000,0.8571,7,6,4,0,0,6,4,0.3333
4,268.0000,10,34,464.9946,-81.7213,-0.4855,24,0.6000,0.6667,6,8,8,2,1,10,9,0.1000
4,268.0000,10,35,720.8039,-87.3677,0.2230,10,0.2500,0.8750,8,5,4,0,0,5,4,0.2000
4,268.0000,10,37,327.6897,-80.0030,-0.3924,27,0.6750,0.8750,8,6,3,0,0,6,3,0.5000
4,268.0000,10,38,615.7925,-84.0357,-0.1392,13,0.3250,0.7143,7,7,6,0,0,7,6,0.1429
4,268.0000,10,41,730.1267,-86.5374,0.5616,14,0.3500,1.0000,8,4,4,0,0,4,4,0.0000
4,268.0000,10,42,865.5365,-87.4919,-0.1759,5,0.1250,1.0000,6,8,7,0,0,8,7,0.1250
4,268.0000,10,43,506.2608,-84.3965,0.6019,20,0.5000,0.6667,6,7,6,0,0,7,6,0.1429
4,268.0000,10,45,272.8382,-79.2860,1.4336,22,0.5500,0.7143,7,4,0,0,0,4,0,1.0000
4,268.0000,10,47,578.0679,-84.9184,0.9738,8,0.2000,0.8750,8,4,2,0,0,4,2,0.5000
4,268.0000,11,2,302.7292,-78.1351,-0.7104,29,0.7250,0.5000,6,6,3,0,0,6,3,0.5000
4,268.0000,11,3,251.1717,-77.0741,0.0708,30,0.7500,0.5714,7,6,4,0,0,6,4,0.3333
4,268.0000,11,4,624.7386,-85.0613,-0.2534,10,0.2500,0.8750,8,7,6,0,0,7,6,0.1429
4,268.0000,11,5,812.7198,-87.1370,0.1010,8,0.2000,1.0000,2,8,8,0,0,8,8,0.0000
4,268.0000,11,6,618.2428,-85.9430,-0.1306,10,0.2500,1.0000,8,7,6,0,0,7,6,0.1429
4,268.0000,11,7,704.2251,-86.4828,-0.1925,11,0.2750,1.0000,8,8,8,0,0,8,8,0.0000
4,268.0000,11,8,443.9343,-83.3208,0.4968,14,0.3500,0.6667,6,6,3,0,0,6,3,0.5000
4,268.0000,11,10,335.3886,-79.4385,-0.4198,20,0.5000,0.8571,7,6,4,0,0,6,4,0.3333
4,268.0000,11,12,448.5862,-82.8082,0.7265,16,0.4000,0.7143,7,8,7,0,0,8,7,0.1250
4,268.0000,11,13,870.6649,-87.4174,-0.3962,8,0.2000,1.0000,2,8,8,0,0,8,8,0.0000
4,268.0000,11,14,605.7608,-85.1237,-2.2826,6,0.1500,1.0000,8,8,8,0,0,8,8,0.0000
4,268.0000,11,16,768.7789,-87.9960,-0.3679,9,0.2250,0.8750,8,8,8,0,0,8,8,0.0000
4,268.0000,11,17,398.9107,-81.9346,0.3537,19,0.4750,0.8750,8,7,6,0,0,7,6,0.1429
4,268.0000,11,18,467.1566,-83.7115,0.4692,13,0.3250,1.0000,8,8,6,0,0,8,6,0.2500
4,268.0000,11,20,219.7826,-77.2565,-0.0710,29,0.7250,0.3333,6,4,0,0,0,4,0,1.0000
4,268.0000,11,21,985.3742,-87.3522,10.9582,3,0.0750,,0,4,4,0,0,4,4,0.0000
4,268.0000,11,22,497.5421,-84.7204,0.2686,13,0.3250,1.0000,8,8,6,0,0,8,6,0.2500
4,268.0000,11,23,432.0305,-82.8208,-0.3801,19,0.4750,0.7143,7,7,5,0,0,7,5,0.2857
4,268.0000,11,24,251.4018,-78.6846,0.6376,24,0.6000,0.5714,7,4,1,0,0,4,1,0.7500
4,268.0000,11,26,913.2353,-88.0423,0.2488,7,0.1750,1.0000,8,4,4,0,0,4,4,0.0000
4,268.0000,11,27,822.1356,-87.8576,-0.0390,4,0.1000,1.0000,8,8,8,0,0,8,8,0.0000
4,268.0000,11,29,470.7522,-81.6747,0.1898,21,0.5250,0.6667,6,7,5,0,0,7,5,0.2857
4,268.0000,11,31,650.5917,-84.3068,-0.0355,10,0.2500,1.0000,10,5,4,0,0,5,4,0.2000
4,268.0000,11,32,815.5614,-87.6560,-1.1738,5,0.1250,1.0000,6,8,8,0,0,8,8,0.0000
4,268.0000,11,33,595.8921,-84.7062,-0.6707,11,0.2750,0.7143,7,7,6,0,0,7,6,0.1429
4,268.0000,11,34,587.4120,-84.6205,-0.2042,14,0.3500,0.8750,8,8,7,0,0,8,7,0.1250
4,268.0000,11,36,1107.8919,-88.4252,0.0313,5,0.1250,1.0000,4,2,2,0,0,2,2,0.0000
4,268.0000,11,37,563.5507,-85.3348,0.2428,14,0.3500,1.0000,8,8,8,0,0,8,8,0.0000
4,268.0000,11,38,811.4837,-86.2846,-0.1691,6,0.1500,1.0000,6,8,8,0,0,8,8,0.0000
4,268.0000,11,41,976.4985,-87.6508,-0.0838,5,0.1250,,0,4,4,0,0,4,4,0.0000
4,268.0000,11,42,741.6648,-86.8176,-0.6073,8,0.2000,1.0000,10,8,8,0,0,8,8,0.0000
4,268.0000,11,43,500.5828,-84.0512,-0.6543,13,0.3250,0.8750,8,8,8,0,0,8,8,0.0000
4,268.0000,11,45,396.1744,-82.9522,0.5869,18,0.4500,0.8571,7,7,6,0,0,7,6,0.1429
4,268.0000,11,47,617.9218,-85.3675,0.6094,9,0.2250,1.0000,8,7,6,0,0,7,6,0.1429
4,268.0000,12,2,320.9948,-77.6773,-0.1482,29,0.7250,0.5000,6,6,3,0,0,6,3,0.5000
4,268.0000,12,3,281.5089,-77.0810,-0.7335,35,0.8750,0.5000,6,5,1,0,0,5,1,0.8000
4,268.0000,12,4,909.8384,-86.1621,1.3096,6,0.1500,1.0000,6,8,8,0,0,8,8,0.0000
4,268.0000,12,5,565.4699,-83.1802,0.2002,13,0.3250,0.7143,7,8,8,0,0,8,8,0.0000
4,268.0000,12,6,1043.4039,-87.4744,-0.4072,3,0.0750,1.0000,8,2,2,0,0,2,2,0.0000
4,268.0000,12,7,439.5542,-84.1728,0.6130,23,0.5750,0.5714,7,7,6,0,0,7,6,0.1429
4,268.0000,12,8,754.2113,-87.0638,0.4844,6,0.1500,1.0000,8,8,8,0,0,8,8,0.0000
4,268.0000,12,10,317.7617,-77.1996,-1.2594,28,0.7000,0.7143,7,8,8,0,0,8,8,0.0000
4,268.0000,12,11,448.5862,-81.2361,0.1334,20,0.5000,0.8571,7,8,8,0,0,8,8,0.0000
4,268.0000,12,14,811.5594,-86.5445,-0.6902,3,0.0750,0.8750,8,8,8,0,0,8,8,0.0000
4,268.0000,12,16,785.2156,-86.5642,-1.2201,7,0.1750,1.0000,8,6,6,0,0,6,6,0.0000
4,268.0000,12,17,163.6250,-73.2116,0.0569,34,0.8500,0.4286,7,5,2,0,0,5,2,0.6000
4,268.0000,12,18,705.3279,-86.6388,0.6777,6,0.1500,0.8571,7,8,8,0,0,8,8,0.0000
4,268.0000,12,20,397.4395,-80.0910,-0.7160,18,0.4500,0.4000,5,7,4,0,0,7,4,0.4286
4,268.0000,12,22,179.6494,-74.0784,0.3508,34,0.8500,0.2000,5,4,0,0,0,4,0,1.0000
4,268.0000,12,23,75.4991,-64.5376,1.1734,37,0.9250,0.0000,4,6,3,0,0,6,3,0.5000
4,268.0000,12,24,618.1543,-84.0923,0.8027,8,0.2000,1.0000,8,8,8,0,0,8,8,0.0000
4,268.0000,12,26,629.1906,-84.8662,-0.2127,17,0.4250,0.7143,7,5,4,0,0,5,4,0.2000
4,268.0000,12,27,964.1788,-87.0416,-0.4147,3,0.0750,0.7500,4,4,4,0,0,4,4,0.0000
4,268.0000,12,29,287.0578,-79.1985,0.1958,30,0.7500,0.4091,44,5,2,4,2,9,4,0.5556
4,268.0000,12,33,416.9475,-82.7357,0.1126,24,0.6000,0.7143,7,5,2,0,0,5,2,0.6000
4,268.0000,12,34,414.2589,-81.4118,-0.0534,19,0.4750,0.8571,7,7,6,0,0,7,6,0.1429
4,268.0000,12,35,678.7899,-85.5935,-0.6126,11,0.2750,1.0000,8,7,6,0,0,7,6,0.1429
4,268.0000,12,37,487.0743,-82.4605,-0.3794,13,0.3250,0.8750,8,8,8,0,0,8,8,0.0000
4,268.0000,12,38,919.3897,-88.5261,-1.0576,4,0.1000,0.7500,8,4,4,0,0,4,4,0.0000
4,268.0000,12,41,630.3267,-85.7195,0.2046,16,0.4000,0.8750,8,8,8,0,0,8,8,0.0000
4,268.0000,12,43,240.1521,-79.4014,1.7368,31,0.7750,0.2000,5,5,1,0,0,5,1,0.8000
4,268.0000,12,45,507.5896,-83.6279,-0.6463,6,0.1500,0.6250,8,8,8,0,0,8,8,0.0000
4,268.0000,12,47,889.5898,-88.6122,-0.0217,5,0.1250,1.0000,8,8,8,0,0,8,8,0.0000
4,268.0000,13,0,872.5849,-88.5084,0.1397,4,0.1026,1.0000,4,8,8,0,0,8,8,0.0000
4,268.0000,13,1,234.8580,-77.6043,0.7834,31,0.7949,0.2000,5,4,0,0,0,4,0,1.0000
4,268.0000,13,4,507.5539,-83.4343,-1.0997,13,0.3333,0.7143,7,7,6,0,0,7,6,0.1429
4,268.0000,13,6,405.3747,-81.5986,0.1204,22,0.5641,0.7143,7,8,7,0,0,8,7,0.1250
4,268.0000,13,8,546.8694,-83.1891,-1.0340,12,0.3077,1.0000,10,6,6,0,0,6,6,0.0000
4,268.0000,13,9,540.9420,-84.0739,0.6050,12,0.3077,0.8571,7,8,8,0,0,8,8,0.0000
4,268.0000,13,14,687.1943,-85.7152,0.2270,6,0.1538,1.0000,8,8,8,0,0,8,8,0.0000
4,268.0000,13,15,897.8353,-88.2300,0.6988,3,0.0769,1.0000,8,2,2,0,0,2,2,0.0000
4,268.0000,13,16,875.3167,-89.0640,-0.2361,4,0.1026,1.0000,4,8,8,0,0,8,8,0.0000
4,268.0000,13,18,687.8737,-85.6522,-0.4385,5,0.1282,1.0000,8,8,8,0,0,8,8,0.0000
4,268.0000,13,19,666.9757,-85.8763,-1.0532,11,0.2821,0.8571,7,6,4,0,0,6,4,0.3333
4,268.0000,13,20,834.2443,-86.4497,-1.1646,3,0.0769,1.0000,6,4,4,0,0,4,4,0.0000
4,268.0000,13,21,356.5406,-82.5197,-0.3465,19,0.4872,1.0000,8,7,5,0,0,7,5,0.2857
4,268.0000,13,24,678.1153,-86.4887,-0.2775,5,0.1282,0.8750,8,8,8,0,0,8,8,0.0000
4,268.0000,13,25,132.5622,-74.1920,0.5606,33,0.8462,0.7143,7,5,1,0,0,5,1,0.8000
4,268.0000,13,27,638.4112,-85.6427,-0.2570,8,0.2051,0.8571,7,7,6,2,2,9,8,0.1111
4,268.0000,13,28,793.8109,-87.5862,0.0507,6,0.1538,1.0000,8,5,4,0,0,5,4,0.2000
4,268.0000,13,30,853.9614,-87.1477,-1.5870,4,0.1026,1.0000,4,4,4,0,0,4,4,0.0000
4,268.0000,13,31,249.3813,-77.1654,0.3569,30,0.7692,0.4000,5,6,3,0,0,6,3,0.5000
4,268.0000,13,32,211.7655,-78.3238,1.1465,33,0.8462,0.2000,5,4,0,0,0,4,0,1.0000
4,268.0000,13,36,283.7389,-79.4271,0.6785,32,0.8205,0.3333,6,5,2,0,0,5,2,0.6000
4,268.0000,13,38,765.6080,-86.4074,0.3197,4,0.1026,0.8750,8,10,10,0,0,10,10,0.0000
4,268.0000,13,39,888.3677,-87.5470,-1.1548,4,0.1026,0.5000,2,8,8,0,0,8,8,0.0000
4,268.0000,13,40,976.2790,-87.9440,0.2753,3,0.0769,,0,2,2,0,0,2,2,0.0000
4,268.0000,13,42,324.5892,-81.0369,0.5492,23,0.5897,0.2000,5,6,2,0,0,6,2,0.6667
4,268.0000,13,44,575.2230,-84.9874,0.1125,13,0.3333,1.0000,8,8,7,0,0,8,7,0.1250
4,268.0000,13,45,739.5450,-86.0089,1.8793,3,0.0769,1.0000,8,7,6,0,0,7,6,0.1429
4,268.0000,13,46,732.3116,-86.1746,0.7784,8,0.2051,1.0000,8,8,8,0,0,8,8,0.0000
4,268.0000,13,47,457.7353,-84.1425,1.1916,10,0.2564,1.0000,8,7,6,0,0,7,6,0.1429
4,268.0000,14,2,868.3165,-86.0862,-0.2996,5,0.1250,0.6667,6,8,8,0,0,8,8,0.0000
4,268.0000,14,3,801.7563,-88.1342,-0.4161,5,0.1250,1.0000,8,8,8,0,0,8,8,0.0000
4,268.0000,14,4,797.4444,-86.3867,-0.0851,7,0.1750,1.0000,8,4,4,0,0,4,4,0.0000
4,268.0000,14,5,862.2359,-87.1181,-1.1283,7,0.1750,1.0000,4,8,8,0,0,8,8,0.0000
4,268.0000,14,6,680.5831,-85.2829,-0.6077,10,0.2500,1.0000,8,8,8,0,0,8,8,0.0000
4,268.0000,14,8,666.6991,-87.3836,-0.0770,6,0.1500,0.8571,7,7,6,0,0,7,6,0.1429
4,268.0000,14,9,821.8259,-86.6915,-0.2162,5,0.1250,1.0000,8,6,6,0,0,6,6,0.0000
4,268.0000,14,10,501.3156,-84.1005,-0.4975,11,0.2750,0.8571,7,7,6,0,0,7,6,0.1429
4,268.0000,14,11,605.7608,-85.5168,0.6275,8,0.2000,1.0000,8,6,6,0,0,6,6,0.0000
4,268.0000,14,12,811.5594,-87.5920,-0.3282,5,0.1250,1.0000,8,6,6,0,0,6,6,0.0000
4,268.0000,14,13,687.1943,-86.3974,-0.0968,5,0.1250,1.0000,8,7,6,0,0,7,6,0.1429
4,268.0000,14,16,361.6727,-81.0573,0.6627,20,0.5000,0.2000,5,5,1,0,0,5,1,0.8000
4,268.0000,14,17,778.4914,-86.9072,0.5333,7,0.1750,1.0000,8,6,3,0,0,6,3,0.5000
4,268.0000,14,18,139.4550,-71.8969,-0.4320,30,0.7500,0.5000,6,5,2,0,0,5,2,0.6000
4,268.0000,14,20,608.5727,-85.2167,-1.1764,9,0.2250,0.8571,7,8,8,0,0,8,8,0.0000
4,268.0000,14,21,716.7037,-87.4729,0.0884,4,0.1000,1.0000,8,6,6,0,0,6,6,0.0000
4,268.0000,14,22,717.8255,-87.4859,-0.7300,8,0.2000,1.0000,8,7,6,0,0,7,6,0.1429
4,268.0000,14,23,779.8151,-86.2892,0.5287,5,0.1250,1.0000,8,8,8,0,0,8,8,0.0000
4,268.0000,14,24,385.4849,-78.8504,-0.8063,18,0.4500,0.6667,6,6,4,0,0,6,4,0.3333
4,268.0000,14,25,648.0188,-85.7259,0.2043,6,0.1500,1.0000,8,7,5,0,0,7,5,0.2857
4,268.0000,14,26,844.1898,-87.6090,-0.4936,4,0.1000,1.0000,8,4,4,0,0,4,4,0.0000
4,268.0000,14,27,331.1359,-80.8769,0.5681,20,0.5000,0.8571,7,6,3,0,0,6,3,0.5000
4,268.0000,14,31,470.7214,-82.2202,0.3343,10,0.2500,1.0000,8,7,5,0,0,7,5,0.2857
4,268.0000,14,32,504.6109,-84.6357,0.3876,9,0.2250,1.0000,8,8,7,0,0,8,7,0.1250
4,268.0000,14,33,1092.8681,-89.0301,0.2630,4,0.1000,,0,2,2,0,0,2,2,0.0000
4,268.0000,14,34,762.0263,-85.8003,-1.1977,6,0.1500,1.0000,8,6,6,0,0,6,6,0.0000
4,268.0000,14,35,953.8273,-87.7128,-0.5862,3,0.0750,1.0000,4,6,6,0,0,6,6,0.0000
4,268.0000,14,37,492.3374,-82.9245,-0.6860,13,0.3250,0.8571,7,8,8,0,0,8,8,0.0000
4,268.0000,14,38,270.4570,-78.6028,1.0299,27,0.6750,0.4000,5,4,0,0,0,4,0,1.0000
4,268.0000,14,42,798.3994,-87.5158,0.4359,6,0.1500,0.8571,7,8,8,0,0,8,8,0.0000
4,268.0000,14,43,962.1829,-87.7780,-1.7878,3,0.0750,1.0000,4,8,8,0,0,8,8,0.0000
4,268.0000,14,44,713.8802,-85.0057,-0.4453,4,0.1000,1.0000,4,7,6,0,0,7,6,0.1429
4,268.0000,14,45,512.1411,-83.1238,0.3169,11,0.2750,0.8571,7,8,6,0,0,8,6,0.2500
4,268.0000,14,47,234.0908,-75.3545,-0.5011,29,0.7250,0.0000,4,7,6,0,0,7,6,0.1429
4,268.0000,15,0,369.2847,-80.6269,-0.9837,27,0.6750,0.0000,4,5,2,0,0,5,2,0.6000
4,268.0000,15,1,683.3235,-85.5905,-0.5219,6,0.1500,0.6667,6,10,10,0,0,10,10,0.0000
4,268.0000,15,9,630.3854,-84.4155,-0.4528,7,0.1750,0.8750,8,8,8,0,0,8,8,0.0000
4,268.0000,15,19,581.8017,-85.9844,-0.1845,10,0.2500,1.0000,8,6,4,0,0,6,4,0.3333
4,268.0000,15,28,115.9208,-68.9213,0.7021,38,0.9500,0.2000,5,4,0,0,0,4,0,1.0000
4,268.0000,15,30,406.0121,-80.9140,-0.6398,30,0.7500,0.2000,5,9,7,0,0,9,7,0.2222
4,268.0000,15,32,929.3618,-88.1415,0.5412,3,0.0750,1.0000,8,8,8,0,0,8,8,0.0000
4,268.0000,15,36,784.6175,-87.8642,-0.5324,4,0.1000,1.0000,8,8,8,0,0,8,8,0.0000
4,268.0000,15,39,134.4372,-68.7461,-1.0617,40,1.0000,0.0000,4,5,1,0,0,5,1,0.8000
4,268.0000,15,40,278.8116,-78.9491,0.0630,38,0.9500,0.4000,5,5,1,0,0,5,1,0.8000
4,268.0000,15,44,776.0654,-86.0775,-0.1134,8,0.2000,0.8571,7,7,6,0,0,7,6,0.1429
4,268.0000,15,46,224.7538,-77.4143,0.5743,33,0.8250,0.3333,6,4,0,0,0,4,0,1.0000
4,268.0000,16,2,944.3325,-87.8534,-1.5062,3,0.0750,1.0000,6,2,2,0,0,2,2,0.0000
4,268.0000,16,3,883.6411,-87.3487,0.7480,4,0.1000,1.0000,8,8,8,0,0,8,8,0.0000
4,268.0000,16,5,812.3811,-87.8860,-0.0482,6,0.1500,1.0000,6,5,4,0,0,5,4,0.2000
4,268.0000,16,6,957.0956,-87.8546,-1.4032,4,0.1000,1.0000,8,8,8,0,0,8,8,0.0000
4,268.0000,16,7,1096.0990,-89.0203,-0.0485,3,0.0750,1.0000,6,6,6,0,0,6,6,0.0000
4,268.0000,16,8,797.1503,-87.8174,0.7724,3,0.0750,1.0000,8,8,8,0,0,8,8,0.0000
4,268.0000,16,9,860.7008,-87.3109,-0.8360,6,0.1500,,0,4,4,0,0,4,4,0.0000
4,268.0000,16,10,507.9315,-85.0616,0.8122,9,0.2250,1.0000,8,8,8,0,0,8,8,0.0000
4,268.0000,16,11,768.7789,-86.8630,1.3819,4,0.1000,1.0000,8,6,6,0,0,6,6,0.0000
4,268.0000,16,12,785.2156,-87.1786,-0.0915,4,0.1000,1.0000,8,6,5,0,0,6,5,0.1667
4,268.0000,16,14,361.6727,-80.8420,0.8894,15,0.3750,0.8571,7,7,6,0,0,7,6,0.1429
4,268.0000,16,17,750.7817,-85.8753,-1.0338,4,0.1000,1.0000,8,6,4,0,0,6,4,0.3333
4,268.0000,16,18,425.0520,-83.5919,0.7371,11,0.2750,0.6667,6,9,6,0,0,9,6,0.3333
4,268.0000,16,20,677.6075,-85.4138,1.0331,7,0.1750,1.0000,8,8,8,0,0,8,8,0.0000
4,268.0000,16,22,630.4288,-84.8147,-0.2692,9,0.2250,0.8571,7,8,8,0,0,8,8,0.0000
4,268.0000,16,23,742.2479,-87.1497,-0.9998,5,0.1250,1.0000,8,8,8,0,0,8,8,0.0000
4,268.0000,16,24,623.9311,-84.4663,-0.1696,11,0.2750,0.8571,7,8,8,0,0,8,8,0.0000
4,268.0000,16,25,806.2618,-86.6615,-0.2983,4,0.1000,1.0000,4,8,8,0,0,8,8,0.0000
4,268.0000,16,26,669.5290,-84.6697,-1.1853,15,0.3750,1.0000,8,6,6,0,0,6,6,0.0000
4,268.0000,16,27,283.3254,-79.1258,1.1629,20,0.5000,0.5714,7,5,2,92,31,97,33,0.6598
4,268.0000,16,29,984.6834,-87.3542,0.1810,5,0.1250,1.0000,4,4,4,0,0,4,4,0.0000
4,268.0000,16,31,709.1031,-87.0395,-0.8760,4,0.1000,1.0000,8,8,8,0,0,8,8,0.0000
4,268.0000,16,32,717.8937,-86.9026,-0.7881,4,0.1000,1.0000,8,8,8,0,0,8,8,0.0000
4,268.0000,16,34,794.6671,-86.1654,-0.6920,7,0.1750,1.0000,8,6,6,0,0,6,6,0.0000
4,268.0000,16,35,821.3821,-87.5551,-0.3616,10,0.2500,1.0000,8,6,6,0,0,6,6,0.0000
4,268.0000,16,37,486.7128,-83.6070,-0.0077,14,0.3500,0.8571,7,8,6,0,0,8,6,0.2500
4,268.0000,16,38,196.3272,-75.2223,0.7259,31,0.7750,0.0000,4,5,2,0,0,5,2,0.6000
4,268.0000,16,41,890.5339,-87.8582,-0.4022,6,0.1500,1.0000,8,4,4,0,0,4,4,0.0000
4,268.0000,16,42,955.9549,-89.0185,0.4586,3,0.0750,1.0000,8,8,8,0,0,8,8,0.0000
4,268.0000,16,44,716.5285,-87.1739,0.1243,6,0.1500,1.0000,6,5,4,0,0,5,4,0.2000
4,268.0000,16,45,512.4834,-84.2510,-3.0001,7,0.1750,0.9000,10,8,7,0,0,8,7,0.1250
4,268.0000,16,47,466.3554,-83.8041,0.3766,11,0.2750,0.7143,7,8,8,0,0,8,8,0.0000
4,268.0000,17,2,279.9084,-74.8127,-2.0268,33,0.8250,0.4286,7,6,3,0,0,6,3,0.5000
4,268.0000,17,3,259.3389,-76.2836,-0.5597,32,0.8000,0.4000,5,5,2,0,0,5,2,0.6000
4,268.0000,17,4,763.4984,-85.9390,-0.9173,9,0.2250,0.6667,6,6,6,0,0,6,6,0.0000
4,268.0000,17,5,704.1789,-85.2824,0.2908,9,0.2250,1.0000,8,8,8,0,0,8,8,0.0000
4,268.0000,17,6,948.9808,-89.2761,-0.0217,3,0.0750,1.0000,8,2,2,0,0,2,2,0.0000
4,268.0000,17,7,593.2407,-84.0108,0.2346,12,0.3000,0.8571,7,8,8,0,0,8,8,0.0000
4,268.0000,17,8,619.5997,-85.6962,-0.9734,9,0.2250,1.0000,8,7,6,0,0,7,6,0.1429
4,268.0000,17,10,285.7202,-78.7364,-0.0761,28,0.7000,0.8571,7,7,4,0,0,7,4,0.4286
4,268.0000,17,11,398.9107,-81.4577,0.0947,17,0.4250,0.8571,7,8,8,0,0,8,8,0.0000
4,268.0000,17,12,163.6250,-73.9505,0.3592,30,0.7500,0.2000,5,4,0,0,0,4,0,1.0000
4,268.0000,17,14,778.4914,-87.6202,-0.8845,8,0.2000,0.8571,7,8,8,0,0,8,8,0.0000
4,268.0000,17,16,750.7817,-86.0361,1.2447,5,0.1250,0.8333,6,8,8,0,0,8,8,0.0000
4,268.0000,17,18,669.8390,-85.5212,0.7697,7,0.1750,0.8571,7,8,7,0,0,8,7,0.1250
4,268.0000,17,20,279.3484,-78.7745,0.0704,27,0.6750,0.5000,6,7,5,0,0,7,5,0.2857
4,268.0000,17,22,201.1807,-77.7611,0.9651,27,0.6750,0.0000,4,6,2,0,0,6,2,0.6667
4,268.0000,17,23,99.2267,-73.1172,1.6898,32,0.8000,0.2000,5,4,0,0,0,4,0,1.0000
4,268.0000,17,24,562.0534,-83.8063,0.0374,14,0.3500,1.0000,8,8,7,0,0,8,7,0.1250
4,268.0000,17,26,727.8595,-86.5095,-0.0499,8,0.2000,0.8571,7,8,7,0,0,8,7,0.1250
4,268.0000,17,27,896.9631,-88.7729,0.1396,3,0.0750,1.0000,8,6,6,0,0,6,6,0.0000
4,268.0000,17,29,404.0113,-82.1281,-0.5959,19,0.4750,0.3333,6,6,4,0,0,6,4,0.3333
4,268.0000,17,33,519.8404,-82.6269,-0.4182,19,0.4750,1.0000,8,7,6,63,55,70,61,0.1286
4,268.0000,17,34,549.9923,-84.2049,-0.2112,13,0.3250,0.8571,7,8,7,0,0,8,7,0.1250
4,268.0000,17,35,804.2442,-87.2721,0.3197,10,0.2500,1.0000,8,4,3,0,0,4,3,0.2500
4,268.0000,17,37,552.0042,-84.1703,-0.9433,14,0.3500,0.4000,5,7,5,0,0,7,5,0.2857
4,268.0000,17,38,879.2718,-87.6957,0.3502,3,0.0750,1.0000,4,6,6,0,0,6,6,0.0000
4,268.0000,17,41,763.5376,-87.5032,-0.1238,8,0.2000,1.0000,8,7,6,0,0,7,6,0.1429
4,268.0000,17,42,944.6690,-88.2848,-0.5544,6,0.1500,1.0000,8,6,6,0,0,6,6,0.0000
4,268.0000,17,43,354.9948,-81.6925,0.3225,24,0.6000,0.5000,6,5,2,0,0,5,2,0.6000
4,268.0000,17,45,386.1956,-82.3377,-0.1631,15,0.3750,0.8571,7,7,5,0,0,7,5,0.2857
4,268.0000,18,1,794.3056,-87.5385,-0.2152,9,0.2250,0.6667,3,8,8,0,0,8,8,0.0000
4,268.0000,18,2,736.0224,-87.4154,-0.1381,7,0.1750,1.0000,8,8,8,0,0,8,8,0.0000
4,268.0000,18,3,669.8800,-85.9359,0.8619,8,0.2000,0.8571,7,8,8,0,0,8,8,0.0000
4,268.0000,18,4,721.9918,-86.5975,-0.3008,7,0.1750,0.8750,8,8,8,0,0,8,8,0.0000
4,268.0000,18,5,814.7363,-86.7536,0.7874,5,0.1250,,0,8,8,0,0,8,8,0.0000
4,268.0000,18,6,611.6664,-84.1148,-1.4169,13,0.3250,0.8571,7,6,6,0,0,6,6,0.0000
4,268.0000,18,7,966.0701,-86.6669,0.2977,4,0.1000,1.0000,2,10,10,0,0,10,10,0.0000
4,268.0000,18,8,572.3201,-83.8513,-0.4174,9,0.2250,0.8571,7,7,6,0,0,7,6,0.1429
4,268.0000,18,9,905.0907,-87.9476,0.4291,5,0.1250,1.0000,4,4,4,0,0,4,4,0.0000
4,268.0000,18,10,401.2843,-82.8748,0.8005,10,0.2500,0.7778,9,7,5,0,0,7,5,0.2857
4,268.0000,18,11,467.1566,-83.0085,0.7315,10,0.2500,1.0000,8,7,6,0,0,7,6,0.1429
4,268.0000,18,12,705.3279,-86.6058,-0.2955,8,0.2000,1.0000,8,8,8,0,0,8,8,0.0000
4,268.0000,18,13,687.8737,-85.6231,0.8585,7,0.1750,1.0000,8,8,8,0,0,8,8,0.0000
4,268.0000,18,14,139.4550,-71.4256,0.1327,34,0.8500,0.0000,4,4,0,0,0,4,0,1.0000
4,268.0000,18,16,425.0520,-83.7480,0.6607,10,0.2500,1.0000,8,6,4,0,0,6,4,0.3333
4,268.0000,18,17,669.8390,-86.8008,-0.1873,5,0.1250,1.0000,8,7,6,0,0,7,6,0.1429
4,268.0000,18,20,487.4680,-83.8319,-0.3187,11,0.2750,0.8571,7,8,8,0,0,8,8,0.0000
4,268.0000,18,21,750.0830,-85.9777,0.8317,8,0.2000,1.0000,6,6,6,0,0,6,6,0.0000
4,268.0000,18,22,632.3674,-84.8688,-0.5432,6,0.1500,1.0000,8,8,8,0,0,8,8,0.0000
4,268.0000,18,23,675.4057,-86.0484,-0.3416,8,0.2000,1.0000,8,8,7,0,0,8,7,0.1250
4,268.0000,18,24,251.0549,-75.7636,-0.4338,22,0.5500,0.2000,5,6,4,0,0,6,4,0.3333
4,268.0000,18,25,673.6805,-85.6469,0.9864,7,0.1750,0.8571,7,8,7,0,0,8,7,0.1250
4,268.0000,18,26,828.5375,-86.8038,-0.7213,6,0.1500,1.0000,8,8,7,0,0,8,7,0.1250
4,268.0000,18,27,426.0371,-81.8136,0.9012,15,0.3750,0.4000,5,7,6,0,0,7,6,0.1429
4,268.0000,18,29,804.8259,-88.0915,-0.8788,6,0.1500,1.0000,6,4,4,0,0,4,4,0.0000
4,268.0000,18,31,449.4798,-82.4397,-0.1346,14,0.3500,0.5000,6,8,8,0,0,8,8,0.0000
4,268.0000,18,32,532.1458,-83.6867,0.2201,11,0.2750,1.0000,8,7,6,0,0,7,6,0.1429
4,268.0000,18,33,969.1237,-88.1043,-0.1119,3,0.0750,1.0000,4,4,4,0,0,4,4,0.0000
4,268.0000,18,34,680.5313,-86.9284,0.2607,5,0.1250,1.0000,4,5,4,0,0,5,4,0.2000
4,268.0000,18,35,929.0973,-87.6935,0.8864,3,0.0750,1.0000,4,3,2,0,0,3,2,0.3333
4,268.0000,18,36,970.5687,-88.8003,-0.2128,4,0.1000,1.0000,8,5,5,0,0,5,5,0.0000
4,268.0000,18,37,445.2254,-83.6599,1.5954,9,0.2250,1.0000,8,5,2,0,0,5,2,0.6000
4,268.0000,18,38,384.8047,-80.9594,-0.3565,17,0.4250,0.6667,6,7,6,0,0,7,6,0.1429
4,268.0000,18,42,745.3894,-85.7896,0.1253,11,0.2750,1.0000,8,4,3,0,0,4,3,0.2500
4,268.0000,18,43,843.2104,-88.2010,-0.4796,6,0.1500,1.0000,6,8,6,0,0,8,6,0.2500
4,268.0000,18,44,807.1044,-87.9115,0.6584,8,0.2000,1.0000,4,6,6,0,0,6,6,0.0000
4,268.0000,18,45,426.7278,-80.2084,0.6683,8,0.2000,1.0000,8,8,7,0,0,8,7,0.1250
4,268.0000,18,47,257.1098,-74.0258,-1.2261,25,0.6250,0.2000,5,7,6,0,0,7,6,0.1429
4,268.0000,19,0,779.1236,-86.1378,-0.1351,13,0.3250,1.0000,8,6,6,0,0,6,6,0.0000
4,268.0000,19,1,590.3513,-86.1130,-0.2031,12,0.3000,1.0000,8,7,6,0,0,7,6,0.1429
4,268.0000,19,6,911.5602,-87.4030,1.2693,3,0.0750,1.0000,8,8,8,2,2,10,10,0.0000
4,268.0000,19,8,1153.4437,-88.9117,-0.1581,4,0.1000,1.0000,4,4,4,0,0,4,4,0.0000
4,268.0000,19,9,803.7866,-86.4960,0.0227,8,0.2000,1.0000,8,8,7,0,0,8,7,0.1250
4,268.0000,19,13,666.9757,-87.0938,-0.7909,8,0.2000,0.8571,7,8,8,0,0,8,8,0.0000
4,268.0000,19,15,581.8017,-85.7221,0.7639,18,0.4500,1.0000,8,7,5,0,0,7,5,0.2857
4,268.0000,19,25,697.5618,-86.0973,-0.5159,11,0.2750,1.0000,8,8,8,0,0,8,8,0.0000
4,268.0000,19,28,515.9160,-84.9703,0.2852,16,0.4000,0.8571,7,7,6,11,9,18,15,0.1667
4,268.0000,19,30,830.1378,-88.0693,-0.0884,6,0.1500,1.0000,6,8,8,0,0,8,8,0.0000
4,268.0000,19,31,894.4601,-88.6599,-0.7481,3,0.0750,1.0000,8,8,8,0,0,8,8,0.0000
4,268.0000,19,32,806.6952,-86.8859,0.6926,5,0.1250,0.8571,7,8,8,0,0,8,8,0.0000
4,268.0000,19,36,432.5777,-81.5990,0.3689,21,0.5250,0.8750,8,6,4,0,0,6,4,0.3333
4,268.0000,19,39,673.3258,-87.5394,-0.0098,14,0.3500,1.0000,8,8,8,0,0,8,8,0.0000
4,268.0000,19,40,749.4619,-86.4246,0.1543,9,0.2250,1.0000,6,8,8,0,0,8,8,0.0000
4,268.0000,19,42,838.5708,-88.7391,0.6378,6,0.1500,1.0000,6,8,8,0,0,8,8,0.0000
4,268.0000,19,44,942.1509,-88.4930,-0.2987,5,0.1250,1.0000,2,8,8,0,0,8,8,0.0000
4,268.0000,19,46,373.9106,-82.4224,0.1761,27,0.6750,0.6667,6,8,3,0,0,8,3,0.6250
4,268.0000,20,1,1020.3497,-88.4134,1.1705,4,0.0976,1.0000,4,4,4,0,0,4,4,0.0000
4,268.0000,20,2,320.5254,-79.6913,-1.1437,26,0.6341,0.6667,6,6,3,0,0,6,3,0.5000
4,268.0000,20,3,290.7212,-79.0657,0.0448,27,0.6585,0.5714,7,4,0,0,0,4,0,1.0000
4,268.0000,20,4,524.9476,-84.5583,0.4489,15,0.3659,1.0000,8,7,5,0,0,7,5,0.2857
4,268.0000,20,5,840.7205,-87.4738,-0.3123,7,0.1707,1.0000,6,6,6,0,0,6,6,0.0000
4,268.0000,20,6,671.6293,-85.9651,0.7484,10,0.2439,1.0000,8,6,6,0,0,6,6,0.0000
4,268.0000,20,7,771.1600,-86.3498,0.4273,8,0.1951,1.0000,8,7,6,0,0,7,6,0.1429
4,268.0000,20,8,359.2249,-80.9490,-0.2487,18,0.4390,0.8750,8,5,2,0,0,5,2,0.6000
4,268.0000,20,10,258.6962,-76.1544,-1.6154,27,0.6585,0.2000,5,6,4,0,0,6,4,0.3333
4,268.0000,20,11,219.7826,-77.0543,0.8673,32,0.7805,0.4000,5,5,1,2,0,7,1,0.8571
4,268.0000,20,12,397.4395,-79.8210,-0.2564,20,0.4878,0.5556,9,8,7,0,0,8,7,0.1250
4,268.0000,20,14,608.5727,-84.8365,-1.3910,10,0.2439,1.0000,8,8,8,0,0,8,8,0.0000
4,268.0000,20,16,677.6075,-85.8649,-0.6487,9,0.2195,1.0000,8,7,6,0,0,7,6,0.1429
4,268.0000,20,17,279.3484,-78.8716,0.1364,28,0.6829,0.5714,7,4,0,0,0,4,0,1.0000
4,268.0000,20,18,487.4680,-83.4930,0.6222,14,0.3415,0.8750,8,8,8,0,0,8,8,0.0000
4,268.0000,20,22,393.0866,-81.9813,-0.6567,18,0.4390,1.0000,8,7,4,0,0,7,4,0.4286
4,268.0000,20,23,346.4950,-81.0890,1.2677,18,0.4390,0.5000,6,6,3,0,0,6,3,0.5000
4,268.0000,20,24,327.7675,-78.7587,0.3022,21,0.5122,0.7500,8,6,4,0,0,6,4,0.3333
4,268.0000,20,25,867.9135,-88.4896,-2.8640,3,0.0732,0.8571,7,8,8,0,0,8,8,0.0000
4,268.0000,20,26,871.3292,-87.7150,-1.1642,4,0.0976,0.8750,8,8,8,0,0,8,8,0.0000
4,268.0000,20,27,739.9773,-86.1197,-0.2597,10,0.2439,0.6667,3,6,6,0,0,6,6,0.0000
4,268.0000,20,29,543.3851,-83.5746,-1.8107,14,0.3415,0.8750,8,8,8,0,0,8,8,0.0000
4,268.0000,20,31,639.4852,-86.7997,-0.6304,8,0.1951,0.7143,7,7,6,0,0,7,6,0.1429
4,268.0000,20,32,792.9397,-87.2253,-0.2644,6,0.1463,1.0000,6,7,5,0,0,7,5,0.2857
4,268.0000,20,33,670.6373,-85.9723,0.3903,11,0.2683,0.6667,6,7,4,0,0,7,4,0.4286
4,268.0000,20,34,653.5621,-85.5802,-0.8629,12,0.2927,0.8750,8,8,8,0,0,8,8,0.0000
4,268.0000,20,35,962.9094,-87.5404,-0.4907,5,0.1220,1.0000,6,8,8,0,0,8,8,0.0000
4,268.0000,20,37,574.6646,-84.1300,0.7495,12,0.2927,0.8000,5,8,7,0,0,8,7,0.1250
4,268.0000,20,38,751.7460,-86.8671,0.1353,7,0.1707,0.8571,7,6,5,0,0,6,5,0.1667
4,268.0000,20,41,955.3029,-88.0298,0.6435,5,0.1220,1.0000,2,2,2,0,0,2,2,0.0000
4,268.0000,20,42,683.1686,-86.7153,-1.4978,7,0.1707,1.0000,8,6,4,0,0,6,4,0.3333
4,268.0000,20,43,535.6787,-84.5723,0.8497,12,0.2927,1.0000,8,8,7,0,0,8,7,0.1250
4,268.0000,20,45,213.5985,-76.5413,0.5078,31,0.7561,0.2000,5,6,2,0,0,6,2,0.6667
4,268.0000,20,47,590.6109,-83.5867,-0.1949,12,0.2927,0.8750,8,7,5,0,0,7,5,0.2857
4,268.0000,21,0,727.4989,-86.8503,0.5744,14,0.3500,1.0000,8,8,8,0,0,8,8,0.0000
4,268.0000,21,1,340.7091,-79.9293,-0.1492,26,0.6500,0.4286,7,6,3,0,0,6,3,0.5000
4,268.0000,21,4,591.0991,-84.6849,1.3049,8,0.2000,1.0000,8,6,6,0,0,6,6,0.0000
4,268.0000,21,6,709.9245,-87.3347,-0.5724,6,0.1500,0.8571,7,8,8,0,0,8,8,0.0000
4,268.0000,21,8,647.5180,-84.8529,-0.1247,9,0.2250,1.0000,8,8,8,0,0,8,8,0.0000
4,268.0000,21,9,367.2680,-80.6124,-0.0593,23,0.5750,0.4286,7,8,5,0,0,8,5,0.3750
4,268.0000,21,13,356.5406,-80.5784,0.3549,22,0.5500,0.8571,7,6,4,0,0,6,4,0.3333
4,268.0000,21,14,716.7037,-88.0706,0.4128,3,0.0750,1.0000,8,8,7,0,0,8,7,0.1250
4,268.0000,21,16,746.9563,-88.1045,-0.1982,4,0.1000,1.0000,6,7,6,0,0,7,6,0.1429
4,268.0000,21,18,750.0830,-85.3174,-0.3580,4,0.1000,1.0000,8,7,6,0,0,7,6,0.1429
4,268.0000,21,19,840.1689,-87.2014,-0.7197,9,0.2250,0.8571,7,6,6,0,0,6,6,0.0000
4,268.0000,21,24,804.9540,-87.7287,0.4873,4,0.1000,1.0000,8,7,6,0,0,7,6,0.1429
4,268.0000,21,25,269.3979,-78.2309,0.4644,29,0.7250,0.6667,6,5,1,0,0,5,1,0.8000
4,268.0000,21,27,505.2872,-82.1206,0.4743,14,0.3500,1.0000,8,8,7,0,0,8,7,0.1250
4,268.0000,21,28,790.1652,-86.4242,-0.2245,9,0.2250,1.0000,8,2,2,0,0,2,2,0.0000
4,268.0000,21,30,704.7430,-86.1186,-0.2265,11,0.2750,1.0000,6,8,8,0,0,8,8,0.0000
4,268.0000,21,31,462.8285,-82.9097,0.4728,15,0.3750,0.8750,8,7,6,0,0,7,6,0.1429
4,268.0000,21,32,384.1187,-81.9013,0.1164,19,0.4750,0.7500,8,8,8,0,0,8,8,0.0000
4,268.0000,21,36,481.3317,-83.7508,0.5337,18,0.4500,0.8571,7,8,8,0,0,8,8,0.0000
4,268.0000,21,38,667.1780,-86.9063,0.5020,8,0.2000,1.0000,8,8,8,0,0,8,8,0.0000
4,268.0000,21,39,864.9869,-86.9663,0.9727,7,0.1750,1.0000,4,8,8,0,0,8,8,0.0000
4,268.0000,21,40,873.1453,-87.4233,-0.1201,6,0.1500,1.0000,6,4,4,0,0,4,4,0.0000
4,268.0000,21,42,505.3426,-84.5710,0.3892,13,0.3250,1.0000,8,7,6,0,0,7,6,0.1429
4,268.0000,21,44,364.6430,-79.6468,-0.3136,29,0.7250,0.6250,8,7,6,0,0,7,6,0.1429
4,268.0000,21,45,709.3452,-85.9158,-0.8447,4,0.1000,1.0000,8,8,8,0,0,8,8,0.0000
4,268.0000,21,46,773.5212,-87.7008,0.1865,6,0.1500,1.0000,8,3,2,0,0,3,2,0.3333
4,268.0000,21,47,509.0385,-83.7047,0.2267,11,0.2750,0.8750,8,8,7,0,0,8,7,0.1250
4,268.0000,22,2,451.5579,-82.2626,0.2153,16,0.4000,0.6667,6,7,5,0,0,7,5,0.2857
4,268.0000,22,3,406.4159,-81.7386,-0.2184,17,0.4250,0.4286,7,5,1,0,0,5,1,0.8000
4,268.0000,22,4,881.3658,-87.9874,-2.0857,5,0.1250,1.0000,6,7,6,0,0,7,6,0.1429
4,268.0000,22,5,550.5532,-82.8647,-0.3552,15,0.3750,0.8571,7,8,8,0,0,8,8,0.0000
4,268.0000,22,7,573.8801,-84.6954,-1.0142,17,0.4250,1.0000,8,8,8,0,0,8,8,0.0000
4,268.0000,22,8,733.5110,-86.7114,1.0543,5,0.1250,1.0000,8,8,8,0,0,8,8,0.0000
4,268.0000,22,10,238.6755,-77.4413,0.2720,22,0.5500,0.2000,5,6,3,1,0,7,3,0.5714
4,268.0000,22,11,497.5421,-84.4911,-0.4388,9,0.2250,0.6667,6,8,8,0,0,8,8,0.0000
4,268.0000,22,12,179.6494,-74.1365,-0.3094,34,0.8500,0.2000,5,4,0,0,0,4,0,1.0000
4,268.0000,22,14,717.8255,-86.7320,-0.7385,5,0.1250,0.8750,8,7,6,0,0,7,6,0.1429
4,268.0000,22,16,630.4288,-85.0779,0.2823,8,0.2000,0.7143,7,6,5,0,0,6,5,0.1667
4,268.0000,22,17,201.1807,-76.9000,0.7551,30,0.7500,0.4000,5,4,0,0,0,4,0,1.0000
4,268.0000,22,18,632.3674,-86.2498,1.3941,5,0.1250,0.8750,8,8,8,0,0,8,8,0.0000
4,268.0000,22,20,393.0866,-81.0958,-0.4274,14,0.3500,0.7143,7,7,5,0,0,7,5,0.2857
4,268.0000,22,23,140.8292,-71.4942,-0.0835,37,0.9250,0.0000,4,5,1,0,0,5,1,0.8000
4,268.0000,22,24,600.4338,-85.5708,0.1973,8,0.2000,0.8750,8,8,8,0,0,8,8,0.0000
4,268.0000,22,26,531.3814,-83.9527,-0.6678,18,0.4500,0.7500,8,7,6,0,0,7,6,0.1429
4,268.0000,22,27,828.0916,-87.4169,-1.4505,3,0.0750,1.0000,4,8,8,0,0,8,8,0.0000
4,268.0000,22,29,451.2592,-82.4569,-0.7117,19,0.4750,0.8571,7,6,3,0,0,6,3,0.5000
4,268.0000,22,33,593.0921,-85.2273,0.7767,11,0.2750,0.7143,7,8,8,0,0,8,8,0.0000
4,268.0000,22,34,451.7285,-82.0049,-0.8290,18,0.4500,0.7143,7,7,6,0,0,7,6,0.1429
4,268.0000,22,35,622.3023,-84.3567,-0.3865,12,0.3000,1.0000,8,8,7,0,0,8,7,0.1250
4,268.0000,22,37,410.0013,-80.9176,0.2767,17,0.4250,0.7143,7,7,5,0,0,7,5,0.2857
4,268.0000,22,38,782.2243,-88.7172,-0.2242,5,0.1250,0.8333,6,7,6,0,0,7,6,0.1429
4,268.0000,22,41,592.1557,-85.1736,-1.0186,17,0.4250,0.8571,7,7,6,0,0,7,6,0.1429
4,268.0000,22,43,416.4574,-82.7426,0.5135,19,0.4750,0.7143,7,7,5,0,0,7,5,0.2857
4,268.0000,22,45,421.7228,-83.8835,0.0612,9,0.2250,1.0000,8,7,6,0,0,7,6,0.1429
4,268.0000,22,47,800.8626,-88.0407,-0.8755,4,0.1000,1.0000,8,8,8,0,0,8,8,0.0000
4,268.0000,23,2,320.8718,-78.3704,-0.1335,25,0.6410,0.6667,6,4,2,0,0,4,2,0.5000
4,268.0000,23,3,285.2249,-78.9927,-0.1105,26,0.6667,0.5714,7,5,2,7,5,12,7,0.4167
4,268.0000,23,4,850.1226,-87.9870,-0.9605,6,0.1538,1.0000,6,8,8,0,0,8,8,0.0000
4,268.0000,23,5,609.5762,-84.1159,-0.7352,14,0.3590,0.8571,7,7,6,0,0,7,6,0.1429
4,268.0000,23,7,514.9544,-82.6725,0.0643,19,0.4872,0.8571,7,5,2,0,0,5,2,0.6000
4,268.0000,23,8,699.3209,-86.7137,-0.7185,9,0.2308,1.0000,5,8,5,0,0,8,5,0.3750
4,268.0000,23,10,278.8281,-78.2337,-0.3407,22,0.5641,0.5714,7,6,4,0,0,6,4,0.3333
4,268.0000,23,11,432.0305,-83.1621,-0.3214,15,0.3846,0.8571,7,7,5,0,0,7,5,0.2857
4,268.0000,23,12,75.4991,-64.1302,1.0146,36,0.9231,0.1429,35,4,0,4,1,8,1,0.8750
4,268.0000,23,14,779.8151,-87.5517,-0.9607,9,0.2308,0.6667,6,8,8,0,0,8,8,0.0000
4,268.0000,23,16,742.2479,-87.6515,-1.9401,8,0.2051,1.0000,8,8,8,0,0,8,8,0.0000
4,268.0000,23,17,99.2267,-73.0025,2.3367,34,0.8718,0.0000,4,4,0,35,2,39,2,0.9487
4,268.0000,23,18,675.4057,-85.2029,1.6465,7,0.1795,1.0000,8,8,6,0,0,8,6,0.2500
4,268.0000,23,20,346.4950,-81.0909,0.4666,16,0.4103,0.8750,8,6,3,0,0,6,3,0.5000
4,268.0000,23,22,140.8292,-71.9424,0.3774,37,0.9487,0.3333,6,5,1,1,0,6,1,0.8333
4,268.0000,23,24,589.6716,-84.4367,0.4447,11,0.2821,1.0000,10,6,4,0,0,6,4,0.3333
4,268.0000,23,26,643.8875,-85.2783,0.1411,16,0.4103,1.0000,8,8,8,0,0,8,8,0.0000
4,268.0000,23,27,913.5245,-89.0861,0.8327,4,0.1026,1.0000,4,4,4,0,0,4,4,0.0000
4,268.0000,23,29,352.1410,-80.3644,0.0169,24,0.6154,0.6667,6,8,6,0,0,8,6,0.2500
4,268.0000,23,31,955.5550,-88.5012,0.0935,4,0.1026,1.0000,8,8,8,0,0,8,8,0.0000
4,268.0000,23,33,480.3162,-82.5049,-0.9407,23,0.5897,0.7442,86,8,5,61,53,69,58,0.1594
4,268.0000,23,34,465.0660,-82.4651,-0.2557,18,0.4615,0.7143,7,8,8,0,0,8,8,0.0000
4,268.0000,23,35,710.9104,-86.9721,-0.3301,14,0.3590,0.7143,7,8,7,0,0,8,7,0.1250
4,268.0000,23,37,491.4101,-82.7651,-0.7761,14,0.3590,0.6667,6,7,6,0,0,7,6,0.1429
4,268.0000,23,38,878.1729,-86.4648,1.6938,5,0.1282,1.0000,8,6,6,0,0,6,6,0.0000
4,268.0000,23,41,667.7990,-85.3046,0.4090,16,0.4103,1.0000,8,6,5,0,0,6,5,0.1667
4,268.0000,23,42,1023.1940,-88.4880,0.4671,3,0.0769,1.0000,6,2,2,0,0,2,2,0.0000
4,268.0000,23,43,305.4471,-80.4235,0.6278,24,0.6154,0.6667,6,5,1,0,0,5,1,0.8000
4,268.0000,23,45,442.5891,-84.1470,0.7129,12,0.3077,1.0000,8,6,3,0,0,6,3,0.5000
4,268.0000,23,47,844.3545,-85.8047,-1.6412,4,0.1026,0.7143,7,8,8,0,0,8,8,0.0000
4,268.0000,24,2,546.6884,-84.7713,-0.9115,10,0.2500,0.7500,8,8,8,0,0,8,8,0.0000
4,268.0000,24,3,491.4827,-83.8502,-0.6411,13,0.3250,0.8571,7,6,4,0,0,6,4,0.3333
4,268.0000,24,4,580.9889,-84.5273,0.5788,8,0.2000,0.7143,7,7,5,0,0,7,5,0.2857
4,268.0000,24,5,868.3547,-87.7337,-0.2778,6,0.1500,0.8000,5,5,4,0,0,5,4,0.2000
4,268.0000,24,6,477.1379,-82.5951,-0.5099,15,0.3750,0.5000,6,6,4,0,0,6,4,0.3333
4,268.0000,24,7,884.6492,-87.6919,0.0934,6,0.1500,1.0000,6,8,8,0,0,8,8,0.0000
4,268.0000,24,8,406.9632,-81.8514,-0.5271,11,0.2750,0.5714,7,7,6,0,0,7,6,0.1429
4,268.0000,24,10,370.2711,-80.3542,-0.7938,18,0.4500,0.6667,6,6,3,0,0,6,3,0.5000
4,268.0000,24,11,251.4018,-78.4535,0.6699,22,0.5500,0.6667,6,5,1,0,0,5,1,0.8000
4,268.0000,24,12,618.1543,-84.5663,-1.1336,12,0.3000,0.8571,7,8,8,0,0,8,8,0.0000
4,268.0000,24,13,678.1153,-85.5798,-0.0519,7,0.1750,0.8571,7,7,6,0,0,7,6,0.1429
4,268.0000,24,14,385.4849,-78.9997,-1.0034,23,0.5750,0.2000,5,7,4,0,0,7,4,0.4286
4,268.0000,24,16,623.9311,-86.1322,-0.2763,9,0.2250,0.8571,7,8,8,0,0,8,8,0.0000
4,268.0000,24,17,562.0534,-84.0233,0.4592,12,0.3000,0.8571,7,8,7,0,0,8,7,0.1250
4,268.0000,24,18,251.0549,-76.4000,-0.6859,29,0.7250,0.2000,5,8,7,0,0,8,7,0.1250
4,268.0000,24,20,327.7675,-79.0305,0.8632,18,0.4500,0.8571,7,7,6,0,0,7,6,0.1429
4,268.0000,24,21,804.9540,-88.9045,-0.6878,4,0.1000,0.8333,6,7,6,0,0,7,6,0.1429
4,268.0000,24,22,600.4338,-84.2119,-0.0732,10,0.2500,0.8571,7,4,2,0,0,4,2,0.5000
4,268.0000,24,23,589.6716,-84.2374,0.5468,10,0.2500,0.6667,6,8,8,0,0,8,8,0.0000
4,268.0000,24,25,710.2150,-85.3483,0.0424,6,0.1500,1.0000,8,8,8,0,0,8,8,0.0000
4,268.0000,24,26,931.0186,-87.4358,0.4694,5,0.1250,1.0000,8,4,4,0,0,4,4,0.0000
4,268.0000,24,27,619.0687,-84.8423,0.5325,8,0.2000,0.8571,7,8,8,0,0,8,8,0.0000
4,268.0000,24,29,679.3872,-86.6459,-0.2034,8,0.2000,1.0000,8,6,4,0,0,6,4,0.3333
4,268.0000,24,31,437.1410,-82.9872,0.5838,13,0.3250,0.8571,7,7,6,0,0,7,6,0.1429
4,268.0000,24,32,587.4054,-86.1323,0.0911,6,0.1500,1.0000,8,7,6,0,0,7,6,0.1429
4,268.0000,24,33,823.8385,-86.5764,0.6015,9,0.2250,0.8571,7,4,4,0,0,4,4,0.0000
4,268.0000,24,34,674.9669,-84.6511,-0.9307,11,0.2750,1.0000,8,2,2,0,0,2,2,0.0000
4,268.0000,24,36,939.8702,-87.4557,0.1222,5,0.1250,1.0000,4,4,4,0,0,4,4,0.0000
4,268.0000,24,37,538.9066,-83.3572,-0.5833,14,0.3500,1.0000,8,8,8,0,0,8,8,0.0000
4,268.0000,24,38,615.5549,-83.3523,-0.6889,13,0.3250,1.0000,6,7,6,0,0,7,6,0.1429
4,268.0000,24,42,634.9662,-85.7931,0.6031,7,0.1750,1.0000,8,10,10,0,0,10,10,0.0000
4,268.0000,24,43,716.7431,-86.8426,1.1172,5,0.1250,1.0000,8,8,7,0,0,8,7,0.1250
4,268.0000,24,45,368.9648,-80.7482,-0.2239,20,0.5000,1.0000,8,8,7,0,0,8,7,0.1250
4,268.0000,24,47,381.2562,-79.4917,-1.0877,19,0.4750,0.5714,7,7,5,0,0,7,5,0.2857
4,268.0000,25,0,776.4676,-87.3313,-0.2096,11,0.2750,1.0000,8,6,6,0,0,6,6,0.0000
4,268.0000,25,1,154.0855,-71.7231,-0.1035,32,0.8000,0.0000,4,4,0,0,0,4,0,1.0000
4,268.0000,25,4,583.1935,-84.9637,-1.8069,8,0.2000,1.0000,8,8,8,0,0,8,8,0.0000
4,268.0000,25,6,512.4121,-85.0712,-0.0407,13,0.3250,0.6667,6,7,6,0,0,7,6,0.1429
4,268.0000,25,8,613.1687,-85.8870,-0.6538,5,0.1250,1.0000,8,8,8,0,0,8,8,0.0000
4,268.0000,25,9,415.0102,-82.2800,-0.0118,23,0.5750,0.5000,6,6,4,0,0,6,4,0.3333
4,268.0000,25,10,942.0585,-88.2645,-0.3968,3,0.0750,1.0000,6,8,8,0,0,8,8,0.0000
4,268.0000,25,11,918.2247,-89.2244,0.4228,4,0.1000,1.0000,6,2,2,0,0,2,2,0.0000
4,268.0000,25,13,132.5622,-73.9794,0.9847,35,0.8750,0.2000,5,4,0,0,0,4,0,1.0000
4,268.0000,25,14,648.0188,-85.7081,-0.3707,7,0.1750,0.8000,5,8,6,0,0,8,6,0.2500
4,268.0000,25,15,835.0919,-86.3385,-0.6085,10,0.2500,1.0000,6,5,4,0,0,5,4,0.2000
4,268.0000,25,16,806.2618,-86.3118,1.9339,3,0.0750,1.0000,2,7,6,0,0,7,6,0.1429
4,268.0000,25,18,673.6805,-85.5992,-0.8901,6,0.1500,1.0000,8,8,8,0,0,8,8,0.0000
4,268.0000,25,19,697.5618,-85.7111,-0.3870,17,0.4250,1.0000,8,6,6,0,0,6,6,0.0000
4,268.0000,25,20,867.9135,-87.1659,-0.2402,5,0.1250,0.5000,2,8,8,0,0,8,8,0.0000
4,268.0000,25,21,269.3979,-77.9878,0.3118,29,0.7250,0.2000,5,6,3,0,0,6,3,0.5000
4,268.0000,25,24,710.2150,-88.0652,-0.8212,6,0.1500,1.0000,8,8,8,0,0,8,8,0.0000
4,268.0000,25,27,549.2198,-84.3204,0.4437,16,0.4000,1.0000,12,6,3,0,0,6,3,0.5000
4,268.0000,25,28,731.6480,-86.7081,0.0725,16,0.4000,0.8889,9,6,6,0,0,6,6,0.0000
4,268.0000,25,31,285.5631,-79.8188,0.6677,20,0.5000,1.0000,8,5,1,0,0,5,1,0.8000
4,268.0000,25,32,168.5528,-74.1809,0.7688,36,0.9000,0.1667,6,5,2,0,0,5,2,0.6000
4,268.0000,25,36,346.4189,-81.6965,-0.0563,28,0.7000,0.6667,6,7,3,0,0,7,3,0.5714
4,268.0000,25,38,685.2206,-86.4061,-0.4806,7,0.1750,1.0000,6,8,8,0,0,8,8,0.0000
4,268.0000,25,39,809.7328,-86.3867,0.4299,13,0.3250,0.8750,8,7,6,0,0,7,6,0.1429
4,268.0000,25,40,894.4721,-87.4693,-0.4468,10,0.2500,1.0000,6,6,5,0,0,6,5,0.1667
4,268.0000,25,42,427.2730,-82.8329,-0.2268,18,0.4500,0.4000,5,6,4,0,0,6,4,0.3333
4,268.0000,25,44,442.8517,-83.0190,0.1887,21,0.5250,0.4000,5,7,6,0,0,7,6,0.1429
4,268.0000,25,45,745.3585,-86.7884,0.3067,5,0.1250,1.0000,8,8,8,0,0,8,8,0.0000
4,268.0000,25,46,692.0782,-86.1251,0.1051,15,0.3750,0.7143,7,4,2,0,0,4,2,0.5000
4,268.0000,25,47,423.0133,-85.2957,0.4120,10,0.2500,0.8750,8,5,1,0,0,5,1,0.8000
4,268.0000,26,2,931.5115,-87.2674,-0.0687,7,0.1795,1.0000,6,4,4,0,0,4,4,0.0000
4,268.0000,26,3,869.0443,-87.7331,-1.4399,7,0.1795,1.0000,8,6,6,0,0,6,6,0.0000
4,268.0000,26,5,302.3561,-78.7486,-0.5107,24,0.6154,0.4000,5,5,1,0,0,5,1,0.8000
4,268.0000,26,7,711.2354,-86.1221,-0.2718,12,0.3077,1.0000,8,8,8,0,0,8,8,0.0000
4,268.0000,26,10,622.3696,-85.8613,-0.7576,10,0.2564,0.7143,7,8,8,0,0,8,8,0.0000
4,268.0000,26,11,913.2353,-89.1403,0.3195,4,0.1026,1.0000,6,10,10,0,0,10,10,0.0000
4,268.0000,26,12,629.1906,-84.7507,-1.4778,13,0.3333,0.8571,7,8,7,0,0,8,7,0.1250
4,268.0000,26,14,844.1898,-87.2604,0.3175,7,0.1795,1.0000,8,8,8,0,0,8,8,0.0000
4,268.0000,26,16,669.5290,-85.9187,-1.1094,13,0.3333,1.0000,8,8,8,0,0,8,8,0.0000
4,268.0000,26,17,727.8595,-87.3074,-0.8490,8,0.2051,1.0000,8,8,8,0,0,8,8,0.0000
4,268.0000,26,18,828.5375,-87.6155,-0.0818,7,0.1795,1.0000,8,8,8,0,0,8,8,0.0000
4,268.0000,26,20,871.3292,-86.9586,-0.7833,6,0.1538,1.0000,8,8,8,0,0,8,8,0.0000
4,268.0000,26,22,531.3814,-83.8542,0.5150,14,0.3590,1.0000,8,7,6,0,0,7,6,0.1429
4,268.0000,26,23,643.8875,-84.5785,-0.3560,13,0.3333,0.8750,8,8,8,0,0,8,8,0.0000
4,268.0000,26,24,931.0186,-87.2165,0.4333,7,0.1795,1.0000,8,7,6,0,0,7,6,0.1429
4,268.0000,26,27,947.1701,-86.6875,0.7252,3,0.0769,1.0000,8,8,8,0,0,8,8,0.0000
4,268.0000,26,29,764.9719,-87.9197,-0.0613,11,0.2821,1.0000,6,8,7,0,0,8,7,0.1250
4,268.0000,26,33,900.4707,-87.4686,1.1409,6,0.1538,1.0000,8,8,8,0,0,8,8,0.0000
4,268.0000,26,34,482.7390,-83.4922,-0.0508,16,0.4103,0.8571,7,8,8,0,0,8,8,0.0000
4,268.0000,26,35,171.8656,-75.1796,0.6633,36,0.9231,0.2000,5,5,1,0,0,5,1,0.8000
4,268.0000,26,37,412.8780,-80.9094,0.3699,18,0.4615,0.6667,6,7,6,0,0,7,6,0.1429
4,268.0000,26,38,825.6316,-87.8260,-0.5967,11,0.2821,1.0000,8,8,8,0,0,8,8,0.0000
4,268.0000,26,41,240.0927,-77.2568,-0.0564,35,0.8974,0.2000,5,5,1,0,0,5,1,0.8000
4,268.0000,26,43,765.9428,-87.6179,-0.3439,8,0.2051,1.0000,8,8,8,0,0,8,8,0.0000
4,268.0000,26,45,840.8576,-87.0607,0.6576,6,0.1538,1.0000,8,8,8,0,0,8,8,0.0000
4,268.0000,27,0,1020.1897,-88.3155,0.3966,5,0.1250,1.0000,10,8,8,0,0,8,8,0.0000
4,268.0000,27,1,637.7002,-85.3583,0.3849,13,0.3250,0.8750,8,8,7,61,60,69,67,0.0290
4,268.0000,27,6,807.6925,-88.3357,0.7176,3,0.0750,1.0000,6,4,4,0,0,4,4,0.0000
4,268.0000,27,8,724.9832,-84.4503,-0.6171,6,0.1500,1.0000,8,4,3,0,0,4,3,0.2500
4,268.0000,27,9,585.6052,-83.7919,0.3985,13,0.3250,0.8750,8,8,8,0,0,8,8,0.0000
4,268.0000,27,10,655.5982,-87.3269,0.9531,3,0.0750,1.0000,10,7,5,0,0,7,5,0.2857
4,268.0000,27,11,822.1356,-88.1635,1.0688,3,0.0750,1.0000,4,7,6,0,0,7,6,0.1429
4,268.0000,27,13,638.4112,-84.9125,-0.6055,4,0.1000,0.8571,7,8,8,0,0,8,8,0.0000
4,268.0000,27,14,331.1359,-80.3767,1.4019,19,0.4750,0.7500,8,6,3,0,0,6,3,0.5000
4,268.0000,27,16,283.3254,-81.1659,0.9320,18,0.4500,0.8750,8,6,3,0,0,6,3,0.5000
4,268.0000,27,18,426.0371,-82.7679,-0.0594,12,0.3000,0.7143,7,6,3,0,0,6,3,0.5000
4,268.0000,27,21,505.2872,-82.5353,-0.3793,18,0.4500,0.8571,7,7,6,0,0,7,6,0.1429
4,268.0000,27,24,619.0687,-83.8841,-0.1335,6,0.1500,1.0000,8,8,8,0,0,8,8,0.0000
4,268.0000,27,25,549.2198,-83.5844,0.7167,13,0.3250,0.8571,7,7,6,8,8,15,14,0.0667
4,268.0000,27,30,940.1869,-86.9878,0.7120,4,0.1000,1.0000,4,5,4,0,0,5,4,0.2000
4,268.0000,27,31,518.7368,-83.4506,-0.1295,13,0.3250,1.0000,8,7,5,0,0,7,5,0.2857
4,268.0000,27,32,474.9424,-82.9002,0.8328,15,0.3750,1.0000,8,8,8,0,0,8,8,0.0000
4,268.0000,27,37,699.3841,-85.7193,0.1752,4,0.1000,0.6667,3,8,8,0,0,8,8,0.0000
4,268.0000,27,38,163.6132,-75.9253,1.9584,27,0.6750,0.5000,6,6,2,0,0,6,2,0.6667
4,268.0000,27,42,787.2275,-86.1535,-0.6417,5,0.1250,0.8571,7,8,8,0,0,8,8,0.0000
4,268.0000,27,44,449.3868,-82.9177,-0.5026,21,0.5250,0.8750,8,5,2,0,0,5,2,0.6000
4,268.0000,27,45,560.2790,-83.8916,0.1777,7,0.1750,1.0000,8,7,6,0,0,7,6,0.1429
4,268.0000,27,47,302.4893,-78.1327,-0.0522,25,0.6250,1.0000,8,8,7,0,0,8,7,0.1250
4,268.0000,28,0,325.2678,-78.7494,-0.5289,33,0.8250,0.0000,4,6,2,0,0,6,2,0.6667
4,268.0000,28,1,581.9314,-86.4413,-1.1013,5,0.1250,0.7143,7,8,8,0,0,8,8,0.0000
4,268.0000,28,9,543.1157,-83.9937,-0.1527,13,0.3250,0.8571,7,7,5,0,0,7,5,0.2857
4,268.0000,28,13,793.8109,-88.3478,0.1477,4,0.1000,1.0000,8,7,6,50,49,57,55,0.0351
4,268.0000,28,15,115.9208,-68.4878,0.1724,35,0.8750,0.0000,4,4,0,0,0,4,0,1.0000
4,268.0000,28,19,515.9160,-84.2480,0.3480,17,0.4250,1.0000,8,6,3,0,0,6,3,0.5000
4,268.0000,28,21,790.1652,-86.1026,1.4665,4,0.1000,1.0000,8,8,8,0,0,8,8,0.0000
4,268.0000,28,25,731.6480,-87.5524,0.4056,4,0.1000,0.8750,8,8,8,0,0,8,8,0.0000
4,268.0000,28,30,367.5731,-80.7084,-0.6540,30,0.7500,0.4000,5,5,2,0,0,5,2,0.6000
4,268.0000,28,32,835.8640,-87.2928,0.8205,3,0.0750,1.0000,8,8,8,0,0,8,8,0.0000
4,268.0000,28,39,177.0136,-73.4368,0.0725,38,0.9500,0.2000,5,4,0,0,0,4,0,1.0000
4,268.0000,28,40,277.9525,-77.0806,-0.5777,36,0.9000,0.4000,5,5,1,5,1,10,2,0.8000
4,268.0000,28,44,694.6693,-86.4683,-0.0958,5,0.1250,1.0000,8,8,7,0,0,8,7,0.1250
4,268.0000,28,46,143.3266,-74.9120,1.1600,36,0.9000,0.0000,3,4,0,0,0,4,0,1.0000
4,268.0000,29,2,325.9658,-78.5188,-0.5787,23,0.5750,0.6667,6,6,4,0,0,6,4,0.3333
4,268.0000,29,3,288.1343,-76.0848,-1.1487,23,0.5750,0.4286,7,5,4,0,0,5,4,0.2000
4,268.0000,29,5,581.4178,-84.6750,0.0051,13,0.3250,0.8750,8,7,6,0,0,7,6,0.1429
4,268.0000,29,7,251.4833,-78.7588,0.1552,31,0.7750,0.2000,5,4,0,0,0,4,0,1.0000
4,268.0000,29,8,874.8003,-87.5226,-0.1980,3,0.0750,1.0000,8,8,8,0,0,8,8,0.0000
4,268.0000,29,10,502.4300,-81.3459,-0.7847,15,0.3750,0.8750,8,6,3,0,0,6,3,0.5000
4,268.0000,29,11,470.7522,-82.2477,-0.3889,14,0.3500,0.8611,144,8,8,2,2,10,10,0.0000
4,268.0000,29,12,287.0578,-79.2511,0.1062,21,0.5250,0.0000,3,5,1,0,0,5,1,0.8000
4,268.0000,29,14,924.9632,-86.3095,-0.4739,3,0.0750,1.0000,4,4,4,0,0,4,4,0.0000
4,268.0000,29,17,404.0113,-80.4309,0.1956,15,0.3750,0.5000,6,7,5,0,0,7,5,0.2857
4,268.0000,29,18,804.8259,-87.1941,5.0838,3,0.0750,1.0000,8,8,8,0,0,8,8,0.0000
4,268.0000,29,20,543.3851,-84.4827,-2.1617,9,0.2250,0.7500,8,8,8,58,58,66,66,0.0000
4,268.0000,29,22,451.2592,-82.9000,-0.1707,15,0.3750,0.5000,6,8,8,0,0,8,8,0.0000
4,268.0000,29,23,352.1410,-79.6963,-0.4174,20,0.5000,0.6667,6,7,6,0,0,7,6,0.1429
4,268.0000,29,24,679.3872,-87.2958,0.6461,6,0.1500,0.8750,8,8,8,0,0,8,8,0.0000
4,268.0000,29,26,764.9719,-87.1312,-0.7652,7,0.1750,0.8750,8,7,6,0,0,7,6,0.1429
4,268.0000,29,33,173.8323,-74.4298,0.5139,29,0.7250,0.0333,30,6,2,2,0,8,2,0.7500
4,268.0000,29,34,370.7553,-80.9697,0.3739,24,0.6000,0.8571,7,6,4,77,67,83,71,0.1446
4,268.0000,29,35,755.4812,-88.1225,0.9302,6,0.1500,1.0000,8,5,3,0,0,5,3,0.4000
4,268.0000,29,37,586.9008,-83.7225,0.0070,13,0.3250,1.0000,8,8,8,0,0,8,8,0.0000
4,268.0000,29,38,1088.5876,-88.6674,-1.7344,3,0.0750,1.0000,6,6,6,0,0,6,6,0.0000
4,268.0000,29,41,707.1110,-86.7359,0.2955,11,0.2750,1.0000,8,7,6,0,0,7,6,0.1429
4,268.0000,29,43,98.4852,-72.8129,1.7379,32,0.8000,0.0000,4,6,2,0,0,6,2,0.6667
4,268.0000,29,45,710.4803,-86.8224,3.0203,4,0.1000,1.0000,8,8,8,0,0,8,8,0.0000
4,268.0000,30,0,123.8741,-72.7218,1.3510,37,0.9250,0.2000,5,7,3,0,0,7,3,0.5714
4,268.0000,30,1,629.2448,-86.0744,-0.4164,8,0.2000,0.8750,8,8,8,0,0,8,8,0.0000
4,268.0000,30,9,377.9362,-81.2559,0.6695,20,0.5000,0.7500,8,8,7,0,0,8,7,0.1250
4,268.0000,30,14,1179.6205,-89.4910,2.5193,3,0.0750,,0,2,2,0,0,2,2,0.0000
4,268.0000,30,15,406.0121,-80.2545,-0.3207,31,0.7750,0.4000,5,6,3,0,0,6,3,0.5000
4,268.0000,30,19,830.1378,-87.1326,0.7516,6,0.1500,1.0000,8,8,8,0,0,8,8,0.0000
4,268.0000,30,21,704.7430,-86.7956,2.2991,4,0.1000,1.0000,8,8,8,0,0,8,8,0.0000
4,268.0000,30,25,746.9346,-86.8172,1.1728,4,0.1000,1.0000,8,8,8,0,0,8,8,0.0000
4,268.0000,30,28,367.5731,-80.8127,-0.2628,31,0.7750,0.4000,5,4,1,0,0,4,1,0.7500
4,268.0000,30,39,318.4747,-79.5509,-0.3776,31,0.7750,0.5000,6,7,5,0,0,7,5,0.2857
4,268.0000,30,40,273.0992,-79.0750,-0.0257,37,0.9250,0.0000,4,4,0,0,0,4,0,1.0000
4,268.0000,30,44,492.5340,-84.1025,-0.6626,15,0.3750,1.0000,8,8,6,0,0,8,6,0.2500
4,268.0000,30,46,484.8259,-84.1935,0.1896,19,0.4750,0.6667,6,8,8,0,0,8,8,0.0000
4,268.0000,31,1,417.0342,-82.7987,1.0114,21,0.5250,0.5000,6,7,6,0,0,7,6,0.1429
4,268.0000,31,2,916.4694,-87.9095,0.9711,4,0.1000,1.0000,6,8,8,0,0,8,8,0.0000
4,268.0000,31,3,881.4050,-88.6102,-0.0706,3,0.0750,0.7500,4,8,8,0,0,8,8,0.0000
4,268.0000,31,4,475.7453,-82.8733,0.7500,17,0.4250,0.7143,7,7,6,0,0,7,6,0.1429
4,268.0000,31,6,302.7506,-77.3725,-0.9444,34,0.8500,0.7143,7,8,8,0,0,8,8,0.0000
4,268.0000,31,8,425.7981,-79.8449,0.3241,17,0.4250,0.8750,8,7,4,0,0,7,4,0.4286
4,268.0000,31,9,659.2194,-85.6336,0.4475,12,0.3000,1.0000,6,8,7,0,0,8,7,0.1250
4,268.0000,31,10,721.2916,-88.5076,0.3987,5,0.1250,1.0000,8,8,8,0,0,8,8,0.0000
4,268.0000,31,11,650.5917,-87.4557,0.7330,6,0.1500,1.0000,8,8,8,0,0,8,8,0.0000
4,268.0000,31,13,249.3813,-76.8835,-0.4065,32,0.8000,0.3846,104,5,1,107,56,112,57,0.4911
4,268.0000,31,14,470.7214,-83.4696,-0.4778,10,0.2500,1.0000,8,8,8,0,0,8,8,0.0000
4,268.0000,31,16,709.1031,-86.8976,0.6749,4,0.1000,1.0000,6,7,6,0,0,7,6,0.1429
4,268.0000,31,17,905.8726,-88.3477,-0.7367,3,0.0750,1.0000,4,6,6,0,0,6,6,0.0000
4,268.0000,31,18,449.4798,-80.8980,0.3260,18,0.4500,0.7143,7,8,8,0,0,8,8,0.0000
4,268.0000,31,19,894.4601,-87.5022,0.3677,9,0.2250,1.0000,6,3,2,0,0,3,2,0.3333
4,268.0000,31,20,639.4852,-85.5536,-1.0980,6,0.1500,1.0000,8,8,7,0,0,8,7,0.1250
4,268.0000,31,21,462.8285,-83.5640,0.7802,18,0.4500,0.8571,7,7,6,0,0,7,6,0.1429
4,268.0000,31,22,944.1892,-88.6119,-0.3055,3,0.0750,1.0000,2,8,8,0,0,8,8,0.0000
4,268.0000,31,23,955.5550,-88.5270,-0.1782,5,0.1250,1.0000,6,4,4,0,0,4,4,0.0000
4,268.0000,31,24,437.1410,-82.0524,-0.0320,11,0.2750,0.7778,9,7,5,0,0,7,5,0.2857
4,268.0000,31,25,285.5631,-79.8314,0.8353,25,0.6250,0.7143,7,7,5,0,0,7,5,0.2857
4,268.0000,31,27,518.7368,-83.2670,0.5344,12,0.3000,0.8571,7,8,7,0,0,8,7,0.1250
4,268.0000,31,32,180.7573,-77.3616,1.2346,30,0.7500,0.8750,8,5,1,0,0,5,1,0.8000
4,268.0000,31,36,526.2035,-84.6762,0.1900,18,0.4500,0.8571,7,7,6,0,0,7,6,0.1429
4,268.0000,31,37,882.2057,-87.9799,-1.1634,4,0.1000,1.0000,8,6,6,0,0,6,6,0.0000
4,268.0000,31,38,610.2144,-85.3622,0.3831,8,0.2000,0.8750,8,8,6,0,0,8,6,0.2500
4,268.0000,31,42,374.1869,-80.5815,0.3964,27,0.6750,0.5000,6,7,6,0,0,7,6,0.1429
4,268.0000,31,44,635.8674,-86.1232,0.5672,10,0.2500,1.0000,6,8,6,0,0,8,6,0.2500
4,268.0000,31,45,562.4995,-84.9567,-1.3576,8,0.2000,0.8750,8,8,8,0,0,8,8,0.0000
4,268.0000,31,47,255.4856,-80.0914,1.0846,21,0.5250,0.8571,7,6,3,0,0,6,3,0.5000
4,268.0000,32,0,888.7233,-86.9588,-0.0590,9,0.2308,1.0000,8,8,8,0,0,8,8,0.0000
4,268.0000,32,1,268.2707,-77.0885,0.5514,24,0.6154,0.3333,6,5,1,0,0,5,1,0.8000
4,268.0000,32,4,606.7118,-86.8059,-1.4346,5,0.1282,1.0000,6,7,5,0,0,7,5,0.2857
4,268.0000,32,6,446.5340,-83.6589,0.9109,13,0.3333,1.0000,8,7,5,0,0,7,5,0.2857
4,268.0000,32,8,585.7619,-84.3191,0.0344,5,0.1282,1.0000,8,8,8,0,0,8,8,0.0000
4,268.0000,32,9,495.1279,-82.6459,-0.3148,18,0.4615,1.0000,6,7,6,0,0,7,6,0.1429
4,268.0000,32,13,211.7655,-77.4557,1.0561,26,0.6667,0.2000,5,5,2,0,0,5,2,0.6000
4,268.0000,32,14,504.6109,-85.5541,-0.4623,5,0.1282,0.8571,7,7,7,0,0,7,7,0.0000
4,268.0000,32,15,929.3618,-87.4097,-0.4096,8,0.2051,1.0000,8,2,2,0,0,2,2,0.0000
4,268.0000,32,18,532.1458,-82.8803,0.5178,5,0.1282,0.8750,8,8,8,0,0,8,8,0.0000
4,268.0000,32,19,806.6952,-86.7190,-0.2037,8,0.2051,1.0000,8,6,6,0,0,6,6,0.0000
4,268.0000,32,21,384.1187,-80.0951,-0.4686,18,0.4615,0.5000,6,6,2,0,0,6,2,0.6667
4,268.0000,32,24,587.4054,-84.3024,-0.0270,4,0.1026,1.0000,6,8,6,0,0,8,6,0.2500
4,268.0000,32,25,168.5528,-73.9854,0.5794,29,0.7436,0.0000,4,5,1,0,0,5,1,0.8000
4,268.0000,32,27,474.9424,-81.4211,-1.4236,14,0.3590,0.7143,7,8,7,0,0,8,7,0.1250
4,268.0000,32,28,835.8640,-87.3965,0.6301,9,0.2308,1.0000,8,4,4,0,0,4,4,0.0000
4,268.0000,32,30,840.8657,-86.6454,0.4483,5,0.1282,1.0000,4,4,4,0,0,4,4,0.0000
4,268.0000,32,31,180.7573,-77.2295,1.5365,23,0.5897,0.5000,6,7,3,0,0,7,3,0.5714
4,268.0000,32,36,478.2344,-83.5166,0.0170,18,0.4615,0.8750,8,7,4,0,0,7,4,0.4286
4,268.0000,32,38,583.9422,-84.5726,0.7747,8,0.2051,1.0000,8,7,5,0,0,7,5,0.2857
4,268.0000,32,39,890.8001,-86.5870,-1.6472,6,0.1538,1.0000,2,8,8,0,0,8,8,0.0000
4,268.0000,32,42,474.9612,-83.8661,0.7167,11,0.2821,1.0000,8,6,4,0,0,6,4,0.3333
4,268.0000,32,44,483.9591,-83.9227,0.3767,14,0.3590,0.7143,7,6,3,0,0,6,3,0.5000
4,268.0000,32,45,683.7782,-88.1375,-1.4087,3,0.0769,1.0000,8,8,8,0,0,8,8,0.0000
4,268.0000,32,46,805.0089,-86.7919,0.5167,7,0.1795,1.0000,6,6,6,0,0,6,6,0.0000
4,268.0000,32,47,290.5918,-79.3757,1.1023,18,0.4615,0.8750,8,6,4,0,0,6,4,0.3333
4,268.0000,33,2,391.9701,-81.5326,0.5154,18,0.4500,0.8571,7,8,5,0,0,8,5,0.3750
4,268.0000,33,3,387.6392,-81.0945,-0.4220,17,0.4250,0.8571,7,5,2,0,0,5,2,0.6000
4,268.0000,33,5,705.4640,-85.0110,-0.1635,13,0.3250,1.0000,8,8,8,0,0,8,8,0.0000
4,268.0000,33,7,266.2345,-78.1802,0.1630,27,0.6750,0.5714,7,5,2,0,0,5,2,0.6000
4,268.0000,33,10,665.6396,-85.8468,0.0996,10,0.2500,1.0000,8,8,8,0,0,8,8,0.0000
4,268.0000,33,11,595.8921,-85.3366,-0.3178,9,0.2250,1.0000,6,8,8,0,0,8,8,0.0000
4,268.0000,33,12,416.9475,-81.9373,0.0528,15,0.3750,0.6667,6,8,7,0,0,8,7,0.1250
4,268.0000,33,17,519.8404,-83.5667,0.3687,12,0.3000,1.0000,8,8,8,0,0,8,8,0.0000
4,268.0000,33,20,670.6373,-86.7733,-0.5009,6,0.1500,0.8571,7,8,8,0,0,8,8,0.0000
4,268.0000,33,22,593.0921,-85.0486,-0.0728,12,0.3000,0.8571,7,8,8,0,0,8,8,0.0000
4,268.0000,33,23,480.3162,-81.7909,0.6769,19,0.4750,0.6667,6,8,8,0,0,8,8,0.0000
4,268.0000,33,24,823.8385,-87.4743,0.9684,5,0.1250,1.0000,8,4,4,0,0,4,4,0.0000
4,268.0000,33,26,900.4707,-88.0793,-0.1728,6,0.1500,0.8571,7,8,8,0,0,8,8,0.0000
4,268.0000,33,29,173.8323,-75.0151,0.7849,30,0.7500,0.2000,5,6,2,0,0,6,2,0.6667
4,268.0000,33,34,515.6506,-82.4635,-0.6050,13,0.3250,1.0000,8,7,6,0,0,7,6,0.1429
4,268.0000,33,35,872.9311,-87.5814,0.2704,8,0.2000,1.0000,8,8,8,0,0,8,8,0.0000
4,268.0000,33,37,757.4661,-85.7905,-1.8940,8,0.2000,1.0000,8,8,8,0,0,8,8,0.0000
4,268.0000,33,41,807.1273,-86.7965,2.2313,7,0.1750,1.0000,6,4,4,0,0,4,4,0.0000
4,268.0000,33,43,176.9344,-69.6995,-1.6857,32,0.8000,0.2000,5,6,3,0,0,6,3,0.5000
4,268.0000,34,2,608.7126,-84.2042,-0.5234,8,0.2000,0.8571,7,7,5,0,0,7,5,0.2857
4,268.0000,34,3,537.1085,-82.7087,-1.0280,12,0.3000,0.7143,7,7,6,4,4,11,10,0.0909
4,268.0000,34,5,250.8908,-77.1781,0.1225,31,0.7750,0.5714,7,4,0,0,0,4,0,1.0000
4,268.0000,34,7,353.2463,-80.8048,-0.1666,25,0.6250,0.3333,6,4,0,1,0,5,0,1.0000
4,268.0000,34,8,984.9991,-89.0190,-0.4367,3,0.0750,0.8750,8,6,6,0,0,6,6,0.0000
4,268.0000,34,10,464.9946,-82.0162,-0.3295,12,0.3000,0.6667,6,8,6,0,0,8,6,0.2500
4,268.0000,34,11,587.4120,-83.4981,-1.1694,9,0.2250,1.0000,8,8,8,0,0,8,8,0.0000
4,268.0000,34,12,414.2589,-81.3291,0.2628,17,0.4250,1.0000,6,7,3,0,0,7,3,0.5714
4,268.0000,34,14,762.0263,-87.1549,-1.7166,5,0.1250,0.6667,6,8,6,0,0,8,6,0.2500
4,268.0000,34,16,794.6671,-85.2634,-1.3505,4,0.1000,0.8571,7,8,8,0,0,8,8,0.0000
4,268.0000,34,17,549.9923,-84.0595,0.7062,9,0.2250,1.0000,8,8,8,2,2,10,10,0.0000
4,268.0000,34,18,680.5313,-86.9071,-0.6594,3,0.0750,0.8571,7,8,8,0,0,8,8,0.0000
4,268.0000,34,20,653.5621,-85.1248,-1.2974,4,0.1000,0.7143,7,6,5,0,0,6,5,0.1667
4,268.0000,34,22,451.7285,-82.8546,-0.8968,14,0.3500,0.7500,8,8,8,0,0,8,8,0.0000
4,268.0000,34,23,465.0660,-82.3466,0.0673,14,0.3500,0.2000,5,7,5,0,0,7,5,0.2857
4,268.0000,34,24,674.9669,-85.4890,1.4693,5,0.1250,1.0000,8,8,8,0,0,8,8,0.0000
4,268.0000,34,26,482.7390,-83.6795,-0.3993,11,0.2750,0.6667,6,7,5,0,0,7,5,0.2857
4,268.0000,34,29,370.7553,-80.7140,-0.2884,21,0.5250,0.4000,5,7,6,33,28,40,34,0.1500
4,268.0000,34,33,515.6506,-83.1319,-0.5934,19,0.4750,0.8571,7,7,4,0,0,7,4,0.4286
4,268.0000,34,35,457.9516,-83.2465,0.2490,15,0.3750,0.6667,6,5,1,0,0,5,1,0.8000
4,268.0000,34,37,314.6976,-77.1505,-1.3604,28,0.7000,0.5000,6,6,3,0,0,6,3,0.5000
4,268.0000,34,41,466.3375,-84.3131,0.2539,24,0.6000,0.5000,6,8,6,0,0,8,6,0.2500
4,268.0000,34,43,424.8190,-82.6383,0.8908,17,0.4250,1.0000,8,7,5,0,0,7,5,0.2857
4,268.0000,35,2,974.6376,-87.1288,-0.3098,4,0.1000,1.0000,8,8,8,0,0,8,8,0.0000
4,268.0000,35,3,912.3108,-87.1518,0.6106,3,0.0750,0.8750,8,7,6,0,0,7,6,0.1429
4,268.0000,35,5,220.5071,-77.5734,0.3837,31,0.7750,0.2000,5,4,0,0,0,4,0,1.0000
4,268.0000,35,7,648.2499,-84.3612,0.0327,12,0.3000,0.6667,6,8,8,0,0,8,8,0.0000
4,268.0000,35,10,720.8039,-86.5476,0.7027,5,0.1250,1.0000,8,8,8,0,0,8,8,0.0000
4,268.0000,35,12,678.7899,-85.7308,-1.3007,6,0.1500,0.8571,7,8,8,0,0,8,8,0.0000
4,268.0000,35,16,821.3821,-87.7264,-0.7368,5,0.1250,0.8750,8,8,8,0,0,8,8,0.0000
4,268.0000,35,17,804.2442,-86.8513,-0.3953,3,0.0750,1.0000,8,8,8,0,0,8,8,0.0000
4,268.0000,35,22,622.3023,-83.4885,0.2277,9,0.2250,0.8750,8,8,8,0,0,8,8,0.0000
4,268.0000,35,23,710.9104,-86.6659,-0.8586,6,0.1500,1.0000,8,8,8,0,0,8,8,0.0000
4,268.0000,35,26,171.8656,-75.4371,0.0205,38,0.9500,0.0000,4,4,0,0,0,4,0,1.0000
4,268.0000,35,29,755.4812,-87.1784,-0.8259,4,0.1000,1.0000,8,7,6,0,0,7,6,0.1429
4,268.0000,35,33,872.9311,-87.9141,0.3345,3,0.0750,1.0000,8,8,8,0,0,8,8,0.0000
4,268.0000,35,34,457.9516,-84.1692,0.4715,9,0.2250,0.8571,7,5,2,0,0,5,2,0.6000
4,268.0000,35,37,488.7055,-83.7133,-0.4781,14,0.3500,0.8571,7,8,7,0,0,8,7,0.1250
4,268.0000,35,41,135.8557,-71.5894,-0.7725,36,0.9000,0.0000,4,4,0,0,0,4,0,1.0000
4,268.0000,35,43,764.8209,-87.7575,-0.2244,4,0.1000,1.0000,8,8,8,0,0,8,8,0.0000
4,268.0000,36,0,805.7664,-86.1744,-0.2518,7,0.1750,1.0000,8,8,8,0,0,8,8,0.0000
4,268.0000,36,1,326.2303,-80.2230,0.5061,21,0.5250,0.8750,8,6,3,0,0,6,3,0.5000
4,268.0000,36,4,632.2083,-85.1712,-0.2961,5,0.1250,1.0000,8,6,4,0,0,6,4,0.3333
4,268.0000,36,6,579.9529,-84.7316,0.1741,11,0.2750,0.8571,7,7,6,0,0,7,6,0.1429
4,268.0000,36,8,733.8630,-87.3667,-0.3711,8,0.2000,0.8750,8,8,8,0,0,8,8,0.0000
4,268.0000,36,9,616.2417,-84.3193,-0.2190,11,0.2750,0.8750,8,8,7,0,0,8,7,0.1250
4,268.0000,36,13,283.7389,-78.8944,1.0718,25,0.6250,0.7500,8,4,0,0,0,4,0,1.0000
4,268.0000,36,15,784.6175,-87.1275,0.3986,7,0.1750,1.0000,8,8,8,0,0,8,8,0.0000
4,268.0000,36,18,970.5687,-86.9241,-0.1351,3,0.0750,1.0000,6,6,6,0,0,6,6,0.0000
4,268.0000,36,19,432.5777,-81.2351,-1.0146,25,0.6250,1.0000,8,5,4,0,0,5,4,0.2000
4,268.0000,36,21,481.3317,-83.6417,1.7248,10,0.2500,0.6667,6,7,5,0,0,7,5,0.2857
4,268.0000,36,25,346.4189,-81.0263,1.8932,16,0.4000,1.0000,8,7,6,0,0,7,6,0.1429
4,268.0000,36,28,677.6839,-86.6712,0.8225,12,0.3000,1.0000,8,7,4,0,0,7,4,0.4286
4,268.0000,36,31,526.2035,-83.5181,0.0562,10,0.2500,1.0000,8,8,8,0,0,8,8,0.0000
4,268.0000,36,32,478.2344,-83.5824,-0.0268,12,0.3000,1.0000,8,7,6,0,0,7,6,0.1429
4,268.0000,36,39,816.4556,-87.0131,0.3321,6,0.1500,1.0000,8,8,8,0,0,8,8,0.0000
4,268.0000,36,40,869.0757,-86.9917,-0.0036,7,0.1750,1.0000,6,7,6,0,0,7,6,0.1429
4,268.0000,36,42,421.3655,-83.0498,0.7313,13,0.3250,0.4286,7,8,8,0,0,8,8,0.0000
4,268.0000,36,44,709.1089,-86.2311,0.1624,3,0.0750,1.0000,6,8,8,0,0,8,8,0.0000
4,268.0000,36,45,977.9872,-87.8304,-0.2733,3,0.0750,1.0000,6,4,4,0,0,4,4,0.0000
4,268.0000,36,46,578.1840,-85.4600,0.3233,13,0.3250,0.8750,8,8,7,0,0,8,7,0.1250
4,268.0000,36,47,740.1115,-87.9321,1.1169,5,0.1250,1.0000,8,7,6,0,0,7,6,0.1429
4,268.0000,37,2,688.3766,-84.5508,-0.6091,7,0.1750,0.8571,7,8,8,0,0,8,8,0.0000
4,268.0000,37,3,610.6955,-82.8744,0.0830,6,0.1500,1.0000,8,8,8,0,0,8,8,0.0000
4,268.0000,37,5,376.1441,-79.4005,-0.5043,24,0.6000,0.5000,6,6,4,0,0,6,4,0.3333
4,268.0000,37,7,647.7616,-84.3334,-0.0119,13,0.3250,1.0000,8,8,8,0,0,8,8,0.0000
4,268.0000,37,10,327.6897,-78.3576,-0.5740,11,0.2750,0.5714,7,6,4,0,0,6,4,0.3333
4,268.0000,37,11,563.5507,-85.2360,-0.1964,7,0.1750,1.0000,8,7,6,0,0,7,6,0.1429
4,268.0000,37,12,487.0743,-81.9064,-0.6571,8,0.2000,0.8571,7,7,6,0,0,7,6,0.1429
4,268.0000,37,14,492.3374,-82.1657,-0.0510,8,0.2000,0.6667,6,7,6,0,0,7,6,0.1429
4,268.0000,37,16,486.7128,-83.4578,-1.9336,7,0.1750,1.0000,8,8,7,0,0,8,7,0.1250
4,268.0000,37,17,552.0042,-83.5478,-0.3033,8,0.2000,0.7143,7,8,8,0,0,8,8,0.0000
4,268.0000,37,18,445.2254,-85.1650,-2.1019,4,0.1000,1.0000,8,7,5,0,0,7,5,0.2857
4,268.0000,37,20,574.6646,-83.7296,4.6177,4,0.1000,0.6667,6,8,8,0,0,8,8,0.0000
4,268.0000,37,22,410.0013,-80.9259,-0.3720,9,0.2250,0.6667,6,7,6,0,0,7,6,0.1429
4,268.0000,37,23,491.4101,-81.3065,-1.1665,9,0.2250,0.7143,7,7,5,0,0,7,5,0.2857
4,268.0000,37,24,538.9066,-82.5278,-1.6556,6,0.1500,1.0000,8,8,8,0,0,8,8,0.0000
4,268.0000,37,26,412.8780,-81.8795,-0.1245,13,0.3250,0.7143,7,7,5,0,0,7,5,0.2857
4,268.0000,37,29,586.9008,-85.2756,-0.7462,7,0.1750,0.5714,7,8,8,0,0,8,8,0.0000
4,268.0000,37,33,757.4661,-85.2766,-1.3852,6,0.1500,0.2000,5,6,6,0,0,6,6,0.0000
4,268.0000,37,34,314.6976,-76.8584,-1.1603,20,0.5000,0.4000,5,7,6,0,0,7,6,0.1429
4,268.0000,37,35,488.7055,-82.7520,0.1609,13,0.3250,0.0000,4,6,3,0,0,6,3,0.5000
4,268.0000,37,38,586.1126,-83.0471,-0.7938,5,0.1250,1.0000,8,7,6,0,0,7,6,0.1429
4,268.0000,37,41,549.1065,-84.1558,-0.1186,10,0.2500,0.8750,8,7,6,0,0,7,6,0.1429
4,268.0000,37,43,621.5149,-85.2793,0.1114,6,0.1500,0.5714,7,8,8,0,0,8,8,0.0000
4,268.0000,37,45,567.0550,-84.5594,-0.4333,4,0.1000,1.0000,8,8,7,0,0,8,7,0.1250
4,268.0000,38,1,771.2023,-86.5658,0.3121,4,0.1000,1.0000,4,8,7,0,0,8,7,0.1250
4,268.0000,38,5,933.4774,-86.9716,-0.8029,6,0.1500,,0,4,4,0,0,4,4,0.0000
4,268.0000,38,6,877.9779,-85.8955,-0.1891,5,0.1250,1.0000,8,4,4,0,0,4,4,0.0000
4,268.0000,38,10,615.7925,-84.9685,0.5682,4,0.1000,1.0000,8,8,8,0,0,8,8,0.0000
4,268.0000,38,12,919.3897,-86.8892,-1.8347,3,0.0750,1.0000,8,6,6,0,0,6,6,0.0000
4,268.0000,38,13,765.6080,-86.8062,-1.0806,5,0.1250,1.0000,6,8,8,0,0,8,8,0.0000
4,268.0000,38,14,270.4570,-78.2121,0.2478,19,0.4750,0.5000,6,8,6,0,0,8,6,0.2500
4,268.0000,38,16,196.3272,-76.6996,0.0688,31,0.7750,0.2000,5,4,0,0,0,4,0,1.0000
4,268.0000,38,18,384.8047,-80.0369,0.3140,16,0.4000,0.8571,7,7,5,0,0,7,5,0.2857
4,268.0000,38,20,751.7460,-84.8623,-0.3933,5,0.1250,1.0000,8,8,8,0,0,8,8,0.0000
4,268.0000,38,21,667.1780,-86.1791,-0.0824,6,0.1500,0.8571,7,8,8,0,0,8,8,0.0000
4,268.0000,38,24,615.5549,-84.8553,2.3025,3,0.0750,1.0000,8,8,8,0,0,8,8,0.0000
4,268.0000,38,25,685.2206,-84.9929,-0.3096,4,0.1000,0.8750,8,8,8,0,0,8,8,0.0000
4,268.0000,38,26,825.6316,-85.9681,-1.3921,3,0.0750,1.0000,8,4,4,0,0,4,4,0.0000
4,268.0000,38,27,163.6132,-76.1245,1.1421,27,0.6750,0.2000,5,6,2,0,0,6,2,0.6667
4,268.0000,38,31,610.2144,-86.2651,0.4659,5,0.1250,1.0000,8,8,8,0,0,8,8,0.0000
4,268.0000,38,32,583.9422,-85.0929,1.0811,5,0.1250,0.8750,8,8,8,0,0,8,8,0.0000
4,268.0000,38,35,964.0704,-86.7967,-0.7255,5,0.1250,1.0000,8,2,2,0,0,2,2,0.0000
4,268.0000,38,37,586.1126,-84.4970,0.4529,9,0.2250,0.8750,8,6,6,0,0,6,6,0.0000
4,268.0000,38,44,581.9233,-85.0668,0.4838,7,0.1750,1.0000,8,7,5,0,0,7,5,0.2857
4,268.0000,38,45,592.2706,-83.8690,-2.5575,4,0.1000,0.6250,8,8,8,0,0,8,8,0.0000
4,268.0000,38,47,361.6356,-79.9202,-0.6324,16,0.4000,0.8750,8,6,4,0,0,6,4,0.3333
4,268.0000,39,0,320.5396,-80.0046,-0.1304,29,0.7436,0.2000,5,5,1,0,0,5,1,0.8000
4,268.0000,39,1,660.7948,-86.7040,0.7711,4,0.1026,1.0000,8,7,6,0,0,7,6,0.1429
4,268.0000,39,9,558.0036,-83.5686,-0.0184,11,0.2821,0.8571,7,6,6,0,0,6,6,0.0000
4,268.0000,39,15,134.4372,-68.6601,-0.4036,35,0.8974,0.2000,5,4,0,0,0,4,0,1.0000
4,268.0000,39,19,673.3258,-85.9406,0.2514,9,0.2308,1.0000,8,8,8,0,0,8,8,0.0000
4,268.0000,39,25,809.7328,-87.4292,-0.5188,3,0.0769,1.0000,8,8,7,0,0,8,7,0.1250
4,268.0000,39,28,177.0136,-73.2855,0.0955,35,0.8974,0.0000,4,5,1,0,0,5,1,0.8000
4,268.0000,39,30,318.4747,-80.1379,0.5103,33,0.8462,0.2000,5,6,2,0,0,6,2,0.6667
4,268.0000,39,36,816.4556,-85.5688,0.9145,3,0.0769,1.0000,8,8,8,0,0,8,8,0.0000
4,268.0000,39,40,277.7765,-78.5371,-0.3725,35,0.8974,0.5000,6,4,0,0,0,4,0,1.0000
4,268.0000,39,44,692.2201,-86.2417,-0.1297,4,0.1026,1.0000,8,8,8,0,0,8,8,0.0000
4,268.0000,39,46,312.4709,-80.9364,0.6292,31,0.7949,0.0000,5,4,2,0,0,4,2,0.5000
4,268.0000,40,0,178.5906,-75.3148,0.2000,38,0.9500,0.0000,4,4,0,0,0,4,0,1.0000
4,268.0000,40,1,760.4245,-87.5837,-0.7259,4,0.1000,1.0000,8,8,8,0,0,8,8,0.0000
4,268.0000,40,9,600.4639,-84.5139,-0.6300,9,0.2250,0.5000,6,8,8,8,7,16,15,0.0625
4,268.0000,40,15,278.8116,-78.3632,0.2357,36,0.9000,0.0000,4,4,0,0,0,4,0,1.0000
4,268.0000,40,19,749.4619,-87.0627,0.4544,6,0.1500,0.8571,7,8,8,73,71,81,79,0.0247
4,268.0000,40,28,277.9525,-77.2097,-0.8345,37,0.9250,0.2000,5,7,4,50,33,57,37,0.3509
4,268.0000,40,30,273.0992,-78.2200,0.4371,36,0.9000,0.3333,6,4,0,0,0,4,0,1.0000
4,268.0000,40,39,277.7765,-78.1412,-0.3067,40,1.0000,0.2000,5,6,2,0,0,6,2,0.6667
4,268.0000,40,44,738.3467,-84.6525,-1.1860,4,0.1000,0.9733,150,8,8,6,6,14,14,0.0000
4,268.0000,40,46,390.1616,-80.3393,-0.2759,34,0.8500,0.4000,5,6,2,0,0,6,2,0.6667
4,268.0000,41,2,933.8879,-87.7155,-1.0929,4,0.0976,1.0000,8,8,8,0,0,8,8,0.0000
4,268.0000,41,3,879.4336,-86.9915,-0.3445,3,0.0732,1.0000,8,8,8,0,0,8,8,0.0000
4,268.0000,41,5,259.4888,-78.9449,0.9068,25,0.6098,0.5000,6,5,2,0,0,5,2,0.6000
4,268.0000,41,7,582.7169,-83.4697,0.0110,13,0.3171,0.5000,6,8,8,0,0,8,8,0.0000
4,268.0000,41,10,730.1267,-86.0820,2.5299,4,0.0976,1.0000,8,8,7,0,0,8,7,0.1250
4,268.0000,41,12,630.3267,-86.3102,0.3869,7,0.1707,1.0000,8,8,8,0,0,8,8,0.0000
4,268.0000,41,16,890.5339,-86.6496,-0.0267,4,0.0976,1.0000,8,8,8,0,0,8,8,0.0000
4,268.0000,41,17,763.5376,-88.0002,0.8280,7,0.1707,1.0000,8,7,6,0,0,7,6,0.1429
4,268.0000,41,22,592.1557,-85.2495,-0.2091,5,0.1220,0.7143,7,7,6,0,0,7,6,0.1429
4,268.0000,41,23,667.7990,-85.3861,-0.4654,8,0.1951,1.0000,8,8,8,0,0,8,8,0.0000
4,268.0000,41,26,240.0927,-77.1826,0.3954,32,0.7805,0.3333,6,5,1,0,0,5,1,0.8000
4,268.0000,41,29,707.1110,-85.2452,-0.8004,5,0.1220,1.0000,8,8,8,0,0,8,8,0.0000
4,268.0000,41,34,466.3375,-82.5985,0.4545,7,0.1707,1.0000,6,7,6,0,0,7,6,0.1429
4,268.0000,41,35,135.8557,-71.0365,-1.0049,36,0.8780,0.0000,4,4,0,0,0,4,0,1.0000
4,268.0000,41,37,549.1065,-84.5673,-0.0199,8,0.1951,0.8571,7,7,6,0,0,7,6,0.1429
4,268.0000,41,43,703.2788,-86.9292,0.8799,4,0.0976,1.0000,8,8,8,0,0,8,8,0.0000
4,268.0000,42,1,546.1782,-83.8705,-0.2489,13,0.3250,0.8750,8,7,6,0,0,7,6,0.1429
4,268.0000,42,4,221.7644,-76.1411,0.5819,37,0.9250,0.2000,5,4,0,0,0,4,0,1.0000
4,268.0000,42,6,363.2577,-80.6081,0.2338,21,0.5250,0.8571,7,7,6,0,0,7,6,0.1429
4,268.0000,42,8,329.1598,-78.9481,-0.0827,25,0.6250,0.5000,4,6,4,0,0,6,4,0.3333
4,268.0000,42,9,810.6639,-87.7753,-2.7194,5,0.1250,1.0000,6,8,7,0,0,8,7,0.1250
4,268.0000,42,10,865.5365,-88.2813,0.0367,6,0.1500,1.0000,8,8,8,0,0,8,8,0.0000
4,268.0000,42,11,741.6648,-86.6611,0.5545,8,0.2000,1.0000,8,6,5,0,0,6,5,0.1667
4,268.0000,42,13,324.5892,-80.3917,-0.0977,23,0.5750,0.6667,6,5,2,0,0,5,2,0.6000
4,268.0000,42,14,798.3994,-87.7960,0.4470,3,0.0750,1.0000,8,8,8,0,0,8,8,0.0000
4,268.0000,42,16,955.9549,-88.3596,0.7811,5,0.1250,1.0000,8,4,4,0,0,4,4,0.0000
4,268.0000,42,17,944.6690,-89.3443,0.2963,3,0.0750,1.0000,8,8,8,0,0,8,8,0.0000
4,268.0000,42,18,745.3894,-87.3772,0.6615,7,0.1750,1.0000,8,8,8,0,0,8,8,0.0000
4,268.0000,42,19,838.5708,-87.2839,-0.0116,4,0.1000,1.0000,8,8,8,0,0,8,8,0.0000
4,268.0000,42,20,683.1686,-86.5944,0.3893,6,0.1500,1.0000,8,8,8,0,0,8,8,0.0000
4,268.0000,42,21,505.3426,-84.6136,0.8620,11,0.2750,0.6667,6,8,7,0,0,8,7,0.1250
4,268.0000,42,24,634.9662,-85.4377,1.0544,8,0.2000,1.0000,8,8,7,0,0,8,7,0.1250
4,268.0000,42,25,427.2730,-82.4679,0.5394,14,0.3500,1.0000,8,7,5,0,0,7,5,0.2857
4,268.0000,42,27,787.2275,-86.7145,-0.5293,5,0.1250,1.0000,8,8,8,0,0,8,8,0.0000
4,268.0000,42,31,374.1869,-79.9726,0.1201,16,0.4000,1.0000,8,8,8,0,0,8,8,0.0000
4,268.0000,42,32,474.9612,-84.1127,1.4682,11,0.2750,0.8571,7,6,4,0,0,6,4,0.3333
4,268.0000,42,36,421.3655,-82.3056,0.7378,18,0.4500,0.6667,6,5,1,0,0,5,1,0.8000
4,268.0000,42,44,826.7081,-87.4297,-0.6782,6,0.1500,1.0000,6,8,8,0,0,8,8,0.0000
4,268.0000,42,45,636.3715,-86.2344,0.7470,8,0.2000,1.0000,8,8,8,0,0,8,8,0.0000
4,268.0000,42,47,583.8172,-87.5620,1.0981,8,0.2000,0.8750,8,8,7,0,0,8,7,0.1250
4,268.0000,43,2,304.4906,-79.8889,0.9460,21,0.5250,0.5000,6,5,2,0,0,5,2,0.6000
4,268.0000,43,3,283.0388,-78.5478,0.2641,26,0.6500,0.2000,5,6,3,0,0,6,3,0.5000
4,268.0000,43,5,611.8565,-84.7695,-0.3455,11,0.2750,1.0000,8,7,6,0,0,7,6,0.1429
4,268.0000,43,7,278.6228,-79.1565,0.3666,33,0.8250,0.5000,6,5,1,0,0,5,1,0.8000
4,268.0000,43,8,872.6872,-88.6687,0.9893,3,0.0750,1.0000,8,8,8,0,0,8,8,0.0000
4,268.0000,43,10,506.2608,-83.5509,-0.5198,12,0.3000,0.8889,9,5,3,0,0,5,3,0.4000
4,268.0000,43,11,500.5828,-83.9996,0.0744,17,0.4250,0.8750,8,6,4,0,0,6,4,0.3333
4,268.0000,43,12,240.1521,-79.5315,0.8588,23,0.5750,0.4000,5,7,5,0,0,7,5,0.2857
4,268.0000,43,17,354.9948,-82.5823,-0.4215,18,0.4500,0.8571,7,6,4,0,0,6,4,0.3333
4,268.0000,43,18,843.2104,-88.5418,0.4502,3,0.0750,1.0000,8,8,8,0,0,8,8,0.0000
4,268.0000,43,20,535.6787,-85.0509,0.5461,9,0.2250,0.8571,7,7,3,0,0,7,3,0.5714
4,268.0000,43,22,416.4574,-83.3079,0.4563,15,0.3750,0.8571,7,7,6,0,0,7,6,0.1429
4,268.0000,43,23,305.4471,-81.4082,0.4532,22,0.5500,0.5000,6,7,5,0,0,7,5,0.2857
4,268.0000,43,24,716.7431,-87.4454,0.1021,6,0.1500,1.0000,8,8,7,0,0,8,7,0.1250
4,268.0000,43,26,765.9428,-86.8315,-0.2657,10,0.2500,0.8571,7,6,6,0,0,6,6,0.0000
4,268.0000,43,29,98.4852,-72.4213,1.7914,30,0.7500,0.2000,5,4,0,0,0,4,0,1.0000
4,268.0000,43,33,176.9344,-70.2964,-1.8913,35,0.8750,0.0000,4,6,3,0,0,6,3,0.5000
4,268.0000,43,34,424.8190,-82.7583,-0.0129,19,0.4750,0.7143,7,6,3,0,0,6,3,0.5000
4,268.0000,43,35,764.8209,-87.4578,0.1933,12,0.3000,1.0000,8,4,3,0,0,4,3,0.2500
4,268.0000,43,37,621.5149,-87.1053,0.1864,8,0.2000,0.8750,8,8,8,0,0,8,8,0.0000
4,268.0000,43,41,703.2788,-86.2888,1.2082,11,0.2750,0.8750,8,8,7,0,0,8,7,0.1250
4,268.0000,43,45,698.5302,-86.9369,0.4498,7,0.1750,1.0000,8,8,8,0,0,8,8,0.0000
4,268.0000,44,0,571.7762,-84.5377,-0.3820,24,0.6000,1.0000,8,6,4,0,0,6,4,0.3333
4,268.0000,44,1,420.9414,-80.9656,0.2151,18,0.4500,0.2000,5,6,4,0,0,6,4,0.3333
4,268.0000,44,6,922.7172,-88.2398,-0.4093,4,0.1000,1.0000,4,8,8,0,0,8,8,0.0000
4,268.0000,44,9,157.1420,-74.2626,0.0387,36,0.9000,0.2000,5,4,0,0,0,4,0,1.0000
4,268.0000,44,13,575.2230,-84.0513,0.7594,8,0.2000,1.0000,8,6,4,0,0,6,4,0.3333
4,268.0000,44,15,776.0654,-84.9093,-0.7679,11,0.2750,0.7143,7,8,8,0,0,8,8,0.0000
4,268.0000,44,18,807.1044,-86.8071,-4.7291,3,0.0750,1.0000,8,8,8,0,0,8,8,0.0000
4,268.0000,44,21,364.6430,-80.2941,-0.3416,20,0.5000,0.6667,6,8,8,0,0,8,8,0.0000
4,268.0000,44,25,442.8517,-82.7291,0.6863,15,0.3750,0.8571,14,8,8,0,0,8,8,0.0000
4,268.0000,44,27,449.3868,-82.2112,0.2635,10,0.2500,1.0000,8,7,6,0,0,7,6,0.1429
4,268.0000,44,28,694.6693,-85.9770,0.8567,16,0.4000,0.8571,7,8,7,0,0,8,7,0.1250
4,268.0000,44,30,492.5340,-83.6482,0.0399,23,0.5750,0.6667,6,7,6,0,0,7,6,0.1429
4,268.0000,44,31,635.8674,-87.9492,0.2985,4,0.1000,1.0000,8,8,7,0,0,8,7,0.1250
4,268.0000,44,32,483.9591,-83.3631,-0.0675,13,0.3250,1.0000,8,6,4,0,0,6,4,0.3333
4,268.0000,44,36,709.1089,-87.3847,-0.3542,6,0.1500,1.0000,6,7,6,0,0,7,6,0.1429
4,268.0000,44,38,581.9233,-85.8577,0.0381,6,0.1500,1.0000,8,8,8,0,0,8,8,0.0000
4,268.0000,44,39,692.2201,-85.2030,0.1940,17,0.4250,0.8571,7,8,8,0,0,8,8,0.0000
4,268.0000,44,40,738.3467,-85.2581,-0.5729,13,0.3250,0.8571,7,7,6,0,0,7,6,0.1429
4,268.0000,44,42,826.7081,-89.0616,0.2766,3,0.0750,0.8571,7,8,8,0,0,8,8,0.0000
4,268.0000,44,46,741.7650,-86.0960,-0.0113,10,0.2500,1.0000,8,9,8,0,0,9,8,0.1111
4,268.0000,44,47,579.6109,-85.4085,0.8363,5,0.1250,0.8571,7,8,8,0,0,8,8,0.0000
4,268.0000,45,1,896.2250,-86.3719,2.7700,5,0.1220,,0,4,4,0,0,4,4,0.0000
4,268.0000,45,2,523.9626,-83.9771,0.0114,14,0.3415,0.8889,9,7,6,0,0,7,6,0.1429
4,268.0000,45,3,491.1704,-83.8339,0.3138,13,0.3171,0.8750,8,8,7,0,0,8,7,0.1250
4,268.0000,45,4,495.0635,-83.0056,0.3386,17,0.4146,0.8571,7,8,7,0,0,8,7,0.1250
4,268.0000,45,5,878.6263,-86.1926,2.0084,5,0.1220,,0,4,4,0,0,4,4,0.0000
4,268.0000,45,6,687.0516,-86.1374,0.3785,13,0.3171,0.8571,7,4,4,0,0,4,4,0.0000
4,268.0000,45,7,911.8482,-87.1541,1.4637,3,0.0732,1.0000,8,8,8,0,0,8,8,0.0000
4,268.0000,45,8,360.5199,-79.6690,-0.7255,25,0.6098,0.5000,6,7,5,0,0,7,5,0.2857
4,268.0000,45,10,272.8382,-80.4341,1.5843,17,0.4146,0.6667,6,6,2,0,0,6,2,0.6667
4,268.0000,45,11,396.1744,-82.7474,1.4051,16,0.3902,0.8750,8,6,3,0,0,6,3,0.5000
4,268.0000,45,12,507.5896,-84.5895,-0.8906,13,0.3171,1.0000,10,6,6,0,0,6,6,0.0000
4,268.0000,45,13,739.5450,-85.4218,-0.4624,9,0.2195,1.0000,8,8,8,0,0,8,8,0.0000
4,268.0000,45,14,512.1411,-83.1521,-0.5205,14,0.3415,0.8571,7,7,6,0,0,7,6,0.1429
4,268.0000,45,16,512.4834,-84.0184,0.7126,11,0.2683,1.0000,8,8,6,0,0,8,6,0.2500
4,268.0000,45,17,386.1956,-82.5797,1.4577,16,0.3902,1.0000,8,8,7,0,0,8,7,0.1250
4,268.0000,45,18,426.7278,-81.9273,0.5623,19,0.4634,0.7143,7,8,8,0,0,8,8,0.0000
4,268.0000,45,20,213.5985,-77.0461,0.0793,29,0.7073,0.4000,5,5,2,0,0,5,2,0.6000
4,268.0000,45,21,709.3452,-87.1739,-1.0344,7,0.1707,0.7778,9,4,4,0,0,4,4,0.0000
4,268.0000,45,22,421.7228,-84.5706,-0.1071,11,0.2683,0.6667,6,6,2,0,0,6,2,0.6667
4,268.0000,45,23,442.5891,-84.5344,0.4956,15,0.3659,0.8571,7,6,3,0,0,6,3,0.5000
4,268.0000,45,24,368.9648,-80.4293,-0.1968,21,0.5122,1.0000,8,8,8,0,0,8,8,0.0000
4,268.0000,45,25,745.3585,-86.8426,-0.2707,10,0.2439,1.0000,8,7,6,0,0,7,6,0.1429
4,268.0000,45,26,840.8576,-88.2502,-0.1781,7,0.1707,0.8571,7,8,7,0,0,8,7,0.1250
4,268.0000,45,27,560.2790,-83.7137,-1.1593,9,0.2195,0.4000,5,7,6,0,0,7,6,0.1429
4,268.0000,45,29,710.4803,-85.8994,0.7953,11,0.2683,0.8750,8,8,8,0,0,8,8,0.0000
4,268.0000,45,31,562.4995,-84.8769,0.3115,17,0.4146,0.6250,8,8,8,0,0,8,8,0.0000
4,268.0000,45,32,683.7782,-86.2717,0.6357,9,0.2195,1.0000,8,8,7,0,0,8,7,0.1250
4,268.0000,45,33,851.9198,-88.0011,-0.3728,6,0.1463,1.0000,6,4,4,0,0,4,4,0.0000
4,268.0000,45,34,736.7491,-86.2131,-0.0561,6,0.1463,1.0000,6,8,8,0,0,8,8,0.0000
4,268.0000,45,35,963.2942,-89.2635,0.5524,4,0.0976,1.0000,4,4,4,0,0,4,4,0.0000
4,268.0000,45,36,977.9872,-87.3450,-0.4373,6,0.1463,1.0000,6,7,6,0,0,7,6,0.1429
4,268.0000,45,37,567.0550,-84.6751,1.1070,14,0.3415,0.8750,8,6,4,0,0,6,4,0.3333
4,268.0000,45,38,592.2706,-83.5777,-0.0269,13,0.3171,0.7143,7,8,7,0,0,8,7,0.1250
4,268.0000,45,41,971.2344,-88.7412,0.8864,3,0.0732,1.0000,4,6,6,0,0,6,6,0.0000
4,268.0000,45,42,636.3715,-84.7215,-0.5611,13,0.3171,1.0000,8,7,6,0,0,7,6,0.1429
4,268.0000,45,43,698.5302,-86.9525,0.9271,10,0.2439,1.0000,8,7,6,0,0,7,6,0.1429
4,268.0000,45,44,907.7459,-88.3035,0.3318,4,0.0976,1.0000,6,2,2,0,0,2,2,0.0000
4,268.0000,45,47,472.2990,-81.2674,-1.9133,16,0.3902,0.8571,7,8,8,0,0,8,8,0.0000
4,268.0000,46,0,433.1566,-82.1399,-0.1184,27,0.6750,0.8000,5,9,6,0,0,9,6,0.3333
4,268.0000,46,1,545.2583,-84.9446,0.2905,12,0.3000,1.0000,8,8,8,0,0,8,8,0.0000
4,268.0000,46,9,587.3568,-86.3377,0.5117,16,0.4000,0.7143,7,7,5,0,0,7,5,0.2857
4,268.0000,46,13,732.3116,-87.1958,2.8396,7,0.1750,1.0000,6,8,8,0,0,8,8,0.0000
4,268.0000,46,15,224.7538,-77.6820,0.9853,39,0.9750,0.2000,5,4,0,0,0,4,0,1.0000
4,268.0000,46,19,373.9106,-82.5427,0.0360,27,0.6750,0.4000,5,6,4,0,0,6,4,0.3333
4,268.0000,46,21,773.5212,-86.9430,0.5585,7,0.1750,1.0000,8,8,8,0,0,8,8,0.0000
4,268.0000,46,25,692.0782,-86.2030,-1.7103,8,0.2000,1.0000,8,8,8,0,0,8,8,0.0000
4,268.0000,46,28,143.3266,-74.3792,0.4881,38,0.9500,0.0000,4,7,3,0,0,7,3,0.5714
4,268.0000,46,30,484.8259,-83.7016,-0.0540,24,0.6000,0.7143,7,6,4,0,0,6,4,0.3333
4,268.0000,46,31,949.7114,-89.0373,-0.3615,3,0.0750,1.0000,6,8,8,0,0,8,8,0.0000
4,268.0000,46,32,805.0089,-87.8551,0.8516,7,0.1750,1.0000,8,8,8,0,0,8,8,0.0000
4,268.0000,46,36,578.1840,-85.3613,-0.6462,12,0.3000,0.8750,8,8,8,0,0,8,8,0.0000
4,268.0000,46,39,312.4709,-80.6822,0.3641,34,0.8500,0.2000,5,5,2,0,0,5,2,0.6000
4,268.0000,46,40,390.1616,-81.3208,-0.5179,31,0.7750,0.8750,8,6,3,0,0,6,3,0.5000
4,268.0000,46,44,741.7650,-86.4338,-0.0635,9,0.2250,1.0000,8,8,8,0,0,8,8,0.0000
4,268.0000,47,1,542.7399,-85.1824,-0.0156,11,0.2750,1.0000,6,7,6,0,0,7,6,0.1429
4,268.0000,47,2,885.3428,-86.5710,-0.6494,3,0.0750,1.0000,8,8,8,0,0,8,8,0.0000
4,268.0000,47,3,833.9635,-87.2315,0.0269,3,0.0750,0.8571,7,8,8,0,0,8,8,0.0000
4,268.0000,47,4,615.4053,-85.4597,-0.2443,8,0.2000,1.0000,8,8,8,0,0,8,8,0.0000
4,268.0000,47,6,517.7499,-83.2845,-1.1109,16,0.4000,0.5714,7,7,6,0,0,7,6,0.1429
4,268.0000,47,8,519.8206,-82.6192,-0.8716,17,0.4250,0.7500,8,7,6,0,0,7,6,0.1429
4,268.0000,47,9,660.9858,-86.7370,0.0479,7,0.1750,1.0000,6,8,7,0,0,8,7,0.1250
4,268.0000,47,10,578.0679,-85.5063,-0.2432,9,0.2250,1.0000,8,6,4,0,0,6,4,0.3333
4,268.0000,47,11,617.9218,-85.1731,-0.8555,9,0.2250,1.0000,8,6,3,0,0,6,3,0.5000
4,268.0000,47,12,889.5898,-86.3661,0.4581,6,0.1500,1.0000,8,8,8,0,0,8,8,0.0000
4,268.0000,47,13,457.7353,-83.8511,0.6066,13,0.3250,1.0000,8,6,4,0,0,6,4,0.3333
4,268.0000,47,14,234.0908,-74.8748,-0.5949,37,0.9250,0.2000,5,3,0,0,0,3,0,1.0000
4,268.0000,47,16,466.3554,-83.3195,-0.2723,14,0.3500,0.8571,7,8,8,0,0,8,8,0.0000
4,268.0000,47,17,815.1915,-86.4613,-2.4738,4,0.1000,1.0000,6,8,8,0,0,8,8,0.0000
4,268.0000,47,18,257.1098,-74.1208,-1.5739,34,0.8500,0.0000,4,6,4,0,0,6,4,0.3333
4,268.0000,47,20,590.6109,-83.7205,0.1522,9,0.2250,1.0000,8,8,8,0,0,8,8,0.0000
4,268.0000,47,21,509.0385,-83.9222,0.0168,12,0.3000,1.0000,6,6,3,0,0,6,3,0.5000
4,268.0000,47,22,800.8626,-87.3331,2.2591,5,0.1250,1.0000,8,8,8,0,0,8,8,0.0000
4,268.0000,47,23,844.3545,-87.7014,3.3434,3,0.0750,1.0000,8,6,6,0,0,6,6,0.0000
4,268.0000,47,24,381.2562,-78.9575,-0.3209,21,0.5250,0.5714,7,7,5,0,0,7,5,0.2857
4,268.0000,47,25,423.0133,-84.1661,0.6739,16,0.4000,0.5000,6,5,2,0,0,5,2,0.6000
4,268.0000,47,27,302.4893,-79.1470,0.7080,32,0.8000,0.4000,5,8,8,0,0,8,8,0.0000
4,268.0000,47,31,255.4856,-79.5080,0.6395,23,0.5750,0.5714,7,4,0,0,0,4,0,1.0000
4,268.0000,47,32,290.5918,-81.0505,1.0919,23,0.5750,0.8889,9,6,3,0,0,6,3,0.5000
4,268.0000,47,34,929.1385,-86.9856,-0.2975,6,0.1500,1.0000,4,4,4,0,0,4,4,0.0000
4,268.0000,47,36,740.1115,-85.1482,0.2107,5,0.1250,0.8571,7,8,6,0,0,8,6,0.2500
4,268.0000,47,37,679.0434,-86.2352,0.2589,8,0.2000,1.0000,8,8,7,0,0,8,7,0.1250
4,268.0000,47,38,361.6356,-79.6622,-0.5918,25,0.6250,0.2000,5,8,6,0,0,8,6,0.2500
4,268.0000,47,42,583.8172,-84.9523,0.0141,12,0.3000,1.0000,8,6,4,0,0,6,4,0.3333
4,268.0000,47,43,1045.4135,-87.9005,1.0287,4,0.1000,1.0000,2,4,4,0,0,4,4,0.0000
4,268.0000,47,44,579.6109,-86.1382,0.0129,8,0.2000,0.8000,5,6,4,0,0,6,4,0.3333
4,268.0000,47,45,472.2990,-82.2002,-0.1705,14,0.3500,0.7143,7,8,7,0,0,8,7,0.1250
4,272.0000,0,1,737.1095,-87.0574,0.1888,6,0.1500,1.0000,8,8,8,0,0,8,8,0.0000
4,272.0000,0,9,526.5776,-83.0361,-1.4126,16,0.4000,0.5000,6,5,1,0,0,5,1,0.8000
4,272.0000,0,13,896.3322,-86.7441,0.3440,4,0.1000,1.0000,8,8,8,0,0,8,8,0.0000
4,272.0000,0,15,497.5706,-82.0008,-0.4406,30,0.7500,0.5000,6,7,5,0,0,7,5,0.2857
4,272.0000,0,19,800.6508,-86.8366,0.4061,4,0.1000,1.0000,8,8,8,0,0,8,8,0.0000
4,272.0000,0,21,849.4476,-86.5093,-0.9051,5,0.1250,1.0000,8,8,8,0,0,8,8,0.0000
4,272.0000,0,25,903.2326,-87.2543,-2.0965,3,0.0750,1.0000,8,9,8,0,0,9,8,0.1111
4,272.0000,0,27,1091.3955,-88.3559,-0.6901,3,0.0750,1.0000,8,6,6,0,0,6,6,0.0000
4,272.0000,0,28,426.5089,-80.9404,-0.3794,25,0.6250,0.6250,8,6,3,0,0,6,3,0.5000
4,272.0000,0,30,182.3620,-72.6550,-0.8275,37,0.9250,0.0000,4,4,0,0,0,4,0,1.0000
4,272.0000,0,32,1053.4024,-87.8794,0.9191,3,0.0750,1.0000,4,8,8,0,0,8,8,0.0000
4,272.0000,0,36,855.2410,-86.9133,-0.4575,4,0.1000,1.0000,8,6,6,0,0,6,6,0.0000
4,272.0000,0,39,352.1595,-79.9963,-0.5844,35,0.8750,0.3333,6,5,1,0,0,5,1,0.8000
4,272.0000,0,40,158.3006,-73.9465,-0.0691,39,0.9750,0.0000,4,4,0,0,0,4,0,1.0000
4,272.0000,0,44,670.3882,-84.5439,0.1035,10,0.2500,1.0000,8,8,8,0,0,8,8,0.0000
4,272.0000,0,46,486.5402,-83.3373,-0.1916,19,0.4750,0.5714,7,7,5,0,0,7,5,0.2857
4,272.0000,1,0,737.1095,-85.7334,0.1363,18,0.4500,0.8000,5,8,8,0,0,8,8,0.0000
4,272.0000,1,4,659.4838,-86.4314,0.4704,8,0.2000,1.0000,8,8,7,0,0,8,7,0.1250
4,272.0000,1,6,626.4140,-84.9787,0.8590,13,0.3250,1.0000,8,8,8,0,0,8,8,0.0000
4,272.0000,1,8,820.3919,-86.7165,-0.6183,6,0.1500,1.0000,8,4,4,0,0,4,4,0.0000
4,272.0000,1,9,363.8810,-81.0127,0.3502,28,0.7000,0.5000,6,7,5,0,0,7,5,0.2857
4,272.0000,1,13,176.5263,-75.6101,0.5165,34,0.8500,0.0000,4,6,2,0,0,6,2,0.6667
4,272.0000,1,14,667.3468,-86.4564,1.0397,4,0.1000,1.0000,8,8,8,0,0,8,8,0.0000
4,272.0000,1,15,797.0072,-86.7205,-0.5629,15,0.3750,1.0000,8,8,8,0,0,8,8,0.0000
4,272.0000,1,16,738.2608,-88.7932,0.1792,6,0.1500,1.0000,6,7,6,0,0,7,6,0.1429
4,272.0000,1,18,830.8858,-88.0755,1.4384,5,0.1250,0.7143,7,8,8,0,0,8,8,0.0000
4,272.0000,1,19,630.7315,-85.5370,0.2556,21,0.5250,0.8571,7,7,6,0,0,7,6,0.1429
4,272.0000,1,21,335.7941,-80.4678,0.2314,27,0.6750,0.7143,7,6,4,0,0,6,4,0.3333
4,272.0000,1,24,795.1682,-88.4951,0.3489,5,0.1250,1.0000,8,8,8,0,0,8,8,0.0000
4,272.0000,1,25,190.6741,-75.3351,-0.1845,34,0.8500,0.0000,4,4,0,0,0,4,0,1.0000
4,272.0000,1,27,659.3099,-85.3308,-0.3143,8,0.2000,1.0000,8,7,6,0,0,7,6,0.1429
4,272.0000,1,28,549.5210,-84.1153,0.4052,25,0.6250,0.6667,12,7,5,0,0,7,5,0.2857
4,272.0000,1,30,582.3465,-84.8333,0.0717,16,0.4000,0.8571,7,5,2,0,0,5,2,0.6000
4,272.0000,1,31,361.0089,-81.1808,0.5317,19,0.4750,0.6667,6,5,2,0,0,5,2,0.6000
4,272.0000,1,32,330.4058,-78.2584,-0.0664,25,0.6250,0.5000,6,4,0,0,0,4,0,1.0000
4,272.0000,1,36,275.3174,-79.0231,-0.2347,33,0.8250,0.0000,4,7,5,0,0,7,5,0.2857
4,272.0000,1,38,677.9898,-87.1404,0.3726,7,0.1750,0.7143,7,8,8,0,0,8,8,0.0000
4,272.0000,1,39,626.4933,-85.7796,0.2569,21,0.5250,1.0000,8,7,6,0,0,7,6,0.1429
4,272.0000,1,40,789.5177,-86.9369,-0.5360,13,0.3250,0.7143,7,6,6,0,0,6,6,0.0000
4,272.0000,1,42,504.4441,-82.7890,-0.2706,16,0.4000,0.8750,8,7,5,0,0,7,5,0.2857
4,272.0000,1,44,399.7093,-81.0644,0.9310,25,0.6250,0.7143,7,5,2,0,0,5,2,0.6000
4,272.0000,1,46,484.5837,-84.5002,0.7700,24,0.6000,0.8571,7,6,3,0,0,6,3,0.5000
4,272.0000,1,47,392.5116,-83.1530,1.0627,11,0.2750,0.7143,7,5,1,0,0,5,1,0.8000
4,272.0000,2,3,103.6302,-69.8016,-1.1658,32,0.8000,0.3333,6,4,0,0,0,4,0,1.0000
4,272.0000,2,4,806.9700,-87.0125,-2.1272,4,0.1000,1.0000,8,6,6,0,0,6,6,0.0000
4,272.0000,2,5,937.5739,-87.5725,0.0531,7,0.1750,1.0000,6,2,1,0,0,2,1,0.5000
4,272.0000,2,6,939.4405,-88.1242,1.0207,3,0.0750,1.0000,8,2,2,0,0,2,2,0.0000
4,272.0000,2,7,515.1899,-84.2313,-0.7405,17,0.4250,1.0000,8,6,4,0,0,6,4,0.3333
4,272.0000,2,8,567.7009,-85.8482,0.1610,8,0.2000,0.8571,7,7,5,0,0,7,5,0.2857
4,272.0000,2,10,572.7360,-84.7007,-0.5693,7,0.1750,0.8571,7,8,8,0,0,8,8,0.0000
4,272.0000,2,11,377.6362,-79.7046,-0.3306,16,0.4000,0.6667,6,7,6,0,0,7,6,0.1429
4,272.0000,2,12,343.2332,-80.6687,-0.2665,18,0.4500,0.7143,7,6,3,0,0,6,3,0.5000
4,272.0000,2,14,987.1712,-88.5330,-0.7935,5,0.1250,1.0000,8,4,4,0,0,4,4,0.0000
4,272.0000,2,17,394.0091,-81.1041,-0.8256,19,0.4750,0.7143,7,6,4,0,0,6,4,0.3333
4,272.0000,2,18,778.5702,-87.0753,0.3938,3,0.0750,0.8571,7,8,8,0,0,8,8,0.0000
4,272.0000,2,20,321.9405,-79.6550,-0.4731,15,0.3750,0.6667,6,8,7,0,0,8,7,0.1250
4,272.0000,2,22,439.4786,-83.4134,0.0663,16,0.4000,0.8750,8,8,6,0,0,8,6,0.2500
4,272.0000,2,23,308.9728,-80.3814,1.1554,15,0.3750,1.0000,8,5,2,0,0,5,2,0.6000
4,272.0000,2,24,559.8099,-85.6293,-1.9062,6,0.1500,0.7143,7,7,6,0,0,7,6,0.1429
4,272.0000,2,26,910.0166,-86.4639,-0.5199,3,0.0750,1.0000,4,8,8,0,0,8,8,0.0000
4,272.0000,2,29,413.9933,-81.4052,-0.7722,18,0.4500,0.7778,9,6,6,0,0,6,6,0.0000
4,272.0000,2,32,993.2811,-89.2002,0.5692,3,0.0750,,0,6,6,0,0,6,6,0.0000
4,272.0000,2,33,370.2605,-81.8361,-0.1370,23,0.5750,0.8571,7,6,3,0,0,6,3,0.5000
4,272.0000,2,34,706.8643,-86.6027,-0.0440,5,0.1250,0.8750,8,8,7,0,0,8,7,0.1250
4,272.0000,2,35,919.2170,-88.4953,0.3732,4,0.1000,1.0000,8,8,8,0,0,8,8,0.0000
4,272.0000,2,37,827.1570,-86.7040,-1.2018,5,0.1250,0.8000,5,8,8,0,0,8,8,0.0000
4,272.0000,2,42,981.6355,-88.4826,-0.2893,3,0.0750,1.0000,8,8,8,0,0,8,8,0.0000
4,272.0000,2,43,325.5020,-80.3800,-0.9510,21,0.5250,0.5000,6,6,3,0,0,6,3,0.5000
4,272.0000,2,45,482.9380,-83.9277,-0.3772,8,0.2000,0.8571,7,6,3,0,0,6,3,0.5000
4,272.0000,2,47,981.4032,-88.3137,-1.5992,4,0.1000,1.0000,6,10,10,0,0,10,10,0.0000
4,272.0000,3,2,103.6302,-69.3935,-0.6387,36,0.9000,0.0000,4,5,1,0,0,5,1,0.8000
4,272.0000,3,4,746.5974,-87.3328,-0.4082,7,0.1750,1.0000,8,8,8,0,0,8,8,0.0000
4,272.0000,3,6,862.9142,-88.4131,-0.0632,5,0.1250,1.0000,6,8,8,0,0,8,8,0.0000
4,272.0000,3,7,537.9631,-84.5057,0.7218,19,0.4750,0.4000,5,8,7,0,0,8,7,0.1250
4,272.0000,3,8,508.4843,-83.9711,0.5743,14,0.3500,0.6667,6,7,6,0,0,7,6,0.1429
4,272.0000,3,10,488.7693,-83.5632,-0.6449,16,0.4000,0.7143,7,7,6,0,0,7,6,0.1429
4,272.0000,3,11,274.0430,-77.5979,-0.0031,27,0.6750,0.2000,5,7,6,0,0,7,6,0.1429
4,272.0000,3,12,352.5296,-79.4089,-0.0977,23,0.5750,0.5714,7,7,6,0,0,7,6,0.1429
4,272.0000,3,14,886.5133,-88.0900,0.0750,4,0.1000,1.0000,4,8,8,0,0,8,8,0.0000
4,272.0000,3,16,887.1736,-88.0003,0.2184,5,0.1250,1.0000,8,8,8,0,0,8,8,0.0000
4,272.0000,3,17,361.8067,-79.5596,-1.4199,25,0.6250,0.2000,5,7,6,0,0,7,6,0.1429
4,272.0000,3,18,680.1778,-86.4591,-0.7685,10,0.2500,1.0000,8,8,8,0,0,8,8,0.0000
4,272.0000,3,20,242.4183,-78.0894,0.8127,25,0.6250,0.3333,6,6,2,0,0,6,2,0.6667
4,272.0000,3,22,396.6034,-81.5148,0.0281,18,0.4500,0.8571,7,6,4,0,0,6,4,0.3333
4,272.0000,3,23,280.3815,-78.7436,0.0856,23,0.5750,0.3000,10,7,5,0,0,7,5,0.2857
4,272.0000,3,24,459.9964,-83.9266,0.1014,15,0.3750,0.8750,8,6,4,0,0,6,4,0.3333
4,272.0000,3,26,875.0098,-87.1882,-0.4618,9,0.2250,1.0000,6,8,8,0,0,8,8,0.0000
4,272.0000,3,29,435.8053,-80.1531,-0.7711,25,0.6250,0.8000,5,7,6,0,0,7,6,0.1429
4,272.0000,3,31,858.7978,-87.7166,0.0803,5,0.1250,1.0000,8,8,8,0,0,8,8,0.0000
4,272.0000,3,32,897.1496,-87.4752,2.0138,3,0.0750,1.0000,8,8,8,0,0,8,8,0.0000
4,272.0000,3,33,430.7932,-81.9346,-0.8947,30,0.7500,0.5000,6,7,5,0,0,7,5,0.2857
4,272.0000,3,34,675.8149,-85.5552,-0.2292,14,0.3500,1.0000,8,8,8,0,0,8,8,0.0000
4,272.0000,3,35,890.6265,-87.8874,-0.3097,4,0.1000,1.0000,6,6,6,0,0,6,6,0.0000
4,272.0000,3,37,749.8844,-84.8684,-0.5857,8,0.2000,0.8750,8,4,4,0,0,4,4,0.0000
4,272.0000,3,41,934.8151,-87.6832,-0.8650,10,0.2500,1.0000,8,8,8,0,0,8,8,0.0000
4,272.0000,3,43,326.1664,-79.0158,-0.3846,29,0.7250,0.5000,6,6,4,0,0,6,4,0.3333
4,272.0000,3,45,409.2598,-83.7335,1.1545,11,0.2750,0.6667,6,6,3,0,0,6,3,0.5000
4,272.0000,3,47,882.1196,-88.1612,0.5756,3,0.0750,1.0000,6,4,4,0,0,4,4,0.0000
4,272.0000,4,1,659.4838,-85.5984,-0.2051,8,0.2000,0.8750,8,8,8,0,0,8,8,0.0000
4,272.0000,4,2,806.9700,-87.4335,1.6825,3,0.0750,1.0000,8,6,6,0,0,6,6,0.0000
4,272.0000,4,3,746.5974,-86.3454,0.0458,4,0.1000,1.0000,8,7,6,0,0,7,6,0.1429
4,272.0000,4,6,492.1406,-83.4606,-0.1619,11,0.2750,0.8571,7,7,6,0,0,7,6,0.1429
4,272.0000,4,8,258.8646,-75.3892,-0.5904,30,0.7500,0.5714,7,6,4,0,0,6,4,0.3333
4,272.0000,4,9,892.6061,-88.5229,0.7207,3,0.0750,1.0000,6,2,2,0,0,2,2,0.0000
4,272.0000,4,11,637.1453,-84.5167,0.5720,4,0.1000,1.0000,8,8,8,0,0,8,8,0.0000
4,272.0000,4,13,497.2847,-82.8547,0.3391,10,0.2500,0.8750,8,8,6,0,0,8,6,0.2500
4,272.0000,4,16,807.4068,-87.1115,-1.5536,3,0.0750,1.0000,4,8,8,0,0,8,8,0.0000
4,272.0000,4,17,811.6294,-86.6174,-0.8112,3,0.0750,1.0000,8,8,8,0,0,8,8,0.0000
4,272.0000,4,18,814.6591,-87.7923,-0.4524,4,0.1000,0.6667,6,8,8,0,0,8,8,0.0000
4,272.0000,4,19,1036.8031,-87.7202,0.0448,3,0.0750,1.0000,4,4,4,0,0,4,4,0.0000
4,272.0000,4,20,542.5378,-84.5063,-1.6275,5,0.1250,0.8750,8,8,8,0,0,8,8,0.0000
4,272.0000,4,21,482.3422,-84.1040,0.3775,11,0.2750,1.0000,8,6,6,0,0,6,6,0.0000
4,272.0000,4,23,814.7491,-87.5322,-0.6266,3,0.0750,1.0000,6,8,8,0,0,8,8,0.0000
4,272.0000,4,24,552.9026,-82.9246,-0.6401,4,0.1000,0.8571,7,6,4,0,0,6,4,0.3333
4,272.0000,4,25,491.8212,-83.5003,0.7234,8,0.2000,1.0000,8,7,6,0,0,7,6,0.1429
4,272.0000,4,27,834.2726,-87.2515,-0.0811,4,0.1000,1.0000,8,8,8,0,0,8,8,0.0000
4,272.0000,4,31,489.4446,-84.0512,-1.2472,7,0.1750,0.8571,7,8,7,0,0,8,7,0.1250
4,272.0000,4,32,511.4635,-84.6951,0.1630,11,0.2750,1.0000,8,6,4,0,0,6,4,0.3333
4,272.0000,4,36,541.1789,-84.9333,0.6993,12,0.3000,1.0000,8,7,6,0,0,7,6,0.1429
4,272.0000,4,38,918.0940,-87.8591,1.2171,3,0.0750,0.8571,7,8,8,0,0,8,8,0.0000
4,272.0000,4,42,225.0849,-75.8605,-0.0654,33,0.8250,0.4000,5,4,0,0,0,4,0,1.0000
4,272.0000,4,44,845.9108,-88.6590,-0.4255,3,0.0750,1.0000,8,6,6,0,0,6,6,0.0000
4,272.0000,4,45,591.1849,-83.6840,-3.3639,6,0.1500,1.0000,8,8,7,0,0,8,7,0.1250
4,272.0000,4,47,586.0039,-85.7652,-1.1548,5,0.1250,0.6667,6,8,8,0,0,8,8,0.0000
4,272.0000,5,7,581.1770,-84.1457,-1.4982,14,0.3590,1.0000,8,8,8,0,0,8,8,0.0000
4,272.0000,5,10,745.8457,-86.7924,-0.8239,8,0.2051,1.0000,8,8,8,0,0,8,8,0.0000
4,272.0000,5,11,893.7824,-87.6966,-1.2084,4,0.1026,1.0000,6,8,8,0,0,8,8,0.0000
4,272.0000,5,12,651.5341,-84.2765,-0.6107,7,0.1795,1.0000,8,8,8,0,0,8,8,0.0000
4,272.0000,5,16,971.1200,-88.5923,-0.3450,5,0.1282,1.0000,8,8,8,0,0,8,8,0.0000
4,272.0000,5,17,743.3039,-85.8922,-0.2777,6,0.1538,1.0000,8,8,8,0,0,8,8,0.0000
4,272.0000,5,18,803.9156,-86.7567,0.0431,4,0.1026,0.8571,7,8,8,0,0,8,8,0.0000
4,272.0000,5,20,970.8660,-87.5663,-0.1843,5,0.1282,1.0000,8,8,8,0,0,8,8,0.0000
4,272.0000,5,22,689.6601,-86.4974,-0.9220,7,0.1795,1.0000,8,8,8,0,0,8,8,0.0000
4,272.0000,5,23,748.5334,-86.6537,1.0048,6,0.1538,1.0000,8,7,6,0,0,7,6,0.1429
4,272.0000,5,24,1040.5205,-88.4487,0.7600,4,0.1026,1.0000,6,4,4,0,0,4,4,0.0000
4,272.0000,5,26,257.8170,-78.4348,0.2069,34,0.8718,0.5000,6,4,0,0,0,4,0,1.0000
4,272.0000,5,29,613.0736,-84.6334,-0.0910,8,0.2051,1.0000,8,8,8,0,0,8,8,0.0000
4,272.0000,5,33,832.3875,-87.5989,-0.3215,4,0.1026,0.8750,8,6,4,0,0,6,4,0.3333
4,272.0000,5,34,256.6044,-76.7509,-0.2761,27,0.6923,0.5714,7,5,1,0,0,5,1,0.8000
4,272.0000,5,35,130.2330,-74.0135,1.5825,36,0.9231,0.0000,4,4,0,0,0,4,0,1.0000
4,272.0000,5,37,515.0236,-81.6675,-1.4522,16,0.4103,0.6667,6,8,7,0,0,8,7,0.1250
4,272.0000,5,41,210.3200,-77.7536,0.8960,33,0.8462,0.2000,5,4,0,0,0,4,0,1.0000
4,272.0000,5,43,621.8185,-85.9674,0.1170,9,0.2308,0.8571,7,8,8,0,0,8,8,0.0000
4,272.0000,5,45,889.9010,-88.2204,-0.1639,3,0.0769,1.0000,4,8,8,0,0,8,8,0.0000
4,272.0000,6,1,626.4140,-85.9786,0.4667,11,0.2750,0.8750,8,7,6,0,0,7,6,0.1429
4,272.0000,6,4,492.1406,-83.1484,-0.9601,14,0.3500,0.8571,7,7,5,0,0,7,5,0.2857
4,272.0000,6,8,483.1975,-82.1528,-0.3595,14,0.3500,0.6667,6,7,6,0,0,7,6,0.1429
4,272.0000,6,11,687.8974,-84.6378,-0.7312,6,0.1500,0.8571,7,7,6,0,0,7,6,0.1429
4,272.0000,6,13,472.2375,-82.4000,-1.1422,21,0.5250,0.8571,7,6,4,0,0,6,4,0.3333
4,272.0000,6,14,827.1278,-85.8625,-1.6149,4,0.1000,0.8750,8,8,8,0,0,8,8,0.0000
4,272.0000,6,19,890.3751,-87.4937,-0.5514,7,0.1750,1.0000,4,4,4,0,0,4,4,0.0000
4,272.0000,6,21,704.8215,-86.8707,-0.2077,9,0.2250,1.0000,8,7,6,0,0,7,6,0.1429
4,272.0000,6,24,503.0162,-83.0696,-0.0638,10,0.2500,0.8571,7,7,5,0,0,7,5,0.2857
4,272.0000,6,25,507.9291,-83.6420,0.1702,11,0.2750,0.8571,7,7,6,0,0,7,6,0.1429
4,272.0000,6,31,432.7699,-80.5302,-1.8485,19,0.4750,0.5000,6,7,5,0,0,7,5,0.2857
4,272.0000,6,32,425.8490,-82.6642,-0.4677,16,0.4000,0.7143,7,5,2,0,0,5,2,0.6000
4,272.0000,6,36,531.3238,-83.4955,-0.2349,17,0.4250,1.0000,8,6,6,0,0,6,6,0.0000
4,272.0000,6,42,378.3465,-80.8046,0.0571,23,0.5750,1.0000,8,5,2,0,0,5,2,0.6000
4,272.0000,6,44,947.9826,-87.2758,-1.2570,4,0.1000,1.0000,8,8,8,0,0,8,8,0.0000
4,272.0000,6,46,971.5218,-88.6865,-0.1387,4,0.1000,,0,8,8,0,0,8,8,0.0000
4,272.0000,6,47,576.4036,-84.5359,1.1517,9,0.2250,0.8571,7,7,6,0,0,7,6,0.1429
4,272.0000,7,2,515.1899,-84.6144,0.1101,10,0.2500,0.8571,7,7,5,0,0,7,5,0.2857
4,272.0000,7,3,537.9631,-83.6101,-0.2898,9,0.2250,1.0000,8,8,8,0,0,8,8,0.0000
4,272.0000,7,5,581.1770,-83.7771,0.5607,16,0.4000,0.8750,8,8,8,0,0,8,8,0.0000
4,272.0000,7,10,742.3684,-86.8636,-0.4175,6,0.1500,1.0000,8,8,8,0,0,8,8,0.0000
4,272.0000,7,11,680.7219,-84.9648,-0.0309,6,0.1500,1.0000,8,8,7,0,0,8,7,0.1250
4,272.0000,7,12,358.7333,-80.3076,0.8870,15,0.3750,0.4000,5,8,8,0,0,8,8,0.0000
4,272.0000,7,17,583.0068,-84.7084,-0.2586,7,0.1750,0.7143,7,8,8,0,0,8,8,0.0000
4,272.0000,7,18,892.9478,-88.2281,0.4513,4,0.1000,1.0000,4,6,6,0,0,6,6,0.0000
4,272.0000,7,20,728.5582,-85.9541,0.4597,5,0.1250,1.0000,8,8,7,0,0,8,7,0.1250
4,272.0000,7,22,581.5882,-86.4995,0.8562,10,0.2500,0.7500,8,8,7,0,0,8,7,0.1250
4,272.0000,7,23,521.4624,-84.0897,0.7453,13,0.3250,0.8750,8,8,8,0,0,8,8,0.0000
4,272.0000,7,24,872.1496,-87.6561,0.4535,5,0.1250,1.0000,10,8,8,0,0,8,8,0.0000
4,272.0000,7,26,674.3004,-86.8261,-0.1988,7,0.1750,1.0000,8,7,6,0,0,7,6,0.1429
4,272.0000,7,29,106.7805,-73.6839,1.7205,29,0.7250,0.6667,6,4,0,0,0,4,0,1.0000
4,272.0000,7,33,261.5775,-78.1467,-0.1269,28,0.7000,0.1667,6,6,2,0,0,6,2,0.6667
4,272.0000,7,34,375.0680,-80.1573,0.4228,21,0.5250,0.8571,7,8,6,0,0,8,6,0.2500
4,272.0000,7,35,608.6870,-85.5284,0.6289,13,0.3250,1.0000,8,8,8,0,0,8,8,0.0000
4,272.0000,7,37,769.8396,-87.0103,-0.7380,7,0.1750,1.0000,8,8,8,0,0,8,8,0.0000
4,272.0000,7,41,631.3015,-84.6487,-0.7328,15,0.3750,1.0000,8,8,8,0,0,8,8,0.0000
4,272.0000,7,43,278.1499,-78.4995,0.0966,20,0.5000,0.3333,6,8,8,0,0,8,8,0.0000
4,272.0000,7,45,779.1443,-87.3139,0.0815,5,0.1250,1.0000,8,8,8,0,0,8,8,0.0000
4,272.0000,8,1,820.3919,-86.9369,-0.3165,4,0.1000,1.0000,8,8,8,0,0,8,8,0.0000
4,272.0000,8,2,567.7009,-84.5113,-0.8593,12,0.3000,1.0000,8,7,6,0,0,7,6,0.1429
4,272.0000,8,3,508.4843,-84.3649,0.3729,9,0.2250,1.0000,8,8,8,0,0,8,8,0.0000
4,272.0000,8,4,258.8646,-76.0123,-1.0271,30,0.7500,0.2000,5,6,4,0,0,6,4,0.3333
4,272.0000,8,6,483.1975,-81.8726,0.1960,20,0.5000,0.8571,7,8,8,0,0,8,8,0.0000
4,272.0000,8,10,617.5670,-83.6161,-0.1670,8,0.2000,0.8750,8,8,8,0,0,8,8,0.0000
4,272.0000,8,11,433.2518,-82.3007,0.7242,11,0.2750,0.6667,6,8,7,0,0,8,7,0.1250
4,272.0000,8,12,797.9237,-88.2676,0.6293,4,0.1000,1.0000,8,8,8,0,0,8,8,0.0000
4,272.0000,8,13,652.0060,-85.0810,0.3018,9,0.2250,1.0000,8,7,6,0,0,7,6,0.1429
4,272.0000,8,14,817.7019,-89.0423,0.3946,3,0.0750,1.0000,8,8,8,0,0,8,8,0.0000
4,272.0000,8,16,822.1167,-87.2789,1.8412,3,0.0750,1.0000,6,5,3,0,0,5,3,0.4000
4,272.0000,8,17,655.6971,-84.9271,1.2216,6,0.1500,0.8571,7,8,8,0,0,8,8,0.0000
4,272.0000,8,18,729.8285,-86.1967,-1.3694,6,0.1500,0.8750,8,8,8,0,0,8,8,0.0000
4,272.0000,8,20,344.2041,-80.6887,-0.0286,17,0.4250,0.4000,5,7,6,0,0,7,6,0.1429
4,272.0000,8,21,678.0380,-85.6278,-0.1952,4,0.1000,0.8571,7,8,8,0,0,8,8,0.0000
4,272.0000,8,22,683.8988,-87.9836,-0.4038,3,0.0750,1.0000,8,8,7,0,0,8,7,0.1250
4,272.0000,8,23,634.4772,-86.3623,0.6100,6,0.1500,0.8571,7,8,8,0,0,8,8,0.0000
4,272.0000,8,24,390.1726,-80.9043,0.5330,16,0.4000,0.5714,7,7,3,0,0,7,3,0.5714
4,272.0000,8,25,635.5610,-84.6539,-0.7531,4,0.1000,0.7143,7,8,8,0,0,8,8,0.0000
4,272.0000,8,29,938.5287,-88.5303,-0.4872,4,0.1000,1.0000,4,4,4,0,0,4,4,0.0000
4,272.0000,8,31,545.9662,-82.4288,-0.3228,10,0.2500,0.6667,6,7,6,0,0,7,6,0.1429
4,272.0000,8,32,576.2135,-84.0443,0.0300,8,0.2000,1.0000,8,8,7,0,0,8,7,0.1250
4,272.0000,8,33,928.2135,-87.3358,-1.0291,4,0.1000,1.0000,4,6,6,0,0,6,6,0.0000
4,272.0000,8,36,739.6531,-86.1346,0.1500,9,0.2250,1.0000,4,8,7,0,0,8,7,0.1250
4,272.0000,8,38,955.7776,-87.4452,0.1927,3,0.0750,1.0000,8,2,2,0,0,2,2,0.0000
4,272.0000,8,42,419.8501,-80.8860,-0.7927,21,0.5250,0.8750,8,8,8,10,10,18,18,0.0000
4,272.0000,8,43,803.2009,-86.2782,0.6731,7,0.1750,1.0000,6,8,8,0,0,8,8,0.0000
4,272.0000,8,45,474.6514,-81.3631,-1.1051,10,0.2500,1.0000,8,7,6,0,0,7,6,0.1429
4,272.0000,8,47,634.4830,-84.3387,-0.6383,6,0.1500,1.0000,6,8,8,0,0,8,8,0.0000
4,272.0000,9,0,526.5776,-82.9868,-0.3447,25,0.6250,0.7143,7,8,8,0,0,8,8,0.0000
4,272.0000,9,1,363.8810,-79.5804,0.2532,22,0.5500,0.7143,7,6,4,0,0,6,4,0.3333
4,272.0000,9,4,892.6061,-88.6725,0.4020,3,0.0750,0.8571,7,8,8,0,0,8,8,0.0000
4,272.0000,9,6,970.2940,-87.8840,0.3261,3,0.0750,1.0000,4,8,8,0,0,8,8,0.0000
4,272.0000,9,13,507.5197,-84.5365,0.3207,14,0.3500,1.0000,8,7,4,0,0,7,4,0.4286
4,272.0000,9,14,700.5629,-86.8557,-1.3960,5,0.1250,1.0000,8,7,6,0,0,7,6,0.1429
4,272.0000,9,16,685.2517,-87.5567,-1.1173,5,0.1250,1.0000,8,8,8,0,0,8,8,0.0000
4,272.0000,9,19,843.2158,-88.5882,-0.7185,6,0.1500,1.0000,8,6,6,0,0,6,6,0.0000
4,272.0000,9,21,423.3531,-81.9262,-0.9587,20,0.5000,1.0000,8,7,6,0,0,7,6,0.1429
4,272.0000,9,25,471.3971,-83.3181,-2.2858,13,0.3250,0.7500,8,8,8,0,0,8,8,0.0000
4,272.0000,9,27,576.3519,-85.4954,1.4003,7,0.1750,0.8571,7,8,7,0,0,8,7,0.1250
4,272.0000,9,28,582.2544,-84.2761,-0.6238,21,0.5250,0.8571,7,6,6,0,0,6,6,0.0000
4,272.0000,9,30,350.8331,-80.8980,-0.0775,32,0.8000,1.0000,8,7,5,0,0,7,5,0.2857
4,272.0000,9,31,610.1709,-87.3605,-1.1676,6,0.1500,1.0000,8,7,6,0,0,7,6,0.1429
4,272.0000,9,32,595.6349,-84.1749,0.0418,8,0.2000,0.8750,8,8,8,0,0,8,8,0.0000
4,272.0000,9,36,586.0479,-85.2435,0.1189,12,0.3000,1.0000,8,8,8,0,0,8,8,0.0000
4,272.0000,9,38,577.6705,-85.3720,-0.8647,7,0.1750,1.0000,8,7,6,0,0,7,6,0.1429
4,272.0000,9,39,566.1829,-84.8701,-0.0399,26,0.6500,0.6667,6,7,6,0,0,7,6,0.1429
4,272.0000,9,40,641.4910,-84.7310,-0.2107,21,0.5250,1.0000,8,6,4,0,0,6,4,0.3333
4,272.0000,9,42,795.0548,-85.9641,-0.3059,5,0.1250,1.0000,6,6,5,0,0,6,5,0.1667
4,272.0000,9,44,152.9026,-73.5551,-0.0299,35,0.8750,0.0000,5,7,4,0,0,7,4,0.4286
4,272.0000,9,46,566.0894,-85.1834,-0.3850,17,0.4250,1.0000,8,8,8,0,0,8,8,0.0000
4,272.0000,9,47,550.3325,-84.9618,1.1030,7,0.1750,1.0000,8,8,8,0,0,8,8,0.0000
4,272.0000,10,1,953.9492,-87.9740,-1.4829,3,0.0750,1.0000,4,8,8,0,0,8,8,0.0000
4,272.0000,10,2,572.7360,-83.7867,-0.2629,14,0.3500,1.0000,8,6,3,0,0,6,3,0.5000
4,272.0000,10,3,488.7693,-82.7352,-0.2300,20,0.5000,0.8750,8,7,6,0,0,7,6,0.1429
4,272.0000,10,4,729.6111,-85.8464,1.1527,5,0.1250,0.8571,7,7,6,0,0,7,6,0.1429
4,272.0000,10,5,745.8457,-84.8891,0.1733,16,0.4000,0.8571,7,8,7,0,0,8,7,0.1250
4,272.0000,10,6,892.9689,-88.3816,1.1373,5,0.1250,1.0000,4,2,2,0,0,2,2,0.0000
4,272.0000,10,7,742.3684,-84.9286,-0.5564,10,0.2500,1.0000,8,6,6,0,0,6,6,0.0000
4,272.0000,10,8,617.5670,-84.2051,-1.6284,9,0.2250,1.0000,8,6,5,0,0,6,5,0.1667
4,272.0000,10,11,333.4232,-79.4697,-0.3054,25,0.6250,0.8750,8,7,6,0,0,7,6,0.1429
4,272.0000,10,12,488.6672,-80.8494,0.2743,22,0.5500,0.8571,7,8,8,0,0,8,8,0.0000
4,272.0000,10,13,863.4523,-88.0684,0.5216,4,0.1000,1.0000,6,6,5,0,0,6,5,0.1667
4,272.0000,10,14,487.8884,-83.2378,-0.3678,11,0.2750,0.6667,6,8,8,0,0,8,8,0.0000
4,272.0000,10,16,418.1589,-81.7804,0.7927,14,0.3500,1.0000,8,6,3,0,0,6,3,0.5000
4,272.0000,10,17,316.4327,-79.4226,-0.1025,29,0.7250,0.2500,4,8,7,0,0,8,7,0.1250
4,272.0000,10,18,302.1061,-81.1817,-0.2389,16,0.4000,0.7500,8,5,1,0,0,5,1,0.8000
4,272.0000,10,20,352.4072,-79.0793,-0.8707,26,0.6500,1.0000,8,7,6,0,0,7,6,0.1429
4,272.0000,10,22,266.7836,-77.5891,-0.3224,33,0.8250,0.5714,7,6,3,0,0,6,3,0.5000
4,272.0000,10,23,350.3611,-79.1785,-0.6651,26,0.6500,0.7500,8,8,8,0,0,8,8,0.0000
4,272.0000,10,24,433.2609,-81.6847,-0.6548,15,0.3750,0.8750,8,7,6,0,0,7,6,0.1429
4,272.0000,10,25,789.6012,-88.8819,0.1474,3,0.0750,1.0000,8,4,4,0,0,4,4,0.0000
4,272.0000,10,26,619.6186,-85.5141,-0.2291,12,0.3000,0.8750,8,6,6,0,0,6,6,0.0000
4,272.0000,10,27,532.6869,-84.6694,0.0333,9,0.2250,0.8750,8,7,4,0,0,7,4,0.4286
4,272.0000,10,29,660.3701,-84.0072,-0.7158,13,0.3250,0.6667,6,8,7,0,0,8,7,0.1250
4,272.0000,10,31,645.6160,-85.9686,-0.1573,6,0.1500,1.0000,8,7,6,0,0,7,6,0.1429
4,272.0000,10,32,687.4086,-88.0278,0.2867,5,0.1250,1.0000,6,8,8,0,0,8,8,0.0000
4,272.0000,10,33,800.9885,-86.3018,-0.0314,11,0.2750,0.6667,6,8,8,0,0,8,8,0.0000
4,272.0000,10,34,605.5381,-83.2811,-0.5666,20,0.5000,0.9000,10,7,6,0,0,7,6,0.1429
4,272.0000,10,35,695.2877,-86.5046,-0.5930,9,0.2250,0.8000,5,8,8,0,0,8,8,0.0000
4,272.0000,10,37,363.6586,-79.9307,0.0564,27,0.6750,0.5000,6,8,6,0,0,8,6,0.2500
4,272.0000,10,38,601.8137,-85.9061,-0.1194,8,0.2000,0.8571,7,8,5,0,0,8,5,0.3750
4,272.0000,10,41,759.1646,-86.5525,-0.4429,5,0.1250,1.0000,4,7,6,0,0,7,6,0.1429
4,272.0000,10,42,860.8503,-89.1636,-0.4364,4,0.1000,0.8750,8,8,8,0,0,8,8,0.0000
4,272.0000,10,43,499.6896,-83.1566,-0.5961,18,0.4500,0.8571,7,7,6,0,0,7,6,0.1429
4,272.0000,10,45,197.5367,-76.5884,0.9535,29,0.7250,0.0000,4,5,1,0,0,5,1,0.8000
4,272.0000,10,47,586.5991,-84.6540,-0.1811,7,0.1750,0.5000,4,10,9,0,0,10,9,0.1000
4,272.0000,11,2,377.6362,-80.4175,-0.4215,23,0.5750,0.5000,6,6,3,0,0,6,3,0.5000
4,272.0000,11,3,274.0430,-77.8208,-0.5910,30,0.7500,0.6667,6,7,4,0,0,7,4,0.4286
4,272.0000,11,4,637.1453,-86.7938,1.3699,3,0.0750,0.8571,7,8,8,0,0,8,8,0.0000
4,272.0000,11,6,687.8974,-85.4553,-2.0810,3,0.0750,0.8571,7,8,8,0,0,8,8,0.0000
4,272.0000,11,7,680.7219,-85.9707,-0.5791,5,0.1250,1.0000,8,8,8,0,0,8,8,0.0000
4,272.0000,11,8,433.2518,-81.2805,-0.1349,9,0.2250,0.5000,6,6,4,0,0,6,4,0.3333
4,272.0000,11,10,333.4232,-79.7507,0.0977,17,0.4250,0.6667,6,7,5,0,0,7,5,0.2857
4,272.0000,11,12,500.7094,-81.7806,0.0605,19,0.4750,0.8750,8,7,5,0,0,7,5,0.2857
4,272.0000,11,17,418.2217,-80.9097,-0.6081,14,0.3500,0.8571,7,7,5,0,0,7,5,0.2857
4,272.0000,11,18,436.6385,-82.4491,-1.3200,7,0.1750,0.7500,8,8,8,0,0,8,8,0.0000
4,272.0000,11,20,207.8100,-75.9253,0.1236,28,0.7000,0.0000,4,4,0,0,0,4,0,1.0000
4,272.0000,11,22,414.2303,-82.1163,0.0737,16,0.4000,0.7500,8,5,2,0,0,5,2,0.6000
4,272.0000,11,23,376.3299,-81.9500,-0.1938,17,0.4250,0.7143,7,7,6,0,0,7,6,0.1429
4,272.0000,11,24,209.0228,-76.1443,0.7576,25,0.6250,0.2500,4,8,6,0,0,8,6,0.2500
4,272.0000,11,26,847.5741,-87.1859,-1.1017,4,0.1000,1.0000,4,7,6,0,0,7,6,0.1429
4,272.0000,11,27,759.1402,-85.8771,-0.6428,3,0.0750,1.0000,8,8,7,0,0,8,7,0.1250
4,272.0000,11,29,590.2495,-83.6543,0.6409,11,0.2750,0.7143,7,8,8,0,0,8,8,0.0000
4,272.0000,11,31,612.8626,-85.3767,-1.9075,4,0.1000,0.8000,5,7,6,0,0,7,6,0.1429
4,272.0000,11,33,648.3580,-84.4963,0.1177,14,0.3500,0.8571,7,8,8,0,0,8,8,0.0000
4,272.0000,11,34,676.0690,-85.7880,-0.8753,6,0.1500,0.8750,8,8,8,0,0,8,8,0.0000
4,272.0000,11,37,593.9092,-84.1345,0.0449,9,0.2250,1.0000,8,7,6,0,0,7,6,0.1429
4,272.0000,11,43,465.2126,-84.7133,1.1626,9,0.2250,1.0000,8,7,6,0,0,7,6,0.1429
4,272.0000,11,45,315.4329,-79.9725,0.7265,17,0.4250,0.8571,7,6,2,0,0,6,2,0.6667
4,272.0000,11,47,625.2130,-85.3180,-1.3707,3,0.0750,0.8571,7,8,8,0,0,8,8,0.0000
4,272.0000,12,2,343.2332,-80.0485,-0.2467,21,0.5250,0.5000,6,5,1,0,0,5,1,0.8000
4,272.0000,12,3,352.5296,-79.2046,-0.5579,20,0.5000,0.2000,5,6,4,0,0,6,4,0.3333
4,272.0000,12,5,651.5341,-84.2255,-0.9179,12,0.3000,1.0000,8,8,8,0,0,8,8,0.0000
4,272.0000,12,7,358.7333,-81.3529,0.1624,28,0.7000,0.8571,7,6,2,0,0,6,2,0.6667
4,272.0000,12,8,797.9237,-86.0592,-1.8923,3,0.0750,1.0000,8,6,6,0,0,6,6,0.0000
4,272.0000,12,10,488.6672,-82.0020,-1.5304,15,0.3750,1.0000,8,8,8,0,0,8,8,0.0000
4,272.0000,12,11,500.7094,-82.7732,-0.3325,11,0.2750,1.0000,8,7,6,0,0,7,6,0.1429
4,272.0000,12,17,238.4249,-74.5621,-0.5445,29,0.7250,0.4000,5,6,4,0,0,6,4,0.3333
4,272.0000,12,18,732.6875,-88.3883,-1.0183,3,0.0750,1.0000,8,8,7,0,0,8,7,0.1250
4,272.0000,12,20,462.6708,-81.2093,-1.0535,10,0.2500,0.5714,7,6,4,0,0,6,4,0.3333
4,272.0000,12,22,257.4232,-75.4979,-0.6443,29,0.7250,0.0000,4,6,3,0,0,6,3,0.5000
4,272.0000,12,23,187.6566,-70.8091,-1.7403,31,0.7750,0.5000,6,6,4,0,0,6,4,0.3333
4,272.0000,12,24,708.2958,-87.3680,-1.1894,4,0.1000,1.0000,8,8,8,0,0,8,8,0.0000
4,272.0000,12,26,599.6213,-86.0663,0.5107,12,0.3000,0.8000,5,10,10,0,0,10,10,0.0000
4,272.0000,12,29,266.6585,-78.3615,-0.0245,33,0.8250,0.4444,9,5,2,0,0,5,2,0.6000
4,272.0000,12,33,399.2244,-81.6481,0.1354,27,0.6750,0.4000,5,5,2,0,0,5,2,0.6000
4,272.0000,12,34,468.0428,-82.2738,0.1160,20,0.5000,0.8571,7,6,3,0,0,6,3,0.5000
4,272.0000,12,35,610.7564,-85.8577,-0.0487,12,0.3000,0.8571,7,7,5,0,0,7,5,0.2857
4,272.0000,12,37,647.7755,-84.6207,-1.2296,11,0.2750,1.0000,8,8,8,0,0,8,8,0.0000
4,272.0000,12,41,627.3889,-85.3162,-0.6958,14,0.3500,1.0000,8,7,5,0,0,7,5,0.2857
4,272.0000,12,43,113.7897,-73.3623,2.1379,32,0.8000,0.2000,5,4,0,0,0,4,0,1.0000
4,272.0000,12,45,472.9828,-83.5434,0.5207,10,0.2500,1.0000,8,5,4,0,0,5,4,0.2000
4,272.0000,13,0,896.3322,-88.2712,-0.7061,5,0.1220,1.0000,8,8,7,0,0,8,7,0.1250
4,272.0000,13,1,176.5263,-75.8048,0.3158,36,0.8780,0.0000,4,4,0,0,0,4,0,1.0000
4,272.0000,13,4,497.2847,-83.2409,0.2231,19,0.4634,0.8571,7,7,6,0,0,7,6,0.1429
4,272.0000,13,6,472.2375,-81.0527,-0.4443,21,0.5122,0.8750,8,7,5,0,0,7,5,0.2857
4,272.0000,13,8,652.0060,-84.8801,-0.8729,11,0.2683,1.0000,6,7,6,0,0,7,6,0.1429
4,272.0000,13,9,507.5197,-84.6839,0.3847,14,0.3415,1.0000,8,8,6,0,0,8,6,0.2500
4,272.0000,13,10,863.4523,-88.5698,2.0405,3,0.0732,1.0000,6,8,8,0,0,8,8,0.0000
4,272.0000,13,14,654.7407,-85.4852,0.8907,7,0.1707,1.0000,8,8,8,0,0,8,8,0.0000
4,272.0000,13,16,724.3046,-87.6669,-2.2804,4,0.0976,1.0000,8,7,6,0,0,7,6,0.1429
4,272.0000,13,18,772.7845,-87.0057,1.3793,4,0.0976,1.0000,8,8,8,0,0,8,8,0.0000
4,272.0000,13,19,682.3353,-85.3910,-0.5213,17,0.4146,0.6667,6,8,8,0,0,8,8,0.0000
4,272.0000,13,21,304.4258,-79.3083,-0.1421,32,0.7805,0.7143,7,6,3,0,0,6,3,0.5000
4,272.0000,13,24,662.1767,-87.2472,1.7927,7,0.1707,1.0000,8,8,8,0,0,8,8,0.0000
4,272.0000,13,25,88.8696,-69.1423,1.4191,37,0.9024,0.2000,5,5,1,0,0,5,1,0.8000
4,272.0000,13,27,672.7659,-85.2018,-0.6486,11,0.2683,0.8889,9,6,5,0,0,6,5,0.1667
4,272.0000,13,28,688.7008,-86.4080,-0.7799,10,0.2439,0.8000,5,4,4,0,0,4,4,0.0000
4,272.0000,13,30,747.4493,-87.4404,-0.5330,3,0.0732,1.0000,4,4,4,0,0,4,4,0.0000
4,272.0000,13,31,254.2890,-77.0871,0.0650,31,0.7561,0.5000,6,5,2,0,0,5,2,0.6000
4,272.0000,13,32,228.8628,-75.0636,0.0544,31,0.7561,0.0000,4,6,4,0,0,6,4,0.3333
4,272.0000,13,36,214.2001,-77.5692,1.1164,39,0.9512,0.4000,5,4,0,0,0,4,0,1.0000
4,272.0000,13,38,710.3220,-85.9022,-0.5166,7,0.1707,1.0000,10,5,4,0,0,5,4,0.2000
4,272.0000,13,39,789.9848,-86.6402,-0.5537,6,0.1463,1.0000,8,6,6,0,0,6,6,0.0000
4,272.0000,13,40,944.3760,-88.9401,-0.6615,4,0.0976,1.0000,2,8,8,0,0,8,8,0.0000
4,272.0000,13,42,338.2020,-80.6746,-0.4165,26,0.6341,0.3333,6,6,4,0,0,6,4,0.3333
4,272.0000,13,44,508.4981,-82.9099,-0.1654,17,0.4146,0.8750,8,7,5,0,0,7,5,0.2857
4,272.0000,13,46,613.1850,-85.6294,0.5015,18,0.4390,1.0000,8,5,2,0,0,5,2,0.6000
4,272.0000,13,47,343.8253,-80.4448,0.6384,17,0.4146,0.8571,7,5,1,0,0,5,1,0.8000
4,272.0000,14,1,667.3468,-88.1577,0.2386,5,0.1220,1.0000,8,7,5,0,0,7,5,0.2857
4,272.0000,14,2,987.1712,-88.2582,-1.1792,5,0.1220,1.0000,8,2,2,0,0,2,2,0.0000
4,272.0000,14,4,833.5140,-86.4868,-0.8522,4,0.0976,1.0000,4,8,8,0,0,8,8,0.0000
4,272.0000,14,6,827.1278,-86.9272,-0.4924,8,0.1951,1.0000,8,7,6,0,0,7,6,0.1429
4,272.0000,14,8,817.7019,-86.0658,-0.5324,5,0.1220,0.8571,7,6,6,0,0,6,6,0.0000
4,272.0000,14,9,700.5629,-86.0361,0.8271,7,0.1707,1.0000,6,7,6,0,0,7,6,0.1429
4,272.0000,14,10,487.8884,-84.9492,0.7725,8,0.1951,0.8571,7,8,7,0,0,8,7,0.1250
4,272.0000,14,11,627.7909,-86.5657,-0.0932,6,0.1463,1.0000,6,8,8,0,0,8,8,0.0000
4,272.0000,14,12,956.7897,-87.2275,0.6893,5,0.1220,1.0000,6,6,6,0,0,6,6,0.0000
4,272.0000,14,13,654.7407,-85.4122,-0.8848,9,0.2195,0.8571,7,8,8,0,0,8,8,0.0000
4,272.0000,14,16,287.0115,-79.8961,0.1704,25,0.6098,0.2000,5,8,6,0,0,8,6,0.2500
4,272.0000,14,17,804.0741,-87.3269,0.3024,7,0.1707,0.5000,6,8,8,0,0,8,8,0.0000
4,272.0000,14,18,238.5034,-74.8113,-0.8349,31,0.7561,0.4000,5,6,4,0,0,6,4,0.3333
4,272.0000,14,20,727.8035,-86.1592,-0.0970,8,0.1951,1.0000,8,4,4,0,0,4,4,0.0000
4,272.0000,14,21,661.3057,-86.0819,-0.2656,8,0.1951,1.0000,6,8,8,0,0,8,8,0.0000
4,272.0000,14,22,753.2106,-87.0795,-0.1134,7,0.1707,0.8571,7,8,8,0,0,8,8,0.0000
4,272.0000,14,23,830.5899,-87.2831,-0.2554,7,0.1707,1.0000,8,8,8,0,0,8,8,0.0000
4,272.0000,14,24,542.9592,-83.1153,-1.5385,14,0.3415,0.6667,6,8,8,0,0,8,8,0.0000
4,272.0000,14,25,576.7477,-84.0154,0.4215,9,0.2195,0.7143,7,4,2,0,0,4,2,0.5000
4,272.0000,14,26,897.1233,-88.2758,-0.4352,3,0.0732,1.0000,4,4,4,0,0,4,4,0.0000
4,272.0000,14,27,267.9717,-79.0281,0.4175,27,0.6585,0.5000,6,5,1,0,0,5,1,0.8000
4,272.0000,14,31,447.6045,-83.0022,0.3646,14,0.3415,0.7143,7,8,7,0,0,8,7,0.1250
4,272.0000,14,32,467.7591,-82.4396,0.3253,12,0.2927,0.8750,8,6,4,0,0,6,4,0.3333
4,272.0000,14,34,902.3899,-86.4445,-0.6306,4,0.0976,1.0000,6,6,6,0,0,6,6,0.0000
4,272.0000,14,35,970.9804,-87.4002,2.6976,3,0.0732,1.0000,6,2,2,0,0,2,2,0.0000
4,272.0000,14,36,867.7043,-87.8949,1.7065,3,0.0732,1.0000,8,8,8,0,0,8,8,0.0000
4,272.0000,14,37,483.2330,-84.0904,0.2509,13,0.3171,1.0000,8,6,3,0,0,6,3,0.5000
4,272.0000,14,38,252.5812,-77.6756,-0.0084,36,0.8780,0.0000,4,4,0,0,0,4,0,1.0000
4,272.0000,14,42,840.4780,-87.5784,0.5665,6,0.1463,1.0000,8,8,8,0,0,8,8,0.0000
4,272.0000,14,43,939.5540,-87.6200,-0.4147,3,0.0732,1.0000,8,6,6,0,0,6,6,0.0000
4,272.0000,14,44,572.1287,-85.0550,0.9322,7,0.1707,0.8571,7,8,8,0,0,8,8,0.0000
4,272.0000,14,45,617.3482,-84.6039,0.0389,10,0.2439,0.7500,8,8,8,0,0,8,8,0.0000
4,272.0000,14,47,314.6280,-78.5935,-1.2126,24,0.5854,0.8571,7,5,3,0,0,5,3,0.4000
4,272.0000,15,0,497.5706,-81.9289,0.1135,25,0.6250,0.4000,5,7,5,0,0,7,5,0.2857
4,272.0000,15,19,482.6495,-83.2200,-0.3082,17,0.4250,0.6667,6,7,4,0,0,7,4,0.4286
4,272.0000,15,28,250.5952,-73.8399,-1.5627,33,0.8250,0.0000,4,5,2,0,0,5,2,0.6000
4,272.0000,15,30,551.1891,-82.9551,-0.6007,15,0.3750,0.7778,9,8,7,0,0,8,7,0.1250
4,272.0000,15,39,286.4193,-75.6501,-1.9346,33,0.8250,0.2000,5,6,3,0,0,6,3,0.5000
4,272.0000,15,40,366.5248,-80.1473,-0.0736,34,0.8500,0.2000,5,6,2,0,0,6,2,0.6667
4,272.0000,15,44,953.7421,-86.1219,-0.4526,4,0.1000,0.8571,7,6,6,0,0,6,6,0.0000
4,272.0000,15,46,321.1637,-77.2582,-0.9420,34,0.8500,0.0000,4,7,5,0,0,7,5,0.2857
4,272.0000,16,3,887.1736,-87.4110,-2.5888,3,0.0750,1.0000,8,8,8,0,0,8,8,0.0000
4,272.0000,16,5,971.1200,-85.9253,-1.1696,3,0.0750,0.8000,5,4,4,0,0,4,4,0.0000
4,272.0000,16,9,685.2517,-87.5973,-0.0424,4,0.1000,1.0000,4,8,7,0,0,8,7,0.1250
4,272.0000,16,10,418.1589,-82.8546,0.4682,6,0.1500,1.0000,8,7,5,10,10,17,15,0.1176
4,272.0000,16,13,724.3046,-85.2338,-0.5002,5,0.1250,1.0000,8,4,4,0,0,4,4,0.0000
4,272.0000,16,14,287.0115,-78.9215,0.5384,20,0.5000,0.8571,7,6,3,1,0,7,3,0.5714
4,272.0000,16,17,700.5430,-85.2040,-0.2454,5,0.1250,0.6667,6,8,8,0,0,8,8,0.0000
4,272.0000,16,18,355.4139,-80.8521,1.2049,13,0.3250,0.6667,9,5,4,0,0,5,4,0.2000
4,272.0000,16,20,698.9734,-86.7849,-0.0746,3,0.0750,1.0000,8,8,8,0,0,8,8,0.0000
4,272.0000,16,21,602.2413,-85.6343,-0.6589,4,0.1000,1.0000,8,7,5,0,0,7,5,0.2857
4,272.0000,16,22,650.8928,-84.7351,0.4740,4,0.1000,1.0000,8,8,8,0,0,8,8,0.0000
4,272.0000,16,23,755.0659,-86.2389,0.8614,3,0.0750,1.0000,8,8,8,0,0,8,8,0.0000
4,272.0000,16,25,635.7147,-85.3104,-1.6614,3,0.0750,1.0000,8,7,5,0,0,7,5,0.2857
4,272.0000,16,26,806.7612,-85.0961,-1.3163,6,0.1500,1.0000,6,8,8,0,0,8,8,0.0000
4,272.0000,16,27,127.9060,-75.1182,1.5901,30,0.7500,0.3402,97,4,0,6,0,10,0,1.0000
4,272.0000,16,31,561.3660,-84.5901,0.5798,5,0.1250,1.0000,8,8,7,0,0,8,7,0.1250
4,272.0000,16,37,477.0268,-81.1492,0.1343,9,0.2250,0.7500,8,8,8,0,0,8,8,0.0000
4,272.0000,16,38,212.5012,-75.1604,-0.4657,31,0.7750,0.4000,5,4,0,46,27,50,27,0.4600
4,272.0000,16,44,534.5833,-84.9738,-0.3001,8,0.2000,0.8000,5,7,6,0,0,7,6,0.1429
4,272.0000,16,45,522.4384,-83.6850,0.9688,5,0.1250,0.8750,8,8,7,0,0,8,7,0.1250
4,272.0000,16,47,430.9181,-81.1767,0.1865,13,0.3250,1.0000,8,6,4,65,58,71,62,0.1268
4,272.0000,17,2,394.0091,-79.7962,-1.4113,25,0.6250,0.5000,6,7,4,0,0,7,4,0.4286
4,272.0000,17,3,361.8067,-78.3498,-0.2882,31,0.7750,0.4000,5,6,3,0,0,6,3,0.5000
4,272.0000,17,4,811.6294,-86.6422,-0.7237,5,0.1250,1.0000,6,8,8,0,0,8,8,0.0000
4,272.0000,17,5,743.3039,-86.3013,-0.2773,7,0.1750,1.0000,8,7,6,0,0,7,6,0.1429
4,272.0000,17,6,1048.7847,-88.0809,-2.1009,4,0.1000,1.0000,2,4,4,0,0,4,4,0.0000
4,272.0000,17,7,583.0068,-85.0203,-0.4754,20,0.5000,1.0000,8,8,8,0,0,8,8,0.0000
4,272.0000,17,8,655.6971,-85.8311,-0.3527,10,0.2500,0.8571,7,8,8,0,0,8,8,0.0000
4,272.0000,17,10,316.4327,-78.9389,0.3755,24,0.6000,0.5714,7,7,6,0,0,7,6,0.1429
4,272.0000,17,11,418.2217,-82.7276,-0.2025,15,0.3750,1.0000,8,8,8,0,0,8,8,0.0000
4,272.0000,17,12,238.4249,-74.8926,-1.1159,32,0.8000,0.0000,4,5,2,0,0,5,2,0.6000
4,272.0000,17,14,804.0741,-87.8651,0.0103,5,0.1250,1.0000,8,8,8,0,0,8,8,0.0000
4,272.0000,17,16,700.5430,-86.8425,-0.2412,7,0.1750,1.0000,8,7,6,0,0,7,6,0.1429
4,272.0000,17,18,607.4043,-87.1387,0.3018,7,0.1750,0.8750,8,8,8,0,0,8,8,0.0000
4,272.0000,17,20,326.1580,-79.5149,-0.7947,20,0.5000,0.7143,7,8,8,0,0,8,8,0.0000
4,272.0000,17,21,996.5642,-88.3358,0.0560,4,0.1000,1.0000,4,2,2,0,0,2,2,0.0000
4,272.0000,17,22,72.2005,-71.1796,2.4718,36,0.9000,0.3333,6,5,1,0,0,5,1,0.8000
4,272.0000,17,23,90.2020,-66.0196,0.3263,34,0.8500,0.0000,4,5,1,0,0,5,1,0.8000
4,272.0000,17,24,601.6386,-84.5125,-0.6805,10,0.2500,0.8750,8,8,8,0,0,8,8,0.0000
4,272.0000,17,26,620.0598,-86.3380,-0.0380,13,0.3250,0.8750,8,7,6,0,0,7,6,0.1429
4,272.0000,17,27,822.3084,-86.2494,0.2449,3,0.0750,1.0000,6,8,8,0,0,8,8,0.0000
4,272.0000,17,29,488.1985,-83.0924,-0.1550,26,0.6500,0.6667,6,7,6,0,0,7,6,0.1429
4,272.0000,17,33,605.2585,-84.7526,0.3409,20,0.5000,0.8714,70,7,6,0,0,7,6,0.1429
4,272.0000,17,34,586.6720,-84.5031,0.2389,19,0.4750,0.8750,8,7,6,0,0,7,6,0.1429
4,272.0000,17,35,678.5753,-87.5681,-1.2877,5,0.1250,0.7500,4,7,6,0,0,7,6,0.1429
4,272.0000,17,37,575.5217,-84.6585,0.3308,16,0.4000,0.7143,7,7,6,0,0,7,6,0.1429
4,272.0000,17,41,704.6087,-86.3570,0.0285,7,0.1750,0.8571,7,8,7,0,0,8,7,0.1250
4,272.0000,17,42,996.0194,-87.7149,1.1818,3,0.0750,1.0000,6,4,4,0,0,4,4,0.0000
4,272.0000,17,43,309.8815,-80.0536,0.8734,28,0.7000,0.4000,5,6,3,0,0,6,3,0.5000
4,272.0000,17,45,258.4285,-79.1928,1.0188,22,0.5500,0.7143,7,5,1,0,0,5,1,0.8000
4,272.0000,17,47,864.4593,-87.0839,-0.3567,6,0.1500,1.0000,8,4,4,0,0,4,4,0.0000
4,272.0000,18,1,830.8858,-86.2563,-0.7085,5,0.1250,1.0000,8,8,8,0,0,8,8,0.0000
4,272.0000,18,2,778.5702,-85.5162,0.4114,5,0.1250,1.0000,8,6,6,0,0,6,6,0.0000
4,272.0000,18,3,680.1778,-85.6824,-1.3135,6,0.1500,1.0000,8,8,8,0,0,8,8,0.0000
4,272.0000,18,4,814.6591,-86.5216,-0.7878,8,0.2000,1.0000,8,6,6,0,0,6,6,0.0000
4,272.0000,18,5,803.9156,-87.3996,-1.2808,3,0.0750,1.0000,8,6,6,0,0,6,6,0.0000
4,272.0000,18,6,829.8679,-86.1211,0.0776,4,0.1000,1.0000,6,8,8,0,0,8,8,0.0000
4,272.0000,18,8,729.8285,-85.4595,-0.2266,5,0.1250,0.8571,7,5,4,0,0,5,4,0.2000
4,272.0000,18,9,906.8936,-87.7357,0.4933,5,0.1250,1.0000,4,4,4,0,0,4,4,0.0000
4,272.0000,18,10,302.1061,-80.0870,2.1143,13,0.3250,0.7143,7,7,5,0,0,7,5,0.2857
4,272.0000,18,11,436.6385,-82.5939,1.3527,8,0.2000,0.8571,7,8,8,0,0,8,8,0.0000
4,272.0000,18,12,732.6875,-86.7784,-0.7119,6,0.1500,1.0000,8,8,8,0,0,8,8,0.0000
4,272.0000,18,13,772.7845,-86.1867,-1.2735,5,0.1250,1.0000,8,8,8,0,0,8,8,0.0000
4,272.0000,18,14,238.5034,-74.4788,-1.2166,28,0.7000,0.0000,4,7,5,0,0,7,5,0.2857
4,272.0000,18,16,355.4139,-81.2246,0.6961,20,0.5000,0.6667,6,8,7,0,0,8,7,0.1250
4,272.0000,18,17,607.4043,-85.2963,0.7984,5,0.1250,0.8571,7,8,8,0,0,8,8,0.0000
4,272.0000,18,20,558.3365,-85.2366,-0.5150,8,0.2000,1.0000,8,8,7,0,0,8,7,0.1250
4,272.0000,18,21,775.0659,-86.5448,2.0522,4,0.1000,1.0000,6,4,4,0,0,4,4,0.0000
4,272.0000,18,22,553.9662,-84.8727,-0.3599,5,0.1250,1.0000,8,8,8,0,0,8,8,0.0000
4,272.0000,18,23,622.6968,-84.8457,0.3073,8,0.2000,0.8750,8,8,6,0,0,8,6,0.2500
4,272.0000,18,24,416.0727,-78.2308,-2.3852,15,0.3750,0.6667,6,8,8,0,0,8,8,0.0000
4,272.0000,18,25,698.5361,-85.1389,-0.1860,7,0.1750,0.8750,8,4,4,0,0,4,4,0.0000
4,272.0000,18,26,726.4371,-86.7944,0.9153,5,0.1250,0.8750,8,7,6,0,0,7,6,0.1429
4,272.0000,18,27,417.5576,-81.7112,0.1347,21,0.5250,0.8571,7,7,6,0,0,7,6,0.1429
4,272.0000,18,29,829.8759,-86.3705,0.4797,7,0.1750,1.0000,4,8,8,0,0,8,8,0.0000
4,272.0000,18,31,530.9042,-84.7217,-0.8549,7,0.1750,1.0000,8,8,8,0,0,8,8,0.0000
4,272.0000,18,32,562.7746,-85.4321,-1.8853,5,0.1250,0.8571,7,7,6,0,0,7,6,0.1429
4,272.0000,18,33,973.3534,-86.0042,0.6003,4,0.1000,1.0000,4,2,2,0,0,2,2,0.0000
4,272.0000,18,34,681.0948,-85.5444,0.0374,7,0.1750,0.8000,5,8,8,0,0,8,8,0.0000
4,272.0000,18,35,786.6367,-87.2432,-1.2436,5,0.1250,0.6667,3,8,8,0,0,8,8,0.0000
4,272.0000,18,37,317.9314,-81.0759,0.1977,19,0.4750,0.4000,5,6,4,0,0,6,4,0.3333
4,272.0000,18,38,438.9303,-81.7545,-0.4499,19,0.4750,0.8571,7,7,6,0,0,7,6,0.1429
4,272.0000,18,42,871.8869,-87.7799,0.2141,5,0.1250,0.7500,4,8,8,0,0,8,8,0.0000
4,272.0000,18,43,706.7995,-86.9572,0.1053,4,0.1000,0.7500,8,8,8,0,0,8,8,0.0000
4,272.0000,18,44,774.7180,-86.7620,-0.3540,8,0.2000,1.0000,6,8,8,0,0,8,8,0.0000
4,272.0000,18,45,462.4239,-81.6049,0.4113,10,0.2500,0.8750,8,8,8,0,0,8,8,0.0000
4,272.0000,18,47,440.0572,-79.4608,-2.4691,17,0.4250,0.8571,7,8,8,0,0,8,8,0.0000
4,272.0000,19,0,800.6508,-87.7930,0.3373,6,0.1500,1.0000,6,8,8,0,0,8,8,0.0000
4,272.0000,19,1,630.7315,-85.1746,-0.1476,7,0.1750,0.8571,7,8,8,0,0,8,8,0.0000
4,272.0000,19,9,843.2158,-86.5268,-2.0268,3,0.0750,0.8750,8,8,8,0,0,8,8,0.0000
4,272.0000,19,13,682.3353,-84.8907,0.8744,3,0.0750,1.0000,8,8,8,0,0,8,8,0.0000
4,272.0000,19,15,482.6495,-84.5043,0.5930,25,0.6250,0.7143,7,6,2,0,0,6,2,0.6667
4,272.0000,19,21,861.5812,-87.3896,-0.8688,3,0.0750,1.0000,8,8,8,0,0,8,8,0.0000
4,272.0000,19,25,760.7217,-85.5789,-1.1213,3,0.0750,1.0000,8,8,8,0,0,8,8,0.0000
4,272.0000,19,28,395.4123,-82.3119,0.4958,22,0.5500,0.8333,18,5,2,0,0,5,2,0.6000
4,272.0000,19,30,770.8263,-86.0256,0.7194,7,0.1750,1.0000,8,8,8,0,0,8,8,0.0000
4,272.0000,19,32,875.8641,-89.0166,-0.0229,3,0.0750,1.0000,8,6,6,0,0,6,6,0.0000
4,272.0000,19,36,519.4528,-81.8921,-0.1552,11,0.2750,0.6667,6,8,8,0,0,8,8,0.0000
4,272.0000,19,39,585.6669,-85.0273,0.1192,17,0.4250,1.0000,8,8,7,0,0,8,7,0.1250
4,272.0000,19,40,723.9861,-85.8231,0.0584,13,0.3250,1.0000,8,7,6,0,0,7,6,0.1429
4,272.0000,19,42,817.8080,-88.6852,0.2404,5,0.1250,1.0000,8,8,8,0,0,8,8,0.0000
4,272.0000,19,46,335.6255,-80.8804,0.6993,27,0.6750,0.3750,8,5,4,0,0,5,4,0.2000
4,272.0000,20,1,990.5586,-88.1849,-1.1358,4,0.1000,1.0000,4,8,8,0,0,8,8,0.0000
4,272.0000,20,2,321.9405,-80.7750,0.0888,27,0.6750,0.5000,6,4,0,0,0,4,0,1.0000
4,272.0000,20,3,242.4183,-77.4953,0.1210,28,0.7000,0.0000,4,4,2,0,0,4,2,0.5000
4,272.0000,20,4,542.5378,-83.9622,-0.3365,12,0.3000,0.7143,7,8,8,0,0,8,8,0.0000
4,272.0000,20,5,970.8660,-87.5093,-2.3570,3,0.0750,1.0000,6,6,6,0,0,6,6,0.0000
4,272.0000,20,6,736.2886,-85.3340,-0.2775,10,0.2500,1.0000,6,8,8,0,0,8,8,0.0000
4,272.0000,20,7,728.5582,-85.9334,-0.4714,12,0.3000,0.8571,7,6,6,0,0,6,6,0.0000
4,272.0000,20,8,344.2041,-80.4328,0.0730,20,0.5000,0.4000,5,5,2,9,4,14,6,0.5714
4,272.0000,20,10,352.4072,-78.8016,-0.5743,26,0.6500,0.6667,6,7,6,0,0,7,6,0.1429
4,272.0000,20,11,207.8100,-75.3999,-0.5387,29,0.7250,0.1429,7,5,0,0,0,5,0,1.0000
4,272.0000,20,12,462.6708,-82.1932,-0.3108,24,0.6000,0.8750,8,7,6,0,0,7,6,0.1429
4,272.0000,20,14,727.8035,-86.4409,0.7718,8,0.2000,1.0000,8,8,8,0,0,8,8,0.0000
4,272.0000,20,16,698.9734,-86.7726,0.4781,9,0.2250,0.8571,7,8,7,0,0,8,7,0.1250
4,272.0000,20,17,326.1580,-79.4831,-0.6216,28,0.7000,0.0000,4,7,5,0,0,7,5,0.2857
4,272.0000,20,18,558.3365,-83.9237,-0.1768,12,0.3000,1.0000,8,8,8,0,0,8,8,0.0000
4,272.0000,20,21,821.6092,-88.0942,0.8471,6,0.1500,1.0000,4,7,6,0,0,7,6,0.1429
4,272.0000,20,22,352.2561,-80.9367,0.8426,19,0.4750,0.5714,7,6,3,0,0,6,3,0.5000
4,272.0000,20,23,296.3423,-79.8195,0.5376,25,0.6250,0.5000,6,6,3,0,0,6,3,0.5000
4,272.0000,20,24,344.5226,-79.4376,-0.1989,21,0.5250,0.6667,6,8,6,0,0,8,6,0.2500
4,272.0000,20,25,801.5810,-87.4963,0.9600,5,0.1250,1.0000,8,4,4,0,0,4,4,0.0000
4,272.0000,20,26,883.5183,-88.0453,-0.6610,4,0.1000,1.0000,8,4,4,0,0,4,4,0.0000
4,272.0000,20,27,792.7298,-87.5929,-0.9485,6,0.1500,1.0000,6,8,8,0,0,8,8,0.0000
4,272.0000,20,29,625.1799,-84.7121,-0.5939,11,0.2750,1.0000,8,8,8,0,0,8,8,0.0000
4,272.0000,20,31,663.5914,-85.8973,1.0987,8,0.2000,0.8571,7,8,8,0,0,8,8,0.0000
4,272.0000,20,32,704.4896,-86.5998,-0.2464,8,0.2000,0.7143,7,8,8,0,0,8,8,0.0000
4,272.0000,20,33,664.4481,-86.1815,0.4996,11,0.2750,0.5714,7,7,6,0,0,7,6,0.1429
4,272.0000,20,34,767.8556,-85.3123,-0.4223,11,0.2750,1.0000,8,5,4,0,0,5,4,0.2000
4,272.0000,20,35,933.0619,-88.8781,0.4916,3,0.0750,1.0000,8,6,6,0,0,6,6,0.0000
4,272.0000,20,36,992.0668,-88.2307,0.4888,4,0.1000,1.0000,2,8,8,0,0,8,8,0.0000
4,272.0000,20,37,689.1942,-84.7508,-1.0115,9,0.2250,0.8750,8,6,6,0,0,6,6,0.0000
4,272.0000,20,38,872.5416,-86.8525,1.3675,3,0.0750,0.8333,6,6,6,0,0,6,6,0.0000
4,272.0000,20,41,982.4651,-88.5295,-0.5154,4,0.1000,1.0000,2,2,2,0,0,2,2,0.0000
4,272.0000,20,42,715.0160,-85.9086,0.2320,5,0.1250,0.6667,6,8,7,0,0,8,7,0.1250
4,272.0000,20,43,472.1043,-83.7605,-0.4098,13,0.3250,0.8750,8,7,6,0,0,7,6,0.1429
4,272.0000,20,45,215.2101,-76.0178,0.0508,30,0.7500,0.3333,6,5,1,0,0,5,1,0.8000
4,272.0000,20,47,683.8483,-87.2007,-0.9941,5,0.1250,0.7143,7,8,7,0,0,8,7,0.1250
4,272.0000,21,0,849.4476,-87.4657,-0.9808,7,0.1750,1.0000,8,6,6,0,0,6,6,0.0000
4,272.0000,21,1,335.7941,-79.5056,0.0817,31,0.7750,0.5000,6,5,2,0,0,5,2,0.6000
4,272.0000,21,4,482.3422,-83.3429,0.5023,11,0.2750,1.0000,6,8,7,0,0,8,7,0.1250
4,272.0000,21,6,704.8215,-86.1955,0.9881,3,0.0750,1.0000,8,8,8,0,0,8,8,0.0000
4,272.0000,21,8,678.0380,-85.6448,0.0949,6,0.1500,1.0000,8,8,7,0,0,8,7,0.1250
4,272.0000,21,9,423.3531,-81.4819,-0.0157,22,0.5500,0.6250,8,7,5,0,0,7,5,0.2857
4,272.0000,21,10,793.9387,-87.8408,1.1533,4,0.1000,1.0000,4,7,6,0,0,7,6,0.1429
4,272.0000,21,13,304.4258,-79.4230,0.7832,22,0.5500,0.6667,6,5,2,0,0,5,2,0.6000
4,272.0000,21,14,661.3057,-85.9127,-3.2678,3,0.0750,0.8750,8,8,8,0,0,8,8,0.0000
4,272.0000,21,16,602.2413,-85.4217,0.9113,5,0.1250,0.8571,7,8,8,0,0,8,8,0.0000
4,272.0000,21,19,861.5812,-87.2359,0.2755,8,0.2000,1.0000,6,2,2,0,0,2,2,0.0000
4,272.0000,21,20,821.6092,-88.5319,0.3632,3,0.0750,1.0000,8,8,8,0,0,8,8,0.0000
4,272.0000,21,24,745.4199,-86.6024,-0.0614,4,0.1000,0.8571,7,8,8,0,0,8,8,0.0000
4,272.0000,21,25,258.0878,-78.1419,0.3246,28,0.7000,0.2000,5,6,2,0,0,6,2,0.6667
4,272.0000,21,27,561.0845,-83.0122,0.3742,13,0.3250,0.8750,8,7,6,0,0,7,6,0.1429
4,272.0000,21,28,783.7527,-87.9407,0.5475,9,0.2250,1.0000,2,4,4,0,0,4,4,0.0000
4,272.0000,21,30,704.6894,-86.2093,-0.0663,12,0.3000,1.0000,8,8,8,0,0,8,8,0.0000
4,272.0000,21,31,402.0566,-82.3589,-0.1259,13,0.3250,0.8571,7,7,5,0,0,7,5,0.2857
4,272.0000,21,32,407.2755,-81.4383,-0.6836,17,0.4250,1.0000,8,7,5,0,0,7,5,0.2857
4,272.0000,21,36,390.9533,-82.0694,-0.2574,20,0.5000,1.0000,8,5,2,0,0,5,2,0.6000
4,272.0000,21,38,627.8250,-84.8496,-0.2974,13,0.3250,1.0000,8,8,8,0,0,8,8,0.0000
4,272.0000,21,39,867.1122,-87.6125,0.4431,5,0.1250,1.0000,8,6,6,0,0,6,6,0.0000
4,272.0000,21,40,933.7931,-87.4435,0.6002,9,0.2250,1.0000,4,6,6,0,0,6,6,0.0000
4,272.0000,21,42,431.7548,-84.0348,0.1883,12,0.3000,0.8571,7,8,8,0,0,8,8,0.0000
4,272.0000,21,44,390.1696,-80.6711,0.3036,20,0.5000,0.8571,7,8,8,0,0,8,8,0.0000
4,272.0000,21,45,744.1504,-87.3002,-0.9469,3,0.0750,1.0000,8,8,8,0,0,8,8,0.0000
4,272.0000,21,46,724.7105,-85.9130,-0.8766,7,0.1750,0.6667,3,7,6,0,0,7,6,0.1429
4,272.0000,21,47,409.2495,-83.1021,0.2560,13,0.3250,0.8750,8,5,2,0,0,5,2,0.6000
4,272.0000,22,2,439.4786,-83.3429,-0.5017,20,0.4878,0.7143,7,5,2,0,0,5,2,0.6000
4,272.0000,22,3,396.6034,-82.4978,-0.0856,16,0.3902,0.2000,5,7,5,0,0,7,5,0.2857
4,272.0000,22,4,833.3756,-87.5426,0.0630,10,0.2439,0.8571,7,5,4,0,0,5,4,0.2000
4,272.0000,22,5,689.6601,-86.1844,-0.5196,15,0.3659,1.0000,8,8,8,0,0,8,8,0.0000
4,272.0000,22,7,581.5882,-84.9511,-0.2240,15,0.3659,1.0000,8,6,3,0,0,6,3,0.5000
4,272.0000,22,8,683.8988,-87.5155,-0.5900,9,0.2195,1.0000,8,6,6,0,0,6,6,0.0000
4,272.0000,22,10,266.7836,-76.9756,-0.2688,30,0.7317,0.4286,7,8,7,0,0,8,7,0.1250
4,272.0000,22,11,414.2303,-82.7556,0.7220,18,0.4390,1.0000,8,7,4,0,0,7,4,0.4286
4,272.0000,22,12,257.4232,-76.5501,-1.2549,28,0.6829,0.0000,4,4,2,0,0,4,2,0.5000
4,272.0000,22,14,753.2106,-86.2810,-0.9298,9,0.2195,0.8571,7,8,8,0,0,8,8,0.0000
4,272.0000,22,16,650.8928,-85.4846,0.0771,12,0.2927,0.8333,6,8,7,0,0,8,7,0.1250
4,272.0000,22,17,72.2005,-71.2630,2.5319,38,0.9268,0.0000,4,5,1,0,0,5,1,0.8000
4,272.0000,22,18,553.9662,-84.4079,0.7417,9,0.2195,1.0000,8,8,8,0,0,8,8,0.0000
4,272.0000,22,20,352.2561,-81.3112,0.1615,22,0.5366,0.7143,7,5,2,0,0,5,2,0.6000
4,272.0000,22,23,134.8768,-71.6574,0.1499,37,0.9024,0.2000,5,5,1,0,0,5,1,0.8000
4,272.0000,22,24,592.2270,-85.0025,0.4145,12,0.2927,1.0000,8,8,8,0,0,8,8,0.0000
4,272.0000,22,26,561.2958,-84.1130,-0.4635,16,0.3902,0.8571,7,8,8,0,0,8,8,0.0000
4,272.0000,22,27,774.1929,-88.0769,0.6849,7,0.1707,1.0000,8,8,8,0,0,8,8,0.0000
4,272.0000,22,29,492.4394,-82.7604,0.0060,22,0.5366,0.5000,6,7,6,0,0,7,6,0.1429
4,272.0000,22,31,874.8003,-87.5578,-0.5153,6,0.1463,1.0000,8,8,8,0,0,8,8,0.0000
4,272.0000,22,32,917.9146,-87.9795,-1.0508,3,0.0732,1.0000,8,6,6,0,0,6,6,0.0000
4,272.0000,22,33,631.0442,-85.2573,-0.7494,17,0.4146,1.0000,8,8,7,0,0,8,7,0.1250
4,272.0000,22,34,541.0413,-82.9297,-0.9032,17,0.4146,0.8571,7,7,4,0,0,7,4,0.4286
4,272.0000,22,35,624.1803,-85.0668,-0.3961,16,0.3902,0.8750,8,8,7,0,0,8,7,0.1250
4,272.0000,22,37,504.7073,-82.4475,-0.3652,18,0.4390,0.7143,7,8,8,0,0,8,8,0.0000
4,272.0000,22,38,849.0597,-87.5332,-0.2809,8,0.1951,0.8571,7,7,6,0,0,7,6,0.1429
4,272.0000,22,41,656.5969,-85.5395,-0.3231,12,0.2927,0.8571,7,7,6,0,0,7,6,0.1429
4,272.0000,22,42,1008.1895,-87.4213,-0.8267,3,0.0732,1.0000,4,8,8,0,0,8,8,0.0000
4,272.0000,22,43,315.8681,-81.6484,-0.0043,20,0.4878,0.7143,7,7,4,0,0,7,4,0.4286
4,272.0000,22,45,254.7944,-79.4631,1.6768,23,0.5610,0.8571,7,4,0,0,0,4,0,1.0000
4,272.0000,22,47,836.0314,-86.4094,-0.1956,8,0.1951,1.0000,8,8,8,0,0,8,8,0.0000
4,272.0000,23,2,308.9728,-80.6234,0.4501,27,0.6585,0.5000,4,7,2,0,0,7,2,0.7143
4,272.0000,23,3,280.3815,-78.2609,-0.3759,31,0.7561,0.5833,12,7,4,0,0,7,4,0.4286
4,272.0000,23,5,748.5334,-86.4890,-0.4523,15,0.3659,0.8571,7,2,2,0,0,2,2,0.0000
4,272.0000,23,7,521.4624,-84.1151,-0.2393,22,0.5366,0.4000,5,6,4,0,0,6,4,0.3333
4,272.0000,23,8,634.4772,-86.3756,-0.2844,6,0.1463,0.6250,8,6,6,0,0,6,6,0.0000
4,272.0000,23,10,350.3611,-79.7080,-0.3844,22,0.5366,0.6667,6,7,5,0,0,7,5,0.2857
4,272.0000,23,11,376.3299,-81.8825,0.0620,23,0.5610,0.7143,7,7,4,0,0,7,4,0.4286
4,272.0000,23,12,187.6566,-71.9471,-2.3407,35,0.8537,0.1250,8,4,0,0,0,4,0,1.0000
4,272.0000,23,14,830.5899,-86.4466,-0.0468,5,0.1220,1.0000,8,8,7,0,0,8,7,0.1250
4,272.0000,23,16,755.0659,-87.9312,-0.3508,6,0.1463,1.0000,8,8,8,0,0,8,8,0.0000
4,272.0000,23,17,90.2020,-65.8748,0.1651,36,0.8780,0.0513,39,4,0,0,0,4,0,1.0000
4,272.0000,23,18,622.6968,-86.2967,-0.3665,7,0.1707,0.7500,8,7,5,0,0,7,5,0.2857
4,272.0000,23,20,296.3423,-79.4575,-0.1964,27,0.6585,0.5000,6,4,0,0,0,4,0,1.0000
4,272.0000,23,22,134.8768,-71.7750,0.1129,34,0.8293,0.1667,6,4,0,0,0,4,0,1.0000
4,272.0000,23,24,573.4718,-84.9507,0.0196,8,0.1951,0.6667,6,6,6,0,0,6,6,0.0000
4,272.0000,23,26,655.0253,-85.8883,-0.5235,13,0.3171,1.0000,8,7,5,0,0,7,5,0.2857
4,272.0000,23,27,873.6078,-88.3706,0.7869,3,0.0732,1.0000,4,8,8,0,0,8,8,0.0000
4,272.0000,23,29,421.2689,-81.5451,-0.6327,30,0.7317,0.7500,8,7,6,0,0,7,6,0.1429
4,272.0000,23,32,944.0422,-88.1771,-0.7006,3,0.0732,,0,8,8,0,0,8,8,0.0000
4,272.0000,23,33,523.0259,-83.5851,-0.1213,26,0.6341,0.8406,69,7,5,139,121,146,126,0.1370
4,272.0000,23,34,566.9334,-84.8647,-0.3605,16,0.3902,1.0000,8,7,6,0,0,7,6,0.1429
4,272.0000,23,35,697.2227,-86.3636,0.2459,13,0.3171,0.8750,8,7,6,0,0,7,6,0.1429
4,272.0000,23,37,603.6762,-83.0125,-0.3229,14,0.3415,0.8571,7,5,2,0,0,5,2,0.6000
4,272.0000,23,38,949.2274,-87.4457,-0.6194,4,0.0976,1.0000,6,6,6,0,0,6,6,0.0000
4,272.0000,23,41,726.8390,-86.7582,-0.1576,10,0.2439,0.8333,6,8,8,0,0,8,8,0.0000
4,272.0000,23,43,243.7822,-78.2350,0.5810,36,0.8780,0.2000,5,4,0,0,0,4,0,1.0000
4,272.0000,23,45,290.8382,-80.6071,1.0366,20,0.4878,0.5000,6,5,1,0,0,5,1,0.8000
4,272.0000,24,1,795.1682,-87.9165,0.3309,9,0.2250,1.0000,8,8,8,0,0,8,8,0.0000
4,272.0000,24,2,559.8099,-85.1421,0.3403,8,0.2000,1.0000,8,8,7,0,0,8,7,0.1250
4,272.0000,24,3,459.9964,-82.3333,0.7506,12,0.3000,0.6667,6,7,6,0,0,7,6,0.1429
4,272.0000,24,4,552.9026,-84.8265,1.2724,8,0.2000,0.7143,7,8,8,0,0,8,8,0.0000
4,272.0000,24,5,1040.5205,-87.9618,-1.0694,3,0.0750,0.8000,5,3,3,0,0,3,3,0.0000
4,272.0000,24,6,503.0162,-84.1840,-0.0058,15,0.3750,0.6667,6,7,6,0,0,7,6,0.1429
4,272.0000,24,7,872.1496,-87.9930,1.0249,5,0.1250,1.0000,8,6,6,0,0,6,6,0.0000
4,272.0000,24,8,390.1726,-81.7142,0.5977,16,0.4000,0.8571,7,8,8,0,0,8,8,0.0000
4,272.0000,24,10,433.2609,-81.2228,-1.1208,12,0.3000,0.5000,6,7,5,0,0,7,5,0.2857
4,272.0000,24,11,209.0228,-76.9774,0.1809,26,0.6500,0.2000,5,6,3,0,0,6,3,0.5000
4,272.0000,24,12,708.2958,-85.7593,-0.4777,6,0.1500,1.0000,8,8,8,0,0,8,8,0.0000
4,272.0000,24,13,662.1767,-86.3912,-0.7029,6,0.1500,0.8571,7,8,8,0,0,8,8,0.0000
4,272.0000,24,14,542.9592,-82.8608,-1.8342,14,0.3500,0.5714,7,7,5,0,0,7,5,0.2857
4,272.0000,24,16,650.1347,-85.2588,-1.5007,6,0.1500,1.0000,8,8,8,0,0,8,8,0.0000
4,272.0000,24,17,601.6386,-85.4617,0.3863,5,0.1250,0.8750,8,7,6,0,0,7,6,0.1429
4,272.0000,24,18,416.0727,-79.1399,-1.0819,19,0.4750,0.8750,8,8,7,0,0,8,7,0.1250
4,272.0000,24,20,344.5226,-80.3674,-0.4623,16,0.4000,0.8571,7,8,8,0,0,8,8,0.0000
4,272.0000,24,21,745.4199,-87.6795,-0.4168,6,0.1500,0.8571,7,8,8,0,0,8,8,0.0000
4,272.0000,24,22,592.2270,-84.0458,1.3616,5,0.1250,0.5000,4,7,6,0,0,7,6,0.1429
4,272.0000,24,23,573.4718,-84.3800,-0.3935,8,0.2000,1.0000,8,8,8,0,0,8,8,0.0000
4,272.0000,24,25,621.9693,-86.8866,-0.3260,7,0.1750,1.0000,8,8,8,0,0,8,8,0.0000
4,272.0000,24,26,993.2875,-86.8237,2.5353,4,0.1000,1.0000,4,4,4,0,0,4,4,0.0000
4,272.0000,24,27,702.5454,-87.0467,-0.1703,9,0.2250,1.0000,8,8,7,0,0,8,7,0.1250
4,272.0000,24,29,787.7274,-87.0072,0.1739,7,0.1750,0.6667,6,6,6,0,0,6,6,0.0000
4,272.0000,24,31,435.6308,-82.5010,-0.1822,16,0.4000,0.8571,7,7,6,0,0,7,6,0.1429
4,272.0000,24,32,468.5123,-84.3140,0.4615,10,0.2500,0.8571,7,7,6,0,0,7,6,0.1429
4,272.0000,24,33,835.3583,-86.4840,-0.0139,3,0.0750,1.0000,4,4,4,0,0,4,4,0.0000
4,272.0000,24,34,834.0130,-85.7267,-1.1398,5,0.1250,1.0000,2,8,8,0,0,8,8,0.0000
4,272.0000,24,36,830.8951,-88.0365,-0.1761,3,0.0750,1.0000,4,6,6,0,0,6,6,0.0000
4,272.0000,24,37,667.7158,-84.0778,-0.2742,8,0.2000,1.0000,8,4,4,0,0,4,4,0.0000
4,272.0000,24,38,752.3927,-87.3812,0.0184,6,0.1500,0.8571,7,7,6,0,0,7,6,0.1429
4,272.0000,24,42,619.2578,-85.1308,1.2132,8,0.2000,1.0000,10,8,7,0,0,8,7,0.1250
4,272.0000,24,43,671.6459,-85.5009,0.0404,4,0.1000,0.8750,8,8,7,0,0,8,7,0.1250
4,272.0000,24,44,919.1894,-88.3860,0.1895,3,0.0750,1.0000,2,4,3,0,0,4,3,0.2500
4,272.0000,24,45,426.7431,-81.6771,-0.1935,13,0.3250,0.8750,8,7,6,0,0,7,6,0.1429
4,272.0000,24,47,473.3676,-81.9819,-0.4249,12,0.3000,0.7143,7,9,8,0,0,9,8,0.1111
4,272.0000,25,0,903.2326,-87.4173,0.1560,11,0.2750,1.0000,6,6,6,0,0,6,6,0.0000
4,272.0000,25,1,190.6741,-74.1120,-0.1518,34,0.8500,0.0000,4,5,1,0,0,5,1,0.8000
4,272.0000,25,4,491.8212,-84.4853,0.9298,16,0.4000,1.0000,8,8,6,0,0,8,6,0.2500
4,272.0000,25,6,507.9291,-83.9085,0.1953,15,0.3750,0.8571,7,7,5,0,0,7,5,0.2857
4,272.0000,25,8,635.5610,-84.9557,-0.0588,9,0.2250,1.0000,8,7,6,0,0,7,6,0.1429
4,272.0000,25,9,471.3971,-83.4086,-0.2674,20,0.5000,0.6667,6,7,5,0,0,7,5,0.2857
4,272.0000,25,11,787.6427,-86.9134,0.4217,5,0.1250,1.0000,2,4,4,0,0,4,4,0.0000
4,272.0000,25,13,88.8696,-69.2918,0.9726,35,0.8750,0.0000,4,4,0,0,0,4,0,1.0000
4,272.0000,25,14,576.7477,-84.0261,-0.2479,11,0.2750,0.7500,8,8,7,0,0,8,7,0.1250
4,272.0000,25,15,980.6040,-88.8228,-0.1128,5,0.1250,0.8000,5,4,4,0,0,4,4,0.0000
4,272.0000,25,16,635.7147,-85.5887,0.1217,10,0.2500,0.8571,7,8,8,0,0,8,8,0.0000
4,272.0000,25,18,698.5361,-85.5946,-0.1355,7,0.1750,1.0000,8,7,5,0,0,7,5,0.2857
4,272.0000,25,19,760.7217,-86.0507,-0.4294,20,0.5000,1.0000,6,4,4,0,0,4,4,0.0000
4,272.0000,25,20,801.5810,-87.6197,0.7518,7,0.1750,1.0000,8,8,7,0,0,8,7,0.1250
4,272.0000,25,21,258.0878,-78.2087,-0.3136,33,0.8250,0.5000,6,5,1,0,0,5,1,0.8000
4,272.0000,25,23,1042.4006,-88.5582,0.4753,4,0.1000,,0,6,6,0,0,6,6,0.0000
4,272.0000,25,24,621.9693,-86.4845,0.0020,10,0.2500,1.0000,8,8,8,0,0,8,8,0.0000
4,272.0000,25,27,585.0117,-85.2878,0.2920,9,0.2250,0.5000,6,6,4,0,0,6,4,0.3333
4,272.0000,25,28,732.9017,-86.1299,-0.2011,14,0.3500,1.0000,6,8,6,0,0,8,6,0.2500
4,272.0000,25,30,745.4932,-85.3703,0.2756,12,0.3000,,0,8,8,0,0,8,8,0.0000
4,272.0000,25,31,203.1192,-76.2329,0.5826,28,0.7000,0.2000,5,5,1,0,0,5,1,0.8000
4,272.0000,25,32,185.9254,-74.0532,0.0372,36,0.9000,0.4000,5,6,3,0,0,6,3,0.5000
4,272.0000,25,36,292.9346,-80.6933,1.0367,26,0.6500,0.4286,7,6,3,0,0,6,3,0.5000
4,272.0000,25,38,625.7311,-85.4131,0.6609,10,0.2500,1.0000,8,7,6,0,0,7,6,0.1429
4,272.0000,25,39,816.7335,-86.6657,0.0298,7,0.1750,0.8571,7,7,6,0,0,7,6,0.1429
4,272.0000,25,40,965.1738,-87.8639,0.2775,7,0.1750,0.8333,6,2,2,0,0,2,2,0.0000
4,272.0000,25,42,369.5182,-81.6208,0.6847,27,0.6750,0.6667,6,6,4,0,0,6,4,0.3333
4,272.0000,25,44,448.8967,-82.1870,-0.5384,17,0.4250,0.8571,7,5,2,0,0,5,2,0.6000
4,272.0000,25,45,766.5261,-88.5116,-0.2546,7,0.1750,1.0000,8,6,6,0,0,6,6,0.0000
4,272.0000,25,46,663.0585,-86.0654,0.0336,12,0.3000,0.5000,4,8,8,0,0,8,8,0.0000
4,272.0000,25,47,267.9683,-80.0477,1.4850,20,0.5000,0.2000,5,9,5,0,0,9,5,0.4444
4,272.0000,26,2,910.0166,-86.8957,-0.6833,3,0.0750,1.0000,4,8,8,0,0,8,8,0.0000
4,272.0000,26,3,875.0098,-86.5166,-0.2915,3,0.0750,1.0000,6,8,8,0,0,8,8,0.0000
4,272.0000,26,5,257.8170,-78.4555,0.1943,32,0.8000,0.2000,5,5,1,0,0,5,1,0.8000
4,272.0000,26,7,674.3004,-84.7971,-1.0021,5,0.1250,1.0000,8,7,6,0,0,7,6,0.1429
4,272.0000,26,10,619.6186,-83.5454,-0.5406,5,0.1250,1.0000,8,8,7,0,0,8,7,0.1250
4,272.0000,26,12,599.6213,-86.1575,0.6572,6,0.1500,0.8750,8,8,7,0,0,8,7,0.1250
4,272.0000,26,17,620.0598,-85.0242,4.1330,3,0.0750,1.0000,8,6,4,0,0,6,4,0.3333
4,272.0000,26,18,726.4371,-87.3757,3.3990,3,0.0750,1.0000,8,7,6,0,0,7,6,0.1429
4,272.0000,26,22,561.2958,-84.2867,-0.8135,5,0.1250,0.8571,7,7,5,0,0,7,5,0.2857
4,272.0000,26,23,655.0253,-85.7397,-0.2957,6,0.1500,1.0000,8,8,7,0,0,8,7,0.1250
4,272.0000,26,29,669.3797,-85.5579,0.9763,3,0.0750,0.8750,8,7,6,0,0,7,6,0.1429
4,272.0000,26,33,891.9878,-86.3282,0.8411,3,0.0750,1.0000,8,8,8,0,0,8,8,0.0000
4,272.0000,26,34,380.4506,-81.4176,0.5406,17,0.4250,1.0000,8,6,4,0,0,6,4,0.3333
4,272.0000,26,35,137.6851,-73.4606,-0.1482,38,0.9500,0.2000,5,5,2,0,0,5,2,0.6000
4,272.0000,26,37,425.9411,-81.8454,-0.1502,15,0.3750,0.8571,7,5,2,0,0,5,2,0.6000
4,272.0000,26,41,177.0694,-75.9268,0.8678,37,0.9250,0.2000,5,4,0,0,0,4,0,1.0000
4,272.0000,26,43,610.9956,-84.5769,1.7972,8,0.2000,1.0000,8,7,6,0,0,7,6,0.1429
4,272.0000,27,0,1091.3955,-88.5019,0.3241,3,0.0750,1.0000,8,6,6,0,0,6,6,0.0000
4,272.0000,27,1,659.3099,-85.7628,-0.4474,10,0.2500,0.9710,69,8,8,0,0,8,8,0.0000
4,272.0000,27,8,875.6967,-86.7348,-1.6812,5,0.1250,0.7500,4,6,6,0,0,6,6,0.0000
4,272.0000,27,9,576.3519,-84.3470,0.1796,14,0.3500,1.0000,8,8,8,0,0,8,8,0.0000
4,272.0000,27,10,532.6869,-84.1808,0.9507,6,0.1500,0.7143,7,7,6,0,0,7,6,0.1429
4,272.0000,27,11,759.1402,-86.9009,1.2283,4,0.1000,0.8571,7,7,6,0,0,7,6,0.1429
4,272.0000,27,13,672.7659,-86.1111,0.4008,9,0.2250,1.0000,8,8,8,0,0,8,8,0.0000
4,272.0000,27,14,267.9717,-79.4635,0.9906,22,0.5500,0.5000,6,5,2,0,0,5,2,0.6000
4,272.0000,27,16,127.9060,-75.1673,1.8638,32,0.8000,0.5000,6,4,0,0,0,4,0,1.0000
4,272.0000,27,17,822.3084,-86.5955,0.1951,3,0.0750,1.0000,8,8,8,0,0,8,8,0.0000
4,272.0000,27,18,417.5576,-81.9841,-1.7189,10,0.2500,0.5000,6,8,8,0,0,8,8,0.0000
4,272.0000,27,20,792.7298,-86.0419,-2.2144,4,0.1000,1.0000,8,8,7,0,0,8,7,0.1250
4,272.0000,27,21,561.0845,-83.7338,-0.1383,11,0.2750,0.8571,7,6,4,0,0,6,4,0.3333
4,272.0000,27,22,774.1929,-86.8999,-0.9580,4,0.1000,0.8750,8,8,8,0,0,8,8,0.0000
4,272.0000,27,24,702.5454,-86.8062,-0.4289,6,0.1500,1.0000,8,8,8,0,0,8,8,0.0000
4,272.0000,27,25,585.0117,-85.2894,0.1556,7,0.1750,0.9333,15,7,6,0,0,7,6,0.1429
4,272.0000,27,26,916.3600,-88.1666,0.5117,4,0.1000,,0,4,4,0,0,4,4,0.0000
4,272.0000,27,30,916.6023,-87.4085,0.3640,5,0.1250,0.8000,5,4,4,0,0,4,4,0.0000
4,272.0000,27,31,534.2662,-84.7494,0.3962,9,0.2250,0.7143,7,8,7,0,0,8,7,0.1250
4,272.0000,27,32,556.0749,-83.6303,0.2787,9,0.2250,1.0000,8,7,5,0,0,7,5,0.2857
4,272.0000,27,36,864.8091,-87.0795,-1.3916,5,0.1250,1.0000,6,8,7,0,0,8,7,0.1250
4,272.0000,27,37,569.5254,-86.8378,-0.7324,6,0.1500,1.0000,8,8,7,0,0,8,7,0.1250
4,272.0000,27,38,107.1684,-70.1792,1.3498,35,0.8750,0.3333,6,6,1,0,0,6,1,0.8333
4,272.0000,27,42,858.8703,-86.9125,-0.5271,6,0.1500,1.0000,8,8,8,0,0,8,8,0.0000
4,272.0000,27,44,425.3516,-82.0179,-0.5060,19,0.4750,0.4000,5,8,7,0,0,8,7,0.1250
4,272.0000,27,45,629.7531,-85.5747,-0.6843,6,0.1500,0.8571,7,8,8,0,0,8,8,0.0000
4,272.0000,27,47,392.1154,-79.7773,-0.5144,16,0.4000,0.8750,8,7,5,0,0,7,5,0.2857
4,272.0000,28,0,426.5089,-81.1433,-0.3604,30,0.7500,0.3333,6,7,5,0,0,7,5,0.2857
4,272.0000,28,1,549.5210,-83.9916,-0.2218,5,0.1250,1.0000,8,6,4,0,0,6,4,0.3333
4,272.0000,28,9,582.2544,-83.2947,-0.7827,11,0.2750,0.7143,7,8,8,0,0,8,8,0.0000
4,272.0000,28,15,250.5952,-74.4610,-2.3153,38,0.9500,0.0000,4,5,1,0,0,5,1,0.8000
4,272.0000,28,19,395.4123,-81.6040,0.8447,20,0.5000,0.5000,6,4,0,0,0,4,0,1.0000
4,272.0000,28,30,402.6850,-81.8909,0.1522,25,0.6250,0.4000,5,6,2,0,0,6,2,0.6667
4,272.0000,28,36,600.1590,-85.0178,0.8346,5,0.1250,0.8571,7,8,8,0,0,8,8,0.0000
4,272.0000,28,39,208.0001,-75.3632,-0.6972,35,0.8750,0.0000,4,6,2,0,0,6,2,0.6667
4,272.0000,28,40,363.8678,-79.8673,-1.0510,34,0.8500,0.2000,10,5,1,0,0,5,1,0.8000
4,272.0000,28,46,88.9083,-69.0704,1.1678,35,0.8750,0.0000,4,4,0,0,0,4,0,1.0000
4,272.0000,29,2,413.9933,-80.7265,-0.4742,18,0.4500,0.6667,6,6,4,0,0,6,4,0.3333
4,272.0000,29,3,435.8053,-80.9597,-0.8243,16,0.4000,0.8000,5,10,9,0,0,10,9,0.1000
4,272.0000,29,5,613.0736,-84.5875,0.5553,14,0.3500,0.8571,7,6,4,0,0,6,4,0.3333
4,272.0000,29,7,106.7805,-73.8533,2.1393,35,0.8750,0.0000,4,6,2,0,0,6,2,0.6667
4,272.0000,29,10,660.3701,-84.1599,-0.3775,7,0.1750,0.5000,6,8,8,0,0,8,8,0.0000
4,272.0000,29,11,590.2495,-85.0088,-0.9790,8,0.2000,1.0000,10,8,8,138,138,146,146,0.0000
4,272.0000,29,12,266.6585,-78.1746,-0.0917,21,0.5250,0.2000,5,5,1,0,0,5,1,0.8000
4,272.0000,29,17,488.1985,-82.8837,-0.0523,14,0.3500,0.7143,7,6,4,2,2,8,6,0.2500
4,272.0000,29,20,625.1799,-85.2658,-1.4787,6,0.1500,1.0000,66,7,6,4,4,11,10,0.0909
4,272.0000,29,22,492.4394,-82.2013,-0.2101,14,0.3500,1.0000,8,7,6,0,0,7,6,0.1429
4,272.0000,29,23,421.2689,-81.6445,-0.6164,19,0.4750,0.8571,7,6,3,0,0,6,3,0.5000
4,272.0000,29,24,787.7274,-86.2206,-0.1209,4,0.1000,1.0000,8,7,6,0,0,7,6,0.1429
4,272.0000,29,26,669.3797,-85.9234,0.2498,6,0.1500,0.8571,7,8,7,0,0,8,7,0.1250
4,272.0000,29,33,224.7631,-74.8540,-0.6115,34,0.8500,0.2500,8,5,1,0,0,5,1,0.8000
4,272.0000,29,34,392.3058,-80.6189,-0.0119,19,0.4750,0.8554,83,5,2,0,0,5,2,0.6000
4,272.0000,29,35,624.3783,-85.3978,0.6246,13,0.3250,0.6000,5,7,6,0,0,7,6,0.1429
4,272.0000,29,37,730.9114,-85.1924,0.3367,4,0.1000,1.0000,8,6,6,0,0,6,6,0.0000
4,272.0000,29,41,650.4959,-85.2569,-0.1289,17,0.4250,0.8571,7,7,6,0,0,7,6,0.1429
4,272.0000,29,43,179.5255,-70.4797,-1.7441,33,0.8250,0.3333,6,7,4,0,0,7,4,0.4286
4,272.0000,29,45,681.9030,-85.4765,1.0546,5,0.1250,1.0000,8,8,8,0,0,8,8,0.0000
4,272.0000,30,0,182.3620,-71.7332,-1.0879,35,0.8750,0.4286,7,4,0,0,0,4,0,1.0000
4,272.0000,30,1,582.3465,-85.2346,0.4236,9,0.2250,1.0000,8,8,7,0,0,8,7,0.1250
4,272.0000,30,9,350.8331,-81.0964,-0.0197,17,0.4250,0.8750,8,6,4,0,0,6,4,0.3333
4,272.0000,30,15,551.1891,-83.2912,-0.8760,23,0.5750,0.5000,6,5,2,0,0,5,2,0.6000
4,272.0000,30,19,770.8263,-86.3734,-0.7229,6,0.1500,1.0000,8,8,8,0,0,8,8,0.0000
4,272.0000,30,21,704.6894,-85.7535,-0.7574,4,0.1000,1.0000,8,8,8,0,0,8,8,0.0000
4,272.0000,30,28,402.6850,-80.6884,-0.2286,22,0.5500,0.2500,4,9,7,0,0,9,7,0.2222
4,272.0000,30,32,886.9981,-86.8089,-1.6285,3,0.0750,1.0000,8,6,6,0,0,6,6,0.0000
4,272.0000,30,39,329.3251,-80.1137,-0.6309,32,0.8000,0.7143,7,7,5,0,0,7,5,0.2857
4,272.0000,30,40,303.3640,-79.1517,0.0216,34,0.8500,0.0000,4,5,1,0,0,5,1,0.8000
4,272.0000,30,44,496.0861,-83.4837,-0.5917,15,0.3750,0.7500,8,8,8,0,0,8,8,0.0000
4,272.0000,30,46,440.4408,-83.2265,0.5160,21,0.5250,1.0000,8,8,7,0,0,8,7,0.1250
4,272.0000,31,1,361.0089,-80.8394,0.4952,23,0.5897,0.8571,7,5,1,0,0,5,1,0.8000
4,272.0000,31,4,489.4446,-82.4099,-0.2299,14,0.3590,0.8571,7,7,6,0,0,7,6,0.1429
4,272.0000,31,6,432.7699,-80.1832,-1.0730,22,0.5641,1.0000,8,8,7,0,0,8,7,0.1250
4,272.0000,31,8,545.9662,-83.5963,-0.3994,16,0.4103,0.5714,7,4,4,0,0,4,4,0.0000
4,272.0000,31,9,610.1709,-85.3906,0.2240,12,0.3077,0.8750,8,8,6,0,0,8,6,0.2500
4,272.0000,31,10,645.6160,-86.8888,-0.6022,6,0.1538,1.0000,8,8,7,0,0,8,7,0.1250
4,272.0000,31,11,612.8626,-86.8694,0.1213,6,0.1538,1.0000,8,8,8,0,0,8,8,0.0000
4,272.0000,31,13,254.2890,-77.2942,-0.0070,29,0.7436,0.5089,112,5,1,110,60,115,61,0.4696
4,272.0000,31,14,447.6045,-82.1639,-0.1112,12,0.3077,1.0000,8,8,6,0,0,8,6,0.2500
4,272.0000,31,16,561.3660,-85.7773,-0.2954,8,0.2051,0.8571,7,6,4,0,0,6,4,0.3333
4,272.0000,31,17,892.7564,-88.8138,0.4664,3,0.0769,1.0000,6,8,8,0,0,8,8,0.0000
4,272.0000,31,18,530.9042,-83.5134,-0.6727,11,0.2821,1.0000,8,7,5,0,0,7,5,0.2857
4,272.0000,31,20,663.5914,-87.4441,-0.8866,5,0.1282,0.8750,8,8,8,0,0,8,8,0.0000
4,272.0000,31,21,402.0566,-81.6023,0.1077,17,0.4359,0.8571,7,8,8,0,0,8,8,0.0000
4,272.0000,31,22,874.8003,-88.4175,-1.3601,3,0.0769,1.0000,8,7,6,0,0,7,6,0.1429
4,272.0000,31,23,901.3605,-87.6319,-0.6376,5,0.1282,1.0000,4,8,8,0,0,8,8,0.0000
4,272.0000,31,24,435.6308,-80.9261,0.1641,15,0.3846,0.7143,7,6,6,0,0,6,6,0.0000
4,272.0000,31,25,203.1192,-77.0927,0.9117,31,0.7949,0.7143,7,4,0,0,0,4,0,1.0000
4,272.0000,31,27,534.2662,-83.7485,0.1449,12,0.3077,0.8750,8,6,4,0,0,6,4,0.3333
4,272.0000,31,30,910.7865,-87.9185,0.5393,5,0.1282,,0,4,4,0,0,4,4,0.0000
4,272.0000,31,32,43.5738,-69.0726,2.8600,33,0.8462,0.2000,5,4,0,0,0,4,0,1.0000
4,272.0000,31,36,459.6688,-84.3933,0.6495,15,0.3846,0.8571,7,7,6,0,0,7,6,0.1429
4,272.0000,31,37,841.0999,-88.9100,0.3298,4,0.1026,1.0000,6,6,6,0,0,6,6,0.0000
4,272.0000,31,38,572.4277,-85.7057,-0.8731,8,0.2051,0.7500,8,8,8,0,0,8,8,0.0000
4,272.0000,31,42,418.9619,-81.6410,-0.0404,20,0.5128,0.8571,7,8,8,0,0,8,8,0.0000
4,272.0000,31,44,548.7176,-84.3952,1.0659,12,0.3077,0.7500,8,6,4,0,0,6,4,0.3333
4,272.0000,31,45,644.2760,-85.9086,0.1463,6,0.1538,1.0000,8,8,7,0,0,8,7,0.1250
4,272.0000,31,46,835.1788,-87.8111,-0.4409,8,0.2051,1.0000,4,2,2,0,0,2,2,0.0000
4,272.0000,31,47,149.1067,-75.0936,1.6942,29,0.7436,0.5000,6,5,2,0,0,5,2,0.6000
4,272.0000,32,0,1053.4024,-87.3044,-0.5503,3,0.0750,1.0000,8,6,5,0,0,6,5,0.1667
4,272.0000,32,1,330.4058,-78.8771,-0.5713,24,0.6000,0.2000,5,7,6,0,0,7,6,0.1429
4,272.0000,32,3,897.1496,-87.3207,0.8056,3,0.0750,1.0000,8,8,8,0,0,8,8,0.0000
4,272.0000,32,4,511.4635,-85.1579,1.7763,10,0.2500,0.7143,7,7,5,0,0,7,5,0.2857
4,272.0000,32,6,425.8490,-81.3846,0.1527,20,0.5000,0.7143,7,5,2,0,0,5,2,0.6000
4,272.0000,32,8,576.2135,-85.7878,0.4981,10,0.2500,1.0000,8,6,6,0,0,6,6,0.0000
4,272.0000,32,9,595.6349,-85.4060,-0.2923,11,0.2750,0.8571,7,8,8,0,0,8,8,0.0000
4,272.0000,32,10,687.4086,-86.7493,2.2005,4,0.1000,0.8571,7,7,6,0,0,7,6,0.1429
4,272.0000,32,11,650.7464,-85.6773,1.9636,4,0.1000,1.0000,6,2,2,0,0,2,2,0.0000
4,272.0000,32,13,228.8628,-74.9794,0.1431,35,0.8750,0.4000,5,8,6,0,0,8,6,0.2500
4,272.0000,32,14,467.7591,-83.5231,0.6850,12,0.3000,1.0000,7,9,7,0,0,9,7,0.2222
4,272.0000,32,16,590.8767,-85.1960,-1.2733,7,0.1750,1.0000,8,7,5,0,0,7,5,0.2857
4,272.0000,32,18,562.7746,-84.2100,1.1789,7,0.1750,1.0000,8,7,5,0,0,7,5,0.2857
4,272.0000,32,19,875.8641,-87.6295,-1.0096,7,0.1750,1.0000,6,2,2,0,0,2,2,0.0000
4,272.0000,32,20,704.4896,-87.1019,-0.1917,4,0.1000,1.0000,8,10,10,0,0,10,10,0.0000
4,272.0000,32,21,407.2755,-82.2623,-1.2132,19,0.4750,0.3333,6,7,4,0,0,7,4,0.4286
4,272.0000,32,22,917.9146,-88.9951,0.0822,3,0.0750,1.0000,6,6,6,0,0,6,6,0.0000
4,272.0000,32,24,468.5123,-85.2053,2.4388,9,0.2250,0.7500,8,8,8,0,0,8,8,0.0000
4,272.0000,32,25,185.9254,-73.9187,-0.3145,33,0.8250,0.2000,5,4,0,0,0,4,0,1.0000
4,272.0000,32,27,556.0749,-83.3076,0.1826,15,0.3750,0.8750,8,8,8,0,0,8,8,0.0000
4,272.0000,32,30,886.9981,-87.8012,-0.2986,6,0.1500,1.0000,4,4,4,0,0,4,4,0.0000
4,272.0000,32,31,43.5738,-69.1252,3.2443,34,0.8500,0.4286,7,4,0,0,0,4,0,1.0000
4,272.0000,32,36,434.9262,-83.0122,0.7299,20,0.5000,0.5714,7,8,8,0,0,8,8,0.0000
4,272.0000,32,37,874.4979,-88.3871,-0.5169,4,0.1000,1.0000,4,6,6,0,0,6,6,0.0000
4,272.0000,32,38,588.6391,-84.5888,1.0899,9,0.2250,0.7143,7,6,4,0,0,6,4,0.3333
4,272.0000,32,39,935.6504,-87.2393,-0.4659,7,0.1750,1.0000,8,8,8,0,0,8,8,0.0000
4,272.0000,32,42,421.8808,-82.4719,1.1821,19,0.4750,0.6667,6,6,4,0,0,6,4,0.3333
4,272.0000,32,44,543.3840,-83.8908,-0.8393,14,0.3500,0.5000,6,7,6,0,0,7,6,0.1429
4,272.0000,32,45,687.8258,-87.6541,-0.0051,5,0.1250,1.0000,8,7,6,0,0,7,6,0.1429
4,272.0000,32,46,799.2839,-88.1837,0.1281,5,0.1250,1.0000,6,2,2,0,0,2,2,0.0000
4,272.0000,32,47,167.2710,-76.0153,1.2066,29,0.7250,0.6667,6,5,2,0,0,5,2,0.6000
4,272.0000,33,2,370.2605,-81.5777,0.5552,20,0.5000,0.6250,8,6,4,0,0,6,4,0.3333
4,272.0000,33,3,430.7932,-82.4160,-0.5881,16,0.4000,0.4000,5,6,4,0,0,6,4,0.3333
4,272.0000,33,5,832.3875,-86.9898,-0.3544,8,0.2000,1.0000,8,6,6,0,0,6,6,0.0000
4,272.0000,33,7,261.5775,-77.7863,0.0159,32,0.8000,0.4000,5,5,1,0,0,5,1,0.8000
4,272.0000,33,10,800.9885,-85.1707,0.2396,4,0.1000,1.0000,8,8,8,0,0,8,8,0.0000
4,272.0000,33,11,648.3580,-85.7857,0.3852,7,0.1750,1.0000,8,10,10,0,0,10,10,0.0000
4,272.0000,33,12,399.2244,-81.6207,1.4937,19,0.4750,0.8750,8,7,5,0,0,7,5,0.2857
4,272.0000,33,17,605.2585,-82.9536,0.5883,9,0.2250,1.0000,8,8,8,0,0,8,8,0.0000
4,272.0000,33,20,664.4481,-85.8783,0.2910,9,0.2250,1.0000,8,8,8,0,0,8,8,0.0000
4,272.0000,33,22,631.0442,-85.4250,-0.3247,8,0.2000,1.0000,8,8,8,0,0,8,8,0.0000
4,272.0000,33,23,523.0259,-84.7860,0.0303,12,0.3000,1.0000,8,7,4,0,0,7,4,0.4286
4,272.0000,33,26,891.9878,-88.6623,-0.1627,5,0.1250,1.0000,8,8,8,0,0,8,8,0.0000
4,272.0000,33,29,224.7631,-75.7414,-0.4771,31,0.7750,0.3333,6,5,2,0,0,5,2,0.6000
4,272.0000,33,34,608.0339,-84.1116,-0.4781,12,0.3000,0.8571,7,8,8,0,0,8,8,0.0000
4,272.0000,33,35,847.6907,-87.9597,0.0842,5,0.1250,1.0000,8,6,6,0,0,6,6,0.0000
4,272.0000,33,37,926.3210,-87.4323,-2.9657,4,0.1000,1.0000,8,8,8,0,0,8,8,0.0000
4,272.0000,33,41,868.3417,-87.3465,-0.1657,6,0.1500,1.0000,4,8,7,0,0,8,7,0.1250
4,272.0000,33,43,332.6580,-77.9304,-1.0402,23,0.5750,0.5000,6,8,7,0,0,8,7,0.1250
4,272.0000,33,45,778.9441,-86.6442,-1.7487,3,0.0750,1.0000,8,8,8,0,0,8,8,0.0000
4,272.0000,34,2,706.8643,-85.9485,-1.4959,9,0.2250,0.7143,7,6,6,0,0,6,6,0.0000
4,272.0000,34,3,675.8149,-85.7267,-0.8367,11,0.2750,0.9091,11,8,8,0,0,8,8,0.0000
4,272.0000,34,5,256.6044,-77.7901,-0.0729,33,0.8250,0.0000,4,5,1,0,0,5,1,0.8000
4,272.0000,34,7,375.0680,-80.8399,-0.0585,27,0.6750,0.0000,5,6,2,0,0,6,2,0.6667
4,272.0000,34,10,605.5381,-84.7299,-0.2291,10,0.2500,0.7500,8,7,5,0,0,7,5,0.2857
4,272.0000,34,11,676.0690,-86.4440,-0.3843,6,0.1500,1.0000,8,8,8,0,0,8,8,0.0000
4,272.0000,34,12,468.0428,-82.7504,-1.2017,17,0.4250,0.4286,7,8,7,0,0,8,7,0.1250
4,272.0000,34,16,911.7734,-87.7156,-1.5034,3,0.0750,1.0000,8,8,8,0,0,8,8,0.0000
4,272.0000,34,17,586.6720,-85.9579,-0.4378,10,0.2500,1.0000,10,8,8,0,0,8,8,0.0000
4,272.0000,34,18,681.0948,-87.5126,0.7658,5,0.1250,1.0000,8,8,8,0,0,8,8,0.0000
4,272.0000,34,20,767.8556,-86.1141,-0.7599,6,0.1500,0.8333,6,8,8,0,0,8,8,0.0000
4,272.0000,34,22,541.0413,-83.9931,-0.2359,12,0.3000,1.0000,8,8,8,0,0,8,8,0.0000
4,272.0000,34,23,566.9334,-83.0778,-0.2638,14,0.3500,0.7143,7,6,5,0,0,6,5,0.1667
4,272.0000,34,26,380.4506,-82.1892,0.1720,24,0.6000,0.7143,7,7,3,0,0,7,3,0.5714
4,272.0000,34,29,392.3058,-81.0835,-0.0409,17,0.4250,0.8500,40,8,7,0,0,8,7,0.1250
4,272.0000,34,33,608.0339,-84.2360,-0.4694,14,0.3500,0.5714,7,8,8,0,0,8,8,0.0000
4,272.0000,34,35,306.5701,-80.9121,1.0855,25,0.6250,0.2000,5,6,4,0,0,6,4,0.3333
4,272.0000,34,37,466.3166,-80.9545,-1.0296,18,0.4500,0.5000,6,8,8,0,0,8,8,0.0000
4,272.0000,34,41,382.8010,-81.5163,0.6203,22,0.5500,0.7500,8,6,4,0,0,6,4,0.3333
4,272.0000,34,43,407.2324,-81.9012,0.3341,19,0.4750,0.7143,7,7,5,0,0,7,5,0.2857
4,272.0000,34,45,731.0551,-86.0604,-0.4556,6,0.1500,1.0000,8,8,8,0,0,8,8,0.0000
4,272.0000,35,5,130.2330,-73.3251,1.3422,37,0.9250,0.0000,4,4,0,0,0,4,0,1.0000
4,272.0000,35,7,608.6870,-85.6562,0.3398,8,0.2000,1.0000,8,8,8,0,0,8,8,0.0000
4,272.0000,35,10,695.2877,-86.9918,2.2315,4,0.1000,1.0000,8,7,5,0,0,7,5,0.2857
4,272.0000,35,12,610.7564,-86.0862,0.7396,4,0.1000,1.0000,8,8,8,0,0,8,8,0.0000
4,272.0000,35,17,678.5753,-87.8090,1.2013,3,0.0750,1.0000,8,7,5,0,0,7,5,0.2857
4,272.0000,35,20,933.0619,-88.4446,-0.8013,3,0.0750,1.0000,6,6,6,0,0,6,6,0.0000
4,272.0000,35,23,697.2227,-86.2924,-0.7476,4,0.1000,1.0000,8,8,8,0,0,8,8,0.0000
4,272.0000,35,26,137.6851,-73.0608,0.5200,37,0.9250,0.0000,4,4,0,0,0,4,0,1.0000
4,272.0000,35,29,624.3783,-86.2991,3.6890,3,0.0750,0.8571,7,5,4,0,0,5,4,0.2000
4,272.0000,35,33,847.6907,-87.9191,0.6285,4,0.1000,1.0000,8,8,8,0,0,8,8,0.0000
4,272.0000,35,34,306.5701,-80.7000,0.8555,19,0.4750,0.4000,5,4,0,0,0,4,0,1.0000
4,272.0000,35,37,488.2498,-82.3873,0.6720,6,0.1500,0.8750,8,8,8,0,0,8,8,0.0000
4,272.0000,35,41,111.1440,-71.3935,0.3762,37,0.9250,0.0000,4,4,0,0,0,4,0,1.0000
4,272.0000,35,43,603.4343,-84.7435,0.8959,5,0.1250,1.0000,8,7,6,0,0,7,6,0.1429
4,272.0000,36,0,855.2410,-87.1662,0.3859,3,0.0750,1.0000,8,6,6,0,0,6,6,0.0000
4,272.0000,36,1,275.3174,-78.1645,0.9085,23,0.5750,0.5000,6,5,1,0,0,5,1,0.8000
4,272.0000,36,4,541.1789,-84.5716,0.2018,9,0.2250,0.6667,6,8,8,0,0,8,8,0.0000
4,272.0000,36,6,531.3238,-84.9365,-0.2927,9,0.2250,0.8571,7,7,6,0,0,7,6,0.1429
4,272.0000,36,8,739.6531,-85.5447,-0.7095,3,0.0750,1.0000,8,6,6,0,0,6,6,0.0000
4,272.0000,36,9,586.0479,-84.9321,0.2834,9,0.2250,0.8750,8,7,5,0,0,7,5,0.2857
4,272.0000,36,13,214.2001,-77.4995,0.3892,26,0.6500,0.0000,4,6,2,0,0,6,2,0.6667
4,272.0000,36,14,867.7043,-87.8601,-0.4558,4,0.1000,1.0000,8,8,8,0,0,8,8,0.0000
4,272.0000,36,15,830.2176,-87.0082,-0.2432,8,0.2000,1.0000,8,6,6,0,0,6,6,0.0000
4,272.0000,36,19,519.4528,-83.1865,-1.1871,19,0.4750,0.8000,5,8,6,0,0,8,6,0.2500
4,272.0000,36,21,390.9533,-81.0953,0.0771,12,0.3000,0.7143,7,6,2,0,0,6,2,0.6667
4,272.0000,36,25,292.9346,-78.6175,0.2919,20,0.5000,0.8571,7,7,4,0,0,7,4,0.4286
4,272.0000,36,27,864.8091,-88.3000,0.0425,3,0.0750,1.0000,8,8,7,0,0,8,7,0.1250
4,272.0000,36,28,600.1590,-84.3559,-0.8657,10,0.2500,0.5714,7,7,6,0,0,7,6,0.1429
4,272.0000,36,30,739.0451,-87.1052,0.1551,4,0.1000,,0,8,8,0,0,8,8,0.0000
4,272.0000,36,31,459.6688,-83.6866,1.1139,8,0.2000,1.0000,8,7,6,0,0,7,6,0.1429
4,272.0000,36,32,434.9262,-82.6631,0.1478,9,0.2250,0.8571,7,8,6,0,0,8,6,0.2500
4,272.0000,36,39,749.1342,-87.1428,0.4833,8,0.2000,1.0000,8,6,4,0,0,6,4,0.3333
4,272.0000,36,40,874.7664,-87.2605,-0.3724,5,0.1250,0.8571,7,8,7,0,0,8,7,0.1250
4,272.0000,36,42,337.2762,-80.5162,0.8349,16,0.4000,1.0000,8,5,2,0,0,5,2,0.6000
4,272.0000,36,44,632.0607,-85.5979,0.0356,7,0.1750,1.0000,8,8,8,0,0,8,8,0.0000
4,272.0000,36,46,515.6964,-85.4445,0.8210,12,0.3000,0.8750,8,8,8,0,0,8,8,0.0000
4,272.0000,36,47,557.3049,-84.4940,0.9889,8,0.2000,0.8571,7,7,5,0,0,7,5,0.2857
4,272.0000,37,3,749.8844,-86.3926,-1.5199,6,0.1500,1.0000,8,6,6,0,0,6,6,0.0000
4,272.0000,37,5,515.0236,-82.8007,-1.0120,16,0.4000,0.6667,6,8,7,0,0,8,7,0.1250
4,272.0000,37,7,769.8396,-87.3779,-0.7754,5,0.1250,1.0000,8,8,8,0,0,8,8,0.0000
4,272.0000,37,10,363.6586,-79.0470,-0.4898,11,0.2750,0.6667,6,8,7,0,0,8,7,0.1250
4,272.0000,37,11,593.9092,-85.9217,-1.6846,5,0.1250,0.8571,7,8,8,0,0,8,8,0.0000
4,272.0000,37,12,647.7755,-84.2718,-0.2503,9,0.2250,0.8571,7,8,8,0,0,8,8,0.0000
4,272.0000,37,14,483.2330,-82.6417,-0.1322,11,0.2750,0.8571,7,8,8,0,0,8,8,0.0000
4,272.0000,37,16,477.0268,-82.8099,0.3356,9,0.2250,0.8750,8,7,6,0,0,7,6,0.1429
4,272.0000,37,17,575.5217,-85.7501,-0.5748,6,0.1500,1.0000,8,8,8,0,0,8,8,0.0000
4,272.0000,37,18,317.9314,-80.1279,0.5714,14,0.3500,0.7143,7,6,3,0,0,6,3,0.5000
4,272.0000,37,20,689.1942,-84.9340,-0.6227,7,0.1750,1.0000,8,8,8,0,0,8,8,0.0000
4,272.0000,37,22,504.7073,-83.9698,-1.5907,6,0.1500,0.8571,7,8,8,0,0,8,8,0.0000
4,272.0000,37,23,603.6762,-85.4435,-0.9567,6,0.1500,0.7143,7,7,6,0,0,7,6,0.1429
4,272.0000,37,24,667.7158,-86.9938,-1.1192,5,0.1250,1.0000,8,6,6,0,0,6,6,0.0000
4,272.0000,37,26,425.9411,-81.6147,0.1896,18,0.4500,0.7143,7,6,3,0,0,6,3,0.5000
4,272.0000,37,27,569.5254,-85.4719,1.5358,6,0.1500,1.0000,8,7,6,0,0,7,6,0.1429
4,272.0000,37,29,730.9114,-85.0495,-0.2246,7,0.1750,1.0000,8,8,8,0,0,8,8,0.0000
4,272.0000,37,33,926.3210,-87.8130,-0.6202,6,0.1500,1.0000,6,8,8,0,0,8,8,0.0000
4,272.0000,37,34,466.3166,-80.8461,-0.7937,15,0.3750,0.8571,7,6,3,0,0,6,3,0.5000
4,272.0000,37,35,488.2498,-82.9247,-0.0267,12,0.3000,0.5000,6,7,6,0,0,7,6,0.1429
4,272.0000,37,38,582.1355,-85.3190,0.6063,8,0.2000,0.8571,7,8,8,0,0,8,8,0.0000
4,272.0000,37,41,581.8430,-84.2035,-0.5211,11,0.2750,0.8571,7,8,8,0,0,8,8,0.0000
4,272.0000,37,43,628.8383,-84.5365,-0.7416,4,0.1000,1.0000,8,8,8,0,0,8,8,0.0000
4,272.0000,37,45,559.0102,-84.2463,0.4012,6,0.1500,0.8750,8,8,8,0,0,8,8,0.0000
4,272.0000,37,47,739.8781,-87.0982,0.8060,4,0.1000,1.0000,8,8,8,0,0,8,8,0.0000
4,272.0000,38,1,677.9898,-86.0828,0.5817,5,0.1250,0.8750,8,8,8,0,0,8,8,0.0000
4,272.0000,38,4,918.0940,-86.9572,-0.1620,4,0.1000,1.0000,8,8,8,0,0,8,8,0.0000
4,272.0000,38,8,955.7776,-87.9411,-0.0202,5,0.1250,1.0000,8,4,4,0,0,4,4,0.0000
4,272.0000,38,9,577.6705,-85.3809,0.5638,11,0.2750,0.8750,8,7,6,0,0,7,6,0.1429
4,272.0000,38,10,601.8137,-86.0240,1.5597,5,0.1250,1.0000,8,8,8,0,0,8,8,0.0000
4,272.0000,38,11,818.6626,-87.4561,0.1418,4,0.1000,1.0000,6,2,2,0,0,2,2,0.0000
4,272.0000,38,13,710.3220,-86.6668,0.4919,5,0.1250,1.0000,8,7,6,0,0,7,6,0.1429
4,272.0000,38,14,252.5812,-78.5279,0.5161,22,0.5500,0.7500,8,6,2,0,0,6,2,0.6667
4,272.0000,38,16,212.5012,-75.1463,-0.2985,31,0.7750,0.0000,4,5,1,0,0,5,1,0.8000
4,272.0000,38,18,438.9303,-82.3186,-1.4746,8,0.2000,0.7143,7,8,8,0,0,8,8,0.0000
4,272.0000,38,21,627.8250,-85.1352,0.3246,7,0.1750,1.0000,8,8,8,0,0,8,8,0.0000
4,272.0000,38,22,849.0597,-86.2475,0.6631,3,0.0750,1.0000,8,8,8,0,0,8,8,0.0000
4,272.0000,38,24,752.3927,-87.2150,0.4119,5,0.1250,1.0000,8,8,8,0,0,8,8,0.0000
4,272.0000,38,25,625.7311,-85.2963,0.7503,4,0.1000,1.0000,8,8,8,0,0,8,8,0.0000
4,272.0000,38,26,942.4021,-87.9988,0.8408,5,0.1250,1.0000,4,4,4,0,0,4,4,0.0000
4,272.0000,38,27,107.1684,-70.6633,0.9421,34,0.8500,0.3333,6,5,1,0,0,5,1,0.8000
4,272.0000,38,31,572.4277,-85.0775,0.9595,6,0.1500,1.0000,8,7,6,0,0,7,6,0.1429
4,272.0000,38,32,588.6391,-84.5463,-0.5710,10,0.2500,1.0000,8,7,6,0,0,7,6,0.1429
4,272.0000,38,34,1041.2127,-88.2581,0.4477,4,0.1000,,0,4,4,0,0,4,4,0.0000
4,272.0000,38,37,582.1355,-85.6096,1.2939,7,0.1750,1.0000,6,8,8,0,0,8,8,0.0000
4,272.0000,38,42,925.5802,-88.7423,1.4458,3,0.0750,1.0000,4,8,8,0,0,8,8,0.0000
4,272.0000,38,44,431.9892,-84.2239,0.0547,13,0.3250,0.7143,7,6,3,41,28,47,31,0.3404
4,272.0000,38,45,716.6458,-85.6083,-0.3985,6,0.1500,1.0000,8,6,6,0,0,6,6,0.0000
4,272.0000,38,47,424.0295,-80.7679,-0.2083,14,0.3500,0.6667,6,8,8,0,0,8,8,0.0000
4,272.0000,39,0,352.1595,-80.4281,0.1512,30,0.7500,0.2000,5,5,1,0,0,5,1,0.8000
4,272.0000,39,1,626.4933,-85.5605,0.0001,8,0.2000,0.8571,7,8,8,0,0,8,8,0.0000
4,272.0000,39,9,566.1829,-85.0106,0.1768,10,0.2500,1.0000,6,10,10,0,0,10,10,0.0000
4,272.0000,39,13,789.9848,-88.6014,-0.3242,5,0.1250,1.0000,8,8,8,0,0,8,8,0.0000
4,272.0000,39,15,286.4193,-75.5545,-1.7927,40,1.0000,0.0000,4,6,3,0,0,6,3,0.5000
4,272.0000,39,19,585.6669,-85.0143,0.4530,19,0.4750,1.0000,8,8,8,0,0,8,8,0.0000
4,272.0000,39,21,867.1122,-87.5192,0.6911,7,0.1750,1.0000,8,8,8,0,0,8,8,0.0000
4,272.0000,39,25,816.7335,-87.1633,-0.2975,5,0.1250,0.8750,8,8,8,0,0,8,8,0.0000
4,272.0000,39,28,208.0001,-75.7267,-0.3622,36,0.9000,0.2000,5,5,1,0,0,5,1,0.8000
4,272.0000,39,30,329.3251,-79.9518,-0.2064,33,0.8250,0.3333,6,5,1,0,0,5,1,0.8000
4,272.0000,39,32,935.6504,-87.8858,0.3071,5,0.1250,1.0000,8,4,4,0,0,4,4,0.0000
4,272.0000,39,36,749.1342,-86.8896,-1.4008,7,0.1750,1.0000,8,10,9,0,0,10,9,0.1000
4,272.0000,39,40,309.2127,-78.6851,0.0044,38,0.9500,0.0000,4,4,0,0,0,4,0,1.0000
4,272.0000,39,44,709.1731,-85.7946,0.4810,7,0.1750,1.0000,8,8,8,0,0,8,8,0.0000
4,272.0000,39,46,280.4765,-78.8339,-0.0047,33,0.8250,0.5000,4,5,1,0,0,5,1,0.8000
4,272.0000,40,0,158.3006,-74.3962,0.5884,36,0.9000,0.0000,4,6,2,0,0,6,2,0.6667
4,272.0000,40,9,641.4910,-83.1857,-0.7376,8,0.2000,0.9375,16,7,6,0,0,7,6,0.1429
4,272.0000,40,15,366.5248,-79.7094,-0.7246,33,0.8250,0.0000,4,4,0,0,0,4,0,1.0000
4,272.0000,40,19,723.9861,-85.9468,-0.0562,6,0.1500,0.9753,81,8,8,0,0,8,8,0.0000
4,272.0000,40,28,363.8678,-80.7495,-0.5170,32,0.8000,0.6491,57,8,8,5,2,13,10,0.2308
4,272.0000,40,30,303.3640,-79.0355,-0.6600,32,0.8000,0.0000,4,6,3,0,0,6,3,0.5000
4,272.0000,40,36,874.7664,-87.5316,-1.1841,3,0.0750,1.0000,4,8,8,0,0,8,8,0.0000
4,272.0000,40,39,309.2127,-78.7676,-0.3921,32,0.8000,0.3333,6,6,3,0,0,6,3,0.5000
4,272.0000,40,44,791.7604,-86.0499,-0.8091,4,0.1000,1.0000,14,8,8,0,0,8,8,0.0000
4,272.0000,40,46,438.3841,-82.7158,0.5331,27,0.6750,0.3333,6,6,4,0,0,6,4,0.3333
4,272.0000,41,3,934.8151,-86.3390,-0.2669,3,0.0750,1.0000,8,8,8,0,0,8,8,0.0000
4,272.0000,41,5,210.3200,-77.7056,0.6828,31,0.7750,0.4000,5,4,0,0,0,4,0,1.0000
4,272.0000,41,7,631.3015,-85.2783,1.0377,9,0.2250,1.0000,8,8,8,0,0,8,8,0.0000
4,272.0000,41,12,627.3889,-85.0069,-0.0726,5,0.1250,1.0000,8,8,8,0,0,8,8,0.0000
4,272.0000,41,17,704.6087,-86.7490,1.6866,3,0.0750,0.8571,7,8,8,0,0,8,8,0.0000
4,272.0000,41,22,656.5969,-83.9482,0.2603,6,0.1500,0.8571,7,8,7,0,0,8,7,0.1250
4,272.0000,41,26,177.0694,-76.6346,0.2652,31,0.7750,0.2000,5,5,1,0,0,5,1,0.8000
4,272.0000,41,29,650.4959,-86.4530,0.6758,6,0.1500,1.0000,8,8,8,0,0,8,8,0.0000
4,272.0000,41,34,382.8010,-81.8958,0.8103,13,0.3250,0.8571,7,7,4,0,0,7,4,0.4286
4,272.0000,41,35,111.1440,-70.8862,0.6016,31,0.7750,0.0000,4,4,0,0,0,4,0,1.0000
4,272.0000,41,37,581.8430,-83.8546,1.4695,7,0.1750,0.8571,7,8,7,0,0,8,7,0.1250
4,272.0000,41,43,634.1159,-86.8315,0.8571,3,0.0750,1.0000,8,7,6,0,0,7,6,0.1429
4,272.0000,42,1,504.4441,-84.5156,-0.4581,10,0.2564,0.8571,7,8,7,0,0,8,7,0.1250
4,272.0000,42,3,911.9149,-86.9492,-0.6850,3,0.0769,1.0000,6,4,4,0,0,4,4,0.0000
4,272.0000,42,4,225.0849,-76.4712,0.2599,35,0.8974,0.0000,4,5,1,0,0,5,1,0.8000
4,272.0000,42,6,378.3465,-80.3341,-0.0627,27,0.6923,0.8571,7,6,3,0,0,6,3,0.5000
4,272.0000,42,8,419.8501,-81.0479,-1.3093,18,0.4615,0.6667,6,8,8,0,0,8,8,0.0000
4,272.0000,42,9,795.0548,-87.4999,-2.0908,5,0.1282,0.8750,8,8,8,0,0,8,8,0.0000
4,272.0000,42,10,860.8503,-87.9568,1.0022,3,0.0769,1.0000,8,8,8,0,0,8,8,0.0000
4,272.0000,42,11,759.5610,-86.9373,-1.3704,5,0.1282,0.8333,6,6,6,0,0,6,6,0.0000
4,272.0000,42,13,338.2020,-79.6546,0.7638,21,0.5385,0.4000,5,7,6,0,0,7,6,0.1429
4,272.0000,42,14,840.4780,-87.9375,-0.3000,5,0.1282,1.0000,8,8,8,0,0,8,8,0.0000
4,272.0000,42,16,864.1148,-87.8413,-1.5203,3,0.0769,1.0000,4,6,6,0,0,6,6,0.0000
4,272.0000,42,19,817.8080,-86.8552,-0.4383,10,0.2564,1.0000,8,6,6,0,0,6,6,0.0000
4,272.0000,42,20,715.0160,-86.6901,-0.0469,7,0.1795,1.0000,8,10,10,0,0,10,10,0.0000
4,272.0000,42,21,431.7548,-83.9308,0.3665,12,0.3077,0.8750,8,7,6,0,0,7,6,0.1429
4,272.0000,42,24,619.2578,-86.7898,0.7858,8,0.2051,0.8750,8,7,6,0,0,7,6,0.1429
4,272.0000,42,25,369.5182,-81.7948,0.1515,14,0.3590,0.7143,7,7,5,0,0,7,5,0.2857
4,272.0000,42,27,858.8703,-88.7119,-0.4437,5,0.1282,1.0000,8,4,4,0,0,4,4,0.0000
4,272.0000,42,28,936.5264,-87.4482,-0.3735,4,0.1026,,0,4,4,0,0,4,4,0.0000
4,272.0000,42,31,418.9619,-80.6810,-0.9122,13,0.3333,1.0000,8,8,8,0,0,8,8,0.0000
4,272.0000,42,32,421.8808,-81.7274,0.7124,11,0.2821,0.6667,6,7,6,0,0,7,6,0.1429
4,272.0000,42,36,337.2762,-81.1094,0.4004,21,0.5385,0.2000,5,7,5,0,0,7,5,0.2857
4,272.0000,42,38,925.5802,-86.3071,-0.6845,3,0.0769,1.0000,8,6,6,0,0,6,6,0.0000
4,272.0000,42,44,780.7873,-88.2429,0.2224,5,0.1282,1.0000,8,8,8,0,0,8,8,0.0000
4,272.0000,42,45,758.3038,-86.6881,-1.3315,8,0.2051,1.0000,8,4,4,0,0,4,4,0.0000
4,272.0000,42,46,852.7936,-87.4084,0.8550,6,0.1538,,0,8,8,0,0,8,8,0.0000
4,272.0000,42,47,544.5487,-84.8977,0.0549,8,0.2051,0.8750,8,8,8,0,0,8,8,0.0000
4,272.0000,43,2,325.5020,-80.2116,-0.7104,23,0.5750,0.4000,5,7,5,0,0,7,5,0.2857
4,272.0000,43,3,326.1664,-79.4373,-0.0991,22,0.5500,0.5000,6,6,4,0,0,6,4,0.3333
4,272.0000,43,5,621.8185,-85.2889,-0.4432,13,0.3250,0.8571,7,8,8,0,0,8,8,0.0000
4,272.0000,43,7,278.1499,-78.2627,0.0536,34,0.8500,0.2000,5,6,3,0,0,6,3,0.5000
4,272.0000,43,8,803.2009,-89.1003,-0.4773,4,0.1000,1.0000,8,4,4,0,0,4,4,0.0000
4,272.0000,43,10,499.6896,-83.8382,-0.8999,14,0.3500,0.6000,5,9,9,0,0,9,9,0.0000
4,272.0000,43,11,465.2126,-84.2312,0.2127,14,0.3500,0.6667,6,7,4,0,0,7,4,0.4286
4,272.0000,43,12,113.7897,-73.4021,1.4576,31,0.7750,0.7143,7,6,3,0,0,6,3,0.5000
4,272.0000,43,14,939.5540,-88.5016,-0.5951,4,0.1000,1.0000,8,7,6,0,0,7,6,0.1429
4,272.0000,43,17,309.8815,-80.2092,0.3252,21,0.5250,0.6667,6,4,0,0,0,4,0,1.0000
4,272.0000,43,18,706.7995,-87.8080,0.3218,6,0.1500,1.0000,8,8,8,0,0,8,8,0.0000
4,272.0000,43,20,472.1043,-84.3635,0.4687,13,0.3250,0.4286,7,7,5,0,0,7,5,0.2857
4,272.0000,43,22,315.8681,-80.2040,0.6016,19,0.4750,0.8571,7,4,0,0,0,4,0,1.0000
4,272.0000,43,23,243.7822,-78.6954,0.3074,27,0.6750,0.7143,7,6,4,0,0,6,4,0.3333
4,272.0000,43,24,671.6459,-86.7368,0.4095,8,0.2000,0.8750,8,7,6,0,0,7,6,0.1429
4,272.0000,43,26,610.9956,-85.6855,0.5876,13,0.3250,1.0000,6,5,4,0,0,5,4,0.2000
4,272.0000,43,29,179.5255,-70.1145,-1.3311,33,0.8250,0.0000,4,5,2,0,0,5,2,0.6000
4,272.0000,43,33,332.6580,-78.2774,-1.7490,36,0.9000,0.5000,6,7,5,0,0,7,5,0.2857
4,272.0000,43,34,407.2324,-82.6889,-0.2189,19,0.4750,0.5000,6,4,2,0,0,4,2,0.5000
4,272.0000,43,35,603.4343,-85.6580,1.0151,15,0.3750,0.7500,4,8,7,0,0,8,7,0.1250
4,272.0000,43,37,628.8383,-86.2860,-0.2676,12,0.3000,1.0000,8,8,8,0,0,8,8,0.0000
4,272.0000,43,41,634.1159,-86.2342,0.4929,16,0.4000,0.8750,8,7,6,0,0,7,6,0.1429
4,272.0000,43,45,507.4848,-84.9575,-0.0223,9,0.2250,1.0000,8,8,7,0,0,8,7,0.1250
4,272.0000,44,0,670.3882,-85.5795,-0.3354,11,0.2750,0.6667,6,2,2,0,0,2,2,0.0000
4,272.0000,44,1,399.7093,-81.9104,-1.1412,17,0.4250,0.6667,6,6,4,0,0,6,4,0.3333
4,272.0000,44,4,845.9108,-87.3297,-0.6412,7,0.1750,1.0000,8,8,8,0,0,8,8,0.0000
4,272.0000,44,6,947.9826,-88.1917,1.1178,3,0.0750,1.0000,8,6,6,0,0,6,6,0.0000
4,272.0000,44,9,152.9026,-72.9024,0.0630,33,0.8250,0.0000,4,4,0,0,0,4,0,1.0000
4,272.0000,44,10,891.1203,-87.4259,-0.3395,3,0.0750,1.0000,2,8,8,0,0,8,8,0.0000
4,272.0000,44,13,508.4981,-84.0458,-0.0471,11,0.2750,0.6667,6,8,8,0,0,8,8,0.0000
4,272.0000,44,14,572.1287,-86.3704,-0.9078,5,0.1250,1.0000,8,7,6,0,0,7,6,0.1429
4,272.0000,44,15,953.7421,-87.2563,-0.1726,8,0.2000,1.0000,8,4,4,0,0,4,4,0.0000
4,272.0000,44,16,534.5833,-85.0778,0.7291,9,0.2250,1.0000,8,8,8,0,0,8,8,0.0000
4,272.0000,44,18,774.7180,-86.8400,-1.6761,5,0.1250,1.0000,8,8,8,0,0,8,8,0.0000
4,272.0000,44,19,958.1505,-87.7778,-2.6894,3,0.0750,1.0000,6,4,4,0,0,4,4,0.0000
4,272.0000,44,21,390.1696,-81.2171,-0.3635,20,0.5000,1.0000,8,8,7,0,0,8,7,0.1250
4,272.0000,44,25,448.8967,-82.3295,0.1739,14,0.3500,1.0000,8,7,5,0,0,7,5,0.2857
4,272.0000,44,27,425.3516,-81.4060,-0.3100,13,0.3250,0.8571,7,7,6,0,0,7,6,0.1429
4,272.0000,44,28,725.6695,-85.5318,0.1775,15,0.3750,0.8750,8,8,8,0,0,8,8,0.0000
4,272.0000,44,30,496.0861,-84.0516,-0.2179,20,0.5000,0.8571,7,8,6,0,0,8,6,0.2500
4,272.0000,44,31,548.7176,-84.8060,-0.7083,11,0.2750,0.8750,8,7,6,0,0,7,6,0.1429
4,272.0000,44,32,543.3840,-84.2479,0.5062,10,0.2500,0.6667,6,7,5,0,0,7,5,0.2857
4,272.0000,44,36,632.0607,-85.3776,-0.2519,10,0.2500,0.8571,7,8,8,0,0,8,8,0.0000
4,272.0000,44,38,431.9892,-82.9837,1.4024,13,0.3250,1.0000,8,6,3,0,0,6,3,0.5000
4,272.0000,44,39,709.1731,-85.1570,-0.0350,12,0.3000,1.0000,8,8,8,0,0,8,8,0.0000
4,272.0000,44,40,791.7604,-85.6431,-0.6496,10,0.2500,0.8571,7,8,7,0,0,8,7,0.1250
4,272.0000,44,42,780.7873,-87.3895,-0.2905,7,0.1750,1.0000,8,7,6,0,0,7,6,0.1429
4,272.0000,44,46,702.4031,-85.5065,0.9033,11,0.2750,0.8889,9,8,7,0,0,8,7,0.1250
4,272.0000,44,47,460.4985,-83.9511,-0.5969,9,0.2250,1.0000,8,7,5,0,0,7,5,0.2857
4,272.0000,45,2,482.9380,-83.3580,1.8443,5,0.1250,0.8571,7,8,8,0,0,8,8,0.0000
4,272.0000,45,3,409.2598,-81.8203,-0.1419,9,0.2250,0.8750,8,5,2,0,0,5,2,0.6000
4,272.0000,45,4,591.1849,-83.4301,-0.4636,8,0.2000,0.8750,8,8,8,0,0,8,8,0.0000
4,272.0000,45,6,836.7641,-85.4963,1.3458,3,0.0750,1.0000,4,4,4,0,0,4,4,0.0000
4,272.0000,45,7,779.1443,-86.3961,0.5253,3,0.0750,1.0000,8,8,8,0,0,8,8,0.0000
4,272.0000,45,8,474.6514,-81.7073,-1.5282,12,0.3000,0.7143,7,5,2,0,0,5,2,0.6000
4,272.0000,45,10,197.5367,-75.9104,0.5348,27,0.6750,0.3333,6,8,6,0,0,8,6,0.2500
4,272.0000,45,11,315.4329,-79.6901,0.1971,16,0.4000,0.5000,6,6,2,0,0,6,2,0.6667
4,272.0000,45,12,472.9828,-83.2192,2.3590,5,0.1250,1.0000,6,7,5,0,0,7,5,0.2857
4,272.0000,45,13,831.6235,-87.2033,-1.2826,3,0.0750,1.0000,8,4,4,0,0,4,4,0.0000
4,272.0000,45,14,617.3482,-82.5838,-0.9330,7,0.1750,0.8571,7,8,8,0,0,8,8,0.0000
4,272.0000,45,16,522.4384,-84.1316,0.1358,6,0.1500,0.7500,8,6,4,0,0,6,4,0.3333
4,272.0000,45,17,258.4285,-78.4475,0.8367,17,0.4250,0.8750,8,5,1,0,0,5,1,0.8000
4,272.0000,45,18,462.4239,-81.9869,0.3764,8,0.2000,1.0000,8,8,8,0,0,8,8,0.0000
4,272.0000,45,20,215.2101,-74.9177,0.1081,27,0.6750,0.4000,5,4,0,0,0,4,0,1.0000
4,272.0000,45,21,744.1504,-85.7644,0.3165,5,0.1250,1.0000,4,6,6,0,0,6,6,0.0000
4,272.0000,45,22,254.7944,-78.5664,0.6555,21,0.5250,0.3333,6,6,2,0,0,6,2,0.6667
4,272.0000,45,23,290.8382,-81.2686,0.7147,13,0.3250,0.5000,6,6,2,0,0,6,2,0.6667
4,272.0000,45,24,426.7431,-80.1263,-0.4673,12,0.3000,1.0000,8,8,6,0,0,8,6,0.2500
4,272.0000,45,26,756.0165,-86.1301,0.7857,3,0.0750,0.8750,8,6,6,0,0,6,6,0.0000
4,272.0000,45,27,629.7531,-84.0220,-0.2866,6,0.1500,0.8571,7,8,8,0,0,8,8,0.0000
4,272.0000,45,29,681.9030,-85.5405,2.8690,3,0.0750,1.0000,8,6,4,0,0,6,4,0.3333
4,272.0000,45,31,644.2760,-85.0666,0.3623,5,0.1250,1.0000,8,8,8,0,0,8,8,0.0000
4,272.0000,45,32,687.8258,-85.6550,-3.8005,3,0.0750,0.8750,8,8,8,0,0,8,8,0.0000
4,272.0000,45,37,559.0102,-86.4304,-0.1659,3,0.0750,0.6667,6,8,7,0,0,8,7,0.1250
4,272.0000,45,43,507.4848,-84.4733,3.4901,5,0.1250,0.8571,7,7,6,0,0,7,6,0.1429
4,272.0000,45,47,621.0874,-83.6716,-1.2867,7,0.1750,1.0000,8,8,7,0,0,8,7,0.1250
4,272.0000,46,0,486.5402,-82.4963,0.6072,24,0.6000,0.6667,9,6,4,0,0,6,4,0.3333
4,272.0000,46,1,484.5837,-82.4590,0.5246,9,0.2250,1.0000,8,7,6,0,0,7,6,0.1429
4,272.0000,46,9,566.0894,-85.2165,-0.2672,7,0.1750,0.7143,7,7,6,0,0,7,6,0.1429
4,272.0000,46,13,613.1850,-86.0664,0.7535,3,0.0750,1.0000,8,9,7,0,0,9,7,0.2222
4,272.0000,46,15,321.1637,-77.2906,-1.1077,34,0.8500,0.0000,4,5,1,0,0,5,1,0.8000
4,272.0000,46,19,335.6255,-80.3514,0.2772,32,0.8000,0.6667,6,5,2,0,0,5,2,0.6000
4,272.0000,46,25,663.0585,-86.3889,2.1891,3,0.0750,1.0000,8,8,8,0,0,8,8,0.0000
4,272.0000,46,28,88.9083,-69.3163,1.0229,33,0.8250,0.4286,7,4,0,0,0,4,0,1.0000
4,272.0000,46,30,440.4408,-82.0713,0.2981,19,0.4750,0.6667,6,6,4,0,0,6,4,0.3333
4,272.0000,46,36,515.6964,-83.5145,0.5713,8,0.2000,1.0000,8,8,7,0,0,8,7,0.1250
4,272.0000,46,39,280.4765,-79.4912,-0.2724,32,0.8000,0.4000,5,5,1,0,0,5,1,0.8000
4,272.0000,46,40,438.3841,-81.4476,0.0082,26,0.6500,0.5000,6,7,6,0,0,7,6,0.1429
4,272.0000,46,44,702.4031,-84.7253,0.3649,3,0.0750,1.0000,8,8,8,0,0,8,8,0.0000
4,272.0000,47,1,392.5116,-83.3501,1.2484,12,0.3000,0.8571,7,5,2,0,0,5,2,0.6000
4,272.0000,47,2,981.4032,-86.2185,-0.4292,3,0.0750,1.0000,8,4,4,0,0,4,4,0.0000
4,272.0000,47,3,882.1196,-85.4148,-0.4190,3,0.0750,1.0000,8,6,6,0,0,6,6,0.0000
4,272.0000,47,4,586.0039,-84.5757,0.6279,7,0.1750,1.0000,8,7,5,0,0,7,5,0.2857
4,272.0000,47,6,576.4036,-83.9788,-0.8267,15,0.3750,0.8571,7,7,6,0,0,7,6,0.1429
4,272.0000,47,8,634.4830,-84.9372,-0.7950,11,0.2750,0.8571,7,5,4,0,0,5,4,0.2000
4,272.0000,47,9,550.3325,-84.9912,0.4956,11,0.2750,0.8750,8,8,8,0,0,8,8,0.0000
4,272.0000,47,10,586.5991,-85.2405,-0.0936,6,0.1500,0.6667,6,7,6,0,0,7,6,0.1429
4,272.0000,47,11,625.2130,-86.5831,-3.0903,7,0.1750,0.5000,6,8,8,0,0,8,8,0.0000
4,272.0000,47,12,1043.9531,-88.1096,-1.7202,3,0.0750,1.0000,8,2,2,0,0,2,2,0.0000
4,272.0000,47,13,343.8253,-81.3473,0.8653,16,0.4000,0.6667,6,7,6,0,0,7,6,0.1429
4,272.0000,47,14,314.6280,-77.6312,-0.6734,27,0.6750,0.0000,3,8,5,0,0,8,5,0.3750
4,272.0000,47,16,430.9181,-82.5582,-0.7236,13,0.3250,1.0000,8,6,3,0,0,6,3,0.5000
4,272.0000,47,17,864.4593,-85.6358,-3.6901,3,0.0750,1.0000,8,8,8,0,0,8,8,0.0000
4,272.0000,47,18,440.0572,-80.1272,-0.7765,21,0.5250,0.6667,6,8,8,0,0,8,8,0.0000
4,272.0000,47,20,683.8483,-86.1239,-1.2915,5,0.1250,1.0000,8,8,8,0,0,8,8,0.0000
4,272.0000,47,21,409.2495,-82.6598,0.6502,16,0.4000,0.5000,6,8,8,0,0,8,8,0.0000
4,272.0000,47,22,836.0314,-87.0948,-0.2838,6,0.1500,1.0000,8,8,8,0,0,8,8,0.0000
4,272.0000,47,23,883.5839,-87.9425,-0.0997,5,0.1250,1.0000,6,6,6,0,0,6,6,0.0000
4,272.0000,47,24,473.3676,-81.9363,-1.4134,14,0.3500,0.7143,7,8,7,0,0,8,7,0.1250
4,272.0000,47,25,267.9683,-80.2196,0.8296,17,0.4250,0.4000,5,7,4,0,0,7,4,0.4286
4,272.0000,47,27,392.1154,-80.0783,-0.3864,26,0.6500,1.0000,8,8,8,0,0,8,8,0.0000
4,272.0000,47,31,149.1067,-74.6919,1.5367,24,0.6000,0.0000,4,4,0,0,0,4,0,1.0000
4,272.0000,47,32,167.2710,-75.4291,1.4957,28,0.7000,0.5000,6,5,2,0,0,5,2,0.6000
4,272.0000,47,36,557.3049,-84.9684,0.0557,9,0.2250,0.7500,8,7,6,0,0,7,6,0.1429
4,272.0000,47,37,739.8781,-86.3405,-0.2707,6,0.1500,0.8750,8,6,6,0,0,6,6,0.0000
4,272.0000,47,38,424.0295,-81.0337,-0.3106,23,0.5750,0.7500,8,8,7,0,0,8,7,0.1250
4,272.0000,47,42,544.5487,-83.9872,1.7926,14,0.3500,0.6667,6,8,8,0,0,8,8,0.0000
4,272.0000,47,44,460.4985,-83.0904,0.8319,13,0.3250,0.6667,6,7,6,0,0,7,6,0.1429
4,272.0000,47,45,621.0874,-83.9201,-0.7674,10,0.2500,0.8750,8,8,8,0,0,8,8,0.0000
4,272.0000,47,46,870.5587,-87.8785,0.4111,3,0.0750,,0,6,6,0,0,6,6,0.0000
4,276.0000,0,1,711.9329,-87.3931,-0.0211,4,0.0976,1.0000,8,8,8,0,0,8,8,0.0000
4,276.0000,0,9,590.6211,-83.2763,-0.5064,10,0.2439,0.2000,5,8,8,0,0,8,8,0.0000
4,276.0000,0,15,524.6738,-83.8326,0.2558,22,0.5366,0.7143,7,6,4,0,0,6,4,0.3333
4,276.0000,0,19,651.6678,-86.1103,0.2138,6,0.1463,1.0000,8,7,6,0,0,7,6,0.1429
4,276.0000,0,28,376.1885,-81.6741,0.5597,23,0.5610,0.5000,6,6,4,0,0,6,4,0.3333
4,276.0000,0,30,257.1262,-76.4415,-0.6141,34,0.8293,0.0000,4,5,2,0,0,5,2,0.6000
4,276.0000,0,36,750.1847,-87.4326,-0.4662,3,0.0732,1.0000,6,8,8,0,0,8,8,0.0000
4,276.0000,0,39,323.9558,-80.8248,0.4698,31,0.7561,0.2000,5,6,4,0,0,6,4,0.3333
4,276.0000,0,40,116.6718,-70.7948,0.7392,39,0.9512,0.0000,4,4,0,0,0,4,0,1.0000
4,276.0000,0,46,409.4036,-82.8953,0.5871,18,0.4390,0.7143,7,6,4,0,0,6,4,0.3333
4,276.0000,1,0,711.9329,-86.3828,0.8893,15,0.3750,1.0000,8,6,6,0,0,6,6,0.0000
4,276.0000,1,4,591.2120,-85.7725,-0.0792,14,0.3500,0.8750,8,7,6,0,0,7,6,0.1429
4,276.0000,1,6,523.1732,-84.4063,0.7785,17,0.4250,1.0000,8,8,7,0,0,8,7,0.1250
4,276.0000,1,8,768.4024,-87.1341,0.7608,8,0.2000,1.0000,4,8,8,0,0,8,8,0.0000
4,276.0000,1,9,376.0059,-81.3232,0.5581,28,0.7000,0.7143,7,7,6,0,0,7,6,0.1429
4,276.0000,1,10,813.2331,-87.6652,-0.1060,7,0.1750,1.0000,8,8,7,0,0,8,7,0.1250
4,276.0000,1,11,875.0815,-88.4099,0.0057,9,0.2250,,0,4,4,0,0,4,4,0.0000
4,276.0000,1,13,113.7846,-72.5680,0.4926,33,0.8250,0.3333,6,5,1,0,0,5,1,0.8000
4,276.0000,1,14,589.6736,-84.7661,0.6549,11,0.2750,1.0000,8,8,8,0,0,8,8,0.0000
4,276.0000,1,15,924.7113,-87.0684,0.4908,10,0.2500,1.0000,8,7,6,0,0,7,6,0.1429
4,276.0000,1,16,576.5810,-85.2752,0.6335,10,0.2500,0.8571,7,7,6,0,0,7,6,0.1429
4,276.0000,1,17,1108.5394,-88.7676,-0.7925,3,0.0750,1.0000,2,2,2,0,0,2,2,0.0000
4,276.0000,1,18,855.4821,-88.0019,0.7036,9,0.2250,1.0000,8,6,6,0,0,6,6,0.0000
4,276.0000,1,19,681.0343,-85.1408,-0.4922,19,0.4750,0.8571,7,7,5,0,0,7,5,0.2857
4,276.0000,1,20,955.1040,-87.1034,0.1376,4,0.1000,1.0000,6,8,8,0,0,8,8,0.0000
4,276.0000,1,21,343.6766,-79.9989,-0.0161,29,0.7250,0.6667,6,7,6,0,0,7,6,0.1429
4,276.0000,1,24,763.9170,-87.6281,0.9962,11,0.2750,1.0000,8,8,8,0,0,8,8,0.0000
4,276.0000,1,25,215.3235,-75.9437,-0.6481,34,0.8500,0.0000,4,4,0,0,0,4,0,1.0000
4,276.0000,1,27,687.6750,-85.6474,-0.4627,14,0.3500,0.8571,7,7,6,0,0,7,6,0.1429
4,276.0000,1,28,533.8656,-84.6837,-0.0754,23,0.5750,0.7143,7,8,7,0,0,8,7,0.1250
4,276.0000,1,30,535.8530,-84.5775,0.3931,25,0.6250,0.4000,5,8,6,0,0,8,6,0.2500
4,276.0000,1,31,287.2069,-80.4334,0.8590,25,0.6250,0.4000,5,6,3,0,0,6,3,0.5000
4,276.0000,1,32,407.3920,-81.3156,-0.4399,24,0.6000,0.0000,4,4,0,0,0,4,0,1.0000
4,276.0000,1,36,214.6689,-77.2511,0.8211,34,0.8500,0.7143,7,4,0,0,0,4,0,1.0000
4,276.0000,1,38,579.6301,-84.5296,0.3687,15,0.3750,1.0000,8,8,7,0,0,8,7,0.1250
4,276.0000,1,39,613.3220,-85.0264,-0.0523,20,0.5000,0.8571,7,7,6,0,0,7,6,0.1429
4,276.0000,1,40,807.9033,-87.3689,-0.0093,13,0.3250,1.0000,6,6,6,0,0,6,6,0.0000
4,276.0000,1,42,492.0572,-83.7416,0.6349,18,0.4500,0.7143,7,7,6,0,0,7,6,0.1429
4,276.0000,1,44,414.2855,-81.8748,-0.1436,24,0.6000,0.4000,5,6,4,0,0,6,4,0.3333
4,276.0000,1,45,980.1893,-87.3830,0.4714,5,0.1250,1.0000,2,4,4,0,0,4,4,0.0000
4,276.0000,1,46,437.1253,-82.1770,0.4034,26,0.6500,0.5000,6,8,7,0,0,8,7,0.1250
4,276.0000,1,47,257.4544,-80.0509,1.4185,27,0.6750,0.2000,5,5,1,1,0,6,1,0.8333
4,276.0000,2,3,164.0936,-70.4400,-1.6148,36,0.9000,0.0000,4,5,1,0,0,5,1,0.8000
4,276.0000,2,4,831.1068,-87.3301,-2.8050,4,0.1000,1.0000,6,8,8,0,0,8,8,0.0000
4,276.0000,2,5,925.0974,-88.8598,0.3405,3,0.0750,0.5000,2,6,6,0,0,6,6,0.0000
4,276.0000,2,6,975.9814,-88.0551,-0.4095,3,0.0750,1.0000,2,6,6,0,0,6,6,0.0000
4,276.0000,2,7,450.3327,-81.7768,0.6717,20,0.5000,0.6667,6,6,4,0,0,6,4,0.3333
4,276.0000,2,8,534.4643,-82.9215,0.2791,11,0.2750,0.7143,7,6,4,0,0,6,4,0.3333
4,276.0000,2,10,550.3659,-83.7376,0.2168,9,0.2250,1.0000,8,8,7,0,0,8,7,0.1250
4,276.0000,2,11,353.0714,-79.8507,-0.2122,14,0.3500,0.8571,7,7,5,0,0,7,5,0.2857
4,276.0000,2,12,307.6196,-79.7034,-0.0155,24,0.6000,0.5000,6,6,3,0,0,6,3,0.5000
4,276.0000,2,17,356.1521,-79.9830,0.3223,22,0.5500,0.6667,6,6,2,0,0,6,2,0.6667
4,276.0000,2,18,718.7782,-86.0362,0.0082,10,0.2500,1.0000,8,8,8,0,0,8,8,0.0000
4,276.0000,2,20,266.6501,-78.1533,0.7053,28,0.7000,0.8750,8,5,1,0,0,5,1,0.8000
4,276.0000,2,22,284.5239,-79.9837,1.0620,17,0.4250,0.7500,8,4,0,0,0,4,0,1.0000
4,276.0000,2,23,176.2116,-76.3778,1.0037,33,0.8250,0.4000,5,4,0,0,0,4,0,1.0000
4,276.0000,2,24,535.5315,-84.9895,-0.1001,9,0.2250,0.8571,7,10,8,0,0,10,8,0.2000
4,276.0000,2,26,722.6894,-87.4983,0.8582,9,0.2250,1.0000,8,6,4,0,0,6,4,0.3333
4,276.0000,2,29,456.3937,-81.8685,-0.6007,25,0.6250,1.0000,6,8,8,0,0,8,8,0.0000
4,276.0000,2,32,825.9451,-88.4385,0.3632,5,0.1250,1.0000,6,8,8,0,0,8,8,0.0000
4,276.0000,2,33,364.1958,-81.3873,-0.4592,30,0.7500,0.5000,6,8,7,0,0,8,7,0.1250
4,276.0000,2,34,680.5349,-85.7080,0.7108,8,0.2000,0.8750,8,8,6,0,0,8,6,0.2500
4,276.0000,2,35,720.5841,-87.5540,-0.0668,7,0.1750,1.0000,8,8,7,0,0,8,7,0.1250
4,276.0000,2,37,824.5751,-87.3198,0.3014,7,0.1750,1.0000,8,8,7,0,0,8,7,0.1250
4,276.0000,2,41,814.0958,-88.3593,-0.1219,5,0.1250,,0,4,4,0,0,4,4,0.0000
4,276.0000,2,43,282.6777,-79.3395,-0.3829,29,0.7250,0.5000,6,6,4,0,0,6,4,0.3333
4,276.0000,2,45,299.1741,-82.1078,0.8624,14,0.3500,0.5000,6,7,5,0,0,7,5,0.2857
4,276.0000,3,2,164.0936,-71.0706,-2.1141,36,0.9000,0.2000,5,6,2,0,0,6,2,0.6667
4,276.0000,3,4,749.3959,-86.7324,-0.0568,8,0.2000,1.0000,8,8,8,0,0,8,8,0.0000
4,276.0000,3,6,861.9316,-87.0559,0.1900,3,0.0750,1.0000,8,8,8,0,0,8,8,0.0000
4,276.0000,3,7,548.8273,-83.8369,0.3645,11,0.2750,0.8750,8,6,4,0,0,6,4,0.3333
4,276.0000,3,8,438.5770,-83.0188,0.2680,16,0.4000,0.8571,7,7,5,0,0,7,5,0.2857
4,276.0000,3,10,608.6360,-84.7009,2.1179,9,0.2250,0.8571,7,7,6,0,0,7,6,0.1429
4,276.0000,3,11,342.8765,-78.8676,0.1986,19,0.4750,0.8571,7,5,2,0,0,5,2,0.6000
4,276.0000,3,12,463.2849,-81.9838,-0.6146,20,0.5000,0.8571,7,8,6,0,0,8,6,0.2500
4,276.0000,3,17,483.1537,-80.4224,-1.1168,18,0.4500,0.8571,7,7,5,0,0,7,5,0.2857
4,276.0000,3,18,774.3846,-88.0970,0.5576,6,0.1500,1.0000,8,8,8,0,0,8,8,0.0000
4,276.0000,3,20,214.3706,-76.0478,0.5467,30,0.7500,0.3333,6,5,1,0,0,5,1,0.8000
4,276.0000,3,22,399.9751,-81.7027,-0.5384,15,0.3750,0.6667,6,8,8,0,0,8,8,0.0000
4,276.0000,3,23,294.0791,-78.6882,-0.3242,28,0.7000,0.7143,7,6,3,0,0,6,3,0.5000
4,276.0000,3,24,437.9548,-82.0349,0.2839,13,0.3250,0.6667,6,7,6,0,0,7,6,0.1429
4,276.0000,3,26,872.3190,-86.6552,0.0042,3,0.0750,1.0000,8,4,4,0,0,4,4,0.0000
4,276.0000,3,29,578.4909,-82.6157,-0.5806,12,0.3000,0.8571,7,8,8,0,0,8,8,0.0000
4,276.0000,3,32,757.4539,-87.9047,-0.5372,3,0.0750,1.0000,8,8,8,0,0,8,8,0.0000
4,276.0000,3,33,452.7789,-82.6617,-0.5288,18,0.4500,0.7143,7,6,3,0,0,6,3,0.5000
4,276.0000,3,34,811.2371,-86.9093,1.2304,5,0.1250,1.0000,8,6,6,0,0,6,6,0.0000
4,276.0000,3,35,867.6582,-88.1639,-0.5634,7,0.1750,1.0000,6,6,5,0,0,6,5,0.1667
4,276.0000,3,37,918.8986,-87.6042,-1.3844,5,0.1250,1.0000,4,4,4,0,0,4,4,0.0000
4,276.0000,3,41,966.8004,-88.7282,0.3652,4,0.1000,1.0000,8,4,4,0,0,4,4,0.0000
4,276.0000,3,43,433.0459,-81.5454,-0.7858,19,0.4750,0.6667,6,6,3,0,0,6,3,0.5000
4,276.0000,3,45,372.8625,-80.3969,0.9419,17,0.4250,0.5000,6,6,4,0,0,6,4,0.3333
4,276.0000,3,47,913.1070,-87.8190,-2.1802,3,0.0750,1.0000,4,8,8,0,0,8,8,0.0000
4,276.0000,4,1,591.2120,-85.6920,-0.3582,10,0.2500,1.0000,8,6,6,0,0,6,6,0.0000
4,276.0000,4,3,749.3959,-88.2991,-0.0701,4,0.1000,0.8571,7,8,8,0,0,8,8,0.0000
4,276.0000,4,6,487.4230,-83.0652,-0.4302,15,0.3750,0.8571,7,7,6,0,0,7,6,0.1429
4,276.0000,4,8,313.2236,-77.9282,0.0971,22,0.5500,0.6667,6,7,5,0,0,7,5,0.2857
4,276.0000,4,9,834.0521,-88.8347,0.0446,4,0.1000,1.0000,2,6,6,0,0,6,6,0.0000
4,276.0000,4,10,711.2220,-85.8219,-0.1307,6,0.1500,1.0000,8,8,8,0,0,8,8,0.0000
4,276.0000,4,11,659.0027,-84.8652,-0.2903,6,0.1500,1.0000,8,8,8,0,0,8,8,0.0000
4,276.0000,4,13,486.4343,-83.2157,0.3154,14,0.3500,0.7500,8,7,5,0,0,7,5,0.2857
4,276.0000,4,14,860.2247,-87.1877,-0.6296,4,0.1000,1.0000,8,8,8,0,0,8,8,0.0000
4,276.0000,4,17,834.5909,-87.8973,-1.0623,6,0.1500,1.0000,8,6,6,0,0,6,6,0.0000
4,276.0000,4,20,565.0302,-84.7676,0.5901,6,0.1500,1.0000,8,8,7,0,0,8,7,0.1250
4,276.0000,4,21,367.3584,-82.0018,0.3003,13,0.3250,1.0000,6,7,6,0,0,7,6,0.1429
4,276.0000,4,22,779.3473,-87.6504,0.0826,3,0.0750,1.0000,8,8,8,0,0,8,8,0.0000
4,276.0000,4,23,771.6771,-87.2289,0.0910,3,0.0750,1.0000,8,6,6,0,0,6,6,0.0000
4,276.0000,4,24,548.4320,-84.6583,0.5405,8,0.2000,0.6667,6,8,8,0,0,8,8,0.0000
4,276.0000,4,25,419.4154,-82.8736,0.7488,11,0.2750,0.8571,7,8,8,0,0,8,8,0.0000
4,276.0000,4,27,876.8374,-86.8192,-0.2691,7,0.1750,1.0000,8,8,8,0,0,8,8,0.0000
4,276.0000,4,28,1007.8606,-88.0535,1.2591,3,0.0750,,0,8,8,0,0,8,8,0.0000
4,276.0000,4,31,502.7388,-82.8643,0.0803,10,0.2500,0.8750,8,8,8,0,0,8,8,0.0000
4,276.0000,4,32,451.7888,-83.1135,-0.2703,9,0.2250,0.6667,6,7,6,0,0,7,6,0.1429
4,276.0000,4,36,469.7202,-84.0220,0.1325,10,0.2500,0.8571,7,8,8,0,0,8,8,0.0000
4,276.0000,4,38,901.1949,-87.7413,0.2076,3,0.0750,1.0000,8,8,8,0,0,8,8,0.0000
4,276.0000,4,42,242.9672,-76.8590,-0.0932,28,0.7000,0.0000,4,6,3,0,0,6,3,0.5000
4,276.0000,4,44,808.6716,-86.7728,0.1840,4,0.1000,1.0000,6,8,8,0,0,8,8,0.0000
4,276.0000,4,45,674.3492,-85.8409,-0.5309,9,0.2250,0.8750,8,8,7,0,0,8,7,0.1250
4,276.0000,4,46,918.5820,-88.3367,1.0165,3,0.0750,1.0000,2,8,8,0,0,8,8,0.0000
4,276.0000,4,47,529.2518,-84.4251,0.0181,9,0.2250,1.0000,8,8,8,0,0,8,8,0.0000
4,276.0000,5,7,741.3898,-85.5035,-0.2240,6,0.1463,1.0000,8,7,6,0,0,7,6,0.1429
4,276.0000,5,10,858.0239,-86.8691,1.0626,3,0.0732,1.0000,8,10,10,0,0,10,10,0.0000
4,276.0000,5,12,735.8696,-86.3021,0.5751,5,0.1220,1.0000,8,8,7,0,0,8,7,0.1250
4,276.0000,5,22,828.3087,-87.6874,0.1602,3,0.0732,1.0000,8,8,8,0,0,8,8,0.0000
4,276.0000,5,26,280.2705,-78.0023,-0.6912,26,0.6341,0.0000,4,6,4,0,0,6,4,0.3333
4,276.0000,5,29,668.9227,-85.6457,-0.2107,5,0.1220,1.0000,8,8,7,0,0,8,7,0.1250
4,276.0000,5,34,296.6942,-78.4572,-0.0716,30,0.7317,0.2000,5,6,4,0,0,6,4,0.3333
4,276.0000,5,35,219.4750,-73.7944,-1.2686,35,0.8537,0.0000,4,5,1,0,0,5,1,0.8000
4,276.0000,5,37,576.0011,-85.6046,0.4795,4,0.0976,0.8750,8,8,8,0,0,8,8,0.0000
4,276.0000,5,41,217.1473,-75.8256,-0.0937,34,0.8293,0.0000,4,6,2,0,0,6,2,0.6667
4,276.0000,5,43,645.2256,-87.1672,-1.3644,4,0.0976,1.0000,8,8,8,0,0,8,8,0.0000
4,276.0000,6,1,523.1732,-84.5819,0.5832,7,0.1750,0.8571,7,8,8,0,0,8,8,0.0000
4,276.0000,6,4,487.4230,-83.0617,0.3401,13,0.3250,0.7143,7,7,5,0,0,7,5,0.2857
4,276.0000,6,8,533.1395,-82.6123,-0.6429,14,0.3500,0.8571,7,8,8,0,0,8,8,0.0000
4,276.0000,6,9,884.8674,-87.1743,0.9098,4,0.1000,1.0000,4,4,4,0,0,4,4,0.0000
4,276.0000,6,11,706.9244,-85.3776,0.6529,5,0.1250,0.8571,7,8,8,0,0,8,8,0.0000
4,276.0000,6,13,432.5899,-83.1757,0.1483,14,0.3500,0.6667,6,7,6,0,0,7,6,0.1429
4,276.0000,6,19,852.7126,-87.7171,-0.3258,8,0.2000,1.0000,4,3,2,0,0,3,2,0.3333
4,276.0000,6,20,747.8593,-86.8173,0.3463,5,0.1250,1.0000,8,7,6,0,0,7,6,0.1429
4,276.0000,6,21,601.3417,-86.7225,-0.8357,4,0.1000,0.8571,7,8,8,0,0,8,8,0.0000
4,276.0000,6,24,463.1167,-82.6603,0.2321,12,0.3000,0.7143,7,7,6,0,0,7,6,0.1429
4,276.0000,6,25,411.9368,-83.2136,1.2409,13,0.3250,0.8571,7,6,4,0,0,6,4,0.3333
4,276.0000,6,28,894.0613,-87.8097,0.6136,5,0.1250,1.0000,4,8,8,0,0,8,8,0.0000
4,276.0000,6,31,415.1292,-82.0052,-0.1048,12,0.3000,0.7143,7,7,5,0,0,7,5,0.2857
4,276.0000,6,32,313.6646,-80.4745,1.0341,18,0.4500,0.4000,5,7,4,0,0,7,4,0.4286
4,276.0000,6,36,463.1674,-82.9710,-0.4559,12,0.3000,1.0000,6,7,6,0,0,7,6,0.1429
4,276.0000,6,42,363.1845,-80.4105,0.0121,21,0.5250,0.4000,5,7,5,0,0,7,5,0.2857
4,276.0000,6,47,444.3975,-82.9525,1.1016,9,0.2250,0.8571,7,8,7,0,0,8,7,0.1250
4,276.0000,7,2,450.3327,-82.1835,-0.2792,12,0.3000,0.7143,7,8,8,0,0,8,8,0.0000
4,276.0000,7,3,548.8273,-83.7413,-0.1205,8,0.2000,1.0000,8,8,7,0,0,8,7,0.1250
4,276.0000,7,5,741.3898,-85.9927,-0.7383,13,0.3250,1.0000,8,8,8,0,0,8,8,0.0000
4,276.0000,7,11,687.5063,-85.9592,-0.4167,4,0.1000,0.8750,8,8,8,0,0,8,8,0.0000
4,276.0000,7,12,312.6878,-79.7969,0.0520,20,0.5000,1.0000,8,5,2,0,0,5,2,0.6000
4,276.0000,7,17,641.9168,-84.3903,-0.3881,6,0.1500,1.0000,8,7,6,0,0,7,6,0.1429
4,276.0000,7,20,709.0179,-84.8401,-0.7715,3,0.0750,0.8750,8,8,8,0,0,8,8,0.0000
4,276.0000,7,22,616.3169,-86.0935,-0.6191,7,0.1750,0.8750,8,8,8,0,0,8,8,0.0000
4,276.0000,7,23,559.6697,-83.5994,-0.5661,10,0.2500,1.0000,8,7,6,0,0,7,6,0.1429
4,276.0000,7,26,655.3210,-85.7051,0.3361,12,0.3000,0.8571,7,7,6,0,0,7,6,0.1429
4,276.0000,7,29,100.2220,-67.3124,-0.0734,35,0.8750,0.0000,4,4,0,0,0,4,0,1.0000
4,276.0000,7,33,115.9572,-74.2217,1.4920,35,0.8750,0.3333,6,4,0,0,0,4,0,1.0000
4,276.0000,7,34,454.0480,-81.2536,-0.4408,18,0.4500,0.7500,8,7,6,0,0,7,6,0.1429
4,276.0000,7,35,580.0449,-85.0518,-0.9719,11,0.2750,1.0000,8,8,7,0,0,8,7,0.1250
4,276.0000,7,37,921.1315,-88.6312,0.3475,5,0.1250,1.0000,8,8,8,0,0,8,8,0.0000
4,276.0000,7,41,691.3866,-84.7393,-0.0606,9,0.2250,1.0000,8,8,8,0,0,8,8,0.0000
4,276.0000,7,43,378.9390,-79.8217,-0.9847,17,0.4250,1.0000,8,8,8,0,0,8,8,0.0000
4,276.0000,8,2,534.4643,-84.4095,0.1052,9,0.2308,0.8571,7,8,8,0,0,8,8,0.0000
4,276.0000,8,3,438.5770,-81.6139,-0.0708,10,0.2564,1.0000,8,7,6,0,0,7,6,0.1429
4,276.0000,8,4,313.2236,-77.9400,0.4610,23,0.5897,0.6667,6,6,3,0,0,6,3,0.5000
4,276.0000,8,6,533.1395,-82.5087,0.1992,8,0.2051,1.0000,8,8,8,0,0,8,8,0.0000
4,276.0000,8,10,567.7175,-86.2971,0.3357,3,0.0769,1.0000,8,8,7,0,0,8,7,0.1250
4,276.0000,8,11,403.6584,-82.6970,0.2762,7,0.1795,0.8750,8,7,6,0,0,7,6,0.1429
4,276.0000,8,12,822.5882,-89.2820,1.0042,3,0.0769,1.0000,8,3,2,0,0,3,2,0.3333
4,276.0000,8,13,670.5503,-85.3210,-2.8777,3,0.0769,0.8571,7,7,6,0,0,7,6,0.1429
4,276.0000,8,14,836.9008,-87.4442,3.1511,3,0.0769,1.0000,8,8,7,0,0,8,7,0.1250
4,276.0000,8,16,684.1407,-88.3219,-3.8650,3,0.0769,0.6000,5,8,8,0,0,8,8,0.0000
4,276.0000,8,18,774.9322,-87.8382,0.0387,5,0.1282,1.0000,8,6,6,0,0,6,6,0.0000
4,276.0000,8,20,271.4891,-79.2685,0.6441,17,0.4359,0.8571,7,4,0,0,0,4,0,1.0000
4,276.0000,8,22,548.8940,-85.9776,0.2629,6,0.1538,0.8750,8,6,4,0,0,6,4,0.3333
4,276.0000,8,23,511.2592,-83.4737,0.7555,6,0.1538,1.0000,8,8,8,0,0,8,8,0.0000
4,276.0000,8,24,322.5736,-80.8928,0.3449,13,0.3333,0.4286,7,8,6,0,0,8,6,0.2500
4,276.0000,8,25,556.9587,-84.0264,0.3635,5,0.1282,1.0000,8,7,6,0,0,7,6,0.1429
4,276.0000,8,29,983.4480,-88.8566,-0.3512,3,0.0769,1.0000,4,6,6,0,0,6,6,0.0000
4,276.0000,8,32,453.9340,-84.6385,7.4637,3,0.0769,0.8750,8,7,5,0,0,7,5,0.2857
4,276.0000,8,33,882.4916,-88.2337,-3.5884,3,0.0769,1.0000,6,6,6,0,0,6,6,0.0000
4,276.0000,8,36,707.8438,-87.1540,-0.3945,3,0.0769,0.8750,8,8,8,0,0,8,8,0.0000
4,276.0000,8,42,493.0282,-83.5442,0.5246,6,0.1538,1.0000,18,8,8,2,1,10,9,0.1000
4,276.0000,8,45,448.0078,-83.5031,2.0211,7,0.1795,0.8571,7,7,6,0,0,7,6,0.1429
4,276.0000,8,47,601.2120,-84.9127,-1.4468,3,0.0769,1.0000,8,8,8,0,0,8,8,0.0000
4,276.0000,9,0,590.6211,-84.7315,0.5221,21,0.5250,1.0000,8,8,8,0,0,8,8,0.0000
4,276.0000,9,1,376.0059,-80.1544,0.1270,18,0.4500,0.6667,6,6,3,0,0,6,3,0.5000
4,276.0000,9,13,466.9006,-83.2008,0.5790,13,0.3250,0.5714,7,7,5,0,0,7,5,0.2857
4,276.0000,9,14,565.5067,-86.0673,0.8015,4,0.1000,0.8571,7,8,6,0,0,8,6,0.2500
4,276.0000,9,15,987.7340,-87.5404,-0.4054,9,0.2250,,0,6,6,0,0,6,6,0.0000
4,276.0000,9,16,540.0478,-86.1549,0.5943,3,0.0750,1.0000,8,8,7,0,0,8,7,0.1250
4,276.0000,9,19,890.5695,-86.9757,-0.3292,5,0.1250,1.0000,6,6,6,0,0,6,6,0.0000
4,276.0000,9,21,474.6985,-82.4967,-0.1517,16,0.4000,0.8571,7,7,6,0,0,7,6,0.1429
4,276.0000,9,25,499.7933,-82.9441,0.1070,10,0.2500,1.0000,8,7,6,0,0,7,6,0.1429
4,276.0000,9,27,561.6156,-84.9073,0.7568,7,0.1750,0.8750,8,8,8,0,0,8,8,0.0000
4,276.0000,9,28,626.8862,-85.0216,-0.1600,16,0.4000,1.0000,6,8,8,0,0,8,8,0.0000
4,276.0000,9,30,342.0754,-79.9956,0.5994,31,0.7750,0.7143,7,6,2,0,0,6,2,0.6667
4,276.0000,9,31,536.9719,-85.5370,-0.0120,6,0.1500,0.8571,7,8,8,0,0,8,8,0.0000
4,276.0000,9,32,687.2335,-84.5420,0.8878,5,0.1250,1.0000,8,6,6,0,0,6,6,0.0000
4,276.0000,9,36,531.4606,-83.7701,-0.6955,10,0.2500,1.0000,8,8,8,0,0,8,8,0.0000
4,276.0000,9,38,415.3356,-84.2084,0.6681,12,0.3000,0.8571,7,7,5,0,0,7,5,0.2857
4,276.0000,9,39,590.6498,-84.0005,0.0274,22,0.5500,0.8571,7,6,6,0,0,6,6,0.0000
4,276.0000,9,40,678.1711,-85.0056,-0.0225,18,0.4500,0.6667,6,6,6,0,0,6,6,0.0000
4,276.0000,9,42,804.6526,-86.5940,0.1414,4,0.1000,0.8333,6,8,8,0,0,8,8,0.0000
4,276.0000,9,44,137.0561,-72.3274,-0.2014,33,0.8250,0.5714,7,4,0,0,0,4,0,1.0000
4,276.0000,9,46,556.1397,-84.6089,0.2559,17,0.4250,1.0000,8,8,8,0,0,8,8,0.0000
4,276.0000,9,47,497.5062,-83.5767,1.5060,8,0.2000,1.0000,8,8,8,0,0,8,8,0.0000
4,276.0000,10,1,813.2331,-86.8952,1.0419,4,0.1000,1.0000,8,4,4,0,0,4,4,0.0000
4,276.0000,10,2,550.3659,-83.9372,-0.2799,14,0.3500,0.5000,6,6,3,0,0,6,3,0.5000
4,276.0000,10,3,608.6360,-84.1089,0.5686,14,0.3500,0.8571,7,7,5,0,0,7,5,0.2857
4,276.0000,10,4,711.2220,-85.8033,0.1721,7,0.1750,0.8571,7,7,6,0,0,7,6,0.1429
4,276.0000,10,5,858.0239,-87.1455,-0.0092,8,0.2000,0.8750,8,2,2,0,0,2,2,0.0000
4,276.0000,10,6,853.6223,-87.4282,0.2543,6,0.1500,1.0000,2,6,6,0,0,6,6,0.0000
4,276.0000,10,7,851.0208,-86.3820,0.3247,8,0.2000,1.0000,6,4,4,0,0,4,4,0.0000
4,276.0000,10,8,567.7175,-85.4556,0.1273,12,0.3000,0.8333,6,7,6,0,0,7,6,0.1429
4,276.0000,10,9,855.2966,-87.2401,-0.0102,5,0.1250,0.6667,3,4,4,0,0,4,4,0.0000
4,276.0000,10,11,330.1641,-80.5897,-0.0541,23,0.5750,0.8571,7,8,7,0,0,8,7,0.1250
4,276.0000,10,12,671.8232,-84.1904,-1.0331,15,0.3750,1.0000,8,6,6,0,0,6,6,0.0000
4,276.0000,10,13,782.4196,-87.8107,0.5146,6,0.1500,0.8333,6,6,6,0,0,6,6,0.0000
4,276.0000,10,14,477.6791,-83.1695,0.6488,11,0.2750,1.0000,8,7,6,0,0,7,6,0.1429
4,276.0000,10,16,322.1566,-80.5942,0.2041,19,0.4750,0.5000,6,7,4,0,0,7,4,0.4286
4,276.0000,10,17,344.8110,-79.8126,-0.4942,23,0.5750,0.8750,8,8,5,0,0,8,5,0.3750
4,276.0000,10,18,286.0675,-78.5539,-0.2462,30,0.7500,0.2000,5,7,4,0,0,7,4,0.4286
4,276.0000,10,20,464.6388,-81.7783,-0.9144,15,0.3750,0.8571,7,8,7,0,0,8,7,0.1250
4,276.0000,10,21,648.9527,-86.5995,0.0521,8,0.2000,1.0000,8,8,8,0,0,8,8,0.0000
4,276.0000,10,22,332.4972,-78.5635,-0.9073,22,0.5500,0.5000,6,7,6,0,0,7,6,0.1429
4,276.0000,10,23,423.1315,-82.5151,-0.6342,22,0.5500,1.0000,8,7,6,0,0,7,6,0.1429
4,276.0000,10,24,536.7185,-83.0642,-1.1920,13,0.3250,0.8571,7,8,7,0,0,8,7,0.1250
4,276.0000,10,25,643.7625,-87.3778,-0.5600,8,0.2000,1.0000,4,8,8,0,0,8,8,0.0000
4,276.0000,10,26,641.6109,-85.9608,0.6889,8,0.2000,1.0000,6,6,6,0,0,6,6,0.0000
4,276.0000,10,27,422.4020,-83.3693,0.0882,15,0.3750,0.5714,7,6,4,0,0,6,4,0.3333
4,276.0000,10,29,818.8953,-86.4546,-0.8925,12,0.3000,0.8750,8,8,8,0,0,8,8,0.0000
4,276.0000,10,31,574.1684,-85.0586,-0.6472,10,0.2500,0.8571,7,8,6,0,0,8,6,0.2500
4,276.0000,10,32,566.4453,-85.7072,0.3213,11,0.2750,1.0000,8,8,8,0,0,8,8,0.0000
4,276.0000,10,33,823.2138,-86.4761,-0.2755,8,0.2000,1.0000,8,6,6,0,0,6,6,0.0000
4,276.0000,10,34,757.5621,-86.0065,-1.2342,12,0.3000,0.8571,7,4,4,0,0,4,4,0.0000
4,276.0000,10,35,707.7672,-86.4735,0.2734,11,0.2750,1.0000,8,8,8,0,0,8,8,0.0000
4,276.0000,10,36,892.1212,-87.9240,-1.5108,3,0.0750,,0,8,8,0,0,8,8,0.0000
4,276.0000,10,37,432.9818,-81.4305,-0.1792,20,0.5000,0.7500,8,8,7,0,0,8,7,0.1250
4,276.0000,10,38,576.7539,-84.0591,-0.4440,12,0.3000,0.6250,8,6,4,0,0,6,4,0.3333
4,276.0000,10,41,759.8268,-86.1274,-0.1229,11,0.2750,0.8571,7,4,4,0,0,4,4,0.0000
4,276.0000,10,42,874.1112,-87.7421,-0.3256,4,0.1000,1.0000,8,6,6,0,0,6,6,0.0000
4,276.0000,10,43,490.5034,-84.1520,-0.6518,17,0.4250,0.8571,7,7,6,0,0,7,6,0.1429
4,276.0000,10,44,735.1588,-86.6530,0.9427,6,0.1500,0.7500,4,8,8,4,4,12,12,0.0000
4,276.0000,10,45,300.8256,-76.5525,-0.9720,30,0.7500,0.2000,5,8,8,0,0,8,8,0.0000
4,276.0000,10,47,590.6633,-85.9167,-0.7977,6,0.1500,0.9000,10,6,5,4,4,10,9,0.1000
4,276.0000,11,2,353.0714,-81.6133,-0.1550,25,0.6250,0.5000,6,7,6,0,0,7,6,0.1429
4,276.0000,11,3,342.8765,-78.9965,-0.2086,29,0.7250,0.5714,7,7,4,0,0,7,4,0.4286
4,276.0000,11,4,659.0027,-84.8142,-1.2210,7,0.1750,1.0000,8,8,8,0,0,8,8,0.0000
4,276.0000,11,6,706.9244,-86.4596,0.1272,6,0.1500,1.0000,8,8,6,0,0,8,6,0.2500
4,276.0000,11,7,687.5063,-86.5811,-0.3715,9,0.2250,1.0000,8,8,6,0,0,8,6,0.2500
4,276.0000,11,8,403.6584,-81.8808,0.3500,22,0.5500,0.6667,6,6,3,0,0,6,3,0.5000
4,276.0000,11,10,330.1641,-79.7007,-0.5695,23,0.5750,0.7143,7,8,5,0,0,8,5,0.3750
4,276.0000,11,12,588.4479,-83.8085,-0.2367,14,0.3500,0.7143,7,7,6,0,0,7,6,0.1429
4,276.0000,11,14,653.8682,-84.1193,0.4976,5,0.1250,1.0000,8,8,8,0,0,8,8,0.0000
4,276.0000,11,16,572.3994,-84.2474,2.0975,5,0.1250,1.0000,8,7,6,0,0,7,6,0.1429
4,276.0000,11,17,419.3034,-82.7282,-0.7457,15,0.3750,0.7143,7,6,4,0,0,6,4,0.3333
4,276.0000,11,18,454.3970,-82.5452,0.0739,13,0.3250,1.0000,8,7,6,0,0,7,6,0.1429
4,276.0000,11,20,260.1810,-76.7447,-0.2943,34,0.8500,0.0000,4,6,3,0,0,6,3,0.5000
4,276.0000,11,21,746.5471,-86.8067,0.2579,3,0.0750,1.0000,8,8,8,0,0,8,8,0.0000
4,276.0000,11,22,342.5631,-81.6991,0.0564,22,0.5500,0.4000,5,4,0,0,0,4,0,1.0000
4,276.0000,11,23,335.5717,-79.5297,-0.3881,22,0.5500,0.8571,7,5,2,0,0,5,2,0.6000
4,276.0000,11,24,272.1265,-77.0253,-0.6767,35,0.8750,0.7500,8,7,5,0,0,7,5,0.2857
4,276.0000,11,25,674.5609,-85.9111,0.1148,5,0.1250,1.0000,8,7,6,0,0,7,6,0.1429
4,276.0000,11,26,762.9146,-85.9839,-0.8769,4,0.1000,0.8571,7,4,4,0,0,4,4,0.0000
4,276.0000,11,27,703.5110,-86.8573,3.4051,5,0.1250,0.8750,8,5,4,0,0,5,4,0.2000
4,276.0000,11,29,693.6990,-85.6333,-0.3339,14,0.3500,1.0000,8,8,7,0,0,8,7,0.1250
4,276.0000,11,31,595.7638,-84.9982,2.3081,6,0.1500,0.8571,7,8,7,0,0,8,7,0.1250
4,276.0000,11,32,504.4555,-85.9589,0.7614,4,0.1000,1.0000,8,7,6,0,0,7,6,0.1429
4,276.0000,11,33,637.2459,-85.9967,0.1782,16,0.4000,1.0000,8,7,6,0,0,7,6,0.1429
4,276.0000,11,34,749.6649,-85.8493,-0.8755,11,0.2750,1.0000,8,6,5,0,0,6,5,0.1667
4,276.0000,11,35,780.8688,-87.6001,-0.6221,6,0.1500,1.0000,8,4,4,0,0,4,4,0.0000
4,276.0000,11,37,644.5077,-85.7233,-0.4917,12,0.3000,0.8571,7,8,8,0,0,8,8,0.0000
4,276.0000,11,42,807.1275,-87.1672,0.8895,5,0.1250,1.0000,6,7,6,0,0,7,6,0.1429
4,276.0000,11,43,427.0783,-82.1312,0.1939,20,0.5000,0.8571,7,6,4,0,0,6,4,0.3333
4,276.0000,11,44,943.2703,-87.1998,2.0626,3,0.0750,1.0000,4,7,6,0,0,7,6,0.1429
4,276.0000,11,45,287.8957,-79.0351,-0.2592,27,0.6750,0.3333,6,7,6,0,0,7,6,0.1429
4,276.0000,11,47,629.8330,-84.6028,0.6562,3,0.0750,1.0000,8,8,8,0,0,8,8,0.0000
4,276.0000,12,2,307.6196,-79.9098,-0.1797,23,0.5750,0.2000,5,8,8,0,0,8,8,0.0000
4,276.0000,12,3,463.2849,-82.0514,-1.1482,17,0.4250,0.6667,6,7,6,0,0,7,6,0.1429
4,276.0000,12,5,735.8696,-85.3345,0.2954,9,0.2250,1.0000,8,4,4,0,0,4,4,0.0000
4,276.0000,12,7,312.6878,-79.7411,0.4699,25,0.6250,0.3333,6,5,1,0,0,5,1,0.8000
4,276.0000,12,8,822.5882,-86.4672,-0.4718,4,0.1000,1.0000,6,6,6,0,0,6,6,0.0000
4,276.0000,12,10,671.8232,-85.8199,0.4029,7,0.1750,1.0000,8,8,8,0,0,8,8,0.0000
4,276.0000,12,11,588.4479,-84.0169,0.2202,10,0.2500,0.8571,7,8,7,0,0,8,7,0.1250
4,276.0000,12,17,380.1086,-79.8227,-1.1378,21,0.5250,0.6667,6,8,8,0,0,8,8,0.0000
4,276.0000,12,18,805.7907,-88.3182,0.1262,4,0.1000,0.8750,8,8,8,0,0,8,8,0.0000
4,276.0000,12,20,551.9197,-83.9342,-0.1737,10,0.2500,0.6667,6,7,6,0,0,7,6,0.1429
4,276.0000,12,22,375.7541,-78.8846,-0.8347,21,0.5250,0.5000,6,6,4,0,0,6,4,0.3333
4,276.0000,12,23,332.1789,-77.9722,-1.5650,22,0.5500,0.6667,6,8,8,0,0,8,8,0.0000
4,276.0000,12,24,818.6104,-86.7223,-0.0847,4,0.1000,1.0000,8,8,8,0,0,8,8,0.0000
4,276.0000,12,26,541.1086,-84.4259,0.1187,15,0.3750,1.0000,10,6,6,0,0,6,6,0.0000
4,276.0000,12,29,255.8066,-78.3093,0.4615,35,0.8750,0.4000,5,6,3,0,0,6,3,0.5000
4,276.0000,12,33,276.8306,-79.7778,1.4131,28,0.7000,0.4000,5,6,3,0,0,6,3,0.5000
4,276.0000,12,34,505.7789,-83.1638,-0.0867,16,0.4000,0.5000,6,7,6,0,0,7,6,0.1429
4,276.0000,12,35,523.6513,-84.1072,0.2772,15,0.3750,0.7143,7,7,5,0,0,7,5,0.2857
4,276.0000,12,37,817.8193,-87.1892,0.5112,6,0.1500,1.0000,8,6,6,0,0,6,6,0.0000
4,276.0000,12,41,602.1665,-85.1151,0.4482,15,0.3750,0.7143,7,7,6,0,0,7,6,0.1429
4,276.0000,12,43,214.1587,-71.7577,-1.8065,38,0.9500,0.0000,4,6,4,0,0,6,4,0.3333
4,276.0000,12,45,461.9214,-83.5400,1.0600,11,0.2750,0.8000,5,7,5,0,0,7,5,0.2857
4,276.0000,13,0,792.0283,-87.0392,-0.3712,6,0.1538,0.8750,8,6,6,0,0,6,6,0.0000
4,276.0000,13,1,113.7846,-73.4640,1.4438,33,0.8462,0.0000,4,4,0,0,0,4,0,1.0000
4,276.0000,13,4,486.4343,-82.6566,-0.2507,18,0.4615,0.8571,7,8,8,0,0,8,8,0.0000
4,276.0000,13,6,432.5899,-82.2641,0.3526,17,0.4359,0.7143,7,5,2,0,0,5,2,0.6000
4,276.0000,13,8,670.5503,-86.6913,-1.6193,5,0.1282,0.8571,7,8,8,0,0,8,8,0.0000
4,276.0000,13,9,466.9006,-83.5434,0.2705,15,0.3846,0.7500,8,8,8,0,0,8,8,0.0000
4,276.0000,13,10,782.4196,-87.2151,-1.3061,3,0.0769,1.0000,8,8,8,0,0,8,8,0.0000
4,276.0000,13,11,813.4885,-88.0667,-2.5129,3,0.0769,1.0000,2,7,6,0,0,7,6,0.1429
4,276.0000,13,14,624.0127,-87.6167,0.4759,4,0.1026,1.0000,8,8,8,0,0,8,8,0.0000
4,276.0000,13,15,980.5776,-88.4971,-0.1529,3,0.0769,,0,6,6,0,0,6,6,0.0000
4,276.0000,13,16,582.1952,-86.2556,-0.2669,3,0.0769,0.8571,7,7,6,0,0,7,6,0.1429
4,276.0000,13,18,851.8019,-86.7341,1.1020,4,0.1026,1.0000,8,8,8,0,0,8,8,0.0000
4,276.0000,13,19,696.3084,-85.4655,0.8788,8,0.2051,1.0000,8,5,4,0,0,5,4,0.2000
4,276.0000,13,21,294.8862,-78.7080,-0.4167,28,0.7179,0.5000,6,4,0,0,0,4,0,1.0000
4,276.0000,13,24,685.2665,-84.3463,0.2733,4,0.1026,1.0000,8,8,8,0,0,8,8,0.0000
4,276.0000,13,25,142.9205,-69.9236,-1.0386,36,0.9231,0.2000,5,5,2,0,0,5,2,0.6000
4,276.0000,13,27,718.3673,-87.0922,-1.2836,3,0.0769,0.8333,6,8,8,0,0,8,8,0.0000
4,276.0000,13,28,596.2703,-85.9525,-0.3085,13,0.3333,1.0000,4,7,6,0,0,7,6,0.1429
4,276.0000,13,30,631.6485,-85.9947,-0.3444,7,0.1795,1.0000,4,7,5,0,0,7,5,0.2857
4,276.0000,13,31,250.3927,-76.6975,0.3745,25,0.6410,0.4000,5,4,0,0,0,4,0,1.0000
4,276.0000,13,32,339.3339,-77.8265,-0.3561,25,0.6410,0.6667,6,6,3,0,0,6,3,0.5000
4,276.0000,13,36,147.2958,-74.0393,0.6961,32,0.8205,0.0000,4,5,1,0,0,5,1,0.8000
4,276.0000,13,38,636.8396,-86.3990,1.4955,4,0.1026,0.8000,5,10,9,0,0,10,9,0.1000
4,276.0000,13,39,705.0169,-86.5466,0.0437,7,0.1795,1.0000,6,8,8,0,0,8,8,0.0000
4,276.0000,13,40,892.2159,-88.0334,0.2398,5,0.1282,1.0000,8,4,4,0,0,4,4,0.0000
4,276.0000,13,42,381.7352,-80.8098,-0.4583,26,0.6667,0.6667,6,7,4,0,0,7,4,0.4286
4,276.0000,13,44,489.5544,-83.3654,0.3943,10,0.2564,0.7143,7,7,6,0,0,7,6,0.1429
4,276.0000,13,46,499.3465,-84.3295,0.4559,18,0.4615,0.4000,5,6,4,0,0,6,4,0.3333
4,276.0000,13,47,236.0318,-79.0212,0.0323,20,0.5128,0.2000,5,4,0,0,0,4,0,1.0000
4,276.0000,14,1,589.6736,-85.6250,-0.7749,8,0.2000,0.7143,7,7,6,0,0,7,6,0.1429
4,276.0000,14,4,860.2247,-86.2631,-0.3688,4,0.1000,1.0000,8,4,4,0,0,4,4,0.0000
4,276.0000,14,6,816.2738,-87.4996,-0.2619,3,0.0750,0.8571,7,8,8,0,0,8,8,0.0000
4,276.0000,14,8,836.9008,-87.6328,-0.3409,4,0.1000,1.0000,6,8,8,0,0,8,8,0.0000
4,276.0000,14,9,565.5067,-84.7665,0.4362,9,0.2250,0.8571,7,5,4,0,0,5,4,0.2000
4,276.0000,14,10,477.6791,-83.2437,0.2074,10,0.2500,0.8750,8,6,6,0,0,6,6,0.0000
4,276.0000,14,11,653.8682,-85.6557,-1.8759,5,0.1250,1.0000,8,8,8,0,0,8,8,0.0000
4,276.0000,14,13,624.0127,-85.5507,-0.1423,10,0.2500,1.0000,8,8,8,0,0,8,8,0.0000
4,276.0000,14,16,278.8950,-78.1462,0.4173,21,0.5250,0.7500,8,6,4,0,0,6,4,0.3333
4,276.0000,14,17,820.0599,-87.0909,0.0214,7,0.1750,1.0000,8,3,2,0,0,3,2,0.3333
4,276.0000,14,18,347.2478,-79.1710,-0.6036,21,0.5250,0.6667,6,7,5,0,0,7,5,0.2857
4,276.0000,14,20,851.3919,-87.6258,-0.6189,6,0.1500,1.0000,4,8,8,0,0,8,8,0.0000
4,276.0000,14,21,635.3791,-85.3399,-0.7855,9,0.2250,1.0000,8,8,7,0,0,8,7,0.1250
4,276.0000,14,22,805.9373,-86.9480,-0.5092,4,0.1000,1.0000,8,10,10,0,0,10,10,0.0000
4,276.0000,14,23,883.9280,-88.6583,0.6924,6,0.1500,1.0000,8,6,5,0,0,6,5,0.1667
4,276.0000,14,24,711.3011,-86.5951,-0.0430,7,0.1750,1.0000,8,8,8,0,0,8,8,0.0000
4,276.0000,14,25,537.5104,-84.2652,0.6684,10,0.2500,0.5000,4,8,8,0,0,8,8,0.0000
4,276.0000,14,27,253.3238,-77.3980,0.0838,31,0.7750,0.2000,5,7,4,0,0,7,4,0.4286
4,276.0000,14,30,881.8265,-88.4773,-0.3475,6,0.1500,1.0000,6,8,8,0,0,8,8,0.0000
4,276.0000,14,31,432.4517,-83.1444,1.1567,14,0.3500,0.8750,8,6,4,0,0,6,4,0.3333
4,276.0000,14,32,520.6002,-83.2507,0.6591,10,0.2500,0.6667,6,7,6,0,0,7,6,0.1429
4,276.0000,14,36,766.4849,-87.2012,-0.5922,6,0.1500,1.0000,8,8,7,0,0,8,7,0.1250
4,276.0000,14,37,515.2956,-83.8916,-1.1330,10,0.2500,0.5000,6,10,10,0,0,10,10,0.0000
4,276.0000,14,38,225.7209,-77.7722,0.2793,29,0.7250,0.0000,4,4,0,0,0,4,0,1.0000
4,276.0000,14,42,906.4731,-87.6627,0.1728,5,0.1250,1.0000,8,8,8,0,0,8,8,0.0000
4,276.0000,14,43,912.6157,-87.9056,0.1194,3,0.0750,1.0000,6,8,8,0,0,8,8,0.0000
4,276.0000,14,44,458.1333,-84.3585,-0.2263,12,0.3000,1.0000,8,6,3,0,0,6,3,0.5000
4,276.0000,14,45,763.3121,-87.2368,-1.1104,6,0.1500,1.0000,8,4,4,0,0,4,4,0.0000
4,276.0000,14,46,966.1898,-88.8053,0.8048,3,0.0750,,0,2,2,0,0,2,2,0.0000
4,276.0000,14,47,416.6841,-81.3582,-0.2404,15,0.3750,0.6000,5,10,9,0,0,10,9,0.1000
4,276.0000,15,0,524.6738,-83.5534,-0.5450,17,0.4250,0.7143,7,6,3,0,0,6,3,0.5000
4,276.0000,15,19,414.7361,-81.6967,0.6780,19,0.4750,0.5714,7,6,3,0,0,6,3,0.5000
4,276.0000,15,28,392.8112,-79.6499,-1.2734,31,0.7750,0.4000,5,8,8,0,0,8,8,0.0000
4,276.0000,15,30,702.5907,-84.7765,-1.1315,15,0.3750,0.8750,8,8,6,0,0,8,6,0.2500
4,276.0000,15,39,444.1780,-80.5647,-1.4869,30,0.7500,0.5000,6,7,6,0,0,7,6,0.1429
4,276.0000,15,40,494.2863,-81.6808,-0.5733,33,0.8250,0.3333,6,8,8,0,0,8,8,0.0000
4,276.0000,15,46,488.7518,-81.4432,-0.3162,20,0.5000,0.7143,7,8,7,0,0,8,7,0.1250
4,276.0000,16,1,576.5810,-86.1015,1.8422,6,0.1500,1.0000,8,7,5,0,0,7,5,0.2857
4,276.0000,16,2,851.0874,-87.7390,-0.5931,3,0.0750,1.0000,2,8,8,0,0,8,8,0.0000
4,276.0000,16,3,877.7014,-88.0253,-1.0464,5,0.1250,1.0000,8,8,8,0,0,8,8,0.0000
4,276.0000,16,4,688.9737,-86.4569,0.7297,11,0.2750,1.0000,4,8,8,0,0,8,8,0.0000
4,276.0000,16,6,805.7144,-87.3797,-0.1157,5,0.1250,1.0000,4,7,6,0,0,7,6,0.1429
4,276.0000,16,8,684.1407,-87.1045,-0.6296,5,0.1250,1.0000,6,8,7,0,0,8,7,0.1250
4,276.0000,16,9,540.0478,-84.6848,0.1147,15,0.3750,0.8750,8,6,5,0,0,6,5,0.1667
4,276.0000,16,10,322.1566,-80.1669,1.3144,17,0.4250,0.8824,17,5,1,0,0,5,1,0.8000
4,276.0000,16,11,572.3994,-86.8147,-0.5996,9,0.2250,0.7143,7,8,8,0,0,8,8,0.0000
4,276.0000,16,12,992.4214,-89.0923,-0.5373,5,0.1250,,0,2,2,0,0,2,2,0.0000
4,276.0000,16,13,582.1952,-87.0813,-0.4623,9,0.2250,1.0000,4,7,6,0,0,7,6,0.1429
4,276.0000,16,14,278.8950,-77.9871,-0.6399,29,0.7250,0.4286,7,6,2,0,0,6,2,0.6667
4,276.0000,16,17,644.1555,-86.6082,-1.5368,7,0.1750,1.0000,8,7,6,0,0,7,6,0.1429
4,276.0000,16,18,385.0707,-80.2726,-0.1271,23,0.5750,0.8000,5,7,6,0,0,7,6,0.1429
4,276.0000,16,20,700.5762,-87.8331,0.6865,9,0.2250,1.0000,8,8,8,0,0,8,8,0.0000
4,276.0000,16,21,464.9555,-84.6107,0.0938,10,0.2500,0.7143,7,8,8,0,0,8,8,0.0000
4,276.0000,16,22,638.6135,-86.0845,-0.3172,11,0.2750,1.0000,8,8,8,0,0,8,8,0.0000
4,276.0000,16,23,724.8061,-86.6641,-0.2644,8,0.2000,1.0000,8,8,8,0,0,8,8,0.0000
4,276.0000,16,24,666.6207,-85.1084,-0.2053,10,0.2500,0.8571,7,8,8,0,0,8,8,0.0000
4,276.0000,16,25,470.9801,-84.3870,0.1937,13,0.3250,0.7143,7,8,7,0,0,8,7,0.1250
4,276.0000,16,26,890.5377,-88.1211,-0.1801,9,0.2250,1.0000,8,2,2,0,0,2,2,0.0000
4,276.0000,16,27,189.8646,-71.4464,-0.7608,32,0.8000,0.0000,10,5,2,0,0,5,2,0.6000
4,276.0000,16,28,1073.5174,-89.5854,0.0046,3,0.0750,,0,4,4,0,0,4,4,0.0000
4,276.0000,16,30,879.8752,-88.8961,0.0781,7,0.1750,1.0000,6,6,6,0,0,6,6,0.0000
4,276.0000,16,31,417.8699,-84.1492,0.5216,16,0.4000,0.8750,8,7,4,0,0,7,4,0.4286
4,276.0000,16,32,497.3586,-84.1111,0.7033,11,0.2750,1.0000,8,8,7,0,0,8,7,0.1250
4,276.0000,16,34,1034.2038,-88.4704,-0.0452,6,0.1500,1.0000,8,2,2,0,0,2,2,0.0000
4,276.0000,16,35,969.9897,-87.7759,-0.5210,5,0.1250,1.0000,2,4,4,0,0,4,4,0.0000
4,276.0000,16,36,700.2819,-88.3912,0.2273,9,0.2250,1.0000,8,7,6,0,0,7,6,0.1429
4,276.0000,16,37,540.8764,-83.4088,0.1717,18,0.4500,1.0000,8,6,3,0,0,6,3,0.5000
4,276.0000,16,38,284.9553,-76.4629,-0.5680,29,0.7250,0.5400,50,8,5,124,91,132,96,0.2727
4,276.0000,16,41,1002.6241,-88.3546,0.4162,3,0.0750,,0,4,4,0,0,4,4,0.0000
4,276.0000,16,42,792.6940,-86.6150,-0.0877,4,0.1000,1.0000,4,8,8,0,0,8,8,0.0000
4,276.0000,16,43,811.7435,-87.5299,-0.1548,8,0.2000,1.0000,8,8,8,0,0,8,8,0.0000
4,276.0000,16,44,415.1278,-83.8063,-0.0897,17,0.4250,0.8571,7,7,6,0,0,7,6,0.1429
4,276.0000,16,45,586.1004,-84.0857,-0.2010,12,0.3000,0.8750,8,6,5,0,0,6,5,0.1667
4,276.0000,16,47,411.0235,-82.4163,0.1676,15,0.3750,0.8732,71,7,6,0,0,7,6,0.1429
4,276.0000,17,2,356.1521,-81.2498,0.2302,22,0.5500,0.5714,7,8,7,0,0,8,7,0.1250
4,276.0000,17,3,483.1537,-81.7733,-0.6047,22,0.5500,0.5000,6,8,8,0,0,8,8,0.0000
4,276.0000,17,4,834.5909,-87.4863,-0.3668,4,0.1000,1.0000,8,8,8,0,0,8,8,0.0000
4,276.0000,17,5,788.0435,-87.3214,0.0582,11,0.2750,0.8571,7,6,6,0,0,6,6,0.0000
4,276.0000,17,6,1062.3212,-88.7095,0.2458,3,0.0750,1.0000,4,4,4,0,0,4,4,0.0000
4,276.0000,17,7,641.9168,-85.3489,-0.3639,14,0.3500,1.0000,8,8,8,0,0,8,8,0.0000
4,276.0000,17,8,623.1320,-85.5346,-0.0526,11,0.2750,1.0000,8,8,8,0,0,8,8,0.0000
4,276.0000,17,10,344.8110,-80.5340,-0.3577,20,0.5000,0.8571,7,8,8,0,0,8,8,0.0000
4,276.0000,17,11,419.3034,-81.8424,-0.1460,15,0.3750,1.0000,8,6,4,0,0,6,4,0.3333
4,276.0000,17,12,380.1086,-79.3353,-1.2781,27,0.6750,0.4000,5,6,4,0,0,6,4,0.3333
4,276.0000,17,14,820.0599,-87.7148,1.4882,4,0.1000,1.0000,8,8,8,0,0,8,8,0.0000
4,276.0000,17,16,644.1555,-85.4811,-0.5539,8,0.2000,0.8571,7,6,6,0,0,6,6,0.0000
4,276.0000,17,18,562.9408,-84.1088,0.0837,9,0.2250,1.0000,8,8,8,0,0,8,8,0.0000
4,276.0000,17,20,404.5297,-80.0384,-0.0689,19,0.4750,1.0000,8,7,6,0,0,7,6,0.1429
4,276.0000,17,21,880.7895,-88.3395,1.6590,3,0.0750,1.0000,2,4,4,0,0,4,4,0.0000
4,276.0000,17,22,88.9771,-63.4207,-1.0027,36,0.9000,0.2000,5,5,1,0,0,5,1,0.8000
4,276.0000,17,23,192.1564,-71.6300,-1.8345,33,0.8250,0.2000,5,7,4,0,0,7,4,0.4286
4,276.0000,17,24,670.6581,-85.0607,0.0328,11,0.2750,1.0000,8,8,8,0,0,8,8,0.0000
4,276.0000,17,25,917.5102,-88.5948,-0.1862,5,0.1250,1.0000,2,8,8,0,0,8,8,0.0000
4,276.0000,17,26,526.0308,-84.6398,-0.5328,15,0.3750,0.8571,7,8,7,0,0,8,7,0.1250
4,276.0000,17,27,732.3464,-87.4248,0.2408,5,0.1250,1.0000,8,8,8,0,0,8,8,0.0000
4,276.0000,17,29,592.1132,-84.9296,-0.2538,20,0.5000,0.8571,7,5,4,0,0,5,4,0.2000
4,276.0000,17,31,869.9609,-87.5784,0.0954,7,0.1750,1.0000,8,4,4,0,0,4,4,0.0000
4,276.0000,17,32,827.2159,-87.8612,-0.2228,5,0.1250,1.0000,6,8,8,0,0,8,8,0.0000
4,276.0000,17,33,602.2493,-85.4140,-0.1866,15,0.3750,0.8571,7,8,8,0,0,8,8,0.0000
4,276.0000,17,34,644.2668,-85.6227,-0.6470,11,0.2750,0.8571,7,5,4,0,0,5,4,0.2000
4,276.0000,17,35,583.6693,-84.6290,0.5088,13,0.3250,0.8571,7,8,7,0,0,8,7,0.1250
4,276.0000,17,37,608.4745,-85.3603,-0.5140,9,0.2250,0.8571,7,8,8,0,0,8,8,0.0000
4,276.0000,17,41,631.6541,-86.0225,-0.0638,14,0.3500,0.8750,8,6,6,0,0,6,6,0.0000
4,276.0000,17,42,1046.6788,-87.0894,-1.0242,4,0.1000,1.0000,4,4,4,0,0,4,4,0.0000
4,276.0000,17,43,280.7825,-79.0718,0.0456,26,0.6500,0.5000,6,5,1,0,0,5,1,0.8000
4,276.0000,17,45,176.8305,-76.3957,0.7710,30,0.7500,0.2000,5,6,3,0,0,6,3,0.5000
4,276.0000,17,47,893.7638,-87.5171,-0.5775,6,0.1500,1.0000,4,8,8,0,0,8,8,0.0000
4,276.0000,18,1,855.4821,-87.0526,-0.1000,6,0.1500,1.0000,8,8,8,0,0,8,8,0.0000
4,276.0000,18,2,718.7782,-87.1978,-0.3432,6,0.1500,1.0000,6,8,8,0,0,8,8,0.0000
4,276.0000,18,3,774.3846,-86.8089,0.2589,6,0.1500,1.0000,8,8,8,0,0,8,8,0.0000
4,276.0000,18,4,914.1761,-87.2405,0.0146,4,0.1000,1.0000,6,6,6,0,0,6,6,0.0000
4,276.0000,18,5,762.6052,-87.0449,-0.5357,11,0.2750,1.0000,6,4,4,0,0,4,4,0.0000
4,276.0000,18,6,920.9226,-87.2421,-0.9644,4,0.1000,1.0000,8,8,8,0,0,8,8,0.0000
4,276.0000,18,7,904.5881,-87.5241,-3.1351,3,0.0750,1.0000,6,6,6,0,0,6,6,0.0000
4,276.0000,18,8,774.9322,-86.7143,-0.3664,5,0.1250,0.8000,5,6,6,0,0,6,6,0.0000
4,276.0000,18,10,286.0675,-78.7842,-0.4022,26,0.6500,0.7143,7,6,3,0,0,6,3,0.5000
4,276.0000,18,11,454.3970,-81.8787,0.2432,14,0.3500,1.0000,8,7,6,0,0,7,6,0.1429
4,276.0000,18,12,805.7907,-87.0657,-1.0960,8,0.2000,1.0000,8,8,8,0,0,8,8,0.0000
4,276.0000,18,13,851.8019,-87.9167,-0.6977,6,0.1500,1.0000,8,8,8,0,0,8,8,0.0000
4,276.0000,18,14,347.2478,-78.1942,-0.8271,29,0.7250,0.7143,7,8,7,0,0,8,7,0.1250
4,276.0000,18,16,385.0707,-80.2097,-0.9569,22,0.5500,0.8750,8,8,7,0,0,8,7,0.1250
4,276.0000,18,17,562.9408,-84.3806,0.7482,13,0.3250,1.0000,8,8,8,0,0,8,8,0.0000
4,276.0000,18,20,678.3950,-85.7653,0.7401,8,0.2000,0.8750,8,8,8,0,0,8,8,0.0000
4,276.0000,18,22,554.1966,-84.2101,-0.3707,9,0.2250,1.0000,8,6,4,0,0,6,4,0.3333
4,276.0000,18,23,634.9054,-85.5930,0.1972,9,0.2250,0.7500,8,8,8,0,0,8,8,0.0000
4,276.0000,18,24,626.9175,-83.7805,-1.9065,10,0.2500,1.0000,8,8,8,0,0,8,8,0.0000
4,276.0000,18,25,727.3801,-87.6290,2.4253,3,0.0750,1.0000,4,8,8,0,0,8,8,0.0000
4,276.0000,18,26,628.9687,-86.1772,0.4306,9,0.2250,0.8571,7,8,8,0,0,8,8,0.0000
4,276.0000,18,27,383.9869,-81.0208,-0.4687,16,0.4000,0.8571,7,7,6,0,0,7,6,0.1429
4,276.0000,18,29,876.8803,-86.6789,-0.3400,7,0.1750,1.0000,8,5,4,0,0,5,4,0.2000
4,276.0000,18,31,616.1413,-85.7422,-0.5479,8,0.2000,1.0000,8,8,7,0,0,8,7,0.1250
4,276.0000,18,32,626.8218,-85.3361,0.1643,9,0.2250,0.8571,7,8,8,0,0,8,8,0.0000
4,276.0000,18,33,907.6294,-88.5452,-0.4894,3,0.0750,1.0000,2,4,4,0,0,4,4,0.0000
4,276.0000,18,34,704.0269,-87.7422,0.0036,8,0.2000,1.0000,8,6,6,0,0,6,6,0.0000
4,276.0000,18,35,676.5849,-85.9134,-0.1369,8,0.2000,1.0000,8,7,6,0,0,7,6,0.1429
4,276.0000,18,37,251.0914,-78.7994,0.5094,33,0.8250,0.6667,6,4,0,0,0,4,0,1.0000
4,276.0000,18,38,509.7789,-82.8417,0.4306,16,0.4000,0.8571,7,8,8,0,0,8,8,0.0000
4,276.0000,18,41,735.9957,-86.9169,-1.1003,6,0.1500,1.0000,6,6,6,0,0,6,6,0.0000
4,276.0000,18,42,1026.6143,-87.9261,-0.4657,4,0.1000,1.0000,8,4,4,0,0,4,4,0.0000
4,276.0000,18,43,594.5683,-85.4653,0.1226,11,0.2750,1.0000,8,8,8,0,0,8,8,0.0000
4,276.0000,18,44,751.8731,-86.1427,-0.5159,5,0.1250,1.0000,8,4,4,0,0,4,4,0.0000
4,276.0000,18,45,547.6715,-84.1365,-0.8988,10,0.2500,1.0000,8,7,6,0,0,7,6,0.1429
4,276.0000,18,47,623.8239,-84.5125,-1.5099,11,0.2750,1.0000,8,8,8,0,0,8,8,0.0000
4,276.0000,19,0,651.6678,-86.4310,0.6051,6,0.1500,1.0000,8,6,4,0,0,6,4,0.3333
4,276.0000,19,1,681.0343,-85.9144,0.2400,4,0.1000,1.0000,8,8,8,0,0,8,8,0.0000
4,276.0000,19,9,890.5695,-85.8920,-2.1884,3,0.0750,1.0000,8,8,8,0,0,8,8,0.0000
4,276.0000,19,15,414.7361,-82.2722,0.2970,21,0.5250,0.3333,6,5,2,0,0,5,2,0.6000
4,276.0000,19,28,318.5954,-80.5431,0.8869,26,0.6500,0.4000,5,7,4,0,0,7,4,0.4286
4,276.0000,19,30,726.3545,-85.1781,0.3951,10,0.2500,1.0000,8,8,7,0,0,8,7,0.1250
4,276.0000,19,36,605.7817,-84.8502,-1.5542,6,0.1500,1.0000,8,8,8,0,0,8,8,0.0000
4,276.0000,19,39,531.2394,-84.0440,0.1865,15,0.3750,0.8750,8,8,8,0,0,8,8,0.0000
4,276.0000,19,40,695.5763,-85.2109,-0.0470,5,0.1250,0.8571,7,8,7,0,0,8,7,0.1250
4,276.0000,19,46,347.1333,-79.3240,0.0068,21,0.5250,0.8000,5,5,1,0,0,5,1,0.8000
4,276.0000,20,2,266.6501,-77.5865,0.3542,28,0.7000,0.0000,4,4,0,0,0,4,0,1.0000
4,276.0000,20,3,214.3706,-77.1135,0.2572,34,0.8500,0.5000,4,6,1,0,0,6,1,0.8333
4,276.0000,20,4,565.0302,-84.6436,-0.3691,10,0.2500,1.0000,8,6,3,0,0,6,3,0.5000
4,276.0000,20,6,747.8593,-87.5020,-0.5278,7,0.1750,1.0000,8,7,6,0,0,7,6,0.1429
4,276.0000,20,7,709.0179,-86.3048,-0.2045,8,0.2000,1.0000,6,6,4,0,0,6,4,0.3333
4,276.0000,20,8,271.4891,-79.4910,0.4393,23,0.5750,0.4286,14,5,2,1,0,6,2,0.6667
4,276.0000,20,10,464.6388,-80.8198,-0.9017,17,0.4250,0.8571,7,8,8,141,139,149,147,0.0134
4,276.0000,20,11,260.1810,-76.3583,-0.9808,29,0.7250,0.0000,5,5,1,0,0,5,1,0.8000
4,276.0000,20,12,551.9197,-83.1256,-1.2742,15,0.3750,0.8571,7,8,8,0,0,8,8,0.0000
4,276.0000,20,13,873.1939,-87.7928,-0.1194,4,0.1000,0.8750,8,8,8,0,0,8,8,0.0000
4,276.0000,20,16,700.5762,-85.4420,-0.6251,4,0.1000,0.8750,8,8,8,0,0,8,8,0.0000
4,276.0000,20,17,404.5297,-81.5931,-0.7612,21,0.5250,0.7143,7,6,3,0,0,6,3,0.5000
4,276.0000,20,18,678.3950,-84.9784,-0.7162,7,0.1750,1.0000,8,8,8,0,0,8,8,0.0000
4,276.0000,20,21,753.4165,-86.9831,-0.0941,4,0.1000,0.8571,7,10,10,0,0,10,10,0.0000
4,276.0000,20,22,319.8520,-80.4002,-0.6288,20,0.5000,0.5000,6,7,5,0,0,7,5,0.2857
4,276.0000,20,23,253.4730,-78.5230,0.5804,19,0.4750,0.5000,6,5,1,0,0,5,1,0.8000
4,276.0000,20,24,362.0425,-81.3716,-0.5162,17,0.4250,0.7500,8,7,4,0,0,7,4,0.4286
4,276.0000,20,25,740.4795,-87.0729,0.3961,5,0.1250,1.0000,4,6,6,0,0,6,6,0.0000
4,276.0000,20,27,856.8419,-86.0237,-1.2370,5,0.1250,1.0000,8,8,8,0,0,8,8,0.0000
4,276.0000,20,29,716.6287,-87.1033,-0.8437,7,0.1750,1.0000,8,7,5,0,0,7,5,0.2857
4,276.0000,20,31,707.7397,-87.0017,-0.5680,4,0.1000,1.0000,8,8,8,0,0,8,8,0.0000
4,276.0000,20,32,606.7107,-85.2046,1.1083,9,0.2250,1.0000,8,8,7,0,0,8,7,0.1250
4,276.0000,20,33,624.6389,-85.4507,0.0916,13,0.3250,0.8571,7,4,0,0,0,4,0,1.0000
4,276.0000,20,34,878.5273,-86.8268,0.3210,7,0.1750,0.8000,5,8,8,0,0,8,8,0.0000
4,276.0000,20,35,895.8271,-87.8598,0.0829,5,0.1250,1.0000,6,8,8,0,0,8,8,0.0000
4,276.0000,20,36,936.9047,-88.7186,0.3332,4,0.1000,1.0000,8,8,8,0,0,8,8,0.0000
4,276.0000,20,37,843.7901,-87.0071,-0.4118,7,0.1750,1.0000,6,6,5,0,0,6,5,0.1667
4,276.0000,20,38,973.3217,-88.3148,-0.9004,4,0.1000,1.0000,6,6,6,0,0,6,6,0.0000
4,276.0000,20,42,758.5161,-87.5721,0.2231,4,0.1000,0.8750,8,8,8,0,0,8,8,0.0000
4,276.0000,20,43,476.2517,-83.7078,-0.5561,17,0.4250,0.8571,7,7,6,0,0,7,6,0.1429
4,276.0000,20,45,241.8848,-76.3515,-0.6668,25,0.6250,0.2000,5,6,2,0,0,6,2,0.6667
4,276.0000,20,47,744.7538,-87.2831,-0.8959,4,0.1000,0.8750,8,7,6,0,0,7,6,0.1429
4,276.0000,21,0,876.4090,-86.9429,-0.0941,6,0.1500,1.0000,6,2,2,0,0,2,2,0.0000
4,276.0000,21,1,343.6766,-80.8414,0.1896,23,0.5750,0.4000,5,6,3,0,0,6,3,0.5000
4,276.0000,21,4,367.3584,-80.8231,0.8274,19,0.4750,0.8750,8,6,4,0,0,6,4,0.3333
4,276.0000,21,6,601.3417,-84.2221,0.2788,11,0.2750,1.0000,8,8,8,0,0,8,8,0.0000
4,276.0000,21,8,574.1289,-86.9028,2.0329,5,0.1250,0.8750,8,8,8,0,0,8,8,0.0000
4,276.0000,21,9,474.6985,-82.0640,-0.9139,19,0.4750,0.7143,7,7,6,0,0,7,6,0.1429
4,276.0000,21,10,648.9527,-87.1666,-1.1382,4,0.1000,0.8571,7,7,6,0,0,7,6,0.1429
4,276.0000,21,11,746.5471,-88.1101,-0.3099,4,0.1000,1.0000,8,7,6,0,0,7,6,0.1429
4,276.0000,21,13,294.8862,-79.2010,0.3853,27,0.6750,0.4000,5,5,1,0,0,5,1,0.8000
4,276.0000,21,14,635.3791,-85.4514,0.4589,8,0.2000,1.0000,8,8,8,0,0,8,8,0.0000
4,276.0000,21,15,1169.6488,-89.0617,0.9769,3,0.0750,,0,4,4,0,0,4,4,0.0000
4,276.0000,21,16,464.9555,-83.8062,1.0609,10,0.2500,1.0000,8,7,5,0,0,7,5,0.2857
4,276.0000,21,18,800.3369,-85.6400,0.4678,4,0.1000,1.0000,4,4,4,0,0,4,4,0.0000
4,276.0000,21,19,911.0956,-87.4753,-0.3815,6,0.1500,1.0000,2,4,4,0,0,4,4,0.0000
4,276.0000,21,20,753.4165,-86.7938,-0.5414,3,0.0750,1.0000,8,8,8,0,0,8,8,0.0000
4,276.0000,21,24,696.1902,-87.0542,-0.3830,4,0.1000,1.0000,8,8,7,0,0,8,7,0.1250
4,276.0000,21,25,245.7918,-77.7017,-0.0514,28,0.7000,0.3333,6,6,2,0,0,6,2,0.6667
4,276.0000,21,27,623.7736,-83.6707,-0.2942,10,0.2500,0.8571,7,8,8,0,0,8,8,0.0000
4,276.0000,21,28,789.3629,-86.6872,0.2187,8,0.2000,1.0000,4,8,8,0,0,8,8,0.0000
4,276.0000,21,30,704.4608,-85.1925,0.2913,14,0.3500,1.0000,8,7,6,0,0,7,6,0.1429
4,276.0000,21,31,356.2575,-81.5921,0.6459,16,0.4000,0.7143,7,6,4,0,0,6,4,0.3333
4,276.0000,21,32,430.0005,-82.6555,-0.3471,13,0.3250,0.7143,7,8,8,0,0,8,8,0.0000
4,276.0000,21,36,322.6593,-80.3245,-0.0018,25,0.6250,0.4000,5,6,2,0,0,6,2,0.6667
4,276.0000,21,38,603.1701,-86.3638,0.9757,5,0.1250,1.0000,8,8,8,0,0,8,8,0.0000
4,276.0000,21,39,887.2127,-87.3387,0.5501,7,0.1750,1.0000,6,2,2,0,0,2,2,0.0000
4,276.0000,21,40,988.5174,-87.6417,-0.4967,4,0.1000,1.0000,6,4,4,0,0,4,4,0.0000
4,276.0000,21,42,410.3445,-81.3850,-0.3663,24,0.6000,1.0000,8,7,6,0,0,7,6,0.1429
4,276.0000,21,44,451.9407,-82.0615,-0.6230,21,0.5250,1.0000,8,6,4,0,0,6,4,0.3333
4,276.0000,21,46,697.0312,-86.4202,0.2277,10,0.2500,0.8571,7,7,6,0,0,7,6,0.1429
4,276.0000,21,47,352.4224,-81.0511,0.4910,14,0.3500,0.4000,5,8,7,0,0,8,7,0.1250
4,276.0000,22,2,284.5239,-80.8880,0.7811,25,0.6250,0.4000,5,4,0,0,0,4,0,1.0000
4,276.0000,22,3,399.9751,-81.6363,0.1736,20,0.5000,0.7143,7,6,3,0,0,6,3,0.5000
4,276.0000,22,4,779.3473,-84.6536,2.5864,3,0.0750,0.8000,5,6,6,0,0,6,6,0.0000
4,276.0000,22,5,828.3087,-86.4957,-0.1831,11,0.2750,1.0000,8,2,2,0,0,2,2,0.0000
4,276.0000,22,7,616.3169,-84.4253,0.0922,12,0.3000,0.5000,6,6,4,0,0,6,4,0.3333
4,276.0000,22,8,548.8940,-85.6328,0.4848,7,0.1750,1.0000,6,7,6,0,0,7,6,0.1429
4,276.0000,22,10,332.4972,-79.4387,-0.9733,15,0.3750,0.8750,8,6,4,0,0,6,4,0.3333
4,276.0000,22,11,342.5631,-81.5560,0.4204,14,0.3500,0.5714,7,5,4,0,0,5,4,0.2000
4,276.0000,22,12,375.7541,-78.9484,-0.2127,28,0.7000,0.5000,4,5,2,0,0,5,2,0.6000
4,276.0000,22,14,805.9373,-87.2464,-1.9505,3,0.0750,1.0000,8,8,8,0,0,8,8,0.0000
4,276.0000,22,16,638.6135,-85.6223,-1.0951,4,0.1000,0.8750,8,8,8,0,0,8,8,0.0000
4,276.0000,22,17,88.9771,-63.2090,-0.4765,37,0.9250,0.2000,5,5,2,0,0,5,2,0.6000
4,276.0000,22,18,554.1966,-83.8313,-0.3265,8,0.2000,1.0000,8,6,6,0,0,6,6,0.0000
4,276.0000,22,20,319.8520,-80.0862,-0.4169,21,0.5250,0.4000,5,6,3,0,0,6,3,0.5000
4,276.0000,22,23,118.1781,-71.3505,-0.2805,32,0.8000,0.2000,5,5,1,0,0,5,1,0.8000
4,276.0000,22,24,589.1050,-84.7260,0.8635,6,0.1500,1.0000,8,8,8,0,0,8,8,0.0000
4,276.0000,22,26,579.2141,-84.8219,0.1112,14,0.3500,1.0000,8,2,2,0,0,2,2,0.0000
4,276.0000,22,27,743.1378,-87.2929,-0.7038,6,0.1500,1.0000,8,8,8,0,0,8,8,0.0000
4,276.0000,22,29,579.4370,-84.1196,-0.3605,19,0.4750,0.8571,7,8,8,0,0,8,8,0.0000
4,276.0000,22,31,823.0348,-87.6512,1.1804,3,0.0750,1.0000,8,8,8,0,0,8,8,0.0000
4,276.0000,22,33,566.7839,-85.1905,0.3166,15,0.3750,0.8750,8,8,8,0,0,8,8,0.0000
4,276.0000,22,34,659.5889,-84.8784,-0.4426,12,0.3000,0.5714,7,4,4,0,0,4,4,0.0000
4,276.0000,22,35,624.3087,-85.3444,0.0324,12,0.3000,0.8750,8,8,7,0,0,8,7,0.1250
4,276.0000,22,37,632.5567,-83.6427,0.1091,13,0.3250,1.0000,8,5,4,0,0,5,4,0.2000
4,276.0000,22,41,686.5668,-85.4000,-0.0074,14,0.3500,0.8571,7,4,4,0,0,4,4,0.0000
4,276.0000,22,43,266.1078,-78.4035,0.1501,29,0.7250,0.5714,7,3,0,0,0,3,0,1.0000
4,276.0000,22,45,105.6931,-73.2157,2.2390,29,0.7250,0.0000,4,4,0,0,0,4,0,1.0000
4,276.0000,23,2,176.2116,-76.4994,0.8682,33,0.8250,0.2857,7,6,2,0,0,6,2,0.6667
4,276.0000,23,3,294.0791,-78.9209,0.0277,30,0.7500,0.5714,7,5,1,0,0,5,1,0.8000
4,276.0000,23,4,771.6771,-87.9255,0.0054,6,0.1500,1.0000,8,8,8,0,0,8,8,0.0000
4,276.0000,23,5,886.5633,-87.4907,-1.7575,8,0.2000,1.0000,2,4,4,0,0,4,4,0.0000
4,276.0000,23,7,559.6697,-84.6910,-0.3991,16,0.4000,0.6667,6,7,6,0,0,7,6,0.1429
4,276.0000,23,8,511.2592,-84.4745,0.1100,8,0.2000,1.0000,6,7,6,0,0,7,6,0.1429
4,276.0000,23,10,423.1315,-81.6931,-1.2908,15,0.3750,0.7143,7,7,6,0,0,7,6,0.1429
4,276.0000,23,11,335.5717,-80.2217,0.1972,21,0.5250,0.5714,7,6,3,0,0,6,3,0.5000
4,276.0000,23,12,332.1789,-77.0558,-1.3916,30,0.7500,0.0000,4,8,7,0,0,8,7,0.1250
4,276.0000,23,14,883.9280,-87.2633,-0.3903,6,0.1500,0.8750,8,4,4,0,0,4,4,0.0000
4,276.0000,23,16,724.8061,-86.3433,0.8019,6,0.1500,1.0000,8,8,8,0,0,8,8,0.0000
4,276.0000,23,17,192.1564,-72.2119,-1.5071,35,0.8750,0.0000,4,6,3,0,0,6,3,0.5000
4,276.0000,23,18,634.9054,-85.9699,-0.1089,9,0.2250,0.7143,7,7,7,0,0,7,7,0.0000
4,276.0000,23,20,253.4730,-78.4726,0.6027,28,0.7000,0.0000,4,7,2,0,0,7,2,0.7143
4,276.0000,23,21,892.4498,-89.0708,-0.2863,3,0.0750,1.0000,4,8,8,0,0,8,8,0.0000
4,276.0000,23,22,118.1781,-71.4983,0.3874,36,0.9000,0.0000,4,4,0,0,0,4,0,1.0000
4,276.0000,23,24,558.9353,-85.0978,-0.0664,9,0.2250,1.0000,6,6,4,0,0,6,4,0.3333
4,276.0000,23,26,649.9730,-85.2949,0.6179,14,0.3500,0.7143,7,6,6,0,0,6,6,0.0000
4,276.0000,23,27,842.1845,-88.7561,0.3694,6,0.1500,1.0000,8,8,8,0,0,8,8,0.0000
4,276.0000,23,29,536.7331,-83.7818,-0.1757,23,0.5750,0.8571,7,8,7,0,0,8,7,0.1250
4,276.0000,23,31,858.1632,-87.4084,-0.5753,6,0.1500,0.8571,7,4,4,0,0,4,4,0.0000
4,276.0000,23,33,492.5766,-83.9095,0.1766,21,0.5250,0.8630,146,8,5,139,125,147,130,0.1156
4,276.0000,23,34,685.3142,-84.9122,-0.6799,18,0.4500,0.8571,7,8,8,0,0,8,8,0.0000
4,276.0000,23,35,677.4394,-86.0216,-0.2026,13,0.3250,0.8571,7,7,6,0,0,7,6,0.1429
4,276.0000,23,37,728.7426,-85.7485,-0.2317,8,0.2000,0.4000,5,6,6,0,0,6,6,0.0000
4,276.0000,23,38,995.8189,-88.4389,-1.0011,3,0.0750,1.0000,6,8,8,0,0,8,8,0.0000
4,276.0000,23,41,751.0572,-86.1866,-0.8850,13,0.3250,1.0000,8,6,6,0,0,6,6,0.0000
4,276.0000,23,43,265.2286,-76.7362,-0.5777,31,0.7750,0.0000,4,8,7,0,0,8,7,0.1250
4,276.0000,23,45,145.4036,-75.7965,2.0387,35,0.8750,0.2000,5,5,1,0,0,5,1,0.8000
4,276.0000,23,47,889.1471,-88.8300,-0.1426,3,0.0750,1.0000,8,7,6,0,0,7,6,0.1429
4,276.0000,24,1,763.9170,-86.7116,1.0026,3,0.0750,1.0000,8,8,8,0,0,8,8,0.0000
4,276.0000,24,2,535.5315,-84.3022,-0.0869,13,0.3250,0.8750,8,6,4,0,0,6,4,0.3333
4,276.0000,24,3,437.9548,-82.3861,0.7564,17,0.4250,0.8571,7,9,8,0,0,9,8,0.1111
4,276.0000,24,4,548.4320,-83.8809,0.3759,10,0.2500,1.0000,8,8,8,0,0,8,8,0.0000
4,276.0000,24,6,463.1167,-82.1060,-0.0676,19,0.4750,0.8571,7,8,7,0,0,8,7,0.1250
4,276.0000,24,7,875.2934,-86.9852,0.2144,6,0.1500,1.0000,6,6,6,0,0,6,6,0.0000
4,276.0000,24,8,322.5736,-80.1450,0.4029,26,0.6500,1.0000,8,5,2,0,0,5,2,0.6000
4,276.0000,24,10,536.7185,-82.6068,0.1154,10,0.2500,0.7143,7,8,8,0,0,8,8,0.0000
4,276.0000,24,11,272.1265,-76.8040,0.0919,26,0.6500,0.5000,6,8,8,0,0,8,8,0.0000
4,276.0000,24,12,818.6104,-87.6018,-0.0205,5,0.1250,1.0000,8,6,6,0,0,6,6,0.0000
4,276.0000,24,13,685.2665,-85.1794,-1.1692,7,0.1750,1.0000,8,7,6,0,0,7,6,0.1429
4,276.0000,24,14,711.3011,-85.2220,-0.7442,10,0.2500,0.7143,7,8,8,0,0,8,8,0.0000
4,276.0000,24,17,670.6581,-85.7200,-0.9153,9,0.2250,0.8571,7,8,7,0,0,8,7,0.1250
4,276.0000,24,18,626.9175,-83.7173,-1.5907,10,0.2500,0.8750,8,8,8,0,0,8,8,0.0000
4,276.0000,24,20,362.0425,-80.9112,0.1571,18,0.4500,1.0000,8,7,5,0,0,7,5,0.2857
4,276.0000,24,21,696.1902,-86.5652,-0.9163,6,0.1500,1.0000,8,6,6,0,0,6,6,0.0000
4,276.0000,24,22,589.1050,-84.6060,0.5542,10,0.2500,0.8571,7,8,8,0,0,8,8,0.0000
4,276.0000,24,23,558.9353,-84.7098,0.9092,11,0.2750,1.0000,8,8,7,0,0,8,7,0.1250
4,276.0000,24,25,566.8927,-84.7100,-0.4376,8,0.2000,1.0000,8,7,6,0,0,7,6,0.1429
4,276.0000,24,27,821.5627,-87.5784,-0.9552,6,0.1500,0.8750,8,8,8,0,0,8,8,0.0000
4,276.0000,24,29,904.5251,-86.8564,-0.5136,4,0.1000,1.0000,6,6,6,0,0,6,6,0.0000
4,276.0000,24,31,498.0698,-82.9832,-1.0302,14,0.3500,0.8571,7,8,8,0,0,8,8,0.0000
4,276.0000,24,32,358.8411,-82.1657,0.8342,14,0.3500,0.8571,7,6,4,0,0,6,4,0.3333
4,276.0000,24,33,812.3021,-87.0629,0.7181,6,0.1500,1.0000,4,8,7,0,0,8,7,0.1250
4,276.0000,24,34,989.9318,-88.1407,-0.6174,4,0.1000,1.0000,8,2,2,0,0,2,2,0.0000
4,276.0000,24,36,768.8109,-86.3703,0.9270,4,0.1000,1.0000,6,8,8,0,0,8,8,0.0000
4,276.0000,24,37,856.7589,-86.7105,-4.0475,3,0.0750,1.0000,4,6,6,0,0,6,6,0.0000
4,276.0000,24,42,632.3827,-85.4928,0.1378,9,0.2250,0.8750,8,8,8,0,0,8,8,0.0000
4,276.0000,24,43,682.5474,-85.0810,0.1096,7,0.1750,0.8750,8,8,8,0,0,8,8,0.0000
4,276.0000,24,44,950.8449,-87.6877,-0.4143,5,0.1250,0.7500,4,6,6,0,0,6,6,0.0000
4,276.0000,24,45,510.7815,-83.0296,0.0860,15,0.3750,0.8571,7,8,8,0,0,8,8,0.0000
4,276.0000,24,47,539.5283,-82.6651,-0.5014,11,0.2750,0.8889,9,5,4,0,0,5,4,0.2000
4,276.0000,25,0,907.9513,-87.6304,0.7745,4,0.1000,1.0000,6,4,4,0,0,4,4,0.0000
4,276.0000,25,1,215.3235,-75.8453,-0.1906,32,0.8000,0.2000,5,4,0,0,0,4,0,1.0000
4,276.0000,25,4,419.4154,-81.8057,0.3805,12,0.3000,0.7500,8,7,6,0,0,7,6,0.1429
4,276.0000,25,6,411.9368,-83.2690,1.0440,16,0.4000,0.7143,7,7,5,0,0,7,5,0.2857
4,276.0000,25,8,556.9587,-84.5984,0.5565,5,0.1250,0.8571,7,8,8,0,0,8,8,0.0000
4,276.0000,25,9,499.7933,-83.1486,-0.2996,19,0.4750,0.7143,7,8,7,0,0,8,7,0.1250
4,276.0000,25,13,142.9205,-69.5883,-1.1303,35,0.8750,0.0000,4,6,2,0,0,6,2,0.6667
4,276.0000,25,14,537.5104,-82.5801,0.8656,3,0.0750,0.8750,8,8,8,0,0,8,8,0.0000
4,276.0000,25,15,1122.0240,-88.9865,-0.5779,3,0.0750,1.0000,4,4,4,0,0,4,4,0.0000
4,276.0000,25,16,470.9801,-84.7604,0.1862,7,0.1750,1.0000,8,8,8,0,0,8,8,0.0000
4,276.0000,25,19,836.2339,-86.9239,1.3625,6,0.1500,1.0000,4,6,6,0,0,6,6,0.0000
4,276.0000,25,21,245.7918,-77.1475,0.4600,31,0.7750,0.2000,5,5,2,0,0,5,2,0.6000
4,276.0000,25,24,566.8927,-84.5699,0.7419,3,0.0750,1.0000,8,8,7,0,0,8,7,0.1250
4,276.0000,25,27,625.2695,-84.9097,-0.2218,8,0.2000,0.6667,6,8,8,0,0,8,8,0.0000
4,276.0000,25,28,735.4021,-86.4148,0.0874,7,0.1750,0.7500,8,6,4,0,0,6,4,0.3333
4,276.0000,25,30,726.3031,-87.4036,-2.1946,3,0.0750,1.0000,8,8,8,0,0,8,8,0.0000
4,276.0000,25,31,140.8986,-73.8590,1.0082,31,0.7750,0.2000,5,6,2,0,0,6,2,0.6667
4,276.0000,25,32,228.4186,-75.4423,-0.2888,35,0.8750,0.5000,6,7,3,0,0,7,3,0.5714
4,276.0000,25,36,261.5531,-78.8082,0.2799,31,0.7750,0.5000,6,5,1,0,0,5,1,0.8000
4,276.0000,25,38,575.9233,-84.2204,0.6524,8,0.2000,0.8571,7,8,8,0,0,8,8,0.0000
4,276.0000,25,39,828.5522,-86.7441,0.5839,9,0.2250,0.8571,7,4,4,0,0,4,4,0.0000
4,276.0000,25,40,1009.7191,-88.3010,0.4637,5,0.1250,1.0000,2,4,4,0,0,4,4,0.0000
4,276.0000,25,42,383.1235,-80.3884,-0.3826,25,0.6250,0.6667,6,7,6,0,0,7,6,0.1429
4,276.0000,25,44,482.3203,-83.0258,-0.3878,16,0.4000,0.4000,5,7,5,0,0,7,5,0.2857
4,276.0000,25,46,638.1579,-84.7509,0.0368,12,0.3000,1.0000,8,6,5,0,0,6,5,0.1667
4,276.0000,25,47,141.4440,-75.5164,1.5310,35,0.8750,0.5556,9,3,0,0,0,3,0,1.0000
4,276.0000,26,2,722.6894,-85.1082,-0.0048,4,0.1000,1.0000,8,8,8,0,0,8,8,0.0000
4,276.0000,26,5,280.2705,-78.2556,-0.1422,36,0.9000,0.2000,5,4,0,0,0,4,0,1.0000
4,276.0000,26,7,655.3210,-84.9953,-0.7353,10,0.2500,0.8571,7,8,8,0,0,8,8,0.0000
4,276.0000,26,10,641.6109,-85.3417,2.2134,6,0.1500,0.8750,8,8,7,0,0,8,7,0.1250
4,276.0000,26,12,541.1086,-85.7885,0.1152,9,0.2250,0.8750,8,6,3,0,0,6,3,0.5000
4,276.0000,26,16,890.5377,-86.9283,-4.7727,3,0.0750,0.8750,8,8,8,0,0,8,8,0.0000
4,276.0000,26,17,526.0308,-85.2791,1.5374,5,0.1250,0.6667,6,6,6,0,0,6,6,0.0000
4,276.0000,26,18,628.9687,-84.4823,5.1255,4,0.1000,0.8571,7,8,8,0,0,8,8,0.0000
4,276.0000,26,20,871.8523,-88.0456,1.0104,3,0.0750,1.0000,8,6,6,0,0,6,6,0.0000
4,276.0000,26,22,579.2141,-84.4613,-1.1746,6,0.1500,0.7143,7,8,8,0,0,8,8,0.0000
4,276.0000,26,23,649.9730,-84.9761,-0.4087,6,0.1500,0.8750,8,8,8,0,0,8,8,0.0000
4,276.0000,26,29,570.7811,-84.0780,0.7676,9,0.2250,0.8571,7,8,8,0,0,8,8,0.0000
4,276.0000,26,33,707.9628,-87.3741,-0.7800,5,0.1250,1.0000,8,8,8,0,0,8,8,0.0000
4,276.0000,26,34,311.7189,-79.3547,0.6929,21,0.5250,0.6667,6,5,1,0,0,5,1,0.8000
4,276.0000,26,35,123.7036,-70.8766,0.3261,35,0.8750,0.4000,5,5,1,0,0,5,1,0.8000
4,276.0000,26,37,472.4250,-81.7896,0.0036,15,0.3750,0.4000,5,7,5,0,0,7,5,0.2857
4,276.0000,26,38,1046.2590,-88.6268,3.7851,3,0.0750,1.0000,8,4,4,0,0,4,4,0.0000
4,276.0000,26,41,118.5731,-72.2930,0.5928,37,0.9250,0.0000,4,4,0,0,0,4,0,1.0000
4,276.0000,26,43,443.4655,-82.6895,0.4547,7,0.1750,0.8571,7,8,7,0,0,8,7,0.1250
4,276.0000,26,45,671.2400,-85.0836,-4.4173,3,0.0750,1.0000,8,7,6,0,0,7,6,0.1429
4,276.0000,27,1,687.6750,-85.7297,-0.5902,8,0.2051,1.0000,8,6,4,0,0,6,4,0.3333
4,276.0000,27,4,876.8374,-89.0163,0.0569,3,0.0769,1.0000,8,8,8,0,0,8,8,0.0000
4,276.0000,27,5,1029.6350,-87.4293,0.7826,3,0.0769,,0,4,4,0,0,4,4,0.0000
4,276.0000,27,8,867.5107,-86.6457,1.5541,3,0.0769,1.0000,6,4,4,0,0,4,4,0.0000
4,276.0000,27,9,561.6156,-84.1826,0.1112,13,0.3333,1.0000,8,8,8,0,0,8,8,0.0000
4,276.0000,27,10,422.4020,-84.4940,1.6246,5,0.1282,0.8571,7,7,6,0,0,7,6,0.1429
4,276.0000,27,11,703.5110,-86.8869,-0.0119,4,0.1026,0.8571,7,8,8,0,0,8,8,0.0000
4,276.0000,27,13,718.3673,-86.6466,0.5732,3,0.0769,1.0000,8,8,7,0,0,8,7,0.1250
4,276.0000,27,14,253.3238,-77.6694,0.3734,26,0.6667,0.4000,5,7,3,0,0,7,3,0.5714
4,276.0000,27,16,189.8646,-71.7896,-1.3088,34,0.8718,0.0000,4,6,3,0,0,6,3,0.5000
4,276.0000,27,17,732.3464,-87.2794,-1.0657,3,0.0769,1.0000,8,6,4,0,0,6,4,0.3333
4,276.0000,27,18,383.9869,-80.6866,0.0408,11,0.2821,1.0000,8,10,9,0,0,10,9,0.1000
4,276.0000,27,20,856.8419,-88.8957,-0.7257,3,0.0769,0.8750,8,8,8,0,0,8,8,0.0000
4,276.0000,27,21,623.7736,-84.8547,-1.0561,6,0.1538,0.6667,6,8,8,0,0,8,8,0.0000
4,276.0000,27,22,743.1378,-87.0763,0.6667,4,0.1026,1.0000,8,8,8,0,0,8,8,0.0000
4,276.0000,27,23,842.1845,-88.6063,-0.6994,4,0.1026,1.0000,8,8,8,0,0,8,8,0.0000
4,276.0000,27,24,821.5627,-88.7483,0.4462,3,0.0769,1.0000,8,7,6,0,0,7,6,0.1429
4,276.0000,27,25,625.2695,-84.4477,-1.4073,4,0.1026,0.8571,7,6,6,0,0,6,6,0.0000
4,276.0000,27,30,899.2143,-87.1064,-0.5914,3,0.0769,1.0000,4,4,4,0,0,4,4,0.0000
4,276.0000,27,31,562.0141,-83.6097,-0.7957,6,0.1538,0.8750,8,8,8,0,0,8,8,0.0000
4,276.0000,27,32,655.1945,-85.1990,-0.8193,6,0.1538,0.7143,7,8,8,0,0,8,8,0.0000
4,276.0000,27,36,841.4366,-86.6389,-0.5203,4,0.1026,0.8750,8,7,5,0,0,7,5,0.2857
4,276.0000,27,37,465.9876,-82.8383,0.8982,8,0.2051,0.8750,8,8,7,0,0,8,7,0.1250
4,276.0000,27,38,192.4668,-71.8486,-1.6864,35,0.8974,0.1667,6,5,2,0,0,5,2,0.6000
4,276.0000,27,44,426.3355,-82.2096,-0.6022,19,0.4872,0.8750,8,8,7,0,0,8,7,0.1250
4,276.0000,27,45,712.4944,-86.6129,-0.7849,3,0.0769,1.0000,8,6,6,0,0,6,6,0.0000
4,276.0000,27,47,546.8330,-83.1506,-1.0242,9,0.2308,0.7143,7,8,8,0,0,8,8,0.0000
4,276.0000,28,0,376.1885,-81.7073,0.7059,29,0.7250,0.7143,7,6,3,0,0,6,3,0.5000
4,276.0000,28,1,533.8656,-83.5563,0.1052,6,0.1500,0.6667,6,8,7,0,0,8,7,0.1250
4,276.0000,28,9,626.8862,-83.9474,-0.4421,4,0.1000,1.0000,8,8,8,0,0,8,8,0.0000
4,276.0000,28,13,596.2703,-82.1262,-0.1319,4,0.1000,1.0000,14,8,7,0,0,8,7,0.1250
4,276.0000,28,15,392.8112,-80.5051,-0.9550,37,0.9250,0.2000,5,7,3,0,0,7,3,0.5714
4,276.0000,28,19,318.5954,-80.7951,0.2360,32,0.8000,0.0000,4,6,3,0,0,6,3,0.5000
4,276.0000,28,25,735.4021,-86.8606,-0.3148,4,0.1000,1.0000,8,8,8,0,0,8,8,0.0000
4,276.0000,28,30,418.0068,-81.4665,0.4593,25,0.6250,0.3333,6,8,7,0,0,8,7,0.1250
4,276.0000,28,36,543.8578,-85.3659,-0.0908,7,0.1750,1.0000,8,7,5,0,0,7,5,0.2857
4,276.0000,28,39,236.4314,-76.6929,-0.3284,34,0.8500,0.3333,6,5,2,0,0,5,2,0.6000
4,276.0000,28,40,428.8193,-81.5328,-0.1005,28,0.7000,0.2000,5,6,3,0,0,6,3,0.5000
4,276.0000,28,44,752.4080,-86.0883,-0.4897,4,0.1000,1.0000,8,8,8,0,0,8,8,0.0000
4,276.0000,28,46,97.3057,-68.4572,0.0013,32,0.8000,0.0000,4,6,1,0,0,6,1,0.8333
4,276.0000,29,2,456.3937,-82.4928,-0.2873,14,0.3500,0.6667,6,6,4,0,0,6,4,0.3333
4,276.0000,29,3,578.4909,-83.5664,-1.4323,10,0.2500,0.9000,10,6,6,0,0,6,6,0.0000
4,276.0000,29,5,668.9227,-85.4898,-0.3070,7,0.1750,0.6667,6,4,3,0,0,4,3,0.2500
4,276.0000,29,7,100.2220,-67.1044,0.4395,35,0.8750,0.3333,6,5,2,0,0,5,2,0.6000
4,276.0000,29,10,818.8953,-85.9557,-0.4111,4,0.1000,1.0000,8,8,8,0,0,8,8,0.0000
4,276.0000,29,11,693.6990,-86.3940,-0.4811,4,0.1000,1.0000,146,8,8,78,78,86,86,0.0000
4,276.0000,29,12,255.8066,-77.2048,-0.2915,24,0.6000,0.2000,5,7,4,0,0,7,4,0.4286
4,276.0000,29,17,592.1132,-82.3661,-1.5565,9,0.2250,0.7500,8,8,7,0,0,8,7,0.1250
4,276.0000,29,18,876.8803,-88.7764,-0.1189,3,0.0750,1.0000,6,8,8,0,0,8,8,0.0000
4,276.0000,29,20,716.6287,-84.7959,0.7946,6,0.1500,0.9091,11,8,8,0,0,8,8,0.0000
4,276.0000,29,22,579.4370,-85.2193,-0.6064,8,0.2000,0.8571,7,8,7,66,66,74,73,0.0135
4,276.0000,29,23,536.7331,-82.3993,0.6080,11,0.2750,0.5000,6,8,8,0,0,8,8,0.0000
4,276.0000,29,26,570.7811,-84.4874,0.7389,10,0.2500,0.8750,8,8,8,0,0,8,8,0.0000
4,276.0000,29,33,175.0676,-75.2296,0.4040,33,0.8250,0.2000,5,5,1,0,0,5,1,0.8000
4,276.0000,29,34,393.5885,-81.4894,0.4800,22,0.5500,0.4000,5,7,5,0,0,7,5,0.2857
4,276.0000,29,35,498.4019,-84.0426,0.8457,14,0.3500,0.8571,7,7,6,0,0,7,6,0.1429
4,276.0000,29,41,602.9262,-85.7465,-0.1645,8,0.2000,0.8571,7,8,8,0,0,8,8,0.0000
4,276.0000,29,43,333.1649,-76.7644,-1.9768,23,0.5750,0.5714,7,8,7,0,0,8,7,0.1250
4,276.0000,29,45,659.3156,-86.0682,0.0951,6,0.1500,1.0000,8,8,8,0,0,8,8,0.0000
4,276.0000,30,0,257.1262,-76.1867,-0.8443,36,0.9000,0.0000,4,4,0,0,0,4,0,1.0000
4,276.0000,30,1,535.8530,-85.0652,0.9154,6,0.1500,0.8750,8,7,6,0,0,7,6,0.1429
4,276.0000,30,9,342.0754,-80.0134,0.5025,17,0.4250,0.6667,6,5,1,0,0,5,1,0.8000
4,276.0000,30,15,702.5907,-85.2247,-0.5672,22,0.5500,0.4000,5,7,6,0,0,7,6,0.1429
4,276.0000,30,19,726.3545,-85.8484,0.4334,8,0.2000,1.0000,8,7,6,0,0,7,6,0.1429
4,276.0000,30,21,704.4608,-87.0738,0.9789,4,0.1000,1.0000,8,8,8,0,0,8,8,0.0000
4,276.0000,30,25,726.3031,-86.4269,0.7806,3,0.0750,1.0000,8,8,8,0,0,8,8,0.0000
4,276.0000,30,28,418.0068,-81.9853,0.6050,22,0.5500,0.7778,9,7,5,0,0,7,5,0.2857
4,276.0000,30,36,631.9808,-85.7934,1.4343,5,0.1250,0.6667,6,8,8,0,0,8,8,0.0000
4,276.0000,30,39,335.5345,-80.4063,-0.0998,29,0.7250,0.7143,7,4,0,0,0,4,0,1.0000
4,276.0000,30,40,336.3083,-79.8083,-0.8185,30,0.7500,0.2000,5,6,3,0,0,6,3,0.5000
4,276.0000,30,44,476.6720,-82.8578,-0.3344,11,0.2750,1.0000,8,7,5,0,0,7,5,0.2857
4,276.0000,30,46,395.9479,-81.2942,0.3827,25,0.6250,0.8750,8,7,5,0,0,7,5,0.2857
4,276.0000,31,1,287.2069,-80.0579,1.2652,25,0.6098,0.2000,5,6,2,0,0,6,2,0.6667
4,276.0000,31,2,924.0417,-88.7890,-1.2889,3,0.0732,,0,6,6,0,0,6,6,0.0000
4,276.0000,31,3,874.2273,-88.1257,0.7521,4,0.0976,0.7143,7,6,6,0,0,6,6,0.0000
4,276.0000,31,4,502.7388,-83.3321,-0.1984,14,0.3415,0.8571,7,6,4,0,0,6,4,0.3333
4,276.0000,31,6,415.1292,-82.2191,-0.3230,25,0.6098,0.8750,8,7,6,0,0,7,6,0.1429
4,276.0000,31,8,562.4883,-85.2001,0.8909,9,0.2195,1.0000,4,8,6,0,0,8,6,0.2500
4,276.0000,31,9,536.9719,-84.1853,0.7745,14,0.3415,0.7500,8,6,4,0,0,6,4,0.3333
4,276.0000,31,10,574.1684,-84.5602,-0.1318,10,0.2439,0.8750,8,7,6,0,0,7,6,0.1429
4,276.0000,31,11,595.7638,-85.4654,-0.2828,6,0.1463,1.0000,8,8,8,0,0,8,8,0.0000
4,276.0000,31,13,250.3927,-78.2079,-0.3593,32,0.7805,0.5304,115,5,2,109,52,114,54,0.5263
4,276.0000,31,14,432.4517,-81.9109,-0.0374,16,0.3902,0.7500,8,7,5,0,0,7,5,0.2857
4,276.0000,31,16,417.8699,-83.8384,0.6708,11,0.2683,0.6667,6,6,4,0,0,6,4,0.3333
4,276.0000,31,17,869.9609,-87.1010,0.0756,6,0.1463,1.0000,8,4,3,0,0,4,3,0.2500
4,276.0000,31,18,616.1413,-85.3204,-0.5166,10,0.2439,0.7143,7,7,6,0,0,7,6,0.1429
4,276.0000,31,20,707.7397,-86.0175,-0.2476,8,0.1951,1.0000,8,8,8,0,0,8,8,0.0000
4,276.0000,31,21,356.2575,-80.6193,-0.0950,24,0.5854,1.0000,8,7,6,0,0,7,6,0.1429
4,276.0000,31,23,858.1632,-87.5242,0.1153,4,0.0976,1.0000,8,6,6,0,0,6,6,0.0000
4,276.0000,31,24,498.0698,-81.1302,-0.6653,13,0.3171,1.0000,6,8,8,0,0,8,8,0.0000
4,276.0000,31,25,140.8986,-73.2817,0.8426,36,0.8780,0.0000,4,4,0,0,0,4,0,1.0000
4,276.0000,31,27,562.0141,-84.3191,-0.9740,10,0.2439,0.6667,6,8,8,0,0,8,8,0.0000
4,276.0000,31,28,812.4532,-85.1211,0.2426,3,0.0732,,0,5,4,0,0,5,4,0.2000
4,276.0000,31,30,790.7290,-85.9652,0.1384,3,0.0732,1.0000,4,6,3,0,0,6,3,0.5000
4,276.0000,31,32,152.5891,-65.8016,-3.7137,40,0.9756,0.0000,4,6,4,0,0,6,4,0.3333
4,276.0000,31,36,387.2542,-82.7762,0.0716,23,0.5610,0.8571,7,6,4,0,0,6,4,0.3333
4,276.0000,31,37,850.9556,-87.3107,-0.3521,6,0.1463,1.0000,6,4,4,0,0,4,4,0.0000
4,276.0000,31,38,518.1930,-83.7876,0.4002,13,0.3171,1.0000,8,6,4,0,0,6,4,0.3333
4,276.0000,31,42,487.6518,-82.3888,-0.7306,22,0.5366,1.0000,8,8,8,0,0,8,8,0.0000
4,276.0000,31,44,497.0363,-83.8413,0.3381,15,0.3659,0.6667,6,7,6,0,0,7,6,0.1429
4,276.0000,31,45,736.1294,-87.0425,0.3346,5,0.1220,0.8750,8,6,6,0,0,6,6,0.0000
4,276.0000,31,46,716.4242,-86.2854,-1.4318,5,0.1220,1.0000,2,8,8,0,0,8,8,0.0000
4,276.0000,31,47,42.8654,-68.1249,2.6485,37,0.9024,0.4000,5,5,1,0,0,5,1,0.8000
4,276.0000,32,1,407.3920,-80.8053,-0.2439,23,0.5750,0.8571,7,6,4,0,0,6,4,0.3333
4,276.0000,32,2,825.9451,-87.6013,0.0149,7,0.1750,1.0000,6,8,8,0,0,8,8,0.0000
4,276.0000,32,3,757.4539,-87.4568,-0.9281,7,0.1750,1.0000,8,8,8,0,0,8,8,0.0000
4,276.0000,32,4,451.7888,-83.0736,0.1563,16,0.4000,0.7143,7,6,3,0,0,6,3,0.5000
4,276.0000,32,6,313.6646,-81.9792,1.1856,23,0.5750,0.4000,5,5,2,0,0,5,2,0.6000
4,276.0000,32,8,453.9340,-83.9027,0.5141,15,0.3750,1.0000,6,6,4,0,0,6,4,0.3333
4,276.0000,32,9,687.2335,-86.2259,-0.3508,16,0.4000,1.0000,8,4,4,0,0,4,4,0.0000
4,276.0000,32,10,566.4453,-86.4748,0.0418,12,0.3000,0.8571,7,7,6,0,0,7,6,0.1429
4,276.0000,32,11,504.4555,-83.9810,1.0222,10,0.2500,1.0000,2,7,6,0,0,7,6,0.1429
4,276.0000,32,13,339.3339,-77.8766,-0.4260,31,0.7750,0.7500,8,7,6,0,0,7,6,0.1429
4,276.0000,32,14,520.6002,-83.3100,-0.4402,17,0.4250,0.7778,9,7,6,0,0,7,6,0.1429
4,276.0000,32,16,497.3586,-84.2185,-0.4818,11,0.2750,0.7143,7,7,5,0,0,7,5,0.2857
4,276.0000,32,17,827.2159,-87.3831,-0.8643,7,0.1750,0.7500,4,6,6,0,0,6,6,0.0000
4,276.0000,32,18,626.8218,-86.2774,-0.8520,10,0.2500,0.7143,7,7,5,0,0,7,5,0.2857
4,276.0000,32,19,977.2899,-87.4459,-0.4209,6,0.1500,1.0000,2,2,2,0,0,2,2,0.0000
4,276.0000,32,20,606.7107,-86.3892,-0.1848,11,0.2750,1.0000,10,7,6,0,0,7,6,0.1429
4,276.0000,32,21,430.0005,-82.4642,0.2621,20,0.5000,0.5714,7,7,6,0,0,7,6,0.1429
4,276.0000,32,22,767.7678,-86.9310,0.1429,8,0.2000,1.0000,6,8,8,0,0,8,8,0.0000
4,276.0000,32,23,783.7269,-88.0612,0.3229,7,0.1750,0.6667,3,8,8,0,0,8,8,0.0000
4,276.0000,32,24,358.8411,-81.8867,1.3633,13,0.3250,1.0000,8,6,3,0,0,6,3,0.5000
4,276.0000,32,25,228.4186,-74.8257,-0.5949,35,0.8750,0.0000,4,5,2,0,0,5,2,0.6000
4,276.0000,32,27,655.1945,-85.1041,-0.9829,16,0.4000,1.0000,8,7,6,0,0,7,6,0.1429
4,276.0000,32,28,912.4606,-86.6190,-0.6066,9,0.2250,,0,4,4,0,0,4,4,0.0000
4,276.0000,32,30,931.5957,-87.9623,-0.7457,6,0.1500,1.0000,4,8,8,0,0,8,8,0.0000
4,276.0000,32,31,152.5891,-64.8040,-4.1056,37,0.9250,0.0000,4,6,3,0,0,6,3,0.5000
4,276.0000,32,36,448.9787,-82.8981,-0.1001,20,0.5000,1.0000,8,8,8,0,0,8,8,0.0000
4,276.0000,32,37,873.3932,-88.4319,0.1100,6,0.1500,1.0000,6,6,6,0,0,6,6,0.0000
4,276.0000,32,38,641.8288,-85.5061,-0.5450,13,0.3250,0.6667,6,8,8,0,0,8,8,0.0000
4,276.0000,32,39,1000.6041,-88.9093,0.2964,3,0.0750,1.0000,8,2,2,0,0,2,2,0.0000
4,276.0000,32,42,448.8727,-81.6695,-0.3209,25,0.6250,0.6667,6,8,8,0,0,8,8,0.0000
4,276.0000,32,43,920.4812,-88.8277,-0.4463,3,0.0750,1.0000,2,8,8,0,0,8,8,0.0000
4,276.0000,32,44,644.7985,-86.4431,-0.2335,15,0.3750,0.8571,7,8,8,0,0,8,8,0.0000
4,276.0000,32,45,677.0412,-86.8219,-0.3336,11,0.2750,0.8571,7,6,5,0,0,6,5,0.1667
4,276.0000,32,46,817.3115,-87.0247,0.4253,7,0.1750,1.0000,2,6,6,0,0,6,6,0.0000
4,276.0000,32,47,194.5627,-73.4494,-0.2906,36,0.9000,0.4000,5,6,3,0,0,6,3,0.5000
4,276.0000,33,2,364.1958,-81.1262,-0.0403,15,0.3750,0.6667,6,7,6,0,0,7,6,0.1429
4,276.0000,33,3,452.7789,-82.7370,0.5277,15,0.3750,0.6667,6,7,5,0,0,7,5,0.2857
4,276.0000,33,5,826.2592,-86.8972,-1.7755,3,0.0750,1.0000,6,4,4,0,0,4,4,0.0000
4,276.0000,33,7,115.9572,-73.7102,1.3371,28,0.7000,0.2000,5,5,1,0,0,5,1,0.8000
4,276.0000,33,8,882.4916,-88.5237,-0.0193,3,0.0750,1.0000,6,8,8,0,0,8,8,0.0000
4,276.0000,33,11,637.2459,-86.9552,1.3818,4,0.1000,1.0000,10,7,5,0,0,7,5,0.2857
4,276.0000,33,12,276.8306,-80.1116,-0.0423,22,0.5500,0.7143,7,5,2,0,0,5,2,0.6000
4,276.0000,33,17,602.2493,-85.0849,-0.8612,7,0.1750,1.0000,8,8,7,0,0,8,7,0.1250
4,276.0000,33,20,624.6389,-87.1577,0.4854,4,0.1000,1.0000,8,8,8,0,0,8,8,0.0000
4,276.0000,33,22,566.7839,-84.7861,-0.7140,8,0.2000,1.0000,8,8,8,0,0,8,8,0.0000
4,276.0000,33,23,492.5766,-84.1436,-0.3758,9,0.2250,0.5714,7,8,7,0,0,8,7,0.1250
4,276.0000,33,24,812.3021,-88.0774,0.2912,4,0.1000,1.0000,8,6,6,0,0,6,6,0.0000
4,276.0000,33,26,707.9628,-86.9957,0.5100,3,0.0750,1.0000,8,8,7,0,0,8,7,0.1250
4,276.0000,33,29,175.0676,-74.6530,0.2297,32,0.8000,0.4000,5,4,0,0,0,4,0,1.0000
4,276.0000,33,34,541.0546,-85.2256,-0.0429,12,0.3000,1.0000,8,6,4,0,0,6,4,0.3333
4,276.0000,33,35,648.4658,-86.1502,-0.2514,6,0.1500,1.0000,6,7,6,0,0,7,6,0.1429
4,276.0000,33,41,756.4570,-87.2345,-0.4575,4,0.1000,0.8750,8,8,8,0,0,8,8,0.0000
4,276.0000,33,43,364.3995,-80.4071,0.3123,14,0.3500,0.8750,8,8,7,0,0,8,7,0.1250
4,276.0000,33,45,625.8649,-85.0900,0.6909,5,0.1250,1.0000,8,7,6,0,0,7,6,0.1429
4,276.0000,34,2,680.5349,-86.5878,-0.5701,6,0.1500,1.0000,6,8,8,0,0,8,8,0.0000
4,276.0000,34,3,811.2371,-86.3115,-0.7900,9,0.2250,1.0000,8,8,8,0,0,8,8,0.0000
4,276.0000,34,5,296.6942,-78.8920,-0.3982,36,0.9000,0.2000,5,7,5,0,0,7,5,0.2857
4,276.0000,34,7,454.0480,-82.4772,0.0536,21,0.5250,0.3333,6,5,4,0,0,5,4,0.2000
4,276.0000,34,10,757.5621,-86.1706,1.0255,7,0.1750,0.7143,7,7,6,0,0,7,6,0.1429
4,276.0000,34,11,749.6649,-85.0129,0.1934,5,0.1250,1.0000,8,8,8,0,0,8,8,0.0000
4,276.0000,34,12,505.7789,-83.4071,0.1081,17,0.4250,0.8750,8,8,7,0,0,8,7,0.1250
4,276.0000,34,16,1034.2038,-88.9796,-0.2649,4,0.1000,1.0000,8,8,8,0,0,8,8,0.0000
4,276.0000,34,17,644.2668,-85.7580,0.1933,9,0.2250,1.0000,8,8,8,0,0,8,8,0.0000
4,276.0000,34,18,704.0269,-85.9284,-1.0912,8,0.2000,1.0000,8,6,6,0,0,6,6,0.0000
4,276.0000,34,20,878.5273,-86.5775,-1.2552,3,0.0750,1.0000,8,8,8,0,0,8,8,0.0000
4,276.0000,34,22,659.5889,-85.2079,-0.3771,9,0.2250,1.0000,8,8,8,0,0,8,8,0.0000
4,276.0000,34,23,685.3142,-84.9345,-1.0115,8,0.2000,0.8333,6,8,8,0,0,8,8,0.0000
4,276.0000,34,24,989.9318,-87.8341,-0.1540,5,0.1250,1.0000,8,2,2,0,0,2,2,0.0000
4,276.0000,34,26,311.7189,-80.1234,-0.1239,30,0.7500,0.4286,7,6,2,0,0,6,2,0.6667
4,276.0000,34,29,393.5885,-81.2784,0.1783,25,0.6250,0.8750,8,6,4,0,0,6,4,0.3333
4,276.0000,34,33,541.0546,-84.4880,0.9156,15,0.3750,1.0000,8,7,6,0,0,7,6,0.1429
4,276.0000,34,35,198.2647,-76.7983,1.1205,36,0.9000,0.6667,6,5,1,0,0,5,1,0.8000
4,276.0000,34,37,609.1542,-84.9421,-0.0027,10,0.2500,1.0000,8,5,4,0,0,5,4,0.2000
4,276.0000,34,41,322.9280,-80.4160,0.4121,30,0.7500,0.6667,6,5,1,0,0,5,1,0.8000
4,276.0000,34,43,421.9458,-82.3074,-0.5957,18,0.4500,0.7143,7,8,8,0,0,8,8,0.0000
4,276.0000,34,45,745.4120,-87.3521,0.0081,7,0.1750,1.0000,8,7,6,0,0,7,6,0.1429
4,276.0000,35,2,720.5841,-86.5061,1.1261,4,0.1026,1.0000,8,8,8,0,0,8,8,0.0000
4,276.0000,35,5,219.4750,-73.2104,-1.2792,35,0.8974,0.0000,4,4,0,0,0,4,0,1.0000
4,276.0000,35,7,580.0449,-85.4695,0.1785,11,0.2821,1.0000,8,8,7,0,0,8,7,0.1250
4,276.0000,35,10,707.7672,-86.4154,-0.3506,4,0.1026,0.7143,7,8,8,0,0,8,8,0.0000
4,276.0000,35,11,780.8688,-86.2413,0.8942,3,0.0769,1.0000,8,8,7,0,0,8,7,0.1250
4,276.0000,35,12,523.6513,-82.7100,0.2505,9,0.2308,1.0000,8,7,6,0,0,7,6,0.1429
4,276.0000,35,17,583.6693,-85.1921,1.2596,6,0.1538,0.7143,7,7,6,0,0,7,6,0.1429
4,276.0000,35,18,676.5849,-86.4470,-0.0414,6,0.1538,1.0000,8,8,8,0,0,8,8,0.0000
4,276.0000,35,22,624.3087,-85.6167,0.0134,6,0.1538,1.0000,8,6,4,0,0,6,4,0.3333
4,276.0000,35,23,677.4394,-86.1222,-0.3155,7,0.1795,1.0000,8,8,8,0,0,8,8,0.0000
4,276.0000,35,26,123.7036,-71.7694,0.3345,32,0.8205,0.0000,4,5,1,0,0,5,1,0.8000
4,276.0000,35,29,498.4019,-84.3096,-0.1995,14,0.3590,0.8000,5,7,6,0,0,7,6,0.1429
4,276.0000,35,33,648.4658,-86.9278,-0.3612,5,0.1282,1.0000,8,7,6,0,0,7,6,0.1429
4,276.0000,35,34,198.2647,-76.8602,1.4123,30,0.7692,0.0000,4,5,1,0,0,5,1,0.8000
4,276.0000,35,37,534.2648,-83.4723,-0.0149,15,0.3846,1.0000,8,8,8,0,0,8,8,0.0000
4,276.0000,35,41,132.5017,-70.8196,-0.4735,36,0.9231,0.0000,4,4,0,0,0,4,0,1.0000
4,276.0000,35,43,438.7158,-83.4900,0.9202,9,0.2308,0.8571,7,7,6,0,0,7,6,0.1429
4,276.0000,35,45,717.7387,-86.0339,-0.2726,6,0.1538,1.0000,8,8,8,0,0,8,8,0.0000
4,276.0000,36,0,750.1847,-87.2917,0.8529,6,0.1538,1.0000,6,5,3,0,0,5,3,0.4000
4,276.0000,36,1,214.6689,-77.0093,0.4577,28,0.7179,0.2000,5,4,0,0,0,4,0,1.0000
4,276.0000,36,4,469.7202,-83.3241,0.4532,10,0.2564,1.0000,8,8,7,0,0,8,7,0.1250
4,276.0000,36,6,463.1674,-83.7604,0.6487,11,0.2821,0.8571,7,8,6,0,0,8,6,0.2500
4,276.0000,36,8,707.8438,-86.1905,-0.0574,4,0.1026,1.0000,6,8,8,0,0,8,8,0.0000
4,276.0000,36,9,531.4606,-85.2329,-0.6193,9,0.2308,0.7143,7,8,7,0,0,8,7,0.1250
4,276.0000,36,13,147.2958,-74.0955,0.6454,28,0.7179,0.3333,6,4,0,0,0,4,0,1.0000
4,276.0000,36,14,766.4849,-87.3549,0.3698,3,0.0769,1.0000,8,7,6,0,0,7,6,0.1429
4,276.0000,36,15,912.4312,-88.4572,-0.5653,6,0.1538,1.0000,6,5,4,0,0,5,4,0.2000
4,276.0000,36,16,700.2819,-87.5632,0.0720,5,0.1282,1.0000,8,8,8,0,0,8,8,0.0000
4,276.0000,36,19,605.7817,-84.7605,-0.5988,17,0.4359,0.7500,8,7,6,0,0,7,6,0.1429
4,276.0000,36,20,936.9047,-88.4412,0.9057,4,0.1026,1.0000,8,8,8,0,0,8,8,0.0000
4,276.0000,36,21,322.6593,-80.0585,0.7350,15,0.3846,0.3333,6,7,3,0,0,7,3,0.5714
4,276.0000,36,24,768.8109,-87.7942,0.7753,4,0.1026,1.0000,8,7,6,0,0,7,6,0.1429
4,276.0000,36,25,261.5531,-78.1819,0.9043,25,0.6410,0.5714,7,6,4,0,0,6,4,0.3333
4,276.0000,36,28,543.8578,-85.1488,0.8596,14,0.3590,0.8571,7,7,6,0,0,7,6,0.1429
4,276.0000,36,30,631.9808,-85.9598,1.0803,7,0.1795,1.0000,8,7,5,0,0,7,5,0.2857
4,276.0000,36,31,387.2542,-81.8515,1.3252,10,0.2564,0.8571,7,6,4,0,0,6,4,0.3333
4,276.0000,36,32,448.9787,-82.1436,-0.6631,15,0.3846,0.7500,8,8,8,0,0,8,8,0.0000
4,276.0000,36,38,761.8489,-87.8107,-0.2173,5,0.1282,1.0000,4,8,8,0,0,8,8,0.0000
4,276.0000,36,39,694.2458,-85.4129,-0.0550,13,0.3333,0.6667,6,8,8,0,0,8,8,0.0000
4,276.0000,36,40,854.2630,-87.5493,-0.3196,4,0.1026,0.8750,8,8,8,0,0,8,8,0.0000
4,276.0000,36,42,318.5321,-79.8529,0.2328,22,0.5641,0.4000,5,6,4,0,0,6,4,0.3333
4,276.0000,36,44,576.9553,-85.5522,-0.2366,10,0.2564,1.0000,8,8,8,0,0,8,8,0.0000
4,276.0000,36,46,451.9226,-83.3499,0.7886,16,0.4103,1.0000,8,7,6,0,0,7,6,0.1429
4,276.0000,36,47,378.6568,-83.0483,-0.1416,13,0.3333,0.7143,7,5,2,0,0,5,2,0.6000
4,276.0000,37,2,824.5751,-88.2575,0.2897,5,0.1250,1.0000,6,6,6,0,0,6,6,0.0000
4,276.0000,37,5,576.0011,-84.4572,0.3110,17,0.4250,0.8750,8,4,4,0,0,4,4,0.0000
4,276.0000,37,7,921.1315,-87.6420,0.2219,7,0.1750,1.0000,8,8,8,0,0,8,8,0.0000
4,276.0000,37,10,432.9818,-81.3051,-0.0851,11,0.2750,0.8750,8,8,8,0,0,8,8,0.0000
4,276.0000,37,11,644.5077,-85.5992,-0.0656,4,0.1000,1.0000,8,8,8,0,0,8,8,0.0000
4,276.0000,37,12,817.8193,-86.5381,-1.1474,6,0.1500,1.0000,8,4,4,0,0,4,4,0.0000
4,276.0000,37,14,515.2956,-83.8607,0.1264,10,0.2500,1.0000,8,8,7,0,0,8,7,0.1250
4,276.0000,37,16,540.8764,-83.0128,0.3956,10,0.2500,0.8571,7,8,8,0,0,8,8,0.0000
4,276.0000,37,17,608.4745,-84.7089,0.6754,6,0.1500,1.0000,8,8,8,0,0,8,8,0.0000
4,276.0000,37,18,251.0914,-78.3240,0.5560,25,0.6250,0.5000,6,5,1,0,0,5,1,0.8000
4,276.0000,37,20,843.7901,-86.9060,-0.0023,3,0.0750,1.0000,8,6,6,0,0,6,6,0.0000
4,276.0000,37,22,632.5567,-85.4886,0.0310,7,0.1750,1.0000,8,8,8,0,0,8,8,0.0000
4,276.0000,37,23,728.7426,-86.2038,-0.1224,7,0.1750,0.8571,7,8,8,0,0,8,8,0.0000
4,276.0000,37,24,856.7589,-86.7730,-1.0576,4,0.1000,1.0000,6,6,6,0,0,6,6,0.0000
4,276.0000,37,26,472.4250,-82.0908,0.1957,16,0.4000,0.5000,6,7,6,0,0,7,6,0.1429
4,276.0000,37,27,465.9876,-83.7646,0.5268,9,0.2250,0.8571,7,8,8,0,0,8,8,0.0000
4,276.0000,37,29,871.8598,-86.2473,-0.7227,5,0.1250,1.0000,8,6,6,0,0,6,6,0.0000
4,276.0000,37,33,948.6044,-88.3198,-0.0296,4,0.1000,1.0000,8,2,2,0,0,2,2,0.0000
4,276.0000,37,34,609.1542,-84.7423,0.0158,10,0.2500,0.5000,6,6,6,0,0,6,6,0.0000
4,276.0000,37,35,534.2648,-83.8157,-0.0627,12,0.3000,0.8571,7,7,6,0,0,7,6,0.1429
4,276.0000,37,38,616.7710,-85.2783,-0.3249,8,0.2000,1.0000,8,8,8,0,0,8,8,0.0000
4,276.0000,37,41,561.7470,-84.9099,-0.2183,11,0.2750,1.0000,8,8,8,0,0,8,8,0.0000
4,276.0000,37,43,621.5338,-86.6535,0.4813,5,0.1250,1.0000,8,8,7,0,0,8,7,0.1250
4,276.0000,37,45,663.4092,-84.2877,-0.5367,4,0.1000,1.0000,8,6,6,0,0,6,6,0.0000
4,276.0000,37,47,854.0069,-86.4860,1.0874,4,0.1000,1.0000,8,8,8,0,0,8,8,0.0000
4,276.0000,38,0,995.5623,-88.1923,-0.7135,4,0.1026,1.0000,4,2,2,0,0,2,2,0.0000
4,276.0000,38,1,579.6301,-86.0161,0.0636,8,0.2051,1.0000,8,8,7,0,0,8,7,0.1250
4,276.0000,38,4,901.1949,-88.0126,0.3092,4,0.1026,1.0000,8,8,8,0,0,8,8,0.0000
4,276.0000,38,9,415.3356,-82.4800,1.9783,11,0.2821,0.8571,7,6,4,0,0,6,4,0.3333
4,276.0000,38,10,576.7539,-84.1247,-0.6192,8,0.2051,1.0000,8,8,8,0,0,8,8,0.0000
4,276.0000,38,11,814.1906,-87.6466,2.4638,3,0.0769,1.0000,2,8,8,0,0,8,8,0.0000
4,276.0000,38,13,636.8396,-87.2961,0.5567,6,0.1538,0.8571,7,8,8,0,0,8,8,0.0000
4,276.0000,38,14,225.7209,-77.2396,-0.1038,26,0.6667,0.3333,6,7,4,0,0,7,4,0.4286
4,276.0000,38,16,284.9553,-77.2914,-0.3172,25,0.6410,0.2000,5,7,6,0,0,7,6,0.1429
4,276.0000,38,17,904.6918,-86.5330,-1.8121,3,0.0769,1.0000,6,4,4,0,0,4,4,0.0000
4,276.0000,38,18,509.7789,-82.4152,-0.4293,12,0.3077,1.0000,8,8,8,0,0,8,8,0.0000
4,276.0000,38,20,973.3217,-87.4655,2.5719,3,0.0769,1.0000,6,4,4,0,0,4,4,0.0000
4,276.0000,38,21,603.1701,-84.7794,1.1785,8,0.2051,1.0000,8,8,8,0,0,8,8,0.0000
4,276.0000,38,25,575.9233,-86.7825,-2.1887,5,0.1282,1.0000,8,8,8,0,0,8,8,0.0000
4,276.0000,38,26,1046.2590,-87.4063,-1.7197,3,0.0769,1.0000,4,2,2,0,0,2,2,0.0000
4,276.0000,38,27,192.4668,-71.9737,-1.3357,32,0.8205,0.2000,5,5,2,0,0,5,2,0.6000
4,276.0000,38,30,739.5152,-88.1198,-0.2337,6,0.1538,0.6667,3,6,6,0,0,6,6,0.0000
4,276.0000,38,31,518.1930,-85.5354,-0.3747,8,0.2051,0.8571,7,8,7,0,0,8,7,0.1250
4,276.0000,38,32,641.8288,-85.0448,0.3937,6,0.1538,0.8571,7,8,8,0,0,8,8,0.0000
4,276.0000,38,36,761.8489,-85.9376,3.4627,3,0.0769,1.0000,8,8,8,0,0,8,8,0.0000
4,276.0000,38,37,616.7710,-86.0428,0.4423,10,0.2564,1.0000,8,8,8,0,0,8,8,0.0000
4,276.0000,38,44,292.4009,-80.6750,1.4468,17,0.4359,0.6596,47,6,2,67,25,73,27,0.6301
4,276.0000,38,45,862.2284,-86.4151,-2.2957,3,0.0769,1.0000,6,4,4,0,0,4,4,0.0000
4,276.0000,38,47,490.4423,-81.5712,-0.0998,11,0.2821,1.0000,8,8,8,0,0,8,8,0.0000
4,276.0000,39,0,323.9558,-80.5504,-0.0661,32,0.8000,0.2000,5,5,2,0,0,5,2,0.6000
4,276.0000,39,1,613.3220,-85.6298,0.0084,7,0.1750,1.0000,8,8,8,0,0,8,8,0.0000
4,276.0000,39,9,590.6498,-85.3046,-1.0568,12,0.3000,1.0000,10,8,8,0,0,8,8,0.0000
4,276.0000,39,13,705.0169,-86.0115,1.5943,4,0.1000,1.0000,8,8,8,0,0,8,8,0.0000
4,276.0000,39,15,444.1780,-81.0936,-1.0073,33,0.8250,0.5000,6,6,3,0,0,6,3,0.5000
4,276.0000,39,19,531.2394,-83.4971,-0.1818,16,0.4000,1.0000,8,6,3,0,0,6,3,0.5000
4,276.0000,39,21,887.2127,-87.7054,-3.4786,3,0.0750,1.0000,8,4,4,0,0,4,4,0.0000
4,276.0000,39,25,828.5522,-87.3232,0.8583,5,0.1250,1.0000,8,8,8,0,0,8,8,0.0000
4,276.0000,39,28,236.4314,-76.3709,-0.3865,36,0.9000,0.2000,5,6,2,0,0,6,2,0.6667
4,276.0000,39,30,335.5345,-79.9859,0.6611,32,0.8000,0.2000,5,6,4,0,0,6,4,0.3333
4,276.0000,39,32,1000.6041,-89.4584,0.2388,3,0.0750,1.0000,4,4,4,0,0,4,4,0.0000
4,276.0000,39,36,694.2458,-86.1065,1.3523,9,0.2250,0.9000,10,6,6,0,0,6,6,0.0000
4,276.0000,39,40,333.6403,-79.7659,0.3188,37,0.9250,0.0000,4,7,3,0,0,7,3,0.5714
4,276.0000,39,42,1003.2404,-87.8714,-0.1656,4,0.1000,1.0000,2,8,8,0,0,8,8,0.0000
4,276.0000,39,44,719.2857,-87.7694,-0.6714,5,0.1250,1.0000,8,8,8,0,0,8,8,0.0000
4,276.0000,39,46,275.8276,-78.1694,0.2803,30,0.7500,0.2000,5,6,2,0,0,6,2,0.6667
4,276.0000,39,47,843.6468,-88.2253,0.8754,4,0.1000,1.0000,8,8,8,0,0,8,8,0.0000
4,276.0000,40,0,116.6718,-70.7938,0.9508,36,0.9000,0.3333,6,4,0,0,0,4,0,1.0000
4,276.0000,40,1,807.9033,-87.4751,0.1566,5,0.1250,1.0000,146,8,8,78,78,86,86,0.0000
4,276.0000,40,9,678.1711,-86.1949,0.6629,9,0.2250,0.8571,7,8,8,0,0,8,8,0.0000
4,276.0000,40,13,892.2159,-87.8372,0.6814,3,0.0750,1.0000,8,6,6,0,0,6,6,0.0000
4,276.0000,40,15,494.2863,-82.0933,0.0298,30,0.7500,0.0000,4,7,4,0,0,7,4,0.4286
4,276.0000,40,19,695.5763,-86.3296,0.5750,12,0.3000,1.0000,8,8,8,0,0,8,8,0.0000
4,276.0000,40,28,428.8193,-81.1798,-0.5706,23,0.5750,0.7692,13,8,7,0,0,8,7,0.1250
4,276.0000,40,30,336.3083,-80.1645,-0.7065,28,0.7000,0.5000,6,6,3,0,0,6,3,0.5000
4,276.0000,40,36,854.2630,-87.4253,0.6167,5,0.1250,1.0000,8,8,8,0,0,8,8,0.0000
4,276.0000,40,39,333.6403,-79.6282,-0.5794,32,0.8000,0.5000,6,3,0,0,0,3,0,1.0000
4,276.0000,40,44,812.6590,-87.9404,2.4774,4,0.1000,1.0000,8,5,4,64,64,69,68,0.0145
4,276.0000,40,46,479.5663,-83.7151,0.6369,22,0.5500,0.6667,6,7,6,2,2,9,8,0.1111
4,276.0000,41,5,217.1473,-75.5458,-0.2341,35,0.8750,0.0000,4,5,1,0,0,5,1,0.8000
4,276.0000,41,7,691.3866,-84.4222,0.7453,8,0.2000,1.0000,8,9,8,0,0,9,8,0.1111
4,276.0000,41,10,759.8268,-85.5868,0.4192,4,0.1000,1.0000,8,8,7,0,0,8,7,0.1250
4,276.0000,41,12,602.1665,-85.1329,0.4171,9,0.2250,1.0000,8,8,8,0,0,8,8,0.0000
4,276.0000,41,17,631.6541,-87.5099,-0.2526,3,0.0750,1.0000,8,8,8,0,0,8,8,0.0000
4,276.0000,41,18,735.9957,-86.3219,0.5644,3,0.0750,1.0000,6,8,8,0,0,8,8,0.0000
4,276.0000,41,22,686.5668,-85.3744,-1.4774,6,0.1500,0.8750,8,8,8,0,0,8,8,0.0000
4,276.0000,41,23,751.0572,-86.2309,0.1756,6,0.1500,1.0000,8,8,8,0,0,8,8,0.0000
4,276.0000,41,26,118.5731,-72.5196,0.0258,32,0.8000,0.2000,5,4,0,0,0,4,0,1.0000
4,276.0000,41,29,602.9262,-84.9579,0.4766,11,0.2750,1.0000,8,8,7,0,0,8,7,0.1250
4,276.0000,41,33,756.4570,-87.2572,2.2036,3,0.0750,1.0000,8,8,8,0,0,8,8,0.0000
4,276.0000,41,34,322.9280,-80.6152,0.3556,20,0.5000,0.5714,7,7,3,0,0,7,3,0.5714
4,276.0000,41,35,132.5017,-70.7485,-0.3334,35,0.8750,0.0000,4,5,1,0,0,5,1,0.8000
4,276.0000,41,37,561.7470,-85.1469,-0.7442,6,0.1500,0.8750,8,8,8,0,0,8,8,0.0000
4,276.0000,41,43,533.9400,-85.2767,-0.4589,7,0.1750,0.8571,7,7,6,0,0,7,6,0.1429
4,276.0000,42,1,492.0572,-83.4163,0.2183,14,0.3500,0.8750,8,8,8,0,0,8,8,0.0000
4,276.0000,42,3,923.9737,-87.5908,0.6740,3,0.0750,1.0000,4,4,4,0,0,4,4,0.0000
4,276.0000,42,4,242.9672,-76.4909,-0.4675,25,0.6250,0.2000,5,6,3,0,0,6,3,0.5000
4,276.0000,42,6,363.1845,-80.6005,0.0196,22,0.5500,0.5000,6,8,8,0,0,8,8,0.0000
4,276.0000,42,8,493.0282,-82.2439,0.4019,11,0.2750,1.0000,8,8,7,0,0,8,7,0.1250
4,276.0000,42,9,804.6526,-87.9514,-0.6908,4,0.1000,1.0000,8,4,4,0,0,4,4,0.0000
4,276.0000,42,10,874.1112,-88.9193,-0.1563,3,0.0750,1.0000,8,8,8,0,0,8,8,0.0000
4,276.0000,42,13,381.7352,-81.0969,-0.5323,17,0.4250,0.8571,7,7,5,0,0,7,5,0.2857
4,276.0000,42,14,906.4731,-86.5977,-0.4050,3,0.0750,1.0000,8,8,8,0,0,8,8,0.0000
4,276.0000,42,18,1026.6143,-86.7746,-0.3546,3,0.0750,1.0000,8,6,6,0,0,6,6,0.0000
4,276.0000,42,19,796.3288,-85.3362,-0.3768,7,0.1750,1.0000,6,6,6,2,2,8,8,0.0000
4,276.0000,42,20,758.5161,-87.3292,-0.4534,6,0.1500,1.0000,10,8,8,0,0,8,8,0.0000
4,276.0000,42,21,410.3445,-82.2212,0.1407,13,0.3250,0.8571,7,7,6,0,0,7,6,0.1429
4,276.0000,42,24,632.3827,-84.6232,-0.8058,9,0.2250,0.8571,7,8,8,0,0,8,8,0.0000
4,276.0000,42,25,383.1235,-81.1041,-0.0123,14,0.3500,0.7143,7,8,7,0,0,8,7,0.1250
4,276.0000,42,27,969.8504,-86.9099,1.5366,3,0.0750,1.0000,4,4,4,0,0,4,4,0.0000
4,276.0000,42,28,828.3811,-88.6331,0.5082,3,0.0750,1.0000,4,6,6,0,0,6,6,0.0000
4,276.0000,42,30,940.5127,-88.9563,-0.2225,3,0.0750,1.0000,4,6,6,0,0,6,6,0.0000
4,276.0000,42,31,487.6518,-83.2839,-0.3468,10,0.2500,1.0000,8,8,7,0,0,8,7,0.1250
4,276.0000,42,32,448.8727,-81.4129,-0.4347,12,0.3000,0.8571,7,7,6,0,0,7,6,0.1429
4,276.0000,42,36,318.5321,-79.4550,0.5624,22,0.5500,0.7143,7,7,6,0,0,7,6,0.1429
4,276.0000,42,44,815.1245,-86.1028,-1.4962,5,0.1250,1.0000,8,7,6,0,0,7,6,0.1429
4,276.0000,42,45,882.0626,-86.4100,1.1361,4,0.1000,1.0000,4,8,8,0,0,8,8,0.0000
4,276.0000,42,46,744.7683,-86.7894,1.1408,6,0.1500,1.0000,8,8,8,0,0,8,8,0.0000
4,276.0000,42,47,507.5572,-84.7103,0.3227,8,0.2000,1.0000,8,7,6,0,0,7,6,0.1429
4,276.0000,43,2,282.6777,-78.2833,0.2205,25,0.6098,0.7143,7,5,1,0,0,5,1,0.8000
4,276.0000,43,3,433.0459,-81.6771,-0.6132,22,0.5366,0.6667,6,7,5,0,0,7,5,0.2857
4,276.0000,43,4,1004.1134,-88.4323,-0.6935,3,0.0732,1.0000,4,8,8,0,0,8,8,0.0000
4,276.0000,43,5,645.2256,-86.3509,-0.5408,14,0.3415,1.0000,8,6,6,0,0,6,6,0.0000
4,276.0000,43,7,378.9390,-79.4950,-1.0416,32,0.7805,0.5000,6,7,6,0,0,7,6,0.1429
4,276.0000,43,8,736.5088,-86.3512,0.0539,8,0.1951,1.0000,4,7,6,0,0,7,6,0.1429
4,276.0000,43,10,490.5034,-83.0263,0.5567,11,0.2683,1.0000,9,5,4,0,0,5,4,0.2000
4,276.0000,43,11,427.0783,-83.2593,-0.1942,16,0.3902,0.5714,7,8,7,0,0,8,7,0.1250
4,276.0000,43,12,214.1587,-72.6478,-1.7328,38,0.9268,0.5000,6,5,1,0,0,5,1,0.8000
4,276.0000,43,14,912.6157,-88.5740,1.1991,4,0.0976,0.8571,7,4,4,0,0,4,4,0.0000
4,276.0000,43,16,811.7435,-88.2220,0.0526,5,0.1220,1.0000,8,8,8,0,0,8,8,0.0000
4,276.0000,43,17,280.7825,-78.9331,0.3890,29,0.7073,0.0000,4,5,2,0,0,5,2,0.6000
4,276.0000,43,18,594.5683,-86.1388,0.3052,8,0.1951,1.0000,8,7,5,0,0,7,5,0.2857
4,276.0000,43,20,476.2517,-83.2745,1.3749,14,0.3415,0.7143,7,8,8,0,0,8,8,0.0000
4,276.0000,43,22,266.1078,-79.3642,0.3846,28,0.6829,0.0000,4,5,2,0,0,5,2,0.6000
4,276.0000,43,23,265.2286,-77.5236,-0.3019,34,0.8293,0.6667,6,5,2,0,0,5,2,0.6000
4,276.0000,43,24,682.5474,-85.6358,0.1241,8,0.1951,0.8571,7,8,8,0,0,8,8,0.0000
4,276.0000,43,26,443.4655,-83.9201,0.5195,20,0.4878,0.8000,5,6,3,0,0,6,3,0.5000
4,276.0000,43,27,881.6274,-88.8992,0.8605,3,0.0732,1.0000,2,8,8,0,0,8,8,0.0000
4,276.0000,43,29,333.1649,-78.1787,-1.7109,33,0.8049,0.4000,5,7,6,0,0,7,6,0.1429
4,276.0000,43,33,364.3995,-80.6100,-0.3426,31,0.7561,0.7143,7,6,3,0,0,6,3,0.5000
4,276.0000,43,34,421.9458,-81.7669,-0.0718,29,0.7073,0.5000,4,8,8,0,0,8,8,0.0000
4,276.0000,43,35,438.7158,-83.8671,0.2881,22,0.5366,0.8750,8,7,4,0,0,7,4,0.4286
4,276.0000,43,37,621.5338,-85.3922,0.2223,11,0.2683,1.0000,8,5,2,0,0,5,2,0.6000
4,276.0000,43,41,533.9400,-85.0052,0.8148,18,0.4390,0.8571,7,7,6,0,0,7,6,0.1429
4,276.0000,43,45,350.9481,-81.6301,0.5559,14,0.3415,0.8750,8,5,2,0,0,5,2,0.6000
4,276.0000,44,0,725.8196,-86.4695,-0.2193,11,0.2750,1.0000,2,4,4,0,0,4,4,0.0000
4,276.0000,44,1,414.2855,-82.3776,-0.4435,16,0.4000,0.6667,6,7,6,0,0,7,6,0.1429
4,276.0000,44,9,137.0561,-72.6631,-0.1276,37,0.9250,0.0000,4,4,0,0,0,4,0,1.0000
4,276.0000,44,13,489.5544,-83.0074,0.5626,15,0.3750,1.0000,8,8,8,0,0,8,8,0.0000
4,276.0000,44,14,458.1333,-84.0516,-0.2062,7,0.1750,0.8571,7,7,6,0,0,7,6,0.1429
4,276.0000,44,16,415.1278,-83.4279,0.3265,8,0.2000,1.0000,8,8,8,0,0,8,8,0.0000
4,276.0000,44,18,751.8731,-86.1725,-0.9865,4,0.1000,1.0000,8,8,8,0,0,8,8,0.0000
4,276.0000,44,19,1001.7668,-87.7670,0.6382,6,0.1500,1.0000,4,4,4,0,0,4,4,0.0000
4,276.0000,44,21,451.9407,-82.2256,-1.6020,12,0.3000,0.8750,8,8,7,0,0,8,7,0.1250
4,276.0000,44,25,482.3203,-81.8085,-0.0190,15,0.3750,0.7143,7,7,6,0,0,7,6,0.1429
4,276.0000,44,27,426.3355,-82.6522,-0.6636,13,0.3250,0.8571,7,8,8,0,0,8,8,0.0000
4,276.0000,44,28,752.4080,-86.0115,-0.7447,7,0.1750,1.0000,8,7,6,0,0,7,6,0.1429
4,276.0000,44,30,476.6720,-82.9577,-0.1679,16,0.4000,0.7500,8,8,7,0,0,8,7,0.1250
4,276.0000,44,31,497.0363,-84.1956,-0.0961,8,0.2000,0.8571,7,7,6,0,0,7,6,0.1429
4,276.0000,44,32,644.7985,-84.1061,-0.5156,7,0.1750,0.7143,7,8,7,0,0,8,7,0.1250
4,276.0000,44,36,576.9553,-85.7246,-0.8792,11,0.2750,1.0000,8,7,6,0,0,7,6,0.1429
4,276.0000,44,38,292.4009,-80.1456,0.3509,16,0.4000,0.5000,6,4,0,0,0,4,0,1.0000
4,276.0000,44,39,719.2857,-86.1359,-0.4803,11,0.2750,1.0000,8,7,6,0,0,7,6,0.1429
4,276.0000,44,40,812.6590,-87.2953,0.3274,8,0.2000,0.8750,8,6,5,0,0,6,5,0.1667
4,276.0000,44,42,815.1245,-86.2916,-0.3718,7,0.1750,0.8571,7,8,8,0,0,8,8,0.0000
4,276.0000,44,46,676.0204,-86.9919,-0.0716,5,0.1250,0.8750,8,7,6,0,0,7,6,0.1429
4,276.0000,44,47,460.2805,-83.4677,-0.4134,11,0.2750,0.7143,7,8,8,0,0,8,8,0.0000
4,276.0000,45,1,980.1893,-88.1163,-1.7465,3,0.0750,1.0000,8,8,8,0,0,8,8,0.0000
4,276.0000,45,2,299.1741,-80.9017,1.5710,23,0.5750,1.0000,8,4,2,0,0,4,2,0.5000
4,276.0000,45,3,372.8625,-81.7862,0.0953,20,0.5000,0.4000,5,8,8,0,0,8,8,0.0000
4,276.0000,45,4,674.3492,-85.9609,-0.5026,8,0.2000,1.0000,8,8,8,0,0,8,8,0.0000
4,276.0000,45,6,893.8413,-87.7530,0.2055,4,0.1000,1.0000,4,8,8,0,0,8,8,0.0000
4,276.0000,45,7,684.9255,-85.7763,0.4434,10,0.2500,1.0000,8,7,5,0,0,7,5,0.2857
4,276.0000,45,8,448.0078,-82.8693,0.3817,15,0.3750,0.4000,5,8,8,0,0,8,8,0.0000
4,276.0000,45,10,300.8256,-77.1452,-0.6200,28,0.7000,0.7500,8,6,4,0,0,6,4,0.3333
4,276.0000,45,11,287.8957,-78.8368,0.6471,24,0.6000,0.3333,6,5,2,0,0,5,2,0.6000
4,276.0000,45,12,461.9214,-82.9267,0.0498,22,0.5500,0.7143,7,8,6,0,0,8,6,0.2500
4,276.0000,45,13,918.9201,-87.0414,-0.3223,3,0.0750,1.0000,4,6,6,0,0,6,6,0.0000
4,276.0000,45,14,763.3121,-86.4399,-0.6765,7,0.1750,1.0000,8,8,8,0,0,8,8,0.0000
4,276.0000,45,16,586.1004,-84.5093,-1.0636,9,0.2250,0.6667,6,8,8,0,0,8,8,0.0000
4,276.0000,45,17,176.8305,-75.3153,1.0782,31,0.7750,0.2000,5,4,0,0,0,4,0,1.0000
4,276.0000,45,18,547.6715,-84.2993,0.0375,10,0.2500,1.0000,8,7,6,0,0,7,6,0.1429
4,276.0000,45,20,241.8848,-76.5625,0.0728,31,0.7750,0.0000,4,5,2,0,0,5,2,0.6000
4,276.0000,45,21,757.2534,-88.2345,-1.1176,5,0.1250,1.0000,6,6,6,0,0,6,6,0.0000
4,276.0000,45,22,105.6931,-74.0917,1.7815,32,0.8000,0.3333,6,4,0,0,0,4,0,1.0000
4,276.0000,45,23,145.4036,-75.7848,1.5982,29,0.7250,0.3333,6,4,0,0,0,4,0,1.0000
4,276.0000,45,24,510.7815,-83.3535,0.7216,13,0.3250,0.7500,8,8,8,0,0,8,8,0.0000
4,276.0000,45,25,778.4014,-85.5953,0.6209,4,0.1000,1.0000,4,8,8,0,0,8,8,0.0000
4,276.0000,45,26,671.2400,-86.3203,0.4949,12,0.3000,1.0000,6,3,2,0,0,3,2,0.3333
4,276.0000,45,27,712.4944,-84.7934,0.7392,7,0.1750,1.0000,8,8,8,0,0,8,8,0.0000
4,276.0000,45,29,659.3156,-85.7962,0.7061,11,0.2750,0.6667,6,8,8,0,0,8,8,0.0000
4,276.0000,45,31,736.1294,-85.6242,-0.7759,8,0.2000,1.0000,8,8,8,0,0,8,8,0.0000
4,276.0000,45,32,677.0412,-85.7478,0.1500,7,0.1750,1.0000,8,8,8,0,0,8,8,0.0000
4,276.0000,45,33,625.8649,-86.5768,0.4814,13,0.3250,0.8571,7,8,8,0,0,8,8,0.0000
4,276.0000,45,34,745.4120,-86.0714,0.2745,10,0.2500,1.0000,8,6,5,0,0,6,5,0.1667
4,276.0000,45,35,717.7387,-85.2964,0.1145,6,0.1500,1.0000,8,8,8,0,0,8,8,0.0000
4,276.0000,45,37,663.4092,-85.0747,0.0722,10,0.2500,0.8750,8,5,4,0,0,5,4,0.2000
4,276.0000,45,41,781.9413,-86.4540,-0.4649,6,0.1500,1.0000,4,7,6,0,0,7,6,0.1429
4,276.0000,45,42,882.0626,-86.8486,-0.3879,4,0.1000,0.8571,7,8,8,0,0,8,8,0.0000
4,276.0000,45,43,350.9481,-82.1922,0.5182,23,0.5750,0.8571,7,5,2,0,0,5,2,0.6000
4,276.0000,45,47,764.5248,-85.2077,-0.5542,6,0.1500,0.8750,8,8,8,0,0,8,8,0.0000
4,276.0000,46,0,409.4036,-83.0520,1.0641,21,0.5250,0.6667,6,8,4,0,0,8,4,0.5000
4,276.0000,46,1,437.1253,-82.1302,0.1578,10,0.2500,0.8571,7,8,7,0,0,8,7,0.1250
4,276.0000,46,6,810.3047,-86.7382,-0.3721,3,0.0750,1.0000,4,8,8,0,0,8,8,0.0000
4,276.0000,46,9,556.1397,-84.1731,-0.4364,10,0.2500,0.8571,7,10,10,0,0,10,10,0.0000
4,276.0000,46,13,499.3465,-83.7771,0.1651,8,0.2000,0.7778,9,8,7,0,0,8,7,0.1250
4,276.0000,46,15,488.7518,-81.9098,-0.2887,25,0.6250,0.2000,5,7,6,0,0,7,6,0.1429
4,276.0000,46,19,347.1333,-80.1888,-0.2403,33,0.8250,0.4000,5,7,4,0,0,7,4,0.4286
4,276.0000,46,21,697.0312,-84.8880,-0.5266,4,0.1000,0.8750,8,7,6,0,0,7,6,0.1429
4,276.0000,46,25,638.1579,-84.8343,-1.0147,5,0.1250,1.0000,8,8,8,0,0,8,8,0.0000
4,276.0000,46,28,97.3057,-68.4144,-0.3030,32,0.8000,0.0000,4,4,0,0,0,4,0,1.0000
4,276.0000,46,30,395.9479,-81.8067,0.0627,21,0.5250,0.6667,6,5,2,0,0,5,2,0.6000
4,276.0000,46,36,451.9226,-83.4895,0.8848,10,0.2500,0.8750,8,7,6,0,0,7,6,0.1429
4,276.0000,46,39,275.8276,-78.3857,0.1579,31,0.7750,0.2000,5,6,2,0,0,6,2,0.6667
4,276.0000,46,40,479.5663,-82.2634,0.2252,24,0.6000,0.8571,7,8,8,0,0,8,8,0.0000
4,276.0000,46,42,744.7683,-86.5504,1.3643,3,0.0750,1.0000,8,8,8,0,0,8,8,0.0000
4,276.0000,46,44,676.0204,-84.4127,0.7406,7,0.1750,1.0000,8,8,8,0,0,8,8,0.0000
4,276.0000,47,1,257.4544,-79.4426,-0.0931,29,0.7250,0.4000,5,4,0,0,0,4,0,1.0000
4,276.0000,47,2,959.2882,-86.7045,0.3338,4,0.1000,1.0000,4,4,4,0,0,4,4,0.0000
4,276.0000,47,4,529.2518,-83.8594,0.7560,14,0.3500,0.7143,7,7,5,0,0,7,5,0.2857
4,276.0000,47,6,444.3975,-83.5037,1.1924,20,0.5000,0.8571,7,7,5,0,0,7,5,0.2857
4,276.0000,47,8,601.2120,-85.4222,1.3082,8,0.2000,0.8000,5,8,7,0,0,8,7,0.1250
4,276.0000,47,9,497.5062,-84.4017,0.0219,17,0.4250,1.0000,8,7,6,0,0,7,6,0.1429
4,276.0000,47,10,590.6633,-85.2096,-1.1757,10,0.2500,0.8571,7,8,8,0,0,8,8,0.0000
4,276.0000,47,11,629.8330,-86.4586,0.5785,6,0.1500,1.0000,8,8,8,0,0,8,8,0.0000
4,276.0000,47,13,236.0318,-79.2736,1.2277,29,0.7250,0.8571,7,4,0,0,0,4,0,1.0000
4,276.0000,47,14,416.6841,-79.8738,-0.4159,24,0.6000,0.6250,8,8,7,0,0,8,7,0.1250
4,276.0000,47,16,411.0235,-82.6882,0.3183,15,0.3750,0.5000,6,8,7,0,0,8,7,0.1250
4,276.0000,47,17,893.7638,-88.0703,-0.1720,3,0.0750,1.0000,8,6,6,0,0,6,6,0.0000
4,276.0000,47,18,623.8239,-84.8371,-0.4528,11,0.2750,1.0000,8,6,6,0,0,6,6,0.0000
4,276.0000,47,19,904.8161,-88.0454,0.4614,6,0.1500,1.0000,8,6,6,0,0,6,6,0.0000
4,276.0000,47,20,744.7538,-86.1387,0.1418,8,0.2000,1.0000,8,8,8,0,0,8,8,0.0000
4,276.0000,47,21,352.4224,-81.7517,-0.1334,19,0.4750,1.0000,8,6,3,0,0,6,3,0.5000
4,276.0000,47,22,849.8951,-88.1083,1.7366,4,0.1000,1.0000,8,4,4,0,0,4,4,0.0000
4,276.0000,47,24,539.5283,-84.5970,1.2961,10,0.2500,0.8750,8,5,2,0,0,5,2,0.6000
4,276.0000,47,25,141.4440,-75.6440,1.6855,33,0.8250,0.5714,7,5,1,0,0,5,1,0.8000
4,276.0000,47,27,546.8330,-81.6988,-0.9389,16,0.4000,1.0000,8,8,8,2,2,10,10,0.0000
4,276.0000,47,28,783.4549,-86.6611,0.9810,9,0.2250,1.0000,8,2,2,0,0,2,2,0.0000
4,276.0000,47,30,751.7831,-87.3169,-0.2454,6,0.1500,1.0000,4,5,4,0,0,5,4,0.2000
4,276.0000,47,31,42.8654,-68.4277,2.6388,31,0.7750,0.0000,4,5,1,0,0,5,1,0.8000
4,276.0000,47,32,194.5627,-73.7873,-0.7422,35,0.8750,0.4000,5,7,4,0,0,7,4,0.4286
4,276.0000,47,36,378.6568,-82.7193,1.1198,19,0.4750,0.8571,7,6,2,0,0,6,2,0.6667
4,276.0000,47,37,854.0069,-86.3123,0.2319,8,0.2000,1.0000,6,6,6,0,0,6,6,0.0000
4,276.0000,47,38,490.4423,-82.2197,-0.5818,19,0.4750,0.8750,8,8,7,0,0,8,7,0.1250
4,276.0000,47,40,1049.1364,-88.0257,0.2075,4,0.1000,1.0000,4,4,4,0,0,4,4,0.0000
4,276.0000,47,42,507.5572,-83.6025,-0.1171,16,0.4000,1.0000,8,7,6,0,0,7,6,0.1429
4,276.0000,47,44,460.2805,-82.7622,0.8751,20,0.5000,0.8571,7,5,2,0,0,5,2,0.6000
4,276.0000,47,45,764.5248,-86.5244,-0.7733,7,0.1750,1.0000,8,8,8,0,0,8,8,0.0000
4,276.0000,47,46,687.7093,-87.0546,-0.2855,8,0.2000,1.0000,6,8,8,0,0,8,8,0.0000
4,280.0000,0,1,701.7312,-86.6319,-1.5070,4,0.1000,1.0000,8,8,7,0,0,8,7,0.1250
4,280.0000,0,9,677.9646,-85.4681,-0.7869,4,0.1000,1.0000,8,8,8,0,0,8,8,0.0000
4,280.0000,0,13,693.6033,-85.0242,0.8262,3,0.0750,1.0000,8,8,8,0,0,8,8,0.0000
4,280.0000,0,15,458.3513,-84.1157,0.3048,21,0.5250,0.6667,6,6,3,0,0,6,3,0.5000
4,280.0000,0,19,502.8186,-83.8927,0.5439,18,0.4500,0.8571,7,7,5,0,0,7,5,0.2857
4,280.0000,0,28,334.1659,-80.1858,0.4430,27,0.6750,0.6667,6,6,3,0,0,6,3,0.5000
4,280.0000,0,30,345.6183,-79.2300,-1.2138,27,0.6750,0.4000,5,8,7,0,0,8,7,0.1250
4,280.0000,0,36,637.0022,-85.8385,-4.3132,4,0.1000,1.0000,8,8,8,0,0,8,8,0.0000
4,280.0000,0,39,337.8371,-79.6316,0.1316,32,0.8000,0.6667,6,6,3,0,0,6,3,0.5000
4,280.0000,0,40,162.5875,-72.2317,-0.6088,38,0.9500,0.0000,4,4,0,0,0,4,0,1.0000
4,280.0000,0,46,355.0200,-80.5597,-0.2557,23,0.5750,0.6667,6,5,2,0,0,5,2,0.6000
4,280.0000,1,0,701.7312,-85.4585,0.3017,12,0.3000,1.0000,6,8,8,0,0,8,8,0.0000
4,280.0000,1,4,530.1333,-84.2684,1.2829,9,0.2250,0.8571,7,6,2,0,0,6,2,0.6667
4,280.0000,1,6,454.4755,-82.9290,0.2414,17,0.4250,0.8750,8,7,6,0,0,7,6,0.1429
4,280.0000,1,8,675.0206,-85.9158,-0.6884,4,0.1000,1.0000,8,8,8,0,0,8,8,0.0000
4,280.0000,1,9,415.5529,-81.2802,-0.9642,20,0.5000,0.8571,7,7,4,0,0,7,4,0.4286
4,280.0000,1,10,670.4023,-85.0542,9.8088,3,0.0750,0.8750,8,8,8,0,0,8,8,0.0000
4,280.0000,1,13,72.3531,-67.4944,1.3308,36,0.9000,0.2000,5,4,0,0,0,4,0,1.0000
4,280.0000,1,14,506.0253,-85.1575,0.9401,8,0.2000,1.0000,8,7,5,0,0,7,5,0.2857
4,280.0000,1,15,922.9970,-87.3169,-0.5348,7,0.1750,0.8571,7,2,2,0,0,2,2,0.0000
4,280.0000,1,16,404.9853,-84.4011,-0.3071,12,0.3000,0.8571,7,5,2,0,0,5,2,0.6000
4,280.0000,1,18,894.7960,-88.4005,0.8572,4,0.1000,1.0000,6,4,4,0,0,4,4,0.0000
4,280.0000,1,19,762.1832,-86.2929,-0.2878,9,0.2250,0.7143,7,8,7,0,0,8,7,0.1250
4,280.0000,1,21,347.9320,-80.7339,0.3262,19,0.4750,0.8571,7,7,4,0,0,7,4,0.4286
4,280.0000,1,24,721.1598,-87.0463,0.7319,5,0.1250,1.0000,8,8,8,0,0,8,8,0.0000
4,280.0000,1,25,225.3471,-76.0621,-0.5117,28,0.7000,0.0000,4,5,1,0,0,5,1,0.8000
4,280.0000,1,27,699.9585,-86.7525,-1.1862,7,0.1750,0.8571,7,8,8,0,0,8,8,0.0000
4,280.0000,1,28,530.7563,-84.8270,-0.3555,19,0.4750,0.8750,8,8,8,0,0,8,8,0.0000
4,280.0000,1,30,486.6048,-83.5224,-0.1404,21,0.5250,0.7500,8,5,4,0,0,5,4,0.2000
4,280.0000,1,31,198.8749,-76.5142,1.1232,29,0.7250,0.5000,6,5,2,0,0,5,2,0.6000
4,280.0000,1,32,483.1940,-82.4657,-0.0307,10,0.2500,0.0000,4,7,6,0,0,7,6,0.1429
4,280.0000,1,36,177.4808,-74.7148,0.4822,36,0.9000,0.0000,4,7,3,0,0,7,3,0.5714
4,280.0000,1,38,486.2669,-84.2451,0.2259,10,0.2500,0.8750,8,5,1,0,0,5,1,0.8000
4,280.0000,1,39,632.2807,-85.6119,-0.0828,21,0.5250,0.8571,7,7,6,1,0,8,6,0.2500
4,280.0000,1,40,790.4556,-86.1779,-0.6645,10,0.2500,1.0000,6,4,4,0,0,4,4,0.0000
4,280.0000,1,42,507.6654,-83.1812,-0.5208,16,0.4000,0.8571,7,8,8,0,0,8,8,0.0000
4,280.0000,1,44,401.9260,-81.5088,-0.2966,20,0.5000,0.6667,6,6,4,35,27,41,31,0.2439
4,280.0000,1,46,407.3806,-82.0007,0.2820,24,0.6000,0.8750,8,8,8,0,0,8,8,0.0000
4,280.0000,1,47,178.1198,-75.0944,0.7174,27,0.6750,0.1667,6,5,1,0,0,5,1,0.8000
4,280.0000,2,3,219.8817,-75.7504,-0.8744,36,0.9231,0.2000,5,6,3,0,0,6,3,0.5000
4,280.0000,2,4,825.9130,-87.4736,-1.0742,5,0.1282,1.0000,8,8,8,0,0,8,8,0.0000
4,280.0000,2,5,850.7217,-87.2572,-0.6300,5,0.1282,1.0000,6,4,4,0,0,4,4,0.0000
4,280.0000,2,7,469.5781,-82.3304,0.1294,22,0.5641,0.6667,6,8,6,0,0,8,6,0.2500
4,280.0000,2,8,462.4824,-83.8649,0.3686,10,0.2564,0.6667,6,7,6,0,0,7,6,0.1429
4,280.0000,2,10,536.7350,-85.2288,-1.4770,9,0.2308,0.8750,8,7,5,0,0,7,5,0.2857
4,280.0000,2,11,304.3936,-79.5157,0.0547,14,0.3590,0.7143,7,6,4,0,0,6,4,0.3333
4,280.0000,2,12,412.6078,-80.9161,-0.7966,27,0.6923,0.5000,6,8,5,0,0,8,5,0.3750
4,280.0000,2,16,752.7378,-88.8117,-0.0171,4,0.1026,1.0000,8,8,8,0,0,8,8,0.0000
4,280.0000,2,17,340.5054,-80.5626,0.6593,18,0.4615,0.3333,6,7,5,0,0,7,5,0.2857
4,280.0000,2,18,626.8106,-86.2606,-0.8798,4,0.1026,1.0000,8,8,8,0,0,8,8,0.0000
4,280.0000,2,20,268.3270,-77.9119,-0.0364,26,0.6667,0.2000,5,6,3,0,0,6,3,0.5000
4,280.0000,2,22,153.3254,-75.5591,1.7327,29,0.7436,0.0000,4,4,0,0,0,4,0,1.0000
4,280.0000,2,23,121.0085,-72.1861,0.6299,36,0.9231,0.0000,4,6,3,0,0,6,3,0.5000
4,280.0000,2,24,574.2701,-83.7067,0.3978,10,0.2564,0.8000,10,6,5,0,0,6,5,0.1667
4,280.0000,2,26,597.5788,-85.3100,1.1777,13,0.3333,0.6667,6,8,7,0,0,8,7,0.1250
4,280.0000,2,29,564.5693,-83.7912,-0.5062,16,0.4103,1.0000,8,8,8,0,0,8,8,0.0000
4,280.0000,2,32,658.7139,-86.0555,-0.3361,6,0.1538,1.0000,8,8,8,0,0,8,8,0.0000
4,280.0000,2,33,395.4597,-80.5123,-1.4563,21,0.5385,0.8750,8,7,5,1,0,8,5,0.3750
4,280.0000,2,34,715.3284,-86.9574,-0.3469,9,0.2308,0.7500,8,6,6,0,0,6,6,0.0000
4,280.0000,2,35,609.9103,-85.9475,0.8740,11,0.2821,0.8750,8,7,5,0,0,7,5,0.2857
4,280.0000,2,41,700.1760,-87.1039,0.0624,7,0.1795,1.0000,4,8,8,0,0,8,8,0.0000
4,280.0000,2,43,258.3741,-78.0639,0.9083,26,0.6667,0.6667,6,4,0,0,0,4,0,1.0000
4,280.0000,2,45,134.1738,-75.4278,1.3648,32,0.8205,0.7143,7,5,1,0,0,5,1,0.8000
4,280.0000,3,2,219.8817,-75.3710,-0.5300,28,0.7000,0.3333,6,4,0,0,0,4,0,1.0000
4,280.0000,3,4,760.1741,-85.4627,-0.8646,7,0.1750,1.0000,8,6,6,0,0,6,6,0.0000
4,280.0000,3,6,907.5071,-87.9436,-0.2492,4,0.1000,1.0000,8,2,2,0,0,2,2,0.0000
4,280.0000,3,7,511.6927,-84.0124,0.5587,16,0.4000,0.6667,6,8,8,0,0,8,8,0.0000
4,280.0000,3,8,409.1089,-82.4031,0.3798,10,0.2500,0.7143,7,8,8,0,0,8,8,0.0000
4,280.0000,3,10,664.0538,-85.9715,-0.8657,8,0.2000,0.8571,7,8,8,0,0,8,8,0.0000
4,280.0000,3,11,367.3365,-81.1223,-0.5382,17,0.4250,0.4000,5,6,4,0,0,6,4,0.3333
4,280.0000,3,12,538.1622,-84.4196,-0.4001,17,0.4250,0.7500,8,8,7,54,51,62,58,0.0645
4,280.0000,3,13,1033.5250,-89.1774,1.1326,3,0.0750,,0,4,4,0,0,4,4,0.0000
4,280.0000,3,16,821.9683,-86.5965,0.9008,4,0.1000,1.0000,6,8,8,0,0,8,8,0.0000
4,280.0000,3,17,543.8911,-85.4779,-0.0692,13,0.3250,0.7143,7,8,7,0,0,8,7,0.1250
4,280.0000,3,18,783.3282,-87.1022,0.5155,6,0.1500,1.0000,8,8,8,0,0,8,8,0.0000
4,280.0000,3,20,145.4134,-74.3536,1.2296,33,0.8250,0.2000,5,5,2,0,0,5,2,0.6000
4,280.0000,3,21,849.7636,-87.8089,0.0735,5,0.1250,0.8750,8,8,8,0,0,8,8,0.0000
4,280.0000,3,22,317.1690,-81.3671,0.1688,14,0.3500,1.0000,8,7,5,0,0,7,5,0.2857
4,280.0000,3,23,230.6456,-77.7018,0.4468,25,0.6250,0.5000,6,6,1,0,0,6,1,0.8333
4,280.0000,3,24,449.1608,-82.7729,0.0504,10,0.2500,0.8571,7,6,4,0,0,6,4,0.3333
4,280.0000,3,25,818.4288,-88.1400,-0.3368,6,0.1500,0.8750,8,8,8,0,0,8,8,0.0000
4,280.0000,3,26,803.8455,-87.8812,0.0574,7,0.1750,1.0000,4,7,5,0,0,7,5,0.2857
4,280.0000,3,29,676.4627,-85.4932,-0.3786,9,0.2250,1.0000,8,9,8,0,0,9,8,0.1111
4,280.0000,3,31,878.3233,-89.4514,0.2366,3,0.0750,1.0000,6,8,8,0,0,8,8,0.0000
4,280.0000,3,32,604.8285,-86.6755,0.2690,5,0.1250,1.0000,8,8,7,0,0,8,7,0.1250
4,280.0000,3,33,479.6893,-84.1467,-0.3131,15,0.3750,0.5000,6,7,6,0,0,7,6,0.1429
4,280.0000,3,34,881.4684,-87.3386,-0.3258,6,0.1500,1.0000,6,8,8,0,0,8,8,0.0000
4,280.0000,3,35,800.9968,-87.8106,0.0394,8,0.2000,0.8333,6,8,8,0,0,8,8,0.0000
4,280.0000,3,37,981.9670,-88.4836,0.2295,6,0.1500,1.0000,4,6,6,0,0,6,6,0.0000
4,280.0000,3,41,908.6120,-88.3929,0.1888,4,0.1000,1.0000,4,6,6,0,0,6,6,0.0000
4,280.0000,3,43,469.1987,-83.3933,-0.6483,16,0.4000,0.5000,6,8,8,0,0,8,8,0.0000
4,280.0000,3,45,317.1000,-81.5073,0.2931,14,0.3500,0.6667,6,8,8,0,0,8,8,0.0000
4,280.0000,4,1,530.1333,-83.8000,0.7310,9,0.2250,1.0000,6,8,7,0,0,8,7,0.1250
4,280.0000,4,2,825.9130,-86.9289,0.4078,4,0.1000,1.0000,6,8,8,0,0,8,8,0.0000
4,280.0000,4,3,760.1741,-86.1056,0.2821,6,0.1500,1.0000,8,8,8,0,0,8,8,0.0000
4,280.0000,4,6,495.8626,-83.2124,0.4793,15,0.3750,0.8571,7,8,8,0,0,8,8,0.0000
4,280.0000,4,8,368.3824,-79.4504,0.1129,20,0.5000,0.7143,7,8,8,0,0,8,8,0.0000
4,280.0000,4,9,824.3911,-86.8744,-0.0051,6,0.1500,1.0000,6,6,6,0,0,6,6,0.0000
4,280.0000,4,10,702.4038,-85.1264,-1.1044,6,0.1500,1.0000,8,8,8,0,0,8,8,0.0000
4,280.0000,4,11,690.7589,-85.8137,1.1891,7,0.1750,1.0000,8,8,8,0,0,8,8,0.0000
4,280.0000,4,13,479.0676,-84.3782,-0.3075,11,0.2750,0.7143,7,7,6,0,0,7,6,0.1429
4,280.0000,4,16,573.5587,-85.6957,0.2645,11,0.2750,0.8750,8,7,6,0,0,7,6,0.1429
4,280.0000,4,17,881.1580,-86.8648,-1.0740,7,0.1750,1.0000,6,6,6,0,0,6,6,0.0000
4,280.0000,4,19,1016.7888,-89.6475,0.5762,3,0.0750,,0,4,4,0,0,4,4,0.0000
4,280.0000,4,20,625.5182,-83.6256,0.0109,8,0.2000,0.8750,8,8,8,0,0,8,8,0.0000
4,280.0000,4,21,292.1887,-80.2407,0.7442,18,0.4500,0.8571,7,8,6,0,0,8,6,0.2500
4,280.0000,4,22,747.9669,-85.4529,-0.5664,5,0.1250,1.0000,8,6,6,0,0,6,6,0.0000
4,280.0000,4,23,739.5305,-86.4457,0.4843,7,0.1750,1.0000,6,6,6,0,0,6,6,0.0000
4,280.0000,4,24,553.7202,-83.1204,0.2733,10,0.2500,1.0000,8,6,4,0,0,6,4,0.3333
4,280.0000,4,25,381.5152,-80.6983,1.3126,11,0.2750,1.0000,8,8,8,0,0,8,8,0.0000
4,280.0000,4,27,913.3006,-88.0464,0.4219,3,0.0750,1.0000,8,8,8,0,0,8,8,0.0000
4,280.0000,4,28,885.5643,-87.0189,-0.2054,3,0.0750,1.0000,8,8,8,0,0,8,8,0.0000
4,280.0000,4,30,903.8823,-89.2332,0.0252,3,0.0750,1.0000,4,8,8,0,0,8,8,0.0000
4,280.0000,4,31,517.8220,-83.8050,0.2285,9,0.2250,1.0000,8,8,7,0,0,8,7,0.1250
4,280.0000,4,32,462.2102,-81.9532,0.6266,10,0.2500,0.8571,7,7,6,0,0,7,6,0.1429
4,280.0000,4,36,444.8564,-82.0678,-0.3641,16,0.4000,1.0000,8,8,7,0,0,8,7,0.1250
4,280.0000,4,38,872.2461,-87.9793,0.1066,3,0.0750,1.0000,8,8,8,0,0,8,8,0.0000
4,280.0000,4,42,270.7877,-77.2951,-0.5052,30,0.7500,0.5000,6,5,2,0,0,5,2,0.6000
4,280.0000,4,43,981.3360,-87.9079,1.0441,5,0.1250,1.0000,6,6,6,0,0,6,6,0.0000
4,280.0000,4,44,756.9825,-86.3925,-0.2104,7,0.1750,1.0000,8,8,7,0,0,8,7,0.1250
4,280.0000,4,45,788.2757,-86.0766,1.8892,5,0.1250,0.8750,8,4,4,0,0,4,4,0.0000
4,280.0000,4,46,810.3981,-88.4216,0.1145,4,0.1000,1.0000,8,6,6,0,0,6,6,0.0000
4,280.0000,4,47,468.4865,-82.9618,1.1669,10,0.2500,1.0000,8,8,8,0,0,8,8,0.0000
4,280.0000,5,26,320.1680,-78.2685,0.0353,23,0.5750,0.6667,6,5,1,0,0,5,1,0.8000
4,280.0000,5,34,348.5309,-78.8440,-0.5877,27,0.6750,0.6667,6,7,5,0,0,7,5,0.2857
4,280.0000,5,35,326.3361,-77.5616,-0.6684,26,0.6500,0.2000,5,6,4,0,0,6,4,0.3333
4,280.0000,5,41,247.4067,-76.9408,-0.5182,31,0.7750,0.3333,6,6,3,0,0,6,3,0.5000
4,280.0000,6,0,996.3994,-88.0309,-0.5287,3,0.0750,1.0000,2,8,8,0,0,8,8,0.0000
4,280.0000,6,1,454.4755,-84.4868,-0.0983,10,0.2500,1.0000,8,7,5,0,0,7,5,0.2857
4,280.0000,6,3,907.5071,-87.9419,-0.9240,4,0.1000,1.0000,8,6,6,0,0,6,6,0.0000
4,280.0000,6,4,495.8626,-83.0965,0.1881,16,0.4000,0.7143,7,8,8,0,0,8,8,0.0000
4,280.0000,6,8,611.5541,-83.9450,-0.6233,10,0.2500,1.0000,8,8,8,0,0,8,8,0.0000
4,280.0000,6,11,771.2201,-86.3223,0.3678,5,0.1250,1.0000,8,6,6,0,0,6,6,0.0000
4,280.0000,6,13,414.1612,-82.0763,-0.1750,19,0.4750,0.8571,7,7,6,0,0,7,6,0.1429
4,280.0000,6,14,818.6696,-88.2030,0.5698,7,0.1750,1.0000,8,8,8,0,0,8,8,0.0000
4,280.0000,6,15,1045.0010,-87.4960,0.3832,4,0.1000,,0,4,4,0,0,4,4,0.0000
4,280.0000,6,16,690.2016,-85.7763,0.1266,4,0.1000,1.0000,8,7,6,0,0,7,6,0.1429
4,280.0000,6,18,1052.7448,-87.9887,0.9883,4,0.1000,1.0000,6,4,4,0,0,4,4,0.0000
4,280.0000,6,19,807.6208,-86.5657,0.2487,10,0.2500,0.6667,3,8,8,0,0,8,8,0.0000
4,280.0000,6,21,566.9519,-83.3116,0.3102,11,0.2750,1.0000,8,8,7,0,0,8,7,0.1250
4,280.0000,6,24,480.8645,-82.2334,-0.4662,15,0.3750,0.8571,7,7,6,0,0,7,6,0.1429
4,280.0000,6,25,395.0245,-81.7283,0.1742,18,0.4500,0.6667,6,8,8,0,0,8,8,0.0000
4,280.0000,6,28,719.3556,-86.5821,0.7893,9,0.2250,1.0000,8,6,5,0,0,6,5,0.1667
4,280.0000,6,30,893.5594,-87.2927,0.6171,4,0.1000,1.0000,6,4,4,0,0,4,4,0.0000
4,280.0000,6,31,430.0686,-82.4699,-0.0768,17,0.4250,0.7143,7,7,5,0,0,7,5,0.2857
4,280.0000,6,32,370.0197,-80.2083,0.0157,17,0.4250,0.5714,7,8,8,0,0,8,8,0.0000
4,280.0000,6,36,444.3699,-83.5938,0.4597,15,0.3750,0.8571,7,8,8,0,0,8,8,0.0000
4,280.0000,6,38,883.0838,-88.0047,-0.2913,8,0.2000,,0,6,6,0,0,6,6,0.0000
4,280.0000,6,39,928.5715,-88.1207,0.2369,5,0.1250,0.5000,2,8,8,0,0,8,8,0.0000
4,280.0000,6,42,360.5351,-80.6847,-0.8351,25,0.6250,0.7143,7,8,8,0,0,8,8,0.0000
4,280.0000,6,44,832.6011,-87.6867,-0.3934,6,0.1500,1.0000,8,8,8,0,0,8,8,0.0000
4,280.0000,6,45,1020.5697,-88.9784,-0.3797,3,0.0750,1.0000,4,4,4,0,0,4,4,0.0000
4,280.0000,6,46,669.3557,-86.3605,1.0125,12,0.3000,1.0000,4,6,6,0,0,6,6,0.0000
4,280.0000,6,47,323.9856,-80.3182,1.1183,16,0.4000,0.8750,8,8,7,0,0,8,7,0.1250
4,280.0000,7,2,469.5781,-82.7961,-0.3059,14,0.3500,1.0000,8,7,6,0,0,7,6,0.1429
4,280.0000,7,3,511.6927,-83.4374,0.4534,12,0.3000,0.8750,8,7,6,0,0,7,6,0.1429
4,280.0000,7,5,847.6407,-87.2397,-0.7150,8,0.2000,1.0000,8,2,2,0,0,2,2,0.0000
4,280.0000,7,8,896.9471,-87.3695,0.9848,3,0.0750,1.0000,8,8,8,0,0,8,8,0.0000
4,280.0000,7,11,685.9071,-85.9151,0.7678,5,0.1250,1.0000,8,8,8,0,0,8,8,0.0000
4,280.0000,7,12,297.6723,-79.5387,-0.0863,30,0.7500,0.4000,5,8,7,0,0,8,7,0.1250
4,280.0000,7,17,702.8423,-87.2740,0.0534,6,0.1500,0.8571,7,10,10,0,0,10,10,0.0000
4,280.0000,7,20,646.6458,-86.8367,-0.7525,7,0.1750,1.0000,8,8,8,0,0,8,8,0.0000
4,280.0000,7,22,608.6383,-86.5046,-0.1108,7,0.1750,1.0000,8,8,8,0,0,8,8,0.0000
4,280.0000,7,23,570.4469,-84.2418,-0.2239,10,0.2500,0.8571,7,8,7,0,0,8,7,0.1250
4,280.0000,7,24,880.9990,-87.9208,0.4147,3,0.0750,1.0000,6,6,6,0,0,6,6,0.0000
4,280.0000,7,26,619.1003,-85.0268,0.3304,16,0.4000,0.8571,7,8,8,0,0,8,8,0.0000
4,280.0000,7,29,233.0370,-73.2448,-2.4052,35,0.8750,0.0000,4,6,3,0,0,6,3,0.5000
4,280.0000,7,33,108.2998,-67.4420,0.1556,36,0.9000,0.0000,4,5,2,0,0,5,2,0.6000
4,280.0000,7,34,547.7487,-83.1570,-0.5159,17,0.4250,0.8571,7,8,8,0,0,8,8,0.0000
4,280.0000,7,35,550.9953,-84.6143,-0.2193,14,0.3500,0.8750,8,8,7,0,0,8,7,0.1250
4,280.0000,7,41,718.0889,-85.4223,0.2900,13,0.3250,1.0000,8,8,8,0,0,8,8,0.0000
4,280.0000,7,43,506.1334,-82.1148,-0.7937,19,0.4750,1.0000,8,8,8,0,0,8,8,0.0000
4,280.0000,7,45,574.1307,-84.3579,-0.2925,11,0.2750,1.0000,8,8,8,0,0,8,8,0.0000
4,280.0000,8,1,675.0206,-87.4364,0.4019,7,0.1750,1.0000,8,8,8,13,12,21,20,0.0476
4,280.0000,8,2,462.4824,-83.4676,1.1994,10,0.2500,1.0000,8,8,8,0,0,8,8,0.0000
4,280.0000,8,3,409.1089,-82.4434,0.9395,16,0.4000,0.8571,7,7,5,0,0,7,5,0.2857
4,280.0000,8,4,368.3824,-80.4847,0.0129,20,0.5000,0.5000,6,6,2,0,0,6,2,0.6667
4,280.0000,8,6,611.5541,-84.3103,-0.4824,15,0.3750,1.0000,8,10,9,0,0,10,9,0.1000
4,280.0000,8,7,896.9471,-88.1194,0.6152,4,0.1000,1.0000,6,8,8,0,0,8,8,0.0000
4,280.0000,8,10,489.0136,-84.1896,1.1302,11,0.2750,0.8750,8,8,8,0,0,8,8,0.0000
4,280.0000,8,11,355.3398,-80.6111,-0.4535,20,0.5000,0.8571,7,7,6,0,0,7,6,0.1429
4,280.0000,8,12,864.0919,-86.7888,-0.6825,5,0.1250,0.6667,3,8,8,0,0,8,8,0.0000
4,280.0000,8,13,656.4779,-86.3690,0.5124,9,0.2250,0.8571,7,8,8,0,0,8,8,0.0000
4,280.0000,8,14,803.2336,-86.1600,0.0047,7,0.1750,0.8750,8,8,8,0,0,8,8,0.0000
4,280.0000,8,16,515.4008,-85.2753,0.5280,9,0.2250,1.0000,8,7,6,0,0,7,6,0.1429
4,280.0000,8,17,581.7950,-84.9767,0.9392,10,0.2500,1.0000,8,7,6,0,0,7,6,0.1429
4,280.0000,8,18,754.1606,-86.9263,-0.3588,5,0.1250,1.0000,6,8,7,0,0,8,7,0.1250
4,280.0000,8,20,282.7603,-78.1358,0.0247,26,0.6500,0.0000,4,7,6,0,0,7,6,0.1429
4,280.0000,8,21,449.2069,-83.2771,1.4156,13,0.3250,0.7500,8,7,6,0,0,7,6,0.1429
4,280.0000,8,22,406.8773,-83.0421,0.7666,11,0.2750,0.6667,6,8,8,0,0,8,8,0.0000
4,280.0000,8,23,389.5599,-82.0309,0.9427,11,0.2750,1.0000,8,6,4,0,0,6,4,0.3333
4,280.0000,8,24,340.9643,-79.7980,0.1387,25,0.6250,0.7500,8,7,6,0,0,7,6,0.1429
4,280.0000,8,25,451.9031,-84.0902,0.8824,8,0.2000,0.8571,7,6,4,0,0,6,4,0.3333
4,280.0000,8,27,782.5369,-88.1104,3.5961,3,0.0750,1.0000,8,8,7,0,0,8,7,0.1250
4,280.0000,8,29,1024.3589,-88.3604,0.0685,5,0.1250,1.0000,6,4,4,0,0,4,4,0.0000
4,280.0000,8,31,547.3409,-84.4110,-0.0300,8,0.2000,0.8571,7,8,8,0,0,8,8,0.0000
4,280.0000,8,32,339.6927,-81.4490,0.1842,13,0.3250,0.7143,7,5,1,0,0,5,1,0.8000
4,280.0000,8,33,843.3990,-87.8267,0.1067,8,0.2000,1.0000,6,7,6,0,0,7,6,0.1429
4,280.0000,8,35,1022.7839,-87.2425,1.1037,3,0.0750,,0,4,4,0,0,4,4,0.0000
4,280.0000,8,36,683.9000,-84.6205,1.0336,6,0.1500,1.0000,8,6,6,0,0,6,6,0.0000
4,280.0000,8,42,583.9547,-83.5032,-0.9896,15,0.3750,0.9000,10,8,8,0,0,8,8,0.0000
4,280.0000,8,43,634.7953,-86.8947,0.2560,9,0.2250,1.0000,8,8,6,0,0,8,6,0.2500
4,280.0000,8,44,810.9586,-86.5409,-0.0336,3,0.0750,1.0000,6,7,6,0,0,7,6,0.1429
4,280.0000,8,45,445.1232,-82.1330,0.9549,12,0.3000,0.8571,7,7,6,0,0,7,6,0.1429
4,280.0000,8,47,553.1417,-84.7879,-0.2264,7,0.1750,1.0000,8,7,6,0,0,7,6,0.1429
4,280.0000,9,0,677.9646,-85.3432,-0.3143,14,0.3500,1.0000,8,8,8,0,0,8,8,0.0000
4,280.0000,9,1,415.5529,-81.2648,0.1018,15,0.3750,0.5000,6,8,6,0,0,8,6,0.2500
4,280.0000,9,4,824.3911,-87.1826,2.0132,5,0.1250,1.0000,8,8,8,0,0,8,8,0.0000
4,280.0000,9,8,926.8556,-88.8447,0.6802,3,0.0750,1.0000,2,8,8,0,0,8,8,0.0000
4,280.0000,9,10,703.9392,-86.6500,2.1724,3,0.0750,1.0000,10,8,7,0,0,8,7,0.1250
4,280.0000,9,13,468.5286,-84.1660,0.5222,10,0.2500,0.7143,7,8,8,0,0,8,8,0.0000
4,280.0000,9,14,440.2049,-83.3759,1.3009,5,0.1250,0.7500,8,7,6,0,0,7,6,0.1429
4,280.0000,9,16,457.0891,-84.5452,0.2870,7,0.1750,0.8750,8,8,8,0,0,8,8,0.0000
4,280.0000,9,18,890.4784,-87.0872,-0.4301,3,0.0750,1.0000,6,8,8,0,0,8,8,0.0000
4,280.0000,9,19,971.5629,-88.0448,0.2094,5,0.1250,1.0000,6,4,4,0,0,4,4,0.0000
4,280.0000,9,21,545.3244,-81.6705,0.3624,8,0.2000,0.8571,7,8,8,0,0,8,8,0.0000
4,280.0000,9,25,550.5334,-83.5855,0.3275,8,0.2000,0.8571,7,8,8,0,0,8,8,0.0000
4,280.0000,9,27,558.8793,-85.1220,-0.7786,6,0.1500,1.0000,8,8,8,0,0,8,8,0.0000
4,280.0000,9,28,688.5770,-85.8511,0.0746,11,0.2750,1.0000,8,7,6,0,0,7,6,0.1429
4,280.0000,9,30,337.5225,-80.2077,-0.4993,28,0.7000,0.3333,6,7,6,0,0,7,6,0.1429
4,280.0000,9,31,498.7864,-82.7388,0.4293,9,0.2250,1.0000,8,8,7,0,0,8,7,0.1250
4,280.0000,9,36,506.8269,-83.8433,1.0415,8,0.2000,1.0000,8,8,8,0,0,8,8,0.0000
4,280.0000,9,38,266.1780,-79.7352,1.0464,23,0.5750,0.7143,7,5,1,0,0,5,1,0.8000
4,280.0000,9,39,613.8477,-85.8261,1.0910,11,0.2750,1.0000,6,8,8,0,0,8,8,0.0000
4,280.0000,9,40,696.0759,-85.9954,-0.4798,14,0.3500,1.0000,6,7,6,0,0,7,6,0.1429
4,280.0000,9,44,150.2782,-71.2863,-0.4292,30,0.7500,0.0000,4,4,0,0,0,4,0,1.0000
4,280.0000,9,46,551.4782,-83.7529,0.1885,18,0.4500,1.0000,8,8,7,0,0,8,7,0.1250
4,280.0000,9,47,561.5358,-83.9068,-0.6859,10,0.2500,1.0000,8,8,8,0,0,8,8,0.0000
4,280.0000,10,1,670.4023,-85.1920,-0.3850,6,0.1500,1.0000,4,7,4,0,0,7,4,0.4286
4,280.0000,10,2,536.7350,-83.7582,0.7637,12,0.3000,0.5000,6,8,7,0,0,8,7,0.1250
4,280.0000,10,3,664.0538,-85.4127,-0.0472,7,0.1750,0.7143,7,7,6,0,0,7,6,0.1429
4,280.0000,10,4,702.4038,-86.8843,-1.1186,9,0.2250,0.8571,7,10,9,0,0,10,9,0.1000
4,280.0000,10,7,946.5008,-87.1793,-0.7359,8,0.2000,1.0000,4,4,4,0,0,4,4,0.0000
4,280.0000,10,8,489.0136,-83.7024,0.4350,12,0.3000,0.8571,7,8,7,0,0,8,7,0.1250
4,280.0000,10,9,703.9392,-86.9259,1.2239,6,0.1500,1.0000,4,2,2,0,0,2,2,0.0000
4,280.0000,10,11,345.2753,-81.0215,-0.0184,20,0.5000,0.8750,8,7,6,0,0,7,6,0.1429
4,280.0000,10,12,864.0964,-87.5599,-0.2897,10,0.2500,1.0000,6,2,2,0,0,2,2,0.0000
4,280.0000,10,13,701.5236,-86.9002,-9.1241,3,0.0750,1.0000,6,7,6,0,0,7,6,0.1429
4,280.0000,10,14,470.7058,-83.8678,-0.5489,16,0.4000,0.8571,7,7,4,0,0,7,4,0.4286
4,280.0000,10,16,279.6213,-78.4818,0.4785,21,0.5250,0.5714,7,7,5,0,0,7,5,0.2857
4,280.0000,10,17,394.1557,-81.2894,-0.5176,25,0.6250,0.6250,8,8,8,0,0,8,8,0.0000
4,280.0000,10,18,344.2062,-79.6155,-0.1961,24,0.6000,0.5714,7,8,7,0,0,8,7,0.1250
4,280.0000,10,20,608.2275,-84.1083,-0.7791,15,0.3750,0.8750,8,8,8,0,0,8,8,0.0000
4,280.0000,10,21,531.5135,-85.7320,0.6841,9,0.2250,1.0000,8,7,6,0,0,7,6,0.1429
4,280.0000,10,22,441.3288,-81.7210,-0.9828,20,0.5000,0.8571,7,8,6,0,0,8,6,0.2500
4,280.0000,10,23,520.4241,-82.9028,-0.3727,16,0.4000,0.8571,7,8,8,0,0,8,8,0.0000
4,280.0000,10,24,659.1743,-84.4526,-0.4984,9,0.2250,0.8750,8,7,6,0,0,7,6,0.1429
4,280.0000,10,25,520.2561,-84.9686,0.9738,10,0.2500,1.0000,8,8,7,0,0,8,7,0.1250
4,280.0000,10,26,724.7820,-86.1653,-0.1495,14,0.3500,1.0000,6,2,2,0,0,2,2,0.0000
4,280.0000,10,27,318.6162,-81.7073,0.3680,21,0.5250,0.6667,6,6,2,0,0,6,2,0.6667
4,280.0000,10,29,978.1868,-89.1179,0.3139,5,0.1250,1.0000,8,2,2,0,0,2,2,0.0000
4,280.0000,10,31,519.3531,-84.5709,0.0196,9,0.2250,0.7500,8,7,5,0,0,7,5,0.2857
4,280.0000,10,32,525.8636,-84.7776,-0.0272,10,0.2500,1.0000,8,8,8,0,0,8,8,0.0000
4,280.0000,10,33,860.3893,-87.0209,0.1370,7,0.1750,1.0000,6,8,8,0,0,8,8,0.0000
4,280.0000,10,36,769.9883,-87.2124,2.1869,6,0.1500,1.0000,8,6,6,0,0,6,6,0.0000
4,280.0000,10,37,477.7357,-82.6854,-0.2049,16,0.4000,0.8750,8,7,6,0,0,7,6,0.1429
4,280.0000,10,38,536.0781,-84.8615,-0.4543,15,0.3750,0.6667,6,7,6,0,0,7,6,0.1429
4,280.0000,10,41,773.5719,-86.2817,-0.0053,6,0.1500,1.0000,4,8,8,0,0,8,8,0.0000
4,280.0000,10,42,901.1637,-87.8676,-0.8322,6,0.1500,1.0000,6,6,6,0,0,6,6,0.0000
4,280.0000,10,43,477.5188,-82.7620,-0.1016,18,0.4500,0.8571,7,7,6,0,0,7,6,0.1429
4,280.0000,10,44,554.8554,-86.0882,0.5619,11,0.2750,1.0000,12,7,6,0,0,7,6,0.1429
4,280.0000,10,45,470.5740,-80.4963,-1.2594,25,0.6250,1.0000,8,7,6,0,0,7,6,0.1429
4,280.0000,10,47,615.1645,-85.7024,0.3232,7,0.1750,0.9000,10,8,7,0,0,8,7,0.1250
4,280.0000,11,2,304.3936,-80.1384,-0.5809,25,0.6250,0.8571,7,8,6,0,0,8,6,0.2500
4,280.0000,11,3,367.3365,-81.1889,-0.4153,21,0.5250,0.5714,7,8,7,0,0,8,7,0.1250
4,280.0000,11,4,690.7589,-86.8856,-0.1367,7,0.1750,1.0000,8,4,4,0,0,4,4,0.0000
4,280.0000,11,5,868.6975,-87.7786,0.5053,5,0.1250,,0,2,2,0,0,2,2,0.0000
4,280.0000,11,6,771.2201,-87.1061,-1.1648,3,0.0750,0.7500,8,4,4,0,0,4,4,0.0000
4,280.0000,11,7,685.9071,-86.3268,0.7473,9,0.2250,0.7500,8,8,7,0,0,8,7,0.1250
4,280.0000,11,8,355.3398,-80.3007,0.6847,17,0.4250,0.5000,6,5,1,0,0,5,1,0.8000
4,280.0000,11,10,345.2753,-79.2032,0.0890,14,0.3500,0.6250,8,7,5,0,0,7,5,0.2857
4,280.0000,11,12,689.1009,-84.4181,-0.3804,9,0.2250,0.8571,7,8,8,0,0,8,8,0.0000
4,280.0000,11,14,682.5170,-85.2176,-1.7098,3,0.0750,1.0000,8,7,6,0,0,7,6,0.1429
4,280.0000,11,16,512.2591,-82.4756,1.8458,5,0.1250,0.8571,7,8,8,0,0,8,8,0.0000
4,280.0000,11,17,429.3541,-82.5789,-0.6653,18,0.4500,0.6667,6,7,5,0,0,7,5,0.2857
4,280.0000,11,18,454.8355,-81.9482,0.5567,10,0.2500,0.8571,7,7,6,0,0,7,6,0.1429
4,280.0000,11,20,357.0720,-79.4118,-0.9756,27,0.6750,0.5000,6,7,5,0,0,7,5,0.2857
4,280.0000,11,21,655.0760,-87.2813,1.1286,4,0.1000,1.0000,8,7,6,0,0,7,6,0.1429
4,280.0000,11,22,307.0265,-80.2329,0.4770,23,0.5750,0.0000,4,6,4,0,0,6,4,0.3333
4,280.0000,11,23,330.2203,-79.5382,0.6573,25,0.6250,0.4000,5,6,4,0,0,6,4,0.3333
4,280.0000,11,24,402.8161,-80.0461,-0.4876,22,0.5500,0.7143,7,7,6,0,0,7,6,0.1429
4,280.0000,11,25,580.1909,-85.8191,6.0712,3,0.0750,0.8571,7,8,7,0,0,8,7,0.1250
4,280.0000,11,26,706.8819,-85.7529,-0.0965,8,0.2000,1.0000,4,7,6,0,0,7,6,0.1429
4,280.0000,11,27,633.8562,-86.2750,1.7099,6,0.1500,0.8000,5,8,8,0,0,8,8,0.0000
4,280.0000,11,29,785.2668,-87.2966,0.8088,5,0.1250,0.8750,8,8,8,0,0,8,8,0.0000
4,280.0000,11,32,403.0959,-81.6861,1.5254,10,0.2500,0.8571,7,6,4,0,0,6,4,0.3333
4,280.0000,11,33,623.5030,-84.8562,-1.0526,10,0.2500,0.8571,7,8,6,0,0,8,6,0.2500
4,280.0000,11,34,822.3501,-87.4068,-0.7862,5,0.1250,0.8333,6,4,4,0,0,4,4,0.0000
4,280.0000,11,35,727.5477,-86.0019,0.6497,5,0.1250,1.0000,4,8,8,0,0,8,8,0.0000
4,280.0000,11,36,866.8848,-88.0054,2.1917,3,0.0750,0.8750,8,8,8,0,0,8,8,0.0000
4,280.0000,11,37,663.1647,-85.0325,-0.0146,7,0.1750,1.0000,8,7,6,0,0,7,6,0.1429
4,280.0000,11,38,804.8803,-86.4479,1.4221,3,0.0750,0.7500,4,4,4,0,0,4,4,0.0000
4,280.0000,11,41,789.9333,-86.7588,0.3183,7,0.1750,,0,6,6,0,0,6,6,0.0000
4,280.0000,11,42,872.5924,-86.2597,-1.9813,4,0.1000,0.8571,7,6,6,0,0,6,6,0.0000
4,280.0000,11,43,366.7892,-82.3209,0.0371,15,0.3750,0.6667,6,8,8,0,0,8,8,0.0000
4,280.0000,11,45,330.1355,-78.5061,0.0756,24,0.6000,0.8571,7,7,5,0,0,7,5,0.2857
4,280.0000,12,2,412.6078,-80.2822,-1.0787,15,0.3750,1.0000,8,8,8,0,0,8,8,0.0000
4,280.0000,12,3,538.1622,-83.5294,-0.3949,12,0.3000,0.8571,7,8,8,0,0,8,8,0.0000
4,280.0000,12,5,782.8833,-86.7454,-0.1855,8,0.2000,1.0000,4,8,8,0,0,8,8,0.0000
4,280.0000,12,7,297.6723,-79.0054,-0.1853,34,0.8500,0.2000,5,7,6,0,0,7,6,0.1429
4,280.0000,12,11,689.1009,-85.5425,-0.0402,7,0.1750,0.8750,8,8,8,0,0,8,8,0.0000
4,280.0000,12,17,526.5665,-83.6567,-0.8015,10,0.2500,1.0000,8,8,8,0,0,8,8,0.0000
4,280.0000,12,20,628.6172,-85.3067,1.0024,4,0.1000,0.8571,7,8,8,0,0,8,8,0.0000
4,280.0000,12,22,493.5422,-81.6988,-2.3496,10,0.2500,0.6667,6,8,8,0,0,8,8,0.0000
4,280.0000,12,23,478.5760,-80.6640,0.0025,18,0.4500,1.0000,8,8,7,0,0,8,7,0.1250
4,280.0000,12,26,483.6395,-83.2431,0.6969,15,0.3750,1.0000,6,10,10,0,0,10,10,0.0000
4,280.0000,12,29,248.4814,-77.3282,-0.1216,34,0.8500,0.5000,6,5,1,0,0,5,1,0.8000
4,280.0000,12,33,216.5591,-77.0004,0.2280,33,0.8250,0.5000,6,4,0,7,0,11,0,1.0000
4,280.0000,12,34,536.2746,-84.5892,0.8682,17,0.4250,0.8571,7,8,8,0,0,8,8,0.0000
4,280.0000,12,35,459.6665,-82.6914,0.3864,15,0.3750,0.7143,7,7,5,0,0,7,5,0.2857
4,280.0000,12,41,583.2793,-84.5884,-0.6087,13,0.3250,0.8571,7,8,8,0,0,8,8,0.0000
4,280.0000,12,43,408.9436,-78.9416,-1.3847,27,0.6750,0.6667,6,8,8,0,0,8,8,0.0000
4,280.0000,12,45,451.4081,-81.3183,-0.3888,10,0.2500,0.7143,7,8,8,0,0,8,8,0.0000
4,280.0000,13,0,693.6033,-86.2256,-0.1881,14,0.3500,1.0000,6,8,8,0,0,8,8,0.0000
4,280.0000,13,1,72.3531,-67.8908,1.3595,34,0.8500,0.0000,4,5,1,0,0,5,1,0.8000
4,280.0000,13,4,479.0676,-83.2230,0.2179,15,0.3750,1.0000,8,8,7,0,0,8,7,0.1250
4,280.0000,13,6,414.1612,-81.7326,-0.1765,24,0.6000,0.4000,5,7,6,0,0,7,6,0.1429
4,280.0000,13,8,656.4779,-86.1518,1.4052,6,0.1500,1.0000,8,8,8,0,0,8,8,0.0000
4,280.0000,13,9,468.5286,-83.2887,0.8628,16,0.4000,1.0000,8,7,5,0,0,7,5,0.2857
4,280.0000,13,11,796.9097,-87.3498,0.2589,5,0.1250,0.8571,7,4,4,0,0,4,4,0.0000
4,280.0000,13,14,573.1327,-84.3534,0.8676,11,0.2750,1.0000,8,8,8,0,0,8,8,0.0000
4,280.0000,13,16,441.8802,-84.1970,1.4105,10,0.2500,0.8571,7,10,8,0,0,10,8,0.2000
4,280.0000,13,18,940.5531,-86.6254,-1.9818,3,0.0750,1.0000,8,4,4,0,0,4,4,0.0000
4,280.0000,13,19,728.8176,-86.0910,0.4326,15,0.3750,0.8000,5,6,6,0,0,6,6,0.0000
4,280.0000,13,20,930.6810,-87.0342,-0.5261,3,0.0750,1.0000,8,4,4,0,0,4,4,0.0000
4,280.0000,13,21,326.9454,-79.7185,-0.2418,24,0.6000,0.0000,4,7,6,0,0,7,6,0.1429
4,280.0000,13,24,705.5141,-86.6194,-0.1627,5,0.1250,1.0000,8,6,6,0,0,6,6,0.0000
4,280.0000,13,25,219.9793,-74.8494,-0.6961,32,0.8000,0.4000,5,5,2,0,0,5,2,0.6000
4,280.0000,13,27,754.1672,-86.3724,-0.4183,6,0.1500,1.0000,8,8,8,0,0,8,8,0.0000
4,280.0000,13,28,513.1686,-84.0597,0.9522,19,0.4750,0.8571,7,7,5,0,0,7,5,0.2857
4,280.0000,13,30,509.6117,-84.7135,0.4204,17,0.4250,0.7143,7,8,7,0,0,8,7,0.1250
4,280.0000,13,31,232.4086,-76.5129,0.2511,29,0.7250,0.0000,4,6,3,0,0,6,3,0.5000
4,280.0000,13,32,477.5044,-81.1142,-0.2613,18,0.4500,0.5000,6,8,7,0,0,8,7,0.1250
4,280.0000,13,36,114.7691,-71.9386,0.9315,37,0.9250,0.2000,5,5,2,0,0,5,2,0.6000
4,280.0000,13,38,552.8990,-84.7334,1.0294,11,0.2750,0.9000,10,5,5,0,0,5,5,0.0000
4,280.0000,13,39,649.6069,-85.5615,0.2630,13,0.3250,1.0000,8,7,6,0,0,7,6,0.1429
4,280.0000,13,40,795.1024,-86.6181,-0.6052,3,0.0750,1.0000,4,4,4,0,0,4,4,0.0000
4,280.0000,13,42,438.5045,-81.8084,-0.7787,24,0.6000,0.5714,7,7,6,0,0,7,6,0.1429
4,280.0000,13,44,457.0723,-82.5919,-0.2647,18,0.4500,0.8571,7,8,7,0,0,8,7,0.1250
4,280.0000,13,46,400.1494,-82.7490,0.8611,24,0.6000,0.6667,6,7,6,0,0,7,6,0.1429
4,280.0000,13,47,177.7553,-75.6712,0.5061,32,0.8000,0.0000,4,5,1,0,0,5,1,0.8000
4,280.0000,14,1,506.0253,-84.0439,-0.0293,9,0.2308,0.8571,7,8,8,0,0,8,8,0.0000
4,280.0000,14,3,1041.7962,-87.9394,-1.1969,3,0.0769,1.0000,2,4,4,0,0,4,4,0.0000
4,280.0000,14,6,818.6696,-87.0210,-0.2010,3,0.0769,1.0000,8,5,4,0,0,5,4,0.2000
4,280.0000,14,8,803.2336,-86.6107,-0.2394,3,0.0769,1.0000,8,8,8,0,0,8,8,0.0000
4,280.0000,14,9,440.2049,-82.4740,-0.1894,15,0.3846,0.8000,5,7,5,0,0,7,5,0.2857
4,280.0000,14,10,470.7058,-83.9471,0.8657,8,0.2051,1.0000,6,8,8,0,0,8,8,0.0000
4,280.0000,14,11,682.5170,-85.6502,-0.4689,7,0.1795,1.0000,8,6,6,0,0,6,6,0.0000
4,280.0000,14,13,573.1327,-84.4680,-0.2358,4,0.1026,1.0000,8,8,8,0,0,8,8,0.0000
4,280.0000,14,16,342.8288,-78.7960,-0.4154,16,0.4103,0.6667,6,8,7,0,0,8,7,0.1250
4,280.0000,14,17,854.6433,-88.2949,-0.0583,4,0.1026,0.6667,3,6,6,0,0,6,6,0.0000
4,280.0000,14,18,515.6014,-81.6943,-1.1415,11,0.2821,0.7143,7,8,8,0,0,8,8,0.0000
4,280.0000,14,21,631.9947,-84.9240,-0.1951,9,0.2308,0.8750,8,8,8,0,0,8,8,0.0000
4,280.0000,14,24,843.8602,-85.7201,1.0620,5,0.1282,1.0000,8,6,6,0,0,6,6,0.0000
4,280.0000,14,25,517.8634,-83.5837,0.4990,9,0.2308,1.0000,8,5,4,0,0,5,4,0.2000
4,280.0000,14,27,318.0668,-77.7140,-0.9666,22,0.5641,0.5714,7,7,5,0,0,7,5,0.2857
4,280.0000,14,28,944.6856,-88.9387,0.1983,5,0.1282,1.0000,6,8,8,0,0,8,8,0.0000
4,280.0000,14,30,727.8686,-85.8787,4.6224,5,0.1282,1.0000,8,8,8,0,0,8,8,0.0000
4,280.0000,14,31,409.4977,-81.2008,0.7218,9,0.2308,0.6667,6,7,5,0,0,7,5,0.2857
4,280.0000,14,32,624.8938,-83.9894,-0.9928,4,0.1026,0.8571,7,6,6,0,0,6,6,0.0000
4,280.0000,14,36,673.1460,-86.0768,-1.8179,3,0.0769,0.8750,8,7,6,0,0,7,6,0.1429
4,280.0000,14,37,560.8304,-83.6957,0.5112,9,0.2308,1.0000,10,8,7,0,0,8,7,0.1250
4,280.0000,14,38,200.3766,-76.3340,0.1175,27,0.6923,0.0000,4,5,1,0,0,5,1,0.8000
4,280.0000,14,40,1075.3871,-88.8894,-0.5871,3,0.0769,,0,6,6,0,0,6,6,0.0000
4,280.0000,14,44,345.4456,-81.6275,0.4732,14,0.3590,0.5000,6,8,7,7,5,15,12,0.2000
4,280.0000,14,46,808.5784,-88.1099,-0.7623,3,0.0769,1.0000,2,8,8,0,0,8,8,0.0000
4,280.0000,14,47,521.0070,-82.6807,-0.0374,10,0.2564,0.9000,10,6,6,0,0,6,6,0.0000
4,280.0000,15,0,458.3513,-83.4753,0.7220,12,0.3000,0.5000,6,6,3,0,0,6,3,0.5000
4,280.0000,15,1,922.9970,-88.6894,-0.2278,3,0.0750,1.0000,8,8,8,0,0,8,8,0.0000
4,280.0000,15,19,264.0975,-80.2474,0.3402,29,0.7250,0.5000,6,4,0,0,0,4,0,1.0000
4,280.0000,15,28,392.8529,-81.9263,-0.0578,18,0.4500,1.0000,8,8,8,0,0,8,8,0.0000
4,280.0000,15,30,726.5450,-85.6222,1.0414,6,0.1500,0.7500,8,8,8,0,0,8,8,0.0000
4,280.0000,15,39,484.4676,-82.1646,0.3781,15,0.3750,0.8571,7,7,5,0,0,7,5,0.2857
4,280.0000,15,40,503.8781,-83.5604,-0.7560,13,0.3250,1.0000,8,6,4,0,0,6,4,0.3333
4,280.0000,15,46,525.5252,-83.3234,0.9495,10,0.2500,0.8750,8,7,5,0,0,7,5,0.2857
4,280.0000,16,1,404.9853,-83.8029,1.2642,9,0.2250,0.7143,7,7,6,57,41,64,47,0.2656
4,280.0000,16,2,752.7378,-87.5208,0.9889,3,0.0750,1.0000,8,8,8,0,0,8,8,0.0000
4,280.0000,16,3,821.9683,-87.2620,-1.1558,4,0.1000,1.0000,8,7,6,0,0,7,6,0.1429
4,280.0000,16,4,573.5587,-86.2055,0.4564,7,0.1750,1.0000,8,7,6,0,0,7,6,0.1429
4,280.0000,16,6,690.2016,-86.1042,-0.0739,4,0.1000,0.8571,7,5,4,0,0,5,4,0.2000
4,280.0000,16,8,515.4008,-84.7764,0.0084,9,0.2250,0.8750,8,6,4,0,0,6,4,0.3333
4,280.0000,16,9,457.0891,-83.1745,0.6557,17,0.4250,0.8333,6,6,4,0,0,6,4,0.3333
4,280.0000,16,10,279.6213,-78.3484,-0.0646,24,0.6000,0.2000,5,5,2,2,2,7,4,0.4286
4,280.0000,16,11,512.2591,-83.4228,0.4085,10,0.2500,1.0000,8,7,5,0,0,7,5,0.2857
4,280.0000,16,13,441.8802,-83.9843,0.0934,9,0.2250,0.8571,7,7,5,0,0,7,5,0.2857
4,280.0000,16,14,342.8288,-79.2177,-0.9210,25,0.6250,0.3333,6,8,7,10,9,18,16,0.1111
4,280.0000,16,17,652.6842,-86.1948,-0.7705,7,0.1750,0.8571,7,8,8,0,0,8,8,0.0000
4,280.0000,16,18,547.7961,-81.9133,-0.4481,17,0.4250,0.8571,7,8,8,0,0,8,8,0.0000
4,280.0000,16,20,736.2856,-86.5755,0.4418,6,0.1500,1.0000,8,6,5,0,0,6,5,0.1667
4,280.0000,16,21,330.4658,-80.4945,0.5483,17,0.4250,1.0000,8,6,4,0,0,6,4,0.3333
4,280.0000,16,22,656.5297,-85.4110,0.8230,8,0.2000,1.0000,8,8,8,0,0,8,8,0.0000
4,280.0000,16,23,715.8241,-87.0620,0.6638,5,0.1250,1.0000,8,4,4,0,0,4,4,0.0000
4,280.0000,16,24,666.9276,-86.4426,-0.1767,4,0.1000,1.0000,8,8,8,0,0,8,8,0.0000
4,280.0000,16,25,306.4991,-81.1099,1.1547,13,0.3250,0.8750,8,6,2,0,0,6,2,0.6667
4,280.0000,16,27,351.3527,-77.9955,-1.6726,31,0.7750,0.4000,5,6,4,0,0,6,4,0.3333
4,280.0000,16,28,920.6350,-87.3073,3.3818,3,0.0750,1.0000,4,4,4,0,0,4,4,0.0000
4,280.0000,16,30,729.0413,-87.4537,-1.1492,3,0.0750,1.0000,6,8,7,0,0,8,7,0.1250
4,280.0000,16,31,295.0405,-80.8435,0.8116,19,0.4750,0.5714,7,4,0,4,3,8,3,0.6250
4,280.0000,16,32,453.9828,-83.3848,0.2309,11,0.2750,0.8750,8,8,7,0,0,8,7,0.1250
4,280.0000,16,36,511.5548,-86.0805,0.7459,8,0.2000,0.8571,7,6,4,0,0,6,4,0.3333
4,280.0000,16,37,653.3161,-84.8749,-0.2369,10,0.2500,0.5000,6,7,6,0,0,7,6,0.1429
4,280.0000,16,38,353.5350,-80.2480,-0.1371,30,0.7500,0.7273,132,7,6,4,4,11,10,0.0909
4,280.0000,16,39,961.7821,-88.5308,2.2337,3,0.0750,,0,4,4,0,0,4,4,0.0000
4,280.0000,16,42,721.4475,-87.0024,0.5081,5,0.1250,1.0000,8,7,5,0,0,7,5,0.2857
4,280.0000,16,43,745.4990,-88.5214,1.2205,5,0.1250,1.0000,8,7,6,0,0,7,6,0.1429
4,280.0000,16,44,319.2214,-81.4634,0.5943,23,0.5750,0.8571,7,4,0,54,40,58,40,0.3103
4,280.0000,16,45,693.7809,-87.1222,0.4601,6,0.1500,0.8333,6,5,4,0,0,5,4,0.2000
4,280.0000,16,47,395.5392,-81.9225,-0.1091,15,0.3750,0.8571,7,6,3,0,0,6,3,0.5000
4,280.0000,17,2,340.5054,-80.0762,0.1199,19,0.4872,0.8750,8,6,3,0,0,6,3,0.5000
4,280.0000,17,3,543.8911,-83.4456,-0.0538,13,0.3333,1.0000,8,8,8,0,0,8,8,0.0000
4,280.0000,17,4,881.1580,-87.0644,1.2107,3,0.0769,1.0000,8,8,8,0,0,8,8,0.0000
4,280.0000,17,5,715.2049,-87.4580,0.7746,7,0.1795,1.0000,6,4,4,0,0,4,4,0.0000
4,280.0000,17,7,702.8423,-86.5963,-1.0558,8,0.2051,1.0000,8,7,6,0,0,7,6,0.1429
4,280.0000,17,8,581.7950,-84.3093,-0.2193,6,0.1538,1.0000,8,8,8,0,0,8,8,0.0000
4,280.0000,17,10,394.1557,-79.9503,0.3450,14,0.3590,1.0000,8,8,7,0,0,8,7,0.1250
4,280.0000,17,11,429.3541,-81.9736,-0.4583,11,0.2821,0.6667,6,8,6,0,0,8,6,0.2500
4,280.0000,17,12,526.5665,-81.8227,-0.5431,15,0.3846,0.6667,6,7,5,0,0,7,5,0.2857
4,280.0000,17,16,652.6842,-83.4414,0.8491,4,0.1026,1.0000,6,7,6,0,0,7,6,0.1429
4,280.0000,17,18,508.0739,-82.9168,-0.8110,7,0.1795,1.0000,8,7,5,0,0,7,5,0.2857
4,280.0000,17,20,524.9665,-83.0339,-1.0493,9,0.2308,0.8571,7,8,8,0,0,8,8,0.0000
4,280.0000,17,21,803.1578,-85.1886,0.1816,5,0.1282,1.0000,4,8,8,0,0,8,8,0.0000
4,280.0000,17,22,235.0855,-73.3485,-2.3640,29,0.7436,0.2000,5,7,5,0,0,7,5,0.2857
4,280.0000,17,23,328.2841,-77.1696,-1.4564,25,0.6410,0.5714,7,6,4,0,0,6,4,0.3333
4,280.0000,17,24,794.7161,-86.2110,-1.9674,3,0.0769,1.0000,8,8,8,0,0,8,8,0.0000
4,280.0000,17,26,472.5668,-82.4866,1.2551,16,0.4103,0.8750,8,7,6,0,0,7,6,0.1429
4,280.0000,17,29,687.7008,-85.4360,-0.3122,9,0.2308,0.8000,5,8,6,0,0,8,6,0.2500
4,280.0000,17,32,776.1380,-87.4292,2.4364,3,0.0769,1.0000,8,8,8,0,0,8,8,0.0000
4,280.0000,17,33,600.0510,-84.8390,-0.5100,12,0.3077,1.0000,8,8,8,0,0,8,8,0.0000
4,280.0000,17,34,706.6299,-86.8460,0.8396,7,0.1795,0.8000,5,8,6,0,0,8,6,0.2500
4,280.0000,17,35,546.5856,-85.9829,0.6530,7,0.1795,0.8750,8,7,6,0,0,7,6,0.1429
4,280.0000,17,37,618.4611,-84.4009,0.2686,6,0.1538,1.0000,8,7,6,0,0,7,6,0.1429
4,280.0000,17,41,545.0129,-83.9478,0.5369,12,0.3077,1.0000,6,8,8,0,0,8,8,0.0000
4,280.0000,17,43,245.0770,-77.7847,0.3225,25,0.6410,0.2000,5,7,3,0,0,7,3,0.5714
4,280.0000,17,45,230.6335,-75.0176,-0.7111,29,0.7436,0.5000,6,6,4,0,0,6,4,0.3333
4,280.0000,18,1,894.7960,-88.1608,-0.9775,3,0.0750,1.0000,8,8,8,0,0,8,8,0.0000
4,280.0000,18,2,626.8106,-85.9545,0.6844,4,0.1000,1.0000,8,7,5,0,0,7,5,0.2857
4,280.0000,18,3,783.3282,-88.3208,0.3668,5,0.1250,1.0000,8,8,8,0,0,8,8,0.0000
4,280.0000,18,4,1013.4074,-87.9339,0.3538,3,0.0750,1.0000,6,4,4,0,0,4,4,0.0000
4,280.0000,18,5,566.3651,-86.2701,0.8357,7,0.1750,1.0000,4,6,6,0,0,6,6,0.0000
4,280.0000,18,7,885.8516,-86.7147,0.0579,3,0.0750,1.0000,6,8,8,0,0,8,8,0.0000
4,280.0000,18,8,754.1606,-88.3397,0.4298,4,0.1000,1.0000,6,6,6,0,0,6,6,0.0000
4,280.0000,18,9,890.4784,-87.3038,-4.8715,3,0.0750,1.0000,6,2,2,0,0,2,2,0.0000
4,280.0000,18,10,344.2062,-78.4439,-0.3694,10,0.2500,0.5000,6,7,5,0,0,7,5,0.2857
4,280.0000,18,11,454.8355,-84.7523,1.5743,7,0.1750,0.8571,7,7,6,0,0,7,6,0.1429
4,280.0000,18,12,850.7789,-86.6664,0.0332,5,0.1250,1.0000,8,8,8,0,0,8,8,0.0000
4,280.0000,18,13,940.5531,-87.0033,-0.2222,3,0.0750,1.0000,8,8,8,0,0,8,8,0.0000
4,280.0000,18,14,515.6014,-81.3138,-0.6102,11,0.2750,0.8750,8,8,8,0,0,8,8,0.0000
4,280.0000,18,16,547.7961,-82.8486,-0.9901,8,0.2000,0.8750,8,8,8,0,0,8,8,0.0000
4,280.0000,18,17,508.0739,-84.7351,-0.5131,6,0.1500,1.0000,8,8,7,0,0,8,7,0.1250
4,280.0000,18,20,789.9186,-87.0740,0.5518,4,0.1000,1.0000,8,6,6,0,0,6,6,0.0000
4,280.0000,18,22,598.3803,-84.4719,-2.1830,4,0.1000,0.6667,6,8,8,0,0,8,8,0.0000
4,280.0000,18,23,674.8870,-86.7484,1.3240,4,0.1000,1.0000,8,6,6,0,0,6,6,0.0000
4,280.0000,18,24,809.1224,-86.7479,-0.0366,5,0.1250,1.0000,8,6,6,0,0,6,6,0.0000
4,280.0000,18,25,773.4773,-87.4209,0.2827,3,0.0750,1.0000,8,4,4,0,0,4,4,0.0000
4,280.0000,18,26,568.2976,-85.1645,0.1229,7,0.1750,1.0000,8,7,5,0,0,7,5,0.2857
4,280.0000,18,27,378.7934,-80.4151,0.1768,13,0.3250,0.8571,7,8,8,0,0,8,8,0.0000
4,280.0000,18,29,877.5828,-87.5052,-0.5261,6,0.1500,0.8000,5,8,8,0,0,8,8,0.0000
4,280.0000,18,31,723.2851,-86.0464,0.6638,5,0.1250,0.8750,8,8,8,0,0,8,8,0.0000
4,280.0000,18,32,712.3629,-87.1158,0.9237,4,0.1000,1.0000,8,6,6,0,0,6,6,0.0000
4,280.0000,18,34,703.1644,-86.8656,-6.8585,3,0.0750,1.0000,6,4,4,0,0,4,4,0.0000
4,280.0000,18,35,612.0783,-86.1966,-0.4699,10,0.2500,0.8571,7,8,8,0,0,8,8,0.0000
4,280.0000,18,37,216.4310,-77.3032,0.6554,32,0.8000,0.0000,4,4,0,0,0,4,0,1.0000
4,280.0000,18,38,648.6624,-85.7978,-0.8488,7,0.1750,1.0000,8,6,6,0,0,6,6,0.0000
4,280.0000,18,41,592.6187,-86.8200,0.8364,5,0.1250,1.0000,6,7,5,0,0,7,5,0.2857
4,280.0000,18,43,451.9532,-84.5464,0.9562,7,0.1750,1.0000,8,8,7,0,0,8,7,0.1250
4,280.0000,18,44,751.8520,-86.3075,2.7344,5,0.1250,1.0000,4,7,6,0,0,7,6,0.1429
4,280.0000,18,45,607.0831,-84.7064,-0.3200,6,0.1500,0.8571,7,6,6,0,0,6,6,0.0000
4,280.0000,18,47,827.9907,-87.5255,-2.1178,3,0.0750,1.0000,8,8,7,0,0,8,7,0.1250
4,280.0000,19,0,502.8186,-84.4029,0.7927,15,0.3659,0.6667,6,7,6,0,0,7,6,0.1429
4,280.0000,19,6,807.6208,-85.8446,0.3824,4,0.0976,1.0000,8,7,6,0,0,7,6,0.1429
4,280.0000,19,9,971.5629,-87.6959,0.4228,3,0.0732,1.0000,8,8,8,0,0,8,8,0.0000
4,280.0000,19,15,264.0975,-80.3823,1.0503,29,0.7073,0.4000,5,4,0,0,0,4,0,1.0000
4,280.0000,19,25,931.1681,-87.3321,-1.3838,3,0.0732,1.0000,8,8,8,0,0,8,8,0.0000
4,280.0000,19,28,285.5409,-79.4247,0.0981,26,0.6341,0.5714,7,8,7,0,0,8,7,0.1250
4,280.0000,19,30,707.3825,-86.6181,-0.0368,6,0.1463,0.8750,8,8,8,0,0,8,8,0.0000
4,280.0000,19,36,676.8909,-85.4374,-0.1778,5,0.1220,1.0000,8,7,6,0,0,7,6,0.1429
4,280.0000,19,39,529.9097,-84.8692,0.1730,14,0.3415,1.0000,8,6,3,0,0,6,3,0.5000
4,280.0000,19,40,608.8425,-85.6935,0.3669,13,0.3171,0.8750,8,7,6,0,0,7,6,0.1429
4,280.0000,19,42,791.5639,-87.1398,-2.6442,3,0.0732,1.0000,8,8,8,0,0,8,8,0.0000
4,280.0000,19,46,421.9428,-82.0089,-0.1874,19,0.4634,0.2000,5,7,5,0,0,7,5,0.2857
4,280.0000,20,1,944.5886,-88.6237,0.6972,3,0.0750,1.0000,2,6,6,0,0,6,6,0.0000
4,280.0000,20,2,268.3270,-77.8525,0.2774,31,0.7750,0.0000,4,6,2,0,0,6,2,0.6667
4,280.0000,20,3,145.4134,-74.2449,0.8413,40,1.0000,0.1667,6,3,0,0,0,3,0,1.0000
4,280.0000,20,4,625.5182,-85.1728,-0.8314,9,0.2250,0.5000,6,8,8,8,8,16,16,0.0000
4,280.0000,20,6,828.4480,-86.8392,-1.1391,5,0.1250,0.8571,7,6,6,0,0,6,6,0.0000
4,280.0000,20,7,646.6458,-85.3908,0.0315,14,0.3500,0.6667,6,8,8,0,0,8,8,0.0000
4,280.0000,20,8,282.7603,-78.3820,-0.1240,30,0.7500,0.3333,6,7,5,61,59,68,64,0.0588
4,280.0000,20,10,608.2275,-83.1024,-0.7371,12,0.3000,0.9866,149,8,8,40,40,48,48,0.0000
4,280.0000,20,11,357.0720,-79.3294,-0.4296,24,0.6000,0.2000,5,7,6,0,0,7,6,0.1429
4,280.0000,20,12,628.6172,-84.5335,0.0908,18,0.4500,1.0000,8,7,6,0,0,7,6,0.1429
4,280.0000,20,13,930.6810,-87.5192,0.5466,3,0.0750,1.0000,8,4,4,0,0,4,4,0.0000
4,280.0000,20,14,990.4539,-88.3878,-1.1998,4,0.1000,1.0000,6,2,2,0,0,2,2,0.0000
4,280.0000,20,16,736.2856,-86.2066,1.4242,6,0.1500,1.0000,8,8,8,0,0,8,8,0.0000
4,280.0000,20,17,524.9665,-82.8970,-0.1053,16,0.4000,0.5000,6,8,8,0,0,8,8,0.0000
4,280.0000,20,18,789.9186,-85.1600,0.5905,7,0.1750,1.0000,8,8,8,0,0,8,8,0.0000
4,280.0000,20,21,725.8020,-87.5453,0.4718,5,0.1250,1.0000,10,8,8,0,0,8,8,0.0000
4,280.0000,20,22,291.1914,-79.2992,0.2768,27,0.6750,0.7143,7,7,3,0,0,7,3,0.5714
4,280.0000,20,23,211.2553,-76.6650,1.1108,30,0.7500,0.2000,5,4,0,0,0,4,0,1.0000
4,280.0000,20,24,412.3707,-81.6920,-0.1320,20,0.5000,0.5714,7,8,5,0,0,8,5,0.3750
4,280.0000,20,25,719.2848,-86.1552,-0.0758,7,0.1750,1.0000,6,8,8,0,0,8,8,0.0000
4,280.0000,20,27,926.0110,-87.5401,-1.1603,4,0.1000,1.0000,8,8,8,0,0,8,8,0.0000
4,280.0000,20,29,792.9588,-86.6463,0.1029,10,0.2500,0.7143,7,8,8,0,0,8,8,0.0000
4,280.0000,20,31,795.2698,-85.5951,-1.0929,5,0.1250,1.0000,8,8,8,0,0,8,8,0.0000
4,280.0000,20,32,537.2213,-83.8837,-0.4743,8,0.2000,0.8750,8,7,6,0,0,7,6,0.1429
4,280.0000,20,33,603.5153,-86.1562,-0.2215,11,0.2750,0.0000,4,8,7,0,0,8,7,0.1250
4,280.0000,20,34,977.0303,-86.7139,-0.4190,4,0.1000,1.0000,8,4,4,0,0,4,4,0.0000
4,280.0000,20,35,877.7986,-86.8702,0.6546,3,0.0750,1.0000,8,3,2,0,0,3,2,0.3333
4,280.0000,20,36,964.2298,-87.9642,-1.0380,3,0.0750,1.0000,8,8,8,0,0,8,8,0.0000
4,280.0000,20,37,984.5621,-85.8851,-2.7695,3,0.0750,0.8333,6,4,4,0,0,4,4,0.0000
4,280.0000,20,41,963.7546,-88.4368,0.9313,4,0.1000,,0,6,6,0,0,6,6,0.0000
4,280.0000,20,42,830.6658,-86.7147,0.0600,5,0.1250,1.0000,8,6,6,0,0,6,6,0.0000
4,280.0000,20,43,513.8820,-84.0391,0.1243,14,0.3500,0.8571,7,7,6,0,0,7,6,0.1429
4,280.0000,20,45,307.7960,-77.9814,-0.4149,25,0.6250,0.3333,6,6,3,0,0,6,3,0.5000
4,280.0000,20,47,809.4133,-87.4727,0.3027,6,0.1500,0.8571,7,8,8,0,0,8,8,0.0000
4,280.0000,21,0,885.0889,-87.6172,-0.3365,9,0.2250,1.0000,2,8,8,0,0,8,8,0.0000
4,280.0000,21,1,347.9320,-81.0934,0.6509,20,0.5000,0.5000,6,8,4,0,0,8,4,0.5000
4,280.0000,21,2,845.3768,-88.3335,-1.3007,3,0.0750,0.8571,7,8,8,0,0,8,8,0.0000
4,280.0000,21,4,292.1887,-79.1741,-0.0157,23,0.5750,0.6667,6,6,3,0,0,6,3,0.5000
4,280.0000,21,6,566.9519,-85.4045,0.2498,16,0.4000,1.0000,8,8,7,0,0,8,7,0.1250
4,280.0000,21,8,449.2069,-84.0019,0.1752,10,0.2500,1.0000,8,7,6,0,0,7,6,0.1429
4,280.0000,21,9,545.3244,-83.6152,-0.0121,17,0.4250,0.8571,7,8,8,0,0,8,8,0.0000
4,280.0000,21,10,531.5135,-84.3711,1.1164,8,0.2000,0.8571,7,8,7,0,0,8,7,0.1250
4,280.0000,21,11,655.0760,-87.0687,-0.6018,7,0.1750,0.8571,7,8,8,0,0,8,8,0.0000
4,280.0000,21,13,326.9454,-79.8368,-0.0356,27,0.6750,0.2000,5,6,4,0,0,6,4,0.3333
4,280.0000,21,14,631.9947,-85.5476,-1.5478,13,0.3250,1.0000,8,8,8,0,0,8,8,0.0000
4,280.0000,21,16,330.4658,-80.5058,-0.5393,16,0.4000,0.7143,7,5,2,0,0,5,2,0.6000
4,280.0000,21,17,803.1578,-87.3288,-0.8297,3,0.0750,1.0000,8,6,4,0,0,6,4,0.3333
4,280.0000,21,18,849.0179,-86.1722,-0.2267,5,0.1250,1.0000,4,6,6,0,0,6,6,0.0000
4,280.0000,21,20,725.8020,-86.0767,-0.4099,7,0.1750,1.0000,8,6,4,0,0,6,4,0.3333
4,280.0000,21,22,741.9747,-86.8527,0.2518,5,0.1250,1.0000,8,6,6,0,0,6,6,0.0000
4,280.0000,21,23,771.0478,-87.7568,1.1442,6,0.1500,0.8571,7,7,6,0,0,7,6,0.1429
4,280.0000,21,24,652.4528,-85.2722,0.3232,8,0.2000,0.8750,8,8,8,0,0,8,8,0.0000
4,280.0000,21,25,239.2669,-77.0318,0.0032,32,0.8000,0.3333,6,6,2,0,0,6,2,0.6667
4,280.0000,21,27,666.3433,-85.3159,-0.4537,14,0.3500,1.0000,8,6,6,0,0,6,6,0.0000
4,280.0000,21,28,787.1800,-86.6958,-0.4149,12,0.3000,1.0000,8,8,7,0,0,8,7,0.1250
4,280.0000,21,30,683.8373,-86.0767,0.1369,15,0.3750,0.8571,7,7,6,0,0,7,6,0.1429
4,280.0000,21,31,349.7872,-81.3549,-0.2887,22,0.5500,0.6667,6,8,7,0,0,8,7,0.1250
4,280.0000,21,32,463.5433,-83.5056,-0.5883,14,0.3500,1.0000,8,7,6,0,0,7,6,0.1429
4,280.0000,21,36,321.0410,-79.5978,-0.6513,25,0.6250,0.3333,6,7,6,0,0,7,6,0.1429
4,280.0000,21,38,596.1211,-84.6006,-0.4506,9,0.2250,1.0000,8,8,8,0,0,8,8,0.0000
4,280.0000,21,42,445.3029,-81.6818,-0.8111,21,0.5250,0.8571,7,7,5,0,0,7,5,0.2857
4,280.0000,21,43,925.9792,-88.1863,-0.1404,3,0.0750,1.0000,8,7,6,0,0,7,6,0.1429
4,280.0000,21,44,469.0599,-83.9440,-0.1962,18,0.4500,0.6667,6,7,6,0,0,7,6,0.1429
4,280.0000,21,45,784.2342,-87.1640,-2.5663,4,0.1000,0.8750,8,6,6,0,0,6,6,0.0000
4,280.0000,21,46,677.4710,-86.4897,-0.6145,10,0.2500,0.8571,7,2,2,0,0,2,2,0.0000
4,280.0000,21,47,355.0639,-79.4461,-0.0867,21,0.5250,0.8750,8,7,6,0,0,7,6,0.1429
4,280.0000,22,2,153.3254,-75.7570,2.1361,36,0.9000,0.0000,4,5,1,0,0,5,1,0.8000
4,280.0000,22,3,317.1690,-81.2580,0.2224,25,0.6250,0.5000,6,5,1,0,0,5,1,0.8000
4,280.0000,22,4,747.9669,-87.6642,-0.5779,4,0.1000,1.0000,6,8,8,0,0,8,8,0.0000
4,280.0000,22,7,608.6383,-84.8600,-0.1458,23,0.5750,0.6667,6,7,4,0,0,7,4,0.4286
4,280.0000,22,8,406.8773,-83.6184,0.0549,14,0.3500,0.8571,7,7,6,0,0,7,6,0.1429
4,280.0000,22,10,441.3288,-80.5221,-1.0076,18,0.4500,0.6667,6,8,8,0,0,8,8,0.0000
4,280.0000,22,11,307.0265,-78.9635,-0.4278,29,0.7250,0.8000,5,6,4,0,0,6,4,0.3333
4,280.0000,22,12,493.5422,-82.4674,-0.6268,21,0.5250,0.4000,5,7,6,0,0,7,6,0.1429
4,280.0000,22,14,892.7539,-87.7531,0.6269,4,0.1000,1.0000,8,8,8,0,0,8,8,0.0000
4,280.0000,22,16,656.5297,-84.3401,-0.1865,7,0.1750,1.0000,8,8,8,0,0,8,8,0.0000
4,280.0000,22,17,235.0855,-73.3047,-2.0743,36,0.9000,0.4000,5,6,3,0,0,6,3,0.5000
4,280.0000,22,18,598.3803,-84.3335,-0.4877,9,0.2250,1.0000,6,8,7,0,0,8,7,0.1250
4,280.0000,22,20,291.1914,-78.8186,0.6720,27,0.6750,0.5000,6,5,1,0,0,5,1,0.8000
4,280.0000,22,21,741.9747,-87.4911,-0.1779,4,0.1000,1.0000,6,8,8,0,0,8,8,0.0000
4,280.0000,22,23,98.5747,-69.0752,0.3208,39,0.9750,0.2000,5,5,1,0,0,5,1,0.8000
4,280.0000,22,24,604.0545,-84.3014,-0.2896,12,0.3000,1.0000,8,7,6,0,0,7,6,0.1429
4,280.0000,22,26,612.7824,-84.7863,0.3346,20,0.5000,1.0000,2,8,8,0,0,8,8,0.0000
4,280.0000,22,27,745.3659,-86.0382,0.6479,7,0.1750,1.0000,8,8,8,0,0,8,8,0.0000
4,280.0000,22,29,671.0188,-84.9478,0.2500,19,0.4750,1.0000,8,8,8,0,0,8,8,0.0000
4,280.0000,22,32,639.4992,-89.0770,0.0736,4,0.1000,1.0000,8,7,6,0,0,7,6,0.1429
4,280.0000,22,33,524.2801,-84.7709,0.3050,18,0.4500,1.0000,8,7,4,0,0,7,4,0.4286
4,280.0000,22,34,783.4030,-85.9497,0.4053,13,0.3250,1.0000,4,8,8,0,0,8,8,0.0000
4,280.0000,22,35,652.1466,-85.0693,0.6947,15,0.3750,0.8750,8,8,8,0,0,8,8,0.0000
4,280.0000,22,37,763.2020,-86.0932,-0.3081,11,0.2750,0.8000,5,6,6,0,0,6,6,0.0000
4,280.0000,22,38,970.6133,-87.5834,0.4916,3,0.0750,1.0000,4,2,2,0,0,2,2,0.0000
4,280.0000,22,41,705.8402,-85.7714,-0.1430,14,0.3500,1.0000,4,8,8,0,0,8,8,0.0000
4,280.0000,22,42,985.9081,-88.9124,0.3541,6,0.1500,1.0000,8,6,6,0,0,6,6,0.0000
4,280.0000,22,43,278.0757,-77.8006,-0.0634,29,0.7250,0.0000,3,7,6,0,0,7,6,0.1429
4,280.0000,22,44,961.4350,-88.6885,0.1350,3,0.0750,1.0000,6,8,8,0,0,8,8,0.0000
4,280.0000,22,45,42.3986,-58.7155,4.9705,34,0.8500,0.0000,4,5,1,0,0,5,1,0.8000
4,280.0000,23,2,121.0085,-72.1554,1.1149,37,0.9250,0.3333,6,5,2,0,0,5,2,0.6000
4,280.0000,23,3,230.6456,-78.1708,0.6183,30,0.7500,0.2000,5,4,0,42,15,46,15,0.6739
4,280.0000,23,7,570.4469,-84.5388,0.3395,17,0.4250,0.8571,7,6,4,0,0,6,4,0.3333
4,280.0000,23,8,389.5599,-82.1606,1.0234,12,0.3000,0.8571,7,7,6,0,0,7,6,0.1429
4,280.0000,23,10,520.4241,-82.4671,-0.0442,11,0.2750,0.8571,7,8,8,0,0,8,8,0.0000
4,280.0000,23,11,330.2203,-79.7560,0.0499,21,0.5250,0.5000,6,6,2,0,0,6,2,0.6667
4,280.0000,23,12,478.5760,-81.3336,-0.6258,25,0.6250,0.8750,8,8,8,0,0,8,8,0.0000
4,280.0000,23,16,715.8241,-84.8130,1.3884,5,0.1250,1.0000,8,8,8,0,0,8,8,0.0000
4,280.0000,23,17,328.2841,-76.9095,-1.2469,30,0.7500,0.5000,6,5,2,0,0,5,2,0.6000
4,280.0000,23,18,674.8870,-86.3539,0.0134,5,0.1250,1.0000,7,8,8,0,0,8,8,0.0000
4,280.0000,23,20,211.2553,-77.2325,1.1079,36,0.9000,0.2857,7,4,0,0,0,4,0,1.0000
4,280.0000,23,21,771.0478,-88.2140,0.7693,3,0.0750,1.0000,8,8,8,0,0,8,8,0.0000
4,280.0000,23,22,98.5747,-68.9291,0.7100,37,0.9250,0.0000,4,5,1,0,0,5,1,0.8000
4,280.0000,23,24,567.2635,-85.0026,1.0846,6,0.1500,0.6667,6,9,8,0,0,9,8,0.1111
4,280.0000,23,25,785.5334,-87.0793,-1.7438,3,0.0750,1.0000,6,4,3,0,0,4,3,0.2500
4,280.0000,23,26,671.5861,-85.2256,0.5269,11,0.2750,1.0000,6,8,8,0,0,8,8,0.0000
4,280.0000,23,27,831.2524,-86.8267,2.4900,3,0.0750,1.0000,8,8,8,0,0,8,8,0.0000
4,280.0000,23,29,661.5523,-84.2309,-0.1004,18,0.4500,0.8750,8,7,6,0,0,7,6,0.1429
4,280.0000,23,32,638.7243,-86.5662,2.2096,4,0.1000,1.0000,8,6,4,0,0,6,4,0.3333
4,280.0000,23,33,497.5710,-83.1779,0.0169,20,0.5000,0.8844,147,7,5,83,78,90,83,0.0778
4,280.0000,23,34,817.6786,-85.3738,-0.4128,6,0.1500,1.0000,8,7,6,0,0,7,6,0.1429
4,280.0000,23,35,698.5121,-87.0423,0.4094,11,0.2750,0.8571,7,8,8,0,0,8,8,0.0000
4,280.0000,23,37,849.3260,-87.3262,-3.0195,3,0.0750,1.0000,6,6,6,0,0,6,6,0.0000
4,280.0000,23,38,1040.7567,-88.7128,0.2542,4,0.1000,1.0000,8,2,2,0,0,2,2,0.0000
4,280.0000,23,41,770.2665,-87.8143,0.1459,9,0.2250,1.0000,6,8,8,0,0,8,8,0.0000
4,280.0000,23,42,971.4824,-88.5229,0.2474,3,0.0750,1.0000,8,6,6,0,0,6,6,0.0000
4,280.0000,23,43,335.2145,-79.6496,-0.5107,26,0.6500,0.8750,8,8,8,0,0,8,8,0.0000
4,280.0000,23,45,101.0267,-68.9382,0.8056,37,0.9250,0.2000,5,4,0,0,0,4,0,1.0000
4,280.0000,24,1,721.1598,-86.8975,-0.2620,3,0.0750,1.0000,8,8,8,0,0,8,8,0.0000
4,280.0000,24,2,574.2701,-86.1341,-0.2241,6,0.1500,0.6667,6,6,4,0,0,6,4,0.3333
4,280.0000,24,3,449.1608,-81.6984,0.1978,10,0.2500,0.8889,9,6,4,0,0,6,4,0.3333
4,280.0000,24,4,553.7202,-83.6266,-0.1669,11,0.2750,1.0000,8,7,6,0,0,7,6,0.1429
4,280.0000,24,6,480.8645,-83.0583,0.1490,15,0.3750,0.8750,8,8,8,0,0,8,8,0.0000
4,280.0000,24,8,340.9643,-79.5698,-0.6099,16,0.4000,0.4000,5,8,8,0,0,8,8,0.0000
4,280.0000,24,10,659.1743,-84.6472,-0.3077,7,0.1750,1.0000,8,8,8,0,0,8,8,0.0000
4,280.0000,24,11,402.8161,-80.5120,-1.6112,10,0.2500,1.0000,8,8,8,0,0,8,8,0.0000
4,280.0000,24,12,959.3029,-86.8663,-1.2756,3,0.0750,1.0000,6,6,6,0,0,6,6,0.0000
4,280.0000,24,13,705.5141,-86.5015,0.7693,6,0.1500,0.8571,7,8,8,0,0,8,8,0.0000
4,280.0000,24,14,843.8602,-86.0398,-0.8851,6,0.1500,1.0000,8,8,8,0,0,8,8,0.0000
4,280.0000,24,16,666.9276,-85.5920,0.9402,4,0.1000,1.0000,8,8,8,0,0,8,8,0.0000
4,280.0000,24,17,794.7161,-87.5782,0.4141,4,0.1000,0.8750,8,8,8,0,0,8,8,0.0000
4,280.0000,24,20,412.3707,-80.2775,-0.4413,12,0.3000,0.7143,7,7,6,0,0,7,6,0.1429
4,280.0000,24,21,652.4528,-87.8943,-0.0160,3,0.0750,1.0000,6,8,7,0,0,8,7,0.1250
4,280.0000,24,22,604.0545,-84.6347,0.5212,5,0.1250,1.0000,8,8,8,0,0,8,8,0.0000
4,280.0000,24,23,567.2635,-84.9380,0.3806,5,0.1250,0.8750,8,8,8,0,0,8,8,0.0000
4,280.0000,24,25,521.8019,-84.6843,0.0261,8,0.2000,0.8571,7,8,8,0,0,8,8,0.0000
4,280.0000,24,27,919.1935,-88.6577,1.1209,3,0.0750,1.0000,8,4,4,0,0,4,4,0.0000
4,280.0000,24,31,568.4402,-84.5312,-0.0301,9,0.2250,1.0000,8,8,8,0,0,8,8,0.0000
4,280.0000,24,32,247.6287,-78.0149,0.7309,16,0.4000,0.6667,6,6,2,0,0,6,2,0.6667
4,280.0000,24,36,758.6050,-86.6301,-1.4329,5,0.1250,1.0000,8,8,8,0,0,8,8,0.0000
4,280.0000,24,38,961.3670,-87.6735,-0.0194,3,0.0750,1.0000,6,2,2,0,0,2,2,0.0000
4,280.0000,24,42,635.1460,-85.9255,0.3915,10,0.2500,1.0000,8,8,8,0,0,8,8,0.0000
4,280.0000,24,43,742.5471,-86.6210,1.1959,3,0.0750,1.0000,8,8,8,0,0,8,8,0.0000
4,280.0000,24,45,630.6611,-84.2985,0.3034,6,0.1500,1.0000,8,8,8,0,0,8,8,0.0000
4,280.0000,24,47,549.0918,-85.1510,1.1244,7,0.1750,0.8000,5,10,9,0,0,10,9,0.1000
4,280.0000,25,0,904.6674,-87.7921,-0.0139,7,0.1750,1.0000,4,8,8,0,0,8,8,0.0000
4,280.0000,25,1,225.3471,-76.0324,0.0566,30,0.7500,0.0000,4,5,2,0,0,5,2,0.6000
4,280.0000,25,2,831.4783,-87.6775,0.1741,3,0.0750,1.0000,8,2,2,0,0,2,2,0.0000
4,280.0000,25,3,818.4288,-86.9906,0.8785,4,0.1000,0.6667,6,8,7,0,0,8,7,0.1250
4,280.0000,25,4,381.5152,-81.2639,0.0676,26,0.6500,0.8571,7,8,5,0,0,8,5,0.3750
4,280.0000,25,6,395.0245,-81.2613,0.7051,21,0.5250,0.7143,7,6,2,0,0,6,2,0.6667
4,280.0000,25,8,451.9031,-83.3075,0.7181,14,0.3500,1.0000,8,7,6,0,0,7,6,0.1429
4,280.0000,25,9,550.5334,-83.5924,0.3598,14,0.3500,0.8750,8,8,8,0,0,8,8,0.0000
4,280.0000,25,10,520.2561,-86.1859,0.8201,6,0.1500,0.8571,7,8,7,0,0,8,7,0.1250
4,280.0000,25,11,580.1909,-85.6658,-0.5306,5,0.1250,1.0000,8,7,6,0,0,7,6,0.1429
4,280.0000,25,13,219.9793,-74.1327,-1.3064,35,0.8750,0.3333,6,4,0,0,0,4,0,1.0000
4,280.0000,25,14,517.8634,-82.9595,-0.7374,12,0.3000,1.0000,8,6,4,0,0,6,4,0.3333
4,280.0000,25,16,306.4991,-81.1155,1.5214,15,0.3750,1.0000,8,5,2,0,0,5,2,0.6000
4,280.0000,25,17,843.3835,-87.2892,-1.5613,3,0.0750,1.0000,2,6,6,0,0,6,6,0.0000
4,280.0000,25,18,773.4773,-88.6230,0.0150,3,0.0750,0.8333,6,6,6,0,0,6,6,0.0000
4,280.0000,25,19,931.1681,-87.0994,0.4243,9,0.2250,1.0000,6,4,4,0,0,4,4,0.0000
4,280.0000,25,20,719.2848,-86.9672,1.2121,4,0.1000,0.8571,7,10,10,0,0,10,10,0.0000
4,280.0000,25,21,239.2669,-77.5661,0.1182,30,0.7500,0.4000,5,5,2,0,0,5,2,0.6000
4,280.0000,25,22,762.1416,-85.4608,-0.7826,3,0.0750,1.0000,6,3,2,0,0,3,2,0.3333
4,280.0000,25,24,521.8019,-83.6940,0.4957,11,0.2750,0.8750,8,7,5,0,0,7,5,0.2857
4,280.0000,25,27,647.1331,-84.5745,-0.5331,10,0.2500,1.0000,8,8,8,0,0,8,8,0.0000
4,280.0000,25,28,731.1134,-85.6628,0.1541,13,0.3250,0.6667,6,8,8,0,0,8,8,0.0000
4,280.0000,25,30,691.1660,-85.4387,-0.1167,11,0.2750,1.0000,8,8,8,0,0,8,8,0.0000
4,280.0000,25,31,136.7374,-71.6488,0.3978,33,0.8250,0.3333,6,6,3,0,0,6,3,0.5000
4,280.0000,25,32,288.5041,-77.3396,-1.0995,29,0.7250,0.4286,7,5,2,0,0,5,2,0.6000
4,280.0000,25,36,289.4130,-78.4529,-0.1243,31,0.7750,0.2000,5,6,2,0,0,6,2,0.6667
4,280.0000,25,38,545.5926,-84.1974,-0.2735,11,0.2750,1.0000,8,7,6,0,0,7,6,0.1429
4,280.0000,25,39,857.3359,-86.0223,1.2511,7,0.1750,1.0000,4,8,7,0,0,8,7,0.1250
4,280.0000,25,42,444.5018,-82.4855,0.2143,25,0.6250,0.8571,7,8,7,0,0,8,7,0.1250
4,280.0000,25,44,475.9469,-83.1314,0.0299,20,0.5000,0.7143,7,7,6,0,0,7,6,0.1429
4,280.0000,25,45,802.8574,-86.8594,0.5480,5,0.1250,1.0000,8,6,6,0,0,6,6,0.0000
4,280.0000,25,46,619.4984,-85.4418,1.3265,12,0.3000,0.8333,6,3,2,0,0,3,2,0.3333
4,280.0000,25,47,132.6070,-70.6209,0.7127,33,0.8250,0.0000,3,5,1,0,0,5,1,0.8000
4,280.0000,26,2,597.5788,-86.1452,-0.2256,6,0.1500,1.0000,8,7,5,0,0,7,5,0.2857
4,280.0000,26,5,320.1680,-79.3748,-0.3094,36,0.9000,0.0000,4,7,5,0,0,7,5,0.2857
4,280.0000,26,7,619.1003,-85.4299,0.3793,9,0.2250,1.0000,8,7,6,0,0,7,6,0.1429
4,280.0000,26,10,724.7820,-87.4851,-0.4699,5,0.1250,0.8750,8,8,8,0,0,8,8,0.0000
4,280.0000,26,12,483.6395,-82.7696,-0.5339,18,0.4500,0.5000,6,7,6,0,0,7,6,0.1429
4,280.0000,26,14,1071.3760,-87.9561,-0.3052,3,0.0750,1.0000,4,4,4,0,0,4,4,0.0000
4,280.0000,26,17,472.5668,-83.4790,-0.3622,9,0.2250,1.0000,6,7,5,0,0,7,5,0.2857
4,280.0000,26,18,568.2976,-84.7958,-0.3964,7,0.1750,1.0000,8,8,8,0,0,8,8,0.0000
4,280.0000,26,20,863.2810,-86.6484,0.8212,5,0.1250,1.0000,6,2,2,0,0,2,2,0.0000
4,280.0000,26,22,612.7824,-85.2064,1.2344,6,0.1500,1.0000,8,8,8,0,0,8,8,0.0000
4,280.0000,26,23,671.5861,-84.9507,-2.7262,6,0.1500,1.0000,8,8,8,0,0,8,8,0.0000
4,280.0000,26,27,849.1959,-87.7022,-0.6359,5,0.1250,1.0000,8,7,6,0,0,7,6,0.1429
4,280.0000,26,29,470.8524,-82.7885,0.2983,14,0.3500,1.0000,8,8,6,0,0,8,6,0.2500
4,280.0000,26,33,525.3724,-85.4621,0.1155,12,0.3000,1.0000,8,8,8,0,0,8,8,0.0000
4,280.0000,26,34,284.1396,-79.0374,-0.1052,33,0.8250,0.2000,5,6,2,0,0,6,2,0.6667
4,280.0000,26,35,113.9661,-69.9795,0.3670,34,0.8500,0.2000,5,4,0,0,0,4,0,1.0000
4,280.0000,26,37,601.0700,-84.2882,-1.0894,10,0.2500,0.7143,7,7,6,0,0,7,6,0.1429
4,280.0000,26,41,108.4723,-70.0161,0.0552,37,0.9250,0.0000,4,5,1,0,0,5,1,0.8000
4,280.0000,26,43,359.5308,-80.9157,0.5757,11,0.2750,0.8750,8,7,6,0,0,7,6,0.1429
4,280.0000,26,45,584.3788,-85.1571,-1.9501,5,0.1250,0.8571,7,8,7,0,0,8,7,0.1250
4,280.0000,27,1,699.9585,-85.5375,0.4617,9,0.2250,0.6667,6,8,8,0,0,8,8,0.0000
4,280.0000,27,9,558.8793,-85.2999,0.3840,12,0.3000,1.0000,8,8,8,0,0,8,8,0.0000
4,280.0000,27,10,318.6162,-80.6665,0.7560,14,0.3500,0.8571,7,6,3,0,0,6,3,0.5000
4,280.0000,27,11,633.8562,-85.1474,0.2008,4,0.1000,1.0000,8,8,8,0,0,8,8,0.0000
4,280.0000,27,13,754.1672,-87.1477,-0.1557,7,0.1750,0.8750,8,8,8,0,0,8,8,0.0000
4,280.0000,27,14,318.0668,-78.0693,-0.8478,28,0.7000,0.4286,7,8,8,0,0,8,8,0.0000
4,280.0000,27,16,351.3527,-77.7685,-1.2294,23,0.5750,0.5000,6,7,6,0,0,7,6,0.1429
4,280.0000,27,17,634.7553,-85.2914,0.5100,6,0.1500,0.6667,6,8,8,0,0,8,8,0.0000
4,280.0000,27,18,378.7934,-81.1834,-0.3239,14,0.3500,0.9000,10,6,4,0,0,6,4,0.3333
4,280.0000,27,20,926.0110,-87.2987,0.2054,4,0.1000,1.0000,8,8,8,0,0,8,8,0.0000
4,280.0000,27,21,666.3433,-85.0891,-1.3599,9,0.2250,1.0000,8,10,10,0,0,10,10,0.0000
4,280.0000,27,22,745.3659,-87.6611,-0.3041,6,0.1500,1.0000,8,8,8,0,0,8,8,0.0000
4,280.0000,27,23,831.2524,-87.8851,0.3737,4,0.1000,1.0000,8,6,5,0,0,6,5,0.1667
4,280.0000,27,24,919.1935,-88.2208,0.2115,6,0.1500,0.8571,7,4,4,0,0,4,4,0.0000
4,280.0000,27,25,647.1331,-85.3363,0.4237,9,0.2250,1.0000,6,9,8,0,0,9,8,0.1111
4,280.0000,27,26,849.1959,-86.4769,1.5529,4,0.1000,1.0000,2,4,4,0,0,4,4,0.0000
4,280.0000,27,30,893.3680,-88.4736,-2.5934,4,0.1000,1.0000,4,4,4,0,0,4,4,0.0000
4,280.0000,27,31,594.0625,-85.2738,-0.0002,11,0.2750,1.0000,8,8,8,0,0,8,8,0.0000
4,280.0000,27,32,736.7854,-85.6784,0.3810,8,0.2000,1.0000,8,8,8,0,0,8,8,0.0000
4,280.0000,27,35,924.3203,-87.3343,-0.0899,4,0.1000,0.8000,5,4,4,0,0,4,4,0.0000
4,280.0000,27,36,831.3464,-86.9559,0.0802,7,0.1750,0.7143,7,8,8,0,0,8,8,0.0000
4,280.0000,27,37,367.0137,-82.4037,1.0254,17,0.4250,0.8750,8,7,5,0,0,7,5,0.2857
4,280.0000,27,38,334.9856,-77.2643,-0.8529,33,0.8250,0.4000,5,6,6,0,0,6,6,0.0000
4,280.0000,27,41,859.3005,-88.4377,0.6007,5,0.1250,1.0000,2,6,6,0,0,6,6,0.0000
4,280.0000,27,43,714.7555,-87.7507,0.0782,5,0.1250,1.0000,8,8,8,0,0,8,8,0.0000
4,280.0000,27,44,423.1617,-82.7366,0.0317,14,0.3500,0.8750,8,8,7,0,0,8,7,0.1250
4,280.0000,27,45,769.3526,-87.3076,0.3156,6,0.1500,1.0000,6,4,4,0,0,4,4,0.0000
4,280.0000,27,47,709.6142,-85.3151,-0.6578,10,0.2500,1.0000,8,8,8,0,0,8,8,0.0000
4,280.0000,28,0,334.1659,-80.6675,-0.6565,30,0.7500,0.5000,6,6,3,0,0,6,3,0.5000
4,280.0000,28,1,530.7563,-82.7324,0.1091,10,0.2500,0.8750,8,5,4,0,0,5,4,0.2000
4,280.0000,28,6,719.3556,-86.9220,0.9685,6,0.1500,1.0000,8,8,8,0,0,8,8,0.0000
4,280.0000,28,9,688.5770,-84.7826,0.5610,10,0.2500,1.0000,8,8,7,0,0,8,7,0.1250
4,280.0000,28,13,513.1686,-84.7654,-0.4973,11,0.2750,0.8750,8,8,8,0,0,8,8,0.0000
4,280.0000,28,14,944.6856,-88.6122,0.9153,3,0.0750,1.0000,6,8,8,0,0,8,8,0.0000
4,280.0000,28,15,392.8529,-81.4880,-0.0301,30,0.7500,0.4286,7,5,4,0,0,5,4,0.2000
4,280.0000,28,19,285.5409,-78.6686,-0.2004,38,0.9500,0.5000,6,4,0,0,0,4,0,1.0000
4,280.0000,28,21,787.1800,-87.3203,1.1358,6,0.1500,1.0000,8,8,8,0,0,8,8,0.0000
4,280.0000,28,25,731.1134,-86.6467,0.0055,9,0.2250,1.0000,8,8,6,0,0,8,6,0.2500
4,280.0000,28,30,432.5234,-82.1964,0.1385,22,0.5500,0.8750,8,7,5,0,0,7,5,0.2857
4,280.0000,28,31,716.0585,-87.0192,2.1365,3,0.0750,1.0000,8,8,8,0,0,8,8,0.0000
4,280.0000,28,36,474.7263,-84.5787,0.3931,18,0.4500,0.7143,7,6,4,0,0,6,4,0.3333
4,280.0000,28,38,877.8534,-88.0174,-1.0155,3,0.0750,1.0000,6,8,8,0,0,8,8,0.0000
4,280.0000,28,39,309.0736,-78.6397,-1.0904,33,0.8250,0.4000,5,4,0,0,0,4,0,1.0000
4,280.0000,28,40,438.8909,-82.9612,0.3463,24,0.6000,0.5000,6,6,3,0,0,6,3,0.5000
4,280.0000,28,42,715.5400,-88.5641,0.1653,5,0.1250,1.0000,8,8,8,0,0,8,8,0.0000
4,280.0000,28,44,783.5638,-87.1161,-0.2929,8,0.2000,1.0000,8,8,8,0,0,8,8,0.0000
4,280.0000,28,46,141.4722,-69.7116,-0.9929,36,0.9000,0.1667,6,4,0,0,0,4,0,1.0000
4,280.0000,29,2,564.5693,-83.8770,0.4105,8,0.2000,0.6667,6,8,8,62,62,70,70,0.0000
4,280.0000,29,3,676.4627,-85.4002,0.2617,5,0.1250,1.0000,6,7,6,0,0,7,6,0.1429
4,280.0000,29,5,702.5522,-86.7345,-0.7448,8,0.2000,0.7500,4,8,8,0,0,8,8,0.0000
4,280.0000,29,7,233.0370,-73.3649,-2.0428,33,0.8250,0.4000,5,4,0,0,0,4,0,1.0000
4,280.0000,29,11,785.2668,-87.2300,-0.5575,5,0.1250,1.0000,86,8,8,0,0,8,8,0.0000
4,280.0000,29,12,248.4814,-77.2294,0.5640,27,0.6750,0.5714,7,5,1,0,0,5,1,0.8000
4,280.0000,29,17,687.7008,-86.6585,0.2348,6,0.1500,0.8750,8,8,8,0,0,8,8,0.0000
4,280.0000,29,18,877.5828,-88.8440,0.3833,3,0.0750,1.0000,8,7,6,0,0,7,6,0.1429
4,280.0000,29,20,792.9588,-87.6885,-0.0069,4,0.1000,1.0000,8,8,8,2,2,10,10,0.0000
4,280.0000,29,22,671.0188,-86.1661,0.5001,8,0.2000,0.9865,74,8,8,16,16,24,24,0.0000
4,280.0000,29,23,661.5523,-86.4644,0.3704,7,0.1750,1.0000,8,7,6,6,6,13,12,0.0769
4,280.0000,29,24,1053.5488,-87.7527,0.6169,4,0.1000,1.0000,6,6,6,0,0,6,6,0.0000
4,280.0000,29,26,470.8524,-83.9017,0.8333,10,0.2500,1.0000,8,7,5,0,0,7,5,0.2857
4,280.0000,29,33,201.6180,-74.6876,-0.5273,33,0.8250,0.2000,5,5,1,32,7,37,8,0.7838
4,280.0000,29,34,382.4717,-81.9333,-0.1123,24,0.6000,0.7143,7,6,3,0,0,6,3,0.5000
4,280.0000,29,35,392.4839,-82.7289,-0.5841,19,0.4750,0.8571,7,7,6,0,0,7,6,0.1429
4,280.0000,29,37,991.4351,-87.3415,1.5724,3,0.0750,1.0000,4,8,8,0,0,8,8,0.0000
4,280.0000,29,41,556.1908,-84.6766,-0.0583,15,0.3750,1.0000,8,6,4,0,0,6,4,0.3333
4,280.0000,29,43,502.2739,-80.6577,-1.0278,15,0.3750,0.8750,8,7,6,4,4,11,10,0.0909
4,280.0000,29,45,631.2724,-85.3275,-0.4275,7,0.1750,1.0000,8,8,8,0,0,8,8,0.0000
4,280.0000,30,0,345.6183,-79.9898,-0.8396,32,0.7805,0.0000,4,6,2,0,0,6,2,0.6667
4,280.0000,30,1,486.6048,-83.6536,0.8942,11,0.2683,0.8571,7,8,8,0,0,8,8,0.0000
4,280.0000,30,9,337.5225,-80.6399,0.5526,19,0.4634,0.2000,5,6,4,0,0,6,4,0.3333
4,280.0000,30,13,509.6117,-84.9760,0.0407,6,0.1463,1.0000,8,8,7,0,0,8,7,0.1250
4,280.0000,30,14,727.8686,-87.4030,0.0881,5,0.1220,1.0000,6,8,7,0,0,8,7,0.1250
4,280.0000,30,15,726.5450,-86.8215,-0.0229,13,0.3171,0.8571,7,8,7,0,0,8,7,0.1250
4,280.0000,30,16,729.0413,-87.3336,0.2135,4,0.0976,1.0000,8,8,8,0,0,8,8,0.0000
4,280.0000,30,19,707.3825,-86.1711,0.4498,12,0.2927,0.8571,7,8,8,0,0,8,8,0.0000
4,280.0000,30,21,683.8373,-86.0328,0.7155,5,0.1220,1.0000,8,8,8,0,0,8,8,0.0000
4,280.0000,30,25,691.1660,-87.0658,0.0958,4,0.0976,1.0000,8,8,8,0,0,8,8,0.0000
4,280.0000,30,28,432.5234,-83.2229,0.1211,22,0.5366,0.7143,7,6,4,0,0,6,4,0.3333
4,280.0000,30,31,658.7937,-86.3926,-0.7132,4,0.0976,1.0000,8,8,8,0,0,8,8,0.0000
4,280.0000,30,32,966.1746,-89.3383,-0.3411,4,0.0976,1.0000,2,4,4,0,0,4,4,0.0000
4,280.0000,30,36,496.4606,-84.6071,-0.0606,7,0.1707,1.0000,8,6,4,0,0,6,4,0.3333
4,280.0000,30,38,585.6414,-85.3082,1.3399,4,0.0976,1.0000,8,8,8,0,0,8,8,0.0000
4,280.0000,30,39,339.9204,-80.2352,0.3222,35,0.8537,0.0000,4,7,5,0,0,7,5,0.2857
4,280.0000,30,40,363.7297,-80.5529,0.0974,32,0.7805,0.5000,6,8,6,0,0,8,6,0.2500
4,280.0000,30,42,858.6271,-87.2859,0.6139,5,0.1220,1.0000,8,8,8,0,0,8,8,0.0000
4,280.0000,30,44,474.5087,-83.2049,-0.5232,16,0.3902,0.7143,7,7,5,0,0,7,5,0.2857
4,280.0000,30,46,328.7441,-80.2624,0.9735,28,0.6829,0.7143,7,7,4,0,0,7,4,0.4286
4,280.0000,30,47,663.8906,-86.2525,1.3972,4,0.0976,1.0000,8,8,8,0,0,8,8,0.0000
4,280.0000,31,0,898.5604,-87.7668,-0.4073,6,0.1500,1.0000,2,8,8,0,0,8,8,0.0000
4,280.0000,31,1,198.8749,-77.1383,1.1198,33,0.8250,0.3333,6,4,0,0,0,4,0,1.0000
4,280.0000,31,2,876.4434,-88.0277,1.0332,4,0.1000,1.0000,6,4,4,0,0,4,4,0.0000
4,280.0000,31,3,878.3233,-87.8236,0.0526,4,0.1000,1.0000,6,6,6,0,0,6,6,0.0000
4,280.0000,31,4,517.8220,-83.2255,-0.0556,22,0.5500,0.6667,6,6,4,0,0,6,4,0.3333
4,280.0000,31,6,430.0686,-81.7187,-0.1407,26,0.6500,0.8571,7,6,4,0,0,6,4,0.3333
4,280.0000,31,8,547.3409,-84.7889,0.6982,12,0.3000,0.7500,8,7,4,0,0,7,4,0.4286
4,280.0000,31,9,498.7864,-83.1594,0.0467,22,0.5500,0.6667,6,6,3,0,0,6,3,0.5000
4,280.0000,31,10,519.3531,-82.8202,-0.2563,8,0.2000,0.8571,7,8,8,0,0,8,8,0.0000
4,280.0000,31,11,598.3402,-86.0388,-1.9511,4,0.1000,1.0000,8,7,6,0,0,7,6,0.1429
4,280.0000,31,13,232.4086,-76.8589,0.1247,38,0.9500,0.4737,114,7,5,108,54,115,59,0.4870
4,280.0000,31,14,409.4977,-81.3997,0.0674,18,0.4500,0.7143,7,7,6,0,0,7,6,0.1429
4,280.0000,31,16,295.0405,-79.6790,1.1264,20,0.5000,0.6667,6,5,3,0,0,5,3,0.4000
4,280.0000,31,18,723.2851,-86.6841,-0.0677,6,0.1500,0.8571,7,8,8,0,0,8,8,0.0000
4,280.0000,31,19,932.5029,-88.1500,-0.1135,5,0.1250,0.7500,4,4,4,0,0,4,4,0.0000
4,280.0000,31,21,349.7872,-80.5684,-0.4934,23,0.5750,0.8571,7,6,4,0,0,6,4,0.3333
4,280.0000,31,22,815.3681,-87.7359,0.7445,5,0.1250,1.0000,2,8,7,0,0,8,7,0.1250
4,280.0000,31,23,846.5309,-87.9570,-1.5968,3,0.0750,1.0000,6,2,2,0,0,2,2,0.0000
4,280.0000,31,24,568.4402,-83.9317,0.0800,13,0.3250,1.0000,8,7,6,0,0,7,6,0.1429
4,280.0000,31,25,136.7374,-71.7649,0.3667,36,0.9000,0.0000,4,4,0,0,0,4,0,1.0000
4,280.0000,31,27,594.0625,-84.6155,-1.2349,7,0.1750,1.0000,8,8,8,0,0,8,8,0.0000
4,280.0000,31,28,716.0585,-86.4665,-0.9071,9,0.2250,0.8000,5,8,8,0,0,8,8,0.0000
4,280.0000,31,30,658.7937,-86.3960,-0.5915,9,0.2250,0.5000,6,7,6,0,0,7,6,0.1429
4,280.0000,31,32,321.0137,-76.6940,-1.6182,33,0.8250,0.6667,6,7,6,0,0,7,6,0.1429
4,280.0000,31,36,337.2068,-80.8414,0.7373,29,0.7250,0.6667,6,6,4,0,0,6,4,0.3333
4,280.0000,31,37,857.3696,-88.3453,0.2489,3,0.0750,1.0000,4,8,8,0,0,8,8,0.0000
4,280.0000,31,38,460.3389,-83.5387,-0.1524,19,0.4750,0.6667,6,7,5,0,0,7,5,0.2857
4,280.0000,31,39,802.4792,-87.3966,0.2522,11,0.2750,1.0000,4,8,7,0,0,8,7,0.1250
4,280.0000,31,42,554.7106,-83.5705,-0.0715,17,0.4250,1.0000,8,7,6,0,0,7,6,0.1429
4,280.0000,31,43,920.1708,-88.9785,0.3060,3,0.0750,,0,4,4,0,0,4,4,0.0000
4,280.0000,31,44,427.8199,-82.5085,0.9509,17,0.4250,0.8571,7,5,1,2,2,7,3,0.5714
4,280.0000,31,45,854.0119,-88.3881,1.3956,3,0.0750,1.0000,6,8,8,0,0,8,8,0.0000
4,280.0000,31,46,596.4403,-85.7781,0.7969,15,0.3750,1.0000,8,4,3,0,0,4,3,0.2500
4,280.0000,31,47,117.4776,-63.7891,-3.4115,37,0.9250,0.2000,5,6,3,0,0,6,3,0.5000
4,280.0000,32,1,483.1940,-83.5103,-0.5437,11,0.2750,0.6667,6,8,7,0,0,8,7,0.1250
4,280.0000,32,2,658.7139,-87.6283,0.2655,6,0.1500,1.0000,8,8,8,0,0,8,8,0.0000
4,280.0000,32,3,604.8285,-86.8837,0.8512,7,0.1750,1.0000,8,7,6,0,0,7,6,0.1429
4,280.0000,32,4,462.2102,-84.0465,0.1915,14,0.3500,0.5000,6,9,8,0,0,9,8,0.1111
4,280.0000,32,6,370.0197,-78.8722,-0.6555,21,0.5250,0.4000,5,6,4,0,0,6,4,0.3333
4,280.0000,32,8,339.6927,-81.8263,0.5598,18,0.4500,0.6667,6,6,4,0,0,6,4,0.3333
4,280.0000,32,10,525.8636,-85.3578,1.6706,9,0.2250,0.8571,7,8,8,0,0,8,8,0.0000
4,280.0000,32,11,403.0959,-82.1629,0.7851,16,0.4000,0.8571,7,7,6,0,0,7,6,0.1429
4,280.0000,32,13,477.5044,-81.6990,-0.0460,13,0.3250,0.8571,7,7,5,0,0,7,5,0.2857
4,280.0000,32,14,624.8938,-84.4607,-0.0689,10,0.2500,0.8571,7,7,5,0,0,7,5,0.2857
4,280.0000,32,16,453.9828,-83.2998,-0.6106,10,0.2500,0.7143,7,8,8,0,0,8,8,0.0000
4,280.0000,32,17,776.1380,-86.7175,0.3221,6,0.1500,1.0000,6,6,6,0,0,6,6,0.0000
4,280.0000,32,18,712.3629,-85.6617,0.5108,7,0.1750,0.7143,7,8,7,0,0,8,7,0.1250
4,280.0000,32,20,537.2213,-84.1622,0.9595,11,0.2750,0.8571,7,8,6,0,0,8,6,0.2500
4,280.0000,32,21,463.5433,-82.0247,0.2766,15,0.3750,0.8571,7,8,8,0,0,8,8,0.0000
4,280.0000,32,22,639.4992,-87.3997,-0.0950,8,0.2000,1.0000,8,8,7,0,0,8,7,0.1250
4,280.0000,32,23,638.7243,-86.2571,0.4542,9,0.2250,1.0000,8,6,6,0,0,6,6,0.0000
4,280.0000,32,24,247.6287,-78.9606,1.0120,27,0.6750,0.5000,6,5,2,0,0,5,2,0.6000
4,280.0000,32,25,288.5041,-77.3242,-0.5807,19,0.4750,0.4000,5,8,8,0,0,8,8,0.0000
4,280.0000,32,27,736.7854,-85.2414,0.0389,9,0.2250,0.8571,7,6,6,0,0,6,6,0.0000
4,280.0000,32,28,952.2843,-87.7852,0.7284,4,0.1000,1.0000,4,4,4,0,0,4,4,0.0000
4,280.0000,32,31,321.0137,-75.3859,-1.5602,26,0.6500,0.5000,6,7,5,0,0,7,5,0.2857
4,280.0000,32,33,988.2527,-89.1356,0.0207,3,0.0750,1.0000,6,4,4,0,0,4,4,0.0000
4,280.0000,32,36,546.8623,-83.3667,-1.1890,13,0.3250,1.0000,8,8,7,0,0,8,7,0.1250
4,280.0000,32,37,902.4163,-88.3226,0.0719,7,0.1750,1.0000,6,8,8,0,0,8,8,0.0000
4,280.0000,32,38,728.0623,-85.6108,-0.7281,9,0.2250,1.0000,8,3,2,0,0,3,2,0.3333
4,280.0000,32,42,537.5832,-84.4312,-0.1504,14,0.3500,1.0000,8,8,8,0,0,8,8,0.0000
4,280.0000,32,43,768.0772,-87.6948,0.7955,4,0.1000,1.0000,8,8,8,0,0,8,8,0.0000
4,280.0000,32,44,710.9628,-85.8319,0.8049,9,0.2250,1.0000,8,8,7,0,0,8,7,0.1250
4,280.0000,32,45,674.6236,-84.7797,0.1613,10,0.2500,0.8333,6,8,8,0,0,8,8,0.0000
4,280.0000,32,46,856.1533,-87.6258,0.5280,8,0.2000,1.0000,6,4,4,0,0,4,4,0.0000
4,280.0000,32,47,313.9343,-76.2338,-1.3687,23,0.5750,0.5000,6,8,8,0,0,8,8,0.0000
4,280.0000,33,2,395.4597,-81.7140,0.7184,12,0.3000,0.8571,7,5,2,0,0,5,2,0.6000
4,280.0000,33,3,479.6893,-83.3327,-0.4555,11,0.2750,0.7143,7,8,8,0,0,8,8,0.0000
4,280.0000,33,5,772.4790,-88.4359,0.1660,5,0.1250,1.0000,4,8,7,0,0,8,7,0.1250
4,280.0000,33,7,108.2998,-67.2838,0.4885,34,0.8500,0.2000,5,4,0,0,0,4,0,1.0000
4,280.0000,33,8,843.3990,-87.6944,-1.1211,3,0.0750,1.0000,8,6,6,0,0,6,6,0.0000
4,280.0000,33,11,623.5030,-85.3182,1.5638,5,0.1250,0.7143,7,8,8,54,54,62,62,0.0000
4,280.0000,33,12,216.5591,-76.9109,0.0378,30,0.7500,0.4000,5,4,0,0,0,4,0,1.0000
4,280.0000,33,17,600.0510,-85.6581,-1.1266,6,0.1500,0.8750,8,8,8,0,0,8,8,0.0000
4,280.0000,33,18,805.2970,-87.2154,-3.1739,3,0.0750,,0,8,8,0,0,8,8,0.0000
4,280.0000,33,20,603.5153,-84.8714,1.1967,10,0.2500,1.0000,8,8,8,0,0,8,8,0.0000
4,280.0000,33,22,524.2801,-83.5207,-0.6992,10,0.2500,1.0000,8,7,6,0,0,7,6,0.1429
4,280.0000,33,23,497.5710,-83.2104,1.5556,8,0.2000,0.8750,8,8,8,0,0,8,8,0.0000
4,280.0000,33,24,860.1312,-87.1392,0.7011,4,0.1000,1.0000,6,8,8,0,0,8,8,0.0000
4,280.0000,33,26,525.3724,-83.9034,2.0016,8,0.2000,0.8750,8,7,4,0,0,7,4,0.4286
4,280.0000,33,29,201.6180,-74.4817,-0.2831,34,0.8500,0.0000,4,4,0,0,0,4,0,1.0000
4,280.0000,33,34,493.2535,-83.5696,-0.5072,12,0.3000,0.6667,6,6,4,0,0,6,4,0.3333
4,280.0000,33,35,468.2892,-84.2101,0.7229,10,0.2500,0.8571,7,7,5,0,0,7,5,0.2857
4,280.0000,33,41,627.9063,-84.6192,0.4509,10,0.2500,1.0000,8,7,6,0,0,7,6,0.1429
4,280.0000,33,43,407.0546,-79.9531,-1.3207,15,0.3750,0.8750,8,8,8,0,0,8,8,0.0000
4,280.0000,33,45,487.6605,-84.3307,0.7301,5,0.1250,0.8571,7,8,8,0,0,8,8,0.0000
4,280.0000,34,5,348.5309,-79.1378,-0.1057,29,0.7250,0.7143,7,6,3,0,0,6,3,0.5000
4,280.0000,34,7,547.7487,-83.1701,-0.8643,12,0.3000,0.8000,5,10,9,0,0,10,9,0.1000
4,280.0000,34,12,536.2746,-82.9296,-0.2118,11,0.2750,0.8750,8,6,6,0,0,6,6,0.0000
4,280.0000,34,23,817.6786,-86.6716,-0.1790,4,0.1000,1.0000,8,8,7,0,0,8,7,0.1250
4,280.0000,34,26,284.1396,-78.8743,0.8370,28,0.7000,0.3333,6,4,0,0,0,4,0,1.0000
4,280.0000,34,29,382.4717,-81.6803,0.0837,16,0.4000,0.6667,6,6,4,0,0,6,4,0.3333
4,280.0000,34,33,493.2535,-82.7263,0.6122,9,0.2250,0.8571,7,7,6,0,0,7,6,0.1429
4,280.0000,34,35,175.2902,-74.3961,0.5089,34,0.8500,0.2000,5,4,0,0,0,4,0,1.0000
4,280.0000,34,41,308.8215,-78.9681,-0.2252,27,0.6750,0.2000,5,6,3,0,0,6,3,0.5000
4,280.0000,34,43,517.0766,-82.3676,0.0498,7,0.1750,1.0000,8,7,6,0,0,7,6,0.1429
4,280.0000,35,2,609.9103,-84.4166,-0.0976,8,0.2000,1.0000,8,8,8,0,0,8,8,0.0000
4,280.0000,35,3,800.9968,-89.3886,0.2372,3,0.0750,1.0000,8,8,8,0,0,8,8,0.0000
4,280.0000,35,5,326.3361,-78.0728,-0.9581,35,0.8750,0.0000,4,5,2,0,0,5,2,0.6000
4,280.0000,35,7,550.9953,-83.5650,-0.2812,12,0.3000,0.8750,8,8,8,0,0,8,8,0.0000
4,280.0000,35,10,789.7185,-88.8328,0.2213,3,0.0750,1.0000,8,8,8,0,0,8,8,0.0000
4,280.0000,35,12,459.6665,-82.0810,1.3356,16,0.4000,0.8571,7,7,5,0,0,7,5,0.2857
4,280.0000,35,17,546.5856,-83.4347,1.5424,10,0.2500,0.8571,7,7,6,0,0,7,6,0.1429
4,280.0000,35,18,612.0783,-85.9012,-3.9341,3,0.0750,1.0000,8,8,8,0,0,8,8,0.0000
4,280.0000,35,22,652.1466,-88.0432,-0.3673,4,0.1000,0.6667,6,8,8,0,0,8,8,0.0000
4,280.0000,35,23,698.5121,-85.0965,0.2098,5,0.1250,1.0000,8,8,8,0,0,8,8,0.0000
4,280.0000,35,26,113.9661,-70.7207,0.1982,33,0.8250,0.2000,5,5,1,0,0,5,1,0.8000
4,280.0000,35,29,392.4839,-81.7648,0.8222,18,0.4500,0.8571,7,6,3,0,0,6,3,0.5000
4,280.0000,35,33,468.2892,-84.4085,1.1584,15,0.3750,0.8571,7,8,7,0,0,8,7,0.1250
4,280.0000,35,34,175.2902,-74.1696,0.5840,35,0.8750,0.2000,5,4,0,0,0,4,0,1.0000
4,280.0000,35,37,660.3629,-86.2389,1.1078,5,0.1250,1.0000,8,8,8,0,0,8,8,0.0000
4,280.0000,35,41,177.2016,-73.3646,-0.2436,34,0.8500,0.0000,4,4,0,0,0,4,0,1.0000
4,280.0000,35,43,388.5450,-81.1057,0.4304,14,0.3500,0.8571,7,7,6,0,0,7,6,0.1429
4,280.0000,35,45,621.1285,-84.7265,0.9615,9,0.2250,1.0000,8,10,10,0,0,10,10,0.0000
4,280.0000,36,0,637.0022,-85.3367,-0.7335,10,0.2500,0.6000,5,7,5,0,0,7,5,0.2857
4,280.0000,36,1,177.4808,-74.2622,0.7717,35,0.8750,0.0000,4,5,2,0,0,5,2,0.6000
4,280.0000,36,4,444.8564,-81.6534,0.7709,14,0.3500,0.8750,8,7,6,0,0,7,6,0.1429
4,280.0000,36,6,444.3699,-83.0507,-0.5840,17,0.4250,0.7500,8,8,7,0,0,8,7,0.1250
4,280.0000,36,8,683.9000,-85.7855,2.3581,4,0.1000,1.0000,8,8,8,0,0,8,8,0.0000
4,280.0000,36,9,506.8269,-84.0871,-0.6077,16,0.4000,0.8750,8,7,5,0,0,7,5,0.2857
4,280.0000,36,13,114.7691,-71.5326,0.9536,37,0.9250,0.0000,4,6,2,0,0,6,2,0.6667
4,280.0000,36,14,673.1460,-87.6472,0.6712,4,0.1000,0.8571,7,8,7,0,0,8,7,0.1250
4,280.0000,36,15,857.5238,-87.7960,-0.3737,4,0.1000,0.8000,5,8,7,0,0,8,7,0.1250
4,280.0000,36,16,511.5548,-84.3515,0.5060,5,0.1250,1.0000,8,7,6,0,0,7,6,0.1429
4,280.0000,36,19,676.8909,-85.7887,-0.2922,15,0.3750,0.8571,7,8,8,0,0,8,8,0.0000
4,280.0000,36,21,321.0410,-79.1201,0.7444,17,0.4250,0.4286,7,7,6,0,0,7,6,0.1429
4,280.0000,36,25,289.4130,-77.8116,-0.3612,23,0.5750,0.6667,6,4,2,0,0,4,2,0.5000
4,280.0000,36,27,831.3464,-86.9578,0.1065,3,0.0750,0.8750,8,8,8,0,0,8,8,0.0000
4,280.0000,36,28,474.7263,-83.4051,0.1664,17,0.4250,0.8571,7,6,4,0,0,6,4,0.3333
4,280.0000,36,30,496.4606,-84.5627,-0.0792,10,0.2500,0.7143,7,10,9,0,0,10,9,0.1000
4,280.0000,36,31,337.2068,-80.1963,0.6361,15,0.3750,0.6667,6,5,2,0,0,5,2,0.6000
4,280.0000,36,32,546.8623,-82.6400,-0.1336,8,0.2000,1.0000,8,8,7,0,0,8,7,0.1250
4,280.0000,36,38,631.0665,-85.5587,1.0242,5,0.1250,1.0000,8,7,6,0,0,7,6,0.1429
4,280.0000,36,39,647.3017,-85.8035,0.0019,9,0.2250,1.0000,8,8,8,0,0,8,8,0.0000
4,280.0000,36,40,754.8139,-87.8056,0.4002,6,0.1500,1.0000,8,8,8,0,0,8,8,0.0000
4,280.0000,36,42,380.6477,-80.2745,0.1552,19,0.4750,0.6667,6,6,4,0,0,6,4,0.3333
4,280.0000,36,44,510.0297,-84.3653,-0.1980,10,0.2500,1.0000,8,7,6,0,0,7,6,0.1429
4,280.0000,36,46,375.3102,-82.5442,1.0351,23,0.5750,0.8571,7,8,7,0,0,8,7,0.1250
4,280.0000,36,47,273.4992,-78.6145,1.3935,20,0.5000,0.4000,5,6,4,0,0,6,4,0.3333
4,280.0000,37,2,806.9436,-87.7054,-0.2764,3,0.0750,1.0000,6,8,8,0,0,8,8,0.0000
4,280.0000,37,5,513.8666,-83.7098,0.5456,12,0.3000,1.0000,4,7,6,0,0,7,6,0.1429
4,280.0000,37,10,477.7357,-82.8130,-1.1276,7,0.1750,1.0000,8,8,8,0,0,8,8,0.0000
4,280.0000,37,11,663.1647,-85.8404,0.1019,3,0.0750,1.0000,8,8,8,0,0,8,8,0.0000
4,280.0000,37,12,975.7975,-86.9661,-0.2381,3,0.0750,1.0000,4,4,4,0,0,4,4,0.0000
4,280.0000,37,14,560.8304,-83.3510,-0.1254,9,0.2250,0.8750,8,8,7,0,0,8,7,0.1250
4,280.0000,37,16,653.3161,-86.5684,0.6523,3,0.0750,1.0000,8,8,8,0,0,8,8,0.0000
4,280.0000,37,17,618.4611,-87.3906,-0.9339,3,0.0750,1.0000,8,7,6,0,0,7,6,0.1429
4,280.0000,37,18,216.4310,-77.5935,0.0676,26,0.6500,0.2000,5,4,0,0,0,4,0,1.0000
4,280.0000,37,26,601.0700,-82.5688,-0.7459,9,0.2250,0.8571,7,8,8,0,0,8,8,0.0000
4,280.0000,37,27,367.0137,-80.8160,1.0124,12,0.3000,1.0000,8,7,5,0,0,7,5,0.2857
4,280.0000,37,35,660.3629,-84.1471,-0.0813,9,0.2250,0.8571,7,8,7,0,0,8,7,0.1250
4,280.0000,37,38,658.6733,-83.8519,0.5279,5,0.1250,1.0000,8,7,6,0,0,7,6,0.1429
4,280.0000,37,41,586.2309,-83.7324,-0.2336,10,0.2500,1.0000,8,8,8,0,0,8,8,0.0000
4,280.0000,37,43,598.6412,-83.1867,0.7130,4,0.1000,0.8750,8,8,8,0,0,8,8,0.0000
4,280.0000,37,44,781.3039,-86.9106,-0.1741,4,0.1000,1.0000,8,8,8,0,0,8,8,0.0000
4,280.0000,38,0,925.4571,-87.7663,0.1689,8,0.2000,1.0000,2,8,8,0,0,8,8,0.0000
4,280.0000,38,1,486.2669,-83.2699,-0.0360,9,0.2250,0.8750,8,8,7,0,0,8,7,0.1250
4,280.0000,38,4,872.2461,-88.8301,-0.1043,4,0.1000,1.0000,8,8,8,0,0,8,8,0.0000
4,280.0000,38,9,266.1780,-79.4961,1.0907,23,0.5750,0.6667,6,5,2,0,0,5,2,0.6000
4,280.0000,38,10,536.0781,-83.6269,-0.6466,11,0.2750,1.0000,8,8,8,0,0,8,8,0.0000
4,280.0000,38,11,804.8803,-87.3449,4.5024,3,0.0750,1.0000,8,8,8,0,0,8,8,0.0000
4,280.0000,38,13,552.8990,-85.3417,0.6649,10,0.2500,1.0000,8,8,8,0,0,8,8,0.0000
4,280.0000,38,14,200.3766,-75.7375,-0.4391,33,0.8250,0.5714,7,4,0,0,0,4,0,1.0000
4,280.0000,38,16,353.5350,-79.0180,-0.7744,19,0.4750,0.8571,7,6,4,0,0,6,4,0.3333
4,280.0000,38,17,914.1162,-89.1919,0.1432,3,0.0750,1.0000,4,2,2,0,0,2,2,0.0000
4,280.0000,38,18,648.6624,-85.0158,-1.4322,8,0.2000,1.0000,8,8,8,0,0,8,8,0.0000
4,280.0000,38,20,1078.2460,-89.2197,0.4844,4,0.1000,1.0000,4,4,4,0,0,4,4,0.0000
4,280.0000,38,21,596.1211,-85.4669,-0.5589,8,0.2000,1.0000,8,8,7,0,0,8,7,0.1250
4,280.0000,38,25,545.5926,-84.0875,-0.6713,11,0.2750,1.0000,8,7,6,0,0,7,6,0.1429
4,280.0000,38,27,334.9856,-77.7989,-1.6263,26,0.6500,0.4000,5,6,2,0,0,6,2,0.6667
4,280.0000,38,28,877.8534,-88.3694,-0.1107,3,0.0750,1.0000,6,6,6,0,0,6,6,0.0000
4,280.0000,38,30,585.6414,-85.8037,0.7477,9,0.2250,1.0000,6,8,8,0,0,8,8,0.0000
4,280.0000,38,31,460.3389,-83.5190,0.6095,9,0.2250,0.8750,8,7,6,0,0,7,6,0.1429
4,280.0000,38,32,728.0623,-85.6527,-1.1498,7,0.1750,1.0000,8,7,6,0,0,7,6,0.1429
4,280.0000,38,36,631.0665,-86.1658,-0.8169,6,0.1500,1.0000,8,8,8,0,0,8,8,0.0000
4,280.0000,38,37,658.6733,-84.6692,0.6655,10,0.2500,1.0000,8,8,8,0,0,8,8,0.0000
4,280.0000,38,39,801.6741,-87.6814,-0.2753,5,0.1250,,0,6,5,0,0,6,5,0.1667
4,280.0000,38,40,939.5783,-88.1644,0.5248,3,0.0750,1.0000,2,6,6,0,0,6,6,0.0000
4,280.0000,38,44,181.6224,-76.2935,1.4320,36,0.9000,0.3699,73,4,0,0,0,4,0,1.0000
4,280.0000,38,45,1002.9897,-86.7141,-1.4711,3,0.0750,1.0000,4,6,6,0,0,6,6,0.0000
4,280.0000,38,46,737.3538,-88.0283,-0.3749,7,0.1750,1.0000,2,4,4,0,0,4,4,0.0000
4,280.0000,38,47,562.6642,-83.3693,-1.3993,10,0.2500,1.0000,8,8,8,0,0,8,8,0.0000
4,280.0000,39,0,337.8371,-80.2506,-0.1049,32,0.8000,0.4000,5,6,3,0,0,6,3,0.5000
4,280.0000,39,1,632.2807,-84.3350,-0.3062,7,0.1750,1.0000,8,8,8,0,0,8,8,0.0000
4,280.0000,39,9,613.8477,-83.6454,0.2000,5,0.1250,1.0000,8,8,8,0,0,8,8,0.0000
4,280.0000,39,15,484.4676,-83.2149,-0.3546,25,0.6250,0.5000,6,7,4,0,0,7,4,0.4286
4,280.0000,39,19,529.9097,-83.6089,-0.3943,17,0.4250,0.5000,6,7,6,0,0,7,6,0.1429
4,280.0000,39,28,309.0736,-77.5653,-0.1941,31,0.7750,0.3333,6,8,7,0,0,8,7,0.1250
4,280.0000,39,30,339.9204,-80.7135,-0.4187,23,0.5750,0.6667,6,6,2,0,0,6,2,0.6667
4,280.0000,39,36,647.3017,-85.2212,-0.2252,7,0.1750,1.0000,6,8,8,0,0,8,8,0.0000
4,280.0000,39,40,311.9726,-79.9020,-0.0746,33,0.8250,0.4286,7,7,4,0,0,7,4,0.4286
4,280.0000,39,44,742.4065,-87.4809,-0.3536,4,0.1000,1.0000,8,8,8,0,0,8,8,0.0000
4,280.0000,39,46,294.2306,-78.6011,-0.1349,25,0.6250,0.3333,6,4,0,0,0,4,0,1.0000
4,280.0000,40,0,162.5875,-72.7043,-0.7483,34,0.8500,0.0000,4,5,1,0,0,5,1,0.8000
4,280.0000,40,1,790.4556,-85.7962,-4.1919,3,0.0750,1.0000,86,8,8,0,0,8,8,0.0000
4,280.0000,40,9,696.0759,-85.8933,-1.4044,4,0.1000,1.0000,8,8,7,0,0,8,7,0.1250
4,280.0000,40,13,795.1024,-86.3361,-3.9670,3,0.0750,1.0000,6,6,6,0,0,6,6,0.0000
4,280.0000,40,15,503.8781,-83.6971,-0.3949,24,0.6000,0.5714,7,6,4,0,0,6,4,0.3333
4,280.0000,40,19,608.8425,-84.8630,0.0373,11,0.2750,1.0000,8,7,6,0,0,7,6,0.1429
4,280.0000,40,28,438.8909,-82.5885,-0.0411,17,0.4250,0.8750,8,5,2,0,0,5,2,0.6000
4,280.0000,40,30,363.7297,-80.3225,-0.2479,23,0.5750,0.5000,6,6,2,0,0,6,2,0.6667
4,280.0000,40,39,311.9726,-79.6946,0.4090,25,0.6250,0.0000,3,4,0,0,0,4,0,1.0000
4,280.0000,40,44,837.2238,-88.7253,1.1447,3,0.0750,0.9855,69,8,8,144,144,152,152,0.0000
4,280.0000,40,46,449.4704,-83.4065,-0.7776,16,0.4000,0.8889,9,8,7,0,0,8,7,0.1250
4,280.0000,41,5,247.4067,-76.6246,-0.7592,34,0.8500,0.2000,5,6,2,0,0,6,2,0.6667
4,280.0000,41,7,718.0889,-83.8636,-0.2472,6,0.1500,0.8889,9,8,8,0,0,8,8,0.0000
4,280.0000,41,12,583.2793,-83.8399,-0.4746,7,0.1750,1.0000,8,8,8,0,0,8,8,0.0000
4,280.0000,41,17,545.0129,-83.5659,-3.5663,5,0.1250,1.0000,8,8,7,0,0,8,7,0.1250
4,280.0000,41,26,108.4723,-69.8895,0.0217,33,0.8250,0.0000,4,5,0,0,0,5,0,1.0000
4,280.0000,41,29,556.1908,-84.3286,-0.5365,14,0.3500,0.8750,8,8,7,0,0,8,7,0.1250
4,280.0000,41,33,627.9063,-84.9741,0.1209,6,0.1500,1.0000,8,7,6,0,0,7,6,0.1429
4,280.0000,41,34,308.8215,-79.6334,-0.0081,30,0.7500,0.4286,7,6,4,0,0,6,4,0.3333
4,280.0000,41,35,177.2016,-73.4091,-0.6090,31,0.7750,0.2000,5,4,0,0,0,4,0,1.0000
4,280.0000,41,37,586.2309,-84.1864,-0.8551,9,0.2250,1.0000,8,6,4,0,0,6,4,0.3333
4,280.0000,41,43,455.1083,-82.1174,0.5895,8,0.2000,0.8571,7,8,8,0,0,8,8,0.0000
4,280.0000,41,45,679.6974,-85.9808,0.3856,3,0.0750,1.0000,8,8,8,0,0,8,8,0.0000
4,280.0000,42,0,910.3231,-87.8520,1.5123,3,0.0750,,0,8,8,0,0,8,8,0.0000
4,280.0000,42,1,507.6654,-83.5619,1.0385,14,0.3500,1.0000,8,8,8,0,0,8,8,0.0000
4,280.0000,42,4,270.7877,-76.7564,0.1777,24,0.6000,0.5000,6,7,4,0,0,7,4,0.4286
4,280.0000,42,6,360.5351,-81.8967,-0.4629,21,0.5250,1.0000,8,7,6,0,0,7,6,0.1429
4,280.0000,42,8,583.9547,-84.1260,0.8944,6,0.1500,0.8750,8,8,8,0,0,8,8,0.0000
4,280.0000,42,9,870.3005,-86.8923,0.3826,8,0.2000,1.0000,4,4,4,0,0,4,4,0.0000
4,280.0000,42,11,872.5924,-86.8242,-1.6528,3,0.0750,1.0000,8,6,6,0,0,6,6,0.0000
4,280.0000,42,13,438.5045,-82.4277,-0.5126,17,0.4250,0.7143,7,8,7,0,0,8,7,0.1250
4,280.0000,42,16,721.4475,-85.9238,1.3588,6,0.1500,1.0000,8,8,8,0,0,8,8,0.0000
4,280.0000,42,19,791.5639,-87.2246,0.4517,7,0.1750,1.0000,8,8,8,0,0,8,8,0.0000
4,280.0000,42,20,830.6658,-85.4016,1.3421,4,0.1000,1.0000,8,6,6,0,0,6,6,0.0000
4,280.0000,42,21,445.3029,-81.5671,-0.2101,12,0.3000,0.8571,7,7,6,0,0,7,6,0.1429
4,280.0000,42,23,971.4824,-87.3997,0.2571,4,0.1000,1.0000,6,4,4,0,0,4,4,0.0000
4,280.0000,42,24,635.1460,-84.7179,-0.3828,8,0.2000,1.0000,8,8,8,0,0,8,8,0.0000
4,280.0000,42,25,444.5018,-81.0192,-0.7522,17,0.4250,0.8750,8,8,7,0,0,8,7,0.1250
4,280.0000,42,27,1072.7097,-88.3007,-0.8365,3,0.0750,1.0000,4,4,4,0,0,4,4,0.0000
4,280.0000,42,28,715.5400,-87.6628,1.3013,3,0.0750,1.0000,6,8,8,0,0,8,8,0.0000
4,280.0000,42,30,858.6271,-88.3079,-0.6275,3,0.0750,1.0000,6,8,7,0,0,8,7,0.1250
4,280.0000,42,31,554.7106,-84.6396,0.0694,12,0.3000,0.8750,8,8,8,0,0,8,8,0.0000
4,280.0000,42,32,537.5832,-82.3516,-0.1261,10,0.2500,0.8571,7,8,8,0,0,8,8,0.0000
4,280.0000,42,36,380.6477,-80.2675,-0.6701,19,0.4750,0.8571,7,7,5,0,0,7,5,0.2857
4,280.0000,42,44,841.9856,-87.2675,-1.2706,7,0.1750,0.8571,7,7,6,0,0,7,6,0.1429
4,280.0000,42,46,675.4262,-87.8945,0.2570,9,0.2250,1.0000,8,4,4,0,0,4,4,0.0000
4,280.0000,42,47,457.7743,-82.9893,1.1370,11,0.2750,0.8571,7,6,4,0,0,6,4,0.3333
4,280.0000,43,2,258.3741,-78.1518,0.4974,27,0.6750,0.2000,5,6,4,0,0,6,4,0.3333
4,280.0000,43,3,469.1987,-82.3357,-0.4642,14,0.3500,0.7143,7,8,7,0,0,8,7,0.1250
4,280.0000,43,5,597.8142,-85.0175,-0.0375,9,0.2250,1.0000,6,8,7,0,0,8,7,0.1250
4,280.0000,43,7,506.1334,-82.1183,-0.7708,23,0.5750,0.8571,7,8,8,0,0,8,8,0.0000
4,280.0000,43,8,634.7953,-85.5969,0.3587,5,0.1250,0.8571,7,5,4,0,0,5,4,0.2000
4,280.0000,43,10,477.5188,-83.5471,-0.5116,6,0.1500,0.8000,5,8,7,0,0,8,7,0.1250
4,280.0000,43,11,366.7892,-80.4948,-0.0762,15,0.3750,0.8750,8,7,5,0,0,7,5,0.2857
4,280.0000,43,12,408.9436,-79.4930,-1.6082,27,0.6750,0.2000,5,8,7,0,0,8,7,0.1250
4,280.0000,43,16,745.4990,-87.7053,0.6202,3,0.0750,1.0000,8,8,8,0,0,8,8,0.0000
4,280.0000,43,17,245.0770,-78.4943,0.5857,27,0.6750,0.4000,5,5,1,0,0,5,1,0.8000
4,280.0000,43,18,451.9532,-81.4405,1.2470,10,0.2500,0.7143,7,7,5,0,0,7,5,0.2857
4,280.0000,43,20,513.8820,-82.6422,0.1956,12,0.3000,1.0000,8,8,8,0,0,8,8,0.0000
4,280.0000,43,21,925.9792,-88.5660,-0.3058,3,0.0750,1.0000,6,4,4,0,0,4,4,0.0000
4,280.0000,43,22,278.0757,-78.3814,0.3786,23,0.5750,0.4000,5,7,5,0,0,7,5,0.2857
4,280.0000,43,23,335.2145,-78.8514,-1.3694,24,0.6000,0.4000,5,6,4,0,0,6,4,0.3333
4,280.0000,43,24,742.5471,-85.0864,0.0523,4,0.1000,1.0000,8,7,6,0,0,7,6,0.1429
4,280.0000,43,26,359.5308,-81.5350,0.8800,22,0.5500,0.5000,6,6,4,0,0,6,4,0.3333
4,280.0000,43,27,714.7555,-86.7853,-0.0759,5,0.1250,1.0000,8,8,7,0,0,8,7,0.1250
4,280.0000,43,29,502.2739,-81.8346,-0.6781,22,0.5500,0.8571,7,6,6,0,0,6,6,0.0000
4,280.0000,43,33,407.0546,-80.9534,-0.0936,25,0.6250,0.5000,6,6,3,0,0,6,3,0.5000
4,280.0000,43,34,517.0766,-83.2760,-0.4348,20,0.5000,1.0000,8,8,5,0,0,8,5,0.3750
4,280.0000,43,35,388.5450,-80.9928,-0.3770,22,0.5500,0.5714,7,6,3,0,0,6,3,0.5000
4,280.0000,43,37,598.6412,-84.9180,0.5336,11,0.2750,0.4000,5,8,7,0,0,8,7,0.1250
4,280.0000,43,41,455.1083,-84.0690,0.6726,21,0.5250,0.8571,7,7,4,0,0,7,4,0.4286
4,280.0000,43,45,255.4492,-78.2969,0.3708,23,0.5750,0.4000,5,6,4,0,0,6,4,0.3333
4,280.0000,44,0,804.9264,-86.2322,-1.6298,8,0.2000,1.0000,4,8,8,0,0,8,8,0.0000
4,280.0000,44,1,401.9260,-82.2020,-0.6617,14,0.3500,0.8571,7,7,5,0,0,7,5,0.2857
4,280.0000,44,4,756.9825,-87.0537,-0.2772,3,0.0750,0.8571,7,6,6,0,0,6,6,0.0000
4,280.0000,44,6,832.6011,-87.3374,-0.5719,3,0.0750,1.0000,8,6,6,0,0,6,6,0.0000
4,280.0000,44,9,150.2782,-72.0068,-0.5470,37,0.9250,0.0000,4,4,0,0,0,4,0,1.0000
4,280.0000,44,10,554.8554,-85.7278,0.3837,5,0.1250,1.0000,8,8,7,0,0,8,7,0.1250
4,280.0000,44,11,826.2236,-86.6210,-0.0849,5,0.1250,1.0000,6,8,8,0,0,8,8,0.0000
4,280.0000,44,13,457.0723,-82.1000,0.1783,13,0.3250,1.0000,8,8,7,0,0,8,7,0.1250
4,280.0000,44,14,345.4456,-81.4579,0.2325,16,0.4000,0.8571,7,6,4,0,0,6,4,0.3333
4,280.0000,44,16,319.2214,-80.0587,0.6157,14,0.3500,1.0000,8,7,6,0,0,7,6,0.1429
4,280.0000,44,20,1049.8247,-86.7290,-3.2154,3,0.0750,1.0000,6,4,4,0,0,4,4,0.0000
4,280.0000,44,21,469.0599,-84.0801,0.1719,11,0.2750,0.8750,8,8,7,0,0,8,7,0.1250
4,280.0000,44,25,475.9469,-85.4206,-0.3536,9,0.2250,0.8571,7,8,7,0,0,8,7,0.1250
4,280.0000,44,27,423.1617,-82.1580,0.5108,15,0.3750,1.0000,8,7,6,0,0,7,6,0.1429
4,280.0000,44,28,783.5638,-86.8247,-0.8399,11,0.2750,0.8571,7,8,8,0,0,8,8,0.0000
4,280.0000,44,30,474.5087,-83.4031,0.2104,16,0.4000,0.8750,8,7,5,0,0,7,5,0.2857
4,280.0000,44,31,427.8199,-83.7298,0.4707,12,0.3000,0.8571,7,8,7,0,0,8,7,0.1250
4,280.0000,44,32,710.9628,-85.6313,-0.3759,7,0.1750,0.8750,8,7,6,0,0,7,6,0.1429
4,280.0000,44,36,510.0297,-83.6636,0.3352,8,0.2000,0.8571,7,8,8,0,0,8,8,0.0000
4,280.0000,44,37,781.3039,-87.8479,-2.0020,3,0.0750,1.0000,8,8,6,0,0,8,6,0.2500
4,280.0000,44,38,181.6224,-76.4197,0.9811,29,0.7250,0.0000,4,6,2,0,0,6,2,0.6667
4,280.0000,44,39,742.4065,-86.2863,0.3016,14,0.3500,0.8571,7,8,8,0,0,8,8,0.0000
4,280.0000,44,40,837.2238,-86.8415,0.8771,5,0.1250,0.8333,6,6,6,0,0,6,6,0.0000
4,280.0000,44,42,841.9856,-87.7565,-0.0343,4,0.1000,1.0000,8,8,8,0,0,8,8,0.0000
4,280.0000,44,45,997.5881,-87.8548,-0.3742,3,0.0750,1.0000,4,2,2,0,0,2,2,0.0000
4,280.0000,44,46,642.9883,-85.5554,0.3218,9,0.2250,0.8571,7,7,6,0,0,7,6,0.1429
4,280.0000,44,47,511.7260,-83.3441,0.0634,12,0.3000,1.0000,8,7,6,0,0,7,6,0.1429
4,280.0000,45,2,134.1738,-75.6880,1.9233,33,0.8250,0.5000,4,5,1,0,0,5,1,0.8000
4,280.0000,45,3,317.1000,-81.1091,0.2028,21,0.5250,1.0000,8,5,1,0,0,5,1,0.8000
4,280.0000,45,4,788.2757,-86.1697,0.1500,3,0.0750,1.0000,8,8,8,0,0,8,8,0.0000
4,280.0000,45,5,845.5178,-87.7171,1.6995,4,0.1000,0.0000,1,2,2,0,0,2,2,0.0000
4,280.0000,45,7,574.1307,-84.1876,0.0806,10,0.2500,0.7143,7,7,6,0,0,7,6,0.1429
4,280.0000,45,8,445.1232,-81.2859,0.3012,9,0.2250,1.0000,8,8,8,0,0,8,8,0.0000
4,280.0000,45,10,470.5740,-80.6056,-0.7945,12,0.3000,0.6667,6,8,7,0,0,8,7,0.1250
4,280.0000,45,11,330.1355,-78.2585,-0.0425,19,0.4750,0.4000,5,8,5,0,0,8,5,0.3750
4,280.0000,45,12,451.4081,-82.4687,0.5824,13,0.3250,0.7500,8,6,4,0,0,6,4,0.3333
4,280.0000,45,16,693.7809,-85.5171,-1.1924,5,0.1250,1.0000,8,8,8,0,0,8,8,0.0000
4,280.0000,45,17,230.6335,-74.5200,-0.2834,36,0.9000,0.0000,4,7,4,0,0,7,4,0.4286
4,280.0000,45,18,607.0831,-84.5957,-0.3568,5,0.1250,0.8571,7,7,6,0,0,7,6,0.1429
4,280.0000,45,20,307.7960,-77.3996,-0.6692,27,0.6750,0.4000,5,7,5,0,0,7,5,0.2857
4,280.0000,45,21,784.2342,-85.8763,-0.5834,5,0.1250,1.0000,6,8,8,0,0,8,8,0.0000
4,280.0000,45,22,42.3986,-59.1268,4.2651,37,0.9250,0.0000,4,4,0,0,0,4,0,1.0000
4,280.0000,45,23,101.0267,-69.6799,1.0049,34,0.8500,0.0000,4,5,2,0,0,5,2,0.6000
4,280.0000,45,24,630.6611,-84.0109,-0.3244,6,0.1500,1.0000,8,8,8,0,0,8,8,0.0000
4,280.0000,45,26,584.3788,-84.8255,-0.4467,8,0.2000,0.6667,3,7,6,0,0,7,6,0.1429
4,280.0000,45,29,631.2724,-84.9142,0.1742,8,0.2000,1.0000,8,7,5,0,0,7,5,0.2857
4,280.0000,45,32,674.6236,-84.9822,-1.0195,3,0.0750,1.0000,8,6,6,0,0,6,6,0.0000
4,280.0000,45,33,487.6605,-84.4081,0.2598,12,0.3000,1.0000,8,8,7,0,0,8,7,0.1250
4,280.0000,45,34,751.8626,-85.6170,0.2713,5,0.1250,0.8333,6,6,5,0,0,6,5,0.1667
4,280.0000,45,35,621.1285,-85.0241,1.0588,9,0.2250,1.0000,8,8,7,0,0,8,7,0.1250
4,280.0000,45,41,679.6974,-84.8830,0.0880,7,0.1750,0.8571,7,7,6,0,0,7,6,0.1429
4,280.0000,45,43,255.4492,-78.5366,0.0103,25,0.6250,0.4000,5,5,2,0,0,5,2,0.6000
4,280.0000,45,47,907.1165,-87.7825,0.4774,4,0.1000,1.0000,8,6,6,0,0,6,6,0.0000
4,280.0000,46,0,355.0200,-81.8375,-0.6773,30,0.7500,0.5000,8,3,0,0,0,3,0,1.0000
4,280.0000,46,1,407.3806,-81.7037,0.9314,16,0.4000,0.8750,8,8,8,0,0,8,8,0.0000
4,280.0000,46,4,810.3981,-87.4453,0.0654,5,0.1250,1.0000,8,7,6,0,0,7,6,0.1429
4,280.0000,46,6,669.3557,-86.6108,-0.4723,7,0.1750,1.0000,8,8,8,0,0,8,8,0.0000
4,280.0000,46,9,551.4782,-85.3074,-0.8633,11,0.2750,1.0000,10,5,4,0,0,5,4,0.2000
4,280.0000,46,13,400.1494,-82.7620,0.5188,10,0.2500,0.8750,8,7,6,0,0,7,6,0.1429
4,280.0000,46,14,808.5784,-86.6602,-0.4242,3,0.0750,1.0000,8,7,6,0,0,7,6,0.1429
4,280.0000,46,15,525.5252,-83.9739,0.5061,24,0.6000,0.8571,7,7,6,0,0,7,6,0.1429
4,280.0000,46,19,421.9428,-82.1220,-0.7990,33,0.8250,0.5714,7,8,7,0,0,8,7,0.1250
4,280.0000,46,21,677.4710,-87.0282,-1.7152,5,0.1250,0.8571,7,7,6,0,0,7,6,0.1429
4,280.0000,46,25,619.4984,-84.8018,-3.0813,4,0.1000,1.0000,8,8,8,0,0,8,8,0.0000
4,280.0000,46,27,1031.9117,-88.7453,-0.6155,3,0.0750,1.0000,8,8,8,0,0,8,8,0.0000
4,280.0000,46,28,141.4722,-69.8493,-1.1756,35,0.8750,0.0000,4,4,0,0,0,4,0,1.0000
4,280.0000,46,30,328.7441,-80.0654,1.0404,24,0.6000,0.4000,5,6,4,0,0,6,4,0.3333
4,280.0000,46,31,596.4403,-83.3738,-0.4227,7,0.1750,0.8750,8,8,8,0,0,8,8,0.0000
4,280.0000,46,32,856.1533,-88.0821,-0.4288,4,0.1000,1.0000,8,6,6,0,0,6,6,0.0000
4,280.0000,46,36,375.3102,-81.9255,0.6794,15,0.3750,0.8571,7,8,8,0,0,8,8,0.0000
4,280.0000,46,39,294.2306,-78.8720,-0.0083,34,0.8500,0.3333,6,5,2,0,0,5,2,0.6000
4,280.0000,46,40,449.4704,-82.6885,0.3616,23,0.5750,1.0000,8,5,2,0,0,5,2,0.6000
4,280.0000,46,42,675.4262,-86.0955,0.7377,7,0.1750,1.0000,8,7,6,0,0,7,6,0.1429
4,280.0000,46,44,642.9883,-86.4748,-0.3263,8,0.2000,1.0000,8,8,8,0,0,8,8,0.0000
4,280.0000,46,47,546.7973,-84.2525,-0.0167,10,0.2500,1.0000,8,8,8,0,0,8,8,0.0000
4,280.0000,47,0,863.0299,-87.5761,-0.5784,5,0.1250,,0,8,7,0,0,8,7,0.1250
4,280.0000,47,1,178.1198,-75.5094,0.8953,31,0.7750,0.0000,4,5,2,0,0,5,2,0.6000
4,280.0000,47,3,897.9513,-88.4053,0.9992,3,0.0750,0.7500,8,8,8,0,0,8,8,0.0000
4,280.0000,47,4,468.4865,-82.7544,0.4743,14,0.3500,0.7143,7,8,8,0,0,8,8,0.0000
4,280.0000,47,6,323.9856,-81.0543,0.8421,22,0.5500,0.7143,7,7,4,0,0,7,4,0.4286
4,280.0000,47,8,553.1417,-85.3879,0.7475,8,0.2000,0.8750,8,7,6,0,0,7,6,0.1429
4,280.0000,47,9,561.5358,-85.0614,-0.4178,17,0.4250,0.8571,7,5,4,0,0,5,4,0.2000
4,280.0000,47,10,615.1645,-85.0343,-0.4896,9,0.2250,1.0000,8,7,6,0,0,7,6,0.1429
4,280.0000,47,11,654.5260,-86.2268,-0.4879,8,0.2000,1.0000,8,8,8,0,0,8,8,0.0000
4,280.0000,47,13,177.7553,-75.8125,0.6917,34,0.8500,0.0000,4,5,1,0,0,5,1,0.8000
4,280.0000,47,14,521.0070,-82.8001,-0.6533,19,0.4750,0.8750,8,6,3,0,0,6,3,0.5000
4,280.0000,47,16,395.5392,-80.5673,-0.6516,18,0.4500,0.8750,8,7,6,0,0,7,6,0.1429
4,280.0000,47,17,952.7332,-87.6447,-0.3485,4,0.1000,1.0000,6,4,4,0,0,4,4,0.0000
4,280.0000,47,18,827.9907,-85.7188,-1.1668,6,0.1500,1.0000,6,6,6,0,0,6,6,0.0000
4,280.0000,47,19,846.6636,-87.9898,0.0395,6,0.1500,1.0000,6,2,2,0,0,2,2,0.0000
4,280.0000,47,20,809.4133,-87.3550,0.0614,6,0.1500,1.0000,8,7,6,0,0,7,6,0.1429
4,280.0000,47,21,355.0639,-79.1103,-0.6310,22,0.5500,0.5000,6,8,6,0,0,8,6,0.2500
4,280.0000,47,23,887.4504,-87.3829,0.4476,5,0.1250,1.0000,6,4,4,0,0,4,4,0.0000
4,280.0000,47,24,549.0918,-84.1065,-0.2153,14,0.3500,0.4000,5,8,7,0,0,8,7,0.1250
4,280.0000,47,25,132.6070,-71.1922,0.0277,38,0.9500,0.2000,5,6,4,0,0,6,4,0.3333
4,280.0000,47,27,709.6142,-85.4690,-1.4574,12,0.3000,1.0000,10,6,4,0,0,6,4,0.3333
4,280.0000,47,28,652.7812,-86.7179,0.1013,9,0.2250,1.0000,2,8,7,0,0,8,7,0.1250
4,280.0000,47,30,663.8906,-85.6426,-0.1917,15,0.3750,0.8000,5,7,6,0,0,7,6,0.1429
4,280.0000,47,31,117.4776,-62.9560,-3.1365,37,0.9250,0.2000,5,5,1,0,0,5,1,0.8000
4,280.0000,47,32,313.9343,-76.6790,-1.5373,30,0.7500,0.5714,7,7,6,0,0,7,6,0.1429
4,280.0000,47,36,273.4992,-79.0361,0.9093,24,0.6000,0.3333,6,5,2,0,0,5,2,0.6000
4,280.0000,47,37,970.5203,-88.1828,0.0528,6,0.1500,1.0000,6,6,6,0,0,6,6,0.0000
4,280.0000,47,38,562.6642,-84.3269,0.0276,16,0.4000,0.8750,8,8,7,0,0,8,7,0.1250
4,280.0000,47,39,780.2378,-86.5998,-0.8818,7,0.1750,,0,8,8,0,0,8,8,0.0000
4,280.0000,47,40,958.1048,-89.1375,0.2918,3,0.0750,1.0000,4,4,4,0,0,4,4,0.0000
4,280.0000,47,42,457.7743,-83.2963,0.5550,18,0.4500,0.8571,7,6,3,0,0,6,3,0.5000
4,280.0000,47,44,511.7260,-83.8585,0.3117,20,0.5000,0.4000,5,7,5,0,0,7,5,0.2857
4,280.0000,47,46,546.7973,-84.3001,-0.0570,15,0.3750,1.0000,8,8,8,0,0,8,8,0.0000
4,284.0000,0,1,713.9869,-86.5275,-0.0932,5,0.1282,0.8750,8,8,8,0,0,8,8,0.0000
4,284.0000,0,6,812.0851,-87.8610,-1.6178,3,0.0769,1.0000,6,8,8,0,0,8,8,0.0000
4,284.0000,0,9,775.6772,-85.4360,-1.0630,6,0.1538,1.0000,8,8,8,0,0,8,8,0.0000
4,284.0000,0,13,612.7693,-85.0278,1.5362,6,0.1538,1.0000,8,8,8,0,0,8,8,0.0000
4,284.0000,0,15,395.7253,-82.7032,0.7211,27,0.6923,0.5000,6,6,4,0,0,6,4,0.3333
4,284.0000,0,19,388.2950,-83.4888,0.5218,23,0.5897,0.7143,7,5,2,0,0,5,2,0.6000
4,284.0000,0,21,896.4904,-89.1285,-0.6441,3,0.0769,0.8571,7,8,8,0,0,8,8,0.0000
4,284.0000,0,25,912.4421,-86.9752,1.1140,3,0.0769,1.0000,8,8,8,0,0,8,8,0.0000
4,284.0000,0,28,305.7059,-80.3093,0.6482,24,0.6154,0.5000,6,5,1,0,0,5,1,0.8000
4,284.0000,0,30,455.5574,-81.5250,-0.9556,20,0.5128,0.8750,8,8,7,0,0,8,7,0.1250
4,284.0000,0,31,852.8681,-87.5057,-0.3871,4,0.1026,1.0000,8,8,8,0,0,8,8,0.0000
4,284.0000,0,36,571.0360,-85.9702,0.9294,7,0.1795,1.0000,8,10,10,0,0,10,10,0.0000
4,284.0000,0,39,406.4973,-81.5185,0.0188,24,0.6154,0.5000,6,7,6,0,0,7,6,0.1429
4,284.0000,0,40,192.8520,-74.5968,-0.7864,34,0.8718,0.0000,4,4,0,0,0,4,0,1.0000
4,284.0000,0,42,769.2733,-87.9497,-0.5659,3,0.0769,1.0000,8,8,8,0,0,8,8,0.0000
4,284.0000,0,44,901.4887,-86.8910,-2.0763,3,0.0769,1.0000,8,6,6,0,0,6,6,0.0000
4,284.0000,0,46,377.9704,-81.2714,-0.0798,18,0.4615,0.4000,5,6,4,0,0,6,4,0.3333
4,284.0000,0,47,754.2036,-87.3659,-0.2684,3,0.0769,1.0000,8,8,8,0,0,8,8,0.0000
4,284.0000,1,0,713.9869,-87.1606,-0.8030,10,0.2500,1.0000,8,8,7,0,0,8,7,0.1250
4,284.0000,1,2,905.0236,-88.4748,-0.1218,3,0.0750,1.0000,2,8,8,0,0,8,8,0.0000
4,284.0000,1,3,925.2966,-88.2556,-0.7992,5,0.1250,1.0000,4,4,4,0,0,4,4,0.0000
4,284.0000,1,4,496.7290,-83.8469,0.3845,10,0.2500,0.3333,6,6,4,0,0,6,4,0.3333
4,284.0000,1,6,453.5433,-82.2966,0.3693,16,0.4000,0.8571,7,7,5,0,0,7,5,0.2857
4,284.0000,1,8,588.5809,-85.3059,1.0495,8,0.2000,1.0000,8,8,8,0,0,8,8,0.0000
4,284.0000,1,9,381.5187,-83.3870,0.7135,19,0.4750,0.5714,7,6,4,0,0,6,4,0.3333
4,284.0000,1,10,541.7183,-84.3806,1.0306,8,0.2000,1.0000,8,7,5,0,0,7,5,0.2857
4,284.0000,1,11,696.2296,-86.7879,0.2532,6,0.1500,1.0000,6,8,8,0,0,8,8,0.0000
4,284.0000,1,13,109.0750,-66.7190,-1.0368,38,0.9500,0.0000,4,5,1,0,0,5,1,0.8000
4,284.0000,1,14,437.6048,-82.1675,0.8929,18,0.4500,0.7143,7,8,6,0,0,8,6,0.2500
4,284.0000,1,16,241.5688,-78.8711,1.4371,23,0.5750,0.4000,5,5,1,0,0,5,1,0.8000
4,284.0000,1,17,954.1502,-87.8830,1.3725,3,0.0750,1.0000,4,4,4,0,0,4,4,0.0000
4,284.0000,1,19,859.4954,-87.6369,-0.3807,9,0.2250,0.8750,8,2,2,0,0,2,2,0.0000
4,284.0000,1,20,952.6707,-87.9057,-0.2403,5,0.1250,1.0000,8,2,2,0,0,2,2,0.0000
4,284.0000,1,21,360.8648,-80.6584,0.2187,21,0.5250,0.5714,7,6,3,0,0,6,3,0.5000
4,284.0000,1,22,883.5094,-86.6098,-2.1970,3,0.0750,1.0000,2,6,6,0,0,6,6,0.0000
4,284.0000,1,23,929.0445,-89.3923,-0.3122,4,0.1000,1.0000,4,6,6,0,0,6,6,0.0000
4,284.0000,1,24,696.2307,-86.5951,0.3233,8,0.2000,1.0000,8,7,6,0,0,7,6,0.1429
4,284.0000,1,25,235.2382,-77.0809,-0.6699,25,0.6250,0.2000,5,6,2,0,0,6,2,0.6667
4,284.0000,1,27,708.6355,-86.1012,-0.4535,9,0.2250,1.0000,8,2,2,0,0,2,2,0.0000
4,284.0000,1,28,531.5390,-83.7725,0.3765,22,0.5500,1.0000,8,8,7,0,0,8,7,0.1250
4,284.0000,1,30,441.9619,-83.2963,0.4885,19,0.4750,0.8000,5,6,4,0,0,6,4,0.3333
4,284.0000,1,31,143.3581,-73.1180,0.8530,32,0.8000,0.4000,5,5,1,0,0,5,1,0.8000
4,284.0000,1,32,574.7724,-82.6929,0.0060,12,0.3000,0.8571,7,8,8,0,0,8,8,0.0000
4,284.0000,1,36,177.4272,-74.0971,0.1255,32,0.8000,0.4286,7,4,0,0,0,4,0,1.0000
4,284.0000,1,37,837.5830,-88.9034,-0.7657,3,0.0750,1.0000,8,4,4,0,0,4,4,0.0000
4,284.0000,1,38,413.6348,-82.6005,-0.4936,20,0.5000,0.2000,5,7,4,0,0,7,4,0.4286
4,284.0000,1,39,619.1484,-85.8002,0.0305,17,0.4250,0.7500,8,7,5,0,0,7,5,0.2857
4,284.0000,1,40,760.7832,-87.6787,-0.0410,13,0.3250,1.0000,4,10,9,0,0,10,9,0.1000
4,284.0000,1,42,562.0515,-85.1047,-0.6792,15,0.3750,1.0000,8,6,3,0,0,6,3,0.5000
4,284.0000,1,43,960.3889,-88.4338,-0.9634,3,0.0750,1.0000,6,4,4,0,0,4,4,0.0000
4,284.0000,1,44,390.4294,-81.2373,-0.2482,19,0.4750,0.7561,41,6,4,0,0,6,4,0.3333
4,284.0000,1,45,1055.7147,-86.5514,0.0583,3,0.0750,1.0000,4,4,4,0,0,4,4,0.0000
4,284.0000,1,46,380.7016,-81.9301,0.3134,24,0.6000,1.0000,8,8,7,0,0,8,7,0.1250
4,284.0000,1,47,220.2733,-74.7214,-0.3884,29,0.7250,0.2000,5,4,0,0,0,4,0,1.0000
4,284.0000,2,3,249.8965,-77.0263,-0.1564,36,0.8780,0.5000,6,7,4,0,0,7,4,0.4286
4,284.0000,2,4,813.0884,-87.6232,-0.7559,4,0.0976,1.0000,8,6,6,0,0,6,6,0.0000
4,284.0000,2,5,795.7475,-87.5740,-0.4029,10,0.2439,1.0000,4,8,8,0,0,8,8,0.0000
4,284.0000,2,7,549.0140,-83.5552,-0.6140,26,0.6341,0.7500,8,6,4,0,0,6,4,0.3333
4,284.0000,2,8,384.5847,-81.9567,0.7232,18,0.4390,0.8571,7,6,4,0,0,6,4,0.3333
4,284.0000,2,10,524.7834,-82.9456,0.0798,10,0.2439,0.7143,7,8,7,0,0,8,7,0.1250
4,284.0000,2,11,256.3907,-78.8338,-0.0932,30,0.7317,0.6667,6,5,2,0,0,5,2,0.6000
4,284.0000,2,12,577.4936,-83.4169,-0.5785,26,0.6341,0.6250,8,8,7,0,0,8,7,0.1250
4,284.0000,2,14,933.8278,-87.9425,1.1974,3,0.0732,1.0000,6,2,2,0,0,2,2,0.0000
4,284.0000,2,16,696.8422,-87.8421,-3.5223,3,0.0732,1.0000,8,8,7,0,0,8,7,0.1250
4,284.0000,2,17,327.0909,-80.3160,-0.2313,29,0.7073,0.7143,7,6,4,0,0,6,4,0.3333
4,284.0000,2,18,569.3948,-85.1419,0.1523,14,0.3415,1.0000,8,8,8,0,0,8,8,0.0000
4,284.0000,2,20,358.6964,-79.4900,-0.9341,31,0.7561,0.5000,6,6,4,0,0,6,4,0.3333
4,284.0000,2,22,141.3311,-71.6815,-0.2238,35,0.8537,0.0000,4,6,3,0,0,6,3,0.5000
4,284.0000,2,23,205.6698,-73.3959,-1.5517,35,0.8537,0.5000,6,6,3,0,0,6,3,0.5000
4,284.0000,2,24,634.0251,-85.2880,-0.5635,11,0.2683,0.8333,6,10,10,0,0,10,10,0.0000
4,284.0000,2,26,568.2781,-84.9428,-0.4892,19,0.4634,0.8750,8,7,6,0,0,7,6,0.1429
4,284.0000,2,27,705.5515,-87.4350,-0.3727,5,0.1220,1.0000,6,8,8,0,0,8,8,0.0000
4,284.0000,2,29,566.7207,-84.3086,-0.0060,25,0.6098,1.0000,8,8,8,0,0,8,8,0.0000
4,284.0000,2,32,542.1394,-84.5069,0.6380,6,0.1463,1.0000,8,7,6,0,0,7,6,0.1429
4,284.0000,2,33,426.7021,-82.6198,-0.5997,29,0.7073,0.6250,8,7,4,0,0,7,4,0.4286
4,284.0000,2,34,642.1934,-85.9017,0.1012,12,0.2927,1.0000,6,7,5,0,0,7,5,0.2857
4,284.0000,2,35,613.0542,-85.4446,0.4308,18,0.4390,0.7143,7,7,6,0,0,7,6,0.1429
4,284.0000,2,37,641.9720,-85.1522,-0.1049,8,0.1951,0.8750,8,7,4,0,0,7,4,0.4286
4,284.0000,2,41,610.5237,-85.3386,0.0850,10,0.2439,1.0000,8,7,5,0,0,7,5,0.2857
4,284.0000,2,43,263.6835,-78.7487,-0.7996,29,0.7073,0.0000,4,6,4,0,0,6,4,0.3333
4,284.0000,2,44,890.5507,-88.4106,-0.9102,3,0.0732,1.0000,4,6,6,0,0,6,6,0.0000
4,284.0000,2,45,167.8565,-70.9627,-0.6127,36,0.8780,0.2000,5,5,2,0,0,5,2,0.6000
4,284.0000,3,2,249.8965,-76.2295,-0.1459,26,0.6500,0.0000,4,6,4,0,0,6,4,0.3333
4,284.0000,3,4,746.4523,-87.9772,-0.9801,3,0.0750,1.0000,6,8,8,0,0,8,8,0.0000
4,284.0000,3,7,528.1761,-83.7606,0.3106,20,0.5000,1.0000,8,6,4,0,0,6,4,0.3333
4,284.0000,3,8,375.6258,-80.7242,0.1038,16,0.4000,1.0000,8,8,7,0,0,8,7,0.1250
4,284.0000,3,10,682.7808,-86.6296,1.4856,3,0.0750,1.0000,8,8,8,0,0,8,8,0.0000
4,284.0000,3,11,360.9145,-80.4831,0.2302,14,0.3500,0.6667,6,6,4,7,6,13,10,0.2308
4,284.0000,3,12,656.7653,-84.6099,-0.4964,13,0.3250,0.9355,62,7,6,8,8,15,14,0.0667
4,284.0000,3,17,566.8919,-82.8590,-0.6311,5,0.1250,0.8750,8,8,8,0,0,8,8,0.0000
4,284.0000,3,18,778.8937,-86.6215,1.0201,3,0.0750,1.0000,8,6,6,0,0,6,6,0.0000
4,284.0000,3,20,140.1265,-71.6493,0.5030,33,0.8250,0.4000,5,4,0,0,0,4,0,1.0000
4,284.0000,3,22,213.5222,-78.2248,1.2058,26,0.6500,0.7143,7,5,1,0,0,5,1,0.8000
4,284.0000,3,23,148.8078,-74.4073,0.9583,36,0.9000,0.1667,6,3,0,0,0,3,0,1.0000
4,284.0000,3,24,468.9523,-82.2234,1.1677,14,0.3500,0.6667,6,7,6,0,0,7,6,0.1429
4,284.0000,3,25,690.9471,-86.2240,0.8703,3,0.0750,1.0000,8,8,8,0,0,8,8,0.0000
4,284.0000,3,26,763.6973,-86.5814,-0.5228,5,0.1250,0.7143,7,8,8,0,0,8,8,0.0000
4,284.0000,3,29,650.7590,-86.5797,-0.4032,11,0.2750,0.8889,9,7,6,0,0,7,6,0.1429
4,284.0000,3,32,442.1030,-83.8799,0.8728,9,0.2250,0.8750,8,8,7,0,0,8,7,0.1250
4,284.0000,3,33,505.6979,-82.6752,-0.1792,16,0.4000,0.8571,7,8,7,0,0,8,7,0.1250
4,284.0000,3,34,809.7880,-87.3271,0.7707,7,0.1750,1.0000,8,6,6,0,0,6,6,0.0000
4,284.0000,3,35,782.5817,-85.9707,0.7007,7,0.1750,1.0000,8,6,5,0,0,6,5,0.1667
4,284.0000,3,41,832.4727,-86.9017,0.6612,4,0.1000,1.0000,6,4,4,0,0,4,4,0.0000
4,284.0000,3,43,504.7446,-82.1673,0.0954,17,0.4250,1.0000,8,8,7,0,0,8,7,0.1250
4,284.0000,3,45,325.0522,-79.1210,0.0528,19,0.4750,1.0000,8,5,2,0,0,5,2,0.6000
4,284.0000,3,47,881.5052,-87.6904,1.8274,3,0.0750,0.8750,8,6,6,0,0,6,6,0.0000
4,284.0000,4,0,894.5384,-87.0740,-0.3929,5,0.1250,1.0000,4,8,8,0,0,8,8,0.0000
4,284.0000,4,1,496.7290,-83.1921,0.2871,11,0.2750,0.8750,8,8,8,0,0,8,8,0.0000
4,284.0000,4,2,813.0884,-86.8986,-3.4701,3,0.0750,1.0000,8,8,7,0,0,8,7,0.1250
4,284.0000,4,3,746.4523,-87.6349,-0.9637,3,0.0750,1.0000,8,6,6,0,0,6,6,0.0000
4,284.0000,4,6,518.2346,-83.2083,-0.1968,12,0.3000,1.0000,8,8,8,0,0,8,8,0.0000
4,284.0000,4,8,432.7067,-81.7731,-0.7931,10,0.2500,1.0000,8,7,6,0,0,7,6,0.1429
4,284.0000,4,9,771.7795,-86.8097,0.0006,5,0.1250,1.0000,6,8,7,0,0,8,7,0.1250
4,284.0000,4,10,704.8939,-86.6433,-1.4584,5,0.1250,1.0000,8,6,6,0,0,6,6,0.0000
4,284.0000,4,11,721.6200,-87.4575,0.8774,4,0.1000,1.0000,8,7,6,0,0,7,6,0.1429
4,284.0000,4,13,486.0101,-84.3096,-0.6097,11,0.2750,0.8571,7,8,7,0,0,8,7,0.1250
4,284.0000,4,16,472.8619,-83.3408,-0.8457,9,0.2250,0.8571,7,7,6,0,0,7,6,0.1429
4,284.0000,4,17,926.3936,-88.7093,1.4718,3,0.0750,1.0000,6,4,3,0,0,4,3,0.2500
4,284.0000,4,19,1023.3806,-87.8183,0.1339,4,0.1000,1.0000,4,4,4,0,0,4,4,0.0000
4,284.0000,4,20,698.6833,-84.7824,-1.4728,5,0.1250,1.0000,8,7,6,0,0,7,6,0.1429
4,284.0000,4,21,248.2209,-78.2122,1.0047,23,0.5750,0.7500,8,6,2,0,0,6,2,0.6667
4,284.0000,4,22,718.9770,-87.3108,-1.6134,6,0.1500,1.0000,6,5,4,0,0,5,4,0.2000
4,284.0000,4,24,567.7501,-84.1625,-0.4393,8,0.2000,0.6667,6,8,7,0,0,8,7,0.1250
4,284.0000,4,25,386.8460,-80.1531,-0.3078,16,0.4000,1.0000,8,8,8,0,0,8,8,0.0000
4,284.0000,4,28,776.3082,-86.7843,0.4925,4,0.1000,1.0000,8,8,8,0,0,8,8,0.0000
4,284.0000,4,30,798.5387,-86.8912,0.8176,5,0.1250,1.0000,8,4,4,0,0,4,4,0.0000
4,284.0000,4,31,540.2997,-84.2179,-0.8092,12,0.3000,0.8750,8,6,6,0,0,6,6,0.0000
4,284.0000,4,32,527.9026,-83.0700,-0.2030,12,0.3000,0.8571,7,8,7,0,0,8,7,0.1250
4,284.0000,4,36,446.6902,-82.8104,0.0166,17,0.4250,0.8750,8,7,6,0,0,7,6,0.1429
4,284.0000,4,38,847.6126,-86.9421,-0.3962,4,0.1000,1.0000,8,4,4,0,0,4,4,0.0000
4,284.0000,4,39,1002.7253,-88.1429,1.4224,3,0.0750,,0,8,8,0,0,8,8,0.0000
4,284.0000,4,42,304.2560,-78.1485,-0.2112,30,0.7500,0.4000,5,6,4,0,0,6,4,0.3333
4,284.0000,4,44,735.8327,-87.0022,-1.0860,5,0.1250,0.8750,8,8,8,0,0,8,8,0.0000
4,284.0000,4,45,923.3681,-87.8450,-0.2912,3,0.0750,1.0000,4,8,8,0,0,8,8,0.0000
4,284.0000,4,46,726.9447,-87.1521,-1.1962,6,0.1500,1.0000,6,8,8,0,0,8,8,0.0000
4,284.0000,4,47,439.8837,-83.2164,0.7987,13,0.3250,1.0000,8,8,8,0,0,8,8,0.0000
4,284.0000,5,2,795.7475,-87.8288,-0.8104,3,0.0750,0.8571,7,8,8,0,0,8,8,0.0000
4,284.0000,5,12,850.5188,-86.9473,0.5885,4,0.1000,0.8571,7,8,8,0,0,8,8,0.0000
4,284.0000,5,18,385.8780,-81.9887,0.3882,8,0.2000,1.0000,8,7,5,0,0,7,5,0.2857
4,284.0000,5,26,438.6362,-80.6252,-1.1525,20,0.5000,0.2000,5,8,7,0,0,8,7,0.1250
4,284.0000,5,29,741.6418,-85.3735,-0.3818,6,0.1500,1.0000,8,8,8,0,0,8,8,0.0000
4,284.0000,5,33,733.0159,-86.2250,-1.8914,3,0.0750,1.0000,8,4,4,0,0,4,4,0.0000
4,284.0000,5,34,396.3961,-81.4274,-0.5935,20,0.5000,0.7143,7,7,4,0,0,7,4,0.4286
4,284.0000,5,35,481.9361,-81.2008,-1.2531,20,0.5000,0.6667,6,8,8,0,0,8,8,0.0000
4,284.0000,5,37,489.1334,-82.4526,0.9834,9,0.2250,1.0000,8,8,8,0,0,8,8,0.0000
4,284.0000,5,41,306.9016,-77.9892,-0.7335,29,0.7250,0.5000,6,6,4,0,0,6,4,0.3333
4,284.0000,5,43,540.6038,-83.6949,-0.2010,6,0.1500,1.0000,8,8,8,0,0,8,8,0.0000
4,284.0000,6,0,812.0851,-86.2888,0.7222,4,0.1000,1.0000,8,8,8,0,0,8,8,0.0000
4,284.0000,6,1,453.5433,-81.7310,0.7396,14,0.3500,0.7143,7,7,6,0,0,7,6,0.1429
4,284.0000,6,4,518.2346,-83.3337,-1.0399,11,0.2750,1.0000,8,8,8,0,0,8,8,0.0000
4,284.0000,6,8,714.4246,-85.6512,0.7275,4,0.1000,1.0000,8,8,8,0,0,8,8,0.0000
4,284.0000,6,9,829.6418,-87.0314,1.9508,3,0.0750,,0,8,8,0,0,8,8,0.0000
4,284.0000,6,13,422.9835,-81.8041,-0.1502,13,0.3250,0.8571,7,8,5,0,0,8,5,0.3750
4,284.0000,6,14,823.8997,-87.6796,0.6276,3,0.0750,1.0000,8,8,8,0,0,8,8,0.0000
4,284.0000,6,16,608.6159,-85.8172,0.0428,4,0.1000,0.8571,7,7,6,0,0,7,6,0.1429
4,284.0000,6,19,757.6579,-86.2312,-0.2437,7,0.1750,1.0000,8,8,8,0,0,8,8,0.0000
4,284.0000,6,21,587.7415,-84.5023,-0.0001,7,0.1750,0.8750,8,8,8,0,0,8,8,0.0000
4,284.0000,6,24,536.6486,-82.1264,-0.6092,11,0.2750,0.8571,7,6,4,0,0,6,4,0.3333
4,284.0000,6,25,465.2731,-82.6877,-1.6783,8,0.2000,1.0000,8,8,8,0,0,8,8,0.0000
4,284.0000,6,28,547.4410,-84.4179,0.1221,9,0.2250,0.8333,6,7,5,0,0,7,5,0.2857
4,284.0000,6,31,482.9650,-82.7634,-0.4179,9,0.2250,0.7143,7,8,7,0,0,8,7,0.1250
4,284.0000,6,32,530.5444,-82.0628,-0.8285,9,0.2250,1.0000,8,8,8,0,0,8,8,0.0000
4,284.0000,6,36,465.7372,-82.0374,-0.5492,13,0.3250,1.0000,8,8,8,0,0,8,8,0.0000
4,284.0000,6,39,796.3857,-86.5010,0.2974,5,0.1250,1.0000,8,8,8,0,0,8,8,0.0000
4,284.0000,6,42,367.0314,-80.6560,-0.9409,19,0.4750,1.0000,8,7,5,0,0,7,5,0.2857
4,284.0000,6,46,566.3466,-84.5850,0.2660,5,0.1250,1.0000,6,7,6,0,0,7,6,0.1429
4,284.0000,6,47,236.9412,-77.5393,0.3641,22,0.5500,0.8750,8,7,3,0,0,7,3,0.5714
4,284.0000,7,2,549.0140,-84.5140,-0.4237,10,0.2500,0.8571,7,7,6,0,0,7,6,0.1429
4,284.0000,7,3,528.1761,-84.0581,0.9780,11,0.2750,0.8571,7,6,6,0,0,6,6,0.0000
4,284.0000,7,11,716.2556,-86.7059,-0.0067,6,0.1500,1.0000,8,8,8,0,0,8,8,0.0000
4,284.0000,7,12,339.1303,-79.9340,-0.7018,26,0.6500,0.8750,8,7,5,0,0,7,5,0.2857
4,284.0000,7,17,769.2848,-87.1011,-0.6602,7,0.1750,1.0000,10,8,8,0,0,8,8,0.0000
4,284.0000,7,18,890.9252,-88.5557,-0.1566,7,0.1750,1.0000,8,8,8,0,0,8,8,0.0000
4,284.0000,7,20,605.0856,-87.0930,-0.3892,13,0.3250,1.0000,8,7,6,0,0,7,6,0.1429
4,284.0000,7,22,615.1794,-86.0873,0.7989,10,0.2500,1.0000,8,7,6,0,0,7,6,0.1429
4,284.0000,7,23,579.8131,-85.1153,-0.7642,12,0.3000,0.8750,8,8,8,0,0,8,8,0.0000
4,284.0000,7,24,908.7587,-87.8700,-0.9843,3,0.0750,1.0000,6,6,6,0,0,6,6,0.0000
4,284.0000,7,26,577.1745,-85.5860,0.2683,11,0.2750,1.0000,8,6,4,0,0,6,4,0.3333
4,284.0000,7,29,254.9303,-77.5867,-0.6224,33,0.8250,0.5000,6,6,2,0,0,6,2,0.6667
4,284.0000,7,33,215.1087,-74.2855,-1.6167,34,0.8500,0.4000,5,6,3,0,0,6,3,0.5000
4,284.0000,7,34,565.2950,-85.1432,0.1096,16,0.4000,1.0000,8,7,6,0,0,7,6,0.1429
4,284.0000,7,35,519.6428,-84.7439,-0.0930,20,0.5000,0.8750,8,7,6,0,0,7,6,0.1429
4,284.0000,7,37,1017.9892,-88.4501,-0.1875,4,0.1000,1.0000,4,4,4,0,0,4,4,0.0000
4,284.0000,7,41,716.0286,-87.0935,0.0183,10,0.2500,1.0000,8,8,8,0,0,8,8,0.0000
4,284.0000,7,43,635.8361,-84.7568,-0.8522,10,0.2500,1.0000,8,8,8,0,0,8,8,0.0000
4,284.0000,7,45,490.4659,-85.9759,-0.0293,10,0.2500,1.0000,8,7,6,0,0,7,6,0.1429
4,284.0000,8,1,588.5809,-85.1840,0.3577,10,0.2500,0.9524,21,7,6,8,8,15,14,0.0667
4,284.0000,8,2,384.5847,-82.1145,0.2900,16,0.4000,1.0000,8,8,8,0,0,8,8,0.0000
4,284.0000,8,3,375.6258,-81.6250,-0.8581,23,0.5750,0.7143,7,6,3,0,0,6,3,0.5000
4,284.0000,8,4,432.7067,-81.2298,-0.4915,20,0.5000,0.3333,6,8,7,0,0,8,7,0.1250
4,284.0000,8,6,714.4246,-85.7010,0.1841,9,0.2250,0.9000,10,8,8,0,0,8,8,0.0000
4,284.0000,8,7,880.0327,-86.2889,0.5090,4,0.1000,1.0000,8,8,8,0,0,8,8,0.0000
4,284.0000,8,9,792.1026,-86.3137,-0.1685,5,0.1250,1.0000,2,6,6,0,0,6,6,0.0000
4,284.0000,8,10,431.4606,-82.7765,1.1295,14,0.3500,1.0000,8,8,7,0,0,8,7,0.1250
4,284.0000,8,11,314.2173,-79.0629,0.0642,21,0.5250,0.8571,7,5,1,0,0,5,1,0.8000
4,284.0000,8,12,944.3180,-88.2854,0.5865,5,0.1250,1.0000,8,2,2,0,0,2,2,0.0000
4,284.0000,8,13,655.9264,-84.9238,-0.7502,10,0.2500,1.0000,8,6,6,0,0,6,6,0.0000
4,284.0000,8,16,410.3918,-81.6231,0.1270,13,0.3250,0.8571,7,8,5,0,0,8,5,0.3750
4,284.0000,8,17,540.3347,-84.3405,0.0057,11,0.2750,0.8571,7,7,6,0,0,7,6,0.1429
4,284.0000,8,18,743.1837,-86.9627,-0.6482,4,0.1000,0.8750,8,8,7,0,0,8,7,0.1250
4,284.0000,8,20,391.1082,-80.9796,-1.0286,22,0.5500,0.8571,7,5,2,0,0,5,2,0.6000
4,284.0000,8,21,338.5927,-81.2882,1.1028,19,0.4750,0.8571,7,7,4,0,0,7,4,0.4286
4,284.0000,8,22,314.3057,-79.7640,0.4610,21,0.5250,1.0000,8,6,4,0,0,6,4,0.3333
4,284.0000,8,23,346.9061,-80.6780,-0.3132,23,0.5750,0.6667,6,8,7,0,0,8,7,0.1250
4,284.0000,8,24,439.8983,-81.3185,-0.9992,17,0.4250,0.8571,7,8,8,0,0,8,8,0.0000
4,284.0000,8,25,359.7701,-80.6824,1.4537,18,0.4500,0.6667,6,7,5,0,0,7,5,0.2857
4,284.0000,8,27,700.4050,-87.1664,0.9873,3,0.0750,0.8750,8,2,2,0,0,2,2,0.0000
4,284.0000,8,29,945.1235,-88.6945,-0.2427,3,0.0750,1.0000,4,8,8,0,0,8,8,0.0000
4,284.0000,8,31,523.7392,-85.0326,0.5949,9,0.2250,1.0000,8,8,7,0,0,8,7,0.1250
4,284.0000,8,32,328.8172,-80.1543,0.2032,22,0.5500,0.2000,5,7,6,0,0,7,6,0.1429
4,284.0000,8,33,799.5240,-86.1605,0.3988,3,0.0750,0.8571,7,8,7,0,0,8,7,0.1250
4,284.0000,8,36,661.6507,-85.8719,1.3467,10,0.2500,1.0000,6,9,7,0,0,9,7,0.2222
4,284.0000,8,37,741.7942,-85.6625,-0.3988,4,0.1000,1.0000,4,8,8,0,0,8,8,0.0000
4,284.0000,8,38,807.8503,-86.5882,-1.2481,5,0.1250,1.0000,4,8,8,0,0,8,8,0.0000
4,284.0000,8,42,688.9607,-85.2276,0.0312,11,0.2750,1.0000,8,4,4,0,0,4,4,0.0000
4,284.0000,8,43,559.5159,-84.4739,2.1647,8,0.2000,0.7500,8,8,8,0,0,8,8,0.0000
4,284.0000,8,44,681.3767,-86.6906,0.2363,9,0.2250,0.8571,7,8,8,0,0,8,8,0.0000
4,284.0000,8,45,512.9241,-82.7746,-0.3829,18,0.4500,0.8571,7,6,4,0,0,6,4,0.3333
4,284.0000,8,46,950.9851,-88.2510,-1.6100,3,0.0750,1.0000,2,6,6,0,0,6,6,0.0000
4,284.0000,8,47,585.0856,-86.0476,0.5873,8,0.2000,0.8571,7,8,7,0,0,8,7,0.1250
4,284.0000,9,0,775.6772,-85.6512,-0.3342,7,0.1795,1.0000,8,6,6,0,0,6,6,0.0000
4,284.0000,9,1,381.5187,-80.0210,0.0006,10,0.2564,0.7500,8,5,2,0,0,5,2,0.6000
4,284.0000,9,13,420.6506,-83.8405,0.2201,8,0.2051,1.0000,8,8,7,0,0,8,7,0.1250
4,284.0000,9,14,325.4559,-81.0423,0.5129,12,0.3077,0.8571,7,4,0,0,0,4,0,1.0000
4,284.0000,9,16,391.5841,-81.8356,1.1861,5,0.1282,1.0000,8,8,7,0,0,8,7,0.1250
4,284.0000,9,21,564.6468,-82.7058,-0.6499,3,0.0769,1.0000,8,8,8,0,0,8,8,0.0000
4,284.0000,9,25,526.4752,-83.8329,-2.7830,3,0.0769,1.0000,8,7,6,0,0,7,6,0.1429
4,284.0000,9,27,559.7565,-82.4265,-0.5582,6,0.1538,1.0000,8,7,5,0,0,7,5,0.2857
4,284.0000,9,28,709.7130,-85.8130,-0.2663,4,0.1026,0.8571,7,6,6,0,0,6,6,0.0000
4,284.0000,9,30,332.0659,-79.8666,-0.2085,19,0.4872,0.8571,7,8,7,0,0,8,7,0.1250
4,284.0000,9,31,419.1968,-82.4279,0.0999,9,0.2308,0.8750,8,4,0,0,0,4,0,1.0000
4,284.0000,9,36,426.9050,-82.7210,1.3372,8,0.2051,1.0000,8,8,8,0,0,8,8,0.0000
4,284.0000,9,38,153.5809,-74.5980,0.9880,28,0.7179,0.2000,5,4,0,0,0,4,0,1.0000
4,284.0000,9,39,620.6301,-84.7121,0.6069,10,0.2564,1.0000,8,8,8,0,0,8,8,0.0000
4,284.0000,9,40,739.2605,-85.6446,-0.6289,8,0.2051,0.8571,7,8,8,0,0,8,8,0.0000
4,284.0000,9,44,154.2168,-73.2210,-0.9630,28,0.7179,0.0000,4,6,2,0,0,6,2,0.6667
4,284.0000,9,46,501.9571,-83.5846,0.1613,9,0.2308,0.8750,8,8,8,0,0,8,8,0.0000
4,284.0000,9,47,601.0423,-83.0751,-1.1876,4,0.1026,1.0000,8,8,7,0,0,8,7,0.1250
4,284.0000,10,1,541.7183,-85.3973,0.6301,5,0.1250,0.5714,7,7,6,0,0,7,6,0.1429
4,284.0000,10,2,524.7834,-83.7572,0.1509,10,0.2500,0.8750,8,8,8,0,0,8,8,0.0000
4,284.0000,10,3,682.7808,-84.7086,-0.8892,9,0.2250,0.8571,7,8,6,0,0,8,6,0.2500
4,284.0000,10,4,704.8939,-84.7245,-0.5868,7,0.1750,0.9000,10,4,4,0,0,4,4,0.0000
4,284.0000,10,5,816.9288,-86.8030,0.7102,4,0.1000,,0,4,4,0,0,4,4,0.0000
4,284.0000,10,6,884.9110,-88.6721,-0.3788,3,0.0750,,0,6,6,0,0,6,6,0.0000
4,284.0000,10,7,1044.6904,-88.7923,-0.4662,3,0.0750,1.0000,4,8,8,0,0,8,8,0.0000
4,284.0000,10,8,431.4606,-82.3128,1.4066,10,0.2500,0.8750,8,7,6,0,0,7,6,0.1429
4,284.0000,10,9,528.7623,-85.5750,-0.2345,9,0.2250,1.0000,2,8,8,0,0,8,8,0.0000
4,284.0000,10,11,370.5918,-80.8122,0.7805,15,0.3750,0.8571,7,7,6,0,0,7,6,0.1429
4,284.0000,10,12,1047.2945,-87.9522,-0.3008,4,0.1000,1.0000,2,4,4,0,0,4,4,0.0000
4,284.0000,10,13,640.4519,-86.4999,2.6336,3,0.0750,0.8571,7,7,5,0,0,7,5,0.2857
4,284.0000,10,14,461.1446,-81.9038,-0.3099,13,0.3250,0.5714,7,5,2,0,0,5,2,0.6000
4,284.0000,10,16,316.2744,-78.1188,-0.2688,18,0.4500,0.7143,7,8,8,0,0,8,8,0.0000
4,284.0000,10,17,449.0569,-82.4837,-0.2247,15,0.3750,1.0000,8,7,5,0,0,7,5,0.2857
4,284.0000,10,18,459.5448,-80.9733,-1.1462,16,0.4000,0.8750,8,7,5,0,0,7,5,0.2857
4,284.0000,10,20,759.3472,-85.1426,-0.4639,6,0.1500,1.0000,8,8,8,0,0,8,8,0.0000
4,284.0000,10,21,472.3838,-83.7994,-0.2244,7,0.1750,0.8571,7,8,7,0,0,8,7,0.1250
4,284.0000,10,22,553.4769,-83.2841,-0.7865,9,0.2250,0.7500,8,8,8,0,0,8,8,0.0000
4,284.0000,10,23,640.9788,-85.6882,0.3191,7,0.1750,1.0000,8,7,6,0,0,7,6,0.1429
4,284.0000,10,24,762.9483,-84.2346,-2.6316,3,0.0750,0.8571,7,6,6,0,0,6,6,0.0000
4,284.0000,10,25,427.1104,-82.3807,0.2041,6,0.1500,0.8750,8,8,8,0,0,8,8,0.0000
4,284.0000,10,26,854.6438,-86.3045,0.6089,10,0.2500,1.0000,2,2,2,0,0,2,2,0.0000
4,284.0000,10,27,273.3767,-78.0788,0.4756,32,0.8000,0.3333,6,7,3,0,0,7,3,0.5714
4,284.0000,10,30,821.4613,-87.3640,1.0167,4,0.1000,0.8000,5,8,8,0,0,8,8,0.0000
4,284.0000,10,31,452.8147,-82.1426,0.4238,9,0.2250,0.7143,7,6,4,0,0,6,4,0.3333
4,284.0000,10,32,596.6989,-85.9236,-1.6812,6,0.1500,1.0000,8,8,8,0,0,8,8,0.0000
4,284.0000,10,34,910.8280,-87.7849,-0.9594,3,0.0750,,0,4,4,0,0,4,4,0.0000
4,284.0000,10,35,933.3191,-86.2274,-1.0859,5,0.1250,,0,5,4,0,0,5,4,0.2000
4,284.0000,10,36,661.0098,-87.0745,-0.4840,4,0.1000,1.0000,6,4,4,0,0,4,4,0.0000
4,284.0000,10,37,390.2076,-81.6213,1.0581,20,0.5000,0.8571,7,6,4,0,0,6,4,0.3333
4,284.0000,10,38,501.0979,-82.5100,-0.7127,14,0.3500,0.8571,7,8,8,0,0,8,8,0.0000
4,284.0000,10,43,473.3814,-83.0847,-0.9953,14,0.3500,0.8571,7,8,7,0,0,8,7,0.1250
4,284.0000,10,44,378.4050,-82.2295,1.0138,12,0.3000,0.8571,7,8,7,0,0,8,7,0.1250
4,284.0000,10,45,649.0411,-83.7368,-0.3647,12,0.3000,0.8571,7,8,8,0,0,8,8,0.0000
4,284.0000,10,47,673.2236,-87.0040,-1.6235,4,0.1000,0.8750,8,8,8,0,0,8,8,0.0000
4,284.0000,11,1,696.2296,-86.2598,-0.1946,4,0.1000,1.0000,8,8,8,0,0,8,8,0.0000
4,284.0000,11,2,256.3907,-77.8278,0.2216,28,0.7000,0.7500,8,6,4,0,0,6,4,0.3333
4,284.0000,11,3,360.9145,-81.0555,0.8426,21,0.5250,0.8750,8,6,4,0,0,6,4,0.3333
4,284.0000,11,4,721.6200,-85.7268,0.1193,9,0.2250,1.0000,4,5,4,0,0,5,4,0.2000
4,284.0000,11,5,798.6087,-87.2315,-0.3300,10,0.2500,1.0000,2,2,2,0,0,2,2,0.0000
4,284.0000,11,6,854.8288,-87.4131,-0.1057,4,0.1000,1.0000,4,2,2,0,0,2,2,0.0000
4,284.0000,11,7,716.2556,-86.1850,0.6417,15,0.3750,0.8750,8,8,7,0,0,8,7,0.1250
4,284.0000,11,8,314.2173,-79.7969,-0.1351,21,0.5250,0.2000,5,7,4,0,0,7,4,0.4286
4,284.0000,11,10,370.5918,-79.9847,-0.8940,20,0.5000,0.7143,7,7,6,0,0,7,6,0.1429
4,284.0000,11,12,803.6947,-86.5891,0.3865,17,0.4250,1.0000,8,6,6,0,0,6,6,0.0000
4,284.0000,11,14,706.3741,-86.1942,-1.1973,5,0.1250,0.8571,7,4,3,0,0,4,3,0.2500
4,284.0000,11,16,508.7081,-84.3482,-0.0989,8,0.2000,1.0000,8,8,8,0,0,8,8,0.0000
4,284.0000,11,17,434.9847,-82.0553,-0.4734,22,0.5500,0.7143,7,10,8,0,0,10,8,0.2000
4,284.0000,11,18,475.0559,-82.4597,0.4818,18,0.4500,0.8571,7,7,6,0,0,7,6,0.1429
4,284.0000,11,20,472.1178,-82.0838,-0.6303,23,0.5750,0.7143,7,7,6,0,0,7,6,0.1429
4,284.0000,11,21,580.0788,-85.6130,-0.8199,6,0.1500,0.8571,7,8,8,0,0,8,8,0.0000
4,284.0000,11,22,322.5553,-79.5101,-0.1531,26,0.6500,0.6667,6,7,5,0,0,7,5,0.2857
4,284.0000,11,23,381.3001,-81.4225,-0.0807,24,0.6000,0.6667,6,7,5,0,0,7,5,0.2857
4,284.0000,11,24,518.2259,-83.5385,0.3951,16,0.4000,0.8571,7,10,10,0,0,10,10,0.0000
4,284.0000,11,25,490.5554,-84.6340,0.0172,11,0.2750,0.8750,8,7,6,0,0,7,6,0.1429
4,284.0000,11,26,707.0819,-86.1143,-0.8710,13,0.3250,0.8571,7,8,8,0,0,8,8,0.0000
4,284.0000,11,27,566.2112,-85.1124,0.4677,12,0.3000,1.0000,8,7,6,0,0,7,6,0.1429
4,284.0000,11,29,745.9170,-86.6571,1.0140,11,0.2750,1.0000,8,7,6,0,0,7,6,0.1429
4,284.0000,11,31,577.7234,-85.4408,0.3031,7,0.1750,1.0000,8,7,6,0,0,7,6,0.1429
4,284.0000,11,32,379.1682,-80.6023,0.1410,20,0.5000,0.6667,6,7,5,0,0,7,5,0.2857
4,284.0000,11,33,601.5112,-84.9160,-0.2924,14,0.3500,0.7500,8,8,8,0,0,8,8,0.0000
4,284.0000,11,34,728.2003,-87.8061,-0.9395,7,0.1750,1.0000,4,7,5,0,0,7,5,0.2857
4,284.0000,11,35,751.0310,-87.2057,-0.3370,13,0.3250,1.0000,8,6,6,0,0,6,6,0.0000
4,284.0000,11,36,827.3851,-89.2648,0.3382,3,0.0750,1.0000,8,4,4,0,0,4,4,0.0000
4,284.0000,11,37,508.2309,-84.9837,-0.7277,11,0.2750,0.8571,7,7,5,0,0,7,5,0.2857
4,284.0000,11,38,801.4051,-87.2155,0.2907,4,0.1000,1.0000,4,8,8,0,0,8,8,0.0000
4,284.0000,11,41,707.9794,-86.3516,-1.0118,7,0.1750,1.0000,6,6,6,0,0,6,6,0.0000
4,284.0000,11,43,332.7797,-80.2208,0.4387,30,0.7500,1.0000,8,7,5,0,0,7,5,0.2857
4,284.0000,11,44,709.4849,-86.7773,0.5248,5,0.1250,0.8750,8,8,7,0,0,8,7,0.1250
4,284.0000,11,45,422.1988,-81.7533,-0.2645,21,0.5250,0.7143,7,8,7,0,0,8,7,0.1250
4,284.0000,11,47,716.2451,-86.3218,-1.0499,4,0.1000,1.0000,8,8,8,0,0,8,8,0.0000
4,284.0000,12,2,577.4936,-83.0293,-1.5369,9,0.2250,1.0000,8,8,8,0,0,8,8,0.0000
4,284.0000,12,3,656.7653,-82.9904,-0.5146,7,0.1750,1.0000,8,8,8,0,0,8,8,0.0000
4,284.0000,12,5,850.5188,-87.4162,-0.6800,5,0.1250,1.0000,8,8,8,0,0,8,8,0.0000
4,284.0000,12,7,339.1303,-79.6645,-0.6818,31,0.7750,0.8571,7,7,4,0,0,7,4,0.4286
4,284.0000,12,17,657.9016,-83.9411,-0.2516,6,0.1500,1.0000,8,8,8,0,0,8,8,0.0000
4,284.0000,12,20,720.7099,-85.1886,-0.4002,4,0.1000,1.0000,8,8,8,0,0,8,8,0.0000
4,284.0000,12,22,634.1344,-84.1348,-0.6282,8,0.2000,1.0000,8,8,8,0,0,8,8,0.0000
4,284.0000,12,23,627.3946,-83.6308,-0.8884,4,0.1000,0.8750,8,8,8,0,0,8,8,0.0000
4,284.0000,12,26,416.6831,-83.0867,-0.1815,19,0.4750,1.0000,10,8,7,0,0,8,7,0.1250
4,284.0000,12,29,207.5992,-75.9669,0.6367,34,0.8500,0.2000,5,6,2,0,0,6,2,0.6667
4,284.0000,12,33,269.4380,-77.1298,-0.8206,29,0.7250,0.0000,11,7,6,0,0,7,6,0.1429
4,284.0000,12,34,518.8718,-85.3159,0.3493,13,0.3250,1.0000,8,7,6,0,0,7,6,0.1429
4,284.0000,12,35,388.4753,-82.0970,0.7548,23,0.5750,0.7143,7,6,4,0,0,6,4,0.3333
4,284.0000,12,41,567.2280,-83.6710,0.9075,11,0.2750,1.0000,8,8,8,0,0,8,8,0.0000
4,284.0000,12,43,598.1731,-82.0122,-0.4748,10,0.2500,1.0000,8,6,4,0,0,6,4,0.3333
4,284.0000,12,45,440.2784,-81.7896,0.7390,11,0.2750,1.0000,8,7,5,0,0,7,5,0.2857
4,284.0000,13,0,612.7693,-85.2048,-0.0032,11,0.2683,1.0000,8,7,5,0,0,7,5,0.2857
4,284.0000,13,1,109.0750,-67.0868,-1.3249,36,0.8780,0.2000,5,5,1,0,0,5,1,0.8000
4,284.0000,13,4,486.0101,-82.6850,0.5096,16,0.3902,0.8750,8,8,8,0,0,8,8,0.0000
4,284.0000,13,6,422.9835,-81.9109,-0.6452,17,0.4146,0.8571,7,7,6,0,0,7,6,0.1429
4,284.0000,13,8,655.9264,-87.3150,0.6226,6,0.1463,1.0000,8,8,8,0,0,8,8,0.0000
4,284.0000,13,9,420.6506,-82.8848,0.5957,18,0.4390,0.7143,7,6,4,0,0,6,4,0.3333
4,284.0000,13,10,640.4519,-84.7915,-0.1945,4,0.0976,1.0000,6,8,8,0,0,8,8,0.0000
4,284.0000,13,14,523.1003,-84.1817,0.5764,11,0.2683,1.0000,8,7,6,0,0,7,6,0.1429
4,284.0000,13,15,814.9597,-88.0527,-0.3258,7,0.1707,,0,8,8,0,0,8,8,0.0000
4,284.0000,13,16,331.5619,-80.5763,0.8807,15,0.3659,0.8000,10,8,5,0,0,8,5,0.3750
4,284.0000,13,19,758.6857,-86.2622,0.5405,14,0.3415,1.0000,6,8,8,0,0,8,8,0.0000
4,284.0000,13,21,393.0247,-80.9954,0.1180,15,0.3659,0.8571,7,7,5,0,0,7,5,0.2857
4,284.0000,13,24,742.1610,-87.3113,0.0917,5,0.1220,1.0000,6,5,4,0,0,5,4,0.2000
4,284.0000,13,25,311.4654,-78.1364,-0.7868,22,0.5366,0.4000,5,7,6,5,4,12,10,0.1667
4,284.0000,13,27,807.3469,-85.2608,2.7616,3,0.0732,1.0000,8,2,2,0,0,2,2,0.0000
4,284.0000,13,28,432.4378,-82.8928,-0.4890,20,0.4878,0.7143,7,7,6,0,0,7,6,0.1429
4,284.0000,13,30,395.0194,-83.1675,0.2067,22,0.5366,0.8750,8,5,2,0,0,5,2,0.6000
4,284.0000,13,31,248.3472,-76.6150,-0.1221,25,0.6098,0.5000,6,6,2,0,0,6,2,0.6667
4,284.0000,13,32,638.6789,-84.6127,-0.4703,8,0.1951,0.8750,8,8,8,0,0,8,8,0.0000
4,284.0000,13,36,94.0728,-69.0796,0.6221,36,0.8780,0.4000,5,6,2,0,0,6,2,0.6667
4,284.0000,13,38,476.0672,-83.5392,0.0056,13,0.3171,1.0000,5,7,6,0,0,7,6,0.1429
4,284.0000,13,39,555.2606,-85.4162,0.4232,17,0.4146,0.8571,7,5,2,0,0,5,2,0.6000
4,284.0000,13,40,673.7127,-86.3776,0.2485,16,0.3902,1.0000,4,8,7,0,0,8,7,0.1250
4,284.0000,13,42,504.9614,-82.5114,-0.2829,16,0.3902,0.8571,7,8,8,0,0,8,8,0.0000
4,284.0000,13,44,459.5463,-82.3873,-0.1005,19,0.4634,0.8750,8,7,6,0,0,7,6,0.1429
4,284.0000,13,46,295.7878,-80.5816,0.7494,26,0.6341,0.8571,7,5,2,0,0,5,2,0.6000
4,284.0000,13,47,215.9310,-75.4007,-0.1376,31,0.7561,0.2000,5,5,2,0,0,5,2,0.6000
4,284.0000,14,0,997.5433,-87.2419,-0.6508,3,0.0750,1.0000,6,4,4,0,0,4,4,0.0000
4,284.0000,14,1,437.6048,-83.1264,1.1437,9,0.2250,1.0000,8,8,8,0,0,8,8,0.0000
4,284.0000,14,3,1044.7200,-88.0695,-0.4797,3,0.0750,1.0000,4,4,4,0,0,4,4,0.0000
4,284.0000,14,4,879.1250,-87.7057,1.4270,5,0.1250,1.0000,4,6,6,0,0,6,6,0.0000
4,284.0000,14,6,823.8997,-86.0734,0.2201,6,0.1500,0.8000,5,8,8,0,0,8,8,0.0000
4,284.0000,14,9,325.4559,-80.4932,1.0247,25,0.6250,0.7143,7,5,2,0,0,5,2,0.6000
4,284.0000,14,10,461.1446,-82.6322,0.4235,10,0.2500,1.0000,8,7,6,0,0,7,6,0.1429
4,284.0000,14,11,706.3741,-85.3631,-0.6842,4,0.1000,1.0000,6,8,8,0,0,8,8,0.0000
4,284.0000,14,13,523.1003,-83.1327,1.2645,7,0.1750,1.0000,8,8,8,0,0,8,8,0.0000
4,284.0000,14,16,422.4412,-81.8635,0.5274,16,0.4000,0.8750,8,9,7,0,0,9,7,0.2222
4,284.0000,14,18,683.2084,-85.5827,-2.7968,4,0.1000,1.0000,8,8,8,0,0,8,8,0.0000
4,284.0000,14,21,667.6738,-86.0383,-0.7667,6,0.1500,1.0000,8,6,6,0,0,6,6,0.0000
4,284.0000,14,24,934.7625,-87.7764,-0.6702,3,0.0750,1.0000,6,6,6,0,0,6,6,0.0000
4,284.0000,14,25,521.1916,-83.5952,-0.3749,9,0.2250,0.8000,5,8,8,0,0,8,8,0.0000
4,284.0000,14,27,436.6948,-80.1428,0.2708,21,0.5250,0.7143,7,8,8,0,0,8,8,0.0000
4,284.0000,14,28,843.0969,-87.3586,0.7782,3,0.0750,1.0000,8,3,2,0,0,3,2,0.3333
4,284.0000,14,30,582.7018,-85.9841,-0.1660,6,0.1500,1.0000,8,8,8,0,0,8,8,0.0000
4,284.0000,14,31,372.0016,-80.9721,-0.1536,11,0.2750,0.7143,7,8,8,0,0,8,8,0.0000
4,284.0000,14,32,775.6576,-85.7271,0.3611,5,0.1250,1.0000,6,8,8,0,0,8,8,0.0000
4,284.0000,14,36,580.7062,-84.6741,0.5563,7,0.1750,0.8571,7,8,7,0,0,8,7,0.1250
4,284.0000,14,37,554.6006,-85.7589,-0.0253,10,0.2500,0.8750,8,8,8,0,0,8,8,0.0000
4,284.0000,14,38,183.5856,-75.0430,0.1766,33,0.8250,0.2000,5,6,2,0,0,6,2,0.6667
4,284.0000,14,39,747.9679,-87.5371,0.0075,4,0.1000,1.0000,4,6,6,0,0,6,6,0.0000
4,284.0000,14,43,866.3498,-87.4142,-0.7230,3,0.0750,1.0000,8,4,4,0,0,4,4,0.0000
4,284.0000,14,44,288.4373,-79.2759,0.6501,21,0.5250,0.8000,15,8,7,0,0,8,7,0.1250
4,284.0000,14,46,648.6770,-87.5366,0.4852,3,0.0750,1.0000,8,8,8,0,0,8,8,0.0000
4,284.0000,14,47,609.9876,-84.1958,-1.2218,9,0.2250,1.0000,6,8,8,0,0,8,8,0.0000
4,284.0000,15,0,395.7253,-81.5471,0.2824,15,0.3659,0.5000,6,5,1,0,0,5,1,0.8000
4,284.0000,15,19,96.4588,-74.7536,2.0832,35,0.8537,0.0000,4,5,2,0,0,5,2,0.6000
4,284.0000,15,28,382.9108,-80.8444,0.5644,15,0.3659,1.0000,8,7,5,0,0,7,5,0.2857
4,284.0000,15,30,757.0942,-87.4353,0.3600,4,0.0976,1.0000,8,8,8,0,0,8,8,0.0000
4,284.0000,15,36,808.3819,-87.5762,0.8464,3,0.0732,1.0000,8,8,8,0,0,8,8,0.0000
4,284.0000,15,39,519.9226,-82.7415,-0.4927,17,0.4146,0.7143,7,8,7,0,0,8,7,0.1250
4,284.0000,15,40,467.5469,-82.8708,-0.4143,16,0.3902,0.6667,6,8,7,0,0,8,7,0.1250
4,284.0000,15,46,568.5974,-83.9045,-0.9629,6,0.1463,0.7143,7,8,8,0,0,8,8,0.0000
4,284.0000,16,0,908.2821,-87.8283,0.4145,6,0.1500,1.0000,4,4,4,0,0,4,4,0.0000
4,284.0000,16,1,241.5688,-78.7901,1.9605,24,0.6000,0.7344,64,4,0,0,0,4,0,1.0000
4,284.0000,16,2,696.8422,-86.5431,0.2823,8,0.2000,1.0000,8,7,6,0,0,7,6,0.1429
4,284.0000,16,3,757.5604,-87.0808,-0.5364,8,0.2000,0.8571,7,8,8,0,0,8,8,0.0000
4,284.0000,16,4,472.8619,-83.5538,1.0076,12,0.3000,0.8571,7,7,4,0,0,7,4,0.4286
4,284.0000,16,6,608.6159,-85.7365,0.1601,10,0.2500,0.8000,5,8,8,0,0,8,8,0.0000
4,284.0000,16,8,410.3918,-82.7468,0.3481,15,0.3750,0.6667,6,8,8,0,0,8,8,0.0000
4,284.0000,16,9,391.5841,-82.2297,-0.1835,17,0.4250,0.6667,6,8,7,0,0,8,7,0.1250
4,284.0000,16,10,316.2744,-78.3354,0.1411,21,0.5250,0.5714,7,6,4,0,0,6,4,0.3333
4,284.0000,16,11,508.7081,-83.2511,-0.8126,11,0.2750,0.7143,7,8,7,0,0,8,7,0.1250
4,284.0000,16,13,331.5619,-81.5835,0.4148,19,0.4750,0.7143,7,7,5,0,0,7,5,0.2857
4,284.0000,16,14,422.4412,-81.5367,-0.5891,21,0.5250,0.8889,18,6,4,0,0,6,4,0.3333
4,284.0000,16,17,715.4864,-85.6148,0.4685,9,0.2250,1.0000,8,4,4,0,0,4,4,0.0000
4,284.0000,16,18,741.8104,-84.7122,1.9856,9,0.2250,1.0000,8,6,6,0,0,6,6,0.0000
4,284.0000,16,20,796.0006,-85.7337,-0.4667,6,0.1500,0.8333,6,6,6,0,0,6,6,0.0000
4,284.0000,16,21,248.5845,-78.7993,0.5448,29,0.7250,0.6667,6,4,0,0,0,4,0,1.0000
4,284.0000,16,22,678.6947,-86.8906,0.4921,7,0.1750,1.0000,8,8,8,0,0,8,8,0.0000
4,284.0000,16,23,738.3424,-86.5753,-0.3050,8,0.2000,1.0000,4,8,8,0,0,8,8,0.0000
4,284.0000,16,24,653.7951,-84.7155,-0.5285,9,0.2250,1.0000,8,8,7,0,0,8,7,0.1250
4,284.0000,16,25,167.8142,-76.3502,1.5130,28,0.7000,0.3333,6,4,0,0,0,4,0,1.0000
4,284.0000,16,27,527.9650,-82.1633,-0.2845,16,0.4000,0.6667,6,2,2,0,0,2,2,0.0000
4,284.0000,16,28,762.7961,-86.7466,-0.0890,8,0.2000,1.0000,4,4,4,0,0,4,4,0.0000
4,284.0000,16,30,586.4972,-85.4867,1.1284,11,0.2750,0.8750,8,7,5,0,0,7,5,0.2857
4,284.0000,16,31,199.4189,-76.7763,1.0203,31,0.7750,0.3750,8,5,1,0,0,5,1,0.8000
4,284.0000,16,32,503.4788,-81.9426,-0.5734,13,0.3250,0.8750,8,8,7,0,0,8,7,0.1250
4,284.0000,16,36,350.2608,-82.3817,0.7982,19,0.4750,0.6667,6,4,0,0,0,4,0,1.0000
4,284.0000,16,37,662.0183,-85.8845,0.8627,6,0.1500,0.8571,7,6,6,0,0,6,6,0.0000
4,284.0000,16,38,415.1326,-81.9696,-0.5585,25,0.6250,0.9091,11,7,6,0,0,7,6,0.1429
4,284.0000,16,39,830.8786,-87.3087,-0.3258,4,0.1000,1.0000,4,4,4,0,0,4,4,0.0000
4,284.0000,16,42,657.2764,-86.0526,0.7054,9,0.2250,0.7143,7,7,5,0,0,7,5,0.2857
4,284.0000,16,43,739.9115,-87.7295,-0.9815,7,0.1750,0.8571,7,5,4,0,0,5,4,0.2000
4,284.0000,16,44,307.2763,-79.7191,0.0149,29,0.7250,0.6897,58,7,6,132,102,139,108,0.2230
4,284.0000,16,45,839.2474,-85.9378,-1.3182,3,0.0750,0.8000,5,6,6,0,0,6,6,0.0000
4,284.0000,16,46,603.8649,-87.2462,1.2123,9,0.2250,0.0000,1,6,4,0,0,6,4,0.3333
4,284.0000,16,47,382.2918,-81.4212,-0.0670,19,0.4750,0.5000,6,7,6,0,0,7,6,0.1429
4,284.0000,17,2,327.0909,-78.7502,-0.7083,14,0.3500,0.5000,6,6,3,0,0,6,3,0.5000
4,284.0000,17,3,566.8919,-85.1577,-0.1741,9,0.2250,1.0000,8,8,8,0,0,8,8,0.0000
4,284.0000,17,5,656.9238,-86.0480,0.8913,5,0.1250,1.0000,4,4,4,0,0,4,4,0.0000
4,284.0000,17,7,769.2848,-86.7438,-0.9268,4,0.1000,0.8571,7,8,6,0,0,8,6,0.2500
4,284.0000,17,8,540.3347,-85.6003,1.4925,5,0.1250,1.0000,8,7,6,0,0,7,6,0.1429
4,284.0000,17,10,449.0569,-81.4794,-0.6071,10,0.2500,0.8750,8,8,7,0,0,8,7,0.1250
4,284.0000,17,11,434.9847,-82.5659,-1.0450,9,0.2250,0.7500,8,6,4,0,0,6,4,0.3333
4,284.0000,17,12,657.9016,-84.4307,-0.6613,10,0.2500,0.7143,7,8,6,0,0,8,6,0.2500
4,284.0000,17,16,715.4864,-87.8317,1.0162,3,0.0750,0.8571,7,8,8,0,0,8,8,0.0000
4,284.0000,17,18,477.5886,-83.5840,0.4191,10,0.2500,0.7143,7,6,4,0,0,6,4,0.3333
4,284.0000,17,20,647.6176,-86.0283,0.0015,5,0.1250,1.0000,8,7,5,0,0,7,5,0.2857
4,284.0000,17,21,753.1369,-87.2086,0.5507,4,0.1000,1.0000,8,6,6,0,0,6,6,0.0000
4,284.0000,17,22,377.6868,-78.9047,-0.7490,19,0.4750,0.7143,7,8,8,0,0,8,8,0.0000
4,284.0000,17,23,470.6561,-80.1408,-1.1347,13,0.3250,0.6667,6,8,7,0,0,8,7,0.1250
4,284.0000,17,26,501.0689,-83.3184,-0.1498,11,0.2750,0.8571,7,8,8,0,0,8,8,0.0000
4,284.0000,17,27,543.6911,-84.2781,0.8149,10,0.2500,0.8750,8,8,7,0,0,8,7,0.1250
4,284.0000,17,29,677.5241,-85.5255,0.7352,8,0.2000,0.7500,8,8,8,0,0,8,8,0.0000
4,284.0000,17,33,585.1564,-85.8201,0.5734,12,0.3000,1.0000,8,8,7,0,0,8,7,0.1250
4,284.0000,17,34,640.9136,-86.1183,0.3550,9,0.2250,0.7500,8,8,8,0,0,8,8,0.0000
4,284.0000,17,35,595.1844,-84.8283,-0.3253,12,0.3000,0.8571,7,8,8,0,0,8,8,0.0000
4,284.0000,17,37,529.2566,-85.9925,-0.2515,7,0.1750,0.8571,7,8,8,0,0,8,8,0.0000
4,284.0000,17,41,474.5247,-84.9777,1.4497,13,0.3250,1.0000,8,7,6,0,0,7,6,0.1429
4,284.0000,17,43,223.5349,-76.6226,0.7226,20,0.5000,0.4286,7,6,2,0,0,6,2,0.6667
4,284.0000,17,45,326.0115,-78.2842,-0.3403,18,0.4500,0.6667,6,7,4,0,0,7,4,0.4286
4,284.0000,18,2,569.3948,-84.9749,1.3818,8,0.2000,0.7143,7,8,8,0,0,8,8,0.0000
4,284.0000,18,3,778.8937,-87.8608,0.0020,7,0.1750,1.0000,8,8,8,0,0,8,8,0.0000
4,284.0000,18,5,385.8780,-82.1890,1.5182,22,0.5500,1.0000,6,7,3,0,0,7,3,0.5714
4,284.0000,18,7,890.9252,-87.3308,1.1405,5,0.1250,1.0000,8,8,8,0,0,8,8,0.0000
4,284.0000,18,8,743.1837,-86.8644,0.2384,8,0.2000,1.0000,6,8,8,0,0,8,8,0.0000
4,284.0000,18,9,891.2484,-88.1037,0.1632,3,0.0750,1.0000,2,6,6,0,0,6,6,0.0000
4,284.0000,18,10,459.5448,-81.4446,0.0063,16,0.4000,0.7143,7,8,8,0,0,8,8,0.0000
4,284.0000,18,11,475.0559,-82.5090,0.2353,12,0.3000,0.8571,7,9,8,0,0,9,8,0.1111
4,284.0000,18,12,886.7068,-88.2745,0.7053,6,0.1500,1.0000,8,4,4,0,0,4,4,0.0000
4,284.0000,18,14,683.2084,-84.0736,-0.7400,8,0.2000,1.0000,8,2,2,0,0,2,2,0.0000
4,284.0000,18,16,741.8104,-84.6331,-0.7434,9,0.2250,1.0000,8,8,8,0,0,8,8,0.0000
4,284.0000,18,17,477.5886,-83.7933,0.7912,14,0.3500,0.8750,8,8,8,0,0,8,8,0.0000
4,284.0000,18,20,905.1600,-87.3312,0.6939,6,0.1500,1.0000,6,8,8,0,0,8,8,0.0000
4,284.0000,18,21,909.1055,-87.1379,0.7751,3,0.0750,1.0000,8,6,6,0,0,6,6,0.0000
4,284.0000,18,22,687.1980,-86.0385,0.8677,10,0.2500,1.0000,8,8,8,0,0,8,8,0.0000
4,284.0000,18,23,769.4392,-87.4836,-0.7484,4,0.1000,1.0000,6,7,6,0,0,7,6,0.1429
4,284.0000,18,24,967.1052,-87.5957,0.5016,6,0.1500,1.0000,6,4,4,0,0,4,4,0.0000
4,284.0000,18,25,810.0675,-87.8573,1.3391,4,0.1000,1.0000,4,8,8,0,0,8,8,0.0000
4,284.0000,18,26,562.2075,-84.8646,0.3731,13,0.3250,0.7143,7,6,5,0,0,6,5,0.1667
4,284.0000,18,27,371.8490,-80.7727,-0.0308,22,0.5500,1.0000,8,7,5,0,0,7,5,0.2857
4,284.0000,18,29,787.7045,-87.1817,0.0958,4,0.1000,1.0000,8,8,8,0,0,8,8,0.0000
4,284.0000,18,31,803.9775,-87.7356,0.8270,3,0.0750,1.0000,8,8,8,0,0,8,8,0.0000
4,284.0000,18,32,817.1608,-86.6749,-0.7696,5,0.1250,1.0000,6,4,4,0,0,4,4,0.0000
4,284.0000,18,33,703.9374,-87.3698,0.7453,9,0.2250,1.0000,8,5,4,0,0,5,4,0.2000
4,284.0000,18,34,546.4820,-84.5058,1.4477,14,0.3500,1.0000,4,6,4,0,0,6,4,0.3333
4,284.0000,18,35,622.8280,-85.3795,0.5932,13,0.3250,1.0000,8,8,7,0,0,8,7,0.1250
4,284.0000,18,37,146.6132,-73.4594,0.9246,38,0.9500,0.0000,4,5,1,0,0,5,1,0.8000
4,284.0000,18,38,800.0993,-85.3874,-1.5943,5,0.1250,1.0000,6,8,8,0,0,8,8,0.0000
4,284.0000,18,41,466.0079,-84.1634,-0.5621,17,0.4250,0.7143,7,6,3,0,0,6,3,0.5000
4,284.0000,18,43,345.4956,-81.7858,0.7666,18,0.4500,0.8750,8,8,7,0,0,8,7,0.1250
4,284.0000,18,44,750.0673,-86.9808,-1.0623,6,0.1500,0.8571,7,8,8,0,0,8,8,0.0000
4,284.0000,18,45,653.2208,-85.2548,-1.2917,7,0.1750,1.0000,6,8,8,0,0,8,8,0.0000
4,284.0000,18,47,1028.6250,-87.7932,-0.0385,3,0.0750,0.8750,8,4,4,0,0,4,4,0.0000
4,284.0000,19,0,388.2950,-81.9348,1.1296,17,0.4359,0.8571,7,6,3,0,0,6,3,0.5000
4,284.0000,19,1,859.4954,-87.0442,0.8095,5,0.1282,1.0000,8,8,8,0,0,8,8,0.0000
4,284.0000,19,6,757.6579,-87.6744,1.6489,3,0.0769,0.8571,7,8,8,0,0,8,8,0.0000
4,284.0000,19,13,758.6857,-86.7616,-1.1273,4,0.1026,0.8571,7,8,8,0,0,8,8,0.0000
4,284.0000,19,15,96.4588,-74.0852,2.2898,33,0.8462,0.0000,4,4,0,0,0,4,0,1.0000
4,284.0000,19,28,334.3144,-79.2098,-1.1176,20,0.5128,0.8750,8,8,8,0,0,8,8,0.0000
4,284.0000,19,30,743.2602,-86.4515,0.2459,5,0.1282,1.0000,8,8,8,0,0,8,8,0.0000
4,284.0000,19,31,977.3269,-88.8512,0.6689,3,0.0769,1.0000,8,2,2,0,0,2,2,0.0000
4,284.0000,19,36,751.2775,-86.4002,-0.7713,3,0.0769,0.8571,7,8,8,0,0,8,8,0.0000
4,284.0000,19,39,534.5218,-82.8812,-0.4711,14,0.3590,0.5000,6,8,8,0,0,8,8,0.0000
4,284.0000,19,40,492.7130,-83.1968,1.0874,12,0.3077,0.8571,7,8,7,0,0,8,7,0.1250
4,284.0000,19,42,798.5366,-88.1178,-0.4689,4,0.1026,1.0000,8,7,6,0,0,7,6,0.1429
4,284.0000,19,46,535.5124,-82.9525,-0.2807,11,0.2821,0.7143,7,8,8,0,0,8,8,0.0000
4,284.0000,20,1,952.6707,-89.4930,-0.1852,4,0.1026,1.0000,6,8,8,0,0,8,8,0.0000
4,284.0000,20,2,358.6964,-78.9523,-0.5013,20,0.5128,0.3333,6,7,6,0,0,7,6,0.1429
4,284.0000,20,3,140.1265,-70.7871,0.0133,32,0.8205,0.0000,3,5,0,0,0,5,0,1.0000
4,284.0000,20,4,698.6833,-87.3808,-4.0081,4,0.1026,1.0000,16,6,6,0,0,6,6,0.0000
4,284.0000,20,6,945.2036,-87.1032,-1.4554,4,0.1026,1.0000,6,6,6,0,0,6,6,0.0000
4,284.0000,20,7,605.0856,-85.2847,0.2650,11,0.2821,1.0000,8,8,8,0,0,8,8,0.0000
4,284.0000,20,8,391.1082,-78.8499,0.3151,17,0.4359,0.9412,68,8,8,74,73,82,81,0.0122
4,284.0000,20,10,759.3472,-86.6773,-2.0437,4,0.1026,1.0000,48,6,6,0,0,6,6,0.0000
4,284.0000,20,11,472.1178,-80.7207,0.8460,10,0.2564,0.8571,7,6,5,0,0,6,5,0.1667
4,284.0000,20,12,720.7099,-86.6972,0.7385,7,0.1795,0.8571,7,8,8,0,0,8,8,0.0000
4,284.0000,20,16,796.0006,-87.4023,-2.3302,4,0.1026,1.0000,8,8,8,0,0,8,8,0.0000
4,284.0000,20,17,647.6176,-82.4656,0.0505,8,0.2051,1.0000,8,8,7,0,0,8,7,0.1250
4,284.0000,20,18,905.1600,-86.8619,0.6445,3,0.0769,1.0000,8,8,8,0,0,8,8,0.0000
4,284.0000,20,21,705.2939,-86.6436,-0.6859,5,0.1282,1.0000,8,6,6,8,8,14,14,0.0000
4,284.0000,20,22,270.8774,-77.9120,0.4980,23,0.5897,0.4286,7,5,2,0,0,5,2,0.6000
4,284.0000,20,23,179.1512,-74.3872,1.0777,29,0.7436,0.0000,4,6,3,0,0,6,3,0.5000
4,284.0000,20,24,470.0458,-82.3129,-0.2775,10,0.2564,0.6250,8,7,5,0,0,7,5,0.2857
4,284.0000,20,25,718.2914,-87.3271,-0.0370,4,0.1026,1.0000,8,8,8,62,62,70,70,0.0000
4,284.0000,20,29,744.6702,-86.9091,-0.8726,8,0.2051,1.0000,8,8,8,0,0,8,8,0.0000
4,284.0000,20,32,476.7642,-84.8241,0.0068,11,0.2821,0.8571,7,6,4,0,0,6,4,0.3333
4,284.0000,20,33,608.7858,-84.4313,1.4719,7,0.1795,0.8750,8,8,8,0,0,8,8,0.0000
4,284.0000,20,35,894.5559,-86.8937,0.0312,7,0.1795,0.6667,3,4,4,0,0,4,4,0.0000
4,284.0000,20,43,621.9412,-84.5479,-0.4815,6,0.1538,0.8571,7,8,8,0,0,8,8,0.0000
4,284.0000,20,45,402.8517,-79.7905,-1.1163,22,0.5641,0.5000,6,5,2,0,0,5,2,0.6000
4,284.0000,20,47,893.4540,-87.9437,1.7813,3,0.0769,1.0000,8,8,8,0,0,8,8,0.0000
4,284.0000,21,0,896.4904,-85.8066,2.0947,4,0.1000,1.0000,8,4,4,0,0,4,4,0.0000
4,284.0000,21,1,360.8648,-80.7829,0.4651,19,0.4750,0.5000,8,4,0,0,0,4,0,1.0000
4,284.0000,21,2,701.9257,-87.6238,-0.0888,4,0.1000,1.0000,8,8,7,0,0,8,7,0.1250
4,284.0000,21,3,711.2296,-86.5549,-1.1892,6,0.1500,1.0000,6,8,8,0,0,8,8,0.0000
4,284.0000,21,4,248.2209,-77.7449,0.3585,30,0.7500,0.5000,6,6,4,0,0,6,4,0.3333
4,284.0000,21,6,587.7415,-84.6262,-0.0368,9,0.2250,0.8750,8,7,6,0,0,7,6,0.1429
4,284.0000,21,8,338.5927,-80.9039,0.3443,15,0.3750,0.8571,7,6,4,0,0,6,4,0.3333
4,284.0000,21,9,564.6468,-85.0402,0.4368,12,0.3000,1.0000,8,8,8,0,0,8,8,0.0000
4,284.0000,21,10,472.3838,-83.0090,0.7134,16,0.4000,0.8750,8,8,7,0,0,8,7,0.1250
4,284.0000,21,11,580.0788,-86.1396,0.1200,9,0.2250,1.0000,8,6,4,0,0,6,4,0.3333
4,284.0000,21,13,393.0247,-80.9394,-0.3076,17,0.4250,0.6667,6,8,8,0,0,8,8,0.0000
4,284.0000,21,14,667.6738,-85.9501,0.2522,11,0.2750,1.0000,8,6,6,0,0,6,6,0.0000
4,284.0000,21,16,248.5845,-78.3349,0.4498,22,0.5500,0.4000,5,5,2,0,0,5,2,0.6000
4,284.0000,21,17,753.1369,-87.4027,0.0872,8,0.2000,0.6667,6,8,8,0,0,8,8,0.0000
4,284.0000,21,18,909.1055,-89.2094,-0.1081,5,0.1250,1.0000,6,8,8,0,0,8,8,0.0000
4,284.0000,21,20,705.2939,-84.6444,-0.8131,10,0.2500,0.6667,6,8,8,0,0,8,8,0.0000
4,284.0000,21,22,634.6884,-86.6991,0.1504,6,0.1500,1.0000,6,7,6,0,0,7,6,0.1429
4,284.0000,21,23,674.2244,-85.8191,0.2791,6,0.1500,0.8571,7,8,8,0,0,8,8,0.0000
4,284.0000,21,24,610.8773,-85.6235,-0.1117,13,0.3250,1.0000,8,7,5,0,0,7,5,0.2857
4,284.0000,21,25,237.1366,-76.8499,0.0387,26,0.6500,0.3333,6,6,2,0,0,6,2,0.6667
4,284.0000,21,27,721.3443,-85.7165,-0.1528,9,0.2250,1.0000,6,2,2,0,0,2,2,0.0000
4,284.0000,21,28,781.0897,-86.4258,0.1606,6,0.1500,0.8750,8,4,4,0,0,4,4,0.0000
4,284.0000,21,30,674.9171,-86.6902,0.3580,10,0.2500,0.8571,7,7,6,0,0,7,6,0.1429
4,284.0000,21,31,381.5281,-80.4486,-1.0022,21,0.5250,0.8750,8,6,4,0,0,6,4,0.3333
4,284.0000,21,32,502.3427,-84.0639,-0.3242,14,0.3500,0.8571,7,6,4,0,0,6,4,0.3333
4,284.0000,21,36,363.9775,-79.3933,-0.1723,22,0.5500,0.8571,7,7,6,0,0,7,6,0.1429
4,284.0000,21,37,853.0942,-86.6478,0.6265,4,0.1000,1.0000,8,4,4,0,0,4,4,0.0000
4,284.0000,21,38,633.0629,-85.0908,-0.0771,10,0.2500,1.0000,8,8,8,0,0,8,8,0.0000
4,284.0000,21,39,928.4567,-87.0381,1.9769,3,0.0750,1.0000,6,6,6,0,0,6,6,0.0000
4,284.0000,21,40,981.0714,-89.5653,0.3588,3,0.0750,,0,8,8,0,0,8,8,0.0000
4,284.0000,21,42,499.3256,-82.0084,-0.9466,17,0.4250,0.7143,7,7,6,0,0,7,6,0.1429
4,284.0000,21,43,815.4383,-85.8928,3.1156,3,0.0750,0.8571,7,10,10,0,0,10,10,0.0000
4,284.0000,21,44,503.3218,-83.2819,0.5229,17,0.4250,0.8571,7,7,6,0,0,7,6,0.1429
4,284.0000,21,45,823.3655,-87.6233,-1.0037,5,0.1250,1.0000,6,4,4,0,0,4,4,0.0000
4,284.0000,21,46,667.1617,-85.6443,0.6933,7,0.1750,1.0000,2,8,7,0,0,8,7,0.1250
4,284.0000,21,47,411.3391,-81.6200,-0.7262,20,0.5000,0.8571,7,7,6,0,0,7,6,0.1429
4,284.0000,22,2,141.3311,-71.0636,0.9114,32,0.8000,0.2000,5,5,1,0,0,5,1,0.8000
4,284.0000,22,3,213.5222,-77.1589,0.9365,31,0.7750,0.2000,5,4,0,0,0,4,0,1.0000
4,284.0000,22,7,615.1794,-84.4009,0.6529,5,0.1250,0.5714,7,7,5,0,0,7,5,0.2857
4,284.0000,22,8,314.3057,-79.5574,1.0857,16,0.4000,0.8571,7,6,4,0,0,6,4,0.3333
4,284.0000,22,10,553.4769,-82.5899,-1.3318,6,0.1500,1.0000,8,8,8,0,0,8,8,0.0000
4,284.0000,22,11,322.5553,-79.0491,-0.1024,21,0.5250,0.6667,6,8,8,0,0,8,8,0.0000
4,284.0000,22,12,634.1344,-84.6275,0.8916,10,0.2500,0.8571,7,8,7,0,0,8,7,0.1250
4,284.0000,22,17,377.6868,-78.5042,-0.8355,23,0.5750,0.5000,6,5,4,0,0,5,4,0.2000
4,284.0000,22,20,270.8774,-78.8796,0.6841,26,0.6500,0.2000,5,5,1,0,0,5,1,0.8000
4,284.0000,22,23,99.4433,-69.3688,0.0476,36,0.9000,0.2000,5,5,1,0,0,5,1,0.8000
4,284.0000,22,24,600.0765,-83.9954,-0.7018,5,0.1250,0.8571,7,7,6,0,0,7,6,0.1429
4,284.0000,22,26,681.6277,-84.8234,-1.1937,6,0.1500,1.0000,8,6,6,0,0,6,6,0.0000
4,284.0000,22,29,659.1741,-85.3490,-0.7489,7,0.1750,1.0000,8,8,8,0,0,8,8,0.0000
4,284.0000,22,32,523.9553,-82.9977,0.4040,5,0.1250,0.8571,7,8,8,0,0,8,8,0.0000
4,284.0000,22,33,523.3596,-83.3698,0.5112,15,0.3750,0.5714,7,8,7,0,0,8,7,0.1250
4,284.0000,22,34,773.5230,-86.4740,4.7696,4,0.1000,1.0000,8,5,3,0,0,5,3,0.4000
4,284.0000,22,35,729.5272,-85.7528,-1.2567,5,0.1250,1.0000,8,8,7,0,0,8,7,0.1250
4,284.0000,22,41,727.2193,-85.7532,0.8835,6,0.1500,1.0000,8,3,2,0,0,3,2,0.3333
4,284.0000,22,43,385.2473,-79.2493,-0.4350,19,0.4750,0.8571,7,6,3,0,0,6,3,0.5000
4,284.0000,22,45,206.9600,-70.9094,-4.2037,35,0.8750,0.2000,5,4,0,0,0,4,0,1.0000
4,284.0000,23,2,205.6698,-72.2613,-1.0592,32,0.8000,0.4000,5,3,0,0,0,3,0,1.0000
4,284.0000,23,3,148.8078,-74.3521,1.0627,35,0.8750,0.3261,46,4,0,10,2,14,2,0.8571
4,284.0000,23,4,725.4017,-86.8926,1.8909,4,0.1000,1.0000,6,8,8,0,0,8,8,0.0000
4,284.0000,23,5,997.7658,-87.8032,-0.8319,6,0.1500,,0,6,6,0,0,6,6,0.0000
4,284.0000,23,7,579.8131,-85.0748,0.4513,20,0.5000,0.6667,6,8,8,0,0,8,8,0.0000
4,284.0000,23,8,346.9061,-79.7237,-0.1641,14,0.3500,0.8571,7,6,2,0,0,6,2,0.6667
4,284.0000,23,10,640.9788,-84.9211,0.5318,7,0.1750,1.0000,8,8,8,0,0,8,8,0.0000
4,284.0000,23,11,381.3001,-80.0573,-0.7323,15,0.3750,0.3333,6,7,6,0,0,7,6,0.1429
4,284.0000,23,12,627.3946,-85.4144,-0.6549,18,0.4500,1.0000,8,8,8,0,0,8,8,0.0000
4,284.0000,23,16,738.3424,-86.0417,-0.6309,3,0.0750,1.0000,8,8,8,0,0,8,8,0.0000
4,284.0000,23,17,470.6561,-81.3297,-0.9304,21,0.5250,0.4000,5,7,5,0,0,7,5,0.2857
4,284.0000,23,18,769.4392,-85.8371,0.8320,4,0.1000,1.0000,8,8,8,0,0,8,8,0.0000
4,284.0000,23,20,179.1512,-75.3598,0.5817,33,0.8250,0.0000,4,6,2,0,0,6,2,0.6667
4,284.0000,23,21,674.2244,-87.7450,-0.7719,3,0.0750,1.0000,8,8,8,0,0,8,8,0.0000
4,284.0000,23,22,99.4433,-68.8077,-0.0726,33,0.8250,0.2000,5,5,2,0,0,5,2,0.6000
4,284.0000,23,24,568.5983,-84.0594,-1.1402,6,0.1500,0.8889,9,8,8,0,0,8,8,0.0000
4,284.0000,23,25,697.1303,-86.6210,0.5392,4,0.1000,0.7500,4,8,8,0,0,8,8,0.0000
4,284.0000,23,26,730.1585,-85.5124,-0.0136,13,0.3250,1.0000,8,4,4,0,0,4,4,0.0000
4,284.0000,23,27,861.7479,-89.2635,-0.2259,3,0.0750,1.0000,8,2,2,0,0,2,2,0.0000
4,284.0000,23,29,658.7942,-86.0163,-0.6711,14,0.3500,0.8571,7,7,6,0,0,7,6,0.1429
4,284.0000,23,32,520.6437,-84.1323,-0.0057,7,0.1750,0.6667,6,8,8,0,0,8,8,0.0000
4,284.0000,23,33,522.8710,-84.5863,-0.1519,21,0.5250,0.9222,90,7,6,135,133,142,139,0.0211
4,284.0000,23,34,814.5296,-86.6212,-0.5493,5,0.1250,0.8571,7,6,6,0,0,6,6,0.0000
4,284.0000,23,35,766.4773,-86.6840,-0.4949,9,0.2250,1.0000,8,8,8,0,0,8,8,0.0000
4,284.0000,23,37,829.8319,-87.1035,1.2854,4,0.1000,1.0000,6,8,8,0,0,8,8,0.0000
4,284.0000,23,43,465.0486,-81.5873,-0.9674,22,0.5500,1.0000,8,8,8,0,0,8,8,0.0000
4,284.0000,23,45,242.2753,-73.4354,-2.0569,33,0.8250,0.0000,4,6,4,0,0,6,4,0.3333
4,284.0000,24,1,696.2307,-86.5844,2.7214,4,0.1000,1.0000,8,8,8,0,0,8,8,0.0000
4,284.0000,24,2,634.0251,-85.7317,0.5903,8,0.2000,0.6667,6,8,8,0,0,8,8,0.0000
4,284.0000,24,3,468.9523,-83.4927,-0.5769,16,0.4000,0.6667,6,8,8,0,0,8,8,0.0000
4,284.0000,24,4,567.7501,-84.5789,0.2018,11,0.2750,0.8571,7,8,8,0,0,8,8,0.0000
4,284.0000,24,6,536.6486,-82.6939,0.2521,9,0.2250,1.0000,8,7,6,0,0,7,6,0.1429
4,284.0000,24,7,908.7587,-87.1458,-1.3643,3,0.0750,1.0000,6,6,6,0,0,6,6,0.0000
4,284.0000,24,8,439.8983,-78.8903,-0.5163,11,0.2750,1.0000,8,8,8,0,0,8,8,0.0000
4,284.0000,24,10,762.9483,-85.9837,-2.6697,6,0.1500,1.0000,8,6,6,0,0,6,6,0.0000
4,284.0000,24,11,518.2259,-82.9175,-0.3657,9,0.2250,1.0000,8,8,8,0,0,8,8,0.0000
4,284.0000,24,13,742.1610,-86.4697,-2.9516,3,0.0750,1.0000,8,8,8,0,0,8,8,0.0000
4,284.0000,24,16,653.7951,-85.2370,0.3282,7,0.1750,1.0000,8,8,8,0,0,8,8,0.0000
4,284.0000,24,17,904.8464,-86.1577,-0.5608,6,0.1500,1.0000,8,6,6,0,0,6,6,0.0000
4,284.0000,24,18,967.1052,-88.2954,-0.1102,3,0.0750,1.0000,8,6,6,0,0,6,6,0.0000
4,284.0000,24,20,470.0458,-82.7703,0.2621,15,0.3750,0.8571,7,8,8,0,0,8,8,0.0000
4,284.0000,24,21,610.8773,-84.8357,0.3410,7,0.1750,0.8750,8,8,8,0,0,8,8,0.0000
4,284.0000,24,22,600.0765,-84.7394,0.1273,5,0.1250,1.0000,8,8,7,0,0,8,7,0.1250
4,284.0000,24,23,568.5983,-85.6008,-0.7725,10,0.2500,1.0000,8,8,8,0,0,8,8,0.0000
4,284.0000,24,25,504.3954,-83.7946,0.6556,8,0.2000,1.0000,8,6,4,0,0,6,4,0.3333
4,284.0000,24,29,1063.7132,-88.5517,0.3161,3,0.0750,1.0000,6,2,2,0,0,2,2,0.0000
4,284.0000,24,31,624.8961,-86.1693,-1.1268,7,0.1750,1.0000,8,8,8,0,0,8,8,0.0000
4,284.0000,24,32,170.9176,-75.7274,0.9962,24,0.6000,0.3333,6,4,0,0,0,4,0,1.0000
4,284.0000,24,33,914.6158,-87.4715,-0.8844,6,0.1500,1.0000,8,6,6,0,0,6,6,0.0000
4,284.0000,24,36,779.4243,-86.5874,-2.6977,3,0.0750,1.0000,8,8,8,0,0,8,8,0.0000
4,284.0000,24,42,641.1154,-85.3529,0.5811,6,0.1500,1.0000,8,7,6,0,0,7,6,0.1429
4,284.0000,24,43,830.5379,-87.4072,0.1242,5,0.1250,1.0000,8,8,8,0,0,8,8,0.0000
4,284.0000,24,45,769.0593,-86.1963,1.0775,5,0.1250,1.0000,8,8,8,0,0,8,8,0.0000
4,284.0000,24,47,555.4347,-84.2937,-1.3604,6,0.1500,0.9000,10,8,7,0,0,8,7,0.1250
4,284.0000,25,0,912.4421,-86.6160,1.0950,3,0.0750,1.0000,8,6,6,0,0,6,6,0.0000
4,284.0000,25,1,235.2382,-76.2988,0.2193,23,0.5750,0.4000,5,5,1,0,0,5,1,0.8000
4,284.0000,25,2,685.4692,-88.1520,-0.4110,5,0.1250,1.0000,2,8,8,0,0,8,8,0.0000
4,284.0000,25,3,690.9471,-87.1560,-0.0995,4,0.1000,0.8750,8,8,8,0,0,8,8,0.0000
4,284.0000,25,4,386.8460,-80.0148,1.0827,17,0.4250,0.6250,8,7,6,0,0,7,6,0.1429
4,284.0000,25,6,465.2731,-81.3327,-0.2533,21,0.5250,0.3333,6,8,7,0,0,8,7,0.1250
4,284.0000,25,8,359.7701,-82.5852,0.4500,8,0.2000,0.8571,7,8,8,0,0,8,8,0.0000
4,284.0000,25,9,526.4752,-86.5290,0.8319,4,0.1000,1.0000,8,8,8,0,0,8,8,0.0000
4,284.0000,25,10,427.1104,-81.3761,0.4630,9,0.2250,0.8750,8,7,5,0,0,7,5,0.2857
4,284.0000,25,11,490.5554,-83.2965,0.7380,8,0.2000,0.8571,7,8,7,0,0,8,7,0.1250
4,284.0000,25,13,311.4654,-77.5381,-0.2374,28,0.7000,0.0000,4,5,1,0,0,5,1,0.8000
4,284.0000,25,14,521.1916,-84.2934,-0.1520,9,0.2250,0.6667,6,10,10,0,0,10,10,0.0000
4,284.0000,25,16,167.8142,-76.1184,1.3560,22,0.5500,0.4000,5,5,1,0,0,5,1,0.8000
4,284.0000,25,18,810.0675,-87.2287,1.3080,3,0.0750,1.0000,6,2,2,0,0,2,2,0.0000
4,284.0000,25,20,718.2914,-85.9818,0.6099,3,0.0750,1.0000,10,6,4,0,0,6,4,0.3333
4,284.0000,25,21,237.1366,-76.7997,0.5984,28,0.7000,0.4000,5,7,4,0,0,7,4,0.4286
4,284.0000,25,22,657.1966,-86.5045,-1.1865,4,0.1000,0.6667,3,8,8,0,0,8,8,0.0000
4,284.0000,25,23,697.1303,-88.3211,-0.2156,3,0.0750,1.0000,4,8,8,0,0,8,8,0.0000
4,284.0000,25,24,504.3954,-83.8432,0.8990,7,0.1750,0.7143,7,8,8,0,0,8,8,0.0000
4,284.0000,25,27,658.7076,-84.9054,-0.5175,7,0.1750,1.0000,8,7,6,2,2,9,8,0.1111
4,284.0000,25,28,728.5351,-85.8193,-0.0812,11,0.2750,1.0000,8,7,6,0,0,7,6,0.1429
4,284.0000,25,30,658.8650,-84.9953,1.1335,7,0.1750,1.0000,8,8,7,0,0,8,7,0.1250
4,284.0000,25,31,182.7607,-73.3967,-0.7731,33,0.8250,0.5000,6,6,3,0,0,6,3,0.5000
4,284.0000,25,32,368.3976,-80.0904,0.0609,12,0.3000,0.4000,5,7,5,0,0,7,5,0.2857
4,284.0000,25,36,344.2113,-79.5732,-0.3858,22,0.5500,0.3333,6,6,3,0,0,6,3,0.5000
4,284.0000,25,38,542.2149,-83.9843,0.5908,10,0.2500,0.8571,7,7,6,0,0,7,6,0.1429
4,284.0000,25,39,852.9506,-88.3534,-0.9204,3,0.0750,0.8750,8,2,2,0,0,2,2,0.0000
4,284.0000,25,40,979.9947,-87.9460,0.1389,3,0.0750,,0,8,7,0,0,8,7,0.1250
4,284.0000,25,42,540.0063,-82.5097,0.3214,18,0.4500,0.8750,8,6,4,0,0,6,4,0.3333
4,284.0000,25,44,464.5888,-83.8602,0.2678,11,0.2750,0.8571,7,8,8,0,0,8,8,0.0000
4,284.0000,25,46,605.5428,-85.6661,-0.5628,8,0.2000,0.6667,3,7,6,0,0,7,6,0.1429
4,284.0000,25,47,263.2052,-74.2072,-1.1620,30,0.7500,0.2000,5,5,1,0,0,5,1,0.8000
4,284.0000,26,2,568.2781,-84.2804,0.4782,6,0.1500,0.7143,7,8,7,0,0,8,7,0.1250
4,284.0000,26,5,438.6362,-80.7750,-0.2890,26,0.6500,0.7143,7,7,5,0,0,7,5,0.2857
4,284.0000,26,7,577.1745,-84.9972,0.3282,6,0.1500,0.8571,7,5,2,0,0,5,2,0.6000
4,284.0000,26,12,416.6831,-82.7578,0.2893,19,0.4750,0.8571,7,7,5,0,0,7,5,0.2857
4,284.0000,26,17,501.0689,-83.4620,-1.2124,9,0.2250,0.7143,7,7,5,0,0,7,5,0.2857
4,284.0000,26,18,562.2075,-85.0935,-1.0462,5,0.1250,1.0000,8,8,8,0,0,8,8,0.0000
4,284.0000,26,22,681.6277,-87.2101,-1.4119,3,0.0750,1.0000,8,8,8,0,0,8,8,0.0000
4,284.0000,26,23,730.1585,-85.6043,1.2831,4,0.1000,1.0000,8,8,7,0,0,8,7,0.1250
4,284.0000,26,29,352.2311,-81.5793,0.3091,22,0.5500,0.7500,8,4,0,0,0,4,0,1.0000
4,284.0000,26,33,374.0933,-82.2958,1.7688,12,0.3000,1.0000,8,6,4,0,0,6,4,0.3333
4,284.0000,26,34,215.4813,-77.2017,0.9026,30,0.7500,0.3333,6,4,0,0,0,4,0,1.0000
4,284.0000,26,35,112.7792,-70.3207,0.0756,38,0.9500,0.0000,4,4,0,0,0,4,0,1.0000
4,284.0000,26,37,697.1015,-84.6625,-0.1778,6,0.1500,0.8571,7,8,8,0,0,8,8,0.0000
4,284.0000,26,41,157.3044,-71.3156,-1.0677,33,0.8250,0.2000,5,6,2,0,0,6,2,0.6667
4,284.0000,26,43,399.3711,-80.4813,-0.6071,11,0.2750,0.8571,7,7,6,0,0,7,6,0.1429
4,284.0000,26,45,498.6835,-84.4351,0.2633,9,0.2250,0.8750,8,8,8,0,0,8,8,0.0000
4,284.0000,27,1,708.6355,-85.4058,-0.4287,4,0.1000,1.0000,8,8,8,0,0,8,8,0.0000
4,284.0000,27,4,963.3704,-87.4055,0.4578,4,0.1000,1.0000,4,6,6,0,0,6,6,0.0000
4,284.0000,27,5,685.0991,-86.6447,0.7586,12,0.3000,0.0000,1,6,6,0,0,6,6,0.0000
4,284.0000,27,8,700.4050,-86.6655,-1.0964,4,0.1000,1.0000,8,7,6,0,0,7,6,0.1429
4,284.0000,27,9,559.7565,-83.3902,0.4255,13,0.3250,1.0000,8,8,8,0,0,8,8,0.0000
4,284.0000,27,10,273.3767,-78.6904,0.8853,25,0.6250,0.5000,6,6,2,0,0,6,2,0.6667
4,284.0000,27,11,566.2112,-86.4735,0.3014,6,0.1500,1.0000,8,8,7,0,0,8,7,0.1250
4,284.0000,27,13,807.3469,-87.6516,0.0697,4,0.1000,1.0000,8,6,5,0,0,6,5,0.1667
4,284.0000,27,14,436.6948,-81.6607,-0.2785,15,0.3750,1.0000,8,8,7,0,0,8,7,0.1250
4,284.0000,27,16,527.9650,-80.8712,-1.2795,14,0.3500,0.8571,7,8,8,0,0,8,8,0.0000
4,284.0000,27,17,543.6911,-83.3539,1.2683,10,0.2500,1.0000,8,6,4,0,0,6,4,0.3333
4,284.0000,27,18,371.8490,-81.4233,0.4797,23,0.5750,0.6667,6,5,3,0,0,5,3,0.4000
4,284.0000,27,21,721.3443,-87.0161,-1.0773,4,0.1000,1.0000,10,4,4,0,0,4,4,0.0000
4,284.0000,27,22,767.7744,-87.1239,-0.4873,7,0.1750,1.0000,8,8,8,0,0,8,8,0.0000
4,284.0000,27,23,861.7479,-87.1687,-0.2679,4,0.1000,0.8333,6,7,6,0,0,7,6,0.1429
4,284.0000,27,25,658.7076,-85.5557,0.6230,4,0.1000,0.8889,9,7,6,0,0,7,6,0.1429
4,284.0000,27,26,855.0735,-89.0915,-0.3387,5,0.1250,1.0000,4,6,6,0,0,6,6,0.0000
4,284.0000,27,30,889.7807,-87.5058,0.1086,4,0.1000,1.0000,4,6,6,0,0,6,6,0.0000
4,284.0000,27,31,621.4220,-86.0532,-1.0572,4,0.1000,1.0000,8,8,7,0,0,8,7,0.1250
4,284.0000,27,34,895.3210,-87.3693,1.2938,3,0.0750,,0,2,2,0,0,2,2,0.0000
4,284.0000,27,35,939.3483,-89.4026,0.0743,3,0.0750,1.0000,4,4,4,0,0,4,4,0.0000
4,284.0000,27,36,835.0440,-86.7335,-0.3204,4,0.1000,1.0000,8,8,8,0,0,8,8,0.0000
4,284.0000,27,37,245.6809,-79.4571,1.3941,29,0.7250,0.7143,7,7,4,0,0,7,4,0.4286
4,284.0000,27,38,488.0055,-81.2516,-0.3810,17,0.4250,1.0000,6,7,6,0,0,7,6,0.1429
4,284.0000,27,41,748.3377,-85.1836,-0.3752,5,0.1250,1.0000,6,4,4,0,0,4,4,0.0000
4,284.0000,27,43,550.5289,-85.6943,1.1978,6,0.1500,1.0000,8,8,8,0,0,8,8,0.0000
4,284.0000,27,44,419.7533,-82.4709,-0.2375,11,0.2750,0.8750,8,8,7,0,0,8,7,0.1250
4,284.0000,27,45,807.0083,-87.4163,0.7761,5,0.1250,1.0000,4,8,8,0,0,8,8,0.0000
4,284.0000,27,46,1005.6173,-88.7825,0.1496,4,0.1000,1.0000,4,4,4,0,0,4,4,0.0000
4,284.0000,27,47,872.1384,-87.9217,-1.4238,4,0.1000,1.0000,8,6,6,0,0,6,6,0.0000
4,284.0000,28,0,305.7059,-79.4685,-0.1412,26,0.6500,0.5000,6,8,7,0,0,8,7,0.1250
4,284.0000,28,1,531.5390,-85.0543,1.3200,10,0.2500,0.8000,5,8,8,0,0,8,8,0.0000
4,284.0000,28,4,776.3082,-87.2133,0.2941,4,0.1000,1.0000,6,8,8,0,0,8,8,0.0000
4,284.0000,28,6,547.4410,-86.2160,0.7498,7,0.1750,1.0000,8,7,5,0,0,7,5,0.2857
4,284.0000,28,8,1061.3054,-88.3290,1.5542,3,0.0750,1.0000,4,6,6,0,0,6,6,0.0000
4,284.0000,28,9,709.7130,-86.8412,0.3058,6,0.1500,0.8750,8,8,8,0,0,8,8,0.0000
4,284.0000,28,13,432.4378,-83.1496,0.6223,11,0.2750,1.0000,8,8,6,0,0,8,6,0.2500
4,284.0000,28,14,843.0969,-87.2593,0.1446,3,0.0750,1.0000,8,8,8,0,0,8,8,0.0000
4,284.0000,28,15,382.9108,-81.5369,0.3508,31,0.7750,0.8000,5,8,3,0,0,8,3,0.6250
4,284.0000,28,16,762.7961,-87.5632,0.1837,3,0.0750,1.0000,8,8,8,0,0,8,8,0.0000
4,284.0000,28,19,334.3144,-79.7047,-1.0110,32,0.8000,0.0000,4,7,5,0,0,7,5,0.2857
4,284.0000,28,21,781.0897,-86.1994,-0.4479,4,0.1000,1.0000,8,8,8,0,0,8,8,0.0000
4,284.0000,28,25,728.5351,-87.1501,0.9143,6,0.1500,0.7500,8,8,8,0,0,8,8,0.0000
4,284.0000,28,30,453.3233,-81.9714,-0.2367,19,0.4750,0.7143,7,8,6,0,0,8,6,0.2500
4,284.0000,28,31,653.5802,-85.1003,0.2850,8,0.2000,1.0000,8,8,8,0,0,8,8,0.0000
4,284.0000,28,32,993.1034,-88.5102,1.5234,3,0.0750,1.0000,8,6,6,0,0,6,6,0.0000
4,284.0000,28,36,431.9159,-83.5881,1.3893,9,0.2250,0.6667,6,8,7,0,0,8,7,0.1250
4,284.0000,28,38,773.1477,-88.2537,-0.4669,4,0.1000,1.0000,8,8,8,0,0,8,8,0.0000
4,284.0000,28,39,337.9542,-79.5073,-0.5593,29,0.7250,0.0000,4,6,4,0,0,6,4,0.3333
4,284.0000,28,40,397.9979,-82.8645,0.0961,22,0.5500,0.5000,6,7,6,0,0,7,6,0.1429
4,284.0000,28,42,621.0845,-85.4326,0.3984,6,0.1500,1.0000,8,7,6,0,0,7,6,0.1429
4,284.0000,28,44,815.3153,-87.3285,0.6177,5,0.1250,1.0000,8,8,8,0,0,8,8,0.0000
4,284.0000,28,46,210.0687,-74.4416,-1.5725,32,0.8000,0.0000,4,4,2,0,0,4,2,0.5000
4,284.0000,28,47,517.8365,-85.8153,0.1276,8,0.2000,1.0000,8,7,5,0,0,7,5,0.2857
4,284.0000,29,2,566.7207,-85.3506,0.1974,6,0.1500,1.0000,70,7,6,0,0,7,6,0.1429
4,284.0000,29,3,650.7590,-84.4445,-1.0403,5,0.1250,0.8571,7,9,8,0,0,9,8,0.1111
4,284.0000,29,5,741.6418,-85.3340,-0.6498,9,0.2250,1.0000,8,8,8,0,0,8,8,0.0000
4,284.0000,29,7,254.9303,-77.8362,-0.4869,34,0.8500,0.0000,4,4,0,0,0,4,0,1.0000
4,284.0000,29,11,745.9170,-86.5994,-0.0778,6,0.1500,1.0000,8,8,7,0,0,8,7,0.1250
4,284.0000,29,12,207.5992,-76.9512,0.5445,36,0.9000,0.2000,5,4,0,0,0,4,0,1.0000
4,284.0000,29,18,787.7045,-87.0032,1.7286,3,0.0750,0.8571,7,8,8,0,0,8,8,0.0000
4,284.0000,29,20,744.6702,-87.0849,-0.7083,4,0.1000,1.0000,10,8,8,0,0,8,8,0.0000
4,284.0000,29,22,659.1741,-86.6248,1.4465,3,0.0750,1.0000,24,8,7,0,0,8,7,0.1250
4,284.0000,29,23,658.7942,-85.6352,-0.7655,5,0.1250,0.9231,13,7,5,68,68,75,73,0.0267
4,284.0000,29,26,352.2311,-81.0067,1.3977,18,0.4500,0.7143,7,6,3,0,0,6,3,0.5000
4,284.0000,29,33,152.1358,-74.1641,0.7472,38,0.9500,0.2162,37,4,0,44,6,48,6,0.8750
4,284.0000,29,34,366.6600,-81.3937,-0.0747,20,0.5000,0.5000,6,7,5,0,0,7,5,0.2857
4,284.0000,29,35,282.7398,-79.6266,0.1866,21,0.5250,0.8571,7,5,1,0,0,5,1,0.8000
4,284.0000,29,41,504.0715,-84.0538,0.0052,15,0.3750,0.6667,6,6,3,0,0,6,3,0.5000
4,284.0000,29,43,550.9850,-84.2461,-0.6448,5,0.1250,0.9091,11,8,8,0,0,8,8,0.0000
4,284.0000,29,45,478.0988,-85.5294,0.9875,8,0.2000,1.0000,8,7,6,0,0,7,6,0.1429
4,284.0000,30,0,455.5574,-81.1225,-0.6086,29,0.7250,0.3333,6,7,6,0,0,7,6,0.1429
4,284.0000,30,1,441.9619,-83.3175,0.5822,9,0.2250,1.0000,8,6,4,0,0,6,4,0.3333
4,284.0000,30,4,798.5387,-88.0383,-1.3895,4,0.1000,1.0000,6,8,8,0,0,8,8,0.0000
4,284.0000,30,6,781.1621,-85.0280,-0.9592,4,0.1000,1.0000,4,8,8,0,0,8,8,0.0000
4,284.0000,30,9,332.0659,-80.4919,-0.8009,15,0.3750,0.6667,6,8,7,0,0,8,7,0.1250
4,284.0000,30,13,395.0194,-82.1064,-0.0438,12,0.3000,0.8750,8,6,3,0,0,6,3,0.5000
4,284.0000,30,14,582.7018,-84.4489,1.3818,5,0.1250,0.8750,8,7,6,0,0,7,6,0.1429
4,284.0000,30,15,757.0942,-85.8710,0.7362,10,0.2500,0.8750,8,4,4,0,0,4,4,0.0000
4,284.0000,30,16,586.4972,-85.2283,-0.1518,5,0.1250,1.0000,8,8,8,0,0,8,8,0.0000
4,284.0000,30,19,743.2602,-86.4266,-0.8367,8,0.2000,1.0000,8,8,8,0,0,8,8,0.0000
4,284.0000,30,21,674.9171,-85.7855,-0.2462,6,0.1500,1.0000,8,7,6,0,0,7,6,0.1429
4,284.0000,30,25,658.8650,-88.1225,0.6071,4,0.1000,1.0000,8,8,8,0,0,8,8,0.0000
4,284.0000,30,28,453.3233,-82.8392,-0.3333,16,0.4000,0.6667,6,8,7,0,0,8,7,0.1250
4,284.0000,30,31,555.4998,-86.1158,0.6530,3,0.0750,1.0000,8,7,6,0,0,7,6,0.1429
4,284.0000,30,36,374.7206,-81.0678,1.8083,14,0.3500,0.6667,6,8,8,0,0,8,8,0.0000
4,284.0000,30,38,436.3183,-83.3989,1.4085,10,0.2500,1.0000,8,7,4,0,0,7,4,0.4286
4,284.0000,30,39,352.5223,-80.9524,0.1466,20,0.5000,0.7143,7,5,2,0,0,5,2,0.6000
4,284.0000,30,40,407.8369,-80.9708,-0.2922,26,0.6500,0.7500,8,8,8,0,0,8,8,0.0000
4,284.0000,30,42,815.0186,-86.7467,0.3199,5,0.1250,1.0000,8,8,8,0,0,8,8,0.0000
4,284.0000,30,44,474.8371,-83.2359,-0.3008,11,0.2750,0.7143,7,7,6,0,0,7,6,0.1429
4,284.0000,30,46,269.4669,-78.9604,0.7347,23,0.5750,0.5714,7,6,2,0,0,6,2,0.6667
4,284.0000,30,47,604.8129,-87.0200,0.1181,6,0.1500,1.0000,8,8,8,0,0,8,8,0.0000
4,284.0000,31,0,852.8681,-87.3271,0.1676,5,0.1250,1.0000,8,8,7,0,0,8,7,0.1250
4,284.0000,31,1,143.3581,-73.2770,0.9158,35,0.8750,0.0000,4,5,1,0,0,5,1,0.8000
4,284.0000,31,4,540.2997,-83.8314,0.2674,11,0.2750,0.6667,6,7,6,0,0,7,6,0.1429
4,284.0000,31,6,482.9650,-82.2393,0.0474,17,0.4250,0.6667,6,7,6,0,0,7,6,0.1429
4,284.0000,31,8,523.7392,-85.8697,-0.3351,7,0.1750,0.5714,7,8,8,0,0,8,8,0.0000
4,284.0000,31,9,419.1968,-82.9077,-0.0420,15,0.3750,0.5000,6,8,7,0,0,8,7,0.1250
4,284.0000,31,10,452.8147,-83.2246,0.0119,9,0.2250,1.0000,8,6,3,0,0,6,3,0.5000
4,284.0000,31,11,577.7234,-84.6484,-0.0783,9,0.2250,0.8571,7,8,8,0,0,8,8,0.0000
4,284.0000,31,13,248.3472,-76.3279,-0.0154,27,0.6750,0.5130,115,6,4,65,43,71,47,0.3380
4,284.0000,31,14,372.0016,-80.2112,1.0497,19,0.4750,0.8571,7,7,5,0,0,7,5,0.2857
4,284.0000,31,16,199.4189,-77.0356,1.3114,28,0.7000,0.6000,5,5,1,0,0,5,1,0.8000
4,284.0000,31,17,865.4945,-86.4753,0.6046,4,0.1000,0.0000,1,8,8,0,0,8,8,0.0000
4,284.0000,31,18,803.9775,-86.9269,-0.0426,6,0.1500,1.0000,8,4,4,0,0,4,4,0.0000
4,284.0000,31,19,977.3269,-87.0862,-0.2163,5,0.1250,1.0000,4,4,4,0,0,4,4,0.0000
4,284.0000,31,20,877.9188,-87.7554,-0.1882,4,0.1000,,0,8,8,0,0,8,8,0.0000
4,284.0000,31,21,381.5281,-80.7083,0.0062,16,0.4000,0.6667,6,7,5,8,8,15,13,0.1333
4,284.0000,31,23,847.3342,-87.8137,1.1966,3,0.0750,1.0000,2,8,8,0,0,8,8,0.0000
4,284.0000,31,24,624.8961,-85.5771,-1.4933,6,0.1500,0.8571,7,8,8,0,0,8,8,0.0000
4,284.0000,31,25,182.7607,-72.7810,-0.5625,32,0.8000,0.0000,4,7,4,0,0,7,4,0.4286
4,284.0000,31,27,621.4220,-84.9843,-0.2253,8,0.2000,1.0000,8,6,5,0,0,6,5,0.1667
4,284.0000,31,28,653.5802,-87.3968,0.4883,7,0.1750,1.0000,8,5,4,0,0,5,4,0.2000
4,284.0000,31,30,555.4998,-83.8739,0.1660,13,0.3250,0.8571,7,7,4,0,0,7,4,0.4286
4,284.0000,31,32,485.2504,-81.2944,-0.7416,13,0.3250,0.8571,7,8,8,0,0,8,8,0.0000
4,284.0000,31,36,317.3925,-81.3349,-0.2948,17,0.4250,0.6667,6,8,5,0,0,8,5,0.3750
4,284.0000,31,37,720.2968,-86.8793,-0.1488,5,0.1250,1.0000,8,4,4,0,0,4,4,0.0000
4,284.0000,31,38,405.6285,-81.8918,0.1065,22,0.5500,0.7143,7,6,4,0,0,6,4,0.3333
4,284.0000,31,39,720.5764,-87.3832,-0.3667,7,0.1750,0.8750,8,4,4,0,0,4,4,0.0000
4,284.0000,31,42,636.1272,-84.6958,-0.2311,8,0.2000,0.8571,7,8,7,0,0,8,7,0.1250
4,284.0000,31,43,847.1126,-87.6373,-0.2066,4,0.1000,1.0000,4,8,8,0,0,8,8,0.0000
4,284.0000,31,44,384.2091,-80.5948,-0.1150,18,0.4500,0.4286,7,6,3,0,0,6,3,0.5000
4,284.0000,31,46,504.4737,-84.3197,0.6169,12,0.3000,0.7500,4,8,7,0,0,8,7,0.1250
4,284.0000,31,47,257.0869,-74.2537,-1.9931,30,0.7500,0.5000,6,7,5,50,43,57,48,0.1579
4,284.0000,32,1,574.7724,-84.1209,0.5970,17,0.4250,0.8750,8,8,8,0,0,8,8,0.0000
4,284.0000,32,2,542.1394,-84.8212,-0.2226,11,0.2750,1.0000,8,8,8,0,0,8,8,0.0000
4,284.0000,32,3,442.1030,-84.5804,-0.0563,12,0.3000,0.8571,7,7,6,0,0,7,6,0.1429
4,284.0000,32,4,527.9026,-84.2086,-0.7076,18,0.4500,0.8889,9,3,2,0,0,3,2,0.3333
4,284.0000,32,6,530.5444,-82.8045,-1.5946,23,0.5750,0.6667,6,8,8,0,0,8,8,0.0000
4,284.0000,32,7,898.5954,-87.7900,0.7419,5,0.1250,0.5000,2,6,6,0,0,6,6,0.0000
4,284.0000,32,8,328.8172,-79.4771,0.6680,26,0.6500,0.6667,6,7,5,0,0,7,5,0.2857
4,284.0000,32,9,875.7633,-86.7632,0.6039,5,0.1250,,0,4,4,0,0,4,4,0.0000
4,284.0000,32,10,596.6989,-84.7535,0.3622,11,0.2750,1.0000,8,6,5,0,0,6,5,0.1667
4,284.0000,32,11,379.1682,-81.1598,-0.5960,20,0.5000,0.8571,7,6,4,0,0,6,4,0.3333
4,284.0000,32,12,1068.3955,-87.7054,-1.4672,3,0.0750,,0,7,6,0,0,7,6,0.1429
4,284.0000,32,13,638.6789,-85.1692,0.4807,17,0.4250,0.7143,7,7,6,0,0,7,6,0.1429
4,284.0000,32,14,775.6576,-85.8546,-0.7952,13,0.3250,0.7143,7,2,2,0,0,2,2,0.0000
4,284.0000,32,16,503.4788,-83.2968,-0.0021,17,0.4250,1.0000,8,8,7,0,0,8,7,0.1250
4,284.0000,32,17,779.0971,-87.0631,-0.0318,9,0.2250,1.0000,6,6,6,0,0,6,6,0.0000
4,284.0000,32,18,817.1608,-86.6318,-1.4167,6,0.1500,0.8750,8,8,8,0,0,8,8,0.0000
4,284.0000,32,20,476.7642,-84.1665,-0.3551,15,0.3750,0.7500,8,8,7,0,0,8,7,0.1250
4,284.0000,32,21,502.3427,-82.9631,0.4574,17,0.4250,1.0000,8,9,7,0,0,9,7,0.2222
4,284.0000,32,22,523.9553,-85.1774,0.4563,14,0.3500,0.8750,8,7,6,0,0,7,6,0.1429
4,284.0000,32,23,520.6437,-85.5250,-0.1091,8,0.2000,1.0000,6,6,3,0,0,6,3,0.5000
4,284.0000,32,24,170.9176,-76.0972,0.5798,35,0.8750,0.4000,5,5,1,0,0,5,1,0.8000
4,284.0000,32,25,368.3976,-79.5867,-0.7962,24,0.6000,1.0000,8,8,8,0,0,8,8,0.0000
4,284.0000,32,26,1060.8249,-88.5280,-0.1691,5,0.1250,1.0000,4,2,2,0,0,2,2,0.0000
4,284.0000,32,27,832.6765,-86.6252,-0.4426,8,0.2000,1.0000,6,2,2,0,0,2,2,0.0000
4,284.0000,32,28,993.1034,-86.9997,0.8708,3,0.0750,1.0000,4,6,6,0,0,6,6,0.0000
4,284.0000,32,30,1015.3230,-88.3947,0.8933,5,0.1250,1.0000,8,4,4,0,0,4,4,0.0000
4,284.0000,32,31,485.2504,-82.5424,-0.5473,21,0.5250,0.7143,7,6,6,0,0,6,6,0.0000
4,284.0000,32,33,864.5856,-88.6129,0.9263,6,0.1500,1.0000,4,8,8,0,0,8,8,0.0000
4,284.0000,32,36,680.6328,-86.2924,-0.8951,15,0.3750,0.8750,8,6,6,0,0,6,6,0.0000
4,284.0000,32,37,819.0811,-87.1279,1.1747,6,0.1500,1.0000,8,2,2,0,0,2,2,0.0000
4,284.0000,32,38,857.5735,-87.6655,-0.2733,6,0.1500,0.6667,3,6,6,0,0,6,6,0.0000
4,284.0000,32,42,650.4591,-85.0481,-1.1730,15,0.3750,1.0000,8,8,8,0,0,8,8,0.0000
4,284.0000,32,43,707.1076,-86.1768,0.7187,8,0.2000,1.0000,8,8,8,0,0,8,8,0.0000
4,284.0000,32,44,791.6904,-87.0162,-0.1451,12,0.3000,0.8750,8,8,8,0,0,8,8,0.0000
4,284.0000,32,45,695.2983,-85.0853,-1.0672,9,0.2250,1.0000,8,8,7,0,0,8,7,0.1250
4,284.0000,32,46,914.9118,-88.1158,-0.3525,9,0.2250,1.0000,4,4,4,0,0,4,4,0.0000
4,284.0000,32,47,476.9714,-81.0827,-1.1203,21,0.5250,1.0000,8,8,7,0,0,8,7,0.1250
4,284.0000,33,2,426.7021,-81.4612,-0.4166,12,0.3000,0.4000,5,8,7,0,0,8,7,0.1250
4,284.0000,33,3,505.6979,-83.0474,0.2524,9,0.2250,1.0000,8,7,6,0,0,7,6,0.1429
4,284.0000,33,5,733.0159,-86.5185,0.6978,7,0.1750,0.8750,8,4,4,0,0,4,4,0.0000
4,284.0000,33,7,215.1087,-74.3529,-1.6881,36,0.9000,0.0000,4,4,0,0,0,4,0,1.0000
4,284.0000,33,8,799.5240,-87.4752,-0.6084,3,0.0750,1.0000,6,8,7,0,0,8,7,0.1250
4,284.0000,33,10,889.4720,-89.5199,-0.2236,3,0.0750,1.0000,8,6,6,0,0,6,6,0.0000
4,284.0000,33,11,601.5112,-86.6799,-0.9076,4,0.1000,1.0000,62,8,8,10,10,18,18,0.0000
4,284.0000,33,12,269.4380,-76.6818,-1.0559,33,0.8250,0.0000,4,5,1,0,0,5,1,0.8000
4,284.0000,33,17,585.1564,-84.7243,0.2040,9,0.2250,1.0000,8,8,7,0,0,8,7,0.1250
4,284.0000,33,18,703.9374,-86.6598,0.9508,6,0.1500,1.0000,8,8,7,0,0,8,7,0.1250
4,284.0000,33,20,608.7858,-87.1717,1.1006,5,0.1250,1.0000,8,7,6,0,0,7,6,0.1429
4,284.0000,33,22,523.3596,-83.0278,0.0268,10,0.2500,0.8571,7,8,8,0,0,8,8,0.0000
4,284.0000,33,23,522.8710,-83.0554,-0.1899,12,0.3000,1.0000,8,8,8,63,60,71,68,0.0423
4,284.0000,33,24,914.6158,-88.2317,0.6384,3,0.0750,1.0000,8,6,6,0,0,6,6,0.0000
4,284.0000,33,26,374.0933,-83.8649,1.3305,19,0.4750,0.5714,7,5,2,0,0,5,2,0.6000
4,284.0000,33,29,152.1358,-74.0477,0.4592,35,0.8750,0.0000,4,4,0,0,0,4,0,1.0000
4,284.0000,33,34,391.0722,-81.9483,0.3346,18,0.4500,0.6667,6,7,6,0,0,7,6,0.1429
4,284.0000,33,35,335.9058,-82.1046,0.8797,20,0.5000,0.7143,7,6,1,0,0,6,1,0.8333
4,284.0000,33,41,506.0033,-83.6865,0.8880,17,0.4250,0.8571,7,8,7,0,0,8,7,0.1250
4,284.0000,33,43,445.2738,-82.2916,-0.3132,16,0.4000,1.0000,8,6,3,0,0,6,3,0.5000
4,284.0000,33,45,360.8552,-80.8469,-0.0836,12,0.3000,1.0000,8,7,5,0,0,7,5,0.2857
4,284.0000,34,3,809.7880,-86.7275,-0.0946,3,0.0732,1.0000,8,8,8,0,0,8,8,0.0000
4,284.0000,34,5,396.3961,-80.3432,-0.0505,30,0.7317,0.5000,6,7,3,0,0,7,3,0.5714
4,284.0000,34,7,565.2950,-83.6353,-1.0550,11,0.2683,0.9000,10,6,6,0,0,6,6,0.0000
4,284.0000,34,12,518.8718,-84.3653,0.6797,13,0.3171,1.0000,6,7,6,0,0,7,6,0.1429
4,284.0000,34,18,546.4820,-83.5226,2.1036,4,0.0976,1.0000,8,7,6,0,0,7,6,0.1429
4,284.0000,34,23,814.5296,-87.4569,1.0230,3,0.0732,0.8750,8,8,8,0,0,8,8,0.0000
4,284.0000,34,26,215.4813,-77.7743,0.3919,34,0.8293,0.0000,4,4,0,0,0,4,0,1.0000
4,284.0000,34,29,366.6600,-81.7118,0.2228,24,0.5854,0.6667,6,6,2,0,0,6,2,0.6667
4,284.0000,34,33,391.0722,-82.9636,0.5437,17,0.4146,0.8571,7,8,6,0,0,8,6,0.2500
4,284.0000,34,35,158.3633,-72.3032,0.4614,33,0.8049,0.0000,4,6,3,0,0,6,3,0.5000
4,284.0000,34,41,269.7079,-78.5830,0.1484,33,0.8049,0.5000,6,7,4,0,0,7,4,0.4286
4,284.0000,34,43,474.4309,-84.4153,0.7135,10,0.2439,0.8571,7,8,8,0,0,8,8,0.0000
4,284.0000,35,2,613.0542,-84.9115,-0.0971,6,0.1500,1.0000,8,8,8,0,0,8,8,0.0000
4,284.0000,35,3,782.5817,-87.4356,-0.1359,3,0.0750,1.0000,8,7,6,0,0,7,6,0.1429
4,284.0000,35,5,481.9361,-81.5695,-0.6813,27,0.6750,0.4000,5,8,8,0,0,8,8,0.0000
4,284.0000,35,7,519.6428,-83.7904,0.6495,17,0.4250,1.0000,8,5,1,0,0,5,1,0.8000
4,284.0000,35,11,751.0310,-85.6091,0.1206,4,0.1000,1.0000,8,8,8,0,0,8,8,0.0000
4,284.0000,35,12,388.4753,-82.1952,0.3451,23,0.5750,0.7143,7,6,3,0,0,6,3,0.5000
4,284.0000,35,17,595.1844,-85.4298,0.4520,9,0.2250,0.8571,7,6,6,0,0,6,6,0.0000
4,284.0000,35,18,622.8280,-85.2086,0.5838,7,0.1750,1.0000,8,8,8,0,0,8,8,0.0000
4,284.0000,35,22,729.5272,-86.3142,0.7409,5,0.1250,1.0000,8,7,6,0,0,7,6,0.1429
4,284.0000,35,23,766.4773,-86.4111,-0.1372,6,0.1500,1.0000,8,6,6,0,0,6,6,0.0000
4,284.0000,35,26,112.7792,-70.5491,-0.2599,34,0.8500,0.2000,5,6,2,0,0,6,2,0.6667
4,284.0000,35,29,282.7398,-80.0040,0.2225,31,0.7750,0.5000,6,4,0,0,0,4,0,1.0000
4,284.0000,35,33,335.9058,-82.4483,0.9742,20,0.5000,0.8750,8,5,1,0,0,5,1,0.8000
4,284.0000,35,34,158.3633,-72.9655,0.1963,35,0.8750,0.0000,4,4,0,0,0,4,0,1.0000
4,284.0000,35,37,764.4677,-86.1507,-0.1742,4,0.1000,1.0000,8,8,8,0,0,8,8,0.0000
4,284.0000,35,41,247.2264,-76.0004,-1.1574,34,0.8500,0.0000,4,5,2,0,0,5,2,0.6000
4,284.0000,35,43,469.5581,-82.1517,0.3471,9,0.2250,0.8571,7,7,6,0,0,7,6,0.1429
4,284.0000,35,45,544.1091,-84.4964,0.7899,11,0.2750,1.0000,10,5,2,0,0,5,2,0.6000
4,284.0000,36,0,571.0360,-85.7255,0.5423,13,0.3250,0.7143,7,6,6,0,0,6,6,0.0000
4,284.0000,36,1,177.4272,-74.3175,0.0911,32,0.8000,0.4000,5,4,0,0,0,4,0,1.0000
4,284.0000,36,4,446.6902,-82.8859,1.1051,15,0.3750,0.8571,7,7,6,0,0,7,6,0.1429
4,284.0000,36,6,465.7372,-82.5059,0.3904,18,0.4500,0.8750,8,7,6,0,0,7,6,0.1429
4,284.0000,36,8,661.6507,-85.3069,0.4680,5,0.1250,1.0000,8,8,8,0,0,8,8,0.0000
4,284.0000,36,9,426.9050,-82.9409,0.0531,16,0.4000,0.7143,7,7,5,0,0,7,5,0.2857
4,284.0000,36,10,661.0098,-87.2313,0.7542,3,0.0750,0.8750,8,8,7,0,0,8,7,0.1250
4,284.0000,36,13,94.0728,-69.3194,0.3953,34,0.8500,0.3333,6,5,1,0,0,5,1,0.8000
4,284.0000,36,14,580.7062,-85.8139,0.1121,11,0.2750,0.8750,8,7,6,0,0,7,6,0.1429
4,284.0000,36,15,808.3819,-86.6059,-0.8153,8,0.2000,0.8750,8,4,4,0,0,4,4,0.0000
4,284.0000,36,16,350.2608,-81.2108,1.0183,14,0.3500,0.8571,7,5,2,0,0,5,2,0.6000
4,284.0000,36,19,751.2775,-85.9190,-0.5521,14,0.3500,1.0000,8,8,8,0,0,8,8,0.0000
4,284.0000,36,21,363.9775,-80.1515,-0.2697,19,0.4750,0.8571,7,6,4,0,0,6,4,0.3333
4,284.0000,36,24,779.4243,-86.0654,-0.2222,5,0.1250,1.0000,8,6,6,0,0,6,6,0.0000
4,284.0000,36,25,344.2113,-79.4566,-0.5838,19,0.4750,0.5000,4,9,7,0,0,9,7,0.2222
4,284.0000,36,27,835.0440,-88.3485,-0.0261,7,0.1750,1.0000,8,6,6,0,0,6,6,0.0000
4,284.0000,36,28,431.9159,-82.2741,-0.7173,19,0.4750,0.6667,6,8,7,0,0,8,7,0.1250
4,284.0000,36,30,374.7206,-82.3055,0.2970,20,0.5000,0.9000,10,7,5,0,0,7,5,0.2857
4,284.0000,36,31,317.3925,-79.3016,0.1671,21,0.5250,0.4000,5,7,5,0,0,7,5,0.2857
4,284.0000,36,32,680.6328,-86.2916,-1.1728,8,0.2000,0.8750,8,8,8,0,0,8,8,0.0000
4,284.0000,36,38,509.5644,-83.6630,0.5947,12,0.3000,0.8571,7,7,6,0,0,7,6,0.1429
4,284.0000,36,39,571.0369,-85.9098,0.0295,15,0.3750,1.0000,8,7,5,0,0,7,5,0.2857
4,284.0000,36,40,643.6024,-86.2724,0.4520,10,0.2500,1.0000,8,6,4,0,0,6,4,0.3333
4,284.0000,36,42,475.7213,-80.5471,-0.1441,24,0.6000,0.6667,6,6,3,0,0,6,3,0.5000
4,284.0000,36,44,470.5475,-82.2518,0.3641,12,0.3000,0.8571,7,8,7,0,0,8,7,0.1250
4,284.0000,36,46,303.7403,-79.7320,0.5310,22,0.5500,0.8750,8,5,2,0,0,5,2,0.6000
4,284.0000,36,47,275.5012,-78.0180,-0.4247,29,0.7250,0.6667,6,6,4,0,0,6,4,0.3333
4,284.0000,37,2,641.9720,-86.0657,1.5691,5,0.1250,1.0000,8,8,8,0,0,8,8,0.0000
4,284.0000,37,3,844.4504,-88.6570,0.5993,3,0.0750,1.0000,8,6,6,0,0,6,6,0.0000
4,284.0000,37,5,489.1334,-83.5139,0.0460,17,0.4250,0.8571,7,8,8,0,0,8,8,0.0000
4,284.0000,37,8,741.7942,-87.1975,0.4640,3,0.0750,1.0000,6,8,8,0,0,8,8,0.0000
4,284.0000,37,10,390.2076,-82.2965,1.1041,11,0.2750,1.0000,8,8,7,0,0,8,7,0.1250
4,284.0000,37,11,508.2309,-84.6286,0.1751,6,0.1500,1.0000,8,9,7,0,0,9,7,0.2222
4,284.0000,37,14,554.6006,-84.0096,0.5847,9,0.2250,0.8750,8,8,7,0,0,8,7,0.1250
4,284.0000,37,16,662.0183,-86.1205,0.7121,8,0.2000,1.0000,8,6,6,0,0,6,6,0.0000
4,284.0000,37,17,529.2566,-85.0173,0.5187,9,0.2250,0.8571,7,8,8,0,0,8,8,0.0000
4,284.0000,37,18,146.6132,-73.2818,0.7641,35,0.8750,0.0000,4,5,1,0,0,5,1,0.8000
4,284.0000,37,23,829.8319,-86.9163,0.6416,4,0.1000,0.8000,5,7,6,0,0,7,6,0.1429
4,284.0000,37,26,697.1015,-86.2575,1.0753,9,0.2250,1.0000,8,8,7,0,0,8,7,0.1250
4,284.0000,37,27,245.6809,-79.2262,0.5617,24,0.6000,0.7143,7,4,0,0,0,4,0,1.0000
4,284.0000,37,29,926.1161,-88.4527,0.8626,3,0.0750,1.0000,2,6,6,0,0,6,6,0.0000
4,284.0000,37,31,720.2968,-87.7138,-0.0360,4,0.1000,1.0000,8,8,8,0,0,8,8,0.0000
4,284.0000,37,32,819.0811,-87.1426,1.8193,3,0.0750,1.0000,9,7,7,0,0,7,7,0.0000
4,284.0000,37,33,834.8783,-87.4561,0.8823,3,0.0750,1.0000,4,8,8,0,0,8,8,0.0000
4,284.0000,37,34,692.3112,-86.3184,0.2435,6,0.1500,0.8750,8,2,1,0,0,2,1,0.5000
4,284.0000,37,35,764.4677,-86.8300,0.6693,8,0.2000,0.8750,8,4,4,0,0,4,4,0.0000
4,284.0000,37,38,666.1580,-84.6518,0.3000,6,0.1500,0.8571,7,8,8,0,0,8,8,0.0000
4,284.0000,37,41,592.0296,-85.8483,1.2049,9,0.2250,1.0000,8,8,7,0,0,8,7,0.1250
4,284.0000,37,43,442.1494,-83.3398,0.6668,10,0.2500,1.0000,8,8,8,0,0,8,8,0.0000
4,284.0000,37,44,627.0059,-86.0218,0.1561,6,0.1500,1.0000,8,9,8,0,0,9,8,0.1111
4,284.0000,37,45,741.0165,-86.5612,-0.5487,6,0.1500,1.0000,8,8,8,0,0,8,8,0.0000
4,284.0000,37,47,960.5364,-89.2484,-0.0305,3,0.0750,1.0000,4,6,6,0,0,6,6,0.0000
4,284.0000,38,0,877.9123,-87.7487,1.0145,4,0.1000,1.0000,8,4,4,0,0,4,4,0.0000
4,284.0000,38,1,413.6348,-82.9800,-0.4593,9,0.2250,0.8750,8,5,1,0,0,5,1,0.8000
4,284.0000,38,6,847.8984,-86.9015,2.3814,4,0.1000,1.0000,6,8,8,0,0,8,8,0.0000
4,284.0000,38,9,153.5809,-75.1077,1.1152,30,0.7500,0.4000,5,5,1,0,0,5,1,0.8000
4,284.0000,38,10,501.0979,-83.6150,-1.0452,8,0.2000,1.0000,8,8,8,0,0,8,8,0.0000
4,284.0000,38,11,801.4051,-86.1820,-3.0851,3,0.0750,1.0000,8,8,8,0,0,8,8,0.0000
4,284.0000,38,13,476.0672,-83.6313,-0.3408,7,0.1750,1.0000,8,8,7,0,0,8,7,0.1250
4,284.0000,38,14,183.5856,-75.0657,0.0719,33,0.8250,0.0000,4,4,0,0,0,4,0,1.0000
4,284.0000,38,16,415.1326,-81.3304,-1.8132,11,0.2750,0.6667,6,7,6,0,0,7,6,0.1429
4,284.0000,38,18,800.0993,-86.9417,0.6880,5,0.1250,1.0000,8,4,4,0,0,4,4,0.0000
4,284.0000,38,21,633.0629,-85.1544,0.9018,5,0.1250,0.8750,8,8,8,0,0,8,8,0.0000
4,284.0000,38,25,542.2149,-83.0246,-1.2510,7,0.1750,0.8571,7,7,6,0,0,7,6,0.1429
4,284.0000,38,27,488.0055,-82.3965,-0.5870,17,0.4250,0.3333,6,8,7,0,0,8,7,0.1250
4,284.0000,38,28,773.1477,-86.3965,-1.6254,3,0.0750,1.0000,6,6,6,0,0,6,6,0.0000
4,284.0000,38,30,436.3183,-83.2532,0.8820,10,0.2500,1.0000,8,9,7,0,0,9,7,0.2222
4,284.0000,38,31,405.6285,-81.6765,-0.6850,9,0.2250,0.8571,7,7,6,0,0,7,6,0.1429
4,284.0000,38,32,857.5735,-87.1621,-2.2300,3,0.0750,0.8571,7,6,6,0,0,6,6,0.0000
4,284.0000,38,36,509.5644,-83.6156,0.1562,6,0.1500,1.0000,8,8,8,0,0,8,8,0.0000
4,284.0000,38,37,666.1580,-86.2803,0.6838,6,0.1500,1.0000,8,6,6,0,0,6,6,0.0000
4,284.0000,38,39,659.6598,-86.8747,0.3599,6,0.1500,0.8333,6,7,6,0,0,7,6,0.1429
4,284.0000,38,44,179.0756,-73.4181,0.1779,33,0.8250,0.0000,4,7,5,0,0,7,5,0.2857
4,284.0000,38,46,565.4738,-84.9800,0.5076,7,0.1750,1.0000,4,7,5,0,0,7,5,0.2857
4,284.0000,38,47,621.8517,-83.8686,0.2651,5,0.1250,1.0000,8,8,8,0,0,8,8,0.0000
4,284.0000,39,0,406.4973,-81.3305,0.1121,29,0.7250,0.5000,6,7,6,0,0,7,6,0.1429
4,284.0000,39,1,619.1484,-87.2432,0.9118,7,0.1750,1.0000,8,8,6,0,0,8,6,0.2500
4,284.0000,39,6,796.3857,-88.2172,-0.6937,4,0.1000,1.0000,6,8,8,0,0,8,8,0.0000
4,284.0000,39,9,620.6301,-85.3584,0.2810,7,0.1750,1.0000,8,8,8,0,0,8,8,0.0000
4,284.0000,39,13,555.2606,-84.8094,-0.0196,6,0.1500,1.0000,8,8,8,0,0,8,8,0.0000
4,284.0000,39,15,519.9226,-83.0855,0.1161,25,0.6250,0.5714,7,7,6,0,0,7,6,0.1429
4,284.0000,39,19,534.5218,-83.5520,-0.0820,27,0.6750,0.8571,7,7,6,0,0,7,6,0.1429
4,284.0000,39,25,852.9506,-88.3079,-0.2245,3,0.0750,1.0000,8,8,8,0,0,8,8,0.0000
4,284.0000,39,28,337.9542,-79.6801,-0.0925,28,0.7000,0.8750,8,5,2,0,0,5,2,0.6000
4,284.0000,39,30,352.5223,-80.8089,0.3026,17,0.4250,0.3333,6,7,6,0,0,7,6,0.1429
4,284.0000,39,31,720.5764,-85.9748,0.6607,5,0.1250,1.0000,8,8,8,0,0,8,8,0.0000
4,284.0000,39,36,571.0369,-86.8394,-0.0136,6,0.1500,1.0000,8,8,8,0,0,8,8,0.0000
4,284.0000,39,38,659.6598,-87.8911,1.6632,3,0.0750,1.0000,8,8,8,0,0,8,8,0.0000
4,284.0000,39,40,316.3103,-79.7899,-1.0485,34,0.8500,0.5714,7,6,3,0,0,6,3,0.5000
4,284.0000,39,44,759.6322,-86.5342,-1.4895,5,0.1250,1.0000,8,8,8,0,0,8,8,0.0000
4,284.0000,39,46,276.3755,-78.7845,0.3815,25,0.6250,0.0000,4,7,6,0,0,7,6,0.1429
4,284.0000,39,47,699.1681,-87.6657,-1.3130,3,0.0750,1.0000,8,9,8,0,0,9,8,0.1111
4,284.0000,40,0,192.8520,-74.4359,-0.2397,37,0.9250,0.2000,5,4,0,0,0,4,0,1.0000
4,284.0000,40,9,739.2605,-86.3877,-0.7418,5,0.1250,0.8750,8,7,6,0,0,7,6,0.1429
4,284.0000,40,13,673.7127,-85.8200,-6.4550,3,0.0750,1.0000,6,8,8,57,55,65,63,0.0308
4,284.0000,40,15,467.5469,-82.8214,-0.2364,29,0.7250,0.6667,6,7,5,0,0,7,5,0.2857
4,284.0000,40,19,492.7130,-84.5025,0.0140,15,0.3750,0.8571,7,8,7,0,0,8,7,0.1250
4,284.0000,40,28,397.9979,-81.7673,-0.1329,18,0.4500,0.4000,5,6,3,0,0,6,3,0.5000
4,284.0000,40,30,407.8369,-80.9184,0.0326,25,0.6250,0.3333,6,7,6,0,0,7,6,0.1429
4,284.0000,40,31,891.1839,-87.4709,1.0299,3,0.0750,1.0000,6,8,8,0,0,8,8,0.0000
4,284.0000,40,36,643.6024,-84.6206,1.0080,5,0.1250,0.8571,7,8,8,0,0,8,8,0.0000
4,284.0000,40,38,831.9589,-87.2409,-1.1076,3,0.0750,1.0000,2,8,7,0,0,8,7,0.1250
4,284.0000,40,39,316.3103,-79.8856,-0.6249,30,0.7500,0.0000,4,6,3,0,0,6,3,0.5000
4,284.0000,40,46,405.7959,-82.5071,-0.6446,19,0.4750,0.8750,8,7,6,0,0,7,6,0.1429
4,284.0000,41,2,610.5237,-84.4783,0.4279,4,0.1000,1.0000,8,7,6,0,0,7,6,0.1429
4,284.0000,41,3,832.4727,-86.1970,1.2068,3,0.0750,1.0000,8,8,8,0,0,8,8,0.0000
4,284.0000,41,5,306.9016,-77.9024,-0.6508,35,0.8750,0.3333,6,5,1,0,0,5,1,0.8000
4,284.0000,41,7,716.0286,-85.3758,-0.0238,8,0.2000,1.0000,8,8,8,0,0,8,8,0.0000
4,284.0000,41,11,707.9794,-87.4415,-2.1185,4,0.1000,1.0000,8,8,8,0,0,8,8,0.0000
4,284.0000,41,12,567.2280,-84.8840,-0.4646,13,0.3250,1.0000,8,6,4,0,0,6,4,0.3333
4,284.0000,41,17,474.5247,-82.8198,0.7984,11,0.2750,0.8750,8,8,8,0,0,8,8,0.0000
4,284.0000,41,18,466.0079,-83.1831,0.5565,9,0.2250,0.7143,7,6,4,0,0,6,4,0.3333
4,284.0000,41,20,947.2586,-86.9904,-0.2272,4,0.1000,1.0000,2,8,8,0,0,8,8,0.0000
4,284.0000,41,22,727.2193,-86.7175,3.1996,3,0.0750,0.8750,8,8,8,0,0,8,8,0.0000
4,284.0000,41,23,791.9747,-86.6947,1.4528,3,0.0750,1.0000,8,8,8,0,0,8,8,0.0000
4,284.0000,41,26,157.3044,-71.1728,-0.7501,34,0.8500,0.0000,5,4,0,0,0,4,0,1.0000
4,284.0000,41,29,504.0715,-83.1748,-0.4138,12,0.3000,0.8750,8,8,8,0,0,8,8,0.0000
4,284.0000,41,33,506.0033,-84.4920,1.0385,14,0.3500,0.8571,7,7,6,0,0,7,6,0.1429
4,284.0000,41,34,269.7079,-79.4793,0.3315,32,0.8000,0.6667,6,5,2,0,0,5,2,0.6000
4,284.0000,41,35,247.2264,-75.7011,-0.6062,35,0.8750,0.0000,4,6,4,0,0,6,4,0.3333
4,284.0000,41,37,592.0296,-83.5241,-0.8062,10,0.2500,0.6667,6,8,8,0,0,8,8,0.0000
4,284.0000,41,43,386.4177,-81.1936,0.4753,12,0.3000,1.0000,8,7,6,0,0,7,6,0.1429
4,284.0000,41,45,567.8495,-84.7106,0.5049,6,0.1500,1.0000,8,7,6,0,0,7,6,0.1429
4,284.0000,42,0,769.2733,-86.8435,-0.1520,7,0.1750,1.0000,8,8,8,0,0,8,8,0.0000
4,284.0000,42,1,562.0515,-84.3467,-0.7192,13,0.3250,1.0000,8,8,8,0,0,8,8,0.0000
4,284.0000,42,3,961.0322,-89.1185,0.3020,3,0.0750,1.0000,8,4,4,0,0,4,4,0.0000
4,284.0000,42,4,304.2560,-78.8774,-0.5643,23,0.5750,0.5714,7,8,6,0,0,8,6,0.2500
4,284.0000,42,6,367.0314,-80.4446,0.4008,24,0.6000,0.8571,7,8,7,0,0,8,7,0.1250
4,284.0000,42,8,688.9607,-85.4674,-0.1109,9,0.2250,1.0000,8,8,6,0,0,8,6,0.2500
4,284.0000,42,9,891.9445,-87.2882,0.0840,4,0.1000,1.0000,4,8,8,0,0,8,8,0.0000
4,284.0000,42,10,940.2474,-88.0228,0.6403,3,0.0750,1.0000,8,4,4,0,0,4,4,0.0000
4,284.0000,42,11,940.5359,-86.4030,-0.5187,4,0.1000,1.0000,6,8,8,0,0,8,8,0.0000
4,284.0000,42,13,504.9614,-83.4137,-0.5500,13,0.3250,0.8750,8,7,6,0,0,7,6,0.1429
4,284.0000,42,15,888.5617,-88.4497,0.0967,4,0.1000,1.0000,6,2,2,0,0,2,2,0.0000
4,284.0000,42,16,657.2764,-85.5216,-0.1770,8,0.2000,1.0000,8,8,8,0,0,8,8,0.0000
4,284.0000,42,19,798.5366,-87.2274,-0.2938,8,0.2000,1.0000,8,6,6,0,0,6,6,0.0000
4,284.0000,42,20,909.4211,-87.9098,0.2543,5,0.1250,1.0000,6,8,8,0,0,8,8,0.0000
4,284.0000,42,21,499.3256,-82.8563,-0.0645,12,0.3000,0.8571,7,7,6,0,0,7,6,0.1429
4,284.0000,42,22,979.8507,-88.6182,-1.5584,4,0.1000,1.0000,4,6,6,0,0,6,6,0.0000
4,284.0000,42,24,641.1154,-85.0253,2.3627,7,0.1750,1.0000,8,8,8,0,0,8,8,0.0000
4,284.0000,42,25,540.0063,-84.3583,-1.0915,13,0.3250,0.8750,8,8,8,0,0,8,8,0.0000
4,284.0000,42,28,621.0845,-85.4437,0.3249,12,0.3000,1.0000,8,8,8,0,0,8,8,0.0000
4,284.0000,42,30,815.0186,-86.8655,-0.2184,7,0.1750,0.8750,8,8,8,0,0,8,8,0.0000
4,284.0000,42,31,636.1272,-84.8975,-0.8277,10,0.2500,1.0000,8,8,8,0,0,8,8,0.0000
4,284.0000,42,32,650.4591,-85.7467,-1.4939,9,0.2250,1.0000,8,5,4,0,0,5,4,0.2000
4,284.0000,42,36,475.7213,-81.7428,-0.6979,20,0.5000,0.7143,7,8,8,0,0,8,8,0.0000
4,284.0000,42,39,917.9559,-87.8149,-0.5444,6,0.1500,1.0000,4,4,4,0,0,4,4,0.0000
4,284.0000,42,44,899.5945,-87.7356,0.0103,5,0.1250,0.8571,7,8,8,0,0,8,8,0.0000
4,284.0000,42,46,655.5928,-85.4622,0.6225,11,0.2750,1.0000,4,8,7,0,0,8,7,0.1250
4,284.0000,42,47,420.3865,-82.7480,0.1518,16,0.4000,0.6667,6,7,6,0,0,7,6,0.1429
4,284.0000,43,1,960.3889,-87.5547,-0.0011,4,0.1000,0.8000,5,4,4,0,0,4,4,0.0000
4,284.0000,43,2,263.6835,-78.3944,-0.2739,28,0.7000,0.6667,6,6,2,0,0,6,2,0.6667
4,284.0000,43,3,504.7446,-83.9406,-0.9921,15,0.3750,0.8750,8,8,6,0,0,8,6,0.2500
4,284.0000,43,5,540.6038,-84.2140,0.1884,20,0.5000,0.8750,8,7,6,0,0,7,6,0.1429
4,284.0000,43,7,635.8361,-84.7072,-0.3706,14,0.3500,1.0000,8,8,7,0,0,8,7,0.1250
4,284.0000,43,8,559.5159,-85.4882,0.6593,9,0.2250,0.8000,5,7,6,0,0,7,6,0.1429
4,284.0000,43,10,473.3814,-84.0135,-1.7708,7,0.1750,0.8750,8,7,5,0,0,7,5,0.2857
4,284.0000,43,11,332.7797,-80.0294,-0.5073,18,0.4500,0.7143,7,7,5,0,0,7,5,0.2857
4,284.0000,43,12,598.1731,-83.4638,-1.5158,14,0.3500,0.8750,8,8,8,0,0,8,8,0.0000
4,284.0000,43,16,739.9115,-87.3060,0.8914,3,0.0750,1.0000,8,8,8,0,0,8,8,0.0000
4,284.0000,43,17,223.5349,-76.5548,-0.1819,34,0.8500,0.2000,5,4,0,0,0,4,0,1.0000
4,284.0000,43,18,345.4956,-82.1167,0.5464,19,0.4750,0.7143,7,6,4,0,0,6,4,0.3333
4,284.0000,43,20,621.9412,-83.5923,-0.2617,9,0.2250,1.0000,8,8,7,0,0,8,7,0.1250
4,284.0000,43,21,815.4383,-87.4562,3.1426,3,0.0750,1.0000,4,8,8,0,0,8,8,0.0000
4,284.0000,43,22,385.2473,-79.6822,-1.2590,22,0.5500,0.7143,7,8,8,0,0,8,8,0.0000
4,284.0000,43,23,465.0486,-81.9544,-0.4339,18,0.4500,0.6667,6,7,5,0,0,7,5,0.2857
4,284.0000,43,24,830.5379,-87.7134,-0.1410,4,0.1000,0.8571,7,8,8,0,0,8,8,0.0000
4,284.0000,43,25,776.4745,-88.6091,0.5391,3,0.0750,,0,6,6,0,0,6,6,0.0000
4,284.0000,43,26,399.3711,-80.5907,-0.8591,25,0.6250,0.6667,6,7,3,0,0,7,3,0.5714
4,284.0000,43,27,550.5289,-86.6599,0.4227,6,0.1500,0.8750,8,3,2,0,0,3,2,0.3333
4,284.0000,43,29,550.9850,-83.0711,-0.8654,19,0.4750,1.0000,6,7,5,0,0,7,5,0.2857
4,284.0000,43,32,707.1076,-85.9856,-0.2392,4,0.1000,1.0000,8,8,8,0,0,8,8,0.0000
4,284.0000,43,33,445.2738,-82.5797,-0.1221,17,0.4250,0.5000,6,6,3,0,0,6,3,0.5000
4,284.0000,43,34,474.4309,-83.3670,-0.0953,20,0.5000,0.6250,8,7,6,0,0,7,6,0.1429
4,284.0000,43,35,469.5581,-82.5176,-0.9570,28,0.7000,0.5000,6,8,8,0,0,8,8,0.0000
4,284.0000,43,37,442.1494,-83.7168,1.5014,12,0.3000,0.8750,8,8,7,0,0,8,7,0.1250
4,284.0000,43,38,952.7155,-88.8364,-0.0622,3,0.0750,,0,4,4,0,0,4,4,0.0000
4,284.0000,43,41,386.4177,-82.2053,0.2101,21,0.5250,0.5714,7,8,7,0,0,8,7,0.1250
4,284.0000,43,44,848.1146,-88.8994,-1.0100,3,0.0750,1.0000,4,8,8,0,0,8,8,0.0000
4,284.0000,43,45,310.1219,-78.2389,-0.5186,28,0.7000,0.6667,6,8,8,0,0,8,8,0.0000
4,284.0000,44,0,901.4887,-87.2522,-0.2507,4,0.1000,1.0000,8,8,8,0,0,8,8,0.0000
4,284.0000,44,1,390.4294,-80.8734,-0.0652,14,0.3500,0.7143,7,6,3,0,0,6,3,0.5000
4,284.0000,44,4,735.8327,-86.7804,0.1975,5,0.1250,1.0000,6,6,6,0,0,6,6,0.0000
4,284.0000,44,6,840.2841,-86.7707,0.0174,5,0.1250,1.0000,6,4,4,0,0,4,4,0.0000
4,284.0000,44,8,681.3767,-86.1691,-1.9779,3,0.0750,1.0000,10,6,6,0,0,6,6,0.0000
4,284.0000,44,9,154.2168,-73.3879,-0.2546,33,0.8250,0.0000,4,4,0,0,0,4,0,1.0000
4,284.0000,44,10,378.4050,-82.2789,1.4656,12,0.3000,0.8750,8,6,3,0,0,6,3,0.5000
4,284.0000,44,13,459.5463,-82.0656,0.3327,12,0.3000,0.8750,8,7,6,0,0,7,6,0.1429
4,284.0000,44,14,288.4373,-79.1549,0.3063,24,0.6000,0.6667,6,7,4,0,0,7,4,0.4286
4,284.0000,44,16,307.2763,-78.6006,0.6458,19,0.4750,0.8571,7,7,4,0,0,7,4,0.4286
4,284.0000,44,18,750.0673,-86.6204,4.4887,4,0.1000,1.0000,8,6,6,0,0,6,6,0.0000
4,284.0000,44,21,503.3218,-83.1246,1.2537,9,0.2250,0.8750,8,8,8,0,0,8,8,0.0000
4,284.0000,44,25,464.5888,-82.6951,1.2434,11,0.2750,0.8750,8,8,7,0,0,8,7,0.1250
4,284.0000,44,27,419.7533,-81.7697,0.8276,18,0.4500,0.8571,7,8,5,0,0,8,5,0.3750
4,284.0000,44,28,815.3153,-87.6464,-0.1816,6,0.1500,1.0000,8,4,4,0,0,4,4,0.0000
4,284.0000,44,30,474.8371,-82.1715,1.2089,13,0.3250,0.7143,7,8,8,0,0,8,8,0.0000
4,284.0000,44,31,384.2091,-81.4224,1.1112,13,0.3250,0.8750,8,7,5,0,0,7,5,0.2857
4,284.0000,44,32,791.6904,-86.4683,0.4475,4,0.1000,0.8571,7,8,8,0,0,8,8,0.0000
4,284.0000,44,36,470.5475,-82.4860,0.3559,13,0.3250,1.0000,8,8,7,0,0,8,7,0.1250
4,284.0000,44,37,627.0059,-87.5393,1.1361,6,0.1500,0.7500,8,8,8,0,0,8,8,0.0000
4,284.0000,44,38,179.0756,-73.9162,-0.6011,34,0.8500,0.3333,6,4,0,0,0,4,0,1.0000
4,284.0000,44,39,759.6322,-87.0167,-0.7295,9,0.2250,1.0000,8,6,6,0,0,6,6,0.0000
4,284.0000,44,40,882.2334,-87.1949,-3.2090,5,0.1250,1.0000,6,8,8,0,0,8,8,0.0000
4,284.0000,44,42,899.5945,-85.6151,1.0726,3,0.0750,1.0000,8,6,6,0,0,6,6,0.0000
4,284.0000,44,46,613.3177,-84.7545,-0.4552,12,0.3000,0.8571,7,8,8,0,0,8,8,0.0000
4,284.0000,44,47,603.7359,-83.5726,1.1320,11,0.2750,0.8571,7,8,8,0,0,8,8,0.0000
4,284.0000,45,2,167.8565,-71.2029,-0.5940,40,1.0000,0.2000,5,8,6,0,0,8,6,0.2500
4,284.0000,45,3,325.0522,-79.4412,0.2449,30,0.7500,0.2000,5,8,8,0,0,8,8,0.0000
4,284.0000,45,7,490.4659,-84.2343,0.3907,18,0.4500,0.8571,7,4,0,0,0,4,0,1.0000
4,284.0000,45,8,512.9241,-81.8524,-0.1607,7,0.1750,1.0000,8,8,6,0,0,8,6,0.2500
4,284.0000,45,10,649.0411,-83.0817,-0.0961,5,0.1250,0.8750,8,8,8,0,0,8,8,0.0000
4,284.0000,45,11,422.1988,-80.7221,-0.4065,12,0.3000,0.6250,8,7,6,0,0,7,6,0.1429
4,284.0000,45,12,440.2784,-82.4978,-0.0425,23,0.5750,0.6667,6,5,2,0,0,5,2,0.6000
4,284.0000,45,17,326.0115,-77.3349,-0.5306,27,0.6750,0.5714,7,8,7,0,0,8,7,0.1250
4,284.0000,45,18,653.2208,-84.5449,0.8197,5,0.1250,0.8571,7,8,6,0,0,8,6,0.2500
4,284.0000,45,20,402.8517,-80.0185,-0.7322,18,0.4500,0.7143,7,8,7,0,0,8,7,0.1250
4,284.0000,45,22,206.9600,-70.0385,-3.6475,39,0.9750,0.0000,4,7,5,0,0,7,5,0.2857
4,284.0000,45,23,242.2753,-73.0836,-2.2318,40,1.0000,0.4000,5,7,5,0,0,7,5,0.2857
4,284.0000,45,24,769.0593,-86.8688,1.7833,5,0.1250,1.0000,8,8,8,0,0,8,8,0.0000
4,284.0000,45,26,498.6835,-84.0110,0.5649,13,0.3250,0.8571,7,8,8,0,0,8,8,0.0000
4,284.0000,45,29,478.0988,-83.8682,0.3743,15,0.3750,0.7143,7,6,4,0,0,6,4,0.3333
4,284.0000,45,31,960.4618,-88.3111,0.6200,3,0.0750,1.0000,6,4,4,0,0,4,4,0.0000
4,284.0000,45,32,695.2983,-86.3963,1.2863,4,0.1000,1.0000,6,10,10,0,0,10,10,0.0000
4,284.0000,45,33,360.8552,-82.5911,0.3951,18,0.4500,0.8750,8,6,4,0,0,6,4,0.3333
4,284.0000,45,34,613.1085,-85.1763,0.3427,10,0.2500,0.8333,6,8,8,0,0,8,8,0.0000
4,284.0000,45,35,544.1091,-85.8539,0.4732,14,0.3500,0.8750,8,6,4,0,0,6,4,0.3333
4,284.0000,45,37,741.0165,-85.8515,2.4608,4,0.1000,0.8571,7,8,8,0,0,8,8,0.0000
4,284.0000,45,41,567.8495,-84.2935,0.8659,10,0.2500,0.8571,7,8,8,0,0,8,8,0.0000
4,284.0000,45,43,310.1219,-77.9805,-0.4583,28,0.7000,0.4000,5,7,5,0,0,7,5,0.2857
4,284.0000,46,0,377.9704,-80.9133,0.2239,29,0.7250,0.0000,3,6,2,0,0,6,2,0.6667
4,284.0000,46,1,380.7016,-80.5091,1.6689,6,0.1500,1.0000,8,8,8,0,0,8,8,0.0000
4,284.0000,46,6,566.3466,-82.6616,-1.3316,3,0.0750,1.0000,8,7,6,0,0,7,6,0.1429
4,284.0000,46,9,501.9571,-83.1945,2.2944,3,0.0750,0.8000,5,8,8,0,0,8,8,0.0000
4,284.0000,46,13,295.7878,-79.7965,0.8007,16,0.4000,0.8571,7,6,2,0,0,6,2,0.6667
4,284.0000,46,15,568.5974,-84.0396,0.0187,18,0.4500,0.8571,7,8,7,0,0,8,7,0.1250
4,284.0000,46,19,535.5124,-82.8532,-0.3879,25,0.6250,0.8750,8,8,8,0,0,8,8,0.0000
4,284.0000,46,28,210.0687,-74.4312,-0.4185,35,0.8750,0.0000,4,7,6,0,0,7,6,0.1429
4,284.0000,46,30,269.4669,-78.5956,0.7812,27,0.6750,0.6667,6,6,3,0,0,6,3,0.5000
4,284.0000,46,31,504.4737,-84.3680,0.5699,3,0.0750,1.0000,8,8,8,0,0,8,8,0.0000
4,284.0000,46,36,303.7403,-79.6143,0.3143,14,0.3500,1.0000,8,7,3,0,0,7,3,0.5714
4,284.0000,46,39,276.3755,-78.3268,0.1416,32,0.8000,0.4000,5,6,2,0,0,6,2,0.6667
4,284.0000,46,40,405.7959,-81.7911,0.0966,21,0.5250,0.4000,5,6,4,0,0,6,4,0.3333
4,284.0000,46,47,448.2345,-80.9328,-0.0139,4,0.1000,1.0000,8,4,2,0,0,4,2,0.5000
4,284.0000,47,0,754.2036,-86.7622,-0.8059,11,0.2750,0.8750,8,8,7,0,0,8,7,0.1250
4,284.0000,47,1,220.2733,-74.9499,-0.8695,33,0.8250,0.4000,5,6,4,0,0,6,4,0.3333
4,284.0000,47,2,920.3213,-87.6853,0.4639,4,0.1000,1.0000,6,4,4,0,0,4,4,0.0000
4,284.0000,47,3,881.5052,-88.7653,-0.3459,5,0.1250,1.0000,8,8,8,0,0,8,8,0.0000
4,284.0000,47,4,439.8837,-82.9598,-0.1450,16,0.4000,1.0000,8,8,7,0,0,8,7,0.1250
4,284.0000,47,6,236.9412,-78.1272,0.4801,35,0.8750,0.5714,7,4,0,0,0,4,0,1.0000
4,284.0000,47,8,585.0856,-84.6901,-1.0216,11,0.2750,0.8571,7,8,8,0,0,8,8,0.0000
4,284.0000,47,9,601.0423,-84.0834,-0.6888,17,0.4250,0.8000,5,8,7,0,0,8,7,0.1250
4,284.0000,47,10,673.2236,-85.7630,-0.5402,9,0.2250,0.8571,7,8,8,0,0,8,8,0.0000
4,284.0000,47,11,716.2451,-86.3814,-0.2826,9,0.2250,1.0000,8,7,6,0,0,7,6,0.1429
4,284.0000,47,13,215.9310,-74.8309,-0.2054,33,0.8250,0.2000,5,7,5,26,16,33,21,0.3636
4,284.0000,47,14,609.9876,-83.5341,-0.1824,13,0.3250,0.5000,6,8,8,0,0,8,8,0.0000
4,284.0000,47,15,877.6556,-87.9243,-0.3063,6,0.1500,0.8571,7,3,2,0,0,3,2,0.3333
4,284.0000,47,16,382.2918,-81.4419,0.4116,19,0.4750,0.8571,7,8,8,0,0,8,8,0.0000
4,284.0000,47,18,1028.6250,-87.5123,-0.3854,5,0.1250,1.0000,6,2,2,0,0,2,2,0.0000
4,284.0000,47,19,807.3560,-86.9428,-0.4670,11,0.2750,1.0000,2,4,4,0,0,4,4,0.0000
4,284.0000,47,20,893.4540,-87.0217,-0.3017,8,0.2000,0.8571,7,6,6,0,0,6,6,0.0000
4,284.0000,47,21,411.3391,-80.4268,-0.0980,23,0.5750,0.7500,8,7,6,0,0,7,6,0.1429
4,284.0000,47,22,888.2623,-87.6777,0.2548,4,0.1000,1.0000,2,6,6,0,0,6,6,0.0000
4,284.0000,47,23,911.5620,-88.7101,-0.3261,6,0.1500,1.0000,4,8,8,0,0,8,8,0.0000
4,284.0000,47,24,555.4347,-85.0940,0.3823,16,0.4000,0.8750,8,8,7,0,0,8,7,0.1250
4,284.0000,47,25,263.2052,-74.2985,-1.5131,32,0.8000,0.6667,6,8,7,0,0,8,7,0.1250
4,284.0000,47,27,872.1384,-86.9909,-0.7604,7,0.1750,0.6667,6,4,4,0,0,4,4,0.0000
4,284.0000,47,28,517.8365,-85.0631,0.9111,21,0.5250,0.8750,8,8,8,0,0,8,8,0.0000
4,284.0000,47,30,604.8129,-85.7859,0.1358,16,0.4000,0.8571,7,8,8,0,0,8,8,0.0000
4,284.0000,47,31,257.0869,-74.3648,-1.4182,30,0.7500,0.2000,5,7,5,0,0,7,5,0.2857
4,284.0000,47,32,476.9714,-80.8170,-0.9770,20,0.5000,0.8571,7,8,8,0,0,8,8,0.0000
4,284.0000,47,36,275.5012,-78.4016,-0.3467,29,0.7250,0.4000,5,6,3,0,0,6,3,0.5000
4,284.0000,47,38,621.8517,-86.0931,-0.3373,16,0.4000,0.8750,8,8,8,0,0,8,8,0.0000
4,284.0000,47,39,699.1681,-87.0912,-0.0914,11,0.2750,1.0000,8,8,8,0,0,8,8,0.0000
4,284.0000,47,40,839.8231,-87.6436,0.2326,7,0.1750,1.0000,4,8,8,0,0,8,8,0.0000
4,284.0000,47,42,420.3865,-81.8882,-0.1822,22,0.5500,0.5000,6,6,2,0,0,6,2,0.6667
4,284.0000,47,43,1022.9951,-88.9050,-0.2708,5,0.1250,,0,4,4,0,0,4,4,0.0000
4,284.0000,47,44,603.7359,-84.2356,-0.1535,14,0.3500,0.7143,7,8,8,0,0,8,8,0.0000
4,284.0000,47,46,448.2345,-82.9977,-0.0322,19,0.4750,1.0000,8,5,4,0,0,5,4,0.2000
4,288.0000,0,1,710.1224,-87.4042,-0.5223,4,0.0976,1.0000,8,8,8,0,0,8,8,0.0000
4,288.0000,0,6,631.5449,-85.6516,0.7102,7,0.1707,1.0000,8,8,8,0,0,8,8,0.0000
4,288.0000,0,13,540.0235,-85.7211,2.9698,5,0.1220,1.0000,8,7,6,0,0,7,6,0.1429
4,288.0000,0,15,360.0944,-80.5018,0.6835,32,0.7805,0.6667,6,5,1,0,0,5,1,0.8000
4,288.0000,0,19,366.0804,-80.3537,0.4155,26,0.6341,0.4000,5,6,4,0,0,6,4,0.3333
4,288.0000,0,28,302.2170,-79.4793,-0.0982,24,0.5854,0.2000,5,6,4,0,0,6,4,0.3333
4,288.0000,0,30,559.6008,-83.5370,-2.2965,10,0.2439,0.8750,8,8,8,0,0,8,8,0.0000
4,288.0000,0,31,811.1755,-87.0100,0.9272,4,0.0976,1.0000,8,8,8,0,0,8,8,0.0000
4,288.0000,0,36,549.2766,-84.3529,1.3270,7,0.1707,1.0000,10,8,8,0,0,8,8,0.0000
4,288.0000,0,39,505.3821,-82.9552,-0.3893,15,0.3659,0.8571,7,8,8,0,0,8,8,0.0000
4,288.0000,0,40,236.2797,-76.4179,-0.6895,36,0.8780,0.0000,4,6,3,0,0,6,3,0.5000
4,288.0000,0,42,634.4968,-85.4600,0.3826,7,0.1707,1.0000,8,8,8,0,0,8,8,0.0000
4,288.0000,0,46,460.3656,-82.6693,0.0923,11,0.2683,0.6667,6,8,8,0,0,8,8,0.0000
4,288.0000,0,47,629.5081,-86.7798,-0.0717,4,0.0976,1.0000,8,7,6,0,0,7,6,0.1429
4,288.0000,1,0,710.1224,-85.9915,-0.3546,14,0.3500,0.8750,8,6,6,0,0,6,6,0.0000
4,288.0000,1,2,819.7624,-86.9538,-0.2999,3,0.0750,1.0000,8,4,4,0,0,4,4,0.0000
4,288.0000,1,3,847.8582,-88.2398,0.3762,3,0.0750,1.0000,4,2,2,0,0,2,2,0.0000
4,288.0000,1,4,513.4096,-83.0257,-0.2528,13,0.3250,0.6667,6,8,6,0,0,8,6,0.2500
4,288.0000,1,6,530.2180,-82.0639,-0.1865,18,0.4500,0.7143,7,7,6,0,0,7,6,0.1429
4,288.0000,1,8,524.7212,-84.4957,1.0097,11,0.2750,1.0000,8,8,8,0,0,8,8,0.0000
4,288.0000,1,9,249.2711,-79.0350,0.7906,21,0.5250,0.6667,6,5,1,0,0,5,1,0.8000
4,288.0000,1,10,433.0044,-83.9674,-0.5793,9,0.2250,0.7143,7,8,6,0,0,8,6,0.2500
4,288.0000,1,11,624.3059,-85.9455,2.0616,4,0.1000,1.0000,8,8,8,0,0,8,8,0.0000
4,288.0000,1,13,171.3258,-72.2422,-1.1420,34,0.8500,0.2000,5,6,2,0,0,6,2,0.6667
4,288.0000,1,14,397.2088,-81.6235,-0.3584,15,0.3750,0.7500,8,7,6,0,0,7,6,0.1429
4,288.0000,1,16,202.7774,-75.1120,0.8065,27,0.6750,0.2000,5,4,0,0,0,4,0,1.0000
4,288.0000,1,17,898.3850,-88.5581,-0.9623,3,0.0750,1.0000,4,2,2,0,0,2,2,0.0000
4,288.0000,1,18,987.2635,-88.2716,0.7146,3,0.0750,,0,4,4,0,0,4,4,0.0000
4,288.0000,1,19,938.3251,-88.4568,-0.3141,6,0.1500,1.0000,2,4,4,0,0,4,4,0.0000
4,288.0000,1,21,413.1234,-80.9023,-0.0344,20,0.5000,0.5000,6,7,5,0,0,7,5,0.2857
4,288.0000,1,22,862.9128,-88.7757,0.2631,3,0.0750,1.0000,6,7,6,0,0,7,6,0.1429
4,288.0000,1,24,616.6803,-85.8935,0.3056,8,0.2000,0.8571,7,6,6,0,0,6,6,0.0000
4,288.0000,1,25,270.0501,-77.1294,-0.1879,24,0.6000,0.3333,6,6,3,0,0,6,3,0.5000
4,288.0000,1,27,724.9238,-85.9254,1.3203,5,0.1250,1.0000,2,7,5,0,0,7,5,0.2857
4,288.0000,1,28,516.3552,-83.8248,0.2603,18,0.4500,0.8750,8,6,4,0,0,6,4,0.3333
4,288.0000,1,30,368.2463,-81.6104,0.3048,17,0.4250,0.6667,6,5,1,0,0,5,1,0.8000
4,288.0000,1,31,114.2143,-71.1153,0.5470,33,0.8250,0.2000,5,4,0,0,0,4,0,1.0000
4,288.0000,1,32,703.9612,-85.7078,0.5289,8,0.2000,1.0000,8,8,8,0,0,8,8,0.0000
4,288.0000,1,36,189.0558,-74.6575,0.3160,29,0.7250,0.0000,4,4,0,0,0,4,0,1.0000
4,288.0000,1,37,682.1086,-84.7526,1.6472,5,0.1250,1.0000,4,8,8,0,0,8,8,0.0000
4,288.0000,1,38,342.0034,-81.1864,0.7965,20,0.5000,0.5714,7,7,4,0,0,7,4,0.4286
4,288.0000,1,39,600.1745,-84.7920,-0.2601,15,0.3750,0.7143,7,8,7,0,0,8,7,0.1250
4,288.0000,1,40,696.5356,-87.2208,0.6486,9,0.2250,0.9000,10,3,2,0,0,3,2,0.3333
4,288.0000,1,42,663.4220,-85.3259,0.1215,15,0.3750,0.5000,6,5,4,0,0,5,4,0.2000
4,288.0000,1,44,381.2694,-81.1878,0.9144,17,0.4250,0.6667,6,8,8,2,2,10,10,0.0000
4,288.0000,1,46,322.0821,-80.8157,0.6340,21,0.5250,0.8750,8,6,3,0,0,6,3,0.5000
4,288.0000,1,47,357.8125,-77.8510,-0.3345,27,0.6750,0.0000,4,8,8,0,0,8,8,0.0000
4,288.0000,2,3,292.9654,-77.7145,-0.4381,28,0.7179,0.5714,7,7,5,0,0,7,5,0.2857
4,288.0000,2,4,845.9591,-85.8375,-0.3563,4,0.1026,1.0000,6,5,5,0,0,5,5,0.0000
4,288.0000,2,5,734.4275,-87.6041,-0.6675,6,0.1538,1.0000,8,8,8,0,0,8,8,0.0000
4,288.0000,2,7,545.9673,-84.9460,-0.5050,12,0.3077,0.6667,6,7,6,0,0,7,6,0.1429
4,288.0000,2,8,349.5875,-79.8000,0.6188,15,0.3846,0.6667,6,7,5,0,0,7,5,0.2857
4,288.0000,2,10,531.1388,-83.4209,0.5117,6,0.1538,0.8750,8,8,7,0,0,8,7,0.1250
4,288.0000,2,11,242.0824,-76.8521,0.5897,29,0.7436,0.4000,5,6,3,0,0,6,3,0.5000
4,288.0000,2,12,694.6262,-85.7531,-0.5011,5,0.1282,0.8750,8,7,6,0,0,7,6,0.1429
4,288.0000,2,17,295.5050,-78.8430,0.0345,23,0.5897,0.6667,6,4,0,0,0,4,0,1.0000
4,288.0000,2,18,534.5161,-84.5456,-0.0196,7,0.1795,1.0000,8,6,6,0,0,6,6,0.0000
4,288.0000,2,20,398.1880,-81.7000,0.3388,18,0.4615,0.6667,6,7,6,13,12,20,18,0.1000
4,288.0000,2,22,276.9258,-74.4171,-1.6211,28,0.7179,0.5000,6,6,4,0,0,6,4,0.3333
4,288.0000,2,23,332.9095,-77.1014,-0.6820,24,0.6154,0.5000,6,8,8,0,0,8,8,0.0000
4,288.0000,2,24,651.1762,-84.1651,2.1909,4,0.1026,1.0000,10,6,6,0,0,6,6,0.0000
4,288.0000,2,25,572.4190,-85.1535,-0.4484,6,0.1538,1.0000,8,5,4,0,0,5,4,0.2000
4,288.0000,2,26,579.9013,-84.6972,-0.5188,10,0.2564,0.8571,7,6,6,0,0,6,6,0.0000
4,288.0000,2,27,596.1704,-84.8708,0.2598,4,0.1026,1.0000,8,8,7,0,0,8,7,0.1250
4,288.0000,2,29,549.7245,-85.3594,-0.3869,11,0.2821,1.0000,8,7,5,0,0,7,5,0.2857
4,288.0000,2,32,558.3621,-84.3726,1.1613,5,0.1282,0.8571,7,8,8,0,0,8,8,0.0000
4,288.0000,2,33,414.8009,-81.7146,-0.0288,15,0.3846,0.5714,7,8,8,0,0,8,8,0.0000
4,288.0000,2,34,558.0094,-84.8407,0.2021,8,0.2051,0.7143,7,7,6,0,0,7,6,0.1429
4,288.0000,2,35,623.1605,-84.6195,0.5899,9,0.2308,0.8571,7,6,5,0,0,6,5,0.1667
4,288.0000,2,37,496.1973,-86.1217,-0.2380,5,0.1282,0.5714,7,8,8,0,0,8,8,0.0000
4,288.0000,2,41,513.3485,-84.8316,0.2854,8,0.2051,0.7143,7,6,3,0,0,6,3,0.5000
4,288.0000,2,43,214.0586,-77.1736,0.4678,32,0.8205,0.6667,6,4,0,0,0,4,0,1.0000
4,288.0000,2,44,720.1213,-87.4324,0.5050,4,0.1026,1.0000,6,8,8,0,0,8,8,0.0000
4,288.0000,2,45,327.9904,-76.9289,-1.0906,28,0.7179,0.4000,5,6,4,0,0,6,4,0.3333
4,288.0000,3,2,292.9654,-78.2768,-0.6221,22,0.5500,0.6667,6,6,4,0,0,6,4,0.3333
4,288.0000,3,4,746.4798,-86.7913,0.4841,5,0.1250,1.0000,8,6,6,0,0,6,6,0.0000
4,288.0000,3,5,994.0711,-87.3365,0.1146,3,0.0750,,0,8,8,0,0,8,8,0.0000
4,288.0000,3,7,535.8060,-84.5956,-0.2952,16,0.4000,0.6667,6,8,8,0,0,8,8,0.0000
4,288.0000,3,8,371.1193,-80.8106,1.0281,12,0.3000,0.8750,8,8,5,0,0,8,5,0.3750
4,288.0000,3,10,701.3667,-85.6324,-0.6553,5,0.1250,1.0000,8,8,8,0,0,8,8,0.0000
4,288.0000,3,11,347.9478,-80.5315,-0.1399,11,0.2750,0.7692,13,8,8,0,0,8,8,0.0000
4,288.0000,3,12,736.2136,-84.9602,-0.0643,10,0.2500,0.9333,15,6,6,0,0,6,6,0.0000
4,288.0000,3,16,669.4956,-85.9327,0.5506,3,0.0750,1.0000,8,8,8,0,0,8,8,0.0000
4,288.0000,3,17,573.9522,-85.7392,0.1821,11,0.2750,1.0000,8,8,8,0,0,8,8,0.0000
4,288.0000,3,18,788.9239,-86.7333,-0.0583,6,0.1500,1.0000,6,8,8,0,0,8,8,0.0000
4,288.0000,3,20,138.8067,-72.2610,0.4006,36,0.9000,0.0000,4,4,0,0,0,4,0,1.0000
4,288.0000,3,21,574.6756,-83.3931,0.3126,4,0.1000,1.0000,8,8,7,0,0,8,7,0.1250
4,288.0000,3,22,136.2136,-73.9154,0.6657,35,0.8750,0.2000,5,4,0,0,0,4,0,1.0000
4,288.0000,3,23,132.4274,-71.6065,0.2050,36,0.9000,0.0000,3,4,0,0,0,4,0,1.0000
4,288.0000,3,24,468.9938,-81.9207,-0.4762,13,0.3250,0.8571,7,8,7,0,0,8,7,0.1250
4,288.0000,3,25,577.9540,-86.9948,0.5667,5,0.1250,1.0000,8,8,8,0,0,8,8,0.0000
4,288.0000,3,26,746.5972,-86.1694,-0.4614,12,0.3000,1.0000,8,6,6,0,0,6,6,0.0000
4,288.0000,3,27,848.0632,-88.0108,-0.4143,6,0.1500,,0,8,8,0,0,8,8,0.0000
4,288.0000,3,29,621.0670,-85.1723,-0.4183,11,0.2750,0.8571,7,8,8,0,0,8,8,0.0000
4,288.0000,3,32,348.5109,-81.8277,0.0873,14,0.3500,0.8750,8,5,2,0,0,5,2,0.6000
4,288.0000,3,33,493.4449,-82.7682,0.3235,18,0.4500,0.8750,8,6,3,0,0,6,3,0.5000
4,288.0000,3,34,739.1178,-86.7312,0.8733,6,0.1500,1.0000,6,5,4,0,0,5,4,0.2000
4,288.0000,3,36,974.5641,-88.1108,1.7672,3,0.0750,,0,10,9,0,0,10,9,0.1000
4,288.0000,3,37,711.9318,-88.2189,-0.6041,5,0.1250,,0,7,6,0,0,7,6,0.1429
4,288.0000,3,41,756.7528,-86.2373,-0.2237,7,0.1750,1.0000,4,8,7,0,0,8,7,0.1250
4,288.0000,3,42,974.9582,-88.9212,-1.1798,3,0.0750,1.0000,8,4,4,0,0,4,4,0.0000
4,288.0000,3,43,496.6902,-84.4412,0.1131,9,0.2250,0.8750,8,6,6,0,0,6,6,0.0000
4,288.0000,3,45,403.3898,-80.1799,-0.6178,23,0.5750,0.4000,5,7,4,0,0,7,4,0.4286
4,288.0000,4,0,746.7547,-86.0833,0.5798,3,0.0750,1.0000,8,6,6,0,0,6,6,0.0000
4,288.0000,4,1,513.4096,-84.5082,1.1743,8,0.2000,1.0000,8,8,8,0,0,8,8,0.0000
4,288.0000,4,3,746.4798,-85.8129,-0.1251,5,0.1250,1.0000,6,4,4,0,0,4,4,0.0000
4,288.0000,4,6,540.7736,-83.9870,0.6050,10,0.2500,1.0000,8,7,6,0,0,7,6,0.1429
4,288.0000,4,8,507.8841,-85.2652,-1.3670,7,0.1750,0.8571,7,8,8,0,0,8,8,0.0000
4,288.0000,4,9,668.6587,-86.8668,-0.1365,4,0.1000,0.8750,8,8,8,0,0,8,8,0.0000
4,288.0000,4,10,720.4723,-87.1749,-0.2765,3,0.0750,1.0000,6,8,8,0,0,8,8,0.0000
4,288.0000,4,11,744.8642,-86.7469,-0.5318,4,0.1000,0.8571,7,8,8,0,0,8,8,0.0000
4,288.0000,4,13,508.5086,-84.1306,0.0277,8,0.2000,0.8750,8,8,8,0,0,8,8,0.0000
4,288.0000,4,14,901.6372,-88.5747,-0.4569,4,0.1000,1.0000,2,4,4,0,0,4,4,0.0000
4,288.0000,4,16,378.0784,-81.7163,-0.7859,10,0.2500,0.8571,7,7,6,0,0,7,6,0.1429
4,288.0000,4,20,740.5213,-87.6467,-0.8226,3,0.0750,0.8571,7,8,8,0,0,8,8,0.0000
4,288.0000,4,21,278.4733,-77.2028,-0.6160,19,0.4750,0.3333,6,8,8,0,0,8,8,0.0000
4,288.0000,4,22,724.4629,-86.7575,-0.0993,6,0.1500,0.8000,5,4,4,0,0,4,4,0.0000
4,288.0000,4,23,707.7344,-86.1304,0.8751,3,0.0750,1.0000,8,8,8,0,0,8,8,0.0000
4,288.0000,4,24,552.3499,-84.6933,-1.4147,6,0.1500,0.8750,8,8,8,0,0,8,8,0.0000
4,288.0000,4,25,445.5088,-81.0845,-0.3767,9,0.2250,1.0000,8,8,8,0,0,8,8,0.0000
4,288.0000,4,28,659.2140,-86.9311,0.2897,6,0.1500,1.0000,8,8,8,0,0,8,8,0.0000
4,288.0000,4,30,721.5897,-88.2121,0.2290,3,0.0750,1.0000,4,6,6,0,0,6,6,0.0000
4,288.0000,4,31,574.6093,-86.0768,1.3219,3,0.0750,1.0000,6,8,8,0,0,8,8,0.0000
4,288.0000,4,32,627.6069,-85.4278,-0.7236,4,0.1000,0.8750,8,7,6,0,0,7,6,0.1429
4,288.0000,4,36,483.4211,-83.9719,0.0347,10,0.2500,0.8571,7,7,6,0,0,7,6,0.1429
4,288.0000,4,42,328.7311,-79.6276,0.0830,24,0.6000,0.6667,6,7,6,0,0,7,6,0.1429
4,288.0000,4,44,753.1160,-86.1062,0.1491,4,0.1000,1.0000,8,7,6,0,0,7,6,0.1429
4,288.0000,4,46,665.6296,-85.8038,-0.3808,6,0.1500,1.0000,8,7,6,0,0,7,6,0.1429
4,288.0000,4,47,430.0437,-80.7507,-0.1458,11,0.2750,1.0000,8,8,8,0,0,8,8,0.0000
4,288.0000,5,2,734.4275,-86.7137,-1.1058,3,0.0750,1.0000,8,8,8,0,0,8,8,0.0000
4,288.0000,5,12,957.5582,-87.8581,-0.5175,3,0.0750,1.0000,8,2,2,0,0,2,2,0.0000
4,288.0000,5,17,625.9984,-85.3806,-0.2995,3,0.0750,1.0000,8,8,8,0,0,8,8,0.0000
4,288.0000,5,18,235.8884,-78.7094,0.5445,20,0.5000,0.7143,7,5,2,0,0,5,2,0.6000
4,288.0000,5,26,596.4641,-82.2842,-1.2174,17,0.4250,0.8750,8,8,8,0,0,8,8,0.0000
4,288.0000,5,27,543.6628,-83.2263,3.4095,4,0.1000,0.7143,7,7,6,0,0,7,6,0.1429
4,288.0000,5,29,765.1088,-86.7825,0.0882,6,0.1500,1.0000,8,8,8,0,0,8,8,0.0000
4,288.0000,5,33,719.3057,-85.6063,0.7966,3,0.0750,1.0000,4,8,8,0,0,8,8,0.0000
4,288.0000,5,34,434.1570,-81.5709,-0.2093,17,0.4250,0.5714,7,4,0,0,0,4,0,1.0000
4,288.0000,5,35,643.8036,-84.4822,0.4551,9,0.2250,1.0000,8,8,8,0,0,8,8,0.0000
4,288.0000,5,37,527.6742,-83.9030,-0.6132,9,0.2250,1.0000,8,8,8,0,0,8,8,0.0000
4,288.0000,5,41,374.1409,-81.4392,-1.0677,19,0.4750,0.6667,6,7,5,0,0,7,5,0.2857
4,288.0000,5,43,537.3635,-83.0495,-0.4427,5,0.1250,1.0000,8,8,8,0,0,8,8,0.0000
4,288.0000,6,0,631.5449,-86.5897,0.9808,7,0.1750,1.0000,8,8,8,0,0,8,8,0.0000
4,288.0000,6,1,530.2180,-82.8647,-1.3471,8,0.2000,0.8571,7,8,8,0,0,8,8,0.0000
4,288.0000,6,4,540.7736,-84.8351,0.7723,11,0.2750,1.0000,8,8,7,0,0,8,7,0.1250
4,288.0000,6,8,816.0610,-88.9625,-0.1392,4,0.1000,1.0000,8,8,8,0,0,8,8,0.0000
4,288.0000,6,9,769.8914,-86.4509,1.5709,5,0.1250,1.0000,8,6,6,0,0,6,6,0.0000
4,288.0000,6,10,920.7547,-88.8251,0.5724,3,0.0750,1.0000,6,6,6,0,0,6,6,0.0000
4,288.0000,6,13,466.3086,-83.0925,0.2416,14,0.3500,0.6250,8,8,8,0,0,8,8,0.0000
4,288.0000,6,14,853.3371,-87.3680,0.7083,7,0.1750,1.0000,8,6,6,0,0,6,6,0.0000
4,288.0000,6,15,643.0490,-86.0731,0.0367,14,0.3500,1.0000,8,7,5,0,0,7,5,0.2857
4,288.0000,6,16,558.0641,-85.0066,-0.0962,8,0.2000,0.8571,7,8,8,0,0,8,8,0.0000
4,288.0000,6,19,716.0604,-86.6769,0.3569,9,0.2250,1.0000,8,7,6,0,0,7,6,0.1429
4,288.0000,6,21,668.6653,-85.2570,-0.0916,5,0.1250,1.0000,8,8,8,0,0,8,8,0.0000
4,288.0000,6,23,1030.5444,-88.2461,0.4648,4,0.1000,1.0000,2,4,4,0,0,4,4,0.0000
4,288.0000,6,24,570.3820,-83.4537,-0.0268,11,0.2750,0.6667,6,6,6,0,0,6,6,0.0000
4,288.0000,6,25,599.7524,-83.5437,0.0095,8,0.2000,1.0000,8,8,8,0,0,8,8,0.0000
4,288.0000,6,28,381.2089,-82.9044,0.5289,16,0.4000,0.7143,7,8,6,0,0,8,6,0.2500
4,288.0000,6,30,733.5618,-86.1596,0.1698,6,0.1500,1.0000,8,7,6,0,0,7,6,0.1429
4,288.0000,6,31,560.0356,-83.6815,0.0463,6,0.1500,0.8750,8,8,8,0,0,8,8,0.0000
4,288.0000,6,32,709.1775,-84.9249,-0.7564,8,0.2000,1.0000,8,6,6,0,0,6,6,0.0000
4,288.0000,6,36,540.1637,-82.8053,-0.6497,14,0.3500,1.0000,8,8,8,0,0,8,8,0.0000
4,288.0000,6,38,818.2315,-87.0139,0.0365,7,0.1750,1.0000,8,8,8,0,0,8,8,0.0000
4,288.0000,6,39,734.6267,-85.8953,-0.1760,10,0.2500,1.0000,8,8,8,0,0,8,8,0.0000
4,288.0000,6,40,750.9408,-87.2777,0.4175,7,0.1750,1.0000,8,7,6,0,0,7,6,0.1429
4,288.0000,6,42,384.2386,-81.1451,-0.1725,21,0.5250,0.7143,7,8,8,0,0,8,8,0.0000
4,288.0000,6,46,532.6085,-83.5526,0.0954,13,0.3250,0.8571,7,8,7,0,0,8,7,0.1250
4,288.0000,6,47,181.6119,-75.5939,0.2632,27,0.6750,0.4286,7,4,0,0,0,4,0,1.0000
4,288.0000,7,2,545.9673,-83.0541,-0.6915,7,0.1750,0.8571,7,8,8,0,0,8,8,0.0000
4,288.0000,7,3,535.8060,-83.7256,-0.9980,7,0.1750,1.0000,6,8,8,0,0,8,8,0.0000
4,288.0000,7,8,848.3359,-86.5812,4.1278,3,0.0750,1.0000,6,8,8,0,0,8,8,0.0000
4,288.0000,7,11,688.6492,-86.1046,5.6077,3,0.0750,1.0000,8,8,8,0,0,8,8,0.0000
4,288.0000,7,12,333.9104,-79.7373,0.0784,31,0.7750,0.7143,7,5,1,0,0,5,1,0.8000
4,288.0000,7,17,726.5014,-86.7130,0.9870,4,0.1000,1.0000,8,7,6,0,0,7,6,0.1429
4,288.0000,7,20,577.9427,-84.6991,0.4426,8,0.2000,0.8571,7,8,8,0,0,8,8,0.0000
4,288.0000,7,22,581.7014,-85.2494,0.3866,6,0.1500,0.8571,7,8,8,0,0,8,8,0.0000
4,288.0000,7,23,598.6692,-85.9367,-0.7183,6,0.1500,1.0000,8,8,8,0,0,8,8,0.0000
4,288.0000,7,26,403.2955,-82.7511,0.4384,15,0.3750,0.6667,6,5,2,0,0,5,2,0.6000
4,288.0000,7,29,170.4571,-76.5207,0.8404,34,0.8500,0.3333,6,4,0,0,0,4,0,1.0000
4,288.0000,7,33,176.6734,-75.5727,0.5399,36,0.9000,0.5000,6,5,1,0,0,5,1,0.8000
4,288.0000,7,34,457.0462,-84.0768,0.9932,11,0.2750,0.8571,7,7,6,0,0,7,6,0.1429
4,288.0000,7,35,352.4774,-82.2010,1.1977,17,0.4250,0.8571,7,7,5,0,0,7,5,0.2857
4,288.0000,7,41,574.5062,-84.8204,-0.8573,7,0.1750,1.0000,8,7,6,0,0,7,6,0.1429
4,288.0000,7,43,634.2195,-85.4553,-1.0127,7,0.1750,1.0000,8,7,5,0,0,7,5,0.2857
4,288.0000,7,45,351.5766,-81.5192,1.3176,14,0.3500,0.8571,7,6,2,0,0,6,2,0.6667
4,288.0000,8,1,524.7212,-83.6762,0.4165,11,0.2683,0.9333,15,7,5,0,0,7,5,0.2857
4,288.0000,8,2,349.5875,-80.4128,0.8672,19,0.4634,1.0000,8,7,5,0,0,7,5,0.2857
4,288.0000,8,3,371.1193,-81.2801,-0.1394,24,0.5854,0.5000,6,6,3,0,0,6,3,0.5000
4,288.0000,8,4,507.8841,-83.9680,-0.8886,12,0.2927,0.8750,8,7,6,0,0,7,6,0.1429
4,288.0000,8,6,816.0610,-87.2843,-0.4049,6,0.1463,1.0000,8,6,6,0,0,6,6,0.0000
4,288.0000,8,7,848.3359,-85.4863,1.4694,3,0.0732,1.0000,8,8,8,0,0,8,8,0.0000
4,288.0000,8,9,596.7219,-85.2485,0.1397,9,0.2195,1.0000,6,7,6,0,0,7,6,0.1429
4,288.0000,8,10,386.4014,-81.4538,0.2690,11,0.2683,0.8750,8,7,4,0,0,7,4,0.4286
4,288.0000,8,11,269.6986,-78.8763,-0.6192,23,0.5610,0.2000,5,6,3,0,0,6,3,0.5000
4,288.0000,8,12,1013.6519,-88.3750,-5.5066,3,0.0732,1.0000,2,4,4,0,0,4,4,0.0000
4,288.0000,8,13,660.2164,-85.6450,-0.2719,6,0.1463,1.0000,6,6,5,0,0,6,5,0.1667
4,288.0000,8,14,753.5612,-86.1525,-1.2624,6,0.1463,0.0000,1,4,4,0,0,4,4,0.0000
4,288.0000,8,16,340.5332,-81.3290,1.3380,15,0.3659,0.6250,8,7,5,0,0,7,5,0.2857
4,288.0000,8,17,499.0973,-84.0552,-0.1068,9,0.2195,0.8571,7,8,7,0,0,8,7,0.1250
4,288.0000,8,18,754.0719,-86.9261,-0.5411,5,0.1220,0.8750,8,4,4,0,0,4,4,0.0000
4,288.0000,8,20,440.9169,-82.1288,-0.7183,16,0.3902,0.4000,5,7,5,0,0,7,5,0.2857
4,288.0000,8,21,253.3577,-77.6568,0.3711,20,0.4878,0.5714,7,7,3,0,0,7,3,0.5714
4,288.0000,8,22,348.9261,-79.8414,-0.1906,28,0.6829,0.6667,6,7,5,0,0,7,5,0.2857
4,288.0000,8,23,371.6131,-80.9088,0.5156,18,0.4390,0.8750,8,8,8,0,0,8,8,0.0000
4,288.0000,8,24,464.6370,-82.2864,0.2332,16,0.3902,1.0000,8,7,4,0,0,7,4,0.4286
4,288.0000,8,25,271.1529,-79.4854,0.0806,19,0.4634,0.7143,7,5,1,0,0,5,1,0.8000
4,288.0000,8,26,929.0807,-89.1987,0.6787,4,0.0976,1.0000,2,5,4,0,0,5,4,0.2000
4,288.0000,8,27,634.3868,-85.8121,0.6528,5,0.1220,1.0000,2,8,8,0,0,8,8,0.0000
4,288.0000,8,28,966.5647,-88.2624,-0.3046,4,0.0976,1.0000,4,4,4,0,0,4,4,0.0000
4,288.0000,8,30,830.8919,-88.5767,-0.7047,3,0.0732,1.0000,6,6,6,0,0,6,6,0.0000
4,288.0000,8,31,496.3231,-84.0421,-1.1308,12,0.2927,0.8750,8,6,4,0,0,6,4,0.3333
4,288.0000,8,32,440.9363,-80.8244,-0.3780,25,0.6098,0.8571,7,8,8,0,0,8,8,0.0000
4,288.0000,8,33,746.4896,-86.7417,-0.2423,5,0.1220,0.8750,8,4,4,0,0,4,4,0.0000
4,288.0000,8,36,634.2819,-85.2784,-0.5318,6,0.1463,0.7778,9,8,7,0,0,8,7,0.1250
4,288.0000,8,37,559.8140,-87.1416,0.1571,8,0.1951,1.0000,8,8,7,0,0,8,7,0.1250
4,288.0000,8,38,753.5564,-86.4878,1.1483,4,0.0976,1.0000,8,8,8,0,0,8,8,0.0000
4,288.0000,8,41,836.4922,-88.0416,-0.6318,5,0.1220,,0,4,4,0,0,4,4,0.0000
4,288.0000,8,42,792.3735,-86.9878,-1.1015,5,0.1220,1.0000,4,2,2,0,0,2,2,0.0000
4,288.0000,8,43,460.7487,-83.8655,-0.1820,9,0.2195,1.0000,8,7,5,0,0,7,5,0.2857
4,288.0000,8,44,537.3863,-82.1064,1.7083,4,0.0976,1.0000,8,8,6,0,0,8,6,0.2500
4,288.0000,8,45,631.9831,-84.7848,-0.7450,7,0.1707,0.6667,6,8,8,0,0,8,8,0.0000
4,288.0000,8,46,835.2788,-88.0924,2.3606,3,0.0732,1.0000,6,8,8,0,0,8,8,0.0000
4,288.0000,8,47,656.3732,-85.1557,-0.2261,12,0.2927,0.8750,8,7,6,0,0,7,6,0.1429
4,288.0000,9,0,799.5677,-86.6308,-0.1888,7,0.1750,1.0000,6,4,4,0,0,4,4,0.0000
4,288.0000,9,1,249.2711,-78.7914,1.8256,25,0.6250,0.4000,5,6,1,0,0,6,1,0.8333
4,288.0000,9,4,668.6587,-86.4325,1.7648,8,0.2000,1.0000,6,6,4,0,0,6,4,0.3333
4,288.0000,9,6,769.8914,-86.2324,0.4100,4,0.1000,0.8750,8,7,6,0,0,7,6,0.1429
4,288.0000,9,8,596.7219,-86.5675,-0.3668,4,0.1000,1.0000,8,8,8,0,0,8,8,0.0000
4,288.0000,9,10,345.2596,-81.8316,1.6759,14,0.3500,1.0000,6,7,3,0,0,7,3,0.5714
4,288.0000,9,13,329.5003,-81.0046,0.5981,25,0.6250,0.8750,8,6,3,0,0,6,3,0.5000
4,288.0000,9,14,299.2513,-78.8705,0.0332,28,0.7000,0.0000,4,6,3,0,0,6,3,0.5000
4,288.0000,9,16,359.1660,-80.8708,-0.2521,18,0.4500,0.8750,8,7,5,1,0,8,5,0.3750
4,288.0000,9,17,841.1739,-88.0177,-0.4328,3,0.0750,1.0000,4,8,8,0,0,8,8,0.0000
4,288.0000,9,19,1056.0705,-88.9857,0.4414,3,0.0750,0.7500,4,4,4,0,0,4,4,0.0000
4,288.0000,9,21,515.1572,-84.5524,1.0052,8,0.2000,1.0000,8,7,6,0,0,7,6,0.1429
4,288.0000,9,22,943.2353,-87.6683,-0.5642,5,0.1250,1.0000,8,2,2,0,0,2,2,0.0000
4,288.0000,9,25,414.7047,-84.0135,-0.8884,10,0.2500,0.8571,7,6,4,0,0,6,4,0.3333
4,288.0000,9,27,594.6480,-85.1068,-1.3990,8,0.2000,0.7143,7,6,6,0,0,6,6,0.0000
4,288.0000,9,28,670.9549,-85.8802,0.9213,11,0.2750,1.0000,6,8,8,0,0,8,8,0.0000
4,288.0000,9,30,293.9392,-79.7899,1.0556,27,0.6750,0.8750,8,5,2,0,0,5,2,0.6000
4,288.0000,9,31,286.5437,-79.8115,0.8064,16,0.4000,0.0000,4,6,4,0,0,6,4,0.3333
4,288.0000,9,36,284.9142,-80.2846,0.7824,22,0.5500,1.0000,8,7,5,0,0,7,5,0.2857
4,288.0000,9,37,632.6921,-86.9965,2.0146,7,0.1750,1.0000,2,8,7,0,0,8,7,0.1250
4,288.0000,9,38,185.4711,-72.9988,-0.4455,35,0.8750,0.0000,4,4,0,0,0,4,0,1.0000
4,288.0000,9,39,619.2213,-85.5848,0.2224,13,0.3250,1.0000,8,6,6,0,0,6,6,0.0000
4,288.0000,9,40,725.7719,-86.0206,0.2756,10,0.2500,1.0000,8,6,4,0,0,6,4,0.3333
4,288.0000,9,42,865.2743,-87.3872,0.8844,5,0.1250,1.0000,4,2,2,0,0,2,2,0.0000
4,288.0000,9,43,807.2452,-88.0684,-0.9842,3,0.0750,1.0000,4,8,8,0,0,8,8,0.0000
4,288.0000,9,44,197.1380,-73.8873,-0.7284,31,0.7750,0.3333,6,5,2,0,0,5,2,0.6000
4,288.0000,9,46,403.3040,-83.0168,0.7852,20,0.5000,1.0000,8,8,8,0,0,8,8,0.0000
4,288.0000,9,47,601.1868,-84.7541,0.3296,8,0.2000,0.8750,8,7,6,0,0,7,6,0.1429
4,288.0000,10,1,433.0044,-83.2913,0.4296,12,0.3000,0.8571,7,7,6,0,0,7,6,0.1429
4,288.0000,10,2,531.1388,-83.6121,-0.2534,12,0.3000,1.0000,8,7,6,0,0,7,6,0.1429
4,288.0000,10,3,701.3667,-86.2676,-0.4632,7,0.1750,0.7500,8,7,6,0,0,7,6,0.1429
4,288.0000,10,4,720.4723,-85.5513,0.0909,6,0.1500,1.0000,4,8,8,0,0,8,8,0.0000
4,288.0000,10,6,920.7547,-86.8040,-0.3847,4,0.1000,1.0000,6,8,8,0,0,8,8,0.0000
4,288.0000,10,7,1054.6658,-88.1479,-0.4727,6,0.1500,1.0000,8,4,4,0,0,4,4,0.0000
4,288.0000,10,8,386.4014,-81.0363,-0.4968,13,0.3250,0.8571,7,8,6,0,0,8,6,0.2500
4,288.0000,10,9,345.2596,-81.6858,0.5713,12,0.3000,1.0000,8,7,4,0,0,7,4,0.4286
4,288.0000,10,11,405.8168,-81.0733,-0.3291,15,0.3750,0.8571,7,7,6,0,0,7,6,0.1429
4,288.0000,10,13,587.4948,-85.2025,-1.0435,11,0.2750,0.7143,7,8,7,0,0,8,7,0.1250
4,288.0000,10,14,451.9627,-81.6724,-0.5413,15,0.3750,0.4000,5,6,4,0,0,6,4,0.3333
4,288.0000,10,16,388.7477,-79.1169,-1.3484,17,0.4250,1.0000,8,8,8,0,0,8,8,0.0000
4,288.0000,10,17,506.7018,-82.7931,-1.1195,15,0.3750,0.7143,7,8,8,0,0,8,8,0.0000
4,288.0000,10,18,617.0399,-82.6137,-0.8133,12,0.3000,0.7143,7,7,6,0,0,7,6,0.1429
4,288.0000,10,20,800.8696,-88.0152,-1.3726,6,0.1500,1.0000,8,8,8,0,0,8,8,0.0000
4,288.0000,10,21,463.0330,-82.6631,0.0685,12,0.3000,0.8750,8,6,4,0,0,6,4,0.3333
4,288.0000,10,22,687.5298,-85.6739,-1.0996,8,0.2000,1.0000,8,8,8,0,0,8,8,0.0000
4,288.0000,10,23,726.8150,-85.9582,-0.5304,8,0.2000,0.8571,7,8,8,0,0,8,8,0.0000
4,288.0000,10,24,732.6594,-86.4661,1.0105,6,0.1500,1.0000,6,6,5,0,0,6,5,0.1667
4,288.0000,10,25,354.7861,-80.8315,0.7941,19,0.4750,1.0000,8,5,4,0,0,5,4,0.2000
4,288.0000,10,26,1009.2506,-87.2833,-0.6655,5,0.1250,1.0000,2,2,2,0,0,2,2,0.0000
4,288.0000,10,27,325.9889,-78.6670,-0.4094,27,0.6750,0.4286,7,8,7,0,0,8,7,0.1250
4,288.0000,10,28,944.9092,-88.9183,0.5397,3,0.0750,1.0000,2,6,6,0,0,6,6,0.0000
4,288.0000,10,30,637.3545,-85.6943,-1.1055,5,0.1250,1.0000,8,5,3,0,0,5,3,0.4000
4,288.0000,10,31,393.0341,-79.7445,-0.0410,13,0.3250,0.6667,6,6,4,0,0,6,4,0.3333
4,288.0000,10,32,740.4853,-87.7167,-0.6772,5,0.1250,1.0000,8,8,8,0,0,8,8,0.0000
4,288.0000,10,34,911.2426,-88.6011,-2.1042,3,0.0750,1.0000,4,8,8,0,0,8,8,0.0000
4,288.0000,10,36,551.2474,-84.4815,-0.3013,11,0.2750,1.0000,4,8,8,0,0,8,8,0.0000
4,288.0000,10,37,351.1049,-80.9269,-0.8401,19,0.4750,0.6667,6,8,8,0,0,8,8,0.0000
4,288.0000,10,38,466.8946,-82.4701,0.2257,16,0.4000,1.0000,8,8,8,0,0,8,8,0.0000
4,288.0000,10,41,826.4841,-86.1964,-0.8609,5,0.1250,,0,4,4,0,0,4,4,0.0000
4,288.0000,10,42,986.3418,-87.6642,4.7583,3,0.0750,1.0000,8,2,2,0,0,2,2,0.0000
4,288.0000,10,43,465.1790,-83.5491,-0.9881,13,0.3250,0.8750,8,6,4,0,0,6,4,0.3333
4,288.0000,10,44,189.3624,-78.1644,1.1633,23,0.5750,0.8750,8,4,0,0,0,4,0,1.0000
4,288.0000,10,45,847.3615,-86.4018,-1.1029,9,0.2250,1.0000,8,8,8,0,0,8,8,0.0000
4,288.0000,10,46,713.9066,-87.2684,0.8017,5,0.1250,0.7500,4,7,6,0,0,7,6,0.1429
4,288.0000,10,47,742.0177,-87.1952,-0.9576,8,0.2000,1.0000,8,8,8,0,0,8,8,0.0000
4,288.0000,11,1,624.3059,-85.6108,-1.3386,6,0.1500,1.0000,8,8,7,0,0,8,7,0.1250
4,288.0000,11,2,242.0824,-77.4170,0.1550,28,0.7000,0.6667,6,7,4,0,0,7,4,0.4286
4,288.0000,11,3,347.9478,-80.8057,-0.0710,22,0.5500,0.6667,6,7,5,0,0,7,5,0.2857
4,288.0000,11,4,744.8642,-86.3423,-0.6962,8,0.2000,0.8000,5,8,8,0,0,8,8,0.0000
4,288.0000,11,5,771.1277,-86.4047,0.3783,7,0.1750,1.0000,2,7,6,0,0,7,6,0.1429
4,288.0000,11,6,923.1129,-87.5862,0.3077,5,0.1250,1.0000,2,6,5,0,0,6,5,0.1667
4,288.0000,11,7,688.6492,-86.8901,0.2653,11,0.2750,0.8750,8,7,6,0,0,7,6,0.1429
4,288.0000,11,8,269.6986,-79.0551,-0.8516,23,0.5750,0.5714,7,7,4,0,0,7,4,0.4286
4,288.0000,11,9,684.3309,-87.0738,1.3455,4,0.1000,1.0000,8,6,6,0,0,6,6,0.0000
4,288.0000,11,10,405.8168,-81.2399,0.3302,15,0.3750,0.8571,7,7,5,0,0,7,5,0.2857
4,288.0000,11,13,786.7197,-88.6499,0.5387,3,0.0750,1.0000,6,2,2,0,0,2,2,0.0000
4,288.0000,11,14,735.2225,-87.0288,0.1918,9,0.2250,0.7500,4,7,6,0,0,7,6,0.1429
4,288.0000,11,16,495.7539,-83.1626,-0.2206,10,0.2500,1.0000,8,8,8,0,0,8,8,0.0000
4,288.0000,11,17,448.6006,-83.0998,-0.0063,18,0.4500,0.8000,10,7,6,0,0,7,6,0.1429
4,288.0000,11,18,539.1191,-83.3914,-0.2278,13,0.3250,0.8571,7,8,7,0,0,8,7,0.1250
4,288.0000,11,20,477.4048,-83.0410,0.9590,19,0.4750,0.8571,7,8,8,0,0,8,8,0.0000
4,288.0000,11,21,502.4974,-84.7682,0.6412,9,0.2250,1.0000,8,8,7,0,0,8,7,0.1250
4,288.0000,11,22,392.0797,-81.7927,-0.5665,24,0.6000,0.7143,7,8,7,0,0,8,7,0.1250
4,288.0000,11,23,427.3452,-81.1623,-0.9474,25,0.6250,0.7143,7,8,7,0,0,8,7,0.1250
4,288.0000,11,24,494.4509,-83.8411,0.0607,16,0.4000,1.0000,10,4,2,0,0,4,2,0.5000
4,288.0000,11,25,385.6099,-82.0285,0.8289,13,0.3250,0.8571,7,7,5,0,0,7,5,0.2857
4,288.0000,11,26,759.0787,-86.4080,-0.0142,10,0.2500,1.0000,8,8,8,0,0,8,8,0.0000
4,288.0000,11,27,533.4007,-84.3972,1.5862,9,0.2250,0.8571,7,7,6,0,0,7,6,0.1429
4,288.0000,11,29,719.3768,-86.3533,-0.2910,11,0.2750,0.8571,7,2,2,0,0,2,2,0.0000
4,288.0000,11,30,950.4568,-89.0791,-0.3814,4,0.1000,,0,3,2,0,0,3,2,0.3333
4,288.0000,11,31,548.6378,-85.1528,0.2608,8,0.2000,0.8571,7,6,4,0,0,6,4,0.3333
4,288.0000,11,32,435.6774,-81.6018,-0.9403,20,0.5000,0.7143,7,8,8,0,0,8,8,0.0000
4,288.0000,11,33,573.2187,-85.7648,-0.1080,13,0.3250,1.0000,8,8,8,0,0,8,8,0.0000
4,288.0000,11,34,661.2197,-85.7369,1.4353,13,0.3250,0.7143,7,8,8,0,0,8,8,0.0000
4,288.0000,11,35,790.8481,-87.0390,-0.2200,8,0.2000,1.0000,6,6,6,0,0,6,6,0.0000
4,288.0000,11,36,782.0377,-88.1086,1.5198,3,0.0750,1.0000,4,6,6,0,0,6,6,0.0000
4,288.0000,11,37,376.8792,-81.4135,-0.3427,21,0.5250,0.7143,7,6,3,0,0,6,3,0.5000
4,288.0000,11,38,797.0604,-87.3315,0.2554,5,0.1250,1.0000,8,7,5,0,0,7,5,0.2857
4,288.0000,11,41,657.5292,-85.7997,-0.4384,10,0.2500,1.0000,6,7,6,0,0,7,6,0.1429
4,288.0000,11,42,988.5875,-88.7502,0.7651,4,0.1000,1.0000,2,4,4,0,0,4,4,0.0000
4,288.0000,11,43,295.2067,-79.0888,0.4750,23,0.5750,0.7143,7,7,5,0,0,7,5,0.2857
4,288.0000,11,44,582.4927,-85.0822,-0.4161,9,0.2250,0.8750,8,8,8,0,0,8,8,0.0000
4,288.0000,11,45,554.3151,-83.5345,-0.4236,15,0.3750,0.8750,8,7,5,0,0,7,5,0.2857
4,288.0000,11,47,773.5487,-86.5360,-0.1149,5,0.1250,1.0000,8,6,6,0,0,6,6,0.0000
4,288.0000,12,2,694.6262,-85.9121,0.5194,5,0.1250,1.0000,8,8,8,0,0,8,8,0.0000
4,288.0000,12,3,736.2136,-87.7544,0.2239,3,0.0750,1.0000,8,8,8,0,0,8,8,0.0000
4,288.0000,12,5,957.5582,-88.1574,-0.8545,4,0.1000,1.0000,8,4,4,0,0,4,4,0.0000
4,288.0000,12,7,333.9104,-80.0631,-0.2982,26,0.6500,0.5714,7,7,6,0,0,7,6,0.1429
4,288.0000,12,17,769.1158,-87.8667,0.0817,5,0.1250,1.0000,8,8,8,0,0,8,8,0.0000
4,288.0000,12,18,905.5896,-87.1695,-2.3779,3,0.0750,1.0000,8,8,8,0,0,8,8,0.0000
4,288.0000,12,20,742.1227,-85.6388,0.3420,6,0.1500,1.0000,8,8,8,0,0,8,8,0.0000
4,288.0000,12,22,721.8001,-87.3968,0.4796,7,0.1750,1.0000,8,8,8,0,0,8,8,0.0000
4,288.0000,12,23,745.2018,-84.9833,-0.7414,8,0.2000,1.0000,8,8,8,0,0,8,8,0.0000
4,288.0000,12,26,365.3213,-81.8707,0.1495,18,0.4500,0.8750,8,8,7,0,0,8,7,0.1250
4,288.0000,12,29,260.5367,-76.1564,-0.6949,29,0.7250,0.3333,6,4,0,0,0,4,0,1.0000
4,288.0000,12,33,371.2599,-80.3353,-0.8064,21,0.5250,0.8571,7,7,6,0,0,7,6,0.1429
4,288.0000,12,34,576.1899,-84.3626,0.0208,15,0.3750,0.8571,7,10,10,0,0,10,10,0.0000
4,288.0000,12,35,340.5459,-80.9003,0.1296,23,0.5750,0.6667,6,5,1,0,0,5,1,0.8000
4,288.0000,12,41,598.0833,-85.4110,-0.1154,13,0.3250,1.0000,8,8,8,0,0,8,8,0.0000
4,288.0000,12,43,766.6128,-86.4264,-0.1566,5,0.1250,0.6667,6,8,8,0,0,8,8,0.0000
4,288.0000,12,45,385.4096,-82.6403,1.8275,10,0.2500,0.7143,7,8,6,0,0,8,6,0.2500
4,288.0000,13,0,540.0235,-85.1677,1.0504,15,0.3750,0.7143,7,8,7,0,0,8,7,0.1250
4,288.0000,13,1,171.3258,-72.0091,-1.0041,30,0.7500,0.2000,5,4,0,0,0,4,0,1.0000
4,288.0000,13,4,508.5086,-84.2144,-0.8172,11,0.2750,1.0000,8,8,7,0,0,8,7,0.1250
4,288.0000,13,6,466.3086,-82.8184,0.1836,19,0.4750,0.8571,7,7,4,0,0,7,4,0.4286
4,288.0000,13,9,329.5003,-81.8786,-1.2821,15,0.3750,0.6667,6,6,4,0,0,6,4,0.3333
4,288.0000,13,10,587.4948,-85.9832,-0.5495,4,0.1000,1.0000,8,8,8,0,0,8,8,0.0000
4,288.0000,13,14,487.2796,-82.9027,-0.2328,14,0.3500,0.8571,7,7,5,0,0,7,5,0.2857
4,288.0000,13,15,736.6622,-87.0624,0.1248,9,0.2250,1.0000,8,6,6,0,0,6,6,0.0000
4,288.0000,13,16,320.4487,-79.2467,0.1665,15,0.3750,0.6250,8,5,4,0,0,5,4,0.2000
4,288.0000,13,19,774.6752,-86.7005,0.1270,9,0.2250,1.0000,8,3,2,0,0,3,2,0.3333
4,288.0000,13,21,495.8221,-82.4689,-0.2226,10,0.2500,0.7143,7,8,8,0,0,8,8,0.0000
4,288.0000,13,25,413.2702,-80.5008,-0.8908,9,0.2250,0.8333,12,8,8,0,0,8,8,0.0000
4,288.0000,13,27,878.8963,-87.3877,-0.5448,3,0.0750,1.0000,2,6,6,0,0,6,6,0.0000
4,288.0000,13,28,358.7404,-81.0851,0.8158,22,0.5500,0.8571,7,7,5,0,0,7,5,0.2857
4,288.0000,13,30,288.6124,-79.9845,0.1167,20,0.5000,0.4000,5,6,3,0,0,6,3,0.5000
4,288.0000,13,31,273.1629,-77.1013,-0.6072,21,0.5250,0.3333,6,5,2,0,0,5,2,0.6000
4,288.0000,13,32,812.2496,-85.5692,-1.1029,3,0.0750,1.0000,8,6,6,0,0,6,6,0.0000
4,288.0000,13,36,98.3090,-68.5111,-0.3645,36,0.9000,0.3333,6,4,0,0,0,4,0,1.0000
4,288.0000,13,37,850.1894,-87.6613,0.7893,3,0.0750,,0,6,6,0,0,6,6,0.0000
4,288.0000,13,38,389.3449,-82.4441,-0.1197,14,0.3500,0.8571,7,8,7,0,0,8,7,0.1250
4,288.0000,13,39,479.0006,-83.6996,0.5181,16,0.4000,0.4000,5,7,6,0,0,7,6,0.1429
4,288.0000,13,40,533.9379,-85.3078,-0.3166,12,0.3000,0.8750,8,6,4,0,0,6,4,0.3333
4,288.0000,13,42,593.4887,-82.9287,-0.7923,16,0.4000,1.0000,8,6,4,0,0,6,4,0.3333
4,288.0000,13,44,506.1869,-82.0249,-0.0321,9,0.2250,0.8571,7,8,8,0,0,8,8,0.0000
4,288.0000,13,46,180.8022,-76.4726,1.0326,28,0.7000,0.4000,5,5,1,0,0,5,1,0.8000
4,288.0000,13,47,319.5070,-78.1618,-1.1683,30,0.7500,0.4000,5,8,7,0,0,8,7,0.1250
4,288.0000,14,1,397.2088,-83.3238,-0.3708,7,0.1750,1.0000,8,7,6,0,0,7,6,0.1429
4,288.0000,14,6,853.3371,-86.4559,-0.5720,3,0.0750,1.0000,8,8,8,0,0,8,8,0.0000
4,288.0000,14,9,299.2513,-78.8897,0.2817,19,0.4750,0.4000,5,8,8,0,0,8,8,0.0000
4,288.0000,14,10,451.9627,-83.7750,0.4067,5,0.1250,0.8571,7,7,6,0,0,7,6,0.1429
4,288.0000,14,13,487.2796,-83.3843,0.8055,10,0.2500,1.0000,8,7,6,0,0,7,6,0.1429
4,288.0000,14,16,546.3885,-81.5734,-0.0061,6,0.1500,0.7778,9,6,6,0,0,6,6,0.0000
4,288.0000,14,25,553.1416,-83.2977,0.0587,6,0.1500,1.0000,8,10,10,0,0,10,10,0.0000
4,288.0000,14,27,570.6690,-82.3545,-1.3549,9,0.2250,1.0000,8,8,8,0,0,8,8,0.0000
4,288.0000,14,28,770.7720,-86.5787,0.0850,6,0.1500,0.6667,3,8,8,0,0,8,8,0.0000
4,288.0000,14,30,452.8952,-82.8832,1.0005,12,0.3000,1.0000,8,7,6,0,0,7,6,0.1429
4,288.0000,14,31,357.1541,-79.9335,-0.1696,12,0.3000,1.0000,8,8,7,0,0,8,7,0.1250
4,288.0000,14,36,499.4245,-84.0175,0.5408,8,0.2000,0.8750,8,7,6,0,0,7,6,0.1429
4,288.0000,14,37,568.8986,-84.0538,-0.7336,3,0.0750,1.0000,8,8,7,0,0,8,7,0.1250
4,288.0000,14,38,178.8328,-73.9135,0.8730,35,0.8750,0.3333,6,5,2,0,0,5,2,0.6000
4,288.0000,14,39,619.3027,-85.1588,-0.0981,5,0.1250,1.0000,6,8,8,0,0,8,8,0.0000
4,288.0000,14,40,845.7145,-86.9746,-0.1348,5,0.1250,1.0000,8,4,4,0,0,4,4,0.0000
4,288.0000,14,44,329.1426,-78.6467,-0.1111,27,0.6750,0.8750,8,7,5,0,0,7,5,0.2857
4,288.0000,14,46,500.4006,-84.7263,-0.4947,12,0.3000,1.0000,8,6,4,0,0,6,4,0.3333
4,288.0000,14,47,708.7116,-84.5989,1.3168,3,0.0750,1.0000,8,8,8,0,0,8,8,0.0000
4,288.0000,15,0,360.0944,-80.8080,0.4758,18,0.4615,0.2000,5,5,1,0,0,5,1,0.8000
4,288.0000,15,13,736.6622,-87.0100,0.6282,4,0.1026,1.0000,8,8,8,0,0,8,8,0.0000
4,288.0000,15,19,80.0325,-60.1306,1.0633,32,0.8205,0.4000,5,4,0,0,0,4,0,1.0000
4,288.0000,15,28,382.5123,-80.5664,-0.2962,18,0.4615,0.7143,7,8,7,0,0,8,7,0.1250
4,288.0000,15,39,579.4037,-83.4976,0.4869,11,0.2821,0.8750,8,8,8,0,0,8,8,0.0000
4,288.0000,15,40,455.5929,-82.3429,-0.3803,16,0.4103,0.8750,8,7,5,0,0,7,5,0.2857
4,288.0000,15,46,632.8999,-86.9132,0.1049,5,0.1282,1.0000,8,8,8,0,0,8,8,0.0000
4,288.0000,15,47,724.7456,-85.7242,-0.1393,3,0.0769,1.0000,8,8,8,0,0,8,8,0.0000
4,288.0000,16,0,808.1876,-87.4691,-0.0842,5,0.1250,1.0000,4,2,1,0,0,2,1,0.5000
4,288.0000,16,1,202.7774,-75.8636,0.5030,32,0.8000,0.0000,4,8,6,1,0,9,6,0.3333
4,288.0000,16,2,666.0371,-86.9058,-1.4549,8,0.2000,0.8571,7,8,8,0,0,8,8,0.0000
4,288.0000,16,3,669.4956,-85.8645,0.6598,8,0.2000,1.0000,8,4,4,0,0,4,4,0.0000
4,288.0000,16,4,378.0784,-81.5904,0.4555,23,0.5750,0.5714,7,7,6,0,0,7,6,0.1429
4,288.0000,16,6,558.0641,-86.6192,0.4814,10,0.2500,1.0000,8,6,4,0,0,6,4,0.3333
4,288.0000,16,8,340.5332,-80.4814,0.1088,13,0.3250,1.0000,8,8,7,0,0,8,7,0.1250
4,288.0000,16,9,359.1660,-80.9452,-0.1726,26,0.6500,0.8750,8,6,3,0,0,6,3,0.5000
4,288.0000,16,10,388.7477,-80.7057,1.2561,20,0.5000,0.6667,6,7,5,0,0,7,5,0.2857
4,288.0000,16,11,495.7539,-82.1619,0.1275,9,0.2250,0.8750,8,7,6,0,0,7,6,0.1429
4,288.0000,16,13,320.4487,-79.2464,-0.3921,27,0.6750,0.7143,7,6,3,0,0,6,3,0.5000
4,288.0000,16,14,546.3885,-82.8235,-0.6051,20,0.5000,0.6667,6,8,7,0,0,8,7,0.1250
4,288.0000,16,17,770.5192,-86.8567,-1.1813,8,0.2000,1.0000,4,8,8,0,0,8,8,0.0000
4,288.0000,16,18,932.0889,-86.4315,-1.2333,4,0.1000,1.0000,6,8,8,0,0,8,8,0.0000
4,288.0000,16,19,1062.4730,-88.6237,1.1400,3,0.0750,1.0000,6,2,2,0,0,2,2,0.0000
4,288.0000,16,20,733.3856,-87.4400,-0.0792,7,0.1750,1.0000,6,6,6,0,0,6,6,0.0000
4,288.0000,16,21,219.5196,-76.7659,0.1794,32,0.8000,0.0000,4,6,2,49,24,55,26,0.5273
4,288.0000,16,22,673.8107,-85.9870,0.6526,8,0.2000,1.0000,8,6,6,0,0,6,6,0.0000
4,288.0000,16,23,682.5278,-86.2358,-0.8339,8,0.2000,1.0000,8,3,2,0,0,3,2,0.3333
4,288.0000,16,24,490.1661,-85.0862,1.1356,10,0.2500,0.8750,8,8,7,0,0,8,7,0.1250
4,288.0000,16,25,117.6585,-70.8150,1.4272,32,0.8000,0.0000,4,5,1,1,0,6,1,0.8333
4,288.0000,16,27,707.6020,-85.0603,-1.4021,11,0.2750,1.0000,2,4,4,0,0,4,4,0.0000
4,288.0000,16,28,635.5044,-85.5515,0.1623,11,0.2750,1.0000,4,8,8,0,0,8,8,0.0000
4,288.0000,16,30,526.4397,-85.7366,-0.0394,15,0.3750,0.7143,7,7,5,2,2,9,7,0.2222
4,288.0000,16,31,223.5723,-75.5369,0.1246,33,0.8250,0.2000,5,6,4,0,0,6,4,0.3333
4,288.0000,16,32,558.9821,-84.4802,-0.7972,9,0.2250,0.8750,8,6,6,0,0,6,6,0.0000
4,288.0000,16,36,305.8259,-79.3862,0.0275,24,0.6000,0.0000,4,5,2,70,60,75,62,0.1733
4,288.0000,16,37,652.0542,-86.4656,-0.9672,8,0.2000,1.0000,6,8,7,0,0,8,7,0.1250
4,288.0000,16,38,505.1263,-82.6642,0.3150,23,0.5750,0.8571,7,8,7,0,0,8,7,0.1250
4,288.0000,16,39,790.0512,-87.0466,-1.1486,7,0.1750,1.0000,4,7,6,0,0,7,6,0.1429
4,288.0000,16,40,837.2293,-87.5534,0.2755,7,0.1750,1.0000,8,4,4,0,0,4,4,0.0000
4,288.0000,16,42,602.0801,-85.0996,-0.4266,13,0.3250,0.7143,7,6,4,0,0,6,4,0.3333
4,288.0000,16,43,716.2991,-87.4773,0.4477,7,0.1750,0.8000,5,7,6,0,0,7,6,0.1429
4,288.0000,16,44,418.7238,-80.7336,-1.5366,22,0.5500,0.7770,139,7,5,2,2,9,7,0.2222
4,288.0000,16,45,968.5716,-88.7454,-0.5301,4,0.1000,1.0000,6,6,6,0,0,6,6,0.0000
4,288.0000,16,46,497.7199,-84.3702,-0.2402,15,0.3750,0.6667,6,7,5,0,0,7,5,0.2857
4,288.0000,16,47,378.1748,-81.1570,-0.1052,22,0.5500,0.8571,7,7,6,0,0,7,6,0.1429
4,288.0000,17,2,295.5050,-80.2495,0.4985,17,0.4250,0.5000,6,6,3,0,0,6,3,0.5000
4,288.0000,17,3,573.9522,-83.8524,0.8987,10,0.2500,1.0000,8,6,6,0,0,6,6,0.0000
4,288.0000,17,5,625.9984,-84.5198,0.6074,12,0.3000,1.0000,4,8,8,0,0,8,8,0.0000
4,288.0000,17,7,726.5014,-86.5670,0.4390,7,0.1750,0.7500,8,8,8,0,0,8,8,0.0000
4,288.0000,17,8,499.0973,-84.8921,0.5160,7,0.1750,0.8571,7,8,8,0,0,8,8,0.0000
4,288.0000,17,9,841.1739,-86.6344,0.5454,3,0.0750,1.0000,8,6,6,0,0,6,6,0.0000
4,288.0000,17,10,506.7018,-82.3326,0.0643,7,0.1750,0.8750,8,8,8,0,0,8,8,0.0000
4,288.0000,17,11,448.6006,-82.4350,0.0037,9,0.2250,0.6667,6,8,8,0,0,8,8,0.0000
4,288.0000,17,12,769.1158,-86.2329,-0.2953,7,0.1750,0.7500,8,8,8,0,0,8,8,0.0000
4,288.0000,17,16,770.5192,-86.3785,-0.3840,3,0.0750,1.0000,8,8,8,0,0,8,8,0.0000
4,288.0000,17,18,475.4814,-82.9755,-0.0872,16,0.4000,0.6667,6,8,8,0,0,8,8,0.0000
4,288.0000,17,20,652.7692,-85.4274,0.6476,8,0.2000,0.7143,7,6,6,0,0,6,6,0.0000
4,288.0000,17,21,705.3327,-86.3974,0.5424,5,0.1250,1.0000,6,8,8,0,0,8,8,0.0000
4,288.0000,17,22,512.4989,-82.1633,-0.4443,7,0.1750,1.0000,8,8,8,0,0,8,8,0.0000
4,288.0000,17,23,572.4525,-83.0068,-0.0630,5,0.1250,0.8750,8,8,7,0,0,8,7,0.1250
4,288.0000,17,24,904.4912,-87.5433,0.7504,4,0.1000,1.0000,8,8,8,0,0,8,8,0.0000
4,288.0000,17,26,581.2573,-83.8175,0.3656,13,0.3250,1.0000,8,8,8,0,0,8,8,0.0000
4,288.0000,17,27,470.4362,-82.3735,0.1286,10,0.2500,0.8750,8,7,6,0,0,7,6,0.1429
4,288.0000,17,29,661.5196,-85.6115,0.5801,12,0.3000,1.0000,8,8,8,0,0,8,8,0.0000
4,288.0000,17,31,852.9976,-88.2993,-0.1716,3,0.0750,1.0000,4,6,6,0,0,6,6,0.0000
4,288.0000,17,32,831.8346,-88.0621,-0.4037,4,0.1000,1.0000,8,4,4,0,0,4,4,0.0000
4,288.0000,17,33,563.9257,-83.4505,0.2179,11,0.2750,0.8750,8,8,8,0,0,8,8,0.0000
4,288.0000,17,34,592.9412,-84.9269,0.2103,12,0.3000,1.0000,8,7,5,0,0,7,5,0.2857
4,288.0000,17,35,659.6025,-84.9929,0.4736,9,0.2250,1.0000,8,5,3,0,0,5,3,0.4000
4,288.0000,17,37,494.3253,-83.1668,0.7553,16,0.4000,1.0000,8,8,8,0,0,8,8,0.0000
4,288.0000,17,41,432.5253,-83.0011,0.2020,19,0.4750,0.8571,7,8,8,0,0,8,8,0.0000
4,288.0000,17,43,220.9040,-76.3169,0.5227,31,0.7750,0.3333,6,7,3,0,0,7,3,0.5714
4,288.0000,17,44,674.4619,-86.8660,0.1622,3,0.0750,0.8000,5,8,8,0,0,8,8,0.0000
4,288.0000,17,45,450.3945,-81.2904,-0.3624,14,0.3500,0.5714,7,8,8,0,0,8,8,0.0000
4,288.0000,18,2,534.5161,-84.5169,1.8050,7,0.1750,1.0000,8,8,8,0,0,8,8,0.0000
4,288.0000,18,3,788.9239,-87.5488,9.7740,3,0.0750,1.0000,8,4,4,0,0,4,4,0.0000
4,288.0000,18,5,235.8884,-78.5065,1.2018,32,0.8000,0.4286,7,4,0,0,0,4,0,1.0000
4,288.0000,18,7,770.8205,-87.4733,-0.4232,7,0.1750,1.0000,8,8,8,0,0,8,8,0.0000
4,288.0000,18,8,754.0719,-87.2093,-1.4537,3,0.0750,1.0000,8,6,6,0,0,6,6,0.0000
4,288.0000,18,10,617.0399,-83.7376,-0.8955,10,0.2500,1.0000,8,8,8,0,0,8,8,0.0000
4,288.0000,18,11,539.1191,-82.8077,-1.1835,11,0.2750,0.8889,9,8,8,0,0,8,8,0.0000
4,288.0000,18,12,905.5896,-87.9823,-0.1065,3,0.0750,1.0000,4,8,8,0,0,8,8,0.0000
4,288.0000,18,14,865.1627,-85.8852,-0.8980,5,0.1250,1.0000,2,4,4,0,0,4,4,0.0000
4,288.0000,18,17,475.4814,-83.2027,-0.3170,12,0.3000,1.0000,8,8,8,0,0,8,8,0.0000
4,288.0000,18,20,914.2200,-88.9648,1.1555,3,0.0750,1.0000,8,6,6,0,0,6,6,0.0000
4,288.0000,18,21,972.2276,-88.3470,-0.8519,3,0.0750,1.0000,6,6,6,0,0,6,6,0.0000
4,288.0000,18,22,808.9456,-86.4616,-0.4402,5,0.1250,1.0000,8,3,2,0,0,3,2,0.3333
4,288.0000,18,23,861.7628,-87.8209,1.7861,3,0.0750,0.8571,7,6,6,0,0,6,6,0.0000
4,288.0000,18,24,1010.6295,-88.3079,-1.3583,3,0.0750,1.0000,4,8,8,0,0,8,8,0.0000
4,288.0000,18,26,579.5766,-84.9542,0.1201,10,0.2500,0.8333,6,6,6,0,0,6,6,0.0000
4,288.0000,18,27,389.3995,-82.4463,-0.2422,15,0.3750,0.7143,7,8,8,0,0,8,8,0.0000
4,288.0000,18,29,693.8508,-86.4987,-0.8179,8,0.2000,1.0000,8,6,6,0,0,6,6,0.0000
4,288.0000,18,33,607.0717,-85.9082,-0.8187,7,0.1750,0.8000,5,8,8,0,0,8,8,0.0000
4,288.0000,18,34,400.4567,-82.8155,0.5014,18,0.4500,0.6667,6,6,4,0,0,6,4,0.3333
4,288.0000,18,35,627.0671,-84.9941,0.0770,14,0.3500,0.8750,8,4,4,0,0,4,4,0.0000
4,288.0000,18,37,312.0347,-75.1644,-1.6380,29,0.7250,0.2000,5,8,7,0,0,8,7,0.1250
4,288.0000,18,41,356.2475,-81.7130,0.6470,20,0.5000,0.5000,6,7,6,0,0,7,6,0.1429
4,288.0000,18,43,334.3563,-79.4622,-0.3992,21,0.5250,0.8750,8,7,6,0,0,7,6,0.1429
4,288.0000,18,45,701.3319,-86.5848,-0.4483,7,0.1750,1.0000,8,8,8,0,0,8,8,0.0000
4,288.0000,19,0,366.0804,-80.7119,0.2252,19,0.4750,0.5000,6,6,3,0,0,6,3,0.5000
4,288.0000,19,6,716.0604,-86.8228,-0.9545,5,0.1250,1.0000,8,8,8,0,0,8,8,0.0000
4,288.0000,19,13,774.6752,-85.1838,1.4956,3,0.0750,1.0000,8,8,8,0,0,8,8,0.0000
4,288.0000,19,15,80.0325,-60.1567,1.3089,35,0.8750,0.0000,4,5,1,0,0,5,1,0.8000
4,288.0000,19,28,430.1268,-81.1253,-0.8675,15,0.3750,1.0000,8,7,6,0,0,7,6,0.1429
4,288.0000,19,30,812.8976,-88.3568,0.0966,3,0.0750,1.0000,8,8,8,0,0,8,8,0.0000
4,288.0000,19,39,574.7482,-83.8221,-0.5130,12,0.3000,1.0000,8,6,4,0,0,6,4,0.3333
4,288.0000,19,40,435.3787,-83.4420,0.8934,15,0.3750,0.8750,8,8,8,0,0,8,8,0.0000
4,288.0000,19,46,658.4457,-85.6800,-0.1334,7,0.1750,1.0000,8,8,8,0,0,8,8,0.0000
4,288.0000,20,2,398.1880,-80.2739,-0.4325,15,0.3750,0.8571,7,6,4,0,0,6,4,0.3333
4,288.0000,20,3,138.8067,-72.7007,0.1689,33,0.8250,0.0000,5,6,4,0,0,6,4,0.3333
4,288.0000,20,4,740.5213,-87.4155,1.3285,5,0.1250,1.0000,6,8,8,0,0,8,8,0.0000
4,288.0000,20,6,1036.1804,-87.8754,0.2139,3,0.0750,1.0000,6,10,10,0,0,10,10,0.0000
4,288.0000,20,7,577.9427,-84.9835,-0.3906,11,0.2750,1.0000,8,8,8,0,0,8,8,0.0000
4,288.0000,20,8,440.9169,-81.2846,-1.2033,10,0.2500,0.9878,82,7,6,0,0,7,6,0.1429
4,288.0000,20,10,800.8696,-86.1668,1.0150,3,0.0750,1.0000,6,7,6,0,0,7,6,0.1429
4,288.0000,20,11,477.4048,-83.6206,0.1505,8,0.2000,0.8333,6,8,8,0,0,8,8,0.0000
4,288.0000,20,12,742.1227,-86.2343,0.1635,8,0.2000,1.0000,8,6,6,0,0,6,6,0.0000
4,288.0000,20,16,733.3856,-86.6321,0.8404,6,0.1500,1.0000,8,8,8,0,0,8,8,0.0000
4,288.0000,20,17,652.7692,-86.0302,1.0296,7,0.1750,0.8750,8,8,8,0,0,8,8,0.0000
4,288.0000,20,18,914.2200,-88.5422,-0.3412,3,0.0750,1.0000,8,2,2,0,0,2,2,0.0000
4,288.0000,20,21,605.2953,-86.3992,1.5274,6,0.1500,1.0000,14,8,8,128,127,136,135,0.0074
4,288.0000,20,22,144.7121,-75.6298,1.6721,26,0.6500,0.4000,5,5,2,0,0,5,2,0.6000
4,288.0000,20,23,91.9499,-71.2428,1.6078,33,0.8250,0.5000,6,5,2,0,0,5,2,0.6000
4,288.0000,20,24,515.1480,-82.5302,0.1886,10,0.2500,0.7143,7,7,6,0,0,7,6,0.1429
4,288.0000,20,25,656.0768,-85.8655,-2.0038,5,0.1250,1.0000,70,8,8,16,16,24,24,0.0000
4,288.0000,20,26,812.9717,-86.9752,0.6870,5,0.1250,1.0000,8,6,6,0,0,6,6,0.0000
4,288.0000,20,29,672.5429,-85.8759,1.1224,9,0.2250,1.0000,8,8,8,0,0,8,8,0.0000
4,288.0000,20,31,885.0202,-87.7761,0.0676,4,0.1000,1.0000,8,4,4,0,0,4,4,0.0000
4,288.0000,20,32,399.2798,-83.6611,0.2708,12,0.3000,0.6667,6,7,6,0,0,7,6,0.1429
4,288.0000,20,33,563.3076,-83.9758,0.0592,13,0.3250,1.0000,8,8,8,0,0,8,8,0.0000
4,288.0000,20,34,839.8882,-87.3612,2.0740,4,0.1000,1.0000,4,8,8,0,0,8,8,0.0000
4,288.0000,20,35,824.8899,-88.0175,-1.1833,7,0.1750,1.0000,4,2,2,0,0,2,2,0.0000
4,288.0000,20,41,849.2121,-87.4912,0.1710,4,0.1000,1.0000,6,6,6,0,0,6,6,0.0000
4,288.0000,20,43,610.8013,-85.0834,0.5651,7,0.1750,1.0000,8,8,8,0,0,8,8,0.0000
4,288.0000,20,45,431.4485,-83.4781,0.4886,16,0.4000,0.4000,5,8,8,8,8,16,16,0.0000
4,288.0000,21,1,413.1234,-81.0074,-0.3997,17,0.4250,0.0000,4,8,8,0,0,8,8,0.0000
4,288.0000,21,2,599.7790,-85.1102,0.4864,6,0.1500,0.8750,8,8,8,0,0,8,8,0.0000
4,288.0000,21,3,574.6756,-85.7758,0.5709,9,0.2250,1.0000,8,8,8,0,0,8,8,0.0000
4,288.0000,21,4,278.4733,-78.0458,-0.3670,31,0.7750,0.6667,6,6,4,0,0,6,4,0.3333
4,288.0000,21,6,668.6653,-84.5601,-0.0890,13,0.3250,0.8571,7,8,8,0,0,8,8,0.0000
4,288.0000,21,8,253.3577,-78.5515,0.5396,24,0.6000,0.6667,6,6,3,0,0,6,3,0.5000
4,288.0000,21,9,515.1572,-82.9201,0.2474,12,0.3000,1.0000,8,7,6,0,0,7,6,0.1429
4,288.0000,21,10,463.0330,-82.0887,-0.6266,12,0.3000,0.8750,8,8,8,0,0,8,8,0.0000
4,288.0000,21,11,502.4974,-83.6943,0.0635,11,0.2750,0.6667,6,9,9,0,0,9,9,0.0000
4,288.0000,21,13,495.8221,-81.8503,-0.4107,15,0.3750,1.0000,8,7,6,0,0,7,6,0.1429
4,288.0000,21,14,740.5843,-86.1321,-0.3526,6,0.1500,1.0000,6,8,8,0,0,8,8,0.0000
4,288.0000,21,16,219.5196,-76.8283,0.3395,27,0.6750,0.4000,5,7,6,0,0,7,6,0.1429
4,288.0000,21,17,705.3327,-87.2637,1.2307,5,0.1250,1.0000,8,7,6,0,0,7,6,0.1429
4,288.0000,21,20,605.2953,-87.0580,-0.0631,7,0.1750,1.0000,8,8,8,0,0,8,8,0.0000
4,288.0000,21,22,543.7135,-84.1875,0.4151,12,0.3000,0.8571,7,8,7,0,0,8,7,0.1250
4,288.0000,21,23,547.7352,-84.9495,0.1606,8,0.2000,1.0000,8,8,7,0,0,8,7,0.1250
4,288.0000,21,24,503.6615,-84.1470,0.9719,13,0.3250,0.7143,7,6,4,0,0,6,4,0.3333
4,288.0000,21,25,250.1033,-77.1666,-0.2907,28,0.7000,0.3333,6,8,7,0,0,8,7,0.1250
4,288.0000,21,27,774.2654,-87.1106,0.3054,4,0.1000,1.0000,2,8,7,0,0,8,7,0.1250
4,288.0000,21,28,774.0571,-87.5640,-0.0636,6,0.1500,1.0000,4,6,6,0,0,6,6,0.0000
4,288.0000,21,30,677.1103,-85.9284,0.2296,9,0.2250,0.8571,7,7,6,4,4,11,10,0.0909
4,288.0000,21,31,440.9884,-82.3622,-0.0119,10,0.2500,0.6667,6,8,8,0,0,8,8,0.0000
4,288.0000,21,32,540.6826,-84.3204,0.0163,12,0.3000,0.6667,6,8,8,0,0,8,8,0.0000
4,288.0000,21,33,995.2460,-88.0466,0.6904,3,0.0750,1.0000,2,2,2,0,0,2,2,0.0000
4,288.0000,21,36,456.4543,-82.1350,-0.8548,18,0.4500,0.8571,7,5,2,0,0,5,2,0.6000
4,288.0000,21,37,735.8358,-87.2375,-0.5185,5,0.1250,1.0000,4,8,8,0,0,8,8,0.0000
4,288.0000,21,38,686.9113,-86.1984,-0.6672,8,0.2000,1.0000,8,8,8,0,0,8,8,0.0000
4,288.0000,21,40,960.0209,-87.8399,-0.0474,5,0.1250,1.0000,8,4,4,0,0,4,4,0.0000
4,288.0000,21,42,585.4153,-83.9483,-0.2897,15,0.3750,0.8571,7,8,8,0,0,8,8,0.0000
4,288.0000,21,43,697.6256,-85.2203,0.6010,3,0.0750,1.0000,10,8,8,0,0,8,8,0.0000
4,288.0000,21,44,535.9614,-82.8747,0.5257,12,0.3000,0.8571,7,7,6,61,58,68,64,0.0588
4,288.0000,21,45,861.7208,-87.4212,-3.9273,3,0.0750,1.0000,4,8,8,0,0,8,8,0.0000
4,288.0000,21,46,673.2979,-85.8489,0.1202,9,0.2250,0.8750,8,8,8,2,2,10,10,0.0000
4,288.0000,21,47,507.2028,-83.0665,0.2630,15,0.3750,0.8571,7,7,6,0,0,7,6,0.1429
4,288.0000,22,1,862.9128,-88.0068,-0.5142,3,0.0750,1.0000,8,8,8,0,0,8,8,0.0000
4,288.0000,22,2,276.9258,-75.5464,-1.7305,33,0.8250,0.2000,5,8,8,0,0,8,8,0.0000
4,288.0000,22,3,136.2136,-73.5745,0.8276,37,0.9250,0.0000,4,4,0,0,0,4,0,1.0000
4,288.0000,22,4,724.4629,-84.2524,-0.7375,4,0.1000,1.0000,8,8,8,0,0,8,8,0.0000
4,288.0000,22,7,581.7014,-85.5586,0.8317,11,0.2750,0.7143,7,7,5,0,0,7,5,0.2857
4,288.0000,22,8,348.9261,-79.3969,-0.3716,15,0.3750,0.6667,6,7,6,0,0,7,6,0.1429
4,288.0000,22,9,943.2353,-89.5337,-0.1424,3,0.0750,1.0000,6,4,4,0,0,4,4,0.0000
4,288.0000,22,10,687.5298,-84.7459,-1.6512,3,0.0750,1.0000,8,7,6,0,0,7,6,0.1429
4,288.0000,22,11,392.0797,-80.3153,-0.6729,16,0.4000,1.0000,8,8,7,0,0,8,7,0.1250
4,288.0000,22,12,721.8001,-86.5343,-0.3459,9,0.2250,0.8750,8,7,5,0,0,7,5,0.2857
4,288.0000,22,16,673.8107,-86.2351,1.1281,4,0.1000,0.8750,8,7,6,0,0,7,6,0.1429
4,288.0000,22,17,512.4989,-81.7178,-1.1140,10,0.2500,0.8000,5,8,8,0,0,8,8,0.0000
4,288.0000,22,18,808.9456,-86.0521,-2.9123,3,0.0750,1.0000,8,4,4,0,0,4,4,0.0000
4,288.0000,22,20,144.7121,-75.0593,1.4700,35,0.8750,0.2000,5,4,0,0,0,4,0,1.0000
4,288.0000,22,21,543.7135,-84.8841,0.5390,6,0.1500,0.8571,7,7,6,0,0,7,6,0.1429
4,288.0000,22,23,60.2973,-65.8434,1.1620,40,1.0000,0.2000,5,5,1,0,0,5,1,0.8000
4,288.0000,22,24,555.1838,-85.0439,0.4384,10,0.2500,0.8571,7,7,6,0,0,7,6,0.1429
4,288.0000,22,25,596.2396,-85.8577,-0.8152,5,0.1250,1.0000,8,8,8,0,0,8,8,0.0000
4,288.0000,22,26,744.0822,-85.7830,-0.5092,9,0.2250,1.0000,6,8,8,0,0,8,8,0.0000
4,288.0000,22,27,838.8360,-85.3389,-0.1905,3,0.0750,1.0000,2,8,8,0,0,8,8,0.0000
4,288.0000,22,29,642.3394,-85.6521,0.5099,9,0.2250,1.0000,8,8,8,0,0,8,8,0.0000
4,288.0000,22,31,824.8469,-86.7390,-0.7241,3,0.0750,1.0000,2,7,6,0,0,7,6,0.1429
4,288.0000,22,32,451.0046,-83.4080,1.1506,9,0.2250,1.0000,8,8,7,0,0,8,7,0.1250
4,288.0000,22,33,524.1724,-83.3350,0.4320,17,0.4250,0.8750,8,5,4,0,0,5,4,0.2000
4,288.0000,22,34,771.1661,-87.3262,-0.0947,6,0.1500,0.6000,5,8,8,0,0,8,8,0.0000
4,288.0000,22,35,771.2095,-87.1061,-0.0342,9,0.2250,0.8750,8,2,2,0,0,2,2,0.0000
4,288.0000,22,37,738.4007,-85.9621,1.8156,4,0.1000,1.0000,6,8,8,0,0,8,8,0.0000
4,288.0000,22,41,748.9505,-86.6632,-0.1457,5,0.1250,0.6667,3,8,8,0,0,8,8,0.0000
4,288.0000,22,43,489.8861,-82.0665,-0.2594,13,0.3250,0.5000,6,8,8,0,0,8,8,0.0000
4,288.0000,22,44,861.9400,-88.1164,0.2670,3,0.0750,1.0000,4,6,6,0,0,6,6,0.0000
4,288.0000,22,45,363.6674,-78.1216,-1.2572,27,0.6750,0.0000,4,6,4,0,0,6,4,0.3333
4,288.0000,22,47,921.6217,-87.3244,-0.4141,3,0.0750,1.0000,8,8,8,0,0,8,8,0.0000
4,288.0000,23,1,874.3776,-88.5054,0.9429,4,0.1000,1.0000,6,8,8,0,0,8,8,0.0000
4,288.0000,23,2,332.9095,-77.7023,-1.2903,23,0.5750,0.0000,3,8,7,58,55,66,62,0.0606
4,288.0000,23,3,132.4274,-71.7968,-0.0728,36,0.9000,0.1429,14,6,2,0,0,6,2,0.6667
4,288.0000,23,4,707.7344,-86.2744,-0.6598,5,0.1250,1.0000,8,8,8,0,0,8,8,0.0000
4,288.0000,23,7,598.6692,-86.5141,-0.2298,9,0.2250,1.0000,8,5,2,0,0,5,2,0.6000
4,288.0000,23,8,371.6131,-80.6169,-0.9103,13,0.3250,0.3333,6,8,8,0,0,8,8,0.0000
4,288.0000,23,10,726.8150,-87.0280,0.0367,5,0.1250,1.0000,8,4,3,0,0,4,3,0.2500
4,288.0000,23,11,427.3452,-81.9523,-0.4289,11,0.2750,0.8571,7,8,8,0,0,8,8,0.0000
4,288.0000,23,12,745.2018,-85.5172,-0.1957,9,0.2250,1.0000,8,6,6,0,0,6,6,0.0000
4,288.0000,23,17,572.4525,-83.1434,-1.8179,10,0.2500,0.7143,7,8,8,4,4,12,12,0.0000
4,288.0000,23,18,861.7628,-87.3726,-1.7232,4,0.1000,1.0000,8,8,8,0,0,8,8,0.0000
4,288.0000,23,20,91.9499,-71.8648,2.2853,37,0.9250,0.3333,6,4,0,0,0,4,0,1.0000
4,288.0000,23,21,547.7352,-85.1610,1.1887,5,0.1250,1.0000,8,7,6,0,0,7,6,0.1429
4,288.0000,23,22,60.2973,-65.5801,1.4313,37,0.9250,0.4000,5,4,0,0,0,4,0,1.0000
4,288.0000,23,24,530.3561,-83.9068,0.2511,10,0.2500,1.0000,8,8,7,0,0,8,7,0.1250
4,288.0000,23,25,607.5031,-85.3598,-0.6281,5,0.1250,1.0000,8,8,8,0,0,8,8,0.0000
4,288.0000,23,26,788.0058,-87.1010,-0.7889,6,0.1500,1.0000,4,8,8,0,0,8,8,0.0000
4,288.0000,23,29,672.3610,-84.8916,0.5108,9,0.2250,0.8571,7,6,6,0,0,6,6,0.0000
4,288.0000,23,31,838.7928,-88.6343,-0.5818,3,0.0750,1.0000,6,8,8,0,0,8,8,0.0000
4,288.0000,23,32,424.6734,-81.7728,0.1786,11,0.2750,1.0000,8,7,5,0,0,7,5,0.2857
4,288.0000,23,33,557.2635,-83.7548,0.6443,9,0.2250,0.9789,142,8,8,80,78,88,86,0.0227
4,288.0000,23,35,810.2743,-87.0444,0.2459,4,0.1000,1.0000,8,2,2,0,0,2,2,0.0000
4,288.0000,23,37,784.3618,-87.3184,-0.3129,4,0.1000,1.0000,8,8,7,0,0,8,7,0.1250
4,288.0000,23,41,802.9034,-86.4871,0.0287,6,0.1500,,0,5,4,0,0,5,4,0.2000
4,288.0000,23,43,546.0300,-83.8892,-0.9063,7,0.1750,1.0000,8,8,8,0,0,8,8,0.0000
4,288.0000,23,45,402.4870,-79.4709,-1.2411,17,0.4250,0.6667,6,7,5,0,0,7,5,0.2857
4,288.0000,23,47,909.3578,-88.3254,0.6806,3,0.0750,1.0000,8,6,6,0,0,6,6,0.0000
4,288.0000,24,1,616.6803,-85.8979,0.5680,9,0.2250,1.0000,8,8,8,0,0,8,8,0.0000
4,288.0000,24,2,651.1762,-85.0691,0.5122,7,0.1750,1.0000,8,8,7,0,0,8,7,0.1250
4,288.0000,24,3,468.9938,-84.0931,-0.3423,13,0.3250,1.0000,8,7,6,0,0,7,6,0.1429
4,288.0000,24,4,552.3499,-84.5814,-0.8613,11,0.2750,1.0000,8,8,8,0,0,8,8,0.0000
4,288.0000,24,6,570.3820,-85.2352,-0.3151,13,0.3250,0.8571,7,8,8,0,0,8,8,0.0000
4,288.0000,24,8,464.6370,-82.9340,0.4600,14,0.3500,1.0000,8,8,8,0,0,8,8,0.0000
4,288.0000,24,9,821.8770,-89.0777,-0.4269,4,0.1000,1.0000,6,8,7,0,0,8,7,0.1250
4,288.0000,24,10,732.6594,-87.7674,-0.2964,5,0.1250,1.0000,6,8,8,0,0,8,8,0.0000
4,288.0000,24,11,494.4509,-84.0512,0.1050,6,0.1500,1.0000,8,8,8,0,0,8,8,0.0000
4,288.0000,24,13,707.4571,-85.6652,0.6631,8,0.2000,1.0000,8,6,6,0,0,6,6,0.0000
4,288.0000,24,16,490.1661,-84.9194,1.2349,7,0.1750,1.0000,8,8,8,0,0,8,8,0.0000
4,288.0000,24,17,904.4912,-88.9926,0.3449,4,0.1000,1.0000,6,8,8,0,0,8,8,0.0000
4,288.0000,24,20,515.1480,-83.6271,-0.4869,13,0.3250,1.0000,8,7,6,0,0,7,6,0.1429
4,288.0000,24,21,503.6615,-84.0932,-0.4104,8,0.2000,1.0000,8,7,6,0,0,7,6,0.1429
4,288.0000,24,22,555.1838,-84.4096,0.2290,6,0.1500,0.8750,8,8,8,0,0,8,8,0.0000
4,288.0000,24,23,530.3561,-84.0087,0.2391,12,0.3000,1.0000,8,8,8,0,0,8,8,0.0000
4,288.0000,24,25,420.8192,-83.6098,0.5255,9,0.2250,0.6667,6,8,8,0,0,8,8,0.0000
4,288.0000,24,31,571.4493,-85.6822,0.0052,9,0.2250,1.0000,8,8,8,0,0,8,8,0.0000
4,288.0000,24,32,139.3468,-70.9845,0.9094,33,0.8250,0.0000,4,7,4,0,0,7,4,0.4286
4,288.0000,24,36,741.2915,-87.1920,-0.1608,8,0.2000,1.0000,8,4,4,0,0,4,4,0.0000
4,288.0000,24,42,646.4944,-84.6354,-0.1735,11,0.2750,0.8571,7,8,8,0,0,8,8,0.0000
4,288.0000,24,43,783.9612,-86.8105,0.0227,5,0.1250,1.0000,8,8,8,0,0,8,8,0.0000
4,288.0000,24,44,839.9615,-87.3191,0.2752,3,0.0750,1.0000,8,8,8,0,0,8,8,0.0000
4,288.0000,24,45,866.1760,-87.3970,-0.6233,4,0.1000,1.0000,8,8,8,0,0,8,8,0.0000
4,288.0000,24,46,865.2499,-87.8981,0.3415,4,0.1000,1.0000,6,8,8,0,0,8,8,0.0000
4,288.0000,24,47,495.4422,-83.8782,0.8778,12,0.3000,0.8750,8,8,8,0,0,8,8,0.0000
4,288.0000,25,0,915.3645,-88.4549,-0.6701,4,0.1000,1.0000,6,2,2,0,0,2,2,0.0000
4,288.0000,25,1,270.0501,-77.4558,-0.4350,34,0.8500,0.2000,5,5,2,0,0,5,2,0.6000
4,288.0000,25,2,572.4190,-85.8039,1.8903,9,0.2250,1.0000,8,8,7,0,0,8,7,0.1250
4,288.0000,25,3,577.9540,-85.7244,0.6308,9,0.2250,1.0000,8,4,4,0,0,4,4,0.0000
4,288.0000,25,4,445.5088,-81.6122,-0.3395,23,0.5750,0.8571,7,8,8,0,0,8,8,0.0000
4,288.0000,25,6,599.7524,-83.7299,-0.2596,14,0.3500,0.8750,8,8,7,0,0,8,7,0.1250
4,288.0000,25,7,1047.4347,-89.3480,0.1787,3,0.0750,1.0000,6,3,2,0,0,3,2,0.3333
4,288.0000,25,8,271.1529,-79.0960,0.5157,18,0.4500,1.0000,8,6,3,0,0,6,3,0.5000
4,288.0000,25,9,414.7047,-83.2928,0.1090,16,0.4000,1.0000,8,7,4,2,2,9,6,0.3333
4,288.0000,25,10,354.7861,-81.1238,0.5553,11,0.2750,0.7143,7,7,6,0,0,7,6,0.1429
4,288.0000,25,11,385.6099,-82.1977,1.0927,15,0.3750,0.8750,8,7,6,0,0,7,6,0.1429
4,288.0000,25,13,413.2702,-80.9360,-1.0422,22,0.5500,0.2000,5,7,6,0,0,7,6,0.1429
4,288.0000,25,14,553.1416,-83.6025,-0.0052,16,0.4000,1.0000,10,8,8,0,0,8,8,0.0000
4,288.0000,25,16,117.6585,-70.8164,1.3181,37,0.9250,0.2000,5,6,3,0,0,6,3,0.5000
4,288.0000,25,17,702.8498,-87.1758,1.4308,8,0.2000,1.0000,4,7,6,0,0,7,6,0.1429
4,288.0000,25,18,840.5442,-88.1281,-0.7300,3,0.0750,1.0000,2,4,4,0,0,4,4,0.0000
4,288.0000,25,20,656.0768,-85.7897,-0.4060,9,0.2250,0.6667,6,6,6,0,0,6,6,0.0000
4,288.0000,25,21,250.1033,-77.0203,0.2128,30,0.7500,0.5714,7,6,3,0,0,6,3,0.5000
4,288.0000,25,22,596.2396,-86.1124,0.4838,10,0.2500,1.0000,8,6,6,0,0,6,6,0.0000
4,288.0000,25,23,607.5031,-87.1248,0.7447,7,0.1750,1.0000,8,8,8,0,0,8,8,0.0000
4,288.0000,25,24,420.8192,-82.0635,0.2956,12,0.3000,1.0000,8,8,6,0,0,8,6,0.2500
4,288.0000,25,27,654.6607,-86.3552,-0.7490,8,0.2000,0.8889,9,8,8,0,0,8,8,0.0000
4,288.0000,25,28,722.4159,-86.3508,0.3732,12,0.3000,0.8571,7,8,8,0,0,8,8,0.0000
4,288.0000,25,30,617.7457,-85.9673,1.4713,9,0.2250,0.8750,8,2,0,0,0,2,0,1.0000
4,288.0000,25,31,236.8179,-75.4200,-0.7640,30,0.7500,0.5000,6,4,0,0,0,4,0,1.0000
4,288.0000,25,32,473.2470,-82.0034,-0.5247,11,0.2750,0.7143,7,7,5,0,0,7,5,0.2857
4,288.0000,25,33,947.9378,-88.3972,2.2436,3,0.0750,1.0000,2,5,4,0,0,5,4,0.2000
4,288.0000,25,36,411.3354,-81.7856,-0.8646,21,0.5250,0.5000,6,6,4,0,0,6,4,0.3333
4,288.0000,25,37,568.2640,-86.0729,1.4682,10,0.2500,0.8571,7,8,8,0,0,8,8,0.0000
4,288.0000,25,38,548.5231,-83.6326,0.7365,13,0.3250,0.8571,7,7,6,0,0,7,6,0.1429
4,288.0000,25,39,868.1304,-87.8169,-0.3254,5,0.1250,1.0000,2,6,5,0,0,6,5,0.1667
4,288.0000,25,40,941.7874,-88.2187,-0.4687,5,0.1250,0.8750,8,2,2,0,0,2,2,0.0000
4,288.0000,25,41,1013.5594,-88.0413,0.4560,4,0.1000,,0,6,6,0,0,6,6,0.0000
4,288.0000,25,42,668.3580,-84.4688,-0.0281,11,0.2750,0.6667,6,8,8,0,0,8,8,0.0000
4,288.0000,25,43,624.6895,-87.0796,1.9205,9,0.2250,1.0000,8,8,8,0,0,8,8,0.0000
4,288.0000,25,44,429.5856,-82.9179,0.6870,18,0.4500,1.0000,8,7,5,0,0,7,5,0.2857
4,288.0000,25,45,879.8565,-87.6077,2.2268,3,0.0750,1.0000,6,6,6,0,0,6,6,0.0000
4,288.0000,25,46,584.4910,-85.6464,0.3538,12,0.3000,0.8571,7,8,8,0,0,8,8,0.0000
4,288.0000,25,47,427.0963,-79.2694,-0.3437,29,0.7250,0.2000,5,8,7,0,0,8,7,0.1250
4,288.0000,26,2,579.9013,-84.1035,-0.7919,6,0.1500,0.8750,8,7,6,0,0,7,6,0.1429
4,288.0000,26,3,746.5972,-87.0587,-1.1600,3,0.0750,1.0000,8,8,8,0,0,8,8,0.0000
4,288.0000,26,5,596.4641,-84.5745,-0.8793,16,0.4000,0.7143,7,8,8,0,0,8,8,0.0000
4,288.0000,26,7,403.2955,-82.4864,0.5083,20,0.5000,0.4000,5,4,0,0,0,4,0,1.0000
4,288.0000,26,11,759.0787,-87.5835,-0.0102,4,0.1000,1.0000,8,8,8,0,0,8,8,0.0000
4,288.0000,26,12,365.3213,-81.7163,0.5153,26,0.6500,0.7143,7,6,4,0,0,6,4,0.3333
4,288.0000,26,17,581.2573,-85.7285,-0.8755,6,0.1500,0.7143,7,10,10,0,0,10,10,0.0000
4,288.0000,26,18,579.5766,-84.8385,-0.4472,7,0.1750,1.0000,8,8,8,0,0,8,8,0.0000
4,288.0000,26,20,812.9717,-87.3536,-0.2538,3,0.0750,1.0000,8,8,8,0,0,8,8,0.0000
4,288.0000,26,22,744.0822,-86.9522,0.4040,6,0.1500,1.0000,8,8,8,0,0,8,8,0.0000
4,288.0000,26,23,788.0058,-87.2456,-0.5208,3,0.0750,0.8750,8,8,8,0,0,8,8,0.0000
4,288.0000,26,27,884.7273,-87.0864,-0.8981,4,0.1000,1.0000,6,8,8,0,0,8,8,0.0000
4,288.0000,26,29,237.3689,-78.3888,1.6618,31,0.7750,0.0000,4,3,0,0,0,3,0,1.0000
4,288.0000,26,33,292.0046,-79.3783,0.7601,27,0.6750,0.6667,6,5,1,0,0,5,1,0.8000
4,288.0000,26,34,256.3051,-77.1615,-0.4502,32,0.8000,0.0000,4,5,1,0,0,5,1,0.8000
4,288.0000,26,35,96.6144,-69.4884,0.1558,33,0.8250,0.0000,4,4,0,0,0,4,0,1.0000
4,288.0000,26,41,253.8142,-75.4726,-0.6587,32,0.8000,0.3333,6,5,1,0,0,5,1,0.8000
4,288.0000,26,43,545.5261,-83.4244,-2.1939,8,0.2000,0.8571,7,8,8,0,0,8,8,0.0000
4,288.0000,26,45,412.2489,-82.4344,0.2609,12,0.3000,1.0000,8,7,5,0,0,7,5,0.2857
4,288.0000,27,5,543.6628,-84.5758,-0.7169,6,0.1500,1.0000,6,8,8,0,0,8,8,0.0000
4,288.0000,27,9,594.6480,-84.8593,-0.6879,5,0.1250,1.0000,8,6,6,0,0,6,6,0.0000
4,288.0000,27,10,325.9889,-78.1602,-0.6880,17,0.4250,0.3333,6,8,8,0,0,8,8,0.0000
4,288.0000,27,11,533.4007,-82.2730,0.8753,3,0.0750,0.8750,8,7,6,0,0,7,6,0.1429
4,288.0000,27,14,570.6690,-82.5279,-1.0374,6,0.1500,0.8750,8,8,8,0,0,8,8,0.0000
4,288.0000,27,17,470.4362,-83.2631,-0.6856,6,0.1500,0.6667,6,7,6,0,0,7,6,0.1429
4,288.0000,27,18,389.3995,-79.4184,0.2010,14,0.3500,0.6000,5,9,7,0,0,9,7,0.2222
4,288.0000,27,34,760.9200,-87.8596,-0.6478,3,0.0750,1.0000,2,8,8,0,0,8,8,0.0000
4,288.0000,27,37,237.7729,-76.9573,0.0871,28,0.7000,0.5714,7,7,4,0,0,7,4,0.4286
4,288.0000,27,38,643.9151,-85.0026,0.5424,3,0.0750,0.8571,7,7,6,0,0,7,6,0.1429
4,288.0000,27,41,653.2859,-86.6307,-3.1801,4,0.1000,1.0000,4,8,8,0,0,8,8,0.0000
4,288.0000,27,43,418.7104,-82.6988,1.6636,6,0.1500,1.0000,8,7,6,0,0,7,6,0.1429
4,288.0000,27,44,402.3921,-81.5926,0.5805,10,0.2500,0.8750,8,7,5,0,0,7,5,0.2857
4,288.0000,28,0,302.2170,-79.0604,0.3028,33,0.8250,0.8750,8,5,1,0,0,5,1,0.8000
4,288.0000,28,1,516.3552,-83.2930,-1.2645,6,0.1500,1.0000,8,8,7,0,0,8,7,0.1250
4,288.0000,28,4,659.2140,-83.8626,-0.2703,4,0.1000,1.0000,8,7,6,0,0,7,6,0.1429
4,288.0000,28,6,381.2089,-82.3970,0.9095,11,0.2750,0.7143,7,6,3,0,0,6,3,0.5000
4,288.0000,28,13,358.7404,-80.5521,0.4822,9,0.2250,0.7500,8,8,8,0,0,8,8,0.0000
4,288.0000,28,14,770.7720,-86.2839,-0.5671,3,0.0750,1.0000,8,8,8,0,0,8,8,0.0000
4,288.0000,28,15,382.5123,-80.8758,-0.3008,30,0.7500,0.3750,8,6,6,0,0,6,6,0.0000
4,288.0000,28,19,430.1268,-81.5370,-0.5425,31,0.7750,0.7143,7,7,5,0,0,7,5,0.2857
4,288.0000,28,30,494.3703,-83.5498,0.1203,9,0.2250,0.7500,8,6,6,0,0,6,6,0.0000
4,288.0000,28,36,418.9886,-82.1382,-2.0307,4,0.1000,0.8750,8,8,7,0,0,8,7,0.1250
4,288.0000,28,39,413.0063,-80.6561,-0.7530,22,0.5500,0.6667,6,6,3,0,0,6,3,0.5000
4,288.0000,28,40,374.6010,-81.4314,0.4263,25,0.6250,0.8571,7,8,6,0,0,8,6,0.2500
4,288.0000,28,42,548.1076,-84.1694,-0.0991,6,0.1500,0.8571,7,6,4,0,0,6,4,0.3333
4,288.0000,28,46,293.0865,-77.5851,-1.1554,22,0.5500,0.5000,4,5,2,0,0,5,2,0.6000
4,288.0000,28,47,384.1753,-81.3074,-0.2427,10,0.2500,0.7143,7,7,5,0,0,7,5,0.2857
4,288.0000,29,2,549.7245,-83.5554,0.2452,7,0.1750,0.8571,7,8,7,0,0,8,7,0.1250
4,288.0000,29,3,621.0670,-85.6744,-0.2708,3,0.0750,0.8889,9,8,8,0,0,8,8,0.0000
4,288.0000,29,5,765.1088,-87.3218,0.4804,3,0.0750,1.0000,8,8,7,0,0,8,7,0.1250
4,288.0000,29,7,170.4571,-75.9772,0.8988,33,0.8250,0.0000,4,4,0,0,0,4,0,1.0000
4,288.0000,29,11,719.3768,-86.7264,3.0288,3,0.0750,0.8750,8,8,8,0,0,8,8,0.0000
4,288.0000,29,12,260.5367,-77.6011,-0.7885,34,0.8500,0.0000,4,4,0,0,0,4,0,1.0000
4,288.0000,29,20,672.5429,-87.1630,1.2072,3,0.0750,1.0000,8,8,7,0,0,8,7,0.1250
4,288.0000,29,26,237.3689,-78.5575,0.6101,29,0.7250,0.5000,6,4,0,0,0,4,0,1.0000
4,288.0000,29,33,147.1723,-72.0233,-0.4724,35,0.8750,0.1250,48,6,2,55,16,61,18,0.7049
4,288.0000,29,34,349.3283,-79.5801,-0.0558,26,0.6500,0.7143,7,5,1,0,0,5,1,0.8000
4,288.0000,29,35,187.8354,-76.0822,1.2750,33,0.8250,0.2000,5,4,0,0,0,4,0,1.0000
4,288.0000,29,41,440.4607,-81.9866,0.5041,20,0.5000,0.5000,6,7,6,0,0,7,6,0.1429
4,288.0000,29,43,592.2768,-84.4001,-1.6303,4,0.1000,1.0000,8,8,8,0,0,8,8,0.0000
4,288.0000,29,45,334.0314,-80.2636,0.5843,18,0.4500,0.8571,7,6,4,46,29,52,33,0.3654
4,288.0000,30,0,559.6008,-82.8543,-0.9896,15,0.3750,0.8571,7,8,7,0,0,8,7,0.1250
4,288.0000,30,1,368.2463,-80.9927,1.5002,12,0.3000,0.6667,6,8,7,0,0,8,7,0.1250
4,288.0000,30,6,733.5618,-85.0522,1.4670,4,0.1000,1.0000,8,8,8,0,0,8,8,0.0000
4,288.0000,30,8,830.8919,-87.2488,0.7513,4,0.1000,1.0000,4,8,8,0,0,8,8,0.0000
4,288.0000,30,9,293.9392,-78.5251,0.3093,17,0.4250,0.8750,8,7,5,0,0,7,5,0.2857
4,288.0000,30,13,288.6124,-79.0693,0.6393,13,0.3250,0.5000,6,5,2,0,0,5,2,0.6000
4,288.0000,30,14,452.8952,-83.7928,1.3463,10,0.2500,0.8571,7,7,6,0,0,7,6,0.1429
4,288.0000,30,15,802.5290,-86.6025,-0.2244,10,0.2500,1.0000,4,8,8,0,0,8,8,0.0000
4,288.0000,30,16,526.4397,-84.3983,1.1125,8,0.2000,1.0000,8,7,6,0,0,7,6,0.1429
4,288.0000,30,19,812.8976,-86.5035,0.1120,8,0.2000,1.0000,8,4,4,0,0,4,4,0.0000
4,288.0000,30,21,677.1103,-83.8062,-1.0304,4,0.1000,0.8571,7,8,8,0,0,8,8,0.0000
4,288.0000,30,25,617.7457,-85.4831,0.1710,3,0.0750,1.0000,8,8,8,0,0,8,8,0.0000
4,288.0000,30,28,494.3703,-82.8078,-0.2658,14,0.3500,0.8750,8,8,8,0,0,8,8,0.0000
4,288.0000,30,31,454.5189,-83.0367,0.6877,6,0.1500,0.8571,7,8,7,0,0,8,7,0.1250
4,288.0000,30,36,252.7836,-78.8416,1.1493,21,0.5250,1.0000,8,6,2,0,0,6,2,0.6667
4,288.0000,30,38,284.4160,-80.0369,0.8185,16,0.4000,0.5714,7,6,3,0,0,6,3,0.5000
4,288.0000,30,39,379.7300,-81.1363,-0.4659,25,0.6250,0.4000,5,6,2,0,0,6,2,0.6667
4,288.0000,30,40,442.7426,-82.6408,-0.2591,25,0.6250,1.0000,8,7,5,0,0,7,5,0.2857
4,288.0000,30,42,829.6248,-86.0567,0.0570,3,0.0750,1.0000,8,6,6,0,0,6,6,0.0000
4,288.0000,30,44,482.5831,-81.9903,0.1894,10,0.2500,0.8571,7,7,6,0,0,7,6,0.1429
4,288.0000,30,46,227.5827,-76.7123,0.4397,26,0.6500,0.3333,6,5,1,0,0,5,1,0.8000
4,288.0000,30,47,604.6388,-83.7114,-0.5772,4,0.1000,1.0000,8,7,5,0,0,7,5,0.2857
4,288.0000,31,0,811.1755,-87.8455,-0.9083,6,0.1500,0.8750,8,3,2,0,0,3,2,0.3333
4,288.0000,31,1,114.2143,-71.2095,0.3466,38,0.9500,0.2000,5,5,1,0,0,5,1,0.8000
4,288.0000,31,4,574.6093,-82.8897,0.2300,12,0.3000,0.8571,7,8,8,0,0,8,8,0.0000
4,288.0000,31,6,560.0356,-83.3742,-0.9999,11,0.2750,0.8571,7,8,8,0,0,8,8,0.0000
4,288.0000,31,8,496.3231,-83.0348,0.5129,8,0.2000,1.0000,8,8,8,0,0,8,8,0.0000
4,288.0000,31,9,286.5437,-80.2042,0.9869,28,0.7000,0.8750,8,4,0,0,0,4,0,1.0000
4,288.0000,31,10,393.0341,-81.8745,-0.7031,12,0.3000,0.5000,6,6,4,0,0,6,4,0.3333
4,288.0000,31,11,548.6378,-83.3446,0.8933,3,0.0750,1.0000,8,7,5,0,0,7,5,0.2857
4,288.0000,31,13,273.1629,-77.6880,-0.4713,30,0.7500,0.6620,71,5,1,112,82,117,83,0.2906
4,288.0000,31,14,357.1541,-80.9994,0.0291,23,0.5750,0.7143,7,6,4,0,0,6,4,0.3333
4,288.0000,31,16,223.5723,-75.2211,-0.2351,31,0.7750,0.2000,5,6,3,0,0,6,3,0.5000
4,288.0000,31,21,440.9884,-80.6052,-0.9347,12,0.3000,0.8667,15,8,8,0,0,8,8,0.0000
4,288.0000,31,24,571.4493,-83.7905,-0.0196,4,0.1000,1.0000,8,8,8,0,0,8,8,0.0000
4,288.0000,31,25,236.8179,-75.6022,-0.4454,35,0.8750,0.5714,7,7,6,0,0,7,6,0.1429
4,288.0000,31,27,664.3610,-84.9627,-0.0755,9,0.2250,0.8333,6,6,6,0,0,6,6,0.0000
4,288.0000,31,28,594.0133,-84.4515,0.2904,13,0.3250,0.8000,5,8,7,0,0,8,7,0.1250
4,288.0000,31,30,454.5189,-82.9445,0.4033,19,0.4750,0.5714,7,8,7,0,0,8,7,0.1250
4,288.0000,31,32,650.3736,-84.8842,-0.6580,4,0.1000,1.0000,8,4,4,0,0,4,4,0.0000
4,288.0000,31,36,302.6547,-80.3291,1.1359,20,0.5000,0.6250,8,5,2,0,0,5,2,0.6000
4,288.0000,31,37,593.7511,-84.9251,0.2202,10,0.2500,1.0000,4,8,7,0,0,8,7,0.1250
4,288.0000,31,38,356.6035,-80.9659,0.3653,22,0.5500,0.6667,6,8,7,0,0,8,7,0.1250
4,288.0000,31,39,660.1158,-85.9577,-0.1215,13,0.3250,1.0000,4,4,4,0,0,4,4,0.0000
4,288.0000,31,40,792.6360,-87.8707,-0.0628,5,0.1250,0.8571,7,4,4,0,0,4,4,0.0000
4,288.0000,31,42,727.4770,-86.2355,-1.3760,9,0.2250,0.8750,8,8,8,0,0,8,8,0.0000
4,288.0000,31,43,760.6376,-86.2433,0.4090,4,0.1000,1.0000,8,8,8,0,0,8,8,0.0000
4,288.0000,31,44,369.5219,-80.4037,0.5002,22,0.5500,0.5000,6,5,2,0,0,5,2,0.6000
4,288.0000,31,46,404.2471,-82.7841,0.1663,19,0.4750,0.8750,8,8,6,10,9,18,15,0.1667
4,288.0000,31,47,392.2602,-79.7414,-1.0418,21,0.5250,0.8421,57,6,4,8,7,14,11,0.2143
4,288.0000,32,1,703.9612,-85.0069,0.0014,6,0.1500,1.0000,8,8,8,0,0,8,8,0.0000
4,288.0000,32,2,558.3621,-85.3327,-0.2308,5,0.1250,1.0000,8,7,4,0,0,7,4,0.4286
4,288.0000,32,3,348.5109,-80.9092,0.0456,15,0.3750,0.8571,7,8,7,0,0,8,7,0.1250
4,288.0000,32,4,627.6069,-83.0214,0.5819,11,0.2750,0.6667,3,8,8,0,0,8,8,0.0000
4,288.0000,32,6,709.1775,-84.9009,-0.5471,7,0.1750,1.0000,8,8,8,0,0,8,8,0.0000
4,288.0000,32,7,789.3680,-86.7219,0.7697,6,0.1500,1.0000,6,8,8,0,0,8,8,0.0000
4,288.0000,32,8,440.9363,-80.1702,0.0621,20,0.5000,0.7143,7,7,6,0,0,7,6,0.1429
4,288.0000,32,9,884.6103,-87.0460,0.8853,6,0.1500,1.0000,4,6,6,0,0,6,6,0.0000
4,288.0000,32,10,740.4853,-84.3156,0.1194,5,0.1250,0.8333,6,8,8,0,0,8,8,0.0000
4,288.0000,32,11,435.6774,-80.8672,-0.1101,12,0.3000,0.6667,6,7,6,0,0,7,6,0.1429
4,288.0000,32,13,812.2496,-85.1565,-0.6958,6,0.1500,0.8571,7,2,2,0,0,2,2,0.0000
4,288.0000,32,16,558.9821,-84.0287,-0.3599,6,0.1500,0.8750,8,8,8,0,0,8,8,0.0000
4,288.0000,32,17,831.8346,-86.2601,-0.1007,6,0.1500,1.0000,6,8,8,0,0,8,8,0.0000
4,288.0000,32,20,399.2798,-82.2457,1.2294,19,0.4750,0.8750,8,8,7,0,0,8,7,0.1250
4,288.0000,32,21,540.6826,-83.0849,-0.9094,10,0.2500,0.7778,9,7,6,0,0,7,6,0.1429
4,288.0000,32,22,451.0046,-82.9863,0.0063,10,0.2500,0.8571,7,8,8,0,0,8,8,0.0000
4,288.0000,32,23,424.6734,-82.9425,0.0210,15,0.3750,0.5000,6,8,7,0,0,8,7,0.1250
4,288.0000,32,24,139.3468,-70.7793,0.0695,35,0.8750,0.2000,5,6,3,0,0,6,3,0.5000
4,288.0000,32,25,473.2470,-81.8901,-1.1248,9,0.2250,1.0000,8,8,8,0,0,8,8,0.0000
4,288.0000,32,31,650.3736,-83.9609,-0.1802,6,0.1500,1.0000,6,8,8,0,0,8,8,0.0000
4,288.0000,32,33,768.1142,-85.4887,0.0350,5,0.1250,1.0000,8,2,2,0,0,2,2,0.0000
4,288.0000,32,36,836.6500,-87.3810,-0.0726,3,0.0750,1.0000,6,8,8,0,0,8,8,0.0000
4,288.0000,32,42,757.5073,-85.9918,0.1548,5,0.1250,1.0000,8,6,6,0,0,6,6,0.0000
4,288.0000,32,43,708.4800,-87.3396,1.1852,3,0.0750,1.0000,8,8,7,0,0,8,7,0.1250
4,288.0000,32,44,873.1291,-86.4963,0.4726,3,0.0750,1.0000,8,4,4,0,0,4,4,0.0000
4,288.0000,32,45,743.9051,-86.5684,-1.5095,6,0.1500,0.8750,8,8,8,0,0,8,8,0.0000
4,288.0000,32,47,626.6555,-82.3077,0.0937,10,0.2500,0.8750,8,8,8,0,0,8,8,0.0000
4,288.0000,33,2,414.8009,-82.8891,0.1042,6,0.1500,0.8750,8,9,8,0,0,9,8,0.1111
4,288.0000,33,7,176.6734,-75.4432,1.1714,33,0.8250,0.0000,4,4,0,0,0,4,0,1.0000
4,288.0000,33,11,573.2187,-84.1755,-1.0723,4,0.1000,1.0000,18,5,3,76,73,81,76,0.0617
4,288.0000,33,12,371.2599,-79.9470,-1.0954,31,0.7750,0.2000,5,8,7,0,0,8,7,0.1250
4,288.0000,33,17,563.9257,-83.2221,-0.6562,4,0.1000,0.8750,8,8,8,0,0,8,8,0.0000
4,288.0000,33,20,563.3076,-85.7191,-0.3791,5,0.1250,0.8571,7,8,7,0,0,8,7,0.1250
4,288.0000,33,22,524.1724,-83.6031,-0.9597,5,0.1250,1.0000,8,8,8,0,0,8,8,0.0000
4,288.0000,33,23,557.2635,-83.9333,-0.6400,5,0.1250,0.9577,71,8,8,0,0,8,8,0.0000
4,288.0000,33,26,292.0046,-79.7030,0.3586,25,0.6250,0.4000,5,5,1,0,0,5,1,0.8000
4,288.0000,33,29,147.1723,-72.8437,0.1013,38,0.9500,0.0000,4,4,0,0,0,4,0,1.0000
4,288.0000,33,32,768.1142,-85.0700,0.9941,3,0.0750,1.0000,8,8,8,0,0,8,8,0.0000
4,288.0000,33,34,326.9484,-80.4608,0.6540,26,0.6500,0.8571,7,7,4,0,0,7,4,0.4286
4,288.0000,33,35,275.7941,-79.0014,0.0889,30,0.7500,0.1667,6,7,5,0,0,7,5,0.2857
4,288.0000,33,41,411.8219,-82.4757,0.8469,15,0.3750,0.8750,8,6,2,0,0,6,2,0.6667
4,288.0000,33,43,469.6689,-83.0989,-1.1566,5,0.1250,0.5000,6,7,5,0,0,7,5,0.2857
4,288.0000,33,45,265.5626,-78.5732,0.3667,16,0.4000,0.7143,7,4,0,0,0,4,0,1.0000
4,288.0000,34,2,558.0094,-85.6061,0.5688,6,0.1538,1.0000,8,8,8,0,0,8,8,0.0000
4,288.0000,34,5,434.1570,-82.8077,-0.4059,18,0.4615,0.4286,7,7,5,0,0,7,5,0.2857
4,288.0000,34,7,457.0462,-83.4639,1.1308,13,0.3333,1.0000,6,7,6,0,0,7,6,0.1429
4,288.0000,34,11,661.2197,-87.2969,-0.3613,3,0.0769,1.0000,8,8,8,0,0,8,8,0.0000
4,288.0000,34,12,576.1899,-83.6075,0.2610,14,0.3590,0.8571,7,8,7,0,0,8,7,0.1250
4,288.0000,34,17,592.9412,-84.1947,0.6344,6,0.1538,0.8571,7,8,8,0,0,8,8,0.0000
4,288.0000,34,18,400.4567,-82.6836,0.8417,8,0.2051,0.8571,7,6,3,0,0,6,3,0.5000
4,288.0000,34,22,771.1661,-86.2806,0.2860,3,0.0769,0.8750,8,8,8,0,0,8,8,0.0000
4,288.0000,34,23,815.6439,-87.4895,-0.8236,3,0.0769,1.0000,8,8,8,0,0,8,8,0.0000
4,288.0000,34,26,256.3051,-76.6414,-0.1569,29,0.7436,0.0000,4,6,2,0,0,6,2,0.6667
4,288.0000,34,29,349.3283,-80.8403,-0.3234,24,0.6154,0.3333,6,5,1,0,0,5,1,0.8000
4,288.0000,34,33,326.9484,-81.1144,-0.3585,21,0.5385,0.7500,8,7,5,0,0,7,5,0.2857
4,288.0000,34,35,257.8284,-74.4523,-1.0935,31,0.7949,0.5000,6,7,5,0,0,7,5,0.2857
4,288.0000,34,41,235.5353,-77.2130,0.4438,30,0.7692,0.5714,7,5,1,0,0,5,1,0.8000
4,288.0000,34,43,471.2439,-83.7255,0.4921,7,0.1795,1.0000,8,8,7,0,0,8,7,0.1250
4,288.0000,34,45,527.0459,-84.9280,-0.3412,8,0.2051,1.0000,8,7,6,0,0,7,6,0.1429
4,288.0000,35,2,623.1605,-84.6612,-0.3920,5,0.1250,1.0000,8,8,8,0,0,8,8,0.0000
4,288.0000,35,5,643.8036,-84.9257,-0.5798,11,0.2750,1.0000,8,8,8,0,0,8,8,0.0000
4,288.0000,35,7,352.4774,-82.3948,1.0740,17,0.4250,0.2000,5,7,6,0,0,7,6,0.1429
4,288.0000,35,12,340.5459,-81.2737,0.7609,27,0.6750,0.5000,6,7,4,0,0,7,4,0.4286
4,288.0000,35,17,659.6025,-85.7844,-1.3791,7,0.1750,1.0000,6,6,4,0,0,6,4,0.3333
4,288.0000,35,18,627.0671,-84.1122,0.8443,6,0.1500,1.0000,8,8,8,0,0,8,8,0.0000
4,288.0000,35,22,771.2095,-86.4722,0.3854,4,0.1000,0.8571,7,8,8,0,0,8,8,0.0000
4,288.0000,35,23,810.2743,-88.1142,0.7333,4,0.1000,1.0000,6,8,8,0,0,8,8,0.0000
4,288.0000,35,26,96.6144,-69.6039,0.8841,38,0.9500,0.3333,6,4,0,0,0,4,0,1.0000
4,288.0000,35,29,187.8354,-77.1469,1.4354,33,0.8250,0.0000,4,5,1,0,0,5,1,0.8000
4,288.0000,35,33,275.7941,-79.6551,1.7740,25,0.6250,0.2000,5,6,4,2,2,8,6,0.2500
4,288.0000,35,34,257.8284,-75.2297,-0.8045,34,0.8500,0.0000,4,5,2,0,0,5,2,0.6000
4,288.0000,35,41,329.0534,-78.5991,-0.8338,27,0.6750,0.4000,5,6,3,0,0,6,3,0.5000
4,288.0000,35,43,602.6496,-84.1425,-0.1626,7,0.1750,0.8571,7,7,6,0,0,7,6,0.1429
4,288.0000,35,45,443.4702,-81.3132,0.2944,11,0.2750,0.4000,5,8,8,0,0,8,8,0.0000
4,288.0000,36,0,549.2766,-83.7063,-0.0090,18,0.4390,1.0000,6,10,9,0,0,10,9,0.1000
4,288.0000,36,1,189.0558,-74.7506,-0.0940,28,0.6829,0.0000,4,5,2,0,0,5,2,0.6000
4,288.0000,36,4,483.4211,-82.4522,0.0542,16,0.3902,0.8571,7,10,10,0,0,10,10,0.0000
4,288.0000,36,6,540.1637,-82.7896,-0.1481,12,0.2927,0.8571,7,8,6,0,0,8,6,0.2500
4,288.0000,36,8,634.2819,-84.1277,1.0004,5,0.1220,1.0000,8,8,8,0,0,8,8,0.0000
4,288.0000,36,9,284.9142,-79.8467,0.7553,20,0.4878,0.7143,7,5,2,0,0,5,2,0.6000
4,288.0000,36,10,551.2474,-83.6734,1.5248,7,0.1707,0.8750,8,7,6,0,0,7,6,0.1429
4,288.0000,36,13,98.3090,-67.9041,0.1561,32,0.7805,0.2000,5,4,0,0,0,4,0,1.0000
4,288.0000,36,14,499.4245,-83.2005,1.6170,8,0.1951,0.8571,7,7,5,0,0,7,5,0.2857
4,288.0000,36,16,305.8259,-78.3898,0.1092,19,0.4634,0.4000,5,7,4,0,0,7,4,0.4286
4,288.0000,36,19,820.4468,-86.4511,-0.7541,8,0.1951,1.0000,8,2,2,0,0,2,2,0.0000
4,288.0000,36,21,456.4543,-81.0922,-0.2942,18,0.4390,0.6667,6,8,7,0,0,8,7,0.1250
4,288.0000,36,25,411.3354,-79.9009,-0.1435,12,0.2927,0.7778,9,5,2,0,0,5,2,0.6000
4,288.0000,36,27,849.1852,-88.4664,-0.8435,3,0.0732,1.0000,6,6,6,0,0,6,6,0.0000
4,288.0000,36,28,418.9886,-82.3139,0.3769,22,0.5366,0.8750,8,8,8,0,0,8,8,0.0000
4,288.0000,36,30,252.7836,-79.2505,0.3601,29,0.7073,0.7143,7,4,0,0,0,4,0,1.0000
4,288.0000,36,31,302.6547,-79.5070,-0.6292,19,0.4634,0.7143,7,7,6,0,0,7,6,0.1429
4,288.0000,36,32,836.6500,-85.9423,-0.5756,3,0.0732,1.0000,8,4,4,0,0,4,4,0.0000
4,288.0000,36,38,378.4882,-82.2586,-0.6351,15,0.3659,0.8571,7,6,3,2,0,8,3,0.6250
4,288.0000,36,39,518.3219,-83.0554,0.8019,18,0.4390,0.7143,7,8,8,0,0,8,8,0.0000
4,288.0000,36,40,538.7140,-84.6307,0.3694,19,0.4634,0.6667,6,7,5,0,0,7,5,0.2857
4,288.0000,36,42,609.5159,-83.9036,-0.6899,16,0.3902,0.5000,6,5,4,0,0,5,4,0.2000
4,288.0000,36,44,462.8838,-82.2254,-0.5020,17,0.4146,0.8750,8,6,4,29,28,35,32,0.0857
4,288.0000,36,46,228.6096,-77.7879,0.8420,31,0.7561,0.4000,5,4,0,0,0,4,0,1.0000
4,288.0000,36,47,386.7769,-80.4164,-1.0961,26,0.6341,0.6667,6,8,8,0,0,8,8,0.0000
4,288.0000,37,1,682.1086,-86.3176,1.4757,3,0.0750,1.0000,8,8,8,0,0,8,8,0.0000
4,288.0000,37,2,496.1973,-84.2791,-0.2168,4,0.1000,1.0000,8,8,7,0,0,8,7,0.1250
4,288.0000,37,5,527.6742,-82.9959,-0.7063,19,0.4750,1.0000,8,7,6,0,0,7,6,0.1429
4,288.0000,37,8,559.8140,-84.7202,0.3228,4,0.1000,1.0000,8,7,5,0,0,7,5,0.2857
4,288.0000,37,10,351.1049,-80.5585,-0.6270,11,0.2750,0.8750,8,8,8,0,0,8,8,0.0000
4,288.0000,37,11,376.8792,-81.5811,1.2671,7,0.1750,0.7778,9,6,4,0,0,6,4,0.3333
4,288.0000,37,14,568.8986,-84.0198,-0.9813,6,0.1500,0.8750,8,8,8,0,0,8,8,0.0000
4,288.0000,37,17,494.3253,-82.6591,1.0859,6,0.1500,1.0000,8,7,6,0,0,7,6,0.1429
4,288.0000,37,18,312.0347,-75.7792,-1.4130,31,0.7750,0.2000,5,8,8,0,0,8,8,0.0000
4,288.0000,37,22,738.4007,-85.5498,-0.5891,4,0.1000,1.0000,8,8,8,0,0,8,8,0.0000
4,288.0000,37,23,784.3618,-88.0484,0.1017,3,0.0750,0.8571,7,8,8,0,0,8,8,0.0000
4,288.0000,37,25,568.2640,-86.8628,-2.9055,3,0.0750,1.0000,8,7,5,0,0,7,5,0.2857
4,288.0000,37,26,809.9712,-87.6981,-1.9918,3,0.0750,0.8750,8,2,2,0,0,2,2,0.0000
4,288.0000,37,27,237.7729,-76.5909,0.0286,29,0.7250,0.0000,4,6,3,0,0,6,3,0.5000
4,288.0000,37,31,593.7511,-85.1457,4.4102,3,0.0750,1.0000,8,8,8,0,0,8,8,0.0000
4,288.0000,37,33,740.2880,-86.8533,1.3257,3,0.0750,1.0000,8,8,8,0,0,8,8,0.0000
4,288.0000,37,34,645.5489,-85.6531,-0.8460,6,0.1500,0.5000,2,8,7,0,0,8,7,0.1250
4,288.0000,37,35,855.4643,-86.3986,0.7379,6,0.1500,1.0000,4,2,2,0,0,2,2,0.0000
4,288.0000,37,38,678.9845,-86.7389,-2.5117,4,0.1000,1.0000,8,7,6,0,0,7,6,0.1429
4,288.0000,37,41,610.1450,-83.8688,0.0526,11,0.2750,0.8750,8,8,7,0,0,8,7,0.1250
4,288.0000,37,43,337.9434,-81.0158,1.1788,13,0.3250,1.0000,8,7,5,0,0,7,5,0.2857
4,288.0000,37,44,473.7551,-83.3385,2.3787,4,0.1000,0.8889,9,4,2,0,0,4,2,0.5000
4,288.0000,37,45,779.5539,-86.0879,-0.8491,4,0.1000,1.0000,8,8,8,0,0,8,8,0.0000
4,288.0000,38,1,342.0034,-82.1195,0.7387,9,0.2250,0.2000,5,7,6,0,0,7,6,0.1429
4,288.0000,38,2,978.3970,-88.6550,0.7027,3,0.0750,1.0000,6,8,8,0,0,8,8,0.0000
4,288.0000,38,6,818.2315,-88.6298,-0.2121,4,0.1000,1.0000,8,8,8,0,0,8,8,0.0000
4,288.0000,38,9,185.4711,-73.4634,-0.2415,29,0.7250,0.2000,5,6,4,0,0,6,4,0.3333
4,288.0000,38,10,466.8946,-81.9070,-1.4347,6,0.1500,1.0000,8,8,8,0,0,8,8,0.0000
4,288.0000,38,13,389.3449,-83.9903,0.8498,10,0.2500,0.8750,8,7,5,0,0,7,5,0.2857
4,288.0000,38,14,178.8328,-74.2426,0.6153,33,0.8250,0.0000,4,6,2,0,0,6,2,0.6667
4,288.0000,38,16,505.1263,-81.8078,-0.7249,8,0.2000,0.8571,7,8,6,0,0,8,6,0.2500
4,288.0000,38,21,686.9113,-85.5057,0.6651,5,0.1250,1.0000,8,8,8,0,0,8,8,0.0000
4,288.0000,38,25,548.5231,-82.7246,-0.0743,7,0.1750,0.8571,7,7,6,0,0,7,6,0.1429
4,288.0000,38,27,643.9151,-83.4528,0.5749,10,0.2500,0.8750,8,8,8,4,4,12,12,0.0000
4,288.0000,38,28,677.0986,-86.1194,0.5110,7,0.1750,1.0000,6,8,8,0,0,8,8,0.0000
4,288.0000,38,30,284.4160,-80.3478,0.9831,21,0.5250,0.7778,9,6,4,0,0,6,4,0.3333
4,288.0000,38,31,356.6035,-81.5998,-0.0862,10,0.2500,0.8571,7,6,4,0,0,6,4,0.3333
4,288.0000,38,36,378.4882,-83.8757,1.0079,10,0.2500,1.0000,8,6,4,0,0,6,4,0.3333
4,288.0000,38,37,678.9845,-84.9009,-0.7315,7,0.1750,1.0000,6,8,8,0,0,8,8,0.0000
4,288.0000,38,39,521.3931,-83.4858,0.1808,10,0.2500,0.8571,7,8,8,0,0,8,8,0.0000
4,288.0000,38,40,702.3907,-86.9498,0.6084,9,0.2250,0.8571,7,6,5,0,0,6,5,0.1667
4,288.0000,38,44,301.3135,-76.5066,-0.7393,27,0.6750,0.7143,7,7,6,0,0,7,6,0.1429
4,288.0000,38,46,387.3457,-83.6993,0.2622,10,0.2500,0.7143,7,5,1,0,0,5,1,0.8000
4,288.0000,38,47,669.0962,-84.6620,-0.6694,4,0.1000,1.0000,8,8,7,0,0,8,7,0.1250
4,288.0000,39,0,505.3821,-82.6599,0.2310,13,0.3333,0.8571,7,8,8,0,0,8,8,0.0000
4,288.0000,39,1,600.1745,-84.1689,-0.1436,4,0.1026,0.7500,8,8,8,0,0,8,8,0.0000
4,288.0000,39,6,734.6267,-87.3667,0.9008,4,0.1026,1.0000,8,7,5,0,0,7,5,0.2857
4,288.0000,39,9,619.2213,-84.6300,-0.7251,4,0.1026,1.0000,8,6,4,0,0,6,4,0.3333
4,288.0000,39,13,479.0006,-83.9022,0.1119,5,0.1282,1.0000,8,7,6,0,0,7,6,0.1429
4,288.0000,39,15,579.4037,-84.0501,0.3786,13,0.3333,0.8571,7,10,10,0,0,10,10,0.0000
4,288.0000,39,19,574.7482,-83.7811,-0.9022,12,0.3077,0.8571,7,8,6,0,0,8,6,0.2500
4,288.0000,39,28,413.0063,-80.7982,-1.4588,11,0.2821,0.4000,5,8,7,0,0,8,7,0.1250
4,288.0000,39,30,379.7300,-80.5678,0.6267,14,0.3590,0.8571,7,8,8,0,0,8,8,0.0000
4,288.0000,39,36,518.3219,-83.1935,-0.8063,4,0.1026,1.0000,8,7,6,0,0,7,6,0.1429
4,288.0000,39,38,521.3931,-84.6581,-0.8591,5,0.1282,1.0000,8,8,7,0,0,8,7,0.1250
4,288.0000,39,40,332.1371,-79.4258,0.2012,27,0.6923,0.5000,6,6,4,0,0,6,4,0.3333
4,288.0000,39,44,801.5173,-84.8848,-2.1703,3,0.0769,1.0000,8,8,8,0,0,8,8,0.0000
4,288.0000,39,46,299.0649,-78.4480,-0.3834,21,0.5385,0.8571,7,7,5,0,0,7,5,0.2857
4,288.0000,39,47,685.9262,-85.3032,0.4357,4,0.1026,0.8889,9,8,8,0,0,8,8,0.0000
4,288.0000,40,0,236.2797,-76.0586,-0.5782,36,0.9000,0.0000,4,6,3,0,0,6,3,0.5000
4,288.0000,40,1,696.5356,-86.2960,-0.6254,5,0.1250,1.0000,8,7,6,0,0,7,6,0.1429
4,288.0000,40,6,750.9408,-88.8769,0.3497,4,0.1000,1.0000,8,8,8,0,0,8,8,0.0000
4,288.0000,40,9,725.7719,-87.4196,0.6241,3,0.0750,0.8571,7,7,6,0,0,7,6,0.1429
4,288.0000,40,13,533.9379,-85.8073,1.5178,5,0.1250,0.9692,65,6,4,10,10,16,14,0.1250
4,288.0000,40,14,845.7145,-87.8663,-1.4928,4,0.1000,1.0000,8,7,6,0,0,7,6,0.1429
4,288.0000,40,15,455.5929,-82.5353,0.1320,29,0.7250,0.7143,7,6,4,0,0,6,4,0.3333
4,288.0000,40,16,837.2293,-87.7100,-0.1810,4,0.1000,1.0000,8,8,8,0,0,8,8,0.0000
4,288.0000,40,19,435.3787,-82.5031,0.4179,22,0.5500,0.8750,8,6,3,0,0,6,3,0.5000
4,288.0000,40,28,374.6010,-81.4766,1.2062,22,0.5500,0.5000,6,8,7,61,52,69,59,0.1449
4,288.0000,40,30,442.7426,-82.3812,-1.0001,11,0.2750,0.8571,7,7,6,0,0,7,6,0.1429
4,288.0000,40,36,538.7140,-85.7344,-0.7675,8,0.2000,1.0000,8,8,8,60,59,68,67,0.0147
4,288.0000,40,39,332.1371,-79.4982,0.2574,26,0.6500,0.5000,6,5,1,0,0,5,1,0.8000
4,288.0000,40,42,820.8187,-88.9865,-0.1928,3,0.0750,1.0000,8,4,4,0,0,4,4,0.0000
4,288.0000,40,44,920.2543,-87.7984,-1.9127,5,0.1250,1.0000,94,8,8,0,0,8,8,0.0000
4,288.0000,40,46,395.6372,-82.8097,-0.2471,12,0.3000,0.8571,7,8,7,10,10,18,17,0.0556
4,288.0000,40,47,717.8007,-88.5740,-0.5570,3,0.0750,1.0000,8,8,8,0,0,8,8,0.0000
4,288.0000,41,2,513.3485,-85.0486,-0.9222,6,0.1463,0.8571,7,8,8,0,0,8,8,0.0000
4,288.0000,41,3,756.7528,-88.0631,0.4754,4,0.0976,1.0000,8,8,8,0,0,8,8,0.0000
4,288.0000,41,5,374.1409,-79.4579,-0.3639,25,0.6098,0.2000,5,6,3,0,0,6,3,0.5000
4,288.0000,41,7,574.5062,-85.5547,0.8409,7,0.1707,1.0000,8,8,8,0,0,8,8,0.0000
4,288.0000,41,11,657.5292,-86.2596,0.7414,5,0.1220,1.0000,8,8,8,0,0,8,8,0.0000
4,288.0000,41,12,598.0833,-83.6104,0.0173,10,0.2439,0.6667,6,8,8,0,0,8,8,0.0000
4,288.0000,41,17,432.5253,-82.9137,-1.0338,8,0.1951,1.0000,8,5,2,0,0,5,2,0.6000
4,288.0000,41,18,356.2475,-80.6467,0.1073,14,0.3415,0.6667,6,6,3,0,0,6,3,0.5000
4,288.0000,41,22,748.9505,-85.4974,-0.7462,3,0.0732,1.0000,8,8,8,0,0,8,8,0.0000
4,288.0000,41,26,253.8142,-75.4229,-0.7287,32,0.7805,0.0000,4,6,3,0,0,6,3,0.5000
4,288.0000,41,27,653.2859,-87.0603,-0.0595,4,0.0976,1.0000,4,8,8,0,0,8,8,0.0000
4,288.0000,41,29,440.4607,-82.5572,0.1381,15,0.3659,1.0000,8,8,8,0,0,8,8,0.0000
4,288.0000,41,33,411.8219,-81.6584,0.4232,9,0.2195,0.8571,7,6,4,0,0,6,4,0.3333
4,288.0000,41,34,235.5353,-77.1254,-0.0176,32,0.7805,0.4000,5,4,0,0,0,4,0,1.0000
4,288.0000,41,35,329.0534,-79.1956,-0.3640,29,0.7073,0.6667,6,8,8,0,0,8,8,0.0000
4,288.0000,41,37,610.1450,-84.1097,-0.2200,6,0.1463,1.0000,8,6,4,0,0,6,4,0.3333
4,288.0000,41,43,390.6719,-81.0403,-0.3916,12,0.2927,0.8571,7,7,6,0,0,7,6,0.1429
4,288.0000,41,45,492.5914,-82.9684,-0.5019,9,0.2195,0.8571,7,6,3,0,0,6,3,0.5000
4,288.0000,42,0,634.4968,-85.3260,1.1716,7,0.1707,1.0000,8,8,8,0,0,8,8,0.0000
4,288.0000,42,1,663.4220,-85.6459,-0.5423,3,0.0732,1.0000,8,8,8,0,0,8,8,0.0000
4,288.0000,42,3,974.9582,-87.3309,0.7707,3,0.0732,1.0000,4,2,2,0,0,2,2,0.0000
4,288.0000,42,4,328.7311,-78.6346,0.5222,19,0.4634,0.7500,8,7,5,0,0,7,5,0.2857
4,288.0000,42,6,384.2386,-81.7462,1.4513,20,0.4878,0.8750,8,8,7,0,0,8,7,0.1250
4,288.0000,42,13,593.4887,-83.4199,-0.4786,5,0.1220,0.8571,7,8,8,0,0,8,8,0.0000
4,288.0000,42,15,767.9786,-86.3705,-0.0128,5,0.1220,1.0000,2,5,4,0,0,5,4,0.2000
4,288.0000,42,16,602.0801,-85.0681,0.3780,3,0.0732,1.0000,8,8,8,0,0,8,8,0.0000
4,288.0000,42,19,831.9643,-87.0837,0.0155,6,0.1463,1.0000,6,4,4,0,0,4,4,0.0000
4,288.0000,42,21,585.4153,-81.4601,-1.0794,3,0.0732,0.8571,7,8,8,0,0,8,8,0.0000
4,288.0000,42,24,646.4944,-86.7498,-0.1138,4,0.0976,1.0000,8,8,8,0,0,8,8,0.0000
4,288.0000,42,28,548.1076,-85.4886,0.3213,9,0.2195,1.0000,8,7,6,0,0,7,6,0.1429
4,288.0000,42,31,727.4770,-84.7245,1.4732,4,0.0976,1.0000,8,8,8,0,0,8,8,0.0000
4,288.0000,42,36,609.5159,-84.9226,0.6029,6,0.1463,1.0000,8,7,6,0,0,7,6,0.1429
4,288.0000,42,39,936.4458,-87.1468,0.6605,3,0.0732,1.0000,4,8,8,0,0,8,8,0.0000
4,288.0000,42,40,820.8187,-85.0438,-0.4825,3,0.0732,1.0000,8,4,4,0,0,4,4,0.0000
4,288.0000,42,46,697.1887,-86.3191,0.0545,6,0.1463,0.8750,8,8,8,0,0,8,8,0.0000
4,288.0000,42,47,396.9140,-81.1493,0.7535,12,0.2927,0.8571,7,8,5,0,0,8,5,0.3750
4,288.0000,43,2,214.0586,-76.6752,0.7945,25,0.6250,0.3333,6,5,2,0,0,5,2,0.6000
4,288.0000,43,3,496.6902,-84.7872,-1.0050,7,0.1750,0.7500,8,8,7,0,0,8,7,0.1250
4,288.0000,43,5,537.3635,-83.9621,0.0806,11,0.2750,0.8571,7,7,5,0,0,7,5,0.2857
4,288.0000,43,7,634.2195,-85.6755,0.8481,10,0.2500,0.8750,8,8,8,0,0,8,8,0.0000
4,288.0000,43,8,460.7487,-82.8816,0.9151,8,0.2000,0.8571,7,8,8,0,0,8,8,0.0000
4,288.0000,43,10,465.1790,-84.2212,-0.4601,9,0.2250,0.7143,7,8,8,0,0,8,8,0.0000
4,288.0000,43,11,295.2067,-79.1052,0.8268,16,0.4000,0.7143,7,6,2,0,0,6,2,0.6667
4,288.0000,43,12,766.6128,-85.9496,-0.1382,13,0.3250,1.0000,8,8,8,0,0,8,8,0.0000
4,288.0000,43,16,716.2991,-88.1799,-0.1349,4,0.1000,1.0000,8,8,8,0,0,8,8,0.0000
4,288.0000,43,17,220.9040,-75.7584,0.1907,35,0.8750,0.0000,4,5,1,0,0,5,1,0.8000
4,288.0000,43,18,334.3563,-79.4126,-0.4872,26,0.6500,0.6667,6,6,4,0,0,6,4,0.3333
4,288.0000,43,20,610.8013,-86.0932,0.6004,8,0.2000,0.8750,8,7,6,0,0,7,6,0.1429
4,288.0000,43,21,697.6256,-88.7350,0.0233,4,0.1000,1.0000,8,8,8,0,0,8,8,0.0000
4,288.0000,43,22,489.8861,-83.5217,0.2192,11,0.2750,1.0000,8,8,8,0,0,8,8,0.0000
4,288.0000,43,23,546.0300,-83.5260,-0.4032,11,0.2750,0.7143,7,8,8,0,0,8,8,0.0000
4,288.0000,43,24,783.9612,-86.7811,-0.5230,5,0.1250,1.0000,8,7,6,0,0,7,6,0.1429
4,288.0000,43,25,624.6895,-86.6139,2.3355,4,0.1000,1.0000,6,7,6,0,0,7,6,0.1429
4,288.0000,43,26,545.5261,-83.1587,0.3065,17,0.4250,0.4286,7,8,8,0,0,8,8,0.0000
4,288.0000,43,27,418.7104,-83.0113,1.2827,13,0.3250,0.6667,3,6,3,0,0,6,3,0.5000
4,288.0000,43,29,592.2768,-83.4624,-0.7577,15,0.3750,0.7143,7,7,5,0,0,7,5,0.2857
4,288.0000,43,32,708.4800,-87.1608,1.2202,5,0.1250,1.0000,8,4,4,0,0,4,4,0.0000
4,288.0000,43,33,469.6689,-83.1683,-0.3415,14,0.3500,0.5000,6,8,7,0,0,8,7,0.1250
4,288.0000,43,34,471.2439,-83.2686,-0.0459,17,0.4250,0.8571,7,8,7,0,0,8,7,0.1250
4,288.0000,43,35,602.6496,-84.0395,-0.9179,11,0.2750,1.0000,8,3,2,0,0,3,2,0.3333
4,288.0000,43,37,337.9434,-80.7798,-0.0104,20,0.5000,0.8750,8,6,2,0,0,6,2,0.6667
4,288.0000,43,41,390.6719,-81.1705,0.0913,24,0.6000,0.8750,8,5,1,0,0,5,1,0.8000
4,288.0000,43,44,646.4977,-87.0738,-0.8074,3,0.0750,1.0000,8,8,8,0,0,8,8,0.0000
4,288.0000,43,45,452.5595,-81.3604,-1.1156,22,0.5500,1.0000,8,8,6,0,0,8,6,0.2500
4,288.0000,44,1,381.2694,-80.8547,-0.0539,20,0.5000,0.5000,6,7,5,0,0,7,5,0.2857
4,288.0000,44,2,720.1213,-88.2199,1.0904,3,0.0750,1.0000,8,8,8,0,0,8,8,0.0000
4,288.0000,44,4,753.1160,-86.2453,0.3987,3,0.0750,1.0000,6,7,6,0,0,7,6,0.1429
4,288.0000,44,6,909.0822,-88.1245,1.0588,3,0.0750,1.0000,4,8,8,0,0,8,8,0.0000
4,288.0000,44,8,537.3863,-84.9837,0.6265,5,0.1250,1.0000,6,8,7,0,0,8,7,0.1250
4,288.0000,44,9,197.1380,-73.8628,-0.4320,32,0.8000,0.0000,4,7,5,0,0,7,5,0.2857
4,288.0000,44,10,189.3624,-78.6773,1.2043,23,0.5750,0.5000,6,5,1,0,0,5,1,0.8000
4,288.0000,44,11,582.4927,-83.6173,-0.5148,5,0.1250,1.0000,8,6,4,0,0,6,4,0.3333
4,288.0000,44,13,506.1869,-83.3402,-0.0400,15,0.3750,0.8571,7,7,4,0,0,7,4,0.4286
4,288.0000,44,14,329.1426,-78.1531,-0.1786,30,0.7500,0.5714,7,6,4,0,0,6,4,0.3333
4,288.0000,44,16,418.7238,-79.9460,-1.7601,14,0.3500,0.5714,7,8,8,0,0,8,8,0.0000
4,288.0000,44,17,674.4619,-86.8743,-0.1159,5,0.1250,1.0000,4,8,8,0,0,8,8,0.0000
4,288.0000,44,18,751.3733,-86.3316,-0.3935,8,0.2000,1.0000,6,6,6,0,0,6,6,0.0000
4,288.0000,44,21,535.9614,-84.6104,0.1050,10,0.2500,1.0000,8,7,6,0,0,7,6,0.1429
4,288.0000,44,22,861.9400,-87.7530,0.2156,3,0.0750,1.0000,8,6,6,0,0,6,6,0.0000
4,288.0000,44,24,839.9615,-87.9743,-0.0483,4,0.1000,1.0000,6,8,8,0,0,8,8,0.0000
4,288.0000,44,25,429.5856,-82.1053,-0.0486,9,0.2250,0.8750,8,8,8,0,0,8,8,0.0000
4,288.0000,44,27,402.3921,-81.2831,0.0493,24,0.6000,0.6250,8,6,4,0,0,6,4,0.3333
4,288.0000,44,28,858.4440,-87.3668,-0.7584,3,0.0750,1.0000,4,4,4,0,0,4,4,0.0000
4,288.0000,44,30,482.5831,-82.8061,-0.1079,20,0.5000,1.0000,8,7,6,0,0,7,6,0.1429
4,288.0000,44,31,369.5219,-81.1052,0.2593,18,0.4500,0.7143,7,8,8,0,0,8,8,0.0000
4,288.0000,44,32,873.1291,-88.0075,0.9995,4,0.1000,1.0000,8,8,8,0,0,8,8,0.0000
4,288.0000,44,36,462.8838,-81.8244,-1.1742,18,0.4500,0.8750,8,7,6,0,0,7,6,0.1429
4,288.0000,44,37,473.7551,-84.2713,1.0592,13,0.3250,1.0000,8,8,7,0,0,8,7,0.1250
4,288.0000,44,38,301.3135,-76.5814,-1.1690,34,0.8500,0.0000,4,7,6,0,0,7,6,0.1429
4,288.0000,44,39,801.5173,-85.9341,-0.7874,6,0.1500,1.0000,6,4,4,0,0,4,4,0.0000
4,288.0000,44,40,920.2543,-87.5982,0.5618,7,0.1750,1.0000,8,4,4,0,0,4,4,0.0000
4,288.0000,44,41,990.0928,-88.1071,0.0091,3,0.0750,,0,4,4,0,0,4,4,0.0000
4,288.0000,44,42,992.9699,-86.1088,0.1123,3,0.0750,1.0000,6,4,4,0,0,4,4,0.0000
4,288.0000,44,43,646.4977,-86.5464,1.1834,5,0.1250,0.8571,7,10,9,0,0,10,9,0.1000
4,288.0000,44,46,596.2448,-84.8676,0.3197,13,0.3250,1.0000,8,7,6,0,0,7,6,0.1429
4,288.0000,44,47,732.7034,-85.2289,-1.2361,6,0.1500,1.0000,8,6,6,0,0,6,6,0.0000
4,288.0000,45,2,327.9904,-76.8646,-1.6529,29,0.7250,0.7500,8,6,4,0,0,6,4,0.3333
4,288.0000,45,3,403.3898,-80.3338,-0.2426,19,0.4750,1.0000,8,8,8,0,0,8,8,0.0000
4,288.0000,45,5,833.6639,-87.9047,-0.7744,8,0.2000,1.0000,4,8,8,0,0,8,8,0.0000
4,288.0000,45,7,351.5766,-82.0026,0.4491,28,0.7000,0.0000,4,5,2,0,0,5,2,0.6000
4,288.0000,45,8,631.9831,-84.4151,-0.9098,8,0.2000,0.7500,8,8,8,0,0,8,8,0.0000
4,288.0000,45,10,847.3615,-86.8478,0.1889,7,0.1750,1.0000,8,8,8,0,0,8,8,0.0000
4,288.0000,45,11,554.3151,-83.4121,-0.3564,10,0.2500,0.8571,7,8,8,47,46,55,54,0.0182
4,288.0000,45,12,385.4096,-82.4969,-0.2192,28,0.7000,0.4000,5,5,2,0,0,5,2,0.6000
4,288.0000,45,17,450.3945,-81.6804,-0.9570,16,0.4000,0.8750,8,8,6,0,0,8,6,0.2500
4,288.0000,45,18,701.3319,-85.6243,0.6914,10,0.2500,0.7500,8,8,8,0,0,8,8,0.0000
4,288.0000,45,20,431.4485,-82.2353,-0.4976,20,0.5000,0.8750,8,6,3,0,0,6,3,0.5000
4,288.0000,45,22,363.6674,-77.8630,-1.2168,25,0.6250,0.7143,7,8,8,0,0,8,8,0.0000
4,288.0000,45,23,402.4870,-79.7830,-1.5446,21,0.5250,0.7143,7,8,7,0,0,8,7,0.1250
4,288.0000,45,24,866.1760,-86.4470,-0.7666,6,0.1500,1.0000,8,6,6,0,0,6,6,0.0000
4,288.0000,45,26,412.2489,-84.2292,0.2944,21,0.5250,1.0000,8,5,1,0,0,5,1,0.8000
4,288.0000,45,27,863.2349,-86.9767,-0.5002,6,0.1500,1.0000,4,8,8,0,0,8,8,0.0000
4,288.0000,45,29,334.0314,-81.5194,0.9850,27,0.6750,0.6667,6,6,2,0,0,6,2,0.6667
4,288.0000,45,32,743.9051,-85.7452,0.8448,6,0.1500,1.0000,10,5,4,0,0,5,4,0.2000
4,288.0000,45,33,265.5626,-79.7189,0.0559,31,0.7750,0.6667,6,6,3,0,0,6,3,0.5000
4,288.0000,45,34,527.0459,-84.4612,-0.4955,21,0.5250,1.0000,8,8,6,0,0,8,6,0.2500
4,288.0000,45,35,443.4702,-84.1539,0.6803,20,0.5000,0.6667,6,8,6,2,2,10,8,0.2000
4,288.0000,45,37,779.5539,-86.7651,-0.5462,9,0.2250,1.0000,8,8,8,0,0,8,8,0.0000
4,288.0000,45,41,492.5914,-84.0317,0.7803,18,0.4500,1.0000,8,8,8,0,0,8,8,0.0000
4,288.0000,45,43,452.5595,-81.0767,-0.0174,19,0.4750,0.7143,7,8,8,0,0,8,8,0.0000
4,288.0000,46,0,460.3656,-81.6559,0.1714,29,0.7250,0.3333,6,7,5,0,0,7,5,0.2857
4,288.0000,46,1,322.0821,-80.1468,0.8593,18,0.4500,1.0000,8,6,3,0,0,6,3,0.5000
4,288.0000,46,4,665.6296,-86.4416,-0.2287,6,0.1500,0.8750,8,8,8,0,0,8,8,0.0000
4,288.0000,46,6,532.6085,-84.3808,-0.1376,13,0.3250,0.8571,7,7,5,0,0,7,5,0.2857
4,288.0000,46,8,835.2788,-86.4844,0.8545,5,0.1250,1.0000,8,8,8,0,0,8,8,0.0000
4,288.0000,46,9,403.3040,-82.6737,0.5877,15,0.3750,1.0000,8,7,5,4,4,11,9,0.1818
4,288.0000,46,10,713.9066,-87.6962,-1.3979,4,0.1000,1.0000,6,8,7,0,0,8,7,0.1250
4,288.0000,46,11,945.1022,-89.2315,-0.1778,4,0.1000,1.0000,4,4,4,0,0,4,4,0.0000
4,288.0000,46,13,180.8022,-76.5832,1.0795,24,0.6000,0.3333,6,6,3,3,1,9,4,0.5556
4,288.0000,46,14,500.4006,-84.9122,1.0669,9,0.2250,1.0000,8,6,2,0,0,6,2,0.6667
4,288.0000,46,15,632.8999,-84.9638,0.2607,22,0.5500,0.8750,8,8,8,0,0,8,8,0.0000
4,288.0000,46,16,497.7199,-85.3053,0.2763,9,0.2250,0.8571,7,7,6,0,0,7,6,0.1429
4,288.0000,46,19,658.4457,-84.8692,-0.2318,20,0.5000,1.0000,8,6,4,0,0,6,4,0.3333
4,288.0000,46,21,673.2979,-85.9963,-0.1432,4,0.1000,1.0000,8,8,8,0,0,8,8,0.0000
4,288.0000,46,24,865.2499,-88.6425,0.8871,3,0.0750,0.8333,6,6,6,0,0,6,6,0.0000
4,288.0000,46,25,584.4910,-85.0180,-0.4162,10,0.2500,1.0000,8,8,8,0,0,8,8,0.0000
4,288.0000,46,28,293.0865,-77.3543,-1.1155,32,0.8000,0.8571,7,6,3,0,0,6,3,0.5000
4,288.0000,46,30,227.5827,-77.0347,-0.1559,33,0.8250,0.5000,6,5,2,0,0,5,2,0.6000
4,288.0000,46,31,404.2471,-82.8290,0.3521,14,0.3500,1.0000,8,6,4,0,0,6,4,0.3333
4,288.0000,46,36,228.6096,-77.9650,0.5343,24,0.6000,0.4286,7,4,0,0,0,4,0,1.0000
4,288.0000,46,38,387.3457,-83.0331,0.9918,17,0.4250,1.0000,8,7,4,0,0,7,4,0.4286
4,288.0000,46,39,299.0649,-79.0240,-0.3178,38,0.9500,0.3333,6,4,0,0,0,4,0,1.0000
4,288.0000,46,40,395.6372,-81.4211,-0.1221,30,0.7500,0.6667,6,6,3,0,0,6,3,0.5000
4,288.0000,46,42,697.1887,-85.4560,1.1572,7,0.1750,1.0000,8,8,8,0,0,8,8,0.0000
4,288.0000,46,44,596.2448,-84.5727,-1.2045,10,0.2500,1.0000,8,8,7,0,0,8,7,0.1250
4,288.0000,46,47,432.4260,-83.0669,-0.5603,14,0.3500,0.5000,4,9,7,0,0,9,7,0.2222
4,288.0000,47,0,629.5081,-87.6291,-0.4848,6,0.1500,0.8750,8,8,8,0,0,8,8,0.0000
4,288.0000,47,1,357.8125,-77.4997,-0.5165,22,0.5500,0.6667,6,8,7,0,0,8,7,0.1250
4,288.0000,47,2,969.3883,-88.0837,-1.0507,4,0.1000,1.0000,4,4,4,0,0,4,4,0.0000
4,288.0000,47,4,430.0437,-81.2990,-0.2053,14,0.3500,0.8750,8,6,4,0,0,6,4,0.3333
4,288.0000,47,6,181.6119,-75.6111,0.5992,31,0.7750,0.0000,4,4,0,0,0,4,0,1.0000
4,288.0000,47,8,656.3732,-84.7567,-1.6411,7,0.1750,1.0000,8,8,8,0,0,8,8,0.0000
4,288.0000,47,9,601.1868,-84.2875,0.3366,6,0.1500,0.8750,8,8,8,0,0,8,8,0.0000
4,288.0000,47,10,742.0177,-87.2827,-0.2991,5,0.1250,1.0000,8,8,8,0,0,8,8,0.0000
4,288.0000,47,11,773.5487,-85.9440,-0.1204,3,0.0750,0.8571,7,8,8,0,0,8,8,0.0000
4,288.0000,47,13,319.5070,-78.2251,-1.2393,25,0.6250,0.6364,33,7,6,3,1,10,7,0.3000
4,288.0000,47,14,708.7116,-85.3559,-0.3920,9,0.2250,1.0000,8,8,8,0,0,8,8,0.0000
4,288.0000,47,15,724.7456,-85.8882,-0.3052,10,0.2500,0.6667,3,8,8,0,0,8,8,0.0000
4,288.0000,47,16,378.1748,-80.1722,-0.6174,15,0.3750,1.0000,8,7,5,0,0,7,5,0.2857
4,288.0000,47,19,788.4417,-87.1034,-1.2207,3,0.0750,1.0000,4,6,6,0,0,6,6,0.0000
4,288.0000,47,21,507.2028,-82.4765,0.1243,12,0.3000,0.8571,7,8,8,0,0,8,8,0.0000
4,288.0000,47,22,921.6217,-87.6027,-0.7818,3,0.0750,1.0000,6,2,2,0,0,2,2,0.0000
4,288.0000,47,24,495.4422,-83.3210,-0.1529,10,0.2500,0.8750,8,7,6,0,0,7,6,0.1429
4,288.0000,47,25,427.0963,-79.9191,-0.5515,17,0.4250,0.8750,8,8,7,0,0,8,7,0.1250
4,288.0000,47,28,384.1753,-82.4260,-0.2917,16,0.4000,1.0000,8,7,4,0,0,7,4,0.4286
4,288.0000,47,30,604.6388,-85.5949,-0.1201,10,0.2500,1.0000,8,8,8,0,0,8,8,0.0000
4,288.0000,47,31,392.2602,-79.5029,-0.7120,19,0.4750,0.7143,7,8,8,0,0,8,8,0.0000
4,288.0000,47,32,626.6555,-84.3985,-1.3422,9,0.2250,1.0000,8,8,8,0,0,8,8,0.0000
4,288.0000,47,36,386.7769,-79.7381,-1.4197,23,0.5750,0.5000,6,7,6,0,0,7,6,0.1429
4,288.0000,47,37,944.6810,-88.9325,-0.2342,4,0.1000,1.0000,2,8,8,0,0,8,8,0.0000
4,288.0000,47,38,669.0962,-84.7057,0.1024,6,0.1500,1.0000,8,7,6,0,0,7,6,0.1429
4,288.0000,47,39,685.9262,-86.4125,0.4876,9,0.2250,1.0000,8,8,8,0,0,8,8,0.0000
4,288.0000,47,40,717.8007,-87.3444,0.9775,5,0.1250,1.0000,8,6,6,0,0,6,6,0.0000
4,288.0000,47,42,396.9140,-81.4944,0.4504,22,0.5500,0.3333,6,8,8,0,0,8,8,0.0000
4,288.0000,47,44,732.7034,-85.1731,-1.0454,8,0.2000,1.0000,8,8,8,0,0,8,8,0.0000
4,288.0000,47,46,432.4260,-81.6994,0.2188,17,0.4250,0.8000,5,9,8,0,0,9,8,0.1111
4,292.0000,0,1,759.6843,-84.8874,-0.8851,4,0.1000,1.0000,8,8,8,0,0,8,8,0.0000
4,292.0000,0,4,604.3736,-86.2092,-1.3948,4,0.1000,1.0000,8,7,6,0,0,7,6,0.1429
4,292.0000,0,6,474.8272,-84.4945,0.2283,10,0.2500,1.0000,8,6,3,0,0,6,3,0.5000
4,292.0000,0,9,846.0428,-86.8006,-0.9957,3,0.0750,1.0000,8,8,8,0,0,8,8,0.0000
4,292.0000,0,13,537.3922,-84.3900,0.5893,10,0.2500,0.8571,7,8,8,0,0,8,8,0.0000
4,292.0000,0,15,320.0660,-80.6932,-0.2836,32,0.8000,0.2000,5,6,2,0,0,6,2,0.6667
4,292.0000,0,19,423.3565,-81.4182,0.0136,28,0.7000,0.6667,6,7,5,0,0,7,5,0.2857
4,292.0000,0,28,330.8277,-79.3356,-0.0322,21,0.5250,0.6667,6,7,6,0,0,7,6,0.1429
4,292.0000,0,30,678.8772,-85.6805,-0.5519,8,0.2000,1.0000,8,8,8,0,0,8,8,0.0000
4,292.0000,0,36,632.6702,-84.6828,-1.0854,7,0.1750,1.0000,8,8,8,0,0,8,8,0.0000
4,292.0000,0,39,624.8875,-84.8687,-0.9891,11,0.2750,1.0000,8,8,8,0,0,8,8,0.0000
4,292.0000,0,40,300.4519,-78.2371,-0.5213,29,0.7250,0.5000,6,5,2,0,0,5,2,0.6000
4,292.0000,0,42,497.1357,-84.3764,-0.3005,11,0.2750,1.0000,8,7,6,0,0,7,6,0.1429
4,292.0000,0,46,589.5215,-83.9335,-0.6518,10,0.2500,1.0000,8,8,8,0,0,8,8,0.0000
4,292.0000,0,47,525.6545,-83.7582,0.0990,11,0.2750,0.8571,7,8,8,0,0,8,8,0.0000
4,292.0000,1,0,759.6843,-86.2015,-0.0611,5,0.1250,1.0000,6,4,4,0,0,4,4,0.0000
4,292.0000,1,2,716.3343,-87.2591,0.1539,5,0.1250,1.0000,4,6,6,0,0,6,6,0.0000
4,292.0000,1,3,772.1282,-87.2297,-0.0895,5,0.1250,1.0000,2,4,4,0,0,4,4,0.0000
4,292.0000,1,4,546.6349,-85.9391,-0.0010,12,0.3000,0.7500,8,7,5,0,0,7,5,0.2857
4,292.0000,1,6,613.7565,-84.3750,-0.4411,17,0.4250,0.8571,7,8,7,0,0,8,7,0.1250
4,292.0000,1,8,457.2995,-82.7112,-0.2251,11,0.2750,1.0000,8,7,6,0,0,7,6,0.1429
4,292.0000,1,9,152.0598,-74.9487,1.4952,34,0.8500,0.2000,5,6,4,0,0,6,4,0.3333
4,292.0000,1,10,317.0858,-80.6522,1.1973,16,0.4000,0.7500,8,6,4,0,0,6,4,0.3333
4,292.0000,1,11,544.9496,-84.8425,-0.1963,10,0.2500,1.0000,8,8,8,0,0,8,8,0.0000
4,292.0000,1,13,245.0333,-75.5727,-0.5365,28,0.7000,0.3333,6,7,5,0,0,7,5,0.2857
4,292.0000,1,14,265.4599,-79.1793,0.1186,26,0.6500,0.8571,7,5,1,0,0,5,1,0.8000
4,292.0000,1,15,884.4301,-88.0983,0.2326,6,0.1500,,0,6,6,0,0,6,6,0.0000
4,292.0000,1,16,295.6303,-76.4040,-0.3006,21,0.5250,0.0000,4,7,4,0,0,7,4,0.4286
4,292.0000,1,18,1033.9024,-88.1270,-0.0753,6,0.1500,1.0000,4,4,4,0,0,4,4,0.0000
4,292.0000,1,19,988.7598,-88.2413,0.3892,4,0.1000,1.0000,4,4,4,0,0,4,4,0.0000
4,292.0000,1,20,871.7265,-88.2352,0.4803,5,0.1250,1.0000,4,5,4,0,0,5,4,0.2000
4,292.0000,1,21,474.5604,-84.4092,-0.1912,10,0.2500,0.7143,7,5,4,0,0,5,4,0.2000
4,292.0000,1,22,853.8974,-86.6283,-0.8338,7,0.1750,0.8571,7,8,8,0,0,8,8,0.0000
4,292.0000,1,23,842.4008,-87.9145,0.6246,6,0.1500,0.8571,7,5,4,0,0,5,4,0.2000
4,292.0000,1,24,548.4961,-84.9855,0.4376,10,0.2500,1.0000,6,7,6,0,0,7,6,0.1429
4,292.0000,1,25,318.7424,-78.6662,-0.5603,17,0.4250,0.5000,6,6,4,0,0,6,4,0.3333
4,292.0000,1,28,514.6155,-83.7042,-0.2767,20,0.5000,0.6667,6,8,8,0,0,8,8,0.0000
4,292.0000,1,30,312.0003,-81.2012,-0.0335,23,0.5750,0.2000,5,7,5,0,0,7,5,0.2857
4,292.0000,1,31,91.3335,-68.8528,0.3363,37,0.9250,0.0000,4,5,1,0,0,5,1,0.8000
4,292.0000,1,32,845.0684,-88.3395,-0.2402,6,0.1500,1.0000,8,8,8,0,0,8,8,0.0000
4,292.0000,1,36,205.1058,-74.9012,-0.2001,30,0.7500,0.0000,4,4,0,0,0,4,0,1.0000
4,292.0000,1,37,553.3319,-85.9987,0.2617,8,0.2000,1.0000,8,8,8,0,0,8,8,0.0000
4,292.0000,1,38,301.8093,-78.4249,0.7320,29,0.7250,0.5714,7,7,5,0,0,7,5,0.2857
4,292.0000,1,39,574.1186,-84.4796,0.5478,14,0.3500,0.8750,8,7,5,0,0,7,5,0.2857
4,292.0000,1,40,652.3582,-85.8729,0.3753,13,0.3250,0.6667,3,8,7,0,0,8,7,0.1250
4,292.0000,1,42,766.3881,-86.9451,-0.9294,9,0.2250,0.8000,5,4,4,0,0,4,4,0.0000
4,292.0000,1,43,715.6066,-87.0068,0.3466,7,0.1750,1.0000,6,7,6,0,0,7,6,0.1429
4,292.0000,1,44,378.9946,-81.9316,-0.2661,18,0.4500,1.0000,10,7,6,0,0,7,6,0.1429
4,292.0000,1,46,270.5452,-77.9923,0.6865,28,0.7000,0.5000,6,6,3,0,0,6,3,0.5000
4,292.0000,1,47,515.9385,-82.8386,-1.2204,19,0.4750,1.0000,8,7,6,0,0,7,6,0.1429
4,292.0000,2,1,716.3343,-86.8512,4.5357,3,0.0750,0.8000,5,8,8,0,0,8,8,0.0000
4,292.0000,2,3,321.8530,-78.4731,0.7858,23,0.5750,0.7143,7,7,5,0,0,7,5,0.2857
4,292.0000,2,4,879.1549,-88.0113,-0.0774,5,0.1250,1.0000,5,7,7,0,0,7,7,0.0000
4,292.0000,2,5,603.4008,-86.0005,0.5017,13,0.3250,1.0000,8,7,6,0,0,7,6,0.1429
4,292.0000,2,7,541.0917,-83.8519,0.2288,16,0.4000,0.8571,7,6,4,0,0,6,4,0.3333
4,292.0000,2,8,305.8974,-80.3655,0.4290,18,0.4500,0.7143,7,6,3,0,0,6,3,0.5000
4,292.0000,2,9,666.4872,-87.3120,0.5986,3,0.0750,1.0000,4,8,8,0,0,8,8,0.0000
4,292.0000,2,10,537.9898,-85.6578,-1.3751,6,0.1500,0.8750,8,6,4,0,0,6,4,0.3333
4,292.0000,2,11,230.0608,-76.2147,-0.5055,28,0.7000,0.5000,6,5,2,0,0,5,2,0.6000
4,292.0000,2,12,733.0457,-86.9954,-0.8444,8,0.2000,0.8571,7,8,8,0,0,8,8,0.0000
4,292.0000,2,13,948.0974,-88.1761,-0.1248,6,0.1500,1.0000,4,4,4,0,0,4,4,0.0000
4,292.0000,2,14,830.3515,-88.1781,0.4110,4,0.1000,1.0000,6,6,6,0,0,6,6,0.0000
4,292.0000,2,16,688.7575,-85.8297,0.4295,7,0.1750,0.8571,7,8,8,0,0,8,8,0.0000
4,292.0000,2,17,263.1069,-78.5539,-0.2276,22,0.5500,0.0000,4,8,5,0,0,8,5,0.3750
4,292.0000,2,18,558.0137,-84.3486,-0.7149,12,0.3000,1.0000,6,7,6,0,0,7,6,0.1429
4,292.0000,2,20,422.3564,-81.8219,0.4594,19,0.4750,0.9000,20,7,5,0,0,7,5,0.2857
4,292.0000,2,21,519.9527,-83.3068,0.0994,8,0.2000,1.0000,8,6,4,0,0,6,4,0.3333
4,292.0000,2,22,436.0786,-79.4900,-0.3482,22,0.5500,0.6667,6,6,4,0,0,6,4,0.3333
4,292.0000,2,23,466.5117,-80.9096,-0.1777,18,0.4500,1.0000,8,8,8,0,0,8,8,0.0000
4,292.0000,2,24,674.9073,-85.5354,-0.7544,7,0.1750,1.0000,6,8,8,0,0,8,8,0.0000
4,292.0000,2,25,441.8581,-84.2679,2.4790,8,0.2000,0.8000,5,8,7,0,0,8,7,0.1250
4,292.0000,2,26,657.1703,-84.2645,-0.2944,12,0.3000,1.0000,6,8,8,0,0,8,8,0.0000
4,292.0000,2,27,437.1938,-83.1304,1.0683,14,0.3500,0.8750,8,7,5,0,0,7,5,0.2857
4,292.0000,2,29,561.4872,-84.4157,0.3913,17,0.4250,0.7143,7,5,4,0,0,5,4,0.2000
4,292.0000,2,31,709.2069,-86.2769,1.4470,3,0.0750,1.0000,8,2,2,0,0,2,2,0.0000
4,292.0000,2,32,647.8028,-86.0355,-0.9181,12,0.3000,1.0000,8,8,8,0,0,8,8,0.0000
4,292.0000,2,33,417.8177,-81.6944,-0.4731,18,0.4500,1.0000,8,7,5,5,3,12,8,0.3333
4,292.0000,2,34,507.4471,-85.0411,0.7366,14,0.3500,0.8571,7,6,3,0,0,6,3,0.5000
4,292.0000,2,35,677.1374,-86.0095,0.0864,14,0.3500,0.8333,6,8,6,0,0,8,6,0.2500
4,292.0000,2,37,368.3801,-82.0491,1.5621,13,0.3250,1.0000,8,7,5,0,0,7,5,0.2857
4,292.0000,2,38,942.4614,-86.2295,-1.5324,3,0.0750,1.0000,10,6,6,0,0,6,6,0.0000
4,292.0000,2,41,455.3814,-82.0147,0.5519,19,0.4750,0.5000,6,8,7,0,0,8,7,0.1250
4,292.0000,2,43,204.8939,-75.9460,0.1059,30,0.7500,0.0000,4,5,1,0,0,5,1,0.8000
4,292.0000,2,44,544.2343,-86.5966,0.7312,6,0.1500,1.0000,8,8,6,0,0,8,6,0.2500
4,292.0000,2,45,497.7979,-81.7353,-0.3895,23,0.5750,0.6667,6,7,5,0,0,7,5,0.2857
4,292.0000,3,2,321.8530,-79.0893,-0.3369,20,0.5000,0.6667,6,6,4,0,0,6,4,0.3333
4,292.0000,3,7,516.9986,-82.9988,-0.5343,8,0.2000,1.0000,8,10,9,0,0,10,9,0.1000
4,292.0000,3,8,379.7556,-80.2159,-0.8349,12,0.3000,0.6250,8,8,8,0,0,8,8,0.0000
4,292.0000,3,11,329.5468,-80.1865,0.3951,15,0.3750,1.0000,8,8,7,0,0,8,7,0.1250
4,292.0000,3,12,704.7935,-86.9780,0.7172,4,0.1000,1.0000,6,8,8,0,0,8,8,0.0000
4,292.0000,3,17,560.3406,-83.2580,1.7655,5,0.1250,1.0000,8,7,6,0,0,7,6,0.1429
4,292.0000,3,20,139.5769,-72.2712,-0.3314,35,0.8750,0.0000,4,4,0,0,0,4,0,1.0000
4,292.0000,3,21,449.5073,-83.8919,0.1362,3,0.0750,0.8750,8,8,8,0,0,8,8,0.0000
4,292.0000,3,22,164.0843,-72.5839,-0.1687,32,0.8000,0.0000,4,6,4,0,0,6,4,0.3333
4,292.0000,3,23,184.3933,-72.7893,-1.0893,31,0.7750,0.0000,4,6,1,0,0,6,1,0.8333
4,292.0000,3,24,495.4244,-82.3259,-0.3335,12,0.3000,0.8750,8,8,7,0,0,8,7,0.1250
4,292.0000,3,25,453.5520,-81.3696,-0.5882,4,0.1000,1.0000,8,7,5,0,0,7,5,0.2857
4,292.0000,3,29,585.2617,-84.1242,0.1028,6,0.1500,1.0000,8,3,1,0,0,3,1,0.6667
4,292.0000,3,32,358.7051,-79.6685,-0.1943,19,0.4750,0.4000,5,7,5,0,0,7,5,0.2857
4,292.0000,3,33,466.5268,-83.5800,-0.6351,6,0.1500,0.5000,6,8,8,0,0,8,8,0.0000
4,292.0000,3,34,680.5968,-84.0738,-1.2201,3,0.0750,0.8000,5,8,8,0,0,8,8,0.0000
4,292.0000,3,37,571.2390,-83.5203,-0.0021,5,0.1250,0.8571,7,5,2,0,0,5,2,0.6000
4,292.0000,3,43,516.9596,-83.9788,-2.6567,4,0.1000,1.0000,6,8,7,0,0,8,7,0.1250
4,292.0000,3,45,519.9785,-80.8107,-0.5974,11,0.2750,0.5714,7,8,8,0,0,8,8,0.0000
4,292.0000,4,0,604.3736,-85.0264,1.0469,10,0.2500,1.0000,6,7,5,0,0,7,5,0.2857
4,292.0000,4,1,546.6349,-84.7935,-1.3034,6,0.1500,1.0000,8,8,8,0,0,8,8,0.0000
4,292.0000,4,3,766.7309,-86.4695,1.8079,3,0.0750,1.0000,4,4,4,0,0,4,4,0.0000
4,292.0000,4,6,556.9855,-83.1564,-0.4332,13,0.3250,0.8571,7,8,8,0,0,8,8,0.0000
4,292.0000,4,8,591.3406,-84.4178,0.0093,9,0.2250,1.0000,8,8,7,0,0,8,7,0.1250
4,292.0000,4,9,604.4536,-84.0121,-0.3383,6,0.1500,1.0000,8,8,8,0,0,8,8,0.0000
4,292.0000,4,10,725.9832,-86.9619,0.5442,3,0.0750,1.0000,8,8,8,0,0,8,8,0.0000
4,292.0000,4,11,769.7940,-87.2608,-0.2316,3,0.0750,1.0000,8,8,8,0,0,8,8,0.0000
4,292.0000,4,13,525.2683,-83.7662,0.5710,9,0.2250,1.0000,8,6,4,0,0,6,4,0.3333
4,292.0000,4,15,831.1112,-87.9032,-0.6634,7,0.1750,1.0000,2,5,4,0,0,5,4,0.2000
4,292.0000,4,16,296.4188,-79.7522,1.2207,19,0.4750,0.8571,7,8,7,0,0,8,7,0.1250
4,292.0000,4,20,782.4187,-86.3665,-1.0864,3,0.0750,1.0000,8,8,8,0,0,8,8,0.0000
4,292.0000,4,21,361.9530,-78.3483,-0.2172,20,0.5000,1.0000,8,8,7,0,0,8,7,0.1250
4,292.0000,4,22,740.7718,-87.4544,-0.2808,6,0.1500,1.0000,4,8,8,0,0,8,8,0.0000
4,292.0000,4,23,708.3443,-85.8419,-0.6988,5,0.1250,1.0000,8,8,8,0,0,8,8,0.0000
4,292.0000,4,24,543.4717,-84.1988,-0.1115,14,0.3500,1.0000,8,7,6,0,0,7,6,0.1429
4,292.0000,4,25,530.0664,-82.5386,-0.7036,8,0.2000,1.0000,8,8,8,0,0,8,8,0.0000
4,292.0000,4,28,544.8499,-85.2846,0.6018,9,0.2250,1.0000,8,7,6,0,0,7,6,0.1429
4,292.0000,4,30,669.6692,-87.1046,-1.1076,5,0.1250,1.0000,6,8,8,0,0,8,8,0.0000
4,292.0000,4,31,614.5499,-83.9959,0.0398,7,0.1750,1.0000,8,8,8,0,0,8,8,0.0000
4,292.0000,4,32,769.9048,-85.3629,-0.0024,7,0.1750,0.8571,7,5,4,0,0,5,4,0.2000
4,292.0000,4,36,533.7750,-82.5715,0.0000,10,0.2500,0.8571,7,8,8,0,0,8,8,0.0000
4,292.0000,4,38,775.8715,-87.0413,-0.1947,5,0.1250,1.0000,8,8,8,0,0,8,8,0.0000
4,292.0000,4,39,893.3923,-87.2621,-1.5694,3,0.0750,1.0000,6,8,8,0,0,8,8,0.0000
4,292.0000,4,40,715.6898,-86.6429,1.9579,3,0.0750,1.0000,4,8,7,0,0,8,7,0.1250
4,292.0000,4,42,348.8713,-81.1441,0.3015,24,0.6000,0.8571,7,6,3,0,0,6,3,0.5000
4,292.0000,4,43,990.6264,-87.9035,-1.3816,3,0.0750,,0,2,2,0,0,2,2,0.0000
4,292.0000,4,44,795.5673,-86.1304,0.2281,5,0.1250,0.8571,7,4,4,0,0,4,4,0.0000
4,292.0000,4,46,626.9637,-87.8772,0.2375,3,0.0750,0.8571,7,8,7,0,0,8,7,0.1250
4,292.0000,4,47,426.2546,-81.7440,-0.2017,17,0.4250,1.0000,8,8,8,0,0,8,8,0.0000
4,292.0000,5,2,603.4008,-86.2249,0.8632,5,0.1250,1.0000,8,7,6,0,0,7,6,0.1429
4,292.0000,5,3,876.8063,-88.9542,-0.2659,3,0.0750,1.0000,8,4,4,0,0,4,4,0.0000
4,292.0000,5,7,744.6738,-86.7010,0.6240,6,0.1500,1.0000,8,8,8,0,0,8,8,0.0000
4,292.0000,5,11,673.5371,-85.3278,-0.2629,3,0.0750,1.0000,8,7,6,0,0,7,6,0.1429
4,292.0000,5,17,555.6662,-84.7013,0.1224,10,0.2500,1.0000,8,7,6,0,0,7,6,0.1429
4,292.0000,5,18,55.1110,-71.2468,3.9188,32,0.8000,0.4000,5,4,0,0,0,4,0,1.0000
4,292.0000,5,26,689.6233,-85.4496,-0.3376,9,0.2250,1.0000,8,8,8,0,0,8,8,0.0000
4,292.0000,5,27,387.8976,-82.0044,1.4062,10,0.2500,0.8571,7,5,2,0,0,5,2,0.6000
4,292.0000,5,29,713.7533,-85.5309,-0.2679,8,0.2000,1.0000,8,7,6,0,0,7,6,0.1429
4,292.0000,5,33,623.6171,-85.5773,-0.0095,10,0.2500,1.0000,8,8,8,0,0,8,8,0.0000
4,292.0000,5,34,365.9611,-81.9926,-0.1228,16,0.4000,0.0000,4,6,4,0,0,6,4,0.3333
4,292.0000,5,35,713.3337,-85.4189,-0.3812,10,0.2500,1.0000,8,7,6,0,0,7,6,0.1429
4,292.0000,5,37,517.7166,-84.6688,0.9571,6,0.1500,1.0000,8,8,8,0,0,8,8,0.0000
4,292.0000,5,41,372.1703,-81.0711,0.5581,21,0.5250,0.7143,7,8,8,0,0,8,8,0.0000
4,292.0000,5,43,436.0986,-83.7654,0.4912,4,0.1000,1.0000,8,7,6,0,0,7,6,0.1429
4,292.0000,5,45,790.3785,-86.4364,-0.8600,4,0.1000,1.0000,8,8,8,0,0,8,8,0.0000
4,292.0000,6,0,474.8272,-84.2409,0.4389,17,0.4250,1.0000,8,7,6,0,0,7,6,0.1429
4,292.0000,6,1,613.7565,-84.6582,-0.4703,8,0.2000,1.0000,8,8,8,0,0,8,8,0.0000
4,292.0000,6,4,556.9855,-83.7115,-0.1897,13,0.3250,0.8750,8,8,8,0,0,8,8,0.0000
4,292.0000,6,8,905.5156,-87.7471,-0.4622,3,0.0750,1.0000,8,8,8,0,0,8,8,0.0000
4,292.0000,6,9,756.0994,-88.6921,0.3890,5,0.1250,1.0000,6,8,8,0,0,8,8,0.0000
4,292.0000,6,10,924.6062,-88.1575,-0.1026,3,0.0750,1.0000,6,8,8,0,0,8,8,0.0000
4,292.0000,6,13,494.5343,-83.5273,1.2892,13,0.3250,1.0000,8,7,5,0,0,7,5,0.2857
4,292.0000,6,14,749.4305,-86.8667,0.0530,7,0.1750,1.0000,6,8,8,0,0,8,8,0.0000
4,292.0000,6,15,444.3249,-83.5198,1.1273,20,0.5000,0.7143,7,6,4,0,0,6,4,0.3333
4,292.0000,6,16,518.6879,-83.3697,0.4748,12,0.3000,1.0000,8,8,7,0,0,8,7,0.1250
4,292.0000,6,19,654.8066,-86.2069,-0.5366,14,0.3500,0.8571,7,8,8,0,0,8,8,0.0000
4,292.0000,6,20,1111.8791,-89.0588,0.8333,3,0.0750,,0,6,6,0,0,6,6,0.0000
4,292.0000,6,21,770.4167,-86.2303,-1.0121,8,0.2000,1.0000,8,8,8,0,0,8,8,0.0000
4,292.0000,6,24,589.9704,-84.0158,-0.6383,7,0.1750,1.0000,6,8,8,0,0,8,8,0.0000
4,292.0000,6,25,737.5262,-86.6962,0.0516,7,0.1750,1.0000,8,8,8,0,0,8,8,0.0000
4,292.0000,6,28,242.4831,-78.8942,1.0452,27,0.6750,0.7500,8,6,4,0,0,6,4,0.3333
4,292.0000,6,30,723.7319,-85.7707,-0.1393,9,0.2250,0.8571,7,8,8,0,0,8,8,0.0000
4,292.0000,6,31,626.2119,-86.5479,-0.6998,7,0.1750,1.0000,8,8,8,0,0,8,8,0.0000
4,292.0000,6,32,907.5269,-85.8536,-1.5116,3,0.0750,1.0000,6,6,6,0,0,6,6,0.0000
4,292.0000,6,36,624.7221,-85.3799,1.1703,9,0.2250,1.0000,8,10,10,0,0,10,10,0.0000
4,292.0000,6,38,752.4141,-86.1679,-0.1681,6,0.1500,1.0000,8,10,10,0,0,10,10,0.0000
4,292.0000,6,39,670.7759,-85.8345,-0.0508,10,0.2500,1.0000,8,8,7,0,0,8,7,0.1250
4,292.0000,6,40,586.1887,-85.0718,1.2073,14,0.3500,0.8571,7,7,6,0,0,7,6,0.1429
4,292.0000,6,42,417.1331,-81.0286,-0.6730,20,0.5000,1.0000,8,7,6,0,0,7,6,0.1429
4,292.0000,6,44,989.9426,-89.6385,-0.4434,3,0.0750,1.0000,8,4,4,0,0,4,4,0.0000
4,292.0000,6,46,550.0359,-84.3170,0.6113,12,0.3000,0.8750,8,8,8,0,0,8,8,0.0000
4,292.0000,6,47,159.5740,-73.6114,0.2011,31,0.7750,0.0000,4,4,0,0,0,4,0,1.0000
4,292.0000,7,2,541.0917,-85.8894,-0.7757,6,0.1463,1.0000,8,8,8,0,0,8,8,0.0000
4,292.0000,7,3,516.9986,-84.3423,0.8621,8,0.1951,1.0000,8,8,8,0,0,8,8,0.0000
4,292.0000,7,5,744.6738,-86.9668,-0.5514,4,0.0976,1.0000,10,8,8,0,0,8,8,0.0000
4,292.0000,7,8,804.4707,-87.9477,0.6690,5,0.1220,1.0000,8,8,8,0,0,8,8,0.0000
4,292.0000,7,11,650.4448,-86.6478,1.7795,4,0.0976,1.0000,8,8,8,128,128,136,136,0.0000
4,292.0000,7,12,336.7095,-78.8689,-0.1568,34,0.8293,0.2000,5,7,6,0,0,7,6,0.1429
4,292.0000,7,17,681.8146,-87.5312,1.1576,4,0.0976,0.8571,7,6,6,0,0,6,6,0.0000
4,292.0000,7,18,693.1564,-86.9968,1.7897,4,0.0976,0.8571,7,8,8,0,0,8,8,0.0000
4,292.0000,7,20,540.3152,-83.7711,-0.0138,9,0.2195,1.0000,8,8,7,0,0,8,7,0.1250
4,292.0000,7,22,589.4185,-85.6311,0.6093,6,0.1463,1.0000,8,8,8,0,0,8,8,0.0000
4,292.0000,7,23,626.5813,-85.2229,-0.6822,5,0.1220,1.0000,8,3,2,0,0,3,2,0.3333
4,292.0000,7,26,298.7282,-80.3763,0.9492,23,0.5610,0.4000,5,6,3,0,0,6,3,0.5000
4,292.0000,7,29,113.9700,-71.9752,0.6456,37,0.9024,0.0000,4,4,0,0,0,4,0,1.0000
4,292.0000,7,33,143.1775,-72.8793,0.7986,31,0.7561,0.2000,5,4,0,0,0,4,0,1.0000
4,292.0000,7,34,392.0873,-81.7828,0.4627,19,0.4634,0.8571,7,6,4,0,0,6,4,0.3333
4,292.0000,7,35,256.1993,-79.4067,1.0976,30,0.7317,0.7143,7,5,2,0,0,5,2,0.6000
4,292.0000,7,37,763.9880,-87.5367,0.6999,5,0.1220,1.0000,6,8,8,0,0,8,8,0.0000
4,292.0000,7,41,451.0165,-82.0858,0.5705,8,0.1951,0.8571,7,8,6,0,0,8,6,0.2500
4,292.0000,7,43,641.2272,-85.9184,-0.0875,4,0.0976,0.7143,7,8,8,0,0,8,8,0.0000
4,292.0000,7,45,286.6455,-78.8910,-0.2989,27,0.6585,0.3333,6,7,4,0,0,7,4,0.4286
4,292.0000,8,1,457.2995,-83.4607,-0.7253,14,0.3500,0.7143,7,7,6,0,0,7,6,0.1429
4,292.0000,8,2,305.8974,-79.7068,-0.2973,24,0.6000,0.7143,7,6,2,0,0,6,2,0.6667
4,292.0000,8,3,379.7556,-81.9402,0.3603,19,0.4750,0.5000,6,7,5,0,0,7,5,0.2857
4,292.0000,8,4,591.3406,-83.9894,-0.5626,12,0.3000,0.8571,7,5,4,0,0,5,4,0.2000
4,292.0000,8,5,827.5712,-88.4561,1.0046,3,0.0750,1.0000,8,5,4,0,0,5,4,0.2000
4,292.0000,8,6,905.5156,-87.1478,-0.3728,5,0.1250,1.0000,6,4,4,0,0,4,4,0.0000
4,292.0000,8,9,420.1818,-82.4763,0.6346,11,0.2750,0.8571,7,6,4,0,0,6,4,0.3333
4,292.0000,8,10,359.0453,-81.5326,0.6975,16,0.4000,0.5714,7,7,4,0,0,7,4,0.4286
4,292.0000,8,11,240.5959,-77.2732,0.3266,25,0.6250,0.5000,6,4,0,0,0,4,0,1.0000
4,292.0000,8,13,667.2096,-86.5305,0.4864,6,0.1500,0.8333,6,6,6,0,0,6,6,0.0000
4,292.0000,8,14,639.1295,-87.5432,-0.2471,7,0.1750,1.0000,4,8,8,0,0,8,8,0.0000
4,292.0000,8,16,399.4640,-79.7274,-0.6792,15,0.3750,0.7143,7,7,6,0,0,7,6,0.1429
4,292.0000,8,17,448.1895,-84.5492,0.3543,12,0.3000,0.8750,8,7,6,0,0,7,6,0.1429
4,292.0000,8,18,793.2464,-87.1061,0.2997,7,0.1750,1.0000,4,4,4,0,0,4,4,0.0000
4,292.0000,8,20,471.1982,-81.5896,-0.6408,19,0.4750,0.7143,7,7,6,0,0,7,6,0.1429
4,292.0000,8,21,248.0646,-77.1762,0.1165,31,0.7750,0.4286,7,6,4,0,0,6,4,0.3333
4,292.0000,8,22,455.4260,-81.1955,-0.2594,15,0.3750,0.7143,7,8,8,0,0,8,8,0.0000
4,292.0000,8,23,459.5946,-81.4403,-0.5828,21,0.5250,1.0000,8,5,4,0,0,5,4,0.2000
4,292.0000,8,24,505.6980,-82.5632,-2.2232,10,0.2500,0.5714,7,7,6,0,0,7,6,0.1429
4,292.0000,8,25,191.5190,-76.9559,0.3930,26,0.6500,0.2000,5,5,1,0,0,5,1,0.8000
4,292.0000,8,26,956.3163,-87.9603,-0.9758,5,0.1250,0.8000,5,4,4,0,0,4,4,0.0000
4,292.0000,8,27,536.1911,-84.6570,1.0250,11,0.2750,1.0000,8,8,8,0,0,8,8,0.0000
4,292.0000,8,29,844.2359,-88.0617,-0.2392,6,0.1500,1.0000,2,2,2,0,0,2,2,0.0000
4,292.0000,8,30,699.0223,-86.9780,-1.1151,8,0.2000,1.0000,6,8,7,0,0,8,7,0.1250
4,292.0000,8,31,476.3444,-83.7933,-1.1431,11,0.2750,0.6667,6,8,8,0,0,8,8,0.0000
4,292.0000,8,32,616.3480,-84.0817,-1.5085,12,0.3000,1.0000,8,4,4,0,0,4,4,0.0000
4,292.0000,8,33,700.1663,-86.1254,0.7821,8,0.2000,1.0000,4,4,2,0,0,4,2,0.5000
4,292.0000,8,34,796.0577,-88.1142,-1.0183,5,0.1250,1.0000,8,6,6,0,0,6,6,0.0000
4,292.0000,8,35,972.5396,-88.2024,-0.1432,4,0.1000,,0,8,8,0,0,8,8,0.0000
4,292.0000,8,36,590.3544,-86.2800,-0.9785,6,0.1500,0.8750,8,6,5,0,0,6,5,0.1667
4,292.0000,8,37,410.6199,-83.3169,0.5180,14,0.3500,0.8750,8,8,5,0,0,8,5,0.3750
4,292.0000,8,38,713.7809,-85.9962,-0.9347,3,0.0750,1.0000,8,10,10,0,0,10,10,0.0000
4,292.0000,8,41,754.2533,-87.9569,-1.1749,8,0.2000,1.0000,4,6,6,0,0,6,6,0.0000
4,292.0000,8,42,895.8462,-88.3614,0.1771,6,0.1500,1.0000,2,4,4,0,0,4,4,0.0000
4,292.0000,8,43,400.5844,-82.6734,0.2511,18,0.4500,0.7143,7,8,8,0,0,8,8,0.0000
4,292.0000,8,44,402.2758,-82.7208,-0.6008,14,0.3500,0.7500,8,8,6,0,0,8,6,0.2500
4,292.0000,8,45,759.6595,-86.2972,-0.1271,10,0.2500,1.0000,8,6,6,0,0,6,6,0.0000
4,292.0000,8,46,718.6105,-87.2772,-1.0200,5,0.1250,1.0000,8,8,7,0,0,8,7,0.1250
4,292.0000,8,47,756.6396,-86.8911,0.3444,9,0.2250,0.8571,7,8,8,0,0,8,8,0.0000
4,292.0000,9,0,846.0428,-87.6652,-0.4470,8,0.2000,1.0000,4,4,4,0,0,4,4,0.0000
4,292.0000,9,1,152.0598,-74.3775,1.3794,29,0.7250,0.1667,6,3,0,0,0,3,0,1.0000
4,292.0000,9,3,777.4396,-87.9840,-1.1288,4,0.1000,1.0000,2,6,6,0,0,6,6,0.0000
4,292.0000,9,4,604.4536,-84.3490,0.6057,6,0.1500,0.6667,6,8,7,0,0,8,7,0.1250
4,292.0000,9,6,756.0994,-86.4058,-0.4909,7,0.1750,0.8571,7,4,4,0,0,4,4,0.0000
4,292.0000,9,8,420.1818,-84.6172,0.5116,7,0.1750,1.0000,8,8,7,0,0,8,7,0.1250
4,292.0000,9,10,189.9302,-76.3405,1.3318,27,0.6750,0.4286,7,5,1,0,0,5,1,0.8000
4,292.0000,9,11,533.2985,-86.2636,-0.5326,6,0.1500,1.0000,8,9,8,0,0,9,8,0.1111
4,292.0000,9,13,335.8530,-79.7911,-0.4286,18,0.4500,0.5000,6,7,6,0,0,7,6,0.1429
4,292.0000,9,14,293.9132,-79.2033,-0.6085,25,0.6250,0.5000,6,7,4,0,0,7,4,0.4286
4,292.0000,9,16,380.5268,-80.0407,-0.1044,17,0.4250,0.6250,8,7,6,0,0,7,6,0.1429
4,292.0000,9,17,727.6643,-87.7688,0.1274,4,0.1000,1.0000,8,8,7,0,0,8,7,0.1250
4,292.0000,9,18,963.6663,-88.5509,-2.7960,3,0.0750,1.0000,8,4,4,0,0,4,4,0.0000
4,292.0000,9,20,876.4542,-87.9539,0.1979,3,0.0750,1.0000,4,6,6,0,0,6,6,0.0000
4,292.0000,9,21,480.1039,-83.1356,1.4385,8,0.2000,0.8571,7,8,8,0,0,8,8,0.0000
4,292.0000,9,24,649.4941,-86.3251,0.9045,4,0.1000,1.0000,6,8,8,0,0,8,8,0.0000
4,292.0000,9,25,341.9971,-80.1862,-0.0543,12,0.3000,0.6667,6,7,6,0,0,7,6,0.1429
4,292.0000,9,27,613.9560,-84.6881,0.4205,7,0.1750,1.0000,6,8,8,0,0,8,8,0.0000
4,292.0000,9,28,637.5084,-85.7339,0.7636,9,0.2250,1.0000,8,7,6,0,0,7,6,0.1429
4,292.0000,9,30,294.8980,-78.6561,0.3199,24,0.6000,0.4000,5,5,1,0,0,5,1,0.8000
4,292.0000,9,31,201.4805,-77.2872,0.4659,25,0.6250,0.6667,6,4,0,0,0,4,0,1.0000
4,292.0000,9,32,911.7820,-88.5196,-0.7418,3,0.0750,1.0000,4,8,8,0,0,8,8,0.0000
4,292.0000,9,36,227.3275,-76.5484,1.0659,28,0.7000,0.7143,7,6,3,0,0,6,3,0.5000
4,292.0000,9,37,518.1947,-84.5552,-1.0762,9,0.2250,0.8750,8,7,6,0,0,7,6,0.1429
4,292.0000,9,38,298.1405,-75.9379,-1.5871,36,0.9000,0.0000,4,6,4,0,0,6,4,0.3333
4,292.0000,9,39,636.0753,-85.6108,0.5615,11,0.2750,1.0000,6,7,6,0,0,7,6,0.1429
4,292.0000,9,40,714.9619,-86.6245,-0.5805,9,0.2250,0.6667,6,4,4,0,0,4,4,0.0000
4,292.0000,9,42,868.0697,-88.5740,-0.3581,4,0.1000,1.0000,2,4,4,0,0,4,4,0.0000
4,292.0000,9,43,642.1991,-85.4726,1.2717,6,0.1500,1.0000,8,8,7,0,0,8,7,0.1250
4,292.0000,9,44,250.1766,-76.9107,-0.7814,34,0.8500,0.4000,5,7,4,0,0,7,4,0.4286
4,292.0000,9,46,347.7465,-81.2435,0.1656,19,0.4750,1.0000,8,8,8,0,0,8,8,0.0000
4,292.0000,9,47,654.0600,-85.0003,-0.0512,10,0.2500,0.8571,7,8,7,0,0,8,7,0.1250
4,292.0000,10,1,317.0858,-80.9547,1.1566,14,0.3500,0.8571,7,7,4,0,0,7,4,0.4286
4,292.0000,10,2,537.9898,-84.5374,0.3176,8,0.2000,0.8571,7,8,7,0,0,8,7,0.1250
4,292.0000,10,3,719.1009,-84.4606,-0.0568,7,0.1750,0.8571,7,8,8,0,0,8,8,0.0000
4,292.0000,10,4,725.9832,-86.1322,0.2946,7,0.1750,1.0000,8,8,8,0,0,8,8,0.0000
4,292.0000,10,5,804.1115,-87.8624,-0.4485,4,0.1000,,0,6,6,0,0,6,6,0.0000
4,292.0000,10,6,924.6062,-87.4044,-0.6773,3,0.0750,1.0000,8,8,8,0,0,8,8,0.0000
4,292.0000,10,8,359.0453,-81.4655,0.7086,13,0.3250,0.7500,8,8,8,0,0,8,8,0.0000
4,292.0000,10,9,189.9302,-77.2723,1.8349,24,0.6000,0.5714,7,5,2,0,0,5,2,0.6000
4,292.0000,10,11,446.8702,-81.5473,0.7203,9,0.2250,0.8571,7,7,6,0,0,7,6,0.1429
4,292.0000,10,13,525.4261,-83.5915,-0.3045,9,0.2250,0.8750,8,6,6,0,0,6,6,0.0000
4,292.0000,10,14,382.6160,-82.4094,0.7979,18,0.4500,0.6667,6,7,5,0,0,7,5,0.2857
4,292.0000,10,16,498.1700,-82.0211,-0.3323,10,0.2500,1.0000,8,8,8,0,0,8,8,0.0000
4,292.0000,10,17,561.5402,-84.4805,-0.8789,7,0.1750,1.0000,8,8,8,0,0,8,8,0.0000
4,292.0000,10,18,791.5524,-85.7994,-0.2354,5,0.1250,0.8571,7,6,6,0,0,6,6,0.0000
4,292.0000,10,20,825.1983,-86.1240,2.1118,4,0.1000,1.0000,8,6,6,0,0,6,6,0.0000
4,292.0000,10,21,508.4869,-82.9695,0.7154,9,0.2250,0.6667,6,8,8,0,0,8,8,0.0000
4,292.0000,10,22,813.1288,-87.3389,-0.2986,5,0.1250,1.0000,8,4,4,0,0,4,4,0.0000
4,292.0000,10,24,710.4678,-85.5057,-0.3461,8,0.2000,0.8333,6,7,6,0,0,7,6,0.1429
4,292.0000,10,25,352.1218,-79.9918,0.6760,13,0.3250,0.8000,5,10,8,0,0,10,8,0.2000
4,292.0000,10,27,430.5948,-79.9409,-0.4252,20,0.5000,0.8750,8,7,6,0,0,7,6,0.1429
4,292.0000,10,30,453.6488,-83.6465,0.9430,10,0.2500,0.6000,5,7,6,0,0,7,6,0.1429
4,292.0000,10,31,330.1731,-80.1006,-0.3451,14,0.3500,0.6667,6,7,4,0,0,7,4,0.4286
4,292.0000,10,32,916.0397,-87.1682,0.6069,6,0.1500,1.0000,8,6,6,0,0,6,6,0.0000
4,292.0000,10,34,924.1650,-87.7573,-0.8373,3,0.0750,1.0000,8,4,4,0,0,4,4,0.0000
4,292.0000,10,36,412.4662,-82.7809,0.5160,10,0.2500,1.0000,8,6,4,0,0,6,4,0.3333
4,292.0000,10,37,393.6822,-81.5035,1.1443,17,0.4250,1.0000,8,8,8,0,0,8,8,0.0000
4,292.0000,10,38,430.9157,-82.0505,-0.2337,13,0.3250,1.0000,8,6,3,0,0,6,3,0.5000
4,292.0000,10,39,798.6943,-88.4566,-0.4782,4,0.1000,1.0000,6,6,6,0,0,6,6,0.0000
4,292.0000,10,41,881.3692,-87.1093,0.4992,6,0.1500,1.0000,4,4,4,0,0,4,4,0.0000
4,292.0000,10,43,477.3974,-82.9434,1.5887,12,0.3000,0.6667,6,6,6,0,0,6,6,0.0000
4,292.0000,10,44,71.3656,-68.6182,2.8499,33,0.8250,0.0000,4,5,1,0,0,5,1,0.8000
4,292.0000,10,46,529.7706,-84.4708,1.4185,9,0.2250,0.8571,7,8,7,0,0,8,7,0.1250
4,292.0000,10,47,811.5463,-87.2139,-1.8841,5,0.1250,1.0000,8,10,10,0,0,10,10,0.0000
4,292.0000,11,1,544.9496,-86.0959,-0.1902,5,0.1250,0.8750,8,8,8,0,0,8,8,0.0000
4,292.0000,11,2,230.0608,-76.6471,0.0652,28,0.7000,0.5714,7,6,4,0,0,6,4,0.3333
4,292.0000,11,3,329.5468,-80.4921,-0.5390,19,0.4750,0.7143,7,8,7,0,0,8,7,0.1250
4,292.0000,11,5,673.5371,-86.2855,-0.3240,6,0.1500,0.8571,7,8,7,0,0,8,7,0.1250
4,292.0000,11,6,971.1218,-86.4592,0.5982,3,0.0750,0.8333,6,4,4,0,0,4,4,0.0000
4,292.0000,11,7,650.4448,-85.8700,0.1230,8,0.2000,0.8571,7,6,6,0,0,6,6,0.0000
4,292.0000,11,8,240.5959,-77.0629,1.0389,26,0.6500,0.5714,7,7,5,0,0,7,5,0.2857
4,292.0000,11,9,533.2985,-84.4063,0.5883,6,0.1500,1.0000,6,6,6,0,0,6,6,0.0000
4,292.0000,11,10,446.8702,-81.2920,-0.5525,11,0.2750,0.7143,7,7,6,0,0,7,6,0.1429
4,292.0000,11,12,899.3862,-88.1825,0.8187,4,0.1000,,0,8,8,0,0,8,8,0.0000
4,292.0000,11,13,780.0585,-87.2491,-0.1013,5,0.1250,1.0000,2,4,4,0,0,4,4,0.0000
4,292.0000,11,14,654.5946,-86.8133,-0.3433,5,0.1250,0.8571,7,8,8,0,0,8,8,0.0000
4,292.0000,11,16,530.5178,-84.9277,0.9777,6,0.1500,1.0000,8,7,6,0,0,7,6,0.1429
4,292.0000,11,17,454.4408,-83.2080,-0.2408,13,0.3250,0.8571,7,6,5,0,0,6,5,0.1667
4,292.0000,11,18,638.1877,-84.3470,-0.6995,7,0.1750,0.8750,8,4,3,0,0,4,3,0.2500
4,292.0000,11,20,463.9526,-82.8354,-0.0843,13,0.3250,1.0000,8,8,8,0,0,8,8,0.0000
4,292.0000,11,21,445.4145,-83.9120,0.9467,9,0.2250,0.8750,8,8,7,0,0,8,7,0.1250
4,292.0000,11,22,474.2612,-82.7812,-0.4270,15,0.3750,0.8750,8,8,8,0,0,8,8,0.0000
4,292.0000,11,23,487.2194,-82.5882,-0.2106,15,0.3750,0.8750,8,4,4,0,0,4,4,0.0000
4,292.0000,11,24,488.6882,-83.4399,0.2857,10,0.2500,0.5000,4,7,4,0,0,7,4,0.4286
4,292.0000,11,25,267.9880,-79.0065,0.8570,12,0.3000,0.7143,7,6,4,0,0,6,4,0.3333
4,292.0000,11,26,823.9550,-87.7552,-0.7985,7,0.1750,1.0000,8,8,8,0,0,8,8,0.0000
4,292.0000,11,27,468.5294,-82.3518,0.1102,13,0.3250,0.8571,7,7,5,0,0,7,5,0.2857
4,292.0000,11,29,701.5741,-85.6988,-0.4297,9,0.2250,1.0000,2,4,4,0,0,4,4,0.0000
4,292.0000,11,30,824.1039,-87.3612,-0.1850,3,0.0750,0.6667,3,6,6,0,0,6,6,0.0000
4,292.0000,11,31,521.7541,-83.6225,1.2493,7,0.1750,0.6667,6,8,8,0,0,8,8,0.0000
4,292.0000,11,32,544.3325,-82.8802,-0.6154,16,0.4000,1.0000,8,8,7,0,0,8,7,0.1250
4,292.0000,11,33,546.0459,-83.3047,-0.0161,13,0.3250,1.0000,8,8,6,0,0,8,6,0.2500
4,292.0000,11,34,611.9786,-85.0490,-0.3019,9,0.2250,1.0000,8,8,8,0,0,8,8,0.0000
4,292.0000,11,35,827.3813,-86.7444,-0.4195,7,0.1750,1.0000,6,4,4,0,0,4,4,0.0000
4,292.0000,11,36,724.7131,-85.9945,0.6083,4,0.1000,1.0000,6,8,8,0,0,8,8,0.0000
4,292.0000,11,37,250.9754,-78.6901,1.0855,22,0.5500,0.5000,6,5,1,0,0,5,1,0.8000
4,292.0000,11,41,622.3323,-85.4002,0.2487,9,0.2250,0.8571,7,8,8,0,0,8,8,0.0000
4,292.0000,11,43,304.8254,-78.2918,-0.0244,21,0.5250,0.7143,7,5,1,0,0,5,1,0.8000
4,292.0000,11,44,470.6162,-83.4676,0.9331,6,0.1500,1.0000,8,7,6,0,0,7,6,0.1429
4,292.0000,11,45,683.3704,-85.5945,0.2757,8,0.2000,0.7143,7,8,7,0,0,8,7,0.1250
4,292.0000,12,2,733.0457,-86.6656,-0.9074,3,0.0769,1.0000,8,8,8,0,0,8,8,0.0000
4,292.0000,12,7,336.7095,-79.9618,-0.1977,23,0.5897,0.8571,7,7,5,0,0,7,5,0.2857
4,292.0000,12,20,667.3455,-85.5974,0.5326,3,0.0769,1.0000,8,8,8,0,0,8,8,0.0000
4,292.0000,12,22,705.1640,-85.8976,-0.9841,3,0.0769,1.0000,8,8,8,0,0,8,8,0.0000
4,292.0000,12,26,300.8278,-80.4435,0.2409,23,0.5897,0.8750,8,7,6,0,0,7,6,0.1429
4,292.0000,12,29,279.2702,-78.0103,-0.6114,24,0.6154,0.0000,4,5,2,0,0,5,2,0.6000
4,292.0000,12,33,406.9784,-81.1921,-1.1900,10,0.2564,0.8571,7,7,4,0,0,7,4,0.4286
4,292.0000,12,34,623.9251,-84.5078,0.2576,5,0.1282,1.0000,10,7,6,0,0,7,6,0.1429
4,292.0000,12,35,299.0545,-79.6452,1.1526,22,0.5641,0.2000,5,4,0,0,0,4,0,1.0000
4,292.0000,12,41,591.6191,-83.4936,1.1336,6,0.1538,1.0000,8,8,8,0,0,8,8,0.0000
4,292.0000,12,45,244.9743,-79.1908,2.4896,19,0.4872,0.7500,8,4,0,0,0,4,0,1.0000
4,292.0000,13,0,537.3922,-84.0158,-0.5659,19,0.4750,0.8750,8,8,8,0,0,8,8,0.0000
4,292.0000,13,1,245.0333,-75.6488,-0.4337,31,0.7750,0.0000,4,6,4,0,0,6,4,0.3333
4,292.0000,13,2,948.0974,-86.6368,-1.4058,3,0.0750,1.0000,6,4,4,0,0,4,4,0.0000
4,292.0000,13,4,525.2683,-82.5513,-0.1921,11,0.2750,0.8750,8,7,6,0,0,7,6,0.1429
4,292.0000,13,6,494.5343,-83.1741,0.0349,19,0.4750,0.5714,7,7,5,0,0,7,5,0.2857
4,292.0000,13,8,667.2096,-86.4091,-0.2322,4,0.1000,1.0000,8,8,8,0,0,8,8,0.0000
4,292.0000,13,9,335.8530,-78.5959,0.2273,17,0.4250,0.6667,6,6,3,0,0,6,3,0.5000
4,292.0000,13,10,525.4261,-84.1008,0.9545,6,0.1500,1.0000,8,8,8,0,0,8,8,0.0000
4,292.0000,13,11,780.0585,-89.4033,0.2622,3,0.0750,0.8571,7,7,6,0,0,7,6,0.1429
4,292.0000,13,14,377.3047,-81.9524,0.6867,15,0.3750,0.7143,7,7,6,0,0,7,6,0.1429
4,292.0000,13,15,666.1535,-85.5871,-0.1940,10,0.2500,1.0000,6,7,6,0,0,7,6,0.1429
4,292.0000,13,16,381.0221,-80.5515,-0.1098,15,0.3750,0.8000,5,8,8,0,0,8,8,0.0000
4,292.0000,13,19,752.7522,-87.0383,-0.0113,9,0.2250,0.6667,3,6,6,0,0,6,6,0.0000
4,292.0000,13,21,610.4600,-84.8908,-0.6508,7,0.1750,1.0000,8,8,8,0,0,8,8,0.0000
4,292.0000,13,22,1030.4982,-87.6363,-0.1314,3,0.0750,1.0000,4,4,4,0,0,4,4,0.0000
4,292.0000,13,24,671.0606,-84.9032,-0.4710,4,0.1000,1.0000,8,7,6,0,0,7,6,0.1429
4,292.0000,13,25,531.7097,-82.5846,-1.0042,8,0.2000,1.0000,8,8,8,0,0,8,8,0.0000
4,292.0000,13,27,940.7013,-87.3180,0.2406,4,0.1000,1.0000,6,2,2,0,0,2,2,0.0000
4,292.0000,13,28,318.3732,-79.2290,0.5203,26,0.6500,0.7143,7,7,5,0,0,7,5,0.2857
4,292.0000,13,30,231.3934,-78.1626,0.3892,34,0.8500,0.5000,6,5,2,0,0,5,2,0.6000
4,292.0000,13,31,298.3850,-78.6952,0.8268,24,0.6000,0.4000,5,6,4,0,0,6,4,0.3333
4,292.0000,13,36,145.4353,-69.9621,-1.3684,35,0.8750,0.0000,4,6,2,0,0,6,2,0.6667
4,292.0000,13,38,293.1846,-79.2931,0.7014,24,0.6000,0.8750,8,5,1,0,0,5,1,0.8000
4,292.0000,13,39,395.0029,-82.2464,1.2347,26,0.6500,0.8571,7,4,0,0,0,4,0,1.0000
4,292.0000,13,40,408.8627,-82.6419,0.5778,20,0.5000,0.6667,6,7,5,0,0,7,5,0.2857
4,292.0000,13,42,671.2746,-83.9376,-0.3780,8,0.2000,0.6667,6,4,4,4,4,8,8,0.0000
4,292.0000,13,44,582.4521,-84.0707,-0.1269,9,0.2250,1.0000,8,8,8,0,0,8,8,0.0000
4,292.0000,13,46,102.1203,-71.7267,1.7374,35,0.8750,0.2000,5,5,2,8,1,13,3,0.7692
4,292.0000,13,47,443.7271,-80.6441,-1.1748,19,0.4750,0.8750,8,7,6,0,0,7,6,0.1429
4,292.0000,14,0,902.8312,-88.0212,-1.0455,3,0.0750,,0,6,6,0,0,6,6,0.0000
4,292.0000,14,1,265.4599,-79.2647,1.3990,12,0.3000,0.8571,7,6,3,0,0,6,3,0.5000
4,292.0000,14,9,293.9132,-77.7415,0.1696,21,0.5250,1.0000,8,6,4,0,0,6,4,0.3333
4,292.0000,14,10,382.6160,-81.5755,0.5279,7,0.1750,0.8571,7,8,6,0,0,8,6,0.2500
4,292.0000,14,11,654.5946,-88.0250,0.1372,3,0.0750,1.0000,8,8,8,0,0,8,8,0.0000
4,292.0000,14,13,377.3047,-81.9787,0.7470,11,0.2750,0.8571,7,8,8,0,0,8,8,0.0000
4,292.0000,14,16,551.5282,-83.8875,2.4706,6,0.1500,1.0000,6,8,8,0,0,8,8,0.0000
4,292.0000,14,21,720.7441,-86.9255,-1.1604,3,0.0750,1.0000,8,8,8,0,0,8,8,0.0000
4,292.0000,14,24,726.3256,-86.8162,-0.1574,3,0.0750,1.0000,4,8,8,0,0,8,8,0.0000
4,292.0000,14,25,510.1620,-84.4437,-0.2325,6,0.1500,1.0000,10,8,7,0,0,8,7,0.1250
4,292.0000,14,27,690.4650,-85.3380,-1.2315,5,0.1250,1.0000,8,4,4,0,0,4,4,0.0000
4,292.0000,14,28,634.7511,-84.3486,1.2263,5,0.1250,1.0000,8,6,5,0,0,6,5,0.1667
4,292.0000,14,30,354.5564,-81.3620,0.1058,17,0.4250,0.8571,7,8,6,0,0,8,6,0.2500
4,292.0000,14,31,212.3543,-78.0208,1.1050,22,0.5500,0.8750,8,4,0,0,0,4,0,1.0000
4,292.0000,14,36,356.4013,-81.4532,0.7668,12,0.3000,0.8571,7,7,5,0,0,7,5,0.2857
4,292.0000,14,37,555.5534,-85.0749,-0.5084,6,0.1500,0.8750,8,8,8,0,0,8,8,0.0000
4,292.0000,14,38,209.2551,-74.9979,-0.5436,33,0.8250,0.4000,5,6,2,0,0,6,2,0.6667
4,292.0000,14,39,503.9768,-83.8622,-0.1708,14,0.3500,1.0000,8,8,8,0,0,8,8,0.0000
4,292.0000,14,40,725.6514,-85.6640,0.3800,4,0.1000,1.0000,4,8,8,0,0,8,8,0.0000
4,292.0000,14,43,768.0961,-87.4131,0.6423,4,0.1000,1.0000,8,8,8,0,0,8,8,0.0000
4,292.0000,14,44,405.7130,-80.0370,-0.4934,16,0.4000,0.7143,7,8,8,0,0,8,8,0.0000
4,292.0000,14,46,320.0351,-81.7367,0.3915,13,0.3250,0.6667,6,6,3,0,0,6,3,0.5000
4,292.0000,14,47,692.8139,-83.6684,-0.2819,5,0.1250,1.0000,8,8,8,0,0,8,8,0.0000
4,292.0000,15,0,320.0660,-80.8572,0.6691,26,0.6500,0.2000,5,8,6,0,0,8,6,0.2500
4,292.0000,15,6,444.3249,-84.6732,0.4716,9,0.2250,0.8571,7,8,6,0,0,8,6,0.2500
4,292.0000,15,13,666.1535,-84.2543,0.5984,4,0.1000,1.0000,8,8,8,0,0,8,8,0.0000
4,292.0000,15,19,234.6496,-73.1440,-2.3143,39,0.9750,0.0000,4,6,4,0,0,6,4,0.3333
4,292.0000,15,28,375.8672,-81.1202,-0.0485,19,0.4750,0.8750,8,8,7,0,0,8,7,0.1250
4,292.0000,15,30,830.8367,-86.3937,0.0611,4,0.1000,1.0000,8,8,8,0,0,8,8,0.0000
4,292.0000,15,39,622.2621,-84.4326,-0.0455,11,0.2750,1.0000,8,8,7,0,0,8,7,0.1250
4,292.0000,15,40,436.4059,-82.7235,0.8195,16,0.4000,0.7143,7,8,7,0,0,8,7,0.1250
4,292.0000,15,42,648.4050,-84.0957,0.8126,3,0.0750,1.0000,8,8,8,0,0,8,8,0.0000
4,292.0000,15,46,687.9511,-84.2122,-1.3407,4,0.1000,1.0000,8,8,8,0,0,8,8,0.0000
4,292.0000,15,47,575.6867,-84.6998,0.9202,4,0.1000,1.0000,8,8,8,0,0,8,8,0.0000
4,292.0000,16,0,706.8048,-86.1496,-0.1954,7,0.1750,0.5000,2,6,5,0,0,6,5,0.1667
4,292.0000,16,1,295.6303,-76.4754,-0.2967,23,0.5750,0.6667,9,8,8,0,0,8,8,0.0000
4,292.0000,16,2,688.7575,-86.6898,-0.0812,6,0.1500,1.0000,8,8,8,0,0,8,8,0.0000
4,292.0000,16,3,626.1473,-84.6757,1.1816,6,0.1500,1.0000,4,8,8,0,0,8,8,0.0000
4,292.0000,16,4,296.4188,-80.2482,0.0746,24,0.6000,0.8571,7,7,3,0,0,7,3,0.5714
4,292.0000,16,6,518.6879,-84.2243,0.7444,14,0.3500,0.6667,6,7,6,0,0,7,6,0.1429
4,292.0000,16,8,399.4640,-79.6541,0.0967,14,0.3500,0.8750,8,5,2,0,0,5,2,0.6000
4,292.0000,16,9,380.5268,-80.6307,0.3035,18,0.4500,0.5000,6,7,5,0,0,7,5,0.2857
4,292.0000,16,10,498.1700,-83.3665,-0.4834,10,0.2500,0.7143,7,7,6,0,0,7,6,0.1429
4,292.0000,16,11,530.5178,-83.4932,1.0164,8,0.2000,0.8571,7,8,8,0,0,8,8,0.0000
4,292.0000,16,13,381.0221,-79.7561,-1.0978,17,0.4250,0.5000,6,7,5,0,0,7,5,0.2857
4,292.0000,16,14,551.5282,-84.0979,0.4375,9,0.2250,0.8750,8,8,8,0,0,8,8,0.0000
4,292.0000,16,15,865.0977,-87.6775,0.4595,5,0.1250,,0,6,5,0,0,6,5,0.1667
4,292.0000,16,17,843.2724,-86.9782,-0.6956,6,0.1500,1.0000,8,8,8,0,0,8,8,0.0000
4,292.0000,16,20,692.5578,-86.6299,0.3354,5,0.1250,1.0000,6,8,8,0,0,8,8,0.0000
4,292.0000,16,21,271.7704,-77.1459,-0.9223,25,0.6250,0.4727,55,7,6,0,0,7,6,0.1429
4,292.0000,16,22,664.9734,-85.8892,0.0141,7,0.1750,1.0000,6,6,6,0,0,6,6,0.0000
4,292.0000,16,23,641.4447,-86.6279,0.3085,8,0.2000,0.6667,3,6,6,0,0,6,6,0.0000
4,292.0000,16,24,361.6672,-81.9142,-0.2416,15,0.3750,0.8750,8,8,8,0,0,8,8,0.0000
4,292.0000,16,25,268.7604,-73.3985,-1.5454,28,0.7000,0.1667,6,6,3,0,0,6,3,0.5000
4,292.0000,16,27,850.7107,-85.8346,-2.8301,6,0.1500,1.0000,4,2,2,0,0,2,2,0.0000
4,292.0000,16,28,503.7162,-84.8032,0.3430,13,0.3250,1.0000,8,4,0,0,0,4,0,1.0000
4,292.0000,16,30,529.9675,-83.2860,0.2579,13,0.3250,0.7778,9,8,7,0,0,8,7,0.1250
4,292.0000,16,31,343.1980,-78.4159,-1.4653,16,0.4000,0.6667,6,7,6,0,0,7,6,0.1429
4,292.0000,16,32,649.1527,-85.8965,-1.6362,8,0.2000,1.0000,6,8,8,0,0,8,8,0.0000
4,292.0000,16,36,382.8142,-79.3669,-0.6642,15,0.3750,0.8267,75,7,6,83,76,90,82,0.0889
4,292.0000,16,37,661.0711,-85.9713,-0.1648,5,0.1250,0.8750,8,8,8,0,0,8,8,0.0000
4,292.0000,16,38,579.1581,-84.9547,-0.8271,11,0.2750,0.8750,8,8,8,60,60,68,68,0.0000
4,292.0000,16,39,768.0293,-87.2445,1.1309,6,0.1500,0.8571,7,8,8,0,0,8,8,0.0000
4,292.0000,16,40,721.1283,-86.6980,0.4279,8,0.2000,1.0000,4,4,4,0,0,4,4,0.0000
4,292.0000,16,42,536.7577,-84.2665,1.0423,13,0.3250,0.6667,6,6,6,0,0,6,6,0.0000
4,292.0000,16,43,770.0213,-85.9183,-1.0617,6,0.1500,0.8571,7,8,8,0,0,8,8,0.0000
4,292.0000,16,44,569.0494,-83.0484,-0.9777,12,0.3000,0.7778,9,8,8,0,0,8,8,0.0000
4,292.0000,16,46,465.9550,-82.3993,0.5685,11,0.2750,0.7143,7,8,8,0,0,8,8,0.0000
4,292.0000,16,47,370.6325,-80.6222,0.8690,18,0.4500,0.8571,7,6,4,0,0,6,4,0.3333
4,292.0000,17,2,263.1069,-78.5768,-0.0567,18,0.4500,0.5000,6,8,5,0,0,8,5,0.3750
4,292.0000,17,3,560.3406,-84.4793,-0.0765,6,0.1500,1.0000,6,8,8,0,0,8,8,0.0000
4,292.0000,17,5,555.6662,-84.5632,-0.4882,12,0.3000,1.0000,8,8,8,0,0,8,8,0.0000
4,292.0000,17,7,681.8146,-86.0224,-0.1524,7,0.1750,1.0000,8,7,6,0,0,7,6,0.1429
4,292.0000,17,8,448.1895,-83.3895,-0.3534,9,0.2250,1.0000,8,8,8,0,0,8,8,0.0000
4,292.0000,17,9,727.6643,-87.7008,0.0131,3,0.0750,1.0000,6,8,8,0,0,8,8,0.0000
4,292.0000,17,10,561.5402,-85.5772,-2.2749,7,0.1750,1.0000,8,8,8,0,0,8,8,0.0000
4,292.0000,17,11,454.4408,-83.2994,-0.1749,11,0.2750,1.0000,8,8,8,0,0,8,8,0.0000
4,292.0000,17,12,795.4540,-85.8949,0.2570,7,0.1750,1.0000,8,6,6,0,0,6,6,0.0000
4,292.0000,17,18,516.1129,-83.0958,-1.1981,12,0.3000,1.0000,8,7,6,0,0,7,6,0.1429
4,292.0000,17,20,628.8408,-85.3188,0.0119,5,0.1250,1.0000,6,8,8,0,0,8,8,0.0000
4,292.0000,17,21,660.2557,-86.4874,0.8371,5,0.1250,1.0000,8,8,8,0,0,8,8,0.0000
4,292.0000,17,22,634.1474,-85.3573,0.3212,7,0.1750,1.0000,8,8,8,0,0,8,8,0.0000
4,292.0000,17,23,667.4805,-85.6334,0.4316,10,0.2500,0.8750,8,6,6,0,0,6,6,0.0000
4,292.0000,17,24,909.2403,-87.6908,-0.7109,4,0.1000,1.0000,8,8,8,0,0,8,8,0.0000
4,292.0000,17,25,612.9594,-84.8031,2.7152,5,0.1250,0.8571,7,8,8,0,0,8,8,0.0000
4,292.0000,17,26,684.8984,-86.2613,-0.6030,9,0.2250,1.0000,8,8,8,0,0,8,8,0.0000
4,292.0000,17,27,367.4618,-80.7194,0.6138,16,0.4000,0.8571,7,6,4,0,0,6,4,0.3333
4,292.0000,17,29,658.2336,-86.3516,-0.8970,10,0.2500,1.0000,8,8,8,0,0,8,8,0.0000
4,292.0000,17,31,827.7304,-88.0751,0.8749,5,0.1250,1.0000,6,4,4,0,0,4,4,0.0000
4,292.0000,17,32,903.8064,-87.9515,0.8140,4,0.1000,1.0000,4,8,8,0,0,8,8,0.0000
4,292.0000,17,33,546.6029,-84.6338,-0.2234,13,0.3250,1.0000,8,8,7,0,0,8,7,0.1250
4,292.0000,17,34,560.6512,-84.2622,-0.0620,12,0.3000,0.7143,7,8,8,0,0,8,8,0.0000
4,292.0000,17,35,730.9717,-85.4328,0.3024,6,0.1500,0.6000,5,8,8,0,0,8,8,0.0000
4,292.0000,17,36,937.5550,-89.1953,-0.4599,3,0.0750,1.0000,4,8,8,0,0,8,8,0.0000
4,292.0000,17,37,487.2441,-84.0338,-0.7636,10,0.2500,1.0000,8,8,8,0,0,8,8,0.0000
4,292.0000,17,41,422.0266,-80.9930,-0.2984,14,0.3500,1.0000,8,8,7,0,0,8,7,0.1250
4,292.0000,17,43,226.1575,-75.8817,-0.1220,26,0.6500,0.4286,7,6,3,0,0,6,3,0.5000
4,292.0000,17,44,542.3021,-84.8165,0.0808,9,0.2250,1.0000,8,8,8,0,0,8,8,0.0000
4,292.0000,17,45,556.1276,-83.7047,-0.6426,13,0.3250,1.0000,8,8,8,0,0,8,8,0.0000
4,292.0000,18,2,558.0137,-84.2595,-0.7421,4,0.1000,1.0000,8,8,8,0,0,8,8,0.0000
4,292.0000,18,5,55.1110,-71.3507,3.4081,36,0.9000,0.0000,4,5,1,0,0,5,1,0.8000
4,292.0000,18,7,693.1564,-85.0102,0.8658,6,0.1500,1.0000,8,8,8,0,0,8,8,0.0000
4,292.0000,18,10,791.5524,-85.4867,-2.6189,3,0.0750,1.0000,8,8,8,0,0,8,8,0.0000
4,292.0000,18,11,638.1877,-82.8152,-0.7479,5,0.1250,1.0000,8,8,8,0,0,8,8,0.0000
4,292.0000,18,17,516.1129,-83.0653,1.4636,7,0.1750,1.0000,8,8,8,0,0,8,8,0.0000
4,292.0000,18,26,641.3077,-85.2646,-0.2124,11,0.2750,1.0000,6,8,7,0,0,8,7,0.1250
4,292.0000,18,27,380.0552,-81.3732,-0.0170,14,0.3500,1.0000,8,7,6,0,0,7,6,0.1429
4,292.0000,18,29,661.8590,-85.0048,0.4568,7,0.1750,1.0000,6,8,8,0,0,8,8,0.0000
4,292.0000,18,33,570.3968,-84.5883,-0.2320,8,0.2000,1.0000,8,8,8,0,0,8,8,0.0000
4,292.0000,18,34,319.2100,-80.6371,0.0166,21,0.5250,0.6667,6,6,4,0,0,6,4,0.3333
4,292.0000,18,35,665.5656,-85.1681,-1.1305,5,0.1250,1.0000,4,4,4,0,0,4,4,0.0000
4,292.0000,18,37,499.1900,-79.9721,-1.6857,8,0.2000,0.8750,8,8,8,0,0,8,8,0.0000
4,292.0000,18,41,320.2361,-80.0171,0.5914,19,0.4750,0.8571,7,7,6,0,0,7,6,0.1429
4,292.0000,18,43,399.2705,-79.9963,-0.6141,12,0.3000,0.8571,7,7,6,0,0,7,6,0.1429
4,292.0000,19,0,423.3565,-81.3501,0.0839,24,0.5854,0.5000,6,8,7,0,0,8,7,0.1250
4,292.0000,19,6,654.8066,-85.5673,0.6557,6,0.1463,1.0000,8,7,6,0,0,7,6,0.1429
4,292.0000,19,15,234.6496,-73.7936,-2.1186,37,0.9024,0.2000,5,5,1,0,0,5,1,0.8000
4,292.0000,19,28,526.7567,-82.3438,-0.4841,14,0.3415,0.8571,7,8,8,0,0,8,8,0.0000
4,292.0000,19,39,592.7228,-84.4657,-0.1998,8,0.1951,0.6667,6,7,6,0,0,7,6,0.1429
4,292.0000,19,40,423.7743,-82.8859,-0.2623,17,0.4146,1.0000,8,7,6,0,0,7,6,0.1429
4,292.0000,19,42,854.2000,-87.7218,1.4141,3,0.0732,1.0000,8,6,6,0,0,6,6,0.0000
4,292.0000,19,46,750.2238,-86.2884,-1.9519,4,0.0976,1.0000,8,8,8,0,0,8,8,0.0000
4,292.0000,19,47,776.8438,-86.3048,0.4164,4,0.0976,1.0000,6,10,9,0,0,10,9,0.1000
4,292.0000,20,1,871.7265,-89.0315,4.1075,3,0.0750,1.0000,8,8,8,0,0,8,8,0.0000
4,292.0000,20,2,422.3564,-81.6913,-0.0891,12,0.3000,0.6667,6,7,6,0,0,7,6,0.1429
4,292.0000,20,3,139.5769,-71.7813,-0.3040,30,0.7500,0.6667,6,5,0,0,0,5,0,1.0000
4,292.0000,20,4,782.4187,-86.9394,1.9744,5,0.1250,1.0000,8,8,8,0,0,8,8,0.0000
4,292.0000,20,7,540.3152,-84.0099,0.1148,13,0.3250,1.0000,8,8,8,0,0,8,8,0.0000
4,292.0000,20,8,471.1982,-81.7516,-0.4501,11,0.2750,0.8571,7,7,6,0,0,7,6,0.1429
4,292.0000,20,9,876.4542,-88.0553,-0.0850,3,0.0750,1.0000,4,8,8,0,0,8,8,0.0000
4,292.0000,20,10,825.1983,-86.0149,0.8244,5,0.1250,0.8571,7,4,4,0,0,4,4,0.0000
4,292.0000,20,11,463.9526,-82.6736,0.8082,9,0.2250,1.0000,8,8,8,0,0,8,8,0.0000
4,292.0000,20,12,667.3455,-87.1523,0.0529,8,0.2000,1.0000,6,8,8,0,0,8,8,0.0000
4,292.0000,20,16,692.5578,-87.0955,1.0420,5,0.1250,1.0000,8,6,6,0,0,6,6,0.0000
4,292.0000,20,17,628.8408,-85.3342,-0.0061,4,0.1000,1.0000,8,8,8,0,0,8,8,0.0000
4,292.0000,20,18,934.3694,-88.9638,0.3974,3,0.0750,1.0000,2,6,6,0,0,6,6,0.0000
4,292.0000,20,21,489.0608,-84.2626,-1.1851,8,0.2000,0.9926,136,10,10,2,2,12,12,0.0000
4,292.0000,20,22,52.0287,-66.1083,3.1050,32,0.8000,0.4000,5,4,0,0,0,4,0,1.0000
4,292.0000,20,23,86.5151,-66.0946,0.1730,34,0.8500,0.4000,5,4,0,0,0,4,0,1.0000
4,292.0000,20,24,565.8710,-82.9796,-0.4681,9,0.2250,0.8571,7,8,8,0,0,8,8,0.0000
4,292.0000,20,25,557.8342,-85.1748,0.1291,7,0.1750,1.0000,24,8,8,0,0,8,8,0.0000
4,292.0000,20,26,760.1495,-85.6876,0.5251,4,0.1000,1.0000,6,8,8,0,0,8,8,0.0000
4,292.0000,20,29,604.4453,-85.4740,-0.9230,9,0.2250,1.0000,8,7,6,0,0,7,6,0.1429
4,292.0000,20,32,379.7680,-80.4380,0.4190,20,0.5000,0.8571,7,8,6,0,0,8,6,0.2500
4,292.0000,20,33,514.6274,-83.7222,0.3507,8,0.2000,1.0000,8,8,8,0,0,8,8,0.0000
4,292.0000,20,34,764.0780,-88.5171,-0.5360,5,0.1250,1.0000,8,8,8,0,0,8,8,0.0000
4,292.0000,20,35,756.3453,-87.2479,0.1043,4,0.1000,1.0000,2,8,7,0,0,8,7,0.1250
4,292.0000,20,37,706.2708,-87.5192,-0.4559,6,0.1500,1.0000,8,8,8,0,0,8,8,0.0000
4,292.0000,20,41,748.6243,-87.9386,0.2592,3,0.0750,1.0000,6,6,6,0,0,6,6,0.0000
4,292.0000,20,43,625.9102,-86.8093,-0.7948,6,0.1500,1.0000,8,8,8,0,0,8,8,0.0000
4,292.0000,20,45,504.3966,-83.1190,-0.7513,13,0.3250,1.0000,16,8,8,0,0,8,8,0.0000
4,292.0000,21,0,914.7353,-85.9041,1.6548,4,0.1000,,0,4,4,0,0,4,4,0.0000
4,292.0000,21,1,474.5604,-81.8845,0.7155,8,0.2000,1.0000,8,8,7,0,0,8,7,0.1250
4,292.0000,21,2,519.9527,-84.6641,-0.1903,6,0.1500,1.0000,8,5,2,0,0,5,2,0.6000
4,292.0000,21,3,449.5073,-83.7858,0.5036,8,0.2000,1.0000,8,5,3,0,0,5,3,0.4000
4,292.0000,21,4,361.9530,-79.1943,0.0021,22,0.5500,0.6667,6,8,8,0,0,8,8,0.0000
4,292.0000,21,6,770.4167,-86.1740,1.9487,6,0.1500,1.0000,8,8,8,0,0,8,8,0.0000
4,292.0000,21,8,248.0646,-76.3928,0.2020,18,0.4500,0.5000,6,6,3,0,0,6,3,0.5000
4,292.0000,21,9,480.1039,-84.6011,0.0642,10,0.2500,0.8571,7,8,7,0,0,8,7,0.1250
4,292.0000,21,10,508.4869,-82.7557,0.7301,10,0.2500,1.0000,8,8,8,0,0,8,8,0.0000
4,292.0000,21,11,445.4145,-84.2902,-0.3428,6,0.1500,1.0000,9,8,8,0,0,8,8,0.0000
4,292.0000,21,13,610.4600,-84.1810,1.5032,8,0.2000,0.8571,7,9,8,0,0,9,8,0.1111
4,292.0000,21,14,720.7441,-87.0130,0.5872,6,0.1500,1.0000,8,8,8,0,0,8,8,0.0000
4,292.0000,21,16,271.7704,-76.5805,-0.4786,23,0.5750,0.8571,7,7,6,0,0,7,6,0.1429
4,292.0000,21,17,660.2557,-86.9309,0.9751,7,0.1750,0.8571,7,7,6,0,0,7,6,0.1429
4,292.0000,21,20,489.0608,-85.8714,0.9008,7,0.1750,1.0000,8,8,7,0,0,8,7,0.1250
4,292.0000,21,22,452.8153,-84.3724,0.5920,7,0.1750,0.8750,8,6,4,0,0,6,4,0.3333
4,292.0000,21,23,434.9196,-82.9460,0.9388,11,0.2750,0.8750,8,6,6,0,0,6,6,0.0000
4,292.0000,21,24,443.2711,-83.2343,2.0525,11,0.2750,0.6667,6,7,6,0,0,7,6,0.1429
4,292.0000,21,25,271.6521,-77.8602,-0.0451,16,0.4000,0.8750,8,6,3,0,0,6,3,0.5000
4,292.0000,21,27,778.0769,-88.7197,-0.2731,5,0.1250,0.8750,8,4,4,0,0,4,4,0.0000
4,292.0000,21,28,763.1332,-86.0078,1.5561,3,0.0750,1.0000,6,3,2,0,0,3,2,0.3333
4,292.0000,21,30,692.9526,-86.5286,-0.3343,5,0.1250,0.9091,11,8,8,0,0,8,8,0.0000
4,292.0000,21,31,522.0338,-84.0267,0.3618,11,0.2750,1.0000,8,7,5,0,0,7,5,0.2857
4,292.0000,21,32,589.3099,-85.7663,0.3803,8,0.2000,1.0000,8,7,6,0,0,7,6,0.1429
4,292.0000,21,36,558.9913,-83.8519,-0.3678,9,0.2250,0.4000,5,8,8,0,0,8,8,0.0000
4,292.0000,21,37,637.0600,-86.7215,3.8178,4,0.1000,1.0000,8,7,6,0,0,7,6,0.1429
4,292.0000,21,38,752.9911,-87.1208,0.1760,6,0.1500,1.0000,8,8,8,0,0,8,8,0.0000
4,292.0000,21,40,939.5034,-87.9272,2.2192,4,0.1000,1.0000,4,4,4,0,0,4,4,0.0000
4,292.0000,21,42,675.3860,-85.1619,-0.7625,9,0.2250,1.0000,8,6,6,0,0,6,6,0.0000
4,292.0000,21,43,645.6547,-86.6303,-0.6590,7,0.1750,1.0000,8,8,8,0,0,8,8,0.0000
4,292.0000,21,44,569.3573,-85.1010,0.4778,9,0.2250,0.9412,68,8,7,0,0,8,7,0.1250
4,292.0000,21,46,690.0537,-86.8035,1.2198,8,0.2000,1.0000,10,7,6,0,0,7,6,0.1429
4,292.0000,21,47,614.2998,-83.9850,-1.1568,10,0.2500,0.8571,7,8,8,0,0,8,8,0.0000
4,292.0000,22,2,436.0786,-79.5906,-1.0056,16,0.4000,1.0000,8,8,7,0,0,8,7,0.1250
4,292.0000,22,3,164.0843,-72.1630,-0.5773,34,0.8500,0.0000,4,5,1,0,0,5,1,0.8000
4,292.0000,22,7,589.4185,-84.8400,-0.6630,8,0.2000,0.7143,7,8,8,0,0,8,8,0.0000
4,292.0000,22,8,455.4260,-80.8466,0.6013,8,0.2000,0.8571,7,8,8,0,0,8,8,0.0000
4,292.0000,22,11,474.2612,-81.2669,-0.6956,9,0.2250,0.8750,8,8,8,0,0,8,8,0.0000
4,292.0000,22,12,705.1640,-86.3776,-0.2044,10,0.2500,0.7143,7,7,6,0,0,7,6,0.1429
4,292.0000,22,17,634.1474,-83.4688,-0.8915,9,0.2250,1.0000,8,8,6,0,0,8,6,0.2500
4,292.0000,22,18,963.0552,-88.3574,-0.3899,3,0.0750,1.0000,4,4,4,0,0,4,4,0.0000
4,292.0000,22,20,52.0287,-66.7716,3.1184,37,0.9250,0.0000,4,5,1,0,0,5,1,0.8000
4,292.0000,22,21,452.8153,-83.0074,-0.5216,6,0.1500,0.8571,7,7,6,0,0,7,6,0.1429
4,292.0000,22,23,44.9662,-62.0817,0.6252,38,0.9500,0.2000,5,4,0,0,0,4,0,1.0000
4,292.0000,22,24,557.9317,-84.1125,-0.2696,6,0.1500,0.8571,7,8,8,0,0,8,8,0.0000
4,292.0000,22,26,801.6017,-87.6995,0.1281,7,0.1750,1.0000,8,4,4,0,0,4,4,0.0000
4,292.0000,22,29,650.1801,-85.0865,0.0374,8,0.2000,1.0000,8,8,8,0,0,8,8,0.0000
4,292.0000,22,32,393.1799,-81.6966,-0.4766,17,0.4250,0.8750,8,7,6,0,0,7,6,0.1429
4,292.0000,22,33,559.6425,-84.3582,0.4359,12,0.3000,0.8000,5,8,8,10,10,18,18,0.0000
4,292.0000,22,34,804.3298,-88.1350,3.3822,3,0.0750,1.0000,8,8,8,0,0,8,8,0.0000
4,292.0000,22,35,800.7107,-87.0178,0.4745,6,0.1500,1.0000,2,6,6,0,0,6,6,0.0000
4,292.0000,22,37,719.8904,-87.0661,1.1818,4,0.1000,1.0000,8,8,8,0,0,8,8,0.0000
4,292.0000,22,41,781.1722,-87.7264,-0.0158,5,0.1250,1.0000,8,7,6,0,0,7,6,0.1429
4,292.0000,22,43,640.0615,-84.6728,-0.3298,7,0.1750,1.0000,8,8,8,0,0,8,8,0.0000
4,292.0000,22,45,538.5351,-81.7068,-0.4687,18,0.4500,0.6667,6,7,6,0,0,7,6,0.1429
4,292.0000,23,1,842.4008,-88.6320,0.0759,3,0.0750,1.0000,8,8,8,0,0,8,8,0.0000
4,292.0000,23,2,466.5117,-82.3951,-0.6177,16,0.4000,0.9394,66,8,8,74,73,82,81,0.0122
4,292.0000,23,3,184.3933,-72.9595,-1.0058,33,0.8250,0.3333,6,7,3,0,0,7,3,0.5714
4,292.0000,23,4,708.3443,-86.5064,0.8558,4,0.1000,1.0000,8,6,6,0,0,6,6,0.0000
4,292.0000,23,7,626.5813,-85.5188,0.1992,15,0.3750,0.4000,5,8,8,0,0,8,8,0.0000
4,292.0000,23,8,459.5946,-82.0671,-0.2195,10,0.2500,1.0000,8,8,8,0,0,8,8,0.0000
4,292.0000,23,9,852.8237,-88.9615,-1.2170,3,0.0750,1.0000,4,8,8,0,0,8,8,0.0000
4,292.0000,23,10,817.8460,-87.5633,-0.3530,6,0.1500,0.7500,4,6,6,0,0,6,6,0.0000
4,292.0000,23,11,487.2194,-82.5404,-0.1581,14,0.3500,1.0000,8,8,8,0,0,8,8,0.0000
4,292.0000,23,12,744.7306,-86.7325,-0.0239,11,0.2750,1.0000,6,6,6,0,0,6,6,0.0000
4,292.0000,23,17,667.4805,-85.6238,-0.1401,11,0.2750,1.0000,12,8,7,0,0,8,7,0.1250
4,292.0000,23,18,997.5208,-87.8302,-0.1102,3,0.0750,1.0000,8,2,2,0,0,2,2,0.0000
4,292.0000,23,20,86.5151,-66.2637,-0.2599,35,0.8750,0.0000,4,5,1,0,0,5,1,0.8000
4,292.0000,23,21,434.9196,-83.0750,-0.0220,13,0.3250,0.8571,7,8,8,0,0,8,8,0.0000
4,292.0000,23,22,44.9662,-62.4955,0.4784,31,0.7750,0.0000,4,5,1,5,0,10,1,0.9000
4,292.0000,23,24,530.6200,-84.8738,0.8397,11,0.2750,0.8750,8,8,8,0,0,8,8,0.0000
4,292.0000,23,25,537.3698,-84.0429,-1.4673,6,0.1500,1.0000,8,8,8,0,0,8,8,0.0000
4,292.0000,23,26,844.4906,-86.7288,0.6082,9,0.2250,1.0000,8,8,8,0,0,8,8,0.0000
4,292.0000,23,27,889.5046,-87.4408,-0.0620,4,0.1000,1.0000,8,2,2,0,0,2,2,0.0000
4,292.0000,23,29,690.6691,-85.6065,-0.4364,11,0.2750,1.0000,6,6,6,60,60,66,66,0.0000
4,292.0000,23,31,856.1333,-88.4294,-0.3567,3,0.0750,1.0000,8,6,6,0,0,6,6,0.0000
4,292.0000,23,32,370.4733,-80.8664,0.4136,24,0.6000,0.7143,7,7,5,0,0,7,5,0.2857
4,292.0000,23,33,599.3667,-84.4577,-0.4336,11,0.2750,0.9773,88,8,8,0,0,8,8,0.0000
4,292.0000,23,34,842.1030,-86.2458,0.1127,9,0.2250,0.8750,8,6,6,0,0,6,6,0.0000
4,292.0000,23,35,842.1125,-87.4237,-0.6822,5,0.1250,1.0000,2,8,8,0,0,8,8,0.0000
4,292.0000,23,37,735.9159,-86.7250,0.9841,8,0.2000,0.8750,8,8,8,0,0,8,8,0.0000
4,292.0000,23,41,822.5842,-87.1289,-1.1927,7,0.1750,0.8000,5,8,8,0,0,8,8,0.0000
4,292.0000,23,42,932.3541,-88.2680,0.7622,7,0.1750,1.0000,6,2,2,0,0,2,2,0.0000
4,292.0000,23,43,668.9464,-86.4568,0.5590,12,0.3000,1.0000,8,8,8,0,0,8,8,0.0000
4,292.0000,23,44,859.2618,-87.7712,0.2537,4,0.1000,1.0000,8,8,8,0,0,8,8,0.0000
4,292.0000,23,45,582.5181,-83.6406,-0.8306,17,0.4250,0.7143,7,8,8,0,0,8,8,0.0000
4,292.0000,23,47,899.0540,-87.7814,2.6047,3,0.0750,1.0000,6,8,8,0,0,8,8,0.0000
4,292.0000,24,1,548.4961,-85.8515,1.5890,3,0.0750,1.0000,8,8,8,0,0,8,8,0.0000
4,292.0000,24,2,674.9073,-85.2344,0.7726,4,0.1000,0.8750,8,8,8,0,0,8,8,0.0000
4,292.0000,24,3,495.4244,-82.1766,0.2721,5,0.1250,0.8571,7,8,8,0,0,8,8,0.0000
4,292.0000,24,4,543.4717,-83.1619,0.3676,8,0.2000,1.0000,8,6,3,0,0,6,3,0.5000
4,292.0000,24,6,589.9704,-84.2518,0.4319,7,0.1750,1.0000,8,6,6,0,0,6,6,0.0000
4,292.0000,24,8,505.6980,-83.8198,-4.3543,4,0.1000,1.0000,8,8,7,0,0,8,7,0.1250
4,292.0000,24,9,649.4941,-85.7535,3.0770,4,0.1000,0.8750,8,7,6,0,0,7,6,0.1429
4,292.0000,24,11,488.6882,-84.3716,0.3405,5,0.1250,1.0000,8,8,8,0,0,8,8,0.0000
4,292.0000,24,16,361.6672,-80.4147,-0.6594,6,0.1500,1.0000,8,7,6,0,0,7,6,0.1429
4,292.0000,24,17,909.2403,-87.9305,1.2841,3,0.0750,1.0000,8,8,8,0,0,8,8,0.0000
4,292.0000,24,20,565.8710,-82.7486,-1.2433,7,0.1750,0.8571,7,7,6,0,0,7,6,0.1429
4,292.0000,24,21,443.2711,-82.9654,0.1223,8,0.2000,0.8571,7,8,8,0,0,8,8,0.0000
4,292.0000,24,22,557.9317,-85.2138,-0.1978,7,0.1750,1.0000,8,8,8,0,0,8,8,0.0000
4,292.0000,24,23,530.6200,-83.1838,-1.0789,7,0.1750,1.0000,8,7,6,0,0,7,6,0.1429
4,292.0000,24,25,370.9279,-80.3956,-0.2621,8,0.2000,1.0000,8,8,8,0,0,8,8,0.0000
4,292.0000,24,28,703.5747,-84.8055,-2.0862,5,0.1250,0.8571,7,8,8,0,0,8,8,0.0000
4,292.0000,24,29,1025.3430,-89.3794,0.0250,3,0.0750,,0,4,4,0,0,4,4,0.0000
4,292.0000,24,31,534.9977,-84.9680,-4.1230,3,0.0750,1.0000,8,6,5,0,0,6,5,0.1667
4,292.0000,24,32,344.2353,-76.5952,-2.0945,30,0.7500,0.5714,7,7,6,0,0,7,6,0.1429
4,292.0000,24,33,892.5660,-86.4758,-0.5106,5,0.1250,1.0000,6,6,6,0,0,6,6,0.0000
4,292.0000,24,36,703.7722,-86.7799,-0.7359,3,0.0750,1.0000,4,8,8,0,0,8,8,0.0000
4,292.0000,24,38,835.7526,-87.9584,-1.9544,3,0.0750,1.0000,6,8,8,0,0,8,8,0.0000
4,292.0000,24,42,649.9776,-83.9270,-2.4776,3,0.0750,1.0000,8,4,4,0,0,4,4,0.0000
4,292.0000,24,44,769.5993,-86.5257,1.3547,3,0.0750,1.0000,8,8,8,0,0,8,8,0.0000
4,292.0000,24,46,735.2148,-87.2641,3.3985,3,0.0750,1.0000,8,8,8,0,0,8,8,0.0000
4,292.0000,24,47,453.3199,-82.4156,0.1761,11,0.2750,1.0000,8,8,7,0,0,8,7,0.1250
4,292.0000,25,0,960.2369,-88.1901,-0.2408,5,0.1250,1.0000,2,4,4,0,0,4,4,0.0000
4,292.0000,25,1,318.7424,-79.1064,-0.2669,25,0.6250,0.4000,5,6,2,0,0,6,2,0.6667
4,292.0000,25,2,441.8581,-83.1570,-0.0049,11,0.2750,0.8750,8,7,4,0,0,7,4,0.4286
4,292.0000,25,3,453.5520,-84.4689,0.5939,10,0.2500,1.0000,4,8,6,0,0,8,6,0.2500
4,292.0000,25,4,530.0664,-82.6264,-0.2078,16,0.4000,1.0000,8,6,6,0,0,6,6,0.0000
4,292.0000,25,5,896.7739,-87.8988,-0.4132,4,0.1000,,0,8,8,0,0,8,8,0.0000
4,292.0000,25,6,737.5262,-85.4176,0.4912,12,0.3000,0.8750,8,6,6,0,0,6,6,0.0000
4,292.0000,25,8,191.5190,-76.3587,0.5573,30,0.7500,0.5000,6,5,1,0,0,5,1,0.8000
4,292.0000,25,9,341.9971,-80.9547,0.8791,21,0.5250,0.6667,9,7,6,0,0,7,6,0.1429
4,292.0000,25,10,352.1218,-79.7254,-0.0339,21,0.5250,0.8571,7,8,6,0,0,8,6,0.2500
4,292.0000,25,11,267.9880,-78.8272,0.8681,19,0.4750,0.8571,7,7,4,0,0,7,4,0.4286
4,292.0000,25,13,531.7097,-83.6958,-1.3258,17,0.4250,0.8571,7,6,6,0,0,6,6,0.0000
4,292.0000,25,14,510.1620,-85.1010,-0.1846,16,0.4000,1.0000,8,6,4,0,0,6,4,0.3333
4,292.0000,25,16,268.7604,-74.5742,-1.4156,30,0.7500,0.5000,6,7,6,0,0,7,6,0.1429
4,292.0000,25,17,612.9594,-85.9068,1.7538,5,0.1250,0.8571,7,7,5,0,0,7,5,0.2857
4,292.0000,25,18,868.4515,-85.3860,0.3000,3,0.0750,1.0000,4,4,3,0,0,4,3,0.2500
4,292.0000,25,20,557.8342,-85.7355,1.6573,7,0.1750,1.0000,6,7,6,0,0,7,6,0.1429
4,292.0000,25,21,271.6521,-77.2854,0.0572,28,0.7000,0.5000,6,7,6,0,0,7,6,0.1429
4,292.0000,25,22,544.6620,-84.4835,0.4382,11,0.2750,1.0000,6,7,6,0,0,7,6,0.1429
4,292.0000,25,23,537.3698,-84.9818,0.6984,7,0.1750,1.0000,8,7,5,0,0,7,5,0.2857
4,292.0000,25,24,370.9279,-81.4016,0.1562,19,0.4750,0.7500,8,8,6,0,0,8,6,0.2500
4,292.0000,25,26,1076.7299,-88.0480,0.0136,3,0.0750,1.0000,8,4,4,0,0,4,4,0.0000
4,292.0000,25,27,607.5277,-85.3814,-0.2348,10,0.2500,1.0000,8,2,2,0,0,2,2,0.0000
4,292.0000,25,28,727.1445,-85.9543,-0.4990,10,0.2500,1.0000,8,8,8,0,0,8,8,0.0000
4,292.0000,25,29,949.2114,-88.6046,0.0353,3,0.0750,,0,2,2,0,0,2,2,0.0000
4,292.0000,25,30,607.7839,-84.0707,-0.0330,16,0.4000,0.0000,2,8,7,0,0,8,7,0.1250
4,292.0000,25,31,323.0360,-78.5513,-1.2314,23,0.5750,0.0000,4,7,5,0,0,7,5,0.2857
4,292.0000,25,32,576.1471,-84.4480,0.0115,15,0.3750,0.7143,7,8,7,0,0,8,7,0.1250
4,292.0000,25,33,798.3805,-87.2986,2.8325,3,0.0750,0.8000,5,4,2,0,0,4,2,0.5000
4,292.0000,25,34,878.4679,-87.3324,2.3580,4,0.1000,,0,6,6,0,0,6,6,0.0000
4,292.0000,25,36,487.0153,-82.3107,-0.1282,20,0.5000,0.6667,6,8,8,0,0,8,8,0.0000
4,292.0000,25,37,404.8172,-83.7928,1.0102,13,0.3250,1.0000,8,8,6,0,0,8,6,0.2500
4,292.0000,25,38,604.8596,-85.3667,-0.6809,11,0.2750,0.8571,7,7,6,0,0,7,6,0.1429
4,292.0000,25,39,887.8419,-87.3127,-0.3075,7,0.1750,0.8333,6,7,6,0,0,7,6,0.1429
4,292.0000,25,40,925.6266,-87.3337,-0.0153,6,0.1500,1.0000,2,6,6,0,0,6,6,0.0000
4,292.0000,25,41,874.2420,-87.6521,0.3182,3,0.0750,1.0000,6,6,6,0,0,6,6,0.0000
4,292.0000,25,42,791.8616,-86.7720,-0.1279,13,0.3250,1.0000,8,4,4,0,0,4,4,0.0000
4,292.0000,25,43,509.3271,-84.9374,0.9032,10,0.2500,1.0000,8,7,6,0,0,7,6,0.1429
4,292.0000,25,44,410.6171,-82.4217,-0.2757,17,0.4250,0.7143,7,8,8,0,0,8,8,0.0000
4,292.0000,25,45,898.9063,-87.5387,0.3262,4,0.1000,1.0000,6,8,8,0,0,8,8,0.0000
4,292.0000,25,46,582.1016,-84.5857,-0.5430,12,0.3000,1.0000,8,8,8,0,0,8,8,0.0000
4,292.0000,25,47,595.2152,-82.4920,-0.1528,17,0.4250,0.8750,8,8,8,0,0,8,8,0.0000
4,292.0000,26,2,657.1703,-86.6551,0.3135,4,0.1000,0.8571,7,8,8,0,0,8,8,0.0000
4,292.0000,26,5,689.6233,-83.9095,-0.5326,7,0.1750,1.0000,8,8,8,0,0,8,8,0.0000
4,292.0000,26,7,298.7282,-80.8606,0.2273,18,0.4500,0.0000,4,6,3,0,0,6,3,0.5000
4,292.0000,26,11,823.9550,-86.5749,-0.9385,3,0.0750,1.0000,8,8,8,0,0,8,8,0.0000
4,292.0000,26,12,300.8278,-80.1918,-0.1947,25,0.6250,0.6667,6,7,4,0,0,7,4,0.4286
4,292.0000,26,17,684.8984,-84.9464,0.1693,4,0.1000,1.0000,10,7,6,0,0,7,6,0.1429
4,292.0000,26,18,641.3077,-86.4452,-0.5293,6,0.1500,1.0000,8,8,8,0,0,8,8,0.0000
4,292.0000,26,20,760.1495,-86.7991,-4.0914,3,0.0750,1.0000,8,7,6,0,0,7,6,0.1429
4,292.0000,26,22,801.6017,-88.9102,0.3690,3,0.0750,1.0000,8,8,8,0,0,8,8,0.0000
4,292.0000,26,23,844.4906,-88.4571,1.9311,3,0.0750,1.0000,8,4,4,0,0,4,4,0.0000
4,292.0000,26,27,872.8786,-87.4419,-1.2975,4,0.1000,1.0000,8,8,8,0,0,8,8,0.0000
4,292.0000,26,29,186.8113,-75.4257,0.4884,29,0.7250,0.0000,3,4,0,0,0,4,0,1.0000
4,292.0000,26,32,987.9259,-88.3227,-1.8302,4,0.1000,1.0000,2,8,8,0,0,8,8,0.0000
4,292.0000,26,33,300.5077,-78.4832,-0.0461,20,0.5000,0.2000,5,7,5,0,0,7,5,0.2857
4,292.0000,26,34,371.2887,-79.5007,-0.8096,23,0.5750,0.2000,5,7,6,0,0,7,6,0.1429
4,292.0000,26,35,78.7326,-67.2512,0.4398,35,0.8750,0.0000,4,4,0,0,0,4,0,1.0000
4,292.0000,26,41,350.4617,-78.8405,-0.5040,24,0.6000,0.2000,5,7,6,0,0,7,6,0.1429
4,292.0000,26,43,698.9302,-85.1600,-1.4062,6,0.1500,1.0000,8,7,6,0,0,7,6,0.1429
4,292.0000,26,45,302.0148,-79.9002,0.0280,19,0.4750,0.7143,7,5,1,0,0,5,1,0.8000
4,292.0000,27,1,711.1375,-86.8444,-2.0232,3,0.0732,1.0000,8,8,7,0,0,8,7,0.1250
4,292.0000,27,2,437.1938,-84.4351,0.2044,8,0.1951,0.8750,8,5,1,0,0,5,1,0.8000
4,292.0000,27,3,740.1573,-86.3661,1.6038,3,0.0732,1.0000,8,6,6,0,0,6,6,0.0000
4,292.0000,27,5,387.8976,-83.2454,1.0729,23,0.5610,1.0000,8,5,2,0,0,5,2,0.6000
4,292.0000,27,8,536.1911,-85.7999,0.5577,7,0.1707,1.0000,8,8,8,0,0,8,8,0.0000
4,292.0000,27,9,613.9560,-84.9092,1.2191,4,0.0976,1.0000,6,10,9,0,0,10,9,0.1000
4,292.0000,27,10,430.5948,-79.7172,-0.4009,12,0.2927,1.0000,8,8,8,0,0,8,8,0.0000
4,292.0000,27,11,468.5294,-84.0280,0.3230,5,0.1220,0.8571,7,8,8,0,0,8,8,0.0000
4,292.0000,27,14,690.4650,-84.8260,-0.0514,9,0.2195,1.0000,8,5,4,0,0,5,4,0.2000
4,292.0000,27,17,367.4618,-81.8800,0.3870,18,0.4390,0.8571,7,6,3,0,0,6,3,0.5000
4,292.0000,27,18,380.0552,-80.7488,0.0949,21,0.5122,0.7778,9,7,6,0,0,7,6,0.1429
4,292.0000,27,22,864.5255,-87.1660,1.0978,3,0.0732,0.8000,5,8,8,0,0,8,8,0.0000
4,292.0000,27,25,607.5277,-87.9711,-2.0721,5,0.1220,1.0000,6,8,8,0,0,8,8,0.0000
4,292.0000,27,26,872.8786,-87.2640,0.1032,4,0.0976,1.0000,4,8,8,0,0,8,8,0.0000
4,292.0000,27,30,865.0244,-88.9817,-0.2025,4,0.0976,1.0000,8,8,8,0,0,8,8,0.0000
4,292.0000,27,31,686.7319,-86.8300,-0.9820,5,0.1220,1.0000,8,4,4,0,0,4,4,0.0000
4,292.0000,27,33,711.4937,-86.1338,1.1419,3,0.0732,1.0000,4,5,3,0,0,5,3,0.4000
4,292.0000,27,34,590.9863,-85.9283,0.6564,12,0.2927,1.0000,8,6,5,0,0,6,5,0.1667
4,292.0000,27,37,301.9653,-77.2864,-0.4015,27,0.6585,0.5714,7,7,6,0,0,7,6,0.1429
4,292.0000,27,38,800.4902,-85.3884,0.3347,6,0.1463,0.8571,7,8,8,0,0,8,8,0.0000
4,292.0000,27,41,535.7693,-85.1139,0.9148,10,0.2439,1.0000,8,8,8,0,0,8,8,0.0000
4,292.0000,27,43,239.2473,-80.3578,1.3603,20,0.4878,0.8571,7,5,1,0,0,5,1,0.8000
4,292.0000,27,44,379.4611,-80.1123,1.0572,12,0.2927,0.7143,7,8,8,0,0,8,8,0.0000
4,292.0000,27,45,833.8216,-85.8622,-0.0809,3,0.0732,1.0000,8,8,8,0,0,8,8,0.0000
4,292.0000,28,0,330.8277,-79.7194,-0.3628,28,0.7000,0.2000,5,7,6,0,0,7,6,0.1429
4,292.0000,28,1,514.6155,-81.8226,3.3411,6,0.1500,0.8750,8,8,7,0,0,8,7,0.1250
4,292.0000,28,4,544.8499,-83.0863,-0.5031,8,0.2000,0.8571,7,7,5,0,0,7,5,0.2857
4,292.0000,28,6,242.4831,-78.2966,1.6799,23,0.5750,0.5000,6,4,0,0,0,4,0,1.0000
4,292.0000,28,9,637.5084,-86.4937,-0.2063,5,0.1250,1.0000,32,7,6,0,0,7,6,0.1429
4,292.0000,28,13,318.3732,-80.0527,-0.1570,15,0.3750,1.0000,8,7,5,0,0,7,5,0.2857
4,292.0000,28,15,375.8672,-81.4380,-0.1278,25,0.6250,1.0000,6,6,3,0,0,6,3,0.5000
4,292.0000,28,19,526.7567,-82.8649,-0.0873,22,0.5500,0.7143,7,8,8,0,0,8,8,0.0000
4,292.0000,28,24,703.5747,-85.5367,2.2121,3,0.0750,1.0000,10,8,8,0,0,8,8,0.0000
4,292.0000,28,30,527.0148,-83.5554,-0.9607,12,0.3000,1.0000,6,7,6,0,0,7,6,0.1429
4,292.0000,28,31,545.6037,-84.4627,1.4191,6,0.1500,0.6667,6,6,3,0,0,6,3,0.5000
4,292.0000,28,36,455.9083,-81.5802,-0.8998,16,0.4000,0.8750,8,8,7,0,0,8,7,0.1250
4,292.0000,28,38,578.8736,-85.5869,2.1251,5,0.1250,0.8750,8,8,8,0,0,8,8,0.0000
4,292.0000,28,39,464.4411,-83.7738,0.4325,17,0.4250,0.5000,6,8,8,0,0,8,8,0.0000
4,292.0000,28,40,351.6147,-80.6319,0.2307,24,0.6000,0.7500,8,6,2,0,0,6,2,0.6667
4,292.0000,28,42,500.6154,-83.0596,-0.5676,11,0.2750,0.6667,6,8,8,0,0,8,8,0.0000
4,292.0000,28,44,885.2416,-86.6082,-2.8833,3,0.0750,1.0000,8,6,6,0,0,6,6,0.0000
4,292.0000,28,46,365.1229,-79.4975,-1.3149,17,0.4250,0.4000,5,6,4,0,0,6,4,0.3333
4,292.0000,28,47,289.9454,-79.0265,0.4118,23,0.5750,0.7143,7,7,6,0,0,7,6,0.1429
4,292.0000,29,2,561.4872,-84.7395,-0.4127,4,0.1000,0.8750,8,8,8,0,0,8,8,0.0000
4,292.0000,29,5,713.7533,-84.8690,1.1050,4,0.1000,0.8750,8,8,8,0,0,8,8,0.0000
4,292.0000,29,7,113.9700,-72.3937,0.7936,33,0.8250,0.0000,4,6,2,75,11,81,13,0.8395
4,292.0000,29,12,279.2702,-78.0308,-0.3960,35,0.8750,0.0000,4,4,0,0,0,4,0,1.0000
4,292.0000,29,17,658.2336,-84.0826,-0.1295,3,0.0750,1.0000,8,7,6,0,0,7,6,0.1429
4,292.0000,29,18,661.8590,-84.5455,0.1602,5,0.1250,1.0000,8,8,8,0,0,8,8,0.0000
4,292.0000,29,20,604.4453,-85.0695,0.8960,5,0.1250,0.8750,8,8,8,0,0,8,8,0.0000
4,292.0000,29,22,650.1801,-84.7851,-0.4250,4,0.1000,1.0000,8,8,8,0,0,8,8,0.0000
4,292.0000,29,23,690.6691,-84.9757,1.0449,3,0.0750,1.0000,12,5,3,0,0,5,3,0.4000
4,292.0000,29,26,186.8113,-75.7262,0.6797,35,0.8750,0.0000,4,5,1,0,0,5,1,0.8000
4,292.0000,29,33,157.6464,-73.3288,-0.5782,36,0.9000,0.2951,61,5,1,0,0,5,1,0.8000
4,292.0000,29,34,363.0903,-80.5324,-0.7897,21,0.5250,0.2000,5,6,3,0,0,6,3,0.5000
4,292.0000,29,35,155.7970,-73.7665,0.1989,36,0.9000,0.0000,4,4,0,0,0,4,0,1.0000
4,292.0000,29,41,389.0540,-81.9949,0.2873,24,0.6000,0.8571,7,6,3,0,0,6,3,0.5000
4,292.0000,29,43,642.9063,-81.8127,0.3007,6,0.1500,1.0000,8,8,8,0,0,8,8,0.0000
4,292.0000,29,45,237.2662,-77.9192,1.0605,26,0.6500,0.6346,52,4,0,10,5,14,5,0.6429
4,292.0000,30,0,678.8772,-85.5913,0.7086,8,0.2000,0.8750,8,8,8,0,0,8,8,0.0000
4,292.0000,30,1,312.0003,-81.3749,3.6601,10,0.2500,0.8750,8,8,6,0,0,8,6,0.2500
4,292.0000,30,2,959.3019,-87.7038,-0.0778,3,0.0750,1.0000,6,8,7,0,0,8,7,0.1250
4,292.0000,30,4,669.6692,-86.8683,1.3824,3,0.0750,1.0000,8,7,6,0,0,7,6,0.1429
4,292.0000,30,6,723.7319,-86.2717,2.7603,3,0.0750,1.0000,8,8,7,0,0,8,7,0.1250
4,292.0000,30,9,294.8980,-77.7950,0.4017,14,0.3500,0.7143,7,6,3,0,0,6,3,0.5000
4,292.0000,30,10,453.6488,-83.5895,1.2635,6,0.1500,0.7143,7,7,6,0,0,7,6,0.1429
4,292.0000,30,13,231.3934,-77.9123,-0.7098,20,0.5000,0.4000,5,5,2,0,0,5,2,0.6000
4,292.0000,30,14,354.5564,-81.0414,1.0497,20,0.5000,0.8571,7,7,4,0,0,7,4,0.4286
4,292.0000,30,15,830.8367,-86.2044,0.3145,5,0.1250,1.0000,8,8,8,0,0,8,8,0.0000
4,292.0000,30,16,529.9675,-83.9677,-0.3972,6,0.1500,0.8571,7,8,7,0,0,8,7,0.1250
4,292.0000,30,19,864.4239,-86.5946,0.5765,8,0.2000,1.0000,4,6,6,0,0,6,6,0.0000
4,292.0000,30,21,692.9526,-85.5874,0.2217,3,0.0750,1.0000,8,6,6,0,0,6,6,0.0000
4,292.0000,30,27,865.0244,-87.5390,1.3667,3,0.0750,1.0000,6,2,2,0,0,2,2,0.0000
4,292.0000,30,28,527.0148,-84.4049,1.0796,10,0.2500,1.0000,8,8,8,0,0,8,8,0.0000
4,292.0000,30,31,366.3459,-81.1407,1.1741,11,0.2750,0.8750,8,6,4,0,0,6,4,0.3333
4,292.0000,30,36,147.9459,-75.7230,1.1429,25,0.6250,0.3333,6,5,2,0,0,5,2,0.6000
4,292.0000,30,38,172.6546,-76.0004,1.5020,32,0.8000,0.5000,6,4,0,0,0,4,0,1.0000
4,292.0000,30,39,400.8307,-81.7370,-0.4376,17,0.4250,0.3333,6,8,7,0,0,8,7,0.1250
4,292.0000,30,40,472.6141,-82.9293,0.3927,16,0.4000,0.7143,7,8,7,0,0,8,7,0.1250
4,292.0000,30,42,868.9091,-87.2109,-0.6256,3,0.0750,1.0000,6,6,6,0,0,6,6,0.0000
4,292.0000,30,44,491.4163,-83.0049,0.1296,9,0.2250,0.8571,7,7,6,3,2,10,8,0.2000
4,292.0000,30,46,195.7930,-76.4242,0.1773,27,0.6750,0.2000,5,3,0,0,0,3,0,1.0000
4,292.0000,30,47,672.7889,-86.5917,0.4071,5,0.1250,0.7143,7,7,6,0,0,7,6,0.1429
4,292.0000,31,0,815.8195,-87.5695,0.8996,7,0.1750,0.6667,3,8,8,0,0,8,8,0.0000
4,292.0000,31,1,91.3335,-69.1360,0.7249,39,0.9750,0.2000,5,5,1,0,0,5,1,0.8000
4,292.0000,31,2,709.2069,-87.9374,-0.1227,3,0.0750,0.8000,5,8,8,0,0,8,8,0.0000
4,292.0000,31,3,769.8199,-86.5453,-1.0268,6,0.1500,1.0000,6,4,4,0,0,4,4,0.0000
4,292.0000,31,4,614.5499,-85.0784,-0.1816,13,0.3250,1.0000,8,2,2,0,0,2,2,0.0000
4,292.0000,31,6,626.2119,-85.0122,0.1509,15,0.3750,1.0000,8,8,8,0,0,8,8,0.0000
4,292.0000,31,8,476.3444,-83.7904,0.6951,10,0.2500,1.0000,8,7,6,0,0,7,6,0.1429
4,292.0000,31,9,201.4805,-76.5165,0.8455,34,0.8500,0.0000,4,5,1,0,0,5,1,0.8000
4,292.0000,31,10,330.1731,-81.1354,0.7674,16,0.4000,0.6667,6,7,6,0,0,7,6,0.1429
4,292.0000,31,11,521.7541,-82.9014,-0.3448,6,0.1500,0.7143,7,8,8,0,0,8,8,0.0000
4,292.0000,31,13,298.3850,-79.2083,0.1464,28,0.7000,0.7094,117,6,4,133,105,139,109,0.2158
4,292.0000,31,14,212.3543,-78.3640,1.7585,28,0.7000,0.6667,6,6,2,0,0,6,2,0.6667
4,292.0000,31,15,911.7471,-87.6326,-0.2693,4,0.1000,,0,4,4,0,0,4,4,0.0000
4,292.0000,31,16,343.1980,-78.8661,-1.2995,22,0.5500,0.5000,6,7,5,0,0,7,5,0.2857
4,292.0000,31,21,522.0338,-82.7433,0.9834,13,0.3250,1.0000,8,8,8,0,0,8,8,0.0000
4,292.0000,31,22,866.0330,-88.1370,0.1101,3,0.0750,1.0000,2,6,6,0,0,6,6,0.0000
4,292.0000,31,23,856.1333,-86.7419,3.0078,3,0.0750,1.0000,8,8,8,0,0,8,8,0.0000
4,292.0000,31,24,534.9977,-83.5973,-0.1408,10,0.2500,1.0000,8,7,6,0,0,7,6,0.1429
4,292.0000,31,25,323.0360,-78.3056,-0.2692,22,0.5500,0.8571,7,6,4,0,0,6,4,0.3333
4,292.0000,31,27,686.7319,-86.2234,0.9707,5,0.1250,1.0000,6,6,6,0,0,6,6,0.0000
4,292.0000,31,28,545.6037,-84.7783,0.7811,18,0.4500,0.8750,8,7,5,0,0,7,5,0.2857
4,292.0000,31,30,366.3459,-81.6341,0.2616,22,0.5500,0.8750,8,7,5,0,0,7,5,0.2857
4,292.0000,31,32,830.3570,-87.2535,1.0001,5,0.1250,1.0000,4,8,8,0,0,8,8,0.0000
4,292.0000,31,36,281.0705,-79.3455,0.5305,27,0.6750,0.4000,5,7,5,0,0,7,5,0.2857
4,292.0000,31,37,506.3303,-84.0304,0.5104,12,0.3000,0.8750,8,7,4,0,0,7,4,0.4286
4,292.0000,31,38,311.7941,-79.9153,0.4751,27,0.6750,0.8750,8,8,6,0,0,8,6,0.2500
4,292.0000,31,39,583.1253,-85.3025,0.2159,13,0.3250,1.0000,4,8,8,0,0,8,8,0.0000
4,292.0000,31,40,703.4002,-86.0926,0.4512,13,0.3250,1.0000,4,7,6,0,0,7,6,0.1429
4,292.0000,31,42,815.6525,-86.4105,-0.1306,8,0.2000,1.0000,8,2,2,0,0,2,2,0.0000
4,292.0000,31,43,697.5662,-85.6478,0.4986,6,0.1500,1.0000,8,6,4,0,0,6,4,0.3333
4,292.0000,31,44,384.3698,-81.0499,0.7227,18,0.4500,0.4000,5,8,6,0,0,8,6,0.2500
4,292.0000,31,46,303.5659,-80.7358,1.3634,27,0.6750,0.8333,18,7,6,0,0,7,6,0.1429
4,292.0000,31,47,534.9762,-81.4850,-0.4269,16,0.4000,0.7857,14,8,8,0,0,8,8,0.0000
4,292.0000,32,1,845.0684,-86.5458,-1.3839,5,0.1250,1.0000,8,4,4,0,0,4,4,0.0000
4,292.0000,32,2,647.8028,-84.0428,-0.2318,4,0.1000,0.5714,7,8,8,0,0,8,8,0.0000
4,292.0000,32,3,358.7051,-78.8171,-0.4339,16,0.4000,0.8750,8,7,6,0,0,7,6,0.1429
4,292.0000,32,4,769.9048,-85.5783,-1.7704,8,0.2000,1.0000,8,7,6,0,0,7,6,0.1429
4,292.0000,32,6,907.5269,-87.4401,-0.7467,3,0.0750,1.0000,8,4,4,0,0,4,4,0.0000
4,292.0000,32,7,704.3719,-86.8443,-0.7216,5,0.1250,1.0000,8,4,4,0,0,4,4,0.0000
4,292.0000,32,8,616.3480,-84.3274,-0.0994,5,0.1250,0.8571,7,8,8,0,0,8,8,0.0000
4,292.0000,32,11,544.3325,-83.0698,-3.1065,5,0.1250,0.8571,7,8,8,0,0,8,8,0.0000
4,292.0000,32,12,921.4334,-88.4076,0.1080,3,0.0750,,0,8,8,0,0,8,8,0.0000
4,292.0000,32,13,998.1452,-86.2731,-0.0613,3,0.0750,1.0000,2,4,4,0,0,4,4,0.0000
4,292.0000,32,14,1014.3366,-88.8937,-0.2182,3,0.0750,1.0000,2,6,6,0,0,6,6,0.0000
4,292.0000,32,16,649.1527,-85.7683,-2.7038,4,0.1000,1.0000,8,8,8,0,0,8,8,0.0000
4,292.0000,32,20,379.7680,-80.3759,-0.6242,18,0.4500,0.8750,8,8,7,0,0,8,7,0.1250
4,292.0000,32,21,589.3099,-83.4052,-0.1365,6,0.1500,0.8571,7,5,4,0,0,5,4,0.2000
4,292.0000,32,22,393.1799,-81.3802,1.1875,14,0.3500,1.0000,8,7,4,0,0,7,4,0.4286
4,292.0000,32,23,370.4733,-81.5937,-0.2251,11,0.2750,0.8750,8,7,6,0,0,7,6,0.1429
4,292.0000,32,24,344.2353,-76.3394,-2.4998,30,0.7500,0.5000,6,5,2,0,0,5,2,0.6000
4,292.0000,32,25,576.1471,-85.6480,-1.0904,4,0.1000,1.0000,8,8,8,0,0,8,8,0.0000
4,292.0000,32,29,805.8565,-87.3284,-1.0875,4,0.1000,,0,4,4,0,0,4,4,0.0000
4,292.0000,32,31,830.3570,-86.6141,-1.1591,4,0.1000,1.0000,8,4,4,0,0,4,4,0.0000
4,292.0000,32,33,707.4689,-85.2218,-0.5861,7,0.1750,1.0000,2,6,6,0,0,6,6,0.0000
4,292.0000,32,34,914.3240,-88.6583,2.1961,3,0.0750,1.0000,4,4,4,0,0,4,4,0.0000
4,292.0000,32,42,880.7960,-87.3109,-1.3791,6,0.1500,1.0000,6,4,4,0,0,4,4,0.0000
4,292.0000,32,44,963.4859,-87.0816,-0.3303,3,0.0750,1.0000,4,6,6,0,0,6,6,0.0000
4,292.0000,32,45,802.8928,-87.0787,-1.5388,4,0.1000,1.0000,8,6,6,0,0,6,6,0.0000
4,292.0000,32,46,1063.4077,-88.3410,-0.2485,3,0.0750,1.0000,4,8,8,0,0,8,8,0.0000
4,292.0000,32,47,773.8766,-86.5304,-0.6126,5,0.1250,1.0000,8,8,7,0,0,8,7,0.1250
4,292.0000,33,2,417.8177,-82.1893,0.6082,11,0.2683,0.8889,9,8,8,0,0,8,8,0.0000
4,292.0000,33,3,466.5268,-83.3629,3.0528,5,0.1220,1.0000,8,7,6,0,0,7,6,0.1429
4,292.0000,33,5,623.6171,-85.9109,0.2455,8,0.1951,0.8571,7,7,6,0,0,7,6,0.1429
4,292.0000,33,7,143.1775,-73.4103,0.3103,40,0.9756,0.0000,4,4,0,0,0,4,0,1.0000
4,292.0000,33,11,546.0459,-84.9065,1.1957,4,0.0976,0.9383,81,8,8,0,0,8,8,0.0000
4,292.0000,33,12,406.9784,-81.0744,-0.4262,31,0.7561,0.8750,8,8,8,0,0,8,8,0.0000
4,292.0000,33,17,546.6029,-83.6820,0.5922,7,0.1707,1.0000,8,7,5,0,0,7,5,0.2857
4,292.0000,33,18,570.3968,-84.6655,0.1280,9,0.2195,0.5000,6,7,6,0,0,7,6,0.1429
4,292.0000,33,20,514.6274,-84.0035,-0.2899,8,0.1951,0.8750,8,7,5,0,0,7,5,0.2857
4,292.0000,33,22,559.6425,-84.8276,5.3140,4,0.0976,1.0000,8,7,6,0,0,7,6,0.1429
4,292.0000,33,23,599.3667,-84.3122,2.9119,5,0.1220,1.0000,8,5,4,0,0,5,4,0.2000
4,292.0000,33,26,300.5077,-78.1382,-0.6169,32,0.7805,0.2000,5,6,4,0,0,6,4,0.3333
4,292.0000,33,29,157.6464,-73.1460,-0.3732,39,0.9512,0.0000,4,4,0,0,0,4,0,1.0000
4,292.0000,33,34,295.6893,-79.2317,0.3906,31,0.7561,0.5714,7,5,2,0,0,5,2,0.6000
4,292.0000,33,35,287.7782,-78.7316,-0.1845,36,0.8780,0.7143,7,6,4,0,0,6,4,0.3333
4,292.0000,33,41,331.1510,-80.1313,-0.3223,22,0.5366,0.3333,6,6,2,0,0,6,2,0.6667
4,292.0000,33,43,501.6653,-83.6751,0.7166,5,0.1220,0.7143,7,8,8,0,0,8,8,0.0000
4,292.0000,33,45,266.9767,-77.5875,-0.0182,34,0.8293,0.0000,4,6,2,0,0,6,2,0.6667
4,292.0000,34,2,507.4471,-83.4026,0.8399,9,0.2250,1.0000,8,8,7,0,0,8,7,0.1250
4,292.0000,34,3,680.5968,-86.6037,1.8420,6,0.1500,1.0000,8,6,6,0,0,6,6,0.0000
4,292.0000,34,5,365.9611,-81.1840,0.6911,28,0.7000,0.7143,7,6,4,0,0,6,4,0.3333
4,292.0000,34,7,392.0873,-82.0696,0.3030,19,0.4750,0.8571,7,8,5,0,0,8,5,0.3750
4,292.0000,34,11,611.9786,-84.3849,-0.4482,7,0.1750,1.0000,8,8,8,0,0,8,8,0.0000
4,292.0000,34,12,623.9251,-84.3680,-0.0786,18,0.4500,0.8750,8,8,8,0,0,8,8,0.0000
4,292.0000,34,17,560.6512,-84.9012,-0.3098,8,0.2000,1.0000,8,6,4,0,0,6,4,0.3333
4,292.0000,34,18,319.2100,-80.0894,-0.2476,29,0.7250,0.5000,6,8,6,0,0,8,6,0.2500
4,292.0000,34,20,764.0780,-87.1320,1.1657,6,0.1500,1.0000,6,8,8,0,0,8,8,0.0000
4,292.0000,34,22,804.3298,-86.2980,0.2018,4,0.1000,1.0000,8,8,8,0,0,8,8,0.0000
4,292.0000,34,23,842.1030,-86.9547,-0.0035,5,0.1250,1.0000,8,6,6,0,0,6,6,0.0000
4,292.0000,34,26,371.2887,-79.3110,-0.6229,30,0.7500,0.3333,6,6,3,0,0,6,3,0.5000
4,292.0000,34,27,590.9863,-85.4296,1.0025,5,0.1250,0.8750,8,7,6,0,0,7,6,0.1429
4,292.0000,34,29,363.0903,-79.8616,0.2226,23,0.5750,0.2000,5,6,6,0,0,6,6,0.0000
4,292.0000,34,33,295.6893,-79.3267,-0.1164,24,0.6000,0.7143,7,6,2,0,0,6,2,0.6667
4,292.0000,34,35,372.8211,-79.2448,-1.0108,32,0.8000,0.7143,7,7,6,0,0,7,6,0.1429
4,292.0000,34,37,586.1077,-85.0084,-0.0066,5,0.1250,1.0000,8,8,8,0,0,8,8,0.0000
4,292.0000,34,41,202.4408,-76.1090,0.5700,32,0.8000,0.2000,5,4,0,0,0,4,0,1.0000
4,292.0000,34,43,464.9929,-82.8827,0.5296,9,0.2250,0.8750,8,8,8,0,0,8,8,0.0000
4,292.0000,34,45,501.7841,-83.7106,0.7273,16,0.4000,0.8571,7,7,6,0,0,7,6,0.1429
4,292.0000,35,5,713.3337,-85.0617,-0.6928,5,0.1250,1.0000,8,8,8,0,0,8,8,0.0000
4,292.0000,35,7,256.1993,-79.2112,0.9238,23,0.5750,0.8571,7,5,2,0,0,5,2,0.6000
4,292.0000,35,12,299.0545,-79.7658,0.4429,31,0.7750,0.5714,7,6,2,0,0,6,2,0.6667
4,292.0000,35,18,665.5656,-85.7519,-1.1078,4,0.1000,1.0000,8,8,8,0,0,8,8,0.0000
4,292.0000,35,26,78.7326,-67.4235,0.6738,37,0.9250,0.0000,4,4,0,0,0,4,0,1.0000
4,292.0000,35,29,155.7970,-73.5353,-0.2016,34,0.8500,0.2000,5,4,0,0,0,4,0,1.0000
4,292.0000,35,33,287.7782,-78.2268,-0.4608,24,0.6000,0.7500,8,7,5,0,0,7,5,0.2857
4,292.0000,35,34,372.8211,-78.9753,-0.3874,28,0.7000,0.4000,5,7,5,0,0,7,5,0.2857
4,292.0000,35,41,392.1977,-80.2840,-0.4924,16,0.4000,0.5000,6,8,6,0,0,8,6,0.2500
4,292.0000,35,45,327.9988,-79.9972,1.2614,16,0.4000,1.0000,8,4,1,0,0,4,1,0.7500
4,292.0000,36,0,632.6702,-85.0403,-0.0398,19,0.4750,0.9000,10,8,8,0,0,8,8,0.0000
4,292.0000,36,1,205.1058,-75.7125,0.5406,27,0.6750,0.4000,5,6,3,0,0,6,3,0.5000
4,292.0000,36,2,868.6611,-87.7602,-1.1245,3,0.0750,1.0000,4,8,8,0,0,8,8,0.0000
4,292.0000,36,4,533.7750,-82.7112,0.7797,16,0.4000,1.0000,10,6,6,0,0,6,6,0.0000
4,292.0000,36,6,624.7221,-84.6845,-0.7042,15,0.3750,0.7500,8,6,6,0,0,6,6,0.0000
4,292.0000,36,8,590.3544,-86.3497,0.9618,7,0.1750,1.0000,8,6,6,0,0,6,6,0.0000
4,292.0000,36,9,227.3275,-77.1452,0.2852,27,0.6750,0.4000,5,6,3,0,0,6,3,0.5000
4,292.0000,36,10,412.4662,-83.5628,0.5150,11,0.2750,0.8571,7,5,2,0,0,5,2,0.6000
4,292.0000,36,11,724.7131,-85.5968,1.1837,3,0.0750,1.0000,8,8,8,0,0,8,8,0.0000
4,292.0000,36,13,145.4353,-70.7888,-0.0348,32,0.8000,0.0000,4,4,0,0,0,4,0,1.0000
4,292.0000,36,14,356.4013,-82.1634,1.6342,18,0.4500,0.7143,7,6,2,0,0,6,2,0.6667
4,292.0000,36,15,797.3673,-86.5974,0.2185,9,0.2250,,0,8,8,0,0,8,8,0.0000
4,292.0000,36,16,382.8142,-79.9803,-1.4851,19,0.4750,0.5714,7,8,8,0,0,8,8,0.0000
4,292.0000,36,17,937.5550,-88.0781,0.4821,3,0.0750,1.0000,8,6,6,0,0,6,6,0.0000
4,292.0000,36,18,1189.8188,-88.8158,-1.7880,3,0.0750,,0,4,4,0,0,4,4,0.0000
4,292.0000,36,19,870.4244,-87.1547,-0.0004,11,0.2750,1.0000,2,8,8,0,0,8,8,0.0000
4,292.0000,36,21,558.9913,-83.1618,-0.5696,12,0.3000,0.8750,8,8,8,0,0,8,8,0.0000
4,292.0000,36,24,703.7722,-87.9446,0.6843,6,0.1500,1.0000,8,8,7,0,0,8,7,0.1250
4,292.0000,36,25,487.0153,-82.2163,-1.4527,12,0.3000,0.4000,5,8,7,0,0,8,7,0.1250
4,292.0000,36,28,455.9083,-82.8635,-0.0965,21,0.5250,1.0000,8,8,7,0,0,8,7,0.1250
4,292.0000,36,30,147.9459,-74.7822,1.5926,34,0.8500,0.0000,4,5,1,2,0,7,1,0.8571
4,292.0000,36,31,281.0705,-78.3773,0.4741,27,0.6750,0.8571,7,7,6,0,0,7,6,0.1429
4,292.0000,36,32,1007.8631,-87.6674,1.0459,3,0.0750,1.0000,4,2,2,0,0,2,2,0.0000
4,292.0000,36,37,732.6434,-87.1613,0.1900,4,0.1000,1.0000,6,8,8,0,0,8,8,0.0000
4,292.0000,36,38,249.6832,-79.1839,0.6957,28,0.7000,0.3750,8,4,0,1,0,5,0,1.0000
4,292.0000,36,39,470.6387,-83.1209,0.6873,24,0.6000,1.0000,8,6,4,0,0,6,4,0.3333
4,292.0000,36,40,488.9042,-83.6569,0.3516,24,0.6000,0.7143,7,6,4,0,0,6,4,0.3333
4,292.0000,36,44,467.2736,-83.0249,0.4120,16,0.4000,0.9143,35,7,6,15,14,22,20,0.0909
4,292.0000,36,46,177.2625,-75.7293,0.6922,30,0.7500,0.0000,4,4,0,0,0,4,0,1.0000
4,292.0000,36,47,551.4048,-82.9347,-0.6597,21,0.5250,1.0000,8,7,6,0,0,7,6,0.1429
4,292.0000,37,1,553.3319,-86.8560,1.3244,6,0.1500,1.0000,8,8,8,0,0,8,8,0.0000
4,292.0000,37,2,368.3801,-82.6195,1.5224,11,0.2750,0.8750,8,8,7,0,0,8,7,0.1250
4,292.0000,37,3,571.2390,-85.4988,0.1876,6,0.1500,1.0000,8,8,7,0,0,8,7,0.1250
4,292.0000,37,5,517.7166,-83.4667,0.7315,13,0.3250,0.8571,7,8,8,0,0,8,8,0.0000
4,292.0000,37,7,763.9880,-86.9841,0.5594,5,0.1250,1.0000,6,7,6,0,0,7,6,0.1429
4,292.0000,37,8,410.6199,-83.0552,0.8109,8,0.2000,0.7143,7,7,6,0,0,7,6,0.1429
4,292.0000,37,9,518.1947,-85.9905,-1.0670,7,0.1750,0.6667,6,7,6,0,0,7,6,0.1429
4,292.0000,37,10,393.6822,-81.0223,0.3023,13,0.3250,1.0000,8,6,4,0,0,6,4,0.3333
4,292.0000,37,11,250.9754,-78.6216,1.2833,17,0.4250,0.6667,6,6,3,0,0,6,3,0.5000
4,292.0000,37,13,796.4808,-87.2651,-0.0271,5,0.1250,1.0000,8,4,4,0,0,4,4,0.0000
4,292.0000,37,14,555.5534,-83.7588,0.8098,6,0.1500,1.0000,8,7,6,0,0,7,6,0.1429
4,292.0000,37,16,661.0711,-86.1731,2.0118,5,0.1250,0.8000,10,7,6,0,0,7,6,0.1429
4,292.0000,37,17,487.2441,-84.2410,0.3236,11,0.2750,0.8571,7,8,7,0,0,8,7,0.1250
4,292.0000,37,18,499.1900,-81.3377,-0.0836,18,0.4500,1.0000,8,8,8,0,0,8,8,0.0000
4,292.0000,37,20,706.2708,-86.5127,0.9618,6,0.1500,1.0000,6,8,7,0,0,8,7,0.1250
4,292.0000,37,21,637.0600,-88.0207,1.0360,6,0.1500,1.0000,8,4,2,0,0,4,2,0.5000
4,292.0000,37,22,719.8904,-87.3840,-0.5684,5,0.1250,1.0000,8,8,8,0,0,8,8,0.0000
4,292.0000,37,23,735.9159,-87.5442,0.3914,5,0.1250,1.0000,8,6,6,0,0,6,6,0.0000
4,292.0000,37,24,660.7552,-86.9920,1.7015,5,0.1250,1.0000,8,7,6,0,0,7,6,0.1429
4,292.0000,37,25,404.8172,-83.5580,0.4657,9,0.2250,0.7143,7,7,6,0,0,7,6,0.1429
4,292.0000,37,26,885.0763,-87.7541,-0.2113,7,0.1750,1.0000,2,8,7,0,0,8,7,0.1250
4,292.0000,37,27,301.9653,-78.1574,0.0205,26,0.6500,0.5000,6,6,4,0,0,6,4,0.3333
4,292.0000,37,29,797.7521,-87.1217,0.0481,6,0.1500,1.0000,2,6,6,0,0,6,6,0.0000
4,292.0000,37,30,793.5720,-88.8769,0.3695,3,0.0750,1.0000,2,8,8,0,0,8,8,0.0000
4,292.0000,37,31,506.3303,-83.5104,1.6426,6,0.1500,1.0000,8,6,4,0,0,6,4,0.3333
4,292.0000,37,32,761.0568,-86.8788,-0.3194,3,0.0750,1.0000,4,8,8,0,0,8,8,0.0000
4,292.0000,37,33,643.1988,-87.0748,-1.4686,7,0.1750,1.0000,8,5,3,0,0,5,3,0.4000
4,292.0000,37,34,586.1077,-84.4438,1.2323,7,0.1750,0.8750,8,4,4,0,0,4,4,0.0000
4,292.0000,37,36,732.6434,-87.0218,1.7808,5,0.1250,1.0000,4,4,4,0,0,4,4,0.0000
4,292.0000,37,38,715.7929,-85.4944,-0.4542,5,0.1250,0.8571,7,8,8,0,0,8,8,0.0000
4,292.0000,37,41,610.7810,-84.3946,1.3389,11,0.2750,0.8750,8,7,6,0,0,7,6,0.1429
4,292.0000,37,43,273.2272,-78.2891,-0.3789,21,0.5250,0.7143,7,7,3,0,0,7,3,0.5714
4,292.0000,37,44,385.0959,-82.6834,1.4889,10,0.2500,0.5000,4,8,8,0,0,8,8,0.0000
4,292.0000,37,45,817.9175,-88.1915,0.6019,6,0.1500,1.0000,8,6,6,0,0,6,6,0.0000
4,292.0000,37,47,939.3441,-89.0202,-0.2628,3,0.0750,1.0000,4,8,8,0,0,8,8,0.0000
4,292.0000,38,0,788.7689,-86.8789,0.4434,4,0.1000,1.0000,4,7,6,0,0,7,6,0.1429
4,292.0000,38,1,301.8093,-78.9474,0.2328,15,0.3750,0.8571,7,8,8,0,0,8,8,0.0000
4,292.0000,38,2,942.4614,-88.0279,0.9457,4,0.1000,1.0000,8,8,8,0,0,8,8,0.0000
4,292.0000,38,4,775.8715,-87.3812,0.5051,6,0.1500,1.0000,8,6,6,0,0,6,6,0.0000
4,292.0000,38,5,1145.8928,-88.3073,0.2532,4,0.1000,,0,4,4,0,0,4,4,0.0000
4,292.0000,38,6,752.4141,-87.1485,-0.4181,7,0.1750,1.0000,8,10,10,0,0,10,10,0.0000
4,292.0000,38,8,713.7809,-88.2467,0.5501,6,0.1500,1.0000,8,8,8,0,0,8,8,0.0000
4,292.0000,38,9,298.1405,-76.2206,-1.1592,28,0.7000,0.6667,6,8,7,0,0,8,7,0.1250
4,292.0000,38,10,430.9157,-82.5572,0.8848,8,0.2000,1.0000,8,6,4,0,0,6,4,0.3333
4,292.0000,38,11,789.8482,-87.3299,0.0313,6,0.1500,1.0000,4,8,8,0,0,8,8,0.0000
4,292.0000,38,13,293.1846,-79.2595,0.9072,19,0.4750,0.7143,7,7,4,0,0,7,4,0.4286
4,292.0000,38,14,209.2551,-74.9363,-0.4500,33,0.8250,0.3333,6,5,1,0,0,5,1,0.8000
4,292.0000,38,15,885.8480,-87.9397,-0.8568,3,0.0750,,0,4,4,0,0,4,4,0.0000
4,292.0000,38,16,579.1581,-84.1862,-0.8171,10,0.2500,0.7500,8,8,7,14,14,22,21,0.0455
4,292.0000,38,17,992.2182,-88.2517,-0.6700,3,0.0750,1.0000,4,6,6,0,0,6,6,0.0000
4,292.0000,38,19,918.4614,-87.4296,-1.0153,3,0.0750,,0,6,6,0,0,6,6,0.0000
4,292.0000,38,21,752.9911,-87.5802,0.2692,6,0.1500,1.0000,8,4,4,0,0,4,4,0.0000
4,292.0000,38,24,835.7526,-87.7063,-0.0445,3,0.0750,1.0000,7,6,6,0,0,6,6,0.0000
4,292.0000,38,25,604.8596,-84.8491,0.1119,10,0.2500,0.8571,7,8,8,0,0,8,8,0.0000
4,292.0000,38,27,800.4902,-87.0381,0.2252,10,0.2500,1.0000,12,2,2,0,0,2,2,0.0000
4,292.0000,38,28,578.8736,-86.5146,0.5803,10,0.2500,1.0000,8,7,5,0,0,7,5,0.2857
4,292.0000,38,30,172.6546,-75.8451,1.2946,34,0.8500,0.6667,6,8,5,0,0,8,5,0.3750
4,292.0000,38,31,311.7941,-80.2657,0.5452,17,0.4250,0.6667,6,6,3,0,0,6,3,0.5000
4,292.0000,38,32,1139.6073,-88.0593,-0.2561,3,0.0750,1.0000,2,2,2,0,0,2,2,0.0000
4,292.0000,38,36,249.6832,-78.9779,0.9798,17,0.4250,0.6667,6,4,0,0,0,4,0,1.0000
4,292.0000,38,37,715.7929,-86.3997,-0.9045,8,0.2000,1.0000,8,8,8,0,0,8,8,0.0000
4,292.0000,38,39,378.1640,-83.2589,0.8336,18,0.4500,1.0000,8,7,3,0,0,7,3,0.5714
4,292.0000,38,40,572.2363,-85.3251,1.2620,11,0.2750,0.8333,6,8,8,0,0,8,8,0.0000
4,292.0000,38,43,886.8613,-87.5819,1.5509,4,0.1000,1.0000,8,4,4,0,0,4,4,0.0000
4,292.0000,38,44,456.8878,-80.8380,-1.5699,14,0.3500,0.8571,7,8,8,8,8,16,16,0.0000
4,292.0000,38,46,215.1310,-78.5074,0.7031,27,0.6750,0.2000,5,5,1,0,0,5,1,0.8000
4,292.0000,38,47,708.8727,-86.2170,0.0443,8,0.2000,0.8750,8,8,7,0,0,8,7,0.1250
4,292.0000,39,0,624.8875,-84.8418,-1.0383,14,0.3415,1.0000,8,6,6,0,0,6,6,0.0000
4,292.0000,39,1,574.1186,-84.3569,0.3824,9,0.2195,1.0000,8,8,8,0,0,8,8,0.0000
4,292.0000,39,4,893.3923,-87.9628,0.4274,4,0.0976,1.0000,8,6,6,0,0,6,6,0.0000
4,292.0000,39,6,670.7759,-87.6783,-0.7391,8,0.1951,0.7143,7,8,8,0,0,8,8,0.0000
4,292.0000,39,9,636.0753,-85.3961,-1.2438,7,0.1707,0.6667,6,8,8,0,0,8,8,0.0000
4,292.0000,39,10,798.6943,-88.5237,0.2667,4,0.0976,0.8571,7,8,8,0,0,8,8,0.0000
4,292.0000,39,13,395.0029,-82.7966,0.2236,12,0.2927,0.8571,7,7,6,0,0,7,6,0.1429
4,292.0000,39,14,503.9768,-84.0834,0.7082,9,0.2195,0.8571,7,7,5,0,0,7,5,0.2857
4,292.0000,39,15,622.2621,-85.1758,-0.3370,13,0.3171,1.0000,10,8,8,0,0,8,8,0.0000
4,292.0000,39,16,768.0293,-86.0518,0.5148,6,0.1463,1.0000,8,8,8,0,0,8,8,0.0000
4,292.0000,39,19,592.7228,-85.1307,0.0578,20,0.4878,0.7500,8,8,8,0,0,8,8,0.0000
4,292.0000,39,21,1003.0421,-88.3115,0.2326,3,0.0732,1.0000,4,4,4,0,0,4,4,0.0000
4,292.0000,39,25,887.8419,-88.1897,-0.1648,4,0.0976,1.0000,8,6,6,0,0,6,6,0.0000
4,292.0000,39,28,464.4411,-82.6705,-0.7307,15,0.3659,0.8750,8,8,7,0,0,8,7,0.1250
4,292.0000,39,30,400.8307,-81.0015,-0.9220,20,0.4878,1.0000,8,7,6,0,0,7,6,0.1429
4,292.0000,39,31,583.1253,-86.4845,1.1022,3,0.0732,1.0000,8,8,8,0,0,8,8,0.0000
4,292.0000,39,36,470.6387,-83.2518,1.3506,8,0.1951,0.8571,7,8,7,0,0,8,7,0.1250
4,292.0000,39,38,378.1640,-84.4178,-0.1635,12,0.2927,0.8750,8,7,6,0,0,7,6,0.1429
4,292.0000,39,40,366.4746,-80.6387,-0.7492,27,0.6585,0.6667,6,7,5,0,0,7,5,0.2857
4,292.0000,39,42,951.0404,-87.8651,0.0695,5,0.1220,1.0000,8,4,4,0,0,4,4,0.0000
4,292.0000,39,44,831.9804,-87.8397,-0.8521,4,0.0976,1.0000,8,6,6,0,0,6,6,0.0000
4,292.0000,39,46,315.0295,-80.0168,-0.2214,18,0.4390,0.7143,7,7,4,0,0,7,4,0.4286
4,292.0000,39,47,709.7865,-86.4503,0.0883,6,0.1463,1.0000,8,8,8,0,0,8,8,0.0000
4,292.0000,40,0,300.4519,-78.8927,-0.5090,32,0.8000,0.5000,6,5,3,0,0,5,3,0.4000
4,292.0000,40,1,652.3582,-86.2348,3.8175,3,0.0750,0.8571,7,8,8,0,0,8,8,0.0000
4,292.0000,40,6,586.1887,-85.4504,2.1483,8,0.2000,1.0000,8,8,8,0,0,8,8,0.0000
4,292.0000,40,13,408.8627,-83.0723,0.2996,11,0.2750,0.8750,16,8,8,127,118,135,126,0.0667
4,292.0000,40,14,725.6514,-85.3452,-2.2317,5,0.1250,0.8571,7,8,8,0,0,8,8,0.0000
4,292.0000,40,15,436.4059,-83.4404,0.7893,23,0.5750,0.6667,6,7,6,0,0,7,6,0.1429
4,292.0000,40,19,423.7743,-81.9459,0.3140,27,0.6750,0.5000,6,8,6,0,0,8,6,0.2500
4,292.0000,40,28,351.6147,-81.4888,0.2164,17,0.4250,0.8551,69,5,2,0,0,5,2,0.6000
4,292.0000,40,30,472.6141,-82.3438,-1.5933,10,0.2500,0.8571,7,7,6,0,0,7,6,0.1429
4,292.0000,40,31,703.4002,-85.8854,1.4514,4,0.1000,1.0000,8,8,8,0,0,8,8,0.0000
4,292.0000,40,36,488.9042,-83.2535,2.0574,8,0.2000,0.9853,68,8,8,12,12,20,20,0.0000
4,292.0000,40,38,572.2363,-84.4174,-0.0491,7,0.1750,0.8750,8,8,8,0,0,8,8,0.0000
4,292.0000,40,39,366.4746,-80.8329,-0.5904,21,0.5250,0.2000,5,7,6,0,0,7,6,0.1429
4,292.0000,40,42,726.8570,-88.2477,-1.0891,4,0.1000,1.0000,4,8,8,0,0,8,8,0.0000
4,292.0000,40,46,413.6099,-82.1866,-0.7195,16,0.4000,0.9444,18,8,7,0,0,8,7,0.1250
4,292.0000,40,47,626.1855,-85.9745,0.2785,6,0.1500,1.0000,8,8,8,0,0,8,8,0.0000
4,292.0000,41,2,455.3814,-82.9223,0.4681,9,0.2250,1.0000,8,8,8,0,0,8,8,0.0000
4,292.0000,41,3,680.0452,-85.9060,3.5922,3,0.0750,1.0000,8,7,6,0,0,7,6,0.1429
4,292.0000,41,5,372.1703,-80.6424,-0.0844,26,0.6500,0.5000,6,6,4,0,0,6,4,0.3333
4,292.0000,41,7,451.0165,-83.0119,0.7729,15,0.3750,1.0000,8,6,3,0,0,6,3,0.5000
4,292.0000,41,9,1047.5892,-89.1715,1.7766,3,0.0750,1.0000,6,2,2,0,0,2,2,0.0000
4,292.0000,41,10,881.3692,-87.9436,4.6389,3,0.0750,1.0000,8,8,8,0,0,8,8,0.0000
4,292.0000,41,11,622.3323,-85.4385,-0.5935,7,0.1750,1.0000,8,6,4,0,0,6,4,0.3333
4,292.0000,41,12,591.6191,-85.3287,0.1559,17,0.4250,1.0000,8,8,7,0,0,8,7,0.1250
4,292.0000,41,17,422.0266,-81.8352,0.1112,15,0.3750,0.4000,5,8,8,0,0,8,8,0.0000
4,292.0000,41,18,320.2361,-79.4515,0.9158,30,0.7500,0.5000,6,6,4,0,0,6,4,0.3333
4,292.0000,41,26,350.4617,-79.8888,-1.0703,26,0.6500,0.5000,6,7,6,0,0,7,6,0.1429
4,292.0000,41,27,535.7693,-86.4130,1.1083,7,0.1750,1.0000,8,7,6,0,0,7,6,0.1429
4,292.0000,41,29,389.0540,-81.9907,1.3157,20,0.5000,1.0000,8,5,2,0,0,5,2,0.6000
4,292.0000,41,33,331.1510,-80.8218,0.0188,22,0.5500,0.6667,6,6,3,0,0,6,3,0.5000
4,292.0000,41,34,202.4408,-76.1043,0.5097,35,0.8750,0.0000,4,4,0,0,0,4,0,1.0000
4,292.0000,41,35,392.1977,-80.0448,-0.2860,22,0.5500,1.0000,8,7,6,0,0,7,6,0.1429
4,292.0000,41,37,610.7810,-85.8432,2.7191,6,0.1500,0.6667,6,8,8,0,0,8,8,0.0000
4,292.0000,41,43,405.6662,-81.2432,0.7916,13,0.3250,0.8571,7,8,8,0,0,8,8,0.0000
4,292.0000,41,45,431.6687,-82.6777,0.4230,15,0.3750,0.5000,6,6,4,0,0,6,4,0.3333
4,292.0000,42,0,497.1357,-84.3728,0.1470,14,0.3500,1.0000,8,6,3,0,0,6,3,0.5000
4,292.0000,42,1,766.3881,-85.8743,-0.6150,3,0.0750,1.0000,8,8,8,0,0,8,8,0.0000
4,292.0000,42,4,348.8713,-79.4514,-0.5729,14,0.3500,0.7143,7,7,5,0,0,7,5,0.2857
4,292.0000,42,6,417.1331,-81.6711,0.0570,20,0.5000,0.8750,8,8,8,0,0,8,8,0.0000
4,292.0000,42,13,671.2746,-85.9341,0.7868,3,0.0750,1.0000,8,7,6,0,0,7,6,0.1429
4,292.0000,42,14,991.0457,-87.8136,-0.5187,5,0.1250,1.0000,2,8,8,0,0,8,8,0.0000
4,292.0000,42,15,648.4050,-85.8878,0.9191,9,0.2250,0.8000,5,8,8,0,0,8,8,0.0000
4,292.0000,42,16,536.7577,-85.7162,1.0373,4,0.1000,1.0000,8,8,8,0,0,8,8,0.0000
4,292.0000,42,19,854.2000,-87.4233,0.1066,6,0.1500,1.0000,4,8,8,0,0,8,8,0.0000
4,292.0000,42,20,1009.6219,-87.0613,-0.5150,4,0.1000,1.0000,6,4,4,0,0,4,4,0.0000
4,292.0000,42,21,675.3860,-85.2221,-0.4423,7,0.1750,1.0000,8,8,8,0,0,8,8,0.0000
4,292.0000,42,22,972.5092,-88.2237,-0.9530,3,0.0750,1.0000,8,8,8,0,0,8,8,0.0000
4,292.0000,42,24,649.9776,-84.5177,0.3960,7,0.1750,1.0000,8,7,6,0,0,7,6,0.1429
4,292.0000,42,25,791.8616,-86.9161,-0.5411,4,0.1000,1.0000,8,8,8,0,0,8,8,0.0000
4,292.0000,42,28,500.6154,-83.9477,0.5295,12,0.3000,0.8571,7,8,7,0,0,8,7,0.1250
4,292.0000,42,30,868.9091,-88.5628,0.2445,3,0.0750,1.0000,8,8,8,0,0,8,8,0.0000
4,292.0000,42,31,815.6525,-87.0214,1.9186,3,0.0750,1.0000,8,6,6,0,0,6,6,0.0000
4,292.0000,42,32,880.7960,-86.6954,-0.7272,4,0.1000,1.0000,6,8,8,0,0,8,8,0.0000
4,292.0000,42,40,726.8570,-86.6926,-0.5364,6,0.1500,1.0000,4,8,8,0,0,8,8,0.0000
4,292.0000,42,46,764.6071,-87.2607,-0.8521,5,0.1250,1.0000,8,8,8,0,0,8,8,0.0000
4,292.0000,42,47,362.7716,-81.0059,-0.3841,14,0.3500,0.6250,8,7,5,0,0,7,5,0.2857
4,292.0000,43,1,715.6066,-87.0481,0.7223,6,0.1500,1.0000,8,8,8,0,0,8,8,0.0000
4,292.0000,43,2,204.8939,-75.2400,-0.1828,32,0.8000,0.4000,5,5,2,0,0,5,2,0.6000
4,292.0000,43,3,516.9596,-82.9420,0.5933,12,0.3000,0.8750,8,8,8,0,0,8,8,0.0000
4,292.0000,43,5,436.0986,-82.9593,0.9514,15,0.3750,0.7143,7,7,6,0,0,7,6,0.1429
4,292.0000,43,7,641.2272,-86.0078,1.4964,8,0.2000,1.0000,8,6,6,0,0,6,6,0.0000
4,292.0000,43,8,400.5844,-82.7881,0.5382,12,0.3000,1.0000,8,8,8,0,0,8,8,0.0000
4,292.0000,43,9,642.1991,-85.8113,-1.5659,5,0.1250,1.0000,6,8,8,0,0,8,8,0.0000
4,292.0000,43,10,477.3974,-81.8892,1.8732,8,0.2000,1.0000,8,7,6,0,0,7,6,0.1429
4,292.0000,43,11,304.8254,-78.5068,1.1063,19,0.4750,0.3333,6,5,2,0,0,5,2,0.6000
4,292.0000,43,12,845.1715,-87.2825,0.3956,5,0.1250,1.0000,8,8,7,0,0,8,7,0.1250
4,292.0000,43,14,768.0961,-85.4243,-0.2852,5,0.1250,1.0000,6,8,8,0,0,8,8,0.0000
4,292.0000,43,17,226.1575,-75.9871,0.0085,32,0.8000,0.2000,5,5,1,0,0,5,1,0.8000
4,292.0000,43,18,399.2705,-79.4962,-0.2855,21,0.5250,0.6667,6,7,6,0,0,7,6,0.1429
4,292.0000,43,20,625.9102,-85.2868,0.1660,9,0.2250,0.8571,7,7,6,0,0,7,6,0.1429
4,292.0000,43,21,645.6547,-86.7798,-1.2454,6,0.1500,1.0000,8,8,8,0,0,8,8,0.0000
4,292.0000,43,22,640.0615,-84.3565,-0.9798,9,0.2250,1.0000,8,8,8,0,0,8,8,0.0000
4,292.0000,43,23,668.9464,-84.9990,0.0164,9,0.2250,1.0000,8,6,6,0,0,6,6,0.0000
4,292.0000,43,24,792.3444,-86.8748,-0.8580,8,0.2000,0.8571,7,6,6,0,0,6,6,0.0000
4,292.0000,43,25,509.3271,-86.0061,-0.5377,7,0.1750,0.8571,7,10,9,0,0,10,9,0.1000
4,292.0000,43,26,698.9302,-84.8623,-1.2819,12,0.3000,1.0000,8,8,8,0,0,8,8,0.0000
4,292.0000,43,27,239.2473,-79.9744,1.5991,26,0.6500,0.5000,6,7,3,0,0,7,3,0.5714
4,292.0000,43,29,642.9063,-85.6564,-0.8936,9,0.2250,0.7143,7,9,8,0,0,9,8,0.1111
4,292.0000,43,31,697.5662,-86.2314,-1.3745,5,0.1250,1.0000,8,6,6,0,0,6,6,0.0000
4,292.0000,43,33,501.6653,-82.2016,-0.6962,11,0.2750,0.8750,8,8,8,0,0,8,8,0.0000
4,292.0000,43,34,464.9929,-83.4238,1.0228,13,0.3250,0.8750,8,8,8,0,0,8,8,0.0000
4,292.0000,43,35,725.8498,-86.0238,-0.5535,10,0.2500,0.6667,3,6,6,0,0,6,6,0.0000
4,292.0000,43,37,273.2272,-78.3887,0.7288,26,0.6500,0.3333,6,7,6,0,0,7,6,0.1429
4,292.0000,43,38,886.8613,-86.5121,-1.3043,5,0.1250,1.0000,2,8,8,0,0,8,8,0.0000
4,292.0000,43,41,405.6662,-81.2721,0.5843,18,0.4500,0.2000,5,7,6,0,0,7,6,0.1429
4,292.0000,43,44,457.6265,-84.3479,-1.5513,7,0.1750,1.0000,8,6,3,0,0,6,3,0.5000
4,292.0000,43,45,615.5091,-84.1027,-0.2450,11,0.2750,0.7500,8,4,4,0,0,4,4,0.0000
4,292.0000,44,1,378.9946,-81.6610,0.3128,14,0.3500,0.7143,7,8,8,0,0,8,8,0.0000
4,292.0000,44,2,544.2343,-84.2311,0.4671,8,0.2000,1.0000,8,8,8,0,0,8,8,0.0000
4,292.0000,44,3,752.7190,-87.4873,-0.0962,5,0.1250,1.0000,2,4,4,0,0,4,4,0.0000
4,292.0000,44,4,795.5673,-87.6434,-0.6252,4,0.1000,0.8571,7,6,6,0,0,6,6,0.0000
4,292.0000,44,5,758.6564,-87.0053,-0.6856,7,0.1750,,0,8,8,0,0,8,8,0.0000
4,292.0000,44,8,402.2758,-82.7514,-1.0444,9,0.2250,0.8750,8,7,6,0,0,7,6,0.1429
4,292.0000,44,9,250.1766,-76.5679,-0.1471,23,0.5750,0.7143,7,7,5,0,0,7,5,0.2857
4,292.0000,44,10,71.3656,-68.2911,3.1277,36,0.9000,0.2000,5,4,0,0,0,4,0,1.0000
4,292.0000,44,11,470.6162,-84.5247,1.0872,9,0.2250,0.6667,6,8,8,0,0,8,8,0.0000
4,292.0000,44,13,582.4521,-85.0986,-0.3411,12,0.3000,0.5714,7,6,6,0,0,6,6,0.0000
4,292.0000,44,14,405.7130,-80.3385,-0.4180,19,0.4750,0.6667,6,8,8,0,0,8,8,0.0000
4,292.0000,44,16,569.0494,-84.1690,-0.4407,11,0.2750,1.0000,8,4,4,0,0,4,4,0.0000
4,292.0000,44,17,542.3021,-84.5972,0.7049,7,0.1750,1.0000,8,8,8,0,0,8,8,0.0000
4,292.0000,44,18,749.2177,-87.0159,-0.5610,8,0.2000,1.0000,6,4,4,0,0,4,4,0.0000
4,292.0000,44,21,569.3573,-84.0988,-0.1100,9,0.2250,0.8571,7,6,6,0,0,6,6,0.0000
4,292.0000,44,22,851.3925,-88.5368,-0.5079,3,0.0750,1.0000,6,6,6,0,0,6,6,0.0000
4,292.0000,44,23,859.2618,-88.6129,-0.2032,4,0.1000,1.0000,6,6,6,0,0,6,6,0.0000
4,292.0000,44,24,769.5993,-87.7178,0.9760,4,0.1000,1.0000,8,8,8,0,0,8,8,0.0000
4,292.0000,44,25,410.6171,-81.2325,-0.5393,9,0.2250,1.0000,8,8,7,0,0,8,7,0.1250
4,292.0000,44,27,379.4611,-81.8775,0.2246,18,0.4500,0.6667,6,8,7,0,0,8,7,0.1250
4,292.0000,44,28,885.2416,-88.1161,0.0660,4,0.1000,1.0000,4,10,10,0,0,10,10,0.0000
4,292.0000,44,30,491.4163,-84.5606,-0.2885,11,0.2750,0.8571,7,6,4,0,0,6,4,0.3333
4,292.0000,44,31,384.3698,-80.5822,-0.3079,15,0.3750,1.0000,8,7,5,0,0,7,5,0.2857
4,292.0000,44,36,467.2736,-83.3759,0.0264,13,0.3250,0.8571,7,8,8,0,0,8,8,0.0000
4,292.0000,44,37,385.0959,-81.7324,0.7215,16,0.4000,0.8750,8,7,5,0,0,7,5,0.2857
4,292.0000,44,38,456.8878,-80.9496,-0.8110,14,0.3500,0.8571,7,8,8,0,0,8,8,0.0000
4,292.0000,44,39,831.9804,-88.1999,-1.1602,5,0.1250,1.0000,4,8,8,0,0,8,8,0.0000
4,292.0000,44,40,948.4986,-88.0403,-0.5717,5,0.1250,1.0000,4,4,4,0,0,4,4,0.0000
4,292.0000,44,43,457.6265,-84.7116,1.0272,8,0.2000,0.9000,10,6,4,0,0,6,4,0.3333
4,292.0000,44,46,578.2766,-84.5837,1.0374,10,0.2500,0.8571,7,6,6,0,0,6,6,0.0000
4,292.0000,44,47,879.5432,-87.1953,-0.3684,5,0.1250,1.0000,6,8,8,0,0,8,8,0.0000
4,292.0000,45,2,497.7979,-81.9588,-1.5114,13,0.3250,0.6667,6,8,8,0,0,8,8,0.0000
4,292.0000,45,3,519.9785,-82.1842,-0.8639,12,0.3000,1.0000,8,8,7,0,0,8,7,0.1250
4,292.0000,45,5,790.3785,-88.7542,-0.2607,5,0.1250,1.0000,8,8,8,0,0,8,8,0.0000
4,292.0000,45,7,286.6455,-79.5118,0.9650,27,0.6750,0.4000,5,5,2,0,0,5,2,0.6000
4,292.0000,45,8,759.6595,-86.4241,-0.4953,4,0.1000,1.0000,8,8,8,0,0,8,8,0.0000
4,292.0000,45,10,1030.4075,-88.7496,-1.5798,4,0.1000,1.0000,8,8,8,0,0,8,8,0.0000
4,292.0000,45,11,683.3704,-85.8045,-0.9879,7,0.1750,0.9818,55,8,8,12,12,20,20,0.0000
4,292.0000,45,12,244.9743,-79.1005,1.0409,36,0.9000,0.4000,5,4,0,0,0,4,0,1.0000
4,292.0000,45,17,556.1276,-82.8173,-1.3319,12,0.3000,0.7500,8,7,6,0,0,7,6,0.1429
4,292.0000,45,18,735.6822,-85.9517,0.1837,11,0.2750,1.0000,8,8,8,0,0,8,8,0.0000
4,292.0000,45,20,504.3966,-82.7087,-1.1037,12,0.3000,0.5000,6,8,7,0,0,8,7,0.1250
4,292.0000,45,22,538.5351,-82.4984,-0.9376,15,0.3750,1.0000,8,7,6,0,0,7,6,0.1429
4,292.0000,45,23,582.5181,-84.2441,-1.4018,12,0.3000,0.8750,8,6,6,0,0,6,6,0.0000
4,292.0000,45,25,898.9063,-87.5452,0.6896,3,0.0750,1.0000,8,2,2,0,0,2,2,0.0000
4,292.0000,45,26,302.0148,-80.7264,0.0427,25,0.6250,0.2000,5,4,0,0,0,4,0,1.0000
4,292.0000,45,27,833.8216,-85.7868,-0.3681,5,0.1250,1.0000,8,8,8,0,0,8,8,0.0000
4,292.0000,45,29,237.2662,-78.6594,0.7991,36,0.9000,0.3333,6,4,0,0,0,4,0,1.0000
4,292.0000,45,32,802.8928,-87.1620,-1.0039,3,0.0750,0.8000,5,8,8,0,0,8,8,0.0000
4,292.0000,45,33,266.9767,-78.3398,0.4205,29,0.7250,0.5000,6,7,5,0,0,7,5,0.2857
4,292.0000,45,34,501.7841,-82.1503,0.7081,12,0.3000,0.7500,8,8,8,0,0,8,8,0.0000
4,292.0000,45,35,327.9988,-81.5179,0.9444,24,0.6000,0.8000,10,6,2,0,0,6,2,0.6667
4,292.0000,45,37,817.9175,-86.5747,1.4713,3,0.0750,1.0000,8,8,8,0,0,8,8,0.0000
4,292.0000,45,41,431.6687,-83.1338,1.4127,16,0.4000,1.0000,8,6,4,0,0,6,4,0.3333
4,292.0000,45,43,615.5091,-83.7594,-0.9416,10,0.2500,1.0000,8,8,8,0,0,8,8,0.0000
4,292.0000,46,0,589.5215,-83.9311,-0.5537,17,0.4250,0.7143,7,8,8,0,0,8,8,0.0000
4,292.0000,46,1,270.5452,-79.0291,-0.1217,18,0.4500,0.5000,6,5,2,0,0,5,2,0.6000
4,292.0000,46,4,626.9637,-84.7100,-0.0835,9,0.2250,1.0000,8,8,8,0,0,8,8,0.0000
4,292.0000,46,6,550.0359,-83.8287,1.0983,17,0.4250,0.7143,7,6,6,0,0,6,6,0.0000
4,292.0000,46,8,718.6105,-86.8299,0.8822,4,0.1000,1.0000,8,6,6,0,0,6,6,0.0000
4,292.0000,46,9,347.7465,-81.5145,0.5858,15,0.3750,0.8182,11,7,6,0,0,7,6,0.1429
4,292.0000,46,10,529.7706,-85.5184,0.7093,7,0.1750,0.8750,8,8,8,0,0,8,8,0.0000
4,292.0000,46,11,814.0132,-87.2914,0.1207,3,0.0750,1.0000,4,8,8,0,0,8,8,0.0000
4,292.0000,46,13,102.1203,-71.0428,1.3922,34,0.8500,0.4444,9,4,0,0,0,4,0,1.0000
4,292.0000,46,14,320.0351,-81.7164,0.6415,18,0.4500,0.3333,6,7,4,0,0,7,4,0.4286
4,292.0000,46,15,687.9511,-85.7728,-0.6635,12,0.3000,1.0000,8,8,8,0,0,8,8,0.0000
4,292.0000,46,16,465.9550,-83.6112,0.0757,12,0.3000,0.8571,7,7,4,0,0,7,4,0.4286
4,292.0000,46,19,750.2238,-86.2327,0.1040,13,0.3250,0.6667,6,8,8,0,0,8,8,0.0000
4,292.0000,46,21,690.0537,-86.2567,0.5738,6,0.1500,1.0000,8,8,8,0,0,8,8,0.0000
4,292.0000,46,24,735.2148,-87.1791,0.1789,5,0.1250,1.0000,6,8,8,0,0,8,8,0.0000
4,292.0000,46,25,582.1016,-84.9664,-0.4003,9,0.2250,1.0000,8,7,6,0,0,7,6,0.1429
4,292.0000,46,28,365.1229,-79.7116,-0.0132,26,0.6500,0.5000,6,8,7,0,0,8,7,0.1250
4,292.0000,46,30,195.7930,-75.8713,0.5098,32,0.8000,0.4000,5,4,0,0,0,4,0,1.0000
4,292.0000,46,31,303.5659,-80.6278,0.5423,20,0.5000,0.6667,6,4,0,0,0,4,0,1.0000
4,292.0000,46,36,177.2625,-74.7538,0.1712,29,0.7250,0.0000,4,6,2,0,0,6,2,0.6667
4,292.0000,46,37,799.0357,-86.9525,-1.6566,3,0.0750,0.8333,6,6,6,0,0,6,6,0.0000
4,292.0000,46,38,215.1310,-79.6573,1.9515,25,0.6250,0.5714,7,5,1,7,0,12,1,0.9167
4,292.0000,46,39,315.0295,-79.6484,-0.5353,30,0.7500,0.0000,4,6,3,0,0,6,3,0.5000
4,292.0000,46,40,413.6099,-81.3391,0.4814,23,0.5750,0.5000,6,6,4,0,0,6,4,0.3333
4,292.0000,46,42,764.6071,-85.7674,0.0233,9,0.2250,1.0000,8,5,4,0,0,5,4,0.2000
4,292.0000,46,44,578.2766,-84.0995,-0.1027,9,0.2250,0.8750,8,8,8,0,0,8,8,0.0000
4,292.0000,46,47,517.3892,-82.8478,0.0998,15,0.3750,0.7778,9,7,5,0,0,7,5,0.2857
4,292.0000,47,0,525.6545,-83.9452,0.2363,16,0.4000,1.0000,8,6,4,0,0,6,4,0.3333
4,292.0000,47,1,515.9385,-82.5111,0.3783,15,0.3750,0.8750,8,8,8,0,0,8,8,0.0000
4,292.0000,47,4,426.2546,-81.9842,0.1953,17,0.4250,0.6667,6,8,7,0,0,8,7,0.1250
4,292.0000,47,6,159.5740,-73.4855,0.5414,37,0.9250,0.0000,4,4,0,0,0,4,0,1.0000
4,292.0000,47,8,756.6396,-87.0949,-1.8873,3,0.0750,1.0000,8,8,8,0,0,8,8,0.0000
4,292.0000,47,9,654.0600,-85.6847,0.4324,4,0.1000,1.0000,8,8,8,0,0,8,8,0.0000
4,292.0000,47,10,811.5463,-86.3450,-0.0226,4,0.1000,1.0000,8,8,8,0,0,8,8,0.0000
4,292.0000,47,11,831.2949,-86.0017,-0.9411,3,0.0750,1.0000,8,6,6,0,0,6,6,0.0000
4,292.0000,47,13,443.7271,-80.4457,-1.2701,18,0.4500,0.7000,10,8,7,0,0,8,7,0.1250
4,292.0000,47,14,692.8139,-86.4575,0.3631,5,0.1250,1.0000,8,8,8,0,0,8,8,0.0000
4,292.0000,47,15,575.6867,-85.7423,0.1024,13,0.3250,1.0000,8,7,6,0,0,7,6,0.1429
4,292.0000,47,16,370.6325,-81.0013,0.0141,15,0.3750,0.7143,7,6,4,0,0,6,4,0.3333
4,292.0000,47,19,776.8438,-86.9639,0.3927,11,0.2750,1.0000,6,8,7,0,0,8,7,0.1250
4,292.0000,47,20,956.3760,-88.0002,1.4553,5,0.1250,1.0000,8,4,4,0,0,4,4,0.0000
4,292.0000,47,21,614.2998,-83.7527,-0.0202,9,0.2250,1.0000,8,6,6,0,0,6,6,0.0000
4,292.0000,47,22,932.1313,-87.7425,-0.4279,4,0.1000,1.0000,2,6,6,0,0,6,6,0.0000
4,292.0000,47,24,453.3199,-83.4825,-0.3879,11,0.2750,0.8571,7,8,8,0,0,8,8,0.0000
4,292.0000,47,25,595.2152,-82.7418,-2.0359,8,0.2000,0.8750,8,8,8,0,0,8,8,0.0000
4,292.0000,47,28,289.9454,-79.8576,0.2838,21,0.5250,0.5714,7,7,4,0,0,7,4,0.4286
4,292.0000,47,30,672.7889,-85.6069,-1.5433,10,0.2500,1.0000,8,8,8,0,0,8,8,0.0000
4,292.0000,47,31,534.9762,-82.9932,-0.7027,10,0.2500,1.0000,8,8,7,0,0,8,7,0.1250
4,292.0000,47,32,773.8766,-87.7032,-0.9789,5,0.1250,1.0000,8,6,6,0,0,6,6,0.0000
4,292.0000,47,36,551.4048,-83.0081,-1.1229,13,0.3250,0.8571,7,8,7,0,0,8,7,0.1250
4,292.0000,47,38,708.8727,-85.9006,-0.7518,6,0.1500,0.8571,7,8,8,0,0,8,8,0.0000
4,292.0000,47,39,709.7865,-85.7573,-1.1352,8,0.2000,1.0000,8,8,8,0,0,8,8,0.0000
4,292.0000,47,40,626.1855,-86.1354,0.0465,8,0.2000,1.0000,6,7,4,0,0,7,4,0.4286
4,292.0000,47,42,362.7716,-81.3966,0.4092,25,0.6250,1.0000,8,6,2,0,0,6,2,0.6667
4,292.0000,47,44,879.5432,-88.0105,0.2809,4,0.1000,1.0000,8,8,8,0,0,8,8,0.0000
4,292.0000,47,46,517.3892,-82.9815,-1.0312,14,0.3500,0.8889,9,8,8,0,0,8,8,0.0000
4,296.0000,0,4,514.1435,-84.3323,-0.6171,7,0.1750,0.8571,7,8,8,0,0,8,8,0.0000
4,296.0000,0,6,388.8108,-81.4309,0.0815,18,0.4500,0.5000,6,6,4,0,0,6,4,0.3333
4,296.0000,0,13,615.4357,-83.9749,0.5237,7,0.1750,1.0000,8,8,8,0,0,8,8,0.0000
4,296.0000,0,15,304.3933,-80.0336,0.0361,26,0.6500,0.3333,6,5,1,0,0,5,1,0.8000
4,296.0000,0,16,611.3120,-86.7643,0.8373,3,0.0750,0.8571,7,8,8,0,0,8,8,0.0000
4,296.0000,0,19,548.3237,-82.9343,-0.2945,20,0.5000,0.7143,7,7,6,0,0,7,6,0.1429
4,296.0000,0,24,840.9532,-87.7952,-0.9574,3,0.0750,1.0000,6,4,4,0,0,4,4,0.0000
4,296.0000,0,28,414.2266,-80.3572,0.2873,13,0.3250,0.8571,7,6,4,0,0,6,4,0.3333
4,296.0000,0,30,802.1369,-85.9697,-0.9157,6,0.1500,1.0000,8,4,4,0,0,4,4,0.0000
4,296.0000,0,31,871.9375,-87.1302,-1.6199,3,0.0750,1.0000,8,8,8,0,0,8,8,0.0000
4,296.0000,0,38,802.7321,-86.0023,-0.5388,3,0.0750,1.0000,8,8,8,0,0,8,8,0.0000
4,296.0000,0,39,758.1263,-85.7098,-0.1882,4,0.1000,1.0000,8,8,8,0,0,8,8,0.0000
4,296.0000,0,40,350.1878,-80.0508,-0.0182,21,0.5250,0.4000,5,7,5,0,0,7,5,0.2857
4,296.0000,0,42,372.0177,-81.7600,-0.1037,18,0.4500,0.8571,7,5,2,0,0,5,2,0.6000
4,296.0000,0,47,451.3734,-82.5937,0.5545,9,0.2250,1.0000,8,8,8,0,0,8,8,0.0000
4,296.0000,1,2,609.3643,-86.0474,-1.0878,5,0.1250,1.0000,6,8,8,0,0,8,8,0.0000
4,296.0000,1,4,582.2819,-84.3270,0.4126,8,0.2000,0.7143,7,8,8,0,0,8,8,0.0000
4,296.0000,1,6,722.2274,-85.0712,0.1142,7,0.1750,0.8750,8,7,6,0,0,7,6,0.1429
4,296.0000,1,8,381.1649,-81.2861,0.8373,11,0.2750,0.8571,7,8,6,0,0,8,6,0.2500
4,296.0000,1,9,120.6144,-71.3834,0.5163,36,0.9000,0.6667,6,4,0,0,0,4,0,1.0000
4,296.0000,1,10,254.2875,-78.0219,0.6899,27,0.6750,0.6667,6,5,2,0,0,5,2,0.6000
4,296.0000,1,11,461.7943,-83.1385,-0.5560,9,0.2250,1.0000,8,6,6,0,0,6,6,0.0000
4,296.0000,1,13,336.4383,-79.0717,-0.9730,28,0.7000,0.7143,7,6,3,0,0,6,3,0.5000
4,296.0000,1,14,218.2983,-77.0023,0.2939,33,0.8250,0.2000,5,4,0,0,0,4,0,1.0000
4,296.0000,1,16,427.0999,-80.7292,-0.3111,18,0.4500,0.5714,7,4,0,0,0,4,0,1.0000
4,296.0000,1,19,1043.5240,-88.4242,0.2355,4,0.1000,1.0000,4,2,2,0,0,2,2,0.0000
4,296.0000,1,20,811.0647,-86.4292,0.3623,4,0.1000,0.8000,5,6,6,0,0,6,6,0.0000
4,296.0000,1,21,529.1905,-84.2599,1.5153,6,0.1500,0.8000,5,8,7,0,0,8,7,0.1250
4,296.0000,1,22,847.5188,-86.2852,1.0428,3,0.0750,1.0000,8,6,6,0,0,6,6,0.0000
4,296.0000,1,23,843.1925,-88.1027,0.8209,4,0.1000,0.8000,5,4,4,0,0,4,4,0.0000
4,296.0000,1,24,495.5878,-84.2388,0.5082,10,0.2500,0.8571,7,8,7,0,0,8,7,0.1250
4,296.0000,1,25,356.6871,-79.9628,-0.3402,14,0.3500,0.6667,6,6,4,0,0,6,4,0.3333
4,296.0000,1,27,704.9499,-85.5727,0.4602,5,0.1250,,0,8,8,0,0,8,8,0.0000
4,296.0000,1,28,510.4132,-83.8039,-0.6267,12,0.3000,1.0000,8,8,8,0,0,8,8,0.0000
4,296.0000,1,30,268.0925,-77.8084,0.1705,32,0.8000,0.7143,7,7,4,0,0,7,4,0.4286
4,296.0000,1,31,98.6973,-67.3903,-0.3822,36,0.9000,0.2000,5,5,1,0,0,5,1,0.8000
4,296.0000,1,33,975.5478,-87.5514,-13.3196,3,0.0750,,0,4,4,0,0,4,4,0.0000
4,296.0000,1,36,231.0545,-75.7834,-0.0521,30,0.7500,0.0000,4,6,3,0,0,6,3,0.5000
4,296.0000,1,37,432.7988,-82.8543,0.9648,12,0.3000,1.0000,8,8,8,0,0,8,8,0.0000
4,296.0000,1,38,341.4095,-79.4315,0.1075,28,0.7000,0.7143,7,5,3,0,0,5,3,0.4000
4,296.0000,1,39,564.0269,-83.4179,0.3556,14,0.3500,0.7143,7,8,8,0,0,8,8,0.0000
4,296.0000,1,40,659.9222,-85.7672,0.3967,11,0.2750,0.8750,8,6,6,0,0,6,6,0.0000
4,296.0000,1,42,867.3615,-87.4029,-0.5589,5,0.1250,1.0000,4,4,4,0,0,4,4,0.0000
4,296.0000,1,43,572.7956,-85.1505,-0.4357,7,0.1750,0.8571,7,9,8,0,0,9,8,0.1111
4,296.0000,1,44,388.7558,-81.5222,-0.5618,19,0.4750,0.8571,7,8,7,0,0,8,7,0.1250
4,296.0000,1,46,272.1796,-78.5216,-0.1723,29,0.7250,0.5000,6,7,6,0,0,7,6,0.1429
4,296.0000,1,47,674.5890,-82.9461,-0.2200,9,0.2250,0.8571,7,8,8,0,0,8,8,0.0000
4,296.0000,2,1,609.3643,-86.4707,1.0850,4,0.1000,1.0000,8,8,8,0,0,8,8,0.0000
4,296.0000,2,3,371.8488,-79.9358,-0.4140,19,0.4750,0.7143,7,7,6,0,0,7,6,0.1429
4,296.0000,2,4,916.9925,-87.2984,0.2634,4,0.1000,1.0000,7,6,6,0,0,6,6,0.0000
4,296.0000,2,5,476.0918,-84.2818,0.6854,18,0.4500,0.8571,7,7,6,0,0,7,6,0.1429
4,296.0000,2,7,534.2717,-83.1586,-0.0376,16,0.4000,0.6667,6,7,6,0,0,7,6,0.1429
4,296.0000,2,8,274.6956,-78.8463,0.0595,22,0.5500,0.5000,6,7,4,0,0,7,4,0.4286
4,296.0000,2,9,513.7234,-84.0913,-0.5776,6,0.1500,1.0000,8,8,8,0,0,8,8,0.0000
4,296.0000,2,10,547.4400,-84.3108,0.0316,8,0.2000,0.6667,6,8,8,0,0,8,8,0.0000
4,296.0000,2,11,228.6745,-76.4535,0.0543,28,0.7000,0.4000,5,5,1,2,1,7,2,0.7143
4,296.0000,2,12,786.9985,-86.3806,-0.1798,11,0.2750,1.0000,8,5,4,0,0,5,4,0.2000
4,296.0000,2,14,777.7675,-87.5667,0.9854,6,0.1500,1.0000,6,6,6,0,0,6,6,0.0000
4,296.0000,2,16,785.8013,-87.1291,0.2003,5,0.1250,1.0000,8,6,6,0,0,6,6,0.0000
4,296.0000,2,17,242.6218,-77.1717,-0.0017,34,0.8500,0.6250,8,5,1,0,0,5,1,0.8000
4,296.0000,2,18,613.2088,-85.1961,-0.0836,12,0.3000,0.8571,7,4,4,0,0,4,4,0.0000
4,296.0000,2,20,464.3774,-82.4266,0.4050,16,0.4000,0.7143,7,7,6,0,0,7,6,0.1429
4,296.0000,2,21,510.3349,-83.8859,0.0763,8,0.2000,0.6667,6,6,6,0,0,6,6,0.0000
4,296.0000,2,22,608.2430,-83.4814,-1.1361,15,0.3750,0.6667,6,8,7,0,0,8,7,0.1250
4,296.0000,2,23,630.8206,-83.5274,-0.1036,11,0.2750,1.0000,8,8,8,0,0,8,8,0.0000
4,296.0000,2,24,726.3380,-87.1340,-0.1151,6,0.1500,1.0000,8,8,8,0,0,8,8,0.0000
4,296.0000,2,25,350.4333,-80.3518,0.9658,12,0.3000,0.8750,8,7,6,0,0,7,6,0.1429
4,296.0000,2,26,806.6852,-86.1030,-0.2700,12,0.3000,1.0000,8,8,8,0,0,8,8,0.0000
4,296.0000,2,27,307.6452,-80.4701,1.5848,22,0.5500,0.7143,7,6,3,0,0,6,3,0.5000
4,296.0000,2,29,578.1189,-84.0299,0.4741,15,0.3750,0.8000,5,7,6,0,0,7,6,0.1429
4,296.0000,2,30,802.8790,-88.4235,0.9628,4,0.1000,0.8750,8,8,8,0,0,8,8,0.0000
4,296.0000,2,31,671.9542,-87.3670,-1.1396,6,0.1500,1.0000,2,6,6,0,0,6,6,0.0000
4,296.0000,2,32,636.0522,-86.1113,-0.3202,7,0.1750,1.0000,8,8,8,0,0,8,8,0.0000
4,296.0000,2,33,427.4222,-82.2692,-0.5237,20,0.5000,0.6667,12,7,6,0,0,7,6,0.1429
4,296.0000,2,34,462.8204,-83.4730,-0.4067,19,0.4750,0.5000,6,7,6,0,0,7,6,0.1429
4,296.0000,2,35,798.3736,-86.5956,0.6463,11,0.2750,0.7500,8,2,2,0,0,2,2,0.0000
4,296.0000,2,36,767.3695,-87.6938,-0.6045,4,0.1000,1.0000,8,8,8,0,0,8,8,0.0000
4,296.0000,2,37,323.4335,-79.4039,-0.2517,19,0.4750,0.7143,7,6,3,0,0,6,3,0.5000
4,296.0000,2,38,921.7049,-87.7570,0.3706,4,0.1000,1.0000,6,8,8,0,0,8,8,0.0000
4,296.0000,2,41,430.6461,-81.5878,0.0365,19,0.4750,0.8750,8,8,7,0,0,8,7,0.1250
4,296.0000,2,43,170.3586,-75.3862,0.0321,31,0.7750,0.2000,5,4,0,0,0,4,0,1.0000
4,296.0000,2,44,380.9346,-82.7657,0.9105,9,0.2250,0.7500,8,9,7,0,0,9,7,0.2222
4,296.0000,2,45,680.4047,-84.6357,-0.8583,16,0.4000,0.7143,7,8,8,0,0,8,8,0.0000
4,296.0000,2,46,869.1827,-87.2111,-1.0011,4,0.1000,1.0000,6,4,4,0,0,4,4,0.0000
4,296.0000,3,2,371.8488,-80.3202,-0.9197,12,0.3000,0.6667,6,8,8,0,0,8,8,0.0000
4,296.0000,3,7,489.2979,-82.8002,-0.0857,8,0.2000,0.9000,10,8,8,0,0,8,8,0.0000
4,296.0000,3,8,403.7453,-80.7372,0.2238,9,0.2250,1.0000,8,7,5,0,0,7,5,0.2857
4,296.0000,3,9,604.6141,-84.7571,-2.6984,3,0.0750,1.0000,8,10,9,0,0,10,9,0.1000
4,296.0000,3,10,746.8999,-83.8307,-0.3295,3,0.0750,0.8571,7,8,8,0,0,8,8,0.0000
4,296.0000,3,11,321.0692,-78.0584,-0.5803,12,0.3000,0.8750,8,7,5,0,0,7,5,0.2857
4,296.0000,3,12,683.5466,-85.2048,0.6597,7,0.1750,1.0000,8,6,6,0,0,6,6,0.0000
4,296.0000,3,17,572.8217,-83.4612,0.2777,11,0.2750,0.8571,7,7,6,0,0,7,6,0.1429
4,296.0000,3,20,148.0728,-71.9723,-0.5363,38,0.9500,0.0000,4,5,1,0,0,5,1,0.8000
4,296.0000,3,21,337.5755,-81.3321,1.0021,15,0.3750,1.0000,8,6,3,0,0,6,3,0.5000
4,296.0000,3,22,258.9700,-75.2300,-0.8799,35,0.8750,0.6667,6,6,3,0,0,6,3,0.5000
4,296.0000,3,23,279.5749,-77.0688,-0.8285,30,0.7500,0.1667,6,6,4,0,0,6,4,0.3333
4,296.0000,3,24,526.3597,-83.0764,0.2733,8,0.2000,0.8750,8,8,8,0,0,8,8,0.0000
4,296.0000,3,25,326.9322,-80.1379,0.5694,9,0.2250,0.7143,7,6,3,0,0,6,3,0.5000
4,296.0000,3,26,817.2494,-85.6411,-0.2101,7,0.1750,1.0000,4,6,6,0,0,6,6,0.0000
4,296.0000,3,27,665.6430,-84.7466,0.5973,4,0.1000,0.6667,6,8,8,0,0,8,8,0.0000
4,296.0000,3,29,552.8854,-83.5263,-0.7484,6,0.1500,0.3333,3,6,4,0,0,6,4,0.3333
4,296.0000,3,32,308.8528,-79.6316,0.7376,21,0.5250,0.7143,7,8,6,0,0,8,6,0.2500
4,296.0000,3,33,459.1864,-82.0035,-0.3248,7,0.1750,1.0000,8,8,7,0,0,8,7,0.1250
4,296.0000,3,35,774.2341,-84.4262,2.5174,3,0.0750,1.0000,8,4,4,0,0,4,4,0.0000
4,296.0000,3,37,459.4047,-83.2826,-0.1866,8,0.2000,0.4000,5,7,6,0,0,7,6,0.1429
4,296.0000,3,41,615.4566,-84.5803,-0.0262,5,0.1250,1.0000,8,8,8,0,0,8,8,0.0000
4,296.0000,3,43,523.9925,-82.8209,0.6494,5,0.1250,0.8750,8,8,7,0,0,8,7,0.1250
4,296.0000,3,45,654.7301,-84.0484,-1.4278,9,0.2250,1.0000,8,4,4,0,0,4,4,0.0000
4,296.0000,4,0,514.1435,-83.4854,0.7850,10,0.2500,0.7143,7,8,8,0,0,8,8,0.0000
4,296.0000,4,1,582.2819,-84.5439,0.2475,3,0.0750,1.0000,8,8,8,0,0,8,8,0.0000
4,296.0000,4,6,584.0013,-83.3519,0.0394,8,0.2000,1.0000,8,8,8,0,0,8,8,0.0000
4,296.0000,4,9,570.3504,-84.4396,0.1118,5,0.1250,1.0000,8,8,8,0,0,8,8,0.0000
4,296.0000,4,13,544.0917,-82.6932,-0.8099,8,0.2000,0.6667,6,8,8,0,0,8,8,0.0000
4,296.0000,4,15,706.0257,-86.1649,0.7011,6,0.1500,0.8000,5,7,6,0,0,7,6,0.1429
4,296.0000,4,16,243.8645,-77.6889,0.8189,22,0.5500,0.8750,8,6,4,0,0,6,4,0.3333
4,296.0000,4,20,828.6207,-86.9595,1.2385,4,0.1000,1.0000,8,6,6,0,0,6,6,0.0000
4,296.0000,4,21,459.3822,-82.0638,-0.9827,7,0.1750,0.8750,8,8,8,0,0,8,8,0.0000
4,296.0000,4,23,730.8397,-84.5726,0.7237,4,0.1000,1.0000,8,8,8,0,0,8,8,0.0000
4,296.0000,4,24,532.6215,-83.3203,0.7873,5,0.1250,0.8571,7,8,7,0,0,8,7,0.1250
4,296.0000,4,28,457.9556,-82.5659,0.5989,6,0.1500,0.8571,7,8,8,0,0,8,8,0.0000
4,296.0000,4,30,619.1444,-85.9867,0.9071,4,0.1000,1.0000,8,8,7,0,0,8,7,0.1250
4,296.0000,4,36,588.5768,-84.4240,2.7063,4,0.1000,1.0000,8,8,8,0,0,8,8,0.0000
4,296.0000,4,40,568.3018,-85.8714,0.6852,4,0.1000,0.8750,8,8,8,0,0,8,8,0.0000
4,296.0000,4,42,386.8593,-81.2016,0.0615,20,0.5000,0.5000,6,8,8,0,0,8,8,0.0000
4,296.0000,4,46,646.0295,-85.4919,0.0904,5,0.1250,0.8750,8,8,7,0,0,8,7,0.1250
4,296.0000,4,47,450.9393,-81.7624,-0.1637,13,0.3250,1.0000,8,8,8,0,0,8,8,0.0000
4,296.0000,5,2,476.0918,-82.5607,2.3144,4,0.1000,0.8571,7,6,3,0,0,6,3,0.5000
4,296.0000,5,7,612.2946,-84.6128,-0.2395,6,0.1500,1.0000,8,7,6,0,0,7,6,0.1429
4,296.0000,5,11,566.1201,-86.5648,2.5153,3,0.0750,0.8571,7,7,6,0,0,7,6,0.1429
4,296.0000,5,17,495.7731,-81.9854,0.0576,7,0.1750,0.8571,7,8,8,0,0,8,8,0.0000
4,296.0000,5,18,184.7306,-67.8350,-4.0137,32,0.8000,0.0000,4,6,3,0,0,6,3,0.5000
4,296.0000,5,26,780.1093,-86.5371,-0.1541,8,0.2000,1.0000,8,8,8,0,0,8,8,0.0000
4,296.0000,5,27,265.1580,-79.9906,0.5630,21,0.5250,0.4000,5,6,3,0,0,6,3,0.5000
4,296.0000,5,29,642.5970,-85.6256,0.0986,5,0.1250,0.8571,7,8,8,0,0,8,8,0.0000
4,296.0000,5,33,505.6615,-83.6532,1.8819,6,0.1500,1.0000,8,7,6,0,0,7,6,0.1429
4,296.0000,5,34,299.2010,-80.1460,0.2701,20,0.5000,0.6667,6,7,5,0,0,7,5,0.2857
4,296.0000,5,35,787.2364,-85.6920,0.6056,8,0.2000,0.8571,7,8,8,0,0,8,8,0.0000
4,296.0000,5,37,524.0960,-84.2927,-1.2073,4,0.1000,1.0000,8,8,8,0,0,8,8,0.0000
4,296.0000,5,41,373.0583,-81.5161,-1.0961,18,0.4500,1.0000,8,7,5,0,0,7,5,0.2857
4,296.0000,5,43,393.6173,-81.3573,0.2401,6,0.1500,0.8571,7,8,8,0,0,8,8,0.0000
4,296.0000,5,44,609.9216,-85.2867,0.5251,3,0.0750,1.0000,8,8,8,0,0,8,8,0.0000
4,296.0000,5,45,797.7313,-86.9471,1.7459,3,0.0750,1.0000,8,2,2,0,0,2,2,0.0000
4,296.0000,6,0,388.8108,-81.8605,0.4761,20,0.5000,0.8571,7,6,3,0,0,6,3,0.5000
4,296.0000,6,1,722.2274,-86.2704,0.6731,4,0.1000,1.0000,8,8,8,0,0,8,8,0.0000
4,296.0000,6,4,584.0013,-83.7382,0.2434,7,0.1750,1.0000,8,5,2,0,0,5,2,0.6000
4,296.0000,6,13,538.1233,-85.4887,-0.5154,6,0.1500,0.7143,7,7,6,0,0,7,6,0.1429
4,296.0000,6,15,245.5948,-79.2706,1.0424,31,0.7750,0.6667,6,4,0,0,0,4,0,1.0000
4,296.0000,6,16,512.4465,-83.0358,-1.5081,7,0.1750,0.8750,8,8,8,0,0,8,8,0.0000
4,296.0000,6,19,599.8237,-84.8065,-0.3844,17,0.4250,1.0000,8,8,7,0,0,8,7,0.1250
4,296.0000,6,21,896.9021,-88.0830,1.2004,3,0.0750,1.0000,8,8,8,0,0,8,8,0.0000
4,296.0000,6,24,611.2695,-86.1835,-1.0748,4,0.1000,1.0000,8,8,8,0,0,8,8,0.0000
4,296.0000,6,28,233.0031,-76.0884,0.8208,28,0.7000,0.6667,6,7,5,0,0,7,5,0.2857
4,296.0000,6,30,752.7698,-85.5873,-0.5081,3,0.0750,1.0000,8,8,8,0,0,8,8,0.0000
4,296.0000,6,31,698.8967,-86.4592,-1.4620,4,0.1000,1.0000,8,7,6,0,0,7,6,0.1429
4,296.0000,6,38,699.5489,-86.0519,0.3025,4,0.1000,1.0000,10,8,8,0,0,8,8,0.0000
4,296.0000,6,39,642.9848,-85.8426,0.2253,10,0.2500,0.8750,8,7,6,0,0,7,6,0.1429
4,296.0000,6,40,443.9957,-83.8628,0.4158,11,0.2750,0.8571,7,6,3,0,0,6,3,0.5000
4,296.0000,6,42,455.4577,-82.5111,-0.6037,17,0.4250,0.8571,7,8,7,0,0,8,7,0.1250
4,296.0000,6,47,220.7551,-74.7619,-0.5953,33,0.8250,0.0000,4,7,4,0,0,7,4,0.4286
4,296.0000,7,2,534.2717,-84.0013,0.6504,7,0.1750,1.0000,8,8,8,0,0,8,8,0.0000
4,296.0000,7,3,489.2979,-84.7214,0.2244,5,0.1250,1.0000,8,8,8,0,0,8,8,0.0000
4,296.0000,7,5,612.2946,-86.2400,0.6565,4,0.1000,1.0000,8,8,7,0,0,8,7,0.1250
4,296.0000,7,12,378.8454,-81.2659,0.0939,31,0.7750,0.8571,7,6,4,0,0,6,4,0.3333
4,296.0000,7,17,648.5529,-85.8081,0.5729,4,0.1000,1.0000,6,9,8,0,0,9,8,0.1111
4,296.0000,7,18,680.2746,-84.8229,0.2952,6,0.1500,1.0000,8,3,2,0,0,3,2,0.3333
4,296.0000,7,20,484.8693,-82.0864,0.6461,5,0.1250,0.8750,8,7,6,0,0,7,6,0.1429
4,296.0000,7,22,626.8316,-84.3153,-1.2947,6,0.1500,1.0000,8,8,8,0,0,8,8,0.0000
4,296.0000,7,23,659.5014,-84.6331,-0.3879,5,0.1250,0.6667,3,8,8,0,0,8,8,0.0000
4,296.0000,7,26,367.5525,-79.0324,-0.7800,31,0.7750,0.5000,6,7,4,0,0,7,4,0.4286
4,296.0000,7,29,100.0819,-69.6335,0.9867,34,0.8500,0.0000,4,4,0,0,0,4,0,1.0000
4,296.0000,7,33,123.2510,-71.3396,0.1920,34,0.8500,0.0000,4,4,0,0,0,4,0,1.0000
4,296.0000,7,34,325.3438,-80.6434,0.3255,22,0.5500,0.6667,6,6,3,0,0,6,3,0.5000
4,296.0000,7,35,312.3325,-78.0401,-0.6465,32,0.8000,0.4000,5,7,4,0,0,7,4,0.4286
4,296.0000,7,37,671.2117,-84.9068,0.6200,3,0.0750,1.0000,8,7,6,0,0,7,6,0.1429
4,296.0000,7,41,330.9611,-81.0377,-0.0789,19,0.4750,0.7500,8,8,5,0,0,8,5,0.3750
4,296.0000,7,43,647.8357,-84.6674,0.1656,5,0.1250,1.0000,8,7,6,0,0,7,6,0.1429
4,296.0000,7,45,333.4308,-79.1439,-0.0093,33,0.8250,0.5714,7,7,5,0,0,7,5,0.2857
4,296.0000,8,1,381.1649,-81.1302,1.3625,10,0.2500,0.8571,7,7,5,0,0,7,5,0.2857
4,296.0000,8,2,274.6956,-78.5009,0.1028,25,0.6250,0.3333,6,7,4,0,0,7,4,0.4286
4,296.0000,8,3,403.7453,-81.7976,0.1077,18,0.4500,0.7143,7,8,8,0,0,8,8,0.0000
4,296.0000,8,4,664.0292,-84.0284,0.2390,5,0.1250,0.8000,5,7,5,0,0,7,5,0.2857
4,296.0000,8,5,699.0725,-86.6165,0.1567,6,0.1500,0.8000,5,8,8,0,0,8,8,0.0000
4,296.0000,8,9,269.2226,-79.6961,1.0087,14,0.3500,0.6667,6,6,3,0,0,6,3,0.5000
4,296.0000,8,10,357.8680,-78.9534,-0.5486,14,0.3500,0.5714,7,8,7,0,0,8,7,0.1250
4,296.0000,8,11,240.5794,-77.7314,-0.6831,24,0.6000,0.0000,4,6,2,0,0,6,2,0.6667
4,296.0000,8,12,989.2499,-88.5165,0.6091,5,0.1250,1.0000,2,6,6,0,0,6,6,0.0000
4,296.0000,8,13,682.6801,-87.4539,-0.2224,5,0.1250,1.0000,6,8,8,0,0,8,8,0.0000
4,296.0000,8,14,583.6634,-84.3975,-0.8039,6,0.1500,1.0000,8,8,8,0,0,8,8,0.0000
4,296.0000,8,16,547.5622,-82.2953,-1.1475,7,0.1750,0.8571,7,8,8,0,0,8,8,0.0000
4,296.0000,8,17,417.8985,-82.0006,0.4401,14,0.3500,0.8571,7,8,6,0,0,8,6,0.2500
4,296.0000,8,20,512.3005,-83.1123,0.4008,13,0.3250,0.8571,7,8,8,0,0,8,8,0.0000
4,296.0000,8,21,334.4814,-78.8428,-0.6291,23,0.5750,0.6667,6,7,5,0,0,7,5,0.2857
4,296.0000,8,22,595.6847,-84.1671,-1.3305,10,0.2500,1.0000,8,8,8,0,0,8,8,0.0000
4,296.0000,8,23,604.2498,-84.6914,0.6320,10,0.2500,0.8000,5,10,10,0,0,10,10,0.0000
4,296.0000,8,24,569.5663,-83.9080,0.2299,8,0.2000,0.8571,7,8,8,0,0,8,8,0.0000
4,296.0000,8,25,190.3606,-74.2237,-0.3257,27,0.6750,0.2000,5,5,1,0,0,5,1,0.8000
4,296.0000,8,27,484.3676,-82.8881,0.1480,15,0.3750,1.0000,8,8,8,0,0,8,8,0.0000
4,296.0000,8,28,812.6800,-88.6506,-0.3124,5,0.1250,,0,8,8,0,0,8,8,0.0000
4,296.0000,8,29,813.9068,-88.5373,-0.8989,5,0.1250,1.0000,2,8,8,0,0,8,8,0.0000
4,296.0000,8,30,561.0333,-86.0691,0.3647,5,0.1250,0.8750,8,6,4,0,0,6,4,0.3333
4,296.0000,8,31,464.6635,-83.2845,-0.9511,8,0.2000,1.0000,8,8,7,0,0,8,7,0.1250
4,296.0000,8,32,652.3090,-86.3916,0.3891,9,0.2250,1.0000,4,9,8,0,0,9,8,0.1111
4,296.0000,8,33,670.7145,-86.2779,0.0042,9,0.2250,0.5000,4,5,4,0,0,5,4,0.2000
4,296.0000,8,34,721.9048,-87.2207,0.5424,9,0.2250,1.0000,6,7,6,0,0,7,6,0.1429
4,296.0000,8,36,521.7040,-85.1035,-0.7709,5,0.1250,0.8333,6,8,7,0,0,8,7,0.1250
4,296.0000,8,37,331.3226,-81.0024,0.8471,21,0.5250,0.6250,8,7,6,0,0,7,6,0.1429
4,296.0000,8,38,697.5546,-85.1872,-1.1886,8,0.2000,1.0000,10,7,6,0,0,7,6,0.1429
4,296.0000,8,40,967.3100,-87.5443,-3.4292,3,0.0750,1.0000,4,4,4,0,0,4,4,0.0000
4,296.0000,8,41,704.8044,-87.2762,-1.0984,6,0.1500,1.0000,6,7,6,0,0,7,6,0.1429
4,296.0000,8,43,316.5957,-80.9225,1.0003,14,0.3500,1.0000,8,7,4,0,0,7,4,0.4286
4,296.0000,8,44,289.7646,-79.7127,0.6837,16,0.4000,0.7500,8,4,0,0,0,4,0,1.0000
4,296.0000,8,46,636.6062,-85.4222,0.2970,5,0.1250,0.8750,8,7,6,0,0,7,6,0.1429
4,296.0000,8,47,887.6580,-87.3523,-0.1627,5,0.1250,1.0000,8,6,6,0,0,6,6,0.0000
4,296.0000,9,0,914.8394,-87.8806,-0.3052,7,0.1750,1.0000,4,2,2,0,0,2,2,0.0000
4,296.0000,9,1,120.6144,-70.8624,0.3560,34,0.8500,0.0000,3,4,0,0,0,4,0,1.0000
4,296.0000,9,2,513.7234,-84.6282,0.8259,11,0.2750,0.8571,7,7,6,0,0,7,6,0.1429
4,296.0000,9,3,604.6141,-85.6027,1.0891,9,0.2250,1.0000,6,8,8,0,0,8,8,0.0000
4,296.0000,9,4,570.3504,-85.7953,-0.0437,12,0.3000,0.8750,8,5,4,0,0,5,4,0.2000
4,296.0000,9,5,844.3743,-89.0929,-0.7685,4,0.1000,,0,4,4,0,0,4,4,0.0000
4,296.0000,9,6,803.8860,-87.6490,-0.2996,9,0.2250,1.0000,4,4,4,0,0,4,4,0.0000
4,296.0000,9,7,984.0750,-88.1342,1.1599,3,0.0750,,0,8,8,0,0,8,8,0.0000
4,296.0000,9,8,269.2226,-80.4369,1.5186,19,0.4750,0.8750,8,7,4,0,0,7,4,0.4286
4,296.0000,9,10,211.6969,-74.9067,0.3713,33,0.8250,0.2000,5,7,5,0,0,7,5,0.2857
4,296.0000,9,11,394.1217,-82.1228,1.9120,12,0.3000,0.8889,9,4,1,0,0,4,1,0.7500
4,296.0000,9,13,421.7334,-81.4213,0.0785,18,0.4500,0.8571,7,8,7,0,0,8,7,0.1250
4,296.0000,9,14,335.3646,-79.1039,0.2035,25,0.6250,0.5714,7,7,6,0,0,7,6,0.1429
4,296.0000,9,15,964.7123,-89.5337,-0.0972,3,0.0750,1.0000,4,2,2,0,0,2,2,0.0000
4,296.0000,9,16,435.1388,-82.6592,-0.9116,15,0.3750,0.8571,7,8,8,0,0,8,8,0.0000
4,296.0000,9,17,647.5026,-86.8542,0.4206,8,0.2000,0.8750,8,8,8,0,0,8,8,0.0000
4,296.0000,9,19,1135.3733,-88.0492,-0.4950,3,0.0750,1.0000,4,4,4,0,0,4,4,0.0000
4,296.0000,9,20,727.0583,-87.0883,0.3291,5,0.1250,1.0000,6,8,8,0,0,8,8,0.0000
4,296.0000,9,21,447.7178,-82.9934,0.1082,14,0.3500,1.0000,8,7,6,0,0,7,6,0.1429
4,296.0000,9,23,771.4625,-85.4071,0.3464,3,0.0750,1.0000,4,8,8,0,0,8,8,0.0000
4,296.0000,9,24,512.8987,-84.5027,0.4227,9,0.2250,1.0000,8,8,7,0,0,8,7,0.1250
4,296.0000,9,25,286.1135,-79.6366,0.0032,19,0.4750,0.8571,7,7,5,0,0,7,5,0.2857
4,296.0000,9,27,632.9938,-85.2689,-0.3427,12,0.3000,1.0000,8,8,8,0,0,8,8,0.0000
4,296.0000,9,28,591.4698,-85.4272,0.8190,12,0.3000,0.8571,7,6,3,0,0,6,3,0.5000
4,296.0000,9,30,313.6657,-79.2926,0.0999,27,0.6750,0.2000,5,5,2,0,0,5,2,0.6000
4,296.0000,9,31,214.8459,-75.3298,-0.2451,29,0.7250,0.0000,4,6,4,0,0,6,4,0.3333
4,296.0000,9,32,774.5392,-87.5520,0.0675,3,0.0750,1.0000,8,5,4,0,0,5,4,0.2000
4,296.0000,9,33,898.4310,-87.4998,-0.4872,3,0.0750,1.0000,2,4,4,0,0,4,4,0.0000
4,296.0000,9,34,917.3441,-87.9390,0.7063,4,0.1000,1.0000,4,6,6,0,0,6,6,0.0000
4,296.0000,9,36,272.6441,-77.5575,-0.5506,28,0.7000,0.5000,6,7,4,0,0,7,4,0.4286
4,296.0000,9,37,396.0463,-83.1973,-0.1267,15,0.3750,0.8571,7,8,7,0,0,8,7,0.1250
4,296.0000,9,38,432.9105,-80.5623,-0.2314,24,0.6000,0.6667,6,8,8,0,0,8,8,0.0000
4,296.0000,9,39,668.3985,-86.2009,-0.2063,12,0.3000,0.8571,7,4,4,8,8,12,12,0.0000
4,296.0000,9,40,730.2214,-87.9261,-0.2019,10,0.2500,1.0000,4,8,7,0,0,8,7,0.1250
4,296.0000,9,42,891.3329,-87.8010,-1.1094,6,0.1500,1.0000,4,6,6,0,0,6,6,0.0000
4,296.0000,9,43,489.4727,-84.6652,0.2588,11,0.2750,0.8750,8,8,7,0,0,8,7,0.1250
4,296.0000,9,44,313.3882,-78.9421,-0.9698,26,0.6500,0.5714,7,6,4,0,0,6,4,0.3333
4,296.0000,9,46,368.2025,-80.3042,-0.4042,24,0.6000,1.0000,8,7,6,0,0,7,6,0.1429
4,296.0000,9,47,731.6405,-85.7920,0.9586,9,0.2250,0.8750,8,8,7,0,0,8,7,0.1250
4,296.0000,10,0,1045.7211,-88.2049,-0.4246,3,0.0750,,0,4,4,0,0,4,4,0.0000
4,296.0000,10,1,254.2875,-78.1851,0.9042,20,0.5000,0.5714,7,5,1,0,0,5,1,0.8000
4,296.0000,10,2,547.4400,-83.5779,-0.2261,7,0.1750,0.8750,8,8,8,0,0,8,8,0.0000
4,296.0000,10,3,746.8999,-87.0040,-0.3656,6,0.1500,1.0000,8,8,7,0,0,8,7,0.1250
4,296.0000,10,4,738.6730,-86.6288,0.5153,9,0.2250,1.0000,8,8,8,0,0,8,8,0.0000
4,296.0000,10,5,800.1080,-87.7573,0.5305,7,0.1750,1.0000,6,4,4,0,0,4,4,0.0000
4,296.0000,10,8,357.8680,-80.7696,-0.7375,18,0.4500,1.0000,8,8,8,0,0,8,8,0.0000
4,296.0000,10,9,211.6969,-73.8785,-0.4170,33,0.8250,0.4000,5,7,5,0,0,7,5,0.2857
4,296.0000,10,11,492.3952,-83.7545,0.2613,7,0.1750,0.8571,7,9,7,0,0,9,7,0.2222
4,296.0000,10,13,486.2731,-83.6158,0.3449,12,0.3000,1.0000,6,8,6,0,0,8,6,0.2500
4,296.0000,10,14,387.1843,-81.8806,-0.4580,22,0.5500,0.7143,7,7,6,0,0,7,6,0.1429
4,296.0000,10,16,635.5053,-85.6181,-0.6411,9,0.2250,1.0000,8,6,6,0,0,6,6,0.0000
4,296.0000,10,17,613.8690,-83.8079,-0.3960,8,0.2000,1.0000,8,7,6,0,0,7,6,0.1429
4,296.0000,10,18,949.1989,-88.5537,2.1025,4,0.1000,1.0000,6,4,4,0,0,4,4,0.0000
4,296.0000,10,21,619.3252,-85.5087,-0.5378,11,0.2750,1.0000,8,6,6,0,0,6,6,0.0000
4,296.0000,10,23,940.5703,-88.2582,-0.1490,4,0.1000,0.7500,4,6,6,0,0,6,6,0.0000
4,296.0000,10,24,718.1939,-85.6804,-0.1250,8,0.2000,0.8571,7,8,8,0,0,8,8,0.0000
4,296.0000,10,25,447.7863,-81.8957,-1.5521,11,0.2750,0.8000,10,4,2,0,0,4,2,0.5000
4,296.0000,10,27,567.9742,-83.4927,0.5879,10,0.2500,0.8571,7,8,8,0,0,8,8,0.0000
4,296.0000,10,28,733.1314,-87.3139,1.2990,8,0.2000,1.0000,8,7,6,0,0,7,6,0.1429
4,296.0000,10,30,293.4274,-80.6274,1.1412,18,0.4500,0.8571,7,4,0,0,0,4,0,1.0000
4,296.0000,10,31,301.8636,-79.4877,-0.3961,20,0.5000,0.5714,7,5,2,0,0,5,2,0.6000
4,296.0000,10,32,947.0316,-88.2103,1.2276,6,0.1500,1.0000,6,6,6,0,0,6,6,0.0000
4,296.0000,10,36,273.8401,-80.4811,0.9509,19,0.4750,0.6667,6,5,1,0,0,5,1,0.8000
4,296.0000,10,37,464.5479,-82.5610,-0.3151,14,0.3500,1.0000,8,7,5,0,0,7,5,0.2857
4,296.0000,10,38,416.1448,-81.7812,0.7006,16,0.4000,0.5000,6,6,3,0,0,6,3,0.5000
4,296.0000,10,39,668.8485,-87.3859,0.4503,8,0.2000,1.0000,6,6,6,0,0,6,6,0.0000
4,296.0000,10,40,807.2463,-86.7365,1.0892,5,0.1250,,0,4,4,0,0,4,4,0.0000
4,296.0000,10,41,944.5740,-88.6724,0.6045,3,0.0750,1.0000,4,4,4,0,0,4,4,0.0000
4,296.0000,10,42,1072.1752,-88.1466,-1.2540,3,0.0750,1.0000,2,6,6,0,0,6,6,0.0000
4,296.0000,10,43,464.3104,-83.4366,1.2650,10,0.2500,1.0000,6,8,7,0,0,8,7,0.1250
4,296.0000,10,44,204.7244,-71.2400,-2.5724,34,0.8500,0.2000,5,6,4,0,0,6,4,0.3333
4,296.0000,10,45,1224.1726,-88.0815,-1.4202,3,0.0750,1.0000,2,2,2,0,0,2,2,0.0000
4,296.0000,10,46,389.4415,-83.7213,-0.0465,13,0.3250,0.8750,8,8,7,0,0,8,7,0.1250
4,296.0000,10,47,916.0667,-87.3804,0.2275,7,0.1750,1.0000,10,2,2,0,0,2,2,0.0000
4,296.0000,11,1,461.7943,-84.6968,-0.5552,6,0.1500,1.0000,8,8,8,0,0,8,8,0.0000
4,296.0000,11,2,228.6745,-76.4424,0.2215,30,0.7500,0.6667,6,7,5,0,0,7,5,0.2857
4,296.0000,11,3,321.0692,-80.1169,-0.0178,18,0.4500,0.8750,8,8,6,0,0,8,6,0.2500
4,296.0000,11,4,799.7285,-87.0376,-0.4106,5,0.1250,1.0000,4,6,5,0,0,6,5,0.1667
4,296.0000,11,5,566.1201,-84.8760,0.2580,10,0.2500,0.8750,8,7,6,0,0,7,6,0.1429
4,296.0000,11,6,1044.8010,-88.1361,0.7645,4,0.1000,1.0000,4,4,4,0,0,4,4,0.0000
4,296.0000,11,7,596.9258,-84.6366,-0.2271,11,0.2750,1.0000,6,6,6,0,0,6,6,0.0000
4,296.0000,11,8,240.5794,-77.0648,0.1787,29,0.7250,0.7143,7,7,4,0,0,7,4,0.4286
4,296.0000,11,9,394.1217,-81.3971,2.6070,8,0.2000,1.0000,6,8,5,0,0,8,5,0.3750
4,296.0000,11,10,492.3952,-81.7412,0.2531,9,0.2250,0.8571,7,8,6,0,0,8,6,0.2500
4,296.0000,11,12,891.1182,-86.6858,-0.1618,3,0.0750,1.0000,8,8,8,0,0,8,8,0.0000
4,296.0000,11,13,791.3271,-88.1683,-0.8298,4,0.1000,1.0000,4,8,8,0,0,8,8,0.0000
4,296.0000,11,14,610.3602,-85.0333,0.7099,6,0.1500,1.0000,8,7,6,0,0,7,6,0.1429
4,296.0000,11,16,624.5214,-86.7788,-0.7323,4,0.1000,0.8571,7,3,2,0,0,3,2,0.3333
4,296.0000,11,17,462.4951,-82.8397,-0.8618,14,0.3500,0.8333,6,6,3,0,0,6,3,0.5000
4,296.0000,11,18,736.3875,-85.3505,-0.7724,9,0.2250,0.7500,4,4,4,0,0,4,4,0.0000
4,296.0000,11,20,461.5585,-82.7267,-0.6809,13,0.3250,1.0000,8,8,8,0,0,8,8,0.0000
4,296.0000,11,21,436.2680,-81.4824,0.0470,11,0.2750,0.8750,8,7,5,0,0,7,5,0.2857
4,296.0000,11,22,569.0123,-83.3427,-0.7488,10,0.2500,1.0000,8,7,5,0,0,7,5,0.2857
4,296.0000,11,23,582.4950,-84.0908,-0.2937,10,0.2500,1.0000,4,6,6,0,0,6,6,0.0000
4,296.0000,11,24,520.0807,-83.0147,-0.7223,7,0.1750,0.5714,7,7,6,0,0,7,6,0.1429
4,296.0000,11,25,179.1992,-75.6002,1.1571,25,0.6250,0.6667,6,5,1,0,0,5,1,0.8000
4,296.0000,11,26,929.6039,-87.0166,-0.7182,4,0.1000,1.0000,8,2,2,0,0,2,2,0.0000
4,296.0000,11,27,431.1147,-81.8398,-0.3462,16,0.4000,0.7143,7,7,5,0,0,7,5,0.2857
4,296.0000,11,29,669.5823,-84.9497,0.0029,12,0.3000,1.0000,4,8,8,0,0,8,8,0.0000
4,296.0000,11,30,702.0083,-84.1663,0.1778,4,0.1000,1.0000,6,8,8,0,0,8,8,0.0000
4,296.0000,11,31,511.1253,-83.7439,-1.0681,10,0.2500,1.0000,8,8,8,0,0,8,8,0.0000
4,296.0000,11,32,508.5927,-83.4334,0.8035,12,0.3000,0.8750,8,8,8,0,0,8,8,0.0000
4,296.0000,11,33,514.6302,-84.2132,0.1526,15,0.3750,0.7500,8,8,7,0,0,8,7,0.1250
4,296.0000,11,34,549.5276,-84.2838,0.0419,11,0.2750,1.0000,8,8,7,0,0,8,7,0.1250
4,296.0000,11,36,663.4961,-86.0528,0.4031,5,0.1250,1.0000,8,8,8,0,0,8,8,0.0000
4,296.0000,11,37,150.3136,-75.1392,0.8577,30,0.7500,0.2000,5,4,0,0,0,4,0,1.0000
4,296.0000,11,38,792.3846,-88.2305,-0.5551,5,0.1250,1.0000,8,8,8,0,0,8,8,0.0000
4,296.0000,11,41,586.1017,-84.0523,-0.0635,11,0.2750,1.0000,8,7,5,0,0,7,5,0.2857
4,296.0000,11,43,282.3262,-78.4983,-0.2944,28,0.7000,0.2000,5,4,0,0,0,4,0,1.0000
4,296.0000,11,44,386.9250,-82.1754,0.3735,14,0.3500,0.8571,7,7,5,0,0,7,5,0.2857
4,296.0000,11,46,731.2426,-87.1144,0.4251,5,0.1250,1.0000,8,4,4,0,0,4,4,0.0000
4,296.0000,11,47,918.8556,-86.8112,-0.9831,3,0.0750,0.8571,7,2,2,0,0,2,2,0.0000
4,296.0000,12,2,786.9985,-87.3514,-0.7582,5,0.1250,1.0000,8,8,8,0,0,8,8,0.0000
4,296.0000,12,3,683.5466,-86.2673,0.2811,5,0.1250,1.0000,8,8,8,0,0,8,8,0.0000
4,296.0000,12,5,927.3240,-87.4933,-0.7780,5,0.1250,1.0000,8,8,8,0,0,8,8,0.0000
4,296.0000,12,7,378.8454,-80.0853,-0.0867,21,0.5250,0.7143,7,7,5,0,0,7,5,0.2857
4,296.0000,12,11,891.1182,-89.0847,0.0981,4,0.1000,1.0000,6,8,8,0,0,8,8,0.0000
4,296.0000,12,17,832.3850,-87.3061,0.0381,4,0.1000,1.0000,8,10,10,0,0,10,10,0.0000
4,296.0000,12,20,593.1740,-85.4652,0.2237,7,0.1750,1.0000,8,5,4,0,0,5,4,0.2000
4,296.0000,12,22,693.3545,-87.1400,0.5215,5,0.1250,1.0000,8,8,8,0,0,8,8,0.0000
4,296.0000,12,23,726.7234,-87.1983,0.5989,6,0.1500,1.0000,6,8,8,0,0,8,8,0.0000
4,296.0000,12,26,301.7066,-79.2564,-0.7084,29,0.7250,0.8571,7,7,6,0,0,7,6,0.1429
4,296.0000,12,29,305.7502,-78.7428,0.0818,27,0.6750,0.4000,5,8,8,0,0,8,8,0.0000
4,296.0000,12,32,768.7384,-87.4067,0.2449,5,0.1250,1.0000,8,8,8,0,0,8,8,0.0000
4,296.0000,12,33,454.1782,-81.2395,-0.5267,15,0.3750,0.5714,7,8,8,0,0,8,8,0.0000
4,296.0000,12,34,654.6917,-85.8844,0.3654,6,0.1500,0.8571,7,7,6,0,0,7,6,0.1429
4,296.0000,12,35,278.1818,-78.8110,-0.0053,31,0.7750,0.0000,4,5,2,0,0,5,2,0.6000
4,296.0000,12,37,998.1106,-87.2187,1.6351,3,0.0750,1.0000,6,6,6,0,0,6,6,0.0000
4,296.0000,12,41,566.9905,-86.1268,0.6411,12,0.3000,1.0000,8,8,7,0,0,8,7,0.1250
4,296.0000,12,43,926.4713,-88.4591,0.1116,4,0.1000,1.0000,8,6,6,0,0,6,6,0.0000
4,296.0000,12,45,165.6445,-75.1549,1.0878,36,0.9000,0.0000,4,5,1,0,0,5,1,0.8000
4,296.0000,13,0,615.4357,-84.9889,-0.3825,11,0.2750,1.0000,8,3,2,0,0,3,2,0.3333
4,296.0000,13,1,336.4383,-78.3882,-0.6715,21,0.5250,0.6667,6,8,8,0,0,8,8,0.0000
4,296.0000,13,4,544.0917,-82.9338,-0.1522,8,0.2000,0.8571,7,8,8,0,0,8,8,0.0000
4,296.0000,13,6,538.1233,-83.2405,-0.8200,11,0.2750,0.7143,7,7,6,0,0,7,6,0.1429
4,296.0000,13,9,421.7334,-79.8167,-0.9224,13,0.3250,0.5000,6,8,7,0,0,8,7,0.1250
4,296.0000,13,10,486.2731,-82.9092,-0.5676,4,0.1000,1.0000,8,5,2,0,0,5,2,0.6000
4,296.0000,13,14,308.0571,-79.6932,0.0267,15,0.3750,0.8571,7,6,3,0,0,6,3,0.5000
4,296.0000,13,15,618.9046,-85.7420,0.5176,8,0.2000,0.8571,7,7,6,0,0,7,6,0.1429
4,296.0000,13,16,473.1959,-81.8388,-0.4188,8,0.2000,1.0000,8,8,8,0,0,8,8,0.0000
4,296.0000,13,19,719.6854,-86.4182,0.1213,7,0.1750,1.0000,6,8,8,0,0,8,8,0.0000
4,296.0000,13,28,313.2596,-78.8982,0.5318,27,0.6750,0.7143,7,7,6,0,0,7,6,0.1429
4,296.0000,13,30,224.9699,-76.5005,0.1604,29,0.7250,0.4000,5,6,2,0,0,6,2,0.6667
4,296.0000,13,31,319.9271,-79.3442,-0.1914,21,0.5250,0.6667,6,6,4,0,0,6,4,0.3333
4,296.0000,13,36,227.4002,-74.7838,-1.0077,26,0.6500,0.3333,6,7,3,0,0,7,3,0.5714
4,296.0000,13,38,198.7427,-77.7367,0.1801,27,0.6750,0.2000,5,6,2,0,0,6,2,0.6667
4,296.0000,13,39,312.5734,-80.5399,0.6446,30,0.7500,0.0000,4,6,4,0,0,6,4,0.3333
4,296.0000,13,40,339.9978,-80.7177,0.4593,25,0.6250,0.7143,7,8,8,0,0,8,8,0.0000
4,296.0000,13,42,751.8393,-86.4880,-1.8417,4,0.1000,1.0000,8,8,8,0,0,8,8,0.0000
4,296.0000,13,46,144.1478,-69.9692,-1.3821,34,0.8500,0.2308,13,4,0,0,0,4,0,1.0000
4,296.0000,13,47,580.5951,-82.3383,-0.5468,10,0.2500,0.8571,7,7,5,0,0,7,5,0.2857
4,296.0000,14,1,218.2983,-76.6292,0.1692,29,0.7250,0.5000,6,7,4,0,0,7,4,0.4286
4,296.0000,14,4,713.7273,-86.5196,-0.1604,4,0.1000,1.0000,4,8,8,0,0,8,8,0.0000
4,296.0000,14,6,672.0398,-85.5366,0.5598,5,0.1250,1.0000,8,8,8,0,0,8,8,0.0000
4,296.0000,14,8,583.6634,-85.5792,1.0488,9,0.2250,1.0000,8,8,8,0,0,8,8,0.0000
4,296.0000,14,9,335.3646,-78.5812,0.5459,19,0.4750,0.6667,6,7,6,0,0,7,6,0.1429
4,296.0000,14,10,387.1843,-80.6217,-0.0776,18,0.4500,0.7500,8,7,5,0,0,7,5,0.2857
4,296.0000,14,11,610.3602,-84.8679,0.5118,4,0.1000,1.0000,8,8,7,0,0,8,7,0.1250
4,296.0000,14,13,308.0571,-79.8713,0.4568,19,0.4750,1.0000,8,6,4,0,0,6,4,0.3333
4,296.0000,14,15,816.8101,-87.8858,-0.1779,6,0.1500,1.0000,4,7,6,0,0,7,6,0.1429
4,296.0000,14,16,544.8084,-85.6818,0.6597,9,0.2250,1.0000,8,7,6,0,0,7,6,0.1429
4,296.0000,14,21,727.5068,-87.4989,0.5641,5,0.1250,1.0000,8,6,6,0,0,6,6,0.0000
4,296.0000,14,24,572.9791,-84.9797,1.4698,9,0.2250,1.0000,8,8,7,0,0,8,7,0.1250
4,296.0000,14,25,533.2363,-84.0785,0.2677,9,0.2250,0.8750,8,8,8,0,0,8,8,0.0000
4,296.0000,14,27,820.1194,-87.3050,-0.2764,3,0.0750,1.0000,4,6,6,0,0,6,6,0.0000
4,296.0000,14,28,481.0877,-84.2514,0.6955,13,0.3250,0.8333,6,7,6,0,0,7,6,0.1429
4,296.0000,14,30,315.9142,-79.4526,0.4538,27,0.6750,0.7500,8,7,4,2,2,9,6,0.3333
4,296.0000,14,31,121.7127,-72.9734,0.8358,32,0.8000,0.0000,4,4,0,0,0,4,0,1.0000
4,296.0000,14,36,304.7800,-79.6696,0.3767,23,0.5750,0.7143,7,6,3,0,0,6,3,0.5000
4,296.0000,14,37,535.1525,-84.3857,-0.2479,10,0.2500,1.0000,8,7,6,0,0,7,6,0.1429
4,296.0000,14,38,249.7034,-76.3500,-0.8462,35,0.8750,0.3333,6,7,5,0,0,7,5,0.2857
4,296.0000,14,39,414.3344,-82.8210,0.4736,19,0.4750,1.0000,8,7,4,0,0,7,4,0.4286
4,296.0000,14,40,629.0011,-85.1475,-0.4082,12,0.3000,1.0000,8,7,6,0,0,7,6,0.1429
4,296.0000,14,42,929.4954,-87.0637,-1.4178,3,0.0750,1.0000,4,6,6,0,0,6,6,0.0000
4,296.0000,14,43,715.5532,-86.3162,0.9672,5,0.1250,1.0000,8,8,8,0,0,8,8,0.0000
4,296.0000,14,44,529.4002,-82.3312,-1.2121,17,0.4250,1.0000,8,8,8,0,0,8,8,0.0000
4,296.0000,14,46,206.9505,-77.7787,1.4685,32,0.8000,0.5000,6,5,1,14,1,19,2,0.8947
4,296.0000,14,47,683.0584,-85.9204,-0.7312,11,0.2750,1.0000,8,7,6,0,0,7,6,0.1429
4,296.0000,15,0,304.3933,-79.2557,0.2147,32,0.8000,0.7500,8,5,1,0,0,5,1,0.8000
4,296.0000,15,4,706.0257,-86.4357,1.2311,4,0.1000,1.0000,8,6,6,0,0,6,6,0.0000
4,296.0000,15,6,245.5948,-80.1898,1.0379,22,0.5500,0.7500,8,6,3,0,0,6,3,0.5000
4,296.0000,15,9,964.7123,-88.9733,0.7713,4,0.1000,1.0000,8,6,6,0,0,6,6,0.0000
4,296.0000,15,13,618.9046,-85.5876,-2.2238,6,0.1500,1.0000,8,8,8,0,0,8,8,0.0000
4,296.0000,15,14,816.8101,-86.8878,1.9706,4,0.1000,1.0000,8,8,8,0,0,8,8,0.0000
4,296.0000,15,16,701.1441,-88.1629,2.9093,3,0.0750,1.0000,10,8,8,0,0,8,8,0.0000
4,296.0000,15,19,388.8819,-79.6514,-1.1040,36,0.9000,0.6667,6,7,6,0,0,7,6,0.1429
4,296.0000,15,28,377.2085,-80.2547,0.3533,22,0.5500,0.8750,8,8,8,0,0,8,8,0.0000
4,296.0000,15,30,840.7085,-86.5359,0.5186,3,0.0750,1.0000,8,8,8,0,0,8,8,0.0000
4,296.0000,15,31,855.9476,-87.6203,0.8841,4,0.1000,1.0000,8,8,8,0,0,8,8,0.0000
4,296.0000,15,36,839.8372,-86.7207,-0.5936,7,0.1750,1.0000,8,8,8,0,0,8,8,0.0000
4,296.0000,15,38,773.6657,-87.6804,0.8744,6,0.1500,1.0000,8,8,7,0,0,8,7,0.1250
4,296.0000,15,39,655.8800,-85.3730,-1.7145,7,0.1750,0.8750,8,8,8,0,0,8,8,0.0000
4,296.0000,15,40,387.1072,-81.0321,0.3680,20,0.5000,0.8750,8,8,8,0,0,8,8,0.0000
4,296.0000,15,42,543.4280,-84.4774,-0.2859,10,0.2500,1.0000,8,8,8,0,0,8,8,0.0000
4,296.0000,15,46,741.2988,-84.4276,1.3951,6,0.1500,1.0000,8,8,8,0,0,8,8,0.0000
4,296.0000,15,47,438.4039,-84.1131,-0.4481,10,0.2500,1.0000,8,6,4,0,0,6,4,0.3333
4,296.0000,16,0,611.3120,-85.2057,0.4351,8,0.2000,0.8333,6,7,6,0,0,7,6,0.1429
4,296.0000,16,1,427.0999,-80.3525,-0.7842,9,0.2250,1.0000,8,8,8,0,0,8,8,0.0000
4,296.0000,16,3,640.8747,-84.5900,2.0264,3,0.0750,1.0000,8,7,6,0,0,7,6,0.1429
4,296.0000,16,4,243.8645,-78.2972,0.3741,31,0.7750,0.4286,7,5,2,0,0,5,2,0.6000
4,296.0000,16,6,512.4465,-83.8206,0.2345,18,0.4500,0.8571,7,8,8,0,0,8,8,0.0000
4,296.0000,16,8,547.5622,-82.7312,-1.0281,6,0.1500,0.4000,5,8,8,0,0,8,8,0.0000
4,296.0000,16,9,435.1388,-82.2799,0.9999,10,0.2500,0.7143,7,8,7,0,0,8,7,0.1250
4,296.0000,16,10,635.5053,-84.1947,1.6510,4,0.1000,0.8571,7,8,8,0,0,8,8,0.0000
4,296.0000,16,11,624.5214,-84.0971,-1.1378,3,0.0750,1.0000,8,4,4,0,0,4,4,0.0000
4,296.0000,16,13,473.1959,-81.4646,-0.5129,10,0.2500,0.7143,7,8,8,0,0,8,8,0.0000
4,296.0000,16,14,544.8084,-84.4559,-1.4103,5,0.1250,1.0000,8,8,8,0,0,8,8,0.0000
4,296.0000,16,15,701.1441,-86.7192,0.6534,5,0.1250,0.8333,6,6,6,0,0,6,6,0.0000
4,296.0000,16,21,385.9098,-78.4441,-0.5674,17,0.4250,0.8571,7,6,4,0,0,6,4,0.3333
4,296.0000,16,22,671.0868,-84.1666,-0.6355,3,0.0750,1.0000,6,8,8,0,0,8,8,0.0000
4,296.0000,16,23,649.6260,-83.9931,1.3820,5,0.1250,1.0000,6,8,8,0,0,8,8,0.0000
4,296.0000,16,24,301.5019,-79.9727,0.9717,21,0.5250,1.0000,8,6,3,0,0,6,3,0.5000
4,296.0000,16,25,449.0499,-78.8890,-1.4486,9,0.2250,0.5000,6,8,8,0,0,8,8,0.0000
4,296.0000,16,28,374.3045,-81.7296,1.0322,15,0.3750,0.0000,4,7,6,0,0,7,6,0.1429
4,296.0000,16,30,555.4671,-83.2740,-0.0104,7,0.1750,0.8750,8,7,6,0,0,7,6,0.1429
4,296.0000,16,31,474.8680,-82.1049,-1.1299,9,0.2250,0.8571,7,7,6,0,0,7,6,0.1429
4,296.0000,16,32,688.5988,-84.2625,-0.2221,6,0.1500,1.0000,8,8,8,0,0,8,8,0.0000
4,296.0000,16,36,518.2568,-81.1539,-0.5096,9,0.2250,0.9111,90,8,8,0,0,8,8,0.0000
4,296.0000,16,38,629.4935,-84.4036,0.2627,7,0.1750,1.0000,68,8,8,143,141,151,149,0.0132
4,296.0000,16,40,601.7118,-84.7563,-0.0174,8,0.2000,1.0000,4,5,4,0,0,5,4,0.2000
4,296.0000,16,42,473.9067,-83.0091,0.6049,19,0.4750,1.0000,6,7,4,0,0,7,4,0.4286
4,296.0000,16,46,544.0466,-82.6398,0.4684,8,0.2000,1.0000,8,8,8,0,0,8,8,0.0000
4,296.0000,16,47,359.1292,-80.9465,0.4452,21,0.5250,0.6667,6,6,4,0,0,6,4,0.3333
4,296.0000,17,1,753.4610,-86.6651,2.0107,3,0.0750,1.0000,8,6,6,0,0,6,6,0.0000
4,296.0000,17,2,242.6218,-76.9996,-0.0765,21,0.5250,0.6250,8,6,3,0,0,6,3,0.5000
4,296.0000,17,3,572.8217,-86.6534,-0.4983,6,0.1500,1.0000,8,7,6,0,0,7,6,0.1429
4,296.0000,17,5,495.7731,-84.6166,0.0902,12,0.3000,1.0000,8,7,5,0,0,7,5,0.2857
4,296.0000,17,7,648.5529,-84.7177,-0.0652,6,0.1500,0.8571,7,8,7,0,0,8,7,0.1250
4,296.0000,17,8,417.8985,-81.5120,0.0833,8,0.2000,1.0000,8,6,4,0,0,6,4,0.3333
4,296.0000,17,9,647.5026,-85.1504,2.9093,3,0.0750,1.0000,8,8,8,0,0,8,8,0.0000
4,296.0000,17,10,613.8690,-84.8071,-1.2968,6,0.1500,1.0000,8,7,6,0,0,7,6,0.1429
4,296.0000,17,11,462.4951,-82.3089,0.0423,12,0.3000,1.0000,8,8,8,0,0,8,8,0.0000
4,296.0000,17,14,926.3043,-88.6016,0.0806,3,0.0750,1.0000,10,4,4,0,0,4,4,0.0000
4,296.0000,17,18,572.9828,-84.0821,0.1406,16,0.4000,0.8571,7,6,6,0,0,6,6,0.0000
4,296.0000,17,20,625.3702,-85.7050,1.3860,7,0.1750,1.0000,8,8,8,0,0,8,8,0.0000
4,296.0000,17,21,664.6487,-85.5108,-2.6652,4,0.1000,1.0000,8,8,8,0,0,8,8,0.0000
4,296.0000,17,22,771.4979,-86.3803,-0.7401,4,0.1000,1.0000,8,8,8,0,0,8,8,0.0000
4,296.0000,17,23,796.4809,-87.1245,-1.2614,3,0.0750,1.0000,6,8,8,0,0,8,8,0.0000
4,296.0000,17,25,558.9595,-83.1480,-0.3060,6,0.1500,1.0000,8,8,7,0,0,8,7,0.1250
4,296.0000,17,26,823.7633,-86.9504,0.0065,9,0.2250,1.0000,8,8,8,0,0,8,8,0.0000
4,296.0000,17,27,295.8361,-79.2420,0.2483,22,0.5500,0.6667,6,5,2,0,0,5,2,0.6000
4,296.0000,17,29,657.8547,-84.6602,0.5124,9,0.2250,1.0000,8,8,8,0,0,8,8,0.0000
4,296.0000,17,32,858.9108,-87.2838,-0.7322,3,0.0750,1.0000,8,7,6,0,0,7,6,0.1429
4,296.0000,17,33,533.6734,-85.1484,-0.1820,8,0.2000,0.8750,8,8,8,0,0,8,8,0.0000
4,296.0000,17,34,538.7114,-83.4945,-0.8650,12,0.3000,1.0000,8,7,6,0,0,7,6,0.1429
4,296.0000,17,35,844.3114,-87.1811,0.3984,6,0.1500,1.0000,8,4,4,0,0,4,4,0.0000
4,296.0000,17,37,532.3019,-84.3848,-0.8545,7,0.1750,1.0000,8,7,6,0,0,7,6,0.1429
4,296.0000,17,38,1025.3101,-86.9129,0.6266,3,0.0750,1.0000,8,2,2,0,0,2,2,0.0000
4,296.0000,17,41,435.6421,-82.6128,-0.0558,18,0.4500,0.8750,8,7,6,0,0,7,6,0.1429
4,296.0000,17,43,256.2210,-76.7302,-0.2872,26,0.6500,0.5000,6,7,6,0,0,7,6,0.1429
4,296.0000,17,44,428.7595,-83.4949,0.0137,7,0.1750,1.0000,8,8,7,0,0,8,7,0.1250
4,296.0000,17,45,694.9600,-84.9405,-0.5696,9,0.2250,1.0000,8,8,8,0,0,8,8,0.0000
4,296.0000,18,2,613.2088,-84.0424,0.0783,4,0.1000,1.0000,8,8,8,0,0,8,8,0.0000
4,296.0000,18,5,184.7306,-67.4765,-3.9640,37,0.9250,0.2000,5,6,4,0,0,6,4,0.3333
4,296.0000,18,7,680.2746,-85.3821,-0.4142,8,0.2000,1.0000,8,8,8,0,0,8,8,0.0000
4,296.0000,18,17,572.9828,-84.7893,0.8236,5,0.1250,1.0000,8,8,8,0,0,8,8,0.0000
4,296.0000,18,26,758.2729,-85.8134,-0.1970,8,0.2000,0.8750,8,8,8,0,0,8,8,0.0000
4,296.0000,18,27,391.1312,-81.5450,-0.5431,14,0.3500,0.8571,7,7,6,0,0,7,6,0.1429
4,296.0000,18,29,686.0759,-85.4541,0.4119,7,0.1750,1.0000,8,8,8,0,0,8,8,0.0000
4,296.0000,18,33,582.0088,-83.3842,-0.3112,10,0.2500,1.0000,8,8,8,0,0,8,8,0.0000
4,296.0000,18,34,367.5592,-80.0374,0.3590,22,0.5500,0.6667,6,8,8,0,0,8,8,0.0000
4,296.0000,18,35,784.5389,-84.4604,-0.7081,5,0.1250,1.0000,4,6,6,0,0,6,6,0.0000
4,296.0000,18,37,705.8823,-84.5975,-1.3430,4,0.1000,1.0000,8,8,8,0,0,8,8,0.0000
4,296.0000,18,41,397.1298,-80.7739,-0.2475,22,0.5500,0.8571,7,8,7,0,0,8,7,0.1250
4,296.0000,18,43,539.6206,-84.4008,-0.0332,8,0.2000,0.8571,7,8,8,0,0,8,8,0.0000
4,296.0000,18,45,810.0813,-86.0525,-1.2222,5,0.1250,1.0000,8,6,6,0,0,6,6,0.0000
4,296.0000,19,0,548.3237,-82.3190,-0.2496,17,0.4250,0.8750,8,8,8,0,0,8,8,0.0000
4,296.0000,19,6,599.8237,-86.2048,0.6454,9,0.2250,0.8571,7,8,8,0,0,8,8,0.0000
4,296.0000,19,13,719.6854,-86.4955,1.5875,4,0.1000,1.0000,8,8,8,0,0,8,8,0.0000
4,296.0000,19,14,940.9607,-88.4809,-0.2297,3,0.0750,1.0000,6,6,6,0,0,6,6,0.0000
4,296.0000,19,15,388.8819,-79.6883,-0.9311,29,0.7250,0.2000,5,8,8,0,0,8,8,0.0000
4,296.0000,19,28,633.4874,-83.9413,0.5829,11,0.2750,1.0000,8,8,8,0,0,8,8,0.0000
4,296.0000,19,30,913.2744,-88.4667,-2.5678,3,0.0750,1.0000,8,8,8,0,0,8,8,0.0000
4,296.0000,19,38,810.4051,-87.9544,-1.3244,3,0.0750,1.0000,8,8,8,0,0,8,8,0.0000
4,296.0000,19,39,610.3042,-85.0090,0.6545,9,0.2250,0.8571,7,8,8,0,0,8,8,0.0000
4,296.0000,19,40,447.8685,-82.5733,0.2266,19,0.4750,0.8571,7,7,5,0,0,7,5,0.2857
4,296.0000,19,42,889.8629,-87.4597,-0.6048,6,0.1500,1.0000,6,8,8,0,0,8,8,0.0000
4,296.0000,19,46,819.1078,-88.3250,0.9687,4,0.1000,1.0000,8,6,6,0,0,6,6,0.0000
4,296.0000,19,47,802.7045,-87.3165,-0.6803,4,0.1000,0.9000,10,8,8,0,0,8,8,0.0000
4,296.0000,20,2,464.3774,-81.3871,-0.4550,9,0.2250,0.8571,7,8,8,0,0,8,8,0.0000
4,296.0000,20,3,148.0728,-72.0476,-0.3919,37,0.9250,0.0000,5,6,3,0,0,6,3,0.5000
4,296.0000,20,4,828.6207,-85.3019,0.0506,3,0.0750,1.0000,8,4,4,0,0,4,4,0.0000
4,296.0000,20,5,855.3805,-89.0384,0.5051,3,0.0750,1.0000,4,6,6,0,0,6,6,0.0000
4,296.0000,20,7,484.8693,-83.4786,1.1918,10,0.2500,1.0000,8,6,3,0,0,6,3,0.5000
4,296.0000,20,8,512.3005,-82.7856,-0.5876,4,0.1000,0.8571,7,8,7,0,0,8,7,0.1250
4,296.0000,20,11,461.5585,-83.8912,-0.6875,8,0.2000,1.0000,8,8,7,0,0,8,7,0.1250
4,296.0000,20,12,593.1740,-84.3107,0.3226,9,0.2250,1.0000,8,7,6,0,0,7,6,0.1429
4,296.0000,20,16,724.1089,-85.0611,-0.0135,4,0.1000,1.0000,6,8,8,0,0,8,8,0.0000
4,296.0000,20,17,625.3702,-85.4070,0.4982,6,0.1500,1.0000,8,8,8,0,0,8,8,0.0000
4,296.0000,20,21,388.8809,-81.7060,0.3208,8,0.2000,1.0000,12,8,8,64,53,72,61,0.1528
4,296.0000,20,22,167.8360,-68.5793,-3.1556,37,0.9250,0.0000,4,6,2,0,0,6,2,0.6667
4,296.0000,20,23,200.6284,-71.8316,-2.1224,37,0.9250,0.0000,4,4,0,0,0,4,0,1.0000
4,296.0000,20,24,629.1497,-86.0902,-1.1822,4,0.1000,1.0000,8,8,6,0,0,8,6,0.2500
4,296.0000,20,25,461.3870,-82.8527,2.0581,6,0.1500,1.0000,8,7,6,0,0,7,6,0.1429
4,296.0000,20,26,773.6644,-86.5499,-0.8360,7,0.1750,1.0000,8,8,8,0,0,8,8,0.0000
4,296.0000,20,29,529.6105,-83.5660,0.8329,8,0.2000,0.8571,7,8,6,0,0,8,6,0.2500
4,296.0000,20,32,348.9924,-79.2074,0.3895,21,0.5250,0.7500,8,5,2,64,52,69,54,0.2174
4,296.0000,20,33,478.0631,-83.7964,0.6017,9,0.2250,1.0000,8,8,8,0,0,8,8,0.0000
4,296.0000,20,34,679.7987,-86.5953,-0.0204,4,0.1000,1.0000,8,8,8,0,0,8,8,0.0000
4,296.0000,20,35,731.7379,-86.6837,0.1839,3,0.0750,0.8750,8,6,6,0,0,6,6,0.0000
4,296.0000,20,37,603.0040,-87.4126,-0.6191,4,0.1000,1.0000,8,8,8,0,0,8,8,0.0000
4,296.0000,20,41,643.5116,-84.4255,-2.9058,3,0.0750,1.0000,6,8,8,0,0,8,8,0.0000
4,296.0000,20,43,629.7905,-85.6464,0.5316,6,0.1500,1.0000,8,8,8,0,0,8,8,0.0000
4,296.0000,20,45,585.0998,-82.9739,-1.2178,11,0.2750,1.0000,8,8,8,0,0,8,8,0.0000
4,296.0000,21,1,529.1905,-83.5712,-0.0707,4,0.1026,0.8750,8,8,8,0,0,8,8,0.0000
4,296.0000,21,2,510.3349,-87.0761,0.3981,4,0.1026,0.4000,5,7,6,0,0,7,6,0.1429
4,296.0000,21,3,337.5755,-81.3100,0.9941,11,0.2821,0.6000,5,8,6,0,0,8,6,0.2500
4,296.0000,21,4,459.3822,-81.2252,-1.2371,9,0.2308,1.0000,8,8,8,0,0,8,8,0.0000
4,296.0000,21,6,896.9021,-85.6302,-1.5332,3,0.0769,1.0000,8,2,2,0,0,2,2,0.0000
4,296.0000,21,8,334.4814,-77.1650,-0.7805,20,0.5128,0.5000,6,7,6,0,0,7,6,0.1429
4,296.0000,21,9,447.7178,-80.0116,-0.0913,4,0.1026,0.8750,8,7,6,30,27,37,33,0.1081
4,296.0000,21,10,619.3252,-85.5773,-0.3737,3,0.0769,1.0000,8,8,8,0,0,8,8,0.0000
4,296.0000,21,11,436.2680,-82.7560,0.5497,7,0.1795,1.0000,8,7,5,0,0,7,5,0.2857
4,296.0000,21,13,737.0382,-87.5509,-0.4117,3,0.0769,0.8889,9,8,8,0,0,8,8,0.0000
4,296.0000,21,14,727.5068,-86.3332,0.5540,3,0.0769,1.0000,8,8,8,0,0,8,8,0.0000
4,296.0000,21,16,385.9098,-78.5960,-0.8529,11,0.2821,0.8571,7,8,7,0,0,8,7,0.1250
4,296.0000,21,17,664.6487,-85.6647,0.1859,5,0.1282,0.8571,7,4,4,0,0,4,4,0.0000
4,296.0000,21,20,388.8809,-81.8725,0.3085,12,0.3077,0.8750,8,7,6,0,0,7,6,0.1429
4,296.0000,21,22,371.8476,-81.6428,0.5314,12,0.3077,0.6667,6,7,5,0,0,7,5,0.2857
4,296.0000,21,23,363.4052,-81.3464,0.2694,17,0.4359,1.0000,6,9,7,0,0,9,7,0.2222
4,296.0000,21,24,446.1150,-82.6782,0.0157,10,0.2564,0.8571,7,7,6,0,0,7,6,0.1429
4,296.0000,21,25,295.9001,-77.8960,-0.8220,19,0.4872,0.5000,6,7,6,0,0,7,6,0.1429
4,296.0000,21,30,699.4652,-85.2474,0.5073,3,0.0769,1.0000,8,6,6,0,0,6,6,0.0000
4,296.0000,21,32,526.2098,-83.7668,-0.2118,9,0.2308,0.8571,7,8,8,0,0,8,8,0.0000
4,296.0000,21,34,905.4051,-88.8678,-0.2952,3,0.0769,1.0000,4,3,2,0,0,3,2,0.3333
4,296.0000,21,36,655.7984,-84.1096,-0.3350,3,0.0769,1.0000,8,8,8,0,0,8,8,0.0000
4,296.0000,21,42,767.8947,-86.4543,-0.3449,6,0.1538,1.0000,6,8,8,0,0,8,8,0.0000
4,296.0000,21,43,621.5716,-83.2609,1.1483,3,0.0769,1.0000,8,8,7,0,0,8,7,0.1250
4,296.0000,21,46,754.9982,-86.4465,1.3443,4,0.1026,0.8571,7,4,4,0,0,4,4,0.0000
4,296.0000,22,1,847.5188,-88.4253,-0.4093,3,0.0750,1.0000,6,6,6,0,0,6,6,0.0000
4,296.0000,22,2,608.2430,-84.1160,-1.3028,12,0.3000,0.8750,8,8,8,0,0,8,8,0.0000
4,296.0000,22,3,258.9700,-75.5696,-0.7903,32,0.8000,0.2000,5,7,5,0,0,7,5,0.2857
4,296.0000,22,4,755.2508,-88.5890,-0.4284,5,0.1250,1.0000,8,6,6,0,0,6,6,0.0000
4,296.0000,22,6,1135.6689,-88.7693,0.1484,3,0.0750,1.0000,4,2,2,0,0,2,2,0.0000
4,296.0000,22,7,626.8316,-85.5143,0.6229,11,0.2750,1.0000,8,8,8,0,0,8,8,0.0000
4,296.0000,22,8,595.6847,-84.3782,-1.6859,7,0.1750,1.0000,8,8,8,0,0,8,8,0.0000
4,296.0000,22,10,937.2153,-87.9441,-0.8096,3,0.0750,,0,6,6,0,0,6,6,0.0000
4,296.0000,22,11,569.0123,-83.1936,0.0715,8,0.2000,1.0000,8,8,8,0,0,8,8,0.0000
4,296.0000,22,12,693.3545,-84.8240,0.6497,15,0.3750,0.8571,7,6,6,0,0,6,6,0.0000
4,296.0000,22,16,671.0868,-87.1782,0.8530,4,0.1000,1.0000,8,8,7,0,0,8,7,0.1250
4,296.0000,22,17,771.4979,-85.7500,-0.0397,7,0.1750,0.7500,8,8,8,0,0,8,8,0.0000
4,296.0000,22,20,167.8360,-68.0548,-2.7613,39,0.9750,0.2000,5,6,3,0,0,6,3,0.5000
4,296.0000,22,21,371.8476,-82.0418,1.0928,11,0.2750,0.8571,7,7,6,0,0,7,6,0.1429
4,296.0000,22,23,35.9087,-60.3586,0.7743,39,0.9750,0.0000,4,5,1,0,0,5,1,0.8000
4,296.0000,22,24,590.2901,-84.9358,0.3084,8,0.2000,1.0000,8,8,8,0,0,8,8,0.0000
4,296.0000,22,25,521.5721,-83.6653,-0.2860,7,0.1750,1.0000,8,8,8,0,0,8,8,0.0000
4,296.0000,22,26,907.1151,-88.1373,0.2101,7,0.1750,1.0000,4,6,5,0,0,6,5,0.1667
4,296.0000,22,27,911.7659,-88.9009,0.2039,6,0.1500,1.0000,2,8,8,0,0,8,8,0.0000
4,296.0000,22,29,672.2721,-85.2905,0.4156,13,0.3250,1.0000,8,7,6,0,0,7,6,0.1429
4,296.0000,22,31,918.4301,-88.8143,-1.2896,4,0.1000,1.0000,6,4,4,0,0,4,4,0.0000
4,296.0000,22,32,340.3055,-80.2466,0.7539,23,0.5750,0.8571,7,7,4,0,0,7,4,0.4286
4,296.0000,22,33,635.6283,-84.9908,-0.6491,13,0.3250,1.0000,18,8,8,0,0,8,8,0.0000
4,296.0000,22,34,839.3086,-86.8076,0.1295,6,0.1500,1.0000,8,6,6,0,0,6,6,0.0000
4,296.0000,22,35,858.6577,-85.2557,-1.7336,4,0.1000,1.0000,6,8,8,0,0,8,8,0.0000
4,296.0000,22,37,706.0158,-87.4498,-0.1557,6,0.1500,1.0000,8,8,8,0,0,8,8,0.0000
4,296.0000,22,41,810.3329,-87.1819,-0.8256,6,0.1500,0.8571,7,8,8,0,0,8,8,0.0000
4,296.0000,22,43,767.7547,-84.7781,-1.1806,8,0.2000,1.0000,8,8,8,0,0,8,8,0.0000
4,296.0000,22,44,876.8066,-89.4395,-0.1195,3,0.0750,1.0000,8,4,4,0,0,4,4,0.0000
4,296.0000,22,45,714.2035,-84.1470,-0.4188,15,0.3750,0.8571,7,6,6,0,0,6,6,0.0000
4,296.0000,22,47,932.3409,-88.4458,2.0947,3,0.0750,1.0000,8,8,8,0,0,8,8,0.0000
4,296.0000,23,2,630.8206,-84.2514,-0.8381,5,0.1250,0.9878,82,8,8,0,0,8,8,0.0000
4,296.0000,23,3,279.5749,-76.0713,-0.6431,21,0.5250,0.4286,7,8,8,0,0,8,8,0.0000
4,296.0000,23,4,730.8397,-85.7826,-0.7078,4,0.1000,1.0000,6,6,6,0,0,6,6,0.0000
4,296.0000,23,7,659.5014,-84.1705,0.1859,4,0.1000,1.0000,8,8,8,0,0,8,8,0.0000
4,296.0000,23,8,604.2498,-83.0629,-2.2462,4,0.1000,1.0000,8,8,8,0,0,8,8,0.0000
4,296.0000,23,11,582.4950,-83.7812,-0.5173,3,0.0750,1.0000,8,8,8,0,0,8,8,0.0000
4,296.0000,23,12,726.7234,-85.7433,2.1969,4,0.1000,1.0000,6,8,7,0,0,8,7,0.1250
4,296.0000,23,16,649.6260,-86.2213,0.6914,3,0.0750,0.8571,7,8,8,0,0,8,8,0.0000
4,296.0000,23,17,796.4809,-84.7668,-0.3024,3,0.0750,0.8750,8,8,8,0,0,8,8,0.0000
4,296.0000,23,20,200.6284,-72.3495,-2.3831,31,0.7750,0.2000,5,5,2,0,0,5,2,0.6000
4,296.0000,23,21,363.4052,-81.1832,-0.3724,10,0.2500,1.0000,8,8,8,0,0,8,8,0.0000
4,296.0000,23,22,35.9087,-60.2117,0.3208,34,0.8500,0.1000,10,4,0,0,0,4,0,1.0000
4,296.0000,23,24,573.0084,-83.8760,0.7965,7,0.1750,1.0000,8,8,8,0,0,8,8,0.0000
4,296.0000,23,26,942.0244,-88.1131,0.8035,3,0.0750,1.0000,8,8,8,0,0,8,8,0.0000
4,296.0000,23,31,913.7178,-88.3270,0.2829,3,0.0750,1.0000,6,4,4,0,0,4,4,0.0000
4,296.0000,23,32,342.7235,-80.7374,0.3347,19,0.4750,0.7143,7,7,4,0,0,7,4,0.4286
4,296.0000,23,35,892.6285,-86.9393,-0.1697,4,0.1000,1.0000,8,4,4,0,0,4,4,0.0000
4,296.0000,23,45,749.6922,-83.6162,-1.9645,5,0.1250,1.0000,8,8,8,0,0,8,8,0.0000
4,296.0000,24,1,495.5878,-82.6407,-0.4238,7,0.1750,1.0000,8,8,8,0,0,8,8,0.0000
4,296.0000,24,3,526.3597,-83.5674,0.2044,5,0.1250,1.0000,8,8,8,0,0,8,8,0.0000
4,296.0000,24,4,532.6215,-84.4264,-0.2162,8,0.2000,0.5000,6,8,8,0,0,8,8,0.0000
4,296.0000,24,6,611.2695,-85.5358,-0.1037,6,0.1500,1.0000,6,8,8,0,0,8,8,0.0000
4,296.0000,24,8,569.5663,-84.5246,-2.4389,3,0.0750,0.8750,8,8,8,0,0,8,8,0.0000
4,296.0000,24,9,512.8987,-83.5714,1.8278,4,0.1000,0.8571,7,8,8,0,0,8,8,0.0000
4,296.0000,24,10,718.1939,-84.9491,1.3774,3,0.0750,1.0000,8,8,8,0,0,8,8,0.0000
4,296.0000,24,11,520.0807,-81.6924,0.4391,4,0.1000,1.0000,8,8,8,0,0,8,8,0.0000
4,296.0000,24,13,648.3699,-86.2377,-0.8267,4,0.1000,1.0000,6,8,8,0,0,8,8,0.0000
4,296.0000,24,14,572.9791,-85.1588,-0.1302,3,0.0750,1.0000,8,8,8,0,0,8,8,0.0000
4,296.0000,24,15,847.5624,-86.9099,0.0477,4,0.1000,1.0000,4,6,5,0,0,6,5,0.1667
4,296.0000,24,16,301.5019,-81.3696,0.6398,7,0.1750,0.8571,7,7,4,0,0,7,4,0.4286
4,296.0000,24,21,446.1150,-81.6681,0.2398,5,0.1250,1.0000,8,8,7,0,0,8,7,0.1250
4,296.0000,24,25,393.8799,-80.6095,0.3233,7,0.1750,1.0000,8,8,8,0,0,8,8,0.0000
4,296.0000,24,28,533.7718,-85.7977,0.7845,4,0.1000,1.0000,8,8,6,0,0,8,6,0.2500
4,296.0000,24,31,515.7498,-82.6150,-0.6154,8,0.2000,0.8333,6,7,4,0,0,7,4,0.4286
4,296.0000,24,32,464.2066,-81.4644,-1.4661,14,0.3500,0.8571,7,8,8,0,0,8,8,0.0000
4,296.0000,24,36,679.6149,-84.2884,0.5465,4,0.1000,1.0000,8,7,6,0,0,7,6,0.1429
4,296.0000,24,37,550.4361,-83.8680,0.0702,6,0.1500,0.8750,8,8,8,0,0,8,8,0.0000
4,296.0000,24,39,880.9453,-87.9524,2.5269,4,0.1000,1.0000,6,6,5,0,0,6,5,0.1667
4,296.0000,24,42,655.7892,-85.0124,-0.8413,3,0.0750,1.0000,4,8,8,0,0,8,8,0.0000
4,296.0000,24,47,445.7432,-82.6138,0.0284,7,0.1750,0.8750,8,8,8,0,0,8,8,0.0000
4,296.0000,25,1,356.6871,-79.8033,-0.3175,13,0.3250,0.3333,6,8,8,0,0,8,8,0.0000
4,296.0000,25,2,350.4333,-80.9113,-0.2440,13,0.3250,0.5714,7,7,4,0,0,7,4,0.4286
4,296.0000,25,3,326.9322,-81.4593,0.5136,15,0.3750,0.7500,8,5,1,0,0,5,1,0.8000
4,296.0000,25,4,621.0663,-85.4187,-0.3634,6,0.1500,1.0000,6,5,4,0,0,5,4,0.2000
4,296.0000,25,5,739.1334,-86.7807,-4.6242,4,0.1000,1.0000,8,4,4,0,0,4,4,0.0000
4,296.0000,25,6,893.9191,-87.1679,0.4743,6,0.1500,1.0000,6,6,6,0,0,6,6,0.0000
4,296.0000,25,7,726.5065,-88.2436,-0.0063,5,0.1250,,0,7,6,0,0,7,6,0.1429
4,296.0000,25,8,190.3606,-74.6024,0.0365,28,0.7000,0.2000,5,6,2,0,0,6,2,0.6667
4,296.0000,25,9,286.1135,-79.1305,1.0010,19,0.4750,0.8571,7,7,5,0,0,7,5,0.2857
4,296.0000,25,10,447.7863,-81.2668,-0.2620,17,0.4250,0.7500,8,8,8,0,0,8,8,0.0000
4,296.0000,25,11,179.1992,-75.5413,0.6528,28,0.7000,0.5714,7,5,1,0,0,5,1,0.8000
4,296.0000,25,13,660.1350,-86.0861,0.6393,7,0.1750,1.0000,6,8,8,0,0,8,8,0.0000
4,296.0000,25,14,533.2363,-83.3189,0.0170,10,0.2500,0.6667,6,8,8,0,0,8,8,0.0000
4,296.0000,25,16,449.0499,-81.0265,-1.2066,14,0.3500,0.8571,7,8,8,0,0,8,8,0.0000
4,296.0000,25,17,558.9595,-86.2734,0.6347,5,0.1250,0.7143,7,8,8,0,0,8,8,0.0000
4,296.0000,25,20,461.3870,-84.2119,-0.3043,10,0.2500,0.8571,7,7,5,0,0,7,5,0.2857
4,296.0000,25,21,295.9001,-78.2076,0.2256,24,0.6000,0.8571,7,7,5,0,0,7,5,0.2857
4,296.0000,25,22,521.5721,-84.3052,-1.2011,14,0.3500,0.8571,7,7,5,0,0,7,5,0.2857
4,296.0000,25,23,524.9880,-82.9341,-1.0358,9,0.2250,0.7143,7,8,8,0,0,8,8,0.0000
4,296.0000,25,24,393.8799,-80.4364,-0.5388,15,0.3750,0.7500,8,8,8,0,0,8,8,0.0000
4,296.0000,25,27,574.8001,-83.8101,0.2383,13,0.3250,1.0000,2,8,8,0,0,8,8,0.0000
4,296.0000,25,28,726.1213,-85.1802,-0.2927,7,0.1750,1.0000,8,8,8,0,0,8,8,0.0000
4,296.0000,25,29,798.0756,-88.2005,1.5473,4,0.1000,1.0000,2,7,6,0,0,7,6,0.1429
4,296.0000,25,30,596.4466,-85.1045,1.4371,11,0.2750,0.8750,8,8,7,0,0,8,7,0.1250
4,296.0000,25,31,423.0392,-80.5289,-0.1937,14,0.3500,0.7143,7,8,7,0,0,8,7,0.1250
4,296.0000,25,32,502.3325,-84.6639,-0.3085,10,0.2500,0.8750,8,6,4,0,0,6,4,0.3333
4,296.0000,25,33,657.3068,-87.7167,0.5073,5,0.1250,0.5000,4,8,6,0,0,8,6,0.2500
4,296.0000,25,34,722.6215,-87.1211,0.8217,6,0.1500,1.0000,6,8,8,0,0,8,8,0.0000
4,296.0000,25,36,553.9186,-84.2426,-0.5763,11,0.2750,1.0000,8,8,8,0,0,8,8,0.0000
4,296.0000,25,37,268.6334,-79.4126,0.2617,18,0.4500,0.7500,8,3,0,0,0,3,0,1.0000
4,296.0000,25,38,698.0053,-85.9688,-0.7810,7,0.1750,0.8571,7,7,6,0,0,7,6,0.1429
4,296.0000,25,41,744.3861,-86.2708,2.1989,7,0.1750,1.0000,6,6,6,0,0,6,6,0.0000
4,296.0000,25,42,913.4004,-87.1801,-0.3662,5,0.1250,1.0000,4,4,4,0,0,4,4,0.0000
4,296.0000,25,43,410.7633,-82.1613,-0.4283,15,0.3750,0.8571,7,8,8,0,0,8,8,0.0000
4,296.0000,25,44,413.9383,-81.5664,-0.1415,15,0.3750,1.0000,8,8,7,0,0,8,7,0.1250
4,296.0000,25,46,626.0319,-86.0603,-0.1668,6,0.1500,1.0000,8,8,8,0,0,8,8,0.0000
4,296.0000,25,47,761.0548,-84.1816,-0.2421,7,0.1750,1.0000,8,4,4,0,0,4,4,0.0000
4,296.0000,26,2,806.6852,-88.6130,0.6422,3,0.0750,1.0000,8,8,8,0,0,8,8,0.0000
4,296.0000,26,5,780.1093,-85.9682,0.4975,6,0.1500,1.0000,8,8,8,0,0,8,8,0.0000
4,296.0000,26,7,367.5525,-79.1429,-0.2720,22,0.5500,0.5000,6,7,6,0,0,7,6,0.1429
4,296.0000,26,12,301.7066,-78.9766,-0.2684,31,0.7750,0.5714,7,5,2,0,0,5,2,0.6000
4,296.0000,26,17,823.7633,-87.3734,-0.5014,6,0.1500,0.8571,7,8,8,0,0,8,8,0.0000
4,296.0000,26,18,758.2729,-86.0325,-0.2730,6,0.1500,1.0000,8,6,6,0,0,6,6,0.0000
4,296.0000,26,20,773.6644,-86.2298,-0.2804,4,0.1000,0.8571,7,8,8,0,0,8,8,0.0000
4,296.0000,26,27,888.1828,-87.7982,0.7798,4,0.1000,1.0000,8,8,8,0,0,8,8,0.0000
4,296.0000,26,29,275.4769,-76.0989,-1.0296,29,0.7250,0.0000,4,7,2,0,0,7,2,0.7143
4,296.0000,26,32,909.9486,-88.0109,1.3489,3,0.0750,1.0000,8,8,8,0,0,8,8,0.0000
4,296.0000,26,33,418.9054,-80.5748,-0.9144,17,0.4250,0.7143,7,8,8,0,0,8,8,0.0000
4,296.0000,26,34,515.4774,-81.9025,-1.4066,15,0.3750,0.8571,7,8,8,0,0,8,8,0.0000
4,296.0000,26,35,98.6091,-67.1646,-0.7460,36,0.9000,0.0000,4,4,0,0,0,4,0,1.0000
4,296.0000,26,41,443.2437,-81.3727,-1.5041,13,0.3250,0.8571,7,6,3,0,0,6,3,0.5000
4,296.0000,26,43,903.5381,-87.5731,-0.0001,4,0.1000,0.8571,7,4,3,0,0,4,3,0.2500
4,296.0000,26,45,246.9470,-77.9616,-0.1524,23,0.5750,0.2000,5,4,0,0,0,4,0,1.0000
4,296.0000,27,2,307.6452,-80.2756,0.3889,13,0.3250,0.2000,5,5,2,0,0,5,2,0.6000
4,296.0000,27,3,665.6430,-85.0932,-0.5772,4,0.1000,1.0000,6,7,5,0,0,7,5,0.2857
4,296.0000,27,5,265.1580,-79.4138,1.0354,27,0.6750,0.4000,5,6,2,0,0,6,2,0.6667
4,296.0000,27,7,679.8464,-85.6530,0.5030,5,0.1250,1.0000,4,4,2,0,0,4,2,0.5000
4,296.0000,27,8,484.3676,-84.7835,0.2156,4,0.1000,1.0000,8,8,8,0,0,8,8,0.0000
4,296.0000,27,10,567.9742,-81.6053,-0.9969,4,0.1000,1.0000,8,8,8,0,0,8,8,0.0000
4,296.0000,27,11,431.1147,-83.7414,-0.4974,6,0.1500,1.0000,8,7,6,0,0,7,6,0.1429
4,296.0000,27,17,295.8361,-78.8323,0.6183,23,0.5750,0.5000,6,6,4,0,0,6,4,0.3333
4,296.0000,27,18,391.1312,-81.5368,-0.1404,22,0.5500,0.8571,7,6,4,0,0,6,4,0.3333
4,296.0000,27,21,790.4747,-85.7171,0.4567,3,0.0750,1.0000,6,6,6,0,0,6,6,0.0000
4,296.0000,27,22,911.7659,-85.7999,-2.8257,3,0.0750,1.0000,8,6,6,0,0,6,6,0.0000
4,296.0000,27,26,888.1828,-87.3985,0.7877,3,0.0750,1.0000,8,6,6,0,0,6,6,0.0000
4,296.0000,27,29,712.9182,-86.7322,1.3157,3,0.0750,1.0000,8,7,6,0,0,7,6,0.1429
4,296.0000,27,31,740.5680,-86.6911,-1.1071,3,0.0750,1.0000,4,4,4,0,0,4,4,0.0000
4,296.0000,27,33,558.2590,-86.4653,0.1594,5,0.1250,0.6000,5,7,6,0,0,7,6,0.1429
4,296.0000,27,34,447.3748,-83.7773,1.5034,9,0.2250,0.8333,6,8,8,0,0,8,8,0.0000
4,296.0000,27,35,897.5831,-87.1370,0.4823,5,0.1250,1.0000,8,8,8,0,0,8,8,0.0000
4,296.0000,27,37,411.2600,-79.7340,-1.8815,13,0.3250,0.8571,7,8,7,0,0,8,7,0.1250
4,296.0000,27,41,445.6001,-82.2549,0.1796,14,0.3500,1.0000,8,6,4,0,0,6,4,0.3333
4,296.0000,27,43,170.2773,-73.9802,0.6027,34,0.8500,0.2000,5,4,0,0,0,4,0,1.0000
4,296.0000,27,44,366.4734,-80.7185,1.5068,10,0.2500,1.0000,8,7,5,0,0,7,5,0.2857
4,296.0000,27,45,830.1718,-87.5371,-1.5314,4,0.1000,1.0000,8,6,6,0,0,6,6,0.0000
4,296.0000,28,0,414.2266,-80.9678,-0.6622,28,0.7000,0.8571,7,9,8,0,0,9,8,0.1111
4,296.0000,28,1,510.4132,-84.4066,-0.1130,6,0.1500,0.8750,8,6,4,0,0,6,4,0.3333
4,296.0000,28,4,457.9556,-82.7541,0.7117,15,0.3750,0.7143,7,8,7,0,0,8,7,0.1250
4,296.0000,28,6,233.0031,-76.3962,0.1369,33,0.8250,0.0000,4,6,4,0,0,6,4,0.3333
4,296.0000,28,9,591.4698,-86.0587,-0.2980,4,0.1000,0.8571,7,8,8,0,0,8,8,0.0000
4,296.0000,28,10,733.1314,-86.5833,-0.0711,4,0.1000,1.0000,8,8,7,0,0,8,7,0.1250
4,296.0000,28,13,313.2596,-79.3747,0.3747,18,0.4500,0.7143,7,6,4,0,0,6,4,0.3333
4,296.0000,28,14,481.0877,-83.0753,1.0424,5,0.1250,1.0000,8,8,7,0,0,8,7,0.1250
4,296.0000,28,15,377.2085,-81.1630,0.0381,29,0.7250,0.5000,6,7,6,0,0,7,6,0.1429
4,296.0000,28,16,374.3045,-82.0357,1.0724,11,0.2750,0.8750,8,6,3,0,0,6,3,0.5000
4,296.0000,28,19,633.4874,-84.6432,-0.5327,21,0.5250,1.0000,8,6,6,0,0,6,6,0.0000
4,296.0000,28,24,533.7718,-84.2527,-0.8281,8,0.2000,1.0000,8,8,8,0,0,8,8,0.0000
4,296.0000,28,25,726.1213,-86.3408,0.7309,3,0.0750,1.0000,8,8,8,0,0,8,8,0.0000
4,296.0000,28,30,521.8616,-83.5884,-0.5437,9,0.2250,0.8571,7,7,6,0,0,7,6,0.1429
4,296.0000,28,31,494.9005,-83.7560,0.8482,10,0.2500,0.5000,6,8,8,0,0,8,8,0.0000
4,296.0000,28,36,509.0100,-82.1056,-1.1473,8,0.2000,0.8750,8,8,7,0,0,8,7,0.1250
4,296.0000,28,38,488.7486,-83.8075,-0.6932,6,0.1500,1.0000,8,8,8,0,0,8,8,0.0000
4,296.0000,28,39,489.5719,-82.8959,-0.3708,15,0.3750,1.0000,8,8,8,0,0,8,8,0.0000
4,296.0000,28,40,319.3079,-79.3279,0.3411,28,0.7000,0.3333,6,8,7,0,0,8,7,0.1250
4,296.0000,28,42,503.9368,-82.0799,0.4243,16,0.4000,1.0000,8,8,7,0,0,8,7,0.1250
4,296.0000,28,44,895.0492,-88.5884,-0.1659,3,0.0750,1.0000,6,8,8,0,0,8,8,0.0000
4,296.0000,28,46,428.3593,-82.1059,-1.2111,16,0.4000,0.6667,6,8,5,0,0,8,5,0.3750
4,296.0000,28,47,287.3546,-77.9172,-0.2045,31,0.7750,0.8571,7,5,1,0,0,5,1,0.8000
4,296.0000,29,2,578.1189,-85.4100,-2.4329,3,0.0750,1.0000,8,8,7,80,79,88,86,0.0227
4,296.0000,29,3,552.8854,-82.9410,-0.2963,4,0.1000,1.0000,6,7,4,0,0,7,4,0.4286
4,296.0000,29,5,642.5970,-85.5852,-2.8132,4,0.1000,1.0000,8,8,8,0,0,8,8,0.0000
4,296.0000,29,7,100.0819,-70.1046,0.3360,35,0.8750,0.1605,81,4,0,2,0,6,0,1.0000
4,296.0000,29,11,669.5823,-84.3506,1.6447,3,0.0750,0.8571,7,8,7,60,60,68,67,0.0147
4,296.0000,29,12,305.7502,-78.6196,-0.3426,32,0.8000,0.0000,4,7,5,0,0,7,5,0.2857
4,296.0000,29,17,657.8547,-86.5281,2.0504,3,0.0750,0.8571,7,8,8,0,0,8,8,0.0000
4,296.0000,29,18,686.0759,-84.9474,0.6478,5,0.1250,1.0000,8,6,6,0,0,6,6,0.0000
4,296.0000,29,20,529.6105,-84.5712,-0.4902,6,0.1500,1.0000,8,8,8,0,0,8,8,0.0000
4,296.0000,29,22,672.2721,-85.2281,0.5013,4,0.1000,1.0000,8,8,8,0,0,8,8,0.0000
4,296.0000,29,23,706.5066,-85.1308,1.3603,3,0.0750,0.6000,5,8,8,0,0,8,8,0.0000
4,296.0000,29,26,275.4769,-76.6631,-0.8602,33,0.8250,0.2000,5,6,3,0,0,6,3,0.5000
4,296.0000,29,27,712.9182,-86.2127,-0.5062,5,0.1250,1.0000,8,6,5,0,0,6,5,0.1667
4,296.0000,29,32,649.5777,-85.1631,-0.0362,3,0.0750,1.0000,8,8,8,0,0,8,8,0.0000
4,296.0000,29,33,168.5828,-73.4274,-0.1454,33,0.8250,0.2000,5,5,2,5,0,10,2,0.8000
4,296.0000,29,34,356.3707,-80.1458,-0.3386,22,0.5500,0.5000,6,7,4,0,0,7,4,0.4286
4,296.0000,29,35,231.5372,-74.8264,-1.0764,38,0.9500,0.0000,4,4,0,0,0,4,0,1.0000
4,296.0000,29,37,748.8475,-86.5393,-1.3053,3,0.0750,1.0000,8,8,8,0,0,8,8,0.0000
4,296.0000,29,41,317.6362,-80.4792,0.2756,25,0.6250,0.5000,6,6,3,0,0,6,3,0.5000
4,296.0000,29,43,692.1299,-86.6253,-2.2514,4,0.1000,1.0000,8,8,8,0,0,8,8,0.0000
4,296.0000,29,45,243.7254,-77.2874,0.2466,29,0.7250,0.3571,14,5,1,0,0,5,1,0.8000
4,296.0000,30,0,802.1369,-86.1987,0.2325,7,0.1750,1.0000,8,4,4,0,0,4,4,0.0000
4,296.0000,30,1,268.0925,-78.5531,0.0612,21,0.5250,0.7500,8,6,3,0,0,6,3,0.5000
4,296.0000,30,2,802.8790,-86.3107,1.0003,3,0.0750,0.8750,8,8,8,0,0,8,8,0.0000
4,296.0000,30,4,619.1444,-85.7228,-0.0284,5,0.1250,0.8571,7,8,7,0,0,8,7,0.1250
4,296.0000,30,6,752.7698,-88.2683,0.7358,3,0.0750,0.8750,8,8,7,0,0,8,7,0.1250
4,296.0000,30,8,561.0333,-85.7966,-0.0464,3,0.0750,1.0000,8,8,8,0,0,8,8,0.0000
4,296.0000,30,9,313.6657,-79.3150,0.1483,17,0.4250,0.5000,6,6,4,0,0,6,4,0.3333
4,296.0000,30,10,293.4274,-79.4247,2.8720,15,0.3750,0.8571,7,4,0,0,0,4,0,1.0000
4,296.0000,30,11,702.0083,-87.9522,-0.3479,5,0.1250,0.8000,5,6,6,0,0,6,6,0.0000
4,296.0000,30,13,224.9699,-76.2174,0.2722,28,0.7000,0.4000,5,6,2,0,0,6,2,0.6667
4,296.0000,30,14,315.9142,-80.3836,0.2166,17,0.4250,0.5714,7,8,7,2,2,10,9,0.1000
4,296.0000,30,15,840.7085,-86.5129,-1.0730,5,0.1250,1.0000,8,5,4,0,0,5,4,0.2000
4,296.0000,30,16,555.4671,-86.5329,0.0789,7,0.1750,0.8750,8,7,6,0,0,7,6,0.1429
4,296.0000,30,19,913.2744,-86.9275,0.1374,4,0.1000,1.0000,6,5,4,0,0,5,4,0.2000
4,296.0000,30,21,699.4652,-86.2447,-0.0335,4,0.1000,1.0000,6,8,8,0,0,8,8,0.0000
4,296.0000,30,24,718.4822,-87.9314,1.0486,4,0.1000,1.0000,6,6,6,0,0,6,6,0.0000
4,296.0000,30,25,596.4466,-86.2952,-1.4806,3,0.0750,1.0000,8,8,8,0,0,8,8,0.0000
4,296.0000,30,27,858.3360,-87.3462,-0.7845,3,0.0750,1.0000,2,6,6,0,0,6,6,0.0000
4,296.0000,30,28,521.8616,-83.5260,-0.2876,9,0.2250,1.0000,8,6,6,0,0,6,6,0.0000
4,296.0000,30,31,282.5984,-78.8419,0.2103,19,0.4750,0.6667,6,8,6,0,0,8,6,0.2500
4,296.0000,30,36,44.4968,-67.5337,2.8367,36,0.9000,0.4000,5,5,1,0,0,5,1,0.8000
4,296.0000,30,37,675.6664,-86.6128,-0.5917,4,0.1000,1.0000,8,8,8,0,0,8,8,0.0000
4,296.0000,30,38,189.4005,-74.0548,-0.1892,35,0.8750,0.0000,4,8,5,0,0,8,5,0.3750
4,296.0000,30,39,425.8045,-81.5691,-0.4564,25,0.6250,0.8750,8,8,8,0,0,8,8,0.0000
4,296.0000,30,40,526.2569,-82.9949,-0.0555,17,0.4250,0.8750,8,7,6,0,0,7,6,0.1429
4,296.0000,30,42,908.2802,-88.1627,0.9379,4,0.1000,1.0000,6,6,6,0,0,6,6,0.0000
4,296.0000,30,44,497.0879,-83.4664,0.0310,9,0.2250,0.8000,10,8,8,0,0,8,8,0.0000
4,296.0000,30,46,162.9947,-73.6208,0.4485,32,0.8000,0.0000,3,7,2,0,0,7,2,0.7143
4,296.0000,30,47,760.9751,-87.8556,0.9614,6,0.1500,0.8571,7,6,6,0,0,6,6,0.0000
4,296.0000,31,0,871.9375,-86.8575,-1.2724,8,0.2000,1.0000,8,6,6,0,0,6,6,0.0000
4,296.0000,31,1,98.6973,-67.6778,-0.5627,35,0.8750,0.2000,5,4,0,0,0,4,0,1.0000
4,296.0000,31,3,747.4630,-85.7689,0.2673,4,0.1000,1.0000,4,8,8,0,0,8,8,0.0000
4,296.0000,31,4,642.9646,-85.4004,-0.8396,10,0.2500,1.0000,2,6,6,0,0,6,6,0.0000
4,296.0000,31,6,698.8967,-85.9688,0.6278,9,0.2250,1.0000,8,6,6,0,0,6,6,0.0000
4,296.0000,31,8,464.6635,-83.2304,-0.2424,11,0.2750,0.8571,7,7,6,0,0,7,6,0.1429
4,296.0000,31,9,214.8459,-74.4966,-0.2108,31,0.7750,0.2000,5,4,0,0,0,4,0,1.0000
4,296.0000,31,10,301.8636,-79.0472,-0.4436,22,0.5500,0.8571,7,7,5,0,0,7,5,0.2857
4,296.0000,31,11,511.1253,-81.8581,0.6905,6,0.1500,1.0000,8,8,8,0,0,8,8,0.0000
4,296.0000,31,13,319.9271,-80.0601,-0.6761,22,0.5500,0.7842,139,8,7,133,107,141,114,0.1915
4,296.0000,31,14,121.7127,-73.2616,0.6648,39,0.9750,0.3333,6,5,1,0,0,5,1,0.8000
4,296.0000,31,15,855.9476,-88.2556,1.1499,4,0.1000,1.0000,4,4,4,0,0,4,4,0.0000
4,296.0000,31,16,474.8680,-81.6519,-1.0786,15,0.3750,0.7143,7,8,8,0,0,8,8,0.0000
4,296.0000,31,17,821.0645,-87.7029,-2.6517,3,0.0750,0.8000,5,4,4,0,0,4,4,0.0000
4,296.0000,31,21,614.5204,-84.7528,-0.3660,8,0.2000,1.0000,8,6,6,0,0,6,6,0.0000
4,296.0000,31,23,913.7178,-87.7633,0.0637,3,0.0750,1.0000,8,6,6,0,0,6,6,0.0000
4,296.0000,31,24,515.7498,-82.8074,0.4578,12,0.3000,0.8571,7,6,4,0,0,6,4,0.3333
4,296.0000,31,25,423.0392,-79.6334,-0.9323,11,0.2750,0.6667,6,8,7,0,0,8,7,0.1250
4,296.0000,31,27,740.5680,-87.7105,-1.2542,4,0.1000,1.0000,6,5,4,0,0,5,4,0.2000
4,296.0000,31,28,494.9005,-83.9721,0.2289,16,0.4000,0.7143,7,5,3,0,0,5,3,0.4000
4,296.0000,31,30,282.5984,-79.8422,0.6799,25,0.6250,0.7143,7,7,5,0,0,7,5,0.2857
4,296.0000,31,36,256.4773,-78.5608,0.2890,27,0.6750,0.7143,7,6,3,0,0,6,3,0.5000
4,296.0000,31,37,455.4705,-81.8485,-0.7181,11,0.2750,0.5714,7,7,6,0,0,7,6,0.1429
4,296.0000,31,38,296.0718,-79.1831,0.1962,29,0.7250,0.7500,8,7,6,0,0,7,6,0.1429
4,296.0000,31,39,501.6115,-84.2183,0.0882,16,0.4000,1.0000,8,8,8,0,0,8,8,0.0000
4,296.0000,31,40,650.9641,-85.6279,0.1658,11,0.2750,0.8571,7,7,6,0,0,7,6,0.1429
4,296.0000,31,42,896.3440,-88.5171,0.6242,5,0.1250,1.0000,2,6,6,0,0,6,6,0.0000
4,296.0000,31,43,621.5865,-86.7515,-1.8092,3,0.0750,0.6667,6,8,8,0,0,8,8,0.0000
4,296.0000,31,44,438.2496,-81.0524,-0.5903,17,0.4250,0.7500,8,8,6,2,2,10,8,0.2000
4,296.0000,31,46,233.6825,-78.0549,1.2555,30,0.7500,0.8571,7,6,2,0,0,6,2,0.6667
4,296.0000,31,47,674.5598,-83.8773,-0.1061,9,0.2250,1.0000,8,5,3,0,0,5,3,0.4000
4,296.0000,32,1,812.8672,-87.4074,0.7275,3,0.0750,1.0000,4,2,2,0,0,2,2,0.0000
4,296.0000,32,2,636.0522,-86.0236,0.2307,5,0.1250,1.0000,8,8,8,0,0,8,8,0.0000
4,296.0000,32,3,308.8528,-80.5108,0.2880,16,0.4000,0.8571,7,8,8,0,0,8,8,0.0000
4,296.0000,32,7,566.9623,-84.9724,0.0269,6,0.1500,1.0000,4,8,8,0,0,8,8,0.0000
4,296.0000,32,8,652.3090,-85.0480,4.9540,4,0.1000,1.0000,8,7,6,4,4,11,10,0.0909
4,296.0000,32,9,774.5392,-86.5135,0.3712,3,0.0750,1.0000,8,8,8,0,0,8,8,0.0000
4,296.0000,32,10,947.0316,-87.4045,2.1583,3,0.0750,1.0000,8,8,8,0,0,8,8,0.0000
4,296.0000,32,11,508.5927,-83.6162,0.0899,7,0.1750,1.0000,8,8,8,0,0,8,8,0.0000
4,296.0000,32,12,768.7384,-86.3903,1.1084,6,0.1500,1.0000,8,8,8,0,0,8,8,0.0000
4,296.0000,32,16,688.5988,-86.9826,-0.5009,7,0.1750,1.0000,8,8,8,0,0,8,8,0.0000
4,296.0000,32,20,348.9924,-80.5327,-0.1820,17,0.4250,0.8750,8,6,4,31,25,37,29,0.2162
4,296.0000,32,21,526.2098,-83.7733,1.1410,7,0.1750,0.8000,5,9,7,0,0,9,7,0.2222
4,296.0000,32,22,340.3055,-81.0140,-0.0609,21,0.5250,0.5714,7,7,6,0,0,7,6,0.1429
4,296.0000,32,23,342.7235,-80.3857,-1.0229,20,0.5000,0.8571,7,8,7,0,0,8,7,0.1250
4,296.0000,32,24,464.2066,-81.2735,-0.6580,18,0.4500,0.4000,5,8,8,0,0,8,8,0.0000
4,296.0000,32,25,502.3325,-84.0898,-0.7616,3,0.0750,1.0000,8,8,8,2,2,10,10,0.0000
4,296.0000,32,27,888.6502,-88.3534,3.1769,3,0.0750,1.0000,2,7,6,0,0,7,6,0.1429
4,296.0000,32,29,649.5777,-86.4697,0.1287,5,0.1250,1.0000,4,8,8,0,0,8,8,0.0000
4,296.0000,32,31,852.3357,-87.4479,-1.3369,3,0.0750,1.0000,4,4,4,0,0,4,4,0.0000
4,296.0000,32,33,590.7827,-85.2532,0.6340,4,0.1000,1.0000,6,8,8,0,0,8,8,0.0000
4,296.0000,32,35,838.4118,-87.4979,-2.0267,4,0.1000,1.0000,4,4,4,0,0,4,4,0.0000
4,296.0000,32,37,592.9794,-85.2776,-0.2861,5,0.1250,1.0000,8,8,7,0,0,8,7,0.1250
4,296.0000,32,41,798.8849,-87.3794,3.9729,3,0.0750,1.0000,8,8,8,0,0,8,8,0.0000
4,296.0000,32,42,1005.9629,-86.6179,-0.5670,3,0.0750,1.0000,4,4,4,0,0,4,4,0.0000
4,296.0000,32,47,876.0878,-86.7616,3.7030,4,0.1000,0.8750,8,6,6,0,0,6,6,0.0000
4,296.0000,33,2,427.4222,-80.8651,-0.2711,14,0.3500,1.0000,8,8,8,0,0,8,8,0.0000
4,296.0000,33,3,459.1864,-85.1618,-0.7161,8,0.2000,0.8571,7,8,8,0,0,8,8,0.0000
4,296.0000,33,5,505.6615,-84.5736,-0.0666,10,0.2500,0.8571,7,7,6,0,0,7,6,0.1429
4,296.0000,33,7,123.2510,-71.4745,-0.2870,39,0.9750,0.0000,4,4,0,0,0,4,0,1.0000
4,296.0000,33,8,670.7145,-85.2669,-0.1285,6,0.1500,1.0000,8,8,7,0,0,8,7,0.1250
4,296.0000,33,11,514.6302,-83.2207,-0.1519,8,0.2000,1.0000,8,7,6,0,0,7,6,0.1429
4,296.0000,33,12,454.1782,-82.3682,-0.4222,27,0.6750,1.0000,8,8,8,0,0,8,8,0.0000
4,296.0000,33,17,533.6734,-83.2125,-0.0474,8,0.2000,0.7143,7,8,8,0,0,8,8,0.0000
4,296.0000,33,18,582.0088,-83.8869,0.2316,14,0.3500,0.8571,7,8,8,0,0,8,8,0.0000
4,296.0000,33,20,478.0631,-83.1413,0.4114,8,0.2000,0.7143,7,6,3,0,0,6,3,0.5000
4,296.0000,33,21,772.0627,-87.4547,-1.3098,3,0.0750,1.0000,4,6,6,0,0,6,6,0.0000
4,296.0000,33,22,635.6283,-84.8126,1.3423,9,0.2250,0.8571,7,8,8,0,0,8,8,0.0000
4,296.0000,33,23,668.3484,-85.6778,-1.5565,8,0.2000,0.8000,5,6,5,0,0,6,5,0.1667
4,296.0000,33,24,914.0363,-86.4573,0.5327,3,0.0750,1.0000,6,6,6,0,0,6,6,0.0000
4,296.0000,33,25,657.3068,-85.5807,0.4417,3,0.0750,0.8000,5,8,8,0,0,8,8,0.0000
4,296.0000,33,26,418.9054,-80.4911,-0.7433,29,0.7250,0.6667,6,8,7,0,0,8,7,0.1250
4,296.0000,33,27,558.2590,-86.2666,-0.4107,5,0.1250,1.0000,8,7,4,0,0,7,4,0.4286
4,296.0000,33,29,168.5828,-73.4956,0.1931,38,0.9500,0.0000,4,4,0,0,0,4,0,1.0000
4,296.0000,33,32,590.7827,-86.1345,-0.1702,5,0.1250,1.0000,8,8,8,0,0,8,8,0.0000
4,296.0000,33,34,238.9335,-77.7566,0.2707,31,0.7750,0.4000,5,5,1,0,0,5,1,0.8000
4,296.0000,33,35,388.1432,-80.6340,-0.7552,33,0.8250,0.6667,6,8,8,0,0,8,8,0.0000
4,296.0000,33,37,585.7185,-85.6083,-0.9838,4,0.1000,0.8571,7,8,8,0,0,8,8,0.0000
4,296.0000,33,41,230.2138,-78.3378,0.6665,26,0.6500,0.3333,6,5,1,0,0,5,1,0.8000
4,296.0000,33,43,531.7828,-82.6574,0.2942,8,0.2000,1.0000,8,7,6,0,0,7,6,0.1429
4,296.0000,33,44,789.8017,-88.1244,0.4832,3,0.0750,1.0000,6,8,8,0,0,8,8,0.0000
4,296.0000,33,45,367.8885,-79.1683,-0.6209,32,0.8000,0.3333,6,8,5,0,0,8,5,0.3750
4,296.0000,34,2,462.8204,-82.8462,0.0308,12,0.3000,0.8750,8,8,7,0,0,8,7,0.1250
4,296.0000,34,3,622.7537,-85.4036,0.1060,4,0.1000,1.0000,6,7,6,0,0,7,6,0.1429
4,296.0000,34,5,299.2010,-79.9668,-0.1316,22,0.5500,0.6667,6,7,6,0,0,7,6,0.1429
4,296.0000,34,7,325.3438,-81.2924,0.5228,23,0.5750,0.6250,8,7,3,0,0,7,3,0.5714
4,296.0000,34,8,721.9048,-88.4445,0.2882,5,0.1250,1.0000,6,7,6,0,0,7,6,0.1429
4,296.0000,34,9,917.3441,-87.8921,-0.9395,3,0.0750,1.0000,8,6,6,0,0,6,6,0.0000
4,296.0000,34,10,936.5255,-88.8129,-0.7035,3,0.0750,1.0000,4,6,6,0,0,6,6,0.0000
4,296.0000,34,11,549.5276,-86.0165,1.2192,7,0.1750,1.0000,8,8,8,0,0,8,8,0.0000
4,296.0000,34,12,654.6917,-85.4135,-0.8621,12,0.3000,1.0000,8,10,9,0,0,10,9,0.1000
4,296.0000,34,14,1091.7057,-88.0319,0.5160,3,0.0750,1.0000,6,8,8,0,0,8,8,0.0000
4,296.0000,34,17,538.7114,-84.0685,0.3516,9,0.2250,0.6667,6,8,8,0,0,8,8,0.0000
4,296.0000,34,18,367.5592,-79.9868,0.5479,26,0.6500,0.7500,8,6,3,0,0,6,3,0.5000
4,296.0000,34,20,679.7987,-85.9607,-0.7743,7,0.1750,1.0000,8,6,4,0,0,6,4,0.3333
4,296.0000,34,22,839.3086,-87.7250,0.7849,4,0.1000,1.0000,8,8,8,0,0,8,8,0.0000
4,296.0000,34,23,869.5283,-88.7493,-0.2303,3,0.0750,1.0000,6,8,8,0,0,8,8,0.0000
4,296.0000,34,25,722.6215,-87.8427,-0.4950,4,0.1000,1.0000,8,8,8,0,0,8,8,0.0000
4,296.0000,34,26,515.4774,-82.7719,-0.4018,26,0.6500,0.5000,6,8,8,0,0,8,8,0.0000
4,296.0000,34,27,447.3748,-83.5356,-0.4646,13,0.3250,0.8571,7,7,6,0,0,7,6,0.1429
4,296.0000,34,29,356.3707,-80.7794,0.2921,19,0.4750,1.0000,6,9,8,0,0,9,8,0.1111
4,296.0000,34,31,1014.0854,-89.3160,0.1766,5,0.1250,,0,2,2,0,0,2,2,0.0000
4,296.0000,34,33,238.9335,-78.2937,0.0959,28,0.7000,0.3333,6,4,0,0,0,4,0,1.0000
4,296.0000,34,35,504.1963,-82.3514,-0.6666,24,0.6000,0.8571,7,8,8,0,0,8,8,0.0000
4,296.0000,34,37,563.1405,-83.9025,-0.3811,5,0.1250,1.0000,8,8,8,0,0,8,8,0.0000
4,296.0000,34,41,191.6223,-75.6317,0.0614,32,0.8000,0.0000,4,5,2,0,0,5,2,0.6000
4,296.0000,34,43,488.7125,-82.6979,0.9898,11,0.2750,1.0000,8,7,6,0,0,7,6,0.1429
4,296.0000,34,44,751.9242,-88.0201,0.8556,5,0.1250,1.0000,8,8,8,0,0,8,8,0.0000
4,296.0000,34,45,546.4163,-83.2887,0.2915,19,0.4750,0.8571,7,8,8,0,0,8,8,0.0000
4,296.0000,35,2,798.3736,-86.3902,-1.2290,3,0.0750,1.0000,8,8,8,0,0,8,8,0.0000
4,296.0000,35,3,774.2341,-86.0469,-0.1903,3,0.0750,1.0000,6,6,6,0,0,6,6,0.0000
4,296.0000,35,5,787.2364,-86.9848,1.1337,4,0.1000,1.0000,8,8,8,0,0,8,8,0.0000
4,296.0000,35,7,312.3325,-77.6858,-0.4447,25,0.6250,0.4000,5,5,2,0,0,5,2,0.6000
4,296.0000,35,8,1041.5996,-87.8148,0.7705,3,0.0750,1.0000,8,6,6,0,0,6,6,0.0000
4,296.0000,35,12,278.1818,-78.8746,0.1045,30,0.7500,0.3333,6,5,2,0,0,5,2,0.6000
4,296.0000,35,17,844.3114,-85.9420,-0.9214,4,0.1000,1.0000,8,8,8,0,0,8,8,0.0000
4,296.0000,35,18,784.5389,-86.2388,2.0016,3,0.0750,1.0000,8,8,8,0,0,8,8,0.0000
4,296.0000,35,20,731.7379,-87.8049,-0.9744,3,0.0750,0.8571,7,8,8,0,0,8,8,0.0000
4,296.0000,35,22,858.6577,-87.4915,0.3678,4,0.1000,1.0000,8,6,6,0,0,6,6,0.0000
4,296.0000,35,23,892.6285,-86.6309,0.4853,3,0.0750,1.0000,8,6,6,0,0,6,6,0.0000
4,296.0000,35,26,98.6091,-67.5209,-0.5251,36,0.9000,0.0000,4,4,0,0,0,4,0,1.0000
4,296.0000,35,27,897.5831,-86.7166,1.0861,4,0.1000,1.0000,8,8,8,0,0,8,8,0.0000
4,296.0000,35,29,231.5372,-75.0547,-0.4207,28,0.7000,0.0000,4,6,3,0,0,6,3,0.5000
4,296.0000,35,33,388.1432,-79.2203,-0.4520,15,0.3750,0.7143,7,8,8,0,0,8,8,0.0000
4,296.0000,35,34,504.1963,-82.4224,-1.0867,11,0.2750,0.7143,7,7,6,0,0,7,6,0.1429
4,296.0000,35,41,460.8509,-80.7768,-0.3029,14,0.3500,0.7500,8,8,7,0,0,8,7,0.1250
4,296.0000,35,45,262.8455,-78.3553,1.1615,23,0.5750,0.2500,4,7,3,0,0,7,3,0.5714
4,296.0000,36,0,796.2486,-85.4135,-0.4684,11,0.2750,1.0000,8,8,8,0,0,8,8,0.0000
4,296.0000,36,1,231.0545,-75.7620,-0.0116,27,0.6750,0.5000,6,6,4,0,0,6,4,0.3333
4,296.0000,36,2,767.3695,-88.4318,0.1320,3,0.0750,1.0000,8,8,8,0,0,8,8,0.0000
4,296.0000,36,4,588.5768,-84.3773,-0.4700,11,0.2750,1.0000,6,8,7,0,0,8,7,0.1250
4,296.0000,36,6,740.8584,-84.9609,0.5067,12,0.3000,1.0000,6,4,4,0,0,4,4,0.0000
4,296.0000,36,8,521.7040,-83.0844,-0.2772,4,0.1000,1.0000,6,7,6,0,0,7,6,0.1429
4,296.0000,36,9,272.6441,-76.8494,0.1332,23,0.5750,0.5000,6,7,6,0,0,7,6,0.1429
4,296.0000,36,10,273.8401,-80.2829,0.6071,22,0.5500,0.4000,5,4,0,0,0,4,0,1.0000
4,296.0000,36,11,663.4961,-86.6340,0.2980,4,0.1000,1.0000,8,8,8,0,0,8,8,0.0000
4,296.0000,36,13,227.4002,-74.8342,-0.7936,31,0.7750,0.0000,4,7,6,8,3,15,9,0.4000
4,296.0000,36,14,304.7800,-79.4742,-0.0011,23,0.5750,0.3333,6,8,7,0,0,8,7,0.1250
4,296.0000,36,15,839.8372,-86.9191,-0.4517,12,0.3000,1.0000,8,8,8,0,0,8,8,0.0000
4,296.0000,36,16,518.2568,-81.1924,-1.2140,12,0.3000,1.0000,8,8,8,0,0,8,8,0.0000
4,296.0000,36,17,858.8628,-88.1724,0.5633,3,0.0750,1.0000,6,8,8,0,0,8,8,0.0000
4,296.0000,36,19,931.2065,-87.3520,-0.4654,10,0.2500,1.0000,8,8,7,0,0,8,7,0.1250
4,296.0000,36,20,983.5252,-87.5753,-3.1179,3,0.0750,1.0000,8,6,6,0,0,6,6,0.0000
4,296.0000,36,21,655.7984,-85.4637,-1.7926,6,0.1500,1.0000,8,8,8,0,0,8,8,0.0000
4,296.0000,36,24,679.6149,-87.3995,-0.4451,3,0.0750,0.8750,8,8,8,0,0,8,8,0.0000
4,296.0000,36,25,553.9186,-84.7640,-1.6516,6,0.1500,0.8750,8,6,6,0,0,6,6,0.0000
4,296.0000,36,28,509.0100,-83.9105,0.0307,14,0.3500,0.8750,8,7,6,0,0,7,6,0.1429
4,296.0000,36,30,44.4968,-67.7082,2.9092,32,0.8000,0.1429,7,4,0,0,0,4,0,1.0000
4,296.0000,36,31,256.4773,-78.1776,-0.1054,27,0.6750,0.8571,7,6,3,0,0,6,3,0.5000
4,296.0000,36,37,642.0401,-88.0286,2.5972,3,0.0750,1.0000,8,8,8,0,0,8,8,0.0000
4,296.0000,36,38,215.5192,-76.6654,0.4446,33,0.8250,0.0000,5,4,0,0,0,4,0,1.0000
4,296.0000,36,39,453.1632,-82.3790,-0.1874,21,0.5250,0.6667,6,7,6,0,0,7,6,0.1429
4,296.0000,36,40,535.2732,-83.8120,-0.2574,16,0.4000,0.6667,6,8,8,0,0,8,8,0.0000
4,296.0000,36,42,884.6371,-86.8268,-0.6449,5,0.1250,,0,4,4,0,0,4,4,0.0000
4,296.0000,36,44,474.1853,-83.3442,-0.0831,12,0.3000,0.9091,22,7,6,0,0,7,6,0.1429
4,296.0000,36,46,172.5952,-73.2222,0.2287,34,0.8500,0.0000,4,5,1,0,0,5,1,0.8000
4,296.0000,36,47,737.2730,-86.2249,-1.1686,8,0.2000,0.8571,7,7,6,0,0,7,6,0.1429
4,296.0000,37,1,432.7988,-82.6823,0.5767,11,0.2750,1.0000,8,10,10,0,0,10,10,0.0000
4,296.0000,37,2,323.4335,-79.6689,1.4126,17,0.4250,0.8750,8,7,5,0,0,7,5,0.2857
4,296.0000,37,3,459.4047,-83.9932,0.6777,9,0.2250,0.8750,8,7,6,0,0,7,6,0.1429
4,296.0000,37,4,866.9482,-88.1815,1.4155,3,0.0750,1.0000,8,2,2,0,0,2,2,0.0000
4,296.0000,37,5,524.0960,-83.0014,-0.2848,14,0.3500,1.0000,8,8,7,0,0,8,7,0.1250
4,296.0000,37,7,671.2117,-85.6343,-0.3340,4,0.1000,0.8571,7,3,2,0,0,3,2,0.3333
4,296.0000,37,8,331.3226,-79.8097,0.5146,14,0.3500,0.8571,7,8,8,0,0,8,8,0.0000
4,296.0000,37,9,396.0463,-83.3113,0.7388,10,0.2500,0.8571,7,7,6,0,0,7,6,0.1429
4,296.0000,37,10,464.5479,-82.0520,0.1004,11,0.2750,0.6667,6,7,6,0,0,7,6,0.1429
4,296.0000,37,11,150.3136,-74.8398,1.3268,30,0.7500,0.5000,6,5,1,0,0,5,1,0.8000
4,296.0000,37,13,764.0155,-87.5096,0.5213,4,0.1000,1.0000,4,5,2,0,0,5,2,0.6000
4,296.0000,37,14,535.1525,-84.9703,1.3381,10,0.2500,0.8571,7,8,8,0,0,8,8,0.0000
4,296.0000,37,16,672.5622,-84.0586,-0.1536,8,0.2000,0.8571,7,3,2,0,0,3,2,0.3333
4,296.0000,37,17,532.3019,-82.6163,1.2022,9,0.2250,0.8750,8,7,6,0,0,7,6,0.1429
4,296.0000,37,18,705.8823,-83.6740,-0.2376,12,0.3000,1.0000,8,8,8,0,0,8,8,0.0000
4,296.0000,37,20,603.0040,-85.7601,0.1233,8,0.2000,0.8750,8,8,8,0,0,8,8,0.0000
4,296.0000,37,21,558.8738,-85.0001,-0.2925,9,0.2250,0.5000,4,5,4,0,0,5,4,0.2000
4,296.0000,37,22,706.0158,-87.2225,0.9670,4,0.1000,1.0000,8,8,8,0,0,8,8,0.0000
4,296.0000,37,23,717.6964,-86.2078,0.3872,4,0.1000,1.0000,6,4,4,0,0,4,4,0.0000
4,296.0000,37,24,550.4361,-85.3882,1.1510,8,0.2000,0.8571,7,8,8,0,0,8,8,0.0000
4,296.0000,37,25,268.6334,-79.9982,0.4933,16,0.4000,0.8571,7,5,2,0,0,5,2,0.6000
4,296.0000,37,27,411.2600,-79.8086,-0.2984,25,0.6250,0.6667,6,7,6,0,0,7,6,0.1429
4,296.0000,37,28,869.7499,-88.7054,-0.1804,3,0.0750,1.0000,8,4,4,0,0,4,4,0.0000
4,296.0000,37,29,748.8475,-87.2828,-1.0275,4,0.1000,1.0000,6,7,6,0,0,7,6,0.1429
4,296.0000,37,30,675.6664,-86.2448,0.4282,8,0.2000,1.0000,8,6,6,0,0,6,6,0.0000
4,296.0000,37,31,455.4705,-84.6352,0.7376,10,0.2500,0.6667,6,8,8,0,0,8,8,0.0000
4,296.0000,37,32,592.9794,-86.2976,1.8975,7,0.1750,1.0000,8,8,7,0,0,8,7,0.1250
4,296.0000,37,33,585.7185,-86.1992,0.1442,6,0.1500,0.6000,5,8,8,0,0,8,8,0.0000
4,296.0000,37,34,563.1405,-85.6359,0.0871,10,0.2500,1.0000,4,7,6,0,0,7,6,0.1429
4,296.0000,37,36,642.0401,-85.8835,-0.0745,5,0.1250,1.0000,4,8,8,0,0,8,8,0.0000
4,296.0000,37,38,735.8094,-87.0402,-0.7953,6,0.1500,1.0000,8,8,8,0,0,8,8,0.0000
4,296.0000,37,41,635.3317,-85.6630,-0.2835,9,0.2250,0.8571,7,8,7,0,0,8,7,0.1250
4,296.0000,37,43,297.2598,-78.3511,-0.2094,28,0.7000,0.4286,7,7,6,0,0,7,6,0.1429
4,296.0000,37,44,366.7209,-81.4037,0.7826,15,0.3750,1.0000,8,8,7,0,0,8,7,0.1250
4,296.0000,37,45,918.0412,-87.5913,0.7038,7,0.1750,1.0000,6,6,6,0,0,6,6,0.0000
4,296.0000,37,46,683.6922,-87.1580,1.0909,5,0.1250,0.8333,6,6,5,0,0,6,5,0.1667
4,296.0000,37,47,934.5289,-87.2756,-1.3065,3,0.0750,1.0000,8,8,8,0,0,8,8,0.0000
4,296.0000,38,0,802.7321,-87.1708,-0.0059,9,0.2250,0.8571,7,6,6,0,0,6,6,0.0000
4,296.0000,38,1,341.4095,-81.1043,-0.3839,13,0.3250,1.0000,8,6,3,0,0,6,3,0.5000
4,296.0000,38,4,722.0728,-86.9555,0.7951,4,0.1000,1.0000,6,8,8,0,0,8,8,0.0000
4,296.0000,38,6,699.5489,-86.5331,-0.5782,5,0.1250,1.0000,10,8,8,0,0,8,8,0.0000
4,296.0000,38,8,697.5546,-86.0504,0.2416,5,0.1250,1.0000,8,8,7,0,0,8,7,0.1250
4,296.0000,38,9,432.9105,-80.4630,-0.9091,14,0.3500,0.8750,8,8,7,0,0,8,7,0.1250
4,296.0000,38,10,416.1448,-83.4121,-0.9403,8,0.2000,0.6667,6,8,7,0,0,8,7,0.1250
4,296.0000,38,11,792.3846,-87.6356,0.0009,4,0.1000,1.0000,8,4,4,0,0,4,4,0.0000
4,296.0000,38,13,198.7427,-77.5633,0.7406,23,0.5750,0.5714,7,4,0,0,0,4,0,1.0000
4,296.0000,38,14,249.7034,-77.0365,-0.2922,27,0.6750,0.2000,5,6,3,0,0,6,3,0.5000
4,296.0000,38,15,773.6657,-86.7749,0.2554,6,0.1500,1.0000,4,8,8,0,0,8,8,0.0000
4,296.0000,38,16,629.4935,-85.5337,0.1403,7,0.1750,0.9545,22,8,8,0,0,8,8,0.0000
4,296.0000,38,17,1025.3101,-86.9991,-0.6223,3,0.0750,1.0000,6,2,2,0,0,2,2,0.0000
4,296.0000,38,19,810.4051,-86.8074,-0.1900,4,0.1000,1.0000,6,5,4,0,0,5,4,0.2000
4,296.0000,38,21,834.4599,-88.4745,-0.4869,5,0.1250,1.0000,4,4,4,0,0,4,4,0.0000
4,296.0000,38,24,754.7903,-86.6755,-0.8264,4,0.1000,1.0000,6,8,8,0,0,8,8,0.0000
4,296.0000,38,25,698.0053,-86.0119,0.9914,5,0.1250,1.0000,8,8,7,0,0,8,7,0.1250
4,296.0000,38,27,949.4641,-88.1842,-0.4013,4,0.1000,1.0000,2,6,6,0,0,6,6,0.0000
4,296.0000,38,28,488.7486,-83.4001,0.3867,13,0.3250,0.7143,7,7,6,0,0,7,6,0.1429
4,296.0000,38,30,189.4005,-73.7196,-0.0320,32,0.8000,0.6250,8,5,2,1,0,6,2,0.6667
4,296.0000,38,31,296.0718,-78.2565,0.5427,19,0.4750,0.5000,6,7,5,7,6,14,11,0.2143
4,296.0000,38,36,215.5192,-76.0879,0.5720,31,0.7750,0.0000,4,5,2,0,0,5,2,0.6000
4,296.0000,38,37,735.8094,-86.5219,0.6227,5,0.1250,1.0000,8,8,8,0,0,8,8,0.0000
4,296.0000,38,39,253.6612,-80.9519,0.6094,30,0.7500,0.4286,7,5,0,0,0,5,0,1.0000
4,296.0000,38,40,493.6406,-83.6518,0.7041,22,0.5500,1.0000,8,7,6,0,0,7,6,0.1429
4,296.0000,38,42,948.1939,-88.8040,1.4674,3,0.0750,1.0000,4,8,8,0,0,8,8,0.0000
4,296.0000,38,43,850.3156,-88.2841,0.4228,4,0.1000,1.0000,4,4,4,0,0,4,4,0.0000
4,296.0000,38,44,610.0264,-84.6856,-0.2012,7,0.1750,1.0000,16,8,8,0,0,8,8,0.0000
4,296.0000,38,46,86.5271,-71.5958,2.3074,33,0.8250,0.2000,5,4,0,1,0,5,0,1.0000
4,296.0000,38,47,754.1077,-86.5567,2.1037,7,0.1750,0.8750,8,8,8,0,0,8,8,0.0000
4,296.0000,39,0,758.1263,-85.3627,0.7413,8,0.2000,1.0000,6,4,4,0,0,4,4,0.0000
4,296.0000,39,1,564.0269,-84.9273,0.0770,11,0.2750,1.0000,8,8,8,0,0,8,8,0.0000
4,296.0000,39,6,642.9848,-85.8728,1.2756,4,0.1000,1.0000,8,8,8,0,0,8,8,0.0000
4,296.0000,39,9,668.3985,-87.8485,2.7223,3,0.0750,1.0000,8,8,8,0,0,8,8,0.0000
4,296.0000,39,13,312.5734,-80.2460,0.2113,16,0.4000,0.8571,7,8,5,0,0,8,5,0.3750
4,296.0000,39,14,414.3344,-82.8058,1.0317,13,0.3250,0.7143,7,7,6,0,0,7,6,0.1429
4,296.0000,39,15,655.8800,-85.0845,-0.4272,15,0.3750,1.0000,8,6,5,0,0,6,5,0.1667
4,296.0000,39,19,610.3042,-84.4236,0.4764,12,0.3000,1.0000,8,6,4,0,0,6,4,0.3333
4,296.0000,39,24,880.9453,-87.3202,0.8963,3,0.0750,1.0000,6,8,8,0,0,8,8,0.0000
4,296.0000,39,28,489.5719,-81.7954,0.2579,14,0.3500,0.8750,8,7,6,0,0,7,6,0.1429
4,296.0000,39,30,425.8045,-81.6805,0.3143,12,0.3000,0.8571,7,6,4,0,0,6,4,0.3333
4,296.0000,39,31,501.6115,-83.0868,-1.6431,6,0.1500,1.0000,8,8,8,0,0,8,8,0.0000
4,296.0000,39,36,453.1632,-82.1348,0.7055,9,0.2250,0.8750,8,7,6,0,0,7,6,0.1429
4,296.0000,39,38,253.6612,-79.3367,1.3687,22,0.5500,0.8571,7,5,1,0,0,5,1,0.8000
4,296.0000,39,40,431.9606,-81.7834,-0.6809,20,0.5000,0.7143,7,8,7,0,0,8,7,0.1250
4,296.0000,39,44,858.7004,-88.6504,-0.8070,3,0.0750,1.0000,6,6,6,0,0,6,6,0.0000
4,296.0000,39,46,301.9575,-79.0104,-0.9417,17,0.4250,0.5714,7,7,5,0,0,7,5,0.2857
4,296.0000,40,0,350.1878,-79.2064,-0.0633,30,0.7500,0.6000,5,6,2,0,0,6,2,0.6667
4,296.0000,40,6,443.9957,-82.0262,0.0996,9,0.2250,1.0000,8,6,4,0,0,6,4,0.3333
4,296.0000,40,13,339.9978,-80.2373,-0.0121,10,0.2500,0.9333,135,6,4,10,8,16,12,0.2500
4,296.0000,40,14,629.0011,-85.1425,1.0629,4,0.1000,1.0000,8,8,8,0,0,8,8,0.0000
4,296.0000,40,15,387.1072,-81.1058,0.2944,24,0.6000,0.8571,7,8,7,0,0,8,7,0.1250
4,296.0000,40,19,447.8685,-82.3748,-0.5808,21,0.5250,0.7500,8,7,6,0,0,7,6,0.1429
4,296.0000,40,28,319.3079,-79.9982,-0.5172,17,0.4250,0.4000,5,4,0,0,0,4,0,1.0000
4,296.0000,40,30,526.2569,-82.5541,-1.6745,5,0.1250,0.8571,7,7,6,0,0,7,6,0.1429
4,296.0000,40,36,535.2732,-84.9862,4.8047,3,0.0750,1.0000,20,8,8,133,131,141,139,0.0142
4,296.0000,40,38,493.6406,-85.0069,2.3513,3,0.0750,1.0000,8,8,7,0,0,8,7,0.1250
4,296.0000,40,39,431.9606,-81.4604,-0.1870,21,0.5250,0.8571,7,7,6,0,0,7,6,0.1429
4,296.0000,40,42,633.2080,-85.3467,0.2887,4,0.1000,1.0000,8,8,8,0,0,8,8,0.0000
4,296.0000,40,46,473.3905,-82.7186,-0.5450,9,0.2250,0.8750,8,8,8,0,0,8,8,0.0000
4,296.0000,40,47,556.4436,-84.3271,0.1298,5,0.1250,1.0000,8,8,8,0,0,8,8,0.0000
4,296.0000,41,2,430.6461,-82.2062,1.2565,6,0.1500,1.0000,8,7,6,0,0,7,6,0.1429
4,296.0000,41,3,615.4566,-84.9716,0.6515,6,0.1500,0.8571,7,8,8,0,0,8,8,0.0000
4,296.0000,41,5,373.0583,-81.1777,0.2143,18,0.4500,0.6667,6,8,7,0,0,8,7,0.1250
4,296.0000,41,7,330.9611,-81.5804,0.4741,18,0.4500,0.5000,6,8,7,0,0,8,7,0.1250
4,296.0000,41,8,704.8044,-87.2042,0.6606,4,0.1000,1.0000,8,8,8,0,0,8,8,0.0000
4,296.0000,41,11,586.1017,-86.1560,1.2060,4,0.1000,0.6667,6,7,6,0,0,7,6,0.1429
4,296.0000,41,12,566.9905,-84.2258,0.0127,12,0.3000,0.8750,8,8,8,0,0,8,8,0.0000
4,296.0000,41,17,435.6421,-81.9567,0.8003,13,0.3250,1.0000,8,7,6,0,0,7,6,0.1429
4,296.0000,41,18,397.1298,-80.4524,-0.2312,23,0.5750,0.6667,6,6,3,0,0,6,3,0.5000
4,296.0000,41,20,643.5116,-86.1798,-1.8431,6,0.1500,1.0000,8,7,6,0,0,7,6,0.1429
4,296.0000,41,22,810.3329,-87.3329,-0.8632,5,0.1250,1.0000,8,8,8,0,0,8,8,0.0000
4,296.0000,41,23,843.3986,-87.1629,-0.4203,5,0.1250,1.0000,6,6,6,0,0,6,6,0.0000
4,296.0000,41,25,744.3861,-88.3061,-3.5887,3,0.0750,1.0000,8,8,8,0,0,8,8,0.0000
4,296.0000,41,26,443.2437,-81.2226,-0.5089,20,0.5000,0.8571,7,7,5,0,0,7,5,0.2857
4,296.0000,41,27,445.6001,-85.1143,1.0817,10,0.2500,0.8571,7,8,8,0,0,8,8,0.0000
4,296.0000,41,29,317.6362,-80.6328,0.4799,24,0.6000,0.4000,5,8,6,0,0,8,6,0.2500
4,296.0000,41,32,798.8849,-87.6861,2.6359,3,0.0750,1.0000,2,8,8,0,0,8,8,0.0000
4,296.0000,41,33,230.2138,-78.6349,1.3174,28,0.7000,0.5000,6,4,0,0,0,4,0,1.0000
4,296.0000,41,34,191.6223,-74.9516,0.2792,32,0.8000,0.0000,4,4,0,0,0,4,0,1.0000
4,296.0000,41,35,460.8509,-82.3620,-1.0125,22,0.5500,0.8571,7,8,6,0,0,8,6,0.2500
4,296.0000,41,37,635.3317,-84.9442,0.7198,4,0.1000,1.0000,8,7,6,0,0,7,6,0.1429
4,296.0000,41,43,482.1254,-81.3354,-0.2430,13,0.3250,1.0000,8,8,8,0,0,8,8,0.0000
4,296.0000,41,44,750.8449,-84.8176,0.9596,3,0.0750,1.0000,6,7,5,0,0,7,5,0.2857
4,296.0000,41,45,427.1491,-81.6994,0.9753,18,0.4500,0.6667,6,6,3,0,0,6,3,0.5000
4,296.0000,42,0,372.0177,-81.3477,0.2933,15,0.3750,0.5000,6,4,0,0,0,4,0,1.0000
4,296.0000,42,4,386.8593,-80.8820,-1.2786,10,0.2500,0.7143,7,7,6,0,0,7,6,0.1429
4,296.0000,42,6,455.4577,-81.1228,-0.2871,11,0.2750,1.0000,8,7,5,0,0,7,5,0.2857
4,296.0000,42,15,543.4280,-84.2674,-0.2419,7,0.1750,1.0000,8,7,6,0,0,7,6,0.1429
4,296.0000,42,16,473.9067,-83.9012,-2.1477,3,0.0750,1.0000,8,8,8,0,0,8,8,0.0000
4,296.0000,42,19,889.8629,-85.1099,-0.9453,3,0.0750,1.0000,8,6,6,0,0,6,6,0.0000
4,296.0000,42,28,503.9368,-82.6382,-0.0183,10,0.2500,0.8750,8,8,8,0,0,8,8,0.0000
4,296.0000,42,40,633.2080,-84.3707,0.0545,6,0.1500,1.0000,8,8,7,0,0,8,7,0.1250
4,296.0000,42,47,330.3120,-80.1961,-1.2332,14,0.3500,0.7143,7,6,3,0,0,6,3,0.5000
4,296.0000,43,1,572.7956,-86.0535,0.5364,4,0.1000,1.0000,8,8,7,0,0,8,7,0.1250
4,296.0000,43,2,170.3586,-74.6846,0.3988,33,0.8250,0.4000,5,4,0,0,0,4,0,1.0000
4,296.0000,43,3,523.9925,-83.6926,0.2975,12,0.3000,1.0000,8,8,7,0,0,8,7,0.1250
4,296.0000,43,5,393.6173,-82.0926,0.2734,26,0.6500,0.8571,7,7,6,0,0,7,6,0.1429
4,296.0000,43,7,647.8357,-85.4839,-0.9295,12,0.3000,1.0000,6,7,6,0,0,7,6,0.1429
4,296.0000,43,8,316.5957,-79.9813,0.7505,12,0.3000,1.0000,8,7,4,0,0,7,4,0.4286
4,296.0000,43,9,489.4727,-82.8738,0.6263,4,0.1000,1.0000,8,8,8,0,0,8,8,0.0000
4,296.0000,43,10,464.3104,-81.8624,0.6949,12,0.3000,0.8571,7,7,6,0,0,7,6,0.1429
4,296.0000,43,11,282.3262,-78.5277,-0.5868,21,0.5250,0.4000,5,6,4,0,0,6,4,0.3333
4,296.0000,43,12,926.4713,-87.8745,-0.4037,6,0.1500,0.8750,8,8,8,0,0,8,8,0.0000
4,296.0000,43,14,715.5532,-86.8695,0.5854,6,0.1500,1.0000,8,8,8,0,0,8,8,0.0000
4,296.0000,43,16,838.7143,-86.9804,-1.1320,4,0.1000,,0,4,4,0,0,4,4,0.0000
4,296.0000,43,17,256.2210,-76.5148,-0.3095,31,0.7750,0.2000,5,7,6,0,0,7,6,0.1429
4,296.0000,43,18,539.6206,-83.0320,-0.5536,22,0.5500,0.8571,7,6,6,0,0,6,6,0.0000
4,296.0000,43,20,629.7905,-84.7673,0.4770,9,0.2250,0.8571,7,6,5,0,0,6,5,0.1667
4,296.0000,43,21,621.5716,-85.6368,1.7107,7,0.1750,1.0000,8,6,6,0,0,6,6,0.0000
4,296.0000,43,22,767.7547,-86.9909,-0.8405,7,0.1750,1.0000,8,6,6,0,0,6,6,0.0000
4,296.0000,43,23,787.8909,-86.4961,0.7247,5,0.1250,1.0000,6,6,6,0,0,6,6,0.0000
4,296.0000,43,24,788.6559,-87.7834,0.1168,3,0.0750,1.0000,6,8,8,0,0,8,8,0.0000
4,296.0000,43,25,410.7633,-82.5099,1.2992,7,0.1750,0.9000,10,8,8,0,0,8,8,0.0000
4,296.0000,43,26,903.5381,-86.9946,0.1865,8,0.2000,1.0000,8,6,6,0,0,6,6,0.0000
4,296.0000,43,27,170.2773,-74.8322,0.8676,34,0.8500,0.4286,7,4,0,0,0,4,0,1.0000
4,296.0000,43,29,692.1299,-85.9652,-0.1867,11,0.2750,0.8889,9,8,8,0,0,8,8,0.0000
4,296.0000,43,30,745.3249,-88.5951,-0.4392,5,0.1250,1.0000,6,6,6,0,0,6,6,0.0000
4,296.0000,43,31,621.5865,-85.0890,0.5004,7,0.1750,1.0000,6,6,5,0,0,6,5,0.1667
4,296.0000,43,32,761.8149,-86.7223,-0.9386,4,0.1000,0.0000,1,4,4,0,0,4,4,0.0000
4,296.0000,43,33,531.7828,-85.4486,-0.5694,10,0.2500,1.0000,8,7,6,0,0,7,6,0.1429
4,296.0000,43,34,488.7125,-81.6060,-0.0916,17,0.4250,1.0000,8,8,8,0,0,8,8,0.0000
4,296.0000,43,37,297.2598,-77.9905,-0.5164,27,0.6750,0.8571,7,8,8,0,0,8,8,0.0000
4,296.0000,43,41,482.1254,-82.9132,-0.8466,18,0.4500,0.8571,7,7,6,0,0,7,6,0.1429
4,296.0000,43,44,270.1456,-80.0919,1.4550,19,0.4750,0.5000,6,8,6,0,0,8,6,0.2500
4,296.0000,43,45,807.5743,-87.7778,-1.0335,8,0.2000,1.0000,4,4,4,0,0,4,4,0.0000
4,296.0000,44,1,388.7558,-80.4325,-0.2589,8,0.2000,1.0000,8,8,8,0,0,8,8,0.0000
4,296.0000,44,2,380.9346,-83.1888,0.1198,9,0.2250,1.0000,8,7,6,0,0,7,6,0.1429
4,296.0000,44,3,658.1721,-87.2852,-0.3488,4,0.1000,1.0000,4,6,6,0,0,6,6,0.0000
4,296.0000,44,5,609.9216,-85.7063,1.0754,10,0.2500,1.0000,8,8,8,0,0,8,8,0.0000
4,296.0000,44,7,899.8715,-86.8147,0.4215,3,0.0750,1.0000,4,6,6,0,0,6,6,0.0000
4,296.0000,44,8,289.7646,-79.6513,0.3298,13,0.3250,0.8571,7,4,0,0,0,4,0,1.0000
4,296.0000,44,9,313.3882,-78.3313,0.7973,13,0.3250,0.7143,7,7,5,0,0,7,5,0.2857
4,296.0000,44,10,204.7244,-70.9016,-2.6728,30,0.7500,0.0000,4,7,6,0,0,7,6,0.1429
4,296.0000,44,11,386.9250,-81.5083,0.3022,11,0.2750,1.0000,8,7,6,0,0,7,6,0.1429
4,296.0000,44,13,678.2559,-86.6372,-0.5654,5,0.1250,1.0000,6,5,4,0,0,5,4,0.2000
4,296.0000,44,14,529.4002,-82.9407,-0.3585,7,0.1750,1.0000,8,7,6,0,0,7,6,0.1429
4,296.0000,44,16,735.6141,-86.6048,-0.2818,5,0.1250,1.0000,4,4,3,0,0,4,3,0.2500
4,296.0000,44,17,428.7595,-83.0007,-0.2383,12,0.3000,1.0000,8,6,4,0,0,6,4,0.3333
4,296.0000,44,18,752.9882,-85.6825,0.0331,6,0.1500,1.0000,4,6,6,0,0,6,6,0.0000
4,296.0000,44,20,774.5286,-87.2758,0.2338,4,0.1000,1.0000,4,4,4,0,0,4,4,0.0000
4,296.0000,44,21,616.3313,-84.8690,-1.4152,5,0.1250,1.0000,6,6,6,0,0,6,6,0.0000
4,296.0000,44,23,887.7417,-88.2656,-0.2208,3,0.0750,1.0000,6,6,6,0,0,6,6,0.0000
4,296.0000,44,24,762.0602,-86.7145,0.5966,3,0.0750,1.0000,8,6,6,0,0,6,6,0.0000
4,296.0000,44,25,413.9383,-80.2650,-0.1449,10,0.2500,0.8750,8,8,8,0,0,8,8,0.0000
4,296.0000,44,27,366.4734,-79.8369,0.0488,19,0.4750,0.8750,8,8,7,0,0,8,7,0.1250
4,296.0000,44,28,895.0492,-87.8870,-1.0523,3,0.0750,1.0000,10,4,4,0,0,4,4,0.0000
4,296.0000,44,30,497.0879,-82.7596,-0.4692,9,0.2250,0.6667,6,8,8,0,0,8,8,0.0000
4,296.0000,44,31,438.2496,-81.7768,-0.9678,9,0.2250,0.7143,7,8,7,0,0,8,7,0.1250
4,296.0000,44,34,751.9242,-85.8104,0.6992,3,0.0750,1.0000,8,8,6,0,0,8,6,0.2500
4,296.0000,44,36,474.1853,-82.9819,-1.3299,9,0.2250,1.0000,8,8,8,0,0,8,8,0.0000
4,296.0000,44,37,366.7209,-79.5091,0.2509,16,0.4000,0.7143,7,7,6,0,0,7,6,0.1429
4,296.0000,44,38,610.0264,-83.9531,-0.6553,10,0.2500,1.0000,8,8,8,0,0,8,8,0.0000
4,296.0000,44,39,858.7004,-88.4629,-0.5363,3,0.0750,1.0000,8,6,6,0,0,6,6,0.0000
4,296.0000,44,43,270.1456,-80.4155,0.3512,17,0.4250,0.6667,6,4,0,0,0,4,0,1.0000
4,296.0000,44,46,581.1330,-84.5118,-0.5391,7,0.1750,1.0000,6,8,8,0,0,8,8,0.0000
4,296.0000,45,2,680.4047,-83.8400,-2.0064,3,0.0750,1.0000,8,8,8,0,0,8,8,0.0000
4,296.0000,45,3,654.7301,-86.1661,0.0306,4,0.1000,0.8750,8,8,8,0,0,8,8,0.0000
4,296.0000,45,5,797.7313,-86.4200,-0.3396,4,0.1000,1.0000,8,8,8,0,0,8,8,0.0000
4,296.0000,45,7,333.4308,-79.5949,-0.6807,28,0.7000,0.4000,5,7,5,0,0,7,5,0.2857
4,296.0000,45,12,165.6445,-75.6551,0.4872,39,0.9750,0.0000,4,5,1,0,0,5,1,0.8000
4,296.0000,45,17,694.9600,-86.2696,-0.9731,4,0.1000,0.8571,7,8,8,0,0,8,8,0.0000
4,296.0000,45,18,810.0813,-86.9392,-0.6426,5,0.1250,1.0000,8,6,6,0,0,6,6,0.0000
4,296.0000,45,20,585.0998,-85.6405,-1.0654,6,0.1500,0.8750,8,8,8,0,0,8,8,0.0000
4,296.0000,45,22,714.2035,-84.2187,-0.1550,5,0.1250,0.8571,7,8,8,0,0,8,8,0.0000
4,296.0000,45,23,749.6922,-86.5204,0.5277,4,0.1000,1.0000,6,8,8,0,0,8,8,0.0000
4,296.0000,45,25,922.1373,-87.7752,0.3507,3,0.0750,1.0000,2,4,4,0,0,4,4,0.0000
4,296.0000,45,26,246.9470,-78.2082,0.6570,36,0.9000,0.0000,4,4,0,0,0,4,0,1.0000
4,296.0000,45,27,830.1718,-87.0847,0.5763,6,0.1500,1.0000,8,8,8,0,0,8,8,0.0000
4,296.0000,45,29,243.7254,-76.8045,0.1540,29,0.7250,0.0000,4,6,3,0,0,6,3,0.5000
4,296.0000,45,33,367.8885,-79.4531,-0.7071,22,0.5500,0.7143,7,7,6,0,0,7,6,0.1429
4,296.0000,45,34,546.4163,-84.1427,0.2983,12,0.3000,1.0000,8,8,7,0,0,8,7,0.1250
4,296.0000,45,35,262.8455,-78.9612,0.6453,33,0.8250,0.3333,6,7,4,0,0,7,4,0.4286
4,296.0000,45,41,427.1491,-82.3044,-0.2876,13,0.3250,0.6667,6,8,8,0,0,8,8,0.0000
4,296.0000,46,0,758.6268,-86.5494,-0.1364,13,0.3333,1.0000,8,6,6,0,0,6,6,0.0000
4,296.0000,46,1,272.1796,-77.9189,-0.2613,25,0.6410,0.4000,5,7,5,0,0,7,5,0.2857
4,296.0000,46,4,646.0295,-86.3207,0.5209,6,0.1538,1.0000,8,8,8,0,0,8,8,0.0000
4,296.0000,46,6,646.8301,-84.3079,0.2896,12,0.3077,1.0000,6,4,4,0,0,4,4,0.0000
4,296.0000,46,9,368.2025,-81.0612,0.5217,14,0.3590,0.8571,7,9,7,0,0,9,7,0.2222
4,296.0000,46,10,389.4415,-83.0759,0.4652,14,0.3590,1.0000,8,7,6,0,0,7,6,0.1429
4,296.0000,46,11,731.2426,-87.2040,-0.5348,3,0.0769,1.0000,8,6,6,0,0,6,6,0.0000
4,296.0000,46,13,144.1478,-70.6793,-1.3638,36,0.9231,0.0000,4,4,0,0,0,4,0,1.0000
4,296.0000,46,14,206.9505,-77.5199,1.3507,29,0.7436,0.5714,7,4,0,16,3,20,3,0.8500
4,296.0000,46,15,741.2988,-86.4361,-0.4602,6,0.1538,1.0000,8,8,8,0,0,8,8,0.0000
4,296.0000,46,16,544.0466,-83.6433,0.5440,13,0.3333,0.5714,7,7,6,0,0,7,6,0.1429
4,296.0000,46,19,819.1078,-86.4046,-0.2761,7,0.1795,1.0000,8,4,4,0,0,4,4,0.0000
4,296.0000,46,21,754.9982,-87.0173,0.6394,4,0.1026,1.0000,8,8,8,0,0,8,8,0.0000
4,296.0000,46,24,672.0968,-86.8140,0.4692,4,0.1026,1.0000,8,8,8,0,0,8,8,0.0000
4,296.0000,46,25,626.0319,-86.6940,1.3921,3,0.0769,0.8571,7,8,8,0,0,8,8,0.0000
4,296.0000,46,28,428.3593,-81.7542,-0.8780,21,0.5385,0.8750,8,8,8,0,0,8,8,0.0000
4,296.0000,46,30,162.9947,-74.0026,0.2924,33,0.8462,0.0000,4,5,1,0,0,5,1,0.8000
4,296.0000,46,31,233.6825,-78.0230,1.1127,22,0.5641,0.0000,4,4,0,0,0,4,0,1.0000
4,296.0000,46,36,172.5952,-73.6306,0.5617,28,0.7179,0.3333,6,5,1,0,0,5,1,0.8000
4,296.0000,46,37,683.6922,-86.0276,2.2283,3,0.0769,1.0000,6,10,10,0,0,10,10,0.0000
4,296.0000,46,38,86.5271,-71.9623,2.2542,34,0.8718,0.0833,12,4,0,0,0,4,0,1.0000
4,296.0000,46,39,301.9575,-79.1289,0.5318,31,0.7949,0.5000,6,5,2,0,0,5,2,0.6000
4,296.0000,46,40,473.3905,-82.2672,0.0441,23,0.5897,0.6667,6,7,6,0,0,7,6,0.1429
4,296.0000,46,42,877.8346,-86.5132,0.2587,4,0.1026,0.8000,5,8,8,0,0,8,8,0.0000
4,296.0000,46,44,581.1330,-84.4330,-1.2180,9,0.2308,1.0000,8,8,8,0,0,8,8,0.0000
4,296.0000,46,47,682.8672,-84.5854,-0.3331,13,0.3333,0.7143,7,7,6,0,0,7,6,0.1429
4,296.0000,47,0,451.3734,-83.3579,-0.4266,22,0.5500,0.6667,6,7,4,0,0,7,4,0.4286
4,296.0000,47,1,674.5890,-84.6928,0.7050,5,0.1250,1.0000,8,6,6,0,0,6,6,0.0000
4,296.0000,47,4,450.9393,-80.6455,0.1341,12,0.3000,0.8750,8,8,7,0,0,8,7,0.1250
4,296.0000,47,6,220.7551,-74.4122,-0.9187,32,0.8000,0.0000,4,6,4,0,0,6,4,0.3333
4,296.0000,47,8,887.6580,-86.6099,-2.0676,3,0.0750,1.0000,8,7,6,0,0,7,6,0.1429
4,296.0000,47,10,916.0667,-86.8396,0.2116,3,0.0750,1.0000,8,6,6,0,0,6,6,0.0000
4,296.0000,47,11,918.8556,-87.3308,0.4384,3,0.0750,1.0000,6,4,4,0,0,4,4,0.0000
4,296.0000,47,13,580.5951,-82.6814,-0.2242,11,0.2750,0.8750,8,8,8,0,0,8,8,0.0000
4,296.0000,47,14,683.0584,-84.7091,-0.0603,6,0.1500,1.0000,8,8,8,0,0,8,8,0.0000
4,296.0000,47,15,438.4039,-83.8272,0.2333,23,0.5750,0.8571,7,5,1,0,0,5,1,0.8000
4,296.0000,47,16,359.1292,-80.7546,-1.6974,9,0.2250,0.6667,6,8,8,0,0,8,8,0.0000
4,296.0000,47,19,802.7045,-86.9052,-0.3965,9,0.2250,0.8750,8,8,8,0,0,8,8,0.0000
4,296.0000,47,21,725.8258,-84.7457,0.5536,5,0.1250,1.0000,6,8,8,0,0,8,8,0.0000
4,296.0000,47,23,904.9921,-88.6662,0.5043,3,0.0750,,0,6,6,0,0,6,6,0.0000
4,296.0000,47,24,445.7432,-82.7979,0.9867,9,0.2250,1.0000,8,6,4,0,0,6,4,0.3333
4,296.0000,47,25,761.0548,-86.9519,-0.9118,4,0.1000,1.0000,8,8,8,0,0,8,8,0.0000
4,296.0000,47,28,287.3546,-78.7111,-0.0087,27,0.6750,0.5714,7,7,6,0,0,7,6,0.1429
4,296.0000,47,30,760.9751,-85.7576,1.5603,3,0.0750,1.0000,8,8,8,0,0,8,8,0.0000
4,296.0000,47,31,674.5598,-83.7113,-0.5018,6,0.1500,0.8750,8,7,6,0,0,7,6,0.1429
4,296.0000,47,32,876.0878,-87.0369,-0.5087,3,0.0750,1.0000,6,4,4,0,0,4,4,0.0000
4,296.0000,47,36,737.2730,-85.3956,0.2819,7,0.1750,0.8750,8,8,8,0,0,8,8,0.0000
4,296.0000,47,37,934.5289,-87.9607,-0.3833,4,0.1000,1.0000,6,8,8,0,0,8,8,0.0000
4,296.0000,47,38,754.1077,-85.7552,0.0903,4,0.1000,1.0000,8,6,6,0,0,6,6,0.0000
4,296.0000,47,39,768.4621,-87.4289,-0.2225,5,0.1250,1.0000,8,4,4,0,0,4,4,0.0000
4,296.0000,47,40,556.4436,-84.3093,-0.2831,15,0.3750,0.5714,7,7,6,0,0,7,6,0.1429
4,296.0000,47,42,330.3120,-79.8848,0.4474,32,0.8000,0.3333,6,6,4,0,0,6,4,0.3333
4,296.0000,47,46,682.8672,-84.0924,-1.4249,9,0.2250,1.0000,8,8,8,0,0,8,8,0.0000
